CNT	TIME	TIME_TICK	FPOGX	FPOGY	FPOGS	FPOGD	FPOGID	FPOGV	LPOGX	LPOGY	LPOGV	RPOGX	RPOGY	RPOGV	BPOGX	BPOGY	BPOGV	LPCX	LPCY	LPD	LPS	LPV	RPCX	RPCY	RPD	RPS	RPV	LEYEX	LEYEY	LEYEZ	LPUPILD	LPUPILV	REYEX	REYEY	REYEZ	RPUPILD	RPUPILV	CX	CY	CS	USER
1225507	8267.05078	3303470105325	0.56020	0.56669	8266.95703	0.09375	10658	1	0.57353	0.49503	1	0.54824	0.61560	1	0.56088	0.55531	1	0.43345	0.55882	12.03419	1.05113	1	0.69654	0.57315	13.27203	1.04347	1	-0.01750	-0.01411	0.68640	0.00338	1	0.04899	-0.01597	0.65534	0.00323	1	1.45898	0.81042	0	0
1225508	8267.05762	3303470171989	0.56026	0.56613	8266.95703	0.10059	10658	1	0.57402	0.50000	1	0.54824	0.61560	1	0.56113	0.55780	1	0.43336	0.55866	11.76181	1.04347	1	0.69653	0.57320	13.21507	1.04347	1	-0.01750	-0.01411	0.68640	0.00340	1	0.05129	-0.01681	0.68540	0.00322	1	1.45898	0.81042	0	START_TRIAL
1225509	8267.06445	3303470238330	0.56007	0.56704	8266.95703	0.10742	10658	1	0.56668	0.53497	1	0.54738	0.62827	1	0.55703	0.58162	1	0.43339	0.55930	12.37448	1.04347	1	0.69652	0.57318	13.32751	1.05113	1	-0.01750	-0.01411	0.68640	0.00340	1	0.05129	-0.01681	0.68540	0.00320	1	1.45898	0.81042	0	
1225510	8267.07129	3303470305098	0.56062	0.56623	8266.95703	0.11426	10658	1	0.57738	0.51611	1	0.56259	0.58883	1	0.56999	0.55247	1	0.43354	0.55915	12.35066	1.05113	1	0.69667	0.57327	13.29165	1.05878	1	-0.01750	-0.01411	0.68640	0.00343	1	0.05129	-0.01681	0.68540	0.00319	1	1.45898	0.81042	0	
1225511	8267.07715	3303470371247	0.56112	0.56527	8266.95703	0.12012	10658	1	0.57691	0.51129	1	0.56349	0.58435	1	0.57020	0.54782	1	0.43316	0.55947	12.12436	1.05878	1	0.69664	0.57326	13.09291	1.06644	1	-0.01750	-0.01411	0.68640	0.00341	1	0.05129	-0.01681	0.68540	0.00320	1	1.45898	0.81042	0	
1225512	8267.08398	3303470437281	0.56075	0.56606	8266.95703	0.12695	10658	1	0.55555	0.54426	1	0.55178	0.61800	1	0.55367	0.58113	1	0.43306	0.55952	12.02129	1.06644	1	0.69653	0.57314	13.36937	1.06644	1	-0.01750	-0.01411	0.68640	0.00346	1	0.05129	-0.01681	0.68540	0.00320	1	1.45898	0.81042	0	
1225513	8267.09082	3303470505732	0.56166	0.56576	8266.95703	0.13379	10658	1	0.60982	0.53707	1	0.54979	0.58254	1	0.57980	0.55981	1	0.43317	0.55961	12.07924	1.06644	1	0.69618	0.57317	12.86944	1.06644	1	-0.01750	-0.01411	0.68640	0.00343	1	0.05129	-0.01681	0.68540	0.00323	1	1.45898	0.81042	0	
1225514	8267.09766	3303470572936	0.56246	0.56559	8266.95703	0.14062	10658	1	0.60982	0.53707	1	0.54898	0.58702	1	0.57940	0.56205	1	0.43235	0.55974	12.35110	1.06644	1	0.69508	0.57266	12.97765	1.05878	1	-0.01750	-0.01399	0.67847	0.00341	1	0.04895	-0.01607	0.65741	0.00314	1	1.45898	0.81042	0	
1225515	8267.10449	3303470638866	0.56279	0.56763	8266.95703	0.14746	10658	1	0.57636	0.59911	1	0.56347	0.62569	1	0.56991	0.61240	1	0.43107	0.56008	12.80655	1.05878	1	0.69479	0.57303	12.88537	1.05113	1	-0.01750	-0.01399	0.67847	0.00321	1	0.04895	-0.01607	0.65741	0.00333	1	1.45898	0.81042	0	
1225516	8267.11133	3303470705968	0.56423	0.56828	8266.95703	0.15430	10658	1	0.60629	0.57399	1	0.58859	0.59249	1	0.59744	0.58324	1	0.43082	0.55973	12.19225	1.05113	1	0.69437	0.57256	12.28165	1.04347	1	-0.01750	-0.01399	0.67847	0.00292	1	0.04895	-0.01607	0.65741	0.00319	1	1.45898	0.81042	0	
1225517	8267.11816	3303470772716	0.56554	0.56905	8266.95703	0.16113	10658	1	0.60657	0.57838	1	0.58749	0.59701	1	0.59703	0.58769	1	0.42754	0.56014	12.64842	1.04347	1	0.69056	0.57167	11.69682	1.03581	1	-0.01842	-0.01423	0.69012	0.00351	1	0.04837	-0.01611	0.65888	0.00378	1	1.45898	0.81042	0	
1225518	8267.12402	3303470838068	0.56099	0.56989	8266.95703	0.16699	10658	1	0.48344	0.59569	1	0.41065	0.58587	1	0.44705	0.59078	1	0.42764	0.56039	13.15784	1.03581	1	0.68991	0.57230	13.26768	1.03581	1	-0.01842	-0.01423	0.69012	0.00348	1	0.04837	-0.01611	0.65888	0.00331	1	1.45898	0.81042	0	
1225519	8267.13086	3303470906751	0.55664	0.57116	8266.95703	0.17383	10658	1	0.47364	0.62636	1	0.41366	0.58224	1	0.44365	0.60430	1	0.42744	0.56014	12.70847	1.03581	1	0.68996	0.57221	13.12907	1.03581	1	-0.01842	-0.01423	0.69012	0.00327	1	0.04837	-0.01611	0.65888	0.00325	1	1.45898	0.81042	0	
1225520	8267.13770	3303470976594	0.55260	0.57235	8266.95703	0.18066	10658	1	0.47364	0.62636	1	0.41366	0.58224	1	0.44365	0.60430	1	0.42683	0.56001	12.09506	1.03581	1	0.68915	0.57233	13.11138	1.03581	1	-0.01859	-0.01420	0.68866	0.00337	1	0.04788	-0.01601	0.65491	0.00325	1	1.45898	0.81042	0	
1225521	8267.14453	3303471043259	0.54719	0.57401	8266.95703	0.18750	10658	1	0.42907	0.64572	1	0.36223	0.59566	1	0.39565	0.62069	1	0.42666	0.56030	13.00271	1.03581	1	0.68915	0.57228	13.15336	1.03581	1	-0.01859	-0.01420	0.68866	0.00336	1	0.04788	-0.01601	0.65491	0.00327	1	1.45898	0.81042	0	
1225522	8267.15137	3303471110625	0.51418	0.58694	8266.95703	0.18750	10658	0	0.43178	0.59841	1	0.35366	0.57976	1	0.39272	0.58908	1	0.42679	0.55982	12.16911	1.03581	1	0.68898	0.57220	13.05694	1.03581	1	-0.01859	-0.01420	0.68866	0.00349	1	0.04788	-0.01601	0.65491	0.00324	1	1.45898	0.81042	0	
1225523	8267.15820	3303471177182	0.45345	0.58801	8266.95703	0.18750	10658	0	0.43178	0.59841	1	0.35366	0.57976	1	0.39272	0.58908	1	0.42658	0.56028	13.04056	1.03581	1	0.68905	0.57216	12.95057	1.03581	1	-0.01859	-0.01420	0.68866	0.00339	1	0.04788	-0.01601	0.65491	0.00329	1	1.45898	0.81042	0	
1225524	8267.16504	3303471243713	0.43875	0.59239	8266.95703	0.18750	10658	0	0.45264	0.64843	1	0.36609	0.55384	1	0.40937	0.60114	1	0.42676	0.56043	13.00419	1.03581	1	0.68908	0.57198	13.04117	1.03581	1	-0.01859	-0.01420	0.68866	0.00335	1	0.04788	-0.01601	0.65491	0.00313	1	1.45898	0.81042	0	
1225525	8267.17188	3303471310923	0.39975	0.59588	8266.95703	0.18750	10658	0	0.43939	0.65715	1	0.35496	0.53772	1	0.39717	0.59743	1	0.42652	0.56043	13.50354	1.03581	1	0.68902	0.57192	13.16993	1.03581	1	-0.01859	-0.01420	0.68866	0.00341	1	0.04788	-0.01601	0.65491	0.00315	1	1.45898	0.81042	0	
1225526	8267.17871	3303471378336	0.39832	0.59545	8266.95703	0.18750	10658	0	0.43939	0.65715	1	0.35438	0.53287	1	0.39689	0.59501	1	0.42663	0.56039	13.22422	1.03581	1	0.68907	0.57168	12.93401	1.04347	1	-0.01859	-0.01420	0.68866	0.00346	1	0.05004	-0.01665	0.68518	0.00326	1	1.45898	0.81042	0	
1225527	8267.18457	3303471445409	0.39848	0.58998	8266.95703	0.18750	10658	0	0.45294	0.63852	1	0.34464	0.51960	1	0.39879	0.57906	1	0.42670	0.56026	13.17491	1.04347	1	0.68889	0.57171	12.83709	1.05113	1	-0.01859	-0.01420	0.68866	0.00345	1	0.05004	-0.01665	0.68518	0.00325	1	1.45898	0.81042	0	
1225528	8267.19141	3303471512415	0.39814	0.58236	8267.17188	0.01953	10659	1	0.44281	0.59320	1	0.35142	0.52574	1	0.39711	0.55947	1	0.42661	0.55993	12.93464	1.05113	1	0.68899	0.57165	12.80675	1.05878	1	-0.01859	-0.01420	0.68866	0.00336	1	0.05004	-0.01665	0.68518	0.00323	1	1.45898	0.81042	0	
1225529	8267.19824	3303471579558	0.39774	0.57687	8267.17188	0.02637	10659	1	0.44145	0.58891	1	0.35083	0.52091	1	0.39614	0.55491	1	0.42655	0.55942	12.75220	1.05878	1	0.68911	0.57152	12.85162	1.06644	1	-0.01859	-0.01410	0.68866	0.00351	1	0.05004	-0.01655	0.68518	0.00325	1	1.45898	0.81042	0	
1225530	8267.20508	3303471644883	0.39924	0.56870	8267.17188	0.03320	10659	1	0.45433	0.56235	1	0.35917	0.49337	1	0.40675	0.52786	1	0.42697	0.55958	13.11955	1.06644	1	0.68923	0.57159	12.83478	1.06644	1	-0.01859	-0.01410	0.68866	0.00373	1	0.05004	-0.01655	0.68518	0.00336	1	1.45898	0.81042	0	
1225531	8267.21191	3303471712862	0.39777	0.56460	8267.17188	0.04004	10659	1	0.41491	0.57553	1	0.36301	0.50446	1	0.38896	0.53999	1	0.42630	0.55913	12.48382	1.06644	1	0.68886	0.57154	13.54014	1.06644	1	-0.01859	-0.01410	0.68866	0.00363	1	0.05004	-0.01655	0.68518	0.00330	1	1.45898	0.81042	0	
1225532	8267.21875	3303471779887	0.39652	0.56083	8267.17188	0.04688	10659	1	0.41311	0.57034	1	0.36241	0.49858	1	0.38776	0.53446	1	0.42677	0.55942	13.19450	1.07553	1	0.68849	0.57153	13.31665	1.07553	1	-0.01895	-0.01423	0.69992	0.00361	1	0.05004	-0.01655	0.68518	0.00348	1	1.45898	0.81042	0	
1225533	8267.22559	3303471846842	0.39614	0.56035	8267.17188	0.05371	10659	1	0.44982	0.59175	1	0.33640	0.52128	1	0.39311	0.55652	1	0.42677	0.55956	13.59224	1.08462	1	0.68876	0.57143	13.03020	1.08462	1	-0.01895	-0.01423	0.69992	0.00341	1	0.05004	-0.01655	0.68518	0.00335	1	1.45898	0.81042	0	
1225534	8267.23145	3303471913420	0.39514	0.55686	8267.17188	0.05957	10659	1	0.44033	0.56671	1	0.33184	0.48410	1	0.38609	0.52541	1	0.42667	0.55947	13.19630	1.09370	1	0.68864	0.57118	13.05073	1.09370	1	-0.01895	-0.01423	0.69992	0.00352	1	0.05004	-0.01655	0.68518	0.00347	1	1.45898	0.81042	0	
1225535	8267.23828	3303471980470	0.39420	0.55350	8267.17188	0.06641	10659	1	0.43876	0.56159	1	0.33102	0.47822	1	0.38489	0.51991	1	0.42675	0.55951	13.38983	1.10279	1	0.68888	0.57168	12.98524	1.10279	1	-0.01895	-0.01423	0.69992	0.00350	1	0.05004	-0.01655	0.68518	0.00330	1	1.45898	0.81042	0	
1225536	8267.24512	3303472047930	0.39507	0.55519	8267.17188	0.07324	10659	1	0.44999	0.58259	1	0.35911	0.56511	1	0.40455	0.57385	1	0.42684	0.55955	13.01782	1.10279	1	0.68911	0.57157	12.82115	1.10279	1	-0.01895	-0.01423	0.69992	0.00358	1	0.05004	-0.01655	0.68518	0.00333	1	1.45898	0.81042	0	
1225537	8267.25195	3303472114775	0.39404	0.55530	8267.17188	0.08008	10659	1	0.44493	0.56940	1	0.31843	0.54370	1	0.38168	0.55655	1	0.42675	0.55951	13.38983	1.10279	1	0.68866	0.57160	13.28449	1.10279	1	-0.01895	-0.01423	0.69992	0.00351	1	0.05004	-0.01655	0.68518	0.00332	1	1.45898	0.81042	0	
1225538	8267.25879	3303472182334	0.39315	0.55539	8267.17188	0.08691	10659	1	0.44493	0.56940	1	0.31843	0.54370	1	0.38168	0.55655	1	0.42678	0.55945	13.31014	1.10279	1	0.68865	0.57153	13.35846	1.10279	1	-0.01895	-0.01423	0.69992	0.00353	1	0.04938	-0.01628	0.67614	0.00333	1	1.45898	0.81042	0	
1225539	8267.26562	3303472249303	0.39316	0.55597	8267.17188	0.09375	10659	1	0.45026	0.57774	1	0.33624	0.55054	1	0.39325	0.56414	1	0.42686	0.55944	13.19188	1.10279	1	0.68887	0.57142	13.40960	1.10279	1	-0.01895	-0.01423	0.69992	0.00358	1	0.04938	-0.01628	0.67614	0.00333	1	1.45898	0.81042	0	
1225540	8267.27246	3303472315799	0.39247	0.55641	8267.17188	0.10059	10659	1	0.43036	0.57881	1	0.33391	0.54727	1	0.38213	0.56304	1	0.42663	0.55947	13.39043	1.10279	1	0.68876	0.57137	13.10918	1.10279	1	-0.01895	-0.01423	0.69992	0.00346	1	0.04938	-0.01628	0.67614	0.00329	1	1.45898	0.81042	0	
1225541	8267.27832	3303472382676	0.39194	0.55711	8267.17188	0.10645	10659	1	0.43199	0.58379	1	0.33472	0.55258	1	0.38335	0.56819	1	0.42691	0.55949	13.26401	1.09370	1	0.68898	0.57132	12.90655	1.09370	1	-0.01890	-0.01415	0.69620	0.00357	1	0.04938	-0.01628	0.67614	0.00331	1	1.45898	0.81042	0	
1225542	8267.28516	3303472450056	0.39225	0.55669	8267.17188	0.11328	10659	1	0.45519	0.58412	1	0.34000	0.51502	1	0.39760	0.54957	1	0.42690	0.55948	13.14298	1.08462	1	0.68890	0.57090	13.58711	1.08462	1	-0.01890	-0.01415	0.69620	0.00358	1	0.04938	-0.01628	0.67614	0.00318	1	1.45898	0.81042	0	
1225543	8267.29199	3303472516847	0.39334	0.55584	8267.17188	0.12012	10659	1	0.45692	0.57693	1	0.36900	0.50434	1	0.41296	0.54063	1	0.42684	0.55944	13.14607	1.07553	1	0.68885	0.57082	13.35607	1.07553	1	-0.01890	-0.01415	0.69620	0.00356	1	0.04938	-0.01628	0.67614	0.00328	1	1.45898	0.81042	0	
1225544	8267.29883	3303472584080	0.39437	0.55536	8267.17188	0.12695	10659	1	0.45839	0.58204	1	0.36954	0.51017	1	0.41396	0.54611	1	0.42614	0.55899	12.30261	1.06644	1	0.68887	0.57079	13.48340	1.06644	1	-0.01890	-0.01415	0.69620	0.00345	1	0.05004	-0.01644	0.68518	0.00328	1	1.45898	0.81042	0	
1225545	8267.30566	3303472648882	0.39407	0.55546	8267.17188	0.13379	10659	1	0.40628	0.59842	1	0.36975	0.51668	1	0.38801	0.55755	1	0.42605	0.55897	12.40191	1.06644	1	0.68892	0.57064	13.27952	1.06644	1	-0.01890	-0.01415	0.69620	0.00348	1	0.05004	-0.01644	0.68518	0.00329	1	1.45898	0.81042	0	
1225546	8267.31250	3303472716664	0.39489	0.55520	8267.17188	0.14062	10659	1	0.45567	0.55643	1	0.36860	0.54300	1	0.41213	0.54972	1	0.42611	0.55868	12.31978	1.06644	1	0.68849	0.57059	13.51476	1.06644	1	-0.01890	-0.01415	0.69620	0.00329	1	0.05004	-0.01644	0.68518	0.00335	1	1.45898	0.81042	0	
1225547	8267.31934	3303472786472	0.39569	0.55527	8267.17188	0.14746	10659	1	0.45698	0.56114	1	0.36955	0.55258	1	0.41326	0.55686	1	0.42404	0.55800	13.26979	1.05843	1	0.68728	0.56957	13.70427	1.05077	1	-0.01817	-0.01322	0.66028	0.00346	1	0.04864	-0.01591	0.66938	0.00383	1	1.45898	0.81042	0	
1225548	8267.32617	3303472853021	0.39378	0.55379	8267.17188	0.15430	10659	1	0.37766	0.53350	1	0.32214	0.50615	1	0.34990	0.51982	1	0.42402	0.55763	13.37889	1.04275	1	0.68640	0.56951	13.53494	1.03509	1	-0.01817	-0.01322	0.66028	0.00360	1	0.04864	-0.01591	0.66938	0.00345	1	1.45898	0.81042	0	
1225549	8267.33203	3303472919095	0.39241	0.55320	8267.17188	0.16016	10659	1	0.37782	0.54113	1	0.34098	0.53656	1	0.35940	0.53884	1	0.42392	0.55713	13.22660	1.02708	1	0.68630	0.56930	13.12187	1.01942	1	-0.01817	-0.01322	0.66028	0.00346	1	0.04864	-0.01591	0.66938	0.00339	1	1.45898	0.81042	0	
1225550	8267.33887	3303472986092	0.39122	0.55293	8267.17188	0.16699	10659	1	0.38154	0.55096	1	0.34170	0.54172	1	0.36162	0.54634	1	0.42326	0.55723	12.76476	1.01140	1	0.68554	0.56912	13.49946	1.01140	1	-0.01841	-0.01320	0.66164	0.00381	1	0.04884	-0.01590	0.67714	0.00361	1	1.45898	0.81042	0	
1225551	8267.34570	3303473052566	0.38805	0.55262	8267.17188	0.17383	10659	1	0.32829	0.53173	1	0.28279	0.55701	1	0.30554	0.54437	1	0.42311	0.55685	12.71180	1.01140	1	0.68537	0.56908	13.77052	1.01906	1	-0.01841	-0.01320	0.66164	0.00380	1	0.04884	-0.01590	0.67714	0.00363	1	1.45898	0.81042	0	
1225552	8267.35254	3303473119929	0.38593	0.55236	8267.17188	0.18066	10659	1	0.35834	0.55579	1	0.29893	0.53527	1	0.32864	0.54553	1	0.42317	0.55661	12.98871	1.01906	1	0.68560	0.56886	13.27778	1.02672	1	-0.01841	-0.01320	0.66164	0.00369	1	0.04884	-0.01590	0.67714	0.00365	1	1.45898	0.81042	0	
1225553	8267.35938	3303473186435	0.38390	0.55196	8267.17188	0.18750	10659	1	0.35638	0.55105	1	0.29795	0.53038	1	0.32716	0.54072	1	0.42306	0.55742	12.70468	1.02672	1	0.68514	0.56875	13.74606	1.03438	1	-0.01841	-0.01310	0.66164	0.00379	1	0.04884	-0.01590	0.67714	0.00374	1	1.45898	0.81042	0	
1225554	8267.36621	3303473253156	0.38071	0.55130	8267.17188	0.19434	10659	1	0.33390	0.57686	1	0.24242	0.48752	1	0.28816	0.53219	1	0.42282	0.55692	12.70787	1.03438	1	0.68498	0.56838	13.67124	1.03438	1	-0.01841	-0.01310	0.66164	0.00369	1	0.04884	-0.01590	0.67714	0.00355	1	1.45898	0.81042	0	
1225555	8267.37207	3303473320452	0.37885	0.55017	8267.17188	0.20020	10659	1	0.35292	0.53781	1	0.29310	0.49487	1	0.32301	0.51634	1	0.42282	0.55655	13.06444	1.03438	1	0.68517	0.56840	13.36189	1.03438	1	-0.01841	-0.01310	0.66164	0.00368	1	0.04884	-0.01590	0.67714	0.00358	1	1.45898	0.81042	0	
1225556	8267.37891	3303473387839	0.34819	0.53829	8267.17188	0.20020	10659	0	0.35086	0.53278	1	0.29204	0.48949	1	0.32145	0.51113	1	0.42230	0.55583	12.83165	1.04239	1	0.68462	0.56729	13.01153	1.04239	1	-0.01910	-0.01345	0.68472	0.00391	1	0.04884	-0.01579	0.67714	0.00382	1	1.45898	0.81042	0	
1225557	8267.38574	3303473454466	0.32425	0.52111	8267.17188	0.20020	10659	0	0.31820	0.57818	1	0.28241	0.42967	1	0.30030	0.50393	1	0.42229	0.55657	12.62977	1.05041	1	0.68466	0.56726	12.99203	1.05041	1	-0.01910	-0.01345	0.68472	0.00390	1	0.04884	-0.01579	0.67714	0.00381	1	1.45898	0.81042	0	
1225558	8267.39258	3303473521874	0.32089	0.52310	8267.17188	0.20020	10659	0	0.33912	0.57994	1	0.28926	0.47425	1	0.31419	0.52709	1	0.42237	0.55627	12.91076	1.05843	1	0.68474	0.56744	13.18265	1.05843	1	-0.01910	-0.01345	0.68472	0.00369	1	0.04884	-0.01579	0.67714	0.00364	1	1.45898	0.81042	0	
1225559	8267.39941	3303473588689	0.31882	0.52285	8267.37891	0.02051	10660	1	0.33700	0.57534	1	0.28819	0.46884	1	0.31260	0.52209	1	0.42201	0.55601	13.13781	1.06644	1	0.68429	0.56754	13.54158	1.06644	1	-0.01896	-0.01306	0.67247	0.00369	1	0.04918	-0.01582	0.68468	0.00379	1	1.45898	0.81042	0	
1225560	8267.40625	3303473654956	0.31562	0.51920	8267.37891	0.02734	10660	1	0.32748	0.51018	1	0.27812	0.49898	1	0.30280	0.50458	1	0.42168	0.55563	12.74400	1.06644	1	0.68431	0.56727	13.73482	1.06644	1	-0.01896	-0.01306	0.67247	0.00379	1	0.04918	-0.01582	0.68468	0.00359	1	1.45898	0.81042	0	
1225561	8267.41309	3303473722523	0.31503	0.51559	8267.37891	0.03418	10660	1	0.34316	0.52722	1	0.28102	0.46786	1	0.31209	0.49754	1	0.42160	0.55510	12.71984	1.06644	1	0.68389	0.56637	13.21940	1.06644	1	-0.01896	-0.01306	0.67247	0.00368	1	0.04918	-0.01582	0.68468	0.00367	1	1.45898	0.81042	0	
1225562	8267.41895	3303473789401	0.31484	0.51375	8267.37891	0.04004	10660	1	0.34522	0.53219	1	0.28214	0.47327	1	0.31368	0.50273	1	0.41986	0.55270	11.48928	1.05843	1	0.68325	0.56634	13.07362	1.05843	1	-0.01867	-0.01250	0.65365	0.00265	1	0.04864	-0.01550	0.67998	0.00390	1	1.45898	0.81042	0	
1225563	8267.42578	3303473855887	0.31496	0.51603	8267.37891	0.04688	10660	1	0.33914	0.53738	1	0.29258	0.52656	1	0.31586	0.53197	1	0.42068	0.55428	13.12460	1.05041	1	0.68333	0.56586	13.35858	1.05041	1	-0.01867	-0.01250	0.65365	0.00369	1	0.04864	-0.01550	0.67998	0.00355	1	1.45898	0.81042	0	
1225564	8267.43262	3303473923503	0.31729	0.51836	8267.37891	0.05371	10660	1	0.36281	0.56137	1	0.30898	0.51273	1	0.33589	0.53705	1	0.42074	0.55378	12.25374	1.04239	1	0.68309	0.56575	13.51186	1.04239	1	-0.01867	-0.01250	0.65365	0.00368	1	0.04864	-0.01550	0.67998	0.00328	1	1.45898	0.81042	0	
1225565	8267.43945	3303473990695	0.31919	0.52048	8267.37891	0.06055	10660	1	0.36281	0.56137	1	0.30988	0.51771	1	0.33634	0.53954	1	0.41861	0.55121	11.85826	1.04239	1	0.68243	0.56495	13.19149	1.03473	1	-0.01965	-0.01262	0.67552	0.00270	1	0.04697	-0.01470	0.66008	0.00373	1	1.45898	0.81042	0	
1225566	8267.44629	3303474057021	0.31777	0.52054	8267.37891	0.06738	10660	1	0.32893	0.54210	1	0.27802	0.50024	1	0.30348	0.52117	1	0.41931	0.55311	13.26914	1.04275	1	0.68218	0.56414	13.32535	1.03509	1	-0.01965	-0.01262	0.67552	0.00365	1	0.04697	-0.01470	0.66008	0.00366	1	1.45898	0.81042	0	
1225567	8267.45312	3303474124243	0.31851	0.52337	8267.37891	0.07422	10660	1	0.36087	0.57664	1	0.29243	0.53240	1	0.32665	0.55452	1	0.41936	0.55263	13.40179	1.04311	1	0.68208	0.56392	13.48905	1.03545	1	-0.01965	-0.01262	0.67552	0.00346	1	0.04697	-0.01470	0.66008	0.00332	1	1.45898	0.81042	0	
1225568	8267.45898	3303474189721	0.31904	0.52536	8267.37891	0.08008	10660	1	0.36078	0.57643	1	0.29020	0.52180	1	0.32549	0.54912	1	0.41785	0.54972	11.44301	1.04347	1	0.68168	0.56286	13.60639	1.05215	1	-0.02002	-0.01241	0.68099	0.00266	1	0.04974	-0.01525	0.70339	0.00351	1	1.45898	0.81042	0	
1225569	8267.46582	3303474255273	0.31817	0.52476	8267.37891	0.08691	10660	1	0.33129	0.54151	1	0.28223	0.49261	1	0.30676	0.51706	1	0.41864	0.55128	12.73721	1.05215	1	0.68123	0.56246	13.28376	1.06849	1	-0.02002	-0.01241	0.68099	0.00357	1	0.04974	-0.01525	0.70339	0.00359	1	1.45898	0.81042	0	
1225570	8267.47266	3303474322957	0.31966	0.52427	8267.37891	0.09375	10660	1	0.37922	0.54894	1	0.30203	0.48589	1	0.34062	0.51742	1	0.41866	0.55110	12.61362	1.06849	1	0.68147	0.56183	12.99393	1.08483	1	-0.02002	-0.01241	0.68099	0.00362	1	0.04974	-0.01525	0.70339	0.00337	1	1.45898	0.81042	0	
1225571	8267.47949	3303474389241	0.32088	0.52352	8267.37891	0.10059	10660	1	0.37733	0.54398	1	0.30104	0.48050	1	0.33919	0.51224	1	0.41743	0.55101	12.59875	1.07681	1	0.68083	0.56133	13.49955	1.09315	1	-0.01953	-0.01171	0.65595	0.00385	1	0.05008	-0.01499	0.71125	0.00363	1	1.45898	0.81042	0	
1225572	8267.48633	3303474456428	0.32036	0.52322	8267.37891	0.10742	10660	1	0.33710	0.55734	1	0.28672	0.47948	1	0.31191	0.51841	1	0.41765	0.55030	12.62998	1.08513	1	0.68052	0.56067	13.48892	1.08513	1	-0.01953	-0.01171	0.65595	0.00370	1	0.05008	-0.01499	0.71125	0.00353	1	1.45898	0.81042	0	
1225573	8267.49316	3303474524603	0.32107	0.52264	8267.37891	0.11426	10660	1	0.38272	0.52267	1	0.28380	0.50298	1	0.33326	0.51283	1	0.41795	0.54996	12.70479	1.07712	1	0.68040	0.55996	13.47142	1.07712	1	-0.01953	-0.01171	0.65595	0.00371	1	0.05008	-0.01499	0.71125	0.00331	1	1.45898	0.81042	0	
1225574	8267.50000	3303474591172	0.32177	0.52240	8267.37891	0.12109	10660	1	0.38272	0.52267	1	0.28602	0.51339	1	0.33437	0.51803	1	0.41675	0.54997	12.71336	1.07712	1	0.68003	0.55918	12.65124	1.06078	1	-0.01972	-0.01148	0.65416	0.00373	1	0.04668	-0.01365	0.66443	0.00382	1	1.45898	0.81042	0	
1225575	8267.50586	3303474657540	0.32098	0.52343	8267.37891	0.12695	10660	1	0.33554	0.53927	1	0.27636	0.54659	1	0.30595	0.54293	1	0.41678	0.54949	12.51019	1.06879	1	0.67993	0.55931	12.61286	1.05245	1	-0.01972	-0.01148	0.65416	0.00395	1	0.04668	-0.01365	0.66443	0.00363	1	1.45898	0.81042	0	
1225576	8267.51270	3303474725007	0.32110	0.52351	8267.37891	0.13379	10660	1	0.36599	0.56580	1	0.28101	0.48471	1	0.32350	0.52526	1	0.41692	0.54923	12.58871	1.06047	1	0.67992	0.55858	12.70876	1.04413	1	-0.01972	-0.01148	0.65416	0.00353	1	0.04668	-0.01365	0.66443	0.00349	1	1.45898	0.81042	0	
1225577	8267.51953	3303474792559	0.32126	0.52371	8267.37891	0.14062	10660	1	0.36800	0.57067	1	0.28111	0.48516	1	0.32455	0.52791	1	0.41610	0.54905	12.98810	1.05215	1	0.67919	0.55758	12.86066	1.04347	1	-0.02035	-0.01164	0.67167	0.00369	1	0.04706	-0.01356	0.67191	0.00387	1	1.45898	0.81042	0	
1225578	8267.52637	3303474860336	0.32050	0.52187	8267.37891	0.14746	10660	1	0.34215	0.54989	1	0.26568	0.41296	1	0.30392	0.48143	1	0.41628	0.54897	13.19939	1.04347	1	0.67928	0.55733	12.79281	1.05113	1	-0.02035	-0.01164	0.67167	0.00368	1	0.04706	-0.01356	0.67191	0.00387	1	1.45898	0.81042	0	
1225579	8267.53320	3303474928463	0.32007	0.52099	8267.37891	0.15430	10660	1	0.33517	0.55646	1	0.28522	0.44491	1	0.31019	0.50069	1	0.41633	0.54893	13.14193	1.05113	1	0.67960	0.55777	13.01960	1.05878	1	-0.02035	-0.01164	0.67167	0.00372	1	0.04706	-0.01356	0.67191	0.00388	1	1.45898	0.81042	0	
1225580	8267.54004	3303474994556	0.31962	0.51998	8267.37891	0.16113	10660	1	0.33311	0.55186	1	0.28417	0.43954	1	0.30864	0.49570	1	0.41611	0.54860	12.49960	1.05878	1	0.67930	0.55767	12.90819	1.06644	1	-0.02064	-0.01170	0.67806	0.00378	1	0.04706	-0.01356	0.67191	0.00372	1	1.45898	0.81042	0	
1225581	8267.54688	3303475062260	0.31843	0.51996	8267.37891	0.16797	10660	1	0.31818	0.55546	1	0.25954	0.48356	1	0.28886	0.51951	1	0.41609	0.54905	12.28919	1.06644	1	0.67923	0.55771	12.91813	1.06644	1	-0.02064	-0.01170	0.67806	0.00389	1	0.04706	-0.01356	0.67191	0.00367	1	1.45898	0.81042	0	
1225582	8267.55371	3303475129014	0.31687	0.51901	8267.37891	0.17480	10660	1	0.29552	0.51705	1	0.25702	0.47173	1	0.27627	0.49439	1	0.41581	0.54864	12.12253	1.06644	1	0.67924	0.55757	12.97089	1.06644	1	-0.02064	-0.01170	0.67806	0.00410	1	0.04706	-0.01356	0.67191	0.00356	1	1.45898	0.81042	0	
1225583	8267.56055	3303475196091	0.31549	0.51832	8267.37891	0.18164	10660	1	0.29790	0.52211	1	0.25832	0.47710	1	0.27811	0.49960	1	0.41598	0.54942	12.54006	1.05843	1	0.67926	0.55779	13.07488	1.05843	1	-0.02010	-0.01141	0.65874	0.00371	1	0.04706	-0.01356	0.67191	0.00347	1	1.45898	0.81042	0	
1225584	8267.56641	3303475262513	0.31450	0.51868	8267.37891	0.18750	10660	1	0.31137	0.55148	1	0.26230	0.50599	1	0.28684	0.52874	1	0.41586	0.54948	12.71554	1.05041	1	0.67920	0.55837	13.27875	1.05041	1	-0.02010	-0.01141	0.65874	0.00374	1	0.04706	-0.01356	0.67191	0.00369	1	1.45898	0.81042	0	
1225585	8267.57324	3303475329671	0.31262	0.51541	8267.37891	0.19434	10660	1	0.27965	0.33629	1	0.23636	0.50467	1	0.25800	0.42048	1	0.41533	0.54684	11.21008	1.04239	1	0.67918	0.55832	13.35344	1.04239	1	-0.02010	-0.01141	0.65874	0.00275	1	0.04706	-0.01356	0.67191	0.00359	1	1.45898	0.81042	0	
1225586	8267.58008	3303475397229	0.31092	0.51254	8267.37891	0.20117	10660	1	0.28212	0.34289	1	0.23785	0.50991	1	0.25998	0.42640	1	0.41730	0.54965	12.58562	1.03438	1	0.68030	0.55902	12.67423	1.03438	1	-0.02009	-0.01172	0.66499	0.00346	1	0.04782	-0.01387	0.67986	0.00336	1	1.45898	0.81042	0	
1225587	8267.58691	3303475464483	0.31134	0.51213	8267.37891	0.20801	10660	1	0.34794	0.51786	1	0.30059	0.48095	1	0.32426	0.49941	1	0.41727	0.54998	11.94369	1.03438	1	0.68103	0.55895	13.17377	1.03438	1	-0.02009	-0.01172	0.66499	0.00354	1	0.04782	-0.01387	0.67986	0.00380	1	1.45898	0.81042	0	
1225588	8267.59375	3303475530462	0.31130	0.51357	8267.37891	0.21484	10660	1	0.33324	0.63721	1	0.28676	0.48237	1	0.31000	0.55979	1	0.41769	0.55166	11.63947	1.03438	1	0.68114	0.55963	12.75412	1.03438	1	-0.02009	-0.01172	0.66499	0.00382	1	0.04782	-0.01387	0.67986	0.00351	1	1.45898	0.81042	0	
1225589	8267.60059	3303475597772	0.31121	0.51479	8267.37891	0.22168	10660	1	0.33101	0.63295	1	0.28565	0.47690	1	0.30833	0.55492	1	0.41938	0.55182	12.42173	1.04239	1	0.68205	0.56030	12.53451	1.04239	1	-0.02033	-0.01228	0.68484	0.00338	1	0.04639	-0.01364	0.65679	0.00322	1	1.45898	0.81042	0	
1225590	8267.60645	3303475664477	0.31280	0.51630	8267.37891	0.22754	10660	1	0.41185	0.60285	1	0.32189	0.53249	1	0.36687	0.56767	1	0.41918	0.55201	13.07277	1.05041	1	0.68217	0.56115	12.66910	1.05041	1	-0.02033	-0.01228	0.68484	0.00336	1	0.04639	-0.01364	0.65679	0.00330	1	1.45898	0.81042	0	
1225591	8267.61328	3303475731955	0.31409	0.51872	8267.37891	0.23438	10660	1	0.39040	0.66205	1	0.32812	0.54478	1	0.35926	0.60341	1	0.41881	0.55261	12.59651	1.05843	1	0.68234	0.56125	11.76977	1.05843	1	-0.02033	-0.01228	0.68484	0.00355	1	0.04639	-0.01364	0.65679	0.00336	1	1.45898	0.81042	0	
1225592	8267.62012	3303475798328	0.31528	0.52089	8267.37891	0.24121	10660	1	0.38861	0.65809	1	0.32733	0.53988	1	0.35797	0.59899	1	0.41920	0.55272	12.65163	1.06644	1	0.68276	0.56144	12.51237	1.06644	1	-0.02033	-0.01248	0.68483	0.00342	1	0.04639	-0.01384	0.65679	0.00312	1	1.45898	0.81042	0	
1225593	8267.62695	3303475865859	0.31667	0.52214	8267.37891	0.24805	10660	1	0.38936	0.58501	1	0.34687	0.55190	1	0.36811	0.56845	1	0.41888	0.55266	12.27844	1.06644	1	0.68264	0.56180	12.29036	1.06644	1	-0.02033	-0.01248	0.68483	0.00327	1	0.04639	-0.01384	0.65679	0.00333	1	1.45898	0.81042	0	
1225594	8267.63379	3303475932919	0.31830	0.52286	8267.37891	0.25488	10660	1	0.39755	0.59321	1	0.36319	0.50729	1	0.38037	0.55025	1	0.41893	0.55310	12.25825	1.06644	1	0.68282	0.56173	12.27841	1.06644	1	-0.02033	-0.01248	0.68483	0.00335	1	0.04639	-0.01384	0.65679	0.00339	1	1.45898	0.81042	0	
1225595	8267.64062	3303476000165	0.31986	0.52366	8267.37891	0.26172	10660	1	0.39755	0.59321	1	0.36413	0.51661	1	0.38084	0.55491	1	0.41963	0.55391	12.63948	1.06644	1	0.68273	0.56206	12.01816	1.05198	1	-0.02024	-0.01268	0.68179	0.00334	1	0.04563	-0.01378	0.64467	0.00319	1	1.45898	0.81042	0	
1225596	8267.64746	3303476066877	0.32096	0.52551	8267.37891	0.26855	10660	1	0.39062	0.61456	1	0.33911	0.58409	1	0.36486	0.59932	1	0.41877	0.55406	12.45802	1.05198	1	0.68258	0.56262	12.44508	1.03751	1	-0.02024	-0.01268	0.68179	0.00331	1	0.04563	-0.01378	0.64467	0.00333	1	1.45898	0.81042	0	
1225597	8267.65430	3303476134070	0.34648	0.55588	8267.37891	0.26855	10660	0	0.40344	0.61186	1	0.35047	0.56216	1	0.37695	0.58701	1	0.41885	0.55440	12.47608	1.03751	1	0.68255	0.56273	12.22729	1.02304	1	-0.02024	-0.01268	0.68179	0.00347	1	0.04563	-0.01378	0.64467	0.00341	1	1.45898	0.81042	0	
1225598	8267.66016	3303476200058	0.36250	0.57344	8267.37891	0.26855	10660	0	0.40655	0.61984	1	0.35047	0.56216	1	0.37851	0.59100	1	0.41952	0.55507	12.88689	1.02304	1	0.68273	0.56315	12.51121	1.02304	1	-0.02010	-0.01274	0.67697	0.00331	1	0.04822	-0.01471	0.68122	0.00331	1	1.45898	0.81042	0	
1225599	8267.66699	3303476267552	0.36826	0.58872	8267.37891	0.26855	10660	0	0.40858	0.65902	1	0.35097	0.57953	1	0.37977	0.61927	1	0.41893	0.55540	12.57800	1.02304	1	0.68255	0.56358	12.45710	1.03751	1	-0.02010	-0.01274	0.67697	0.00349	1	0.04822	-0.01471	0.68122	0.00334	1	1.45898	0.81042	0	
1225600	8267.67383	3303476332629	0.36764	0.58855	8267.65430	0.01953	10661	1	0.41372	0.59622	1	0.31785	0.57985	1	0.36578	0.58804	1	0.41916	0.55538	12.66188	1.03751	1	0.68253	0.56366	12.31768	1.05198	1	-0.02010	-0.01274	0.67697	0.00337	1	0.04822	-0.01471	0.68122	0.00353	1	1.45898	0.81042	0	
1225601	8267.68066	3303476399034	0.36690	0.58723	8267.65430	0.02637	10661	1	0.41075	0.58803	1	0.31711	0.57589	1	0.36393	0.58196	1	0.41970	0.55595	12.43127	1.05198	1	0.68305	0.56398	12.35628	1.05878	1	-0.02010	-0.01305	0.67697	0.00320	1	0.04644	-0.01425	0.65539	0.00325	1	1.45898	0.81042	0	
1225602	8267.68750	3303476467213	0.36905	0.58080	8267.65430	0.03320	10661	1	0.40916	0.59111	1	0.35042	0.50625	1	0.37979	0.54868	1	0.41983	0.55641	12.58722	1.05878	1	0.68307	0.56378	11.13232	1.05113	1	-0.02010	-0.01305	0.67697	0.00328	1	0.04644	-0.01425	0.65539	0.00344	1	1.45898	0.81042	0	
1225603	8267.69434	3303476534189	0.36767	0.58069	8267.65430	0.04004	10661	1	0.38277	0.62240	1	0.33604	0.53754	1	0.35940	0.57997	1	0.41936	0.55676	12.06082	1.05113	1	0.68278	0.56442	11.28749	1.04347	1	-0.02010	-0.01305	0.67697	0.00348	1	0.04644	-0.01425	0.65539	0.00375	1	1.45898	0.81042	0	
1225604	8267.70020	3303476600570	0.36674	0.58085	8267.65430	0.04590	10661	1	0.38453	0.62650	1	0.33604	0.53754	1	0.36028	0.58202	1	0.41971	0.55713	12.41810	1.04347	1	0.68341	0.56485	11.65123	1.04347	1	-0.02014	-0.01344	0.68159	0.00318	1	0.04881	-0.01522	0.68806	0.00341	1	1.45898	0.81042	0	
1225605	8267.70703	3303476669545	0.36991	0.57863	8267.65430	0.05273	10661	1	0.40740	0.59569	1	0.38304	0.52598	1	0.39522	0.56083	1	0.41979	0.55780	12.66698	1.04347	1	0.68356	0.56532	11.69434	1.05113	1	-0.02014	-0.01344	0.68159	0.00332	1	0.04881	-0.01522	0.68806	0.00369	1	1.45898	0.81042	0	
1225606	8267.71387	3303476736553	0.37049	0.57437	8267.65430	0.05957	10661	1	0.40512	0.59501	1	0.34634	0.47714	1	0.37573	0.53607	1	0.41982	0.55827	12.50934	1.05113	1	0.68293	0.56543	11.83442	1.05878	1	-0.02014	-0.01344	0.68159	0.00346	1	0.04881	-0.01522	0.68806	0.00365	1	1.45898	0.81042	0	
1225607	8267.72070	3303476804079	0.37087	0.57046	8267.65430	0.06641	10661	1	0.40351	0.59071	1	0.34572	0.47196	1	0.37462	0.53134	1	0.41978	0.55908	11.85997	1.05878	1	0.68317	0.56657	12.52307	1.06644	1	-0.02014	-0.01380	0.68159	0.00333	1	0.04772	-0.01524	0.67270	0.00303	1	1.45898	0.81042	0	
1225608	8267.72754	3303476870650	0.37094	0.56929	8267.65430	0.07324	10661	1	0.38856	0.61870	1	0.35490	0.49421	1	0.37173	0.55646	1	0.41958	0.55960	12.42279	1.06644	1	0.68313	0.56710	11.55227	1.06644	1	-0.02014	-0.01380	0.68159	0.00339	1	0.04772	-0.01524	0.67270	0.00378	1	1.45898	0.81042	0	
1225609	8267.73438	3303476937685	0.37031	0.56934	8267.65430	0.08008	10661	1	0.37019	0.58923	1	0.35526	0.55045	1	0.36272	0.56984	1	0.41927	0.56025	11.62758	1.06644	1	0.68311	0.56807	11.27892	1.06644	1	-0.02014	-0.01380	0.68159	0.00383	1	0.04772	-0.01524	0.67270	0.00369	1	1.45898	0.81042	0	
1225610	8267.74121	3303477004662	0.36985	0.56970	8267.65430	0.08691	10661	1	0.37209	0.59372	1	0.35584	0.55529	1	0.36396	0.57450	1	0.41987	0.56113	11.97638	1.05843	1	0.68321	0.56863	11.62183	1.05843	1	-0.01961	-0.01393	0.66564	0.00324	1	0.04772	-0.01574	0.67270	0.00315	1	1.45898	0.81042	0	
1225611	8267.74805	3303477071147	0.36945	0.56796	8267.65430	0.09375	10661	1	0.39667	0.58162	1	0.33087	0.50546	1	0.36377	0.54354	1	0.41970	0.56161	12.68019	1.05041	1	0.68262	0.56941	12.48276	1.05041	1	-0.01961	-0.01393	0.66564	0.00323	1	0.04772	-0.01574	0.67270	0.00350	1	1.45898	0.81042	0	
1225612	8267.75391	3303477138270	0.37047	0.56729	8267.65430	0.09961	10661	1	0.40425	0.57973	1	0.36739	0.53463	1	0.38582	0.55718	1	0.41936	0.56189	12.24582	1.04239	1	0.68254	0.56972	12.00120	1.04239	1	-0.01961	-0.01393	0.66564	0.00341	1	0.04772	-0.01574	0.67270	0.00364	1	1.45898	0.81042	0	
1225613	8267.76074	3303477205613	0.37137	0.56669	8267.65430	0.10645	10661	1	0.40425	0.57973	1	0.36739	0.53463	1	0.38582	0.55718	1	0.41821	0.56215	11.69421	1.04239	1	0.68141	0.57022	12.70294	1.04239	1	-0.02017	-0.01450	0.67592	0.00355	1	0.04782	-0.01632	0.67986	0.00346	1	1.45898	0.81042	0	
1225614	8267.76758	3303477272796	0.36827	0.56538	8267.65430	0.11328	10661	1	0.31863	0.59825	1	0.31247	0.48796	1	0.31555	0.54310	1	0.41771	0.56308	12.12607	1.05041	1	0.68041	0.57077	12.41124	1.05041	1	-0.02017	-0.01450	0.67592	0.00360	1	0.04782	-0.01632	0.67986	0.00371	1	1.45898	0.81042	0	
1225615	8267.77441	3303477339406	0.36560	0.55569	8267.65430	0.12012	10661	1	0.29756	0.31476	1	0.33761	0.44791	1	0.31758	0.38133	1	0.41647	0.56038	10.29507	1.05843	1	0.68050	0.57096	12.64174	1.05843	1	-0.02017	-0.01450	0.67592	0.00253	1	0.04782	-0.01632	0.67986	0.00356	1	1.45898	0.81042	0	
1225616	8267.78125	3303477406350	0.36323	0.54723	8267.65430	0.12695	10661	1	0.29756	0.31476	1	0.33889	0.45807	1	0.31822	0.38642	1	0.41672	0.56329	11.95067	1.05843	1	0.67902	0.57180	13.18651	1.04396	1	-0.02037	-0.01483	0.67731	0.00339	1	0.04443	-0.01550	0.63584	0.00333	1	1.45898	0.81042	0	
1225617	8267.78809	3303477473751	0.35002	0.51096	8267.65430	0.12695	10661	0	0.26204	0.30075	1	0.26735	0.48838	1	0.26469	0.39457	1	0.41584	0.56148	10.44686	1.03594	1	0.67882	0.57228	12.58108	1.02148	1	-0.02037	-0.01483	0.67731	0.00249	1	0.04443	-0.01550	0.63584	0.00379	1	1.45898	0.81042	0	
1225618	8267.79492	3303477540417	0.31097	0.43395	8267.65430	0.12695	10661	0	0.26299	0.29697	1	0.28085	0.41691	1	0.27192	0.35694	1	0.41572	0.56166	10.02741	1.01346	1	0.67899	0.57210	12.56424	0.99899	1	-0.02037	-0.01483	0.67731	0.00260	1	0.04443	-0.01550	0.63584	0.00379	1	1.45898	0.81042	0	
1225619	8267.80176	3303477607904	0.29939	0.41263	8267.65430	0.12695	10661	0	0.27042	0.31692	1	0.28204	0.42309	1	0.27623	0.37000	1	0.41680	0.56570	12.67078	0.99097	1	0.67910	0.57334	12.46871	0.99097	1	-0.02037	-0.01514	0.67731	0.00358	1	0.04740	-0.01693	0.67979	0.00355	1	1.45898	0.81042	0	
1225620	8267.80762	3303477674480	0.27843	0.38688	8267.65430	0.12695	10661	0	0.28581	0.37497	1	0.28848	0.49243	1	0.28714	0.43370	1	0.41568	0.56313	10.67590	0.99097	1	0.67876	0.57359	12.95924	1.00544	1	-0.02037	-0.01514	0.67731	0.00267	1	0.04740	-0.01693	0.67979	0.00363	1	1.45898	0.81042	0	
1225621	8267.81445	3303477739286	0.27773	0.39943	8267.65430	0.12695	10661	0	0.26015	0.34690	1	0.29389	0.47705	1	0.27702	0.41197	1	0.41565	0.56328	10.38212	1.00544	1	0.67879	0.57387	12.96674	1.01991	1	-0.02037	-0.01514	0.67731	0.00252	1	0.04740	-0.01693	0.67979	0.00359	1	1.45898	0.81042	0	
1225622	8267.82129	3303477809092	0.27668	0.40157	8267.65430	0.12695	10661	0	0.25529	0.33468	1	0.29389	0.47705	1	0.27459	0.40586	1	0.41557	0.56394	10.32150	1.01991	1	0.67833	0.57420	13.10351	1.01991	1	-0.02009	-0.01506	0.66499	0.00257	1	0.04358	-0.01564	0.62630	0.00354	1	1.45898	0.81042	0	
1225623	8267.82812	3303477875388	0.27615	0.41797	8267.80762	0.02051	10662	1	0.25985	0.40223	1	0.28926	0.53211	1	0.27455	0.46717	1	0.41540	0.56388	10.58036	1.01991	1	0.67839	0.57398	12.61414	1.00544	1	-0.02009	-0.01506	0.66499	0.00250	1	0.04358	-0.01564	0.62630	0.00361	1	1.45898	0.81042	0	
1225624	8267.83496	3303477942363	0.28127	0.43351	8267.80762	0.02734	10662	1	0.29126	0.40901	1	0.31229	0.58236	1	0.30177	0.49568	1	0.41537	0.56388	10.68578	1.00544	1	0.67833	0.57387	12.67717	0.99097	1	-0.02009	-0.01506	0.66499	0.00243	1	0.04358	-0.01564	0.62630	0.00356	1	1.45898	0.81042	0	
1225625	8267.84180	3303478008984	0.28507	0.44482	8267.80762	0.03418	10662	1	0.29580	0.42028	1	0.31229	0.58236	1	0.30404	0.50132	1	0.41493	0.56373	10.84047	0.99097	1	0.67765	0.57339	12.65221	0.99097	1	-0.01994	-0.01488	0.65678	0.00247	1	0.04678	-0.01677	0.67368	0.00350	1	1.45898	0.81042	0	
1225626	8267.84766	3303478076202	0.28928	0.45964	8267.80762	0.04004	10662	1	0.33640	0.60098	1	0.29264	0.49615	1	0.31452	0.54857	1	0.41596	0.56574	11.98310	0.99097	1	0.67773	0.57314	12.76446	1.00544	1	-0.01994	-0.01488	0.65678	0.00382	1	0.04678	-0.01677	0.67368	0.00350	1	1.45898	0.81042	0	
1225627	8267.85449	3303478143338	0.29463	0.47438	8267.80762	0.04688	10662	1	0.36050	0.64233	1	0.30377	0.51290	1	0.33213	0.57761	1	0.41620	0.56581	12.75550	1.00544	1	0.67758	0.57239	12.23826	1.01991	1	-0.01994	-0.01488	0.65678	0.00349	1	0.04678	-0.01677	0.67368	0.00346	1	1.45898	0.81042	0	
1225628	8267.86133	3303478208670	0.29826	0.48403	8267.80762	0.05371	10662	1	0.35463	0.63018	1	0.29989	0.49222	1	0.32726	0.56120	1	0.41434	0.56285	10.62886	1.02793	1	0.67680	0.57230	12.72537	1.05107	1	-0.02083	-0.01512	0.68091	0.00247	1	0.04816	-0.01703	0.69884	0.00369	1	1.45898	0.81042	0	
1225629	8267.86816	3303478272213	0.29959	0.49159	8267.80762	0.06055	10662	1	0.32931	0.63972	1	0.29393	0.47962	1	0.31162	0.55967	1	0.41543	0.56505	11.99453	1.05909	1	0.67658	0.57139	12.86183	1.06777	1	-0.02083	-0.01512	0.68091	0.00367	1	0.04816	-0.01703	0.69884	0.00361	1	1.45898	0.81042	0	
1225630	8267.87500	3303478345357	0.30257	0.49707	8267.80762	0.06738	10662	1	0.35693	0.58072	1	0.30776	0.52300	1	0.33234	0.55186	1	0.41523	0.56420	11.76976	1.07579	1	0.67655	0.57106	12.74120	1.08447	1	-0.02083	-0.01512	0.68091	0.00356	1	0.04816	-0.01703	0.69884	0.00332	1	1.45898	0.81042	0	
1225631	8267.88086	3303478407842	0.30496	0.50144	8267.80762	0.07324	10662	1	0.35480	0.57583	1	0.30776	0.52300	1	0.33128	0.54942	1	0.41360	0.56085	10.40561	1.08447	1	0.67553	0.56940	12.45394	1.08447	1	-0.02017	-0.01417	0.65149	0.00244	1	0.04733	-0.01642	0.69067	0.00402	1	1.45898	0.81042	0	
1225632	8267.88770	3303478476084	0.30413	0.50381	8267.80762	0.08008	10662	1	0.31245	0.58457	1	0.27589	0.48000	1	0.29417	0.53228	1	0.41456	0.56260	12.12208	1.07645	1	0.67520	0.56940	13.08949	1.06777	1	-0.02017	-0.01417	0.65149	0.00350	1	0.04733	-0.01642	0.69067	0.00335	1	1.45898	0.81042	0	
1225633	8267.89453	3303478542486	0.30585	0.50706	8267.80762	0.08691	10662	1	0.35127	0.56870	1	0.30492	0.52997	1	0.32810	0.54933	1	0.41431	0.56202	11.66420	1.05976	1	0.67522	0.56903	13.05618	1.05107	1	-0.02017	-0.01417	0.65149	0.00364	1	0.04733	-0.01642	0.69067	0.00327	1	1.45898	0.81042	0	
1225634	8267.90137	3303478609678	0.31516	0.53759	8267.80762	0.08691	10662	0	0.35348	0.57376	1	0.30688	0.54024	1	0.33018	0.55700	1	0.41259	0.55891	10.47285	1.05107	1	0.67463	0.56788	12.63424	1.03473	1	-0.02151	-0.01446	0.68630	0.00237	1	0.04501	-0.01516	0.66039	0.00373	1	1.45898	0.81042	0	
1225635	8267.90820	3303478675540	0.32867	0.54768	8267.80762	0.08691	10662	0	0.38204	0.58439	1	0.30232	0.53113	1	0.34218	0.55776	1	0.41388	0.56062	11.93358	1.04275	1	0.67447	0.56687	12.64230	1.03509	1	-0.02151	-0.01446	0.68630	0.00360	1	0.04501	-0.01516	0.66039	0.00341	1	1.45898	0.81042	0	
1225636	8267.91504	3303478743278	0.32752	0.55440	8267.80762	0.08691	10662	0	0.33687	0.56778	1	0.31357	0.56791	1	0.32522	0.56785	1	0.41326	0.56023	11.29118	1.04311	1	0.67420	0.56631	12.59551	1.03545	1	-0.02151	-0.01446	0.68630	0.00373	1	0.04501	-0.01516	0.66039	0.00326	1	1.45898	0.81042	0	
1225637	8267.92188	3303478811009	0.32721	0.55833	8267.90137	0.02051	10663	1	0.33894	0.57233	1	0.31357	0.56791	1	0.32626	0.57012	1	0.41155	0.55722	10.72929	1.03545	1	0.67328	0.56602	12.52288	1.03545	1	-0.02086	-0.01347	0.65781	0.00243	1	0.04630	-0.01525	0.68452	0.00394	1	1.45898	0.81042	0	
1225638	8267.92871	3303478878210	0.32616	0.55554	8267.90137	0.02734	10663	1	0.34424	0.55348	1	0.29970	0.53528	1	0.32197	0.54438	1	0.41240	0.55883	12.01600	1.02743	1	0.67360	0.56491	12.95561	1.03509	1	-0.02086	-0.01347	0.65781	0.00371	1	0.04630	-0.01525	0.68452	0.00351	1	1.45898	0.81042	0	
1225639	8267.93555	3303478947524	0.32563	0.55971	8267.90137	0.03418	10663	1	0.35106	0.59444	1	0.29488	0.56670	1	0.32297	0.58057	1	0.41259	0.55864	12.03427	1.02708	1	0.67304	0.56442	13.09130	1.03473	1	-0.02086	-0.01347	0.65781	0.00358	1	0.04630	-0.01525	0.68452	0.00321	1	1.45898	0.81042	0	
1225640	8267.94141	3303479013247	0.32503	0.56205	8267.90137	0.04004	10663	1	0.34905	0.59002	1	0.29387	0.56208	1	0.32146	0.57605	1	0.41052	0.55598	10.59732	1.03473	1	0.67200	0.56298	12.22618	1.04239	1	-0.02194	-0.01369	0.68363	0.00246	1	0.04566	-0.01470	0.67818	0.00382	1	1.45898	0.81042	0	
1225641	8267.94824	3303479080994	0.32095	0.55992	8267.90137	0.04688	10663	1	0.31893	0.57630	1	0.26587	0.51374	1	0.29240	0.54502	1	0.41146	0.55753	12.22392	1.05041	1	0.67194	0.56294	12.97860	1.05041	1	-0.02194	-0.01369	0.68363	0.00360	1	0.04566	-0.01470	0.67818	0.00340	1	1.45898	0.81042	0	
1225642	8267.95508	3303479148333	0.32261	0.55366	8267.90137	0.05371	10663	1	0.38067	0.56004	1	0.29110	0.44715	1	0.33588	0.50359	1	0.41152	0.55747	12.13421	1.05843	1	0.67193	0.56226	12.73104	1.05843	1	-0.02194	-0.01369	0.68363	0.00350	1	0.04566	-0.01470	0.67818	0.00327	1	1.45898	0.81042	0	
1225643	8267.96191	3303479215174	0.32379	0.54814	8267.90137	0.06055	10663	1	0.37884	0.55530	1	0.29005	0.44154	1	0.33444	0.49842	1	0.40954	0.55433	10.46541	1.06644	1	0.67125	0.56191	11.97120	1.06644	1	-0.02195	-0.01325	0.67451	0.00250	1	0.04469	-0.01411	0.66971	0.00363	1	1.45898	0.81042	0	
1225644	8267.96875	3303479280156	0.32365	0.54687	8267.90137	0.06738	10663	1	0.35264	0.57181	1	0.29185	0.49657	1	0.32224	0.53419	1	0.41053	0.55653	12.15255	1.06644	1	0.67124	0.56084	11.99298	1.06644	1	-0.02195	-0.01325	0.67451	0.00347	1	0.04469	-0.01411	0.66971	0.00351	1	1.45898	0.81042	0	
1225645	8267.97559	3303479348842	0.32512	0.54639	8267.90137	0.07422	10663	1	0.36725	0.54675	1	0.31526	0.53555	1	0.34126	0.54115	1	0.41061	0.55641	12.49306	1.06644	1	0.67130	0.56110	11.82470	1.06644	1	-0.02195	-0.01325	0.67451	0.00351	1	0.04469	-0.01411	0.66971	0.00345	1	1.45898	0.81042	0	
1225646	8267.98242	3303479415744	0.32636	0.54599	8267.90137	0.08105	10663	1	0.36725	0.54675	1	0.31526	0.53555	1	0.34126	0.54115	1	0.40818	0.55366	10.36185	1.06644	1	0.67028	0.55968	11.98118	1.06644	1	-0.02276	-0.01340	0.68992	0.00259	1	0.04506	-0.01409	0.67832	0.00379	1	1.45898	0.81042	0	
1225647	8267.98828	3303479482489	0.32483	0.54559	8267.90137	0.08691	10663	1	0.32478	0.59898	1	0.28510	0.48171	1	0.30494	0.54034	1	0.40920	0.55607	11.98107	1.06644	1	0.66994	0.55968	12.93208	1.06644	1	-0.02276	-0.01340	0.68992	0.00363	1	0.04506	-0.01409	0.67832	0.00339	1	1.45898	0.81042	0	
1225648	8267.99512	3303479549814	0.32434	0.54723	8267.90137	0.09375	10663	1	0.35037	0.58789	1	0.28461	0.55258	1	0.31749	0.57023	1	0.40920	0.55578	11.37224	1.06644	1	0.66992	0.55955	13.11836	1.06644	1	-0.02276	-0.01340	0.68992	0.00358	1	0.04506	-0.01409	0.67832	0.00319	1	1.45898	0.81042	0	
1225649	8268.00195	3303479617051	0.32391	0.54867	8267.90137	0.10059	10663	1	0.35037	0.58789	1	0.28461	0.55258	1	0.31749	0.57023	1	0.40738	0.55304	11.19391	1.06644	1	0.66911	0.55917	12.62668	1.06644	1	-0.02290	-0.01321	0.68792	0.00238	1	0.04471	-0.01374	0.67599	0.00369	1	1.45898	0.81042	0	
1225650	8268.00879	3303479684183	0.32243	0.54908	8267.90137	0.10742	10663	1	0.31812	0.56415	1	0.27908	0.54710	1	0.29860	0.55562	1	0.40826	0.55525	12.06409	1.06644	1	0.66906	0.55834	12.69512	1.06644	1	-0.02290	-0.01321	0.68792	0.00369	1	0.04471	-0.01374	0.67599	0.00346	1	1.45898	0.81042	0	
1225651	8268.01562	3303479751296	0.32313	0.55027	8267.90137	0.11426	10663	1	0.36736	0.61646	1	0.30294	0.52461	1	0.33515	0.57054	1	0.40833	0.55533	12.71739	1.06644	1	0.66907	0.55819	12.81979	1.06644	1	-0.02290	-0.01321	0.68792	0.00353	1	0.04471	-0.01374	0.67599	0.00330	1	1.45898	0.81042	0	
1225652	8268.02246	3303479817613	0.32376	0.55133	8267.90137	0.12109	10663	1	0.36736	0.61646	1	0.30294	0.52461	1	0.33515	0.57054	1	0.40651	0.55208	10.54424	1.06644	1	0.66808	0.55775	12.69335	1.06644	1	-0.02291	-0.01289	0.67912	0.00239	1	0.04520	-0.01365	0.68663	0.00364	1	1.45898	0.81042	0	
1225653	8268.02930	3303479884747	0.32135	0.54540	8267.90137	0.12793	10663	1	0.28263	0.39948	1	0.26827	0.46577	1	0.27545	0.43262	1	0.40645	0.55195	10.83598	1.06644	1	0.66802	0.55670	12.65888	1.06644	1	-0.02291	-0.01289	0.67912	0.00247	1	0.04520	-0.01365	0.68663	0.00355	1	1.45898	0.81042	0	
1225654	8268.03613	3303479951817	0.32066	0.54454	8267.90137	0.13477	10663	1	0.34637	0.57600	1	0.26721	0.47860	1	0.30679	0.52730	1	0.40720	0.55430	11.35209	1.06644	1	0.66811	0.55683	12.50858	1.06644	1	-0.02291	-0.01289	0.67912	0.00352	1	0.04520	-0.01365	0.68663	0.00353	1	1.45898	0.81042	0	
1225655	8268.04199	3303480018859	0.32010	0.54398	8267.90137	0.14062	10663	1	0.34842	0.58059	1	0.26843	0.48392	1	0.30843	0.53226	1	0.40557	0.55156	10.27454	1.05843	1	0.66811	0.55643	12.18384	1.05843	1	-0.02237	-0.01235	0.65856	0.00260	1	0.04475	-0.01337	0.68284	0.00365	1	1.45898	0.81042	0	
1225656	8268.04883	3303480085271	0.31862	0.54315	8267.90137	0.14746	10663	1	0.29668	0.58344	1	0.27559	0.46619	1	0.28613	0.52482	1	0.40638	0.55348	11.56796	1.05041	1	0.66776	0.55549	12.02921	1.05041	1	-0.02237	-0.01235	0.65856	0.00369	1	0.04475	-0.01337	0.68284	0.00363	1	1.45898	0.81042	0	
1225657	8268.05566	3303480153446	0.31897	0.54228	8267.90137	0.15430	10663	1	0.37383	0.58630	1	0.28006	0.45835	1	0.32694	0.52233	1	0.40671	0.55378	12.00342	1.04239	1	0.66778	0.55557	11.99547	1.04239	1	-0.02237	-0.01235	0.65856	0.00360	1	0.04475	-0.01337	0.68284	0.00370	1	1.45898	0.81042	0	
1225658	8268.06250	3303480219725	0.31929	0.54148	8267.90137	0.16113	10663	1	0.37383	0.58630	1	0.28006	0.45835	1	0.32694	0.52233	1	0.40513	0.55102	10.41581	1.04239	1	0.66726	0.55604	12.79858	1.04239	1	-0.02343	-0.01275	0.68524	0.00251	1	0.04475	-0.01316	0.68284	0.00374	1	1.45898	0.81042	0	
1225659	8268.06934	3303480286796	0.31737	0.53612	8267.90137	0.16797	10663	1	0.26959	0.34413	1	0.26915	0.46031	1	0.26937	0.40222	1	0.40512	0.55100	10.95509	1.05041	1	0.66718	0.55515	12.51164	1.05041	1	-0.02343	-0.01275	0.68524	0.00241	1	0.04475	-0.01316	0.68284	0.00376	1	1.45898	0.81042	0	
1225660	8268.07617	3303480353453	0.31544	0.53189	8267.90137	0.17480	10663	1	0.26133	0.35825	1	0.26927	0.48523	1	0.26530	0.42174	1	0.40506	0.55105	11.33049	1.05843	1	0.66729	0.55481	12.08230	1.05843	1	-0.02343	-0.01275	0.68524	0.00258	1	0.04475	-0.01316	0.68284	0.00369	1	1.45898	0.81042	0	
1225661	8268.08203	3303480415818	0.29996	0.50034	8267.90137	0.17480	10663	0	0.26133	0.35825	1	0.26927	0.48523	1	0.26530	0.42174	1	0.40493	0.55081	11.66772	1.05843	1	0.66752	0.55431	12.58809	1.05843	1	-0.02289	-0.01238	0.66807	0.00246	1	0.04435	-0.01299	0.67672	0.00353	1	1.45898	0.81042	0	
1225662	8268.08887	3303480487552	0.27518	0.46041	8267.90137	0.17480	10663	0	0.24213	0.37378	1	0.25866	0.46717	1	0.25040	0.42047	1	0.40488	0.55074	11.53424	1.05041	1	0.66745	0.55451	12.30595	1.05041	1	-0.02289	-0.01238	0.66807	0.00243	1	0.04435	-0.01299	0.67672	0.00352	1	1.45898	0.81042	0	
1225663	8268.09570	3303480554295	0.26996	0.45110	8267.90137	0.17480	10663	0	0.25838	0.37812	1	0.26065	0.48688	1	0.25952	0.43250	1	0.40500	0.55086	11.52384	1.04239	1	0.66745	0.55477	12.71857	1.04239	1	-0.02289	-0.01238	0.66807	0.00245	1	0.04435	-0.01299	0.67672	0.00342	1	1.45898	0.81042	0	
1225664	8268.10254	3303480621202	0.26750	0.44710	8268.08203	0.02051	10664	1	0.25838	0.37812	1	0.26189	0.49203	1	0.26014	0.43507	1	0.40503	0.55089	10.91876	1.04239	1	0.66812	0.55511	12.77938	1.03473	1	-0.02291	-0.01241	0.67015	0.00263	1	0.04338	-0.01274	0.66114	0.00344	1	1.45898	0.81042	0	
1225665	8268.10938	3303480688280	0.26366	0.44436	8268.08203	0.02734	10664	1	0.24844	0.34980	1	0.24808	0.51699	1	0.24826	0.43339	1	0.40555	0.55085	10.40859	1.04275	1	0.66840	0.55500	12.69017	1.03509	1	-0.02291	-0.01241	0.67015	0.00243	1	0.04338	-0.01274	0.66114	0.00379	1	1.45898	0.81042	0	
1225666	8268.11621	3303480755447	0.25167	0.43746	8268.08203	0.03418	10664	1	0.19624	0.33771	1	0.18723	0.46823	1	0.19174	0.40297	1	0.40575	0.55077	9.64763	1.04311	1	0.66845	0.55497	12.77736	1.03545	1	-0.02291	-0.01241	0.67015	0.00231	1	0.04338	-0.01274	0.66114	0.00405	1	1.45898	0.81042	0	
1225667	8268.12305	3303480823038	0.24296	0.43212	8268.08203	0.04102	10664	1	0.19611	0.33741	1	0.18537	0.46271	1	0.19074	0.40006	1	0.41118	0.55316	11.38430	1.04347	1	0.67383	0.55542	12.13688	1.04347	1	-0.02276	-0.01288	0.68992	0.00333	1	0.04555	-0.01315	0.67951	0.00347	1	1.45898	0.81042	0	
1225668	8268.12988	3303480889751	0.26342	0.43570	8268.08203	0.04785	10664	1	0.41718	0.50509	1	0.39601	0.41654	1	0.40660	0.46082	1	0.41211	0.55296	11.83570	1.04347	1	0.67473	0.55486	11.91760	1.05113	1	-0.02276	-0.01288	0.68992	0.00359	1	0.04555	-0.01315	0.67951	0.00361	1	1.45898	0.81042	0	
1225669	8268.13574	3303480956130	0.26862	0.42327	8268.08203	0.05371	10664	1	0.33471	0.36445	1	0.28580	0.28318	1	0.31026	0.32382	1	0.41253	0.55118	10.61230	1.05113	1	0.67434	0.55408	11.43800	1.05878	1	-0.02276	-0.01288	0.68992	0.00254	1	0.04555	-0.01315	0.67951	0.00242	1	1.45898	0.81042	0	
1225670	8268.14258	3303481023390	0.27264	0.41270	8268.08203	0.06055	10664	1	0.33271	0.35843	1	0.28477	0.27667	1	0.30874	0.31755	1	0.41736	0.55341	12.28823	1.05878	1	0.68036	0.55713	11.91305	1.06644	1	-0.02151	-0.01286	0.68298	0.00316	1	0.04669	-0.01349	0.68124	0.00337	1	1.45898	0.81042	0	
1225671	8268.14941	3303481091455	0.29904	0.42225	8268.08203	0.06738	10664	1	0.57551	0.45409	1	0.55077	0.58142	1	0.56314	0.51776	1	0.41853	0.55367	12.02442	1.06644	1	0.68128	0.55775	12.65057	1.06644	1	-0.02151	-0.01286	0.68298	0.00338	1	0.04669	-0.01349	0.68124	0.00355	1	1.45898	0.81042	0	
1225672	8268.15625	3303481157371	0.31892	0.42703	8268.08203	0.07422	10664	1	0.56971	0.48590	1	0.50548	0.47335	1	0.53760	0.47962	1	0.41916	0.55344	11.87265	1.06644	1	0.68119	0.55709	12.43071	1.06644	1	-0.02151	-0.01286	0.68298	0.00321	1	0.04669	-0.01349	0.68124	0.00349	1	1.45898	0.81042	0	
1225673	8268.16309	3303481224332	0.33575	0.43108	8268.08203	0.08105	10664	1	0.56971	0.48590	1	0.50548	0.47335	1	0.53760	0.47962	1	0.42103	0.55354	12.28437	1.06644	1	0.68335	0.55841	12.56038	1.06644	1	-0.02083	-0.01287	0.68091	0.00334	1	0.04678	-0.01349	0.67368	0.00331	1	1.45898	0.81042	0	
1225674	8268.16992	3303481289613	0.35737	0.43781	8268.08203	0.08789	10664	1	0.65729	0.44039	1	0.61971	0.61024	1	0.63850	0.52532	1	0.42147	0.55365	12.24183	1.06644	1	0.68401	0.55901	13.05093	1.06644	1	-0.02083	-0.01287	0.68091	0.00357	1	0.04678	-0.01349	0.67368	0.00361	1	1.45898	0.81042	0	
1225675	8268.17676	3303481358871	0.40004	0.44295	8268.08203	0.08789	10664	0	0.65055	0.49798	1	0.56381	0.58080	1	0.60718	0.53939	1	0.42131	0.55431	12.66460	1.06644	1	0.68342	0.55891	13.54724	1.06644	1	-0.02083	-0.01287	0.68091	0.00365	1	0.04678	-0.01349	0.67368	0.00340	1	1.45898	0.81042	0	
1225676	8268.18262	3303481425503	0.50345	0.49052	8268.08203	0.08789	10664	0	0.65056	0.49223	1	0.56317	0.58396	1	0.60687	0.53809	1	0.42226	0.55461	12.96719	1.07553	1	0.68469	0.55958	12.46049	1.06106	1	-0.02140	-0.01354	0.70809	0.00329	1	0.04476	-0.01307	0.64057	0.00346	1	1.45898	0.81042	0	
1225677	8268.18945	3303481492711	0.54933	0.50983	8268.08203	0.08789	10664	0	0.69775	0.52490	1	0.58441	0.57199	1	0.64108	0.54844	1	0.42266	0.55510	12.72680	1.07015	1	0.68498	0.55989	12.20726	1.05568	1	-0.02140	-0.01354	0.70809	0.00335	1	0.04476	-0.01307	0.64057	0.00360	1	1.45898	0.81042	0	
1225678	8268.19629	3303481559560	0.62167	0.53373	8268.08203	0.08789	10664	0	0.64083	0.49619	1	0.59332	0.53310	1	0.61707	0.51465	1	0.42273	0.55479	12.85852	1.06477	1	0.68512	0.55993	12.77320	1.05030	1	-0.02140	-0.01354	0.70809	0.00327	1	0.04476	-0.01307	0.64057	0.00341	1	1.45898	0.81042	0	
1225679	8268.20312	3303481626131	0.61912	0.52772	8268.08203	0.08789	10664	0	0.64094	0.50540	1	0.59219	0.53803	1	0.61657	0.52172	1	0.42322	0.55481	12.40194	1.05030	1	0.68637	0.56049	12.49868	1.04264	1	-0.02044	-0.01332	0.68835	0.00339	1	0.04662	-0.01376	0.66222	0.00347	1	1.45898	0.81042	0	
1225680	8268.20996	3303481693080	0.62406	0.52577	8268.08203	0.08789	10664	0	0.67342	0.52665	1	0.59449	0.51710	1	0.63395	0.52188	1	0.42389	0.55570	13.44259	1.03355	1	0.68666	0.56075	12.33246	1.04036	1	-0.02044	-0.01332	0.68835	0.00350	1	0.04662	-0.01376	0.66222	0.00360	1	1.45898	0.81042	0	
1225681	8268.21680	3303481760402	0.62115	0.52137	8268.19629	0.02051	10665	1	0.64094	0.50935	1	0.58389	0.50696	1	0.61242	0.50816	1	0.42418	0.55552	13.02695	1.03128	1	0.68655	0.56096	12.51772	1.03808	1	-0.02044	-0.01332	0.68835	0.00336	1	0.04662	-0.01376	0.66222	0.00354	1	1.45898	0.81042	0	
1225682	8268.22363	3303481827794	0.61938	0.51957	8268.19629	0.02734	10665	1	0.64102	0.51599	1	0.58352	0.50874	1	0.61227	0.51237	1	0.42507	0.55575	12.82039	1.02098	1	0.68797	0.56236	12.50794	1.03545	1	-0.01951	-0.01300	0.66902	0.00357	1	0.04881	-0.01455	0.68806	0.00333	1	1.45898	0.81042	0	
1225683	8268.22949	3303481893453	0.61967	0.52307	8268.19629	0.03320	10665	1	0.64546	0.48260	1	0.59677	0.59852	1	0.62112	0.54056	1	0.42500	0.55575	12.22165	1.02743	1	0.68833	0.56286	12.62466	1.03509	1	-0.01951	-0.01300	0.66902	0.00360	1	0.04881	-0.01455	0.68806	0.00352	1	1.45898	0.81042	0	
1225684	8268.23633	3303481961433	0.61953	0.52443	8268.19629	0.04004	10665	1	0.66631	0.52537	1	0.57106	0.53986	1	0.61868	0.53262	1	0.42604	0.55608	12.39043	1.02708	1	0.68829	0.56286	12.76360	1.03473	1	-0.01951	-0.01300	0.66902	0.00371	1	0.04881	-0.01455	0.68806	0.00342	1	1.45898	0.81042	0	
1225685	8268.24316	3303482028313	0.61937	0.52543	8268.19629	0.04688	10665	1	0.66642	0.52054	1	0.57018	0.54426	1	0.61830	0.53240	1	0.42658	0.55653	12.76525	1.03473	1	0.68955	0.56379	12.58543	1.02793	1	-0.01945	-0.01347	0.68273	0.00324	1	0.04703	-0.01422	0.65609	0.00334	1	1.45898	0.81042	0	
1225686	8268.25000	3303482095221	0.62040	0.52582	8268.19629	0.05371	10665	1	0.65929	0.49655	1	0.59799	0.56144	1	0.62864	0.52900	1	0.42680	0.55687	13.00289	1.03594	1	0.68991	0.56393	12.61762	1.02148	1	-0.01945	-0.01347	0.68273	0.00339	1	0.04703	-0.01422	0.65609	0.00351	1	1.45898	0.81042	0	
1225687	8268.25684	3303482159774	0.61881	0.52577	8268.19629	0.06055	10665	1	0.62984	0.48107	1	0.57904	0.56949	1	0.60444	0.52528	1	0.42716	0.55653	13.05234	1.02949	1	0.68999	0.56434	12.11590	1.01502	1	-0.01945	-0.01347	0.68273	0.00320	1	0.04703	-0.01422	0.65609	0.00365	1	1.45898	0.81042	0	
1225688	8268.26367	3303482228928	0.61756	0.52569	8268.19629	0.06738	10665	1	0.62995	0.48542	1	0.58015	0.56444	1	0.60505	0.52493	1	0.42790	0.55676	12.40194	1.02304	1	0.69148	0.56555	12.83495	1.02304	1	-0.01913	-0.01368	0.68565	0.00339	1	0.04929	-0.01511	0.68054	0.00336	1	1.45898	0.81042	0	
1225689	8268.26953	3303482293363	0.61924	0.52623	8268.19629	0.07324	10665	1	0.66849	0.52182	1	0.60701	0.54249	1	0.63775	0.53215	1	0.42859	0.55756	13.12595	1.02304	1	0.69156	0.56579	13.20042	1.03751	1	-0.01913	-0.01368	0.68565	0.00343	1	0.04929	-0.01511	0.68054	0.00343	1	1.45898	0.81042	0	
1225690	8268.27637	3303482361843	0.61866	0.52508	8268.19629	0.08008	10665	1	0.64300	0.47573	1	0.58045	0.54681	1	0.61172	0.51127	1	0.42891	0.55761	13.05432	1.03751	1	0.69194	0.56593	12.30307	1.05198	1	-0.01913	-0.01368	0.68565	0.00333	1	0.04929	-0.01511	0.68054	0.00362	1	1.45898	0.81042	0	
1225691	8268.28320	3303482427207	0.61823	0.52342	8268.19629	0.08691	10665	1	0.64291	0.46600	1	0.58240	0.53770	1	0.61265	0.50185	1	0.42974	0.55718	11.70440	1.05198	1	0.69283	0.56690	12.28578	1.06644	1	-0.01869	-0.01371	0.68487	0.00360	1	0.05004	-0.01552	0.68518	0.00329	1	1.45898	0.81042	0	
1225692	8268.29004	3303482494082	0.62014	0.52473	8268.19629	0.09375	10665	1	0.66552	0.51580	1	0.62833	0.57030	1	0.64693	0.54305	1	0.43053	0.55787	12.78922	1.06644	1	0.69347	0.56721	12.54929	1.06644	1	-0.01869	-0.01371	0.68487	0.00346	1	0.05004	-0.01552	0.68518	0.00356	1	1.45898	0.81042	0	
1225693	8268.29688	3303482559706	0.62023	0.52285	8268.19629	0.10059	10665	1	0.64313	0.49612	1	0.59999	0.49329	1	0.62156	0.49470	1	0.43058	0.55792	12.81507	1.06644	1	0.69375	0.56740	12.43654	1.06644	1	-0.01869	-0.01371	0.68487	0.00333	1	0.05004	-0.01552	0.68518	0.00364	1	1.45898	0.81042	0	
1225694	8268.30371	3303482627683	0.62028	0.52151	8268.19629	0.10742	10665	1	0.64318	0.50121	1	0.59878	0.49868	1	0.62098	0.49995	1	0.43184	0.55809	12.89157	1.05843	1	0.69463	0.56814	12.55158	1.05843	1	-0.01780	-0.01367	0.67268	0.00322	1	0.05072	-0.01591	0.68876	0.00339	1	1.45898	0.81042	0	
1225695	8268.30957	3303482693922	0.62100	0.52387	8268.19629	0.11328	10665	1	0.66040	0.55387	1	0.60599	0.57422	1	0.63319	0.56404	1	0.43223	0.55863	12.42291	1.05041	1	0.69467	0.56859	12.79530	1.05041	1	-0.01780	-0.01367	0.67268	0.00335	1	0.05072	-0.01591	0.68876	0.00348	1	1.45898	0.81042	0	
1225696	8268.31641	3303482763525	0.62143	0.52431	8268.19629	0.12012	10665	1	0.65204	0.58576	1	0.60634	0.47867	1	0.62919	0.53222	1	0.43216	0.55877	12.81228	1.04239	1	0.69543	0.56795	12.19097	1.04239	1	-0.01780	-0.01367	0.67268	0.00332	1	0.05072	-0.01591	0.68876	0.00384	1	1.45898	0.81042	0	
1225697	8268.32422	3303482832668	0.62178	0.52496	8268.19629	0.12793	10665	1	0.65201	0.59029	1	0.60506	0.48431	1	0.62853	0.53730	1	0.43354	0.55882	12.71974	1.03438	1	0.69650	0.56966	12.51237	1.03438	1	-0.01692	-0.01329	0.65412	0.00338	1	0.04981	-0.01575	0.67099	0.00338	1	1.45898	0.81042	0	
1225698	8268.33008	3303482896156	0.62212	0.52716	8268.19629	0.13379	10665	1	0.63413	0.53614	1	0.62351	0.60616	1	0.62882	0.57115	1	0.43348	0.55894	12.75162	1.03438	1	0.69697	0.56972	12.39094	1.03438	1	-0.01692	-0.01329	0.65412	0.00336	1	0.04981	-0.01575	0.67099	0.00364	1	1.45898	0.81042	0	
1225699	8268.33691	3303482966038	0.62165	0.52725	8268.19629	0.14062	10665	1	0.63110	0.50510	1	0.59251	0.55337	1	0.61180	0.52924	1	0.43420	0.55865	12.77637	1.03438	1	0.69688	0.56982	12.51239	1.03438	1	-0.01692	-0.01329	0.65412	0.00330	1	0.04981	-0.01575	0.67099	0.00359	1	1.45898	0.81042	0	
1225700	8268.34375	3303483032980	0.62122	0.52734	8268.19629	0.14746	10665	1	0.63110	0.50510	1	0.59251	0.55337	1	0.61180	0.52924	1	0.43516	0.55895	12.74856	1.03438	1	0.69811	0.57072	12.60399	1.03438	1	-0.01788	-0.01439	0.70776	0.00341	1	0.05129	-0.01630	0.68541	0.00340	1	1.45898	0.81042	0	
1225701	8268.35059	3303483100214	0.62144	0.52891	8268.19629	0.15430	10665	1	0.61819	0.53015	1	0.63481	0.59979	1	0.62650	0.56497	1	0.43481	0.55871	12.27642	1.03438	1	0.69836	0.57075	12.52394	1.03438	1	-0.01788	-0.01439	0.70776	0.00350	1	0.05129	-0.01630	0.68541	0.00361	1	1.45898	0.81042	0	
1225702	8268.35742	3303483166367	0.62163	0.52894	8268.19629	0.16113	10665	1	0.65338	0.54423	1	0.59891	0.51552	1	0.62614	0.52987	1	0.43534	0.55823	12.07761	1.03438	1	0.69847	0.57051	12.21799	1.03438	1	-0.01788	-0.01439	0.70776	0.00319	1	0.05129	-0.01630	0.68541	0.00360	1	1.45898	0.81042	0	
1225703	8268.36426	3303483233996	0.62183	0.52878	8268.19629	0.16797	10665	1	0.65341	0.53935	1	0.60015	0.51013	1	0.62678	0.52474	1	0.43655	0.55841	12.72141	1.04239	1	0.69952	0.57085	12.38216	1.04239	1	-0.01690	-0.01383	0.68300	0.00341	1	0.05097	-0.01611	0.67566	0.00340	1	1.45898	0.81042	0	
1225704	8268.37012	3303483301055	0.62289	0.52912	8268.19629	0.17383	10665	1	0.68296	0.50985	1	0.61814	0.56591	1	0.65055	0.53788	1	0.43697	0.55815	12.30492	1.05041	1	0.69950	0.57096	13.00422	1.05041	1	-0.01690	-0.01383	0.68300	0.00325	1	0.05097	-0.01611	0.67566	0.00331	1	1.45898	0.81042	0	
1225705	8268.37695	3303483368378	0.62310	0.52979	8268.19629	0.18066	10665	1	0.67042	0.54142	1	0.58713	0.55444	1	0.62877	0.54793	1	0.43705	0.55788	12.35356	1.05843	1	0.69938	0.57101	13.14347	1.05843	1	-0.01690	-0.01383	0.68300	0.00334	1	0.05097	-0.01611	0.67566	0.00338	1	1.45898	0.81042	0	
1225706	8268.38379	3303483434833	0.62332	0.53025	8268.19629	0.18750	10665	1	0.67056	0.53664	1	0.58825	0.54948	1	0.62941	0.54306	1	0.43758	0.55761	12.54775	1.06644	1	0.70040	0.57144	12.54361	1.06644	1	-0.01670	-0.01376	0.68722	0.00337	1	0.05099	-0.01611	0.67329	0.00347	1	1.45898	0.81042	0	
1225707	8268.39062	3303483501914	0.62352	0.53083	8268.19629	0.19434	10665	1	0.67316	0.48097	1	0.58572	0.61408	1	0.62944	0.54752	1	0.43831	0.55751	12.57445	1.06644	1	0.70065	0.57117	12.15753	1.06644	1	-0.01670	-0.01376	0.68722	0.00323	1	0.05099	-0.01611	0.67329	0.00339	1	1.45898	0.81042	0	
1225708	8268.39746	3303483568576	0.62297	0.53130	8268.19629	0.20117	10665	1	0.62257	0.51900	1	0.59028	0.57223	1	0.60642	0.54561	1	0.43850	0.55732	11.75250	1.06644	1	0.70063	0.57124	12.32242	1.06644	1	-0.01670	-0.01376	0.68722	0.00315	1	0.05099	-0.01611	0.67329	0.00335	1	1.45898	0.81042	0	
1225709	8268.40430	3303483635885	0.62244	0.53190	8268.19629	0.20801	10665	1	0.62275	0.52393	1	0.58914	0.57702	1	0.60595	0.55047	1	0.44082	0.55585	11.80145	1.05843	1	0.70283	0.57131	12.44402	1.05843	1	-0.01562	-0.01313	0.66569	0.00384	1	0.05171	-0.01611	0.67742	0.00371	1	1.45898	0.81042	0	
1225710	8268.41113	3303483702969	0.62405	0.53356	8268.19629	0.21484	10665	1	0.68683	0.50841	1	0.66411	0.66505	1	0.67547	0.58673	1	0.44076	0.55631	11.94598	1.05041	1	0.70265	0.57113	13.05709	1.05041	1	-0.01562	-0.01313	0.66569	0.00329	1	0.05171	-0.01611	0.67742	0.00354	1	1.45898	0.81042	0	
1225711	8268.41699	3303483769775	0.62543	0.53416	8268.19629	0.22070	10665	1	0.69741	0.50389	1	0.64450	0.60409	1	0.67096	0.55399	1	0.44083	0.55601	11.79391	1.04239	1	0.70314	0.57013	12.24174	1.04239	1	-0.01562	-0.01313	0.66569	0.00348	1	0.05171	-0.01611	0.67742	0.00354	1	1.45898	0.81042	0	
1225712	8268.42383	3303483836837	0.62673	0.53473	8268.19629	0.22754	10665	1	0.69741	0.50389	1	0.64450	0.60409	1	0.67096	0.55399	1	0.44143	0.55588	11.98951	1.04239	1	0.70371	0.57101	12.47843	1.04239	1	-0.01506	-0.01267	0.65218	0.00344	1	0.05266	-0.01629	0.68713	0.00386	1	1.45898	0.81042	0	
1225713	8268.43066	3303483902981	0.62852	0.53662	8268.19629	0.23438	10665	1	0.71147	0.53277	1	0.67103	0.67252	1	0.69125	0.60265	1	0.44147	0.55569	11.86345	1.05041	1	0.70366	0.57058	12.29825	1.05041	1	-0.01506	-0.01267	0.65218	0.00340	1	0.05266	-0.01629	0.68713	0.00351	1	1.45898	0.81042	0	
1225714	8268.43750	3303483970485	0.62989	0.53761	8268.19629	0.24121	10665	1	0.69573	0.50253	1	0.66260	0.64401	1	0.67917	0.57327	1	0.44167	0.55521	11.82737	1.05843	1	0.70355	0.57051	12.15333	1.05843	1	-0.01506	-0.01267	0.65218	0.00331	1	0.05266	-0.01629	0.68713	0.00357	1	1.45898	0.81042	0	
1225715	8268.44434	3303484037480	0.65146	0.55970	8268.19629	0.24121	10665	0	0.69573	0.50253	1	0.66260	0.64401	1	0.67917	0.57327	1	0.44232	0.55484	11.99266	1.05843	1	0.70401	0.57025	11.76892	1.05843	1	-0.01503	-0.01249	0.65307	0.00354	1	0.05255	-0.01604	0.68309	0.00384	1	1.45898	0.81042	0	
1225716	8268.45117	3303484104590	0.66968	0.57317	8268.19629	0.24121	10665	0	0.71488	0.58158	1	0.66094	0.59170	1	0.68791	0.58664	1	0.44189	0.55510	12.03298	1.05041	1	0.70414	0.56949	12.40845	1.05041	1	-0.01503	-0.01249	0.65307	0.00344	1	0.05255	-0.01604	0.68309	0.00345	1	1.45898	0.81042	0	
1225717	8268.45703	3303484167468	0.67395	0.57953	8268.19629	0.24121	10665	0	0.71996	0.52033	1	0.64503	0.66420	1	0.68249	0.59227	1	0.44197	0.55437	12.05363	1.04239	1	0.70402	0.56966	12.46182	1.04239	1	-0.01503	-0.01249	0.65307	0.00329	1	0.05255	-0.01604	0.68309	0.00346	1	1.45898	0.81042	0	
1225718	8268.46484	3303484238737	0.67609	0.58272	8268.44434	0.02051	10666	1	0.71996	0.52033	1	0.64503	0.66420	1	0.68249	0.59227	1	0.44260	0.55469	12.21813	1.04239	1	0.70422	0.56948	12.90988	1.04239	1	-0.01566	-0.01304	0.68705	0.00358	1	0.05255	-0.01583	0.68309	0.00367	1	1.45898	0.81042	0	
1225719	8268.47070	3303484305984	0.68354	0.58198	8268.44434	0.02637	10666	1	0.75134	0.48107	1	0.67539	0.67695	1	0.71337	0.57901	1	0.44260	0.55409	11.99370	1.05041	1	0.70437	0.56903	12.15554	1.05041	1	-0.01566	-0.01304	0.68705	0.00355	1	0.05255	-0.01583	0.68309	0.00345	1	1.45898	0.81042	0	
1225720	8268.47754	3303484373209	0.68742	0.57905	8268.44434	0.03320	10666	1	0.74299	0.50489	1	0.67057	0.62401	1	0.70678	0.56445	1	0.44240	0.55341	11.41963	1.05843	1	0.70442	0.56872	12.73087	1.05843	1	-0.01566	-0.01304	0.68705	0.00356	1	0.05255	-0.01583	0.68309	0.00339	1	1.45898	0.81042	0	
1225721	8268.48438	3303484439746	0.69023	0.57659	8268.44434	0.04004	10666	1	0.74362	0.49985	1	0.67065	0.62381	1	0.70713	0.56183	1	0.44235	0.55359	12.17266	1.06644	1	0.70451	0.56866	12.48492	1.05878	1	-0.01553	-0.01277	0.68116	0.00333	1	0.05117	-0.01530	0.66451	0.00369	1	1.45898	0.81042	0	
1225722	8268.49121	3303484504389	0.69131	0.57445	8268.44434	0.04688	10666	1	0.73381	0.47842	1	0.66387	0.64052	1	0.69884	0.55947	1	0.44255	0.55297	12.12759	1.05878	1	0.70422	0.56836	12.53967	1.05113	1	-0.01553	-0.01277	0.68116	0.00321	1	0.05117	-0.01530	0.66451	0.00345	1	1.45898	0.81042	0	
1225723	8268.49805	3303484573490	0.69143	0.57255	8268.44434	0.05371	10666	1	0.71770	0.51944	1	0.66702	0.59527	1	0.69236	0.55736	1	0.44242	0.55338	12.06348	1.05113	1	0.70427	0.56828	12.42349	1.04347	1	-0.01553	-0.01277	0.68116	0.00334	1	0.05117	-0.01530	0.66451	0.00352	1	1.45898	0.81042	0	
1225724	8268.50488	3303484640578	0.69141	0.57150	8268.44434	0.06055	10666	1	0.71725	0.52419	1	0.66536	0.59981	1	0.69131	0.56200	1	0.44232	0.55266	11.28425	1.04347	1	0.70442	0.56854	12.26221	1.03581	1	-0.01566	-0.01273	0.68705	0.00353	1	0.05117	-0.01520	0.66451	0.00356	1	1.45898	0.81042	0	
1225725	8268.51172	3303484707839	0.69135	0.57149	8268.44434	0.06738	10666	1	0.71713	0.47377	1	0.66433	0.66903	1	0.69073	0.57140	1	0.44240	0.55266	11.36869	1.03581	1	0.70428	0.56852	12.64133	1.03581	1	-0.01566	-0.01273	0.68705	0.00368	1	0.05117	-0.01520	0.66451	0.00352	1	1.45898	0.81042	0	
1225726	8268.51758	3303484774362	0.69073	0.57101	8268.44434	0.07324	10666	1	0.70602	0.47121	1	0.66164	0.66030	1	0.68383	0.56576	1	0.44236	0.55261	11.22947	1.03581	1	0.70427	0.56846	12.40656	1.03581	1	-0.01566	-0.01273	0.68705	0.00373	1	0.05117	-0.01520	0.66451	0.00352	1	1.45898	0.81042	0	
1225727	8268.52441	3303484841793	0.69014	0.57075	8268.44434	0.08008	10666	1	0.70602	0.47121	1	0.66019	0.66393	1	0.68311	0.56757	1	0.44246	0.55315	11.98508	1.03581	1	0.70448	0.56838	12.45288	1.02900	1	-0.01566	-0.01273	0.68705	0.00333	1	0.04900	-0.01454	0.63577	0.00347	1	1.45898	0.81042	0	
1225728	8268.53125	3303484908976	0.69038	0.57220	8268.44434	0.08691	10666	1	0.71148	0.51285	1	0.67552	0.66929	1	0.69350	0.59107	1	0.44245	0.55327	11.99831	1.02900	1	0.70454	0.56844	12.17750	1.02219	1	-0.01566	-0.01273	0.68705	0.00337	1	0.04900	-0.01454	0.63577	0.00352	1	1.45898	0.81042	0	
1225729	8268.53809	3303484974902	0.68995	0.57245	8268.44434	0.09375	10666	1	0.69824	0.47891	1	0.66960	0.67314	1	0.68392	0.57602	1	0.44253	0.55278	11.80378	1.02219	1	0.70452	0.56841	12.54772	1.01538	1	-0.01566	-0.01273	0.68705	0.00350	1	0.04900	-0.01454	0.63577	0.00347	1	1.45898	0.81042	0	
1225730	8268.54492	3303485042484	0.68962	0.57269	8268.44434	0.10059	10666	1	0.69795	0.48353	1	0.67133	0.66907	1	0.68464	0.57630	1	0.44225	0.55295	11.39019	1.01538	1	0.70430	0.56859	12.47772	1.02304	1	-0.01566	-0.01273	0.68705	0.00363	1	0.05284	-0.01565	0.68421	0.00356	1	1.45898	0.81042	0	
1225731	8268.55176	3303485109321	0.68914	0.57192	8268.44434	0.10742	10666	1	0.69418	0.51016	1	0.66885	0.60888	1	0.68151	0.55952	1	0.44248	0.55300	11.74247	1.02304	1	0.70466	0.56792	11.89576	1.03751	1	-0.01566	-0.01273	0.68705	0.00361	1	0.05284	-0.01565	0.68421	0.00373	1	1.45898	0.81042	0	
1225732	8268.55859	3303485176578	0.68949	0.57018	8268.44434	0.11426	10666	1	0.71212	0.44391	1	0.67863	0.63732	1	0.69537	0.54062	1	0.44270	0.55243	11.05445	1.03751	1	0.70492	0.56829	12.13769	1.05198	1	-0.01566	-0.01273	0.68705	0.00370	1	0.05284	-0.01565	0.68421	0.00385	1	1.45898	0.81042	0	
1225733	8268.56445	3303485242854	0.68990	0.56815	8268.44434	0.12012	10666	1	0.71287	0.43379	1	0.68190	0.62939	1	0.69739	0.53159	1	0.44292	0.55305	12.10037	1.05198	1	0.70517	0.56819	12.23989	1.06644	1	-0.01553	-0.01276	0.68586	0.00339	1	0.05284	-0.01575	0.68421	0.00391	1	1.45898	0.81042	0	
1225734	8268.57129	3303485310537	0.69066	0.56575	8268.44434	0.12695	10666	1	0.74041	0.45797	1	0.66967	0.58249	1	0.70504	0.52023	1	0.44310	0.55288	12.18960	1.06644	1	0.70505	0.56824	11.97083	1.06644	1	-0.01553	-0.01276	0.68586	0.00357	1	0.05284	-0.01575	0.68421	0.00397	1	1.45898	0.81042	0	
1225735	8268.57812	3303485377343	0.69162	0.56361	8268.44434	0.13379	10666	1	0.74914	0.45105	1	0.67249	0.59027	1	0.71082	0.52066	1	0.44330	0.55298	11.33767	1.06644	1	0.70504	0.56834	12.70599	1.06644	1	-0.01553	-0.01276	0.68586	0.00360	1	0.05284	-0.01575	0.68421	0.00353	1	1.45898	0.81042	0	
1225736	8268.58496	3303485442203	0.69242	0.56185	8268.44434	0.14062	10666	1	0.74914	0.45105	1	0.66935	0.59873	1	0.70925	0.52489	1	0.44331	0.55351	12.04136	1.06644	1	0.70519	0.56845	12.59229	1.05198	1	-0.01441	-0.01201	0.64074	0.00347	1	0.04888	-0.01459	0.63168	0.00343	1	1.45898	0.81042	0	
1225737	8268.59180	3303485511305	0.69292	0.56244	8268.44434	0.14746	10666	1	0.74442	0.50256	1	0.66358	0.64864	1	0.70400	0.57560	1	0.44322	0.55331	12.28747	1.05198	1	0.70510	0.56889	12.31849	1.03751	1	-0.01441	-0.01201	0.64074	0.00328	1	0.04888	-0.01459	0.63168	0.00363	1	1.45898	0.81042	0	
1225738	8268.59863	3303485578192	0.69240	0.56266	8268.44434	0.15430	10666	1	0.70012	0.52422	1	0.66042	0.61111	1	0.68027	0.56766	1	0.44336	0.55339	12.17484	1.03751	1	0.70540	0.56883	12.16382	1.02304	1	-0.01441	-0.01201	0.64074	0.00341	1	0.04888	-0.01459	0.63168	0.00360	1	1.45898	0.81042	0	
1225739	8268.60449	3303485644918	0.69195	0.56282	8268.44434	0.16016	10666	1	0.69988	0.52758	1	0.66237	0.60576	1	0.68112	0.56667	1	0.44332	0.55389	12.06062	1.03213	1	0.70597	0.56925	12.04891	1.03213	1	-0.01583	-0.01324	0.70600	0.00342	1	0.05295	-0.01583	0.68289	0.00389	1	1.45898	0.81042	0	
1225740	8268.61133	3303485712359	0.69249	0.56340	8268.44434	0.16699	10666	1	0.74020	0.50617	1	0.67220	0.64937	1	0.70620	0.57777	1	0.44389	0.55391	12.12290	1.04121	1	0.70593	0.56935	12.54367	1.05568	1	-0.01583	-0.01324	0.70600	0.00360	1	0.05295	-0.01583	0.68289	0.00390	1	1.45898	0.81042	0	
1225741	8268.61816	3303485779488	0.69320	0.56097	8268.44434	0.17383	10666	1	0.73859	0.49679	1	0.68480	0.49889	1	0.71169	0.49784	1	0.44388	0.55389	12.11979	1.06477	1	0.70597	0.56849	12.09901	1.07923	1	-0.01583	-0.01324	0.70600	0.00354	1	0.05295	-0.01583	0.68289	0.00371	1	1.45898	0.81042	0	
1225742	8268.62500	3303485845665	0.69387	0.55866	8268.44434	0.18066	10666	1	0.73907	0.49271	1	0.68453	0.49969	1	0.71180	0.49620	1	0.44392	0.55423	12.50550	1.07122	1	0.70591	0.56937	12.42371	1.07802	1	-0.01454	-0.01229	0.65272	0.00342	1	0.05053	-0.01519	0.65112	0.00346	1	1.45898	0.81042	0	
1225743	8268.63184	3303485913023	0.69405	0.55837	8268.44434	0.18750	10666	1	0.73833	0.49432	1	0.65970	0.60638	1	0.69901	0.55035	1	0.44386	0.55420	12.47212	1.06092	1	0.70584	0.56953	12.19880	1.05326	1	-0.01454	-0.01229	0.65272	0.00338	1	0.05053	-0.01519	0.65112	0.00360	1	1.45898	0.81042	0	
1225744	8268.63867	3303485979241	0.69430	0.55868	8268.44434	0.19434	10666	1	0.73895	0.50073	1	0.66462	0.63448	1	0.70179	0.56760	1	0.44393	0.55408	12.16914	1.03616	1	0.70582	0.56965	12.34626	1.02850	1	-0.01454	-0.01229	0.65272	0.00359	1	0.05053	-0.01519	0.65112	0.00359	1	1.45898	0.81042	0	
1225745	8268.64551	3303486047099	0.69443	0.55945	8268.44434	0.20117	10666	1	0.73703	0.51672	1	0.65922	0.64839	1	0.69813	0.58255	1	0.44384	0.55362	11.57165	1.01140	1	0.70589	0.56955	12.23750	1.00374	1	-0.01447	-0.01233	0.64995	0.00351	1	0.05124	-0.01547	0.65906	0.00370	1	1.45898	0.81042	0	
1225746	8268.65234	3303486113911	0.69458	0.56091	8268.44434	0.20801	10666	1	0.73590	0.55489	1	0.66285	0.65729	1	0.69938	0.60609	1	0.44396	0.55446	12.46492	1.00374	1	0.70601	0.57023	12.50388	1.00374	1	-0.01447	-0.01233	0.64995	0.00349	1	0.05124	-0.01547	0.65906	0.00356	1	1.45898	0.81042	0	
1225747	8268.65820	3303486181361	0.69481	0.56220	8268.44434	0.21387	10666	1	0.74890	0.53265	1	0.65518	0.67471	1	0.70204	0.60368	1	0.44403	0.55436	12.26219	1.00374	1	0.70590	0.57048	12.43803	1.00374	1	-0.01447	-0.01233	0.64995	0.00362	1	0.05124	-0.01547	0.65906	0.00355	1	1.45898	0.81042	0	
1225748	8268.66504	3303486248186	0.69508	0.56322	8268.44434	0.22070	10666	1	0.74962	0.52756	1	0.65854	0.66632	1	0.70408	0.59694	1	0.44386	0.55447	12.25256	1.01176	1	0.70605	0.57027	12.40842	1.01942	1	-0.01536	-0.01310	0.68746	0.00328	1	0.05295	-0.01603	0.68289	0.00347	1	1.45898	0.81042	0	
1225749	8268.67188	3303486311226	0.69520	0.56429	8268.44434	0.22754	10666	1	0.72846	0.53871	1	0.67021	0.66237	1	0.69933	0.60054	1	0.44380	0.55473	12.14796	1.02743	1	0.70591	0.57034	12.16673	1.03509	1	-0.01536	-0.01310	0.68746	0.00342	1	0.05295	-0.01603	0.68289	0.00357	1	1.45898	0.81042	0	
1225750	8268.67871	3303486379007	0.69549	0.56557	8268.44434	0.23438	10666	1	0.74075	0.56511	1	0.67060	0.65589	1	0.70568	0.61050	1	0.44386	0.55476	12.12880	1.04311	1	0.70593	0.57049	12.35791	1.05077	1	-0.01536	-0.01310	0.68746	0.00345	1	0.05295	-0.01603	0.68289	0.00354	1	1.45898	0.81042	0	
1225751	8268.68555	3303486446281	0.69583	0.56655	8268.44434	0.24121	10666	1	0.74201	0.55602	1	0.67404	0.64759	1	0.70802	0.60180	1	0.44337	0.55497	12.07225	1.05878	1	0.70582	0.57035	12.60919	1.06644	1	-0.01441	-0.01221	0.64074	0.00334	1	0.05295	-0.01603	0.68289	0.00378	1	1.45898	0.81042	0	
1225752	8268.69141	3303486512444	0.69656	0.56701	8268.44434	0.24707	10666	1	0.75639	0.52731	1	0.69049	0.64045	1	0.72344	0.58388	1	0.44325	0.55469	12.06069	1.06644	1	0.70576	0.57041	12.57301	1.06644	1	-0.01441	-0.01221	0.64074	0.00346	1	0.05295	-0.01603	0.68289	0.00371	1	1.45898	0.81042	0	
1225753	8268.69824	3303486580469	0.69744	0.56725	8268.44434	0.25391	10666	1	0.75224	0.50127	1	0.70977	0.65172	1	0.73100	0.57650	1	0.44333	0.55424	11.72555	1.06644	1	0.70574	0.57012	12.17239	1.06644	1	-0.01441	-0.01221	0.64074	0.00359	1	0.05295	-0.01603	0.68289	0.00369	1	1.45898	0.81042	0	
1225754	8268.70508	3303486650289	0.69824	0.56758	8268.44434	0.26074	10666	1	0.75224	0.50127	1	0.70613	0.65936	1	0.72918	0.58032	1	0.44311	0.55469	12.00236	1.06644	1	0.70532	0.56955	12.34695	1.05198	1	-0.01553	-0.01307	0.68586	0.00339	1	0.04888	-0.01473	0.63168	0.00381	1	1.45898	0.81042	0	
1225755	8268.71191	3303486713945	0.69846	0.56762	8268.44434	0.26758	10666	1	0.73312	0.52608	1	0.68195	0.61231	1	0.70754	0.56919	1	0.44306	0.55465	11.99412	1.05198	1	0.70533	0.56936	12.33740	1.03751	1	-0.01553	-0.01307	0.68586	0.00344	1	0.04888	-0.01473	0.63168	0.00354	1	1.45898	0.81042	0	
1225756	8268.71875	3303486781799	0.70983	0.59410	8268.44434	0.26758	10666	0	0.73905	0.54928	1	0.68124	0.68505	1	0.71014	0.61716	1	0.44273	0.55477	12.31528	1.03751	1	0.70508	0.56962	11.98543	1.02304	1	-0.01553	-0.01307	0.68586	0.00346	1	0.04888	-0.01473	0.63168	0.00364	1	1.45898	0.81042	0	
1225757	8268.72559	3303486846235	0.70907	0.61003	8268.44434	0.26758	10666	0	0.73727	0.56274	1	0.67935	0.68918	1	0.70831	0.62596	1	0.44245	0.55433	11.99161	1.01502	1	0.70498	0.56931	12.62078	1.01502	1	-0.01514	-0.01257	0.66222	0.00347	1	0.05284	-0.01586	0.68421	0.00362	1	1.45898	0.81042	0	
1225758	8268.73242	3303486916231	0.70982	0.60594	8268.44434	0.26758	10666	0	0.73601	0.50635	1	0.68664	0.68920	1	0.71133	0.59777	1	0.44237	0.55389	11.47093	1.00701	1	0.70467	0.56911	12.36668	1.02148	1	-0.01514	-0.01257	0.66222	0.00355	1	0.05284	-0.01586	0.68421	0.00378	1	1.45898	0.81042	0	
1225759	8268.73926	3303486984366	0.70917	0.60427	8268.71875	0.02051	10667	1	0.74060	0.54273	1	0.67379	0.65576	1	0.70720	0.59924	1	0.44228	0.55446	12.19884	1.01346	1	0.70445	0.56879	12.22714	1.02793	1	-0.01514	-0.01257	0.66222	0.00336	1	0.05284	-0.01586	0.68421	0.00347	1	1.45898	0.81042	0	
1225760	8268.74512	3303487048973	0.70922	0.60158	8268.71875	0.02637	10667	1	0.74178	0.53377	1	0.67708	0.64792	1	0.70943	0.59084	1	0.44173	0.55409	11.75585	1.02793	1	0.70394	0.56859	12.31209	1.04239	1	-0.01645	-0.01346	0.71207	0.00343	1	0.05255	-0.01573	0.68309	0.00367	1	1.45898	0.81042	0	
1225761	8268.75195	3303487118038	0.70967	0.59511	8268.71875	0.03320	10667	1	0.73077	0.47799	1	0.69306	0.64753	1	0.71191	0.56276	1	0.44156	0.55398	11.29156	1.05041	1	0.70394	0.56841	12.10553	1.05041	1	-0.01645	-0.01346	0.71207	0.00352	1	0.05255	-0.01573	0.68309	0.00358	1	1.45898	0.81042	0	
1225762	8268.75879	3303487185940	0.71263	0.58988	8268.71875	0.04004	10667	1	0.74056	0.49732	1	0.72022	0.61958	1	0.73039	0.55845	1	0.44157	0.55410	11.46157	1.05843	1	0.70428	0.56754	11.93390	1.05843	1	-0.01645	-0.01346	0.71207	0.00346	1	0.05255	-0.01573	0.68309	0.00385	1	1.45898	0.81042	0	
1225763	8268.76562	3303487251913	0.71502	0.58535	8268.71875	0.04688	10667	1	0.74118	0.49223	1	0.72233	0.61506	1	0.73175	0.55364	1	0.44075	0.55375	11.25992	1.06644	1	0.70355	0.56765	12.15086	1.06644	1	-0.01610	-0.01295	0.68809	0.00372	1	0.05266	-0.01562	0.68713	0.00360	1	1.45898	0.81042	0	
1225764	8268.77246	3303487318611	0.71526	0.58300	8268.71875	0.05371	10667	1	0.73502	0.47323	1	0.69934	0.65530	1	0.71718	0.56427	1	0.44071	0.55408	11.59370	1.06644	1	0.70359	0.56775	12.08138	1.06644	1	-0.01610	-0.01295	0.68809	0.00335	1	0.05266	-0.01562	0.68713	0.00366	1	1.45898	0.81042	0	
1225765	8268.77930	3303487386583	0.71686	0.57958	8268.71875	0.06055	10667	1	0.74831	0.47378	1	0.71419	0.62381	1	0.73125	0.54880	1	0.44097	0.55397	11.42576	1.06644	1	0.70347	0.56721	12.15330	1.06644	1	-0.01610	-0.01295	0.68809	0.00369	1	0.05266	-0.01562	0.68713	0.00360	1	1.45898	0.81042	0	
1225766	8268.78613	3303487453413	0.71817	0.57678	8268.71875	0.06738	10667	1	0.74831	0.47378	1	0.71419	0.62381	1	0.73125	0.54880	1	0.44051	0.55386	11.47058	1.06644	1	0.70264	0.56677	11.91465	1.06644	1	-0.01633	-0.01297	0.68901	0.00372	1	0.05214	-0.01537	0.68303	0.00347	1	1.45898	0.81042	0	
1225767	8268.79297	3303487520975	0.71906	0.57549	8268.71875	0.07422	10667	1	0.74588	0.47273	1	0.71193	0.64965	1	0.72891	0.56119	1	0.44009	0.55351	11.55925	1.06644	1	0.70261	0.56654	12.07090	1.06644	1	-0.01633	-0.01297	0.68901	0.00360	1	0.05214	-0.01537	0.68303	0.00354	1	1.45898	0.81042	0	
1225768	8268.79883	3303487588119	0.71949	0.57727	8268.71875	0.08008	10667	1	0.75390	0.52176	1	0.69550	0.67561	1	0.72470	0.59868	1	0.44007	0.55419	12.19536	1.06644	1	0.70241	0.56681	11.98817	1.06644	1	-0.01633	-0.01297	0.68901	0.00349	1	0.05214	-0.01537	0.68303	0.00350	1	1.45898	0.81042	0	
1225769	8268.80566	3303487654622	0.71977	0.57912	8268.71875	0.08691	10667	1	0.75319	0.52663	1	0.69359	0.67965	1	0.72339	0.60314	1	0.43921	0.55399	12.27894	1.05843	1	0.70151	0.56604	11.57607	1.05843	1	-0.01600	-0.01251	0.66463	0.00343	1	0.05174	-0.01511	0.68052	0.00357	1	1.45898	0.81042	0	
1225770	8268.81250	3303487721815	0.72046	0.57940	8268.71875	0.09375	10667	1	0.75758	0.55577	1	0.70250	0.61091	1	0.73004	0.58334	1	0.43938	0.55402	12.09861	1.05041	1	0.70178	0.56551	11.96082	1.05041	1	-0.01600	-0.01251	0.66463	0.00348	1	0.05174	-0.01511	0.68052	0.00340	1	1.45898	0.81042	0	
1225771	8268.81934	3303487788779	0.72275	0.58034	8268.71875	0.10059	10667	1	0.79991	0.53847	1	0.71448	0.65040	1	0.75720	0.59444	1	0.43929	0.55384	11.89338	1.04239	1	0.70158	0.56534	12.03482	1.04239	1	-0.01600	-0.01251	0.66463	0.00347	1	0.05174	-0.01511	0.68052	0.00358	1	1.45898	0.81042	0	
1225772	8268.82617	3303487855355	0.72469	0.58144	8268.71875	0.10742	10667	1	0.79886	0.54331	1	0.71238	0.65475	1	0.75562	0.59903	1	0.43847	0.55377	12.24446	1.03438	1	0.70082	0.56508	11.85321	1.03438	1	-0.01600	-0.01231	0.65657	0.00330	1	0.05099	-0.01480	0.67329	0.00365	1	1.45898	0.81042	0	
1225773	8268.83301	3303487922361	0.72405	0.58211	8268.71875	0.11426	10667	1	0.73979	0.54115	1	0.68669	0.64588	1	0.71324	0.59351	1	0.43836	0.55376	12.31462	1.03438	1	0.70068	0.56470	11.86698	1.03438	1	-0.01600	-0.01231	0.65657	0.00342	1	0.05099	-0.01480	0.67329	0.00354	1	1.45898	0.81042	0	
1225774	8268.83984	3303487989468	0.72469	0.58253	8268.71875	0.12109	10667	1	0.75837	0.51848	1	0.71420	0.66174	1	0.73629	0.59011	1	0.43803	0.55328	12.07145	1.03438	1	0.70048	0.56509	12.05528	1.03438	1	-0.01600	-0.01231	0.65657	0.00332	1	0.05099	-0.01480	0.67329	0.00354	1	1.45898	0.81042	0	
1225775	8268.84570	3303488056757	0.72525	0.58287	8268.71875	0.12695	10667	1	0.75913	0.51344	1	0.71250	0.66519	1	0.73582	0.58931	1	0.43599	0.55343	11.80011	1.04239	1	0.69848	0.56452	11.73083	1.02793	1	-0.01718	-0.01286	0.68581	0.00329	1	0.04847	-0.01401	0.64641	0.00362	1	1.45898	0.81042	0	
1225776	8268.85254	3303488123551	0.72361	0.58291	8268.71875	0.13379	10667	1	0.70718	0.52063	1	0.67425	0.64669	1	0.69071	0.58366	1	0.43523	0.55313	11.82981	1.03594	1	0.69822	0.56372	11.85870	1.02148	1	-0.01718	-0.01286	0.68581	0.00321	1	0.04847	-0.01401	0.64641	0.00341	1	1.45898	0.81042	0	
1225777	8268.85938	3303488190546	0.72737	0.57754	8268.71875	0.14062	10667	1	0.76508	0.46496	1	0.84792	0.46468	1	0.80650	0.46482	1	0.43507	0.55279	11.09958	1.02949	1	0.70009	0.56156	9.23139	1.01502	1	-0.01718	-0.01286	0.68581	0.00309	1	0.04847	-0.01401	0.64641	0.00280	1	1.45898	0.81042	0	
1225778	8268.86621	3303488257934	0.73074	0.57284	8268.71875	0.14746	10667	1	0.76444	0.46936	1	0.84537	0.46954	1	0.80491	0.46945	1	0.43082	0.55304	11.69582	1.02304	1	0.69343	0.56264	11.43209	1.00857	1	-0.01771	-0.01258	0.67091	0.00301	1	0.04735	-0.01377	0.64175	0.00339	1	1.45898	0.81042	0	
1225779	8268.87305	3303488324337	0.72426	0.57202	8268.71875	0.15430	10667	1	0.59729	0.54135	1	0.55310	0.56513	1	0.57519	0.55324	1	0.43031	0.55338	12.42825	1.00857	1	0.69307	0.56240	11.72315	1.00857	1	-0.01771	-0.01258	0.67091	0.00328	1	0.04735	-0.01377	0.64175	0.00354	1	1.45898	0.81042	0	
1225780	8268.87988	3303488391956	0.71909	0.57084	8268.71875	0.16113	10667	1	0.62064	0.52520	1	0.56926	0.55968	1	0.59495	0.54244	1	0.43035	0.55324	11.85295	1.00857	1	0.69298	0.56219	12.12915	1.00857	1	-0.01771	-0.01258	0.67091	0.00317	1	0.04735	-0.01377	0.64175	0.00328	1	1.45898	0.81042	0	
1225781	8268.88574	3303488456473	0.71433	0.56966	8268.71875	0.16699	10667	1	0.62064	0.52520	1	0.57014	0.55531	1	0.59539	0.54025	1	0.42905	0.55299	11.36506	1.00857	1	0.69172	0.56244	12.24811	1.01538	1	-0.01807	-0.01262	0.67312	0.00336	1	0.04813	-0.01399	0.65702	0.00350	1	1.45898	0.81042	0	
1225782	8268.89258	3303488523248	0.70725	0.56773	8268.71875	0.17383	10667	1	0.54993	0.50340	1	0.49632	0.53127	1	0.52312	0.51733	1	0.42898	0.55298	11.30649	1.01538	1	0.69134	0.56178	12.10847	1.02219	1	-0.01807	-0.01262	0.67312	0.00339	1	0.04813	-0.01399	0.65702	0.00328	1	1.45898	0.81042	0	
1225783	8268.89941	3303488590715	0.67117	0.54766	8268.71875	0.17383	10667	0	0.56177	0.52842	1	0.48283	0.52920	1	0.52230	0.52881	1	0.42894	0.55294	11.07281	1.02219	1	0.69108	0.56179	11.51635	1.02900	1	-0.01807	-0.01262	0.67312	0.00343	1	0.04813	-0.01399	0.65702	0.00331	1	1.45898	0.81042	0	
1225784	8268.90625	3303488658942	0.59677	0.53479	8268.71875	0.17383	10667	0	0.56124	0.52409	1	0.48349	0.51974	1	0.52236	0.52191	1	0.42820	0.55314	11.47650	1.02900	1	0.69118	0.56215	11.96059	1.04347	1	-0.01859	-0.01286	0.68867	0.00354	1	0.05004	-0.01459	0.68518	0.00346	1	1.45898	0.81042	0	
1225785	8268.91309	3303488726502	0.57545	0.52407	8268.71875	0.17383	10667	0	0.54841	0.51421	1	0.51721	0.49106	1	0.53281	0.50264	1	0.42838	0.55295	11.65467	1.04347	1	0.69121	0.56160	11.61996	1.05113	1	-0.01859	-0.01286	0.68867	0.00340	1	0.05004	-0.01459	0.68518	0.00362	1	1.45898	0.81042	0	
1225786	8268.91992	3303488792890	0.52991	0.51608	8268.71875	0.17383	10667	0	0.54769	0.50548	1	0.52140	0.54189	1	0.53454	0.52368	1	0.42836	0.55321	11.87669	1.05113	1	0.69131	0.56198	11.65966	1.05878	1	-0.01859	-0.01286	0.68867	0.00336	1	0.05004	-0.01459	0.68518	0.00349	1	1.45898	0.81042	0	
1225787	8268.92676	3303488860357	0.53206	0.51866	8268.71875	0.17383	10667	0	0.54702	0.50058	1	0.52140	0.54189	1	0.53421	0.52123	1	0.42823	0.55292	11.35509	1.05878	1	0.69092	0.56151	11.78329	1.05878	1	-0.01855	-0.01271	0.68344	0.00347	1	0.04833	-0.01406	0.66241	0.00349	1	1.45898	0.81042	0	
1225788	8268.93359	3303488927782	0.52728	0.52046	8268.71875	0.17383	10667	0	0.53860	0.49909	1	0.49683	0.54902	1	0.51771	0.52406	1	0.42823	0.55292	11.35509	1.05878	1	0.69090	0.56167	12.09997	1.05113	1	-0.01855	-0.01271	0.68344	0.00347	1	0.04833	-0.01406	0.66241	0.00345	1	1.45898	0.81042	0	
1225789	8268.94043	3303488994872	0.52499	0.52336	8268.91992	0.02051	10668	1	0.53958	0.49875	1	0.49668	0.56541	1	0.51813	0.53208	1	0.42823	0.55275	11.42414	1.05113	1	0.69093	0.56174	12.08013	1.04347	1	-0.01855	-0.01271	0.68344	0.00359	1	0.04833	-0.01406	0.66241	0.00342	1	1.45898	0.81042	0	
1225790	8268.94629	3303489061412	0.52369	0.52560	8268.91992	0.02637	10668	1	0.54030	0.50371	1	0.49668	0.56541	1	0.51849	0.53456	1	0.42833	0.55249	11.11809	1.04347	1	0.69078	0.56134	11.97223	1.04347	1	-0.01855	-0.01271	0.68344	0.00367	1	0.05004	-0.01449	0.68518	0.00354	1	1.45898	0.81042	0	
1225791	8268.95312	3303489128097	0.52246	0.52426	8268.91992	0.03320	10668	1	0.53472	0.55080	1	0.49793	0.48432	1	0.51632	0.51756	1	0.42817	0.55296	11.84492	1.04347	1	0.69091	0.56141	11.78064	1.05113	1	-0.01855	-0.01271	0.68344	0.00337	1	0.05004	-0.01449	0.68518	0.00358	1	1.45898	0.81042	0	
1225792	8268.95996	3303489195313	0.52417	0.52478	8268.91992	0.04004	10668	1	0.57289	0.57031	1	0.49594	0.48544	1	0.53441	0.52787	1	0.42864	0.55300	11.71746	1.05113	1	0.69084	0.56140	11.76437	1.05878	1	-0.01855	-0.01271	0.68344	0.00331	1	0.05004	-0.01449	0.68518	0.00353	1	1.45898	0.81042	0	
1225793	8268.96680	3303489262012	0.52545	0.52456	8268.91992	0.04688	10668	1	0.57238	0.56588	1	0.49637	0.48025	1	0.53438	0.52307	1	0.42850	0.55278	11.93111	1.05878	1	0.69092	0.56098	11.38324	1.06644	1	-0.01855	-0.01261	0.68344	0.00349	1	0.04938	-0.01435	0.67614	0.00365	1	1.45898	0.81042	0	
1225794	8268.97363	3303489329162	0.52761	0.52025	8268.91992	0.05371	10668	1	0.56887	0.52193	1	0.52090	0.44958	1	0.54488	0.48576	1	0.42861	0.55231	11.79862	1.06644	1	0.69123	0.56106	11.39994	1.06644	1	-0.01855	-0.01261	0.68344	0.00328	1	0.04938	-0.01435	0.67614	0.00384	1	1.45898	0.81042	0	
1225795	8268.98047	3303489395841	0.52739	0.51407	8268.91992	0.06055	10668	1	0.56181	0.49475	1	0.48910	0.42214	1	0.52545	0.45844	1	0.42859	0.55220	11.58675	1.06644	1	0.69077	0.56087	11.52614	1.06644	1	-0.01855	-0.01261	0.68344	0.00333	1	0.04938	-0.01435	0.67614	0.00368	1	1.45898	0.81042	0	
1225796	8268.98633	3303489463140	0.52721	0.50901	8268.91992	0.06641	10668	1	0.56181	0.49475	1	0.48910	0.42214	1	0.52545	0.45844	1	0.42809	0.55198	11.24561	1.06644	1	0.69120	0.56205	12.01424	1.06644	1	-0.01847	-0.01257	0.68433	0.00339	1	0.05004	-0.01459	0.68518	0.00341	1	1.45898	0.81042	0	
1225797	8268.99316	3303489528182	0.52544	0.51086	8268.91992	0.07324	10668	1	0.53051	0.52897	1	0.48131	0.53332	1	0.50591	0.53115	1	0.42816	0.55185	11.52636	1.06644	1	0.69106	0.56199	12.07642	1.06644	1	-0.01847	-0.01257	0.68433	0.00338	1	0.05004	-0.01459	0.68518	0.00329	1	1.45898	0.81042	0	
1225798	8269.00000	3303489597002	0.52434	0.51272	8268.91992	0.08008	10668	1	0.53862	0.52496	1	0.48376	0.54512	1	0.51119	0.53504	1	0.42820	0.55198	11.37675	1.06644	1	0.69104	0.56218	11.77184	1.06644	1	-0.01847	-0.01257	0.68433	0.00327	1	0.05004	-0.01459	0.68518	0.00340	1	1.45898	0.81042	0	
1225799	8269.00684	3303489664552	0.52339	0.51448	8268.91992	0.08691	10668	1	0.53862	0.52496	1	0.48342	0.54984	1	0.51102	0.53740	1	0.42846	0.55183	11.59838	1.06644	1	0.69145	0.56190	12.40763	1.05878	1	-0.01840	-0.01247	0.68148	0.00321	1	0.04813	-0.01399	0.65702	0.00325	1	1.45898	0.81042	0	
1225800	8269.01367	3303489731247	0.52209	0.51734	8268.91992	0.09375	10668	1	0.51610	0.54235	1	0.49178	0.57238	1	0.50394	0.55736	1	0.42861	0.55213	12.18674	1.05878	1	0.69168	0.56272	11.95200	1.05113	1	-0.01840	-0.01247	0.68148	0.00328	1	0.04813	-0.01399	0.65702	0.00348	1	1.45898	0.81042	0	
1225801	8269.02051	3303489798396	0.52128	0.51870	8268.91992	0.10059	10668	1	0.51608	0.51529	1	0.50200	0.56307	1	0.50904	0.53918	1	0.42860	0.55172	11.45477	1.05113	1	0.69184	0.56269	12.17720	1.04347	1	-0.01840	-0.01247	0.68148	0.00355	1	0.04813	-0.01399	0.65702	0.00353	1	1.45898	0.81042	0	
1225802	8269.02734	3303489865067	0.52058	0.52005	8268.91992	0.10742	10668	1	0.51696	0.52013	1	0.50200	0.56307	1	0.50948	0.54160	1	0.42924	0.55207	11.20467	1.04347	1	0.69183	0.56281	12.07514	1.04347	1	-0.01807	-0.01232	0.67312	0.00339	1	0.05016	-0.01467	0.68402	0.00337	1	1.45898	0.81042	0	
1225803	8269.03320	3303489931777	0.52085	0.52003	8268.91992	0.11328	10668	1	0.55100	0.51660	1	0.49958	0.52281	1	0.52529	0.51971	1	0.42917	0.55160	11.04312	1.04347	1	0.69173	0.56263	12.10949	1.05113	1	-0.01807	-0.01232	0.67312	0.00366	1	0.05016	-0.01467	0.68402	0.00354	1	1.45898	0.81042	0	
1225804	8269.04004	3303489999532	0.52092	0.51990	8268.91992	0.12012	10668	1	0.55146	0.53969	1	0.49307	0.49552	1	0.52227	0.51760	1	0.42918	0.55199	11.93253	1.05113	1	0.69202	0.56269	11.48010	1.05878	1	-0.01807	-0.01232	0.67312	0.00346	1	0.05016	-0.01467	0.68402	0.00366	1	1.45898	0.81042	0	
1225805	8269.04688	3303490066334	0.52098	0.51954	8268.91992	0.12695	10668	1	0.55082	0.53503	1	0.49348	0.49040	1	0.52215	0.51272	1	0.42906	0.55187	11.30464	1.05878	1	0.69195	0.56284	11.47670	1.06644	1	-0.01808	-0.01240	0.67750	0.00340	1	0.05016	-0.01477	0.68402	0.00326	1	1.45898	0.81042	0	
1225806	8269.05371	3303490133185	0.52078	0.51923	8268.91992	0.13379	10668	1	0.55018	0.49206	1	0.48311	0.53361	1	0.51664	0.51284	1	0.42919	0.55144	11.53168	1.06644	1	0.69190	0.56312	11.59731	1.06644	1	-0.01808	-0.01240	0.67750	0.00335	1	0.05016	-0.01477	0.68402	0.00341	1	1.45898	0.81042	0	
1225807	8269.06055	3303490200061	0.52011	0.51766	8268.91992	0.14062	10668	1	0.52505	0.49273	1	0.48743	0.47687	1	0.50624	0.48480	1	0.42925	0.55161	11.46310	1.06644	1	0.69193	0.56301	11.49418	1.06644	1	-0.01808	-0.01240	0.67750	0.00339	1	0.05016	-0.01477	0.68402	0.00345	1	1.45898	0.81042	0	
1225808	8269.06738	3303490266888	0.51950	0.51634	8268.91992	0.14746	10668	1	0.52505	0.49273	1	0.48706	0.48208	1	0.50605	0.48741	1	0.42943	0.55175	11.68932	1.06644	1	0.69225	0.56383	12.79612	1.05878	1	-0.01808	-0.01240	0.67750	0.00347	1	0.04904	-0.01445	0.66666	0.00328	1	1.45898	0.81042	0	
1225809	8269.07324	3303490331606	0.51878	0.51550	8268.91992	0.15332	10668	1	0.50804	0.47781	1	0.49625	0.51456	1	0.50215	0.49618	1	0.42932	0.55182	11.62146	1.05878	1	0.69240	0.56374	12.05795	1.05113	1	-0.01808	-0.01240	0.67750	0.00354	1	0.04904	-0.01445	0.66666	0.00328	1	1.45898	0.81042	0	
1225810	8269.08105	3303490401114	0.51839	0.51470	8268.91992	0.16113	10668	1	0.52146	0.47553	1	0.49668	0.51525	1	0.50907	0.49539	1	0.42951	0.55165	11.43533	1.05113	1	0.69251	0.56360	12.41898	1.04347	1	-0.01808	-0.01240	0.67750	0.00358	1	0.04904	-0.01445	0.66666	0.00325	1	1.45898	0.81042	0	
1225811	8269.08691	3303490463477	0.51805	0.51406	8268.91992	0.16699	10668	1	0.52229	0.48066	1	0.49668	0.51525	1	0.50949	0.49796	1	0.42961	0.55212	12.16102	1.04347	1	0.69245	0.56352	12.23230	1.04347	1	-0.01808	-0.01250	0.67750	0.00333	1	0.05072	-0.01508	0.68876	0.00348	1	1.45898	0.81042	0	
1225812	8269.09375	3303490531827	0.51793	0.51452	8268.91992	0.17383	10668	1	0.52837	0.51997	1	0.50115	0.53304	1	0.51476	0.52650	1	0.42965	0.55213	11.92281	1.04347	1	0.69251	0.56390	12.19186	1.05113	1	-0.01808	-0.01250	0.67750	0.00335	1	0.05072	-0.01508	0.68876	0.00357	1	1.45898	0.81042	0	
1225813	8269.10059	3303490597523	0.51737	0.51549	8268.91992	0.18066	10668	1	0.51371	0.52801	1	0.49119	0.55554	1	0.50245	0.54177	1	0.42936	0.55226	11.90350	1.05113	1	0.69243	0.56424	12.29975	1.05878	1	-0.01808	-0.01250	0.67750	0.00350	1	0.05072	-0.01508	0.68876	0.00353	1	1.45898	0.81042	0	
1225814	8269.10742	3303490666512	0.51684	0.51604	8268.91992	0.18750	10668	1	0.51177	0.51762	1	0.49206	0.54530	1	0.50191	0.53146	1	0.42943	0.55240	11.82778	1.06787	1	0.69256	0.56450	12.17892	1.07553	1	-0.01881	-0.01304	0.70672	0.00330	1	0.05072	-0.01514	0.68876	0.00331	1	1.45898	0.81042	0	
1225815	8269.11426	3303490733028	0.51673	0.51595	8268.91992	0.19434	10668	1	0.52804	0.49193	1	0.49919	0.53472	1	0.51362	0.51332	1	0.42961	0.55286	11.78187	1.08462	1	0.69255	0.56466	12.21359	1.08462	1	-0.01881	-0.01304	0.70672	0.00347	1	0.05072	-0.01514	0.68876	0.00341	1	1.45898	0.81042	0	
1225816	8269.12012	3303490800672	0.51646	0.51631	8268.91992	0.20020	10668	1	0.51658	0.52503	1	0.49971	0.52912	1	0.50815	0.52708	1	0.42944	0.55303	12.02288	1.09370	1	0.69255	0.56466	12.21359	1.09370	1	-0.01881	-0.01304	0.70672	0.00337	1	0.05072	-0.01514	0.68876	0.00340	1	1.45898	0.81042	0	
1225817	8269.12695	3303490867926	0.51620	0.51665	8268.91992	0.20703	10668	1	0.51658	0.52503	1	0.49971	0.52912	1	0.50815	0.52708	1	0.42964	0.55283	12.19786	1.09370	1	0.69254	0.56434	12.04014	1.09370	1	-0.01808	-0.01260	0.67750	0.00353	1	0.05072	-0.01524	0.68876	0.00359	1	1.45898	0.81042	0	
1225818	8269.13379	3303490933727	0.51611	0.51512	8268.91992	0.21387	10668	1	0.52153	0.47409	1	0.50508	0.45849	1	0.51330	0.46629	1	0.42958	0.55299	12.64343	1.08462	1	0.69253	0.56450	12.08854	1.08462	1	-0.01808	-0.01260	0.67750	0.00347	1	0.05072	-0.01524	0.68876	0.00346	1	1.45898	0.81042	0	
1225819	8269.14062	3303491002915	0.51613	0.51363	8268.91992	0.22070	10668	1	0.52798	0.50299	1	0.50584	0.42565	1	0.51691	0.46432	1	0.42969	0.55328	12.62271	1.07553	1	0.69257	0.56380	11.98381	1.07553	1	-0.01808	-0.01260	0.67750	0.00329	1	0.05072	-0.01524	0.68876	0.00379	1	1.45898	0.81042	0	
1225820	8269.14746	3303491070005	0.51616	0.51222	8268.91992	0.22754	10668	1	0.52798	0.50299	1	0.50584	0.42565	1	0.51691	0.46432	1	0.42982	0.55328	11.69405	1.07553	1	0.69256	0.56470	12.31619	1.07553	1	-0.01881	-0.01325	0.70671	0.00328	1	0.05072	-0.01529	0.68876	0.00340	1	1.45898	0.81042	0	
1225821	8269.15430	3303491137914	0.51613	0.51234	8268.91992	0.23438	10668	1	0.54291	0.53398	1	0.48776	0.49899	1	0.51533	0.51648	1	0.42987	0.55364	11.70760	1.08462	1	0.69233	0.56485	12.43747	1.08462	1	-0.01881	-0.01325	0.70671	0.00344	1	0.05072	-0.01529	0.68876	0.00354	1	1.45898	0.81042	0	
1225822	8269.16113	3303491204917	0.51626	0.51149	8268.91992	0.24121	10668	1	0.54362	0.46296	1	0.49820	0.49932	1	0.52091	0.48114	1	0.42985	0.55356	11.54230	1.09370	1	0.69245	0.56484	12.33679	1.09370	1	-0.01881	-0.01325	0.70671	0.00357	1	0.05072	-0.01529	0.68876	0.00365	1	1.45898	0.81042	0	
1225823	8269.16797	3303491271729	0.51638	0.51076	8268.91992	0.24805	10668	1	0.54362	0.46296	1	0.49776	0.50425	1	0.52069	0.48360	1	0.42955	0.55368	11.84611	1.09370	1	0.69240	0.56561	12.47336	1.08604	1	-0.01808	-0.01280	0.67750	0.00353	1	0.04904	-0.01490	0.66666	0.00334	1	1.45898	0.81042	0	
1225824	8269.17480	3303491338618	0.51683	0.51067	8268.91992	0.25488	10668	1	0.54774	0.51959	1	0.52058	0.49491	1	0.53416	0.50725	1	0.42921	0.55445	12.01068	1.07696	1	0.69209	0.56556	12.39680	1.06930	1	-0.01808	-0.01280	0.67750	0.00328	1	0.04904	-0.01490	0.66666	0.00339	1	1.45898	0.81042	0	
1225825	8269.18066	3303491405831	0.51776	0.50960	8268.91992	0.26074	10668	1	0.55144	0.45966	1	0.55604	0.47618	1	0.55374	0.46792	1	0.42933	0.55469	12.30595	1.06021	1	0.69228	0.56563	12.38003	1.05255	1	-0.01808	-0.01280	0.67750	0.00337	1	0.04904	-0.01490	0.66666	0.00392	1	1.45898	0.81042	0	
1225826	8269.18750	3303491472828	0.51863	0.50886	8268.91992	0.26758	10668	1	0.55283	0.47101	1	0.55416	0.48781	1	0.55350	0.47941	1	0.42760	0.55657	12.20619	1.04347	1	0.68933	0.56731	12.45281	1.03581	1	-0.01840	-0.01319	0.68148	0.00319	1	0.04785	-0.01489	0.65730	0.00311	1	1.45898	0.81042	0	
1225827	8269.19434	3303491539502	0.51679	0.51087	8268.91992	0.27441	10668	1	0.45310	0.60911	1	0.42994	0.57724	1	0.44152	0.59317	1	0.42676	0.55656	12.02601	1.03581	1	0.68863	0.56735	11.88925	1.03581	1	-0.01840	-0.01319	0.68148	0.00344	1	0.04785	-0.01489	0.65730	0.00315	1	1.45898	0.81042	0	
1225828	8269.20117	3303491606733	0.51565	0.51308	8268.91992	0.28125	10668	1	0.49683	0.65536	1	0.43844	0.55622	1	0.46764	0.60579	1	0.42713	0.55708	13.05379	1.03581	1	0.68883	0.56712	11.88429	1.03581	1	-0.01840	-0.01319	0.68148	0.00320	1	0.04785	-0.01489	0.65730	0.00356	1	1.45898	0.81042	0	
1225829	8269.20801	3303491673624	0.51456	0.51519	8268.91992	0.28809	10668	1	0.49683	0.65536	1	0.43844	0.55622	1	0.46764	0.60579	1	0.42680	0.55756	12.06620	1.03581	1	0.68798	0.56800	12.35285	1.03581	1	-0.01869	-0.01341	0.68487	0.00311	1	0.04864	-0.01531	0.66938	0.00325	1	1.45898	0.81042	0	
1225830	8269.21484	3303491740884	0.51257	0.51756	8268.91992	0.29492	10668	1	0.47749	0.66227	1	0.37274	0.58183	1	0.42511	0.62205	1	0.42671	0.55769	12.36229	1.03581	1	0.68812	0.56815	12.33876	1.03581	1	-0.01869	-0.01341	0.68487	0.00317	1	0.04864	-0.01531	0.66938	0.00320	1	1.45898	0.81042	0	
1225831	8269.22168	3303491808169	0.51031	0.52004	8268.91992	0.30176	10668	1	0.45169	0.65785	1	0.36572	0.60566	1	0.40871	0.63176	1	0.42674	0.55755	11.90184	1.03581	1	0.68818	0.56824	12.30096	1.03581	1	-0.01869	-0.01341	0.68487	0.00316	1	0.04864	-0.01531	0.66938	0.00317	1	1.45898	0.81042	0	
1225832	8269.22754	3303491870719	0.48478	0.55200	8268.91992	0.30176	10668	0	0.45169	0.65785	1	0.36522	0.60130	1	0.40846	0.62958	1	0.42728	0.55815	12.25907	1.03581	1	0.68860	0.56816	12.39575	1.04347	1	-0.01842	-0.01333	0.67850	0.00334	1	0.04916	-0.01548	0.67453	0.00324	1	1.45898	0.81042	0	
1225833	8269.23438	3303491941624	0.44810	0.61376	8268.91992	0.30176	10668	0	0.47090	0.71088	1	0.35196	0.64018	1	0.41143	0.67553	1	0.42698	0.55828	12.76824	1.04347	1	0.68837	0.56853	13.16427	1.05113	1	-0.01842	-0.01333	0.67850	0.00327	1	0.04916	-0.01548	0.67453	0.00301	1	1.45898	0.81042	0	
1225834	8269.24121	3303492008075	0.43474	0.62616	8268.91992	0.30176	10668	0	0.46825	0.69001	1	0.34776	0.61187	1	0.40801	0.65094	1	0.42693	0.55825	12.58529	1.05113	1	0.68836	0.56842	13.09883	1.05878	1	-0.01842	-0.01333	0.67850	0.00326	1	0.04916	-0.01548	0.67453	0.00312	1	1.45898	0.81042	0	
1225835	8269.24805	3303492073537	0.40894	0.65854	8268.91992	0.30176	10668	0	0.46705	0.68643	1	0.34776	0.61187	1	0.40740	0.64915	1	0.42702	0.55816	12.40199	1.05878	1	0.68878	0.56815	12.20913	1.05878	1	-0.01859	-0.01358	0.68867	0.00314	1	0.04858	-0.01533	0.66586	0.00324	1	1.45898	0.81042	0	
1225836	8269.25488	3303492142098	0.41207	0.65515	8268.91992	0.30176	10668	0	0.43380	0.67894	1	0.39659	0.62456	1	0.41519	0.65175	1	0.42684	0.55836	12.79363	1.05878	1	0.68895	0.56831	12.40334	1.05113	1	-0.01859	-0.01358	0.68867	0.00304	1	0.04858	-0.01533	0.66586	0.00322	1	1.45898	0.81042	0	
1225837	8269.26172	3303492209840	0.40466	0.64904	8268.91992	0.30176	10668	0	0.40220	0.68666	1	0.37750	0.58697	1	0.38985	0.63682	1	0.42671	0.55837	12.61037	1.05113	1	0.68897	0.56839	12.67733	1.04347	1	-0.01859	-0.01358	0.68867	0.00303	1	0.04858	-0.01533	0.66586	0.00316	1	1.45898	0.81042	0	
1225838	8269.26855	3303492276617	0.40091	0.64579	8269.24805	0.02051	10669	1	0.40189	0.68599	1	0.37742	0.58614	1	0.38966	0.63606	1	0.42756	0.55818	11.35013	1.05255	1	0.68937	0.56840	12.59494	1.04489	1	-0.01883	-0.01380	0.69950	0.00343	1	0.04788	-0.01513	0.65491	0.00304	1	1.45898	0.81042	0	
1225839	8269.27441	3303492343630	0.40494	0.64282	8269.24805	0.02637	10669	1	0.46864	0.67277	1	0.37343	0.58905	1	0.42103	0.63091	1	0.42786	0.55845	12.18907	1.05398	1	0.68940	0.56855	12.33245	1.05398	1	-0.01883	-0.01380	0.69950	0.00320	1	0.04788	-0.01513	0.65491	0.00297	1	1.45898	0.81042	0	
1225840	8269.28125	3303492410436	0.40516	0.64389	8269.24805	0.03320	10669	1	0.44100	0.69863	1	0.37153	0.59989	1	0.40626	0.64926	1	0.42744	0.55862	12.14885	1.06306	1	0.68949	0.56873	12.34616	1.06306	1	-0.01883	-0.01380	0.69950	0.00309	1	0.04788	-0.01513	0.65491	0.00306	1	1.45898	0.81042	0	
1225841	8269.28809	3303492477355	0.40531	0.64466	8269.24805	0.04004	10669	1	0.44100	0.69863	1	0.37153	0.59989	1	0.40626	0.64926	1	0.42784	0.55828	11.81722	1.06306	1	0.68965	0.56897	12.53825	1.06306	1	-0.01808	-0.01341	0.67750	0.00353	1	0.04905	-0.01552	0.66962	0.00301	1	1.45898	0.81042	0	
1225842	8269.29492	3303492544569	0.40470	0.64209	8269.24805	0.04688	10669	1	0.43589	0.66582	1	0.36495	0.58234	1	0.40042	0.62408	1	0.42760	0.55834	12.17816	1.05398	1	0.68959	0.56864	12.24433	1.05398	1	-0.01808	-0.01341	0.67750	0.00312	1	0.04905	-0.01552	0.66962	0.00322	1	1.45898	0.81042	0	
1225843	8269.30176	3303492611502	0.40520	0.64307	8269.24805	0.05371	10669	1	0.44402	0.68628	1	0.37428	0.61552	1	0.40915	0.65090	1	0.42774	0.55847	12.08490	1.04489	1	0.68969	0.56873	12.13505	1.04489	1	-0.01808	-0.01341	0.67750	0.00305	1	0.04905	-0.01552	0.66962	0.00328	1	1.45898	0.81042	0	
1225844	8269.30859	3303492677856	0.40570	0.64432	8269.24805	0.06055	10669	1	0.44566	0.69059	1	0.37480	0.62057	1	0.41023	0.65558	1	0.42804	0.55857	11.41147	1.03581	1	0.68982	0.56869	12.26584	1.03581	1	-0.01808	-0.01341	0.67750	0.00314	1	0.04837	-0.01532	0.65888	0.00322	1	1.45898	0.81042	0	
1225845	8269.31543	3303492745148	0.40590	0.64587	8269.24805	0.06738	10669	1	0.45525	0.70554	1	0.36065	0.61731	1	0.40795	0.66142	1	0.42819	0.55860	11.64956	1.03581	1	0.69008	0.56883	12.89532	1.03581	1	-0.01808	-0.01341	0.67750	0.00313	1	0.04837	-0.01532	0.65888	0.00302	1	1.45898	0.81042	0	
1225846	8269.32129	3303492810702	0.40591	0.64677	8269.24805	0.07324	10669	1	0.45152	0.68721	1	0.36039	0.62609	1	0.40595	0.65665	1	0.42826	0.55851	11.45574	1.03581	1	0.68988	0.56877	12.74629	1.03581	1	-0.01808	-0.01341	0.67750	0.00317	1	0.04837	-0.01532	0.65888	0.00320	1	1.45898	0.81042	0	
1225847	8269.32812	3303492879443	0.40589	0.64737	8269.24805	0.08008	10669	1	0.45152	0.68721	1	0.35985	0.62188	1	0.40568	0.65455	1	0.42830	0.55860	12.27754	1.03581	1	0.69042	0.56869	12.27695	1.04347	1	-0.01771	-0.01328	0.67091	0.00309	1	0.05007	-0.01584	0.68134	0.00336	1	1.45898	0.81042	0	
1225848	8269.33496	3303492945893	0.40689	0.64862	8269.24805	0.08691	10669	1	0.45654	0.70427	1	0.38313	0.62563	1	0.41984	0.66495	1	0.42833	0.55864	12.39806	1.04347	1	0.69043	0.56901	12.36684	1.05113	1	-0.01771	-0.01328	0.67091	0.00305	1	0.05007	-0.01584	0.68134	0.00320	1	1.45898	0.81042	0	
1225849	8269.34180	3303493011261	0.40703	0.64900	8269.24805	0.09375	10669	1	0.42483	0.70167	1	0.39322	0.60701	1	0.40902	0.65434	1	0.42823	0.55865	12.19879	1.05113	1	0.69045	0.56892	12.29478	1.05878	1	-0.01771	-0.01328	0.67091	0.00314	1	0.05007	-0.01584	0.68134	0.00327	1	1.45898	0.81042	0	
1225850	8269.34863	3303493080017	0.40711	0.64923	8269.24805	0.10059	10669	1	0.42333	0.69816	1	0.39322	0.60701	1	0.40827	0.65259	1	0.42862	0.55858	12.42307	1.05878	1	0.69051	0.56922	12.27815	1.05878	1	-0.01771	-0.01328	0.67091	0.00300	1	0.04904	-0.01550	0.66666	0.00315	1	1.45898	0.81042	0	
1225851	8269.35547	3303493146868	0.40658	0.64772	8269.24805	0.10742	10669	1	0.42923	0.65995	1	0.36699	0.58727	1	0.39811	0.62361	1	0.42844	0.55825	11.96726	1.05878	1	0.69054	0.56916	12.36739	1.05113	1	-0.01771	-0.01328	0.67091	0.00300	1	0.04904	-0.01550	0.66666	0.00315	1	1.45898	0.81042	0	
1225852	8269.36230	3303493214013	0.40640	0.64641	8269.24805	0.11426	10669	1	0.43514	0.63757	1	0.37144	0.61080	1	0.40329	0.62419	1	0.42840	0.55837	12.02426	1.05113	1	0.69051	0.56924	12.40515	1.04347	1	-0.01771	-0.01328	0.67091	0.00303	1	0.04904	-0.01550	0.66666	0.00314	1	1.45898	0.81042	0	
1225853	8269.36816	3303493281073	0.40628	0.64546	8269.24805	0.12012	10669	1	0.43656	0.64154	1	0.37190	0.61509	1	0.40423	0.62832	1	0.42829	0.55896	12.50168	1.04347	1	0.69054	0.56953	12.00827	1.03581	1	-0.01813	-0.01365	0.68687	0.00296	1	0.04904	-0.01550	0.66666	0.00308	1	1.45898	0.81042	0	
1225854	8269.37500	3303493348213	0.40564	0.64495	8269.24805	0.12695	10669	1	0.41581	0.67885	1	0.37095	0.59153	1	0.39338	0.63519	1	0.42825	0.55858	11.80946	1.03581	1	0.69051	0.56885	11.99329	1.03581	1	-0.01813	-0.01365	0.68687	0.00301	1	0.04904	-0.01550	0.66666	0.00328	1	1.45898	0.81042	0	
1225855	8269.38184	3303493415439	0.40477	0.64450	8269.24805	0.13379	10669	1	0.41812	0.66444	1	0.35696	0.60669	1	0.38754	0.63556	1	0.42844	0.55864	12.17976	1.03581	1	0.69041	0.56920	11.74802	1.03581	1	-0.01813	-0.01365	0.68687	0.00297	1	0.04904	-0.01550	0.66666	0.00323	1	1.45898	0.81042	0	
1225856	8269.38867	3303493482121	0.40403	0.64419	8269.24805	0.14062	10669	1	0.41975	0.66845	1	0.35699	0.60689	1	0.38837	0.63767	1	0.42851	0.55895	12.45285	1.02779	1	0.69067	0.56949	13.00013	1.03545	1	-0.01734	-0.01315	0.65894	0.00300	1	0.05030	-0.01585	0.68176	0.00298	1	1.45898	0.81042	0	
1225857	8269.39551	3303493549508	0.40315	0.64469	8269.24805	0.14746	10669	1	0.43367	0.71252	1	0.33374	0.59879	1	0.38371	0.65566	1	0.42860	0.55887	11.99925	1.02743	1	0.69046	0.56941	12.41974	1.03509	1	-0.01734	-0.01315	0.65894	0.00303	1	0.05030	-0.01585	0.68176	0.00304	1	1.45898	0.81042	0	
1225858	8269.40234	3303493615948	0.40260	0.64622	8269.24805	0.15430	10669	1	0.43871	0.72623	1	0.34157	0.63642	1	0.39014	0.68132	1	0.42878	0.55886	12.76966	1.02708	1	0.69056	0.56944	12.64583	1.03473	1	-0.01734	-0.01315	0.65894	0.00301	1	0.05030	-0.01585	0.68176	0.00299	1	1.45898	0.81042	0	
1225859	8269.40918	3303493683279	0.40211	0.64763	8269.24805	0.16113	10669	1	0.43878	0.72639	1	0.34160	0.63661	1	0.39019	0.68150	1	0.42899	0.55872	12.44963	1.02672	1	0.69081	0.56957	13.39215	1.03438	1	-0.01717	-0.01299	0.65620	0.00301	1	0.05030	-0.01585	0.68176	0.00302	1	1.45898	0.81042	0	
1225860	8269.41504	3303493749957	0.40235	0.64891	8269.24805	0.16699	10669	1	0.44211	0.72788	1	0.37479	0.63389	1	0.40845	0.68088	1	0.42888	0.55874	12.60611	1.03438	1	0.69099	0.56955	12.78325	1.03438	1	-0.01717	-0.01299	0.65620	0.00299	1	0.05030	-0.01585	0.68176	0.00310	1	1.45898	0.81042	0	
1225861	8269.42188	3303493816884	0.40266	0.64994	8269.24805	0.17383	10669	1	0.46239	0.71536	1	0.35880	0.63824	1	0.41060	0.67680	1	0.42915	0.55875	12.90066	1.03438	1	0.69092	0.56967	13.38023	1.03438	1	-0.01717	-0.01299	0.65620	0.00304	1	0.05030	-0.01585	0.68176	0.00305	1	1.45898	0.81042	0	
1225862	8269.42871	3303493884154	0.40291	0.65076	8269.24805	0.18066	10669	1	0.46106	0.71175	1	0.35823	0.63392	1	0.40964	0.67284	1	0.42901	0.55868	12.76205	1.04239	1	0.69085	0.56968	13.18058	1.04239	1	-0.01789	-0.01357	0.68547	0.00308	1	0.05030	-0.01585	0.68176	0.00305	1	1.45898	0.81042	0	
1225863	8269.43555	3303493950606	0.40294	0.65150	8269.24805	0.18750	10669	1	0.44341	0.69931	1	0.36467	0.64538	1	0.40404	0.67234	1	0.42889	0.55863	12.66341	1.05041	1	0.69090	0.56961	13.10528	1.05041	1	-0.01789	-0.01357	0.68547	0.00306	1	0.05030	-0.01585	0.68176	0.00303	1	1.45898	0.81042	0	
1225864	8269.44238	3303494017974	0.40286	0.65142	8269.24805	0.19434	10669	1	0.44560	0.68404	1	0.35498	0.61395	1	0.40029	0.64900	1	0.42909	0.55852	13.00988	1.05843	1	0.69080	0.56946	13.16813	1.05843	1	-0.01789	-0.01357	0.68547	0.00310	1	0.05030	-0.01585	0.68176	0.00304	1	1.45898	0.81042	0	
1225865	8269.44922	3303494084786	0.40275	0.65128	8269.24805	0.20117	10669	1	0.44419	0.68027	1	0.35496	0.61376	1	0.39957	0.64701	1	0.42894	0.55848	12.78323	1.06644	1	0.69081	0.56954	13.17209	1.05878	1	-0.01789	-0.01357	0.68547	0.00303	1	0.04876	-0.01535	0.66025	0.00307	1	1.45898	0.81042	0	
1225866	8269.45605	3303494151910	0.40264	0.65248	8269.24805	0.20801	10669	1	0.44437	0.69629	1	0.35398	0.68341	1	0.39917	0.68985	1	0.42889	0.55867	12.77118	1.05878	1	0.69087	0.56939	12.94187	1.05113	1	-0.01789	-0.01357	0.68547	0.00302	1	0.04876	-0.01535	0.66025	0.00307	1	1.45898	0.81042	0	
1225867	8269.46289	3303494219849	0.40272	0.65336	8269.24805	0.21484	10669	1	0.44852	0.70318	1	0.36187	0.65995	1	0.40519	0.68156	1	0.42889	0.55865	12.51959	1.05113	1	0.69086	0.56925	13.12117	1.04347	1	-0.01789	-0.01357	0.68547	0.00298	1	0.04876	-0.01535	0.66025	0.00308	1	1.45898	0.81042	0	
1225868	8269.46875	3303494285851	0.40282	0.65430	8269.24805	0.22070	10669	1	0.44986	0.70666	1	0.36239	0.66388	1	0.40613	0.68527	1	0.42911	0.55834	13.13869	1.04347	1	0.69124	0.56892	12.29478	1.03581	1	-0.01789	-0.01352	0.68547	0.00299	1	0.04831	-0.01516	0.65407	0.00327	1	1.45898	0.81042	0	
1225869	8269.47559	3303494350049	0.40340	0.65495	8269.24805	0.22754	10669	1	0.45696	0.73025	1	0.38951	0.62409	1	0.42323	0.67717	1	0.42905	0.55836	12.99331	1.03581	1	0.69124	0.56892	12.29478	1.03581	1	-0.01789	-0.01352	0.68547	0.00300	1	0.04831	-0.01516	0.65407	0.00327	1	1.45898	0.81042	0	
1225870	8269.48242	3303494418204	0.40401	0.65573	8269.24805	0.23438	10669	1	0.46470	0.71898	1	0.38569	0.64711	1	0.42520	0.68304	1	0.42913	0.55827	13.00269	1.03581	1	0.69124	0.56914	12.40034	1.03581	1	-0.01789	-0.01352	0.68547	0.00303	1	0.04831	-0.01516	0.65407	0.00313	1	1.45898	0.81042	0	
1225871	8269.48926	3303494483238	0.40460	0.65658	8269.24805	0.24121	10669	1	0.46602	0.72255	1	0.38606	0.65137	1	0.42604	0.68696	1	0.42914	0.55830	13.65160	1.02779	1	0.69076	0.56860	12.90376	1.02779	1	-0.01717	-0.01289	0.65620	0.00307	1	0.04876	-0.01525	0.66025	0.00328	1	1.45898	0.81042	0	
1225872	8269.49609	3303494552525	0.40488	0.65723	8269.24805	0.24805	10669	1	0.47966	0.73288	1	0.35059	0.62996	1	0.41512	0.68142	1	0.42948	0.55827	13.44540	1.01977	1	0.69082	0.56893	13.17780	1.01977	1	-0.01717	-0.01289	0.65620	0.00331	1	0.04876	-0.01525	0.66025	0.00300	1	1.45898	0.81042	0	
1225873	8269.50195	3303494617040	0.40551	0.65791	8269.24805	0.25391	10669	1	0.48086	0.75194	1	0.37785	0.61553	1	0.42936	0.68373	1	0.42940	0.55803	13.06549	1.01176	1	0.69117	0.56855	12.55078	1.01176	1	-0.01717	-0.01289	0.65620	0.00331	1	0.04876	-0.01525	0.66025	0.00317	1	1.45898	0.81042	0	
1225874	8269.50879	3303494684640	0.40610	0.65850	8269.24805	0.26074	10669	1	0.48086	0.75194	1	0.37743	0.61113	1	0.42915	0.68153	1	0.42883	0.55801	12.80360	1.01176	1	0.69072	0.56860	12.98881	1.01942	1	-0.01729	-0.01300	0.65890	0.00326	1	0.05030	-0.01565	0.68175	0.00301	1	1.45898	0.81042	0	
1225875	8269.51562	3303494751570	0.40628	0.65909	8269.24805	0.26758	10669	1	0.42624	0.69182	1	0.40080	0.67356	1	0.41352	0.68269	1	0.42834	0.55759	12.93398	1.02743	1	0.69059	0.56830	12.12526	1.03509	1	-0.01729	-0.01300	0.65890	0.00309	1	0.05030	-0.01565	0.68175	0.00306	1	1.45898	0.81042	0	
1225876	8269.52246	3303494819352	0.40684	0.65936	8269.24805	0.27441	10669	1	0.45683	0.68268	1	0.40339	0.65838	1	0.43011	0.67053	1	0.42829	0.55694	11.57285	1.04311	1	0.69024	0.56828	11.90863	1.05077	1	-0.01729	-0.01300	0.65890	0.00303	1	0.05030	-0.01565	0.68175	0.00280	1	1.45898	0.81042	0	
1225877	8269.52930	3303494884174	0.40735	0.65944	8269.24805	0.28125	10669	1	0.45419	0.67519	1	0.40293	0.65033	1	0.42856	0.66276	1	0.42653	0.55655	11.58923	1.05878	1	0.68822	0.56595	11.84861	1.06644	1	-0.01842	-0.01320	0.69012	0.00375	1	0.04979	-0.01539	0.68169	0.00353	1	1.45898	0.81042	0	
1225878	8269.53613	3303494952747	0.40583	0.65726	8269.24805	0.28809	10669	1	0.34266	0.62178	1	0.33849	0.50471	1	0.34058	0.56324	1	0.42582	0.55535	11.88154	1.06644	1	0.68805	0.56571	13.34968	1.06644	1	-0.01842	-0.01320	0.69012	0.00334	1	0.04979	-0.01539	0.68169	0.00333	1	1.45898	0.81042	0	
1225879	8269.54297	3303495021945	0.40451	0.65585	8269.24805	0.29492	10669	1	0.34458	0.60593	1	0.34781	0.58236	1	0.34619	0.59414	1	0.42589	0.55477	12.25784	1.06644	1	0.68781	0.56559	13.18224	1.06644	1	-0.01842	-0.01320	0.69012	0.00334	1	0.04979	-0.01539	0.68169	0.00317	1	1.45898	0.81042	0	
1225880	8269.54980	3303495089977	0.40325	0.65456	8269.24805	0.30176	10669	1	0.34458	0.60593	1	0.34841	0.58675	1	0.34649	0.59634	1	0.42377	0.55093	11.05333	1.06644	1	0.68625	0.56357	12.82928	1.05878	1	-0.01840	-0.01278	0.68148	0.00257	1	0.04864	-0.01471	0.66938	0.00376	1	1.45898	0.81042	0	
1225881	8269.55566	3303495155620	0.40034	0.64947	8269.24805	0.30762	10669	1	0.25303	0.33900	1	0.28053	0.49177	1	0.26678	0.41539	1	0.42375	0.55089	10.89425	1.05878	1	0.68623	0.56410	12.66501	1.05113	1	-0.01840	-0.01278	0.68148	0.00257	1	0.04864	-0.01471	0.66938	0.00354	1	1.45898	0.81042	0	
1225882	8269.56250	3303495223746	0.37979	0.61160	8269.24805	0.30762	10669	0	0.27216	0.36884	1	0.29889	0.47221	1	0.28553	0.42053	1	0.42383	0.55066	11.09015	1.05113	1	0.68641	0.56390	13.07271	1.04347	1	-0.01840	-0.01278	0.68148	0.00262	1	0.04864	-0.01471	0.66938	0.00357	1	1.45898	0.81042	0	
1225883	8269.56934	3303495290600	0.33414	0.52052	8269.24805	0.30762	10669	0	0.27708	0.38116	1	0.29991	0.47771	1	0.28849	0.42943	1	0.42379	0.55058	11.33249	1.03545	1	0.68630	0.56386	13.18862	1.03545	1	-0.01786	-0.01222	0.65991	0.00256	1	0.04962	-0.01502	0.68359	0.00361	1	1.45898	0.81042	0	
1225884	8269.57617	3303495357490	0.31644	0.47952	8269.24805	0.30762	10669	0	0.27223	0.38443	1	0.28984	0.41062	1	0.28103	0.39753	1	0.42374	0.55058	11.38914	1.02743	1	0.68620	0.56372	12.98884	1.03509	1	-0.01786	-0.01222	0.65991	0.00254	1	0.04962	-0.01502	0.68359	0.00364	1	1.45898	0.81042	0	
1225885	8269.58301	3303495424681	0.28050	0.42369	8269.24805	0.30762	10669	0	0.26982	0.39989	1	0.27412	0.48830	1	0.27197	0.44409	1	0.42356	0.55064	11.61602	1.02708	1	0.68626	0.56378	13.05053	1.03473	1	-0.01786	-0.01222	0.65991	0.00248	1	0.04962	-0.01502	0.68359	0.00363	1	1.45898	0.81042	0	
1225886	8269.58984	3303495491491	0.27500	0.42965	8269.24805	0.30762	10669	0	0.26734	0.39397	1	0.27166	0.47726	1	0.26950	0.43561	1	0.42329	0.55033	11.07810	1.03473	1	0.68608	0.56390	13.36703	1.05107	1	-0.01855	-0.01261	0.68344	0.00260	1	0.05163	-0.01565	0.71203	0.00362	1	1.45898	0.81042	0	
1225887	8269.59668	3303495558584	0.26866	0.42020	8269.24805	0.30762	10669	0	0.24102	0.33044	1	0.27093	0.47214	1	0.25598	0.40129	1	0.42338	0.55030	11.10666	1.05909	1	0.68611	0.56352	13.16255	1.06777	1	-0.01855	-0.01261	0.68344	0.00258	1	0.05163	-0.01565	0.71203	0.00357	1	1.45898	0.81042	0	
1225888	8269.60254	3303495624902	0.26555	0.41014	8269.58301	0.01953	10670	1	0.24005	0.31884	1	0.27240	0.44107	1	0.25622	0.37995	1	0.42340	0.55026	11.40961	1.07579	1	0.68618	0.56343	13.26425	1.08447	1	-0.01855	-0.01261	0.68344	0.00255	1	0.05163	-0.01565	0.71203	0.00361	1	1.45898	0.81042	0	
1225889	8269.60938	3303495691039	0.26340	0.40339	8269.58301	0.02637	10670	1	0.23719	0.31175	1	0.27240	0.44107	1	0.25479	0.37641	1	0.42331	0.55006	11.00336	1.08447	1	0.68624	0.56343	13.11918	1.08447	1	-0.01798	-0.01219	0.66044	0.00258	1	0.04959	-0.01496	0.68327	0.00359	1	1.45898	0.81042	0	
1225890	8269.61621	3303495759532	0.26228	0.40523	8269.58301	0.03320	10670	1	0.23719	0.35568	1	0.27613	0.47321	1	0.25666	0.41444	1	0.42307	0.55021	11.55963	1.07645	1	0.68623	0.56355	13.13715	1.06777	1	-0.01798	-0.01219	0.66044	0.00249	1	0.04959	-0.01496	0.68327	0.00358	1	1.45898	0.81042	0	
1225891	8269.62305	3303495826204	0.26135	0.40668	8269.58301	0.04004	10670	1	0.23728	0.36651	1	0.27432	0.46417	1	0.25580	0.41534	1	0.42296	0.55006	11.02165	1.05976	1	0.68608	0.56341	13.30889	1.05107	1	-0.01798	-0.01219	0.66044	0.00256	1	0.04959	-0.01496	0.68327	0.00359	1	1.45898	0.81042	0	
1225892	8269.62988	3303495893003	0.26109	0.40892	8269.58301	0.04688	10670	1	0.24295	0.37958	1	0.27550	0.46968	1	0.25923	0.42463	1	0.42280	0.55009	10.90795	1.04306	1	0.68588	0.56283	13.08191	1.04306	1	-0.01798	-0.01219	0.66044	0.00260	1	0.05065	-0.01519	0.69860	0.00387	1	1.45898	0.81042	0	
1225893	8269.63672	3303495960686	0.26035	0.40774	8269.58301	0.05371	10670	1	0.23955	0.36148	1	0.26938	0.43505	1	0.25447	0.39827	1	0.42297	0.55005	11.08581	1.04306	1	0.68596	0.56299	12.91885	1.05174	1	-0.01798	-0.01219	0.66044	0.00252	1	0.05065	-0.01519	0.69860	0.00381	1	1.45898	0.81042	0	
1225894	8269.64355	3303496027848	0.26003	0.40620	8269.58301	0.06055	10670	1	0.23186	0.36413	1	0.28246	0.42056	1	0.25716	0.39234	1	0.42274	0.54999	11.06042	1.05174	1	0.68623	0.56293	12.49793	1.06042	1	-0.01798	-0.01219	0.66044	0.00262	1	0.05065	-0.01519	0.69860	0.00381	1	1.45898	0.81042	0	
1225895	8269.65039	3303496094611	0.25958	0.40434	8269.58301	0.06738	10670	1	0.22886	0.35725	1	0.28126	0.41429	1	0.25506	0.38577	1	0.42296	0.54980	11.03385	1.06042	1	0.68621	0.56309	12.58868	1.06910	1	-0.01790	-0.01197	0.65415	0.00248	1	0.05065	-0.01519	0.69860	0.00377	1	1.45898	0.81042	0	
1225896	8269.65625	3303496160925	0.26091	0.40372	8269.58301	0.07324	10670	1	0.25128	0.34999	1	0.29978	0.44391	1	0.27553	0.39695	1	0.42288	0.54975	11.22161	1.06910	1	0.68642	0.56331	12.66958	1.06910	1	-0.01790	-0.01197	0.65415	0.00248	1	0.05065	-0.01519	0.69860	0.00361	1	1.45898	0.81042	0	
1225897	8269.66309	3303496228471	0.26184	0.40278	8269.58301	0.08008	10670	1	0.26201	0.36364	1	0.28398	0.41913	1	0.27300	0.39138	1	0.42289	0.54972	11.38114	1.06910	1	0.68632	0.56316	12.59906	1.06910	1	-0.01790	-0.01197	0.65415	0.00244	1	0.05065	-0.01519	0.69860	0.00361	1	1.45898	0.81042	0	
1225898	8269.66992	3303496295337	0.26264	0.40196	8269.58301	0.08691	10670	1	0.26201	0.36364	1	0.28398	0.41913	1	0.27300	0.39138	1	0.42282	0.54953	10.91583	1.06910	1	0.68615	0.56297	12.58996	1.06910	1	-0.02008	-0.01337	0.73353	0.00255	1	0.05163	-0.01543	0.71203	0.00374	1	1.45898	0.81042	0	
1225899	8269.67676	3303496362485	0.26297	0.40221	8269.58301	0.09375	10670	1	0.25728	0.35031	1	0.27808	0.46110	1	0.26768	0.40570	1	0.42288	0.54957	11.24613	1.06910	1	0.68627	0.56333	12.71881	1.06910	1	-0.02008	-0.01337	0.73353	0.00251	1	0.05163	-0.01543	0.71203	0.00356	1	1.45898	0.81042	0	
1225900	8269.68359	3303496426212	0.26269	0.40107	8269.58301	0.10059	10670	1	0.24592	0.34019	1	0.27103	0.42777	1	0.25847	0.38398	1	0.42281	0.54958	11.19259	1.06910	1	0.68615	0.56297	12.58996	1.06910	1	-0.02008	-0.01337	0.73353	0.00250	1	0.05163	-0.01543	0.71203	0.00374	1	1.45898	0.81042	0	
1225901	8269.68945	3303496494221	0.26244	0.40007	8269.58301	0.10645	10670	1	0.24592	0.34019	1	0.27103	0.42777	1	0.25847	0.38398	1	0.42268	0.54944	11.32665	1.06910	1	0.68605	0.56305	12.92855	1.06910	1	-0.01790	-0.01187	0.65415	0.00249	1	0.05163	-0.01543	0.71203	0.00367	1	1.45898	0.81042	0	
1225902	8269.69629	3303496562813	0.26212	0.39896	8269.58301	0.11328	10670	1	0.24142	0.33498	1	0.27192	0.42539	1	0.25667	0.38019	1	0.42266	0.54938	10.92145	1.06910	1	0.68608	0.56314	12.98396	1.06910	1	-0.01790	-0.01187	0.65415	0.00244	1	0.05163	-0.01543	0.71203	0.00363	1	1.45898	0.81042	0	
1225903	8269.70312	3303496630238	0.26211	0.39776	8269.58301	0.12012	10670	1	0.24149	0.31075	1	0.28214	0.44133	1	0.26181	0.37604	1	0.42265	0.54926	11.28498	1.06910	1	0.68631	0.56324	12.63639	1.06910	1	-0.01790	-0.01187	0.65415	0.00251	1	0.05163	-0.01543	0.71203	0.00358	1	1.45898	0.81042	0	
1225904	8269.70996	3303496697214	0.26203	0.39651	8269.58301	0.12695	10670	1	0.23885	0.30410	1	0.28223	0.44179	1	0.26054	0.37294	1	0.42267	0.54928	11.20074	1.07712	1	0.68625	0.56330	12.80358	1.06844	1	-0.01881	-0.01244	0.68525	0.00252	1	0.04926	-0.01474	0.68006	0.00357	1	1.45898	0.81042	0	
1225905	8269.71680	3303496764447	0.26145	0.39526	8269.58301	0.13379	10670	1	0.22695	0.31708	1	0.27308	0.42335	1	0.25001	0.37021	1	0.42239	0.54944	11.01178	1.07645	1	0.68611	0.56312	12.95208	1.06777	1	-0.01881	-0.01244	0.68525	0.00252	1	0.04926	-0.01474	0.68006	0.00370	1	1.45898	0.81042	0	
1225906	8269.72363	3303496831349	0.26153	0.39457	8269.58301	0.14062	10670	1	0.24827	0.32380	1	0.27785	0.43608	1	0.26306	0.37994	1	0.42267	0.54927	10.62289	1.07579	1	0.68610	0.56332	13.17997	1.06711	1	-0.01881	-0.01244	0.68525	0.00258	1	0.04926	-0.01474	0.68006	0.00367	1	1.45898	0.81042	0	
1225907	8269.73047	3303496897964	0.26160	0.39395	8269.58301	0.14746	10670	1	0.24849	0.32434	1	0.27794	0.43654	1	0.26321	0.38044	1	0.42269	0.54924	10.89809	1.07512	1	0.68573	0.56319	12.96667	1.06644	1	-0.01881	-0.01244	0.68525	0.00258	1	0.04926	-0.01474	0.68006	0.00360	1	1.45898	0.81042	0	
1225908	8269.73730	3303496965228	0.26108	0.39370	8269.58301	0.15430	10670	1	0.22813	0.31786	1	0.27006	0.45812	1	0.24910	0.38799	1	0.42247	0.54935	11.27950	1.06644	1	0.68599	0.56319	12.42624	1.06644	1	-0.01881	-0.01244	0.68525	0.00243	1	0.04926	-0.01474	0.68006	0.00360	1	1.45898	0.81042	0	
1225909	8269.74414	3303497032344	0.26092	0.39387	8269.58301	0.16113	10670	1	0.24084	0.31869	1	0.27344	0.47706	1	0.25714	0.39787	1	0.42252	0.54928	11.09727	1.06644	1	0.68569	0.56310	12.88611	1.06644	1	-0.01881	-0.01244	0.68525	0.00257	1	0.04926	-0.01474	0.68006	0.00361	1	1.45898	0.81042	0	
1225910	8269.75000	3303497099425	0.26085	0.39425	8269.58301	0.16699	10670	1	0.24350	0.32530	1	0.27462	0.48240	1	0.25906	0.40385	1	0.42235	0.54957	11.05686	1.05843	1	0.68556	0.56320	13.10216	1.05843	1	-0.01827	-0.01205	0.66387	0.00247	1	0.04926	-0.01474	0.68006	0.00360	1	1.45898	0.81042	0	
1225911	8269.75684	3303497165874	0.26048	0.39465	8269.58301	0.17383	10670	1	0.23654	0.36519	1	0.26515	0.44456	1	0.25085	0.40487	1	0.42224	0.54965	10.93679	1.05041	1	0.68553	0.56314	12.92714	1.05041	1	-0.01827	-0.01205	0.66387	0.00256	1	0.04926	-0.01474	0.68006	0.00362	1	1.45898	0.81042	0	
1225912	8269.76367	3303497233116	0.26037	0.39558	8269.58301	0.18066	10670	1	0.24797	0.34743	1	0.26668	0.49427	1	0.25733	0.42085	1	0.42227	0.54958	11.16831	1.04239	1	0.68553	0.56322	12.99631	1.04239	1	-0.01827	-0.01205	0.66387	0.00251	1	0.04926	-0.01474	0.68006	0.00361	1	1.45898	0.81042	0	
1225913	8269.77051	3303497299694	0.26026	0.39645	8269.58301	0.18750	10670	1	0.24797	0.34743	1	0.26668	0.49427	1	0.25733	0.42085	1	0.42224	0.54961	11.44318	1.04239	1	0.68545	0.56279	12.53682	1.04239	1	-0.01898	-0.01254	0.68780	0.00240	1	0.04926	-0.01474	0.68006	0.00383	1	1.45898	0.81042	0	
1225914	8269.77734	3303497367323	0.26020	0.39697	8269.58301	0.19434	10670	1	0.26524	0.37605	1	0.25154	0.44799	1	0.25839	0.41202	1	0.42208	0.54968	11.40611	1.05041	1	0.68528	0.56321	12.36048	1.05041	1	-0.01898	-0.01254	0.68780	0.00244	1	0.04926	-0.01474	0.68006	0.00380	1	1.45898	0.81042	0	
1225915	8269.78418	3303497434008	0.26103	0.39750	8269.58301	0.20117	10670	1	0.27958	0.35689	1	0.29249	0.46990	1	0.28604	0.41340	1	0.42232	0.54961	11.41867	1.05843	1	0.68556	0.56284	12.81425	1.05843	1	-0.01898	-0.01254	0.68780	0.00245	1	0.04926	-0.01474	0.68006	0.00363	1	1.45898	0.81042	0	
1225916	8269.79102	3303497500968	0.26178	0.39790	8269.58301	0.20801	10670	1	0.27714	0.35055	1	0.29245	0.46966	1	0.28479	0.41010	1	0.42205	0.54972	11.14674	1.06644	1	0.68536	0.56308	12.58614	1.05878	1	-0.01898	-0.01254	0.68780	0.00243	1	0.04720	-0.01414	0.65240	0.00361	1	1.45898	0.81042	0	
1225917	8269.79688	3303497568128	0.26173	0.39794	8269.58301	0.21387	10670	1	0.24217	0.34340	1	0.27820	0.45535	1	0.26019	0.39937	1	0.42193	0.54964	11.02681	1.05878	1	0.68539	0.56318	12.59449	1.05113	1	-0.01898	-0.01254	0.68780	0.00244	1	0.04720	-0.01414	0.65240	0.00361	1	1.45898	0.81042	0	
1225918	8269.80371	3303497634653	0.26218	0.39868	8269.58301	0.22070	10670	1	0.26772	0.34917	1	0.28666	0.49723	1	0.27719	0.42320	1	0.42202	0.54973	11.11147	1.05113	1	0.68545	0.56326	12.66471	1.04347	1	-0.01898	-0.01254	0.68780	0.00246	1	0.04720	-0.01414	0.65240	0.00362	1	1.45898	0.81042	0	
1225919	8269.81055	3303497701613	0.26265	0.39947	8269.58301	0.22754	10670	1	0.27014	0.35534	1	0.28666	0.49723	1	0.27840	0.42628	1	0.42177	0.54978	10.88299	1.04347	1	0.68538	0.56299	12.60576	1.04347	1	-0.01969	-0.01309	0.70969	0.00245	1	0.04884	-0.01468	0.67714	0.00381	1	1.45898	0.81042	0	
1225920	8269.81738	3303497768647	0.26216	0.39946	8269.58301	0.23438	10670	1	0.23425	0.32672	1	0.25602	0.47155	1	0.24513	0.39914	1	0.42172	0.54972	10.89146	1.04347	1	0.68497	0.56286	12.53114	1.05113	1	-0.01969	-0.01309	0.70969	0.00244	1	0.04884	-0.01468	0.67714	0.00397	1	1.45898	0.81042	0	
1225921	8269.82422	3303497837231	0.26257	0.39962	8269.58301	0.24121	10670	1	0.26001	0.32603	1	0.29479	0.48449	1	0.27740	0.40526	1	0.42174	0.54975	11.02378	1.05113	1	0.68528	0.56314	12.29753	1.05878	1	-0.01969	-0.01309	0.70969	0.00242	1	0.04884	-0.01468	0.67714	0.00360	1	1.45898	0.81042	0	
1225922	8269.83105	3303497903218	0.26296	0.39978	8269.58301	0.24805	10670	1	0.26012	0.32632	1	0.29483	0.48472	1	0.27748	0.40552	1	0.42138	0.54985	11.11534	1.05077	1	0.68474	0.56300	12.82857	1.05843	1	-0.01841	-0.01221	0.66164	0.00249	1	0.04884	-0.01468	0.67714	0.00368	1	1.45898	0.81042	0	
1225923	8269.83789	3303497970076	0.26285	0.40025	8269.58301	0.25488	10670	1	0.25067	0.35009	1	0.26646	0.48648	1	0.25856	0.41828	1	0.42144	0.54991	10.79224	1.05041	1	0.68474	0.56308	12.84155	1.05041	1	-0.01841	-0.01221	0.66164	0.00263	1	0.04884	-0.01468	0.67714	0.00365	1	1.45898	0.81042	0	
1225924	8269.84375	3303498036934	0.26282	0.40088	8269.58301	0.26074	10670	1	0.25600	0.35522	1	0.26737	0.49551	1	0.26169	0.42536	1	0.42126	0.54996	11.12639	1.04239	1	0.68480	0.56311	12.90682	1.04239	1	-0.01841	-0.01221	0.66164	0.00249	1	0.04884	-0.01468	0.67714	0.00359	1	1.45898	0.81042	0	
1225925	8269.85059	3303498103951	0.26279	0.40147	8269.58301	0.26758	10670	1	0.25600	0.35522	1	0.26737	0.49551	1	0.26169	0.42536	1	0.42131	0.55011	10.75594	1.04239	1	0.68446	0.56322	12.86925	1.04239	1	-0.01913	-0.01265	0.68565	0.00244	1	0.04884	-0.01468	0.67714	0.00370	1	1.45898	0.81042	0	
1225926	8269.85742	3303498169115	0.26277	0.40136	8269.58301	0.27441	10670	1	0.24495	0.33379	1	0.27824	0.45941	1	0.26159	0.39660	1	0.42120	0.55029	10.80490	1.05041	1	0.68458	0.56330	13.09127	1.05041	1	-0.01913	-0.01265	0.68565	0.00252	1	0.04884	-0.01468	0.67714	0.00350	1	1.45898	0.81042	0	
1225927	8269.86426	3303498237935	0.26289	0.40109	8269.58301	0.28125	10670	1	0.25167	0.32322	1	0.28461	0.45625	1	0.26814	0.38973	1	0.42121	0.55012	10.55762	1.05843	1	0.68463	0.56337	13.12468	1.05843	1	-0.01913	-0.01265	0.68565	0.00248	1	0.04884	-0.01468	0.67714	0.00357	1	1.45898	0.81042	0	
1225928	8269.87109	3303498304748	0.26302	0.40089	8269.58301	0.28809	10670	1	0.25167	0.32322	1	0.28567	0.46154	1	0.26867	0.39238	1	0.42072	0.55040	10.96733	1.05843	1	0.68467	0.56303	12.29805	1.05077	1	-0.01842	-0.01215	0.65864	0.00247	1	0.04801	-0.01447	0.66774	0.00378	1	1.45898	0.81042	0	
1225929	8269.87695	3303498368268	0.26294	0.40151	8269.58301	0.29395	10670	1	0.22447	0.36581	1	0.29411	0.49198	1	0.25929	0.42889	1	0.42077	0.55050	10.64240	1.04275	1	0.68470	0.56348	12.85879	1.03509	1	-0.01842	-0.01215	0.65864	0.00249	1	0.04801	-0.01447	0.66774	0.00360	1	1.45898	0.81042	0	
1225930	8269.88379	3303498436462	0.26258	0.40161	8269.58301	0.30078	10670	1	0.22934	0.37854	1	0.26390	0.43354	1	0.24662	0.40604	1	0.42089	0.55058	10.54969	1.02708	1	0.68425	0.56275	12.81168	1.01942	1	-0.01842	-0.01215	0.65864	0.00247	1	0.04801	-0.01447	0.66774	0.00398	1	1.45898	0.81042	0	
1225931	8269.89062	3303498501494	0.26227	0.40177	8269.58301	0.30762	10670	1	0.23208	0.38465	1	0.26390	0.43354	1	0.24799	0.40909	1	0.42072	0.55077	11.03501	1.01942	1	0.68415	0.56289	13.07046	1.01942	1	-0.01932	-0.01276	0.68903	0.00249	1	0.04886	-0.01476	0.67881	0.00388	1	1.45898	0.81042	0	
1225932	8269.89746	3303498570975	0.26204	0.40263	8269.58301	0.31445	10670	1	0.23664	0.40409	1	0.26529	0.48211	1	0.25096	0.44310	1	0.42077	0.55068	10.96352	1.02743	1	0.68429	0.56352	13.07096	1.03509	1	-0.01932	-0.01276	0.68903	0.00249	1	0.04886	-0.01476	0.67881	0.00362	1	1.45898	0.81042	0	
1225933	8269.90430	3303498636199	0.26121	0.40207	8269.58301	0.32129	10670	1	0.22745	0.38353	1	0.25424	0.41012	1	0.24085	0.39682	1	0.42086	0.55074	11.16042	1.04311	1	0.68418	0.56271	12.88812	1.05077	1	-0.01932	-0.01276	0.68903	0.00243	1	0.04886	-0.01476	0.67881	0.00397	1	1.45898	0.81042	0	
1225934	8269.91113	3303498703706	0.26057	0.40114	8269.58301	0.32812	10670	1	0.22475	0.37756	1	0.25297	0.40447	1	0.23886	0.39102	1	0.42077	0.55087	11.24898	1.05077	1	0.68378	0.56251	12.62883	1.05843	1	-0.01869	-0.01241	0.66454	0.00242	1	0.04918	-0.01489	0.68468	0.00391	1	1.45898	0.81042	0	
1225935	8269.91699	3303498769115	0.25997	0.40103	8269.58301	0.33398	10670	1	0.22445	0.38491	1	0.22918	0.40649	1	0.22681	0.39570	1	0.42078	0.55080	10.77415	1.05041	1	0.68384	0.56277	12.60067	1.05041	1	-0.01869	-0.01241	0.66454	0.00252	1	0.04918	-0.01489	0.68468	0.00383	1	1.45898	0.81042	0	
1225936	8269.92383	3303498837574	0.25978	0.40169	8269.58301	0.34082	10670	1	0.24538	0.38801	1	0.24879	0.43539	1	0.24709	0.41170	1	0.42067	0.55075	10.83542	1.04239	1	0.68404	0.56299	12.94937	1.04239	1	-0.01869	-0.01241	0.66454	0.00245	1	0.04918	-0.01489	0.68468	0.00362	1	1.45898	0.81042	0	
1225937	8269.93066	3303498905434	0.25966	0.40255	8269.58301	0.34766	10670	1	0.24811	0.39422	1	0.25018	0.44115	1	0.24914	0.41769	1	0.42084	0.55103	11.04181	1.03438	1	0.68423	0.56363	12.92586	1.03438	1	-0.01835	-0.01218	0.65248	0.00240	1	0.04918	-0.01499	0.68468	0.00362	1	1.45898	0.81042	0	
1225938	8269.93750	3303498972362	0.25956	0.40270	8269.58301	0.35449	10670	1	0.26137	0.38162	1	0.24249	0.46199	1	0.25193	0.42181	1	0.42082	0.55095	10.79895	1.03438	1	0.68393	0.56327	12.74961	1.03438	1	-0.01835	-0.01218	0.65248	0.00242	1	0.04918	-0.01499	0.68468	0.00360	1	1.45898	0.81042	0	
1225939	8269.94434	3303499041951	0.25950	0.40262	8269.58301	0.36133	10670	1	0.26051	0.36463	1	0.24541	0.45809	1	0.25296	0.41136	1	0.42085	0.55102	11.08913	1.03438	1	0.68397	0.56321	12.89023	1.03438	1	-0.01835	-0.01218	0.65248	0.00240	1	0.04918	-0.01499	0.68468	0.00360	1	1.45898	0.81042	0	
1225940	8269.95117	3303499108335	0.25937	0.40234	8269.58301	0.36816	10670	1	0.26051	0.36463	1	0.24541	0.45809	1	0.25296	0.41136	1	0.42051	0.55116	10.45857	1.03438	1	0.68431	0.56349	12.79209	1.03438	1	-0.01849	-0.01233	0.65760	0.00254	1	0.04918	-0.01499	0.68468	0.00362	1	1.45898	0.81042	0	
1225941	8269.95801	3303499175711	0.25921	0.40310	8269.58301	0.37500	10670	1	0.21711	0.37792	1	0.27669	0.49130	1	0.24690	0.43461	1	0.42067	0.55112	10.68880	1.03438	1	0.68446	0.56354	12.46374	1.03438	1	-0.01849	-0.01233	0.65760	0.00242	1	0.04918	-0.01499	0.68468	0.00361	1	1.45898	0.81042	0	
1225942	8269.96484	3303499242550	0.25906	0.40398	8269.58301	0.38184	10670	1	0.23756	0.38009	1	0.26237	0.48924	1	0.24997	0.43467	1	0.42055	0.55121	10.66825	1.03438	1	0.68423	0.56346	12.05268	1.03438	1	-0.01849	-0.01233	0.65760	0.00251	1	0.04918	-0.01499	0.68468	0.00353	1	1.45898	0.81042	0	
1225943	8269.97168	3303499309740	0.25896	0.40500	8269.58301	0.38867	10670	1	0.23756	0.38009	1	0.26237	0.48924	1	0.24997	0.43467	1	0.42074	0.55110	10.43821	1.03438	1	0.68406	0.56350	12.78168	1.03438	1	-0.01849	-0.01233	0.65760	0.00251	1	0.04918	-0.01499	0.68468	0.00352	1	1.45898	0.81042	0	
1225944	8269.97852	3303499376093	0.25867	0.40635	8269.58301	0.39551	10670	1	0.23635	0.37599	1	0.28711	0.54753	1	0.26173	0.46176	1	0.42085	0.55097	10.42707	1.03438	1	0.68468	0.56399	12.76420	1.03438	1	-0.01849	-0.01233	0.65760	0.00260	1	0.04918	-0.01499	0.68468	0.00357	1	1.45898	0.81042	0	
1225945	8269.98438	3303499443498	0.25811	0.40724	8269.58301	0.40137	10670	1	0.22701	0.34434	1	0.26564	0.52343	1	0.24633	0.43389	1	0.42073	0.55112	10.70076	1.03438	1	0.68434	0.56392	13.22662	1.03438	1	-0.01849	-0.01233	0.65760	0.00248	1	0.04918	-0.01499	0.68468	0.00368	1	1.45898	0.81042	0	
1225946	8269.99121	3303499510016	0.25756	0.40812	8269.58301	0.40820	10670	1	0.22701	0.34434	1	0.26564	0.52343	1	0.24633	0.43389	1	0.42103	0.55129	10.83514	1.03438	1	0.68450	0.56441	13.21123	1.03438	1	-0.01820	-0.01220	0.65076	0.00240	1	0.04831	-0.01478	0.67260	0.00358	1	1.45898	0.81042	0	
1225947	8269.99805	3303499577839	0.25766	0.40903	8269.58301	0.41504	10670	1	0.25648	0.37678	1	0.28832	0.52211	1	0.27240	0.44944	1	0.42104	0.55136	11.07452	1.03438	1	0.68467	0.56418	12.95841	1.03438	1	-0.01820	-0.01220	0.65076	0.00239	1	0.04831	-0.01478	0.67260	0.00355	1	1.45898	0.81042	0	
1225948	8270.00488	3303499644589	0.25792	0.40968	8269.58301	0.42188	10670	1	0.24595	0.34883	1	0.29648	0.48171	1	0.27122	0.41527	1	0.42104	0.55132	11.04171	1.03438	1	0.68477	0.56385	12.28795	1.03438	1	-0.01820	-0.01220	0.65076	0.00238	1	0.04831	-0.01478	0.67260	0.00371	1	1.45898	0.81042	0	
1225949	8270.01172	3303499711478	0.25815	0.41021	8269.58301	0.42871	10670	1	0.24324	0.34226	1	0.29544	0.47623	1	0.26934	0.40924	1	0.42131	0.55120	10.51306	1.04239	1	0.68453	0.56377	12.52950	1.04239	1	-0.01913	-0.01286	0.68565	0.00253	1	0.04884	-0.01488	0.67714	0.00365	1	1.45898	0.81042	0	
1225950	8270.01855	3303499778819	0.25788	0.41036	8269.58301	0.43555	10670	1	0.23604	0.33643	1	0.25148	0.43857	1	0.24376	0.38750	1	0.42135	0.55122	10.70136	1.05041	1	0.68445	0.56411	12.46854	1.05041	1	-0.01913	-0.01286	0.68565	0.00246	1	0.04884	-0.01488	0.67714	0.00369	1	1.45898	0.81042	0	
1225951	8270.02539	3303499845215	0.25711	0.41114	8269.58301	0.44238	10670	1	0.21226	0.34239	1	0.23802	0.48390	1	0.22514	0.41314	1	0.42147	0.55138	10.45099	1.05843	1	0.68467	0.56471	13.16071	1.05843	1	-0.01913	-0.01286	0.68565	0.00232	1	0.04884	-0.01488	0.67714	0.00366	1	1.45898	0.81042	0	
1225952	8270.03223	3303499912698	0.25633	0.41185	8269.58301	0.44922	10670	1	0.20939	0.33590	1	0.23657	0.47859	1	0.22298	0.40724	1	0.42526	0.55447	11.97547	1.06644	1	0.68739	0.56516	12.26648	1.06644	1	-0.01872	-0.01307	0.68598	0.00337	1	0.04917	-0.01511	0.67601	0.00319	1	1.45898	0.81042	0	
1225953	8270.03809	3303499979344	0.25775	0.41549	8269.58301	0.45508	10670	1	0.32818	0.66041	1	0.30838	0.42902	1	0.31828	0.54471	1	0.42561	0.55578	11.28344	1.06644	1	0.68821	0.56487	11.83829	1.06644	1	-0.01872	-0.01307	0.68598	0.00381	1	0.04917	-0.01511	0.67601	0.00357	1	1.45898	0.81042	0	
1225954	8270.04492	3303500046208	0.25781	0.41598	8269.58301	0.46191	10670	1	0.24218	0.30399	1	0.28924	0.50342	1	0.26571	0.40370	1	0.42547	0.55249	9.28311	1.06644	1	0.68883	0.56566	12.05268	1.06644	1	-0.01872	-0.01307	0.68598	0.00219	1	0.04917	-0.01511	0.67601	0.00368	1	1.45898	0.81042	0	
1225955	8270.05176	3303500113405	0.25786	0.41647	8269.58301	0.46875	10670	1	0.24218	0.30399	1	0.28924	0.50342	1	0.26571	0.40370	1	0.43066	0.55573	10.86336	1.06644	1	0.69304	0.56653	11.85574	1.06644	1	-0.01779	-0.01327	0.68578	0.00304	1	0.05061	-0.01551	0.68459	0.00315	1	1.45898	0.81042	0	
1225956	8270.05859	3303500180563	0.27730	0.44245	8269.58301	0.46875	10670	0	0.50123	0.61158	1	0.45953	0.60367	1	0.48038	0.60763	1	0.43138	0.55645	11.90170	1.06644	1	0.69346	0.56782	12.23308	1.06644	1	-0.01779	-0.01327	0.68578	0.00321	1	0.05061	-0.01551	0.68459	0.00308	1	1.45898	0.81042	0	
1225957	8270.06543	3303500247373	0.35822	0.51135	8269.58301	0.46875	10670	0	0.45884	0.59251	1	0.41946	0.56801	1	0.43915	0.58026	1	0.43168	0.55656	11.87805	1.06644	1	0.69319	0.56782	11.79073	1.06644	1	-0.01779	-0.01327	0.68578	0.00323	1	0.05061	-0.01551	0.68459	0.00324	1	1.45898	0.81042	0	
1225958	8270.07227	3303500314594	0.38522	0.53507	8269.58301	0.46875	10670	0	0.45884	0.59251	1	0.41957	0.57253	1	0.43921	0.58252	1	0.43364	0.55672	11.34823	1.06644	1	0.69511	0.56897	12.25070	1.05878	1	-0.01688	-0.01294	0.66611	0.00310	1	0.04860	-0.01496	0.65404	0.00303	1	1.45898	0.81042	0	
1225959	8270.07910	3303500381304	0.47905	0.60222	8269.58301	0.46875	10670	0	0.59524	0.60779	1	0.52235	0.67995	1	0.55880	0.64387	1	0.43364	0.55707	11.60643	1.05878	1	0.69535	0.56898	12.38042	1.05113	1	-0.01688	-0.01294	0.66611	0.00298	1	0.04860	-0.01496	0.65404	0.00294	1	1.45898	0.81042	0	
1225960	8270.08496	3303500448088	0.52306	0.64977	8269.58301	0.46875	10670	0	0.60205	0.70321	1	0.53210	0.69145	1	0.56708	0.69733	1	0.43367	0.55703	11.54694	1.05113	1	0.69541	0.56896	12.39143	1.04347	1	-0.01688	-0.01294	0.66611	0.00298	1	0.04860	-0.01496	0.65404	0.00294	1	1.45898	0.81042	0	
1225961	8270.09180	3303500512441	0.53754	0.66920	8269.58301	0.46875	10670	0	0.60296	0.71347	1	0.53003	0.70265	1	0.56649	0.70806	1	0.43387	0.55670	11.97028	1.02832	1	0.69564	0.56913	11.75314	1.02066	1	-0.01628	-0.01248	0.64227	0.00306	1	0.04856	-0.01489	0.65083	0.00315	1	1.45898	0.81042	0	
1225962	8270.09863	3303500580281	0.56623	0.69260	8269.58301	0.46875	10670	0	0.61975	0.65547	1	0.51050	0.68933	1	0.56512	0.67240	1	0.43395	0.55673	11.91886	1.00552	1	0.69549	0.56881	11.39789	1.00552	1	-0.01628	-0.01248	0.64227	0.00302	1	0.04856	-0.01489	0.65083	0.00310	1	1.45898	0.81042	0	
1225963	8270.10547	3303500648420	0.56904	0.69248	8269.58301	0.46875	10670	0	0.62739	0.68213	1	0.51632	0.70259	1	0.57185	0.69236	1	0.43396	0.55659	11.93362	0.99038	1	0.69569	0.56891	11.79523	0.99038	1	-0.01628	-0.01248	0.64227	0.00301	1	0.04856	-0.01489	0.65083	0.00309	1	1.45898	0.81042	0	
1225964	8270.11230	3303500716762	0.56998	0.69244	8269.58301	0.46875	10670	0	0.62739	0.68213	1	0.51632	0.70259	1	0.57185	0.69236	1	0.43399	0.55679	11.97886	0.99038	1	0.69550	0.56862	10.99859	0.99038	1	-0.01681	-0.01291	0.66725	0.00298	1	0.04856	-0.01489	0.65083	0.00315	1	1.45898	0.81042	0	
1225965	8270.11914	3303500783539	0.56577	0.68630	8270.09863	0.02051	10671	1	0.59168	0.65155	1	0.51461	0.68420	1	0.55315	0.66787	1	0.43387	0.55623	11.87523	1.00552	1	0.69559	0.56883	11.32206	1.00552	1	-0.01681	-0.01291	0.66725	0.00306	1	0.04856	-0.01489	0.65083	0.00307	1	1.45898	0.81042	0	
1225966	8270.12598	3303500850551	0.56632	0.68085	8270.09863	0.02734	10671	1	0.60416	0.66556	1	0.53290	0.65255	1	0.56853	0.65905	1	0.43406	0.55608	11.75427	1.02066	1	0.69595	0.56859	11.79753	1.02066	1	-0.01681	-0.01291	0.66725	0.00306	1	0.04856	-0.01489	0.65083	0.00312	1	1.45898	0.81042	0	
1225967	8270.13184	3303500917051	0.56676	0.67590	8270.09863	0.03320	10671	1	0.60356	0.65798	1	0.53432	0.64436	1	0.56894	0.65117	1	0.43395	0.55622	11.88972	1.03581	1	0.69600	0.56902	12.46478	1.03581	1	-0.01776	-0.01354	0.70505	0.00305	1	0.04856	-0.01489	0.65083	0.00307	1	1.45898	0.81042	0	
1225968	8270.13867	3303500984411	0.56632	0.67319	8270.09863	0.04004	10671	1	0.58444	0.63349	1	0.54287	0.68031	1	0.56366	0.65690	1	0.43393	0.55628	12.01353	1.03581	1	0.69606	0.56874	12.22029	1.03581	1	-0.01776	-0.01354	0.70505	0.00300	1	0.04856	-0.01489	0.65083	0.00317	1	1.45898	0.81042	0	
1225969	8270.14551	3303501051398	0.56618	0.67240	8270.09863	0.04688	10671	1	0.61281	0.63652	1	0.51765	0.69728	1	0.56523	0.66690	1	0.43418	0.55646	12.63620	1.03581	1	0.69608	0.56895	12.45483	1.03581	1	-0.01776	-0.01354	0.70505	0.00295	1	0.04856	-0.01489	0.65083	0.00308	1	1.45898	0.81042	0	
1225970	8270.15234	3303501117888	0.56608	0.67179	8270.09863	0.05371	10671	1	0.61281	0.63652	1	0.51765	0.69728	1	0.56523	0.66690	1	0.43398	0.55601	11.94969	1.03581	1	0.69596	0.56907	12.59724	1.03581	1	-0.01776	-0.01354	0.70505	0.00314	1	0.04899	-0.01499	0.65534	0.00295	1	1.45898	0.81042	0	
1225971	8270.15918	3303501185387	0.56612	0.67328	8270.09863	0.06055	10671	1	0.62207	0.65392	1	0.51090	0.71951	1	0.56648	0.68672	1	0.43430	0.55631	12.50391	1.03581	1	0.69598	0.56878	11.74491	1.03581	1	-0.01776	-0.01354	0.70505	0.00298	1	0.04899	-0.01499	0.65534	0.00311	1	1.45898	0.81042	0	
1225972	8270.16602	3303501252528	0.56516	0.67197	8270.09863	0.06738	10671	1	0.58965	0.58703	1	0.52153	0.73057	1	0.55559	0.65880	1	0.43411	0.55582	11.96974	1.03581	1	0.69612	0.56886	12.40169	1.03581	1	-0.01776	-0.01354	0.70505	0.00311	1	0.04899	-0.01499	0.65534	0.00290	1	1.45898	0.81042	0	
1225973	8270.17285	3303501319538	0.56439	0.67072	8270.09863	0.07422	10671	1	0.58965	0.58703	1	0.52215	0.72707	1	0.55590	0.65705	1	0.43403	0.55610	12.12972	1.03581	1	0.69631	0.56894	12.26079	1.04347	1	-0.01776	-0.01354	0.70505	0.00296	1	0.05128	-0.01568	0.68530	0.00296	1	1.45898	0.81042	0	
1225974	8270.17871	3303501385208	0.56504	0.67428	8270.09863	0.08008	10671	1	0.61046	0.70442	1	0.53527	0.72947	1	0.57286	0.71695	1	0.43405	0.55596	12.13054	1.04347	1	0.69632	0.56889	12.20266	1.05113	1	-0.01776	-0.01354	0.70505	0.00294	1	0.05128	-0.01568	0.68530	0.00301	1	1.45898	0.81042	0	
1225975	8270.18555	3303501453361	0.56543	0.67322	8270.09863	0.08691	10671	1	0.60760	0.64789	1	0.53352	0.67093	1	0.57056	0.65941	1	0.43402	0.55593	12.03614	1.05113	1	0.69628	0.56835	11.82917	1.05878	1	-0.01776	-0.01354	0.70505	0.00292	1	0.05128	-0.01568	0.68530	0.00294	1	1.45898	0.81042	0	
1225976	8270.19238	3303501520197	0.56577	0.67217	8270.09863	0.09375	10671	1	0.60733	0.64404	1	0.53352	0.67093	1	0.57042	0.65749	1	0.43394	0.55571	12.02995	1.05878	1	0.69631	0.56835	11.72556	1.05878	1	-0.01681	-0.01271	0.66725	0.00306	1	0.04917	-0.01492	0.65646	0.00296	1	1.45898	0.81042	0	
1225977	8270.19922	3303501587182	0.56580	0.67183	8270.09863	0.10059	10671	1	0.59611	0.63990	1	0.53636	0.69374	1	0.56623	0.66682	1	0.43403	0.55516	11.96739	1.05878	1	0.69640	0.56862	12.21528	1.05113	1	-0.01681	-0.01271	0.66725	0.00302	1	0.04917	-0.01492	0.65646	0.00292	1	1.45898	0.81042	0	
1225978	8270.20605	3303501653517	0.56575	0.67024	8270.09863	0.10742	10671	1	0.59660	0.61133	1	0.53347	0.67811	1	0.56503	0.64472	1	0.43405	0.55507	11.94914	1.05113	1	0.69629	0.56840	11.86575	1.04347	1	-0.01681	-0.01271	0.66725	0.00300	1	0.04917	-0.01492	0.65646	0.00301	1	1.45898	0.81042	0	
1225979	8270.21289	3303501720934	0.56570	0.66904	8270.09863	0.11426	10671	1	0.59694	0.61545	1	0.53276	0.68198	1	0.56485	0.64871	1	0.43436	0.55525	12.19487	1.04347	1	0.69633	0.56813	11.72525	1.03581	1	-0.01681	-0.01261	0.66725	0.00296	1	0.04917	-0.01492	0.65646	0.00294	1	1.45898	0.81042	0	
1225980	8270.21973	3303501787932	0.56488	0.66822	8270.09863	0.12109	10671	1	0.57822	0.63753	1	0.52190	0.66933	1	0.55006	0.65343	1	0.43414	0.55495	12.21393	1.03581	1	0.69638	0.56812	12.02098	1.03581	1	-0.01681	-0.01261	0.66725	0.00302	1	0.04917	-0.01492	0.65646	0.00292	1	1.45898	0.81042	0	
1225981	8270.22559	3303501854462	0.56443	0.66641	8270.09863	0.12695	10671	1	0.59446	0.61990	1	0.51749	0.64400	1	0.55598	0.63195	1	0.43447	0.55512	11.53815	1.03581	1	0.69631	0.56808	11.67336	1.03581	1	-0.01681	-0.01261	0.66725	0.00298	1	0.04917	-0.01492	0.65646	0.00295	1	1.45898	0.81042	0	
1225982	8270.23242	3303501921832	0.56402	0.66516	8270.09863	0.13379	10671	1	0.59518	0.62803	1	0.51631	0.65219	1	0.55575	0.64011	1	0.43443	0.55525	11.72723	1.02066	1	0.69675	0.56789	12.26295	1.02066	1	-0.01592	-0.01201	0.63557	0.00292	1	0.04963	-0.01501	0.66257	0.00304	1	1.45898	0.81042	0	
1225983	8270.23926	3303501989095	0.56392	0.66682	8270.09863	0.14062	10671	1	0.59630	0.66055	1	0.52728	0.74304	1	0.56179	0.70179	1	0.43466	0.55505	12.20357	1.00552	1	0.69701	0.56838	12.49046	1.00552	1	-0.01592	-0.01201	0.63557	0.00291	1	0.04963	-0.01501	0.66257	0.00296	1	1.45898	0.81042	0	
1225984	8270.24609	3303502055616	0.56296	0.66807	8270.09863	0.14746	10671	1	0.57982	0.67231	1	0.50392	0.71894	1	0.54187	0.69562	1	0.43473	0.55513	11.95010	0.99038	1	0.69705	0.56803	11.99198	0.99038	1	-0.01592	-0.01201	0.63557	0.00291	1	0.04963	-0.01501	0.66257	0.00309	1	1.45898	0.81042	0	
1225985	8270.25293	3303502122983	0.56208	0.66954	8270.09863	0.15430	10671	1	0.58077	0.68003	1	0.50289	0.72634	1	0.54183	0.70318	1	0.43512	0.55513	11.80017	0.97524	1	0.69771	0.56829	12.57929	0.97524	1	-0.01583	-0.01204	0.63975	0.00307	1	0.05022	-0.01508	0.66780	0.00298	1	1.45898	0.81042	0	
1225986	8270.25977	3303502189928	0.56261	0.67140	8270.09863	0.16113	10671	1	0.63519	0.67818	1	0.51571	0.75425	1	0.57545	0.71622	1	0.43564	0.55494	11.80295	0.97524	1	0.69768	0.56841	12.87925	0.97524	1	-0.01583	-0.01204	0.63975	0.00290	1	0.05022	-0.01508	0.66780	0.00297	1	1.45898	0.81042	0	
1225987	8270.26660	3303502256318	0.56304	0.67249	8270.09863	0.16797	10671	1	0.61617	0.65605	1	0.53143	0.74315	1	0.57380	0.69960	1	0.43570	0.55446	11.71896	0.97524	1	0.69794	0.56838	12.49002	0.97524	1	-0.01583	-0.01204	0.63975	0.00294	1	0.05022	-0.01508	0.66780	0.00298	1	1.45898	0.81042	0	
1225988	8270.27246	3303502323299	0.56346	0.67321	8270.09863	0.17383	10671	1	0.61572	0.64798	1	0.53289	0.73599	1	0.57431	0.69199	1	0.43607	0.55420	12.05832	0.99038	1	0.69830	0.56806	11.90083	0.99038	1	-0.01734	-0.01312	0.70521	0.00306	1	0.04991	-0.01497	0.66103	0.00318	1	1.45898	0.81042	0	
1225989	8270.27930	3303502390945	0.56417	0.67323	8270.09863	0.18066	10671	1	0.62953	0.66901	1	0.53732	0.67852	1	0.58342	0.67376	1	0.43607	0.55413	11.61642	1.00552	1	0.69833	0.56815	11.72628	1.00552	1	-0.01734	-0.01312	0.70521	0.00303	1	0.04991	-0.01497	0.66103	0.00324	1	1.45898	0.81042	0	
1225990	8270.28613	3303502456397	0.56437	0.67292	8270.09863	0.18750	10671	1	0.60715	0.64128	1	0.53236	0.68744	1	0.56976	0.66436	1	0.43618	0.55400	12.08646	1.02066	1	0.69816	0.56830	12.16426	1.02066	1	-0.01734	-0.01312	0.70521	0.00290	1	0.04991	-0.01497	0.66103	0.00324	1	1.45898	0.81042	0	
1225991	8270.29297	3303502523895	0.56456	0.67257	8270.09863	0.19434	10671	1	0.60715	0.64128	1	0.53307	0.68356	1	0.57011	0.66242	1	0.43639	0.55422	12.16784	1.02066	1	0.69878	0.56855	12.77874	1.02832	1	-0.01577	-0.01200	0.64532	0.00296	1	0.05099	-0.01525	0.67329	0.00295	1	1.45898	0.81042	0	
1225992	8270.29980	3303502589792	0.56455	0.67261	8270.09863	0.20117	10671	1	0.59172	0.64333	1	0.53697	0.70426	1	0.56434	0.67379	1	0.43623	0.55403	11.74569	1.01318	1	0.69907	0.56854	12.62239	1.02084	1	-0.01577	-0.01200	0.64532	0.00314	1	0.05099	-0.01525	0.67329	0.00297	1	1.45898	0.81042	0	
1225993	8270.30566	3303502655540	0.56474	0.67247	8270.09863	0.20703	10671	1	0.61162	0.63403	1	0.52987	0.70175	1	0.57074	0.66789	1	0.43654	0.55407	11.12489	1.00570	1	0.69905	0.56847	12.52774	1.01336	1	-0.01577	-0.01200	0.64532	0.00299	1	0.05099	-0.01525	0.67329	0.00299	1	1.45898	0.81042	0	
1225994	8270.31250	3303502723297	0.56492	0.67226	8270.09863	0.21387	10671	1	0.61136	0.62991	1	0.52987	0.70175	1	0.57062	0.66583	1	0.43680	0.55336	11.03984	1.01336	1	0.69882	0.56836	11.92579	1.01336	1	-0.01670	-0.01273	0.68722	0.00334	1	0.05168	-0.01555	0.68180	0.00315	1	1.45898	0.81042	0	
1225995	8270.31934	3303502789347	0.56494	0.67212	8270.09863	0.22070	10671	1	0.60655	0.59427	1	0.52449	0.74043	1	0.56552	0.66735	1	0.43688	0.55318	11.39546	1.02850	1	0.69891	0.56874	12.95465	1.02084	1	-0.01670	-0.01273	0.68722	0.00335	1	0.05168	-0.01555	0.68180	0.00301	1	1.45898	0.81042	0	
1225996	8270.32617	3303502857034	0.56513	0.67168	8270.09863	0.22754	10671	1	0.61503	0.57761	1	0.52802	0.73603	1	0.57153	0.65682	1	0.43709	0.55328	10.61917	1.03598	1	0.69933	0.56886	12.13178	1.02832	1	-0.01670	-0.01273	0.68722	0.00338	1	0.05168	-0.01555	0.68180	0.00295	1	1.45898	0.81042	0	
1225997	8270.33301	3303502924831	0.56531	0.67116	8270.09863	0.23438	10671	1	0.61481	0.57329	1	0.52868	0.73263	1	0.57175	0.65296	1	0.43732	0.55408	11.35423	1.04347	1	0.69985	0.56904	12.30197	1.03581	1	-0.01661	-0.01282	0.69214	0.00298	1	0.05037	-0.01509	0.66189	0.00300	1	1.45898	0.81042	0	
1225998	8270.33984	3303502990877	0.56562	0.67151	8270.09863	0.24121	10671	1	0.61670	0.65421	1	0.53701	0.71414	1	0.57685	0.68417	1	0.43746	0.55406	11.11776	1.03581	1	0.69997	0.56861	11.98811	1.03581	1	-0.01661	-0.01282	0.69214	0.00293	1	0.05037	-0.01509	0.66189	0.00299	1	1.45898	0.81042	0	
1225999	8270.34668	3303503060508	0.56600	0.67250	8270.09863	0.24805	10671	1	0.61707	0.69002	1	0.54263	0.72806	1	0.57985	0.70904	1	0.43735	0.55417	11.36158	1.03581	1	0.69994	0.56873	12.03273	1.03581	1	-0.01661	-0.01282	0.69214	0.00290	1	0.05037	-0.01509	0.66189	0.00294	1	1.45898	0.81042	0	
1226000	8270.35352	3303503127678	0.56635	0.67344	8270.09863	0.25488	10671	1	0.61707	0.69002	1	0.54263	0.72806	1	0.57985	0.70904	1	0.43754	0.55381	11.46848	1.03581	1	0.70016	0.56939	12.47991	1.03581	1	-0.01661	-0.01282	0.69214	0.00289	1	0.05024	-0.01510	0.66019	0.00302	1	1.45898	0.81042	0	
1226001	8270.36035	3303503194410	0.56640	0.67471	8270.09863	0.26172	10671	1	0.59801	0.66305	1	0.53809	0.78520	1	0.56805	0.72413	1	0.43761	0.55414	11.64430	1.03581	1	0.70008	0.56960	13.05574	1.03581	1	-0.01661	-0.01282	0.69214	0.00297	1	0.05024	-0.01510	0.66019	0.00294	1	1.45898	0.81042	0	
1226002	8270.36621	3303503261414	0.56617	0.67611	8270.09863	0.26758	10671	1	0.60700	0.66576	1	0.50698	0.79888	1	0.55699	0.73232	1	0.43749	0.55422	11.84465	1.03581	1	0.69994	0.56964	12.71817	1.03581	1	-0.01661	-0.01282	0.69214	0.00296	1	0.05024	-0.01510	0.66019	0.00293	1	1.45898	0.81042	0	
1226003	8270.37305	3303503328471	0.56595	0.67750	8270.09863	0.27441	10671	1	0.60729	0.66971	1	0.50696	0.79902	1	0.55712	0.73437	1	0.43798	0.55410	11.72332	1.02779	1	0.70036	0.56908	11.73971	1.03545	1	-0.01588	-0.01230	0.66381	0.00295	1	0.05171	-0.01550	0.67742	0.00310	1	1.45898	0.81042	0	
1226004	8270.37988	3303503395594	0.56619	0.67770	8270.09863	0.28125	10671	1	0.62382	0.65290	1	0.52829	0.71924	1	0.57606	0.68607	1	0.43801	0.55409	11.84008	1.02743	1	0.70030	0.56934	11.93073	1.03509	1	-0.01588	-0.01230	0.66381	0.00296	1	0.05171	-0.01550	0.67742	0.00306	1	1.45898	0.81042	0	
1226005	8270.38672	3303503462655	0.56641	0.67751	8270.09863	0.28809	10671	1	0.61593	0.60631	1	0.53648	0.73284	1	0.57620	0.66957	1	0.43794	0.55352	11.19592	1.02708	1	0.70031	0.56940	12.00243	1.03474	1	-0.01588	-0.01230	0.66381	0.00323	1	0.05171	-0.01550	0.67742	0.00309	1	1.45898	0.81042	0	
1226006	8270.39355	3303503529283	0.56663	0.67742	8270.09863	0.29492	10671	1	0.61615	0.61045	1	0.53576	0.73625	1	0.57595	0.67335	1	0.43813	0.55390	10.81502	1.01959	1	0.70029	0.56910	11.43672	1.02725	1	-0.01551	-0.01205	0.65066	0.00303	1	0.05171	-0.01550	0.67742	0.00315	1	1.45898	0.81042	0	
1226007	8270.40039	3303503596414	0.56708	0.67744	8270.09863	0.30176	10671	1	0.63163	0.64852	1	0.54379	0.70854	1	0.58771	0.67853	1	0.43818	0.55410	11.03536	1.02013	1	0.70032	0.56893	11.24879	1.02013	1	-0.01551	-0.01205	0.65066	0.00298	1	0.05171	-0.01550	0.67742	0.00321	1	1.45898	0.81042	0	
1226008	8270.40723	3303503663530	0.56721	0.67753	8270.09863	0.30859	10671	1	0.62981	0.62730	1	0.51603	0.73537	1	0.57292	0.68134	1	0.43811	0.55373	10.80922	1.01300	1	0.69990	0.56936	12.61432	1.01300	1	-0.01551	-0.01205	0.65066	0.00314	1	0.05171	-0.01550	0.67742	0.00315	1	1.45898	0.81042	0	
1226009	8270.41309	3303503730392	0.56732	0.67768	8270.09863	0.31445	10671	1	0.62993	0.63116	1	0.51548	0.73867	1	0.57270	0.68491	1	0.43806	0.55417	11.21607	1.00587	1	0.70064	0.56927	12.02209	1.00587	1	-0.01551	-0.01210	0.65066	0.00295	1	0.05171	-0.01550	0.67742	0.00306	1	1.45898	0.81042	0	
1226010	8270.41992	3303503797624	0.56758	0.67774	8270.09863	0.32129	10671	1	0.62949	0.64779	1	0.52749	0.74334	1	0.57849	0.69557	1	0.43810	0.55410	11.25430	1.00587	1	0.70048	0.56927	11.75576	1.00587	1	-0.01551	-0.01210	0.65066	0.00298	1	0.05171	-0.01550	0.67742	0.00307	1	1.45898	0.81042	0	
1226011	8270.42676	3303503864514	0.56750	0.67773	8270.09863	0.32812	10671	1	0.62807	0.61752	1	0.50787	0.76620	1	0.56797	0.69186	1	0.43805	0.55403	11.10512	1.00587	1	0.70032	0.56905	12.35889	1.00587	1	-0.01551	-0.01210	0.65066	0.00299	1	0.05171	-0.01550	0.67742	0.00294	1	1.45898	0.81042	0	
1226012	8270.43359	3303503930586	0.56741	0.67768	8270.09863	0.33496	10671	1	0.62794	0.61357	1	0.50783	0.76644	1	0.56788	0.69000	1	0.43798	0.55379	10.77198	1.01300	1	0.70052	0.56865	11.69388	1.00534	1	-0.01582	-0.01233	0.66557	0.00318	1	0.05051	-0.01507	0.66102	0.00308	1	1.45898	0.81042	0	
1226013	8270.44043	3303503998296	0.56756	0.67887	8270.09863	0.34180	10671	1	0.60726	0.77512	1	0.51267	0.67499	1	0.55997	0.72505	1	0.43802	0.55453	9.70018	1.01247	1	0.69995	0.56831	10.60095	1.00481	1	-0.01582	-0.01233	0.66557	0.00290	1	0.05051	-0.01507	0.66102	0.00307	1	1.45898	0.81042	0	
1226014	8270.44727	3303504064891	0.57153	0.52760	8270.09863	0.34180	10671	0	0.60726	0.77512	0	0.56537	-1.27937	1	0.56537	-1.27937	1	0.43802	0.55453	9.70018	1.01193	0	0.43963	0.53015	11.70227	1.00427	1	-0.01582	-0.01233	0.66557	0.00290	1	0.05051	-0.01507	0.66102	0.00235	1	1.45898	0.81042	0	
1226015	8270.45410	3303504132105	0.57153	0.52760	8270.09863	0.34180	10671	0	0.60726	0.77512	0	0.56537	-1.27937	0	0.56537	-1.27937	0	0.43802	0.55453	9.70018	1.01140	0	0.43963	0.53015	11.70227	1.00374	0	-0.01582	-0.01233	0.66557	0.00290	1	0.05051	-0.01507	0.66102	0.00235	1	1.45898	0.81042	0	
1226016	8270.45996	3303504199228	0.57153	0.52760	8270.09863	0.34180	10671	0	0.60726	0.77512	0	0.56537	-1.27937	0	0.56537	-1.27937	0	0.43802	0.55453	9.70018	1.00374	0	0.43963	0.53015	11.70227	1.00374	0	-0.01582	-0.01233	0.66557	0.00290	1	0.05051	-0.01507	0.66102	0.00235	1	1.45898	0.81042	0	
1226017	8270.46680	3303504266355	0.00000	0.00000	8270.09863	0.34180	10671	0	0.60726	0.77512	0	0.56537	-1.27937	0	0.56537	-1.27937	0	0.43802	0.55453	9.70018	1.00374	0	0.43963	0.53015	11.70227	1.00374	0	-0.01582	-0.01233	0.66557	0.00290	1	0.05051	-0.01507	0.66102	0.00235	1	1.45898	0.81042	0	
1226018	8270.47363	3303504333487	0.00000	0.00000	8270.09863	0.34180	10671	0	0.60726	0.77512	0	0.56537	-1.27937	0	0.56537	-1.27937	0	0.43802	0.55453	9.70018	1.00374	0	0.43963	0.53015	11.70227	1.00374	0	-0.01582	-0.01233	0.66557	0.00290	1	0.05051	-0.01507	0.66102	0.00235	1	1.45898	0.81042	0	
1226019	8270.48047	3303504400342	0.00000	0.00000	8270.09863	0.34180	10671	0	0.60726	0.77512	0	0.56537	-1.27937	0	0.56537	-1.27937	0	0.43802	0.55453	9.70018	1.00374	0	0.43963	0.53015	11.70227	1.00374	0	-0.01582	-0.01233	0.66557	0.00290	1	0.05051	-0.01507	0.66102	0.00235	1	1.45898	0.81042	0	
1226020	8270.48730	3303504467210	0.00000	0.00000	8270.09863	0.34180	10671	0	0.60726	0.77512	0	0.56537	-1.27937	0	0.56537	-1.27937	0	0.43802	0.55453	9.70018	1.00374	0	0.43963	0.53015	11.70227	1.00374	0	-0.01582	-0.01233	0.66557	0.00290	1	0.05051	-0.01507	0.66102	0.00235	1	1.45898	0.81042	0	
1226021	8270.49414	3303504533754	0.00000	0.00000	8270.09863	0.34180	10671	0	0.60726	0.77512	0	0.56537	-1.27937	0	0.56537	-1.27937	0	0.43802	0.55453	9.70018	1.00374	0	0.43963	0.53015	11.70227	1.00374	0	-0.01582	-0.01233	0.66557	0.00290	1	0.05051	-0.01507	0.66102	0.00235	1	1.45898	0.81042	0	
1226022	8270.50098	3303504601935	0.00000	0.00000	8270.09863	0.34180	10671	0	0.60726	0.77512	0	0.56537	-1.27937	0	0.56537	-1.27937	0	0.43802	0.55453	9.70018	1.00374	0	0.43963	0.53015	11.70227	1.00374	0	-0.01582	-0.01233	0.66557	0.00290	1	0.05051	-0.01507	0.66102	0.00235	1	1.45898	0.81042	0	
1226023	8270.50684	3303504668184	0.00000	0.00000	8270.09863	0.34180	10671	0	0.60726	0.77512	0	0.56537	-1.27937	0	0.56537	-1.27937	0	0.43802	0.55453	9.70018	1.00374	0	0.43963	0.53015	11.70227	1.00374	0	-0.01582	-0.01233	0.66557	0.00290	1	0.05051	-0.01507	0.66102	0.00235	1	1.45898	0.81042	0	
1226024	8270.51367	3303504735043	0.00000	0.00000	8270.09863	0.34180	10671	0	0.60726	0.77512	0	0.56537	-1.27937	0	0.56537	-1.27937	0	0.43802	0.55453	9.70018	1.00374	0	0.43963	0.53015	11.70227	1.00374	0	-0.01582	-0.01233	0.66557	0.00290	1	0.05051	-0.01507	0.66102	0.00235	1	1.45898	0.81042	0	
1226025	8270.52051	3303504800810	0.00000	0.00000	8270.09863	0.34180	10671	0	0.60726	0.77512	0	0.56537	-1.27937	0	0.56537	-1.27937	0	0.43802	0.55453	9.70018	1.00374	0	0.43963	0.53015	11.70227	1.00374	0	-0.01582	-0.01233	0.66557	0.00290	1	0.05051	-0.01507	0.66102	0.00235	1	1.45898	0.81042	0	
1226026	8270.52734	3303504869987	0.00000	0.00000	8270.09863	0.34180	10671	0	0.60726	0.77512	0	0.56537	-1.27937	0	0.56537	-1.27937	0	0.43802	0.55453	9.70018	1.00374	0	0.43963	0.53015	11.70227	1.00374	0	-0.01582	-0.01233	0.66557	0.00290	1	0.05051	-0.01507	0.66102	0.00235	1	1.45898	0.81042	0	
1226027	8270.53418	3303504937473	0.00000	0.00000	8270.09863	0.34180	10671	0	0.60726	0.77512	0	0.56537	-1.27937	0	0.56537	-1.27937	0	0.43802	0.55453	9.70018	1.00374	0	0.43963	0.53015	11.70227	1.00374	0	-0.01582	-0.01233	0.66557	0.00290	1	0.05051	-0.01507	0.66102	0.00235	1	1.45898	0.81042	0	
1226028	8270.54102	3303505003980	0.00000	0.00000	8270.09863	0.34180	10671	0	0.60726	0.77512	0	0.56537	-1.27937	0	0.56537	-1.27937	0	0.43802	0.55453	9.70018	1.00374	0	0.43963	0.53015	11.70227	1.00374	0	-0.01582	-0.01233	0.66557	0.00290	1	0.05051	-0.01507	0.66102	0.00235	1	1.45898	0.81042	0	
1226029	8270.54785	3303505070755	0.00000	0.00000	8270.09863	0.34180	10671	0	0.60726	0.77512	0	0.56537	-1.27937	0	0.56537	-1.27937	0	0.43802	0.55453	9.70018	1.00374	0	0.43963	0.53015	11.70227	1.00374	0	-0.01582	-0.01233	0.66557	0.00290	1	0.05051	-0.01507	0.66102	0.00235	1	1.45898	0.81042	0	
1226030	8270.55371	3303505135657	0.00000	0.00000	8270.09863	0.34180	10671	0	0.60726	0.77512	0	0.56537	-1.27937	0	0.56537	-1.27937	0	0.43802	0.55453	9.70018	1.00374	0	0.43963	0.53015	11.70227	1.00374	0	-0.01582	-0.01233	0.66557	0.00290	1	0.05051	-0.01507	0.66102	0.00235	1	1.45898	0.81042	0	
1226031	8270.56055	3303505203868	0.00000	0.00000	8270.09863	0.34180	10671	0	0.60726	0.77512	0	0.56537	-1.27937	0	0.56537	-1.27937	0	0.43802	0.55453	9.70018	1.00374	0	0.43963	0.53015	11.70227	1.00374	0	-0.01582	-0.01233	0.66557	0.00290	1	0.05051	-0.01507	0.66102	0.00235	1	1.45898	0.81042	0	
1226032	8270.56738	3303505271010	0.00000	0.00000	8270.09863	0.34180	10671	0	0.60726	0.77512	0	0.56537	-1.27937	0	0.56537	-1.27937	0	0.43802	0.55453	9.70018	1.00374	0	0.43963	0.53015	11.70227	1.00374	0	-0.01582	-0.01233	0.66557	0.00290	1	0.05051	-0.01507	0.66102	0.00235	1	1.45898	0.81042	0	
1226033	8270.57422	3303505338054	0.00000	0.00000	8270.09863	0.34180	10671	0	0.60726	0.77512	0	0.56537	-1.27937	0	0.56537	-1.27937	0	0.43802	0.55453	9.70018	1.00374	0	0.43963	0.53015	11.70227	1.00374	0	-0.01582	-0.01233	0.66557	0.00290	1	0.05051	-0.01507	0.66102	0.00235	1	1.45898	0.81042	0	
1226034	8270.58105	3303505404639	0.00000	0.00000	8270.09863	0.34180	10671	0	0.60726	0.77512	0	0.56537	-1.27937	0	0.56537	-1.27937	0	0.43802	0.55453	9.70018	1.00374	0	0.43963	0.53015	11.70227	1.00374	0	-0.01582	-0.01233	0.66557	0.00290	1	0.05051	-0.01507	0.66102	0.00235	1	1.45898	0.81042	0	
1226035	8270.58789	3303505471463	0.00000	0.00000	8270.09863	0.34180	10671	0	0.60726	0.77512	0	0.56537	-1.27937	0	0.56537	-1.27937	0	0.43802	0.55453	9.70018	1.00374	0	0.43963	0.53015	11.70227	1.00374	0	-0.01582	-0.01233	0.66557	0.00290	1	0.05051	-0.01507	0.66102	0.00235	1	1.45898	0.81042	0	
1226036	8270.59375	3303505537110	0.00000	0.00000	8270.09863	0.34180	10671	0	0.60726	0.77512	0	0.56537	-1.27937	0	0.56537	-1.27937	0	0.43802	0.55453	9.70018	1.00374	0	0.43963	0.53015	11.70227	1.00374	0	-0.01582	-0.01233	0.66557	0.00290	1	0.05051	-0.01507	0.66102	0.00235	1	1.45898	0.81042	0	
1226037	8270.60059	3303505604408	0.00000	0.00000	8270.09863	0.34180	10671	0	0.60726	0.77512	0	0.56537	-1.27937	0	0.56537	-1.27937	0	0.43802	0.55453	9.70018	1.00374	0	0.43963	0.53015	11.70227	1.00374	0	-0.01582	-0.01233	0.66557	0.00290	1	0.05051	-0.01507	0.66102	0.00235	1	1.45898	0.81042	0	
1226038	8270.60742	3303505672583	0.00000	0.00000	8270.09863	0.34180	10671	0	0.60726	0.77512	0	0.56537	-1.27937	0	0.56537	-1.27937	0	0.43802	0.55453	9.70018	1.00374	0	0.43963	0.53015	11.70227	1.00374	0	-0.01582	-0.01233	0.66557	0.00290	1	0.05051	-0.01507	0.66102	0.00235	1	1.45898	0.81042	0	
1226039	8270.61426	3303505740008	0.00000	0.00000	8270.09863	0.34180	10671	0	0.60726	0.77512	0	0.56537	-1.27937	0	0.56537	-1.27937	0	0.43802	0.55453	9.70018	1.00374	0	0.43963	0.53015	11.70227	1.00374	0	-0.01582	-0.01233	0.66557	0.00290	1	0.05051	-0.01507	0.66102	0.00235	1	1.45898	0.81042	0	
1226040	8270.62109	3303505805902	0.00000	0.00000	8270.09863	0.34180	10671	0	0.60726	0.77512	0	0.56537	-1.27937	0	0.56537	-1.27937	0	0.43802	0.55453	9.70018	1.00374	0	0.43963	0.53015	11.70227	1.00374	0	-0.01582	-0.01233	0.66557	0.00290	1	0.05051	-0.01507	0.66102	0.00235	1	1.45898	0.81042	0	
1226041	8270.62793	3303505873944	0.00000	0.00000	8270.09863	0.34180	10671	0	0.60726	0.77512	0	0.56537	-1.27937	0	0.56537	-1.27937	0	0.43802	0.55453	9.70018	1.00374	0	0.43963	0.53015	11.70227	1.00374	0	-0.01582	-0.01233	0.66557	0.00290	1	0.05051	-0.01507	0.66102	0.00235	1	1.45898	0.81042	0	
1226042	8270.63477	3303505940625	0.29363	-0.13540	8270.09863	0.34180	10671	0	0.60729	0.77540	1	0.56723	-1.31699	1	0.58726	-0.27079	1	0.43867	0.55447	11.52163	1.01176	1	0.70188	0.56777	11.47238	1.01942	1	-0.01618	-0.01281	0.68301	0.00325	1	0.05208	-0.01562	0.67835	0.00289	1	1.45898	0.81042	0	
1226043	8270.64160	3303506008354	0.39565	0.11723	8270.09863	0.34180	10671	0	0.66034	0.63813	1	0.53907	0.60687	1	0.59970	0.62250	1	0.43905	0.55442	11.00392	1.02743	1	0.70189	0.56804	11.53311	1.03509	1	-0.01618	-0.01281	0.68301	0.00335	1	0.05208	-0.01562	0.67835	0.00301	1	1.45898	0.81042	0	
1226044	8270.64746	3303506074577	0.58841	0.32184	8270.09863	0.34180	10671	0	0.62065	0.60227	1	0.53588	0.62534	1	0.57826	0.61381	1	0.43876	0.55440	10.77405	1.04311	1	0.70178	0.56813	11.44081	1.05077	1	-0.01618	-0.01281	0.68301	0.00331	1	0.05208	-0.01562	0.67835	0.00313	1	1.45898	0.81042	0	
1226045	8270.65430	3303506141693	0.58343	0.46456	8270.09863	0.34180	10671	0	0.62027	0.59366	1	0.53663	0.62092	1	0.57845	0.60729	1	0.43892	0.55429	10.88250	1.05879	1	0.70183	0.56865	11.22988	1.05879	1	-0.01614	-0.01285	0.68542	0.00316	1	0.05057	-0.01515	0.65795	0.00315	1	1.45898	0.81042	0	
1226046	8270.66113	3303506208553	0.57954	0.50537	8270.09863	0.34180	10671	0	0.60449	0.50751	1	0.53904	0.66645	1	0.57176	0.58698	1	0.43902	0.55379	11.09833	1.05879	1	0.70183	0.56866	11.90092	1.05113	1	-0.01614	-0.01285	0.68542	0.00284	1	0.05057	-0.01515	0.65795	0.00312	1	1.45898	0.81042	0	
1226047	8270.66797	3303506275352	0.56927	0.59005	8270.09863	0.34180	10671	0	0.60349	0.53313	1	0.51167	0.61860	1	0.55758	0.57587	1	0.43896	0.55387	11.06659	1.05113	1	0.70139	0.56856	11.98384	1.04347	1	-0.01614	-0.01285	0.68542	0.00301	1	0.05057	-0.01515	0.65795	0.00317	1	1.45898	0.81042	0	
1226048	8270.67480	3303506343292	0.56343	0.58648	8270.09863	0.34180	10671	0	0.60411	0.54272	1	0.51110	0.62309	1	0.55760	0.58291	1	0.43901	0.55417	11.20078	1.03545	1	0.70162	0.56859	11.20957	1.03545	1	-0.01562	-0.01258	0.66574	0.00310	1	0.05208	-0.01562	0.67835	0.00325	1	1.45898	0.81042	0	
1226049	8270.68164	3303506407865	0.56969	0.58941	8270.09863	0.34180	10671	0	0.62551	0.55944	1	0.53891	0.63110	1	0.58221	0.59527	1	0.43892	0.55407	10.96954	1.02743	1	0.70181	0.56878	11.33288	1.03509	1	-0.01562	-0.01258	0.66574	0.00346	1	0.05208	-0.01562	0.67835	0.00319	1	1.45898	0.81042	0	
1226050	8270.68750	3303506474077	0.56929	0.59897	8270.66797	0.01953	10672	1	0.61385	0.61473	1	0.52232	0.64061	1	0.56808	0.62767	1	0.43866	0.55470	11.48744	1.02708	1	0.70152	0.56889	11.73289	1.03474	1	-0.01562	-0.01258	0.66574	0.00334	1	0.05208	-0.01562	0.67835	0.00320	1	1.45898	0.81042	0	
1226051	8270.69434	3303506540847	0.56898	0.60517	8270.66797	0.02637	10672	1	0.61386	0.61493	1	0.52166	0.64497	1	0.56776	0.62995	1	0.43892	0.55448	11.03698	1.02672	1	0.70161	0.56892	11.93520	1.02672	1	-0.01562	-0.01268	0.66575	0.00311	1	0.04973	-0.01482	0.64586	0.00316	1	1.45898	0.81042	0	
1226052	8270.70117	3303506608125	0.56811	0.61177	8270.66797	0.03320	10672	1	0.60946	0.62130	1	0.51806	0.66823	1	0.56376	0.64476	1	0.43904	0.55476	11.49636	1.02672	1	0.70144	0.56898	12.07992	1.01906	1	-0.01562	-0.01268	0.66575	0.00312	1	0.04973	-0.01482	0.64586	0.00324	1	1.45898	0.81042	0	
1226053	8270.70801	3303506674953	0.56779	0.61693	8270.66797	0.04004	10672	1	0.61565	0.64092	1	0.51600	0.65489	1	0.56583	0.64790	1	0.43907	0.55466	11.29671	1.01906	1	0.70149	0.56895	11.79233	1.01140	1	-0.01562	-0.01268	0.66575	0.00309	1	0.04973	-0.01482	0.64586	0.00325	1	1.45898	0.81042	0	
1226054	8270.71484	3303506741365	0.56752	0.62131	8270.66797	0.04688	10672	1	0.61587	0.64494	1	0.51540	0.65905	1	0.56564	0.65199	1	0.43916	0.55461	10.89231	1.01140	1	0.70175	0.56891	12.23519	1.00374	1	-0.01544	-0.01242	0.66224	0.00314	1	0.05095	-0.01528	0.66163	0.00322	1	1.45898	0.81042	0	
1226055	8270.72168	3303506809150	0.56867	0.62024	8270.66797	0.05371	10672	1	0.61472	0.60106	1	0.54107	0.62231	1	0.57790	0.61168	1	0.43908	0.55450	11.09720	1.00374	1	0.70184	0.56884	12.05032	1.00374	1	-0.01544	-0.01242	0.66224	0.00310	1	0.05095	-0.01528	0.66163	0.00330	1	1.45898	0.81042	0	
1226056	8270.72852	3303506875706	0.56857	0.62323	8270.66797	0.06055	10672	1	0.62389	0.62240	1	0.51147	0.67789	1	0.56768	0.65015	1	0.43915	0.55435	10.88369	1.00374	1	0.70140	0.56906	12.36562	1.00374	1	-0.01544	-0.01242	0.66224	0.00320	1	0.05095	-0.01528	0.66163	0.00321	1	1.45898	0.81042	0	
1226057	8270.73438	3303506942067	0.56854	0.62511	8270.66797	0.06641	10672	1	0.62371	0.61799	1	0.51264	0.66968	1	0.56818	0.64384	1	0.43899	0.55442	11.05319	1.01176	1	0.70231	0.56917	12.60370	1.01942	1	-0.01579	-0.01274	0.67936	0.00316	1	0.05192	-0.01549	0.67490	0.00310	1	1.45898	0.81042	0	
1226058	8270.74121	3303507008809	0.56859	0.62537	8270.66797	0.07324	10672	1	0.59330	0.60755	1	0.54504	0.64895	1	0.56917	0.62825	1	0.43898	0.55455	11.24972	1.02743	1	0.70191	0.56885	12.09510	1.03509	1	-0.01579	-0.01274	0.67936	0.00329	1	0.05192	-0.01549	0.67490	0.00330	1	1.45898	0.81042	0	
1226059	8270.74805	3303507079546	0.56960	0.62231	8270.66797	0.08008	10672	1	0.59482	0.56783	1	0.56874	0.60335	1	0.58178	0.58559	1	0.43911	0.55405	11.03456	1.04311	1	0.70227	0.56908	12.77201	1.05077	1	-0.01579	-0.01274	0.67936	0.00342	1	0.05192	-0.01549	0.67490	0.00316	1	1.45898	0.81042	0	
1226060	8270.75488	3303507146424	0.57043	0.61967	8270.66797	0.08691	10672	1	0.59446	0.56336	1	0.56789	0.60726	1	0.58118	0.58531	1	0.43946	0.55491	12.00267	1.05077	1	0.70219	0.56903	12.23361	1.04396	1	-0.01544	-0.01247	0.66224	0.00302	1	0.04853	-0.01453	0.63091	0.00309	1	1.45898	0.81042	0	
1226061	8270.76172	3303507213487	0.57189	0.62224	8270.66797	0.09375	10672	1	0.62374	0.64642	1	0.56098	0.67009	1	0.59236	0.65826	1	0.43950	0.55500	11.97924	1.03594	1	0.70221	0.56901	12.32524	1.02148	1	-0.01544	-0.01247	0.66224	0.00298	1	0.04853	-0.01453	0.63091	0.00307	1	1.45898	0.81042	0	
1226062	8270.76855	3303507280651	0.57264	0.62489	8270.66797	0.10059	10672	1	0.61821	0.66516	1	0.54964	0.66425	1	0.58393	0.66470	1	0.43934	0.55499	12.10543	1.01346	1	0.70215	0.56893	12.03511	0.99899	1	-0.01544	-0.01247	0.66224	0.00296	1	0.04853	-0.01453	0.63091	0.00320	1	1.45898	0.81042	0	
1226063	8270.77539	3303507347504	0.57329	0.62757	8270.66797	0.10742	10672	1	0.61860	0.67244	1	0.54878	0.66840	1	0.58369	0.67042	1	0.43942	0.55470	11.83136	0.99899	1	0.70215	0.56943	12.18714	0.99133	1	-0.01579	-0.01279	0.67936	0.00313	1	0.05095	-0.01518	0.66163	0.00302	1	1.45898	0.81042	0	
1226064	8270.78223	3303507414604	0.57434	0.62991	8270.66797	0.11426	10672	1	0.63132	0.67489	1	0.55308	0.66435	1	0.59220	0.66962	1	0.43947	0.55502	12.01026	0.99935	1	0.70220	0.56910	12.06745	1.00616	1	-0.01579	-0.01279	0.67936	0.00298	1	0.05095	-0.01518	0.66163	0.00309	1	1.45898	0.81042	0	
1226065	8270.78906	3303507481290	0.57526	0.63363	8270.66797	0.12109	10672	1	0.62298	0.69521	1	0.56068	0.70607	1	0.59183	0.70064	1	0.43947	0.55500	11.80705	1.01417	1	0.70225	0.56944	12.48653	1.02098	1	-0.01579	-0.01279	0.67936	0.00299	1	0.05095	-0.01518	0.66163	0.00298	1	1.45898	0.81042	0	
1226066	8270.79492	3303507548148	0.57617	0.63631	8270.66797	0.12695	10672	1	0.62245	0.68389	1	0.56448	0.69061	1	0.59346	0.68725	1	0.43910	0.55475	11.56362	1.03808	1	0.70216	0.56911	12.59085	1.05255	1	-0.01652	-0.01334	0.70859	0.00334	1	0.05190	-0.01550	0.67330	0.00313	1	1.45898	0.81042	0	
1226067	8270.80176	3303507615566	0.57694	0.63606	8270.66797	0.13379	10672	1	0.62573	0.66030	1	0.55886	0.60170	1	0.59229	0.63100	1	0.43940	0.55477	12.14030	1.06164	1	0.70209	0.56912	12.54774	1.06930	1	-0.01652	-0.01334	0.70859	0.00306	1	0.05190	-0.01550	0.67330	0.00312	1	1.45898	0.81042	0	
1226068	8270.80859	3303507682296	0.57715	0.63508	8270.66797	0.14062	10672	1	0.61154	0.60896	1	0.55148	0.62018	1	0.58151	0.61457	1	0.43939	0.55437	12.04663	1.07838	1	0.70197	0.56892	12.15622	1.08604	1	-0.01652	-0.01334	0.70859	0.00293	1	0.05190	-0.01550	0.67330	0.00322	1	1.45898	0.81042	0	
1226069	8270.81543	3303507749421	0.57735	0.63401	8270.66797	0.14746	10672	1	0.61130	0.60493	1	0.55228	0.61605	1	0.58179	0.61049	1	0.43946	0.55416	12.08223	1.08604	1	0.70220	0.56934	12.73580	1.09370	1	-0.01579	-0.01279	0.67936	0.00291	1	0.05192	-0.01549	0.67490	0.00302	1	1.45898	0.81042	0	
1226070	8270.82227	3303507816410	0.57798	0.63444	8270.66797	0.15430	10672	1	0.61822	0.58373	1	0.56652	0.70501	1	0.59237	0.64437	1	0.43941	0.55415	11.99047	1.08462	1	0.70223	0.56924	12.70387	1.08462	1	-0.01579	-0.01279	0.67936	0.00290	1	0.05192	-0.01549	0.67490	0.00297	1	1.45898	0.81042	0	
1226071	8270.82910	3303507883390	0.57855	0.63401	8270.66797	0.16113	10672	1	0.61910	0.61342	1	0.56535	0.63380	1	0.59222	0.62361	1	0.43941	0.55412	11.78501	1.07553	1	0.70223	0.56908	12.33863	1.07553	1	-0.01579	-0.01279	0.67936	0.00298	1	0.05192	-0.01549	0.67490	0.00311	1	1.45898	0.81042	0	
1226072	8270.83594	3303507950399	0.57902	0.63404	8270.66797	0.16797	10672	1	0.61952	0.62236	1	0.56242	0.64699	1	0.59097	0.63467	1	0.43943	0.55388	11.98080	1.05843	1	0.70223	0.56898	12.43110	1.05077	1	-0.01544	-0.01237	0.66224	0.00308	1	0.05095	-0.01518	0.66163	0.00314	1	1.45898	0.81042	0	
1226073	8270.84180	3303508017309	0.57964	0.63305	8270.66797	0.17383	10672	1	0.61732	0.59392	1	0.57402	0.62086	1	0.59567	0.60739	1	0.43938	0.55371	11.86304	1.04275	1	0.70227	0.56870	12.41672	1.03509	1	-0.01544	-0.01237	0.66224	0.00314	1	0.05095	-0.01518	0.66163	0.00306	1	1.45898	0.81042	0	
1226074	8270.84863	3303508084098	0.57989	0.63337	8270.66797	0.18066	10672	1	0.61270	0.61610	1	0.56076	0.66794	1	0.58673	0.64202	1	0.43930	0.55360	11.71693	1.02708	1	0.70231	0.56866	12.25105	1.01942	1	-0.01544	-0.01237	0.66224	0.00316	1	0.05095	-0.01518	0.66163	0.00306	1	1.45898	0.81042	0	
1226075	8270.85547	3303508151313	0.58011	0.63396	8270.66797	0.18750	10672	1	0.61320	0.62464	1	0.55886	0.67622	1	0.58603	0.65043	1	0.43931	0.55414	12.11462	1.01140	1	0.70240	0.56899	12.42296	1.00374	1	-0.01544	-0.01237	0.66224	0.00297	1	0.05095	-0.01518	0.66163	0.00326	1	1.45898	0.81042	0	
1226076	8270.86230	3303508218804	0.58059	0.63692	8270.66797	0.19434	10672	1	0.62688	0.67373	1	0.56240	0.77203	1	0.59464	0.72288	1	0.43943	0.55414	12.10100	1.00374	1	0.70237	0.56903	12.52931	1.00374	1	-0.01544	-0.01237	0.66224	0.00292	1	0.05095	-0.01518	0.66163	0.00310	1	1.45898	0.81042	0	
1226077	8270.86914	3303508285717	0.58110	0.63871	8270.66797	0.20117	10672	1	0.62780	0.64319	1	0.56493	0.74154	1	0.59637	0.69236	1	0.43948	0.55413	12.24428	1.00374	1	0.70245	0.56877	12.50249	1.00374	1	-0.01544	-0.01237	0.66224	0.00294	1	0.05095	-0.01518	0.66163	0.00300	1	1.45898	0.81042	0	
1226078	8270.87598	3303508351042	0.58161	0.64012	8270.66797	0.20801	10672	1	0.62749	0.63413	1	0.56710	0.73363	1	0.59729	0.68388	1	0.43950	0.55412	12.23814	1.02084	1	0.70239	0.56848	12.24174	1.02084	1	-0.01652	-0.01313	0.70859	0.00297	1	0.05117	-0.01520	0.66451	0.00300	1	1.45898	0.81042	0	
1226079	8270.88281	3303508419290	0.58215	0.64031	8270.66797	0.21484	10672	1	0.63323	0.65602	1	0.56601	0.63638	1	0.59962	0.64620	1	0.43945	0.55410	12.23137	1.03795	1	0.70227	0.56827	12.30055	1.03795	1	-0.01652	-0.01313	0.70859	0.00296	1	0.05117	-0.01520	0.66451	0.00300	1	1.45898	0.81042	0	
1226080	8270.88867	3303508486107	0.58267	0.64026	8270.66797	0.22070	10672	1	0.62679	0.61504	1	0.57291	0.66279	1	0.59985	0.63892	1	0.43954	0.55399	11.88820	1.05505	1	0.70238	0.56855	12.33683	1.05505	1	-0.01652	-0.01313	0.70859	0.00302	1	0.05117	-0.01520	0.66451	0.00296	1	1.45898	0.81042	0	
1226081	8270.89551	3303508552922	0.58319	0.63997	8270.66797	0.22754	10672	1	0.62647	0.60596	1	0.57510	0.65397	1	0.60078	0.62996	1	0.43944	0.55398	12.17677	1.07215	1	0.70210	0.56797	11.90111	1.07215	1	-0.01652	-0.01313	0.70859	0.00307	1	0.05095	-0.01509	0.66163	0.00316	1	1.45898	0.81042	0	
1226082	8270.90234	3303508618150	0.58350	0.63870	8270.66797	0.23438	10672	1	0.61671	0.59582	1	0.57188	0.59249	1	0.59429	0.59416	1	0.43924	0.55375	12.29925	1.07215	1	0.70219	0.56803	12.34583	1.07215	1	-0.01652	-0.01313	0.70859	0.00305	1	0.05095	-0.01509	0.66163	0.00318	1	1.45898	0.81042	0	
1226083	8270.90918	3303508685357	0.58378	0.63743	8270.66797	0.24121	10672	1	0.62029	0.59939	1	0.56768	0.58443	1	0.59398	0.59191	1	0.43900	0.55360	11.84373	1.07215	1	0.70220	0.56798	12.11966	1.07215	1	-0.01652	-0.01313	0.70859	0.00309	1	0.05095	-0.01509	0.66163	0.00316	1	1.45898	0.81042	0	
1226084	8270.91504	3303508749799	0.58404	0.63637	8270.66797	0.24707	10672	1	0.62051	0.60427	1	0.56658	0.58971	1	0.59354	0.59699	1	0.43916	0.55338	11.05931	1.06306	1	0.70244	0.56817	12.55910	1.06306	1	-0.01581	-0.01247	0.67589	0.00314	1	0.05057	-0.01490	0.65795	0.00311	1	1.45898	0.81042	0	
1226085	8270.92285	3303508819133	0.58445	0.63648	8270.66797	0.25488	10672	1	0.63360	0.60785	1	0.56672	0.67319	1	0.60016	0.64052	1	0.43901	0.55311	11.11375	1.05398	1	0.70230	0.56824	12.72114	1.05398	1	-0.01581	-0.01247	0.67589	0.00334	1	0.05057	-0.01490	0.65795	0.00305	1	1.45898	0.81042	0	
1226086	8270.92871	3303508883551	0.58460	0.63674	8270.66797	0.26074	10672	1	0.63432	0.64412	1	0.54682	0.64994	1	0.59057	0.64703	1	0.43886	0.55367	11.36950	1.04489	1	0.70197	0.56804	12.18354	1.04489	1	-0.01581	-0.01247	0.67589	0.00307	1	0.05057	-0.01490	0.65795	0.00307	1	1.45898	0.81042	0	
1226087	8270.93555	3303508953900	0.58475	0.63706	8270.66797	0.26758	10672	1	0.63443	0.64874	1	0.54667	0.65070	1	0.59055	0.64972	1	0.43889	0.55327	10.98028	1.03581	1	0.70113	0.56815	12.58711	1.04347	1	-0.01581	-0.01247	0.67589	0.00311	1	0.05208	-0.01536	0.67834	0.00324	1	1.45898	0.81042	0	
1226088	8270.94238	3303509021747	0.58449	0.63697	8270.66797	0.27441	10672	1	0.63441	0.65743	1	0.51336	0.60940	1	0.57389	0.63342	1	0.43875	0.55354	12.15136	1.04347	1	0.70148	0.56771	12.26331	1.05113	1	-0.01581	-0.01247	0.67589	0.00315	1	0.05208	-0.01536	0.67834	0.00315	1	1.45898	0.81042	0	
1226089	8270.94922	3303509089053	0.58490	0.63723	8270.66797	0.28125	10672	1	0.63195	0.63953	1	0.57251	0.65661	1	0.60223	0.64807	1	0.43890	0.55365	12.00494	1.05113	1	0.70157	0.56822	12.12643	1.05879	1	-0.01581	-0.01247	0.67589	0.00306	1	0.05208	-0.01536	0.67834	0.00312	1	1.45898	0.81042	0	
1226090	8270.95605	3303509155630	0.58531	0.63738	8270.66797	0.28809	10672	1	0.63185	0.63562	1	0.57348	0.65262	1	0.60266	0.64412	1	0.43826	0.55396	12.09421	1.05879	1	0.70093	0.56850	12.37518	1.06644	1	-0.01614	-0.01267	0.68117	0.00301	1	0.05308	-0.01588	0.69400	0.00285	1	1.45898	0.81042	0	
1226091	8270.96289	3303509222507	0.58553	0.63773	8270.66797	0.29492	10672	1	0.61991	0.64904	1	0.57103	0.65667	1	0.59547	0.65285	1	0.43755	0.55516	11.40344	1.06644	1	0.70037	0.56910	11.89160	1.06644	1	-0.01614	-0.01267	0.68117	0.00299	1	0.05308	-0.01588	0.69400	0.00305	1	1.45898	0.81042	0	
1226092	8270.96973	3303509289484	0.58681	0.63830	8270.66797	0.30176	10672	1	0.65921	0.65142	1	0.62939	0.67696	1	0.64430	0.66419	1	0.43736	0.55551	11.12096	1.06644	1	0.70057	0.56924	12.48383	1.06644	1	-0.01614	-0.01267	0.68117	0.00310	1	0.05308	-0.01588	0.69400	0.00312	1	1.45898	0.81042	0	
1226093	8270.97656	3303509356954	0.58802	0.63889	8270.66797	0.30859	10672	1	0.65921	0.65142	1	0.62803	0.68078	1	0.64362	0.66610	1	0.43498	0.55740	10.59924	1.06644	1	0.69618	0.57091	11.75182	1.05879	1	-0.01649	-0.01295	0.67465	0.00283	1	0.04991	-0.01537	0.66103	0.00260	1	1.45898	0.81042	0	
1226094	8270.98242	3303509424041	0.58580	0.64233	8270.66797	0.31445	10672	1	0.50721	0.83420	1	0.45584	0.77303	1	0.48152	0.80362	1	0.43376	0.55841	12.90772	1.05879	1	0.69580	0.57145	11.89941	1.05113	1	-0.01649	-0.01295	0.67465	0.00268	1	0.04991	-0.01537	0.66103	0.00276	1	1.45898	0.81042	0	
1226095	8270.98926	3303509490845	0.58367	0.64617	8270.66797	0.32129	10672	1	0.47836	0.78454	1	0.45539	0.76448	1	0.46687	0.77451	1	0.43325	0.55869	11.74633	1.05113	1	0.69539	0.57117	11.17900	1.04347	1	-0.01649	-0.01295	0.67465	0.00284	1	0.04991	-0.01537	0.66103	0.00297	1	1.45898	0.81042	0	
1226096	8270.99609	3303509557809	0.57165	0.68361	8270.66797	0.32129	10672	0	0.48072	0.79043	1	0.45524	0.76783	1	0.46798	0.77913	1	0.43298	0.55899	11.42571	1.03545	1	0.69471	0.57245	11.42238	1.03545	1	-0.01681	-0.01305	0.67726	0.00266	1	0.05127	-0.01600	0.68371	0.00263	1	1.45898	0.81042	0	
1226097	8271.00293	3303509624791	0.50480	0.76318	8270.66797	0.32129	10672	0	0.48981	0.80290	1	0.38607	0.88261	1	0.43794	0.84276	1	0.43296	0.55873	10.70558	1.02743	1	0.69442	0.57244	10.79330	1.03509	1	-0.01681	-0.01305	0.67726	0.00298	1	0.05127	-0.01600	0.68371	0.00287	1	1.45898	0.81042	0	
1226098	8271.00977	3303509691850	0.47959	0.79604	8270.66797	0.32129	10672	0	0.46915	0.83735	1	0.38923	0.88616	1	0.42919	0.86176	1	0.43250	0.55916	11.40394	1.02708	1	0.69442	0.57244	10.79330	1.03474	1	-0.01681	-0.01305	0.67726	0.00274	1	0.05127	-0.01600	0.68371	0.00287	1	1.45898	0.81042	0	
1226099	8271.01660	3303509759210	0.43184	0.85461	8270.66797	0.32129	10672	0	0.46790	0.83480	1	0.38889	0.88385	1	0.42839	0.85933	1	0.43196	0.55935	12.28143	1.03474	1	0.69458	0.57241	10.81236	1.04239	1	-0.01698	-0.01319	0.68189	0.00256	1	0.05178	-0.01621	0.69056	0.00283	1	1.45898	0.81042	0	
1226100	8271.02344	3303509826153	0.42208	0.86642	8270.66797	0.32129	10672	0	0.42828	0.88217	1	0.39637	0.87428	1	0.41233	0.87823	1	0.43192	0.55963	12.71199	1.05041	1	0.69454	0.57255	11.20837	1.05041	1	-0.01698	-0.01319	0.68189	0.00265	1	0.05178	-0.01621	0.69056	0.00269	1	1.45898	0.81042	0	
1226101	8271.02930	3303509892585	0.42019	0.87688	8270.66797	0.32129	10672	0	0.44760	0.93134	1	0.38519	0.86424	1	0.41640	0.89779	1	0.43212	0.55972	12.46667	1.05843	1	0.69444	0.57269	10.92486	1.05843	1	-0.01698	-0.01319	0.68189	0.00266	1	0.05178	-0.01621	0.69056	0.00260	1	1.45898	0.81042	0	
1226102	8271.03613	3303509959860	0.41901	0.88155	8271.01660	0.01953	10673	1	0.44616	0.92947	1	0.38482	0.86171	1	0.41549	0.89559	1	0.43217	0.55991	12.36018	1.06644	1	0.69415	0.57230	10.25451	1.06644	1	-0.01710	-0.01326	0.68260	0.00272	1	0.05127	-0.01600	0.68371	0.00274	1	1.45898	0.81042	0	
1226103	8271.04297	3303510026269	0.41665	0.88272	8271.01660	0.02637	10673	1	0.45507	0.90643	1	0.35937	0.86831	1	0.40722	0.88737	1	0.43180	0.56008	12.69404	1.06644	1	0.69396	0.57277	10.50851	1.06644	1	-0.01710	-0.01326	0.68260	0.00264	1	0.05127	-0.01600	0.68371	0.00279	1	1.45898	0.81042	0	
1226104	8271.04980	3303510093425	0.41726	0.88314	8271.01660	0.03320	10673	1	0.47244	0.91003	1	0.36809	0.86046	1	0.42027	0.88525	1	0.43193	0.56010	12.62103	1.06644	1	0.69407	0.57254	10.39613	1.06644	1	-0.01710	-0.01326	0.68260	0.00265	1	0.05127	-0.01600	0.68371	0.00286	1	1.45898	0.81042	0	
1226105	8271.05664	3303510160554	0.41781	0.88377	8271.01660	0.04004	10673	1	0.47369	0.91205	1	0.36859	0.86299	1	0.42114	0.88752	1	0.43174	0.56021	12.78117	1.05843	1	0.69423	0.57213	10.04541	1.05843	1	-0.01699	-0.01329	0.67645	0.00267	1	0.05127	-0.01600	0.68371	0.00281	1	1.45898	0.81042	0	
1226106	8271.06348	3303510227688	0.41966	0.88235	8271.01660	0.04688	10673	1	0.48557	0.89736	1	0.37969	0.84747	1	0.43263	0.87241	1	0.43161	0.55999	12.83907	1.05041	1	0.69389	0.57227	10.76049	1.05041	1	-0.01699	-0.01329	0.67645	0.00270	1	0.05127	-0.01600	0.68371	0.00275	1	1.45898	0.81042	0	
1226107	8271.07031	3303510294670	0.42230	0.87935	8271.01660	0.05371	10673	1	0.48355	0.85916	1	0.40327	0.85159	1	0.44341	0.85537	1	0.43156	0.56010	13.12645	1.04239	1	0.69427	0.57243	10.95090	1.04239	1	-0.01699	-0.01329	0.67645	0.00265	1	0.05127	-0.01600	0.68371	0.00280	1	1.45898	0.81042	0	
1226108	8271.07617	3303510361470	0.42450	0.87734	8271.01660	0.05957	10673	1	0.48474	0.86162	1	0.40375	0.85681	1	0.44424	0.85921	1	0.43162	0.56002	12.71558	1.03438	1	0.69411	0.57279	11.83636	1.02672	1	-0.01614	-0.01258	0.64273	0.00253	1	0.04899	-0.01538	0.65534	0.00274	1	1.45898	0.81042	0	SUBJECT_ONSET_LOG
1226109	8271.08301	3303510427278	0.42459	0.87841	8271.01660	0.06641	10673	1	0.45918	0.87842	1	0.39194	0.89990	1	0.42556	0.88916	1	0.43125	0.56014	12.67700	1.02672	1	0.69397	0.57277	11.98136	1.01906	1	-0.01614	-0.01258	0.64273	0.00257	1	0.04899	-0.01538	0.65534	0.00268	1	1.45898	0.81042	0	
1226110	8271.08984	3303510491741	0.42486	0.87740	8271.01660	0.07324	10673	1	0.45615	0.83131	1	0.39947	0.90132	1	0.42781	0.86631	1	0.43147	0.55981	11.84529	1.01906	1	0.69433	0.57274	11.41883	1.01140	1	-0.01614	-0.01258	0.64273	0.00249	1	0.04899	-0.01538	0.65534	0.00284	1	1.45898	0.81042	0	
1226111	8271.09668	3303510560192	0.42515	0.87674	8271.01660	0.08008	10673	1	0.45751	0.83393	1	0.39974	0.90357	1	0.42862	0.86875	1	0.43082	0.56024	12.08401	1.01140	1	0.69372	0.57283	11.52511	1.00374	1	-0.01656	-0.01268	0.65543	0.00257	1	0.04899	-0.01538	0.65534	0.00271	1	1.45898	0.81042	0	
1226112	8271.10352	3303510625584	0.42419	0.87889	8271.01660	0.08691	10673	1	0.43523	0.92068	1	0.38820	0.89310	1	0.41172	0.90689	1	0.43058	0.56003	12.17209	1.00374	1	0.69360	0.57269	11.28557	1.00374	1	-0.01656	-0.01268	0.65543	0.00246	1	0.04899	-0.01538	0.65534	0.00272	1	1.45898	0.81042	0	AUDIO_FILE_ONSET_LOG
1226113	8271.11035	3303510694132	0.42242	0.88183	8271.01660	0.09375	10673	1	0.40571	0.93972	1	0.38964	0.90612	1	0.39767	0.92292	1	0.43038	0.56025	11.89559	1.00374	1	0.69368	0.57272	11.15575	1.00374	1	-0.01656	-0.01268	0.65543	0.00255	1	0.04899	-0.01538	0.65534	0.00265	1	1.45898	0.81042	0	
1226114	8271.11621	3303510758968	0.42087	0.88432	8271.01660	0.09961	10673	1	0.40571	0.93972	1	0.38930	0.90388	1	0.39750	0.92180	1	0.43070	0.56026	11.89624	1.00374	1	0.69363	0.57246	11.02219	1.01140	1	-0.01667	-0.01279	0.65567	0.00259	1	0.05219	-0.01640	0.69879	0.00276	1	1.45898	0.81042	0	
1226115	8271.12305	3303510825944	0.42005	0.88330	8271.01660	0.10645	10673	1	0.42675	0.86912	1	0.38742	0.86480	1	0.40709	0.86696	1	0.43065	0.56014	11.95597	1.01140	1	0.69364	0.57243	10.80479	1.01906	1	-0.01667	-0.01279	0.65567	0.00260	1	0.05219	-0.01640	0.69879	0.00284	1	1.45898	0.81042	0	
1226116	8271.12988	3303510894187	0.41922	0.88335	8271.01660	0.11328	10673	1	0.43226	0.88443	1	0.37766	0.88397	1	0.40496	0.88420	1	0.43057	0.56018	12.20098	1.01906	1	0.69384	0.57276	11.12456	1.02672	1	-0.01667	-0.01279	0.65567	0.00257	1	0.05219	-0.01640	0.69879	0.00275	1	1.45898	0.81042	0	
1226117	8271.13672	3303510959840	0.41841	0.88328	8271.01660	0.12012	10673	1	0.43073	0.88221	1	0.37724	0.88163	1	0.40398	0.88192	1	0.43065	0.55994	12.53719	1.02672	1	0.69368	0.57269	11.23557	1.03438	1	-0.01667	-0.01279	0.65567	0.00250	1	0.05219	-0.01640	0.69879	0.00273	1	1.45898	0.81042	0	
1226118	8271.14355	3303511028707	0.41740	0.88299	8271.01660	0.12695	10673	1	0.42849	0.87474	1	0.36769	0.88030	1	0.39809	0.87752	1	0.43079	0.56001	12.19115	1.03438	1	0.69367	0.57261	11.20239	1.03438	1	-0.01667	-0.01279	0.65567	0.00259	1	0.05219	-0.01640	0.69879	0.00270	1	1.45898	0.81042	0	
1226119	8271.15039	3303511098053	0.41659	0.88342	8271.01660	0.13379	10673	1	0.43322	0.89419	1	0.36755	0.88989	1	0.40039	0.89204	1	0.43087	0.56009	12.57415	1.03438	1	0.69373	0.57274	11.34164	1.03438	1	-0.01667	-0.01279	0.65567	0.00256	1	0.05219	-0.01640	0.69879	0.00273	1	1.45898	0.81042	0	
1226120	8271.15723	3303511165822	0.41585	0.88381	8271.01660	0.14062	10673	1	0.43322	0.89419	1	0.36755	0.88989	1	0.40039	0.89204	1	0.43070	0.56021	12.70319	1.03438	1	0.69385	0.57282	11.46742	1.03438	1	-0.01667	-0.01279	0.65567	0.00259	1	0.05219	-0.01640	0.69879	0.00265	1	1.45898	0.81042	0	
1226121	8271.16406	3303511232193	0.41553	0.88297	8271.01660	0.14746	10673	1	0.43313	0.89428	1	0.38392	0.83474	1	0.40853	0.86451	1	0.43084	0.56033	12.94390	1.03438	1	0.69403	0.57263	11.21776	1.03438	1	-0.01667	-0.01279	0.65567	0.00260	1	0.05219	-0.01640	0.69879	0.00273	1	1.45898	0.81042	0	
1226122	8271.16992	3303511297662	0.41519	0.88263	8271.01660	0.15332	10673	1	0.42688	0.89787	1	0.38791	0.85139	1	0.40739	0.87463	1	0.43080	0.56035	12.48056	1.03438	1	0.69404	0.57275	11.35185	1.03438	1	-0.01667	-0.01279	0.65567	0.00268	1	0.05219	-0.01640	0.69879	0.00269	1	1.45898	0.81042	0	
1226123	8271.17676	3303511366484	0.41480	0.88215	8271.01660	0.16016	10673	1	0.42342	0.89321	1	0.38748	0.84822	1	0.40545	0.87071	1	0.43080	0.56059	12.43245	1.05148	1	0.69425	0.57284	11.67205	1.04382	1	-0.01805	-0.01398	0.71425	0.00272	1	0.04958	-0.01562	0.66326	0.00271	1	1.45898	0.81042	0	
1226124	8271.18359	3303511433448	0.41493	0.88182	8271.01660	0.16699	10673	1	0.43405	0.89873	1	0.40202	0.84857	1	0.41803	0.87365	1	0.43078	0.56050	12.96716	1.06092	1	0.69423	0.57269	11.16720	1.05326	1	-0.01805	-0.01398	0.71425	0.00268	1	0.04958	-0.01562	0.66326	0.00273	1	1.45898	0.81042	0	
1226125	8271.19043	3303511498940	0.41505	0.88025	8271.01660	0.17383	10673	1	0.44269	0.88089	1	0.39349	0.79796	1	0.41809	0.83943	1	0.43084	0.56048	12.99796	1.07037	1	0.69414	0.57233	10.69173	1.06271	1	-0.01805	-0.01398	0.71425	0.00262	1	0.04958	-0.01562	0.66326	0.00285	1	1.45898	0.81042	0	
1226126	8271.19727	3303511565829	0.41518	0.87888	8271.01660	0.18066	10673	1	0.44408	0.88303	1	0.39378	0.80085	1	0.41893	0.84194	1	0.43096	0.56050	13.02531	1.06271	1	0.69404	0.57261	11.33085	1.05505	1	-0.01656	-0.01288	0.65543	0.00262	1	0.04963	-0.01560	0.66257	0.00270	1	1.45898	0.81042	0	
1226127	8271.20410	3303511632996	0.41519	0.87882	8271.01660	0.18750	10673	1	0.44819	0.92445	1	0.38264	0.82938	1	0.41542	0.87691	1	0.43095	0.56061	13.20980	1.03795	1	0.69402	0.57261	11.17521	1.03795	1	-0.01656	-0.01288	0.65543	0.00268	1	0.04963	-0.01560	0.66257	0.00270	1	1.45898	0.81042	0	
1226128	8271.21094	3303511699890	0.41531	0.87867	8271.01660	0.19434	10673	1	0.45292	0.90942	1	0.38435	0.83934	1	0.41863	0.87438	1	0.43104	0.56068	12.57434	1.02084	1	0.69398	0.57262	11.33174	1.02084	1	-0.01656	-0.01288	0.65543	0.00268	1	0.04963	-0.01560	0.66257	0.00269	1	1.45898	0.81042	0	
1226129	8271.21680	3303511766795	0.41547	0.87866	8271.01660	0.20020	10673	1	0.45602	0.91394	1	0.38481	0.84265	1	0.42041	0.87830	1	0.43091	0.56056	12.93875	1.00374	1	0.69383	0.57286	12.18067	1.01140	1	-0.01650	-0.01288	0.65289	0.00263	1	0.05127	-0.01610	0.68371	0.00266	1	1.45898	0.81042	0	
1226130	8271.22363	3303511834448	0.41529	0.87840	8271.01660	0.20703	10673	1	0.45933	0.90985	1	0.36022	0.83116	1	0.40977	0.87050	1	0.43116	0.56076	13.10081	1.01140	1	0.69350	0.57298	11.79619	1.01906	1	-0.01650	-0.01288	0.65289	0.00269	1	0.05127	-0.01610	0.68371	0.00280	1	1.45898	0.81042	0	
1226131	8271.23047	3303511902369	0.41487	0.87741	8271.01660	0.21387	10673	1	0.43609	0.87211	1	0.36623	0.81898	1	0.40116	0.84555	1	0.43113	0.56095	12.93727	1.01906	1	0.69355	0.57302	11.67704	1.02672	1	-0.01650	-0.01288	0.65289	0.00274	1	0.05127	-0.01610	0.68371	0.00277	1	1.45898	0.81042	0	
1226132	8271.23730	3303511969189	0.41440	0.87631	8271.01660	0.22070	10673	1	0.43302	0.86738	1	0.36520	0.81321	1	0.39911	0.84029	1	0.43105	0.56093	12.98229	1.03474	1	0.69375	0.57322	11.59790	1.04239	1	-0.01649	-0.01291	0.65455	0.00271	1	0.05127	-0.01610	0.68371	0.00274	1	1.45898	0.81042	0	
1226133	8271.24414	3303512034425	0.41421	0.87613	8271.01660	0.22754	10673	1	0.44939	0.91718	1	0.36573	0.82246	1	0.40756	0.86982	1	0.43118	0.56095	13.16964	1.05041	1	0.69399	0.57300	10.80695	1.05041	1	-0.01649	-0.01291	0.65455	0.00269	1	0.05127	-0.01610	0.68371	0.00270	1	1.45898	0.81042	0	
1226134	8271.25098	3303512103268	0.41389	0.87591	8271.01660	0.23438	10673	1	0.44360	0.92146	1	0.36172	0.81541	1	0.40266	0.86843	1	0.43126	0.56080	13.33773	1.05843	1	0.69399	0.57305	11.04053	1.05843	1	-0.01649	-0.01291	0.65455	0.00268	1	0.05127	-0.01610	0.68371	0.00273	1	1.45898	0.81042	0	
1226135	8271.25781	3303512170217	0.41358	0.87571	8271.01660	0.24121	10673	1	0.44360	0.92146	1	0.36172	0.81541	1	0.40266	0.86843	1	0.43132	0.56076	13.55296	1.05843	1	0.69407	0.57213	10.21511	1.05843	1	-0.01699	-0.01329	0.67645	0.00267	1	0.05127	-0.01610	0.68371	0.00318	1	1.45898	0.81042	0	
1226136	8271.26465	3303512236997	0.41330	0.87625	8271.01660	0.24805	10673	1	0.45028	0.90283	1	0.35544	0.88977	1	0.40286	0.89630	1	0.43138	0.56069	13.20348	1.05041	1	0.69393	0.57343	12.10228	1.05041	1	-0.01699	-0.01329	0.67645	0.00269	1	0.05127	-0.01610	0.68371	0.00282	1	1.45898	0.81042	0	
1226137	8271.27051	3303512303575	0.41370	0.87703	8271.01660	0.25391	10673	1	0.46925	0.92051	1	0.38843	0.89233	1	0.42884	0.90642	1	0.43165	0.56015	12.26799	1.04239	1	0.69451	0.57279	11.85727	1.04239	1	-0.01699	-0.01329	0.67645	0.00271	1	0.05127	-0.01610	0.68371	0.00261	1	1.45898	0.81042	0	
1226138	8271.27734	3303512370804	0.41408	0.87782	8271.01660	0.26074	10673	1	0.46925	0.92051	1	0.38907	0.89658	1	0.42916	0.90854	1	0.43248	0.55851	12.29697	1.04239	1	0.69481	0.57061	12.12343	1.02793	1	-0.01680	-0.01301	0.67488	0.00304	1	0.04836	-0.01496	0.64364	0.00324	1	1.45898	0.81042	0	
1226139	8271.28418	3303512438048	0.41480	0.87417	8271.01660	0.26758	10673	1	0.46224	0.72784	1	0.42442	0.72903	1	0.44333	0.72844	1	0.43295	0.55657	11.61672	1.03594	1	0.69534	0.56890	12.91070	1.02148	1	-0.01680	-0.01301	0.67488	0.00290	1	0.04836	-0.01496	0.64364	0.00285	1	1.45898	0.81042	0	
1226140	8271.29102	3303512501990	0.41517	0.87163	8271.01660	0.27441	10673	1	0.46183	0.74863	1	0.39921	0.78660	1	0.43052	0.76761	1	0.43285	0.55574	10.20814	1.02949	1	0.69526	0.56854	11.40991	1.01503	1	-0.01680	-0.01301	0.67488	0.00274	1	0.04836	-0.01496	0.64364	0.00261	1	1.45898	0.81042	0	
1226141	8271.29785	3303512572011	0.41556	0.86932	8271.01660	0.28125	10673	1	0.46426	0.75470	1	0.39947	0.78970	1	0.43187	0.77220	1	0.43381	0.55274	12.69021	1.01503	1	0.69616	0.56602	13.20911	1.00737	1	-0.01564	-0.01163	0.63788	0.00334	1	0.04982	-0.01481	0.66248	0.00357	1	1.45898	0.81042	0	
1226142	8271.30469	3303512639106	0.41970	0.82169	8271.01660	0.28125	10673	0	0.49230	0.61009	1	0.42112	0.56638	1	0.45671	0.58823	1	0.43431	0.55162	12.33533	0.99935	1	0.69594	0.56449	13.04420	1.00616	1	-0.01564	-0.01163	0.63788	0.00329	1	0.04982	-0.01481	0.66248	0.00335	1	1.45898	0.81042	0	
1226143	8271.31152	3303512706129	0.43998	0.71497	8271.01660	0.28125	10673	0	0.49294	0.64023	1	0.42758	0.57626	1	0.46026	0.60824	1	0.43421	0.55163	12.57427	0.99814	1	0.69600	0.56435	12.99970	1.00495	1	-0.01564	-0.01163	0.63788	0.00321	1	0.04982	-0.01481	0.66248	0.00334	1	1.45898	0.81042	0	
1226144	8271.31738	3303512772528	0.44656	0.67728	8271.01660	0.28125	10673	0	0.49197	0.63655	1	0.42748	0.56730	1	0.45972	0.60192	1	0.43450	0.55081	12.84667	1.00495	1	0.69663	0.56377	13.38775	1.01942	1	-0.01649	-0.01219	0.67465	0.00342	1	0.05097	-0.01490	0.67566	0.00375	1	1.45898	0.81042	0	
1226145	8271.32422	3303512839920	0.46469	0.57178	8271.01660	0.28125	10673	0	0.50446	0.53668	1	0.44369	0.47367	1	0.47407	0.50517	1	0.43452	0.55073	12.94956	1.02743	1	0.69656	0.56397	13.70068	1.03509	1	-0.01649	-0.01219	0.67465	0.00348	1	0.05097	-0.01490	0.67566	0.00357	1	1.45898	0.81042	0	
1226146	8271.33105	3303512907477	0.46396	0.53545	8271.01660	0.28125	10673	0	0.49692	0.52272	1	0.42956	0.47553	1	0.46324	0.49912	1	0.43448	0.55117	13.06867	1.04311	1	0.69642	0.56393	13.68254	1.05077	1	-0.01649	-0.01219	0.67465	0.00359	1	0.05097	-0.01490	0.67566	0.00371	1	1.45898	0.81042	0	
1226147	8271.33789	3303512971689	0.46337	0.52077	8271.01660	0.28125	10673	0	0.49486	0.51283	1	0.42952	0.47002	1	0.46219	0.49142	1	0.43466	0.55095	12.58729	1.05879	1	0.69650	0.56392	13.66198	1.05879	1	-0.01649	-0.01224	0.67465	0.00360	1	0.05023	-0.01474	0.66392	0.00356	1	1.45898	0.81042	0	
1226148	8271.34473	3303513040838	0.46676	0.50852	8271.32422	0.02051	10674	1	0.50146	0.48895	1	0.45238	0.45458	1	0.47692	0.47177	1	0.43464	0.55104	12.62813	1.05879	1	0.69679	0.56403	13.28204	1.05113	1	-0.01649	-0.01224	0.67465	0.00357	1	0.05023	-0.01474	0.66392	0.00363	1	1.45898	0.81042	0	
1226149	8271.35156	3303513107407	0.46436	0.49868	8271.32422	0.02734	10674	1	0.48438	0.46458	1	0.42518	0.45406	1	0.45478	0.45932	1	0.43451	0.55073	12.67627	1.05113	1	0.69681	0.56398	13.50731	1.04347	1	-0.01649	-0.01224	0.67465	0.00345	1	0.05023	-0.01474	0.66392	0.00354	1	1.45898	0.81042	0	
1226150	8271.35840	3303513174346	0.46286	0.49256	8271.32422	0.03418	10674	1	0.48545	0.46980	1	0.42518	0.45406	1	0.45532	0.46193	1	0.43467	0.55075	12.84149	1.04347	1	0.69707	0.56391	13.06702	1.04347	1	-0.01649	-0.01219	0.67465	0.00342	1	0.05099	-0.01495	0.67329	0.00351	1	1.45898	0.81042	0	
1226151	8271.36426	3303513241962	0.46580	0.48499	8271.32422	0.04004	10674	1	0.51127	0.45213	1	0.45565	0.42709	1	0.48346	0.43961	1	0.43474	0.55078	13.09056	1.04347	1	0.69728	0.56329	13.59513	1.05113	1	-0.01649	-0.01219	0.67465	0.00340	1	0.05099	-0.01495	0.67329	0.00375	1	1.45898	0.81042	0	
1226152	8271.37109	3303513308729	0.46804	0.48021	8271.32422	0.04688	10674	1	0.51167	0.48333	1	0.45578	0.41014	1	0.48373	0.44673	1	0.43471	0.55082	12.83442	1.05113	1	0.69721	0.56361	13.22393	1.05879	1	-0.01649	-0.01219	0.67465	0.00337	1	0.05099	-0.01495	0.67329	0.00366	1	1.45898	0.81042	0	
1226153	8271.37793	3303513375061	0.46974	0.47589	8271.32422	0.05371	10674	1	0.51078	0.47825	1	0.45593	0.40442	1	0.48335	0.44134	1	0.43453	0.55065	12.48699	1.05879	1	0.69767	0.56421	12.98465	1.06644	1	-0.01649	-0.01224	0.67465	0.00349	1	0.05099	-0.01495	0.67329	0.00354	1	1.45898	0.81042	0	
1226154	8271.38477	3303513443155	0.47044	0.47747	8271.32422	0.06055	10674	1	0.51595	0.50388	1	0.43756	0.47944	1	0.47676	0.49166	1	0.43482	0.55116	12.91315	1.06644	1	0.69743	0.56431	13.66408	1.06644	1	-0.01649	-0.01224	0.67465	0.00350	1	0.05099	-0.01495	0.67329	0.00370	1	1.45898	0.81042	0	
1226155	8271.39160	3303513509420	0.47155	0.47756	8271.32422	0.06738	10674	1	0.50371	0.45863	1	0.46163	0.49839	1	0.48267	0.47851	1	0.43460	0.55071	12.61941	1.06644	1	0.69773	0.56441	12.89004	1.06644	1	-0.01649	-0.01224	0.67465	0.00345	1	0.05099	-0.01495	0.67329	0.00369	1	1.45898	0.81042	0	
1226156	8271.39844	3303513576446	0.47248	0.47764	8271.32422	0.07422	10674	1	0.50371	0.45863	1	0.46163	0.49839	1	0.48267	0.47851	1	0.43460	0.55071	12.61941	1.06644	1	0.69769	0.56376	12.95305	1.06644	1	-0.01649	-0.01224	0.67465	0.00345	1	0.05099	-0.01495	0.67329	0.00364	1	1.45898	0.81042	0	
1226157	8271.40527	3303513643407	0.47249	0.47652	8271.32422	0.08105	10674	1	0.49161	0.47727	1	0.45353	0.44889	1	0.47257	0.46308	1	0.43451	0.55088	13.21741	1.06644	1	0.69760	0.56388	13.02694	1.06644	1	-0.01649	-0.01224	0.67465	0.00339	1	0.05099	-0.01495	0.67329	0.00368	1	1.45898	0.81042	0	
1226158	8271.41113	3303513710608	0.47322	0.47475	8271.32422	0.08691	10674	1	0.50956	0.48788	1	0.45599	0.41550	1	0.48278	0.45169	1	0.43478	0.55101	13.28032	1.06644	1	0.69765	0.56350	12.97017	1.06644	1	-0.01649	-0.01224	0.67465	0.00365	1	0.05099	-0.01495	0.67329	0.00377	1	1.45898	0.81042	0	
1226159	8271.41797	3303513777718	0.47386	0.47321	8271.32422	0.09375	10674	1	0.50956	0.48788	1	0.45599	0.41550	1	0.48278	0.45169	1	0.43449	0.55107	13.03902	1.06644	1	0.69766	0.56359	13.08001	1.06644	1	-0.01649	-0.01224	0.67465	0.00356	1	0.05099	-0.01495	0.67329	0.00375	1	1.45898	0.81042	0	
1226160	8271.42480	3303513844225	0.47399	0.47174	8271.32422	0.10059	10674	1	0.49678	0.46432	1	0.45529	0.43513	1	0.47603	0.44972	1	0.43448	0.55094	12.99249	1.06644	1	0.69763	0.56345	13.18106	1.06644	1	-0.01649	-0.01224	0.67465	0.00358	1	0.05099	-0.01495	0.67329	0.00362	1	1.45898	0.81042	0	
1226161	8271.43164	3303513911503	0.47419	0.47011	8271.32422	0.10742	10674	1	0.49106	0.48015	1	0.46369	0.40779	1	0.47738	0.44397	1	0.43450	0.55083	13.06569	1.06644	1	0.69769	0.56365	13.10005	1.06644	1	-0.01649	-0.01224	0.67465	0.00361	1	0.05099	-0.01495	0.67329	0.00384	1	1.45898	0.81042	0	
1226162	8271.43848	3303513978607	0.47437	0.46866	8271.32422	0.11426	10674	1	0.49106	0.48015	1	0.46369	0.40779	1	0.47738	0.44397	1	0.43442	0.55112	13.00912	1.06644	1	0.69767	0.56408	13.32953	1.06644	1	-0.01649	-0.01224	0.67465	0.00351	1	0.05099	-0.01495	0.67329	0.00339	1	1.45898	0.81042	0	
1226163	8271.44531	3303514044868	0.47477	0.46955	8271.32422	0.12109	10674	1	0.50846	0.49752	1	0.45555	0.47389	1	0.48201	0.48571	1	0.43459	0.55079	13.27126	1.06644	1	0.69763	0.56389	13.38700	1.06644	1	-0.01649	-0.01224	0.67465	0.00347	1	0.05099	-0.01495	0.67329	0.00339	1	1.45898	0.81042	0	
1226164	8271.45215	3303514112435	0.47399	0.46919	8271.32422	0.12793	10674	1	0.47781	0.39831	1	0.44028	0.52631	1	0.45905	0.46231	1	0.43464	0.54961	12.84797	1.06644	1	0.69734	0.56393	13.67206	1.06644	1	-0.01649	-0.01224	0.67465	0.00367	1	0.05099	-0.01495	0.67329	0.00353	1	1.45898	0.81042	0	
1226165	8271.45801	3303514179314	0.47327	0.46887	8271.32422	0.13379	10674	1	0.47781	0.39831	1	0.44028	0.52631	1	0.45905	0.46231	1	0.43523	0.54885	12.74015	1.06644	1	0.69839	0.56208	13.06499	1.06644	1	-0.01640	-0.01213	0.67936	0.00435	1	0.05099	-0.01459	0.67329	0.00392	1	1.45898	0.81042	0	
1226166	8271.46484	3303514246651	0.47575	0.46292	8271.32422	0.14062	10674	1	0.55351	0.27770	1	0.50187	0.39846	1	0.52769	0.33808	1	0.43605	0.54770	12.83094	1.06644	1	0.69831	0.56136	13.32927	1.06644	1	-0.01640	-0.01213	0.67936	0.00415	1	0.05099	-0.01459	0.67329	0.00362	1	1.45898	0.81042	0	
1226167	8271.47168	3303514313639	0.47748	0.45848	8271.32422	0.14746	10674	1	0.55157	0.33419	1	0.47956	0.38719	1	0.51557	0.36069	1	0.43624	0.54730	12.53957	1.06644	1	0.69795	0.56136	13.52135	1.06644	1	-0.01640	-0.01213	0.67936	0.00421	1	0.05099	-0.01459	0.67329	0.00376	1	1.45898	0.81042	0	
1226168	8271.47852	3303514380104	0.47906	0.45452	8271.32422	0.15430	10674	1	0.55157	0.33419	1	0.47925	0.39304	1	0.51541	0.36361	1	0.43635	0.54733	13.33748	1.06644	1	0.69805	0.56101	14.03738	1.05879	1	-0.01625	-0.01188	0.67715	0.00408	1	0.05038	-0.01433	0.66327	0.00379	1	1.45898	0.81042	0	
1226169	8271.48535	3303514445418	0.48881	0.42140	8271.32422	0.15430	10674	0	0.55287	0.35092	1	0.46842	0.33505	1	0.51064	0.34298	1	0.43623	0.54737	13.38937	1.05879	1	0.69818	0.56038	13.82924	1.05113	1	-0.01625	-0.01188	0.67715	0.00405	1	0.05038	-0.01433	0.66327	0.00397	1	1.45898	0.81042	0	
1226170	8271.49121	3303514510347	0.50073	0.37250	8271.32422	0.15430	10674	0	0.56567	0.25748	1	0.45964	0.38973	1	0.51266	0.32361	1	0.43637	0.54740	13.29082	1.05113	1	0.69799	0.56095	13.94469	1.04347	1	-0.01625	-0.01188	0.67715	0.00407	1	0.05038	-0.01433	0.66327	0.00407	1	1.45898	0.81042	0	
1226171	8271.49805	3303514578894	0.50480	0.35732	8271.32422	0.15430	10674	0	0.56622	0.26418	1	0.45964	0.38973	1	0.51293	0.32696	1	0.43639	0.54770	13.17436	1.04347	1	0.69842	0.56070	14.46802	1.04347	1	-0.01640	-0.01192	0.67936	0.00401	1	0.05174	-0.01470	0.68052	0.00384	1	1.45898	0.81042	0	
1226172	8271.50488	3303514645967	0.50470	0.35227	8271.48535	0.01953	10675	1	0.55125	0.33051	1	0.45753	0.34373	1	0.50439	0.33712	1	0.43616	0.54777	13.20021	1.04347	1	0.69801	0.56070	14.03046	1.05113	1	-0.01640	-0.01192	0.67936	0.00388	1	0.05174	-0.01470	0.68052	0.00392	1	1.45898	0.81042	0	
1226173	8271.51172	3303514711681	0.50556	0.34657	8271.48535	0.02637	10675	1	0.53654	0.34775	1	0.48145	0.29984	1	0.50899	0.32380	1	0.43614	0.54788	13.53557	1.05113	1	0.69842	0.56019	14.36957	1.05879	1	-0.01640	-0.01192	0.67936	0.00384	1	0.05174	-0.01470	0.68052	0.00410	1	1.45898	0.81042	0	
1226174	8271.51855	3303514778678	0.50610	0.34173	8271.48535	0.03320	10675	1	0.53580	0.34169	1	0.48178	0.29331	1	0.50879	0.31750	1	0.43622	0.54781	13.49744	1.05879	1	0.69854	0.56042	14.18448	1.06644	1	-0.01640	-0.01192	0.67936	0.00386	1	0.05174	-0.01470	0.68052	0.00388	1	1.45898	0.81042	0	
1226175	8271.52539	3303514846449	0.50452	0.33726	8271.48535	0.04004	10675	1	0.53997	0.33249	1	0.45017	0.28833	1	0.49507	0.31041	1	0.43636	0.54765	13.24109	1.06644	1	0.69797	0.56087	13.88243	1.06644	1	-0.01640	-0.01192	0.67936	0.00391	1	0.05174	-0.01470	0.68052	0.00408	1	1.45898	0.81042	0	
1226176	8271.53223	3303514914598	0.50504	0.33767	8271.48535	0.04688	10675	1	0.55054	0.30820	1	0.46676	0.37294	1	0.50865	0.34057	1	0.43643	0.54778	13.38550	1.06644	1	0.69815	0.56112	14.70702	1.06644	1	-0.01640	-0.01192	0.67936	0.00389	1	0.05174	-0.01470	0.68052	0.00395	1	1.45898	0.81042	0	
1226177	8271.53809	3303514980889	0.50545	0.33903	8271.48535	0.05273	10675	1	0.55121	0.31474	1	0.46630	0.38511	1	0.50876	0.34992	1	0.43609	0.54795	13.81100	1.05843	1	0.69821	0.56120	14.81159	1.05077	1	-0.01608	-0.01165	0.66376	0.00389	1	0.05038	-0.01433	0.66327	0.00389	1	1.45898	0.81042	0	
1226178	8271.54492	3303515046315	0.50482	0.34055	8271.48535	0.05957	10675	1	0.52602	0.33579	1	0.47226	0.37258	1	0.49914	0.35419	1	0.43609	0.54797	13.93765	1.04275	1	0.69814	0.56065	14.35892	1.03509	1	-0.01608	-0.01165	0.66376	0.00393	1	0.05038	-0.01433	0.66327	0.00444	1	1.45898	0.81042	0	
1226179	8271.55176	3303515117378	0.50696	0.34226	8271.48535	0.06641	10675	1	0.57594	0.34374	1	0.48071	0.37510	1	0.52833	0.35942	1	0.43612	0.54786	13.97783	1.02708	1	0.69812	0.56127	13.33025	1.01942	1	-0.01608	-0.01165	0.66376	0.00391	1	0.05038	-0.01433	0.66327	0.00395	1	1.45898	0.81042	0	
1226180	8271.55859	3303515185274	0.50876	0.34395	8271.48535	0.07324	10675	1	0.57644	0.34995	1	0.48071	0.37510	1	0.52857	0.36252	1	0.43559	0.54781	13.40602	1.01942	1	0.69822	0.56121	13.38548	1.01942	1	-0.01670	-0.01211	0.68723	0.00387	1	0.05099	-0.01454	0.67329	0.00401	1	1.45898	0.81042	0	
1226181	8271.56543	3303515252236	0.50937	0.34106	8271.48535	0.08008	10675	1	0.56265	0.21121	1	0.47083	0.40148	1	0.51674	0.30635	1	0.43541	0.54794	13.08996	1.02743	1	0.69795	0.56097	14.10903	1.03509	1	-0.01670	-0.01211	0.68723	0.00387	1	0.05099	-0.01454	0.67329	0.00402	1	1.45898	0.81042	0	
1226182	8271.57227	3303515319096	0.50965	0.34111	8271.48535	0.08691	10675	1	0.53336	0.30518	1	0.49311	0.37843	1	0.51324	0.34180	1	0.43515	0.54754	12.68972	1.04311	1	0.69789	0.56110	14.15619	1.05077	1	-0.01670	-0.01211	0.68723	0.00388	1	0.05099	-0.01454	0.67329	0.00393	1	1.45898	0.81042	0	
1226183	8271.57910	3303515385743	0.50986	0.34031	8271.48535	0.09375	10675	1	0.53181	0.29204	1	0.49396	0.36612	1	0.51288	0.32908	1	0.43528	0.54746	13.41733	1.05879	1	0.69738	0.56079	14.55604	1.06644	1	-0.01649	-0.01184	0.67465	0.00402	1	0.05099	-0.01449	0.67329	0.00391	1	1.45898	0.81042	0	
1226184	8271.58594	3303515453069	0.51136	0.34022	8271.48535	0.10059	10675	1	0.57678	0.29606	1	0.49099	0.38158	1	0.53388	0.33882	1	0.43490	0.54749	14.17244	1.06644	1	0.69748	0.56064	13.65059	1.06644	1	-0.01649	-0.01184	0.67465	0.00375	1	0.05099	-0.01449	0.67329	0.00387	1	1.45898	0.81042	0	
1226185	8271.59277	3303515520564	0.51137	0.34186	8271.48535	0.10742	10675	1	0.54188	0.35024	1	0.48110	0.38605	1	0.51149	0.36814	1	0.43456	0.54727	13.43829	1.06644	1	0.69685	0.56031	13.98130	1.06644	1	-0.01649	-0.01184	0.67465	0.00394	1	0.05099	-0.01449	0.67329	0.00383	1	1.45898	0.81042	0	
1226186	8271.59863	3303515585921	0.51138	0.34383	8271.48535	0.11328	10675	1	0.54260	0.35647	1	0.48044	0.39804	1	0.51152	0.37725	1	0.43418	0.54645	13.80840	1.05843	1	0.69671	0.55943	14.04195	1.05077	1	-0.01648	-0.01146	0.66419	0.00386	1	0.05220	-0.01455	0.69271	0.00384	1	1.45898	0.81042	0	
1226187	8271.60547	3303515653590	0.51239	0.34174	8271.48535	0.12012	10675	1	0.56354	0.26819	1	0.49760	0.34039	1	0.53057	0.30429	1	0.43396	0.54623	13.98899	1.04275	1	0.69665	0.55859	13.51533	1.03509	1	-0.01648	-0.01146	0.66419	0.00378	1	0.05220	-0.01455	0.69271	0.00390	1	1.45898	0.81042	0	
1226188	8271.61230	3303515720054	0.51387	0.34266	8271.48535	0.12695	10675	1	0.58090	0.31544	1	0.50295	0.40473	1	0.54193	0.36009	1	0.43408	0.54595	13.86369	1.02708	1	0.69646	0.55832	13.98122	1.01942	1	-0.01648	-0.01146	0.66419	0.00405	1	0.05220	-0.01455	0.69271	0.00387	1	1.45898	0.81042	0	
1226189	8271.61914	3303515787492	0.51521	0.34364	8271.48535	0.13379	10675	1	0.58137	0.32186	1	0.50295	0.40473	1	0.54216	0.36330	1	0.43317	0.54486	13.42296	1.01942	1	0.69599	0.55713	13.44826	1.01942	1	-0.01649	-0.01105	0.65455	0.00416	1	0.05065	-0.01381	0.67690	0.00404	1	1.45898	0.81042	0	
1226190	8271.62598	3303515854177	0.51550	0.34449	8271.48535	0.14062	10675	1	0.54450	0.36693	1	0.49865	0.35778	1	0.52157	0.36235	1	0.43304	0.54478	12.66461	1.02743	1	0.69551	0.55660	14.01178	1.03509	1	-0.01649	-0.01105	0.65455	0.00401	1	0.05065	-0.01381	0.67690	0.00412	1	1.45898	0.81042	0	
1226191	8271.63281	3303515921557	0.51740	0.34339	8271.48535	0.14746	10675	1	0.59345	0.22025	1	0.52472	0.41812	1	0.55908	0.31919	1	0.43304	0.54463	13.37906	1.04311	1	0.69558	0.55650	14.10652	1.05077	1	-0.01649	-0.01105	0.65455	0.00382	1	0.05065	-0.01381	0.67690	0.00365	1	1.45898	0.81042	0	
1226192	8271.63965	3303515988551	0.51915	0.34184	8271.48535	0.15430	10675	1	0.59266	0.20590	1	0.52602	0.40637	1	0.55934	0.30613	1	0.43252	0.54400	13.93800	1.05879	1	0.69466	0.55520	14.48037	1.06644	1	-0.01736	-0.01107	0.67703	0.00383	1	0.05169	-0.01373	0.69357	0.00386	1	1.45898	0.81042	0	
1226193	8271.64551	3303516054782	0.52013	0.34123	8271.48535	0.16016	10675	1	0.58033	0.32824	1	0.50727	0.32470	1	0.54380	0.32647	1	0.43199	0.54356	13.85235	1.06644	1	0.69449	0.55470	14.52321	1.06644	1	-0.01736	-0.01107	0.67703	0.00392	1	0.05169	-0.01373	0.69357	0.00371	1	1.45898	0.81042	0	
1226194	8271.65234	3303516122369	0.52020	0.34057	8271.48535	0.16699	10675	1	0.53157	0.26058	1	0.51238	0.38768	1	0.52198	0.32413	1	0.43139	0.54322	13.15478	1.06644	1	0.69433	0.55462	13.49817	1.06644	1	-0.01736	-0.01107	0.67703	0.00395	1	0.05169	-0.01373	0.69357	0.00372	1	1.45898	0.81042	0	
1226195	8271.65918	3303516189314	0.52027	0.33996	8271.48535	0.17383	10675	1	0.53157	0.26058	1	0.51238	0.38768	1	0.52198	0.32413	1	0.43113	0.54246	14.06362	1.06644	1	0.69339	0.55194	13.63242	1.06644	1	-0.01789	-0.01100	0.68547	0.00383	1	0.04995	-0.01297	0.67563	0.00426	1	1.45898	0.81042	0	
1226196	8271.66602	3303516255734	0.52014	0.33886	8271.48535	0.18066	10675	1	0.54823	0.30287	1	0.48522	0.31568	1	0.51673	0.30927	1	0.43059	0.54187	13.08976	1.06644	1	0.69300	0.55270	14.31811	1.06644	1	-0.01789	-0.01100	0.68547	0.00415	1	0.04995	-0.01297	0.67563	0.00388	1	1.45898	0.81042	0	
1226197	8271.67285	3303516323022	0.52100	0.34023	8271.48535	0.18750	10675	1	0.56972	0.38169	1	0.52006	0.37519	1	0.54489	0.37844	1	0.43019	0.54211	14.08157	1.06644	1	0.69314	0.55229	14.00840	1.06644	1	-0.01789	-0.01100	0.68547	0.00386	1	0.04995	-0.01297	0.67563	0.00359	1	1.45898	0.81042	0	
1226198	8271.67969	3303516390613	0.52178	0.34160	8271.48535	0.19434	10675	1	0.56972	0.38169	1	0.51946	0.38115	1	0.54459	0.38142	1	0.42941	0.54049	13.66522	1.06644	1	0.69236	0.55178	14.33391	1.05879	1	-0.01842	-0.01102	0.69012	0.00444	1	0.04904	-0.01260	0.66666	0.00432	1	1.45898	0.81042	0	
1226199	8271.68555	3303516455310	0.52188	0.34185	8271.48535	0.20020	10675	1	0.56795	0.38089	1	0.48146	0.31784	1	0.52471	0.34937	1	0.42978	0.54264	14.05357	1.05879	1	0.69174	0.55146	13.97889	1.05113	1	-0.01842	-0.01102	0.69012	0.00410	1	0.04904	-0.01260	0.66666	0.00393	1	1.45898	0.81042	0	
1226200	8271.69336	3303516523984	0.52186	0.34195	8271.48535	0.20801	10675	1	0.54341	0.33603	1	0.49936	0.35373	1	0.52139	0.34488	1	0.42882	0.54207	13.25490	1.05113	1	0.69162	0.55196	14.07870	1.04347	1	-0.01842	-0.01102	0.69012	0.00374	1	0.04904	-0.01260	0.66666	0.00398	1	1.45898	0.81042	0	
1226201	8271.69922	3303516588804	0.52186	0.34233	8271.48535	0.21387	10675	1	0.54482	0.34860	1	0.49888	0.36026	1	0.52185	0.35443	1	0.42829	0.54199	13.32104	1.03545	1	0.69060	0.55177	14.07944	1.03545	1	-0.01779	-0.01055	0.65722	0.00410	1	0.04938	-0.01263	0.67614	0.00407	1	1.45898	0.81042	0	
1226202	8271.70605	3303516653663	0.52186	0.34245	8271.48535	0.22070	10675	1	0.54808	0.34127	1	0.49571	0.35157	1	0.52190	0.34642	1	0.42826	0.54164	12.91372	1.02743	1	0.69077	0.55137	14.18747	1.03509	1	-0.01779	-0.01055	0.65722	0.00437	1	0.04938	-0.01263	0.67614	0.00415	1	1.45898	0.81042	0	
1226203	8271.71289	3303516723924	0.52227	0.34060	8271.48535	0.22754	10675	1	0.56165	0.26202	1	0.51032	0.29386	1	0.53598	0.27794	1	0.42787	0.54221	13.39936	1.02708	1	0.69068	0.55115	14.26734	1.03474	1	-0.01779	-0.01055	0.65722	0.00414	1	0.04938	-0.01263	0.67614	0.00408	1	1.45898	0.81042	0	
1226204	8271.71973	3303516790462	0.52265	0.33867	8271.48535	0.23438	10675	1	0.56106	0.25519	1	0.51087	0.28711	1	0.53596	0.27115	1	0.42788	0.54262	13.30581	1.03474	1	0.69010	0.55121	14.17584	1.04239	1	-0.01881	-0.01100	0.68526	0.00409	1	0.04917	-0.01257	0.67601	0.00398	1	1.45898	0.81042	0	
1226205	8271.72559	3303516854437	0.52239	0.33758	8271.48535	0.24023	10675	1	0.54839	0.27661	1	0.47769	0.31996	1	0.51304	0.29829	1	0.42733	0.54258	13.91832	1.05041	1	0.68981	0.55154	14.80613	1.05041	1	-0.01881	-0.01100	0.68526	0.00391	1	0.04917	-0.01257	0.67601	0.00411	1	1.45898	0.81042	0	
1226206	8271.73340	3303516925029	0.52288	0.33561	8271.48535	0.24805	10675	1	0.57417	0.25383	1	0.50779	0.27156	1	0.54098	0.26270	1	0.42729	0.54296	13.90641	1.05843	1	0.68976	0.55098	14.46751	1.05843	1	-0.01881	-0.01100	0.68526	0.00396	1	0.04917	-0.01257	0.67601	0.00402	1	1.45898	0.81042	0	
1226207	8271.74023	3303516992937	0.52334	0.33356	8271.48535	0.25488	10675	1	0.57366	0.24684	1	0.50832	0.26450	1	0.54099	0.25567	1	0.42675	0.54279	13.20002	1.06644	1	0.68922	0.55183	14.58017	1.06644	1	-0.01969	-0.01160	0.70969	0.00430	1	0.04929	-0.01286	0.68054	0.00388	1	1.45898	0.81042	0	
1226208	8271.74609	3303517056994	0.52271	0.33184	8271.48535	0.26074	10675	1	0.52301	0.18963	1	0.47292	0.33997	1	0.49796	0.26480	1	0.42629	0.54264	13.63327	1.06644	1	0.68941	0.55181	14.13911	1.06644	1	-0.01969	-0.01160	0.70969	0.00410	1	0.04929	-0.01286	0.68054	0.00403	1	1.45898	0.81042	0	
1226209	8271.75293	3303517127711	0.52284	0.33015	8271.48535	0.26758	10675	1	0.54538	0.27016	1	0.51102	0.25440	1	0.52820	0.26228	1	0.42628	0.54294	13.78901	1.06644	1	0.68942	0.55197	13.86123	1.06644	1	-0.01969	-0.01160	0.70969	0.00412	1	0.04929	-0.01286	0.68054	0.00405	1	1.45898	0.81042	0	
1226210	8271.75977	3303517193912	0.52589	0.29639	8271.48535	0.26758	10675	0	0.54538	0.27016	1	0.51002	0.26729	1	0.52770	0.26873	1	0.42599	0.54441	13.70597	1.06644	1	0.68869	0.55164	13.10172	1.05198	1	-0.01894	-0.01130	0.67886	0.00380	1	0.04606	-0.01204	0.63722	0.00421	1	1.45898	0.81042	0	
1226211	8271.76660	3303517259758	0.52258	0.27874	8271.48535	0.26758	10675	0	0.54639	0.23507	1	0.49217	0.28712	1	0.51928	0.26109	1	0.42588	0.54383	13.20823	1.05198	1	0.68866	0.55184	13.23434	1.03751	1	-0.01894	-0.01130	0.67886	0.00421	1	0.04606	-0.01204	0.63722	0.00430	1	1.45898	0.81042	0	
1226212	8271.77344	3303517326472	0.52158	0.28225	8271.48535	0.26758	10675	0	0.54952	0.27144	1	0.48962	0.30712	1	0.51957	0.28928	1	0.42594	0.54435	13.57306	1.03751	1	0.68863	0.55201	13.27234	1.02304	1	-0.01894	-0.01130	0.67886	0.00401	1	0.04606	-0.01204	0.63722	0.00421	1	1.45898	0.81042	0	
1226213	8271.78027	3303517394582	0.52123	0.28559	8271.75977	0.02051	10676	1	0.55076	0.28409	1	0.48962	0.30712	1	0.52019	0.29560	1	0.42577	0.54494	14.07723	1.02304	1	0.68876	0.55266	13.75292	1.02304	1	-0.01896	-0.01140	0.67247	0.00388	1	0.04884	-0.01300	0.67714	0.00390	1	1.45898	0.81042	0	
1226214	8271.78711	3303517461383	0.52165	0.29680	8271.75977	0.02734	10676	1	0.56566	0.36554	1	0.48101	0.31771	1	0.52334	0.34162	1	0.42569	0.54542	13.98984	1.02304	1	0.68853	0.55240	13.97858	1.03751	1	-0.01896	-0.01140	0.67247	0.00398	1	0.04884	-0.01300	0.67714	0.00426	1	1.45898	0.81042	0	
1226215	8271.79297	3303517528870	0.52427	0.28609	8271.75977	0.03320	10676	1	0.58564	0.18499	1	0.48912	0.28006	1	0.53738	0.23253	1	0.42569	0.54511	14.18339	1.03751	1	0.68834	0.55316	14.43517	1.05198	1	-0.01896	-0.01140	0.67247	0.00393	1	0.04884	-0.01300	0.67714	0.00401	1	1.45898	0.81042	0	
1226216	8271.79980	3303517595735	0.52614	0.27654	8271.75977	0.04004	10676	1	0.58481	0.17117	1	0.48985	0.26737	1	0.53733	0.21927	1	0.42530	0.54502	13.45313	1.05198	1	0.68825	0.55349	14.66903	1.06644	1	-0.01896	-0.01140	0.67247	0.00419	1	0.04884	-0.01300	0.67714	0.00408	1	1.45898	0.81042	0	
1226217	8271.80664	3303517663262	0.52573	0.27816	8271.75977	0.04688	10676	1	0.54685	0.23343	1	0.49889	0.34564	1	0.52287	0.28953	1	0.42520	0.54473	13.14940	1.06644	1	0.68858	0.55333	13.83132	1.06644	1	-0.01896	-0.01140	0.67247	0.00437	1	0.04884	-0.01300	0.67714	0.00395	1	1.45898	0.81042	0	
1226218	8271.81348	3303517729599	0.52351	0.27149	8271.75977	0.05371	10676	1	0.54025	0.15246	1	0.47120	0.28373	1	0.50573	0.21810	1	0.42518	0.54460	13.16613	1.06644	1	0.68806	0.55321	14.45385	1.06644	1	-0.01896	-0.01140	0.67247	0.00431	1	0.04884	-0.01300	0.67714	0.00407	1	1.45898	0.81042	0	
1226219	8271.82031	3303517796773	0.52173	0.26615	8271.75977	0.06055	10676	1	0.54025	0.15246	1	0.47120	0.28373	1	0.50573	0.21810	1	0.42519	0.54521	13.42626	1.06644	1	0.68803	0.55291	13.17726	1.06644	1	-0.01916	-0.01146	0.67608	0.00399	1	0.04886	-0.01303	0.67881	0.00418	1	1.45898	0.81042	0	
1226220	8271.82715	3303517863238	0.52049	0.26956	8271.75977	0.06738	10676	1	0.53239	0.24639	1	0.48373	0.36096	1	0.50806	0.30368	1	0.42505	0.54468	12.32062	1.06644	1	0.68803	0.55347	13.56766	1.06644	1	-0.01916	-0.01146	0.67608	0.00373	1	0.04886	-0.01303	0.67881	0.00397	1	1.45898	0.81042	0	
1226221	8271.83398	3303517930680	0.52049	0.26956	8271.75977	0.07422	10676	1	0.53239	0.24639	0	0.48373	0.36096	0	0.50806	0.30368	0	0.42505	0.54468	12.32062	1.06644	0	0.42691	0.51385	12.95893	1.06644	1	-0.01916	-0.01146	0.67608	0.00373	1	0.04886	-0.01303	0.67881	0.00358	1	1.45898	0.81042	0	
1226222	8271.83984	3303517996678	0.52049	0.26956	8271.75977	0.08008	10676	1	0.53239	0.24639	0	0.48373	0.36096	0	0.50806	0.30368	0	0.42505	0.54468	12.32062	1.06644	0	0.42691	0.51385	12.95893	1.06644	0	-0.01916	-0.01146	0.67608	0.00373	1	0.04886	-0.01303	0.67881	0.00358	1	1.45898	0.81042	0	
1226223	8271.84668	3303518064682	0.52049	0.26956	8271.75977	0.08691	10676	1	0.53239	0.24639	0	0.48373	0.36096	0	0.50806	0.30368	0	0.42505	0.54468	12.32062	1.06644	0	0.42691	0.51385	12.95893	1.06644	0	-0.01916	-0.01146	0.67608	0.00373	1	0.04886	-0.01303	0.67881	0.00358	1	1.45898	0.81042	0	
1226224	8271.85352	3303518131761	0.51995	0.26688	8271.75977	0.08691	10676	0	0.53239	0.24639	0	0.48373	0.36096	0	0.50806	0.30368	0	0.42505	0.54468	12.32062	1.06644	0	0.42691	0.51385	12.95893	1.06644	0	-0.01916	-0.01146	0.67608	0.00373	1	0.04886	-0.01303	0.67881	0.00358	1	1.45898	0.81042	0	
1226225	8271.86035	3303518199512	0.51995	0.26688	8271.75977	0.08691	10676	0	0.53239	0.24639	0	0.48373	0.36096	0	0.50806	0.30368	0	0.42505	0.54468	12.32062	1.06644	0	0.42691	0.51385	12.95893	1.06644	0	-0.01916	-0.01146	0.67608	0.00373	1	0.04886	-0.01303	0.67881	0.00358	1	1.45898	0.81042	0	
1226226	8271.86719	3303518265574	0.51995	0.26688	8271.75977	0.08691	10676	0	0.53239	0.24639	0	0.48373	0.36096	0	0.50806	0.30368	0	0.42505	0.54468	12.32062	1.06644	0	0.42691	0.51385	12.95893	1.06644	0	-0.01916	-0.01146	0.67608	0.00373	1	0.04886	-0.01303	0.67881	0.00358	1	1.45898	0.81042	0	
1226227	8271.87402	3303518332292	0.00000	0.00000	8271.75977	0.08691	10676	0	0.53239	0.24639	0	0.48373	0.36096	0	0.50806	0.30368	0	0.42505	0.54468	12.32062	1.06644	0	0.42691	0.51385	12.95893	1.06644	0	-0.01916	-0.01146	0.67608	0.00373	1	0.04886	-0.01303	0.67881	0.00358	1	1.45898	0.81042	0	
1226228	8271.88086	3303518399828	0.00000	0.00000	8271.75977	0.08691	10676	0	0.53239	0.24639	0	0.48373	0.36096	0	0.50806	0.30368	0	0.42505	0.54468	12.32062	1.06644	0	0.42691	0.51385	12.95893	1.06644	0	-0.01916	-0.01146	0.67608	0.00373	1	0.04886	-0.01303	0.67881	0.00358	1	1.45898	0.81042	0	
1226229	8271.88672	3303518465933	0.00000	0.00000	8271.75977	0.08691	10676	0	0.53239	0.24639	0	0.48373	0.36096	0	0.50806	0.30368	0	0.42505	0.54468	12.32062	1.06644	0	0.42691	0.51385	12.95893	1.06644	0	-0.01916	-0.01146	0.67608	0.00373	1	0.04886	-0.01303	0.67881	0.00358	1	1.45898	0.81042	0	
1226230	8271.89355	3303518532717	0.00000	0.00000	8271.75977	0.08691	10676	0	0.53239	0.24639	0	0.48373	0.36096	0	0.50806	0.30368	0	0.42505	0.54468	12.32062	1.06644	0	0.42691	0.51385	12.95893	1.06644	0	-0.01916	-0.01146	0.67608	0.00373	1	0.04886	-0.01303	0.67881	0.00358	1	1.45898	0.81042	0	
1226231	8271.90039	3303518596501	0.00000	0.00000	8271.75977	0.08691	10676	0	0.53239	0.24639	0	0.48373	0.36096	0	0.50806	0.30368	0	0.42505	0.54468	12.32062	1.06644	0	0.42691	0.51385	12.95893	1.06644	0	-0.01916	-0.01146	0.67608	0.00373	1	0.04886	-0.01303	0.67881	0.00358	1	1.45898	0.81042	0	
1226232	8271.90723	3303518663744	0.00000	0.00000	8271.75977	0.08691	10676	0	0.53239	0.24639	0	0.48373	0.36096	0	0.50806	0.30368	0	0.42505	0.54468	12.32062	1.06644	0	0.42691	0.51385	12.95893	1.06644	0	-0.01916	-0.01146	0.67608	0.00373	1	0.04886	-0.01303	0.67881	0.00358	1	1.45898	0.81042	0	
1226233	8271.91406	3303518734968	0.00000	0.00000	8271.75977	0.08691	10676	0	0.53239	0.24639	0	0.48373	0.36096	0	0.50806	0.30368	0	0.42505	0.54468	12.32062	1.06644	0	0.42691	0.51385	12.95893	1.06644	0	-0.01916	-0.01146	0.67608	0.00373	1	0.04886	-0.01303	0.67881	0.00358	1	1.45898	0.81042	0	
1226234	8271.92090	3303518802568	0.00000	0.00000	8271.75977	0.08691	10676	0	0.53239	0.24639	0	0.48373	0.36096	0	0.50806	0.30368	0	0.42505	0.54468	12.32062	1.06644	0	0.42691	0.51385	12.95893	1.06644	0	-0.01916	-0.01146	0.67608	0.00373	1	0.04886	-0.01303	0.67881	0.00358	1	1.45898	0.81042	0	
1226235	8271.92773	3303518867903	0.00000	0.00000	8271.75977	0.08691	10676	0	0.53239	0.24639	0	0.48373	0.36096	0	0.50806	0.30368	0	0.42505	0.54468	12.32062	1.06644	0	0.42691	0.51385	12.95893	1.06644	0	-0.01916	-0.01146	0.67608	0.00373	1	0.04886	-0.01303	0.67881	0.00358	1	1.45898	0.81042	0	
1226236	8271.93359	3303518930846	0.00000	0.00000	8271.75977	0.08691	10676	0	0.53239	0.24639	0	0.48373	0.36096	0	0.50806	0.30368	0	0.42505	0.54468	12.32062	1.06644	0	0.42691	0.51385	12.95893	1.06644	0	-0.01916	-0.01146	0.67608	0.00373	1	0.04886	-0.01303	0.67881	0.00358	1	1.45898	0.81042	0	
1226237	8271.94043	3303518999079	0.00000	0.00000	8271.75977	0.08691	10676	0	0.53239	0.24639	0	0.48373	0.36096	0	0.50806	0.30368	0	0.42505	0.54468	12.32062	1.06644	0	0.42691	0.51385	12.95893	1.06644	0	-0.01916	-0.01146	0.67608	0.00373	1	0.04886	-0.01303	0.67881	0.00358	1	1.45898	0.81042	0	
1226238	8271.94727	3303519067876	0.00000	0.00000	8271.75977	0.08691	10676	0	0.53239	0.24639	0	0.48373	0.36096	0	0.50806	0.30368	0	0.42505	0.54468	12.32062	1.06644	0	0.42691	0.51385	12.95893	1.06644	0	-0.01916	-0.01146	0.67608	0.00373	1	0.04886	-0.01303	0.67881	0.00358	1	1.45898	0.81042	0	
1226239	8271.95410	3303519134244	0.00000	0.00000	8271.75977	0.08691	10676	0	0.53239	0.24639	0	0.48373	0.36096	0	0.50806	0.30368	0	0.42505	0.54468	12.32062	1.06644	0	0.42691	0.51385	12.95893	1.06644	0	-0.01916	-0.01146	0.67608	0.00373	1	0.04886	-0.01303	0.67881	0.00358	1	1.45898	0.81042	0	
1226240	8271.95996	3303519199360	0.00000	0.00000	8271.75977	0.08691	10676	0	0.53239	0.24639	0	0.48373	0.36096	0	0.50806	0.30368	0	0.42505	0.54468	12.32062	1.06644	0	0.42691	0.51385	12.95893	1.06644	0	-0.01916	-0.01146	0.67608	0.00373	1	0.04886	-0.01303	0.67881	0.00358	1	1.45898	0.81042	0	
1226241	8271.96777	3303519269259	0.00000	0.00000	8271.75977	0.08691	10676	0	0.53239	0.24639	0	0.48373	0.36096	0	0.50806	0.30368	0	0.42505	0.54468	12.32062	1.06644	0	0.42691	0.51385	12.95893	1.06644	0	-0.01916	-0.01146	0.67608	0.00373	1	0.04886	-0.01303	0.67881	0.00358	1	1.45898	0.81042	0	
1226242	8271.97461	3303519336959	0.00000	0.00000	8271.75977	0.08691	10676	0	0.53239	0.24639	0	0.48373	0.36096	0	0.50806	0.30368	0	0.42505	0.54468	12.32062	1.06644	0	0.42691	0.51385	12.95893	1.06644	0	-0.01916	-0.01146	0.67608	0.00373	1	0.04886	-0.01303	0.67881	0.00358	1	1.45898	0.81042	0	
1226243	8271.98145	3303519405205	0.00000	0.00000	8271.75977	0.08691	10676	0	0.53239	0.24639	0	0.48373	0.36096	0	0.50806	0.30368	0	0.42505	0.54468	12.32062	1.06644	0	0.42691	0.51385	12.95893	1.06644	0	-0.01916	-0.01146	0.67608	0.00373	1	0.04886	-0.01303	0.67881	0.00358	1	1.45898	0.81042	0	
1226244	8271.98730	3303519471206	0.00000	0.00000	8271.75977	0.08691	10676	0	0.53239	0.24639	0	0.48373	0.36096	0	0.50806	0.30368	0	0.42505	0.54468	12.32062	1.06644	0	0.42691	0.51385	12.95893	1.06644	0	-0.01916	-0.01146	0.67608	0.00373	1	0.04886	-0.01303	0.67881	0.00358	1	1.45898	0.81042	0	
1226245	8271.99414	3303519537838	0.00000	0.00000	8271.75977	0.08691	10676	0	0.53239	0.24639	0	0.48373	0.36096	0	0.50806	0.30368	0	0.42505	0.54468	12.32062	1.06644	0	0.42691	0.51385	12.95893	1.06644	0	-0.01916	-0.01146	0.67608	0.00373	1	0.04886	-0.01303	0.67881	0.00358	1	1.45898	0.81042	0	
1226246	8272.00098	3303519605123	0.00000	0.00000	8271.75977	0.08691	10676	0	0.53239	0.24639	0	0.48373	0.36096	0	0.50806	0.30368	0	0.42505	0.54468	12.32062	1.06644	0	0.42691	0.51385	12.95893	1.06644	0	-0.01916	-0.01146	0.67608	0.00373	1	0.04886	-0.01303	0.67881	0.00358	1	1.45898	0.81042	0	
1226247	8272.00781	3303519672130	0.00000	0.00000	8271.75977	0.08691	10676	0	0.53239	0.24639	0	0.48373	0.36096	0	0.50806	0.30368	0	0.42505	0.54468	12.32062	1.06644	0	0.42691	0.51385	12.95893	1.06644	0	-0.01916	-0.01146	0.67608	0.00373	1	0.04886	-0.01303	0.67881	0.00358	1	1.45898	0.81042	0	
1226248	8272.01465	3303519739383	0.00000	0.00000	8271.75977	0.08691	10676	0	0.53239	0.24639	0	0.48373	0.36096	0	0.50806	0.30368	0	0.42505	0.54468	12.32062	1.06644	0	0.42691	0.51385	12.95893	1.06644	0	-0.01916	-0.01146	0.67608	0.00373	1	0.04886	-0.01303	0.67881	0.00358	1	1.45898	0.81042	0	
1226249	8272.02148	3303519806349	0.26619	0.12320	8271.75977	0.08691	10676	0	0.53239	0.24639	1	0.48373	0.36096	0	0.53239	0.24639	1	0.40455	0.55210	13.49964	1.06644	1	0.66713	0.55580	14.79846	1.06644	1	-0.02367	-0.01270	0.67749	0.00383	1	0.04886	-0.01303	0.67881	0.00365	1	1.45898	0.81042	0	
1226250	8272.02734	3303519873453	0.28168	0.17329	8271.75977	0.08691	10676	0	0.31164	0.21763	1	0.31368	0.32930	1	0.31266	0.27346	1	0.40354	0.55035	12.93525	1.06644	1	0.66637	0.55594	14.17567	1.06644	1	-0.02367	-0.01270	0.67749	0.00299	1	0.04886	-0.01303	0.67881	0.00398	1	1.45898	0.81042	0	
1226251	8272.03418	3303519940192	0.40187	0.26342	8271.75977	0.08691	10676	0	0.36738	0.21696	1	0.35373	0.32383	1	0.36056	0.27039	1	0.40342	0.55047	13.00567	1.06644	1	0.66630	0.55568	14.26258	1.06644	1	-0.02367	-0.01270	0.67749	0.00285	1	0.04886	-0.01303	0.67881	0.00390	1	1.45898	0.81042	0	
1226252	8272.04102	3303520007092	0.38182	0.27036	8271.75977	0.08691	10676	0	0.36921	0.22428	1	0.35432	0.33034	1	0.36176	0.27731	1	0.40298	0.55328	13.78317	1.05843	1	0.66469	0.55645	14.19714	1.05843	1	-0.02372	-0.01268	0.66310	0.00393	1	0.04390	-0.01380	0.68393	0.00388	1	1.45898	0.81042	0	
1226253	8272.04785	3303520074161	0.36186	0.28367	8271.75977	0.08691	10676	0	0.31420	0.25854	1	0.32970	0.36204	1	0.32195	0.31029	1	0.40127	0.55176	12.94886	1.05041	1	0.66394	0.55695	14.70968	1.05041	1	-0.02372	-0.01268	0.66310	0.00300	1	0.04390	-0.01380	0.68393	0.00383	1	1.45898	0.81042	0	
1226254	8272.05469	3303520141121	0.36509	0.28688	8272.03418	0.02051	10677	1	0.34978	0.28471	1	0.39976	0.30827	1	0.37477	0.29649	1	0.40078	0.55209	12.71813	1.04239	1	0.66384	0.55656	14.31836	1.04239	1	-0.02372	-0.01268	0.66310	0.00301	1	0.04390	-0.01380	0.68393	0.00376	1	1.45898	0.81042	0	
1226255	8272.06152	3303520208109	0.36702	0.28880	8272.03418	0.02734	10677	1	0.34978	0.28471	1	0.39976	0.30827	1	0.37477	0.29649	1	0.39980	0.55526	15.02767	1.04239	1	0.66059	0.55755	14.90317	1.04239	1	-0.02461	-0.01321	0.66989	0.00390	1	0.04246	-0.01383	0.67569	0.00376	1	1.45898	0.81042	0	
1226256	8272.06836	3303520274188	0.34996	0.29800	8272.03418	0.03418	10677	1	0.28365	0.38037	1	0.24559	0.30768	1	0.26462	0.34402	1	0.39796	0.55424	13.17399	1.05041	1	0.65964	0.55743	14.54249	1.05041	1	-0.02461	-0.01321	0.66989	0.00289	1	0.04246	-0.01383	0.67569	0.00364	1	1.45898	0.81042	0	
1226257	8272.07422	3303520340871	0.33858	0.31005	8272.03418	0.04004	10677	1	0.26742	0.36238	1	0.27324	0.40230	1	0.27033	0.38234	1	0.39774	0.55422	13.30897	1.05843	1	0.65955	0.55786	15.10531	1.05843	1	-0.02461	-0.01321	0.66989	0.00300	1	0.04246	-0.01383	0.67569	0.00366	1	1.45898	0.81042	0	
1226258	8272.08105	3303520408830	0.32982	0.31832	8272.03418	0.04688	10677	1	0.26490	0.35608	1	0.27206	0.39636	1	0.26848	0.37622	1	0.39822	0.55663	14.23871	1.06644	1	0.65846	0.55802	14.92322	1.06644	1	-0.02545	-0.01365	0.68147	0.00400	1	0.04259	-0.01404	0.68594	0.00378	1	1.45898	0.81042	0	
1226259	8272.08789	3303520476293	0.32239	0.32091	8272.03418	0.05371	10677	1	0.28855	0.37600	1	0.23732	0.30715	1	0.26293	0.34157	1	0.39646	0.55496	13.12034	1.06644	1	0.65794	0.55759	14.67914	1.06644	1	-0.02545	-0.01365	0.68147	0.00296	1	0.04259	-0.01404	0.68594	0.00378	1	1.45898	0.81042	0	
1226260	8272.09473	3303520543033	0.31681	0.32297	8272.03418	0.06055	10677	1	0.26315	0.32240	1	0.27011	0.36077	1	0.26663	0.34158	1	0.39627	0.55527	13.49083	1.06644	1	0.65777	0.55793	15.28793	1.06644	1	-0.02545	-0.01365	0.68147	0.00295	1	0.04259	-0.01404	0.68594	0.00373	1	1.45898	0.81042	0	
1226261	8272.10156	3303520610043	0.31225	0.32467	8272.03418	0.06738	10677	1	0.26315	0.32240	1	0.27011	0.36077	1	0.26663	0.34158	1	0.39655	0.55731	14.26877	1.06644	1	0.65687	0.55765	14.43505	1.06644	1	-0.02566	-0.01375	0.67910	0.00396	1	0.04376	-0.01457	0.71177	0.00392	1	1.45898	0.81042	0	
1226262	8272.10840	3303520676995	0.30743	0.32666	8272.03418	0.07422	10677	1	0.28178	0.34006	1	0.22705	0.35707	1	0.25441	0.34856	1	0.39562	0.55559	13.23137	1.06644	1	0.65634	0.55790	14.94332	1.06644	1	-0.02566	-0.01375	0.67910	0.00302	1	0.04376	-0.01457	0.71177	0.00380	1	1.45898	0.81042	0	
1226263	8272.11523	3303520743809	0.30481	0.33027	8272.03418	0.08105	10677	1	0.31649	0.37910	1	0.23032	0.36815	1	0.27340	0.37362	1	0.39620	0.55751	14.28135	1.06644	1	0.65621	0.55792	14.82246	1.06644	1	-0.02566	-0.01375	0.67910	0.00405	1	0.04376	-0.01457	0.71177	0.00382	1	1.45898	0.81042	0	
1226264	8272.12109	3303520809007	0.30275	0.33401	8272.03418	0.08691	10677	1	0.31868	0.38521	1	0.23322	0.38011	1	0.27595	0.38266	1	0.39600	0.55815	14.61475	1.05843	1	0.65561	0.55785	14.68760	1.05077	1	-0.02511	-0.01347	0.66043	0.00406	1	0.04016	-0.01336	0.65726	0.00369	1	1.45898	0.81042	0	
1226265	8272.12793	3303520876991	0.30168	0.33959	8272.03418	0.09375	10677	1	0.32767	0.47808	1	0.24579	0.35739	1	0.28673	0.41774	1	0.39591	0.55833	14.85067	1.04275	1	0.65575	0.55760	14.93200	1.03509	1	-0.02511	-0.01347	0.66043	0.00399	1	0.04016	-0.01336	0.65726	0.00383	1	1.45898	0.81042	0	
1226266	8272.13477	3303520944687	0.27817	0.36760	8272.03418	0.09375	10677	0	0.31618	0.49061	1	0.22998	0.43912	1	0.27308	0.46486	1	0.39581	0.55794	14.75804	1.02708	1	0.65551	0.55744	14.72783	1.01942	1	-0.02511	-0.01347	0.66043	0.00392	1	0.04016	-0.01336	0.65726	0.00368	1	1.45898	0.81042	0	
1226267	8272.14160	3303521012357	0.27508	0.41433	8272.03418	0.09375	10677	0	0.31577	0.48963	1	0.22822	0.43248	1	0.27199	0.46106	1	0.39561	0.55863	14.60714	1.02850	1	0.65525	0.55742	15.25167	1.02850	1	-0.02652	-0.01413	0.69761	0.00388	1	0.04179	-0.01395	0.68643	0.00381	1	1.45898	0.81042	0	
1226268	8272.14844	3303521080588	0.26441	0.39531	8272.03418	0.09375	10677	0	0.26679	0.33980	1	0.21938	0.37472	1	0.24308	0.35726	1	0.39472	0.55629	13.49315	1.04560	1	0.65505	0.55690	15.17062	1.05326	1	-0.02652	-0.01413	0.69761	0.00303	1	0.04179	-0.01395	0.68643	0.00365	1	1.45898	0.81042	0	
1226269	8272.15527	3303521144034	0.25366	0.38173	8272.13477	0.02051	10678	1	0.24595	0.35408	1	0.19687	0.32790	1	0.22141	0.34099	1	0.39472	0.55626	13.01400	1.07037	1	0.65498	0.55684	15.14754	1.07803	1	-0.02652	-0.01413	0.69761	0.00305	1	0.04179	-0.01395	0.68643	0.00359	1	1.45898	0.81042	0	
1226270	8272.16211	3303521211839	0.24680	0.37237	8272.13477	0.02734	10678	1	0.24343	0.34805	1	0.19524	0.32186	1	0.21934	0.33496	1	0.39491	0.55650	13.20891	1.07803	1	0.65498	0.55668	15.05655	1.08569	1	-0.02503	-0.01348	0.65844	0.00299	1	0.04179	-0.01385	0.68643	0.00350	1	1.45898	0.81042	0	
1226271	8272.16895	3303521279825	0.24399	0.37479	8272.13477	0.03418	10678	1	0.26415	0.40063	1	0.19574	0.37316	1	0.22995	0.38690	1	0.39557	0.55792	14.53589	1.06858	1	0.65511	0.55708	15.08973	1.06858	1	-0.02503	-0.01348	0.65844	0.00443	1	0.04179	-0.01385	0.68643	0.00372	1	1.45898	0.81042	0	
1226272	8272.17480	3303521347012	0.24630	0.38191	8272.13477	0.04004	10678	1	0.29948	0.44987	1	0.22093	0.39928	1	0.26020	0.42457	1	0.39621	0.55847	15.50511	1.05148	1	0.65519	0.55700	15.25282	1.05148	1	-0.02503	-0.01348	0.65844	0.00387	1	0.04179	-0.01385	0.68643	0.00372	1	1.45898	0.81042	0	
1226273	8272.18164	3303521414113	0.24814	0.38760	8272.13477	0.04688	10678	1	0.29948	0.44987	1	0.22243	0.40498	1	0.26096	0.42742	1	0.39633	0.55845	14.82353	1.05148	1	0.65544	0.55694	14.55598	1.04382	1	-0.02648	-0.01426	0.69921	0.00412	1	0.04104	-0.01363	0.67316	0.00367	1	1.45898	0.81042	0	
1226274	8272.18848	3303521480496	0.25014	0.38947	8272.13477	0.05371	10678	1	0.31480	0.44258	1	0.21759	0.36641	1	0.26619	0.40449	1	0.39633	0.55801	14.68764	1.06092	1	0.65552	0.55688	14.82974	1.05326	1	-0.02648	-0.01426	0.69921	0.00439	1	0.04104	-0.01363	0.67316	0.00378	1	1.45898	0.81042	0	
1226275	8272.19531	3303521548058	0.25003	0.39138	8272.13477	0.06055	10678	1	0.29501	0.45082	1	0.20307	0.36618	1	0.24904	0.40850	1	0.39645	0.55814	14.93629	1.07037	1	0.65553	0.55680	14.85894	1.06271	1	-0.02648	-0.01426	0.69921	0.00402	1	0.04104	-0.01363	0.67316	0.00378	1	1.45898	0.81042	0	
1226276	8272.20215	3303521614728	0.25012	0.39344	8272.13477	0.06738	10678	1	0.29726	0.45612	1	0.20468	0.37204	1	0.25097	0.41408	1	0.39723	0.55844	14.66022	1.06271	1	0.65575	0.55627	14.83070	1.05505	1	-0.02443	-0.01337	0.65282	0.00396	1	0.04071	-0.01336	0.66462	0.00386	1	1.45898	0.81042	0	
1226277	8272.20801	3303521674745	0.24990	0.39305	8272.13477	0.07324	10678	1	0.28750	0.38783	1	0.20758	0.38969	1	0.24754	0.38876	1	0.39702	0.55787	14.62343	1.03795	1	0.65606	0.55705	14.84799	1.03795	1	-0.02443	-0.01337	0.65282	0.00427	1	0.04071	-0.01336	0.66462	0.00374	1	1.45898	0.81042	0	
1226278	8272.21484	3303521746675	0.25047	0.39469	8272.13477	0.08008	10678	1	0.31380	0.42612	1	0.20069	0.40256	1	0.25725	0.41434	1	0.39739	0.55825	14.81092	1.02084	1	0.65668	0.55695	15.15541	1.02084	1	-0.02443	-0.01337	0.65282	0.00402	1	0.04071	-0.01336	0.66462	0.00383	1	1.45898	0.81042	0	
1226279	8272.22168	3303521812597	0.25120	0.39681	8272.13477	0.08691	10678	1	0.31877	0.43893	1	0.20279	0.40975	1	0.26078	0.42434	1	0.39784	0.55783	14.84110	1.00374	1	0.65664	0.55662	15.12257	1.01140	1	-0.02465	-0.01350	0.66426	0.00391	1	0.04176	-0.01362	0.67757	0.00361	1	1.45898	0.81042	0	
1226280	8272.22852	3303521880096	0.25321	0.40132	8272.13477	0.09375	10678	1	0.35081	0.51089	1	0.21182	0.41805	1	0.28131	0.46447	1	0.39868	0.55815	14.18300	1.01140	1	0.65708	0.55683	14.67608	1.01906	1	-0.02465	-0.01350	0.66426	0.00398	1	0.04176	-0.01362	0.67757	0.00377	1	1.45898	0.81042	0	
1226281	8272.23535	3303521949335	0.25314	0.40610	8272.13477	0.10059	10678	1	0.31837	0.51692	1	0.18588	0.43892	1	0.25212	0.47792	1	0.39878	0.55766	14.45671	1.01906	1	0.65708	0.55656	15.20429	1.02672	1	-0.02465	-0.01350	0.66426	0.00376	1	0.04176	-0.01362	0.67757	0.00354	1	1.45898	0.81042	0	
1226282	8272.24219	3303522013130	0.25284	0.40969	8272.13477	0.10742	10678	1	0.31383	0.50657	1	0.18220	0.42761	1	0.24801	0.46709	1	0.39824	0.55685	10.01348	1.03474	1	0.65764	0.55695	14.25755	1.04239	1	-0.02489	-0.01357	0.68026	0.00296	1	0.04156	-0.01344	0.67096	0.00369	1	1.45898	0.81042	0	
1226283	8272.24805	3303522078671	0.25439	0.42000	8272.13477	0.11328	10678	1	0.31383	0.50657	0	0.28064	0.59517	1	0.28064	0.59517	1	0.39824	0.55685	10.01348	1.05041	0	0.65890	0.55798	11.51787	1.05041	1	-0.02489	-0.01357	0.68026	0.00296	1	0.04156	-0.01344	0.67096	0.00279	1	1.45898	0.81042	0	
1226284	8272.25586	3303522150886	0.25439	0.42000	8272.13477	0.12109	10678	1	0.31383	0.50657	0	0.28064	0.59517	0	0.28064	0.59517	0	0.39824	0.55685	10.01348	1.05843	0	0.65890	0.55798	11.51787	1.05843	0	-0.02489	-0.01357	0.68026	0.00296	1	0.04156	-0.01344	0.67096	0.00279	1	1.45898	0.81042	0	
1226285	8272.26270	3303522218226	0.25439	0.42000	8272.13477	0.12793	10678	1	0.31383	0.50657	0	0.28064	0.59517	0	0.28064	0.59517	0	0.39824	0.55685	10.01348	1.06644	0	0.65890	0.55798	11.51787	1.06644	0	-0.02489	-0.01357	0.68026	0.00296	1	0.04156	-0.01344	0.67096	0.00279	1	1.45898	0.81042	0	
1226286	8272.26855	3303522284716	0.25439	0.42000	8272.13477	0.13379	10678	1	0.31383	0.50657	0	0.28064	0.59517	0	0.28064	0.59517	0	0.39824	0.55685	10.01348	1.06644	0	0.65890	0.55798	11.51787	1.06644	0	-0.02489	-0.01357	0.68026	0.00296	1	0.04156	-0.01344	0.67096	0.00279	1	1.45898	0.81042	0	
1226287	8272.27539	3303522351376	0.25958	0.44260	8272.13477	0.13379	10678	0	0.31383	0.50657	0	0.28064	0.59517	0	0.28064	0.59517	0	0.39824	0.55685	10.01348	1.06644	0	0.65890	0.55798	11.51787	1.06644	0	-0.02489	-0.01357	0.68026	0.00296	1	0.04156	-0.01344	0.67096	0.00279	1	1.45898	0.81042	0	
1226288	8272.28223	3303522416197	0.25958	0.44260	8272.13477	0.13379	10678	0	0.31383	0.50657	0	0.28064	0.59517	0	0.28064	0.59517	0	0.39824	0.55685	10.01348	1.06644	0	0.65890	0.55798	11.51787	1.06644	0	-0.02489	-0.01357	0.68026	0.00296	1	0.04156	-0.01344	0.67096	0.00279	1	1.45898	0.81042	0	
1226289	8272.28906	3303522482404	0.25958	0.44260	8272.13477	0.13379	10678	0	0.31383	0.50657	0	0.28064	0.59517	0	0.28064	0.59517	0	0.39824	0.55685	10.01348	1.06644	0	0.65890	0.55798	11.51787	1.06644	0	-0.02489	-0.01357	0.68026	0.00296	1	0.04156	-0.01344	0.67096	0.00279	1	1.45898	0.81042	0	
1226290	8272.29492	3303522547474	0.00000	0.00000	8272.13477	0.13379	10678	0	0.31383	0.50657	0	0.28064	0.59517	0	0.28064	0.59517	0	0.39824	0.55685	10.01348	1.06644	0	0.65890	0.55798	11.51787	1.06644	0	-0.02489	-0.01357	0.68026	0.00296	1	0.04156	-0.01344	0.67096	0.00279	1	1.45898	0.81042	0	
1226291	8272.30273	3303522620269	0.00000	0.00000	8272.13477	0.13379	10678	0	0.31383	0.50657	0	0.28064	0.59517	0	0.28064	0.59517	0	0.39824	0.55685	10.01348	1.06644	0	0.65890	0.55798	11.51787	1.06644	0	-0.02489	-0.01357	0.68026	0.00296	1	0.04156	-0.01344	0.67096	0.00279	1	1.45898	0.81042	0	
1226292	8272.30859	3303522684326	0.00000	0.00000	8272.13477	0.13379	10678	0	0.31383	0.50657	0	0.28064	0.59517	0	0.28064	0.59517	0	0.39824	0.55685	10.01348	1.06644	0	0.65890	0.55798	11.51787	1.06644	0	-0.02489	-0.01357	0.68026	0.00296	1	0.04156	-0.01344	0.67096	0.00279	1	1.45898	0.81042	0	
1226293	8272.31543	3303522749355	0.00000	0.00000	8272.13477	0.13379	10678	0	0.31383	0.50657	0	0.28064	0.59517	0	0.28064	0.59517	0	0.39824	0.55685	10.01348	1.06644	0	0.65890	0.55798	11.51787	1.06644	0	-0.02489	-0.01357	0.68026	0.00296	1	0.04156	-0.01344	0.67096	0.00279	1	1.45898	0.81042	0	
1226294	8272.32227	3303522817430	0.00000	0.00000	8272.13477	0.13379	10678	0	0.31383	0.50657	0	0.28064	0.59517	0	0.28064	0.59517	0	0.39824	0.55685	10.01348	1.06644	0	0.65890	0.55798	11.51787	1.06644	0	-0.02489	-0.01357	0.68026	0.00296	1	0.04156	-0.01344	0.67096	0.00279	1	1.45898	0.81042	0	
1226295	8272.32910	3303522884681	0.00000	0.00000	8272.13477	0.13379	10678	0	0.31383	0.50657	0	0.28064	0.59517	0	0.28064	0.59517	0	0.39824	0.55685	10.01348	1.06644	0	0.65890	0.55798	11.51787	1.06644	0	-0.02489	-0.01357	0.68026	0.00296	1	0.04156	-0.01344	0.67096	0.00279	1	1.45898	0.81042	0	
1226296	8272.33594	3303522950585	0.00000	0.00000	8272.13477	0.13379	10678	0	0.31383	0.50657	0	0.28064	0.59517	0	0.28064	0.59517	0	0.39824	0.55685	10.01348	1.06644	0	0.65890	0.55798	11.51787	1.06644	0	-0.02489	-0.01357	0.68026	0.00296	1	0.04156	-0.01344	0.67096	0.00279	1	1.45898	0.81042	0	
1226297	8272.34277	3303523021312	0.00000	0.00000	8272.13477	0.13379	10678	0	0.31383	0.50657	0	0.28064	0.59517	0	0.28064	0.59517	0	0.39824	0.55685	10.01348	1.06644	0	0.65890	0.55798	11.51787	1.06644	0	-0.02489	-0.01357	0.68026	0.00296	1	0.04156	-0.01344	0.67096	0.00279	1	1.45898	0.81042	0	
1226298	8272.34961	3303523088074	0.00000	0.00000	8272.13477	0.13379	10678	0	0.31383	0.50657	0	0.28064	0.59517	0	0.28064	0.59517	0	0.39824	0.55685	10.01348	1.06644	0	0.65890	0.55798	11.51787	1.06644	0	-0.02489	-0.01357	0.68026	0.00296	1	0.04156	-0.01344	0.67096	0.00279	1	1.45898	0.81042	0	
1226299	8272.35645	3303523154873	0.00000	0.00000	8272.13477	0.13379	10678	0	0.31383	0.50657	0	0.28064	0.59517	0	0.28064	0.59517	0	0.39824	0.55685	10.01348	1.06644	0	0.65890	0.55798	11.51787	1.06644	0	-0.02489	-0.01357	0.68026	0.00296	1	0.04156	-0.01344	0.67096	0.00279	1	1.45898	0.81042	0	
1226300	8272.36230	3303523221077	0.00000	0.00000	8272.13477	0.13379	10678	0	0.31383	0.50657	0	0.28064	0.59517	0	0.28064	0.59517	0	0.39824	0.55685	10.01348	1.06644	0	0.65890	0.55798	11.51787	1.06644	0	-0.02489	-0.01357	0.68026	0.00296	1	0.04156	-0.01344	0.67096	0.00279	1	1.45898	0.81042	0	
1226301	8272.36914	3303523289176	0.00000	0.00000	8272.13477	0.13379	10678	0	0.31383	0.50657	0	0.28064	0.59517	0	0.28064	0.59517	0	0.39824	0.55685	10.01348	1.06644	0	0.65890	0.55798	11.51787	1.06644	0	-0.02489	-0.01357	0.68026	0.00296	1	0.04156	-0.01344	0.67096	0.00279	1	1.45898	0.81042	0	
1226302	8272.37598	3303523356302	0.00000	0.00000	8272.13477	0.13379	10678	0	0.31383	0.50657	0	0.28064	0.59517	0	0.28064	0.59517	0	0.39824	0.55685	10.01348	1.06644	0	0.65890	0.55798	11.51787	1.06644	0	-0.02489	-0.01357	0.68026	0.00296	1	0.04156	-0.01344	0.67096	0.00279	1	1.45898	0.81042	0	
1226303	8272.38281	3303523423292	0.00000	0.00000	8272.13477	0.13379	10678	0	0.31383	0.50657	0	0.28064	0.59517	0	0.28064	0.59517	0	0.39824	0.55685	10.01348	1.06644	0	0.65890	0.55798	11.51787	1.06644	0	-0.02489	-0.01357	0.68026	0.00296	1	0.04156	-0.01344	0.67096	0.00279	1	1.45898	0.81042	0	
1226304	8272.38965	3303523490269	0.14863	0.18501	8272.13477	0.13379	10678	0	0.34009	0.38645	1	0.25442	0.35360	1	0.29725	0.37003	1	0.40330	0.55296	14.17151	1.06644	1	0.66297	0.55417	14.19285	1.06644	1	-0.02489	-0.01357	0.68026	0.00411	1	0.04156	-0.01344	0.67096	0.00383	1	1.45898	0.81042	0	
1226305	8272.39648	3303523556736	0.30070	0.41001	8272.13477	0.13379	10678	0	0.37168	0.51971	1	0.23662	0.38029	1	0.30415	0.45000	1	0.40350	0.55356	14.32611	1.06644	1	0.66305	0.55426	14.34572	1.06644	1	-0.02489	-0.01357	0.68026	0.00395	1	0.04156	-0.01344	0.67096	0.00393	1	1.45898	0.81042	0	
1226306	8272.40234	3303523623437	0.30243	0.43001	8272.13477	0.13379	10678	0	0.37168	0.51971	1	0.23662	0.38029	1	0.30415	0.45000	1	0.40385	0.55370	13.57036	1.06644	1	0.66341	0.55477	14.58470	1.06644	1	-0.02431	-0.01309	0.68969	0.00403	1	0.04349	-0.01322	0.68082	0.00368	1	1.45898	0.81042	0	
1226307	8272.40918	3303523686878	0.30353	0.42901	8272.13477	0.13379	10678	0	0.34812	0.47840	1	0.26334	0.37563	1	0.30573	0.42702	1	0.40390	0.55309	14.03951	1.06644	1	0.66331	0.55405	14.77353	1.06644	1	-0.02431	-0.01309	0.68969	0.00380	1	0.04349	-0.01322	0.68082	0.00373	1	1.45898	0.81042	0	
1226308	8272.41602	3303523757699	0.30049	0.42780	8272.39648	0.01953	10679	1	0.35799	0.45780	1	0.22472	0.39052	1	0.29136	0.42416	1	0.40375	0.55297	14.42276	1.06644	1	0.66351	0.55449	14.74242	1.06644	1	-0.02431	-0.01309	0.68969	0.00373	1	0.04349	-0.01322	0.68082	0.00350	1	1.45898	0.81042	0	
1226309	8272.42285	3303523825617	0.29881	0.42764	8272.39648	0.02637	10679	1	0.35799	0.45780	1	0.22618	0.39621	1	0.29209	0.42700	1	0.40387	0.55330	14.00472	1.06644	1	0.66396	0.55428	14.44784	1.05879	1	-0.02410	-0.01288	0.68683	0.00388	1	0.04213	-0.01277	0.65719	0.00357	1	1.45898	0.81042	0	
1226310	8272.42969	3303523892953	0.30158	0.43370	8272.39648	0.03320	10679	1	0.36116	0.49323	1	0.26968	0.43478	1	0.31542	0.46400	1	0.40418	0.55252	14.40189	1.05879	1	0.66407	0.55435	15.14209	1.05113	1	-0.02410	-0.01288	0.68683	0.00385	1	0.04213	-0.01277	0.65719	0.00364	1	1.45898	0.81042	0	
1226311	8272.43652	3303523957264	0.30213	0.43723	8272.39648	0.04004	10679	1	0.36371	0.49209	1	0.24722	0.42477	1	0.30547	0.45843	1	0.40410	0.55231	14.39316	1.05113	1	0.66409	0.55432	15.22654	1.04347	1	-0.02410	-0.01288	0.68683	0.00386	1	0.04213	-0.01277	0.65719	0.00361	1	1.45898	0.81042	0	
1226312	8272.44336	3303524026060	0.30266	0.44020	8272.39648	0.04688	10679	1	0.36557	0.49716	1	0.24722	0.42477	1	0.30639	0.46097	1	0.40469	0.55243	13.87187	1.04347	1	0.66453	0.55371	14.91201	1.04347	1	-0.02337	-0.01239	0.66884	0.00414	1	0.04393	-0.01309	0.68450	0.00370	1	1.45898	0.81042	0	
1226313	8272.45020	3303524094043	0.30467	0.43975	8272.39648	0.05371	10679	1	0.37357	0.45283	1	0.26787	0.41945	1	0.32072	0.43614	1	0.40490	0.55201	14.68938	1.04347	1	0.66459	0.55339	14.45180	1.05113	1	-0.02337	-0.01239	0.66884	0.00398	1	0.04393	-0.01309	0.68450	0.00369	1	1.45898	0.81042	0	
1226314	8272.45703	3303524161339	0.30576	0.44149	8272.39648	0.06055	10679	1	0.37467	0.51229	1	0.25639	0.40199	1	0.31553	0.45714	1	0.40466	0.55170	14.91669	1.05113	1	0.66473	0.55339	14.63935	1.05879	1	-0.02337	-0.01239	0.66884	0.00368	1	0.04393	-0.01309	0.68450	0.00354	1	1.45898	0.81042	0	
1226315	8272.46289	3303524226879	0.30665	0.44293	8272.39648	0.06641	10679	1	0.37475	0.51251	1	0.25645	0.40226	1	0.31560	0.45739	1	0.40473	0.55162	14.53706	1.05077	1	0.66502	0.55307	14.80725	1.05843	1	-0.02268	-0.01191	0.65325	0.00391	1	0.04433	-0.01299	0.68747	0.00367	1	1.45898	0.81042	0	
1226316	8272.46973	3303524293120	0.30615	0.44117	8272.39648	0.07324	10679	1	0.37155	0.47234	1	0.22969	0.37129	1	0.30062	0.42182	1	0.40516	0.55063	14.07297	1.05041	1	0.66510	0.55242	14.88842	1.05041	1	-0.02268	-0.01191	0.65325	0.00393	1	0.04433	-0.01299	0.68747	0.00349	1	1.45898	0.81042	0	
1226317	8272.47656	3303524360896	0.30620	0.44273	8272.39648	0.08008	10679	1	0.37121	0.46856	1	0.24236	0.45437	1	0.30679	0.46146	1	0.40495	0.55034	14.39598	1.04239	1	0.66511	0.55254	14.90981	1.04239	1	-0.02268	-0.01191	0.65325	0.00381	1	0.04433	-0.01299	0.68747	0.00349	1	1.45898	0.81042	0	
1226318	8272.48340	3303524428743	0.30633	0.44443	8272.39648	0.08691	10679	1	0.37121	0.46856	1	0.24495	0.46451	1	0.30808	0.46653	1	0.40501	0.55045	14.84240	1.04239	1	0.66557	0.55190	14.73318	1.02793	1	-0.02369	-0.01221	0.68395	0.00404	1	0.04168	-0.01200	0.64490	0.00361	1	1.45898	0.81042	0	
1226319	8272.48926	3303524492563	0.30456	0.44554	8272.39648	0.09277	10679	1	0.34050	0.51728	1	0.21909	0.40467	1	0.27980	0.46098	1	0.40535	0.54974	14.94365	1.03594	1	0.66509	0.55137	14.79608	1.02148	1	-0.02369	-0.01221	0.68395	0.00384	1	0.04168	-0.01200	0.64490	0.00374	1	1.45898	0.81042	0	
1226320	8272.49707	3303524561970	0.30449	0.44704	8272.39648	0.10059	10679	1	0.36711	0.49455	1	0.23980	0.44449	1	0.30346	0.46952	1	0.40526	0.54945	14.92124	1.02949	1	0.66542	0.55142	14.95767	1.01503	1	-0.02369	-0.01221	0.68395	0.00388	1	0.04168	-0.01200	0.64490	0.00353	1	1.45898	0.81042	0	
1226321	8272.50293	3303524628929	0.30458	0.44881	8272.39648	0.10645	10679	1	0.37066	0.50428	1	0.24122	0.45007	1	0.30594	0.47718	1	0.40512	0.54885	14.51582	1.01503	1	0.66549	0.55119	14.56895	1.00737	1	-0.02273	-0.01154	0.65746	0.00379	1	0.04294	-0.01212	0.66212	0.00370	1	1.45898	0.81042	0	
1226322	8272.50977	3303524696013	0.30495	0.45020	8272.39648	0.11328	10679	1	0.36883	0.51293	1	0.25374	0.43462	1	0.31128	0.47378	1	0.40505	0.54870	14.64756	0.99935	1	0.66609	0.55056	14.80030	1.00616	1	-0.02273	-0.01154	0.65746	0.00382	1	0.04294	-0.01212	0.66212	0.00364	1	1.45898	0.81042	0	
1226323	8272.51660	3303524762931	0.30436	0.45360	8272.39648	0.12012	10679	1	0.35450	0.52285	1	0.23278	0.50685	1	0.29364	0.51485	1	0.40534	0.54774	14.54097	0.99814	1	0.66586	0.55037	15.06367	1.00495	1	-0.02273	-0.01154	0.65746	0.00416	1	0.04294	-0.01212	0.66212	0.00356	1	1.45898	0.81042	0	
1226324	8272.52344	3303524829637	0.30370	0.45630	8272.39648	0.12695	10679	1	0.35270	0.51832	1	0.22995	0.49709	1	0.29133	0.50770	1	0.40571	0.54782	14.97834	1.00495	1	0.66603	0.54973	15.05116	1.01942	1	-0.02343	-0.01156	0.68221	0.00394	1	0.04617	-0.01266	0.70936	0.00382	1	1.45898	0.81042	0	
1226325	8272.53027	3303524896865	0.30250	0.45679	8272.39648	0.13379	10679	1	0.34655	0.50556	1	0.21011	0.42736	1	0.27833	0.46646	1	0.40542	0.54685	14.40076	1.02743	1	0.66614	0.54902	15.61405	1.03509	1	-0.02343	-0.01156	0.68221	0.00390	1	0.04617	-0.01266	0.70936	0.00348	1	1.45898	0.81042	0	
1226326	8272.53711	3303524962044	0.30180	0.45752	8272.39648	0.14062	10679	1	0.34948	0.47961	1	0.22502	0.46625	1	0.28725	0.47293	1	0.40572	0.54623	14.13245	1.04311	1	0.66612	0.54895	15.62178	1.05077	1	-0.02343	-0.01156	0.68221	0.00386	1	0.04617	-0.01266	0.70936	0.00353	1	1.45898	0.81042	0	
1226327	8272.54395	3303525030759	0.30102	0.45773	8272.39648	0.14746	10679	1	0.34547	0.46896	1	0.22199	0.45555	1	0.28373	0.46225	1	0.40596	0.54585	14.46715	1.05879	1	0.66643	0.54765	14.89182	1.06644	1	-0.02301	-0.01111	0.67000	0.00406	1	0.04617	-0.01224	0.70936	0.00383	1	1.45898	0.81042	0	
1226328	8272.54980	3303525097772	0.29997	0.45662	8272.39648	0.15332	10679	1	0.32778	0.48151	1	0.22409	0.38094	1	0.27593	0.43122	1	0.40586	0.54566	14.94104	1.06644	1	0.66664	0.54762	14.97217	1.06644	1	-0.02301	-0.01111	0.67000	0.00385	1	0.04617	-0.01224	0.70936	0.00357	1	1.45898	0.81042	0	
1226329	8272.55664	3303525163680	0.29932	0.45587	8272.39648	0.16016	10679	1	0.34949	0.46354	1	0.21800	0.41230	1	0.28374	0.43792	1	0.40590	0.54504	15.24487	1.06644	1	0.66671	0.54742	14.99956	1.06644	1	-0.02301	-0.01111	0.67000	0.00364	1	0.04617	-0.01224	0.70936	0.00361	1	1.45898	0.81042	0	
1226330	8272.56348	3303525231715	0.29872	0.45518	8272.39648	0.16699	10679	1	0.34949	0.46354	1	0.21800	0.41230	1	0.28374	0.43792	1	0.40590	0.54479	14.96835	1.06644	1	0.66722	0.54679	15.59385	1.06644	1	-0.02343	-0.01100	0.68524	0.00416	1	0.04437	-0.01153	0.68021	0.00376	1	1.45898	0.81042	0	
1226331	8272.57031	3303525299019	0.29897	0.45595	8272.39648	0.17383	10679	1	0.37991	0.50251	1	0.23085	0.44939	1	0.30538	0.47595	1	0.40635	0.54429	15.23214	1.06644	1	0.66690	0.54613	15.14112	1.06644	1	-0.02343	-0.01100	0.68524	0.00395	1	0.04437	-0.01153	0.68021	0.00363	1	1.45898	0.81042	0	
1226332	8272.57715	3303525363964	0.29883	0.45495	8272.39648	0.18066	10679	1	0.34716	0.42196	1	0.24277	0.43403	1	0.29497	0.42799	1	0.40634	0.54365	15.08292	1.06644	1	0.66719	0.54606	14.84924	1.06644	1	-0.02343	-0.01100	0.68524	0.00392	1	0.04437	-0.01153	0.68021	0.00349	1	1.45898	0.81042	0	
1226333	8272.58398	3303525432602	0.29872	0.45412	8272.39648	0.18750	10679	1	0.34716	0.42196	1	0.24411	0.43942	1	0.29564	0.43069	1	0.40631	0.54320	15.03766	1.06644	1	0.66744	0.54544	15.24049	1.05879	1	-0.02343	-0.01079	0.68524	0.00387	1	0.04274	-0.01073	0.65301	0.00381	1	1.45898	0.81042	0	
1226334	8272.59082	3303525499578	0.29823	0.45366	8272.39648	0.19434	10679	1	0.34998	0.43726	1	0.21836	0.44370	1	0.28417	0.44048	1	0.40634	0.54259	15.03132	1.05879	1	0.66725	0.54522	15.57333	1.05113	1	-0.02343	-0.01079	0.68524	0.00372	1	0.04274	-0.01073	0.65301	0.00364	1	1.45898	0.81042	0	
1226335	8272.59668	3303525566514	0.29773	0.45442	8272.39648	0.20020	10679	1	0.34145	0.48848	1	0.22369	0.46580	1	0.28257	0.47714	1	0.40634	0.54267	14.96099	1.05113	1	0.66747	0.54484	15.12680	1.04347	1	-0.02343	-0.01079	0.68524	0.00384	1	0.04274	-0.01073	0.65301	0.00350	1	1.45898	0.81042	0	
1226336	8272.60352	3303525633515	0.29728	0.45521	8272.39648	0.20703	10679	1	0.34345	0.49358	1	0.22369	0.46580	1	0.28357	0.47969	1	0.40647	0.54200	14.56200	1.04347	1	0.66755	0.54420	15.13110	1.04347	1	-0.02299	-0.01043	0.67524	0.00394	1	0.04435	-0.01096	0.67672	0.00376	1	1.45898	0.81042	0	
1226337	8272.61035	3303525700362	0.29698	0.45548	8272.39648	0.21387	10679	1	0.34834	0.46443	1	0.22608	0.46399	1	0.28721	0.46421	1	0.40660	0.54161	14.29897	1.04347	1	0.66755	0.54400	14.94474	1.05113	1	-0.02299	-0.01043	0.67524	0.00383	1	0.04435	-0.01096	0.67672	0.00371	1	1.45898	0.81042	0	
1226338	8272.61719	3303525767934	0.29710	0.45590	8272.39648	0.22070	10679	1	0.35704	0.44033	1	0.24504	0.49904	1	0.30104	0.46968	1	0.40651	0.54144	13.97907	1.05113	1	0.66764	0.54377	15.40683	1.05879	1	-0.02299	-0.01043	0.67524	0.00393	1	0.04435	-0.01096	0.67672	0.00350	1	1.45898	0.81042	0	
1226339	8272.62402	3303525834775	0.29719	0.45622	8272.39648	0.22754	10679	1	0.35713	0.44058	1	0.24359	0.49364	1	0.30036	0.46711	1	0.40642	0.54107	14.71653	1.05077	1	0.66800	0.54310	14.73611	1.06711	1	-0.02273	-0.01009	0.66626	0.00403	1	0.04590	-0.01107	0.69963	0.00390	1	1.45898	0.81042	0	
1226340	8272.63086	3303525901718	0.29672	0.45477	8272.39648	0.23438	10679	1	0.32312	0.41848	1	0.23713	0.38984	1	0.28012	0.40416	1	0.40644	0.54118	14.84939	1.05909	1	0.66827	0.54289	15.14180	1.06777	1	-0.02273	-0.01009	0.66626	0.00401	1	0.04590	-0.01107	0.69963	0.00388	1	1.45898	0.81042	0	
1226341	8272.63770	3303525968595	0.29613	0.45478	8272.39648	0.24121	10679	1	0.31738	0.47836	1	0.23276	0.43138	1	0.27507	0.45487	1	0.40679	0.54138	15.11838	1.05976	1	0.66812	0.54303	15.07857	1.06844	1	-0.02273	-0.01009	0.66626	0.00383	1	0.04590	-0.01107	0.69963	0.00368	1	1.45898	0.81042	0	
1226342	8272.64355	3303526034036	0.29556	0.45477	8272.39648	0.24707	10679	1	0.31496	0.47253	1	0.23416	0.43678	1	0.27456	0.45465	1	0.40829	0.54233	15.55549	1.06844	1	0.66921	0.54385	14.47672	1.06078	1	-0.02269	-0.01033	0.67538	0.00368	1	0.04393	-0.01072	0.66502	0.00340	1	1.45898	0.81042	0	
1226343	8272.65039	3303526102508	0.29662	0.45651	8272.39648	0.25391	10679	1	0.36878	0.61312	1	0.30450	0.43165	1	0.33664	0.52239	1	0.40877	0.54318	14.76241	1.06879	1	0.67032	0.54421	14.95903	1.05245	1	-0.02269	-0.01033	0.67538	0.00370	1	0.04393	-0.01072	0.66502	0.00359	1	1.45898	0.81042	0	
1226344	8272.65723	3303526168945	0.29791	0.45833	8272.39648	0.26074	10679	1	0.38328	0.57429	1	0.31359	0.48421	1	0.34844	0.52925	1	0.40923	0.54288	14.06589	1.06047	1	0.67076	0.54485	15.01159	1.04413	1	-0.02269	-0.01033	0.67538	0.00380	1	0.04393	-0.01072	0.66502	0.00351	1	1.45898	0.81042	0	
1226345	8272.66406	3303526237001	0.29918	0.46018	8272.39648	0.26758	10679	1	0.38517	0.57908	1	0.31453	0.48984	1	0.34985	0.53446	1	0.41091	0.54396	14.87966	1.05215	1	0.67217	0.54582	14.93309	1.03581	1	-0.02255	-0.01066	0.68347	0.00335	1	0.04420	-0.01079	0.66316	0.00310	1	1.45898	0.81042	0	
1226346	8272.67090	3303526303427	0.31025	0.48866	8272.39648	0.26758	10679	0	0.44361	0.59527	1	0.36347	0.61732	1	0.40354	0.60629	1	0.41113	0.54402	14.93303	1.03581	1	0.67262	0.54562	15.29324	1.03581	1	-0.02255	-0.01066	0.68347	0.00337	1	0.04420	-0.01079	0.66316	0.00308	1	1.45898	0.81042	0	
1226347	8272.67773	3303526370432	0.35198	0.55004	8272.39648	0.26758	10679	0	0.44111	0.59181	1	0.34631	0.63104	1	0.39371	0.61143	1	0.41138	0.54384	14.62193	1.03581	1	0.67280	0.54606	15.23507	1.03581	1	-0.02255	-0.01066	0.68347	0.00340	1	0.04420	-0.01079	0.66316	0.00324	1	1.45898	0.81042	0	
1226348	8272.68359	3303526434252	0.36614	0.57130	8272.39648	0.26758	10679	0	0.44257	0.59638	1	0.34634	0.63124	1	0.39445	0.61381	1	0.41151	0.54357	13.95641	1.02779	1	0.67302	0.54596	15.31894	1.03545	1	-0.02153	-0.01016	0.65421	0.00349	1	0.04543	-0.01110	0.67917	0.00315	1	1.45898	0.81042	0	
1226349	8272.69043	3303526501913	0.39786	0.61368	8272.39648	0.26758	10679	0	0.44360	0.63291	1	0.36723	0.59869	1	0.40542	0.61580	1	0.41151	0.54375	14.19067	1.02743	1	0.67329	0.54579	15.02544	1.03509	1	-0.02153	-0.01016	0.65421	0.00335	1	0.04543	-0.01110	0.67917	0.00308	1	1.45898	0.81042	0	
1226350	8272.69727	3303526570221	0.39319	0.62180	8272.39648	0.26758	10679	0	0.44646	0.66858	1	0.33058	0.59127	1	0.38852	0.62993	1	0.41161	0.54371	14.44366	1.02708	1	0.67298	0.54585	15.31677	1.03474	1	-0.02153	-0.01016	0.65421	0.00336	1	0.04543	-0.01110	0.67917	0.00310	1	1.45898	0.81042	0	
1226351	8272.70410	3303526636284	0.39177	0.62532	8272.39648	0.26758	10679	0	0.44652	0.66876	1	0.33136	0.59594	1	0.38894	0.63235	1	0.41154	0.54366	14.20035	1.02672	1	0.67356	0.54575	14.90832	1.02672	1	-0.02182	-0.01029	0.66605	0.00336	1	0.04408	-0.01074	0.65684	0.00311	1	1.45898	0.81042	0	
1226352	8272.71094	3303526702286	0.39630	0.62935	8272.69043	0.02051	10680	1	0.45399	0.61725	1	0.36581	0.66561	1	0.40990	0.64143	1	0.41148	0.54375	14.44105	1.02672	1	0.67358	0.54574	14.98344	1.01906	1	-0.02182	-0.01029	0.66605	0.00335	1	0.04408	-0.01074	0.65684	0.00304	1	1.45898	0.81042	0	
1226353	8272.71777	3303526769506	0.39376	0.62478	8272.69043	0.02734	10680	1	0.46007	0.56922	1	0.30705	0.64382	1	0.38356	0.60652	1	0.41154	0.54380	14.41318	1.01906	1	0.67364	0.54552	15.17193	1.01140	1	-0.02182	-0.01029	0.66605	0.00325	1	0.04408	-0.01074	0.65684	0.00300	1	1.45898	0.81042	0	
1226354	8272.72461	3303526836733	0.39197	0.62136	8272.69043	0.03418	10680	1	0.46001	0.56900	1	0.30606	0.63947	1	0.38304	0.60424	1	0.41183	0.54398	14.68558	1.01942	1	0.67398	0.54574	14.40488	1.01942	1	-0.02245	-0.01066	0.68656	0.00332	1	0.04568	-0.01109	0.67848	0.00340	1	1.45898	0.81042	0	
1226355	8272.73047	3303526904229	0.39389	0.62524	8272.69043	0.04004	10680	1	0.45743	0.60527	1	0.35335	0.69185	1	0.40539	0.64856	1	0.41184	0.54405	14.70230	1.02743	1	0.67426	0.54601	14.74828	1.03509	1	-0.02245	-0.01066	0.68656	0.00329	1	0.04568	-0.01109	0.67848	0.00338	1	1.45898	0.81042	0	
1226356	8272.73730	3303526969309	0.39371	0.62435	8272.69043	0.04688	10680	1	0.44581	0.59721	1	0.33912	0.63896	1	0.39247	0.61809	1	0.41190	0.54412	14.65568	1.04311	1	0.67432	0.54595	14.70966	1.05077	1	-0.02245	-0.01066	0.68656	0.00330	1	0.04568	-0.01109	0.67848	0.00342	1	1.45898	0.81042	0	
1226357	8272.74414	3303527037544	0.39338	0.62293	8272.69043	0.05371	10680	1	0.44305	0.58841	1	0.33841	0.63473	1	0.39073	0.61157	1	0.41235	0.54388	13.98258	1.05879	1	0.67485	0.54625	14.67218	1.05879	1	-0.02195	-0.01057	0.67767	0.00323	1	0.04487	-0.01086	0.66422	0.00316	1	1.45898	0.81042	0	
1226358	8272.75098	3303527107393	0.39466	0.61717	8272.69043	0.06055	10680	1	0.46146	0.56138	1	0.35092	0.56927	1	0.40619	0.56533	1	0.41239	0.54403	14.52762	1.05879	1	0.67500	0.54632	14.82304	1.05113	1	-0.02195	-0.01057	0.67767	0.00321	1	0.04487	-0.01086	0.66422	0.00325	1	1.45898	0.81042	0	
1226359	8272.75781	3303527174339	0.39444	0.61349	8272.69043	0.06738	10680	1	0.43670	0.60992	1	0.34788	0.54344	1	0.39229	0.57668	1	0.41257	0.54406	14.43594	1.05113	1	0.67517	0.54630	15.29147	1.04347	1	-0.02195	-0.01057	0.67767	0.00334	1	0.04487	-0.01086	0.66422	0.00309	1	1.45898	0.81042	0	
1226360	8272.76465	3303527241121	0.39446	0.61136	8272.69043	0.07422	10680	1	0.43958	0.61846	1	0.34971	0.55745	1	0.39464	0.58795	1	0.41282	0.54437	14.38077	1.03545	1	0.67568	0.54678	15.16954	1.02098	1	-0.02138	-0.01037	0.66459	0.00334	1	0.04330	-0.01057	0.63746	0.00307	1	1.45898	0.81042	0	
1226361	8272.77148	3303527308322	0.39387	0.61598	8272.69043	0.08105	10680	1	0.43606	0.64857	1	0.33747	0.69436	1	0.38676	0.67146	1	0.41300	0.54413	14.30678	1.01297	1	0.67596	0.54723	15.17846	1.00616	1	-0.02138	-0.01037	0.66459	0.00318	1	0.04330	-0.01057	0.63746	0.00317	1	1.45898	0.81042	0	
1226362	8272.77832	3303527374809	0.39411	0.61825	8272.69043	0.08789	10680	1	0.45914	0.66179	1	0.33525	0.63360	1	0.39720	0.64769	1	0.41326	0.54450	14.20053	0.99814	1	0.67582	0.54731	15.25491	0.99133	1	-0.02138	-0.01037	0.66459	0.00326	1	0.04330	-0.01057	0.63746	0.00316	1	1.45898	0.81042	0	
1226363	8272.78516	3303527442066	0.39442	0.62062	8272.69043	0.09473	10680	1	0.46172	0.66950	1	0.33604	0.63813	1	0.39888	0.65382	1	0.41363	0.54439	14.60622	0.98332	1	0.67670	0.54750	15.00492	0.98332	1	-0.02095	-0.01035	0.65746	0.00310	1	0.04531	-0.01114	0.66327	0.00310	1	1.45898	0.81042	0	
1226364	8272.79102	3303527509025	0.39510	0.62161	8272.69043	0.10059	10680	1	0.45454	0.64982	1	0.35577	0.62322	1	0.40516	0.63652	1	0.41437	0.54484	14.39710	0.98332	1	0.67737	0.54764	14.76971	0.99012	1	-0.02095	-0.01035	0.65746	0.00325	1	0.04531	-0.01114	0.66327	0.00317	1	1.45898	0.81042	0	
1226365	8272.79785	3303527576139	0.39467	0.61902	8272.69043	0.10742	10680	1	0.45590	0.57735	1	0.31976	0.57781	1	0.38783	0.57758	1	0.41523	0.54434	12.84985	0.99012	1	0.67764	0.54796	14.30206	0.99693	1	-0.02095	-0.01035	0.65746	0.00327	1	0.04531	-0.01114	0.66327	0.00333	1	1.45898	0.81042	0	
1226366	8272.80469	3303527643066	0.39423	0.61649	8272.69043	0.11426	10680	1	0.45470	0.57319	1	0.31899	0.57361	1	0.38684	0.57340	1	0.41829	0.54458	14.01122	0.99693	1	0.68139	0.54869	14.24218	1.00374	1	-0.02036	-0.01055	0.66376	0.00308	1	0.04524	-0.01113	0.65081	0.00316	1	1.45898	0.81042	0	
1226367	8272.81152	3303527710035	0.40058	0.61415	8272.69043	0.12109	10680	1	0.55748	0.54978	1	0.47214	0.59440	1	0.51481	0.57209	1	0.41941	0.54470	14.42341	1.00374	1	0.68280	0.54899	15.08543	1.00374	1	-0.02036	-0.01055	0.66376	0.00313	1	0.04524	-0.01113	0.65081	0.00302	1	1.45898	0.81042	0	
1226368	8272.81836	3303527777100	0.40625	0.61137	8272.69043	0.12793	10680	1	0.59070	0.55396	1	0.43738	0.56287	1	0.51404	0.55842	1	0.42039	0.54435	13.47256	1.00374	1	0.68288	0.54917	15.20848	1.00374	1	-0.02036	-0.01055	0.66376	0.00316	1	0.04524	-0.01113	0.65081	0.00301	1	1.45898	0.81042	0	
1226369	8272.82520	3303527843978	0.41139	0.60906	8272.69043	0.13477	10680	1	0.59108	0.55838	1	0.43737	0.56739	1	0.51422	0.56289	1	0.42270	0.54482	15.02197	0.99661	1	0.68604	0.55043	15.10833	0.99661	1	-0.01863	-0.01008	0.63071	0.00310	1	0.04678	-0.01163	0.66295	0.00314	1	1.45898	0.81042	0	
1226370	8272.83203	3303527910930	0.41919	0.61081	8272.69043	0.14160	10680	1	0.63116	0.64164	1	0.53481	0.65382	1	0.58299	0.64773	1	0.42346	0.54506	14.93932	0.98949	1	0.68634	0.55061	14.88582	0.98949	1	-0.01863	-0.01008	0.63071	0.00322	1	0.04678	-0.01163	0.66295	0.00324	1	1.45898	0.81042	0	
1226371	8272.83789	3303527977978	0.45660	0.60965	8272.69043	0.14160	10680	0	0.64092	0.64877	1	0.55065	0.60382	1	0.59579	0.62630	1	0.42356	0.54519	15.15915	0.98236	1	0.68663	0.55056	15.04794	0.98236	1	-0.01863	-0.01008	0.63071	0.00325	1	0.04678	-0.01163	0.66295	0.00325	1	1.45898	0.81042	0	
1226372	8272.84473	3303528044710	0.52641	0.61567	8272.69043	0.14160	10680	0	0.64087	0.64448	1	0.55158	0.59890	1	0.59622	0.62169	1	0.42413	0.54523	15.04897	0.99038	1	0.68757	0.55167	15.25222	0.99038	1	-0.01965	-0.01084	0.67552	0.00325	1	0.04697	-0.01183	0.66009	0.00308	1	1.45898	0.81042	0	
1226373	8272.85156	3303528111880	0.54865	0.61152	8272.69043	0.14160	10680	0	0.63132	0.58520	1	0.55495	0.62121	1	0.59313	0.60320	1	0.42470	0.54537	14.39854	1.00552	1	0.68793	0.55171	14.84062	1.00552	1	-0.01965	-0.01084	0.67552	0.00317	1	0.04697	-0.01183	0.66009	0.00309	1	1.45898	0.81042	0	
1226374	8272.85840	3303528179390	0.59324	0.62202	8272.69043	0.14160	10680	0	0.63846	0.65393	1	0.54227	0.62840	1	0.59037	0.64117	1	0.42445	0.54503	14.07157	1.02067	1	0.68799	0.55199	14.57389	1.02067	1	-0.01965	-0.01084	0.67552	0.00334	1	0.04697	-0.01183	0.66009	0.00317	1	1.45898	0.81042	0	
1226375	8272.86523	3303528245824	0.59197	0.62968	8272.69043	0.14160	10680	0	0.63840	0.65030	1	0.54300	0.62437	1	0.59070	0.63733	1	0.42524	0.54546	14.27279	1.02779	1	0.68899	0.55250	14.61360	1.02779	1	-0.01882	-0.01067	0.65886	0.00313	1	0.04699	-0.01188	0.65480	0.00310	1	1.45898	0.81042	0	
1226376	8272.87207	3303528313233	0.59562	0.62446	8272.69043	0.14160	10680	0	0.64396	0.63776	1	0.56188	0.59032	1	0.60292	0.61404	1	0.42608	0.54566	14.05568	1.01977	1	0.68943	0.55261	14.86139	1.01977	1	-0.01882	-0.01067	0.65886	0.00314	1	0.04699	-0.01188	0.65480	0.00321	1	1.45898	0.81042	0	
1226377	8272.87891	3303528379832	0.59448	0.61993	8272.85840	0.02051	10681	1	0.63478	0.60946	1	0.54736	0.60318	1	0.59107	0.60632	1	0.42650	0.54579	14.07997	1.01176	1	0.68959	0.55276	14.95658	1.01176	1	-0.01882	-0.01067	0.65886	0.00335	1	0.04699	-0.01188	0.65480	0.00344	1	1.45898	0.81042	0	
1226378	8272.88477	3303528447006	0.59366	0.61896	8272.85840	0.02637	10681	1	0.63497	0.61793	1	0.54572	0.61220	1	0.59034	0.61507	1	0.42706	0.54620	14.66102	0.99661	1	0.69058	0.55387	14.76241	0.99661	1	-0.01826	-0.01065	0.65122	0.00316	1	0.04760	-0.01219	0.65789	0.00315	1	1.45898	0.81042	0	
1226379	8272.89160	3303528513944	0.59196	0.62527	8272.85840	0.03320	10681	1	0.64366	0.67305	1	0.52329	0.64066	1	0.58348	0.65685	1	0.42745	0.54620	15.17603	0.98949	1	0.69085	0.55392	14.59641	0.98949	1	-0.01826	-0.01065	0.65122	0.00322	1	0.04760	-0.01219	0.65789	0.00305	1	1.45898	0.81042	0	
1226380	8272.89844	3303528577781	0.58970	0.62609	8272.85840	0.04004	10681	1	0.62291	0.62683	1	0.52942	0.63514	1	0.57616	0.63098	1	0.42767	0.54587	14.30774	0.98236	1	0.69124	0.55429	14.60628	0.98236	1	-0.01826	-0.01065	0.65122	0.00340	1	0.04760	-0.01219	0.65789	0.00320	1	1.45898	0.81042	0	
1226381	8272.90527	3303528644968	0.58794	0.62745	8272.85840	0.04688	10681	1	0.62308	0.63081	1	0.52811	0.64321	1	0.57559	0.63701	1	0.42852	0.54642	14.40281	0.97524	1	0.69235	0.55516	14.74216	0.96843	1	-0.01734	-0.01038	0.63176	0.00317	1	0.04642	-0.01197	0.63560	0.00309	1	1.45898	0.81042	0	
1226382	8272.91211	3303528714834	0.58772	0.63135	8272.85840	0.05371	10681	1	0.64651	0.61630	1	0.52534	0.70882	1	0.58592	0.66256	1	0.42879	0.54629	14.66365	0.96843	1	0.69245	0.55549	14.53464	0.96162	1	-0.01734	-0.01038	0.63176	0.00330	1	0.04642	-0.01197	0.63560	0.00323	1	1.45898	0.81042	0	
1226383	8272.91895	3303528781495	0.58727	0.63248	8272.85840	0.06055	10681	1	0.62560	0.65153	1	0.54099	0.63377	1	0.58329	0.64265	1	0.42917	0.54633	14.23735	0.96162	1	0.69301	0.55552	14.73771	0.95481	1	-0.01734	-0.01038	0.63176	0.00320	1	0.04642	-0.01197	0.63560	0.00325	1	1.45898	0.81042	0	
1226384	8272.92578	3303528849611	0.58695	0.63321	8272.85840	0.06738	10681	1	0.62559	0.65135	1	0.54176	0.62951	1	0.58368	0.64043	1	0.42978	0.54636	14.29819	0.96194	1	0.69397	0.55633	15.08977	0.96194	1	-0.01763	-0.01087	0.65850	0.00319	1	0.04792	-0.01253	0.65012	0.00309	1	1.45898	0.81042	0	
1226385	8272.93164	3303528915641	0.58880	0.63273	8272.85840	0.07324	10681	1	0.65774	0.61641	1	0.56074	0.63854	1	0.60924	0.62748	1	0.43055	0.54650	14.68431	0.96906	1	0.69457	0.55677	14.70242	0.97587	1	-0.01763	-0.01087	0.65850	0.00318	1	0.04792	-0.01253	0.65012	0.00321	1	1.45898	0.81042	0	
1226386	8272.93848	3303528983225	0.58857	0.63255	8272.85840	0.08008	10681	1	0.63688	0.63731	1	0.53454	0.62344	1	0.58571	0.63038	1	0.43107	0.54636	14.09447	0.98300	1	0.69478	0.55664	14.57913	0.98981	1	-0.01763	-0.01087	0.65850	0.00317	1	0.04792	-0.01253	0.65012	0.00314	1	1.45898	0.81042	0	
1226387	8272.94531	3303529049682	0.58843	0.63150	8272.85840	0.08691	10681	1	0.63665	0.62531	1	0.53670	0.61054	1	0.58667	0.61792	1	0.43150	0.54682	14.15281	1.00495	1	0.69565	0.55771	14.56363	1.01176	1	-0.01789	-0.01131	0.68547	0.00320	1	0.04916	-0.01300	0.66153	0.00321	1	1.45898	0.81042	0	
1226388	8272.95215	3303529116675	0.58912	0.62983	8272.85840	0.09375	10681	1	0.63656	0.59266	1	0.56111	0.62000	1	0.59883	0.60633	1	0.43232	0.54718	14.62288	1.01977	1	0.69609	0.55781	14.83296	1.01977	1	-0.01789	-0.01131	0.68547	0.00323	1	0.04916	-0.01300	0.66153	0.00322	1	1.45898	0.81042	0	
1226389	8272.95898	3303529183581	0.58881	0.62780	8272.85840	0.10059	10681	1	0.64897	0.59218	1	0.51927	0.60280	1	0.58412	0.59749	1	0.43260	0.54694	14.59641	1.02779	1	0.69613	0.55774	14.50379	1.02779	1	-0.01789	-0.01131	0.68547	0.00325	1	0.04916	-0.01300	0.66153	0.00316	1	1.45898	0.81042	0	
1226390	8272.96582	3303529250240	0.58857	0.62562	8272.85840	0.10742	10681	1	0.64897	0.58764	1	0.52052	0.59363	1	0.58475	0.59063	1	0.43350	0.54698	14.58431	1.03581	1	0.69758	0.55869	14.97347	1.04347	1	-0.01720	-0.01118	0.67479	0.00323	1	0.05178	-0.01372	0.69056	0.00315	1	1.45898	0.81042	0	
1226391	8272.97266	3303529317427	0.58825	0.62485	8272.85840	0.11426	10681	1	0.61218	0.63266	1	0.55325	0.59076	1	0.58272	0.61171	1	0.43387	0.54714	14.72367	1.04347	1	0.69789	0.55877	14.74442	1.05113	1	-0.01720	-0.01118	0.67479	0.00324	1	0.05178	-0.01372	0.69056	0.00332	1	1.45898	0.81042	0	
1226392	8272.97852	3303529384978	0.58890	0.62387	8272.85840	0.12012	10681	1	0.65974	0.60026	1	0.54162	0.61223	1	0.60068	0.60624	1	0.43428	0.54686	15.05756	1.05113	1	0.69794	0.55871	14.76061	1.05879	1	-0.01720	-0.01118	0.67479	0.00316	1	0.05178	-0.01372	0.69056	0.00339	1	1.45898	0.81042	0	
1226393	8272.98535	3303529450192	0.58949	0.62288	8272.85840	0.12695	10681	1	0.65981	0.59608	1	0.54162	0.61223	1	0.60072	0.60415	1	0.43506	0.54704	15.03065	1.05879	1	0.69929	0.55974	15.12046	1.05879	1	-0.01680	-0.01119	0.67488	0.00329	1	0.05023	-0.01344	0.66392	0.00318	1	1.45898	0.81042	0	
1226394	8272.99219	3303529517694	0.58978	0.62166	8272.85840	0.13379	10681	1	0.62771	0.59423	1	0.56344	0.60041	1	0.59558	0.59732	1	0.43553	0.54681	14.55008	1.05879	1	0.69954	0.55957	14.92914	1.05113	1	-0.01680	-0.01119	0.67488	0.00322	1	0.05023	-0.01344	0.66392	0.00313	1	1.45898	0.81042	0	
1226395	8272.99902	3303529585793	0.58881	0.62169	8272.85840	0.14062	10681	1	0.63125	0.58140	1	0.50566	0.66317	1	0.56845	0.62228	1	0.43593	0.54680	15.20083	1.05113	1	0.69941	0.56022	14.62784	1.04347	1	-0.01680	-0.01119	0.67488	0.00303	1	0.05023	-0.01344	0.66392	0.00325	1	1.45898	0.81042	0	
1226396	8273.00586	3303529652753	0.58792	0.62190	8272.85840	0.14746	10681	1	0.63136	0.58572	1	0.50515	0.66713	1	0.56826	0.62643	1	0.43707	0.54697	14.90838	1.04347	1	0.70071	0.56045	14.62087	1.03581	1	-0.01676	-0.01138	0.68968	0.00321	1	0.05052	-0.01362	0.66254	0.00324	1	1.45898	0.81042	0	
1226397	8273.01270	3303529719914	0.58860	0.62211	8272.85840	0.15430	10681	1	0.64416	0.60044	1	0.56461	0.65366	1	0.60438	0.62705	1	0.43744	0.54662	15.20682	1.03581	1	0.70115	0.56077	14.85821	1.03581	1	-0.01676	-0.01138	0.68968	0.00308	1	0.05052	-0.01362	0.66254	0.00322	1	1.45898	0.81042	0	
1226398	8273.01953	3303529786304	0.58762	0.62114	8272.85840	0.16113	10681	1	0.61688	0.60357	1	0.51132	0.59225	1	0.56410	0.59791	1	0.43774	0.54650	15.04119	1.03581	1	0.70103	0.56047	14.37202	1.03581	1	-0.01676	-0.01138	0.68968	0.00311	1	0.05052	-0.01362	0.66254	0.00316	1	1.45898	0.81042	0	
1226399	8273.02539	3303529852042	0.58670	0.62066	8272.85840	0.16699	10681	1	0.61730	0.61193	1	0.50974	0.60521	1	0.56352	0.60857	1	0.43868	0.54655	14.75268	1.02067	1	0.70245	0.56122	14.84554	1.01386	1	-0.01505	-0.01055	0.63917	0.00318	1	0.04853	-0.01306	0.63091	0.00317	1	1.45898	0.81042	0	
1226400	8273.03223	3303529920875	0.58626	0.62078	8272.85840	0.17383	10681	1	0.63559	0.57209	1	0.51425	0.67574	1	0.57492	0.62391	1	0.43901	0.54619	14.65702	0.99871	1	0.70239	0.56124	14.37327	0.99191	1	-0.01505	-0.01055	0.63917	0.00326	1	0.04853	-0.01306	0.63091	0.00319	1	1.45898	0.81042	0	
1226401	8273.03906	3303529987528	0.58578	0.62188	8272.85840	0.18066	10681	1	0.62709	0.59216	1	0.51840	0.71070	1	0.57274	0.65143	1	0.43953	0.54611	14.00932	0.97676	1	0.70295	0.56149	15.22444	0.96995	1	-0.01505	-0.01055	0.63917	0.00329	1	0.04853	-0.01306	0.63091	0.00319	1	1.45898	0.81042	0	
1226402	8273.04590	3303530054095	0.58531	0.62318	8272.85840	0.18750	10681	1	0.62738	0.60101	1	0.51715	0.71824	1	0.57227	0.65962	1	0.44021	0.54615	14.36703	0.96194	1	0.70415	0.56186	14.64056	0.95513	1	-0.01503	-0.01074	0.65715	0.00337	1	0.04942	-0.01329	0.63746	0.00324	1	1.45898	0.81042	0	
1226403	8273.05273	3303530122253	0.58553	0.62418	8272.85840	0.19434	10681	1	0.64424	0.65202	1	0.53967	0.65420	1	0.59196	0.65311	1	0.44065	0.54620	14.85504	0.96226	1	0.70432	0.56178	14.50536	0.96226	1	-0.01503	-0.01074	0.65715	0.00320	1	0.04942	-0.01329	0.63746	0.00325	1	1.45898	0.81042	0	
1226404	8273.05957	3303530188254	0.58546	0.62548	8272.85840	0.20117	10681	1	0.63201	0.66259	1	0.53419	0.66688	1	0.58310	0.66473	1	0.44099	0.54581	14.05566	0.96938	1	0.70466	0.56183	14.77358	0.96938	1	-0.01503	-0.01074	0.65715	0.00329	1	0.04942	-0.01329	0.63746	0.00316	1	1.45898	0.81042	0	
1226405	8273.06641	3303530256164	0.58538	0.62671	8272.85840	0.20801	10681	1	0.63201	0.66259	1	0.53419	0.66688	1	0.58310	0.66473	1	0.44155	0.54627	14.19801	0.96938	1	0.70556	0.56235	14.95028	0.96938	1	-0.01417	-0.01032	0.63416	0.00325	1	0.05006	-0.01355	0.64081	0.00310	1	1.45898	0.81042	0	
1226406	8273.07324	3303530323200	0.58588	0.62768	8272.85840	0.21484	10681	1	0.64643	0.64129	1	0.55748	0.67635	1	0.60195	0.65882	1	0.44219	0.54587	14.99252	0.96226	1	0.70576	0.56240	14.83333	0.96226	1	-0.01417	-0.01032	0.63416	0.00307	1	0.05006	-0.01355	0.64081	0.00311	1	1.45898	0.81042	0	
1226407	8273.07910	3303530389290	0.58549	0.62822	8272.85840	0.22070	10681	1	0.61111	0.64723	1	0.53355	0.64461	1	0.57233	0.64592	1	0.44251	0.54570	14.54158	0.95513	1	0.70579	0.56258	14.60756	0.95513	1	-0.01417	-0.01032	0.63416	0.00305	1	0.05006	-0.01355	0.64081	0.00314	1	1.45898	0.81042	0	
1226408	8273.08594	3303530456541	0.58514	0.62847	8272.85840	0.22754	10681	1	0.61083	0.64279	1	0.53582	0.63142	1	0.57332	0.63711	1	0.44330	0.54554	14.51302	0.96315	1	0.70696	0.56271	14.65815	0.97761	1	-0.01488	-0.01101	0.67939	0.00322	1	0.05413	-0.01462	0.68880	0.00310	1	1.45898	0.81042	0	
1226409	8273.09277	3303530520495	0.58557	0.62889	8272.85840	0.23438	10681	1	0.62837	0.59645	1	0.57330	0.69018	1	0.60084	0.64331	1	0.44327	0.54506	14.02299	0.99276	1	0.70720	0.56313	14.78896	1.00722	1	-0.01488	-0.01101	0.67939	0.00330	1	0.05413	-0.01462	0.68880	0.00316	1	1.45898	0.81042	0	
1226410	8273.09961	3303530586689	0.58545	0.62886	8272.85840	0.24121	10681	1	0.61777	0.60370	1	0.54455	0.65192	1	0.58116	0.62781	1	0.44369	0.54540	14.31881	1.02237	1	0.70733	0.56302	14.47440	1.03683	1	-0.01488	-0.01101	0.67939	0.00316	1	0.05413	-0.01462	0.68880	0.00316	1	1.45898	0.81042	0	
1226411	8273.10547	3303530654482	0.58535	0.62850	8272.85840	0.24707	10681	1	0.61696	0.58714	1	0.54611	0.64384	1	0.58154	0.61549	1	0.44442	0.54528	14.55287	1.05198	1	0.70808	0.56324	14.72312	1.05198	1	-0.01439	-0.01085	0.67587	0.00323	1	0.05041	-0.01368	0.63784	0.00309	1	1.45898	0.81042	0	
1226412	8273.11230	3303530722154	0.58588	0.62909	8272.85840	0.25391	10681	1	0.64671	0.60900	1	0.56521	0.69381	1	0.60596	0.65141	1	0.44492	0.54547	14.31706	1.05198	1	0.70820	0.56347	14.64026	1.03751	1	-0.01439	-0.01085	0.67587	0.00318	1	0.05041	-0.01368	0.63784	0.00317	1	1.45898	0.81042	0	
1226413	8273.11914	3303530790560	0.58613	0.62956	8272.85840	0.26074	10681	1	0.63400	0.61477	1	0.55749	0.68066	1	0.59575	0.64772	1	0.44488	0.54534	14.52317	1.03751	1	0.70842	0.56377	14.34766	1.02304	1	-0.01439	-0.01085	0.67587	0.00326	1	0.05041	-0.01368	0.63784	0.00319	1	1.45898	0.81042	0	
1226414	8273.12598	3303530853982	0.58636	0.63010	8272.85840	0.26758	10681	1	0.63418	0.62258	1	0.55749	0.68066	1	0.59584	0.65162	1	0.44543	0.54516	14.95938	1.02304	1	0.70896	0.56395	14.60179	1.02304	1	-0.01444	-0.01104	0.68755	0.00330	1	0.05426	-0.01464	0.68269	0.00323	1	1.45898	0.81042	0	
1226415	8273.13281	3303530922279	0.58665	0.62976	8272.85840	0.27441	10681	1	0.64627	0.61814	1	0.55075	0.61404	1	0.59851	0.61609	1	0.44580	0.54489	14.08116	1.02304	1	0.70918	0.56375	14.69070	1.03751	1	-0.01444	-0.01104	0.68755	0.00340	1	0.05426	-0.01464	0.68269	0.00319	1	1.45898	0.81042	0	
1226416	8273.13965	3303530989659	0.58694	0.63001	8272.85840	0.28125	10681	1	0.63039	0.66056	1	0.56727	0.62002	1	0.59883	0.64029	1	0.44546	0.54525	14.21558	1.03751	1	0.70927	0.56377	14.73472	1.05198	1	-0.01444	-0.01104	0.68755	0.00335	1	0.05426	-0.01464	0.68269	0.00314	1	1.45898	0.81042	0	
1226417	8273.14648	3303531055544	0.58722	0.63007	8272.85840	0.28809	10681	1	0.63017	0.65339	1	0.56905	0.61194	1	0.59961	0.63266	1	0.44621	0.54535	15.10108	1.05198	1	0.70958	0.56400	14.31008	1.06645	1	-0.01405	-0.01090	0.67903	0.00317	1	0.05457	-0.01467	0.68395	0.00318	1	1.45898	0.81042	0	
1226418	8273.15332	3303531126598	0.58726	0.62918	8272.85840	0.29492	10681	1	0.63337	0.57904	1	0.54418	0.60079	1	0.58877	0.58992	1	0.44673	0.54516	14.07074	1.06645	1	0.70968	0.56377	14.20884	1.06645	1	-0.01405	-0.01090	0.67903	0.00325	1	0.05457	-0.01467	0.68395	0.00309	1	1.45898	0.81042	0	
1226419	8273.16016	3303531193255	0.58732	0.62869	8272.85840	0.30176	10681	1	0.62433	0.57795	1	0.55618	0.63537	1	0.59026	0.60666	1	0.44650	0.54519	14.27679	1.06645	1	0.70988	0.56449	14.35521	1.06645	1	-0.01405	-0.01090	0.67903	0.00321	1	0.05457	-0.01467	0.68395	0.00318	1	1.45898	0.81042	0	
1226420	8273.16602	3303531259731	0.58737	0.62830	8272.85840	0.30762	10681	1	0.62433	0.57795	1	0.55458	0.64312	1	0.58945	0.61053	1	0.44701	0.54508	14.34866	1.06645	1	0.71032	0.56455	14.67541	1.05198	1	-0.01393	-0.01091	0.68320	0.00321	1	0.05038	-0.01371	0.63033	0.00316	1	1.45898	0.81042	0	
1226421	8273.17285	3303531327121	0.58759	0.62802	8272.85840	0.31445	10681	1	0.63903	0.60144	1	0.55706	0.62833	1	0.59804	0.61489	1	0.44723	0.54498	14.11270	1.05198	1	0.71030	0.56437	14.35637	1.03751	1	-0.01393	-0.01091	0.68320	0.00330	1	0.05038	-0.01371	0.63033	0.00313	1	1.45898	0.81042	0	
1226422	8273.17969	3303531395492	0.58770	0.62764	8272.85840	0.32129	10681	1	0.63428	0.58561	1	0.56283	0.62213	1	0.59855	0.60387	1	0.44732	0.54521	14.53618	1.03751	1	0.71045	0.56414	14.42787	1.02304	1	-0.01393	-0.01091	0.68320	0.00326	1	0.05038	-0.01371	0.63033	0.00306	1	1.45898	0.81042	0	
1226423	8273.18652	3303531461896	0.58786	0.62713	8272.85840	0.32812	10681	1	0.63457	0.59838	1	0.56185	0.62671	1	0.59821	0.61254	1	0.44714	0.54466	13.76011	1.01503	1	0.71078	0.56471	14.54539	1.01503	1	-0.01337	-0.01059	0.66299	0.00338	1	0.05389	-0.01459	0.67301	0.00317	1	1.45898	0.81042	0	
1226424	8273.19336	3303531527834	0.58804	0.62796	8272.85840	0.33496	10681	1	0.64031	0.63966	1	0.58308	0.66902	1	0.61169	0.65434	1	0.44726	0.54483	13.99944	1.00701	1	0.71078	0.56472	14.61727	1.02148	1	-0.01337	-0.01059	0.66299	0.00307	1	0.05389	-0.01459	0.67301	0.00332	1	1.45898	0.81042	0	
1226425	8273.20020	3303531594925	0.58864	0.62936	8272.85840	0.34180	10681	1	0.65233	0.66723	1	0.58732	0.67917	1	0.61982	0.67320	1	0.44733	0.54485	14.13765	1.01346	1	0.71099	0.56475	14.85846	1.02793	1	-0.01337	-0.01059	0.66299	0.00308	1	0.05389	-0.01459	0.67301	0.00316	1	1.45898	0.81042	0	
1226426	8273.20703	3303531663560	0.58926	0.63050	8272.85840	0.34863	10681	1	0.65236	0.66400	1	0.58825	0.67586	1	0.62031	0.66993	1	0.44732	0.54488	13.95398	1.01991	1	0.71100	0.56476	14.78721	1.03438	1	-0.01337	-0.01054	0.66299	0.00311	1	0.05385	-0.01463	0.67244	0.00314	1	1.45898	0.81042	0	
1226427	8273.21387	3303531729893	0.58932	0.63008	8272.85840	0.35547	10681	1	0.61306	0.59894	1	0.55970	0.67430	1	0.58638	0.63662	1	0.44728	0.54488	13.99805	1.03438	1	0.71082	0.56467	14.61128	1.03438	1	-0.01337	-0.01054	0.66299	0.00309	1	0.05385	-0.01463	0.67244	0.00312	1	1.45898	0.81042	0	
1226428	8273.21973	3303531795879	0.59024	0.63040	8272.85840	0.36133	10681	1	0.64522	0.59973	1	0.59541	0.69267	1	0.62032	0.64620	1	0.44728	0.54478	14.11129	1.03438	1	0.71105	0.56487	14.88217	1.03438	1	-0.01337	-0.01054	0.66299	0.00311	1	0.05385	-0.01463	0.67244	0.00317	1	1.45898	0.81042	0	
1226429	8273.22656	3303531863091	0.59118	0.63059	8272.85840	0.36816	10681	1	0.64522	0.59973	1	0.59541	0.69267	1	0.62032	0.64620	1	0.44727	0.54466	14.03783	1.03438	1	0.71096	0.56475	14.86691	1.03438	1	-0.01337	-0.01054	0.66299	0.00317	1	0.05385	-0.01463	0.67244	0.00318	1	1.45898	0.81042	0	
1226430	8273.23340	3303531930238	0.59160	0.63011	8272.85840	0.37500	10681	1	0.63147	0.60608	1	0.58143	0.67271	1	0.60645	0.63940	1	0.44747	0.54490	14.18141	1.03438	1	0.71086	0.56462	14.62962	1.03438	1	-0.01337	-0.01054	0.66299	0.00303	1	0.05385	-0.01463	0.67244	0.00317	1	1.45898	0.81042	0	
1226431	8273.24023	3303531996948	0.59210	0.62983	8272.85840	0.38184	10681	1	0.62939	0.57901	1	0.58488	0.68031	1	0.60714	0.62966	1	0.44728	0.54455	14.12289	1.03438	1	0.71086	0.56485	14.90174	1.03438	1	-0.01337	-0.01054	0.66299	0.00319	1	0.05385	-0.01463	0.67244	0.00317	1	1.45898	0.81042	0	
1226432	8273.24707	3303532061862	0.59258	0.62965	8272.85840	0.38867	10681	1	0.62939	0.57901	1	0.58380	0.68422	1	0.60659	0.63161	1	0.44708	0.54433	13.95669	1.03438	1	0.71072	0.56474	14.39486	1.02672	1	-0.01332	-0.01047	0.65544	0.00321	1	0.05216	-0.01413	0.65196	0.00317	1	1.45898	0.81042	0	
1226433	8273.25391	3303532130835	0.59288	0.62969	8272.85840	0.39551	10681	1	0.64211	0.58060	1	0.60513	0.67832	1	0.62362	0.62946	1	0.44732	0.54464	14.03479	1.02672	1	0.71071	0.56467	14.64433	1.01906	1	-0.01332	-0.01047	0.65544	0.00302	1	0.05216	-0.01413	0.65196	0.00316	1	1.45898	0.81042	0	
1226434	8273.26074	3303532197860	0.59354	0.63025	8272.85840	0.40234	10681	1	0.65104	0.61501	1	0.58429	0.69948	1	0.61767	0.65725	1	0.44727	0.54472	14.18233	1.01906	1	0.71047	0.56480	14.84619	1.01140	1	-0.01332	-0.01047	0.65544	0.00324	1	0.05216	-0.01413	0.65196	0.00312	1	1.45898	0.81042	0	
1226435	8273.26660	3303532262181	0.61313	0.64772	8272.85840	0.40234	10681	0	0.65105	0.61482	1	0.58336	0.70272	1	0.61720	0.65877	1	0.44703	0.54502	14.22910	1.01942	1	0.71032	0.56481	14.26603	1.00495	1	-0.01393	-0.01091	0.68320	0.00318	1	0.05038	-0.01366	0.63033	0.00317	1	1.45898	0.81042	0	
1226436	8273.27344	3303532328637	0.61105	0.64100	8272.85840	0.40234	10681	0	0.64212	0.57836	1	0.57581	0.69021	1	0.60897	0.63429	1	0.44701	0.54460	13.94177	1.01297	1	0.71032	0.56482	14.29965	1.00616	1	-0.01393	-0.01091	0.68320	0.00340	1	0.05038	-0.01366	0.63033	0.00326	1	1.45898	0.81042	0	
1226437	8273.28027	3303532398836	0.60563	0.64672	8272.85840	0.40234	10681	0	0.62225	0.62661	1	0.56737	0.68972	1	0.59481	0.65817	1	0.44694	0.54494	14.09562	1.01417	1	0.71026	0.56487	14.36233	1.00737	1	-0.01393	-0.01091	0.68320	0.00323	1	0.05038	-0.01366	0.63033	0.00327	1	1.45898	0.81042	0	
1226438	8273.28711	3303532465725	0.60307	0.64955	8273.26660	0.02051	10682	1	0.62241	0.63029	1	0.56835	0.68580	1	0.59538	0.65804	1	0.44651	0.54503	13.83720	1.00737	1	0.71027	0.56501	14.26644	1.01503	1	-0.01367	-0.01072	0.66782	0.00323	1	0.05399	-0.01467	0.67677	0.00317	1	1.45898	0.81042	0	
1226439	8273.29395	3303532532852	0.60493	0.65092	8273.26660	0.02734	10682	1	0.64814	0.61782	1	0.57662	0.69493	1	0.61238	0.65637	1	0.44674	0.54486	13.29593	1.00701	1	0.71000	0.56457	14.15262	1.02148	1	-0.01367	-0.01072	0.66782	0.00332	1	0.05399	-0.01467	0.67677	0.00314	1	1.45898	0.81042	0	
1226440	8273.30078	3303532599662	0.60569	0.65315	8273.26660	0.03418	10682	1	0.64192	0.61908	1	0.57705	0.70953	1	0.60948	0.66430	1	0.44654	0.54507	13.53375	1.01346	1	0.70990	0.56454	13.83077	1.02793	1	-0.01367	-0.01072	0.66782	0.00336	1	0.05399	-0.01467	0.67677	0.00320	1	1.45898	0.81042	0	
1226441	8273.30664	3303532663301	0.60622	0.65453	8273.26660	0.04004	10682	1	0.64188	0.61554	1	0.57689	0.71011	1	0.60938	0.66283	1	0.44647	0.54528	13.91244	1.01991	1	0.70974	0.56454	14.15545	1.02672	1	-0.01365	-0.01062	0.66180	0.00332	1	0.05316	-0.01446	0.66693	0.00321	1	1.45898	0.81042	0	
1226442	8273.31348	3303532733714	0.60728	0.65778	8273.26660	0.04688	10682	1	0.66772	0.69194	1	0.56165	0.66917	1	0.61469	0.68055	1	0.44651	0.54541	14.20340	1.02672	1	0.70969	0.56455	14.08232	1.01906	1	-0.01365	-0.01062	0.66180	0.00321	1	0.05316	-0.01446	0.66693	0.00324	1	1.45898	0.81042	0	
1226443	8273.32031	3303532799909	0.60703	0.65395	8273.26660	0.05371	10682	1	0.65070	0.58598	1	0.55943	0.66055	1	0.60506	0.62326	1	0.44669	0.54532	13.92722	1.01906	1	0.70969	0.56445	14.07707	1.01140	1	-0.01365	-0.01062	0.66180	0.00323	1	0.05316	-0.01446	0.66693	0.00321	1	1.45898	0.81042	0	
1226444	8273.32715	3303532867745	0.60684	0.65086	8273.26660	0.06055	10682	1	0.65070	0.58577	1	0.55947	0.66035	1	0.60508	0.62306	1	0.44655	0.54545	14.08346	1.01942	1	0.70978	0.56472	14.42702	1.01176	1	-0.01405	-0.01090	0.67903	0.00320	1	0.05316	-0.01446	0.66693	0.00308	1	1.45898	0.81042	0	
1226445	8273.33398	3303532932886	0.60855	0.65231	8273.26660	0.06738	10682	1	0.66133	0.63506	1	0.58993	0.69851	1	0.62563	0.66679	1	0.44648	0.54541	14.30241	1.01977	1	0.70977	0.56496	14.04580	1.01977	1	-0.01405	-0.01090	0.67903	0.00320	1	0.05316	-0.01446	0.66693	0.00319	1	1.45898	0.81042	0	
1226446	8273.34082	3303533001738	0.60910	0.65124	8273.26660	0.07422	10682	1	0.64395	0.57632	1	0.58653	0.70276	1	0.61524	0.63954	1	0.44646	0.54546	14.15802	1.02779	1	0.70984	0.56509	14.26470	1.02779	1	-0.01405	-0.01090	0.67903	0.00317	1	0.05316	-0.01446	0.66693	0.00321	1	1.45898	0.81042	0	
1226447	8273.34766	3303533068677	0.60958	0.65014	8273.26660	0.08105	10682	1	0.64391	0.57165	1	0.58670	0.70217	1	0.61531	0.63691	1	0.44638	0.54566	14.28080	1.03581	1	0.70945	0.56483	14.23564	1.02900	1	-0.01405	-0.01090	0.67903	0.00309	1	0.05122	-0.01399	0.64326	0.00313	1	1.45898	0.81042	0	
1226448	8273.35449	3303533135552	0.60924	0.64759	8273.26660	0.08789	10682	1	0.63656	0.53350	1	0.57308	0.69524	1	0.60482	0.61437	1	0.44634	0.54574	14.37095	1.02900	1	0.70949	0.56479	13.98494	1.02219	1	-0.01405	-0.01090	0.67903	0.00312	1	0.05122	-0.01399	0.64326	0.00314	1	1.45898	0.81042	0	
1226449	8273.36035	3303533202605	0.60901	0.64627	8273.26660	0.09375	10682	1	0.63816	0.60831	1	0.57333	0.64723	1	0.60575	0.62777	1	0.44631	0.54576	14.38872	1.02219	1	0.70953	0.56483	14.15545	1.01538	1	-0.01405	-0.01090	0.67903	0.00315	1	0.05122	-0.01399	0.64326	0.00314	1	1.45898	0.81042	0	
1226450	8273.36719	3303533269483	0.60878	0.64534	8273.26660	0.10059	10682	1	0.63822	0.61209	1	0.57243	0.65099	1	0.60533	0.63154	1	0.44603	0.54579	13.67595	1.01538	1	0.70944	0.56480	14.01822	1.00857	1	-0.01404	-0.01099	0.67838	0.00311	1	0.05122	-0.01399	0.64326	0.00315	1	1.45898	0.81042	0	
1226451	8273.37402	3303533336604	0.60851	0.64423	8273.26660	0.10742	10682	1	0.64189	0.60979	1	0.56658	0.64301	1	0.60423	0.62640	1	0.44639	0.54578	14.07889	1.00857	1	0.70936	0.56483	14.11892	1.00857	1	-0.01404	-0.01099	0.67838	0.00312	1	0.05122	-0.01399	0.64326	0.00316	1	1.45898	0.81042	0	
1226452	8273.38086	3303533403481	0.60827	0.64338	8273.26660	0.11426	10682	1	0.64372	0.61417	1	0.56461	0.64353	1	0.60417	0.62885	1	0.44628	0.54584	14.40033	1.00857	1	0.70942	0.56478	13.59837	1.00857	1	-0.01404	-0.01099	0.67838	0.00312	1	0.05122	-0.01399	0.64326	0.00316	1	1.45898	0.81042	0	
1226453	8273.38770	3303533470627	0.60805	0.64261	8273.26660	0.12109	10682	1	0.64372	0.61417	1	0.56461	0.64353	1	0.60417	0.62885	1	0.44635	0.54543	13.90315	1.00857	1	0.70934	0.56509	14.45199	1.00857	1	-0.01404	-0.01099	0.67838	0.00334	1	0.05122	-0.01399	0.64326	0.00307	1	1.45898	0.81042	0	
1226454	8273.39453	3303533537466	0.60766	0.64192	8273.26660	0.12793	10682	1	0.62765	0.57955	1	0.57289	0.67818	1	0.60027	0.62887	1	0.44605	0.54569	13.44136	1.00857	1	0.70952	0.56516	14.64763	1.00857	1	-0.01404	-0.01099	0.67838	0.00319	1	0.05122	-0.01399	0.64326	0.00304	1	1.45898	0.81042	0	
1226455	8273.40137	3303533604519	0.60791	0.64302	8273.26660	0.13477	10682	1	0.65499	0.63155	1	0.57076	0.69838	1	0.61288	0.66496	1	0.44624	0.54580	13.99563	1.00857	1	0.70948	0.56550	13.79365	1.00857	1	-0.01404	-0.01099	0.67838	0.00316	1	0.05122	-0.01399	0.64326	0.00318	1	1.45898	0.81042	0	
1226456	8273.40723	3303533671535	0.60814	0.64402	8273.26660	0.14062	10682	1	0.65499	0.63155	1	0.57076	0.69838	1	0.61288	0.66496	1	0.44625	0.54586	13.90440	1.00857	1	0.70946	0.56560	14.24898	1.00857	1	-0.01404	-0.01099	0.67838	0.00313	1	0.05122	-0.01409	0.64326	0.00317	1	1.45898	0.81042	0	
1226457	8273.41406	3303533738468	0.60813	0.64556	8273.26660	0.14746	10682	1	0.64152	0.62187	1	0.57431	0.73704	1	0.60791	0.67946	1	0.44619	0.54569	13.73609	1.00857	1	0.70964	0.56576	14.47672	1.00857	1	-0.01404	-0.01099	0.67838	0.00317	1	0.05122	-0.01409	0.64326	0.00322	1	1.45898	0.81042	0	
1226458	8273.42090	3303533806250	0.60808	0.64684	8273.26660	0.15430	10682	1	0.63616	0.60475	1	0.57800	0.74774	1	0.60708	0.67624	1	0.44630	0.54582	13.69415	1.00857	1	0.70966	0.56580	13.81580	1.00857	1	-0.01404	-0.01099	0.67838	0.00314	1	0.05122	-0.01409	0.64326	0.00323	1	1.45898	0.81042	0	
1226459	8273.42773	3303533872240	0.60806	0.64795	8273.26660	0.16113	10682	1	0.63616	0.60475	1	0.57894	0.74465	1	0.60755	0.67470	1	0.44641	0.54595	13.92752	1.00857	1	0.70994	0.56578	14.34977	1.01538	1	-0.01404	-0.01099	0.67838	0.00314	1	0.05316	-0.01466	0.66693	0.00312	1	1.45898	0.81042	0	
1226460	8273.43457	3303533939608	0.60797	0.64810	8273.26660	0.16797	10682	1	0.63747	0.62965	1	0.57386	0.67386	1	0.60567	0.65176	1	0.44633	0.54583	13.71302	1.01538	1	0.70991	0.56561	14.21912	1.02219	1	-0.01404	-0.01099	0.67838	0.00312	1	0.05316	-0.01466	0.66693	0.00319	1	1.45898	0.81042	0	
1226461	8273.44141	3303534005785	0.60790	0.64714	8273.26660	0.17480	10682	1	0.64236	0.59959	1	0.56992	0.64476	1	0.60614	0.62218	1	0.44642	0.54610	13.87807	1.02219	1	0.70980	0.56548	13.88066	1.02900	1	-0.01404	-0.01099	0.67838	0.00324	1	0.05316	-0.01466	0.66693	0.00321	1	1.45898	0.81042	0	
1226462	8273.44824	3303534073417	0.60785	0.64611	8273.26660	0.18164	10682	1	0.64232	0.59576	1	0.57079	0.64104	1	0.60656	0.61840	1	0.44639	0.54621	13.97908	1.02900	1	0.70956	0.56528	13.65801	1.03581	1	-0.01425	-0.01121	0.68880	0.00315	1	0.05282	-0.01461	0.66276	0.00323	1	1.45898	0.81042	0	
1226463	8273.45410	3303534139582	0.60806	0.64621	8273.26660	0.18750	10682	1	0.66060	0.62092	1	0.56715	0.67708	1	0.61387	0.64900	1	0.44644	0.54624	14.01536	1.03581	1	0.70971	0.56587	14.29586	1.03581	1	-0.01425	-0.01121	0.68880	0.00315	1	0.05282	-0.01461	0.66276	0.00313	1	1.45898	0.81042	0	
1226464	8273.46094	3303534208060	0.60797	0.64754	8273.26660	0.19434	10682	1	0.65978	0.69645	1	0.55088	0.67567	1	0.60533	0.68606	1	0.44638	0.54622	13.75005	1.03581	1	0.70943	0.56580	13.76962	1.03581	1	-0.01425	-0.01121	0.68880	0.00318	1	0.05282	-0.01461	0.66276	0.00318	1	1.45898	0.81042	0	
1226465	8273.46777	3303534274345	0.60790	0.64872	8273.26660	0.20117	10682	1	0.65978	0.69645	1	0.55172	0.67175	1	0.60575	0.68410	1	0.44638	0.54622	13.75005	1.03581	1	0.70990	0.56624	14.21564	1.04347	1	-0.01404	-0.01109	0.67838	0.00317	1	0.05457	-0.01508	0.68395	0.00313	1	1.45898	0.81042	0	
1226466	8273.47461	3303534341280	0.60748	0.64977	8273.26660	0.20801	10682	1	0.63602	0.65733	1	0.55306	0.70754	1	0.59454	0.68243	1	0.44655	0.54605	13.59421	1.04347	1	0.70989	0.56627	14.36111	1.05113	1	-0.01404	-0.01109	0.67838	0.00316	1	0.05457	-0.01508	0.68395	0.00313	1	1.45898	0.81042	0	
1226467	8273.48145	3303534408232	0.60720	0.65088	8273.26660	0.21484	10682	1	0.64002	0.67864	1	0.55603	0.69424	1	0.59803	0.68644	1	0.44632	0.54625	13.88070	1.05113	1	0.70991	0.56601	13.82265	1.05879	1	-0.01404	-0.01109	0.67838	0.00323	1	0.05457	-0.01508	0.68395	0.00318	1	1.45898	0.81042	0	
1226468	8273.48828	3303534474902	0.60690	0.65204	8273.26660	0.22168	10682	1	0.64002	0.67881	1	0.55437	0.70140	1	0.59720	0.69011	1	0.44644	0.54617	13.60199	1.05077	1	0.70979	0.56598	13.97148	1.04396	1	-0.01367	-0.01092	0.66782	0.00334	1	0.05142	-0.01419	0.64334	0.00321	1	1.45898	0.81042	0	
1226469	8273.49414	3303534539050	0.60660	0.65134	8273.26660	0.22754	10682	1	0.62197	0.60668	1	0.57089	0.64879	1	0.59643	0.62773	1	0.44648	0.54619	13.78027	1.03594	1	0.71029	0.56582	13.97941	1.02148	1	-0.01367	-0.01092	0.66782	0.00328	1	0.05142	-0.01419	0.64334	0.00303	1	1.45898	0.81042	0	
1226470	8273.50098	3303534606437	0.60653	0.65229	8273.26660	0.23438	10682	1	0.63106	0.68189	1	0.57668	0.68927	1	0.60387	0.68558	1	0.44675	0.54629	13.25040	1.01346	1	0.71042	0.56615	14.34723	0.99899	1	-0.01367	-0.01092	0.66782	0.00314	1	0.05142	-0.01419	0.64334	0.00302	1	1.45898	0.81042	0	
1226471	8273.50781	3303534673355	0.60644	0.65334	8273.26660	0.24121	10682	1	0.63128	0.68893	1	0.57562	0.69324	1	0.60345	0.69109	1	0.44687	0.54605	13.59589	0.99899	1	0.71047	0.56591	13.53352	0.99133	1	-0.01391	-0.01105	0.68204	0.00306	1	0.05255	-0.01458	0.65686	0.00299	1	1.45898	0.81042	0	
1226472	8273.51465	3303534743055	0.60652	0.65296	8273.26660	0.24805	10682	1	0.65492	0.58654	1	0.56365	0.69088	1	0.60928	0.63871	1	0.44719	0.54591	13.90830	0.99935	1	0.71060	0.56618	13.89269	1.00616	1	-0.01391	-0.01105	0.68204	0.00313	1	0.05255	-0.01458	0.65686	0.00304	1	1.45898	0.81042	0	
1226473	8273.52148	3303534805497	0.60667	0.65280	8273.26660	0.25488	10682	1	0.64901	0.62605	1	0.57601	0.66792	1	0.61251	0.64699	1	0.44718	0.54604	13.93627	1.01417	1	0.71069	0.56614	13.88662	1.02098	1	-0.01391	-0.01105	0.68204	0.00305	1	0.05255	-0.01458	0.65686	0.00305	1	1.45898	0.81042	0	
1226474	8273.52832	3303534873951	0.60686	0.65241	8273.26660	0.26172	10682	1	0.64903	0.61804	1	0.57905	0.65604	1	0.61404	0.63704	1	0.44725	0.54603	14.06767	1.02900	1	0.71063	0.56640	14.21650	1.04347	1	-0.01391	-0.01105	0.68204	0.00302	1	0.05385	-0.01493	0.67244	0.00308	1	1.45898	0.81042	0	
1226475	8273.53516	3303534943188	0.60691	0.65277	8273.26660	0.26855	10682	1	0.64250	0.65105	1	0.57558	0.68328	1	0.60904	0.66717	1	0.44726	0.54585	13.94347	1.04347	1	0.71066	0.56657	14.02168	1.05113	1	-0.01391	-0.01105	0.68204	0.00311	1	0.05385	-0.01493	0.67244	0.00313	1	1.45898	0.81042	0	
1226476	8273.54102	3303535008952	0.60689	0.65213	8273.26660	0.27441	10682	1	0.64135	0.57300	1	0.57086	0.67880	1	0.60610	0.62590	1	0.44736	0.54551	13.86737	1.05113	1	0.71060	0.56649	14.11162	1.05879	1	-0.01391	-0.01105	0.68204	0.00318	1	0.05385	-0.01493	0.67244	0.00315	1	1.45898	0.81042	0	
1226477	8273.54785	3303535075406	0.60685	0.65166	8273.26660	0.28125	10682	1	0.64140	0.57728	1	0.56895	0.68635	1	0.60518	0.63182	1	0.44716	0.54552	13.57917	1.04364	1	0.71058	0.56655	14.06403	1.04364	1	-0.01302	-0.01042	0.64299	0.00317	1	0.05290	-0.01470	0.65994	0.00321	1	1.45898	0.81042	0	
1226478	8273.55469	3303535142657	0.60681	0.65245	8273.26660	0.28809	10682	1	0.65355	0.65097	1	0.55669	0.72194	1	0.60512	0.68645	1	0.44743	0.54562	13.51124	1.02850	1	0.71070	0.56676	13.91248	1.02084	1	-0.01302	-0.01042	0.64299	0.00314	1	0.05290	-0.01470	0.65994	0.00311	1	1.45898	0.81042	0	
1226479	8273.56152	3303535208694	0.60667	0.65235	8273.26660	0.29492	10682	1	0.63780	0.58629	1	0.56353	0.71014	1	0.60066	0.64821	1	0.44748	0.54563	13.29191	1.00570	1	0.71099	0.56652	14.09399	0.99804	1	-0.01302	-0.01042	0.64299	0.00318	1	0.05290	-0.01470	0.65994	0.00318	1	1.45898	0.81042	0	
1226480	8273.56836	3303535279359	0.60653	0.65235	8273.26660	0.30176	10682	1	0.63787	0.59077	1	0.56256	0.71394	1	0.60022	0.65236	1	0.44759	0.54555	13.28977	0.99804	1	0.71113	0.56640	13.66813	0.99038	1	-0.01429	-0.01152	0.71113	0.00318	1	0.05305	-0.01467	0.66067	0.00321	1	1.45898	0.81042	0	
1226481	8273.57520	3303535346180	0.60656	0.65186	8273.26660	0.30859	10682	1	0.63237	0.58404	1	0.58277	0.67414	1	0.60757	0.62909	1	0.44767	0.54505	13.11629	1.00552	1	0.71126	0.56604	13.76703	1.00552	1	-0.01429	-0.01152	0.71113	0.00341	1	0.05305	-0.01467	0.66067	0.00303	1	1.45898	0.81042	0	
1226482	8273.58203	3303535413343	0.60633	0.65127	8273.26660	0.31543	10682	1	0.62606	0.60515	1	0.56559	0.64155	1	0.59583	0.62335	1	0.44761	0.54578	13.69693	1.02067	1	0.71133	0.56593	13.73273	1.02067	1	-0.01429	-0.01152	0.71113	0.00307	1	0.05305	-0.01467	0.66067	0.00293	1	1.45898	0.81042	0	
1226483	8273.58887	3303535480013	0.60599	0.65058	8273.26660	0.32227	10682	1	0.62576	0.59670	1	0.56749	0.63316	1	0.59662	0.61493	1	0.44786	0.54581	14.18429	1.03581	1	0.71146	0.56612	14.21012	1.03581	1	-0.01411	-0.01132	0.70204	0.00309	1	0.05305	-0.01467	0.66067	0.00291	1	1.45898	0.81042	0	
1226484	8273.59473	3303535546978	0.60595	0.65032	8273.26660	0.32812	10682	1	0.64295	0.60178	1	0.57155	0.64111	1	0.60725	0.62144	1	0.44789	0.54580	14.19596	1.03581	1	0.71139	0.56601	13.72387	1.03581	1	-0.01411	-0.01132	0.70204	0.00305	1	0.05305	-0.01467	0.66067	0.00302	1	1.45898	0.81042	0	
1226485	8273.60156	3303535613912	0.60617	0.64895	8273.26660	0.33496	10682	1	0.63040	0.53590	1	0.57978	0.64921	1	0.60509	0.59255	1	0.44762	0.54580	13.86177	1.03581	1	0.71144	0.56606	14.05310	1.03581	1	-0.01411	-0.01132	0.70204	0.00305	1	0.05305	-0.01467	0.66067	0.00292	1	1.45898	0.81042	0	
1226486	8273.60840	3303535681017	0.60637	0.64758	8273.26660	0.34180	10682	1	0.63040	0.53590	1	0.57978	0.64921	1	0.60509	0.59255	1	0.44746	0.54564	13.24862	1.03581	1	0.71158	0.56614	14.28376	1.03581	1	-0.01411	-0.01127	0.70204	0.00311	1	0.05366	-0.01478	0.66822	0.00297	1	1.45898	0.81042	0	
1226487	8273.61523	3303535748394	0.60655	0.64810	8273.26660	0.34863	10682	1	0.65617	0.70819	1	0.58612	0.65437	1	0.62115	0.68128	1	0.44789	0.54568	13.97932	1.03581	1	0.71154	0.56610	14.18831	1.03581	1	-0.01411	-0.01127	0.70204	0.00310	1	0.05366	-0.01478	0.66822	0.00298	1	1.45898	0.81042	0	
1226488	8273.62207	3303535814738	0.60671	0.64897	8273.26660	0.35547	10682	1	0.66135	0.70476	1	0.57279	0.70729	1	0.61707	0.70602	1	0.44776	0.54551	13.68594	1.03581	1	0.71145	0.56642	14.33654	1.03581	1	-0.01411	-0.01127	0.70204	0.00313	1	0.05366	-0.01478	0.66822	0.00304	1	1.45898	0.81042	0	
1226489	8273.62891	3303535881364	0.60688	0.64983	8273.26660	0.36230	10682	1	0.66135	0.70476	1	0.57379	0.70360	1	0.61757	0.70418	1	0.44782	0.54558	13.88289	1.03581	1	0.71153	0.56611	14.09596	1.04347	1	-0.01411	-0.01127	0.70204	0.00310	1	0.05437	-0.01492	0.67645	0.00310	1	1.45898	0.81042	0	
1226490	8273.63574	3303535948822	0.60697	0.65045	8273.26660	0.36914	10682	1	0.65765	0.69668	1	0.57985	0.72389	1	0.61875	0.71029	1	0.44799	0.54558	13.99888	1.04347	1	0.71151	0.56635	14.04476	1.05113	1	-0.01411	-0.01127	0.70204	0.00309	1	0.05437	-0.01492	0.67645	0.00308	1	1.45898	0.81042	0	
1226491	8273.64160	3303536013791	0.60724	0.65204	8273.26660	0.37500	10682	1	0.66383	0.66348	1	0.57225	0.73547	1	0.61804	0.69947	1	0.44794	0.54553	14.03329	1.05113	1	0.71145	0.56633	14.21950	1.05879	1	-0.01411	-0.01127	0.70204	0.00312	1	0.05437	-0.01492	0.67645	0.00307	1	1.45898	0.81042	0	
1226492	8273.64844	3303536082843	0.60752	0.65356	8273.26660	0.38184	10682	1	0.66394	0.65975	1	0.57322	0.73207	1	0.61858	0.69591	1	0.44778	0.54539	13.44719	1.05879	1	0.71147	0.56633	14.15897	1.06645	1	-0.01411	-0.01127	0.70204	0.00314	1	0.05437	-0.01492	0.67645	0.00310	1	1.45898	0.81042	0	
1226493	8273.65527	3303536150526	0.60736	0.65433	8273.26660	0.38867	10682	1	0.66447	0.70724	1	0.57147	0.70042	1	0.61797	0.70383	1	0.44806	0.54575	14.01324	1.06645	1	0.71133	0.56620	13.88735	1.06645	1	-0.01411	-0.01127	0.70204	0.00307	1	0.05437	-0.01492	0.67645	0.00312	1	1.45898	0.81042	0	
1226494	8273.66211	3303536217413	0.60734	0.65560	8273.26660	0.39551	10682	1	0.65782	0.70043	1	0.57147	0.70042	1	0.61464	0.70042	1	0.44795	0.54568	13.85740	1.06645	1	0.71133	0.56620	13.88735	1.06645	1	-0.01411	-0.01127	0.70204	0.00305	1	0.05437	-0.01492	0.67645	0.00312	1	1.45898	0.81042	0	
1226495	8273.66895	3303536281832	0.60732	0.65696	8273.26660	0.40234	10682	1	0.65782	0.70043	1	0.57051	0.70405	1	0.61416	0.70224	1	0.44800	0.54556	13.98193	1.06645	1	0.71123	0.56606	13.37249	1.05879	1	-0.01411	-0.01127	0.70204	0.00309	1	0.05305	-0.01457	0.66067	0.00316	1	1.45898	0.81042	0	
1226496	8273.67578	3303536352235	0.61556	0.68283	8273.26660	0.40234	10682	0	0.66606	0.68446	1	0.57116	0.72586	1	0.61861	0.70516	1	0.44801	0.54558	13.94876	1.05879	1	0.71135	0.56619	13.81736	1.05113	1	-0.01411	-0.01127	0.70204	0.00309	1	0.05305	-0.01457	0.66067	0.00312	1	1.45898	0.81042	0	
1226497	8273.68262	3303536419261	0.61413	0.67354	8273.26660	0.40234	10682	0	0.66456	0.62672	1	0.56084	0.70177	1	0.61270	0.66425	1	0.44809	0.54561	13.94760	1.05113	1	0.71123	0.56616	13.70655	1.04347	1	-0.01411	-0.01127	0.70204	0.00311	1	0.05305	-0.01457	0.66067	0.00314	1	1.45898	0.81042	0	AUDIO_FILE_OFFSET
1226498	8273.68945	3303536485960	0.61364	0.67111	8273.26660	0.40234	10682	0	0.66445	0.63071	1	0.56084	0.70177	1	0.61265	0.66624	1	0.44794	0.54556	13.62262	1.04347	1	0.71142	0.56618	13.63819	1.04347	1	-0.01411	-0.01127	0.70204	0.00311	1	0.05437	-0.01492	0.67645	0.00314	1	1.45898	0.81042	0	
1226499	8273.69531	3303536552168	0.61160	0.67235	8273.67578	0.01953	10683	1	0.66122	0.64366	1	0.54978	0.70850	1	0.60550	0.67608	1	0.44803	0.54558	13.90107	1.04347	1	0.71144	0.56624	13.98115	1.05113	1	-0.01411	-0.01127	0.70204	0.00312	1	0.05437	-0.01492	0.67645	0.00313	1	1.45898	0.81042	0	
1226500	8273.70215	3303536618531	0.60905	0.66804	8273.67578	0.02637	10683	1	0.64162	0.62310	1	0.55611	0.67853	1	0.59886	0.65081	1	0.44816	0.54529	13.64454	1.05113	1	0.71121	0.56591	13.32993	1.05879	1	-0.01411	-0.01127	0.70204	0.00316	1	0.05437	-0.01492	0.67645	0.00328	1	1.45898	0.81042	0	
1226501	8273.70898	3303536681677	0.60735	0.66484	8273.67578	0.03320	10683	1	0.64157	0.61908	1	0.55611	0.67853	1	0.59884	0.64881	1	0.44802	0.54511	13.67129	1.05879	1	0.71139	0.56595	13.64451	1.05879	1	-0.01411	-0.01127	0.70204	0.00312	1	0.05366	-0.01468	0.66822	0.00323	1	1.45898	0.81042	0	
1226502	8273.71582	3303536750064	0.60949	0.66572	8273.67578	0.04004	10683	1	0.65783	0.68534	1	0.58678	0.65673	1	0.62230	0.67104	1	0.44828	0.54531	13.76553	1.05879	1	0.71160	0.56570	13.68599	1.05113	1	-0.01411	-0.01127	0.70204	0.00324	1	0.05366	-0.01468	0.66822	0.00330	1	1.45898	0.81042	0	
1226503	8273.72266	3303536816840	0.61010	0.65990	8273.67578	0.04688	10683	1	0.66646	0.56643	1	0.56225	0.67180	1	0.61435	0.61911	1	0.44822	0.54529	13.73573	1.05113	1	0.71149	0.56589	13.57907	1.04347	1	-0.01411	-0.01127	0.70204	0.00320	1	0.05366	-0.01468	0.66822	0.00316	1	1.45898	0.81042	0	
1226504	8273.72852	3303536883767	0.61056	0.65561	8273.67578	0.05273	10683	1	0.66634	0.57085	1	0.56225	0.67180	1	0.61430	0.62133	1	0.44814	0.54546	14.00062	1.04347	1	0.71154	0.56602	14.22285	1.04347	1	-0.01411	-0.01127	0.70204	0.00320	1	0.05437	-0.01487	0.67645	0.00315	1	1.45898	0.81042	0	
1226505	8273.73535	3303536950684	0.60898	0.65464	8273.67578	0.05957	10683	1	0.65297	0.60442	1	0.53652	0.68733	1	0.59474	0.64588	1	0.44794	0.54519	13.71568	1.04347	1	0.71121	0.56601	14.16125	1.05113	1	-0.01411	-0.01127	0.70204	0.00316	1	0.05437	-0.01487	0.67645	0.00327	1	1.45898	0.81042	0	
1226506	8273.74219	3303537018047	0.60853	0.65795	8273.67578	0.06641	10683	1	0.65478	0.68694	1	0.55336	0.69514	1	0.60407	0.69104	1	0.44822	0.54530	13.85506	1.05113	1	0.71149	0.56610	14.33978	1.05879	1	-0.01411	-0.01127	0.70204	0.00318	1	0.05437	-0.01487	0.67645	0.00308	1	1.45898	0.81042	0	
1226507	8273.74902	3303537083322	0.60816	0.66056	8273.67578	0.07324	10683	1	0.65483	0.68339	1	0.55336	0.69514	1	0.60410	0.68927	1	0.44797	0.54513	13.51215	1.05879	1	0.71173	0.56605	13.96204	1.05879	1	-0.01411	-0.01127	0.70204	0.00313	1	0.05334	-0.01462	0.66297	0.00313	1	1.45898	0.81042	0	STOP_TRIAL
1226958	8276.77051	3303567296301	0.27268	0.50770	8276.73633	0.03418	10692	1	0.32958	0.59206	1	0.24533	0.45622	1	0.28746	0.52414	1	0.42971	0.54981	13.25025	1.01978	1	0.69252	0.56530	13.58694	1.01978	1	-0.01718	-0.01204	0.68581	0.00402	1	0.05022	-0.01508	0.66780	0.00342	1	1.45898	0.81042	0	START_TRIAL
1226959	8276.77637	3303567363665	0.27319	0.50925	8276.73633	0.04004	10692	1	0.31905	0.61947	1	0.23344	0.41769	1	0.27625	0.51858	1	0.42956	0.55011	13.13643	1.02779	1	0.69244	0.56520	13.41468	1.02779	1	-0.01718	-0.01204	0.68581	0.00419	1	0.05022	-0.01508	0.66780	0.00335	1	1.45898	0.81042	0	
1226960	8276.78320	3303567428978	0.27324	0.50941	8276.73633	0.04688	10692	1	0.31671	0.61504	1	0.23048	0.40602	1	0.27360	0.51053	1	0.42959	0.54962	13.63071	1.03581	1	0.69261	0.56548	13.31765	1.04347	1	-0.01776	-0.01237	0.70505	0.00380	1	0.05054	-0.01519	0.67271	0.00343	1	1.45898	0.81042	0	
1226961	8276.79004	3303567495983	0.27639	0.50483	8276.73633	0.05371	10692	1	0.33950	0.52899	1	0.26377	0.40741	1	0.30164	0.46820	1	0.42965	0.54965	13.74989	1.04347	1	0.69254	0.56559	13.66009	1.05113	1	-0.01776	-0.01237	0.70505	0.00382	1	0.05054	-0.01519	0.67271	0.00346	1	1.45898	0.81042	0	
1226962	8276.79688	3303567565617	0.27884	0.49917	8276.73633	0.06055	10692	1	0.33408	0.53408	1	0.26763	0.36232	1	0.30085	0.44820	1	0.42958	0.54958	13.38788	1.05113	1	0.69267	0.56546	13.21573	1.05879	1	-0.01776	-0.01237	0.70505	0.00382	1	0.05054	-0.01519	0.67271	0.00348	1	1.45898	0.81042	0	
1226963	8276.80371	3303567632349	0.28090	0.49483	8276.73633	0.06738	10692	1	0.33417	0.53430	1	0.26885	0.36855	1	0.30151	0.45143	1	0.42887	0.54979	13.38866	1.05077	1	0.69221	0.56539	13.77389	1.05077	1	-0.01650	-0.01151	0.65289	0.00389	1	0.05014	-0.01508	0.66799	0.00344	1	1.45898	0.81042	0	
1226964	8276.81055	3303567698671	0.27916	0.48706	8276.73633	0.07422	10692	1	0.27157	0.39094	1	0.24857	0.41212	1	0.26007	0.40153	1	0.42818	0.54778	12.15587	1.04275	1	0.69222	0.56567	13.86135	1.03509	1	-0.01650	-0.01151	0.65289	0.00269	1	0.05014	-0.01508	0.66799	0.00342	1	1.45898	0.81042	0	
1226965	8276.81738	3303567765713	0.27751	0.48208	8276.73633	0.08105	10692	1	0.25349	0.38772	1	0.26172	0.45706	1	0.25761	0.42239	1	0.42805	0.54764	12.00469	1.02708	1	0.69205	0.56536	13.64511	1.01942	1	-0.01650	-0.01151	0.65289	0.00274	1	0.05014	-0.01508	0.66799	0.00341	1	1.45898	0.81042	0	
1226966	8276.82422	3303567832732	0.27618	0.47803	8276.73633	0.08789	10692	1	0.25608	0.39374	1	0.26172	0.45706	1	0.25890	0.42540	1	0.42874	0.55040	12.97185	1.01942	1	0.69193	0.56539	13.62000	1.01942	1	-0.01688	-0.01184	0.66611	0.00383	1	0.05129	-0.01547	0.68541	0.00341	1	1.45898	0.81042	0	
1226967	8276.83008	3303567899542	0.27635	0.48002	8276.73633	0.09375	10692	1	0.30329	0.58608	1	0.25426	0.42963	1	0.27877	0.50786	1	0.42862	0.55022	12.91721	1.02743	1	0.69202	0.56563	13.56692	1.03509	1	-0.01688	-0.01184	0.66611	0.00381	1	0.05129	-0.01547	0.68541	0.00348	1	1.45898	0.81042	0	
1226968	8276.83691	3303567966187	0.27701	0.48008	8276.73633	0.10059	10692	1	0.32030	0.59594	1	0.25358	0.36588	1	0.28694	0.48091	1	0.42891	0.55033	13.25647	1.04311	1	0.69183	0.56546	13.51371	1.05077	1	-0.01688	-0.01184	0.66611	0.00374	1	0.05129	-0.01547	0.68541	0.00340	1	1.45898	0.81042	0	
1226969	8276.84375	3303568033025	0.27749	0.47982	8276.73633	0.10742	10692	1	0.31812	0.59160	1	0.25230	0.35992	1	0.28521	0.47576	1	0.42895	0.55091	12.97631	1.05077	1	0.69156	0.56554	13.67177	1.05843	1	-0.01680	-0.01173	0.65692	0.00384	1	0.05129	-0.01547	0.68541	0.00348	1	1.45898	0.81042	0	
1226970	8276.85059	3303568100642	0.27802	0.48048	8276.73633	0.11426	10692	1	0.33093	0.55772	1	0.24286	0.42576	1	0.28690	0.49174	1	0.42864	0.55013	12.75253	1.05041	1	0.69144	0.56525	13.57875	1.05041	1	-0.01680	-0.01173	0.65692	0.00386	1	0.05129	-0.01547	0.68541	0.00347	1	1.45898	0.81042	0	
1226971	8276.85742	3303568167019	0.27854	0.48256	8276.73633	0.12109	10692	1	0.31375	0.60779	1	0.26224	0.43184	1	0.28799	0.51982	1	0.42842	0.55047	12.14955	1.04240	1	0.69168	0.56543	13.25757	1.04240	1	-0.01680	-0.01173	0.65692	0.00415	1	0.05129	-0.01547	0.68541	0.00339	1	1.45898	0.81042	0	
1226972	8276.86426	3303568238247	0.27904	0.48456	8276.73633	0.12793	10692	1	0.31375	0.60779	1	0.26346	0.43738	1	0.28861	0.52259	1	0.42812	0.55029	13.13396	1.04240	1	0.69131	0.56558	13.62218	1.03474	1	-0.01753	-0.01215	0.68341	0.00394	1	0.05009	-0.01513	0.67006	0.00342	1	1.45898	0.81042	0	
1226973	8276.87109	3303568302047	0.27906	0.48472	8276.73633	0.13477	10692	1	0.30615	0.52829	1	0.25253	0.44752	1	0.27934	0.48790	1	0.42828	0.55026	13.48789	1.04275	1	0.69110	0.56539	13.70121	1.03509	1	-0.01753	-0.01215	0.68341	0.00385	1	0.05009	-0.01513	0.67006	0.00330	1	1.45898	0.81042	0	
1226974	8276.87695	3303568368372	0.27952	0.48560	8276.73633	0.14062	10692	1	0.32646	0.57401	1	0.25179	0.43444	1	0.28913	0.50423	1	0.42817	0.55061	13.57784	1.04311	1	0.69114	0.56531	13.39072	1.03545	1	-0.01753	-0.01215	0.68341	0.00391	1	0.05009	-0.01513	0.67006	0.00333	1	1.45898	0.81042	0	
1226975	8276.88379	3303568434891	0.27998	0.48651	8276.73633	0.14746	10692	1	0.32860	0.57851	1	0.25179	0.43444	1	0.29020	0.50648	1	0.42803	0.55046	13.20104	1.03545	1	0.69107	0.56534	13.60126	1.03545	1	-0.01692	-0.01174	0.65798	0.00390	1	0.04987	-0.01510	0.66908	0.00348	1	1.45898	0.81042	0	
1226976	8276.89062	3303568502399	0.28056	0.48778	8276.73633	0.15430	10692	1	0.32971	0.56379	1	0.25802	0.46997	1	0.29386	0.51688	1	0.42823	0.55046	13.45929	1.02743	1	0.69125	0.56562	13.50046	1.03509	1	-0.01692	-0.01174	0.65798	0.00377	1	0.04987	-0.01510	0.66908	0.00354	1	1.45898	0.81042	0	
1226977	8276.89746	3303568569365	0.28097	0.48785	8276.73633	0.16113	10692	1	0.30861	0.53592	1	0.27303	0.44352	1	0.29082	0.48972	1	0.42794	0.55001	13.12290	1.02708	1	0.69102	0.56549	13.34369	1.03474	1	-0.01692	-0.01174	0.65798	0.00374	1	0.04987	-0.01510	0.66908	0.00347	1	1.45898	0.81042	0	
1226978	8276.90430	3303568637135	0.28135	0.48793	8276.73633	0.16797	10692	1	0.30871	0.53615	1	0.27309	0.44378	1	0.29090	0.48997	1	0.42677	0.54822	11.96883	1.02672	1	0.69099	0.56552	13.02092	1.03438	1	-0.01716	-0.01184	0.66331	0.00273	1	0.04987	-0.01510	0.66908	0.00349	1	1.45898	0.81042	0	
1226979	8276.91016	3303568698372	0.28080	0.48557	8276.73633	0.17383	10692	1	0.26180	0.39443	1	0.27103	0.45386	1	0.26642	0.42414	1	0.42676	0.54822	12.45121	1.03438	1	0.69108	0.56548	13.07835	1.03438	1	-0.01716	-0.01184	0.66331	0.00277	1	0.04987	-0.01510	0.66908	0.00347	1	1.45898	0.81042	0	
1226980	8276.91699	3303568767425	0.28027	0.48316	8276.73633	0.18066	10692	1	0.25779	0.39409	1	0.27407	0.44186	1	0.26593	0.41798	1	0.42667	0.54845	12.42255	1.03438	1	0.69106	0.56548	13.05040	1.03438	1	-0.01716	-0.01184	0.66331	0.00259	1	0.04987	-0.01510	0.66908	0.00348	1	1.45898	0.81042	0	
1226981	8276.92383	3303568836300	0.27979	0.48101	8276.73633	0.18750	10692	1	0.25779	0.39409	1	0.27522	0.44738	1	0.26650	0.42073	1	0.42649	0.54830	11.99309	1.03438	1	0.69069	0.56537	13.39457	1.02672	1	-0.01716	-0.01184	0.66331	0.00267	1	0.04905	-0.01487	0.65874	0.00357	1	1.45898	0.81042	0	
1226982	8276.93066	3303568900823	0.27963	0.48211	8276.73633	0.19434	10692	1	0.29123	0.57218	1	0.25867	0.45626	1	0.27495	0.51422	1	0.42719	0.55036	12.86995	1.02672	1	0.69072	0.56546	13.58979	1.01906	1	-0.01716	-0.01184	0.66331	0.00399	1	0.04905	-0.01487	0.65874	0.00354	1	1.45898	0.81042	0	
1226983	8276.93750	3303568968700	0.27877	0.48034	8276.73633	0.20117	10692	1	0.24998	0.39437	1	0.25593	0.45999	1	0.25295	0.42718	1	0.42634	0.54821	11.84826	1.01906	1	0.69072	0.56536	13.51367	1.01140	1	-0.01716	-0.01184	0.66331	0.00271	1	0.04905	-0.01487	0.65874	0.00346	1	1.45898	0.81042	0	
1226984	8276.94434	3303569038584	0.27803	0.47886	8276.73633	0.20801	10692	1	0.25261	0.40039	1	0.25724	0.46548	1	0.25493	0.43294	1	0.42619	0.54825	11.77702	1.01140	1	0.69066	0.56529	13.59509	1.00374	1	-0.01716	-0.01184	0.66331	0.00283	1	0.04905	-0.01487	0.65874	0.00351	1	1.45898	0.81042	0	
1226985	8276.95117	3303569102513	0.27741	0.47738	8276.73633	0.21484	10692	1	0.25850	0.42758	1	0.25663	0.43235	1	0.25757	0.42996	1	0.42653	0.54829	11.78433	1.00374	1	0.69068	0.56512	13.65095	1.00374	1	-0.01716	-0.01184	0.66331	0.00270	1	0.04905	-0.01487	0.65874	0.00354	1	1.45898	0.81042	0	
1226986	8276.95703	3303569168229	0.27651	0.47492	8276.73633	0.22070	10692	1	0.24504	0.37366	1	0.24869	0.41381	1	0.24687	0.39373	1	0.42630	0.54825	11.66019	1.00374	1	0.69050	0.56488	13.58024	1.00374	1	-0.01716	-0.01184	0.66331	0.00290	1	0.04905	-0.01487	0.65874	0.00346	1	1.45898	0.81042	0	
1226987	8276.96387	3303569236198	0.26738	0.44593	8276.73633	0.22070	10692	0	0.24504	0.37366	1	0.24869	0.41381	1	0.24687	0.39373	1	0.42719	0.55008	12.82633	1.00374	1	0.69039	0.56500	13.62522	1.00374	1	-0.01698	-0.01165	0.65267	0.00395	1	0.04905	-0.01487	0.65874	0.00345	1	1.45898	0.81042	0	
1226988	8276.97070	3303569301769	0.27247	0.46955	8276.73633	0.22070	10692	0	0.29682	0.54226	1	0.25831	0.44409	1	0.27757	0.49318	1	0.42715	0.55056	12.82249	1.00374	1	0.69058	0.56524	13.18795	1.00374	1	-0.01698	-0.01165	0.65267	0.00401	1	0.04905	-0.01487	0.65874	0.00355	1	1.45898	0.81042	0	
1226989	8276.97754	3303569372154	0.27625	0.48800	8276.73633	0.22070	10692	0	0.29596	0.58257	1	0.27166	0.46723	1	0.28381	0.52490	1	0.42716	0.55096	12.92541	1.00374	1	0.69026	0.56551	13.43918	1.00374	1	-0.01698	-0.01165	0.65267	0.00407	1	0.04905	-0.01487	0.65874	0.00353	1	1.45898	0.81042	0	
1226990	8276.98438	3303569439914	0.27782	0.49576	8276.96387	0.02051	10693	1	0.29596	0.58257	1	0.26909	0.45551	1	0.28252	0.51904	1	0.42645	0.54841	12.29839	1.00374	1	0.69011	0.56540	12.96890	1.02008	1	-0.01698	-0.01165	0.65267	0.00269	1	0.05165	-0.01569	0.69513	0.00349	1	1.45898	0.81042	0	
1226991	8276.99121	3303569506852	0.27297	0.47795	8276.96387	0.02734	10693	1	0.24587	0.36845	1	0.26128	0.44495	1	0.25358	0.40670	1	0.42649	0.54844	12.11456	1.02008	1	0.69019	0.56531	13.37136	1.03642	1	-0.01698	-0.01165	0.65267	0.00267	1	0.05165	-0.01569	0.69513	0.00348	1	1.45898	0.81042	0	
1226992	8276.99805	3303569573846	0.27424	0.48670	8276.96387	0.03418	10693	1	0.29078	0.64003	1	0.27041	0.42092	1	0.28059	0.53048	1	0.42728	0.55112	13.26253	1.03642	1	0.69021	0.56539	13.06969	1.05276	1	-0.01698	-0.01165	0.65267	0.00395	1	0.05165	-0.01569	0.69513	0.00348	1	1.45898	0.81042	0	
1226993	8277.00488	3303569641004	0.27470	0.49194	8276.96387	0.04102	10693	1	0.28564	0.63139	1	0.26926	0.41536	1	0.27745	0.52337	1	0.42726	0.55058	12.80114	1.05276	1	0.69029	0.56543	13.12218	1.06042	1	-0.01698	-0.01165	0.65267	0.00395	1	0.04981	-0.01515	0.67099	0.00351	1	1.45898	0.81042	0	
1226994	8277.01172	3303569707609	0.27381	0.49356	8276.96387	0.04785	10693	1	0.27640	0.57103	1	0.25883	0.43879	1	0.26762	0.50491	1	0.42717	0.55066	12.87615	1.06042	1	0.69015	0.56505	13.02020	1.05174	1	-0.01698	-0.01165	0.65267	0.00387	1	0.04981	-0.01515	0.67099	0.00369	1	1.45898	0.81042	0	
1226995	8277.01758	3303569774575	0.27593	0.49558	8276.96387	0.05371	10693	1	0.32125	0.55559	1	0.26455	0.46775	1	0.29290	0.51167	1	0.42735	0.55041	12.82992	1.05174	1	0.69017	0.56515	12.99538	1.04306	1	-0.01698	-0.01165	0.65267	0.00381	1	0.04981	-0.01515	0.67099	0.00363	1	1.45898	0.81042	0	
1226996	8277.02441	3303569842698	0.27782	0.49775	8276.96387	0.06055	10693	1	0.32369	0.56081	1	0.26592	0.47373	1	0.29480	0.51727	1	0.42731	0.55022	12.60965	1.04306	1	0.69007	0.56487	13.03719	1.03438	1	-0.01698	-0.01165	0.65267	0.00381	1	0.04981	-0.01505	0.67099	0.00378	1	1.45898	0.81042	0	
1226997	8277.03125	3303569909848	0.27898	0.49977	8276.96387	0.06738	10693	1	0.31161	0.60094	1	0.26943	0.43899	1	0.29052	0.51997	1	0.42714	0.55072	13.17921	1.03438	1	0.69023	0.56485	12.66824	1.03438	1	-0.01698	-0.01165	0.65267	0.00377	1	0.04981	-0.01505	0.67099	0.00371	1	1.45898	0.81042	0	
1226998	8277.03809	3303569975742	0.27730	0.49278	8276.96387	0.07422	10693	1	0.26231	0.38680	1	0.25551	0.44514	1	0.25891	0.41597	1	0.42614	0.54821	11.72221	1.03438	1	0.69009	0.56496	12.92620	1.03438	1	-0.01698	-0.01165	0.65267	0.00263	1	0.04981	-0.01505	0.67099	0.00372	1	1.45898	0.81042	0	
1226999	8277.04492	3303570042540	0.27574	0.48641	8276.96387	0.08105	10693	1	0.25968	0.38053	1	0.25416	0.43941	1	0.25692	0.40997	1	0.42601	0.54823	11.91776	1.04240	1	0.68989	0.56546	13.09511	1.04240	1	-0.01789	-0.01224	0.68547	0.00272	1	0.05030	-0.01515	0.67767	0.00372	1	1.45898	0.81042	0	
1227000	8277.05176	3303570109651	0.27365	0.48018	8276.96387	0.08789	10693	1	0.23744	0.36619	1	0.25561	0.43217	1	0.24653	0.39918	1	0.42601	0.54817	12.00096	1.05041	1	0.69002	0.56505	12.86833	1.05041	1	-0.01789	-0.01224	0.68547	0.00269	1	0.05030	-0.01515	0.67767	0.00358	1	1.45898	0.81042	0	
1227001	8277.05859	3303570177806	0.27156	0.47552	8276.96387	0.09473	10693	1	0.23766	0.36574	1	0.24710	0.45475	1	0.24238	0.41025	1	0.42602	0.54828	12.02752	1.05843	1	0.69006	0.56534	13.18541	1.05843	1	-0.01789	-0.01224	0.68547	0.00269	1	0.05030	-0.01515	0.67767	0.00368	1	1.45898	0.81042	0	
1227002	8277.06445	3303570243530	0.26974	0.47144	8276.96387	0.10059	10693	1	0.23766	0.36574	1	0.24710	0.45475	1	0.24238	0.41025	1	0.42621	0.54812	11.70580	1.05843	1	0.69057	0.56494	12.85431	1.05843	1	-0.01698	-0.01165	0.65267	0.00266	1	0.04981	-0.01505	0.67099	0.00380	1	1.45898	0.81042	0	
1227003	8277.07129	3303570310483	0.26709	0.46742	8276.96387	0.10742	10693	1	0.21320	0.36230	1	0.23623	0.44377	1	0.22472	0.40303	1	0.42640	0.54807	11.68748	1.05041	1	0.69050	0.56501	13.52032	1.05041	1	-0.01698	-0.01165	0.65267	0.00269	1	0.04981	-0.01505	0.67099	0.00369	1	1.45898	0.81042	0	
1227004	8277.07812	3303570377995	0.26210	0.46385	8276.96387	0.11426	10693	1	0.17920	0.35052	1	0.17536	0.45582	1	0.17728	0.40317	1	0.42700	0.54790	11.44095	1.04240	1	0.69062	0.56524	13.84903	1.04240	1	-0.01698	-0.01165	0.65267	0.00251	1	0.04981	-0.01505	0.67099	0.00350	1	1.45898	0.81042	0	
1227005	8277.08496	3303570447017	0.25764	0.46065	8276.96387	0.12109	10693	1	0.17920	0.35052	1	0.17536	0.45582	1	0.17728	0.40317	1	0.43184	0.54913	12.15924	1.04240	1	0.69551	0.56583	14.36691	1.04240	1	-0.01698	-0.01217	0.68189	0.00370	1	0.05097	-0.01515	0.67566	0.00325	1	1.45898	0.81042	0	
1227006	8277.09180	3303570513513	0.26417	0.46244	8276.96387	0.12793	10693	1	0.38957	0.49441	1	0.38706	0.49831	1	0.38831	0.49636	1	0.43285	0.54986	12.71286	1.05041	1	0.69660	0.56542	13.68833	1.05041	1	-0.01698	-0.01217	0.68189	0.00363	1	0.05097	-0.01515	0.67566	0.00331	1	1.45898	0.81042	0	
1227007	8277.09863	3303570578799	0.25920	0.43944	8276.96387	0.12793	10693	0	0.33504	0.54161	1	0.28581	0.42770	1	0.31042	0.48465	1	0.43310	0.54986	13.50981	1.05843	1	0.69641	0.56482	13.37892	1.05843	1	-0.01698	-0.01217	0.68189	0.00316	1	0.05097	-0.01515	0.67566	0.00322	1	1.45898	0.81042	0	
1227008	8277.10547	3303570646001	0.28450	0.46198	8276.96387	0.12793	10693	0	0.33290	0.53671	1	0.28669	0.43233	1	0.30979	0.48452	1	0.43856	0.54938	12.27614	1.06645	1	0.70165	0.56612	13.17877	1.05198	1	-0.01581	-0.01196	0.67589	0.00353	1	0.04970	-0.01461	0.64731	0.00360	1	1.45898	0.81042	0	
1227009	8277.11133	3303570713111	0.38615	0.48050	8276.96387	0.12793	10693	0	0.61665	0.53748	1	0.56228	0.49763	1	0.58946	0.51755	1	0.43959	0.54930	13.19046	1.05198	1	0.70254	0.56579	13.28530	1.03751	1	-0.01581	-0.01196	0.67589	0.00362	1	0.04970	-0.01461	0.64731	0.00368	1	1.45898	0.81042	0	
1227010	8277.11816	3303570780048	0.47193	0.50542	8276.96387	0.12793	10693	0	0.52654	0.50735	1	0.50651	0.52101	1	0.51652	0.51418	1	0.43964	0.54955	13.53133	1.03751	1	0.70243	0.56595	13.13640	1.02304	1	-0.01581	-0.01196	0.67589	0.00341	1	0.04970	-0.01461	0.64731	0.00356	1	1.45898	0.81042	0	
1227011	8277.12500	3303570846673	0.49461	0.51214	8276.96387	0.12793	10693	0	0.52808	0.51672	1	0.50651	0.52101	1	0.51729	0.51886	1	0.44326	0.54928	13.27354	1.02304	1	0.70581	0.56731	13.70315	1.02304	1	-0.01525	-0.01195	0.67794	0.00354	1	0.05295	-0.01542	0.68289	0.00374	1	1.45898	0.81042	0	
1227012	8277.13184	3303570913673	0.56538	0.52722	8276.96387	0.12793	10693	0	0.73749	0.52068	1	0.67633	0.59409	1	0.70691	0.55738	1	0.44380	0.55010	13.63247	1.02304	1	0.70606	0.56674	13.49464	1.03751	1	-0.01525	-0.01195	0.67794	0.00351	1	0.05295	-0.01542	0.68289	0.00362	1	1.45898	0.81042	0	
1227013	8277.13867	3303570980707	0.64492	0.55182	8276.96387	0.12793	10693	0	0.73418	0.53679	1	0.68691	0.62165	1	0.71054	0.57922	1	0.44373	0.54986	13.45695	1.03751	1	0.70621	0.56705	12.97697	1.05198	1	-0.01525	-0.01195	0.67794	0.00360	1	0.05295	-0.01542	0.68289	0.00358	1	1.45898	0.81042	0	
1227014	8277.14551	3303571047444	0.67768	0.56572	8276.96387	0.12793	10693	0	0.73413	0.53720	1	0.68675	0.62203	1	0.71044	0.57961	1	0.44377	0.54991	13.60097	1.03684	1	0.70601	0.56672	13.27220	1.05130	1	-0.01417	-0.01118	0.63416	0.00362	1	0.05234	-0.01518	0.67248	0.00367	1	1.45898	0.81042	0	
1227015	8277.15137	3303571113391	0.69035	0.56216	8276.96387	0.12793	10693	0	0.73428	0.50948	1	0.69709	0.60059	1	0.71568	0.55503	1	0.44372	0.54990	13.59196	1.03616	1	0.70649	0.56684	13.28615	1.03616	1	-0.01417	-0.01118	0.63416	0.00356	1	0.05234	-0.01518	0.67248	0.00370	1	1.45898	0.81042	0	
1227016	8277.15820	3303571181465	0.69418	0.55865	8277.13867	0.01953	10694	1	0.72834	0.51698	1	0.68299	0.57927	1	0.70566	0.54813	1	0.44372	0.54990	13.59196	1.02102	1	0.70628	0.56652	12.83099	1.02102	1	-0.01417	-0.01118	0.63416	0.00356	1	0.05234	-0.01518	0.67248	0.00371	1	1.45898	0.81042	0	
1227017	8277.16504	3303571248843	0.69605	0.55803	8277.13867	0.02637	10694	1	0.72778	0.52211	1	0.67927	0.58903	1	0.70353	0.55557	1	0.44386	0.54970	13.75141	1.01300	1	0.70626	0.56675	13.50211	1.00534	1	-0.01468	-0.01154	0.65494	0.00360	1	0.05124	-0.01488	0.65906	0.00373	1	1.45898	0.81042	0	
1227018	8277.17188	3303571315458	0.69734	0.56351	8277.13867	0.03320	10694	1	0.73946	0.55703	1	0.66817	0.62475	1	0.70382	0.59089	1	0.44393	0.54975	13.72286	1.01247	1	0.70642	0.56690	13.48809	1.00481	1	-0.01468	-0.01154	0.65494	0.00355	1	0.05124	-0.01488	0.65906	0.00374	1	1.45898	0.81042	0	
1227019	8277.17871	3303571382283	0.69929	0.56673	8277.13867	0.04004	10694	1	0.75069	0.55860	1	0.67124	0.61347	1	0.71096	0.58604	1	0.44384	0.54979	13.74738	1.01193	1	0.70643	0.56679	13.34881	1.00428	1	-0.01468	-0.01154	0.65494	0.00352	1	0.05124	-0.01488	0.65906	0.00388	1	1.45898	0.81042	0	
1227020	8277.18555	3303571449133	0.70101	0.56829	8277.13867	0.04688	10694	1	0.75137	0.55408	1	0.67471	0.60442	1	0.71304	0.57925	1	0.44382	0.54915	13.03286	1.01942	1	0.70669	0.56673	13.65271	1.01942	1	-0.01494	-0.01179	0.66866	0.00375	1	0.05234	-0.01518	0.67248	0.00397	1	1.45898	0.81042	0	
1227021	8277.19238	3303571516719	0.70106	0.56511	8277.13867	0.05371	10694	1	0.74774	0.50574	1	0.65523	0.57355	1	0.70148	0.53964	1	0.44405	0.54922	13.38538	1.02743	1	0.70635	0.56659	13.19757	1.03509	1	-0.01494	-0.01179	0.66866	0.00373	1	0.05234	-0.01518	0.67248	0.00391	1	1.45898	0.81042	0	
1227022	8277.19922	3303571583078	0.70190	0.56101	8277.13867	0.06055	10694	1	0.74962	0.47259	1	0.66940	0.57560	1	0.70951	0.52410	1	0.44402	0.54903	13.09169	1.04311	1	0.70664	0.56674	13.65399	1.05077	1	-0.01494	-0.01179	0.66866	0.00372	1	0.05234	-0.01518	0.67248	0.00391	1	1.45898	0.81042	0	
1227023	8277.20508	3303571650338	0.70270	0.55721	8277.13867	0.06641	10694	1	0.75027	0.46748	1	0.67106	0.57095	1	0.71067	0.51921	1	0.44403	0.54861	13.00049	1.05077	1	0.70670	0.56717	13.34474	1.05843	1	-0.01454	-0.01146	0.65272	0.00369	1	0.05234	-0.01518	0.67248	0.00378	1	1.45898	0.81042	0	
1227024	8277.21191	3303571717230	0.70310	0.55425	8277.13867	0.07324	10694	1	0.74386	0.46896	1	0.67110	0.57435	1	0.70748	0.52166	1	0.44380	0.54884	12.91994	1.05041	1	0.70674	0.56675	13.50554	1.05041	1	-0.01454	-0.01146	0.65272	0.00352	1	0.05234	-0.01518	0.67248	0.00351	1	1.45898	0.81042	0	
1227025	8277.21875	3303571784397	0.70355	0.55292	8277.13867	0.08008	10694	1	0.73362	0.45261	1	0.68428	0.62142	1	0.70895	0.53701	1	0.44394	0.54873	13.11235	1.04240	1	0.70689	0.56683	13.35107	1.04240	1	-0.01454	-0.01146	0.65272	0.00367	1	0.05234	-0.01518	0.67248	0.00360	1	1.45898	0.81042	0	
1227026	8277.22559	3303571850472	0.70385	0.55214	8277.13867	0.08691	10694	1	0.73305	0.45812	1	0.68241	0.62598	1	0.70773	0.54205	1	0.44418	0.54903	13.25458	1.03438	1	0.70712	0.56701	13.19722	1.03438	1	-0.01454	-0.01146	0.65272	0.00340	1	0.05234	-0.01518	0.67248	0.00381	1	1.45898	0.81042	0	
1227027	8277.23242	3303571918058	0.70511	0.55143	8277.13867	0.09375	10694	1	0.75719	0.46004	1	0.68847	0.62277	1	0.72283	0.54140	1	0.44405	0.54877	13.22300	1.03438	1	0.70707	0.56704	13.54487	1.03438	1	-0.01454	-0.01146	0.65272	0.00326	1	0.05234	-0.01518	0.67248	0.00373	1	1.45898	0.81042	0	
1227028	8277.23926	3303571985018	0.70624	0.55011	8277.13867	0.10059	10694	1	0.74716	0.44183	1	0.69913	0.61878	1	0.72314	0.53031	1	0.44406	0.54880	13.17221	1.03438	1	0.70728	0.56691	13.42903	1.03438	1	-0.01454	-0.01146	0.65272	0.00330	1	0.05234	-0.01518	0.67248	0.00370	1	1.45898	0.81042	0	
1227029	8277.24609	3303572052898	0.70718	0.54907	8277.13867	0.10742	10694	1	0.74716	0.44183	1	0.69722	0.62320	1	0.72219	0.53251	1	0.44393	0.54870	13.25268	1.03438	1	0.70719	0.56695	13.54651	1.02672	1	-0.01447	-0.01136	0.64995	0.00349	1	0.05189	-0.01504	0.66609	0.00369	1	1.45898	0.81042	0	
1227030	8277.25195	3303572118628	0.70816	0.54852	8277.13867	0.11328	10694	1	0.75163	0.45379	1	0.69814	0.62433	1	0.72489	0.53906	1	0.44412	0.54870	13.13801	1.02672	1	0.70736	0.56684	13.29202	1.01906	1	-0.01447	-0.01136	0.64995	0.00337	1	0.05189	-0.01504	0.66609	0.00367	1	1.45898	0.81042	0	
1227031	8277.25879	3303572185836	0.70863	0.54858	8277.13867	0.12012	10694	1	0.74243	0.48482	1	0.69150	0.61480	1	0.71696	0.54981	1	0.44406	0.54876	13.54193	1.01906	1	0.70717	0.56681	13.49180	1.01140	1	-0.01447	-0.01136	0.64995	0.00341	1	0.05189	-0.01504	0.66609	0.00365	1	1.45898	0.81042	0	
1227032	8277.26562	3303572252372	0.70894	0.54899	8277.13867	0.12695	10694	1	0.74180	0.48997	1	0.68792	0.62338	1	0.71486	0.55667	1	0.44416	0.54902	13.21769	1.01140	1	0.70694	0.56692	13.71465	0.99693	1	-0.01447	-0.01136	0.64995	0.00338	1	0.04990	-0.01445	0.63996	0.00360	1	1.45898	0.81042	0	
1227033	8277.27246	3303572320894	0.70954	0.54981	8277.13867	0.13379	10694	1	0.75800	0.50307	1	0.68503	0.62935	1	0.72151	0.56621	1	0.44407	0.54881	13.23296	0.99693	1	0.70716	0.56686	13.45337	0.99013	1	-0.01447	-0.01136	0.64995	0.00328	1	0.04990	-0.01445	0.63996	0.00370	1	1.45898	0.81042	0	
1227034	8277.27930	3303572387384	0.70980	0.55026	8277.13867	0.14062	10694	1	0.74894	0.48318	1	0.68159	0.63637	1	0.71527	0.55978	1	0.44420	0.54867	13.18776	0.99013	1	0.70714	0.56698	13.50613	0.98332	1	-0.01447	-0.01136	0.64995	0.00345	1	0.04990	-0.01445	0.63996	0.00370	1	1.45898	0.81042	0	
1227035	8277.28613	3303572453745	0.70998	0.55087	8277.13867	0.14746	10694	1	0.74834	0.48790	1	0.67992	0.64037	1	0.71413	0.56413	1	0.44413	0.54883	13.28443	0.98332	1	0.70694	0.56697	13.59481	0.97651	1	-0.01473	-0.01151	0.66132	0.00334	1	0.05010	-0.01455	0.64249	0.00366	1	1.45898	0.81042	0	
1227036	8277.29297	3303572522041	0.70977	0.55232	8277.13867	0.15430	10694	1	0.73242	0.50926	1	0.67708	0.66237	1	0.70475	0.58581	1	0.44397	0.54897	13.20823	0.97651	1	0.70710	0.56717	13.67415	0.97651	1	-0.01473	-0.01151	0.66132	0.00335	1	0.05010	-0.01455	0.64249	0.00360	1	1.45898	0.81042	0	
1227037	8277.29980	3303572588507	0.71015	0.55356	8277.13867	0.16113	10694	1	0.76796	0.51482	1	0.67095	0.65197	1	0.71946	0.58339	1	0.44415	0.54887	12.94661	0.97651	1	0.70702	0.56706	13.58915	0.97651	1	-0.01473	-0.01151	0.66132	0.00340	1	0.05010	-0.01455	0.64249	0.00370	1	1.45898	0.81042	0	
1227038	8277.30566	3303572654606	0.71057	0.55452	8277.13867	0.16699	10694	1	0.76884	0.50945	1	0.67284	0.64736	1	0.72084	0.57840	1	0.44418	0.54885	13.06680	0.98453	1	0.70690	0.56678	13.53228	0.98453	1	-0.01516	-0.01189	0.68317	0.00343	1	0.05010	-0.01455	0.64249	0.00381	1	1.45898	0.81042	0	
1227039	8277.31250	3303572721679	0.70997	0.55403	8277.13867	0.17383	10694	1	0.73279	0.47838	1	0.65631	0.60425	1	0.69455	0.54131	1	0.44414	0.54878	13.26961	0.99254	1	0.70671	0.56660	13.02896	0.99254	1	-0.01516	-0.01189	0.68317	0.00338	1	0.05010	-0.01455	0.64249	0.00386	1	1.45898	0.81042	0	
1227040	8277.31934	3303572786743	0.70996	0.55441	8277.13867	0.18066	10694	1	0.74910	0.49646	1	0.67042	0.63260	1	0.70976	0.56453	1	0.44411	0.54883	13.29824	1.00056	1	0.70688	0.56692	12.61470	1.00056	1	-0.01516	-0.01189	0.68317	0.00334	1	0.05010	-0.01455	0.64249	0.00379	1	1.45898	0.81042	0	
1227041	8277.32520	3303572851529	0.70998	0.55469	8277.13867	0.18652	10694	1	0.74910	0.49646	1	0.67199	0.62865	1	0.71055	0.56255	1	0.44418	0.54878	13.25780	1.00056	1	0.70688	0.56691	12.58740	1.00737	1	-0.01447	-0.01136	0.64995	0.00333	1	0.05154	-0.01496	0.66035	0.00380	1	1.45898	0.81042	0	
1227042	8277.33301	3303572921721	0.70989	0.55497	8277.13867	0.19434	10694	1	0.73752	0.46234	1	0.67684	0.66376	1	0.70718	0.56305	1	0.44401	0.54884	12.91714	0.99935	1	0.70697	0.56723	13.67240	1.00616	1	-0.01447	-0.01136	0.64995	0.00337	1	0.05154	-0.01496	0.66035	0.00366	1	1.45898	0.81042	0	
1227043	8277.33984	3303572990288	0.70998	0.55560	8277.13867	0.20117	10694	1	0.74697	0.49119	1	0.67823	0.65806	1	0.71260	0.57462	1	0.44411	0.54873	13.09683	0.99814	1	0.70698	0.56716	13.60994	1.00495	1	-0.01447	-0.01136	0.64995	0.00333	1	0.05154	-0.01496	0.66035	0.00367	1	1.45898	0.81042	0	
1227044	8277.34570	3303573053589	0.71005	0.55622	8277.13867	0.20703	10694	1	0.74687	0.49201	1	0.67794	0.65872	1	0.71241	0.57537	1	0.44423	0.54836	12.98822	0.99693	1	0.70713	0.56796	13.77120	1.00374	1	-0.01454	-0.01146	0.65272	0.00354	1	0.05154	-0.01496	0.66035	0.00368	1	1.45898	0.81042	0	
1227045	8277.35254	3303573121402	0.71029	0.55656	8277.13867	0.21387	10694	1	0.74839	0.43524	1	0.68741	0.69962	1	0.71790	0.56743	1	0.44416	0.54823	12.74415	1.00374	1	0.70715	0.56781	13.55890	1.00374	1	-0.01454	-0.01146	0.65272	0.00359	1	0.05154	-0.01496	0.66035	0.00378	1	1.45898	0.81042	0	
1227046	8277.35938	3303573188091	0.71036	0.55730	8277.13867	0.22070	10694	1	0.73871	0.46898	1	0.68620	0.69492	1	0.71245	0.58195	1	0.44419	0.54883	13.15376	1.00374	1	0.70716	0.56783	13.58218	1.00374	1	-0.01454	-0.01146	0.65272	0.00356	1	0.05154	-0.01496	0.66035	0.00371	1	1.45898	0.81042	0	
1227047	8277.36621	3303573255499	0.71045	0.55787	8277.13867	0.22754	10694	1	0.73934	0.46338	1	0.68816	0.69078	1	0.71375	0.57708	1	0.44424	0.54855	13.02491	1.01176	1	0.70725	0.56740	13.41868	1.01176	1	-0.01512	-0.01195	0.68111	0.00352	1	0.05200	-0.01524	0.66624	0.00386	1	1.45898	0.81042	0	
1227048	8277.37305	3303573320856	0.71081	0.55838	8277.13867	0.23438	10694	1	0.74741	0.48369	1	0.69902	0.66900	1	0.72322	0.57635	1	0.44423	0.54901	12.86714	1.01978	1	0.70729	0.56746	13.39729	1.01978	1	-0.01512	-0.01195	0.68111	0.00338	1	0.05200	-0.01524	0.66624	0.00388	1	1.45898	0.81042	0	
1227049	8277.37988	3303573391934	0.71118	0.55876	8277.13867	0.24121	10694	1	0.75254	0.45815	1	0.69689	0.68675	1	0.72472	0.57245	1	0.44430	0.54879	12.80392	1.02779	1	0.70724	0.56778	13.27554	1.02779	1	-0.01512	-0.01195	0.68111	0.00364	1	0.05200	-0.01524	0.66624	0.00403	1	1.45898	0.81042	0	
1227050	8277.38672	3303573458750	0.71157	0.55900	8277.13867	0.24805	10694	1	0.75325	0.45261	1	0.69889	0.68264	1	0.72607	0.56762	1	0.44424	0.54905	12.56406	1.03581	1	0.70709	0.56804	13.47441	1.03581	1	-0.01516	-0.01204	0.68300	0.00348	1	0.05200	-0.01524	0.66624	0.00378	1	1.45898	0.81042	0	
1227051	8277.39258	3303573525403	0.71191	0.55962	8277.13867	0.25391	10694	1	0.75429	0.46321	1	0.69462	0.70341	1	0.72446	0.58331	1	0.44421	0.54944	12.64581	1.03581	1	0.70715	0.56782	13.52683	1.03581	1	-0.01516	-0.01204	0.68300	0.00346	1	0.05200	-0.01524	0.66624	0.00395	1	1.45898	0.81042	0	
1227052	8277.39941	3303573592307	0.71235	0.55849	8277.13867	0.26074	10694	1	0.75197	0.43338	1	0.70750	0.59548	1	0.72974	0.51443	1	0.44422	0.54966	12.74089	1.03581	1	0.70731	0.56758	13.41947	1.03581	1	-0.01516	-0.01204	0.68300	0.00349	1	0.05200	-0.01524	0.66624	0.00402	1	1.45898	0.81042	0	
1227053	8277.40625	3303573659959	0.71278	0.55741	8277.13867	0.26758	10694	1	0.75197	0.43338	1	0.70750	0.59548	1	0.72974	0.51443	1	0.44403	0.54993	12.83427	1.03581	1	0.70709	0.56802	13.69867	1.03581	1	-0.01516	-0.01204	0.68300	0.00334	1	0.05154	-0.01515	0.66035	0.00367	1	1.45898	0.81042	0	
1227054	8277.41309	3303573726764	0.71301	0.55755	8277.13867	0.27441	10694	1	0.75065	0.47583	1	0.69471	0.65069	1	0.72268	0.56326	1	0.44412	0.54996	12.68040	1.03581	1	0.70717	0.56836	13.35642	1.03581	1	-0.01516	-0.01204	0.68300	0.00344	1	0.05154	-0.01515	0.66035	0.00374	1	1.45898	0.81042	0	
1227055	8277.41992	3303573793915	0.71309	0.55718	8277.13867	0.28125	10694	1	0.73793	0.44346	1	0.69470	0.63981	1	0.71632	0.54163	1	0.44395	0.54979	12.48313	1.03581	1	0.70721	0.56820	13.26040	1.03581	1	-0.01516	-0.01204	0.68300	0.00341	1	0.05154	-0.01515	0.66035	0.00374	1	1.45898	0.81042	0	
1227056	8277.42676	3303573860721	0.71316	0.55683	8277.13867	0.28809	10694	1	0.73793	0.44346	1	0.69470	0.63981	1	0.71632	0.54163	1	0.44415	0.55015	12.91668	1.03581	1	0.70714	0.56845	13.14547	1.03581	1	-0.01516	-0.01209	0.68317	0.00340	1	0.05154	-0.01515	0.66035	0.00367	1	1.45898	0.81042	0	
1227057	8277.43359	3303573927726	0.71339	0.55709	8277.13867	0.29492	10694	1	0.75713	0.50490	1	0.68937	0.63243	1	0.72325	0.56867	1	0.44418	0.55032	13.12081	1.03581	1	0.70712	0.56814	12.94309	1.03581	1	-0.01516	-0.01209	0.68317	0.00339	1	0.05154	-0.01515	0.66035	0.00375	1	1.45898	0.81042	0	
1227058	8277.43945	3303573994288	0.71359	0.55751	8277.13867	0.30078	10694	1	0.74996	0.49977	1	0.69589	0.65310	1	0.72292	0.57643	1	0.44412	0.55017	13.12084	1.03581	1	0.70719	0.56838	12.98828	1.03581	1	-0.01516	-0.01209	0.68317	0.00341	1	0.05154	-0.01515	0.66035	0.00379	1	1.45898	0.81042	0	
1227059	8277.44629	3303574062029	0.71379	0.55792	8277.13867	0.30762	10694	1	0.74996	0.49977	1	0.69589	0.65310	1	0.72292	0.57643	1	0.44437	0.55048	12.76889	1.03581	1	0.70714	0.56820	12.91327	1.03581	1	-0.01516	-0.01209	0.68317	0.00346	1	0.05200	-0.01534	0.66624	0.00379	1	1.45898	0.81042	0	
1227060	8277.45312	3303574128850	0.71407	0.55790	8277.13867	0.31445	10694	1	0.76454	0.49609	1	0.68977	0.61858	1	0.72716	0.55734	1	0.44437	0.55037	12.61402	1.03581	1	0.70709	0.56811	12.84905	1.03581	1	-0.01516	-0.01209	0.68317	0.00359	1	0.05200	-0.01534	0.66624	0.00372	1	1.45898	0.81042	0	
1227061	8277.45996	3303574195324	0.71570	0.55867	8277.13867	0.32129	10694	1	0.76889	0.51222	1	0.67740	0.66458	1	0.72314	0.58840	1	0.44435	0.55040	12.60013	1.03581	1	0.70696	0.56838	13.00606	1.03581	1	-0.01516	-0.01209	0.68317	0.00354	1	0.05200	-0.01534	0.66624	0.00383	1	1.45898	0.81042	0	
1227062	8277.46680	3303574262573	0.71595	0.55890	8277.13867	0.32812	10694	1	0.76806	0.51730	1	0.67731	0.66477	1	0.72269	0.59104	1	0.44395	0.55020	12.30972	1.02779	1	0.70644	0.56757	13.27047	1.03545	1	-0.01468	-0.01164	0.65494	0.00363	1	0.05344	-0.01576	0.68656	0.00366	1	1.45898	0.81042	0	
1227063	8277.47363	3303574329868	0.71609	0.55958	8277.13867	0.33496	10694	1	0.75191	0.49312	1	0.69239	0.68197	1	0.72215	0.58755	1	0.44313	0.55028	12.63279	1.02743	1	0.70625	0.56811	13.30566	1.03509	1	-0.01468	-0.01164	0.65494	0.00344	1	0.05344	-0.01576	0.68656	0.00363	1	1.45898	0.81042	0	
1227064	8277.48047	3303574396893	0.71718	0.55990	8277.13867	0.34180	10694	1	0.77809	0.45522	1	0.73816	0.67158	1	0.75813	0.56340	1	0.44278	0.54931	12.75046	1.02708	1	0.70636	0.56750	12.95752	1.03474	1	-0.01468	-0.01164	0.65494	0.00318	1	0.05344	-0.01576	0.68656	0.00379	1	1.45898	0.81042	0	
1227065	8277.48730	3303574463683	0.71835	0.55997	8277.13867	0.34863	10694	1	0.77894	0.44991	1	0.74035	0.66755	1	0.75965	0.55873	1	0.43913	0.54883	11.35497	1.03474	1	0.70236	0.56669	12.15710	1.04240	1	-0.01581	-0.01186	0.67589	0.00359	1	0.05255	-0.01542	0.68309	0.00388	1	1.45898	0.81042	0	
1227066	8277.49316	3303574530163	0.71585	0.55869	8277.13867	0.35449	10694	1	0.63126	0.48332	1	0.53621	0.57629	1	0.58374	0.52980	1	0.43864	0.54906	12.32267	1.05041	1	0.70143	0.56612	12.72099	1.05041	1	-0.01581	-0.01186	0.67589	0.00352	1	0.05255	-0.01542	0.68309	0.00365	1	1.45898	0.81042	0	
1227067	8277.50000	3303574598080	0.71395	0.55795	8277.13867	0.36133	10694	1	0.63539	0.50240	1	0.60463	0.59802	1	0.62001	0.55021	1	0.43839	0.54909	11.95251	1.05843	1	0.70164	0.56646	13.62255	1.05843	1	-0.01581	-0.01186	0.67589	0.00350	1	0.05255	-0.01542	0.68309	0.00344	1	1.45898	0.81042	0	
1227068	8277.50684	3303574663248	0.71204	0.55713	8277.13867	0.36816	10694	1	0.63518	0.49154	1	0.60730	0.58813	1	0.62124	0.53984	1	0.43723	0.54855	11.70788	1.07553	1	0.70006	0.56583	12.69985	1.07553	1	-0.01661	-0.01226	0.69873	0.00389	1	0.05252	-0.01545	0.68674	0.00362	1	1.45898	0.81042	0	
1227069	8277.51367	3303574727210	0.70849	0.55593	8277.13867	0.37500	10694	1	0.55787	0.46990	1	0.50380	0.49420	1	0.53084	0.48205	1	0.43719	0.54895	11.84757	1.08462	1	0.70003	0.56557	12.46578	1.08462	1	-0.01661	-0.01226	0.69873	0.00383	1	0.05252	-0.01545	0.68674	0.00369	1	1.45898	0.81042	0	
1227070	8277.52051	3303574797677	0.66878	0.55084	8277.13867	0.37500	10694	0	0.55809	0.46870	1	0.50921	0.50178	1	0.53365	0.48524	1	0.43719	0.54892	11.74671	1.09370	1	0.70006	0.56567	12.47331	1.09370	1	-0.01661	-0.01226	0.69873	0.00387	1	0.05252	-0.01545	0.68674	0.00370	1	1.45898	0.81042	0	
1227071	8277.52734	3303574865731	0.60109	0.51927	8277.13867	0.37500	10694	0	0.55809	0.46870	1	0.50870	0.50670	1	0.53340	0.48770	1	0.43774	0.54957	12.47829	1.09370	1	0.69987	0.56561	12.02950	1.08604	1	-0.01614	-0.01195	0.68117	0.00369	1	0.05102	-0.01499	0.66639	0.00378	1	1.45898	0.81042	0	
1227072	8277.53320	3303574930325	0.57979	0.50971	8277.13867	0.37500	10694	0	0.56824	0.44943	1	0.50615	0.53174	1	0.53720	0.49058	1	0.43737	0.54893	11.62455	1.07696	1	0.70009	0.56583	12.38128	1.06930	1	-0.01614	-0.01195	0.68117	0.00372	1	0.05102	-0.01499	0.66639	0.00372	1	1.45898	0.81042	0	
1227073	8277.54004	3303574999565	0.53185	0.49279	8277.13867	0.37500	10694	0	0.54259	0.47862	1	0.50734	0.52158	1	0.52496	0.50010	1	0.43694	0.54894	11.45091	1.06021	1	0.70006	0.56568	12.22659	1.05255	1	-0.01614	-0.01195	0.68117	0.00373	1	0.05102	-0.01499	0.66639	0.00364	1	1.45898	0.81042	0	
1227074	8277.54688	3303575066521	0.52863	0.50068	8277.13867	0.37500	10694	0	0.54410	0.48967	1	0.50673	0.52747	1	0.52542	0.50857	1	0.43724	0.54938	12.02359	1.04347	1	0.69974	0.56597	12.87480	1.04347	1	-0.01636	-0.01204	0.68615	0.00360	1	0.05252	-0.01545	0.68674	0.00361	1	1.45898	0.81042	0	
1227075	8277.55371	3303575133646	0.52827	0.50940	8277.13867	0.37500	10694	0	0.56493	0.54901	1	0.49013	0.50468	1	0.52753	0.52684	1	0.43718	0.54963	12.09458	1.04347	1	0.69986	0.56520	12.18595	1.05113	1	-0.01636	-0.01204	0.68615	0.00357	1	0.05252	-0.01545	0.68674	0.00394	1	1.45898	0.81042	0	
1227076	8277.56055	3303575200126	0.52626	0.52174	8277.54004	0.02051	10695	1	0.54468	0.53886	1	0.49581	0.57868	1	0.52025	0.55877	1	0.43687	0.54949	11.46568	1.05113	1	0.69982	0.56584	12.85729	1.05879	1	-0.01636	-0.01204	0.68615	0.00356	1	0.05252	-0.01545	0.68674	0.00359	1	1.45898	0.81042	0	
1227077	8277.56738	3303575267164	0.52503	0.52823	8277.54004	0.02734	10695	1	0.54400	0.53420	1	0.49624	0.57416	1	0.52012	0.55418	1	0.43696	0.54910	11.37284	1.05879	1	0.70003	0.56495	12.07485	1.06645	1	-0.01636	-0.01204	0.68615	0.00369	1	0.05252	-0.01545	0.68674	0.00387	1	1.45898	0.81042	0	
1227078	8277.57422	3303575334300	0.52543	0.52790	8277.54004	0.03418	10695	1	0.54906	0.49920	1	0.50574	0.55329	1	0.52740	0.52625	1	0.43696	0.54910	11.37284	1.06645	1	0.70002	0.56556	12.33500	1.06645	1	-0.01636	-0.01204	0.68615	0.00369	1	0.05252	-0.01545	0.68674	0.00370	1	1.45898	0.81042	0	
1227079	8277.58105	3303575401508	0.52571	0.52369	8277.54004	0.04102	10695	1	0.55280	0.50373	1	0.50201	0.49316	1	0.52741	0.49844	1	0.43697	0.54937	11.55107	1.06645	1	0.69998	0.56504	11.87826	1.06645	1	-0.01636	-0.01204	0.68615	0.00359	1	0.05252	-0.01545	0.68674	0.00397	1	1.45898	0.81042	0	
1227080	8277.58691	3303575468635	0.52589	0.52086	8277.54004	0.04688	10695	1	0.55280	0.50373	1	0.50154	0.49826	1	0.52717	0.50099	1	0.43732	0.54944	12.05944	1.06645	1	0.70010	0.56530	12.23330	1.05879	1	-0.01636	-0.01204	0.68615	0.00355	1	0.05102	-0.01494	0.66639	0.00389	1	1.45898	0.81042	0	
1227081	8277.59375	3303575535214	0.52662	0.51993	8277.54004	0.05371	10695	1	0.55898	0.46968	1	0.50582	0.55538	1	0.53240	0.51253	1	0.43718	0.54938	12.00416	1.05879	1	0.70005	0.56539	11.93852	1.05113	1	-0.01636	-0.01204	0.68615	0.00361	1	0.05102	-0.01494	0.66639	0.00384	1	1.45898	0.81042	0	
1227082	8277.60059	3303575602522	0.52742	0.51883	8277.54004	0.06055	10695	1	0.56303	0.48286	1	0.50623	0.53492	1	0.53463	0.50889	1	0.43727	0.54940	12.07124	1.05113	1	0.70010	0.56540	12.41512	1.04347	1	-0.01636	-0.01204	0.68615	0.00362	1	0.05102	-0.01494	0.66639	0.00361	1	1.45898	0.81042	0	
1227083	8277.60742	3303575669934	0.52810	0.51815	8277.54004	0.06738	10695	1	0.56359	0.48792	1	0.50623	0.53492	1	0.53491	0.51142	1	0.43716	0.54938	12.04420	1.04347	1	0.70016	0.56514	12.22132	1.04347	1	-0.01636	-0.01204	0.68615	0.00356	1	0.05252	-0.01535	0.68674	0.00380	1	1.45898	0.81042	0	
1227084	8277.61426	3303575736476	0.52860	0.51953	8277.54004	0.07422	10695	1	0.55987	0.52093	1	0.50834	0.54841	1	0.53410	0.53467	1	0.43710	0.54932	11.94596	1.04347	1	0.70010	0.56544	12.52969	1.05113	1	-0.01636	-0.01204	0.68615	0.00365	1	0.05252	-0.01535	0.68674	0.00361	1	1.45898	0.81042	0	
1227085	8277.62109	3303575802936	0.52925	0.51662	8277.54004	0.08105	10695	1	0.56459	0.46324	1	0.50955	0.50011	1	0.53707	0.48167	1	0.43723	0.54923	11.92402	1.05113	1	0.70005	0.56509	12.26281	1.05879	1	-0.01636	-0.01204	0.68615	0.00362	1	0.05252	-0.01535	0.68674	0.00379	1	1.45898	0.81042	0	
1227086	8277.62793	3303575870211	0.52981	0.51375	8277.54004	0.08789	10695	1	0.56403	0.45803	1	0.51008	0.49502	1	0.53705	0.47652	1	0.43743	0.54945	12.02578	1.05879	1	0.69998	0.56457	12.00919	1.06645	1	-0.01636	-0.01204	0.68615	0.00360	1	0.05252	-0.01535	0.68674	0.00391	1	1.45898	0.81042	0	
1227087	8277.63379	3303575937190	0.53053	0.51226	8277.54004	0.09375	10695	1	0.57125	0.51097	1	0.51015	0.47177	1	0.54070	0.49137	1	0.43736	0.54949	12.07444	1.06645	1	0.70009	0.56489	12.24219	1.06645	1	-0.01636	-0.01204	0.68615	0.00357	1	0.05252	-0.01535	0.68674	0.00380	1	1.45898	0.81042	0	
1227088	8277.64062	3303576004589	0.53120	0.51132	8277.54004	0.10059	10695	1	0.57276	0.49942	1	0.50946	0.49489	1	0.54111	0.49716	1	0.43741	0.54933	11.91915	1.06645	1	0.70004	0.56490	12.29726	1.06645	1	-0.01636	-0.01204	0.68615	0.00364	1	0.05252	-0.01535	0.68674	0.00382	1	1.45898	0.81042	0	
1227089	8277.64746	3303576071156	0.53178	0.51048	8277.54004	0.10742	10695	1	0.57276	0.49942	1	0.50946	0.49489	1	0.54111	0.49716	1	0.43729	0.54934	11.99543	1.06645	1	0.70008	0.56543	12.51560	1.06645	1	-0.01636	-0.01204	0.68615	0.00361	1	0.05252	-0.01525	0.68674	0.00358	1	1.45898	0.81042	0	
1227090	8277.65430	3303576138073	0.53203	0.51094	8277.54004	0.11426	10695	1	0.56694	0.49196	1	0.50578	0.54522	1	0.53636	0.51859	1	0.43731	0.54925	11.99109	1.06645	1	0.70005	0.56527	12.41796	1.06645	1	-0.01636	-0.01204	0.68615	0.00355	1	0.05252	-0.01525	0.68674	0.00355	1	1.45898	0.81042	0	
1227091	8277.66016	3303576200635	0.53236	0.51234	8277.54004	0.12012	10695	1	0.56694	0.49196	1	0.50952	0.58342	1	0.53823	0.53769	1	0.43731	0.54925	11.99109	1.06645	1	0.70009	0.56537	12.49243	1.06645	1	-0.01636	-0.01204	0.68615	0.00355	1	0.05252	-0.01525	0.68674	0.00350	1	1.45898	0.81042	0	
1227092	8277.66699	3303576269281	0.53264	0.51372	8277.54004	0.12695	10695	1	0.56694	0.49196	1	0.50899	0.58788	1	0.53796	0.53992	1	0.43751	0.54911	11.46887	1.06645	1	0.70008	0.56539	12.63213	1.05879	1	-0.01614	-0.01195	0.68117	0.00373	1	0.05102	-0.01479	0.66639	0.00355	1	1.45898	0.81042	0	
1227093	8277.67383	3303576335901	0.53227	0.51266	8277.54004	0.13379	10695	1	0.54066	0.43118	1	0.50913	0.55151	1	0.52490	0.49134	1	0.43698	0.54839	11.41796	1.05879	1	0.70010	0.56507	12.47661	1.05113	1	-0.01614	-0.01195	0.68117	0.00336	1	0.05102	-0.01479	0.66639	0.00357	1	1.45898	0.81042	0	
1227094	8277.68066	3303576403040	0.53162	0.51246	8277.54004	0.14062	10695	1	0.54624	0.46172	1	0.48986	0.55476	1	0.51805	0.50824	1	0.43698	0.54849	11.23711	1.05113	1	0.70016	0.56511	12.40553	1.04347	1	-0.01614	-0.01195	0.68117	0.00334	1	0.05102	-0.01479	0.66639	0.00361	1	1.45898	0.81042	0	
1227095	8277.68750	3303576470953	0.53105	0.51239	8277.54004	0.14746	10695	1	0.54691	0.46694	1	0.48986	0.55476	1	0.51839	0.51085	1	0.43712	0.54829	11.99065	1.04347	1	0.70036	0.56523	12.06685	1.04347	1	-0.01614	-0.01195	0.68117	0.00339	1	0.05266	-0.01525	0.68713	0.00364	1	1.45898	0.81042	0	
1227096	8277.69434	3303576537395	0.53043	0.51213	8277.54004	0.15430	10695	1	0.53922	0.45707	1	0.49308	0.55558	1	0.51615	0.50632	1	0.43717	0.54868	11.95452	1.04347	1	0.70024	0.56512	11.68117	1.05113	1	-0.01614	-0.01195	0.68117	0.00330	1	0.05266	-0.01525	0.68713	0.00366	1	1.45898	0.81042	0	
1227097	8277.70117	3303576603368	0.53027	0.51186	8277.54004	0.16113	10695	1	0.54236	0.43428	1	0.51076	0.57653	1	0.52656	0.50541	1	0.43728	0.54835	12.06290	1.05113	1	0.70053	0.56529	11.93981	1.05879	1	-0.01614	-0.01195	0.68117	0.00349	1	0.05266	-0.01525	0.68713	0.00362	1	1.45898	0.81042	0	
1227098	8277.70801	3303576672060	0.53013	0.51142	8277.54004	0.16797	10695	1	0.54166	0.42886	1	0.51129	0.57200	1	0.52648	0.50043	1	0.43761	0.54851	11.54762	1.05879	1	0.70051	0.56518	11.68286	1.06645	1	-0.01633	-0.01204	0.68902	0.00342	1	0.05266	-0.01525	0.68713	0.00370	1	1.45898	0.81042	0	
1227099	8277.71387	3303576738229	0.52981	0.51010	8277.54004	0.17383	10695	1	0.53810	0.41849	1	0.50500	0.53276	1	0.52155	0.47563	1	0.43769	0.54834	11.30108	1.06645	1	0.70041	0.56492	11.51408	1.06645	1	-0.01633	-0.01204	0.68902	0.00349	1	0.05266	-0.01525	0.68713	0.00360	1	1.45898	0.81042	0	
1227100	8277.72070	3303576805008	0.52889	0.50726	8277.54004	0.18066	10695	1	0.52808	0.38130	1	0.48011	0.47999	1	0.50410	0.43065	1	0.43753	0.54816	10.95796	1.06645	1	0.70041	0.56442	11.22683	1.06645	1	-0.01633	-0.01204	0.68902	0.00357	1	0.05266	-0.01525	0.68713	0.00379	1	1.45898	0.81042	0	
1227101	8277.72754	3303576870262	0.52804	0.50482	8277.54004	0.18750	10695	1	0.52890	0.38731	1	0.47978	0.48541	1	0.50434	0.43636	1	0.43761	0.54836	11.32814	1.05843	1	0.70038	0.56435	11.11912	1.05843	1	-0.01540	-0.01130	0.65198	0.00368	1	0.05266	-0.01525	0.68713	0.00376	1	1.45898	0.81042	0	
1227102	8277.73438	3303576938921	0.52767	0.50411	8277.54004	0.19434	10695	1	0.54407	0.42922	1	0.48930	0.53828	1	0.51669	0.48375	1	0.43775	0.54854	11.78140	1.05041	1	0.70055	0.56448	11.45295	1.05041	1	-0.01540	-0.01130	0.65198	0.00360	1	0.05266	-0.01525	0.68713	0.00369	1	1.45898	0.81042	0	
1227103	8277.74121	3303577006273	0.52756	0.50467	8277.54004	0.20117	10695	1	0.54764	0.48664	1	0.50127	0.55624	1	0.52446	0.52144	1	0.43782	0.54844	11.45114	1.04240	1	0.70085	0.56455	12.01810	1.04240	1	-0.01540	-0.01130	0.65198	0.00364	1	0.05266	-0.01525	0.68713	0.00365	1	1.45898	0.81042	0	
1227104	8277.74805	3303577073975	0.52746	0.50527	8277.54004	0.20801	10695	1	0.54764	0.48664	1	0.50079	0.56099	1	0.52422	0.52381	1	0.43806	0.54784	11.51535	1.04240	1	0.70091	0.56481	12.34345	1.03474	1	-0.01610	-0.01192	0.68809	0.00370	1	0.05057	-0.01456	0.65795	0.00369	1	1.45898	0.81042	0	
1227105	8277.75488	3303577140115	0.52755	0.50524	8277.54004	0.21484	10695	1	0.58075	0.44841	1	0.48023	0.56042	1	0.53049	0.50441	1	0.43833	0.54807	11.81461	1.04275	1	0.70088	0.56469	11.96414	1.03509	1	-0.01610	-0.01192	0.68809	0.00357	1	0.05057	-0.01456	0.65795	0.00380	1	1.45898	0.81042	0	
1227106	8277.76074	3303577206045	0.52677	0.50596	8277.54004	0.22070	10695	1	0.51583	0.44638	1	0.48612	0.61264	1	0.50098	0.52951	1	0.43805	0.54785	11.50734	1.04311	1	0.70098	0.56514	12.41387	1.03545	1	-0.01610	-0.01192	0.68809	0.00362	1	0.05057	-0.01456	0.65795	0.00366	1	1.45898	0.81042	0	
1227107	8277.76855	3303577276748	0.52604	0.50671	8277.54004	0.22852	10695	1	0.51671	0.45177	1	0.48612	0.61264	1	0.50141	0.53221	1	0.43842	0.54834	11.66882	1.03545	1	0.70121	0.56455	11.43366	1.03545	1	-0.01544	-0.01142	0.66224	0.00348	1	0.05255	-0.01511	0.68309	0.00364	1	1.45898	0.81042	0	
1227108	8277.77441	3303577343333	0.52581	0.50716	8277.54004	0.23438	10695	1	0.55323	0.51061	1	0.48194	0.53536	1	0.51758	0.52298	1	0.43857	0.54849	11.57335	1.02743	1	0.70129	0.56430	11.32416	1.03509	1	-0.01544	-0.01142	0.66224	0.00358	1	0.05255	-0.01511	0.68309	0.00370	1	1.45898	0.81042	0	
1227109	8277.78125	3303577411150	0.52554	0.50797	8277.54004	0.24121	10695	1	0.55182	0.53804	1	0.47988	0.53627	1	0.51585	0.53715	1	0.43853	0.54846	11.53966	1.02708	1	0.70127	0.56432	11.30602	1.03474	1	-0.01544	-0.01142	0.66224	0.00356	1	0.05255	-0.01511	0.68309	0.00372	1	1.45898	0.81042	0	
1227110	8277.78809	3303577478244	0.52528	0.50861	8277.54004	0.24805	10695	1	0.55117	0.53327	1	0.48020	0.53134	1	0.51568	0.53230	1	0.43900	0.54814	12.05337	1.03474	1	0.70169	0.56463	12.21202	1.04240	1	-0.01645	-0.01228	0.71207	0.00349	1	0.05221	-0.01501	0.67602	0.00379	1	1.45898	0.81042	0	
1227111	8277.79492	3303577544846	0.52488	0.50833	8277.54004	0.25488	10695	1	0.51935	0.45589	1	0.50036	0.53920	1	0.50985	0.49754	1	0.43892	0.54780	11.27184	1.05041	1	0.70193	0.56497	11.99064	1.05041	1	-0.01645	-0.01228	0.71207	0.00351	1	0.05221	-0.01501	0.67602	0.00376	1	1.45898	0.81042	0	
1227112	8277.80176	3303577609558	0.52470	0.50807	8277.54004	0.26172	10695	1	0.53097	0.50178	1	0.50437	0.49407	1	0.51767	0.49792	1	0.43899	0.54797	11.31028	1.05843	1	0.70195	0.56463	12.18292	1.05843	1	-0.01645	-0.01228	0.71207	0.00344	1	0.05221	-0.01501	0.67602	0.00384	1	1.45898	0.81042	0	
1227113	8277.80859	3303577678950	0.52453	0.50769	8277.54004	0.26855	10695	1	0.53017	0.49665	1	0.50488	0.48869	1	0.51753	0.49267	1	0.43934	0.54802	11.86477	1.06645	1	0.70201	0.56442	11.30212	1.06645	1	-0.01574	-0.01183	0.68605	0.00360	1	0.05221	-0.01501	0.67602	0.00372	1	1.45898	0.81042	0	
1227114	8277.81543	3303577745911	0.52449	0.50743	8277.54004	0.27539	10695	1	0.56200	0.49234	1	0.48366	0.50116	1	0.52283	0.49675	1	0.43950	0.54807	11.85794	1.06645	1	0.70202	0.56458	11.63155	1.06645	1	-0.01574	-0.01183	0.68605	0.00361	1	0.05221	-0.01501	0.67602	0.00361	1	1.45898	0.81042	0	
1227115	8277.82129	3303577812602	0.52444	0.50655	8277.54004	0.28125	10695	1	0.55232	0.44204	1	0.49270	0.49735	1	0.52251	0.46970	1	0.43946	0.54781	11.87111	1.06645	1	0.70211	0.56464	11.66173	1.06645	1	-0.01574	-0.01183	0.68605	0.00351	1	0.05221	-0.01501	0.67602	0.00366	1	1.45898	0.81042	0	
1227116	8277.82812	3303577879875	0.52439	0.50577	8277.54004	0.28809	10695	1	0.55232	0.44204	1	0.49229	0.50242	1	0.52231	0.47223	1	0.43927	0.54754	11.33380	1.06645	1	0.70240	0.56515	12.39918	1.05879	1	-0.01556	-0.01177	0.68244	0.00358	1	0.05160	-0.01479	0.66618	0.00361	1	1.45898	0.81042	0	
1227117	8277.83496	3303577947444	0.52402	0.50531	8277.54004	0.29492	10695	1	0.53642	0.39878	1	0.47829	0.57137	1	0.50735	0.48508	1	0.43960	0.54718	11.96782	1.05879	1	0.70237	0.56523	12.37185	1.05113	1	-0.01556	-0.01177	0.68244	0.00361	1	0.05160	-0.01479	0.66618	0.00364	1	1.45898	0.81042	0	
1227118	8277.84180	3303578013765	0.52354	0.50481	8277.54004	0.30176	10695	1	0.50462	0.41421	1	0.49953	0.54977	1	0.50207	0.48199	1	0.43952	0.54712	11.88317	1.05113	1	0.70268	0.56503	12.15261	1.04347	1	-0.01556	-0.01177	0.68244	0.00364	1	0.05160	-0.01479	0.66618	0.00364	1	1.45898	0.81042	0	
1227119	8277.84863	3303578080582	0.52310	0.50432	8277.54004	0.30859	10695	1	0.50556	0.41979	1	0.50005	0.54433	1	0.50281	0.48206	1	0.44018	0.54760	11.65492	1.04347	1	0.70281	0.56444	11.54034	1.05215	1	-0.01553	-0.01183	0.68586	0.00355	1	0.05388	-0.01546	0.69426	0.00379	1	1.45898	0.81042	0	
1227120	8277.85547	3303578147680	0.52263	0.50370	8277.54004	0.31543	10695	1	0.53525	0.43323	1	0.46614	0.51567	1	0.50070	0.47445	1	0.43991	0.54738	11.26491	1.05215	1	0.70249	0.56516	12.43661	1.06849	1	-0.01553	-0.01183	0.68586	0.00356	1	0.05388	-0.01546	0.69426	0.00352	1	1.45898	0.81042	0	
1227121	8277.86230	3303578214801	0.52243	0.50261	8277.54004	0.32227	10695	1	0.54905	0.43033	1	0.49502	0.45069	1	0.52203	0.44051	1	0.44014	0.54745	11.61870	1.06849	1	0.70289	0.56482	11.48583	1.08483	1	-0.01553	-0.01183	0.68586	0.00368	1	0.05388	-0.01546	0.69426	0.00378	1	1.45898	0.81042	0	
1227122	8277.86816	3303578281648	0.51408	0.47714	8277.54004	0.32227	10695	0	0.54767	0.41889	1	0.49502	0.45069	1	0.52135	0.43479	1	0.44048	0.54741	12.18789	1.08483	1	0.70327	0.56522	12.47650	1.08483	1	-0.01441	-0.01105	0.64074	0.00341	1	0.05124	-0.01468	0.65906	0.00367	1	1.45898	0.81042	0	
1227123	8277.87500	3303578348641	0.52344	0.47966	8277.54004	0.32227	10695	0	0.56489	0.42072	1	0.50072	0.54363	1	0.53280	0.48217	1	0.44076	0.54747	11.54212	1.08483	1	0.70347	0.56551	12.33099	1.06849	1	-0.01441	-0.01105	0.64074	0.00347	1	0.05124	-0.01468	0.65906	0.00384	1	1.45898	0.81042	0	
1227124	8277.88184	3303578415082	0.51794	0.48123	8277.54004	0.32227	10695	0	0.53213	0.43056	1	0.48176	0.53818	1	0.50694	0.48437	1	0.44074	0.54736	11.26662	1.06849	1	0.70356	0.56547	12.17792	1.05215	1	-0.01441	-0.01105	0.64074	0.00350	1	0.05124	-0.01468	0.65906	0.00387	1	1.45898	0.81042	0	
1227125	8277.88867	3303578482786	0.51535	0.48413	8277.86816	0.02051	10696	1	0.53374	0.44201	1	0.48138	0.54366	1	0.50756	0.49284	1	0.44101	0.54781	11.80154	1.05215	1	0.70356	0.56559	11.61032	1.04347	1	-0.01536	-0.01186	0.68746	0.00350	1	0.05344	-0.01534	0.68656	0.00362	1	1.45898	0.81042	0	
1227126	8277.89551	3303578549586	0.51603	0.48493	8277.86816	0.02734	10696	1	0.55249	0.45314	1	0.48504	0.52306	1	0.51877	0.48810	1	0.44097	0.54761	11.83335	1.04347	1	0.70368	0.56530	11.55856	1.05113	1	-0.01536	-0.01186	0.68746	0.00363	1	0.05344	-0.01534	0.68656	0.00372	1	1.45898	0.81042	0	
1227127	8277.90234	3303578615558	0.51799	0.48493	8277.86816	0.03418	10696	1	0.55457	0.44100	1	0.50094	0.52887	1	0.52776	0.48493	1	0.44101	0.54760	11.82806	1.05113	1	0.70389	0.56545	12.66787	1.05879	1	-0.01536	-0.01186	0.68746	0.00372	1	0.05344	-0.01534	0.68656	0.00361	1	1.45898	0.81042	0	
1227128	8277.90918	3303578683601	0.51934	0.48454	8277.86816	0.04102	10696	1	0.55395	0.43563	1	0.50094	0.52887	1	0.52745	0.48225	1	0.44128	0.54768	12.18173	1.05879	1	0.70400	0.56570	12.44361	1.05879	1	-0.01512	-0.01175	0.68111	0.00351	1	0.05200	-0.01494	0.66624	0.00371	1	1.45898	0.81042	0	
1227129	8277.91504	3303578750244	0.51853	0.48035	8277.86816	0.04688	10696	1	0.53207	0.40157	1	0.49371	0.50036	1	0.51289	0.45097	1	0.44107	0.54689	11.72844	1.05879	1	0.70381	0.56550	12.14258	1.05113	1	-0.01512	-0.01175	0.68111	0.00356	1	0.05200	-0.01494	0.66624	0.00373	1	1.45898	0.81042	0	
1227130	8277.92188	3303578814536	0.51865	0.48204	8277.86816	0.05371	10696	1	0.53539	0.46274	1	0.50377	0.52840	1	0.51958	0.49557	1	0.44116	0.54742	11.85740	1.05113	1	0.70388	0.56564	12.13192	1.04347	1	-0.01512	-0.01175	0.68111	0.00340	1	0.05200	-0.01494	0.66624	0.00373	1	1.45898	0.81042	0	
1227131	8277.92871	3303578881684	0.51878	0.48365	8277.86816	0.06055	10696	1	0.53614	0.46796	1	0.50377	0.52840	1	0.51995	0.49818	1	0.44133	0.54742	12.12264	1.04347	1	0.70407	0.56584	12.12689	1.04347	1	-0.01512	-0.01175	0.68111	0.00339	1	0.05366	-0.01545	0.68682	0.00380	1	1.45898	0.81042	0	
1227132	8277.93555	3303578946945	0.51805	0.48230	8277.86816	0.06738	10696	1	0.52477	0.41981	1	0.49667	0.51766	1	0.51072	0.46874	1	0.44132	0.54735	12.08554	1.04347	1	0.70414	0.56581	12.13511	1.05113	1	-0.01512	-0.01175	0.68111	0.00346	1	0.05366	-0.01545	0.68682	0.00382	1	1.45898	0.81042	0	
1227133	8277.94238	3303579017904	0.51764	0.48302	8277.86816	0.07422	10696	1	0.52432	0.44580	1	0.50197	0.53619	1	0.51314	0.49099	1	0.44128	0.54736	12.22744	1.05113	1	0.70433	0.56582	12.23729	1.05879	1	-0.01512	-0.01175	0.68111	0.00344	1	0.05366	-0.01545	0.68682	0.00378	1	1.45898	0.81042	0	
1227134	8277.94922	3303579084875	0.51729	0.48365	8277.86816	0.08105	10696	1	0.52436	0.44605	1	0.50195	0.53642	1	0.51315	0.49123	1	0.44138	0.54711	10.96267	1.05077	1	0.70430	0.56573	11.58823	1.05843	1	-0.01444	-0.01126	0.65279	0.00359	1	0.05366	-0.01545	0.68682	0.00363	1	1.45898	0.81042	0	
1227135	8277.95605	3303579152365	0.51729	0.48189	8277.86816	0.08789	10696	1	0.52657	0.42196	1	0.50789	0.49612	1	0.51723	0.45904	1	0.44138	0.54730	11.25907	1.05041	1	0.70434	0.56542	11.21133	1.05041	1	-0.01444	-0.01126	0.65279	0.00355	1	0.05366	-0.01545	0.68682	0.00371	1	1.45898	0.81042	0	
1227136	8277.96191	3303579218574	0.51658	0.48062	8277.86816	0.09375	10696	1	0.52740	0.42758	1	0.48597	0.49806	1	0.50668	0.46282	1	0.44141	0.54702	11.06073	1.04240	1	0.70440	0.56547	11.48057	1.04240	1	-0.01444	-0.01126	0.65279	0.00372	1	0.05366	-0.01545	0.68682	0.00369	1	1.45898	0.81042	0	
1227137	8277.96875	3303579286446	0.51599	0.47968	8277.86816	0.10059	10696	1	0.52824	0.43336	1	0.48600	0.49762	1	0.50712	0.46549	1	0.44169	0.54757	11.72007	1.03438	1	0.70421	0.56552	11.53662	1.04306	1	-0.01444	-0.01126	0.65279	0.00360	1	0.05466	-0.01572	0.69889	0.00374	1	1.45898	0.81042	0	
1227138	8277.97559	3303579353031	0.51615	0.48138	8277.86816	0.10742	10696	1	0.55530	0.49764	1	0.48205	0.51949	1	0.51868	0.50857	1	0.44164	0.54750	11.66065	1.04306	1	0.70434	0.56570	11.61276	1.05174	1	-0.01444	-0.01126	0.65279	0.00366	1	0.05466	-0.01572	0.69889	0.00366	1	1.45898	0.81042	0	
1227139	8277.98242	3303579420069	0.51617	0.48109	8277.86816	0.11426	10696	1	0.55586	0.46173	1	0.47733	0.49064	1	0.51660	0.47618	1	0.44177	0.54762	11.76860	1.05174	1	0.70430	0.56539	11.16350	1.06042	1	-0.01444	-0.01126	0.65279	0.00362	1	0.05466	-0.01572	0.69889	0.00377	1	1.45898	0.81042	0	
1227140	8277.98926	3303579487202	0.51616	0.48052	8277.86816	0.12109	10696	1	0.55453	0.45036	1	0.47735	0.49040	1	0.51594	0.47038	1	0.44174	0.54742	11.42914	1.06844	1	0.70463	0.56579	12.34183	1.06078	1	-0.01531	-0.01198	0.69439	0.00367	1	0.05160	-0.01482	0.65858	0.00361	1	1.45898	0.81042	0	
1227141	8277.99609	3303579554166	0.51665	0.48095	8277.86816	0.12793	10696	1	0.55689	0.44785	1	0.49518	0.53026	1	0.52604	0.48906	1	0.44184	0.54775	11.56391	1.06880	1	0.70464	0.56584	12.37215	1.05246	1	-0.01531	-0.01198	0.69439	0.00356	1	0.05160	-0.01482	0.65858	0.00359	1	1.45898	0.81042	0	
1227142	8278.00293	3303579621166	0.51743	0.48154	8277.86816	0.13477	10696	1	0.56483	0.43153	1	0.50122	0.55525	1	0.53302	0.49339	1	0.44202	0.54757	11.94429	1.06047	1	0.70468	0.56594	12.36042	1.04413	1	-0.01531	-0.01198	0.69439	0.00363	1	0.05160	-0.01482	0.65858	0.00366	1	1.45898	0.81042	0	
1227143	8278.00977	3303579688698	0.51815	0.48257	8277.86816	0.14160	10696	1	0.56600	0.44302	1	0.50020	0.56540	1	0.53310	0.50421	1	0.44207	0.54730	11.87116	1.04413	1	0.70455	0.56598	12.27308	1.02779	1	-0.01444	-0.01134	0.65736	0.00371	1	0.05160	-0.01482	0.65858	0.00369	1	1.45898	0.81042	0	
1227144	8278.01562	3303579754856	0.51847	0.48415	8277.86816	0.14746	10696	1	0.55342	0.47152	1	0.49772	0.56595	1	0.52557	0.51874	1	0.44168	0.54744	11.66997	1.01978	1	0.70464	0.56607	12.47906	1.01978	1	-0.01444	-0.01134	0.65736	0.00368	1	0.05160	-0.01482	0.65858	0.00367	1	1.45898	0.81042	0	
1227145	8278.02246	3303579822108	0.51880	0.48537	8277.86816	0.15430	10696	1	0.55461	0.45356	1	0.49845	0.57332	1	0.52653	0.51344	1	0.44167	0.54750	11.74547	1.01176	1	0.70468	0.56608	12.67366	1.01176	1	-0.01444	-0.01134	0.65736	0.00362	1	0.05160	-0.01482	0.65858	0.00363	1	1.45898	0.81042	0	
1227146	8278.02930	3303579889460	0.51912	0.48670	8277.86816	0.16113	10696	1	0.55528	0.45930	1	0.49796	0.57831	1	0.52662	0.51881	1	0.44167	0.54750	11.74547	1.00374	1	0.70485	0.56631	12.42211	1.00374	1	-0.01444	-0.01134	0.65736	0.00362	1	0.05160	-0.01482	0.65858	0.00359	1	1.45898	0.81042	0	
1227147	8278.03613	3303579955653	0.51961	0.48903	8277.86816	0.16797	10696	1	0.55439	0.48663	1	0.50955	0.60783	1	0.53197	0.54723	1	0.44174	0.54766	11.76834	1.00374	1	0.70487	0.56642	12.43418	1.00374	1	-0.01444	-0.01134	0.65736	0.00355	1	0.05160	-0.01482	0.65858	0.00363	1	1.45898	0.81042	0	
1227148	8278.04297	3303580023088	0.52022	0.49033	8277.86816	0.17480	10696	1	0.55588	0.48674	1	0.51602	0.56159	1	0.53595	0.52417	1	0.44174	0.54766	11.76834	1.00374	1	0.70493	0.56570	12.16037	1.00374	1	-0.01444	-0.01134	0.65736	0.00355	1	0.05160	-0.01482	0.65858	0.00400	1	1.45898	0.81042	0	
1227149	8278.04980	3303580090215	0.52079	0.49126	8277.86816	0.18164	10696	1	0.55520	0.48122	1	0.51725	0.55155	1	0.53623	0.51639	1	0.44172	0.54774	11.69735	1.01176	1	0.70477	0.56568	12.31994	1.01942	1	-0.01531	-0.01198	0.69439	0.00357	1	0.05327	-0.01531	0.68054	0.00382	1	1.45898	0.81042	0	
1227150	8278.05664	3303580157007	0.52120	0.49255	8277.86816	0.18848	10696	1	0.56218	0.50040	1	0.50313	0.55699	1	0.53265	0.52869	1	0.44186	0.54794	11.66721	1.02743	1	0.70477	0.56600	11.85369	1.03509	1	-0.01531	-0.01198	0.69439	0.00370	1	0.05327	-0.01531	0.68054	0.00386	1	1.45898	0.81042	0	
1227151	8278.06250	3303580222578	0.52169	0.49336	8277.86816	0.19434	10696	1	0.56522	0.49300	1	0.50695	0.54051	1	0.53609	0.51675	1	0.44195	0.54798	11.80242	1.04311	1	0.70474	0.56599	12.02696	1.05077	1	-0.01531	-0.01198	0.69439	0.00375	1	0.05327	-0.01531	0.68054	0.00384	1	1.45898	0.81042	0	
1227152	8278.06934	3303580290535	0.52215	0.49387	8277.86816	0.20117	10696	1	0.56408	0.48271	1	0.50749	0.53545	1	0.53578	0.50908	1	0.44198	0.54821	11.93829	1.05879	1	0.70474	0.56595	11.81327	1.05879	1	-0.01531	-0.01198	0.69439	0.00366	1	0.05160	-0.01482	0.65858	0.00376	1	1.45898	0.81042	0	
1227153	8278.07617	3303580358123	0.53063	0.51870	8277.86816	0.20117	10696	0	0.54492	0.51231	1	0.48318	0.55471	1	0.51405	0.53351	1	0.44161	0.54837	11.44929	1.05879	1	0.70442	0.56606	11.75403	1.05113	1	-0.01531	-0.01198	0.69439	0.00365	1	0.05160	-0.01482	0.65858	0.00363	1	1.45898	0.81042	0	
1227154	8278.08301	3303580424824	0.53302	0.53163	8277.86816	0.20117	10696	0	0.56726	0.51163	1	0.50355	0.57747	1	0.53541	0.54455	1	0.44193	0.54830	11.86326	1.05113	1	0.70470	0.56630	11.97421	1.04347	1	-0.01531	-0.01198	0.69439	0.00380	1	0.05160	-0.01482	0.65858	0.00356	1	1.45898	0.81042	0	
1227155	8278.08984	3303580492108	0.53390	0.53674	8277.86816	0.20117	10696	0	0.56780	0.51648	1	0.50355	0.57747	1	0.53568	0.54698	1	0.44154	0.54799	11.41373	1.04347	1	0.70474	0.56577	11.75661	1.04347	1	-0.01531	-0.01198	0.69439	0.00364	1	0.05327	-0.01531	0.68054	0.00373	1	1.45898	0.81042	0	
1227156	8278.09668	3303580558527	0.53265	0.52837	8278.07617	0.02051	10697	1	0.56621	0.50277	1	0.49152	0.50369	1	0.52887	0.50323	1	0.44190	0.54828	11.88993	1.04347	1	0.70453	0.56554	11.25332	1.05113	1	-0.01531	-0.01198	0.69439	0.00372	1	0.05327	-0.01531	0.68054	0.00377	1	1.45898	0.81042	0	
1227157	8278.10352	3303580625861	0.53174	0.52320	8278.07617	0.02734	10697	1	0.55820	0.47362	1	0.49807	0.53145	1	0.52813	0.50254	1	0.44185	0.54829	11.88163	1.05113	1	0.70464	0.56579	12.31824	1.05879	1	-0.01531	-0.01198	0.69439	0.00367	1	0.05327	-0.01531	0.68054	0.00352	1	1.45898	0.81042	0	
1227158	8278.10938	3303580693262	0.53113	0.51892	8278.07617	0.03320	10697	1	0.55760	0.46849	1	0.49852	0.52659	1	0.52806	0.49754	1	0.44185	0.54829	11.88163	1.05879	1	0.70427	0.56588	11.63346	1.06645	1	-0.01512	-0.01175	0.68111	0.00368	1	0.05366	-0.01545	0.68682	0.00357	1	1.45898	0.81042	0	
1227159	8278.11621	3303580755788	0.52919	0.51795	8278.07617	0.04004	10697	1	0.52611	0.51452	1	0.50899	0.50971	1	0.51755	0.51211	1	0.44127	0.54836	11.57628	1.06645	1	0.70439	0.56563	11.69989	1.06645	1	-0.01512	-0.01175	0.68111	0.00353	1	0.05366	-0.01545	0.68682	0.00362	1	1.45898	0.81042	0	
1227160	8278.12305	3303580822747	0.52780	0.51057	8278.07617	0.04688	10697	1	0.52374	0.44370	1	0.51244	0.47415	1	0.51809	0.45892	1	0.44137	0.54800	11.22183	1.06645	1	0.70444	0.56530	11.59328	1.06645	1	-0.01512	-0.01175	0.68111	0.00348	1	0.05366	-0.01545	0.68682	0.00386	1	1.45898	0.81042	0	
1227161	8278.12988	3303580890441	0.52676	0.50450	8278.07617	0.05371	10697	1	0.52374	0.44370	1	0.51305	0.46820	1	0.51840	0.45595	1	0.44103	0.54815	11.97342	1.06645	1	0.70442	0.56523	11.59481	1.07513	1	-0.01512	-0.01175	0.68111	0.00349	1	0.05466	-0.01572	0.69889	0.00379	1	1.45898	0.81042	0	
1227162	8278.13574	3303580957367	0.52771	0.50253	8278.07617	0.05957	10697	1	0.56795	0.42978	1	0.50465	0.53984	1	0.53630	0.48481	1	0.44137	0.54811	11.77959	1.07513	1	0.70425	0.56604	11.92387	1.08381	1	-0.01512	-0.01175	0.68111	0.00340	1	0.05466	-0.01572	0.69889	0.00349	1	1.45898	0.81042	0	
1227163	8278.14258	3303581023253	0.52941	0.49981	8278.07617	0.06641	10697	1	0.58118	0.44065	1	0.51172	0.50455	1	0.54645	0.47260	1	0.44153	0.54817	11.47645	1.08381	1	0.70441	0.56584	11.71538	1.09249	1	-0.01512	-0.01175	0.68111	0.00338	1	0.05466	-0.01572	0.69889	0.00394	1	1.45898	0.81042	0	
1227164	8278.14941	3303581087891	0.53081	0.49730	8278.07617	0.07324	10697	1	0.58069	0.43476	1	0.51172	0.50455	1	0.54620	0.46966	1	0.44122	0.54813	11.91326	1.09249	1	0.70401	0.56620	12.47791	1.09249	1	-0.01512	-0.01175	0.68111	0.00342	1	0.05366	-0.01545	0.68682	0.00355	1	1.45898	0.81042	0	
1227165	8278.15625	3303581158031	0.53147	0.49502	8278.07617	0.08008	10697	1	0.58570	0.42927	1	0.49293	0.50603	1	0.53932	0.46765	1	0.44149	0.54811	11.73343	1.09249	1	0.70406	0.56575	12.32440	1.08381	1	-0.01512	-0.01175	0.68111	0.00368	1	0.05366	-0.01545	0.68682	0.00392	1	1.45898	0.81042	0	
1227166	8278.16309	3303581225659	0.53161	0.49652	8278.07617	0.08691	10697	1	0.55443	0.46040	1	0.51245	0.57173	1	0.53344	0.51606	1	0.44110	0.54842	11.76901	1.08381	1	0.70401	0.56627	12.19463	1.07513	1	-0.01512	-0.01175	0.68111	0.00351	1	0.05366	-0.01545	0.68682	0.00365	1	1.45898	0.81042	0	
1227167	8278.16992	3303581294421	0.53172	0.49834	8278.07617	0.09375	10697	1	0.55511	0.46614	1	0.51130	0.58134	1	0.53321	0.52374	1	0.44118	0.54856	11.99642	1.07513	1	0.70392	0.56631	12.38365	1.05879	1	-0.01516	-0.01183	0.68301	0.00354	1	0.05154	-0.01486	0.66035	0.00360	1	1.45898	0.81042	0	
1227168	8278.17676	3303581362917	0.53135	0.49845	8278.07617	0.10059	10697	1	0.54241	0.42198	1	0.50939	0.57828	1	0.52590	0.50013	1	0.44089	0.54777	11.56436	1.05879	1	0.70402	0.56630	12.49768	1.05113	1	-0.01516	-0.01183	0.68301	0.00388	1	0.05154	-0.01486	0.66035	0.00358	1	1.45898	0.81042	0	
1227169	8278.18359	3303581429941	0.53177	0.50057	8278.07617	0.10742	10697	1	0.56649	0.48719	1	0.51029	0.58195	1	0.53839	0.53457	1	0.44121	0.54848	12.12812	1.05113	1	0.70403	0.56629	12.44084	1.04347	1	-0.01516	-0.01183	0.68301	0.00354	1	0.05154	-0.01486	0.66035	0.00356	1	1.45898	0.81042	0	
1227170	8278.19043	3303581495940	0.53213	0.50273	8278.07617	0.11426	10697	1	0.56703	0.49222	1	0.50975	0.58652	1	0.53839	0.53937	1	0.44119	0.54860	12.09176	1.04347	1	0.70399	0.56626	12.32540	1.03581	1	-0.01516	-0.01183	0.68301	0.00357	1	0.05154	-0.01486	0.66035	0.00363	1	1.45898	0.81042	0	
1227171	8278.19727	3303581563969	0.53135	0.50349	8278.07617	0.12109	10697	1	0.54760	0.48475	1	0.48681	0.54962	1	0.51721	0.51719	1	0.44088	0.54825	11.41423	1.03581	1	0.70361	0.56589	12.31727	1.03581	1	-0.01516	-0.01183	0.68301	0.00362	1	0.05154	-0.01486	0.66035	0.00371	1	1.45898	0.81042	0	
1227172	8278.20312	3303581631230	0.53116	0.50587	8278.07617	0.12695	10697	1	0.54853	0.53085	1	0.50673	0.57124	1	0.52763	0.55105	1	0.44087	0.54828	11.42286	1.03581	1	0.70397	0.56614	12.16886	1.03581	1	-0.01516	-0.01183	0.68301	0.00357	1	0.05154	-0.01486	0.66035	0.00360	1	1.45898	0.81042	0	
1227173	8278.20996	3303581696621	0.53099	0.50775	8278.07617	0.13379	10697	1	0.54773	0.52517	1	0.50735	0.56570	1	0.52754	0.54543	1	0.44078	0.54811	11.23537	1.04489	1	0.70393	0.56596	12.52899	1.04489	1	-0.01541	-0.01194	0.69192	0.00364	1	0.05154	-0.01486	0.66035	0.00367	1	1.45898	0.81042	0	
1227174	8278.21680	3303581764721	0.53109	0.50802	8278.07617	0.14062	10697	1	0.55461	0.49764	1	0.51186	0.52974	1	0.53323	0.51369	1	0.44095	0.54828	11.38319	1.05398	1	0.70400	0.56576	12.41201	1.05398	1	-0.01541	-0.01194	0.69192	0.00360	1	0.05154	-0.01486	0.66035	0.00370	1	1.45898	0.81042	0	
1227175	8278.22363	3303581831431	0.53119	0.50935	8278.07617	0.14746	10697	1	0.55781	0.49808	1	0.50893	0.57898	1	0.53337	0.53853	1	0.44107	0.54819	11.74378	1.06307	1	0.70404	0.56584	12.21426	1.06307	1	-0.01541	-0.01194	0.69192	0.00362	1	0.05154	-0.01486	0.66035	0.00368	1	1.45898	0.81042	0	
1227176	8278.23047	3303581898738	0.53128	0.51033	8278.07617	0.15430	10697	1	0.55710	0.49227	1	0.50954	0.57364	1	0.53332	0.53296	1	0.44096	0.54820	11.35400	1.07215	1	0.70407	0.56542	12.11339	1.07215	1	-0.01541	-0.01194	0.69192	0.00362	1	0.05154	-0.01486	0.66035	0.00384	1	1.45898	0.81042	0	
1227177	8278.23730	3303581965518	0.53163	0.50970	8278.07617	0.16113	10697	1	0.56744	0.49796	1	0.51268	0.49098	1	0.54006	0.49447	1	0.44116	0.54833	11.90416	1.07215	1	0.70399	0.56565	12.34771	1.07215	1	-0.01541	-0.01194	0.69192	0.00360	1	0.05154	-0.01486	0.66035	0.00372	1	1.45898	0.81042	0	
1227178	8278.24414	3303582032372	0.53160	0.50841	8278.07617	0.16797	10697	1	0.54848	0.44945	1	0.51309	0.50294	1	0.53078	0.47620	1	0.44092	0.54781	11.22292	1.07215	1	0.70403	0.56561	12.32717	1.07215	1	-0.01541	-0.01194	0.69192	0.00381	1	0.05154	-0.01486	0.66035	0.00379	1	1.45898	0.81042	0	
1227179	8278.25098	3303582100243	0.53157	0.50744	8278.07617	0.17480	10697	1	0.54925	0.45563	1	0.51244	0.50889	1	0.53084	0.48226	1	0.44122	0.54827	11.99109	1.06307	1	0.70401	0.56520	12.12596	1.06307	1	-0.01536	-0.01186	0.68746	0.00355	1	0.05154	-0.01486	0.66035	0.00392	1	1.45898	0.81042	0	
1227180	8278.25684	3303582166633	0.53170	0.50850	8278.07617	0.18066	10697	1	0.56201	0.51127	1	0.50837	0.56322	1	0.53519	0.53724	1	0.44111	0.54828	12.01690	1.05398	1	0.70401	0.56570	12.47433	1.05398	1	-0.01536	-0.01186	0.68746	0.00353	1	0.05154	-0.01486	0.66035	0.00369	1	1.45898	0.81042	0	
1227181	8278.26367	3303582233713	0.53182	0.50928	8278.07617	0.18750	10697	1	0.56177	0.51674	1	0.50886	0.54533	1	0.53532	0.53104	1	0.44111	0.54828	12.01690	1.04489	1	0.70401	0.56558	12.25667	1.04489	1	-0.01536	-0.01186	0.68746	0.00353	1	0.05154	-0.01486	0.66035	0.00378	1	1.45898	0.81042	0	
1227182	8278.27051	3303582299682	0.53194	0.51001	8278.07617	0.19434	10697	1	0.56177	0.51674	1	0.50886	0.54533	1	0.53532	0.53104	1	0.44105	0.54798	11.85775	1.04489	1	0.70405	0.56541	12.00670	1.04489	1	-0.01541	-0.01194	0.69192	0.00371	1	0.05200	-0.01494	0.66624	0.00388	1	1.45898	0.81042	0	
1227183	8278.27734	3303582367561	0.53201	0.50994	8278.07617	0.20117	10697	1	0.56494	0.49203	1	0.50304	0.52386	1	0.53399	0.50794	1	0.44108	0.54815	11.89509	1.05398	1	0.70393	0.56519	11.91475	1.05398	1	-0.01541	-0.01194	0.69192	0.00355	1	0.05200	-0.01494	0.66624	0.00385	1	1.45898	0.81042	0	
1227184	8278.28320	3303582429860	0.53197	0.50982	8278.07617	0.20703	10697	1	0.55244	0.49046	1	0.50945	0.52190	1	0.53094	0.50618	1	0.44093	0.54794	12.11617	1.06307	1	0.70402	0.56540	12.23015	1.06307	1	-0.01541	-0.01194	0.69192	0.00341	1	0.05200	-0.01494	0.66624	0.00387	1	1.45898	0.81042	0	
1227185	8278.29102	3303582500682	0.53194	0.50971	8278.07617	0.21484	10697	1	0.55244	0.49046	1	0.50945	0.52190	1	0.53094	0.50618	1	0.44101	0.54789	11.87543	1.06307	1	0.70401	0.56530	12.23330	1.06307	1	-0.01536	-0.01186	0.68746	0.00344	1	0.05200	-0.01494	0.66624	0.00388	1	1.45898	0.81042	0	
1227186	8278.29688	3303582565422	0.53198	0.50954	8278.07617	0.22070	10697	1	0.55619	0.47514	1	0.51018	0.53285	1	0.53319	0.50399	1	0.44103	0.54775	11.78085	1.05398	1	0.70403	0.56531	12.17587	1.05398	1	-0.01536	-0.01186	0.68746	0.00363	1	0.05200	-0.01494	0.66624	0.00385	1	1.45898	0.81042	0	
1227187	8278.30371	3303582633030	0.53202	0.50937	8278.07617	0.22754	10697	1	0.55729	0.46794	1	0.50955	0.53863	1	0.53342	0.50329	1	0.44098	0.54769	11.73281	1.04489	1	0.70403	0.56531	12.17587	1.04489	1	-0.01536	-0.01186	0.68746	0.00355	1	0.05200	-0.01494	0.66624	0.00385	1	1.45898	0.81042	0	
1227188	8278.31055	3303582699677	0.53206	0.50920	8278.07617	0.23438	10697	1	0.55729	0.46794	1	0.50955	0.53863	1	0.53342	0.50329	1	0.44109	0.54774	11.84515	1.04489	1	0.70404	0.56537	12.27496	1.04489	1	-0.01541	-0.01194	0.69192	0.00366	1	0.05200	-0.01494	0.66624	0.00383	1	1.45898	0.81042	0	
1227189	8278.31738	3303582768457	0.53204	0.50857	8278.07617	0.24121	10697	1	0.55070	0.43511	1	0.51181	0.53670	1	0.53125	0.48591	1	0.44089	0.54750	11.74547	1.05398	1	0.70402	0.56533	12.33758	1.05398	1	-0.01541	-0.01194	0.69192	0.00362	1	0.05200	-0.01494	0.66624	0.00383	1	1.45898	0.81042	0	
1227190	8278.32422	3303582833428	0.53209	0.50793	8278.07617	0.24805	10697	1	0.56337	0.46062	1	0.50443	0.50793	1	0.53390	0.48428	1	0.44109	0.54774	11.84515	1.06307	1	0.70402	0.56526	12.29005	1.06307	1	-0.01541	-0.01194	0.69192	0.00367	1	0.05200	-0.01494	0.66624	0.00368	1	1.45898	0.81042	0	
1227191	8278.33105	3303582900831	0.53213	0.50746	8278.07617	0.25488	10697	1	0.56395	0.46603	1	0.50392	0.51318	1	0.53394	0.48960	1	0.44087	0.54726	11.73133	1.05505	1	0.70400	0.56527	12.33473	1.05505	1	-0.01447	-0.01116	0.64995	0.00350	1	0.05154	-0.01476	0.66035	0.00366	1	1.45898	0.81042	0	
1227192	8278.33691	3303582966837	0.53181	0.50683	8278.07617	0.26074	10697	1	0.54737	0.44298	1	0.49130	0.52147	1	0.51933	0.48222	1	0.44096	0.54726	11.49063	1.03795	1	0.70413	0.56521	12.06904	1.03795	1	-0.01447	-0.01116	0.64995	0.00348	1	0.05154	-0.01476	0.66035	0.00377	1	1.45898	0.81042	0	
1227193	8278.34375	3303583037259	0.53175	0.50635	8278.07617	0.26758	10697	1	0.57071	0.44866	1	0.48752	0.52603	1	0.52912	0.48735	1	0.44118	0.54733	11.97932	1.02084	1	0.70407	0.56513	12.19117	1.02084	1	-0.01447	-0.01116	0.64995	0.00366	1	0.05154	-0.01476	0.66035	0.00371	1	1.45898	0.81042	0	
1227194	8278.35059	3303583104768	0.53169	0.50599	8278.07617	0.27441	10697	1	0.57134	0.45515	1	0.48745	0.52698	1	0.52940	0.49106	1	0.44106	0.54677	11.70103	1.01176	1	0.70408	0.56552	12.46964	1.01942	1	-0.01516	-0.01163	0.68301	0.00352	1	0.05366	-0.01535	0.68682	0.00378	1	1.45898	0.81042	0	
1227195	8278.35742	3303583171229	0.53163	0.50584	8278.07617	0.28125	10697	1	0.57049	0.43795	1	0.48771	0.56086	1	0.52910	0.49940	1	0.44126	0.54731	12.04479	1.02743	1	0.70404	0.56551	12.44111	1.03509	1	-0.01516	-0.01163	0.68301	0.00348	1	0.05366	-0.01535	0.68682	0.00382	1	1.45898	0.81042	0	
1227196	8278.36426	3303583238172	0.53152	0.50395	8278.07617	0.28809	10697	1	0.55810	0.37274	1	0.49559	0.47320	1	0.52685	0.42297	1	0.44113	0.54667	11.81457	1.04311	1	0.70413	0.56476	12.21336	1.05077	1	-0.01516	-0.01163	0.68301	0.00354	1	0.05366	-0.01535	0.68682	0.00379	1	1.45898	0.81042	0	
1227197	8278.37109	3303583304492	0.53142	0.50183	8278.07617	0.29492	10697	1	0.55687	0.36064	1	0.49697	0.45628	1	0.52692	0.40846	1	0.44102	0.54589	11.74876	1.05879	1	0.70408	0.56513	12.24291	1.07513	1	-0.01516	-0.01168	0.68317	0.00389	1	0.05466	-0.01562	0.69889	0.00364	1	1.45898	0.81042	0	
1227198	8278.37695	3303583368064	0.52889	0.47262	8278.07617	0.29492	10697	0	0.54565	0.32111	1	0.49445	0.50623	1	0.52005	0.41367	1	0.44105	0.54579	11.68973	1.07513	1	0.70414	0.56479	12.15834	1.08381	1	-0.01516	-0.01168	0.68317	0.00393	1	0.05466	-0.01562	0.69889	0.00359	1	1.45898	0.81042	0	
1227199	8278.38477	3303583439251	0.51941	0.42931	8278.07617	0.29492	10697	0	0.52790	0.32095	1	0.49196	0.45106	1	0.50993	0.38601	1	0.44115	0.54613	11.78856	1.08381	1	0.70410	0.56477	12.22412	1.09249	1	-0.01516	-0.01168	0.68317	0.00381	1	0.05466	-0.01562	0.69889	0.00365	1	1.45898	0.81042	0	
1227200	8278.39062	3303583506174	0.51618	0.41274	8278.07617	0.29492	10697	0	0.52704	0.31407	1	0.49240	0.44509	1	0.50972	0.37958	1	0.44135	0.54721	12.14125	1.09249	1	0.70418	0.56500	12.10336	1.10117	1	-0.01516	-0.01163	0.68301	0.00347	1	0.05466	-0.01562	0.69889	0.00344	1	1.45898	0.81042	0	
1227201	8278.39746	3303583573215	0.51564	0.41220	8278.37695	0.02051	10698	1	0.51221	0.44893	1	0.51581	0.37229	1	0.51401	0.41061	1	0.44117	0.54730	12.05177	1.10117	1	0.70442	0.56405	11.40151	1.10117	1	-0.01516	-0.01163	0.68301	0.00343	1	0.05466	-0.01562	0.69889	0.00389	1	1.45898	0.81042	0	
1227202	8278.40430	3303583640262	0.51431	0.41518	8278.37695	0.02734	10698	1	0.50217	0.44599	1	0.51589	0.40819	1	0.50903	0.42709	1	0.44100	0.54740	12.15960	1.10117	1	0.70443	0.56430	11.39460	1.10117	1	-0.01516	-0.01163	0.68301	0.00349	1	0.05466	-0.01562	0.69889	0.00384	1	1.45898	0.81042	0	
1227203	8278.41113	3303583705419	0.51338	0.41769	8278.37695	0.03418	10698	1	0.50217	0.44599	1	0.51526	0.41447	1	0.50872	0.43023	1	0.44152	0.54718	11.22928	1.10117	1	0.70449	0.56483	12.40163	1.09249	1	-0.01516	-0.01163	0.68301	0.00349	1	0.05327	-0.01521	0.68054	0.00353	1	1.45898	0.81042	0	
1227204	8278.41797	3303583772949	0.51525	0.43040	8278.37695	0.04102	10698	1	0.54447	0.44942	1	0.50850	0.56385	1	0.52648	0.50664	1	0.44160	0.54737	11.17470	1.09249	1	0.70479	0.56538	12.24571	1.08381	1	-0.01516	-0.01163	0.68301	0.00359	1	0.05327	-0.01521	0.68054	0.00360	1	1.45898	0.81042	0	
1227205	8278.42480	3303583840960	0.51617	0.43783	8278.37695	0.04785	10698	1	0.53874	0.42319	1	0.50637	0.55654	1	0.52255	0.48986	1	0.44160	0.54652	11.14048	1.08381	1	0.70478	0.56528	12.72522	1.07513	1	-0.01516	-0.01163	0.68301	0.00370	1	0.05327	-0.01521	0.68054	0.00358	1	1.45898	0.81042	0	
1227206	8278.43164	3303583909443	0.51686	0.44449	8278.37695	0.05469	10698	1	0.53953	0.42924	1	0.50531	0.56637	1	0.52242	0.49781	1	0.44178	0.54728	12.07551	1.07513	1	0.70487	0.56546	12.45389	1.05879	1	-0.01531	-0.01177	0.69439	0.00368	1	0.05171	-0.01470	0.65990	0.00357	1	1.45898	0.81042	0	
1227207	8278.43848	3303583975765	0.51849	0.45350	8278.37695	0.06152	10698	1	0.55899	0.49259	1	0.50725	0.57656	1	0.53312	0.53457	1	0.44178	0.54722	12.13312	1.05879	1	0.70473	0.56526	11.91641	1.05113	1	-0.01531	-0.01177	0.69439	0.00352	1	0.05171	-0.01470	0.65990	0.00366	1	1.45898	0.81042	0	
1227208	8278.44434	3303584042126	0.51968	0.46264	8278.37695	0.06738	10698	1	0.55112	0.50808	1	0.51216	0.59992	1	0.53164	0.55400	1	0.44180	0.54701	11.70311	1.05113	1	0.70489	0.56545	12.40769	1.04347	1	-0.01531	-0.01177	0.69439	0.00338	1	0.05171	-0.01470	0.65990	0.00358	1	1.45898	0.81042	0	
1227209	8278.45117	3303584109089	0.52068	0.47018	8278.37695	0.07422	10698	1	0.55101	0.50717	1	0.51226	0.59910	1	0.53163	0.55314	1	0.44212	0.54730	12.03494	1.05255	1	0.70488	0.56529	12.40127	1.04489	1	-0.01551	-0.01197	0.70607	0.00356	1	0.05171	-0.01470	0.65990	0.00364	1	1.45898	0.81042	0	
1227210	8278.45801	3303584176164	0.52193	0.47284	8278.37695	0.08105	10698	1	0.56433	0.43612	1	0.50968	0.57347	1	0.53700	0.50479	1	0.44196	0.54652	12.04568	1.05398	1	0.70481	0.56526	12.49191	1.05398	1	-0.01551	-0.01197	0.70607	0.00360	1	0.05171	-0.01470	0.65990	0.00362	1	1.45898	0.81042	0	
1227211	8278.46484	3303584242979	0.52143	0.47380	8278.37695	0.08789	10698	1	0.54057	0.40753	1	0.48909	0.56504	1	0.51483	0.48628	1	0.44171	0.54631	11.78649	1.06307	1	0.70483	0.56530	12.48823	1.06307	1	-0.01551	-0.01197	0.70607	0.00364	1	0.05171	-0.01470	0.65990	0.00360	1	1.45898	0.81042	0	
1227212	8278.47168	3303584310195	0.52100	0.47448	8278.37695	0.09473	10698	1	0.54057	0.40753	1	0.48947	0.56045	1	0.51502	0.48399	1	0.44202	0.54597	11.65943	1.06307	1	0.70487	0.56476	12.26410	1.07073	1	-0.01488	-0.01152	0.67939	0.00372	1	0.05330	-0.01514	0.67958	0.00393	1	1.45898	0.81042	0	
1227213	8278.47852	3303584377341	0.52068	0.47557	8278.37695	0.10156	10698	1	0.54331	0.41912	1	0.48859	0.56462	1	0.51595	0.49187	1	0.44171	0.54637	11.73927	1.06164	1	0.70490	0.56524	12.64570	1.06930	1	-0.01488	-0.01152	0.67939	0.00352	1	0.05330	-0.01514	0.67958	0.00354	1	1.45898	0.81042	0	
1227214	8278.48535	3303584444206	0.52262	0.50081	8278.37695	0.10156	10698	0	0.52927	0.37235	1	0.49476	0.58069	1	0.51202	0.47652	1	0.44185	0.54569	11.84938	1.06021	1	0.70500	0.56551	12.48616	1.06787	1	-0.01488	-0.01152	0.67939	0.00365	1	0.05330	-0.01514	0.67958	0.00355	1	1.45898	0.81042	0	
1227215	8278.49121	3303584509822	0.51733	0.48914	8278.37695	0.10156	10698	0	0.52942	0.37344	1	0.49468	0.58152	1	0.51205	0.47748	1	0.44197	0.54570	11.79040	1.05879	1	0.70513	0.56527	12.20895	1.06645	1	-0.01516	-0.01163	0.69246	0.00370	1	0.05330	-0.01514	0.67958	0.00360	1	1.45898	0.81042	0	
1227216	8278.49805	3303584578168	0.51802	0.47875	8278.37695	0.10156	10698	0	0.54121	0.37236	1	0.49755	0.54354	1	0.51938	0.45795	1	0.44206	0.54608	11.97784	1.06645	1	0.70501	0.56501	12.14705	1.06645	1	-0.01516	-0.01163	0.69246	0.00355	1	0.05330	-0.01514	0.67958	0.00349	1	1.45898	0.81042	0	
1227217	8278.50488	3303584644649	0.51896	0.47283	8278.48535	0.01953	10699	1	0.54076	0.37717	1	0.50284	0.53303	1	0.52180	0.45510	1	0.44206	0.54601	11.98537	1.06645	1	0.70503	0.56511	12.19328	1.06645	1	-0.01516	-0.01163	0.69246	0.00359	1	0.05330	-0.01514	0.67958	0.00346	1	1.45898	0.81042	0	
1227218	8278.51172	3303584711786	0.51958	0.46874	8278.48535	0.02637	10699	1	0.54076	0.37717	1	0.50338	0.52757	1	0.52207	0.45237	1	0.44214	0.54633	12.10925	1.06645	1	0.70522	0.56485	11.84138	1.07513	1	-0.01516	-0.01163	0.69246	0.00343	1	0.05428	-0.01540	0.69145	0.00353	1	1.45898	0.81042	0	
1227219	8278.51758	3303584774236	0.51910	0.46692	8278.48535	0.03223	10699	1	0.51338	0.37902	1	0.51998	0.53662	1	0.51668	0.45782	1	0.44205	0.54585	11.82806	1.07513	1	0.70527	0.56496	12.17570	1.08381	1	-0.01516	-0.01163	0.69246	0.00374	1	0.05428	-0.01540	0.69145	0.00348	1	1.45898	0.81042	0	
1227220	8278.52441	3303584841041	0.51658	0.46212	8278.48535	0.03906	10699	1	0.51462	0.36718	1	0.48830	0.49939	1	0.50146	0.43329	1	0.44205	0.54585	11.82806	1.08381	1	0.70522	0.56485	11.84138	1.09249	1	-0.01516	-0.01163	0.69246	0.00374	1	0.05428	-0.01540	0.69145	0.00353	1	1.45898	0.81042	0	
1227221	8278.53125	3303584909874	0.51465	0.45776	8278.48535	0.04590	10699	1	0.51366	0.36066	1	0.48871	0.49380	1	0.50118	0.42723	1	0.44231	0.54642	11.89181	1.09249	1	0.70536	0.56481	12.16556	1.10117	1	-0.01516	-0.01163	0.69246	0.00353	1	0.05428	-0.01540	0.69145	0.00351	1	1.45898	0.81042	0	
1227222	8278.53809	3303584977689	0.51547	0.45590	8278.48535	0.05273	10699	1	0.53560	0.38995	1	0.50847	0.49222	1	0.52203	0.44108	1	0.44240	0.54615	11.79578	1.10117	1	0.70548	0.56491	12.67991	1.10117	1	-0.01516	-0.01163	0.69246	0.00363	1	0.05428	-0.01540	0.69145	0.00347	1	1.45898	0.81042	0	
1227223	8278.54492	3303585043833	0.51446	0.45500	8278.48535	0.05957	10699	1	0.52698	0.40189	1	0.48358	0.49189	1	0.50528	0.44689	1	0.44225	0.54624	11.11765	1.10117	1	0.70515	0.56476	11.69479	1.10117	1	-0.01516	-0.01163	0.69246	0.00366	1	0.05428	-0.01540	0.69145	0.00357	1	1.45898	0.81042	0	
1227224	8278.55176	3303585110958	0.51360	0.45452	8278.48535	0.06641	10699	1	0.52698	0.40189	1	0.48320	0.49749	1	0.50509	0.44969	1	0.44220	0.54628	11.51340	1.10117	1	0.70536	0.56482	12.19046	1.09249	1	-0.01474	-0.01144	0.67767	0.00362	1	0.05413	-0.01534	0.68880	0.00352	1	1.45898	0.81042	0	
1227225	8278.55859	3303585176700	0.51423	0.45360	8278.48535	0.07324	10699	1	0.53989	0.41198	1	0.50237	0.47510	1	0.52113	0.44354	1	0.44238	0.54662	11.76120	1.09249	1	0.70544	0.56447	12.17423	1.08381	1	-0.01474	-0.01144	0.67767	0.00360	1	0.05413	-0.01534	0.68880	0.00371	1	1.45898	0.81042	0	
1227226	8278.56543	3303585245516	0.51446	0.44889	8278.48535	0.08008	10699	1	0.52533	0.36983	1	0.50917	0.41468	1	0.51725	0.39226	1	0.44222	0.54591	11.39504	1.08381	1	0.70548	0.56428	11.96151	1.07513	1	-0.01474	-0.01144	0.67767	0.00374	1	0.05413	-0.01534	0.68880	0.00389	1	1.45898	0.81042	0	
1227227	8278.57129	3303585312158	0.51467	0.44530	8278.48535	0.08594	10699	1	0.52621	0.37632	1	0.50859	0.42106	1	0.51740	0.39869	1	0.44250	0.54673	11.80627	1.07513	1	0.70561	0.56473	12.20833	1.06645	1	-0.01474	-0.01149	0.67767	0.00352	1	0.05413	-0.01534	0.68880	0.00368	1	1.45898	0.81042	0	
1227228	8278.57812	3303585379724	0.51582	0.44866	8278.48535	0.09277	10699	1	0.55038	0.45052	1	0.51325	0.54075	1	0.53181	0.49564	1	0.44248	0.54687	12.12950	1.06645	1	0.70561	0.56504	12.39611	1.06645	1	-0.01474	-0.01149	0.67767	0.00349	1	0.05413	-0.01534	0.68880	0.00351	1	1.45898	0.81042	0	
1227229	8278.58496	3303585448641	0.51688	0.44934	8278.48535	0.09961	10699	1	0.55352	0.46177	1	0.51223	0.45746	1	0.53287	0.45962	1	0.44259	0.54681	11.82582	1.06645	1	0.70558	0.56471	11.98136	1.06645	1	-0.01474	-0.01149	0.67767	0.00353	1	0.05413	-0.01534	0.68880	0.00374	1	1.45898	0.81042	0	
1227230	8278.59180	3303585515725	0.51781	0.45010	8278.48535	0.10645	10699	1	0.55352	0.46177	1	0.51169	0.46283	1	0.53260	0.46230	1	0.44243	0.54651	11.69145	1.06645	1	0.70558	0.56476	11.95417	1.05879	1	-0.01474	-0.01149	0.67767	0.00363	1	0.05190	-0.01475	0.65985	0.00372	1	1.45898	0.81042	0	
1227231	8278.59863	3303585583418	0.51789	0.45035	8278.48535	0.11328	10699	1	0.52440	0.41320	1	0.51437	0.49570	1	0.51938	0.45445	1	0.44219	0.54620	11.48664	1.05879	1	0.70567	0.56490	12.20660	1.05113	1	-0.01474	-0.01149	0.67767	0.00365	1	0.05190	-0.01475	0.65985	0.00368	1	1.45898	0.81042	0	
1227232	8278.60547	3303585649677	0.51850	0.45216	8278.48535	0.12012	10699	1	0.54509	0.46880	1	0.51380	0.50087	1	0.52945	0.48483	1	0.44239	0.54684	11.69925	1.05113	1	0.70567	0.56490	12.20660	1.04347	1	-0.01474	-0.01149	0.67767	0.00371	1	0.05190	-0.01475	0.65985	0.00368	1	1.45898	0.81042	0	
1227233	8278.61230	3303585716632	0.51906	0.45432	8278.48535	0.12695	10699	1	0.54649	0.47938	1	0.51265	0.51143	1	0.52957	0.49541	1	0.44242	0.54705	11.96710	1.03545	1	0.70562	0.56468	12.11360	1.02779	1	-0.01443	-0.01121	0.66150	0.00361	1	0.05190	-0.01475	0.65985	0.00376	1	1.45898	0.81042	0	
1227234	8278.61914	3303585783164	0.51954	0.45586	8278.48535	0.13379	10699	1	0.54581	0.48985	1	0.51247	0.48357	1	0.52914	0.48671	1	0.44236	0.54675	11.95938	1.01978	1	0.70562	0.56460	12.09299	1.01978	1	-0.01443	-0.01121	0.66150	0.00352	1	0.05190	-0.01475	0.65985	0.00378	1	1.45898	0.81042	0	
1227235	8278.62598	3303585850663	0.51996	0.45839	8278.48535	0.14062	10699	1	0.55122	0.50112	1	0.50663	0.52153	1	0.52893	0.51133	1	0.44241	0.54691	11.67885	1.01176	1	0.70557	0.56494	12.54966	1.01176	1	-0.01443	-0.01121	0.66150	0.00365	1	0.05190	-0.01475	0.65985	0.00369	1	1.45898	0.81042	0	
1227236	8278.63184	3303585918394	0.52035	0.46069	8278.48535	0.14648	10699	1	0.55122	0.50112	1	0.50663	0.52153	1	0.52893	0.51133	1	0.44255	0.54686	11.89740	1.01176	1	0.70568	0.56519	12.34267	1.01176	1	-0.01474	-0.01149	0.67767	0.00348	1	0.05200	-0.01473	0.66109	0.00380	1	1.45898	0.81042	0	
1227237	8278.63867	3303585984470	0.52119	0.46346	8278.48535	0.15332	10699	1	0.56872	0.50914	1	0.51215	0.54517	1	0.54043	0.52716	1	0.44268	0.54707	11.74925	1.01978	1	0.70568	0.56519	12.34267	1.01978	1	-0.01474	-0.01149	0.67767	0.00361	1	0.05200	-0.01473	0.66109	0.00380	1	1.45898	0.81042	0	
1227238	8278.64551	3303586049587	0.52184	0.46587	8278.48535	0.16016	10699	1	0.56071	0.50173	1	0.51423	0.54589	1	0.53747	0.52381	1	0.44266	0.54702	11.89062	1.02779	1	0.70569	0.56528	12.27060	1.02779	1	-0.01474	-0.01149	0.67767	0.00345	1	0.05200	-0.01473	0.66109	0.00379	1	1.45898	0.81042	0	
1227239	8278.65234	3303586118415	0.53150	0.49427	8278.48535	0.16016	10699	0	0.56009	0.49646	1	0.51483	0.54075	1	0.53746	0.51860	1	0.44270	0.54703	11.96536	1.03581	1	0.70570	0.56528	12.42523	1.03581	1	-0.01474	-0.01149	0.67767	0.00344	1	0.05190	-0.01475	0.65985	0.00379	1	1.45898	0.81042	0	
1227240	8278.65918	3303586185708	0.52899	0.50044	8278.48535	0.16016	10699	0	0.53880	0.47525	1	0.51416	0.53798	1	0.52648	0.50662	1	0.44228	0.54683	11.47967	1.03581	1	0.70569	0.56521	12.29243	1.03581	1	-0.01474	-0.01149	0.67767	0.00350	1	0.05190	-0.01475	0.65985	0.00380	1	1.45898	0.81042	0	
1227241	8278.66602	3303586252162	0.52963	0.49736	8278.48535	0.16016	10699	0	0.54226	0.48460	1	0.51956	0.49780	1	0.53091	0.49120	1	0.44238	0.54677	11.37799	1.03581	1	0.70571	0.56473	12.16037	1.03581	1	-0.01474	-0.01149	0.67767	0.00342	1	0.05190	-0.01475	0.65985	0.00399	1	1.45898	0.81042	0	
1227242	8278.67285	3303586319705	0.52995	0.49582	8278.65234	0.02051	10700	1	0.54226	0.48460	1	0.51956	0.49780	1	0.53091	0.49120	1	0.44262	0.54696	11.74274	1.03581	1	0.70571	0.56522	12.46306	1.03581	1	-0.01474	-0.01149	0.67767	0.00365	1	0.05190	-0.01475	0.65985	0.00379	1	1.45898	0.81042	0	
1227243	8278.67871	3303586386506	0.53149	0.50101	8278.65234	0.02637	10700	1	0.55570	0.48885	1	0.51957	0.55465	1	0.53764	0.52175	1	0.44257	0.54701	11.85573	1.03581	1	0.70575	0.56541	12.42917	1.03581	1	-0.01474	-0.01149	0.67767	0.00364	1	0.05190	-0.01475	0.65985	0.00395	1	1.45898	0.81042	0	
1227244	8278.68555	3303586452935	0.53069	0.50637	8278.65234	0.03320	10700	1	0.54770	0.51971	1	0.50567	0.54670	1	0.52669	0.53320	1	0.44240	0.54709	11.27728	1.03581	1	0.70562	0.56536	12.23542	1.03581	1	-0.01474	-0.01149	0.67767	0.00356	1	0.05190	-0.01475	0.65985	0.00383	1	1.45898	0.81042	0	
1227245	8278.69238	3303586520247	0.53012	0.51021	8278.65234	0.04004	10700	1	0.54770	0.51971	1	0.50567	0.54670	1	0.52669	0.53320	1	0.44235	0.54712	11.35140	1.03581	1	0.70556	0.56532	12.22133	1.03581	1	-0.01474	-0.01149	0.67767	0.00356	1	0.05282	-0.01506	0.67154	0.00383	1	1.45898	0.81042	0	
1227246	8278.69922	3303586587232	0.52956	0.51182	8278.65234	0.04688	10700	1	0.54072	0.48086	1	0.51057	0.56541	1	0.52565	0.52313	1	0.44232	0.54676	11.33172	1.03581	1	0.70556	0.56543	12.15815	1.03581	1	-0.01474	-0.01149	0.67767	0.00372	1	0.05282	-0.01506	0.67154	0.00386	1	1.45898	0.81042	0	
1227247	8278.70605	3303586654265	0.52927	0.51180	8278.65234	0.05371	10700	1	0.54830	0.47662	1	0.50567	0.54670	1	0.52699	0.51166	1	0.44240	0.54670	11.24082	1.03581	1	0.70560	0.56536	12.22383	1.03581	1	-0.01474	-0.01149	0.67767	0.00371	1	0.05282	-0.01506	0.67154	0.00383	1	1.45898	0.81042	0	
1227248	8278.71289	3303586720807	0.52904	0.51179	8278.65234	0.06055	10700	1	0.54830	0.47662	1	0.50567	0.54670	1	0.52699	0.51166	1	0.44238	0.54705	11.33737	1.03581	1	0.70563	0.56546	12.23698	1.03581	1	-0.01478	-0.01160	0.68442	0.00363	1	0.05190	-0.01485	0.65985	0.00381	1	1.45898	0.81042	0	
1227249	8278.71973	3303586788766	0.52869	0.50964	8278.65234	0.06738	10700	1	0.54062	0.42878	1	0.50978	0.54744	1	0.52520	0.48811	1	0.44229	0.54634	11.13311	1.03581	1	0.70563	0.56546	12.23698	1.03581	1	-0.01478	-0.01160	0.68442	0.00385	1	0.05190	-0.01485	0.65985	0.00381	1	1.45898	0.81042	0	
1227250	8278.72559	3303586855606	0.52922	0.51046	8278.65234	0.07324	10700	1	0.57464	0.50868	1	0.49524	0.53034	1	0.53494	0.51951	1	0.44286	0.54707	12.17416	1.03581	1	0.70568	0.56560	12.21821	1.03581	1	-0.01478	-0.01160	0.68442	0.00364	1	0.05190	-0.01485	0.65985	0.00383	1	1.45898	0.81042	0	
1227251	8278.73242	3303586922471	0.52967	0.51096	8278.65234	0.08008	10700	1	0.57464	0.50868	1	0.49567	0.52537	1	0.53516	0.51702	1	0.44328	0.54765	12.67143	1.03581	1	0.70551	0.56569	11.98380	1.04347	1	-0.01478	-0.01160	0.68442	0.00368	1	0.05337	-0.01525	0.67792	0.00376	1	1.45898	0.81042	0	
1227252	8278.73926	3303586985065	0.52914	0.51166	8278.65234	0.08691	10700	1	0.56583	0.48319	1	0.47862	0.55808	1	0.52223	0.52064	1	0.44275	0.54707	11.98225	1.04347	1	0.70552	0.56558	11.95151	1.05113	1	-0.01478	-0.01160	0.68442	0.00353	1	0.05337	-0.01525	0.67792	0.00382	1	1.45898	0.81042	0	
1227253	8278.74609	3303587051818	0.53028	0.51001	8278.65234	0.09375	10700	1	0.59936	0.49228	1	0.49305	0.48168	1	0.54621	0.48698	1	0.44318	0.54716	11.96297	1.05113	1	0.70568	0.56526	11.76009	1.05879	1	-0.01478	-0.01160	0.68442	0.00369	1	0.05337	-0.01525	0.67792	0.00392	1	1.45898	0.81042	0	
1227254	8278.75293	3303587121673	0.53128	0.50825	8278.65234	0.10059	10700	1	0.59903	0.48730	1	0.49346	0.47646	1	0.54625	0.48188	1	0.44264	0.54682	11.84383	1.05879	1	0.70553	0.56547	12.09399	1.06645	1	-0.01478	-0.01160	0.68442	0.00351	1	0.05337	-0.01525	0.67792	0.00376	1	1.45898	0.81042	0	
1227255	8278.75879	3303587187812	0.53100	0.50772	8278.65234	0.10645	10700	1	0.58059	0.46675	1	0.47265	0.53181	1	0.52662	0.49928	1	0.44301	0.54707	11.68374	1.06645	1	0.70539	0.56601	12.04938	1.06645	1	-0.01478	-0.01160	0.68442	0.00365	1	0.05337	-0.01525	0.67792	0.00357	1	1.45898	0.81042	0	
1227256	8278.76562	3303587253046	0.53156	0.50711	8278.65234	0.11328	10700	1	0.57080	0.48583	1	0.51140	0.50745	1	0.54110	0.49664	1	0.44289	0.54711	11.61869	1.06645	1	0.70593	0.56559	11.98715	1.06645	1	-0.01478	-0.01160	0.68442	0.00361	1	0.05337	-0.01525	0.67792	0.00385	1	1.45898	0.81042	0	
1227257	8278.77246	3303587324043	0.53207	0.50656	8278.65234	0.12012	10700	1	0.57080	0.48583	1	0.51140	0.50745	1	0.54110	0.49664	1	0.44295	0.54718	12.09882	1.06645	1	0.70578	0.56503	11.45529	1.06645	1	-0.01478	-0.01160	0.68442	0.00355	1	0.05337	-0.01525	0.67792	0.00401	1	1.45898	0.81042	0	
1227258	8278.77930	3303587391134	0.53215	0.50497	8278.65234	0.12695	10700	1	0.57492	0.47771	1	0.49276	0.47181	1	0.53384	0.47476	1	0.44293	0.54715	12.07310	1.06645	1	0.70568	0.56532	11.65849	1.06645	1	-0.01478	-0.01160	0.68442	0.00355	1	0.05337	-0.01525	0.67792	0.00389	1	1.45898	0.81042	0	
1227259	8278.78613	3303587458421	0.53260	0.50555	8278.65234	0.13379	10700	1	0.57813	0.47688	1	0.50499	0.55733	1	0.54156	0.51711	1	0.44295	0.54718	12.17422	1.06645	1	0.70587	0.56604	11.86516	1.06645	1	-0.01478	-0.01160	0.68442	0.00353	1	0.05337	-0.01525	0.67792	0.00364	1	1.45898	0.81042	0	
1227260	8278.79297	3303587525073	0.53301	0.50607	8278.65234	0.14062	10700	1	0.57813	0.47688	1	0.50499	0.55733	1	0.54156	0.51711	1	0.44277	0.54721	11.89818	1.06645	1	0.70572	0.56615	12.21825	1.06645	1	-0.01478	-0.01165	0.68442	0.00351	1	0.05337	-0.01525	0.67792	0.00362	1	1.45898	0.81042	0	
1227261	8278.79980	3303587592094	0.53332	0.50506	8278.65234	0.14746	10700	1	0.56871	0.45797	1	0.51175	0.50752	1	0.54023	0.48274	1	0.44280	0.54723	12.09478	1.06645	1	0.70564	0.56611	12.45547	1.06645	1	-0.01478	-0.01165	0.68442	0.00349	1	0.05337	-0.01525	0.67792	0.00361	1	1.45898	0.81042	0	
1227262	8278.80664	3303587658643	0.53328	0.50347	8278.65234	0.15430	10700	1	0.57644	0.43688	1	0.48791	0.49719	1	0.53217	0.46704	1	0.44300	0.54722	12.25059	1.06645	1	0.70566	0.56616	12.58750	1.06645	1	-0.01478	-0.01165	0.68442	0.00355	1	0.05337	-0.01525	0.67792	0.00360	1	1.45898	0.81042	0	
1227263	8278.81348	3303587726017	0.53323	0.50202	8278.65234	0.16113	10700	1	0.57644	0.43688	1	0.48791	0.49719	1	0.53217	0.46704	1	0.44292	0.54728	12.39793	1.06645	1	0.70566	0.56616	12.58750	1.06645	1	-0.01478	-0.01165	0.68442	0.00351	1	0.05282	-0.01515	0.67089	0.00360	1	1.45898	0.81042	0	
1227264	8278.81934	3303587792905	0.53351	0.50002	8278.65234	0.16699	10700	1	0.56425	0.38704	1	0.51651	0.51313	1	0.54038	0.45008	1	0.44280	0.54647	11.96177	1.06645	1	0.70565	0.56616	12.43939	1.06645	1	-0.01478	-0.01165	0.68442	0.00387	1	0.05282	-0.01515	0.67089	0.00359	1	1.45898	0.81042	0	
1227265	8278.82617	3303587860315	0.53339	0.49878	8278.65234	0.17383	10700	1	0.54656	0.41248	1	0.51397	0.52078	1	0.53027	0.46663	1	0.44244	0.54659	11.56283	1.06645	1	0.70565	0.56618	12.64174	1.06645	1	-0.01478	-0.01165	0.68442	0.00379	1	0.05282	-0.01515	0.67089	0.00356	1	1.45898	0.81042	0	
1227266	8278.83301	3303587925083	0.53327	0.49772	8278.65234	0.18066	10700	1	0.54656	0.41248	1	0.51342	0.52569	1	0.52999	0.46909	1	0.44278	0.54712	11.80903	1.06645	1	0.70567	0.56622	12.62602	1.05879	1	-0.01478	-0.01165	0.68442	0.00360	1	0.05200	-0.01492	0.66109	0.00356	1	1.45898	0.81042	0	
1227267	8278.83984	3303587993953	0.53364	0.49696	8278.65234	0.18750	10700	1	0.57107	0.45951	1	0.51731	0.49192	1	0.54419	0.47571	1	0.44279	0.54713	11.70801	1.05879	1	0.70571	0.56570	11.98511	1.05113	1	-0.01478	-0.01165	0.68442	0.00361	1	0.05200	-0.01492	0.66109	0.00396	1	1.45898	0.81042	0	
1227268	8278.84668	3303588060220	0.53410	0.49622	8278.65234	0.19434	10700	1	0.56730	0.44857	1	0.52723	0.50102	1	0.54726	0.47479	1	0.44275	0.54714	11.81385	1.05113	1	0.70585	0.56586	11.82978	1.04347	1	-0.01478	-0.01165	0.68442	0.00358	1	0.05200	-0.01492	0.66109	0.00396	1	1.45898	0.81042	0	
1227269	8278.85352	3303588128071	0.53453	0.49562	8278.65234	0.20117	10700	1	0.56783	0.45388	1	0.52723	0.50102	1	0.54753	0.47745	1	0.44270	0.54727	12.03880	1.04347	1	0.70585	0.56599	12.03642	1.04347	1	-0.01478	-0.01170	0.68442	0.00352	1	0.05282	-0.01515	0.67089	0.00391	1	1.45898	0.81042	0	
1227270	8278.86035	3303588195154	0.53476	0.49595	8278.65234	0.20801	10700	1	0.56797	0.48382	1	0.51571	0.52887	1	0.54184	0.50634	1	0.44278	0.54739	11.87789	1.04347	1	0.70568	0.56634	12.16308	1.05113	1	-0.01478	-0.01170	0.68442	0.00347	1	0.05282	-0.01515	0.67089	0.00362	1	1.45898	0.81042	0	
1227271	8278.86621	3303588261921	0.53464	0.49532	8278.65234	0.21387	10700	1	0.55084	0.40248	1	0.51096	0.54762	1	0.53090	0.47505	1	0.44257	0.54696	11.48716	1.05113	1	0.70557	0.56633	12.49629	1.05879	1	-0.01478	-0.01170	0.68442	0.00362	1	0.05282	-0.01515	0.67089	0.00355	1	1.45898	0.81042	0	
1227272	8278.87305	3303588329027	0.53452	0.49464	8278.65234	0.22070	10700	1	0.55020	0.39682	1	0.51096	0.54762	1	0.53058	0.47222	1	0.44285	0.54687	11.99261	1.05879	1	0.70568	0.56630	12.40195	1.05879	1	-0.01478	-0.01165	0.68442	0.00367	1	0.05200	-0.01492	0.66109	0.00356	1	1.45898	0.81042	0	
1227273	8278.87988	3303588395936	0.53477	0.49277	8278.65234	0.22754	10700	1	0.56978	0.38614	1	0.51680	0.47236	1	0.54329	0.42925	1	0.44286	0.54707	12.02065	1.05879	1	0.70571	0.56570	12.26482	1.05113	1	-0.01478	-0.01165	0.68442	0.00361	1	0.05200	-0.01492	0.66109	0.00387	1	1.45898	0.81042	0	
1227274	8278.88672	3303588462667	0.53753	0.46324	8278.65234	0.22754	10700	0	0.55954	0.36301	1	0.50437	0.42744	1	0.53195	0.39523	1	0.44276	0.54670	11.91516	1.05113	1	0.70583	0.56530	11.93438	1.04347	1	-0.01478	-0.01165	0.68442	0.00365	1	0.05200	-0.01492	0.66109	0.00397	1	1.45898	0.81042	0	
1227275	8278.89355	3303588529933	0.53489	0.43072	8278.65234	0.22754	10700	0	0.56013	0.36895	1	0.50437	0.42744	1	0.53225	0.39820	1	0.44273	0.54668	11.68698	1.04347	1	0.70585	0.56550	11.85100	1.04347	1	-0.01478	-0.01165	0.68442	0.00359	1	0.05282	-0.01515	0.67089	0.00381	1	1.45898	0.81042	0	
1227276	8278.90039	3303588596903	0.53091	0.43628	8278.65234	0.22754	10700	0	0.52605	0.42335	1	0.51984	0.47143	1	0.52295	0.44739	1	0.44291	0.54716	12.31798	1.04347	1	0.70610	0.56564	11.45959	1.05113	1	-0.01478	-0.01165	0.68442	0.00360	1	0.05282	-0.01515	0.67089	0.00403	1	1.45898	0.81042	0	
1227277	8278.90723	3303588663927	0.52581	0.43529	8278.88672	0.02051	10701	1	0.51447	0.41107	1	0.50658	0.45362	1	0.51053	0.43234	1	0.44278	0.54668	11.61818	1.05113	1	0.70585	0.56565	11.88047	1.05879	1	-0.01478	-0.01165	0.68442	0.00374	1	0.05282	-0.01515	0.67089	0.00387	1	1.45898	0.81042	0	
1227278	8278.91309	3303588729292	0.52278	0.43298	8278.88672	0.02637	10701	1	0.51360	0.40546	1	0.50766	0.44204	1	0.51063	0.42375	1	0.44277	0.54684	11.52800	1.05879	1	0.70592	0.56538	11.61941	1.07513	1	-0.01478	-0.01165	0.68442	0.00372	1	0.05682	-0.01628	0.72102	0.00375	1	1.45898	0.81042	0	
1227279	8278.91992	3303588795049	0.51787	0.42715	8278.88672	0.03320	10701	1	0.49869	0.37871	1	0.48805	0.41727	1	0.49337	0.39799	1	0.44255	0.54703	11.91242	1.07513	1	0.70595	0.56553	11.71295	1.08381	1	-0.01478	-0.01165	0.68442	0.00379	1	0.05682	-0.01628	0.72102	0.00374	1	1.45898	0.81042	0	
1227280	8278.92676	3303588860600	0.51636	0.42212	8278.88672	0.04004	10701	1	0.52562	0.32738	1	0.48887	0.45644	1	0.50724	0.39191	1	0.44296	0.54635	10.98516	1.08381	1	0.70602	0.56580	11.56478	1.09249	1	-0.01478	-0.01165	0.68442	0.00385	1	0.05682	-0.01628	0.72102	0.00368	1	1.45898	0.81042	0	
1227281	8278.93359	3303588930762	0.51519	0.41865	8278.88672	0.04688	10701	1	0.52555	0.32686	1	0.48848	0.46192	1	0.50702	0.39439	1	0.44306	0.54666	10.98347	1.08447	1	0.70641	0.56569	12.19488	1.08447	1	-0.01406	-0.01112	0.65316	0.00378	1	0.05388	-0.01547	0.68305	0.00368	1	1.45898	0.81042	0	
1227282	8278.94043	3303588997445	0.51452	0.41600	8278.88672	0.05371	10701	1	0.52803	0.31519	1	0.49041	0.47433	1	0.50922	0.39476	1	0.44308	0.54622	10.81610	1.07645	1	0.70599	0.56582	11.48139	1.06777	1	-0.01406	-0.01112	0.65316	0.00391	1	0.05388	-0.01547	0.68305	0.00372	1	1.45898	0.81042	0	
1227283	8278.94727	3303589063133	0.51530	0.41818	8278.88672	0.06055	10701	1	0.53274	0.39881	1	0.51182	0.47684	1	0.52228	0.43782	1	0.44310	0.54689	11.31319	1.05976	1	0.70634	0.56568	11.97200	1.05108	1	-0.01406	-0.01112	0.65316	0.00373	1	0.05388	-0.01547	0.68305	0.00378	1	1.45898	0.81042	0	
1227284	8278.95312	3303589130634	0.51592	0.42077	8278.88672	0.06641	10701	1	0.53360	0.40521	1	0.51065	0.48814	1	0.52212	0.44668	1	0.44319	0.54650	10.99892	1.05108	1	0.70639	0.56545	12.12596	1.03474	1	-0.01475	-0.01171	0.68759	0.00398	1	0.05123	-0.01470	0.64891	0.00383	1	1.45898	0.81042	0	
1227285	8278.95996	3303589196416	0.51700	0.42305	8278.88672	0.07324	10701	1	0.54611	0.41016	1	0.51172	0.48610	1	0.52892	0.44813	1	0.44325	0.54658	11.09106	1.04275	1	0.70635	0.56563	12.11716	1.03509	1	-0.01475	-0.01171	0.68759	0.00393	1	0.05123	-0.01470	0.64891	0.00374	1	1.45898	0.81042	0	
1227286	8278.96680	3303589262079	0.51800	0.42862	8278.88672	0.08008	10701	1	0.55919	0.45823	1	0.50083	0.53265	1	0.53001	0.49544	1	0.44337	0.54718	11.85987	1.04311	1	0.70622	0.56616	12.56394	1.03545	1	-0.01475	-0.01171	0.68759	0.00376	1	0.05123	-0.01470	0.64891	0.00357	1	1.45898	0.81042	0	
1227287	8278.97363	3303589330640	0.51886	0.43337	8278.88672	0.08691	10701	1	0.55916	0.45798	1	0.50085	0.53242	1	0.53001	0.49520	1	0.44342	0.54746	11.82681	1.04347	1	0.70639	0.56630	12.20274	1.03581	1	-0.01439	-0.01146	0.67587	0.00360	1	0.05123	-0.01470	0.64891	0.00366	1	1.45898	0.81042	0	
1227288	8278.98047	3303589399823	0.51950	0.43674	8278.88672	0.09375	10701	1	0.55574	0.42289	1	0.50107	0.54491	1	0.52840	0.48390	1	0.44337	0.54668	11.35004	1.03581	1	0.70629	0.56628	12.52145	1.03581	1	-0.01439	-0.01146	0.67587	0.00381	1	0.05123	-0.01470	0.64891	0.00364	1	1.45898	0.81042	0	
1227289	8278.98730	3303589467904	0.52016	0.43891	8278.88672	0.10059	10701	1	0.55698	0.40283	1	0.50321	0.54003	1	0.53009	0.47143	1	0.44341	0.54689	11.48441	1.03581	1	0.70624	0.56635	12.64152	1.03581	1	-0.01439	-0.01146	0.67587	0.00366	1	0.05123	-0.01470	0.64891	0.00360	1	1.45898	0.81042	0	
1227290	8278.99414	3303589534689	0.52076	0.44068	8278.88672	0.10742	10701	1	0.55698	0.40283	1	0.50370	0.53513	1	0.53034	0.46898	1	0.44336	0.54693	11.43645	1.03581	1	0.70651	0.56613	12.26752	1.04347	1	-0.01457	-0.01165	0.68421	0.00364	1	0.05325	-0.01531	0.67382	0.00364	1	1.45898	0.81042	0	
1227291	8279.00098	3303589601922	0.52189	0.44252	8278.88672	0.11426	10701	1	0.56354	0.45975	1	0.51890	0.48771	1	0.54122	0.47373	1	0.44355	0.54711	12.00736	1.04347	1	0.70653	0.56597	12.00786	1.05113	1	-0.01457	-0.01165	0.68421	0.00353	1	0.05325	-0.01531	0.67382	0.00362	1	1.45898	0.81042	0	
1227292	8279.00781	3303589668630	0.52337	0.44194	8278.88672	0.12109	10701	1	0.56635	0.37437	1	0.53349	0.48881	1	0.54992	0.43159	1	0.44358	0.54621	11.62746	1.05113	1	0.70676	0.56590	11.74618	1.05879	1	-0.01457	-0.01165	0.68421	0.00396	1	0.05325	-0.01531	0.67382	0.00371	1	1.45898	0.81042	0	
1227293	8279.01367	3303589735765	0.52470	0.44115	8278.88672	0.12695	10701	1	0.56581	0.36852	1	0.53419	0.48363	1	0.55000	0.42607	1	0.44358	0.54633	11.67571	1.05879	1	0.70685	0.56589	11.59415	1.06645	1	-0.01457	-0.01165	0.68421	0.00393	1	0.05364	-0.01537	0.67871	0.00382	1	1.45898	0.81042	0	
1227294	8279.02051	3303589802172	0.52564	0.44030	8278.88672	0.13379	10701	1	0.56934	0.38644	1	0.51952	0.46036	1	0.54443	0.42340	1	0.44363	0.54688	11.89204	1.06645	1	0.70690	0.56568	11.39587	1.06645	1	-0.01457	-0.01165	0.68421	0.00360	1	0.05364	-0.01537	0.67871	0.00396	1	1.45898	0.81042	0	
1227295	8279.02734	3303589868526	0.52537	0.44043	8278.88672	0.14062	10701	1	0.53054	0.39623	1	0.50883	0.48996	1	0.51968	0.44309	1	0.44341	0.54665	11.26267	1.06645	1	0.70672	0.56606	12.19462	1.06645	1	-0.01457	-0.01165	0.68421	0.00366	1	0.05364	-0.01537	0.67871	0.00374	1	1.45898	0.81042	0	
1227296	8279.03418	3303589936448	0.52514	0.44042	8278.88672	0.14746	10701	1	0.53054	0.39623	1	0.50941	0.48414	1	0.51998	0.44019	1	0.44356	0.54657	11.60996	1.06645	1	0.70699	0.56637	11.72807	1.07513	1	-0.01457	-0.01165	0.68421	0.00383	1	0.05489	-0.01577	0.69388	0.00379	1	1.45898	0.81042	0	
1227297	8279.04102	3303590003376	0.52458	0.44118	8278.88672	0.15430	10701	1	0.53036	0.41282	1	0.49301	0.50472	1	0.51169	0.45877	1	0.44376	0.54696	11.62513	1.07513	1	0.70684	0.56619	11.65826	1.08381	1	-0.01457	-0.01165	0.68421	0.00373	1	0.05489	-0.01577	0.69388	0.00347	1	1.45898	0.81042	0	
1227298	8279.04785	3303590070565	0.52360	0.43937	8278.88672	0.16113	10701	1	0.50867	0.30642	1	0.49150	0.48545	1	0.50008	0.39593	1	0.44360	0.54610	11.46929	1.08381	1	0.70684	0.56605	11.47571	1.09249	1	-0.01457	-0.01165	0.68421	0.00394	1	0.05489	-0.01577	0.69388	0.00354	1	1.45898	0.81042	0	
1227299	8279.05469	3303590137420	0.52268	0.43779	8278.88672	0.16797	10701	1	0.50859	0.30588	1	0.49110	0.49071	1	0.49984	0.39830	1	0.44392	0.54750	12.13076	1.08447	1	0.70676	0.56562	11.41718	1.08447	1	-0.01421	-0.01140	0.66960	0.00342	1	0.05395	-0.01543	0.68129	0.00374	1	1.45898	0.81042	0	
1227300	8279.06055	3303590204080	0.52248	0.43709	8278.88672	0.17383	10701	1	0.52829	0.36339	1	0.50626	0.47445	1	0.51727	0.41892	1	0.44380	0.54623	10.93105	1.07645	1	0.70699	0.56564	11.80051	1.06777	1	-0.01421	-0.01140	0.66960	0.00386	1	0.05395	-0.01543	0.68129	0.00368	1	1.45898	0.81042	0	
1227301	8279.06738	3303590270925	0.52252	0.43856	8278.88672	0.18066	10701	1	0.53830	0.47511	1	0.50869	0.48099	1	0.52349	0.47805	1	0.44390	0.54730	11.28978	1.05976	1	0.70705	0.56575	12.46664	1.05108	1	-0.01421	-0.01140	0.66960	0.00344	1	0.05395	-0.01543	0.68129	0.00374	1	1.45898	0.81042	0	
1227302	8279.07422	3303590338885	0.52255	0.44021	8278.88672	0.18750	10701	1	0.53911	0.48088	1	0.50757	0.49223	1	0.52334	0.48656	1	0.44423	0.54770	12.29441	1.05108	1	0.70711	0.56577	12.18751	1.03474	1	-0.01424	-0.01146	0.67324	0.00356	1	0.05204	-0.01487	0.65665	0.00369	1	1.45898	0.81042	0	
1227303	8279.08105	3303590405290	0.52276	0.44313	8278.88672	0.19434	10701	1	0.54558	0.51143	1	0.51250	0.54425	1	0.52904	0.52784	1	0.44392	0.54734	11.43506	1.04275	1	0.70721	0.56615	12.23689	1.03509	1	-0.01424	-0.01146	0.67324	0.00359	1	0.05204	-0.01487	0.65665	0.00377	1	1.45898	0.81042	0	
1227304	8279.08789	3303590472272	0.52298	0.44583	8278.88672	0.20117	10701	1	0.54748	0.51832	1	0.51124	0.53525	1	0.52936	0.52679	1	0.44396	0.54727	11.33717	1.04311	1	0.70720	0.56628	12.17645	1.03545	1	-0.01424	-0.01146	0.67324	0.00350	1	0.05204	-0.01487	0.65665	0.00366	1	1.45898	0.81042	0	
1227305	8279.09473	3303590539366	0.52318	0.44828	8278.88672	0.20801	10701	1	0.54745	0.51810	1	0.51181	0.53007	1	0.52963	0.52409	1	0.44427	0.54692	11.27149	1.04347	1	0.70727	0.56625	12.18107	1.04347	1	-0.01403	-0.01133	0.66827	0.00358	1	0.05394	-0.01540	0.67988	0.00359	1	1.45898	0.81042	0	
1227306	8279.10156	3303590607101	0.52365	0.44905	8278.88672	0.21484	10701	1	0.55446	0.45069	1	0.52253	0.49657	1	0.53849	0.47363	1	0.44412	0.54651	11.38491	1.04347	1	0.70739	0.56588	12.16752	1.05113	1	-0.01403	-0.01133	0.66827	0.00333	1	0.05394	-0.01540	0.67988	0.00365	1	1.45898	0.81042	0	
1227307	8279.10742	3303590673247	0.52355	0.44967	8278.88672	0.22070	10701	1	0.54131	0.44544	1	0.49942	0.49510	1	0.52037	0.47027	1	0.44394	0.54655	11.29434	1.05113	1	0.70735	0.56600	12.05120	1.05879	1	-0.01403	-0.01133	0.66827	0.00334	1	0.05394	-0.01540	0.67988	0.00362	1	1.45898	0.81042	0	
1227308	8279.11426	3303590740688	0.52346	0.45011	8278.88672	0.22754	10701	1	0.54061	0.44009	1	0.49988	0.48998	1	0.52024	0.46504	1	0.44417	0.54647	11.91845	1.05879	1	0.70754	0.56597	11.65915	1.06645	1	-0.01403	-0.01133	0.66827	0.00331	1	0.05355	-0.01524	0.67499	0.00381	1	1.45898	0.81042	0	
1227309	8279.12109	3303590807313	0.52308	0.45025	8278.88672	0.23438	10701	1	0.52936	0.45272	1	0.49074	0.45781	1	0.51005	0.45527	1	0.44416	0.54663	11.68417	1.06645	1	0.70760	0.56553	11.36283	1.06645	1	-0.01403	-0.01133	0.66827	0.00336	1	0.05355	-0.01524	0.67499	0.00392	1	1.45898	0.81042	0	
1227310	8279.12793	3303590874487	0.52263	0.44986	8278.88672	0.24121	10701	1	0.53285	0.44416	1	0.47982	0.42745	1	0.50633	0.43581	1	0.44417	0.54669	11.72684	1.06645	1	0.70740	0.56531	11.77060	1.06645	1	-0.01403	-0.01133	0.66827	0.00332	1	0.05355	-0.01524	0.67499	0.00395	1	1.45898	0.81042	0	
1227311	8279.13477	3303590941386	0.52116	0.47484	8278.88672	0.24121	10701	0	0.53285	0.44416	1	0.47982	0.42745	1	0.50633	0.43581	1	0.44451	0.54664	12.60321	1.06645	1	0.70738	0.56614	12.09556	1.06645	1	-0.01403	-0.01133	0.66827	0.00334	1	0.05355	-0.01524	0.67499	0.00358	1	1.45898	0.81042	0	
1227312	8279.14160	3303591008032	0.51702	0.46719	8278.88672	0.24121	10701	0	0.53764	0.44769	1	0.48812	0.47140	1	0.51288	0.45954	1	0.44427	0.54650	12.02856	1.06645	1	0.70752	0.56577	11.76413	1.06645	1	-0.01403	-0.01133	0.66827	0.00350	1	0.05355	-0.01524	0.67499	0.00350	1	1.45898	0.81042	0	
1227313	8279.14746	3303591074560	0.51188	0.46913	8278.88672	0.24121	10701	0	0.54240	0.43857	1	0.46081	0.50746	1	0.50161	0.47302	1	0.44438	0.54652	12.26064	1.06645	1	0.70712	0.56613	12.45560	1.06645	1	-0.01403	-0.01133	0.66827	0.00343	1	0.05355	-0.01524	0.67499	0.00353	1	1.45898	0.81042	0	
1227314	8279.15430	3303591142433	0.50931	0.47010	8279.13477	0.01953	10702	1	0.54240	0.43857	1	0.46081	0.50746	1	0.50161	0.47302	1	0.44446	0.54645	12.31832	1.06645	1	0.70742	0.56591	11.66634	1.06645	1	-0.01444	-0.01155	0.68755	0.00343	1	0.05366	-0.01524	0.67516	0.00355	1	1.45898	0.81042	0	
1227315	8279.16113	3303591208754	0.50743	0.46454	8279.13477	0.02637	10702	1	0.51502	0.41294	1	0.48480	0.47163	1	0.49991	0.44229	1	0.44432	0.54626	12.19248	1.06645	1	0.70751	0.56579	11.66418	1.06645	1	-0.01444	-0.01155	0.68755	0.00359	1	0.05366	-0.01524	0.67516	0.00356	1	1.45898	0.81042	0	
1227316	8279.16797	3303591276171	0.50658	0.46634	8279.13477	0.03320	10702	1	0.51859	0.48089	1	0.48606	0.46976	1	0.50232	0.47532	1	0.44431	0.54666	12.23161	1.06645	1	0.70749	0.56574	11.75286	1.06645	1	-0.01444	-0.01155	0.68755	0.00346	1	0.05366	-0.01524	0.67516	0.00353	1	1.45898	0.81042	0	
1227317	8279.17480	3303591342877	0.50597	0.46762	8279.13477	0.04004	10702	1	0.51859	0.48089	1	0.48606	0.46976	1	0.50232	0.47532	1	0.44422	0.54586	11.60484	1.06645	1	0.70741	0.56571	11.76546	1.06645	1	-0.01444	-0.01155	0.68755	0.00369	1	0.05366	-0.01524	0.67516	0.00357	1	1.45898	0.81042	0	
1227318	8279.18164	3303591410241	0.50650	0.46706	8279.13477	0.04688	10702	1	0.52003	0.43980	1	0.50028	0.48646	1	0.51015	0.46313	1	0.44431	0.54637	11.82088	1.06645	1	0.70776	0.56546	12.28750	1.06645	1	-0.01444	-0.01155	0.68755	0.00349	1	0.05366	-0.01524	0.67516	0.00362	1	1.45898	0.81042	0	
1227319	8279.18848	3303591477338	0.50619	0.46217	8279.13477	0.05371	10702	1	0.50912	0.38842	1	0.49833	0.45773	1	0.50373	0.42308	1	0.44423	0.54584	11.60545	1.06645	1	0.70769	0.56560	12.43192	1.06645	1	-0.01444	-0.01155	0.68755	0.00370	1	0.05366	-0.01524	0.67516	0.00357	1	1.45898	0.81042	0	
1227320	8279.19531	3303591543755	0.50590	0.45877	8279.13477	0.06055	10702	1	0.50912	0.38842	1	0.49749	0.46785	1	0.50331	0.42813	1	0.44442	0.54570	11.69466	1.06645	1	0.70769	0.56560	12.43192	1.05198	1	-0.01444	-0.01155	0.68755	0.00377	1	0.05011	-0.01419	0.63049	0.00357	1	1.45898	0.81042	0	
1227321	8279.20117	3303591610087	0.50672	0.45892	8279.13477	0.06641	10702	1	0.52939	0.43155	1	0.50042	0.48940	1	0.51491	0.46047	1	0.44454	0.54626	11.26101	1.05198	1	0.70784	0.56575	12.51929	1.03751	1	-0.01444	-0.01155	0.68755	0.00363	1	0.05011	-0.01419	0.63049	0.00359	1	1.45898	0.81042	0	
1227322	8279.20801	3303591678555	0.50769	0.45845	8279.13477	0.07324	10702	1	0.53883	0.42776	1	0.49799	0.47877	1	0.51841	0.45327	1	0.44463	0.54593	11.27875	1.03751	1	0.70769	0.56538	12.04098	1.02304	1	-0.01444	-0.01155	0.68755	0.00374	1	0.05011	-0.01419	0.63049	0.00367	1	1.45898	0.81042	0	
1227323	8279.21484	3303591745168	0.50857	0.45846	8279.13477	0.08008	10702	1	0.54021	0.43824	1	0.49799	0.47877	1	0.51910	0.45850	1	0.44472	0.54586	11.16427	1.02304	1	0.70748	0.56563	11.60089	1.02304	1	-0.01444	-0.01155	0.68755	0.00374	1	0.05426	-0.01536	0.68269	0.00365	1	1.45898	0.81042	0	
1227324	8279.22168	3303591811954	0.50893	0.45521	8279.13477	0.08691	10702	1	0.52910	0.36770	1	0.49825	0.45835	1	0.51367	0.41302	1	0.44458	0.54545	10.74106	1.02304	1	0.70776	0.56550	12.29198	1.03751	1	-0.01444	-0.01155	0.68755	0.00386	1	0.05426	-0.01536	0.68269	0.00361	1	1.45898	0.81042	0	
1227325	8279.22852	3303591879327	0.50831	0.45252	8279.13477	0.09375	10702	1	0.51312	0.38631	1	0.48600	0.44340	1	0.49956	0.41485	1	0.44427	0.54570	11.81536	1.03751	1	0.70745	0.56536	11.46332	1.05198	1	-0.01444	-0.01155	0.68755	0.00378	1	0.05426	-0.01536	0.68269	0.00369	1	1.45898	0.81042	0	
1227326	8279.23535	3303591945979	0.50775	0.44987	8279.13477	0.10059	10702	1	0.51236	0.38137	1	0.48631	0.43874	1	0.49934	0.41006	1	0.44452	0.54570	10.89146	1.04396	1	0.70777	0.56536	12.22488	1.05843	1	-0.01386	-0.01113	0.66277	0.00386	1	0.05426	-0.01536	0.68269	0.00366	1	1.45898	0.81042	0	
1227327	8279.24219	3303592013666	0.50770	0.45043	8279.13477	0.10742	10702	1	0.51200	0.43171	1	0.50199	0.48716	1	0.50700	0.45944	1	0.44428	0.54627	12.02467	1.05041	1	0.70780	0.56534	12.25851	1.05041	1	-0.01386	-0.01113	0.66277	0.00357	1	0.05426	-0.01536	0.68269	0.00368	1	1.45898	0.81042	0	
1227328	8279.24805	3303592079842	0.50752	0.44922	8279.13477	0.11328	10702	1	0.51044	0.37477	1	0.49826	0.48257	1	0.50435	0.42867	1	0.44431	0.54577	11.37201	1.04240	1	0.70774	0.56567	12.47559	1.04240	1	-0.01386	-0.01113	0.66277	0.00369	1	0.05426	-0.01536	0.68269	0.00356	1	1.45898	0.81042	0	
1227329	8279.25488	3303592146515	0.50735	0.44814	8279.13477	0.12012	10702	1	0.51044	0.37477	1	0.49826	0.48257	1	0.50435	0.42867	1	0.44428	0.54557	11.75739	1.04240	1	0.70774	0.56549	12.24054	1.04240	1	-0.01444	-0.01155	0.68755	0.00380	1	0.05426	-0.01536	0.68269	0.00365	1	1.45898	0.81042	0	
1227330	8279.26172	3303592213787	0.50770	0.44805	8279.13477	0.12695	10702	1	0.51861	0.40924	1	0.50993	0.48363	1	0.51427	0.44643	1	0.44431	0.54600	11.86653	1.05041	1	0.70793	0.56577	12.42651	1.05041	1	-0.01444	-0.01155	0.68755	0.00367	1	0.05426	-0.01536	0.68269	0.00357	1	1.45898	0.81042	0	
1227331	8279.26855	3303592281112	0.50704	0.44638	8279.13477	0.13379	10702	1	0.50910	0.37523	1	0.47876	0.45057	1	0.49393	0.41290	1	0.44422	0.54578	11.77154	1.05843	1	0.70740	0.56491	11.07765	1.05843	1	-0.01444	-0.01155	0.68755	0.00377	1	0.05426	-0.01536	0.68269	0.00392	1	1.45898	0.81042	0	
1227332	8279.27539	3303592347439	0.50642	0.44471	8279.13477	0.14062	10702	1	0.50816	0.36913	1	0.47878	0.45032	1	0.49347	0.40972	1	0.44428	0.54631	12.13692	1.06645	1	0.70724	0.56553	11.73397	1.05879	1	-0.01444	-0.01155	0.68755	0.00355	1	0.05202	-0.01474	0.65509	0.00368	1	1.45898	0.81042	0	
1227333	8279.28223	3303592414798	0.50610	0.44307	8279.13477	0.14746	10702	1	0.50048	0.36699	1	0.49742	0.44677	1	0.49895	0.40688	1	0.44420	0.54596	11.65165	1.05879	1	0.70765	0.56553	11.93849	1.05113	1	-0.01444	-0.01155	0.68755	0.00365	1	0.05202	-0.01474	0.65509	0.00361	1	1.45898	0.81042	0	
1227334	8279.28906	3303592482159	0.50625	0.44199	8279.13477	0.15430	10702	1	0.51913	0.37043	1	0.50041	0.46404	1	0.50977	0.41723	1	0.44429	0.54587	12.11119	1.05113	1	0.70778	0.56550	12.34557	1.04347	1	-0.01444	-0.01155	0.68755	0.00369	1	0.05202	-0.01474	0.65509	0.00362	1	1.45898	0.81042	0	
1227335	8279.29492	3303592548696	0.50642	0.44100	8279.13477	0.16016	10702	1	0.51998	0.37633	1	0.50094	0.45789	1	0.51046	0.41711	1	0.44427	0.54579	11.86197	1.04347	1	0.70775	0.56537	12.35575	1.05215	1	-0.01444	-0.01155	0.68755	0.00370	1	0.05551	-0.01573	0.69902	0.00367	1	1.45898	0.81042	0	
1227336	8279.30176	3303592613873	0.50639	0.44011	8279.13477	0.16699	10702	1	0.51027	0.39699	1	0.50109	0.43914	1	0.50568	0.41807	1	0.44431	0.54591	12.04369	1.05215	1	0.70773	0.56545	12.32935	1.06849	1	-0.01444	-0.01155	0.68755	0.00370	1	0.05551	-0.01573	0.69902	0.00363	1	1.45898	0.81042	0	
1227337	8279.30859	3303592682775	0.50680	0.43799	8279.13477	0.17383	10702	1	0.53764	0.35422	1	0.49698	0.41146	1	0.51731	0.38284	1	0.44427	0.54561	11.63479	1.06849	1	0.70772	0.56539	12.30257	1.08483	1	-0.01444	-0.01155	0.68755	0.00383	1	0.05551	-0.01573	0.69902	0.00365	1	1.45898	0.81042	0	
1227338	8279.31543	3303592749711	0.50714	0.43580	8279.13477	0.18066	10702	1	0.53612	0.34160	1	0.49698	0.41146	1	0.51655	0.37653	1	0.44433	0.54580	11.97967	1.08483	1	0.70741	0.56560	12.02896	1.08483	1	-0.01444	-0.01155	0.68755	0.00370	1	0.05202	-0.01474	0.65509	0.00365	1	1.45898	0.81042	0	
1227339	8279.32227	3303592815071	0.50750	0.43499	8279.13477	0.18750	10702	1	0.53623	0.32928	1	0.49836	0.49572	1	0.51730	0.41250	1	0.44432	0.54574	11.97539	1.08483	1	0.70776	0.56560	12.10835	1.06849	1	-0.01444	-0.01155	0.68755	0.00357	1	0.05202	-0.01474	0.65509	0.00360	1	1.45898	0.81042	0	
1227340	8279.32910	3303592882951	0.50751	0.43522	8279.13477	0.19434	10702	1	0.53852	0.41909	1	0.47711	0.46466	1	0.50781	0.44187	1	0.44434	0.54645	12.15816	1.06849	1	0.70733	0.56575	12.18946	1.05215	1	-0.01444	-0.01155	0.68755	0.00336	1	0.05202	-0.01474	0.65509	0.00361	1	1.45898	0.81042	0	
1227341	8279.33496	3303592949103	0.50753	0.43572	8279.13477	0.20020	10702	1	0.54004	0.43071	1	0.47677	0.47074	1	0.50840	0.45072	1	0.44425	0.54600	11.90702	1.05215	1	0.70755	0.56569	12.53281	1.04347	1	-0.01444	-0.01155	0.68755	0.00355	1	0.05394	-0.01530	0.67989	0.00359	1	1.45898	0.81042	0	
1227342	8279.34180	3303593015198	0.50798	0.43568	8279.13477	0.20703	10702	1	0.54213	0.41665	1	0.50152	0.45186	1	0.52182	0.43425	1	0.44433	0.54614	12.04599	1.04347	1	0.70776	0.56541	12.01219	1.05113	1	-0.01444	-0.01155	0.68755	0.00349	1	0.05394	-0.01530	0.67989	0.00367	1	1.45898	0.81042	0	
1227343	8279.34863	3303593082261	0.50859	0.43587	8279.13477	0.21387	10702	1	0.56557	0.42920	1	0.49053	0.45508	1	0.52805	0.44214	1	0.44428	0.54614	11.90091	1.05113	1	0.70756	0.56548	11.86870	1.05879	1	-0.01444	-0.01155	0.68755	0.00349	1	0.05394	-0.01530	0.67989	0.00364	1	1.45898	0.81042	0	
1227344	8279.35547	3303593147261	0.50916	0.43590	8279.13477	0.22070	10702	1	0.56502	0.42374	1	0.49092	0.44967	1	0.52797	0.43671	1	0.44441	0.54615	11.90605	1.05879	1	0.70773	0.56546	11.67002	1.06645	1	-0.01444	-0.01155	0.68755	0.00360	1	0.05394	-0.01530	0.67989	0.00387	1	1.45898	0.81042	0	
1227345	8279.36230	3303593216498	0.50936	0.43655	8279.13477	0.22754	10702	1	0.51278	0.38446	1	0.51983	0.53268	1	0.51630	0.45857	1	0.44426	0.54583	11.66078	1.06645	1	0.70809	0.56586	12.47530	1.06645	1	-0.01444	-0.01155	0.68755	0.00373	1	0.05394	-0.01530	0.67989	0.00367	1	1.45898	0.81042	0	
1227346	8279.36816	3303593280927	0.50919	0.43639	8279.13477	0.23340	10702	1	0.51771	0.40231	1	0.48837	0.45935	1	0.50304	0.43083	1	0.44428	0.54607	12.10751	1.06645	1	0.70793	0.56514	11.79622	1.06645	1	-0.01444	-0.01155	0.68755	0.00372	1	0.05394	-0.01530	0.67989	0.00360	1	1.45898	0.81042	0	
1227347	8279.37598	3303593350425	0.50902	0.43624	8279.13477	0.24121	10702	1	0.51771	0.40231	1	0.48837	0.45935	1	0.50304	0.43083	1	0.44560	0.54617	12.05180	1.06645	1	0.70873	0.56474	11.82544	1.06645	1	-0.01404	-0.01130	0.67838	0.00366	1	0.05417	-0.01525	0.68024	0.00385	1	1.45898	0.81042	0	
1227348	8279.38184	3303593416513	0.51049	0.43613	8279.13477	0.24707	10702	1	0.60075	0.45866	1	0.52912	0.40588	1	0.56493	0.43227	1	0.44564	0.54592	11.79590	1.06645	1	0.70862	0.56463	12.01464	1.06645	1	-0.01404	-0.01130	0.67838	0.00370	1	0.05417	-0.01525	0.68024	0.00357	1	1.45898	0.81042	0	
1227349	8279.38965	3303593486963	0.51200	0.43615	8279.13477	0.25488	10702	1	0.60832	0.46006	1	0.53002	0.41320	1	0.56917	0.43663	1	0.44576	0.54611	11.89120	1.06645	1	0.70863	0.56471	12.04457	1.06645	1	-0.01404	-0.01130	0.67838	0.00377	1	0.05417	-0.01525	0.68024	0.00354	1	1.45898	0.81042	0	
1227350	8279.39551	3303593553395	0.51343	0.43616	8279.13477	0.26074	10702	1	0.60832	0.46006	1	0.53002	0.41320	1	0.56917	0.43663	1	0.44564	0.54582	11.68137	1.06645	1	0.70838	0.56494	12.00620	1.06645	1	-0.01404	-0.01130	0.67838	0.00372	1	0.05417	-0.01525	0.68024	0.00363	1	1.45898	0.81042	0	
1227351	8279.40234	3303593620903	0.51477	0.43669	8279.13477	0.26758	10702	1	0.60923	0.46935	1	0.52792	0.44667	1	0.56858	0.45801	1	0.44573	0.54596	11.77339	1.06645	1	0.70854	0.56498	11.86902	1.06645	1	-0.01404	-0.01130	0.67838	0.00373	1	0.05417	-0.01525	0.68024	0.00377	1	1.45898	0.81042	0	
1227352	8279.40918	3303593687692	0.51584	0.43635	8279.13477	0.27441	10702	1	0.60145	0.40046	1	0.51805	0.44468	1	0.55975	0.42257	1	0.44571	0.54607	11.73921	1.06645	1	0.70841	0.56505	12.65012	1.06645	1	-0.01404	-0.01130	0.67838	0.00373	1	0.05417	-0.01525	0.68024	0.00369	1	1.45898	0.81042	0	
1227353	8279.41602	3303593754051	0.51687	0.43596	8279.13477	0.28125	10702	1	0.60145	0.40046	1	0.51871	0.43849	1	0.56008	0.41947	1	0.44577	0.54596	11.67221	1.06645	1	0.70891	0.56414	12.24215	1.07513	1	-0.01404	-0.01130	0.67838	0.00375	1	0.05631	-0.01587	0.70781	0.00389	1	1.45898	0.81042	0	
1227354	8279.42285	3303593821081	0.54443	0.43138	8279.13477	0.28125	10702	0	0.58491	0.37546	1	0.54117	0.36831	1	0.56304	0.37189	1	0.44552	0.54601	11.86517	1.07513	1	0.70869	0.56410	11.64992	1.08381	1	-0.01404	-0.01130	0.67838	0.00367	1	0.05631	-0.01587	0.70781	0.00403	1	1.45898	0.81042	0	
1227355	8279.42969	3303593888309	0.54932	0.40103	8279.13477	0.28125	10702	0	0.58966	0.35694	1	0.51879	0.38440	1	0.55422	0.37067	1	0.44560	0.54602	11.72531	1.08381	1	0.70837	0.56509	11.73876	1.09249	1	-0.01404	-0.01130	0.67838	0.00374	1	0.05631	-0.01587	0.70781	0.00386	1	1.45898	0.81042	0	
1227356	8279.43652	3303593955543	0.55088	0.38981	8279.13477	0.28125	10702	0	0.58922	0.35038	1	0.51879	0.38440	1	0.55400	0.36739	1	0.44571	0.54585	11.51254	1.09249	1	0.70836	0.56503	11.77404	1.09249	1	-0.01406	-0.01128	0.67470	0.00372	1	0.05426	-0.01536	0.68269	0.00384	1	1.45898	0.81042	0	
1227357	8279.44238	3303594023141	0.55113	0.38027	8279.42285	0.01953	10703	1	0.58257	0.35765	1	0.52119	0.34559	1	0.55188	0.35162	1	0.44544	0.54582	11.80846	1.09249	1	0.70837	0.56451	11.88779	1.08381	1	-0.01406	-0.01128	0.67470	0.00360	1	0.05426	-0.01536	0.68269	0.00413	1	1.45898	0.81042	0	
1227358	8279.44922	3303594089048	0.55029	0.37565	8279.42285	0.02637	10703	1	0.57965	0.35869	1	0.51418	0.35571	1	0.54692	0.35720	1	0.44544	0.54582	11.80846	1.08381	1	0.70830	0.56467	12.04268	1.07513	1	-0.01406	-0.01128	0.67470	0.00360	1	0.05426	-0.01536	0.68269	0.00387	1	1.45898	0.81042	0	
1227359	8279.45605	3303594156349	0.54971	0.37473	8279.42285	0.03320	10703	1	0.58063	0.37129	1	0.51298	0.36890	1	0.54681	0.37010	1	0.44507	0.54588	11.99883	1.06711	1	0.70863	0.56514	12.55997	1.05843	1	-0.01386	-0.01113	0.66277	0.00363	1	0.05426	-0.01536	0.68269	0.00369	1	1.45898	0.81042	0	
1227360	8279.46289	3303594223258	0.55119	0.38004	8279.42285	0.04004	10703	1	0.56196	0.37954	1	0.55817	0.44436	1	0.56006	0.41195	1	0.44512	0.54602	11.98358	1.05041	1	0.70872	0.56537	12.87462	1.05041	1	-0.01386	-0.01113	0.66277	0.00364	1	0.05426	-0.01536	0.68269	0.00366	1	1.45898	0.81042	0	
1227361	8279.46973	3303594289848	0.55208	0.38284	8279.42285	0.04688	10703	1	0.55980	0.36411	1	0.55679	0.44070	1	0.55829	0.40240	1	0.44507	0.54557	10.88712	1.04240	1	0.70863	0.56525	12.63160	1.04240	1	-0.01386	-0.01113	0.66277	0.00375	1	0.05426	-0.01536	0.68269	0.00366	1	1.45898	0.81042	0	
1227362	8279.47656	3303594356530	0.55277	0.38501	8279.42285	0.05371	10703	1	0.55980	0.36411	1	0.55679	0.44070	1	0.55829	0.40240	1	0.44508	0.54618	11.10850	1.04240	1	0.70832	0.56541	12.11151	1.04240	1	-0.01435	-0.01143	0.68365	0.00355	1	0.05422	-0.01530	0.68218	0.00365	1	1.45898	0.81042	0	
1227363	8279.48242	3303594424183	0.55296	0.39271	8279.42285	0.05957	10703	1	0.56733	0.41124	1	0.54200	0.51275	1	0.55467	0.46200	1	0.44475	0.54614	11.74792	1.05041	1	0.70846	0.56558	12.99436	1.05041	1	-0.01435	-0.01143	0.68365	0.00354	1	0.05422	-0.01530	0.68218	0.00376	1	1.45898	0.81042	0	
1227364	8279.48926	3303594490303	0.55509	0.39752	8279.42285	0.06641	10703	1	0.59865	0.42770	1	0.55419	0.46354	1	0.57642	0.44562	1	0.44484	0.54616	11.72935	1.05843	1	0.70863	0.56513	11.77353	1.05843	1	-0.01435	-0.01143	0.68365	0.00358	1	0.05422	-0.01530	0.68218	0.00402	1	1.45898	0.81042	0	
1227365	8279.49609	3303594558236	0.55685	0.40128	8279.42285	0.07324	10703	1	0.59830	0.42204	1	0.55423	0.46329	1	0.57626	0.44266	1	0.44467	0.54604	11.46236	1.06645	1	0.70807	0.56471	11.59224	1.05879	1	-0.01435	-0.01143	0.68365	0.00344	1	0.05202	-0.01474	0.65509	0.00393	1	1.45898	0.81042	0	
1227366	8279.50293	3303594625318	0.55726	0.40175	8279.42285	0.08008	10703	1	0.59429	0.40299	1	0.52989	0.41166	1	0.56209	0.40732	1	0.44484	0.54614	11.79835	1.05879	1	0.70818	0.56461	11.37689	1.05113	1	-0.01435	-0.01143	0.68365	0.00348	1	0.05202	-0.01474	0.65509	0.00400	1	1.45898	0.81042	0	
1227367	8279.50977	3303594692259	0.55748	0.40316	8279.42285	0.08691	10703	1	0.58168	0.37709	1	0.53898	0.46605	1	0.56033	0.42157	1	0.44463	0.54605	11.48195	1.05113	1	0.70839	0.56492	11.75079	1.04347	1	-0.01435	-0.01143	0.68365	0.00352	1	0.05202	-0.01474	0.65509	0.00397	1	1.45898	0.81042	0	
1227368	8279.51660	3303594759319	0.55766	0.40477	8279.42285	0.09375	10703	1	0.58213	0.38291	1	0.53823	0.47149	1	0.56018	0.42720	1	0.44468	0.54608	11.31748	1.04347	1	0.70816	0.56480	12.34409	1.03581	1	-0.01435	-0.01154	0.68365	0.00355	1	0.05242	-0.01481	0.66021	0.00391	1	1.45898	0.81042	0	
1227369	8279.52344	3303594826919	0.55687	0.40625	8279.42285	0.10059	10703	1	0.57843	0.40802	1	0.51170	0.44892	1	0.54507	0.42847	1	0.44465	0.54616	11.41098	1.03581	1	0.70792	0.56493	12.14670	1.03581	1	-0.01435	-0.01154	0.68365	0.00351	1	0.05242	-0.01481	0.66021	0.00361	1	1.45898	0.81042	0	
1227370	8279.53027	3303594893258	0.55758	0.40688	8279.42285	0.10742	10703	1	0.58556	0.40682	1	0.55222	0.42718	1	0.56889	0.41700	1	0.44464	0.54611	11.27310	1.03581	1	0.70812	0.56497	12.75616	1.03581	1	-0.01435	-0.01154	0.68365	0.00355	1	0.05242	-0.01481	0.66021	0.00341	1	1.45898	0.81042	0	
1227371	8279.53613	3303594959999	0.55824	0.40743	8279.42285	0.11328	10703	1	0.58601	0.41277	1	0.55313	0.42090	1	0.56957	0.41684	1	0.44461	0.54612	11.15841	1.02779	1	0.70825	0.56532	12.34924	1.04413	1	-0.01389	-0.01117	0.65922	0.00354	1	0.05617	-0.01594	0.70865	0.00371	1	1.45898	0.81042	0	
1227372	8279.54297	3303595025183	0.55829	0.40794	8279.42285	0.12012	10703	1	0.58620	0.42200	1	0.53187	0.41221	1	0.55904	0.41711	1	0.44470	0.54612	11.40887	1.03612	1	0.70794	0.56508	12.17121	1.05246	1	-0.01389	-0.01117	0.65922	0.00352	1	0.05617	-0.01594	0.70865	0.00366	1	1.45898	0.81042	0	
1227373	8279.54980	3303595092123	0.55827	0.40750	8279.42285	0.12695	10703	1	0.58641	0.42034	1	0.52949	0.37768	1	0.55795	0.39901	1	0.44465	0.54616	11.39679	1.04444	1	0.70783	0.56492	12.00784	1.06078	1	-0.01389	-0.01117	0.65922	0.00346	1	0.05617	-0.01594	0.70865	0.00364	1	1.45898	0.81042	0	
1227374	8279.55664	3303595157848	0.55825	0.40667	8279.42285	0.13379	10703	1	0.58552	0.40851	1	0.53015	0.37170	1	0.55783	0.39010	1	0.44459	0.54540	11.10573	1.06078	1	0.70804	0.56521	12.34645	1.06844	1	-0.01466	-0.01175	0.69333	0.00387	1	0.05395	-0.01533	0.68129	0.00366	1	1.45898	0.81042	0	
1227375	8279.56348	3303595226093	0.55822	0.40654	8279.42285	0.14062	10703	1	0.57291	0.39655	1	0.54245	0.41128	1	0.55768	0.40392	1	0.44451	0.54621	11.22655	1.07645	1	0.70800	0.56504	12.38128	1.06777	1	-0.01466	-0.01175	0.69333	0.00336	1	0.05395	-0.01533	0.68129	0.00385	1	1.45898	0.81042	0	
1227376	8279.57031	3303595294963	0.55812	0.40556	8279.42285	0.14746	10703	1	0.57633	0.36098	1	0.53543	0.40701	1	0.55588	0.38399	1	0.44460	0.54589	11.23527	1.07579	1	0.70792	0.56523	12.53544	1.06711	1	-0.01466	-0.01175	0.69333	0.00339	1	0.05395	-0.01533	0.68129	0.00370	1	1.45898	0.81042	0	
1227377	8279.57715	3303595362201	0.55803	0.40469	8279.42285	0.15430	10703	1	0.57637	0.36148	1	0.53536	0.40751	1	0.55587	0.38450	1	0.44445	0.54628	11.35775	1.07513	1	0.70809	0.56451	12.23857	1.06645	1	-0.01466	-0.01175	0.69333	0.00337	1	0.05397	-0.01528	0.68160	0.00411	1	1.45898	0.81042	0	
1227378	8279.58301	3303595429029	0.55779	0.40209	8279.42285	0.16016	10703	1	0.57059	0.33504	1	0.53366	0.34465	1	0.55213	0.33984	1	0.44451	0.54568	11.06350	1.06645	1	0.70785	0.56442	12.20914	1.06645	1	-0.01466	-0.01175	0.69333	0.00378	1	0.05397	-0.01528	0.68160	0.00396	1	1.45898	0.81042	0	
1227379	8279.58984	3303595495958	0.55815	0.39983	8279.42285	0.16699	10703	1	0.58002	0.35979	1	0.55423	0.32659	1	0.56712	0.34319	1	0.44461	0.54588	11.21404	1.06645	1	0.70816	0.56408	12.02138	1.06645	1	-0.01466	-0.01175	0.69333	0.00375	1	0.05397	-0.01528	0.68160	0.00430	1	1.45898	0.81042	0	
1227380	8279.59668	3303595563413	0.55850	0.39760	8279.42285	0.17383	10703	1	0.58002	0.35979	1	0.55517	0.31941	1	0.56759	0.33960	1	0.44455	0.54559	10.98954	1.06645	1	0.70818	0.56487	12.06636	1.07513	1	-0.01466	-0.01175	0.69333	0.00377	1	0.05617	-0.01594	0.70865	0.00408	1	1.45898	0.81042	0	
1227381	8279.60352	3303595630258	0.55869	0.39672	8279.42285	0.18066	10703	1	0.58128	0.33294	1	0.54667	0.41326	1	0.56397	0.37310	1	0.44464	0.54556	10.91357	1.07513	1	0.70807	0.56511	12.48015	1.08381	1	-0.01466	-0.01175	0.69333	0.00388	1	0.05617	-0.01594	0.70865	0.00391	1	1.45898	0.81042	0	
1227382	8279.61035	3303595697290	0.55896	0.39502	8279.42285	0.18750	10703	1	0.57732	0.32800	1	0.55520	0.36697	1	0.56626	0.34749	1	0.44460	0.54564	11.06394	1.08381	1	0.70814	0.56481	12.06735	1.09249	1	-0.01466	-0.01175	0.69333	0.00381	1	0.05617	-0.01594	0.70865	0.00403	1	1.45898	0.81042	0	
1227383	8279.61719	3303595763100	0.55921	0.39321	8279.42285	0.19434	10703	1	0.57680	0.32120	1	0.55612	0.36029	1	0.56646	0.34074	1	0.44445	0.54559	11.13466	1.09249	1	0.70814	0.56481	12.06735	1.10117	1	-0.01466	-0.01175	0.69333	0.00375	1	0.05617	-0.01594	0.70865	0.00403	1	1.45898	0.81042	0	
1227384	8279.62402	3303595830876	0.56106	0.36546	8279.42285	0.19434	10703	0	0.57022	0.30756	1	0.55773	0.37243	1	0.56398	0.33999	1	0.44455	0.54549	11.06985	1.10117	1	0.70820	0.56447	12.03727	1.10117	1	-0.01466	-0.01175	0.69333	0.00383	1	0.05617	-0.01594	0.70865	0.00382	1	1.45898	0.81042	0	
1227385	8279.62988	3303595898182	0.56800	0.36623	8279.42285	0.19434	10703	0	0.59569	0.40699	1	0.55418	0.32700	1	0.57494	0.36700	1	0.44485	0.54651	12.15518	1.10117	1	0.70815	0.56449	12.24614	1.10117	1	-0.01466	-0.01175	0.69333	0.00344	1	0.05617	-0.01594	0.70865	0.00374	1	1.45898	0.81042	0	
1227386	8279.63672	3303595964868	0.57016	0.36764	8279.42285	0.19434	10703	0	0.59569	0.40699	1	0.55327	0.33395	1	0.57448	0.37047	1	0.44463	0.54628	11.40521	1.10117	1	0.70817	0.56479	12.33844	1.09249	1	-0.01403	-0.01133	0.66827	0.00346	1	0.05394	-0.01530	0.67989	0.00351	1	1.45898	0.81042	0	
1227387	8279.64355	3303596031388	0.56939	0.38551	8279.62402	0.01953	10704	1	0.57462	0.39664	1	0.55956	0.48161	1	0.56709	0.43912	1	0.44456	0.54648	11.47608	1.09249	1	0.70830	0.56542	12.47842	1.08381	1	-0.01403	-0.01133	0.66827	0.00344	1	0.05394	-0.01530	0.67989	0.00366	1	1.45898	0.81042	0	
1227388	8279.65039	3303596097272	0.56744	0.38336	8279.62402	0.02637	10704	1	0.58876	0.38781	1	0.53049	0.36164	1	0.55962	0.37473	1	0.44476	0.54632	11.97653	1.08381	1	0.70817	0.56414	12.21593	1.07513	1	-0.01403	-0.01133	0.66827	0.00343	1	0.05394	-0.01530	0.67989	0.00388	1	1.45898	0.81042	0	
1227389	8279.65723	3303596163825	0.56611	0.38301	8279.62402	0.03320	10704	1	0.58920	0.39413	1	0.52974	0.36846	1	0.55947	0.38129	1	0.44458	0.54628	11.62359	1.07513	1	0.70816	0.56454	12.12140	1.06645	1	-0.01403	-0.01133	0.66827	0.00347	1	0.05394	-0.01530	0.67989	0.00377	1	1.45898	0.81042	0	
1227390	8279.66406	3303596233670	0.56429	0.38392	8279.62402	0.04004	10704	1	0.57849	0.38948	1	0.52824	0.38927	1	0.55336	0.38938	1	0.44462	0.54613	11.39439	1.06645	1	0.70816	0.56445	12.14598	1.06645	1	-0.01403	-0.01133	0.66827	0.00346	1	0.05394	-0.01530	0.67989	0.00370	1	1.45898	0.81042	0	
1227391	8279.67090	3303596299733	0.56273	0.38287	8279.62402	0.04688	10704	1	0.57660	0.34021	1	0.52705	0.41077	1	0.55183	0.37549	1	0.44462	0.54543	11.08485	1.06645	1	0.70818	0.56477	12.09549	1.06645	1	-0.01403	-0.01133	0.66827	0.00385	1	0.05394	-0.01530	0.67989	0.00413	1	1.45898	0.81042	0	
1227392	8279.67676	3303596364431	0.56148	0.38236	8279.62402	0.05273	10704	1	0.57660	0.34021	1	0.52641	0.41648	1	0.55151	0.37834	1	0.44547	0.54637	11.89483	1.06645	1	0.70884	0.56592	12.44272	1.05879	1	-0.01403	-0.01133	0.66827	0.00359	1	0.05202	-0.01474	0.65509	0.00408	1	1.45898	0.81042	0	
1227393	8279.68359	3303596433637	0.56059	0.38570	8279.62402	0.05957	10704	1	0.58822	0.44728	1	0.51680	0.38416	1	0.55251	0.41572	1	0.44584	0.54654	12.13293	1.05879	1	0.70880	0.56511	12.06142	1.05113	1	-0.01403	-0.01133	0.66827	0.00372	1	0.05202	-0.01474	0.65509	0.00378	1	1.45898	0.81042	0	
1227394	8279.69043	3303596500114	0.55657	0.38413	8279.62402	0.06641	10704	1	0.53234	0.34279	1	0.50050	0.39415	1	0.51642	0.36847	1	0.44592	0.54640	11.81942	1.05113	1	0.70888	0.56547	12.63181	1.04347	1	-0.01403	-0.01133	0.66827	0.00363	1	0.05202	-0.01474	0.65509	0.00357	1	1.45898	0.81042	0	
1227395	8279.69727	3303596567355	0.55324	0.38333	8279.62402	0.07324	10704	1	0.53310	0.34888	1	0.50003	0.40009	1	0.51656	0.37449	1	0.44892	0.54737	11.38188	1.04347	1	0.71320	0.56458	11.00949	1.03581	1	-0.01411	-0.01200	0.70204	0.00367	1	0.05351	-0.01522	0.66762	0.00257	1	1.45898	0.81042	0	
1227396	8279.70410	3303596634645	0.56010	0.39069	8279.62402	0.08008	10704	1	0.65370	0.40960	1	0.63132	0.54830	1	0.64251	0.47895	1	0.44932	0.54716	12.30589	1.03581	1	0.71232	0.56730	12.37721	1.03581	1	-0.01411	-0.01200	0.70204	0.00358	1	0.05351	-0.01522	0.66762	0.00377	1	1.45898	0.81042	0	
1227397	8279.71094	3303596701201	0.56369	0.39689	8279.62402	0.08691	10704	1	0.65114	0.43968	1	0.56957	0.51545	1	0.61036	0.47756	1	0.44964	0.54739	11.71484	1.03581	1	0.71210	0.56709	12.48502	1.03581	1	-0.01411	-0.01200	0.70204	0.00360	1	0.05351	-0.01522	0.66762	0.00368	1	1.45898	0.81042	0	
1227398	8279.71777	3303596769650	0.56684	0.40210	8279.62402	0.09375	10704	1	0.65114	0.43968	1	0.57054	0.51033	1	0.61084	0.47500	1	0.45143	0.54860	12.80168	1.03581	1	0.71418	0.56765	12.18320	1.04347	1	-0.01333	-0.01179	0.68359	0.00356	1	0.05486	-0.01566	0.67996	0.00381	1	1.45898	0.81042	0	
1227399	8279.72363	3303596828682	0.57658	0.41021	8279.62402	0.09961	10704	1	0.74637	0.48770	1	0.69906	0.57607	1	0.72271	0.53189	1	0.45136	0.54819	12.61230	1.04347	1	0.71425	0.56774	11.75829	1.05113	1	-0.01333	-0.01179	0.68359	0.00357	1	0.05486	-0.01566	0.67996	0.00385	1	1.45898	0.81042	0	
1227400	8279.73047	3303596899979	0.58479	0.41846	8279.62402	0.10645	10704	1	0.74508	0.49015	1	0.68734	0.61083	1	0.71621	0.55049	1	0.45102	0.54837	12.28960	1.05113	1	0.71387	0.56807	11.59108	1.05879	1	-0.01333	-0.01179	0.68359	0.00350	1	0.05486	-0.01566	0.67996	0.00373	1	1.45898	0.81042	0	
1227401	8279.73730	3303596966602	0.59211	0.42566	8279.62402	0.11328	10704	1	0.74570	0.48520	1	0.68734	0.61083	1	0.71652	0.54802	1	0.45129	0.54838	12.71772	1.05879	1	0.71428	0.56826	12.92093	1.05879	1	-0.01333	-0.01179	0.68359	0.00350	1	0.05277	-0.01505	0.65351	0.00369	1	1.45898	0.81042	0	
1227402	8279.74414	3303597033760	0.61957	0.46061	8279.62402	0.11328	10704	0	0.75255	0.45068	1	0.70126	0.65502	1	0.72690	0.55285	1	0.45149	0.54827	12.51640	1.05879	1	0.71408	0.56831	12.32467	1.05113	1	-0.01333	-0.01179	0.68359	0.00354	1	0.05277	-0.01505	0.65351	0.00376	1	1.45898	0.81042	0	
1227403	8279.75098	3303597101359	0.67167	0.51757	8279.62402	0.11328	10704	0	0.74528	0.50286	1	0.70225	0.64622	1	0.72376	0.57454	1	0.45152	0.54843	12.57131	1.05113	1	0.71429	0.56836	12.42564	1.04347	1	-0.01333	-0.01179	0.68359	0.00358	1	0.05277	-0.01505	0.65351	0.00381	1	1.45898	0.81042	0	
1227404	8279.75684	3303597168059	0.68817	0.53964	8279.62402	0.11328	10704	0	0.74399	0.51280	1	0.69833	0.65476	1	0.72116	0.58378	1	0.45151	0.54880	12.65847	1.03545	1	0.71577	0.56566	11.03595	1.02779	1	-0.01288	-0.01144	0.66306	0.00353	1	0.05336	-0.01526	0.66081	0.00253	1	1.45898	0.81042	0	
1227405	8279.76367	3303597235297	0.71292	0.57685	8279.62402	0.11328	10704	0	0.71211	0.53493	1	0.67555	0.60952	1	0.69383	0.57223	1	0.45126	0.54858	12.74934	1.01978	1	0.71472	0.56799	12.38645	1.01978	1	-0.01288	-0.01144	0.66306	0.00363	1	0.05336	-0.01526	0.66081	0.00366	1	1.45898	0.81042	0	
1227406	8279.77051	3303597299861	0.70621	0.58041	8279.62402	0.11328	10704	0	0.72396	0.54265	1	0.67503	0.62529	1	0.69949	0.58397	1	0.45147	0.54862	12.95970	1.01176	1	0.71473	0.56813	12.44557	1.01176	1	-0.01288	-0.01144	0.66306	0.00355	1	0.05336	-0.01526	0.66081	0.00370	1	1.45898	0.81042	0	
1227407	8279.77734	3303597367477	0.70387	0.58246	8279.62402	0.11328	10704	0	0.72342	0.54763	1	0.67495	0.62550	1	0.69918	0.58656	1	0.45155	0.54819	12.87836	1.00374	1	0.71481	0.56853	12.04284	1.01140	1	-0.01288	-0.01144	0.66306	0.00379	1	0.05359	-0.01532	0.66302	0.00395	1	1.45898	0.81042	0	
1227408	8279.78418	3303597435434	0.71493	0.56033	8279.76367	0.02051	10705	1	0.73803	0.56209	1	0.75819	0.42582	1	0.74811	0.49396	1	0.45169	0.54876	12.80558	1.01140	1	0.71603	0.56582	10.87189	1.01906	1	-0.01288	-0.01144	0.66306	0.00360	1	0.05359	-0.01532	0.66302	0.00267	1	1.45898	0.81042	0	
1227409	8279.79102	3303597505446	0.71338	0.56476	8279.76367	0.02734	10705	1	0.73689	0.48304	1	0.67752	0.68192	1	0.70720	0.58248	1	0.45181	0.54805	12.14016	1.01906	1	0.71471	0.56871	12.32339	1.02672	1	-0.01288	-0.01144	0.66306	0.00382	1	0.05359	-0.01532	0.66302	0.00361	1	1.45898	0.81042	0	
1227410	8279.79785	3303597572573	0.71255	0.56696	8279.76367	0.03418	10705	1	0.73748	0.47788	1	0.67929	0.67797	1	0.70838	0.57792	1	0.45183	0.54818	12.22978	1.02672	1	0.71452	0.56801	11.55704	1.03438	1	-0.01288	-0.01144	0.66306	0.00380	1	0.05359	-0.01532	0.66302	0.00368	1	1.45898	0.81042	0	
1227411	8279.80469	3303597639722	0.71270	0.56593	8279.76367	0.04102	10705	1	0.74708	0.49507	1	0.68018	0.62445	1	0.71363	0.55976	1	0.45184	0.54833	12.15660	1.03438	1	0.71476	0.56822	11.68912	1.03438	1	-0.01288	-0.01144	0.66306	0.00379	1	0.05359	-0.01532	0.66302	0.00375	1	1.45898	0.81042	0	
1227412	8279.81152	3303597706423	0.71295	0.56759	8279.76367	0.04785	10705	1	0.75519	0.51855	1	0.67413	0.63983	1	0.71466	0.57919	1	0.45194	0.54843	12.22969	1.03438	1	0.71455	0.56827	11.93138	1.03438	1	-0.01288	-0.01144	0.66306	0.00370	1	0.05359	-0.01532	0.66302	0.00370	1	1.45898	0.81042	0	
1227413	8279.81738	3303597773237	0.71328	0.56835	8279.76367	0.05371	10705	1	0.75593	0.51350	1	0.67594	0.63539	1	0.71593	0.57445	1	0.45233	0.54876	12.49159	1.04240	1	0.71606	0.56549	10.52154	1.04240	1	-0.01324	-0.01181	0.68446	0.00375	1	0.05544	-0.01581	0.68455	0.00252	1	1.45898	0.81042	0	
1227414	8279.82422	3303597840652	0.71919	0.55550	8279.76367	0.06055	10705	1	0.76738	0.49999	1	0.77743	0.37969	1	0.77240	0.43984	1	0.45218	0.54849	12.89088	1.05041	1	0.71612	0.56560	10.94479	1.05041	1	-0.01324	-0.01181	0.68446	0.00343	1	0.05544	-0.01581	0.68455	0.00250	1	1.45898	0.81042	0	
1227415	8279.83105	3303597905953	0.72101	0.55798	8279.76367	0.06738	10705	1	0.77519	0.51413	1	0.70318	0.65141	1	0.73919	0.58277	1	0.45223	0.54858	12.72566	1.05843	1	0.71501	0.56850	11.97385	1.05843	1	-0.01324	-0.01181	0.68446	0.00342	1	0.05544	-0.01581	0.68455	0.00407	1	1.45898	0.81042	0	
1227416	8279.83789	3303597974262	0.72245	0.56021	8279.76367	0.07422	10705	1	0.77519	0.51413	1	0.70129	0.65549	1	0.73824	0.58481	1	0.45219	0.54846	12.77583	1.05843	1	0.71644	0.56570	11.01337	1.05077	1	-0.01270	-0.01137	0.65903	0.00343	1	0.05323	-0.01512	0.65676	0.00251	1	1.45898	0.81042	0	
1227417	8279.84473	3303598041367	0.72655	0.55160	8279.76367	0.08105	10705	1	0.76292	0.50159	1	0.78881	0.39486	1	0.77586	0.44822	1	0.45223	0.54832	12.69147	1.04275	1	0.71651	0.56552	10.64838	1.03509	1	-0.01270	-0.01137	0.65903	0.00350	1	0.05323	-0.01512	0.65676	0.00248	1	1.45898	0.81042	0	
1227418	8279.85156	3303598107949	0.72537	0.55280	8279.76367	0.08789	10705	1	0.75740	0.50610	1	0.66253	0.63072	1	0.70996	0.56841	1	0.45213	0.54816	12.49945	1.02708	1	0.71489	0.56807	12.04703	1.01942	1	-0.01270	-0.01137	0.65903	0.00351	1	0.05323	-0.01512	0.65676	0.00385	1	1.45898	0.81042	0	
1227419	8279.85840	3303598175616	0.72426	0.55415	8279.76367	0.09473	10705	1	0.75667	0.51105	1	0.66086	0.63509	1	0.70877	0.57307	1	0.45208	0.54807	12.33426	1.01942	1	0.71521	0.56823	12.35787	1.01176	1	-0.01298	-0.01166	0.67599	0.00351	1	0.05323	-0.01512	0.65676	0.00373	1	1.45898	0.81042	0	
1227420	8279.86426	3303598241938	0.72742	0.54848	8279.76367	0.10059	10705	1	0.75884	0.51172	1	0.79069	0.41498	1	0.77477	0.46335	1	0.45218	0.54830	12.72208	1.01978	1	0.71664	0.56563	10.41938	1.01978	1	-0.01298	-0.01166	0.67599	0.00348	1	0.05323	-0.01512	0.65676	0.00250	1	1.45898	0.81042	0	
1227421	8279.87109	3303598308774	0.72949	0.54202	8279.76367	0.10742	10705	1	0.75330	0.48377	1	0.77182	0.39372	1	0.76256	0.43875	1	0.45207	0.54815	12.30822	1.02779	1	0.71658	0.56547	10.69642	1.02779	1	-0.01298	-0.01166	0.67599	0.00347	1	0.05323	-0.01512	0.65676	0.00251	1	1.45898	0.81042	0	
1227422	8279.87793	3303598376304	0.73141	0.53595	8279.76367	0.11426	10705	1	0.75403	0.47842	1	0.77436	0.38723	1	0.76419	0.43283	1	0.45212	0.54816	12.49284	1.03581	1	0.71660	0.56566	11.13500	1.03581	1	-0.01298	-0.01166	0.67599	0.00350	1	0.05300	-0.01511	0.65390	0.00243	1	1.45898	0.81042	0	
1227423	8279.88477	3303598443118	0.73383	0.53105	8279.76367	0.12109	10705	1	0.75272	0.47397	1	0.80201	0.41171	1	0.77736	0.44284	1	0.45199	0.54812	12.59941	1.03581	1	0.71660	0.56571	10.83214	1.03581	1	-0.01298	-0.01166	0.67599	0.00350	1	0.05300	-0.01511	0.65390	0.00245	1	1.45898	0.81042	0	
1227424	8279.89160	3303598510009	0.75162	0.49978	8279.76367	0.12109	10705	0	0.76147	0.48769	1	0.79884	0.40846	1	0.78016	0.44807	1	0.45218	0.54829	12.64079	1.03581	1	0.71648	0.56567	11.15797	1.03581	1	-0.01298	-0.01166	0.67599	0.00349	1	0.05300	-0.01511	0.65390	0.00250	1	1.45898	0.81042	0	
1227425	8279.89844	3303598577238	0.76589	0.47393	8279.76367	0.12109	10705	0	0.76147	0.48769	1	0.79884	0.40846	1	0.78016	0.44807	1	0.45217	0.54830	12.64387	1.03581	1	0.71533	0.56880	12.23902	1.03581	1	-0.01298	-0.01166	0.67599	0.00349	1	0.05323	-0.01512	0.65676	0.00395	1	1.45898	0.81042	0	
1227426	8279.90430	3303598642249	0.76691	0.46931	8279.76367	0.12109	10705	0	0.76695	0.50597	1	0.77094	0.41419	1	0.76894	0.46008	1	0.45218	0.54826	12.69122	1.03581	1	0.71663	0.56609	11.51262	1.03581	1	-0.01298	-0.01166	0.67599	0.00351	1	0.05323	-0.01512	0.65676	0.00254	1	1.45898	0.81042	0	
1227427	8279.91113	3303598711231	0.76331	0.46312	8279.89160	0.01953	10706	1	0.76551	0.52180	1	0.73953	0.36725	1	0.75252	0.44452	1	0.45221	0.54843	12.66427	1.03581	1	0.71649	0.56573	10.97124	1.03581	1	-0.01298	-0.01166	0.67599	0.00346	1	0.05323	-0.01512	0.65676	0.00253	1	1.45898	0.81042	0	
1227428	8279.91797	3303598778148	0.76115	0.45940	8279.89160	0.02637	10706	1	0.76551	0.52180	1	0.73953	0.36725	1	0.75252	0.44452	1	0.45207	0.54821	12.45696	1.03581	1	0.71660	0.56572	10.69655	1.03581	1	-0.01298	-0.01161	0.67599	0.00345	1	0.05300	-0.01511	0.65390	0.00254	1	1.45898	0.81042	0	
1227429	8279.92480	3303598845009	0.76199	0.45758	8279.89160	0.03320	10706	1	0.73698	0.50276	1	0.79541	0.39421	1	0.76620	0.44849	1	0.45211	0.54806	12.55812	1.03581	1	0.71650	0.56595	11.55246	1.03581	1	-0.01298	-0.01161	0.67599	0.00336	1	0.05300	-0.01511	0.65390	0.00243	1	1.45898	0.81042	0	
1227430	8279.93164	3303598912221	0.76117	0.45285	8279.89160	0.04004	10706	1	0.73534	0.49666	1	0.77712	0.35232	1	0.75623	0.42449	1	0.45217	0.54826	12.61891	1.03581	1	0.71661	0.56564	10.84661	1.03581	1	-0.01298	-0.01161	0.67599	0.00349	1	0.05300	-0.01511	0.65390	0.00252	1	1.45898	0.81042	0	
1227431	8279.93848	3303598979589	0.76055	0.44931	8279.89160	0.04688	10706	1	0.73534	0.49666	1	0.77712	0.35232	1	0.75623	0.42449	1	0.45217	0.54833	12.63702	1.03581	1	0.71659	0.56560	10.55570	1.03581	1	-0.01298	-0.01166	0.67599	0.00346	1	0.05300	-0.01511	0.65390	0.00245	1	1.45898	0.81042	0	
1227432	8279.94531	3303599043682	0.76170	0.45127	8279.89160	0.05371	10706	1	0.77017	0.50358	1	0.77163	0.43044	1	0.77090	0.46701	1	0.45220	0.54829	12.63030	1.03581	1	0.71661	0.56580	10.90486	1.03581	1	-0.01298	-0.01166	0.67599	0.00350	1	0.05300	-0.01511	0.65390	0.00252	1	1.45898	0.81042	0	
1227433	8279.95215	3303599113124	0.76357	0.45173	8279.89160	0.06055	10706	1	0.75777	0.49349	1	0.80307	0.41822	1	0.78042	0.45585	1	0.45209	0.54820	12.46223	1.03581	1	0.71663	0.56567	10.75874	1.03581	1	-0.01298	-0.01166	0.67599	0.00345	1	0.05300	-0.01511	0.65390	0.00257	1	1.45898	0.81042	0	
1227434	8279.95898	3303599180790	0.76495	0.45263	8279.89160	0.06738	10706	1	0.75702	0.49872	1	0.80032	0.42448	1	0.77867	0.46160	1	0.45210	0.54839	12.58809	1.02779	1	0.71666	0.56579	10.72521	1.02779	1	-0.01270	-0.01137	0.65903	0.00340	1	0.05323	-0.01512	0.65676	0.00250	1	1.45898	0.81042	0	
1227435	8279.96484	3303599246962	0.76513	0.45463	8279.89160	0.07324	10706	1	0.75608	0.53369	1	0.77822	0.41954	1	0.76715	0.47661	1	0.45216	0.54839	12.68102	1.01978	1	0.71664	0.56563	10.25594	1.01978	1	-0.01270	-0.01137	0.65903	0.00343	1	0.05323	-0.01512	0.65676	0.00249	1	1.45898	0.81042	0	
1227436	8279.97168	3303599313766	0.76545	0.45627	8279.89160	0.08008	10706	1	0.75336	0.50184	1	0.78535	0.45020	1	0.76936	0.47602	1	0.45210	0.54806	12.52287	1.01176	1	0.71648	0.56605	11.88307	1.01176	1	-0.01270	-0.01137	0.65903	0.00340	1	0.05323	-0.01512	0.65676	0.00245	1	1.45898	0.81042	0	
1227437	8279.97852	3303599379846	0.76561	0.45809	8279.89160	0.08691	10706	1	0.75262	0.50713	1	0.78266	0.45634	1	0.76764	0.48174	1	0.45217	0.54840	12.74325	1.00374	1	0.71642	0.56600	11.46172	1.00374	1	-0.01270	-0.01137	0.65903	0.00343	1	0.05300	-0.01511	0.65390	0.00242	1	1.45898	0.81042	0	
1227438	8279.98535	3303599447588	0.76613	0.45997	8279.89160	0.09375	10706	1	0.75503	0.53914	1	0.79175	0.43337	1	0.77339	0.48626	1	0.45216	0.54838	12.67346	1.00374	1	0.71659	0.56560	10.55570	1.00374	1	-0.01270	-0.01137	0.65903	0.00345	1	0.05300	-0.01511	0.65390	0.00245	1	1.45898	0.81042	0	
1227439	8279.99121	3303599511990	0.76658	0.46030	8279.89160	0.09961	10706	1	0.76436	0.52675	1	0.78220	0.40389	1	0.77328	0.46532	1	0.45223	0.54837	12.66045	1.00374	1	0.71648	0.56579	11.15019	1.00374	1	-0.01270	-0.01137	0.65903	0.00356	1	0.05300	-0.01511	0.65390	0.00242	1	1.45898	0.81042	0	
1227440	8279.99902	3303599581993	0.76715	0.46007	8279.89160	0.10742	10706	1	0.76519	0.52162	1	0.78745	0.39103	1	0.77632	0.45632	1	0.45204	0.54858	12.28950	1.01176	1	0.71642	0.56574	11.07170	1.01942	1	-0.01324	-0.01181	0.68446	0.00367	1	0.05544	-0.01581	0.68455	0.00247	1	1.45898	0.81042	0	
1227441	8280.00586	3303599649118	0.76695	0.46018	8279.89160	0.11426	10706	1	0.74880	0.50966	1	0.77830	0.41449	1	0.76355	0.46207	1	0.45204	0.54819	11.82741	1.02743	1	0.71626	0.56582	10.95892	1.03509	1	-0.01324	-0.01181	0.68446	0.00373	1	0.05544	-0.01581	0.68455	0.00245	1	1.45898	0.81042	0	
1227442	8280.01172	3303599715939	0.76743	0.45986	8279.89160	0.12012	10706	1	0.76392	0.51414	1	0.78839	0.39396	1	0.77615	0.45405	1	0.45207	0.54854	12.18263	1.04311	1	0.71630	0.56572	10.98440	1.05077	1	-0.01324	-0.01181	0.68446	0.00371	1	0.05544	-0.01581	0.68455	0.00241	1	1.45898	0.81042	0	
1227443	8280.01855	3303599782985	0.76797	0.45916	8279.89160	0.12695	10706	1	0.76547	0.50430	1	0.79099	0.38759	1	0.77823	0.44595	1	0.45183	0.54784	11.92708	1.05879	1	0.71631	0.56556	10.02698	1.05879	1	-0.01324	-0.01181	0.68446	0.00364	1	0.05310	-0.01511	0.65629	0.00260	1	1.45898	0.81042	0	
1227444	8280.02539	3303599849994	0.76714	0.45808	8279.89160	0.13379	10706	1	0.73268	0.48737	1	0.76832	0.38540	1	0.75050	0.43638	1	0.45171	0.54825	12.28053	1.05879	1	0.71608	0.56556	10.20109	1.05113	1	-0.01324	-0.01181	0.68446	0.00339	1	0.05310	-0.01511	0.65629	0.00254	1	1.45898	0.81042	0	
1227445	8280.03223	3303599916822	0.76670	0.45613	8279.89160	0.14062	10706	1	0.74130	0.43707	1	0.77370	0.39351	1	0.75750	0.41529	1	0.45186	0.54767	11.89337	1.05113	1	0.71612	0.56556	10.16553	1.04347	1	-0.01324	-0.01181	0.68446	0.00365	1	0.05310	-0.01511	0.65629	0.00256	1	1.45898	0.81042	0	
1227446	8280.03906	3303599984454	0.76617	0.45487	8279.89160	0.14746	10706	1	0.74010	0.44798	1	0.76878	0.40602	1	0.75444	0.42700	1	0.45159	0.54773	11.82791	1.03545	1	0.71605	0.56542	11.07395	1.02779	1	-0.01288	-0.01139	0.66306	0.00346	1	0.05304	-0.01495	0.65566	0.00252	1	1.45898	0.81042	0	
1227447	8280.04590	3303600051176	0.76339	0.45893	8279.89160	0.15430	10706	1	0.71404	0.48958	1	0.68501	0.61534	1	0.69952	0.55246	1	0.45148	0.54794	11.85821	1.01978	1	0.71485	0.56783	12.14869	1.01978	1	-0.01288	-0.01139	0.66306	0.00342	1	0.05304	-0.01495	0.65566	0.00368	1	1.45898	0.81042	0	
1227448	8280.05176	3303600116889	0.76074	0.46499	8279.89160	0.16016	10706	1	0.71585	0.53246	1	0.67832	0.68833	1	0.69709	0.61040	1	0.45144	0.54788	11.83596	1.01176	1	0.71469	0.56754	12.07251	1.01176	1	-0.01288	-0.01139	0.66306	0.00349	1	0.05304	-0.01495	0.65566	0.00356	1	1.45898	0.81042	0	
1227449	8280.05859	3303600184762	0.75828	0.47068	8279.89160	0.16699	10706	1	0.71538	0.53753	1	0.67824	0.68851	1	0.69681	0.61302	1	0.45174	0.54795	12.04474	1.00374	1	0.71617	0.56460	11.02884	1.01140	1	-0.01281	-0.01118	0.65981	0.00367	1	0.05359	-0.01507	0.66302	0.00249	1	1.45898	0.81042	0	
1227450	8280.06543	3303600251765	0.75594	0.47498	8279.89160	0.17383	10706	1	0.71495	0.53097	1	0.67542	0.64258	1	0.69518	0.58678	1	0.45131	0.54753	12.31207	1.01140	1	0.71468	0.56716	11.34367	1.01906	1	-0.01281	-0.01118	0.65981	0.00357	1	0.05359	-0.01507	0.66302	0.00397	1	1.45898	0.81042	0	
1227451	8280.07227	3303600318856	0.73695	0.50402	8279.89160	0.17383	10706	0	0.73317	0.51671	1	0.66311	0.66044	1	0.69814	0.58857	1	0.45136	0.54749	12.24771	1.01906	1	0.71452	0.56752	11.73942	1.02672	1	-0.01281	-0.01118	0.65981	0.00336	1	0.05359	-0.01507	0.66302	0.00386	1	1.45898	0.81042	0	
1227452	8280.07910	3303600385622	0.71869	0.54168	8279.89160	0.17383	10706	0	0.73433	0.50665	1	0.66652	0.65201	1	0.70042	0.57933	1	0.45128	0.54703	12.00114	1.03474	1	0.71580	0.56387	10.70850	1.04240	1	-0.01333	-0.01159	0.68359	0.00333	1	0.05359	-0.01492	0.66302	0.00243	1	1.45898	0.81042	0	
1227453	8280.08594	3303600452255	0.72580	0.56279	8279.89160	0.17383	10706	0	0.75429	0.52936	1	0.72580	0.68068	1	0.74004	0.60502	1	0.45112	0.54719	12.10978	1.05041	1	0.71465	0.56680	12.13929	1.05041	1	-0.01333	-0.01159	0.68359	0.00345	1	0.05359	-0.01492	0.66302	0.00370	1	1.45898	0.81042	0	
1227454	8280.09277	3303600519582	0.72613	0.56256	8280.07227	0.02051	10707	1	0.74156	0.44869	1	0.71266	0.67504	1	0.72711	0.56186	1	0.45102	0.54700	11.52364	1.05843	1	0.71434	0.56686	12.29188	1.05843	1	-0.01333	-0.01159	0.68359	0.00343	1	0.05359	-0.01492	0.66302	0.00363	1	1.45898	0.81042	0	
1227455	8280.09863	3303600586085	0.72640	0.56186	8280.07227	0.02637	10707	1	0.74218	0.44323	1	0.71275	0.67486	1	0.72746	0.55905	1	0.45105	0.54708	12.21838	1.06645	1	0.71560	0.56287	10.25826	1.05879	1	-0.01337	-0.01133	0.68038	0.00355	1	0.05313	-0.01460	0.65787	0.00251	1	1.45898	0.81042	0	
1227456	8280.10547	3303600653335	0.73419	0.54824	8280.07227	0.03320	10707	1	0.76210	0.53168	1	0.78424	0.42866	1	0.77317	0.48017	1	0.45116	0.54684	12.13662	1.05879	1	0.71563	0.56289	10.24656	1.05113	1	-0.01337	-0.01133	0.68038	0.00347	1	0.05313	-0.01460	0.65787	0.00252	1	1.45898	0.81042	0	
1227457	8280.11230	3303600720400	0.73251	0.55432	8280.07227	0.04004	10707	1	0.74719	0.49413	1	0.69758	0.68738	1	0.72238	0.59075	1	0.45100	0.54643	11.81386	1.05113	1	0.71426	0.56583	12.11899	1.04347	1	-0.01337	-0.01133	0.68038	0.00343	1	0.05313	-0.01460	0.65787	0.00361	1	1.45898	0.81042	0	
1227458	8280.11914	3303600787621	0.73092	0.55999	8280.07227	0.04688	10707	1	0.74588	0.50420	1	0.69372	0.69528	1	0.71980	0.59974	1	0.45086	0.54586	11.65419	1.03545	1	0.71548	0.56234	10.48480	1.02779	1	-0.01303	-0.01090	0.66066	0.00344	1	0.05306	-0.01442	0.65827	0.00252	1	1.45898	0.81042	0	
1227459	8280.12598	3303600850689	0.72801	0.56193	8280.07227	0.05371	10707	1	0.73058	0.48449	1	0.67888	0.67042	1	0.70473	0.57745	1	0.45087	0.54587	11.47970	1.01978	1	0.71396	0.56496	11.35091	1.01978	1	-0.01303	-0.01090	0.66066	0.00347	1	0.05306	-0.01442	0.65827	0.00382	1	1.45898	0.81042	0	
1227460	8280.13281	3303600919058	0.72606	0.56670	8280.07227	0.06055	10707	1	0.74749	0.50928	1	0.66955	0.70986	1	0.70852	0.60957	1	0.45108	0.54625	11.96233	1.01176	1	0.71386	0.56483	11.78178	1.01176	1	-0.01303	-0.01090	0.66066	0.00350	1	0.05306	-0.01442	0.65827	0.00362	1	1.45898	0.81042	0	
1227461	8280.13867	3303600985888	0.72443	0.57084	8280.07227	0.06641	10707	1	0.74679	0.51452	1	0.66947	0.71004	1	0.70813	0.61228	1	0.45091	0.54536	12.07715	1.00374	1	0.71516	0.56158	11.10198	1.01140	1	-0.01303	-0.01080	0.66066	0.00360	1	0.05482	-0.01481	0.68072	0.00250	1	1.45898	0.81042	0	
1227462	8280.14551	3303601053569	0.72618	0.56092	8280.07227	0.07324	10707	1	0.74824	0.50097	1	0.74273	0.40261	1	0.74549	0.45179	1	0.45087	0.54511	11.97692	1.01140	1	0.71504	0.56166	10.59767	1.01906	1	-0.01303	-0.01080	0.66066	0.00351	1	0.05482	-0.01481	0.68072	0.00251	1	1.45898	0.81042	0	
1227463	8280.15234	3303601120072	0.72628	0.56250	8280.07227	0.08008	10707	1	0.75054	0.49388	1	0.70440	0.66908	1	0.72747	0.58148	1	0.45084	0.54527	12.06757	1.01906	1	0.71395	0.56452	11.65790	1.02672	1	-0.01303	-0.01080	0.66066	0.00337	1	0.05482	-0.01481	0.68072	0.00389	1	1.45898	0.81042	0	
1227464	8280.15918	3303601187254	0.72649	0.56333	8280.07227	0.08691	10707	1	0.75193	0.48349	1	0.70646	0.66482	1	0.72919	0.57416	1	0.45077	0.54509	12.34636	1.03474	1	0.71516	0.56121	9.97339	1.03474	1	-0.01347	-0.01112	0.68032	0.00337	1	0.05334	-0.01432	0.66297	0.00248	1	1.45898	0.81042	0	
1227465	8280.16602	3303601252946	0.72959	0.55593	8280.07227	0.09375	10707	1	0.76980	0.50612	1	0.77615	0.39829	1	0.77297	0.45221	1	0.45073	0.54552	12.38076	1.04275	1	0.71514	0.56134	10.41333	1.03509	1	-0.01347	-0.01112	0.68032	0.00351	1	0.05334	-0.01432	0.66297	0.00248	1	1.45898	0.81042	0	
1227466	8280.17285	3303601320422	0.73269	0.54831	8280.07227	0.10059	10707	1	0.75761	0.51546	1	0.80089	0.35282	1	0.77925	0.43414	1	0.45052	0.54553	12.71478	1.04311	1	0.71508	0.56120	9.99722	1.03545	1	-0.01347	-0.01112	0.68032	0.00343	1	0.05334	-0.01432	0.66297	0.00244	1	1.45898	0.81042	0	
1227467	8280.17871	3303601385687	0.73541	0.54174	8280.07227	0.10645	10707	1	0.75689	0.52026	1	0.80089	0.35282	1	0.77889	0.43654	1	0.45061	0.54537	12.28327	1.03545	1	0.71530	0.56098	9.88091	1.03545	1	-0.01307	-0.01076	0.65783	0.00368	1	0.05437	-0.01461	0.67645	0.00272	1	1.45898	0.81042	0	
1227468	8280.18652	3303601456865	0.73659	0.53513	8280.07227	0.11426	10707	1	0.72737	0.46130	1	0.78595	0.38410	1	0.75666	0.42270	1	0.45012	0.54473	11.30270	1.02743	1	0.71490	0.56085	9.93429	1.03509	1	-0.01307	-0.01076	0.65783	0.00363	1	0.05437	-0.01461	0.67645	0.00239	1	1.45898	0.81042	0	
1227469	8280.19336	3303601524899	0.73777	0.52965	8280.07227	0.12109	10707	1	0.72729	0.47987	1	0.79062	0.38235	1	0.75895	0.43111	1	0.45010	0.54507	11.47389	1.02708	1	0.71495	0.56097	9.83967	1.03474	1	-0.01307	-0.01076	0.65783	0.00354	1	0.05437	-0.01461	0.67645	0.00248	1	1.45898	0.81042	0	
1227470	8280.19922	3303601591252	0.73882	0.52474	8280.07227	0.12695	10707	1	0.72727	0.48011	1	0.79050	0.38265	1	0.75888	0.43138	1	0.45027	0.54546	11.84935	1.02672	1	0.71321	0.56413	11.96413	1.03438	1	-0.01315	-0.01074	0.65664	0.00349	1	0.05440	-0.01465	0.67802	0.00365	1	1.45898	0.81042	0	
1227471	8280.20605	3303601658361	0.75019	0.48527	8280.07227	0.12695	10707	0	0.74337	0.39693	1	0.81226	0.37485	1	0.77781	0.38589	1	0.45017	0.54420	11.68507	1.03438	1	0.71437	0.56076	10.12826	1.03438	1	-0.01315	-0.01074	0.65664	0.00363	1	0.05440	-0.01465	0.67802	0.00239	1	1.45898	0.81042	0	
1227472	8280.21289	3303601725653	0.76537	0.46202	8280.07227	0.12695	10707	0	0.75900	0.48659	1	0.80212	0.39093	1	0.78056	0.43876	1	0.44977	0.54519	12.06602	1.03438	1	0.71435	0.56080	9.91568	1.03438	1	-0.01315	-0.01074	0.65664	0.00355	1	0.05440	-0.01465	0.67802	0.00250	1	1.45898	0.81042	0	
1227473	8280.21973	3303601792475	0.77058	0.45334	8280.07227	0.12695	10707	0	0.75975	0.48131	1	0.80224	0.39064	1	0.78100	0.43597	1	0.44939	0.54543	11.69387	1.04240	1	0.71359	0.56089	10.78981	1.03474	1	-0.01384	-0.01117	0.68347	0.00345	1	0.05216	-0.01403	0.65196	0.00247	1	1.45898	0.81042	0	
1227474	8280.22656	3303601859741	0.76343	0.44326	8280.20605	0.02051	10708	1	0.73525	0.44820	1	0.74871	0.37788	1	0.74198	0.41304	1	0.44947	0.54482	11.90500	1.04275	1	0.71358	0.56087	10.74550	1.03509	1	-0.01384	-0.01117	0.68347	0.00365	1	0.05216	-0.01403	0.65196	0.00245	1	1.45898	0.81042	0	
1227475	8280.23340	3303601926257	0.76027	0.43455	8280.20605	0.02734	10708	1	0.73535	0.47779	1	0.75991	0.32161	1	0.74763	0.39970	1	0.44933	0.54501	11.60786	1.04311	1	0.71368	0.56082	10.61325	1.03545	1	-0.01384	-0.01117	0.68347	0.00358	1	0.05216	-0.01403	0.65196	0.00247	1	1.45898	0.81042	0	
1227476	8280.24023	3303601993567	0.75837	0.42814	8280.20605	0.03418	10708	1	0.73537	0.47756	1	0.76234	0.31460	1	0.74886	0.39608	1	0.44936	0.54546	11.95272	1.04347	1	0.71327	0.56084	10.08468	1.04347	1	-0.01384	-0.01117	0.68347	0.00370	1	0.05511	-0.01484	0.68941	0.00236	1	1.45898	0.81042	0	
1227477	8280.24609	3303602059994	0.75733	0.42242	8280.20605	0.04004	10708	1	0.73995	0.46183	1	0.76229	0.31443	1	0.75112	0.38813	1	0.44938	0.54551	11.92683	1.04347	1	0.71324	0.56084	10.12079	1.05113	1	-0.01384	-0.01117	0.68347	0.00371	1	0.05511	-0.01484	0.68941	0.00234	1	1.45898	0.81042	0	
1227478	8280.25293	3303602127211	0.75853	0.42050	8280.20605	0.04688	10708	1	0.74323	0.50330	1	0.79060	0.31078	1	0.76691	0.40704	1	0.44933	0.54591	12.31107	1.05113	1	0.71334	0.56079	9.99626	1.05879	1	-0.01384	-0.01117	0.68347	0.00360	1	0.05511	-0.01484	0.68941	0.00230	1	1.45898	0.81042	0	
1227479	8280.25977	3303602194336	0.75950	0.41873	8280.20605	0.05371	10708	1	0.74384	0.49845	1	0.79060	0.31078	1	0.76722	0.40461	1	0.44888	0.54536	11.57263	1.05879	1	0.71305	0.56094	9.77458	1.05879	1	-0.01394	-0.01122	0.68330	0.00345	1	0.05216	-0.01406	0.65317	0.00251	1	1.45898	0.81042	0	
1227480	8280.26660	3303602259505	0.76004	0.42012	8280.20605	0.06055	10708	1	0.74897	0.53700	1	0.78087	0.32829	1	0.76492	0.43264	1	0.44870	0.54624	12.27335	1.05879	1	0.71309	0.56099	9.92151	1.05113	1	-0.01394	-0.01122	0.68330	0.00347	1	0.05216	-0.01406	0.65317	0.00247	1	1.45898	0.81042	0	
1227481	8280.27344	3303602328170	0.76037	0.42258	8280.20605	0.06738	10708	1	0.74831	0.54158	1	0.77897	0.35264	1	0.76364	0.44711	1	0.44870	0.54624	12.27335	1.05113	1	0.71309	0.56113	10.12632	1.04347	1	-0.01394	-0.01122	0.68330	0.00347	1	0.05216	-0.01406	0.65317	0.00241	1	1.45898	0.81042	0	
1227482	8280.28027	3303602395120	0.76051	0.42508	8280.20605	0.07422	10708	1	0.74766	0.54616	1	0.77653	0.35906	1	0.76210	0.45261	1	0.44883	0.54632	11.71108	1.04347	1	0.71286	0.56112	9.89908	1.03581	1	-0.01394	-0.01122	0.68330	0.00353	1	0.05216	-0.01416	0.65317	0.00231	1	1.45898	0.81042	0	
1227483	8280.28711	3303602462420	0.76018	0.42527	8280.20605	0.08105	10708	1	0.75117	0.51089	1	0.76121	0.34431	1	0.75619	0.42760	1	0.44885	0.54636	11.70259	1.03581	1	0.71286	0.56104	9.77763	1.03581	1	-0.01394	-0.01122	0.68330	0.00357	1	0.05216	-0.01416	0.65317	0.00233	1	1.45898	0.81042	0	
1227484	8280.29297	3303602529423	0.75968	0.42673	8280.20605	0.08691	10708	1	0.74719	0.55578	1	0.75918	0.33564	1	0.75318	0.44571	1	0.44872	0.54660	11.97374	1.03581	1	0.71280	0.56113	10.03388	1.03581	1	-0.01394	-0.01122	0.68330	0.00342	1	0.05216	-0.01416	0.65317	0.00228	1	1.45898	0.81042	0	
1227485	8280.29980	3303602595621	0.75914	0.42839	8280.20605	0.09375	10708	1	0.74650	0.56053	1	0.75675	0.34254	1	0.75163	0.45154	1	0.44884	0.54657	12.00895	1.02779	1	0.71280	0.56130	9.70728	1.02779	1	-0.01338	-0.01083	0.65365	0.00366	1	0.05216	-0.01416	0.65317	0.00225	1	1.45898	0.81042	0	
1227486	8280.30664	3303602662968	0.75864	0.42861	8280.20605	0.10059	10708	1	0.75251	0.52529	1	0.74984	0.33851	1	0.75118	0.43190	1	0.44884	0.54649	11.98167	1.01978	1	0.71282	0.56132	9.74891	1.01978	1	-0.01338	-0.01083	0.65365	0.00370	1	0.05216	-0.01416	0.65317	0.00244	1	1.45898	0.81042	0	
1227487	8280.31348	3303602730015	0.75808	0.42935	8280.20605	0.10742	10708	1	0.74065	0.54088	1	0.75758	0.34158	1	0.74911	0.44123	1	0.44878	0.54660	11.88338	1.01176	1	0.71301	0.56130	9.30901	1.01176	1	-0.01338	-0.01083	0.65365	0.00346	1	0.05216	-0.01416	0.65317	0.00238	1	1.45898	0.81042	0	
1227488	8280.32031	3303602797144	0.75758	0.43001	8280.20605	0.11426	10708	1	0.74065	0.54088	1	0.75758	0.34158	1	0.74911	0.44123	1	0.44872	0.54617	11.40616	1.01176	1	0.71266	0.56145	10.03043	1.01176	1	-0.01395	-0.01131	0.67903	0.00348	1	0.05316	-0.01456	0.66693	0.00232	1	1.45898	0.81042	0	
1227489	8280.32715	3303602861908	0.75671	0.42925	8280.20605	0.12109	10708	1	0.74137	0.48569	1	0.74044	0.34532	1	0.74091	0.41551	1	0.44859	0.54579	11.61455	1.01978	1	0.71266	0.56152	10.59830	1.01978	1	-0.01395	-0.01131	0.67903	0.00350	1	0.05316	-0.01456	0.66693	0.00231	1	1.45898	0.81042	0	
1227490	8280.33301	3303602929476	0.75577	0.42911	8280.20605	0.12695	10708	1	0.72645	0.48888	1	0.74948	0.36428	1	0.73796	0.42658	1	0.44853	0.54612	11.73904	1.02779	1	0.71284	0.56168	10.40662	1.02779	1	-0.01395	-0.01131	0.67903	0.00356	1	0.05316	-0.01456	0.66693	0.00230	1	1.45898	0.81042	0	
1227491	8280.33984	3303602998109	0.75504	0.42855	8280.20605	0.13379	10708	1	0.72698	0.48356	1	0.75411	0.35114	1	0.74055	0.41735	1	0.44860	0.54623	12.12682	1.03581	1	0.71249	0.56199	10.59485	1.04347	1	-0.01395	-0.01131	0.67903	0.00355	1	0.05417	-0.01485	0.68024	0.00227	1	1.45898	0.81042	0	
1227492	8280.34668	3303603065206	0.75485	0.42843	8280.20605	0.14062	10708	1	0.75062	0.53110	1	0.75091	0.32058	1	0.75077	0.42584	1	0.44879	0.54671	11.52884	1.04347	1	0.71258	0.56192	10.31049	1.05113	1	-0.01395	-0.01131	0.67903	0.00367	1	0.05417	-0.01485	0.68024	0.00244	1	1.45898	0.81042	0	
1227493	8280.35352	3303603132018	0.75431	0.42716	8280.20605	0.14746	10708	1	0.73866	0.49156	1	0.74640	0.30701	1	0.74253	0.39928	1	0.44863	0.54689	11.99448	1.05113	1	0.71244	0.56194	10.47185	1.05879	1	-0.01395	-0.01131	0.67903	0.00365	1	0.05417	-0.01485	0.68024	0.00232	1	1.45898	0.81042	0	
1227494	8280.36035	3303603198778	0.75384	0.42590	8280.20605	0.15430	10708	1	0.73924	0.48662	1	0.74640	0.30701	1	0.74282	0.39681	1	0.44862	0.54682	11.98315	1.05879	1	0.71267	0.56187	9.85384	1.05879	1	-0.01395	-0.01131	0.67903	0.00364	1	0.05316	-0.01456	0.66693	0.00239	1	1.45898	0.81042	0	
1227495	8280.36719	3303603265127	0.75360	0.42454	8280.20605	0.16113	10708	1	0.73476	0.46840	1	0.76112	0.31554	1	0.74794	0.39197	1	0.44858	0.54667	11.89888	1.05879	1	0.71274	0.56190	9.77485	1.05113	1	-0.01395	-0.01131	0.67903	0.00363	1	0.05316	-0.01456	0.66693	0.00243	1	1.45898	0.81042	0	
1227496	8280.37402	3303603333479	0.75344	0.42344	8280.20605	0.16797	10708	1	0.74498	0.47267	1	0.75373	0.31924	1	0.74936	0.39596	1	0.44862	0.54666	11.92790	1.05113	1	0.71270	0.56186	9.72193	1.04347	1	-0.01395	-0.01131	0.67903	0.00373	1	0.05316	-0.01456	0.66693	0.00239	1	1.45898	0.81042	0	
1227497	8280.37988	3303603397879	0.75323	0.42264	8280.20605	0.17383	10708	1	0.74436	0.47775	1	0.75148	0.32590	1	0.74792	0.40182	1	0.44859	0.54720	12.21636	1.04347	1	0.71274	0.56206	9.95439	1.03581	1	-0.01395	-0.01136	0.67903	0.00349	1	0.05316	-0.01466	0.66693	0.00243	1	1.45898	0.81042	0	
1227498	8280.38672	3303603466527	0.75290	0.42120	8280.20605	0.18066	10708	1	0.72803	0.47604	1	0.75986	0.28880	1	0.74395	0.38242	1	0.44846	0.54708	12.04498	1.03581	1	0.71275	0.56201	9.20592	1.03581	1	-0.01395	-0.01136	0.67903	0.00347	1	0.05316	-0.01466	0.66693	0.00247	1	1.45898	0.81042	0	
1227499	8280.39355	3303603529469	0.75237	0.42063	8280.20605	0.18750	10708	1	0.72314	0.50177	1	0.75191	0.30711	1	0.73753	0.40444	1	0.44839	0.54714	12.32744	1.03581	1	0.71270	0.56202	9.41908	1.03581	1	-0.01395	-0.01136	0.67903	0.00341	1	0.05316	-0.01466	0.66693	0.00246	1	1.45898	0.81042	0	
1227500	8280.40039	3303603599903	0.75184	0.42019	8280.20605	0.19434	10708	1	0.72314	0.50177	1	0.74990	0.31315	1	0.73652	0.40746	1	0.44851	0.54651	11.77936	1.03581	1	0.71264	0.56265	10.90868	1.02900	1	-0.01386	-0.01138	0.67439	0.00367	1	0.05046	-0.01390	0.63250	0.00231	1	1.45898	0.81042	0	
1227501	8280.40723	3303603667445	0.75106	0.41977	8280.20605	0.20117	10708	1	0.71929	0.45682	1	0.73590	0.35797	1	0.72760	0.40739	1	0.44837	0.54678	11.91119	1.02900	1	0.71252	0.56261	10.94684	1.02219	1	-0.01386	-0.01138	0.67439	0.00339	1	0.05046	-0.01390	0.63250	0.00239	1	1.45898	0.81042	0	
1227502	8280.41406	3303603731819	0.75202	0.42058	8280.20605	0.20801	10708	1	0.77106	0.46429	1	0.79224	0.42691	1	0.78165	0.44560	1	0.44848	0.54685	12.20841	1.02219	1	0.71261	0.56265	10.71881	1.01538	1	-0.01386	-0.01138	0.67439	0.00353	1	0.05046	-0.01390	0.63250	0.00251	1	1.45898	0.81042	0	
1227503	8280.41992	3303603799194	0.75294	0.42132	8280.20605	0.21387	10708	1	0.77034	0.46898	1	0.79484	0.42087	1	0.78259	0.44493	1	0.44610	0.54644	11.49236	1.01538	1	0.70939	0.56469	11.71381	1.02304	1	-0.01435	-0.01154	0.68365	0.00377	1	0.05355	-0.01483	0.67499	0.00354	1	1.45898	0.81042	0	
1227504	8280.42676	3303603861795	0.75049	0.42336	8280.20605	0.22070	10708	1	0.68101	0.43436	1	0.65793	0.54724	1	0.66947	0.49080	1	0.44541	0.54637	11.95080	1.02304	1	0.70920	0.56482	11.65012	1.03751	1	-0.01435	-0.01154	0.68365	0.00367	1	0.05355	-0.01483	0.67499	0.00368	1	1.45898	0.81042	0	SUBJECT_ONSET_LOG
1227505	8280.43359	3303603934272	0.74933	0.42444	8280.20605	0.22754	10708	1	0.72650	0.38466	1	0.69351	0.53756	1	0.71001	0.46111	1	0.44545	0.54588	11.65944	1.03751	1	0.70941	0.56423	12.47383	1.05198	1	-0.01435	-0.01154	0.68365	0.00364	1	0.05355	-0.01483	0.67499	0.00345	1	1.45898	0.81042	0	
1227506	8280.44043	3303603999403	0.74830	0.42518	8280.20605	0.23438	10708	1	0.72741	0.37373	1	0.69697	0.52822	1	0.71219	0.45097	1	0.44229	0.54609	11.18367	1.05198	1	0.70569	0.56296	11.93056	1.06645	1	-0.01516	-0.01163	0.69246	0.00362	1	0.05340	-0.01491	0.68088	0.00380	1	1.45898	0.81042	0	
1227507	8280.44727	3303604064776	0.74264	0.42523	8280.20605	0.24121	10708	1	0.55327	0.40644	1	0.52456	0.44812	1	0.53892	0.42728	1	0.44185	0.54614	11.41908	1.06645	1	0.70500	0.56315	11.66470	1.06645	1	-0.01516	-0.01163	0.69246	0.00379	1	0.05340	-0.01491	0.68088	0.00358	1	1.45898	0.81042	0	
1227508	8280.45410	3303604136236	0.70502	0.42930	8280.20605	0.24121	10708	0	0.56450	0.43407	1	0.57941	0.42061	1	0.57195	0.42734	1	0.44204	0.54659	11.90669	1.06645	1	0.70546	0.56269	11.70439	1.06645	1	-0.01516	-0.01163	0.69246	0.00354	1	0.05340	-0.01491	0.68088	0.00367	1	1.45898	0.81042	0	AUDIO_FILE_ONSET_LOG
1227509	8280.46094	3303604204285	0.63849	0.42832	8280.20605	0.24121	10708	0	0.56450	0.43407	1	0.57941	0.42061	1	0.57195	0.42734	1	0.44111	0.54650	11.91715	1.06645	1	0.70415	0.56327	12.01984	1.06645	1	-0.01516	-0.01148	0.68317	0.00348	1	0.05366	-0.01504	0.68682	0.00350	1	1.45898	0.81042	0	
1227510	8280.46777	3303604270358	0.59110	0.41910	8280.20605	0.24121	10708	0	0.50998	0.37224	1	0.48268	0.42908	1	0.49633	0.40066	1	0.44116	0.54589	11.96592	1.06645	1	0.70430	0.56288	11.92563	1.06645	1	-0.01516	-0.01148	0.68317	0.00373	1	0.05366	-0.01504	0.68682	0.00380	1	1.45898	0.81042	0	
1227511	8280.47461	3303604337574	0.52199	0.40671	8280.20605	0.24121	10708	0	0.51174	0.39716	1	0.48361	0.38709	1	0.49768	0.39213	1	0.44112	0.54604	11.79636	1.06645	1	0.70431	0.56287	11.93803	1.06645	1	-0.01516	-0.01148	0.68317	0.00367	1	0.05366	-0.01504	0.68682	0.00395	1	1.45898	0.81042	0	
1227512	8280.48047	3303604404178	0.50983	0.39942	8280.20605	0.24121	10708	0	0.51174	0.39716	1	0.48361	0.38709	1	0.49768	0.39213	1	0.44094	0.54659	11.38404	1.06645	1	0.70429	0.56398	12.19665	1.06645	1	-0.01512	-0.01154	0.68111	0.00356	1	0.05366	-0.01504	0.68682	0.00360	1	1.45898	0.81042	0	
1227513	8280.48730	3303604471539	0.49727	0.42040	8280.20605	0.24121	10708	0	0.48979	0.46003	1	0.45448	0.46470	1	0.47213	0.46236	1	0.44077	0.54679	11.28705	1.06645	1	0.70389	0.56387	12.04921	1.06645	1	-0.01512	-0.01154	0.68111	0.00357	1	0.05366	-0.01504	0.68682	0.00361	1	1.45898	0.81042	0	
1227514	8280.49414	3303604538535	0.49239	0.43231	8280.47461	0.01953	10709	1	0.49298	0.47713	1	0.46255	0.45894	1	0.47777	0.46803	1	0.44076	0.54688	11.52512	1.06645	1	0.70401	0.56365	12.04755	1.06645	1	-0.01512	-0.01154	0.68111	0.00356	1	0.05366	-0.01504	0.68682	0.00364	1	1.45898	0.81042	0	
1227515	8280.50098	3303604605093	0.48953	0.44107	8280.47461	0.02637	10709	1	0.49403	0.48242	1	0.46215	0.46985	1	0.47809	0.47613	1	0.44124	0.54649	12.20077	1.05843	1	0.70423	0.56376	12.12432	1.05077	1	-0.01444	-0.01106	0.65279	0.00346	1	0.05128	-0.01436	0.65571	0.00365	1	1.45898	0.81042	0	
1227516	8280.50781	3303604672686	0.49210	0.44869	8280.47461	0.03320	10709	1	0.52262	0.46294	1	0.48727	0.51059	1	0.50495	0.48677	1	0.44124	0.54653	12.14043	1.04275	1	0.70439	0.56387	11.63872	1.03509	1	-0.01444	-0.01106	0.65279	0.00345	1	0.05128	-0.01436	0.65571	0.00347	1	1.45898	0.81042	0	
1227517	8280.51465	3303604739763	0.49418	0.44852	8280.47461	0.04004	10709	1	0.54210	0.45498	1	0.47119	0.44008	1	0.50664	0.44753	1	0.44151	0.54630	11.29861	1.02708	1	0.70454	0.56327	10.99489	1.01942	1	-0.01444	-0.01106	0.65279	0.00349	1	0.05128	-0.01436	0.65571	0.00366	1	1.45898	0.81042	0	
1227518	8280.52051	3303604803601	0.49576	0.44909	8280.47461	0.04590	10709	1	0.54282	0.46038	1	0.47092	0.44580	1	0.50687	0.45309	1	0.44152	0.54624	11.21653	1.01942	1	0.70486	0.56353	11.76247	1.01176	1	-0.01488	-0.01152	0.67939	0.00375	1	0.05143	-0.01437	0.65634	0.00356	1	1.45898	0.81042	0	
1227519	8280.52734	3303604868905	0.49622	0.45305	8280.47461	0.05273	10709	1	0.52460	0.45456	1	0.47516	0.51490	1	0.49988	0.48473	1	0.44169	0.54637	11.72267	1.01978	1	0.70499	0.56398	12.14780	1.01978	1	-0.01488	-0.01152	0.67939	0.00350	1	0.05143	-0.01437	0.65634	0.00362	1	1.45898	0.81042	0	
1227520	8280.53418	3303604938969	0.49654	0.45721	8280.47461	0.05957	10709	1	0.53425	0.47520	1	0.46465	0.51407	1	0.49945	0.49464	1	0.44172	0.54668	11.98275	1.02779	1	0.70485	0.56399	12.64189	1.02779	1	-0.01488	-0.01152	0.67939	0.00335	1	0.05143	-0.01437	0.65634	0.00365	1	1.45898	0.81042	0	
1227521	8280.54102	3303605005214	0.49679	0.45989	8280.47461	0.06641	10709	1	0.53345	0.46971	1	0.46509	0.50360	1	0.49927	0.48665	1	0.44198	0.54654	12.03648	1.03581	1	0.70497	0.56431	12.57880	1.04347	1	-0.01488	-0.01152	0.67939	0.00346	1	0.05330	-0.01504	0.67958	0.00353	1	1.45898	0.81042	0	
1227522	8280.54785	3303605071110	0.49653	0.45806	8280.47461	0.07324	10709	1	0.52290	0.42261	1	0.46444	0.45321	1	0.49367	0.43791	1	0.44204	0.54615	12.31521	1.04347	1	0.70488	0.56418	12.54006	1.05113	1	-0.01488	-0.01152	0.67939	0.00354	1	0.05330	-0.01504	0.67958	0.00355	1	1.45898	0.81042	0	
1227523	8280.55469	3303605139083	0.49583	0.45756	8280.47461	0.08008	10709	1	0.50917	0.43123	1	0.46556	0.47188	1	0.48736	0.45155	1	0.44192	0.54616	11.91485	1.05113	1	0.70483	0.56426	12.85774	1.05879	1	-0.01488	-0.01152	0.67939	0.00358	1	0.05330	-0.01504	0.67958	0.00353	1	1.45898	0.81042	0	
1227524	8280.56152	3303605206296	0.49519	0.45693	8280.47461	0.08691	10709	1	0.50826	0.42577	1	0.46556	0.47188	1	0.48691	0.44882	1	0.44172	0.54631	11.99953	1.05879	1	0.70508	0.56412	12.18774	1.05879	1	-0.01488	-0.01152	0.67939	0.00368	1	0.05146	-0.01450	0.65548	0.00362	1	1.45898	0.81042	0	
1227525	8280.56738	3303605271922	0.49578	0.45593	8280.47461	0.09277	10709	1	0.52688	0.42182	1	0.48124	0.46209	1	0.50406	0.44196	1	0.44178	0.54627	11.95741	1.05879	1	0.70503	0.56415	12.18572	1.05113	1	-0.01488	-0.01152	0.67939	0.00358	1	0.05146	-0.01450	0.65548	0.00362	1	1.45898	0.81042	0	
1227526	8280.57422	3303605340378	0.49673	0.45723	8280.47461	0.09961	10709	1	0.54134	0.44812	1	0.48044	0.50528	1	0.51089	0.47670	1	0.44189	0.54643	12.20888	1.05113	1	0.70508	0.56412	12.18774	1.04347	1	-0.01488	-0.01152	0.67939	0.00354	1	0.05146	-0.01450	0.65548	0.00362	1	1.45898	0.81042	0	
1227527	8280.58105	3303605405182	0.49758	0.45901	8280.47461	0.10645	10709	1	0.54278	0.45902	1	0.47977	0.51575	1	0.51128	0.48738	1	0.44201	0.54625	12.22027	1.03545	1	0.70492	0.56350	12.20528	1.02779	1	-0.01443	-0.01121	0.66150	0.00354	1	0.05146	-0.01450	0.65548	0.00384	1	1.45898	0.81042	0	
1227528	8280.58789	3303605474239	0.49772	0.45821	8280.47461	0.11328	10709	1	0.52506	0.43946	1	0.47506	0.44994	1	0.50006	0.44470	1	0.44201	0.54618	12.22716	1.01978	1	0.70501	0.56380	12.08760	1.01978	1	-0.01443	-0.01121	0.66150	0.00358	1	0.05146	-0.01450	0.65548	0.00368	1	1.45898	0.81042	0	
1227529	8280.59473	3303605543395	0.49672	0.45847	8280.47461	0.12012	10709	1	0.51252	0.42694	1	0.44483	0.49928	1	0.47867	0.46311	1	0.44186	0.54594	12.08747	1.01176	1	0.70488	0.56373	12.27843	1.01176	1	-0.01443	-0.01121	0.66150	0.00373	1	0.05146	-0.01450	0.65548	0.00360	1	1.45898	0.81042	0	
1227530	8280.60156	3303605610719	0.49582	0.45857	8280.47461	0.12695	10709	1	0.51252	0.42694	1	0.44490	0.49398	1	0.47871	0.46046	1	0.44183	0.54609	11.89774	1.01176	1	0.70573	0.56369	12.43172	1.01942	1	-0.01474	-0.01133	0.67767	0.00376	1	0.05337	-0.01495	0.67792	0.00344	1	1.45898	0.81042	0	
1227531	8280.60840	3303605674783	0.49666	0.45948	8280.47461	0.13379	10709	1	0.52948	0.48065	1	0.49748	0.47463	1	0.51348	0.47764	1	0.44217	0.54678	12.72080	1.02743	1	0.70562	0.56363	12.73184	1.03509	1	-0.01474	-0.01133	0.67767	0.00348	1	0.05337	-0.01495	0.67792	0.00347	1	1.45898	0.81042	0	
1227532	8280.61523	3303605744118	0.49758	0.45921	8280.47461	0.14062	10709	1	0.53117	0.40647	1	0.50258	0.50072	1	0.51687	0.45360	1	0.44225	0.54608	11.93651	1.04311	1	0.70586	0.56411	12.51424	1.05077	1	-0.01474	-0.01133	0.67767	0.00368	1	0.05337	-0.01495	0.67792	0.00364	1	1.45898	0.81042	0	
1227533	8280.62207	3303605811344	0.49840	0.45848	8280.47461	0.14746	10709	1	0.52958	0.39486	1	0.50356	0.49023	1	0.51657	0.44254	1	0.44293	0.54647	12.23883	1.05879	1	0.70589	0.56437	12.41179	1.06645	1	-0.01478	-0.01145	0.68442	0.00353	1	0.05337	-0.01495	0.67792	0.00355	1	1.45898	0.81042	0	
1227534	8280.62793	3303605878271	0.49921	0.46008	8280.47461	0.15332	10709	1	0.56892	0.46241	1	0.46674	0.53120	1	0.51783	0.49681	1	0.44290	0.54645	12.33932	1.06645	1	0.70570	0.56435	12.67316	1.06645	1	-0.01478	-0.01145	0.68442	0.00349	1	0.05337	-0.01495	0.67792	0.00356	1	1.45898	0.81042	0	
1227535	8280.63477	3303605945426	0.50015	0.46133	8280.47461	0.16016	10709	1	0.57789	0.47364	1	0.46730	0.50911	1	0.52259	0.49137	1	0.44293	0.54645	12.30270	1.06645	1	0.70570	0.56426	12.62333	1.06645	1	-0.01478	-0.01145	0.68442	0.00351	1	0.05337	-0.01495	0.67792	0.00358	1	1.45898	0.81042	0	
1227536	8280.64160	3303606011432	0.50101	0.46249	8280.47461	0.16699	10709	1	0.57789	0.47364	1	0.46730	0.50911	1	0.52259	0.49137	1	0.44294	0.54637	12.42993	1.06645	1	0.70582	0.56433	12.62988	1.06645	1	-0.01478	-0.01145	0.68442	0.00349	1	0.05282	-0.01474	0.67089	0.00355	1	1.45898	0.81042	0	
1227537	8280.64844	3303606078982	0.50127	0.46266	8280.47461	0.17383	10709	1	0.53276	0.45989	1	0.48341	0.47452	1	0.50808	0.46720	1	0.44266	0.54616	12.15515	1.06645	1	0.70589	0.56390	12.62398	1.06645	1	-0.01478	-0.01145	0.68442	0.00349	1	0.05282	-0.01474	0.67089	0.00348	1	1.45898	0.81042	0	
1227538	8280.65527	3303606145979	0.50091	0.46400	8280.47461	0.18066	10709	1	0.51004	0.50338	1	0.47204	0.49670	1	0.49104	0.50004	1	0.44265	0.54617	12.11907	1.06645	1	0.70575	0.56409	12.38961	1.06645	1	-0.01478	-0.01145	0.68442	0.00349	1	0.05282	-0.01474	0.67089	0.00345	1	1.45898	0.81042	0	
1227539	8280.66211	3303606212757	0.50057	0.46551	8280.47461	0.18750	10709	1	0.51098	0.50847	1	0.47151	0.50706	1	0.49125	0.50777	1	0.44261	0.54624	12.22773	1.05843	1	0.70576	0.56374	12.21482	1.05077	1	-0.01406	-0.01092	0.65316	0.00349	1	0.05128	-0.01430	0.65073	0.00361	1	1.45898	0.81042	0	
1227540	8280.66895	3303606279907	0.50030	0.46600	8280.47461	0.19434	10709	1	0.51572	0.47325	1	0.46929	0.48711	1	0.49251	0.48018	1	0.44272	0.54610	11.96544	1.04275	1	0.70572	0.56379	12.54047	1.03509	1	-0.01406	-0.01092	0.65316	0.00354	1	0.05128	-0.01430	0.65073	0.00362	1	1.45898	0.81042	0	
1227541	8280.67480	3303606347036	0.50072	0.46753	8280.47461	0.20020	10709	1	0.54594	0.51715	1	0.48051	0.50990	1	0.51322	0.51353	1	0.44271	0.54611	12.20649	1.02708	1	0.70589	0.56394	12.56164	1.01942	1	-0.01406	-0.01092	0.65316	0.00344	1	0.05128	-0.01430	0.65073	0.00348	1	1.45898	0.81042	0	
1227542	8280.68164	3303606414175	0.50112	0.46913	8280.47461	0.20703	10709	1	0.54663	0.52209	1	0.48018	0.51510	1	0.51340	0.51859	1	0.44290	0.54632	12.77079	1.01942	1	0.70587	0.56375	12.20194	1.01176	1	-0.01478	-0.01145	0.68442	0.00345	1	0.05128	-0.01430	0.65073	0.00353	1	1.45898	0.81042	0	
1227543	8280.68848	3303606481038	0.50201	0.47065	8280.47461	0.21387	10709	1	0.58373	0.53336	1	0.47707	0.50547	1	0.53040	0.51941	1	0.44299	0.54632	12.45246	1.01978	1	0.70583	0.56391	12.46377	1.01978	1	-0.01478	-0.01145	0.68442	0.00354	1	0.05128	-0.01430	0.65073	0.00363	1	1.45898	0.81042	0	
1227544	8280.69531	3303606548286	0.51297	0.49466	8280.47461	0.21387	10709	0	0.59275	0.51563	1	0.47964	0.49863	1	0.53620	0.50713	1	0.44309	0.54623	12.35704	1.02779	1	0.70586	0.56386	12.52796	1.02779	1	-0.01478	-0.01145	0.68442	0.00387	1	0.05128	-0.01430	0.65073	0.00367	1	1.45898	0.81042	0	
1227545	8280.70215	3303606614147	0.52465	0.49693	8280.47461	0.21387	10709	0	0.59236	0.51048	1	0.48031	0.48791	1	0.53633	0.49919	1	0.44259	0.54594	12.55346	1.03581	1	0.70572	0.56381	12.73031	1.04347	1	-0.01478	-0.01145	0.68442	0.00356	1	0.05337	-0.01485	0.67792	0.00368	1	1.45898	0.81042	0	
1227546	8280.70898	3303606681719	0.52116	0.49368	8280.47461	0.21387	10709	0	0.56583	0.47699	1	0.46252	0.49738	1	0.51417	0.48719	1	0.44265	0.54590	11.92981	1.04347	1	0.70560	0.56404	12.68370	1.05113	1	-0.01478	-0.01145	0.68442	0.00367	1	0.05337	-0.01485	0.67792	0.00362	1	1.45898	0.81042	0	
1227547	8280.71484	3303606748461	0.52348	0.49539	8280.69531	0.01953	10710	1	0.58035	0.47477	1	0.48054	0.52630	1	0.53045	0.50053	1	0.44291	0.54603	12.20024	1.05113	1	0.70585	0.56422	12.49555	1.05879	1	-0.01478	-0.01145	0.68442	0.00372	1	0.05337	-0.01485	0.67792	0.00360	1	1.45898	0.81042	0	
1227548	8280.72168	3303606815921	0.52483	0.49591	8280.69531	0.02637	10710	1	0.57990	0.46965	1	0.48054	0.52630	1	0.53022	0.49797	1	0.44274	0.54588	12.69629	1.05879	1	0.70582	0.56413	12.14442	1.05879	1	-0.01478	-0.01140	0.68442	0.00357	1	0.05219	-0.01450	0.66229	0.00361	1	1.45898	0.81042	0	
1227549	8280.72852	3303606883305	0.52057	0.49224	8280.69531	0.03320	10710	1	0.52387	0.48616	1	0.47463	0.46161	1	0.49925	0.47388	1	0.44273	0.54584	12.47524	1.05879	1	0.70579	0.56369	12.93255	1.05113	1	-0.01478	-0.01140	0.68442	0.00350	1	0.05219	-0.01450	0.66229	0.00350	1	1.45898	0.81042	0	
1227550	8280.73535	3303606950273	0.51619	0.48939	8280.69531	0.04004	10710	1	0.50983	0.47850	1	0.47006	0.46613	1	0.48995	0.47231	1	0.44261	0.54579	12.09781	1.05113	1	0.70572	0.56366	12.26761	1.04347	1	-0.01478	-0.01140	0.68442	0.00354	1	0.05219	-0.01450	0.66229	0.00353	1	1.45898	0.81042	0	
1227551	8280.74219	3303607014448	0.51300	0.48860	8280.69531	0.04688	10710	1	0.51170	0.48896	1	0.46954	0.47717	1	0.49062	0.48307	1	0.44254	0.54595	12.28530	1.03545	1	0.70647	0.56344	12.24817	1.02779	1	-0.01424	-0.01102	0.66184	0.00358	1	0.05123	-0.01421	0.64891	0.00360	1	1.45898	0.81042	0	
1227552	8280.74902	3303607084570	0.51451	0.48810	8280.69531	0.05371	10710	1	0.54347	0.47033	1	0.50987	0.49785	1	0.52667	0.48409	1	0.44300	0.54553	12.50800	1.01978	1	0.70641	0.56333	12.54700	1.01978	1	-0.01424	-0.01102	0.66184	0.00356	1	0.05123	-0.01421	0.64891	0.00347	1	1.45898	0.81042	0	
1227553	8280.75586	3303607151003	0.51489	0.48479	8280.69531	0.06055	10710	1	0.54239	0.45823	1	0.49414	0.45174	1	0.51827	0.45499	1	0.44313	0.54565	12.51314	1.01176	1	0.70612	0.56276	12.83288	1.01176	1	-0.01424	-0.01102	0.66184	0.00353	1	0.05123	-0.01421	0.64891	0.00359	1	1.45898	0.81042	0	
1227554	8280.76270	3303607217964	0.51523	0.48235	8280.69531	0.06738	10710	1	0.54315	0.46394	1	0.49412	0.45201	1	0.51863	0.45797	1	0.44272	0.54402	12.30080	1.00374	1	0.70570	0.56175	12.59406	1.01140	1	-0.01424	-0.01082	0.66184	0.00385	1	0.05337	-0.01464	0.67792	0.00377	1	1.45898	0.81042	0	
1227555	8280.76855	3303607284107	0.51446	0.47648	8280.69531	0.07324	10710	1	0.53334	0.35379	1	0.47865	0.46999	1	0.50600	0.41189	1	0.44256	0.54304	11.99336	1.01140	1	0.70548	0.56199	12.85452	1.01906	1	-0.01424	-0.01082	0.66184	0.00423	1	0.05337	-0.01464	0.67792	0.00405	1	1.45898	0.81042	0	
1227556	8280.77539	3303607351788	0.51411	0.47274	8280.69531	0.08008	10710	1	0.52408	0.39054	1	0.49568	0.46523	1	0.50988	0.42789	1	0.44270	0.54387	12.65100	1.01906	1	0.70571	0.56193	12.21217	1.02672	1	-0.01424	-0.01082	0.66184	0.00367	1	0.05337	-0.01464	0.67792	0.00392	1	1.45898	0.81042	0	
1227557	8280.78223	3303607418660	0.51378	0.46933	8280.69531	0.08691	10710	1	0.52324	0.38461	1	0.49568	0.46523	1	0.50946	0.42492	1	0.44280	0.54216	11.79785	1.02672	1	0.70503	0.56163	13.25295	1.02672	1	-0.01424	-0.01072	0.66184	0.00428	1	0.05282	-0.01445	0.67154	0.00430	1	1.45898	0.81042	0	
1227558	8280.78906	3303607486063	0.51354	0.46291	8280.69531	0.09375	10710	1	0.53736	0.34331	1	0.48324	0.40284	1	0.51030	0.37307	1	0.44279	0.54300	12.25514	1.02672	1	0.70507	0.56125	12.63597	1.01906	1	-0.01424	-0.01072	0.66184	0.00401	1	0.05282	-0.01445	0.67154	0.00408	1	1.45898	0.81042	0	
1227559	8280.79590	3303607552669	0.51274	0.45719	8280.69531	0.10059	10710	1	0.52679	0.30999	1	0.47442	0.43273	1	0.50060	0.37136	1	0.44277	0.54286	12.17992	1.01906	1	0.70535	0.56139	12.84999	1.01140	1	-0.01424	-0.01072	0.66184	0.00401	1	0.05282	-0.01445	0.67154	0.00424	1	1.45898	0.81042	0	
1227560	8280.80273	3303607619540	0.51202	0.45212	8280.69531	0.10742	10710	1	0.52675	0.30968	1	0.47443	0.43246	1	0.50059	0.37107	1	0.44269	0.54307	12.16533	1.01942	1	0.70555	0.56151	12.24657	1.01176	1	-0.01467	-0.01111	0.67941	0.00382	1	0.05282	-0.01445	0.67154	0.00412	1	1.45898	0.81042	0	
1227561	8280.80957	3303607686686	0.51095	0.44949	8280.69531	0.11426	10710	1	0.51773	0.38619	1	0.46763	0.42347	1	0.49268	0.40483	1	0.44273	0.54352	12.10352	1.01978	1	0.70533	0.56167	12.80153	1.01978	1	-0.01467	-0.01111	0.67941	0.00398	1	0.05282	-0.01445	0.67154	0.00413	1	1.45898	0.81042	0	
1227562	8280.81543	3303607753679	0.50966	0.44781	8280.69531	0.12012	10710	1	0.51202	0.37824	1	0.46105	0.45678	1	0.48654	0.41751	1	0.44268	0.54350	12.15260	1.02779	1	0.70510	0.56184	13.13715	1.02779	1	-0.01467	-0.01111	0.67941	0.00399	1	0.05282	-0.01445	0.67154	0.00410	1	1.45898	0.81042	0	
1227563	8280.82227	3303607820798	0.50551	0.41809	8280.69531	0.12012	10710	0	0.51202	0.37824	1	0.46105	0.45678	1	0.48654	0.41751	1	0.44278	0.54362	12.20967	1.02779	1	0.70551	0.56167	13.36796	1.02779	1	-0.01406	-0.01073	0.65316	0.00395	1	0.05282	-0.01445	0.67154	0.00400	1	1.45898	0.81042	0	
1227564	8280.82910	3303607887652	0.49482	0.42116	8280.69531	0.12012	10710	0	0.51499	0.41712	1	0.45324	0.43133	1	0.48412	0.42422	1	0.44253	0.54380	13.07688	1.01978	1	0.70540	0.56140	13.46285	1.01978	1	-0.01406	-0.01073	0.65316	0.00404	1	0.05282	-0.01445	0.67154	0.00410	1	1.45898	0.81042	0	
1227565	8280.83594	3303607954416	0.49579	0.41524	8280.69531	0.12012	10710	0	0.52632	0.38536	1	0.46917	0.42148	1	0.49775	0.40342	1	0.44285	0.54344	12.05676	1.01176	1	0.70564	0.56134	13.38506	1.01176	1	-0.01406	-0.01073	0.65316	0.00402	1	0.05282	-0.01445	0.67154	0.00405	1	1.45898	0.81042	0	
1227566	8280.84277	3303608021634	0.49639	0.41311	8280.82227	0.02051	10711	1	0.52719	0.39165	1	0.46916	0.42175	1	0.49817	0.40670	1	0.44293	0.54394	12.75818	1.00374	1	0.70573	0.56144	13.50685	1.01140	1	-0.01406	-0.01073	0.65316	0.00392	1	0.05282	-0.01444	0.67089	0.00399	1	1.45898	0.81042	0	
1227567	8280.84961	3303608088711	0.50160	0.41488	8280.82227	0.02734	10711	1	0.54824	0.41054	1	0.49663	0.43344	1	0.52243	0.42199	1	0.44318	0.54376	12.93699	1.01140	1	0.70610	0.56146	13.19333	1.01906	1	-0.01406	-0.01073	0.65316	0.00403	1	0.05282	-0.01444	0.67089	0.00394	1	1.45898	0.81042	0	
1227568	8280.85547	3303608154072	0.50300	0.41036	8280.82227	0.03320	10711	1	0.52435	0.39463	1	0.49572	0.38082	1	0.51004	0.38772	1	0.44284	0.54388	12.17370	1.01906	1	0.70607	0.56104	13.10972	1.02672	1	-0.01406	-0.01073	0.65316	0.00408	1	0.05282	-0.01444	0.67089	0.00411	1	1.45898	0.81042	0	
1227569	8280.86230	3303608222120	0.50395	0.40536	8280.82227	0.04004	10711	1	0.52264	0.38255	1	0.49663	0.36826	1	0.50963	0.37540	1	0.44293	0.54375	12.24276	1.03474	1	0.70614	0.56162	13.46619	1.04240	1	-0.01406	-0.01073	0.65316	0.00409	1	0.05291	-0.01444	0.67072	0.00387	1	1.45898	0.81042	0	
1227570	8280.86914	3303608289630	0.50305	0.40496	8280.82227	0.04688	10711	1	0.52043	0.35127	1	0.47300	0.45304	1	0.49672	0.40216	1	0.44298	0.54376	12.59735	1.05041	1	0.70575	0.56200	13.84525	1.05041	1	-0.01406	-0.01073	0.65316	0.00418	1	0.05291	-0.01444	0.67072	0.00391	1	1.45898	0.81042	0	
1227571	8280.87598	3303608356531	0.50259	0.40294	8280.82227	0.05371	10711	1	0.51826	0.33424	1	0.47969	0.43927	1	0.49898	0.38675	1	0.44269	0.54328	11.87436	1.05843	1	0.70577	0.56187	13.48470	1.05843	1	-0.01406	-0.01073	0.65316	0.00425	1	0.05291	-0.01444	0.67072	0.00395	1	1.45898	0.81042	0	
1227572	8280.88281	3303608423669	0.50222	0.40160	8280.82227	0.06055	10711	1	0.51826	0.33424	1	0.47937	0.44478	1	0.49882	0.38951	1	0.44250	0.54319	12.61716	1.05843	1	0.70594	0.56153	13.22886	1.05077	1	-0.01406	-0.01073	0.65316	0.00419	1	0.05282	-0.01445	0.67154	0.00395	1	1.45898	0.81042	0	
1227573	8280.88965	3303608490921	0.50287	0.40039	8280.82227	0.06738	10711	1	0.53351	0.32383	1	0.48541	0.45275	1	0.50946	0.38829	1	0.44267	0.54357	13.41636	1.04275	1	0.70591	0.56169	13.35694	1.03509	1	-0.01406	-0.01073	0.65316	0.00390	1	0.05282	-0.01445	0.67154	0.00390	1	1.45898	0.81042	0	
1227574	8280.89648	3303608557087	0.50549	0.40090	8280.82227	0.07422	10711	1	0.55899	0.34930	1	0.50954	0.46369	1	0.53427	0.40649	1	0.44261	0.54334	12.83102	1.02708	1	0.70589	0.56189	13.22498	1.01942	1	-0.01406	-0.01073	0.65316	0.00391	1	0.05282	-0.01445	0.67154	0.00403	1	1.45898	0.81042	0	
1227575	8280.90332	3303608624462	0.50771	0.40225	8280.82227	0.08105	10711	1	0.56023	0.36195	1	0.50842	0.47508	1	0.53433	0.41851	1	0.44239	0.54372	13.23761	1.01140	1	0.70508	0.56202	13.63977	1.00374	1	-0.01406	-0.01073	0.65316	0.00383	1	0.05200	-0.01433	0.66109	0.00397	1	1.45898	0.81042	0	
1227576	8280.90918	3303608691546	0.50770	0.40330	8280.82227	0.08691	10711	1	0.55662	0.39614	1	0.45858	0.43768	1	0.50760	0.41691	1	0.44245	0.54379	13.16838	1.00374	1	0.70512	0.56195	13.53360	1.00374	1	-0.01406	-0.01073	0.65316	0.00382	1	0.05200	-0.01433	0.66109	0.00395	1	1.45898	0.81042	0	
1227577	8280.91602	3303608758029	0.50775	0.40293	8280.82227	0.09375	10711	1	0.54963	0.41504	1	0.46733	0.38049	1	0.50848	0.39776	1	0.44246	0.54385	13.06786	1.00374	1	0.70521	0.56128	13.14211	1.00374	1	-0.01406	-0.01073	0.65316	0.00390	1	0.05200	-0.01433	0.66109	0.00434	1	1.45898	0.81042	0	
1227578	8280.92285	3303608825506	0.50777	0.40176	8280.82227	0.10059	10711	1	0.54811	0.40203	1	0.46787	0.36651	1	0.50799	0.38427	1	0.44242	0.54379	13.02826	1.02084	1	0.70551	0.56225	13.72526	1.02084	1	-0.01536	-0.01164	0.70898	0.00382	1	0.05200	-0.01433	0.66109	0.00390	1	1.45898	0.81042	0	
1227579	8280.92969	3303608891390	0.50824	0.40198	8280.82227	0.10742	10711	1	0.55987	0.39324	1	0.47176	0.41783	1	0.51582	0.40554	1	0.44256	0.54405	13.28745	1.03795	1	0.70524	0.56205	13.68801	1.03795	1	-0.01536	-0.01164	0.70898	0.00379	1	0.05200	-0.01433	0.66109	0.00392	1	1.45898	0.81042	0	
1227580	8280.93652	3303608957415	0.50796	0.40130	8280.82227	0.11426	10711	1	0.54218	0.37839	1	0.46429	0.40088	1	0.50324	0.38963	1	0.44242	0.54390	13.02764	1.05505	1	0.70556	0.56210	13.22863	1.05505	1	-0.01536	-0.01164	0.70898	0.00385	1	0.05200	-0.01433	0.66109	0.00395	1	1.45898	0.81042	0	
1227581	8280.94238	3303609022328	0.50771	0.40021	8280.82227	0.12012	10711	1	0.54145	0.37230	1	0.46472	0.38900	1	0.50309	0.38065	1	0.44245	0.54328	12.49880	1.06307	1	0.70573	0.56128	12.47561	1.07073	1	-0.01475	-0.01119	0.68759	0.00404	1	0.05337	-0.01464	0.67792	0.00414	1	1.45898	0.81042	0	
1227582	8280.94922	3303609090495	0.50791	0.39700	8280.82227	0.12695	10711	1	0.52519	0.29641	1	0.49830	0.37555	1	0.51174	0.33598	1	0.44267	0.54263	11.94975	1.06164	1	0.70607	0.56125	13.21637	1.06930	1	-0.01475	-0.01119	0.68759	0.00436	1	0.05337	-0.01464	0.67792	0.00410	1	1.45898	0.81042	0	
1227583	8280.95605	3303609158622	0.50771	0.39447	8280.82227	0.13379	10711	1	0.51011	0.36365	1	0.49754	0.32414	1	0.50383	0.34390	1	0.44233	0.54267	12.71320	1.06021	1	0.70606	0.56131	13.19952	1.06787	1	-0.01475	-0.01119	0.68759	0.00429	1	0.05337	-0.01464	0.67792	0.00408	1	1.45898	0.81042	0	
1227584	8280.96289	3303609224620	0.50755	0.39251	8280.82227	0.14062	10711	1	0.51121	0.37093	1	0.49700	0.33192	1	0.50411	0.35142	1	0.44247	0.54242	12.61973	1.05077	1	0.70571	0.56104	13.76688	1.05843	1	-0.01406	-0.01063	0.65316	0.00434	1	0.05337	-0.01464	0.67792	0.00414	1	1.45898	0.81042	0	
1227585	8280.96973	3303609289462	0.50703	0.38816	8280.82227	0.14746	10711	1	0.52603	0.22668	1	0.46528	0.35805	1	0.49565	0.29236	1	0.44241	0.54279	12.62360	1.05041	1	0.70521	0.56127	13.39808	1.05041	1	-0.01406	-0.01063	0.65316	0.00411	1	0.05337	-0.01464	0.67792	0.00427	1	1.45898	0.81042	0	
1227586	8280.97656	3303609361525	0.50728	0.38238	8280.82227	0.15430	10711	1	0.52728	0.18994	1	0.49858	0.30877	1	0.51293	0.24936	1	0.44233	0.54280	12.67491	1.04240	1	0.70534	0.56082	12.71741	1.04240	1	-0.01406	-0.01063	0.65316	0.00414	1	0.05337	-0.01464	0.67792	0.00440	1	1.45898	0.81042	0	
1227587	8280.98340	3303609426023	0.50730	0.35037	8280.82227	0.15430	10711	0	0.52811	0.19755	1	0.49810	0.31565	1	0.51311	0.25660	1	0.44243	0.54333	13.25530	1.03438	1	0.70526	0.56058	13.09086	1.03438	1	-0.01427	-0.01071	0.65835	0.00402	1	0.05337	-0.01464	0.67792	0.00423	1	1.45898	0.81042	0	
1227588	8280.99023	3303609493402	0.51265	0.34147	8280.82227	0.15430	10711	0	0.53401	0.33895	1	0.50200	0.32621	1	0.51800	0.33258	1	0.44227	0.54356	13.37390	1.03438	1	0.70526	0.56068	13.11397	1.03438	1	-0.01427	-0.01071	0.65835	0.00397	1	0.05337	-0.01464	0.67792	0.00419	1	1.45898	0.81042	0	
1227589	8280.99707	3303609562399	0.51482	0.32331	8280.82227	0.15430	10711	0	0.54251	0.29894	1	0.49583	0.27502	1	0.51917	0.28698	1	0.44242	0.54305	13.13112	1.03438	1	0.70524	0.56044	13.04838	1.03438	1	-0.01427	-0.01071	0.65835	0.00418	1	0.05337	-0.01464	0.67792	0.00431	1	1.45898	0.81042	0	
1227590	8281.00293	3303609628090	0.51582	0.31333	8280.98340	0.01953	10712	1	0.54177	0.29212	1	0.49585	0.27470	1	0.51881	0.28341	1	0.44207	0.54340	12.64693	1.04240	1	0.70493	0.56148	13.72157	1.03474	1	-0.01474	-0.01108	0.67767	0.00406	1	0.05168	-0.01422	0.65827	0.00408	1	1.45898	0.81042	0	
1227591	8281.00977	3303609696228	0.51580	0.31288	8280.98340	0.02637	10712	1	0.54150	0.27625	1	0.48993	0.34587	1	0.51571	0.31106	1	0.44191	0.54319	12.50171	1.04275	1	0.70518	0.56108	12.76368	1.03509	1	-0.01474	-0.01108	0.67767	0.00404	1	0.05168	-0.01422	0.65827	0.00415	1	1.45898	0.81042	0	
1227592	8281.01660	3303609762867	0.51603	0.31592	8280.98340	0.03320	10712	1	0.54189	0.28508	1	0.49247	0.37717	1	0.51718	0.33112	1	0.44204	0.54318	12.35597	1.04311	1	0.70488	0.56143	13.35225	1.03545	1	-0.01474	-0.01108	0.67767	0.00403	1	0.05168	-0.01422	0.65827	0.00409	1	1.45898	0.81042	0	
1227593	8281.02344	3303609830710	0.51622	0.31761	8280.98340	0.04004	10712	1	0.54185	0.28478	1	0.49290	0.37077	1	0.51738	0.32777	1	0.44227	0.54366	13.47414	1.04347	1	0.70514	0.56119	12.90261	1.04347	1	-0.01474	-0.01108	0.67767	0.00390	1	0.05340	-0.01471	0.68088	0.00414	1	1.45898	0.81042	0	
1227594	8281.03027	3303609897137	0.51788	0.31931	8280.98340	0.04688	10712	1	0.54428	0.32218	1	0.51470	0.34018	1	0.52949	0.33118	1	0.44204	0.54354	13.08124	1.04347	1	0.70520	0.56137	13.21460	1.05113	1	-0.01474	-0.01108	0.67767	0.00396	1	0.05340	-0.01471	0.68088	0.00407	1	1.45898	0.81042	0	
1227595	8281.03711	3303609964219	0.51927	0.31984	8280.98340	0.05371	10712	1	0.54567	0.31285	1	0.51517	0.33532	1	0.53042	0.32409	1	0.44214	0.54352	12.84792	1.05113	1	0.70520	0.56137	13.21460	1.05879	1	-0.01474	-0.01108	0.67767	0.00394	1	0.05340	-0.01471	0.68088	0.00407	1	1.45898	0.81042	0	
1227596	8281.04395	3303610031097	0.52038	0.31963	8280.98340	0.06055	10712	1	0.54499	0.30654	1	0.51574	0.32903	1	0.53036	0.31779	1	0.44230	0.54346	12.37544	1.05879	1	0.70483	0.56152	12.64087	1.06645	1	-0.01474	-0.01113	0.67767	0.00392	1	0.05340	-0.01471	0.68088	0.00410	1	1.45898	0.81042	0	
1227597	8281.05078	3303610098173	0.51986	0.31898	8280.98340	0.06738	10712	1	0.55272	0.30627	1	0.47659	0.31851	1	0.51465	0.31239	1	0.44220	0.54381	12.75625	1.06645	1	0.70494	0.56126	12.27378	1.06645	1	-0.01474	-0.01113	0.67767	0.00380	1	0.05340	-0.01471	0.68088	0.00419	1	1.45898	0.81042	0	
1227598	8281.05664	3303610164314	0.51952	0.32115	8280.98340	0.07324	10712	1	0.54432	0.36481	1	0.48730	0.32532	1	0.51581	0.34507	1	0.44209	0.54392	12.36493	1.06645	1	0.70501	0.56135	12.76810	1.06645	1	-0.01474	-0.01113	0.67767	0.00379	1	0.05340	-0.01471	0.68088	0.00409	1	1.45898	0.81042	0	
1227599	8281.06348	3303610232567	0.51924	0.32299	8280.98340	0.08008	10712	1	0.54432	0.36481	1	0.48730	0.32532	1	0.51581	0.34507	1	0.44198	0.54355	12.95234	1.06645	1	0.70484	0.56133	12.43185	1.06645	1	-0.01474	-0.01113	0.67767	0.00381	1	0.05340	-0.01471	0.68088	0.00416	1	1.45898	0.81042	0	
1227600	8281.07031	3303610299116	0.51892	0.32216	8280.98340	0.08691	10712	1	0.55219	0.30852	1	0.47738	0.31435	1	0.51479	0.31143	1	0.44219	0.54377	13.54812	1.06645	1	0.70493	0.56126	12.49069	1.06645	1	-0.01474	-0.01113	0.67767	0.00380	1	0.05340	-0.01471	0.68088	0.00417	1	1.45898	0.81042	0	
1227601	8281.07715	3303610364439	0.51865	0.32256	8280.98340	0.09375	10712	1	0.55362	0.30934	1	0.47623	0.34699	1	0.51492	0.32817	1	0.44222	0.54365	12.45749	1.06645	1	0.70486	0.56135	12.51054	1.06645	1	-0.01474	-0.01113	0.67767	0.00392	1	0.05340	-0.01471	0.68088	0.00416	1	1.45898	0.81042	0	
1227602	8281.08398	3303610433162	0.51842	0.32291	8280.98340	0.10059	10712	1	0.55362	0.30934	1	0.47623	0.34699	1	0.51492	0.32817	1	0.44216	0.54351	12.38368	1.06645	1	0.70482	0.56151	13.24324	1.06645	1	-0.01474	-0.01113	0.67767	0.00390	1	0.05340	-0.01471	0.68088	0.00414	1	1.45898	0.81042	0	
1227603	8281.09082	3303610499988	0.51750	0.32270	8280.98340	0.10742	10712	1	0.54355	0.30486	1	0.46217	0.33357	1	0.50286	0.31922	1	0.44214	0.54365	12.42114	1.06645	1	0.70469	0.56138	12.65853	1.06645	1	-0.01474	-0.01113	0.67767	0.00393	1	0.05340	-0.01471	0.68088	0.00419	1	1.45898	0.81042	0	
1227604	8281.09766	3303610566967	0.51696	0.32269	8280.98340	0.11426	10712	1	0.54375	0.31496	1	0.47168	0.33026	1	0.50772	0.32261	1	0.44212	0.54367	12.44839	1.06645	1	0.70490	0.56143	13.43308	1.06645	1	-0.01474	-0.01113	0.67767	0.00393	1	0.05340	-0.01471	0.68088	0.00412	1	1.45898	0.81042	0	
1227605	8281.10352	3303610633482	0.51647	0.32269	8280.98340	0.12012	10712	1	0.54375	0.31496	1	0.47168	0.33026	1	0.50772	0.32261	1	0.44198	0.54345	12.27483	1.06645	1	0.70475	0.56129	12.64784	1.06645	1	-0.01474	-0.01113	0.67767	0.00397	1	0.05340	-0.01471	0.68088	0.00422	1	1.45898	0.81042	0	
1227606	8281.11035	3303610700902	0.51665	0.32219	8280.98340	0.12695	10712	1	0.53959	0.31317	1	0.50026	0.31247	1	0.51992	0.31282	1	0.44197	0.54360	12.34562	1.06645	1	0.70494	0.56105	12.16883	1.06645	1	-0.01474	-0.01113	0.67767	0.00391	1	0.05340	-0.01471	0.68088	0.00421	1	1.45898	0.81042	0	
1227607	8281.11719	3303610767728	0.51674	0.32235	8280.98340	0.13379	10712	1	0.55090	0.30500	1	0.48627	0.34600	1	0.51859	0.32550	1	0.44225	0.54378	12.56945	1.06645	1	0.70467	0.56144	12.71463	1.06645	1	-0.01474	-0.01113	0.67767	0.00389	1	0.05340	-0.01471	0.68088	0.00419	1	1.45898	0.81042	0	
1227608	8281.12402	3303610834935	0.51682	0.32249	8280.98340	0.14062	10712	1	0.55090	0.30500	1	0.48627	0.34600	1	0.51859	0.32550	1	0.44203	0.54389	12.28978	1.06645	1	0.70470	0.56144	12.69279	1.06645	1	-0.01474	-0.01113	0.67767	0.00387	1	0.05340	-0.01471	0.68088	0.00418	1	1.45898	0.81042	0	
1227609	8281.13086	3303610901648	0.51667	0.32205	8280.98340	0.14746	10712	1	0.54307	0.27832	1	0.48347	0.34639	1	0.51327	0.31235	1	0.44214	0.54357	12.30213	1.06645	1	0.70467	0.56144	12.71463	1.06645	1	-0.01474	-0.01113	0.67767	0.00394	1	0.05340	-0.01471	0.68088	0.00419	1	1.45898	0.81042	0	
1227610	8281.13770	3303610970122	0.51621	0.32198	8280.98340	0.15430	10712	1	0.54031	0.28963	1	0.47106	0.35076	1	0.50568	0.32020	1	0.44214	0.54355	12.34208	1.06645	1	0.70442	0.56163	13.08340	1.06645	1	-0.01474	-0.01113	0.67767	0.00394	1	0.05340	-0.01471	0.68088	0.00421	1	1.45898	0.81042	0	
1227611	8281.14453	3303611036204	0.51579	0.32191	8280.98340	0.16113	10712	1	0.54031	0.28963	1	0.47106	0.35076	1	0.50568	0.32020	1	0.44231	0.54362	12.82956	1.06645	1	0.70475	0.56108	12.62549	1.06645	1	-0.01474	-0.01113	0.67767	0.00389	1	0.05340	-0.01471	0.68088	0.00416	1	1.45898	0.81042	0	
1227612	8281.15039	3303611102784	0.51550	0.32241	8280.98340	0.16699	10712	1	0.52985	0.32211	1	0.48681	0.34772	1	0.50833	0.33492	1	0.44225	0.54380	12.54617	1.06645	1	0.70470	0.56144	12.69279	1.06645	1	-0.01474	-0.01113	0.67767	0.00388	1	0.05340	-0.01471	0.68088	0.00419	1	1.45898	0.81042	0	
1227613	8281.15723	3303611170564	0.51489	0.32220	8280.98340	0.17383	10712	1	0.52771	0.27696	1	0.47009	0.35676	1	0.49890	0.31686	1	0.44219	0.54363	12.31432	1.06645	1	0.70486	0.56145	13.19263	1.06645	1	-0.01474	-0.01113	0.67767	0.00396	1	0.05340	-0.01471	0.68088	0.00411	1	1.45898	0.81042	0	
1227614	8281.16406	3303611236746	0.51432	0.32201	8280.98340	0.18066	10712	1	0.52771	0.27696	1	0.47009	0.35676	1	0.49890	0.31686	1	0.44234	0.54347	12.14297	1.06645	1	0.70513	0.56141	12.95465	1.06645	1	-0.01474	-0.01108	0.67767	0.00400	1	0.05340	-0.01471	0.68088	0.00411	1	1.45898	0.81042	0	
1227615	8281.17090	3303611303715	0.51371	0.32155	8280.98340	0.18750	10712	1	0.52837	0.30324	1	0.46519	0.31410	1	0.49678	0.30867	1	0.44228	0.54341	12.12897	1.06645	1	0.70471	0.56111	12.21593	1.06645	1	-0.01474	-0.01108	0.67767	0.00401	1	0.05340	-0.01471	0.68088	0.00421	1	1.45898	0.81042	0	
1227616	8281.17773	3303611370078	0.51324	0.32139	8280.98340	0.19434	10712	1	0.52515	0.30868	1	0.47388	0.32462	1	0.49951	0.31665	1	0.44220	0.54354	12.14559	1.06645	1	0.70486	0.56137	12.51760	1.06645	1	-0.01474	-0.01108	0.67767	0.00398	1	0.05340	-0.01471	0.68088	0.00417	1	1.45898	0.81042	0	
1227617	8281.18457	3303611437669	0.51280	0.32123	8280.98340	0.20117	10712	1	0.52515	0.30868	1	0.47388	0.32462	1	0.49951	0.31665	1	0.44208	0.54342	12.13604	1.06645	1	0.70517	0.56049	12.70215	1.06645	1	-0.01474	-0.01113	0.67767	0.00400	1	0.05340	-0.01471	0.68088	0.00450	1	1.45898	0.81042	0	
1227618	8281.19141	3303611505196	0.51279	0.32004	8280.98340	0.20801	10712	1	0.53378	0.30623	1	0.49123	0.25994	1	0.51250	0.28308	1	0.44224	0.54356	12.53507	1.06645	1	0.70510	0.56042	12.84847	1.06645	1	-0.01474	-0.01113	0.67767	0.00395	1	0.05340	-0.01471	0.68088	0.00451	1	1.45898	0.81042	0	
1227619	8281.19727	3303611570667	0.51250	0.31965	8280.98340	0.21387	10712	1	0.53023	0.31270	1	0.47658	0.30149	1	0.50341	0.30710	1	0.44219	0.54363	12.60647	1.06645	1	0.70492	0.56102	12.81190	1.06645	1	-0.01474	-0.01113	0.67767	0.00394	1	0.05340	-0.01471	0.68088	0.00423	1	1.45898	0.81042	0	
1227620	8281.20410	3303611639088	0.51223	0.31938	8280.98340	0.22070	10712	1	0.53023	0.31270	1	0.47629	0.30795	1	0.50326	0.31033	1	0.44203	0.54384	12.89348	1.06645	1	0.70455	0.56152	12.77660	1.05879	1	-0.01474	-0.01113	0.67767	0.00389	1	0.05168	-0.01422	0.65827	0.00420	1	1.45898	0.81042	0	
1227621	8281.21094	3303611705631	0.51198	0.31995	8280.98340	0.22754	10712	1	0.53906	0.33730	1	0.46795	0.34188	1	0.50350	0.33959	1	0.44245	0.54386	12.97376	1.05879	1	0.70481	0.56147	13.26706	1.05113	1	-0.01474	-0.01113	0.67767	0.00382	1	0.05168	-0.01422	0.65827	0.00416	1	1.45898	0.81042	0	
1227622	8281.21777	3303611772509	0.51147	0.32002	8280.98340	0.23438	10712	1	0.51776	0.32277	1	0.46911	0.32210	1	0.49343	0.32244	1	0.44207	0.54344	12.56274	1.05113	1	0.70480	0.56109	12.25063	1.04347	1	-0.01474	-0.01113	0.67767	0.00388	1	0.05168	-0.01422	0.65827	0.00426	1	1.45898	0.81042	0	
1227623	8281.22461	3303611837489	0.51100	0.32035	8280.98340	0.24121	10712	1	0.51951	0.33556	1	0.46885	0.32886	1	0.49418	0.33221	1	0.44222	0.54395	12.82787	1.03545	1	0.70495	0.56106	12.42948	1.03545	1	-0.01444	-0.01099	0.66636	0.00379	1	0.05340	-0.01471	0.68088	0.00420	1	1.45898	0.81042	0	
1227624	8281.23145	3303611906589	0.51061	0.32177	8280.98340	0.24805	10712	1	0.53224	0.36935	1	0.46029	0.37895	1	0.49627	0.37415	1	0.44221	0.54395	12.82557	1.02743	1	0.70473	0.56162	13.34519	1.03509	1	-0.01444	-0.01099	0.66636	0.00379	1	0.05340	-0.01471	0.68088	0.00411	1	1.45898	0.81042	0	
1227625	8281.23828	3303611973548	0.51033	0.32287	8280.98340	0.25488	10712	1	0.53470	0.35234	1	0.46484	0.37693	1	0.49977	0.36463	1	0.44228	0.54378	13.06376	1.02708	1	0.70475	0.56155	13.37615	1.03474	1	-0.01444	-0.01099	0.66636	0.00374	1	0.05340	-0.01471	0.68088	0.00412	1	1.45898	0.81042	0	
1227626	8281.24414	3303612040685	0.51007	0.32399	8280.98340	0.26074	10712	1	0.53473	0.35262	1	0.46461	0.38331	1	0.49967	0.36797	1	0.44204	0.54375	12.75957	1.02672	1	0.70496	0.56165	13.16945	1.02672	1	-0.01444	-0.01099	0.66636	0.00375	1	0.05168	-0.01422	0.65827	0.00410	1	1.45898	0.81042	0	
1227627	8281.25098	3303612107658	0.50992	0.32430	8280.98340	0.26758	10712	1	0.52713	0.28417	1	0.48085	0.38875	1	0.50399	0.33646	1	0.44223	0.54296	12.77303	1.02672	1	0.70506	0.56156	12.81630	1.01906	1	-0.01444	-0.01099	0.66636	0.00416	1	0.05168	-0.01422	0.65827	0.00408	1	1.45898	0.81042	0	
1227628	8281.25781	3303612174524	0.51013	0.32583	8280.98340	0.27441	10712	1	0.53903	0.37737	1	0.49865	0.40035	1	0.51884	0.38886	1	0.44235	0.54367	12.94889	1.01906	1	0.70538	0.56148	13.22967	1.01140	1	-0.01444	-0.01099	0.66636	0.00373	1	0.05168	-0.01422	0.65827	0.00395	1	1.45898	0.81042	0	
1227629	8281.26465	3303612241853	0.51033	0.32729	8280.98340	0.28125	10712	1	0.53899	0.37709	1	0.49867	0.40007	1	0.51883	0.38858	1	0.44303	0.54413	12.45000	1.01942	1	0.70521	0.56135	13.13785	1.01176	1	-0.01467	-0.01121	0.67941	0.00385	1	0.05190	-0.01425	0.65985	0.00397	1	1.45898	0.81042	0	
1227630	8281.27148	3303612308104	0.51029	0.32821	8280.98340	0.28809	10712	1	0.55018	0.36496	1	0.46682	0.37043	1	0.50850	0.36770	1	0.44276	0.54429	12.64964	1.01978	1	0.70517	0.56137	13.17085	1.01978	1	-0.01467	-0.01121	0.67941	0.00380	1	0.05190	-0.01425	0.65985	0.00396	1	1.45898	0.81042	0	
1227631	8281.27832	3303612376034	0.50417	0.35526	8280.98340	0.28809	10712	0	0.55077	0.38892	1	0.46885	0.35142	1	0.50981	0.37017	1	0.44291	0.54416	12.39260	1.02779	1	0.70516	0.56116	13.10397	1.02779	1	-0.01467	-0.01121	0.67941	0.00381	1	0.05190	-0.01425	0.65985	0.00395	1	1.45898	0.81042	0	
1227632	8281.28516	3303612442531	0.50694	0.35793	8280.98340	0.28809	10712	0	0.55008	0.38276	1	0.46936	0.33846	1	0.50972	0.36061	1	0.44278	0.54401	12.22368	1.03581	1	0.70533	0.56105	12.85967	1.04347	1	-0.01467	-0.01121	0.67941	0.00380	1	0.05337	-0.01464	0.67792	0.00392	1	1.45898	0.81042	0	
1227633	8281.29102	3303612509321	0.50743	0.35167	8280.98340	0.28809	10712	0	0.54938	0.34795	1	0.46742	0.33032	1	0.50840	0.33914	1	0.44295	0.54379	12.38648	1.04347	1	0.70511	0.56119	13.24711	1.05113	1	-0.01467	-0.01121	0.67941	0.00389	1	0.05337	-0.01464	0.67792	0.00395	1	1.45898	0.81042	0	
1227634	8281.29785	3303612576022	0.50774	0.35155	8281.27832	0.01953	10713	1	0.54972	0.36605	1	0.46761	0.33630	1	0.50866	0.35118	1	0.44287	0.54409	12.70081	1.05113	1	0.70511	0.56119	13.24711	1.05879	1	-0.01467	-0.01121	0.67941	0.00383	1	0.05337	-0.01464	0.67792	0.00395	1	1.45898	0.81042	0	
1227635	8281.30469	3303612643509	0.50790	0.35215	8281.27832	0.02637	10713	1	0.54975	0.36633	1	0.46737	0.34285	1	0.50856	0.35459	1	0.44301	0.54386	12.94743	1.05077	1	0.70516	0.56139	13.35831	1.05077	1	-0.01392	-0.01067	0.64686	0.00386	1	0.05190	-0.01425	0.65985	0.00386	1	1.45898	0.81042	0	
1227636	8281.31152	3303612710532	0.50619	0.35082	8281.27832	0.03320	10713	1	0.52843	0.32791	1	0.46681	0.36036	1	0.49762	0.34414	1	0.44296	0.54369	12.99706	1.04275	1	0.70513	0.56136	13.48408	1.03509	1	-0.01392	-0.01067	0.64686	0.00388	1	0.05190	-0.01425	0.65985	0.00386	1	1.45898	0.81042	0	
1227637	8281.31836	3303612777217	0.50455	0.35299	8281.27832	0.04004	10713	1	0.52244	0.36597	1	0.46693	0.36608	1	0.49468	0.36602	1	0.44281	0.54393	12.22951	1.02708	1	0.70517	0.56133	13.34179	1.01942	1	-0.01392	-0.01067	0.64686	0.00387	1	0.05190	-0.01425	0.65985	0.00384	1	1.45898	0.81042	0	
1227638	8281.32520	3303612845225	0.50337	0.35500	8281.27832	0.04688	10713	1	0.52328	0.37204	1	0.46693	0.36608	1	0.49511	0.36906	1	0.44281	0.54393	12.22951	1.01942	1	0.70514	0.56123	13.13510	1.01942	1	-0.01424	-0.01096	0.66411	0.00387	1	0.05282	-0.01454	0.67089	0.00395	1	1.45898	0.81042	0	
1227639	8281.33203	3303612914160	0.50304	0.35279	8281.27832	0.05371	10713	1	0.52678	0.34039	1	0.47410	0.32981	1	0.50044	0.33510	1	0.44304	0.54382	12.51841	1.02743	1	0.70532	0.56107	13.32263	1.03509	1	-0.01424	-0.01096	0.66411	0.00392	1	0.05282	-0.01454	0.67089	0.00392	1	1.45898	0.81042	0	
1227640	8281.33789	3303612975549	0.50187	0.35476	8281.27832	0.05957	10713	1	0.52842	0.34024	1	0.45423	0.40472	1	0.49133	0.37248	1	0.44295	0.54372	12.38618	1.04311	1	0.70501	0.56198	13.17155	1.05077	1	-0.01424	-0.01096	0.66411	0.00390	1	0.05282	-0.01454	0.67089	0.00422	1	1.45898	0.81042	0	
1227641	8281.34473	3303613042422	0.50085	0.35526	8281.27832	0.06641	10713	1	0.52681	0.32762	1	0.45451	0.39285	1	0.49066	0.36024	1	0.44306	0.54372	12.47036	1.05879	1	0.70492	0.56195	13.28768	1.06645	1	-0.01424	-0.01096	0.66411	0.00385	1	0.05282	-0.01464	0.67089	0.00424	1	1.45898	0.81042	0	
1227642	8281.35156	3303613109963	0.50015	0.35437	8281.27832	0.07324	10713	1	0.51258	0.30291	1	0.47242	0.38642	1	0.49250	0.34466	1	0.44298	0.54365	12.45866	1.06645	1	0.70530	0.56184	13.08596	1.06645	1	-0.01424	-0.01096	0.66411	0.00387	1	0.05282	-0.01464	0.67089	0.00417	1	1.45898	0.81042	0	
1227643	8281.35840	3303613175421	0.50013	0.35523	8281.27832	0.08008	10713	1	0.54903	0.32990	1	0.45055	0.40119	1	0.49979	0.36554	1	0.44297	0.54380	12.79072	1.06645	1	0.70491	0.56222	13.59427	1.06645	1	-0.01424	-0.01096	0.66411	0.00382	1	0.05282	-0.01464	0.67089	0.00424	1	1.45898	0.81042	0	
1227644	8281.36426	3303613242061	0.50010	0.35597	8281.27832	0.08594	10713	1	0.54903	0.32990	1	0.45055	0.40119	1	0.49979	0.36554	1	0.44268	0.54405	12.69719	1.06645	1	0.70527	0.56199	13.24176	1.06645	1	-0.01424	-0.01096	0.66411	0.00379	1	0.05282	-0.01464	0.67089	0.00411	1	1.45898	0.81042	0	
1227645	8281.37109	3303613310450	0.50071	0.35333	8281.27832	0.09277	10713	1	0.54386	0.29408	1	0.47467	0.33862	1	0.50926	0.31635	1	0.44279	0.54372	12.09738	1.06645	1	0.70528	0.56132	12.85843	1.06645	1	-0.01424	-0.01096	0.66411	0.00378	1	0.05282	-0.01464	0.67089	0.00424	1	1.45898	0.81042	0	
1227646	8281.37793	3303613378006	0.49996	0.35282	8281.27832	0.09961	10713	1	0.51101	0.30769	1	0.46645	0.38272	1	0.48873	0.34520	1	0.44282	0.54370	12.37205	1.06645	1	0.70523	0.56191	13.19780	1.06645	1	-0.01424	-0.01096	0.66411	0.00377	1	0.05282	-0.01464	0.67089	0.00408	1	1.45898	0.81042	0	
1227647	8281.38477	3303613444169	0.49930	0.35237	8281.27832	0.10645	10713	1	0.51101	0.30769	1	0.46645	0.38272	1	0.48873	0.34520	1	0.44303	0.54363	12.48933	1.06645	1	0.70510	0.56174	12.97856	1.06645	1	-0.01424	-0.01096	0.66411	0.00391	1	0.05282	-0.01464	0.67089	0.00413	1	1.45898	0.81042	0	
1227648	8281.39160	3303613511802	0.49922	0.35277	8281.27832	0.11328	10713	1	0.52052	0.32332	1	0.47511	0.39585	1	0.49781	0.35958	1	0.44288	0.54409	12.43855	1.06645	1	0.70532	0.56209	13.08929	1.06645	1	-0.01424	-0.01096	0.66411	0.00377	1	0.05282	-0.01464	0.67089	0.00410	1	1.45898	0.81042	0	
1227649	8281.39844	3303613581272	0.49985	0.34931	8281.27832	0.12012	10713	1	0.52790	0.23928	1	0.49438	0.33479	1	0.51114	0.28703	1	0.44305	0.54375	12.53525	1.06645	1	0.70564	0.56122	13.37850	1.06645	1	-0.01424	-0.01096	0.66411	0.00383	1	0.05282	-0.01464	0.67089	0.00451	1	1.45898	0.81042	0	
1227650	8281.40527	3303613648133	0.50040	0.34581	8281.27832	0.12695	10713	1	0.52699	0.23126	1	0.49487	0.32739	1	0.51093	0.27932	1	0.44299	0.54357	12.57485	1.07553	1	0.70540	0.56213	13.19290	1.07553	1	-0.01526	-0.01180	0.70893	0.00377	1	0.05282	-0.01464	0.67089	0.00418	1	1.45898	0.81042	0	
1227651	8281.41211	3303613714039	0.50109	0.34435	8281.27832	0.13379	10713	1	0.54875	0.24092	1	0.48080	0.38906	1	0.51477	0.31499	1	0.44309	0.54361	12.58342	1.08462	1	0.70543	0.56201	13.10809	1.08462	1	-0.01526	-0.01180	0.70893	0.00380	1	0.05282	-0.01464	0.67089	0.00415	1	1.45898	0.81042	0	
1227652	8281.41895	3303613781767	0.50170	0.34327	8281.27832	0.14062	10713	1	0.54958	0.24759	1	0.47979	0.39381	1	0.51469	0.32070	1	0.44298	0.54366	12.34637	1.09370	1	0.70540	0.56208	13.12004	1.09370	1	-0.01526	-0.01180	0.70893	0.00379	1	0.05282	-0.01464	0.67089	0.00414	1	1.45898	0.81042	0	
1227653	8281.42578	3303613849453	0.50226	0.34241	8281.27832	0.14746	10713	1	0.54958	0.24759	1	0.47949	0.39947	1	0.51453	0.32353	1	0.44252	0.54350	13.00026	1.09370	1	0.70532	0.56202	12.94248	1.08604	1	-0.01466	-0.01135	0.67892	0.00388	1	0.05200	-0.01443	0.66109	0.00409	1	1.45898	0.81042	0	
1227654	8281.43164	3303613915268	0.50176	0.34039	8281.27832	0.15332	10713	1	0.51149	0.19990	1	0.46888	0.38806	1	0.49019	0.29398	1	0.44233	0.54241	12.66360	1.07696	1	0.70519	0.56194	13.25113	1.06930	1	-0.01466	-0.01135	0.67892	0.00433	1	0.05200	-0.01443	0.66109	0.00411	1	1.45898	0.81042	0	
1227655	8281.43848	3303613981955	0.50157	0.33841	8281.27832	0.16016	10713	1	0.50013	0.23222	1	0.49377	0.34933	1	0.49695	0.29078	1	0.44227	0.54310	12.72140	1.06021	1	0.70525	0.56142	12.91658	1.05255	1	-0.01466	-0.01135	0.67892	0.00414	1	0.05200	-0.01443	0.66109	0.00401	1	1.45898	0.81042	0	
1227656	8281.44531	3303614049300	0.50141	0.33713	8281.27832	0.16699	10713	1	0.50220	0.24722	1	0.49286	0.36292	1	0.49753	0.30507	1	0.44230	0.54327	12.85328	1.04347	1	0.70514	0.56184	13.10407	1.03581	1	-0.01466	-0.01135	0.67892	0.00409	1	0.05200	-0.01443	0.66109	0.00406	1	1.45898	0.81042	0	
1227657	8281.45215	3303614116838	0.50189	0.33715	8281.27832	0.17383	10713	1	0.53692	0.27160	1	0.49177	0.40393	1	0.51435	0.33776	1	0.44232	0.54322	12.75934	1.03581	1	0.70514	0.56184	13.10407	1.03581	1	-0.01466	-0.01135	0.67892	0.00411	1	0.05200	-0.01443	0.66109	0.00406	1	1.45898	0.81042	0	
1227658	8281.45898	3303614183864	0.50182	0.33775	8281.27832	0.18066	10713	1	0.51600	0.31130	1	0.48393	0.39669	1	0.49997	0.35399	1	0.44241	0.54409	12.93756	1.03581	1	0.70513	0.56176	13.02661	1.03581	1	-0.01466	-0.01135	0.67892	0.00384	1	0.05200	-0.01443	0.66109	0.00410	1	1.45898	0.81042	0	
1227659	8281.46582	3303614251084	0.50176	0.33831	8281.27832	0.18750	10713	1	0.51600	0.31130	1	0.48393	0.39669	1	0.49997	0.35399	1	0.44239	0.54322	12.72743	1.03581	1	0.70513	0.56161	12.96277	1.03581	1	-0.01466	-0.01135	0.67892	0.00421	1	0.05200	-0.01443	0.66109	0.00415	1	1.45898	0.81042	0	
1227660	8281.47266	3303614318040	0.50198	0.33896	8281.27832	0.19434	10713	1	0.53129	0.31743	1	0.48576	0.39793	1	0.50852	0.35768	1	0.44254	0.54411	13.12124	1.03581	1	0.70513	0.56176	13.02661	1.03581	1	-0.01466	-0.01135	0.67892	0.00381	1	0.05200	-0.01443	0.66109	0.00410	1	1.45898	0.81042	0	
1227661	8281.47852	3303614384652	0.50193	0.33898	8281.27832	0.20020	10713	1	0.51559	0.26424	1	0.48528	0.41538	1	0.50044	0.33981	1	0.44236	0.54336	12.94429	1.03581	1	0.70514	0.56209	13.33542	1.03581	1	-0.01466	-0.01135	0.67892	0.00412	1	0.05200	-0.01443	0.66109	0.00404	1	1.45898	0.81042	0	
1227662	8281.48535	3303614452110	0.50189	0.33901	8281.27832	0.20703	10713	1	0.51559	0.26424	1	0.48528	0.41538	1	0.50044	0.33981	1	0.44246	0.54382	12.98652	1.03581	1	0.70502	0.56174	12.96408	1.03581	1	-0.01466	-0.01135	0.67892	0.00386	1	0.05200	-0.01443	0.66109	0.00416	1	1.45898	0.81042	0	
1227663	8281.49219	3303614518778	0.50151	0.33909	8281.27832	0.21387	10713	1	0.53216	0.27715	1	0.44667	0.40611	1	0.48941	0.34163	1	0.44252	0.54376	12.90078	1.03581	1	0.70488	0.56176	12.99988	1.03581	1	-0.01466	-0.01135	0.67892	0.00385	1	0.05200	-0.01443	0.66109	0.00419	1	1.45898	0.81042	0	
1227664	8281.49902	3303614585983	0.50160	0.33929	8281.27832	0.22070	10713	1	0.52828	0.30814	1	0.48115	0.38359	1	0.50471	0.34586	1	0.44249	0.54386	12.94159	1.03581	1	0.70500	0.56163	13.01699	1.03581	1	-0.01466	-0.01135	0.67892	0.00384	1	0.05200	-0.01443	0.66109	0.00419	1	1.45898	0.81042	0	
1227665	8281.50586	3303614652728	0.50168	0.33927	8281.27832	0.22754	10713	1	0.52733	0.30049	1	0.48155	0.37641	1	0.50444	0.33845	1	0.44269	0.54390	13.37409	1.04489	1	0.70523	0.56200	13.45667	1.04489	1	-0.01526	-0.01180	0.70893	0.00382	1	0.05200	-0.01443	0.66109	0.00415	1	1.45898	0.81042	0	
1227666	8281.51270	3303614719394	0.50218	0.33933	8281.27832	0.23438	10713	1	0.54047	0.30090	1	0.49897	0.38214	1	0.51972	0.34152	1	0.44275	0.54382	13.76299	1.05398	1	0.70528	0.56179	13.19053	1.05398	1	-0.01526	-0.01180	0.70893	0.00375	1	0.05200	-0.01443	0.66109	0.00408	1	1.45898	0.81042	0	
1227667	8281.51953	3303614786811	0.50238	0.33892	8281.27832	0.24121	10713	1	0.52330	0.25468	1	0.49576	0.39359	1	0.50953	0.32413	1	0.44249	0.54382	12.96017	1.06307	1	0.70536	0.56195	13.41289	1.06307	1	-0.01526	-0.01180	0.70893	0.00379	1	0.05200	-0.01443	0.66109	0.00402	1	1.45898	0.81042	0	
1227668	8281.52539	3303614853423	0.50257	0.33853	8281.27832	0.24707	10713	1	0.52330	0.25468	1	0.49576	0.39359	1	0.50953	0.32413	1	0.44245	0.54272	13.08390	1.06307	1	0.70528	0.56186	13.17701	1.06307	1	-0.01478	-0.01140	0.68442	0.00425	1	0.05200	-0.01443	0.66109	0.00401	1	1.45898	0.81042	0	
1227669	8281.53223	3303614920795	0.50304	0.33895	8281.27832	0.25391	10713	1	0.53751	0.29698	1	0.50437	0.41273	1	0.52094	0.35485	1	0.44259	0.54390	13.66344	1.05398	1	0.70538	0.56200	13.71976	1.05398	1	-0.01478	-0.01140	0.68442	0.00379	1	0.05200	-0.01443	0.66109	0.00406	1	1.45898	0.81042	0	
1227670	8281.53906	3303614985292	0.50310	0.33806	8281.27832	0.26074	10713	1	0.52076	0.23112	1	0.49005	0.37622	1	0.50541	0.30367	1	0.44239	0.54322	12.98360	1.04489	1	0.70524	0.56156	13.23735	1.04489	1	-0.01478	-0.01140	0.68442	0.00410	1	0.05200	-0.01443	0.66109	0.00398	1	1.45898	0.81042	0	
1227671	8281.54590	3303615051803	0.50316	0.33748	8281.27832	0.26758	10713	1	0.52175	0.23937	1	0.48924	0.38879	1	0.50549	0.31408	1	0.44250	0.54373	13.79461	1.03581	1	0.70524	0.56213	13.59557	1.02900	1	-0.01478	-0.01140	0.68442	0.00395	1	0.05055	-0.01409	0.64332	0.00404	1	1.45898	0.81042	0	
1227672	8281.55176	3303615114896	0.50328	0.33779	8281.27832	0.27344	10713	1	0.52838	0.31428	1	0.48826	0.38691	1	0.50832	0.35059	1	0.44243	0.54369	13.16600	1.02900	1	0.70517	0.56192	13.20051	1.02219	1	-0.01478	-0.01140	0.68442	0.00421	1	0.05055	-0.01409	0.64332	0.00407	1	1.45898	0.81042	0	
1227673	8281.55859	3303615185533	0.50333	0.33832	8281.27832	0.28027	10713	1	0.51845	0.31931	1	0.49218	0.40138	1	0.50531	0.36035	1	0.44243	0.54362	13.10669	1.02219	1	0.70524	0.56209	13.20750	1.01538	1	-0.01478	-0.01140	0.68442	0.00423	1	0.05055	-0.01409	0.64332	0.00402	1	1.45898	0.81042	0	
1227674	8281.56543	3303615251511	0.50338	0.33888	8281.27832	0.28711	10713	1	0.51922	0.32505	1	0.49218	0.40138	1	0.50570	0.36321	1	0.44238	0.54367	12.86725	1.01538	1	0.70524	0.56205	13.18591	1.01538	1	-0.01478	-0.01140	0.68442	0.00431	1	0.05190	-0.01445	0.65985	0.00408	1	1.45898	0.81042	0	
1227675	8281.57324	3303615323658	0.50355	0.33982	8281.27832	0.29492	10713	1	0.53474	0.33665	1	0.48688	0.42592	1	0.51081	0.38129	1	0.44249	0.54391	13.13756	1.01538	1	0.70515	0.56184	13.24211	1.02219	1	-0.01478	-0.01140	0.68442	0.00424	1	0.05190	-0.01445	0.65985	0.00414	1	1.45898	0.81042	0	
1227676	8281.57910	3303615390667	0.50355	0.34042	8281.27832	0.30078	10713	1	0.52010	0.33190	1	0.48667	0.40292	1	0.50338	0.36741	1	0.44249	0.54398	13.33313	1.02219	1	0.70516	0.56215	13.20754	1.02900	1	-0.01478	-0.01140	0.68442	0.00415	1	0.05190	-0.01445	0.65985	0.00408	1	1.45898	0.81042	0	
1227677	8281.58594	3303615456411	0.50354	0.34088	8281.27832	0.30762	10713	1	0.51933	0.32625	1	0.48700	0.39763	1	0.50317	0.36194	1	0.44238	0.54367	12.86725	1.02900	1	0.70524	0.56211	13.47460	1.03581	1	-0.01478	-0.01140	0.68442	0.00431	1	0.05190	-0.01445	0.65985	0.00402	1	1.45898	0.81042	0	
1227678	8281.59277	3303615523620	0.50338	0.34102	8281.27832	0.31445	10713	1	0.51955	0.24928	1	0.47199	0.44601	1	0.49577	0.34765	1	0.44242	0.54424	13.08188	1.03581	1	0.70527	0.56229	13.56752	1.03581	1	-0.01478	-0.01140	0.68442	0.00390	1	0.05190	-0.01445	0.65985	0.00407	1	1.45898	0.81042	0	
1227679	8281.59961	3303615590467	0.50315	0.34104	8281.27832	0.32129	10713	1	0.51316	0.29263	1	0.47381	0.41968	1	0.49349	0.35616	1	0.44236	0.54342	12.88139	1.03581	1	0.70532	0.56196	12.84698	1.03581	1	-0.01478	-0.01140	0.68442	0.00431	1	0.05190	-0.01445	0.65985	0.00416	1	1.45898	0.81042	0	
1227680	8281.60645	3303615656674	0.50282	0.34102	8281.27832	0.32812	10713	1	0.51410	0.29950	1	0.47379	0.41995	1	0.49395	0.35973	1	0.44279	0.54414	13.83135	1.02779	1	0.70528	0.56163	13.18661	1.03545	1	-0.01424	-0.01102	0.66184	0.00389	1	0.05282	-0.01464	0.67089	0.00419	1	1.45898	0.81042	0	
1227681	8281.61328	3303615724659	0.50273	0.34136	8281.27832	0.33496	10713	1	0.52315	0.34928	1	0.48467	0.36106	1	0.50391	0.35517	1	0.44290	0.54435	13.98542	1.02743	1	0.70549	0.56179	14.02802	1.03509	1	-0.01424	-0.01102	0.66184	0.00389	1	0.05282	-0.01464	0.67089	0.00410	1	1.45898	0.81042	0	
1227682	8281.62012	3303615791682	0.50270	0.34214	8281.27832	0.34180	10713	1	0.53499	0.38972	1	0.47903	0.38789	1	0.50701	0.38881	1	0.44300	0.54440	13.88394	1.02708	1	0.70542	0.56211	14.15252	1.03474	1	-0.01424	-0.01102	0.66184	0.00389	1	0.05282	-0.01464	0.67089	0.00418	1	1.45898	0.81042	0	
1227683	8281.62598	3303615858717	0.50266	0.34286	8281.27832	0.34766	10713	1	0.53502	0.39000	1	0.47901	0.38818	1	0.50702	0.38909	1	0.44283	0.54343	13.71487	1.02672	1	0.70542	0.56207	14.16154	1.03438	1	-0.01424	-0.01102	0.66184	0.00427	1	0.05337	-0.01485	0.67792	0.00419	1	1.45898	0.81042	0	
1227684	8281.63281	3303615925616	0.50327	0.34267	8281.27832	0.35449	10713	1	0.56317	0.27808	1	0.49010	0.39200	1	0.52663	0.33504	1	0.44288	0.54393	14.04581	1.03438	1	0.70553	0.56190	13.98431	1.03438	1	-0.01424	-0.01102	0.66184	0.00381	1	0.05337	-0.01485	0.67792	0.00422	1	1.45898	0.81042	0	
1227685	8281.63965	3303615993192	0.50367	0.34253	8281.27832	0.36133	10713	1	0.54794	0.32298	1	0.48020	0.39601	1	0.51407	0.35949	1	0.44298	0.54408	13.96922	1.03438	1	0.70544	0.56203	14.06462	1.03438	1	-0.01424	-0.01102	0.66184	0.00383	1	0.05337	-0.01485	0.67792	0.00423	1	1.45898	0.81042	0	
1227686	8281.64648	3303616059580	0.50407	0.34234	8281.27832	0.36816	10713	1	0.54794	0.32298	1	0.48020	0.39601	1	0.51407	0.35949	1	0.44282	0.54412	13.79579	1.03438	1	0.70543	0.56215	14.12301	1.03438	1	-0.01424	-0.01102	0.66184	0.00375	1	0.05337	-0.01485	0.67792	0.00418	1	1.45898	0.81042	0	
1227687	8281.65332	3303616125663	0.50462	0.34280	8281.27832	0.37500	10713	1	0.57198	0.32477	1	0.48208	0.38960	1	0.52703	0.35718	1	0.44281	0.54443	13.95150	1.03438	1	0.70541	0.56200	14.10630	1.03438	1	-0.01424	-0.01102	0.66184	0.00390	1	0.05337	-0.01485	0.67792	0.00415	1	1.45898	0.81042	0	
1227688	8281.66016	3303616193463	0.50544	0.34254	8281.27832	0.38184	10713	1	0.56936	0.32239	1	0.49188	0.39846	1	0.53062	0.36043	1	0.44265	0.54431	13.60160	1.03438	1	0.70569	0.56225	13.76945	1.03438	1	-0.01424	-0.01102	0.66184	0.00377	1	0.05337	-0.01485	0.67792	0.00409	1	1.45898	0.81042	0	
1227689	8281.66602	3303616259982	0.50627	0.34232	8281.27832	0.38770	10713	1	0.56817	0.30826	1	0.49239	0.39112	1	0.53028	0.34969	1	0.44235	0.54445	13.41973	1.05148	1	0.70530	0.56215	13.00661	1.04382	1	-0.01524	-0.01171	0.70345	0.00387	1	0.05190	-0.01445	0.65985	0.00412	1	1.45898	0.81042	0	
1227690	8281.67285	3303616327391	0.50666	0.34324	8281.27832	0.39453	10713	1	0.55208	0.38211	1	0.47055	0.39473	1	0.51132	0.38842	1	0.44260	0.54469	14.07713	1.06092	1	0.70526	0.56224	13.30044	1.05327	1	-0.01524	-0.01171	0.70345	0.00386	1	0.05190	-0.01445	0.65985	0.00402	1	1.45898	0.81042	0	
1227691	8281.67969	3303616394728	0.50712	0.34202	8281.27832	0.40137	10713	1	0.56397	0.25182	1	0.48019	0.36254	1	0.52208	0.30718	1	0.44258	0.54432	13.92418	1.07037	1	0.70544	0.56202	13.81120	1.06271	1	-0.01524	-0.01171	0.70345	0.00388	1	0.05190	-0.01445	0.65985	0.00413	1	1.45898	0.81042	0	
1227692	8281.68652	3303616461439	0.50758	0.34064	8281.27832	0.40820	10713	1	0.56329	0.24365	1	0.48059	0.35508	1	0.52194	0.29937	1	0.44271	0.54427	13.75241	1.07981	1	0.70527	0.56201	13.15951	1.07215	1	-0.01536	-0.01175	0.70898	0.00387	1	0.05190	-0.01445	0.65985	0.00412	1	1.45898	0.81042	0	
1227693	8281.69336	3303616528177	0.50780	0.34096	8281.27832	0.41504	10713	1	0.55006	0.34931	1	0.48899	0.31433	1	0.51953	0.33182	1	0.44247	0.54434	13.12382	1.07215	1	0.70561	0.56202	13.49674	1.07215	1	-0.01536	-0.01175	0.70898	0.00396	1	0.05190	-0.01445	0.65985	0.00409	1	1.45898	0.81042	0	
1227694	8281.70020	3303616595559	0.50833	0.33914	8281.27832	0.42188	10713	1	0.55404	0.16788	1	0.47488	0.34777	1	0.51446	0.25782	1	0.44242	0.54381	12.88678	1.07215	1	0.70531	0.56214	13.35916	1.07215	1	-0.01536	-0.01175	0.70898	0.00425	1	0.05190	-0.01445	0.65985	0.00400	1	1.45898	0.81042	0	
1227695	8281.70605	3303616660417	0.50887	0.33732	8281.27832	0.42773	10713	1	0.55404	0.16788	1	0.47488	0.34777	1	0.51446	0.25782	1	0.44235	0.54458	13.75393	1.07215	1	0.70530	0.56207	13.27422	1.07215	1	-0.01524	-0.01171	0.70345	0.00390	1	0.05190	-0.01445	0.65985	0.00403	1	1.45898	0.81042	0	
1227696	8281.71387	3303616729345	0.50926	0.33649	8281.27832	0.43555	10713	1	0.54216	0.28822	1	0.49060	0.35067	1	0.51638	0.31944	1	0.44239	0.54444	13.55794	1.07215	1	0.70557	0.56189	13.54618	1.07215	1	-0.01524	-0.01171	0.70345	0.00392	1	0.05190	-0.01445	0.65985	0.00413	1	1.45898	0.81042	0	
1227697	8281.71973	3303616796302	0.50937	0.33766	8281.27832	0.44141	10713	1	0.55210	0.32787	1	0.48111	0.35911	1	0.51661	0.34349	1	0.44247	0.54421	13.56643	1.07215	1	0.70502	0.56222	13.79548	1.07215	1	-0.01524	-0.01171	0.70345	0.00396	1	0.05190	-0.01445	0.65985	0.00411	1	1.45898	0.81042	0	
1227698	8281.72656	3303616863504	0.50949	0.33915	8281.27832	0.44824	10713	1	0.55284	0.33508	1	0.48073	0.36625	1	0.51678	0.35067	1	0.44235	0.54408	13.12261	1.06307	1	0.70498	0.56188	13.98294	1.06307	1	-0.01474	-0.01128	0.67767	0.00391	1	0.05168	-0.01442	0.65828	0.00414	1	1.45898	0.81042	0	
1227699	8281.73340	3303616927283	0.50940	0.33971	8281.27832	0.45508	10713	1	0.55152	0.32373	1	0.46945	0.36027	1	0.51048	0.34200	1	0.44246	0.54413	13.75753	1.05398	1	0.70481	0.56199	14.04557	1.05398	1	-0.01474	-0.01128	0.67767	0.00385	1	0.05168	-0.01442	0.65828	0.00416	1	1.45898	0.81042	0	
1227700	8281.74023	3303616995501	0.50909	0.33915	8281.27832	0.46191	10713	1	0.52910	0.24996	1	0.47020	0.33710	1	0.49965	0.29353	1	0.44229	0.54296	13.33515	1.04489	1	0.70484	0.56168	13.55050	1.04489	1	-0.01474	-0.01128	0.67767	0.00428	1	0.05168	-0.01442	0.65828	0.00416	1	1.45898	0.81042	0	
1227701	8281.74609	3303617060623	0.50879	0.33876	8281.27832	0.46777	10713	1	0.53085	0.26518	1	0.46989	0.34491	1	0.50037	0.30505	1	0.44212	0.54378	14.35344	1.02779	1	0.70480	0.56140	13.58936	1.03545	1	-0.01402	-0.01065	0.64264	0.00421	1	0.05330	-0.01483	0.67958	0.00429	1	1.45898	0.81042	0	
1227702	8281.75293	3303617124308	0.51279	0.31444	8281.27832	0.46777	10713	0	0.53825	0.34139	1	0.46326	0.38884	1	0.50075	0.36512	1	0.44209	0.54416	14.24510	1.02743	1	0.70476	0.56152	13.63824	1.03509	1	-0.01402	-0.01065	0.64264	0.00405	1	0.05330	-0.01483	0.67958	0.00425	1	1.45898	0.81042	0	
1227703	8281.75977	3303617196586	0.50471	0.32826	8281.27832	0.46777	10713	0	0.52071	0.31990	1	0.47254	0.36427	1	0.49662	0.34208	1	0.44199	0.54401	14.11885	1.02708	1	0.70485	0.56148	13.57704	1.03474	1	-0.01402	-0.01065	0.64264	0.00397	1	0.05330	-0.01483	0.67958	0.00434	1	1.45898	0.81042	0	
1227704	8281.76660	3303617261955	0.50192	0.33077	8281.27832	0.46777	10713	0	0.51986	0.31348	1	0.47281	0.35807	1	0.49634	0.33578	1	0.44163	0.54453	13.59524	1.03474	1	0.70467	0.56167	13.98643	1.04240	1	-0.01516	-0.01148	0.69246	0.00404	1	0.05330	-0.01483	0.67958	0.00435	1	1.45898	0.81042	0	
1227705	8281.77344	3303617325189	0.50631	0.32705	8281.75293	0.02051	10714	1	0.55241	0.27375	1	0.48656	0.35801	1	0.51949	0.31588	1	0.44167	0.54408	13.74248	1.05041	1	0.70473	0.56193	14.01262	1.05041	1	-0.01516	-0.01148	0.69246	0.00406	1	0.05330	-0.01483	0.67958	0.00428	1	1.45898	0.81042	0	
1227706	8281.78027	3303617396016	0.50889	0.32520	8281.75293	0.02734	10714	1	0.55008	0.31083	1	0.48836	0.32479	1	0.51922	0.31781	1	0.44181	0.54462	13.87244	1.05843	1	0.70472	0.56148	13.90631	1.05843	1	-0.01516	-0.01148	0.69246	0.00386	1	0.05330	-0.01483	0.67958	0.00450	1	1.45898	0.81042	0	
1227707	8281.78711	3303617463714	0.51053	0.32215	8281.75293	0.03418	10714	1	0.54865	0.29681	1	0.48882	0.31695	1	0.51874	0.30688	1	0.44192	0.54468	13.80833	1.07553	1	0.70492	0.56202	13.71294	1.06787	1	-0.01533	-0.01167	0.69764	0.00388	1	0.05171	-0.01440	0.65990	0.00417	1	1.45898	0.81042	0	
1227708	8281.79297	3303617529389	0.50933	0.31940	8281.75293	0.04004	10714	1	0.54211	0.23463	1	0.46212	0.37120	1	0.50212	0.30291	1	0.44168	0.54404	13.45214	1.07696	1	0.70439	0.56222	13.16424	1.06930	1	-0.01533	-0.01167	0.69764	0.00409	1	0.05171	-0.01440	0.65990	0.00421	1	1.45898	0.81042	0	
1227709	8281.79980	3303617597628	0.51057	0.31974	8281.75293	0.04688	10714	1	0.55356	0.25590	1	0.48500	0.38835	1	0.51928	0.32212	1	0.44171	0.54440	13.28110	1.07838	1	0.70439	0.56200	13.17064	1.07073	1	-0.01533	-0.01167	0.69764	0.00393	1	0.05171	-0.01440	0.65990	0.00419	1	1.45898	0.81042	0	
1227710	8281.80664	3303617662496	0.51154	0.31988	8281.75293	0.05371	10714	1	0.55345	0.25468	1	0.48506	0.38726	1	0.51926	0.32097	1	0.44194	0.54454	13.80687	1.07981	1	0.70423	0.56194	13.41010	1.07215	1	-0.01533	-0.01167	0.69764	0.00396	1	0.05171	-0.01440	0.65990	0.00422	1	1.45898	0.81042	0	
1227711	8281.81348	3303617731942	0.50915	0.31511	8281.75293	0.06055	10714	1	0.53422	0.21213	1	0.44117	0.33229	1	0.48770	0.27221	1	0.44160	0.54392	13.10711	1.07215	1	0.70401	0.56207	13.99514	1.07215	1	-0.01533	-0.01167	0.69764	0.00419	1	0.05171	-0.01440	0.65990	0.00420	1	1.45898	0.81042	0	
1227712	8281.82031	3303617800785	0.51023	0.31737	8281.75293	0.06738	10714	1	0.54773	0.31513	1	0.49435	0.36482	1	0.52104	0.33998	1	0.44182	0.54463	13.88570	1.07215	1	0.70448	0.56162	13.86402	1.07215	1	-0.01533	-0.01167	0.69764	0.00392	1	0.05171	-0.01440	0.65990	0.00413	1	1.45898	0.81042	0	
1227713	8281.82715	3303617868455	0.51115	0.31985	8281.75293	0.07422	10714	1	0.54850	0.32244	1	0.49386	0.37193	1	0.52118	0.34719	1	0.44167	0.54397	13.11494	1.06307	1	0.70436	0.56160	13.34678	1.06307	1	-0.01514	-0.01149	0.68697	0.00409	1	0.05171	-0.01440	0.65990	0.00419	1	1.45898	0.81042	0	
1227714	8281.83398	3303617935267	0.51039	0.31927	8281.75293	0.08105	10714	1	0.53574	0.25254	1	0.46676	0.37200	1	0.50125	0.31227	1	0.44160	0.54399	13.31242	1.05398	1	0.70438	0.56173	13.20803	1.05398	1	-0.01514	-0.01149	0.68697	0.00416	1	0.05171	-0.01440	0.65990	0.00413	1	1.45898	0.81042	0	
1227715	8281.84082	3303618002334	0.50987	0.32015	8281.75293	0.08789	10714	1	0.54166	0.26180	1	0.46460	0.40140	1	0.50313	0.33160	1	0.44162	0.54407	13.33614	1.04489	1	0.70437	0.56187	13.10333	1.04489	1	-0.01514	-0.01149	0.68697	0.00407	1	0.05171	-0.01440	0.65990	0.00416	1	1.45898	0.81042	0	
1227716	8281.84766	3303618067069	0.50945	0.32185	8281.75293	0.09473	10714	1	0.54323	0.27682	1	0.46412	0.41448	1	0.50368	0.34565	1	0.44138	0.54376	13.67058	1.02779	1	0.70424	0.56196	13.55349	1.02779	1	-0.01444	-0.01099	0.65736	0.00414	1	0.05171	-0.01440	0.65990	0.00419	1	1.45898	0.81042	0	
1227717	8281.85449	3303618135807	0.50895	0.32358	8281.75293	0.10156	10714	1	0.55190	0.29404	1	0.45084	0.40510	1	0.50137	0.34957	1	0.44177	0.54385	13.22969	1.01978	1	0.70376	0.56175	13.69832	1.01978	1	-0.01444	-0.01099	0.65736	0.00420	1	0.05171	-0.01440	0.65990	0.00427	1	1.45898	0.81042	0	
1227718	8281.86035	3303618202918	0.50887	0.32501	8281.75293	0.10742	10714	1	0.53807	0.29202	1	0.47706	0.40362	1	0.50756	0.34782	1	0.44136	0.54398	13.93669	1.01176	1	0.70413	0.56146	13.86554	1.01176	1	-0.01444	-0.01099	0.65736	0.00417	1	0.05171	-0.01440	0.65990	0.00420	1	1.45898	0.81042	0	
1227719	8281.86719	3303618269898	0.50880	0.32611	8281.75293	0.11426	10714	1	0.53807	0.29202	1	0.47737	0.39758	1	0.50772	0.34480	1	0.44137	0.54408	13.64347	1.01176	1	0.70397	0.56157	14.04644	1.01942	1	-0.01514	-0.01149	0.68697	0.00404	1	0.05327	-0.01485	0.68054	0.00421	1	1.45898	0.81042	0	
1227720	8281.87402	3303618337015	0.50789	0.32586	8281.75293	0.12109	10714	1	0.53103	0.24919	1	0.45184	0.39367	1	0.49143	0.32143	1	0.44133	0.54429	13.83811	1.02743	1	0.70388	0.56175	14.21487	1.03509	1	-0.01514	-0.01149	0.68697	0.00395	1	0.05327	-0.01485	0.68054	0.00415	1	1.45898	0.81042	0	
1227721	8281.88086	3303618403870	0.50767	0.32536	8281.75293	0.12793	10714	1	0.53455	0.24941	1	0.47244	0.38203	1	0.50349	0.31572	1	0.44135	0.54457	13.88124	1.04311	1	0.70417	0.56159	14.11406	1.05077	1	-0.01514	-0.01149	0.68697	0.00399	1	0.05327	-0.01485	0.68054	0.00403	1	1.45898	0.81042	0	
1227722	8281.88770	3303618470635	0.50744	0.32441	8281.75293	0.13477	10714	1	0.53302	0.23544	1	0.47272	0.37577	1	0.50287	0.30561	1	0.44126	0.54465	14.03736	1.05879	1	0.70408	0.56147	13.80811	1.05879	1	-0.01512	-0.01134	0.68111	0.00396	1	0.05166	-0.01442	0.66059	0.00409	1	1.45898	0.81042	0	
1227723	8281.89453	3303618537819	0.50713	0.32407	8281.75293	0.14160	10714	1	0.52580	0.28001	1	0.47533	0.35384	1	0.50056	0.31693	1	0.44131	0.54470	14.08314	1.05879	1	0.70411	0.56138	13.64386	1.05113	1	-0.01512	-0.01134	0.68111	0.00398	1	0.05166	-0.01442	0.66059	0.00408	1	1.45898	0.81042	0	
1227724	8281.90137	3303618604712	0.50673	0.32409	8281.75293	0.14844	10714	1	0.52240	0.28742	1	0.47339	0.36160	1	0.49790	0.32451	1	0.44134	0.54476	14.02145	1.05113	1	0.70407	0.56137	13.78888	1.04347	1	-0.01512	-0.01134	0.68111	0.00395	1	0.05166	-0.01442	0.66059	0.00414	1	1.45898	0.81042	0	
1227725	8281.90723	3303618671341	0.50638	0.32425	8281.75293	0.15430	10714	1	0.52322	0.29393	1	0.47339	0.36160	1	0.49831	0.32776	1	0.44146	0.54451	13.87018	1.04347	1	0.70411	0.56139	13.72354	1.04347	1	-0.01516	-0.01142	0.68301	0.00397	1	0.05366	-0.01504	0.68682	0.00415	1	1.45898	0.81042	0	
1227726	8281.91406	3303618739162	0.50628	0.32342	8281.75293	0.16113	10714	1	0.53459	0.25091	1	0.47321	0.35627	1	0.50390	0.30359	1	0.44140	0.54448	14.03864	1.04347	1	0.70405	0.56140	13.79354	1.05113	1	-0.01516	-0.01142	0.68301	0.00391	1	0.05366	-0.01504	0.68682	0.00415	1	1.45898	0.81042	0	
1227727	8281.92090	3303618805887	0.50638	0.32121	8281.75293	0.16797	10714	1	0.54607	0.24706	1	0.47187	0.28498	1	0.50897	0.26602	1	0.44126	0.54456	14.00216	1.05113	1	0.70406	0.56118	13.61925	1.05879	1	-0.01516	-0.01142	0.68301	0.00388	1	0.05366	-0.01504	0.68682	0.00420	1	1.45898	0.81042	0	
1227728	8281.92773	3303618872819	0.50647	0.31892	8281.75293	0.17480	10714	1	0.54540	0.24027	1	0.47213	0.27835	1	0.50876	0.25931	1	0.44111	0.54456	13.56964	1.05879	1	0.70398	0.56133	13.68006	1.06645	1	-0.01516	-0.01148	0.68317	0.00397	1	0.05327	-0.01490	0.68054	0.00429	1	1.45898	0.81042	0	
1227729	8281.93457	3303618939389	0.50666	0.31859	8281.75293	0.18164	10714	1	0.55598	0.30409	1	0.46756	0.31509	1	0.51177	0.30959	1	0.44136	0.54468	14.02232	1.06645	1	0.70398	0.56160	13.69344	1.06645	1	-0.01516	-0.01148	0.68317	0.00387	1	0.05327	-0.01490	0.68054	0.00418	1	1.45898	0.81042	0	
1227730	8281.94141	3303619007581	0.50668	0.31756	8281.75293	0.18848	10714	1	0.54654	0.23583	1	0.46790	0.34192	1	0.50722	0.28887	1	0.44146	0.54469	14.03176	1.06645	1	0.70400	0.56183	13.74934	1.06645	1	-0.01516	-0.01148	0.68317	0.00385	1	0.05327	-0.01490	0.68054	0.00421	1	1.45898	0.81042	0	
1227731	8281.94727	3303619072630	0.50670	0.31649	8281.75293	0.19434	10714	1	0.54654	0.23583	1	0.46816	0.33493	1	0.50735	0.28538	1	0.44111	0.54497	13.57707	1.06645	1	0.70392	0.56196	14.23943	1.07513	1	-0.01516	-0.01153	0.68300	0.00382	1	0.05466	-0.01531	0.69889	0.00418	1	1.45898	0.81042	0	
1227732	8281.95508	3303619141638	0.50667	0.31540	8281.75293	0.20215	10714	1	0.54703	0.20852	1	0.46463	0.35726	1	0.50583	0.28289	1	0.44128	0.54477	14.01553	1.07513	1	0.70397	0.56212	14.41015	1.08381	1	-0.01516	-0.01153	0.68300	0.00378	1	0.05466	-0.01531	0.69889	0.00418	1	1.45898	0.81042	0	
1227733	8281.96094	3303619207361	0.50658	0.31486	8281.75293	0.20801	10714	1	0.52156	0.27053	1	0.48606	0.32555	1	0.50381	0.29804	1	0.44103	0.54469	13.44384	1.08381	1	0.70422	0.56196	14.36970	1.09249	1	-0.01516	-0.01153	0.68300	0.00387	1	0.05466	-0.01531	0.69889	0.00407	1	1.45898	0.81042	0	
1227734	8281.96777	3303619274712	0.50648	0.31434	8281.75293	0.21484	10714	1	0.52065	0.26324	1	0.48571	0.33169	1	0.50318	0.29747	1	0.44140	0.54495	14.16658	1.09249	1	0.70404	0.56183	13.87507	1.08483	1	-0.01516	-0.01153	0.68300	0.00382	1	0.05254	-0.01476	0.67188	0.00416	1	1.45898	0.81042	0	
1227735	8281.97461	3303619341729	0.50666	0.31401	8281.75293	0.22168	10714	1	0.54859	0.24811	1	0.47682	0.35833	1	0.51270	0.30322	1	0.44148	0.54475	14.28813	1.08483	1	0.70414	0.56198	14.05717	1.06849	1	-0.01516	-0.01153	0.68300	0.00381	1	0.05254	-0.01476	0.67188	0.00410	1	1.45898	0.81042	0	
1227736	8281.98145	3303619408598	0.50674	0.31333	8281.75293	0.22852	10714	1	0.54888	0.22211	1	0.46977	0.35846	1	0.50932	0.29029	1	0.44134	0.54485	13.97630	1.06849	1	0.70412	0.56173	13.74035	1.05215	1	-0.01516	-0.01153	0.68300	0.00375	1	0.05254	-0.01476	0.67188	0.00417	1	1.45898	0.81042	0	
1227737	8281.98828	3303619475540	0.50683	0.31299	8281.75293	0.23535	10714	1	0.55025	0.23674	1	0.46949	0.36541	1	0.50987	0.30107	1	0.44139	0.54500	13.94259	1.05215	1	0.70401	0.56192	13.67995	1.04347	1	-0.01516	-0.01153	0.68300	0.00383	1	0.05327	-0.01495	0.68054	0.00412	1	1.45898	0.81042	0	
1227738	8281.99512	3303619542414	0.50700	0.31348	8281.75293	0.24219	10714	1	0.55290	0.33579	1	0.47367	0.32681	1	0.51328	0.33130	1	0.44134	0.54509	14.07448	1.04347	1	0.70413	0.56199	14.07842	1.05113	1	-0.01516	-0.01153	0.68300	0.00400	1	0.05327	-0.01495	0.68054	0.00409	1	1.45898	0.81042	0	
1227739	8282.00098	3303619609528	0.50723	0.31326	8281.75293	0.24805	10714	1	0.56363	0.29165	1	0.46759	0.31816	1	0.51561	0.30491	1	0.44143	0.54534	14.15981	1.05113	1	0.70401	0.56192	13.67995	1.05879	1	-0.01516	-0.01153	0.68300	0.00385	1	0.05327	-0.01495	0.68054	0.00412	1	1.45898	0.81042	0	
1227740	8282.00781	3303619676202	0.50744	0.31279	8281.75293	0.25488	10714	1	0.56307	0.28519	1	0.46809	0.30454	1	0.51558	0.29487	1	0.44124	0.54569	14.12829	1.05879	1	0.70423	0.56232	13.75682	1.07513	1	-0.01512	-0.01154	0.68111	0.00385	1	0.05466	-0.01536	0.69889	0.00400	1	1.45898	0.81042	0	
1227741	8282.01465	3303619743734	0.50768	0.31283	8281.75293	0.26172	10714	1	0.55654	0.32095	1	0.47720	0.30836	1	0.51687	0.31465	1	0.44141	0.54571	14.55936	1.07513	1	0.70415	0.56219	14.34936	1.08381	1	-0.01512	-0.01154	0.68111	0.00391	1	0.05466	-0.01536	0.69889	0.00406	1	1.45898	0.81042	0	
1227742	8282.02148	3303619810608	0.50748	0.31254	8281.75293	0.26855	10714	1	0.51768	0.33735	1	0.48195	0.26449	1	0.49981	0.30092	1	0.44134	0.54549	14.29168	1.08381	1	0.70423	0.56177	13.58422	1.09249	1	-0.01512	-0.01154	0.68111	0.00394	1	0.05466	-0.01536	0.69889	0.00431	1	1.45898	0.81042	0	
1227743	8282.02832	3303619877447	0.50729	0.31219	8281.75293	0.27539	10714	1	0.51675	0.33060	1	0.48195	0.26449	1	0.49935	0.29755	1	0.44137	0.54482	14.09420	1.09249	1	0.70408	0.56183	14.19384	1.09249	1	-0.01512	-0.01154	0.68111	0.00415	1	0.05327	-0.01495	0.68054	0.00436	1	1.45898	0.81042	0	
1227744	8282.03516	3303619944578	0.50722	0.31207	8281.75293	0.28223	10714	1	0.51536	0.33077	1	0.49286	0.28318	1	0.50411	0.30698	1	0.44122	0.54562	14.52833	1.09249	1	0.70428	0.56145	13.73786	1.08381	1	-0.01512	-0.01154	0.68111	0.00384	1	0.05327	-0.01495	0.68054	0.00441	1	1.45898	0.81042	0	
1227745	8282.04102	3303620007318	0.50709	0.31108	8281.75293	0.28809	10714	1	0.51644	0.25676	1	0.48709	0.28066	1	0.50177	0.26871	1	0.44128	0.54457	14.21219	1.08381	1	0.70425	0.56153	13.87179	1.07513	1	-0.01512	-0.01154	0.68111	0.00414	1	0.05327	-0.01495	0.68054	0.00436	1	1.45898	0.81042	0	
1227746	8282.04785	3303620076888	0.50698	0.31053	8281.75293	0.29492	10714	1	0.51825	0.27100	1	0.48594	0.30154	1	0.50210	0.28627	1	0.44108	0.54404	13.58964	1.06711	1	0.70425	0.56153	13.77895	1.05077	1	-0.01444	-0.01106	0.65279	0.00427	1	0.05171	-0.01450	0.65990	0.00435	1	1.45898	0.81042	0	
1227747	8282.05469	3303620146612	0.50646	0.31007	8281.75293	0.30176	10714	1	0.50485	0.23601	1	0.46080	0.34295	1	0.48283	0.28948	1	0.44108	0.54334	13.51036	1.04275	1	0.70429	0.56182	13.55302	1.03509	1	-0.01444	-0.01106	0.65279	0.00455	1	0.05171	-0.01450	0.65990	0.00423	1	1.45898	0.81042	0	
1227748	8282.06152	3303620213275	0.50616	0.31023	8281.75293	0.30859	10714	1	0.52848	0.33036	1	0.45646	0.30468	1	0.49247	0.31752	1	0.44138	0.54551	14.47787	1.02708	1	0.70419	0.56121	13.32879	1.01942	1	-0.01444	-0.01106	0.65279	0.00395	1	0.05171	-0.01450	0.65990	0.00435	1	1.45898	0.81042	0	
1227749	8282.06836	3303620279613	0.50588	0.31052	8281.75293	0.31543	10714	1	0.52928	0.33670	1	0.45630	0.31140	1	0.49279	0.32405	1	0.44131	0.54504	13.84732	1.01942	1	0.70477	0.56191	13.70786	1.01176	1	-0.01531	-0.01177	0.69439	0.00395	1	0.05171	-0.01450	0.65990	0.00420	1	1.45898	0.81042	0	
1227750	8282.07520	3303620346825	0.50580	0.31126	8281.75293	0.32227	10714	1	0.52411	0.36389	1	0.49414	0.33635	1	0.50913	0.35012	1	0.44127	0.54539	14.09521	1.01978	1	0.70485	0.56190	13.94020	1.01978	1	-0.01531	-0.01177	0.69439	0.00392	1	0.05171	-0.01450	0.65990	0.00418	1	1.45898	0.81042	0	
1227751	8282.08203	3303620413879	0.50607	0.31164	8281.75293	0.32910	10714	1	0.52977	0.33731	1	0.48849	0.38328	1	0.50913	0.36030	1	0.44125	0.54518	13.86592	1.02779	1	0.70479	0.56239	14.15672	1.02779	1	-0.01531	-0.01177	0.69439	0.00402	1	0.05171	-0.01450	0.65990	0.00431	1	1.45898	0.81042	0	
1227752	8282.08887	3303620480442	0.50633	0.31202	8281.75293	0.33594	10714	1	0.52894	0.33074	1	0.48890	0.37689	1	0.50892	0.35381	1	0.44122	0.54502	14.01640	1.03581	1	0.70490	0.56216	13.77094	1.03581	1	-0.01531	-0.01177	0.69439	0.00400	1	0.05143	-0.01447	0.65633	0.00445	1	1.45898	0.81042	0	
1227753	8282.09570	3303620547474	0.50642	0.31171	8281.75293	0.34277	10714	1	0.55291	0.20380	1	0.49475	0.39814	1	0.52383	0.30097	1	0.44133	0.54542	14.46355	1.03581	1	0.70479	0.56249	13.98020	1.03581	1	-0.01531	-0.01177	0.69439	0.00398	1	0.05143	-0.01447	0.65633	0.00433	1	1.45898	0.81042	0	
1227754	8282.10156	3303620614390	0.50641	0.31239	8281.75293	0.34863	10714	1	0.53823	0.31794	1	0.49915	0.38324	1	0.51869	0.35059	1	0.44138	0.54529	14.43433	1.03581	1	0.70492	0.56248	14.07812	1.03581	1	-0.01531	-0.01177	0.69439	0.00394	1	0.05143	-0.01447	0.65633	0.00434	1	1.45898	0.81042	0	
1227755	8282.10840	3303620679327	0.50641	0.31330	8281.75293	0.35547	10714	1	0.53823	0.31794	1	0.49915	0.38324	1	0.51869	0.35059	1	0.44148	0.54500	14.10026	1.03581	1	0.70496	0.56240	13.91726	1.03581	1	-0.01531	-0.01177	0.69439	0.00405	1	0.05143	-0.01447	0.65633	0.00443	1	1.45898	0.81042	0	
1227756	8282.11523	3303620747777	0.50652	0.31413	8281.75293	0.36230	10714	1	0.52138	0.30017	1	0.49375	0.38544	1	0.50756	0.34281	1	0.44116	0.54506	13.88706	1.03581	1	0.70490	0.56245	14.20369	1.03581	1	-0.01531	-0.01177	0.69439	0.00390	1	0.05143	-0.01447	0.65633	0.00431	1	1.45898	0.81042	0	
1227757	8282.12207	3303620815108	0.50621	0.31447	8281.75293	0.36914	10714	1	0.51608	0.29032	1	0.49234	0.38656	1	0.50421	0.33844	1	0.44121	0.54413	13.98450	1.03581	1	0.70486	0.56234	14.04975	1.03581	1	-0.01531	-0.01177	0.69439	0.00437	1	0.05143	-0.01447	0.65633	0.00433	1	1.45898	0.81042	0	
1227758	8282.12891	3303620882112	0.50590	0.31491	8281.75293	0.37598	10714	1	0.51699	0.29721	1	0.49232	0.38684	1	0.50466	0.34202	1	0.44124	0.54544	14.34795	1.02779	1	0.70476	0.56211	14.07538	1.03545	1	-0.01444	-0.01114	0.65736	0.00388	1	0.05340	-0.01501	0.68088	0.00428	1	1.45898	0.81042	0	
1227759	8282.13574	3303620948353	0.50648	0.31571	8281.75293	0.38281	10714	1	0.54277	0.22681	1	0.48827	0.39437	1	0.51552	0.31059	1	0.44140	0.54515	13.96738	1.02743	1	0.70480	0.56247	14.00875	1.03509	1	-0.01444	-0.01114	0.65736	0.00381	1	0.05340	-0.01501	0.68088	0.00435	1	1.45898	0.81042	0	
1227760	8282.14160	3303621013991	0.50639	0.31470	8281.75293	0.38867	10714	1	0.54156	0.19504	1	0.49173	0.38808	1	0.51665	0.29156	1	0.44124	0.54546	14.32805	1.02708	1	0.70475	0.56228	14.07159	1.03474	1	-0.01444	-0.01114	0.65736	0.00385	1	0.05340	-0.01501	0.68088	0.00438	1	1.45898	0.81042	0	
1227761	8282.14844	3303621078911	0.50629	0.31355	8281.75293	0.39551	10714	1	0.54160	0.19538	1	0.49171	0.38836	1	0.51665	0.29187	1	0.44157	0.54548	13.75602	1.02672	1	0.70458	0.56241	14.17044	1.03438	1	-0.01444	-0.01114	0.65736	0.00386	1	0.05340	-0.01501	0.68088	0.00440	1	1.45898	0.81042	0	
1227762	8282.15527	3303621147761	0.50669	0.31380	8281.75293	0.40234	10714	1	0.55291	0.28384	1	0.48729	0.36515	1	0.52010	0.32449	1	0.44199	0.54547	14.07384	1.03438	1	0.70467	0.56229	14.05499	1.03438	1	-0.01444	-0.01114	0.65736	0.00399	1	0.05340	-0.01501	0.68088	0.00449	1	1.45898	0.81042	0	
1227763	8282.16211	3303621212908	0.50696	0.31432	8281.75293	0.40918	10714	1	0.55276	0.35637	1	0.47962	0.35634	1	0.51619	0.35635	1	0.44177	0.54553	14.35395	1.03438	1	0.70461	0.56234	14.12441	1.03438	1	-0.01444	-0.01114	0.65736	0.00386	1	0.05340	-0.01501	0.68088	0.00440	1	1.45898	0.81042	0	
1227764	8282.16797	3303621279396	0.50722	0.31441	8281.75293	0.41504	10714	1	0.55209	0.35000	1	0.47996	0.34979	1	0.51602	0.34989	1	0.44168	0.54549	14.28147	1.04240	1	0.70458	0.56241	14.17044	1.04240	1	-0.01488	-0.01152	0.67939	0.00385	1	0.05340	-0.01501	0.68088	0.00440	1	1.45898	0.81042	0	
1227765	8282.17480	3303621347988	0.50753	0.31446	8281.75293	0.42188	10714	1	0.54984	0.31085	1	0.48294	0.39379	1	0.51639	0.35232	1	0.44181	0.54548	14.33618	1.05041	1	0.70477	0.56272	13.93176	1.05041	1	-0.01488	-0.01152	0.67939	0.00388	1	0.05340	-0.01501	0.68088	0.00430	1	1.45898	0.81042	0	
1227766	8282.18262	3303621416484	0.50757	0.31249	8281.75293	0.42969	10714	1	0.56462	0.14575	1	0.45421	0.36088	1	0.50942	0.25332	1	0.44151	0.54529	13.63242	1.05843	1	0.70466	0.56251	14.21064	1.05843	1	-0.01488	-0.01152	0.67939	0.00392	1	0.05340	-0.01501	0.68088	0.00432	1	1.45898	0.81042	0	
1227767	8282.18848	3303621483266	0.50760	0.31044	8281.75293	0.43555	10714	1	0.56404	0.13794	1	0.45436	0.35453	1	0.50920	0.24624	1	0.44204	0.54537	14.08712	1.06645	1	0.70488	0.56216	13.75214	1.06645	1	-0.01488	-0.01152	0.67939	0.00391	1	0.05330	-0.01504	0.67958	0.00456	1	1.45898	0.81042	0	
1227768	8282.19531	3303621550430	0.50834	0.30948	8281.75293	0.44238	10714	1	0.58776	0.15971	1	0.46616	0.39088	1	0.52696	0.27530	1	0.44178	0.54506	14.00143	1.06645	1	0.70489	0.56283	14.38283	1.06645	1	-0.01488	-0.01152	0.67939	0.00392	1	0.05330	-0.01504	0.67958	0.00423	1	1.45898	0.81042	0	
1227769	8282.20215	3303621618702	0.50851	0.30809	8281.75293	0.44922	10714	1	0.56215	0.18711	1	0.46129	0.31109	1	0.51172	0.24910	1	0.44186	0.54499	13.85998	1.06645	1	0.70474	0.56243	14.32393	1.06645	1	-0.01488	-0.01152	0.67939	0.00393	1	0.05330	-0.01504	0.67958	0.00432	1	1.45898	0.81042	0	
1227770	8282.20898	3303621682949	0.50870	0.30691	8281.75293	0.45605	10714	1	0.56215	0.18711	1	0.46129	0.31109	1	0.51172	0.24910	1	0.44192	0.54513	13.85974	1.06645	1	0.70461	0.56265	14.06403	1.06645	1	-0.01488	-0.01152	0.67939	0.00400	1	0.05340	-0.01512	0.68088	0.00432	1	1.45898	0.81042	0	
1227771	8282.21582	3303621748741	0.50891	0.30654	8281.75293	0.46289	10714	1	0.56176	0.26674	1	0.46038	0.33156	1	0.51107	0.29915	1	0.44199	0.54475	13.88623	1.06645	1	0.70459	0.56260	14.18717	1.06645	1	-0.01488	-0.01152	0.67939	0.00410	1	0.05340	-0.01512	0.68088	0.00432	1	1.45898	0.81042	0	
1227772	8282.22266	3303621817462	0.50886	0.30559	8281.75293	0.46973	10714	1	0.53097	0.23105	1	0.46006	0.32681	1	0.49551	0.27893	1	0.44183	0.54477	13.28150	1.06645	1	0.70462	0.56278	14.07514	1.06645	1	-0.01488	-0.01152	0.67939	0.00425	1	0.05340	-0.01512	0.68088	0.00425	1	1.45898	0.81042	0	
1227773	8282.22949	3303621886485	0.50881	0.30458	8281.75293	0.47656	10714	1	0.53097	0.23105	1	0.46006	0.32681	1	0.49551	0.27893	1	0.44225	0.54622	14.63978	1.06645	1	0.70533	0.56345	14.74512	1.06645	1	-0.01474	-0.01169	0.67767	0.00395	1	0.05292	-0.01510	0.67340	0.00379	1	1.45898	0.81042	0	
1227774	8282.23535	3303621950751	0.50952	0.30467	8281.75293	0.48242	10714	1	0.56995	0.22702	1	0.50621	0.38900	1	0.53808	0.30801	1	0.44262	0.54660	13.53175	1.06645	1	0.70548	0.56491	14.85635	1.06645	1	-0.01474	-0.01169	0.67767	0.00381	1	0.05292	-0.01510	0.67340	0.00383	1	1.45898	0.81042	0	
1227775	8282.24219	3303622016457	0.50991	0.30619	8281.75293	0.48926	10714	1	0.52849	0.31525	1	0.52715	0.36324	1	0.52782	0.33925	1	0.44273	0.54746	13.70782	1.06645	1	0.70577	0.56495	14.12820	1.06645	1	-0.01474	-0.01169	0.67767	0.00377	1	0.05292	-0.01510	0.67340	0.00413	1	1.45898	0.81042	0	
1227776	8282.24902	3303622085050	0.51030	0.30792	8281.75293	0.49609	10714	1	0.52849	0.31525	1	0.52650	0.36929	1	0.52750	0.34227	1	0.44339	0.54919	13.66424	1.06645	1	0.70643	0.56713	14.13463	1.05879	1	-0.01457	-0.01226	0.68421	0.00356	1	0.05128	-0.01498	0.65073	0.00343	1	1.45898	0.81042	0	
1227777	8282.25586	3303622152489	0.51138	0.31199	8281.75293	0.50293	10714	1	0.60403	0.47401	1	0.52268	0.53553	1	0.56335	0.50477	1	0.44370	0.55032	13.68057	1.05879	1	0.70624	0.56776	14.45982	1.05113	1	-0.01457	-0.01226	0.68421	0.00338	1	0.05128	-0.01498	0.65073	0.00345	1	1.45898	0.81042	0	
1227778	8282.26270	3303622219835	0.51242	0.31582	8281.75293	0.50977	10714	1	0.58578	0.46741	1	0.52901	0.47802	1	0.55739	0.47272	1	0.44366	0.55042	13.88630	1.05113	1	0.70622	0.56794	14.38932	1.04347	1	-0.01457	-0.01226	0.68421	0.00339	1	0.05128	-0.01498	0.65073	0.00357	1	1.45898	0.81042	0	
1227779	8282.26953	3303622285802	0.51347	0.31978	8281.75293	0.51660	10714	1	0.58620	0.47258	1	0.52901	0.47802	1	0.55760	0.47530	1	0.44342	0.55068	14.01977	1.04347	1	0.70639	0.56813	13.86697	1.04347	1	-0.01439	-0.01217	0.67587	0.00336	1	0.05388	-0.01588	0.68305	0.00343	1	1.45898	0.81042	0	
1227780	8282.27637	3303622354600	0.52861	0.35328	8281.75293	0.51660	10714	0	0.57703	0.41175	1	0.51517	0.47191	1	0.54610	0.44183	1	0.44347	0.55074	13.75822	1.04347	1	0.70649	0.56828	13.91388	1.05113	1	-0.01439	-0.01217	0.67587	0.00334	1	0.05388	-0.01588	0.68305	0.00342	1	1.45898	0.81042	0	
1227781	8282.28223	3303622420283	0.53707	0.41561	8281.75293	0.51660	10714	0	0.58872	0.46152	1	0.50232	0.49437	1	0.54552	0.47794	1	0.44358	0.55083	13.95039	1.05113	1	0.70658	0.56841	13.95416	1.05879	1	-0.01439	-0.01217	0.67587	0.00331	1	0.05388	-0.01588	0.68305	0.00339	1	1.45898	0.81042	0	
1227782	8282.28906	3303622487778	0.53990	0.43467	8281.75293	0.51660	10714	0	0.58832	0.45631	1	0.50279	0.48924	1	0.54555	0.47277	1	0.44330	0.55080	13.84550	1.05879	1	0.70648	0.56855	14.02141	1.06645	1	-0.01439	-0.01217	0.67587	0.00331	1	0.05388	-0.01588	0.68305	0.00339	1	1.45898	0.81042	0	
1227783	8282.29590	3303622553237	0.54147	0.48064	8281.75293	0.51660	10714	0	0.57510	0.47817	1	0.49160	0.50426	1	0.53335	0.49122	1	0.44334	0.55079	13.89810	1.06645	1	0.70646	0.56855	14.00541	1.06645	1	-0.01439	-0.01217	0.67587	0.00338	1	0.05388	-0.01588	0.68305	0.00334	1	1.45898	0.81042	0	
1227784	8282.30273	3303622619955	0.54252	0.47678	8281.75293	0.51660	10714	0	0.59415	0.46613	1	0.49299	0.47972	1	0.54357	0.47292	1	0.44338	0.55082	13.62728	1.06645	1	0.70654	0.56850	13.84389	1.06645	1	-0.01439	-0.01217	0.67587	0.00332	1	0.05388	-0.01588	0.68305	0.00336	1	1.45898	0.81042	0	
1227785	8282.30957	3303622687974	0.54287	0.47550	8281.75293	0.51660	10714	0	0.59415	0.46613	1	0.49299	0.47972	1	0.54357	0.47292	1	0.44339	0.55095	13.51111	1.06645	1	0.70669	0.56864	13.80291	1.06645	1	-0.01439	-0.01217	0.67587	0.00329	1	0.05388	-0.01588	0.68305	0.00334	1	1.45898	0.81042	0	
1227786	8282.31641	3303622757617	0.54090	0.48445	8282.29590	0.02051	10715	1	0.57206	0.50639	1	0.49788	0.51622	1	0.53497	0.51130	1	0.44337	0.55085	13.94792	1.06645	1	0.70659	0.56865	13.92664	1.06645	1	-0.01439	-0.01217	0.67587	0.00329	1	0.05388	-0.01588	0.68305	0.00332	1	1.45898	0.81042	0	
1227787	8282.32324	3303622824763	0.54027	0.48227	8282.29590	0.02734	10715	1	0.58658	0.44877	1	0.48895	0.49837	1	0.53776	0.47357	1	0.44344	0.55075	13.66578	1.06645	1	0.70654	0.56850	14.05422	1.06645	1	-0.01439	-0.01217	0.67587	0.00331	1	0.05388	-0.01588	0.68305	0.00335	1	1.45898	0.81042	0	
1227788	8282.32910	3303622889001	0.53982	0.48214	8282.29590	0.03320	10715	1	0.58700	0.45424	1	0.48818	0.50873	1	0.53759	0.48148	1	0.44362	0.55088	14.00194	1.05843	1	0.70648	0.56859	14.17511	1.05077	1	-0.01394	-0.01174	0.65218	0.00331	1	0.05123	-0.01509	0.64891	0.00332	1	1.45898	0.81042	0	
1227789	8282.33594	3303622958806	0.54095	0.48611	8282.29590	0.04004	10715	1	0.58305	0.49980	1	0.51242	0.52008	1	0.54773	0.50994	1	0.44341	0.55077	13.96676	1.04275	1	0.70683	0.56865	14.10346	1.03509	1	-0.01394	-0.01174	0.65218	0.00332	1	0.05123	-0.01509	0.64891	0.00335	1	1.45898	0.81042	0	
1227790	8282.34277	3303623025912	0.54071	0.48985	8282.29590	0.04688	10715	1	0.58242	0.49210	1	0.49563	0.53997	1	0.53902	0.51603	1	0.44350	0.55094	14.14137	1.02708	1	0.70664	0.56872	13.86495	1.01942	1	-0.01394	-0.01174	0.65218	0.00330	1	0.05123	-0.01509	0.64891	0.00332	1	1.45898	0.81042	0	
1227791	8282.34961	3303623092519	0.54053	0.49391	8282.29590	0.05371	10715	1	0.58334	0.50255	1	0.49472	0.55017	1	0.53903	0.52636	1	0.44330	0.55073	13.79818	1.01140	1	0.70701	0.56858	14.29750	1.00374	1	-0.01394	-0.01174	0.65218	0.00333	1	0.05123	-0.01509	0.64891	0.00331	1	1.45898	0.81042	0	
1227792	8282.35645	3303623158117	0.54154	0.49477	8282.29590	0.06055	10715	1	0.57485	0.46353	1	0.52653	0.54157	1	0.55069	0.50255	1	0.44330	0.55073	13.79818	1.00374	1	0.70715	0.56851	13.87809	1.00374	1	-0.01394	-0.01174	0.65218	0.00333	1	0.05123	-0.01509	0.64891	0.00331	1	1.45898	0.81042	0	
1227793	8282.36328	3303623226768	0.54246	0.49485	8282.29590	0.06738	10715	1	0.57181	0.44509	1	0.53152	0.54622	1	0.55167	0.49565	1	0.44330	0.55073	13.79818	1.00374	1	0.70717	0.56854	13.93353	1.00374	1	-0.01394	-0.01174	0.65218	0.00333	1	0.05123	-0.01509	0.64891	0.00331	1	1.45898	0.81042	0	
1227794	8282.37012	3303623293568	0.54320	0.49552	8282.29590	0.07422	10715	1	0.57231	0.45028	1	0.53021	0.55537	1	0.55126	0.50283	1	0.44327	0.55077	14.02104	0.99662	1	0.70707	0.56856	14.22276	0.98981	1	-0.01383	-0.01161	0.64489	0.00332	1	0.05041	-0.01483	0.63784	0.00330	1	1.45898	0.81042	0	
1227795	8282.37695	3303623360626	0.54391	0.50019	8282.29590	0.08105	10715	1	0.58732	0.55682	1	0.51765	0.55568	1	0.55248	0.55625	1	0.44326	0.55076	14.03214	0.98268	1	0.70712	0.56852	14.33742	0.97587	1	-0.01383	-0.01161	0.64489	0.00334	1	0.05041	-0.01483	0.63784	0.00328	1	1.45898	0.81042	0	
1227796	8282.38281	3303623427491	0.54372	0.50456	8282.29590	0.08691	10715	1	0.58128	0.54466	1	0.50131	0.57817	1	0.54129	0.56141	1	0.44361	0.55105	13.54323	0.96875	1	0.70717	0.56859	14.52898	0.96194	1	-0.01383	-0.01161	0.64489	0.00334	1	0.05041	-0.01483	0.63784	0.00327	1	1.45898	0.81042	0	
1227797	8282.38965	3303623494617	0.54357	0.50881	8282.29590	0.09375	10715	1	0.58216	0.55375	1	0.50083	0.58280	1	0.54150	0.56828	1	0.44442	0.55165	13.24797	0.95481	1	0.70797	0.56974	14.45518	0.95481	1	-0.01336	-0.01156	0.63169	0.00309	1	0.05292	-0.01570	0.66894	0.00317	1	1.45898	0.81042	0	
1227798	8282.39648	3303623561857	0.54558	0.51754	8282.29590	0.10059	10715	1	0.63103	0.62141	1	0.52019	0.67545	1	0.57561	0.64843	1	0.44511	0.55188	13.96396	0.95481	1	0.70806	0.57035	14.92263	0.96162	1	-0.01336	-0.01156	0.63169	0.00333	1	0.05292	-0.01570	0.66894	0.00331	1	1.45898	0.81042	0	
1227799	8282.40332	3303623628336	0.54779	0.52408	8282.29590	0.10742	10715	1	0.63614	0.61793	1	0.53022	0.63952	1	0.58318	0.62873	1	0.44499	0.55224	14.29243	0.96162	1	0.70807	0.57032	14.57710	0.96843	1	-0.01336	-0.01156	0.63169	0.00329	1	0.05292	-0.01570	0.66894	0.00328	1	1.45898	0.81042	0	
1227800	8282.41016	3303623695484	0.54977	0.52955	8282.29590	0.11426	10715	1	0.63598	0.60986	1	0.53090	0.63536	1	0.58344	0.62261	1	0.44538	0.55241	13.76207	0.97556	1	0.70878	0.57090	14.57651	0.97556	1	-0.01386	-0.01213	0.66277	0.00313	1	0.05061	-0.01512	0.63804	0.00311	1	1.45898	0.81042	0	
1227801	8282.41699	3303623762407	0.55863	0.56704	8282.29590	0.11426	10715	0	0.62152	0.63187	1	0.56727	0.71873	1	0.59440	0.67530	1	0.44547	0.55245	13.96022	0.98268	1	0.70879	0.57120	14.37664	0.97587	1	-0.01386	-0.01213	0.66277	0.00310	1	0.05061	-0.01512	0.63804	0.00332	1	1.45898	0.81042	0	
1227802	8282.42383	3303623829513	0.57753	0.60453	8282.29590	0.11426	10715	0	0.63165	0.57168	1	0.56120	0.71238	1	0.59643	0.64203	1	0.44555	0.55252	14.44425	0.98300	1	0.70879	0.57123	14.35343	0.97619	1	-0.01386	-0.01213	0.66277	0.00307	1	0.05061	-0.01512	0.63804	0.00329	1	1.45898	0.81042	0	
1227803	8282.42969	3303623896523	0.58398	0.61548	8282.29590	0.11426	10715	0	0.63152	0.56657	1	0.56226	0.70817	1	0.59689	0.63737	1	0.44552	0.55267	14.58444	0.99133	1	0.70890	0.57126	14.74083	0.98453	1	-0.01435	-0.01256	0.68365	0.00304	1	0.05107	-0.01531	0.64381	0.00342	1	1.45898	0.81042	0	
1227804	8282.43652	3303623963690	0.59229	0.62900	8282.41699	0.01953	10716	1	0.65110	0.62123	1	0.58331	0.71787	1	0.61721	0.66955	1	0.44553	0.55265	14.66395	0.99254	1	0.70894	0.57137	14.79039	0.99254	1	-0.01435	-0.01256	0.68365	0.00304	1	0.05107	-0.01531	0.64381	0.00334	1	1.45898	0.81042	0	
1227805	8282.44336	3303624030474	0.59350	0.63397	8282.41699	0.02637	10716	1	0.64131	0.59048	1	0.55541	0.71725	1	0.59836	0.65387	1	0.44553	0.55264	14.65017	1.00056	1	0.70883	0.57139	14.68935	1.00056	1	-0.01435	-0.01256	0.68365	0.00304	1	0.05107	-0.01531	0.64381	0.00333	1	1.45898	0.81042	0	
1227806	8282.45020	3303624098402	0.59445	0.63629	8282.41699	0.03320	10716	1	0.64125	0.58580	1	0.55716	0.71002	1	0.59921	0.64791	1	0.44540	0.55265	14.55827	1.00858	1	0.70884	0.57104	14.79913	1.01538	1	-0.01444	-0.01258	0.68755	0.00305	1	0.05242	-0.01570	0.66021	0.00317	1	1.45898	0.81042	0	
1227807	8282.45703	3303624164393	0.59431	0.63298	8282.41699	0.04004	10716	1	0.63549	0.56183	1	0.55137	0.66431	1	0.59343	0.61307	1	0.44550	0.55260	14.34976	1.01538	1	0.70880	0.57101	14.88084	1.02219	1	-0.01444	-0.01258	0.68755	0.00312	1	0.05242	-0.01570	0.66021	0.00317	1	1.45898	0.81042	0	
1227808	8282.46387	3303624231434	0.59388	0.63169	8282.41699	0.04688	10716	1	0.62256	0.58552	1	0.55920	0.65981	1	0.59088	0.62266	1	0.44539	0.55270	14.90702	1.02219	1	0.70879	0.57103	14.92372	1.02900	1	-0.01444	-0.01258	0.68755	0.00303	1	0.05242	-0.01570	0.66021	0.00315	1	1.45898	0.81042	0	
1227809	8282.46973	3303624293630	0.59358	0.63027	8282.41699	0.05273	10716	1	0.62240	0.58159	1	0.56000	0.65620	1	0.59120	0.61889	1	0.44531	0.55270	14.62167	1.02900	1	0.70885	0.57098	14.85287	1.03581	1	-0.01444	-0.01258	0.68755	0.00310	1	0.05202	-0.01553	0.65509	0.00318	1	1.45898	0.81042	0	
1227810	8282.47656	3303624360488	0.59485	0.62673	8282.41699	0.05957	10716	1	0.64574	0.54677	1	0.56679	0.64298	1	0.60627	0.59487	1	0.44532	0.55260	14.72235	1.03581	1	0.70898	0.57076	14.86171	1.03581	1	-0.01444	-0.01258	0.68755	0.00306	1	0.05202	-0.01553	0.65509	0.00314	1	1.45898	0.81042	0	
1227811	8282.48340	3303624429319	0.59497	0.62527	8282.41699	0.06641	10716	1	0.63792	0.58842	1	0.55432	0.63309	1	0.59612	0.61075	1	0.44547	0.55260	14.47377	1.03581	1	0.70878	0.57059	14.47560	1.03581	1	-0.01444	-0.01258	0.68755	0.00307	1	0.05202	-0.01553	0.65509	0.00314	1	1.45898	0.81042	0	
1227812	8282.49023	3303624496140	0.59506	0.62406	8282.41699	0.07324	10716	1	0.63792	0.58842	1	0.55432	0.63309	1	0.59612	0.61075	1	0.44546	0.55268	14.95976	1.03581	1	0.70878	0.57068	14.37592	1.03581	1	-0.01435	-0.01256	0.68365	0.00304	1	0.05242	-0.01570	0.66021	0.00318	1	1.45898	0.81042	0	
1227813	8282.49707	3303624566113	0.59504	0.62083	8282.41699	0.08008	10716	1	0.64131	0.53888	1	0.54813	0.62507	1	0.59472	0.58198	1	0.44550	0.55254	14.47937	1.03581	1	0.70881	0.57076	14.54032	1.03581	1	-0.01435	-0.01256	0.68365	0.00307	1	0.05242	-0.01570	0.66021	0.00314	1	1.45898	0.81042	0	
1227814	8282.50391	3303624630823	0.59549	0.62022	8282.41699	0.08691	10716	1	0.64616	0.59482	1	0.55658	0.62986	1	0.60137	0.61234	1	0.44525	0.55263	14.58180	1.03581	1	0.70881	0.57076	14.54032	1.03581	1	-0.01435	-0.01256	0.68365	0.00306	1	0.05242	-0.01570	0.66021	0.00314	1	1.45898	0.81042	0	
1227815	8282.51074	3303624701501	0.59588	0.61969	8282.41699	0.09375	10716	1	0.64616	0.59482	1	0.55658	0.62986	1	0.60137	0.61234	1	0.44526	0.55252	14.54056	1.03581	1	0.70892	0.57082	14.42474	1.03581	1	-0.01444	-0.01258	0.68755	0.00310	1	0.05202	-0.01548	0.65509	0.00314	1	1.45898	0.81042	0	
1227816	8282.51758	3303624767176	0.59684	0.61863	8282.41699	0.10059	10716	1	0.65118	0.52311	1	0.57135	0.68221	1	0.61127	0.60266	1	0.44594	0.55242	14.40337	1.03581	1	0.70918	0.57057	14.75027	1.03581	1	-0.01444	-0.01258	0.68755	0.00307	1	0.05202	-0.01548	0.65509	0.00322	1	1.45898	0.81042	0	
1227817	8282.52344	3303624834172	0.59711	0.61855	8282.41699	0.10645	10716	1	0.65534	0.50346	1	0.54742	0.73116	1	0.60138	0.61731	1	0.44642	0.55156	14.01380	1.03581	1	0.70956	0.57073	15.61029	1.03581	1	-0.01444	-0.01258	0.68755	0.00309	1	0.05202	-0.01548	0.65509	0.00315	1	1.45898	0.81042	0	
1227818	8282.53027	3303624901163	0.59737	0.61839	8282.41699	0.11328	10716	1	0.65534	0.50346	1	0.54823	0.72765	1	0.60179	0.61556	1	0.44787	0.55083	14.28850	1.03581	1	0.71108	0.56922	15.17018	1.04347	1	-0.01394	-0.01225	0.68330	0.00336	1	0.05399	-0.01568	0.67677	0.00378	1	1.45898	0.81042	0	
1227819	8282.53711	3303624965632	0.60096	0.61498	8282.41699	0.12012	10716	1	0.71627	0.49414	1	0.61483	0.61321	1	0.66555	0.55368	1	0.44860	0.55007	14.26845	1.04347	1	0.71128	0.56860	15.14519	1.05113	1	-0.01394	-0.01225	0.68330	0.00342	1	0.05399	-0.01568	0.67677	0.00361	1	1.45898	0.81042	0	
1227820	8282.54395	3303625034232	0.60473	0.61245	8282.41699	0.12695	10716	1	0.74007	0.49313	1	0.61266	0.63571	1	0.67637	0.56442	1	0.44943	0.54970	14.12323	1.05113	1	0.71160	0.56833	14.78576	1.05879	1	-0.01394	-0.01225	0.68330	0.00340	1	0.05399	-0.01568	0.67677	0.00356	1	1.45898	0.81042	0	
1227821	8282.55078	3303625099790	0.60815	0.61005	8282.41699	0.13379	10716	1	0.74066	0.48820	1	0.61266	0.63571	1	0.67666	0.56196	1	0.45061	0.54890	14.45947	1.05879	1	0.71366	0.56614	14.39911	1.05879	1	-0.01343	-0.01205	0.68352	0.00369	1	0.05366	-0.01529	0.66822	0.00423	1	1.45898	0.81042	0	
1227822	8282.55664	3303625166158	0.61395	0.60410	8282.41699	0.13965	10716	1	0.76729	0.42247	1	0.70387	0.53611	1	0.73558	0.47929	1	0.45114	0.54896	14.40523	1.05879	1	0.71344	0.56712	14.97050	1.05113	1	-0.01343	-0.01205	0.68352	0.00365	1	0.05366	-0.01529	0.66822	0.00393	1	1.45898	0.81042	0	
1227823	8282.56348	3303625234097	0.64140	0.57532	8282.41699	0.13965	10716	0	0.76812	0.42843	1	0.70109	0.55472	1	0.73461	0.49157	1	0.45114	0.54877	14.27720	1.05113	1	0.71344	0.56729	15.08804	1.04347	1	-0.01343	-0.01205	0.68352	0.00360	1	0.05366	-0.01529	0.66822	0.00397	1	1.45898	0.81042	0	
1227824	8282.57031	3303625298657	0.68664	0.53869	8282.41699	0.13965	10716	0	0.76657	0.43945	1	0.69720	0.56466	1	0.73188	0.50206	1	0.45137	0.54852	14.17795	1.03545	1	0.71384	0.56774	14.72651	1.02779	1	-0.01299	-0.01170	0.66400	0.00357	1	0.05334	-0.01522	0.66297	0.00411	1	1.45898	0.81042	0	
1227825	8282.57715	3303625366858	0.70184	0.53779	8282.41699	0.13965	10716	0	0.78555	0.44807	1	0.67891	0.62393	1	0.73223	0.53600	1	0.45151	0.54870	14.39190	1.01978	1	0.71398	0.56799	14.88558	1.01978	1	-0.01299	-0.01170	0.66400	0.00367	1	0.05334	-0.01522	0.66297	0.00411	1	1.45898	0.81042	0	
1227826	8282.58398	3303625434246	0.73105	0.52053	8282.41699	0.13965	10716	0	0.79315	0.46691	1	0.66494	0.58016	1	0.72905	0.52354	1	0.45159	0.54862	14.58379	1.01176	1	0.71375	0.56744	14.46432	1.01176	1	-0.01299	-0.01170	0.66400	0.00362	1	0.05334	-0.01522	0.66297	0.00394	1	1.45898	0.81042	0	
1227827	8282.59082	3303625501092	0.73005	0.52203	8282.41699	0.13965	10716	0	0.79315	0.46691	1	0.66494	0.58016	1	0.72905	0.52354	1	0.45138	0.54831	13.88803	1.01176	1	0.71452	0.56765	14.69438	1.01176	1	-0.01333	-0.01200	0.68359	0.00360	1	0.05277	-0.01505	0.65351	0.00393	1	1.45898	0.81042	0	
1227828	8282.59766	3303625568605	0.72594	0.52578	8282.41699	0.13965	10716	0	0.74599	0.43872	1	0.68944	0.62782	1	0.71772	0.53327	1	0.45183	0.54846	14.32117	1.01978	1	0.71450	0.56790	14.56780	1.01978	1	-0.01333	-0.01200	0.68359	0.00358	1	0.05277	-0.01505	0.65351	0.00409	1	1.45898	0.81042	0	
1227829	8282.60449	3303625637850	0.71888	0.52672	8282.58398	0.02051	10717	1	0.73531	0.43859	1	0.66013	0.62049	1	0.69772	0.52954	1	0.45172	0.54841	14.13224	1.02779	1	0.71442	0.56801	14.62789	1.02779	1	-0.01333	-0.01200	0.68359	0.00364	1	0.05277	-0.01505	0.65351	0.00403	1	1.45898	0.81042	0	
1227830	8282.61035	3303625702933	0.71451	0.52767	8282.58398	0.02637	10717	1	0.73531	0.43859	1	0.65868	0.62441	1	0.69699	0.53150	1	0.45206	0.54813	14.31973	1.02779	1	0.71507	0.56737	14.87679	1.02098	1	-0.01266	-0.01143	0.65693	0.00355	1	0.05137	-0.01461	0.63433	0.00404	1	1.45898	0.81042	0	
1227831	8282.61816	3303625772022	0.71613	0.51798	8282.58398	0.03418	10717	1	0.76527	0.42957	1	0.68329	0.50941	1	0.72428	0.46949	1	0.45233	0.54802	14.19978	1.01297	1	0.71526	0.56747	14.62063	1.00616	1	-0.01266	-0.01143	0.65693	0.00365	1	0.05137	-0.01461	0.63433	0.00399	1	1.45898	0.81042	0	
1227832	8282.62402	3303625839490	0.71393	0.51506	8282.58398	0.04004	10717	1	0.73365	0.46839	1	0.66772	0.52674	1	0.70069	0.49756	1	0.45226	0.54798	14.03256	0.99814	1	0.71543	0.56759	14.35479	0.99133	1	-0.01266	-0.01143	0.65693	0.00370	1	0.05137	-0.01461	0.63433	0.00401	1	1.45898	0.81042	0	
1227833	8282.63086	3303625905984	0.71209	0.51387	8282.58398	0.04688	10717	1	0.73254	0.47881	1	0.66589	0.53231	1	0.69922	0.50556	1	0.45321	0.54757	13.83200	0.98332	1	0.71620	0.56785	14.24337	0.98332	1	-0.01256	-0.01152	0.66224	0.00382	1	0.05381	-0.01528	0.66143	0.00393	1	1.45898	0.81042	0	
1227834	8282.63770	3303625973145	0.71028	0.51726	8282.58398	0.05371	10717	1	0.72302	0.49329	1	0.66864	0.59544	1	0.69583	0.54437	1	0.45310	0.54804	14.13996	0.98332	1	0.71587	0.56838	14.45827	0.99013	1	-0.01256	-0.01152	0.66224	0.00367	1	0.05381	-0.01528	0.66143	0.00403	1	1.45898	0.81042	0	
1227835	8282.64453	3303626040342	0.70842	0.51770	8282.58398	0.06055	10717	1	0.71476	0.49277	1	0.66859	0.55058	1	0.69168	0.52167	1	0.45298	0.54813	14.10982	0.99013	1	0.71619	0.56794	14.59575	0.99693	1	-0.01256	-0.01152	0.66224	0.00374	1	0.05381	-0.01528	0.66143	0.00387	1	1.45898	0.81042	0	
1227836	8282.65137	3303626107014	0.70709	0.51715	8282.58398	0.06738	10717	1	0.71562	0.48262	1	0.67197	0.54070	1	0.69380	0.51166	1	0.45404	0.54846	14.43692	1.00495	1	0.71672	0.56841	14.57194	1.01176	1	-0.01274	-0.01187	0.68515	0.00379	1	0.05435	-0.01542	0.66558	0.00385	1	1.45898	0.81042	0	
1227837	8282.65820	3303626174035	0.70592	0.51717	8282.58398	0.07422	10717	1	0.73527	0.46995	1	0.65068	0.56469	1	0.69297	0.51732	1	0.45390	0.54808	14.06118	1.01978	1	0.71660	0.56838	14.71179	1.01978	1	-0.01274	-0.01187	0.68515	0.00373	1	0.05435	-0.01542	0.66558	0.00405	1	1.45898	0.81042	0	
1227838	8282.66504	3303626240798	0.70620	0.51681	8282.58398	0.08105	10717	1	0.74068	0.46289	1	0.67844	0.56217	1	0.70956	0.51253	1	0.45394	0.54810	13.91239	1.02779	1	0.71702	0.56827	14.44228	1.02779	1	-0.01274	-0.01187	0.68515	0.00373	1	0.05435	-0.01542	0.66558	0.00394	1	1.45898	0.81042	0	
1227839	8282.67090	3303626307874	0.70659	0.51595	8282.58398	0.08691	10717	1	0.74131	0.45738	1	0.68205	0.55221	1	0.71168	0.50479	1	0.45493	0.54779	14.21408	1.03581	1	0.71751	0.56918	15.00419	1.04347	1	-0.01229	-0.01164	0.67164	0.00384	1	0.05610	-0.01600	0.68394	0.00400	1	1.45898	0.81042	0	
1227840	8282.67773	3303626374731	0.70824	0.51361	8282.58398	0.09375	10717	1	0.76586	0.47113	1	0.69691	0.49051	1	0.73138	0.48082	1	0.45499	0.54819	14.39006	1.04347	1	0.71792	0.56864	14.29992	1.05113	1	-0.01229	-0.01164	0.67164	0.00387	1	0.05610	-0.01600	0.68394	0.00389	1	1.45898	0.81042	0	
1227841	8282.68457	3303626441686	0.70923	0.51050	8282.58398	0.10059	10717	1	0.76808	0.41831	1	0.68013	0.50931	1	0.72411	0.46381	1	0.45523	0.54792	13.79251	1.05113	1	0.71808	0.56886	14.49679	1.05879	1	-0.01229	-0.01164	0.67164	0.00384	1	0.05610	-0.01600	0.68394	0.00387	1	1.45898	0.81042	0	
1227842	8282.69141	3303626508589	0.71013	0.50759	8282.58398	0.10742	10717	1	0.76884	0.41285	1	0.68013	0.50931	1	0.72448	0.46108	1	0.45549	0.54787	14.06561	1.05879	1	0.71883	0.56909	14.70732	1.05879	1	-0.01220	-0.01185	0.68384	0.00373	1	0.05442	-0.01545	0.66038	0.00406	1	1.45898	0.81042	0	
1227843	8282.69824	3303626576187	0.71113	0.50385	8282.58398	0.11426	10717	1	0.76457	0.35991	1	0.69168	0.52051	1	0.72812	0.44021	1	0.45607	0.54722	14.23318	1.05879	1	0.71875	0.56897	13.91627	1.05113	1	-0.01220	-0.01185	0.68384	0.00352	1	0.05442	-0.01545	0.66038	0.00407	1	1.45898	0.81042	0	
1227844	8282.70508	3303626642754	0.71045	0.50244	8282.58398	0.12109	10717	1	0.72325	0.39258	1	0.67338	0.56169	1	0.69832	0.47713	1	0.45604	0.54708	14.05475	1.05113	1	0.71921	0.56942	13.94890	1.04347	1	-0.01220	-0.01185	0.68384	0.00375	1	0.05442	-0.01545	0.66038	0.00406	1	1.45898	0.81042	0	
1227845	8282.71191	3303626709621	0.70978	0.50159	8282.58398	0.12793	10717	1	0.72231	0.40416	1	0.67160	0.56671	1	0.69695	0.48543	1	0.45675	0.54741	13.60320	1.03545	1	0.71992	0.56930	14.98982	1.03545	1	-0.01147	-0.01133	0.65676	0.00351	1	0.05706	-0.01623	0.68928	0.00384	1	1.45898	0.81042	0	
1227846	8282.71777	3303626777231	0.71018	0.50139	8282.58398	0.13379	10717	1	0.73634	0.42272	1	0.70000	0.57207	1	0.71817	0.49740	1	0.45632	0.54728	13.93833	1.02743	1	0.71977	0.56944	14.62538	1.03509	1	-0.01147	-0.01133	0.65676	0.00356	1	0.05706	-0.01623	0.68928	0.00392	1	1.45898	0.81042	0	
1227847	8282.72461	3303626843650	0.71016	0.50251	8282.58398	0.14062	10717	1	0.74339	0.44892	1	0.67606	0.60324	1	0.70972	0.52608	1	0.45711	0.54740	13.50526	1.02708	1	0.72018	0.56977	14.44940	1.03474	1	-0.01147	-0.01133	0.65676	0.00359	1	0.05706	-0.01623	0.68928	0.00410	1	1.45898	0.81042	0	
1227848	8282.73145	3303626911028	0.71014	0.50355	8282.58398	0.14746	10717	1	0.74336	0.44917	1	0.67598	0.60345	1	0.70967	0.52631	1	0.45749	0.54734	13.64452	1.02672	1	0.72048	0.56973	14.60504	1.03438	1	-0.01136	-0.01141	0.66140	0.00355	1	0.05655	-0.01608	0.68062	0.00385	1	1.45898	0.81042	0	
1227849	8282.73828	3303626977606	0.71112	0.50129	8282.58398	0.15430	10717	1	0.75687	0.39735	1	0.71056	0.50158	1	0.73371	0.44946	1	0.45761	0.54719	14.13302	1.03438	1	0.72071	0.56966	14.36586	1.03438	1	-0.01136	-0.01141	0.66140	0.00350	1	0.05655	-0.01608	0.68062	0.00394	1	1.45898	0.81042	0	
1227850	8282.74512	3303627044338	0.71020	0.50108	8282.58398	0.16113	10717	1	0.72710	0.44236	1	0.64933	0.54940	1	0.68822	0.49588	1	0.45747	0.54742	13.35568	1.03438	1	0.72049	0.57017	14.86966	1.03438	1	-0.01136	-0.01141	0.66140	0.00350	1	0.05655	-0.01608	0.68062	0.00397	1	1.45898	0.81042	0	
1227851	8282.75098	3303627107356	0.70936	0.50088	8282.58398	0.16699	10717	1	0.72710	0.44236	1	0.64933	0.54940	1	0.68822	0.49588	1	0.45780	0.54738	13.50078	1.03438	1	0.72110	0.57078	14.33692	1.03438	1	-0.01122	-0.01137	0.65924	0.00367	1	0.05580	-0.01589	0.67039	0.00397	1	1.45898	0.81042	0	
1227852	8282.75879	3303627178668	0.70982	0.50115	8282.58398	0.17480	10717	1	0.76755	0.46798	1	0.67621	0.54841	1	0.72188	0.50820	1	0.45821	0.54758	13.67309	1.03438	1	0.72090	0.56999	14.66680	1.03438	1	-0.01122	-0.01137	0.65924	0.00356	1	0.05580	-0.01589	0.67039	0.00383	1	1.45898	0.81042	0	
1227853	8282.76465	3303627245673	0.71015	0.50160	8282.58398	0.18066	10717	1	0.74910	0.44835	1	0.68868	0.57918	1	0.71889	0.51376	1	0.45817	0.54752	13.69388	1.03438	1	0.72115	0.57055	14.33996	1.03438	1	-0.01122	-0.01137	0.65924	0.00350	1	0.05580	-0.01589	0.67039	0.00381	1	1.45898	0.81042	0	
1227854	8282.77148	3303627313105	0.71046	0.50192	8282.58398	0.18750	10717	1	0.74977	0.44276	1	0.68876	0.57896	1	0.71927	0.51086	1	0.45859	0.54716	13.50312	1.04240	1	0.72176	0.56983	14.58222	1.03474	1	-0.01149	-0.01170	0.68428	0.00363	1	0.05513	-0.01571	0.66057	0.00414	1	1.45898	0.81042	0	
1227855	8282.77832	3303627379473	0.71084	0.50119	8282.58398	0.19434	10717	1	0.74566	0.43187	1	0.69823	0.52829	1	0.72195	0.48008	1	0.45841	0.54766	14.01923	1.04275	1	0.72170	0.56991	14.45979	1.03509	1	-0.01149	-0.01170	0.68428	0.00360	1	0.05513	-0.01571	0.66057	0.00387	1	1.45898	0.81042	0	
1227856	8282.78516	3303627446342	0.71054	0.50082	8282.58398	0.20117	10717	1	0.72911	0.39704	1	0.67407	0.58214	1	0.70159	0.48959	1	0.45854	0.54739	13.61726	1.04311	1	0.72157	0.57060	14.29055	1.03545	1	-0.01149	-0.01170	0.68428	0.00358	1	0.05513	-0.01571	0.66057	0.00397	1	1.45898	0.81042	0	
1227857	8282.79199	3303627513401	0.71023	0.50063	8282.58398	0.20801	10717	1	0.72861	0.40271	1	0.67234	0.58681	1	0.70048	0.49476	1	0.45896	0.54764	13.58669	1.03545	1	0.72204	0.57124	13.87241	1.02779	1	-0.01097	-0.01131	0.65585	0.00362	1	0.05653	-0.01613	0.67618	0.00406	1	1.45898	0.81042	0	
1227858	8282.79883	3303627580563	0.71097	0.50234	8282.58398	0.21484	10717	1	0.74243	0.50914	1	0.72714	0.60486	1	0.73478	0.55700	1	0.45896	0.54819	13.56416	1.01978	1	0.72265	0.57069	13.60731	1.01978	1	-0.01097	-0.01131	0.65585	0.00376	1	0.05653	-0.01613	0.67618	0.00423	1	1.45898	0.81042	0	
1227859	8282.80566	3303627647659	0.71192	0.50541	8282.58398	0.22168	10717	1	0.79360	0.52790	1	0.69286	0.68556	1	0.74323	0.60673	1	0.45935	0.54820	13.83212	1.01176	1	0.72207	0.57153	14.01603	1.01176	1	-0.01097	-0.01131	0.65585	0.00384	1	0.05653	-0.01613	0.67618	0.00413	1	1.45898	0.81042	0	
1227860	8282.81152	3303627714316	0.71277	0.50843	8282.58398	0.22754	10717	1	0.79257	0.53298	1	0.69086	0.68974	1	0.74171	0.61136	1	0.45937	0.54824	13.64922	1.00374	1	0.72216	0.57136	14.06753	1.00374	1	-0.01089	-0.01138	0.65697	0.00371	1	0.05356	-0.01533	0.64071	0.00397	1	1.45898	0.81042	0	
1227861	8282.81836	3303627781449	0.71321	0.51037	8282.58398	0.23438	10717	1	0.77522	0.49318	1	0.68180	0.66310	1	0.72851	0.57814	1	0.45934	0.54821	13.67072	1.00374	1	0.72200	0.57119	14.27861	1.00374	1	-0.01089	-0.01138	0.65697	0.00371	1	0.05356	-0.01533	0.64071	0.00388	1	1.45898	0.81042	0	
1227862	8282.82520	3303627848012	0.71361	0.51229	8282.58398	0.24121	10717	1	0.76202	0.49986	1	0.69415	0.66267	1	0.72809	0.58126	1	0.45930	0.54831	13.93268	1.00374	1	0.72216	0.57123	13.99322	1.00374	1	-0.01089	-0.01138	0.65697	0.00363	1	0.05356	-0.01533	0.64071	0.00412	1	1.45898	0.81042	0	
1227863	8282.83203	3303627915493	0.72404	0.54275	8282.58398	0.24121	10717	0	0.76202	0.49986	1	0.69415	0.66267	1	0.72809	0.58126	1	0.45933	0.54811	13.74037	1.00374	1	0.72230	0.57122	14.76616	1.00374	1	-0.01089	-0.01138	0.65697	0.00365	1	0.05653	-0.01613	0.67618	0.00370	1	1.45898	0.81042	0	
1227864	8282.83887	3303627982456	0.73041	0.57018	8282.58398	0.24121	10717	0	0.76758	0.52604	1	0.70596	0.66916	1	0.73677	0.59760	1	0.45938	0.54821	14.00961	1.00374	1	0.72235	0.57129	14.64641	1.00374	1	-0.01089	-0.01138	0.65697	0.00367	1	0.05653	-0.01613	0.67618	0.00372	1	1.45898	0.81042	0	
1227865	8282.84570	3303628049313	0.73002	0.57198	8282.58398	0.24121	10717	0	0.75409	0.48757	1	0.70439	0.66361	1	0.72924	0.57559	1	0.45906	0.54812	13.12733	1.00374	1	0.72236	0.57113	14.38740	1.00374	1	-0.01089	-0.01138	0.65697	0.00368	1	0.05653	-0.01613	0.67618	0.00381	1	1.45898	0.81042	0	
1227866	8282.85254	3303628116505	0.72982	0.57288	8282.83203	0.02051	10718	1	0.75409	0.48757	1	0.70439	0.66361	1	0.72924	0.57559	1	0.45915	0.54827	13.60322	1.00374	1	0.72239	0.57084	14.36647	1.00374	1	-0.01089	-0.01138	0.65697	0.00365	1	0.05653	-0.01613	0.67618	0.00374	1	1.45898	0.81042	0	
1227867	8282.85840	3303628183230	0.73370	0.57197	8282.83203	0.02637	10718	1	0.78627	0.49835	1	0.71210	0.63826	1	0.74919	0.56830	1	0.45929	0.54800	13.65946	1.00374	1	0.72243	0.57099	14.39230	1.00374	1	-0.01089	-0.01138	0.65697	0.00373	1	0.05653	-0.01613	0.67618	0.00392	1	1.45898	0.81042	0	
1227868	8282.86523	3303628250222	0.73486	0.56978	8282.83203	0.03320	10718	1	0.77487	0.47237	1	0.70644	0.64532	1	0.74065	0.55885	1	0.45931	0.54828	13.55130	1.00374	1	0.72229	0.57097	14.34680	1.00374	1	-0.01089	-0.01138	0.65697	0.00379	1	0.05653	-0.01613	0.67618	0.00373	1	1.45898	0.81042	0	
1227869	8282.87207	3303628316427	0.73583	0.56791	8282.83203	0.04004	10718	1	0.77487	0.47237	1	0.70846	0.64097	1	0.74166	0.55667	1	0.45915	0.54850	13.45141	1.00374	1	0.72199	0.57097	13.89474	1.01140	1	-0.01089	-0.01138	0.65697	0.00364	1	0.05715	-0.01629	0.68300	0.00373	1	1.45898	0.81042	0	
1227870	8282.87891	3303628382871	0.73646	0.56812	8282.83203	0.04688	10718	1	0.77300	0.53559	1	0.70876	0.60359	1	0.74088	0.56959	1	0.45918	0.54879	13.64042	1.01140	1	0.72236	0.57065	13.82711	1.01906	1	-0.01089	-0.01138	0.65697	0.00362	1	0.05715	-0.01629	0.68300	0.00402	1	1.45898	0.81042	0	
1227871	8282.88574	3303628451049	0.73626	0.56624	8282.83203	0.05371	10718	1	0.75841	0.47110	1	0.71085	0.63134	1	0.73463	0.55122	1	0.45916	0.54878	13.69732	1.01906	1	0.72226	0.57092	14.15242	1.02672	1	-0.01089	-0.01138	0.65697	0.00362	1	0.05715	-0.01629	0.68300	0.00381	1	1.45898	0.81042	0	
1227872	8282.89258	3303628518023	0.73613	0.56448	8282.83203	0.06055	10718	1	0.75914	0.46586	1	0.71085	0.63134	1	0.73499	0.54860	1	0.45942	0.54882	13.96890	1.02672	1	0.72233	0.57121	14.47705	1.02672	1	-0.01089	-0.01138	0.65697	0.00365	1	0.05356	-0.01533	0.64071	0.00378	1	1.45898	0.81042	0	
1227873	8282.89941	3303628585223	0.73553	0.56647	8282.83203	0.06738	10718	1	0.74760	0.52101	1	0.71138	0.65180	1	0.72949	0.58641	1	0.45898	0.54853	12.96623	1.02672	1	0.72231	0.57114	14.29854	1.01906	1	-0.01089	-0.01138	0.65697	0.00361	1	0.05356	-0.01533	0.64071	0.00381	1	1.45898	0.81042	0	
1227874	8282.90527	3303628652293	0.73436	0.56646	8282.83203	0.07324	10718	1	0.73642	0.47542	1	0.70664	0.65716	1	0.72153	0.56629	1	0.45910	0.54874	13.34906	1.01906	1	0.72231	0.57117	14.32094	1.01140	1	-0.01089	-0.01138	0.65697	0.00357	1	0.05356	-0.01533	0.64071	0.00382	1	1.45898	0.81042	0	
1227875	8282.91211	3303628719226	0.73335	0.56664	8282.83203	0.08008	10718	1	0.73584	0.48064	1	0.70664	0.65716	1	0.72124	0.56890	1	0.45936	0.54836	13.65606	1.01140	1	0.72233	0.57099	14.19409	1.01140	1	-0.01089	-0.01138	0.65697	0.00381	1	0.05751	-0.01644	0.68723	0.00389	1	1.45898	0.81042	0	
1227876	8282.91895	3303628785997	0.73352	0.56595	8282.83203	0.08691	10718	1	0.76263	0.46477	1	0.70891	0.64904	1	0.73577	0.55691	1	0.45933	0.54863	13.59856	1.01140	1	0.72234	0.57108	14.15961	1.01906	1	-0.01089	-0.01138	0.65697	0.00360	1	0.05751	-0.01644	0.68723	0.00391	1	1.45898	0.81042	0	
1227877	8282.92578	3303628853108	0.73380	0.56656	8282.83203	0.09375	10718	1	0.75889	0.47709	1	0.71648	0.67307	1	0.73769	0.57508	1	0.45907	0.54873	13.40215	1.01906	1	0.72247	0.57156	13.72270	1.02672	1	-0.01089	-0.01138	0.65697	0.00357	1	0.05751	-0.01644	0.68723	0.00391	1	1.45898	0.81042	0	
1227878	8282.93262	3303628919770	0.73407	0.56693	8282.83203	0.10059	10718	1	0.75962	0.47189	1	0.71648	0.67307	1	0.73805	0.57248	1	0.45908	0.54864	13.21368	1.02672	1	0.72239	0.57140	13.49463	1.02672	1	-0.01089	-0.01138	0.65697	0.00357	1	0.05653	-0.01613	0.67618	0.00391	1	1.45898	0.81042	0	
1227879	8282.93945	3303628986160	0.73456	0.56663	8282.83203	0.10742	10718	1	0.76771	0.45600	1	0.71707	0.66780	1	0.74239	0.56190	1	0.45935	0.54885	13.87035	1.02672	1	0.72246	0.57127	13.67327	1.01906	1	-0.01089	-0.01138	0.65697	0.00360	1	0.05653	-0.01613	0.67618	0.00391	1	1.45898	0.81042	0	
1227880	8282.94531	3303629050631	0.73447	0.56754	8282.83203	0.11328	10718	1	0.76111	0.50017	1	0.70494	0.66569	1	0.73303	0.58293	1	0.45926	0.54872	12.87890	1.01906	1	0.72234	0.57120	13.34411	1.01140	1	-0.01089	-0.01138	0.65697	0.00363	1	0.05653	-0.01613	0.67618	0.00389	1	1.45898	0.81042	0	
1227881	8282.95215	3303629120495	0.73438	0.56848	8282.83203	0.12012	10718	1	0.76035	0.50519	1	0.70494	0.66569	1	0.73265	0.58544	1	0.45935	0.54898	13.35249	1.01140	1	0.72174	0.57074	13.81479	1.01140	1	-0.01089	-0.01138	0.65697	0.00364	1	0.05715	-0.01629	0.68300	0.00384	1	1.45898	0.81042	0	
1227882	8282.95898	3303629187415	0.73408	0.56942	8282.83203	0.12695	10718	1	0.76552	0.52762	1	0.69142	0.64697	1	0.72847	0.58730	1	0.45925	0.54896	13.39277	1.01140	1	0.72198	0.57107	13.96785	1.01906	1	-0.01089	-0.01138	0.65697	0.00370	1	0.05715	-0.01629	0.68300	0.00382	1	1.45898	0.81042	0	
1227883	8282.96582	3303629253788	0.73365	0.56778	8282.83203	0.13379	10718	1	0.76073	0.47997	1	0.68928	0.59015	1	0.72501	0.53506	1	0.45914	0.54877	13.15125	1.01906	1	0.72193	0.57098	14.12906	1.02672	1	-0.01089	-0.01138	0.65697	0.00369	1	0.05715	-0.01629	0.68300	0.00382	1	1.45898	0.81042	0	
1227884	8282.97266	3303629319543	0.73327	0.56618	8282.83203	0.14062	10718	1	0.76147	0.47479	1	0.68928	0.59015	1	0.72538	0.53247	1	0.45931	0.54892	13.17083	1.02672	1	0.72209	0.57109	13.48772	1.02672	1	-0.01089	-0.01138	0.65697	0.00372	1	0.05653	-0.01623	0.67617	0.00385	1	1.45898	0.81042	0	
1227885	8282.97949	3303629386213	0.73310	0.56465	8282.83203	0.14746	10718	1	0.76501	0.45262	1	0.69362	0.60932	1	0.72931	0.53097	1	0.45932	0.54906	13.33296	1.02672	1	0.72206	0.57115	13.37271	1.01906	1	-0.01089	-0.01138	0.65697	0.00364	1	0.05653	-0.01623	0.67617	0.00383	1	1.45898	0.81042	0	
1227886	8282.98535	3303629453523	0.73301	0.56373	8282.83203	0.15332	10718	1	0.76503	0.46035	1	0.69688	0.62512	1	0.73096	0.54274	1	0.45924	0.54839	13.02583	1.01906	1	0.72212	0.57131	13.62095	1.01140	1	-0.01089	-0.01138	0.65697	0.00385	1	0.05653	-0.01623	0.67617	0.00384	1	1.45898	0.81042	0	
1227887	8282.99219	3303629518722	0.73291	0.56300	8282.83203	0.16016	10718	1	0.76426	0.46567	1	0.69688	0.62512	1	0.73057	0.54540	1	0.45919	0.54880	13.19088	1.01140	1	0.72254	0.57116	13.63994	1.01140	1	-0.01089	-0.01138	0.65697	0.00368	1	0.05715	-0.01639	0.68300	0.00405	1	1.45898	0.81042	0	
1227888	8282.99902	3303629586831	0.73319	0.56268	8282.83203	0.16699	10718	1	0.75787	0.49989	1	0.72214	0.60944	1	0.74001	0.55467	1	0.45920	0.54877	13.02132	1.01140	1	0.72251	0.57113	13.36659	1.01906	1	-0.01089	-0.01138	0.65697	0.00368	1	0.05715	-0.01639	0.68300	0.00393	1	1.45898	0.81042	0	AUDIO_FILE_OFFSET
1227889	8283.00586	3303629656591	0.73313	0.56143	8282.83203	0.17383	10718	1	0.74332	0.43958	1	0.71992	0.61844	1	0.73162	0.52901	1	0.45918	0.54870	12.93893	1.01906	1	0.72235	0.57127	13.55338	1.02672	1	-0.01089	-0.01138	0.65697	0.00365	1	0.05715	-0.01639	0.68300	0.00384	1	1.45898	0.81042	0	
1227890	8283.01270	3303629723775	0.73312	0.56010	8282.83203	0.18066	10718	1	0.74393	0.43410	1	0.72199	0.61398	1	0.73296	0.52404	1	0.45910	0.54865	13.24552	1.02672	1	0.72248	0.57126	13.68247	1.03438	1	-0.01089	-0.01138	0.65697	0.00364	1	0.05715	-0.01639	0.68300	0.00391	1	1.45898	0.81042	0	
1227891	8283.01953	3303629790957	0.73412	0.55924	8282.83203	0.18750	10718	1	0.79095	0.47677	1	0.73289	0.59349	1	0.76192	0.53513	1	0.45934	0.54908	13.28944	1.03438	1	0.72261	0.57099	13.17602	1.03438	1	-0.01089	-0.01138	0.65697	0.00367	1	0.05715	-0.01639	0.68300	0.00404	1	1.45898	0.81042	0	
1227892	8283.02539	3303629853371	0.73397	0.55757	8282.83203	0.19336	10718	1	0.75924	0.45485	1	0.70002	0.56346	1	0.72963	0.50915	1	0.45915	0.54872	12.94178	1.03438	1	0.72212	0.57140	13.43045	1.03438	1	-0.01089	-0.01138	0.65697	0.00361	1	0.05715	-0.01639	0.68300	0.00386	1	1.45898	0.81042	0	STOP_TRIAL
1228193	8285.04199	3303650019619	0.46356	0.48773	8284.51953	0.52246	10725	1	0.47987	0.50760	1	0.45592	0.48045	1	0.46789	0.49403	1	0.44708	0.54973	11.50235	1.03581	1	0.71136	0.57055	12.08983	1.03581	1	-0.01322	-0.01210	0.67808	0.00346	1	0.05351	-0.01594	0.66018	0.00374	1	1.45898	0.81042	0	START_TRIAL
1228194	8285.04883	3303650085407	0.46404	0.48763	8284.51953	0.52930	10725	1	0.46389	0.49676	1	0.45717	0.50341	1	0.46053	0.50009	1	0.44699	0.54996	11.72237	1.03581	1	0.71135	0.57079	12.11642	1.03581	1	-0.01322	-0.01210	0.67808	0.00345	1	0.05351	-0.01594	0.66018	0.00359	1	1.45898	0.81042	0	
1228195	8285.05566	3303650153501	0.46464	0.48810	8284.51953	0.53613	10725	1	0.46431	0.52123	1	0.46238	0.50920	1	0.46335	0.51521	1	0.44729	0.55009	12.13507	1.03581	1	0.71140	0.57081	12.34724	1.03581	1	-0.01322	-0.01210	0.67808	0.00343	1	0.05351	-0.01594	0.66018	0.00357	1	1.45898	0.81042	0	
1228196	8285.06250	3303650220564	0.46524	0.48845	8284.51953	0.54297	10725	1	0.46431	0.52123	1	0.46238	0.50920	1	0.46335	0.51521	1	0.44773	0.54995	11.68267	1.03581	1	0.71169	0.57083	12.44980	1.03581	1	-0.01324	-0.01222	0.68446	0.00332	1	0.05348	-0.01596	0.65864	0.00355	1	1.45898	0.81042	0	
1228197	8285.06934	3303650287540	0.46580	0.48881	8284.51953	0.54980	10725	1	0.51210	0.49297	1	0.45449	0.50912	1	0.48330	0.50104	1	0.44791	0.54991	11.68816	1.03581	1	0.71170	0.57091	12.33002	1.03581	1	-0.01324	-0.01222	0.68446	0.00344	1	0.05348	-0.01596	0.65864	0.00358	1	1.45898	0.81042	0	
1228198	8285.07617	3303650354021	0.46598	0.48917	8284.51953	0.55664	10725	1	0.49881	0.49839	1	0.44631	0.48982	1	0.47256	0.49411	1	0.44831	0.54993	12.19961	1.03581	1	0.71194	0.57112	12.65984	1.03581	1	-0.01324	-0.01222	0.68446	0.00338	1	0.05348	-0.01596	0.65864	0.00333	1	1.45898	0.81042	0	
1228199	8285.08301	3303650421197	0.46613	0.48913	8284.51953	0.56348	10725	1	0.49881	0.49839	1	0.44640	0.48458	1	0.47260	0.49148	1	0.44897	0.54985	12.24058	1.03581	1	0.71270	0.57112	12.30303	1.04347	1	-0.01298	-0.01207	0.67599	0.00330	1	0.05413	-0.01610	0.66471	0.00348	1	1.45898	0.81042	0	
1228200	8285.08887	3303650487364	0.46671	0.48837	8284.51953	0.56934	10725	1	0.51267	0.47419	1	0.49838	0.52834	1	0.50553	0.50126	1	0.44888	0.54975	12.06644	1.04347	1	0.71279	0.57119	12.27761	1.05113	1	-0.01298	-0.01207	0.67599	0.00332	1	0.05413	-0.01610	0.66471	0.00349	1	1.45898	0.81042	0	
1228201	8285.09570	3303650556100	0.46762	0.48713	8284.51953	0.57617	10725	1	0.51413	0.48306	1	0.49652	0.46175	1	0.50533	0.47241	1	0.44891	0.54972	12.17181	1.05113	1	0.71271	0.57106	12.44345	1.05879	1	-0.01298	-0.01207	0.67599	0.00332	1	0.05413	-0.01610	0.66471	0.00354	1	1.45898	0.81042	0	
1228202	8285.10254	3303650624255	0.46854	0.48589	8284.51953	0.58301	10725	1	0.51325	0.47798	1	0.49696	0.45639	1	0.50510	0.46718	1	0.44881	0.54961	11.69500	1.05879	1	0.71277	0.57113	12.31032	1.06645	1	-0.01298	-0.01207	0.67599	0.00328	1	0.05413	-0.01610	0.66471	0.00357	1	1.45898	0.81042	0	
1228203	8285.10938	3303650689273	0.46920	0.48513	8284.51953	0.58984	10725	1	0.53049	0.46740	1	0.49901	0.46609	1	0.51475	0.46675	1	0.44887	0.54985	12.26533	1.06645	1	0.71276	0.57119	12.34247	1.06645	1	-0.01298	-0.01207	0.67599	0.00324	1	0.05413	-0.01610	0.66471	0.00349	1	1.45898	0.81042	0	
1228204	8285.11621	3303650755933	0.47049	0.48478	8284.51953	0.59668	10725	1	0.57672	0.45061	1	0.49462	0.48272	1	0.53567	0.46666	1	0.44910	0.54979	12.19733	1.06645	1	0.71271	0.57112	12.30890	1.06645	1	-0.01298	-0.01207	0.67599	0.00329	1	0.05413	-0.01610	0.66471	0.00348	1	1.45898	0.81042	0	
1228205	8285.12305	3303650823446	0.47178	0.48460	8284.51953	0.60352	10725	1	0.57672	0.45061	1	0.49462	0.48272	1	0.53567	0.46666	1	0.44900	0.54958	12.19183	1.06645	1	0.71273	0.57099	12.23278	1.06645	1	-0.01298	-0.01207	0.67599	0.00330	1	0.05413	-0.01610	0.66471	0.00357	1	1.45898	0.81042	0	
1228206	8285.12988	3303650890019	0.49859	0.48450	8284.51953	0.60352	10725	0	0.56585	0.46082	1	0.48587	0.45109	1	0.52586	0.45596	1	0.44899	0.54981	12.32592	1.06645	1	0.71266	0.57099	12.24116	1.06645	1	-0.01298	-0.01207	0.67599	0.00328	1	0.05413	-0.01610	0.66471	0.00360	1	1.45898	0.81042	0	
1228207	8285.13672	3303650957602	0.51608	0.46516	8284.51953	0.60352	10725	0	0.57342	0.45356	1	0.49372	0.43808	1	0.53357	0.44582	1	0.44911	0.54972	12.16899	1.06645	1	0.71269	0.57083	12.09163	1.06645	1	-0.01298	-0.01207	0.67599	0.00333	1	0.05413	-0.01610	0.66471	0.00365	1	1.45898	0.81042	0	
1228208	8285.14258	3303651023999	0.52184	0.45963	8284.51953	0.60352	10725	0	0.57342	0.45356	1	0.49331	0.44358	1	0.53337	0.44857	1	0.44885	0.54978	12.38726	1.06645	1	0.71243	0.57134	12.70491	1.05879	1	-0.01298	-0.01207	0.67599	0.00326	1	0.05420	-0.01614	0.66628	0.00348	1	1.45898	0.81042	0	
1228209	8285.14941	3303651091178	0.51923	0.45909	8285.12988	0.01953	10726	1	0.53604	0.44195	1	0.48672	0.47297	1	0.51138	0.45746	1	0.44857	0.54970	12.53466	1.05879	1	0.71220	0.57114	11.17935	1.05113	1	-0.01298	-0.01207	0.67599	0.00323	1	0.05420	-0.01614	0.66628	0.00360	1	1.45898	0.81042	0	
1228210	8285.15625	3303651158787	0.52006	0.46234	8285.12988	0.02637	10726	1	0.54391	0.45347	1	0.50283	0.49721	1	0.52337	0.47534	1	0.44867	0.54979	11.80369	1.05113	1	0.71250	0.57131	12.15806	1.04347	1	-0.01298	-0.01207	0.67599	0.00323	1	0.05420	-0.01614	0.66628	0.00352	1	1.45898	0.81042	0	
1228211	8285.16309	3303651224938	0.52064	0.46629	8285.12988	0.03320	10726	1	0.54532	0.46429	1	0.50183	0.50782	1	0.52358	0.48605	1	0.44866	0.54982	11.71769	1.03545	1	0.71246	0.57139	12.19632	1.02779	1	-0.01266	-0.01173	0.65693	0.00328	1	0.05420	-0.01614	0.66628	0.00350	1	1.45898	0.81042	0	
1228212	8285.16992	3303651293197	0.51963	0.47414	8285.12988	0.04004	10726	1	0.54287	0.52859	1	0.48426	0.51394	1	0.51357	0.52127	1	0.44859	0.55000	12.61414	1.01978	1	0.71217	0.57138	12.07996	1.01978	1	-0.01266	-0.01173	0.65693	0.00331	1	0.05420	-0.01614	0.66628	0.00350	1	1.45898	0.81042	0	
1228213	8285.17676	3303651357905	0.52075	0.47944	8285.12988	0.04688	10726	1	0.56878	0.50603	1	0.48840	0.52703	1	0.52859	0.51653	1	0.44888	0.55010	12.16352	1.01176	1	0.71230	0.57129	11.64846	1.01176	1	-0.01266	-0.01173	0.65693	0.00334	1	0.05420	-0.01614	0.66628	0.00355	1	1.45898	0.81042	0	
1228214	8285.18359	3303651426371	0.52165	0.48387	8285.12988	0.05371	10726	1	0.56935	0.51135	1	0.48839	0.52726	1	0.52887	0.51930	1	0.44860	0.54982	11.70717	1.00374	1	0.71206	0.57106	12.13201	1.01140	1	-0.01266	-0.01173	0.65693	0.00337	1	0.05543	-0.01652	0.68193	0.00343	1	1.45898	0.81042	0	
1228215	8285.18945	3303651492899	0.52125	0.48858	8285.12988	0.05957	10726	1	0.53325	0.54604	1	0.50208	0.51588	1	0.51766	0.53096	1	0.44841	0.55021	12.30563	1.01140	1	0.71246	0.57127	12.16473	1.01906	1	-0.01266	-0.01173	0.65693	0.00345	1	0.05543	-0.01652	0.68193	0.00348	1	1.45898	0.81042	0	
1228216	8285.19629	3303651560053	0.52004	0.49015	8285.12988	0.06641	10726	1	0.52769	0.53405	1	0.48818	0.47765	1	0.50794	0.50585	1	0.44833	0.55017	12.27556	1.01906	1	0.71221	0.57100	11.59869	1.02672	1	-0.01266	-0.01173	0.65693	0.00345	1	0.05543	-0.01652	0.68193	0.00341	1	1.45898	0.81042	0	
1228217	8285.20312	3303651627268	0.51900	0.49058	8285.12988	0.07324	10726	1	0.52601	0.52412	1	0.48897	0.46658	1	0.50749	0.49535	1	0.44824	0.54938	11.87064	1.03474	1	0.71213	0.57109	12.18409	1.04240	1	-0.01324	-0.01222	0.68446	0.00385	1	0.05543	-0.01652	0.68193	0.00336	1	1.45898	0.81042	0	
1228218	8285.20996	3303651694160	0.51721	0.49171	8285.12988	0.08008	10726	1	0.51681	0.53891	1	0.47477	0.47142	1	0.49579	0.50517	1	0.44823	0.55034	12.09345	1.05041	1	0.71207	0.57102	12.19458	1.05041	1	-0.01324	-0.01222	0.68446	0.00340	1	0.05543	-0.01652	0.68193	0.00338	1	1.45898	0.81042	0	
1228219	8285.21680	3303651761180	0.51660	0.48952	8285.12988	0.08691	10726	1	0.53271	0.48990	1	0.48459	0.43240	1	0.50865	0.46115	1	0.44846	0.55013	11.77991	1.05843	1	0.71212	0.57073	12.09458	1.05843	1	-0.01324	-0.01222	0.68446	0.00346	1	0.05543	-0.01652	0.68193	0.00353	1	1.45898	0.81042	0	
1228220	8285.22363	3303651828099	0.51607	0.48763	8285.12988	0.09375	10726	1	0.53271	0.48990	1	0.48459	0.43240	1	0.50865	0.46115	1	0.44828	0.54988	11.96325	1.05843	1	0.71190	0.57035	11.78032	1.05843	1	-0.01281	-0.01178	0.65981	0.00358	1	0.05543	-0.01652	0.68193	0.00362	1	1.45898	0.81042	0	
1228221	8285.23047	3303651894969	0.51446	0.48607	8285.12988	0.10059	10726	1	0.50752	0.51170	1	0.47318	0.41350	1	0.49035	0.46260	1	0.44805	0.55016	12.27735	1.05041	1	0.71193	0.57044	11.81149	1.05041	1	-0.01281	-0.01178	0.65981	0.00339	1	0.05543	-0.01652	0.68193	0.00368	1	1.45898	0.81042	0	
1228222	8285.23633	3303651962032	0.51293	0.48358	8285.12988	0.10645	10726	1	0.50470	0.44130	1	0.47216	0.44632	1	0.48843	0.44381	1	0.44798	0.54925	11.89443	1.04240	1	0.71200	0.57076	11.81389	1.04240	1	-0.01281	-0.01178	0.65981	0.00390	1	0.05543	-0.01652	0.68193	0.00345	1	1.45898	0.81042	0	
1228223	8285.24316	3303652029142	0.51158	0.48185	8285.12988	0.11328	10726	1	0.50569	0.44699	1	0.47161	0.45768	1	0.48865	0.45233	1	0.44870	0.55016	12.52110	1.03438	1	0.71254	0.57109	12.34078	1.02672	1	-0.01281	-0.01178	0.65981	0.00348	1	0.05348	-0.01596	0.65864	0.00336	1	1.45898	0.81042	0	
1228224	8285.25000	3303652095660	0.51194	0.48641	8285.12988	0.12012	10726	1	0.56268	0.52136	1	0.47402	0.61582	1	0.51835	0.56859	1	0.44929	0.55022	11.98090	1.02672	1	0.71250	0.57192	13.00959	1.01906	1	-0.01281	-0.01178	0.65981	0.00351	1	0.05348	-0.01596	0.65864	0.00359	1	1.45898	0.81042	0	
1228225	8285.25684	3303652163062	0.51095	0.48768	8285.12988	0.12695	10726	1	0.51377	0.47535	1	0.47046	0.54822	1	0.49211	0.51178	1	0.44887	0.54942	11.75143	1.01906	1	0.71273	0.57171	11.96597	1.01140	1	-0.01281	-0.01178	0.65981	0.00379	1	0.05348	-0.01596	0.65864	0.00360	1	1.45898	0.81042	0	
1228226	8285.26367	3303652230525	0.51007	0.48907	8285.12988	0.13379	10726	1	0.51468	0.48065	1	0.47019	0.55316	1	0.49244	0.51691	1	0.45126	0.54986	11.34274	1.01140	1	0.71549	0.57183	12.10969	1.00374	1	-0.01237	-0.01183	0.66266	0.00364	1	0.05373	-0.01596	0.65681	0.00396	1	1.45898	0.81042	0	
1228227	8285.27051	3303652296421	0.51362	0.48978	8285.12988	0.14062	10726	1	0.62450	0.48909	1	0.55177	0.52004	1	0.58813	0.50457	1	0.45226	0.54966	10.75607	1.00374	1	0.71573	0.57159	12.06274	1.00374	1	-0.01237	-0.01183	0.66266	0.00389	1	0.05373	-0.01596	0.65681	0.00372	1	1.45898	0.81042	0	
1228228	8285.27637	3303652362968	0.51440	0.48959	8285.12988	0.14648	10726	1	0.57387	0.43811	1	0.48966	0.53307	1	0.53176	0.48559	1	0.45225	0.54959	11.17255	1.00374	1	0.71542	0.57185	12.68650	1.00374	1	-0.01237	-0.01183	0.66266	0.00375	1	0.05373	-0.01596	0.65681	0.00375	1	1.45898	0.81042	0	
1228229	8285.28320	3303652430946	0.51514	0.48932	8285.12988	0.15332	10726	1	0.57387	0.43811	1	0.49007	0.52796	1	0.53197	0.48303	1	0.45490	0.55018	11.68877	1.00374	1	0.71844	0.57285	11.83447	1.01140	1	-0.01193	-0.01193	0.66576	0.00360	1	0.05719	-0.01690	0.69338	0.00384	1	1.45898	0.81042	0	
1228230	8285.29004	3303652497627	0.52283	0.49292	8285.12988	0.16016	10726	1	0.73123	0.53534	1	0.68391	0.62339	1	0.70757	0.57937	1	0.45554	0.55076	12.15439	1.01140	1	0.71872	0.57284	12.51412	1.01906	1	-0.01193	-0.01193	0.66576	0.00361	1	0.05719	-0.01690	0.69338	0.00380	1	1.45898	0.81042	0	
1228231	8285.29688	3303652565085	0.52830	0.49553	8285.12988	0.16699	10726	1	0.69584	0.46772	1	0.63430	0.65357	1	0.66507	0.56064	1	0.45571	0.55065	11.92951	1.01906	1	0.71832	0.57321	11.90893	1.02672	1	-0.01193	-0.01193	0.66576	0.00355	1	0.05719	-0.01690	0.69338	0.00394	1	1.45898	0.81042	0	
1228232	8285.30371	3303652631626	0.55514	0.51002	8285.12988	0.16699	10726	0	0.69646	0.45689	1	0.63727	0.64506	1	0.66687	0.55098	1	0.45630	0.55020	11.95173	1.03474	1	0.71920	0.57308	11.80511	1.04240	1	-0.01202	-0.01217	0.67904	0.00349	1	0.05540	-0.01639	0.67043	0.00386	1	1.45898	0.81042	0	
1228233	8285.31055	3303652699031	0.64854	0.49998	8285.12988	0.16699	10726	0	0.76874	0.41643	1	0.71512	0.56346	1	0.74193	0.48995	1	0.45618	0.55034	11.85351	1.05041	1	0.71948	0.57284	11.66058	1.05041	1	-0.01202	-0.01217	0.67904	0.00359	1	0.05540	-0.01639	0.67043	0.00388	1	1.45898	0.81042	0	
1228234	8285.31738	3303652765299	0.69598	0.46171	8285.12988	0.16699	10726	0	0.77562	0.45953	1	0.80610	0.31080	1	0.79086	0.38517	1	0.45625	0.55092	12.20771	1.05843	1	0.72082	0.57029	10.69031	1.05843	1	-0.01202	-0.01217	0.67904	0.00376	1	0.05540	-0.01639	0.67043	0.00243	1	1.45898	0.81042	0	
1228235	8285.32422	3303652832930	0.77455	0.42009	8285.12988	0.16699	10726	0	0.77562	0.45953	1	0.80610	0.31080	1	0.79086	0.38517	1	0.45613	0.55076	11.72316	1.05843	1	0.72080	0.57036	11.06045	1.05843	1	-0.01165	-0.01180	0.65562	0.00359	1	0.05540	-0.01639	0.67043	0.00239	1	1.45898	0.81042	0	
1228236	8285.33008	3303652899628	0.78060	0.40723	8285.12988	0.16699	10726	0	0.76817	0.45171	1	0.80512	0.33702	1	0.78665	0.39436	1	0.45606	0.55059	11.89953	1.05041	1	0.72093	0.57043	10.65891	1.05041	1	-0.01165	-0.01180	0.65562	0.00360	1	0.05540	-0.01639	0.67043	0.00255	1	1.45898	0.81042	0	
1228237	8285.33691	3303652966324	0.78235	0.40252	8285.12988	0.16699	10726	0	0.76443	0.44309	1	0.80731	0.34313	1	0.78587	0.39311	1	0.45605	0.55056	12.02970	1.04240	1	0.72096	0.57036	10.46519	1.04240	1	-0.01165	-0.01180	0.65562	0.00353	1	0.05540	-0.01639	0.67043	0.00259	1	1.45898	0.81042	0	
1228238	8285.34375	3303653033193	0.78279	0.40172	8285.32422	0.01953	10727	1	0.76365	0.44867	1	0.80454	0.34996	1	0.78410	0.39932	1	0.45554	0.55078	11.63882	1.03438	1	0.71893	0.57383	12.59725	1.03438	1	-0.01193	-0.01198	0.66576	0.00349	1	0.05540	-0.01644	0.67043	0.00407	1	1.45898	0.81042	0	
1228239	8285.35059	3303653098787	0.77839	0.40439	8285.32422	0.02637	10727	1	0.72469	0.46780	1	0.79688	0.36230	1	0.76079	0.41505	1	0.45550	0.55076	11.62658	1.03438	1	0.72056	0.57036	10.66190	1.03438	1	-0.01193	-0.01198	0.66576	0.00350	1	0.05540	-0.01644	0.67043	0.00241	1	1.45898	0.81042	0	
1228240	8285.35742	3303653165078	0.77604	0.40954	8285.32422	0.03320	10727	1	0.72708	0.46496	1	0.80144	0.40564	1	0.76426	0.43530	1	0.45551	0.55074	11.67339	1.03438	1	0.72060	0.57041	10.62569	1.03438	1	-0.01193	-0.01198	0.66576	0.00347	1	0.05540	-0.01644	0.67043	0.00244	1	1.45898	0.81042	0	
1228241	8285.36328	3303653232594	0.77423	0.41320	8285.32422	0.03906	10727	1	0.72761	0.45950	1	0.79923	0.41078	1	0.76342	0.43514	1	0.45543	0.55085	11.79492	1.04240	1	0.72031	0.57025	10.71826	1.02793	1	-0.01236	-0.01236	0.68672	0.00344	1	0.05387	-0.01602	0.65315	0.00238	1	1.45898	0.81042	0	
1228242	8285.37012	3303653298711	0.76735	0.43044	8285.32422	0.04590	10727	1	0.74762	0.47319	1	0.69073	0.62906	1	0.71918	0.55113	1	0.45547	0.55084	11.82984	1.03595	1	0.71883	0.57293	12.10149	1.02148	1	-0.01236	-0.01236	0.68672	0.00340	1	0.05387	-0.01602	0.65315	0.00378	1	1.45898	0.81042	0	
1228243	8285.37695	3303653365421	0.76836	0.43198	8285.32422	0.05273	10727	1	0.76919	0.48121	1	0.78375	0.40746	1	0.77647	0.44433	1	0.45547	0.55100	12.38827	1.02949	1	0.72035	0.57030	10.76015	1.01503	1	-0.01236	-0.01236	0.68672	0.00339	1	0.05387	-0.01602	0.65315	0.00234	1	1.45898	0.81042	0	
1228244	8285.38379	3303653428557	0.76910	0.43370	8285.32422	0.05957	10727	1	0.76769	0.49086	1	0.78375	0.40746	1	0.77572	0.44916	1	0.45520	0.55069	11.64602	1.01503	1	0.72021	0.57027	10.61610	1.01503	1	-0.01176	-0.01176	0.65055	0.00344	1	0.05523	-0.01645	0.67085	0.00235	1	1.45898	0.81042	0	
1228245	8285.39062	3303653498147	0.76819	0.43314	8285.32422	0.06641	10727	1	0.74966	0.46208	1	0.76853	0.39308	1	0.75910	0.42758	1	0.45521	0.55041	11.45207	1.00701	1	0.72023	0.57027	10.81747	1.02148	1	-0.01176	-0.01176	0.65055	0.00350	1	0.05523	-0.01645	0.67085	0.00233	1	1.45898	0.81042	0	
1228246	8285.39746	3303653567324	0.76823	0.43285	8285.32422	0.07324	10727	1	0.76551	0.47145	1	0.77183	0.38787	1	0.76867	0.42966	1	0.45535	0.55074	11.91289	1.01346	1	0.72018	0.57030	10.63316	1.02793	1	-0.01176	-0.01176	0.65055	0.00351	1	0.05523	-0.01645	0.67085	0.00233	1	1.45898	0.81042	0	
1228247	8285.40332	3303653632943	0.76850	0.43177	8285.32422	0.07910	10727	1	0.76697	0.46150	1	0.77641	0.37607	1	0.77169	0.41878	1	0.45526	0.55070	11.83163	1.02793	1	0.72019	0.57039	10.58903	1.04240	1	-0.01252	-0.01247	0.68975	0.00340	1	0.05523	-0.01645	0.67085	0.00256	1	1.45898	0.81042	0	
1228248	8285.41113	3303653702012	0.76851	0.42833	8285.32422	0.08691	10727	1	0.74762	0.44209	1	0.78984	0.32511	1	0.76873	0.38360	1	0.45518	0.55073	11.69105	1.05041	1	0.71992	0.57034	10.49716	1.05041	1	-0.01252	-0.01247	0.68975	0.00356	1	0.05523	-0.01645	0.67085	0.00241	1	1.45898	0.81042	0	
1228249	8285.41699	3303653769044	0.76956	0.42452	8285.32422	0.09277	10727	1	0.76379	0.41630	1	0.80449	0.32590	1	0.78414	0.37110	1	0.45527	0.55040	11.33798	1.05843	1	0.72006	0.57032	10.76742	1.05843	1	-0.01252	-0.01247	0.68975	0.00361	1	0.05523	-0.01645	0.67085	0.00244	1	1.45898	0.81042	0	
1228250	8285.42383	3303653836298	0.77047	0.42118	8285.32422	0.09961	10727	1	0.76379	0.41630	1	0.80449	0.32590	1	0.78414	0.37110	1	0.45483	0.55060	11.24550	1.05843	1	0.71999	0.57037	11.21148	1.05843	1	-0.01199	-0.01194	0.65798	0.00361	1	0.05523	-0.01650	0.67085	0.00236	1	1.45898	0.81042	0	
1228251	8285.43066	3303653904016	0.77055	0.41931	8285.32422	0.10645	10727	1	0.74426	0.45356	1	0.79965	0.32521	1	0.77195	0.38938	1	0.45505	0.55080	11.64364	1.05041	1	0.72003	0.57041	10.39530	1.05041	1	-0.01199	-0.01194	0.65798	0.00362	1	0.05523	-0.01650	0.67085	0.00249	1	1.45898	0.81042	0	
1228252	8285.43750	3303653971436	0.77045	0.41806	8285.32422	0.11328	10727	1	0.73649	0.44953	1	0.80088	0.34410	1	0.76868	0.39682	1	0.45491	0.55066	11.37751	1.04240	1	0.72006	0.57039	10.12563	1.04240	1	-0.01199	-0.01194	0.65798	0.00358	1	0.05523	-0.01650	0.67085	0.00251	1	1.45898	0.81042	0	
1228253	8285.44434	3303654037657	0.77027	0.41726	8285.32422	0.12012	10727	1	0.73590	0.45507	1	0.79816	0.35091	1	0.76703	0.40299	1	0.45508	0.55100	11.84070	1.03438	1	0.71992	0.57042	10.24816	1.03438	1	-0.01199	-0.01194	0.65798	0.00360	1	0.05523	-0.01650	0.67085	0.00244	1	1.45898	0.81042	0	
1228254	8285.45117	3303654105574	0.76990	0.41618	8285.32422	0.12695	10727	1	0.74377	0.42641	1	0.78203	0.36457	1	0.76290	0.39549	1	0.45505	0.55029	11.23304	1.03438	1	0.71993	0.57055	10.73957	1.03438	1	-0.01199	-0.01194	0.65798	0.00369	1	0.05523	-0.01650	0.67085	0.00241	1	1.45898	0.81042	0	
1228255	8285.45801	3303654172341	0.76930	0.41543	8285.32422	0.13379	10727	1	0.72893	0.44039	1	0.78568	0.36063	1	0.75730	0.40051	1	0.45489	0.55041	11.22003	1.03438	1	0.71988	0.57048	10.91681	1.03438	1	-0.01199	-0.01194	0.65798	0.00364	1	0.05523	-0.01650	0.67085	0.00239	1	1.45898	0.81042	0	
1228256	8285.46484	3303654239463	0.76883	0.41447	8285.32422	0.14062	10727	1	0.72946	0.43474	1	0.78831	0.35391	1	0.75889	0.39432	1	0.45494	0.55066	11.44026	1.04240	1	0.71988	0.57048	10.91681	1.04240	1	-0.01252	-0.01252	0.68975	0.00363	1	0.05523	-0.01645	0.67085	0.00239	1	1.45898	0.81042	0	
1228257	8285.47070	3303654306269	0.76871	0.41387	8285.32422	0.14648	10727	1	0.74426	0.45356	1	0.78816	0.34772	1	0.76621	0.40064	1	0.45505	0.55080	11.64364	1.05041	1	0.71986	0.57043	10.91763	1.05041	1	-0.01252	-0.01252	0.68975	0.00362	1	0.05523	-0.01645	0.67085	0.00235	1	1.45898	0.81042	0	
1228258	8285.47754	3303654373276	0.76873	0.41375	8285.32422	0.15332	10727	1	0.74242	0.48205	1	0.79582	0.34007	1	0.76912	0.41106	1	0.45492	0.55104	11.66388	1.05843	1	0.71996	0.57056	10.74584	1.05843	1	-0.01252	-0.01252	0.68975	0.00356	1	0.05523	-0.01645	0.67085	0.00239	1	1.45898	0.81042	0	
1228259	8285.48438	3303654440260	0.76881	0.41341	8285.32422	0.16016	10727	1	0.74304	0.47684	1	0.79845	0.33333	1	0.77075	0.40509	1	0.45479	0.55078	11.31754	1.06645	1	0.72018	0.57055	10.32909	1.06645	1	-0.01252	-0.01252	0.68975	0.00361	1	0.05523	-0.01650	0.67085	0.00252	1	1.45898	0.81042	0	
1228260	8285.49121	3303654507236	0.76841	0.41356	8285.32422	0.16699	10727	1	0.73515	0.45393	1	0.78155	0.38090	1	0.75835	0.41742	1	0.45498	0.55097	11.70615	1.06645	1	0.72014	0.57037	10.65426	1.06645	1	-0.01252	-0.01252	0.68975	0.00358	1	0.05523	-0.01650	0.67085	0.00237	1	1.45898	0.81042	0	
1228261	8285.49805	3303654574410	0.76889	0.41316	8285.32422	0.17383	10727	1	0.77220	0.43099	1	0.79041	0.37465	1	0.78131	0.40282	1	0.45510	0.55074	11.72021	1.06645	1	0.71993	0.57037	10.72223	1.06645	1	-0.01252	-0.01252	0.68975	0.00342	1	0.05523	-0.01650	0.67085	0.00246	1	1.45898	0.81042	0	
1228262	8285.50488	3303654641493	0.76927	0.41301	8285.32422	0.18066	10727	1	0.77139	0.43652	1	0.78783	0.38106	1	0.77961	0.40879	1	0.45357	0.55112	11.37403	1.05843	1	0.71706	0.57233	11.69318	1.05843	1	-0.01218	-0.01194	0.65764	0.00341	1	0.05610	-0.01662	0.68394	0.00367	1	1.45898	0.81042	0	
1228263	8285.51074	3303654707151	0.76728	0.41154	8285.32422	0.18652	10727	1	0.69582	0.46419	1	0.72754	0.27703	1	0.71168	0.37061	1	0.45273	0.55083	11.51260	1.05041	1	0.71815	0.56973	10.30630	1.05041	1	-0.01218	-0.01194	0.65764	0.00329	1	0.05610	-0.01662	0.68394	0.00237	1	1.45898	0.81042	0	
1228264	8285.51758	3303654775124	0.76594	0.41032	8285.32422	0.19336	10727	1	0.72329	0.49104	1	0.73043	0.25877	1	0.72686	0.37491	1	0.45308	0.55110	11.92251	1.04240	1	0.71817	0.56953	9.74205	1.04240	1	-0.01218	-0.01194	0.65764	0.00335	1	0.05610	-0.01662	0.68394	0.00253	1	1.45898	0.81042	0	
1228265	8285.52441	3303654842539	0.76464	0.40929	8285.32422	0.20020	10727	1	0.72329	0.49104	1	0.72834	0.26588	1	0.72581	0.37846	1	0.45208	0.55054	10.95392	1.04240	1	0.71640	0.57253	11.52917	1.03474	1	-0.01286	-0.01225	0.68047	0.00345	1	0.05373	-0.01601	0.65681	0.00360	1	1.45898	0.81042	0	
1228266	8285.53125	3303654909133	0.76063	0.41305	8285.32422	0.20703	10727	1	0.65666	0.46139	1	0.61572	0.59777	1	0.63619	0.52958	1	0.45200	0.55057	10.89335	1.04275	1	0.71601	0.57225	11.34175	1.03509	1	-0.01286	-0.01225	0.68047	0.00361	1	0.05373	-0.01601	0.65681	0.00363	1	1.45898	0.81042	0	
1228267	8285.53809	3303654976143	0.75737	0.41591	8285.32422	0.21387	10727	1	0.66793	0.42807	1	0.63851	0.58662	1	0.65322	0.50734	1	0.45219	0.55020	10.68689	1.04311	1	0.71635	0.57213	11.70297	1.03545	1	-0.01286	-0.01225	0.68047	0.00363	1	0.05373	-0.01601	0.65681	0.00370	1	1.45898	0.81042	0	
1228268	8285.54492	3303655043263	0.72770	0.42615	8285.32422	0.21387	10727	0	0.66794	0.42781	1	0.63858	0.58641	1	0.65326	0.50711	1	0.45223	0.55035	10.54788	1.04347	1	0.71595	0.57234	11.55750	1.03581	1	-0.01288	-0.01231	0.68701	0.00361	1	0.05373	-0.01601	0.65681	0.00359	1	1.45898	0.81042	0	
1228269	8285.55176	3303655110346	0.68028	0.47478	8285.32422	0.21387	10727	0	0.65886	0.45324	1	0.60685	0.59359	1	0.63286	0.52341	1	0.45213	0.55049	10.88400	1.03581	1	0.71581	0.57212	11.55480	1.03581	1	-0.01288	-0.01231	0.68701	0.00345	1	0.05373	-0.01601	0.65681	0.00363	1	1.45898	0.81042	0	
1228270	8285.55859	3303655177219	0.66586	0.49240	8285.32422	0.21387	10727	0	0.66447	0.47493	1	0.60958	0.58036	1	0.63702	0.52765	1	0.45214	0.55048	10.93471	1.03581	1	0.71589	0.57195	11.47379	1.03581	1	-0.01288	-0.01231	0.68701	0.00350	1	0.05373	-0.01601	0.65681	0.00358	1	1.45898	0.81042	0	
1228271	8285.56445	3303655242651	0.63540	0.52795	8285.32422	0.21387	10727	0	0.66437	0.48033	1	0.60826	0.58524	1	0.63631	0.53278	1	0.45215	0.55051	10.98909	1.02779	1	0.71593	0.57185	11.37609	1.02779	1	-0.01258	-0.01198	0.66856	0.00351	1	0.05373	-0.01596	0.65681	0.00364	1	1.45898	0.81042	0	
1228272	8285.57129	3303655308177	0.63156	0.52992	8285.32422	0.21387	10727	0	0.64924	0.47226	1	0.60621	0.59153	1	0.62773	0.53190	1	0.45194	0.55060	11.24152	1.01978	1	0.71580	0.57204	11.72882	1.01978	1	-0.01258	-0.01198	0.66856	0.00344	1	0.05373	-0.01596	0.65681	0.00367	1	1.45898	0.81042	0	
1228273	8285.57812	3303655377305	0.63172	0.52931	8285.32422	0.21387	10727	0	0.66680	0.44975	1	0.59726	0.60641	1	0.63203	0.52808	1	0.45217	0.55025	10.78073	1.01176	1	0.71578	0.57235	11.57195	1.01176	1	-0.01258	-0.01198	0.66856	0.00359	1	0.05373	-0.01596	0.65681	0.00363	1	1.45898	0.81042	0	
1228274	8285.58496	3303655440575	0.63163	0.53032	8285.56445	0.02051	10728	1	0.66669	0.45548	1	0.59600	0.61119	1	0.63135	0.53333	1	0.45232	0.55054	11.12360	1.00374	1	0.71590	0.57201	11.06613	1.00374	1	-0.01239	-0.01190	0.66387	0.00360	1	0.05373	-0.01596	0.65681	0.00374	1	1.45898	0.81042	0	
1228275	8285.59180	3303655512121	0.63475	0.52727	8285.56445	0.02734	10728	1	0.66114	0.47145	1	0.63331	0.55873	1	0.64723	0.51509	1	0.45207	0.55060	11.55700	1.00374	1	0.71638	0.57161	11.26671	1.00374	1	-0.01239	-0.01190	0.66387	0.00342	1	0.05373	-0.01596	0.65681	0.00382	1	1.45898	0.81042	0	
1228276	8285.59863	3303655578976	0.63603	0.52371	8285.56445	0.03418	10728	1	0.66539	0.48350	1	0.61953	0.52828	1	0.64246	0.50589	1	0.45218	0.55073	11.05208	1.00374	1	0.71655	0.57116	10.98737	1.00374	1	-0.01239	-0.01190	0.66387	0.00343	1	0.05373	-0.01596	0.65681	0.00404	1	1.45898	0.81042	0	
1228277	8285.60547	3303655646475	0.63686	0.52149	8285.56445	0.04102	10728	1	0.66539	0.48350	1	0.61831	0.53291	1	0.64185	0.50821	1	0.45224	0.55065	10.56140	1.00374	1	0.71658	0.57158	11.42180	0.99693	1	-0.01239	-0.01190	0.66387	0.00347	1	0.05293	-0.01566	0.64641	0.00396	1	1.45898	0.81042	0	
1228278	8285.61133	3303655713234	0.63865	0.52524	8285.56445	0.04688	10728	1	0.67657	0.47292	1	0.62567	0.63002	1	0.65112	0.55147	1	0.45240	0.55058	10.21580	0.99693	1	0.71669	0.57221	11.12555	0.99013	1	-0.01239	-0.01190	0.66387	0.00358	1	0.05293	-0.01566	0.64641	0.00392	1	1.45898	0.81042	0	
1228279	8285.61816	3303655780072	0.63870	0.52905	8285.56445	0.05371	10728	1	0.66659	0.48947	1	0.61176	0.62963	1	0.63917	0.55955	1	0.45225	0.55068	10.56772	0.99013	1	0.71650	0.57213	11.27166	0.98332	1	-0.01239	-0.01190	0.66387	0.00345	1	0.05293	-0.01566	0.64641	0.00375	1	1.45898	0.81042	0	
1228280	8285.62500	3303655846993	0.63889	0.53160	8285.56445	0.06055	10728	1	0.66661	0.48864	1	0.61451	0.62038	1	0.64056	0.55451	1	0.45266	0.55078	11.39121	0.99133	1	0.71643	0.57219	11.01940	0.99899	1	-0.01245	-0.01201	0.66979	0.00342	1	0.05512	-0.01628	0.67198	0.00377	1	1.45898	0.81042	0	
1228281	8285.63184	3303655914699	0.63937	0.53519	8285.56445	0.06738	10728	1	0.68722	0.52932	1	0.60111	0.61288	1	0.64417	0.57110	1	0.45251	0.55045	11.07827	1.00701	1	0.71663	0.57226	11.25395	1.02148	1	-0.01245	-0.01201	0.66979	0.00347	1	0.05512	-0.01628	0.67198	0.00371	1	1.45898	0.81042	0	
1228282	8285.63867	3303655980556	0.63934	0.53813	8285.56445	0.07422	10728	1	0.66761	0.53323	1	0.61049	0.60775	1	0.63905	0.57049	1	0.45250	0.55045	11.33187	1.02949	1	0.71664	0.57238	11.15988	1.04396	1	-0.01245	-0.01201	0.66979	0.00336	1	0.05512	-0.01628	0.67198	0.00379	1	1.45898	0.81042	0	
1228283	8285.64551	3303656047837	0.63943	0.53975	8285.56445	0.08105	10728	1	0.66797	0.51925	1	0.61292	0.59920	1	0.64044	0.55922	1	0.45277	0.55009	11.05980	1.05198	1	0.71638	0.57208	11.43615	1.05879	1	-0.01245	-0.01201	0.66979	0.00356	1	0.05376	-0.01586	0.65483	0.00351	1	1.45898	0.81042	0	
1228284	8285.65234	3303656114709	0.63864	0.53886	8285.56445	0.08789	10728	1	0.66028	0.48352	1	0.59657	0.57098	1	0.62843	0.52725	1	0.45281	0.55010	10.97795	1.05879	1	0.71639	0.57195	11.45223	1.05113	1	-0.01245	-0.01201	0.66979	0.00352	1	0.05376	-0.01586	0.65483	0.00347	1	1.45898	0.81042	0	
1228285	8285.65820	3303656181895	0.63778	0.53907	8285.56445	0.09375	10728	1	0.65813	0.50441	1	0.59333	0.57952	1	0.62573	0.54197	1	0.45283	0.55025	11.03319	1.05113	1	0.71643	0.57203	11.64145	1.04347	1	-0.01245	-0.01201	0.66979	0.00355	1	0.05376	-0.01586	0.65483	0.00350	1	1.45898	0.81042	0	
1228286	8285.66504	3303656249004	0.63699	0.53955	8285.56445	0.10059	10728	1	0.65808	0.50929	1	0.59219	0.58414	1	0.62514	0.54672	1	0.45278	0.54971	10.98411	1.04347	1	0.71655	0.57226	10.80426	1.03581	1	-0.01270	-0.01234	0.68850	0.00363	1	0.05407	-0.01590	0.65854	0.00364	1	1.45898	0.81042	0	
1228287	8285.67188	3303656315303	0.63768	0.53916	8285.56445	0.10742	10728	1	0.66270	0.44145	1	0.63458	0.62436	1	0.64864	0.53291	1	0.45298	0.54941	10.74275	1.03581	1	0.71705	0.57251	11.70041	1.03581	1	-0.01270	-0.01234	0.68850	0.00364	1	0.05407	-0.01590	0.65854	0.00357	1	1.45898	0.81042	0	
1228288	8285.67871	3303656382719	0.63749	0.53744	8285.56445	0.11426	10728	1	0.65718	0.44419	1	0.61152	0.57242	1	0.63435	0.50830	1	0.45286	0.54956	11.03943	1.03581	1	0.71712	0.57177	11.11626	1.03581	1	-0.01270	-0.01234	0.68850	0.00349	1	0.05407	-0.01590	0.65854	0.00347	1	1.45898	0.81042	0	
1228289	8285.68555	3303656449834	0.63729	0.53619	8285.56445	0.12109	10728	1	0.65714	0.44983	1	0.61019	0.57735	1	0.63367	0.51359	1	0.45300	0.54928	10.73725	1.02779	1	0.71711	0.57168	10.80218	1.02779	1	-0.01196	-0.01162	0.65108	0.00361	1	0.05398	-0.01585	0.65626	0.00353	1	1.45898	0.81042	0	
1228290	8285.69238	3303656517016	0.63804	0.53424	8285.56445	0.12793	10728	1	0.67830	0.45411	1	0.62608	0.54041	1	0.65219	0.49726	1	0.45322	0.54948	10.23752	1.01978	1	0.71733	0.57142	11.00794	1.01978	1	-0.01196	-0.01162	0.65108	0.00368	1	0.05398	-0.01585	0.65626	0.00342	1	1.45898	0.81042	0	
1228291	8285.69922	3303656584377	0.63833	0.53405	8285.56445	0.13477	10728	1	0.67384	0.44422	1	0.61451	0.61642	1	0.64417	0.53032	1	0.45315	0.54930	10.42474	1.01176	1	0.71720	0.57181	11.19101	1.01176	1	-0.01196	-0.01162	0.65108	0.00370	1	0.05398	-0.01585	0.65626	0.00351	1	1.45898	0.81042	0	
1228292	8285.70605	3303656651039	0.63862	0.53378	8285.56445	0.14160	10728	1	0.67384	0.44422	1	0.61584	0.61192	1	0.64484	0.52807	1	0.45315	0.54930	10.42474	1.01176	1	0.71746	0.57124	10.94190	1.01942	1	-0.01229	-0.01194	0.67164	0.00370	1	0.05523	-0.01620	0.67085	0.00390	1	1.45898	0.81042	0	
1228293	8285.71191	3303656717590	0.63855	0.53028	8285.56445	0.14746	10728	1	0.67679	0.38667	1	0.59687	0.51997	1	0.63683	0.45332	1	0.45362	0.54873	10.42960	1.02743	1	0.71723	0.57143	10.99797	1.03509	1	-0.01229	-0.01194	0.67164	0.00369	1	0.05523	-0.01620	0.67085	0.00387	1	1.45898	0.81042	0	
1228294	8285.71875	3303656784815	0.63835	0.52751	8285.56445	0.15430	10728	1	0.66861	0.46374	1	0.59924	0.46385	1	0.63392	0.46380	1	0.45377	0.54964	10.95452	1.04311	1	0.71733	0.57113	11.41966	1.05077	1	-0.01229	-0.01194	0.67164	0.00348	1	0.05523	-0.01620	0.67085	0.00372	1	1.45898	0.81042	0	
1228295	8285.72559	3303656851804	0.63823	0.52453	8285.56445	0.16113	10728	1	0.66885	0.45309	1	0.60162	0.45271	1	0.63523	0.45290	1	0.45498	0.54987	11.60404	1.05879	1	0.71989	0.56897	10.05754	1.06645	1	-0.01236	-0.01210	0.68672	0.00360	1	0.05540	-0.01624	0.67043	0.00243	1	1.45898	0.81042	0	
1228296	8285.73242	3303656918673	0.64111	0.51788	8285.56445	0.16797	10728	1	0.70379	0.41086	1	0.72235	0.29254	1	0.71307	0.35170	1	0.45514	0.54945	11.16545	1.06645	1	0.72003	0.56905	10.21716	1.06645	1	-0.01236	-0.01210	0.68672	0.00363	1	0.05540	-0.01624	0.67043	0.00242	1	1.45898	0.81042	0	
1228297	8285.73926	3303656985979	0.65120	0.48032	8285.56445	0.16797	10728	0	0.69339	0.48113	1	0.73130	0.28880	1	0.71234	0.38497	1	0.45496	0.54959	11.72450	1.06645	1	0.72001	0.56901	10.25962	1.06645	1	-0.01236	-0.01210	0.68672	0.00350	1	0.05540	-0.01624	0.67043	0.00240	1	1.45898	0.81042	0	
1228298	8285.74609	3303657051838	0.68116	0.43570	8285.56445	0.16797	10728	0	0.69310	0.48632	1	0.72915	0.29584	1	0.71112	0.39108	1	0.45590	0.54989	11.56497	1.05843	1	0.72051	0.56901	10.20339	1.05843	1	-0.01140	-0.01130	0.64136	0.00377	1	0.05597	-0.01633	0.67607	0.00233	1	1.45898	0.81042	0	
1228299	8285.75195	3303657115458	0.70592	0.42014	8285.56445	0.16797	10728	0	0.75026	0.50155	1	0.76062	0.27646	1	0.75544	0.38901	1	0.45575	0.54984	11.67590	1.05041	1	0.72046	0.56884	9.80263	1.05041	1	-0.01140	-0.01130	0.64136	0.00367	1	0.05597	-0.01633	0.67607	0.00242	1	1.45898	0.81042	0	
1228300	8285.75879	3303657182672	0.73637	0.39719	8285.56445	0.16797	10728	0	0.74700	0.51131	1	0.73808	0.31163	1	0.74254	0.41147	1	0.45576	0.54989	11.72884	1.04240	1	0.72043	0.56898	10.13336	1.04240	1	-0.01140	-0.01130	0.64136	0.00367	1	0.05597	-0.01633	0.67607	0.00235	1	1.45898	0.81042	0	
1228301	8285.76562	3303657251168	0.73872	0.40735	8285.56445	0.16797	10728	0	0.74632	0.51638	1	0.73583	0.31866	1	0.74108	0.41752	1	0.45576	0.54989	11.72884	1.03438	1	0.72048	0.56881	9.63427	1.03438	1	-0.01140	-0.01130	0.64136	0.00367	1	0.05597	-0.01633	0.67607	0.00241	1	1.45898	0.81042	0	
1228302	8285.77246	3303657316737	0.74167	0.40760	8285.56445	0.16797	10728	0	0.74297	0.51893	1	0.75215	0.29727	1	0.74756	0.40810	1	0.45575	0.54999	11.89310	1.03438	1	0.72048	0.56880	9.93531	1.03438	1	-0.01140	-0.01130	0.64136	0.00367	1	0.05597	-0.01633	0.67607	0.00240	1	1.45898	0.81042	0	
1228303	8285.77930	3303657385048	0.74326	0.40517	8285.75879	0.02051	10729	1	0.74141	0.50230	1	0.75466	0.29348	1	0.74804	0.39789	1	0.45570	0.54976	11.48623	1.03438	1	0.72056	0.56883	9.67864	1.03438	1	-0.01140	-0.01130	0.64136	0.00367	1	0.05597	-0.01633	0.67607	0.00240	1	1.45898	0.81042	0	
1228304	8285.78516	3303657451406	0.74422	0.40372	8285.75879	0.02637	10729	1	0.74141	0.50230	1	0.75466	0.29348	1	0.74804	0.39789	1	0.45601	0.54943	11.17609	1.03438	1	0.72051	0.56889	10.26288	1.03438	1	-0.01140	-0.01130	0.64136	0.00408	1	0.05597	-0.01633	0.67607	0.00236	1	1.45898	0.81042	0	
1228305	8285.79199	3303657518970	0.74376	0.40023	8285.75879	0.03320	10729	1	0.74155	0.47114	1	0.74143	0.29450	1	0.74149	0.38282	1	0.45578	0.54930	11.29547	1.03438	1	0.72068	0.56879	10.13638	1.03438	1	-0.01140	-0.01130	0.64136	0.00385	1	0.05597	-0.01633	0.67607	0.00237	1	1.45898	0.81042	0	
1228306	8285.79883	3303657586896	0.74488	0.40164	8285.75879	0.04004	10729	1	0.75149	0.51792	1	0.75166	0.30217	1	0.75158	0.41005	1	0.45591	0.54976	11.13569	1.03438	1	0.72059	0.56882	9.84847	1.03438	1	-0.01140	-0.01130	0.64136	0.00385	1	0.05597	-0.01633	0.67607	0.00235	1	1.45898	0.81042	0	
1228307	8285.80566	3303657655485	0.74572	0.40269	8285.75879	0.04688	10729	1	0.75149	0.51792	1	0.75166	0.30217	1	0.75158	0.41005	1	0.45558	0.54949	11.69367	1.03438	1	0.72058	0.56869	9.68018	1.03438	1	-0.01140	-0.01130	0.64136	0.00368	1	0.05597	-0.01633	0.67607	0.00239	1	1.45898	0.81042	0	
1228308	8285.81250	3303657719897	0.74394	0.39820	8285.75879	0.05371	10729	1	0.72476	0.44126	1	0.73466	0.28338	1	0.72971	0.36232	1	0.45547	0.54945	11.63720	1.03438	1	0.72073	0.56857	10.09297	1.03438	1	-0.01140	-0.01130	0.64136	0.00368	1	0.05597	-0.01633	0.67607	0.00241	1	1.45898	0.81042	0	
1228309	8285.81934	3303657787855	0.74442	0.39919	8285.75879	0.06055	10729	1	0.74356	0.51874	1	0.75393	0.29738	1	0.74874	0.40806	1	0.45579	0.54991	11.43590	1.03438	1	0.72056	0.56869	9.76367	1.03438	1	-0.01140	-0.01130	0.64136	0.00373	1	0.05597	-0.01633	0.67607	0.00237	1	1.45898	0.81042	0	
1228310	8285.82617	3303657856039	0.74471	0.40031	8285.75879	0.06738	10729	1	0.74356	0.51874	1	0.75166	0.30427	1	0.74761	0.41151	1	0.45552	0.54934	11.92020	1.03438	1	0.72054	0.56865	9.69638	1.02672	1	-0.01193	-0.01173	0.66576	0.00373	1	0.05434	-0.01587	0.65701	0.00241	1	1.45898	0.81042	0	
1228311	8285.83301	3303657923612	0.74332	0.39881	8285.75879	0.07422	10729	1	0.70792	0.46082	1	0.74828	0.30394	1	0.72810	0.38238	1	0.45520	0.54909	11.19900	1.02672	1	0.72055	0.56875	9.84623	1.01906	1	-0.01193	-0.01173	0.66576	0.00379	1	0.05434	-0.01587	0.65701	0.00239	1	1.45898	0.81042	0	
1228312	8285.83984	3303657990321	0.74270	0.39691	8285.75879	0.08105	10729	1	0.71749	0.44311	1	0.75289	0.30505	1	0.73519	0.37408	1	0.45542	0.54895	11.71167	1.01906	1	0.72060	0.56865	9.78748	1.01140	1	-0.01193	-0.01173	0.66576	0.00377	1	0.05434	-0.01587	0.65701	0.00240	1	1.45898	0.81042	0	
1228313	8285.84668	3303658057404	0.74217	0.39526	8285.75879	0.08789	10729	1	0.71751	0.44285	1	0.75300	0.30472	1	0.73525	0.37379	1	0.45522	0.54920	11.12055	1.01942	1	0.72005	0.56875	10.61123	1.01176	1	-0.01236	-0.01210	0.68672	0.00358	1	0.05486	-0.01590	0.66453	0.00253	1	1.45898	0.81042	0	
1228314	8285.85254	3303658124782	0.74226	0.39470	8285.75879	0.09375	10729	1	0.72253	0.47719	1	0.76460	0.29663	1	0.74356	0.38691	1	0.45392	0.54928	11.55387	1.01978	1	0.72008	0.56859	10.00604	1.01978	1	-0.01236	-0.01210	0.68672	0.00339	1	0.05486	-0.01590	0.66453	0.00240	1	1.45898	0.81042	0	
1228315	8285.85938	3303658191961	0.74831	0.39509	8285.75879	0.10059	10729	1	0.78846	0.41850	1	0.88979	0.38330	1	0.83913	0.40090	1	0.45394	0.54905	11.65033	1.02779	1	0.72062	0.56859	10.29334	1.02779	1	-0.01236	-0.01210	0.68672	0.00327	1	0.05486	-0.01590	0.66453	0.00264	1	1.45898	0.81042	0	
1228316	8285.86621	3303658258471	0.75388	0.39488	8285.75879	0.10742	10729	1	0.78941	0.41267	1	0.89649	0.37027	1	0.84295	0.39147	1	0.44874	0.54891	10.71662	1.03581	1	0.71309	0.57073	12.63594	1.04347	1	-0.01300	-0.01184	0.67187	0.00347	1	0.05413	-0.01595	0.66471	0.00347	1	1.45898	0.81042	0	
1228317	8285.87305	3303658325830	0.74460	0.40099	8285.75879	0.11426	10729	1	0.58938	0.47032	1	0.58440	0.53946	1	0.58689	0.50489	1	0.44787	0.54910	11.05881	1.04347	1	0.71262	0.57025	12.73520	1.05113	1	-0.01300	-0.01184	0.67187	0.00346	1	0.05413	-0.01595	0.66471	0.00350	1	1.45898	0.81042	0	
1228318	8285.87988	3303658393197	0.73965	0.40233	8285.75879	0.12109	10729	1	0.63905	0.37429	1	0.66208	0.47845	1	0.65056	0.42637	1	0.44750	0.54850	11.02996	1.05113	1	0.71230	0.56963	12.83435	1.05879	1	-0.01300	-0.01184	0.67187	0.00303	1	0.05413	-0.01595	0.66471	0.00306	1	1.45898	0.81042	0	
1228319	8285.88672	3303658459588	0.73516	0.40367	8285.75879	0.12793	10729	1	0.63905	0.37457	1	0.66041	0.48403	1	0.64973	0.42930	1	0.44124	0.54697	10.29830	1.05077	1	0.70630	0.57005	12.35900	1.05077	1	-0.01371	-0.01163	0.66008	0.00228	1	0.05216	-0.01548	0.65317	0.00350	1	1.45898	0.81042	0	
1228320	8285.89355	3303658526466	0.71671	0.40254	8285.75879	0.13477	10729	1	0.32338	0.26933	1	0.37201	0.49022	1	0.34769	0.37978	1	0.44033	0.54715	10.40621	1.04275	1	0.70568	0.56933	11.36720	1.03509	1	-0.01371	-0.01163	0.66008	0.00225	1	0.05216	-0.01548	0.65317	0.00336	1	1.45898	0.81042	0	
1228321	8285.89941	3303658592385	0.66455	0.40371	8285.75879	0.13477	10729	0	0.31703	0.28575	1	0.41893	0.48055	1	0.36798	0.38315	1	0.44023	0.54708	10.41745	1.02708	1	0.70558	0.56906	11.64153	1.01942	1	-0.01371	-0.01163	0.66008	0.00223	1	0.05216	-0.01548	0.65317	0.00328	1	1.45898	0.81042	0	
1228322	8285.90625	3303658660286	0.51740	0.39830	8285.75879	0.13477	10729	0	0.32143	0.29960	1	0.41905	0.48619	1	0.37024	0.39290	1	0.43862	0.54709	10.74920	1.01140	1	0.70305	0.56974	12.29228	1.01140	1	-0.01421	-0.01175	0.66960	0.00238	1	0.05395	-0.01615	0.68129	0.00353	1	1.45898	0.81042	0	
1228323	8285.91309	3303658725192	0.42906	0.40674	8285.75879	0.13477	10729	0	0.22607	0.33089	1	0.27871	0.51635	1	0.25239	0.42362	1	0.43859	0.54684	10.61110	1.01140	1	0.70329	0.56941	12.05198	1.01906	1	-0.01421	-0.01175	0.66960	0.00240	1	0.05395	-0.01615	0.68129	0.00349	1	1.45898	0.81042	0	
1228324	8285.91992	3303658795942	0.29608	0.41881	8285.75879	0.13477	10729	0	0.24674	0.32676	1	0.28449	0.55306	1	0.26561	0.43991	1	0.43856	0.54697	10.72332	1.01906	1	0.70340	0.56988	12.90447	1.02672	1	-0.01421	-0.01175	0.66960	0.00256	1	0.05395	-0.01615	0.68129	0.00357	1	1.45898	0.81042	0	
1228325	8285.92676	3303658861880	0.28043	0.42878	8285.75879	0.13477	10729	0	0.24411	0.32021	1	0.28546	0.55728	1	0.26479	0.43875	1	0.43851	0.54679	10.62691	1.02672	1	0.70353	0.56983	12.25552	1.01991	1	-0.01421	-0.01175	0.66960	0.00241	1	0.05167	-0.01546	0.65253	0.00357	1	1.45898	0.81042	0	
1228326	8285.93359	3303658928121	0.27655	0.42942	8285.75879	0.13477	10729	0	0.24660	0.35855	1	0.29095	0.50288	1	0.26877	0.43071	1	0.43856	0.54682	10.49925	1.01991	1	0.70343	0.56920	12.15676	1.00544	1	-0.01421	-0.01175	0.66960	0.00241	1	0.05167	-0.01546	0.65253	0.00348	1	1.45898	0.81042	0	
1228327	8285.94043	3303658995197	0.27420	0.43031	8285.91992	0.02051	10730	1	0.24273	0.36594	1	0.29156	0.50003	1	0.26714	0.43299	1	0.43849	0.54681	10.56675	1.00544	1	0.70336	0.56910	12.13540	0.99098	1	-0.01421	-0.01175	0.66960	0.00244	1	0.05167	-0.01546	0.65253	0.00366	1	1.45898	0.81042	0	
1228328	8285.94629	3303659062735	0.27340	0.43257	8285.91992	0.02637	10730	1	0.24784	0.37789	1	0.29264	0.50536	1	0.27024	0.44162	1	0.43857	0.54667	10.35208	0.99098	1	0.70323	0.56911	12.31555	0.98332	1	-0.01421	-0.01170	0.66960	0.00234	1	0.05496	-0.01638	0.69344	0.00363	1	1.45898	0.81042	0	
1228329	8285.95312	3303659127889	0.27384	0.43588	8285.91992	0.03320	10730	1	0.28301	0.37525	1	0.26900	0.52956	1	0.27600	0.45240	1	0.43853	0.54674	10.46018	0.98332	1	0.70336	0.56943	13.05742	0.99013	1	-0.01421	-0.01170	0.66960	0.00238	1	0.05496	-0.01638	0.69344	0.00344	1	1.45898	0.81042	0	
1228330	8285.95996	3303659192521	0.27485	0.43733	8285.91992	0.04004	10730	1	0.28250	0.36615	1	0.27931	0.52593	1	0.28091	0.44604	1	0.43859	0.54666	10.65477	0.99013	1	0.70320	0.56956	12.60351	0.99693	1	-0.01421	-0.01170	0.66960	0.00238	1	0.05496	-0.01638	0.69344	0.00345	1	1.45898	0.81042	0	
1228331	8285.96680	3303659262914	0.27540	0.43778	8285.91992	0.04688	10730	1	0.28029	0.36045	1	0.27828	0.52140	1	0.27929	0.44093	1	0.43856	0.54657	10.43962	0.99693	1	0.70337	0.56870	12.09464	1.00374	1	-0.01421	-0.01170	0.66960	0.00233	1	0.05496	-0.01638	0.69344	0.00370	1	1.45898	0.81042	0	
1228332	8285.97363	3303659331074	0.27414	0.43577	8285.91992	0.05371	10730	1	0.27033	0.34136	1	0.25771	0.49805	1	0.26402	0.41971	1	0.43857	0.54648	10.46529	1.00374	1	0.70322	0.56911	12.58553	1.00374	1	-0.01421	-0.01170	0.66960	0.00235	1	0.05496	-0.01638	0.69344	0.00360	1	1.45898	0.81042	0	
1228333	8285.98047	3303659398854	0.27298	0.43436	8285.91992	0.06055	10730	1	0.26449	0.33116	1	0.26072	0.51213	1	0.26261	0.42164	1	0.43848	0.54645	10.31789	1.00374	1	0.70321	0.56919	12.62710	1.00374	1	-0.01421	-0.01170	0.66960	0.00232	1	0.05496	-0.01638	0.69344	0.00360	1	1.45898	0.81042	0	
1228334	8285.98730	3303659463894	0.27198	0.43297	8285.91992	0.06738	10730	1	0.26449	0.33116	1	0.25943	0.50697	1	0.26196	0.41907	1	0.43855	0.54612	10.17949	1.00374	1	0.70343	0.56904	12.75197	1.01140	1	-0.01421	-0.01160	0.66960	0.00239	1	0.05355	-0.01585	0.67499	0.00371	1	1.45898	0.81042	0	
1228335	8285.99316	3303659529708	0.27148	0.42889	8285.91992	0.07324	10730	1	0.26836	0.29678	1	0.26354	0.47130	1	0.26595	0.38404	1	0.43856	0.54618	10.49061	1.01140	1	0.70333	0.56861	12.45718	1.01906	1	-0.01421	-0.01160	0.66960	0.00237	1	0.05355	-0.01585	0.67499	0.00378	1	1.45898	0.81042	0	
1228336	8286.00000	3303659598109	0.27095	0.42658	8285.91992	0.08008	10730	1	0.26681	0.30120	1	0.26233	0.49657	1	0.26457	0.39889	1	0.43861	0.54626	10.25306	1.01906	1	0.70334	0.56897	12.63681	1.02672	1	-0.01421	-0.01160	0.66960	0.00237	1	0.05355	-0.01585	0.67499	0.00364	1	1.45898	0.81042	0	
1228337	8286.00684	3303659664749	0.27036	0.42418	8285.91992	0.08691	10730	1	0.26432	0.29447	1	0.26108	0.49142	1	0.26270	0.39295	1	0.43847	0.54614	10.27513	1.02672	1	0.70338	0.56899	12.27228	1.03438	1	-0.01421	-0.01155	0.66960	0.00239	1	0.05355	-0.01585	0.67499	0.00375	1	1.45898	0.81042	0	
1228338	8286.01367	3303659731507	0.26976	0.42544	8285.91992	0.09375	10730	1	0.25780	0.36389	1	0.26487	0.52221	1	0.26134	0.44305	1	0.43844	0.54603	10.56356	1.03438	1	0.70345	0.56910	12.32166	1.03438	1	-0.01421	-0.01155	0.66960	0.00238	1	0.05355	-0.01585	0.67499	0.00363	1	1.45898	0.81042	0	
1228339	8286.02051	3303659798812	0.26892	0.42599	8285.91992	0.10059	10730	1	0.25564	0.36626	1	0.25720	0.50231	1	0.25642	0.43429	1	0.43842	0.54608	10.09498	1.03438	1	0.70332	0.56901	12.12215	1.03438	1	-0.01421	-0.01155	0.66960	0.00239	1	0.05355	-0.01585	0.67499	0.00360	1	1.45898	0.81042	0	
1228340	8286.02734	3303659865936	0.26819	0.42648	8285.91992	0.10742	10730	1	0.25564	0.36626	1	0.25720	0.50231	1	0.25642	0.43429	1	0.43837	0.54592	10.51848	1.03438	1	0.70343	0.56893	12.08118	1.03438	1	-0.01421	-0.01155	0.66960	0.00235	1	0.05355	-0.01585	0.67499	0.00360	1	1.45898	0.81042	0	
1228341	8286.03418	3303659932963	0.26787	0.42727	8285.91992	0.11426	10730	1	0.26123	0.33040	1	0.26361	0.55087	1	0.26242	0.44064	1	0.43849	0.54574	10.46902	1.03438	1	0.70343	0.56893	12.08118	1.03438	1	-0.01421	-0.01155	0.66960	0.00239	1	0.05355	-0.01585	0.67499	0.00360	1	1.45898	0.81042	0	
1228342	8286.04004	3303659999760	0.26712	0.42685	8285.91992	0.12012	10730	1	0.24541	0.34998	1	0.26203	0.48886	1	0.25372	0.41942	1	0.43827	0.54597	10.66246	1.03438	1	0.70333	0.56848	11.91482	1.03438	1	-0.01421	-0.01155	0.66960	0.00229	1	0.05355	-0.01585	0.67499	0.00387	1	1.45898	0.81042	0	
1228343	8286.04688	3303660066858	0.26651	0.42673	8285.91992	0.12695	10730	1	0.24541	0.34998	1	0.26437	0.49862	1	0.25489	0.42430	1	0.43821	0.54594	10.77767	1.03438	1	0.70333	0.56876	12.07081	1.01991	1	-0.01394	-0.01120	0.65218	0.00230	1	0.05052	-0.01493	0.63802	0.00361	1	1.45898	0.81042	0	
1228344	8286.05371	3303660133923	0.26573	0.42736	8285.91992	0.13379	10730	1	0.24038	0.34733	1	0.25987	0.53276	1	0.25012	0.44004	1	0.43814	0.54569	10.17416	1.01991	1	0.70333	0.56873	12.24773	1.00544	1	-0.01394	-0.01120	0.65218	0.00230	1	0.05052	-0.01493	0.63802	0.00357	1	1.45898	0.81042	0	
1228345	8286.06055	3303660201014	0.26539	0.42855	8285.91992	0.14062	10730	1	0.25696	0.35355	1	0.25967	0.55360	1	0.25832	0.45358	1	0.43828	0.54575	10.41589	1.00544	1	0.70331	0.56872	12.07300	0.99098	1	-0.01394	-0.01120	0.65218	0.00237	1	0.05052	-0.01493	0.63802	0.00359	1	1.45898	0.81042	0	
1228346	8286.06738	3303660267860	0.26522	0.43001	8285.91992	0.14746	10730	1	0.26188	0.36567	1	0.26099	0.55851	1	0.26144	0.46209	1	0.43807	0.54572	10.68859	0.99098	1	0.70345	0.56880	12.04854	0.98332	1	-0.01394	-0.01125	0.65218	0.00229	1	0.05249	-0.01550	0.66228	0.00359	1	1.45898	0.81042	0	
1228347	8286.07422	3303660334737	0.26554	0.43094	8285.91992	0.15430	10730	1	0.25402	0.36564	1	0.29160	0.53901	1	0.27281	0.45232	1	0.43821	0.54566	10.65771	0.98332	1	0.70336	0.56871	12.06204	0.99013	1	-0.01394	-0.01125	0.65218	0.00234	1	0.05249	-0.01550	0.66228	0.00357	1	1.45898	0.81042	0	
1228348	8286.08105	3303660401794	0.26581	0.43152	8285.91992	0.16113	10730	1	0.25458	0.35495	1	0.29024	0.53596	1	0.27241	0.44546	1	0.43814	0.54567	10.50803	0.99013	1	0.70336	0.56864	12.01286	0.99693	1	-0.01394	-0.01125	0.65218	0.00228	1	0.05249	-0.01550	0.66228	0.00363	1	1.45898	0.81042	0	
1228349	8286.08691	3303660468147	0.26602	0.43194	8285.91992	0.16699	10730	1	0.25222	0.34916	1	0.29024	0.53596	1	0.27123	0.44256	1	0.43804	0.54568	9.99129	0.99693	1	0.70363	0.56873	12.60583	0.99693	1	-0.01424	-0.01142	0.66184	0.00233	1	0.05052	-0.01493	0.63802	0.00355	1	1.45898	0.81042	0	
1228350	8286.09375	3303660535804	0.26588	0.43288	8285.91992	0.17383	10730	1	0.24560	0.37345	1	0.27898	0.54106	1	0.26229	0.45726	1	0.43804	0.54579	10.08285	0.99693	1	0.70326	0.56858	11.82964	0.99013	1	-0.01424	-0.01142	0.66184	0.00232	1	0.05052	-0.01493	0.63802	0.00351	1	1.45898	0.81042	0	
1228351	8286.10059	3303660601741	0.26617	0.43425	8285.91992	0.18066	10730	1	0.24929	0.37515	1	0.29828	0.56733	1	0.27378	0.47124	1	0.43799	0.54582	10.01986	0.99013	1	0.70353	0.56878	12.13391	0.98332	1	-0.01424	-0.01142	0.66184	0.00236	1	0.05052	-0.01493	0.63802	0.00360	1	1.45898	0.81042	0	
1228352	8286.10742	3303660669780	0.26645	0.43554	8285.91992	0.18750	10730	1	0.25169	0.38079	1	0.29725	0.56247	1	0.27447	0.47163	1	0.43786	0.54589	10.15948	0.98332	1	0.70319	0.56869	11.89747	0.99098	1	-0.01424	-0.01142	0.66184	0.00241	1	0.05364	-0.01588	0.67871	0.00364	1	1.45898	0.81042	0	
1228353	8286.11426	3303660736577	0.26626	0.43674	8285.91992	0.19434	10730	1	0.24423	0.37346	1	0.27717	0.56971	1	0.26070	0.47159	1	0.43800	0.54575	10.15252	0.99098	1	0.70322	0.56903	11.76137	1.00544	1	-0.01424	-0.01142	0.66184	0.00235	1	0.05364	-0.01588	0.67871	0.00364	1	1.45898	0.81042	0	
1228354	8286.12109	3303660803846	0.26596	0.43712	8285.91992	0.20117	10730	1	0.24090	0.35042	1	0.27271	0.54663	1	0.25680	0.44853	1	0.43792	0.54560	10.47314	1.00544	1	0.70314	0.56897	11.73263	1.01991	1	-0.01424	-0.01142	0.66184	0.00242	1	0.05364	-0.01588	0.67871	0.00370	1	1.45898	0.81042	0	
1228355	8286.12793	3303660870432	0.26555	0.43715	8285.91992	0.20801	10730	1	0.23579	0.33824	1	0.27047	0.53753	1	0.25313	0.43788	1	0.43779	0.54575	10.56969	1.01991	1	0.70306	0.56861	11.68672	1.03438	1	-0.01424	-0.01142	0.66184	0.00239	1	0.05364	-0.01588	0.67871	0.00356	1	1.45898	0.81042	0	
1228356	8286.13379	3303660937494	0.26468	0.43653	8285.91992	0.21387	10730	1	0.21826	0.32686	1	0.25503	0.50682	1	0.23665	0.41684	1	0.43778	0.54572	10.65888	1.03438	1	0.70285	0.56859	12.16104	1.03438	1	-0.01424	-0.01142	0.66184	0.00237	1	0.05364	-0.01588	0.67871	0.00357	1	1.45898	0.81042	0	
1228357	8286.14062	3303661004434	0.26459	0.43593	8285.91992	0.22070	10730	1	0.25219	0.33466	1	0.27138	0.49766	1	0.26178	0.41616	1	0.43797	0.54571	10.33851	1.03438	1	0.70306	0.56860	11.55361	1.03438	1	-0.01424	-0.01142	0.66184	0.00232	1	0.05364	-0.01588	0.67871	0.00357	1	1.45898	0.81042	0	
1228358	8286.14746	3303661072333	0.26451	0.43537	8285.91992	0.22754	10730	1	0.25219	0.33466	1	0.27138	0.49766	1	0.26178	0.41616	1	0.43757	0.54598	10.44195	1.03438	1	0.70270	0.56882	11.82424	1.03438	1	-0.01424	-0.01142	0.66184	0.00229	1	0.05364	-0.01588	0.67871	0.00357	1	1.45898	0.81042	0	
1228359	8286.15430	3303661137122	0.26346	0.43469	8285.91992	0.23438	10730	1	0.21899	0.30237	1	0.23391	0.51963	1	0.22645	0.41100	1	0.43743	0.54609	10.47967	1.03438	1	0.70261	0.56879	11.80508	1.03438	1	-0.01424	-0.01142	0.66184	0.00241	1	0.05364	-0.01588	0.67871	0.00365	1	1.45898	0.81042	0	
1228360	8286.16016	3303661200758	0.26328	0.43499	8285.91992	0.24023	10730	1	0.24770	0.38095	1	0.26651	0.51070	1	0.25710	0.44582	1	0.43746	0.54619	10.14447	1.03438	1	0.70275	0.56850	11.57315	1.03438	1	-0.01424	-0.01142	0.66184	0.00244	1	0.05364	-0.01588	0.67871	0.00367	1	1.45898	0.81042	0	
1228361	8286.16699	3303661269466	0.26312	0.43528	8285.91992	0.24707	10730	1	0.24770	0.38095	1	0.26651	0.51070	1	0.25710	0.44582	1	0.43819	0.54658	10.15798	1.03438	1	0.70336	0.56898	11.91649	1.03438	1	-0.01394	-0.01135	0.65219	0.00238	1	0.05395	-0.01604	0.68129	0.00375	1	1.45898	0.81042	0	
1228362	8286.17480	3303661338624	0.26224	0.43568	8285.91992	0.25488	10730	1	0.23148	0.34446	1	0.22641	0.55761	1	0.22895	0.45104	1	0.43881	0.54671	9.92371	1.03438	1	0.70326	0.57011	12.42218	1.03438	1	-0.01394	-0.01135	0.65219	0.00221	1	0.05395	-0.01604	0.68129	0.00362	1	1.45898	0.81042	0	
1228363	8286.18066	3303661405537	0.26036	0.43375	8285.91992	0.26074	10730	1	0.17397	0.25731	1	0.19990	0.45975	1	0.18693	0.35853	1	0.43856	0.54659	9.05357	1.03438	1	0.70348	0.57006	11.62065	1.03438	1	-0.01394	-0.01135	0.65219	0.00207	1	0.05395	-0.01604	0.68129	0.00381	1	1.45898	0.81042	0	
1228364	8286.18750	3303661471836	0.25859	0.43198	8285.91992	0.26758	10730	1	0.17397	0.25731	1	0.20158	0.46509	1	0.18778	0.36120	1	0.44381	0.55148	11.00252	1.03438	1	0.70711	0.57117	11.14638	1.02672	1	-0.01352	-0.01175	0.65551	0.00295	1	0.05255	-0.01586	0.65686	0.00308	1	1.45898	0.81042	0	
1228365	8286.19434	3303661538197	0.26221	0.43602	8285.91992	0.27441	10730	1	0.42982	0.65705	1	0.39101	0.54581	1	0.41042	0.60143	1	0.44421	0.55197	12.14805	1.02672	1	0.70794	0.57173	11.16954	1.01906	1	-0.01352	-0.01175	0.65551	0.00334	1	0.05255	-0.01586	0.65686	0.00317	1	1.45898	0.81042	0	
1228366	8286.20117	3303661605926	0.26477	0.43942	8285.91992	0.28125	10730	1	0.40497	0.58620	1	0.33984	0.57841	1	0.37241	0.58231	1	0.44423	0.55174	11.60472	1.01906	1	0.70754	0.57201	11.63339	1.01140	1	-0.01352	-0.01175	0.65551	0.00328	1	0.05255	-0.01586	0.65686	0.00335	1	1.45898	0.81042	0	
1228367	8286.20801	3303661672752	0.26721	0.44266	8285.91992	0.28809	10730	1	0.40490	0.58599	1	0.33981	0.57820	1	0.37235	0.58210	1	0.44580	0.55238	11.57347	1.01942	1	0.70926	0.57319	11.44498	1.01176	1	-0.01429	-0.01280	0.71113	0.00294	1	0.05395	-0.01635	0.67058	0.00309	1	1.45898	0.81042	0	
1228368	8286.21484	3303661739353	0.29055	0.47616	8285.91992	0.28809	10730	0	0.47858	0.62342	1	0.44851	0.66118	1	0.46354	0.64230	1	0.44582	0.55223	11.40120	1.01978	1	0.70938	0.57347	11.70112	1.01978	1	-0.01429	-0.01280	0.71113	0.00292	1	0.05395	-0.01635	0.67058	0.00304	1	1.45898	0.81042	0	
1228369	8286.22168	3303661808462	0.38132	0.56216	8285.91992	0.28809	10730	0	0.50353	0.62217	1	0.44064	0.67418	1	0.47208	0.64817	1	0.44583	0.55222	11.32256	1.02779	1	0.70927	0.57317	11.41541	1.02779	1	-0.01429	-0.01280	0.71113	0.00302	1	0.05395	-0.01635	0.67058	0.00308	1	1.45898	0.81042	0	
1228370	8286.22754	3303661875300	0.41141	0.58942	8285.91992	0.28809	10730	0	0.50250	0.61782	1	0.44068	0.67008	1	0.47159	0.64395	1	0.44589	0.55273	11.72600	1.03581	1	0.70916	0.57342	11.75395	1.03581	1	-0.01429	-0.01280	0.71113	0.00286	1	0.05395	-0.01635	0.67058	0.00299	1	1.45898	0.81042	0	
1228371	8286.23438	3303661942465	0.47171	0.65047	8285.91992	0.28809	10730	0	0.50542	0.65400	1	0.43750	0.66460	1	0.47146	0.65930	1	0.44597	0.55265	11.40519	1.03581	1	0.70918	0.57323	11.64012	1.03581	1	-0.01429	-0.01280	0.71113	0.00295	1	0.05395	-0.01635	0.67058	0.00306	1	1.45898	0.81042	0	
1228372	8286.24121	3303662008314	0.46713	0.65708	8285.91992	0.28809	10730	0	0.50861	0.64603	1	0.41647	0.68135	1	0.46254	0.66369	1	0.44591	0.55275	11.72179	1.03581	1	0.70923	0.57324	11.76790	1.03581	1	-0.01429	-0.01280	0.71113	0.00287	1	0.05395	-0.01635	0.67058	0.00303	1	1.45898	0.81042	0	
1228373	8286.24805	3303662074315	0.46560	0.65928	8285.91992	0.28809	10730	0	0.50861	0.64603	1	0.41647	0.68135	1	0.46254	0.66369	1	0.44606	0.55276	11.47239	1.03581	1	0.70932	0.57333	11.69815	1.03581	1	-0.01429	-0.01280	0.71113	0.00292	1	0.05395	-0.01635	0.67058	0.00303	1	1.45898	0.81042	0	
1228374	8286.25488	3303662143208	0.46324	0.66429	8286.23438	0.02051	10731	1	0.48582	0.65408	1	0.42650	0.70455	1	0.45616	0.67932	1	0.44595	0.55268	11.45243	1.03581	1	0.70937	0.57346	11.76767	1.03581	1	-0.01429	-0.01280	0.71113	0.00290	1	0.05395	-0.01635	0.67058	0.00296	1	1.45898	0.81042	0	
1228375	8286.26172	3303662210413	0.46660	0.66521	8286.23438	0.02734	10731	1	0.51668	0.65116	1	0.44346	0.68658	1	0.48007	0.66887	1	0.44598	0.55272	11.39159	1.03581	1	0.70962	0.57335	11.20500	1.03581	1	-0.01429	-0.01280	0.71113	0.00295	1	0.05395	-0.01635	0.67058	0.00320	1	1.45898	0.81042	0	
1228376	8286.26855	3303662277130	0.46885	0.66582	8286.23438	0.03418	10731	1	0.51668	0.65116	1	0.44346	0.68658	1	0.48007	0.66887	1	0.44602	0.55270	11.37322	1.03581	1	0.70989	0.57361	11.49013	1.03581	1	-0.01429	-0.01280	0.71113	0.00296	1	0.05353	-0.01619	0.66411	0.00302	1	1.45898	0.81042	0	
1228377	8286.27441	3303662344141	0.47139	0.66303	8286.23438	0.04004	10731	1	0.51274	0.62348	1	0.46054	0.66915	1	0.48664	0.64631	1	0.44603	0.55245	10.85607	1.03581	1	0.70993	0.57352	11.89147	1.03581	1	-0.01429	-0.01280	0.71113	0.00302	1	0.05353	-0.01619	0.66411	0.00304	1	1.45898	0.81042	0	
1228378	8286.28125	3303662409318	0.46976	0.66115	8286.23438	0.04688	10731	1	0.48324	0.63455	1	0.43348	0.66135	1	0.45836	0.64795	1	0.44594	0.55232	11.05792	1.03581	1	0.70981	0.57350	11.61565	1.03581	1	-0.01429	-0.01280	0.71113	0.00299	1	0.05353	-0.01619	0.66411	0.00304	1	1.45898	0.81042	0	
1228379	8286.28809	3303662478540	0.46849	0.65968	8286.23438	0.05371	10731	1	0.48324	0.63455	1	0.43348	0.66135	1	0.45836	0.64795	1	0.44590	0.55238	11.28409	1.03581	1	0.71024	0.57367	11.29191	1.03581	1	-0.01429	-0.01280	0.71113	0.00291	1	0.05306	-0.01609	0.65827	0.00310	1	1.45898	0.81042	0	
1228380	8286.29492	3303662545003	0.46767	0.65765	8286.23438	0.06055	10731	1	0.47476	0.67434	1	0.44570	0.60452	1	0.46023	0.63943	1	0.44583	0.55274	11.73165	1.03581	1	0.71001	0.57320	11.10555	1.03581	1	-0.01429	-0.01280	0.71113	0.00296	1	0.05306	-0.01609	0.65827	0.00290	1	1.45898	0.81042	0	
1228381	8286.30176	3303662611803	0.46719	0.65694	8286.23438	0.06738	10731	1	0.48042	0.65160	1	0.44439	0.64811	1	0.46240	0.64986	1	0.44580	0.55260	11.67274	1.03581	1	0.71001	0.57320	11.10555	1.03581	1	-0.01429	-0.01280	0.71113	0.00294	1	0.05306	-0.01609	0.65827	0.00290	1	1.45898	0.81042	0	
1228382	8286.30859	3303662679080	0.46679	0.65635	8286.23438	0.07422	10731	1	0.48042	0.65160	1	0.44439	0.64811	1	0.46240	0.64986	1	0.44583	0.55286	11.95929	1.03581	1	0.71014	0.57280	11.03921	1.03581	1	-0.01429	-0.01280	0.71113	0.00280	1	0.05306	-0.01609	0.65827	0.00306	1	1.45898	0.81042	0	
1228383	8286.31543	3303662746410	0.46569	0.65706	8286.23438	0.08105	10731	1	0.47374	0.66068	1	0.43131	0.67041	1	0.45252	0.66555	1	0.44580	0.55287	12.05433	1.03581	1	0.70987	0.57320	11.32818	1.03581	1	-0.01429	-0.01280	0.71113	0.00282	1	0.05306	-0.01609	0.65827	0.00300	1	1.45898	0.81042	0	
1228384	8286.32227	3303662813200	0.46593	0.65692	8286.23438	0.08789	10731	1	0.49855	0.63781	1	0.43943	0.67238	1	0.46899	0.65509	1	0.44636	0.55262	10.56927	1.03581	1	0.70998	0.57323	11.55722	1.03581	1	-0.01429	-0.01280	0.71113	0.00290	1	0.05306	-0.01609	0.65827	0.00292	1	1.45898	0.81042	0	
1228385	8286.32812	3303662880023	0.46617	0.65707	8286.23438	0.09375	10731	1	0.49961	0.64201	1	0.43940	0.67646	1	0.46950	0.65923	1	0.44623	0.55283	11.09475	1.02779	1	0.70998	0.57323	11.55722	1.02779	1	-0.01329	-0.01200	0.66364	0.00287	1	0.05306	-0.01609	0.65827	0.00292	1	1.45898	0.81042	0	
1228386	8286.33496	3303662947121	0.46620	0.65688	8286.23438	0.10059	10731	1	0.49615	0.66334	1	0.43729	0.64464	1	0.46672	0.65399	1	0.44605	0.55281	11.49533	1.01978	1	0.70988	0.57289	11.06604	1.01978	1	-0.01329	-0.01200	0.66364	0.00284	1	0.05306	-0.01609	0.65827	0.00310	1	1.45898	0.81042	0	
1228387	8286.34180	3303663014472	0.46647	0.65832	8286.23438	0.10742	10731	1	0.49921	0.66354	1	0.44224	0.69895	1	0.47072	0.68125	1	0.44605	0.55281	11.49533	1.01176	1	0.70996	0.57339	11.51813	1.01176	1	-0.01329	-0.01200	0.66364	0.00284	1	0.05306	-0.01609	0.65827	0.00307	1	1.45898	0.81042	0	
1228388	8286.34863	3303663081171	0.46673	0.65991	8286.23438	0.11426	10731	1	0.50030	0.66763	1	0.44213	0.70629	1	0.47121	0.68696	1	0.44605	0.55281	11.49533	1.00374	1	0.71008	0.57325	11.49541	0.99693	1	-0.01309	-0.01191	0.65877	0.00284	1	0.05190	-0.01573	0.64331	0.00309	1	1.45898	0.81042	0	
1228389	8286.35547	3303663147737	0.46679	0.66189	8286.23438	0.12109	10731	1	0.49911	0.67303	1	0.43667	0.72234	1	0.46789	0.69768	1	0.44607	0.55272	11.40516	0.99693	1	0.70995	0.57349	11.93098	0.99013	1	-0.01309	-0.01191	0.65877	0.00288	1	0.05190	-0.01573	0.64331	0.00293	1	1.45898	0.81042	0	
1228390	8286.36230	3303663214457	0.46718	0.66417	8286.23438	0.12793	10731	1	0.50351	0.70097	1	0.44567	0.71391	1	0.47459	0.70744	1	0.44608	0.55285	11.54613	0.99013	1	0.71017	0.57334	11.56010	0.98332	1	-0.01309	-0.01191	0.65877	0.00282	1	0.05190	-0.01573	0.64331	0.00306	1	1.45898	0.81042	0	
1228391	8286.36816	3303663277781	0.46753	0.66612	8286.23438	0.13379	10731	1	0.50335	0.70039	1	0.44576	0.70994	1	0.47455	0.70517	1	0.44604	0.55270	11.31749	0.99133	1	0.71019	0.57351	11.69127	0.99133	1	-0.01359	-0.01241	0.68655	0.00285	1	0.05313	-0.01608	0.65787	0.00298	1	1.45898	0.81042	0	
1228392	8286.37598	3303663350149	0.46741	0.66545	8286.23438	0.14160	10731	1	0.49600	0.66104	1	0.43374	0.64154	1	0.46487	0.65129	1	0.44602	0.55265	11.24892	0.99935	1	0.71022	0.57350	11.69449	1.00616	1	-0.01359	-0.01241	0.68655	0.00287	1	0.05313	-0.01608	0.65787	0.00303	1	1.45898	0.81042	0	
1228393	8286.38184	3303663413835	0.46708	0.66598	8286.23438	0.14746	10731	1	0.49939	0.67217	1	0.41995	0.68327	1	0.45967	0.67772	1	0.44617	0.55264	11.45451	1.01418	1	0.71009	0.57361	12.04673	1.02098	1	-0.01359	-0.01241	0.68655	0.00283	1	0.05313	-0.01608	0.65787	0.00296	1	1.45898	0.81042	0	
1228394	8286.38867	3303663483817	0.46672	0.66616	8286.23438	0.15430	10731	1	0.49739	0.66475	1	0.41974	0.67579	1	0.45857	0.67027	1	0.44649	0.55287	11.49295	1.02900	1	0.71025	0.57337	11.44740	1.03581	1	-0.01359	-0.01241	0.68655	0.00289	1	0.05313	-0.01608	0.65787	0.00301	1	1.45898	0.81042	0	
1228395	8286.39551	3303663550828	0.46757	0.66602	8286.23438	0.16113	10731	1	0.53055	0.67024	1	0.44526	0.65494	1	0.48791	0.66259	1	0.44657	0.55294	11.37634	1.03581	1	0.71046	0.57342	12.01487	1.03581	1	-0.01359	-0.01241	0.68655	0.00288	1	0.05313	-0.01608	0.65787	0.00305	1	1.45898	0.81042	0	
1228396	8286.40234	3303663618144	0.46793	0.66508	8286.23438	0.16797	10731	1	0.51422	0.65713	1	0.43976	0.62617	1	0.47699	0.64165	1	0.44640	0.55281	11.48075	1.03581	1	0.71035	0.57337	11.16021	1.03581	1	-0.01359	-0.01241	0.68655	0.00290	1	0.05313	-0.01608	0.65787	0.00305	1	1.45898	0.81042	0	
1228397	8286.40918	3303663683990	0.46827	0.66421	8286.23438	0.17480	10731	1	0.51422	0.65713	1	0.43976	0.62617	1	0.47699	0.64165	1	0.44666	0.55271	11.62284	1.03581	1	0.71070	0.57366	12.09120	1.03581	1	-0.01359	-0.01241	0.68655	0.00283	1	0.05304	-0.01603	0.65566	0.00295	1	1.45898	0.81042	0	
1228398	8286.41602	3303663750664	0.46778	0.66317	8286.23438	0.18164	10731	1	0.48233	0.64073	1	0.42691	0.62908	1	0.45462	0.63490	1	0.44711	0.55265	10.53887	1.03581	1	0.71091	0.57318	11.26592	1.03581	1	-0.01359	-0.01241	0.68655	0.00291	1	0.05304	-0.01603	0.65566	0.00322	1	1.45898	0.81042	0	
1228399	8286.42188	3303663817482	0.46753	0.66227	8286.23438	0.18750	10731	1	0.52978	0.70131	1	0.39163	0.57278	1	0.46071	0.63704	1	0.44812	0.55326	11.58475	1.03581	1	0.71107	0.57259	11.00846	1.03581	1	-0.01359	-0.01241	0.68655	0.00320	1	0.05304	-0.01603	0.65566	0.00356	1	1.45898	0.81042	0	
1228400	8286.42871	3303663884649	0.46731	0.66143	8286.23438	0.19434	10731	1	0.52978	0.70131	1	0.39163	0.57278	1	0.46071	0.63704	1	0.45016	0.55175	10.76375	1.03581	1	0.71389	0.57402	12.40476	1.03581	1	-0.01283	-0.01237	0.67878	0.00319	1	0.05972	-0.01786	0.73266	0.00307	1	1.45898	0.81042	0	
1228401	8286.43555	3303663952645	0.46979	0.66200	8286.23438	0.20117	10731	1	0.57801	0.65126	1	0.51071	0.70692	1	0.54436	0.67909	1	0.45048	0.55258	11.89050	1.03581	1	0.71426	0.57393	11.74010	1.03581	1	-0.01283	-0.01237	0.67878	0.00286	1	0.05972	-0.01786	0.73266	0.00300	1	1.45898	0.81042	0	
1228402	8286.44238	3303664017818	0.47180	0.66164	8286.23438	0.20801	10731	1	0.54528	0.62500	1	0.52247	0.67620	1	0.53388	0.65060	1	0.45052	0.55244	11.75074	1.03581	1	0.71441	0.57367	12.09514	1.03581	1	-0.01283	-0.01237	0.67878	0.00286	1	0.05972	-0.01786	0.73266	0.00296	1	1.45898	0.81042	0	
1228403	8286.44922	3303664086049	0.47368	0.66143	8286.23438	0.21484	10731	1	0.54601	0.62928	1	0.52181	0.68028	1	0.53391	0.65478	1	0.45149	0.55230	11.17466	1.02779	1	0.71461	0.57426	11.91949	1.02779	1	-0.01218	-0.01194	0.65764	0.00302	1	0.05509	-0.01643	0.67214	0.00307	1	1.45898	0.81042	0	
1228404	8286.45605	3303664153029	0.47665	0.66116	8286.23438	0.22168	10731	1	0.58287	0.61933	1	0.56669	0.68524	1	0.57478	0.65229	1	0.45147	0.55247	11.43596	1.01978	1	0.71525	0.57409	11.37858	1.01978	1	-0.01218	-0.01194	0.65764	0.00292	1	0.05509	-0.01643	0.67214	0.00300	1	1.45898	0.81042	0	
1228405	8286.46289	3303664219486	0.47914	0.66108	8286.23438	0.22852	10731	1	0.58200	0.63465	1	0.54525	0.68180	1	0.56362	0.65823	1	0.45146	0.55237	11.23450	1.01176	1	0.71522	0.57406	11.48436	1.01176	1	-0.01218	-0.01194	0.65764	0.00276	1	0.05509	-0.01643	0.67214	0.00296	1	1.45898	0.81042	0	
1228406	8286.46875	3303664286636	0.51101	0.65067	8286.23438	0.22852	10731	0	0.58200	0.63465	1	0.54525	0.68180	1	0.56362	0.65823	1	0.45190	0.55224	11.52122	1.01176	1	0.71517	0.57440	12.27587	1.01176	1	-0.01274	-0.01244	0.68515	0.00284	1	0.05509	-0.01643	0.67214	0.00305	1	1.45898	0.81042	0	
1228407	8286.47559	3303664353854	0.54521	0.67129	8286.23438	0.22852	10731	0	0.60233	0.63416	1	0.55649	0.74964	1	0.57941	0.69190	1	0.45170	0.55253	11.60972	1.01978	1	0.71544	0.57442	12.14875	1.01978	1	-0.01274	-0.01244	0.68515	0.00286	1	0.05509	-0.01643	0.67214	0.00298	1	1.45898	0.81042	0	
1228408	8286.48242	3303664420567	0.55771	0.66116	8286.23438	0.22852	10731	0	0.61644	0.57550	1	0.54899	0.70631	1	0.58271	0.64091	1	0.45195	0.55217	11.66801	1.02779	1	0.71531	0.57443	12.57987	1.02779	1	-0.01274	-0.01244	0.68515	0.00291	1	0.05509	-0.01643	0.67214	0.00299	1	1.45898	0.81042	0	
1228409	8286.48926	3303664487412	0.56396	0.65610	8286.46875	0.02051	10732	1	0.61644	0.57550	1	0.54899	0.70631	1	0.58271	0.64091	1	0.45175	0.55227	10.97591	1.02779	1	0.71551	0.57431	12.40966	1.02779	1	-0.01218	-0.01194	0.65764	0.00310	1	0.05376	-0.01606	0.65483	0.00303	1	1.45898	0.81042	0	
1228410	8286.49609	3303664554266	0.56702	0.65542	8286.46875	0.02734	10732	1	0.61945	0.60485	1	0.53907	0.70056	1	0.57926	0.65271	1	0.45200	0.55222	10.72882	1.01978	1	0.71549	0.57414	11.91266	1.01978	1	-0.01218	-0.01194	0.65764	0.00296	1	0.05376	-0.01606	0.65483	0.00305	1	1.45898	0.81042	0	
1228411	8286.50293	3303664621566	0.56860	0.65679	8286.46875	0.03418	10732	1	0.61732	0.59122	1	0.53564	0.73607	1	0.57648	0.66365	1	0.45203	0.55206	10.74102	1.01176	1	0.71554	0.57412	12.15622	1.01176	1	-0.01218	-0.01194	0.65764	0.00303	1	0.05376	-0.01606	0.65483	0.00302	1	1.45898	0.81042	0	
1228412	8286.50977	3303664688653	0.56965	0.65889	8286.46875	0.04102	10732	1	0.61774	0.59997	1	0.53416	0.74308	1	0.57595	0.67152	1	0.45220	0.55237	11.41502	0.99662	1	0.71544	0.57410	11.95788	0.99662	1	-0.01175	-0.01151	0.63702	0.00292	1	0.05376	-0.01606	0.65483	0.00309	1	1.45898	0.81042	0	
1228413	8286.51562	3303664755108	0.57101	0.65894	8286.46875	0.04688	10732	1	0.62311	0.62247	1	0.53800	0.69606	1	0.58056	0.65927	1	0.45221	0.55237	11.39518	0.98949	1	0.71554	0.57409	12.17343	0.98949	1	-0.01175	-0.01151	0.63702	0.00291	1	0.05376	-0.01606	0.65483	0.00301	1	1.45898	0.81042	0	
1228414	8286.52246	3303664822097	0.57230	0.66216	8286.46875	0.05371	10732	1	0.62981	0.63207	1	0.53548	0.74378	1	0.58264	0.68793	1	0.45220	0.55237	11.41502	0.98236	1	0.71554	0.57409	12.17343	0.98236	1	-0.01175	-0.01151	0.63702	0.00292	1	0.05376	-0.01606	0.65483	0.00301	1	1.45898	0.81042	0	
1228415	8286.52930	3303664889644	0.57331	0.66510	8286.46875	0.06055	10732	1	0.62993	0.63601	1	0.53476	0.74712	1	0.58234	0.69157	1	0.45220	0.55237	11.41502	0.97524	1	0.71576	0.57401	11.72088	0.97524	1	-0.01187	-0.01158	0.64345	0.00292	1	0.05407	-0.01610	0.65854	0.00299	1	1.45898	0.81042	0	
1228416	8286.53613	3303664956054	0.57325	0.66490	8286.46875	0.06738	10732	1	0.61315	0.60559	1	0.53211	0.72007	1	0.57263	0.66283	1	0.45206	0.55220	11.01607	0.97524	1	0.71551	0.57395	11.46701	0.97524	1	-0.01187	-0.01158	0.64345	0.00297	1	0.05407	-0.01610	0.65854	0.00307	1	1.45898	0.81042	0	
1228417	8286.54297	3303665023212	0.57287	0.66641	8286.46875	0.07422	10732	1	0.61607	0.61518	1	0.52131	0.75087	1	0.56869	0.68302	1	0.45206	0.55220	11.01607	0.97524	1	0.71536	0.57411	11.71591	0.97524	1	-0.01187	-0.01158	0.64345	0.00297	1	0.05407	-0.01610	0.65854	0.00309	1	1.45898	0.81042	0	
1228418	8286.54980	3303665090610	0.57259	0.66726	8286.46875	0.08105	10732	1	0.61585	0.61108	1	0.52259	0.74401	1	0.56922	0.67754	1	0.45209	0.55242	11.65614	0.98236	1	0.71525	0.57423	12.07471	0.99002	1	-0.01196	-0.01172	0.65108	0.00289	1	0.05610	-0.01664	0.68259	0.00318	1	1.45898	0.81042	0	
1228419	8286.55566	3303665154743	0.57330	0.66659	8286.46875	0.08691	10732	1	0.62808	0.61343	1	0.53718	0.70232	1	0.58263	0.65787	1	0.45210	0.55226	11.48596	0.99715	1	0.71558	0.57419	11.97194	1.00481	1	-0.01196	-0.01172	0.65108	0.00299	1	0.05610	-0.01664	0.68259	0.00304	1	1.45898	0.81042	0	
1228420	8286.56250	3303665222069	0.57344	0.66566	8286.46875	0.09375	10732	1	0.62802	0.61830	1	0.52259	0.68681	1	0.57531	0.65256	1	0.45209	0.55242	11.65614	1.01193	1	0.71534	0.57425	12.04729	1.01959	1	-0.01196	-0.01172	0.65108	0.00289	1	0.05610	-0.01664	0.68259	0.00314	1	1.45898	0.81042	0	
1228421	8286.56934	3303665286635	0.57358	0.66435	8286.46875	0.10059	10732	1	0.62775	0.61017	1	0.52383	0.67931	1	0.57579	0.64474	1	0.45235	0.55240	11.37741	1.02672	1	0.71556	0.57421	11.85760	1.03438	1	-0.01196	-0.01172	0.65108	0.00294	1	0.05593	-0.01664	0.68064	0.00310	1	1.45898	0.81042	0	
1228422	8286.57617	3303665356147	0.57434	0.66412	8286.46875	0.10742	10732	1	0.62251	0.59558	1	0.55048	0.72516	1	0.58649	0.66037	1	0.45206	0.55239	11.53915	1.03438	1	0.71572	0.57423	11.46399	1.03438	1	-0.01196	-0.01172	0.65108	0.00290	1	0.05593	-0.01664	0.68064	0.00311	1	1.45898	0.81042	0	
1228423	8286.58301	3303665423568	0.57490	0.66340	8286.46875	0.11426	10732	1	0.62466	0.61601	1	0.54394	0.68652	1	0.58430	0.65126	1	0.45208	0.55228	11.51040	1.03438	1	0.71568	0.57428	11.87138	1.03438	1	-0.01196	-0.01172	0.65108	0.00300	1	0.05593	-0.01664	0.68064	0.00301	1	1.45898	0.81042	0	
1228424	8286.58887	3303665488271	0.57537	0.66286	8286.46875	0.12012	10732	1	0.62466	0.61601	1	0.54315	0.69036	1	0.58391	0.65318	1	0.45227	0.55218	11.16731	1.03438	1	0.71574	0.57415	11.56617	1.02672	1	-0.01196	-0.01172	0.65108	0.00303	1	0.05407	-0.01610	0.65854	0.00312	1	1.45898	0.81042	0	
1228425	8286.59570	3303665556447	0.57570	0.66279	8286.46875	0.12695	10732	1	0.63088	0.59315	1	0.53302	0.72952	1	0.58195	0.66134	1	0.45221	0.55218	11.24329	1.02672	1	0.71547	0.57422	11.93377	1.01906	1	-0.01196	-0.01172	0.65108	0.00301	1	0.05407	-0.01610	0.65854	0.00316	1	1.45898	0.81042	0	
1228426	8286.60352	3303665626851	0.57621	0.66214	8286.46875	0.13477	10732	1	0.62869	0.61503	1	0.54418	0.68324	1	0.58643	0.64913	1	0.45227	0.55237	11.31577	1.01906	1	0.71558	0.57415	11.70576	1.01140	1	-0.01196	-0.01172	0.65108	0.00293	1	0.05407	-0.01610	0.65854	0.00301	1	1.45898	0.81042	0	
1228427	8286.60938	3303665691248	0.57668	0.66164	8286.46875	0.14062	10732	1	0.62882	0.61924	1	0.54418	0.68324	1	0.58650	0.65124	1	0.45231	0.55212	11.05318	1.01140	1	0.71555	0.57405	11.65880	1.01140	1	-0.01196	-0.01172	0.65108	0.00305	1	0.05610	-0.01664	0.68259	0.00303	1	1.45898	0.81042	0	
1228428	8286.61621	3303665756644	0.57693	0.66235	8286.46875	0.14746	10732	1	0.62556	0.60937	1	0.53935	0.74639	1	0.58245	0.67788	1	0.45216	0.55202	11.47717	1.01140	1	0.71563	0.57429	12.17609	1.01906	1	-0.01196	-0.01172	0.65108	0.00308	1	0.05610	-0.01664	0.68259	0.00306	1	1.45898	0.81042	0	
1228429	8286.62305	3303665826800	0.57724	0.66234	8286.46875	0.15430	10732	1	0.62573	0.59507	1	0.54306	0.72929	1	0.58440	0.66218	1	0.45216	0.55202	11.47717	1.01906	1	0.71570	0.57409	11.40121	1.02672	1	-0.01196	-0.01172	0.65108	0.00308	1	0.05610	-0.01664	0.68259	0.00315	1	1.45898	0.81042	0	
1228430	8286.62988	3303665894273	0.57753	0.66232	8286.46875	0.16113	10732	1	0.62572	0.59477	1	0.54311	0.72904	1	0.58442	0.66191	1	0.45210	0.55226	11.48596	1.01959	1	0.71578	0.57422	11.22905	1.02725	1	-0.01187	-0.01158	0.64345	0.00299	1	0.05610	-0.01664	0.68259	0.00313	1	1.45898	0.81042	0	
1228431	8286.63672	3303665961461	0.57734	0.66299	8286.46875	0.16797	10732	1	0.61473	0.63654	1	0.53059	0.72294	1	0.57266	0.67974	1	0.45189	0.55227	11.27731	1.02013	1	0.71543	0.57412	11.82025	1.02013	1	-0.01187	-0.01158	0.64345	0.00296	1	0.05610	-0.01664	0.68259	0.00306	1	1.45898	0.81042	0	
1228432	8286.64355	3303666028076	0.57706	0.66379	8286.46875	0.17480	10732	1	0.61345	0.64129	1	0.52612	0.72764	1	0.56978	0.68447	1	0.45192	0.55211	11.09129	1.01300	1	0.71545	0.57417	12.09539	1.01300	1	-0.01187	-0.01158	0.64345	0.00310	1	0.05610	-0.01664	0.68259	0.00305	1	1.45898	0.81042	0	
1228433	8286.65039	3303666095009	0.57678	0.66472	8286.46875	0.18164	10732	1	0.61367	0.64505	1	0.52481	0.73459	1	0.56924	0.68982	1	0.45215	0.55198	11.34944	1.00588	1	0.71553	0.57408	11.92078	0.99822	1	-0.01187	-0.01158	0.64345	0.00312	1	0.05376	-0.01596	0.65483	0.00297	1	1.45898	0.81042	0	
1228434	8286.65625	3303666162147	0.57714	0.66529	8286.46875	0.18750	10732	1	0.62772	0.62881	1	0.54688	0.73394	1	0.58730	0.68137	1	0.45214	0.55226	11.54035	0.99822	1	0.71572	0.57398	11.72243	0.99056	1	-0.01187	-0.01158	0.64345	0.00299	1	0.05376	-0.01596	0.65483	0.00306	1	1.45898	0.81042	0	
1228435	8286.66309	3303666229424	0.57717	0.66599	8286.46875	0.19434	10732	1	0.62066	0.64049	1	0.53509	0.73190	1	0.57788	0.68619	1	0.45215	0.55198	11.34944	0.99056	1	0.71564	0.57398	11.72050	0.98290	1	-0.01187	-0.01158	0.64345	0.00312	1	0.05376	-0.01596	0.65483	0.00300	1	1.45898	0.81042	0	
1228436	8286.66992	3303666296139	0.57719	0.66665	8286.46875	0.20117	10732	1	0.62068	0.64077	1	0.53504	0.73216	1	0.57786	0.68647	1	0.45206	0.55200	11.17167	0.99002	1	0.71549	0.57399	11.61273	0.98236	1	-0.01213	-0.01174	0.65480	0.00312	1	0.05376	-0.01596	0.65483	0.00305	1	1.45898	0.81042	0	
1228437	8286.67676	3303666363105	0.57732	0.66639	8286.46875	0.20801	10732	1	0.62770	0.60240	1	0.53470	0.71406	1	0.58120	0.65823	1	0.45215	0.55198	11.34944	0.98949	1	0.71548	0.57385	11.20884	0.98949	1	-0.01213	-0.01174	0.65480	0.00312	1	0.05376	-0.01596	0.65483	0.00319	1	1.45898	0.81042	0	
1228438	8286.68359	3303666430163	0.57691	0.66685	8286.46875	0.21484	10732	1	0.61197	0.64448	1	0.51574	0.71906	1	0.56385	0.68177	1	0.45183	0.55197	10.80260	0.99662	1	0.71529	0.57397	11.15389	0.99662	1	-0.01213	-0.01174	0.65480	0.00316	1	0.05376	-0.01596	0.65483	0.00331	1	1.45898	0.81042	0	
1228439	8286.69043	3303666497346	0.57653	0.66719	8286.46875	0.22168	10732	1	0.61173	0.64068	1	0.51630	0.71560	1	0.56402	0.67814	1	0.45196	0.55214	10.35579	1.00374	1	0.71548	0.57385	11.20884	1.00374	1	-0.01213	-0.01174	0.65480	0.00310	1	0.05376	-0.01596	0.65483	0.00318	1	1.45898	0.81042	0	
1228440	8286.69727	3303666564652	0.57639	0.66699	8286.46875	0.22852	10732	1	0.61193	0.61828	1	0.53137	0.70219	1	0.57165	0.66024	1	0.45199	0.55180	10.31976	1.00374	1	0.71551	0.57373	11.65834	1.00374	1	-0.01213	-0.01174	0.65480	0.00324	1	0.05376	-0.01596	0.65483	0.00295	1	1.45898	0.81042	0	
1228441	8286.70312	3303666631027	0.57627	0.66878	8286.46875	0.23438	10732	1	0.58779	0.75184	1	0.55635	0.71098	1	0.57207	0.73141	1	0.45138	0.55261	11.81282	1.00374	1	0.71580	0.57383	11.53903	1.00374	1	-0.01213	-0.01174	0.65480	0.00303	1	0.05376	-0.01596	0.65483	0.00301	1	1.45898	0.81042	0	
1228442	8286.70996	3303666697928	0.57616	0.67037	8286.46875	0.24121	10732	1	0.58735	0.74845	1	0.55730	0.70703	1	0.57232	0.72774	1	0.45178	0.55189	10.93370	1.01176	1	0.71580	0.57383	11.53903	1.01176	1	-0.01245	-0.01201	0.66979	0.00317	1	0.05376	-0.01596	0.65483	0.00301	1	1.45898	0.81042	0	
1228443	8286.71680	3303666765178	0.57604	0.67098	8286.46875	0.24805	10732	1	0.60890	0.64865	1	0.53418	0.73876	1	0.57154	0.69371	1	0.45189	0.55160	10.29220	1.01978	1	0.71551	0.57371	11.17896	1.01978	1	-0.01245	-0.01201	0.66979	0.00325	1	0.05376	-0.01596	0.65483	0.00307	1	1.45898	0.81042	0	
1228444	8286.72363	3303666832234	0.57608	0.67191	8286.46875	0.25488	10732	1	0.60836	0.65188	1	0.54653	0.76239	1	0.57744	0.70714	1	0.45174	0.55191	10.91574	1.02779	1	0.71580	0.57407	12.24129	1.02779	1	-0.01245	-0.01201	0.66979	0.00312	1	0.05376	-0.01596	0.65483	0.00288	1	1.45898	0.81042	0	
1228445	8286.73047	3303666898877	0.57612	0.67270	8286.46875	0.26172	10732	1	0.60807	0.64779	1	0.54738	0.75894	1	0.57773	0.70337	1	0.45164	0.55212	11.00901	1.03581	1	0.71547	0.57383	12.55975	1.03581	1	-0.01245	-0.01201	0.66979	0.00295	1	0.05376	-0.01596	0.65483	0.00299	1	1.45898	0.81042	0	
1228446	8286.73730	3303666965926	0.57584	0.67301	8286.46875	0.26855	10732	1	0.60134	0.65517	1	0.52812	0.71602	1	0.56473	0.68559	1	0.45161	0.55202	11.72905	1.03581	1	0.71535	0.57354	11.77104	1.03581	1	-0.01245	-0.01201	0.66979	0.00295	1	0.05376	-0.01596	0.65483	0.00306	1	1.45898	0.81042	0	
1228447	8286.74414	3303667033130	0.57577	0.67360	8286.46875	0.27539	10732	1	0.59162	0.67362	1	0.55442	0.72201	1	0.57302	0.69781	1	0.45164	0.55199	11.55033	1.03581	1	0.71573	0.57362	11.28197	1.03581	1	-0.01245	-0.01201	0.66979	0.00289	1	0.05376	-0.01596	0.65483	0.00298	1	1.45898	0.81042	0	
1228448	8286.75098	3303667100230	0.57571	0.67417	8286.46875	0.28223	10732	1	0.59162	0.67362	1	0.55442	0.72201	1	0.57302	0.69781	1	0.45177	0.55201	11.69922	1.03581	1	0.71554	0.57353	11.45128	1.03581	1	-0.01245	-0.01201	0.66979	0.00286	1	0.05407	-0.01600	0.65854	0.00300	1	1.45898	0.81042	0	
1228449	8286.75684	3303667166388	0.57547	0.67431	8286.46875	0.28809	10732	1	0.60346	0.64046	1	0.52694	0.72049	1	0.56520	0.68048	1	0.45188	0.55193	10.71992	1.03581	1	0.71539	0.57355	11.85393	1.03581	1	-0.01245	-0.01201	0.66979	0.00292	1	0.05407	-0.01600	0.65854	0.00303	1	1.45898	0.81042	0	
1228450	8286.76367	3303667233753	0.57547	0.67365	8286.46875	0.29492	10732	1	0.62044	0.59193	1	0.53059	0.69734	1	0.57552	0.64463	1	0.45210	0.55110	10.63838	1.03581	1	0.71550	0.57330	11.68234	1.03581	1	-0.01245	-0.01201	0.66979	0.00326	1	0.05407	-0.01600	0.65854	0.00297	1	1.45898	0.81042	0	
1228451	8286.77051	3303667300659	0.57547	0.67311	8286.46875	0.30176	10732	1	0.62064	0.59645	1	0.52987	0.70126	1	0.57525	0.64885	1	0.45178	0.55183	10.99182	1.02779	1	0.71531	0.57330	11.71870	1.02779	1	-0.01218	-0.01174	0.65764	0.00295	1	0.05376	-0.01586	0.65483	0.00311	1	1.45898	0.81042	0	
1228452	8286.77734	3303667368497	0.57506	0.67266	8286.46875	0.30859	10732	1	0.59746	0.60104	1	0.51527	0.70274	1	0.55636	0.65189	1	0.45166	0.55158	10.85942	1.01978	1	0.71521	0.57330	11.84306	1.01978	1	-0.01218	-0.01174	0.65764	0.00288	1	0.05376	-0.01586	0.65483	0.00314	1	1.45898	0.81042	0	
1228453	8286.78418	3303667435015	0.57491	0.67240	8286.46875	0.31543	10732	1	0.60978	0.62499	1	0.52588	0.69549	1	0.56783	0.66024	1	0.45193	0.55160	11.12586	1.01176	1	0.71540	0.57318	11.70374	1.01176	1	-0.01218	-0.01174	0.65764	0.00282	1	0.05376	-0.01586	0.65483	0.00327	1	1.45898	0.81042	0	
1228454	8286.79102	3303667502041	0.57609	0.67269	8286.46875	0.32227	10732	1	0.61006	0.62936	1	0.52518	0.69952	1	0.56762	0.66444	1	0.45199	0.55159	11.11635	1.00374	1	0.71553	0.57319	11.80394	1.00374	1	-0.01218	-0.01174	0.65764	0.00283	1	0.05376	-0.01586	0.65483	0.00306	1	1.45898	0.81042	0	
1228455	8286.79785	3303667569132	0.57614	0.67196	8286.46875	0.32910	10732	1	0.62581	0.63161	1	0.53744	0.68224	1	0.58162	0.65693	1	0.45204	0.55152	11.34922	1.00374	1	0.71566	0.57319	11.80891	1.00374	1	-0.01218	-0.01174	0.65764	0.00284	1	0.05376	-0.01586	0.65483	0.00294	1	1.45898	0.81042	0	
1228456	8286.80371	3303667636286	0.57594	0.67289	8286.46875	0.33496	10732	1	0.61158	0.65420	1	0.53508	0.71710	1	0.57333	0.68565	1	0.45184	0.55171	10.88001	1.00374	1	0.71546	0.57327	11.93593	1.00374	1	-0.01218	-0.01174	0.65764	0.00281	1	0.05376	-0.01586	0.65483	0.00297	1	1.45898	0.81042	0	
1228457	8286.81055	3303667703397	0.57575	0.67374	8286.46875	0.34180	10732	1	0.61132	0.65003	1	0.53587	0.71321	1	0.57359	0.68162	1	0.45165	0.55163	10.43742	1.01176	1	0.71551	0.57320	11.85783	1.01176	1	-0.01262	-0.01211	0.67845	0.00287	1	0.05376	-0.01586	0.65483	0.00301	1	1.45898	0.81042	0	
1228458	8286.81738	3303667769257	0.57546	0.67385	8286.46875	0.34863	10732	1	0.59970	0.63830	1	0.53114	0.67816	1	0.56542	0.65823	1	0.45170	0.55150	10.33078	1.01978	1	0.71549	0.57311	11.63033	1.01978	1	-0.01262	-0.01211	0.67845	0.00293	1	0.05376	-0.01586	0.65483	0.00303	1	1.45898	0.81042	0	
1228459	8286.82422	3303667836730	0.57520	0.67340	8286.46875	0.35547	10732	1	0.59955	0.60748	1	0.52860	0.67649	1	0.56407	0.64198	1	0.45172	0.55133	10.23989	1.02779	1	0.71543	0.57317	11.64446	1.02779	1	-0.01262	-0.01211	0.67845	0.00309	1	0.05376	-0.01586	0.65483	0.00303	1	1.45898	0.81042	0	
1228460	8286.83105	3303667903937	0.57496	0.67279	8286.46875	0.36230	10732	1	0.59955	0.60748	1	0.52860	0.67649	1	0.56407	0.64198	1	0.45193	0.55133	10.59493	1.02779	1	0.71587	0.57329	11.37389	1.02779	1	-0.01218	-0.01174	0.65764	0.00296	1	0.05376	-0.01586	0.65483	0.00297	1	1.45898	0.81042	0	
1228461	8286.83789	3303667970840	0.57504	0.67261	8286.46875	0.36914	10732	1	0.61370	0.61065	1	0.55563	0.69047	1	0.58466	0.65056	1	0.45196	0.55114	10.76564	1.01978	1	0.71587	0.57325	11.66647	1.01978	1	-0.01218	-0.01174	0.65764	0.00305	1	0.05376	-0.01586	0.65483	0.00298	1	1.45898	0.81042	0	
1228462	8286.84473	3303668037624	0.57504	0.67224	8286.46875	0.37598	10732	1	0.60884	0.63505	1	0.55594	0.70573	1	0.58239	0.67039	1	0.45179	0.55165	10.74771	1.01176	1	0.71579	0.57325	11.44378	1.01176	1	-0.01218	-0.01174	0.65764	0.00286	1	0.05376	-0.01586	0.65483	0.00299	1	1.45898	0.81042	0	
1228463	8286.85059	3303668104523	0.57503	0.67188	8286.46875	0.38184	10732	1	0.60912	0.63934	1	0.55500	0.70969	1	0.58206	0.67451	1	0.45202	0.55158	11.17439	1.00374	1	0.71565	0.57336	11.40761	1.00374	1	-0.01218	-0.01174	0.65764	0.00286	1	0.05376	-0.01586	0.65483	0.00298	1	1.45898	0.81042	0	
1228464	8286.85742	3303668167698	0.57530	0.67174	8286.46875	0.38867	10732	1	0.61809	0.60654	1	0.55323	0.70509	1	0.58566	0.65581	1	0.45204	0.55125	10.98316	1.00374	1	0.71568	0.57331	11.32462	1.00374	1	-0.01218	-0.01174	0.65764	0.00300	1	0.05376	-0.01586	0.65483	0.00303	1	1.45898	0.81042	0	
1228465	8286.86426	3303668238784	0.57570	0.67166	8286.46875	0.39551	10732	1	0.62398	0.64264	1	0.55123	0.71600	1	0.58761	0.67932	1	0.45200	0.55154	11.21633	1.00374	1	0.71571	0.57341	11.49173	1.00374	1	-0.01218	-0.01174	0.65764	0.00283	1	0.05376	-0.01586	0.65483	0.00297	1	1.45898	0.81042	0	
1228466	8286.87109	3303668305522	0.57608	0.67170	8286.46875	0.40234	10732	1	0.62398	0.64264	1	0.55123	0.71600	1	0.58761	0.67932	1	0.45217	0.55171	11.54134	1.00374	1	0.71576	0.57334	11.38903	1.00374	1	-0.01218	-0.01174	0.65764	0.00279	1	0.05376	-0.01586	0.65483	0.00304	1	1.45898	0.81042	0	
1228467	8286.87793	3303668372665	0.57613	0.67202	8286.46875	0.40918	10732	1	0.61240	0.63747	1	0.55743	0.70898	1	0.58492	0.67323	1	0.45190	0.55142	10.82237	1.00374	1	0.71587	0.57333	11.04406	1.00374	1	-0.01218	-0.01174	0.65764	0.00294	1	0.05376	-0.01586	0.65483	0.00292	1	1.45898	0.81042	0	
1228468	8286.88477	3303668439724	0.57592	0.67272	8286.46875	0.41602	10732	1	0.59933	0.63083	1	0.53162	0.74165	1	0.56548	0.68624	1	0.45177	0.55164	10.65405	1.00374	1	0.71548	0.57369	11.31303	1.00374	1	-0.01218	-0.01174	0.65764	0.00286	1	0.05376	-0.01586	0.65483	0.00310	1	1.45898	0.81042	0	
1228469	8286.89160	3303668506773	0.57571	0.67355	8286.46875	0.42285	10732	1	0.59933	0.63083	1	0.53235	0.73813	1	0.56584	0.68448	1	0.45180	0.55180	10.41294	1.00374	1	0.71561	0.57343	11.45170	1.01140	1	-0.01218	-0.01174	0.65764	0.00285	1	0.05593	-0.01654	0.68064	0.00307	1	1.45898	0.81042	0	
1228470	8286.89746	3303668573173	0.57566	0.67385	8286.46875	0.42871	10732	1	0.61199	0.60981	1	0.55601	0.73962	1	0.58400	0.67471	1	0.45189	0.55144	10.80412	1.01140	1	0.71582	0.57367	11.32870	1.01906	1	-0.01218	-0.01174	0.65764	0.00292	1	0.05593	-0.01654	0.68064	0.00306	1	1.45898	0.81042	0	
1228471	8286.90430	3303668640243	0.57560	0.67522	8286.46875	0.43555	10732	1	0.62262	0.68436	1	0.54045	0.75020	1	0.58153	0.71728	1	0.45202	0.55171	11.56988	1.01906	1	0.71600	0.57376	11.35558	1.02672	1	-0.01218	-0.01174	0.65764	0.00282	1	0.05593	-0.01654	0.68064	0.00294	1	1.45898	0.81042	0	
1228472	8286.91113	3303668707474	0.57555	0.67652	8286.46875	0.44238	10732	1	0.62244	0.68067	1	0.54045	0.75020	1	0.58145	0.71544	1	0.45288	0.55099	11.36872	1.02672	1	0.71715	0.57277	11.31462	1.02672	1	-0.01199	-0.01165	0.65798	0.00297	1	0.05442	-0.01590	0.66038	0.00318	1	1.45898	0.81042	0	
1228473	8286.91797	3303668775113	0.57647	0.67672	8286.46875	0.44922	10732	1	0.64611	0.59929	1	0.60549	0.74259	1	0.62580	0.67094	1	0.45362	0.55020	11.23574	1.02672	1	0.71736	0.57256	12.13883	1.01906	1	-0.01199	-0.01165	0.65798	0.00309	1	0.05442	-0.01590	0.66038	0.00302	1	1.45898	0.81042	0	
1228474	8286.92480	3303668841675	0.57676	0.67779	8286.46875	0.45605	10732	1	0.62463	0.62059	1	0.57664	0.78080	1	0.60063	0.70069	1	0.45369	0.55027	11.16151	1.01906	1	0.71737	0.57250	12.23914	1.01140	1	-0.01199	-0.01165	0.65798	0.00304	1	0.05442	-0.01590	0.66038	0.00296	1	1.45898	0.81042	0	
1228475	8286.93164	3303668908575	0.57707	0.67879	8286.46875	0.46289	10732	1	0.62462	0.62040	1	0.57774	0.77743	1	0.60118	0.69891	1	0.45517	0.54864	10.81013	1.01942	1	0.71889	0.57086	11.28582	1.01942	1	-0.01202	-0.01176	0.67904	0.00362	1	0.05540	-0.01594	0.67043	0.00390	1	1.45898	0.81042	0	
1228476	8286.93750	3303668974871	0.57856	0.67744	8286.46875	0.46875	10732	1	0.66128	0.54219	1	0.64661	0.68417	1	0.65395	0.61318	1	0.45526	0.54848	10.82095	1.02743	1	0.71890	0.57075	11.31765	1.03509	1	-0.01202	-0.01176	0.67904	0.00332	1	0.05540	-0.01594	0.67043	0.00353	1	1.45898	0.81042	0	
1228477	8286.94531	3303669044243	0.58005	0.67610	8286.46875	0.47656	10732	1	0.67433	0.52839	1	0.63770	0.66756	1	0.65602	0.59798	1	0.45544	0.54860	11.31430	1.04311	1	0.71860	0.57056	11.41405	1.05077	1	-0.01202	-0.01176	0.67904	0.00327	1	0.05540	-0.01594	0.67043	0.00370	1	1.45898	0.81042	0	
1228478	8286.95117	3303669109813	0.58156	0.67463	8286.46875	0.48242	10732	1	0.67467	0.51871	1	0.63921	0.66342	1	0.65694	0.59106	1	0.45599	0.54815	11.30702	1.05879	1	0.71888	0.57068	11.58138	1.05879	1	-0.01175	-0.01155	0.66958	0.00349	1	0.05449	-0.01554	0.65769	0.00363	1	1.45898	0.81042	0	
1228479	8286.95801	3303669173393	0.61229	0.65750	8286.46875	0.48242	10732	0	0.70639	0.45328	1	0.64291	0.62494	1	0.67465	0.53911	1	0.45599	0.54793	11.17720	1.05879	1	0.71877	0.57060	11.30143	1.05113	1	-0.01175	-0.01155	0.66958	0.00349	1	0.05449	-0.01554	0.65769	0.00369	1	1.45898	0.81042	0	
1228480	8286.96484	3303669238846	0.64284	0.60230	8286.46875	0.48242	10732	0	0.70584	0.44998	1	0.64093	0.64423	1	0.67338	0.54711	1	0.45593	0.54758	10.83905	1.05113	1	0.71874	0.57072	11.78378	1.04347	1	-0.01175	-0.01155	0.66958	0.00362	1	0.05449	-0.01554	0.65769	0.00370	1	1.45898	0.81042	0	
1228481	8286.97168	3303669309496	0.65271	0.58547	8286.46875	0.48242	10732	0	0.70548	0.45523	1	0.63945	0.64839	1	0.67247	0.55181	1	0.45593	0.54805	10.98652	1.04347	1	0.71873	0.57054	11.38712	1.03581	1	-0.01202	-0.01171	0.67903	0.00340	1	0.05445	-0.01557	0.65717	0.00372	1	1.45898	0.81042	0	
1228482	8286.97852	3303669376044	0.67452	0.55275	8286.46875	0.48242	10732	0	0.71215	0.49746	1	0.64327	0.62122	1	0.67771	0.55934	1	0.45600	0.54826	11.24515	1.03581	1	0.71879	0.57049	11.21652	1.03581	1	-0.01202	-0.01171	0.67903	0.00335	1	0.05445	-0.01557	0.65717	0.00369	1	1.45898	0.81042	0	
1228483	8286.98438	3303669440807	0.68417	0.56461	8286.46875	0.48242	10732	0	0.74436	0.53173	1	0.64327	0.62122	1	0.69381	0.57647	1	0.45605	0.54854	11.17262	1.03581	1	0.71879	0.57048	11.20244	1.03581	1	-0.01202	-0.01171	0.67903	0.00360	1	0.05445	-0.01557	0.65717	0.00369	1	1.45898	0.81042	0	
1228484	8286.99121	3303669508842	0.68738	0.56857	8286.46875	0.48242	10732	0	0.74436	0.53173	1	0.64327	0.62122	1	0.69381	0.57647	1	0.45598	0.54727	10.93000	1.03581	1	0.71863	0.57067	11.00042	1.03581	1	-0.01202	-0.01171	0.67903	0.00343	1	0.05445	-0.01557	0.65717	0.00366	1	1.45898	0.81042	0	
1228485	8286.99805	3303669574072	0.68635	0.56514	8286.97852	0.01953	10733	1	0.72369	0.48571	1	0.64282	0.62402	1	0.68326	0.55486	1	0.45577	0.54815	11.10023	1.03581	1	0.71878	0.57063	11.42842	1.03581	1	-0.01202	-0.01171	0.67903	0.00350	1	0.05445	-0.01557	0.65717	0.00370	1	1.45898	0.81042	0	
1228486	8287.00488	3303669643234	0.69046	0.56924	8286.97852	0.02637	10733	1	0.74265	0.52773	1	0.67112	0.64360	1	0.70688	0.58567	1	0.45572	0.54867	11.26004	1.03581	1	0.71915	0.57054	11.23538	1.03581	1	-0.01202	-0.01171	0.67903	0.00343	1	0.05445	-0.01557	0.65717	0.00380	1	1.45898	0.81042	0	
1228487	8287.01172	3303669708198	0.69319	0.57198	8286.97852	0.03320	10733	1	0.74265	0.52773	1	0.67112	0.64360	1	0.70688	0.58567	1	0.45541	0.54866	10.60032	1.03581	1	0.71900	0.57104	11.67773	1.03581	1	-0.01202	-0.01171	0.67903	0.00336	1	0.05445	-0.01557	0.65717	0.00368	1	1.45898	0.81042	0	
1228488	8287.01855	3303669776918	0.69297	0.57546	8286.97852	0.04004	10733	1	0.74460	0.54372	1	0.63863	0.64895	1	0.69162	0.59633	1	0.45568	0.54865	11.24266	1.03581	1	0.71869	0.57079	11.20573	1.03581	1	-0.01202	-0.01171	0.67903	0.00334	1	0.05445	-0.01557	0.65717	0.00370	1	1.45898	0.81042	0	
1228489	8287.02539	3303669846157	0.69226	0.57924	8286.97852	0.04688	10733	1	0.73787	0.54637	1	0.63679	0.66507	1	0.68733	0.60572	1	0.45556	0.54877	10.30002	1.03581	1	0.71869	0.57097	11.09037	1.03581	1	-0.01202	-0.01171	0.67903	0.00359	1	0.05445	-0.01557	0.65717	0.00364	1	1.45898	0.81042	0	
1228490	8287.03223	3303669912972	0.69172	0.58218	8286.97852	0.05371	10733	1	0.73787	0.54637	1	0.63679	0.66507	1	0.68733	0.60572	1	0.45568	0.54866	11.06222	1.03581	1	0.71876	0.57077	10.94512	1.03581	1	-0.01202	-0.01171	0.67903	0.00363	1	0.05449	-0.01564	0.65769	0.00387	1	1.45898	0.81042	0	
1228491	8287.03809	3303669979720	0.69243	0.58227	8286.97852	0.05957	10733	1	0.74392	0.55030	1	0.65387	0.61576	1	0.69889	0.58303	1	0.45572	0.54893	11.31605	1.03581	1	0.71899	0.57047	11.45192	1.03581	1	-0.01202	-0.01171	0.67903	0.00334	1	0.05449	-0.01564	0.65769	0.00387	1	1.45898	0.81042	0	
1228492	8287.04492	3303670047277	0.69268	0.58263	8286.97852	0.06641	10733	1	0.74146	0.54972	1	0.64888	0.62267	1	0.69517	0.58619	1	0.45564	0.54895	11.18379	1.03581	1	0.71892	0.57050	11.73994	1.03581	1	-0.01202	-0.01171	0.67903	0.00333	1	0.05449	-0.01564	0.65769	0.00388	1	1.45898	0.81042	0	
1228493	8287.05176	3303670114195	0.69289	0.58292	8286.97852	0.07324	10733	1	0.74146	0.54972	1	0.64888	0.62267	1	0.69517	0.58619	1	0.45538	0.54901	10.86259	1.03581	1	0.71915	0.57094	11.61963	1.03581	1	-0.01202	-0.01171	0.67903	0.00331	1	0.05449	-0.01564	0.65769	0.00391	1	1.45898	0.81042	0	
1228494	8287.05859	3303670181294	0.69338	0.58620	8286.97852	0.08008	10733	1	0.73932	0.58333	1	0.65928	0.66767	1	0.69930	0.62550	1	0.45556	0.54898	11.16558	1.03581	1	0.71902	0.57096	11.72463	1.03581	1	-0.01202	-0.01171	0.67903	0.00332	1	0.05449	-0.01564	0.65769	0.00389	1	1.45898	0.81042	0	
1228495	8287.06543	3303670248636	0.69416	0.58731	8286.97852	0.08691	10733	1	0.75007	0.54916	1	0.65838	0.65447	1	0.70423	0.60181	1	0.45573	0.54887	11.15681	1.03581	1	0.71904	0.57087	11.85327	1.03581	1	-0.01202	-0.01171	0.67903	0.00331	1	0.05449	-0.01564	0.65769	0.00377	1	1.45898	0.81042	0	
1228496	8287.07227	3303670315029	0.69483	0.58828	8286.97852	0.09375	10733	1	0.75007	0.54916	1	0.65838	0.65447	1	0.70423	0.60181	1	0.45593	0.54915	11.26142	1.03581	1	0.71915	0.57104	11.55554	1.03581	1	-0.01202	-0.01171	0.67903	0.00335	1	0.05445	-0.01557	0.65717	0.00385	1	1.45898	0.81042	0	
1228497	8287.07910	3303670382258	0.69449	0.58895	8286.97852	0.10059	10733	1	0.72929	0.53049	1	0.64952	0.66740	1	0.68940	0.59894	1	0.45583	0.54858	10.63635	1.03581	1	0.71893	0.57093	11.38859	1.03581	1	-0.01202	-0.01171	0.67903	0.00337	1	0.05445	-0.01557	0.65717	0.00377	1	1.45898	0.81042	0	
1228498	8287.08496	3303670449147	0.69482	0.59049	8286.97852	0.10645	10733	1	0.73658	0.55138	1	0.66366	0.67910	1	0.70012	0.61524	1	0.45597	0.54873	11.06757	1.03581	1	0.71911	0.57107	10.66439	1.03581	1	-0.01202	-0.01171	0.67903	0.00336	1	0.05445	-0.01557	0.65717	0.00387	1	1.45898	0.81042	0	
1228499	8287.09180	3303670516541	0.69511	0.59187	8286.97852	0.11328	10733	1	0.73658	0.55138	1	0.66366	0.67910	1	0.70012	0.61524	1	0.45592	0.54861	10.85191	1.03581	1	0.71915	0.57111	11.47624	1.03581	1	-0.01202	-0.01171	0.67903	0.00337	1	0.05449	-0.01564	0.65769	0.00381	1	1.45898	0.81042	0	
1228500	8287.09863	3303670583115	0.69363	0.59314	8286.97852	0.12012	10733	1	0.68809	0.55720	1	0.64555	0.67485	1	0.66682	0.61603	1	0.45561	0.54871	10.36663	1.03581	1	0.71925	0.57109	11.71819	1.03581	1	-0.01202	-0.01171	0.67903	0.00333	1	0.05449	-0.01564	0.65769	0.00374	1	1.45898	0.81042	0	
1228501	8287.10547	3303670649956	0.69259	0.59334	8286.97852	0.12695	10733	1	0.70430	0.54564	1	0.64153	0.64884	1	0.67292	0.59724	1	0.45589	0.54866	10.95076	1.03581	1	0.71918	0.57088	11.40450	1.03581	1	-0.01202	-0.01171	0.67903	0.00335	1	0.05449	-0.01564	0.65769	0.00362	1	1.45898	0.81042	0	
1228502	8287.11230	3303670716971	0.69157	0.59384	8286.97852	0.13379	10733	1	0.70391	0.55049	1	0.63865	0.65688	1	0.67128	0.60368	1	0.45573	0.54864	11.40611	1.02779	1	0.71931	0.57107	11.50318	1.02098	1	-0.01162	-0.01138	0.65959	0.00333	1	0.05280	-0.01514	0.63673	0.00363	1	1.45898	0.81042	0	
1228503	8287.11914	3303670782080	0.69085	0.59323	8286.97852	0.14062	10733	1	0.69664	0.50725	1	0.65443	0.65354	1	0.67553	0.58040	1	0.45582	0.54868	11.00045	1.01297	1	0.71951	0.57063	11.49145	1.00616	1	-0.01162	-0.01138	0.65959	0.00340	1	0.05280	-0.01514	0.63673	0.00359	1	1.45898	0.81042	0	
1228504	8287.12598	3303670850762	0.69027	0.59461	8286.97852	0.14746	10733	1	0.70116	0.57038	1	0.65413	0.67961	1	0.67764	0.62499	1	0.45582	0.54875	11.13611	0.99814	1	0.71956	0.57077	11.22326	0.99133	1	-0.01162	-0.01138	0.65959	0.00336	1	0.05280	-0.01514	0.63673	0.00370	1	1.45898	0.81042	0	
1228505	8287.13184	3303670917797	0.68971	0.59603	8286.97852	0.15332	10733	1	0.70084	0.57448	1	0.65266	0.68326	1	0.67675	0.62887	1	0.45564	0.54886	11.07012	0.99133	1	0.71926	0.57095	11.41703	0.98453	1	-0.01175	-0.01155	0.66958	0.00336	1	0.05280	-0.01514	0.63673	0.00356	1	1.45898	0.81042	0	
1228506	8287.13867	3303670984855	0.68921	0.59657	8286.97852	0.16016	10733	1	0.71701	0.57341	1	0.63760	0.64557	1	0.67730	0.60949	1	0.45603	0.54937	11.27878	0.99254	1	0.71958	0.57063	11.04138	0.99254	1	-0.01175	-0.01155	0.66958	0.00342	1	0.05280	-0.01514	0.63673	0.00366	1	1.45898	0.81042	0	
1228507	8287.14551	3303671051694	0.68864	0.59689	8286.97852	0.16699	10733	1	0.71320	0.55043	1	0.63535	0.65939	1	0.67428	0.60491	1	0.45602	0.54895	10.90294	1.00056	1	0.71960	0.57080	11.49364	1.00056	1	-0.01175	-0.01155	0.66958	0.00360	1	0.05280	-0.01514	0.63673	0.00369	1	1.45898	0.81042	0	
1228508	8287.15234	3303671118915	0.68817	0.59695	8286.97852	0.17383	10733	1	0.71367	0.54546	1	0.63825	0.65122	1	0.67596	0.59834	1	0.45616	0.54884	10.81768	1.00858	1	0.71943	0.57062	11.46204	1.01538	1	-0.01175	-0.01155	0.66958	0.00376	1	0.05493	-0.01573	0.66179	0.00372	1	1.45898	0.81042	0	
1228509	8287.15918	3303671185468	0.68768	0.59622	8286.97852	0.18066	10733	1	0.71642	0.54506	1	0.63276	0.60816	1	0.67459	0.57661	1	0.45602	0.54901	10.97411	1.01538	1	0.71941	0.57079	11.25881	1.02219	1	-0.01175	-0.01155	0.66958	0.00341	1	0.05493	-0.01573	0.66179	0.00367	1	1.45898	0.81042	0	
1228510	8287.16602	3303671250978	0.68756	0.59463	8286.97852	0.18750	10733	1	0.72636	0.51609	1	0.64199	0.58383	1	0.68418	0.54996	1	0.45626	0.54881	10.79372	1.02219	1	0.71949	0.57057	11.38278	1.02900	1	-0.01175	-0.01155	0.66958	0.00379	1	0.05493	-0.01573	0.66179	0.00371	1	1.45898	0.81042	0	
1228511	8287.17188	3303671317583	0.68747	0.59308	8286.97852	0.19336	10733	1	0.72628	0.51686	1	0.64326	0.57989	1	0.68477	0.54838	1	0.45618	0.54871	10.75539	1.02098	1	0.71949	0.57057	11.38278	1.03545	1	-0.01147	-0.01133	0.65676	0.00374	1	0.05618	-0.01613	0.67623	0.00371	1	1.45898	0.81042	0	
1228512	8287.17871	3303671384212	0.68722	0.59259	8286.97852	0.20020	10733	1	0.72413	0.56533	1	0.63550	0.59022	1	0.67982	0.57778	1	0.45616	0.54886	10.87098	1.02743	1	0.71978	0.57101	12.16302	1.03509	1	-0.01147	-0.01133	0.65676	0.00347	1	0.05618	-0.01613	0.67623	0.00356	1	1.45898	0.81042	0	
1228513	8287.18555	3303671449382	0.68660	0.59182	8286.97852	0.20703	10733	1	0.68592	0.51956	1	0.64896	0.61637	1	0.66744	0.56796	1	0.45596	0.54836	10.77022	1.02708	1	0.71966	0.57089	11.71861	1.03474	1	-0.01147	-0.01133	0.65676	0.00332	1	0.05618	-0.01613	0.67623	0.00365	1	1.45898	0.81042	0	
1228514	8287.19238	3303671519132	0.68603	0.59102	8286.97852	0.21387	10733	1	0.68616	0.51469	1	0.64896	0.61637	1	0.66756	0.56553	1	0.45665	0.54780	11.12391	1.03474	1	0.72136	0.56717	9.91990	1.03474	1	-0.01180	-0.01160	0.67827	0.00344	1	0.05493	-0.01563	0.66179	0.00231	1	1.45898	0.81042	0	
1228515	8287.19922	3303671587770	0.68748	0.58456	8286.97852	0.22070	10733	1	0.73893	0.42711	1	0.73168	0.31547	1	0.73530	0.37129	1	0.45688	0.54760	11.27584	1.04275	1	0.72138	0.56709	10.25482	1.03509	1	-0.01180	-0.01160	0.67827	0.00341	1	0.05493	-0.01563	0.66179	0.00229	1	1.45898	0.81042	0	
1228516	8287.20508	3303671650118	0.68497	0.54763	8286.97852	0.22070	10733	0	0.71160	0.42970	1	0.73177	0.31516	1	0.72169	0.37243	1	0.45680	0.54746	11.43799	1.04311	1	0.72138	0.56709	10.25482	1.03545	1	-0.01180	-0.01160	0.67827	0.00343	1	0.05493	-0.01563	0.66179	0.00229	1	1.45898	0.81042	0	
1228517	8287.21191	3303671718510	0.70336	0.45989	8286.97852	0.22070	10733	0	0.71162	0.42945	1	0.73187	0.31484	1	0.72175	0.37215	1	0.45679	0.54764	11.19895	1.04347	1	0.72144	0.56729	9.87226	1.03581	1	-0.01163	-0.01153	0.67453	0.00341	1	0.05441	-0.01544	0.65551	0.00226	1	1.45898	0.81042	0	
1228518	8287.21875	3303671787157	0.70778	0.43845	8286.97852	0.22070	10733	0	0.69808	0.45466	1	0.73515	0.33648	1	0.71662	0.39557	1	0.45663	0.54783	11.49967	1.03581	1	0.72144	0.56729	9.87226	1.03581	1	-0.01163	-0.01153	0.67453	0.00339	1	0.05441	-0.01544	0.65551	0.00226	1	1.45898	0.81042	0	
1228519	8287.22559	3303671852415	0.72162	0.38424	8286.97852	0.22070	10733	0	0.71362	0.45271	1	0.73938	0.31727	1	0.72650	0.38499	1	0.45689	0.54772	10.85026	1.03581	1	0.72142	0.56726	9.98808	1.03581	1	-0.01163	-0.01153	0.67453	0.00336	1	0.05441	-0.01544	0.65551	0.00224	1	1.45898	0.81042	0	
1228520	8287.23242	3303671920229	0.72406	0.38461	8286.97852	0.22070	10733	0	0.71362	0.45271	1	0.73938	0.31727	1	0.72650	0.38499	1	0.45688	0.54803	11.03096	1.03581	1	0.72171	0.56736	9.82447	1.03581	1	-0.01163	-0.01153	0.67453	0.00351	1	0.05441	-0.01546	0.65435	0.00233	1	1.45898	0.81042	0	
1228521	8287.23926	3303671984730	0.72707	0.39411	8286.97852	0.22070	10733	0	0.72085	0.48807	1	0.74534	0.33812	1	0.73310	0.41309	1	0.45692	0.54809	11.07820	1.03581	1	0.72160	0.56725	9.46895	1.03581	1	-0.01163	-0.01153	0.67453	0.00358	1	0.05441	-0.01546	0.65435	0.00230	1	1.45898	0.81042	0	
1228522	8287.24609	3303672052040	0.72984	0.39443	8287.22559	0.02051	10734	1	0.71121	0.46713	1	0.76504	0.32363	1	0.73813	0.39538	1	0.45683	0.54792	10.90535	1.03581	1	0.72186	0.56717	9.88343	1.03581	1	-0.01163	-0.01153	0.67453	0.00352	1	0.05441	-0.01546	0.65435	0.00231	1	1.45898	0.81042	0	
1228523	8287.25293	3303672120012	0.73173	0.39395	8287.22559	0.02734	10734	1	0.71121	0.46713	1	0.76739	0.31694	1	0.73930	0.39204	1	0.45705	0.54788	11.39130	1.03581	1	0.72192	0.56721	9.89793	1.04347	1	-0.01163	-0.01153	0.67453	0.00353	1	0.05580	-0.01584	0.67039	0.00232	1	1.45898	0.81042	0	
1228524	8287.25879	3303672186016	0.73555	0.38633	8287.22559	0.03320	10734	1	0.73758	0.46431	1	0.77168	0.23216	1	0.75463	0.34823	1	0.45728	0.54788	10.99902	1.04347	1	0.72187	0.56725	9.46840	1.05113	1	-0.01163	-0.01153	0.67453	0.00360	1	0.05580	-0.01584	0.67039	0.00230	1	1.45898	0.81042	0	
1228525	8287.26562	3303672254377	0.73805	0.38709	8287.22559	0.04004	10734	1	0.75030	0.52214	1	0.75584	0.26122	1	0.75307	0.39168	1	0.45740	0.54813	11.37590	1.05113	1	0.72181	0.56722	9.38678	1.05879	1	-0.01163	-0.01153	0.67453	0.00357	1	0.05580	-0.01584	0.67039	0.00236	1	1.45898	0.81042	0	
1228526	8287.27344	3303672325042	0.73978	0.38814	8287.22559	0.04785	10734	1	0.75027	0.52236	1	0.75350	0.26854	1	0.75189	0.39545	1	0.45735	0.54762	11.18155	1.05077	1	0.72218	0.56727	9.58036	1.05077	1	-0.01131	-0.01126	0.65866	0.00371	1	0.05448	-0.01545	0.65400	0.00229	1	1.45898	0.81042	0	
1228527	8287.27930	3303672391854	0.73930	0.38883	8287.22559	0.05371	10734	1	0.72297	0.48711	1	0.74799	0.30153	1	0.73548	0.39432	1	0.45739	0.54773	11.09494	1.04275	1	0.72203	0.56738	10.08523	1.03509	1	-0.01131	-0.01126	0.65866	0.00367	1	0.05448	-0.01545	0.65400	0.00223	1	1.45898	0.81042	0	
1228528	8287.28613	3303672459312	0.73997	0.38805	8287.22559	0.06055	10734	1	0.73934	0.47565	1	0.75262	0.28645	1	0.74598	0.38105	1	0.45731	0.54743	11.04910	1.02708	1	0.72212	0.56725	9.65359	1.01942	1	-0.01131	-0.01126	0.65866	0.00350	1	0.05448	-0.01545	0.65400	0.00225	1	1.45898	0.81042	0	
1228529	8287.29297	3303672525464	0.74039	0.38797	8287.22559	0.06738	10734	1	0.73875	0.48083	1	0.75032	0.29352	1	0.74453	0.38717	1	0.45744	0.54776	10.89921	1.01942	1	0.72200	0.56731	9.68622	1.01176	1	-0.01146	-0.01146	0.67017	0.00347	1	0.05448	-0.01550	0.65400	0.00221	1	1.45898	0.81042	0	
1228530	8287.29980	3303672592817	0.73839	0.38509	8287.22559	0.07422	10734	1	0.71320	0.44398	1	0.71974	0.26278	1	0.71647	0.35338	1	0.45731	0.54742	11.39645	1.01978	1	0.72207	0.56733	9.59261	1.01978	1	-0.01146	-0.01146	0.67017	0.00343	1	0.05448	-0.01550	0.65400	0.00225	1	1.45898	0.81042	0	
1228531	8287.30664	3303672659285	0.73711	0.38154	8287.22559	0.08105	10734	1	0.72263	0.41891	1	0.72083	0.25898	1	0.72173	0.33894	1	0.45754	0.54727	11.23813	1.02779	1	0.72205	0.56732	9.64740	1.02779	1	-0.01146	-0.01146	0.67017	0.00347	1	0.05448	-0.01550	0.65400	0.00224	1	1.45898	0.81042	0	
1228532	8287.31348	3303672726975	0.73611	0.37802	8287.22559	0.08789	10734	1	0.72312	0.41305	1	0.72298	0.25144	1	0.72305	0.33225	1	0.45764	0.54755	10.85521	1.03581	1	0.72219	0.56732	9.69492	1.03581	1	-0.01146	-0.01146	0.67017	0.00338	1	0.05448	-0.01550	0.65400	0.00224	1	1.45898	0.81042	0	
1228533	8287.32031	3303672793472	0.73673	0.37754	8287.22559	0.09473	10734	1	0.74835	0.48625	1	0.74251	0.25565	1	0.74543	0.37095	1	0.45777	0.54768	10.91157	1.03581	1	0.72224	0.56736	9.61426	1.03581	1	-0.01146	-0.01146	0.67017	0.00338	1	0.05448	-0.01550	0.65400	0.00230	1	1.45898	0.81042	0	
1228534	8287.32617	3303672861093	0.73725	0.37637	8287.22559	0.10059	10734	1	0.74554	0.45257	1	0.74455	0.26500	1	0.74504	0.35878	1	0.45777	0.54778	10.72121	1.03581	1	0.72231	0.56744	9.68301	1.03581	1	-0.01146	-0.01146	0.67017	0.00351	1	0.05448	-0.01550	0.65400	0.00225	1	1.45898	0.81042	0	
1228535	8287.33301	3303672927797	0.73771	0.37534	8287.22559	0.10742	10734	1	0.74554	0.45257	1	0.74455	0.26500	1	0.74504	0.35878	1	0.45758	0.54756	10.76576	1.03581	1	0.72227	0.56755	9.32950	1.03581	1	-0.01146	-0.01146	0.67017	0.00350	1	0.05448	-0.01550	0.65400	0.00227	1	1.45898	0.81042	0	
1228536	8287.33984	3303672994343	0.73735	0.37492	8287.22559	0.11426	10734	1	0.71147	0.47126	1	0.75122	0.26448	1	0.73134	0.36787	1	0.45761	0.54772	11.17895	1.03581	1	0.72242	0.56752	9.40749	1.03581	1	-0.01146	-0.01146	0.67017	0.00340	1	0.05448	-0.01550	0.65400	0.00234	1	1.45898	0.81042	0	
1228537	8287.34668	3303673061475	0.73664	0.37395	8287.22559	0.12109	10734	1	0.71308	0.46503	1	0.73453	0.24797	1	0.72381	0.35650	1	0.45757	0.54764	11.19895	1.03581	1	0.72222	0.56728	9.39690	1.03581	1	-0.01146	-0.01146	0.67017	0.00341	1	0.05448	-0.01550	0.65400	0.00231	1	1.45898	0.81042	0	
1228538	8287.35352	3303673126991	0.73600	0.37308	8287.22559	0.12793	10734	1	0.71308	0.46503	1	0.73453	0.24797	1	0.72381	0.35650	1	0.45753	0.54740	11.07699	1.03581	1	0.72242	0.56759	9.60668	1.03581	1	-0.01151	-0.01162	0.67947	0.00352	1	0.05448	-0.01555	0.65400	0.00232	1	1.45898	0.81042	0	
1228539	8287.35938	3303673191164	0.73595	0.37212	8287.22559	0.13379	10734	1	0.71067	0.42115	1	0.75918	0.28470	1	0.73493	0.35293	1	0.45771	0.54734	10.77774	1.03581	1	0.72249	0.56772	9.94200	1.03581	1	-0.01151	-0.01162	0.67947	0.00355	1	0.05448	-0.01555	0.65400	0.00231	1	1.45898	0.81042	0	
1228540	8287.36621	3303673259206	0.73570	0.37121	8287.22559	0.14062	10734	1	0.70831	0.44875	1	0.75293	0.25529	1	0.73062	0.35202	1	0.45765	0.54756	10.63846	1.03581	1	0.72246	0.56740	9.80655	1.03581	1	-0.01151	-0.01162	0.67947	0.00344	1	0.05448	-0.01555	0.65400	0.00230	1	1.45898	0.81042	0	
1228541	8287.37305	3303673327790	0.73544	0.37051	8287.22559	0.14746	10734	1	0.70831	0.44875	1	0.75092	0.26169	1	0.72961	0.35522	1	0.45766	0.54764	10.93243	1.03581	1	0.72229	0.56736	9.55929	1.02900	1	-0.01151	-0.01162	0.67947	0.00342	1	0.05325	-0.01514	0.63864	0.00235	1	1.45898	0.81042	0	
1228542	8287.37988	3303673395520	0.73516	0.37104	8287.22559	0.15430	10734	1	0.70720	0.46197	1	0.75039	0.30421	1	0.72880	0.38309	1	0.45761	0.54767	11.03994	1.02900	1	0.72247	0.56778	9.54514	1.02219	1	-0.01151	-0.01162	0.67947	0.00340	1	0.05325	-0.01514	0.63864	0.00228	1	1.45898	0.81042	0	
1228543	8287.38672	3303673459988	0.73468	0.37110	8287.22559	0.16113	10734	1	0.71331	0.46800	1	0.73297	0.27721	1	0.72314	0.37261	1	0.45761	0.54767	11.03994	1.02219	1	0.72223	0.56754	8.91806	1.01538	1	-0.01151	-0.01162	0.67947	0.00340	1	0.05325	-0.01514	0.63864	0.00229	1	1.45898	0.81042	0	
1228544	8287.39355	3303673526147	0.73423	0.37125	8287.22559	0.16797	10734	1	0.71294	0.47268	1	0.73297	0.27721	1	0.72295	0.37495	1	0.45782	0.54750	10.55834	1.01538	1	0.72218	0.56758	9.53087	1.01538	1	-0.01151	-0.01162	0.67947	0.00350	1	0.05448	-0.01555	0.65400	0.00223	1	1.45898	0.81042	0	
1228545	8287.39941	3303673592245	0.73402	0.37108	8287.22559	0.17383	10734	1	0.71360	0.44777	1	0.74366	0.28599	1	0.72863	0.36688	1	0.45778	0.54762	10.64532	1.01538	1	0.72234	0.56764	9.58481	1.02219	1	-0.01151	-0.01162	0.67947	0.00344	1	0.05448	-0.01555	0.65400	0.00226	1	1.45898	0.81042	0	
1228546	8287.40625	3303673659540	0.73382	0.37070	8287.22559	0.18066	10734	1	0.71630	0.44588	1	0.74057	0.27484	1	0.72843	0.36036	1	0.45778	0.54762	10.64532	1.02219	1	0.72216	0.56751	9.36042	1.02900	1	-0.01151	-0.01162	0.67947	0.00344	1	0.05448	-0.01555	0.65400	0.00239	1	1.45898	0.81042	0	
1228547	8287.41406	3303673731014	0.73364	0.37026	8287.22559	0.18848	10734	1	0.71669	0.44105	1	0.74057	0.27484	1	0.72863	0.35795	1	0.45769	0.54766	10.95529	1.02900	1	0.72233	0.56778	9.60653	1.02900	1	-0.01151	-0.01162	0.67947	0.00341	1	0.05381	-0.01534	0.64537	0.00227	1	1.45898	0.81042	0	
1228548	8287.41992	3303673798831	0.73349	0.37074	8287.22559	0.19434	10734	1	0.72010	0.46263	1	0.73797	0.30634	1	0.72904	0.38448	1	0.45774	0.54776	11.15669	1.02900	1	0.72227	0.56784	9.86777	1.02219	1	-0.01151	-0.01162	0.67947	0.00341	1	0.05381	-0.01534	0.64537	0.00225	1	1.45898	0.81042	0	
1228549	8287.42676	3303673865354	0.73334	0.37124	8287.22559	0.20117	10734	1	0.71969	0.46731	1	0.73776	0.30560	1	0.72873	0.38645	1	0.45774	0.54776	11.15669	1.02219	1	0.72233	0.56778	9.60653	1.01538	1	-0.01151	-0.01162	0.67947	0.00341	1	0.05381	-0.01534	0.64537	0.00227	1	1.45898	0.81042	0	
1228550	8287.43359	3303673931516	0.73319	0.37179	8287.22559	0.20801	10734	1	0.71928	0.47199	1	0.73776	0.30560	1	0.72852	0.38880	1	0.45769	0.54807	11.19066	1.01538	1	0.72233	0.56782	9.46105	1.01538	1	-0.01160	-0.01180	0.68434	0.00338	1	0.05448	-0.01555	0.65400	0.00235	1	1.45898	0.81042	0	
1228551	8287.44043	3303673998637	0.73303	0.37137	8287.22559	0.21484	10734	1	0.71569	0.40661	1	0.74039	0.30899	1	0.72804	0.35780	1	0.45780	0.54697	10.84425	1.01538	1	0.72234	0.56783	9.50401	1.02219	1	-0.01160	-0.01180	0.68434	0.00367	1	0.05448	-0.01555	0.65400	0.00234	1	1.45898	0.81042	0	
1228552	8287.44727	3303674066363	0.73270	0.37143	8287.22559	0.22168	10734	1	0.70496	0.45106	1	0.73848	0.29568	1	0.72172	0.37337	1	0.45765	0.54767	11.15227	1.02219	1	0.72230	0.56779	9.51164	1.02900	1	-0.01160	-0.01180	0.68434	0.00334	1	0.05448	-0.01555	0.65400	0.00233	1	1.45898	0.81042	0	
1228553	8287.45410	3303674132889	0.73239	0.37141	8287.22559	0.22852	10734	1	0.70528	0.44626	1	0.73848	0.29568	1	0.72188	0.37097	1	0.45767	0.54777	10.94316	1.02900	1	0.72225	0.56774	9.36829	1.02900	1	-0.01158	-0.01173	0.68325	0.00340	1	0.05381	-0.01534	0.64537	0.00222	1	1.45898	0.81042	0	
1228554	8287.46094	3303674200021	0.73226	0.37186	8287.22559	0.23535	10734	1	0.71714	0.46878	1	0.73797	0.30634	1	0.72756	0.38756	1	0.45768	0.54772	10.81456	1.02900	1	0.72227	0.56784	9.86777	1.02219	1	-0.01158	-0.01173	0.68325	0.00337	1	0.05381	-0.01534	0.64537	0.00225	1	1.45898	0.81042	0	
1228555	8287.46680	3303674267087	0.73202	0.37181	8287.22559	0.24121	10734	1	0.71992	0.43629	1	0.72733	0.30334	1	0.72362	0.36981	1	0.45783	0.54724	10.76334	1.02219	1	0.72219	0.56766	9.44040	1.01538	1	-0.01158	-0.01173	0.68325	0.00368	1	0.05381	-0.01534	0.64537	0.00218	1	1.45898	0.81042	0	
1228556	8287.47363	3303674334470	0.73180	0.37182	8287.22559	0.24805	10734	1	0.71951	0.44117	1	0.72733	0.30334	1	0.72342	0.37226	1	0.45785	0.54716	10.72787	1.01538	1	0.72219	0.56775	9.23812	1.01538	1	-0.01160	-0.01180	0.68434	0.00372	1	0.05448	-0.01555	0.65400	0.00221	1	1.45898	0.81042	0	
1228557	8287.48047	3303674400979	0.73157	0.37212	8287.22559	0.25488	10734	1	0.71742	0.45119	1	0.72840	0.31594	1	0.72291	0.38357	1	0.45778	0.54747	10.90890	1.01538	1	0.72222	0.56792	9.72773	1.02219	1	-0.01160	-0.01180	0.68434	0.00351	1	0.05448	-0.01555	0.65400	0.00224	1	1.45898	0.81042	0	
1228558	8287.48730	3303674468061	0.73140	0.37186	8287.22559	0.26172	10734	1	0.70516	0.44510	1	0.74485	0.27870	1	0.72500	0.36190	1	0.45762	0.54738	10.92592	1.02219	1	0.72225	0.56778	9.14846	1.02900	1	-0.01160	-0.01180	0.68434	0.00348	1	0.05448	-0.01555	0.65400	0.00228	1	1.45898	0.81042	0	
1228559	8287.49414	3303674535160	0.73124	0.37164	8287.22559	0.26855	10734	1	0.70510	0.44595	1	0.74450	0.27981	1	0.72480	0.36288	1	0.45767	0.54757	11.02691	1.02098	1	0.72222	0.56753	9.30025	1.02779	1	-0.01122	-0.01137	0.65924	0.00330	1	0.05448	-0.01555	0.65400	0.00225	1	1.45898	0.81042	0	
1228560	8287.50098	3303674602186	0.73079	0.37169	8287.22559	0.27539	10734	1	0.70097	0.44883	1	0.72345	0.29805	1	0.71221	0.37344	1	0.45760	0.54754	10.99318	1.01978	1	0.72205	0.56769	9.48424	1.01978	1	-0.01122	-0.01137	0.65924	0.00334	1	0.05448	-0.01555	0.65400	0.00223	1	1.45898	0.81042	0	
1228561	8287.50781	3303674669272	0.73047	0.37181	8287.22559	0.28223	10734	1	0.70572	0.46147	1	0.72805	0.29263	1	0.71689	0.37705	1	0.45766	0.54755	10.78455	1.01176	1	0.72214	0.56770	9.14924	1.01176	1	-0.01122	-0.01137	0.65924	0.00332	1	0.05448	-0.01555	0.65400	0.00221	1	1.45898	0.81042	0	
1228562	8287.51367	3303674736142	0.73014	0.37200	8287.22559	0.28809	10734	1	0.70572	0.46147	1	0.72615	0.29890	1	0.71594	0.38018	1	0.45760	0.54753	10.83101	1.01176	1	0.72223	0.56753	9.35978	1.00495	1	-0.01160	-0.01180	0.68434	0.00332	1	0.05381	-0.01534	0.64537	0.00221	1	1.45898	0.81042	0	
1228563	8287.52051	3303674803574	0.72993	0.37229	8287.22559	0.29492	10734	1	0.71298	0.48224	1	0.72840	0.28768	1	0.72069	0.38496	1	0.45768	0.54762	10.90956	1.01297	1	0.72218	0.56749	9.02328	1.00616	1	-0.01160	-0.01180	0.68434	0.00328	1	0.05381	-0.01534	0.64537	0.00224	1	1.45898	0.81042	0	
1228564	8287.52734	3303674870414	0.72998	0.37338	8287.22559	0.30176	10734	1	0.72458	0.50086	1	0.74037	0.34389	1	0.73248	0.42237	1	0.45739	0.54817	11.24822	1.01418	1	0.72221	0.56761	9.08557	1.00737	1	-0.01160	-0.01180	0.68434	0.00333	1	0.05381	-0.01534	0.64537	0.00227	1	1.45898	0.81042	0	
1228565	8287.53418	3303674936940	0.73006	0.37434	8287.22559	0.30859	10734	1	0.72466	0.50006	1	0.74271	0.33687	1	0.73369	0.41847	1	0.45626	0.54735	9.98808	1.01538	1	0.71993	0.57013	10.34927	1.01538	1	-0.01180	-0.01160	0.67827	0.00360	1	0.05441	-0.01546	0.65435	0.00377	1	1.45898	0.81042	0	
1228566	8287.54102	3303675003957	0.72946	0.37513	8287.22559	0.31543	10734	1	0.68174	0.49349	1	0.72098	0.33081	1	0.70136	0.41215	1	0.45554	0.54785	10.45098	1.01538	1	0.72087	0.56724	9.78940	1.02219	1	-0.01180	-0.01160	0.67827	0.00348	1	0.05441	-0.01546	0.65435	0.00206	1	1.45898	0.81042	0	
1228567	8287.54785	3303675070629	0.72944	0.37522	8287.22559	0.32227	10734	1	0.69203	0.46454	1	0.74915	0.31301	1	0.72059	0.38878	1	0.45537	0.54695	10.09704	1.02219	1	0.72053	0.56700	9.42626	1.02900	1	-0.01180	-0.01160	0.67827	0.00324	1	0.05441	-0.01546	0.65435	0.00217	1	1.45898	0.81042	0	
1228568	8287.55469	3303675137225	0.72934	0.37525	8287.22559	0.32910	10734	1	0.69198	0.46538	1	0.75105	0.30728	1	0.72152	0.38633	1	0.45321	0.54670	9.47675	1.02098	1	0.71753	0.56950	10.85623	1.03545	1	-0.01176	-0.01103	0.65055	0.00326	1	0.05540	-0.01579	0.67043	0.00362	1	1.45898	0.81042	0	
1228569	8287.56055	3303675201756	0.72670	0.37494	8287.22559	0.33496	10734	1	0.61466	0.30419	1	0.59864	0.49192	1	0.60665	0.39806	1	0.45279	0.54498	10.78298	1.02743	1	0.71721	0.56902	10.60192	1.03509	1	-0.01176	-0.01103	0.65055	0.00216	1	0.05540	-0.01579	0.67043	0.00363	1	1.45898	0.81042	0	
1228570	8287.56738	3303675269809	0.70310	0.40563	8287.22559	0.33496	10734	0	0.64751	0.49992	1	0.61340	0.62581	1	0.63045	0.56287	1	0.45252	0.54733	10.06641	1.02708	1	0.71680	0.57011	10.90208	1.03474	1	-0.01176	-0.01103	0.65055	0.00348	1	0.05540	-0.01579	0.67043	0.00375	1	1.45898	0.81042	0	
1228571	8287.57422	3303675338341	0.66710	0.48191	8287.22559	0.33496	10734	0	0.64749	0.49489	1	0.61469	0.62149	1	0.63109	0.55819	1	0.45112	0.54782	10.16218	1.03474	1	0.71504	0.56933	11.52806	1.04240	1	-0.01248	-0.01162	0.67686	0.00354	1	0.05593	-0.01603	0.68064	0.00349	1	1.45898	0.81042	0	
1228572	8287.58105	3303675406034	0.62122	0.49994	8287.22559	0.33496	10734	0	0.57923	0.46486	1	0.47971	0.60715	1	0.52947	0.53600	1	0.45114	0.54777	10.23103	1.05041	1	0.71444	0.57011	11.49213	1.05041	1	-0.01248	-0.01162	0.67686	0.00352	1	0.05593	-0.01603	0.68064	0.00354	1	1.45898	0.81042	0	
1228573	8287.58789	3303675473070	0.56611	0.54498	8287.22559	0.33496	10734	0	0.58083	0.50019	1	0.49473	0.58132	1	0.53778	0.54075	1	0.45116	0.54779	10.29088	1.05843	1	0.71433	0.57012	11.31107	1.05843	1	-0.01248	-0.01162	0.67686	0.00347	1	0.05593	-0.01603	0.68064	0.00368	1	1.45898	0.81042	0	
1228574	8287.59473	3303675539601	0.55194	0.54041	8287.22559	0.33496	10734	0	0.58037	0.49506	1	0.49518	0.57661	1	0.53777	0.53584	1	0.45056	0.54788	10.37263	1.06645	1	0.71421	0.57013	11.65143	1.06645	1	-0.01258	-0.01166	0.68216	0.00358	1	0.05610	-0.01621	0.68394	0.00350	1	1.45898	0.81042	0	
1228575	8287.60156	3303675606839	0.54321	0.52349	8287.22559	0.33496	10734	0	0.54906	0.44933	1	0.50243	0.52999	1	0.52575	0.48966	1	0.45072	0.54780	10.56946	1.06645	1	0.71447	0.56980	11.20138	1.06645	1	-0.01258	-0.01166	0.68216	0.00330	1	0.05610	-0.01621	0.68394	0.00355	1	1.45898	0.81042	0	
1228576	8287.60742	3303675673348	0.53859	0.50471	8287.58789	0.01953	10735	1	0.54429	0.42632	1	0.50513	0.47040	1	0.52471	0.44836	1	0.45065	0.54733	10.27148	1.06645	1	0.71442	0.56925	10.76199	1.06645	1	-0.01258	-0.01166	0.68216	0.00376	1	0.05610	-0.01621	0.68394	0.00378	1	1.45898	0.81042	0	
1228577	8287.61426	3303675740730	0.53581	0.49344	8287.58789	0.02637	10735	1	0.54429	0.42632	1	0.50513	0.47040	1	0.52471	0.44836	1	0.45091	0.54836	10.33462	1.06645	1	0.71411	0.56956	9.89541	1.06645	1	-0.01274	-0.01182	0.68515	0.00347	1	0.05610	-0.01621	0.68394	0.00367	1	1.45898	0.81042	0	
1228578	8287.62109	3303675807233	0.53639	0.49769	8287.58789	0.03320	10735	1	0.59020	0.49921	1	0.48839	0.53871	1	0.53930	0.51896	1	0.45086	0.54827	10.80329	1.06645	1	0.71426	0.56992	10.34650	1.06645	1	-0.01274	-0.01182	0.68515	0.00361	1	0.05610	-0.01621	0.68394	0.00361	1	1.45898	0.81042	0	
1228579	8287.62793	3303675874529	0.53568	0.49827	8287.58789	0.04004	10735	1	0.56101	0.49402	1	0.50177	0.50943	1	0.53139	0.50172	1	0.45054	0.54837	10.27330	1.06645	1	0.71442	0.56991	10.93430	1.06645	1	-0.01274	-0.01182	0.68515	0.00348	1	0.05610	-0.01621	0.68394	0.00349	1	1.45898	0.81042	0	
1228580	8287.63477	3303675942003	0.53514	0.49870	8287.58789	0.04688	10735	1	0.56101	0.49402	1	0.50177	0.50943	1	0.53139	0.50172	1	0.45052	0.54755	10.00696	1.06645	1	0.71416	0.56965	9.87544	1.06645	1	-0.01278	-0.01176	0.68155	0.00367	1	0.05610	-0.01621	0.68394	0.00365	1	1.45898	0.81042	0	
1228581	8287.64160	3303676008681	0.53157	0.49935	8287.58789	0.05371	10735	1	0.56101	0.49402	0	0.50303	0.50458	1	0.50303	0.50458	1	0.45052	0.54755	10.00696	1.06645	0	0.71447	0.57003	11.11926	1.06645	1	-0.01278	-0.01176	0.68155	0.00367	1	0.05610	-0.01621	0.68394	0.00350	1	1.45898	0.81042	0	
1228582	8287.64844	3303676075258	0.53157	0.49935	8287.58789	0.06055	10735	1	0.56101	0.49402	0	0.50303	0.50458	0	0.50303	0.50458	0	0.45052	0.54755	10.00696	1.06645	0	0.71447	0.57003	11.11926	1.06645	0	-0.01278	-0.01176	0.68155	0.00367	1	0.05610	-0.01621	0.68394	0.00350	1	1.45898	0.81042	0	
1228583	8287.65430	3303676142672	0.52872	0.49988	8287.58789	0.06641	10735	1	0.56101	0.49402	0	0.50303	0.50458	1	0.50303	0.50458	1	0.45052	0.54755	10.00696	1.06645	0	0.71414	0.57034	10.49166	1.06645	1	-0.01278	-0.01176	0.68155	0.00367	1	0.05610	-0.01621	0.68394	0.00347	1	1.45898	0.81042	0	
1228584	8287.66113	3303676209850	0.52872	0.49988	8287.58789	0.07324	10735	1	0.56101	0.49402	0	0.50303	0.50458	0	0.50303	0.50458	0	0.45052	0.54755	10.00696	1.06645	0	0.71414	0.57034	10.49166	1.06645	0	-0.01278	-0.01176	0.68155	0.00367	1	0.05610	-0.01621	0.68394	0.00347	1	1.45898	0.81042	0	
1228585	8287.66797	3303676276729	0.52872	0.49988	8287.58789	0.08008	10735	1	0.56101	0.49402	0	0.50303	0.50458	0	0.50303	0.50458	0	0.45052	0.54755	10.00696	1.06645	0	0.71414	0.57034	10.49166	1.06645	0	-0.01278	-0.01176	0.68155	0.00367	1	0.05610	-0.01621	0.68394	0.00347	1	1.45898	0.81042	0	
1228586	8287.67480	3303676344104	0.52634	0.50076	8287.58789	0.08691	10735	1	0.56101	0.49402	0	0.50256	0.50960	1	0.50256	0.50960	1	0.45052	0.54755	10.00696	1.06645	0	0.71417	0.57009	10.38185	1.05879	1	-0.01278	-0.01176	0.68155	0.00367	1	0.05376	-0.01555	0.65601	0.00354	1	1.45898	0.81042	0	
1228587	8287.68164	3303676410515	0.52634	0.50076	8287.58789	0.09375	10735	1	0.56101	0.49402	0	0.50256	0.50960	0	0.50256	0.50960	0	0.45052	0.54755	10.00696	1.05879	0	0.71417	0.57009	10.38185	1.05113	0	-0.01278	-0.01176	0.68155	0.00367	1	0.05376	-0.01555	0.65601	0.00354	1	1.45898	0.81042	0	
1228588	8287.68848	3303676477366	0.52634	0.50076	8287.58789	0.10059	10735	1	0.56101	0.49402	0	0.50256	0.50960	0	0.50256	0.50960	0	0.45052	0.54755	10.00696	1.05113	0	0.71417	0.57009	10.38185	1.04347	0	-0.01278	-0.01176	0.68155	0.00367	1	0.05376	-0.01555	0.65601	0.00354	1	1.45898	0.81042	0	
1228589	8287.69531	3303676544265	0.52634	0.50076	8287.58789	0.10742	10735	1	0.56101	0.49402	0	0.50256	0.50960	0	0.50256	0.50960	0	0.45052	0.54755	10.00696	1.04347	0	0.71417	0.57009	10.38185	1.03581	0	-0.01278	-0.01176	0.68155	0.00367	1	0.05376	-0.01555	0.65601	0.00354	1	1.45898	0.81042	0	
1228590	8287.70215	3303676611901	0.52236	0.49634	8287.58789	0.10742	10735	0	0.56101	0.49402	0	0.50256	0.50960	0	0.50256	0.50960	0	0.45052	0.54755	10.00696	1.03581	0	0.71417	0.57009	10.38185	1.03581	0	-0.01278	-0.01176	0.68155	0.00367	1	0.05376	-0.01555	0.65601	0.00354	1	1.45898	0.81042	0	
1228591	8287.70801	3303676678287	0.52236	0.49634	8287.58789	0.10742	10735	0	0.56101	0.49402	0	0.50256	0.50960	0	0.50256	0.50960	0	0.45052	0.54755	10.00696	1.03581	0	0.71417	0.57009	10.38185	1.03581	0	-0.01278	-0.01176	0.68155	0.00367	1	0.05376	-0.01555	0.65601	0.00354	1	1.45898	0.81042	0	
1228592	8287.71484	3303676745106	0.52236	0.49634	8287.58789	0.10742	10735	0	0.56101	0.49402	0	0.50256	0.50960	0	0.50256	0.50960	0	0.45052	0.54755	10.00696	1.03581	0	0.71417	0.57009	10.38185	1.03581	0	-0.01278	-0.01176	0.68155	0.00367	1	0.05376	-0.01555	0.65601	0.00354	1	1.45898	0.81042	0	
1228593	8287.72168	3303676811629	0.00000	0.00000	8287.58789	0.10742	10735	0	0.56101	0.49402	0	0.50256	0.50960	0	0.50256	0.50960	0	0.45052	0.54755	10.00696	1.03581	0	0.71417	0.57009	10.38185	1.03581	0	-0.01278	-0.01176	0.68155	0.00367	1	0.05376	-0.01555	0.65601	0.00354	1	1.45898	0.81042	0	
1228594	8287.72852	3303676880692	0.00000	0.00000	8287.58789	0.10742	10735	0	0.56101	0.49402	0	0.50256	0.50960	0	0.50256	0.50960	0	0.45052	0.54755	10.00696	1.03581	0	0.71417	0.57009	10.38185	1.03581	0	-0.01278	-0.01176	0.68155	0.00367	1	0.05376	-0.01555	0.65601	0.00354	1	1.45898	0.81042	0	
1228595	8287.73535	3303676947828	0.00000	0.00000	8287.58789	0.10742	10735	0	0.56101	0.49402	0	0.50256	0.50960	0	0.50256	0.50960	0	0.45052	0.54755	10.00696	1.03581	0	0.71417	0.57009	10.38185	1.03581	0	-0.01278	-0.01176	0.68155	0.00367	1	0.05376	-0.01555	0.65601	0.00354	1	1.45898	0.81042	0	
1228596	8287.74219	3303677013820	0.00000	0.00000	8287.58789	0.10742	10735	0	0.56101	0.49402	0	0.50256	0.50960	0	0.50256	0.50960	0	0.45052	0.54755	10.00696	1.03581	0	0.71417	0.57009	10.38185	1.03581	0	-0.01278	-0.01176	0.68155	0.00367	1	0.05376	-0.01555	0.65601	0.00354	1	1.45898	0.81042	0	
1228597	8287.74805	3303677080292	0.00000	0.00000	8287.58789	0.10742	10735	0	0.56101	0.49402	0	0.50256	0.50960	0	0.50256	0.50960	0	0.45052	0.54755	10.00696	1.03581	0	0.71417	0.57009	10.38185	1.03581	0	-0.01278	-0.01176	0.68155	0.00367	1	0.05376	-0.01555	0.65601	0.00354	1	1.45898	0.81042	0	
1228598	8287.75488	3303677147411	0.00000	0.00000	8287.58789	0.10742	10735	0	0.56101	0.49402	0	0.50256	0.50960	0	0.50256	0.50960	0	0.45052	0.54755	10.00696	1.03581	0	0.71417	0.57009	10.38185	1.03581	0	-0.01278	-0.01176	0.68155	0.00367	1	0.05376	-0.01555	0.65601	0.00354	1	1.45898	0.81042	0	
1228599	8287.76172	3303677212570	0.00000	0.00000	8287.58789	0.10742	10735	0	0.56101	0.49402	0	0.50256	0.50960	0	0.50256	0.50960	0	0.45052	0.54755	10.00696	1.03581	0	0.71417	0.57009	10.38185	1.03581	0	-0.01278	-0.01176	0.68155	0.00367	1	0.05376	-0.01555	0.65601	0.00354	1	1.45898	0.81042	0	
1228600	8287.76855	3303677278147	0.00000	0.00000	8287.58789	0.10742	10735	0	0.56101	0.49402	0	0.50256	0.50960	0	0.50256	0.50960	0	0.45052	0.54755	10.00696	1.03581	0	0.71417	0.57009	10.38185	1.03581	0	-0.01278	-0.01176	0.68155	0.00367	1	0.05376	-0.01555	0.65601	0.00354	1	1.45898	0.81042	0	
1228601	8287.77441	3303677343335	0.00000	0.00000	8287.58789	0.10742	10735	0	0.56101	0.49402	0	0.50256	0.50960	0	0.50256	0.50960	0	0.45052	0.54755	10.00696	1.03581	0	0.71417	0.57009	10.38185	1.03581	0	-0.01278	-0.01176	0.68155	0.00367	1	0.05376	-0.01555	0.65601	0.00354	1	1.45898	0.81042	0	
1228602	8287.78223	3303677415430	0.00000	0.00000	8287.58789	0.10742	10735	0	0.56101	0.49402	0	0.50256	0.50960	0	0.50256	0.50960	0	0.45052	0.54755	10.00696	1.03581	0	0.71417	0.57009	10.38185	1.03581	0	-0.01278	-0.01176	0.68155	0.00367	1	0.05376	-0.01555	0.65601	0.00354	1	1.45898	0.81042	0	
1228603	8287.78809	3303677480391	0.00000	0.00000	8287.58789	0.10742	10735	0	0.56101	0.49402	0	0.50256	0.50960	0	0.50256	0.50960	0	0.45052	0.54755	10.00696	1.03581	0	0.71417	0.57009	10.38185	1.03581	0	-0.01278	-0.01176	0.68155	0.00367	1	0.05376	-0.01555	0.65601	0.00354	1	1.45898	0.81042	0	
1228604	8287.79590	3303677549904	0.00000	0.00000	8287.58789	0.10742	10735	0	0.56101	0.49402	0	0.50256	0.50960	0	0.50256	0.50960	0	0.45052	0.54755	10.00696	1.03581	0	0.71417	0.57009	10.38185	1.03581	0	-0.01278	-0.01176	0.68155	0.00367	1	0.05376	-0.01555	0.65601	0.00354	1	1.45898	0.81042	0	
1228605	8287.80176	3303677615736	0.00000	0.00000	8287.58789	0.10742	10735	0	0.56101	0.49402	0	0.50256	0.50960	0	0.50256	0.50960	0	0.45052	0.54755	10.00696	1.03581	0	0.71417	0.57009	10.38185	1.03581	0	-0.01278	-0.01176	0.68155	0.00367	1	0.05376	-0.01555	0.65601	0.00354	1	1.45898	0.81042	0	
1228606	8287.80859	3303677678256	0.00000	0.00000	8287.58789	0.10742	10735	0	0.56101	0.49402	0	0.50256	0.50960	0	0.50256	0.50960	0	0.45052	0.54755	10.00696	1.03581	0	0.71417	0.57009	10.38185	1.03581	0	-0.01278	-0.01176	0.68155	0.00367	1	0.05376	-0.01555	0.65601	0.00354	1	1.45898	0.81042	0	
1228607	8287.81543	3303677751824	0.00000	0.00000	8287.58789	0.10742	10735	0	0.56101	0.49402	0	0.50256	0.50960	0	0.50256	0.50960	0	0.45052	0.54755	10.00696	1.03581	0	0.71417	0.57009	10.38185	1.03581	0	-0.01278	-0.01176	0.68155	0.00367	1	0.05376	-0.01555	0.65601	0.00354	1	1.45898	0.81042	0	
1228608	8287.82227	3303677818436	0.00000	0.00000	8287.58789	0.10742	10735	0	0.56101	0.49402	0	0.50256	0.50960	0	0.50256	0.50960	0	0.45052	0.54755	10.00696	1.03581	0	0.71417	0.57009	10.38185	1.03581	0	-0.01278	-0.01176	0.68155	0.00367	1	0.05376	-0.01555	0.65601	0.00354	1	1.45898	0.81042	0	
1228609	8287.82910	3303677884817	0.00000	0.00000	8287.58789	0.10742	10735	0	0.56101	0.49402	0	0.50256	0.50960	0	0.50256	0.50960	0	0.45052	0.54755	10.00696	1.03581	0	0.71417	0.57009	10.38185	1.03581	0	-0.01278	-0.01176	0.68155	0.00367	1	0.05376	-0.01555	0.65601	0.00354	1	1.45898	0.81042	0	
1228610	8287.83594	3303677951815	0.00000	0.00000	8287.58789	0.10742	10735	0	0.56101	0.49402	0	0.50256	0.50960	0	0.50256	0.50960	0	0.45052	0.54755	10.00696	1.03581	0	0.71417	0.57009	10.38185	1.03581	0	-0.01278	-0.01176	0.68155	0.00367	1	0.05376	-0.01555	0.65601	0.00354	1	1.45898	0.81042	0	
1228611	8287.84277	3303678018821	0.00000	0.00000	8287.58789	0.10742	10735	0	0.56101	0.49402	0	0.50256	0.50960	0	0.50256	0.50960	0	0.45052	0.54755	10.00696	1.03581	0	0.71417	0.57009	10.38185	1.03581	0	-0.01278	-0.01176	0.68155	0.00367	1	0.05376	-0.01555	0.65601	0.00354	1	1.45898	0.81042	0	
1228612	8287.84863	3303678086150	0.00000	0.00000	8287.58789	0.10742	10735	0	0.56101	0.49402	0	0.50256	0.50960	0	0.50256	0.50960	0	0.45052	0.54755	10.00696	1.03581	0	0.71417	0.57009	10.38185	1.03581	0	-0.01278	-0.01176	0.68155	0.00367	1	0.05376	-0.01555	0.65601	0.00354	1	1.45898	0.81042	0	
1228613	8287.85547	3303678151694	0.00000	0.00000	8287.58789	0.10742	10735	0	0.56101	0.49402	0	0.50256	0.50960	0	0.50256	0.50960	0	0.45052	0.54755	10.00696	1.03581	0	0.71417	0.57009	10.38185	1.03581	0	-0.01278	-0.01176	0.68155	0.00367	1	0.05376	-0.01555	0.65601	0.00354	1	1.45898	0.81042	0	
1228614	8287.86230	3303678218882	0.00000	0.00000	8287.58789	0.10742	10735	0	0.56101	0.49402	0	0.50256	0.50960	0	0.50256	0.50960	0	0.45052	0.54755	10.00696	1.03581	0	0.71417	0.57009	10.38185	1.03581	0	-0.01278	-0.01176	0.68155	0.00367	1	0.05376	-0.01555	0.65601	0.00354	1	1.45898	0.81042	0	
1228615	8287.87012	3303678299833	0.00000	0.00000	8287.58789	0.10742	10735	0	0.56101	0.49402	0	0.50256	0.50960	0	0.50256	0.50960	0	0.45052	0.54755	10.00696	1.03581	0	0.71417	0.57009	10.38185	1.03581	0	-0.01278	-0.01176	0.68155	0.00367	1	0.05376	-0.01555	0.65601	0.00354	1	1.45898	0.81042	0	
1228616	8287.87695	3303678362280	0.00000	0.00000	8287.58789	0.10742	10735	0	0.56101	0.49402	0	0.50256	0.50960	0	0.50256	0.50960	0	0.45052	0.54755	10.00696	1.03581	0	0.71417	0.57009	10.38185	1.03581	0	-0.01278	-0.01176	0.68155	0.00367	1	0.05376	-0.01555	0.65601	0.00354	1	1.45898	0.81042	0	
1228617	8287.88281	3303678419815	0.00000	0.00000	8287.58789	0.10742	10735	0	0.56101	0.49402	0	0.50256	0.50960	0	0.50256	0.50960	0	0.45052	0.54755	10.00696	1.03581	0	0.71417	0.57009	10.38185	1.03581	0	-0.01278	-0.01176	0.68155	0.00367	1	0.05376	-0.01555	0.65601	0.00354	1	1.45898	0.81042	0	
1228618	8287.88867	3303678486486	0.00000	0.00000	8287.58789	0.10742	10735	0	0.56101	0.49402	0	0.50256	0.50960	0	0.50256	0.50960	0	0.45052	0.54755	10.00696	1.03581	0	0.71417	0.57009	10.38185	1.03581	0	-0.01278	-0.01176	0.68155	0.00367	1	0.05376	-0.01555	0.65601	0.00354	1	1.45898	0.81042	0	
1228619	8287.89551	3303678551981	0.00000	0.00000	8287.58789	0.10742	10735	0	0.56101	0.49402	0	0.50256	0.50960	0	0.50256	0.50960	0	0.45052	0.54755	10.00696	1.03581	0	0.71417	0.57009	10.38185	1.03581	0	-0.01278	-0.01176	0.68155	0.00367	1	0.05376	-0.01555	0.65601	0.00354	1	1.45898	0.81042	0	
1228620	8287.90234	3303678620880	0.00000	0.00000	8287.58789	0.10742	10735	0	0.56101	0.49402	0	0.50256	0.50960	0	0.50256	0.50960	0	0.45052	0.54755	10.00696	1.03581	0	0.71417	0.57009	10.38185	1.03581	0	-0.01278	-0.01176	0.68155	0.00367	1	0.05376	-0.01555	0.65601	0.00354	1	1.45898	0.81042	0	
1228621	8287.90918	3303678689744	0.00000	0.00000	8287.58789	0.10742	10735	0	0.56101	0.49402	0	0.50256	0.50960	0	0.50256	0.50960	0	0.45052	0.54755	10.00696	1.03581	0	0.71417	0.57009	10.38185	1.03581	0	-0.01278	-0.01176	0.68155	0.00367	1	0.05376	-0.01555	0.65601	0.00354	1	1.45898	0.81042	0	
1228622	8287.91602	3303678755175	0.00000	0.00000	8287.58789	0.10742	10735	0	0.56101	0.49402	0	0.50256	0.50960	0	0.50256	0.50960	0	0.45052	0.54755	10.00696	1.03581	0	0.71417	0.57009	10.38185	1.03581	0	-0.01278	-0.01176	0.68155	0.00367	1	0.05376	-0.01555	0.65601	0.00354	1	1.45898	0.81042	0	
1228623	8287.92285	3303678825046	0.43500	0.53994	8287.58789	0.10742	10735	0	0.45240	0.56599	1	0.41760	0.51389	1	0.43500	0.53994	1	0.44552	0.54926	10.99232	1.03581	1	0.70986	0.56939	11.24296	1.03581	1	-0.01278	-0.01176	0.68155	0.00341	1	0.05376	-0.01555	0.65601	0.00380	1	1.45898	0.81042	0	
1228624	8287.92969	3303678889674	0.42749	0.54658	8287.58789	0.10742	10735	0	0.44780	0.57002	1	0.39217	0.53643	1	0.41999	0.55322	1	0.44543	0.54927	10.92165	1.03581	1	0.70952	0.56965	11.01814	1.03581	1	-0.01278	-0.01176	0.68155	0.00343	1	0.05376	-0.01555	0.65601	0.00360	1	1.45898	0.81042	0	
1228625	8287.93652	3303678956709	0.42461	0.54612	8287.58789	0.10742	10735	0	0.44621	0.56464	1	0.39150	0.52577	1	0.41886	0.54521	1	0.44554	0.54899	10.84181	1.04489	1	0.70943	0.57003	11.31017	1.05255	1	-0.01402	-0.01208	0.70024	0.00361	1	0.05359	-0.01571	0.66302	0.00340	1	1.45898	0.81042	0	
1228626	8287.94238	3303679023543	0.42627	0.53783	8287.92285	0.01953	10736	1	0.44699	0.53447	1	0.41547	0.49145	1	0.43123	0.51296	1	0.44548	0.54900	10.76588	1.06164	1	0.70985	0.56967	12.07204	1.06930	1	-0.01402	-0.01208	0.70024	0.00364	1	0.05359	-0.01571	0.66302	0.00339	1	1.45898	0.81042	0	
1228627	8287.94922	3303679089300	0.42730	0.53580	8287.92285	0.02637	10736	1	0.45500	0.58033	1	0.40784	0.47505	1	0.43142	0.52769	1	0.44554	0.54942	11.18933	1.07838	1	0.70975	0.56952	11.94202	1.08604	1	-0.01402	-0.01208	0.70024	0.00362	1	0.05359	-0.01571	0.66302	0.00348	1	1.45898	0.81042	0	
1228628	8287.95605	3303679156563	0.42787	0.53367	8287.92285	0.03320	10736	1	0.45375	0.57606	1	0.40766	0.46996	1	0.43070	0.52301	1	0.44557	0.54936	11.12245	1.08604	1	0.71008	0.56965	11.61480	1.09370	1	-0.01349	-0.01166	0.67615	0.00340	1	0.05359	-0.01576	0.66302	0.00370	1	1.45898	0.81042	0	
1228629	8287.96289	3303679223073	0.42773	0.52335	8287.92285	0.04004	10736	1	0.43800	0.55620	1	0.41587	0.36668	1	0.42693	0.46144	1	0.44539	0.54949	11.23966	1.08462	1	0.70988	0.56885	11.65402	1.08462	1	-0.01349	-0.01166	0.67615	0.00345	1	0.05359	-0.01576	0.66302	0.00335	1	1.45898	0.81042	0	
1228630	8287.96973	3303679290770	0.43032	0.52048	8287.92285	0.04688	10736	1	0.49048	0.59032	1	0.40639	0.41038	1	0.44844	0.50035	1	0.44627	0.54981	13.18865	1.07553	1	0.70968	0.56919	11.91714	1.07553	1	-0.01349	-0.01166	0.67615	0.00339	1	0.05359	-0.01576	0.66302	0.00337	1	1.45898	0.81042	0	
1228631	8287.97656	3303679356719	0.43241	0.51889	8287.92285	0.05371	10736	1	0.49170	0.59530	1	0.40662	0.41702	1	0.44916	0.50616	1	0.44534	0.54963	11.51294	1.06645	1	0.70973	0.56934	11.80680	1.06645	1	-0.01349	-0.01176	0.67615	0.00344	1	0.05359	-0.01571	0.66302	0.00326	1	1.45898	0.81042	0	
1228632	8287.98242	3303679421276	0.43188	0.51759	8287.92285	0.05957	10736	1	0.44210	0.54783	1	0.41207	0.46399	1	0.42708	0.50591	1	0.44543	0.54932	11.30159	1.06645	1	0.70985	0.57009	11.81304	1.06645	1	-0.01349	-0.01176	0.67615	0.00337	1	0.05359	-0.01571	0.66302	0.00351	1	1.45898	0.81042	0	
1228633	8287.98926	3303679490389	0.43054	0.51913	8287.92285	0.06641	10736	1	0.42655	0.58939	1	0.40762	0.47980	1	0.41708	0.53460	1	0.44524	0.54958	11.22931	1.06645	1	0.70980	0.56975	11.71383	1.06645	1	-0.01349	-0.01176	0.67615	0.00330	1	0.05359	-0.01571	0.66302	0.00362	1	1.45898	0.81042	0	
1228634	8287.99609	3303679558558	0.42942	0.52064	8287.92285	0.07324	10736	1	0.42655	0.58939	1	0.40781	0.48495	1	0.41718	0.53717	1	0.44546	0.54955	11.40338	1.06645	1	0.71009	0.57057	12.60491	1.05879	1	-0.01349	-0.01182	0.67615	0.00341	1	0.05304	-0.01554	0.65566	0.00338	1	1.45898	0.81042	0	
1228635	8288.00293	3303679625618	0.43041	0.52181	8287.92285	0.08008	10736	1	0.45371	0.53363	1	0.43076	0.53821	1	0.44224	0.53592	1	0.44554	0.54941	11.36311	1.05879	1	0.71004	0.57046	12.38203	1.05113	1	-0.01349	-0.01182	0.67615	0.00339	1	0.05304	-0.01554	0.65566	0.00340	1	1.45898	0.81042	0	
1228636	8288.00977	3303679692585	0.43074	0.52368	8287.92285	0.08691	10736	1	0.45337	0.55637	1	0.41671	0.53940	1	0.43504	0.54788	1	0.44555	0.54924	11.57962	1.05113	1	0.70994	0.57023	12.13465	1.04347	1	-0.01349	-0.01182	0.67615	0.00338	1	0.05304	-0.01554	0.65566	0.00343	1	1.45898	0.81042	0	
1228637	8288.01660	3303679759527	0.43112	0.52577	8287.92285	0.09375	10736	1	0.45600	0.56570	1	0.41684	0.54446	1	0.43642	0.55508	1	0.44582	0.54949	12.13283	1.03545	1	0.70982	0.57043	12.17021	1.03545	1	-0.01309	-0.01151	0.65876	0.00339	1	0.05544	-0.01633	0.68455	0.00338	1	1.45898	0.81042	0	
1228638	8288.02344	3303679826699	0.43091	0.52509	8287.92285	0.10059	10736	1	0.47203	0.53808	1	0.38358	0.49176	1	0.42780	0.51492	1	0.44580	0.54936	11.58538	1.02743	1	0.70973	0.57043	12.23500	1.03509	1	-0.01309	-0.01151	0.65876	0.00345	1	0.05544	-0.01633	0.68455	0.00334	1	1.45898	0.81042	0	
1228639	8288.03027	3303679894150	0.43120	0.52453	8287.92285	0.10742	10736	1	0.48055	0.53423	1	0.39118	0.49702	1	0.43586	0.51562	1	0.44596	0.54922	11.55769	1.02708	1	0.70983	0.57037	12.09846	1.03474	1	-0.01309	-0.01151	0.65876	0.00343	1	0.05544	-0.01633	0.68455	0.00334	1	1.45898	0.81042	0	
1228640	8288.03613	3303679960681	0.43143	0.52391	8287.92285	0.11328	10736	1	0.47942	0.52940	1	0.39118	0.49702	1	0.43530	0.51321	1	0.44604	0.54923	11.43719	1.03474	1	0.70986	0.57031	12.41974	1.03474	1	-0.01359	-0.01200	0.68655	0.00344	1	0.05304	-0.01564	0.65566	0.00325	1	1.45898	0.81042	0	
1228641	8288.04297	3303680027262	0.43118	0.52349	8287.92285	0.12012	10736	1	0.45379	0.54544	1	0.39940	0.48677	1	0.42660	0.51610	1	0.44593	0.54950	11.88916	1.04275	1	0.71002	0.57004	12.17106	1.03509	1	-0.01359	-0.01200	0.68655	0.00337	1	0.05304	-0.01564	0.65566	0.00331	1	1.45898	0.81042	0	
1228642	8288.04980	3303680094566	0.43108	0.52337	8287.92285	0.12695	10736	1	0.45987	0.54045	1	0.39885	0.50158	1	0.42936	0.52102	1	0.44604	0.54947	11.57166	1.04311	1	0.70998	0.57031	12.28259	1.03545	1	-0.01359	-0.01200	0.68655	0.00342	1	0.05304	-0.01564	0.65566	0.00330	1	1.45898	0.81042	0	
1228643	8288.05664	3303680161817	0.43096	0.52297	8287.92285	0.13379	10736	1	0.45833	0.53464	1	0.39853	0.49525	1	0.42843	0.51494	1	0.44585	0.54949	11.75486	1.05255	1	0.71022	0.57002	11.61926	1.04489	1	-0.01368	-0.01213	0.69392	0.00349	1	0.05304	-0.01564	0.65566	0.00336	1	1.45898	0.81042	0	
1228644	8288.06348	3303680228405	0.43116	0.52280	8287.92285	0.14062	10736	1	0.44039	0.57307	1	0.43052	0.46531	1	0.43545	0.51919	1	0.44580	0.54945	11.69464	1.05398	1	0.71052	0.57006	11.68298	1.05398	1	-0.01368	-0.01213	0.69392	0.00355	1	0.05304	-0.01564	0.65566	0.00341	1	1.45898	0.81042	0	
1228645	8288.07031	3303680295431	0.43014	0.52277	8287.92285	0.14746	10736	1	0.40716	0.57206	1	0.40807	0.47218	1	0.40761	0.52212	1	0.44564	0.54988	12.27385	1.06307	1	0.71047	0.57011	11.73050	1.06307	1	-0.01368	-0.01213	0.69392	0.00351	1	0.05304	-0.01564	0.65566	0.00333	1	1.45898	0.81042	0	
1228646	8288.07715	3303680362448	0.42916	0.52250	8287.92285	0.15430	10736	1	0.40530	0.56682	1	0.40785	0.46599	1	0.40657	0.51641	1	0.44607	0.54895	11.87911	1.07215	1	0.71052	0.57018	12.19880	1.07215	1	-0.01403	-0.01248	0.71119	0.00347	1	0.05351	-0.01575	0.66018	0.00338	1	1.45898	0.81042	0	
1228647	8288.08301	3303680429615	0.42867	0.51998	8287.92285	0.16016	10736	1	0.42577	0.48411	1	0.40822	0.43475	1	0.41699	0.45943	1	0.44603	0.54902	11.96855	1.07215	1	0.71042	0.57011	12.74409	1.07215	1	-0.01403	-0.01248	0.71119	0.00348	1	0.05351	-0.01575	0.66018	0.00336	1	1.45898	0.81042	0	
1228648	8288.08984	3303680497053	0.42830	0.51830	8287.92285	0.16699	10736	1	0.43155	0.48319	1	0.40641	0.46918	1	0.41898	0.47619	1	0.44611	0.54910	11.87103	1.07215	1	0.71053	0.57027	12.35647	1.07215	1	-0.01403	-0.01248	0.71119	0.00344	1	0.05351	-0.01575	0.66018	0.00342	1	1.45898	0.81042	0	
1228649	8288.09668	3303680563384	0.42799	0.51696	8287.92285	0.17383	10736	1	0.43320	0.48913	1	0.40664	0.47535	1	0.41992	0.48224	1	0.44584	0.54908	11.74528	1.06307	1	0.71050	0.56935	11.79268	1.06307	1	-0.01343	-0.01194	0.68352	0.00364	1	0.05351	-0.01575	0.66018	0.00353	1	1.45898	0.81042	0	
1228650	8288.10352	3303680630457	0.42767	0.51477	8287.92285	0.18066	10736	1	0.43383	0.49912	1	0.40446	0.41220	1	0.41914	0.45566	1	0.44596	0.54889	11.95407	1.05398	1	0.71047	0.56969	11.99993	1.05398	1	-0.01343	-0.01194	0.68352	0.00361	1	0.05351	-0.01575	0.66018	0.00340	1	1.45898	0.81042	0	
1228651	8288.11035	3303680697283	0.42796	0.51394	8287.92285	0.18750	10736	1	0.45934	0.56472	1	0.41245	0.41652	1	0.43590	0.49062	1	0.44637	0.54905	12.24520	1.04489	1	0.71051	0.56964	11.81863	1.04489	1	-0.01343	-0.01194	0.68352	0.00360	1	0.05351	-0.01575	0.66018	0.00340	1	1.45898	0.81042	0	
1228652	8288.11719	3303680764353	0.42827	0.51345	8287.92285	0.19434	10736	1	0.46215	0.57482	1	0.41264	0.42357	1	0.43740	0.49920	1	0.44615	0.54907	12.51784	1.02779	1	0.71043	0.57010	12.23188	1.03545	1	-0.01291	-0.01148	0.65969	0.00354	1	0.05543	-0.01629	0.68318	0.00344	1	1.45898	0.81042	0	
1228653	8288.12402	3303680831480	0.42796	0.51418	8287.92285	0.20117	10736	1	0.42876	0.59114	1	0.40848	0.48119	1	0.41862	0.53617	1	0.44623	0.54921	12.57118	1.02743	1	0.71055	0.57015	12.21896	1.03509	1	-0.01291	-0.01148	0.65969	0.00342	1	0.05543	-0.01629	0.68318	0.00348	1	1.45898	0.81042	0	
1228654	8288.12988	3303680898325	0.42796	0.51382	8287.92285	0.20703	10736	1	0.44639	0.55493	1	0.40939	0.45012	1	0.42789	0.50253	1	0.44609	0.54902	12.45908	1.02708	1	0.71048	0.57009	12.21286	1.03474	1	-0.01291	-0.01148	0.65969	0.00358	1	0.05543	-0.01629	0.68318	0.00348	1	1.45898	0.81042	0	
1228655	8288.13672	3303680965316	0.42790	0.51314	8287.92285	0.21387	10736	1	0.44342	0.54470	1	0.40900	0.43804	1	0.42621	0.49137	1	0.44630	0.54890	11.63241	1.04382	1	0.71072	0.57020	11.87595	1.05148	1	-0.01380	-0.01227	0.70501	0.00336	1	0.05543	-0.01629	0.68318	0.00341	1	1.45898	0.81042	0	
1228656	8288.14355	3303681032032	0.42759	0.51319	8287.92285	0.22070	10736	1	0.42298	0.53278	1	0.41137	0.49747	1	0.41717	0.51513	1	0.44633	0.54894	11.44849	1.06858	1	0.71060	0.57008	11.77703	1.06858	1	-0.01380	-0.01227	0.70501	0.00345	1	0.05543	-0.01629	0.68318	0.00339	1	1.45898	0.81042	0	
1228657	8288.15039	3303681097756	0.42740	0.51292	8287.92285	0.22754	10736	1	0.43069	0.52111	1	0.41100	0.48628	1	0.42085	0.50369	1	0.44648	0.54890	11.86401	1.08569	1	0.71060	0.57008	11.77703	1.08569	1	-0.01380	-0.01227	0.70501	0.00341	1	0.05543	-0.01629	0.68318	0.00339	1	1.45898	0.81042	0	
1228658	8288.15723	3303681166093	0.42719	0.51245	8287.92285	0.23438	10736	1	0.42924	0.51622	1	0.41065	0.47535	1	0.41995	0.49578	1	0.44660	0.54915	11.74443	1.09370	1	0.71059	0.57035	12.06287	1.10238	1	-0.01322	-0.01180	0.67808	0.00343	1	0.05746	-0.01698	0.70755	0.00332	1	1.45898	0.81042	0	
1228659	8288.16309	3303681229114	0.42696	0.51159	8287.92285	0.24023	10736	1	0.44225	0.53035	1	0.39533	0.43080	1	0.41879	0.48058	1	0.44655	0.54916	12.21677	1.09330	1	0.71069	0.57001	12.10749	1.10198	1	-0.01322	-0.01180	0.67808	0.00364	1	0.05746	-0.01698	0.70755	0.00332	1	1.45898	0.81042	0	
1228660	8288.16992	3303681293189	0.42631	0.51091	8287.92285	0.24707	10736	1	0.42640	0.52395	1	0.37835	0.44766	1	0.40238	0.48580	1	0.44666	0.54883	12.32625	1.09289	1	0.71082	0.57027	13.16075	1.10157	1	-0.01322	-0.01180	0.67808	0.00379	1	0.05746	-0.01698	0.70755	0.00336	1	1.45898	0.81042	0	
1228661	8288.17676	3303681364649	0.42571	0.51035	8287.92285	0.25391	10736	1	0.42648	0.52419	1	0.37880	0.45382	1	0.40264	0.48901	1	0.44831	0.54826	12.25302	1.09249	1	0.71245	0.56975	12.79490	1.09249	1	-0.01298	-0.01171	0.67599	0.00358	1	0.05413	-0.01580	0.66471	0.00366	1	1.45898	0.81042	0	
1228662	8288.18359	3303681430970	0.42683	0.50878	8287.92285	0.26074	10736	1	0.49457	0.49759	1	0.44646	0.39790	1	0.47052	0.44775	1	0.44863	0.54885	12.51307	1.09249	1	0.71270	0.56976	12.77541	1.08381	1	-0.01298	-0.01171	0.67599	0.00348	1	0.05413	-0.01580	0.66471	0.00346	1	1.45898	0.81042	0	
1228663	8288.19043	3303681498582	0.42799	0.50721	8287.92285	0.26758	10736	1	0.49587	0.47971	1	0.45304	0.40873	1	0.47445	0.44422	1	0.44872	0.54861	11.39544	1.08381	1	0.71273	0.56976	12.65642	1.07513	1	-0.01298	-0.01171	0.67599	0.00351	1	0.05413	-0.01580	0.66471	0.00352	1	1.45898	0.81042	0	
1228664	8288.19727	3303681565425	0.42911	0.50585	8287.92285	0.27441	10736	1	0.49697	0.48533	1	0.45289	0.41511	1	0.47493	0.45022	1	0.44940	0.54815	11.87917	1.07513	1	0.71356	0.56972	12.30516	1.06645	1	-0.01283	-0.01171	0.67878	0.00368	1	0.05627	-0.01642	0.68846	0.00366	1	1.45898	0.81042	0	
1228665	8288.20312	3303681630496	0.43814	0.48099	8287.92285	0.27441	10736	0	0.51466	0.49445	1	0.48922	0.43711	1	0.50194	0.46578	1	0.44935	0.54842	12.35772	1.06645	1	0.71341	0.56983	12.50096	1.06645	1	-0.01283	-0.01171	0.67878	0.00334	1	0.05627	-0.01642	0.68846	0.00348	1	1.45898	0.81042	0	
1228666	8288.20996	3303681699548	0.47169	0.46394	8287.92285	0.27441	10736	0	0.51591	0.45116	1	0.49458	0.44262	1	0.50524	0.44689	1	0.44941	0.54833	11.36215	1.06645	1	0.71355	0.56992	12.43913	1.06645	1	-0.01283	-0.01171	0.67878	0.00344	1	0.05627	-0.01642	0.68846	0.00349	1	1.45898	0.81042	0	
1228667	8288.21680	3303681765102	0.48288	0.45826	8287.92285	0.27441	10736	0	0.51591	0.45116	1	0.49458	0.44262	1	0.50524	0.44689	1	0.44954	0.54853	11.11091	1.06645	1	0.71355	0.56965	12.13362	1.06645	1	-0.01283	-0.01171	0.67878	0.00351	1	0.05627	-0.01642	0.68846	0.00375	1	1.45898	0.81042	0	
1228668	8288.22363	3303681834050	0.48849	0.46313	8288.20312	0.02051	10737	1	0.52403	0.51163	1	0.48660	0.44388	1	0.50532	0.47775	1	0.44940	0.54877	11.60942	1.06645	1	0.71335	0.56988	12.56867	1.06645	1	-0.01283	-0.01171	0.67878	0.00347	1	0.05627	-0.01642	0.68846	0.00370	1	1.45898	0.81042	0	
1228669	8288.23047	3303681902788	0.49142	0.46436	8288.20312	0.02734	10737	1	0.51371	0.49455	1	0.49262	0.44403	1	0.50317	0.46929	1	0.44938	0.54859	11.39964	1.06645	1	0.71351	0.56980	12.37031	1.06645	1	-0.01283	-0.01171	0.67878	0.00346	1	0.05627	-0.01642	0.68846	0.00370	1	1.45898	0.81042	0	
1228670	8288.23730	3303681969811	0.49338	0.46518	8288.20312	0.03418	10737	1	0.51371	0.49455	1	0.49262	0.44403	1	0.50317	0.46929	1	0.44953	0.54844	11.08946	1.06645	1	0.71356	0.56972	12.30516	1.06645	1	-0.01283	-0.01171	0.67878	0.00357	1	0.05556	-0.01616	0.67976	0.00366	1	1.45898	0.81042	0	
1228671	8288.24414	3303682036611	0.49520	0.46187	8288.20312	0.04102	10737	1	0.52702	0.47706	1	0.48516	0.40694	1	0.50609	0.44200	1	0.44953	0.54844	11.08946	1.06645	1	0.71339	0.56974	12.43456	1.06645	1	-0.01283	-0.01171	0.67878	0.00357	1	0.05556	-0.01616	0.67976	0.00358	1	1.45898	0.81042	0	
1228672	8288.25098	3303682103832	0.49758	0.45850	8288.20312	0.04785	10737	1	0.54070	0.46484	1	0.48778	0.40487	1	0.51424	0.43486	1	0.44948	0.54837	11.38076	1.06645	1	0.71330	0.56954	12.26312	1.06645	1	-0.01283	-0.01171	0.67878	0.00346	1	0.05556	-0.01616	0.67976	0.00362	1	1.45898	0.81042	0	
1228673	8288.25781	3303682169656	0.49941	0.45515	8288.20312	0.05469	10737	1	0.53987	0.45876	1	0.48822	0.39807	1	0.51405	0.42842	1	0.44945	0.54857	11.39071	1.07553	1	0.71359	0.56960	12.05194	1.07553	1	-0.01326	-0.01206	0.69884	0.00352	1	0.05556	-0.01626	0.67976	0.00377	1	1.45898	0.81042	0	
1228674	8288.26465	3303682237872	0.50091	0.45484	8288.20312	0.06152	10737	1	0.54767	0.45415	1	0.48122	0.44984	1	0.51445	0.45200	1	0.44948	0.54837	11.38076	1.08462	1	0.71327	0.56971	12.24191	1.08462	1	-0.01326	-0.01206	0.69884	0.00346	1	0.05556	-0.01626	0.67976	0.00366	1	1.45898	0.81042	0	
1228675	8288.27051	3303682304994	0.50346	0.45118	8288.20312	0.06738	10737	1	0.55423	0.44523	1	0.50363	0.38388	1	0.52893	0.41455	1	0.44957	0.54832	11.14431	1.09370	1	0.71356	0.56943	12.02776	1.09370	1	-0.01326	-0.01206	0.69884	0.00350	1	0.05556	-0.01626	0.67976	0.00375	1	1.45898	0.81042	0	
1228676	8288.27734	3303682371994	0.50557	0.44926	8288.20312	0.07422	10737	1	0.55541	0.45537	1	0.50223	0.40098	1	0.52882	0.42818	1	0.44952	0.54850	11.31276	1.07856	1	0.71343	0.56917	11.97158	1.07090	1	-0.01202	-0.01102	0.63615	0.00354	1	0.05428	-0.01590	0.66474	0.00364	1	1.45898	0.81042	0	
1228677	8288.28418	3303682438842	0.50678	0.44863	8288.20312	0.08105	10737	1	0.54625	0.48247	1	0.49637	0.39970	1	0.52131	0.44109	1	0.44943	0.54834	11.27528	1.04667	1	0.71348	0.56913	11.77651	1.03901	1	-0.01202	-0.01102	0.63615	0.00370	1	0.05428	-0.01590	0.66474	0.00363	1	1.45898	0.81042	0	
1228678	8288.29102	3303682505914	0.50821	0.45209	8288.20312	0.08789	10737	1	0.55768	0.50696	1	0.49587	0.48716	1	0.52677	0.49706	1	0.44949	0.54851	11.30420	1.01479	1	0.71353	0.57009	12.26789	1.00713	1	-0.01202	-0.01102	0.63615	0.00357	1	0.05428	-0.01590	0.66474	0.00347	1	1.45898	0.81042	0	
1228679	8288.29688	3303682568226	0.50947	0.45622	8288.20312	0.09375	10737	1	0.55970	0.52334	1	0.49441	0.50477	1	0.52705	0.51405	1	0.44919	0.54879	12.09491	0.99002	1	0.71318	0.56990	11.86993	0.98236	1	-0.01293	-0.01181	0.68176	0.00343	1	0.05428	-0.01580	0.66474	0.00345	1	1.45898	0.81042	0	
1228680	8288.30469	3303682639280	0.50978	0.45983	8288.20312	0.10156	10737	1	0.55716	0.54832	1	0.47189	0.47949	1	0.51453	0.51390	1	0.44942	0.54886	11.75236	0.98949	1	0.71316	0.56970	11.51765	0.98949	1	-0.01293	-0.01181	0.68176	0.00344	1	0.05428	-0.01580	0.66474	0.00348	1	1.45898	0.81042	0	
1228681	8288.31055	3303682703962	0.50944	0.46194	8288.20312	0.10742	10737	1	0.53832	0.54112	1	0.46957	0.45042	1	0.50395	0.49577	1	0.44926	0.54865	11.95299	0.99662	1	0.71317	0.56980	11.71670	0.99662	1	-0.01293	-0.01181	0.68176	0.00348	1	0.05428	-0.01580	0.66474	0.00347	1	1.45898	0.81042	0	
1228682	8288.31738	3303682769523	0.50911	0.46323	8288.20312	0.11426	10737	1	0.53681	0.53143	1	0.47008	0.43901	1	0.50345	0.48522	1	0.44937	0.54880	11.54709	1.01176	1	0.71324	0.57010	11.47814	1.01176	1	-0.01285	-0.01169	0.67466	0.00348	1	0.05435	-0.01592	0.66558	0.00352	1	1.45898	0.81042	0	
1228683	8288.32422	3303682837546	0.50898	0.46575	8288.20312	0.12109	10737	1	0.53814	0.53655	1	0.47535	0.48563	1	0.50675	0.51109	1	0.44925	0.54869	11.19921	1.01978	1	0.71324	0.57010	11.47814	1.01978	1	-0.01285	-0.01169	0.67466	0.00350	1	0.05435	-0.01592	0.66558	0.00352	1	1.45898	0.81042	0	
1228684	8288.33105	3303682907294	0.50857	0.46800	8288.20312	0.12793	10737	1	0.52547	0.53084	1	0.47604	0.49046	1	0.50076	0.51065	1	0.44909	0.54861	11.74003	1.02779	1	0.71324	0.56995	11.44367	1.02779	1	-0.01285	-0.01169	0.67466	0.00347	1	0.05435	-0.01592	0.66558	0.00362	1	1.45898	0.81042	0	
1228685	8288.33789	3303682973731	0.50820	0.47003	8288.20312	0.13477	10737	1	0.52547	0.53084	1	0.47604	0.49046	1	0.50076	0.51065	1	0.44936	0.54883	12.22552	1.02779	1	0.71313	0.57000	11.47738	1.02779	1	-0.01256	-0.01142	0.66224	0.00341	1	0.05435	-0.01587	0.66558	0.00346	1	1.45898	0.81042	0	
1228686	8288.34473	3303683039399	0.50778	0.47218	8288.20312	0.14160	10737	1	0.52638	0.53904	1	0.47164	0.49570	1	0.49901	0.51737	1	0.44909	0.54879	10.38044	1.01978	1	0.71316	0.56999	11.48188	1.01978	1	-0.01256	-0.01142	0.66224	0.00353	1	0.05435	-0.01587	0.66558	0.00342	1	1.45898	0.81042	0	
1228687	8288.35156	3303683106495	0.50734	0.47295	8288.20312	0.14844	10737	1	0.53859	0.49434	1	0.45663	0.48524	1	0.49761	0.48979	1	0.44931	0.54868	10.90446	1.01176	1	0.71291	0.57006	11.52042	1.01176	1	-0.01256	-0.01142	0.66224	0.00345	1	0.05435	-0.01587	0.66558	0.00349	1	1.45898	0.81042	0	
1228688	8288.35742	3303683173433	0.50695	0.47388	8288.20312	0.15430	10737	1	0.53938	0.49976	1	0.45646	0.49091	1	0.49792	0.49534	1	0.44928	0.54889	10.94849	1.00374	1	0.71317	0.56987	11.80057	1.00374	1	-0.01256	-0.01152	0.66224	0.00344	1	0.05435	-0.01587	0.66558	0.00335	1	1.45898	0.81042	0	
1228689	8288.36426	3303683240351	0.50729	0.50268	8288.20312	0.15430	10737	0	0.54574	0.51856	1	0.47223	0.46408	1	0.50899	0.49132	1	0.44940	0.54899	11.14908	1.00374	1	0.71317	0.56987	11.80057	1.00374	1	-0.01256	-0.01152	0.66224	0.00345	1	0.05435	-0.01587	0.66558	0.00335	1	1.45898	0.81042	0	
1228690	8288.37109	3303683306606	0.50743	0.49190	8288.20312	0.15430	10737	0	0.54531	0.50499	1	0.46982	0.45723	1	0.50756	0.48111	1	0.44929	0.54882	10.89265	1.00374	1	0.71319	0.56974	11.48083	1.00374	1	-0.01256	-0.01152	0.66224	0.00340	1	0.05435	-0.01587	0.66558	0.00338	1	1.45898	0.81042	0	
1228691	8288.37793	3303683376577	0.50740	0.48641	8288.20312	0.15430	10737	0	0.54456	0.49961	1	0.47009	0.45129	1	0.50733	0.47545	1	0.44908	0.54873	10.95343	1.01176	1	0.71319	0.56965	11.36744	1.01176	1	-0.01285	-0.01169	0.67466	0.00339	1	0.05318	-0.01551	0.65252	0.00340	1	1.45898	0.81042	0	
1228692	8288.38477	3303683443655	0.50714	0.48588	8288.36426	0.02051	10738	1	0.53601	0.46724	1	0.47672	0.50134	1	0.50637	0.48429	1	0.44923	0.54830	10.74495	1.01978	1	0.71282	0.57019	11.82152	1.01978	1	-0.01285	-0.01169	0.67466	0.00346	1	0.05318	-0.01551	0.65252	0.00342	1	1.45898	0.81042	0	
1228693	8288.39160	3303683510796	0.50578	0.48347	8288.36426	0.02734	10738	1	0.52915	0.46122	1	0.47154	0.48647	1	0.50034	0.47384	1	0.44914	0.54856	10.69842	1.02779	1	0.71309	0.57000	11.28158	1.02779	1	-0.01285	-0.01169	0.67466	0.00343	1	0.05318	-0.01551	0.65252	0.00351	1	1.45898	0.81042	0	
1228694	8288.39844	3303683577585	0.50483	0.48094	8288.36426	0.03418	10738	1	0.52831	0.45562	1	0.47182	0.48089	1	0.50006	0.46825	1	0.44889	0.54890	10.85862	1.03581	1	0.71297	0.57011	11.68987	1.03581	1	-0.01285	-0.01169	0.67466	0.00338	1	0.05435	-0.01587	0.66558	0.00346	1	1.45898	0.81042	0	
1228695	8288.40527	3303683644331	0.50369	0.47782	8288.36426	0.04102	10738	1	0.52463	0.49022	1	0.46917	0.42804	1	0.49690	0.45913	1	0.44913	0.54866	10.93424	1.03581	1	0.71315	0.56975	11.43174	1.03581	1	-0.01285	-0.01169	0.67466	0.00334	1	0.05435	-0.01587	0.66558	0.00342	1	1.45898	0.81042	0	
1228696	8288.41211	3303683711843	0.50235	0.47822	8288.36426	0.04785	10738	1	0.51026	0.49071	1	0.47569	0.47131	1	0.49297	0.48101	1	0.44885	0.54886	10.77542	1.03581	1	0.71325	0.57008	11.45813	1.03581	1	-0.01285	-0.01169	0.67466	0.00339	1	0.05435	-0.01587	0.66558	0.00353	1	1.45898	0.81042	0	
1228697	8288.41797	3303683778634	0.50131	0.47853	8288.36426	0.05371	10738	1	0.51026	0.49071	1	0.47569	0.47131	1	0.49297	0.48101	1	0.44888	0.54874	10.65578	1.03581	1	0.71311	0.56995	11.60862	1.03581	1	-0.01285	-0.01169	0.67466	0.00346	1	0.05435	-0.01587	0.66558	0.00339	1	1.45898	0.81042	0	
1228698	8288.42480	3303683845409	0.50050	0.48173	8288.36426	0.06055	10738	1	0.51617	0.48677	1	0.47020	0.53424	1	0.49318	0.51051	1	0.44890	0.54877	10.66867	1.03581	1	0.71321	0.56995	11.46026	1.03581	1	-0.01285	-0.01169	0.67466	0.00347	1	0.05435	-0.01587	0.66558	0.00347	1	1.45898	0.81042	0	
1228699	8288.43164	3303683911901	0.49982	0.48174	8288.36426	0.06738	10738	1	0.51479	0.47312	1	0.47138	0.49051	1	0.49308	0.48182	1	0.44888	0.54874	10.65578	1.03581	1	0.71321	0.56995	11.46026	1.03581	1	-0.01285	-0.01169	0.67466	0.00346	1	0.05435	-0.01587	0.66558	0.00347	1	1.45898	0.81042	0	
1228700	8288.43848	3303683977781	0.49926	0.48174	8288.36426	0.07422	10738	1	0.51479	0.47312	1	0.47138	0.49051	1	0.49308	0.48182	1	0.44876	0.54860	10.96075	1.03581	1	0.71324	0.56998	11.35347	1.03581	1	-0.01285	-0.01169	0.67466	0.00343	1	0.05435	-0.01592	0.66558	0.00352	1	1.45898	0.81042	0	
1228701	8288.44531	3303684045943	0.49817	0.48124	8288.36426	0.08105	10738	1	0.50437	0.50301	1	0.46588	0.44730	1	0.48512	0.47516	1	0.44876	0.54877	11.15158	1.03581	1	0.71302	0.56978	11.42638	1.03581	1	-0.01285	-0.01169	0.67466	0.00343	1	0.05435	-0.01592	0.66558	0.00343	1	1.45898	0.81042	0	
1228702	8288.45215	3303684113317	0.49807	0.48061	8288.36426	0.08789	10738	1	0.51702	0.50399	1	0.47644	0.44083	1	0.49673	0.47241	1	0.44895	0.54862	10.42288	1.03581	1	0.71322	0.56977	11.36009	1.03581	1	-0.01285	-0.01169	0.67466	0.00346	1	0.05435	-0.01592	0.66558	0.00344	1	1.45898	0.81042	0	
1228703	8288.45801	3303684180030	0.49800	0.48043	8288.36426	0.09375	10738	1	0.51794	0.50922	1	0.47612	0.44672	1	0.49703	0.47797	1	0.44897	0.54862	10.51669	1.02779	1	0.71318	0.56980	11.44499	1.02779	1	-0.01257	-0.01139	0.65753	0.00345	1	0.05435	-0.01592	0.66558	0.00342	1	1.45898	0.81042	0	
1228704	8288.46484	3303684246887	0.49868	0.48275	8288.36426	0.10059	10738	1	0.54333	0.55283	1	0.47441	0.48222	1	0.50887	0.51752	1	0.44932	0.54901	11.05022	1.01978	1	0.71323	0.56971	11.39320	1.01978	1	-0.01257	-0.01139	0.65753	0.00347	1	0.05435	-0.01592	0.66558	0.00341	1	1.45898	0.81042	0	
1228705	8288.47168	3303684313476	0.49821	0.48412	8288.36426	0.10742	10738	1	0.51613	0.54736	1	0.46518	0.46480	1	0.49066	0.50608	1	0.44882	0.54900	11.70731	1.01176	1	0.71302	0.56978	11.42638	1.01176	1	-0.01257	-0.01139	0.65753	0.00348	1	0.05435	-0.01592	0.66558	0.00343	1	1.45898	0.81042	0	
1228706	8288.47852	3303684381381	0.49779	0.48534	8288.36426	0.11426	10738	1	0.51613	0.54736	1	0.46518	0.46480	1	0.49066	0.50608	1	0.44869	0.54865	10.91905	1.01176	1	0.71282	0.57044	12.23071	1.01176	1	-0.01285	-0.01169	0.67466	0.00355	1	0.05435	-0.01592	0.66558	0.00334	1	1.45898	0.81042	0	
1228707	8288.48535	3303684447790	0.49791	0.48472	8288.36426	0.12109	10738	1	0.52690	0.52055	1	0.47332	0.42673	1	0.50011	0.47364	1	0.44904	0.54878	11.14692	1.01978	1	0.71318	0.56974	11.06024	1.01978	1	-0.01285	-0.01169	0.67466	0.00353	1	0.05435	-0.01592	0.66558	0.00341	1	1.45898	0.81042	0	
1228708	8288.49219	3303684515343	0.49829	0.48494	8288.36426	0.12793	10738	1	0.53528	0.50117	1	0.47567	0.47703	1	0.50548	0.48910	1	0.44919	0.54830	10.89067	1.02779	1	0.71323	0.56981	11.43820	1.02779	1	-0.01285	-0.01169	0.67466	0.00355	1	0.05435	-0.01592	0.66558	0.00344	1	1.45898	0.81042	0	
1228709	8288.49902	3303684581963	0.49862	0.48488	8288.36426	0.13477	10738	1	0.53449	0.49588	1	0.47598	0.47138	1	0.50524	0.48363	1	0.44895	0.54855	10.52407	1.03581	1	0.71318	0.56956	11.32400	1.03581	1	-0.01303	-0.01180	0.68391	0.00356	1	0.05435	-0.01587	0.66558	0.00351	1	1.45898	0.81042	0	
1228710	8288.50586	3303684649536	0.49807	0.48349	8288.36426	0.14160	10738	1	0.50097	0.50140	1	0.47206	0.40697	1	0.48652	0.45419	1	0.44872	0.54849	11.31524	1.03581	1	0.71313	0.56956	11.09153	1.03581	1	-0.01303	-0.01180	0.68391	0.00349	1	0.05435	-0.01587	0.66558	0.00343	1	1.45898	0.81042	0	
1228711	8288.51172	3303684716610	0.49765	0.48299	8288.36426	0.14746	10738	1	0.50626	0.52859	1	0.47041	0.41543	1	0.48833	0.47201	1	0.44868	0.54877	11.61402	1.03581	1	0.71317	0.56963	11.35709	1.03581	1	-0.01303	-0.01180	0.68391	0.00346	1	0.05435	-0.01587	0.66558	0.00341	1	1.45898	0.81042	0	
1228712	8288.51855	3303684780341	0.49727	0.48276	8288.36426	0.15430	10738	1	0.50725	0.53363	1	0.47014	0.42151	1	0.48869	0.47757	1	0.44860	0.54866	11.13909	1.02779	1	0.71301	0.57005	11.85021	1.02779	1	-0.01257	-0.01139	0.65753	0.00354	1	0.05435	-0.01592	0.66558	0.00337	1	1.45898	0.81042	0	
1228713	8288.52539	3303684850367	0.49704	0.48382	8288.36426	0.16113	10738	1	0.50270	0.50664	1	0.47996	0.51173	1	0.49133	0.50918	1	0.44864	0.54842	11.44334	1.01978	1	0.71291	0.57022	11.83714	1.01978	1	-0.01257	-0.01139	0.65753	0.00364	1	0.05435	-0.01592	0.66558	0.00341	1	1.45898	0.81042	0	
1228714	8288.53223	3303684917436	0.49681	0.48538	8288.36426	0.16797	10738	1	0.50357	0.54033	1	0.47853	0.50854	1	0.49105	0.52444	1	0.44876	0.54874	11.55831	1.01176	1	0.71287	0.57023	11.88943	1.01176	1	-0.01257	-0.01139	0.65753	0.00343	1	0.05435	-0.01592	0.66558	0.00340	1	1.45898	0.81042	0	
1228715	8288.53906	3303684983800	0.49661	0.48693	8288.36426	0.17480	10738	1	0.50461	0.54540	1	0.47851	0.50879	1	0.49156	0.52710	1	0.44853	0.54894	11.38680	1.00374	1	0.71267	0.57005	11.58878	1.01140	1	-0.01257	-0.01139	0.65753	0.00355	1	0.05436	-0.01592	0.66763	0.00357	1	1.45898	0.81042	0	
1228716	8288.54590	3303685050954	0.49637	0.48806	8288.36426	0.18164	10738	1	0.50071	0.52851	1	0.47924	0.50890	1	0.48997	0.51871	1	0.44866	0.54863	11.00491	1.01140	1	0.71285	0.57040	12.01063	1.01906	1	-0.01257	-0.01139	0.65753	0.00355	1	0.05436	-0.01592	0.66763	0.00333	1	1.45898	0.81042	0	
1228717	8288.55273	3303685118188	0.49647	0.48964	8288.36426	0.18848	10738	1	0.52697	0.50314	1	0.47151	0.56470	1	0.49924	0.53392	1	0.44865	0.54833	10.99806	1.01906	1	0.71280	0.57045	12.02412	1.02672	1	-0.01257	-0.01139	0.65753	0.00358	1	0.05436	-0.01592	0.66763	0.00336	1	1.45898	0.81042	0	
1228718	8288.55859	3303685185481	0.49656	0.49095	8288.36426	0.19434	10738	1	0.52615	0.49805	1	0.47178	0.55995	1	0.49896	0.52900	1	0.44881	0.54853	11.11586	1.02672	1	0.71281	0.57033	11.80248	1.03438	1	-0.01257	-0.01139	0.65753	0.00333	1	0.05436	-0.01592	0.66763	0.00339	1	1.45898	0.81042	0	
1228719	8288.56543	3303685247675	0.49663	0.49163	8288.36426	0.20117	10738	1	0.53032	0.51354	1	0.46731	0.51018	1	0.49882	0.51186	1	0.44875	0.54848	11.17100	1.03438	1	0.71267	0.57002	11.99740	1.03438	1	-0.01257	-0.01139	0.65753	0.00346	1	0.05436	-0.01592	0.66763	0.00351	1	1.45898	0.81042	0	
1228720	8288.57227	3303685317887	0.49678	0.49254	8288.36426	0.20801	10738	1	0.52362	0.48258	1	0.47956	0.55898	1	0.50159	0.52078	1	0.44870	0.54821	10.99378	1.03438	1	0.71295	0.57046	11.87193	1.03438	1	-0.01257	-0.01139	0.65753	0.00360	1	0.05436	-0.01592	0.66763	0.00349	1	1.45898	0.81042	0	
1228721	8288.57910	3303685381907	0.49692	0.49324	8288.36426	0.21484	10738	1	0.52274	0.47718	1	0.47989	0.55400	1	0.50132	0.51559	1	0.44875	0.54854	11.31553	1.04240	1	0.71267	0.56986	12.05856	1.04240	1	-0.01298	-0.01171	0.67599	0.00350	1	0.05509	-0.01608	0.67652	0.00370	1	1.45898	0.81042	0	
1228722	8288.58594	3303685452548	0.49716	0.49331	8288.36426	0.22168	10738	1	0.51671	0.49265	1	0.49303	0.49876	1	0.50487	0.49571	1	0.44857	0.54840	11.28989	1.05041	1	0.71268	0.57000	12.17331	1.05041	1	-0.01298	-0.01171	0.67599	0.00350	1	0.05509	-0.01608	0.67652	0.00361	1	1.45898	0.81042	0	
1228723	8288.59277	3303685521407	0.49790	0.49298	8288.36426	0.22852	10738	1	0.54851	0.47501	1	0.49792	0.48849	1	0.52322	0.48175	1	0.44867	0.54843	11.30582	1.05843	1	0.71274	0.56985	11.62739	1.05843	1	-0.01298	-0.01171	0.67599	0.00354	1	0.05509	-0.01608	0.67652	0.00373	1	1.45898	0.81042	0	
1228724	8288.59863	3303685583442	0.49860	0.49235	8288.36426	0.23438	10738	1	0.54705	0.46365	1	0.49891	0.47694	1	0.52298	0.47030	1	0.44867	0.54843	11.30582	1.07553	1	0.71228	0.56998	11.51660	1.07553	1	-0.01347	-0.01211	0.69902	0.00354	1	0.05509	-0.01608	0.67652	0.00369	1	1.45898	0.81042	0	
1228725	8288.60547	3303685653877	0.49895	0.49213	8288.36426	0.24121	10738	1	0.53946	0.49602	1	0.48396	0.47263	1	0.51171	0.48432	1	0.44900	0.54879	11.83781	1.08462	1	0.71256	0.56996	12.03163	1.08462	1	-0.01347	-0.01211	0.69902	0.00355	1	0.05509	-0.01608	0.67652	0.00366	1	1.45898	0.81042	0	
1228726	8288.61230	3303685722190	0.49921	0.49154	8288.36426	0.24805	10738	1	0.53846	0.48956	1	0.47939	0.44934	1	0.50893	0.46945	1	0.44900	0.54879	11.83781	1.09370	1	0.71244	0.56968	10.95144	1.09370	1	-0.01347	-0.01211	0.69902	0.00355	1	0.05509	-0.01608	0.67652	0.00375	1	1.45898	0.81042	0	
1228727	8288.61914	3303685789207	0.49946	0.49082	8288.36426	0.25488	10738	1	0.53763	0.48383	1	0.47975	0.44309	1	0.50869	0.46346	1	0.44897	0.54865	11.52877	1.10279	1	0.71234	0.56950	11.23045	1.10279	1	-0.01347	-0.01211	0.69902	0.00358	1	0.05509	-0.01608	0.67652	0.00385	1	1.45898	0.81042	0	
1228728	8288.62598	3303685853834	0.49987	0.48958	8288.36426	0.26172	10738	1	0.53556	0.43629	1	0.49655	0.44618	1	0.51606	0.44124	1	0.44858	0.54834	11.25958	1.10279	1	0.71277	0.56967	11.75227	1.10279	1	-0.01347	-0.01211	0.69902	0.00354	1	0.05509	-0.01608	0.67652	0.00385	1	1.45898	0.81042	0	
1228729	8288.63281	3303685921905	0.49997	0.48808	8288.36426	0.26855	10738	1	0.52907	0.41831	1	0.47884	0.43795	1	0.50396	0.42813	1	0.44858	0.54818	10.77040	1.10279	1	0.71249	0.56960	11.20136	1.10279	1	-0.01347	-0.01211	0.69902	0.00360	1	0.05509	-0.01608	0.67652	0.00385	1	1.45898	0.81042	0	
1228730	8288.63965	3303685988735	0.50007	0.48686	8288.36426	0.27539	10738	1	0.52995	0.42459	1	0.47819	0.44955	1	0.50407	0.43707	1	0.44864	0.54832	11.29713	1.09370	1	0.71277	0.56969	11.98586	1.08604	1	-0.01324	-0.01181	0.68446	0.00366	1	0.05359	-0.01566	0.65873	0.00381	1	1.45898	0.81042	0	
1228731	8288.64648	3303686055433	0.50053	0.48697	8288.36426	0.28223	10738	1	0.54525	0.45447	1	0.49462	0.52830	1	0.51994	0.49139	1	0.44873	0.54824	11.32683	1.07696	1	0.71273	0.57026	12.28911	1.06930	1	-0.01324	-0.01181	0.68446	0.00370	1	0.05359	-0.01566	0.65873	0.00349	1	1.45898	0.81042	0	
1228732	8288.65234	3303686122847	0.50118	0.48739	8288.36426	0.28809	10738	1	0.55766	0.50115	1	0.50020	0.50975	1	0.52893	0.50545	1	0.44884	0.54881	11.70895	1.06021	1	0.71286	0.56995	12.06355	1.05255	1	-0.01324	-0.01181	0.68446	0.00351	1	0.05359	-0.01566	0.65873	0.00377	1	1.45898	0.81042	0	
1228733	8288.65918	3303686189567	0.50180	0.48798	8288.36426	0.29492	10738	1	0.55896	0.51184	1	0.49965	0.51574	1	0.52931	0.51379	1	0.44861	0.54840	11.33839	1.04347	1	0.71288	0.56986	11.87945	1.04347	1	-0.01298	-0.01166	0.67599	0.00361	1	0.05413	-0.01585	0.66471	0.00381	1	1.45898	0.81042	0	
1228734	8288.66602	3303686256643	0.50191	0.48896	8288.36426	0.30176	10738	1	0.51982	0.54611	1	0.49329	0.52016	1	0.50656	0.53313	1	0.44859	0.54834	11.30027	1.04347	1	0.71278	0.56964	11.65744	1.05113	1	-0.01298	-0.01166	0.67599	0.00358	1	0.05413	-0.01585	0.66471	0.00383	1	1.45898	0.81042	0	
1228735	8288.67285	3303686323903	0.50222	0.48983	8288.36426	0.30859	10738	1	0.52944	0.53653	1	0.50396	0.52301	1	0.51670	0.52977	1	0.44877	0.54820	11.05699	1.05113	1	0.71283	0.56958	11.78267	1.05879	1	-0.01298	-0.01166	0.67599	0.00356	1	0.05413	-0.01585	0.66471	0.00375	1	1.45898	0.81042	0	
1228736	8288.67969	3303686390819	0.50252	0.49056	8288.36426	0.31543	10738	1	0.52866	0.53185	1	0.50445	0.51809	1	0.51655	0.52497	1	0.44856	0.54777	11.04226	1.05879	1	0.71280	0.56992	12.19582	1.06645	1	-0.01298	-0.01166	0.67599	0.00378	1	0.05509	-0.01608	0.67652	0.00349	1	1.45898	0.81042	0	
1228737	8288.68652	3303686457764	0.50228	0.49103	8288.36426	0.32227	10738	1	0.51435	0.50578	1	0.47772	0.54461	1	0.49604	0.52520	1	0.44855	0.54814	11.31981	1.06645	1	0.71291	0.56987	12.17593	1.06645	1	-0.01298	-0.01166	0.67599	0.00351	1	0.05509	-0.01608	0.67652	0.00351	1	1.45898	0.81042	0	
1228738	8288.69336	3303686524765	0.50195	0.49160	8288.36426	0.32910	10738	1	0.51123	0.47331	1	0.47199	0.54395	1	0.49161	0.50863	1	0.44849	0.54805	11.13163	1.06645	1	0.71277	0.56987	12.12467	1.06645	1	-0.01298	-0.01166	0.67599	0.00356	1	0.05509	-0.01608	0.67652	0.00342	1	1.45898	0.81042	0	
1228739	8288.69922	3303686591980	0.50162	0.49234	8288.36426	0.33496	10738	1	0.51123	0.47331	1	0.47173	0.54867	1	0.49148	0.51099	1	0.44855	0.54790	10.95051	1.06645	1	0.71283	0.56986	12.02181	1.05879	1	-0.01298	-0.01166	0.67599	0.00351	1	0.05318	-0.01551	0.65252	0.00336	1	1.45898	0.81042	0	
1228740	8288.70605	3303686658633	0.50141	0.49276	8288.36426	0.34180	10738	1	0.51254	0.47594	1	0.47966	0.53319	1	0.49610	0.50457	1	0.44854	0.54738	10.91601	1.05879	1	0.71284	0.56982	12.14214	1.05113	1	-0.01298	-0.01166	0.67599	0.00361	1	0.05318	-0.01551	0.65252	0.00341	1	1.45898	0.81042	0	
1228741	8288.71289	3303686725850	0.50132	0.49331	8288.36426	0.34863	10738	1	0.51319	0.46962	1	0.47910	0.53074	1	0.49615	0.50018	1	0.44853	0.54793	11.04550	1.05113	1	0.71288	0.56971	12.09173	1.04347	1	-0.01298	-0.01166	0.67599	0.00356	1	0.05318	-0.01551	0.65252	0.00342	1	1.45898	0.81042	0	
1228742	8288.71973	3303686792671	0.50125	0.49414	8288.36426	0.35547	10738	1	0.51501	0.48022	1	0.47877	0.53589	1	0.49689	0.50806	1	0.44868	0.54743	10.89967	1.03545	1	0.71278	0.56966	11.90129	1.03545	1	-0.01267	-0.01143	0.66282	0.00364	1	0.05549	-0.01617	0.68024	0.00347	1	1.45898	0.81042	0	
1228743	8288.72656	3303686859905	0.50110	0.49559	8288.36426	0.36230	10738	1	0.51035	0.51694	1	0.46840	0.54040	1	0.48938	0.52867	1	0.44846	0.54812	11.07012	1.02743	1	0.71274	0.56986	12.09482	1.03509	1	-0.01267	-0.01143	0.66282	0.00378	1	0.05549	-0.01617	0.68024	0.00346	1	1.45898	0.81042	0	
1228744	8288.73340	3303686926660	0.50106	0.49668	8288.36426	0.36914	10738	1	0.49552	0.50863	1	0.48663	0.55820	1	0.49108	0.53342	1	0.44851	0.54808	11.11898	1.02708	1	0.71299	0.56985	11.61002	1.03474	1	-0.01267	-0.01143	0.66282	0.00362	1	0.05549	-0.01617	0.68024	0.00355	1	1.45898	0.81042	0	
1228745	8288.74023	3303686993735	0.50101	0.49783	8288.36426	0.37598	10738	1	0.49557	0.50887	1	0.48624	0.56319	1	0.49090	0.53603	1	0.44869	0.54788	11.12889	1.02672	1	0.71283	0.56949	11.45835	1.02672	1	-0.01267	-0.01143	0.66282	0.00367	1	0.05416	-0.01575	0.66449	0.00348	1	1.45898	0.81042	0	
1228746	8288.74609	3303687059760	0.50096	0.49801	8288.36426	0.38184	10738	1	0.49845	0.46749	1	0.48264	0.57099	1	0.49054	0.51924	1	0.44866	0.54751	11.17004	1.02672	1	0.71299	0.56999	11.68443	1.01906	1	-0.01267	-0.01143	0.66282	0.00384	1	0.05416	-0.01575	0.66449	0.00352	1	1.45898	0.81042	0	
1228747	8288.75293	3303687127516	0.50111	0.49946	8288.36426	0.38867	10738	1	0.51949	0.52849	1	0.48119	0.57455	1	0.50034	0.55152	1	0.44880	0.54806	11.00255	1.01906	1	0.71304	0.57008	11.65899	1.01140	1	-0.01267	-0.01143	0.66282	0.00375	1	0.05416	-0.01575	0.66449	0.00352	1	1.45898	0.81042	0	
1228748	8288.75977	3303687194733	0.50127	0.50086	8288.36426	0.39551	10738	1	0.51945	0.52826	1	0.48155	0.56958	1	0.50050	0.54892	1	0.44882	0.54764	10.90773	1.01942	1	0.71310	0.56989	11.43555	1.01942	1	-0.01303	-0.01180	0.68391	0.00382	1	0.05627	-0.01632	0.68846	0.00351	1	1.45898	0.81042	0	
1228749	8288.76660	3303687261685	0.50185	0.50105	8288.36426	0.40234	10738	1	0.54208	0.52605	1	0.48465	0.44254	1	0.51336	0.48429	1	0.44928	0.54813	11.04428	1.02743	1	0.71332	0.56929	11.15921	1.03509	1	-0.01303	-0.01180	0.68391	0.00365	1	0.05627	-0.01632	0.68846	0.00385	1	1.45898	0.81042	0	
1228750	8288.77344	3303687328560	0.50208	0.50147	8288.36426	0.40918	10738	1	0.53575	0.49183	1	0.47936	0.49296	1	0.50755	0.49239	1	0.44928	0.54796	11.08165	1.04311	1	0.71326	0.56970	11.32264	1.05077	1	-0.01303	-0.01180	0.68391	0.00368	1	0.05627	-0.01632	0.68846	0.00383	1	1.45898	0.81042	0	
1228751	8288.78027	3303687394618	0.50229	0.50155	8288.36426	0.41602	10738	1	0.53422	0.48150	1	0.48000	0.48238	1	0.50711	0.48194	1	0.44946	0.54803	11.31196	1.05879	1	0.71324	0.56943	11.03202	1.06645	1	-0.01303	-0.01180	0.68391	0.00381	1	0.05556	-0.01616	0.67976	0.00390	1	1.45898	0.81042	0	
1228752	8288.78711	3303687462500	0.50226	0.50066	8288.36426	0.42285	10738	1	0.55354	0.44392	1	0.46089	0.50546	1	0.50721	0.47469	1	0.44957	0.54764	11.08227	1.06645	1	0.71337	0.57012	11.82583	1.06645	1	-0.01303	-0.01180	0.68391	0.00384	1	0.05556	-0.01616	0.67976	0.00353	1	1.45898	0.81042	0	
1228753	8288.79297	3303687529579	0.50244	0.49961	8288.36426	0.42871	10738	1	0.52946	0.49347	1	0.46986	0.41832	1	0.49966	0.45590	1	0.44953	0.54823	11.39876	1.06645	1	0.71345	0.56921	11.64092	1.06645	1	-0.01303	-0.01180	0.68391	0.00352	1	0.05556	-0.01616	0.67976	0.00391	1	1.45898	0.81042	0	
1228754	8288.79980	3303687596596	0.50263	0.49850	8288.36426	0.43555	10738	1	0.52946	0.49347	1	0.47014	0.41195	1	0.49980	0.45271	1	0.44936	0.54789	10.96905	1.06645	1	0.71358	0.56952	11.76122	1.07513	1	-0.01283	-0.01171	0.67878	0.00358	1	0.05805	-0.01692	0.70953	0.00385	1	1.45898	0.81042	0	
1228755	8288.80664	3303687663506	0.50255	0.49848	8288.36426	0.44238	10738	1	0.50724	0.49550	1	0.48510	0.44984	1	0.49617	0.47267	1	0.44922	0.54810	11.18732	1.07513	1	0.71375	0.56957	11.49123	1.08381	1	-0.01283	-0.01171	0.67878	0.00382	1	0.05805	-0.01692	0.70953	0.00360	1	1.45898	0.81042	0	
1228756	8288.81348	3303687730842	0.50210	0.49809	8288.36426	0.44922	10738	1	0.50870	0.46581	1	0.45860	0.47536	1	0.48365	0.47059	1	0.44926	0.54794	11.19963	1.08381	1	0.71331	0.56988	12.22252	1.09249	1	-0.01283	-0.01171	0.67878	0.00381	1	0.05805	-0.01692	0.70953	0.00352	1	1.45898	0.81042	0	
1228757	8288.82031	3303687797724	0.50164	0.49776	8288.36426	0.45605	10738	1	0.50769	0.46008	1	0.45860	0.47536	1	0.48315	0.46772	1	0.44946	0.54810	11.67840	1.09249	1	0.71376	0.56963	11.50961	1.09249	1	-0.01288	-0.01180	0.68701	0.00351	1	0.05490	-0.01594	0.67046	0.00359	1	1.45898	0.81042	0	
1228758	8288.82715	3303687864254	0.50162	0.49650	8288.36426	0.46289	10738	1	0.48231	0.37784	1	0.48944	0.40924	1	0.48588	0.39354	1	0.44930	0.54764	11.10284	1.09249	1	0.71381	0.56908	11.37637	1.08381	1	-0.01288	-0.01180	0.68701	0.00378	1	0.05490	-0.01594	0.67046	0.00374	1	1.45898	0.81042	0	
1228759	8288.83398	3303687930472	0.50157	0.49655	8288.36426	0.46973	10738	1	0.48913	0.50319	1	0.48283	0.44612	1	0.48598	0.47465	1	0.44933	0.54824	11.63571	1.08381	1	0.71366	0.56951	11.95675	1.07513	1	-0.01288	-0.01180	0.68701	0.00353	1	0.05490	-0.01594	0.67046	0.00362	1	1.45898	0.81042	0	
1228760	8288.83984	3303687997924	0.49632	0.46679	8288.36426	0.46973	10738	0	0.49028	0.50862	1	0.48245	0.45222	1	0.48637	0.48042	1	0.45005	0.54759	10.94756	1.07513	1	0.71397	0.56991	11.41338	1.06645	1	-0.01278	-0.01176	0.68155	0.00380	1	0.05512	-0.01598	0.67198	0.00361	1	1.45898	0.81042	0	
1228761	8288.84668	3303688065160	0.50194	0.47035	8288.36426	0.46973	10738	0	0.53778	0.47508	1	0.47734	0.47275	1	0.50756	0.47391	1	0.45015	0.54785	11.18375	1.06645	1	0.71404	0.56979	11.06666	1.06645	1	-0.01278	-0.01176	0.68155	0.00381	1	0.05512	-0.01598	0.67198	0.00369	1	1.45898	0.81042	0	
1228762	8288.85352	3303688133283	0.50125	0.46958	8288.36426	0.46973	10738	0	0.52241	0.46333	1	0.47734	0.47275	1	0.49988	0.46804	1	0.45022	0.54795	11.25106	1.06645	1	0.71404	0.56979	11.06666	1.06645	1	-0.01278	-0.01176	0.68155	0.00382	1	0.05512	-0.01598	0.67198	0.00369	1	1.45898	0.81042	0	
1228763	8288.86035	3303688199209	0.50091	0.46920	8288.83984	0.02051	10739	1	0.52241	0.46333	1	0.47734	0.47275	1	0.49988	0.46804	1	0.45047	0.54822	11.65958	1.06645	1	0.71424	0.56984	12.18632	1.06645	1	-0.01274	-0.01177	0.68515	0.00375	1	0.05610	-0.01621	0.68394	0.00367	1	1.45898	0.81042	0	
1228764	8288.86719	3303688266143	0.49899	0.47155	8288.83984	0.02734	10739	1	0.51954	0.47109	1	0.46306	0.49086	1	0.49130	0.48097	1	0.45023	0.54805	11.61003	1.06645	1	0.71418	0.56984	12.23188	1.06645	1	-0.01274	-0.01177	0.68515	0.00349	1	0.05610	-0.01621	0.68394	0.00368	1	1.45898	0.81042	0	
1228765	8288.87402	3303688334109	0.49800	0.47215	8288.83984	0.03418	10739	1	0.50904	0.46164	1	0.47711	0.48869	1	0.49308	0.47516	1	0.45008	0.54767	11.41241	1.06645	1	0.71436	0.57003	12.20775	1.06645	1	-0.01274	-0.01177	0.68515	0.00339	1	0.05610	-0.01621	0.68394	0.00362	1	1.45898	0.81042	0	
1228766	8288.88086	3303688400665	0.49732	0.47217	8288.83984	0.04102	10739	1	0.50904	0.46164	1	0.47745	0.48289	1	0.49324	0.47226	1	0.45008	0.54799	11.24824	1.06645	1	0.71441	0.57004	11.95164	1.07513	1	-0.01248	-0.01162	0.67685	0.00365	1	0.05832	-0.01694	0.71028	0.00342	1	1.45898	0.81042	0	
1228767	8288.88770	3303688467744	0.49779	0.47339	8288.83984	0.04785	10739	1	0.52109	0.48919	1	0.48103	0.47470	1	0.50106	0.48194	1	0.45022	0.54755	11.10576	1.07513	1	0.71445	0.56987	11.81283	1.08381	1	-0.01248	-0.01162	0.67685	0.00354	1	0.05832	-0.01694	0.71028	0.00347	1	1.45898	0.81042	0	
1228768	8288.89355	3303688532538	0.49723	0.47511	8288.83984	0.05371	10739	1	0.49147	0.47653	1	0.49408	0.50123	1	0.49278	0.48888	1	0.45012	0.54792	11.28619	1.08381	1	0.71464	0.57019	11.59075	1.09249	1	-0.01248	-0.01162	0.67685	0.00349	1	0.05832	-0.01694	0.71028	0.00340	1	1.45898	0.81042	0	
1228769	8288.90039	3303688601493	0.49671	0.47645	8288.83984	0.06055	10739	1	0.49034	0.47088	1	0.49368	0.50615	1	0.49201	0.48851	1	0.45027	0.54841	11.21630	1.09249	1	0.71454	0.57016	11.99315	1.08483	1	-0.01248	-0.01162	0.67685	0.00348	1	0.05398	-0.01565	0.65626	0.00348	1	1.45898	0.81042	0	
1228770	8288.90723	3303688668131	0.49665	0.47801	8288.83984	0.06738	10739	1	0.50792	0.47342	1	0.48417	0.51378	1	0.49604	0.49360	1	0.45047	0.54814	11.87902	1.08483	1	0.71458	0.57025	11.78249	1.06849	1	-0.01248	-0.01162	0.67685	0.00335	1	0.05398	-0.01565	0.65626	0.00362	1	1.45898	0.81042	0	
1228771	8288.91406	3303688735198	0.49703	0.48085	8288.83984	0.07422	10739	1	0.50621	0.50388	1	0.49627	0.52024	1	0.50124	0.51206	1	0.45046	0.54816	11.90440	1.06849	1	0.71468	0.57025	11.77239	1.05215	1	-0.01248	-0.01162	0.67685	0.00334	1	0.05398	-0.01565	0.65626	0.00350	1	1.45898	0.81042	0	
1228772	8288.92090	3303688802299	0.49740	0.48405	8288.83984	0.08105	10739	1	0.50818	0.51423	1	0.49534	0.53084	1	0.50176	0.52253	1	0.45088	0.54815	11.63399	1.05215	1	0.71455	0.56978	11.20306	1.03581	1	-0.01248	-0.01162	0.67685	0.00334	1	0.05443	-0.01583	0.66171	0.00354	1	1.45898	0.81042	0	
1228773	8288.92773	3303688869590	0.49839	0.48545	8288.83984	0.08789	10739	1	0.55389	0.50981	1	0.46884	0.49729	1	0.51136	0.50355	1	0.45104	0.54823	11.66651	1.03581	1	0.71464	0.56982	11.17096	1.03581	1	-0.01248	-0.01162	0.67685	0.00336	1	0.05443	-0.01583	0.66171	0.00356	1	1.45898	0.81042	0	
1228774	8288.93457	3303688936275	0.49826	0.48560	8288.83984	0.09473	10739	1	0.52382	0.47808	1	0.46884	0.49729	1	0.49633	0.48769	1	0.45065	0.54772	11.72016	1.03581	1	0.71464	0.56982	11.17096	1.03581	1	-0.01248	-0.01162	0.67685	0.00356	1	0.05443	-0.01583	0.66171	0.00355	1	1.45898	0.81042	0	
1228775	8288.94043	3303689002885	0.49814	0.48556	8288.83984	0.10059	10739	1	0.52382	0.47808	1	0.46908	0.49209	1	0.49645	0.48508	1	0.45094	0.54764	11.30616	1.03581	1	0.71491	0.57004	11.82910	1.04347	1	-0.01270	-0.01188	0.68850	0.00366	1	0.05523	-0.01605	0.67085	0.00350	1	1.45898	0.81042	0	
1228776	8288.94727	3303689069814	0.49878	0.48493	8288.83984	0.10742	10739	1	0.54545	0.42728	1	0.47263	0.52230	1	0.50904	0.47479	1	0.45102	0.54742	10.99878	1.04347	1	0.71478	0.57011	11.69897	1.05113	1	-0.01270	-0.01188	0.68850	0.00375	1	0.05523	-0.01605	0.67085	0.00350	1	1.45898	0.81042	0	
1228777	8288.95410	3303689137151	0.49983	0.48686	8288.83984	0.11426	10739	1	0.55014	0.51772	1	0.48511	0.52152	1	0.51763	0.51962	1	0.45109	0.54845	11.46000	1.05113	1	0.71489	0.57004	11.55943	1.05879	1	-0.01270	-0.01188	0.68850	0.00347	1	0.05523	-0.01605	0.67085	0.00355	1	1.45898	0.81042	0	
1228778	8288.96094	3303689204352	0.50076	0.48833	8288.83984	0.12109	10739	1	0.54949	0.51291	1	0.48546	0.51660	1	0.51748	0.51475	1	0.45094	0.54751	11.17765	1.05879	1	0.71465	0.56964	11.11757	1.06645	1	-0.01270	-0.01188	0.68850	0.00371	1	0.05523	-0.01610	0.67085	0.00358	1	1.45898	0.81042	0	
1228779	8288.96777	3303689268524	0.50111	0.48650	8288.83984	0.12793	10739	1	0.54066	0.43937	1	0.47469	0.46441	1	0.50768	0.45189	1	0.45093	0.54760	11.26079	1.06645	1	0.71472	0.56975	11.01974	1.06645	1	-0.01270	-0.01188	0.68850	0.00366	1	0.05523	-0.01610	0.67085	0.00359	1	1.45898	0.81042	0	SUBJECT_ONSET_LOG
1228780	8288.97363	3303689334588	0.50134	0.48599	8288.83984	0.13379	10739	1	0.53649	0.45331	1	0.47568	0.49790	1	0.50608	0.47561	1	0.45090	0.54776	11.40581	1.06645	1	0.71473	0.56998	11.34343	1.06645	1	-0.01270	-0.01188	0.68850	0.00363	1	0.05523	-0.01610	0.67085	0.00345	1	1.45898	0.81042	0	
1228781	8288.98047	3303689402790	0.50156	0.48551	8288.83984	0.14062	10739	1	0.53649	0.45331	1	0.47568	0.49790	1	0.50608	0.47561	1	0.45097	0.54767	11.36650	1.06645	1	0.71481	0.57007	11.56310	1.06645	1	-0.01270	-0.01188	0.68850	0.00366	1	0.05523	-0.01610	0.67085	0.00343	1	1.45898	0.81042	0	
1228782	8288.98730	3303689468004	0.50245	0.48474	8288.83984	0.14746	10739	1	0.54403	0.44034	1	0.50012	0.49523	1	0.52207	0.46778	1	0.45095	0.54763	11.32093	1.06645	1	0.71478	0.57017	11.75375	1.06645	1	-0.01270	-0.01188	0.68850	0.00365	1	0.05523	-0.01610	0.67085	0.00344	1	1.45898	0.81042	0	
1228783	8288.99414	3303689539024	0.50318	0.48409	8288.83984	0.15430	10739	1	0.54066	0.43937	1	0.49905	0.49888	1	0.51986	0.46913	1	0.45093	0.54760	11.26079	1.06645	1	0.71472	0.57009	11.70504	1.06645	1	-0.01270	-0.01188	0.68850	0.00366	1	0.05523	-0.01610	0.67085	0.00344	1	1.45898	0.81042	0	AUDIO_FILE_ONSET_LOG
1228784	8289.00098	3303689602655	0.50384	0.48349	8288.83984	0.16113	10739	1	0.54066	0.43937	1	0.49905	0.49888	1	0.51986	0.46913	1	0.45095	0.54763	11.32093	1.06645	1	0.71474	0.56993	11.49633	1.06645	1	-0.01270	-0.01188	0.68850	0.00365	1	0.05523	-0.01610	0.67085	0.00353	1	1.45898	0.81042	0	
1228785	8289.00781	3303689671397	0.50393	0.48320	8288.83984	0.16797	10739	1	0.53790	0.47439	1	0.47422	0.47742	1	0.50606	0.47590	1	0.45091	0.54791	11.11039	1.06645	1	0.71475	0.56985	11.55365	1.06645	1	-0.01270	-0.01188	0.68850	0.00374	1	0.05523	-0.01610	0.67085	0.00355	1	1.45898	0.81042	0	
1228786	8289.01465	3303689737493	0.50420	0.48410	8288.83984	0.17480	10739	1	0.54096	0.51459	1	0.48145	0.50053	1	0.51120	0.50756	1	0.45096	0.54838	11.20684	1.06645	1	0.71494	0.57005	12.01657	1.06645	1	-0.01270	-0.01188	0.68850	0.00353	1	0.05523	-0.01610	0.67085	0.00349	1	1.45898	0.81042	0	
1228787	8289.02051	3303689803468	0.50444	0.48503	8288.83984	0.18066	10739	1	0.54096	0.51459	1	0.48112	0.50557	1	0.51104	0.51008	1	0.45096	0.54838	11.20684	1.06645	1	0.71491	0.56989	11.77194	1.05879	1	-0.01270	-0.01188	0.68850	0.00353	1	0.05398	-0.01575	0.65627	0.00351	1	1.45898	0.81042	0	
1228788	8289.02734	3303689871295	0.50460	0.48457	8288.83984	0.18750	10739	1	0.51602	0.48245	1	0.50212	0.46077	1	0.50907	0.47161	1	0.45050	0.54798	11.36518	1.05879	1	0.71483	0.56999	11.57460	1.05113	1	-0.01270	-0.01188	0.68850	0.00373	1	0.05398	-0.01575	0.65627	0.00350	1	1.45898	0.81042	0	
1228789	8289.03418	3303689939295	0.50496	0.48540	8288.83984	0.19434	10739	1	0.53721	0.54026	1	0.49329	0.47896	1	0.51525	0.50961	1	0.45090	0.54848	11.18793	1.05113	1	0.71462	0.56997	11.45011	1.04347	1	-0.01270	-0.01188	0.68850	0.00348	1	0.05398	-0.01575	0.65627	0.00346	1	1.45898	0.81042	0	
1228790	8289.04102	3303690008052	0.50529	0.48642	8288.83984	0.20117	10739	1	0.53795	0.54491	1	0.49250	0.48900	1	0.51522	0.51696	1	0.45060	0.54804	11.43866	1.04347	1	0.71466	0.56977	11.12457	1.02900	1	-0.01270	-0.01188	0.68850	0.00366	1	0.05258	-0.01536	0.63986	0.00353	1	1.45898	0.81042	0	
1228791	8289.04785	3303690074790	0.50518	0.48726	8288.83984	0.20801	10739	1	0.51830	0.52976	1	0.48526	0.49687	1	0.50178	0.51332	1	0.45047	0.54821	11.73127	1.02900	1	0.71454	0.57012	11.15697	1.02219	1	-0.01270	-0.01188	0.68850	0.00345	1	0.05258	-0.01536	0.63986	0.00353	1	1.45898	0.81042	0	
1228792	8289.05469	3303690141872	0.50507	0.48837	8288.83984	0.21484	10739	1	0.51755	0.45420	1	0.48584	0.59340	1	0.50169	0.52380	1	0.45052	0.54739	10.51578	1.02219	1	0.71459	0.57061	11.48908	1.01538	1	-0.01270	-0.01188	0.68850	0.00372	1	0.05258	-0.01536	0.63986	0.00347	1	1.45898	0.81042	0	
1228793	8289.06152	3303690209249	0.50498	0.48954	8288.83984	0.22168	10739	1	0.51833	0.45903	1	0.48551	0.59749	1	0.50192	0.52826	1	0.45049	0.54768	10.47319	1.01538	1	0.71418	0.57018	12.13495	1.00858	1	-0.01270	-0.01188	0.68850	0.00380	1	0.05265	-0.01533	0.64070	0.00350	1	1.45898	0.81042	0	
1228794	8289.06836	3303690275715	0.50489	0.49012	8288.83984	0.22852	10739	1	0.52668	0.51448	1	0.47673	0.50470	1	0.50170	0.50959	1	0.45061	0.54784	11.46012	1.00858	1	0.71442	0.57037	12.09622	1.00858	1	-0.01270	-0.01188	0.68850	0.00372	1	0.05265	-0.01533	0.64070	0.00332	1	1.45898	0.81042	0	
1228795	8289.07520	3303690342572	0.50436	0.49118	8288.83984	0.23535	10739	1	0.50560	0.48022	1	0.46632	0.57687	1	0.48596	0.52855	1	0.45035	0.54748	11.41800	1.00858	1	0.71428	0.57043	12.00154	1.00858	1	-0.01270	-0.01188	0.68850	0.00369	1	0.05265	-0.01533	0.64070	0.00338	1	1.45898	0.81042	0	
1228796	8289.08105	3303690409438	0.50387	0.49214	8288.83984	0.24121	10739	1	0.50560	0.48022	1	0.46653	0.57266	1	0.48607	0.52644	1	0.45008	0.54816	11.09070	1.00858	1	0.71395	0.57042	11.97422	1.01538	1	-0.01270	-0.01188	0.68850	0.00363	1	0.05376	-0.01567	0.65483	0.00347	1	1.45898	0.81042	0	
1228797	8289.08789	3303690476535	0.50328	0.49286	8288.83984	0.24805	10739	1	0.49646	0.51615	1	0.46637	0.52281	1	0.48142	0.51948	1	0.45008	0.54792	11.24901	1.01538	1	0.71427	0.56983	11.69887	1.02219	1	-0.01270	-0.01188	0.68850	0.00369	1	0.05376	-0.01567	0.65483	0.00354	1	1.45898	0.81042	0	
1228798	8289.09473	3303690543757	0.50277	0.49415	8288.83984	0.25488	10739	1	0.49733	0.54861	1	0.46977	0.53828	1	0.48355	0.54345	1	0.45004	0.54824	11.00153	1.02219	1	0.71435	0.57007	11.48529	1.02900	1	-0.01270	-0.01188	0.68850	0.00364	1	0.05376	-0.01567	0.65483	0.00356	1	1.45898	0.81042	0	
1228799	8289.10156	3303690610666	0.50229	0.49534	8288.83984	0.26172	10739	1	0.49750	0.54936	1	0.46999	0.53413	1	0.48374	0.54174	1	0.45014	0.54824	11.26817	1.02098	1	0.71423	0.57018	12.27402	1.03545	1	-0.01218	-0.01134	0.65765	0.00358	1	0.05610	-0.01631	0.68394	0.00350	1	1.45898	0.81042	0	
1228800	8289.10840	3303690677232	0.49514	0.52166	8288.83984	0.26172	10739	0	0.49569	0.49894	1	0.47108	0.49845	1	0.48338	0.49869	1	0.45020	0.54808	11.22100	1.02743	1	0.71437	0.57027	12.01333	1.03509	1	-0.01218	-0.01134	0.65765	0.00358	1	0.05610	-0.01631	0.68394	0.00334	1	1.45898	0.81042	0	
1228801	8289.11523	3303690745055	0.48198	0.53082	8288.83984	0.26172	10739	0	0.48900	0.53918	1	0.44863	0.54079	1	0.46882	0.53998	1	0.45003	0.54836	11.30962	1.02708	1	0.71395	0.57038	11.83616	1.03474	1	-0.01218	-0.01134	0.65765	0.00368	1	0.05610	-0.01631	0.68394	0.00344	1	1.45898	0.81042	0	
1228802	8289.12109	3303690808056	0.47760	0.53395	8288.83984	0.26172	10739	0	0.48905	0.53940	1	0.44863	0.54101	1	0.46884	0.54021	1	0.45002	0.54834	11.27264	1.02672	1	0.71410	0.57007	11.95643	1.03438	1	-0.01218	-0.01134	0.65765	0.00361	1	0.05512	-0.01608	0.67198	0.00342	1	1.45898	0.81042	0	
1228803	8289.12793	3303690878596	0.48002	0.52617	8289.10840	0.01953	10740	1	0.51779	0.46524	1	0.45679	0.54038	1	0.48729	0.50281	1	0.45012	0.54767	11.16880	1.03438	1	0.71411	0.56994	12.34655	1.03438	1	-0.01218	-0.01134	0.65765	0.00384	1	0.05512	-0.01608	0.67198	0.00341	1	1.45898	0.81042	0	
1228804	8289.13477	3303690944008	0.48205	0.52885	8289.10840	0.02637	10740	1	0.51188	0.50418	1	0.46849	0.57500	1	0.49019	0.53959	1	0.45002	0.54803	11.00827	1.03438	1	0.71427	0.57047	12.31821	1.03438	1	-0.01218	-0.01134	0.65765	0.00381	1	0.05512	-0.01608	0.67198	0.00339	1	1.45898	0.81042	0	
1228805	8289.14160	3303691012527	0.48341	0.53064	8289.10840	0.03320	10740	1	0.51188	0.50418	1	0.46849	0.57500	1	0.49019	0.53959	1	0.45005	0.54809	11.20398	1.03438	1	0.71425	0.57037	12.52206	1.03438	1	-0.01218	-0.01134	0.65765	0.00374	1	0.05512	-0.01608	0.67198	0.00341	1	1.45898	0.81042	0	
1228806	8289.14844	3303691075866	0.48613	0.52629	8289.10840	0.04004	10740	1	0.51656	0.50874	1	0.48827	0.49170	1	0.50242	0.50022	1	0.45011	0.54799	11.04598	1.03438	1	0.71422	0.56969	12.09146	1.03438	1	-0.01218	-0.01134	0.65765	0.00348	1	0.05512	-0.01608	0.67198	0.00369	1	1.45898	0.81042	0	
1228807	8289.15527	3303691146796	0.48786	0.52694	8289.10840	0.04688	10740	1	0.51321	0.52709	1	0.48674	0.53589	1	0.49997	0.53149	1	0.45012	0.54814	11.24944	1.03438	1	0.71418	0.57009	12.25649	1.03438	1	-0.01218	-0.01134	0.65765	0.00347	1	0.05512	-0.01608	0.67198	0.00351	1	1.45898	0.81042	0	
1228808	8289.16211	3303691213575	0.48920	0.52745	8289.10840	0.05371	10740	1	0.51321	0.52709	1	0.48674	0.53589	1	0.49997	0.53149	1	0.45024	0.54806	11.00406	1.03438	1	0.71414	0.56991	12.15713	1.03438	1	-0.01218	-0.01134	0.65765	0.00347	1	0.05512	-0.01608	0.67198	0.00349	1	1.45898	0.81042	0	
1228809	8289.16895	3303691280418	0.49060	0.52416	8289.10840	0.06055	10740	1	0.52135	0.46415	1	0.48509	0.52487	1	0.50322	0.49451	1	0.45028	0.54769	11.31696	1.03438	1	0.71425	0.56990	11.90162	1.03438	1	-0.01218	-0.01134	0.65765	0.00359	1	0.05512	-0.01608	0.67198	0.00354	1	1.45898	0.81042	0	
1228810	8289.17480	3303691347153	0.49154	0.52157	8289.10840	0.06641	10740	1	0.51923	0.47014	1	0.48247	0.52118	1	0.50085	0.49566	1	0.45022	0.54761	11.00536	1.03438	1	0.71406	0.56997	12.15506	1.03438	1	-0.01218	-0.01134	0.65765	0.00363	1	0.05512	-0.01608	0.67198	0.00352	1	1.45898	0.81042	0	
1228811	8289.18164	3303691411983	0.49231	0.51941	8289.10840	0.07324	10740	1	0.51923	0.47014	1	0.48247	0.52118	1	0.50085	0.49566	1	0.45016	0.54772	11.17421	1.03438	1	0.71432	0.56982	12.16378	1.03438	1	-0.01218	-0.01134	0.65765	0.00364	1	0.05610	-0.01641	0.68394	0.00365	1	1.45898	0.81042	0	
1228812	8289.18848	3303691477376	0.49380	0.51769	8289.10840	0.08008	10740	1	0.52835	0.49220	1	0.49505	0.50200	1	0.51170	0.49710	1	0.45035	0.54798	11.63949	1.03438	1	0.71431	0.57018	12.32060	1.03438	1	-0.01218	-0.01134	0.65765	0.00354	1	0.05610	-0.01641	0.68394	0.00351	1	1.45898	0.81042	0	
1228813	8289.19531	3303691545361	0.49503	0.51466	8289.10840	0.08691	10740	1	0.52551	0.43766	1	0.49645	0.51290	1	0.51098	0.47528	1	0.45020	0.54761	10.99061	1.03438	1	0.71431	0.56990	12.14375	1.03438	1	-0.01218	-0.01134	0.65765	0.00365	1	0.05610	-0.01641	0.68394	0.00363	1	1.45898	0.81042	0	
1228814	8289.20215	3303691615457	0.49608	0.51167	8289.10840	0.09375	10740	1	0.52465	0.43191	1	0.49691	0.50755	1	0.51078	0.46973	1	0.44998	0.54757	11.48142	1.04240	1	0.71418	0.57002	12.10624	1.04240	1	-0.01274	-0.01177	0.68515	0.00378	1	0.05610	-0.01641	0.68394	0.00349	1	1.45898	0.81042	0	
1228815	8289.20898	3303691682683	0.49708	0.51116	8289.10840	0.10059	10740	1	0.53608	0.49318	1	0.48810	0.51390	1	0.51209	0.50354	1	0.45044	0.54821	11.44772	1.05041	1	0.71427	0.57011	12.38781	1.05041	1	-0.01274	-0.01177	0.68515	0.00381	1	0.05610	-0.01641	0.68394	0.00348	1	1.45898	0.81042	0	
1228816	8289.21582	3303691750480	0.49836	0.50892	8289.10840	0.10742	10740	1	0.54756	0.47348	1	0.49003	0.47277	1	0.51880	0.47313	1	0.45026	0.54787	11.05322	1.05843	1	0.71427	0.57011	12.38781	1.05843	1	-0.01274	-0.01177	0.68515	0.00384	1	0.05610	-0.01641	0.68394	0.00348	1	1.45898	0.81042	0	
1228817	8289.22168	3303691816436	0.49949	0.50693	8289.10840	0.11328	10740	1	0.54756	0.47348	1	0.49003	0.47277	1	0.51880	0.47313	1	0.45005	0.54775	11.39666	1.05843	1	0.71433	0.57013	12.20195	1.05843	1	-0.01232	-0.01139	0.66003	0.00359	1	0.05512	-0.01608	0.67198	0.00350	1	1.45898	0.81042	0	
1228818	8289.22852	3303691883433	0.50042	0.50747	8289.10840	0.12012	10740	1	0.54015	0.52132	1	0.49407	0.51318	1	0.51711	0.51725	1	0.45016	0.54841	12.28659	1.05041	1	0.71433	0.57013	12.20195	1.05041	1	-0.01232	-0.01139	0.66003	0.00366	1	0.05512	-0.01608	0.67198	0.00350	1	1.45898	0.81042	0	
1228819	8289.23535	3303691950232	0.50172	0.50778	8289.10840	0.12695	10740	1	0.55017	0.49384	1	0.50246	0.53314	1	0.52631	0.51349	1	0.45025	0.54796	11.79343	1.04240	1	0.71438	0.57014	12.32414	1.04240	1	-0.01232	-0.01139	0.66003	0.00356	1	0.05512	-0.01608	0.67198	0.00351	1	1.45898	0.81042	0	
1228820	8289.24219	3303692017254	0.50289	0.50805	8289.10840	0.13379	10740	1	0.55017	0.49384	1	0.50246	0.53314	1	0.52631	0.51349	1	0.45021	0.54783	11.81414	1.04240	1	0.71437	0.57016	12.30169	1.04240	1	-0.01278	-0.01176	0.68155	0.00380	1	0.05691	-0.01655	0.69380	0.00350	1	1.45898	0.81042	0	
1228821	8289.24902	3303692084362	0.50295	0.50526	8289.10840	0.14062	10740	1	0.51718	0.47922	1	0.49119	0.41441	1	0.50418	0.44682	1	0.44974	0.54787	11.66826	1.05041	1	0.71419	0.56956	12.04897	1.05041	1	-0.01278	-0.01176	0.68155	0.00382	1	0.05691	-0.01655	0.69380	0.00362	1	1.45898	0.81042	0	
1228822	8289.25586	3303692151346	0.50231	0.50590	8289.10840	0.14746	10740	1	0.51718	0.47922	0	0.48823	0.51990	1	0.48823	0.51990	1	0.44974	0.54787	11.66826	1.05843	0	0.71423	0.57022	12.12436	1.05843	1	-0.01278	-0.01176	0.68155	0.00382	1	0.05691	-0.01655	0.69380	0.00348	1	1.45898	0.81042	0	
1228823	8289.26270	3303692218205	0.50231	0.50590	8289.10840	0.15430	10740	1	0.51718	0.47922	0	0.48823	0.51990	0	0.48823	0.51990	0	0.44974	0.54787	11.66826	1.06645	0	0.71423	0.57022	12.12436	1.06645	0	-0.01278	-0.01176	0.68155	0.00382	1	0.05691	-0.01655	0.69380	0.00348	1	1.45898	0.81042	0	
1228824	8289.26953	3303692285851	0.50231	0.50590	8289.10840	0.16113	10740	1	0.51718	0.47922	0	0.48823	0.51990	0	0.48823	0.51990	0	0.44974	0.54787	11.66826	1.06645	0	0.71423	0.57022	12.12436	1.06645	0	-0.01278	-0.01176	0.68155	0.00382	1	0.05691	-0.01655	0.69380	0.00348	1	1.45898	0.81042	0	
1228825	8289.27539	3303692352294	0.50231	0.50590	8289.10840	0.16699	10740	1	0.51718	0.47922	0	0.48823	0.51990	0	0.48823	0.51990	0	0.44974	0.54787	11.66826	1.06645	0	0.71423	0.57022	12.12436	1.06645	0	-0.01278	-0.01176	0.68155	0.00382	1	0.05691	-0.01655	0.69380	0.00348	1	1.45898	0.81042	0	
1228826	8289.28223	3303692419841	0.51218	0.49154	8289.10840	0.16699	10740	0	0.51718	0.47922	0	0.48823	0.51990	0	0.48823	0.51990	0	0.44974	0.54787	11.66826	1.06645	0	0.71423	0.57022	12.12436	1.06645	0	-0.01278	-0.01176	0.68155	0.00382	1	0.05691	-0.01655	0.69380	0.00348	1	1.45898	0.81042	0	
1228827	8289.28906	3303692486669	0.51218	0.49154	8289.10840	0.16699	10740	0	0.51718	0.47922	0	0.48823	0.51990	0	0.48823	0.51990	0	0.44974	0.54787	11.66826	1.06645	0	0.71423	0.57022	12.12436	1.06645	0	-0.01278	-0.01176	0.68155	0.00382	1	0.05691	-0.01655	0.69380	0.00348	1	1.45898	0.81042	0	
1228828	8289.29590	3303692552741	0.51218	0.49154	8289.10840	0.16699	10740	0	0.51718	0.47922	0	0.48823	0.51990	0	0.48823	0.51990	0	0.44974	0.54787	11.66826	1.06645	0	0.71423	0.57022	12.12436	1.06645	0	-0.01278	-0.01176	0.68155	0.00382	1	0.05691	-0.01655	0.69380	0.00348	1	1.45898	0.81042	0	
1228829	8289.30273	3303692620718	0.00000	0.00000	8289.10840	0.16699	10740	0	0.51718	0.47922	0	0.48823	0.51990	0	0.48823	0.51990	0	0.44974	0.54787	11.66826	1.06645	0	0.71423	0.57022	12.12436	1.06645	0	-0.01278	-0.01176	0.68155	0.00382	1	0.05691	-0.01655	0.69380	0.00348	1	1.45898	0.81042	0	
1228830	8289.30957	3303692688035	0.00000	0.00000	8289.10840	0.16699	10740	0	0.51718	0.47922	0	0.48823	0.51990	0	0.48823	0.51990	0	0.44974	0.54787	11.66826	1.06645	0	0.71423	0.57022	12.12436	1.06645	0	-0.01278	-0.01176	0.68155	0.00382	1	0.05691	-0.01655	0.69380	0.00348	1	1.45898	0.81042	0	
1228831	8289.31543	3303692753709	0.00000	0.00000	8289.10840	0.16699	10740	0	0.51718	0.47922	0	0.48823	0.51990	0	0.48823	0.51990	0	0.44974	0.54787	11.66826	1.06645	0	0.71423	0.57022	12.12436	1.06645	0	-0.01278	-0.01176	0.68155	0.00382	1	0.05691	-0.01655	0.69380	0.00348	1	1.45898	0.81042	0	
1228832	8289.32227	3303692820912	0.50221	0.48883	8289.10840	0.16699	10740	0	0.51538	0.46853	1	0.48905	0.50913	1	0.50221	0.48883	1	0.44928	0.54801	11.16973	1.06645	1	0.71346	0.56997	11.89796	1.07513	1	-0.01283	-0.01171	0.67878	0.00372	1	0.05757	-0.01684	0.70367	0.00350	1	1.45898	0.81042	0	
1228833	8289.32910	3303692888444	0.50349	0.46838	8289.10840	0.16699	10740	0	0.51636	0.43342	1	0.49318	0.46243	1	0.50477	0.44792	1	0.44943	0.54825	11.67612	1.07513	1	0.71336	0.56967	11.97758	1.08381	1	-0.01283	-0.01171	0.67878	0.00340	1	0.05757	-0.01684	0.70367	0.00359	1	1.45898	0.81042	0	
1228834	8289.33594	3303692953604	0.50884	0.44865	8289.10840	0.16699	10740	0	0.54411	0.44402	1	0.49498	0.37438	1	0.51954	0.40920	1	0.44948	0.54823	11.33346	1.08381	1	0.71348	0.56932	11.76467	1.09249	1	-0.01283	-0.01171	0.67878	0.00343	1	0.05757	-0.01684	0.70367	0.00373	1	1.45898	0.81042	0	
1228835	8289.34277	3303693022017	0.51142	0.43805	8289.32227	0.02051	10741	1	0.54335	0.43814	1	0.49498	0.37438	1	0.51917	0.40626	1	0.44917	0.54756	11.60682	1.09249	1	0.71361	0.57005	12.30852	1.09249	1	-0.01283	-0.01171	0.67878	0.00372	1	0.05556	-0.01626	0.67976	0.00361	1	1.45898	0.81042	0	
1228836	8289.34961	3303693089099	0.51196	0.43937	8289.32227	0.02734	10741	1	0.52230	0.43209	1	0.50596	0.45716	1	0.51413	0.44463	1	0.44910	0.54813	12.05206	1.09249	1	0.71363	0.57000	12.14058	1.08381	1	-0.01283	-0.01171	0.67878	0.00366	1	0.05556	-0.01626	0.67976	0.00361	1	1.45898	0.81042	0	
1228837	8289.35645	3303693155506	0.51154	0.44607	8289.32227	0.03418	10741	1	0.51900	0.46728	1	0.49986	0.49189	1	0.50943	0.47959	1	0.44902	0.54862	12.25949	1.08381	1	0.71356	0.56999	12.26215	1.07513	1	-0.01283	-0.01171	0.67878	0.00350	1	0.05556	-0.01626	0.67976	0.00360	1	1.45898	0.81042	0	
1228838	8289.36230	3303693223064	0.51127	0.45279	8289.32227	0.04004	10741	1	0.52080	0.47826	1	0.49843	0.50801	1	0.50961	0.49313	1	0.44909	0.54818	12.10629	1.06711	1	0.71317	0.57009	11.80201	1.05077	1	-0.01293	-0.01181	0.68176	0.00365	1	0.05435	-0.01592	0.66558	0.00353	1	1.45898	0.81042	0	
1228839	8289.36914	3303693287172	0.50981	0.45495	8289.32227	0.04688	10741	1	0.51762	0.44605	1	0.48157	0.49409	1	0.49960	0.47007	1	0.44898	0.54789	12.03411	1.04275	1	0.71293	0.56970	11.94374	1.03509	1	-0.01293	-0.01181	0.68176	0.00383	1	0.05435	-0.01592	0.66558	0.00365	1	1.45898	0.81042	0	
1228840	8289.37598	3303693353124	0.50993	0.45916	8289.32227	0.05371	10741	1	0.54807	0.49201	1	0.47375	0.49364	1	0.51091	0.49282	1	0.44938	0.54831	12.25615	1.02708	1	0.71284	0.56968	12.01967	1.01942	1	-0.01293	-0.01181	0.68176	0.00377	1	0.05435	-0.01592	0.66558	0.00368	1	1.45898	0.81042	0	
1228841	8289.38281	3303693419014	0.51007	0.46360	8289.32227	0.06055	10741	1	0.54946	0.50249	1	0.47317	0.50453	1	0.51131	0.50351	1	0.44923	0.54853	12.46565	1.01140	1	0.71276	0.56967	12.23258	1.00374	1	-0.01257	-0.01139	0.65753	0.00357	1	0.05435	-0.01592	0.66558	0.00368	1	1.45898	0.81042	0	
1228842	8289.38965	3303693488537	0.50888	0.46736	8289.32227	0.06738	10741	1	0.52838	0.50968	1	0.46566	0.50038	1	0.49702	0.50503	1	0.44905	0.54830	12.20916	1.00374	1	0.71273	0.56958	11.92678	1.00374	1	-0.01257	-0.01139	0.65753	0.00363	1	0.05435	-0.01592	0.66558	0.00371	1	1.45898	0.81042	0	
1228843	8289.39551	3303693553699	0.50767	0.47110	8289.32227	0.07324	10741	1	0.52049	0.48203	1	0.46814	0.54231	1	0.49432	0.51217	1	0.44901	0.54812	11.88377	1.00374	1	0.71267	0.56995	12.29334	1.00374	1	-0.01257	-0.01139	0.65753	0.00373	1	0.05435	-0.01592	0.66558	0.00353	1	1.45898	0.81042	0	
1228844	8289.40234	3303693621556	0.50664	0.47426	8289.32227	0.08008	10741	1	0.52049	0.48203	1	0.46814	0.54231	1	0.49432	0.51217	1	0.44901	0.54812	11.88377	1.00374	1	0.71265	0.56987	12.27890	1.00374	1	-0.01257	-0.01139	0.65753	0.00373	1	0.05435	-0.01587	0.66558	0.00350	1	1.45898	0.81042	0	
1228845	8289.40918	3303693686884	0.50552	0.47567	8289.32227	0.08691	10741	1	0.51902	0.50164	1	0.46282	0.48642	1	0.49092	0.49403	1	0.44908	0.54837	12.13141	1.00374	1	0.71258	0.56940	12.01144	1.00374	1	-0.01257	-0.01139	0.65753	0.00363	1	0.05435	-0.01587	0.66558	0.00367	1	1.45898	0.81042	0	
1228846	8289.41602	3303693755730	0.50409	0.47672	8289.32227	0.09375	10741	1	0.50238	0.48794	1	0.46568	0.49500	1	0.48403	0.49147	1	0.44862	0.54809	11.45531	1.00374	1	0.71270	0.56954	12.27395	1.00374	1	-0.01257	-0.01139	0.65753	0.00370	1	0.05435	-0.01587	0.66558	0.00362	1	1.45898	0.81042	0	
1228847	8289.42285	3303693823615	0.50284	0.47748	8289.32227	0.10059	10741	1	0.50238	0.48794	1	0.46591	0.48961	1	0.48414	0.48877	1	0.44859	0.54807	11.44583	1.00374	1	0.71268	0.56973	12.26717	1.01140	1	-0.01257	-0.01139	0.65753	0.00382	1	0.05561	-0.01626	0.68170	0.00352	1	1.45898	0.81042	0	
1228848	8289.42969	3303693891402	0.50242	0.47745	8289.32227	0.10742	10741	1	0.52649	0.49881	1	0.46504	0.45516	1	0.49576	0.47698	1	0.44899	0.54828	11.71062	1.01140	1	0.71271	0.56924	12.15137	1.01906	1	-0.01257	-0.01139	0.65753	0.00368	1	0.05561	-0.01626	0.68170	0.00381	1	1.45898	0.81042	0	
1228849	8289.43652	3303693959516	0.50142	0.47891	8289.32227	0.11426	10741	1	0.50186	0.50007	1	0.46691	0.50766	1	0.48438	0.50386	1	0.44864	0.54811	11.45820	1.01906	1	0.71273	0.56984	12.40207	1.02672	1	-0.01257	-0.01139	0.65753	0.00372	1	0.05561	-0.01626	0.68170	0.00344	1	1.45898	0.81042	0	
1228850	8289.44336	3303694026504	0.50050	0.47996	8289.32227	0.12109	10741	1	0.50087	0.49495	1	0.46714	0.50249	1	0.48400	0.49872	1	0.44893	0.54807	12.11154	1.02672	1	0.71263	0.56974	12.45020	1.03438	1	-0.01257	-0.01139	0.65753	0.00359	1	0.05561	-0.01626	0.68170	0.00347	1	1.45898	0.81042	0	
1228851	8289.45020	3303694094410	0.50042	0.48075	8289.32227	0.12793	10741	1	0.53068	0.47986	1	0.46712	0.51178	1	0.49890	0.49582	1	0.44909	0.54832	12.25914	1.03438	1	0.71270	0.56992	12.59845	1.03438	1	-0.01257	-0.01139	0.65753	0.00362	1	0.05561	-0.01626	0.68170	0.00344	1	1.45898	0.81042	0	
1228852	8289.45605	3303694160336	0.49943	0.48101	8289.32227	0.13379	10741	1	0.50412	0.46521	1	0.45514	0.50703	1	0.47963	0.48612	1	0.44877	0.54802	11.64848	1.03438	1	0.71250	0.56982	12.17664	1.03438	1	-0.01257	-0.01139	0.65753	0.00368	1	0.05561	-0.01626	0.68170	0.00352	1	1.45898	0.81042	0	
1228853	8289.46289	3303694227866	0.49853	0.48135	8289.32227	0.14062	10741	1	0.50412	0.46521	1	0.45500	0.51217	1	0.47956	0.48869	1	0.44890	0.54811	12.00526	1.03438	1	0.71259	0.56992	12.63187	1.02672	1	-0.01257	-0.01139	0.65753	0.00359	1	0.05435	-0.01587	0.66558	0.00348	1	1.45898	0.81042	0	
1228854	8289.46973	3303694294671	0.49863	0.48226	8289.32227	0.14746	10741	1	0.53440	0.49041	1	0.46745	0.51379	1	0.50092	0.50210	1	0.44920	0.54838	12.58774	1.02672	1	0.71269	0.56994	12.56739	1.01906	1	-0.01257	-0.01139	0.65753	0.00365	1	0.05435	-0.01587	0.66558	0.00346	1	1.45898	0.81042	0	
1228855	8289.47656	3303694361504	0.49871	0.48268	8289.32227	0.15430	10741	1	0.53734	0.50721	1	0.46364	0.47762	1	0.50049	0.49241	1	0.44922	0.54853	12.46186	1.01906	1	0.71260	0.56921	12.22181	1.01140	1	-0.01257	-0.01139	0.65753	0.00360	1	0.05435	-0.01587	0.66558	0.00375	1	1.45898	0.81042	0	
1228856	8289.48340	3303694428630	0.49880	0.48317	8289.32227	0.16113	10741	1	0.53810	0.51226	1	0.46364	0.47762	1	0.50087	0.49494	1	0.44904	0.54807	11.92446	1.01140	1	0.71258	0.56893	11.91694	1.01140	1	-0.01257	-0.01139	0.65753	0.00367	1	0.05549	-0.01617	0.68024	0.00385	1	1.45898	0.81042	0	
1228857	8289.49023	3303694496124	0.49846	0.48395	8289.32227	0.16797	10741	1	0.51383	0.49101	1	0.46643	0.51588	1	0.49013	0.50345	1	0.44893	0.54813	11.93767	1.01140	1	0.71268	0.56991	12.45065	1.01906	1	-0.01257	-0.01139	0.65753	0.00368	1	0.05549	-0.01617	0.68024	0.00344	1	1.45898	0.81042	0	
1228858	8289.49707	3303694562962	0.49810	0.48464	8289.32227	0.17480	10741	1	0.51617	0.48670	1	0.46122	0.51839	1	0.48870	0.50255	1	0.44895	0.54824	12.05505	1.01906	1	0.71257	0.56983	12.41301	1.02672	1	-0.01257	-0.01139	0.65753	0.00363	1	0.05549	-0.01617	0.68024	0.00345	1	1.45898	0.81042	0	
1228859	8289.50293	3303694628560	0.49774	0.48490	8289.32227	0.18066	10741	1	0.51434	0.47603	1	0.46162	0.50797	1	0.48798	0.49200	1	0.44905	0.54834	12.11299	1.03474	1	0.71264	0.56975	12.31689	1.04240	1	-0.01303	-0.01180	0.68391	0.00362	1	0.05549	-0.01617	0.68024	0.00349	1	1.45898	0.81042	0	
1228860	8289.50977	3303694696933	0.49741	0.48383	8289.32227	0.18750	10741	1	0.51144	0.42513	1	0.46511	0.48273	1	0.48828	0.45393	1	0.44895	0.54781	12.20289	1.05041	1	0.71265	0.56979	12.46330	1.05041	1	-0.01303	-0.01180	0.68391	0.00388	1	0.05549	-0.01617	0.68024	0.00347	1	1.45898	0.81042	0	
1228861	8289.51660	3303694763685	0.49716	0.48275	8289.32227	0.19434	10741	1	0.51207	0.41511	1	0.46755	0.48772	1	0.48981	0.45142	1	0.44894	0.54780	12.18001	1.05843	1	0.71267	0.56986	12.47606	1.05843	1	-0.01303	-0.01180	0.68391	0.00388	1	0.05549	-0.01617	0.68024	0.00350	1	1.45898	0.81042	0	
1228862	8289.52344	3303694830670	0.49692	0.48183	8289.32227	0.20117	10741	1	0.51207	0.41511	1	0.46732	0.49288	1	0.48969	0.45400	1	0.44894	0.54780	12.18001	1.05843	1	0.71259	0.56976	12.35463	1.05077	1	-0.01267	-0.01143	0.66282	0.00388	1	0.05428	-0.01580	0.66474	0.00345	1	1.45898	0.81042	0	
1228863	8289.53027	3303694897979	0.49679	0.48122	8289.32227	0.20801	10741	1	0.51229	0.41157	1	0.47299	0.51302	1	0.49264	0.46230	1	0.44890	0.54734	11.77971	1.04275	1	0.71279	0.57005	13.46077	1.03509	1	-0.01267	-0.01143	0.66282	0.00403	1	0.05428	-0.01580	0.66474	0.00345	1	1.45898	0.81042	0	
1228864	8289.53711	3303694962746	0.49611	0.48110	8289.32227	0.21484	10741	1	0.51278	0.42756	1	0.43627	0.52698	1	0.47453	0.47727	1	0.44893	0.54752	11.96682	1.02708	1	0.71221	0.56994	12.71732	1.01942	1	-0.01267	-0.01143	0.66282	0.00396	1	0.05428	-0.01580	0.66474	0.00360	1	1.45898	0.81042	0	
1228865	8289.54395	3303695031945	0.49549	0.48114	8289.32227	0.22168	10741	1	0.51369	0.43317	1	0.43626	0.53203	1	0.47498	0.48260	1	0.44900	0.54768	12.09427	1.01942	1	0.71284	0.57000	13.30507	1.01176	1	-0.01285	-0.01169	0.67466	0.00391	1	0.05428	-0.01580	0.66474	0.00349	1	1.45898	0.81042	0	
1228866	8289.55078	3303695098287	0.49586	0.48146	8289.32227	0.22852	10741	1	0.51932	0.45986	1	0.49735	0.52504	1	0.50833	0.49245	1	0.44897	0.54785	12.20385	1.01978	1	0.71321	0.56992	13.11619	1.01978	1	-0.01285	-0.01169	0.67466	0.00380	1	0.05428	-0.01580	0.66474	0.00352	1	1.45898	0.81042	0	
1228867	8289.55664	3303695165950	0.49615	0.48296	8289.32227	0.23438	10741	1	0.52165	0.53226	1	0.49127	0.53863	1	0.50646	0.53544	1	0.44900	0.54858	12.53970	1.02779	1	0.71314	0.56996	12.68775	1.02779	1	-0.01285	-0.01169	0.67466	0.00344	1	0.05428	-0.01580	0.66474	0.00353	1	1.45898	0.81042	0	
1228868	8289.56348	3303695232447	0.49642	0.48402	8289.32227	0.24121	10741	1	0.51974	0.52149	1	0.49259	0.52262	1	0.50617	0.52206	1	0.44901	0.54864	12.43286	1.04489	1	0.71322	0.56986	13.14955	1.05255	1	-0.01326	-0.01211	0.69885	0.00343	1	0.05627	-0.01642	0.68846	0.00348	1	1.45898	0.81042	0	
1228869	8289.57031	3303695299378	0.49666	0.48387	8289.32227	0.24805	10741	1	0.53223	0.47378	1	0.47838	0.48328	1	0.50531	0.47853	1	0.44916	0.54833	12.49554	1.06164	1	0.71332	0.56989	13.31092	1.06930	1	-0.01326	-0.01211	0.69885	0.00359	1	0.05627	-0.01642	0.68846	0.00350	1	1.45898	0.81042	0	
1228870	8289.57715	3303695366354	0.49670	0.48331	8289.32227	0.25488	10741	1	0.51562	0.45017	1	0.48112	0.47331	1	0.49837	0.46174	1	0.44900	0.54822	12.06653	1.07838	1	0.71330	0.56984	13.23577	1.08604	1	-0.01326	-0.01211	0.69885	0.00366	1	0.05627	-0.01642	0.68846	0.00351	1	1.45898	0.81042	0	
1228871	8289.58398	3303695433454	0.49674	0.48264	8289.32227	0.26172	10741	1	0.51477	0.44499	1	0.48144	0.46817	1	0.49810	0.45658	1	0.44934	0.54816	12.39115	1.08604	1	0.71332	0.56971	12.56815	1.09370	1	-0.01283	-0.01176	0.67878	0.00363	1	0.05627	-0.01642	0.68846	0.00349	1	1.45898	0.81042	0	
1228872	8289.59082	3303695500484	0.49698	0.48079	8289.32227	0.26855	10741	1	0.51306	0.43512	1	0.50067	0.37871	1	0.50687	0.40692	1	0.44931	0.54814	12.56607	1.08462	1	0.71352	0.56895	12.17142	1.08462	1	-0.01283	-0.01176	0.67878	0.00335	1	0.05627	-0.01642	0.68846	0.00393	1	1.45898	0.81042	0	
1228873	8289.59668	3303695565617	0.49704	0.48056	8289.32227	0.27441	10741	1	0.52302	0.46283	1	0.47580	0.47955	1	0.49941	0.47119	1	0.44942	0.54821	12.89979	1.07553	1	0.71355	0.56990	12.73116	1.07553	1	-0.01283	-0.01176	0.67878	0.00333	1	0.05627	-0.01642	0.68846	0.00351	1	1.45898	0.81042	0	
1228874	8289.60352	3303695634237	0.49710	0.48055	8289.32227	0.28125	10741	1	0.52398	0.46889	1	0.47517	0.49079	1	0.49957	0.47984	1	0.44979	0.54835	12.78214	1.06645	1	0.71368	0.57002	12.66817	1.05879	1	-0.01283	-0.01171	0.67878	0.00336	1	0.05373	-0.01566	0.65681	0.00353	1	1.45898	0.81042	0	
1228875	8289.61035	3303695701316	0.49711	0.48047	8289.32227	0.28809	10741	1	0.51826	0.45460	1	0.47724	0.49974	1	0.49775	0.47717	1	0.44991	0.54824	12.86155	1.05879	1	0.71361	0.56989	12.62451	1.05113	1	-0.01283	-0.01171	0.67878	0.00377	1	0.05373	-0.01566	0.65681	0.00342	1	1.45898	0.81042	0	
1228876	8289.61719	3303695769071	0.49675	0.48051	8289.32227	0.29492	10741	1	0.50779	0.42971	1	0.45334	0.53440	1	0.48057	0.48206	1	0.44967	0.54768	12.15415	1.05113	1	0.71329	0.57013	13.17546	1.04347	1	-0.01283	-0.01171	0.67878	0.00392	1	0.05373	-0.01566	0.65681	0.00341	1	1.45898	0.81042	0	
1228877	8289.62402	3303695835356	0.49640	0.48065	8289.32227	0.30176	10741	1	0.50871	0.43519	1	0.45321	0.53929	1	0.48096	0.48724	1	0.44978	0.54768	12.09427	1.04347	1	0.71370	0.56947	12.79343	1.03581	1	-0.01278	-0.01176	0.68155	0.00391	1	0.05381	-0.01571	0.65653	0.00373	1	1.45898	0.81042	0	
1228878	8289.63086	3303695902744	0.49635	0.48108	8289.32227	0.30859	10741	1	0.51919	0.49158	1	0.46831	0.51032	1	0.49375	0.50095	1	0.44973	0.54825	12.33106	1.03581	1	0.71353	0.56979	12.38664	1.03581	1	-0.01278	-0.01176	0.68155	0.00371	1	0.05381	-0.01571	0.65653	0.00371	1	1.45898	0.81042	0	
1228879	8289.63770	3303695969452	0.49579	0.48059	8289.32227	0.31543	10741	1	0.47956	0.42716	1	0.45934	0.48747	1	0.46945	0.45731	1	0.44997	0.54814	12.22235	1.03581	1	0.71364	0.57022	12.24940	1.03581	1	-0.01278	-0.01176	0.68155	0.00369	1	0.05381	-0.01571	0.65653	0.00374	1	1.45898	0.81042	0	
1228880	8289.64355	3303696035251	0.49511	0.48005	8289.32227	0.32129	10741	1	0.48073	0.43300	1	0.45916	0.49299	1	0.46994	0.46299	1	0.45192	0.54935	11.97475	1.02779	1	0.71556	0.57152	12.71114	1.02779	1	-0.01199	-0.01155	0.65798	0.00308	1	0.05375	-0.01578	0.65351	0.00334	1	1.45898	0.81042	0	
1228881	8289.65039	3303696103347	0.49587	0.48266	8289.32227	0.32812	10741	1	0.56704	0.56035	1	0.51520	0.58604	1	0.54112	0.57319	1	0.45239	0.54994	11.27980	1.01978	1	0.71592	0.57212	12.92671	1.01978	1	-0.01199	-0.01155	0.65798	0.00341	1	0.05375	-0.01578	0.65351	0.00329	1	1.45898	0.81042	0	
1228882	8289.65723	3303696168594	0.49557	0.48503	8289.32227	0.33496	10741	1	0.52045	0.54282	1	0.48936	0.50312	1	0.50491	0.52297	1	0.45248	0.54979	11.68306	1.01176	1	0.71587	0.57176	12.77146	1.01176	1	-0.01199	-0.01155	0.65798	0.00326	1	0.05375	-0.01578	0.65351	0.00355	1	1.45898	0.81042	0	
1228883	8289.66406	3303696237100	0.49527	0.48757	8289.32227	0.34180	10741	1	0.52137	0.54786	1	0.48894	0.50866	1	0.50515	0.52826	1	0.45397	0.55061	11.98238	1.00374	1	0.71708	0.57327	12.56974	1.00374	1	-0.01162	-0.01177	0.65959	0.00322	1	0.05434	-0.01601	0.65701	0.00333	1	1.45898	0.81042	0	
1228884	8289.67090	3303696304102	0.49681	0.49097	8289.32227	0.34863	10741	1	0.62242	0.62095	1	0.55367	0.59437	1	0.58804	0.60766	1	0.45406	0.55065	11.80505	1.00374	1	0.71732	0.57291	12.50866	1.00374	1	-0.01162	-0.01177	0.65959	0.00341	1	0.05434	-0.01601	0.65701	0.00342	1	1.45898	0.81042	0	
1228885	8289.67773	3303696371151	0.50932	0.51720	8289.32227	0.34863	10741	0	0.61185	0.64041	1	0.54931	0.61322	1	0.58058	0.62682	1	0.45377	0.55111	12.15228	1.00374	1	0.71727	0.57330	12.69201	1.00374	1	-0.01162	-0.01177	0.65959	0.00336	1	0.05434	-0.01601	0.65701	0.00334	1	1.45898	0.81042	0	
1228886	8289.68457	3303696438182	0.54516	0.57088	8289.32227	0.34863	10741	0	0.61185	0.64041	1	0.55016	0.60869	1	0.58100	0.62455	1	0.45403	0.55142	12.45662	1.00374	1	0.71731	0.57338	12.87601	1.01140	1	-0.01154	-0.01164	0.65475	0.00316	1	0.05539	-0.01641	0.66911	0.00323	1	1.45898	0.81042	0	
1228887	8289.69141	3303696505047	0.55570	0.59928	8289.32227	0.34863	10741	0	0.61758	0.65871	1	0.53599	0.65346	1	0.57678	0.65608	1	0.45386	0.55127	12.06526	1.01140	1	0.71709	0.57363	13.32801	1.01906	1	-0.01154	-0.01164	0.65475	0.00338	1	0.05539	-0.01641	0.66911	0.00327	1	1.45898	0.81042	0	
1228888	8289.69727	3303696571791	0.58058	0.64125	8289.32227	0.34863	10741	0	0.61512	0.66074	1	0.55276	0.62549	1	0.58394	0.64312	1	0.45392	0.55131	12.20340	1.01906	1	0.71730	0.57356	13.06871	1.02672	1	-0.01154	-0.01164	0.65475	0.00325	1	0.05539	-0.01641	0.66911	0.00330	1	1.45898	0.81042	0	
1228889	8289.70410	3303696639065	0.58258	0.63799	8289.32227	0.34863	10741	0	0.61466	0.65282	1	0.55452	0.61662	1	0.58459	0.63472	1	0.45409	0.55129	12.42505	1.03474	1	0.71754	0.57369	13.55848	1.04240	1	-0.01211	-0.01222	0.68441	0.00322	1	0.05539	-0.01641	0.66911	0.00325	1	1.45898	0.81042	0	
1228890	8289.71094	3303696706125	0.59140	0.63374	8289.32227	0.34863	10741	0	0.62211	0.61378	1	0.59594	0.63672	1	0.60902	0.62525	1	0.45406	0.55141	12.34291	1.05041	1	0.71798	0.57377	13.14851	1.05041	1	-0.01211	-0.01222	0.68441	0.00325	1	0.05539	-0.01641	0.66911	0.00334	1	1.45898	0.81042	0	
1228891	8289.71777	3303696773001	0.59763	0.62665	8289.69727	0.02051	10742	1	0.63820	0.58207	1	0.59450	0.62870	1	0.61635	0.60539	1	0.45423	0.55114	11.84132	1.05843	1	0.71794	0.57362	12.88465	1.05843	1	-0.01211	-0.01222	0.68441	0.00331	1	0.05539	-0.01641	0.66911	0.00324	1	1.45898	0.81042	0	
1228892	8289.72461	3303696840037	0.60149	0.62151	8289.69727	0.02734	10742	1	0.63813	0.57758	1	0.59568	0.62431	1	0.61691	0.60094	1	0.45438	0.55128	12.25100	1.06645	1	0.71785	0.57375	13.48472	1.06645	1	-0.01211	-0.01222	0.68441	0.00327	1	0.05597	-0.01663	0.67607	0.00323	1	1.45898	0.81042	0	
1228893	8289.73145	3303696907763	0.60266	0.61836	8289.69727	0.03418	10742	1	0.63879	0.58565	1	0.57822	0.61959	1	0.60851	0.60262	1	0.45429	0.55133	12.16799	1.06645	1	0.71766	0.57357	13.34176	1.06645	1	-0.01211	-0.01222	0.68441	0.00323	1	0.05597	-0.01663	0.67607	0.00320	1	1.45898	0.81042	0	
1228894	8289.73828	3303696973895	0.60341	0.61611	8289.69727	0.04102	10742	1	0.62857	0.60190	1	0.58724	0.60329	1	0.60790	0.60260	1	0.45415	0.55136	12.49561	1.06645	1	0.71779	0.57340	13.02415	1.06645	1	-0.01211	-0.01222	0.68441	0.00325	1	0.05597	-0.01663	0.67607	0.00319	1	1.45898	0.81042	0	
1228895	8289.74414	3303697040417	0.60397	0.61442	8289.69727	0.04688	10742	1	0.62857	0.60190	1	0.58724	0.60329	1	0.60790	0.60260	1	0.45399	0.55155	12.54926	1.06645	1	0.71772	0.57350	13.06692	1.06645	1	-0.01211	-0.01222	0.68441	0.00322	1	0.05539	-0.01651	0.66911	0.00316	1	1.45898	0.81042	0	
1228896	8289.75098	3303697107607	0.60413	0.61304	8289.69727	0.05371	10742	1	0.62590	0.62466	1	0.58502	0.57937	1	0.60546	0.60202	1	0.45409	0.55153	12.39147	1.06645	1	0.71773	0.57324	12.74521	1.06645	1	-0.01211	-0.01222	0.68441	0.00314	1	0.05539	-0.01651	0.66911	0.00318	1	1.45898	0.81042	0	
1228897	8289.75781	3303697175529	0.60270	0.61310	8289.69727	0.06055	10742	1	0.62891	0.61689	1	0.55064	0.61027	1	0.58978	0.61358	1	0.45406	0.55160	12.31030	1.06645	1	0.71761	0.57358	13.46221	1.06645	1	-0.01211	-0.01222	0.68441	0.00313	1	0.05539	-0.01651	0.66911	0.00317	1	1.45898	0.81042	0	
1228898	8289.76465	3303697242240	0.60152	0.61314	8289.69727	0.06738	10742	1	0.62891	0.61689	1	0.55064	0.61027	1	0.58978	0.61358	1	0.45412	0.55160	12.29561	1.06645	1	0.71755	0.57382	13.76651	1.06645	1	-0.01202	-0.01217	0.67904	0.00311	1	0.05597	-0.01663	0.67607	0.00322	1	1.45898	0.81042	0	
1228899	8289.77148	3303697306969	0.60063	0.61462	8289.69727	0.07422	10742	1	0.62532	0.62552	1	0.55627	0.63620	1	0.59079	0.63086	1	0.45414	0.55162	12.44437	1.06645	1	0.71731	0.57390	14.00087	1.06645	1	-0.01202	-0.01217	0.67904	0.00311	1	0.05597	-0.01663	0.67607	0.00341	1	1.45898	0.81042	0	
1228900	8289.77734	3303697372557	0.60024	0.61354	8289.69727	0.08008	10742	1	0.63589	0.56654	1	0.55523	0.63480	1	0.59556	0.60067	1	0.45419	0.55157	12.19470	1.06645	1	0.71728	0.57376	13.43797	1.06645	1	-0.01202	-0.01217	0.67904	0.00316	1	0.05597	-0.01663	0.67607	0.00350	1	1.45898	0.81042	0	
1228901	8289.78418	3303697435917	0.59988	0.61277	8289.69727	0.08691	10742	1	0.63589	0.56654	1	0.55438	0.63890	1	0.59514	0.60272	1	0.45419	0.55165	12.24340	1.06645	1	0.71753	0.57343	13.34129	1.05879	1	-0.01211	-0.01232	0.68440	0.00313	1	0.05434	-0.01616	0.65701	0.00352	1	1.45898	0.81042	0	
1228902	8289.79102	3303697506411	0.60005	0.61205	8289.69727	0.09375	10742	1	0.63258	0.56123	1	0.57252	0.64259	1	0.60255	0.60191	1	0.45415	0.55168	12.41216	1.05879	1	0.71755	0.57387	13.65700	1.05113	1	-0.01211	-0.01232	0.68440	0.00312	1	0.05434	-0.01616	0.65701	0.00321	1	1.45898	0.81042	0	
1228903	8289.79785	3303697573435	0.60056	0.61291	8289.69727	0.10059	10742	1	0.65123	0.62738	1	0.56516	0.62426	1	0.60820	0.62582	1	0.45413	0.55179	12.73589	1.05113	1	0.71743	0.57410	13.98697	1.04347	1	-0.01211	-0.01232	0.68440	0.00316	1	0.05434	-0.01616	0.65701	0.00330	1	1.45898	0.81042	0	
1228904	8289.80469	3303697639351	0.60098	0.61391	8289.69727	0.10742	10742	1	0.65121	0.63137	1	0.56423	0.62854	1	0.60772	0.62995	1	0.45406	0.55182	12.89649	1.04347	1	0.71776	0.57465	13.44234	1.03581	1	-0.01202	-0.01227	0.67904	0.00315	1	0.05434	-0.01621	0.65701	0.00325	1	1.45898	0.81042	0	
1228905	8289.81152	3303697707937	0.60143	0.61477	8289.69727	0.11426	10742	1	0.65072	0.61172	1	0.56725	0.64689	1	0.60899	0.62931	1	0.45409	0.55205	12.92588	1.03581	1	0.71757	0.57429	13.03207	1.03581	1	-0.01202	-0.01227	0.67904	0.00302	1	0.05434	-0.01621	0.65701	0.00347	1	1.45898	0.81042	0	
1228906	8289.81836	3303697775738	0.60177	0.61915	8289.69727	0.12109	10742	1	0.63282	0.71044	1	0.58292	0.68577	1	0.60787	0.69811	1	0.45385	0.55219	12.99806	1.03581	1	0.71777	0.57464	13.39069	1.03581	1	-0.01202	-0.01227	0.67904	0.00322	1	0.05434	-0.01621	0.65701	0.00329	1	1.45898	0.81042	0	
1228907	8289.82422	3303697840378	0.60207	0.62310	8289.69727	0.12695	10742	1	0.63282	0.71044	1	0.58292	0.68577	1	0.60787	0.69811	1	0.45377	0.55211	13.23438	1.03581	1	0.71754	0.57421	12.86584	1.03581	1	-0.01211	-0.01242	0.68441	0.00304	1	0.05434	-0.01621	0.65701	0.00328	1	1.45898	0.81042	0	
1228908	8289.83105	3303697907319	0.60195	0.62498	8289.69727	0.13379	10742	1	0.63009	0.67667	1	0.56893	0.64827	1	0.59951	0.66247	1	0.45391	0.55212	12.94251	1.03581	1	0.71758	0.57436	13.15493	1.03581	1	-0.01211	-0.01242	0.68441	0.00320	1	0.05434	-0.01621	0.65701	0.00325	1	1.45898	0.81042	0	
1228909	8289.83789	3303697978286	0.60173	0.62642	8289.69727	0.14062	10742	1	0.62783	0.66921	1	0.56636	0.64428	1	0.59710	0.65675	1	0.45374	0.55226	13.34807	1.03581	1	0.71751	0.57431	13.09354	1.03581	1	-0.01211	-0.01242	0.68441	0.00317	1	0.05434	-0.01621	0.65701	0.00321	1	1.45898	0.81042	0	
1228910	8289.84473	3303698045362	0.60149	0.62800	8289.69727	0.14746	10742	1	0.62798	0.67313	1	0.56452	0.65233	1	0.59625	0.66273	1	0.45385	0.55233	13.18673	1.02779	1	0.71765	0.57462	13.50616	1.02098	1	-0.01140	-0.01169	0.64136	0.00310	1	0.05289	-0.01579	0.64008	0.00308	1	1.45898	0.81042	0	
1228911	8289.85156	3303698111754	0.60192	0.63116	8289.69727	0.15430	10742	1	0.63651	0.69138	1	0.58707	0.71657	1	0.61179	0.70397	1	0.45379	0.55226	13.23379	1.01297	1	0.71756	0.57488	13.71688	1.00616	1	-0.01140	-0.01169	0.64136	0.00310	1	0.05289	-0.01579	0.64008	0.00318	1	1.45898	0.81042	0	
1228912	8289.85840	3303698179642	0.60190	0.63347	8289.69727	0.16113	10742	1	0.62779	0.66972	1	0.57502	0.70774	1	0.60140	0.68873	1	0.45371	0.55234	13.09837	0.99814	1	0.71743	0.57453	13.59948	0.99133	1	-0.01140	-0.01169	0.64136	0.00316	1	0.05289	-0.01579	0.64008	0.00321	1	1.45898	0.81042	0	
1228913	8289.86523	3303698246330	0.60411	0.66314	8289.69727	0.16113	10742	0	0.62819	0.68084	1	0.57198	0.71879	1	0.60009	0.69982	1	0.45385	0.55229	12.88069	0.97619	1	0.71754	0.57468	14.05630	0.96938	1	-0.01145	-0.01169	0.64167	0.00312	1	0.05289	-0.01579	0.64008	0.00320	1	1.45898	0.81042	0	
1228914	8289.87207	3303698313591	0.60428	0.68725	8289.69727	0.16113	10742	0	0.62588	0.71805	1	0.58300	0.70467	1	0.60444	0.71136	1	0.45340	0.55254	13.36297	0.96226	1	0.71761	0.57449	13.91197	0.96226	1	-0.01145	-0.01169	0.64167	0.00320	1	0.05289	-0.01579	0.64008	0.00331	1	1.45898	0.81042	0	
1228915	8289.87891	3303698380626	0.60418	0.69721	8289.69727	0.16113	10742	0	0.63390	0.71384	1	0.57409	0.72044	1	0.60400	0.71714	1	0.45379	0.55228	12.91849	0.95513	1	0.71750	0.57457	13.46891	0.95513	1	-0.01145	-0.01169	0.64167	0.00309	1	0.05289	-0.01579	0.64008	0.00321	1	1.45898	0.81042	0	
1228916	8289.88477	3303698447381	0.60402	0.70308	8289.86523	0.01953	10743	1	0.63399	0.71728	1	0.57308	0.72406	1	0.60353	0.72067	1	0.45390	0.55221	12.97002	0.94801	1	0.71747	0.57451	13.66764	0.94801	1	-0.01145	-0.01169	0.64167	0.00316	1	0.05289	-0.01579	0.64008	0.00322	1	1.45898	0.81042	0	
1228917	8289.89160	3303698514389	0.60591	0.70036	8289.86523	0.02637	10743	1	0.64711	0.66471	1	0.57980	0.71432	1	0.61346	0.68951	1	0.45387	0.55211	12.89391	0.94801	1	0.71752	0.57461	13.92560	0.94801	1	-0.01145	-0.01169	0.64167	0.00315	1	0.05289	-0.01579	0.64008	0.00321	1	1.45898	0.81042	0	
1228918	8289.89844	3303698581637	0.60623	0.69413	8289.86523	0.03320	10743	1	0.64833	0.61108	1	0.56736	0.71479	1	0.60785	0.66294	1	0.45385	0.55213	12.99918	0.94801	1	0.71749	0.57459	13.75500	0.94801	1	-0.01145	-0.01169	0.64167	0.00311	1	0.05289	-0.01579	0.64008	0.00321	1	1.45898	0.81042	0	
1228919	8289.90527	3303698648480	0.60653	0.68942	8289.86523	0.04004	10743	1	0.64833	0.61108	1	0.56830	0.71127	1	0.60831	0.66117	1	0.45329	0.55248	13.02203	0.94801	1	0.71756	0.57435	13.59600	0.95481	1	-0.01145	-0.01174	0.64167	0.00326	1	0.05486	-0.01640	0.66453	0.00334	1	1.45898	0.81042	0	
1228920	8289.91211	3303698716154	0.60677	0.68620	8289.86523	0.04688	10743	1	0.64266	0.63985	1	0.57433	0.68747	1	0.60850	0.66366	1	0.45349	0.55258	13.42161	0.95481	1	0.71756	0.57435	13.59600	0.96162	1	-0.01145	-0.01174	0.64167	0.00317	1	0.05486	-0.01640	0.66453	0.00334	1	1.45898	0.81042	0	
1228921	8289.91895	3303698783034	0.60768	0.68592	8289.86523	0.05371	10743	1	0.64897	0.67385	1	0.58089	0.69352	1	0.61493	0.68369	1	0.45363	0.55249	13.71133	0.96162	1	0.71762	0.57438	13.60448	0.96843	1	-0.01145	-0.01174	0.64167	0.00316	1	0.05486	-0.01640	0.66453	0.00340	1	1.45898	0.81042	0	
1228922	8289.92578	3303698849155	0.60856	0.68476	8289.86523	0.06055	10743	1	0.64899	0.66659	1	0.58407	0.68207	1	0.61653	0.67433	1	0.45398	0.55227	12.97056	0.97556	1	0.71739	0.57452	13.79176	0.99002	1	-0.01193	-0.01213	0.66576	0.00319	1	0.05719	-0.01711	0.69338	0.00317	1	1.45898	0.81042	0	
1228923	8289.93262	3303698917596	0.60913	0.68537	8289.86523	0.06738	10743	1	0.65097	0.68613	1	0.57869	0.69683	1	0.61483	0.69148	1	0.45382	0.55231	13.25477	0.99715	1	0.71746	0.57442	13.49919	1.00481	1	-0.01193	-0.01213	0.66576	0.00314	1	0.05719	-0.01711	0.69338	0.00325	1	1.45898	0.81042	0	
1228924	8289.93848	3303698983401	0.60988	0.68212	8289.86523	0.07324	10743	1	0.65374	0.59777	1	0.58255	0.69503	1	0.61814	0.64640	1	0.45403	0.55238	13.04288	1.01193	1	0.71747	0.57469	13.58887	1.01959	1	-0.01193	-0.01213	0.66576	0.00314	1	0.05719	-0.01711	0.69338	0.00321	1	1.45898	0.81042	0	
1228925	8289.94531	3303699050405	0.61065	0.67844	8289.86523	0.08008	10743	1	0.65385	0.58478	1	0.58578	0.68358	1	0.61981	0.63418	1	0.45381	0.55241	13.17330	1.03474	1	0.71761	0.57480	13.83391	1.04240	1	-0.01220	-0.01235	0.67784	0.00316	1	0.05603	-0.01681	0.67930	0.00322	1	1.45898	0.81042	0	
1228926	8289.95215	3303699117009	0.61170	0.67534	8289.86523	0.08691	10743	1	0.65684	0.61509	1	0.59391	0.65497	1	0.62537	0.63503	1	0.45394	0.55247	13.17722	1.05041	1	0.71754	0.57442	13.63811	1.05041	1	-0.01220	-0.01235	0.67784	0.00318	1	0.05603	-0.01681	0.67930	0.00333	1	1.45898	0.81042	0	
1228927	8289.95898	3303699184708	0.61237	0.67165	8289.86523	0.09375	10743	1	0.64735	0.58317	1	0.59618	0.65684	1	0.62176	0.62000	1	0.45371	0.55237	13.46657	1.05843	1	0.71754	0.57457	13.86902	1.05843	1	-0.01220	-0.01235	0.67784	0.00310	1	0.05603	-0.01681	0.67930	0.00318	1	1.45898	0.81042	0	
1228928	8289.96582	3303699252168	0.61300	0.66815	8289.86523	0.10059	10743	1	0.64734	0.57870	1	0.59737	0.65266	1	0.62236	0.61568	1	0.45383	0.55216	12.69409	1.06645	1	0.71753	0.57468	13.88441	1.06645	1	-0.01220	-0.01235	0.67784	0.00318	1	0.05603	-0.01681	0.67930	0.00316	1	1.45898	0.81042	0	
1228929	8289.97266	3303699318056	0.61484	0.66569	8289.86523	0.10742	10743	1	0.67374	0.60293	1	0.61513	0.64989	1	0.64444	0.62641	1	0.45385	0.55230	13.11277	1.06645	1	0.71747	0.57451	13.74309	1.06645	1	-0.01220	-0.01235	0.67784	0.00312	1	0.05603	-0.01681	0.67930	0.00317	1	1.45898	0.81042	0	
1228930	8289.97949	3303699385338	0.61656	0.66583	8289.86523	0.11426	10743	1	0.67199	0.65529	1	0.61933	0.68093	1	0.64566	0.66811	1	0.45383	0.55232	13.05656	1.06645	1	0.71750	0.57474	14.00355	1.06645	1	-0.01220	-0.01235	0.67784	0.00312	1	0.05603	-0.01681	0.67930	0.00317	1	1.45898	0.81042	0	
1228931	8289.98535	3303699448730	0.61805	0.66616	8289.86523	0.12012	10743	1	0.67183	0.65919	1	0.61797	0.68491	1	0.64490	0.67205	1	0.45391	0.55239	13.23693	1.05843	1	0.71754	0.57468	13.72986	1.05843	1	-0.01177	-0.01192	0.65662	0.00314	1	0.05719	-0.01711	0.69338	0.00323	1	1.45898	0.81042	0	
1228932	8289.99219	3303699515636	0.61897	0.66512	8289.86523	0.12695	10743	1	0.66700	0.61956	1	0.60585	0.67131	1	0.63643	0.64543	1	0.45385	0.55237	13.22604	1.05041	1	0.71751	0.57451	13.92603	1.05041	1	-0.01177	-0.01192	0.65662	0.00313	1	0.05719	-0.01711	0.69338	0.00316	1	1.45898	0.81042	0	
1228933	8289.99902	3303699583813	0.62023	0.66471	8289.86523	0.13379	10743	1	0.68013	0.62936	1	0.61079	0.68374	1	0.64546	0.65655	1	0.45386	0.55226	13.19009	1.04240	1	0.71748	0.57462	14.06142	1.04240	1	-0.01177	-0.01192	0.65662	0.00310	1	0.05719	-0.01711	0.69338	0.00316	1	1.45898	0.81042	0	
1228934	8290.00586	3303699650531	0.62135	0.66443	8289.86523	0.14062	10743	1	0.68013	0.62936	1	0.60952	0.68760	1	0.64483	0.65848	1	0.45400	0.55214	13.01596	1.04240	1	0.71736	0.57466	14.39750	1.03474	1	-0.01236	-0.01246	0.68672	0.00311	1	0.05442	-0.01629	0.66038	0.00314	1	1.45898	0.81042	0	
1228935	8290.01172	3303699717192	0.62157	0.66452	8289.86523	0.14648	10743	1	0.66558	0.63570	1	0.58730	0.69721	1	0.62644	0.66646	1	0.45387	0.55208	12.59529	1.04275	1	0.71699	0.57477	14.62532	1.03509	1	-0.01236	-0.01246	0.68672	0.00316	1	0.05442	-0.01629	0.66038	0.00318	1	1.45898	0.81042	0	
1228936	8290.01953	3303699787163	0.62136	0.66320	8289.86523	0.15430	10743	1	0.66289	0.58089	1	0.57012	0.68477	1	0.61651	0.63283	1	0.45387	0.55227	12.61440	1.04311	1	0.71684	0.57468	14.35032	1.03545	1	-0.01236	-0.01246	0.68672	0.00319	1	0.05442	-0.01629	0.66038	0.00328	1	1.45898	0.81042	0	
1228937	8290.02539	3303699853779	0.62116	0.66197	8289.86523	0.16016	10743	1	0.66290	0.58068	1	0.57017	0.68459	1	0.61653	0.63264	1	0.45326	0.55213	12.66101	1.04347	1	0.71675	0.57479	14.39384	1.03581	1	-0.01236	-0.01246	0.68672	0.00317	1	0.05442	-0.01629	0.66038	0.00322	1	1.45898	0.81042	0	
1228938	8290.03223	3303699921265	0.62119	0.66286	8289.86523	0.16699	10743	1	0.66347	0.68175	1	0.58006	0.68842	1	0.62176	0.68509	1	0.45358	0.55202	13.08650	1.03581	1	0.71697	0.57475	13.49670	1.03581	1	-0.01236	-0.01246	0.68672	0.00326	1	0.05442	-0.01629	0.66038	0.00325	1	1.45898	0.81042	0	
1228939	8290.03906	3303699988110	0.62055	0.66359	8289.86523	0.17383	10743	1	0.64663	0.65537	1	0.56113	0.70954	1	0.60388	0.68245	1	0.45341	0.55176	12.15209	1.03581	1	0.71667	0.57482	14.52464	1.03581	1	-0.01236	-0.01246	0.68672	0.00335	1	0.05442	-0.01629	0.66038	0.00330	1	1.45898	0.81042	0	
1228940	8290.04590	3303700054783	0.61993	0.66440	8289.86523	0.18066	10743	1	0.64664	0.65939	1	0.56017	0.71338	1	0.60341	0.68638	1	0.45311	0.55198	12.87919	1.02779	1	0.71682	0.57431	13.92644	1.02779	1	-0.01176	-0.01181	0.65055	0.00326	1	0.05442	-0.01629	0.66038	0.00321	1	1.45898	0.81042	0	
1228941	8290.05273	3303700122994	0.62044	0.66386	8289.86523	0.18750	10743	1	0.65824	0.63058	1	0.61081	0.66651	1	0.63453	0.64855	1	0.45312	0.55252	12.91410	1.01978	1	0.71681	0.57441	13.56172	1.01978	1	-0.01176	-0.01181	0.65055	0.00313	1	0.05442	-0.01629	0.66038	0.00338	1	1.45898	0.81042	0	
1228942	8290.05957	3303700189099	0.62146	0.66141	8289.86523	0.19434	10743	1	0.67850	0.49984	1	0.62364	0.68089	1	0.65107	0.59037	1	0.45231	0.55099	11.93047	1.01176	1	0.71619	0.57456	13.96054	1.01176	1	-0.01176	-0.01181	0.65055	0.00332	1	0.05442	-0.01629	0.66038	0.00321	1	1.45898	0.81042	0	
1228943	8290.06641	3303700255739	0.62239	0.65927	8289.86523	0.20117	10743	1	0.67829	0.50517	1	0.62218	0.68508	1	0.65023	0.59513	1	0.44863	0.55205	12.74947	1.00374	1	0.71266	0.57366	13.63097	1.00374	1	-0.01260	-0.01196	0.65880	0.00301	1	0.05420	-0.01644	0.66628	0.00329	1	1.45898	0.81042	0	
1228944	8290.07324	3303700323184	0.61842	0.65821	8289.86523	0.20801	10743	1	0.49124	0.63602	1	0.49952	0.61502	1	0.49538	0.62552	1	0.44730	0.55181	13.23038	1.00374	1	0.71173	0.57292	13.46834	1.00374	1	-0.01260	-0.01196	0.65880	0.00295	1	0.05420	-0.01644	0.66628	0.00315	1	1.45898	0.81042	0	
1228945	8290.07910	3303700389989	0.61666	0.65744	8289.86523	0.21387	10743	1	0.55096	0.65342	1	0.56958	0.61216	1	0.56027	0.63279	1	0.44708	0.55201	13.12291	1.00374	1	0.71178	0.57281	14.43744	1.00374	1	-0.01260	-0.01196	0.65880	0.00285	1	0.05420	-0.01644	0.66628	0.00289	1	1.45898	0.81042	0	
1228946	8290.08594	3303700456927	0.61500	0.65659	8289.86523	0.22070	10743	1	0.55025	0.64923	1	0.57063	0.60741	1	0.56044	0.62832	1	0.44439	0.55193	13.82450	1.01176	1	0.70720	0.57212	12.97364	1.01176	1	-0.01411	-0.01258	0.70204	0.00321	1	0.05351	-0.01627	0.66762	0.00354	1	1.45898	0.81042	0	
1228947	8290.09277	3303700524006	0.58418	0.64112	8289.86523	0.22070	10743	0	0.41365	0.67892	1	0.37866	0.62794	1	0.39615	0.65343	1	0.44401	0.55226	13.97573	1.01978	1	0.70733	0.57208	13.60461	1.01978	1	-0.01411	-0.01258	0.70204	0.00324	1	0.05351	-0.01627	0.66762	0.00318	1	1.45898	0.81042	0	
1228948	8290.09961	3303700591517	0.49518	0.64415	8289.86523	0.22070	10743	0	0.45828	0.66550	1	0.35406	0.62885	1	0.40617	0.64717	1	0.44426	0.55222	14.00629	1.02779	1	0.70706	0.57222	13.42223	1.02779	1	-0.01411	-0.01258	0.70204	0.00327	1	0.05351	-0.01627	0.66762	0.00313	1	1.45898	0.81042	0	
1228949	8290.10645	3303700658389	0.46518	0.64375	8289.86523	0.22070	10743	0	0.45692	0.66148	1	0.35345	0.62443	1	0.40519	0.64296	1	0.44345	0.55193	13.35323	1.03581	1	0.70665	0.57166	13.18826	1.03581	1	-0.01394	-0.01225	0.68330	0.00329	1	0.05255	-0.01596	0.65686	0.00321	1	1.45898	0.81042	0	
1228950	8290.11328	3303700725209	0.40789	0.63265	8289.86523	0.22070	10743	0	0.43776	0.64626	1	0.38686	0.56939	1	0.41231	0.60783	1	0.44370	0.55212	13.64673	1.03581	1	0.70673	0.57179	13.08799	1.03581	1	-0.01394	-0.01225	0.68330	0.00335	1	0.05255	-0.01596	0.65686	0.00324	1	1.45898	0.81042	0	
1228951	8290.12012	3303700792300	0.40292	0.62192	8289.86523	0.22070	10743	0	0.43527	0.61650	1	0.36062	0.60589	1	0.39794	0.61120	1	0.44329	0.55214	13.63161	1.03581	1	0.70634	0.57194	13.17733	1.03581	1	-0.01394	-0.01225	0.68330	0.00326	1	0.05255	-0.01596	0.65686	0.00322	1	1.45898	0.81042	0	
1228952	8290.12598	3303700859090	0.40087	0.61666	8289.86523	0.22070	10743	0	0.43357	0.61154	1	0.35998	0.60072	1	0.39678	0.60613	1	0.44287	0.55210	13.41322	1.04489	1	0.70563	0.57139	13.24709	1.04489	1	-0.01467	-0.01271	0.70612	0.00329	1	0.05281	-0.01603	0.66386	0.00345	1	1.45898	0.81042	0	
1228953	8290.13281	3303700926271	0.40075	0.61054	8290.11328	0.01953	10744	1	0.42890	0.58914	1	0.37190	0.59526	1	0.40040	0.59220	1	0.44230	0.55188	12.59879	1.05398	1	0.70567	0.57149	12.95362	1.05398	1	-0.01467	-0.01271	0.70612	0.00330	1	0.05281	-0.01603	0.66386	0.00333	1	1.45898	0.81042	0	
1228954	8290.13965	3303700993057	0.40356	0.60519	8290.11328	0.02637	10744	1	0.44071	0.59501	1	0.38890	0.57251	1	0.41480	0.58376	1	0.44221	0.55208	12.84775	1.06307	1	0.70569	0.57134	13.17318	1.06307	1	-0.01467	-0.01271	0.70612	0.00321	1	0.05281	-0.01603	0.66386	0.00321	1	1.45898	0.81042	0	
1228955	8290.14648	3303701060108	0.40543	0.60162	8290.11328	0.03320	10744	1	0.44071	0.59501	1	0.38890	0.57251	1	0.41480	0.58376	1	0.44101	0.55248	13.28014	1.06307	1	0.70499	0.57131	12.98326	1.06307	1	-0.01439	-0.01227	0.67587	0.00327	1	0.05249	-0.01589	0.66228	0.00331	1	1.45898	0.81042	0	
1228956	8290.15332	3303701127251	0.40511	0.60156	8290.11328	0.04004	10744	1	0.41789	0.60951	1	0.38849	0.59290	1	0.40319	0.60120	1	0.44114	0.55222	13.62121	1.05398	1	0.70480	0.57106	13.86461	1.05398	1	-0.01439	-0.01227	0.67587	0.00320	1	0.05249	-0.01589	0.66228	0.00303	1	1.45898	0.81042	0	
1228957	8290.16016	3303701192145	0.40822	0.60167	8290.11328	0.04688	10744	1	0.44865	0.61237	1	0.41127	0.59252	1	0.42996	0.60244	1	0.44114	0.55233	13.79772	1.04489	1	0.70480	0.57088	13.02061	1.04489	1	-0.01439	-0.01227	0.67587	0.00318	1	0.05249	-0.01589	0.66228	0.00317	1	1.45898	0.81042	0	
1228958	8290.16602	3303701260074	0.41073	0.60232	8290.11328	0.05273	10744	1	0.45024	0.61732	1	0.41147	0.59778	1	0.43085	0.60755	1	0.44068	0.55217	13.10458	1.03581	1	0.70373	0.57076	13.57506	1.03581	1	-0.01478	-0.01242	0.68442	0.00329	1	0.05219	-0.01580	0.66228	0.00325	1	1.45898	0.81042	0	
1228959	8290.17285	3303701326041	0.40988	0.59861	8290.11328	0.05957	10744	1	0.43736	0.61880	1	0.36694	0.51151	1	0.40215	0.56515	1	0.44055	0.55227	13.69328	1.03581	1	0.70349	0.57007	13.02442	1.03581	1	-0.01478	-0.01242	0.68442	0.00330	1	0.05219	-0.01580	0.66228	0.00352	1	1.45898	0.81042	0	
1228960	8290.17969	3303701392200	0.40878	0.59693	8290.11328	0.06641	10744	1	0.41786	0.61649	1	0.37775	0.54397	1	0.39781	0.58023	1	0.43977	0.55224	13.09440	1.03581	1	0.70343	0.56994	13.27161	1.03581	1	-0.01478	-0.01242	0.68442	0.00304	1	0.05219	-0.01580	0.66228	0.00320	1	1.45898	0.81042	0	
1228961	8290.18652	3303701459341	0.40786	0.59554	8290.11328	0.07324	10744	1	0.41786	0.61649	1	0.37775	0.54397	1	0.39781	0.58023	1	0.43975	0.55257	13.05848	1.03581	1	0.70262	0.57060	13.17630	1.03581	1	-0.01514	-0.01247	0.68697	0.00340	1	0.05168	-0.01560	0.65827	0.00328	1	1.45898	0.81042	0	
1228962	8290.19336	3303701528484	0.40720	0.59641	8290.11328	0.08008	10744	1	0.42718	0.64968	1	0.37118	0.56403	1	0.39918	0.60685	1	0.43965	0.55275	13.57247	1.03581	1	0.70286	0.57007	13.26905	1.03581	1	-0.01514	-0.01247	0.68697	0.00336	1	0.05168	-0.01560	0.65827	0.00309	1	1.45898	0.81042	0	
1228963	8290.20020	3303701593261	0.40714	0.59742	8290.11328	0.08691	10744	1	0.43756	0.63464	1	0.37537	0.58642	1	0.40646	0.61053	1	0.43904	0.55231	12.74603	1.03581	1	0.70262	0.56981	12.99726	1.03581	1	-0.01514	-0.01247	0.68697	0.00313	1	0.05168	-0.01560	0.65827	0.00317	1	1.45898	0.81042	0	
1228964	8290.20605	3303701659655	0.40710	0.59829	8290.11328	0.09277	10744	1	0.43756	0.63464	1	0.37537	0.58642	1	0.40646	0.61053	1	0.43886	0.55276	13.67175	1.03581	1	0.70234	0.56973	12.64565	1.03581	1	-0.01525	-0.01253	0.68725	0.00328	1	0.05166	-0.01561	0.66059	0.00336	1	1.45898	0.81042	0	
1228965	8290.21289	3303701727716	0.40665	0.59841	8290.11328	0.09961	10744	1	0.44747	0.63218	1	0.35230	0.56818	1	0.39988	0.60018	1	0.43921	0.55276	13.47336	1.03581	1	0.70215	0.56974	12.58764	1.03581	1	-0.01525	-0.01253	0.68725	0.00348	1	0.05166	-0.01561	0.66059	0.00324	1	1.45898	0.81042	0	
1228966	8290.21973	3303701789709	0.40688	0.59927	8290.11328	0.10645	10744	1	0.43922	0.63063	1	0.38209	0.59541	1	0.41066	0.61302	1	0.43904	0.55278	13.44443	1.03581	1	0.70223	0.56991	12.81995	1.03581	1	-0.01525	-0.01253	0.68725	0.00344	1	0.05166	-0.01561	0.66059	0.00315	1	1.45898	0.81042	0	
1228967	8290.22656	3303701860576	0.40715	0.60028	8290.11328	0.11328	10744	1	0.44070	0.63490	1	0.38249	0.60006	1	0.41159	0.61748	1	0.43806	0.55260	12.73313	1.02779	1	0.70206	0.56973	13.07308	1.02779	1	-0.01468	-0.01189	0.65494	0.00339	1	0.05154	-0.01555	0.66035	0.00337	1	1.45898	0.81042	0	
1228968	8290.23340	3303701928978	0.40583	0.60242	8290.11328	0.12012	10744	1	0.43713	0.67070	1	0.32714	0.61094	1	0.38214	0.64082	1	0.43806	0.55228	13.40466	1.01978	1	0.70108	0.56944	13.47063	1.01978	1	-0.01468	-0.01189	0.65494	0.00329	1	0.05154	-0.01555	0.66035	0.00316	1	1.45898	0.81042	0	
1228969	8290.24023	3303701997960	0.40558	0.60389	8290.11328	0.12695	10744	1	0.41920	0.67686	1	0.38253	0.58680	1	0.40086	0.63183	1	0.43781	0.55222	12.76505	1.01176	1	0.70123	0.56913	13.31900	1.01176	1	-0.01468	-0.01189	0.65494	0.00330	1	0.05154	-0.01555	0.66035	0.00321	1	1.45898	0.81042	0	
1228970	8290.24707	3303702063727	0.40540	0.60532	8290.11328	0.13379	10744	1	0.42087	0.68087	1	0.38255	0.58701	1	0.40171	0.63394	1	0.43599	0.55148	12.99460	1.00374	1	0.69921	0.56821	13.57023	1.01140	1	-0.01543	-0.01212	0.67898	0.00377	1	0.05295	-0.01583	0.68289	0.00362	1	1.45898	0.81042	0	
1228971	8290.25391	3303702131418	0.40142	0.60326	8290.11328	0.14062	10744	1	0.34134	0.63161	1	0.29462	0.48850	1	0.31798	0.56006	1	0.43573	0.55071	12.12302	1.01140	1	0.69886	0.56740	13.19199	1.01906	1	-0.01543	-0.01212	0.67898	0.00375	1	0.05295	-0.01583	0.68289	0.00344	1	1.45898	0.81042	0	
1228972	8290.26074	3303702199448	0.39793	0.60228	8290.11328	0.14746	10744	1	0.32482	0.64319	1	0.31720	0.51797	1	0.32101	0.58058	1	0.43556	0.55086	13.25591	1.01906	1	0.69875	0.56711	13.06740	1.02672	1	-0.01543	-0.01212	0.67898	0.00359	1	0.05295	-0.01583	0.68289	0.00354	1	1.45898	0.81042	0	
1228973	8290.26660	3303702264960	0.39466	0.60118	8290.11328	0.15332	10744	1	0.32260	0.63910	1	0.31634	0.51295	1	0.31947	0.57603	1	0.43418	0.54785	12.07089	1.02672	1	0.69827	0.56670	13.25018	1.03438	1	-0.01528	-0.01183	0.66825	0.00269	1	0.05183	-0.01540	0.67109	0.00358	1	1.45898	0.81042	0	
1228974	8290.27344	3303702332560	0.38967	0.59478	8290.11328	0.16016	10744	1	0.25517	0.37992	1	0.28488	0.50214	1	0.27003	0.44103	1	0.43432	0.54767	11.65174	1.03438	1	0.69868	0.56694	13.19850	1.03438	1	-0.01528	-0.01183	0.66825	0.00270	1	0.05183	-0.01540	0.67109	0.00378	1	1.45898	0.81042	0	
1228975	8290.28027	3303702400024	0.35701	0.57716	8290.11328	0.16016	10744	0	0.22301	0.40530	1	0.26157	0.43564	1	0.24229	0.42047	1	0.43426	0.54777	11.79179	1.03438	1	0.69865	0.56701	13.25023	1.03438	1	-0.01528	-0.01183	0.66825	0.00271	1	0.05183	-0.01540	0.67109	0.00371	1	1.45898	0.81042	0	
1228976	8290.28711	3303702466777	0.29996	0.50020	8290.11328	0.16016	10744	0	0.22301	0.40530	1	0.26281	0.44119	1	0.24291	0.42325	1	0.43426	0.54788	12.11571	1.03438	1	0.69834	0.56709	13.49553	1.02672	1	-0.01543	-0.01202	0.67898	0.00264	1	0.05062	-0.01505	0.65349	0.00355	1	1.45898	0.81042	0	
1228977	8290.29395	3303702534451	0.27732	0.48345	8290.11328	0.16016	10744	0	0.23526	0.41654	1	0.22881	0.48333	1	0.23204	0.44994	1	0.43434	0.54795	12.34134	1.02672	1	0.69827	0.56709	13.33297	1.01906	1	-0.01543	-0.01202	0.67898	0.00264	1	0.05062	-0.01505	0.65349	0.00364	1	1.45898	0.81042	0	
1228978	8290.30078	3303702600225	0.23297	0.43274	8290.11328	0.16016	10744	0	0.23712	0.41863	1	0.21082	0.43142	1	0.22397	0.42502	1	0.43429	0.54797	12.09698	1.01906	1	0.69829	0.56661	13.43658	1.01140	1	-0.01543	-0.01202	0.67898	0.00262	1	0.05062	-0.01505	0.65349	0.00385	1	1.45898	0.81042	0	
1228979	8290.30762	3303702668030	0.22915	0.43034	8290.11328	0.16016	10744	0	0.23984	0.42447	1	0.21082	0.43142	1	0.22533	0.42794	1	0.43442	0.54773	11.89881	1.01140	1	0.69904	0.56706	13.71503	1.01140	1	-0.01543	-0.01202	0.67898	0.00266	1	0.05255	-0.01566	0.67778	0.00363	1	1.45898	0.81042	0	
1228980	8290.31348	3303702732772	0.23039	0.44212	8290.11328	0.16016	10744	0	0.21897	0.41659	1	0.24678	0.51476	1	0.23287	0.46567	1	0.43465	0.54778	11.57318	1.01140	1	0.69907	0.56754	13.69017	1.01906	1	-0.01543	-0.01202	0.67898	0.00266	1	0.05255	-0.01566	0.67778	0.00380	1	1.45898	0.81042	0	
1228981	8290.32031	3303702801440	0.23169	0.44309	8290.30078	0.01953	10745	1	0.21880	0.39853	1	0.25233	0.49352	1	0.23557	0.44603	1	0.43451	0.54776	11.95930	1.01906	1	0.69912	0.56754	13.91810	1.02672	1	-0.01543	-0.01202	0.67898	0.00267	1	0.05255	-0.01566	0.67778	0.00372	1	1.45898	0.81042	0	
1228982	8290.32715	3303702868352	0.23256	0.44412	8290.30078	0.02637	10745	1	0.21861	0.39811	1	0.25356	0.49833	1	0.23608	0.44822	1	0.43548	0.54972	12.07575	1.01959	1	0.69906	0.56748	13.82722	1.01959	1	-0.01422	-0.01114	0.63213	0.00414	1	0.05139	-0.01532	0.66086	0.00366	1	1.45898	0.81042	0	
1228983	8290.33398	3303702935418	0.23405	0.44473	8290.30078	0.03320	10745	1	0.23485	0.42699	1	0.24813	0.46856	1	0.24149	0.44778	1	0.43503	0.54774	12.58309	1.01247	1	0.69927	0.56741	13.60561	1.00481	1	-0.01422	-0.01114	0.63213	0.00259	1	0.05139	-0.01532	0.66086	0.00373	1	1.45898	0.81042	0	
1228984	8290.34082	3303703002200	0.23589	0.44609	8290.30078	0.04004	10745	1	0.24618	0.42999	1	0.24769	0.47857	1	0.24694	0.45428	1	0.43510	0.54774	12.21904	0.99768	1	0.69920	0.56739	13.73969	0.99002	1	-0.01422	-0.01114	0.63213	0.00262	1	0.05139	-0.01532	0.66086	0.00372	1	1.45898	0.81042	0	
1228985	8290.34766	3303703069336	0.23744	0.44749	8290.30078	0.04688	10745	1	0.24891	0.43586	1	0.24769	0.47857	1	0.24830	0.45722	1	0.43522	0.54766	12.15439	0.99002	1	0.70014	0.56776	13.33451	0.99002	1	-0.01468	-0.01154	0.65494	0.00269	1	0.05292	-0.01576	0.67997	0.00381	1	1.45898	0.81042	0	
1228986	8290.35449	3303703136316	0.23960	0.44956	8290.30078	0.05371	10745	1	0.25908	0.42020	1	0.25455	0.51210	1	0.25682	0.46615	1	0.43524	0.54774	12.25739	0.99715	1	0.69978	0.56779	13.87857	1.00481	1	-0.01468	-0.01154	0.65494	0.00268	1	0.05292	-0.01576	0.67997	0.00376	1	1.45898	0.81042	0	
1228987	8290.36035	3303703203274	0.24203	0.45053	8290.30078	0.05957	10745	1	0.25684	0.41129	1	0.27109	0.50731	1	0.26396	0.45930	1	0.43528	0.54768	12.14192	1.01193	1	0.70011	0.56798	13.49618	1.01959	1	-0.01468	-0.01154	0.65494	0.00265	1	0.05292	-0.01576	0.67997	0.00370	1	1.45898	0.81042	0	
1228988	8290.36719	3303703270286	0.24375	0.45059	8290.30078	0.06641	10745	1	0.25181	0.39984	1	0.26998	0.50255	1	0.26089	0.45120	1	0.43631	0.54956	13.02736	1.02672	1	0.69994	0.56792	13.36632	1.02672	1	-0.01468	-0.01149	0.65494	0.00434	1	0.05200	-0.01544	0.66624	0.00371	1	1.45898	0.81042	0	
1228989	8290.37402	3303703337374	0.24616	0.45482	8290.30078	0.07324	10745	1	0.29647	0.53188	1	0.24899	0.47085	1	0.27273	0.50137	1	0.43673	0.54931	12.73107	1.02672	1	0.70007	0.56780	13.32453	1.01906	1	-0.01468	-0.01149	0.65494	0.00391	1	0.05200	-0.01544	0.66624	0.00367	1	1.45898	0.81042	0	
1228990	8290.38086	3303703404641	0.24900	0.45851	8290.30078	0.08008	10745	1	0.30477	0.56301	1	0.26143	0.44255	1	0.28310	0.50278	1	0.43668	0.54978	12.94322	1.01906	1	0.70011	0.56758	13.86312	1.01140	1	-0.01468	-0.01149	0.65494	0.00389	1	0.05200	-0.01544	0.66624	0.00368	1	1.45898	0.81042	0	
1228991	8290.38770	3303703471512	0.25164	0.46219	8290.30078	0.08691	10745	1	0.30928	0.57209	1	0.26261	0.44779	1	0.28594	0.50994	1	0.43576	0.54763	12.32439	1.00428	1	0.70001	0.56748	13.55191	1.00428	1	-0.01456	-0.01151	0.65583	0.00266	1	0.05298	-0.01576	0.67804	0.00367	1	1.45898	0.81042	0	
1228992	8290.39453	3303703535810	0.25313	0.46626	8290.30078	0.09375	10745	1	0.30640	0.55136	1	0.24159	0.49528	1	0.27400	0.52332	1	0.43663	0.54957	12.86940	0.99715	1	0.70003	0.56773	13.69666	1.00481	1	-0.01456	-0.01151	0.65583	0.00387	1	0.05298	-0.01576	0.67804	0.00356	1	1.45898	0.81042	0	
1228993	8290.40137	3303703605157	0.25423	0.46961	8290.30078	0.10059	10745	1	0.29921	0.56139	1	0.24208	0.47813	1	0.27064	0.51976	1	0.43657	0.54953	12.80389	0.99768	1	0.70000	0.56775	13.95267	1.00534	1	-0.01456	-0.01151	0.65583	0.00391	1	0.05298	-0.01576	0.67804	0.00358	1	1.45898	0.81042	0	
1228994	8290.40723	3303703672063	0.25519	0.47253	8290.30078	0.10645	10745	1	0.29904	0.56105	1	0.24198	0.47776	1	0.27051	0.51941	1	0.43591	0.54752	12.56769	0.99822	1	0.70011	0.56769	14.21010	1.00588	1	-0.01456	-0.01151	0.65583	0.00269	1	0.05298	-0.01576	0.67804	0.00355	1	1.45898	0.81042	0	
1228995	8290.41406	3303703739833	0.25637	0.47513	8290.30078	0.11328	10745	1	0.28761	0.53328	1	0.26541	0.50514	1	0.27651	0.51921	1	0.43675	0.54933	13.01316	1.00588	1	0.70033	0.56776	14.25566	1.00588	1	-0.01456	-0.01151	0.65583	0.00389	1	0.05298	-0.01576	0.67804	0.00371	1	1.45898	0.81042	0	
1228996	8290.42090	3303703806761	0.25696	0.47454	8290.30078	0.12012	10745	1	0.27392	0.43852	1	0.26125	0.48940	1	0.26758	0.46396	1	0.43614	0.54768	12.68399	1.00588	1	0.70076	0.56816	13.93843	1.00588	1	-0.01456	-0.01151	0.65583	0.00276	1	0.05298	-0.01576	0.67804	0.00366	1	1.45898	0.81042	0	
1228997	8290.42773	3303703872985	0.25743	0.47389	8290.30078	0.12695	10745	1	0.27157	0.43318	1	0.26134	0.48977	1	0.26645	0.46148	1	0.43813	0.54932	12.95278	1.01300	1	0.70206	0.56808	13.87884	1.00534	1	-0.01402	-0.01133	0.64264	0.00394	1	0.05168	-0.01540	0.65827	0.00352	1	1.45898	0.81042	0	
1228998	8290.43457	3303703940519	0.27433	0.49813	8290.30078	0.12695	10745	0	0.30289	0.53483	1	0.29635	0.55689	1	0.29962	0.54586	1	0.43872	0.54937	12.30523	1.01247	1	0.70353	0.56877	13.87638	1.00481	1	-0.01402	-0.01133	0.64264	0.00369	1	0.05168	-0.01540	0.65827	0.00368	1	1.45898	0.81042	0	
1228999	8290.44141	3303704006940	0.24915	0.46868	8290.30078	0.12695	10745	0	0.21211	0.41394	1	0.23585	0.46454	1	0.22398	0.43924	1	0.43877	0.54782	11.04553	1.01193	1	0.70310	0.56831	14.30425	1.00428	1	-0.01402	-0.01133	0.64264	0.00257	1	0.05168	-0.01540	0.65827	0.00330	1	1.45898	0.81042	0	
1229000	8290.44824	3303704074112	0.23980	0.45610	8290.30078	0.12695	10745	0	0.20927	0.40814	1	0.23294	0.45369	1	0.22111	0.43092	1	0.44455	0.55010	13.20154	1.01942	1	0.70849	0.56886	13.38000	1.01942	1	-0.01401	-0.01217	0.68193	0.00330	1	0.05461	-0.01609	0.68316	0.00334	1	1.45898	0.81042	0	
1229001	8290.45410	3303704140696	0.29704	0.47235	8290.43457	0.01953	10746	1	0.50822	0.52599	1	0.42930	0.51622	1	0.46876	0.52110	1	0.44585	0.55010	13.51151	1.02744	1	0.70896	0.56951	13.74053	1.03509	1	-0.01401	-0.01217	0.68193	0.00333	1	0.05461	-0.01609	0.68316	0.00339	1	1.45898	0.81042	0	
1229002	8290.46094	3303704208736	0.32505	0.47226	8290.43457	0.02637	10746	1	0.45578	0.49532	1	0.41839	0.44848	1	0.43709	0.47190	1	0.44625	0.54988	12.64350	1.04311	1	0.70986	0.56902	13.67827	1.05077	1	-0.01401	-0.01217	0.68193	0.00334	1	0.05461	-0.01609	0.68316	0.00331	1	1.45898	0.81042	0	
1229003	8290.46777	3303704274676	0.34361	0.47132	8290.43457	0.03320	10746	1	0.45451	0.49027	1	0.41828	0.44302	1	0.43639	0.46664	1	0.44978	0.55032	13.57150	1.05077	1	0.71407	0.57051	14.04219	1.05843	1	-0.01266	-0.01173	0.65693	0.00325	1	0.05543	-0.01624	0.68318	0.00336	1	1.45898	0.81042	0	
1229004	8290.47461	3303704342128	0.38707	0.48198	8290.43457	0.04004	10746	1	0.68781	0.49014	1	0.60788	0.60171	1	0.64784	0.54593	1	0.45127	0.55057	13.61949	1.05041	1	0.71464	0.57088	14.23104	1.05041	1	-0.01266	-0.01173	0.65693	0.00342	1	0.05543	-0.01624	0.68318	0.00354	1	1.45898	0.81042	0	
1229005	8290.48145	3303704409461	0.42021	0.48878	8290.43457	0.04688	10746	1	0.70475	0.47623	1	0.59963	0.59659	1	0.65219	0.53641	1	0.45178	0.55042	14.13345	1.04240	1	0.71488	0.57063	14.35250	1.04240	1	-0.01266	-0.01173	0.65693	0.00324	1	0.05543	-0.01624	0.68318	0.00362	1	1.45898	0.81042	0	
1229006	8290.48828	3303704475667	0.44592	0.49432	8290.43457	0.05371	10746	1	0.70475	0.47623	1	0.59845	0.60109	1	0.65160	0.53866	1	0.45331	0.55094	13.52648	1.04240	1	0.71627	0.57148	14.27435	1.03474	1	-0.01245	-0.01201	0.66979	0.00347	1	0.05435	-0.01582	0.66558	0.00355	1	1.45898	0.81042	0	
1229007	8290.49512	3303704542810	0.47298	0.50216	8290.43457	0.06055	10746	1	0.74343	0.51599	1	0.68963	0.62943	1	0.71653	0.57271	1	0.45329	0.55085	13.58380	1.04275	1	0.71680	0.57093	14.22100	1.03509	1	-0.01245	-0.01201	0.66979	0.00341	1	0.05435	-0.01582	0.66558	0.00358	1	1.45898	0.81042	0	
1229008	8290.50195	3303704610019	0.49617	0.51241	8290.43457	0.06738	10746	1	0.76616	0.60763	1	0.68994	0.62223	1	0.72805	0.61493	1	0.45327	0.55095	13.63540	1.04311	1	0.71677	0.57089	14.46472	1.03545	1	-0.01245	-0.01201	0.66979	0.00346	1	0.05435	-0.01582	0.66558	0.00371	1	1.45898	0.81042	0	
1229009	8290.50781	3303704674916	0.51557	0.52076	8290.43457	0.07324	10746	1	0.76620	0.60744	1	0.69187	0.61764	1	0.72903	0.61254	1	0.45337	0.55104	14.10146	1.04347	1	0.71712	0.57093	14.03207	1.04347	1	-0.01245	-0.01201	0.66979	0.00345	1	0.05556	-0.01626	0.67976	0.00370	1	1.45898	0.81042	0	
1229010	8290.51465	3303704743709	0.53223	0.52583	8290.43457	0.08008	10746	1	0.76450	0.55706	1	0.69957	0.61628	1	0.73203	0.58667	1	0.45339	0.55104	14.02798	1.04347	1	0.71703	0.57160	14.58332	1.05113	1	-0.01245	-0.01201	0.66979	0.00342	1	0.05556	-0.01626	0.67976	0.00344	1	1.45898	0.81042	0	
1229011	8290.52148	3303704808986	0.59690	0.53795	8290.43457	0.08008	10746	0	0.77648	0.53727	1	0.70788	0.57666	1	0.74218	0.55696	1	0.45337	0.55104	14.10146	1.05113	1	0.71701	0.57115	14.21712	1.05879	1	-0.01245	-0.01201	0.66979	0.00345	1	0.05556	-0.01626	0.67976	0.00349	1	1.45898	0.81042	0	
1229012	8290.52832	3303704877863	0.67023	0.54515	8290.43457	0.08008	10746	0	0.77732	0.53267	1	0.70981	0.57203	1	0.74356	0.55235	1	0.45330	0.55103	13.95634	1.05879	1	0.71696	0.57134	14.15103	1.06645	1	-0.01245	-0.01201	0.66979	0.00348	1	0.05556	-0.01626	0.67976	0.00358	1	1.45898	0.81042	0	
1229013	8290.53516	3303704944707	0.68636	0.55445	8290.43457	0.08008	10746	0	0.74696	0.53279	1	0.69030	0.61331	1	0.71863	0.57305	1	0.45332	0.55114	13.85996	1.06645	1	0.71715	0.57144	14.18637	1.06645	1	-0.01245	-0.01201	0.66979	0.00348	1	0.05556	-0.01626	0.67976	0.00350	1	1.45898	0.81042	0	
1229014	8290.54199	3303705011816	0.73051	0.55799	8290.43457	0.08008	10746	0	0.76568	0.50257	1	0.69300	0.59460	1	0.72934	0.54858	1	0.45332	0.55114	13.85996	1.06645	1	0.71715	0.57144	14.24306	1.06645	1	-0.01245	-0.01201	0.66979	0.00348	1	0.05556	-0.01626	0.67976	0.00352	1	1.45898	0.81042	0	
1229015	8290.54785	3303705078338	0.72947	0.55440	8290.43457	0.08008	10746	0	0.76568	0.50257	1	0.69120	0.59905	1	0.72844	0.55081	1	0.45371	0.55093	14.03037	1.06645	1	0.71722	0.57170	14.16815	1.05879	1	-0.01245	-0.01201	0.66979	0.00343	1	0.05373	-0.01576	0.65681	0.00354	1	1.45898	0.81042	0	
1229016	8290.55469	3303705145596	0.73236	0.57104	8290.43457	0.08008	10746	0	0.78932	0.57096	1	0.68693	0.63767	1	0.73812	0.60432	1	0.45391	0.55099	14.31780	1.05879	1	0.71719	0.57172	14.25318	1.05113	1	-0.01245	-0.01201	0.66979	0.00335	1	0.05373	-0.01576	0.65681	0.00350	1	1.45898	0.81042	0	
1229017	8290.56152	3303705212883	0.73280	0.57907	8290.54199	0.01953	10747	1	0.78312	0.56447	1	0.68514	0.64187	1	0.73413	0.60317	1	0.45382	0.55081	14.03258	1.05113	1	0.71719	0.57172	14.25318	1.04347	1	-0.01245	-0.01201	0.66979	0.00337	1	0.05373	-0.01576	0.65681	0.00350	1	1.45898	0.81042	0	
1229018	8290.56836	3303705279722	0.73280	0.58475	8290.54199	0.02637	10747	1	0.78223	0.56887	1	0.68334	0.64607	1	0.73278	0.60747	1	0.45388	0.55072	14.04725	1.04347	1	0.71703	0.57166	14.20780	1.03581	1	-0.01274	-0.01233	0.68515	0.00341	1	0.05373	-0.01581	0.65681	0.00351	1	1.45898	0.81042	0	
1229019	8290.57520	3303705342939	0.73115	0.58219	8290.54199	0.03320	10747	1	0.76613	0.52798	1	0.67973	0.61079	1	0.72293	0.56939	1	0.45385	0.55056	13.79431	1.03581	1	0.71702	0.57176	13.96959	1.03581	1	-0.01274	-0.01233	0.68515	0.00363	1	0.05373	-0.01581	0.65681	0.00354	1	1.45898	0.81042	0	
1229020	8290.58203	3303705411237	0.73056	0.58252	8290.54199	0.04004	10747	1	0.77413	0.55874	1	0.67988	0.61030	1	0.72701	0.58452	1	0.45382	0.55051	13.80403	1.03581	1	0.71702	0.57176	13.96959	1.03581	1	-0.01274	-0.01233	0.68515	0.00339	1	0.05373	-0.01581	0.65681	0.00354	1	1.45898	0.81042	0	
1229021	8290.58887	3303705480330	0.73002	0.58302	8290.54199	0.04688	10747	1	0.77413	0.55874	1	0.67831	0.61427	1	0.72622	0.58650	1	0.45383	0.55074	14.15622	1.03581	1	0.71731	0.57199	14.51691	1.02900	1	-0.01274	-0.01233	0.68515	0.00336	1	0.05293	-0.01556	0.64641	0.00359	1	1.45898	0.81042	0	
1229022	8290.59473	3303705545396	0.73009	0.58440	8290.54199	0.05273	10747	1	0.78797	0.55939	1	0.67344	0.63150	1	0.73070	0.59545	1	0.45388	0.55089	14.23487	1.02900	1	0.71708	0.57195	14.47124	1.02219	1	-0.01274	-0.01233	0.68515	0.00333	1	0.05293	-0.01556	0.64641	0.00360	1	1.45898	0.81042	0	
1229023	8290.60156	3303705611745	0.72994	0.58596	8290.54199	0.05957	10747	1	0.76897	0.54930	1	0.68811	0.65056	1	0.72854	0.59993	1	0.45363	0.55084	13.92185	1.02219	1	0.71727	0.57213	14.66736	1.01538	1	-0.01274	-0.01233	0.68515	0.00351	1	0.05293	-0.01556	0.64641	0.00361	1	1.45898	0.81042	0	
1229024	8290.60840	3303705679120	0.72970	0.58759	8290.54199	0.06641	10747	1	0.76824	0.55343	1	0.68645	0.65434	1	0.72735	0.60388	1	0.45398	0.55115	14.42607	1.01538	1	0.71740	0.57194	14.49355	1.00858	1	-0.01274	-0.01238	0.68515	0.00340	1	0.05293	-0.01556	0.64641	0.00357	1	1.45898	0.81042	0	
1229025	8290.61523	3303705744698	0.72967	0.58879	8290.54199	0.07324	10747	1	0.76095	0.57620	1	0.69772	0.62792	1	0.72933	0.60206	1	0.45380	0.55104	14.82361	1.00858	1	0.71743	0.57180	14.41675	1.00858	1	-0.01274	-0.01238	0.68515	0.00336	1	0.05293	-0.01556	0.64641	0.00359	1	1.45898	0.81042	0	
1229026	8290.62207	3303705812085	0.72938	0.59025	8290.54199	0.08008	10747	1	0.78556	0.58503	1	0.66626	0.63040	1	0.72591	0.60771	1	0.45404	0.55105	14.43826	1.00858	1	0.71729	0.57184	14.35719	1.00858	1	-0.01274	-0.01238	0.68515	0.00331	1	0.05293	-0.01556	0.64641	0.00367	1	1.45898	0.81042	0	
1229027	8290.62793	3303705875683	0.72919	0.59135	8290.54199	0.08594	10747	1	0.78556	0.58503	1	0.66779	0.62647	1	0.72668	0.60575	1	0.45407	0.55097	14.53559	1.00858	1	0.71762	0.57203	14.59677	1.01538	1	-0.01274	-0.01244	0.68515	0.00330	1	0.05435	-0.01597	0.66324	0.00360	1	1.45898	0.81042	0	
1229028	8290.63574	3303705948756	0.72926	0.59234	8290.54199	0.09375	10747	1	0.77648	0.56765	1	0.68400	0.64461	1	0.73024	0.60613	1	0.45402	0.55104	14.58727	1.01538	1	0.71762	0.57208	14.49035	1.02219	1	-0.01274	-0.01244	0.68515	0.00327	1	0.05435	-0.01597	0.66324	0.00360	1	1.45898	0.81042	0	
1229029	8290.64258	3303706016655	0.72958	0.59327	8290.54199	0.10059	10747	1	0.77383	0.58653	1	0.69511	0.62795	1	0.73447	0.60724	1	0.45389	0.55103	14.71415	1.02219	1	0.71774	0.57194	14.57405	1.02900	1	-0.01274	-0.01244	0.68515	0.00339	1	0.05435	-0.01597	0.66324	0.00367	1	1.45898	0.81042	0	
1229030	8290.64844	3303706083305	0.73000	0.59373	8290.54199	0.10645	10747	1	0.77459	0.58264	1	0.69868	0.61970	1	0.73663	0.60117	1	0.45384	0.55113	14.77981	1.02900	1	0.71774	0.57190	14.44850	1.04347	1	-0.01274	-0.01238	0.68515	0.00333	1	0.05512	-0.01618	0.67198	0.00368	1	1.45898	0.81042	0	
1229031	8290.65527	3303706150903	0.73010	0.59392	8290.54199	0.11328	10747	1	0.77827	0.57311	1	0.68540	0.62105	1	0.73183	0.59708	1	0.45405	0.55086	14.43009	1.04347	1	0.71786	0.57193	14.17533	1.05113	1	-0.01274	-0.01238	0.68515	0.00333	1	0.05512	-0.01618	0.67198	0.00371	1	1.45898	0.81042	0	
1229032	8290.66211	3303706217481	0.73002	0.59212	8290.54199	0.12012	10747	1	0.76847	0.52241	1	0.68877	0.59715	1	0.72862	0.55978	1	0.45378	0.55114	14.87471	1.05113	1	0.71780	0.57185	14.18157	1.05879	1	-0.01274	-0.01238	0.68515	0.00336	1	0.05512	-0.01618	0.67198	0.00369	1	1.45898	0.81042	0	
1229033	8290.66895	3303706284336	0.72995	0.59052	8290.54199	0.12695	10747	1	0.76843	0.52263	1	0.68869	0.59736	1	0.72856	0.56000	1	0.45401	0.55100	14.25088	1.05077	1	0.71782	0.57190	14.18144	1.05843	1	-0.01218	-0.01194	0.65764	0.00349	1	0.05512	-0.01618	0.67198	0.00369	1	1.45898	0.81042	0	
1229034	8290.67578	3303706351116	0.73004	0.58961	8290.54199	0.13379	10747	1	0.78405	0.53154	1	0.67943	0.61129	1	0.73174	0.57142	1	0.45428	0.55070	14.24419	1.05041	1	0.71779	0.57197	14.52839	1.05041	1	-0.01218	-0.01194	0.65764	0.00342	1	0.05512	-0.01618	0.67198	0.00367	1	1.45898	0.81042	0	
1229035	8290.68262	3303706418430	0.73024	0.58899	8290.54199	0.14062	10747	1	0.78185	0.53214	1	0.68714	0.61977	1	0.73450	0.57595	1	0.45424	0.55084	14.13041	1.04240	1	0.71789	0.57206	14.13737	1.04240	1	-0.01218	-0.01194	0.65764	0.00334	1	0.05512	-0.01618	0.67198	0.00369	1	1.45898	0.81042	0	
1229036	8290.68945	3303706484971	0.73027	0.58890	8290.54199	0.14746	10747	1	0.78011	0.54139	1	0.68176	0.63277	1	0.73094	0.58708	1	0.45395	0.55094	14.17163	1.02725	1	0.71809	0.57215	14.26133	1.01959	1	-0.01187	-0.01168	0.64345	0.00329	1	0.05407	-0.01590	0.65854	0.00356	1	1.45898	0.81042	0	
1229037	8290.69531	3303706552804	0.73065	0.58964	8290.54199	0.15332	10747	1	0.77803	0.54872	1	0.70093	0.66434	1	0.73948	0.60653	1	0.45408	0.55086	14.13194	1.01247	1	0.71797	0.57222	14.34359	1.00481	1	-0.01187	-0.01168	0.64345	0.00347	1	0.05407	-0.01590	0.65854	0.00369	1	1.45898	0.81042	0	
1229038	8290.70215	3303706619217	0.73091	0.59037	8290.54199	0.16016	10747	1	0.77620	0.56588	1	0.69804	0.64987	1	0.73712	0.60787	1	0.45381	0.55102	14.53999	0.99768	1	0.71791	0.57201	14.04457	0.99002	1	-0.01187	-0.01168	0.64345	0.00333	1	0.05407	-0.01590	0.65854	0.00374	1	1.45898	0.81042	0	
1229039	8290.70898	3303706687160	0.73115	0.59103	8290.54199	0.16699	10747	1	0.77624	0.56566	1	0.69813	0.64967	1	0.73718	0.60766	1	0.45335	0.55066	14.16875	0.99804	1	0.71721	0.57162	14.46149	0.99038	1	-0.01245	-0.01201	0.66979	0.00338	1	0.05435	-0.01597	0.66324	0.00365	1	1.45898	0.81042	0	
1229040	8290.71582	3303706753284	0.72991	0.59060	8290.54199	0.17383	10747	1	0.73019	0.53339	1	0.66519	0.62525	1	0.69769	0.57932	1	0.45303	0.55068	14.02490	1.00552	1	0.71728	0.57182	14.56633	1.00552	1	-0.01245	-0.01201	0.66979	0.00346	1	0.05435	-0.01597	0.66324	0.00369	1	1.45898	0.81042	0	
1229041	8290.72266	3303706820169	0.72902	0.59084	8290.54199	0.18066	10747	1	0.74330	0.58227	1	0.66650	0.61234	1	0.70490	0.59731	1	0.45325	0.55079	14.41202	1.02067	1	0.71728	0.57178	14.60936	1.02067	1	-0.01245	-0.01201	0.66979	0.00340	1	0.05435	-0.01597	0.66324	0.00366	1	1.45898	0.81042	0	
1229042	8290.72949	3303706887355	0.72827	0.59076	8290.54199	0.18750	10747	1	0.74458	0.57354	1	0.66985	0.60342	1	0.70722	0.58848	1	0.45332	0.55078	14.05807	1.03581	1	0.71734	0.57191	14.33215	1.03581	1	-0.01274	-0.01233	0.68515	0.00344	1	0.05435	-0.01597	0.66324	0.00361	1	1.45898	0.81042	0	
1229043	8290.73633	3303706954246	0.72773	0.59145	8290.54199	0.19434	10747	1	0.75641	0.61953	1	0.66814	0.60349	1	0.71227	0.61151	1	0.45332	0.55083	13.93472	1.03581	1	0.71727	0.57190	14.52536	1.03581	1	-0.01274	-0.01233	0.68515	0.00343	1	0.05435	-0.01597	0.66324	0.00363	1	1.45898	0.81042	0	
1229044	8290.74219	3303707021686	0.72731	0.59200	8290.54199	0.20020	10747	1	0.75050	0.58056	1	0.67891	0.63660	1	0.71471	0.60858	1	0.45339	0.55085	14.08046	1.03581	1	0.71743	0.57209	14.23162	1.03581	1	-0.01274	-0.01233	0.68515	0.00343	1	0.05435	-0.01597	0.66324	0.00367	1	1.45898	0.81042	0	
1229045	8290.74902	3303707088409	0.72692	0.59252	8290.54199	0.20703	10747	1	0.75050	0.58056	1	0.67891	0.63660	1	0.71471	0.60858	1	0.45344	0.55104	14.21569	1.03581	1	0.71722	0.57193	14.19397	1.03581	1	-0.01274	-0.01238	0.68515	0.00335	1	0.05435	-0.01597	0.66324	0.00356	1	1.45898	0.81042	0	
1229046	8290.75586	3303707155841	0.72634	0.59291	8290.54199	0.21387	10747	1	0.74997	0.58868	1	0.66553	0.62198	1	0.70775	0.60533	1	0.45333	0.55096	13.73588	1.03581	1	0.71719	0.57191	14.17970	1.03581	1	-0.01274	-0.01238	0.68515	0.00338	1	0.05435	-0.01597	0.66324	0.00359	1	1.45898	0.81042	0	
1229047	8290.76270	3303707222257	0.72599	0.59295	8290.54199	0.22070	10747	1	0.74937	0.55287	1	0.67957	0.63599	1	0.71447	0.59443	1	0.45328	0.55085	13.67941	1.03581	1	0.71736	0.57205	14.26267	1.03581	1	-0.01274	-0.01238	0.68515	0.00338	1	0.05435	-0.01597	0.66324	0.00366	1	1.45898	0.81042	0	
1229048	8290.76953	3303707289120	0.72560	0.59318	8290.54199	0.22754	10747	1	0.74866	0.55764	1	0.67615	0.64426	1	0.71241	0.60095	1	0.45324	0.55119	13.94589	1.02779	1	0.71719	0.57197	14.40868	1.02098	1	-0.01239	-0.01200	0.66387	0.00335	1	0.05184	-0.01529	0.63314	0.00360	1	1.45898	0.81042	0	
1229049	8290.77637	3303707355946	0.72450	0.59249	8290.54199	0.23438	10747	1	0.70968	0.55822	1	0.66237	0.57850	1	0.68602	0.56836	1	0.45277	0.55147	13.14484	1.01297	1	0.71688	0.57175	14.40186	1.00616	1	-0.01239	-0.01200	0.66387	0.00355	1	0.05184	-0.01529	0.63314	0.00352	1	1.45898	0.81042	0	
1229050	8290.78320	3303707423154	0.72441	0.59370	8290.54199	0.24121	10747	1	0.73299	0.55744	1	0.70924	0.71658	1	0.72111	0.63701	1	0.45248	0.55176	13.35280	0.99814	1	0.71690	0.57269	14.81137	0.99133	1	-0.01239	-0.01200	0.66387	0.00351	1	0.05184	-0.01529	0.63314	0.00388	1	1.45898	0.81042	0	
1229051	8290.78906	3303707490175	0.72428	0.59501	8290.54199	0.24707	10747	1	0.73185	0.56655	1	0.70706	0.72060	1	0.71946	0.64357	1	0.45003	0.55246	13.32248	0.98332	1	0.71375	0.57258	14.07208	0.98332	1	-0.01298	-0.01238	0.67354	0.00307	1	0.05315	-0.01590	0.65449	0.00331	1	1.45898	0.81042	0	
1229052	8290.79590	3303707557241	0.72149	0.59531	8290.54199	0.25391	10747	1	0.63572	0.57519	1	0.59494	0.63850	1	0.61533	0.60685	1	0.44949	0.55262	14.05876	0.98332	1	0.71340	0.57288	13.76823	0.99013	1	-0.01298	-0.01238	0.67354	0.00304	1	0.05315	-0.01590	0.65449	0.00336	1	1.45898	0.81042	0	
1229053	8290.80273	3303707623959	0.69529	0.60550	8290.54199	0.25391	10747	0	0.62826	0.53301	1	0.60778	0.65168	1	0.61802	0.59235	1	0.44958	0.55259	13.91903	0.99013	1	0.71353	0.57305	13.94583	0.99693	1	-0.01298	-0.01238	0.67354	0.00303	1	0.05315	-0.01590	0.65449	0.00337	1	1.45898	0.81042	0	
1229054	8290.80957	3303707689061	0.65721	0.59445	8290.54199	0.25391	10747	0	0.62798	0.52340	1	0.61029	0.64339	1	0.61914	0.58339	1	0.44917	0.55286	13.24187	1.00495	1	0.71280	0.57317	13.72049	1.01176	1	-0.01322	-0.01251	0.67808	0.00326	1	0.05310	-0.01600	0.65629	0.00330	1	1.45898	0.81042	0	
1229055	8290.81641	3303707758140	0.63696	0.61102	8290.54199	0.25391	10747	0	0.63446	0.63864	1	0.55847	0.64968	1	0.59646	0.64416	1	0.44884	0.55332	13.71950	1.01978	1	0.71280	0.57321	13.72580	1.01978	1	-0.01322	-0.01251	0.67808	0.00320	1	0.05310	-0.01600	0.65629	0.00318	1	1.45898	0.81042	0	
1229056	8290.82324	3303707825819	0.62664	0.61643	8290.80273	0.02051	10748	1	0.63160	0.61223	1	0.55976	0.65313	1	0.59568	0.63268	1	0.44917	0.55325	13.27277	1.02779	1	0.71278	0.57328	13.73611	1.02779	1	-0.01322	-0.01251	0.67808	0.00313	1	0.05310	-0.01600	0.65629	0.00316	1	1.45898	0.81042	0	
1229057	8290.83008	3303707892025	0.62053	0.61881	8290.80273	0.02734	10748	1	0.63148	0.60784	1	0.56071	0.64882	1	0.59610	0.62833	1	0.44868	0.55327	12.91765	1.03581	1	0.71281	0.57337	13.52036	1.03581	1	-0.01322	-0.01251	0.67808	0.00315	1	0.05310	-0.01600	0.65629	0.00316	1	1.45898	0.81042	0	
1229058	8290.83594	3303707959032	0.61391	0.61801	8290.80273	0.03320	10748	1	0.60119	0.59178	1	0.56036	0.63616	1	0.58078	0.61397	1	0.44854	0.55322	13.09887	1.03581	1	0.71276	0.57326	13.60305	1.03581	1	-0.01322	-0.01251	0.67808	0.00315	1	0.05310	-0.01600	0.65629	0.00319	1	1.45898	0.81042	0	
1229059	8290.84277	3303708025684	0.60981	0.62099	8290.80273	0.04004	10748	1	0.60141	0.62255	1	0.56902	0.65525	1	0.58521	0.63890	1	0.44837	0.55329	12.79335	1.03581	1	0.71295	0.57338	13.76273	1.03581	1	-0.01322	-0.01251	0.67808	0.00326	1	0.05310	-0.01600	0.65629	0.00330	1	1.45898	0.81042	0	
1229060	8290.84961	3303708093121	0.60669	0.62376	8290.80273	0.04688	10748	1	0.60174	0.62683	1	0.56800	0.65952	1	0.58487	0.64318	1	0.44828	0.55334	12.77803	1.02779	1	0.71271	0.57312	14.16381	1.02779	1	-0.01291	-0.01213	0.65467	0.00320	1	0.05310	-0.01600	0.65629	0.00315	1	1.45898	0.81042	0	
1229061	8290.85645	3303708160107	0.60375	0.62559	8290.80273	0.05371	10748	1	0.59852	0.61758	1	0.56193	0.66288	1	0.58022	0.64023	1	0.44843	0.55339	13.08719	1.01978	1	0.71283	0.57328	13.24826	1.01978	1	-0.01291	-0.01213	0.65467	0.00320	1	0.05310	-0.01600	0.65629	0.00319	1	1.45898	0.81042	0	
1229062	8290.86328	3303708227130	0.60245	0.62486	8290.80273	0.06055	10748	1	0.61772	0.59353	1	0.56382	0.64296	1	0.59077	0.61824	1	0.44860	0.55324	12.94269	1.01176	1	0.71293	0.57317	13.48523	1.01176	1	-0.01291	-0.01213	0.65467	0.00325	1	0.05310	-0.01600	0.65629	0.00324	1	1.45898	0.81042	0	
1229063	8290.87012	3303708293921	0.60136	0.62467	8290.80273	0.06738	10748	1	0.61795	0.59814	1	0.56282	0.64743	1	0.59038	0.62278	1	0.44860	0.55324	12.94269	1.00374	1	0.71279	0.57323	13.92678	1.00374	1	-0.01303	-0.01219	0.66066	0.00326	1	0.05310	-0.01600	0.65629	0.00309	1	1.45898	0.81042	0	
1229064	8290.87695	3303708361336	0.60010	0.62472	8290.80273	0.07422	10748	1	0.60899	0.59927	1	0.56363	0.65129	1	0.58631	0.62528	1	0.44858	0.55337	12.95476	1.00374	1	0.71288	0.57310	13.65070	1.00374	1	-0.01303	-0.01219	0.66066	0.00310	1	0.05310	-0.01600	0.65629	0.00320	1	1.45898	0.81042	0	
1229065	8290.88379	3303708428311	0.59715	0.62613	8290.80273	0.08105	10748	1	0.59793	0.63416	1	0.52552	0.65200	1	0.56173	0.64308	1	0.44838	0.55349	13.07022	1.00374	1	0.71225	0.57309	13.90806	1.00374	1	-0.01303	-0.01219	0.66066	0.00314	1	0.05310	-0.01600	0.65629	0.00307	1	1.45898	0.81042	0	
1229066	8290.88965	3303708495137	0.59466	0.62688	8290.80273	0.08691	10748	1	0.59756	0.62983	1	0.52691	0.64337	1	0.56223	0.63660	1	0.44837	0.55341	13.18944	1.01176	1	0.71216	0.57302	13.48167	1.01942	1	-0.01347	-0.01265	0.68032	0.00301	1	0.05359	-0.01616	0.66302	0.00309	1	1.45898	0.81042	0	
1229067	8290.89648	3303708560855	0.59397	0.62729	8290.80273	0.09375	10748	1	0.60643	0.57275	1	0.56226	0.69330	1	0.58434	0.63302	1	0.44764	0.55329	12.89275	1.02744	1	0.71199	0.57337	13.73439	1.03509	1	-0.01347	-0.01265	0.68032	0.00323	1	0.05359	-0.01616	0.66302	0.00324	1	1.45898	0.81042	0	
1229068	8290.90332	3303708629010	0.59744	0.62545	8290.80273	0.10059	10748	1	0.64341	0.55730	1	0.65569	0.63830	1	0.64955	0.59780	1	0.44747	0.55315	12.87354	1.04311	1	0.71183	0.57276	13.81646	1.05077	1	-0.01347	-0.01265	0.68032	0.00316	1	0.05359	-0.01616	0.66302	0.00297	1	1.45898	0.81042	0	
1229069	8290.91016	3303708696483	0.60055	0.62342	8290.80273	0.10742	10748	1	0.64333	0.54802	1	0.65733	0.63392	1	0.65033	0.59097	1	0.44361	0.55367	13.25879	1.05879	1	0.70732	0.57269	13.80124	1.05879	1	-0.01398	-0.01251	0.67539	0.00323	1	0.05216	-0.01587	0.65317	0.00319	1	1.45898	0.81042	0	
1229070	8290.91699	3303708763556	0.59261	0.62097	8290.80273	0.11426	10748	1	0.46615	0.63269	1	0.44886	0.52599	1	0.45750	0.57934	1	0.44295	0.55357	13.01099	1.05879	1	0.70691	0.57164	12.54084	1.05113	1	-0.01398	-0.01251	0.67539	0.00313	1	0.05216	-0.01587	0.65317	0.00320	1	1.45898	0.81042	0	
1229071	8290.92383	3303708829315	0.58659	0.61794	8290.80273	0.12109	10748	1	0.48890	0.63094	1	0.46774	0.49589	1	0.47832	0.56342	1	0.44288	0.55347	13.25748	1.05113	1	0.70716	0.57167	12.85357	1.04347	1	-0.01398	-0.01251	0.67539	0.00310	1	0.05216	-0.01587	0.65317	0.00322	1	1.45898	0.81042	0	
1229072	8290.92969	3303708895471	0.58120	0.61531	8290.80273	0.12695	10748	1	0.48996	0.63495	1	0.46774	0.49589	1	0.47885	0.56542	1	0.44241	0.55356	13.28605	1.04347	1	0.70622	0.57171	13.06988	1.04347	1	-0.01444	-0.01269	0.68755	0.00320	1	0.05426	-0.01649	0.68269	0.00324	1	1.45898	0.81042	0	
1229073	8290.93652	3303708963812	0.57419	0.61424	8290.80273	0.13379	10748	1	0.46436	0.64849	1	0.40350	0.53714	1	0.43393	0.59282	1	0.44237	0.55367	13.26066	1.04347	1	0.70623	0.57173	12.99042	1.05113	1	-0.01444	-0.01269	0.68755	0.00316	1	0.05426	-0.01649	0.68269	0.00321	1	1.45898	0.81042	0	
1229074	8290.94336	3303709030810	0.53903	0.60143	8290.80273	0.13379	10748	0	0.46916	0.61741	1	0.40052	0.51595	1	0.43484	0.56668	1	0.44247	0.55350	13.28763	1.05113	1	0.70623	0.57173	12.99042	1.05879	1	-0.01444	-0.01269	0.68755	0.00319	1	0.05426	-0.01649	0.68269	0.00321	1	1.45898	0.81042	0	
1229075	8290.95020	3303709098204	0.48664	0.58303	8290.80273	0.13379	10748	0	0.46797	0.61330	1	0.40052	0.51595	1	0.43425	0.56462	1	0.44225	0.55396	13.24966	1.05879	1	0.70628	0.57194	13.07306	1.05879	1	-0.01444	-0.01269	0.68755	0.00325	1	0.05205	-0.01585	0.65431	0.00323	1	1.45898	0.81042	0	
1229076	8290.95703	3303709164640	0.46912	0.59420	8290.80273	0.13379	10748	0	0.46391	0.67769	1	0.40427	0.55540	1	0.43409	0.61655	1	0.44252	0.55366	13.37343	1.05879	1	0.70632	0.57197	13.01328	1.05113	1	-0.01444	-0.01269	0.68755	0.00319	1	0.05205	-0.01585	0.65431	0.00331	1	1.45898	0.81042	0	
1229077	8290.96387	3303709231678	0.43244	0.61064	8290.80273	0.13379	10748	0	0.45587	0.71247	1	0.40209	0.58901	1	0.42898	0.65074	1	0.44233	0.55393	13.18201	1.05113	1	0.70622	0.57229	13.31949	1.04347	1	-0.01444	-0.01269	0.68755	0.00317	1	0.05205	-0.01585	0.65431	0.00309	1	1.45898	0.81042	0	
1229078	8290.97070	3303709298902	0.43103	0.63154	8290.80273	0.13379	10748	0	0.45716	0.71588	1	0.40209	0.58901	1	0.42963	0.65244	1	0.44203	0.55375	13.39373	1.04347	1	0.70607	0.57208	13.48711	1.04347	1	-0.01444	-0.01269	0.68755	0.00325	1	0.05426	-0.01649	0.68269	0.00310	1	1.45898	0.81042	0	
1229079	8290.97656	3303709362826	0.42744	0.63964	8290.80273	0.13379	10748	0	0.43472	0.69961	1	0.40579	0.61208	1	0.42025	0.65584	1	0.44197	0.55378	13.40769	1.04347	1	0.70619	0.57208	13.27479	1.05113	1	-0.01444	-0.01269	0.68755	0.00328	1	0.05426	-0.01649	0.68269	0.00307	1	1.45898	0.81042	0	
1229080	8290.98340	3303709428364	0.42556	0.63678	8290.96387	0.01953	10749	1	0.44096	0.66953	1	0.39888	0.58690	1	0.41992	0.62821	1	0.44194	0.55386	13.40043	1.05113	1	0.70615	0.57180	12.78663	1.05879	1	-0.01444	-0.01269	0.68755	0.00334	1	0.05426	-0.01649	0.68269	0.00333	1	1.45898	0.81042	0	
1229081	8290.99023	3303709496474	0.42444	0.63511	8290.96387	0.02637	10749	1	0.44103	0.66970	1	0.39889	0.58711	1	0.41996	0.62840	1	0.44196	0.55376	13.53133	1.05077	1	0.70629	0.57199	13.06392	1.05843	1	-0.01395	-0.01221	0.66202	0.00328	1	0.05422	-0.01653	0.68218	0.00334	1	1.45898	0.81042	0	
1229082	8290.99707	3303709564612	0.42529	0.63902	8290.96387	0.03320	10749	1	0.45157	0.68557	1	0.40748	0.63159	1	0.42953	0.65858	1	0.44232	0.55372	13.23426	1.05041	1	0.70629	0.57229	13.27677	1.05041	1	-0.01395	-0.01221	0.66202	0.00319	1	0.05422	-0.01653	0.68218	0.00310	1	1.45898	0.81042	0	
1229083	8291.00391	3303709632167	0.42191	0.64256	8290.96387	0.04004	10749	1	0.42122	0.69856	1	0.38214	0.62908	1	0.40168	0.66382	1	0.44186	0.55387	13.44660	1.04240	1	0.70592	0.57229	13.99055	1.04240	1	-0.01395	-0.01221	0.66202	0.00330	1	0.05422	-0.01653	0.68218	0.00309	1	1.45898	0.81042	0	
1229084	8291.00977	3303709697075	0.41953	0.64599	8290.96387	0.04590	10749	1	0.42283	0.70228	1	0.38292	0.63761	1	0.40287	0.66995	1	0.44190	0.55377	13.44773	1.03438	1	0.70594	0.57225	14.01187	1.02672	1	-0.01421	-0.01235	0.66960	0.00330	1	0.05205	-0.01585	0.65431	0.00305	1	1.45898	0.81042	0	
1229085	8291.01660	3303709762608	0.41984	0.64724	8290.96387	0.05273	10749	1	0.44744	0.69178	1	0.39705	0.62278	1	0.42224	0.65728	1	0.44185	0.55396	13.70815	1.02672	1	0.70605	0.57209	13.57500	1.01906	1	-0.01421	-0.01235	0.66960	0.00327	1	0.05205	-0.01585	0.65431	0.00311	1	1.45898	0.81042	0	
1229086	8291.02441	3303709834891	0.41928	0.64746	8290.96387	0.06055	10749	1	0.43085	0.67139	1	0.39765	0.62751	1	0.41425	0.64945	1	0.44192	0.55381	13.49711	1.01906	1	0.70603	0.57220	13.70578	1.01140	1	-0.01421	-0.01235	0.66960	0.00328	1	0.05205	-0.01585	0.65431	0.00307	1	1.45898	0.81042	0	
1229087	8291.03027	3303709898786	0.41890	0.64801	8290.96387	0.06641	10749	1	0.43235	0.67523	1	0.39793	0.63182	1	0.41514	0.65353	1	0.44188	0.55389	13.80939	1.01140	1	0.70589	0.57199	13.86769	1.00374	1	-0.01421	-0.01235	0.66960	0.00325	1	0.05281	-0.01603	0.66386	0.00311	1	1.45898	0.81042	0	
1229088	8291.03711	3303709963928	0.41879	0.65080	8290.96387	0.07324	10749	1	0.45277	0.73948	1	0.38243	0.62354	1	0.41760	0.68151	1	0.44191	0.55388	13.70126	1.00374	1	0.70590	0.57203	14.16097	1.00374	1	-0.01421	-0.01235	0.66960	0.00326	1	0.05281	-0.01603	0.66386	0.00310	1	1.45898	0.81042	0	
1229089	8291.04395	3303710035768	0.41872	0.65177	8290.96387	0.08008	10749	1	0.45370	0.72258	1	0.38198	0.60418	1	0.41784	0.66338	1	0.44189	0.55392	13.80581	1.00374	1	0.70585	0.57221	13.87796	1.00374	1	-0.01421	-0.01235	0.66960	0.00325	1	0.05281	-0.01603	0.66386	0.00314	1	1.45898	0.81042	0	
1229090	8291.05078	3303710102184	0.41859	0.65230	8290.96387	0.08691	10749	1	0.45226	0.71892	1	0.38157	0.59946	1	0.41692	0.65919	1	0.44190	0.55388	13.70974	1.01176	1	0.70591	0.57225	13.95596	1.01176	1	-0.01429	-0.01247	0.67571	0.00326	1	0.05205	-0.01585	0.65431	0.00309	1	1.45898	0.81042	0	
1229091	8291.05762	3303710169393	0.41844	0.65103	8290.96387	0.09375	10749	1	0.44330	0.68212	1	0.38944	0.58432	1	0.41637	0.63322	1	0.44193	0.55397	13.59742	1.01978	1	0.70604	0.57210	13.30277	1.01978	1	-0.01429	-0.01247	0.67571	0.00327	1	0.05205	-0.01585	0.65431	0.00314	1	1.45898	0.81042	0	
1229092	8291.06445	3303710236431	0.41775	0.65078	8290.96387	0.10059	10749	1	0.44948	0.70304	1	0.36524	0.59103	1	0.40736	0.64704	1	0.44197	0.55375	13.48834	1.02779	1	0.70605	0.57205	13.36202	1.02779	1	-0.01429	-0.01247	0.67571	0.00328	1	0.05205	-0.01585	0.65431	0.00314	1	1.45898	0.81042	0	
1229093	8291.07129	3303710303377	0.41708	0.65031	8290.96387	0.10742	10749	1	0.44805	0.69931	1	0.36472	0.58632	1	0.40638	0.64282	1	0.44210	0.55363	13.99605	1.03581	1	0.70618	0.57207	13.89073	1.03581	1	-0.01429	-0.01247	0.67571	0.00328	1	0.05205	-0.01585	0.65431	0.00311	1	1.45898	0.81042	0	
1229094	8291.07715	3303710370289	0.41741	0.64920	8290.96387	0.11328	10749	1	0.47394	0.66016	1	0.37217	0.60048	1	0.42306	0.63032	1	0.44242	0.55361	13.61605	1.03581	1	0.70613	0.57212	13.92988	1.03581	1	-0.01429	-0.01247	0.67571	0.00327	1	0.05205	-0.01585	0.65431	0.00310	1	1.45898	0.81042	0	
1229095	8291.08398	3303710437866	0.41777	0.64833	8290.96387	0.12012	10749	1	0.47019	0.65499	1	0.37824	0.61016	1	0.42421	0.63258	1	0.44233	0.55371	13.73827	1.03581	1	0.70628	0.57206	13.74029	1.03581	1	-0.01429	-0.01247	0.67571	0.00326	1	0.05205	-0.01585	0.65431	0.00315	1	1.45898	0.81042	0	
1229096	8291.09082	3303710504652	0.41814	0.64775	8290.96387	0.12695	10749	1	0.47146	0.65906	1	0.37867	0.61470	1	0.42506	0.63688	1	0.44213	0.55359	13.90832	1.02779	1	0.70648	0.57196	13.28281	1.02779	1	-0.01395	-0.01221	0.66202	0.00327	1	0.05205	-0.01585	0.65431	0.00315	1	1.45898	0.81042	0	
1229097	8291.09766	3303710567008	0.41740	0.64873	8290.96387	0.13379	10749	1	0.42187	0.72885	1	0.38347	0.60758	1	0.40267	0.66821	1	0.44205	0.55389	14.02316	1.01978	1	0.70642	0.57199	13.62857	1.01978	1	-0.01395	-0.01221	0.66202	0.00326	1	0.05205	-0.01585	0.65431	0.00312	1	1.45898	0.81042	0	
1229098	8291.10449	3303710639136	0.41709	0.64843	8290.96387	0.14062	10749	1	0.43770	0.68468	1	0.38358	0.59945	1	0.41064	0.64206	1	0.44221	0.55360	14.18384	1.01176	1	0.70638	0.57186	13.26438	1.01176	1	-0.01395	-0.01221	0.66202	0.00322	1	0.05205	-0.01585	0.65431	0.00311	1	1.45898	0.81042	0	
1229099	8291.11133	3303710705394	0.41681	0.64815	8290.96387	0.14746	10749	1	0.43770	0.68468	1	0.38358	0.59945	1	0.41064	0.64206	1	0.44224	0.55350	14.02233	1.01176	1	0.70642	0.57188	13.30820	1.01176	1	-0.01444	-0.01269	0.68755	0.00332	1	0.05316	-0.01616	0.66693	0.00312	1	1.45898	0.81042	0	
1229100	8291.11816	3303710772269	0.41661	0.64718	8290.96387	0.15430	10749	1	0.43452	0.67121	1	0.38944	0.57874	1	0.41198	0.62497	1	0.44238	0.55312	13.70816	1.01978	1	0.70646	0.57183	13.55690	1.01978	1	-0.01444	-0.01269	0.68755	0.00346	1	0.05316	-0.01616	0.66693	0.00317	1	1.45898	0.81042	0	
1229101	8291.12402	3303710839395	0.41587	0.64684	8290.96387	0.16016	10749	1	0.44774	0.66882	1	0.34856	0.60819	1	0.39815	0.63851	1	0.44232	0.55333	14.08338	1.02779	1	0.70618	0.57200	13.69936	1.02779	1	-0.01444	-0.01269	0.68755	0.00326	1	0.05316	-0.01616	0.66693	0.00313	1	1.45898	0.81042	0	
1229102	8291.13086	3303710906115	0.41514	0.64627	8290.96387	0.16699	10749	1	0.44631	0.66482	1	0.34727	0.59925	1	0.39679	0.63204	1	0.44258	0.55301	13.58512	1.03581	1	0.70652	0.57201	13.71486	1.04347	1	-0.01435	-0.01256	0.68365	0.00326	1	0.05399	-0.01639	0.67677	0.00308	1	1.45898	0.81042	0	
1229103	8291.13770	3303710973027	0.41565	0.64529	8290.96387	0.17383	10749	1	0.45670	0.66254	1	0.40126	0.57737	1	0.42898	0.61996	1	0.44248	0.55318	13.71613	1.04347	1	0.70656	0.57186	14.01749	1.05113	1	-0.01435	-0.01256	0.68365	0.00331	1	0.05399	-0.01639	0.67677	0.00306	1	1.45898	0.81042	0	
1229104	8291.14453	3303711040187	0.41604	0.64426	8290.96387	0.18066	10749	1	0.43503	0.66154	1	0.41796	0.57127	1	0.42650	0.61641	1	0.44194	0.55320	14.22783	1.05113	1	0.70653	0.57183	13.27734	1.05879	1	-0.01435	-0.01256	0.68365	0.00312	1	0.05399	-0.01639	0.67677	0.00315	1	1.45898	0.81042	0	
1229105	8291.15137	3303711106106	0.41640	0.64338	8290.96387	0.18750	10749	1	0.43510	0.66171	1	0.41809	0.57602	1	0.42659	0.61887	1	0.44076	0.55252	13.74465	1.05077	1	0.70469	0.57107	14.80776	1.05077	1	-0.01421	-0.01215	0.66960	0.00352	1	0.05496	-0.01669	0.69344	0.00344	1	1.45898	0.81042	0	
1229106	8291.15820	3303711174130	0.41451	0.64120	8290.96387	0.19434	10749	1	0.40326	0.60174	1	0.31598	0.55401	1	0.35962	0.57787	1	0.44069	0.55163	13.49765	1.04275	1	0.70428	0.57012	14.71192	1.03509	1	-0.01421	-0.01215	0.66960	0.00355	1	0.05496	-0.01669	0.69344	0.00346	1	1.45898	0.81042	0	
1229107	8291.16504	3303711241547	0.41261	0.63892	8290.96387	0.20117	10749	1	0.36526	0.60103	1	0.34609	0.53979	1	0.35568	0.57041	1	0.44015	0.55147	13.76269	1.02708	1	0.70395	0.56975	14.13449	1.01942	1	-0.01421	-0.01215	0.66960	0.00345	1	0.05496	-0.01669	0.69344	0.00328	1	1.45898	0.81042	0	
1229108	8291.17090	3303711308096	0.41090	0.63700	8290.96387	0.20703	10749	1	0.36919	0.60995	1	0.34677	0.54493	1	0.35798	0.57744	1	0.43923	0.55084	14.14991	1.01140	1	0.70255	0.56892	14.70932	1.01140	1	-0.01406	-0.01161	0.65316	0.00392	1	0.05282	-0.01575	0.67089	0.00367	1	1.45898	0.81042	0	
1229109	8291.17773	3303711375918	0.39164	0.60778	8290.96387	0.20703	10749	0	0.33963	0.55045	1	0.29270	0.51496	1	0.31616	0.53271	1	0.43926	0.54963	13.65145	1.01140	1	0.70251	0.56876	14.56711	1.01906	1	-0.01406	-0.01161	0.65316	0.00370	1	0.05282	-0.01575	0.67089	0.00373	1	1.45898	0.81042	0	
1229110	8291.18457	3303711442581	0.35439	0.56937	8290.96387	0.20703	10749	0	0.34644	0.55540	1	0.28784	0.50653	1	0.31714	0.53097	1	0.43927	0.54959	13.40502	1.01906	1	0.70235	0.56867	14.22770	1.02672	1	-0.01406	-0.01161	0.65316	0.00385	1	0.05282	-0.01575	0.67089	0.00371	1	1.45898	0.81042	0	
1229111	8291.19141	3303711508876	0.34146	0.55493	8290.96387	0.20703	10749	0	0.34439	0.55065	1	0.28678	0.50144	1	0.31559	0.52605	1	0.43897	0.54954	13.60489	1.02672	1	0.70270	0.56859	14.27627	1.03438	1	-0.01406	-0.01151	0.65316	0.00381	1	0.05282	-0.01575	0.67089	0.00376	1	1.45898	0.81042	0	
1229112	8291.19824	3303711576885	0.30812	0.51656	8290.96387	0.20703	10749	0	0.32154	0.54364	1	0.26173	0.44172	1	0.29163	0.49268	1	0.43906	0.54972	13.66058	1.03438	1	0.70243	0.56828	14.27615	1.03438	1	-0.01406	-0.01151	0.65316	0.00369	1	0.05282	-0.01575	0.67089	0.00392	1	1.45898	0.81042	0	
1229113	8291.20508	3303711643350	0.30269	0.51052	8290.96387	0.20703	10749	0	0.32761	0.53990	1	0.26690	0.46906	1	0.29726	0.50448	1	0.43899	0.54986	13.77037	1.03438	1	0.70252	0.56838	14.27415	1.03438	1	-0.01406	-0.01151	0.65316	0.00372	1	0.05282	-0.01575	0.67089	0.00398	1	1.45898	0.81042	0	
1229114	8291.21094	3303711706239	0.30088	0.50851	8290.96387	0.20703	10749	0	0.32761	0.53990	1	0.26690	0.46906	1	0.29726	0.50448	1	0.43905	0.54965	13.81634	1.03438	1	0.70255	0.56848	14.58400	1.03438	1	-0.01424	-0.01171	0.66184	0.00375	1	0.05282	-0.01575	0.67089	0.00375	1	1.45898	0.81042	0	
1229115	8291.21777	3303711776852	0.30046	0.50340	8291.19824	0.01953	10750	1	0.32855	0.53981	1	0.26986	0.43636	1	0.29921	0.48808	1	0.43908	0.54966	13.88640	1.03438	1	0.70252	0.56809	14.79893	1.03438	1	-0.01424	-0.01171	0.66184	0.00376	1	0.05282	-0.01575	0.67089	0.00388	1	1.45898	0.81042	0	
1229116	8291.22461	3303711844134	0.29906	0.50291	8291.19824	0.02637	10750	1	0.32207	0.54812	1	0.26489	0.45380	1	0.29348	0.50096	1	0.43913	0.54956	13.66498	1.03438	1	0.70249	0.56838	14.66660	1.03438	1	-0.01424	-0.01171	0.66184	0.00378	1	0.05282	-0.01575	0.67089	0.00368	1	1.45898	0.81042	0	
1229117	8291.23145	3303711911104	0.29824	0.50304	8291.19824	0.03320	10750	1	0.32207	0.54812	1	0.26611	0.45922	1	0.29409	0.50367	1	0.43917	0.54964	13.89789	1.03438	1	0.70230	0.56789	14.33672	1.02672	1	-0.01424	-0.01171	0.66184	0.00375	1	0.05128	-0.01528	0.65073	0.00391	1	1.45898	0.81042	0	
1229118	8291.23828	3303711977698	0.29757	0.49843	8291.19824	0.04004	10750	1	0.32597	0.54060	1	0.26125	0.40087	1	0.29361	0.47074	1	0.43904	0.54963	13.87540	1.02672	1	0.70232	0.56784	14.35161	1.01906	1	-0.01424	-0.01171	0.66184	0.00375	1	0.05128	-0.01528	0.65073	0.00391	1	1.45898	0.81042	0	
1229119	8291.24512	3303712044876	0.29886	0.49579	8291.19824	0.04688	10750	1	0.34295	0.54520	1	0.27281	0.40954	1	0.30788	0.47737	1	0.43913	0.54968	14.06580	1.01906	1	0.70238	0.56786	14.21566	1.01140	1	-0.01424	-0.01171	0.66184	0.00368	1	0.05128	-0.01528	0.65073	0.00400	1	1.45898	0.81042	0	
1229120	8291.25195	3303712111942	0.30005	0.49434	8291.19824	0.05371	10750	1	0.34502	0.55002	1	0.27399	0.41541	1	0.30951	0.48272	1	0.43927	0.54953	14.47692	1.01140	1	0.70251	0.56831	14.41364	1.00374	1	-0.01406	-0.01151	0.65315	0.00364	1	0.05123	-0.01523	0.64891	0.00380	1	1.45898	0.81042	0	
1229121	8291.25879	3303712179814	0.30044	0.49853	8291.19824	0.06055	10750	1	0.32535	0.58375	1	0.28265	0.48880	1	0.30400	0.53628	1	0.43897	0.54970	13.79996	1.00374	1	0.70264	0.56849	14.96590	1.00374	1	-0.01406	-0.01151	0.65315	0.00376	1	0.05123	-0.01523	0.64891	0.00369	1	1.45898	0.81042	0	
1229122	8291.26465	3303712245456	0.30083	0.50013	8291.19824	0.06641	10750	1	0.34051	0.55447	1	0.26894	0.47761	1	0.30473	0.51604	1	0.43898	0.54964	13.87886	1.00374	1	0.70247	0.56835	14.50724	1.00374	1	-0.01406	-0.01151	0.65315	0.00378	1	0.05123	-0.01523	0.64891	0.00375	1	1.45898	0.81042	0	
1229123	8291.27148	3303712313012	0.30116	0.50145	8291.19824	0.07324	10750	1	0.34051	0.55447	1	0.26894	0.47761	1	0.30473	0.51604	1	0.43909	0.54972	13.92754	1.00374	1	0.70257	0.56829	14.39719	1.00374	1	-0.01424	-0.01162	0.66184	0.00381	1	0.05123	-0.01523	0.64891	0.00376	1	1.45898	0.81042	0	
1229124	8291.27832	3303712379997	0.30154	0.50080	8291.19824	0.08008	10750	1	0.34035	0.53902	1	0.27205	0.44696	1	0.30620	0.49299	1	0.43914	0.54950	14.30291	1.00374	1	0.70251	0.56818	14.42320	1.00374	1	-0.01424	-0.01162	0.66184	0.00380	1	0.05123	-0.01523	0.64891	0.00370	1	1.45898	0.81042	0	
1229125	8291.28516	3303712446319	0.30282	0.50106	8291.19824	0.08691	10750	1	0.34319	0.54620	1	0.29556	0.46271	1	0.31938	0.50445	1	0.43916	0.54949	14.31748	1.00374	1	0.70270	0.56817	14.52326	1.00374	1	-0.01424	-0.01162	0.66184	0.00379	1	0.05123	-0.01523	0.64891	0.00396	1	1.45898	0.81042	0	
1229126	8291.29199	3303712513929	0.30392	0.50129	8291.19824	0.09375	10750	1	0.34319	0.54620	1	0.29556	0.46271	1	0.31938	0.50445	1	0.43912	0.54939	14.30880	1.00374	1	0.70258	0.56807	14.29834	1.00374	1	-0.01424	-0.01162	0.66184	0.00380	1	0.05123	-0.01523	0.64891	0.00399	1	1.45898	0.81042	0	
1229127	8291.29785	3303712576574	0.30469	0.50098	8291.19824	0.09961	10750	1	0.35353	0.53425	1	0.27887	0.45839	1	0.31620	0.49632	1	0.43919	0.54935	14.43684	1.00374	1	0.70276	0.56836	14.48418	1.00374	1	-0.01424	-0.01162	0.66184	0.00381	1	0.05123	-0.01523	0.64891	0.00375	1	1.45898	0.81042	0	
1229128	8291.30469	3303712644876	0.30442	0.50003	8291.19824	0.10645	10750	1	0.34747	0.51287	1	0.25272	0.45689	1	0.30009	0.48488	1	0.43917	0.54920	14.04983	1.00374	1	0.70265	0.56835	14.51565	1.00374	1	-0.01424	-0.01162	0.66184	0.00383	1	0.05123	-0.01523	0.64891	0.00371	1	1.45898	0.81042	0	
1229129	8291.31152	3303712711689	0.30418	0.49919	8291.19824	0.11328	10750	1	0.34747	0.51287	1	0.25272	0.45689	1	0.30009	0.48488	1	0.43918	0.54933	13.83089	1.00374	1	0.70267	0.56834	14.67572	1.00374	1	-0.01424	-0.01162	0.66184	0.00384	1	0.05123	-0.01523	0.64891	0.00363	1	1.45898	0.81042	0	
1229130	8291.31836	3303712778856	0.30410	0.50033	8291.19824	0.12012	10750	1	0.33483	0.53318	1	0.27059	0.50839	1	0.30271	0.52078	1	0.43925	0.54924	14.15924	1.00374	1	0.70263	0.56824	14.31721	1.00374	1	-0.01424	-0.01162	0.66184	0.00381	1	0.05123	-0.01523	0.64891	0.00376	1	1.45898	0.81042	0	
1229131	8291.32520	3303712846623	0.30379	0.50122	8291.19824	0.12695	10750	1	0.33340	0.52596	1	0.26229	0.51027	1	0.29785	0.51812	1	0.43915	0.54931	14.17732	1.00374	1	0.70280	0.56825	14.29251	1.00374	1	-0.01424	-0.01162	0.66184	0.00382	1	0.05123	-0.01523	0.64891	0.00360	1	1.45898	0.81042	0	
1229132	8291.33203	3303712912296	0.30347	0.50190	8291.19824	0.13379	10750	1	0.33340	0.52596	1	0.26101	0.50510	1	0.29721	0.51553	1	0.43928	0.54937	14.39192	1.00374	1	0.70261	0.56832	14.29084	1.01140	1	-0.01424	-0.01162	0.66184	0.00380	1	0.05325	-0.01582	0.67382	0.00374	1	1.45898	0.81042	0	
1229133	8291.33887	3303712982087	0.30389	0.50237	8291.19824	0.14062	10750	1	0.34143	0.52926	1	0.28389	0.49518	1	0.31266	0.51222	1	0.43925	0.54933	14.28319	1.01140	1	0.70294	0.56822	13.87689	1.01906	1	-0.01424	-0.01162	0.66184	0.00380	1	0.05325	-0.01582	0.67382	0.00375	1	1.45898	0.81042	0	
1229134	8291.34570	3303713047724	0.30330	0.50221	8291.19824	0.14746	10750	1	0.33673	0.53113	1	0.24386	0.46619	1	0.29029	0.49866	1	0.43922	0.54925	14.14971	1.01906	1	0.70258	0.56816	14.37188	1.02672	1	-0.01424	-0.01162	0.66184	0.00382	1	0.05325	-0.01582	0.67382	0.00367	1	1.45898	0.81042	0	
1229135	8291.35156	3303713113554	0.30269	0.50184	8291.19824	0.15332	10750	1	0.33463	0.52619	1	0.24248	0.46083	1	0.28855	0.49351	1	0.43924	0.54931	14.15830	1.02672	1	0.70278	0.56796	14.18569	1.03438	1	-0.01424	-0.01162	0.66184	0.00385	1	0.05325	-0.01582	0.67382	0.00372	1	1.45898	0.81042	0	
1229136	8291.35938	3303713184037	0.30259	0.50063	8291.19824	0.16113	10750	1	0.34263	0.49175	1	0.25782	0.45107	1	0.30022	0.47141	1	0.43933	0.54914	14.08530	1.03438	1	0.70271	0.56813	14.25285	1.03438	1	-0.01424	-0.01162	0.66184	0.00379	1	0.05325	-0.01582	0.67382	0.00367	1	1.45898	0.81042	0	
1229137	8291.36523	3303713251143	0.30276	0.49931	8291.19824	0.16699	10750	1	0.33694	0.49034	1	0.27712	0.44247	1	0.30703	0.46640	1	0.43933	0.54918	14.08583	1.03438	1	0.70290	0.56768	13.81131	1.03438	1	-0.01424	-0.01162	0.66184	0.00381	1	0.05325	-0.01582	0.67382	0.00390	1	1.45898	0.81042	0	
1229138	8291.37207	3303713315213	0.30292	0.49809	8291.19824	0.17383	10750	1	0.33694	0.49034	1	0.27712	0.44247	1	0.30703	0.46640	1	0.43935	0.54921	14.07628	1.03438	1	0.70311	0.56815	13.80538	1.03438	1	-0.01424	-0.01162	0.66184	0.00376	1	0.05364	-0.01588	0.67871	0.00362	1	1.45898	0.81042	0	
1229139	8291.37891	3303713382586	0.30286	0.49790	8291.19824	0.18066	10750	1	0.33274	0.51016	1	0.26990	0.47538	1	0.30132	0.49277	1	0.43935	0.54929	14.10450	1.03438	1	0.70288	0.56799	14.01826	1.03438	1	-0.01424	-0.01162	0.66184	0.00377	1	0.05364	-0.01588	0.67871	0.00353	1	1.45898	0.81042	0	
1229140	8291.38574	3303713448274	0.30320	0.49776	8291.19824	0.18750	10750	1	0.33657	0.51302	1	0.28903	0.47437	1	0.31280	0.49369	1	0.43935	0.54921	14.07628	1.03438	1	0.70303	0.56816	13.66864	1.03438	1	-0.01424	-0.01162	0.66184	0.00376	1	0.05364	-0.01588	0.67871	0.00363	1	1.45898	0.81042	0	
1229141	8291.39160	3303713515262	0.30352	0.49762	8291.19824	0.19336	10750	1	0.33657	0.51302	1	0.28903	0.47437	1	0.31280	0.49369	1	0.43930	0.54910	14.01368	1.03438	1	0.70294	0.56821	13.99396	1.03438	1	-0.01424	-0.01162	0.66184	0.00375	1	0.05325	-0.01582	0.67382	0.00357	1	1.45898	0.81042	0	
1229142	8291.39844	3303713583498	0.30376	0.49820	8291.19824	0.20020	10750	1	0.34703	0.53382	1	0.27476	0.49721	1	0.31089	0.51552	1	0.43924	0.54940	14.01228	1.03438	1	0.70301	0.56832	14.17977	1.03438	1	-0.01424	-0.01162	0.66184	0.00381	1	0.05325	-0.01582	0.67382	0.00362	1	1.45898	0.81042	0	
1229143	8291.40527	3303713649216	0.30408	0.49696	8291.19824	0.20703	10750	1	0.33728	0.51017	1	0.29065	0.40694	1	0.31397	0.45856	1	0.43930	0.54922	14.07037	1.03438	1	0.70307	0.56789	14.01473	1.03438	1	-0.01424	-0.01162	0.66184	0.00376	1	0.05325	-0.01582	0.67382	0.00349	1	1.45898	0.81042	0	
1229144	8291.41211	3303713716883	0.30438	0.49579	8291.19824	0.21387	10750	1	0.33728	0.51017	1	0.29065	0.40694	1	0.31397	0.45856	1	0.43924	0.54922	13.87679	1.03438	1	0.70296	0.56775	14.02265	1.03438	1	-0.01424	-0.01162	0.66184	0.00394	1	0.05325	-0.01582	0.67382	0.00388	1	1.45898	0.81042	0	
1229145	8291.41895	3303713784587	0.30385	0.49474	8291.19824	0.22070	10750	1	0.31217	0.51312	1	0.26074	0.40679	1	0.28646	0.45995	1	0.43922	0.54925	13.92882	1.03438	1	0.70300	0.56791	14.04843	1.03438	1	-0.01424	-0.01162	0.66184	0.00395	1	0.05325	-0.01582	0.67382	0.00398	1	1.45898	0.81042	0	
1229146	8291.42578	3303713850337	0.30345	0.49410	8291.19824	0.22754	10750	1	0.31557	0.51655	1	0.26398	0.42795	1	0.28977	0.47225	1	0.43922	0.54954	13.96829	1.03438	1	0.70299	0.56811	14.05726	1.03438	1	-0.01424	-0.01162	0.66184	0.00392	1	0.05325	-0.01582	0.67382	0.00401	1	1.45898	0.81042	0	
1229147	8291.43262	3303713920248	0.30307	0.49349	8291.19824	0.23438	10750	1	0.31557	0.51655	1	0.26398	0.42795	1	0.28977	0.47225	1	0.43950	0.54941	14.26440	1.03438	1	0.70313	0.56864	14.14230	1.03438	1	-0.01424	-0.01162	0.66184	0.00383	1	0.05325	-0.01582	0.67382	0.00378	1	1.45898	0.81042	0	
1229148	8291.43945	3303713987572	0.30273	0.49284	8291.19824	0.24121	10750	1	0.31013	0.46944	1	0.27080	0.46934	1	0.29046	0.46939	1	0.43927	0.54886	13.74084	1.03438	1	0.70314	0.56863	14.15983	1.03438	1	-0.01424	-0.01162	0.66184	0.00408	1	0.05325	-0.01582	0.67382	0.00373	1	1.45898	0.81042	0	
1229149	8291.44629	3303714053298	0.30245	0.49277	8291.19824	0.24805	10750	1	0.31535	0.51764	1	0.26895	0.46302	1	0.29215	0.49033	1	0.43930	0.54930	14.03882	1.03438	1	0.70308	0.56858	14.11763	1.03438	1	-0.01424	-0.01162	0.66184	0.00388	1	0.05325	-0.01582	0.67382	0.00379	1	1.45898	0.81042	0	
1229150	8291.45215	3303714119076	0.30219	0.49271	8291.19824	0.25391	10750	1	0.31535	0.51764	1	0.26895	0.46302	1	0.29215	0.49033	1	0.43929	0.54915	13.80414	1.03438	1	0.70309	0.56857	14.13438	1.03438	1	-0.01406	-0.01151	0.65315	0.00388	1	0.05325	-0.01582	0.67382	0.00374	1	1.45898	0.81042	0	
1229151	8291.45898	3303714188374	0.30220	0.49274	8291.19824	0.26074	10750	1	0.33960	0.51610	1	0.26616	0.47134	1	0.30288	0.49372	1	0.43981	0.54939	13.88805	1.03438	1	0.70305	0.56845	14.10599	1.03438	1	-0.01406	-0.01151	0.65315	0.00378	1	0.05325	-0.01582	0.67382	0.00378	1	1.45898	0.81042	0	
1229152	8291.46582	3303714255243	0.30209	0.49286	8291.19824	0.26758	10750	1	0.32257	0.52751	1	0.27265	0.46812	1	0.29761	0.49781	1	0.43942	0.54964	14.67109	1.03438	1	0.70336	0.56876	14.29487	1.03438	1	-0.01406	-0.01151	0.65315	0.00382	1	0.05325	-0.01582	0.67382	0.00373	1	1.45898	0.81042	0	
1229153	8291.47266	3303714319956	0.30196	0.49291	8291.19824	0.27441	10750	1	0.32031	0.52238	1	0.27260	0.46787	1	0.29645	0.49513	1	0.44009	0.54942	13.93617	1.04240	1	0.70333	0.56891	14.33898	1.03474	1	-0.01469	-0.01212	0.68484	0.00389	1	0.05235	-0.01558	0.66177	0.00363	1	1.45898	0.81042	0	
1229154	8291.47949	3303714388123	0.30226	0.49294	8291.19824	0.28125	10750	1	0.34682	0.50220	1	0.28312	0.48587	1	0.31497	0.49404	1	0.43995	0.54934	13.74976	1.04275	1	0.70328	0.56890	14.31581	1.03509	1	-0.01469	-0.01212	0.68484	0.00377	1	0.05235	-0.01558	0.66177	0.00363	1	1.45898	0.81042	0	
1229155	8291.48633	3303714455885	0.30260	0.49338	8291.19824	0.28809	10750	1	0.35079	0.52620	1	0.28379	0.49802	1	0.31729	0.51211	1	0.43989	0.54963	14.05594	1.04311	1	0.70342	0.56896	14.56781	1.03545	1	-0.01469	-0.01212	0.68484	0.00364	1	0.05235	-0.01558	0.66177	0.00365	1	1.45898	0.81042	0	
1229156	8291.49316	3303714523396	0.30296	0.49390	8291.19824	0.29492	10750	1	0.35275	0.53105	1	0.28487	0.50313	1	0.31881	0.51709	1	0.43964	0.54993	14.24945	1.03545	1	0.70327	0.56889	14.22049	1.02779	1	-0.01394	-0.01159	0.65218	0.00365	1	0.05292	-0.01580	0.66894	0.00366	1	1.45898	0.81042	0	
1229157	8291.49902	3303714590252	0.30263	0.49373	8291.19824	0.30078	10750	1	0.30854	0.52419	1	0.26644	0.44745	1	0.28749	0.48582	1	0.43962	0.54953	13.81243	1.01978	1	0.70346	0.56874	14.15602	1.01978	1	-0.01394	-0.01159	0.65218	0.00357	1	0.05292	-0.01580	0.66894	0.00366	1	1.45898	0.81042	0	
1229158	8291.50586	3303714657656	0.30255	0.49455	8291.19824	0.30762	10750	1	0.30637	0.55884	1	0.29162	0.50579	1	0.29899	0.53232	1	0.43987	0.55010	13.44062	1.01176	1	0.70423	0.56929	14.36719	1.01176	1	-0.01394	-0.01159	0.65218	0.00405	1	0.05292	-0.01580	0.66894	0.00387	1	1.45898	0.81042	0	
1229159	8291.51270	3303714722682	0.30250	0.49539	8291.19824	0.31445	10750	1	0.30881	0.56383	1	0.29167	0.50603	1	0.30024	0.53493	1	0.44259	0.54981	13.74050	1.00374	1	0.70698	0.56955	14.66428	1.01140	1	-0.01352	-0.01170	0.65551	0.00344	1	0.05511	-0.01639	0.68941	0.00343	1	1.45898	0.81042	0	
1229160	8291.51953	3303714790948	0.30410	0.49494	8291.19824	0.32129	10750	1	0.39268	0.50635	1	0.37742	0.48368	1	0.38505	0.49501	1	0.44362	0.54965	14.05032	1.01140	1	0.70808	0.56938	14.89267	1.01906	1	-0.01352	-0.01170	0.65551	0.00374	1	0.05511	-0.01639	0.68941	0.00351	1	1.45898	0.81042	0	
1229161	8291.52637	3303714858171	0.30446	0.49366	8291.19824	0.32812	10750	1	0.34049	0.43978	1	0.28846	0.44604	1	0.31447	0.44291	1	0.44407	0.54884	12.71197	1.01906	1	0.70805	0.56921	15.10810	1.02672	1	-0.01352	-0.01170	0.65551	0.00383	1	0.05511	-0.01639	0.68941	0.00316	1	1.45898	0.81042	0	
1229162	8291.53320	3303714925328	0.30481	0.49237	8291.19824	0.33496	10750	1	0.33844	0.43415	1	0.28940	0.45095	1	0.31392	0.44255	1	0.44923	0.54962	13.15042	1.02672	1	0.71335	0.57020	13.93374	1.01991	1	-0.01266	-0.01173	0.65693	0.00318	1	0.05203	-0.01527	0.64019	0.00353	1	1.45898	0.81042	0	
1229163	8291.54004	3303714992467	0.31061	0.49221	8291.19824	0.34180	10750	1	0.60708	0.44209	1	0.54784	0.51887	1	0.57746	0.48048	1	0.45036	0.55016	14.13365	1.01991	1	0.71413	0.57013	14.09965	1.00544	1	-0.01266	-0.01173	0.65693	0.00344	1	0.05203	-0.01527	0.64019	0.00356	1	1.45898	0.81042	0	
1229164	8291.54590	3303715057931	0.35343	0.49283	8291.19824	0.34180	10750	0	0.51854	0.48707	1	0.51339	0.47601	1	0.51596	0.48154	1	0.45040	0.55010	13.48348	1.00544	1	0.71425	0.57026	13.97787	0.99098	1	-0.01266	-0.01173	0.65693	0.00338	1	0.05203	-0.01527	0.64019	0.00351	1	1.45898	0.81042	0	
1229165	8291.55273	3303715126122	0.43504	0.48682	8291.19824	0.34180	10750	0	0.51929	0.49151	1	0.51400	0.47012	1	0.51665	0.48082	1	0.45382	0.55046	14.20654	0.99899	1	0.71741	0.57161	14.34128	0.99899	1	-0.01229	-0.01204	0.67164	0.00350	1	0.05610	-0.01641	0.68394	0.00377	1	1.45898	0.81042	0	
1229166	8291.55957	3303715192215	0.52152	0.50517	8291.19824	0.34180	10750	0	0.71842	0.51087	1	0.67058	0.57286	1	0.69450	0.54187	1	0.45420	0.55040	13.72966	1.00701	1	0.71773	0.57134	14.38716	1.02148	1	-0.01229	-0.01204	0.67164	0.00360	1	0.05610	-0.01641	0.68394	0.00374	1	1.45898	0.81042	0	
1229167	8291.56641	3303715259305	0.63306	0.52582	8291.19824	0.34180	10750	0	0.70781	0.51278	1	0.66829	0.59680	1	0.68805	0.55479	1	0.45426	0.55024	13.77783	1.02950	1	0.71757	0.57147	13.59505	1.04396	1	-0.01229	-0.01204	0.67164	0.00373	1	0.05610	-0.01641	0.68394	0.00368	1	1.45898	0.81042	0	
1229168	8291.57324	3303715326705	0.66153	0.53586	8291.19824	0.34180	10750	0	0.70854	0.50353	1	0.67144	0.58825	1	0.68999	0.54589	1	0.45437	0.55057	13.37282	1.04396	1	0.71773	0.57168	14.12056	1.05843	1	-0.01210	-0.01190	0.66394	0.00360	1	0.05512	-0.01618	0.67198	0.00366	1	1.45898	0.81042	0	
1229169	8291.58008	3303715394044	0.67946	0.53587	8291.19824	0.34180	10750	0	0.74878	0.48760	1	0.68186	0.58418	1	0.71532	0.53589	1	0.45450	0.55041	13.25948	1.05041	1	0.71783	0.57176	14.22487	1.05041	1	-0.01210	-0.01190	0.66394	0.00357	1	0.05512	-0.01618	0.67198	0.00370	1	1.45898	0.81042	0	
1229170	8291.58594	3303715457650	0.68837	0.54199	8291.56641	0.01953	10751	1	0.74835	0.52637	1	0.68184	0.59434	1	0.71509	0.56035	1	0.45437	0.55056	13.40927	1.04240	1	0.71786	0.57181	14.36440	1.04240	1	-0.01210	-0.01190	0.66394	0.00356	1	0.05512	-0.01618	0.67198	0.00369	1	1.45898	0.81042	0	
1229171	8291.59375	3303715527793	0.69312	0.54749	8291.56641	0.02734	10751	1	0.74766	0.53131	1	0.67664	0.60771	1	0.71215	0.56951	1	0.45443	0.55034	13.28177	1.03438	1	0.71786	0.57160	14.32900	1.01991	1	-0.01210	-0.01200	0.66394	0.00362	1	0.05265	-0.01542	0.64070	0.00368	1	1.45898	0.81042	0	
1229172	8291.59961	3303715594437	0.69599	0.54795	8291.56641	0.03320	10751	1	0.74598	0.48992	1	0.67464	0.61060	1	0.71031	0.55026	1	0.45454	0.55035	13.23140	1.01991	1	0.71779	0.57162	14.33302	1.00544	1	-0.01210	-0.01200	0.66394	0.00365	1	0.05265	-0.01542	0.64070	0.00371	1	1.45898	0.81042	0	
1229173	8291.60645	3303715661693	0.69748	0.55038	8291.56641	0.04004	10751	1	0.74455	0.51422	1	0.66833	0.61563	1	0.70644	0.56492	1	0.45454	0.55035	13.23140	1.00544	1	0.71775	0.57168	14.36471	0.99098	1	-0.01210	-0.01200	0.66394	0.00365	1	0.05265	-0.01542	0.64070	0.00371	1	1.45898	0.81042	0	
1229174	8291.61328	3303715729809	0.69847	0.55270	8291.56641	0.04688	10751	1	0.74400	0.51842	1	0.66684	0.61952	1	0.70542	0.56897	1	0.45435	0.55074	13.32208	0.99899	1	0.71772	0.57179	14.38963	0.98453	1	-0.01229	-0.01214	0.67164	0.00345	1	0.05265	-0.01542	0.64070	0.00367	1	1.45898	0.81042	0	
1229175	8291.62012	3303715795834	0.69877	0.55554	8291.56641	0.05371	10751	1	0.73778	0.53777	1	0.66457	0.61867	1	0.70117	0.57822	1	0.45445	0.55044	13.17540	0.99254	1	0.71774	0.57171	14.36302	0.99254	1	-0.01229	-0.01214	0.67164	0.00350	1	0.05265	-0.01542	0.64070	0.00371	1	1.45898	0.81042	0	
1229176	8291.62695	3303715862189	0.69835	0.55631	8291.56641	0.06055	10751	1	0.73132	0.49309	1	0.65770	0.63353	1	0.69451	0.56331	1	0.45447	0.55047	13.11510	1.00056	1	0.71764	0.57189	14.55234	1.00056	1	-0.01229	-0.01214	0.67164	0.00354	1	0.05265	-0.01542	0.64070	0.00360	1	1.45898	0.81042	0	
1229177	8291.63379	3303715928739	0.69810	0.55649	8291.56641	0.06738	10751	1	0.73190	0.48766	1	0.65944	0.62889	1	0.69567	0.55828	1	0.45446	0.55037	13.25165	1.00858	1	0.71789	0.57209	13.92787	1.00858	1	-0.01229	-0.01214	0.67164	0.00363	1	0.05265	-0.01547	0.64070	0.00370	1	1.45898	0.81042	0	
1229178	8291.64062	3303715996967	0.69868	0.55638	8291.56641	0.07422	10751	1	0.73859	0.47775	1	0.67140	0.63258	1	0.70499	0.55517	1	0.45454	0.55031	13.26921	1.00858	1	0.71785	0.57197	14.53406	1.00858	1	-0.01229	-0.01214	0.67164	0.00364	1	0.05265	-0.01547	0.64070	0.00375	1	1.45898	0.81042	0	
1229179	8291.64648	3303716061905	0.69851	0.55779	8291.56641	0.08008	10751	1	0.72076	0.51253	1	0.67219	0.63682	1	0.69648	0.57468	1	0.45433	0.55069	13.36573	1.00858	1	0.71784	0.57200	14.58873	1.00858	1	-0.01229	-0.01214	0.67164	0.00344	1	0.05265	-0.01547	0.64070	0.00375	1	1.45898	0.81042	0	
1229180	8291.65332	3303716130971	0.69836	0.55900	8291.56641	0.08691	10751	1	0.72076	0.51253	1	0.67219	0.63682	1	0.69648	0.57468	1	0.45439	0.55064	13.32784	1.00858	1	0.71785	0.57198	14.76282	1.00858	1	-0.01229	-0.01214	0.67164	0.00344	1	0.05265	-0.01547	0.64070	0.00375	1	1.45898	0.81042	0	
1229181	8291.66016	3303716197466	0.69906	0.56002	8291.56641	0.09375	10751	1	0.74266	0.51648	1	0.67498	0.63210	1	0.70882	0.57429	1	0.45454	0.55031	13.26921	1.00858	1	0.71787	0.57205	14.74737	1.00858	1	-0.01229	-0.01214	0.67164	0.00364	1	0.05265	-0.01547	0.64070	0.00374	1	1.45898	0.81042	0	
1229182	8291.66699	3303716264791	0.69937	0.56101	8291.56641	0.10059	10751	1	0.73632	0.52370	1	0.67159	0.62820	1	0.70396	0.57595	1	0.45442	0.55071	13.34342	1.00858	1	0.71782	0.57197	14.86396	1.00858	1	-0.01229	-0.01214	0.67164	0.00344	1	0.05265	-0.01547	0.64070	0.00373	1	1.45898	0.81042	0	
1229183	8291.67383	3303716331547	0.69964	0.56189	8291.56641	0.10742	10751	1	0.73632	0.52370	1	0.67159	0.62820	1	0.70396	0.57595	1	0.45426	0.55041	13.49656	1.00858	1	0.71790	0.57215	13.93114	1.00858	1	-0.01229	-0.01214	0.67164	0.00347	1	0.05265	-0.01547	0.64070	0.00375	1	1.45898	0.81042	0	
1229184	8291.68066	3303716398300	0.69973	0.56261	8291.56641	0.11426	10751	1	0.73146	0.50481	1	0.67133	0.64482	1	0.70140	0.57481	1	0.45442	0.55071	13.34342	1.00858	1	0.71781	0.57190	14.48105	1.00858	1	-0.01229	-0.01214	0.67164	0.00344	1	0.05265	-0.01547	0.64070	0.00376	1	1.45898	0.81042	0	
1229185	8291.68750	3303716466404	0.69971	0.56389	8291.56641	0.12109	10751	1	0.73580	0.53943	1	0.66281	0.63454	1	0.69930	0.58699	1	0.45435	0.55095	13.27183	1.00858	1	0.71766	0.57182	14.23785	1.00858	1	-0.01229	-0.01214	0.67164	0.00349	1	0.05265	-0.01547	0.64070	0.00372	1	1.45898	0.81042	0	
1229186	8291.69336	3303716533311	0.69969	0.56505	8291.56641	0.12695	10751	1	0.73580	0.53943	1	0.66281	0.63454	1	0.69930	0.58699	1	0.45433	0.55037	13.42093	1.00858	1	0.71795	0.57233	14.16242	1.00858	1	-0.01229	-0.01214	0.67164	0.00368	1	0.05265	-0.01547	0.64070	0.00375	1	1.45898	0.81042	0	
1229187	8291.70020	3303716600787	0.70004	0.56529	8291.56641	0.13379	10751	1	0.73445	0.46865	1	0.67958	0.67165	1	0.70702	0.57015	1	0.45430	0.55029	13.48499	1.00858	1	0.71796	0.57232	14.29586	1.00858	1	-0.01229	-0.01214	0.67164	0.00366	1	0.05265	-0.01547	0.64070	0.00376	1	1.45898	0.81042	0	
1229188	8291.70703	3303716665030	0.70020	0.56611	8291.56641	0.14062	10751	1	0.73724	0.53591	1	0.66998	0.63066	1	0.70361	0.58328	1	0.45441	0.55062	13.20808	1.00858	1	0.71777	0.57185	14.25860	1.00858	1	-0.01229	-0.01214	0.67164	0.00362	1	0.05265	-0.01547	0.64070	0.00375	1	1.45898	0.81042	0	
1229189	8291.71387	3303716733688	0.70035	0.56685	8291.56641	0.14746	10751	1	0.73724	0.53591	1	0.66998	0.63066	1	0.70361	0.58328	1	0.45441	0.55062	13.20808	1.00858	1	0.71780	0.57182	14.03883	1.00858	1	-0.01229	-0.01214	0.67164	0.00362	1	0.05265	-0.01547	0.64070	0.00377	1	1.45898	0.81042	0	
1229190	8291.72070	3303716800783	0.70017	0.56630	8291.56641	0.15430	10751	1	0.72278	0.47078	1	0.66934	0.63643	1	0.69606	0.55360	1	0.45429	0.55018	13.35949	1.00858	1	0.71784	0.57195	14.40361	1.00858	1	-0.01229	-0.01214	0.67164	0.00368	1	0.05265	-0.01547	0.64070	0.00376	1	1.45898	0.81042	0	
1229191	8291.72754	3303716867615	0.70019	0.56664	8291.56641	0.16113	10751	1	0.73034	0.52246	1	0.67083	0.62711	1	0.70058	0.57479	1	0.45454	0.55031	13.26921	1.00858	1	0.71778	0.57183	14.26141	1.00858	1	-0.01229	-0.01214	0.67164	0.00364	1	0.05265	-0.01547	0.64070	0.00376	1	1.45898	0.81042	0	
1229192	8291.73340	3303716933588	0.70027	0.56679	8291.56641	0.16699	10751	1	0.73034	0.52246	1	0.67413	0.61870	1	0.70223	0.57058	1	0.45445	0.55005	13.47175	1.00858	1	0.71788	0.57188	14.55899	1.02304	1	-0.01229	-0.01204	0.67164	0.00369	1	0.05523	-0.01615	0.67085	0.00369	1	1.45898	0.81042	0	
1229193	8291.74023	3303717002043	0.70074	0.56646	8291.56641	0.17383	10751	1	0.72240	0.48155	1	0.70342	0.63391	1	0.71291	0.55773	1	0.45435	0.55025	13.37903	1.02304	1	0.71828	0.57196	13.90353	1.03751	1	-0.01229	-0.01204	0.67164	0.00362	1	0.05523	-0.01615	0.67085	0.00383	1	1.45898	0.81042	0	
1229194	8291.74707	3303717068616	0.70008	0.56448	8291.56641	0.18066	10751	1	0.71014	0.44751	1	0.65438	0.57487	1	0.68226	0.51119	1	0.45448	0.55055	13.10736	1.03751	1	0.71809	0.57151	14.41299	1.05198	1	-0.01229	-0.01204	0.67164	0.00359	1	0.05523	-0.01615	0.67085	0.00383	1	1.45898	0.81042	0	
1229195	8291.75391	3303717135561	0.69953	0.56232	8291.56641	0.18750	10751	1	0.71088	0.43743	1	0.65732	0.56609	1	0.68410	0.50176	1	0.45508	0.55018	13.32570	1.05198	1	0.71857	0.57114	14.28113	1.06645	1	-0.01236	-0.01226	0.68672	0.00379	1	0.05523	-0.01605	0.67085	0.00401	1	1.45898	0.81042	0	
1229196	8291.76074	3303717202683	0.69949	0.56002	8291.56641	0.19434	10751	1	0.70808	0.44473	1	0.68878	0.54219	1	0.69843	0.49346	1	0.45492	0.54953	14.02944	1.06645	1	0.71862	0.57032	14.36900	1.06645	1	-0.01236	-0.01226	0.68672	0.00358	1	0.05523	-0.01605	0.67085	0.00382	1	1.45898	0.81042	0	
1229197	8291.76758	3303717269372	0.70013	0.55715	8291.56641	0.20117	10751	1	0.75275	0.39552	1	0.68620	0.54656	1	0.71948	0.47104	1	0.45540	0.54875	13.71245	1.06645	1	0.71861	0.57027	14.59965	1.06645	1	-0.01236	-0.01226	0.68672	0.00394	1	0.05523	-0.01605	0.67085	0.00372	1	1.45898	0.81042	0	
1229198	8291.77441	3303717336561	0.70070	0.55463	8291.56641	0.20801	10751	1	0.75208	0.40133	1	0.68436	0.55159	1	0.71822	0.47646	1	0.45541	0.54959	14.31314	1.05843	1	0.71879	0.57037	14.05173	1.05843	1	-0.01193	-0.01183	0.66576	0.00365	1	0.05523	-0.01605	0.67085	0.00373	1	1.45898	0.81042	0	
1229199	8291.78125	3303717404525	0.70129	0.55274	8291.56641	0.21484	10751	1	0.74972	0.43900	1	0.69057	0.54527	1	0.72014	0.49214	1	0.45559	0.54895	13.83006	1.05041	1	0.71873	0.57017	14.26736	1.05041	1	-0.01193	-0.01183	0.66576	0.00379	1	0.05523	-0.01605	0.67085	0.00373	1	1.45898	0.81042	0	
1229200	8291.78711	3303717470722	0.70543	0.52491	8291.56641	0.21484	10751	0	0.77237	0.46680	1	0.68178	0.55906	1	0.72707	0.51293	1	0.45557	0.54946	14.07391	1.04240	1	0.71869	0.57027	14.30097	1.04240	1	-0.01193	-0.01183	0.66576	0.00358	1	0.05523	-0.01605	0.67085	0.00380	1	1.45898	0.81042	0	
1229201	8291.79395	3303717535426	0.71474	0.52381	8291.56641	0.21484	10751	0	0.77153	0.47219	1	0.67659	0.57321	1	0.72406	0.52270	1	0.45554	0.54931	14.29513	1.03438	1	0.71890	0.57065	14.31585	1.01991	1	-0.01193	-0.01183	0.66576	0.00366	1	0.05387	-0.01563	0.65315	0.00386	1	1.45898	0.81042	0	
1229202	8291.80078	3303717602196	0.71044	0.53252	8291.56641	0.21484	10751	0	0.72806	0.46281	1	0.67559	0.63706	1	0.70182	0.54994	1	0.45556	0.54914	14.03514	1.01991	1	0.71875	0.57085	14.31484	1.00544	1	-0.01193	-0.01183	0.66576	0.00372	1	0.05387	-0.01563	0.65315	0.00395	1	1.45898	0.81042	0	
1229203	8291.80762	3303717668217	0.70885	0.53391	8291.78711	0.02051	10752	1	0.73956	0.48095	1	0.66866	0.59524	1	0.70411	0.53809	1	0.45562	0.54934	14.14966	1.00544	1	0.71854	0.57028	13.80400	0.99098	1	-0.01193	-0.01183	0.66576	0.00374	1	0.05387	-0.01563	0.65315	0.00375	1	1.45898	0.81042	0	
1229204	8291.81445	3303717735975	0.70786	0.53517	8291.78711	0.02734	10752	1	0.73905	0.48537	1	0.66874	0.59502	1	0.70389	0.54019	1	0.45576	0.54939	14.13129	0.99899	1	0.71919	0.57015	13.79876	0.99133	1	-0.01209	-0.01199	0.67756	0.00375	1	0.05486	-0.01590	0.66453	0.00368	1	1.45898	0.81042	0	
1229205	8291.82031	3303717800818	0.70826	0.53774	8291.78711	0.03320	10752	1	0.73407	0.47384	1	0.68647	0.62741	1	0.71027	0.55062	1	0.45557	0.54902	13.93227	0.99935	1	0.71918	0.57073	14.36597	1.00616	1	-0.01209	-0.01199	0.67756	0.00371	1	0.05486	-0.01590	0.66453	0.00393	1	1.45898	0.81042	0	
1229206	8291.82715	3303717868548	0.70920	0.54137	8291.78711	0.04004	10752	1	0.74732	0.49767	1	0.68229	0.62855	1	0.71480	0.56311	1	0.45564	0.54938	14.24869	1.01418	1	0.71915	0.57094	14.75491	1.02098	1	-0.01209	-0.01199	0.67756	0.00372	1	0.05486	-0.01590	0.66453	0.00394	1	1.45898	0.81042	0	
1229207	8291.83398	3303717936892	0.71015	0.54328	8291.78711	0.04688	10752	1	0.74790	0.49316	1	0.68571	0.62025	1	0.71680	0.55671	1	0.45594	0.54811	13.34988	1.02098	1	0.71913	0.57075	14.86148	1.03545	1	-0.01140	-0.01130	0.64136	0.00395	1	0.05540	-0.01604	0.67043	0.00395	1	1.45898	0.81042	0	
1229208	8291.84082	3303718004150	0.70968	0.53893	8291.78711	0.05371	10752	1	0.73491	0.37777	1	0.67694	0.63040	1	0.70593	0.50408	1	0.45591	0.54843	13.33690	1.02744	1	0.71944	0.57090	14.39175	1.03509	1	-0.01140	-0.01130	0.64136	0.00398	1	0.05540	-0.01604	0.67043	0.00388	1	1.45898	0.81042	0	
1229209	8291.84766	3303718071778	0.71061	0.53652	8291.78711	0.06055	10752	1	0.75927	0.45016	1	0.67863	0.57944	1	0.71895	0.51480	1	0.45600	0.54891	12.99841	1.02708	1	0.71936	0.57052	14.36301	1.03474	1	-0.01140	-0.01130	0.64136	0.00392	1	0.05540	-0.01604	0.67043	0.00379	1	1.45898	0.81042	0	
1229210	8291.85449	3303718140335	0.71125	0.53499	8291.78711	0.06738	10752	1	0.75856	0.45539	1	0.67691	0.58403	1	0.71774	0.51971	1	0.45599	0.54866	12.92866	1.01959	1	0.71957	0.57035	13.58403	1.02725	1	-0.01120	-0.01111	0.63294	0.00379	1	0.05540	-0.01604	0.67043	0.00386	1	1.45898	0.81042	0	
1229211	8291.86133	3303718206648	0.70976	0.53184	8291.78711	0.07422	10752	1	0.70990	0.39907	1	0.67681	0.59535	1	0.69336	0.49721	1	0.45586	0.54878	12.81853	1.02013	1	0.71947	0.57067	14.24664	1.02013	1	-0.01120	-0.01111	0.63294	0.00377	1	0.05540	-0.01604	0.67043	0.00378	1	1.45898	0.81042	0	
1229212	8291.86816	3303718273283	0.70997	0.53140	8291.78711	0.08105	10752	1	0.73434	0.44450	1	0.69051	0.60780	1	0.71243	0.52615	1	0.45596	0.54885	13.05045	1.01300	1	0.71961	0.57062	13.93940	1.01300	1	-0.01120	-0.01111	0.63294	0.00370	1	0.05540	-0.01604	0.67043	0.00390	1	1.45898	0.81042	0	
1229213	8291.87500	3303718341285	0.71002	0.53134	8291.78711	0.08789	10752	1	0.73434	0.44450	1	0.68695	0.61646	1	0.71065	0.53048	1	0.45611	0.54880	13.52906	1.01300	1	0.71936	0.57018	13.56076	0.99853	1	-0.01162	-0.01158	0.65959	0.00376	1	0.05315	-0.01536	0.64214	0.00385	1	1.45898	0.81042	0	
1229214	8291.88086	3303718408130	0.70947	0.53107	8291.78711	0.09375	10752	1	0.74574	0.46716	1	0.65788	0.58750	1	0.70181	0.52733	1	0.45608	0.54898	13.54518	1.00566	1	0.71931	0.57028	13.39578	0.99119	1	-0.01162	-0.01158	0.65959	0.00370	1	0.05315	-0.01536	0.64214	0.00395	1	1.45898	0.81042	0	
1229215	8291.88770	3303718475234	0.70898	0.52977	8291.78711	0.10059	10752	1	0.72721	0.43081	1	0.67608	0.58985	1	0.70164	0.51033	1	0.45586	0.54880	13.02681	0.99832	1	0.71953	0.57031	13.64534	0.98385	1	-0.01162	-0.01158	0.65959	0.00382	1	0.05315	-0.01536	0.64214	0.00408	1	1.45898	0.81042	0	
1229216	8291.89453	3303718542216	0.70848	0.52893	8291.78711	0.10742	10752	1	0.72671	0.43624	1	0.67432	0.59451	1	0.70052	0.51538	1	0.45613	0.54888	13.41143	0.99098	1	0.71917	0.57054	14.13358	0.97651	1	-0.01162	-0.01158	0.65959	0.00399	1	0.05315	-0.01536	0.64214	0.00390	1	1.45898	0.81042	0	
1229217	8291.90137	3303718609162	0.70923	0.52888	8291.78711	0.11426	10752	1	0.75158	0.49786	1	0.69228	0.55848	1	0.72193	0.52817	1	0.45657	0.54903	13.71795	0.97651	1	0.71981	0.57032	14.03244	0.97651	1	-0.01162	-0.01158	0.65959	0.00381	1	0.05315	-0.01536	0.64214	0.00386	1	1.45898	0.81042	0	
1229218	8291.90820	3303718676098	0.70895	0.53019	8291.78711	0.12109	10752	1	0.74129	0.49057	1	0.66674	0.61693	1	0.70402	0.55375	1	0.45655	0.54929	13.77929	0.97651	1	0.71975	0.57058	14.04517	0.97651	1	-0.01162	-0.01158	0.65959	0.00375	1	0.05315	-0.01536	0.64214	0.00384	1	1.45898	0.81042	0	
1229219	8291.91504	3303718743169	0.70885	0.53089	8291.78711	0.12793	10752	1	0.74196	0.48500	1	0.67195	0.60320	1	0.70695	0.54410	1	0.45671	0.54927	13.55992	0.98453	1	0.72011	0.57086	13.65867	0.99899	1	-0.01175	-0.01175	0.66958	0.00381	1	0.05649	-0.01630	0.68123	0.00387	1	1.45898	0.81042	0	
1229220	8291.92188	3303718809297	0.70852	0.53268	8291.78711	0.13477	10752	1	0.74491	0.50503	1	0.65860	0.63197	1	0.70175	0.56850	1	0.45679	0.54915	13.27980	1.00701	1	0.71987	0.57096	13.50598	1.02148	1	-0.01175	-0.01175	0.66958	0.00387	1	0.05649	-0.01630	0.68123	0.00393	1	1.45898	0.81042	0	
1229221	8291.92871	3303718877597	0.70897	0.53265	8291.78711	0.14160	10752	1	0.76021	0.46955	1	0.67676	0.59436	1	0.71849	0.53195	1	0.45673	0.54892	13.43667	1.02950	1	0.72004	0.57068	13.32384	1.04396	1	-0.01175	-0.01175	0.66958	0.00373	1	0.05649	-0.01630	0.68123	0.00405	1	1.45898	0.81042	0	
1229222	8291.93457	3303718943641	0.70954	0.53199	8291.78711	0.14746	10752	1	0.76235	0.45429	1	0.68183	0.58100	1	0.72209	0.51765	1	0.45661	0.54890	13.78468	1.05198	1	0.72025	0.57040	13.51304	1.06645	1	-0.01175	-0.01175	0.66958	0.00361	1	0.05649	-0.01630	0.68123	0.00422	1	1.45898	0.81042	0	
1229223	8291.94141	3303719011231	0.71021	0.53127	8291.78711	0.15430	10752	1	0.75584	0.44235	1	0.69527	0.58677	1	0.72555	0.51456	1	0.45661	0.54891	13.77742	1.06645	1	0.72029	0.57072	13.69521	1.06645	1	-0.01175	-0.01175	0.66958	0.00361	1	0.05649	-0.01630	0.68123	0.00426	1	1.45898	0.81042	0	
1229224	8291.94824	3303719077593	0.71051	0.52909	8291.78711	0.16113	10752	1	0.75836	0.39782	1	0.67726	0.55597	1	0.71781	0.47689	1	0.45668	0.54852	13.59480	1.06645	1	0.72003	0.57097	13.11805	1.06645	1	-0.01175	-0.01175	0.66958	0.00383	1	0.05649	-0.01630	0.68123	0.00416	1	1.45898	0.81042	0	
1229225	8291.95508	3303719144827	0.71079	0.52709	8291.78711	0.16797	10752	1	0.75836	0.39782	1	0.67726	0.55597	1	0.71781	0.47689	1	0.45669	0.54892	13.49362	1.06645	1	0.72015	0.57076	13.67465	1.06645	1	-0.01175	-0.01170	0.66958	0.00365	1	0.05649	-0.01630	0.68123	0.00395	1	1.45898	0.81042	0	
1229226	8291.96094	3303719208166	0.71119	0.52687	8291.78711	0.17383	10752	1	0.76792	0.43441	1	0.67506	0.60823	1	0.72149	0.52132	1	0.45669	0.54871	13.54186	1.06645	1	0.72003	0.57089	13.81384	1.06645	1	-0.01175	-0.01170	0.66958	0.00354	1	0.05649	-0.01630	0.68123	0.00401	1	1.45898	0.81042	0	
1229227	8291.96875	3303719277954	0.71175	0.52683	8291.78711	0.18164	10752	1	0.76226	0.44243	1	0.69158	0.60901	1	0.72692	0.52572	1	0.45667	0.54868	13.48309	1.06645	1	0.72024	0.57138	14.46559	1.06645	1	-0.01175	-0.01170	0.66958	0.00354	1	0.05649	-0.01630	0.68123	0.00396	1	1.45898	0.81042	0	
1229228	8291.97559	3303719346164	0.71223	0.52696	8291.78711	0.18848	10752	1	0.76151	0.44789	1	0.68969	0.61357	1	0.72560	0.53073	1	0.45676	0.54847	13.49052	1.05843	1	0.72026	0.57070	13.93593	1.05843	1	-0.01147	-0.01153	0.65676	0.00367	1	0.05649	-0.01630	0.68123	0.00379	1	1.45898	0.81042	0	
1229229	8291.98145	3303719413387	0.71201	0.52482	8291.78711	0.19434	10752	1	0.73122	0.42426	1	0.68010	0.50078	1	0.70566	0.46252	1	0.45660	0.54809	13.24634	1.05041	1	0.72014	0.56991	13.14011	1.05041	1	-0.01147	-0.01153	0.65676	0.00355	1	0.05649	-0.01630	0.68123	0.00384	1	1.45898	0.81042	0	
1229230	8291.98828	3303719479969	0.71184	0.52417	8291.78711	0.20117	10752	1	0.72007	0.46458	1	0.69333	0.54479	1	0.70670	0.50468	1	0.45665	0.54833	13.27051	1.04240	1	0.72034	0.57012	13.38313	1.04240	1	-0.01147	-0.01153	0.65676	0.00365	1	0.05649	-0.01630	0.68123	0.00381	1	1.45898	0.81042	0	
1229231	8291.99512	3303719544077	0.71168	0.52356	8291.78711	0.20801	10752	1	0.72007	0.46458	1	0.69333	0.54479	1	0.70670	0.50468	1	0.45656	0.54793	13.12502	1.04240	1	0.72116	0.56762	12.20773	1.04240	1	-0.01190	-0.01180	0.68403	0.00361	1	0.05620	-0.01616	0.67764	0.00270	1	1.45898	0.81042	0	
1229232	8292.00195	3303719611614	0.71172	0.52234	8291.78711	0.21484	10752	1	0.73274	0.44360	1	0.69367	0.52291	1	0.71321	0.48325	1	0.45680	0.54815	13.31470	1.05041	1	0.72021	0.57004	13.09709	1.05041	1	-0.01190	-0.01180	0.68403	0.00370	1	0.05620	-0.01616	0.67764	0.00373	1	1.45898	0.81042	0	
1229233	8292.00781	3303719677721	0.71157	0.52081	8291.78711	0.22070	10752	1	0.72901	0.43379	1	0.68426	0.50730	1	0.70664	0.47055	1	0.45672	0.54805	13.03756	1.05843	1	0.72013	0.56983	13.14509	1.05843	1	-0.01190	-0.01180	0.68403	0.00372	1	0.05620	-0.01616	0.67764	0.00372	1	1.45898	0.81042	0	
1229234	8292.01465	3303719745160	0.71147	0.51922	8291.78711	0.22754	10752	1	0.72954	0.42822	1	0.68609	0.50193	1	0.70781	0.46507	1	0.45648	0.54794	12.48211	1.06645	1	0.72030	0.56994	13.76155	1.06645	1	-0.01196	-0.01191	0.68750	0.00373	1	0.05649	-0.01630	0.68123	0.00373	1	1.45898	0.81042	0	
1229235	8292.02148	3303719814672	0.71327	0.48839	8291.78711	0.22754	10752	0	0.71483	0.40771	1	0.69090	0.46891	1	0.70286	0.43831	1	0.45651	0.54810	12.69315	1.06645	1	0.72025	0.56960	13.44432	1.06645	1	-0.01196	-0.01191	0.68750	0.00367	1	0.05649	-0.01630	0.68123	0.00382	1	1.45898	0.81042	0	
1229236	8292.02832	3303719882169	0.70860	0.47971	8291.78711	0.22754	10752	0	0.70857	0.41781	1	0.69931	0.52425	1	0.70394	0.47103	1	0.45639	0.54810	12.55793	1.06645	1	0.72035	0.57009	13.50214	1.06645	1	-0.01196	-0.01191	0.68750	0.00367	1	0.05649	-0.01630	0.68123	0.00373	1	1.45898	0.81042	0	
1229237	8292.03516	3303719949438	0.70705	0.47682	8291.78711	0.22754	10752	0	0.70857	0.41781	1	0.69931	0.52425	1	0.70394	0.47103	1	0.45646	0.54810	12.71595	1.06645	1	0.72037	0.57016	13.41826	1.06645	1	-0.01190	-0.01190	0.68403	0.00364	1	0.05649	-0.01630	0.68123	0.00371	1	1.45898	0.81042	0	
1229238	8292.04199	3303720014515	0.70674	0.47344	8292.02148	0.02051	10753	1	0.72880	0.42191	1	0.68281	0.50474	1	0.70580	0.46332	1	0.45664	0.54813	12.98468	1.06645	1	0.72003	0.56996	12.61916	1.06645	1	-0.01190	-0.01190	0.68403	0.00361	1	0.05649	-0.01630	0.68123	0.00376	1	1.45898	0.81042	0	
1229239	8292.04883	3303720082632	0.70652	0.47611	8292.02148	0.02734	10753	1	0.71590	0.42629	1	0.69538	0.54727	1	0.70564	0.48678	1	0.45646	0.54810	12.71595	1.06645	1	0.72031	0.57022	13.43527	1.06645	1	-0.01190	-0.01190	0.68403	0.00364	1	0.05649	-0.01630	0.68123	0.00372	1	1.45898	0.81042	0	
1229240	8292.05566	3303720150136	0.70618	0.47877	8292.02148	0.03418	10753	1	0.71547	0.43188	1	0.69348	0.55230	1	0.70447	0.49209	1	0.45636	0.54803	12.73186	1.05843	1	0.72003	0.57009	12.76424	1.05843	1	-0.01147	-0.01143	0.65676	0.00365	1	0.05649	-0.01630	0.68123	0.00376	1	1.45898	0.81042	0	
1229241	8292.06250	3303720217309	0.70437	0.47753	8292.02148	0.04102	10753	1	0.70400	0.40854	1	0.68307	0.53164	1	0.69354	0.47009	1	0.45635	0.54779	12.59805	1.05041	1	0.72021	0.57009	13.32510	1.05041	1	-0.01147	-0.01143	0.65676	0.00365	1	0.05649	-0.01630	0.68123	0.00382	1	1.45898	0.81042	0	
1229242	8292.06934	3303720283971	0.70364	0.47940	8292.02148	0.04785	10753	1	0.70956	0.44154	1	0.68742	0.54343	1	0.69849	0.49248	1	0.45638	0.54800	12.75042	1.04240	1	0.72024	0.57009	13.06668	1.04240	1	-0.01147	-0.01143	0.65676	0.00369	1	0.05649	-0.01630	0.68123	0.00372	1	1.45898	0.81042	0	
1229243	8292.07520	3303720350332	0.70294	0.48145	8292.02148	0.05371	10753	1	0.70916	0.44714	1	0.68553	0.54860	1	0.69734	0.49787	1	0.45656	0.54809	12.98075	1.03438	1	0.72038	0.56967	12.93826	1.03438	1	-0.01147	-0.01143	0.65676	0.00370	1	0.05649	-0.01630	0.68123	0.00380	1	1.45898	0.81042	0	
1229244	8292.08203	3303720418193	0.70488	0.47994	8292.02148	0.06055	10753	1	0.74791	0.41790	1	0.69689	0.51477	1	0.72240	0.46634	1	0.45658	0.54827	13.19450	1.03438	1	0.72047	0.56983	12.82374	1.03438	1	-0.01147	-0.01143	0.65676	0.00364	1	0.05649	-0.01630	0.68123	0.00399	1	1.45898	0.81042	0	
1229245	8292.08887	3303720484410	0.70649	0.47819	8292.02148	0.06738	10753	1	0.74750	0.42090	1	0.69764	0.50046	1	0.72257	0.46068	1	0.45660	0.54822	12.99131	1.03438	1	0.72039	0.56953	12.97906	1.03438	1	-0.01147	-0.01143	0.65676	0.00366	1	0.05649	-0.01630	0.68123	0.00391	1	1.45898	0.81042	0	
1229246	8292.09570	3303720551764	0.70783	0.47673	8292.02148	0.07422	10753	1	0.74750	0.42090	1	0.69764	0.50046	1	0.72257	0.46068	1	0.45668	0.54843	13.28887	1.03438	1	0.72019	0.57017	13.20764	1.03438	1	-0.01156	-0.01156	0.66165	0.00363	1	0.05649	-0.01630	0.68123	0.00386	1	1.45898	0.81042	0	
1229247	8292.10254	3303720617407	0.70851	0.47829	8292.02148	0.08105	10753	1	0.75045	0.44190	1	0.68299	0.55220	1	0.71672	0.49705	1	0.45669	0.54827	13.17648	1.03438	1	0.72019	0.57024	12.80046	1.03438	1	-0.01156	-0.01156	0.66165	0.00371	1	0.05649	-0.01630	0.68123	0.00387	1	1.45898	0.81042	0	
1229248	8292.10938	3303720685400	0.70874	0.47927	8292.02148	0.08789	10753	1	0.75572	0.41827	1	0.66775	0.56554	1	0.71174	0.49191	1	0.45673	0.54831	13.20292	1.03438	1	0.71996	0.57020	13.03274	1.03438	1	-0.01156	-0.01156	0.66165	0.00374	1	0.05649	-0.01630	0.68123	0.00382	1	1.45898	0.81042	0	
1229249	8292.11523	3303720752094	0.70894	0.48011	8292.02148	0.09375	10753	1	0.75572	0.41827	1	0.66775	0.56554	1	0.71174	0.49191	1	0.45657	0.54785	12.75057	1.03438	1	0.72006	0.57033	12.55912	1.03438	1	-0.01147	-0.01153	0.65676	0.00369	1	0.05649	-0.01630	0.68123	0.00387	1	1.45898	0.81042	0	
1229250	8292.12207	3303720819646	0.70878	0.48124	8292.02148	0.10059	10753	1	0.72814	0.43382	1	0.68455	0.56254	1	0.70635	0.49818	1	0.45659	0.54847	13.05425	1.03438	1	0.72022	0.57029	13.34935	1.03438	1	-0.01147	-0.01153	0.65676	0.00368	1	0.05649	-0.01630	0.68123	0.00391	1	1.45898	0.81042	0	
1229251	8292.12891	3303720887135	0.70977	0.48394	8292.02148	0.10742	10753	1	0.76760	0.50667	1	0.68360	0.54774	1	0.72560	0.52721	1	0.45667	0.54856	13.31591	1.03438	1	0.72028	0.57056	13.14374	1.03438	1	-0.01147	-0.01153	0.65676	0.00358	1	0.05649	-0.01630	0.68123	0.00395	1	1.45898	0.81042	0	AUDIO_FILE_OFFSET
1229252	8292.13574	3303720953471	0.71065	0.48635	8292.02148	0.11426	10753	1	0.76760	0.50667	1	0.68360	0.54774	1	0.72560	0.52721	1	0.45667	0.54861	13.30548	1.03438	1	0.72033	0.57071	13.24460	1.03438	1	-0.01147	-0.01153	0.65676	0.00358	1	0.05649	-0.01630	0.68123	0.00393	1	1.45898	0.81042	0	
1229253	8292.14258	3303721020645	0.71066	0.48796	8292.02148	0.12109	10753	1	0.74332	0.42170	1	0.67827	0.61218	1	0.71079	0.51694	1	0.45657	0.54837	13.10436	1.03438	1	0.72015	0.57075	12.64492	1.03438	1	-0.01147	-0.01153	0.65676	0.00357	1	0.05649	-0.01630	0.68123	0.00404	1	1.45898	0.81042	0	
1229254	8292.14941	3303721087919	0.71110	0.48997	8292.02148	0.12793	10753	1	0.75504	0.44580	1	0.68398	0.61050	1	0.71951	0.52815	1	0.45672	0.54856	13.35797	1.03438	1	0.72021	0.57086	13.53033	1.03438	1	-0.01147	-0.01153	0.65676	0.00361	1	0.05649	-0.01630	0.68123	0.00394	1	1.45898	0.81042	0	
1229255	8292.15625	3303721154581	0.71156	0.49154	8292.02148	0.13477	10753	1	0.75575	0.44020	1	0.68586	0.60581	1	0.72081	0.52301	1	0.45676	0.54881	13.36598	1.04240	1	0.72034	0.57026	12.93191	1.04240	1	-0.01175	-0.01175	0.66958	0.00371	1	0.05649	-0.01630	0.68123	0.00430	1	1.45898	0.81042	0	
1229256	8292.16211	3303721218878	0.71226	0.49092	8292.02148	0.14062	10753	1	0.75826	0.46953	1	0.69561	0.48649	1	0.72694	0.47801	1	0.45675	0.54887	13.22194	1.05041	1	0.72034	0.57005	12.75889	1.05041	1	-0.01175	-0.01175	0.66958	0.00378	1	0.05649	-0.01630	0.68123	0.00424	1	1.45898	0.81042	0	
1229558	8294.18555	3303741452413	0.43076	0.45928	8293.74316	0.44238	10761	1	0.44372	0.49391	1	0.40629	0.40789	1	0.42501	0.45090	1	0.44638	0.54987	13.43996	1.06645	1	0.71105	0.56999	13.36646	1.05198	1	-0.01322	-0.01210	0.67808	0.00367	1	0.05150	-0.01530	0.63364	0.00378	1	1.45898	0.81042	0	STOP_TRIAL
1229559	8294.19141	3303741513012	0.43091	0.45888	8293.74316	0.44824	10761	1	0.44070	0.46684	1	0.40556	0.40829	1	0.42313	0.43756	1	0.44641	0.54958	13.28049	1.05198	1	0.71097	0.57014	13.32460	1.03751	1	-0.01322	-0.01210	0.67808	0.00362	1	0.05150	-0.01530	0.63364	0.00381	1	1.45898	0.81042	0	START_TRIAL
1229560	8294.19824	3303741579358	0.43096	0.45968	8293.74316	0.45508	10761	1	0.44120	0.49658	1	0.41127	0.46364	1	0.42624	0.48011	1	0.44633	0.54979	13.33410	1.03751	1	0.71100	0.57019	13.46852	1.02304	1	-0.01322	-0.01210	0.67808	0.00385	1	0.05150	-0.01530	0.63364	0.00379	1	1.45898	0.81042	0	
1229561	8294.20605	3303741652758	0.43104	0.46075	8293.74316	0.46289	10761	1	0.44525	0.51146	1	0.41161	0.47488	1	0.42843	0.49317	1	0.44671	0.54974	13.14237	1.01503	1	0.71124	0.57039	13.77739	1.00737	1	-0.01281	-0.01178	0.65981	0.00355	1	0.05359	-0.01591	0.65873	0.00373	1	1.45898	0.81042	0	
1229562	8294.21191	3303741718110	0.43120	0.46187	8293.74316	0.46875	10761	1	0.44689	0.55710	1	0.41499	0.46683	1	0.43094	0.51196	1	0.44641	0.55018	13.22910	0.99935	1	0.71109	0.57013	13.40099	1.00616	1	-0.01281	-0.01178	0.65981	0.00385	1	0.05359	-0.01591	0.65873	0.00379	1	1.45898	0.81042	0	
1229563	8294.21875	3303741785747	0.43101	0.46272	8293.74316	0.47559	10761	1	0.43316	0.54427	1	0.41994	0.46371	1	0.42655	0.50399	1	0.44663	0.55004	12.93016	0.99814	1	0.71111	0.57024	13.53648	1.00495	1	-0.01281	-0.01178	0.65981	0.00384	1	0.05359	-0.01591	0.65873	0.00373	1	1.45898	0.81042	0	
1229564	8294.22559	3303741851963	0.43079	0.46346	8293.74316	0.48242	10761	1	0.43183	0.53991	1	0.41994	0.46371	1	0.42589	0.50181	1	0.44669	0.54977	12.93987	1.00495	1	0.71091	0.57007	13.26085	1.00495	1	-0.01322	-0.01210	0.67808	0.00358	1	0.05150	-0.01530	0.63364	0.00382	1	1.45898	0.81042	0	
1229565	8294.23242	3303741915451	0.43091	0.46417	8293.74316	0.48926	10761	1	0.45507	0.56164	1	0.43178	0.45491	1	0.44343	0.50827	1	0.44664	0.54979	13.76562	1.01297	1	0.71129	0.56994	13.19211	1.00616	1	-0.01322	-0.01210	0.67808	0.00352	1	0.05150	-0.01530	0.63364	0.00373	1	1.45898	0.81042	0	
1229566	8294.23926	3303741983509	0.43107	0.46487	8293.74316	0.49609	10761	1	0.45375	0.50492	1	0.42050	0.43992	1	0.43712	0.47242	1	0.44661	0.54953	12.85699	1.01418	1	0.71116	0.57001	13.16099	1.00737	1	-0.01322	-0.01210	0.67808	0.00374	1	0.05150	-0.01530	0.63364	0.00384	1	1.45898	0.81042	0	
1229567	8294.24512	3303742049070	0.43125	0.46568	8293.74316	0.50195	10761	1	0.45493	0.50947	1	0.42050	0.43992	1	0.43771	0.47469	1	0.44686	0.54953	13.46850	1.00737	1	0.71102	0.57021	13.49530	1.00737	1	-0.01281	-0.01178	0.65981	0.00360	1	0.05359	-0.01591	0.65873	0.00378	1	1.45898	0.81042	0	
1229568	8294.25195	3303742117511	0.43191	0.46654	8293.74316	0.50879	10761	1	0.46434	0.52687	1	0.42232	0.47580	1	0.44333	0.50133	1	0.44659	0.55005	12.89542	0.99935	1	0.71112	0.57015	13.38145	1.00616	1	-0.01281	-0.01178	0.65981	0.00374	1	0.05359	-0.01591	0.65873	0.00383	1	1.45898	0.81042	0	
1229569	8294.25879	3303742187051	0.43224	0.46778	8293.74316	0.51562	10761	1	0.45109	0.52324	1	0.41928	0.48911	1	0.43519	0.50618	1	0.44660	0.54980	12.90681	0.99814	1	0.71110	0.57029	13.48653	1.00495	1	-0.01281	-0.01178	0.65981	0.00379	1	0.05359	-0.01591	0.65873	0.00377	1	1.45898	0.81042	0	
1229570	8294.26562	3303742253844	0.43256	0.46903	8293.74316	0.52246	10761	1	0.45131	0.52404	1	0.41930	0.48997	1	0.43530	0.50700	1	0.44649	0.54966	13.65040	0.99693	1	0.71115	0.57024	13.32128	1.00374	1	-0.01281	-0.01178	0.65981	0.00345	1	0.05359	-0.01591	0.65873	0.00376	1	1.45898	0.81042	0	
1229571	8294.27246	3303742320014	0.43334	0.49544	8293.74316	0.52246	10761	0	0.44991	0.50004	1	0.40996	0.46852	1	0.42993	0.48428	1	0.44662	0.54944	13.85403	1.00374	1	0.71092	0.57008	12.99624	1.00374	1	-0.01281	-0.01178	0.65981	0.00348	1	0.05359	-0.01591	0.65873	0.00380	1	1.45898	0.81042	0	
1229572	8294.27930	3303742387551	0.43812	0.49248	8293.74316	0.52246	10761	0	0.47443	0.50345	1	0.41138	0.47559	1	0.44291	0.48952	1	0.44669	0.54969	13.89207	1.00374	1	0.71103	0.57023	13.25752	1.00374	1	-0.01281	-0.01178	0.65981	0.00340	1	0.05359	-0.01591	0.65873	0.00377	1	1.45898	0.81042	0	
1229573	8294.28613	3303742454372	0.43972	0.49149	8293.74316	0.52246	10761	0	0.47443	0.50345	1	0.41138	0.47559	1	0.44291	0.48952	1	0.44671	0.54963	13.15824	1.00374	1	0.71109	0.57013	13.40099	1.00374	1	-0.01281	-0.01178	0.65981	0.00346	1	0.05315	-0.01581	0.65449	0.00379	1	1.45898	0.81042	0	
1229574	8294.29297	3303742521640	0.43549	0.49192	8294.27246	0.02051	10762	1	0.44087	0.52785	1	0.40478	0.45858	1	0.42282	0.49321	1	0.44643	0.54999	13.48566	1.00374	1	0.71089	0.56995	13.20565	1.00374	1	-0.01281	-0.01178	0.65981	0.00359	1	0.05315	-0.01581	0.65449	0.00382	1	1.45898	0.81042	0	
1229575	8294.29980	3303742589009	0.43380	0.48506	8294.27246	0.02734	10762	1	0.44358	0.49593	1	0.41051	0.41933	1	0.42705	0.45763	1	0.44639	0.54953	13.28871	1.00374	1	0.71097	0.56956	13.13527	1.00374	1	-0.01281	-0.01178	0.65981	0.00374	1	0.05315	-0.01581	0.65449	0.00390	1	1.45898	0.81042	0	
1229576	8294.30566	3303742655496	0.43253	0.47902	8294.27246	0.03320	10762	1	0.44212	0.49044	1	0.41015	0.40719	1	0.42613	0.44881	1	0.44636	0.54973	13.30640	1.01176	1	0.71059	0.56975	13.82669	1.01942	1	-0.01322	-0.01210	0.67808	0.00387	1	0.05543	-0.01650	0.68318	0.00381	1	1.45898	0.81042	0	
1229577	8294.31250	3303742721316	0.43154	0.47647	8294.27246	0.04004	10762	1	0.45704	0.48014	1	0.39423	0.44216	1	0.42564	0.46115	1	0.44630	0.54961	13.19736	1.02744	1	0.71062	0.57019	13.77688	1.03509	1	-0.01322	-0.01210	0.67808	0.00398	1	0.05543	-0.01650	0.68318	0.00367	1	1.45898	0.81042	0	
1229578	8294.31934	3303742788067	0.43119	0.47657	8294.27246	0.04688	10762	1	0.46013	0.51042	1	0.39741	0.44417	1	0.42877	0.47729	1	0.44636	0.55012	13.35689	1.04311	1	0.71076	0.57027	13.63103	1.05077	1	-0.01322	-0.01210	0.67808	0.00380	1	0.05543	-0.01650	0.68318	0.00374	1	1.45898	0.81042	0	
1229579	8294.32617	3303742856280	0.43086	0.47638	8294.27246	0.05371	10762	1	0.45888	0.50548	1	0.39741	0.44417	1	0.42815	0.47483	1	0.44642	0.54994	13.41149	1.05077	1	0.71082	0.57011	13.69389	1.05077	1	-0.01291	-0.01178	0.65969	0.00379	1	0.05315	-0.01581	0.65449	0.00372	1	1.45898	0.81042	0	
1229580	8294.33301	3303742924202	0.43182	0.47143	8294.27246	0.06055	10762	1	0.45957	0.46590	1	0.42151	0.38789	1	0.44054	0.42689	1	0.44643	0.54953	13.33142	1.04275	1	0.71073	0.56949	13.63552	1.03509	1	-0.01291	-0.01178	0.65969	0.00395	1	0.05315	-0.01581	0.65449	0.00395	1	1.45898	0.81042	0	
1229581	8294.33984	3303742990856	0.43306	0.47094	8294.27246	0.06738	10762	1	0.46516	0.48422	1	0.42573	0.44780	1	0.44544	0.46601	1	0.44641	0.54953	13.30924	1.02708	1	0.71078	0.56995	13.63541	1.01942	1	-0.01291	-0.01178	0.65969	0.00395	1	0.05315	-0.01581	0.65449	0.00380	1	1.45898	0.81042	0	
1229582	8294.34668	3303743057282	0.43415	0.47074	8294.27246	0.07422	10762	1	0.46639	0.48942	1	0.42573	0.44780	1	0.44606	0.46861	1	0.44621	0.55020	13.48946	1.01942	1	0.71058	0.56974	13.34945	1.01942	1	-0.01337	-0.01214	0.68038	0.00385	1	0.05543	-0.01650	0.68318	0.00382	1	1.45898	0.81042	0	
1229583	8294.35254	3303743124994	0.43452	0.46958	8294.27246	0.08008	10762	1	0.46275	0.47052	1	0.41530	0.44081	1	0.43903	0.45567	1	0.44623	0.55005	13.52661	1.02744	1	0.71061	0.57009	13.43216	1.03509	1	-0.01337	-0.01214	0.68038	0.00389	1	0.05543	-0.01650	0.68318	0.00363	1	1.45898	0.81042	0	
1229584	8294.35938	3303743191473	0.43461	0.47100	8294.27246	0.08691	10762	1	0.45553	0.54093	1	0.41606	0.43804	1	0.43579	0.48948	1	0.44620	0.55031	13.51772	1.04311	1	0.71061	0.57012	13.46998	1.05077	1	-0.01337	-0.01214	0.68038	0.00384	1	0.05543	-0.01650	0.68318	0.00363	1	1.45898	0.81042	0	
1229585	8294.36621	3303743258285	0.43465	0.47208	8294.27246	0.09375	10762	1	0.45426	0.53622	1	0.41606	0.43804	1	0.43516	0.48713	1	0.44642	0.54986	13.09723	1.05077	1	0.71058	0.56993	13.32434	1.05077	1	-0.01303	-0.01179	0.66066	0.00391	1	0.05351	-0.01594	0.66018	0.00380	1	1.45898	0.81042	0	
1229586	8294.37305	3303743325606	0.43479	0.47070	8294.27246	0.10059	10762	1	0.45043	0.45224	1	0.42346	0.44780	1	0.43695	0.45002	1	0.44637	0.54976	12.83230	1.04275	1	0.71040	0.57008	13.51744	1.03509	1	-0.01303	-0.01179	0.66066	0.00376	1	0.05351	-0.01594	0.66018	0.00375	1	1.45898	0.81042	0	
1229587	8294.37988	3303743392760	0.43561	0.47034	8294.27246	0.10742	10762	1	0.47371	0.46935	1	0.42360	0.45976	1	0.44866	0.46456	1	0.44627	0.54975	12.59849	1.02708	1	0.71045	0.57016	13.40246	1.01942	1	-0.01303	-0.01179	0.66066	0.00378	1	0.05351	-0.01594	0.66018	0.00380	1	1.45898	0.81042	0	
1229588	8294.38672	3303743460045	0.43637	0.47046	8294.27246	0.11426	10762	1	0.47488	0.47466	1	0.42375	0.47024	1	0.44932	0.47245	1	0.44611	0.54972	12.33130	1.01942	1	0.71033	0.57028	13.25431	1.00495	1	-0.01359	-0.01225	0.68655	0.00382	1	0.05210	-0.01554	0.64345	0.00379	1	1.45898	0.81042	0	
1229589	8294.39355	3303743526613	0.43633	0.47139	8294.27246	0.12109	10762	1	0.45929	0.50450	1	0.41191	0.47188	1	0.43560	0.48819	1	0.44586	0.54999	13.26950	1.01297	1	0.71016	0.57030	13.30182	1.00616	1	-0.01359	-0.01225	0.68655	0.00355	1	0.05210	-0.01554	0.64345	0.00380	1	1.45898	0.81042	0	
1229590	8294.39941	3303743591495	0.43588	0.47130	8294.27246	0.12695	10762	1	0.45398	0.45387	1	0.40090	0.48518	1	0.42744	0.46953	1	0.44590	0.54955	12.98296	1.01418	1	0.71007	0.57037	13.36086	1.00737	1	-0.01359	-0.01225	0.68655	0.00372	1	0.05210	-0.01554	0.64345	0.00362	1	1.45898	0.81042	0	
1229591	8294.40625	3303743660563	0.43546	0.47093	8294.27246	0.13379	10762	1	0.45377	0.45301	1	0.40039	0.47411	1	0.42708	0.46356	1	0.44585	0.54977	13.13701	1.01538	1	0.70989	0.57022	13.47652	1.02304	1	-0.01359	-0.01231	0.68655	0.00378	1	0.05359	-0.01606	0.66302	0.00357	1	1.45898	0.81042	0	
1229592	8294.41309	3303743727040	0.43533	0.47068	8294.27246	0.14062	10762	1	0.46932	0.47481	1	0.39545	0.45617	1	0.43239	0.46549	1	0.44564	0.55000	12.88136	1.02304	1	0.70993	0.57014	13.74885	1.03751	1	-0.01359	-0.01231	0.68655	0.00362	1	0.05359	-0.01606	0.66302	0.00358	1	1.45898	0.81042	0	
1229593	8294.41992	3303743794561	0.43542	0.46925	8294.27246	0.14746	10762	1	0.46798	0.44247	1	0.40710	0.43284	1	0.43754	0.43766	1	0.44582	0.54991	13.16249	1.03751	1	0.71015	0.57018	13.09603	1.05198	1	-0.01359	-0.01231	0.68655	0.00359	1	0.05359	-0.01606	0.66302	0.00367	1	1.45898	0.81042	0	
1229594	8294.42676	3303743861199	0.43549	0.46774	8294.27246	0.15430	10762	1	0.46698	0.43787	1	0.40694	0.42816	1	0.43696	0.43302	1	0.44576	0.55040	13.11213	1.04396	1	0.70981	0.57055	14.09075	1.05843	1	-0.01309	-0.01181	0.65877	0.00358	1	0.05359	-0.01611	0.66302	0.00358	1	1.45898	0.81042	0	
1229595	8294.43359	3303743928635	0.43578	0.46693	8294.27246	0.16113	10762	1	0.47428	0.48123	1	0.41140	0.41412	1	0.44284	0.44767	1	0.44583	0.55033	13.14093	1.05041	1	0.70976	0.57003	13.58078	1.05041	1	-0.01309	-0.01181	0.65877	0.00359	1	0.05359	-0.01611	0.66302	0.00363	1	1.45898	0.81042	0	
1229596	8294.44043	3303743995251	0.43648	0.46685	8294.27246	0.16797	10762	1	0.48758	0.45796	1	0.42036	0.47156	1	0.45397	0.46476	1	0.44570	0.55013	13.01254	1.04240	1	0.70949	0.57048	13.07762	1.04240	1	-0.01309	-0.01181	0.65877	0.00350	1	0.05359	-0.01611	0.66302	0.00365	1	1.45898	0.81042	0	
1229597	8294.44629	3303744062301	0.43713	0.46687	8294.27246	0.17383	10762	1	0.48758	0.45796	1	0.42046	0.47689	1	0.45402	0.46742	1	0.44392	0.55048	12.92884	1.04240	1	0.70832	0.57037	13.46497	1.03474	1	-0.01363	-0.01217	0.67342	0.00360	1	0.05305	-0.01605	0.66067	0.00357	1	1.45898	0.81042	0	
1229598	8294.45312	3303744129277	0.43560	0.46694	8294.27246	0.18066	10762	1	0.38337	0.48709	1	0.40541	0.45054	1	0.39439	0.46882	1	0.44294	0.55053	12.81861	1.04275	1	0.70780	0.57063	13.92354	1.03509	1	-0.01363	-0.01217	0.67342	0.00365	1	0.05305	-0.01605	0.66067	0.00349	1	1.45898	0.81042	0	
1229599	8294.45996	3303744196375	0.43604	0.46786	8294.27246	0.18750	10762	1	0.45315	0.47835	1	0.44320	0.50905	1	0.44818	0.49370	1	0.44315	0.55061	13.04196	1.04311	1	0.70763	0.57086	13.65829	1.03545	1	-0.01363	-0.01217	0.67342	0.00340	1	0.05305	-0.01605	0.66067	0.00350	1	1.45898	0.81042	0	
1229600	8294.46680	3303744263537	0.43646	0.46890	8294.27246	0.19434	10762	1	0.45444	0.48353	1	0.44314	0.51416	1	0.44879	0.49884	1	0.43972	0.54874	11.57706	1.03545	1	0.70423	0.57061	13.12078	1.02779	1	-0.01395	-0.01202	0.66202	0.00260	1	0.05281	-0.01603	0.66386	0.00363	1	1.45898	0.81042	0	
1229601	8294.47363	3303744330854	0.43129	0.46802	8294.27246	0.20117	10762	1	0.27403	0.37834	1	0.27825	0.50508	1	0.27614	0.44171	1	0.43924	0.54885	12.14530	1.01978	1	0.70377	0.57080	13.98878	1.01978	1	-0.01395	-0.01202	0.66202	0.00271	1	0.05281	-0.01603	0.66386	0.00371	1	1.45898	0.81042	0	
1229602	8294.48047	3303744397120	0.42698	0.46698	8294.27246	0.20801	10762	1	0.29282	0.39577	1	0.29424	0.47371	1	0.29353	0.43474	1	0.43939	0.54892	11.90444	1.01176	1	0.70389	0.57041	13.70431	1.01176	1	-0.01395	-0.01202	0.66202	0.00268	1	0.05281	-0.01603	0.66386	0.00368	1	1.45898	0.81042	0	
1229603	8294.48730	3303744464537	0.42293	0.46592	8294.27246	0.21484	10762	1	0.29282	0.39577	1	0.29321	0.46830	1	0.29302	0.43203	1	0.43898	0.54869	11.68125	1.01176	1	0.70390	0.57048	13.61829	1.01942	1	-0.01456	-0.01245	0.68878	0.00268	1	0.05355	-0.01625	0.67499	0.00386	1	1.45898	0.81042	0	
1229604	8294.49316	3303744531387	0.38929	0.45673	8294.27246	0.21484	10762	0	0.31076	0.45691	1	0.27345	0.46390	1	0.29211	0.46041	1	0.43968	0.55009	12.97766	1.02744	1	0.70366	0.57035	13.51227	1.03509	1	-0.01456	-0.01245	0.68878	0.00417	1	0.05355	-0.01625	0.67499	0.00364	1	1.45898	0.81042	0	
1229605	8294.50000	3303744598662	0.34174	0.45521	8294.27246	0.21484	10762	0	0.32717	0.54403	1	0.26123	0.36335	1	0.29420	0.45369	1	0.44000	0.55085	13.37323	1.04311	1	0.70342	0.56962	13.40134	1.05077	1	-0.01456	-0.01245	0.68878	0.00384	1	0.05355	-0.01625	0.67499	0.00384	1	1.45898	0.81042	0	
1229606	8294.50684	3303744665525	0.32496	0.45205	8294.27246	0.21484	10762	0	0.32283	0.53434	1	0.25995	0.35709	1	0.29139	0.44572	1	0.43877	0.54835	12.10816	1.05879	1	0.70304	0.56975	13.46386	1.05879	1	-0.01439	-0.01206	0.67587	0.00268	1	0.05496	-0.01669	0.69344	0.00393	1	1.45898	0.81042	0	
1229607	8294.51367	3303744732291	0.31465	0.45928	8294.49316	0.02051	10763	1	0.30842	0.50131	1	0.25900	0.46069	1	0.28371	0.48100	1	0.43946	0.55050	12.32399	1.05879	1	0.70309	0.57018	13.71731	1.05113	1	-0.01439	-0.01206	0.67587	0.00383	1	0.05496	-0.01669	0.69344	0.00359	1	1.45898	0.81042	0	
1229608	8294.52051	3303744799552	0.31137	0.46708	8294.49316	0.02734	10763	1	0.31950	0.52804	1	0.27700	0.46848	1	0.29825	0.49826	1	0.43948	0.55026	12.47019	1.05113	1	0.70292	0.57021	13.83258	1.04347	1	-0.01439	-0.01206	0.67587	0.00364	1	0.05496	-0.01669	0.69344	0.00356	1	1.45898	0.81042	0	
1229609	8294.52734	3303744866398	0.30965	0.47356	8294.49316	0.03418	10763	1	0.32392	0.53790	1	0.27818	0.47400	1	0.30105	0.50595	1	0.43817	0.54758	11.67185	1.03545	1	0.70272	0.56963	13.19589	1.03545	1	-0.01424	-0.01181	0.66184	0.00262	1	0.05325	-0.01602	0.67382	0.00379	1	1.45898	0.81042	0	
1229610	8294.53418	3303744933163	0.30269	0.46277	8294.49316	0.04102	10763	1	0.25784	0.37381	1	0.26403	0.42223	1	0.26094	0.39802	1	0.43810	0.54751	11.85883	1.02744	1	0.70261	0.56905	13.12020	1.03509	1	-0.01424	-0.01181	0.66184	0.00265	1	0.05325	-0.01602	0.67382	0.00386	1	1.45898	0.81042	0	
1229611	8294.54102	3303745000658	0.30221	0.47008	8294.49316	0.04785	10763	1	0.31762	0.55474	1	0.28013	0.48783	1	0.29887	0.52128	1	0.43866	0.54973	12.57342	1.02708	1	0.70255	0.56920	13.02684	1.03474	1	-0.01424	-0.01181	0.66184	0.00382	1	0.05325	-0.01602	0.67382	0.00372	1	1.45898	0.81042	0	
1229612	8294.54688	3303745067561	0.30172	0.47551	8294.49316	0.05371	10763	1	0.31539	0.55001	1	0.28013	0.48783	1	0.29776	0.51892	1	0.43746	0.54752	12.32518	1.03474	1	0.70209	0.56952	13.79749	1.03474	1	-0.01487	-0.01200	0.68367	0.00263	1	0.05219	-0.01570	0.66229	0.00389	1	1.45898	0.81042	0	
1229613	8294.55371	3303745133471	0.30108	0.48137	8294.49316	0.06055	10763	1	0.31980	0.55661	1	0.27096	0.51155	1	0.29538	0.53408	1	0.43812	0.54943	12.98462	1.04275	1	0.70199	0.56917	13.84655	1.03509	1	-0.01487	-0.01200	0.68367	0.00373	1	0.05219	-0.01570	0.66229	0.00371	1	1.45898	0.81042	0	
1229614	8294.56055	3303745201208	0.30199	0.48590	8294.49316	0.06738	10763	1	0.34974	0.55699	1	0.27238	0.50547	1	0.31106	0.53123	1	0.43848	0.54911	13.34973	1.04311	1	0.70204	0.56889	13.87370	1.03545	1	-0.01487	-0.01200	0.68367	0.00360	1	0.05219	-0.01570	0.66229	0.00339	1	1.45898	0.81042	0	
1229615	8294.56738	3303745268438	0.30283	0.48987	8294.49316	0.07422	10763	1	0.35172	0.56161	1	0.27238	0.50547	1	0.31205	0.53354	1	0.43683	0.54655	11.78251	1.03545	1	0.70194	0.56780	12.66552	1.03545	1	-0.01444	-0.01134	0.65736	0.00265	1	0.05282	-0.01565	0.67089	0.00401	1	1.45898	0.81042	0	
1229616	8294.57422	3303745335704	0.30105	0.48442	8294.49316	0.08105	10763	1	0.25864	0.36580	1	0.30080	0.47233	1	0.27972	0.41906	1	0.43687	0.54650	12.29600	1.02744	1	0.70209	0.56775	12.73094	1.03509	1	-0.01444	-0.01134	0.65736	0.00256	1	0.05282	-0.01565	0.67089	0.00356	1	1.45898	0.81042	0	
1229617	8294.58105	3303745402255	0.30104	0.48595	8294.49316	0.08789	10763	1	0.32737	0.54568	1	0.27431	0.46597	1	0.30084	0.50583	1	0.43800	0.54828	12.32570	1.02708	1	0.70176	0.56759	13.29819	1.03474	1	-0.01444	-0.01134	0.65736	0.00368	1	0.05282	-0.01565	0.67089	0.00358	1	1.45898	0.81042	0	
1229618	8294.58691	3303745469014	0.30103	0.48729	8294.49316	0.09375	10763	1	0.32747	0.54591	1	0.27437	0.46622	1	0.30092	0.50606	1	0.43668	0.54563	11.66183	1.02672	1	0.70159	0.56730	13.35195	1.03438	1	-0.01444	-0.01114	0.65736	0.00270	1	0.05413	-0.01586	0.68880	0.00376	1	1.45898	0.81042	0	
1229619	8294.59375	3303745535857	0.30060	0.49091	8294.49316	0.10059	10763	1	0.31280	0.61383	1	0.27550	0.47639	1	0.29415	0.54511	1	0.43773	0.54800	12.58070	1.03438	1	0.70175	0.56664	13.46642	1.03438	1	-0.01444	-0.01114	0.65736	0.00390	1	0.05413	-0.01586	0.68880	0.00358	1	1.45898	0.81042	0	
1229620	8294.60059	3303745601529	0.30022	0.49352	8294.49316	0.10742	10763	1	0.31749	0.58367	1	0.27074	0.48712	1	0.29411	0.53539	1	0.43788	0.54771	13.39517	1.03438	1	0.70169	0.56631	13.60755	1.03438	1	-0.01444	-0.01114	0.65736	0.00366	1	0.05413	-0.01586	0.68880	0.00349	1	1.45898	0.81042	0	
1229621	8294.60742	3303745668001	0.29978	0.49557	8294.49316	0.11426	10763	1	0.31517	0.57899	1	0.26951	0.48169	1	0.29234	0.53034	1	0.43669	0.54474	12.00948	1.04240	1	0.70193	0.56570	13.39384	1.04240	1	-0.01514	-0.01154	0.68697	0.00264	1	0.05282	-0.01525	0.67089	0.00354	1	1.45898	0.81042	0	
1229622	8294.61328	3303745730012	0.29647	0.49075	8294.49316	0.12012	10763	1	0.23205	0.35171	1	0.24171	0.45616	1	0.23688	0.40394	1	0.43689	0.54465	12.07939	1.05041	1	0.70207	0.56583	13.24993	1.05041	1	-0.01514	-0.01154	0.68697	0.00260	1	0.05282	-0.01525	0.67089	0.00351	1	1.45898	0.81042	0	
1229623	8294.62012	3303745800868	0.29200	0.48682	8294.49316	0.12695	10763	1	0.21258	0.33225	1	0.20140	0.49210	1	0.20699	0.41217	1	0.43748	0.54436	11.66042	1.05843	1	0.70205	0.56597	13.66994	1.05843	1	-0.01514	-0.01154	0.68697	0.00248	1	0.05282	-0.01525	0.67089	0.00349	1	1.45898	0.81042	0	
1229624	8294.62695	3303745869064	0.28784	0.48298	8294.49316	0.13379	10763	1	0.20972	0.32568	1	0.19968	0.48687	1	0.20470	0.40627	1	0.44124	0.54600	12.45974	1.06645	1	0.70597	0.56568	13.69617	1.06645	1	-0.01439	-0.01125	0.67587	0.00370	1	0.05417	-0.01531	0.68024	0.00366	1	1.45898	0.81042	0	
1229625	8294.63379	3303745936803	0.29151	0.47947	8294.49316	0.14062	10763	1	0.37798	0.44677	1	0.35928	0.36468	1	0.36863	0.40573	1	0.44209	0.54503	12.13186	1.06645	1	0.70707	0.56428	12.89891	1.06645	1	-0.01439	-0.01125	0.67587	0.00375	1	0.05417	-0.01531	0.68024	0.00369	1	1.45898	0.81042	0	
1229626	8294.64062	3303746002641	0.29292	0.47696	8294.49316	0.14746	10763	1	0.34594	0.52798	1	0.30204	0.31554	1	0.32399	0.42176	1	0.44231	0.54571	12.32573	1.06645	1	0.70684	0.56415	13.78526	1.06645	1	-0.01439	-0.01125	0.67587	0.00385	1	0.05417	-0.01531	0.68024	0.00371	1	1.45898	0.81042	0	
1229627	8294.64746	3303746069853	0.29425	0.47491	8294.49316	0.15430	10763	1	0.34594	0.52798	1	0.30377	0.32736	1	0.32485	0.42767	1	0.44495	0.54493	12.45497	1.06645	1	0.70971	0.56536	13.62822	1.05198	1	-0.01384	-0.01138	0.68347	0.00382	1	0.05158	-0.01449	0.64170	0.00349	1	1.45898	0.81042	0	
1229628	8294.65430	3303746135577	0.30164	0.47211	8294.49316	0.16113	10763	1	0.49147	0.37811	1	0.46619	0.43212	1	0.47883	0.40511	1	0.44544	0.54480	12.90124	1.05198	1	0.70984	0.56511	13.35504	1.03751	1	-0.01384	-0.01138	0.68347	0.00360	1	0.05158	-0.01449	0.64170	0.00393	1	1.45898	0.81042	0	
1229629	8294.66016	3303746201268	0.30868	0.47053	8294.49316	0.16699	10763	1	0.49577	0.43089	1	0.47391	0.43102	1	0.48484	0.43095	1	0.44546	0.54517	12.85673	1.03751	1	0.71009	0.56501	12.69958	1.02304	1	-0.01384	-0.01138	0.68347	0.00382	1	0.05158	-0.01449	0.64170	0.00388	1	1.45898	0.81042	0	
1229630	8294.66797	3303746272978	0.33301	0.44672	8294.49316	0.16699	10763	0	0.49768	0.44135	1	0.47391	0.43102	1	0.48580	0.43619	1	0.44556	0.54540	12.67832	1.02304	1	0.71002	0.56595	13.42383	1.02304	1	-0.01384	-0.01138	0.68347	0.00380	1	0.05432	-0.01538	0.67452	0.00356	1	1.45898	0.81042	0	
1229631	8294.67480	3303746339612	0.40961	0.46309	8294.49316	0.16699	10763	0	0.52632	0.45832	1	0.44610	0.50060	1	0.48621	0.47946	1	0.44598	0.54598	13.34583	1.02304	1	0.71003	0.56593	13.50031	1.03751	1	-0.01384	-0.01138	0.68347	0.00370	1	0.05432	-0.01538	0.67452	0.00354	1	1.45898	0.81042	0	
1229632	8294.68164	3303746406841	0.43520	0.44720	8294.49316	0.16699	10763	0	0.51650	0.38129	1	0.45624	0.44957	1	0.48637	0.41543	1	0.44583	0.54526	12.27537	1.03751	1	0.71012	0.56601	13.10871	1.05198	1	-0.01384	-0.01138	0.68347	0.00374	1	0.05432	-0.01538	0.67452	0.00361	1	1.45898	0.81042	0	
1229633	8294.68750	3303746473777	0.48609	0.43320	8294.49316	0.16699	10763	0	0.51486	0.37015	1	0.45653	0.43924	1	0.48569	0.40470	1	0.44618	0.54641	12.90209	1.05198	1	0.71059	0.56627	13.57781	1.06645	1	-0.01411	-0.01185	0.70204	0.00339	1	0.05359	-0.01512	0.66302	0.00373	1	1.45898	0.81042	0	
1229634	8294.69434	3303746540685	0.47702	0.42205	8294.49316	0.16699	10763	0	0.48456	0.42472	1	0.45134	0.39711	1	0.46795	0.41091	1	0.44617	0.54632	12.99528	1.06645	1	0.71082	0.56614	12.74521	1.06645	1	-0.01411	-0.01185	0.70204	0.00383	1	0.05359	-0.01512	0.66302	0.00378	1	1.45898	0.81042	0	
1229635	8294.70117	3303746607369	0.48074	0.41900	8294.49316	0.16699	10763	0	0.50309	0.36878	1	0.47329	0.45702	1	0.48819	0.41290	1	0.44634	0.54644	13.06400	1.06645	1	0.71120	0.56703	13.17618	1.06645	1	-0.01411	-0.01185	0.70204	0.00385	1	0.05359	-0.01512	0.66302	0.00403	1	1.45898	0.81042	0	
1229636	8294.70801	3303746674961	0.48266	0.41961	8294.68750	0.02051	10764	1	0.50406	0.37489	1	0.47274	0.46797	1	0.48840	0.42143	1	0.44683	0.54730	12.54634	1.05843	1	0.71137	0.56754	13.75965	1.05077	1	-0.01309	-0.01122	0.65877	0.00355	1	0.05300	-0.01511	0.65390	0.00360	1	1.45898	0.81042	0	
1229637	8294.71484	3303746742371	0.48247	0.42388	8294.68750	0.02734	10764	1	0.50429	0.41825	1	0.45912	0.46365	1	0.48170	0.44095	1	0.44678	0.54666	12.69112	1.04275	1	0.71138	0.56738	13.34096	1.03509	1	-0.01309	-0.01122	0.65877	0.00371	1	0.05300	-0.01511	0.65390	0.00360	1	1.45898	0.81042	0	
1229638	8294.72168	3303746809229	0.48177	0.43288	8294.68750	0.03418	10764	1	0.50169	0.48157	1	0.45483	0.47423	1	0.47826	0.47790	1	0.44677	0.54738	12.67400	1.02708	1	0.71161	0.56773	13.06755	1.01942	1	-0.01309	-0.01122	0.65877	0.00376	1	0.05300	-0.01511	0.65390	0.00390	1	1.45898	0.81042	0	
1229639	8294.72852	3303746876117	0.48133	0.44008	8294.68750	0.04102	10764	1	0.50268	0.48679	1	0.45469	0.47969	1	0.47868	0.48324	1	0.44695	0.54825	13.01933	1.01942	1	0.71183	0.56835	13.20449	1.01176	1	-0.01337	-0.01174	0.68038	0.00353	1	0.05315	-0.01531	0.65449	0.00351	1	1.45898	0.81042	0	
1229640	8294.73438	3303746942679	0.48184	0.44282	8294.68750	0.04688	10764	1	0.50893	0.44384	1	0.46190	0.48023	1	0.48542	0.46204	1	0.44715	0.54772	12.83090	1.01978	1	0.71181	0.56840	13.70466	1.01978	1	-0.01337	-0.01174	0.68038	0.00389	1	0.05315	-0.01531	0.65449	0.00368	1	1.45898	0.81042	0	
1229641	8294.74121	3303747009648	0.48171	0.43896	8294.68750	0.05371	10764	1	0.51792	0.37776	1	0.44342	0.43847	1	0.48067	0.40811	1	0.44738	0.54784	12.35034	1.02779	1	0.71148	0.56869	13.30232	1.02779	1	-0.01337	-0.01174	0.68038	0.00394	1	0.05315	-0.01531	0.65449	0.00383	1	1.45898	0.81042	0	
1229642	8294.74805	3303747076853	0.48156	0.43499	8294.68750	0.06055	10764	1	0.51701	0.37150	1	0.44355	0.42686	1	0.48028	0.39918	1	0.44764	0.54924	12.77130	1.03581	1	0.71227	0.56851	12.92372	1.04347	1	-0.01313	-0.01192	0.67345	0.00345	1	0.05413	-0.01585	0.66471	0.00375	1	1.45898	0.81042	0	
1229643	8294.75488	3303747143723	0.48097	0.43733	8294.68750	0.06738	10764	1	0.51331	0.43451	1	0.43675	0.48698	1	0.47503	0.46075	1	0.44764	0.54920	12.92661	1.04347	1	0.71222	0.56985	13.34697	1.05113	1	-0.01313	-0.01192	0.67345	0.00371	1	0.05413	-0.01585	0.66471	0.00390	1	1.45898	0.81042	0	
1229644	8294.76172	3303747209366	0.47933	0.43686	8294.68750	0.07422	10764	1	0.48186	0.43014	1	0.44068	0.43335	1	0.46127	0.43175	1	0.44758	0.54967	13.01594	1.05113	1	0.71227	0.57009	13.12303	1.05879	1	-0.01313	-0.01192	0.67345	0.00388	1	0.05413	-0.01585	0.66471	0.00378	1	1.45898	0.81042	0	
1229645	8294.76855	3303747277430	0.47790	0.43626	8294.68750	0.08105	10764	1	0.48078	0.42467	1	0.44068	0.43335	1	0.46073	0.42901	1	0.44794	0.54985	13.07532	1.05879	1	0.71247	0.57074	13.25984	1.05879	1	-0.01320	-0.01239	0.68249	0.00377	1	0.05435	-0.01617	0.66558	0.00354	1	1.45898	0.81042	0	
1229646	8294.77539	3303747344297	0.48055	0.43801	8294.68750	0.08789	10764	1	0.53622	0.45466	1	0.49392	0.46700	1	0.51507	0.46083	1	0.44861	0.55089	12.87738	1.05879	1	0.71321	0.57145	13.14401	1.05113	1	-0.01320	-0.01239	0.68249	0.00370	1	0.05435	-0.01617	0.66558	0.00370	1	1.45898	0.81042	0	
1229647	8294.78125	3303747411330	0.48055	0.44060	8294.68750	0.09375	10764	1	0.50052	0.44622	1	0.46037	0.50727	1	0.48044	0.47674	1	0.44819	0.55103	12.77023	1.05113	1	0.71334	0.57180	13.43177	1.04347	1	-0.01320	-0.01239	0.68249	0.00366	1	0.05435	-0.01617	0.66558	0.00384	1	1.45898	0.81042	0	
1229648	8294.78809	3303747478461	0.48057	0.44302	8294.68750	0.10059	10764	1	0.50149	0.45158	1	0.46037	0.50727	1	0.48093	0.47942	1	0.44878	0.55223	13.46642	1.04347	1	0.71335	0.57148	12.93896	1.04347	1	-0.01292	-0.01272	0.67854	0.00339	1	0.05556	-0.01688	0.67976	0.00363	1	1.45898	0.81042	0	
1229649	8294.79492	3303747544037	0.48083	0.44222	8294.68750	0.10742	10764	1	0.51184	0.46052	1	0.45814	0.39816	1	0.48499	0.42934	1	0.44921	0.55288	12.45466	1.04347	1	0.71328	0.57276	12.45977	1.05113	1	-0.01292	-0.01272	0.67854	0.00366	1	0.05556	-0.01688	0.67976	0.00374	1	1.45898	0.81042	0	
1229650	8294.80176	3303747610923	0.47861	0.43254	8294.68750	0.11426	10764	1	0.45892	0.15773	1	0.42301	0.37829	1	0.44096	0.26801	1	0.44903	0.55087	10.50655	1.05113	1	0.71346	0.57390	12.67294	1.05879	1	-0.01292	-0.01272	0.67854	0.00255	1	0.05556	-0.01688	0.67976	0.00389	1	1.45898	0.81042	0	
1229651	8294.80859	3303747681827	0.47664	0.42405	8294.68750	0.12109	10764	1	0.45897	0.15808	1	0.42309	0.38449	1	0.44103	0.27129	1	0.45136	0.55640	12.89434	1.05077	1	0.71538	0.57629	12.86769	1.05077	1	-0.01207	-0.01291	0.65704	0.00294	1	0.05398	-0.01693	0.65626	0.00317	1	1.45898	0.81042	0	
1229652	8294.81543	3303747748023	0.47892	0.43015	8294.68750	0.12793	10764	1	0.54404	0.54195	1	0.50064	0.55004	1	0.52234	0.54599	1	0.45162	0.55741	13.08782	1.04275	1	0.71564	0.57725	12.69299	1.03509	1	-0.01207	-0.01291	0.65704	0.00322	1	0.05398	-0.01693	0.65626	0.00329	1	1.45898	0.81042	0	
1229653	8294.82227	3303747813508	0.48055	0.43437	8294.68750	0.13477	10764	1	0.53886	0.51066	1	0.48742	0.52672	1	0.51314	0.51869	1	0.45198	0.55717	12.03495	1.02708	1	0.71530	0.57786	13.41006	1.01942	1	-0.01207	-0.01291	0.65704	0.00353	1	0.05398	-0.01693	0.65626	0.00350	1	1.45898	0.81042	0	
1229654	8294.82812	3303747876659	0.48204	0.43843	8294.68750	0.14062	10764	1	0.53960	0.51564	1	0.48704	0.53179	1	0.51332	0.52372	1	0.45276	0.55859	12.15616	1.01942	1	0.71680	0.57990	13.66262	1.01176	1	-0.01236	-0.01396	0.68672	0.00313	1	0.05434	-0.01739	0.65701	0.00297	1	1.45898	0.81042	0	
1229655	8294.83496	3303747947532	0.48509	0.44640	8294.68750	0.14746	10764	1	0.57702	0.62773	1	0.52744	0.61564	1	0.55223	0.62169	1	0.45281	0.56019	12.60503	1.01978	1	0.71686	0.57975	12.98135	1.01978	1	-0.01236	-0.01396	0.68672	0.00327	1	0.05434	-0.01739	0.65701	0.00344	1	1.45898	0.81042	0	
1229656	8294.84180	3303748014401	0.48719	0.45187	8294.68750	0.15430	10764	1	0.57413	0.57635	1	0.49664	0.57912	1	0.53539	0.57773	1	0.45287	0.56018	12.53623	1.02779	1	0.71684	0.58038	13.24801	1.02779	1	-0.01236	-0.01396	0.68672	0.00326	1	0.05434	-0.01739	0.65701	0.00337	1	1.45898	0.81042	0	
1229657	8294.84863	3303748081428	0.50127	0.47887	8294.68750	0.15430	10764	0	0.57361	0.57166	1	0.49711	0.57426	1	0.53536	0.57296	1	0.45342	0.56114	12.49012	1.03581	1	0.71764	0.58170	13.61096	1.03581	1	-0.01202	-0.01421	0.67903	0.00284	1	0.05493	-0.01792	0.66179	0.00291	1	1.45898	0.81042	0	
1229658	8294.85547	3303748148310	0.53167	0.56631	8294.68750	0.15430	10764	0	0.59622	0.65177	1	0.52794	0.65573	1	0.56208	0.65375	1	0.45360	0.56204	12.12515	1.03581	1	0.71770	0.58229	13.11815	1.03581	1	-0.01202	-0.01421	0.67903	0.00310	1	0.05493	-0.01792	0.66179	0.00328	1	1.45898	0.81042	0	
1229659	8294.86230	3303748215096	0.53358	0.57620	8294.68750	0.15430	10764	0	0.57669	0.58973	1	0.49811	0.60225	1	0.53740	0.59599	1	0.45362	0.56215	12.03965	1.03581	1	0.71759	0.58248	13.60373	1.03581	1	-0.01202	-0.01421	0.67903	0.00325	1	0.05493	-0.01792	0.66179	0.00330	1	1.45898	0.81042	0	
1229660	8294.86914	3303748282593	0.54563	0.61524	8294.68750	0.15430	10764	0	0.57669	0.58973	1	0.49811	0.60225	1	0.53740	0.59599	1	0.45422	0.56300	12.65229	1.03581	1	0.71843	0.58366	13.57228	1.03581	1	-0.01180	-0.01455	0.67827	0.00291	1	0.05500	-0.01832	0.66020	0.00302	1	1.45898	0.81042	0	
1229661	8294.87500	3303748349078	0.55375	0.61461	8294.68750	0.15430	10764	0	0.59626	0.58386	1	0.52750	0.64409	1	0.56188	0.61397	1	0.45438	0.56323	12.09751	1.03581	1	0.71849	0.58462	13.44460	1.03581	1	-0.01180	-0.01455	0.67827	0.00309	1	0.05500	-0.01832	0.66020	0.00321	1	1.45898	0.81042	0	
1229662	8294.88184	3303748416823	0.54442	0.61424	8294.68750	0.15430	10764	0	0.55398	0.58638	1	0.49749	0.64061	1	0.52574	0.61350	1	0.45447	0.56369	11.90954	1.03581	1	0.71835	0.58510	13.62454	1.03581	1	-0.01180	-0.01455	0.67827	0.00344	1	0.05500	-0.01832	0.66020	0.00336	1	1.45898	0.81042	0	
1229663	8294.88867	3303748483239	0.53975	0.61405	8294.86914	0.01953	10765	1	0.55398	0.58638	1	0.49749	0.64061	1	0.52574	0.61350	1	0.45510	0.56452	12.16215	1.03581	1	0.71922	0.58586	13.68709	1.03581	1	-0.01173	-0.01503	0.68625	0.00301	1	0.05653	-0.01917	0.67617	0.00305	1	1.45898	0.81042	0	
1229664	8294.89551	3303748550523	0.54411	0.61251	8294.86914	0.02637	10765	1	0.59154	0.61712	1	0.53159	0.59556	1	0.56156	0.60634	1	0.45504	0.56522	12.17023	1.03581	1	0.71923	0.58648	13.03257	1.03581	1	-0.01173	-0.01503	0.68625	0.00307	1	0.05653	-0.01917	0.67617	0.00324	1	1.45898	0.81042	0	
1229665	8294.90234	3303748617360	0.54148	0.61515	8294.86914	0.03320	10765	1	0.55416	0.62590	1	0.50251	0.63083	1	0.52834	0.62836	1	0.45514	0.56545	12.30487	1.03581	1	0.71947	0.58686	12.99460	1.03581	1	-0.01173	-0.01503	0.68625	0.00325	1	0.05653	-0.01917	0.67617	0.00328	1	1.45898	0.81042	0	
1229666	8294.90918	3303748684230	0.53962	0.61821	8294.86914	0.04004	10765	1	0.55542	0.63397	1	0.50155	0.63919	1	0.52848	0.63658	1	0.45589	0.56597	12.35199	1.02067	1	0.72010	0.58749	13.25581	1.02067	1	-0.01068	-0.01435	0.64185	0.00287	1	0.05530	-0.01903	0.65909	0.00293	1	1.45898	0.81042	0	
1229667	8294.91602	3303748750926	0.53862	0.62198	8294.86914	0.04688	10765	1	0.56805	0.59010	1	0.49515	0.70667	1	0.53160	0.64839	1	0.45622	0.56614	12.86434	1.00552	1	0.72038	0.58862	13.34609	1.00552	1	-0.01068	-0.01435	0.64185	0.00319	1	0.05530	-0.01903	0.65909	0.00327	1	1.45898	0.81042	0	
1229668	8294.92188	3303748818675	0.53935	0.62298	8294.86914	0.05273	10765	1	0.57503	0.61513	1	0.51532	0.64676	1	0.54518	0.63094	1	0.45628	0.56615	12.82128	0.99038	1	0.72072	0.58871	13.31553	0.99038	1	-0.01068	-0.01435	0.64185	0.00304	1	0.05530	-0.01903	0.65909	0.00318	1	1.45898	0.81042	0	
1229669	8294.92871	3303748885402	0.53993	0.62423	8294.86914	0.05957	10765	1	0.57557	0.61968	1	0.51468	0.65127	1	0.54513	0.63547	1	0.45683	0.56724	12.52337	0.98236	1	0.72104	0.58940	13.35062	0.98236	1	-0.01069	-0.01489	0.65718	0.00302	1	0.05560	-0.01938	0.65909	0.00303	1	1.45898	0.81042	0	
1229670	8294.93555	3303748951950	0.54108	0.62675	8294.86914	0.06641	10765	1	0.58555	0.64939	1	0.51958	0.65452	1	0.55256	0.65195	1	0.45726	0.56742	12.31906	0.98949	1	0.72153	0.58958	13.04311	0.98949	1	-0.01069	-0.01489	0.65718	0.00322	1	0.05560	-0.01938	0.65909	0.00308	1	1.45898	0.81042	0	
1229671	8294.94238	3303749019164	0.54183	0.62672	8294.86914	0.07324	10765	1	0.57067	0.59424	1	0.52958	0.65856	1	0.55013	0.62640	1	0.45749	0.56704	12.23076	0.99662	1	0.72157	0.58967	13.11323	0.99662	1	-0.01069	-0.01489	0.65718	0.00313	1	0.05560	-0.01938	0.65909	0.00311	1	1.45898	0.81042	0	
1229672	8294.94922	3303749086445	0.54251	0.62587	8294.86914	0.08008	10765	1	0.56960	0.58538	1	0.53170	0.64607	1	0.55065	0.61572	1	0.45784	0.56785	13.07288	1.01176	1	0.72208	0.59049	13.40421	1.01942	1	-0.01072	-0.01547	0.67418	0.00292	1	0.05749	-0.02015	0.67849	0.00307	1	1.45898	0.81042	0	
1229673	8294.95605	3303749153267	0.54376	0.62770	8294.86914	0.08691	10765	1	0.58617	0.69720	1	0.53373	0.60580	1	0.55995	0.65150	1	0.45835	0.56821	12.41124	1.02744	1	0.72241	0.59046	13.39669	1.03509	1	-0.01072	-0.01547	0.67418	0.00301	1	0.05749	-0.02015	0.67849	0.00322	1	1.45898	0.81042	0	
1229674	8294.96289	3303749219971	0.54477	0.62778	8294.86914	0.09375	10765	1	0.59047	0.66373	1	0.52752	0.59395	1	0.55900	0.62884	1	0.45879	0.56816	12.48357	1.04311	1	0.72234	0.59056	13.35300	1.05077	1	-0.01072	-0.01547	0.67418	0.00324	1	0.05749	-0.02015	0.67849	0.00334	1	1.45898	0.81042	0	
1229675	8294.96875	3303749286956	0.54565	0.62773	8294.86914	0.09961	10765	1	0.59008	0.65997	1	0.52752	0.59395	1	0.55880	0.62696	1	0.45904	0.56805	12.15606	1.05077	1	0.72308	0.59125	13.93552	1.05077	1	-0.01029	-0.01527	0.66312	0.00321	1	0.05611	-0.01968	0.65927	0.00306	1	1.45898	0.81042	0	
1229676	8294.97559	3303749351933	0.54605	0.62946	8294.86914	0.10645	10765	1	0.57016	0.63815	1	0.53482	0.67623	1	0.55249	0.65719	1	0.45931	0.56804	12.65259	1.04275	1	0.72331	0.59116	13.48650	1.03509	1	-0.01029	-0.01527	0.66312	0.00324	1	0.05611	-0.01968	0.65927	0.00299	1	1.45898	0.81042	0	
1229677	8294.98242	3303749422521	0.54661	0.63219	8294.86914	0.11328	10765	1	0.58283	0.66293	1	0.52926	0.69407	1	0.55604	0.67850	1	0.45947	0.56795	12.85401	1.02708	1	0.72325	0.59132	13.40928	1.01942	1	-0.01029	-0.01527	0.66312	0.00311	1	0.05611	-0.01968	0.65927	0.00309	1	1.45898	0.81042	0	
1229678	8294.98926	3303749488847	0.54707	0.63513	8294.86914	0.12012	10765	1	0.58374	0.67077	1	0.52722	0.70532	1	0.55548	0.68805	1	0.45993	0.56794	12.49039	1.01140	1	0.72374	0.59134	13.77859	0.99693	1	-0.01006	-0.01511	0.66073	0.00312	1	0.05370	-0.01879	0.62934	0.00315	1	1.45898	0.81042	0	
1229679	8294.99609	3303749554771	0.54748	0.63699	8294.86914	0.12695	10765	1	0.58814	0.66053	1	0.52212	0.68411	1	0.55513	0.67232	1	0.45992	0.56766	13.02983	0.99693	1	0.72398	0.59099	13.66263	0.99013	1	-0.01006	-0.01511	0.66073	0.00294	1	0.05370	-0.01879	0.62934	0.00304	1	1.45898	0.81042	0	
1229680	8295.00195	3303749618702	0.54727	0.64183	8294.86914	0.13281	10765	1	0.56235	0.74084	1	0.52410	0.73675	1	0.54322	0.73880	1	0.46001	0.56760	12.89138	0.99013	1	0.72410	0.59116	13.53880	0.98332	1	-0.01006	-0.01511	0.66073	0.00299	1	0.05370	-0.01879	0.62934	0.00305	1	1.45898	0.81042	0	
1229681	8295.00977	3303749688610	0.54712	0.64606	8294.86914	0.14062	10765	1	0.56226	0.74031	1	0.52549	0.72931	1	0.54387	0.73481	1	0.46061	0.56702	12.05691	0.99133	1	0.72439	0.59061	13.64132	0.99899	1	-0.01014	-0.01522	0.67633	0.00314	1	0.05858	-0.02025	0.68529	0.00324	1	1.45898	0.81042	0	
1229682	8295.01562	3303749752909	0.54844	0.64678	8294.86914	0.14648	10765	1	0.61929	0.63882	1	0.53576	0.68633	1	0.57753	0.66258	1	0.46078	0.56636	12.51871	1.00701	1	0.72446	0.59028	13.61673	1.02148	1	-0.01014	-0.01522	0.67633	0.00310	1	0.05858	-0.02025	0.68529	0.00309	1	1.45898	0.81042	0	
1229683	8295.02246	3303749820837	0.54934	0.64689	8294.86914	0.15332	10765	1	0.59210	0.59709	1	0.54816	0.70162	1	0.57013	0.64936	1	0.46079	0.56591	12.68585	1.02950	1	0.72462	0.58957	13.70696	1.04396	1	-0.01014	-0.01522	0.67633	0.00279	1	0.05858	-0.02025	0.68529	0.00300	1	1.45898	0.81042	0	
1229684	8295.02930	3303749886854	0.55019	0.64659	8294.86914	0.16016	10765	1	0.59098	0.58444	1	0.54973	0.69447	1	0.57036	0.63945	1	0.46094	0.56507	12.95781	1.05198	1	0.72480	0.58875	13.71075	1.05879	1	-0.01005	-0.01508	0.68373	0.00318	1	0.05654	-0.01920	0.65973	0.00313	1	1.45898	0.81042	0	
1229685	8295.03613	3303749953472	0.55043	0.64557	8294.86914	0.16699	10765	1	0.58291	0.56455	1	0.52999	0.67582	1	0.55645	0.62018	1	0.46100	0.56467	13.09397	1.05879	1	0.72477	0.58836	13.75245	1.05113	1	-0.01005	-0.01508	0.68373	0.00295	1	0.05654	-0.01920	0.65973	0.00301	1	1.45898	0.81042	0	
1229686	8295.04297	3303750023594	0.55913	0.67103	8294.86914	0.16699	10765	0	0.59220	0.65476	1	0.54778	0.71359	1	0.56999	0.68418	1	0.46087	0.56434	13.09965	1.05113	1	0.72465	0.58783	13.74313	1.04347	1	-0.01005	-0.01508	0.68373	0.00273	1	0.05654	-0.01920	0.65973	0.00286	1	1.45898	0.81042	0	
1229687	8295.04883	3303750083872	0.56445	0.67946	8294.86914	0.16699	10765	0	0.59258	0.65857	1	0.54697	0.71720	1	0.56977	0.68788	1	0.45961	0.56372	12.96124	1.04347	1	0.72315	0.58656	13.02473	1.03581	1	-0.01014	-0.01456	0.67634	0.00318	1	0.05546	-0.01856	0.64936	0.00331	1	1.45898	0.81042	0	
1229688	8295.05664	3303750157435	0.53960	0.68736	8294.86914	0.16699	10765	0	0.51323	0.66547	1	0.46659	0.74088	1	0.48991	0.70318	1	0.45859	0.56317	12.41029	1.03581	1	0.72217	0.58629	13.60592	1.03581	1	-0.01014	-0.01456	0.67634	0.00282	1	0.05546	-0.01856	0.64936	0.00288	1	1.45898	0.81042	0	
1229689	8295.06348	3303750225161	0.53292	0.69334	8295.04297	0.02051	10766	1	0.52865	0.70660	1	0.49713	0.71591	1	0.51289	0.71125	1	0.45825	0.56266	12.94771	1.03581	1	0.72203	0.58535	14.07478	1.03581	1	-0.01014	-0.01456	0.67634	0.00280	1	0.05546	-0.01856	0.64936	0.00279	1	1.45898	0.81042	0	
1229690	8295.06934	3303750291936	0.52892	0.69692	8295.04297	0.02637	10766	1	0.52865	0.70660	1	0.49713	0.71591	1	0.51289	0.71125	1	0.45693	0.56126	12.35464	1.03581	1	0.72010	0.58388	14.08035	1.03581	1	-0.01055	-0.01401	0.67658	0.00323	1	0.05554	-0.01817	0.65495	0.00322	1	1.45898	0.81042	0	
1229691	8295.07617	3303750358746	0.51359	0.69481	8295.04297	0.03320	10766	1	0.46603	0.71100	1	0.40783	0.65752	1	0.43693	0.68426	1	0.45672	0.56073	13.25596	1.03581	1	0.71998	0.58302	14.14376	1.03581	1	-0.01055	-0.01401	0.67658	0.00295	1	0.05554	-0.01817	0.65495	0.00295	1	1.45898	0.81042	0	
1229692	8295.08301	3303750426056	0.50068	0.69270	8295.04297	0.04004	10766	1	0.46285	0.70233	1	0.38364	0.65781	1	0.42324	0.68007	1	0.45667	0.56022	13.49879	1.03581	1	0.71991	0.58228	14.08317	1.03581	1	-0.01055	-0.01401	0.67658	0.00298	1	0.05554	-0.01817	0.65495	0.00291	1	1.45898	0.81042	0	
1229693	8295.08984	3303750493132	0.49100	0.69112	8295.04297	0.04688	10766	1	0.46285	0.70233	1	0.38364	0.65781	1	0.42324	0.68007	1	0.45652	0.55932	13.07236	1.03581	1	0.71999	0.58101	13.67335	1.03581	1	-0.01069	-0.01373	0.68555	0.00315	1	0.05554	-0.01759	0.65495	0.00313	1	1.45898	0.81042	0	
1229694	8295.09668	3303750559238	0.48296	0.68934	8295.04297	0.05371	10766	1	0.47136	0.66166	1	0.36600	0.68843	1	0.41868	0.67505	1	0.45678	0.55840	13.63683	1.03581	1	0.72004	0.58065	14.05231	1.03581	1	-0.01069	-0.01373	0.68555	0.00299	1	0.05554	-0.01759	0.65495	0.00302	1	1.45898	0.81042	0	
1229695	8295.10352	3303750626911	0.47608	0.69158	8295.04297	0.06055	10766	1	0.47000	0.71039	1	0.35827	0.71313	1	0.41414	0.71176	1	0.45677	0.55782	13.19898	1.03581	1	0.71998	0.58013	14.13201	1.03581	1	-0.01069	-0.01373	0.68555	0.00294	1	0.05554	-0.01759	0.65495	0.00292	1	1.45898	0.81042	0	
1229696	8295.10938	3303750693591	0.47047	0.69356	8295.04297	0.06641	10766	1	0.47000	0.71039	1	0.35877	0.71631	1	0.41438	0.71335	1	0.45659	0.55677	13.50430	1.03581	1	0.71987	0.57860	13.79167	1.02900	1	-0.01055	-0.01299	0.67658	0.00319	1	0.05432	-0.01673	0.64107	0.00323	1	1.45898	0.81042	0	
1229697	8295.11621	3303750760722	0.46778	0.69508	8295.04297	0.07324	10766	1	0.46012	0.70019	1	0.41623	0.72352	1	0.43818	0.71186	1	0.45671	0.55615	13.53884	1.02900	1	0.71992	0.57772	14.09794	1.02219	1	-0.01055	-0.01299	0.67658	0.00293	1	0.05432	-0.01673	0.64107	0.00309	1	1.45898	0.81042	0	
1229698	8295.12305	3303750827860	0.46520	0.69701	8295.04297	0.08008	10766	1	0.49370	0.68253	1	0.37487	0.75777	1	0.43429	0.72015	1	0.45682	0.55561	12.81886	1.02219	1	0.71981	0.57744	14.07639	1.01538	1	-0.01055	-0.01299	0.67658	0.00285	1	0.05432	-0.01673	0.64107	0.00283	1	1.45898	0.81042	0	
1229699	8295.12988	3303750894691	0.46304	0.69889	8295.04297	0.08691	10766	1	0.49465	0.68584	1	0.37526	0.76072	1	0.43496	0.72328	1	0.45633	0.55498	13.48601	1.01538	1	0.71982	0.57646	14.31811	1.00858	1	-0.01069	-0.01270	0.68555	0.00321	1	0.05432	-0.01625	0.64107	0.00322	1	1.45898	0.81042	0	
1229700	8295.13672	3303750962186	0.46005	0.69783	8295.04297	0.09375	10766	1	0.47035	0.71192	1	0.36591	0.65405	1	0.41813	0.68299	1	0.45651	0.55379	13.65063	1.00858	1	0.71999	0.57514	13.98157	1.00858	1	-0.01069	-0.01270	0.68555	0.00291	1	0.05432	-0.01625	0.64107	0.00295	1	1.45898	0.81042	0	
1229701	8295.14355	3303751027461	0.45819	0.69862	8295.04297	0.10059	10766	1	0.48958	0.73484	1	0.37086	0.68616	1	0.43022	0.71050	1	0.45670	0.55329	12.69900	1.00858	1	0.71986	0.57485	14.02759	1.00858	1	-0.01069	-0.01270	0.68555	0.00297	1	0.05432	-0.01625	0.64107	0.00291	1	1.45898	0.81042	0	
1229702	8295.15039	3303751095642	0.42637	0.70018	8295.04297	0.10059	10766	0	0.48958	0.73484	1	0.37043	0.68272	1	0.43001	0.70878	1	0.45645	0.55284	13.57608	1.00858	1	0.72007	0.57335	13.70162	1.01538	1	-0.01069	-0.01229	0.68555	0.00317	1	0.05554	-0.01601	0.65495	0.00315	1	1.45898	0.81042	0	
1229703	8295.15625	3303751161110	0.41990	0.71025	8295.04297	0.10059	10766	0	0.46443	0.71104	1	0.36244	0.72963	1	0.41344	0.72033	1	0.45637	0.55161	13.32812	1.01538	1	0.72001	0.57299	13.94552	1.02219	1	-0.01069	-0.01229	0.68555	0.00297	1	0.05554	-0.01601	0.65495	0.00302	1	1.45898	0.81042	0	
1229704	8295.16309	3303751229422	0.41916	0.70976	8295.04297	0.10059	10766	0	0.47018	0.73192	1	0.36515	0.68564	1	0.41767	0.70878	1	0.45642	0.55104	12.72874	1.02219	1	0.72000	0.57252	14.16572	1.02900	1	-0.01069	-0.01229	0.68555	0.00283	1	0.05554	-0.01601	0.65495	0.00285	1	1.45898	0.81042	0	
1229705	8295.16992	3303751296559	0.41853	0.70825	8295.15039	0.01953	10767	1	0.46908	0.72893	1	0.36419	0.67847	1	0.41664	0.70370	1	0.45618	0.55042	13.24390	1.02900	1	0.71970	0.57128	13.88690	1.04347	1	-0.01055	-0.01167	0.67658	0.00318	1	0.05709	-0.01604	0.67256	0.00346	1	1.45898	0.81042	0	
1229706	8295.17676	3303751363352	0.42032	0.70379	8295.15039	0.02637	10767	1	0.47433	0.67349	1	0.38061	0.69839	1	0.42747	0.68594	1	0.45658	0.54955	13.43053	1.04347	1	0.72010	0.57100	14.34659	1.05113	1	-0.01055	-0.01167	0.67658	0.00303	1	0.05709	-0.01604	0.67256	0.00303	1	1.45898	0.81042	0	
1229707	8295.18359	3303751430549	0.42068	0.70871	8295.15039	0.03320	10767	1	0.48119	0.71319	1	0.36387	0.75342	1	0.42253	0.73330	1	0.45670	0.54905	13.32214	1.05113	1	0.72007	0.57051	14.19798	1.05879	1	-0.01055	-0.01167	0.67658	0.00287	1	0.05709	-0.01604	0.67256	0.00291	1	1.45898	0.81042	0	
1229708	8295.19043	3303751496981	0.42087	0.71198	8295.15039	0.04004	10767	1	0.48006	0.70979	1	0.36387	0.75342	1	0.42196	0.73160	1	0.45647	0.54852	13.46502	1.05879	1	0.72028	0.56957	13.39349	1.05879	1	-0.01055	-0.01127	0.67658	0.00310	1	0.05643	-0.01544	0.66422	0.00345	1	1.45898	0.81042	0	
1229709	8295.19727	3303751564424	0.42117	0.71067	8295.15039	0.04688	10767	1	0.44317	0.70989	1	0.40343	0.69319	1	0.42330	0.70154	1	0.45660	0.54797	13.82282	1.05879	1	0.72061	0.56907	13.83562	1.05113	1	-0.01055	-0.01127	0.67658	0.00296	1	0.05643	-0.01544	0.66422	0.00311	1	1.45898	0.81042	0	
1229710	8295.20312	3303751631246	0.41994	0.70894	8295.15039	0.05273	10767	1	0.44159	0.73432	1	0.37863	0.65593	1	0.41011	0.69513	1	0.45666	0.54723	13.13168	1.05113	1	0.72066	0.56869	14.21159	1.04347	1	-0.01055	-0.01127	0.67658	0.00309	1	0.05643	-0.01544	0.66422	0.00289	1	1.45898	0.81042	0	
1229711	8295.20996	3303751696483	0.41905	0.70792	8295.15039	0.05957	10767	1	0.44298	0.73758	1	0.37904	0.65990	1	0.41101	0.69874	1	0.45647	0.54674	13.35116	1.04347	1	0.72082	0.56768	14.11933	1.03581	1	-0.01055	-0.01096	0.67658	0.00337	1	0.05567	-0.01496	0.65413	0.00308	1	1.45898	0.81042	0	
1229712	8295.21680	3303751765798	0.41905	0.70385	8295.15039	0.06641	10767	1	0.45290	0.68465	1	0.38518	0.64166	1	0.41904	0.66315	1	0.45667	0.54633	13.34392	1.03581	1	0.72086	0.56733	14.07048	1.03581	1	-0.01055	-0.01096	0.67658	0.00299	1	0.05567	-0.01496	0.65413	0.00302	1	1.45898	0.81042	0	
1229713	8295.22363	3303751832714	0.41906	0.69977	8295.15039	0.07324	10767	1	0.46390	0.64363	1	0.37438	0.66607	1	0.41914	0.65485	1	0.45742	0.54570	12.92990	1.03581	1	0.72112	0.56686	13.21952	1.03581	1	-0.01055	-0.01096	0.67658	0.00295	1	0.05567	-0.01496	0.65413	0.00314	1	1.45898	0.81042	0	
1229714	8295.23047	3303751899301	0.41913	0.69663	8295.15039	0.08008	10767	1	0.46521	0.64779	1	0.37484	0.67018	1	0.42002	0.65898	1	0.45800	0.54372	12.85740	1.02779	1	0.72229	0.56412	13.46410	1.02779	1	-0.01000	-0.01016	0.65730	0.00340	1	0.05546	-0.01437	0.64936	0.00381	1	1.45898	0.81042	0	
1229715	8295.23730	3303751966591	0.42251	0.68838	8295.15039	0.08691	10767	1	0.46990	0.56716	1	0.46303	0.59510	1	0.46647	0.58113	1	0.45856	0.54219	12.95754	1.01978	1	0.72280	0.56383	13.19168	1.01978	1	-0.01000	-0.01016	0.65730	0.00337	1	0.05546	-0.01437	0.64936	0.00326	1	1.45898	0.81042	0	
1229716	8295.24414	3303752033198	0.42309	0.68521	8295.15039	0.09375	10767	1	0.45693	0.63417	1	0.40536	0.64729	1	0.43114	0.64073	1	0.45868	0.54189	12.93269	1.01176	1	0.72269	0.56357	14.30750	1.01176	1	-0.01000	-0.01016	0.65730	0.00309	1	0.05546	-0.01437	0.64936	0.00311	1	1.45898	0.81042	0	
1229717	8295.25098	3303752100165	0.42359	0.68243	8295.15039	0.10059	10767	1	0.45693	0.63417	1	0.40536	0.64729	1	0.43114	0.64073	1	0.46010	0.53994	12.79541	1.01176	1	0.72377	0.56188	14.18249	1.01176	1	-0.00989	-0.00989	0.67302	0.00378	1	0.05671	-0.01407	0.66053	0.00365	1	1.45898	0.81042	0	
1229718	8295.25684	3303752167134	0.42770	0.67097	8295.15039	0.10645	10767	1	0.51739	0.44966	1	0.46951	0.52556	1	0.49345	0.48761	1	0.46038	0.53942	13.36418	1.01978	1	0.72417	0.56091	13.97378	1.01978	1	-0.00989	-0.00989	0.67302	0.00340	1	0.05671	-0.01407	0.66053	0.00358	1	1.45898	0.81042	0	
1229719	8295.26367	3303752234437	0.43050	0.66139	8295.15039	0.11328	10767	1	0.51296	0.47018	1	0.44339	0.52702	1	0.47817	0.49860	1	0.46040	0.53910	13.40644	1.02779	1	0.72425	0.56121	14.11522	1.02779	1	-0.00989	-0.00989	0.67302	0.00333	1	0.05671	-0.01407	0.66053	0.00341	1	1.45898	0.81042	0	
1229720	8295.27051	3303752301273	0.44006	0.61787	8295.15039	0.11328	10767	0	0.51201	0.46465	1	0.44345	0.52177	1	0.47773	0.49321	1	0.46059	0.53909	14.09508	1.03581	1	0.72441	0.56071	14.22716	1.03581	1	-0.00990	-0.00990	0.68054	0.00358	1	0.05654	-0.01395	0.65743	0.00356	1	1.45898	0.81042	0	
1229721	8295.27734	3303752368355	0.46933	0.55433	8295.15039	0.11328	10767	0	0.53057	0.46584	1	0.46664	0.51575	1	0.49861	0.49080	1	0.46034	0.53882	13.62871	1.03581	1	0.72449	0.56092	14.51737	1.03581	1	-0.00990	-0.00990	0.68054	0.00345	1	0.05654	-0.01395	0.65743	0.00358	1	1.45898	0.81042	0	
1229722	8295.28418	3303752435190	0.47529	0.53490	8295.15039	0.11328	10767	0	0.50281	0.49320	1	0.47157	0.49887	1	0.48719	0.49604	1	0.46043	0.53853	13.10177	1.03581	1	0.72452	0.56095	14.51268	1.03581	1	-0.00990	-0.00990	0.68054	0.00353	1	0.05654	-0.01395	0.65743	0.00362	1	1.45898	0.81042	0	
1229723	8295.29102	3303752502240	0.49104	0.49342	8295.15039	0.11328	10767	0	0.50281	0.49320	1	0.47183	0.49368	1	0.48732	0.49344	1	0.46035	0.53852	13.66337	1.03581	1	0.72479	0.56067	13.75840	1.04347	1	-0.00978	-0.00963	0.67200	0.00374	1	0.05894	-0.01451	0.68358	0.00358	1	1.45898	0.81042	0	
1229724	8295.29688	3303752568511	0.49432	0.49375	8295.15039	0.11328	10767	0	0.51727	0.47532	1	0.47794	0.51284	1	0.49761	0.49408	1	0.46056	0.53863	14.15871	1.04347	1	0.72500	0.56107	13.73368	1.05113	1	-0.00978	-0.00963	0.67200	0.00356	1	0.05894	-0.01451	0.68358	0.00359	1	1.45898	0.81042	0	
1229725	8295.30371	3303752635608	0.49010	0.48467	8295.15039	0.11328	10767	0	0.50699	0.45793	1	0.45633	0.47507	1	0.48166	0.46650	1	0.46020	0.53871	13.44600	1.05113	1	0.72507	0.56090	14.26802	1.05879	1	-0.00978	-0.00963	0.67200	0.00350	1	0.05894	-0.01451	0.68358	0.00352	1	1.45898	0.81042	0	
1229726	8295.31055	3303752703339	0.48789	0.47881	8295.29102	0.01953	10768	1	0.50606	0.45267	1	0.45648	0.46982	1	0.48127	0.46124	1	0.46036	0.53868	13.38580	1.05879	1	0.72509	0.56103	14.18489	1.06645	1	-0.01005	-0.00995	0.68373	0.00348	1	0.05804	-0.01434	0.67304	0.00343	1	1.45898	0.81042	0	
1229727	8295.31738	3303752770473	0.48987	0.47047	8295.29102	0.02637	10768	1	0.52348	0.45114	1	0.47210	0.42303	1	0.49779	0.43709	1	0.46033	0.53832	13.31932	1.06645	1	0.72519	0.56132	13.73921	1.06645	1	-0.01005	-0.00995	0.68373	0.00360	1	0.05804	-0.01434	0.67304	0.00367	1	1.45898	0.81042	0	
1229728	8295.32422	3303752837322	0.49280	0.46077	8295.29102	0.03320	10768	1	0.53586	0.46864	1	0.47900	0.35597	1	0.50743	0.41230	1	0.46055	0.53902	13.88233	1.06645	1	0.72527	0.56058	13.81535	1.06645	1	-0.01005	-0.00995	0.68373	0.00341	1	0.05804	-0.01434	0.67304	0.00410	1	1.45898	0.81042	0	
1229729	8295.33105	3303752903046	0.49489	0.45385	8295.29102	0.04004	10768	1	0.53586	0.46864	1	0.47900	0.35597	1	0.50743	0.41230	1	0.46028	0.53940	13.18336	1.06645	1	0.72526	0.56169	14.07391	1.06645	1	-0.01005	-0.01000	0.68373	0.00354	1	0.05894	-0.01471	0.68358	0.00359	1	1.45898	0.81042	0	
1229730	8295.33789	3303752969518	0.49682	0.45850	8295.29102	0.04688	10768	1	0.55455	0.45299	1	0.46611	0.52910	1	0.51033	0.49104	1	0.46026	0.53969	13.58530	1.06645	1	0.72519	0.56245	14.44681	1.06645	1	-0.01005	-0.01000	0.68373	0.00344	1	0.05894	-0.01471	0.68358	0.00370	1	1.45898	0.81042	0	
1229731	8295.34473	3303753038295	0.49844	0.45559	8295.29102	0.05371	10768	1	0.55822	0.40518	1	0.46460	0.45941	1	0.51141	0.43229	1	0.46049	0.53990	13.13655	1.06645	1	0.72520	0.56268	14.51606	1.06645	1	-0.01005	-0.01000	0.68373	0.00363	1	0.05894	-0.01471	0.68358	0.00370	1	1.45898	0.81042	0	
1229732	8295.35059	3303753104817	0.49974	0.45326	8295.29102	0.05957	10768	1	0.55822	0.40518	1	0.46460	0.45941	1	0.51141	0.43229	1	0.46002	0.54040	12.74983	1.06645	1	0.72509	0.56267	13.47135	1.06645	1	-0.00998	-0.01014	0.67234	0.00358	1	0.05894	-0.01492	0.68358	0.00367	1	1.45898	0.81042	0	
1229733	8295.35742	3303753172801	0.49966	0.45574	8295.29102	0.06641	10768	1	0.51101	0.41645	1	0.48686	0.54459	1	0.49893	0.48052	1	0.45980	0.54071	13.07325	1.06645	1	0.72505	0.56364	13.98634	1.06645	1	-0.00998	-0.01014	0.67234	0.00379	1	0.05894	-0.01492	0.68358	0.00371	1	1.45898	0.81042	0	
1229734	8295.36426	3303753238855	0.49894	0.45542	8295.29102	0.07324	10768	1	0.48933	0.47573	1	0.49251	0.42810	1	0.49092	0.45192	1	0.45930	0.54131	13.19969	1.06645	1	0.72525	0.56340	13.93301	1.06645	1	-0.00998	-0.01014	0.67234	0.00396	1	0.05894	-0.01492	0.68358	0.00371	1	1.45898	0.81042	0	
1229735	8295.37109	3303753306223	0.49830	0.45536	8295.29102	0.08008	10768	1	0.48933	0.47573	1	0.49210	0.43367	1	0.49072	0.45470	1	0.45959	0.54180	13.46556	1.06645	1	0.72496	0.56402	13.34739	1.05879	1	-0.01025	-0.01056	0.68333	0.00346	1	0.05698	-0.01468	0.66137	0.00355	1	1.45898	0.81042	0	
1229736	8295.37793	3303753370426	0.49881	0.45450	8295.29102	0.08691	10768	1	0.53515	0.44697	1	0.47556	0.43968	1	0.50536	0.44333	1	0.45966	0.54178	13.41020	1.05879	1	0.72460	0.56443	13.87883	1.05113	1	-0.01025	-0.01056	0.68333	0.00349	1	0.05698	-0.01468	0.66137	0.00364	1	1.45898	0.81042	0	
1229737	8295.38477	3303753439759	0.50063	0.45350	8295.29102	0.09375	10768	1	0.55352	0.40719	1	0.49877	0.47176	1	0.52615	0.43947	1	0.45984	0.54175	13.04891	1.05113	1	0.72487	0.56446	13.65559	1.04347	1	-0.01025	-0.01056	0.68333	0.00363	1	0.05698	-0.01468	0.66137	0.00363	1	1.45898	0.81042	0	
1229738	8295.39062	3303753504789	0.50224	0.45280	8295.29102	0.09961	10768	1	0.55415	0.41280	1	0.49877	0.47176	1	0.52646	0.44228	1	0.45916	0.54226	12.33997	1.04347	1	0.72457	0.56494	14.03177	1.04347	1	-0.01028	-0.01069	0.67860	0.00355	1	0.05867	-0.01536	0.68278	0.00347	1	1.45898	0.81042	0	
1229739	8295.39746	3303753570448	0.50185	0.45342	8295.29102	0.10645	10768	1	0.52426	0.48347	1	0.46695	0.44313	1	0.49561	0.46330	1	0.45916	0.54336	13.45215	1.04347	1	0.72442	0.56535	13.75299	1.05113	1	-0.01028	-0.01069	0.67860	0.00359	1	0.05867	-0.01536	0.68278	0.00363	1	1.45898	0.81042	0	
1229740	8295.40430	3303753639119	0.50328	0.45266	8295.29102	0.11328	10768	1	0.56074	0.49074	1	0.49442	0.38870	1	0.52758	0.43972	1	0.45923	0.54329	13.27793	1.05113	1	0.72445	0.56477	13.98325	1.05879	1	-0.01028	-0.01069	0.67860	0.00352	1	0.05867	-0.01536	0.68278	0.00401	1	1.45898	0.81042	0	
1229741	8295.41113	3303753704005	0.50455	0.45184	8295.29102	0.12012	10768	1	0.56016	0.48573	1	0.49442	0.38870	1	0.52729	0.43722	1	0.45871	0.54367	13.00231	1.05879	1	0.72417	0.56615	13.70686	1.05879	1	-0.01047	-0.01099	0.68470	0.00347	1	0.05671	-0.01506	0.66053	0.00342	1	1.45898	0.81042	0	
1229742	8295.41797	3303753772341	0.50419	0.45319	8295.29102	0.12695	10768	1	0.51709	0.47061	1	0.47757	0.48688	1	0.49733	0.47875	1	0.45870	0.54403	13.05154	1.05879	1	0.72382	0.56683	14.01895	1.05113	1	-0.01047	-0.01099	0.68470	0.00346	1	0.05671	-0.01506	0.66053	0.00370	1	1.45898	0.81042	0	
1229743	8295.42480	3303753838830	0.50452	0.45430	8295.29102	0.13379	10768	1	0.55847	0.47049	1	0.46396	0.48238	1	0.51121	0.47644	1	0.45894	0.54443	13.33318	1.05113	1	0.72362	0.56665	14.13624	1.04347	1	-0.01047	-0.01099	0.68470	0.00358	1	0.05671	-0.01506	0.66053	0.00360	1	1.45898	0.81042	0	
1229744	8295.43066	3303753904012	0.50484	0.45542	8295.29102	0.13965	10768	1	0.55907	0.47565	1	0.46396	0.48238	1	0.51151	0.47902	1	0.45862	0.54488	13.19601	1.04347	1	0.72335	0.56700	13.38804	1.04347	1	-0.01049	-0.01111	0.67925	0.00340	1	0.05819	-0.01570	0.67960	0.00337	1	1.45898	0.81042	0	
1229745	8295.43750	3303753972914	0.50488	0.45510	8295.29102	0.14648	10768	1	0.52784	0.49829	1	0.48354	0.39793	1	0.50569	0.44811	1	0.45810	0.54552	13.00895	1.04347	1	0.72340	0.56693	13.27274	1.05113	1	-0.01049	-0.01111	0.67925	0.00354	1	0.05819	-0.01570	0.67960	0.00382	1	1.45898	0.81042	0	
1229746	8295.44434	3303754040259	0.50534	0.45465	8295.29102	0.15332	10768	1	0.52214	0.48484	1	0.51008	0.40378	1	0.51611	0.44431	1	0.45791	0.54541	13.20788	1.05113	1	0.72348	0.56699	13.33238	1.05879	1	-0.01049	-0.01111	0.67925	0.00347	1	0.05819	-0.01570	0.67960	0.00383	1	1.45898	0.81042	0	
1229747	8295.45117	3303754105018	0.50577	0.45402	8295.29102	0.16016	10768	1	0.52131	0.47977	1	0.51060	0.39799	1	0.51596	0.43888	1	0.45796	0.54570	13.08263	1.05879	1	0.72294	0.56807	14.24261	1.06645	1	-0.01055	-0.01127	0.67658	0.00340	1	0.05858	-0.01604	0.68529	0.00345	1	1.45898	0.81042	0	
1229748	8295.45801	3303754176371	0.50598	0.45377	8295.29102	0.16699	10768	1	0.55051	0.45748	1	0.47199	0.43750	1	0.51125	0.44749	1	0.45812	0.54642	13.46152	1.06645	1	0.72285	0.56835	14.09089	1.06645	1	-0.01055	-0.01127	0.67658	0.00355	1	0.05858	-0.01604	0.68529	0.00360	1	1.45898	0.81042	0	
1229749	8295.46484	3303754243691	0.50588	0.45516	8295.29102	0.17383	10768	1	0.54524	0.50284	1	0.46111	0.47961	1	0.50318	0.49123	1	0.45782	0.54662	13.61204	1.06645	1	0.72276	0.56857	14.38728	1.06645	1	-0.01055	-0.01127	0.67658	0.00351	1	0.05858	-0.01604	0.68529	0.00364	1	1.45898	0.81042	0	
1229750	8295.47168	3303754310787	0.50578	0.45654	8295.29102	0.18066	10768	1	0.54524	0.50284	1	0.46093	0.48479	1	0.50308	0.49382	1	0.45720	0.54605	13.18788	1.06645	1	0.72248	0.56853	13.06919	1.05879	1	-0.01080	-0.01163	0.68593	0.00380	1	0.05649	-0.01551	0.66267	0.00359	1	1.45898	0.81042	0	
1229751	8295.47852	3303754377641	0.50551	0.45648	8295.29102	0.18750	10768	1	0.51359	0.40550	1	0.48280	0.50433	1	0.49819	0.45491	1	0.45712	0.54609	13.02494	1.05879	1	0.72245	0.56891	13.81375	1.05113	1	-0.01080	-0.01163	0.68593	0.00363	1	0.05649	-0.01551	0.66267	0.00363	1	1.45898	0.81042	0	
1229752	8295.48535	3303754444330	0.50567	0.45724	8295.29102	0.19434	10768	1	0.55541	0.47643	1	0.46466	0.48177	1	0.51004	0.47910	1	0.45727	0.54680	13.02259	1.05113	1	0.72195	0.56873	13.74686	1.04347	1	-0.01080	-0.01163	0.68593	0.00351	1	0.05649	-0.01551	0.66267	0.00359	1	1.45898	0.81042	0	
1229753	8295.49121	3303754511106	0.50582	0.45802	8295.29102	0.20020	10768	1	0.55602	0.48154	1	0.46466	0.48177	1	0.51034	0.48166	1	0.45731	0.54720	13.09085	1.04347	1	0.72166	0.56896	13.61070	1.04347	1	-0.01073	-0.01133	0.66872	0.00360	1	0.05758	-0.01605	0.67718	0.00346	1	1.45898	0.81042	0	
1229754	8295.49805	3303754578688	0.50587	0.45905	8295.29102	0.20703	10768	1	0.53983	0.49605	1	0.47520	0.48593	1	0.50752	0.49099	1	0.45712	0.54757	13.51283	1.04347	1	0.72183	0.56929	13.36263	1.05113	1	-0.01073	-0.01133	0.66872	0.00351	1	0.05758	-0.01605	0.67718	0.00363	1	1.45898	0.81042	0	
1229755	8295.50488	3303754643814	0.50661	0.45851	8295.29102	0.21387	10768	1	0.55043	0.46957	1	0.51013	0.41297	1	0.53028	0.44127	1	0.45688	0.54745	12.87746	1.05113	1	0.72194	0.56897	13.05008	1.05879	1	-0.01073	-0.01133	0.66872	0.00356	1	0.05758	-0.01605	0.67718	0.00382	1	1.45898	0.81042	0	
1229756	8295.51172	3303754711473	0.50729	0.45801	8295.29102	0.22070	10768	1	0.54978	0.46440	1	0.50966	0.41806	1	0.52972	0.44123	1	0.45643	0.54709	12.87961	1.05879	1	0.72127	0.56946	13.72121	1.05198	1	-0.01107	-0.01168	0.68332	0.00360	1	0.05437	-0.01518	0.64062	0.00361	1	1.45898	0.81042	0	
1229757	8295.51855	3303754781220	0.50705	0.45834	8295.29102	0.22754	10768	1	0.54181	0.46924	1	0.45639	0.47043	1	0.49910	0.46983	1	0.45636	0.54734	13.26253	1.05198	1	0.72111	0.56941	13.62190	1.03751	1	-0.01107	-0.01168	0.68332	0.00348	1	0.05437	-0.01518	0.64062	0.00366	1	1.45898	0.81042	0	
1229758	8295.52539	3303754846060	0.50723	0.45863	8295.29102	0.23438	10768	1	0.54406	0.45251	1	0.48269	0.48482	1	0.51337	0.46867	1	0.45646	0.54792	13.33517	1.03751	1	0.72116	0.56942	13.73436	1.02304	1	-0.01107	-0.01168	0.68332	0.00378	1	0.05437	-0.01518	0.64062	0.00367	1	1.45898	0.81042	0	
1229759	8295.53223	3303754913654	0.50741	0.45926	8295.29102	0.24121	10768	1	0.54610	0.46825	1	0.48198	0.49581	1	0.51404	0.48203	1	0.45593	0.54831	12.59663	1.01503	1	0.72107	0.56983	13.62096	1.00737	1	-0.01089	-0.01144	0.66334	0.00343	1	0.05663	-0.01601	0.66900	0.00349	1	1.45898	0.81042	0	
1229760	8295.53809	3303754980324	0.50721	0.45981	8295.29102	0.24707	10768	1	0.52838	0.43388	1	0.47067	0.52590	1	0.49953	0.47989	1	0.45566	0.54762	13.05642	0.99935	1	0.72056	0.56982	14.14163	1.00616	1	-0.01089	-0.01144	0.66334	0.00366	1	0.05663	-0.01601	0.66900	0.00344	1	1.45898	0.81042	0	
1229761	8295.54492	3303755048000	0.50732	0.46089	8295.29102	0.25391	10768	1	0.54308	0.46853	1	0.48053	0.53590	1	0.51181	0.50221	1	0.45556	0.54760	12.76758	0.99814	1	0.72076	0.57013	13.78208	1.00495	1	-0.01089	-0.01144	0.66334	0.00373	1	0.05663	-0.01601	0.66900	0.00349	1	1.45898	0.81042	0	
1229762	8295.55176	3303755114852	0.50744	0.46175	8295.29102	0.26074	10768	1	0.54243	0.46369	1	0.48117	0.52631	1	0.51180	0.49500	1	0.45529	0.54836	12.32654	1.00495	1	0.72032	0.56997	13.36220	1.01942	1	-0.01103	-0.01163	0.66257	0.00350	1	0.05768	-0.01640	0.68321	0.00377	1	1.45898	0.81042	0	
1229763	8295.55859	3303755181992	0.50740	0.46184	8295.29102	0.26758	10768	1	0.51953	0.48527	1	0.49206	0.44584	1	0.50579	0.46556	1	0.45520	0.54914	12.83567	1.02744	1	0.72012	0.57013	13.47785	1.03509	1	-0.01103	-0.01163	0.66257	0.00364	1	0.05768	-0.01640	0.68321	0.00373	1	1.45898	0.81042	0	
1229764	8295.56543	3303755248843	0.50757	0.46198	8295.29102	0.27441	10768	1	0.53843	0.48212	1	0.49112	0.45379	1	0.51478	0.46795	1	0.45506	0.54904	12.74223	1.04311	1	0.72009	0.57026	13.38176	1.05077	1	-0.01103	-0.01163	0.66257	0.00356	1	0.05768	-0.01640	0.68321	0.00381	1	1.45898	0.81042	0	
1229765	8295.57227	3303755315660	0.50773	0.46187	8295.29102	0.28125	10768	1	0.53694	0.47164	1	0.49194	0.44261	1	0.51444	0.45713	1	0.45514	0.54884	12.73366	1.05879	1	0.71980	0.57042	13.77869	1.06645	1	-0.01136	-0.01203	0.67658	0.00359	1	0.05597	-0.01602	0.66529	0.00345	1	1.45898	0.81042	0	
1229766	8295.57910	3303755383112	0.50794	0.46222	8295.29102	0.28809	10768	1	0.54619	0.45998	1	0.48761	0.49403	1	0.51690	0.47701	1	0.45497	0.54924	12.98421	1.06645	1	0.71970	0.57077	13.74577	1.06645	1	-0.01136	-0.01203	0.67658	0.00352	1	0.05597	-0.01602	0.66529	0.00356	1	1.45898	0.81042	0	
1229767	8295.58594	3303755449802	0.50791	0.46244	8295.29102	0.29492	10768	1	0.54018	0.46246	1	0.47324	0.48250	1	0.50671	0.47248	1	0.45486	0.54978	13.12071	1.06645	1	0.71936	0.57081	13.62837	1.06645	1	-0.01136	-0.01203	0.67658	0.00381	1	0.05597	-0.01602	0.66529	0.00356	1	1.45898	0.81042	0	
1229768	8295.59180	3303755516629	0.50788	0.46277	8295.29102	0.30078	10768	1	0.54018	0.46246	1	0.47273	0.49226	1	0.50646	0.47736	1	0.45462	0.54991	12.53333	1.06645	1	0.71948	0.57086	13.62752	1.05198	1	-0.01151	-0.01213	0.67947	0.00356	1	0.05317	-0.01534	0.63312	0.00343	1	1.45898	0.81042	0	
1229769	8295.59863	3303755583849	0.50765	0.46353	8295.29102	0.30762	10768	1	0.51626	0.47992	1	0.47808	0.51707	1	0.49717	0.49849	1	0.45437	0.55050	13.60860	1.05198	1	0.71915	0.57084	13.67869	1.03751	1	-0.01151	-0.01213	0.67947	0.00352	1	0.05317	-0.01534	0.63312	0.00346	1	1.45898	0.81042	0	
1229770	8295.60547	3303755647973	0.50780	0.46421	8295.29102	0.31445	10768	1	0.54899	0.48694	1	0.48017	0.50556	1	0.51458	0.49625	1	0.45449	0.55044	12.70214	1.03751	1	0.71917	0.57082	13.59669	1.02304	1	-0.01151	-0.01213	0.67947	0.00355	1	0.05317	-0.01534	0.63312	0.00355	1	1.45898	0.81042	0	
1229771	8295.61230	3303755715169	0.50830	0.46437	8295.29102	0.32129	10768	1	0.55025	0.49658	1	0.48017	0.50556	1	0.51521	0.50107	1	0.45416	0.54999	13.32725	1.02304	1	0.71869	0.57099	13.61541	1.02304	1	-0.01146	-0.01201	0.67017	0.00367	1	0.05665	-0.01642	0.67574	0.00348	1	1.45898	0.81042	0	
1229772	8295.61914	3303755782481	0.50847	0.46486	8295.29102	0.32812	10768	1	0.52892	0.49998	1	0.48218	0.53493	1	0.50555	0.51746	1	0.45408	0.55030	13.35457	1.02304	1	0.71886	0.57098	13.51754	1.03751	1	-0.01146	-0.01201	0.67017	0.00340	1	0.05665	-0.01642	0.67574	0.00347	1	1.45898	0.81042	0	
1229773	8295.62500	3303755848525	0.50933	0.46440	8295.29102	0.33398	10768	1	0.56005	0.44732	1	0.48632	0.44200	1	0.52319	0.44466	1	0.45420	0.55016	13.10951	1.03751	1	0.71879	0.57023	13.05103	1.05198	1	-0.01146	-0.01201	0.67017	0.00372	1	0.05665	-0.01642	0.67574	0.00371	1	1.45898	0.81042	0	
1229774	8295.63184	3303755917984	0.51020	0.46402	8295.29102	0.34082	10768	1	0.55955	0.44278	1	0.48626	0.44287	1	0.52291	0.44283	1	0.45391	0.55053	12.97010	1.04396	1	0.71873	0.57007	13.38730	1.05077	1	-0.01140	-0.01200	0.66403	0.00341	1	0.05524	-0.01598	0.65961	0.00381	1	1.45898	0.81042	0	
1229775	8295.63867	3303755985217	0.51051	0.46613	8295.29102	0.34766	10768	1	0.53376	0.54290	1	0.49143	0.53363	1	0.51259	0.53826	1	0.45368	0.55070	12.64411	1.04275	1	0.71860	0.57097	13.42116	1.03509	1	-0.01140	-0.01200	0.66403	0.00340	1	0.05524	-0.01598	0.65961	0.00347	1	1.45898	0.81042	0	
1229776	8295.64551	3303756052179	0.51065	0.46850	8295.29102	0.35449	10768	1	0.56493	0.54292	1	0.46367	0.50983	1	0.51430	0.52637	1	0.45432	0.55104	9.80966	1.02708	1	0.71806	0.57079	12.01894	1.01942	1	-0.01140	-0.01200	0.66403	0.00328	1	0.05524	-0.01598	0.65961	0.00344	1	1.45898	0.81042	0	
1229777	8295.65234	3303756119177	0.51065	0.46850	8295.29102	0.36133	10768	1	0.56493	0.54292	0	0.46367	0.50983	0	0.51430	0.52637	0	0.45432	0.55104	9.80966	1.01140	0	0.71806	0.57079	12.01894	1.00374	0	-0.01140	-0.01200	0.66403	0.00328	1	0.05524	-0.01598	0.65961	0.00344	1	1.45898	0.81042	0	
1229778	8295.65918	3303756186434	0.51065	0.46850	8295.29102	0.36816	10768	1	0.56493	0.54292	0	0.46367	0.50983	0	0.51430	0.52637	0	0.45432	0.55104	9.80966	1.00374	0	0.71806	0.57079	12.01894	1.00374	0	-0.01140	-0.01200	0.66403	0.00328	1	0.05524	-0.01598	0.65961	0.00344	1	1.45898	0.81042	0	
1229779	8295.66602	3303756253510	0.51065	0.46850	8295.29102	0.37500	10768	1	0.56493	0.54292	0	0.46367	0.50983	0	0.51430	0.52637	0	0.45432	0.55104	9.80966	1.00374	0	0.71806	0.57079	12.01894	1.00374	0	-0.01140	-0.01200	0.66403	0.00328	1	0.05524	-0.01598	0.65961	0.00344	1	1.45898	0.81042	0	
1229780	8295.67285	3303756320213	0.51250	0.48745	8295.29102	0.37500	10768	0	0.56493	0.54292	0	0.46367	0.50983	0	0.51430	0.52637	0	0.45432	0.55104	9.80966	1.00374	0	0.71806	0.57079	12.01894	1.00374	0	-0.01140	-0.01200	0.66403	0.00328	1	0.05524	-0.01598	0.65961	0.00344	1	1.45898	0.81042	0	
1229781	8295.67871	3303756387060	0.51250	0.48745	8295.29102	0.37500	10768	0	0.56493	0.54292	0	0.46367	0.50983	0	0.51430	0.52637	0	0.45432	0.55104	9.80966	1.00374	0	0.71806	0.57079	12.01894	1.00374	0	-0.01140	-0.01200	0.66403	0.00328	1	0.05524	-0.01598	0.65961	0.00344	1	1.45898	0.81042	0	
1229782	8295.68555	3303756453833	0.51250	0.48745	8295.29102	0.37500	10768	0	0.56493	0.54292	0	0.46367	0.50983	0	0.51430	0.52637	0	0.45432	0.55104	9.80966	1.00374	0	0.71806	0.57079	12.01894	1.00374	0	-0.01140	-0.01200	0.66403	0.00328	1	0.05524	-0.01598	0.65961	0.00344	1	1.45898	0.81042	0	
1229783	8295.69238	3303756521323	0.00000	0.00000	8295.29102	0.37500	10768	0	0.56493	0.54292	0	0.46367	0.50983	0	0.51430	0.52637	0	0.45432	0.55104	9.80966	1.00374	0	0.71806	0.57079	12.01894	1.00374	0	-0.01140	-0.01200	0.66403	0.00328	1	0.05524	-0.01598	0.65961	0.00344	1	1.45898	0.81042	0	
1229784	8295.69922	3303756588448	0.00000	0.00000	8295.29102	0.37500	10768	0	0.56493	0.54292	0	0.46367	0.50983	0	0.51430	0.52637	0	0.45432	0.55104	9.80966	1.00374	0	0.71806	0.57079	12.01894	1.00374	0	-0.01140	-0.01200	0.66403	0.00328	1	0.05524	-0.01598	0.65961	0.00344	1	1.45898	0.81042	0	
1229785	8295.70605	3303756653714	0.00000	0.00000	8295.29102	0.37500	10768	0	0.56493	0.54292	0	0.46367	0.50983	0	0.51430	0.52637	0	0.45432	0.55104	9.80966	1.00374	0	0.71806	0.57079	12.01894	1.00374	0	-0.01140	-0.01200	0.66403	0.00328	1	0.05524	-0.01598	0.65961	0.00344	1	1.45898	0.81042	0	
1229786	8295.71289	3303756721963	0.00000	0.00000	8295.29102	0.37500	10768	0	0.56493	0.54292	0	0.46367	0.50983	0	0.51430	0.52637	0	0.45432	0.55104	9.80966	1.00374	0	0.71806	0.57079	12.01894	1.00374	0	-0.01140	-0.01200	0.66403	0.00328	1	0.05524	-0.01598	0.65961	0.00344	1	1.45898	0.81042	0	
1229787	8295.71973	3303756790292	0.00000	0.00000	8295.29102	0.37500	10768	0	0.56493	0.54292	0	0.46367	0.50983	0	0.51430	0.52637	0	0.45432	0.55104	9.80966	1.00374	0	0.71806	0.57079	12.01894	1.00374	0	-0.01140	-0.01200	0.66403	0.00328	1	0.05524	-0.01598	0.65961	0.00344	1	1.45898	0.81042	0	
1229788	8295.72559	3303756855605	0.00000	0.00000	8295.29102	0.37500	10768	0	0.56493	0.54292	0	0.46367	0.50983	0	0.51430	0.52637	0	0.45432	0.55104	9.80966	1.00374	0	0.71806	0.57079	12.01894	1.00374	0	-0.01140	-0.01200	0.66403	0.00328	1	0.05524	-0.01598	0.65961	0.00344	1	1.45898	0.81042	0	
1229789	8295.73242	3303756922870	0.00000	0.00000	8295.29102	0.37500	10768	0	0.56493	0.54292	0	0.46367	0.50983	0	0.51430	0.52637	0	0.45432	0.55104	9.80966	1.00374	0	0.71806	0.57079	12.01894	1.00374	0	-0.01140	-0.01200	0.66403	0.00328	1	0.05524	-0.01598	0.65961	0.00344	1	1.45898	0.81042	0	
1229790	8295.73926	3303756990467	0.00000	0.00000	8295.29102	0.37500	10768	0	0.56493	0.54292	0	0.46367	0.50983	0	0.51430	0.52637	0	0.45432	0.55104	9.80966	1.00374	0	0.71806	0.57079	12.01894	1.00374	0	-0.01140	-0.01200	0.66403	0.00328	1	0.05524	-0.01598	0.65961	0.00344	1	1.45898	0.81042	0	
1229791	8295.74609	3303757056925	0.00000	0.00000	8295.29102	0.37500	10768	0	0.56493	0.54292	0	0.46367	0.50983	0	0.51430	0.52637	0	0.45432	0.55104	9.80966	1.00374	0	0.71806	0.57079	12.01894	1.00374	0	-0.01140	-0.01200	0.66403	0.00328	1	0.05524	-0.01598	0.65961	0.00344	1	1.45898	0.81042	0	
1229792	8295.75293	3303757124087	0.00000	0.00000	8295.29102	0.37500	10768	0	0.56493	0.54292	0	0.46367	0.50983	0	0.51430	0.52637	0	0.45432	0.55104	9.80966	1.00374	0	0.71806	0.57079	12.01894	1.00374	0	-0.01140	-0.01200	0.66403	0.00328	1	0.05524	-0.01598	0.65961	0.00344	1	1.45898	0.81042	0	
1229793	8295.75977	3303757190918	0.00000	0.00000	8295.29102	0.37500	10768	0	0.56493	0.54292	0	0.46367	0.50983	0	0.51430	0.52637	0	0.45432	0.55104	9.80966	1.00374	0	0.71806	0.57079	12.01894	1.00374	0	-0.01140	-0.01200	0.66403	0.00328	1	0.05524	-0.01598	0.65961	0.00344	1	1.45898	0.81042	0	
1229794	8295.76660	3303757257877	0.00000	0.00000	8295.29102	0.37500	10768	0	0.56493	0.54292	0	0.46367	0.50983	0	0.51430	0.52637	0	0.45432	0.55104	9.80966	1.00374	0	0.71806	0.57079	12.01894	1.00374	0	-0.01140	-0.01200	0.66403	0.00328	1	0.05524	-0.01598	0.65961	0.00344	1	1.45898	0.81042	0	
1229795	8295.77344	3303757324978	0.00000	0.00000	8295.29102	0.37500	10768	0	0.56493	0.54292	0	0.46367	0.50983	0	0.51430	0.52637	0	0.45432	0.55104	9.80966	1.00374	0	0.71806	0.57079	12.01894	1.00374	0	-0.01140	-0.01200	0.66403	0.00328	1	0.05524	-0.01598	0.65961	0.00344	1	1.45898	0.81042	0	
1229796	8295.77930	3303757392012	0.00000	0.00000	8295.29102	0.37500	10768	0	0.56493	0.54292	0	0.46367	0.50983	0	0.51430	0.52637	0	0.45432	0.55104	9.80966	1.00374	0	0.71806	0.57079	12.01894	1.00374	0	-0.01140	-0.01200	0.66403	0.00328	1	0.05524	-0.01598	0.65961	0.00344	1	1.45898	0.81042	0	
1229797	8295.78613	3303757459441	0.25455	0.33031	8295.29102	0.37500	10768	0	0.56664	0.67030	1	0.45155	0.65095	1	0.50909	0.66062	1	0.45399	0.55250	13.07992	1.00374	1	0.71840	0.57304	13.02002	1.00374	1	-0.01140	-0.01200	0.66403	0.00309	1	0.05524	-0.01598	0.65961	0.00324	1	1.45898	0.81042	0	
1229798	8295.79297	3303757526201	0.50895	0.65944	8295.29102	0.37500	10768	0	0.56604	0.66625	1	0.45157	0.65029	1	0.50880	0.65827	1	0.45377	0.55233	12.84375	1.01176	1	0.71845	0.57272	12.80469	1.00495	1	-0.01146	-0.01216	0.67017	0.00318	1	0.05347	-0.01555	0.63787	0.00335	1	1.45898	0.81042	0	
1229799	8295.79980	3303757592614	0.50205	0.64103	8295.29102	0.37500	10768	0	0.54539	0.60205	1	0.44492	0.64316	1	0.49516	0.62261	1	0.45395	0.55219	13.30790	1.01297	1	0.71832	0.57290	12.93166	1.00616	1	-0.01146	-0.01216	0.67017	0.00315	1	0.05347	-0.01555	0.63787	0.00322	1	1.45898	0.81042	0	
1229800	8295.80664	3303757656691	0.50485	0.64089	8295.29102	0.37500	10768	0	0.56599	0.63223	1	0.45489	0.64901	1	0.51044	0.64062	1	0.45407	0.55227	13.47584	1.01418	1	0.71848	0.57279	12.69464	1.00737	1	-0.01146	-0.01216	0.67017	0.00311	1	0.05347	-0.01555	0.63787	0.00335	1	1.45898	0.81042	0	
1229801	8295.81250	3303757724354	0.50633	0.64076	8295.79297	0.01953	10769	1	0.56649	0.63589	1	0.45504	0.64482	1	0.51076	0.64036	1	0.45399	0.55246	13.14711	1.00737	1	0.71854	0.57264	13.29200	1.01503	1	-0.01121	-0.01189	0.65260	0.00319	1	0.05751	-0.01665	0.68723	0.00340	1	1.45898	0.81042	0	
1229802	8295.81934	3303757790011	0.50813	0.64600	8295.79297	0.02637	10769	1	0.54639	0.61582	1	0.48432	0.71807	1	0.51536	0.66695	1	0.45384	0.55166	12.91611	1.00701	1	0.71858	0.57246	13.23365	1.02148	1	-0.01121	-0.01189	0.65260	0.00318	1	0.05751	-0.01665	0.68723	0.00325	1	1.45898	0.81042	0	
1229803	8295.82617	3303757858992	0.50984	0.64643	8295.79297	0.03320	10769	1	0.55299	0.59726	1	0.48378	0.70001	1	0.51838	0.64863	1	0.45391	0.55149	12.59617	1.01346	1	0.71855	0.57225	13.16888	1.02793	1	-0.01121	-0.01189	0.65260	0.00312	1	0.05751	-0.01665	0.68723	0.00329	1	1.45898	0.81042	0	
1229804	8295.83301	3303757924091	0.51102	0.64653	8295.79297	0.04004	10769	1	0.55244	0.59356	1	0.48372	0.70060	1	0.51808	0.64708	1	0.45386	0.55125	12.38588	1.01991	1	0.71864	0.57221	13.14794	1.02672	1	-0.01148	-0.01194	0.66308	0.00329	1	0.05653	-0.01633	0.67618	0.00332	1	1.45898	0.81042	0	
1229805	8295.83984	3303757992993	0.51446	0.64646	8295.79297	0.04688	10769	1	0.56832	0.62581	1	0.50877	0.66617	1	0.53854	0.64599	1	0.45391	0.55181	12.71427	1.02672	1	0.71857	0.57196	13.28796	1.01906	1	-0.01148	-0.01194	0.66308	0.00314	1	0.05653	-0.01633	0.67618	0.00320	1	1.45898	0.81042	0	
1229806	8295.84668	3303758059725	0.51663	0.64626	8295.79297	0.05371	10769	1	0.56355	0.63930	1	0.50437	0.65011	1	0.53396	0.64470	1	0.45377	0.55177	13.28878	1.01906	1	0.71846	0.57161	13.20083	1.01140	1	-0.01148	-0.01194	0.66308	0.00305	1	0.05653	-0.01633	0.67618	0.00334	1	1.45898	0.81042	0	
1229807	8295.85352	3303758125873	0.51836	0.64609	8295.79297	0.06055	10769	1	0.56352	0.63911	1	0.50439	0.64991	1	0.53396	0.64451	1	0.45362	0.55145	13.10844	1.01942	1	0.71827	0.57171	13.66426	1.01176	1	-0.01180	-0.01221	0.67827	0.00322	1	0.05653	-0.01623	0.67617	0.00323	1	1.45898	0.81042	0	
1229808	8295.85938	3303758193757	0.51710	0.64490	8295.79297	0.06641	10769	1	0.52820	0.60379	1	0.48079	0.66221	1	0.50449	0.63300	1	0.45329	0.55117	12.84984	1.01978	1	0.71810	0.57155	13.71297	1.01978	1	-0.01180	-0.01221	0.67827	0.00318	1	0.05653	-0.01623	0.67617	0.00335	1	1.45898	0.81042	0	
1229809	8295.86621	3303758258019	0.51759	0.64643	8295.79297	0.07324	10769	1	0.56322	0.63681	1	0.48289	0.68969	1	0.52305	0.66325	1	0.45348	0.55115	13.09357	1.02779	1	0.71814	0.57129	13.71973	1.02779	1	-0.01180	-0.01221	0.67827	0.00319	1	0.05653	-0.01623	0.67617	0.00339	1	1.45898	0.81042	0	
1229810	8295.87305	3303758328915	0.51802	0.64800	8295.79297	0.08008	10769	1	0.56376	0.64056	1	0.48257	0.69324	1	0.52316	0.66690	1	0.45293	0.55117	13.19387	1.02067	1	0.71756	0.57134	13.01367	1.02067	1	-0.01131	-0.01145	0.64441	0.00334	1	0.05525	-0.01574	0.66202	0.00333	1	1.45898	0.81042	0	
1229811	8295.87988	3303758396779	0.51618	0.64816	8295.79297	0.08691	10769	1	0.54339	0.60752	1	0.44107	0.69284	1	0.49223	0.65018	1	0.45307	0.55042	12.76007	1.00552	1	0.71749	0.57113	13.45030	1.00552	1	-0.01131	-0.01145	0.64441	0.00306	1	0.05525	-0.01574	0.66202	0.00326	1	1.45898	0.81042	0	
1229812	8295.88672	3303758463742	0.51525	0.64967	8295.79297	0.09375	10769	1	0.54140	0.64236	1	0.46305	0.69924	1	0.50222	0.67080	1	0.45306	0.55073	13.17381	0.99038	1	0.71752	0.57116	13.60219	0.99038	1	-0.01131	-0.01145	0.64441	0.00304	1	0.05525	-0.01574	0.66202	0.00324	1	1.45898	0.81042	0	
1229813	8295.89355	3303758528949	0.51445	0.65125	8295.79297	0.10059	10769	1	0.54219	0.64670	1	0.46283	0.70330	1	0.50251	0.67500	1	0.45267	0.55060	13.68940	0.98236	1	0.71788	0.57019	12.84865	0.98236	1	-0.01162	-0.01167	0.65959	0.00320	1	0.05500	-0.01565	0.66020	0.00363	1	1.45898	0.81042	0	
1229814	8295.90039	3303758597871	0.51482	0.65080	8295.79297	0.10742	10769	1	0.55909	0.62574	1	0.48221	0.66151	1	0.52065	0.64363	1	0.45269	0.55060	13.65718	0.98949	1	0.71785	0.57025	13.34364	0.98949	1	-0.01162	-0.01167	0.65959	0.00315	1	0.05500	-0.01565	0.66020	0.00349	1	1.45898	0.81042	0	
1229815	8295.90723	3303758664788	0.51452	0.65211	8295.79297	0.11426	10769	1	0.54145	0.63425	1	0.47747	0.71440	1	0.50946	0.67433	1	0.45255	0.55036	13.55280	0.99662	1	0.71781	0.57043	13.39367	0.99662	1	-0.01162	-0.01167	0.65959	0.00318	1	0.05500	-0.01565	0.66020	0.00316	1	1.45898	0.81042	0	
1229816	8295.91309	3303758727125	0.51423	0.65287	8295.79297	0.12012	10769	1	0.53997	0.62598	1	0.47810	0.70700	1	0.50903	0.66649	1	0.45258	0.55009	13.32131	1.01176	1	0.71751	0.56995	13.89905	1.01176	1	-0.01202	-0.01192	0.67904	0.00331	1	0.05500	-0.01555	0.66020	0.00334	1	1.45898	0.81042	0	
1229817	8295.91992	3303758798594	0.51337	0.65127	8295.79297	0.12695	10769	1	0.53423	0.59467	1	0.45978	0.64710	1	0.49701	0.62088	1	0.45252	0.54937	13.12599	1.01978	1	0.71740	0.56975	14.08075	1.01978	1	-0.01202	-0.01192	0.67904	0.00333	1	0.05500	-0.01555	0.66020	0.00320	1	1.45898	0.81042	0	
1229818	8295.92676	3303758865172	0.51237	0.64914	8295.79297	0.13379	10769	1	0.52862	0.60586	1	0.45625	0.60711	1	0.49244	0.60648	1	0.45260	0.54958	13.54302	1.02779	1	0.71744	0.56952	13.84443	1.02779	1	-0.01202	-0.01192	0.67904	0.00321	1	0.05500	-0.01555	0.66020	0.00330	1	1.45898	0.81042	0	
1229819	8295.93359	3303758933091	0.51146	0.64689	8295.79297	0.14062	10769	1	0.52777	0.60139	1	0.45657	0.59806	1	0.49217	0.59972	1	0.45250	0.54960	12.95147	1.03581	1	0.71734	0.56924	13.84901	1.04347	1	-0.01202	-0.01182	0.67904	0.00322	1	0.05580	-0.01564	0.67039	0.00321	1	1.45898	0.81042	0	
1229820	8295.94043	3303758999093	0.51108	0.64392	8295.79297	0.14746	10769	1	0.52652	0.56245	1	0.47889	0.59453	1	0.50271	0.57849	1	0.45255	0.54923	12.86219	1.04347	1	0.71736	0.56892	14.43588	1.05113	1	-0.01202	-0.01182	0.67904	0.00320	1	0.05580	-0.01564	0.67039	0.00299	1	1.45898	0.81042	0	
1229821	8295.94727	3303759066264	0.50998	0.64286	8295.79297	0.15430	10769	1	0.52343	0.58442	1	0.44629	0.65300	1	0.48486	0.61871	1	0.45238	0.54899	13.14854	1.05113	1	0.71740	0.56891	13.97455	1.05879	1	-0.01202	-0.01182	0.67904	0.00331	1	0.05580	-0.01564	0.67039	0.00317	1	1.45898	0.81042	0	
1229822	8295.95410	3303759133518	0.50898	0.64199	8295.79297	0.16113	10769	1	0.52347	0.58462	1	0.44621	0.65714	1	0.48484	0.62088	1	0.45258	0.54914	13.29075	1.05077	1	0.71740	0.56875	13.96546	1.05077	1	-0.01165	-0.01131	0.65562	0.00329	1	0.05460	-0.01527	0.65662	0.00330	1	1.45898	0.81042	0	
1229823	8295.96094	3303759200198	0.50977	0.64088	8295.79297	0.16797	10769	1	0.57009	0.59395	1	0.48936	0.63273	1	0.52972	0.61334	1	0.45256	0.54861	13.42281	1.04275	1	0.71742	0.56855	14.00709	1.03509	1	-0.01165	-0.01131	0.65562	0.00307	1	0.05460	-0.01527	0.65662	0.00338	1	1.45898	0.81042	0	
1229824	8295.96680	3303759267750	0.50983	0.64088	8295.79297	0.17383	10769	1	0.56202	0.63269	1	0.46075	0.64875	1	0.51139	0.64072	1	0.45246	0.54872	13.67354	1.02708	1	0.71744	0.56861	14.22397	1.01942	1	-0.01165	-0.01131	0.65562	0.00305	1	0.05460	-0.01527	0.65662	0.00333	1	1.45898	0.81042	0	
1229825	8295.97363	3303759332952	0.50991	0.64123	8295.79297	0.18066	10769	1	0.56378	0.64479	1	0.46038	0.65695	1	0.51208	0.65087	1	0.45200	0.54848	13.95923	1.00428	1	0.71736	0.56855	14.22521	1.00428	1	-0.01145	-0.01097	0.64167	0.00317	1	0.05580	-0.01544	0.67039	0.00330	1	1.45898	0.81042	0	
1229826	8295.98047	3303759402475	0.50986	0.64050	8295.79297	0.18750	10769	1	0.52628	0.59078	1	0.49029	0.64925	1	0.50828	0.62001	1	0.45191	0.54828	13.72593	0.99715	1	0.71727	0.56799	14.34408	1.00481	1	-0.01145	-0.01097	0.64167	0.00325	1	0.05580	-0.01544	0.67039	0.00316	1	1.45898	0.81042	0	
1229827	8295.98730	3303759469919	0.50977	0.64016	8295.79297	0.19434	10769	1	0.53859	0.61128	1	0.47599	0.64919	1	0.50729	0.63024	1	0.45204	0.54828	13.84876	0.99768	1	0.71731	0.56815	14.43517	1.00534	1	-0.01145	-0.01097	0.64167	0.00321	1	0.05580	-0.01544	0.67039	0.00312	1	1.45898	0.81042	0	
1229828	8295.99414	3303759535782	0.50969	0.63990	8295.79297	0.20117	10769	1	0.53854	0.61098	1	0.47570	0.65311	1	0.50712	0.63204	1	0.45241	0.54802	13.23445	0.99822	1	0.71741	0.56788	14.29764	0.99822	1	-0.01145	-0.01088	0.64167	0.00338	1	0.05460	-0.01507	0.65662	0.00319	1	1.45898	0.81042	0	
1229829	8296.00098	3303759602294	0.50977	0.64017	8295.79297	0.20801	10769	1	0.54511	0.66994	1	0.47942	0.62740	1	0.51227	0.64867	1	0.45233	0.54816	14.05836	0.99822	1	0.71750	0.56785	14.17435	0.99056	1	-0.01145	-0.01088	0.64167	0.00318	1	0.05460	-0.01507	0.65662	0.00320	1	1.45898	0.81042	0	
1229830	8296.00781	3303759669580	0.50994	0.63981	8295.79297	0.21484	10769	1	0.54307	0.63190	1	0.48783	0.62422	1	0.51545	0.62806	1	0.45212	0.54735	13.72305	0.99056	1	0.71754	0.56784	13.66188	0.98290	1	-0.01145	-0.01088	0.64167	0.00298	1	0.05460	-0.01507	0.65662	0.00323	1	1.45898	0.81042	0	
1229831	8296.01465	3303759736810	0.51011	0.63959	8295.79297	0.22168	10769	1	0.54381	0.63613	1	0.48742	0.62872	1	0.51562	0.63243	1	0.45210	0.54774	13.86513	0.98290	1	0.71749	0.56713	13.83278	0.97524	1	-0.01145	-0.01088	0.64167	0.00305	1	0.05441	-0.01497	0.65435	0.00348	1	1.45898	0.81042	0	
1229832	8296.02051	3303759801845	0.50994	0.63862	8295.79297	0.22754	10769	1	0.53550	0.61712	1	0.47269	0.59436	1	0.50410	0.60574	1	0.45218	0.54755	13.46530	0.97524	1	0.71749	0.56739	14.03004	0.97524	1	-0.01145	-0.01088	0.64167	0.00309	1	0.05441	-0.01497	0.65435	0.00341	1	1.45898	0.81042	0	
1229833	8296.02734	3303759866402	0.50979	0.63760	8295.79297	0.23438	10769	1	0.54048	0.62173	1	0.46872	0.58166	1	0.50460	0.60169	1	0.45218	0.54762	13.56119	0.97524	1	0.71750	0.56737	13.93494	0.97524	1	-0.01145	-0.01088	0.64167	0.00306	1	0.05441	-0.01497	0.65435	0.00342	1	1.45898	0.81042	0	
1229834	8296.03418	3303759935043	0.50964	0.63668	8295.79297	0.24121	10769	1	0.54048	0.62173	1	0.46849	0.58599	1	0.50449	0.60386	1	0.45212	0.54765	13.87401	0.97524	1	0.71742	0.56760	14.03655	0.96843	1	-0.01145	-0.01088	0.64167	0.00308	1	0.05374	-0.01477	0.64576	0.00316	1	1.45898	0.81042	0	
1229835	8296.04102	3303760005946	0.50944	0.63609	8295.79297	0.24805	10769	1	0.54548	0.60995	1	0.45842	0.61849	1	0.50195	0.61422	1	0.45230	0.54777	14.01789	0.96843	1	0.71744	0.56758	14.09080	0.96162	1	-0.01145	-0.01088	0.64167	0.00306	1	0.05374	-0.01477	0.64576	0.00319	1	1.45898	0.81042	0	
1229836	8296.04785	3303760071781	0.50946	0.63630	8295.79297	0.25488	10769	1	0.56045	0.67883	1	0.45949	0.60980	1	0.50997	0.64432	1	0.45243	0.54816	13.19051	0.96162	1	0.71749	0.56761	13.82625	0.95481	1	-0.01145	-0.01088	0.64167	0.00326	1	0.05374	-0.01477	0.64576	0.00316	1	1.45898	0.81042	0	
1229837	8296.05469	3303760137777	0.50948	0.63655	8295.79297	0.26172	10769	1	0.56102	0.68236	1	0.45949	0.60980	1	0.51026	0.64608	1	0.45257	0.54789	13.22906	0.95481	1	0.71739	0.56766	14.14558	0.95481	1	-0.01145	-0.01088	0.64167	0.00341	1	0.05448	-0.01496	0.65400	0.00314	1	1.45898	0.81042	0	
1229838	8296.06055	3303760205090	0.50931	0.63633	8295.79297	0.26758	10769	1	0.54392	0.61286	1	0.46177	0.64217	1	0.50285	0.62752	1	0.45256	0.54805	13.26850	0.95481	1	0.71746	0.56798	14.38855	0.96162	1	-0.01145	-0.01088	0.64167	0.00327	1	0.05448	-0.01496	0.65400	0.00320	1	1.45898	0.81042	0	
1229839	8296.06738	3303760272384	0.50904	0.63511	8295.79297	0.27441	10769	1	0.53446	0.51886	1	0.46159	0.65131	1	0.49803	0.58508	1	0.45276	0.54787	13.23371	0.96162	1	0.71777	0.56851	13.63375	0.96843	1	-0.01145	-0.01088	0.64167	0.00322	1	0.05448	-0.01496	0.65400	0.00343	1	1.45898	0.81042	0	
1229840	8296.07422	3303760339859	0.50877	0.63362	8295.79297	0.28125	10769	1	0.53210	0.50378	1	0.46218	0.63885	1	0.49714	0.57132	1	0.45385	0.54879	12.79098	0.98357	1	0.71916	0.56925	14.30047	0.99038	1	-0.01180	-0.01160	0.67827	0.00308	1	0.05653	-0.01562	0.67618	0.00313	1	1.45898	0.81042	0	
1229841	8296.08105	3303760406189	0.51045	0.63425	8295.79297	0.28809	10769	1	0.60802	0.60941	1	0.55761	0.71269	1	0.58281	0.66105	1	0.45463	0.54845	13.20736	1.00552	1	0.71972	0.56954	14.13298	1.00552	1	-0.01180	-0.01160	0.67827	0.00318	1	0.05653	-0.01562	0.67618	0.00323	1	1.45898	0.81042	0	
1229842	8296.08789	3303760473139	0.51205	0.63478	8295.79297	0.29492	10769	1	0.61582	0.60998	1	0.54894	0.70651	1	0.58238	0.65825	1	0.45471	0.54883	13.26159	1.02067	1	0.71970	0.56990	14.05950	1.02067	1	-0.01180	-0.01160	0.67827	0.00338	1	0.05653	-0.01562	0.67618	0.00336	1	1.45898	0.81042	0	
1229843	8296.09473	3303760540573	0.51358	0.63525	8295.79297	0.30176	10769	1	0.61561	0.60603	1	0.54898	0.70636	1	0.58229	0.65619	1	0.45496	0.54922	13.59640	1.02779	1	0.71987	0.57015	14.33351	1.02098	1	-0.01121	-0.01131	0.65260	0.00313	1	0.05347	-0.01488	0.63787	0.00326	1	1.45898	0.81042	0	
1229844	8296.10156	3303760607542	0.51465	0.63504	8295.79297	0.30859	10769	1	0.60562	0.56852	1	0.52233	0.68261	1	0.56397	0.62556	1	0.45461	0.54948	13.34444	1.01297	1	0.71962	0.57007	13.80608	1.00616	1	-0.01121	-0.01131	0.65260	0.00315	1	0.05347	-0.01488	0.63787	0.00335	1	1.45898	0.81042	0	
1229845	8296.10742	3303760674099	0.51600	0.63562	8295.79297	0.31445	10769	1	0.60644	0.59558	1	0.55289	0.72981	1	0.57966	0.66269	1	0.45463	0.54942	13.46337	0.99814	1	0.71987	0.57044	13.61576	0.99133	1	-0.01121	-0.01131	0.65260	0.00307	1	0.05347	-0.01488	0.63787	0.00331	1	1.45898	0.81042	0	
1229846	8296.11426	3303760741095	0.51747	0.63581	8295.79297	0.32129	10769	1	0.60701	0.60420	1	0.55196	0.73365	1	0.57948	0.66893	1	0.45467	0.54921	12.85756	0.98332	1	0.71990	0.57067	14.25723	0.98332	1	-0.01148	-0.01154	0.66308	0.00315	1	0.05524	-0.01553	0.65961	0.00320	1	1.45898	0.81042	0	
1229847	8296.12109	3303760808348	0.54859	0.64078	8295.79297	0.32129	10769	0	0.63139	0.60922	1	0.55703	0.75551	1	0.59421	0.68237	1	0.45487	0.54947	13.12526	0.98332	1	0.71989	0.57064	14.24087	0.99013	1	-0.01148	-0.01154	0.66308	0.00299	1	0.05524	-0.01553	0.65961	0.00324	1	1.45898	0.81042	0	
1229848	8296.12793	3303760874784	0.57312	0.66955	8295.79297	0.32129	10769	0	0.63129	0.68181	1	0.56403	0.71485	1	0.59766	0.69833	1	0.45487	0.55004	13.18645	0.99013	1	0.71993	0.57095	14.19157	0.99693	1	-0.01148	-0.01154	0.66308	0.00321	1	0.05524	-0.01553	0.65961	0.00332	1	1.45898	0.81042	0	
1229849	8296.13477	3303760941891	0.58174	0.67607	8295.79297	0.32129	10769	0	0.63106	0.67442	1	0.56688	0.70377	1	0.59897	0.68909	1	0.45467	0.55038	13.32589	1.00495	1	0.71955	0.57076	13.70671	1.01942	1	-0.01196	-0.01212	0.68750	0.00307	1	0.05715	-0.01608	0.68300	0.00328	1	1.45898	0.81042	0	
1229850	8296.14160	3303761008846	0.58248	0.65816	8296.12109	0.02051	10770	1	0.61784	0.55248	1	0.55156	0.65637	1	0.58470	0.60443	1	0.45456	0.55026	13.05456	1.02744	1	0.71959	0.57091	13.72365	1.03510	1	-0.01196	-0.01212	0.68750	0.00318	1	0.05715	-0.01608	0.68300	0.00336	1	1.45898	0.81042	0	
1229851	8296.14844	3303761075842	0.58385	0.64927	8296.12109	0.02734	10770	1	0.63263	0.56306	1	0.54600	0.66437	1	0.58931	0.61371	1	0.45463	0.55054	13.38171	1.04311	1	0.71955	0.57109	13.77125	1.05077	1	-0.01196	-0.01212	0.68750	0.00315	1	0.05715	-0.01608	0.68300	0.00335	1	1.45898	0.81042	0	
1229852	8296.15430	3303761142914	0.58487	0.64190	8296.12109	0.03320	10770	1	0.63241	0.55386	1	0.54762	0.65629	1	0.59001	0.60508	1	0.45469	0.55046	12.97691	1.05879	1	0.71954	0.57125	14.49513	1.06645	1	-0.01190	-0.01211	0.68403	0.00319	1	0.05751	-0.01634	0.68723	0.00323	1	1.45898	0.81042	0	
1229853	8296.16113	3303761207808	0.58698	0.63826	8296.12109	0.04004	10770	1	0.63606	0.57837	1	0.56317	0.65448	1	0.59961	0.61642	1	0.45465	0.55087	12.94077	1.06645	1	0.71944	0.57122	14.36864	1.06645	1	-0.01190	-0.01211	0.68403	0.00324	1	0.05751	-0.01634	0.68723	0.00311	1	1.45898	0.81042	0	
1229854	8296.16797	3303761276628	0.58803	0.63595	8296.12109	0.04688	10770	1	0.64611	0.57344	1	0.54471	0.66616	1	0.59541	0.61980	1	0.45467	0.55119	13.04281	1.06645	1	0.71906	0.57169	14.13859	1.06645	1	-0.01190	-0.01211	0.68403	0.00324	1	0.05751	-0.01634	0.68723	0.00328	1	1.45898	0.81042	0	
1229855	8296.17480	3303761344021	0.58881	0.63437	8296.12109	0.05371	10770	1	0.64611	0.57344	1	0.54394	0.67003	1	0.59502	0.62174	1	0.45442	0.55144	12.94600	1.06645	1	0.71891	0.57184	14.17983	1.05879	1	-0.01177	-0.01213	0.67665	0.00304	1	0.05653	-0.01613	0.67618	0.00316	1	1.45898	0.81042	0	
1229856	8296.18164	3303761411146	0.58780	0.63556	8296.12109	0.06055	10770	1	0.60968	0.62406	1	0.54777	0.66834	1	0.57872	0.64620	1	0.45409	0.55176	13.01985	1.05879	1	0.71918	0.57208	13.88467	1.05113	1	-0.01177	-0.01213	0.67665	0.00310	1	0.05653	-0.01613	0.67618	0.00315	1	1.45898	0.81042	0	
1229857	8296.18848	3303761478003	0.58798	0.63536	8296.12109	0.06738	10770	1	0.61434	0.56367	1	0.56525	0.70318	1	0.58979	0.63342	1	0.45418	0.55132	13.48017	1.05113	1	0.71915	0.57246	13.95721	1.04347	1	-0.01177	-0.01213	0.67665	0.00319	1	0.05653	-0.01613	0.67618	0.00329	1	1.45898	0.81042	0	
1229858	8296.19531	3303761543569	0.58808	0.63606	8296.12109	0.07422	10770	1	0.61501	0.57694	1	0.56339	0.71047	1	0.58920	0.64371	1	0.45398	0.55157	13.22403	1.02833	1	0.71919	0.57262	14.29608	1.02833	1	-0.01082	-0.01120	0.61685	0.00313	1	0.05592	-0.01615	0.67068	0.00316	1	1.45898	0.81042	0	
1229859	8296.20215	3303761611761	0.58805	0.63886	8296.12109	0.08105	10770	1	0.60601	0.60103	1	0.56920	0.74401	1	0.58761	0.67252	1	0.45399	0.55212	13.15683	1.01318	1	0.71918	0.57267	14.20903	1.02084	1	-0.01082	-0.01120	0.61685	0.00326	1	0.05592	-0.01615	0.67068	0.00327	1	1.45898	0.81042	0	
1229860	8296.20801	3303761675085	0.58808	0.64174	8296.12109	0.08691	10770	1	0.61247	0.65679	1	0.56460	0.70137	1	0.58853	0.67908	1	0.45388	0.55228	13.22360	1.00570	1	0.71920	0.57285	14.10121	1.01336	1	-0.01082	-0.01120	0.61685	0.00326	1	0.05592	-0.01615	0.67068	0.00327	1	1.45898	0.81042	0	
1229861	8296.21484	3303761742052	0.58814	0.64397	8296.12109	0.09375	10770	1	0.61222	0.65284	1	0.56556	0.69756	1	0.58889	0.67520	1	0.45403	0.55230	13.01515	1.01336	1	0.71890	0.57283	13.68159	1.02102	1	-0.01202	-0.01238	0.67904	0.00308	1	0.05592	-0.01620	0.67068	0.00321	1	1.45898	0.81042	0	
1229862	8296.22168	3303761809669	0.58835	0.64346	8296.12109	0.10059	10770	1	0.63339	0.53808	1	0.54960	0.73372	1	0.59150	0.63590	1	0.45423	0.55242	13.11560	1.03616	1	0.71894	0.57318	14.37698	1.03616	1	-0.01202	-0.01238	0.67904	0.00306	1	0.05592	-0.01620	0.67068	0.00331	1	1.45898	0.81042	0	
1229863	8296.22852	3303761879431	0.58883	0.64131	8296.12109	0.10742	10770	1	0.63077	0.55720	1	0.56226	0.65658	1	0.59652	0.60689	1	0.45402	0.55239	13.05254	1.05130	1	0.71893	0.57294	14.20647	1.05130	1	-0.01202	-0.01238	0.67904	0.00305	1	0.05592	-0.01620	0.67068	0.00329	1	1.45898	0.81042	0	
1229864	8296.23535	3303761944173	0.58923	0.63939	8296.12109	0.11426	10770	1	0.63066	0.55301	1	0.56139	0.66042	1	0.59603	0.60672	1	0.45322	0.55294	13.31368	1.05843	1	0.71816	0.57310	13.80375	1.04396	1	-0.01165	-0.01210	0.65562	0.00305	1	0.05350	-0.01565	0.64394	0.00305	1	1.45898	0.81042	0	
1229865	8296.24121	3303762011359	0.58712	0.63943	8296.12109	0.12012	10770	1	0.57602	0.62087	1	0.52247	0.65958	1	0.54924	0.64022	1	0.45278	0.55322	12.48439	1.03595	1	0.71759	0.57328	13.78685	1.02148	1	-0.01165	-0.01210	0.65562	0.00332	1	0.05350	-0.01565	0.64394	0.00321	1	1.45898	0.81042	0	
1229866	8296.24805	3303762077995	0.58572	0.63869	8296.12109	0.12695	10770	1	0.58827	0.60147	1	0.52977	0.64753	1	0.55902	0.62450	1	0.45292	0.55317	12.46286	1.01346	1	0.71740	0.57305	13.43035	0.99899	1	-0.01165	-0.01210	0.65562	0.00328	1	0.05350	-0.01565	0.64394	0.00318	1	1.45898	0.81042	0	
1229867	8296.25488	3303762145758	0.58445	0.63831	8296.12109	0.13379	10770	1	0.58905	0.60968	1	0.52906	0.65180	1	0.55906	0.63074	1	0.45205	0.55367	13.09859	0.99899	1	0.71682	0.57349	14.29082	0.99134	1	-0.01236	-0.01277	0.68672	0.00303	1	0.05434	-0.01601	0.65701	0.00310	1	1.45898	0.81042	0	
1229868	8296.26172	3303762213045	0.58236	0.63984	8296.12109	0.14062	10770	1	0.56631	0.64131	1	0.51056	0.70256	1	0.53844	0.67194	1	0.45182	0.55375	12.69954	0.99935	1	0.71669	0.57368	14.36193	1.00616	1	-0.01236	-0.01277	0.68672	0.00315	1	0.05434	-0.01601	0.65701	0.00306	1	1.45898	0.81042	0	
1229869	8296.26855	3303762278096	0.58098	0.64036	8296.12109	0.14746	10770	1	0.58245	0.62069	1	0.51876	0.68314	1	0.55061	0.65191	1	0.45207	0.55361	12.71992	1.01418	1	0.71681	0.57364	13.93420	1.02099	1	-0.01236	-0.01277	0.68672	0.00307	1	0.05434	-0.01601	0.65701	0.00310	1	1.45898	0.81042	0	
1229870	8296.27539	3303762348073	0.57972	0.64052	8296.12109	0.15430	10770	1	0.58157	0.61255	1	0.51995	0.67558	1	0.55076	0.64406	1	0.45179	0.55418	13.12288	1.02900	1	0.71688	0.57362	13.87964	1.03581	1	-0.01236	-0.01277	0.68672	0.00294	1	0.05434	-0.01611	0.65701	0.00310	1	1.45898	0.81042	0	
1229871	8296.28223	3303762415561	0.57750	0.64176	8296.12109	0.16113	10770	1	0.53924	0.66346	1	0.50929	0.67964	1	0.52427	0.67155	1	0.45175	0.55431	13.43255	1.03581	1	0.71666	0.57372	14.14278	1.03581	1	-0.01236	-0.01277	0.68672	0.00292	1	0.05434	-0.01611	0.65701	0.00296	1	1.45898	0.81042	0	
1229872	8296.28906	3303762482376	0.57588	0.64347	8296.12109	0.16797	10770	1	0.56919	0.69428	1	0.50167	0.67822	1	0.53543	0.68625	1	0.45178	0.55460	13.37266	1.03581	1	0.71648	0.57401	14.29103	1.03581	1	-0.01236	-0.01277	0.68672	0.00305	1	0.05434	-0.01611	0.65701	0.00311	1	1.45898	0.81042	0	
1229873	8296.29492	3303762548375	0.57438	0.64505	8296.12109	0.17383	10770	1	0.56919	0.69428	1	0.50167	0.67822	1	0.53543	0.68625	1	0.45177	0.55464	13.10118	1.03581	1	0.71640	0.57405	14.47473	1.03581	1	-0.01236	-0.01288	0.68672	0.00301	1	0.05434	-0.01621	0.65701	0.00309	1	1.45898	0.81042	0	
1229874	8296.30176	3303762616591	0.57277	0.64639	8296.12109	0.18066	10770	1	0.55297	0.68095	1	0.50526	0.68424	1	0.52912	0.68259	1	0.45171	0.55474	13.05367	1.03581	1	0.71653	0.57419	14.33411	1.03581	1	-0.01236	-0.01288	0.68672	0.00305	1	0.05434	-0.01621	0.65701	0.00309	1	1.45898	0.81042	0	
1229875	8296.30859	3303762683026	0.54624	0.65414	8296.12109	0.18066	10770	0	0.54729	0.61516	1	0.50776	0.69080	1	0.52752	0.65298	1	0.45164	0.55469	12.89781	1.03581	1	0.71659	0.57432	14.44963	1.03581	1	-0.01236	-0.01288	0.68672	0.00318	1	0.05434	-0.01621	0.65701	0.00306	1	1.45898	0.81042	0	
1229876	8296.31543	3303762750528	0.53688	0.65356	8296.12109	0.18066	10770	0	0.54729	0.61516	1	0.50776	0.69080	1	0.52752	0.65298	1	0.45176	0.55465	12.81034	1.03581	1	0.71655	0.57433	14.13084	1.03581	1	-0.01236	-0.01298	0.68672	0.00312	1	0.05434	-0.01621	0.65701	0.00309	1	1.45898	0.81042	0	
1229877	8296.32227	3303762817610	0.53484	0.65135	8296.12109	0.18066	10770	0	0.55700	0.61308	1	0.50450	0.68075	1	0.53075	0.64692	1	0.45168	0.55456	12.54453	1.03581	1	0.71656	0.57470	14.61988	1.03581	1	-0.01236	-0.01298	0.68672	0.00317	1	0.05434	-0.01621	0.65701	0.00307	1	1.45898	0.81042	0	
1229878	8296.32910	3303762884804	0.53332	0.64786	8296.30859	0.02051	10771	1	0.55408	0.58591	1	0.50346	0.68892	1	0.52877	0.63741	1	0.45163	0.55462	12.61747	1.03581	1	0.71655	0.57468	14.37546	1.03581	1	-0.01236	-0.01298	0.68672	0.00319	1	0.05434	-0.01621	0.65701	0.00306	1	1.45898	0.81042	0	
1229879	8296.33594	3303762951562	0.53241	0.64577	8296.30859	0.02734	10771	1	0.55408	0.58591	1	0.50346	0.68892	1	0.52877	0.63741	1	0.45172	0.55521	13.37867	1.03581	1	0.71651	0.57476	14.52119	1.03581	1	-0.01236	-0.01298	0.68672	0.00293	1	0.05434	-0.01631	0.65701	0.00298	1	1.45898	0.81042	0	
1229880	8296.34277	3303763018365	0.53199	0.65092	8296.30859	0.03418	10771	1	0.56650	0.65809	1	0.49331	0.69517	1	0.52991	0.67663	1	0.45176	0.55525	13.42577	1.03581	1	0.71651	0.57481	14.54018	1.03581	1	-0.01236	-0.01298	0.68672	0.00293	1	0.05434	-0.01631	0.65701	0.00296	1	1.45898	0.81042	0	
1229881	8296.34863	3303763085323	0.53022	0.65099	8296.30859	0.04004	10771	1	0.55185	0.61699	1	0.48732	0.68589	1	0.51958	0.65144	1	0.45189	0.55553	13.70326	1.03581	1	0.71645	0.57511	14.57969	1.03581	1	-0.01236	-0.01298	0.68672	0.00306	1	0.05434	-0.01631	0.65701	0.00307	1	1.45898	0.81042	0	
1229882	8296.35547	3303763152266	0.52889	0.65105	8296.30859	0.04688	10771	1	0.55185	0.61699	1	0.48732	0.68589	1	0.51958	0.65144	1	0.45166	0.55568	13.12350	1.03581	1	0.71637	0.57508	14.49056	1.03581	1	-0.01220	-0.01291	0.67784	0.00303	1	0.05434	-0.01641	0.65701	0.00307	1	1.45898	0.81042	0	
1229883	8296.36230	3303763218905	0.52716	0.65180	8296.30859	0.05371	10771	1	0.53218	0.64002	1	0.49451	0.67564	1	0.51335	0.65783	1	0.45161	0.55540	12.91826	1.03581	1	0.71645	0.57508	14.46712	1.03581	1	-0.01220	-0.01291	0.67784	0.00331	1	0.05434	-0.01641	0.65701	0.00307	1	1.45898	0.81042	0	
1229884	8296.36914	3303763286279	0.52466	0.65400	8296.30859	0.06055	10771	1	0.52162	0.64679	1	0.48254	0.70089	1	0.50208	0.67384	1	0.45171	0.55578	13.21642	1.03581	1	0.71635	0.57526	14.58313	1.03581	1	-0.01220	-0.01291	0.67784	0.00311	1	0.05434	-0.01641	0.65701	0.00313	1	1.45898	0.81042	0	
1229885	8296.37598	3303763353552	0.52260	0.65581	8296.30859	0.06738	10771	1	0.52162	0.64679	1	0.48254	0.70089	1	0.50208	0.67384	1	0.45190	0.55570	13.09124	1.03581	1	0.71665	0.57516	14.17635	1.03581	1	-0.01236	-0.01318	0.68672	0.00304	1	0.05434	-0.01641	0.65701	0.00320	1	1.45898	0.81042	0	
1229886	8296.38281	3303763419971	0.52315	0.65400	8296.30859	0.07422	10771	1	0.54817	0.59094	1	0.51011	0.67738	1	0.52914	0.63416	1	0.45212	0.55551	12.42457	1.03581	1	0.71668	0.57558	14.73557	1.03581	1	-0.01236	-0.01318	0.68672	0.00321	1	0.05434	-0.01641	0.65701	0.00310	1	1.45898	0.81042	0	
1229887	8296.38965	3303763487296	0.52302	0.65163	8296.30859	0.08105	10771	1	0.53878	0.56679	1	0.50428	0.67940	1	0.52153	0.62310	1	0.45219	0.55530	12.28799	1.03581	1	0.71668	0.57558	14.73557	1.03581	1	-0.01236	-0.01318	0.68672	0.00315	1	0.05434	-0.01641	0.65701	0.00310	1	1.45898	0.81042	0	
1229888	8296.39551	3303763553894	0.52293	0.64990	8296.30859	0.08691	10771	1	0.53955	0.57153	1	0.50376	0.68345	1	0.52165	0.62749	1	0.45230	0.55577	13.12197	1.02779	1	0.71648	0.57550	14.33298	1.02779	1	-0.01193	-0.01278	0.66576	0.00305	1	0.05434	-0.01646	0.65701	0.00308	1	1.45898	0.81042	0	
1229889	8296.40234	3303763621707	0.52329	0.65050	8296.30859	0.09375	10771	1	0.56153	0.64334	1	0.49515	0.67454	1	0.52834	0.65894	1	0.45247	0.55585	13.71309	1.01978	1	0.71644	0.57549	14.36601	1.01978	1	-0.01193	-0.01278	0.66576	0.00303	1	0.05434	-0.01646	0.65701	0.00308	1	1.45898	0.81042	0	
1229890	8296.40918	3303763687265	0.52319	0.65004	8296.30859	0.10059	10771	1	0.56053	0.62646	1	0.48297	0.65960	1	0.52175	0.64303	1	0.45247	0.55585	13.71309	1.01176	1	0.71659	0.57531	14.19493	1.01176	1	-0.01193	-0.01278	0.66576	0.00302	1	0.05434	-0.01646	0.65701	0.00303	1	1.45898	0.81042	0	
1229891	8296.41602	3303763754298	0.52311	0.64963	8296.30859	0.10742	10771	1	0.56053	0.62646	1	0.48297	0.65960	1	0.52175	0.64303	1	0.45227	0.55582	13.40761	1.01176	1	0.71694	0.57541	13.41444	1.01176	1	-0.01202	-0.01304	0.67904	0.00295	1	0.05427	-0.01638	0.65387	0.00308	1	1.45898	0.81042	0	
1229892	8296.42285	3303763822334	0.52287	0.64932	8296.30859	0.11426	10771	1	0.56163	0.63752	1	0.47592	0.65074	1	0.51877	0.64413	1	0.45244	0.55597	13.64145	1.01978	1	0.71690	0.57518	13.60688	1.01978	1	-0.01202	-0.01304	0.67904	0.00304	1	0.05427	-0.01638	0.65387	0.00297	1	1.45898	0.81042	0	
1229893	8296.42969	3303763888861	0.52218	0.64795	8296.30859	0.12109	10771	1	0.55006	0.59569	1	0.46949	0.65086	1	0.50977	0.62328	1	0.45258	0.55611	13.63278	1.02779	1	0.71673	0.57530	14.15464	1.02779	1	-0.01202	-0.01304	0.67904	0.00293	1	0.05427	-0.01638	0.65387	0.00302	1	1.45898	0.81042	0	
1229894	8296.43652	3303763955721	0.52155	0.64649	8296.30859	0.12793	10771	1	0.54936	0.59115	1	0.46975	0.64656	1	0.50956	0.61886	1	0.45265	0.55595	13.24597	1.03581	1	0.71721	0.57564	14.40194	1.03581	1	-0.01202	-0.01304	0.67904	0.00300	1	0.05493	-0.01663	0.66179	0.00302	1	1.45898	0.81042	0	
1229895	8296.44238	3303764023197	0.52158	0.64612	8296.30859	0.13379	10771	1	0.55041	0.58251	1	0.49408	0.69476	1	0.52225	0.63864	1	0.45284	0.55589	13.20587	1.03581	1	0.71727	0.57592	14.56308	1.03581	1	-0.01202	-0.01304	0.67904	0.00297	1	0.05493	-0.01663	0.66179	0.00312	1	1.45898	0.81042	0	
1229896	8296.44922	3303764090944	0.52124	0.64647	8296.30859	0.14062	10771	1	0.53526	0.59163	1	0.49301	0.71595	1	0.51414	0.65379	1	0.45290	0.55582	13.86951	1.03581	1	0.71724	0.57608	14.55849	1.03581	1	-0.01202	-0.01304	0.67904	0.00286	1	0.05493	-0.01663	0.66179	0.00312	1	1.45898	0.81042	0	
1229897	8296.45605	3303764156700	0.52093	0.64726	8296.30859	0.14746	10771	1	0.53677	0.60021	1	0.49147	0.72912	1	0.51412	0.66466	1	0.45325	0.55588	13.16140	1.02067	1	0.71730	0.57609	14.44643	1.00777	1	-0.01082	-0.01184	0.61685	0.00294	1	0.05175	-0.01568	0.62232	0.00308	1	1.45898	0.81042	0	
1229898	8296.46289	3303764224144	0.52119	0.65005	8296.30859	0.15430	10771	1	0.56043	0.68847	1	0.49397	0.74001	1	0.52720	0.71424	1	0.45323	0.55607	13.09402	0.99262	1	0.71767	0.57585	13.76011	0.97972	1	-0.01082	-0.01184	0.61685	0.00297	1	0.05175	-0.01568	0.62232	0.00315	1	1.45898	0.81042	0	
1229899	8296.46973	3303764291380	0.52061	0.65159	8296.30859	0.16113	10771	1	0.54472	0.69269	1	0.46875	0.68418	1	0.50673	0.68844	1	0.45318	0.55612	13.30610	0.96458	1	0.71760	0.57565	13.71227	0.95168	1	-0.01082	-0.01184	0.61685	0.00297	1	0.05175	-0.01568	0.62232	0.00303	1	1.45898	0.81042	0	
1229900	8296.47656	3303764357612	0.52010	0.65313	8296.30859	0.16797	10771	1	0.54599	0.69918	1	0.46875	0.68418	1	0.50737	0.69168	1	0.45365	0.55630	13.61685	0.95168	1	0.71779	0.57589	12.89542	0.95168	1	-0.01177	-0.01304	0.67644	0.00307	1	0.05448	-0.01653	0.65400	0.00326	1	1.45898	0.81042	0	
1229901	8296.48340	3303764424954	0.52058	0.65422	8296.30859	0.17480	10771	1	0.57498	0.65491	1	0.49097	0.71032	1	0.53298	0.68261	1	0.45419	0.55630	13.28480	0.96683	1	0.71798	0.57620	14.29811	0.97972	1	-0.01177	-0.01304	0.67644	0.00307	1	0.05448	-0.01653	0.65400	0.00315	1	1.45898	0.81042	0	
1229902	8296.48926	3303764492363	0.52069	0.65349	8296.30859	0.18066	10771	1	0.55126	0.61717	1	0.49589	0.65011	1	0.52358	0.63364	1	0.45386	0.55597	13.53564	0.99487	1	0.71810	0.57610	14.46877	1.00777	1	-0.01177	-0.01304	0.67644	0.00296	1	0.05448	-0.01653	0.65400	0.00326	1	1.45898	0.81042	0	
1229903	8296.49609	3303764558957	0.52077	0.65262	8296.30859	0.18750	10771	1	0.55011	0.60990	1	0.49625	0.64677	1	0.52318	0.62833	1	0.45406	0.55636	13.19034	1.00777	1	0.71826	0.57646	14.67553	1.01386	1	-0.01111	-0.01247	0.64424	0.00307	1	0.05381	-0.01631	0.64537	0.00318	1	1.45898	0.81042	0	
1229904	8296.50293	3303764626513	0.52116	0.65304	8296.30859	0.19434	10771	1	0.55986	0.64293	1	0.50473	0.68789	1	0.53229	0.66541	1	0.45392	0.55611	12.80502	0.99872	1	0.71820	0.57643	14.69617	0.99191	1	-0.01111	-0.01247	0.64424	0.00311	1	0.05381	-0.01631	0.64537	0.00317	1	1.45898	0.81042	0	
1229905	8296.50977	3303764692436	0.52104	0.65406	8296.30859	0.20117	10771	1	0.53146	0.67309	1	0.50331	0.69605	1	0.51739	0.68457	1	0.45393	0.55633	13.26496	0.97677	1	0.71829	0.57634	14.56207	0.96996	1	-0.01111	-0.01247	0.64424	0.00307	1	0.05381	-0.01631	0.64537	0.00315	1	1.45898	0.81042	0	
1229906	8296.51660	3303764760306	0.52093	0.65513	8296.30859	0.20801	10771	1	0.53221	0.67662	1	0.50284	0.69961	1	0.51752	0.68811	1	0.45405	0.55617	13.23273	0.96996	1	0.71862	0.57627	13.45116	0.96315	1	-0.01173	-0.01318	0.68625	0.00296	1	0.05319	-0.01614	0.63681	0.00330	1	1.45898	0.81042	0	
1229907	8296.52344	3303764826477	0.52065	0.65523	8296.30859	0.21484	10771	1	0.56133	0.64236	1	0.46241	0.67502	1	0.51187	0.65869	1	0.45445	0.55610	13.64133	0.97829	1	0.71833	0.57623	14.25638	0.97829	1	-0.01173	-0.01318	0.68625	0.00296	1	0.05319	-0.01614	0.63681	0.00311	1	1.45898	0.81042	0	
1229908	8296.53027	3303764894046	0.52058	0.65544	8296.30859	0.22168	10771	1	0.55017	0.66583	1	0.48648	0.65887	1	0.51833	0.66235	1	0.45426	0.55604	13.68895	0.99343	1	0.71863	0.57633	14.52197	0.99343	1	-0.01173	-0.01318	0.68625	0.00298	1	0.05319	-0.01614	0.63681	0.00312	1	1.45898	0.81042	0	
1229909	8296.53613	3303764959710	0.52052	0.65548	8296.30859	0.22754	10771	1	0.54953	0.66215	1	0.48719	0.65124	1	0.51836	0.65670	1	0.45474	0.55562	13.21168	1.00056	1	0.71895	0.57608	13.87713	1.00737	1	-0.01128	-0.01272	0.66268	0.00305	1	0.05551	-0.01678	0.66394	0.00318	1	1.45898	0.81042	0	
1229910	8296.54297	3303765028012	0.52113	0.65506	8296.30859	0.23438	10771	1	0.57993	0.61062	1	0.50473	0.66989	1	0.54233	0.64025	1	0.45504	0.55574	13.17491	0.99935	1	0.71892	0.57618	13.82039	1.00616	1	-0.01128	-0.01272	0.66268	0.00312	1	0.05551	-0.01678	0.66394	0.00306	1	1.45898	0.81042	0	
1229911	8296.54980	3303765094761	0.52163	0.65572	8296.30859	0.24121	10771	1	0.57537	0.64693	1	0.50384	0.71204	1	0.53960	0.67948	1	0.45496	0.55589	13.79727	0.99814	1	0.71900	0.57628	14.13548	1.00495	1	-0.01128	-0.01272	0.66268	0.00311	1	0.05551	-0.01678	0.66394	0.00305	1	1.45898	0.81042	0	
1229912	8296.55664	3303765162203	0.52210	0.65636	8296.30859	0.24805	10771	1	0.57545	0.64757	1	0.50376	0.71263	1	0.53960	0.68010	1	0.45469	0.55533	13.02136	0.99694	1	0.71882	0.57609	14.57588	1.00374	1	-0.01130	-0.01286	0.66987	0.00320	1	0.05653	-0.01704	0.67617	0.00311	1	1.45898	0.81042	0	
1229913	8296.56348	3303765228765	0.52211	0.65734	8296.30859	0.25488	10771	1	0.55365	0.66833	1	0.49140	0.72075	1	0.52253	0.69454	1	0.45466	0.55563	13.11771	1.00374	1	0.71879	0.57596	14.51864	1.00374	1	-0.01130	-0.01286	0.66987	0.00311	1	0.05653	-0.01704	0.67617	0.00311	1	1.45898	0.81042	0	
1229914	8296.57031	3303765293929	0.52238	0.65808	8296.30859	0.26172	10771	1	0.56712	0.64456	1	0.49869	0.72943	1	0.53290	0.68699	1	0.45486	0.55528	13.44143	1.00374	1	0.71877	0.57595	14.62294	1.00374	1	-0.01130	-0.01286	0.66987	0.00317	1	0.05653	-0.01704	0.67617	0.00311	1	1.45898	0.81042	0	
1229915	8296.57715	3303765362737	0.52263	0.65869	8296.30859	0.26855	10771	1	0.56653	0.64030	1	0.49918	0.72565	1	0.53286	0.68298	1	0.45487	0.55544	12.96047	1.01176	1	0.71899	0.57601	14.65301	1.01176	1	-0.01149	-0.01304	0.68428	0.00307	1	0.05653	-0.01694	0.67617	0.00312	1	1.45898	0.81042	0	
1229916	8296.58398	3303765430310	0.52267	0.65865	8296.30859	0.27539	10771	1	0.53905	0.62969	1	0.50956	0.68507	1	0.52431	0.65738	1	0.45489	0.55514	13.03027	1.01978	1	0.71912	0.57555	14.32683	1.01978	1	-0.01149	-0.01304	0.68428	0.00297	1	0.05653	-0.01694	0.67617	0.00308	1	1.45898	0.81042	0	
1229917	8296.58984	3303765497250	0.52282	0.65827	8296.30859	0.28125	10771	1	0.54955	0.62196	1	0.50823	0.66257	1	0.52889	0.64227	1	0.45500	0.55502	13.23610	1.02779	1	0.71900	0.57538	14.57878	1.02779	1	-0.01149	-0.01304	0.68428	0.00297	1	0.05653	-0.01694	0.67617	0.00300	1	1.45898	0.81042	0	
1229918	8296.59668	3303765563526	0.52295	0.65785	8296.30859	0.28809	10771	1	0.54884	0.61762	1	0.50832	0.66194	1	0.52858	0.63978	1	0.45513	0.55476	13.88155	1.03581	1	0.71945	0.57518	13.51530	1.02900	1	-0.01149	-0.01293	0.68428	0.00310	1	0.05347	-0.01593	0.63787	0.00323	1	1.45898	0.81042	0	
1229919	8296.60352	3303765630568	0.52285	0.65736	8296.30859	0.29492	10771	1	0.53304	0.63218	1	0.50427	0.63964	1	0.51866	0.63591	1	0.45516	0.55476	13.98652	1.02900	1	0.71932	0.57494	13.85835	1.02219	1	-0.01149	-0.01293	0.68428	0.00304	1	0.05347	-0.01593	0.63787	0.00299	1	1.45898	0.81042	0	
1229920	8296.61035	3303765696417	0.52268	0.65715	8296.30859	0.30176	10771	1	0.55105	0.60514	1	0.47843	0.69001	1	0.51474	0.64757	1	0.45551	0.55475	13.23295	1.02219	1	0.71914	0.57495	13.97227	1.01539	1	-0.01149	-0.01293	0.68428	0.00307	1	0.05347	-0.01593	0.63787	0.00301	1	1.45898	0.81042	0	
1229921	8296.61719	3303765765237	0.52252	0.65699	8296.30859	0.30859	10771	1	0.55164	0.60895	1	0.47843	0.69001	1	0.51504	0.64948	1	0.45548	0.55445	13.19468	1.01539	1	0.71948	0.57496	13.27890	1.01539	1	-0.01149	-0.01293	0.68428	0.00316	1	0.05530	-0.01641	0.65909	0.00307	1	1.45898	0.81042	0	
1229922	8296.62305	3303765827786	0.52240	0.65754	8296.30859	0.31445	10771	1	0.54489	0.64795	1	0.48942	0.71924	1	0.51715	0.68359	1	0.45548	0.55445	13.19468	1.01539	1	0.71949	0.57507	13.23798	1.02219	1	-0.01149	-0.01293	0.68428	0.00316	1	0.05530	-0.01641	0.65909	0.00314	1	1.45898	0.81042	0	
1229923	8296.62988	3303765894286	0.52183	0.65822	8296.30859	0.32129	10771	1	0.54614	0.63874	1	0.49095	0.73419	1	0.51854	0.68647	1	0.45534	0.55454	13.19923	1.02219	1	0.71946	0.57522	13.36834	1.02900	1	-0.01149	-0.01293	0.68428	0.00300	1	0.05530	-0.01641	0.65909	0.00313	1	1.45898	0.81042	0	
1229924	8296.63672	3303765960996	0.52164	0.65893	8296.30859	0.32812	10771	1	0.54625	0.63938	1	0.49088	0.73474	1	0.51856	0.68706	1	0.45577	0.55421	12.88545	1.02099	1	0.71914	0.57520	14.12909	1.02779	1	-0.01100	-0.01233	0.65779	0.00315	1	0.05530	-0.01631	0.65909	0.00318	1	1.45898	0.81042	0	
1229925	8296.64355	3303766032225	0.52122	0.65891	8296.30859	0.33496	10771	1	0.54729	0.58682	1	0.47380	0.70564	1	0.51054	0.64623	1	0.45561	0.55380	13.12274	1.01978	1	0.71929	0.57495	13.98991	1.01978	1	-0.01100	-0.01233	0.65779	0.00295	1	0.05530	-0.01631	0.65909	0.00314	1	1.45898	0.81042	0	
1229926	8296.65039	3303766097343	0.52119	0.65964	8296.30859	0.34180	10771	1	0.57552	0.62455	1	0.47924	0.71982	1	0.52738	0.67219	1	0.45590	0.55390	13.17016	1.01176	1	0.71929	0.57502	14.04221	1.01176	1	-0.01100	-0.01233	0.65779	0.00300	1	0.05530	-0.01631	0.65909	0.00312	1	1.45898	0.81042	0	
1229927	8296.65723	3303766167138	0.52117	0.66052	8296.30859	0.34863	10771	1	0.57652	0.63282	1	0.47859	0.72703	1	0.52755	0.67993	1	0.45548	0.55385	13.12744	0.99662	1	0.71957	0.57505	14.40059	0.99662	1	-0.01062	-0.01187	0.63791	0.00301	1	0.05530	-0.01631	0.65909	0.00312	1	1.45898	0.81042	0	
1229928	8296.66406	3303766234754	0.52107	0.66066	8296.30859	0.35547	10771	1	0.56370	0.64893	1	0.48720	0.71793	1	0.52545	0.68343	1	0.45567	0.55404	13.93154	0.98949	1	0.71961	0.57481	14.65715	0.98949	1	-0.01062	-0.01187	0.63791	0.00295	1	0.05530	-0.01631	0.65909	0.00299	1	1.45898	0.81042	0	
1229929	8296.67090	3303766301171	0.52138	0.66118	8296.30859	0.36230	10771	1	0.57315	0.65692	1	0.49573	0.69516	1	0.53444	0.67604	1	0.45564	0.55393	13.73743	0.98237	1	0.71963	0.57455	13.27609	0.98237	1	-0.01062	-0.01187	0.63791	0.00300	1	0.05530	-0.01631	0.65909	0.00308	1	1.45898	0.81042	0	
1229930	8296.67773	3303766367757	0.52169	0.66169	8296.30859	0.36914	10771	1	0.57315	0.65692	1	0.49573	0.69516	1	0.53444	0.67604	1	0.45561	0.55340	13.31322	0.98237	1	0.71942	0.57439	13.75481	0.98237	1	-0.01089	-0.01222	0.65697	0.00321	1	0.05530	-0.01631	0.65909	0.00320	1	1.45898	0.81042	0	
1229931	8296.68359	3303766434578	0.52203	0.66175	8296.30859	0.37500	10771	1	0.54859	0.64898	1	0.51035	0.67269	1	0.52947	0.66083	1	0.45541	0.55338	12.70606	0.98949	1	0.71980	0.57431	13.60786	0.98949	1	-0.01089	-0.01222	0.65697	0.00320	1	0.05530	-0.01631	0.65909	0.00320	1	1.45898	0.81042	0	
1229932	8296.69043	3303766501624	0.52254	0.66197	8296.30859	0.38184	10771	1	0.54491	0.66081	1	0.50847	0.70735	1	0.52669	0.68408	1	0.45539	0.55339	12.83370	0.99662	1	0.71978	0.57434	13.71179	0.99662	1	-0.01089	-0.01222	0.65697	0.00318	1	0.05530	-0.01631	0.65909	0.00317	1	1.45898	0.81042	0	
1229933	8296.69727	3303766568704	0.52305	0.66218	8296.30859	0.38867	10771	1	0.54491	0.66081	1	0.50847	0.70735	1	0.52669	0.68408	1	0.45564	0.55361	12.90963	0.99662	1	0.71948	0.57434	14.57212	0.99662	1	-0.01062	-0.01177	0.63791	0.00306	1	0.05530	-0.01621	0.65909	0.00316	1	1.45898	0.81042	0	
1229934	8296.70410	3303766635593	0.52306	0.66285	8296.30859	0.39551	10771	1	0.56407	0.61942	1	0.49465	0.71330	1	0.52936	0.66636	1	0.45572	0.55328	13.56098	0.98949	1	0.71955	0.57397	14.34582	0.98949	1	-0.01062	-0.01177	0.63791	0.00289	1	0.05530	-0.01621	0.65909	0.00331	1	1.45898	0.81042	0	
1229935	8296.71094	3303766702282	0.52314	0.66432	8296.30859	0.40234	10771	1	0.57007	0.64445	1	0.48081	0.74306	1	0.52544	0.69375	1	0.45595	0.55324	13.45572	0.98237	1	0.71942	0.57407	14.11685	0.98237	1	-0.01062	-0.01177	0.63791	0.00294	1	0.05530	-0.01621	0.65909	0.00324	1	1.45898	0.81042	0	
1229936	8296.71680	3303766767319	0.52322	0.66570	8296.30859	0.40820	10771	1	0.57007	0.64445	1	0.48081	0.74306	1	0.52544	0.69375	1	0.45551	0.55303	12.98176	0.98237	1	0.71926	0.57425	14.09430	0.98237	1	-0.01097	-0.01200	0.65584	0.00287	1	0.05530	-0.01611	0.65909	0.00310	1	1.45898	0.81042	0	
1229937	8296.72461	3303766837173	0.52301	0.66638	8296.30859	0.41602	10771	1	0.55563	0.64673	1	0.48073	0.73665	1	0.51818	0.69169	1	0.45578	0.55301	13.55166	0.98949	1	0.71930	0.57399	13.29129	0.98949	1	-0.01097	-0.01200	0.65584	0.00295	1	0.05530	-0.01611	0.65909	0.00308	1	1.45898	0.81042	0	
1229938	8296.73047	3303766903825	0.52322	0.66693	8296.30859	0.42188	10771	1	0.56644	0.65859	1	0.49740	0.68035	1	0.53192	0.66947	1	0.45568	0.55314	13.54727	0.99662	1	0.71961	0.57356	13.18622	0.99662	1	-0.01097	-0.01200	0.65584	0.00296	1	0.05530	-0.01611	0.65909	0.00345	1	1.45898	0.81042	0	
1229939	8296.73730	3303766970706	0.52343	0.66732	8296.30859	0.42871	10771	1	0.56530	0.65071	1	0.49833	0.67241	1	0.53182	0.66156	1	0.45546	0.55286	12.92643	1.01176	1	0.71919	0.57405	13.90030	1.01176	1	-0.01135	-0.01237	0.67585	0.00297	1	0.05530	-0.01611	0.65909	0.00312	1	1.45898	0.81042	0	
1229940	8296.74414	3303767034786	0.52387	0.66729	8296.30859	0.43555	10771	1	0.56957	0.63057	1	0.51012	0.65502	1	0.53984	0.64280	1	0.45549	0.55299	12.95704	1.01978	1	0.71949	0.57332	13.54769	1.01978	1	-0.01135	-0.01237	0.67585	0.00300	1	0.05530	-0.01611	0.65909	0.00291	1	1.45898	0.81042	0	
1229941	8296.75098	3303767102941	0.52446	0.66739	8296.30859	0.44238	10771	1	0.55953	0.61088	1	0.51697	0.64487	1	0.53825	0.62788	1	0.45525	0.55277	12.64183	1.02779	1	0.71944	0.57339	13.69321	1.02779	1	-0.01135	-0.01237	0.67585	0.00307	1	0.05530	-0.01611	0.65909	0.00288	1	1.45898	0.81042	0	
1229942	8296.75684	3303767168309	0.52506	0.66749	8296.30859	0.44824	10771	1	0.55889	0.60646	1	0.51759	0.64051	1	0.53824	0.62349	1	0.45518	0.55278	13.19639	1.03581	1	0.71939	0.57345	13.64702	1.03581	1	-0.01135	-0.01237	0.67585	0.00312	1	0.05524	-0.01613	0.65961	0.00313	1	1.45898	0.81042	0	
1229943	8296.76367	3303767233608	0.52524	0.66691	8296.30859	0.45508	10771	1	0.55320	0.57536	1	0.50888	0.64686	1	0.53104	0.61111	1	0.45481	0.55258	13.06272	1.03581	1	0.71896	0.57351	14.03906	1.03581	1	-0.01135	-0.01237	0.67585	0.00315	1	0.05524	-0.01613	0.65961	0.00309	1	1.45898	0.81042	0	
1229944	8296.77051	3303767302229	0.52568	0.66711	8296.30859	0.46191	10771	1	0.54887	0.61000	1	0.52163	0.71680	1	0.53525	0.66340	1	0.45488	0.55267	12.92880	1.03581	1	0.71911	0.57356	13.85556	1.03581	1	-0.01135	-0.01237	0.67585	0.00312	1	0.05524	-0.01613	0.65961	0.00310	1	1.45898	0.81042	0	
1229945	8296.77734	3303767369254	0.52612	0.66725	8296.30859	0.46875	10771	1	0.55020	0.61830	1	0.52039	0.72392	1	0.53529	0.67111	1	0.45466	0.55265	12.59390	1.02067	1	0.71890	0.57356	14.29699	1.02067	1	-0.01087	-0.01169	0.64142	0.00314	1	0.05551	-0.01618	0.66394	0.00313	1	1.45898	0.81042	0	
1229946	8296.78418	3303767437576	0.52617	0.66589	8296.30859	0.47559	10771	1	0.55339	0.60824	1	0.50612	0.68983	1	0.52976	0.64904	1	0.45478	0.55275	12.80000	1.00552	1	0.71891	0.57312	13.95884	1.00552	1	-0.01087	-0.01169	0.64142	0.00311	1	0.05551	-0.01618	0.66394	0.00316	1	1.45898	0.81042	0	
1229947	8296.79102	3303767503956	0.52672	0.66510	8296.30859	0.48242	10771	1	0.55707	0.60960	1	0.50853	0.69155	1	0.53280	0.65058	1	0.45483	0.55243	12.69998	0.99038	1	0.71889	0.57305	13.88799	0.99038	1	-0.01087	-0.01169	0.64142	0.00314	1	0.05551	-0.01618	0.66394	0.00319	1	1.45898	0.81042	0	
1229948	8296.79785	3303767571185	0.52724	0.66428	8296.30859	0.48926	10771	1	0.55707	0.60960	1	0.50803	0.69507	1	0.53255	0.65233	1	0.45491	0.55284	12.55118	0.99038	1	0.71865	0.57280	13.17294	0.98357	1	-0.01146	-0.01221	0.67017	0.00318	1	0.05319	-0.01547	0.63681	0.00329	1	1.45898	0.81042	0	
1229949	8296.80371	3303767636847	0.52795	0.66396	8296.30859	0.49512	10771	1	0.60736	0.66386	1	0.52685	0.67080	1	0.56710	0.66733	1	0.45482	0.55279	12.59534	0.99872	1	0.71847	0.57294	13.23186	0.99191	1	-0.01146	-0.01221	0.67017	0.00311	1	0.05319	-0.01547	0.63681	0.00308	1	1.45898	0.81042	0	
1229950	8296.81152	3303767707786	0.52862	0.66501	8296.30859	0.50293	10771	1	0.58189	0.67306	1	0.52922	0.69483	1	0.55556	0.68395	1	0.45456	0.55254	11.88669	1.00705	1	0.71867	0.57321	13.34926	1.00024	1	-0.01146	-0.01221	0.67017	0.00317	1	0.05319	-0.01547	0.63681	0.00333	1	1.45898	0.81042	0	
1229951	8296.81836	3303767774195	0.52930	0.66604	8296.30859	0.50977	10771	1	0.58139	0.66889	1	0.53062	0.68712	1	0.55601	0.67800	1	0.45404	0.55280	12.66196	1.01539	1	0.71843	0.57324	13.20187	1.01539	1	-0.01146	-0.01226	0.67017	0.00309	1	0.05500	-0.01604	0.66020	0.00326	1	1.45898	0.81042	0	
1229952	8296.82422	3303767841128	0.52915	0.66672	8296.30859	0.51562	10771	1	0.55482	0.67036	1	0.49488	0.72490	1	0.52485	0.69763	1	0.45410	0.55303	13.28010	1.01539	1	0.71803	0.57321	13.34398	1.02219	1	-0.01146	-0.01226	0.67017	0.00289	1	0.05500	-0.01604	0.66020	0.00326	1	1.45898	0.81042	0	
1229953	8296.83105	3303767907900	0.52928	0.66574	8296.30859	0.52246	10771	1	0.54486	0.58637	1	0.50273	0.68883	1	0.52379	0.63760	1	0.45398	0.55266	12.57929	1.02219	1	0.71809	0.57323	13.31405	1.02900	1	-0.01146	-0.01226	0.67017	0.00306	1	0.05500	-0.01604	0.66020	0.00322	1	1.45898	0.81042	0	
1229954	8296.83789	3303767974915	0.52942	0.66478	8296.30859	0.52930	10771	1	0.54563	0.59120	1	0.50219	0.69300	1	0.52391	0.64210	1	0.45396	0.55294	13.05528	1.01386	1	0.71774	0.57320	13.77410	1.02067	1	-0.01111	-0.01179	0.64424	0.00300	1	0.05500	-0.01604	0.66020	0.00318	1	1.45898	0.81042	0	
1229955	8296.84473	3303768042174	0.52972	0.66521	8296.30859	0.53613	10771	1	0.56925	0.64386	1	0.48360	0.71534	1	0.52642	0.67960	1	0.45426	0.55306	13.30220	1.00553	1	0.71782	0.57340	13.77463	1.00553	1	-0.01111	-0.01179	0.64424	0.00299	1	0.05500	-0.01604	0.66020	0.00314	1	1.45898	0.81042	0	
1229956	8296.85156	3303768108481	0.52970	0.66587	8296.30859	0.54297	10771	1	0.55684	0.67660	1	0.47843	0.71119	1	0.51763	0.69389	1	0.45405	0.55307	12.90387	0.99038	1	0.71781	0.57343	13.75728	0.99038	1	-0.01111	-0.01179	0.64424	0.00294	1	0.05500	-0.01604	0.66020	0.00315	1	1.45898	0.81042	0	
1229957	8296.85840	3303768176342	0.52969	0.66665	8296.30859	0.54980	10771	1	0.55684	0.67660	1	0.47843	0.71119	1	0.51763	0.69389	1	0.45373	0.55311	12.46282	0.99038	1	0.71772	0.57293	13.37550	0.99038	1	-0.01180	-0.01241	0.67827	0.00282	1	0.05500	-0.01604	0.66020	0.00318	1	1.45898	0.81042	0	
1229958	8296.86523	3303768243019	0.52938	0.66752	8296.30859	0.55664	10771	1	0.55894	0.67020	1	0.49626	0.69395	1	0.52760	0.68208	1	0.45369	0.55317	12.62064	1.00553	1	0.71764	0.57305	13.38663	1.00553	1	-0.01180	-0.01241	0.67827	0.00286	1	0.05500	-0.01604	0.66020	0.00303	1	1.45898	0.81042	0	
1229959	8296.87109	3303768310823	0.52939	0.66710	8296.30859	0.56250	10771	1	0.55941	0.67276	1	0.52097	0.64585	1	0.54019	0.65930	1	0.45372	0.55341	13.08795	1.02067	1	0.71772	0.57304	13.14215	1.02067	1	-0.01180	-0.01241	0.67827	0.00293	1	0.05500	-0.01604	0.66020	0.00323	1	1.45898	0.81042	0	
1229960	8296.87793	3303768376933	0.52941	0.66650	8296.30859	0.56934	10771	1	0.55821	0.66527	1	0.52222	0.63756	1	0.54021	0.65142	1	0.45339	0.55348	13.27954	1.03581	1	0.71688	0.57372	13.68395	1.03581	1	-0.01180	-0.01251	0.67827	0.00291	1	0.05493	-0.01613	0.66179	0.00301	1	1.45898	0.81042	0	
1229961	8296.88477	3303768444023	0.52909	0.66540	8296.30859	0.57617	10771	1	0.53683	0.61694	1	0.47807	0.66616	1	0.50745	0.64155	1	0.45286	0.55324	12.46217	1.03581	1	0.71695	0.57366	13.68934	1.03581	1	-0.01180	-0.01251	0.67827	0.00289	1	0.05493	-0.01613	0.66179	0.00309	1	1.45898	0.81042	0	
1229962	8296.89160	3303768510923	0.52868	0.66493	8296.30859	0.58301	10771	1	0.54905	0.66590	1	0.47709	0.66377	1	0.51307	0.66483	1	0.45315	0.55391	12.96939	1.03581	1	0.71704	0.57365	13.40794	1.03581	1	-0.01180	-0.01251	0.67827	0.00306	1	0.05493	-0.01613	0.66179	0.00312	1	1.45898	0.81042	0	
1229963	8296.89844	3303768578436	0.52827	0.66472	8296.30859	0.58984	10771	1	0.55038	0.67339	1	0.47649	0.67163	1	0.51343	0.67251	1	0.45289	0.55365	12.26696	1.02067	1	0.71673	0.57342	13.45627	1.02067	1	-0.01082	-0.01138	0.61685	0.00323	1	0.05493	-0.01613	0.66179	0.00313	1	1.45898	0.81042	0	
1229964	8296.90527	3303768644872	0.52793	0.66483	8296.30859	0.59668	10771	1	0.54108	0.66205	1	0.47404	0.66359	1	0.50756	0.66282	1	0.45300	0.55368	12.64707	1.00553	1	0.71681	0.57335	13.70753	1.00553	1	-0.01082	-0.01138	0.61685	0.00319	1	0.05493	-0.01613	0.66179	0.00307	1	1.45898	0.81042	0	
1229965	8296.91211	3303768712283	0.52773	0.66530	8296.30859	0.60352	10771	1	0.56251	0.61816	1	0.47619	0.71152	1	0.51935	0.66484	1	0.45320	0.55369	12.43780	0.99038	1	0.71688	0.57378	13.67419	0.99038	1	-0.01082	-0.01138	0.61685	0.00314	1	0.05493	-0.01613	0.66179	0.00301	1	1.45898	0.81042	0	
1229966	8296.91797	3303768778436	0.52754	0.66582	8296.30859	0.60938	10771	1	0.56251	0.61816	1	0.47619	0.71152	1	0.51935	0.66484	1	0.45278	0.55369	13.19633	0.99038	1	0.71672	0.57387	13.42038	0.99038	1	-0.01211	-0.01273	0.68441	0.00316	1	0.05451	-0.01606	0.65667	0.00296	1	1.45898	0.81042	0	
1229967	8296.92480	3303768846723	0.52718	0.66570	8296.30859	0.61621	10771	1	0.52081	0.57849	1	0.48236	0.68204	1	0.50158	0.63027	1	0.45267	0.55366	13.03450	1.00553	1	0.71703	0.57361	12.77558	1.00553	1	-0.01211	-0.01273	0.68441	0.00325	1	0.05451	-0.01606	0.65667	0.00300	1	1.45898	0.81042	0	
1229968	8296.93164	3303768912670	0.52701	0.66587	8296.30859	0.62305	10771	1	0.54918	0.63096	1	0.46424	0.68061	1	0.50671	0.65579	1	0.45271	0.55398	13.04234	1.02067	1	0.71671	0.57371	13.19046	1.02067	1	-0.01211	-0.01273	0.68441	0.00314	1	0.05451	-0.01606	0.65667	0.00305	1	1.45898	0.81042	0	
1229969	8296.93848	3303768979947	0.52683	0.66588	8296.30859	0.62988	10771	1	0.54784	0.62284	1	0.46447	0.67636	1	0.50616	0.64960	1	0.45268	0.55413	13.57577	1.03581	1	0.71664	0.57390	13.85037	1.02900	1	-0.01211	-0.01273	0.68441	0.00295	1	0.05372	-0.01589	0.64776	0.00298	1	1.45898	0.81042	0	
1229970	8296.94531	3303769046934	0.52696	0.66554	8296.30859	0.63672	10771	1	0.55241	0.63906	1	0.49471	0.69579	1	0.52356	0.66742	1	0.45264	0.55425	13.70089	1.02900	1	0.71681	0.57376	13.10422	1.02219	1	-0.01211	-0.01273	0.68441	0.00294	1	0.05372	-0.01589	0.64776	0.00305	1	1.45898	0.81042	0	
1229971	8296.95117	3303769111261	0.52711	0.66561	8296.30859	0.64258	10771	1	0.54468	0.66572	1	0.50647	0.71410	1	0.52557	0.68991	1	0.45264	0.55425	13.70089	1.02219	1	0.71666	0.57389	13.33207	1.01539	1	-0.01211	-0.01273	0.68441	0.00294	1	0.05372	-0.01589	0.64776	0.00302	1	1.45898	0.81042	0	
1229972	8296.95898	3303769181152	0.52726	0.66571	8296.30859	0.65039	10771	1	0.54531	0.66914	1	0.50647	0.71410	1	0.52589	0.69162	1	0.45264	0.55421	13.43947	1.01539	1	0.71641	0.57406	13.10320	1.01539	1	-0.01211	-0.01273	0.68441	0.00298	1	0.05449	-0.01613	0.65769	0.00319	1	1.45898	0.81042	0	
1229973	8296.96484	3303769247307	0.52741	0.66617	8296.30859	0.65625	10771	1	0.55330	0.67249	1	0.48231	0.66396	1	0.51781	0.66823	1	0.45261	0.55421	13.00858	1.01539	1	0.71615	0.57397	13.08169	1.02219	1	-0.01211	-0.01273	0.68441	0.00312	1	0.05449	-0.01613	0.65769	0.00322	1	1.45898	0.81042	0	
1229974	8296.97168	3303769314576	0.52742	0.66595	8296.30859	0.66309	10771	1	0.57257	0.62864	1	0.48307	0.69538	1	0.52782	0.66201	1	0.45257	0.55451	13.24402	1.02219	1	0.71629	0.57427	13.53703	1.02900	1	-0.01211	-0.01273	0.68441	0.00312	1	0.05449	-0.01613	0.65769	0.00318	1	1.45898	0.81042	0	
1229975	8296.97852	3303769381982	0.52742	0.66551	8296.30859	0.66992	10771	1	0.57211	0.62499	1	0.48338	0.69202	1	0.52774	0.65851	1	0.45231	0.55455	12.16357	1.02900	1	0.71626	0.57450	13.75328	1.03581	1	-0.01202	-0.01273	0.67904	0.00313	1	0.05434	-0.01621	0.65701	0.00308	1	1.45898	0.81042	0	
1229976	8296.98535	3303769449169	0.52718	0.66454	8296.30859	0.67676	10771	1	0.55282	0.56322	1	0.47479	0.71098	1	0.51381	0.63710	1	0.45255	0.55477	12.78786	1.03581	1	0.71612	0.57449	13.40670	1.03581	1	-0.01202	-0.01273	0.67904	0.00309	1	0.05434	-0.01621	0.65701	0.00309	1	1.45898	0.81042	0	
1229977	8296.99219	3303769516037	0.52662	0.66333	8296.30859	0.68359	10771	1	0.53248	0.56464	1	0.48287	0.67086	1	0.50767	0.61775	1	0.45219	0.55460	11.98542	1.03581	1	0.71612	0.57460	13.12292	1.03581	1	-0.01202	-0.01273	0.67904	0.00317	1	0.05434	-0.01621	0.65701	0.00308	1	1.45898	0.81042	0	
1229978	8296.99902	3303769581366	0.52608	0.66229	8296.30859	0.69043	10771	1	0.53402	0.57362	1	0.48219	0.67863	1	0.50810	0.62612	1	0.45226	0.55474	11.97024	1.02067	1	0.71609	0.57464	13.49377	1.02067	1	-0.01145	-0.01213	0.64167	0.00308	1	0.05434	-0.01626	0.65701	0.00304	1	1.45898	0.81042	0	
1229979	8297.00586	3303769649820	0.52551	0.66219	8296.30859	0.69727	10771	1	0.52161	0.61220	1	0.48323	0.70001	1	0.50242	0.65610	1	0.45205	0.55488	12.47257	1.00553	1	0.71635	0.57471	13.28863	1.00553	1	-0.01145	-0.01213	0.64167	0.00306	1	0.05434	-0.01626	0.65701	0.00302	1	1.45898	0.81042	0	
1229980	8297.01172	3303769716543	0.52503	0.66204	8296.30859	0.70312	10771	1	0.53291	0.64643	1	0.47408	0.70707	1	0.50349	0.67675	1	0.45222	0.55490	12.29372	0.99038	1	0.71607	0.57463	13.41391	0.99038	1	-0.01145	-0.01213	0.64167	0.00296	1	0.05434	-0.01626	0.65701	0.00306	1	1.45898	0.81042	0	
1229981	8297.01855	3303769779932	0.52456	0.66205	8296.30859	0.70996	10771	1	0.53452	0.65456	1	0.47350	0.71463	1	0.50401	0.68460	1	0.45203	0.55514	12.62049	0.97524	1	0.71608	0.57479	13.64578	0.97524	1	-0.01145	-0.01213	0.64167	0.00293	1	0.05434	-0.01626	0.65701	0.00296	1	1.45898	0.81042	0	
1229982	8297.02539	3303769850540	0.52389	0.66236	8296.30859	0.71680	10771	1	0.52525	0.62686	1	0.46939	0.73595	1	0.49732	0.68141	1	0.45203	0.55504	12.36808	0.97524	1	0.71608	0.57498	13.74774	0.97524	1	-0.01145	-0.01213	0.64167	0.00297	1	0.05434	-0.01626	0.65701	0.00306	1	1.45898	0.81042	0	
1229983	8297.03223	3303769914412	0.52353	0.66285	8296.30859	0.72363	10771	1	0.54620	0.69448	1	0.46994	0.74002	1	0.50807	0.71725	1	0.45223	0.55513	12.99359	0.97524	1	0.71612	0.57505	13.54847	0.97524	1	-0.01145	-0.01213	0.64167	0.00293	1	0.05434	-0.01626	0.65701	0.00307	1	1.45898	0.81042	0	
1229984	8297.03906	3303769981869	0.52316	0.66334	8296.30859	0.73047	10771	1	0.54620	0.69448	1	0.46994	0.74002	1	0.50807	0.71725	1	0.45227	0.55511	12.71329	0.97524	1	0.71605	0.57502	13.44201	0.97524	1	-0.01145	-0.01213	0.64167	0.00295	1	0.05434	-0.01636	0.65701	0.00305	1	1.45898	0.81042	0	
1229985	8297.04492	3303770048012	0.52299	0.66346	8296.30859	0.73633	10771	1	0.55365	0.65671	1	0.46612	0.73779	1	0.50988	0.69725	1	0.45227	0.55519	12.81514	0.97524	1	0.71599	0.57499	13.41032	0.97524	1	-0.01145	-0.01213	0.64167	0.00291	1	0.05434	-0.01636	0.65701	0.00308	1	1.45898	0.81042	0	
1229986	8297.05176	3303770114498	0.52251	0.66421	8296.30859	0.74316	10771	1	0.55000	0.66403	1	0.46797	0.74743	1	0.50899	0.70573	1	0.45227	0.55511	12.70141	0.97524	1	0.71601	0.57504	13.60412	0.97524	1	-0.01145	-0.01213	0.64167	0.00301	1	0.05434	-0.01636	0.65701	0.00305	1	1.45898	0.81042	0	
1229987	8297.05859	3303770183359	0.52203	0.66497	8296.30859	0.75000	10771	1	0.54861	0.65605	1	0.46847	0.74039	1	0.50854	0.69822	1	0.45218	0.55506	12.50893	0.99038	1	0.71599	0.57507	13.68261	0.99038	1	-0.01202	-0.01294	0.67904	0.00298	1	0.05434	-0.01636	0.65701	0.00316	1	1.45898	0.81042	0	
1229988	8297.06543	3303770248419	0.52163	0.66597	8296.30859	0.75684	10771	1	0.55551	0.65119	1	0.48580	0.72980	1	0.52065	0.69050	1	0.45231	0.55528	12.68309	1.00553	1	0.71625	0.57503	13.68086	1.00553	1	-0.01202	-0.01294	0.67904	0.00300	1	0.05434	-0.01636	0.65701	0.00317	1	1.45898	0.81042	0	
1229989	8297.07227	3303770316832	0.52100	0.66704	8296.30859	0.76367	10771	1	0.54929	0.65779	1	0.46722	0.70115	1	0.50825	0.67947	1	0.45230	0.55559	12.72183	1.02067	1	0.71601	0.57536	13.88966	1.02067	1	-0.01202	-0.01294	0.67904	0.00308	1	0.05434	-0.01636	0.65701	0.00314	1	1.45898	0.81042	0	
1229990	8297.07910	3303770386494	0.50729	0.68970	8296.30859	0.76367	10771	0	0.54794	0.65007	1	0.46769	0.69373	1	0.50782	0.67190	1	0.45259	0.55543	13.05143	1.03581	1	0.71629	0.57528	13.71870	1.03581	1	-0.01202	-0.01294	0.67904	0.00306	1	0.05434	-0.01641	0.65701	0.00311	1	1.45898	0.81042	0	
1229991	8297.08594	3303770453443	0.50972	0.67981	8296.30859	0.76367	10771	0	0.54330	0.63934	1	0.48101	0.70052	1	0.51216	0.66993	1	0.45262	0.55532	12.99512	1.03581	1	0.71624	0.57535	13.78879	1.03581	1	-0.01202	-0.01294	0.67904	0.00305	1	0.05434	-0.01641	0.65701	0.00312	1	1.45898	0.81042	0	
1229992	8297.09277	3303770520030	0.51338	0.66460	8296.30859	0.76367	10771	0	0.55209	0.57820	1	0.48928	0.69013	1	0.52069	0.63417	1	0.45260	0.55537	13.14249	1.03581	1	0.71635	0.57535	13.55860	1.03581	1	-0.01202	-0.01294	0.67904	0.00303	1	0.05434	-0.01641	0.65701	0.00305	1	1.45898	0.81042	0	
1229993	8297.09961	3303770587672	0.51516	0.65741	8297.07910	0.02051	10772	1	0.55209	0.57820	1	0.48893	0.69350	1	0.52051	0.63585	1	0.45243	0.55538	12.72104	1.03581	1	0.71645	0.57516	13.57554	1.02900	1	-0.01202	-0.01294	0.67904	0.00321	1	0.05280	-0.01590	0.63673	0.00290	1	1.45898	0.81042	0	
1229994	8297.10547	3303770654045	0.51391	0.65241	8297.07910	0.02637	10772	1	0.54915	0.63312	1	0.46866	0.63168	1	0.50890	0.63240	1	0.45259	0.55541	13.02207	1.02900	1	0.71641	0.57499	13.20504	1.02219	1	-0.01202	-0.01294	0.67904	0.00302	1	0.05280	-0.01590	0.63673	0.00303	1	1.45898	0.81042	0	
1229995	8297.11230	3303770721343	0.51435	0.64840	8297.07910	0.03320	10772	1	0.53923	0.55715	1	0.49383	0.69958	1	0.51653	0.62836	1	0.45264	0.55522	12.93492	1.02219	1	0.71678	0.57510	13.50511	1.01539	1	-0.01202	-0.01294	0.67904	0.00296	1	0.05280	-0.01590	0.63673	0.00302	1	1.45898	0.81042	0	
1229996	8297.11914	3303770788390	0.51473	0.64647	8297.07910	0.04004	10772	1	0.54067	0.56616	1	0.49338	0.70355	1	0.51702	0.63485	1	0.45318	0.55544	12.49259	1.00737	1	0.71672	0.57535	13.46321	1.00737	1	-0.01162	-0.01257	0.65959	0.00310	1	0.05493	-0.01653	0.66179	0.00306	1	1.45898	0.81042	0	
1229997	8297.12598	3303770854934	0.51383	0.64892	8297.07910	0.04688	10772	1	0.55166	0.64640	1	0.46349	0.68587	1	0.50758	0.66613	1	0.45304	0.55557	12.68537	0.99935	1	0.71664	0.57549	13.49465	1.00616	1	-0.01162	-0.01257	0.65959	0.00308	1	0.05493	-0.01653	0.66179	0.00306	1	1.45898	0.81042	0	
1229998	8297.13281	3303770922454	0.51308	0.65180	8297.07910	0.05371	10772	1	0.55262	0.62331	1	0.46146	0.72637	1	0.50704	0.67484	1	0.45306	0.55569	12.76672	0.99814	1	0.71667	0.57555	13.47681	1.00495	1	-0.01162	-0.01257	0.65959	0.00304	1	0.05493	-0.01653	0.66179	0.00302	1	1.45898	0.81042	0	
1229999	8297.13965	3303770989347	0.51250	0.65454	8297.07910	0.06055	10772	1	0.55335	0.62794	1	0.46124	0.73031	1	0.50730	0.67913	1	0.45317	0.55564	12.60980	0.98981	1	0.71678	0.57563	13.33734	0.99662	1	-0.01131	-0.01228	0.64441	0.00305	1	0.05427	-0.01638	0.65387	0.00305	1	1.45898	0.81042	0	
1230000	8297.14648	3303771055903	0.51166	0.65555	8297.07910	0.06738	10772	1	0.54141	0.64243	1	0.46512	0.68887	1	0.50327	0.66565	1	0.45302	0.55555	12.15423	0.98949	1	0.71665	0.57550	13.64102	0.98949	1	-0.01131	-0.01228	0.64441	0.00314	1	0.05427	-0.01638	0.65387	0.00306	1	1.45898	0.81042	0	
1230001	8297.15332	3303771123756	0.51275	0.65771	8297.07910	0.07422	10772	1	0.56284	0.66811	1	0.48648	0.69498	1	0.52466	0.68154	1	0.45320	0.55540	12.41929	0.98237	1	0.71700	0.57558	13.30073	0.98237	1	-0.01131	-0.01228	0.64441	0.00309	1	0.05427	-0.01638	0.65387	0.00311	1	1.45898	0.81042	0	
1230002	8297.15918	3303771190194	0.51365	0.65923	8297.07910	0.08008	10772	1	0.56220	0.66395	1	0.48689	0.69084	1	0.52455	0.67739	1	0.45326	0.55538	12.84743	0.99038	1	0.71711	0.57567	13.29634	0.99038	1	-0.01177	-0.01284	0.67644	0.00308	1	0.05427	-0.01638	0.65387	0.00303	1	1.45898	0.81042	0	
1230003	8297.16602	3303771257209	0.51344	0.65913	8297.07910	0.08691	10772	1	0.53111	0.61361	1	0.49032	0.70222	1	0.51071	0.65791	1	0.45328	0.55517	12.71420	1.00553	1	0.71712	0.57574	13.33529	1.00553	1	-0.01177	-0.01284	0.67644	0.00302	1	0.05427	-0.01638	0.65387	0.00300	1	1.45898	0.81042	0	
1230004	8297.17285	3303771324241	0.51371	0.65954	8297.07910	0.09375	10772	1	0.54417	0.64084	1	0.49078	0.68959	1	0.51748	0.66522	1	0.45336	0.55529	13.15443	1.02067	1	0.71714	0.57565	13.30219	1.02067	1	-0.01177	-0.01284	0.67644	0.00299	1	0.05427	-0.01638	0.65387	0.00300	1	1.45898	0.81042	0	
1230005	8297.17969	3303771391510	0.51393	0.65941	8297.07910	0.10059	10772	1	0.54276	0.63287	1	0.49159	0.68198	1	0.51718	0.65742	1	0.45346	0.55532	13.34372	1.03581	1	0.71690	0.57558	13.20599	1.03581	1	-0.01180	-0.01282	0.67827	0.00296	1	0.05427	-0.01638	0.65387	0.00303	1	1.45898	0.81042	0	
1230006	8297.18652	3303771458408	0.51411	0.65893	8297.07910	0.10742	10772	1	0.55364	0.63847	1	0.48043	0.66405	1	0.51703	0.65126	1	0.45352	0.55528	13.18334	1.03581	1	0.71697	0.57561	13.05804	1.03581	1	-0.01180	-0.01282	0.67827	0.00298	1	0.05427	-0.01638	0.65387	0.00301	1	1.45898	0.81042	0	
1230007	8297.19336	3303771525028	0.51399	0.65926	8297.07910	0.11426	10772	1	0.54349	0.64810	1	0.48052	0.68169	1	0.51201	0.66489	1	0.45349	0.55536	13.46979	1.03581	1	0.71692	0.57564	13.24724	1.03581	1	-0.01180	-0.01282	0.67827	0.00294	1	0.05427	-0.01638	0.65387	0.00302	1	1.45898	0.81042	0	
1230008	8297.20020	3303771592358	0.51389	0.65956	8297.07910	0.12109	10772	1	0.54349	0.64810	1	0.48052	0.68169	1	0.51201	0.66489	1	0.45352	0.55533	13.52617	1.03581	1	0.71699	0.57555	13.56851	1.03581	1	-0.01180	-0.01282	0.67827	0.00294	1	0.05460	-0.01645	0.65662	0.00295	1	1.45898	0.81042	0	
1230009	8297.20605	3303771660036	0.51389	0.65896	8297.07910	0.12695	10772	1	0.54506	0.63547	1	0.48278	0.65979	1	0.51392	0.64763	1	0.45341	0.55510	13.43855	1.03581	1	0.71694	0.57550	13.40767	1.03581	1	-0.01180	-0.01282	0.67827	0.00309	1	0.05460	-0.01645	0.65662	0.00296	1	1.45898	0.81042	0	
1230010	8297.21289	3303771726056	0.51392	0.65898	8297.07910	0.13379	10772	1	0.53360	0.65819	1	0.49557	0.66059	1	0.51459	0.65939	1	0.45343	0.55532	13.40390	1.03581	1	0.71733	0.57543	13.42758	1.03581	1	-0.01180	-0.01282	0.67827	0.00295	1	0.05460	-0.01645	0.65662	0.00301	1	1.45898	0.81042	0	
1230011	8297.21973	3303771792985	0.51395	0.65900	8297.07910	0.14062	10772	1	0.53360	0.65819	1	0.49557	0.66059	1	0.51459	0.65939	1	0.45356	0.55528	13.40945	1.03581	1	0.71720	0.57550	13.98891	1.03581	1	-0.01180	-0.01282	0.67827	0.00297	1	0.05460	-0.01645	0.65662	0.00297	1	1.45898	0.81042	0	
1230012	8297.22656	3303771860198	0.51412	0.65905	8297.07910	0.14746	10772	1	0.56095	0.64665	1	0.47463	0.67350	1	0.51779	0.66007	1	0.45336	0.55518	13.21563	1.03581	1	0.71724	0.57545	14.09028	1.03581	1	-0.01180	-0.01282	0.67827	0.00298	1	0.05460	-0.01645	0.65662	0.00296	1	1.45898	0.81042	0	
1230013	8297.23340	3303771925560	0.51430	0.65751	8297.07910	0.15430	10772	1	0.55902	0.59098	1	0.47764	0.65354	1	0.51833	0.62226	1	0.45354	0.55519	13.39309	1.03581	1	0.71731	0.57535	13.99324	1.03581	1	-0.01180	-0.01282	0.67827	0.00299	1	0.05460	-0.01645	0.65662	0.00294	1	1.45898	0.81042	0	
1230014	8297.24023	3303771993799	0.51446	0.65610	8297.07910	0.16113	10772	1	0.55902	0.59098	1	0.47764	0.65354	1	0.51833	0.62226	1	0.45346	0.55520	13.41891	1.03581	1	0.71736	0.57536	13.72802	1.03581	1	-0.01180	-0.01282	0.67827	0.00296	1	0.05441	-0.01634	0.65435	0.00299	1	1.45898	0.81042	0	
1230015	8297.24609	3303772060963	0.51437	0.65672	8297.07910	0.16699	10772	1	0.54687	0.63877	1	0.47733	0.70570	1	0.51210	0.67224	1	0.45348	0.55529	13.56512	1.03581	1	0.71726	0.57549	13.87765	1.03581	1	-0.01180	-0.01282	0.67827	0.00295	1	0.05441	-0.01634	0.65435	0.00295	1	1.45898	0.81042	0	
1230016	8297.25293	3303772127890	0.51418	0.65667	8297.07910	0.17383	10772	1	0.55214	0.63052	1	0.46662	0.67994	1	0.50938	0.65523	1	0.45348	0.55506	13.42919	1.03581	1	0.71714	0.57513	13.41002	1.03581	1	-0.01180	-0.01282	0.67827	0.00300	1	0.05441	-0.01634	0.65435	0.00295	1	1.45898	0.81042	0	
1230017	8297.25977	3303772195060	0.51401	0.65662	8297.07910	0.18066	10772	1	0.55214	0.63052	1	0.46662	0.67994	1	0.50938	0.65523	1	0.45353	0.55497	13.36548	1.03581	1	0.71746	0.57506	13.87692	1.03581	1	-0.01180	-0.01282	0.67827	0.00304	1	0.05500	-0.01644	0.66020	0.00293	1	1.45898	0.81042	0	
1230018	8297.26660	3303772262281	0.51393	0.65507	8297.07910	0.18750	10772	1	0.55557	0.57565	1	0.46791	0.64762	1	0.51174	0.61164	1	0.45345	0.55504	13.51037	1.03581	1	0.71709	0.57488	13.02445	1.03581	1	-0.01180	-0.01282	0.67827	0.00302	1	0.05500	-0.01644	0.66020	0.00302	1	1.45898	0.81042	0	
1230019	8297.27344	3303772328757	0.51340	0.65484	8297.07910	0.19434	10772	1	0.54415	0.62798	1	0.45166	0.66842	1	0.49790	0.64820	1	0.45362	0.55489	12.99738	1.03581	1	0.71730	0.57508	13.59764	1.03581	1	-0.01180	-0.01282	0.67827	0.00323	1	0.05500	-0.01644	0.66020	0.00299	1	1.45898	0.81042	0	
1230020	8297.28027	3303772395698	0.51290	0.65462	8297.07910	0.20117	10772	1	0.54415	0.62798	1	0.45166	0.66842	1	0.49790	0.64820	1	0.45358	0.55489	13.07586	1.03581	1	0.71744	0.57484	12.19988	1.03581	1	-0.01180	-0.01282	0.67827	0.00319	1	0.05500	-0.01644	0.66020	0.00321	1	1.45898	0.81042	0	
1230021	8297.28711	3303772462855	0.51303	0.65443	8297.07910	0.20801	10772	1	0.52335	0.60830	1	0.51088	0.68847	1	0.51711	0.64839	1	0.45337	0.55474	13.11814	1.03581	1	0.71786	0.57476	13.01376	1.03581	1	-0.01180	-0.01282	0.67827	0.00301	1	0.05500	-0.01644	0.66020	0.00326	1	1.45898	0.81042	0	
1230022	8297.29395	3303772530521	0.51304	0.65477	8297.07910	0.21484	10772	1	0.54964	0.66251	1	0.47696	0.66882	1	0.51330	0.66566	1	0.45352	0.55463	13.45154	1.03581	1	0.71757	0.57468	13.64648	1.03581	1	-0.01180	-0.01282	0.67827	0.00302	1	0.05500	-0.01644	0.66020	0.00317	1	1.45898	0.81042	0	
1230023	8297.29980	3303772597077	0.51305	0.65509	8297.07910	0.22070	10772	1	0.54964	0.66251	1	0.47696	0.66882	1	0.51330	0.66566	1	0.45362	0.55455	13.36899	1.03581	1	0.71758	0.57458	13.65686	1.03581	1	-0.01180	-0.01272	0.67827	0.00305	1	0.05500	-0.01644	0.66020	0.00323	1	1.45898	0.81042	0	
1230024	8297.30664	3303772663958	0.51285	0.65489	8297.07910	0.22754	10772	1	0.53995	0.59007	1	0.47262	0.70645	1	0.50629	0.64826	1	0.45346	0.55424	13.39359	1.03581	1	0.71764	0.57498	13.55029	1.03581	1	-0.01180	-0.01272	0.67827	0.00321	1	0.05500	-0.01644	0.66020	0.00306	1	1.45898	0.81042	0	
1230025	8297.31348	3303772730066	0.51276	0.65457	8297.07910	0.23438	10772	1	0.54888	0.61904	1	0.46993	0.66726	1	0.50940	0.64315	1	0.45354	0.55432	13.22216	1.03581	1	0.71755	0.57455	13.40248	1.03581	1	-0.01180	-0.01272	0.67827	0.00312	1	0.05500	-0.01644	0.66020	0.00325	1	1.45898	0.81042	0	
1230026	8297.32031	3303772797685	0.51267	0.65426	8297.07910	0.24121	10772	1	0.54888	0.61904	1	0.46993	0.66726	1	0.50940	0.64315	1	0.45352	0.55455	13.43611	1.03581	1	0.71761	0.57490	13.38486	1.03581	1	-0.01173	-0.01259	0.67403	0.00300	1	0.05500	-0.01644	0.66020	0.00310	1	1.45898	0.81042	0	
1230027	8297.32715	3303772864658	0.51276	0.65488	8297.07910	0.24805	10772	1	0.55434	0.64440	1	0.47805	0.71103	1	0.51619	0.67772	1	0.45362	0.55424	13.37381	1.03581	1	0.71779	0.57502	13.32325	1.03581	1	-0.01173	-0.01259	0.67403	0.00297	1	0.05500	-0.01644	0.66020	0.00312	1	1.45898	0.81042	0	
1230028	8297.33398	3303772932070	0.51311	0.65543	8297.07910	0.25488	10772	1	0.55678	0.64492	1	0.49578	0.70823	1	0.52628	0.67657	1	0.45358	0.55426	13.49147	1.03581	1	0.71794	0.57497	13.14629	1.03581	1	-0.01173	-0.01259	0.67403	0.00293	1	0.05500	-0.01644	0.66020	0.00305	1	1.45898	0.81042	0	
1230029	8297.34082	3303772998975	0.51343	0.65596	8297.07910	0.26172	10772	1	0.55678	0.64492	1	0.49578	0.70823	1	0.52628	0.67657	1	0.45333	0.55409	12.99677	1.03581	1	0.71764	0.57491	13.60855	1.03581	1	-0.01180	-0.01262	0.67827	0.00295	1	0.05448	-0.01624	0.65400	0.00304	1	1.45898	0.81042	0	
1230030	8297.34668	3303773066311	0.51291	0.65564	8297.07910	0.26758	10772	1	0.51036	0.60996	1	0.47314	0.67546	1	0.49175	0.64271	1	0.45333	0.55409	12.99677	1.03581	1	0.71766	0.57464	13.52321	1.03581	1	-0.01180	-0.01262	0.67827	0.00295	1	0.05448	-0.01624	0.65400	0.00304	1	1.45898	0.81042	0	
1230031	8297.35352	3303773132211	0.51255	0.65526	8297.07910	0.27441	10772	1	0.51998	0.60313	1	0.47598	0.67635	1	0.49798	0.63974	1	0.45346	0.55410	13.11576	1.03581	1	0.71767	0.57465	13.60275	1.03581	1	-0.01180	-0.01262	0.67827	0.00297	1	0.05448	-0.01624	0.65400	0.00305	1	1.45898	0.81042	0	
1230032	8297.36035	3303773199489	0.51222	0.65500	8297.07910	0.28125	10772	1	0.52089	0.60759	1	0.47567	0.68042	1	0.49828	0.64400	1	0.45336	0.55394	12.96678	1.02779	1	0.71756	0.57457	13.78640	1.02779	1	-0.01148	-0.01233	0.66308	0.00309	1	0.05500	-0.01634	0.66020	0.00304	1	1.45898	0.81042	0	
1230033	8297.36719	3303773266714	0.51188	0.65510	8297.07910	0.28809	10772	1	0.52671	0.64431	1	0.46835	0.67500	1	0.49753	0.65965	1	0.45334	0.55397	12.97673	1.01978	1	0.71757	0.57453	13.85960	1.01978	1	-0.01148	-0.01233	0.66308	0.00292	1	0.05500	-0.01634	0.66020	0.00305	1	1.45898	0.81042	0	
1230034	8297.37402	3303773333887	0.51155	0.65530	8297.07910	0.29492	10772	1	0.52255	0.64966	1	0.47149	0.67864	1	0.49702	0.66415	1	0.45334	0.55397	12.97673	1.01176	1	0.71754	0.57443	13.54111	1.01176	1	-0.01148	-0.01233	0.66308	0.00292	1	0.05500	-0.01634	0.66020	0.00311	1	1.45898	0.81042	0	
1230035	8297.38086	3303773400892	0.51125	0.65559	8297.07910	0.30176	10772	1	0.52347	0.65386	1	0.47121	0.68278	1	0.49734	0.66832	1	0.45359	0.55400	13.24860	1.00374	1	0.71741	0.57461	13.67648	1.00374	1	-0.01148	-0.01233	0.66308	0.00295	1	0.05448	-0.01614	0.65400	0.00307	1	1.45898	0.81042	0	
1230036	8297.38770	3303773468218	0.51102	0.65505	8297.07910	0.30859	10772	1	0.54235	0.57638	1	0.45863	0.68443	1	0.50049	0.63041	1	0.45347	0.55379	13.25587	1.00374	1	0.71741	0.57459	13.62451	1.00374	1	-0.01148	-0.01233	0.66308	0.00306	1	0.05448	-0.01614	0.65400	0.00306	1	1.45898	0.81042	0	
1230037	8297.39355	3303773534219	0.51071	0.65487	8297.07910	0.31445	10772	1	0.53212	0.60436	1	0.46070	0.68829	1	0.49641	0.64633	1	0.45357	0.55360	13.39875	1.00374	1	0.71741	0.57459	13.62451	1.00374	1	-0.01148	-0.01233	0.66308	0.00311	1	0.05448	-0.01614	0.65400	0.00307	1	1.45898	0.81042	0	
1230038	8297.40039	3303773601485	0.51049	0.65397	8297.07910	0.32129	10772	1	0.53212	0.60436	1	0.46070	0.68829	1	0.49641	0.64633	1	0.45334	0.55333	13.19838	1.00374	1	0.71756	0.57458	13.89529	1.00374	1	-0.01148	-0.01233	0.66308	0.00306	1	0.05448	-0.01614	0.65400	0.00308	1	1.45898	0.81042	0	
1230039	8297.40723	3303773668189	0.51035	0.65394	8297.07910	0.32812	10772	1	0.53478	0.63100	1	0.47691	0.70658	1	0.50584	0.66879	1	0.45358	0.55355	13.55089	1.00374	1	0.71770	0.57471	13.85717	1.00374	1	-0.01148	-0.01233	0.66308	0.00310	1	0.05448	-0.01614	0.65400	0.00308	1	1.45898	0.81042	0	
1230040	8297.41406	3303773732911	0.50981	0.65443	8297.07910	0.33496	10772	1	0.52156	0.61607	1	0.46803	0.69909	1	0.49479	0.65758	1	0.45331	0.55334	13.16793	1.00374	1	0.71756	0.57458	13.89529	1.00374	1	-0.01148	-0.01233	0.66308	0.00306	1	0.05448	-0.01614	0.65400	0.00308	1	1.45898	0.81042	0	
1230041	8297.42090	3303773799639	0.50928	0.65488	8297.07910	0.34180	10772	1	0.52156	0.61607	1	0.46803	0.69909	1	0.49479	0.65758	1	0.45357	0.55354	13.50863	1.00374	1	0.71761	0.57450	13.49904	1.00374	1	-0.01148	-0.01233	0.66308	0.00312	1	0.05448	-0.01614	0.65400	0.00312	1	1.45898	0.81042	0	
1230042	8297.42676	3303773867028	0.50889	0.65570	8297.07910	0.34766	10772	1	0.50904	0.62740	1	0.47137	0.71561	1	0.49021	0.67151	1	0.45324	0.55381	13.10533	1.00374	1	0.71769	0.57445	13.47114	1.00374	1	-0.01148	-0.01233	0.66308	0.00299	1	0.05448	-0.01614	0.65400	0.00313	1	1.45898	0.81042	0	
1230043	8297.43359	3303773933251	0.50859	0.65631	8297.07910	0.35449	10772	1	0.52710	0.61825	1	0.47718	0.69768	1	0.50214	0.65796	1	0.45346	0.55357	13.38862	1.00374	1	0.71779	0.57410	13.15582	1.00374	1	-0.01148	-0.01233	0.66308	0.00305	1	0.05448	-0.01614	0.65400	0.00328	1	1.45898	0.81042	0	
1230044	8297.44043	3303774000480	0.50827	0.65671	8297.07910	0.36133	10772	1	0.52622	0.61377	1	0.47751	0.69365	1	0.50187	0.65371	1	0.45344	0.55373	13.44570	1.01176	1	0.71779	0.57410	13.15582	1.01176	1	-0.01180	-0.01262	0.67827	0.00309	1	0.05500	-0.01624	0.66020	0.00328	1	1.45898	0.81042	0	
1230045	8297.44727	3303774067939	0.50820	0.65609	8297.07910	0.36816	10772	1	0.52254	0.60858	1	0.48600	0.66467	1	0.50427	0.63663	1	0.45348	0.55371	13.38066	1.01978	1	0.71784	0.57404	12.99877	1.01978	1	-0.01180	-0.01262	0.67827	0.00308	1	0.05500	-0.01624	0.66020	0.00330	1	1.45898	0.81042	0	
1230046	8297.45312	3303774130388	0.50798	0.65518	8297.07910	0.37402	10772	1	0.51370	0.59180	1	0.47869	0.67026	1	0.49619	0.63103	1	0.45335	0.55354	13.08199	1.02779	1	0.71779	0.57410	13.15582	1.02779	1	-0.01180	-0.01262	0.67827	0.00309	1	0.05500	-0.01624	0.66020	0.00328	1	1.45898	0.81042	0	
1230047	8297.46094	3303774202704	0.50774	0.65409	8297.07910	0.38184	10772	1	0.51275	0.58722	1	0.47902	0.66611	1	0.49588	0.62666	1	0.45366	0.55382	13.48083	1.03581	1	0.71761	0.57425	13.46214	1.03581	1	-0.01180	-0.01262	0.67827	0.00306	1	0.05500	-0.01624	0.66020	0.00326	1	1.45898	0.81042	0	
1230048	8297.46777	3303774268749	0.50763	0.65382	8297.07910	0.38867	10772	1	0.52363	0.60711	1	0.47214	0.69871	1	0.49788	0.65291	1	0.45349	0.55375	13.37218	1.03581	1	0.71767	0.57434	13.44817	1.03581	1	-0.01180	-0.01262	0.67827	0.00308	1	0.05500	-0.01624	0.66020	0.00317	1	1.45898	0.81042	0	
1230049	8297.47363	3303774335930	0.50716	0.65281	8297.07910	0.39453	10772	1	0.52842	0.59296	1	0.47614	0.67304	1	0.50228	0.63300	1	0.45351	0.55369	13.29608	1.03581	1	0.71762	0.57407	13.10344	1.03581	1	-0.01180	-0.01262	0.67827	0.00309	1	0.05500	-0.01624	0.66020	0.00321	1	1.45898	0.81042	0	
1230050	8297.48145	3303774404790	0.50670	0.65197	8297.07910	0.40234	10772	1	0.52926	0.59750	1	0.47583	0.67713	1	0.50255	0.63731	1	0.45352	0.55361	13.29505	1.02779	1	0.71778	0.57394	13.08412	1.02779	1	-0.01148	-0.01233	0.66308	0.00304	1	0.05500	-0.01624	0.66020	0.00332	1	1.45898	0.81042	0	
1230051	8297.48730	3303774472473	0.50660	0.65193	8297.07910	0.40820	10772	1	0.52906	0.61096	1	0.48272	0.70011	1	0.50589	0.65554	1	0.45351	0.55365	13.30681	1.01978	1	0.71791	0.57417	13.72117	1.01978	1	-0.01148	-0.01233	0.66308	0.00301	1	0.05500	-0.01624	0.66020	0.00318	1	1.45898	0.81042	0	
1230052	8297.49414	3303774539154	0.50639	0.65222	8297.07910	0.41504	10772	1	0.53575	0.65354	1	0.47825	0.70563	1	0.50700	0.67959	1	0.45336	0.55350	13.21371	1.01176	1	0.71777	0.57408	13.15294	1.01176	1	-0.01148	-0.01233	0.66308	0.00299	1	0.05500	-0.01624	0.66020	0.00324	1	1.45898	0.81042	0	
1230053	8297.50098	3303774606395	0.50618	0.65288	8297.07910	0.42188	10772	1	0.53729	0.66140	1	0.47733	0.71639	1	0.50731	0.68890	1	0.45324	0.55371	13.03511	0.99662	1	0.71772	0.57390	13.01975	0.98981	1	-0.01113	-0.01201	0.64543	0.00320	1	0.05317	-0.01569	0.63770	0.00325	1	1.45898	0.81042	0	
1230054	8297.50781	3303774672883	0.50571	0.65421	8297.07910	0.42871	10772	1	0.51259	0.69035	1	0.47629	0.74004	1	0.49444	0.71519	1	0.45333	0.55373	12.90683	0.98268	1	0.71771	0.57399	13.42354	0.97588	1	-0.01113	-0.01201	0.64543	0.00312	1	0.05317	-0.01569	0.63770	0.00325	1	1.45898	0.81042	0	
1230055	8297.51465	3303774740542	0.50505	0.65491	8297.07910	0.43555	10772	1	0.51218	0.64909	1	0.44874	0.74809	1	0.48046	0.69859	1	0.45325	0.55371	12.92121	0.96875	1	0.71764	0.57409	13.10017	0.96194	1	-0.01113	-0.01201	0.64543	0.00325	1	0.05317	-0.01569	0.63770	0.00316	1	1.45898	0.81042	0	
1230056	8297.52148	3303774807395	0.50439	0.65557	8297.07910	0.44238	10772	1	0.51202	0.64843	1	0.44885	0.74432	1	0.48043	0.69638	1	0.45394	0.55346	12.93632	0.96996	1	0.71812	0.57360	13.68808	0.96996	1	-0.01146	-0.01236	0.67017	0.00318	1	0.05653	-0.01663	0.67617	0.00317	1	1.45898	0.81042	0	
1230057	8297.52734	3303774872482	0.50433	0.65614	8297.07910	0.44824	10772	1	0.54763	0.62822	1	0.47411	0.72164	1	0.51087	0.67493	1	0.45396	0.55344	12.79959	0.98510	1	0.71807	0.57379	13.83531	0.99191	1	-0.01146	-0.01236	0.67017	0.00320	1	0.05653	-0.01663	0.67617	0.00303	1	1.45898	0.81042	0	
1230058	8297.53516	3303774941889	0.50399	0.65637	8297.07910	0.45605	10772	1	0.53381	0.67071	1	0.46291	0.67059	1	0.49836	0.67065	1	0.45410	0.55350	12.71748	1.00705	1	0.71815	0.57347	13.78773	1.01386	1	-0.01146	-0.01236	0.67017	0.00318	1	0.05653	-0.01663	0.67617	0.00321	1	1.45898	0.81042	0	
1230059	8297.54102	3303775007829	0.50364	0.65637	8297.07910	0.46191	10772	1	0.53153	0.65964	1	0.46350	0.65911	1	0.49751	0.65938	1	0.45445	0.55364	13.48771	1.02900	1	0.71854	0.57394	13.37146	1.03581	1	-0.01148	-0.01244	0.67158	0.00305	1	0.05653	-0.01663	0.67617	0.00318	1	1.45898	0.81042	0	
1230060	8297.54785	3303775075313	0.50376	0.65626	8297.07910	0.46875	10772	1	0.55542	0.60807	1	0.49181	0.70078	1	0.52362	0.65442	1	0.45431	0.55330	13.31892	1.03581	1	0.71866	0.57392	12.89240	1.03581	1	-0.01148	-0.01244	0.67158	0.00324	1	0.05653	-0.01663	0.67617	0.00311	1	1.45898	0.81042	0	
1230061	8297.55469	3303775141393	0.50368	0.65709	8297.07910	0.47559	10772	1	0.54606	0.60884	1	0.48299	0.71597	1	0.51452	0.66241	1	0.45425	0.55325	13.21741	1.03581	1	0.71852	0.57406	13.13431	1.03581	1	-0.01148	-0.01244	0.67158	0.00313	1	0.05653	-0.01663	0.67617	0.00316	1	1.45898	0.81042	0	
1230062	8297.56152	3303775208502	0.50360	0.65805	8297.07910	0.48242	10772	1	0.54678	0.61325	1	0.48231	0.72293	1	0.51454	0.66809	1	0.45433	0.55344	13.47480	1.02780	1	0.71855	0.57411	13.29042	1.02099	1	-0.01128	-0.01223	0.66268	0.00299	1	0.05422	-0.01594	0.64794	0.00314	1	1.45898	0.81042	0	
1230063	8297.56836	3303775276199	0.50353	0.65778	8297.07910	0.48926	10772	1	0.54052	0.59103	1	0.47711	0.72831	1	0.50882	0.65967	1	0.45439	0.55318	13.22918	1.01297	1	0.71843	0.57408	13.48534	1.00616	1	-0.01128	-0.01223	0.66268	0.00304	1	0.05422	-0.01594	0.64794	0.00315	1	1.45898	0.81042	0	
1230064	8297.57520	3303775343431	0.50341	0.65864	8297.07910	0.49609	10772	1	0.53415	0.66498	1	0.47333	0.72747	1	0.50374	0.69622	1	0.45421	0.55353	13.17486	0.99815	1	0.71845	0.57410	13.49668	0.99134	1	-0.01128	-0.01223	0.66268	0.00300	1	0.05422	-0.01594	0.64794	0.00311	1	1.45898	0.81042	0	
1230065	8297.58105	3303775410064	0.50331	0.65965	8297.07910	0.50195	10772	1	0.53570	0.67260	1	0.47277	0.73456	1	0.50424	0.70358	1	0.45463	0.55353	12.90019	0.98332	1	0.71885	0.57376	13.71442	0.97651	1	-0.01098	-0.01196	0.65071	0.00303	1	0.05347	-0.01569	0.63787	0.00302	1	1.45898	0.81042	0	
1230066	8297.58789	3303775477406	0.50346	0.66086	8297.07910	0.50879	10772	1	0.55880	0.62045	1	0.47969	0.71958	1	0.51925	0.67002	1	0.45485	0.55334	13.32377	0.97651	1	0.71898	0.57378	13.94299	0.97651	1	-0.01098	-0.01196	0.65071	0.00290	1	0.05347	-0.01569	0.63787	0.00303	1	1.45898	0.81042	0	
1230067	8297.59473	3303775544147	0.50368	0.66191	8297.07910	0.51562	10772	1	0.55902	0.68289	1	0.45763	0.71438	1	0.50833	0.69863	1	0.45475	0.55329	13.00668	0.97651	1	0.71896	0.57379	13.75550	0.97651	1	-0.01098	-0.01196	0.65071	0.00296	1	0.05347	-0.01569	0.63787	0.00305	1	1.45898	0.81042	0	
1230068	8297.60156	3303775610215	0.50390	0.66284	8297.07910	0.52246	10772	1	0.55835	0.67883	1	0.45797	0.70699	1	0.50816	0.69291	1	0.45483	0.55308	13.11423	0.98453	1	0.71934	0.57413	12.97512	0.99134	1	-0.01136	-0.01243	0.67659	0.00296	1	0.05530	-0.01621	0.65909	0.00312	1	1.45898	0.81042	0	
1230069	8297.60840	3303775677868	0.50363	0.66360	8297.07910	0.52930	10772	1	0.52940	0.66380	1	0.47982	0.70584	1	0.50461	0.68482	1	0.45485	0.55316	13.13620	0.99935	1	0.71933	0.57380	12.88691	1.00616	1	-0.01136	-0.01243	0.67659	0.00294	1	0.05530	-0.01621	0.65909	0.00334	1	1.45898	0.81042	0	
1230070	8297.61523	3303775744537	0.50357	0.66419	8297.07910	0.53613	10772	1	0.54720	0.67597	1	0.47348	0.71193	1	0.51034	0.69395	1	0.45497	0.55324	13.10887	1.01418	1	0.71915	0.57414	13.27369	1.02099	1	-0.01136	-0.01243	0.67659	0.00295	1	0.05530	-0.01621	0.65909	0.00312	1	1.45898	0.81042	0	
1230071	8297.62109	3303775810705	0.50350	0.66463	8297.07910	0.54199	10772	1	0.54585	0.66863	1	0.47403	0.70482	1	0.50994	0.68673	1	0.45498	0.55321	13.10267	1.02900	1	0.71912	0.57421	13.63253	1.03581	1	-0.01135	-0.01237	0.67585	0.00297	1	0.05530	-0.01621	0.65909	0.00311	1	1.45898	0.81042	0	
1230072	8297.62793	3303775877477	0.50362	0.66568	8297.07910	0.54883	10772	1	0.54841	0.67645	1	0.47501	0.72103	1	0.51171	0.69874	1	0.45516	0.55355	13.57830	1.03581	1	0.71929	0.57425	13.87347	1.03581	1	-0.01135	-0.01237	0.67585	0.00302	1	0.05530	-0.01621	0.65909	0.00310	1	1.45898	0.81042	0	
1230073	8297.63477	3303775943293	0.50370	0.66615	8297.07910	0.55566	10772	1	0.55537	0.66938	1	0.47186	0.66165	1	0.51361	0.66552	1	0.45520	0.55337	13.71398	1.03581	1	0.71914	0.57411	13.56939	1.03581	1	-0.01135	-0.01237	0.67585	0.00289	1	0.05530	-0.01621	0.65909	0.00314	1	1.45898	0.81042	0	
1230074	8297.64160	3303776008363	0.50379	0.66665	8297.07910	0.56250	10772	1	0.55537	0.66938	1	0.47163	0.66520	1	0.51350	0.66729	1	0.45519	0.55304	13.22657	1.03581	1	0.71923	0.57417	13.71596	1.02900	1	-0.01149	-0.01263	0.68428	0.00297	1	0.05379	-0.01576	0.64058	0.00308	1	1.45898	0.81042	0	
1230075	8297.64844	3303776079646	0.50332	0.66671	8297.07910	0.56934	10772	1	0.53397	0.68447	1	0.45316	0.67658	1	0.49357	0.68053	1	0.45513	0.55374	13.62793	1.02900	1	0.71933	0.57427	13.67328	1.02220	1	-0.01149	-0.01263	0.68428	0.00303	1	0.05379	-0.01576	0.64058	0.00306	1	1.45898	0.81042	0	
1230076	8297.65527	3303776146431	0.50271	0.66642	8297.07910	0.57617	10772	1	0.54458	0.65970	1	0.44959	0.66530	1	0.49709	0.66250	1	0.45529	0.55359	13.77648	1.02220	1	0.71916	0.57396	13.47602	1.01539	1	-0.01149	-0.01263	0.68428	0.00307	1	0.05379	-0.01576	0.64058	0.00303	1	1.45898	0.81042	0	
1230077	8297.66211	3303776213895	0.50212	0.66632	8297.07910	0.58301	10772	1	0.54662	0.67083	1	0.44938	0.67328	1	0.49800	0.67206	1	0.45549	0.55368	14.05710	1.00024	1	0.71988	0.57355	13.62026	1.00024	1	-0.01062	-0.01177	0.63791	0.00300	1	0.05530	-0.01616	0.65679	0.00318	1	1.45898	0.81042	0	
1230078	8297.66895	3303776281024	0.50252	0.66651	8297.07910	0.58984	10772	1	0.54018	0.65771	1	0.48146	0.64545	1	0.51082	0.65158	1	0.45518	0.55348	13.48353	0.98510	1	0.72005	0.57351	13.35921	0.99191	1	-0.01062	-0.01177	0.63791	0.00303	1	0.05530	-0.01616	0.65679	0.00328	1	1.45898	0.81042	0	
1230079	8297.67578	3303776348344	0.50302	0.66737	8297.07910	0.59668	10772	1	0.55298	0.65609	1	0.49148	0.70568	1	0.52223	0.68088	1	0.45542	0.55322	12.87324	0.97677	1	0.72024	0.57398	13.03587	0.98358	1	-0.01062	-0.01177	0.63791	0.00298	1	0.05530	-0.01616	0.65679	0.00330	1	1.45898	0.81042	0	
1230080	8297.68164	3303776414460	0.50352	0.66806	8297.07910	0.60254	10772	1	0.55238	0.65245	1	0.49186	0.70224	1	0.52212	0.67735	1	0.45561	0.55341	12.95012	0.98358	1	0.71994	0.57429	13.76709	0.99038	1	-0.01125	-0.01258	0.68193	0.00310	1	0.05530	-0.01616	0.65679	0.00314	1	1.45898	0.81042	0	
1230081	8297.68848	3303776482078	0.50392	0.66823	8297.07910	0.60938	10772	1	0.54206	0.63798	1	0.49195	0.69773	1	0.51701	0.66785	1	0.45581	0.55355	13.06843	1.00553	1	0.72022	0.57436	13.17497	1.00553	1	-0.01125	-0.01258	0.68193	0.00305	1	0.05530	-0.01616	0.65679	0.00312	1	1.45898	0.81042	0	
1230082	8297.69531	3303776548794	0.50442	0.66879	8297.07910	0.61621	10772	1	0.56026	0.69490	1	0.48150	0.68670	1	0.52088	0.69080	1	0.45600	0.55358	13.51692	1.02067	1	0.72009	0.57427	13.41832	1.02067	1	-0.01125	-0.01258	0.68193	0.00307	1	0.05530	-0.01616	0.65679	0.00324	1	1.45898	0.81042	0	
1230083	8297.70215	3303776615849	0.50491	0.66910	8297.07910	0.62305	10772	1	0.55906	0.68774	1	0.48217	0.67906	1	0.52062	0.68340	1	0.45593	0.55349	13.52105	1.03581	1	0.71995	0.57425	13.46214	1.03581	1	-0.01125	-0.01258	0.68193	0.00303	1	0.05530	-0.01616	0.65679	0.00325	1	1.45898	0.81042	0	
1230084	8297.70898	3303776682733	0.50523	0.66940	8297.07910	0.62988	10772	1	0.56256	0.60300	1	0.46989	0.68703	1	0.51623	0.64502	1	0.45587	0.55341	13.47677	1.03581	1	0.71995	0.57425	13.46214	1.03581	1	-0.01125	-0.01258	0.68193	0.00303	1	0.05530	-0.01616	0.65679	0.00325	1	1.45898	0.81042	0	
1230085	8297.71582	3303776750104	0.50530	0.66909	8297.07910	0.63672	10772	1	0.52313	0.58447	1	0.47604	0.67753	1	0.49959	0.63100	1	0.45595	0.55342	13.39328	1.03581	1	0.72001	0.57432	13.54942	1.03581	1	-0.01125	-0.01258	0.68193	0.00300	1	0.05530	-0.01616	0.65679	0.00317	1	1.45898	0.81042	0	
1230086	8297.72266	3303776817246	0.50536	0.66880	8297.07910	0.64355	10772	1	0.52313	0.58447	1	0.47578	0.68098	1	0.49945	0.63272	1	0.45592	0.55342	13.38433	1.03581	1	0.72033	0.57434	14.04114	1.02900	1	-0.01139	-0.01269	0.69060	0.00301	1	0.05373	-0.01568	0.63758	0.00311	1	1.45898	0.81042	0	
1230087	8297.72852	3303776883826	0.50528	0.66832	8297.07910	0.64941	10772	1	0.52712	0.58589	1	0.47647	0.70529	1	0.50179	0.64559	1	0.45595	0.55325	13.17819	1.02900	1	0.72042	0.57453	14.18802	1.02220	1	-0.01139	-0.01269	0.69060	0.00303	1	0.05373	-0.01568	0.63758	0.00305	1	1.45898	0.81042	0	
1230088	8297.73535	3303776950679	0.50512	0.66784	8297.07910	0.65625	10772	1	0.51609	0.57966	1	0.45807	0.68978	1	0.48708	0.63472	1	0.45577	0.55300	13.00757	1.02220	1	0.72012	0.57421	13.74532	1.01539	1	-0.01139	-0.01269	0.69060	0.00313	1	0.05373	-0.01568	0.63758	0.00318	1	1.45898	0.81042	0	
1230089	8297.74219	3303777017348	0.50498	0.66758	8297.07910	0.66309	10772	1	0.51868	0.59254	1	0.45773	0.69740	1	0.48820	0.64497	1	0.45588	0.55295	13.00074	1.00024	1	0.72060	0.57430	14.09747	1.00024	1	-0.01065	-0.01202	0.65169	0.00300	1	0.05704	-0.01666	0.67505	0.00311	1	1.45898	0.81042	0	
1230090	8297.74902	3303777084604	0.50549	0.66770	8297.07910	0.66992	10772	1	0.54694	0.65262	1	0.48204	0.70184	1	0.51449	0.67723	1	0.45614	0.55343	13.70499	0.98510	1	0.72055	0.57416	14.13118	0.99191	1	-0.01065	-0.01202	0.65169	0.00311	1	0.05704	-0.01666	0.67505	0.00294	1	1.45898	0.81042	0	
1230091	8297.75586	3303777151751	0.50581	0.66763	8297.07910	0.67676	10772	1	0.54166	0.60376	1	0.49399	0.70517	1	0.51782	0.65446	1	0.45581	0.55288	13.36914	0.97677	1	0.72060	0.57409	14.14566	0.98358	1	-0.01065	-0.01202	0.65169	0.00289	1	0.05704	-0.01666	0.67505	0.00300	1	1.45898	0.81042	0	
1230092	8297.76270	3303777218738	0.50615	0.66766	8297.07910	0.68359	10772	1	0.54178	0.60447	1	0.49392	0.70578	1	0.51785	0.65512	1	0.45608	0.55340	13.58113	0.97556	1	0.72093	0.57408	13.42704	0.98237	1	-0.01073	-0.01211	0.65917	0.00299	1	0.05704	-0.01661	0.67505	0.00304	1	1.45898	0.81042	0	
1230093	8297.76855	3303777285449	0.50641	0.66863	8297.07910	0.68945	10772	1	0.56779	0.66411	1	0.46562	0.70256	1	0.51670	0.68333	1	0.45644	0.55323	13.47807	0.98949	1	0.72067	0.57409	13.49899	0.98949	1	-0.01073	-0.01211	0.65917	0.00295	1	0.05704	-0.01661	0.67505	0.00303	1	1.45898	0.81042	0	
1230094	8297.77539	3303777352400	0.50646	0.66935	8297.07910	0.69629	10772	1	0.54873	0.61057	1	0.44848	0.72100	1	0.49860	0.66578	1	0.45631	0.55316	12.82072	0.99662	1	0.72027	0.57445	14.04501	0.99662	1	-0.01073	-0.01211	0.65917	0.00295	1	0.05704	-0.01661	0.67505	0.00310	1	1.45898	0.81042	0	
1230095	8297.78223	3303777419398	0.50650	0.67000	8297.07910	0.70312	10772	1	0.54735	0.60195	1	0.44868	0.71371	1	0.49801	0.65783	1	0.45643	0.55313	13.18736	1.01176	1	0.72064	0.57439	13.55305	1.01176	1	-0.01111	-0.01260	0.68569	0.00292	1	0.05704	-0.01666	0.67505	0.00311	1	1.45898	0.81042	0	
1230096	8297.78906	3303777486529	0.50698	0.67033	8297.07910	0.70996	10772	1	0.56160	0.67332	1	0.48048	0.66372	1	0.52104	0.66852	1	0.45649	0.55318	13.06739	1.01978	1	0.72073	0.57433	13.74644	1.01978	1	-0.01111	-0.01260	0.68569	0.00291	1	0.05704	-0.01666	0.67505	0.00319	1	1.45898	0.81042	0	
1230097	8297.79590	3303777553141	0.50694	0.67100	8297.07910	0.71680	10772	1	0.53077	0.62435	1	0.46970	0.70634	1	0.50024	0.66534	1	0.45646	0.55317	12.94953	1.02780	1	0.72078	0.57452	13.93450	1.02780	1	-0.01111	-0.01260	0.68569	0.00292	1	0.05704	-0.01666	0.67505	0.00309	1	1.45898	0.81042	0	
1230098	8297.80273	3303777620703	0.50689	0.67150	8297.07910	0.72363	10772	1	0.52994	0.62002	1	0.46997	0.70248	1	0.49995	0.66125	1	0.45641	0.55313	13.12083	1.03581	1	0.72074	0.57448	13.85809	1.03581	1	-0.01096	-0.01238	0.67652	0.00295	1	0.05704	-0.01661	0.67505	0.00309	1	1.45898	0.81042	0	
1230099	8297.80957	3303777686753	0.50689	0.67168	8297.07910	0.73047	10772	1	0.53575	0.63729	1	0.47601	0.69081	1	0.50588	0.66405	1	0.45645	0.55311	13.13972	1.03581	1	0.72083	0.57426	13.63144	1.03581	1	-0.01096	-0.01238	0.67652	0.00298	1	0.05704	-0.01661	0.67505	0.00318	1	1.45898	0.81042	0	
1230100	8297.81543	3303777752430	0.50677	0.67090	8297.07910	0.73633	10772	1	0.53468	0.59998	1	0.46856	0.68492	1	0.50162	0.64245	1	0.45645	0.55317	13.20678	1.03581	1	0.72064	0.57439	13.55305	1.03581	1	-0.01096	-0.01238	0.67652	0.00296	1	0.05704	-0.01661	0.67505	0.00311	1	1.45898	0.81042	0	
1230101	8297.82227	3303777819267	0.50666	0.66994	8297.07910	0.74316	10772	1	0.53468	0.59998	1	0.46856	0.68492	1	0.50162	0.64245	1	0.45628	0.55316	13.17899	1.03581	1	0.72074	0.57448	13.85809	1.03581	1	-0.01096	-0.01238	0.67652	0.00303	1	0.05704	-0.01661	0.67505	0.00309	1	1.45898	0.81042	0	
1230102	8297.82910	3303777886543	0.50714	0.66887	8297.07910	0.75000	10772	1	0.57056	0.62502	1	0.46517	0.70324	1	0.51786	0.66413	1	0.45656	0.55317	13.59598	1.03581	1	0.72068	0.57439	13.88722	1.03581	1	-0.01096	-0.01238	0.67652	0.00304	1	0.05704	-0.01661	0.67505	0.00319	1	1.45898	0.81042	0	
1230103	8297.83594	3303777951018	0.50771	0.66776	8297.07910	0.75684	10772	1	0.54177	0.60028	1	0.47336	0.69054	1	0.50757	0.64541	1	0.45632	0.55312	13.33502	1.03581	1	0.72077	0.57433	13.73149	1.03581	1	-0.01096	-0.01238	0.67652	0.00298	1	0.05704	-0.01661	0.67505	0.00319	1	1.45898	0.81042	0	
1230104	8297.84277	3303778022051	0.50827	0.66670	8297.07910	0.76367	10772	1	0.54177	0.60028	1	0.47336	0.69054	1	0.50757	0.64541	1	0.45645	0.55304	13.15144	1.03581	1	0.72074	0.57448	13.85809	1.03581	1	-0.01096	-0.01238	0.67652	0.00302	1	0.05704	-0.01661	0.67505	0.00309	1	1.45898	0.81042	0	
1230105	8297.84863	3303778085190	0.50813	0.66641	8297.07910	0.76953	10772	1	0.55738	0.62059	1	0.45009	0.70157	1	0.50373	0.66108	1	0.45641	0.55296	13.08995	1.03581	1	0.72039	0.57460	14.60264	1.03581	1	-0.01096	-0.01238	0.67652	0.00303	1	0.05704	-0.01661	0.67505	0.00306	1	1.45898	0.81042	0	
1230106	8297.85645	3303778154761	0.50825	0.66618	8297.07910	0.77734	10772	1	0.55621	0.61631	1	0.45273	0.70218	1	0.50447	0.65924	1	0.45642	0.55296	13.06616	1.03581	1	0.72042	0.57452	14.45026	1.03581	1	-0.01096	-0.01238	0.67652	0.00301	1	0.05704	-0.01661	0.67505	0.00307	1	1.45898	0.81042	0	
1230107	8297.86328	3303778225083	0.50840	0.66617	8297.07910	0.78418	10772	1	0.55621	0.61631	1	0.45273	0.70218	1	0.50447	0.65924	1	0.45643	0.55309	13.16195	1.03581	1	0.72042	0.57452	14.45026	1.03581	1	-0.01096	-0.01238	0.67652	0.00295	1	0.05704	-0.01661	0.67505	0.00307	1	1.45898	0.81042	0	
1230108	8297.86914	3303778291253	0.50783	0.66622	8297.07910	0.79004	10772	1	0.54274	0.61379	1	0.45038	0.69921	1	0.49656	0.65650	1	0.45635	0.55316	13.33461	1.03581	1	0.72042	0.57452	14.45026	1.03581	1	-0.01096	-0.01238	0.67652	0.00295	1	0.05704	-0.01661	0.67505	0.00307	1	1.45898	0.81042	0	
1230109	8297.87598	3303778357082	0.50777	0.66614	8297.07910	0.79688	10772	1	0.57129	0.61276	1	0.45193	0.70487	1	0.51161	0.65881	1	0.45665	0.55313	13.41421	1.03581	1	0.72042	0.57451	14.53624	1.03581	1	-0.01096	-0.01238	0.67652	0.00300	1	0.05704	-0.01661	0.67505	0.00303	1	1.45898	0.81042	0	
1230110	8297.88281	3303778425044	0.50771	0.66595	8297.07910	0.80371	10772	1	0.57129	0.61276	1	0.45193	0.70487	1	0.51161	0.65881	1	0.45652	0.55312	13.60315	1.03581	1	0.72061	0.57416	14.04898	1.03581	1	-0.01096	-0.01238	0.67652	0.00299	1	0.05704	-0.01661	0.67505	0.00303	1	1.45898	0.81042	0	
1230111	8297.88965	3303778491819	0.50764	0.66589	8297.07910	0.81055	10772	1	0.54916	0.63912	1	0.46114	0.67480	1	0.50515	0.65696	1	0.45608	0.55308	13.87235	1.03581	1	0.72058	0.57413	13.87518	1.03581	1	-0.01096	-0.01238	0.67652	0.00298	1	0.05704	-0.01661	0.67505	0.00300	1	1.45898	0.81042	0	
1230112	8297.89648	3303778559535	0.50811	0.66476	8297.07910	0.81738	10772	1	0.55654	0.62863	1	0.49689	0.65474	1	0.52672	0.64168	1	0.45634	0.55312	13.94748	1.03581	1	0.72060	0.57402	13.80223	1.03581	1	-0.01096	-0.01238	0.67652	0.00299	1	0.05704	-0.01661	0.67505	0.00308	1	1.45898	0.81042	0	
1230113	8297.90332	3303778625556	0.50859	0.66363	8297.07910	0.82422	10772	1	0.55777	0.63666	1	0.49600	0.66275	1	0.52689	0.64970	1	0.45626	0.55313	14.20426	1.02067	1	0.72058	0.57418	13.98340	1.02067	1	-0.01065	-0.01193	0.65170	0.00298	1	0.05704	-0.01661	0.67505	0.00298	1	1.45898	0.81042	0	
1230114	8297.91016	3303778692190	0.50850	0.66385	8297.07910	0.83105	10772	1	0.54060	0.67329	1	0.49008	0.68744	1	0.51534	0.68037	1	0.45615	0.55304	13.86807	1.00553	1	0.72063	0.57407	13.95002	1.00553	1	-0.01065	-0.01193	0.65170	0.00308	1	0.05704	-0.01661	0.67505	0.00307	1	1.45898	0.81042	0	
1230115	8297.91602	3303778759449	0.50901	0.66252	8297.07910	0.83691	10772	1	0.57353	0.57440	1	0.49172	0.69512	1	0.53262	0.63476	1	0.45650	0.55280	13.28951	0.99038	1	0.72067	0.57417	13.88586	0.99038	1	-0.01065	-0.01193	0.65170	0.00306	1	0.05704	-0.01661	0.67505	0.00295	1	1.45898	0.81042	0	
1230116	8297.92285	3303778826445	0.50952	0.66148	8297.07910	0.84375	10772	1	0.57458	0.58362	1	0.49087	0.70288	1	0.53272	0.64325	1	0.45624	0.55279	12.86718	0.97524	1	0.72056	0.57398	13.96261	0.97524	1	-0.01065	-0.01193	0.65170	0.00300	1	0.05704	-0.01661	0.67505	0.00301	1	1.45898	0.81042	0	
1230117	8297.92969	3303778893548	0.50957	0.66115	8297.07910	0.85059	10772	1	0.53413	0.63283	1	0.47997	0.70495	1	0.50705	0.66889	1	0.45599	0.55285	13.98517	0.97524	1	0.72054	0.57408	14.05521	0.97524	1	-0.01065	-0.01193	0.65170	0.00292	1	0.05704	-0.01661	0.67505	0.00299	1	1.45898	0.81042	0	
1230118	8297.93652	3303778959654	0.50959	0.66075	8297.07910	0.85742	10772	1	0.53609	0.66121	1	0.48663	0.68821	1	0.51136	0.67471	1	0.45599	0.55285	13.96120	0.97524	1	0.72057	0.57387	13.98493	0.97524	1	-0.01065	-0.01193	0.65170	0.00292	1	0.05704	-0.01661	0.67505	0.00310	1	1.45898	0.81042	0	
1230119	8297.94336	3303779027311	0.50962	0.66046	8297.07910	0.86426	10772	1	0.53534	0.65743	1	0.48665	0.68805	1	0.51099	0.67274	1	0.45620	0.55309	14.02707	0.98237	1	0.72051	0.57425	14.35298	0.97556	1	-0.01089	-0.01214	0.66334	0.00297	1	0.05506	-0.01604	0.65211	0.00298	1	1.45898	0.81042	0	
1230120	8297.95020	3303779094271	0.50939	0.65967	8297.07910	0.87109	10772	1	0.53897	0.63675	1	0.46300	0.68485	1	0.50099	0.66080	1	0.45603	0.55306	13.85394	0.98268	1	0.72025	0.57409	14.48766	0.97588	1	-0.01089	-0.01214	0.66334	0.00294	1	0.05506	-0.01604	0.65211	0.00301	1	1.45898	0.81042	0	
1230121	8297.95703	3303779160786	0.50928	0.65974	8297.07910	0.87793	10772	1	0.53335	0.62807	1	0.48260	0.71015	1	0.50797	0.66911	1	0.45611	0.55295	13.49613	0.98300	1	0.72055	0.57424	14.04449	0.97619	1	-0.01089	-0.01214	0.66334	0.00297	1	0.05506	-0.01604	0.65211	0.00298	1	1.45898	0.81042	0	
1230122	8297.96289	3303779228025	0.50916	0.65965	8297.07910	0.88379	10772	1	0.53246	0.62340	1	0.48333	0.70252	1	0.50789	0.66296	1	0.45597	0.55296	13.55267	0.99134	1	0.72054	0.57452	14.14208	0.99134	1	-0.01139	-0.01264	0.69060	0.00306	1	0.05560	-0.01621	0.65909	0.00312	1	1.45898	0.81042	0	
1230123	8297.96973	3303779295149	0.50981	0.65984	8297.07910	0.89062	10772	1	0.56128	0.67054	1	0.48844	0.70884	1	0.52486	0.68969	1	0.45593	0.55322	13.63079	0.99935	1	0.72042	0.57434	14.28007	1.00616	1	-0.01139	-0.01264	0.69060	0.00296	1	0.05560	-0.01621	0.65909	0.00314	1	1.45898	0.81042	0	
1230124	8297.97656	3303779362059	0.51053	0.65998	8297.07910	0.89746	10772	1	0.56460	0.64206	1	0.49885	0.69549	1	0.53172	0.66878	1	0.45598	0.55299	13.63609	1.01418	1	0.72039	0.57428	14.30581	1.02099	1	-0.01139	-0.01264	0.69060	0.00312	1	0.05560	-0.01621	0.65909	0.00315	1	1.45898	0.81042	0	
1230125	8297.98340	3303779428936	0.51123	0.65975	8297.07910	0.90430	10772	1	0.56348	0.63423	1	0.49975	0.68813	1	0.53162	0.66118	1	0.45565	0.55298	13.07797	1.02900	1	0.72042	0.57428	14.19458	1.03581	1	-0.01139	-0.01264	0.69060	0.00313	1	0.05530	-0.01616	0.65679	0.00315	1	1.45898	0.81042	0	
1230126	8297.99023	3303779495997	0.51138	0.66033	8297.07910	0.91113	10772	1	0.54299	0.67641	1	0.49281	0.68254	1	0.51790	0.67948	1	0.45560	0.55295	13.18489	1.03581	1	0.72026	0.57407	13.26996	1.03581	1	-0.01139	-0.01264	0.69060	0.00310	1	0.05530	-0.01616	0.65679	0.00326	1	1.45898	0.81042	0	
1230127	8297.99707	3303779563555	0.51159	0.65990	8297.07910	0.91797	10772	1	0.57360	0.63512	1	0.49067	0.68540	1	0.53214	0.66026	1	0.45583	0.55304	13.59085	1.03581	1	0.72017	0.57416	13.18799	1.03581	1	-0.01139	-0.01264	0.69060	0.00305	1	0.05530	-0.01616	0.65679	0.00323	1	1.45898	0.81042	0	
1230128	8298.00391	3303779630857	0.51180	0.65954	8297.07910	0.92480	10772	1	0.57360	0.63512	1	0.49067	0.68540	1	0.53214	0.66026	1	0.45557	0.55301	13.19797	1.03581	1	0.71993	0.57445	13.51531	1.03581	1	-0.01139	-0.01264	0.69060	0.00301	1	0.05617	-0.01646	0.66707	0.00312	1	1.45898	0.81042	0	
1230129	8298.00977	3303779696954	0.51179	0.65939	8297.07910	0.93066	10772	1	0.56126	0.63057	1	0.47246	0.69016	1	0.51686	0.66037	1	0.45576	0.55309	13.53165	1.03581	1	0.71989	0.57438	13.89323	1.03581	1	-0.01139	-0.01264	0.69060	0.00301	1	0.05617	-0.01646	0.66707	0.00319	1	1.45898	0.81042	0	
1230130	8298.01660	3303779763443	0.51176	0.65832	8297.07910	0.93750	10772	1	0.55316	0.59642	1	0.48586	0.68244	1	0.51951	0.63943	1	0.45561	0.55308	13.42996	1.03581	1	0.72011	0.57410	13.02312	1.03581	1	-0.01139	-0.01264	0.69060	0.00300	1	0.05617	-0.01646	0.66707	0.00327	1	1.45898	0.81042	0	
1230131	8298.02344	3303779829910	0.51175	0.65757	8297.07910	0.94434	10772	1	0.55443	0.60492	1	0.48513	0.69004	1	0.51978	0.64748	1	0.45523	0.55300	13.75831	1.02067	1	0.72006	0.57425	13.70096	1.02067	1	-0.01068	-0.01175	0.64185	0.00294	1	0.05530	-0.01616	0.65679	0.00326	1	1.45898	0.81042	0	
1230132	8298.03027	3303779897870	0.51152	0.65827	8297.07910	0.95117	10772	1	0.52790	0.62565	1	0.48259	0.73130	1	0.50525	0.67847	1	0.45518	0.55304	13.66558	1.00553	1	0.71977	0.57451	14.24024	1.00553	1	-0.01068	-0.01175	0.64185	0.00289	1	0.05530	-0.01616	0.65679	0.00306	1	1.45898	0.81042	0	
1230133	8298.03711	3303779964436	0.51215	0.65964	8297.07910	0.95801	10772	1	0.56124	0.67258	1	0.49888	0.72082	1	0.53006	0.69670	1	0.45543	0.55293	13.98973	0.99038	1	0.71999	0.57433	13.73149	0.99038	1	-0.01068	-0.01175	0.64185	0.00300	1	0.05530	-0.01616	0.65679	0.00319	1	1.45898	0.81042	0	
1230134	8298.04395	3303780031397	0.51279	0.66105	8297.07910	0.96484	10772	1	0.56188	0.67667	1	0.49837	0.72472	1	0.53013	0.70070	1	0.45511	0.55291	13.36285	0.98237	1	0.71984	0.57417	14.09453	0.98237	1	-0.01097	-0.01200	0.65584	0.00291	1	0.05530	-0.01616	0.65679	0.00298	1	1.45898	0.81042	0	
1230135	8298.05078	3303780099607	0.51292	0.66179	8297.07910	0.97168	10772	1	0.53035	0.66530	1	0.48542	0.69679	1	0.50789	0.68104	1	0.45513	0.55320	13.52033	0.98949	1	0.71986	0.57424	14.22948	0.98949	1	-0.01097	-0.01200	0.65584	0.00294	1	0.05530	-0.01616	0.65679	0.00296	1	1.45898	0.81042	0	
1230136	8298.05664	3303780166316	0.51359	0.66273	8297.07910	0.97754	10772	1	0.55524	0.66278	1	0.48340	0.69693	1	0.51932	0.67986	1	0.45513	0.55320	13.52033	0.99662	1	0.71988	0.57418	14.15555	0.99662	1	-0.01097	-0.01200	0.65584	0.00294	1	0.05530	-0.01616	0.65679	0.00294	1	1.45898	0.81042	0	
1230137	8298.06348	3303780233007	0.51423	0.66333	8297.07910	0.98438	10772	1	0.55394	0.65496	1	0.48379	0.69270	1	0.51887	0.67383	1	0.45510	0.55325	13.55063	1.01176	1	0.71962	0.57428	13.83220	1.00495	1	-0.01135	-0.01237	0.67585	0.00295	1	0.05438	-0.01595	0.64646	0.00301	1	1.45898	0.81042	0	
1230138	8298.07031	3303780299868	0.51449	0.66346	8297.07910	0.99121	10772	1	0.55237	0.65846	1	0.50158	0.70789	1	0.52697	0.68317	1	0.45515	0.55326	13.60919	1.01297	1	0.71963	0.57445	13.85670	1.00616	1	-0.01135	-0.01237	0.67585	0.00297	1	0.05438	-0.01595	0.64646	0.00308	1	1.45898	0.81042	0	
1230139	8298.07715	3303780366556	0.51441	0.66429	8297.07910	0.99805	10772	1	0.54929	0.67600	1	0.47910	0.71288	1	0.51419	0.69444	1	0.45516	0.55329	13.61818	1.01418	1	0.71931	0.57450	13.50958	1.00737	1	-0.01135	-0.01237	0.67585	0.00297	1	0.05438	-0.01595	0.64646	0.00308	1	1.45898	0.81042	0	
1230140	8298.08398	3303780435213	0.51434	0.66506	8297.07910	1.00488	10772	1	0.54918	0.67540	1	0.47944	0.70899	1	0.51431	0.69220	1	0.45495	0.55323	13.09731	1.01539	1	0.71949	0.57452	13.58264	1.01539	1	-0.01136	-0.01243	0.67659	0.00292	1	0.05530	-0.01626	0.65909	0.00309	1	1.45898	0.81042	0	
1230141	8298.09082	3303780501681	0.51445	0.66557	8297.07910	1.01172	10772	1	0.56570	0.69800	1	0.47874	0.71761	1	0.52222	0.70781	1	0.45491	0.55353	13.20415	1.01539	1	0.71931	0.57456	13.39925	1.02220	1	-0.01136	-0.01243	0.67659	0.00296	1	0.05530	-0.01626	0.65909	0.00320	1	1.45898	0.81042	0	
1230142	8298.09766	3303780568463	0.51491	0.66630	8297.07910	1.01855	10772	1	0.55386	0.68199	1	0.48739	0.71998	1	0.52062	0.70098	1	0.45486	0.55335	13.05827	1.02220	1	0.71944	0.57459	12.99425	1.02900	1	-0.01136	-0.01243	0.67659	0.00298	1	0.05530	-0.01626	0.65909	0.00315	1	1.45898	0.81042	0	
1230143	8298.10352	3303780634696	0.51539	0.66722	8297.07910	1.02441	10772	1	0.55396	0.68258	1	0.48733	0.72054	1	0.52064	0.70156	1	0.45476	0.55357	12.91367	1.02099	1	0.71917	0.57448	13.73695	1.02780	1	-0.01130	-0.01236	0.66987	0.00301	1	0.05530	-0.01626	0.65909	0.00309	1	1.45898	0.81042	0	
1230144	8298.11035	3303780698729	0.51508	0.66734	8297.07910	1.03125	10772	1	0.53789	0.64025	1	0.47532	0.70856	1	0.50660	0.67440	1	0.45448	0.55345	13.23990	1.01978	1	0.71916	0.57429	13.76709	1.01978	1	-0.01130	-0.01236	0.66987	0.00318	1	0.05530	-0.01626	0.65909	0.00314	1	1.45898	0.81042	0	
1230145	8298.11719	3303780764417	0.51505	0.66786	8297.07910	1.03809	10772	1	0.53213	0.66963	1	0.46527	0.71168	1	0.49870	0.69065	1	0.45421	0.55367	13.16387	1.01176	1	0.71909	0.57439	13.80431	1.01176	1	-0.01130	-0.01236	0.66987	0.00309	1	0.05530	-0.01626	0.65909	0.00305	1	1.45898	0.81042	0	
1230146	8298.12402	3303780833178	0.51503	0.66856	8297.07910	1.04492	10772	1	0.53298	0.67366	1	0.46504	0.71555	1	0.49901	0.69461	1	0.45426	0.55368	13.27692	1.00375	1	0.71936	0.57428	13.27297	1.00375	1	-0.01134	-0.01234	0.66605	0.00303	1	0.05530	-0.01626	0.65909	0.00308	1	1.45898	0.81042	0	
1230147	8298.12988	3303780898256	0.51534	0.66808	8297.07910	1.05078	10772	1	0.54144	0.60047	1	0.49984	0.68191	1	0.52064	0.64119	1	0.45429	0.55321	13.04128	1.00375	1	0.71916	0.57412	13.10877	1.00375	1	-0.01134	-0.01234	0.66605	0.00317	1	0.05530	-0.01626	0.65909	0.00303	1	1.45898	0.81042	0	
1230148	8298.13770	3303780967505	0.51545	0.66811	8297.07910	1.05859	10772	1	0.54415	0.61839	1	0.47006	0.66889	1	0.50710	0.64364	1	0.45424	0.55329	13.24732	1.00375	1	0.71872	0.57400	12.87750	1.00375	1	-0.01134	-0.01234	0.66605	0.00322	1	0.05530	-0.01626	0.65909	0.00304	1	1.45898	0.81042	0	
1230149	8298.14355	3303781032545	0.51556	0.66808	8297.07910	1.06445	10772	1	0.54339	0.61392	1	0.47010	0.66825	1	0.50674	0.64108	1	0.45437	0.55341	13.27922	1.01176	1	0.71825	0.57408	13.28878	1.00495	1	-0.01146	-0.01236	0.67017	0.00322	1	0.05347	-0.01569	0.63787	0.00310	1	1.45898	0.81042	0	
1230150	8298.15039	3303781103159	0.51567	0.66841	8297.07910	1.07129	10772	1	0.55456	0.67109	1	0.49184	0.68903	1	0.52320	0.68006	1	0.45432	0.55341	13.29823	1.01297	1	0.71867	0.57408	13.96900	1.00616	1	-0.01146	-0.01236	0.67017	0.00317	1	0.05347	-0.01569	0.63787	0.00313	1	1.45898	0.81042	0	SUBJECT_ONSET_LOG
1230151	8298.15723	3303781166046	0.51609	0.66900	8297.07910	1.07812	10772	1	0.55998	0.63176	1	0.49513	0.71524	1	0.52756	0.67350	1	0.45442	0.55357	13.36157	1.01418	1	0.71862	0.57388	13.29496	1.00737	1	-0.01146	-0.01236	0.67017	0.00310	1	0.05347	-0.01569	0.63787	0.00329	1	1.45898	0.81042	0	
1230152	8298.16406	3303781233544	0.51651	0.66957	8297.07910	1.08496	10772	1	0.55988	0.63111	1	0.49520	0.71466	1	0.52754	0.67288	1	0.45444	0.55362	13.43911	1.01539	1	0.71854	0.57404	13.54682	1.00858	1	-0.01146	-0.01231	0.67017	0.00306	1	0.05422	-0.01594	0.64794	0.00318	1	1.45898	0.81042	0	
1230153	8298.17090	3303781303178	0.51678	0.67041	8297.07910	1.09180	10772	1	0.55523	0.68037	1	0.47816	0.72227	1	0.51670	0.70132	1	0.45436	0.55347	13.18004	1.00858	1	0.71850	0.57409	13.60059	1.00858	1	-0.01146	-0.01231	0.67017	0.00320	1	0.05422	-0.01594	0.64794	0.00315	1	1.45898	0.81042	0	AUDIO_FILE_ONSET_LOG
1230154	8298.17773	3303781367839	0.51704	0.67094	8297.07910	1.09863	10772	1	0.55758	0.66181	1	0.47692	0.70741	1	0.51725	0.68461	1	0.45418	0.55332	12.66375	1.00858	1	0.71841	0.57384	13.14735	1.00858	1	-0.01146	-0.01231	0.67017	0.00315	1	0.05422	-0.01594	0.64794	0.00331	1	1.45898	0.81042	0	
1230155	8298.18457	3303781438459	0.51731	0.67143	8297.07910	1.10547	10772	1	0.55758	0.66181	1	0.47720	0.70408	1	0.51739	0.68294	1	0.45405	0.55346	12.96226	1.00858	1	0.71840	0.57411	13.50174	1.01539	1	-0.01146	-0.01231	0.67017	0.00312	1	0.05653	-0.01663	0.67617	0.00314	1	1.45898	0.81042	0	
1230156	8298.19141	3303781505860	0.51772	0.67215	8297.07910	1.11230	10772	1	0.55471	0.65862	1	0.47787	0.72311	1	0.51629	0.69086	1	0.45408	0.55335	13.00048	1.01539	1	0.71846	0.57405	13.72052	1.02220	1	-0.01146	-0.01231	0.67017	0.00288	1	0.05653	-0.01663	0.67617	0.00306	1	1.45898	0.81042	0	
1230157	8298.19824	3303781573074	0.51774	0.67187	8297.07910	1.11914	10772	1	0.55412	0.57363	1	0.47107	0.71777	1	0.51260	0.64570	1	0.45407	0.55312	12.77938	1.02220	1	0.71838	0.57406	13.49566	1.02900	1	-0.01146	-0.01231	0.67017	0.00302	1	0.05653	-0.01663	0.67617	0.00306	1	1.45898	0.81042	0	
1230158	8298.20410	3303781639389	0.51776	0.67152	8297.07910	1.12500	10772	1	0.55355	0.56960	1	0.47131	0.71457	1	0.51243	0.64209	1	0.45425	0.55326	13.21002	1.02900	1	0.71834	0.57402	13.37642	1.03581	1	-0.01146	-0.01226	0.67017	0.00291	1	0.05356	-0.01571	0.64071	0.00309	1	1.45898	0.81042	0	
1230159	8298.21094	3303781706734	0.51807	0.67180	8297.07910	1.13184	10772	1	0.56515	0.63852	1	0.47479	0.70201	1	0.51997	0.67026	1	0.45415	0.55326	13.38557	1.03581	1	0.71837	0.57395	13.40935	1.03581	1	-0.01146	-0.01226	0.67017	0.00292	1	0.05356	-0.01571	0.64071	0.00308	1	1.45898	0.81042	0	
1230160	8298.21777	3303781770376	0.51779	0.67243	8297.07910	1.13867	10772	1	0.55679	0.65419	1	0.46974	0.68935	1	0.51326	0.67177	1	0.45410	0.55322	12.82626	1.03581	1	0.71838	0.57382	13.53967	1.03581	1	-0.01146	-0.01226	0.67017	0.00290	1	0.05356	-0.01571	0.64071	0.00296	1	1.45898	0.81042	0	
1230161	8298.22461	3303781837637	0.51750	0.67289	8297.07910	1.14551	10772	1	0.55679	0.65419	1	0.46974	0.68935	1	0.51326	0.67177	1	0.45406	0.55330	13.09018	1.03581	1	0.71838	0.57378	13.48973	1.03581	1	-0.01146	-0.01226	0.67017	0.00290	1	0.05356	-0.01571	0.64071	0.00300	1	1.45898	0.81042	0	
1230162	8298.23145	3303781905814	0.51756	0.67259	8297.07910	1.15234	10772	1	0.56822	0.64338	1	0.46782	0.68869	1	0.51802	0.66604	1	0.45429	0.55331	13.54167	1.03581	1	0.71834	0.57376	13.39343	1.03581	1	-0.01146	-0.01226	0.67017	0.00292	1	0.05356	-0.01571	0.64071	0.00302	1	1.45898	0.81042	0	
1230163	8298.23730	3303781970553	0.51731	0.67311	8297.07910	1.15820	10772	1	0.56270	0.63312	1	0.47900	0.68608	1	0.52085	0.65960	1	0.45414	0.55323	13.34651	1.03581	1	0.71847	0.57390	13.70135	1.03581	1	-0.01146	-0.01226	0.67017	0.00296	1	0.05356	-0.01571	0.64071	0.00293	1	1.45898	0.81042	0	
1230164	8298.24414	3303782038426	0.51707	0.67345	8297.07910	1.16504	10772	1	0.56270	0.63312	1	0.47900	0.68608	1	0.52085	0.65960	1	0.45423	0.55324	13.48435	1.03581	1	0.71835	0.57382	13.42494	1.03581	1	-0.01146	-0.01226	0.67017	0.00293	1	0.05356	-0.01571	0.64071	0.00295	1	1.45898	0.81042	0	
1230165	8298.25098	3303782106461	0.51712	0.67331	8297.07910	1.17188	10772	1	0.54928	0.64397	1	0.46985	0.68091	1	0.50957	0.66244	1	0.45427	0.55333	13.65114	1.03581	1	0.71834	0.57371	13.33648	1.03581	1	-0.01146	-0.01226	0.67017	0.00290	1	0.05356	-0.01571	0.64071	0.00303	1	1.45898	0.81042	0	
1230166	8298.25781	3303782170605	0.51720	0.67292	8297.07910	1.17871	10772	1	0.56293	0.62166	1	0.46765	0.69031	1	0.51529	0.65598	1	0.45421	0.55332	13.45095	1.03581	1	0.71842	0.57380	13.74856	1.03581	1	-0.01146	-0.01226	0.67017	0.00292	1	0.05356	-0.01571	0.64071	0.00299	1	1.45898	0.81042	0	
1230167	8298.26465	3303782238996	0.51729	0.67257	8297.07910	1.18555	10772	1	0.56293	0.62166	1	0.46765	0.69031	1	0.51529	0.65598	1	0.45423	0.55319	13.70425	1.03581	1	0.71838	0.57378	13.48973	1.03581	1	-0.01146	-0.01226	0.67017	0.00301	1	0.05356	-0.01571	0.64071	0.00301	1	1.45898	0.81042	0	
1230168	8298.27148	3303782307877	0.51750	0.67279	8297.07910	1.19238	10772	1	0.54382	0.65734	1	0.47790	0.68520	1	0.51086	0.67127	1	0.45422	0.55330	13.72382	1.03581	1	0.71844	0.57381	13.65747	1.03581	1	-0.01146	-0.01226	0.67017	0.00291	1	0.05356	-0.01571	0.64071	0.00299	1	1.45898	0.81042	0	
1230169	8298.27832	3303782376234	0.51753	0.67295	8297.07910	1.19922	10772	1	0.54019	0.65494	1	0.47942	0.69849	1	0.50980	0.67672	1	0.45426	0.55336	13.77958	1.03581	1	0.71850	0.57382	13.49161	1.03581	1	-0.01146	-0.01226	0.67017	0.00290	1	0.05356	-0.01571	0.64071	0.00299	1	1.45898	0.81042	0	
1230170	8298.28516	3303782443010	0.51757	0.67327	8297.07910	1.20605	10772	1	0.54019	0.65494	1	0.47913	0.70180	1	0.50966	0.67837	1	0.45411	0.55328	13.12389	1.03581	1	0.71868	0.57365	12.83610	1.02900	1	-0.01146	-0.01226	0.67017	0.00295	1	0.05422	-0.01579	0.64794	0.00306	1	1.45898	0.81042	0	
1230171	8298.29102	3303782510166	0.51716	0.67309	8297.07910	1.21191	10772	1	0.53017	0.63924	1	0.48004	0.72272	1	0.50510	0.68098	1	0.45401	0.55332	13.29293	1.02900	1	0.71851	0.57366	13.30615	1.02220	1	-0.01146	-0.01226	0.67017	0.00295	1	0.05422	-0.01579	0.64794	0.00306	1	1.45898	0.81042	0	
1230172	8298.29785	3303782577070	0.51685	0.67315	8297.07910	1.21875	10772	1	0.54853	0.64415	1	0.48511	0.69887	1	0.51682	0.67151	1	0.45413	0.55326	13.54563	1.02220	1	0.71852	0.57368	13.63392	1.01539	1	-0.01146	-0.01226	0.67017	0.00294	1	0.05422	-0.01579	0.64794	0.00300	1	1.45898	0.81042	0	
1230173	8298.30469	3303782644294	0.51654	0.67343	8297.07910	1.22559	10772	1	0.54914	0.64771	1	0.48478	0.70224	1	0.51696	0.67498	1	0.45409	0.55329	13.69878	1.01539	1	0.71844	0.57378	13.73715	1.00858	1	-0.01146	-0.01226	0.67017	0.00294	1	0.05422	-0.01579	0.64794	0.00298	1	1.45898	0.81042	0	
1230174	8298.31152	3303782711145	0.51593	0.67356	8297.07910	1.23242	10772	1	0.52789	0.65917	1	0.44942	0.71137	1	0.48865	0.68527	1	0.45408	0.55316	13.18827	1.00858	1	0.71836	0.57365	13.00971	1.00858	1	-0.01146	-0.01226	0.67017	0.00294	1	0.05422	-0.01579	0.64794	0.00301	1	1.45898	0.81042	0	
1230175	8298.31836	3303782777735	0.51535	0.67353	8297.07910	1.23926	10772	1	0.55478	0.63299	1	0.45301	0.68537	1	0.50390	0.65918	1	0.45411	0.55313	13.23413	1.00858	1	0.71846	0.57362	13.45388	1.00858	1	-0.01146	-0.01226	0.67017	0.00293	1	0.05422	-0.01579	0.64794	0.00301	1	1.45898	0.81042	0	
1230176	8298.32422	3303782841963	0.51476	0.67347	8297.07910	1.24512	10772	1	0.55478	0.63299	1	0.45313	0.68189	1	0.50396	0.65744	1	0.45431	0.55325	13.41997	1.00858	1	0.71861	0.57333	13.19653	1.01539	1	-0.01146	-0.01226	0.67017	0.00293	1	0.05530	-0.01607	0.65909	0.00291	1	1.45898	0.81042	0	
1230177	8298.33105	3303782909641	0.51425	0.67358	8297.07910	1.25195	10772	1	0.52391	0.66486	1	0.46068	0.66633	1	0.49230	0.66559	1	0.45430	0.55322	13.72444	1.01539	1	0.71849	0.57340	13.27302	1.02220	1	-0.01146	-0.01226	0.67017	0.00293	1	0.05530	-0.01607	0.65909	0.00290	1	1.45898	0.81042	0	
1230178	8298.33789	3303782975815	0.51383	0.67387	8297.07910	1.25879	10772	1	0.52397	0.65357	1	0.47459	0.65250	1	0.49928	0.65304	1	0.45432	0.55311	13.60751	1.02220	1	0.71878	0.57345	12.83836	1.02900	1	-0.01146	-0.01226	0.67017	0.00292	1	0.05530	-0.01607	0.65909	0.00290	1	1.45898	0.81042	0	
1230179	8298.34473	3303783045812	0.51340	0.67407	8297.07910	1.26562	10772	1	0.52490	0.65785	1	0.47428	0.65695	1	0.49959	0.65740	1	0.45396	0.55295	12.96397	1.01386	1	0.71920	0.57345	13.26402	1.02067	1	-0.01090	-0.01177	0.64330	0.00304	1	0.05530	-0.01611	0.65909	0.00292	1	1.45898	0.81042	0	
1230180	8298.35156	3303783108211	0.51339	0.67412	8297.07910	1.27246	10772	1	0.52993	0.65806	1	0.47948	0.70297	1	0.50471	0.68052	1	0.45430	0.55320	13.55587	1.00553	1	0.71918	0.57339	13.23311	1.00553	1	-0.01090	-0.01177	0.64330	0.00296	1	0.05530	-0.01611	0.65909	0.00297	1	1.45898	0.81042	0	
1230181	8298.35840	3303783176592	0.51322	0.67362	8297.07910	1.27930	10772	1	0.55445	0.65437	1	0.48899	0.69168	1	0.52172	0.67302	1	0.45462	0.55305	13.23135	0.99038	1	0.71932	0.57356	13.27763	0.99038	1	-0.01090	-0.01177	0.64330	0.00297	1	0.05530	-0.01611	0.65909	0.00303	1	1.45898	0.81042	0	
1230182	8298.36523	3303783247321	0.51305	0.67313	8297.07910	1.28613	10772	1	0.55515	0.65860	1	0.48856	0.69582	1	0.52186	0.67721	1	0.45495	0.55301	13.27389	0.98237	1	0.71911	0.57366	13.65247	0.98237	1	-0.01130	-0.01226	0.66987	0.00295	1	0.05530	-0.01611	0.65909	0.00300	1	1.45898	0.81042	0	
1230183	8298.37207	3303783311408	0.51319	0.67370	8297.07910	1.29297	10772	1	0.56218	0.68189	1	0.46744	0.73492	1	0.51481	0.70841	1	0.45484	0.55303	13.41359	0.98949	1	0.71916	0.57368	13.66596	0.98949	1	-0.01130	-0.01226	0.66987	0.00298	1	0.05530	-0.01611	0.65909	0.00302	1	1.45898	0.81042	0	
1230184	8298.37793	3303783378476	0.51325	0.67323	8297.07910	1.29883	10772	1	0.57267	0.62575	1	0.47167	0.68841	1	0.52217	0.65708	1	0.45499	0.55303	13.05325	0.99662	1	0.71909	0.57374	13.89921	0.99662	1	-0.01130	-0.01226	0.66987	0.00302	1	0.05530	-0.01611	0.65909	0.00295	1	1.45898	0.81042	0	
1230185	8298.38574	3303783448011	0.51331	0.67271	8297.07910	1.30664	10772	1	0.57162	0.61737	1	0.47221	0.68061	1	0.52192	0.64899	1	0.45506	0.55308	13.29100	1.01176	1	0.71910	0.57373	13.36285	1.01176	1	-0.01135	-0.01237	0.67585	0.00299	1	0.05530	-0.01611	0.65909	0.00300	1	1.45898	0.81042	0	
1230186	8298.39160	3303783515009	0.51305	0.67207	8297.07910	1.31250	10772	1	0.53982	0.62800	1	0.48826	0.67713	1	0.51404	0.65257	1	0.45508	0.55297	13.20861	1.01978	1	0.71935	0.57354	12.86330	1.01978	1	-0.01135	-0.01237	0.67585	0.00307	1	0.05530	-0.01611	0.65909	0.00305	1	1.45898	0.81042	0	
1230187	8298.39844	3303783581893	0.51314	0.67146	8297.07910	1.31934	10772	1	0.55072	0.65388	1	0.48700	0.67594	1	0.51886	0.66491	1	0.45518	0.55315	13.45222	1.02780	1	0.71928	0.57368	12.97829	1.02780	1	-0.01135	-0.01237	0.67585	0.00299	1	0.05530	-0.01611	0.65909	0.00301	1	1.45898	0.81042	0	
1230188	8298.40527	3303783648878	0.51323	0.67080	8297.07910	1.32617	10772	1	0.55002	0.64979	1	0.48740	0.67184	1	0.51871	0.66082	1	0.45507	0.55291	13.20867	1.03581	1	0.71911	0.57367	13.33351	1.03581	1	-0.01135	-0.01237	0.67585	0.00314	1	0.05530	-0.01609	0.65790	0.00302	1	1.45898	0.81042	0	
1230189	8298.41211	3303783715463	0.51248	0.66939	8297.07910	1.33301	10772	1	0.51310	0.62399	1	0.45918	0.65608	1	0.48614	0.64004	1	0.45497	0.55287	12.65449	1.03581	1	0.71919	0.57349	13.22177	1.03581	1	-0.01135	-0.01237	0.67585	0.00298	1	0.05530	-0.01609	0.65790	0.00296	1	1.45898	0.81042	0	
1230190	8298.41895	3303783782888	0.51177	0.66816	8297.07910	1.33984	10772	1	0.51152	0.62478	1	0.46097	0.65847	1	0.48624	0.64163	1	0.45497	0.55237	12.48693	1.03581	1	0.71937	0.57342	12.52939	1.03581	1	-0.01135	-0.01237	0.67585	0.00310	1	0.05530	-0.01609	0.65790	0.00295	1	1.45898	0.81042	0	
1230191	8298.42578	3303783849957	0.51107	0.66707	8297.07910	1.34668	10772	1	0.51335	0.63289	1	0.46059	0.66640	1	0.48697	0.64965	1	0.45532	0.55256	12.10402	1.02067	1	0.72000	0.57327	13.38540	1.02067	1	-0.01068	-0.01175	0.64185	0.00316	1	0.05686	-0.01656	0.67521	0.00287	1	1.45898	0.81042	0	
1230192	8298.43164	3303783916418	0.51124	0.66649	8297.07910	1.35254	10772	1	0.54815	0.64600	1	0.48208	0.64656	1	0.51511	0.64628	1	0.45551	0.55265	12.33050	1.00553	1	0.72001	0.57324	13.04522	1.00553	1	-0.01068	-0.01175	0.64185	0.00311	1	0.05686	-0.01656	0.67521	0.00295	1	1.45898	0.81042	0	
1230193	8298.43848	3303783983691	0.51163	0.66546	8297.07910	1.35938	10772	1	0.55590	0.60693	1	0.47905	0.67562	1	0.51747	0.64127	1	0.45563	0.55298	12.80476	0.99038	1	0.72008	0.57348	13.16365	0.99038	1	-0.01068	-0.01175	0.64185	0.00301	1	0.05686	-0.01656	0.67521	0.00295	1	1.45898	0.81042	0	
1230194	8298.44531	3303784050637	0.51202	0.66435	8297.07910	1.36621	10772	1	0.55590	0.60693	1	0.47905	0.67562	1	0.51747	0.64127	1	0.45553	0.55285	12.55946	0.99038	1	0.72023	0.57377	13.12904	0.99038	1	-0.01139	-0.01264	0.69060	0.00307	1	0.05530	-0.01606	0.65679	0.00299	1	1.45898	0.81042	0	
1230195	8298.45215	3303784116550	0.51196	0.66526	8297.07910	1.37305	10772	1	0.55539	0.67314	1	0.48002	0.69628	1	0.51771	0.68471	1	0.45555	0.55279	12.56397	1.00553	1	0.72023	0.57377	13.12904	1.00553	1	-0.01139	-0.01264	0.69060	0.00313	1	0.05530	-0.01606	0.65679	0.00299	1	1.45898	0.81042	0	
1230196	8298.45898	3303784184567	0.51226	0.66603	8297.07910	1.37988	10772	1	0.57375	0.66453	1	0.46998	0.69740	1	0.52187	0.68096	1	0.45586	0.55288	13.04808	1.02067	1	0.72001	0.57384	13.57041	1.02067	1	-0.01139	-0.01264	0.69060	0.00313	1	0.05530	-0.01606	0.65679	0.00296	1	1.45898	0.81042	0	
1230197	8298.46582	3303784251942	0.51257	0.66671	8297.07910	1.38672	10772	1	0.57274	0.65692	1	0.47049	0.68992	1	0.52162	0.67342	1	0.45589	0.55301	13.07557	1.03581	1	0.72002	0.57389	13.77244	1.03581	1	-0.01139	-0.01264	0.69060	0.00302	1	0.05686	-0.01656	0.67521	0.00293	1	1.45898	0.81042	0	
1230198	8298.47266	3303784318687	0.51251	0.66628	8297.07910	1.39355	10772	1	0.56674	0.64561	1	0.47311	0.67327	1	0.51993	0.65944	1	0.45574	0.55279	12.87361	1.03581	1	0.71991	0.57370	13.25603	1.03581	1	-0.01139	-0.01264	0.69060	0.00299	1	0.05686	-0.01656	0.67521	0.00304	1	1.45898	0.81042	0	
1230199	8298.47852	3303784383614	0.51219	0.66584	8297.07910	1.39941	10772	1	0.54565	0.62736	1	0.47911	0.67789	1	0.51238	0.65263	1	0.45581	0.55277	13.07574	1.03581	1	0.71999	0.57387	13.64577	1.03581	1	-0.01139	-0.01264	0.69060	0.00303	1	0.05686	-0.01656	0.67521	0.00294	1	1.45898	0.81042	0	
1230200	8298.48535	3303784452501	0.51187	0.66542	8297.07910	1.40625	10772	1	0.54565	0.62736	1	0.47911	0.67789	1	0.51238	0.65263	1	0.45581	0.55277	13.07574	1.03581	1	0.72000	0.57382	13.64778	1.03581	1	-0.01139	-0.01264	0.69060	0.00303	1	0.05686	-0.01656	0.67521	0.00295	1	1.45898	0.81042	0	
1230201	8298.49219	3303784520119	0.51167	0.66495	8297.07910	1.41309	10772	1	0.54328	0.64114	1	0.47085	0.71636	1	0.50707	0.67875	1	0.45577	0.55280	13.31348	1.03581	1	0.71991	0.57401	13.57782	1.03581	1	-0.01139	-0.01264	0.69060	0.00301	1	0.05686	-0.01656	0.67521	0.00304	1	1.45898	0.81042	0	
1230202	8298.49902	3303784585491	0.51161	0.66468	8297.07910	1.41992	10772	1	0.55347	0.64991	1	0.47528	0.69298	1	0.51438	0.67144	1	0.45584	0.55288	13.19154	1.03581	1	0.71993	0.57393	13.53662	1.03581	1	-0.01139	-0.01264	0.69060	0.00304	1	0.05686	-0.01656	0.67521	0.00306	1	1.45898	0.81042	0	
1230203	8298.50586	3303784651005	0.51155	0.66444	8297.07910	1.42676	10772	1	0.55347	0.64991	1	0.47528	0.69298	1	0.51438	0.67144	1	0.45581	0.55293	13.53614	1.03581	1	0.71983	0.57398	13.33479	1.03581	1	-0.01139	-0.01264	0.69060	0.00302	1	0.05686	-0.01656	0.67521	0.00305	1	1.45898	0.81042	0	
1230204	8298.51270	3303784720677	0.51144	0.66414	8297.07910	1.43359	10772	1	0.54592	0.66461	1	0.47558	0.68895	1	0.51075	0.67678	1	0.45566	0.55303	13.98879	1.03581	1	0.72000	0.57396	13.54415	1.03581	1	-0.01139	-0.01264	0.69060	0.00298	1	0.05686	-0.01656	0.67521	0.00313	1	1.45898	0.81042	0	
1230205	8298.51953	3303784788951	0.51145	0.66492	8297.07910	1.44043	10772	1	0.55532	0.66914	1	0.47152	0.69719	1	0.51342	0.68317	1	0.45582	0.55304	13.46132	1.03581	1	0.71990	0.57399	13.40421	1.03581	1	-0.01139	-0.01264	0.69060	0.00298	1	0.05686	-0.01656	0.67521	0.00309	1	1.45898	0.81042	0	
1230206	8298.52637	3303784854116	0.51147	0.66578	8297.07910	1.44727	10772	1	0.55532	0.66914	1	0.47152	0.69719	1	0.51342	0.68317	1	0.45570	0.55308	13.83540	1.03581	1	0.72009	0.57413	13.80763	1.03581	1	-0.01139	-0.01264	0.69060	0.00295	1	0.05530	-0.01616	0.65679	0.00307	1	1.45898	0.81042	0	
1230207	8298.53223	3303784916975	0.51119	0.66548	8297.07910	1.45312	10772	1	0.54094	0.61068	1	0.47194	0.70160	1	0.50644	0.65614	1	0.45577	0.55308	13.36925	1.03581	1	0.71998	0.57406	13.65889	1.03581	1	-0.01139	-0.01264	0.69060	0.00301	1	0.05530	-0.01616	0.65679	0.00309	1	1.45898	0.81042	0	
1230208	8298.53906	3303784987536	0.51114	0.66580	8297.07910	1.45996	10772	1	0.54011	0.65004	1	0.48187	0.72424	1	0.51099	0.68714	1	0.45574	0.55298	13.44931	1.03581	1	0.72005	0.57417	13.70338	1.03581	1	-0.01139	-0.01264	0.69060	0.00305	1	0.05530	-0.01616	0.65679	0.00309	1	1.45898	0.81042	0	
1230209	8298.54590	3303785055563	0.51110	0.66613	8297.07910	1.46680	10772	1	0.54011	0.65004	1	0.48187	0.72424	1	0.51099	0.68714	1	0.45564	0.55314	13.93603	1.03581	1	0.71983	0.57396	13.09390	1.03581	1	-0.01139	-0.01264	0.69060	0.00297	1	0.05530	-0.01616	0.65679	0.00317	1	1.45898	0.81042	0	
1230210	8298.55273	3303785122882	0.51088	0.66616	8297.07910	1.47363	10772	1	0.54263	0.63689	1	0.47270	0.69817	1	0.50767	0.66753	1	0.45574	0.55310	13.48998	1.03581	1	0.71992	0.57400	13.18330	1.03581	1	-0.01139	-0.01264	0.69060	0.00298	1	0.05530	-0.01616	0.65679	0.00322	1	1.45898	0.81042	0	
1230211	8298.55957	3303785189579	0.51092	0.66625	8297.07910	1.48047	10772	1	0.56024	0.63151	1	0.48515	0.69714	1	0.52269	0.66433	1	0.45573	0.55312	13.57694	1.03581	1	0.72010	0.57401	13.41528	1.03581	1	-0.01139	-0.01264	0.69060	0.00297	1	0.05530	-0.01616	0.65679	0.00323	1	1.45898	0.81042	0	
1230212	8298.56641	3303785256744	0.51096	0.66635	8297.07910	1.48730	10772	1	0.56024	0.63151	1	0.48515	0.69714	1	0.52269	0.66433	1	0.45575	0.55318	13.64852	1.03581	1	0.72002	0.57393	13.07879	1.03581	1	-0.01139	-0.01264	0.69060	0.00295	1	0.05530	-0.01616	0.65679	0.00319	1	1.45898	0.81042	0	
1230213	8298.57324	3303785323615	0.51100	0.66670	8297.07910	1.49414	10772	1	0.55175	0.65445	1	0.47108	0.70420	1	0.51141	0.67932	1	0.45573	0.55323	13.62472	1.03581	1	0.71990	0.57446	13.38858	1.03581	1	-0.01139	-0.01264	0.69060	0.00291	1	0.05530	-0.01616	0.65679	0.00315	1	1.45898	0.81042	0	
1230214	8298.57910	3303785390660	0.51098	0.66689	8297.07910	1.50000	10772	1	0.56039	0.64897	1	0.46900	0.68043	1	0.51470	0.66470	1	0.45587	0.55328	13.58826	1.03581	1	0.71995	0.57432	13.20021	1.03581	1	-0.01139	-0.01264	0.69060	0.00299	1	0.05530	-0.01616	0.65679	0.00325	1	1.45898	0.81042	0	
1230215	8298.58594	3303785456786	0.51097	0.66707	8297.07910	1.50684	10772	1	0.56039	0.64897	1	0.46900	0.68043	1	0.51470	0.66470	1	0.45583	0.55325	13.59316	1.03581	1	0.72017	0.57433	12.82218	1.03581	1	-0.01139	-0.01264	0.69060	0.00293	1	0.05530	-0.01616	0.65679	0.00321	1	1.45898	0.81042	0	
1230216	8298.59277	3303785524513	0.51118	0.66694	8297.07910	1.51367	10772	1	0.55141	0.65849	1	0.49077	0.67225	1	0.52109	0.66537	1	0.45588	0.55334	13.59887	1.03581	1	0.72014	0.57399	12.78030	1.03581	1	-0.01139	-0.01264	0.69060	0.00297	1	0.05530	-0.01616	0.65679	0.00332	1	1.45898	0.81042	0	
1230217	8298.59961	3303785591489	0.51154	0.66678	8297.07910	1.52051	10772	1	0.56377	0.66662	1	0.48996	0.67092	1	0.52686	0.66877	1	0.45583	0.55333	13.56512	1.03581	1	0.72014	0.57399	12.78030	1.03581	1	-0.01139	-0.01264	0.69060	0.00294	1	0.05530	-0.01616	0.65679	0.00332	1	1.45898	0.81042	0	
1230218	8298.60645	3303785658388	0.51190	0.66658	8297.07910	1.52734	10772	1	0.56377	0.66662	1	0.48996	0.67092	1	0.52686	0.66877	1	0.45570	0.55322	13.10128	1.03581	1	0.72006	0.57408	12.76564	1.03581	1	-0.01139	-0.01264	0.69060	0.00295	1	0.05530	-0.01616	0.65679	0.00329	1	1.45898	0.81042	0	
1230219	8298.61328	3303785724613	0.51206	0.66633	8297.07910	1.53418	10772	1	0.54070	0.65637	1	0.48515	0.68183	1	0.51292	0.66910	1	0.45569	0.55318	13.10331	1.03581	1	0.72012	0.57412	12.86096	1.03581	1	-0.01139	-0.01264	0.69060	0.00294	1	0.05530	-0.01616	0.65679	0.00327	1	1.45898	0.81042	0	
1230220	8298.61914	3303785789308	0.51194	0.66659	8297.07910	1.54004	10772	1	0.54205	0.66951	1	0.48028	0.69806	1	0.51116	0.68378	1	0.45573	0.55323	12.98974	1.03581	1	0.72006	0.57432	12.83967	1.03581	1	-0.01139	-0.01264	0.69060	0.00295	1	0.05530	-0.01616	0.65679	0.00318	1	1.45898	0.81042	0	
1230221	8298.62598	3303785857846	0.51182	0.66677	8297.07910	1.54688	10772	1	0.54205	0.66951	1	0.48028	0.69806	1	0.51116	0.68378	1	0.45573	0.55323	12.98974	1.03581	1	0.71990	0.57439	13.88722	1.03581	1	-0.01139	-0.01264	0.69060	0.00295	1	0.05530	-0.01616	0.65679	0.00319	1	1.45898	0.81042	0	
1230222	8298.63281	3303785924780	0.51209	0.66628	8297.07910	1.55371	10772	1	0.52895	0.64135	1	0.47361	0.68220	1	0.50128	0.66177	1	0.45576	0.55328	12.98076	1.03581	1	0.71991	0.57423	13.47827	1.03581	1	-0.01139	-0.01264	0.69060	0.00295	1	0.05530	-0.01616	0.65679	0.00323	1	1.45898	0.81042	0	
1230223	8298.63965	3303785989749	0.51242	0.66650	8297.07910	1.56055	10772	1	0.57026	0.63974	1	0.46944	0.70002	1	0.51985	0.66988	1	0.45579	0.55326	13.10937	1.03581	1	0.71996	0.57448	13.85809	1.03581	1	-0.01139	-0.01264	0.69060	0.00293	1	0.05530	-0.01616	0.65679	0.00309	1	1.45898	0.81042	0	
1230224	8298.64648	3303786057600	0.51275	0.66676	8297.07910	1.56738	10772	1	0.57026	0.63974	1	0.46944	0.70002	1	0.51985	0.66988	1	0.45575	0.55358	12.98234	1.03581	1	0.71976	0.57449	14.07915	1.03581	1	-0.01139	-0.01269	0.69060	0.00296	1	0.05530	-0.01616	0.65679	0.00308	1	1.45898	0.81042	0	
1230225	8298.65332	3303786125857	0.51339	0.66709	8297.07910	1.57422	10772	1	0.55932	0.66057	1	0.48708	0.70220	1	0.52320	0.68139	1	0.45575	0.55321	12.83760	1.03581	1	0.72015	0.57435	13.32583	1.03581	1	-0.01139	-0.01269	0.69060	0.00323	1	0.05530	-0.01616	0.65679	0.00314	1	1.45898	0.81042	0	
1230226	8298.65918	3303786191490	0.51379	0.66755	8297.07910	1.58008	10772	1	0.55979	0.66178	1	0.47652	0.68860	1	0.51816	0.67519	1	0.45571	0.55328	12.76426	1.03581	1	0.71995	0.57426	13.63820	1.03581	1	-0.01139	-0.01269	0.69060	0.00321	1	0.05530	-0.01616	0.65679	0.00321	1	1.45898	0.81042	0	
1230227	8298.66602	3303786258689	0.51417	0.66792	8297.07910	1.58691	10772	1	0.55979	0.66178	1	0.47652	0.68860	1	0.51816	0.67519	1	0.45571	0.55342	12.76166	1.03581	1	0.72018	0.57437	13.30011	1.03581	1	-0.01125	-0.01258	0.68193	0.00313	1	0.05686	-0.01666	0.67521	0.00314	1	1.45898	0.81042	0	
1230228	8298.67285	3303786326738	0.51436	0.66736	8297.07910	1.59375	10772	1	0.55749	0.60024	1	0.47003	0.70614	1	0.51376	0.65319	1	0.45566	0.55317	12.88233	1.03581	1	0.71996	0.57448	13.85809	1.03581	1	-0.01125	-0.01258	0.68193	0.00320	1	0.05686	-0.01666	0.67521	0.00309	1	1.45898	0.81042	0	
1230229	8298.67969	3303786390255	0.51437	0.66774	8297.07910	1.60059	10772	1	0.56720	0.68857	1	0.47706	0.69472	1	0.52213	0.69165	1	0.45576	0.55361	12.71879	1.03581	1	0.72002	0.57433	13.53247	1.03581	1	-0.01125	-0.01258	0.68193	0.00302	1	0.05686	-0.01666	0.67521	0.00312	1	1.45898	0.81042	0	
1230230	8298.68652	3303786462273	0.51438	0.66804	8297.07910	1.60742	10772	1	0.56720	0.68857	1	0.47706	0.69472	1	0.52213	0.69165	1	0.45560	0.55367	13.29489	1.03581	1	0.71996	0.57443	13.80316	1.03581	1	-0.01125	-0.01258	0.68193	0.00300	1	0.05381	-0.01582	0.63909	0.00305	1	1.45898	0.81042	0	
1230231	8298.69336	3303786529425	0.51426	0.66733	8297.07910	1.61426	10772	1	0.54439	0.67987	1	0.47355	0.66881	1	0.50897	0.67434	1	0.45526	0.55380	13.62040	1.03581	1	0.71998	0.57451	13.71007	1.03581	1	-0.01125	-0.01258	0.68193	0.00309	1	0.05381	-0.01582	0.63909	0.00317	1	1.45898	0.81042	0	
1230232	8298.70020	3303786595979	0.51425	0.66800	8297.07910	1.62109	10772	1	0.56012	0.65690	1	0.48368	0.72096	1	0.52190	0.68893	1	0.45569	0.55364	12.75886	1.03581	1	0.72014	0.57463	13.05441	1.03581	1	-0.01125	-0.01258	0.68193	0.00312	1	0.05381	-0.01582	0.63909	0.00331	1	1.45898	0.81042	0	
1230233	8298.70703	3303786663024	0.51425	0.66891	8297.07910	1.62793	10772	1	0.56074	0.66093	1	0.48331	0.72469	1	0.52202	0.69281	1	0.45537	0.55372	13.63224	1.02780	1	0.72006	0.57472	12.84343	1.02780	1	-0.01089	-0.01217	0.65697	0.00311	1	0.05686	-0.01676	0.67521	0.00328	1	1.45898	0.81042	0	
1230234	8298.71387	3303786729641	0.51421	0.66952	8297.07910	1.63477	10772	1	0.55548	0.66059	1	0.46835	0.70345	1	0.51191	0.68202	1	0.45563	0.55364	12.64961	1.01978	1	0.71981	0.57479	13.59087	1.01978	1	-0.01089	-0.01217	0.65697	0.00315	1	0.05686	-0.01676	0.67521	0.00322	1	1.45898	0.81042	0	
1230235	8298.71973	3303786797025	0.51428	0.66921	8297.07910	1.64062	10772	1	0.56675	0.61329	1	0.47806	0.68649	1	0.52241	0.64989	1	0.45569	0.55367	12.92731	1.01176	1	0.72001	0.57473	12.87819	1.01176	1	-0.01089	-0.01217	0.65697	0.00313	1	0.05686	-0.01676	0.67521	0.00326	1	1.45898	0.81042	0	
1230236	8298.72656	3303786863785	0.51436	0.66907	8297.07910	1.64746	10772	1	0.56734	0.61776	1	0.47773	0.69058	1	0.52253	0.65417	1	0.45526	0.55368	13.60680	1.00375	1	0.71979	0.57493	13.84632	1.00375	1	-0.01089	-0.01222	0.65697	0.00304	1	0.05686	-0.01676	0.67521	0.00309	1	1.45898	0.81042	0	
1230237	8298.73340	3303786930992	0.51470	0.66912	8297.07910	1.65430	10772	1	0.53944	0.58287	1	0.46569	0.70206	1	0.50256	0.64247	1	0.45524	0.55360	13.66656	1.00375	1	0.71976	0.57468	13.67989	1.00375	1	-0.01089	-0.01222	0.65697	0.00311	1	0.05686	-0.01676	0.67521	0.00308	1	1.45898	0.81042	0	
1230238	8298.74023	3303786997739	0.51485	0.66949	8297.07910	1.66113	10772	1	0.53018	0.63157	1	0.45601	0.68679	1	0.49309	0.65918	1	0.45515	0.55371	13.62806	1.00375	1	0.71971	0.57464	13.74401	1.00375	1	-0.01089	-0.01222	0.65697	0.00301	1	0.05686	-0.01676	0.67521	0.00306	1	1.45898	0.81042	0	
1230239	8298.74707	3303787064004	0.51497	0.66969	8297.07910	1.66797	10772	1	0.53018	0.63157	1	0.45601	0.68679	1	0.49309	0.65918	1	0.45512	0.55389	13.60623	1.00375	1	0.71957	0.57476	14.07458	1.00375	1	-0.01089	-0.01222	0.65697	0.00297	1	0.05686	-0.01676	0.67521	0.00301	1	1.45898	0.81042	0	
1230240	8298.75391	3303787132834	0.51482	0.67012	8297.07910	1.67480	10772	1	0.56447	0.63393	1	0.45140	0.69974	1	0.50794	0.66684	1	0.45559	0.55372	13.56468	1.00375	1	0.71971	0.57469	13.89373	1.00375	1	-0.01089	-0.01222	0.65697	0.00310	1	0.05686	-0.01676	0.67521	0.00302	1	1.45898	0.81042	0	
1230241	8298.76074	3303787198610	0.51436	0.67150	8297.07910	1.68164	10772	1	0.52530	0.66583	1	0.46507	0.74938	1	0.49518	0.70760	1	0.45573	0.55402	13.63578	1.00375	1	0.71992	0.57525	13.68105	1.00375	1	-0.01089	-0.01222	0.65697	0.00297	1	0.05686	-0.01676	0.67521	0.00308	1	1.45898	0.81042	0	
1230242	8298.76660	3303787264914	0.51390	0.67288	8297.07910	1.68750	10772	1	0.52530	0.66583	1	0.46507	0.74938	1	0.49518	0.70760	1	0.45669	0.55373	13.46557	1.00375	1	0.72130	0.57548	14.16325	1.00375	1	-0.01080	-0.01235	0.66382	0.00306	1	0.05560	-0.01641	0.65909	0.00315	1	1.45898	0.81042	0	
1230243	8298.77344	3303787332494	0.51492	0.67287	8297.07910	1.69434	10772	1	0.61495	0.62327	1	0.51849	0.74534	1	0.56672	0.68431	1	0.45709	0.55346	13.17739	1.00375	1	0.72164	0.57516	14.34942	1.00375	1	-0.01080	-0.01235	0.66382	0.00316	1	0.05560	-0.01641	0.65909	0.00302	1	1.45898	0.81042	0	
1230244	8298.78027	3303787399081	0.51550	0.67317	8297.07910	1.70117	10772	1	0.58756	0.62658	1	0.51183	0.76438	1	0.54969	0.69548	1	0.45706	0.55354	13.29033	1.00375	1	0.72150	0.57539	13.79912	1.00375	1	-0.01080	-0.01235	0.66382	0.00315	1	0.05560	-0.01641	0.65909	0.00311	1	1.45898	0.81042	0	
1230245	8298.78711	3303787466433	0.51608	0.67355	8297.07910	1.70801	10772	1	0.58711	0.62218	1	0.51243	0.76088	1	0.54977	0.69153	1	0.45705	0.55375	13.26312	1.01176	1	0.72144	0.57528	13.87328	1.01176	1	-0.01099	-0.01263	0.67884	0.00308	1	0.05704	-0.01681	0.67505	0.00312	1	1.45898	0.81042	0	
1230246	8298.79395	3303787533687	0.51731	0.67325	8297.07910	1.71484	10772	1	0.61752	0.59723	1	0.54015	0.69264	1	0.57884	0.64493	1	0.45710	0.55346	13.20152	1.01978	1	0.72143	0.57527	13.94178	1.01978	1	-0.01099	-0.01263	0.67884	0.00317	1	0.05704	-0.01681	0.67505	0.00304	1	1.45898	0.81042	0	
1230247	8298.80078	3303787600646	0.51888	0.67402	8297.07910	1.72168	10772	1	0.61135	0.65808	1	0.56457	0.72137	1	0.58796	0.68973	1	0.45708	0.55355	13.31816	1.02780	1	0.72146	0.57555	14.01578	1.02780	1	-0.01099	-0.01263	0.67884	0.00315	1	0.05704	-0.01681	0.67505	0.00314	1	1.45898	0.81042	0	
1230248	8298.80762	3303787667805	0.52045	0.67487	8297.07910	1.72852	10772	1	0.61158	0.66167	1	0.56369	0.72473	1	0.58764	0.69320	1	0.45701	0.55342	13.19915	1.02067	1	0.72130	0.57544	13.76838	1.02067	1	-0.01065	-0.01212	0.65169	0.00314	1	0.05560	-0.01641	0.65909	0.00314	1	1.45898	0.81042	0	
1230249	8298.81348	3303787734112	0.52194	0.67469	8297.07910	1.73438	10772	1	0.61148	0.63212	1	0.54587	0.70838	1	0.57867	0.67025	1	0.45688	0.55338	13.08376	1.00553	1	0.72127	0.57527	13.94998	1.00553	1	-0.01065	-0.01212	0.65169	0.00318	1	0.05560	-0.01641	0.65909	0.00313	1	1.45898	0.81042	0	
1230250	8298.82031	3303787802474	0.54742	0.68498	8297.07910	1.73438	10772	0	0.60221	0.62722	1	0.55456	0.79107	1	0.57839	0.70915	1	0.45686	0.55359	13.01619	0.99038	1	0.72146	0.57547	14.44384	0.99038	1	-0.01065	-0.01212	0.65169	0.00313	1	0.05560	-0.01641	0.65909	0.00311	1	1.45898	0.81042	0	
1230251	8298.82715	3303787868579	0.56262	0.70074	8297.07910	1.73438	10772	0	0.60285	0.63562	1	0.55277	0.79739	1	0.57781	0.71650	1	0.45701	0.55392	13.49758	0.97524	1	0.72136	0.57526	14.27641	0.97524	1	-0.01065	-0.01212	0.65169	0.00295	1	0.05535	-0.01639	0.65622	0.00328	1	1.45898	0.81042	0	
1230252	8298.83398	3303787936080	0.56711	0.69422	8297.07910	1.73438	10772	0	0.60156	0.59743	1	0.55064	0.76490	1	0.57610	0.68116	1	0.45709	0.55371	13.15904	0.97524	1	0.72137	0.57527	14.22036	0.97524	1	-0.01065	-0.01212	0.65169	0.00293	1	0.05535	-0.01639	0.65622	0.00326	1	1.45898	0.81042	0	
1230253	8298.84082	3303788003812	0.56761	0.69369	8298.82031	0.02051	10773	1	0.59207	0.64360	1	0.54616	0.74064	1	0.56912	0.69212	1	0.45710	0.55373	13.11842	0.97524	1	0.72118	0.57497	13.72281	0.97524	1	-0.01065	-0.01212	0.65169	0.00292	1	0.05535	-0.01639	0.65622	0.00332	1	1.45898	0.81042	0	
1230254	8298.84766	3303788067661	0.56800	0.69183	8298.82031	0.02734	10773	1	0.59127	0.63532	1	0.54786	0.73343	1	0.56956	0.68437	1	0.45704	0.55398	13.33197	0.99038	1	0.72131	0.57545	14.35246	0.99038	1	-0.01125	-0.01268	0.68193	0.00297	1	0.05686	-0.01686	0.67521	0.00309	1	1.45898	0.81042	0	
1230255	8298.85449	3303788136489	0.56931	0.69001	8298.82031	0.03418	10773	1	0.61431	0.61470	1	0.53743	0.74713	1	0.57587	0.68091	1	0.45683	0.55398	13.79698	1.00553	1	0.72118	0.57541	14.35723	1.00553	1	-0.01125	-0.01268	0.68193	0.00294	1	0.05686	-0.01686	0.67521	0.00309	1	1.45898	0.81042	0	
1230256	8298.86133	3303788204551	0.57047	0.69219	8298.82031	0.04102	10773	1	0.62776	0.65064	1	0.52700	0.75985	1	0.57738	0.70525	1	0.45677	0.55387	13.78975	1.02067	1	0.72099	0.57546	13.90197	1.02067	1	-0.01125	-0.01268	0.68193	0.00302	1	0.05686	-0.01686	0.67521	0.00312	1	1.45898	0.81042	0	
1230257	8298.86719	3303788271490	0.57140	0.69292	8298.82031	0.04688	10773	1	0.62749	0.64286	1	0.52834	0.75326	1	0.57791	0.69806	1	0.45666	0.55386	13.99731	1.03581	1	0.72099	0.57527	13.92730	1.03581	1	-0.01125	-0.01268	0.68193	0.00299	1	0.05530	-0.01635	0.65679	0.00308	1	1.45898	0.81042	0	
1230258	8298.87402	3303788336513	0.57237	0.69050	8298.82031	0.05371	10773	1	0.60937	0.59796	1	0.55096	0.74431	1	0.58016	0.67113	1	0.45671	0.55383	13.99255	1.03581	1	0.72117	0.57534	14.21197	1.03581	1	-0.01125	-0.01268	0.68193	0.00299	1	0.05530	-0.01635	0.65679	0.00310	1	1.45898	0.81042	0	
1230259	8298.88086	3303788404317	0.57321	0.68903	8298.82031	0.06055	10773	1	0.62213	0.61693	1	0.53938	0.73469	1	0.58076	0.67581	1	0.45667	0.55378	13.90385	1.03581	1	0.72099	0.57527	13.92730	1.03581	1	-0.01125	-0.01268	0.68193	0.00300	1	0.05530	-0.01635	0.65679	0.00308	1	1.45898	0.81042	0	
1230260	8298.88770	3303788472520	0.57390	0.68783	8298.82031	0.06738	10773	1	0.62213	0.61693	1	0.53938	0.73469	1	0.58076	0.67581	1	0.45670	0.55379	13.94871	1.03581	1	0.72097	0.57534	14.01070	1.03581	1	-0.01125	-0.01268	0.68193	0.00300	1	0.05530	-0.01635	0.65679	0.00308	1	1.45898	0.81042	0	
1230261	8298.89453	3303788539218	0.57349	0.68721	8298.82031	0.07422	10773	1	0.60398	0.61279	1	0.53400	0.74807	1	0.56899	0.68043	1	0.45670	0.55379	13.94871	1.03581	1	0.72102	0.57529	13.97511	1.03581	1	-0.01125	-0.01268	0.68193	0.00300	1	0.05530	-0.01635	0.65679	0.00311	1	1.45898	0.81042	0	
1230262	8298.90137	3303788606758	0.57361	0.68506	8298.82031	0.08105	10773	1	0.59719	0.57628	1	0.55305	0.74224	1	0.57512	0.65926	1	0.45671	0.55363	13.85528	1.03581	1	0.72122	0.57526	14.44724	1.03581	1	-0.01125	-0.01268	0.68193	0.00309	1	0.05530	-0.01635	0.65679	0.00313	1	1.45898	0.81042	0	
1230263	8298.90820	3303788672413	0.57372	0.68322	8298.82031	0.08789	10773	1	0.59719	0.57628	1	0.55305	0.74224	1	0.57512	0.65926	1	0.45672	0.55367	13.98880	1.03581	1	0.72091	0.57526	13.91307	1.03581	1	-0.01125	-0.01268	0.68193	0.00307	1	0.05530	-0.01635	0.65679	0.00314	1	1.45898	0.81042	0	
1230264	8298.91406	3303788739184	0.57349	0.68133	8298.82031	0.09375	10773	1	0.61127	0.58526	1	0.52918	0.72438	1	0.57022	0.65482	1	0.45669	0.55381	14.00569	1.03581	1	0.72090	0.57521	13.85324	1.03581	1	-0.01125	-0.01268	0.68193	0.00299	1	0.05530	-0.01635	0.65679	0.00317	1	1.45898	0.81042	0	
1230265	8298.92090	3303788806482	0.57344	0.68109	8298.82031	0.10059	10773	1	0.61483	0.62992	1	0.53053	0.72507	1	0.57268	0.67749	1	0.45667	0.55383	13.93209	1.03581	1	0.72090	0.57521	13.85324	1.03581	1	-0.01125	-0.01268	0.68193	0.00299	1	0.05530	-0.01635	0.65679	0.00317	1	1.45898	0.81042	0	
1230266	8298.92773	3303788871749	0.57339	0.68087	8298.82031	0.10742	10773	1	0.61483	0.62992	1	0.53053	0.72507	1	0.57268	0.67749	1	0.45666	0.55384	14.10755	1.03581	1	0.72090	0.57521	13.85324	1.03581	1	-0.01125	-0.01268	0.68193	0.00304	1	0.05686	-0.01676	0.67521	0.00317	1	1.45898	0.81042	0	
1230267	8298.93457	3303788940600	0.57336	0.68192	8298.82031	0.11426	10773	1	0.61907	0.66032	1	0.52664	0.73907	1	0.57286	0.69970	1	0.45668	0.55379	13.99527	1.03581	1	0.72095	0.57526	13.95692	1.03581	1	-0.01125	-0.01268	0.68193	0.00300	1	0.05686	-0.01676	0.67521	0.00318	1	1.45898	0.81042	0	
1230268	8298.94141	3303789008258	0.57326	0.68055	8298.82031	0.12109	10773	1	0.60713	0.59381	1	0.53585	0.71807	1	0.57149	0.65594	1	0.45663	0.55381	13.88791	1.03581	1	0.72100	0.57514	13.97396	1.03581	1	-0.01125	-0.01268	0.68193	0.00305	1	0.05686	-0.01676	0.67521	0.00307	1	1.45898	0.81042	0	
1230269	8298.94824	3303789074471	0.57318	0.67932	8298.82031	0.12793	10773	1	0.60713	0.59381	1	0.53585	0.71807	1	0.57149	0.65594	1	0.45666	0.55381	13.94976	1.03581	1	0.72105	0.57506	14.06314	1.03581	1	-0.01125	-0.01268	0.68193	0.00304	1	0.05686	-0.01676	0.67521	0.00305	1	1.45898	0.81042	0	
1230270	8298.95508	3303789141392	0.57366	0.67878	8298.82031	0.13477	10773	1	0.61185	0.60009	1	0.55472	0.73561	1	0.58329	0.66785	1	0.45665	0.55368	14.11657	1.03581	1	0.72127	0.57524	14.49802	1.03581	1	-0.01125	-0.01268	0.68193	0.00312	1	0.05686	-0.01676	0.67521	0.00310	1	1.45898	0.81042	0	
1230271	8298.96094	3303789207984	0.57364	0.67720	8298.82031	0.14062	10773	1	0.61497	0.59136	1	0.53156	0.69699	1	0.57326	0.64417	1	0.45662	0.55379	14.08011	1.03581	1	0.72092	0.57490	14.41957	1.03581	1	-0.01125	-0.01268	0.68193	0.00305	1	0.05686	-0.01676	0.67521	0.00295	1	1.45898	0.81042	0	
1230272	8298.96777	3303789275209	0.57361	0.67595	8298.82031	0.14746	10773	1	0.61520	0.59588	1	0.53083	0.70092	1	0.57302	0.64840	1	0.45634	0.55381	13.35213	1.02780	1	0.72065	0.57482	14.42923	1.02780	1	-0.01089	-0.01222	0.65697	0.00308	1	0.05532	-0.01634	0.65811	0.00308	1	1.45898	0.81042	0	
1230273	8298.97461	3303789341705	0.57295	0.67657	8298.82031	0.15430	10773	1	0.56790	0.64578	1	0.54743	0.73561	1	0.55767	0.69070	1	0.45573	0.55391	13.49083	1.01978	1	0.72047	0.57506	14.20366	1.01978	1	-0.01089	-0.01222	0.65697	0.00297	1	0.05532	-0.01634	0.65811	0.00320	1	1.45898	0.81042	0	
1230274	8298.98145	3303789409465	0.57299	0.67606	8298.82031	0.16113	10773	1	0.58989	0.62124	1	0.55818	0.70671	1	0.57403	0.66398	1	0.45541	0.55379	13.03366	1.01176	1	0.72022	0.57471	13.80401	1.01176	1	-0.01089	-0.01222	0.65697	0.00305	1	0.05532	-0.01634	0.65811	0.00307	1	1.45898	0.81042	0	
1230275	8298.98828	3303789476192	0.57302	0.67566	8298.82031	0.16797	10773	1	0.58989	0.62124	1	0.55736	0.71007	1	0.57363	0.66565	1	0.45482	0.55389	13.86984	1.01176	1	0.71911	0.57433	13.51522	1.00495	1	-0.01149	-0.01273	0.68428	0.00311	1	0.05347	-0.01579	0.63787	0.00306	1	1.45898	0.81042	0	
1230276	8298.99512	3303789543296	0.57109	0.67505	8298.82031	0.17480	10773	1	0.56416	0.63995	1	0.47800	0.67847	1	0.52108	0.65921	1	0.45482	0.55389	13.86984	1.01297	1	0.71892	0.57399	13.87713	1.00616	1	-0.01149	-0.01273	0.68428	0.00312	1	0.05347	-0.01579	0.63787	0.00305	1	1.45898	0.81042	0	
1230277	8299.00195	3303789610452	0.56933	0.67488	8298.82031	0.18164	10773	1	0.56084	0.64623	1	0.48265	0.69399	1	0.52175	0.67011	1	0.45489	0.55392	14.04684	1.01418	1	0.71903	0.57420	14.09374	1.00737	1	-0.01149	-0.01273	0.68428	0.00311	1	0.05347	-0.01579	0.63787	0.00304	1	1.45898	0.81042	0	
1230278	8299.00781	3303789678076	0.56769	0.67463	8298.82031	0.18750	10773	1	0.56075	0.64559	1	0.48302	0.68994	1	0.52188	0.66777	1	0.45502	0.55376	13.92397	1.01539	1	0.71884	0.57425	13.97242	1.01539	1	-0.01149	-0.01273	0.68428	0.00314	1	0.05524	-0.01628	0.65961	0.00297	1	1.45898	0.81042	0	
1230279	8299.01465	3303789744273	0.56626	0.67369	8298.82031	0.19434	10773	1	0.57125	0.63192	1	0.47813	0.66098	1	0.52469	0.64645	1	0.45495	0.55367	13.60429	1.01539	1	0.71886	0.57426	14.14196	1.02220	1	-0.01149	-0.01273	0.68428	0.00316	1	0.05524	-0.01628	0.65961	0.00298	1	1.45898	0.81042	0	
1230280	8299.02148	3303789809693	0.56474	0.67144	8298.82031	0.20117	10773	1	0.56260	0.56818	1	0.47566	0.63957	1	0.51913	0.60388	1	0.45493	0.55361	13.59862	1.02220	1	0.71883	0.57423	14.15777	1.02900	1	-0.01149	-0.01273	0.68428	0.00317	1	0.05524	-0.01628	0.65961	0.00299	1	1.45898	0.81042	0	
1230281	8299.02832	3303789875452	0.56331	0.66941	8298.82031	0.20801	10773	1	0.56270	0.56890	1	0.47535	0.64395	1	0.51902	0.60643	1	0.45498	0.55389	13.62617	1.02099	1	0.71883	0.57423	14.15777	1.02099	1	-0.01130	-0.01246	0.66987	0.00304	1	0.05347	-0.01584	0.63787	0.00299	1	1.45898	0.81042	0	
1230282	8299.03516	3303789945839	0.54132	0.65059	8298.82031	0.20801	10773	0	0.56464	0.61044	1	0.46864	0.67020	1	0.51664	0.64032	1	0.45496	0.55390	13.66723	1.01297	1	0.71878	0.57434	14.23608	1.00616	1	-0.01130	-0.01246	0.66987	0.00304	1	0.05347	-0.01584	0.63787	0.00305	1	1.45898	0.81042	0	
1230283	8299.04199	3303790012067	0.53010	0.65329	8298.82031	0.20801	10773	0	0.56512	0.64436	1	0.47263	0.66761	1	0.51888	0.65599	1	0.45490	0.55359	13.42464	0.99815	1	0.71878	0.57434	14.23608	0.99134	1	-0.01130	-0.01246	0.66987	0.00318	1	0.05347	-0.01584	0.63787	0.00305	1	1.45898	0.81042	0	
1230284	8299.04785	3303790075007	0.52640	0.65540	8298.82031	0.20801	10773	0	0.56564	0.64800	1	0.47238	0.67127	1	0.51901	0.65964	1	0.45491	0.55357	13.38151	0.99134	1	0.71892	0.57440	14.45177	0.98453	1	-0.01149	-0.01273	0.68428	0.00318	1	0.05347	-0.01579	0.63787	0.00302	1	1.45898	0.81042	0	
1230285	8299.05469	3303790141584	0.52508	0.65988	8299.03516	0.01953	10774	1	0.56924	0.66669	1	0.47302	0.67991	1	0.52113	0.67330	1	0.45475	0.55405	13.73270	0.99255	1	0.71878	0.57450	14.46348	0.99255	1	-0.01149	-0.01273	0.68428	0.00306	1	0.05347	-0.01579	0.63787	0.00304	1	1.45898	0.81042	0	
1230286	8299.06152	3303790208193	0.52490	0.66357	8299.03516	0.02637	10774	1	0.57295	0.64223	1	0.47534	0.71447	1	0.52415	0.67835	1	0.45494	0.55389	13.41754	1.00056	1	0.71881	0.57466	14.57723	1.00056	1	-0.01149	-0.01273	0.68428	0.00305	1	0.05347	-0.01579	0.63787	0.00309	1	1.45898	0.81042	0	
1230287	8299.06836	3303790275634	0.52477	0.66508	8299.03516	0.03320	10774	1	0.57240	0.63795	1	0.47593	0.70726	1	0.52416	0.67260	1	0.45499	0.55384	13.55694	1.00858	1	0.71893	0.57458	14.23706	1.01539	1	-0.01149	-0.01273	0.68428	0.00307	1	0.05443	-0.01610	0.64873	0.00309	1	1.45898	0.81042	0	
1230288	8299.07520	3303790344588	0.52410	0.66175	8299.03516	0.04004	10774	1	0.56371	0.59919	1	0.47636	0.68444	1	0.52004	0.64182	1	0.45488	0.55361	13.49084	1.01539	1	0.71887	0.57464	14.49688	1.02220	1	-0.01149	-0.01273	0.68428	0.00319	1	0.05443	-0.01610	0.64873	0.00308	1	1.45898	0.81042	0	
1230289	8299.08203	3303790410825	0.52412	0.65909	8299.03516	0.04688	10774	1	0.56866	0.59616	1	0.47993	0.68467	1	0.52430	0.64042	1	0.45482	0.55398	13.42474	1.02220	1	0.71893	0.57458	14.23706	1.02900	1	-0.01149	-0.01273	0.68428	0.00306	1	0.05443	-0.01610	0.64873	0.00309	1	1.45898	0.81042	0	
1230290	8299.08887	3303790481303	0.52413	0.65661	8299.03516	0.05371	10774	1	0.56818	0.59229	1	0.48022	0.68125	1	0.52420	0.63677	1	0.45489	0.55365	13.58655	1.02900	1	0.71907	0.57454	14.00157	1.03581	1	-0.01149	-0.01273	0.68428	0.00316	1	0.05443	-0.01610	0.64873	0.00309	1	1.45898	0.81042	0	
1230291	8299.09570	3303790547984	0.52433	0.65316	8299.03516	0.06055	10774	1	0.56689	0.58305	1	0.48539	0.66116	1	0.52614	0.62210	1	0.45489	0.55365	13.58655	1.03581	1	0.71897	0.57450	14.46248	1.03581	1	-0.01149	-0.01273	0.68428	0.00316	1	0.05443	-0.01610	0.64873	0.00311	1	1.45898	0.81042	0	
1230292	8299.10156	3303790614906	0.52362	0.65124	8299.03516	0.06641	10774	1	0.55896	0.58936	1	0.47411	0.67485	1	0.51654	0.63210	1	0.45489	0.55365	13.58655	1.03581	1	0.71890	0.57460	14.47043	1.03581	1	-0.01149	-0.01273	0.68428	0.00316	1	0.05443	-0.01610	0.64873	0.00312	1	1.45898	0.81042	0	
1230293	8299.10840	3303790682175	0.52303	0.64965	8299.03516	0.07324	10774	1	0.55896	0.58936	1	0.47411	0.67485	1	0.51654	0.63210	1	0.45491	0.55385	13.50035	1.03581	1	0.71876	0.57461	14.32864	1.03581	1	-0.01149	-0.01273	0.68428	0.00308	1	0.05443	-0.01610	0.64873	0.00317	1	1.45898	0.81042	0	
1230294	8299.11523	3303790747930	0.52341	0.64887	8299.03516	0.08008	10774	1	0.57235	0.58469	1	0.48348	0.69435	1	0.52791	0.63952	1	0.45501	0.55386	13.90240	1.03581	1	0.71891	0.57463	14.39759	1.03581	1	-0.01149	-0.01273	0.68428	0.00304	1	0.05443	-0.01610	0.64873	0.00310	1	1.45898	0.81042	0	
1230295	8299.12207	3303790815960	0.52111	0.64786	8299.03516	0.08691	10774	1	0.52362	0.57658	1	0.45875	0.69292	1	0.49118	0.63475	1	0.45484	0.55393	13.81703	1.03581	1	0.71902	0.57482	14.23374	1.03581	1	-0.01149	-0.01273	0.68428	0.00307	1	0.05443	-0.01610	0.64873	0.00315	1	1.45898	0.81042	0	
1230296	8299.12891	3303790883066	0.51911	0.64699	8299.03516	0.09375	10774	1	0.52362	0.57658	1	0.45875	0.69292	1	0.49118	0.63475	1	0.45497	0.55384	13.48961	1.03581	1	0.71920	0.57478	13.61161	1.03581	1	-0.01149	-0.01273	0.68428	0.00308	1	0.05443	-0.01610	0.64873	0.00320	1	1.45898	0.81042	0	
1230297	8299.13574	3303790950085	0.51878	0.64824	8299.03516	0.10059	10774	1	0.54730	0.62093	1	0.48048	0.71320	1	0.51389	0.66706	1	0.45501	0.55358	13.30984	1.03581	1	0.71930	0.57496	13.59203	1.03581	1	-0.01149	-0.01273	0.68428	0.00319	1	0.05443	-0.01610	0.64873	0.00330	1	1.45898	0.81042	0	
1230298	8299.14258	3303791017045	0.51988	0.64793	8299.03516	0.10742	10774	1	0.57939	0.59165	1	0.49538	0.69419	1	0.53739	0.64292	1	0.45514	0.55377	13.66927	1.03581	1	0.71954	0.57472	14.52256	1.03581	1	-0.01149	-0.01273	0.68428	0.00302	1	0.05443	-0.01610	0.64873	0.00332	1	1.45898	0.81042	0	
1230299	8299.14844	3303791083871	0.52085	0.64765	8299.03516	0.11328	10774	1	0.57939	0.59165	1	0.49538	0.69419	1	0.53739	0.64292	1	0.45501	0.55376	13.98705	1.03581	1	0.71951	0.57471	14.58457	1.03581	1	-0.01149	-0.01273	0.68428	0.00306	1	0.05443	-0.01610	0.64873	0.00321	1	1.45898	0.81042	0	
1230300	8299.15527	3303791150986	0.52071	0.64874	8299.03516	0.12012	10774	1	0.54397	0.62791	1	0.49235	0.70900	1	0.51816	0.66845	1	0.45486	0.55383	13.85274	1.03581	1	0.71927	0.57491	13.54763	1.03581	1	-0.01149	-0.01273	0.68428	0.00307	1	0.05443	-0.01610	0.64873	0.00328	1	1.45898	0.81042	0	
1230301	8299.16211	3303791217251	0.51985	0.64818	8299.03516	0.12695	10774	1	0.54315	0.59510	1	0.46408	0.67970	1	0.50361	0.63740	1	0.45492	0.55379	13.61079	1.03581	1	0.71905	0.57468	13.77233	1.03581	1	-0.01149	-0.01273	0.68428	0.00309	1	0.05443	-0.01610	0.64873	0.00323	1	1.45898	0.81042	0	
1230302	8299.16895	3303791284987	0.51908	0.64766	8299.03516	0.13379	10774	1	0.54315	0.59510	1	0.46408	0.67970	1	0.50361	0.63740	1	0.45491	0.55377	13.59113	1.03581	1	0.71908	0.57473	13.75410	1.03581	1	-0.01149	-0.01273	0.68428	0.00307	1	0.05443	-0.01610	0.64873	0.00331	1	1.45898	0.81042	0	
1230303	8299.17578	3303791352122	0.51893	0.64728	8299.03516	0.14062	10774	1	0.54265	0.59243	1	0.48900	0.68619	1	0.51583	0.63931	1	0.45488	0.55378	13.42922	1.03581	1	0.71905	0.57490	14.16186	1.03581	1	-0.01149	-0.01273	0.68428	0.00313	1	0.05443	-0.01610	0.64873	0.00323	1	1.45898	0.81042	0	
1230304	8299.18262	3303791418901	0.51889	0.64750	8299.03516	0.14746	10774	1	0.56137	0.61545	1	0.47452	0.68911	1	0.51795	0.65228	1	0.45488	0.55381	13.52956	1.03581	1	0.71919	0.57477	13.34955	1.03581	1	-0.01149	-0.01273	0.68428	0.00313	1	0.05443	-0.01610	0.64873	0.00330	1	1.45898	0.81042	0	
1230305	8299.18945	3303791486189	0.51885	0.64770	8299.03516	0.15430	10774	1	0.56137	0.61545	1	0.47452	0.68911	1	0.51795	0.65228	1	0.45490	0.55386	13.55866	1.03581	1	0.71919	0.57478	13.41799	1.03581	1	-0.01149	-0.01273	0.68428	0.00307	1	0.05530	-0.01641	0.65909	0.00332	1	1.45898	0.81042	0	
1230306	8299.19531	3303791553109	0.51898	0.64766	8299.03516	0.16016	10774	1	0.57025	0.61721	1	0.47385	0.67625	1	0.52205	0.64673	1	0.45494	0.55381	13.52594	1.03581	1	0.71877	0.57452	13.92731	1.03581	1	-0.01149	-0.01273	0.68428	0.00308	1	0.05530	-0.01641	0.65909	0.00317	1	1.45898	0.81042	0	
1230307	8299.20215	3303791619781	0.51921	0.64695	8299.03516	0.16699	10774	1	0.56284	0.59436	1	0.48717	0.66382	1	0.52500	0.62909	1	0.45490	0.55386	13.55866	1.03581	1	0.71898	0.57441	13.96595	1.03581	1	-0.01149	-0.01273	0.68428	0.00307	1	0.05530	-0.01641	0.65909	0.00318	1	1.45898	0.81042	0	
1230308	8299.20898	3303791686696	0.51943	0.64629	8299.03516	0.17383	10774	1	0.56284	0.59436	1	0.48717	0.66382	1	0.52500	0.62909	1	0.45494	0.55381	13.52594	1.03581	1	0.71895	0.57460	13.99690	1.03581	1	-0.01149	-0.01273	0.68428	0.00308	1	0.05530	-0.01641	0.65909	0.00311	1	1.45898	0.81042	0	
1230309	8299.21582	3303791753597	0.51966	0.64638	8299.03516	0.18066	10774	1	0.56711	0.62931	1	0.48500	0.66834	1	0.52606	0.64883	1	0.45494	0.55381	13.52594	1.03581	1	0.71895	0.57457	14.09288	1.03581	1	-0.01149	-0.01273	0.68428	0.00308	1	0.05530	-0.01641	0.65909	0.00312	1	1.45898	0.81042	0	
1230310	8299.22266	3303791820456	0.51975	0.64593	8299.03516	0.18750	10774	1	0.56200	0.61040	1	0.48263	0.65647	1	0.52231	0.63343	1	0.45489	0.55387	13.72808	1.03581	1	0.71895	0.57458	14.35034	1.03581	1	-0.01149	-0.01273	0.68428	0.00307	1	0.05530	-0.01641	0.65909	0.00309	1	1.45898	0.81042	0	
1230311	8299.22949	3303791885573	0.51984	0.64545	8299.03516	0.19434	10774	1	0.56200	0.61040	1	0.48297	0.65244	1	0.52249	0.63142	1	0.45482	0.55398	13.42474	1.03581	1	0.71878	0.57480	14.34943	1.04347	1	-0.01149	-0.01273	0.68428	0.00306	1	0.05665	-0.01683	0.67574	0.00315	1	1.45898	0.81042	0	
1230312	8299.23633	3303791954223	0.51978	0.64560	8299.03516	0.20117	10774	1	0.55528	0.62333	1	0.48070	0.67738	1	0.51799	0.65036	1	0.45484	0.55396	13.36961	1.04347	1	0.71882	0.57478	14.45645	1.05113	1	-0.01149	-0.01273	0.68428	0.00305	1	0.05665	-0.01683	0.67574	0.00314	1	1.45898	0.81042	0	
1230313	8299.24219	3303792019700	0.51971	0.64505	8299.03516	0.20703	10774	1	0.55824	0.59489	1	0.47669	0.66111	1	0.51747	0.62800	1	0.45485	0.55404	13.32330	1.05113	1	0.71886	0.57505	14.61774	1.05879	1	-0.01149	-0.01273	0.68428	0.00300	1	0.05665	-0.01683	0.67574	0.00310	1	1.45898	0.81042	0	
1230314	8299.24902	3303792088343	0.51964	0.64447	8299.03516	0.21387	10774	1	0.55764	0.59064	1	0.47669	0.66111	1	0.51717	0.62588	1	0.45485	0.55404	13.32330	1.05879	1	0.71884	0.57507	14.67041	1.05879	1	-0.01149	-0.01273	0.68428	0.00300	1	0.05524	-0.01642	0.65961	0.00310	1	1.45898	0.81042	0	
1230315	8299.25586	3303792155401	0.51981	0.64406	8299.03516	0.22070	10774	1	0.55715	0.59984	1	0.49412	0.66071	1	0.52564	0.63028	1	0.45486	0.55409	13.47902	1.05879	1	0.71878	0.57495	14.39095	1.05113	1	-0.01149	-0.01273	0.68428	0.00299	1	0.05524	-0.01642	0.65961	0.00313	1	1.45898	0.81042	0	
1230316	8299.26270	3303792220623	0.52040	0.64353	8299.03516	0.22754	10774	1	0.56531	0.60957	1	0.51555	0.64200	1	0.54043	0.62578	1	0.45489	0.55406	13.35697	1.05113	1	0.71906	0.57497	14.17223	1.04347	1	-0.01149	-0.01273	0.68428	0.00300	1	0.05524	-0.01642	0.65961	0.00312	1	1.45898	0.81042	0	
1230317	8299.26953	3303792289791	0.52096	0.64338	8299.03516	0.23438	10774	1	0.56696	0.62189	1	0.51383	0.65427	1	0.54039	0.63808	1	0.45482	0.55423	12.84964	1.02833	1	0.71901	0.57501	14.20824	1.02067	1	-0.01087	-0.01193	0.64142	0.00310	1	0.05653	-0.01684	0.67617	0.00309	1	1.45898	0.81042	0	
1230318	8299.27637	3303792356244	0.52128	0.64494	8299.03516	0.24121	10774	1	0.55891	0.70137	1	0.50721	0.70071	1	0.53306	0.70104	1	0.45474	0.55437	12.96411	1.00553	1	0.71897	0.57517	14.13822	1.00553	1	-0.01087	-0.01193	0.64142	0.00308	1	0.05653	-0.01684	0.67617	0.00316	1	1.45898	0.81042	0	
1230319	8299.28320	3303792423312	0.52127	0.64653	8299.03516	0.24805	10774	1	0.55591	0.69930	1	0.48547	0.71103	1	0.52069	0.70517	1	0.45464	0.55443	13.06527	0.99038	1	0.71872	0.57519	14.56850	0.99038	1	-0.01087	-0.01193	0.64142	0.00313	1	0.05653	-0.01684	0.67617	0.00313	1	1.45898	0.81042	0	
1230320	8299.28906	3303792489881	0.52126	0.64813	8299.03516	0.25391	10774	1	0.55660	0.70317	1	0.48507	0.71501	1	0.52083	0.70909	1	0.45453	0.55443	13.43222	0.98237	1	0.71875	0.57511	14.52778	0.98237	1	-0.01134	-0.01254	0.66605	0.00303	1	0.05356	-0.01600	0.64071	0.00327	1	1.45898	0.81042	0	
1230321	8299.29590	3303792557799	0.52115	0.64880	8299.03516	0.26074	10774	1	0.54655	0.63949	1	0.48728	0.71048	1	0.51692	0.67498	1	0.45465	0.55429	13.37816	0.98949	1	0.71867	0.57524	14.59456	0.98949	1	-0.01134	-0.01254	0.66605	0.00301	1	0.05356	-0.01600	0.64071	0.00319	1	1.45898	0.81042	0	
1230322	8299.30273	3303792623393	0.52095	0.64955	8299.03516	0.26758	10774	1	0.54729	0.64528	1	0.47850	0.71339	1	0.51289	0.67933	1	0.45460	0.55432	13.25903	0.99662	1	0.71871	0.57531	14.57146	0.99662	1	-0.01134	-0.01254	0.66605	0.00303	1	0.05356	-0.01600	0.64071	0.00315	1	1.45898	0.81042	0	
1230323	8299.30957	3303792691477	0.52076	0.65026	8299.03516	0.27441	10774	1	0.54729	0.64528	1	0.47850	0.71339	1	0.51289	0.67933	1	0.45441	0.55451	13.58958	0.99662	1	0.71871	0.57531	14.57146	0.99662	1	-0.01090	-0.01216	0.64330	0.00294	1	0.05356	-0.01600	0.64071	0.00314	1	1.45898	0.81042	0	
1230324	8299.31641	3303792758634	0.52084	0.65085	8299.03516	0.28125	10774	1	0.55195	0.61832	1	0.49673	0.73360	1	0.52434	0.67596	1	0.45475	0.55435	13.56635	0.98949	1	0.71883	0.57547	14.99352	0.98949	1	-0.01090	-0.01216	0.64330	0.00314	1	0.05356	-0.01600	0.64071	0.00309	1	1.45898	0.81042	0	
1230325	8299.32324	3303792824116	0.52054	0.65145	8299.03516	0.28809	10774	1	0.53395	0.63878	1	0.48187	0.71510	1	0.50791	0.67694	1	0.45444	0.55464	13.83517	0.98237	1	0.71870	0.57533	14.64892	0.98237	1	-0.01090	-0.01216	0.64330	0.00311	1	0.05356	-0.01600	0.64071	0.00314	1	1.45898	0.81042	0	
1230326	8299.33008	3303792891636	0.52027	0.65197	8299.03516	0.29492	10774	1	0.53395	0.63878	1	0.48223	0.71131	1	0.50809	0.67504	1	0.45464	0.55452	13.73652	0.98237	1	0.71890	0.57519	13.90284	0.99003	1	-0.01128	-0.01252	0.66268	0.00320	1	0.05751	-0.01727	0.68723	0.00321	1	1.45898	0.81042	0	
1230327	8299.33594	3303792959179	0.52040	0.65115	8299.03516	0.30078	10774	1	0.55707	0.56717	1	0.49565	0.66124	1	0.52636	0.61421	1	0.45460	0.55465	14.22563	0.99715	1	0.71893	0.57528	14.04954	1.00481	1	-0.01128	-0.01252	0.66268	0.00299	1	0.05751	-0.01727	0.68723	0.00321	1	1.45898	0.81042	0	
1230328	8299.34277	3303793026366	0.52045	0.65103	8299.03516	0.30762	10774	1	0.53460	0.60023	1	0.51106	0.69079	1	0.52283	0.64551	1	0.45449	0.55479	13.74470	1.01194	1	0.71894	0.57552	14.03609	1.01960	1	-0.01128	-0.01252	0.66268	0.00291	1	0.05751	-0.01727	0.68723	0.00318	1	1.45898	0.81042	0	
1230329	8299.34961	3303793093176	0.52049	0.65070	8299.03516	0.31445	10774	1	0.53226	0.58720	1	0.51217	0.68317	1	0.52222	0.63519	1	0.45455	0.55468	13.91067	1.03474	1	0.71894	0.57550	13.84423	1.03474	1	-0.01173	-0.01297	0.68625	0.00316	1	0.05356	-0.01610	0.64071	0.00327	1	1.45898	0.81042	0	
1230330	8299.35645	3303793160316	0.52025	0.65067	8299.03516	0.32129	10774	1	0.57108	0.61683	1	0.48904	0.68158	1	0.53006	0.64920	1	0.45466	0.55494	14.13839	1.04276	1	0.71870	0.57573	14.54311	1.03510	1	-0.01173	-0.01297	0.68625	0.00301	1	0.05356	-0.01610	0.64071	0.00319	1	1.45898	0.81042	0	
1230331	8299.36328	3303793227528	0.52014	0.65036	8299.03516	0.32812	10774	1	0.54784	0.57931	1	0.47929	0.70330	1	0.51357	0.64130	1	0.45438	0.55462	13.68072	1.04311	1	0.71853	0.57583	13.15681	1.03546	1	-0.01173	-0.01297	0.68625	0.00308	1	0.05356	-0.01610	0.64071	0.00335	1	1.45898	0.81042	0	
1230332	8299.37012	3303793294067	0.52003	0.64998	8299.03516	0.33496	10774	1	0.54781	0.57911	1	0.47931	0.70312	1	0.51356	0.64112	1	0.45447	0.55472	13.65366	1.04347	1	0.71823	0.57582	13.61220	1.03581	1	-0.01173	-0.01297	0.68625	0.00316	1	0.05356	-0.01610	0.64071	0.00317	1	1.45898	0.81042	0	
1230333	8299.37695	3303793361477	0.51989	0.64987	8299.03516	0.34180	10774	1	0.57148	0.65487	1	0.45705	0.68112	1	0.51427	0.66800	1	0.45459	0.55487	13.88707	1.03581	1	0.71822	0.57568	13.96367	1.03581	1	-0.01173	-0.01297	0.68625	0.00320	1	0.05356	-0.01610	0.64071	0.00319	1	1.45898	0.81042	0	
1230334	8299.38281	3303793427631	0.51996	0.64916	8299.03516	0.34766	10774	1	0.57174	0.59497	1	0.48317	0.69373	1	0.52745	0.64435	1	0.45440	0.55496	13.44260	1.03581	1	0.71817	0.57586	13.98628	1.03581	1	-0.01173	-0.01297	0.68625	0.00301	1	0.05356	-0.01610	0.64071	0.00315	1	1.45898	0.81042	0	
1230335	8299.38965	3303793495348	0.52002	0.64857	8299.03516	0.35449	10774	1	0.57174	0.59497	1	0.48317	0.69373	1	0.52745	0.64435	1	0.45449	0.55501	13.78970	1.03581	1	0.71892	0.57604	14.16557	1.03581	1	-0.01173	-0.01297	0.68625	0.00295	1	0.05653	-0.01704	0.67617	0.00314	1	1.45898	0.81042	0	
1230336	8299.39648	3303793562136	0.52028	0.64801	8299.03516	0.36133	10774	1	0.55591	0.60654	1	0.50837	0.62308	1	0.53214	0.61481	1	0.45482	0.55502	13.18997	1.03581	1	0.71900	0.57574	14.03964	1.03581	1	-0.01173	-0.01297	0.68625	0.00289	1	0.05653	-0.01704	0.67617	0.00344	1	1.45898	0.81042	0	
1230337	8299.40332	3303793629046	0.51993	0.64849	8299.03516	0.36816	10774	1	0.53981	0.65544	1	0.47545	0.67177	1	0.50763	0.66360	1	0.45470	0.55513	13.08912	1.03581	1	0.71877	0.57618	14.69980	1.03581	1	-0.01173	-0.01297	0.68625	0.00312	1	0.05653	-0.01704	0.67617	0.00307	1	1.45898	0.81042	0	
1230338	8299.41016	3303793696871	0.51959	0.64901	8299.03516	0.37500	10774	1	0.53981	0.65544	1	0.47574	0.66785	1	0.50778	0.66164	1	0.45569	0.55511	13.24908	1.03581	1	0.71960	0.57640	14.28649	1.04347	1	-0.01136	-0.01284	0.67658	0.00314	1	0.05617	-0.01694	0.67009	0.00312	1	1.45898	0.81042	0	
1230339	8299.41699	3303793762883	0.52042	0.64933	8299.03516	0.38184	10774	1	0.62133	0.61915	1	0.51085	0.65559	1	0.56609	0.63737	1	0.45592	0.55516	13.81661	1.04347	1	0.71979	0.57583	14.22083	1.05113	1	-0.01136	-0.01284	0.67658	0.00313	1	0.05617	-0.01694	0.67009	0.00307	1	1.45898	0.81042	0	
1230340	8299.42285	3303793827176	0.52116	0.64961	8299.03516	0.38770	10774	1	0.59512	0.63311	1	0.50919	0.65854	1	0.55216	0.64583	1	0.45591	0.55506	13.76430	1.05113	1	0.71978	0.57590	14.19386	1.05879	1	-0.01136	-0.01284	0.67658	0.00316	1	0.05617	-0.01694	0.67009	0.00306	1	1.45898	0.81042	0	
1230341	8299.42969	3303793894355	0.52190	0.64986	8299.03516	0.39453	10774	1	0.59476	0.62915	1	0.50919	0.65854	1	0.55198	0.64385	1	0.45590	0.55520	13.82659	1.05879	1	0.71975	0.57618	14.38039	1.05879	1	-0.01136	-0.01284	0.67658	0.00310	1	0.05530	-0.01666	0.65909	0.00311	1	1.45898	0.81042	0	
1230342	8299.43652	3303793959300	0.52255	0.64915	8299.03516	0.40137	10774	1	0.60607	0.58903	1	0.51180	0.62225	1	0.55893	0.60564	1	0.45577	0.55526	13.74495	1.05879	1	0.71985	0.57602	14.32197	1.05113	1	-0.01136	-0.01284	0.67658	0.00308	1	0.05530	-0.01666	0.65909	0.00308	1	1.45898	0.81042	0	
1230343	8299.44336	3303794030360	0.52403	0.64925	8299.03516	0.40820	10774	1	0.58415	0.60937	1	0.54020	0.66981	1	0.56217	0.63959	1	0.45544	0.55523	13.01378	1.05113	1	0.71980	0.57609	14.37023	1.04347	1	-0.01136	-0.01284	0.67658	0.00307	1	0.05530	-0.01666	0.65909	0.00311	1	1.45898	0.81042	0	
1230344	8299.45020	3303794096492	0.52550	0.64944	8299.03516	0.41504	10774	1	0.58457	0.61350	1	0.53945	0.67374	1	0.56201	0.64362	1	0.45555	0.55536	13.39653	1.04347	1	0.71975	0.57657	15.10172	1.03581	1	-0.01135	-0.01293	0.67585	0.00304	1	0.05567	-0.01680	0.66465	0.00299	1	1.45898	0.81042	0	
1230345	8299.45605	3303794160312	0.52639	0.64834	8299.03516	0.42090	10774	1	0.58916	0.57347	1	0.52378	0.65543	1	0.55647	0.61445	1	0.45581	0.55538	14.00423	1.03581	1	0.71968	0.57641	14.61220	1.03581	1	-0.01135	-0.01293	0.67585	0.00302	1	0.05567	-0.01680	0.66465	0.00309	1	1.45898	0.81042	0	
1230346	8299.46387	3303794231367	0.52692	0.64848	8299.03516	0.42871	10774	1	0.58916	0.63326	1	0.53639	0.66592	1	0.56278	0.64959	1	0.45550	0.55533	13.59468	1.03581	1	0.71975	0.57638	14.79869	1.03581	1	-0.01135	-0.01293	0.67585	0.00306	1	0.05567	-0.01680	0.66465	0.00309	1	1.45898	0.81042	0	
1230347	8299.46973	3303794294731	0.52745	0.64862	8299.03516	0.43457	10774	1	0.58916	0.63326	1	0.53639	0.66592	1	0.56278	0.64959	1	0.45534	0.55525	13.39776	1.03581	1	0.71977	0.57638	14.55956	1.03581	1	-0.01135	-0.01293	0.67585	0.00309	1	0.05567	-0.01680	0.66465	0.00325	1	1.45898	0.81042	0	
1230348	8299.47656	3303794365202	0.52823	0.64859	8299.03516	0.44141	10774	1	0.61040	0.64723	1	0.50130	0.68708	1	0.55585	0.66715	1	0.45527	0.55537	13.41017	1.03581	1	0.71974	0.57659	14.64721	1.03581	1	-0.01135	-0.01293	0.67585	0.00314	1	0.05567	-0.01680	0.66465	0.00329	1	1.45898	0.81042	0	
1230349	8299.48340	3303794433211	0.55710	0.64175	8299.03516	0.44141	10774	0	0.61162	0.58509	1	0.56079	0.70032	1	0.58621	0.64270	1	0.45551	0.55541	13.27124	1.03581	1	0.71980	0.57670	14.76166	1.03581	1	-0.01135	-0.01293	0.67585	0.00313	1	0.05567	-0.01680	0.66465	0.00330	1	1.45898	0.81042	0	
1230350	8299.49023	3303794500087	0.57165	0.64223	8299.03516	0.44141	10774	0	0.61162	0.58509	1	0.56079	0.70032	1	0.58621	0.64270	1	0.45530	0.55554	13.27309	1.03581	1	0.71987	0.57685	14.52587	1.03581	1	-0.01149	-0.01314	0.68428	0.00307	1	0.05524	-0.01672	0.65961	0.00317	1	1.45898	0.81042	0	
1230351	8299.49707	3303794567109	0.57380	0.64870	8299.03516	0.44141	10774	0	0.59841	0.63786	1	0.55781	0.68543	1	0.57811	0.66165	1	0.45508	0.55537	13.62412	1.03581	1	0.71983	0.57678	14.47365	1.03581	1	-0.01149	-0.01314	0.68428	0.00326	1	0.05524	-0.01672	0.65961	0.00324	1	1.45898	0.81042	0	
1230352	8299.50391	3303794634419	0.57216	0.64541	8299.48340	0.02051	10775	1	0.58195	0.58635	1	0.55249	0.68471	1	0.56722	0.63553	1	0.45510	0.55546	13.50651	1.03581	1	0.71972	0.57666	14.34384	1.03581	1	-0.01149	-0.01314	0.68428	0.00315	1	0.05524	-0.01672	0.65961	0.00318	1	1.45898	0.81042	0	
1230353	8299.51074	3303794700752	0.57113	0.64429	8299.48340	0.02734	10775	1	0.58242	0.59092	1	0.55160	0.68874	1	0.56701	0.63983	1	0.45515	0.55564	13.98829	1.02780	1	0.71966	0.57707	14.61482	1.02780	1	-0.01130	-0.01286	0.66987	0.00302	1	0.05524	-0.01672	0.65961	0.00321	1	1.45898	0.81042	0	
1230354	8299.51758	3303794767888	0.57077	0.65025	8299.48340	0.03418	10775	1	0.59343	0.65034	1	0.54458	0.70975	1	0.56900	0.68005	1	0.45508	0.55538	13.51385	1.01978	1	0.71969	0.57691	13.92464	1.01978	1	-0.01130	-0.01286	0.66987	0.00327	1	0.05524	-0.01672	0.65961	0.00331	1	1.45898	0.81042	0	
1230355	8299.52441	3303794835383	0.57176	0.65356	8299.48340	0.04102	10775	1	0.60847	0.61317	1	0.54687	0.73359	1	0.57767	0.67338	1	0.45507	0.55518	13.88056	1.01176	1	0.71981	0.57704	14.24180	1.01176	1	-0.01130	-0.01286	0.66987	0.00317	1	0.05524	-0.01672	0.65961	0.00332	1	1.45898	0.81042	0	
1230356	8299.53027	3303794901938	0.57246	0.65655	8299.48340	0.04688	10775	1	0.60876	0.61763	1	0.54600	0.73733	1	0.57738	0.67748	1	0.45507	0.55518	13.88056	1.00375	1	0.71946	0.57706	14.30113	1.00375	1	-0.01128	-0.01272	0.66268	0.00318	1	0.05524	-0.01677	0.65961	0.00319	1	1.45898	0.81042	0	
1230357	8299.53711	3303794968198	0.57145	0.65798	8299.48340	0.05371	10775	1	0.58566	0.61863	1	0.54100	0.72033	1	0.56333	0.66948	1	0.45501	0.55533	13.66706	1.00375	1	0.71964	0.57683	13.89637	1.00375	1	-0.01128	-0.01272	0.66268	0.00315	1	0.05524	-0.01677	0.65961	0.00326	1	1.45898	0.81042	0	
1230358	8299.54395	3303795036533	0.57074	0.65745	8299.48340	0.06055	10775	1	0.59079	0.61590	1	0.53793	0.68950	1	0.56436	0.65270	1	0.45512	0.55563	14.16215	1.00375	1	0.71957	0.57650	14.25074	1.00375	1	-0.01128	-0.01272	0.66268	0.00307	1	0.05524	-0.01677	0.65961	0.00335	1	1.45898	0.81042	0	
1230359	8299.55078	3303795104188	0.57019	0.65684	8299.48340	0.06738	10775	1	0.59079	0.61590	1	0.53870	0.68557	1	0.56474	0.65073	1	0.45512	0.55566	14.30826	1.00375	1	0.71966	0.57692	14.43834	1.01140	1	-0.01128	-0.01272	0.66268	0.00297	1	0.05715	-0.01742	0.68299	0.00330	1	1.45898	0.81042	0	
1230360	8299.55762	3303795170196	0.57049	0.66137	8299.48340	0.07422	10775	1	0.59261	0.68838	1	0.55484	0.73384	1	0.57373	0.71111	1	0.45507	0.55575	14.34009	1.01140	1	0.71980	0.57718	14.31379	1.01906	1	-0.01128	-0.01272	0.66268	0.00298	1	0.05715	-0.01742	0.68299	0.00329	1	1.45898	0.81042	0	
1230361	8299.56445	3303795236804	0.57033	0.66268	8299.48340	0.08105	10775	1	0.61079	0.63330	1	0.52603	0.72359	1	0.56841	0.67844	1	0.45509	0.55565	14.23946	1.01906	1	0.71929	0.57696	13.82529	1.02672	1	-0.01128	-0.01272	0.66268	0.00306	1	0.05715	-0.01742	0.68299	0.00331	1	1.45898	0.81042	0	
1230362	8299.57129	3303795303800	0.57020	0.66337	8299.48340	0.08789	10775	1	0.61027	0.62495	1	0.52672	0.71983	1	0.56850	0.67239	1	0.45507	0.55580	14.21072	1.03474	1	0.71903	0.57708	14.56702	1.03474	1	-0.01173	-0.01318	0.68625	0.00299	1	0.05653	-0.01724	0.67617	0.00325	1	1.45898	0.81042	0	
1230363	8299.57715	3303795369174	0.56882	0.66229	8299.48340	0.09375	10775	1	0.60345	0.59973	1	0.49549	0.69438	1	0.54947	0.64705	1	0.45498	0.55585	13.93640	1.04276	1	0.71900	0.57674	14.54453	1.03510	1	-0.01173	-0.01318	0.68625	0.00303	1	0.05653	-0.01724	0.67617	0.00319	1	1.45898	0.81042	0	
1230364	8299.58398	3303795436376	0.56764	0.66128	8299.48340	0.10059	10775	1	0.59950	0.59736	1	0.50063	0.69512	1	0.55007	0.64624	1	0.45513	0.55541	13.94972	1.04311	1	0.71889	0.57676	14.89590	1.03546	1	-0.01173	-0.01318	0.68625	0.00323	1	0.05653	-0.01724	0.67617	0.00316	1	1.45898	0.81042	0	
1230365	8299.59082	3303795504984	0.56660	0.66048	8299.48340	0.10742	10775	1	0.59949	0.59716	1	0.50023	0.69828	1	0.54986	0.64772	1	0.45503	0.55548	13.92205	1.04347	1	0.71899	0.57671	14.48609	1.02900	1	-0.01173	-0.01318	0.68625	0.00322	1	0.05319	-0.01624	0.63681	0.00313	1	1.45898	0.81042	0	
1230366	8299.59766	3303795572166	0.56598	0.66011	8299.48340	0.11426	10775	1	0.58279	0.59059	1	0.52816	0.71673	1	0.55547	0.65366	1	0.45452	0.55559	14.32929	1.02900	1	0.71887	0.57691	14.95423	1.02220	1	-0.01173	-0.01318	0.68625	0.00315	1	0.05319	-0.01624	0.63681	0.00314	1	1.45898	0.81042	0	
1230367	8299.60449	3303795639489	0.56606	0.66120	8299.48340	0.12109	10775	1	0.60250	0.61694	1	0.53238	0.74470	1	0.56744	0.68082	1	0.45455	0.55579	13.81825	1.02220	1	0.71900	0.57707	14.83899	1.01539	1	-0.01173	-0.01318	0.68625	0.00306	1	0.05319	-0.01624	0.63681	0.00323	1	1.45898	0.81042	0	
1230368	8299.61133	3303795705649	0.56613	0.66227	8299.48340	0.12793	10775	1	0.60278	0.62066	1	0.53238	0.74470	1	0.56758	0.68268	1	0.45469	0.55591	13.60456	1.01539	1	0.71903	0.57711	14.43054	1.01539	1	-0.01173	-0.01318	0.68625	0.00303	1	0.05525	-0.01683	0.66202	0.00326	1	1.45898	0.81042	0	
1230369	8299.61719	3303795771537	0.56655	0.66351	8299.48340	0.13379	10775	1	0.59207	0.64433	1	0.55754	0.73217	1	0.57480	0.68825	1	0.45441	0.55567	13.88575	1.01539	1	0.71904	0.57704	14.49549	1.02220	1	-0.01173	-0.01318	0.68625	0.00310	1	0.05525	-0.01683	0.66202	0.00329	1	1.45898	0.81042	0	
1230370	8299.62402	3303795839759	0.56718	0.66392	8299.48340	0.14062	10775	1	0.60778	0.61925	1	0.55329	0.72585	1	0.58053	0.67255	1	0.45444	0.55576	14.21579	1.02220	1	0.71895	0.57712	14.77484	1.02900	1	-0.01173	-0.01318	0.68625	0.00306	1	0.05525	-0.01683	0.66202	0.00318	1	1.45898	0.81042	0	
1230371	8299.63086	3303795904994	0.56775	0.66448	8299.48340	0.14746	10775	1	0.60808	0.62379	1	0.55235	0.72973	1	0.58022	0.67676	1	0.45452	0.55556	14.00615	1.01386	1	0.71893	0.57706	14.52884	1.02067	1	-0.01111	-0.01237	0.64424	0.00308	1	0.05510	-0.01674	0.66031	0.00325	1	1.45898	0.81042	0	
1230372	8299.63770	3303795971027	0.56795	0.66479	8299.48340	0.15430	10775	1	0.59744	0.62420	1	0.54790	0.71982	1	0.57267	0.67201	1	0.45437	0.55561	14.18258	1.00553	1	0.71903	0.57679	14.34026	1.00553	1	-0.01111	-0.01237	0.64424	0.00299	1	0.05510	-0.01674	0.66031	0.00328	1	1.45898	0.81042	0	
1230373	8299.64453	3303796037323	0.56814	0.66587	8299.48340	0.16113	10775	1	0.59959	0.66825	1	0.54560	0.71511	1	0.57259	0.69168	1	0.45431	0.55567	14.10727	0.99038	1	0.71901	0.57674	14.39980	0.99038	1	-0.01111	-0.01237	0.64424	0.00308	1	0.05510	-0.01674	0.66031	0.00319	1	1.45898	0.81042	0	
1230374	8299.65137	3303796108135	0.56829	0.66715	8299.48340	0.16797	10775	1	0.60027	0.67602	1	0.54394	0.72260	1	0.57211	0.69931	1	0.45436	0.55548	13.91579	0.97524	1	0.71878	0.57651	14.72788	0.97524	1	-0.01111	-0.01237	0.64424	0.00310	1	0.05525	-0.01673	0.66202	0.00317	1	1.45898	0.81042	0	
1230375	8299.65820	3303796174521	0.56804	0.66722	8299.48340	0.17480	10775	1	0.59077	0.63702	1	0.53245	0.70077	1	0.56161	0.66890	1	0.45429	0.55534	13.77541	0.97524	1	0.71876	0.57661	14.98505	0.97524	1	-0.01111	-0.01237	0.64424	0.00311	1	0.05525	-0.01673	0.66202	0.00313	1	1.45898	0.81042	0	
1230376	8299.66504	3303796241649	0.56801	0.66768	8299.48340	0.18164	10775	1	0.59525	0.65193	1	0.53915	0.70864	1	0.56720	0.68028	1	0.45432	0.55539	13.79024	0.97524	1	0.71876	0.57658	14.90775	0.97524	1	-0.01111	-0.01237	0.64424	0.00311	1	0.05525	-0.01673	0.66202	0.00312	1	1.45898	0.81042	0	
1230377	8299.67090	3303796308078	0.56799	0.66812	8299.48340	0.18750	10775	1	0.59525	0.65193	1	0.53915	0.70864	1	0.56720	0.68028	1	0.45436	0.55548	13.91579	0.97524	1	0.71889	0.57652	14.52181	0.97524	1	-0.01111	-0.01237	0.64424	0.00310	1	0.05525	-0.01673	0.66202	0.00322	1	1.45898	0.81042	0	
1230378	8299.67773	3303796375531	0.56808	0.66761	8299.48340	0.19434	10775	1	0.59686	0.61889	1	0.54452	0.68658	1	0.57069	0.65273	1	0.45433	0.55552	13.99411	0.97524	1	0.71892	0.57622	14.51039	0.97524	1	-0.01111	-0.01237	0.64424	0.00301	1	0.05525	-0.01673	0.66202	0.00333	1	1.45898	0.81042	0	
1230379	8299.68457	3303796443282	0.56829	0.66722	8299.48340	0.20117	10775	1	0.59796	0.61986	1	0.55133	0.69125	1	0.57464	0.65555	1	0.45431	0.55546	13.88684	0.97524	1	0.71892	0.57622	14.51039	0.97524	1	-0.01111	-0.01237	0.64424	0.00310	1	0.05525	-0.01673	0.66202	0.00333	1	1.45898	0.81042	0	
1230380	8299.69141	3303796510236	0.56849	0.66673	8299.48340	0.20801	10775	1	0.59762	0.61579	1	0.55216	0.68749	1	0.57489	0.65164	1	0.45428	0.55549	13.86178	0.98237	1	0.71884	0.57640	14.46812	0.98237	1	-0.01148	-0.01273	0.66308	0.00304	1	0.05525	-0.01673	0.66202	0.00322	1	1.45898	0.81042	0	
1230381	8299.69824	3303796577040	0.56863	0.66678	8299.48340	0.21484	10775	1	0.59932	0.64814	1	0.54674	0.68841	1	0.57303	0.66828	1	0.45424	0.55567	14.14497	0.98949	1	0.71889	0.57643	14.59082	0.98949	1	-0.01148	-0.01273	0.66308	0.00302	1	0.05525	-0.01673	0.66202	0.00320	1	1.45898	0.81042	0	
1230382	8299.70508	3303796643299	0.56873	0.66674	8299.48340	0.22168	10775	1	0.60313	0.61791	1	0.54053	0.71327	1	0.57183	0.66559	1	0.45427	0.55513	13.96821	0.99662	1	0.71890	0.57653	14.50345	0.99662	1	-0.01148	-0.01273	0.66308	0.00318	1	0.05525	-0.01673	0.66202	0.00320	1	1.45898	0.81042	0	
1230383	8299.71191	3303796710705	0.56882	0.66660	8299.48340	0.22852	10775	1	0.60284	0.61392	1	0.54127	0.70975	1	0.57205	0.66184	1	0.45434	0.55520	14.14330	1.00375	1	0.71901	0.57674	14.39158	1.00375	1	-0.01148	-0.01273	0.66308	0.00316	1	0.05525	-0.01673	0.66202	0.00318	1	1.45898	0.81042	0	
1230384	8299.71777	3303796777101	0.56888	0.66600	8299.48340	0.23438	10775	1	0.60589	0.59958	1	0.53577	0.69036	1	0.57083	0.64497	1	0.45437	0.55550	14.22270	1.00375	1	0.71887	0.57647	14.52818	1.00375	1	-0.01148	-0.01273	0.66308	0.00304	1	0.05525	-0.01673	0.66202	0.00320	1	1.45898	0.81042	0	
1230385	8299.72461	3303796844505	0.56907	0.66545	8299.48340	0.24121	10775	1	0.59811	0.59460	1	0.55381	0.69632	1	0.57596	0.64546	1	0.45437	0.55553	14.17462	1.00375	1	0.71903	0.57664	14.34530	1.00375	1	-0.01148	-0.01273	0.66308	0.00304	1	0.05525	-0.01673	0.66202	0.00326	1	1.45898	0.81042	0	
1230386	8299.73145	3303796911474	0.56925	0.66492	8299.48340	0.24805	10775	1	0.59811	0.59460	1	0.55381	0.69632	1	0.57596	0.64546	1	0.45438	0.55555	14.00100	1.00375	1	0.71903	0.57660	14.41561	1.00375	1	-0.01131	-0.01265	0.65866	0.00303	1	0.05525	-0.01673	0.66202	0.00316	1	1.45898	0.81042	0	
1230387	8299.73828	3303796978195	0.56915	0.66461	8299.48340	0.25488	10775	1	0.61858	0.63949	1	0.51238	0.66622	1	0.56548	0.65286	1	0.45439	0.55566	14.11391	1.00375	1	0.71876	0.57637	15.03047	1.00375	1	-0.01131	-0.01265	0.65866	0.00310	1	0.05525	-0.01673	0.66202	0.00316	1	1.45898	0.81042	0	
1230388	8299.74512	3303797043866	0.56882	0.66462	8299.48340	0.26172	10775	1	0.59313	0.60721	1	0.51892	0.72262	1	0.55603	0.66491	1	0.45427	0.55555	13.75604	1.00375	1	0.71878	0.57642	15.05674	1.00375	1	-0.01131	-0.01265	0.65866	0.00312	1	0.05525	-0.01673	0.66202	0.00316	1	1.45898	0.81042	0	
1230389	8299.75195	3303797112315	0.56851	0.66463	8299.48340	0.26855	10775	1	0.59313	0.60721	1	0.51892	0.72262	1	0.55603	0.66491	1	0.45430	0.55559	13.96212	1.00375	1	0.71875	0.57621	14.48132	1.00375	1	-0.01131	-0.01265	0.65866	0.00311	1	0.05525	-0.01673	0.66202	0.00333	1	1.45898	0.81042	0	
1230390	8299.75879	3303797179350	0.56850	0.66416	8299.48340	0.27539	10775	1	0.61097	0.60295	1	0.52461	0.68729	1	0.56779	0.64512	1	0.45438	0.55568	14.14405	1.00375	1	0.71881	0.57643	14.94611	1.00375	1	-0.01131	-0.01265	0.65866	0.00306	1	0.05525	-0.01673	0.66202	0.00309	1	1.45898	0.81042	0	
1230391	8299.76465	3303797246076	0.56828	0.66351	8299.48340	0.28125	10775	1	0.59744	0.61273	1	0.52074	0.66000	1	0.55909	0.63636	1	0.45436	0.55567	14.04871	1.00375	1	0.71884	0.57619	14.40902	1.00375	1	-0.01131	-0.01265	0.65866	0.00310	1	0.05525	-0.01673	0.66202	0.00322	1	1.45898	0.81042	0	
1230392	8299.77148	3303797313292	0.56807	0.66290	8299.48340	0.28809	10775	1	0.59744	0.61273	1	0.52074	0.66000	1	0.55909	0.63636	1	0.45430	0.55569	13.95240	1.00375	1	0.71895	0.57623	14.17955	1.00375	1	-0.01131	-0.01265	0.65866	0.00309	1	0.05525	-0.01673	0.66202	0.00310	1	1.45898	0.81042	0	
1230393	8299.77832	3303797380264	0.56822	0.66235	8299.48340	0.29492	10775	1	0.62981	0.62275	1	0.51956	0.65400	1	0.57469	0.63837	1	0.45438	0.55565	14.05318	1.00375	1	0.71880	0.57607	14.88057	1.00375	1	-0.01131	-0.01265	0.65866	0.00311	1	0.05525	-0.01673	0.66202	0.00313	1	1.45898	0.81042	0	
1230394	8299.78516	3303797446944	0.56758	0.66178	8299.48340	0.30176	10775	1	0.58403	0.60941	1	0.49382	0.66254	1	0.53892	0.63598	1	0.45435	0.55571	13.69433	1.00375	1	0.71887	0.57623	14.04582	1.00375	1	-0.01131	-0.01265	0.65866	0.00311	1	0.05525	-0.01673	0.66202	0.00310	1	1.45898	0.81042	0	
1230395	8299.79199	3303797514296	0.56697	0.66114	8299.48340	0.30859	10775	1	0.58356	0.60488	1	0.49428	0.65823	1	0.53892	0.63155	1	0.45491	0.55562	13.80739	1.01176	1	0.71906	0.57597	14.18158	1.01176	1	-0.01173	-0.01318	0.68625	0.00308	1	0.05356	-0.01619	0.64071	0.00311	1	1.45898	0.81042	0	
1230396	8299.79883	3303797581342	0.56687	0.66034	8299.48340	0.31543	10775	1	0.59970	0.61111	1	0.52493	0.63431	1	0.56232	0.62271	1	0.45496	0.55535	13.62169	1.01978	1	0.71923	0.57605	14.39103	1.01978	1	-0.01173	-0.01318	0.68625	0.00306	1	0.05356	-0.01619	0.64071	0.00302	1	1.45898	0.81042	0	
1230397	8299.80566	3303797648141	0.56700	0.66039	8299.48340	0.32227	10775	1	0.60381	0.65347	1	0.52287	0.63495	1	0.56334	0.64421	1	0.45513	0.55546	13.77715	1.02780	1	0.71932	0.57593	14.21838	1.02780	1	-0.01173	-0.01318	0.68625	0.00303	1	0.05356	-0.01619	0.64071	0.00308	1	1.45898	0.81042	0	
1230398	8299.81152	3303797714802	0.56653	0.66033	8299.48340	0.32812	10775	1	0.60349	0.64940	1	0.52354	0.63051	1	0.56352	0.63995	1	0.45514	0.55544	13.87452	1.03581	1	0.71950	0.57604	14.21517	1.03581	1	-0.01146	-0.01282	0.67017	0.00304	1	0.05356	-0.01619	0.64071	0.00305	1	1.45898	0.81042	0	
1230399	8299.81836	3303797781707	0.56615	0.65938	8299.48340	0.33496	10775	1	0.60205	0.61699	1	0.51819	0.61559	1	0.56012	0.61629	1	0.45524	0.55543	13.86483	1.03581	1	0.71922	0.57610	13.97869	1.03581	1	-0.01146	-0.01282	0.67017	0.00308	1	0.05356	-0.01619	0.64071	0.00311	1	1.45898	0.81042	0	
1230400	8299.82520	3303797846476	0.56627	0.65906	8299.48340	0.34180	10775	1	0.61211	0.58935	1	0.53328	0.65082	1	0.57270	0.62009	1	0.45524	0.55543	13.86483	1.03581	1	0.71937	0.57620	14.09563	1.03581	1	-0.01146	-0.01282	0.67017	0.00308	1	0.05356	-0.01619	0.64071	0.00310	1	1.45898	0.81042	0	
1230401	8299.83203	3303797911553	0.56110	0.63226	8299.48340	0.34180	10775	0	0.61211	0.58935	1	0.53328	0.65082	1	0.57270	0.62009	1	0.45521	0.55550	14.26935	1.03581	1	0.71941	0.57618	14.58074	1.03581	1	-0.01173	-0.01318	0.68625	0.00303	1	0.05356	-0.01619	0.64071	0.00312	1	1.45898	0.81042	0	
1230402	8299.83887	3303797979025	0.56073	0.63231	8299.48340	0.34180	10775	0	0.58166	0.59546	1	0.53905	0.66928	1	0.56036	0.63237	1	0.45510	0.55545	14.10363	1.03581	1	0.71947	0.57631	14.11253	1.03581	1	-0.01173	-0.01318	0.68625	0.00303	1	0.05356	-0.01619	0.64071	0.00314	1	1.45898	0.81042	0	
1230403	8299.84570	3303798048607	0.56292	0.62774	8299.48340	0.34180	10775	0	0.59374	0.56164	1	0.54088	0.67556	1	0.56731	0.61860	1	0.45532	0.55552	14.42407	1.03581	1	0.71957	0.57642	14.34489	1.03581	1	-0.01173	-0.01318	0.68625	0.00301	1	0.05356	-0.01619	0.64071	0.00319	1	1.45898	0.81042	0	
1230404	8299.85254	3303798117079	0.56388	0.62700	8299.83203	0.02051	10776	1	0.59413	0.56640	1	0.53939	0.68313	1	0.56676	0.62477	1	0.45517	0.55551	14.44446	1.02780	1	0.71968	0.57643	14.69999	1.02099	1	-0.01128	-0.01272	0.66268	0.00305	1	0.05387	-0.01627	0.64382	0.00319	1	1.45898	0.81042	0	
1230405	8299.85840	3303798179502	0.56598	0.62915	8299.83203	0.02637	10776	1	0.59771	0.59544	1	0.55109	0.68009	1	0.57440	0.63777	1	0.45524	0.55549	14.09391	1.01297	1	0.71966	0.57638	14.68803	1.00616	1	-0.01128	-0.01272	0.66268	0.00307	1	0.05387	-0.01627	0.64382	0.00315	1	1.45898	0.81042	0	
1230406	8299.86523	3303798248565	0.56741	0.63445	8299.83203	0.03320	10776	1	0.60394	0.64098	1	0.54520	0.68088	1	0.57457	0.66093	1	0.45533	0.55536	13.45555	0.99815	1	0.71976	0.57634	14.40673	0.99134	1	-0.01128	-0.01272	0.66268	0.00307	1	0.05387	-0.01627	0.64382	0.00329	1	1.45898	0.81042	0	
1230407	8299.87207	3303798314691	0.56842	0.63910	8299.83203	0.04004	10776	1	0.60454	0.64893	1	0.54433	0.68512	1	0.57443	0.66702	1	0.45528	0.55542	13.36847	0.98332	1	0.71972	0.57655	14.57024	0.98332	1	-0.01098	-0.01244	0.65071	0.00312	1	0.05567	-0.01680	0.66465	0.00323	1	1.45898	0.81042	0	
1230408	8299.87891	3303798385879	0.56818	0.64364	8299.83203	0.04688	10776	1	0.60608	0.66892	1	0.52695	0.68192	1	0.56652	0.67542	1	0.45544	0.55525	13.13823	0.98332	1	0.71980	0.57644	14.57631	0.99013	1	-0.01098	-0.01244	0.65071	0.00314	1	0.05567	-0.01680	0.66465	0.00327	1	1.45898	0.81042	0	
1230409	8299.88574	3303798451766	0.56610	0.64434	8299.83203	0.05371	10776	1	0.59358	0.62532	1	0.50536	0.67447	1	0.54947	0.64990	1	0.45537	0.55523	13.06934	0.99013	1	0.71980	0.57644	14.57631	0.99694	1	-0.01098	-0.01244	0.65071	0.00318	1	0.05567	-0.01680	0.66465	0.00327	1	1.45898	0.81042	0	
1230410	8299.89258	3303798519829	0.56445	0.64409	8299.83203	0.06055	10776	1	0.59283	0.61707	1	0.50638	0.66661	1	0.54961	0.64184	1	0.45530	0.55544	13.33161	1.00495	1	0.71982	0.57617	14.39743	1.01176	1	-0.01135	-0.01293	0.67585	0.00312	1	0.05530	-0.01671	0.65909	0.00306	1	1.45898	0.81042	0	
1230411	8299.89844	3303798584183	0.56312	0.64413	8299.83203	0.06641	10776	1	0.59152	0.64766	1	0.50808	0.64150	1	0.54980	0.64458	1	0.45565	0.55556	13.16492	1.01978	1	0.71976	0.57628	14.32020	1.01978	1	-0.01135	-0.01293	0.67585	0.00305	1	0.05530	-0.01671	0.65909	0.00297	1	1.45898	0.81042	0	
1230412	8299.90527	3303798652414	0.56215	0.64435	8299.83203	0.07324	10776	1	0.58150	0.60696	1	0.52158	0.68650	1	0.55154	0.64673	1	0.45558	0.55556	12.93202	1.02780	1	0.72000	0.57653	13.86014	1.02780	1	-0.01135	-0.01293	0.67585	0.00305	1	0.05530	-0.01671	0.65909	0.00312	1	1.45898	0.81042	0	
1230413	8299.91211	3303798719695	0.56134	0.64421	8299.83203	0.08008	10776	1	0.58103	0.60251	1	0.52224	0.68247	1	0.55163	0.64249	1	0.45577	0.55547	13.36508	1.03581	1	0.72041	0.57634	14.63340	1.03581	1	-0.01149	-0.01314	0.68428	0.00304	1	0.05530	-0.01681	0.65909	0.00307	1	1.45898	0.81042	0	
1230414	8299.91895	3303798786470	0.56210	0.64196	8299.83203	0.08691	10776	1	0.59550	0.54509	1	0.54819	0.68048	1	0.57185	0.61279	1	0.45585	0.55551	13.53874	1.03581	1	0.72040	0.57663	14.27125	1.03581	1	-0.01149	-0.01314	0.68428	0.00306	1	0.05530	-0.01681	0.65909	0.00324	1	1.45898	0.81042	0	
1230415	8299.92578	3303798853421	0.56286	0.64239	8299.83203	0.09375	10776	1	0.59592	0.61733	1	0.55129	0.67943	1	0.57361	0.64838	1	0.45569	0.55555	13.21160	1.03581	1	0.72047	0.57677	14.32414	1.03581	1	-0.01149	-0.01314	0.68428	0.00306	1	0.05530	-0.01681	0.65909	0.00339	1	1.45898	0.81042	0	
1230416	8299.93262	3303798920980	0.56349	0.64313	8299.83203	0.10059	10776	1	0.59629	0.62166	1	0.54966	0.68696	1	0.57298	0.65431	1	0.45591	0.55545	13.86115	1.02780	1	0.72046	0.57694	13.99890	1.02099	1	-0.01097	-0.01259	0.65585	0.00305	1	0.05379	-0.01633	0.64058	0.00319	1	1.45898	0.81042	0	
1230417	8299.93945	3303798987650	0.56367	0.64353	8299.83203	0.10742	10776	1	0.59942	0.59871	1	0.53365	0.70103	1	0.56654	0.64987	1	0.45593	0.55540	13.94036	1.01297	1	0.72023	0.57683	14.07939	1.00616	1	-0.01097	-0.01259	0.65585	0.00304	1	0.05379	-0.01633	0.64058	0.00319	1	1.45898	0.81042	0	
1230418	8299.94629	3303799054337	0.56339	0.64540	8299.83203	0.11426	10776	1	0.59018	0.62215	1	0.52698	0.73237	1	0.55858	0.67726	1	0.45602	0.55540	13.83299	0.99815	1	0.72023	0.57692	14.21749	0.99134	1	-0.01097	-0.01259	0.65585	0.00305	1	0.05379	-0.01633	0.64058	0.00320	1	1.45898	0.81042	0	
1230419	8299.95312	3303799121744	0.56312	0.64748	8299.83203	0.12109	10776	1	0.59097	0.63038	1	0.52563	0.73942	1	0.55830	0.68490	1	0.45599	0.55549	14.26741	0.98332	1	0.72035	0.57705	14.18684	0.97651	1	-0.01097	-0.01259	0.65585	0.00305	1	0.05379	-0.01633	0.64058	0.00321	1	1.45898	0.81042	0	
1230420	8299.95898	3303799188582	0.56331	0.65016	8299.83203	0.12695	10776	1	0.59765	0.65610	1	0.53612	0.74584	1	0.56689	0.70097	1	0.45592	0.55551	14.04021	0.97651	1	0.72032	0.57697	14.01415	0.97651	1	-0.01097	-0.01259	0.65585	0.00304	1	0.05379	-0.01633	0.64058	0.00321	1	1.45898	0.81042	0	
1230421	8299.96582	3303799255287	0.56339	0.65225	8299.83203	0.13379	10776	1	0.59340	0.63978	1	0.53642	0.74846	1	0.56491	0.69412	1	0.45592	0.55548	14.02669	0.97651	1	0.72032	0.57695	13.96698	0.97651	1	-0.01097	-0.01259	0.65585	0.00305	1	0.05379	-0.01633	0.64058	0.00320	1	1.45898	0.81042	0	
1230422	8299.97266	3303799323156	0.56347	0.65408	8299.83203	0.14062	10776	1	0.59340	0.63978	1	0.53711	0.74529	1	0.56526	0.69253	1	0.45604	0.55531	13.68622	0.97651	1	0.72048	0.57717	14.34614	0.98332	1	-0.01097	-0.01259	0.65585	0.00311	1	0.05530	-0.01678	0.65790	0.00321	1	1.45898	0.81042	0	
1230423	8299.97949	3303799389825	0.56360	0.65570	8299.83203	0.14746	10776	1	0.59981	0.63625	1	0.53318	0.74634	1	0.56649	0.69130	1	0.45616	0.55550	13.19005	0.98332	1	0.72036	0.57710	14.20430	0.99013	1	-0.01097	-0.01259	0.65585	0.00303	1	0.05530	-0.01678	0.65790	0.00318	1	1.45898	0.81042	0	
1230424	8299.98633	3303799456345	0.56369	0.65727	8299.83203	0.15430	10776	1	0.59652	0.64460	1	0.53464	0.74194	1	0.56558	0.69327	1	0.45606	0.55553	14.13724	0.99013	1	0.72037	0.57713	14.27612	0.99694	1	-0.01097	-0.01259	0.65585	0.00305	1	0.05530	-0.01678	0.65790	0.00316	1	1.45898	0.81042	0	
1230425	8299.99316	3303799523511	0.56377	0.65857	8299.83203	0.16113	10776	1	0.59620	0.64094	1	0.53531	0.73878	1	0.56575	0.68986	1	0.45591	0.55550	13.89968	0.99694	1	0.72038	0.57702	14.15211	1.00375	1	-0.01097	-0.01259	0.65585	0.00301	1	0.05530	-0.01678	0.65790	0.00319	1	1.45898	0.81042	0	
1230426	8300.00000	3303799590614	0.56403	0.65821	8299.83203	0.16797	10776	1	0.59618	0.60488	1	0.54473	0.69336	1	0.57046	0.64912	1	0.45616	0.55537	13.29104	1.00375	1	0.72043	0.57700	14.03640	1.00375	1	-0.01097	-0.01259	0.65585	0.00302	1	0.05530	-0.01678	0.65790	0.00321	1	1.45898	0.81042	0	
1230427	8300.00586	3303799657554	0.56387	0.65853	8299.83203	0.17383	10776	1	0.60218	0.59195	1	0.51762	0.74197	1	0.55990	0.66696	1	0.45623	0.55550	13.44786	1.00375	1	0.72031	0.57707	14.45200	1.00375	1	-0.01097	-0.01259	0.65585	0.00302	1	0.05530	-0.01678	0.65790	0.00318	1	1.45898	0.81042	0	
1230428	8300.01270	3303799724410	0.56373	0.65896	8299.83203	0.18066	10776	1	0.60248	0.59610	1	0.51705	0.74525	1	0.55976	0.67067	1	0.45618	0.55532	13.34213	0.99662	1	0.72042	0.57716	14.14758	0.99662	1	-0.01068	-0.01232	0.64185	0.00315	1	0.05530	-0.01678	0.65790	0.00314	1	1.45898	0.81042	0	
1230429	8300.01953	3303799791947	0.56386	0.65898	8299.83203	0.18750	10776	1	0.59271	0.59919	1	0.54228	0.71974	1	0.56750	0.65947	1	0.45620	0.55535	13.48574	0.98949	1	0.72042	0.57721	14.12767	0.98949	1	-0.01068	-0.01232	0.64185	0.00313	1	0.05530	-0.01678	0.65790	0.00316	1	1.45898	0.81042	0	
1230430	8300.02637	3303799859126	0.56392	0.65842	8299.83203	0.19434	10776	1	0.61313	0.62087	1	0.51855	0.66353	1	0.56584	0.64220	1	0.45626	0.55543	13.37471	0.98237	1	0.72038	0.57704	13.77310	0.98237	1	-0.01068	-0.01232	0.64185	0.00312	1	0.05530	-0.01678	0.65790	0.00317	1	1.45898	0.81042	0	
1230431	8300.03320	3303799925683	0.56398	0.65803	8299.83203	0.20117	10776	1	0.61336	0.62490	1	0.51795	0.66745	1	0.56566	0.64617	1	0.45610	0.55550	13.31819	0.97524	1	0.72045	0.57710	14.00485	0.97524	1	-0.01068	-0.01232	0.64185	0.00302	1	0.05530	-0.01678	0.65790	0.00316	1	1.45898	0.81042	0	
1230432	8300.03906	3303799989109	0.56410	0.65826	8299.83203	0.20703	10776	1	0.58810	0.60699	1	0.54772	0.72381	1	0.56791	0.66540	1	0.45600	0.55527	13.01027	0.97524	1	0.72042	0.57722	14.34403	0.97524	1	-0.01068	-0.01232	0.64185	0.00315	1	0.05530	-0.01678	0.65790	0.00312	1	1.45898	0.81042	0	
1230433	8300.04688	3303800059790	0.56395	0.65893	8299.83203	0.21484	10776	1	0.60389	0.63665	1	0.51401	0.72432	1	0.55895	0.68049	1	0.45606	0.55549	13.45815	0.97524	1	0.72030	0.57725	14.09590	0.97524	1	-0.01068	-0.01232	0.64185	0.00302	1	0.05530	-0.01678	0.65790	0.00312	1	1.45898	0.81042	0	
1230434	8300.05273	3303800126475	0.56380	0.65956	8299.83203	0.22070	10776	1	0.60389	0.63665	1	0.51401	0.72432	1	0.55895	0.68049	1	0.45622	0.55526	13.16868	0.97524	1	0.72042	0.57734	14.12725	0.97524	1	-0.01068	-0.01232	0.64185	0.00311	1	0.05530	-0.01678	0.65790	0.00310	1	1.45898	0.81042	0	
1230435	8300.05957	3303800192286	0.56345	0.65935	8299.83203	0.22754	10776	1	0.60802	0.63455	1	0.49522	0.66953	1	0.55162	0.65204	1	0.45614	0.55540	13.19411	0.97524	1	0.72043	0.57718	13.99850	0.97524	1	-0.01068	-0.01232	0.64185	0.00315	1	0.05530	-0.01678	0.65790	0.00311	1	1.45898	0.81042	0	
1230436	8300.06641	3303800260355	0.56313	0.65941	8299.83203	0.23438	10776	1	0.59372	0.62909	1	0.51044	0.69374	1	0.55208	0.66141	1	0.45609	0.55539	13.40563	0.97524	1	0.72061	0.57732	13.64494	0.97524	1	-0.01068	-0.01232	0.64185	0.00314	1	0.05530	-0.01678	0.65790	0.00313	1	1.45898	0.81042	0	
1230437	8300.07324	3303800328173	0.56284	0.65936	8299.83203	0.24121	10776	1	0.59335	0.62509	1	0.51098	0.69001	1	0.55217	0.65755	1	0.45609	0.55539	13.40563	0.98237	1	0.72088	0.57746	13.88328	0.98237	1	-0.01097	-0.01271	0.66197	0.00314	1	0.05530	-0.01678	0.65790	0.00317	1	1.45898	0.81042	0	
1230438	8300.08008	3303800394420	0.56258	0.65893	8299.83203	0.24805	10776	1	0.60169	0.60288	1	0.50408	0.68345	1	0.55289	0.64316	1	0.45623	0.55540	13.40385	0.98949	1	0.72061	0.57725	13.88065	0.98949	1	-0.01097	-0.01271	0.66197	0.00317	1	0.05530	-0.01678	0.65790	0.00311	1	1.45898	0.81042	0	
1230439	8300.08691	3303800460706	0.56223	0.65810	8299.83203	0.25488	10776	1	0.59170	0.61449	1	0.50669	0.63895	1	0.54920	0.62672	1	0.45616	0.55562	13.20919	0.99662	1	0.72058	0.57699	14.32192	0.99662	1	-0.01097	-0.01271	0.66197	0.00316	1	0.05530	-0.01678	0.65790	0.00303	1	1.45898	0.81042	0	
1230440	8300.09375	3303800528208	0.56192	0.65716	8299.83203	0.26172	10776	1	0.59133	0.61047	1	0.50773	0.63058	1	0.54953	0.62052	1	0.45622	0.55567	13.39368	1.00375	1	0.72083	0.57710	14.06335	1.01140	1	-0.01097	-0.01271	0.66197	0.00313	1	0.05779	-0.01757	0.68687	0.00301	1	1.45898	0.81042	0	
1230441	8300.10059	3303800596672	0.56206	0.65628	8299.83203	0.26855	10776	1	0.61108	0.60863	1	0.52486	0.63291	1	0.56797	0.62077	1	0.45626	0.55557	13.30979	1.01140	1	0.72087	0.57709	14.03084	1.01906	1	-0.01097	-0.01271	0.66197	0.00312	1	0.05779	-0.01757	0.68687	0.00308	1	1.45898	0.81042	0	
1230442	8300.10645	3303800662768	0.56227	0.65570	8299.83203	0.27441	10776	1	0.61051	0.61301	1	0.53072	0.65083	1	0.57061	0.63192	1	0.45634	0.55573	13.35165	1.01906	1	0.72083	0.57715	13.91923	1.02672	1	-0.01097	-0.01271	0.66197	0.00306	1	0.05779	-0.01757	0.68687	0.00305	1	1.45898	0.81042	0	
1230443	8300.11328	3303800729420	0.56246	0.65499	8299.83203	0.28125	10776	1	0.60997	0.60435	1	0.53145	0.64651	1	0.57071	0.62543	1	0.45637	0.55568	13.23706	1.03474	1	0.72086	0.57706	13.88723	1.03474	1	-0.01139	-0.01326	0.69060	0.00306	1	0.05686	-0.01727	0.67521	0.00308	1	1.45898	0.81042	0	
1230444	8300.12012	3303800796948	0.56255	0.65413	8299.83203	0.28809	10776	1	0.60571	0.58613	1	0.52693	0.64797	1	0.56632	0.61705	1	0.45636	0.55552	13.39364	1.04276	1	0.72083	0.57725	14.11025	1.03510	1	-0.01139	-0.01326	0.69060	0.00314	1	0.05686	-0.01727	0.67521	0.00309	1	1.45898	0.81042	0	
1230445	8300.12695	3303800862164	0.56269	0.65338	8299.83203	0.29492	10776	1	0.60630	0.60623	1	0.53093	0.63429	1	0.56862	0.62026	1	0.45628	0.55549	13.15773	1.04311	1	0.72087	0.57711	13.73466	1.03545	1	-0.01139	-0.01326	0.69060	0.00314	1	0.05686	-0.01727	0.67521	0.00310	1	1.45898	0.81042	0	
1230446	8300.13379	3303800930303	0.56281	0.65265	8299.83203	0.30176	10776	1	0.60629	0.60604	1	0.53097	0.63409	1	0.56863	0.62006	1	0.45623	0.55587	13.36409	1.04347	1	0.72079	0.57702	13.52539	1.03581	1	-0.01139	-0.01326	0.69060	0.00306	1	0.05686	-0.01727	0.67521	0.00312	1	1.45898	0.81042	0	
1230447	8300.14062	3303800997341	0.56274	0.65189	8299.83203	0.30859	10776	1	0.59897	0.58941	1	0.51917	0.64419	1	0.55907	0.61680	1	0.45622	0.55567	13.39368	1.03581	1	0.72069	0.57720	13.70936	1.03581	1	-0.01139	-0.01326	0.69060	0.00313	1	0.05686	-0.01727	0.67521	0.00300	1	1.45898	0.81042	0	
1230448	8300.14648	3303801062947	0.56274	0.65144	8299.83203	0.31445	10776	1	0.60686	0.61807	1	0.51938	0.64236	1	0.56312	0.63021	1	0.45623	0.55587	13.36409	1.03581	1	0.72074	0.57727	13.87007	1.03581	1	-0.01139	-0.01326	0.69060	0.00306	1	0.05686	-0.01727	0.67521	0.00299	1	1.45898	0.81042	0	
1230449	8300.15332	3303801130100	0.56248	0.62526	8299.83203	0.31445	10776	0	0.60686	0.61807	1	0.51938	0.64236	1	0.56312	0.63021	1	0.45618	0.55583	13.31556	1.03581	1	0.72077	0.57717	13.73875	1.03581	1	-0.01139	-0.01326	0.69060	0.00307	1	0.05530	-0.01685	0.65679	0.00301	1	1.45898	0.81042	0	
1230450	8300.16016	3303801198247	0.55609	0.63412	8299.83203	0.31445	10776	0	0.57847	0.64752	1	0.52092	0.63844	1	0.54969	0.64298	1	0.45618	0.55583	13.31556	1.03581	1	0.72072	0.57712	13.50954	1.03581	1	-0.01139	-0.01326	0.69060	0.00307	1	0.05530	-0.01685	0.65679	0.00306	1	1.45898	0.81042	0	
1230451	8300.16699	3303801265642	0.55440	0.63912	8299.83203	0.31445	10776	0	0.57663	0.65594	1	0.52542	0.64230	1	0.55103	0.64912	1	0.45620	0.55596	13.39001	1.03581	1	0.72078	0.57719	13.68473	1.03581	1	-0.01139	-0.01326	0.69060	0.00296	1	0.05530	-0.01685	0.65679	0.00305	1	1.45898	0.81042	0	
1230452	8300.17383	3303801332132	0.55356	0.64162	8300.15332	0.02051	10777	1	0.57663	0.65594	1	0.52542	0.64230	1	0.55103	0.64912	1	0.45625	0.55586	13.37610	1.03581	1	0.72075	0.57743	13.82257	1.03581	1	-0.01139	-0.01326	0.69060	0.00307	1	0.05530	-0.01685	0.65679	0.00308	1	1.45898	0.81042	0	
1230453	8300.18066	3303801398884	0.55194	0.63497	8300.15332	0.02734	10777	1	0.57794	0.58276	1	0.51299	0.63401	1	0.54546	0.60839	1	0.45638	0.55578	13.37969	1.03581	1	0.72057	0.57701	13.14587	1.03581	1	-0.01139	-0.01326	0.69060	0.00308	1	0.05530	-0.01685	0.65679	0.00322	1	1.45898	0.81042	0	
1230454	8300.18750	3303801466187	0.55084	0.63518	8300.15332	0.03418	10777	1	0.57937	0.64785	1	0.51128	0.62456	1	0.54532	0.63621	1	0.45632	0.55575	13.37208	1.03581	1	0.72064	0.57699	13.53726	1.03581	1	-0.01139	-0.01326	0.69060	0.00309	1	0.05530	-0.01685	0.65679	0.00316	1	1.45898	0.81042	0	
1230455	8300.19336	3303801533201	0.55004	0.63594	8300.15332	0.04004	10777	1	0.57985	0.65195	1	0.51070	0.62905	1	0.54528	0.64050	1	0.45616	0.55543	13.19741	1.02780	1	0.72075	0.57697	13.98262	1.02780	1	-0.01097	-0.01259	0.65585	0.00318	1	0.05532	-0.01683	0.65811	0.00312	1	1.45898	0.81042	0	
1230456	8300.20020	3303801600085	0.55026	0.63275	8300.15332	0.04688	10777	1	0.57512	0.59109	1	0.52841	0.62984	1	0.55177	0.61047	1	0.45527	0.55537	13.09473	1.01978	1	0.72009	0.57695	13.41402	1.01978	1	-0.01097	-0.01259	0.65585	0.00317	1	0.05532	-0.01683	0.65811	0.00332	1	1.45898	0.81042	0	
1230457	8300.20703	3303801667403	0.55756	0.63465	8300.15332	0.05371	10777	1	0.61902	0.61477	1	0.61297	0.68484	1	0.61600	0.64981	1	0.45515	0.55510	13.22727	1.01176	1	0.71987	0.57667	14.19898	1.01176	1	-0.01097	-0.01259	0.65585	0.00276	1	0.05532	-0.01683	0.65811	0.00294	1	1.45898	0.81042	0	
1230458	8300.21387	3303801734651	0.56329	0.63677	8300.15332	0.06055	10777	1	0.61923	0.61922	1	0.61042	0.69252	1	0.61482	0.65587	1	0.45145	0.55412	13.26472	1.00375	1	0.71595	0.57493	14.46368	0.99694	1	-0.01154	-0.01233	0.65475	0.00342	1	0.05350	-0.01632	0.64394	0.00339	1	1.45898	0.81042	0	
1230459	8300.22070	3303801801408	0.55120	0.62936	8300.15332	0.06738	10777	1	0.45744	0.59119	1	0.40317	0.51934	1	0.43031	0.55526	1	0.45062	0.55363	13.06958	0.99694	1	0.71488	0.57413	13.62755	0.99013	1	-0.01154	-0.01233	0.65475	0.00340	1	0.05350	-0.01632	0.64394	0.00332	1	1.45898	0.81042	0	
1230460	8300.22656	3303801863649	0.54536	0.62642	8300.15332	0.07324	10777	1	0.48248	0.59191	1	0.47989	0.59617	1	0.48118	0.59404	1	0.45015	0.55351	12.82850	0.99013	1	0.71456	0.57393	14.86473	0.98332	1	-0.01154	-0.01233	0.65475	0.00317	1	0.05350	-0.01632	0.64394	0.00304	1	1.45898	0.81042	0	
1230461	8300.23340	3303801932327	0.54048	0.62390	8300.15332	0.08008	10777	1	0.48351	0.59596	1	0.48023	0.59145	1	0.48187	0.59370	1	0.44772	0.55324	13.71654	0.98332	1	0.71100	0.57325	14.32959	0.99098	1	-0.01196	-0.01206	0.65108	0.00363	1	0.05512	-0.01678	0.67198	0.00377	1	1.45898	0.81042	0	
1230462	8300.24023	3303801999377	0.52323	0.61674	8300.15332	0.08691	10777	1	0.33270	0.57610	1	0.26514	0.47120	1	0.29892	0.52365	1	0.44714	0.55277	13.92609	0.99098	1	0.71021	0.57273	14.23062	1.00545	1	-0.01196	-0.01206	0.65108	0.00375	1	0.05512	-0.01678	0.67198	0.00360	1	1.45898	0.81042	0	
1230463	8300.24707	3303802065686	0.50781	0.61033	8300.15332	0.09375	10777	1	0.32081	0.56954	1	0.26325	0.47157	1	0.29203	0.52055	1	0.44711	0.55284	13.94487	1.00545	1	0.71023	0.57285	14.21291	1.01992	1	-0.01196	-0.01206	0.65108	0.00376	1	0.05512	-0.01678	0.67198	0.00358	1	1.45898	0.81042	0	
1230464	8300.25391	3303802133315	0.49404	0.60396	8300.15332	0.10059	10777	1	0.31421	0.55570	1	0.26083	0.46118	1	0.28752	0.50844	1	0.44688	0.55293	13.60160	1.02793	1	0.71022	0.57316	14.49298	1.03474	1	-0.01248	-0.01254	0.67685	0.00389	1	0.05381	-0.01640	0.65653	0.00369	1	1.45898	0.81042	0	
1230465	8300.26074	3303802199062	0.45183	0.58146	8300.15332	0.10059	10777	0	0.29879	0.54548	1	0.25517	0.43262	1	0.27698	0.48905	1	0.44692	0.55278	13.73445	1.04276	1	0.71021	0.57307	14.36146	1.03510	1	-0.01248	-0.01254	0.67685	0.00383	1	0.05381	-0.01640	0.65653	0.00369	1	1.45898	0.81042	0	
1230466	8300.26758	3303802267866	0.35754	0.52958	8300.15332	0.10059	10777	0	0.29410	0.53069	1	0.23239	0.42469	1	0.26324	0.47769	1	0.44678	0.55270	13.59866	1.04311	1	0.71023	0.57301	14.06368	1.03545	1	-0.01248	-0.01254	0.67685	0.00388	1	0.05381	-0.01640	0.65653	0.00369	1	1.45898	0.81042	0	
1230467	8300.27344	3303802332318	0.32674	0.51402	8300.15332	0.10059	10777	0	0.29644	0.53553	1	0.23384	0.43030	1	0.26514	0.48292	1	0.44679	0.55268	13.60363	1.03545	1	0.71026	0.57321	14.30440	1.02780	1	-0.01218	-0.01223	0.65765	0.00405	1	0.05381	-0.01640	0.65653	0.00358	1	1.45898	0.81042	0	
1230468	8300.28027	3303802400606	0.27572	0.49555	8300.15332	0.10059	10777	0	0.32714	0.55252	1	0.27039	0.49953	1	0.29876	0.52602	1	0.44687	0.55264	13.57338	1.01978	1	0.71029	0.57323	14.53496	1.01978	1	-0.01218	-0.01223	0.65765	0.00380	1	0.05381	-0.01640	0.65653	0.00358	1	1.45898	0.81042	0	
1230469	8300.28711	3303802467852	0.28479	0.52186	8300.15332	0.10059	10777	0	0.32915	0.60659	1	0.25859	0.48975	1	0.29387	0.54817	1	0.44683	0.55320	13.50571	1.01176	1	0.71015	0.57321	14.33594	1.01176	1	-0.01218	-0.01223	0.65765	0.00371	1	0.05381	-0.01640	0.65653	0.00369	1	1.45898	0.81042	0	
1230470	8300.29395	3303802537888	0.28843	0.53231	8300.15332	0.10059	10777	0	0.33145	0.61119	1	0.25995	0.49527	1	0.29570	0.55323	1	0.44697	0.55316	13.59748	1.00375	1	0.71018	0.57258	14.09742	1.00375	1	-0.01218	-0.01223	0.65765	0.00369	1	0.05381	-0.01640	0.65653	0.00391	1	1.45898	0.81042	0	
1230471	8300.30078	3303802604955	0.28863	0.53477	8300.28027	0.02051	10778	1	0.31801	0.57597	1	0.26048	0.50829	1	0.28924	0.54213	1	0.44633	0.55291	13.31794	1.00375	1	0.71017	0.57307	14.21083	1.00375	1	-0.01218	-0.01223	0.65765	0.00361	1	0.05381	-0.01640	0.65653	0.00364	1	1.45898	0.81042	0	
1230472	8300.30762	3303802671941	0.28993	0.53337	8300.28027	0.02734	10778	1	0.34655	0.55634	1	0.24366	0.49919	1	0.29511	0.52777	1	0.44660	0.55261	13.64751	1.00375	1	0.71030	0.57315	14.35933	1.00375	1	-0.01218	-0.01223	0.65765	0.00356	1	0.05381	-0.01640	0.65653	0.00360	1	1.45898	0.81042	0	
1230473	8300.31445	3303802738886	0.29106	0.53321	8300.28027	0.03418	10778	1	0.34849	0.56082	1	0.24498	0.50407	1	0.29673	0.53244	1	0.44656	0.55259	13.40153	0.99662	1	0.71023	0.57284	14.59017	0.99662	1	-0.01186	-0.01186	0.63766	0.00358	1	0.05381	-0.01640	0.65653	0.00382	1	1.45898	0.81042	0	
1230474	8300.32129	3303802804291	0.29272	0.53197	8300.28027	0.04102	10778	1	0.34119	0.57304	1	0.26416	0.47599	1	0.30267	0.52451	1	0.44657	0.55267	13.38846	0.98949	1	0.71010	0.57274	14.33873	0.98949	1	-0.01186	-0.01186	0.63766	0.00359	1	0.05381	-0.01640	0.65653	0.00388	1	1.45898	0.81042	0	
1230475	8300.32812	3303802872612	0.29515	0.53273	8300.28027	0.04785	10778	1	0.35574	0.59528	1	0.26856	0.48085	1	0.31215	0.53806	1	0.44686	0.55285	13.75101	0.98237	1	0.71003	0.57274	14.00709	0.98237	1	-0.01186	-0.01186	0.63766	0.00370	1	0.05381	-0.01640	0.65653	0.00391	1	1.45898	0.81042	0	
1230476	8300.33398	3303802939845	0.29697	0.53302	8300.28027	0.05371	10778	1	0.35574	0.59528	1	0.26730	0.47535	1	0.31152	0.53531	1	0.44673	0.55282	13.50247	0.98237	1	0.71001	0.57316	13.99492	0.99003	1	-0.01239	-0.01240	0.66387	0.00369	1	0.05490	-0.01674	0.67046	0.00381	1	1.45898	0.81042	0	
1230477	8300.34082	3303803006800	0.29614	0.53328	8300.28027	0.06055	10778	1	0.31261	0.54184	1	0.26466	0.52951	1	0.28864	0.53568	1	0.44608	0.55277	13.85920	0.99715	1	0.71016	0.57345	14.07617	1.00481	1	-0.01239	-0.01240	0.66387	0.00386	1	0.05490	-0.01674	0.67046	0.00370	1	1.45898	0.81042	0	
1230478	8300.34766	3303803073595	0.29582	0.53333	8300.28027	0.06738	10778	1	0.31174	0.55563	1	0.27352	0.51202	1	0.29263	0.53383	1	0.44628	0.55256	13.43621	1.01194	1	0.71017	0.57340	14.13290	1.01960	1	-0.01239	-0.01240	0.66387	0.00390	1	0.05490	-0.01674	0.67046	0.00365	1	1.45898	0.81042	0	
1230479	8300.35449	3303803140551	0.29512	0.53215	8300.28027	0.07422	10778	1	0.30492	0.54136	1	0.27002	0.49691	1	0.28747	0.51913	1	0.44604	0.55275	13.90672	1.03474	1	0.71019	0.57325	13.77370	1.04240	1	-0.01288	-0.01283	0.68701	0.00400	1	0.05627	-0.01714	0.68846	0.00385	1	1.45898	0.81042	0	
1230480	8300.36133	3303803207624	0.29407	0.53012	8300.28027	0.08105	10778	1	0.31052	0.55352	1	0.25228	0.45789	1	0.28140	0.50571	1	0.44605	0.55281	13.86581	1.05042	1	0.70998	0.57316	13.83406	1.05042	1	-0.01288	-0.01283	0.68701	0.00402	1	0.05627	-0.01714	0.68846	0.00380	1	1.45898	0.81042	0	
1230481	8300.36816	3303803275174	0.29396	0.52723	8300.28027	0.08789	10778	1	0.31458	0.49860	1	0.27050	0.48082	1	0.29254	0.48971	1	0.44619	0.55274	13.75220	1.05843	1	0.70994	0.57322	14.23830	1.05843	1	-0.01288	-0.01283	0.68701	0.00397	1	0.05627	-0.01714	0.68846	0.00371	1	1.45898	0.81042	0	
1230482	8300.37500	3303803341739	0.29386	0.52473	8300.28027	0.09473	10778	1	0.31458	0.49860	1	0.27050	0.48082	1	0.29254	0.48971	1	0.44634	0.55255	13.39345	1.05843	1	0.70972	0.57301	14.41689	1.05843	1	-0.01258	-0.01249	0.66856	0.00378	1	0.05627	-0.01714	0.68846	0.00355	1	1.45898	0.81042	0	
1230483	8300.38184	3303803409016	0.29271	0.51934	8300.28027	0.10156	10778	1	0.29479	0.46881	1	0.25600	0.40816	1	0.27539	0.43848	1	0.44574	0.55234	13.04082	1.05042	1	0.70983	0.57277	14.22692	1.05042	1	-0.01258	-0.01249	0.66856	0.00373	1	0.05627	-0.01714	0.68846	0.00355	1	1.45898	0.81042	0	
1230484	8300.38770	3303803475865	0.29344	0.51592	8300.28027	0.10742	10778	1	0.32028	0.47091	1	0.29016	0.45146	1	0.30522	0.46119	1	0.44579	0.55249	13.49942	1.04240	1	0.71012	0.57290	13.99791	1.04240	1	-0.01258	-0.01249	0.66856	0.00370	1	0.05627	-0.01714	0.68846	0.00356	1	1.45898	0.81042	0	
1230485	8300.39453	3303803541442	0.29427	0.51346	8300.28027	0.11426	10778	1	0.32454	0.48135	1	0.29219	0.46216	1	0.30836	0.47176	1	0.44546	0.55296	14.17503	1.02726	1	0.70952	0.57238	14.09096	1.02726	1	-0.01206	-0.01192	0.63813	0.00363	1	0.05627	-0.01709	0.68846	0.00359	1	1.45898	0.81042	0	
1230486	8300.40137	3303803609667	0.29427	0.51219	8300.28027	0.12109	10778	1	0.32494	0.51249	1	0.26332	0.46590	1	0.29413	0.48920	1	0.44558	0.55272	13.97450	1.02013	1	0.70942	0.57262	14.13757	1.02013	1	-0.01206	-0.01192	0.63813	0.00357	1	0.05627	-0.01709	0.68846	0.00356	1	1.45898	0.81042	0	
1230487	8300.40820	3303803676715	0.29490	0.51341	8300.28027	0.12793	10778	1	0.32971	0.56790	1	0.28431	0.50529	1	0.30701	0.53660	1	0.44571	0.55324	13.76779	1.01301	1	0.70957	0.57257	14.14817	1.01301	1	-0.01206	-0.01192	0.63813	0.00374	1	0.05627	-0.01709	0.68846	0.00359	1	1.45898	0.81042	0	
1230488	8300.41504	3303803744020	0.29548	0.51451	8300.28027	0.13477	10778	1	0.32971	0.56790	1	0.28431	0.50529	1	0.30701	0.53660	1	0.44537	0.55335	13.92240	1.01301	1	0.70942	0.57293	14.24977	1.01301	1	-0.01293	-0.01273	0.68176	0.00383	1	0.05518	-0.01679	0.67636	0.00359	1	1.45898	0.81042	0	
1230489	8300.42188	3303803810338	0.29524	0.51510	8300.28027	0.14160	10778	1	0.31414	0.55710	1	0.26648	0.49765	1	0.29031	0.52737	1	0.44548	0.55304	13.72941	1.02013	1	0.70950	0.57275	13.95249	1.02013	1	-0.01293	-0.01273	0.68176	0.00381	1	0.05518	-0.01679	0.67636	0.00358	1	1.45898	0.81042	0	
1230490	8300.42871	3303803879050	0.29500	0.51587	8300.28027	0.14844	10778	1	0.30673	0.53849	1	0.27268	0.52746	1	0.28971	0.53297	1	0.44542	0.55304	13.87444	1.02726	1	0.70945	0.57301	14.27344	1.02726	1	-0.01293	-0.01273	0.68176	0.00382	1	0.05518	-0.01679	0.67636	0.00359	1	1.45898	0.81042	0	
1230491	8300.43457	3303803942963	0.29472	0.51640	8300.28027	0.15430	10778	1	0.30460	0.53397	1	0.27159	0.52287	1	0.28809	0.52842	1	0.44530	0.55252	13.62671	1.03438	1	0.70962	0.57269	13.73802	1.03438	1	-0.01257	-0.01228	0.65753	0.00394	1	0.05413	-0.01645	0.66471	0.00368	1	1.45898	0.81042	0	
1230492	8300.44141	3303804007119	0.29436	0.51611	8300.28027	0.16113	10778	1	0.32002	0.55436	1	0.25169	0.46384	1	0.28585	0.50910	1	0.44524	0.55280	13.73030	1.03438	1	0.70934	0.57264	14.07467	1.03438	1	-0.01257	-0.01228	0.65753	0.00407	1	0.05413	-0.01645	0.66471	0.00369	1	1.45898	0.81042	0	
1230493	8300.44727	3303804071653	0.29433	0.51514	8300.28027	0.16699	10778	1	0.31285	0.53070	1	0.27430	0.45142	1	0.29358	0.49106	1	0.44520	0.55249	13.43586	1.03438	1	0.70945	0.57236	13.56353	1.03438	1	-0.01257	-0.01228	0.65753	0.00400	1	0.05413	-0.01645	0.66471	0.00380	1	1.45898	0.81042	0	
1230494	8300.45508	3303804147050	0.29430	0.51425	8300.28027	0.17480	10778	1	0.31285	0.53070	1	0.27430	0.45142	1	0.29358	0.49106	1	0.44522	0.55244	13.44929	1.03438	1	0.70938	0.57272	14.14535	1.03438	1	-0.01257	-0.01223	0.65753	0.00397	1	0.05413	-0.01645	0.66471	0.00368	1	1.45898	0.81042	0	
1230495	8300.46191	3303804213955	0.29446	0.51439	8300.28027	0.18164	10778	1	0.31835	0.54476	1	0.27881	0.49158	1	0.29858	0.51817	1	0.44530	0.55266	13.74117	1.03438	1	0.70954	0.57262	13.96833	1.03438	1	-0.01257	-0.01223	0.65753	0.00398	1	0.05413	-0.01645	0.66471	0.00374	1	1.45898	0.81042	0	
1230496	8300.46777	3303804272481	0.29513	0.51459	8300.28027	0.18750	10778	1	0.32977	0.55747	1	0.29835	0.48312	1	0.31406	0.52029	1	0.44549	0.55285	13.70572	1.03438	1	0.70950	0.57249	13.54490	1.03438	1	-0.01257	-0.01223	0.65753	0.00376	1	0.05413	-0.01645	0.66471	0.00378	1	1.45898	0.81042	0	
1230497	8300.47559	3303804346189	0.29576	0.51478	8300.28027	0.19531	10778	1	0.32977	0.55747	1	0.29835	0.48312	1	0.31406	0.52029	1	0.44536	0.55270	13.78798	1.03438	1	0.70936	0.57239	14.23904	1.03438	1	-0.01257	-0.01223	0.65753	0.00377	1	0.05413	-0.01640	0.66471	0.00371	1	1.45898	0.81042	0	
1230498	8300.48145	3303804414257	0.29616	0.51512	8300.28027	0.20117	10778	1	0.33686	0.55133	1	0.27906	0.49881	1	0.30796	0.52507	1	0.44550	0.55283	14.45700	1.03438	1	0.70910	0.57281	14.05492	1.03438	1	-0.01257	-0.01223	0.65753	0.00370	1	0.05413	-0.01640	0.66471	0.00368	1	1.45898	0.81042	0	
1230499	8300.48828	3303804480359	0.29646	0.51412	8300.28027	0.20801	10778	1	0.32362	0.53806	1	0.28790	0.42831	1	0.30576	0.48318	1	0.44533	0.55268	13.67669	1.03438	1	0.70922	0.57204	14.24143	1.03438	1	-0.01257	-0.01223	0.65753	0.00379	1	0.05413	-0.01640	0.66471	0.00397	1	1.45898	0.81042	0	
1230500	8300.49512	3303804546855	0.29674	0.51318	8300.28027	0.21484	10778	1	0.32362	0.53806	1	0.28790	0.42831	1	0.30576	0.48318	1	0.44527	0.55298	13.33425	1.03438	1	0.70949	0.57244	13.76303	1.03438	1	-0.01257	-0.01223	0.65753	0.00374	1	0.05413	-0.01640	0.66471	0.00376	1	1.45898	0.81042	0	
1230501	8300.50195	3303804614291	0.29699	0.51297	8300.28027	0.22168	10778	1	0.30865	0.52473	1	0.30203	0.48752	1	0.30534	0.50613	1	0.44516	0.55237	13.54832	1.03438	1	0.70954	0.57246	13.89176	1.03438	1	-0.01257	-0.01223	0.65753	0.00392	1	0.05413	-0.01640	0.66471	0.00373	1	1.45898	0.81042	0	
1230502	8300.50879	3303804681270	0.29768	0.51325	8300.28027	0.22852	10778	1	0.33316	0.57282	1	0.30930	0.47240	1	0.32123	0.52261	1	0.44547	0.55297	13.46857	1.03438	1	0.70959	0.57239	13.90091	1.03438	1	-0.01257	-0.01223	0.65753	0.00368	1	0.05413	-0.01640	0.66471	0.00377	1	1.45898	0.81042	0	
1230503	8300.51562	3303804747793	0.29834	0.51351	8300.28027	0.23535	10778	1	0.33316	0.57282	1	0.30930	0.47240	1	0.32123	0.52261	1	0.44546	0.55300	13.80687	1.03438	1	0.70932	0.57242	13.82193	1.03438	1	-0.01257	-0.01223	0.65753	0.00367	1	0.05413	-0.01640	0.66471	0.00375	1	1.45898	0.81042	0	
1230504	8300.52246	3303804815398	0.29861	0.51327	8300.28027	0.24219	10778	1	0.31952	0.54991	1	0.29742	0.45956	1	0.30847	0.50474	1	0.44531	0.55275	13.79163	1.03438	1	0.70949	0.57244	13.76303	1.03438	1	-0.01257	-0.01223	0.65753	0.00377	1	0.05413	-0.01640	0.66471	0.00376	1	1.45898	0.81042	0	
1230505	8300.52832	3303804882644	0.29874	0.51365	8300.28027	0.24805	10778	1	0.32477	0.58834	1	0.28182	0.46667	1	0.30330	0.52751	1	0.44534	0.55321	13.95821	1.03438	1	0.70918	0.57243	13.38144	1.03438	1	-0.01257	-0.01223	0.65753	0.00366	1	0.05413	-0.01640	0.66471	0.00393	1	1.45898	0.81042	0	
1230506	8300.53516	3303804949715	0.29885	0.51400	8300.28027	0.25488	10778	1	0.32477	0.58834	1	0.28182	0.46667	1	0.30330	0.52751	1	0.44472	0.55257	13.02912	1.03438	1	0.70924	0.57224	13.28077	1.03438	1	-0.01257	-0.01223	0.65753	0.00373	1	0.05413	-0.01640	0.66471	0.00399	1	1.45898	0.81042	0	
1230507	8300.54199	3303805016672	0.29863	0.51349	8300.28027	0.26172	10778	1	0.30853	0.53298	1	0.27169	0.45435	1	0.29011	0.49366	1	0.44470	0.55269	12.77268	1.03438	1	0.70899	0.57236	13.34899	1.03438	1	-0.01257	-0.01223	0.65753	0.00372	1	0.05413	-0.01640	0.66471	0.00393	1	1.45898	0.81042	0	
1230508	8300.54883	3303805083620	0.29846	0.51365	8300.28027	0.26855	10778	1	0.30265	0.56471	1	0.28004	0.47480	1	0.29135	0.51976	1	0.44468	0.55282	13.25963	1.03438	1	0.70918	0.57243	13.38144	1.03438	1	-0.01257	-0.01223	0.65753	0.00378	1	0.05413	-0.01640	0.66471	0.00392	1	1.45898	0.81042	0	
1230509	8300.55566	3303805150363	0.29829	0.51379	8300.28027	0.27539	10778	1	0.30265	0.56471	1	0.28004	0.47480	1	0.29135	0.51976	1	0.44470	0.55186	13.37284	1.03438	1	0.70934	0.57226	13.72988	1.03438	1	-0.01257	-0.01223	0.65753	0.00386	1	0.05413	-0.01640	0.66471	0.00399	1	1.45898	0.81042	0	
1230510	8300.56250	3303805217376	0.29807	0.51311	8300.28027	0.28223	10778	1	0.28375	0.54154	1	0.29456	0.42732	1	0.28915	0.48443	1	0.44472	0.55257	13.02912	1.03438	1	0.70938	0.57207	13.65999	1.03438	1	-0.01257	-0.01223	0.65753	0.00373	1	0.05413	-0.01640	0.66471	0.00401	1	1.45898	0.81042	0	
1230511	8300.56934	3303805284228	0.29787	0.51334	8300.28027	0.28906	10778	1	0.28620	0.55390	1	0.29203	0.49243	1	0.28911	0.52317	1	0.44480	0.55281	13.17337	1.03438	1	0.70932	0.57277	13.56467	1.03438	1	-0.01257	-0.01223	0.65753	0.00365	1	0.05413	-0.01640	0.66471	0.00368	1	1.45898	0.81042	0	
1230512	8300.57520	3303805351393	0.29768	0.51356	8300.28027	0.29492	10778	1	0.28620	0.55390	1	0.29203	0.49243	1	0.28911	0.52317	1	0.44477	0.55309	13.40284	1.03438	1	0.70931	0.57273	13.52980	1.03438	1	-0.01257	-0.01223	0.65753	0.00358	1	0.05413	-0.01640	0.66471	0.00372	1	1.45898	0.81042	0	
1230513	8300.58203	3303805418148	0.29767	0.51337	8300.28027	0.30176	10778	1	0.31380	0.53823	1	0.28063	0.47200	1	0.29721	0.50512	1	0.44525	0.55263	13.56779	1.03438	1	0.70920	0.57249	13.42809	1.03438	1	-0.01257	-0.01223	0.65753	0.00382	1	0.05413	-0.01640	0.66471	0.00386	1	1.45898	0.81042	0	
1230514	8300.58887	3303805484065	0.29776	0.51369	8300.28027	0.30859	10778	1	0.31637	0.58707	1	0.28823	0.46953	1	0.30230	0.52830	1	0.44530	0.55325	13.60793	1.03438	1	0.70890	0.57185	13.00636	1.03438	1	-0.01257	-0.01223	0.65753	0.00375	1	0.05413	-0.01640	0.66471	0.00378	1	1.45898	0.81042	0	
1230515	8300.59570	3303805550481	0.29787	0.51405	8300.28027	0.31543	10778	1	0.31637	0.58707	1	0.28928	0.47485	1	0.30282	0.53096	1	0.44480	0.55269	13.31828	1.03438	1	0.70849	0.57204	13.50160	1.02672	1	-0.01270	-0.01226	0.65903	0.00388	1	0.05420	-0.01644	0.66628	0.00385	1	1.45898	0.81042	0	
1230516	8300.60254	3303805618718	0.29794	0.51450	8300.28027	0.32227	10778	1	0.29701	0.53241	1	0.26119	0.50195	1	0.27910	0.51718	1	0.44440	0.55251	13.47890	1.02672	1	0.70839	0.57215	13.86776	1.01906	1	-0.01270	-0.01226	0.65903	0.00384	1	0.05420	-0.01644	0.66628	0.00388	1	1.45898	0.81042	0	
1230517	8300.60938	3303805685860	0.29794	0.51457	8300.28027	0.32910	10778	1	0.32060	0.57664	1	0.26733	0.52608	1	0.29397	0.55136	1	0.44479	0.55281	13.52707	1.01906	1	0.70855	0.57245	14.03441	1.01140	1	-0.01270	-0.01226	0.65903	0.00398	1	0.05420	-0.01644	0.66628	0.00369	1	1.45898	0.81042	0	
1230518	8300.61621	3303805752816	0.29790	0.51452	8300.28027	0.33594	10778	1	0.32050	0.57643	1	0.26728	0.52585	1	0.29389	0.55114	1	0.44512	0.55258	12.85314	1.01942	1	0.70844	0.57212	13.99766	1.01176	1	-0.01298	-0.01257	0.67599	0.00375	1	0.05420	-0.01644	0.66628	0.00361	1	1.45898	0.81042	0	
1230519	8300.62207	3303805819947	0.29729	0.51262	8300.28027	0.34180	10778	1	0.26539	0.38530	1	0.25392	0.51606	1	0.25965	0.45068	1	0.44380	0.55049	12.50435	1.01978	1	0.70840	0.57254	13.87560	1.01978	1	-0.01298	-0.01257	0.67599	0.00262	1	0.05420	-0.01644	0.66628	0.00364	1	1.45898	0.81042	0	
1230520	8300.62891	3303805884116	0.29629	0.51053	8300.28027	0.34863	10778	1	0.24482	0.36293	1	0.24992	0.49230	1	0.24737	0.42762	1	0.44375	0.55040	11.93839	1.02780	1	0.70828	0.57223	13.79140	1.02780	1	-0.01298	-0.01257	0.67599	0.00268	1	0.05420	-0.01644	0.66628	0.00385	1	1.45898	0.81042	0	
1230521	8300.63574	3303805949120	0.29527	0.50835	8300.28027	0.35547	10778	1	0.24482	0.36293	1	0.24992	0.49230	1	0.24737	0.42762	1	0.44530	0.55268	13.00500	1.02780	1	0.70863	0.57231	13.56187	1.02780	1	-0.01257	-0.01223	0.65753	0.00373	1	0.05420	-0.01644	0.66628	0.00371	1	1.45898	0.81042	0	
1230522	8300.64258	3303806017912	0.29537	0.50811	8300.28027	0.36230	10778	1	0.34359	0.55500	1	0.27230	0.47156	1	0.30795	0.51328	1	0.44521	0.55273	13.25796	1.01978	1	0.70857	0.57201	13.42874	1.01978	1	-0.01257	-0.01223	0.65753	0.00377	1	0.05420	-0.01644	0.66628	0.00379	1	1.45898	0.81042	0	
1230523	8300.64941	3303806085407	0.29482	0.50774	8300.28027	0.36914	10778	1	0.32130	0.57554	1	0.24933	0.46460	1	0.28531	0.52007	1	0.44516	0.55286	13.22229	1.01176	1	0.70847	0.57175	13.42384	1.01176	1	-0.01257	-0.01223	0.65753	0.00376	1	0.05420	-0.01644	0.66628	0.00387	1	1.45898	0.81042	0	
1230524	8300.65527	3303806151131	0.29431	0.50753	8300.28027	0.37500	10778	1	0.32365	0.58039	1	0.25075	0.47031	1	0.28720	0.52535	1	0.44401	0.55067	12.34030	1.00375	1	0.70835	0.57164	13.39420	1.00375	1	-0.01257	-0.01223	0.65753	0.00262	1	0.05420	-0.01644	0.66628	0.00393	1	1.45898	0.81042	0	
1230525	8300.66309	3303806221738	0.29398	0.50678	8300.28027	0.38281	10778	1	0.31177	0.57877	1	0.23376	0.42076	1	0.27277	0.49976	1	0.44506	0.55291	13.06781	1.00375	1	0.70828	0.57183	13.43610	1.00375	1	-0.01257	-0.01223	0.65753	0.00380	1	0.05420	-0.01644	0.66628	0.00390	1	1.45898	0.81042	0	
1230526	8300.66895	3303806284402	0.29364	0.50597	8300.28027	0.38867	10778	1	0.30234	0.54923	1	0.25055	0.44066	1	0.27644	0.49495	1	0.44485	0.55251	12.89384	1.00375	1	0.70857	0.57205	13.56899	1.00375	1	-0.01257	-0.01223	0.65753	0.00398	1	0.05420	-0.01644	0.66628	0.00373	1	1.45898	0.81042	0	
1230527	8300.67578	3303806354250	0.29340	0.50541	8300.28027	0.39551	10778	1	0.30234	0.54923	1	0.24919	0.43499	1	0.27576	0.49211	1	0.44384	0.55050	11.92575	1.00375	1	0.70844	0.57226	13.51160	1.01140	1	-0.01257	-0.01223	0.65753	0.00266	1	0.05413	-0.01640	0.66471	0.00368	1	1.45898	0.81042	0	
1230528	8300.68262	3303806423520	0.29341	0.50516	8300.28027	0.40234	10778	1	0.31999	0.53286	1	0.24355	0.45431	1	0.28177	0.49358	1	0.44521	0.55244	12.15420	1.01140	1	0.70846	0.57224	13.63764	1.01906	1	-0.01257	-0.01223	0.65753	0.00379	1	0.05413	-0.01640	0.66471	0.00367	1	1.45898	0.81042	0	
1230529	8300.68945	3303806490238	0.29309	0.50519	8300.28027	0.40918	10778	1	0.31079	0.50577	1	0.24368	0.47727	1	0.27724	0.49152	1	0.44510	0.55208	12.16986	1.01906	1	0.70855	0.57235	13.46458	1.02672	1	-0.01257	-0.01223	0.65753	0.00395	1	0.05413	-0.01640	0.66471	0.00376	1	1.45898	0.81042	0	
1230530	8300.69629	3303806554698	0.27466	0.48564	8300.28027	0.40918	10778	0	0.31064	0.50541	1	0.24358	0.47690	1	0.27711	0.49116	1	0.44501	0.55222	12.41411	1.01960	1	0.70853	0.57209	13.46662	1.02726	1	-0.01243	-0.01214	0.65275	0.00391	1	0.05413	-0.01640	0.66471	0.00370	1	1.45898	0.81042	0	
1230531	8300.70312	3303806624281	0.27283	0.50041	8300.28027	0.40918	10778	0	0.30454	0.58445	1	0.23745	0.44592	1	0.27099	0.51518	1	0.44509	0.55289	12.64396	1.02013	1	0.70837	0.57215	13.37838	1.02013	1	-0.01243	-0.01214	0.65275	0.00379	1	0.05413	-0.01640	0.66471	0.00376	1	1.45898	0.81042	0	
1230532	8300.70996	3303806691101	0.26480	0.47431	8300.28027	0.40918	10778	0	0.25428	0.37748	1	0.24320	0.46674	1	0.24874	0.42211	1	0.44410	0.55052	12.18591	1.01301	1	0.70849	0.57239	13.49265	1.01301	1	-0.01243	-0.01214	0.65275	0.00252	1	0.05413	-0.01640	0.66471	0.00376	1	1.45898	0.81042	0	
1230533	8300.71582	3303806757729	0.26125	0.46261	8300.69629	0.01953	10779	1	0.25672	0.38324	1	0.24450	0.47179	1	0.25061	0.42752	1	0.44416	0.55056	11.86203	1.00588	1	0.70851	0.57243	13.53411	1.00588	1	-0.01243	-0.01214	0.65275	0.00258	1	0.05413	-0.01640	0.66471	0.00372	1	1.45898	0.81042	0	
1230534	8300.72266	3303806825249	0.26724	0.47193	8300.69629	0.02637	10779	1	0.31840	0.56152	1	0.26403	0.45686	1	0.29121	0.50919	1	0.44512	0.55259	12.52774	1.00588	1	0.70872	0.57225	13.33657	1.00588	1	-0.01243	-0.01214	0.65275	0.00393	1	0.05413	-0.01640	0.66471	0.00373	1	1.45898	0.81042	0	
1230535	8300.72949	3303806888724	0.26489	0.46298	8300.69629	0.03320	10779	1	0.25960	0.37856	1	0.24670	0.45793	1	0.25315	0.41824	1	0.44422	0.55036	11.67979	1.00588	1	0.70857	0.57238	13.24755	1.00588	1	-0.01243	-0.01214	0.65275	0.00262	1	0.05413	-0.01640	0.66471	0.00373	1	1.45898	0.81042	0	
1230536	8300.73633	3303806959053	0.26295	0.45581	8300.69629	0.04004	10779	1	0.25718	0.37278	1	0.24541	0.45278	1	0.25130	0.41278	1	0.44421	0.55038	11.64427	1.01301	1	0.70859	0.57237	13.27759	1.01301	1	-0.01257	-0.01223	0.65753	0.00260	1	0.05413	-0.01640	0.66471	0.00373	1	1.45898	0.81042	0	
1230537	8300.74316	3303807025922	0.26555	0.46120	8300.69629	0.04688	10779	1	0.30201	0.55395	1	0.26543	0.44387	1	0.28372	0.49891	1	0.44496	0.55268	12.33748	1.02013	1	0.70887	0.57219	12.84957	1.02013	1	-0.01257	-0.01223	0.65753	0.00392	1	0.05413	-0.01640	0.66471	0.00381	1	1.45898	0.81042	0	
1230538	8300.75000	3303807091337	0.26316	0.45526	8300.69629	0.05371	10779	1	0.24367	0.38037	1	0.24439	0.43513	1	0.24403	0.40775	1	0.44406	0.55048	11.59799	1.02726	1	0.70851	0.57204	13.14730	1.02726	1	-0.01257	-0.01223	0.65753	0.00258	1	0.05413	-0.01640	0.66471	0.00389	1	1.45898	0.81042	0	
1230539	8300.75684	3303807159644	0.26106	0.44997	8300.69629	0.06055	10779	1	0.24121	0.37472	1	0.24312	0.42994	1	0.24217	0.40233	1	0.44402	0.55046	11.57178	1.03438	1	0.70884	0.57228	12.87934	1.03438	1	-0.01257	-0.01223	0.65753	0.00257	1	0.05413	-0.01640	0.66471	0.00360	1	1.45898	0.81042	0	
1230540	8300.76270	3303807226587	0.26075	0.44621	8300.69629	0.06641	10779	1	0.24556	0.36065	1	0.26972	0.45673	1	0.25764	0.40869	1	0.44402	0.55046	11.57178	1.03438	1	0.70898	0.57238	12.93742	1.03438	1	-0.01257	-0.01223	0.65753	0.00257	1	0.05413	-0.01640	0.66471	0.00364	1	1.45898	0.81042	0	
1230541	8300.76953	3303807293404	0.26260	0.44973	8300.69629	0.07324	10779	1	0.30218	0.52557	1	0.26372	0.45124	1	0.28295	0.48840	1	0.44502	0.55240	12.41519	1.03438	1	0.70891	0.57233	12.88287	1.03438	1	-0.01257	-0.01223	0.65753	0.00394	1	0.05413	-0.01640	0.66471	0.00371	1	1.45898	0.81042	0	
1230542	8300.77637	3303807358852	0.26416	0.45270	8300.69629	0.08008	10779	1	0.30218	0.52557	1	0.26372	0.45124	1	0.28295	0.48840	1	0.44411	0.55058	11.91502	1.03438	1	0.70889	0.57252	12.97409	1.03438	1	-0.01257	-0.01223	0.65753	0.00256	1	0.05413	-0.01640	0.66471	0.00365	1	1.45898	0.81042	0	
1230543	8300.78320	3303807427840	0.26283	0.45110	8300.69629	0.08691	10779	1	0.22568	0.36577	1	0.26534	0.49463	1	0.24551	0.43020	1	0.44426	0.55044	11.96076	1.03438	1	0.70892	0.57290	12.97556	1.03438	1	-0.01257	-0.01223	0.65753	0.00262	1	0.05413	-0.01640	0.66471	0.00367	1	1.45898	0.81042	0	
1230544	8300.79004	3303807494867	0.26096	0.44861	8300.69629	0.09375	10779	1	0.23114	0.31729	1	0.23844	0.51048	1	0.23479	0.41388	1	0.44427	0.55052	11.56750	1.03438	1	0.70883	0.57310	13.44569	1.03438	1	-0.01257	-0.01223	0.65753	0.00261	1	0.05413	-0.01640	0.66471	0.00368	1	1.45898	0.81042	0	
1230545	8300.79688	3303807562416	0.25933	0.44644	8300.69629	0.10059	10779	1	0.23114	0.31729	1	0.23844	0.51048	1	0.23479	0.41388	1	0.44465	0.55039	11.79628	1.03438	1	0.70930	0.57297	13.34888	1.03438	1	-0.01257	-0.01218	0.65753	0.00259	1	0.05413	-0.01640	0.66471	0.00361	1	1.45898	0.81042	0	
1230546	8300.80371	3303807628499	0.26048	0.44575	8300.69629	0.10742	10779	1	0.25013	0.36199	1	0.30762	0.50725	1	0.27888	0.43462	1	0.44460	0.55048	11.71321	1.03438	1	0.70955	0.57295	12.81938	1.03438	1	-0.01257	-0.01218	0.65753	0.00256	1	0.05413	-0.01640	0.66471	0.00365	1	1.45898	0.81042	0	
1230547	8300.80957	3303807695195	0.26095	0.44427	8300.69629	0.11328	10779	1	0.25590	0.35849	1	0.28216	0.47970	1	0.26903	0.41910	1	0.44470	0.55051	11.61539	1.03438	1	0.70913	0.57257	13.09759	1.03438	1	-0.01257	-0.01218	0.65753	0.00247	1	0.05413	-0.01640	0.66471	0.00364	1	1.45898	0.81042	0	
1230548	8300.81641	3303807762516	0.26138	0.44294	8300.69629	0.12012	10779	1	0.25590	0.35849	1	0.28216	0.47970	1	0.26903	0.41910	1	0.44459	0.55049	11.75791	1.03438	1	0.70910	0.57275	12.99762	1.03438	1	-0.01257	-0.01218	0.65753	0.00263	1	0.05413	-0.01645	0.66471	0.00358	1	1.45898	0.81042	0	
1230549	8300.82324	3303807829553	0.26182	0.44079	8300.69629	0.12695	10779	1	0.26901	0.32274	1	0.27148	0.47690	1	0.27025	0.39982	1	0.44456	0.55052	11.67639	1.03438	1	0.70902	0.57258	12.96434	1.03438	1	-0.01257	-0.01218	0.65753	0.00264	1	0.05413	-0.01645	0.66471	0.00354	1	1.45898	0.81042	0	
1230550	8300.83008	3303807896674	0.26261	0.44008	8300.69629	0.13379	10779	1	0.28336	0.36330	1	0.27338	0.48850	1	0.27837	0.42590	1	0.44462	0.55050	11.63244	1.03438	1	0.70900	0.57280	13.24346	1.03438	1	-0.01257	-0.01218	0.65753	0.00263	1	0.05413	-0.01645	0.66471	0.00352	1	1.45898	0.81042	0	
1230551	8300.83691	3303807962842	0.26332	0.43943	8300.69629	0.14062	10779	1	0.28336	0.36330	1	0.27338	0.48850	1	0.27837	0.42590	1	0.44452	0.55045	11.64200	1.03438	1	0.70903	0.57248	12.77228	1.03438	1	-0.01257	-0.01218	0.65753	0.00259	1	0.05413	-0.01640	0.66471	0.00361	1	1.45898	0.81042	0	
1230552	8300.84277	3303808026498	0.26366	0.43855	8300.69629	0.14648	10779	1	0.26900	0.38785	1	0.27286	0.45026	1	0.27093	0.41905	1	0.44443	0.55066	11.36423	1.03438	1	0.70903	0.57239	12.59617	1.03438	1	-0.01257	-0.01218	0.65753	0.00256	1	0.05413	-0.01640	0.66471	0.00365	1	1.45898	0.81042	0	
1230553	8300.84961	3303808094727	0.26425	0.43796	8300.69629	0.15332	10779	1	0.28928	0.35715	1	0.26656	0.49172	1	0.27792	0.42443	1	0.44452	0.55045	11.64200	1.03438	1	0.70888	0.57280	13.25890	1.03438	1	-0.01257	-0.01218	0.65753	0.00259	1	0.05413	-0.01640	0.66471	0.00359	1	1.45898	0.81042	0	
1230554	8300.85645	3303808160842	0.26482	0.43752	8300.69629	0.16016	10779	1	0.28928	0.35715	1	0.26777	0.49687	1	0.27853	0.42701	1	0.44421	0.55064	11.53670	1.03438	1	0.70883	0.57299	13.31199	1.02672	1	-0.01257	-0.01223	0.65753	0.00247	1	0.05420	-0.01644	0.66628	0.00353	1	1.45898	0.81042	0	
1230555	8300.86328	3303808227517	0.26529	0.43681	8300.69629	0.16699	10779	1	0.27962	0.32825	1	0.27423	0.50969	1	0.27692	0.41897	1	0.44422	0.55055	11.33594	1.02672	1	0.70897	0.57284	13.12939	1.01906	1	-0.01257	-0.01223	0.65753	0.00251	1	0.05420	-0.01644	0.66628	0.00349	1	1.45898	0.81042	0	
1230556	8300.87012	3303808295713	0.26594	0.43648	8300.69629	0.17383	10779	1	0.27124	0.34246	1	0.29457	0.51342	1	0.28291	0.42794	1	0.44409	0.55062	11.30768	1.01906	1	0.70898	0.57273	12.80188	1.01140	1	-0.01257	-0.01223	0.65753	0.00254	1	0.05420	-0.01644	0.66628	0.00359	1	1.45898	0.81042	0	
1230557	8300.87695	3303808364924	0.26667	0.43657	8300.69629	0.18066	10779	1	0.27602	0.35482	1	0.29657	0.52330	1	0.28629	0.43906	1	0.44420	0.55067	11.13879	1.00428	1	0.70887	0.57293	13.37885	0.99662	1	-0.01235	-0.01202	0.64353	0.00251	1	0.05420	-0.01644	0.66628	0.00356	1	1.45898	0.81042	0	
1230558	8300.88379	3303808429399	0.26721	0.43703	8300.69629	0.18750	10779	1	0.28296	0.37295	1	0.28202	0.52665	1	0.28249	0.44980	1	0.44417	0.55062	11.29319	0.98949	1	0.70879	0.57286	13.26770	0.98949	1	-0.01235	-0.01202	0.64353	0.00250	1	0.05420	-0.01644	0.66628	0.00355	1	1.45898	0.81042	0	
1230559	8300.89062	3303808497449	0.26754	0.43818	8300.69629	0.19434	10779	1	0.27537	0.39039	1	0.27894	0.55298	1	0.27715	0.47168	1	0.44396	0.55066	11.40540	0.98237	1	0.70867	0.57309	12.97509	0.98237	1	-0.01235	-0.01202	0.64353	0.00263	1	0.05420	-0.01644	0.66628	0.00354	1	1.45898	0.81042	0	
1230560	8300.89648	3303808561908	0.26789	0.43935	8300.69629	0.20020	10779	1	0.27775	0.39621	1	0.27885	0.55263	1	0.27830	0.47442	1	0.44386	0.55073	11.35037	0.97524	1	0.70878	0.57281	12.58381	0.98290	1	-0.01235	-0.01202	0.64353	0.00265	1	0.05543	-0.01683	0.68193	0.00359	1	1.45898	0.81042	0	
1230561	8300.90332	3303808630095	0.26818	0.44015	8300.69629	0.20703	10779	1	0.26396	0.39890	1	0.29020	0.53062	1	0.27708	0.46476	1	0.44388	0.55083	11.05889	0.98290	1	0.70889	0.57292	12.85689	0.99056	1	-0.01235	-0.01202	0.64353	0.00254	1	0.05543	-0.01683	0.68193	0.00357	1	1.45898	0.81042	0	
1230562	8300.91016	3303808700224	0.26860	0.44042	8300.69629	0.21387	10779	1	0.27697	0.36305	1	0.28727	0.53553	1	0.28212	0.44929	1	0.44404	0.55060	11.41265	0.99056	1	0.70885	0.57291	12.63890	0.99822	1	-0.01235	-0.01202	0.64353	0.00246	1	0.05543	-0.01683	0.68193	0.00360	1	1.45898	0.81042	0	
1230563	8300.91699	3303808764402	0.26888	0.44028	8300.69629	0.22070	10779	1	0.27213	0.35064	1	0.28390	0.52016	1	0.27801	0.43540	1	0.44400	0.55061	11.28562	1.00535	1	0.70865	0.57308	13.26581	1.02169	1	-0.01298	-0.01258	0.67354	0.00259	1	0.05596	-0.01700	0.68911	0.00366	1	1.45898	0.81042	0	
1230564	8300.92383	3303808833981	0.26882	0.43992	8300.69629	0.22754	10779	1	0.26710	0.34403	1	0.26703	0.51185	1	0.26707	0.42794	1	0.44398	0.55062	11.33977	1.02881	1	0.70860	0.57297	13.24325	1.03749	1	-0.01298	-0.01258	0.67354	0.00250	1	0.05596	-0.01700	0.68911	0.00370	1	1.45898	0.81042	0	
1230565	8300.93066	3303808901146	0.26850	0.43892	8300.69629	0.23438	10779	1	0.24774	0.33258	1	0.26654	0.47520	1	0.25714	0.40389	1	0.44387	0.55069	11.18627	1.04462	1	0.70857	0.57283	13.00277	1.05330	1	-0.01298	-0.01258	0.67354	0.00245	1	0.05596	-0.01700	0.68911	0.00371	1	1.45898	0.81042	0	
1230566	8300.93750	3303808968160	0.26811	0.43773	8300.69629	0.24121	10779	1	0.24247	0.31950	1	0.26543	0.47039	1	0.25395	0.39494	1	0.44386	0.55077	11.17678	1.06042	1	0.70868	0.57305	13.17726	1.06042	1	-0.01288	-0.01238	0.66306	0.00248	1	0.05543	-0.01686	0.68318	0.00365	1	1.45898	0.81042	0	
1230567	8300.94434	3303809035212	0.26793	0.43653	8300.69629	0.24805	10779	1	0.24805	0.31781	1	0.27486	0.46585	1	0.26145	0.39183	1	0.44392	0.55076	11.11834	1.06042	1	0.70875	0.57265	12.60701	1.05174	1	-0.01288	-0.01238	0.66306	0.00255	1	0.05543	-0.01686	0.68318	0.00386	1	1.45898	0.81042	0	
1230568	8300.95020	3303809101896	0.26790	0.43577	8300.69629	0.25391	10779	1	0.26071	0.35751	1	0.27248	0.45686	1	0.26660	0.40719	1	0.44388	0.55094	11.45857	1.05174	1	0.70875	0.57265	12.60701	1.04306	1	-0.01288	-0.01238	0.66306	0.00254	1	0.05543	-0.01686	0.68318	0.00386	1	1.45898	0.81042	0	
1230569	8300.95703	3303809169213	0.26787	0.43507	8300.69629	0.26074	10779	1	0.26093	0.35804	1	0.27258	0.45733	1	0.26675	0.40768	1	0.44377	0.55087	11.41240	1.05108	1	0.70858	0.57278	12.98545	1.04240	1	-0.01300	-0.01255	0.67187	0.00251	1	0.05543	-0.01686	0.68318	0.00382	1	1.45898	0.81042	0	
1230570	8300.96387	3303809236179	0.26815	0.43456	8300.69629	0.26758	10779	1	0.24904	0.33222	1	0.30970	0.49639	1	0.27937	0.41431	1	0.44390	0.55072	11.25780	1.05042	1	0.70891	0.57306	12.78855	1.05042	1	-0.01300	-0.01255	0.67187	0.00252	1	0.05543	-0.01686	0.68318	0.00367	1	1.45898	0.81042	0	
1230571	8300.97070	3303809303026	0.26830	0.43389	8300.69629	0.27441	10779	1	0.24892	0.33373	1	0.30006	0.47862	1	0.27449	0.40618	1	0.44392	0.55083	11.57844	1.05843	1	0.70879	0.57264	12.55082	1.05843	1	-0.01300	-0.01255	0.67187	0.00249	1	0.05543	-0.01686	0.68318	0.00389	1	1.45898	0.81042	0	
1230572	8300.97754	3303809369821	0.26840	0.43311	8300.69629	0.28125	10779	1	0.24629	0.32719	1	0.29908	0.47324	1	0.27268	0.40022	1	0.44393	0.55071	11.27943	1.06645	1	0.70875	0.57309	13.15571	1.06645	1	-0.01300	-0.01255	0.67187	0.00252	1	0.05543	-0.01686	0.68318	0.00368	1	1.45898	0.81042	0	
1230573	8300.98438	3303809437047	0.26788	0.43234	8300.69629	0.28809	10779	1	0.24571	0.32790	1	0.24534	0.47058	1	0.24552	0.39924	1	0.44392	0.55083	11.57844	1.06645	1	0.70829	0.57268	13.06442	1.06645	1	-0.01300	-0.01255	0.67187	0.00249	1	0.05543	-0.01686	0.68318	0.00351	1	1.45898	0.81042	0	
1230574	8300.99121	3303809503411	0.26770	0.43145	8300.69629	0.29492	10779	1	0.24136	0.30822	1	0.27791	0.47683	1	0.25963	0.39252	1	0.44382	0.55071	11.16619	1.06645	1	0.70875	0.57301	13.10134	1.06645	1	-0.01300	-0.01255	0.67187	0.00249	1	0.05543	-0.01686	0.68318	0.00370	1	1.45898	0.81042	0	
1230575	8300.99707	3303809567645	0.26385	0.40371	8300.69629	0.29492	10779	0	0.24402	0.31490	1	0.27905	0.48217	1	0.26153	0.39854	1	0.44373	0.55078	11.06928	1.05843	1	0.70826	0.57322	13.24636	1.05843	1	-0.01288	-0.01238	0.66306	0.00259	1	0.05543	-0.01686	0.68318	0.00361	1	1.45898	0.81042	0	
1230576	8301.00391	3303809633383	0.25082	0.39604	8300.69629	0.29492	10779	0	0.23406	0.34132	1	0.24151	0.43543	1	0.23779	0.38837	1	0.44356	0.55076	10.95878	1.05042	1	0.70814	0.57225	12.93298	1.05042	1	-0.01288	-0.01238	0.66306	0.00273	1	0.05543	-0.01686	0.68318	0.00397	1	1.45898	0.81042	0	
1230577	8301.01074	3303809701984	0.25202	0.39278	8300.69629	0.29492	10779	0	0.24247	0.33739	1	0.26638	0.43510	1	0.25442	0.38625	1	0.44376	0.55077	11.11831	1.04240	1	0.70852	0.57229	12.17033	1.04240	1	-0.01288	-0.01238	0.66306	0.00255	1	0.05543	-0.01686	0.68318	0.00395	1	1.45898	0.81042	0	
1230578	8301.01758	3303809769503	0.25312	0.39269	8300.99707	0.02051	10780	1	0.24519	0.34401	1	0.26763	0.44088	1	0.25641	0.39244	1	0.44382	0.55079	11.23213	1.03438	1	0.70827	0.57316	13.20724	1.03438	1	-0.01288	-0.01238	0.66306	0.00257	1	0.05543	-0.01686	0.68318	0.00361	1	1.45898	0.81042	0	
1230579	8301.02441	3303809836770	0.25617	0.40141	8300.99707	0.02734	10780	1	0.27017	0.35117	1	0.26665	0.52136	1	0.26841	0.43626	1	0.44370	0.55097	11.42118	1.03438	1	0.70819	0.57318	13.07264	1.03438	1	-0.01288	-0.01238	0.66306	0.00245	1	0.05543	-0.01686	0.68318	0.00365	1	1.45898	0.81042	0	
1230580	8301.03027	3303809901376	0.25948	0.40509	8300.99707	0.03320	10780	1	0.28376	0.32763	1	0.26821	0.51934	1	0.27598	0.42349	1	0.44398	0.55063	11.27414	1.03438	1	0.70825	0.57309	13.15310	1.03438	1	-0.01288	-0.01238	0.66306	0.00262	1	0.05543	-0.01686	0.68318	0.00365	1	1.45898	0.81042	0	
1230581	8301.03711	3303809968564	0.26183	0.40772	8300.99707	0.04004	10780	1	0.28376	0.32763	1	0.26821	0.51934	1	0.27598	0.42349	1	0.44369	0.55049	11.61106	1.03438	1	0.70822	0.57309	13.14591	1.03438	1	-0.01281	-0.01227	0.65981	0.00261	1	0.05543	-0.01686	0.68318	0.00366	1	1.45898	0.81042	0	
1230582	8301.04395	3303810036989	0.26035	0.41085	8300.99707	0.04688	10780	1	0.26021	0.34619	1	0.23964	0.51942	1	0.24992	0.43280	1	0.44354	0.55075	11.32268	1.03438	1	0.70812	0.57311	13.23316	1.03438	1	-0.01281	-0.01227	0.65981	0.00252	1	0.05543	-0.01686	0.68318	0.00364	1	1.45898	0.81042	0	
1230583	8301.05078	3303810103970	0.26067	0.41267	8300.99707	0.05371	10780	1	0.25822	0.33510	1	0.26821	0.51934	1	0.26322	0.42722	1	0.44373	0.55073	11.17378	1.03438	1	0.70826	0.57308	13.15432	1.03438	1	-0.01281	-0.01227	0.65981	0.00257	1	0.05543	-0.01686	0.68318	0.00366	1	1.45898	0.81042	0	
1230584	8301.05762	3303810169921	0.26092	0.41413	8300.99707	0.06055	10780	1	0.25822	0.33510	1	0.26821	0.51934	1	0.26322	0.42722	1	0.44356	0.55062	11.22535	1.03438	1	0.70825	0.57316	13.08864	1.03438	1	-0.01281	-0.01227	0.65981	0.00242	1	0.05543	-0.01686	0.68318	0.00361	1	1.45898	0.81042	0	
1230585	8301.06445	3303810237387	0.26152	0.41418	8300.99707	0.06738	10780	1	0.26573	0.32002	1	0.26926	0.50944	1	0.26750	0.41473	1	0.44348	0.55053	11.69894	1.03438	1	0.70818	0.57307	13.17308	1.03438	1	-0.01281	-0.01227	0.65981	0.00247	1	0.05543	-0.01686	0.68318	0.00361	1	1.45898	0.81042	0	
1230586	8301.07129	3303810306631	0.26244	0.41582	8300.99707	0.07422	10780	1	0.27923	0.33713	1	0.26587	0.53061	1	0.27255	0.43387	1	0.44350	0.55065	11.40755	1.03438	1	0.70818	0.57319	12.98178	1.03438	1	-0.01281	-0.01227	0.65981	0.00245	1	0.05543	-0.01686	0.68318	0.00363	1	1.45898	0.81042	0	
1230587	8301.07812	3303810372234	0.26334	0.41761	8300.99707	0.08105	10780	1	0.28145	0.34304	1	0.26700	0.53514	1	0.27423	0.43909	1	0.44350	0.55065	11.40755	1.02726	1	0.70810	0.57313	13.10548	1.02726	1	-0.01251	-0.01194	0.64168	0.00245	1	0.05543	-0.01686	0.68318	0.00362	1	1.45898	0.81042	0	
1230588	8301.08496	3303810441522	0.26384	0.41896	8300.99707	0.08789	10780	1	0.27480	0.35417	1	0.26564	0.51879	1	0.27022	0.43648	1	0.44339	0.55066	11.12244	1.02013	1	0.70809	0.57294	13.23694	1.02013	1	-0.01251	-0.01194	0.64168	0.00252	1	0.05543	-0.01686	0.68318	0.00370	1	1.45898	0.81042	0	
1230589	8301.09180	3303810508756	0.26507	0.42039	8300.99707	0.09473	10780	1	0.29349	0.38617	1	0.27118	0.49467	1	0.28233	0.44042	1	0.44343	0.55049	11.23501	1.01301	1	0.70821	0.57279	13.00475	1.01301	1	-0.01251	-0.01194	0.64168	0.00242	1	0.05543	-0.01686	0.68318	0.00352	1	1.45898	0.81042	0	
1230590	8301.09766	3303810575681	0.26625	0.42197	8300.99707	0.10059	10780	1	0.29568	0.39184	1	0.27229	0.49954	1	0.28399	0.44569	1	0.44331	0.55057	11.22476	1.00588	1	0.70815	0.57274	13.12576	1.00588	1	-0.01251	-0.01184	0.64168	0.00248	1	0.05543	-0.01686	0.68318	0.00354	1	1.45898	0.81042	0	
1230591	8301.10449	3303810642759	0.26639	0.42331	8300.99707	0.10742	10780	1	0.26609	0.38918	1	0.27103	0.50048	1	0.26856	0.44483	1	0.44317	0.55060	11.34297	1.00588	1	0.70814	0.57263	13.02421	1.00588	1	-0.01251	-0.01184	0.64168	0.00257	1	0.05543	-0.01686	0.68318	0.00363	1	1.45898	0.81042	0	
1230592	8301.11133	3303810709658	0.26789	0.42476	8300.99707	0.11426	10780	1	0.28960	0.40206	1	0.29738	0.49661	1	0.29349	0.44933	1	0.44345	0.55061	11.18233	1.00588	1	0.70818	0.57251	12.96914	1.00588	1	-0.01251	-0.01184	0.64168	0.00250	1	0.05543	-0.01686	0.68318	0.00364	1	1.45898	0.81042	0	
1230593	8301.11816	3303810776331	0.26924	0.42605	8300.99707	0.12109	10780	1	0.28960	0.40206	1	0.29738	0.49661	1	0.29349	0.44933	1	0.44332	0.55062	11.26803	1.00588	1	0.70807	0.57236	12.54966	1.00588	1	-0.01251	-0.01184	0.64168	0.00245	1	0.05543	-0.01686	0.68318	0.00357	1	1.45898	0.81042	0	
1230594	8301.12500	3303810843663	0.26966	0.42724	8300.99707	0.12793	10780	1	0.27887	0.34049	1	0.27642	0.55909	1	0.27764	0.44979	1	0.44324	0.55050	11.78706	1.00588	1	0.70794	0.57268	12.89176	1.00588	1	-0.01251	-0.01184	0.64168	0.00237	1	0.05543	-0.01686	0.68318	0.00358	1	1.45898	0.81042	0	
1230595	8301.13184	3303810910730	0.27007	0.42811	8300.99707	0.13477	10780	1	0.26894	0.35035	1	0.28742	0.54080	1	0.27818	0.44558	1	0.44326	0.55049	11.20236	1.00588	1	0.70802	0.57263	12.99031	1.00588	1	-0.01251	-0.01184	0.64168	0.00247	1	0.05543	-0.01686	0.68318	0.00354	1	1.45898	0.81042	0	
1230596	8301.13867	3303810977585	0.27030	0.42851	8300.99707	0.14160	10780	1	0.26396	0.33763	1	0.28635	0.53597	1	0.27515	0.43680	1	0.44308	0.55055	10.95983	1.02102	1	0.70816	0.57254	12.58185	1.01336	1	-0.01337	-0.01255	0.68037	0.00240	1	0.05300	-0.01614	0.65390	0.00358	1	1.45898	0.81042	0	
1230597	8301.14453	3303811044552	0.27062	0.42869	8300.99707	0.14746	10780	1	0.26709	0.33559	1	0.28831	0.52997	1	0.27770	0.43278	1	0.44319	0.55057	11.37573	1.02851	1	0.70808	0.57265	13.05065	1.02085	1	-0.01337	-0.01255	0.68037	0.00243	1	0.05300	-0.01614	0.65390	0.00358	1	1.45898	0.81042	0	
1230598	8301.15137	3303811111475	0.27092	0.42845	8300.99707	0.15430	10780	1	0.26034	0.33712	1	0.29557	0.50877	1	0.27796	0.42294	1	0.44321	0.55065	11.26122	1.03599	1	0.70821	0.57254	12.90472	1.02833	1	-0.01337	-0.01255	0.68037	0.00246	1	0.05300	-0.01614	0.65390	0.00362	1	1.45898	0.81042	0	
1230599	8301.15820	3303811179464	0.27123	0.42834	8300.99707	0.16113	10780	1	0.26052	0.33756	1	0.29653	0.51363	1	0.27853	0.42559	1	0.44291	0.55066	11.19543	1.03546	1	0.70829	0.57253	12.54197	1.02099	1	-0.01291	-0.01213	0.65467	0.00257	1	0.05198	-0.01584	0.64195	0.00364	1	1.45898	0.81042	0	
1230600	8301.16504	3303811245052	0.27122	0.42893	8300.99707	0.16797	10780	1	0.25309	0.33332	1	0.28870	0.55416	1	0.27090	0.44374	1	0.44297	0.55038	11.55592	1.01297	1	0.70812	0.57290	13.14073	1.00616	1	-0.01291	-0.01213	0.65467	0.00257	1	0.05198	-0.01584	0.64195	0.00352	1	1.45898	0.81042	0	
1230601	8301.17188	3303811312504	0.27157	0.43025	8300.99707	0.17480	10780	1	0.25973	0.35816	1	0.30165	0.57090	1	0.28069	0.46453	1	0.44285	0.55058	11.53089	0.99815	1	0.70827	0.57277	12.41305	0.99134	1	-0.01291	-0.01213	0.65467	0.00253	1	0.05198	-0.01584	0.64195	0.00356	1	1.45898	0.81042	0	
1230602	8301.17871	3303811379671	0.27198	0.43170	8300.99707	0.18164	10780	1	0.26478	0.37059	1	0.30170	0.57113	1	0.28324	0.47086	1	0.44270	0.55052	11.21350	0.98332	1	0.70763	0.57263	12.22066	0.99098	1	-0.01291	-0.01213	0.65467	0.00252	1	0.05359	-0.01626	0.66302	0.00368	1	1.45898	0.81042	0	
1230603	8301.18555	3303811446181	0.27235	0.43174	8300.99707	0.18848	10780	1	0.28712	0.37149	1	0.27796	0.49421	1	0.28254	0.43285	1	0.44266	0.55066	11.01499	0.99098	1	0.70788	0.57226	12.59427	1.00545	1	-0.01291	-0.01213	0.65467	0.00245	1	0.05359	-0.01626	0.66302	0.00369	1	1.45898	0.81042	0	
1230604	8301.19141	3303811513456	0.27355	0.43188	8300.99707	0.19434	10780	1	0.29891	0.38230	1	0.31787	0.48968	1	0.30839	0.43599	1	0.44278	0.55049	10.98820	1.00545	1	0.70812	0.57212	12.47306	1.01992	1	-0.01291	-0.01213	0.65467	0.00251	1	0.05359	-0.01626	0.66302	0.00371	1	1.45898	0.81042	0	
1230605	8301.19824	3303811580640	0.27462	0.43184	8300.99707	0.20117	10780	1	0.29667	0.37638	1	0.31705	0.48464	1	0.30686	0.43051	1	0.44260	0.55055	11.38139	1.01279	1	0.70751	0.57198	12.56619	1.02726	1	-0.01260	-0.01179	0.63640	0.00249	1	0.05359	-0.01626	0.66302	0.00353	1	1.45898	0.81042	0	
1230606	8301.20508	3303811647528	0.27455	0.43184	8300.99707	0.20801	10780	1	0.27427	0.38834	1	0.27033	0.47569	1	0.27230	0.43201	1	0.44253	0.55068	11.72919	1.02013	1	0.70744	0.57206	12.77826	1.02013	1	-0.01260	-0.01179	0.63640	0.00241	1	0.05359	-0.01626	0.66302	0.00356	1	1.45898	0.81042	0	
1230607	8301.21191	3303811714054	0.27433	0.43209	8300.99707	0.21484	10780	1	0.26818	0.35279	1	0.26631	0.52728	1	0.26724	0.44003	1	0.44246	0.55064	12.02995	1.01301	1	0.70730	0.57201	12.28671	1.01301	1	-0.01260	-0.01179	0.63640	0.00240	1	0.05359	-0.01626	0.66302	0.00351	1	1.45898	0.81042	0	
1230608	8301.21875	3303811781370	0.27408	0.43222	8300.99707	0.22168	10780	1	0.26555	0.34612	1	0.26625	0.52705	1	0.26590	0.43658	1	0.44240	0.55053	11.14588	1.02102	1	0.70720	0.57195	12.63758	1.01336	1	-0.01348	-0.01252	0.67588	0.00246	1	0.05313	-0.01608	0.65787	0.00357	1	1.45898	0.81042	0	
1230609	8301.22559	3303811848211	0.27425	0.43227	8300.99707	0.22852	10780	1	0.27701	0.33409	1	0.28312	0.53366	1	0.28007	0.43387	1	0.44256	0.55048	11.22109	1.02851	1	0.70723	0.57204	12.56645	1.02085	1	-0.01348	-0.01252	0.67588	0.00253	1	0.05313	-0.01608	0.65787	0.00366	1	1.45898	0.81042	0	
1230610	8301.23145	3303811912222	0.27447	0.43227	8300.99707	0.23438	10780	1	0.27305	0.31323	1	0.29103	0.55133	1	0.28204	0.43228	1	0.44256	0.55053	11.36279	1.03599	1	0.70738	0.57242	12.81392	1.02833	1	-0.01348	-0.01252	0.67588	0.00249	1	0.05313	-0.01608	0.65787	0.00349	1	1.45898	0.81042	0	
1230611	8301.23828	3303811979002	0.27463	0.43212	8300.99707	0.24121	10780	1	0.27069	0.30685	1	0.29001	0.54668	1	0.28035	0.42677	1	0.44231	0.55036	11.09566	1.04347	1	0.70730	0.57207	12.63371	1.03581	1	-0.01348	-0.01252	0.67588	0.00252	1	0.05313	-0.01608	0.65787	0.00358	1	1.45898	0.81042	0	AUDIO_FILE_OFFSET
1230612	8301.24512	3303812048979	0.27453	0.43237	8300.99707	0.24805	10780	1	0.26409	0.37555	1	0.27767	0.50751	1	0.27088	0.44153	1	0.44232	0.55062	11.47932	1.03581	1	0.70724	0.57210	12.59215	1.03581	1	-0.01348	-0.01252	0.67588	0.00240	1	0.05313	-0.01608	0.65787	0.00362	1	1.45898	0.81042	0	
1230613	8301.25195	3303812114772	0.27447	0.43264	8300.99707	0.25488	10780	1	0.25798	0.36458	1	0.28655	0.52090	1	0.27226	0.44274	1	0.44234	0.55044	11.53058	1.03581	1	0.70731	0.57210	12.58587	1.03581	1	-0.01348	-0.01252	0.67588	0.00252	1	0.05313	-0.01608	0.65787	0.00361	1	1.45898	0.81042	0	
1230614	8301.25879	3303812181288	0.27440	0.43283	8300.99707	0.26172	10780	1	0.25798	0.36458	1	0.28549	0.51596	1	0.27173	0.44027	1	0.44241	0.55034	11.44271	1.03581	1	0.70731	0.57210	12.58587	1.04347	1	-0.01349	-0.01247	0.67615	0.00249	1	0.05481	-0.01661	0.67934	0.00361	1	1.45898	0.81042	0	
1230615	8301.26562	3303812247663	0.27418	0.43237	8300.99707	0.26855	10780	1	0.24975	0.35175	1	0.28042	0.47632	1	0.26508	0.41404	1	0.44222	0.55032	11.08719	1.04347	1	0.70723	0.57181	12.45127	1.05113	1	-0.01349	-0.01247	0.67615	0.00257	1	0.05481	-0.01661	0.67934	0.00375	1	1.45898	0.81042	0	
1230616	8301.27246	3303812317743	0.27400	0.43197	8300.99707	0.27539	10780	1	0.25050	0.33545	1	0.28280	0.49609	1	0.26665	0.41577	1	0.44220	0.55024	11.17880	1.05113	1	0.70730	0.57207	12.62448	1.05879	1	-0.01349	-0.01247	0.67615	0.00256	1	0.05481	-0.01661	0.67934	0.00361	1	1.45898	0.81042	0	
1230617	8301.27832	3303812381405	0.27380	0.43152	8300.99707	0.28125	10780	1	0.24798	0.32918	1	0.28280	0.49609	1	0.26539	0.41263	1	0.44207	0.55023	10.82178	1.05879	1	0.70729	0.57219	12.62902	1.05879	1	-0.01349	-0.01247	0.67615	0.00255	1	0.05344	-0.01613	0.66174	0.00352	1	1.45898	0.81042	0	
1230919	8303.30176	3303832612867	0.54213	0.64950	8303.26172	0.04004	10789	1	0.55210	0.60363	1	0.49468	0.63845	1	0.52339	0.62104	1	0.44895	0.56069	12.12474	1.04312	1	0.71317	0.58067	13.37621	1.03546	1	-0.01322	-0.01414	0.67808	0.00287	1	0.05315	-0.01738	0.65449	0.00308	1	1.45898	0.81042	0	STOP_TRIAL
1230920	8303.30859	3303832679391	0.53978	0.64670	8303.26172	0.04688	10789	1	0.55274	0.60784	1	0.49387	0.64633	1	0.52330	0.62709	1	0.44974	0.56102	13.15667	1.03546	1	0.71435	0.58130	13.76798	1.02099	1	-0.01246	-0.01369	0.65663	0.00291	1	0.05287	-0.01737	0.64687	0.00311	1	1.45898	0.81042	0	START_TRIAL
1230921	8303.31543	3303832746678	0.54002	0.65098	8303.26172	0.05371	10789	1	0.58416	0.68212	1	0.49980	0.68840	1	0.54198	0.68526	1	0.45008	0.56131	13.16035	1.01297	1	0.71453	0.58139	13.60841	1.00616	1	-0.01246	-0.01369	0.65663	0.00304	1	0.05287	-0.01737	0.64687	0.00313	1	1.45898	0.81042	0	
1230922	8303.32227	3303832814549	0.53743	0.65135	8303.26172	0.06055	10789	1	0.54267	0.66359	1	0.48560	0.64565	1	0.51413	0.65462	1	0.45028	0.56127	13.02792	0.99815	1	0.71464	0.58138	13.71268	0.99134	1	-0.01246	-0.01369	0.65663	0.00303	1	0.05287	-0.01737	0.64687	0.00307	1	1.45898	0.81042	0	
1230923	8303.32812	3303832881013	0.53536	0.65272	8303.26172	0.06641	10789	1	0.54480	0.67491	1	0.48450	0.65797	1	0.51465	0.66644	1	0.45106	0.56135	12.42971	0.97620	1	0.71590	0.58193	13.81822	0.96939	1	-0.01175	-0.01333	0.63702	0.00302	1	0.05305	-0.01745	0.64433	0.00298	1	1.45898	0.81042	0	
1230924	8303.33496	3303832944974	0.53741	0.65192	8303.26172	0.07324	10789	1	0.59044	0.60968	1	0.52954	0.67651	1	0.55999	0.64309	1	0.45172	0.56092	12.49682	0.96226	1	0.71625	0.58202	13.56905	0.96226	1	-0.01175	-0.01333	0.63702	0.00327	1	0.05305	-0.01745	0.64433	0.00323	1	1.45898	0.81042	0	
1230925	8303.34180	3303833010703	0.53798	0.65561	8303.26172	0.08008	10789	1	0.58527	0.71989	1	0.50420	0.67987	1	0.54473	0.69988	1	0.45196	0.56132	13.38006	0.95514	1	0.71627	0.58208	13.74625	0.95514	1	-0.01175	-0.01333	0.63702	0.00319	1	0.05305	-0.01745	0.64433	0.00323	1	1.45898	0.81042	0	
1230926	8303.34863	3303833078515	0.53850	0.65819	8303.26172	0.08691	10789	1	0.58478	0.71606	1	0.50580	0.66755	1	0.54529	0.69180	1	0.45252	0.56077	12.76033	0.96315	1	0.71680	0.58250	13.02831	0.97762	1	-0.01236	-0.01437	0.68672	0.00329	1	0.05597	-0.01836	0.67607	0.00304	1	1.45898	0.81042	0	
1230927	8303.35547	3303833147202	0.53752	0.65896	8303.26172	0.09375	10789	1	0.54238	0.66320	1	0.50530	0.67614	1	0.52384	0.66967	1	0.45263	0.56097	11.97339	0.99276	1	0.71729	0.58276	13.54244	1.00723	1	-0.01236	-0.01437	0.68672	0.00322	1	0.05597	-0.01836	0.67607	0.00313	1	1.45898	0.81042	0	
1230928	8303.36133	3303833211148	0.53765	0.65953	8303.26172	0.09961	10789	1	0.57178	0.68540	1	0.50732	0.65084	1	0.53955	0.66812	1	0.45312	0.56114	12.78625	1.02237	1	0.71778	0.58263	13.22151	1.03684	1	-0.01236	-0.01437	0.68672	0.00313	1	0.05597	-0.01836	0.67607	0.00305	1	1.45898	0.81042	0	
1230929	8303.36816	3303833281320	0.53776	0.65915	8303.26172	0.10645	10789	1	0.56975	0.67116	1	0.50934	0.63506	1	0.53954	0.65311	1	0.45397	0.56140	13.07273	1.05198	1	0.71850	0.58337	13.46047	1.06645	1	-0.01180	-0.01414	0.67827	0.00300	1	0.05592	-0.01841	0.67068	0.00319	1	1.45898	0.81042	0	
1230930	8303.37500	3303833346251	0.54006	0.65825	8303.26172	0.11328	10789	1	0.61733	0.61328	1	0.54114	0.67262	1	0.57924	0.64295	1	0.45470	0.56104	13.49454	1.06645	1	0.71904	0.58356	13.79188	1.06645	1	-0.01180	-0.01414	0.67827	0.00285	1	0.05592	-0.01841	0.67068	0.00303	1	1.45898	0.81042	0	
1230931	8303.38184	3303833415996	0.54115	0.65626	8303.26172	0.12012	10789	1	0.59877	0.58842	1	0.52270	0.65250	1	0.56073	0.62046	1	0.45476	0.56064	13.06194	1.06645	1	0.71917	0.58333	13.37134	1.06645	1	-0.01180	-0.01414	0.67827	0.00281	1	0.05592	-0.01841	0.67068	0.00309	1	1.45898	0.81042	0	
1230932	8303.38867	3303833479008	0.54209	0.65506	8303.26172	0.12695	10789	1	0.59941	0.59676	1	0.52031	0.66782	1	0.55986	0.63229	1	0.45564	0.56071	12.95448	1.05131	1	0.71995	0.58385	13.62081	1.03684	1	-0.01090	-0.01332	0.64330	0.00301	1	0.05347	-0.01751	0.63787	0.00305	1	1.45898	0.81042	0	
1230933	8303.39551	3303833547153	0.54396	0.65637	8303.26172	0.13379	10789	1	0.61281	0.64215	1	0.55001	0.72278	1	0.58141	0.68247	1	0.45565	0.56041	12.82954	1.02170	1	0.72006	0.58363	13.51645	1.00723	1	-0.01090	-0.01332	0.64330	0.00310	1	0.05347	-0.01751	0.63787	0.00304	1	1.45898	0.81042	0	
1230934	8303.40234	3303833617385	0.54578	0.65962	8303.26172	0.14062	10789	1	0.63177	0.72412	1	0.53614	0.73159	1	0.58395	0.72785	1	0.45620	0.56017	13.07520	0.99209	1	0.72022	0.58324	13.73814	0.97762	1	-0.01090	-0.01332	0.64330	0.00304	1	0.05347	-0.01751	0.63787	0.00288	1	1.45898	0.81042	0	
1230935	8303.40918	3303833684772	0.54744	0.66273	8303.26172	0.14746	10789	1	0.63198	0.73070	1	0.53614	0.73159	1	0.58406	0.73114	1	0.45620	0.56018	13.22298	0.97762	1	0.72081	0.58337	13.98566	0.97762	1	-0.01149	-0.01396	0.68428	0.00313	1	0.05629	-0.01820	0.67026	0.00326	1	1.45898	0.81042	0	
1230936	8303.41602	3303833751737	0.54833	0.66532	8303.26172	0.15430	10789	1	0.60025	0.72353	1	0.53714	0.72652	1	0.56869	0.72503	1	0.45616	0.55922	12.91876	0.99276	1	0.72065	0.58284	13.70048	1.00723	1	-0.01149	-0.01396	0.68428	0.00309	1	0.05629	-0.01820	0.67026	0.00303	1	1.45898	0.81042	0	
1230937	8303.42188	3303833818695	0.54947	0.66604	8303.26172	0.16016	10789	1	0.61225	0.63921	1	0.54159	0.72718	1	0.57692	0.68320	1	0.45627	0.55879	13.11662	1.02237	1	0.72070	0.58255	13.85916	1.03684	1	-0.01149	-0.01396	0.68428	0.00285	1	0.05629	-0.01820	0.67026	0.00294	1	1.45898	0.81042	0	
1230938	8303.42871	3303833883437	0.55053	0.66649	8303.26172	0.16699	10789	1	0.61179	0.63162	1	0.54228	0.72405	1	0.57703	0.67783	1	0.45621	0.55827	12.55318	1.03684	1	0.72085	0.58196	14.13649	1.04365	1	-0.01068	-0.01280	0.64185	0.00312	1	0.05577	-0.01782	0.66353	0.00308	1	1.45898	0.81042	0	
1230939	8303.43555	3303833953356	0.55169	0.66665	8303.26172	0.17383	10789	1	0.62695	0.64242	1	0.53694	0.69932	1	0.58195	0.67087	1	0.45639	0.55811	13.51648	1.02851	1	0.72067	0.58122	13.56890	1.02085	1	-0.01068	-0.01280	0.64185	0.00281	1	0.05577	-0.01782	0.66353	0.00293	1	1.45898	0.81042	0	
1230940	8303.44238	3303834016602	0.55293	0.66865	8303.26172	0.18066	10789	1	0.62749	0.68744	1	0.54505	0.75735	1	0.58627	0.72240	1	0.45632	0.55785	13.03018	1.00570	1	0.72076	0.58110	13.43195	0.99805	1	-0.01068	-0.01280	0.64185	0.00283	1	0.05577	-0.01782	0.66353	0.00288	1	1.45898	0.81042	0	
1230941	8303.44922	3303834083756	0.57717	0.68704	8303.26172	0.18066	10789	0	0.62778	0.69505	1	0.54418	0.76094	1	0.58598	0.72800	1	0.45627	0.55744	13.37193	0.99003	1	0.72076	0.58042	14.16965	0.99003	1	-0.01100	-0.01283	0.65779	0.00310	1	0.05629	-0.01764	0.67026	0.00312	1	1.45898	0.81042	0	
1230942	8303.45605	3303834154115	0.58803	0.71405	8303.26172	0.18066	10789	0	0.62694	0.69962	1	0.57084	0.78249	1	0.59889	0.74105	1	0.45632	0.55645	13.16474	0.99715	1	0.72079	0.57985	14.18388	1.00481	1	-0.01100	-0.01283	0.65779	0.00298	1	0.05629	-0.01764	0.67026	0.00299	1	1.45898	0.81042	0	
1230943	8303.46191	3303834217153	0.58946	0.69955	8303.26172	0.18066	10789	0	0.62375	0.63692	1	0.56086	0.70419	1	0.59231	0.67056	1	0.45635	0.55597	13.38298	1.01194	1	0.72071	0.57928	13.79137	1.01960	1	-0.01100	-0.01283	0.65779	0.00290	1	0.05629	-0.01764	0.67026	0.00294	1	1.45898	0.81042	0	
1230944	8303.46875	3303834285165	0.59034	0.68985	8303.44922	0.01953	10790	1	0.62325	0.62479	1	0.56270	0.69674	1	0.59297	0.66076	1	0.45625	0.55542	13.21321	1.03474	1	0.72058	0.57833	13.86533	1.03474	1	-0.01135	-0.01293	0.67585	0.00309	1	0.05530	-0.01705	0.65909	0.00311	1	1.45898	0.81042	0	
1230945	8303.47559	3303834351904	0.59421	0.67674	8303.44922	0.02637	10790	1	0.63746	0.59230	1	0.58197	0.65626	1	0.60972	0.62428	1	0.45611	0.55506	13.38486	1.04276	1	0.72057	0.57778	13.45245	1.03510	1	-0.01135	-0.01293	0.67585	0.00293	1	0.05530	-0.01705	0.65909	0.00312	1	1.45898	0.81042	0	
1230946	8303.48242	3303834418551	0.59686	0.67626	8303.44922	0.03320	10790	1	0.64374	0.67161	1	0.57650	0.67613	1	0.61012	0.67387	1	0.45616	0.55482	13.35371	1.04312	1	0.72050	0.57757	13.17571	1.03546	1	-0.01135	-0.01293	0.67585	0.00287	1	0.05530	-0.01705	0.65909	0.00308	1	1.45898	0.81042	0	
1230947	8303.48926	3303834488469	0.59869	0.67614	8303.44922	0.04004	10790	1	0.64374	0.67144	1	0.57563	0.67944	1	0.60969	0.67544	1	0.45587	0.55431	13.86477	1.04347	1	0.72038	0.57728	13.48887	1.02901	1	-0.01160	-0.01283	0.68434	0.00318	1	0.05347	-0.01622	0.63787	0.00334	1	1.45898	0.81042	0	
1230948	8303.49609	3303834551938	0.59653	0.67895	8303.44922	0.04688	10790	1	0.62986	0.69814	1	0.53282	0.69904	1	0.58134	0.69859	1	0.45578	0.55400	13.64444	1.02901	1	0.71984	0.57686	13.66891	1.02220	1	-0.01160	-0.01283	0.68434	0.00292	1	0.05347	-0.01622	0.63787	0.00303	1	1.45898	0.81042	0	
1230949	8303.50293	3303834623316	0.59462	0.68270	8303.44922	0.05371	10790	1	0.62431	0.66765	1	0.53447	0.75776	1	0.57939	0.71271	1	0.45592	0.55373	13.70354	1.02220	1	0.71998	0.57687	13.82840	1.01539	1	-0.01160	-0.01283	0.68434	0.00289	1	0.05347	-0.01622	0.63787	0.00303	1	1.45898	0.81042	0	
1230950	8303.50977	3303834688944	0.59302	0.68673	8303.44922	0.06055	10790	1	0.62477	0.67856	1	0.53236	0.76741	1	0.57856	0.72298	1	0.45499	0.55351	13.54075	1.00025	1	0.71934	0.57577	13.48496	0.99344	1	-0.01111	-0.01189	0.64424	0.00314	1	0.05319	-0.01595	0.63681	0.00309	1	1.45898	0.81042	0	
1230951	8303.51562	3303834756227	0.59227	0.68864	8303.44922	0.06641	10790	1	0.60790	0.66262	1	0.56173	0.75284	1	0.58481	0.70773	1	0.45409	0.55313	13.28001	0.97830	1	0.71878	0.57554	14.05521	0.97830	1	-0.01111	-0.01189	0.64424	0.00294	1	0.05319	-0.01595	0.63681	0.00307	1	1.45898	0.81042	0	
1230952	8303.52246	3303834823666	0.59522	0.69240	8303.44922	0.07324	10790	1	0.63526	0.67674	1	0.62009	0.79082	1	0.62767	0.73378	1	0.45384	0.55315	12.94238	0.96315	1	0.71867	0.57531	14.74743	0.96315	1	-0.01111	-0.01189	0.64424	0.00281	1	0.05319	-0.01595	0.63681	0.00284	1	1.45898	0.81042	0	
1230953	8303.52930	3303834890649	0.59771	0.69576	8303.44922	0.08008	10790	1	0.63535	0.68089	1	0.61986	0.79135	1	0.62761	0.73612	1	0.45042	0.55292	12.82774	0.95514	1	0.71483	0.57366	13.35039	0.96194	1	-0.01210	-0.01210	0.66394	0.00324	1	0.05469	-0.01640	0.66252	0.00323	1	1.45898	0.81042	0	
1230954	8303.53613	3303834956999	0.58477	0.69414	8303.44922	0.08691	10790	1	0.45157	0.67106	1	0.38157	0.67491	1	0.41657	0.67299	1	0.44959	0.55250	13.68583	0.96907	1	0.71405	0.57384	13.42760	0.97588	1	-0.01210	-0.01210	0.66394	0.00313	1	0.05469	-0.01640	0.66252	0.00308	1	1.45898	0.81042	0	
1230955	8303.54297	3303835024604	0.57591	0.69072	8303.44922	0.09375	10790	1	0.49543	0.61673	1	0.40833	0.66915	1	0.45188	0.64294	1	0.44977	0.55240	13.48537	0.98300	1	0.71426	0.57380	13.82461	0.98981	1	-0.01210	-0.01210	0.66394	0.00304	1	0.05469	-0.01640	0.66252	0.00309	1	1.45898	0.81042	0	
1230956	8303.54883	3303835087541	0.56804	0.68685	8303.44922	0.09961	10790	1	0.49232	0.60415	1	0.40756	0.65333	1	0.44994	0.62874	1	0.44963	0.55245	14.07473	1.00496	1	0.71340	0.57371	13.64976	1.01942	1	-0.01229	-0.01214	0.67164	0.00304	1	0.05719	-0.01701	0.69338	0.00324	1	1.45898	0.81042	0	
1230957	8303.55664	3303835158494	0.55894	0.68600	8303.44922	0.10742	10790	1	0.43711	0.68808	1	0.38948	0.65670	1	0.41329	0.67239	1	0.44967	0.55234	13.77224	1.02744	1	0.71388	0.57355	14.36397	1.03510	1	-0.01229	-0.01214	0.67164	0.00304	1	0.05719	-0.01701	0.69338	0.00314	1	1.45898	0.81042	0	
1230958	8303.56348	3303835225295	0.54945	0.68426	8303.44922	0.11426	10790	1	0.41620	0.65741	1	0.36013	0.65213	1	0.38817	0.65477	1	0.44961	0.55215	13.64753	1.04312	1	0.71379	0.57328	13.84044	1.05078	1	-0.01229	-0.01214	0.67164	0.00300	1	0.05719	-0.01701	0.69338	0.00313	1	1.45898	0.81042	0	
1230959	8303.56934	3303835292119	0.50724	0.68653	8303.44922	0.11426	10790	0	0.41464	0.65355	1	0.36060	0.65565	1	0.38762	0.65460	1	0.44965	0.55245	13.38815	1.05078	1	0.71448	0.57331	13.54245	1.04397	1	-0.01199	-0.01184	0.65798	0.00308	1	0.05289	-0.01579	0.64008	0.00327	1	1.45898	0.81042	0	
1230960	8303.57617	3303835359067	0.45953	0.65556	8303.44922	0.11426	10790	0	0.45028	0.64853	1	0.37337	0.60067	1	0.41182	0.62460	1	0.44989	0.55209	13.81289	1.03595	1	0.71458	0.57327	13.47321	1.02148	1	-0.01199	-0.01184	0.65798	0.00310	1	0.05289	-0.01579	0.64008	0.00318	1	1.45898	0.81042	0	
1230961	8303.58301	3303835425934	0.44278	0.65362	8303.44922	0.11426	10790	0	0.44982	0.69170	1	0.36874	0.60779	1	0.40928	0.64975	1	0.44989	0.55231	13.96992	1.01347	1	0.71460	0.57344	13.55024	0.99900	1	-0.01199	-0.01184	0.65798	0.00301	1	0.05289	-0.01579	0.64008	0.00309	1	1.45898	0.81042	0	
1230962	8303.58984	3303835493258	0.41065	0.64328	8303.44922	0.11426	10790	0	0.45243	0.69869	1	0.36924	0.61229	1	0.41083	0.65549	1	0.45018	0.55224	13.99057	0.99900	1	0.71460	0.57353	13.64161	0.99134	1	-0.01236	-0.01231	0.68672	0.00296	1	0.05449	-0.01623	0.65769	0.00317	1	1.45898	0.81042	0	
1230963	8303.59668	3303835560699	0.41570	0.65068	8303.44922	0.11426	10790	0	0.45562	0.65982	1	0.38590	0.65633	1	0.42076	0.65807	1	0.45042	0.55217	13.13314	0.99936	1	0.71467	0.57379	13.68102	1.00616	1	-0.01236	-0.01231	0.68672	0.00311	1	0.05449	-0.01623	0.65769	0.00320	1	1.45898	0.81042	0	
1230964	8303.60352	3303835627013	0.41494	0.64971	8303.44922	0.11426	10790	0	0.45251	0.64955	1	0.37430	0.64601	1	0.41341	0.64778	1	0.45045	0.55238	13.65262	1.01418	1	0.71449	0.57378	14.00693	1.02099	1	-0.01236	-0.01231	0.68672	0.00307	1	0.05449	-0.01623	0.65769	0.00324	1	1.45898	0.81042	0	
1230965	8303.61035	3303835694301	0.41435	0.64832	8303.58984	0.02051	10791	1	0.45131	0.64598	1	0.37391	0.64234	1	0.41261	0.64416	1	0.45054	0.55219	13.24923	1.02099	1	0.71543	0.57377	13.70891	1.02780	1	-0.01177	-0.01192	0.65662	0.00300	1	0.05451	-0.01625	0.65667	0.00316	1	1.45898	0.81042	0	
1230966	8303.61621	3303835761262	0.41407	0.64468	8303.58984	0.02637	10791	1	0.44893	0.66846	1	0.37690	0.59179	1	0.41292	0.63012	1	0.45066	0.55275	13.46014	1.01978	1	0.71542	0.57367	14.05583	1.01978	1	-0.01177	-0.01192	0.65662	0.00316	1	0.05451	-0.01625	0.65667	0.00305	1	1.45898	0.81042	0	
1230967	8303.62305	3303835827842	0.41469	0.63967	8303.58984	0.03320	10791	1	0.45374	0.62832	1	0.38181	0.60084	1	0.41778	0.61458	1	0.45066	0.55277	13.41435	1.01176	1	0.71541	0.57371	14.13640	1.01176	1	-0.01177	-0.01192	0.65662	0.00322	1	0.05451	-0.01625	0.65667	0.00303	1	1.45898	0.81042	0	
1230968	8303.62988	3303835895075	0.41526	0.63673	8303.58984	0.04004	10791	1	0.45515	0.63271	1	0.38222	0.60556	1	0.41869	0.61913	1	0.45062	0.55316	13.58674	1.00375	1	0.71527	0.57441	14.13094	1.00375	1	-0.01140	-0.01169	0.64136	0.00309	1	0.05460	-0.01635	0.65662	0.00304	1	1.45898	0.81042	0	
1230969	8303.63672	3303835961731	0.41607	0.63765	8303.58984	0.04688	10791	1	0.46751	0.66509	1	0.37596	0.62302	1	0.42174	0.64406	1	0.45085	0.55309	13.32703	1.00375	1	0.71534	0.57477	14.22876	1.00375	1	-0.01140	-0.01169	0.64136	0.00310	1	0.05460	-0.01635	0.65662	0.00323	1	1.45898	0.81042	0	
1230970	8303.64355	3303836029540	0.41733	0.63885	8303.58984	0.05371	10791	1	0.47206	0.66400	1	0.38284	0.63294	1	0.42745	0.64847	1	0.45091	0.55321	13.45799	1.00375	1	0.71546	0.57490	13.86963	1.00375	1	-0.01140	-0.01169	0.64136	0.00309	1	0.05460	-0.01635	0.65662	0.00317	1	1.45898	0.81042	0	
1230971	8303.65039	3303836096019	0.41826	0.63938	8303.58984	0.06055	10791	1	0.47077	0.65987	1	0.38243	0.62844	1	0.42660	0.64415	1	0.45109	0.55351	13.52009	1.01176	1	0.71610	0.57500	13.61360	1.01176	1	-0.01202	-0.01253	0.67904	0.00293	1	0.05448	-0.01643	0.65400	0.00319	1	1.45898	0.81042	0	
1230972	8303.65625	3303836160083	0.41890	0.64073	8303.58984	0.06641	10791	1	0.46949	0.65395	1	0.38122	0.65449	1	0.42535	0.65422	1	0.45105	0.55427	13.11437	1.01978	1	0.71601	0.57527	13.31883	1.01978	1	-0.01202	-0.01253	0.67904	0.00312	1	0.05448	-0.01643	0.65400	0.00344	1	1.45898	0.81042	0	
1230973	8303.66309	3303836227933	0.41751	0.63998	8303.58984	0.07324	10791	1	0.43040	0.69455	1	0.37391	0.56896	1	0.40216	0.63176	1	0.45089	0.55433	13.51200	1.02780	1	0.71603	0.57542	13.33109	1.02780	1	-0.01202	-0.01253	0.67904	0.00304	1	0.05448	-0.01643	0.65400	0.00317	1	1.45898	0.81042	0	
1230974	8303.66992	3303836292685	0.41623	0.63884	8303.58984	0.08008	10791	1	0.42884	0.69075	1	0.37301	0.55941	1	0.40092	0.62508	1	0.45110	0.55447	13.51206	1.03581	1	0.71604	0.57556	13.81435	1.04347	1	-0.01202	-0.01273	0.67904	0.00302	1	0.05592	-0.01700	0.67068	0.00317	1	1.45898	0.81042	0	
1230975	8303.67676	3303836362850	0.41377	0.63867	8303.58984	0.08691	10791	1	0.40927	0.65885	1	0.35415	0.61424	1	0.38171	0.63655	1	0.45110	0.55469	13.33043	1.04347	1	0.71568	0.57649	13.61519	1.05113	1	-0.01202	-0.01273	0.67904	0.00302	1	0.05592	-0.01700	0.67068	0.00343	1	1.45898	0.81042	0	
1230976	8303.68359	3303836430895	0.41316	0.63442	8303.58984	0.09375	10791	1	0.43632	0.62029	1	0.37313	0.52960	1	0.40473	0.57495	1	0.45104	0.55483	13.43480	1.05113	1	0.71616	0.57618	13.52774	1.05879	1	-0.01202	-0.01273	0.67904	0.00307	1	0.05592	-0.01700	0.67068	0.00320	1	1.45898	0.81042	0	
1230977	8303.69043	3303836497829	0.41258	0.63043	8303.58984	0.10059	10791	1	0.43492	0.61620	1	0.37270	0.52479	1	0.40381	0.57049	1	0.45100	0.55572	13.29378	1.05879	1	0.71609	0.57690	13.62177	1.06645	1	-0.01202	-0.01299	0.67904	0.00300	1	0.05592	-0.01720	0.67068	0.00314	1	1.45898	0.81042	0	
1230978	8303.69727	3303836564646	0.41227	0.63079	8303.58984	0.10742	10791	1	0.47848	0.64032	1	0.33611	0.63276	1	0.40730	0.63654	1	0.45168	0.55625	14.31640	1.06645	1	0.71553	0.57762	13.59532	1.06645	1	-0.01202	-0.01299	0.67904	0.00333	1	0.05592	-0.01720	0.67068	0.00311	1	1.45898	0.81042	0	
1230979	8303.70410	3303836631756	0.41216	0.62870	8303.58984	0.11426	10791	1	0.47689	0.60414	1	0.34370	0.58224	1	0.41029	0.59319	1	0.45188	0.55639	14.21595	1.06645	1	0.71554	0.57756	13.17405	1.06645	1	-0.01202	-0.01299	0.67904	0.00350	1	0.05592	-0.01720	0.67068	0.00319	1	1.45898	0.81042	0	
1230980	8303.70996	3303836698520	0.41206	0.62683	8303.58984	0.12012	10791	1	0.47689	0.60414	1	0.34370	0.58224	1	0.41029	0.59319	1	0.45092	0.55654	13.16563	1.06645	1	0.71560	0.57793	13.58305	1.06645	1	-0.01202	-0.01319	0.67904	0.00318	1	0.05592	-0.01740	0.67068	0.00314	1	1.45898	0.81042	0	
1230981	8303.71680	3303836765741	0.41066	0.62703	8303.58984	0.12695	10791	1	0.41352	0.62125	1	0.35477	0.64042	1	0.38415	0.63083	1	0.45114	0.55709	13.58819	1.06645	1	0.71587	0.57829	13.55541	1.06645	1	-0.01202	-0.01319	0.67904	0.00312	1	0.05592	-0.01740	0.67068	0.00309	1	1.45898	0.81042	0	
1230982	8303.72363	3303836832891	0.41034	0.62624	8303.58984	0.13379	10791	1	0.45601	0.61254	1	0.35169	0.60830	1	0.40385	0.61042	1	0.45149	0.55729	14.23313	1.06645	1	0.71571	0.57858	13.38070	1.06645	1	-0.01202	-0.01319	0.67904	0.00319	1	0.05592	-0.01740	0.67068	0.00329	1	1.45898	0.81042	0	
1230983	8303.73047	3303836899896	0.41006	0.62562	8303.58984	0.14062	10791	1	0.45601	0.61254	1	0.35228	0.61251	1	0.40414	0.61252	1	0.45127	0.55723	13.54917	1.06645	1	0.71598	0.57876	13.91618	1.05879	1	-0.01175	-0.01316	0.66958	0.00303	1	0.05518	-0.01736	0.66124	0.00314	1	1.45898	0.81042	0	
1230984	8303.73730	3303836967076	0.40998	0.62714	8303.58984	0.14746	10791	1	0.45514	0.67935	1	0.36134	0.64188	1	0.40824	0.66061	1	0.45137	0.55801	13.68380	1.05879	1	0.71604	0.57916	14.12306	1.05113	1	-0.01175	-0.01316	0.66958	0.00318	1	0.05518	-0.01736	0.66124	0.00313	1	1.45898	0.81042	0	
1230985	8303.74414	3303837034197	0.41000	0.62770	8303.58984	0.15430	10791	1	0.44626	0.64940	1	0.37489	0.63182	1	0.41058	0.64061	1	0.45137	0.55800	13.62830	1.05113	1	0.71609	0.57955	14.14251	1.04347	1	-0.01175	-0.01316	0.66958	0.00320	1	0.05518	-0.01736	0.66124	0.00330	1	1.45898	0.81042	0	
1230986	8303.75098	3303837100321	0.41007	0.62845	8303.58984	0.16113	10791	1	0.44761	0.65328	1	0.37570	0.63965	1	0.41166	0.64646	1	0.45132	0.55847	13.65788	1.04347	1	0.71632	0.57943	13.56462	1.02901	1	-0.01196	-0.01356	0.68750	0.00296	1	0.05319	-0.01686	0.63681	0.00331	1	1.45898	0.81042	0	
1230987	8303.75684	3303837167758	0.40931	0.62940	8303.58984	0.16699	10791	1	0.42692	0.66412	1	0.35359	0.64204	1	0.39025	0.65308	1	0.45137	0.55877	13.69758	1.02901	1	0.71659	0.57982	13.23063	1.02220	1	-0.01196	-0.01356	0.68750	0.00304	1	0.05319	-0.01686	0.63681	0.00314	1	1.45898	0.81042	0	
1230988	8303.76367	3303837234154	0.40871	0.63059	8303.58984	0.17383	10791	1	0.42563	0.68365	1	0.36087	0.63966	1	0.39325	0.66166	1	0.45149	0.55888	13.03997	1.02220	1	0.71657	0.57996	12.99186	1.01539	1	-0.01196	-0.01356	0.68750	0.00325	1	0.05319	-0.01686	0.63681	0.00330	1	1.45898	0.81042	0	
1230989	8303.77051	3303837301650	0.40821	0.63183	8303.58984	0.18066	10791	1	0.42860	0.69088	1	0.36090	0.63986	1	0.39475	0.66537	1	0.45212	0.55915	13.89509	1.00737	1	0.71657	0.58076	13.18435	1.01503	1	-0.01149	-0.01328	0.66314	0.00309	1	0.05751	-0.01840	0.68723	0.00311	1	1.45898	0.81042	0	
1230990	8303.77734	3303837368402	0.40857	0.63197	8303.58984	0.18750	10791	1	0.46711	0.64472	1	0.36979	0.62692	1	0.41845	0.63582	1	0.45254	0.55929	14.37503	1.00702	1	0.71679	0.58096	13.95850	1.02148	1	-0.01149	-0.01328	0.66314	0.00320	1	0.05751	-0.01840	0.68723	0.00312	1	1.45898	0.81042	0	
1230991	8303.78418	3303837436176	0.40826	0.63253	8303.58984	0.19434	10791	1	0.42332	0.64802	1	0.37541	0.64962	1	0.39936	0.64882	1	0.45187	0.55920	13.54073	1.01347	1	0.71690	0.58106	13.95689	1.02793	1	-0.01149	-0.01328	0.66314	0.00318	1	0.05751	-0.01840	0.68723	0.00313	1	1.45898	0.81042	0	
1230992	8303.79102	3303837502994	0.40792	0.63288	8303.58984	0.20117	10791	1	0.42038	0.64038	1	0.37502	0.64600	1	0.39770	0.64319	1	0.45199	0.55945	13.64042	1.02793	1	0.71697	0.58133	13.90331	1.03474	1	-0.01146	-0.01357	0.67017	0.00292	1	0.05524	-0.01781	0.65961	0.00297	1	1.45898	0.81042	0	
1230993	8303.79785	3303837569484	0.40768	0.63515	8303.58984	0.20801	10791	1	0.42867	0.70688	1	0.37203	0.70445	1	0.40035	0.70566	1	0.45216	0.56024	13.50504	1.04276	1	0.71713	0.58170	13.96520	1.03510	1	-0.01146	-0.01357	0.67017	0.00311	1	0.05524	-0.01781	0.65961	0.00318	1	1.45898	0.81042	0	
1230994	8303.80371	3303837636502	0.40785	0.63653	8303.58984	0.21387	10791	1	0.48196	0.71258	1	0.34412	0.64886	1	0.41304	0.68072	1	0.45371	0.56010	13.53325	1.04312	1	0.71702	0.58161	13.88840	1.03546	1	-0.01146	-0.01357	0.67017	0.00357	1	0.05524	-0.01781	0.65961	0.00306	1	1.45898	0.81042	0	
1230995	8303.81055	3303837702125	0.40799	0.63777	8303.58984	0.22070	10791	1	0.48191	0.71242	1	0.34344	0.64464	1	0.41267	0.67853	1	0.45406	0.55965	12.51965	1.04347	1	0.71906	0.58191	14.32670	1.04347	1	-0.01103	-0.01342	0.66257	0.00308	1	0.05726	-0.01844	0.67936	0.00303	1	1.45898	0.81042	0	
1230996	8303.81738	3303837769649	0.40902	0.63750	8303.58984	0.22754	10791	1	0.44684	0.64760	1	0.44127	0.60916	1	0.44405	0.62838	1	0.45520	0.55889	12.26663	1.04347	1	0.72007	0.58141	13.66324	1.05113	1	-0.01103	-0.01342	0.66257	0.00313	1	0.05726	-0.01844	0.67936	0.00315	1	1.45898	0.81042	0	
1230997	8303.82422	3303837836709	0.40799	0.63655	8303.58984	0.23438	10791	1	0.38614	0.62334	1	0.35767	0.58325	1	0.37190	0.60330	1	0.45574	0.55865	12.10625	1.05113	1	0.72033	0.58128	13.58864	1.05879	1	-0.01103	-0.01342	0.66257	0.00279	1	0.05726	-0.01844	0.67936	0.00286	1	1.45898	0.81042	0	
1230998	8303.83105	3303837904585	0.40698	0.63554	8303.58984	0.24121	10791	1	0.38440	0.61925	1	0.35713	0.57883	1	0.37076	0.59904	1	0.46042	0.55813	12.63421	1.05879	1	0.72496	0.58113	14.10295	1.06645	1	-0.01028	-0.01359	0.67859	0.00326	1	0.05860	-0.01846	0.68554	0.00343	1	1.45898	0.81042	0	
1230999	8303.83789	3303837971605	0.41244	0.63442	8303.58984	0.24805	10791	1	0.65102	0.60151	1	0.57817	0.58509	1	0.61460	0.59330	1	0.46190	0.55744	12.45409	1.06645	1	0.72584	0.58104	14.23612	1.06645	1	-0.01028	-0.01359	0.67859	0.00341	1	0.05860	-0.01846	0.68554	0.00335	1	1.45898	0.81042	0	
1231000	8303.84473	3303838038514	0.41698	0.63117	8303.58984	0.25488	10791	1	0.61150	0.44867	1	0.56689	0.56604	1	0.58920	0.50736	1	0.46221	0.55638	11.91195	1.06645	1	0.72603	0.58092	14.41029	1.06645	1	-0.01028	-0.01359	0.67859	0.00331	1	0.05860	-0.01846	0.68554	0.00320	1	1.45898	0.81042	0	
1231001	8303.85059	3303838102667	0.45174	0.61972	8303.58984	0.25488	10791	0	0.61176	0.45414	1	0.56592	0.57086	1	0.58884	0.51250	1	0.46479	0.55715	13.57138	1.05843	1	0.72915	0.58072	13.99287	1.05843	1	-0.00934	-0.01310	0.65927	0.00357	1	0.05831	-0.01821	0.67624	0.00391	1	1.45898	0.81042	0	
1231002	8303.85742	3303838171448	0.58279	0.60269	8303.58984	0.25488	10791	0	0.74197	0.53167	1	0.68570	0.63965	1	0.71384	0.58566	1	0.46528	0.55699	13.46801	1.05042	1	0.72887	0.58094	14.39335	1.05042	1	-0.00934	-0.01310	0.65927	0.00361	1	0.05831	-0.01821	0.67624	0.00357	1	1.45898	0.81042	0	
1231003	8303.86426	3303838238425	0.62742	0.59223	8303.58984	0.25488	10791	0	0.75248	0.50256	1	0.68089	0.64008	1	0.71668	0.57132	1	0.46521	0.55711	13.35377	1.04240	1	0.72885	0.58103	14.20060	1.04240	1	-0.00934	-0.01310	0.65927	0.00348	1	0.05831	-0.01821	0.67624	0.00362	1	1.45898	0.81042	0	
1231004	8303.87109	3303838303575	0.71475	0.57902	8303.58984	0.25488	10791	0	0.75177	0.50769	1	0.67571	0.65245	1	0.71374	0.58007	1	0.46538	0.55759	13.91597	1.03438	1	0.72912	0.58141	14.04283	1.01992	1	-0.00934	-0.01320	0.65927	0.00353	1	0.05504	-0.01721	0.63726	0.00376	1	1.45898	0.81042	0	
1231005	8303.87793	3303838370830	0.71659	0.57587	8303.58984	0.25488	10791	0	0.75390	0.53230	1	0.68296	0.61316	1	0.71843	0.57273	1	0.46549	0.55765	13.60612	1.01992	1	0.72895	0.58140	14.49953	1.00545	1	-0.00934	-0.01320	0.65927	0.00365	1	0.05504	-0.01721	0.63726	0.00375	1	1.45898	0.81042	0	
1231006	8303.88477	3303838440419	0.72032	0.57350	8303.58984	0.25488	10791	0	0.76606	0.52675	1	0.68951	0.61076	1	0.72778	0.56875	1	0.46545	0.55750	13.50510	1.00545	1	0.72912	0.58140	14.61355	0.99098	1	-0.00934	-0.01320	0.65927	0.00368	1	0.05504	-0.01721	0.63726	0.00374	1	1.45898	0.81042	0	
1231007	8303.89062	3303838506007	0.72154	0.57457	8303.87109	0.01953	10792	1	0.76454	0.53600	1	0.68588	0.61957	1	0.72521	0.57778	1	0.46539	0.55713	13.16034	0.99098	1	0.72914	0.58182	14.10855	0.97651	1	-0.00934	-0.01320	0.65927	0.00372	1	0.05632	-0.01765	0.65205	0.00378	1	1.45898	0.81042	0	
1231008	8303.89746	3303838570838	0.72365	0.58052	8303.87109	0.02637	10792	1	0.77073	0.56971	1	0.69341	0.63888	1	0.73207	0.60430	1	0.46537	0.55734	13.21263	0.97651	1	0.72928	0.58152	13.82842	0.97651	1	-0.00934	-0.01320	0.65927	0.00354	1	0.05632	-0.01765	0.65205	0.00397	1	1.45898	0.81042	0	
1231009	8303.90430	3303838636651	0.72387	0.58501	8303.87109	0.03320	10792	1	0.76462	0.54118	1	0.68531	0.67373	1	0.72497	0.60745	1	0.46537	0.55734	13.21263	0.97651	1	0.72910	0.58182	13.68128	0.97651	1	-0.00934	-0.01320	0.65927	0.00354	1	0.05632	-0.01765	0.65205	0.00393	1	1.45898	0.81042	0	
1231010	8303.91113	3303838705358	0.72415	0.58794	8303.87109	0.04004	10792	1	0.76462	0.54118	1	0.68702	0.66996	1	0.72582	0.60557	1	0.46531	0.55761	13.25493	0.97651	1	0.72923	0.58147	13.94658	0.98332	1	-0.00934	-0.01320	0.65927	0.00353	1	0.05732	-0.01798	0.66416	0.00388	1	1.45898	0.81042	0	
1231011	8303.91797	3303838775583	0.72377	0.59002	8303.87109	0.04688	10792	1	0.75297	0.57347	1	0.68932	0.63565	1	0.72114	0.60456	1	0.46518	0.55772	14.30067	0.98332	1	0.72916	0.58159	13.96245	0.99013	1	-0.00934	-0.01320	0.65927	0.00347	1	0.05732	-0.01798	0.66416	0.00374	1	1.45898	0.81042	0	
1231012	8303.92480	3303838842590	0.72461	0.59035	8303.87109	0.05371	10792	1	0.76937	0.57349	1	0.69320	0.61250	1	0.73128	0.59300	1	0.46524	0.55777	14.18092	0.99013	1	0.72915	0.58130	14.12944	0.99694	1	-0.00934	-0.01320	0.65927	0.00347	1	0.05732	-0.01798	0.66416	0.00383	1	1.45898	0.81042	0	
1231013	8303.93164	3303838908918	0.72554	0.58972	8303.87109	0.06055	10792	1	0.77101	0.56457	1	0.69694	0.60354	1	0.73398	0.58405	1	0.46498	0.55701	13.55685	1.00496	1	0.72886	0.58088	13.82408	1.01176	1	-0.00966	-0.01352	0.67784	0.00378	1	0.05732	-0.01793	0.66416	0.00388	1	1.45898	0.81042	0	
1231014	8303.93848	3303838976343	0.72450	0.58813	8303.87109	0.06738	10792	1	0.75046	0.51921	1	0.67760	0.62529	1	0.71403	0.57225	1	0.46506	0.55692	13.59219	1.01978	1	0.72886	0.58110	14.01367	1.01978	1	-0.00966	-0.01352	0.67784	0.00340	1	0.05732	-0.01793	0.66416	0.00396	1	1.45898	0.81042	0	
1231015	8303.94434	3303839042920	0.72416	0.58511	8303.87109	0.07324	10792	1	0.74084	0.46131	1	0.70008	0.64243	1	0.72046	0.55187	1	0.46507	0.55693	13.65980	1.02780	1	0.72917	0.58086	14.35893	1.02780	1	-0.00966	-0.01352	0.67784	0.00337	1	0.05732	-0.01793	0.66416	0.00390	1	1.45898	0.81042	0	
1231016	8303.95117	3303839109967	0.72398	0.58217	8303.87109	0.08008	10792	1	0.74147	0.45579	1	0.70210	0.63796	1	0.72179	0.54688	1	0.46463	0.55677	13.36863	1.03581	1	0.72883	0.58156	14.02623	1.03581	1	-0.00968	-0.01336	0.67222	0.00339	1	0.05609	-0.01753	0.65104	0.00388	1	1.45898	0.81042	0	
1231017	8303.95801	3303839177967	0.72544	0.58049	8303.87109	0.08691	10792	1	0.77443	0.46391	1	0.71457	0.65334	1	0.74450	0.55863	1	0.46453	0.55687	13.42174	1.03581	1	0.72900	0.58110	14.13812	1.03581	1	-0.00968	-0.01336	0.67222	0.00339	1	0.05609	-0.01753	0.65104	0.00372	1	1.45898	0.81042	0	
1231018	8303.96484	3303839244181	0.72586	0.57965	8303.87109	0.09375	10792	1	0.73800	0.48860	1	0.72538	0.64737	1	0.73169	0.56798	1	0.46437	0.55659	13.25970	1.03581	1	0.72883	0.58097	14.37860	1.03581	1	-0.00968	-0.01336	0.67222	0.00341	1	0.05609	-0.01753	0.65104	0.00373	1	1.45898	0.81042	0	
1231019	8303.97168	3303839311097	0.72608	0.57934	8303.87109	0.10059	10792	1	0.73739	0.49387	1	0.72132	0.65550	1	0.72936	0.57469	1	0.46457	0.55646	13.49291	1.02780	1	0.72812	0.58083	14.30712	1.02099	1	-0.00953	-0.01294	0.65848	0.00363	1	0.05480	-0.01700	0.63668	0.00368	1	1.45898	0.81042	0	
1231020	8303.97852	3303839378296	0.72550	0.57816	8303.87109	0.10742	10792	1	0.73959	0.49278	1	0.69291	0.62568	1	0.71625	0.55923	1	0.46435	0.55621	13.86900	1.01297	1	0.72835	0.58065	14.05329	1.00616	1	-0.00953	-0.01294	0.65848	0.00377	1	0.05480	-0.01700	0.63668	0.00367	1	1.45898	0.81042	0	
1231021	8303.98535	3303839445446	0.72529	0.57849	8303.87109	0.11426	10792	1	0.74270	0.50797	1	0.70084	0.66033	1	0.72177	0.58415	1	0.46431	0.55583	13.55882	0.99815	1	0.72853	0.58040	14.03621	0.99134	1	-0.00953	-0.01294	0.65848	0.00352	1	0.05480	-0.01700	0.63668	0.00372	1	1.45898	0.81042	0	
1231022	8303.99219	3303839512647	0.72507	0.57906	8303.87109	0.12109	10792	1	0.74146	0.51780	1	0.70075	0.66053	1	0.72110	0.58917	1	0.46407	0.55612	13.36298	0.98332	1	0.72811	0.58052	14.17160	0.99098	1	-0.00966	-0.01299	0.66085	0.00357	1	0.05784	-0.01792	0.67308	0.00375	1	1.45898	0.81042	0	
1231023	8303.99805	3303839577511	0.72506	0.58009	8303.87109	0.12695	10792	1	0.74832	0.51405	1	0.70128	0.68558	1	0.72480	0.59981	1	0.46385	0.55590	13.99974	0.99098	1	0.72812	0.58027	14.19100	1.00545	1	-0.00966	-0.01299	0.66085	0.00339	1	0.05784	-0.01792	0.67308	0.00368	1	1.45898	0.81042	0	
1231024	8304.00488	3303839646623	0.72668	0.58119	8303.87109	0.13379	10792	1	0.78955	0.55160	1	0.72880	0.65463	1	0.75918	0.60312	1	0.46402	0.55573	13.99281	1.00545	1	0.72815	0.57995	14.27134	1.01992	1	-0.00966	-0.01299	0.66085	0.00343	1	0.05784	-0.01792	0.67308	0.00379	1	1.45898	0.81042	0	
1231025	8304.01172	3303839713551	0.72825	0.58190	8303.87109	0.14062	10792	1	0.79139	0.54273	1	0.73071	0.65088	1	0.76105	0.59680	1	0.46376	0.55531	13.38437	1.01992	1	0.72754	0.57942	14.17707	1.02673	1	-0.00965	-0.01269	0.65306	0.00354	1	0.05654	-0.01742	0.65973	0.00375	1	1.45898	0.81042	0	
1231026	8304.01855	3303839780016	0.72854	0.58175	8303.87109	0.14746	10792	1	0.77072	0.50706	1	0.69923	0.64994	1	0.73497	0.57850	1	0.46364	0.55516	13.83625	1.02673	1	0.72756	0.57947	14.26519	1.01907	1	-0.00965	-0.01269	0.65306	0.00368	1	0.05654	-0.01742	0.65973	0.00370	1	1.45898	0.81042	0	
1231027	8304.02539	3303839846727	0.72854	0.58232	8303.87109	0.15430	10792	1	0.75388	0.50075	1	0.70305	0.69004	1	0.72846	0.59540	1	0.46341	0.55486	13.57416	1.01907	1	0.72775	0.57933	14.41450	1.01141	1	-0.00965	-0.01269	0.65306	0.00357	1	0.05654	-0.01742	0.65973	0.00351	1	1.45898	0.81042	0	
1231028	8304.03223	3303839914026	0.72857	0.58276	8303.87109	0.16113	10792	1	0.75391	0.50052	1	0.70512	0.68589	1	0.72952	0.59320	1	0.46328	0.55513	13.85848	1.01942	1	0.72743	0.57940	14.22038	1.01942	1	-0.01026	-0.01324	0.68431	0.00351	1	0.05751	-0.01763	0.67158	0.00375	1	1.45898	0.81042	0	
1231029	8304.03809	3303839980678	0.72862	0.58223	8303.87109	0.16699	10792	1	0.74892	0.50999	1	0.71058	0.62815	1	0.72975	0.56907	1	0.46323	0.55487	13.77838	1.02744	1	0.72726	0.57878	14.58357	1.03510	1	-0.01026	-0.01324	0.68431	0.00343	1	0.05751	-0.01763	0.67158	0.00380	1	1.45898	0.81042	0	
1231030	8304.04492	3303840047636	0.73011	0.58165	8303.87109	0.17383	10792	1	0.80047	0.51647	1	0.73728	0.61668	1	0.76888	0.56657	1	0.46325	0.55468	13.87223	1.04312	1	0.72730	0.57880	14.35128	1.05078	1	-0.01026	-0.01324	0.68431	0.00347	1	0.05751	-0.01763	0.67158	0.00386	1	1.45898	0.81042	0	
1231031	8304.05176	3303840114482	0.73151	0.58103	8303.87109	0.18066	10792	1	0.80147	0.51169	1	0.73728	0.61668	1	0.76938	0.56418	1	0.46311	0.55443	13.21020	1.05078	1	0.72673	0.57821	14.55458	1.05078	1	-0.00988	-0.01254	0.65554	0.00373	1	0.05546	-0.01690	0.64936	0.00372	1	1.45898	0.81042	0	
1231032	8304.05859	3303840181808	0.73131	0.57979	8303.87109	0.18750	10792	1	0.75413	0.45716	1	0.69737	0.63317	1	0.72575	0.54517	1	0.46278	0.55421	13.79015	1.04276	1	0.72673	0.57788	14.70281	1.03510	1	-0.00988	-0.01254	0.65554	0.00378	1	0.05546	-0.01690	0.64936	0.00355	1	1.45898	0.81042	0	
1231033	8304.06543	3303840249491	0.73030	0.57984	8303.87109	0.19434	10792	1	0.73210	0.51269	1	0.66944	0.65023	1	0.70077	0.58146	1	0.46272	0.55436	13.86173	1.02708	1	0.72645	0.57804	14.42842	1.01942	1	-0.00988	-0.01254	0.65554	0.00354	1	0.05546	-0.01690	0.64936	0.00366	1	1.45898	0.81042	0	
1231034	8304.07227	3303840315408	0.72933	0.57998	8303.87109	0.20117	10792	1	0.73155	0.51759	1	0.66944	0.65023	1	0.70049	0.58391	1	0.46240	0.55431	13.53945	1.01942	1	0.72646	0.57770	14.13058	1.01942	1	-0.01047	-0.01304	0.68470	0.00359	1	0.05860	-0.01772	0.68673	0.00385	1	1.45898	0.81042	0	
1231035	8304.07910	3303840382016	0.72963	0.57958	8303.87109	0.20801	10792	1	0.75986	0.49703	1	0.71743	0.63763	1	0.73865	0.56733	1	0.46218	0.55386	13.30336	1.02744	1	0.72627	0.57789	14.34354	1.03510	1	-0.01047	-0.01304	0.68470	0.00341	1	0.05860	-0.01772	0.68673	0.00380	1	1.45898	0.81042	0	
1231036	8304.08594	3303840450986	0.72984	0.57857	8303.87109	0.21484	10792	1	0.75743	0.47709	1	0.71570	0.61518	1	0.73657	0.54613	1	0.46178	0.55379	13.36152	1.04312	1	0.72624	0.57736	14.17182	1.05078	1	-0.01047	-0.01304	0.68470	0.00352	1	0.05860	-0.01772	0.68673	0.00364	1	1.45898	0.81042	0	
1231037	8304.09180	3303840516374	0.73012	0.57733	8303.87109	0.22070	10792	1	0.75887	0.46670	1	0.71978	0.60621	1	0.73933	0.53645	1	0.46212	0.55308	13.27309	1.05879	1	0.72587	0.57630	13.99402	1.06645	1	-0.01049	-0.01274	0.67925	0.00367	1	0.05688	-0.01716	0.66899	0.00378	1	1.45898	0.81042	0	
1231038	8304.09863	3303840583716	0.73050	0.57518	8303.87109	0.22754	10792	1	0.76328	0.43872	1	0.72371	0.56542	1	0.74350	0.50207	1	0.46197	0.55245	13.74639	1.06645	1	0.72580	0.57638	13.91061	1.06645	1	-0.01049	-0.01274	0.67925	0.00368	1	0.05688	-0.01716	0.66899	0.00397	1	1.45898	0.81042	0	
1231039	8304.10547	3303840650634	0.73126	0.57356	8303.87109	0.23438	10792	1	0.77813	0.48563	1	0.73793	0.54825	1	0.75803	0.51694	1	0.46196	0.55240	13.66103	1.06645	1	0.72572	0.57627	14.15588	1.06645	1	-0.01049	-0.01274	0.67925	0.00370	1	0.05688	-0.01716	0.66899	0.00398	1	1.45898	0.81042	0	
1231040	8304.11230	3303840718426	0.73189	0.57229	8303.87109	0.24121	10792	1	0.77727	0.49076	1	0.73172	0.56239	1	0.75449	0.52658	1	0.46180	0.55246	13.70703	1.05843	1	0.72512	0.57584	13.85982	1.04397	1	-0.01032	-0.01225	0.65838	0.00357	1	0.05366	-0.01608	0.63225	0.00377	1	1.45898	0.81042	0	
1231041	8304.11914	3303840784833	0.73158	0.57234	8303.87109	0.24805	10792	1	0.75033	0.48189	1	0.68997	0.66673	1	0.72015	0.57431	1	0.46171	0.55210	13.53544	1.03595	1	0.72506	0.57619	13.78411	1.02148	1	-0.01032	-0.01225	0.65838	0.00375	1	0.05366	-0.01608	0.63225	0.00383	1	1.45898	0.81042	0	
1231042	8304.12598	3303840851886	0.73169	0.57169	8303.87109	0.25488	10792	1	0.76321	0.51639	1	0.70816	0.57710	1	0.73569	0.54675	1	0.46158	0.55245	13.59234	1.01347	1	0.72550	0.57553	13.81621	0.99900	1	-0.01032	-0.01225	0.65838	0.00364	1	0.05366	-0.01608	0.63225	0.00396	1	1.45898	0.81042	0	
1231043	8304.13184	3303840918174	0.73177	0.57118	8303.87109	0.26074	10792	1	0.76174	0.52571	1	0.70816	0.57710	1	0.73495	0.55141	1	0.46144	0.55237	13.57963	0.99900	1	0.72510	0.57572	14.01974	0.99900	1	-0.01079	-0.01270	0.68550	0.00381	1	0.05806	-0.01742	0.68529	0.00374	1	1.45898	0.81042	0	
1231044	8304.13867	3303840985634	0.73127	0.57027	8303.87109	0.26758	10792	1	0.73520	0.48206	1	0.68728	0.58584	1	0.71124	0.53395	1	0.46111	0.55255	13.80886	1.00702	1	0.72468	0.57536	13.92639	1.02148	1	-0.01079	-0.01270	0.68550	0.00357	1	0.05806	-0.01742	0.68529	0.00379	1	1.45898	0.81042	0	
1231045	8304.14551	3303841052456	0.73403	0.54426	8303.87109	0.26758	10792	0	0.77518	0.51542	1	0.69534	0.57521	1	0.73526	0.54531	1	0.46130	0.55272	13.92109	1.02950	1	0.72469	0.57535	13.73370	1.04397	1	-0.01079	-0.01270	0.68550	0.00360	1	0.05806	-0.01742	0.68529	0.00380	1	1.45898	0.81042	0	
1231046	8304.15234	3303841119664	0.73504	0.54249	8303.87109	0.26758	10792	0	0.77676	0.50625	1	0.69534	0.57521	1	0.73605	0.54073	1	0.46100	0.55262	13.98023	1.04397	1	0.72494	0.57561	13.91127	1.04397	1	-0.01051	-0.01219	0.65826	0.00353	1	0.05261	-0.01577	0.62208	0.00378	1	1.45898	0.81042	0	
1231047	8304.15918	3303841185955	0.73754	0.54585	8303.87109	0.26758	10792	0	0.77743	0.47928	1	0.70767	0.62582	1	0.74255	0.55255	1	0.46064	0.55251	13.75630	1.03595	1	0.72458	0.57584	14.04591	1.02148	1	-0.01051	-0.01219	0.65826	0.00354	1	0.05261	-0.01577	0.62208	0.00380	1	1.45898	0.81042	0	
1231048	8304.16602	3303841253511	0.73891	0.55408	8304.14551	0.02051	10793	1	0.78198	0.50097	1	0.70401	0.65659	1	0.74300	0.57878	1	0.46068	0.55237	13.71388	1.01347	1	0.72464	0.57598	14.31067	0.99900	1	-0.01051	-0.01219	0.65826	0.00353	1	0.05261	-0.01577	0.62208	0.00378	1	1.45898	0.81042	0	
1231049	8304.17285	3303841321265	0.73935	0.56040	8304.14551	0.02734	10793	1	0.78028	0.51049	1	0.70200	0.66087	1	0.74114	0.58568	1	0.46061	0.55244	13.30615	0.99900	1	0.72430	0.57547	13.49890	0.99134	1	-0.01101	-0.01271	0.68585	0.00356	1	0.05445	-0.01634	0.64440	0.00374	1	1.45898	0.81042	0	
1231050	8304.17969	3303841387806	0.73663	0.55635	8304.14551	0.03418	10793	1	0.75390	0.51246	1	0.69212	0.55973	1	0.72301	0.53609	1	0.46027	0.55254	13.70566	0.99936	1	0.72440	0.57488	13.83893	1.00616	1	-0.01101	-0.01271	0.68585	0.00360	1	0.05445	-0.01634	0.64440	0.00395	1	1.45898	0.81042	0	
1231051	8304.18555	3303841454059	0.73673	0.55570	8304.14551	0.04004	10793	1	0.75920	0.53868	1	0.71552	0.56493	1	0.73736	0.55181	1	0.46036	0.55256	13.62391	1.01418	1	0.72431	0.57510	13.35299	1.02099	1	-0.01101	-0.01271	0.68585	0.00361	1	0.05445	-0.01634	0.64440	0.00423	1	1.45898	0.81042	0	
1231052	8304.19238	3303841521439	0.73715	0.55404	8304.14551	0.04688	10793	1	0.76065	0.52947	1	0.71948	0.55545	1	0.74007	0.54246	1	0.46030	0.55208	13.75547	1.02901	1	0.72406	0.57561	14.05740	1.03581	1	-0.01099	-0.01263	0.67884	0.00381	1	0.05560	-0.01661	0.65909	0.00381	1	1.45898	0.81042	0	
1231053	8304.19922	3303841588393	0.73675	0.55159	8304.14551	0.05371	10793	1	0.75618	0.48886	1	0.71090	0.57506	1	0.73354	0.53196	1	0.46000	0.55253	13.65699	1.03581	1	0.72413	0.57530	14.10055	1.03581	1	-0.01099	-0.01263	0.67884	0.00369	1	0.05560	-0.01661	0.65909	0.00382	1	1.45898	0.81042	0	
1231054	8304.20605	3303841653431	0.73834	0.55003	8304.14551	0.06055	10793	1	0.79514	0.47014	1	0.71014	0.60183	1	0.75264	0.53598	1	0.46020	0.55247	13.86143	1.03581	1	0.72385	0.57570	14.47641	1.03581	1	-0.01099	-0.01263	0.67884	0.00372	1	0.05560	-0.01661	0.65909	0.00374	1	1.45898	0.81042	0	
1231055	8304.21289	3303841722955	0.73964	0.54875	8304.14551	0.06738	10793	1	0.79514	0.47014	1	0.71014	0.60183	1	0.75264	0.53598	1	0.45999	0.55220	13.21389	1.03581	1	0.72364	0.57548	13.06635	1.03581	1	-0.01128	-0.01283	0.68979	0.00360	1	0.05507	-0.01658	0.65397	0.00390	1	1.45898	0.81042	0	
1231056	8304.21973	3303841789453	0.73951	0.54767	8304.14551	0.07422	10793	1	0.76842	0.43210	1	0.70779	0.63950	1	0.73811	0.53580	1	0.45993	0.55201	13.29092	1.03581	1	0.72371	0.57592	13.83655	1.03581	1	-0.01128	-0.01283	0.68979	0.00377	1	0.05507	-0.01658	0.65397	0.00378	1	1.45898	0.81042	0	
1231057	8304.22656	3303841856384	0.73789	0.54619	8304.14551	0.08105	10793	1	0.73415	0.42783	1	0.70265	0.62906	1	0.71840	0.52844	1	0.45958	0.55212	13.30251	1.03581	1	0.72375	0.57593	13.84232	1.03581	1	-0.01128	-0.01283	0.68979	0.00385	1	0.05507	-0.01658	0.65397	0.00375	1	1.45898	0.81042	0	
1231058	8304.23242	3303841922939	0.73647	0.54514	8304.14551	0.08691	10793	1	0.73357	0.43356	1	0.70256	0.62926	1	0.71807	0.53141	1	0.45940	0.55240	13.67769	1.02780	1	0.72335	0.57542	14.16637	1.03546	1	-0.01080	-0.01229	0.65793	0.00353	1	0.05597	-0.01691	0.66529	0.00396	1	1.45898	0.81042	0	
1231059	8304.23926	3303841990526	0.73570	0.54479	8304.14551	0.09375	10793	1	0.74712	0.45935	1	0.70272	0.62041	1	0.72492	0.53988	1	0.45933	0.55284	13.32881	1.02744	1	0.72331	0.57572	14.04397	1.03510	1	-0.01080	-0.01229	0.65793	0.00369	1	0.05597	-0.01691	0.66529	0.00381	1	1.45898	0.81042	0	
1231060	8304.24609	3303842056967	0.73560	0.54307	8304.14551	0.10059	10793	1	0.75542	0.47416	1	0.71270	0.56041	1	0.73406	0.51729	1	0.45938	0.55274	13.31634	1.02708	1	0.72342	0.57515	13.83791	1.03474	1	-0.01080	-0.01229	0.65793	0.00374	1	0.05597	-0.01691	0.66529	0.00392	1	1.45898	0.81042	0	
1231061	8304.25293	3303842123518	0.73539	0.54184	8304.14551	0.10742	10793	1	0.75539	0.47440	1	0.70883	0.56982	1	0.73211	0.52211	1	0.45904	0.55322	13.65411	1.02673	1	0.72328	0.57556	14.23566	1.01992	1	-0.01089	-0.01232	0.65697	0.00349	1	0.05317	-0.01610	0.63312	0.00370	1	1.45898	0.81042	0	
1231062	8304.25977	3303842190673	0.73466	0.54177	8304.14551	0.11426	10793	1	0.74289	0.46300	1	0.70150	0.61843	1	0.72220	0.54071	1	0.45901	0.55331	13.37174	1.01992	1	0.72299	0.57563	14.23707	1.00545	1	-0.01089	-0.01232	0.65697	0.00361	1	0.05317	-0.01610	0.63312	0.00380	1	1.45898	0.81042	0	
1231063	8304.26562	3303842255409	0.73416	0.54246	8304.14551	0.12012	10793	1	0.74855	0.49632	1	0.70185	0.61324	1	0.72520	0.55478	1	0.45895	0.55325	12.95272	1.00545	1	0.72312	0.57546	14.11419	0.99098	1	-0.01089	-0.01232	0.65697	0.00357	1	0.05317	-0.01610	0.63312	0.00393	1	1.45898	0.81042	0	
1231064	8304.27246	3303842320946	0.73363	0.54343	8304.14551	0.12695	10793	1	0.74727	0.50601	1	0.69984	0.61790	1	0.72355	0.56195	1	0.45883	0.55336	13.58279	0.99098	1	0.72290	0.57584	14.18386	0.98332	1	-0.01100	-0.01238	0.65779	0.00374	1	0.05530	-0.01676	0.65909	0.00368	1	1.45898	0.81042	0	
1231065	8304.27930	3303842389326	0.73251	0.54450	8304.14551	0.13379	10793	1	0.73961	0.52460	1	0.68068	0.60721	1	0.71014	0.56591	1	0.45892	0.55332	13.59392	0.98332	1	0.72274	0.57597	13.68352	0.99013	1	-0.01100	-0.01238	0.65779	0.00373	1	0.05530	-0.01676	0.65909	0.00374	1	1.45898	0.81042	0	
1231066	8304.28613	3303842459260	0.73239	0.54344	8304.14551	0.14062	10793	1	0.76916	0.45709	1	0.69045	0.58498	1	0.72981	0.52104	1	0.45895	0.55322	13.55195	0.99013	1	0.72282	0.57608	14.01928	0.99694	1	-0.01100	-0.01238	0.65779	0.00377	1	0.05530	-0.01676	0.65909	0.00372	1	1.45898	0.81042	0	
1231067	8304.29297	3303842526208	0.73236	0.54212	8304.14551	0.14746	10793	1	0.77074	0.44645	1	0.69245	0.57991	1	0.73160	0.51318	1	0.45824	0.55365	13.17410	1.00496	1	0.72215	0.57607	13.49112	1.00496	1	-0.01160	-0.01304	0.68434	0.00342	1	0.05422	-0.01652	0.64794	0.00392	1	1.45898	0.81042	0	
1231068	8304.29980	3303842590200	0.73275	0.54266	8304.14551	0.15430	10793	1	0.76174	0.48133	1	0.72191	0.62876	1	0.74182	0.55504	1	0.45733	0.55378	13.27659	1.01297	1	0.72181	0.57623	13.98229	1.00616	1	-0.01160	-0.01304	0.68434	0.00353	1	0.05422	-0.01652	0.64794	0.00389	1	1.45898	0.81042	0	
1231069	8304.30664	3303842657264	0.73815	0.53995	8304.14551	0.16113	10793	1	0.86476	0.51616	1	0.87094	0.43374	1	0.86785	0.47495	1	0.45734	0.55436	14.57560	1.01418	1	0.72323	0.57380	11.76181	1.00737	1	-0.01160	-0.01304	0.68434	0.00342	1	0.05422	-0.01652	0.64794	0.00314	1	1.45898	0.81042	0	
1231070	8304.31250	3303842724648	0.74327	0.53720	8304.14551	0.16699	10793	1	0.86499	0.51539	1	0.87751	0.42129	1	0.87125	0.46834	1	0.45111	0.55289	12.98066	1.01539	1	0.71573	0.57477	14.67027	1.02305	1	-0.01258	-0.01300	0.68216	0.00373	1	0.05523	-0.01706	0.67085	0.00357	1	1.45898	0.81042	0	
1231071	8304.31934	3303842793292	0.73619	0.53434	8304.14551	0.17383	10793	1	0.54805	0.48423	1	0.55612	0.43613	1	0.55208	0.46018	1	0.44981	0.55346	13.37462	1.02305	1	0.71487	0.57397	13.73875	1.03752	1	-0.01258	-0.01300	0.68216	0.00349	1	0.05523	-0.01706	0.67085	0.00367	1	1.45898	0.81042	0	
1231072	8304.32617	3303842860993	0.73243	0.52985	8304.14551	0.18066	10793	1	0.62531	0.43499	1	0.63659	0.38180	1	0.63095	0.40839	1	0.44958	0.55321	13.63258	1.03752	1	0.71476	0.57333	14.35502	1.05198	1	-0.01258	-0.01300	0.68216	0.00313	1	0.05523	-0.01706	0.67085	0.00299	1	1.45898	0.81042	0	
1231073	8304.33301	3303842927947	0.72891	0.52578	8304.14551	0.18750	10793	1	0.62532	0.43547	1	0.63504	0.38840	1	0.63018	0.41193	1	0.44486	0.55433	12.75931	1.03684	1	0.70886	0.57424	13.91916	1.04365	1	-0.01257	-0.01209	0.63488	0.00367	1	0.05344	-0.01673	0.66174	0.00380	1	1.45898	0.81042	0	
1231074	8304.33984	3303842995064	0.69066	0.49930	8304.14551	0.18750	10793	0	0.39171	0.50198	1	0.35535	0.48977	1	0.37353	0.49588	1	0.44417	0.55414	12.72985	1.02851	1	0.70769	0.57442	13.86300	1.02085	1	-0.01257	-0.01209	0.63488	0.00377	1	0.05344	-0.01673	0.66174	0.00375	1	1.45898	0.81042	0	
1231075	8304.34668	3303843062132	0.52727	0.50170	8304.14551	0.18750	10793	0	0.37125	0.55663	1	0.35650	0.45158	1	0.36387	0.50411	1	0.44365	0.55459	12.98881	1.00570	1	0.70762	0.57385	13.81805	0.99805	1	-0.01257	-0.01209	0.63488	0.00384	1	0.05344	-0.01673	0.66174	0.00386	1	1.45898	0.81042	0	
1231076	8304.35352	3303843129601	0.47312	0.50330	8304.14551	0.18750	10793	0	0.37315	0.56142	1	0.35650	0.45158	1	0.36483	0.50650	1	0.44333	0.55467	12.71854	0.99805	1	0.70651	0.57423	13.52593	0.99805	1	-0.01372	-0.01321	0.68810	0.00366	1	0.05348	-0.01687	0.66538	0.00395	1	1.45898	0.81042	0	
1231077	8304.36035	3303843196044	0.34285	0.47317	8304.14551	0.18750	10793	0	0.29754	0.35233	1	0.30214	0.46549	1	0.29984	0.40891	1	0.44248	0.55214	11.87534	1.01319	1	0.70673	0.57446	13.50832	1.02085	1	-0.01372	-0.01321	0.68810	0.00268	1	0.05348	-0.01687	0.66538	0.00375	1	1.45898	0.81042	0	
1231078	8304.36719	3303843262990	0.32020	0.43264	8304.14551	0.18750	10793	0	0.28767	0.35230	1	0.30744	0.43191	1	0.29755	0.39210	1	0.44240	0.55228	11.83799	1.03599	1	0.70696	0.57418	13.07817	1.04365	1	-0.01372	-0.01321	0.68810	0.00273	1	0.05348	-0.01687	0.66538	0.00376	1	1.45898	0.81042	0	
1231079	8304.37305	3303843329959	0.31120	0.41421	8304.14551	0.18750	10793	0	0.28074	0.33376	1	0.30565	0.42093	1	0.29320	0.37734	1	0.44326	0.55475	12.57431	1.05879	1	0.70666	0.57455	13.77215	1.05879	1	-0.01349	-0.01303	0.67615	0.00394	1	0.05395	-0.01715	0.67058	0.00376	1	1.45898	0.81042	0	
1231080	8304.37988	3303843397135	0.31099	0.43186	8304.36035	0.01953	10794	1	0.32741	0.50788	1	0.29330	0.46179	1	0.31036	0.48483	1	0.44322	0.55504	12.70519	1.05879	1	0.70665	0.57494	13.76879	1.05113	1	-0.01349	-0.01303	0.67615	0.00392	1	0.05395	-0.01715	0.67058	0.00379	1	1.45898	0.81042	0	
1231081	8304.38672	3303843464402	0.30341	0.42330	8304.36035	0.02637	10794	1	0.26262	0.32224	1	0.28356	0.45586	1	0.27309	0.38905	1	0.44216	0.55254	11.53447	1.05113	1	0.70656	0.57498	13.57956	1.04347	1	-0.01349	-0.01303	0.67615	0.00272	1	0.05395	-0.01715	0.67058	0.00386	1	1.45898	0.81042	0	
1231082	8304.39355	3303843530896	0.29896	0.41960	8304.36035	0.03320	10794	1	0.26763	0.33527	1	0.28576	0.46686	1	0.27670	0.40107	1	0.44352	0.55484	12.79772	1.03546	1	0.70651	0.57520	13.42868	1.02780	1	-0.01329	-0.01284	0.66364	0.00376	1	0.05395	-0.01715	0.67058	0.00374	1	1.45898	0.81042	0	
1231083	8304.40039	3303843597884	0.30325	0.42830	8304.36035	0.04004	10794	1	0.36068	0.47760	1	0.29739	0.48349	1	0.32904	0.48054	1	0.44354	0.55476	12.73236	1.01978	1	0.70668	0.57539	13.68228	1.01978	1	-0.01329	-0.01284	0.66364	0.00381	1	0.05395	-0.01715	0.67058	0.00374	1	1.45898	0.81042	0	
1231084	8304.40723	3303843665171	0.30583	0.43514	8304.36035	0.04688	10794	1	0.35009	0.50653	1	0.29766	0.45954	1	0.32387	0.48303	1	0.44343	0.55495	12.89271	1.01176	1	0.70675	0.57507	13.08113	1.01176	1	-0.01329	-0.01284	0.66364	0.00382	1	0.05395	-0.01715	0.67058	0.00373	1	1.45898	0.81042	0	
1231085	8304.41406	3303843731816	0.30778	0.44016	8304.36035	0.05371	10794	1	0.35009	0.50653	1	0.29666	0.45402	1	0.32337	0.48027	1	0.44347	0.55535	13.17412	1.01176	1	0.70693	0.57550	13.78729	1.01942	1	-0.01349	-0.01308	0.67615	0.00377	1	0.05524	-0.01759	0.68594	0.00377	1	1.45898	0.81042	0	
1231086	8304.41992	3303843799114	0.30955	0.44222	8304.36035	0.05957	10794	1	0.35964	0.49276	1	0.29131	0.42872	1	0.32548	0.46074	1	0.44353	0.55505	12.60548	1.02744	1	0.70698	0.57501	13.71558	1.03510	1	-0.01349	-0.01308	0.67615	0.00388	1	0.05524	-0.01759	0.68594	0.00399	1	1.45898	0.81042	0	
1231087	8304.42676	3303843865921	0.31016	0.44597	8304.36035	0.06641	10794	1	0.34702	0.54028	1	0.28555	0.42673	1	0.31629	0.48351	1	0.44344	0.55566	12.50449	1.04312	1	0.70695	0.57503	13.64127	1.05078	1	-0.01349	-0.01308	0.67615	0.00392	1	0.05524	-0.01759	0.68594	0.00393	1	1.45898	0.81042	0	
1231088	8304.43359	3303843932776	0.31041	0.44822	8304.36035	0.07324	10794	1	0.34295	0.53055	1	0.28340	0.41539	1	0.31318	0.47297	1	0.44339	0.55525	12.77373	1.05879	1	0.70712	0.57543	14.00153	1.06645	1	-0.01349	-0.01308	0.67615	0.00413	1	0.05464	-0.01745	0.67846	0.00369	1	1.45898	0.81042	0	
1231089	8304.44043	3303843999608	0.31034	0.44992	8304.36035	0.08008	10794	1	0.32978	0.50865	1	0.28925	0.43191	1	0.30951	0.47028	1	0.44354	0.55549	13.00206	1.06645	1	0.70701	0.57535	14.06758	1.06645	1	-0.01349	-0.01308	0.67615	0.00391	1	0.05464	-0.01745	0.67846	0.00367	1	1.45898	0.81042	0	
1231090	8304.44727	3303844066623	0.31038	0.44940	8304.36035	0.08691	10794	1	0.33747	0.45587	1	0.28430	0.42941	1	0.31089	0.44264	1	0.44343	0.55475	12.49436	1.06645	1	0.70702	0.57527	14.05661	1.06645	1	-0.01349	-0.01308	0.67615	0.00410	1	0.05464	-0.01745	0.67846	0.00370	1	1.45898	0.81042	0	
1231091	8304.45410	3303844133610	0.31042	0.44895	8304.36035	0.09375	10794	1	0.33747	0.45587	1	0.28430	0.42941	1	0.31089	0.44264	1	0.44355	0.55503	12.62936	1.06645	1	0.70704	0.57530	13.97199	1.06645	1	-0.01349	-0.01308	0.67615	0.00387	1	0.05359	-0.01717	0.66546	0.00367	1	1.45898	0.81042	0	
1231092	8304.46094	3303844200715	0.31015	0.44927	8304.36035	0.10059	10794	1	0.32083	0.48222	1	0.29161	0.42603	1	0.30622	0.45413	1	0.44355	0.55503	12.62936	1.06645	1	0.70701	0.57527	14.03534	1.06645	1	-0.01349	-0.01308	0.67615	0.00387	1	0.05359	-0.01717	0.66546	0.00367	1	1.45898	0.81042	0	
1231093	8304.46680	3303844263357	0.30978	0.44891	8304.36035	0.10645	10794	1	0.32348	0.47384	1	0.28398	0.41239	1	0.30373	0.44311	1	0.44355	0.55503	12.62936	1.06645	1	0.70735	0.57493	13.25121	1.06645	1	-0.01349	-0.01308	0.67615	0.00387	1	0.05359	-0.01717	0.66546	0.00378	1	1.45898	0.81042	0	
1231094	8304.47363	3303844332706	0.30944	0.44859	8304.36035	0.11328	10794	1	0.32348	0.47384	1	0.28398	0.41239	1	0.30373	0.44311	1	0.44356	0.55527	12.73972	1.06645	1	0.70746	0.57529	13.63852	1.06645	1	-0.01349	-0.01308	0.67615	0.00391	1	0.05359	-0.01717	0.66546	0.00370	1	1.45898	0.81042	0	
1231095	8304.48047	3303844397173	0.30923	0.44951	8304.36035	0.12012	10794	1	0.31714	0.50141	1	0.29390	0.43077	1	0.30552	0.46609	1	0.44340	0.55523	12.78765	1.06645	1	0.70749	0.57528	13.57069	1.06645	1	-0.01349	-0.01308	0.67615	0.00392	1	0.05359	-0.01717	0.66546	0.00366	1	1.45898	0.81042	0	
1231096	8304.48730	3303844466543	0.30869	0.44869	8304.36035	0.12695	10794	1	0.32267	0.48283	1	0.27417	0.38335	1	0.29842	0.43309	1	0.44353	0.55514	12.89430	1.06645	1	0.70716	0.57542	13.99892	1.06645	1	-0.01349	-0.01308	0.67615	0.00394	1	0.05359	-0.01717	0.66546	0.00370	1	1.45898	0.81042	0	
1231097	8304.49414	3303844533876	0.30817	0.44779	8304.36035	0.13379	10794	1	0.32267	0.48283	1	0.27291	0.37682	1	0.29779	0.42983	1	0.44331	0.55547	12.95446	1.06645	1	0.70755	0.57560	13.41137	1.07513	1	-0.01349	-0.01308	0.67615	0.00393	1	0.05651	-0.01814	0.70103	0.00364	1	1.45898	0.81042	0	
1231098	8304.50098	3303844602649	0.30803	0.44936	8304.36035	0.14062	10794	1	0.30495	0.50100	1	0.30522	0.46358	1	0.30509	0.48229	1	0.44331	0.55535	12.90877	1.07513	1	0.70769	0.57570	13.90824	1.08381	1	-0.01349	-0.01308	0.67615	0.00383	1	0.05651	-0.01814	0.70103	0.00359	1	1.45898	0.81042	0	
1231099	8304.50781	3303844669543	0.30763	0.44898	8304.36035	0.14746	10794	1	0.30056	0.48025	1	0.29693	0.40089	1	0.29875	0.44057	1	0.44324	0.55529	12.92505	1.08381	1	0.70750	0.57564	13.47273	1.09249	1	-0.01349	-0.01308	0.67615	0.00389	1	0.05651	-0.01814	0.70103	0.00358	1	1.45898	0.81042	0	
1231100	8304.51367	3303844736716	0.30734	0.44894	8304.36035	0.15332	10794	1	0.30241	0.48449	1	0.29878	0.41179	1	0.30059	0.44814	1	0.44346	0.55493	12.95488	1.07735	1	0.70730	0.57559	13.44418	1.07735	1	-0.01257	-0.01228	0.63488	0.00380	1	0.05486	-0.01749	0.67996	0.00378	1	1.45898	0.81042	0	
1231101	8304.52051	3303844803478	0.30724	0.45025	8304.36035	0.16016	10794	1	0.33209	0.47025	1	0.27765	0.49318	1	0.30487	0.48171	1	0.44372	0.55498	13.48998	1.06221	1	0.70739	0.57591	13.58768	1.05353	1	-0.01257	-0.01228	0.63488	0.00366	1	0.05486	-0.01749	0.67996	0.00365	1	1.45898	0.81042	0	
1231102	8304.52734	3303844869270	0.30737	0.45173	8304.36035	0.16699	10794	1	0.33445	0.46440	1	0.28690	0.51299	1	0.31067	0.48869	1	0.44348	0.55496	13.03780	1.03839	1	0.70738	0.57594	13.64209	1.02970	1	-0.01257	-0.01228	0.63488	0.00373	1	0.05486	-0.01749	0.67996	0.00369	1	1.45898	0.81042	0	
1231103	8304.53418	3303844938026	0.30769	0.45379	8304.36035	0.17383	10794	1	0.34088	0.48102	1	0.29130	0.53367	1	0.31609	0.50734	1	0.44333	0.55537	12.93941	1.01456	1	0.70738	0.57594	13.64209	0.99822	1	-0.01257	-0.01228	0.63488	0.00380	1	0.05344	-0.01702	0.66174	0.00369	1	1.45898	0.81042	0	
1231104	8304.54102	3303845004531	0.30782	0.45684	8304.36035	0.18066	10794	1	0.32875	0.58140	1	0.29372	0.49673	1	0.31124	0.53906	1	0.44367	0.55579	12.80151	0.99822	1	0.70744	0.57564	13.65903	0.99056	1	-0.01257	-0.01228	0.63488	0.00396	1	0.05344	-0.01702	0.66174	0.00375	1	1.45898	0.81042	0	
1231105	8304.54785	3303845071392	0.30809	0.46009	8304.36035	0.18750	10794	1	0.33713	0.56822	1	0.29417	0.53432	1	0.31565	0.55127	1	0.44390	0.55552	13.02376	0.99056	1	0.70736	0.57585	13.60711	0.98290	1	-0.01257	-0.01228	0.63488	0.00381	1	0.05344	-0.01702	0.66174	0.00365	1	1.45898	0.81042	0	
1231106	8304.55469	3303845138021	0.30840	0.46330	8304.36035	0.19434	10794	1	0.33931	0.57300	1	0.29524	0.53942	1	0.31727	0.55621	1	0.44405	0.55517	13.50850	0.98290	1	0.70747	0.57553	13.72887	0.97524	1	-0.01257	-0.01228	0.63488	0.00384	1	0.05344	-0.01702	0.66174	0.00371	1	1.45898	0.81042	0	
1231107	8304.56055	3303845205173	0.30818	0.49054	8304.36035	0.19434	10794	0	0.34995	0.55033	1	0.29341	0.50612	1	0.32168	0.52822	1	0.44403	0.55515	13.72276	0.97524	1	0.70747	0.57553	13.72887	0.97524	1	-0.01257	-0.01228	0.63488	0.00382	1	0.05344	-0.01702	0.66174	0.00371	1	1.45898	0.81042	0	
1231108	8304.56738	3303845272456	0.31482	0.50790	8304.36035	0.19434	10794	0	0.34100	0.52767	1	0.30192	0.52286	1	0.32146	0.52526	1	0.44385	0.55501	13.34849	0.97524	1	0.70743	0.57551	13.70536	0.97524	1	-0.01257	-0.01228	0.63488	0.00379	1	0.05344	-0.01702	0.66174	0.00372	1	1.45898	0.81042	0	
1231109	8304.57422	3303845339643	0.31654	0.51207	8304.36035	0.19434	10794	0	0.33899	0.52285	1	0.30097	0.51798	1	0.31998	0.52041	1	0.44404	0.55485	13.88826	0.98237	1	0.70753	0.57518	13.42691	0.98237	1	-0.01303	-0.01278	0.66066	0.00377	1	0.05328	-0.01692	0.65981	0.00371	1	1.45898	0.81042	0	
1231110	8304.58105	3303845406887	0.32165	0.51237	8304.56055	0.02051	10795	1	0.36337	0.54420	1	0.31062	0.48232	1	0.33700	0.51326	1	0.44419	0.55490	12.81622	0.98950	1	0.70768	0.57515	13.32380	0.98950	1	-0.01303	-0.01278	0.66066	0.00381	1	0.05328	-0.01692	0.65981	0.00370	1	1.45898	0.81042	0	
1231111	8304.58789	3303845473269	0.32315	0.51381	8304.56055	0.02734	10795	1	0.35056	0.57592	1	0.30776	0.46326	1	0.32916	0.51959	1	0.44409	0.55465	12.68773	0.99662	1	0.70756	0.57516	13.45686	0.99662	1	-0.01303	-0.01278	0.66066	0.00394	1	0.05328	-0.01692	0.65981	0.00370	1	1.45898	0.81042	0	
1231112	8304.59473	3303845540411	0.32392	0.51398	8304.56055	0.03418	10795	1	0.34863	0.57155	1	0.30688	0.45807	1	0.32776	0.51481	1	0.44381	0.55422	12.94974	1.00375	1	0.70757	0.57521	13.30275	1.00375	1	-0.01303	-0.01278	0.66066	0.00405	1	0.05328	-0.01692	0.65981	0.00374	1	1.45898	0.81042	0	
1231113	8304.60156	3303845607373	0.32282	0.51689	8304.56055	0.04102	10795	1	0.33273	0.58021	1	0.29973	0.48853	1	0.31623	0.53437	1	0.44382	0.55497	13.49322	1.00375	1	0.70749	0.57546	13.31086	1.00375	1	-0.01303	-0.01278	0.66066	0.00378	1	0.05328	-0.01692	0.65981	0.00373	1	1.45898	0.81042	0	
1231114	8304.60840	3303845674350	0.32354	0.51548	8304.56055	0.04785	10795	1	0.34511	0.51907	1	0.31200	0.49206	1	0.32856	0.50557	1	0.44361	0.55460	12.98999	1.00375	1	0.70772	0.57546	13.81784	1.00375	1	-0.01303	-0.01278	0.66066	0.00389	1	0.05328	-0.01692	0.65981	0.00367	1	1.45898	0.81042	0	
1231115	8304.61426	3303845740877	0.32399	0.51374	8304.56055	0.05371	10795	1	0.34511	0.51907	1	0.31007	0.48070	1	0.32759	0.49989	1	0.44325	0.55436	12.59793	1.00375	1	0.70702	0.57558	14.01315	1.02009	1	-0.01309	-0.01270	0.65876	0.00408	1	0.05651	-0.01798	0.70103	0.00374	1	1.45898	0.81042	0	
1231116	8304.62109	3303845808252	0.31898	0.50203	8304.56055	0.06055	10795	1	0.25724	0.35534	1	0.29055	0.43777	1	0.27389	0.39656	1	0.44218	0.55266	12.03128	1.02009	1	0.70694	0.57511	13.84527	1.03643	1	-0.01309	-0.01270	0.65876	0.00274	1	0.05651	-0.01798	0.70103	0.00395	1	1.45898	0.81042	0	
1231117	8304.62793	3303845876073	0.31810	0.50311	8304.56055	0.06738	10795	1	0.33947	0.58764	1	0.27912	0.44030	1	0.30929	0.51397	1	0.44369	0.55514	12.85307	1.03643	1	0.70680	0.57534	13.81050	1.05277	1	-0.01309	-0.01270	0.65876	0.00392	1	0.05651	-0.01798	0.70103	0.00391	1	1.45898	0.81042	0	
1231118	8304.63477	3303845942491	0.31700	0.50297	8304.56055	0.07422	10795	1	0.33290	0.57355	1	0.27688	0.42919	1	0.30489	0.50137	1	0.44343	0.55507	12.72893	1.06078	1	0.70676	0.57507	13.64348	1.06844	1	-0.01349	-0.01308	0.67615	0.00405	1	0.05464	-0.01735	0.67846	0.00364	1	1.45898	0.81042	0	
1231119	8304.64160	3303846009269	0.31604	0.50192	8304.56055	0.08105	10795	1	0.32927	0.56926	1	0.27972	0.40956	1	0.30450	0.48941	1	0.44334	0.55506	12.49140	1.07646	1	0.70688	0.57510	13.89493	1.06778	1	-0.01349	-0.01308	0.67615	0.00411	1	0.05464	-0.01735	0.67846	0.00379	1	1.45898	0.81042	0	
1231120	8304.64844	3303846076108	0.31243	0.49225	8304.56055	0.08789	10795	1	0.25516	0.33230	1	0.27604	0.40072	1	0.26560	0.36651	1	0.44224	0.55246	11.94552	1.07580	1	0.70685	0.57492	13.76233	1.06712	1	-0.01349	-0.01308	0.67615	0.00270	1	0.05464	-0.01735	0.67846	0.00385	1	1.45898	0.81042	0	
1231121	8304.65430	3303846140199	0.30932	0.48390	8304.56055	0.09375	10795	1	0.25537	0.33283	1	0.27614	0.40121	1	0.26575	0.36702	1	0.44224	0.55253	12.20475	1.07513	1	0.70686	0.57551	13.85996	1.06645	1	-0.01349	-0.01308	0.67615	0.00262	1	0.05464	-0.01735	0.67846	0.00376	1	1.45898	0.81042	0	
1231122	8304.66113	3303846207287	0.30685	0.47695	8304.56055	0.10059	10795	1	0.26020	0.33546	1	0.27925	0.40979	1	0.26973	0.37262	1	0.44216	0.55231	12.14116	1.06645	1	0.70680	0.57498	13.75831	1.06645	1	-0.01349	-0.01308	0.67615	0.00264	1	0.05464	-0.01735	0.67846	0.00383	1	1.45898	0.81042	0	
1231123	8304.66797	3303846275522	0.30382	0.47038	8304.56055	0.10742	10795	1	0.25172	0.31611	1	0.25899	0.41454	1	0.25536	0.36533	1	0.44198	0.55230	12.13642	1.06645	1	0.70662	0.57498	13.59398	1.06645	1	-0.01349	-0.01308	0.67615	0.00274	1	0.05464	-0.01735	0.67846	0.00359	1	1.45898	0.81042	0	
1231124	8304.67480	3303846340977	0.28973	0.43983	8304.56055	0.10742	10795	0	0.25172	0.31611	1	0.25899	0.41454	1	0.25536	0.36533	1	0.44212	0.55225	12.28433	1.06645	1	0.70628	0.57474	13.84153	1.06645	1	-0.01372	-0.01321	0.68810	0.00265	1	0.05464	-0.01735	0.67846	0.00372	1	1.45898	0.81042	0	
1231125	8304.68164	3303846409279	0.27482	0.41680	8304.56055	0.10742	10795	0	0.24749	0.33930	1	0.27232	0.44826	1	0.25991	0.39378	1	0.44209	0.55245	12.81043	1.06645	1	0.70637	0.57486	14.00335	1.06645	1	-0.01372	-0.01321	0.68810	0.00259	1	0.05464	-0.01735	0.67846	0.00356	1	1.45898	0.81042	0	
1231126	8304.68750	3303846473713	0.28061	0.42308	8304.56055	0.10742	10795	0	0.30558	0.47372	1	0.27880	0.39756	1	0.29219	0.43564	1	0.44297	0.55407	12.84719	1.06645	1	0.70654	0.57459	13.58945	1.06645	1	-0.01372	-0.01321	0.68810	0.00388	1	0.05464	-0.01735	0.67846	0.00352	1	1.45898	0.81042	0	
1231127	8304.69434	3303846542263	0.28407	0.42834	8304.67480	0.01953	10796	1	0.30788	0.47911	1	0.28101	0.40915	1	0.29445	0.44413	1	0.44304	0.55446	13.28020	1.05844	1	0.70636	0.57456	14.10380	1.05078	1	-0.01315	-0.01261	0.65664	0.00370	1	0.05214	-0.01652	0.64804	0.00356	1	1.45898	0.81042	0	
1231128	8304.70117	3303846611556	0.28685	0.44060	8304.67480	0.02637	10796	1	0.32439	0.51745	1	0.27159	0.46184	1	0.29799	0.48965	1	0.44317	0.55433	13.31927	1.04276	1	0.70631	0.57475	14.16552	1.03510	1	-0.01315	-0.01261	0.65664	0.00373	1	0.05214	-0.01652	0.64804	0.00363	1	1.45898	0.81042	0	
1231129	8304.70801	3303846677627	0.29090	0.44955	8304.67480	0.03320	10796	1	0.34424	0.52760	1	0.27807	0.46099	1	0.31115	0.49429	1	0.44331	0.55446	13.59095	1.02708	1	0.70631	0.57477	14.00138	1.01942	1	-0.01315	-0.01261	0.65664	0.00373	1	0.05214	-0.01652	0.64804	0.00362	1	1.45898	0.81042	0	
1231130	8304.71484	3303846746318	0.29418	0.45707	8304.67480	0.04004	10796	1	0.34841	0.53767	1	0.27926	0.46670	1	0.31384	0.50219	1	0.44322	0.55426	13.18797	1.01141	1	0.70617	0.57491	14.25737	1.01141	1	-0.01337	-0.01278	0.66299	0.00378	1	0.05348	-0.01697	0.66538	0.00375	1	1.45898	0.81042	0	
1231131	8304.72168	3303846813501	0.29285	0.46335	8304.67480	0.04688	10796	1	0.30228	0.51715	1	0.26486	0.49744	1	0.28357	0.50730	1	0.44247	0.55410	13.04379	1.01141	1	0.70606	0.57461	14.23894	1.01907	1	-0.01337	-0.01278	0.66299	0.00371	1	0.05348	-0.01697	0.66538	0.00370	1	1.45898	0.81042	0	
1231132	8304.72852	3303846880206	0.29368	0.46630	8304.67480	0.05371	10796	1	0.33670	0.49216	1	0.26380	0.48767	1	0.30025	0.48992	1	0.44263	0.55387	12.34658	1.01907	1	0.70614	0.57452	13.87645	1.02673	1	-0.01337	-0.01278	0.66299	0.00380	1	0.05348	-0.01697	0.66538	0.00374	1	1.45898	0.81042	0	
1231133	8304.73535	3303846946979	0.29417	0.46814	8304.67480	0.06055	10796	1	0.33461	0.48692	1	0.26257	0.48246	1	0.29859	0.48469	1	0.44152	0.55228	11.94346	1.02673	1	0.70624	0.57423	13.78627	1.03439	1	-0.01337	-0.01273	0.66299	0.00274	1	0.05440	-0.01719	0.67802	0.00375	1	1.45898	0.81042	0	
1231134	8304.74219	3303847013921	0.29564	0.47124	8304.67480	0.06738	10796	1	0.33041	0.51203	1	0.29039	0.49241	1	0.31040	0.50222	1	0.44266	0.55428	13.30191	1.03439	1	0.70626	0.57464	13.88106	1.03439	1	-0.01337	-0.01273	0.66299	0.00386	1	0.05440	-0.01719	0.67802	0.00376	1	1.45898	0.81042	0	
1231135	8304.74902	3303847080950	0.29616	0.47333	8304.67480	0.07422	10796	1	0.30577	0.55921	1	0.29794	0.43336	1	0.30186	0.49629	1	0.44240	0.55473	12.69456	1.03439	1	0.70627	0.57405	13.87147	1.03439	1	-0.01337	-0.01273	0.66299	0.00391	1	0.05440	-0.01719	0.67802	0.00400	1	1.45898	0.81042	0	
1231136	8304.75488	3303847148130	0.29647	0.47468	8304.67480	0.08008	10796	1	0.30338	0.55433	1	0.29691	0.42751	1	0.30015	0.49092	1	0.44198	0.55391	12.90195	1.04240	1	0.70594	0.57372	13.26746	1.04240	1	-0.01371	-0.01290	0.67703	0.00422	1	0.05483	-0.01727	0.68343	0.00384	1	1.45898	0.81042	0	
1231137	8304.76172	3303847215050	0.29594	0.47344	8304.67480	0.08691	10796	1	0.30875	0.51891	1	0.26940	0.39567	1	0.28907	0.45729	1	0.44209	0.55436	13.18794	1.05042	1	0.70596	0.57375	13.29337	1.05042	1	-0.01371	-0.01290	0.67703	0.00423	1	0.05483	-0.01727	0.68343	0.00386	1	1.45898	0.81042	0	
1231138	8304.76855	3303847281569	0.29646	0.47027	8304.67480	0.09375	10796	1	0.30146	0.44112	1	0.30601	0.41069	1	0.30374	0.42591	1	0.44201	0.55354	13.19600	1.05844	1	0.70618	0.57398	13.72147	1.05844	1	-0.01371	-0.01290	0.67703	0.00425	1	0.05483	-0.01727	0.68343	0.00377	1	1.45898	0.81042	0	
1231139	8304.77539	3303847349480	0.29681	0.46713	8304.67480	0.10059	10796	1	0.29913	0.43544	1	0.30507	0.40480	1	0.30210	0.42012	1	0.44207	0.55451	13.12344	1.06645	1	0.70560	0.57375	14.02634	1.06645	1	-0.01371	-0.01290	0.67703	0.00419	1	0.05483	-0.01727	0.68343	0.00369	1	1.45898	0.81042	0	
1231140	8304.78223	3303847416323	0.29601	0.46772	8304.67480	0.10742	10796	1	0.30034	0.52617	1	0.26588	0.42815	1	0.28311	0.47716	1	0.44201	0.55462	13.12197	1.06645	1	0.70560	0.57379	14.02047	1.06645	1	-0.01371	-0.01290	0.67703	0.00389	1	0.05483	-0.01727	0.68343	0.00370	1	1.45898	0.81042	0	
1231141	8304.78906	3303847482920	0.29601	0.46819	8304.67480	0.11426	10796	1	0.31328	0.51266	1	0.27893	0.43959	1	0.29611	0.47613	1	0.44224	0.55440	13.27327	1.06645	1	0.70558	0.57389	14.17279	1.06645	1	-0.01371	-0.01290	0.67703	0.00383	1	0.05483	-0.01727	0.68343	0.00366	1	1.45898	0.81042	0	
1231142	8304.79590	3303847549888	0.29611	0.46889	8304.67480	0.12109	10796	1	0.31554	0.51775	1	0.28007	0.44521	1	0.29780	0.48148	1	0.44230	0.55448	13.33582	1.05844	1	0.70556	0.57396	14.14915	1.05844	1	-0.01332	-0.01249	0.65544	0.00381	1	0.05389	-0.01691	0.67301	0.00374	1	1.45898	0.81042	0	
1231143	8304.80176	3303847617094	0.29579	0.46939	8304.67480	0.12695	10796	1	0.30262	0.53691	1	0.27709	0.42088	1	0.28985	0.47890	1	0.44196	0.55455	13.33778	1.05042	1	0.70555	0.57360	14.09744	1.05042	1	-0.01332	-0.01249	0.65544	0.00403	1	0.05389	-0.01691	0.67301	0.00363	1	1.45898	0.81042	0	
1231144	8304.80859	3303847682116	0.29586	0.46949	8304.67480	0.13379	10796	1	0.32098	0.50774	1	0.27363	0.43538	1	0.29731	0.47156	1	0.44218	0.55433	13.42360	1.04240	1	0.70559	0.57370	14.13643	1.04240	1	-0.01332	-0.01249	0.65544	0.00392	1	0.05389	-0.01691	0.67301	0.00366	1	1.45898	0.81042	0	
1231145	8304.81543	3303847750863	0.29603	0.46996	8304.67480	0.14062	10796	1	0.32324	0.51298	1	0.27598	0.44667	1	0.29961	0.47983	1	0.44217	0.55429	13.38731	1.03439	1	0.70543	0.57398	14.59943	1.02673	1	-0.01332	-0.01249	0.65544	0.00395	1	0.05274	-0.01656	0.65921	0.00368	1	1.45898	0.81042	0	
1231146	8304.82227	3303847818235	0.29601	0.47198	8304.67480	0.14746	10796	1	0.32413	0.54265	1	0.26688	0.48990	1	0.29550	0.51627	1	0.44225	0.55443	13.19547	1.02673	1	0.70550	0.57380	14.11314	1.01907	1	-0.01332	-0.01249	0.65544	0.00384	1	0.05274	-0.01656	0.65921	0.00372	1	1.45898	0.81042	0	
1231147	8304.82910	3303847884891	0.29611	0.47371	8304.67480	0.15430	10796	1	0.32928	0.55562	1	0.26744	0.47149	1	0.29836	0.51356	1	0.44235	0.55460	13.90863	1.01907	1	0.70546	0.57400	14.53908	1.01141	1	-0.01332	-0.01249	0.65544	0.00380	1	0.05274	-0.01656	0.65921	0.00370	1	1.45898	0.81042	0	
1231148	8304.83496	3303847949455	0.29627	0.47551	8304.67480	0.16016	10796	1	0.33144	0.56038	1	0.26867	0.47691	1	0.30006	0.51864	1	0.44204	0.55451	13.05861	1.01141	1	0.70558	0.57395	14.83820	1.00375	1	-0.01332	-0.01249	0.65544	0.00404	1	0.05274	-0.01656	0.65921	0.00362	1	1.45898	0.81042	0	
1231149	8304.84277	3303848019150	0.29609	0.47734	8304.67480	0.16797	10796	1	0.31591	0.54938	1	0.26750	0.49716	1	0.29171	0.52327	1	0.44200	0.55433	13.08574	1.00375	1	0.70547	0.57364	14.20723	1.00375	1	-0.01332	-0.01249	0.65544	0.00398	1	0.05274	-0.01656	0.65921	0.00377	1	1.45898	0.81042	0	
1231150	8304.84863	3303848085939	0.29652	0.47886	8304.67480	0.17383	10796	1	0.33216	0.54402	1	0.28313	0.49245	1	0.30765	0.51823	1	0.44229	0.55429	13.13475	1.00375	1	0.70570	0.57391	14.62712	1.00375	1	-0.01332	-0.01249	0.65544	0.00382	1	0.05274	-0.01656	0.65921	0.00359	1	1.45898	0.81042	0	
1231151	8304.85547	3303848153265	0.29694	0.48035	8304.67480	0.18066	10796	1	0.33216	0.54402	1	0.28413	0.49717	1	0.30815	0.52059	1	0.44237	0.55427	13.33046	1.00375	1	0.70580	0.57370	14.32835	0.99694	1	-0.01332	-0.01249	0.65544	0.00379	1	0.05102	-0.01601	0.63712	0.00367	1	1.45898	0.81042	0	
1231152	8304.86230	3303848220033	0.29704	0.48164	8304.67480	0.18750	10796	1	0.32789	0.53386	1	0.27229	0.50150	1	0.30009	0.51768	1	0.44214	0.55415	13.10042	0.99694	1	0.70560	0.57354	13.99886	0.99013	1	-0.01332	-0.01249	0.65544	0.00395	1	0.05102	-0.01601	0.63712	0.00366	1	1.45898	0.81042	0	
1231153	8304.86914	3303848285767	0.29745	0.48310	8304.67480	0.19434	10796	1	0.32742	0.56828	1	0.29077	0.48273	1	0.30910	0.52550	1	0.44207	0.55457	13.09090	0.99013	1	0.70583	0.57370	14.32356	0.98332	1	-0.01332	-0.01249	0.65544	0.00385	1	0.05102	-0.01601	0.63712	0.00365	1	1.45898	0.81042	0	
1231154	8304.87598	3303848351196	0.29785	0.48454	8304.67480	0.20117	10796	1	0.32942	0.57254	1	0.29077	0.48273	1	0.31009	0.52763	1	0.44210	0.55425	12.87039	0.98332	1	0.70568	0.57345	14.13675	0.98332	1	-0.01332	-0.01249	0.65544	0.00396	1	0.05351	-0.01677	0.66762	0.00374	1	1.45898	0.81042	0	
1231155	8304.88281	3303848420924	0.30260	0.51382	8304.67480	0.20117	10796	0	0.33959	0.54714	1	0.28747	0.51903	1	0.31353	0.53308	1	0.44228	0.55419	12.72836	0.98332	1	0.70567	0.57362	14.31412	0.99013	1	-0.01332	-0.01249	0.65544	0.00386	1	0.05351	-0.01677	0.66762	0.00366	1	1.45898	0.81042	0	
1231156	8304.88965	3303848487935	0.30837	0.51596	8304.67480	0.20117	10796	0	0.33974	0.54602	1	0.28854	0.49020	1	0.31414	0.51811	1	0.44229	0.55429	13.13475	0.99013	1	0.70573	0.57390	14.32595	0.99694	1	-0.01332	-0.01249	0.65544	0.00382	1	0.05351	-0.01677	0.66762	0.00378	1	1.45898	0.81042	0	
1231157	8304.89551	3303848554264	0.30981	0.51515	8304.67480	0.20117	10796	0	0.33783	0.54161	1	0.28758	0.48543	1	0.31270	0.51352	1	0.44237	0.55427	13.33046	0.99694	1	0.70555	0.57362	14.15608	1.00375	1	-0.01332	-0.01249	0.65544	0.00380	1	0.05255	-0.01655	0.65686	0.00364	1	1.45898	0.81042	0	
1231158	8304.90234	3303848621671	0.30802	0.51563	8304.88281	0.01953	10797	1	0.33286	0.53511	1	0.27241	0.49906	1	0.30264	0.51708	1	0.44228	0.55428	13.16734	1.00375	1	0.70555	0.57386	14.07381	1.00375	1	-0.01332	-0.01249	0.65544	0.00383	1	0.05255	-0.01655	0.65686	0.00377	1	1.45898	0.81042	0	
1231159	8304.90918	3303848688547	0.30134	0.50017	8304.88281	0.02637	10797	1	0.27563	0.37920	1	0.27362	0.49747	1	0.27462	0.43834	1	0.44109	0.55224	12.64326	1.00375	1	0.70548	0.57406	14.08398	1.00375	1	-0.01332	-0.01249	0.65544	0.00273	1	0.05255	-0.01655	0.65686	0.00373	1	1.45898	0.81042	0	
1231160	8304.91602	3303848755473	0.29689	0.48987	8304.88281	0.03320	10797	1	0.27563	0.37920	1	0.27362	0.49747	1	0.27462	0.43834	1	0.44224	0.55442	13.67318	1.00375	1	0.70555	0.57400	14.12999	1.00375	1	-0.01332	-0.01254	0.65544	0.00378	1	0.05255	-0.01655	0.65686	0.00372	1	1.45898	0.81042	0	
1231161	8304.92285	3303848822900	0.29690	0.49449	8304.88281	0.04004	10797	1	0.31884	0.58140	1	0.27510	0.46300	1	0.29697	0.52220	1	0.44205	0.55462	13.89054	1.00375	1	0.70553	0.57403	14.12678	1.00375	1	-0.01332	-0.01254	0.65544	0.00380	1	0.05255	-0.01655	0.65686	0.00369	1	1.45898	0.81042	0	
1231162	8304.92871	3303848885620	0.29407	0.48642	8304.88281	0.04590	10797	1	0.27236	0.39229	1	0.27622	0.46759	1	0.27429	0.42994	1	0.44120	0.55238	12.71114	1.00375	1	0.70555	0.57400	14.12999	1.00375	1	-0.01332	-0.01254	0.65544	0.00276	1	0.05255	-0.01655	0.65686	0.00370	1	1.45898	0.81042	0	
1231163	8304.93555	3303848953985	0.29187	0.48014	8304.88281	0.05273	10797	1	0.27236	0.39229	1	0.27622	0.46759	1	0.27429	0.42994	1	0.44251	0.55427	13.35272	1.00375	1	0.70555	0.57400	14.12999	1.00375	1	-0.01332	-0.01263	0.65544	0.00377	1	0.05351	-0.01682	0.66762	0.00372	1	1.45898	0.81042	0	
1231164	8304.94238	3303849019287	0.29339	0.48117	8304.88281	0.05957	10797	1	0.33548	0.52501	1	0.27864	0.45586	1	0.30706	0.49044	1	0.44223	0.55410	12.88720	1.00375	1	0.70568	0.57414	14.08545	1.00375	1	-0.01332	-0.01263	0.65544	0.00381	1	0.05351	-0.01682	0.66762	0.00374	1	1.45898	0.81042	0	
1231165	8304.94922	3303849088721	0.29518	0.48257	8304.88281	0.06641	10797	1	0.33613	0.53449	1	0.29004	0.45866	1	0.31308	0.49658	1	0.44229	0.55426	13.00725	1.00375	1	0.70562	0.57418	14.14737	1.00375	1	-0.01332	-0.01263	0.65544	0.00373	1	0.05351	-0.01682	0.66762	0.00375	1	1.45898	0.81042	0	
1231166	8304.95605	3303849154808	0.29663	0.48351	8304.88281	0.07324	10797	1	0.33613	0.53449	1	0.28897	0.45310	1	0.31255	0.49379	1	0.44249	0.55451	14.17448	1.00375	1	0.70560	0.57352	14.24290	1.01141	1	-0.01332	-0.01263	0.65544	0.00379	1	0.05483	-0.01727	0.68343	0.00394	1	1.45898	0.81042	0	
1231167	8304.96289	3303849221313	0.29767	0.48126	8304.88281	0.08008	10797	1	0.35298	0.54094	1	0.26732	0.36764	1	0.31015	0.45429	1	0.44265	0.55438	13.38516	1.01141	1	0.70552	0.57340	14.00261	1.01907	1	-0.01332	-0.01263	0.65544	0.00389	1	0.05483	-0.01727	0.68343	0.00394	1	1.45898	0.81042	0	
1231168	8304.96973	3303849291115	0.29796	0.48156	8304.88281	0.08691	10797	1	0.32199	0.53524	1	0.28147	0.43578	1	0.30173	0.48551	1	0.44221	0.55481	13.94777	1.01907	1	0.70562	0.57387	14.18761	1.02673	1	-0.01332	-0.01263	0.65544	0.00376	1	0.05483	-0.01727	0.68343	0.00377	1	1.45898	0.81042	0	
1231169	8304.97656	3303849356017	0.29810	0.48148	8304.88281	0.09375	10797	1	0.31978	0.53033	1	0.28036	0.43017	1	0.30007	0.48025	1	0.44234	0.55467	13.48782	1.02673	1	0.70562	0.57393	14.13873	1.03439	1	-0.01332	-0.01268	0.65544	0.00386	1	0.05440	-0.01719	0.67802	0.00376	1	1.45898	0.81042	0	
1231170	8304.98242	3303849421624	0.29694	0.47925	8304.88281	0.09961	10797	1	0.31107	0.49743	1	0.24808	0.39413	1	0.27957	0.44578	1	0.44202	0.55456	13.03728	1.03439	1	0.70553	0.57389	14.35953	1.03439	1	-0.01332	-0.01268	0.65544	0.00392	1	0.05440	-0.01719	0.67802	0.00377	1	1.45898	0.81042	0	
1231171	8304.98926	3303849490562	0.29603	0.47837	8304.88281	0.10645	10797	1	0.31905	0.52346	1	0.24383	0.40536	1	0.28144	0.46441	1	0.44216	0.55473	13.48828	1.03439	1	0.70555	0.57394	13.85406	1.03439	1	-0.01332	-0.01268	0.65544	0.00381	1	0.05440	-0.01719	0.67802	0.00378	1	1.45898	0.81042	0	
1231172	8304.99609	3303849559589	0.29522	0.47760	8304.88281	0.11328	10797	1	0.31905	0.52346	1	0.24383	0.40536	1	0.28144	0.46441	1	0.44231	0.55440	13.14494	1.03439	1	0.70595	0.57413	14.09732	1.03439	1	-0.01332	-0.01268	0.65544	0.00410	1	0.05483	-0.01738	0.68343	0.00378	1	1.45898	0.81042	0	
1231173	8305.00293	3303849626459	0.29454	0.47742	8304.88281	0.12012	10797	1	0.29874	0.50843	1	0.26579	0.43996	1	0.28227	0.47420	1	0.44227	0.55459	13.07495	1.03439	1	0.70582	0.57412	14.44040	1.03439	1	-0.01332	-0.01268	0.65544	0.00413	1	0.05483	-0.01738	0.68343	0.00377	1	1.45898	0.81042	0	
1231174	8305.00977	3303849693298	0.29371	0.47630	8304.88281	0.12695	10797	1	0.29204	0.49643	1	0.26390	0.41376	1	0.27797	0.45510	1	0.44214	0.55443	13.08027	1.03439	1	0.70592	0.57404	14.26801	1.03439	1	-0.01332	-0.01268	0.65544	0.00434	1	0.05483	-0.01738	0.68343	0.00380	1	1.45898	0.81042	0	
1231175	8305.01660	3303849760301	0.29287	0.47502	8304.88281	0.13379	10797	1	0.28958	0.49105	1	0.26262	0.40778	1	0.27610	0.44942	1	0.44216	0.55502	13.27802	1.04240	1	0.70569	0.57412	14.46049	1.04240	1	-0.01371	-0.01310	0.67703	0.00405	1	0.05440	-0.01719	0.67802	0.00379	1	1.45898	0.81042	0	
1231176	8305.02344	3303849827412	0.29253	0.47539	8304.88281	0.14062	10797	1	0.31039	0.52420	1	0.26019	0.44214	1	0.28529	0.48317	1	0.44244	0.55493	13.32062	1.05042	1	0.70586	0.57442	14.48942	1.05042	1	-0.01371	-0.01310	0.67703	0.00397	1	0.05440	-0.01719	0.67802	0.00384	1	1.45898	0.81042	0	
1231177	8305.03027	3303849893285	0.29147	0.47233	8304.88281	0.14746	10797	1	0.27995	0.44490	1	0.25658	0.36490	1	0.26826	0.40490	1	0.44205	0.55420	13.03407	1.05844	1	0.70566	0.57353	14.10021	1.05844	1	-0.01371	-0.01310	0.67703	0.00428	1	0.05440	-0.01719	0.67802	0.00408	1	1.45898	0.81042	0	
1231178	8305.03613	3303849961316	0.29043	0.46927	8304.88281	0.15332	10797	1	0.27748	0.43924	1	0.25528	0.35870	1	0.26638	0.39897	1	0.44217	0.55480	12.96544	1.06645	1	0.70600	0.57390	14.09629	1.06645	1	-0.01371	-0.01310	0.67703	0.00412	1	0.05483	-0.01738	0.68343	0.00397	1	1.45898	0.81042	0	
1231179	8305.04297	3303850028305	0.29041	0.46845	8304.88281	0.16016	10797	1	0.29616	0.45631	1	0.28388	0.44120	1	0.29002	0.44876	1	0.44225	0.55435	13.07531	1.06645	1	0.70621	0.57409	13.43034	1.06645	1	-0.01371	-0.01310	0.67703	0.00410	1	0.05483	-0.01738	0.68343	0.00402	1	1.45898	0.81042	0	
1231180	8305.04980	3303850092230	0.28990	0.46835	8304.88281	0.16699	10797	1	0.28698	0.48785	1	0.26721	0.44381	1	0.27710	0.46583	1	0.44212	0.55466	13.27740	1.06645	1	0.70598	0.57436	14.21314	1.06645	1	-0.01371	-0.01310	0.67703	0.00398	1	0.05483	-0.01738	0.68343	0.00379	1	1.45898	0.81042	0	
1231181	8305.05664	3303850161734	0.28942	0.46826	8304.88281	0.17383	10797	1	0.28698	0.48785	1	0.26721	0.44381	1	0.27710	0.46583	1	0.44101	0.55250	12.67953	1.06645	1	0.70535	0.57380	13.99295	1.06645	1	-0.01363	-0.01298	0.67342	0.00275	1	0.05440	-0.01719	0.67802	0.00388	1	1.45898	0.81042	0	
1231182	8305.06348	3303850226492	0.28773	0.46405	8304.88281	0.18066	10797	1	0.22019	0.31277	1	0.26363	0.38817	1	0.24191	0.35047	1	0.44090	0.55249	12.68443	1.06645	1	0.70557	0.57398	13.74872	1.06645	1	-0.01363	-0.01298	0.67342	0.00284	1	0.05440	-0.01719	0.67802	0.00371	1	1.45898	0.81042	0	
1231183	8305.06934	3303850293278	0.27099	0.43502	8304.88281	0.18066	10797	0	0.21196	0.31658	1	0.24409	0.40195	1	0.22802	0.35926	1	0.44095	0.55258	12.63960	1.06645	1	0.70529	0.57425	14.17948	1.06645	1	-0.01363	-0.01298	0.67342	0.00288	1	0.05440	-0.01719	0.67802	0.00385	1	1.45898	0.81042	0	
1231184	8305.07617	3303850360366	0.24984	0.39855	8304.88281	0.18066	10797	0	0.21196	0.31658	1	0.24541	0.40756	1	0.22868	0.36207	1	0.44100	0.55233	12.64495	1.06645	1	0.70544	0.57447	14.31836	1.05879	1	-0.01363	-0.01298	0.67342	0.00276	1	0.05351	-0.01687	0.66762	0.00365	1	1.45898	0.81042	0	
1231185	8305.08301	3303850428171	0.24960	0.39056	8304.88281	0.18066	10797	0	0.23711	0.29959	1	0.26118	0.44961	1	0.24914	0.37460	1	0.44099	0.55227	12.51576	1.05879	1	0.70554	0.57429	14.55770	1.05113	1	-0.01363	-0.01298	0.67342	0.00277	1	0.05351	-0.01687	0.66762	0.00369	1	1.45898	0.81042	0	
1231186	8305.08984	3303850495264	0.25015	0.38847	8305.06934	0.02051	10798	1	0.23316	0.31437	1	0.27044	0.45004	1	0.25180	0.38220	1	0.44108	0.55231	12.58563	1.05113	1	0.70550	0.57436	14.15181	1.04347	1	-0.01363	-0.01298	0.67342	0.00282	1	0.05351	-0.01687	0.66762	0.00370	1	1.45898	0.81042	0	
1231187	8305.09668	3303850559906	0.25086	0.38841	8305.06934	0.02734	10798	1	0.23578	0.32081	1	0.27161	0.45544	1	0.25370	0.38813	1	0.44095	0.55241	12.66493	1.04347	1	0.70547	0.57427	14.08909	1.03581	1	-0.01363	-0.01298	0.67342	0.00279	1	0.05351	-0.01692	0.66762	0.00372	1	1.45898	0.81042	0	
1231188	8305.10352	3303850627700	0.25157	0.38720	8305.06934	0.03418	10798	1	0.23540	0.30688	1	0.27480	0.45543	1	0.25510	0.38116	1	0.44100	0.55223	12.36953	1.03581	1	0.70552	0.57434	14.18370	1.03581	1	-0.01363	-0.01298	0.67342	0.00281	1	0.05351	-0.01692	0.66762	0.00370	1	1.45898	0.81042	0	
1231189	8305.11035	3303850698303	0.25188	0.38784	8305.06934	0.04102	10798	1	0.23252	0.32101	1	0.27491	0.46241	1	0.25372	0.39171	1	0.44100	0.55233	12.58177	1.03581	1	0.70561	0.57444	14.04082	1.03581	1	-0.01363	-0.01298	0.67342	0.00293	1	0.05351	-0.01692	0.66762	0.00370	1	1.45898	0.81042	0	
1231190	8305.11719	3303850765101	0.25236	0.38910	8305.06934	0.04785	10798	1	0.23532	0.32780	1	0.27611	0.46802	1	0.25572	0.39791	1	0.44096	0.55245	12.75297	1.02780	1	0.70562	0.57424	14.19385	1.02780	1	-0.01332	-0.01263	0.65544	0.00277	1	0.05351	-0.01687	0.66762	0.00373	1	1.45898	0.81042	0	
1231191	8305.12402	3303850832089	0.25242	0.39120	8305.06934	0.05469	10798	1	0.23467	0.38918	1	0.27119	0.42673	1	0.25293	0.40795	1	0.44093	0.55254	13.06283	1.01978	1	0.70569	0.57415	13.93013	1.01978	1	-0.01332	-0.01263	0.65544	0.00277	1	0.05351	-0.01687	0.66762	0.00374	1	1.45898	0.81042	0	
1231192	8305.13086	3303850899385	0.25371	0.39324	8305.06934	0.06152	10798	1	0.25649	0.37316	1	0.27417	0.45013	1	0.26533	0.41165	1	0.44095	0.55241	12.66493	1.01176	1	0.70560	0.57412	14.07337	1.01176	1	-0.01332	-0.01263	0.65544	0.00279	1	0.05351	-0.01687	0.66762	0.00375	1	1.45898	0.81042	0	
1231193	8305.13672	3303850965200	0.25471	0.39466	8305.06934	0.06738	10798	1	0.25649	0.37316	1	0.27300	0.44455	1	0.26474	0.40886	1	0.44085	0.55231	12.64543	1.01176	1	0.70544	0.57443	14.00200	1.01942	1	-0.01363	-0.01298	0.67342	0.00285	1	0.05389	-0.01701	0.67301	0.00373	1	1.45898	0.81042	0	
1231194	8305.14355	3303851033213	0.25431	0.39506	8305.06934	0.07422	10798	1	0.23248	0.34648	1	0.26734	0.45240	1	0.24991	0.39944	1	0.44068	0.55228	12.50171	1.02744	1	0.70559	0.57432	13.60935	1.03510	1	-0.01363	-0.01298	0.67342	0.00286	1	0.05389	-0.01701	0.67301	0.00374	1	1.45898	0.81042	0	
1231195	8305.15039	3303851099562	0.25458	0.39579	8305.06934	0.08105	10798	1	0.24794	0.36786	1	0.26766	0.44129	1	0.25780	0.40458	1	0.44077	0.55235	12.74248	1.04312	1	0.70552	0.57420	13.68497	1.05078	1	-0.01363	-0.01298	0.67342	0.00277	1	0.05389	-0.01701	0.67301	0.00368	1	1.45898	0.81042	0	
1231196	8305.15723	3303851166567	0.25468	0.39601	8305.06934	0.08789	10798	1	0.24537	0.36178	1	0.26648	0.43586	1	0.25593	0.39882	1	0.44090	0.55230	12.44058	1.05078	1	0.70547	0.57445	14.10681	1.05844	1	-0.01332	-0.01258	0.65543	0.00274	1	0.05389	-0.01701	0.67301	0.00372	1	1.45898	0.81042	0	
1231197	8305.16406	3303851234011	0.25421	0.39574	8305.06934	0.09473	10798	1	0.23944	0.34297	1	0.25601	0.44091	1	0.24773	0.39194	1	0.44068	0.55228	12.50171	1.05042	1	0.70536	0.57434	13.98615	1.05042	1	-0.01332	-0.01258	0.65543	0.00286	1	0.05389	-0.01701	0.67301	0.00368	1	1.45898	0.81042	0	
1231198	8305.17090	3303851300587	0.25373	0.39519	8305.06934	0.10156	10798	1	0.24362	0.34175	1	0.24937	0.43224	1	0.24650	0.38699	1	0.44088	0.55226	12.56943	1.04240	1	0.70541	0.57417	13.86234	1.04240	1	-0.01332	-0.01258	0.65543	0.00273	1	0.05389	-0.01701	0.67301	0.00376	1	1.45898	0.81042	0	
1231199	8305.17773	3303851367974	0.25347	0.39523	8305.06934	0.10840	10798	1	0.24633	0.34833	1	0.25207	0.44355	1	0.24920	0.39594	1	0.44085	0.55229	13.21983	1.03439	1	0.70535	0.57430	13.93228	1.02673	1	-0.01332	-0.01263	0.65544	0.00269	1	0.05274	-0.01666	0.65921	0.00372	1	1.45898	0.81042	0	
1231200	8305.18359	3303851434849	0.25370	0.39645	8305.06934	0.11426	10798	1	0.24244	0.37645	1	0.27298	0.45784	1	0.25771	0.41714	1	0.44070	0.55223	12.31396	1.02673	1	0.70547	0.57418	13.75070	1.01907	1	-0.01332	-0.01263	0.65544	0.00277	1	0.05274	-0.01666	0.65921	0.00376	1	1.45898	0.81042	0	
1231201	8305.19043	3303851502359	0.25412	0.39848	8305.06934	0.12109	10798	1	0.25510	0.36359	1	0.26811	0.50650	1	0.26160	0.43505	1	0.44080	0.55228	13.20039	1.01907	1	0.70551	0.57424	13.78340	1.01141	1	-0.01332	-0.01263	0.65544	0.00271	1	0.05274	-0.01666	0.65921	0.00379	1	1.45898	0.81042	0	
1231202	8305.19727	3303851569182	0.25456	0.40047	8305.06934	0.12793	10798	1	0.25768	0.36984	1	0.26811	0.50650	1	0.26290	0.43817	1	0.44073	0.55214	12.58990	1.01141	1	0.70548	0.57416	13.82713	1.01141	1	-0.01332	-0.01258	0.65543	0.00272	1	0.05389	-0.01701	0.67301	0.00379	1	1.45898	0.81042	0	
1231203	8305.20410	3303851635319	0.25509	0.40159	8305.06934	0.13477	10798	1	0.25972	0.36391	1	0.27185	0.48439	1	0.26579	0.42415	1	0.44069	0.55217	12.53825	1.01141	1	0.70546	0.57412	13.78651	1.01907	1	-0.01332	-0.01258	0.65543	0.00274	1	0.05389	-0.01701	0.67301	0.00378	1	1.45898	0.81042	0	
1231204	8305.21094	3303851702600	0.25506	0.40273	8305.06934	0.14160	10798	1	0.24190	0.36916	1	0.26706	0.48410	1	0.25448	0.42663	1	0.44072	0.55222	12.32480	1.01907	1	0.70560	0.57410	13.89856	1.02673	1	-0.01332	-0.01258	0.65543	0.00274	1	0.05389	-0.01701	0.67301	0.00379	1	1.45898	0.81042	0	
1231205	8305.21777	3303851769776	0.25495	0.40352	8305.06934	0.14844	10798	1	0.23923	0.36294	1	0.26584	0.47885	1	0.25254	0.42090	1	0.44070	0.55220	12.81460	1.02673	1	0.70554	0.57401	14.08678	1.03439	1	-0.01332	-0.01249	0.65544	0.00272	1	0.05385	-0.01695	0.67244	0.00378	1	1.45898	0.81042	0	
1231206	8305.22461	3303851836967	0.25515	0.40357	8305.06934	0.15527	10798	1	0.25456	0.36763	1	0.26487	0.44175	1	0.25972	0.40469	1	0.44079	0.55221	12.86750	1.03439	1	0.70560	0.57393	14.03334	1.03439	1	-0.01332	-0.01249	0.65544	0.00276	1	0.05385	-0.01695	0.67244	0.00378	1	1.45898	0.81042	0	
1231207	8305.23047	3303851904303	0.25542	0.40394	8305.06934	0.16113	10798	1	0.24692	0.34050	1	0.27694	0.48534	1	0.26193	0.41292	1	0.44081	0.55214	12.61606	1.03439	1	0.70556	0.57408	13.94156	1.03439	1	-0.01332	-0.01249	0.65544	0.00276	1	0.05385	-0.01695	0.67244	0.00382	1	1.45898	0.81042	0	
1231208	8305.23730	3303851970697	0.25569	0.40439	8305.06934	0.16797	10798	1	0.24692	0.34050	1	0.27807	0.49054	1	0.26249	0.41552	1	0.44073	0.55201	12.51972	1.03439	1	0.70542	0.57429	13.92708	1.02673	1	-0.01332	-0.01249	0.65544	0.00278	1	0.05274	-0.01656	0.65921	0.00380	1	1.45898	0.81042	0	
1231209	8305.24414	3303852037810	0.25645	0.40513	8305.06934	0.17480	10798	1	0.28635	0.35750	1	0.26579	0.49099	1	0.27607	0.42425	1	0.44090	0.55207	13.23546	1.02673	1	0.70550	0.57421	13.76670	1.01907	1	-0.01332	-0.01249	0.65544	0.00285	1	0.05274	-0.01656	0.65921	0.00380	1	1.45898	0.81042	0	
1231210	8305.25098	3303852101285	0.25681	0.40563	8305.06934	0.18164	10798	1	0.26927	0.34497	1	0.26359	0.49339	1	0.26643	0.41918	1	0.44065	0.55197	12.68318	1.01907	1	0.70547	0.57414	14.27879	1.01141	1	-0.01332	-0.01249	0.65544	0.00278	1	0.05274	-0.01656	0.65921	0.00381	1	1.45898	0.81042	0	
1231211	8305.25781	3303852170771	0.25722	0.40638	8305.06934	0.18848	10798	1	0.27176	0.35136	1	0.26597	0.50331	1	0.26887	0.42734	1	0.44065	0.55198	12.67022	1.01141	1	0.70547	0.57398	14.38896	0.99694	1	-0.01332	-0.01249	0.65544	0.00277	1	0.05102	-0.01610	0.63712	0.00380	1	1.45898	0.81042	0	
1231212	8305.26367	3303852236163	0.25787	0.40745	8305.06934	0.19434	10798	1	0.28528	0.36162	1	0.26789	0.51588	1	0.27659	0.43875	1	0.44064	0.55196	12.71542	0.99694	1	0.70537	0.57382	14.07513	0.99013	1	-0.01332	-0.01249	0.65544	0.00276	1	0.05102	-0.01610	0.63712	0.00372	1	1.45898	0.81042	0	
1231213	8305.27051	3303852301795	0.25836	0.40764	8305.06934	0.20117	10798	1	0.27505	0.36354	1	0.27139	0.46277	1	0.27322	0.41316	1	0.44072	0.55202	12.98174	0.99013	1	0.70546	0.57378	14.51657	0.98332	1	-0.01332	-0.01249	0.65544	0.00271	1	0.05102	-0.01610	0.63712	0.00370	1	1.45898	0.81042	0	
1231214	8305.27734	3303852370132	0.25888	0.40798	8305.06934	0.20801	10798	1	0.27730	0.36926	1	0.27249	0.46779	1	0.27489	0.41852	1	0.44060	0.55195	12.62864	0.98332	1	0.70526	0.57390	14.96997	0.97651	1	-0.01332	-0.01249	0.65544	0.00276	1	0.05102	-0.01601	0.63712	0.00382	1	1.45898	0.81042	0	
1231215	8305.28418	3303852439595	0.25956	0.40883	8305.06934	0.21484	10798	1	0.28834	0.38314	1	0.27441	0.48889	1	0.28137	0.43601	1	0.44070	0.55197	12.87057	0.97651	1	0.70549	0.57376	14.51951	0.97651	1	-0.01332	-0.01249	0.65544	0.00274	1	0.05102	-0.01601	0.63712	0.00369	1	1.45898	0.81042	0	
1231216	8305.29102	3303852506622	0.26058	0.41102	8305.06934	0.22168	10798	1	0.32182	0.51384	1	0.26635	0.45309	1	0.29409	0.48346	1	0.44146	0.55392	13.66735	0.97651	1	0.70530	0.57338	14.32797	0.97651	1	-0.01332	-0.01249	0.65544	0.00385	1	0.05102	-0.01601	0.63712	0.00390	1	1.45898	0.81042	0	
1231217	8305.29785	3303852573613	0.26157	0.41317	8305.06934	0.22852	10798	1	0.32396	0.51877	1	0.26640	0.45333	1	0.29518	0.48605	1	0.44077	0.55185	12.62928	0.96939	1	0.70547	0.57380	14.41170	0.97620	1	-0.01312	-0.01225	0.64310	0.00286	1	0.05274	-0.01666	0.65921	0.00370	1	1.45898	0.81042	0	
1231218	8305.30469	3303852640219	0.27736	0.44173	8305.06934	0.22852	10798	0	0.31983	0.54246	1	0.27448	0.50873	1	0.29716	0.52559	1	0.44185	0.55401	13.36426	0.96907	1	0.70545	0.57381	13.86293	0.97588	1	-0.01312	-0.01225	0.64310	0.00385	1	0.05274	-0.01666	0.65921	0.00387	1	1.45898	0.81042	0	
1231219	8305.31152	3303852707113	0.28560	0.48239	8305.06934	0.22852	10798	0	0.33926	0.55134	1	0.24843	0.49478	1	0.29385	0.52306	1	0.44211	0.55439	12.92154	0.96875	1	0.70533	0.57388	14.31495	0.97556	1	-0.01312	-0.01225	0.64310	0.00394	1	0.05274	-0.01666	0.65921	0.00375	1	1.45898	0.81042	0	
1231220	8305.31836	3303852774030	0.28695	0.49167	8305.06934	0.22852	10798	0	0.33500	0.54160	1	0.24427	0.47886	1	0.28963	0.51023	1	0.44327	0.55392	13.80217	0.98358	1	0.70617	0.57374	14.33696	0.99805	1	-0.01371	-0.01290	0.67703	0.00388	1	0.05483	-0.01727	0.68343	0.00366	1	1.45898	0.81042	0	
1231221	8305.32422	3303852841333	0.29313	0.49222	8305.30469	0.01953	10799	1	0.35872	0.49080	1	0.26466	0.49692	1	0.31169	0.49386	1	0.44306	0.55391	13.89630	1.01319	1	0.70613	0.57421	14.32737	1.02085	1	-0.01371	-0.01290	0.67703	0.00407	1	0.05483	-0.01727	0.68343	0.00377	1	1.45898	0.81042	0	
1231222	8305.33105	3303852908675	0.29586	0.49356	8305.30469	0.02637	10799	1	0.34819	0.48414	1	0.26534	0.51370	1	0.30677	0.49892	1	0.44295	0.55400	13.29590	1.03599	1	0.70622	0.57409	14.39243	1.04365	1	-0.01371	-0.01290	0.67703	0.00404	1	0.05483	-0.01727	0.68343	0.00378	1	1.45898	0.81042	0	
1231223	8305.33789	3303852975827	0.29689	0.49193	8305.30469	0.03320	10799	1	0.34230	0.46864	1	0.26175	0.49898	1	0.30203	0.48381	1	0.44291	0.55384	13.30785	1.05879	1	0.70637	0.57411	14.71875	1.06645	1	-0.01371	-0.01290	0.67703	0.00409	1	0.05483	-0.01727	0.68343	0.00375	1	1.45898	0.81042	0	
1231224	8305.34473	3303853042908	0.29641	0.49388	8305.30469	0.04004	10799	1	0.31755	0.51472	1	0.26954	0.49641	1	0.29354	0.50557	1	0.44268	0.55428	12.95697	1.06645	1	0.70639	0.57418	14.74940	1.06645	1	-0.01371	-0.01290	0.67703	0.00407	1	0.05483	-0.01727	0.68343	0.00372	1	1.45898	0.81042	0	
1231225	8305.35156	3303853109887	0.29887	0.49140	8305.30469	0.04688	10799	1	0.34600	0.49563	1	0.28625	0.45235	1	0.31612	0.47399	1	0.44269	0.55438	13.29989	1.06645	1	0.70647	0.57369	14.43647	1.06645	1	-0.01371	-0.01290	0.67703	0.00406	1	0.05483	-0.01727	0.68343	0.00379	1	1.45898	0.81042	0	
1231226	8305.35840	3303853176375	0.30096	0.49006	8305.30469	0.05371	10799	1	0.34803	0.50083	1	0.28733	0.45788	1	0.31768	0.47936	1	0.44253	0.55454	12.96476	1.05844	1	0.70611	0.57325	14.25146	1.05844	1	-0.01332	-0.01249	0.65544	0.00405	1	0.05440	-0.01709	0.67802	0.00364	1	1.45898	0.81042	0	
1231227	8305.36523	3303853243356	0.30192	0.48716	8305.30469	0.06055	10799	1	0.33383	0.52444	1	0.28716	0.39767	1	0.31049	0.46105	1	0.44246	0.55448	13.29978	1.05042	1	0.70613	0.57331	14.25638	1.05042	1	-0.01332	-0.01249	0.65544	0.00388	1	0.05440	-0.01709	0.67802	0.00367	1	1.45898	0.81042	0	
1231228	8305.37109	3303853310626	0.30245	0.48621	8305.30469	0.06641	10799	1	0.32830	0.50585	1	0.28729	0.44755	1	0.30779	0.47670	1	0.44225	0.55445	13.59123	1.04240	1	0.70615	0.57366	14.25103	1.04240	1	-0.01332	-0.01249	0.65544	0.00383	1	0.05440	-0.01709	0.67802	0.00351	1	1.45898	0.81042	0	
1231229	8305.37793	3303853377313	0.30303	0.48587	8305.30469	0.07324	10799	1	0.33051	0.51110	1	0.28839	0.45324	1	0.30945	0.48217	1	0.44228	0.55436	13.90129	1.03439	1	0.70613	0.57344	14.13125	1.03439	1	-0.01332	-0.01249	0.65544	0.00383	1	0.05483	-0.01717	0.68343	0.00361	1	1.45898	0.81042	0	
1231230	8305.38477	3303853444128	0.30352	0.48578	8305.30469	0.08008	10799	1	0.33201	0.52123	1	0.28658	0.44820	1	0.30930	0.48472	1	0.44233	0.55438	14.18132	1.03439	1	0.70612	0.57355	14.09444	1.03439	1	-0.01332	-0.01249	0.65544	0.00384	1	0.05483	-0.01717	0.68343	0.00376	1	1.45898	0.81042	0	
1231231	8305.39160	3303853511453	0.30517	0.48320	8305.30469	0.08691	10799	1	0.34563	0.48958	1	0.30770	0.40980	1	0.32667	0.44969	1	0.44240	0.55415	13.65158	1.03439	1	0.70613	0.57341	14.12761	1.03439	1	-0.01332	-0.01249	0.65544	0.00379	1	0.05483	-0.01717	0.68343	0.00365	1	1.45898	0.81042	0	
1231232	8305.39844	3303853578202	0.30663	0.48116	8305.30469	0.09375	10799	1	0.34563	0.48958	1	0.30861	0.41557	1	0.32712	0.45257	1	0.44242	0.55400	13.64251	1.03439	1	0.70616	0.57331	13.85794	1.02673	1	-0.01332	-0.01249	0.65544	0.00388	1	0.05351	-0.01682	0.66762	0.00360	1	1.45898	0.81042	0	
1231233	8305.40527	3303853644016	0.30657	0.48089	8305.30469	0.10059	10799	1	0.32101	0.50069	1	0.29036	0.45283	1	0.30569	0.47676	1	0.44221	0.55398	13.83722	1.02673	1	0.70606	0.57346	14.11058	1.01907	1	-0.01332	-0.01249	0.65544	0.00406	1	0.05351	-0.01682	0.66762	0.00362	1	1.45898	0.81042	0	
1231234	8305.41211	3303853712880	0.30799	0.48016	8305.30469	0.10742	10799	1	0.36670	0.48424	1	0.29450	0.45295	1	0.33060	0.46859	1	0.44236	0.55407	13.88882	1.01907	1	0.70595	0.57364	14.00138	1.01141	1	-0.01332	-0.01249	0.65544	0.00385	1	0.05351	-0.01682	0.66762	0.00364	1	1.45898	0.81042	0	
1231235	8305.41797	3303853779411	0.30924	0.47951	8305.30469	0.11328	10799	1	0.36661	0.48399	1	0.29445	0.45269	1	0.33053	0.46834	1	0.44238	0.55407	13.83835	1.01942	1	0.70592	0.57366	13.93179	1.01177	1	-0.01391	-0.01299	0.68204	0.00385	1	0.05351	-0.01677	0.66762	0.00366	1	1.45898	0.81042	0	
1231236	8305.42480	3303853846762	0.30906	0.47970	8305.30469	0.12012	10799	1	0.33543	0.50126	1	0.27604	0.46492	1	0.30574	0.48309	1	0.44241	0.55395	13.59020	1.01978	1	0.70628	0.57333	13.91357	1.01978	1	-0.01391	-0.01299	0.68204	0.00391	1	0.05351	-0.01677	0.66762	0.00365	1	1.45898	0.81042	0	
1231237	8305.43164	3303853913565	0.30653	0.48036	8305.30469	0.12695	10799	1	0.29144	0.55849	1	0.22575	0.42754	1	0.25860	0.49301	1	0.44260	0.55457	13.10205	1.02780	1	0.70622	0.57339	14.04484	1.02780	1	-0.01391	-0.01299	0.68204	0.00391	1	0.05351	-0.01677	0.66762	0.00356	1	1.45898	0.81042	0	
1231238	8305.43848	3303853978738	0.30421	0.48083	8305.30469	0.13379	10799	1	0.29144	0.55849	1	0.22424	0.42191	1	0.25784	0.49020	1	0.44491	0.55399	13.11859	1.02780	1	0.70990	0.57322	14.07117	1.03546	1	-0.01303	-0.01259	0.66066	0.00384	1	0.05359	-0.01671	0.66302	0.00347	1	1.45898	0.81042	0	
1231239	8305.44531	3303854046802	0.30847	0.48046	8305.30469	0.14062	10799	1	0.41717	0.49465	1	0.37849	0.45060	1	0.39783	0.47263	1	0.44632	0.55388	13.62825	1.02744	1	0.71043	0.57311	14.36432	1.03510	1	-0.01303	-0.01259	0.66066	0.00373	1	0.05359	-0.01671	0.66302	0.00359	1	1.45898	0.81042	0	
1231240	8305.45215	3303854114188	0.30902	0.47965	8305.30469	0.14746	10799	1	0.35123	0.47991	1	0.29089	0.44365	1	0.32106	0.46178	1	0.44654	0.55315	13.64281	1.02708	1	0.71045	0.57312	14.80644	1.03474	1	-0.01303	-0.01259	0.66066	0.00340	1	0.05359	-0.01671	0.66302	0.00326	1	1.45898	0.81042	0	
1231241	8305.45801	3303854179636	0.30946	0.47868	8305.30469	0.15332	10799	1	0.34925	0.47463	1	0.28986	0.43815	1	0.31955	0.45639	1	0.45076	0.55321	13.27066	1.03474	1	0.71501	0.57297	14.07955	1.04240	1	-0.01258	-0.01300	0.68216	0.00357	1	0.05512	-0.01688	0.67198	0.00362	1	1.45898	0.81042	0	
1231242	8305.46484	3303854243729	0.31833	0.47599	8305.30469	0.16016	10799	1	0.54546	0.39706	1	0.51730	0.42601	1	0.53138	0.41153	1	0.45146	0.55264	12.97319	1.05042	1	0.71536	0.57340	14.66796	1.05042	1	-0.01258	-0.01300	0.68216	0.00369	1	0.05512	-0.01688	0.67198	0.00359	1	1.45898	0.81042	0	
1231243	8305.47168	3303854308042	0.35193	0.46119	8305.30469	0.16016	10799	0	0.53243	0.38796	1	0.54199	0.41088	1	0.53721	0.39942	1	0.45155	0.55284	13.00816	1.05844	1	0.71578	0.57310	13.95149	1.05844	1	-0.01258	-0.01300	0.68216	0.00353	1	0.05512	-0.01688	0.67198	0.00369	1	1.45898	0.81042	0	
1231244	8305.47852	3303854377836	0.44457	0.42730	8305.30469	0.16016	10799	0	0.53164	0.38196	1	0.54278	0.40485	1	0.53721	0.39341	1	0.45243	0.55263	12.88273	1.06645	1	0.71640	0.57313	14.06503	1.06645	1	-0.01252	-0.01314	0.68975	0.00374	1	0.05523	-0.01686	0.67085	0.00378	1	1.45898	0.81042	0	
1231245	8305.48535	3303854449967	0.48635	0.41349	8305.30469	0.16016	10799	0	0.58514	0.38398	1	0.55469	0.38775	1	0.56992	0.38586	1	0.45235	0.55294	13.16578	1.06645	1	0.71645	0.57304	14.06996	1.06645	1	-0.01252	-0.01314	0.68975	0.00367	1	0.05523	-0.01686	0.67085	0.00384	1	1.45898	0.81042	0	
1231246	8305.49219	3303854514882	0.55407	0.38303	8305.30469	0.16016	10799	0	0.57945	0.34105	1	0.53073	0.39859	1	0.55509	0.36982	1	0.45234	0.55264	13.15613	1.06645	1	0.71606	0.57325	14.66177	1.06645	1	-0.01252	-0.01314	0.68975	0.00380	1	0.05523	-0.01686	0.67085	0.00376	1	1.45898	0.81042	0	
1231247	8305.49902	3303854583786	0.55453	0.37951	8305.30469	0.16016	10799	0	0.57993	0.34733	1	0.53003	0.40466	1	0.55498	0.37600	1	0.45238	0.55270	13.19287	1.05844	1	0.71652	0.57261	14.09412	1.05844	1	-0.01202	-0.01256	0.65958	0.00371	1	0.05523	-0.01691	0.67085	0.00388	1	1.45898	0.81042	0	
1231248	8305.50586	3303854650106	0.56171	0.37583	8305.30469	0.16016	10799	0	0.59883	0.38476	1	0.55330	0.35220	1	0.57606	0.36848	1	0.45260	0.55248	13.38028	1.05042	1	0.71639	0.57267	14.22574	1.05042	1	-0.01202	-0.01256	0.65958	0.00380	1	0.05523	-0.01691	0.67085	0.00385	1	1.45898	0.81042	0	
1231249	8305.51172	3303854714861	0.56402	0.37810	8305.49219	0.01953	10800	1	0.59663	0.38428	1	0.54533	0.38555	1	0.57098	0.38491	1	0.45263	0.55256	13.52270	1.04240	1	0.71630	0.57289	14.01337	1.04240	1	-0.01202	-0.01256	0.65958	0.00376	1	0.05523	-0.01691	0.67085	0.00398	1	1.45898	0.81042	0	
1231250	8305.51855	3303854780725	0.56534	0.38007	8305.49219	0.02637	10800	1	0.59663	0.38428	1	0.54454	0.39159	1	0.57058	0.38793	1	0.45268	0.55239	13.56660	1.04240	1	0.71658	0.57315	13.84191	1.03474	1	-0.01252	-0.01314	0.68975	0.00382	1	0.05486	-0.01670	0.66453	0.00387	1	1.45898	0.81042	0	
1231251	8305.52539	3303854850743	0.56852	0.39535	8305.49219	0.03320	10800	1	0.58900	0.44601	1	0.57995	0.49751	1	0.58447	0.47176	1	0.45230	0.55287	13.01198	1.04276	1	0.71688	0.57340	13.83598	1.03510	1	-0.01252	-0.01314	0.68975	0.00371	1	0.05486	-0.01670	0.66453	0.00383	1	1.45898	0.81042	0	
1231252	8305.53223	3303854914003	0.56853	0.40510	8305.49219	0.04004	10800	1	0.57920	0.44280	1	0.55798	0.48438	1	0.56859	0.46359	1	0.45229	0.55287	13.03765	1.04312	1	0.71691	0.57319	13.63535	1.03546	1	-0.01252	-0.01314	0.68975	0.00371	1	0.05486	-0.01670	0.66453	0.00377	1	1.45898	0.81042	0	
1231253	8305.53906	3303854983526	0.56860	0.41205	8305.49219	0.04688	10800	1	0.57918	0.44255	1	0.55891	0.47878	1	0.56904	0.46066	1	0.45258	0.55287	13.77994	1.04347	1	0.71720	0.57314	14.11395	1.04347	1	-0.01252	-0.01314	0.68975	0.00364	1	0.05540	-0.01684	0.67043	0.00375	1	1.45898	0.81042	0	
1231254	8305.54590	3303855051854	0.57026	0.41325	8305.49219	0.05371	10800	1	0.59148	0.37869	1	0.57571	0.46706	1	0.58359	0.42287	1	0.45253	0.55279	13.67620	1.04347	1	0.71725	0.57320	14.32588	1.05113	1	-0.01252	-0.01314	0.68975	0.00364	1	0.05540	-0.01684	0.67043	0.00384	1	1.45898	0.81042	0	
1231255	8305.55273	3303855118878	0.57117	0.41639	8305.49219	0.06055	10800	1	0.59934	0.41692	1	0.55934	0.47244	1	0.57934	0.44468	1	0.45268	0.55241	13.31079	1.05113	1	0.71729	0.57348	14.33570	1.05879	1	-0.01252	-0.01314	0.68975	0.00365	1	0.05540	-0.01684	0.67043	0.00388	1	1.45898	0.81042	0	
1231256	8305.55957	3303855186056	0.57197	0.41789	8305.49219	0.06738	10800	1	0.59862	0.40483	1	0.56126	0.46081	1	0.57994	0.43282	1	0.45290	0.55192	12.85812	1.06788	1	0.71718	0.57307	14.32406	1.07554	1	-0.01286	-0.01356	0.71183	0.00393	1	0.05540	-0.01684	0.67043	0.00387	1	1.45898	0.81042	0	
1231257	8305.56543	3303855252304	0.57274	0.41438	8305.49219	0.07324	10800	1	0.60068	0.37585	1	0.56187	0.37569	1	0.58127	0.37577	1	0.45288	0.55258	12.96422	1.08462	1	0.71716	0.57308	14.26807	1.08462	1	-0.01286	-0.01356	0.71183	0.00369	1	0.05540	-0.01684	0.67043	0.00383	1	1.45898	0.81042	0	
1231258	8305.57227	3303855320045	0.57267	0.40902	8305.49219	0.08008	10800	1	0.58245	0.35098	1	0.56098	0.33857	1	0.57172	0.34478	1	0.45278	0.55243	13.24661	1.09371	1	0.71726	0.57275	14.24241	1.09371	1	-0.01286	-0.01356	0.71183	0.00354	1	0.05540	-0.01684	0.67043	0.00399	1	1.45898	0.81042	0	
1231259	8305.57910	3303855386887	0.57260	0.40443	8305.49219	0.08691	10800	1	0.58245	0.35098	1	0.56098	0.33857	1	0.57172	0.34478	1	0.45316	0.55201	12.93386	1.09371	1	0.71731	0.57314	14.07629	1.09371	1	-0.01236	-0.01303	0.68672	0.00379	1	0.05540	-0.01689	0.67043	0.00378	1	1.45898	0.81042	0	
1231260	8305.58594	3303855453360	0.57274	0.40203	8305.49219	0.09375	10800	1	0.59746	0.31394	1	0.55216	0.42284	1	0.57481	0.36839	1	0.45308	0.55228	12.98954	1.08462	1	0.71714	0.57347	14.10253	1.08462	1	-0.01236	-0.01303	0.68672	0.00361	1	0.05540	-0.01689	0.67043	0.00396	1	1.45898	0.81042	0	
1231261	8305.59277	3303855521159	0.57337	0.39959	8305.49219	0.10059	10800	1	0.59740	0.34114	1	0.56799	0.38484	1	0.58270	0.36299	1	0.45310	0.55209	13.08701	1.07554	1	0.71736	0.57303	13.87945	1.07554	1	-0.01236	-0.01303	0.68672	0.00375	1	0.05540	-0.01689	0.67043	0.00412	1	1.45898	0.81042	0	
1231262	8305.59961	3303855587801	0.57384	0.39818	8305.49219	0.10742	10800	1	0.59781	0.34819	1	0.56516	0.40289	1	0.58148	0.37554	1	0.45324	0.55255	13.07466	1.06645	1	0.71743	0.57351	14.01926	1.05198	1	-0.01209	-0.01291	0.67756	0.00378	1	0.05301	-0.01614	0.64036	0.00409	1	1.45898	0.81042	0	
1231263	8305.60645	3303855654889	0.57344	0.39815	8305.49219	0.11426	10800	1	0.57990	0.35513	1	0.55318	0.44030	1	0.56654	0.39771	1	0.45317	0.55238	13.11944	1.05198	1	0.71733	0.57388	14.04236	1.03752	1	-0.01209	-0.01291	0.67756	0.00383	1	0.05301	-0.01614	0.64036	0.00386	1	1.45898	0.81042	0	
1231264	8305.61230	3303855721609	0.57297	0.39990	8305.49219	0.12012	10800	1	0.57597	0.41102	1	0.55317	0.45186	1	0.56457	0.43144	1	0.45304	0.55260	13.14601	1.03752	1	0.71728	0.57391	14.13617	1.02305	1	-0.01209	-0.01291	0.67756	0.00381	1	0.05301	-0.01614	0.64036	0.00386	1	1.45898	0.81042	0	
1231265	8305.61914	3303855788731	0.57257	0.40175	8305.49219	0.12695	10800	1	0.57690	0.42170	1	0.55317	0.45186	1	0.56504	0.43678	1	0.45320	0.55261	12.89634	1.02305	1	0.71794	0.57279	14.02238	1.02305	1	-0.01209	-0.01291	0.67756	0.00371	1	0.05620	-0.01708	0.67764	0.00423	1	1.45898	0.81042	0	
1231266	8305.62598	3303855855196	0.57295	0.40252	8305.49219	0.13379	10800	1	0.61144	0.42004	1	0.54957	0.41595	1	0.58050	0.41800	1	0.45335	0.55267	13.48425	1.02305	1	0.71790	0.57352	14.13318	1.03752	1	-0.01209	-0.01291	0.67756	0.00368	1	0.05620	-0.01708	0.67764	0.00401	1	1.45898	0.81042	0	
1231267	8305.63281	3303855922657	0.57333	0.40307	8305.49219	0.14062	10800	1	0.61167	0.42864	1	0.55088	0.40070	1	0.58127	0.41467	1	0.45346	0.55256	13.78743	1.03752	1	0.71797	0.57357	14.14168	1.05198	1	-0.01209	-0.01291	0.67756	0.00366	1	0.05620	-0.01708	0.67764	0.00410	1	1.45898	0.81042	0	
1231268	8305.63965	3303855989480	0.57367	0.40350	8305.49219	0.14746	10800	1	0.61146	0.42400	1	0.55075	0.40162	1	0.58110	0.41281	1	0.45375	0.55209	13.00938	1.04397	1	0.71803	0.57397	14.23151	1.05078	1	-0.01209	-0.01286	0.68025	0.00391	1	0.05451	-0.01655	0.65667	0.00395	1	1.45898	0.81042	0	
1231269	8305.64648	3303856056478	0.57399	0.40300	8305.49219	0.15430	10800	1	0.61481	0.34110	1	0.54812	0.44232	1	0.58146	0.39171	1	0.45401	0.55205	12.83988	1.04276	1	0.71800	0.57383	14.29852	1.03510	1	-0.01209	-0.01286	0.68025	0.00384	1	0.05451	-0.01655	0.65667	0.00383	1	1.45898	0.81042	0	
1231270	8305.65332	3303856123833	0.57421	0.40245	8305.49219	0.16113	10800	1	0.60581	0.35906	1	0.55303	0.41910	1	0.57942	0.38908	1	0.45380	0.55208	12.83363	1.02708	1	0.71809	0.57361	14.32133	1.01942	1	-0.01209	-0.01286	0.68025	0.00371	1	0.05451	-0.01655	0.65667	0.00381	1	1.45898	0.81042	0	
1231271	8305.65918	3303856190824	0.57437	0.40251	8305.49219	0.16699	10800	1	0.60643	0.37152	1	0.55050	0.43649	1	0.57847	0.40401	1	0.45386	0.55229	13.33082	1.01141	1	0.71821	0.57371	13.98735	0.99694	1	-0.01154	-0.01233	0.65475	0.00368	1	0.05350	-0.01623	0.64394	0.00381	1	1.45898	0.81042	0	
1231272	8305.66602	3303856257689	0.57419	0.40495	8305.49219	0.17383	10800	1	0.58899	0.45631	1	0.55004	0.48073	1	0.56951	0.46852	1	0.45397	0.55243	13.08557	0.99694	1	0.71804	0.57381	13.81920	0.99013	1	-0.01154	-0.01233	0.65475	0.00380	1	0.05350	-0.01623	0.64394	0.00381	1	1.45898	0.81042	0	
1231273	8305.67285	3303856320684	0.57413	0.40727	8305.49219	0.18066	10800	1	0.58482	0.46036	1	0.55997	0.47930	1	0.57239	0.46983	1	0.45390	0.55250	13.00410	0.99013	1	0.71825	0.57378	13.73608	0.98332	1	-0.01154	-0.01233	0.65475	0.00383	1	0.05350	-0.01623	0.64394	0.00387	1	1.45898	0.81042	0	
1231274	8305.67969	3303856389515	0.57410	0.40921	8305.49219	0.18750	10800	1	0.58474	0.45948	1	0.56191	0.46769	1	0.57333	0.46358	1	0.45387	0.55208	12.88413	0.99134	1	0.71825	0.57378	13.54537	0.99900	1	-0.01175	-0.01255	0.66958	0.00403	1	0.05711	-0.01729	0.68614	0.00390	1	1.45898	0.81042	0	
1231275	8305.68652	3303856458812	0.57381	0.40879	8305.49219	0.19434	10800	1	0.58361	0.38902	1	0.54735	0.40383	1	0.56548	0.39642	1	0.45396	0.55192	12.80626	1.00702	1	0.71837	0.57332	13.47737	1.02148	1	-0.01175	-0.01255	0.66958	0.00402	1	0.05711	-0.01729	0.68614	0.00410	1	1.45898	0.81042	0	
1231276	8305.69336	3303856525774	0.57458	0.41056	8305.49219	0.20117	10800	1	0.61356	0.42397	1	0.58164	0.50339	1	0.59760	0.46368	1	0.45392	0.55242	12.91893	1.02950	1	0.71850	0.57398	13.83286	1.04397	1	-0.01175	-0.01255	0.66958	0.00385	1	0.05711	-0.01729	0.68614	0.00396	1	1.45898	0.81042	0	
1231277	8305.70020	3303856592416	0.57532	0.41190	8305.49219	0.20801	10800	1	0.61309	0.41341	1	0.58362	0.49360	1	0.59836	0.45351	1	0.45364	0.55271	13.84442	1.04397	1	0.71730	0.57346	14.64066	1.05844	1	-0.01165	-0.01229	0.65562	0.00362	1	0.05649	-0.01722	0.68123	0.00377	1	1.45898	0.81042	0	
1231278	8305.70605	3303856659816	0.57479	0.41177	8305.49219	0.21387	10800	1	0.56024	0.40621	1	0.55479	0.40908	1	0.55751	0.40764	1	0.45281	0.55234	13.71292	1.05042	1	0.71718	0.57331	13.58539	1.05042	1	-0.01165	-0.01229	0.65562	0.00388	1	0.05649	-0.01722	0.68123	0.00369	1	1.45898	0.81042	0	
1231279	8305.71289	3303856726916	0.57452	0.41317	8305.49219	0.22070	10800	1	0.58535	0.44784	1	0.54632	0.47079	1	0.56584	0.45932	1	0.45289	0.55243	14.02404	1.04240	1	0.71707	0.57341	13.83195	1.04240	1	-0.01165	-0.01229	0.65562	0.00369	1	0.05649	-0.01722	0.68123	0.00363	1	1.45898	0.81042	0	
1231280	8305.71973	3303856793466	0.57427	0.41449	8305.49219	0.22754	10800	1	0.58535	0.44784	1	0.54632	0.47079	1	0.56584	0.45932	1	0.45180	0.55137	13.40968	1.04240	1	0.71615	0.57298	13.45288	1.04240	1	-0.01236	-0.01288	0.68672	0.00392	1	0.05540	-0.01674	0.67043	0.00375	1	1.45898	0.81042	0	
1231281	8305.72656	3303856860374	0.57226	0.41475	8305.49219	0.23438	10800	1	0.52534	0.39786	1	0.47806	0.45013	1	0.50170	0.42400	1	0.45190	0.55183	13.59554	1.05042	1	0.71599	0.57316	14.04658	1.05042	1	-0.01236	-0.01288	0.68672	0.00371	1	0.05540	-0.01674	0.67043	0.00374	1	1.45898	0.81042	0	
1231282	8305.73340	3303856927675	0.57056	0.41348	8305.49219	0.24121	10800	1	0.52804	0.34139	1	0.49078	0.39423	1	0.50941	0.36781	1	0.45178	0.55141	13.45091	1.05844	1	0.71614	0.57285	13.50063	1.05844	1	-0.01236	-0.01288	0.68672	0.00391	1	0.05540	-0.01674	0.67043	0.00375	1	1.45898	0.81042	0	
1231283	8305.74023	3303856994510	0.56895	0.41212	8305.49219	0.24805	10800	1	0.52723	0.33504	1	0.49120	0.38810	1	0.50921	0.36157	1	0.45168	0.55175	13.27433	1.06645	1	0.71619	0.57297	13.39472	1.06645	1	-0.01236	-0.01288	0.68672	0.00380	1	0.05540	-0.01684	0.67043	0.00372	1	1.45898	0.81042	0	
1231284	8305.74707	3303857061549	0.56729	0.41107	8305.49219	0.25488	10800	1	0.52015	0.34590	1	0.48892	0.39658	1	0.50454	0.37124	1	0.45167	0.55141	13.09041	1.06645	1	0.71609	0.57277	13.51119	1.06645	1	-0.01236	-0.01288	0.68672	0.00388	1	0.05540	-0.01684	0.67043	0.00376	1	1.45898	0.81042	0	
1231285	8305.75293	3303857128353	0.56582	0.41051	8305.49219	0.26074	10800	1	0.52256	0.34282	1	0.49439	0.43475	1	0.50848	0.38879	1	0.45178	0.55129	13.03547	1.06645	1	0.71619	0.57297	13.39472	1.06645	1	-0.01236	-0.01288	0.68672	0.00394	1	0.05540	-0.01684	0.67043	0.00372	1	1.45898	0.81042	0	
1231286	8305.75977	3303857195580	0.56442	0.40998	8305.49219	0.26758	10800	1	0.52256	0.34282	1	0.49439	0.43475	1	0.50848	0.38879	1	0.45168	0.55117	12.92244	1.06645	1	0.71585	0.57295	14.05840	1.06645	1	-0.01236	-0.01288	0.68672	0.00393	1	0.05540	-0.01679	0.67043	0.00376	1	1.45898	0.81042	0	
1231287	8305.76660	3303857262433	0.53564	0.41269	8305.49219	0.26758	10800	0	0.52917	0.39640	1	0.47229	0.41680	1	0.50073	0.40660	1	0.45202	0.55167	13.41508	1.06645	1	0.71575	0.57302	14.32277	1.06645	1	-0.01236	-0.01288	0.68672	0.00375	1	0.05540	-0.01679	0.67043	0.00376	1	1.45898	0.81042	0	
1231288	8305.77344	3303857329086	0.51673	0.40477	8305.49219	0.26758	10800	0	0.52209	0.39110	1	0.47354	0.40262	1	0.49782	0.39686	1	0.45172	0.55142	13.06237	1.06645	1	0.71588	0.57287	14.08756	1.06645	1	-0.01236	-0.01288	0.68672	0.00389	1	0.05540	-0.01679	0.67043	0.00378	1	1.45898	0.81042	0	
1231289	8305.78027	3303857396070	0.51043	0.40214	8305.49219	0.26758	10800	0	0.52209	0.39110	1	0.47354	0.40262	1	0.49782	0.39686	1	0.45187	0.55163	13.37913	1.06645	1	0.71585	0.57306	14.20857	1.06645	1	-0.01236	-0.01288	0.68672	0.00394	1	0.05540	-0.01674	0.67043	0.00373	1	1.45898	0.81042	0	
1231290	8305.78711	3303857464200	0.51113	0.39698	8305.76660	0.02051	10801	1	0.53610	0.38221	1	0.49039	0.38084	1	0.51324	0.38153	1	0.45205	0.55184	13.40171	1.06645	1	0.71609	0.57286	13.65412	1.06645	1	-0.01236	-0.01288	0.68672	0.00378	1	0.05540	-0.01674	0.67043	0.00375	1	1.45898	0.81042	0	
1231291	8305.79395	3303857530851	0.50969	0.39583	8305.76660	0.02734	10801	1	0.52806	0.35812	1	0.47981	0.42432	1	0.50394	0.39122	1	0.45187	0.55163	13.37913	1.06645	1	0.71585	0.57306	14.20857	1.06645	1	-0.01236	-0.01288	0.68672	0.00394	1	0.05540	-0.01674	0.67043	0.00373	1	1.45898	0.81042	0	
1231292	8305.79980	3303857597267	0.50873	0.39506	8305.76660	0.03320	10801	1	0.52806	0.35812	1	0.47981	0.42432	1	0.50394	0.39122	1	0.45175	0.55147	13.04433	1.06645	1	0.71599	0.57323	14.00370	1.06645	1	-0.01236	-0.01288	0.68672	0.00401	1	0.05574	-0.01690	0.67463	0.00369	1	1.45898	0.81042	0	
1231293	8305.80664	3303857662197	0.50788	0.39661	8305.76660	0.04004	10801	1	0.52328	0.37366	1	0.48224	0.43813	1	0.50276	0.40590	1	0.45180	0.55203	13.19287	1.06645	1	0.71598	0.57326	13.83285	1.06645	1	-0.01236	-0.01288	0.68672	0.00385	1	0.05574	-0.01690	0.67463	0.00365	1	1.45898	0.81042	0	
1231294	8305.81348	3303857730609	0.50756	0.39849	8305.76660	0.04688	10801	1	0.51732	0.37551	1	0.49336	0.44779	1	0.50534	0.41165	1	0.45177	0.55218	13.33705	1.06645	1	0.71619	0.57317	13.35965	1.06645	1	-0.01236	-0.01288	0.68672	0.00384	1	0.05574	-0.01690	0.67463	0.00365	1	1.45898	0.81042	0	
1231295	8305.82031	3303857798404	0.50734	0.40060	8305.76660	0.05371	10801	1	0.51820	0.38156	1	0.49293	0.45347	1	0.50556	0.41752	1	0.45168	0.55243	13.33524	1.05844	1	0.71613	0.57304	13.57345	1.05844	1	-0.01176	-0.01220	0.65055	0.00380	1	0.05574	-0.01690	0.67463	0.00375	1	1.45898	0.81042	0	
1231296	8305.82715	3303857865250	0.50602	0.40165	8305.76660	0.06055	10801	1	0.52122	0.37716	1	0.46710	0.44494	1	0.49416	0.41105	1	0.45168	0.55243	13.33524	1.05042	1	0.71580	0.57308	13.94562	1.05042	1	-0.01176	-0.01220	0.65055	0.00380	1	0.05574	-0.01690	0.67463	0.00371	1	1.45898	0.81042	0	
1231297	8305.83398	3303857931709	0.50506	0.40305	8305.76660	0.06738	10801	1	0.51216	0.41169	1	0.47878	0.42251	1	0.49547	0.41710	1	0.45168	0.55243	13.33524	1.04240	1	0.71596	0.57283	13.91490	1.04240	1	-0.01176	-0.01220	0.65055	0.00380	1	0.05574	-0.01690	0.67463	0.00382	1	1.45898	0.81042	0	
1231298	8305.84082	3303857998604	0.50429	0.40472	8305.76660	0.07422	10801	1	0.51310	0.41760	1	0.47845	0.42850	1	0.49577	0.42305	1	0.45187	0.55230	12.92451	1.03439	1	0.71579	0.57323	14.30088	1.03439	1	-0.01176	-0.01220	0.65055	0.00388	1	0.05540	-0.01684	0.67043	0.00367	1	1.45898	0.81042	0	
1231299	8305.84668	3303858066231	0.50416	0.40709	8305.76660	0.08008	10801	1	0.52950	0.41439	1	0.47582	0.45656	1	0.50266	0.43548	1	0.45192	0.55232	12.92843	1.03439	1	0.71596	0.57319	14.05648	1.03439	1	-0.01176	-0.01220	0.65055	0.00388	1	0.05540	-0.01684	0.67043	0.00370	1	1.45898	0.81042	0	
1231300	8305.85352	3303858133363	0.50379	0.40863	8305.76660	0.08691	10801	1	0.52272	0.40008	1	0.47527	0.45735	1	0.49900	0.42871	1	0.45188	0.55214	12.90886	1.03439	1	0.71597	0.57326	13.61034	1.03439	1	-0.01176	-0.01220	0.65055	0.00394	1	0.05540	-0.01684	0.67043	0.00372	1	1.45898	0.81042	0	
1231301	8305.86035	3303858195352	0.50345	0.40957	8305.76660	0.09375	10801	1	0.52184	0.39403	1	0.47558	0.45158	1	0.49871	0.42280	1	0.45192	0.55216	12.93073	1.04240	1	0.71627	0.57330	13.36506	1.04240	1	-0.01252	-0.01293	0.68975	0.00393	1	0.05540	-0.01689	0.67043	0.00372	1	1.45898	0.81042	0	
1231302	8305.86719	3303858264541	0.50379	0.41048	8305.76660	0.10059	10801	1	0.54762	0.37334	1	0.47008	0.47477	1	0.50885	0.42405	1	0.45196	0.55233	12.94713	1.05042	1	0.71578	0.57337	14.25462	1.05042	1	-0.01252	-0.01293	0.68975	0.00388	1	0.05540	-0.01689	0.67043	0.00367	1	1.45898	0.81042	0	
1231303	8305.87402	3303858331510	0.50452	0.41098	8305.76660	0.10742	10801	1	0.54600	0.39827	1	0.48619	0.43979	1	0.51610	0.41903	1	0.45180	0.55244	13.07717	1.05844	1	0.71609	0.57367	13.72263	1.05844	1	-0.01252	-0.01293	0.68975	0.00382	1	0.05540	-0.01689	0.67043	0.00379	1	1.45898	0.81042	0	
1231304	8305.87988	3303858398299	0.50515	0.41111	8305.76660	0.11328	10801	1	0.54530	0.39236	1	0.48657	0.43402	1	0.51594	0.41319	1	0.45179	0.55250	13.15731	1.06645	1	0.71595	0.57341	13.60714	1.06645	1	-0.01252	-0.01293	0.68975	0.00381	1	0.05540	-0.01689	0.67043	0.00370	1	1.45898	0.81042	0	
1231305	8305.88770	3303858467342	0.50468	0.41022	8305.76660	0.12109	10801	1	0.53045	0.34408	1	0.46186	0.44457	1	0.49615	0.39433	1	0.45180	0.55213	12.69073	1.06645	1	0.71568	0.57376	14.34814	1.06645	1	-0.01252	-0.01293	0.68975	0.00388	1	0.05540	-0.01689	0.67043	0.00383	1	1.45898	0.81042	0	
1231306	8305.89355	3303858533463	0.50511	0.40879	8305.76660	0.12695	10801	1	0.53592	0.36774	1	0.49096	0.39535	1	0.51344	0.38154	1	0.45180	0.55213	12.69073	1.06645	1	0.71618	0.57318	13.08794	1.06645	1	-0.01252	-0.01293	0.68975	0.00387	1	0.05540	-0.01689	0.67043	0.00370	1	1.45898	0.81042	0	
1231307	8305.90039	3303858603261	0.50551	0.40749	8305.76660	0.13379	10801	1	0.53592	0.36774	1	0.49096	0.39535	1	0.51344	0.38154	1	0.45189	0.55252	13.11807	1.06645	1	0.71628	0.57347	13.43225	1.06645	1	-0.01252	-0.01293	0.68975	0.00381	1	0.05540	-0.01689	0.67043	0.00369	1	1.45898	0.81042	0	
1231308	8305.90723	3303858669701	0.50653	0.40740	8305.76660	0.14062	10801	1	0.54776	0.41281	1	0.50824	0.39800	1	0.52800	0.40540	1	0.45185	0.55256	13.15545	1.06645	1	0.71601	0.57340	13.43454	1.06645	1	-0.01252	-0.01293	0.68975	0.00380	1	0.05540	-0.01689	0.67043	0.00385	1	1.45898	0.81042	0	
1231309	8305.91406	3303858733544	0.50767	0.40792	8305.76660	0.14746	10801	1	0.55188	0.38687	1	0.51331	0.45194	1	0.53259	0.41941	1	0.45185	0.55256	13.15545	1.06645	1	0.71616	0.57368	13.17808	1.06645	1	-0.01252	-0.01293	0.68975	0.00380	1	0.05540	-0.01689	0.67043	0.00376	1	1.45898	0.81042	0	
1231310	8305.92090	3303858800146	0.50871	0.40840	8305.76660	0.15430	10801	1	0.55188	0.38687	1	0.51331	0.45194	1	0.53259	0.41941	1	0.45175	0.55263	12.96834	1.06645	1	0.71564	0.57306	12.79765	1.06645	1	-0.01252	-0.01293	0.68975	0.00375	1	0.05540	-0.01689	0.67043	0.00404	1	1.45898	0.81042	0	
1231311	8305.92773	3303858870117	0.50893	0.40671	8305.76660	0.16113	10801	1	0.52337	0.38129	1	0.50511	0.35132	1	0.51424	0.36631	1	0.45147	0.55233	12.33723	1.06645	1	0.71598	0.57288	13.35861	1.06645	1	-0.01252	-0.01293	0.68975	0.00384	1	0.05540	-0.01689	0.67043	0.00415	1	1.45898	0.81042	0	
1231312	8305.93457	3303858936989	0.50931	0.40547	8305.76660	0.16797	10801	1	0.53613	0.39479	1	0.50180	0.35411	1	0.51897	0.37445	1	0.45175	0.55255	12.94277	1.06645	1	0.71586	0.57271	12.56784	1.06645	1	-0.01252	-0.01293	0.68975	0.00381	1	0.05540	-0.01689	0.67043	0.00422	1	1.45898	0.81042	0	
1231313	8305.94043	3303859003821	0.50967	0.40432	8305.76660	0.17383	10801	1	0.53613	0.39479	1	0.50180	0.35411	1	0.51897	0.37445	1	0.45172	0.55261	13.02094	1.06645	1	0.71592	0.57287	12.34345	1.06645	1	-0.01252	-0.01293	0.68975	0.00373	1	0.05540	-0.01689	0.67043	0.00419	1	1.45898	0.81042	0	
1231314	8305.94727	3303859070618	0.51009	0.40507	8305.76660	0.18066	10801	1	0.51990	0.43902	1	0.52319	0.41121	1	0.52155	0.42512	1	0.45140	0.55290	12.51148	1.06645	1	0.71596	0.57357	12.57842	1.06645	1	-0.01252	-0.01293	0.68975	0.00367	1	0.05540	-0.01689	0.67043	0.00411	1	1.45898	0.81042	0	
1231315	8305.95410	3303859137844	0.50968	0.40530	8305.76660	0.18750	10801	1	0.51925	0.41573	1	0.47692	0.40801	1	0.49809	0.41187	1	0.45140	0.55264	12.18612	1.06645	1	0.71552	0.57351	13.24283	1.06645	1	-0.01252	-0.01293	0.68975	0.00377	1	0.05540	-0.01689	0.67043	0.00374	1	1.45898	0.81042	0	
1231316	8305.96094	3303859204927	0.50929	0.40552	8305.76660	0.19434	10801	1	0.51925	0.41573	1	0.47692	0.40801	1	0.49809	0.41187	1	0.45140	0.55264	12.18612	1.06645	1	0.71561	0.57298	12.91321	1.06645	1	-0.01252	-0.01293	0.68975	0.00377	1	0.05540	-0.01689	0.67043	0.00413	1	1.45898	0.81042	0	
1231317	8305.96777	3303859271124	0.50991	0.40508	8305.76660	0.20117	10801	1	0.54490	0.38867	1	0.51177	0.39509	1	0.52833	0.39188	1	0.45151	0.55252	12.68346	1.06645	1	0.71570	0.57313	13.09653	1.06645	1	-0.01252	-0.01293	0.68975	0.00382	1	0.05540	-0.01689	0.67043	0.00414	1	1.45898	0.81042	0	
1231318	8305.97461	3303859338686	0.51041	0.40472	8305.76660	0.20801	10801	1	0.54852	0.41648	1	0.50327	0.37061	1	0.52589	0.39354	1	0.45146	0.55272	12.14238	1.06645	1	0.71560	0.57293	12.89946	1.06645	1	-0.01252	-0.01293	0.68975	0.00376	1	0.05540	-0.01689	0.67043	0.00400	1	1.45898	0.81042	0	
1231319	8305.98145	3303859405917	0.51088	0.40438	8305.76660	0.21484	10801	1	0.54852	0.41648	1	0.50327	0.37061	1	0.52589	0.39354	1	0.45141	0.55262	12.21093	1.06645	1	0.71558	0.57289	12.85325	1.06645	1	-0.01249	-0.01280	0.68288	0.00368	1	0.05540	-0.01689	0.67043	0.00400	1	1.45898	0.81042	0	
1231320	8305.98730	3303859473000	0.51135	0.40387	8305.76660	0.22070	10801	1	0.54405	0.39397	1	0.50998	0.38002	1	0.52701	0.38700	1	0.45141	0.55256	12.21660	1.06645	1	0.71572	0.57297	12.81121	1.06645	1	-0.01249	-0.01280	0.68288	0.00367	1	0.05540	-0.01689	0.67043	0.00420	1	1.45898	0.81042	0	
1231321	8305.99414	3303859540703	0.51192	0.40343	8305.76660	0.22754	10801	1	0.55053	0.40169	1	0.51188	0.37498	1	0.53121	0.38833	1	0.45152	0.55251	12.47470	1.06645	1	0.71570	0.57301	12.76928	1.06645	1	-0.01249	-0.01280	0.68288	0.00369	1	0.05540	-0.01689	0.67043	0.00411	1	1.45898	0.81042	0	
1231322	8306.00098	3303859606026	0.51245	0.40309	8305.76660	0.23438	10801	1	0.55053	0.40169	1	0.51134	0.38094	1	0.53094	0.39131	1	0.45136	0.55255	12.45013	1.06645	1	0.71553	0.57347	13.43943	1.05879	1	-0.01249	-0.01280	0.68288	0.00353	1	0.05420	-0.01654	0.65652	0.00380	1	1.45898	0.81042	0	
1231323	8306.00781	3303859672822	0.51232	0.40275	8305.76660	0.24121	10801	1	0.51422	0.39672	1	0.50142	0.38464	1	0.50782	0.39068	1	0.45102	0.55251	12.98658	1.05879	1	0.71555	0.57307	13.07738	1.05113	1	-0.01249	-0.01280	0.68288	0.00354	1	0.05420	-0.01654	0.65652	0.00402	1	1.45898	0.81042	0	
1231324	8306.01465	3303859740763	0.51254	0.40315	8305.76660	0.24805	10801	1	0.53761	0.42620	1	0.50364	0.40932	1	0.52062	0.41776	1	0.45128	0.55263	12.74849	1.05113	1	0.71561	0.57318	13.13395	1.04347	1	-0.01249	-0.01280	0.68288	0.00353	1	0.05420	-0.01654	0.65652	0.00405	1	1.45898	0.81042	0	
1231325	8306.02148	3303859807552	0.51275	0.40367	8305.76660	0.25488	10801	1	0.53833	0.43168	1	0.50315	0.41515	1	0.52074	0.42342	1	0.45150	0.55252	12.38189	1.04347	1	0.71523	0.57366	13.85730	1.03582	1	-0.01249	-0.01280	0.68288	0.00363	1	0.05420	-0.01654	0.65652	0.00389	1	1.45898	0.81042	0	
1231326	8306.02734	3303859873287	0.51284	0.40418	8305.76660	0.26074	10801	1	0.53602	0.41517	1	0.49696	0.43292	1	0.51649	0.42404	1	0.45113	0.55231	12.63143	1.03582	1	0.71548	0.57337	13.06687	1.03582	1	-0.01249	-0.01280	0.68288	0.00361	1	0.05420	-0.01654	0.65652	0.00400	1	1.45898	0.81042	0	
1231327	8306.03516	3303859942080	0.51257	0.40448	8305.76660	0.26855	10801	1	0.54133	0.40235	1	0.46150	0.43094	1	0.50142	0.41665	1	0.45136	0.55240	12.07943	1.03582	1	0.71495	0.57345	13.62641	1.03582	1	-0.01249	-0.01280	0.68288	0.00361	1	0.05420	-0.01654	0.65652	0.00385	1	1.45898	0.81042	0	
1231328	8306.04102	3303860008386	0.51230	0.40477	8305.76660	0.27441	10801	1	0.54133	0.40235	1	0.46150	0.43094	1	0.50142	0.41665	1	0.45110	0.55252	12.94595	1.03582	1	0.71547	0.57237	13.05774	1.03582	1	-0.01249	-0.01280	0.68288	0.00366	1	0.05442	-0.01664	0.66038	0.00416	1	1.45898	0.81042	0	
1231329	8306.04785	3303860076558	0.51239	0.40509	8305.76660	0.28125	10801	1	0.54497	0.42334	1	0.48740	0.41341	1	0.51618	0.41837	1	0.45104	0.55236	13.04831	1.03582	1	0.71534	0.57318	13.56061	1.03582	1	-0.01249	-0.01280	0.68288	0.00376	1	0.05442	-0.01664	0.66038	0.00365	1	1.45898	0.81042	0	
1231330	8306.05469	3303860142455	0.51259	0.40538	8305.76660	0.28809	10801	1	0.55544	0.38341	1	0.48687	0.45284	1	0.52116	0.41812	1	0.45115	0.55209	12.89342	1.03582	1	0.71532	0.57312	13.57800	1.03582	1	-0.01249	-0.01280	0.68288	0.00389	1	0.05442	-0.01664	0.66038	0.00361	1	1.45898	0.81042	0	
1231331	8306.06152	3303860209464	0.51279	0.40574	8305.76660	0.29492	10801	1	0.55609	0.38956	1	0.48685	0.45310	1	0.52147	0.42133	1	0.45108	0.55189	13.13649	1.02780	1	0.71453	0.57266	13.06490	1.03546	1	-0.01196	-0.01221	0.65108	0.00410	1	0.05523	-0.01691	0.67085	0.00404	1	1.45898	0.81042	0	
1231332	8306.06836	3303860276126	0.51254	0.40531	8305.76660	0.30176	10801	1	0.56052	0.37448	1	0.44268	0.39739	1	0.50160	0.38593	1	0.45120	0.55193	13.17319	1.02744	1	0.71460	0.57262	13.11637	1.03510	1	-0.01196	-0.01221	0.65108	0.00410	1	0.05523	-0.01691	0.67085	0.00396	1	1.45898	0.81042	0	
1231333	8306.07520	3303860343674	0.51252	0.40561	8305.76660	0.30859	10801	1	0.54934	0.41196	1	0.47326	0.42737	1	0.51130	0.41966	1	0.45104	0.55233	13.39627	1.02708	1	0.71463	0.57287	13.25922	1.03474	1	-0.01196	-0.01221	0.65108	0.00390	1	0.05523	-0.01691	0.67085	0.00396	1	1.45898	0.81042	0	
1231334	8306.08105	3303860406420	0.51249	0.40579	8305.76660	0.31445	10801	1	0.54867	0.40624	1	0.47354	0.42164	1	0.51111	0.41394	1	0.45036	0.55179	12.34759	1.03474	1	0.71458	0.57310	13.44820	1.04240	1	-0.01259	-0.01279	0.68232	0.00415	1	0.05523	-0.01686	0.67085	0.00379	1	1.45898	0.81042	0	
1231335	8306.08789	3303860477346	0.51144	0.40457	8305.76660	0.32129	10801	1	0.50627	0.34758	1	0.46414	0.36093	1	0.48521	0.35426	1	0.45055	0.55163	12.28943	1.05042	1	0.71453	0.57272	13.23862	1.05042	1	-0.01259	-0.01279	0.68232	0.00405	1	0.05523	-0.01686	0.67085	0.00404	1	1.45898	0.81042	0	
1231336	8306.09473	3303860544780	0.51121	0.40418	8305.76660	0.32812	10801	1	0.51024	0.33436	1	0.46370	0.42188	1	0.48697	0.37812	1	0.45049	0.55163	12.17299	1.05844	1	0.71458	0.57310	13.44820	1.05844	1	-0.01259	-0.01279	0.68232	0.00399	1	0.05523	-0.01686	0.67085	0.00379	1	1.45898	0.81042	0	
1231337	8306.10156	3303860611636	0.51098	0.40372	8305.76660	0.33496	10801	1	0.50931	0.32795	1	0.46371	0.42161	1	0.48651	0.37478	1	0.45046	0.55160	11.96215	1.06645	1	0.71461	0.57237	12.82225	1.05879	1	-0.01259	-0.01279	0.68232	0.00400	1	0.05375	-0.01637	0.65351	0.00387	1	1.45898	0.81042	0	
1231338	8306.10840	3303860677995	0.51086	0.40311	8305.76660	0.34180	10801	1	0.51789	0.35431	1	0.49702	0.34993	1	0.50746	0.35212	1	0.45062	0.55169	12.20084	1.05879	1	0.71468	0.57233	13.01905	1.05113	1	-0.01259	-0.01279	0.68232	0.00395	1	0.05375	-0.01637	0.65351	0.00385	1	1.45898	0.81042	0	
1231339	8306.11523	3303860745469	0.51125	0.40319	8305.76660	0.34863	10801	1	0.53788	0.37031	1	0.50770	0.42053	1	0.52279	0.39542	1	0.45062	0.55205	12.35502	1.05113	1	0.71486	0.57282	13.14673	1.04347	1	-0.01259	-0.01279	0.68232	0.00383	1	0.05375	-0.01637	0.65351	0.00393	1	1.45898	0.81042	0	
1231340	8306.12207	3303860812550	0.51164	0.40346	8305.76660	0.35547	10801	1	0.53860	0.37621	1	0.50672	0.43139	1	0.52266	0.40380	1	0.45038	0.55200	13.03454	1.04347	1	0.71465	0.57266	13.53788	1.02901	1	-0.01274	-0.01285	0.68515	0.00382	1	0.05265	-0.01605	0.64070	0.00383	1	1.45898	0.81042	0	
1231341	8306.12891	3303860879575	0.51174	0.40325	8305.76660	0.36230	10801	1	0.52511	0.35796	1	0.49016	0.43392	1	0.50764	0.39594	1	0.45032	0.55169	13.06187	1.02901	1	0.71464	0.57276	13.75191	1.02220	1	-0.01274	-0.01285	0.68515	0.00375	1	0.05265	-0.01605	0.64070	0.00378	1	1.45898	0.81042	0	
1231342	8306.13477	3303860945978	0.51174	0.40323	8305.76660	0.36816	10801	1	0.52408	0.39511	1	0.48713	0.42627	1	0.50560	0.41069	1	0.45019	0.55192	13.12602	1.02220	1	0.71460	0.57265	13.65317	1.01539	1	-0.01274	-0.01285	0.68515	0.00372	1	0.05265	-0.01605	0.64070	0.00375	1	1.45898	0.81042	0	
1231343	8306.14160	3303861013493	0.51176	0.40301	8305.76660	0.37500	10801	1	0.52482	0.40034	1	0.48795	0.41378	1	0.50639	0.40706	1	0.45034	0.55198	13.14386	1.01539	1	0.71429	0.57276	13.80246	1.03173	1	-0.01274	-0.01285	0.68515	0.00378	1	0.05779	-0.01763	0.70379	0.00381	1	1.45898	0.81042	0	
1231344	8306.14844	3303861080445	0.51195	0.40266	8305.76660	0.38184	10801	1	0.53396	0.38048	1	0.47268	0.40832	1	0.50332	0.39440	1	0.45044	0.55184	13.11918	1.03173	1	0.71427	0.57280	13.87845	1.05488	1	-0.01274	-0.01285	0.68515	0.00380	1	0.05779	-0.01763	0.70379	0.00381	1	1.45898	0.81042	0	
1231345	8306.15527	3303861147329	0.51219	0.40163	8305.76660	0.38867	10801	1	0.55229	0.35219	1	0.46183	0.38287	1	0.50706	0.36753	1	0.45044	0.55184	13.11918	1.05488	1	0.71412	0.57268	13.60194	1.07803	1	-0.01274	-0.01285	0.68515	0.00380	1	0.05779	-0.01763	0.70379	0.00392	1	1.45898	0.81042	0	
1231346	8306.16211	3303861214348	0.51241	0.40017	8305.76660	0.39551	10801	1	0.55039	0.33406	1	0.46218	0.37190	1	0.50629	0.35298	1	0.45027	0.55204	12.85546	1.07803	1	0.71415	0.57282	13.59082	1.09249	1	-0.01274	-0.01285	0.68515	0.00372	1	0.05512	-0.01678	0.67198	0.00381	1	1.45898	0.81042	0	
1231347	8306.16895	3303861281187	0.51228	0.39852	8305.76660	0.40234	10801	1	0.52226	0.33072	1	0.47064	0.38188	1	0.49645	0.35630	1	0.45036	0.55196	12.95433	1.09249	1	0.71421	0.57278	13.78817	1.08381	1	-0.01274	-0.01285	0.68515	0.00375	1	0.05512	-0.01678	0.67198	0.00379	1	1.45898	0.81042	0	
1231348	8306.17578	3303861348371	0.51219	0.39731	8305.76660	0.40918	10801	1	0.51394	0.34945	1	0.47489	0.39188	1	0.49442	0.37066	1	0.45025	0.55207	13.12879	1.08381	1	0.71430	0.57282	13.73582	1.07513	1	-0.01274	-0.01285	0.68515	0.00373	1	0.05512	-0.01678	0.67198	0.00378	1	1.45898	0.81042	0	
1231349	8306.18164	3303861415267	0.51211	0.39636	8305.76660	0.41504	10801	1	0.51491	0.35611	1	0.47458	0.39841	1	0.49474	0.37726	1	0.45024	0.55199	13.13292	1.07513	1	0.71446	0.57236	13.47312	1.06645	1	-0.01274	-0.01285	0.68515	0.00371	1	0.05610	-0.01705	0.68259	0.00375	1	1.45898	0.81042	0	
1231350	8306.18848	3303861482130	0.51190	0.39518	8305.76660	0.42188	10801	1	0.51265	0.36076	1	0.48536	0.37356	1	0.49900	0.36716	1	0.45018	0.55183	12.94334	1.06645	1	0.71451	0.57258	13.62445	1.06645	1	-0.01274	-0.01285	0.68515	0.00380	1	0.05610	-0.01705	0.68259	0.00375	1	1.45898	0.81042	0	
1231351	8306.19531	3303861549148	0.51174	0.39411	8305.76660	0.42871	10801	1	0.52149	0.37046	1	0.49538	0.36464	1	0.50843	0.36755	1	0.45034	0.55177	13.12759	1.06645	1	0.71467	0.57248	13.14004	1.06645	1	-0.01274	-0.01285	0.68515	0.00376	1	0.05610	-0.01705	0.68259	0.00385	1	1.45898	0.81042	0	
1231352	8306.20215	3303861615920	0.51158	0.39322	8305.76660	0.43555	10801	1	0.52149	0.37046	1	0.49496	0.37066	1	0.50822	0.37056	1	0.45035	0.55174	13.09113	1.06645	1	0.71464	0.57235	13.22317	1.05879	1	-0.01274	-0.01285	0.68515	0.00377	1	0.05398	-0.01634	0.65626	0.00381	1	1.45898	0.81042	0	
1231353	8306.20898	3303861683215	0.51182	0.39295	8305.76660	0.44238	10801	1	0.51106	0.40843	1	0.50410	0.35442	1	0.50758	0.38143	1	0.45012	0.55202	13.20093	1.05879	1	0.71477	0.57248	13.16508	1.05113	1	-0.01274	-0.01285	0.68515	0.00388	1	0.05398	-0.01634	0.65626	0.00383	1	1.45898	0.81042	0	
1231354	8306.21582	3303861749650	0.51183	0.39396	8305.76660	0.44922	10801	1	0.52145	0.43931	1	0.50609	0.42084	1	0.51377	0.43007	1	0.45023	0.55197	13.13202	1.05113	1	0.71487	0.57269	13.13188	1.04347	1	-0.01274	-0.01285	0.68515	0.00386	1	0.05398	-0.01634	0.65626	0.00383	1	1.45898	0.81042	0	
1231355	8306.22266	3303861817548	0.51184	0.39515	8305.76660	0.45605	10801	1	0.52316	0.45035	1	0.50555	0.42685	1	0.51435	0.43860	1	0.45014	0.55195	13.01205	1.03546	1	0.71475	0.57286	13.35362	1.03546	1	-0.01231	-0.01247	0.66487	0.00390	1	0.05523	-0.01670	0.67085	0.00378	1	1.45898	0.81042	0	
1231356	8306.22852	3303861884828	0.51141	0.39503	8305.76660	0.46191	10801	1	0.54445	0.39120	1	0.46968	0.40840	1	0.50707	0.39980	1	0.45049	0.55154	12.24968	1.02744	1	0.71460	0.57260	13.48303	1.03510	1	-0.01231	-0.01247	0.66487	0.00406	1	0.05523	-0.01670	0.67085	0.00392	1	1.45898	0.81042	0	
1231357	8306.23535	3303861951300	0.51053	0.39485	8305.76660	0.46875	10801	1	0.50093	0.37262	1	0.48016	0.44895	1	0.49054	0.41079	1	0.45031	0.55106	12.55463	1.02708	1	0.71488	0.57307	13.18738	1.03474	1	-0.01231	-0.01247	0.66487	0.00407	1	0.05523	-0.01670	0.67085	0.00382	1	1.45898	0.81042	0	
1231358	8306.24219	3303862015565	0.50965	0.39455	8305.76660	0.47559	10801	1	0.49994	0.36659	1	0.48049	0.44338	1	0.49022	0.40498	1	0.45049	0.55104	12.13170	1.03474	1	0.71490	0.57300	13.14371	1.04240	1	-0.01259	-0.01279	0.68232	0.00423	1	0.05523	-0.01675	0.67085	0.00385	1	1.45898	0.81042	0	
1231359	8306.24902	3303862085015	0.50912	0.39496	8305.76660	0.48242	10801	1	0.50263	0.38378	1	0.47460	0.38772	1	0.48861	0.38575	1	0.45042	0.55150	12.32602	1.05042	1	0.71470	0.57264	13.22108	1.05042	1	-0.01259	-0.01279	0.68232	0.00400	1	0.05523	-0.01675	0.67085	0.00401	1	1.45898	0.81042	0	
1231360	8306.25586	3303862151703	0.50868	0.39502	8305.76660	0.48926	10801	1	0.51229	0.39935	1	0.48397	0.35533	1	0.49813	0.37734	1	0.45042	0.55172	12.32808	1.05844	1	0.71480	0.57236	12.91863	1.05844	1	-0.01259	-0.01279	0.68232	0.00385	1	0.05523	-0.01675	0.67085	0.00414	1	1.45898	0.81042	0	
1231361	8306.26270	3303862217381	0.50824	0.39495	8305.76660	0.49609	10801	1	0.51137	0.39343	1	0.48433	0.34892	1	0.49785	0.37118	1	0.45042	0.55150	12.32602	1.06645	1	0.71483	0.57230	12.91797	1.06645	1	-0.01259	-0.01279	0.68232	0.00400	1	0.05523	-0.01670	0.67085	0.00414	1	1.45898	0.81042	0	
1231362	8306.26855	3303862284447	0.50746	0.39388	8305.76660	0.50195	10801	1	0.51392	0.38275	1	0.45383	0.36492	1	0.48387	0.37383	1	0.45057	0.55174	12.29026	1.06645	1	0.71475	0.57246	13.23029	1.06645	1	-0.01259	-0.01279	0.68232	0.00403	1	0.05523	-0.01670	0.67085	0.00410	1	1.45898	0.81042	0	
1231363	8306.27539	3303862348315	0.50713	0.39289	8305.76660	0.50879	10801	1	0.51298	0.32686	1	0.45228	0.40138	1	0.48263	0.36412	1	0.45046	0.55144	12.55860	1.06645	1	0.71472	0.57285	13.25240	1.06645	1	-0.01259	-0.01279	0.68232	0.00382	1	0.05523	-0.01670	0.67085	0.00394	1	1.45898	0.81042	0	
1231364	8306.28223	3303862417712	0.50681	0.39189	8305.76660	0.51562	10801	1	0.51298	0.32686	1	0.45228	0.40138	1	0.48263	0.36412	1	0.45047	0.55159	12.46048	1.06645	1	0.71498	0.57288	13.04671	1.06645	1	-0.01259	-0.01279	0.68232	0.00397	1	0.05523	-0.01670	0.67085	0.00393	1	1.45898	0.81042	0	
1231365	8306.28906	3303862484958	0.50613	0.39197	8305.76660	0.52246	10801	1	0.52052	0.39540	1	0.47030	0.39552	1	0.49541	0.39546	1	0.45075	0.55195	12.80012	1.06645	1	0.71498	0.57288	13.04671	1.06645	1	-0.01259	-0.01279	0.68232	0.00393	1	0.05523	-0.01670	0.67085	0.00394	1	1.45898	0.81042	0	
1231366	8306.29590	3303862551506	0.50554	0.39193	8305.76660	0.52930	10801	1	0.52520	0.38174	1	0.47002	0.40189	1	0.49761	0.39182	1	0.45069	0.55159	12.73546	1.06645	1	0.71498	0.57288	13.04671	1.06645	1	-0.01259	-0.01279	0.68232	0.00387	1	0.05523	-0.01670	0.67085	0.00394	1	1.45898	0.81042	0	
1231367	8306.30273	3303862618292	0.50495	0.39202	8305.76660	0.53613	10801	1	0.52603	0.38774	1	0.46976	0.40790	1	0.49790	0.39782	1	0.45089	0.55135	12.97463	1.05844	1	0.71511	0.57288	13.70361	1.05844	1	-0.01196	-0.01221	0.65108	0.00383	1	0.05523	-0.01670	0.67085	0.00378	1	1.45898	0.81042	0	
1231368	8306.30859	3303862684805	0.50463	0.39112	8305.76660	0.54199	10801	1	0.53385	0.29377	1	0.48924	0.39426	1	0.51155	0.34401	1	0.45101	0.55113	13.00938	1.05042	1	0.71533	0.57267	13.15875	1.05042	1	-0.01196	-0.01221	0.65108	0.00376	1	0.05523	-0.01670	0.67085	0.00382	1	1.45898	0.81042	0	
1231369	8306.31543	3303862750105	0.50408	0.39104	8305.76660	0.54883	10801	1	0.53682	0.34972	1	0.47255	0.41870	1	0.50468	0.38421	1	0.45094	0.55115	13.13450	1.04240	1	0.71511	0.57278	13.74634	1.04240	1	-0.01196	-0.01221	0.65108	0.00376	1	0.05523	-0.01670	0.67085	0.00380	1	1.45898	0.81042	0	
1231370	8306.32227	3303862822166	0.50354	0.39102	8305.76660	0.55566	10801	1	0.53759	0.35610	1	0.47227	0.42472	1	0.50493	0.39041	1	0.45099	0.55108	12.94124	1.03439	1	0.71506	0.57269	13.78344	1.03439	1	-0.01196	-0.01221	0.65108	0.00387	1	0.05603	-0.01691	0.67930	0.00381	1	1.45898	0.81042	0	
1231371	8306.32910	3303862889544	0.50335	0.39104	8305.76660	0.56250	10801	1	0.52082	0.37124	1	0.47699	0.41193	1	0.49891	0.39159	1	0.45108	0.55126	13.14373	1.03439	1	0.71517	0.57282	13.75208	1.03439	1	-0.01196	-0.01221	0.65108	0.00382	1	0.05603	-0.01691	0.67930	0.00381	1	1.45898	0.81042	0	
1231372	8306.33594	3303862953812	0.50319	0.39060	8305.76660	0.56934	10801	1	0.51800	0.39508	1	0.50761	0.39841	1	0.51281	0.39674	1	0.45099	0.55136	13.14284	1.03439	1	0.71554	0.57244	13.27539	1.03439	1	-0.01196	-0.01221	0.65108	0.00378	1	0.05603	-0.01691	0.67930	0.00374	1	1.45898	0.81042	0	
1231373	8306.34277	3303863021313	0.50302	0.38992	8305.76660	0.57617	10801	1	0.51710	0.38899	1	0.50816	0.39216	1	0.51263	0.39058	1	0.45096	0.55160	13.20915	1.04240	1	0.71529	0.57238	13.25011	1.04240	1	-0.01249	-0.01280	0.68288	0.00357	1	0.05540	-0.01669	0.67043	0.00380	1	1.45898	0.81042	0	
1231374	8306.34961	3303863090687	0.50296	0.38860	8305.76660	0.58301	10801	1	0.50994	0.31903	1	0.51706	0.40247	1	0.51350	0.36075	1	0.45087	0.55099	12.86248	1.05042	1	0.71573	0.57264	12.96154	1.05042	1	-0.01249	-0.01280	0.68288	0.00391	1	0.05540	-0.01669	0.67043	0.00386	1	1.45898	0.81042	0	
1231375	8306.35645	3303863156552	0.50285	0.38726	8305.76660	0.58984	10801	1	0.51199	0.31057	1	0.48074	0.39468	1	0.49637	0.35262	1	0.45099	0.55120	13.16949	1.05844	1	0.71562	0.57274	12.68941	1.05844	1	-0.01249	-0.01280	0.68288	0.00393	1	0.05540	-0.01669	0.67043	0.00394	1	1.45898	0.81042	0	
1231376	8306.36328	3303863223819	0.50275	0.38593	8305.76660	0.59668	10801	1	0.51199	0.31057	1	0.48074	0.39468	1	0.49637	0.35262	1	0.45093	0.55122	12.56996	1.05844	1	0.71559	0.57234	12.97984	1.05844	1	-0.01199	-0.01234	0.65798	0.00419	1	0.05540	-0.01674	0.67043	0.00409	1	1.45898	0.81042	0	
1231377	8306.36914	3303863290471	0.50218	0.38462	8305.76660	0.60254	10801	1	0.50313	0.33575	1	0.47466	0.37522	1	0.48890	0.35548	1	0.45117	0.55112	12.24756	1.05042	1	0.71549	0.57238	13.10015	1.05042	1	-0.01199	-0.01234	0.65798	0.00415	1	0.05540	-0.01674	0.67043	0.00407	1	1.45898	0.81042	0	
1231378	8306.37598	3303863357671	0.50130	0.38339	8305.76660	0.60938	10801	1	0.49412	0.32928	1	0.46394	0.38871	1	0.47903	0.35899	1	0.45103	0.55090	12.82692	1.04240	1	0.71536	0.57253	13.12254	1.04240	1	-0.01199	-0.01234	0.65798	0.00399	1	0.05540	-0.01674	0.67043	0.00409	1	1.45898	0.81042	0	
1231379	8306.38281	3303863424456	0.50042	0.38209	8305.76660	0.61621	10801	1	0.49412	0.32928	1	0.46394	0.38871	1	0.47903	0.35899	1	0.45133	0.55187	12.28735	1.04240	1	0.71550	0.57306	13.41112	1.04240	1	-0.01252	-0.01293	0.68975	0.00374	1	0.05540	-0.01674	0.67043	0.00383	1	1.45898	0.81042	0	
1231380	8306.38965	3303863491711	0.50035	0.38274	8305.76660	0.62305	10801	1	0.52525	0.40537	1	0.47195	0.42916	1	0.49860	0.41727	1	0.45139	0.55136	12.61188	1.05042	1	0.71587	0.57307	13.87476	1.05042	1	-0.01252	-0.01293	0.68975	0.00371	1	0.05540	-0.01674	0.67043	0.00380	1	1.45898	0.81042	0	
1231381	8306.39648	3303863558595	0.49998	0.38234	8305.76660	0.62988	10801	1	0.52441	0.39324	1	0.46187	0.40784	1	0.49314	0.40054	1	0.45152	0.55113	12.82427	1.05844	1	0.71564	0.57282	13.15005	1.05844	1	-0.01252	-0.01293	0.68975	0.00377	1	0.05540	-0.01674	0.67043	0.00390	1	1.45898	0.81042	0	
1231382	8306.40332	3303863625657	0.49960	0.38206	8305.76660	0.63672	10801	1	0.52441	0.39324	1	0.46187	0.40784	1	0.49314	0.40054	1	0.45175	0.55090	12.88486	1.05844	1	0.71592	0.57285	13.76973	1.05844	1	-0.01176	-0.01220	0.65055	0.00383	1	0.05540	-0.01674	0.67043	0.00381	1	1.45898	0.81042	0	
1231383	8306.41016	3303863693298	0.49997	0.38197	8305.76660	0.64355	10801	1	0.51856	0.35191	1	0.48744	0.34737	1	0.50300	0.34964	1	0.45182	0.55127	12.97337	1.05042	1	0.71607	0.57230	13.24436	1.05042	1	-0.01176	-0.01220	0.65055	0.00373	1	0.05540	-0.01674	0.67043	0.00380	1	1.45898	0.81042	0	
1231384	8306.41602	3303863759757	0.50049	0.38230	8305.76660	0.64941	10801	1	0.53371	0.37614	1	0.49006	0.41204	1	0.51188	0.39409	1	0.45202	0.55167	13.04860	1.04240	1	0.71614	0.57280	13.72984	1.04240	1	-0.01176	-0.01220	0.65055	0.00361	1	0.05540	-0.01674	0.67043	0.00370	1	1.45898	0.81042	0	
1231385	8306.42285	3303863826257	0.50102	0.38276	8305.76660	0.65625	10801	1	0.53371	0.37614	1	0.48966	0.41785	1	0.51169	0.39699	1	0.45200	0.55162	13.09491	1.04240	1	0.71647	0.57272	13.10170	1.03474	1	-0.01236	-0.01282	0.68671	0.00361	1	0.05449	-0.01643	0.65769	0.00372	1	1.45898	0.81042	0	
1231386	8306.42969	3303863893049	0.50095	0.38344	8305.76660	0.66309	10801	1	0.51350	0.32560	1	0.49550	0.44348	1	0.50450	0.38454	1	0.45175	0.55076	12.94380	1.04276	1	0.71629	0.57297	13.39302	1.03510	1	-0.01236	-0.01282	0.68671	0.00403	1	0.05449	-0.01643	0.65769	0.00370	1	1.45898	0.81042	0	
1231387	8306.43652	3303863960719	0.50024	0.38316	8305.76660	0.66992	10801	1	0.51317	0.32899	1	0.46362	0.43496	1	0.48840	0.38197	1	0.45171	0.55096	12.97221	1.04312	1	0.71618	0.57303	13.30380	1.03546	1	-0.01236	-0.01282	0.68671	0.00400	1	0.05449	-0.01643	0.65769	0.00381	1	1.45898	0.81042	0	
1231388	8306.44336	3303864027241	0.49953	0.38264	8305.76660	0.67676	10801	1	0.51313	0.32869	1	0.46384	0.42903	1	0.48848	0.37886	1	0.45217	0.55095	12.48599	1.04347	1	0.71626	0.57312	13.55034	1.04347	1	-0.01220	-0.01277	0.68384	0.00394	1	0.05649	-0.01706	0.68123	0.00379	1	1.45898	0.81042	0	
1231389	8306.45020	3303864093986	0.49908	0.38295	8305.76660	0.68359	10801	1	0.51827	0.37927	1	0.45445	0.44224	1	0.48636	0.41075	1	0.45217	0.55095	12.34643	1.04347	1	0.71599	0.57314	13.19142	1.05113	1	-0.01220	-0.01277	0.68384	0.00397	1	0.05649	-0.01706	0.68123	0.00382	1	1.45898	0.81042	0	
1231390	8306.45703	3303864161362	0.49890	0.38189	8305.76660	0.69043	10801	1	0.50058	0.31507	1	0.49285	0.40461	1	0.49672	0.35984	1	0.45197	0.55055	11.94318	1.05113	1	0.71652	0.57292	12.96733	1.05879	1	-0.01220	-0.01277	0.68384	0.00407	1	0.05649	-0.01706	0.68123	0.00387	1	1.45898	0.81042	0	
1231391	8306.46387	3303864230184	0.49869	0.38078	8305.76660	0.69727	10801	1	0.49963	0.30876	1	0.49326	0.39883	1	0.49644	0.35379	1	0.45206	0.55030	11.95159	1.05879	1	0.71671	0.57311	12.80222	1.06645	1	-0.01220	-0.01277	0.68384	0.00415	1	0.05649	-0.01701	0.68123	0.00383	1	1.45898	0.81042	0	
1231392	8306.46973	3303864295990	0.49884	0.38096	8305.76660	0.70312	10801	1	0.52536	0.38631	1	0.49541	0.42013	1	0.51038	0.40322	1	0.45239	0.55120	12.21303	1.06645	1	0.71653	0.57306	12.62239	1.06645	1	-0.01220	-0.01277	0.68384	0.00371	1	0.05649	-0.01701	0.68123	0.00387	1	1.45898	0.81042	0	
1231393	8306.47656	3303864360740	0.49860	0.38228	8305.76660	0.70996	10801	1	0.51556	0.42764	1	0.47544	0.43399	1	0.49550	0.43081	1	0.45211	0.55155	12.76649	1.06645	1	0.71671	0.57311	12.80222	1.06645	1	-0.01220	-0.01277	0.68384	0.00362	1	0.05649	-0.01701	0.68123	0.00383	1	1.45898	0.81042	0	
1231394	8306.48340	3303864427677	0.49837	0.38390	8305.76660	0.71680	10801	1	0.51556	0.42764	1	0.47544	0.43399	1	0.49550	0.43081	1	0.45211	0.55155	12.75003	1.06645	1	0.71660	0.57316	12.65515	1.06645	1	-0.01209	-0.01260	0.67756	0.00367	1	0.05649	-0.01706	0.68123	0.00378	1	1.45898	0.81042	0	
1231395	8306.49023	3303864496380	0.49837	0.38539	8305.76660	0.72363	10801	1	0.52572	0.40592	1	0.46681	0.44969	1	0.49626	0.42781	1	0.45226	0.55140	12.42050	1.06645	1	0.71656	0.57318	12.68611	1.06645	1	-0.01209	-0.01260	0.67756	0.00373	1	0.05649	-0.01706	0.68123	0.00379	1	1.45898	0.81042	0	
1231396	8306.49707	3303864563626	0.49846	0.38614	8305.76660	0.73047	10801	1	0.52056	0.41167	1	0.47697	0.40152	1	0.49877	0.40660	1	0.45217	0.55143	12.64579	1.06645	1	0.71671	0.57294	12.68130	1.06645	1	-0.01209	-0.01260	0.67756	0.00370	1	0.05649	-0.01706	0.68123	0.00391	1	1.45898	0.81042	0	
1231397	8306.50391	3303864630386	0.49854	0.38675	8305.76660	0.73730	10801	1	0.52056	0.41167	1	0.47697	0.40152	1	0.49877	0.40660	1	0.45218	0.55137	12.42298	1.06645	1	0.71673	0.57312	12.85306	1.06645	1	-0.01220	-0.01277	0.68384	0.00367	1	0.05649	-0.01706	0.68123	0.00381	1	1.45898	0.81042	0	
1231398	8306.50977	3303864697293	0.49846	0.38739	8305.76660	0.74316	10801	1	0.51113	0.37176	1	0.47920	0.42370	1	0.49517	0.39773	1	0.45219	0.55120	12.39179	1.06645	1	0.71681	0.57301	12.58383	1.06645	1	-0.01220	-0.01277	0.68384	0.00365	1	0.05649	-0.01706	0.68123	0.00384	1	1.45898	0.81042	0	
1231399	8306.51660	3303864764971	0.49813	0.38754	8305.76660	0.75000	10801	1	0.51255	0.38765	1	0.47251	0.36225	1	0.49253	0.37495	1	0.45207	0.55129	12.03586	1.06645	1	0.71662	0.57307	12.44627	1.06645	1	-0.01220	-0.01277	0.68384	0.00367	1	0.05649	-0.01706	0.68123	0.00389	1	1.45898	0.81042	0	
1231400	8306.52344	3303864827513	0.49780	0.38763	8305.76660	0.75684	10801	1	0.51255	0.38765	1	0.47251	0.36225	1	0.49253	0.37495	1	0.45218	0.55141	12.27946	1.06645	1	0.71651	0.57311	12.31202	1.06645	1	-0.01220	-0.01277	0.68384	0.00369	1	0.05620	-0.01708	0.67764	0.00380	1	1.45898	0.81042	0	
1231401	8306.53027	3303864898361	0.49751	0.38814	8305.76660	0.76367	10801	1	0.52237	0.40368	1	0.46452	0.40775	1	0.49344	0.40572	1	0.45222	0.55141	12.56566	1.06645	1	0.71656	0.57305	12.27833	1.06645	1	-0.01220	-0.01277	0.68384	0.00366	1	0.05620	-0.01708	0.67764	0.00373	1	1.45898	0.81042	0	
1231402	8306.53711	3303864965240	0.49705	0.38734	8305.76660	0.77051	10801	1	0.51894	0.37550	1	0.46452	0.40775	1	0.49173	0.39162	1	0.45220	0.55123	12.43990	1.06645	1	0.71656	0.57305	12.27833	1.06645	1	-0.01220	-0.01277	0.68384	0.00359	1	0.05620	-0.01708	0.67764	0.00373	1	1.45898	0.81042	0	
1231403	8306.54395	3303865032273	0.49658	0.38636	8305.76660	0.77734	10801	1	0.51894	0.37550	1	0.46452	0.40775	1	0.49173	0.39162	1	0.45208	0.55096	12.12816	1.06645	1	0.71637	0.57287	12.42451	1.06645	1	-0.01209	-0.01270	0.67756	0.00402	1	0.05649	-0.01712	0.68123	0.00378	1	1.45898	0.81042	0	
1231404	8306.55078	3303865099012	0.49625	0.38547	8305.76660	0.78418	10801	1	0.50709	0.34370	1	0.47497	0.37032	1	0.49103	0.35701	1	0.45212	0.55074	12.01395	1.06645	1	0.71660	0.57318	12.71748	1.06645	1	-0.01209	-0.01270	0.67756	0.00397	1	0.05649	-0.01712	0.68123	0.00375	1	1.45898	0.81042	0	
1231405	8306.55664	3303865166214	0.49650	0.38510	8305.76660	0.79004	10801	1	0.54465	0.44001	1	0.46076	0.34626	1	0.50271	0.39314	1	0.45260	0.55183	13.16940	1.06645	1	0.71640	0.57285	12.53693	1.06645	1	-0.01209	-0.01270	0.67756	0.00366	1	0.05649	-0.01712	0.68123	0.00374	1	1.45898	0.81042	0	
1231406	8306.56348	3303865233114	0.49676	0.38485	8305.76660	0.79688	10801	1	0.54465	0.44001	1	0.46076	0.34626	1	0.50271	0.39314	1	0.45224	0.55151	12.35582	1.06645	1	0.71630	0.57318	12.74064	1.06645	1	-0.01209	-0.01270	0.67756	0.00371	1	0.05649	-0.01712	0.68123	0.00384	1	1.45898	0.81042	0	
1231407	8306.57031	3303865300152	0.49682	0.38444	8305.76660	0.80371	10801	1	0.51133	0.36112	1	0.47216	0.37056	1	0.49175	0.36584	1	0.45208	0.55138	12.20226	1.06645	1	0.71655	0.57316	12.85837	1.06645	1	-0.01209	-0.01270	0.67756	0.00392	1	0.05649	-0.01712	0.68123	0.00408	1	1.45898	0.81042	0	
1231408	8306.57715	3303865367285	0.49650	0.38449	8305.76660	0.81055	10801	1	0.50795	0.36396	1	0.45732	0.39529	1	0.48264	0.37963	1	0.45205	0.55146	12.16142	1.06645	1	0.71638	0.57330	12.45701	1.06645	1	-0.01209	-0.01270	0.67756	0.00402	1	0.05649	-0.01712	0.68123	0.00381	1	1.45898	0.81042	0	
1231409	8306.58398	3303865434125	0.49618	0.38466	8305.76660	0.81738	10801	1	0.50795	0.36396	1	0.45732	0.39529	1	0.48264	0.37963	1	0.45216	0.55174	12.10186	1.06645	1	0.71641	0.57299	12.54913	1.06645	1	-0.01209	-0.01270	0.67756	0.00400	1	0.05620	-0.01708	0.67764	0.00404	1	1.45898	0.81042	0	
1231410	8306.59082	3303865500706	0.49611	0.38456	8305.76660	0.82422	10801	1	0.50369	0.35125	1	0.45699	0.38696	1	0.48034	0.36911	1	0.45201	0.55111	11.98063	1.06645	1	0.71635	0.57315	12.96577	1.06645	1	-0.01209	-0.01270	0.67756	0.00404	1	0.05620	-0.01708	0.67764	0.00398	1	1.45898	0.81042	0	
1231411	8306.59766	3303865568060	0.49614	0.38369	8305.76660	0.83105	10801	1	0.49699	0.25473	1	0.47118	0.38986	1	0.48409	0.32230	1	0.45193	0.55112	11.84370	1.06645	1	0.71656	0.57326	12.82800	1.06645	1	-0.01209	-0.01270	0.67756	0.00410	1	0.05620	-0.01708	0.67764	0.00415	1	1.45898	0.81042	0	
1231412	8306.60449	3303865635915	0.49617	0.38282	8305.76660	0.83789	10801	1	0.49699	0.25473	1	0.47118	0.38986	1	0.48409	0.32230	1	0.45237	0.55211	12.58122	1.06645	1	0.71655	0.57349	12.93017	1.06645	1	-0.01209	-0.01270	0.67756	0.00401	1	0.05620	-0.01708	0.67764	0.00393	1	1.45898	0.81042	0	
1231413	8306.61035	3303865702333	0.49619	0.38250	8305.76660	0.84375	10801	1	0.51862	0.37944	1	0.47388	0.38021	1	0.49625	0.37982	1	0.45225	0.55200	12.54724	1.06645	1	0.71660	0.57364	12.88462	1.06645	1	-0.01209	-0.01270	0.67756	0.00391	1	0.05620	-0.01708	0.67764	0.00403	1	1.45898	0.81042	0	
1231414	8306.61719	3303865766777	0.49614	0.38160	8305.76660	0.85059	10801	1	0.51852	0.31891	1	0.47183	0.37891	1	0.49517	0.34891	1	0.45220	0.55148	12.11312	1.06645	1	0.71661	0.57354	12.37997	1.06645	1	-0.01209	-0.01270	0.67756	0.00389	1	0.05620	-0.01708	0.67764	0.00413	1	1.45898	0.81042	0	
1231415	8306.62402	3303865836850	0.49608	0.38058	8305.76660	0.85742	10801	1	0.51852	0.31891	1	0.47183	0.37891	1	0.49517	0.34891	1	0.45203	0.55175	12.09557	1.06645	1	0.71650	0.57375	12.97385	1.06645	1	-0.01209	-0.01270	0.67756	0.00393	1	0.05620	-0.01708	0.67764	0.00399	1	1.45898	0.81042	0	
1231416	8306.63086	3303865902994	0.49561	0.38154	8305.76660	0.86426	10801	1	0.52044	0.38794	1	0.45748	0.39166	1	0.48896	0.38980	1	0.45220	0.55222	12.38258	1.06645	1	0.71638	0.57385	12.97198	1.06645	1	-0.01209	-0.01270	0.67756	0.00377	1	0.05620	-0.01708	0.67764	0.00396	1	1.45898	0.81042	0	
1231417	8306.63770	3303865970137	0.49542	0.38154	8305.76660	0.87109	10801	1	0.52218	0.37904	1	0.46846	0.38947	1	0.49532	0.38426	1	0.45223	0.55226	12.44530	1.06645	1	0.71656	0.57363	12.85942	1.06645	1	-0.01209	-0.01270	0.67756	0.00375	1	0.05620	-0.01708	0.67764	0.00406	1	1.45898	0.81042	0	
1231418	8306.64453	3303866037307	0.49522	0.38141	8305.76660	0.87793	10801	1	0.52218	0.37904	1	0.46846	0.38947	1	0.49532	0.38426	1	0.45208	0.55228	12.36777	1.06645	1	0.71644	0.57375	12.80279	1.06645	1	-0.01209	-0.01270	0.67756	0.00385	1	0.05620	-0.01708	0.67764	0.00397	1	1.45898	0.81042	0	
1231419	8306.65137	3303866104332	0.49486	0.38137	8305.76660	0.88477	10801	1	0.51093	0.38906	1	0.45229	0.39015	1	0.48161	0.38961	1	0.45210	0.55209	12.19615	1.06645	1	0.71634	0.57384	12.88487	1.06645	1	-0.01209	-0.01270	0.67756	0.00381	1	0.05620	-0.01708	0.67764	0.00396	1	1.45898	0.81042	0	
1231420	8306.65723	3303866169869	0.49451	0.38118	8305.76660	0.89062	10801	1	0.51633	0.38339	1	0.47620	0.39170	1	0.49627	0.38754	1	0.45210	0.55221	12.39266	1.06645	1	0.71634	0.57384	12.88487	1.06645	1	-0.01209	-0.01270	0.67756	0.00389	1	0.05620	-0.01708	0.67764	0.00396	1	1.45898	0.81042	0	
1231421	8306.66406	3303866236178	0.49417	0.38111	8305.76660	0.89746	10801	1	0.51633	0.38339	1	0.47620	0.39170	1	0.49627	0.38754	1	0.45256	0.55232	12.81026	1.06645	1	0.71643	0.57370	12.74211	1.06645	1	-0.01209	-0.01270	0.67756	0.00371	1	0.05620	-0.01708	0.67764	0.00402	1	1.45898	0.81042	0	
1231422	8306.67090	3303866301761	0.49402	0.38185	8305.76660	0.90430	10801	1	0.54712	0.38530	1	0.46569	0.40709	1	0.50641	0.39620	1	0.45269	0.55247	12.82676	1.06645	1	0.71652	0.57376	12.80855	1.06645	1	-0.01209	-0.01270	0.67756	0.00371	1	0.05620	-0.01708	0.67764	0.00400	1	1.45898	0.81042	0	
1231423	8306.67773	3303866369673	0.49400	0.38283	8305.76660	0.91113	10801	1	0.53737	0.38922	1	0.45307	0.40975	1	0.49522	0.39948	1	0.45242	0.55236	13.21139	1.06645	1	0.71639	0.57398	13.01672	1.06645	1	-0.01209	-0.01270	0.67756	0.00363	1	0.05620	-0.01708	0.67764	0.00386	1	1.45898	0.81042	0	
1231424	8306.68359	3303866434446	0.49397	0.38380	8305.76660	0.91699	10801	1	0.53737	0.38922	1	0.45307	0.40975	1	0.49522	0.39948	1	0.45219	0.55225	12.84594	1.06645	1	0.71629	0.57432	13.33896	1.06645	1	-0.01209	-0.01270	0.67756	0.00366	1	0.05649	-0.01722	0.68123	0.00375	1	1.45898	0.81042	0	
1231425	8306.69043	3303866503743	0.49415	0.38508	8305.76660	0.92383	10801	1	0.55083	0.38714	1	0.44378	0.44633	1	0.49731	0.41673	1	0.45272	0.55248	12.75739	1.06645	1	0.71618	0.57433	13.43943	1.06645	1	-0.01209	-0.01270	0.67756	0.00379	1	0.05649	-0.01722	0.68123	0.00376	1	1.45898	0.81042	0	
1231426	8306.69727	3303866570077	0.49422	0.38632	8305.76660	0.93066	10801	1	0.50734	0.38796	1	0.45763	0.44947	1	0.48248	0.41871	1	0.45210	0.55223	12.69417	1.06645	1	0.71646	0.57443	13.17088	1.06645	1	-0.01209	-0.01270	0.67756	0.00368	1	0.05649	-0.01722	0.68123	0.00373	1	1.45898	0.81042	0	
1231427	8306.70410	3303866636826	0.49429	0.38757	8305.76660	0.93750	10801	1	0.50734	0.38796	1	0.45763	0.44947	1	0.48248	0.41871	1	0.45219	0.55214	12.26131	1.06645	1	0.71659	0.57425	13.05915	1.06645	1	-0.01209	-0.01270	0.67756	0.00368	1	0.05649	-0.01722	0.68123	0.00376	1	1.45898	0.81042	0	
1231428	8306.71094	3303866704857	0.49388	0.38779	8305.76660	0.94434	10801	1	0.51035	0.39254	1	0.44727	0.46297	1	0.47881	0.42775	1	0.45210	0.55232	12.61852	1.06645	1	0.71622	0.57441	13.54275	1.06645	1	-0.01209	-0.01270	0.67756	0.00362	1	0.05649	-0.01722	0.68123	0.00367	1	1.45898	0.81042	0	
1231429	8306.71777	3303866770505	0.49400	0.38834	8305.76660	0.95117	10801	1	0.54143	0.40772	1	0.45605	0.44606	1	0.49874	0.42689	1	0.45263	0.55258	12.83048	1.06645	1	0.71638	0.57422	13.43354	1.06645	1	-0.01209	-0.01270	0.67756	0.00367	1	0.05649	-0.01722	0.68123	0.00370	1	1.45898	0.81042	0	
1231430	8306.72461	3303866840416	0.49412	0.38889	8305.76660	0.95801	10801	1	0.54143	0.40772	1	0.45605	0.44606	1	0.49874	0.42689	1	0.45264	0.55256	12.69969	1.06645	1	0.71693	0.57427	13.17404	1.06645	1	-0.01202	-0.01273	0.67904	0.00363	1	0.05649	-0.01727	0.68123	0.00363	1	1.45898	0.81042	0	
1231431	8306.73145	3303866907707	0.49412	0.39033	8305.76660	0.96484	10801	1	0.53755	0.39684	1	0.46903	0.44121	1	0.50329	0.41902	1	0.45259	0.55249	12.73221	1.06645	1	0.71659	0.57433	12.60523	1.06645	1	-0.01202	-0.01273	0.67904	0.00361	1	0.05649	-0.01727	0.68123	0.00370	1	1.45898	0.81042	0	
1231432	8306.73828	3303866974641	0.49376	0.39064	8305.76660	0.97168	10801	1	0.52112	0.37654	1	0.46800	0.44098	1	0.49456	0.40876	1	0.45251	0.55225	12.41665	1.06645	1	0.71659	0.57442	12.65653	1.06645	1	-0.01202	-0.01273	0.67904	0.00360	1	0.05649	-0.01727	0.68123	0.00366	1	1.45898	0.81042	0	
1231433	8306.74512	3303867041922	0.49340	0.39099	8305.76660	0.97852	10801	1	0.52112	0.37654	1	0.46756	0.45130	1	0.49434	0.41392	1	0.45283	0.55262	12.36496	1.06645	1	0.71674	0.57351	13.06880	1.05198	1	-0.01202	-0.01273	0.67904	0.00362	1	0.05350	-0.01642	0.64394	0.00406	1	1.45898	0.81042	0	
1231434	8306.75098	3303867108946	0.49560	0.41680	8305.76660	0.97852	10801	0	0.55960	0.44683	1	0.49241	0.40365	1	0.52601	0.42524	1	0.45312	0.55272	12.53093	1.05198	1	0.71702	0.57398	13.06313	1.03752	1	-0.01202	-0.01273	0.67904	0.00362	1	0.05350	-0.01642	0.64394	0.00361	1	1.45898	0.81042	0	
1231435	8306.75781	3303867175456	0.50586	0.42294	8305.76660	0.97852	10801	0	0.54818	0.43045	1	0.48406	0.42771	1	0.51612	0.42908	1	0.45298	0.55259	12.15163	1.03752	1	0.71688	0.57387	13.18976	1.02305	1	-0.01202	-0.01273	0.67904	0.00360	1	0.05350	-0.01642	0.64394	0.00358	1	1.45898	0.81042	0	
1231436	8306.76465	3303867242749	0.50943	0.42769	8305.76660	0.97852	10801	0	0.54945	0.44088	1	0.48370	0.43351	1	0.51657	0.43720	1	0.45295	0.55254	12.16447	1.02305	1	0.71704	0.57396	13.17301	1.01539	1	-0.01202	-0.01273	0.67904	0.00369	1	0.05503	-0.01678	0.66179	0.00361	1	1.45898	0.81042	0	
1231437	8306.77148	3303867309733	0.50896	0.43014	8306.75098	0.02051	10802	1	0.51205	0.43719	1	0.50302	0.43777	1	0.50753	0.43748	1	0.45281	0.55243	11.75602	1.01539	1	0.71716	0.57385	13.29101	1.02220	1	-0.01202	-0.01273	0.67904	0.00373	1	0.05503	-0.01678	0.66179	0.00359	1	1.45898	0.81042	0	
1231438	8306.77832	3303867376548	0.50890	0.43278	8306.75098	0.02734	10802	1	0.51782	0.43799	1	0.49947	0.44869	1	0.50865	0.44334	1	0.45290	0.55249	12.09376	1.02220	1	0.71720	0.57387	13.28205	1.02901	1	-0.01202	-0.01273	0.67904	0.00369	1	0.05503	-0.01678	0.66179	0.00363	1	1.45898	0.81042	0	
1231439	8306.78516	3303867443480	0.50890	0.43422	8306.75098	0.03418	10802	1	0.51796	0.43887	1	0.49986	0.44396	1	0.50891	0.44141	1	0.45278	0.55257	12.06067	1.02099	1	0.71700	0.57389	13.42309	1.03546	1	-0.01162	-0.01237	0.65959	0.00381	1	0.05580	-0.01699	0.67039	0.00373	1	1.45898	0.81042	0	
1231440	8306.79102	3303867510097	0.50723	0.43363	8306.75098	0.04004	10802	1	0.54080	0.41954	1	0.45365	0.44066	1	0.49722	0.43010	1	0.45317	0.55218	12.07587	1.02744	1	0.71678	0.57398	13.08940	1.03510	1	-0.01162	-0.01237	0.65959	0.00378	1	0.05580	-0.01699	0.67039	0.00373	1	1.45898	0.81042	0	
1231441	8306.79785	3303867577192	0.50563	0.43486	8306.75098	0.04688	10802	1	0.52250	0.42961	1	0.46629	0.45726	1	0.49439	0.44344	1	0.45291	0.55232	12.45521	1.02708	1	0.71696	0.57431	13.36785	1.03474	1	-0.01162	-0.01237	0.65959	0.00376	1	0.05580	-0.01699	0.67039	0.00369	1	1.45898	0.81042	0	
1231442	8306.80469	3303867644150	0.50434	0.43519	8306.75098	0.05371	10802	1	0.52165	0.42402	1	0.46652	0.45175	1	0.49408	0.43789	1	0.45277	0.55204	12.19785	1.03474	1	0.71718	0.57410	12.97840	1.04240	1	-0.01175	-0.01255	0.66958	0.00392	1	0.05580	-0.01699	0.67039	0.00376	1	1.45898	0.81042	0	
1231443	8306.81152	3303867711027	0.50319	0.43434	8306.75098	0.06055	10802	1	0.50333	0.41409	1	0.48234	0.43932	1	0.49284	0.42670	1	0.45276	0.55184	12.07264	1.05042	1	0.71719	0.57402	12.90861	1.05042	1	-0.01175	-0.01255	0.66958	0.00389	1	0.05580	-0.01699	0.67039	0.00380	1	1.45898	0.81042	0	
1231444	8306.81836	3303867778892	0.50217	0.43307	8306.75098	0.06738	10802	1	0.50118	0.40663	1	0.48267	0.43408	1	0.49192	0.42035	1	0.45267	0.55187	12.35615	1.05844	1	0.71725	0.57407	12.95276	1.05844	1	-0.01175	-0.01255	0.66958	0.00381	1	0.05580	-0.01699	0.67039	0.00380	1	1.45898	0.81042	0	
1231445	8306.82520	3303867845611	0.50129	0.43153	8306.75098	0.07422	10802	1	0.50018	0.40076	1	0.48302	0.42826	1	0.49160	0.41451	1	0.45279	0.55153	11.89274	1.06645	1	0.71718	0.57419	13.14014	1.06645	1	-0.01175	-0.01255	0.66958	0.00417	1	0.05711	-0.01729	0.68614	0.00383	1	1.45898	0.81042	0	
1231446	8306.83203	3303867912294	0.49988	0.42795	8306.75098	0.08105	10802	1	0.50620	0.33943	1	0.45967	0.43073	1	0.48293	0.38508	1	0.45289	0.55103	11.97254	1.06645	1	0.71718	0.57416	13.31927	1.06645	1	-0.01175	-0.01255	0.66958	0.00372	1	0.05711	-0.01729	0.68614	0.00388	1	1.45898	0.81042	0	
1231447	8306.83887	3303867979441	0.49909	0.42683	8306.75098	0.08789	10802	1	0.50662	0.40997	1	0.47127	0.41460	1	0.48894	0.41228	1	0.45277	0.55144	12.23242	1.06645	1	0.71752	0.57390	13.42869	1.06645	1	-0.01175	-0.01255	0.66958	0.00396	1	0.05711	-0.01729	0.68614	0.00387	1	1.45898	0.81042	0	
1231448	8306.84473	3303868045939	0.49844	0.42625	8306.75098	0.09375	10802	1	0.50757	0.41576	1	0.47100	0.42051	1	0.48929	0.41814	1	0.45372	0.55126	12.26790	1.05844	1	0.71750	0.57316	13.34470	1.05844	1	-0.01147	-0.01212	0.65676	0.00362	1	0.05711	-0.01729	0.68614	0.00412	1	1.45898	0.81042	0	
1231449	8306.85156	3303868113536	0.49991	0.42535	8306.75098	0.10059	10802	1	0.56108	0.39133	1	0.48272	0.43221	1	0.52190	0.41177	1	0.45364	0.55135	11.83261	1.05042	1	0.71757	0.57343	13.18675	1.05042	1	-0.01147	-0.01212	0.65676	0.00366	1	0.05711	-0.01729	0.68614	0.00386	1	1.45898	0.81042	0	
1231450	8306.85840	3303868180693	0.50122	0.42448	8306.75098	0.10742	10802	1	0.56009	0.39775	1	0.48441	0.42336	1	0.52225	0.41055	1	0.45367	0.55141	12.15546	1.04240	1	0.71756	0.57342	13.21106	1.04240	1	-0.01147	-0.01212	0.65676	0.00365	1	0.05711	-0.01729	0.68614	0.00377	1	1.45898	0.81042	0	
1231451	8306.86523	3303868247561	0.50239	0.42370	8306.75098	0.11426	10802	1	0.56009	0.39775	1	0.48441	0.42336	1	0.52225	0.41055	1	0.45363	0.55084	12.24464	1.04240	1	0.71782	0.57323	12.99117	1.04240	1	-0.01180	-0.01251	0.67827	0.00387	1	0.05711	-0.01729	0.68614	0.00375	1	1.45898	0.81042	0	
1231452	8306.87207	3303868314069	0.50388	0.42274	8306.75098	0.12109	10802	1	0.57375	0.40189	1	0.48762	0.40898	1	0.53069	0.40544	1	0.45384	0.55134	12.32733	1.05042	1	0.71763	0.57339	13.27000	1.05042	1	-0.01180	-0.01251	0.67827	0.00380	1	0.05711	-0.01729	0.68614	0.00381	1	1.45898	0.81042	0	
1231453	8306.87793	3303868376670	0.50521	0.42079	8306.75098	0.12695	10802	1	0.56667	0.40969	1	0.49447	0.35766	1	0.53057	0.38368	1	0.45373	0.55100	12.18898	1.05844	1	0.71782	0.57288	13.08103	1.05844	1	-0.01180	-0.01251	0.67827	0.00389	1	0.05711	-0.01729	0.68614	0.00363	1	1.45898	0.81042	0	
1231454	8306.88574	3303868448377	0.50640	0.41901	8306.75098	0.13477	10802	1	0.56610	0.40388	1	0.49411	0.36281	1	0.53011	0.38334	1	0.45393	0.55080	12.28671	1.06645	1	0.71759	0.57284	12.96486	1.05198	1	-0.01180	-0.01251	0.67827	0.00397	1	0.05381	-0.01621	0.64537	0.00369	1	1.45898	0.81042	0	
1231455	8306.89160	3303868515393	0.50706	0.41760	8306.75098	0.14062	10802	1	0.55155	0.39247	1	0.49036	0.38373	1	0.52095	0.38810	1	0.45392	0.55088	12.22400	1.05198	1	0.71778	0.57285	13.40122	1.03752	1	-0.01180	-0.01251	0.67827	0.00386	1	0.05381	-0.01621	0.64537	0.00370	1	1.45898	0.81042	0	
1231456	8306.89844	3303868582116	0.50752	0.41723	8306.75098	0.14746	10802	1	0.54396	0.40340	1	0.49130	0.41480	1	0.51763	0.40910	1	0.45376	0.55067	12.15325	1.03752	1	0.71778	0.57308	13.37640	1.02305	1	-0.01180	-0.01251	0.67827	0.00386	1	0.05381	-0.01621	0.64537	0.00363	1	1.45898	0.81042	0	
1231457	8306.90527	3303868648591	0.50796	0.41724	8306.75098	0.15430	10802	1	0.54527	0.41421	1	0.49089	0.42070	1	0.51808	0.41746	1	0.45381	0.55080	12.40277	1.02305	1	0.71800	0.57257	13.01900	1.01539	1	-0.01180	-0.01251	0.67827	0.00383	1	0.05513	-0.01660	0.66057	0.00370	1	1.45898	0.81042	0	
1231458	8306.91211	3303868716351	0.50812	0.41740	8306.75098	0.16113	10802	1	0.54683	0.39901	1	0.47735	0.44321	1	0.51209	0.42111	1	0.45377	0.55057	12.15387	1.01539	1	0.71796	0.57294	12.84807	1.02220	1	-0.01180	-0.01251	0.67827	0.00384	1	0.05513	-0.01660	0.66057	0.00384	1	1.45898	0.81042	0	
1231459	8306.91895	3303868783415	0.50851	0.41767	8306.75098	0.16797	10802	1	0.54664	0.41009	1	0.48952	0.43916	1	0.51808	0.42463	1	0.45379	0.55078	12.35424	1.02220	1	0.71813	0.57298	12.50355	1.02901	1	-0.01180	-0.01251	0.67827	0.00358	1	0.05513	-0.01660	0.66057	0.00387	1	1.45898	0.81042	0	
1231460	8306.92578	3303868850181	0.50886	0.41764	8306.75098	0.17480	10802	1	0.54602	0.40498	1	0.49027	0.42843	1	0.51815	0.41670	1	0.45377	0.55076	12.27715	1.02901	1	0.71812	0.57246	12.40213	1.04347	1	-0.01180	-0.01251	0.67827	0.00360	1	0.05794	-0.01738	0.69361	0.00381	1	1.45898	0.81042	0	
1231461	8306.93262	3303868917347	0.50939	0.41682	8306.75098	0.18164	10802	1	0.55393	0.36958	1	0.49294	0.41959	1	0.52344	0.39459	1	0.45393	0.55051	12.19132	1.04347	1	0.71814	0.57285	12.67673	1.05113	1	-0.01180	-0.01251	0.67827	0.00358	1	0.05794	-0.01738	0.69361	0.00378	1	1.45898	0.81042	0	
1231462	8306.93848	3303868984277	0.50975	0.41520	8306.75098	0.18750	10802	1	0.54661	0.32600	1	0.49335	0.41388	1	0.51998	0.36994	1	0.45392	0.55004	11.88551	1.05113	1	0.71814	0.57285	12.67673	1.05879	1	-0.01180	-0.01251	0.67827	0.00388	1	0.05794	-0.01738	0.69361	0.00378	1	1.45898	0.81042	0	
1231463	8306.94531	3303869050569	0.51008	0.41326	8306.75098	0.19434	10802	1	0.54514	0.31242	1	0.49425	0.40140	1	0.51970	0.35691	1	0.45383	0.55057	12.19070	1.06788	1	0.71792	0.57305	13.10904	1.07554	1	-0.01235	-0.01310	0.71281	0.00360	1	0.05664	-0.01693	0.67803	0.00377	1	1.45898	0.81042	0	SUBJECT_ONSET_LOG
1231464	8306.95215	3303869118021	0.51014	0.41109	8306.75098	0.20117	10802	1	0.53846	0.29057	1	0.48530	0.40138	1	0.51188	0.34597	1	0.45377	0.54990	11.83301	1.08462	1	0.71803	0.57305	13.03504	1.08462	1	-0.01235	-0.01310	0.71281	0.00394	1	0.05664	-0.01693	0.67803	0.00385	1	1.45898	0.81042	0	
1231465	8306.95898	3303869184973	0.51039	0.41011	8306.75098	0.20801	10802	1	0.54733	0.37882	1	0.48877	0.38121	1	0.51805	0.38002	1	0.45392	0.55047	12.16997	1.09371	1	0.71807	0.57302	13.22063	1.09371	1	-0.01235	-0.01310	0.71281	0.00365	1	0.05664	-0.01693	0.67803	0.00388	1	1.45898	0.81042	0	
1231466	8306.96582	3303869252294	0.51062	0.40938	8306.75098	0.21484	10802	1	0.54800	0.38468	1	0.48839	0.38724	1	0.51820	0.38596	1	0.45374	0.55061	12.53748	1.08569	1	0.71808	0.57269	12.85506	1.08569	1	-0.01149	-0.01219	0.66314	0.00356	1	0.05664	-0.01693	0.67803	0.00390	1	1.45898	0.81042	0	
1231467	8306.97266	3303869316941	0.51058	0.40764	8306.75098	0.22168	10802	1	0.52752	0.32036	1	0.49088	0.37958	1	0.50920	0.34997	1	0.45357	0.55008	12.01161	1.06859	1	0.71802	0.57257	12.80171	1.06859	1	-0.01149	-0.01219	0.66314	0.00402	1	0.05664	-0.01693	0.67803	0.00395	1	1.45898	0.81042	0	AUDIO_FILE_ONSET_LOG
1231468	8306.97949	3303869386932	0.51055	0.40782	8306.75098	0.22852	10802	1	0.52892	0.42881	1	0.49005	0.39947	1	0.50949	0.41414	1	0.45362	0.55073	12.50321	1.05149	1	0.71810	0.57285	13.00400	1.05149	1	-0.01149	-0.01219	0.66314	0.00363	1	0.05664	-0.01693	0.67803	0.00396	1	1.45898	0.81042	0	
1231469	8306.98535	3303869453231	0.51053	0.40835	8306.75098	0.23438	10802	1	0.53067	0.44102	1	0.48918	0.41254	1	0.50993	0.42678	1	0.45370	0.55066	12.51033	1.03439	1	0.71812	0.57283	12.88826	1.03439	1	-0.01149	-0.01209	0.66314	0.00367	1	0.05664	-0.01688	0.67803	0.00397	1	1.45898	0.81042	0	
1231470	8306.99219	3303869519463	0.51079	0.40888	8306.75098	0.24121	10802	1	0.54706	0.43587	1	0.49277	0.42047	1	0.51992	0.42817	1	0.45371	0.55065	12.49881	1.03439	1	0.71815	0.57270	12.89339	1.03439	1	-0.01149	-0.01209	0.66314	0.00367	1	0.05664	-0.01688	0.67803	0.00399	1	1.45898	0.81042	0	
1231471	8306.99902	3303869586970	0.51106	0.40930	8306.75098	0.24805	10802	1	0.55396	0.42753	1	0.48852	0.42183	1	0.52124	0.42468	1	0.45389	0.55053	12.62480	1.03439	1	0.71813	0.57275	13.05131	1.03439	1	-0.01149	-0.01209	0.66314	0.00370	1	0.05664	-0.01688	0.67803	0.00396	1	1.45898	0.81042	0	
1231472	8307.00586	3303869652104	0.51132	0.40969	8306.75098	0.25488	10802	1	0.55396	0.42753	1	0.48852	0.42183	1	0.52124	0.42468	1	0.45360	0.55074	12.22429	1.03439	1	0.71821	0.57235	12.70425	1.03439	1	-0.01133	-0.01197	0.65419	0.00362	1	0.05664	-0.01688	0.67803	0.00422	1	1.45898	0.81042	0	
1231473	8307.01270	3303869721107	0.51147	0.41019	8306.75098	0.26172	10802	1	0.54498	0.44447	1	0.48917	0.41439	1	0.51708	0.42943	1	0.45368	0.55066	12.42514	1.03439	1	0.71808	0.57281	13.00085	1.03439	1	-0.01133	-0.01197	0.65419	0.00364	1	0.05664	-0.01688	0.67803	0.00397	1	1.45898	0.81042	0	
1231474	8307.01953	3303869786625	0.51128	0.41001	8306.75098	0.26855	10802	1	0.54340	0.43157	1	0.46389	0.37406	1	0.50365	0.40281	1	0.45375	0.55071	12.42215	1.03439	1	0.71767	0.57228	13.12932	1.03439	1	-0.01133	-0.01197	0.65419	0.00364	1	0.05664	-0.01688	0.67803	0.00422	1	1.45898	0.81042	0	
1231475	8307.02637	3303869855200	0.51109	0.40969	8306.75098	0.27539	10802	1	0.54267	0.42578	1	0.46412	0.36765	1	0.50339	0.39671	1	0.45374	0.55062	12.19771	1.04240	1	0.71779	0.57229	12.80793	1.04240	1	-0.01180	-0.01231	0.67827	0.00367	1	0.05664	-0.01688	0.67803	0.00409	1	1.45898	0.81042	0	
1231476	8307.03223	3303869921723	0.51098	0.40921	8306.75098	0.28125	10802	1	0.54790	0.39971	1	0.46476	0.37839	1	0.50633	0.38905	1	0.45378	0.55053	11.89565	1.05042	1	0.71769	0.57255	13.08234	1.05042	1	-0.01180	-0.01231	0.67827	0.00372	1	0.05664	-0.01688	0.67803	0.00392	1	1.45898	0.81042	0	
1231477	8307.03906	3303869989009	0.51101	0.40955	8306.75098	0.28809	10802	1	0.55241	0.41221	1	0.47226	0.43569	1	0.51233	0.42395	1	0.45376	0.55062	12.24315	1.05844	1	0.71785	0.57256	13.17561	1.05844	1	-0.01180	-0.01231	0.67827	0.00367	1	0.05664	-0.01688	0.67803	0.00383	1	1.45898	0.81042	0	
1231478	8307.04590	3303870055429	0.51103	0.40974	8306.75098	0.29492	10802	1	0.55175	0.40640	1	0.47253	0.42989	1	0.51214	0.41815	1	0.45383	0.55022	12.40000	1.06645	1	0.71774	0.57230	12.95034	1.06645	1	-0.01180	-0.01231	0.67827	0.00384	1	0.05664	-0.01688	0.67803	0.00390	1	1.45898	0.81042	0	
1231479	8307.05273	3303870122671	0.51117	0.40924	8306.75098	0.30176	10802	1	0.55145	0.37180	1	0.48312	0.40181	1	0.51728	0.38680	1	0.45392	0.55045	12.49167	1.06645	1	0.71795	0.57236	12.75749	1.06645	1	-0.01180	-0.01231	0.67827	0.00370	1	0.05664	-0.01688	0.67803	0.00389	1	1.45898	0.81042	0	
1231480	8307.05957	3303870189527	0.51128	0.40847	8306.75098	0.30859	10802	1	0.54061	0.34748	1	0.49210	0.39874	1	0.51636	0.37311	1	0.45370	0.54992	11.97637	1.06645	1	0.71805	0.57240	12.66727	1.06645	1	-0.01180	-0.01231	0.67827	0.00393	1	0.05664	-0.01688	0.67803	0.00391	1	1.45898	0.81042	0	
1231481	8307.06641	3303870254358	0.51139	0.40786	8306.75098	0.31543	10802	1	0.54134	0.35373	1	0.49168	0.40479	1	0.51651	0.37926	1	0.45395	0.55025	12.52225	1.05844	1	0.71841	0.57221	13.11947	1.05844	1	-0.01148	-0.01203	0.66308	0.00379	1	0.05664	-0.01688	0.67803	0.00395	1	1.45898	0.81042	0	
1231482	8307.07227	3303870320669	0.51172	0.40715	8306.75098	0.32129	10802	1	0.53411	0.39452	1	0.48885	0.37130	1	0.51148	0.38291	1	0.45403	0.55033	12.56965	1.05042	1	0.71839	0.57193	13.07086	1.05042	1	-0.01148	-0.01203	0.66308	0.00377	1	0.05664	-0.01688	0.67803	0.00386	1	1.45898	0.81042	0	
1231483	8307.07910	3303870385854	0.51137	0.40643	8306.75098	0.32812	10802	1	0.52264	0.41141	1	0.47583	0.37735	1	0.49923	0.39438	1	0.45384	0.55035	12.69357	1.04240	1	0.71822	0.57182	12.70343	1.04240	1	-0.01148	-0.01203	0.66308	0.00379	1	0.05664	-0.01688	0.67803	0.00385	1	1.45898	0.81042	0	
1231484	8307.08594	3303870455203	0.51101	0.40567	8306.75098	0.33496	10802	1	0.52351	0.41732	1	0.47552	0.38369	1	0.49951	0.40050	1	0.45394	0.55021	12.54259	1.03439	1	0.71810	0.57193	13.32894	1.03439	1	-0.01148	-0.01203	0.66308	0.00382	1	0.05664	-0.01688	0.67803	0.00380	1	1.45898	0.81042	0	
1231485	8307.09277	3303870519954	0.51087	0.40499	8306.75098	0.34180	10802	1	0.52389	0.36730	1	0.47765	0.44291	1	0.50077	0.40510	1	0.45383	0.54976	12.27248	1.03439	1	0.71831	0.57206	13.35087	1.03439	1	-0.01148	-0.01203	0.66308	0.00395	1	0.05664	-0.01688	0.67803	0.00377	1	1.45898	0.81042	0	
1231486	8307.09961	3303870586825	0.51065	0.40386	8306.75098	0.34863	10802	1	0.52069	0.40054	1	0.47565	0.37697	1	0.49817	0.38875	1	0.45380	0.55009	12.10015	1.03439	1	0.71823	0.57179	13.00370	1.03439	1	-0.01148	-0.01203	0.66308	0.00384	1	0.05664	-0.01688	0.67803	0.00377	1	1.45898	0.81042	0	
1231487	8307.10645	3303870655247	0.51042	0.40263	8306.75098	0.35547	10802	1	0.51981	0.39450	1	0.47596	0.37057	1	0.49788	0.38254	1	0.45379	0.54990	12.11548	1.04240	1	0.71844	0.57180	12.86424	1.04240	1	-0.01190	-0.01253	0.69022	0.00376	1	0.05664	-0.01683	0.67803	0.00385	1	1.45898	0.81042	0	
1231488	8307.11328	3303870723097	0.51044	0.40142	8306.75098	0.36230	10802	1	0.51049	0.34885	1	0.48559	0.39518	1	0.49804	0.37202	1	0.45365	0.54985	12.11638	1.05042	1	0.71841	0.57202	12.87214	1.05042	1	-0.01190	-0.01253	0.69022	0.00385	1	0.05664	-0.01683	0.67803	0.00378	1	1.45898	0.81042	0	
1231489	8307.11914	3303870790364	0.51044	0.39963	8306.75098	0.36816	10802	1	0.50655	0.35844	1	0.48265	0.35686	1	0.49460	0.35765	1	0.45369	0.54976	11.75100	1.05844	1	0.71831	0.57181	12.90181	1.05844	1	-0.01190	-0.01253	0.69022	0.00378	1	0.05664	-0.01683	0.67803	0.00386	1	1.45898	0.81042	0	
1231490	8307.12598	3303870856122	0.51044	0.39795	8306.75098	0.37500	10802	1	0.50559	0.35220	1	0.48237	0.36202	1	0.49398	0.35711	1	0.45382	0.54982	11.97789	1.06645	1	0.71850	0.57169	12.91797	1.05198	1	-0.01190	-0.01253	0.69022	0.00376	1	0.05422	-0.01613	0.64794	0.00370	1	1.45898	0.81042	0	
1231491	8307.13281	3303870926453	0.51062	0.39670	8306.75098	0.38184	10802	1	0.51212	0.37875	1	0.49014	0.35446	1	0.50113	0.36660	1	0.45368	0.54998	12.26530	1.05198	1	0.71849	0.57168	12.97190	1.03752	1	-0.01190	-0.01253	0.69022	0.00383	1	0.05422	-0.01613	0.64794	0.00369	1	1.45898	0.81042	0	
1231492	8307.13965	3303870993257	0.51092	0.39595	8306.75098	0.38867	10802	1	0.52374	0.40277	1	0.48939	0.36629	1	0.50656	0.38453	1	0.45379	0.55016	12.55963	1.03752	1	0.71851	0.57157	12.90946	1.02305	1	-0.01190	-0.01253	0.69022	0.00371	1	0.05422	-0.01613	0.64794	0.00368	1	1.45898	0.81042	0	
1231493	8307.14648	3303871061402	0.51125	0.39569	8306.75098	0.39551	10802	1	0.52617	0.41961	1	0.48822	0.38467	1	0.50719	0.40214	1	0.45378	0.55025	12.63609	1.01503	1	0.71860	0.57169	13.03788	1.00057	1	-0.01131	-0.01195	0.65866	0.00368	1	0.05422	-0.01613	0.64794	0.00371	1	1.45898	0.81042	0	
1231494	8307.15332	3303871125305	0.51183	0.39641	8306.75098	0.40234	10802	1	0.53241	0.41742	1	0.48917	0.42161	1	0.51079	0.41952	1	0.45390	0.55002	12.29886	0.99255	1	0.71853	0.57195	13.44926	0.99255	1	-0.01131	-0.01195	0.65866	0.00371	1	0.05422	-0.01613	0.64794	0.00367	1	1.45898	0.81042	0	
1231495	8307.16016	3303871194612	0.51217	0.39713	8306.75098	0.40918	10802	1	0.52868	0.44592	1	0.48228	0.44809	1	0.50548	0.44700	1	0.45380	0.55005	12.18880	0.98453	1	0.71843	0.57220	13.22643	0.98453	1	-0.01131	-0.01195	0.65866	0.00380	1	0.05422	-0.01613	0.64794	0.00379	1	1.45898	0.81042	0	
1231496	8307.16699	3303871261619	0.51251	0.39786	8306.75098	0.41602	10802	1	0.52956	0.45189	1	0.48190	0.45423	1	0.50573	0.45306	1	0.45416	0.54980	12.73570	0.97652	1	0.71860	0.57203	13.05173	0.97652	1	-0.01131	-0.01195	0.65866	0.00381	1	0.05422	-0.01613	0.64794	0.00379	1	1.45898	0.81042	0	
1231497	8307.17285	3303871328300	0.51250	0.39849	8306.75098	0.42188	10802	1	0.55684	0.41777	1	0.48549	0.46607	1	0.52117	0.44192	1	0.45431	0.54993	12.98536	0.97652	1	0.71840	0.57182	13.25385	0.97652	1	-0.01131	-0.01195	0.65866	0.00386	1	0.05422	-0.01613	0.64794	0.00373	1	1.45898	0.81042	0	
1231498	8307.17969	3303871395970	0.51252	0.39923	8306.75098	0.42871	10802	1	0.55259	0.44922	1	0.49375	0.44256	1	0.52317	0.44589	1	0.45427	0.54975	13.06034	0.97652	1	0.71864	0.57136	12.92926	0.97652	1	-0.01131	-0.01195	0.65866	0.00391	1	0.05422	-0.01613	0.64794	0.00381	1	1.45898	0.81042	0	
1231499	8307.18652	3303871462497	0.51254	0.39991	8306.75098	0.43555	10802	1	0.55259	0.44922	1	0.49415	0.43726	1	0.52337	0.44324	1	0.45442	0.54900	12.94721	0.97652	1	0.71843	0.57142	13.45247	0.98332	1	-0.01121	-0.01180	0.65260	0.00400	1	0.05653	-0.01663	0.67617	0.00388	1	1.45898	0.81042	0	
1231500	8307.19336	3303871529720	0.51214	0.39961	8306.75098	0.44238	10802	1	0.53383	0.37136	1	0.48877	0.41095	1	0.51130	0.39115	1	0.45433	0.54886	13.04099	0.98332	1	0.71846	0.57126	13.41297	0.99013	1	-0.01121	-0.01180	0.65260	0.00381	1	0.05653	-0.01663	0.67617	0.00392	1	1.45898	0.81042	0	
1231501	8307.20020	3303871596572	0.51171	0.39973	8306.75098	0.44922	10802	1	0.53033	0.38639	1	0.49034	0.39258	1	0.51033	0.38949	1	0.45431	0.54907	13.15772	0.99013	1	0.71860	0.57115	13.05982	0.99694	1	-0.01121	-0.01180	0.65260	0.00397	1	0.05653	-0.01663	0.67617	0.00386	1	1.45898	0.81042	0	
1231502	8307.20703	3303871663506	0.51129	0.39961	8306.75098	0.45605	10802	1	0.52874	0.37452	1	0.49114	0.38053	1	0.50994	0.37752	1	0.45431	0.54887	13.07211	1.00496	1	0.71860	0.57135	13.27629	1.01177	1	-0.01146	-0.01216	0.67017	0.00375	1	0.05524	-0.01623	0.65961	0.00387	1	1.45898	0.81042	0	
1231503	8307.21387	3303871730847	0.51056	0.39901	8306.75098	0.46289	10802	1	0.51104	0.31321	1	0.46031	0.40563	1	0.48567	0.35942	1	0.45409	0.54876	12.95881	1.01978	1	0.71840	0.57146	13.36244	1.01978	1	-0.01146	-0.01216	0.67017	0.00402	1	0.05524	-0.01623	0.65961	0.00388	1	1.45898	0.81042	0	
1231504	8307.21973	3303871795548	0.50996	0.39807	8306.75098	0.46875	10802	1	0.51459	0.33942	1	0.46345	0.38821	1	0.48902	0.36381	1	0.45407	0.54882	12.65714	1.02780	1	0.71849	0.57145	13.46018	1.02780	1	-0.01146	-0.01216	0.67017	0.00401	1	0.05524	-0.01623	0.65961	0.00387	1	1.45898	0.81042	0	
1231505	8307.22656	3303871862837	0.50936	0.39689	8306.75098	0.47559	10802	1	0.51459	0.33942	1	0.46366	0.38215	1	0.48912	0.36079	1	0.45403	0.54911	12.92063	1.02780	1	0.71836	0.57143	13.52394	1.03546	1	-0.01128	-0.01203	0.66268	0.00395	1	0.05629	-0.01657	0.67145	0.00393	1	1.45898	0.81042	0	
1231506	8307.23340	3303871927483	0.50910	0.39509	8306.75098	0.48242	10802	1	0.53798	0.30034	1	0.46116	0.36950	1	0.49957	0.33492	1	0.45446	0.54842	11.76889	1.02744	1	0.71838	0.57122	13.33650	1.03510	1	-0.01128	-0.01203	0.66268	0.00410	1	0.05629	-0.01657	0.67145	0.00395	1	1.45898	0.81042	0	
1231507	8307.24023	3303871998359	0.50875	0.39363	8306.75098	0.48926	10802	1	0.54843	0.32841	1	0.45389	0.38063	1	0.50116	0.35452	1	0.45450	0.54905	11.67355	1.02708	1	0.71826	0.57136	13.35243	1.03474	1	-0.01128	-0.01203	0.66268	0.00397	1	0.05629	-0.01657	0.67145	0.00398	1	1.45898	0.81042	0	
1231508	8307.24707	3303872066096	0.50839	0.39221	8306.75098	0.49609	10802	1	0.54776	0.32207	1	0.45403	0.37457	1	0.50089	0.34832	1	0.45462	0.54930	11.95680	1.03474	1	0.71824	0.57149	13.25301	1.04240	1	-0.01160	-0.01242	0.68434	0.00388	1	0.05665	-0.01672	0.67574	0.00395	1	1.45898	0.81042	0	
1231509	8307.25391	3303872132604	0.50773	0.39154	8306.75098	0.50293	10802	1	0.52074	0.31656	1	0.46300	0.40886	1	0.49187	0.36271	1	0.45459	0.54888	12.12304	1.05042	1	0.71837	0.57181	13.55405	1.05042	1	-0.01160	-0.01242	0.68434	0.00391	1	0.05665	-0.01672	0.67574	0.00395	1	1.45898	0.81042	0	
1231510	8307.26074	3303872199269	0.50693	0.39051	8306.75098	0.50977	10802	1	0.51675	0.30953	1	0.44640	0.33127	1	0.48157	0.32040	1	0.45445	0.54896	12.04682	1.05844	1	0.71852	0.57101	13.00026	1.05844	1	-0.01160	-0.01242	0.68434	0.00391	1	0.05665	-0.01672	0.67574	0.00421	1	1.45898	0.81042	0	
1231511	8307.26758	3303872266287	0.49597	0.35641	8306.75098	0.50977	10802	0	0.51586	0.30293	1	0.44648	0.32470	1	0.48117	0.31382	1	0.45457	0.54951	12.31348	1.06645	1	0.71874	0.57111	12.83391	1.06645	1	-0.01160	-0.01242	0.68434	0.00391	1	0.05617	-0.01664	0.67009	0.00429	1	1.45898	0.81042	0	
1231512	8307.27344	3303872333037	0.49311	0.34601	8306.75098	0.50977	10802	0	0.52890	0.30604	1	0.45162	0.36517	1	0.49026	0.33560	1	0.45479	0.54948	12.47620	1.06645	1	0.71849	0.57187	13.64822	1.06645	1	-0.01160	-0.01242	0.68434	0.00386	1	0.05617	-0.01664	0.67009	0.00391	1	1.45898	0.81042	0	
1231513	8307.28027	3303872400197	0.49394	0.34219	8306.75098	0.50977	10802	0	0.53205	0.32166	1	0.45911	0.34744	1	0.49558	0.33455	1	0.45482	0.54955	12.53161	1.06645	1	0.71871	0.57179	14.14096	1.06645	1	-0.01160	-0.01242	0.68434	0.00384	1	0.05617	-0.01664	0.67009	0.00387	1	1.45898	0.81042	0	
1231514	8307.28711	3303872464853	0.49440	0.34265	8307.26758	0.01953	10803	1	0.53283	0.32811	1	0.45876	0.35997	1	0.49580	0.34404	1	0.45516	0.54943	13.04372	1.05844	1	0.71939	0.57113	13.08424	1.05078	1	-0.01130	-0.01216	0.66987	0.00391	1	0.05530	-0.01641	0.65909	0.00413	1	1.45898	0.81042	0	
1231515	8307.29395	3303872530319	0.50026	0.34471	8307.26758	0.02637	10803	1	0.55005	0.36309	1	0.49730	0.34282	1	0.52368	0.35295	1	0.45512	0.54940	13.02027	1.04276	1	0.71939	0.57151	13.22598	1.03510	1	-0.01130	-0.01216	0.66987	0.00391	1	0.05530	-0.01641	0.65909	0.00387	1	1.45898	0.81042	0	
1231516	8307.29980	3303872596370	0.50456	0.34265	8307.26758	0.03223	10803	1	0.55348	0.33464	1	0.49864	0.33001	1	0.52606	0.33233	1	0.45512	0.54940	13.02027	1.02708	1	0.71937	0.57102	13.08655	1.01942	1	-0.01130	-0.01216	0.66987	0.00391	1	0.05530	-0.01641	0.65909	0.00406	1	1.45898	0.81042	0	
1231517	8307.30664	3303872666382	0.50765	0.34305	8307.26758	0.03906	10803	1	0.55479	0.34752	1	0.49768	0.34345	1	0.52624	0.34548	1	0.45489	0.54920	12.75754	1.01141	1	0.71930	0.57108	12.97625	1.00375	1	-0.01130	-0.01216	0.66987	0.00391	1	0.05530	-0.01641	0.65909	0.00398	1	1.45898	0.81042	0	
1231518	8307.31445	3303872735095	0.50654	0.34276	8307.26758	0.04688	10803	1	0.50184	0.34558	1	0.49565	0.33583	1	0.49874	0.34070	1	0.45466	0.54892	12.36720	1.00375	1	0.71937	0.57087	12.82310	1.00375	1	-0.01130	-0.01216	0.66987	0.00406	1	0.05530	-0.01641	0.65909	0.00427	1	1.45898	0.81042	0	
1231519	8307.32031	3303872802145	0.50726	0.34470	8307.26758	0.05273	10803	1	0.53140	0.37334	1	0.49467	0.34719	1	0.51303	0.36026	1	0.45510	0.54948	13.08773	1.00375	1	0.71930	0.57109	12.90144	1.00375	1	-0.01130	-0.01216	0.66987	0.00384	1	0.05530	-0.01641	0.65909	0.00417	1	1.45898	0.81042	0	
1231520	8307.32715	3303872869113	0.50780	0.34589	8307.26758	0.05957	10803	1	0.53056	0.36690	1	0.49474	0.34616	1	0.51265	0.35653	1	0.45532	0.54941	12.34165	1.01177	1	0.71913	0.57162	13.12820	1.00496	1	-0.01149	-0.01242	0.68428	0.00391	1	0.05379	-0.01595	0.64058	0.00400	1	1.45898	0.81042	0	
1231521	8307.33398	3303872935965	0.50701	0.34678	8307.26758	0.06641	10803	1	0.52442	0.35812	1	0.47389	0.35334	1	0.49916	0.35573	1	0.45498	0.54913	12.42381	1.01297	1	0.71903	0.57130	13.01314	1.00617	1	-0.01149	-0.01242	0.68428	0.00388	1	0.05379	-0.01595	0.64058	0.00416	1	1.45898	0.81042	0	
1231522	8307.34082	3303873002642	0.50696	0.34708	8307.26758	0.07324	10803	1	0.53466	0.29964	1	0.47805	0.40110	1	0.50636	0.35037	1	0.45509	0.54902	11.92140	1.01418	1	0.71903	0.57186	13.24265	1.00737	1	-0.01149	-0.01242	0.68428	0.00389	1	0.05379	-0.01595	0.64058	0.00391	1	1.45898	0.81042	0	
1231523	8307.34766	3303873070147	0.50691	0.34725	8307.26758	0.08008	10803	1	0.53454	0.29859	1	0.47810	0.40014	1	0.50632	0.34936	1	0.45514	0.54954	12.29287	1.01539	1	0.71901	0.57191	13.48348	1.00858	1	-0.01149	-0.01242	0.68428	0.00388	1	0.05379	-0.01595	0.64058	0.00393	1	1.45898	0.81042	0	
1231524	8307.35449	3303873136990	0.50672	0.34775	8307.26758	0.08691	10803	1	0.53513	0.37290	1	0.47336	0.33535	1	0.50425	0.35412	1	0.45519	0.54965	12.13328	1.00858	1	0.71898	0.57112	12.93471	1.00858	1	-0.01149	-0.01242	0.68428	0.00382	1	0.05379	-0.01595	0.64058	0.00449	1	1.45898	0.81042	0	
1231525	8307.36035	3303873203026	0.50693	0.34955	8307.26758	0.09277	10803	1	0.53860	0.40079	1	0.48120	0.34894	1	0.50990	0.37487	1	0.45512	0.54954	12.38759	1.00858	1	0.71904	0.57119	12.92561	1.00858	1	-0.01149	-0.01242	0.68428	0.00387	1	0.05379	-0.01595	0.64058	0.00426	1	1.45898	0.81042	0	
1231526	8307.36719	3303873269232	0.50713	0.35154	8307.26758	0.09961	10803	1	0.53939	0.40698	1	0.48084	0.35572	1	0.51012	0.38135	1	0.45513	0.54873	12.68322	1.00057	1	0.71918	0.57176	13.21781	1.00057	1	-0.01097	-0.01190	0.65585	0.00402	1	0.05379	-0.01595	0.64058	0.00393	1	1.45898	0.81042	0	
1231527	8307.37402	3303873337961	0.50712	0.35338	8307.26758	0.10645	10803	1	0.53074	0.35902	1	0.48316	0.40668	1	0.50695	0.38285	1	0.45503	0.54880	12.93219	0.99255	1	0.71920	0.57172	13.22788	0.99255	1	-0.01097	-0.01190	0.65585	0.00400	1	0.05379	-0.01595	0.64058	0.00393	1	1.45898	0.81042	0	
1231528	8307.38086	3303873404958	0.50733	0.35570	8307.26758	0.11328	10803	1	0.54057	0.37163	1	0.48115	0.41842	1	0.51086	0.39503	1	0.45517	0.54888	13.04935	0.98453	1	0.71912	0.57189	13.15396	0.98453	1	-0.01097	-0.01190	0.65585	0.00393	1	0.05379	-0.01595	0.64058	0.00391	1	1.45898	0.81042	0	
1231529	8307.38770	3303873471888	0.50753	0.35811	8307.26758	0.12012	10803	1	0.54137	0.37821	1	0.48078	0.42480	1	0.51107	0.40150	1	0.45542	0.54869	12.30620	0.97652	1	0.71912	0.57181	13.11983	0.97652	1	-0.01097	-0.01190	0.65585	0.00407	1	0.05379	-0.01595	0.64058	0.00393	1	1.45898	0.81042	0	
1231530	8307.39453	3303873539047	0.50706	0.35980	8307.26758	0.12695	10803	1	0.51511	0.35748	1	0.48145	0.42632	1	0.49828	0.39190	1	0.45476	0.54899	12.55661	0.97652	1	0.71921	0.57192	13.34738	0.97652	1	-0.01097	-0.01190	0.65585	0.00415	1	0.05379	-0.01595	0.64058	0.00389	1	1.45898	0.81042	0	
1231531	8307.40137	3303873606076	0.50704	0.36073	8307.26758	0.13379	10803	1	0.53174	0.32619	1	0.48122	0.43261	1	0.50648	0.37940	1	0.45507	0.54893	12.00693	0.97652	1	0.71916	0.57188	13.12298	0.97652	1	-0.01097	-0.01190	0.65585	0.00404	1	0.05379	-0.01595	0.64058	0.00392	1	1.45898	0.81042	0	
1231532	8307.40820	3303873672880	0.50701	0.36158	8307.26758	0.14062	10803	1	0.53174	0.32619	1	0.48122	0.43261	1	0.50648	0.37940	1	0.45524	0.54856	12.05053	0.97652	1	0.71924	0.57134	12.87332	0.97652	1	-0.01097	-0.01190	0.65585	0.00413	1	0.05379	-0.01595	0.64058	0.00417	1	1.45898	0.81042	0	
1231533	8307.41406	3303873739724	0.50687	0.36320	8307.26758	0.14648	10803	1	0.52038	0.36871	1	0.48697	0.42886	1	0.50368	0.39879	1	0.45477	0.54855	12.45383	0.97652	1	0.71927	0.57181	13.10477	0.97652	1	-0.01097	-0.01190	0.65585	0.00426	1	0.05379	-0.01595	0.64058	0.00393	1	1.45898	0.81042	0	
1231534	8307.42090	3303873806115	0.50723	0.36210	8307.26758	0.15332	10803	1	0.53719	0.31793	1	0.49412	0.35603	1	0.51566	0.33698	1	0.45522	0.54876	11.88395	0.97652	1	0.71932	0.57105	12.82286	0.97652	1	-0.01097	-0.01190	0.65585	0.00419	1	0.05379	-0.01595	0.64058	0.00418	1	1.45898	0.81042	0	
1231535	8307.42773	3303873873691	0.50758	0.36098	8307.26758	0.16016	10803	1	0.53719	0.31793	1	0.49452	0.35012	1	0.51586	0.33403	1	0.45547	0.54922	12.57918	0.97652	1	0.71937	0.57068	12.82669	0.98332	1	-0.01097	-0.01190	0.65585	0.00409	1	0.05530	-0.01641	0.65909	0.00431	1	1.45898	0.81042	0	
1231536	8307.43457	3303873940825	0.50754	0.36057	8307.26758	0.16699	10803	1	0.52192	0.35123	1	0.49130	0.34944	1	0.50661	0.35033	1	0.45495	0.54904	12.77411	0.98332	1	0.71931	0.57097	13.08365	0.99013	1	-0.01097	-0.01190	0.65585	0.00415	1	0.05530	-0.01641	0.65909	0.00421	1	1.45898	0.81042	0	
1231537	8307.44141	3303874007656	0.50785	0.35967	8307.26758	0.17383	10803	1	0.53531	0.32763	1	0.49645	0.34473	1	0.51588	0.33618	1	0.45515	0.54872	11.86760	0.99013	1	0.71933	0.57079	12.89994	0.99694	1	-0.01097	-0.01190	0.65585	0.00419	1	0.05530	-0.01641	0.65909	0.00428	1	1.45898	0.81042	0	
1231538	8307.44824	3303874074721	0.50813	0.35862	8307.26758	0.18066	10803	1	0.53461	0.32177	1	0.49686	0.33887	1	0.51574	0.33032	1	0.45475	0.54878	12.43217	0.99694	1	0.71926	0.57110	13.15722	1.00375	1	-0.01097	-0.01190	0.65585	0.00410	1	0.05530	-0.01641	0.65909	0.00419	1	1.45898	0.81042	0	
1231539	8307.45508	3303874141686	0.50791	0.35749	8307.26758	0.18750	10803	1	0.51490	0.30551	1	0.48862	0.34610	1	0.50176	0.32580	1	0.45485	0.54864	12.43081	1.00375	1	0.71926	0.57110	13.15722	1.00375	1	-0.01097	-0.01190	0.65585	0.00420	1	0.05530	-0.01641	0.65909	0.00419	1	1.45898	0.81042	0	
1231540	8307.46094	3303874208487	0.50774	0.35727	8307.26758	0.19336	10803	1	0.51816	0.35192	1	0.48751	0.35025	1	0.50283	0.35109	1	0.45496	0.54924	13.37478	1.00375	1	0.71923	0.57106	13.13356	1.00375	1	-0.01097	-0.01190	0.65585	0.00396	1	0.05530	-0.01641	0.65909	0.00421	1	1.45898	0.81042	0	
1231541	8307.46777	3303874273564	0.50758	0.35707	8307.26758	0.20020	10803	1	0.51816	0.35192	1	0.48751	0.35025	1	0.50283	0.35109	1	0.45538	0.54899	12.13160	1.00375	1	0.71950	0.57094	13.05777	1.00375	1	-0.01097	-0.01190	0.65585	0.00401	1	0.05530	-0.01641	0.65909	0.00424	1	1.45898	0.81042	0	
1231542	8307.47461	3303874341008	0.50730	0.35703	8307.26758	0.20703	10803	1	0.51822	0.32325	1	0.47885	0.38775	1	0.49854	0.35550	1	0.45491	0.54892	12.73920	1.00375	1	0.71907	0.57163	13.47764	1.00375	1	-0.01097	-0.01190	0.65585	0.00400	1	0.05530	-0.01641	0.65909	0.00384	1	1.45898	0.81042	0	
1231543	8307.48145	3303874408042	0.50729	0.35741	8307.26758	0.21387	10803	1	0.52438	0.33650	1	0.48953	0.40271	1	0.50696	0.36961	1	0.45503	0.54911	13.02459	1.00375	1	0.71937	0.57163	13.14967	1.00375	1	-0.01097	-0.01190	0.65585	0.00398	1	0.05530	-0.01641	0.65909	0.00385	1	1.45898	0.81042	0	
1231544	8307.48828	3303874473291	0.50728	0.35777	8307.26758	0.22070	10803	1	0.52438	0.33650	1	0.48953	0.40271	1	0.50696	0.36961	1	0.45487	0.54839	12.79374	1.00375	1	0.71943	0.57153	13.18071	1.00375	1	-0.01097	-0.01190	0.65585	0.00419	1	0.05530	-0.01641	0.65909	0.00387	1	1.45898	0.81042	0	
1231545	8307.49512	3303874542002	0.50725	0.35603	8307.26758	0.22754	10803	1	0.51191	0.26465	1	0.50038	0.32950	1	0.50615	0.29708	1	0.45481	0.54801	12.48798	1.00375	1	0.71942	0.57087	12.70390	1.00375	1	-0.01097	-0.01190	0.65585	0.00440	1	0.05530	-0.01641	0.65909	0.00419	1	1.45898	0.81042	0	
1231546	8307.50098	3303874607127	0.50744	0.35434	8307.26758	0.23340	10803	1	0.53120	0.28219	1	0.49704	0.30777	1	0.51412	0.29498	1	0.45511	0.54872	12.04454	1.00375	1	0.71943	0.57071	12.75241	1.00375	1	-0.01097	-0.01190	0.65585	0.00403	1	0.05530	-0.01641	0.65909	0.00428	1	1.45898	0.81042	0	
1231547	8307.50781	3303874675194	0.50763	0.35264	8307.26758	0.24023	10803	1	0.53120	0.28219	1	0.49750	0.30093	1	0.51435	0.29156	1	0.45523	0.54885	12.06518	1.00375	1	0.71945	0.57066	12.81553	1.01141	1	-0.01097	-0.01190	0.65585	0.00398	1	0.05665	-0.01683	0.67574	0.00426	1	1.45898	0.81042	0	
1231548	8307.51465	3303874739928	0.50748	0.35244	8307.26758	0.24707	10803	1	0.52534	0.31550	1	0.47903	0.37458	1	0.50218	0.34504	1	0.45506	0.54904	13.02995	1.01141	1	0.71904	0.57144	13.73212	1.01907	1	-0.01097	-0.01190	0.65585	0.00393	1	0.05665	-0.01683	0.67574	0.00390	1	1.45898	0.81042	0	
1231549	8307.52148	3303874809001	0.50749	0.35150	8307.26758	0.25391	10803	1	0.52167	0.31946	1	0.49410	0.31184	1	0.50788	0.31565	1	0.45503	0.54902	13.12673	1.01907	1	0.71931	0.57090	13.02104	1.02673	1	-0.01097	-0.01190	0.65585	0.00395	1	0.05665	-0.01683	0.67574	0.00424	1	1.45898	0.81042	0	
1231550	8307.52832	3303874875445	0.50749	0.35052	8307.26758	0.26074	10803	1	0.52082	0.31299	1	0.49410	0.31184	1	0.50746	0.31242	1	0.45490	0.54886	12.75695	1.02673	1	0.71917	0.57071	13.28181	1.02673	1	-0.01097	-0.01190	0.65585	0.00401	1	0.05530	-0.01641	0.65909	0.00425	1	1.45898	0.81042	0	
1231551	8307.53516	3303874945901	0.50756	0.34965	8307.26758	0.26758	10803	1	0.52275	0.32895	1	0.49750	0.30068	1	0.51013	0.31482	1	0.45502	0.54910	13.01767	1.02673	1	0.71933	0.57065	12.91979	1.01907	1	-0.01097	-0.01190	0.65585	0.00403	1	0.05530	-0.01641	0.65909	0.00428	1	1.45898	0.81042	0	
1231552	8307.54199	3303875013158	0.50722	0.34915	8307.26758	0.27441	10803	1	0.51413	0.32276	1	0.47241	0.33448	1	0.49327	0.32862	1	0.45470	0.54923	13.01517	1.01907	1	0.71896	0.57131	13.88145	1.01141	1	-0.01097	-0.01190	0.65585	0.00396	1	0.05530	-0.01641	0.65909	0.00389	1	1.45898	0.81042	0	
1231553	8307.54883	3303875079649	0.50690	0.34882	8307.26758	0.28125	10803	1	0.51503	0.32920	1	0.47213	0.34105	1	0.49358	0.33512	1	0.45489	0.54896	12.39582	1.01141	1	0.71942	0.57157	13.01539	1.00375	1	-0.01097	-0.01190	0.65585	0.00411	1	0.05530	-0.01641	0.65909	0.00392	1	1.45898	0.81042	0	
1231554	8307.55469	3303875146508	0.50670	0.34949	8307.26758	0.28711	10803	1	0.52262	0.36550	1	0.47349	0.39090	1	0.49806	0.37820	1	0.45496	0.54904	12.86504	1.00375	1	0.71901	0.57165	13.77740	1.00375	1	-0.01097	-0.01190	0.65585	0.00400	1	0.05530	-0.01641	0.65909	0.00391	1	1.45898	0.81042	0	
1231555	8307.56152	3303875213504	0.50662	0.34989	8307.26758	0.29395	10803	1	0.51920	0.32827	1	0.48685	0.40699	1	0.50302	0.36763	1	0.45493	0.54851	12.21424	1.00375	1	0.71923	0.57185	13.44362	1.00375	1	-0.01097	-0.01190	0.65585	0.00414	1	0.05530	-0.01641	0.65909	0.00388	1	1.45898	0.81042	0	
1231556	8307.56836	3303875280492	0.50653	0.35034	8307.26758	0.30078	10803	1	0.51920	0.32827	1	0.48651	0.41239	1	0.50285	0.37033	1	0.45527	0.54820	11.60097	1.00375	1	0.71920	0.57165	13.45901	0.99694	1	-0.01097	-0.01190	0.65585	0.00427	1	0.05379	-0.01595	0.64058	0.00388	1	1.45898	0.81042	0	
1231557	8307.57520	3303875347441	0.50616	0.35150	8307.26758	0.30762	10803	1	0.49561	0.39931	1	0.48199	0.41094	1	0.48880	0.40512	1	0.45479	0.54935	13.23484	0.99694	1	0.71917	0.57181	13.37599	0.99013	1	-0.01097	-0.01190	0.65585	0.00413	1	0.05379	-0.01595	0.64058	0.00391	1	1.45898	0.81042	0	
1231558	8307.58203	3303875414281	0.50600	0.35184	8307.26758	0.31445	10803	1	0.51654	0.33587	1	0.48044	0.39989	1	0.49849	0.36788	1	0.45529	0.54850	11.96140	0.99013	1	0.71920	0.57157	13.42502	0.98332	1	-0.01097	-0.01190	0.65585	0.00420	1	0.05379	-0.01595	0.64058	0.00389	1	1.45898	0.81042	0	
1231559	8307.58887	3303875481888	0.50605	0.35206	8307.26758	0.32129	10803	1	0.51640	0.33484	1	0.48049	0.39890	1	0.49844	0.36687	1	0.45517	0.54867	11.74627	0.99134	1	0.71924	0.57157	13.21989	0.98453	1	-0.01103	-0.01203	0.66257	0.00413	1	0.05379	-0.01595	0.64058	0.00390	1	1.45898	0.81042	0	
1231560	8307.59570	3303875548645	0.50630	0.35255	8307.26758	0.32812	10803	1	0.52279	0.32521	1	0.48172	0.39337	1	0.50225	0.35929	1	0.45534	0.54808	11.71773	0.99255	1	0.71919	0.57156	13.20964	0.99255	1	-0.01103	-0.01203	0.66257	0.00423	1	0.05379	-0.01595	0.64058	0.00392	1	1.45898	0.81042	0	
1231561	8307.60156	3303875613447	0.50653	0.35298	8307.26758	0.33398	10803	1	0.51750	0.35730	1	0.49569	0.35262	1	0.50659	0.35496	1	0.45510	0.54880	11.93992	1.00057	1	0.71941	0.57129	13.40387	1.00057	1	-0.01103	-0.01203	0.66257	0.00420	1	0.05379	-0.01595	0.64058	0.00385	1	1.45898	0.81042	0	
1231562	8307.60840	3303875682332	0.50675	0.35301	8307.26758	0.34082	10803	1	0.51656	0.35070	1	0.49656	0.34002	1	0.50656	0.34536	1	0.45544	0.54788	12.28234	1.00858	1	0.71948	0.57111	13.17892	1.01539	1	-0.01103	-0.01203	0.66257	0.00423	1	0.05577	-0.01652	0.66353	0.00386	1	1.45898	0.81042	0	
1231563	8307.61523	3303875749543	0.50633	0.35272	8307.26758	0.34766	10803	1	0.54222	0.34170	1	0.46485	0.33660	1	0.50353	0.33915	1	0.45570	0.54818	13.06247	1.01539	1	0.71922	0.57136	13.50042	1.02220	1	-0.01103	-0.01203	0.66257	0.00393	1	0.05577	-0.01652	0.66353	0.00386	1	1.45898	0.81042	0	
1231564	8307.62207	3303875816348	0.50578	0.35265	8307.26758	0.35449	10803	1	0.53703	0.30369	1	0.46223	0.35403	1	0.49963	0.32886	1	0.45564	0.54796	12.94863	1.02220	1	0.71919	0.57159	13.59367	1.02901	1	-0.01103	-0.01203	0.66257	0.00400	1	0.05577	-0.01652	0.66353	0.00387	1	1.45898	0.81042	0	
1231565	8307.62891	3303875883292	0.50523	0.35226	8307.26758	0.36133	10803	1	0.53715	0.30473	1	0.46240	0.34872	1	0.49978	0.32673	1	0.45583	0.54856	13.19235	1.02099	1	0.71923	0.57155	13.57117	1.03546	1	-0.01089	-0.01183	0.65697	0.00378	1	0.05597	-0.01657	0.66529	0.00389	1	1.45898	0.81042	0	
1231566	8307.63574	3303875950425	0.50484	0.35297	8307.26758	0.36816	10803	1	0.52317	0.34419	1	0.43631	0.40586	1	0.47974	0.37503	1	0.45579	0.54857	13.04571	1.02744	1	0.71918	0.57153	13.47064	1.03510	1	-0.01089	-0.01183	0.65697	0.00371	1	0.05597	-0.01657	0.66529	0.00395	1	1.45898	0.81042	0	
1231567	8307.64258	3303876018112	0.50450	0.35290	8307.26758	0.37500	10803	1	0.53595	0.36760	1	0.45783	0.34567	1	0.49689	0.35663	1	0.45585	0.54894	13.23254	1.02708	1	0.71955	0.57145	14.22783	1.03474	1	-0.01089	-0.01183	0.65697	0.00372	1	0.05597	-0.01657	0.66529	0.00392	1	1.45898	0.81042	0	
1231568	8307.64844	3303876084289	0.50416	0.35277	8307.26758	0.38086	10803	1	0.53519	0.36154	1	0.45800	0.33934	1	0.49660	0.35044	1	0.45575	0.54898	13.27630	1.03474	1	0.71961	0.57129	14.05833	1.04240	1	-0.01139	-0.01238	0.69060	0.00371	1	0.05597	-0.01657	0.66529	0.00393	1	1.45898	0.81042	0	
1231569	8307.65527	3303876151232	0.50405	0.35319	8307.26758	0.38770	10803	1	0.52035	0.35004	1	0.46652	0.40147	1	0.49343	0.37575	1	0.45572	0.54908	13.27213	1.05042	1	0.71967	0.57159	14.28788	1.05042	1	-0.01139	-0.01238	0.69060	0.00376	1	0.05597	-0.01657	0.66529	0.00393	1	1.45898	0.81042	0	
1231570	8307.66211	3303876215471	0.50362	0.35301	8307.26758	0.39453	10803	1	0.51073	0.34794	1	0.46113	0.33574	1	0.48593	0.34184	1	0.45568	0.54899	13.29478	1.05844	1	0.71956	0.57164	14.43989	1.05844	1	-0.01139	-0.01238	0.69060	0.00378	1	0.05597	-0.01657	0.66529	0.00388	1	1.45898	0.81042	0	
1231571	8307.66895	3303876282741	0.50319	0.35272	8307.26758	0.40137	10803	1	0.50980	0.34163	1	0.46133	0.32919	1	0.48556	0.33541	1	0.45588	0.54857	13.43608	1.06645	1	0.71995	0.57149	13.88049	1.06645	1	-0.01125	-0.01217	0.68193	0.00377	1	0.05779	-0.01705	0.68687	0.00380	1	1.45898	0.81042	0	
1231572	8307.67480	3303876347421	0.50329	0.35128	8307.26758	0.40723	10803	1	0.52205	0.28061	1	0.49607	0.28968	1	0.50906	0.28514	1	0.45584	0.54821	13.22443	1.06645	1	0.72010	0.57097	13.38960	1.06645	1	-0.01125	-0.01217	0.68193	0.00383	1	0.05779	-0.01705	0.68687	0.00400	1	1.45898	0.81042	0	
1231573	8307.68164	3303876416226	0.50343	0.34979	8307.26758	0.41406	10803	1	0.54130	0.29683	1	0.49180	0.30933	1	0.51655	0.30308	1	0.45621	0.54838	12.42021	1.06645	1	0.72004	0.57119	13.47641	1.06645	1	-0.01125	-0.01217	0.68193	0.00400	1	0.05779	-0.01705	0.68687	0.00394	1	1.45898	0.81042	0	
1231574	8307.68848	3303876484254	0.50356	0.34836	8307.26758	0.42090	10803	1	0.54202	0.30346	1	0.49098	0.32247	1	0.51650	0.31297	1	0.45612	0.54781	12.26269	1.05844	1	0.72005	0.57097	13.41014	1.05078	1	-0.01089	-0.01184	0.66334	0.00413	1	0.05617	-0.01646	0.66707	0.00400	1	1.45898	0.81042	0	
1231575	8307.69531	3303876548540	0.50360	0.34747	8307.26758	0.42773	10803	1	0.51794	0.29359	1	0.49957	0.38631	1	0.50875	0.33995	1	0.45608	0.54794	12.16967	1.04276	1	0.72021	0.57130	13.31293	1.03510	1	-0.01089	-0.01184	0.66334	0.00412	1	0.05617	-0.01646	0.66707	0.00398	1	1.45898	0.81042	0	
1231576	8307.70215	3303876615256	0.50375	0.34673	8307.26758	0.43457	10803	1	0.53387	0.35208	1	0.50287	0.36721	1	0.51837	0.35964	1	0.45630	0.54849	12.46243	1.02708	1	0.72030	0.57109	13.16987	1.01942	1	-0.01089	-0.01184	0.66334	0.00393	1	0.05617	-0.01646	0.66707	0.00398	1	1.45898	0.81042	0	
1231577	8307.70898	3303876685349	0.50391	0.34599	8307.26758	0.44141	10803	1	0.53464	0.35825	1	0.50238	0.37350	1	0.51851	0.36587	1	0.45627	0.54867	13.27761	1.01942	1	0.72013	0.57120	13.46575	1.01177	1	-0.01128	-0.01231	0.68978	0.00385	1	0.05535	-0.01619	0.65622	0.00395	1	1.45898	0.81042	0	
1231578	8307.71582	3303876753863	0.50374	0.34508	8307.26758	0.44824	10803	1	0.51926	0.31888	1	0.46102	0.37766	1	0.49014	0.34827	1	0.45616	0.54828	12.67494	1.01978	1	0.71995	0.57117	13.16304	1.01978	1	-0.01128	-0.01231	0.68978	0.00395	1	0.05535	-0.01619	0.65622	0.00395	1	1.45898	0.81042	0	
1231579	8307.72266	3303876820176	0.50359	0.34459	8307.26758	0.45508	10803	1	0.52990	0.30384	1	0.46869	0.40820	1	0.49929	0.35602	1	0.45629	0.54821	12.63696	1.02780	1	0.72006	0.57137	13.43062	1.02780	1	-0.01128	-0.01231	0.68978	0.00413	1	0.05535	-0.01619	0.65622	0.00393	1	1.45898	0.81042	0	
1231580	8307.72949	3303876888040	0.50344	0.34391	8307.26758	0.46191	10803	1	0.52907	0.29701	1	0.46919	0.39611	1	0.49913	0.34656	1	0.45624	0.54811	12.56712	1.03582	1	0.71997	0.57131	13.40549	1.04347	1	-0.01128	-0.01231	0.68978	0.00414	1	0.05693	-0.01664	0.67428	0.00395	1	1.45898	0.81042	0	
1231581	8307.73633	3303876954618	0.50350	0.34158	8307.26758	0.46875	10803	1	0.53907	0.24636	1	0.47452	0.32792	1	0.50679	0.28714	1	0.45645	0.54765	12.47029	1.04347	1	0.72014	0.57091	13.31930	1.05113	1	-0.01128	-0.01231	0.68978	0.00426	1	0.05693	-0.01664	0.67428	0.00407	1	1.45898	0.81042	0	
1231582	8307.74316	3303877021971	0.50330	0.34059	8307.26758	0.47559	10803	1	0.54177	0.25611	1	0.47023	0.32239	1	0.50600	0.28925	1	0.45654	0.54781	12.95578	1.05113	1	0.72006	0.57103	13.27155	1.05879	1	-0.01128	-0.01231	0.68978	0.00427	1	0.05693	-0.01664	0.67428	0.00404	1	1.45898	0.81042	0	
1231583	8307.74902	3303877089100	0.50309	0.33966	8307.26758	0.48145	10803	1	0.54180	0.25642	1	0.47022	0.32268	1	0.50601	0.28955	1	0.45659	0.54745	12.91305	1.05078	1	0.72011	0.57105	13.43347	1.05844	1	-0.01069	-0.01173	0.65718	0.00437	1	0.05693	-0.01664	0.67428	0.00402	1	1.45898	0.81042	0	
1231584	8307.75586	3303877155706	0.50297	0.33838	8307.26758	0.48828	10803	1	0.53642	0.21648	1	0.46525	0.36090	1	0.50083	0.28869	1	0.45651	0.54748	12.78415	1.05042	1	0.72036	0.57125	14.15705	1.05042	1	-0.01069	-0.01173	0.65718	0.00427	1	0.05693	-0.01664	0.67428	0.00400	1	1.45898	0.81042	0	
1231585	8307.76270	3303877218851	0.50263	0.33781	8307.26758	0.49512	10803	1	0.52651	0.28097	1	0.47184	0.33722	1	0.49918	0.30910	1	0.45647	0.54759	12.81250	1.04240	1	0.72042	0.57113	14.06353	1.04240	1	-0.01069	-0.01173	0.65718	0.00422	1	0.05693	-0.01664	0.67428	0.00402	1	1.45898	0.81042	0	
1231586	8307.76953	3303877289578	0.50229	0.33751	8307.26758	0.50195	10803	1	0.52735	0.28788	1	0.47157	0.34387	1	0.49946	0.31588	1	0.45675	0.54810	13.01105	1.03439	1	0.72069	0.57123	13.49261	1.03439	1	-0.01069	-0.01173	0.65718	0.00401	1	0.05768	-0.01681	0.68321	0.00413	1	1.45898	0.81042	0	
1231587	8307.77637	3303877356820	0.50255	0.33789	8307.26758	0.50879	10803	1	0.53310	0.33111	1	0.49585	0.35691	1	0.51447	0.34401	1	0.45665	0.54804	13.10777	1.03439	1	0.72086	0.57114	13.21492	1.03439	1	-0.01069	-0.01173	0.65718	0.00398	1	0.05768	-0.01681	0.68321	0.00420	1	1.45898	0.81042	0	
1231588	8307.78320	3303877424343	0.50256	0.33716	8307.26758	0.51562	10803	1	0.53008	0.28330	1	0.47595	0.34833	1	0.50301	0.31581	1	0.45671	0.54750	12.83612	1.03439	1	0.72053	0.57102	13.73995	1.03439	1	-0.01069	-0.01173	0.65718	0.00424	1	0.05768	-0.01681	0.68321	0.00403	1	1.45898	0.81042	0	
1231589	8307.79004	3303877491012	0.50255	0.33628	8307.26758	0.52246	10803	1	0.52926	0.27635	1	0.47626	0.34171	1	0.50276	0.30903	1	0.45648	0.54669	12.78588	1.04240	1	0.72086	0.57090	13.13264	1.04240	1	-0.01096	-0.01208	0.67652	0.00431	1	0.05768	-0.01681	0.68321	0.00402	1	1.45898	0.81042	0	
1231590	8307.79590	3303877558045	0.50272	0.33549	8307.26758	0.52832	10803	1	0.51815	0.29819	1	0.49504	0.33734	1	0.50660	0.31776	1	0.45658	0.54761	12.96923	1.05042	1	0.72092	0.57101	13.33676	1.05042	1	-0.01096	-0.01208	0.67652	0.00397	1	0.05768	-0.01681	0.68321	0.00400	1	1.45898	0.81042	0	
1231591	8307.80273	3303877625290	0.50378	0.30887	8307.26758	0.52832	10803	0	0.50790	0.23569	1	0.49421	0.35164	1	0.50106	0.29366	1	0.45648	0.54669	12.78588	1.05844	1	0.72085	0.57105	13.38835	1.05844	1	-0.01096	-0.01208	0.67652	0.00431	1	0.05768	-0.01681	0.68321	0.00398	1	1.45898	0.81042	0	
1231592	8307.80957	3303877691850	0.50229	0.29786	8307.26758	0.52832	10803	0	0.50696	0.22853	1	0.49465	0.34519	1	0.50080	0.28686	1	0.45664	0.54742	13.11154	1.06645	1	0.72096	0.57103	13.41965	1.06645	1	-0.01096	-0.01208	0.67652	0.00408	1	0.05768	-0.01681	0.68321	0.00397	1	1.45898	0.81042	0	
1231593	8307.81641	3303877759088	0.50732	0.29608	8307.26758	0.52832	10803	0	0.52945	0.29410	1	0.50529	0.29092	1	0.51737	0.29251	1	0.45678	0.54789	12.86392	1.06645	1	0.72097	0.57073	13.26476	1.06645	1	-0.01096	-0.01208	0.67652	0.00389	1	0.05768	-0.01681	0.68321	0.00411	1	1.45898	0.81042	0	
1231594	8307.82324	3303877825860	0.50608	0.28618	8307.80273	0.02051	10804	1	0.52206	0.21985	1	0.48270	0.29312	1	0.50238	0.25649	1	0.45670	0.54709	11.78647	1.06645	1	0.72069	0.57062	13.63091	1.06645	1	-0.01096	-0.01208	0.67652	0.00417	1	0.05768	-0.01681	0.68321	0.00412	1	1.45898	0.81042	0	
1231595	8307.83008	3303877893305	0.50534	0.28024	8307.80273	0.02734	10804	1	0.52206	0.21985	1	0.48270	0.29312	1	0.50238	0.25649	1	0.45669	0.54797	12.91027	1.06645	1	0.72069	0.57102	13.79064	1.06645	1	-0.01096	-0.01208	0.67652	0.00385	1	0.05768	-0.01681	0.68321	0.00396	1	1.45898	0.81042	0	
1231596	8307.83691	3303877959901	0.50505	0.28072	8307.80273	0.03418	10804	1	0.50954	0.23360	1	0.49762	0.33268	1	0.50358	0.28314	1	0.45649	0.54694	12.82408	1.06645	1	0.72095	0.57105	13.40370	1.06645	1	-0.01096	-0.01208	0.67652	0.00423	1	0.05768	-0.01681	0.68321	0.00399	1	1.45898	0.81042	0	
1231597	8307.84277	3303878026741	0.50529	0.28956	8307.80273	0.04004	10804	1	0.51948	0.36506	1	0.49404	0.32005	1	0.50676	0.34255	1	0.45650	0.54806	13.01992	1.06645	1	0.72085	0.57110	13.40075	1.06645	1	-0.01096	-0.01208	0.67652	0.00375	1	0.05768	-0.01681	0.68321	0.00397	1	1.45898	0.81042	0	
1231598	8307.84961	3303878093342	0.50550	0.29698	8307.80273	0.04688	10804	1	0.52035	0.37119	1	0.49361	0.32669	1	0.50698	0.34894	1	0.45644	0.54707	12.55982	1.05844	1	0.72079	0.57074	13.26312	1.05844	1	-0.01073	-0.01188	0.66566	0.00428	1	0.05732	-0.01667	0.67767	0.00399	1	1.45898	0.81042	0	
1231599	8307.85645	3303878161093	0.50524	0.30020	8307.80273	0.05371	10804	1	0.51052	0.38188	1	0.49572	0.27004	1	0.50312	0.32596	1	0.45630	0.54823	12.87971	1.05042	1	0.72089	0.57027	12.99660	1.05042	1	-0.01073	-0.01188	0.66566	0.00397	1	0.05732	-0.01667	0.67767	0.00423	1	1.45898	0.81042	0	
1231600	8307.86328	3303878224351	0.50510	0.30209	8307.80273	0.06055	10804	1	0.51745	0.29976	1	0.49029	0.33850	1	0.50387	0.31913	1	0.45647	0.54758	12.89832	1.04240	1	0.72084	0.57082	13.33744	1.04240	1	-0.01073	-0.01188	0.66566	0.00402	1	0.05732	-0.01667	0.67767	0.00400	1	1.45898	0.81042	0	
1231601	8307.87012	3303878293015	0.50499	0.30454	8307.80273	0.06738	10804	1	0.51835	0.30653	1	0.48948	0.35150	1	0.50391	0.32902	1	0.45644	0.54788	12.96019	1.03439	1	0.72077	0.57087	13.25429	1.02673	1	-0.01066	-0.01176	0.66147	0.00363	1	0.05704	-0.01661	0.67505	0.00403	1	1.45898	0.81042	0	
1231602	8307.87695	3303878359966	0.50545	0.30730	8307.80273	0.07422	10804	1	0.53187	0.34769	1	0.48914	0.32755	1	0.51051	0.33762	1	0.45667	0.54763	13.10689	1.02673	1	0.72081	0.57085	13.21956	1.01907	1	-0.01066	-0.01176	0.66147	0.00376	1	0.05704	-0.01661	0.67505	0.00400	1	1.45898	0.81042	0	
1231603	8307.88281	3303878424425	0.50475	0.31071	8307.80273	0.08008	10804	1	0.51613	0.33862	1	0.47641	0.36478	1	0.49627	0.35170	1	0.45680	0.54799	12.37839	1.01907	1	0.72054	0.57114	13.77740	1.01141	1	-0.01066	-0.01176	0.66147	0.00373	1	0.05704	-0.01661	0.67505	0.00394	1	1.45898	0.81042	0	
1231604	8307.88965	3303878492761	0.50416	0.31409	8307.80273	0.08691	10804	1	0.51702	0.34495	1	0.47610	0.37112	1	0.49656	0.35803	1	0.45724	0.54790	13.15515	1.01141	1	0.72080	0.57050	13.18898	1.00375	1	-0.01073	-0.01178	0.66566	0.00370	1	0.05577	-0.01621	0.65885	0.00419	1	1.45898	0.81042	0	
1231605	8307.89648	3303878559134	0.50351	0.31748	8307.80273	0.09375	10804	1	0.52081	0.39353	1	0.46783	0.33622	1	0.49432	0.36488	1	0.45697	0.54808	13.20463	1.00375	1	0.72079	0.57035	13.19135	1.00375	1	-0.01073	-0.01178	0.66566	0.00365	1	0.05577	-0.01621	0.65885	0.00433	1	1.45898	0.81042	0	
1231606	8307.90332	3303878625014	0.50330	0.31544	8307.80273	0.10059	10804	1	0.51030	0.23858	1	0.49004	0.33109	1	0.50017	0.28484	1	0.45672	0.54611	11.98742	1.00375	1	0.72079	0.57035	13.19135	1.00375	1	-0.01073	-0.01178	0.66566	0.00431	1	0.05577	-0.01621	0.65885	0.00433	1	1.45898	0.81042	0	
1231607	8307.90918	3303878691750	0.50311	0.31302	8307.80273	0.10645	10804	1	0.50932	0.23106	1	0.49088	0.31747	1	0.50010	0.27426	1	0.45676	0.54627	12.02238	1.01177	1	0.72077	0.57059	13.13112	1.01942	1	-0.01091	-0.01214	0.67988	0.00426	1	0.05749	-0.01669	0.67849	0.00417	1	1.45898	0.81042	0	
1231608	8307.91699	3303878760241	0.50268	0.31406	8307.80273	0.11426	10804	1	0.51480	0.37106	1	0.47598	0.29238	1	0.49539	0.33172	1	0.45670	0.54763	12.21983	1.02744	1	0.72086	0.57036	13.13770	1.03510	1	-0.01091	-0.01214	0.67988	0.00382	1	0.05749	-0.01669	0.67849	0.00424	1	1.45898	0.81042	0	
1231609	8307.92383	3303878829602	0.50200	0.31352	8307.80273	0.12109	10804	1	0.50830	0.30995	1	0.47121	0.29781	1	0.48976	0.30388	1	0.45674	0.54763	11.95563	1.04312	1	0.72079	0.57052	13.09645	1.05078	1	-0.01091	-0.01214	0.67988	0.00373	1	0.05749	-0.01669	0.67849	0.00419	1	1.45898	0.81042	0	
1231610	8307.93066	3303878897986	0.50135	0.31237	8307.80273	0.12793	10804	1	0.50643	0.29686	1	0.47175	0.28434	1	0.48909	0.29060	1	0.45734	0.54764	13.01583	1.05879	1	0.72086	0.57036	13.13770	1.06645	1	-0.01091	-0.01214	0.67988	0.00376	1	0.05749	-0.01669	0.67849	0.00425	1	1.45898	0.81042	0	
1231611	8307.93652	3303878964368	0.50161	0.31194	8307.80273	0.13379	10804	1	0.52706	0.28843	1	0.48649	0.31810	1	0.50678	0.30327	1	0.45718	0.54733	12.97001	1.06645	1	0.72111	0.57098	13.53206	1.06645	1	-0.01091	-0.01214	0.67988	0.00377	1	0.05749	-0.01669	0.67849	0.00405	1	1.45898	0.81042	0	
1231612	8307.94336	3303879031777	0.50189	0.31162	8307.80273	0.14062	10804	1	0.55275	0.29954	1	0.46270	0.31006	1	0.50773	0.30480	1	0.45737	0.54761	13.20120	1.06645	1	0.72111	0.57092	13.86977	1.06645	1	-0.01091	-0.01214	0.67988	0.00374	1	0.05749	-0.01669	0.67849	0.00423	1	1.45898	0.81042	0	
1231613	8307.95020	3303879099120	0.50214	0.31132	8307.80273	0.14746	10804	1	0.55275	0.29954	1	0.46270	0.31006	1	0.50773	0.30480	1	0.45737	0.54766	13.24741	1.06645	1	0.72122	0.57106	14.08556	1.06645	1	-0.01091	-0.01214	0.67988	0.00371	1	0.05749	-0.01669	0.67849	0.00418	1	1.45898	0.81042	0	
1231614	8307.95703	3303879165285	0.50164	0.31154	8307.80273	0.15430	10804	1	0.51957	0.29058	1	0.46032	0.34248	1	0.48995	0.31653	1	0.45732	0.54768	13.37315	1.06645	1	0.72113	0.57126	14.15873	1.06645	1	-0.01091	-0.01214	0.67988	0.00371	1	0.05749	-0.01669	0.67849	0.00410	1	1.45898	0.81042	0	
1231615	8307.96387	3303879233176	0.50092	0.31027	8307.80273	0.16113	10804	1	0.50159	0.22638	1	0.46606	0.33317	1	0.48383	0.27978	1	0.45726	0.54745	12.87480	1.06645	1	0.72117	0.57116	14.20303	1.06645	1	-0.01091	-0.01214	0.67988	0.00410	1	0.05749	-0.01669	0.67849	0.00415	1	1.45898	0.81042	0	
1231616	8307.97070	3303879300615	0.50028	0.30936	8307.80273	0.16797	10804	1	0.50257	0.23356	1	0.46583	0.33970	1	0.48420	0.28663	1	0.45731	0.54703	12.76387	1.05844	1	0.72117	0.57116	14.20303	1.05844	1	-0.01051	-0.01174	0.65798	0.00425	1	0.05749	-0.01669	0.67849	0.00415	1	1.45898	0.81042	0	
1231617	8307.97754	3303879366891	0.49991	0.30852	8307.80273	0.17480	10804	1	0.50886	0.26379	1	0.47161	0.30991	1	0.49023	0.28685	1	0.45729	0.54751	12.90435	1.05042	1	0.72129	0.57078	14.01892	1.05042	1	-0.01051	-0.01174	0.65798	0.00419	1	0.05749	-0.01669	0.67849	0.00405	1	1.45898	0.81042	0	
1231618	8307.98340	3303879433844	0.49979	0.30926	8307.80273	0.18066	10804	1	0.52023	0.29852	1	0.47295	0.35959	1	0.49659	0.32906	1	0.45736	0.54738	12.75280	1.04240	1	0.72133	0.57111	14.28226	1.04240	1	-0.01051	-0.01174	0.65798	0.00420	1	0.05749	-0.01669	0.67849	0.00393	1	1.45898	0.81042	0	
1231619	8307.99023	3303879499026	0.49967	0.31005	8307.80273	0.18750	10804	1	0.52023	0.29852	1	0.47268	0.36578	1	0.49646	0.33215	1	0.45714	0.54672	12.47233	1.04240	1	0.72145	0.57096	13.86052	1.03474	1	-0.01072	-0.01203	0.67418	0.00436	1	0.05658	-0.01646	0.66715	0.00395	1	1.45898	0.81042	0	
1231620	8307.99707	3303879565985	0.49964	0.31093	8307.80273	0.19434	10804	1	0.50508	0.31598	1	0.49215	0.35740	1	0.49861	0.33669	1	0.45714	0.54791	12.62949	1.04276	1	0.72166	0.57104	13.39001	1.03510	1	-0.01072	-0.01203	0.67418	0.00403	1	0.05658	-0.01646	0.66715	0.00398	1	1.45898	0.81042	0	
1231621	8308.00391	3303879634438	0.49898	0.31137	8307.80273	0.20117	10804	1	0.48105	0.31509	1	0.47743	0.33373	1	0.47924	0.32441	1	0.45704	0.54760	13.13763	1.04312	1	0.72134	0.57135	14.35775	1.03546	1	-0.01072	-0.01203	0.67418	0.00437	1	0.05658	-0.01646	0.66715	0.00389	1	1.45898	0.81042	0	
1231622	8308.01074	3303879701881	0.49838	0.31198	8307.80273	0.20801	10804	1	0.48213	0.32146	1	0.47712	0.34015	1	0.47963	0.33080	1	0.45757	0.54803	12.06484	1.03546	1	0.72138	0.57096	13.42804	1.02780	1	-0.01050	-0.01184	0.66339	0.00426	1	0.05643	-0.01649	0.66422	0.00389	1	1.45898	0.81042	0	
1231623	8308.01758	3303879768397	0.49837	0.31218	8307.80273	0.21484	10804	1	0.52428	0.31403	1	0.47173	0.32314	1	0.49801	0.31858	1	0.45770	0.54816	12.56050	1.01978	1	0.72163	0.57109	13.66701	1.01978	1	-0.01050	-0.01184	0.66339	0.00409	1	0.05643	-0.01649	0.66422	0.00391	1	1.45898	0.81042	0	
1231624	8308.02441	3303879834821	0.49819	0.31288	8307.80273	0.22168	10804	1	0.51158	0.32520	1	0.47338	0.34690	1	0.49248	0.33605	1	0.45762	0.54803	12.37802	1.01177	1	0.72166	0.57129	13.39417	1.01177	1	-0.01050	-0.01184	0.66339	0.00415	1	0.05643	-0.01649	0.66422	0.00388	1	1.45898	0.81042	0	
1231625	8308.03027	3303879902365	0.49803	0.31345	8307.80273	0.22754	10804	1	0.51158	0.32520	1	0.47367	0.34043	1	0.49263	0.33281	1	0.45769	0.54786	12.32185	1.01177	1	0.72154	0.57137	13.47548	1.01942	1	-0.01080	-0.01224	0.68593	0.00415	1	0.05761	-0.01687	0.67750	0.00376	1	1.45898	0.81042	0	
1231626	8308.03711	3303879968937	0.49825	0.31402	8307.80273	0.23438	10804	1	0.53272	0.28703	1	0.47866	0.38090	1	0.50569	0.33396	1	0.45794	0.54777	12.87107	1.02744	1	0.72182	0.57192	14.08966	1.03510	1	-0.01080	-0.01224	0.68593	0.00416	1	0.05761	-0.01687	0.67750	0.00419	1	1.45898	0.81042	0	
1231627	8308.04395	3303880036172	0.49796	0.31417	8307.80273	0.24121	10804	1	0.54068	0.29062	1	0.43460	0.34865	1	0.48764	0.31963	1	0.45806	0.54800	12.68423	1.04312	1	0.72144	0.57206	13.42203	1.05078	1	-0.01080	-0.01224	0.68593	0.00415	1	0.05761	-0.01687	0.67750	0.00417	1	1.45898	0.81042	0	
1231628	8308.05078	3303880103278	0.49768	0.31415	8307.80273	0.24805	10804	1	0.53997	0.28410	1	0.43460	0.34245	1	0.48729	0.31328	1	0.45797	0.54797	12.69985	1.05078	1	0.72186	0.57197	14.00399	1.05844	1	-0.01030	-0.01173	0.65695	0.00406	1	0.05761	-0.01687	0.67750	0.00415	1	1.45898	0.81042	0	
1231629	8308.05762	3303880170289	0.49760	0.31428	8307.80273	0.25488	10804	1	0.53122	0.28406	1	0.45808	0.35473	1	0.49465	0.31940	1	0.45790	0.54801	13.24695	1.05042	1	0.72196	0.57216	14.31231	1.05042	1	-0.01030	-0.01173	0.65695	0.00405	1	0.05761	-0.01687	0.67750	0.00407	1	1.45898	0.81042	0	
1231630	8308.06445	3303880237141	0.49734	0.31501	8307.80273	0.26172	10804	1	0.52036	0.33074	1	0.45388	0.35606	1	0.48712	0.34340	1	0.45790	0.54865	13.12177	1.04240	1	0.72187	0.57208	14.50676	1.04240	1	-0.01030	-0.01173	0.65695	0.00392	1	0.05761	-0.01687	0.67750	0.00411	1	1.45898	0.81042	0	
1231631	8308.07031	3303880300624	0.49710	0.31594	8307.80273	0.26758	10804	1	0.52124	0.33727	1	0.45360	0.36875	1	0.48742	0.35301	1	0.45814	0.54847	13.37137	1.03439	1	0.72201	0.57159	13.98974	1.02673	1	-0.01020	-0.01173	0.65710	0.00400	1	0.05611	-0.01642	0.65927	0.00428	1	1.45898	0.81042	0	
1231632	8308.07715	3303880368109	0.49708	0.31697	8307.80273	0.27441	10804	1	0.52653	0.33183	1	0.46652	0.38655	1	0.49653	0.35919	1	0.45821	0.54817	13.26510	1.02673	1	0.72201	0.57225	14.44897	1.01907	1	-0.01020	-0.01173	0.65710	0.00392	1	0.05611	-0.01642	0.65927	0.00389	1	1.45898	0.81042	0	
1231633	8308.08398	3303880438169	0.49697	0.31771	8307.80273	0.28125	10804	1	0.50892	0.36312	1	0.47514	0.33492	1	0.49203	0.34902	1	0.45814	0.54853	13.53736	1.01907	1	0.72209	0.57153	14.21030	1.01141	1	-0.01020	-0.01173	0.65710	0.00394	1	0.05611	-0.01642	0.65927	0.00416	1	1.45898	0.81042	0	
1231634	8308.09082	3303880505060	0.49686	0.31863	8307.80273	0.28809	10804	1	0.50986	0.36927	1	0.47457	0.34731	1	0.49222	0.35829	1	0.45816	0.54860	13.47070	1.01141	1	0.72237	0.57177	13.43544	0.99694	1	-0.01020	-0.01173	0.65710	0.00400	1	0.05447	-0.01597	0.63955	0.00411	1	1.45898	0.81042	0	
1231635	8308.09766	3303880568337	0.49671	0.31903	8307.80273	0.29492	10804	1	0.51143	0.31954	1	0.46869	0.35337	1	0.49006	0.33646	1	0.45833	0.54816	12.16726	0.99694	1	0.72234	0.57133	13.22506	0.99013	1	-0.01020	-0.01173	0.65710	0.00397	1	0.05447	-0.01597	0.63955	0.00423	1	1.45898	0.81042	0	
1231636	8308.10449	3303880639127	0.49663	0.31939	8307.80273	0.30176	10804	1	0.52140	0.33187	1	0.46535	0.33980	1	0.49338	0.33583	1	0.45838	0.54837	12.10549	0.99013	1	0.72228	0.57118	13.20138	0.98332	1	-0.01020	-0.01173	0.65710	0.00393	1	0.05447	-0.01597	0.63955	0.00429	1	1.45898	0.81042	0	
1231637	8308.11133	3303880706272	0.49657	0.31959	8307.80273	0.30859	10804	1	0.52126	0.33083	1	0.46583	0.32607	1	0.49355	0.32845	1	0.45884	0.54860	13.19947	0.99134	1	0.72287	0.57185	13.86780	0.99900	1	-0.01049	-0.01223	0.67925	0.00385	1	0.05860	-0.01725	0.68673	0.00411	1	1.45898	0.81042	0	
1231638	8308.11816	3303880773396	0.49707	0.31964	8307.80273	0.31543	10804	1	0.54385	0.33848	1	0.49715	0.30588	1	0.52050	0.32218	1	0.45894	0.54836	13.08492	1.00702	1	0.72291	0.57187	14.03003	1.02148	1	-0.01049	-0.01223	0.67925	0.00386	1	0.05860	-0.01725	0.68673	0.00410	1	1.45898	0.81042	0	
1231639	8308.12402	3303880840141	0.49711	0.31935	8307.80273	0.32129	10804	1	0.51736	0.31053	1	0.49467	0.27938	1	0.50602	0.29495	1	0.45871	0.54835	13.09487	1.02950	1	0.72277	0.57197	14.31446	1.04397	1	-0.01049	-0.01223	0.67925	0.00381	1	0.05860	-0.01725	0.68673	0.00398	1	1.45898	0.81042	0	
1231640	8308.13086	3303880906906	0.49721	0.31926	8307.80273	0.32812	10804	1	0.51572	0.29831	1	0.49548	0.26657	1	0.50560	0.28244	1	0.45895	0.54831	13.22085	1.04397	1	0.72265	0.57229	14.14112	1.05844	1	-0.01005	-0.01172	0.65371	0.00386	1	0.05860	-0.01731	0.68673	0.00397	1	1.45898	0.81042	0	
1231641	8308.13770	3303880974098	0.49679	0.31957	8307.80273	0.33496	10804	1	0.52848	0.29001	1	0.46600	0.32487	1	0.49724	0.30744	1	0.45901	0.54839	13.31211	1.05042	1	0.72273	0.57244	14.07080	1.05042	1	-0.01005	-0.01172	0.65371	0.00394	1	0.05860	-0.01731	0.68673	0.00410	1	1.45898	0.81042	0	
1231642	8308.14453	3303881041067	0.49672	0.32111	8307.80273	0.34180	10804	1	0.53391	0.32531	1	0.46398	0.33566	1	0.49894	0.33048	1	0.45905	0.54855	13.77116	1.04240	1	0.72272	0.57248	14.04859	1.04240	1	-0.01005	-0.01172	0.65371	0.00392	1	0.05860	-0.01731	0.68673	0.00409	1	1.45898	0.81042	0	
1231643	8308.15137	3303881107676	0.49666	0.32279	8307.80273	0.34863	10804	1	0.53470	0.33188	1	0.46376	0.34231	1	0.49923	0.33709	1	0.45919	0.54878	13.79391	1.03439	1	0.72283	0.57233	13.73614	1.03439	1	-0.01008	-0.01187	0.66237	0.00379	1	0.05860	-0.01731	0.68673	0.00411	1	1.45898	0.81042	0	
1231644	8308.15820	3303881174694	0.49684	0.32474	8307.80273	0.35547	10804	1	0.55474	0.36286	1	0.46968	0.39027	1	0.51221	0.37657	1	0.45940	0.54872	13.69458	1.03439	1	0.72291	0.57286	14.50640	1.03439	1	-0.01008	-0.01187	0.66237	0.00391	1	0.05860	-0.01731	0.68673	0.00408	1	1.45898	0.81042	0	
1231645	8308.16504	3303881241923	0.49669	0.32473	8307.80273	0.36230	10804	1	0.51985	0.33869	1	0.47931	0.34590	1	0.49958	0.34230	1	0.45876	0.54879	13.15440	1.03439	1	0.72296	0.57235	13.94902	1.03439	1	-0.01008	-0.01187	0.66237	0.00403	1	0.05860	-0.01731	0.68673	0.00408	1	1.45898	0.81042	0	
1231646	8308.17090	3303881308974	0.49653	0.32459	8307.80273	0.36816	10804	1	0.51985	0.33869	1	0.47931	0.34590	1	0.49958	0.34230	1	0.45890	0.54843	13.15388	1.03439	1	0.72293	0.57265	13.62830	1.03439	1	-0.01000	-0.01183	0.65730	0.00414	1	0.05860	-0.01731	0.68673	0.00393	1	1.45898	0.81042	0	
1231647	8308.17773	3303881376332	0.49642	0.32436	8307.80273	0.37500	10804	1	0.52192	0.30103	1	0.47353	0.32824	1	0.49773	0.31464	1	0.45891	0.54803	13.19665	1.03439	1	0.72288	0.57266	14.14270	1.03439	1	-0.01000	-0.01183	0.65730	0.00416	1	0.05860	-0.01731	0.68673	0.00399	1	1.45898	0.81042	0	
1231648	8308.18457	3303881442930	0.49605	0.32454	8307.80273	0.38184	10804	1	0.50462	0.31555	1	0.46744	0.34005	1	0.48603	0.32780	1	0.45854	0.54875	12.77161	1.03439	1	0.72276	0.57280	14.14933	1.03439	1	-0.01000	-0.01183	0.65730	0.00388	1	0.05860	-0.01731	0.68673	0.00392	1	1.45898	0.81042	0	
1231649	8308.19141	3303881509861	0.49568	0.32451	8307.80273	0.38867	10804	1	0.50462	0.31555	1	0.46744	0.34005	1	0.48603	0.32780	1	0.45875	0.54852	12.73311	1.03439	1	0.72293	0.57236	13.76583	1.03439	1	-0.01008	-0.01197	0.66237	0.00376	1	0.05860	-0.01731	0.68673	0.00417	1	1.45898	0.81042	0	
1231650	8308.19824	3303881576623	0.49584	0.32384	8307.80273	0.39551	10804	1	0.55551	0.31261	1	0.48133	0.29810	1	0.51842	0.30536	1	0.45945	0.54850	12.40368	1.03439	1	0.72299	0.57230	13.75711	1.03439	1	-0.01008	-0.01197	0.66237	0.00387	1	0.05860	-0.01731	0.68673	0.00419	1	1.45898	0.81042	0	
1231651	8308.20508	3303881643770	0.49564	0.32288	8307.80273	0.40234	10804	1	0.49409	0.29737	1	0.47890	0.31339	1	0.48649	0.30538	1	0.45884	0.54837	12.87856	1.03439	1	0.72298	0.57239	13.92109	1.03439	1	-0.01008	-0.01197	0.66237	0.00387	1	0.05860	-0.01731	0.68673	0.00414	1	1.45898	0.81042	0	
1231652	8308.21191	3303881710730	0.49543	0.32178	8307.80273	0.40918	10804	1	0.49409	0.29737	1	0.47890	0.31339	1	0.48649	0.30538	1	0.45905	0.54853	13.27695	1.03439	1	0.72289	0.57302	14.20268	1.03439	1	-0.01000	-0.01193	0.65730	0.00388	1	0.05860	-0.01731	0.68673	0.00387	1	1.45898	0.81042	0	
1231653	8308.21777	3303881775815	0.49548	0.31934	8307.80273	0.41504	10804	1	0.51213	0.21268	1	0.48128	0.28276	1	0.49671	0.24772	1	0.45907	0.54853	13.32957	1.03439	1	0.72299	0.57215	13.92347	1.03439	1	-0.01000	-0.01193	0.65730	0.00381	1	0.05860	-0.01731	0.68673	0.00417	1	1.45898	0.81042	0	
1231654	8308.22461	3303881844295	0.49547	0.32024	8307.80273	0.42188	10804	1	0.51859	0.32303	1	0.48062	0.33351	1	0.49960	0.32827	1	0.45914	0.54857	13.32784	1.03439	1	0.72298	0.57271	14.03906	1.03439	1	-0.01000	-0.01193	0.65730	0.00384	1	0.05860	-0.01731	0.68673	0.00404	1	1.45898	0.81042	0	
1231655	8308.23145	3303881911640	0.49546	0.32137	8307.80273	0.42871	10804	1	0.51859	0.32303	1	0.48062	0.33351	1	0.49960	0.32827	1	0.45903	0.54890	13.17422	1.03439	1	0.72291	0.57254	14.09405	1.03439	1	-0.01000	-0.01193	0.65730	0.00396	1	0.05860	-0.01731	0.68673	0.00436	1	1.45898	0.81042	0	
1231656	8308.23828	3303881979065	0.49526	0.32145	8307.80273	0.43555	10804	1	0.49531	0.34847	1	0.47695	0.32273	1	0.48613	0.33560	1	0.45886	0.54913	13.04111	1.03439	1	0.72288	0.57231	14.11497	1.03439	1	-0.01000	-0.01193	0.65730	0.00389	1	0.05860	-0.01731	0.68673	0.00447	1	1.45898	0.81042	0	
1231657	8308.24512	3303882046047	0.49529	0.32198	8307.80273	0.44238	10804	1	0.50468	0.35016	1	0.47714	0.30810	1	0.49091	0.32913	1	0.45913	0.54921	14.13560	1.03439	1	0.72291	0.57250	14.05159	1.03439	1	-0.01000	-0.01193	0.65730	0.00386	1	0.05860	-0.01731	0.68673	0.00442	1	1.45898	0.81042	0	
1231658	8308.25195	3303882111517	0.49532	0.32278	8307.80273	0.44922	10804	1	0.50468	0.35016	1	0.47714	0.30810	1	0.49091	0.32913	1	0.45876	0.54932	13.37849	1.03439	1	0.72285	0.57311	14.20769	1.03439	1	-0.01000	-0.01193	0.65730	0.00389	1	0.05860	-0.01731	0.68673	0.00416	1	1.45898	0.81042	0	
1231659	8308.25879	3303882179460	0.49483	0.32350	8307.80273	0.45605	10804	1	0.48853	0.34699	1	0.47790	0.32914	1	0.48321	0.33807	1	0.45886	0.54928	13.14195	1.03439	1	0.72289	0.57261	14.07662	1.03439	1	-0.01000	-0.01193	0.65730	0.00388	1	0.05860	-0.01731	0.68673	0.00438	1	1.45898	0.81042	0	
1231660	8308.26465	3303882246428	0.49445	0.32399	8307.80273	0.46191	10804	1	0.50972	0.30065	1	0.46916	0.35574	1	0.48944	0.32820	1	0.45909	0.54831	12.10576	1.03439	1	0.72284	0.57315	14.16911	1.03439	1	-0.01000	-0.01193	0.65730	0.00440	1	0.05860	-0.01731	0.68673	0.00416	1	1.45898	0.81042	0	
1231661	8308.27148	3303882309825	0.49407	0.32448	8307.80273	0.46875	10804	1	0.50972	0.30065	1	0.46916	0.35574	1	0.48944	0.32820	1	0.45871	0.54866	13.06739	1.03439	1	0.72285	0.57311	14.20769	1.03439	1	-0.01000	-0.01193	0.65730	0.00433	1	0.05860	-0.01731	0.68673	0.00416	1	1.45898	0.81042	0	
1231662	8308.27832	3303882377564	0.49425	0.32530	8307.80273	0.47559	10804	1	0.53207	0.31992	1	0.46492	0.39235	1	0.49849	0.35614	1	0.45895	0.54908	13.04545	1.03439	1	0.72277	0.57336	14.60696	1.03439	1	-0.01000	-0.01193	0.65730	0.00407	1	0.05860	-0.01731	0.68673	0.00410	1	1.45898	0.81042	0	
1231663	8308.28516	3303882445338	0.49450	0.32614	8307.80273	0.48242	10804	1	0.51860	0.33703	1	0.47298	0.30304	1	0.49579	0.32003	1	0.45877	0.54900	13.83222	1.03439	1	0.72285	0.57311	14.20769	1.03439	1	-0.01000	-0.01193	0.65730	0.00411	1	0.05860	-0.01731	0.68673	0.00416	1	1.45898	0.81042	0	
1231664	8308.29199	3303882510670	0.49473	0.32654	8307.80273	0.48926	10804	1	0.51668	0.32308	1	0.47360	0.28819	1	0.49514	0.30563	1	0.45877	0.54876	13.25163	1.05149	1	0.72284	0.57308	14.17561	1.05149	1	-0.01061	-0.01265	0.69684	0.00425	1	0.05860	-0.01736	0.68673	0.00417	1	1.45898	0.81042	0	
1231665	8308.29785	3303882578155	0.49467	0.32744	8307.80273	0.49512	10804	1	0.50953	0.32668	1	0.46543	0.33337	1	0.48748	0.33002	1	0.45873	0.54936	13.37080	1.06859	1	0.72279	0.57298	13.90743	1.06859	1	-0.01061	-0.01265	0.69684	0.00393	1	0.05860	-0.01736	0.68673	0.00414	1	1.45898	0.81042	0	
1231666	8308.30566	3303882653389	0.49484	0.32724	8307.80273	0.50293	10804	1	0.51409	0.31217	1	0.49514	0.32720	1	0.50462	0.31969	1	0.45880	0.54903	12.94060	1.08569	1	0.72282	0.57318	14.10031	1.08569	1	-0.01061	-0.01265	0.69684	0.00407	1	0.05860	-0.01736	0.68673	0.00415	1	1.45898	0.81042	0	
1231667	8308.31152	3303882713133	0.49501	0.32698	8307.80273	0.50879	10804	1	0.51409	0.31217	1	0.49514	0.32720	1	0.50462	0.31969	1	0.45879	0.54907	12.94971	1.08569	1	0.72273	0.57268	13.90698	1.08569	1	-0.01000	-0.01193	0.65730	0.00407	1	0.05860	-0.01741	0.68673	0.00422	1	1.45898	0.81042	0	
1231668	8308.31836	3303882778471	0.49483	0.32640	8307.80273	0.51562	10804	1	0.50560	0.27064	1	0.47501	0.34648	1	0.49031	0.30856	1	0.45875	0.54826	12.87475	1.06859	1	0.72254	0.57330	14.40942	1.06859	1	-0.01000	-0.01193	0.65730	0.00432	1	0.05860	-0.01741	0.68673	0.00404	1	1.45898	0.81042	0	
1231669	8308.32520	3303882848570	0.49535	0.32680	8307.80273	0.52246	10804	1	0.51796	0.35502	1	0.48967	0.33246	1	0.50381	0.34374	1	0.45884	0.54919	12.92375	1.05149	1	0.72273	0.57284	14.01973	1.05149	1	-0.01000	-0.01193	0.65730	0.00394	1	0.05860	-0.01741	0.68673	0.00409	1	1.45898	0.81042	0	
1231670	8308.33203	3303882912213	0.49586	0.32722	8307.80273	0.52930	10804	1	0.51897	0.36215	1	0.48921	0.33999	1	0.50409	0.35107	1	0.45878	0.54819	12.71392	1.04240	1	0.72295	0.57270	13.65989	1.04240	1	-0.01047	-0.01243	0.68470	0.00429	1	0.05860	-0.01736	0.68673	0.00409	1	1.45898	0.81042	0	
1231671	8308.33887	3303882983478	0.49598	0.32650	8307.80273	0.53613	10804	1	0.51027	0.25367	1	0.49798	0.31446	1	0.50412	0.28407	1	0.45876	0.54839	12.90241	1.05042	1	0.72290	0.57273	13.59606	1.05042	1	-0.01047	-0.01243	0.68470	0.00422	1	0.05860	-0.01736	0.68673	0.00407	1	1.45898	0.81042	0	
1231672	8308.34570	3303883050286	0.49621	0.32521	8307.80273	0.54297	10804	1	0.50043	0.23974	1	0.50646	0.30863	1	0.50344	0.27418	1	0.45870	0.54811	12.70065	1.05844	1	0.72296	0.57265	13.47115	1.05844	1	-0.01047	-0.01243	0.68470	0.00429	1	0.05860	-0.01736	0.68673	0.00410	1	1.45898	0.81042	0	
1231673	8308.35156	3303883113408	0.49643	0.32385	8307.80273	0.54883	10804	1	0.49944	0.23261	1	0.50698	0.30184	1	0.50321	0.26722	1	0.45865	0.54806	12.64766	1.06645	1	0.72260	0.57281	14.36333	1.06645	1	-0.01047	-0.01243	0.68470	0.00432	1	0.05860	-0.01746	0.68673	0.00423	1	1.45898	0.81042	0	
1231674	8308.35840	3303883182279	0.49638	0.32250	8307.80273	0.55566	10804	1	0.50774	0.24788	1	0.49860	0.29068	1	0.50317	0.26928	1	0.45880	0.54822	12.86448	1.06645	1	0.72284	0.57256	13.93834	1.06645	1	-0.01047	-0.01243	0.68470	0.00423	1	0.05860	-0.01746	0.68673	0.00420	1	1.45898	0.81042	0	
1231675	8308.36523	3303883249521	0.49632	0.32167	8307.80273	0.56250	10804	1	0.49635	0.22444	1	0.47287	0.33540	1	0.48461	0.27992	1	0.45868	0.54777	12.57752	1.06645	1	0.72245	0.57317	14.53182	1.06645	1	-0.01047	-0.01243	0.68470	0.00446	1	0.05860	-0.01746	0.68673	0.00399	1	1.45898	0.81042	0	
1231676	8308.37207	3303883311323	0.49626	0.32098	8307.80273	0.56934	10804	1	0.49635	0.22444	1	0.47287	0.33540	1	0.48461	0.27992	1	0.45867	0.54808	12.45739	1.06645	1	0.72222	0.57294	13.99901	1.06645	1	-0.01047	-0.01243	0.68470	0.00434	1	0.05860	-0.01736	0.68673	0.00411	1	1.45898	0.81042	0	
1231677	8308.37891	3303883382079	0.49611	0.32045	8307.80273	0.57617	10804	1	0.50202	0.27237	1	0.47317	0.31540	1	0.48759	0.29389	1	0.45866	0.54830	12.61292	1.06645	1	0.72244	0.57276	13.50380	1.06645	1	-0.01047	-0.01243	0.68470	0.00428	1	0.05860	-0.01736	0.68673	0.00414	1	1.45898	0.81042	0	
1231678	8308.38574	3303883450530	0.49629	0.31921	8307.80273	0.58301	10804	1	0.51555	0.22994	1	0.47543	0.33808	1	0.49549	0.28401	1	0.45894	0.54858	13.03256	1.06645	1	0.72251	0.57299	13.71112	1.06645	1	-0.01047	-0.01243	0.68470	0.00420	1	0.05860	-0.01736	0.68673	0.00406	1	1.45898	0.81042	0	
1231679	8308.39258	3303883516236	0.49646	0.31798	8307.80273	0.58984	10804	1	0.51644	0.23708	1	0.47484	0.35078	1	0.49564	0.29393	1	0.45887	0.54839	12.89981	1.05844	1	0.72228	0.57216	13.20138	1.05078	1	-0.01005	-0.01186	0.65371	0.00433	1	0.05643	-0.01668	0.66186	0.00429	1	1.45898	0.81042	0	
1231680	8308.39844	3303883584254	0.49679	0.31678	8307.80273	0.59570	10804	1	0.55225	0.33916	1	0.47236	0.26395	1	0.51230	0.30155	1	0.45892	0.54903	13.20161	1.04276	1	0.72242	0.57195	12.89827	1.03510	1	-0.01005	-0.01186	0.65371	0.00395	1	0.05643	-0.01668	0.66186	0.00424	1	1.45898	0.81042	0	
1231681	8308.40527	3303883648975	0.49988	0.28874	8307.80273	0.59570	10804	0	0.54159	0.25974	1	0.49888	0.31191	1	0.52023	0.28583	1	0.45878	0.54809	12.86924	1.02708	1	0.72247	0.57234	13.23802	1.01942	1	-0.01005	-0.01186	0.65371	0.00423	1	0.05643	-0.01668	0.66186	0.00410	1	1.45898	0.81042	0	
1231682	8308.41211	3303883717339	0.51001	0.29216	8307.80273	0.59570	10804	0	0.54230	0.26660	1	0.49800	0.32457	1	0.52015	0.29558	1	0.45896	0.54893	13.19932	1.01942	1	0.72222	0.57273	13.74521	1.00496	1	-0.01049	-0.01233	0.67924	0.00397	1	0.05430	-0.01607	0.63756	0.00410	1	1.45898	0.81042	0	
1231683	8308.41895	3303883787306	0.50990	0.31585	8307.80273	0.59570	10804	0	0.54309	0.34215	1	0.47627	0.38430	1	0.50968	0.36323	1	0.45877	0.54878	13.38491	1.01297	1	0.72213	0.57315	13.87099	1.00617	1	-0.01049	-0.01233	0.67924	0.00377	1	0.05430	-0.01607	0.63756	0.00394	1	1.45898	0.81042	0	
1231684	8308.42578	3303883853950	0.51237	0.33080	8308.40527	0.02051	10805	1	0.55043	0.36814	1	0.48909	0.38316	1	0.51976	0.37565	1	0.45895	0.54878	13.22458	1.01418	1	0.72242	0.57306	13.57290	1.00737	1	-0.01049	-0.01233	0.67924	0.00381	1	0.05430	-0.01607	0.63756	0.00397	1	1.45898	0.81042	0	
1231685	8308.43262	3303883921035	0.51388	0.33902	8308.40527	0.02734	10805	1	0.55032	0.36718	1	0.48951	0.37664	1	0.51992	0.37191	1	0.45870	0.54842	12.60542	1.01539	1	0.72247	0.57248	13.40646	1.01539	1	-0.01052	-0.01231	0.68106	0.00382	1	0.05611	-0.01661	0.65927	0.00421	1	1.45898	0.81042	0	
1231686	8308.43945	3303883987464	0.51268	0.33680	8308.40527	0.03418	10805	1	0.53145	0.33501	1	0.48190	0.31640	1	0.50667	0.32570	1	0.45864	0.54833	12.75325	1.01539	1	0.72222	0.57238	13.92338	1.02220	1	-0.01052	-0.01231	0.68106	0.00374	1	0.05611	-0.01661	0.65927	0.00423	1	1.45898	0.81042	0	
1231687	8308.44629	3303884054938	0.51159	0.34225	8308.40527	0.04102	10805	1	0.53357	0.37490	1	0.47661	0.37504	1	0.50509	0.37497	1	0.45871	0.54886	12.97484	1.02220	1	0.72216	0.57295	13.80659	1.02901	1	-0.01052	-0.01231	0.68106	0.00378	1	0.05611	-0.01661	0.65927	0.00398	1	1.45898	0.81042	0	
1231688	8308.45312	3303884122070	0.51075	0.34567	8308.40527	0.04785	10805	1	0.53288	0.36954	1	0.47688	0.36957	1	0.50488	0.36956	1	0.45859	0.54855	13.58990	1.02901	1	0.72221	0.57265	13.87717	1.03582	1	-0.01052	-0.01231	0.68106	0.00379	1	0.05611	-0.01661	0.65927	0.00406	1	1.45898	0.81042	0	
1231689	8308.45996	3303884190403	0.50980	0.34461	8308.40527	0.05469	10805	1	0.52795	0.37494	1	0.47643	0.29739	1	0.50219	0.33617	1	0.45855	0.54900	13.05008	1.03582	1	0.72209	0.57227	13.96152	1.03582	1	-0.01052	-0.01231	0.68106	0.00379	1	0.05611	-0.01661	0.65927	0.00423	1	1.45898	0.81042	0	
1231690	8308.46582	3303884256181	0.50940	0.34462	8308.40527	0.06055	10805	1	0.54404	0.33889	1	0.46753	0.35053	1	0.50579	0.34471	1	0.45853	0.54856	13.51166	1.03582	1	0.72204	0.57299	14.19643	1.03582	1	-0.01052	-0.01231	0.68106	0.00377	1	0.05611	-0.01661	0.65927	0.00410	1	1.45898	0.81042	0	
1231691	8308.47266	3303884323095	0.50910	0.34494	8308.40527	0.06738	10805	1	0.54477	0.34539	1	0.46752	0.35083	1	0.50615	0.34811	1	0.45833	0.54826	13.34265	1.02780	1	0.72205	0.57251	13.89172	1.03546	1	-0.01013	-0.01175	0.65283	0.00377	1	0.05761	-0.01707	0.67750	0.00436	1	1.45898	0.81042	0	
1231692	8308.47949	3303884390399	0.50812	0.34492	8308.40527	0.07422	10805	1	0.52525	0.38393	1	0.46935	0.30540	1	0.49730	0.34467	1	0.45812	0.54896	13.58244	1.02744	1	0.72200	0.57239	13.92222	1.03510	1	-0.01013	-0.01175	0.65283	0.00378	1	0.05761	-0.01707	0.67750	0.00445	1	1.45898	0.81042	0	
1231693	8308.48633	3303884457775	0.50750	0.34419	8308.40527	0.08105	10805	1	0.52574	0.34662	1	0.47445	0.32439	1	0.50010	0.33550	1	0.45821	0.54887	13.51074	1.02708	1	0.72204	0.57246	13.86484	1.03474	1	-0.01013	-0.01175	0.65283	0.00383	1	0.05761	-0.01707	0.67750	0.00442	1	1.45898	0.81042	0	
1231694	8308.49316	3303884524819	0.50696	0.34312	8308.40527	0.08789	10805	1	0.52492	0.34040	1	0.47474	0.31790	1	0.49983	0.32915	1	0.45821	0.54847	13.44240	1.03474	1	0.72154	0.57317	13.74960	1.04240	1	-0.01069	-0.01229	0.68555	0.00385	1	0.05761	-0.01707	0.67750	0.00411	1	1.45898	0.81042	0	
1231695	8308.50000	3303884591871	0.50612	0.34237	8308.40527	0.09473	10805	1	0.51975	0.31578	1	0.46895	0.34810	1	0.49435	0.33194	1	0.45806	0.54868	13.13971	1.05042	1	0.72163	0.57246	13.30998	1.05042	1	-0.01069	-0.01229	0.68555	0.00386	1	0.05761	-0.01707	0.67750	0.00447	1	1.45898	0.81042	0	
1231696	8308.50586	3303884657738	0.50553	0.34318	8308.40527	0.10059	10805	1	0.51565	0.31908	1	0.47777	0.39150	1	0.49671	0.35529	1	0.45806	0.54873	13.21978	1.05844	1	0.72179	0.57323	14.30156	1.05844	1	-0.01069	-0.01229	0.68555	0.00380	1	0.05761	-0.01707	0.67750	0.00404	1	1.45898	0.81042	0	
1231697	8308.51270	3303884725054	0.50501	0.34389	8308.40527	0.10742	10805	1	0.51565	0.31908	1	0.47777	0.39150	1	0.49671	0.35529	1	0.45790	0.54804	12.64195	1.05844	1	0.72148	0.57228	13.62058	1.05844	1	-0.01030	-0.01173	0.65695	0.00382	1	0.05761	-0.01707	0.67750	0.00451	1	1.45898	0.81042	0	
1231698	8308.51953	3303884792148	0.50513	0.34137	8308.40527	0.11426	10805	1	0.53140	0.31171	1	0.48295	0.28528	1	0.50717	0.29849	1	0.45792	0.54830	12.87444	1.05042	1	0.72175	0.57163	13.05972	1.05042	1	-0.01030	-0.01173	0.65695	0.00387	1	0.05761	-0.01707	0.67750	0.00446	1	1.45898	0.81042	0	
1231699	8308.52637	3303884859044	0.50524	0.34097	8308.40527	0.12109	10805	1	0.52893	0.30672	1	0.48556	0.36080	1	0.50724	0.33376	1	0.45796	0.54846	12.86921	1.04240	1	0.72156	0.57274	13.29738	1.04240	1	-0.01030	-0.01173	0.65695	0.00390	1	0.05761	-0.01707	0.67750	0.00405	1	1.45898	0.81042	0	
1231700	8308.53320	3303884925763	0.50533	0.34076	8308.40527	0.12793	10805	1	0.52893	0.30672	1	0.48519	0.36698	1	0.50706	0.33685	1	0.45784	0.54853	12.74423	1.04240	1	0.72128	0.57296	13.62511	1.03474	1	-0.01080	-0.01224	0.68593	0.00390	1	0.05554	-0.01650	0.65495	0.00394	1	1.45898	0.81042	0	
1231701	8308.54004	3303884992820	0.50535	0.34116	8308.40527	0.13477	10805	1	0.53069	0.32869	1	0.48059	0.36959	1	0.50564	0.34914	1	0.45787	0.54871	12.79600	1.04276	1	0.72139	0.57266	13.55195	1.03510	1	-0.01080	-0.01224	0.68593	0.00389	1	0.05554	-0.01650	0.65495	0.00393	1	1.45898	0.81042	0	
1231702	8308.54688	3303885060658	0.50512	0.34208	8308.40527	0.14160	10805	1	0.52667	0.33414	1	0.47398	0.38834	1	0.50032	0.36124	1	0.45795	0.54868	13.27189	1.04312	1	0.72137	0.57284	13.61114	1.03546	1	-0.01080	-0.01224	0.68593	0.00382	1	0.05554	-0.01650	0.65495	0.00385	1	1.45898	0.81042	0	
1231703	8308.55371	3303885127532	0.50493	0.34304	8308.40527	0.14844	10805	1	0.52747	0.34035	1	0.47398	0.38834	1	0.50072	0.36435	1	0.45776	0.54839	12.34309	1.03546	1	0.72118	0.57249	14.08022	1.03546	1	-0.01050	-0.01184	0.66339	0.00407	1	0.05749	-0.01710	0.67849	0.00389	1	1.45898	0.81042	0	
1231704	8308.55957	3303885190911	0.50497	0.34202	8308.40527	0.15430	10805	1	0.53884	0.32405	1	0.47324	0.31283	1	0.50604	0.31844	1	0.45758	0.54819	12.42594	1.02744	1	0.72132	0.57195	13.93461	1.03510	1	-0.01050	-0.01184	0.66339	0.00411	1	0.05749	-0.01710	0.67849	0.00383	1	1.45898	0.81042	0	
1231705	8308.56641	3303885258835	0.50444	0.34173	8308.40527	0.16113	10805	1	0.52041	0.32721	1	0.46270	0.34245	1	0.49155	0.33483	1	0.45734	0.54842	13.19903	1.02708	1	0.72108	0.57234	13.97695	1.03474	1	-0.01050	-0.01184	0.66339	0.00400	1	0.05749	-0.01710	0.67849	0.00396	1	1.45898	0.81042	0	
1231706	8308.57324	3303885323791	0.50394	0.34148	8308.40527	0.16797	10805	1	0.52045	0.32751	1	0.46269	0.34275	1	0.49157	0.33513	1	0.45730	0.54872	13.26772	1.02673	1	0.72115	0.57243	12.97915	1.03439	1	-0.01051	-0.01174	0.65798	0.00387	1	0.05692	-0.01688	0.67182	0.00394	1	1.45898	0.81042	0	
1231707	8308.58008	3303885392592	0.50376	0.34069	8308.40527	0.17480	10805	1	0.52498	0.31730	1	0.47318	0.32298	1	0.49908	0.32014	1	0.45705	0.54825	13.11399	1.03439	1	0.72088	0.57227	13.39417	1.03439	1	-0.01051	-0.01174	0.65798	0.00386	1	0.05692	-0.01688	0.67182	0.00388	1	1.45898	0.81042	0	
1231708	8308.58691	3303885461387	0.50401	0.33992	8308.40527	0.18164	10805	1	0.52612	0.31610	1	0.49521	0.32234	1	0.51066	0.31922	1	0.45701	0.54829	12.83670	1.03439	1	0.72084	0.57211	13.21664	1.03439	1	-0.01051	-0.01174	0.65798	0.00387	1	0.05692	-0.01688	0.67182	0.00385	1	1.45898	0.81042	0	
1231709	8308.59375	3303885528820	0.50422	0.33909	8308.40527	0.18848	10805	1	0.52527	0.30940	1	0.49523	0.32204	1	0.51025	0.31572	1	0.45701	0.54859	13.08355	1.04240	1	0.72076	0.57207	13.58007	1.03474	1	-0.01091	-0.01224	0.67988	0.00373	1	0.05659	-0.01680	0.66855	0.00391	1	1.45898	0.81042	0	
1231710	8308.59961	3303885595736	0.50463	0.33894	8308.40527	0.19434	10805	1	0.54288	0.34094	1	0.49022	0.32847	1	0.51655	0.33470	1	0.45733	0.54853	13.09302	1.04276	1	0.72079	0.57223	13.54665	1.03510	1	-0.01091	-0.01224	0.67988	0.00386	1	0.05659	-0.01680	0.66855	0.00393	1	1.45898	0.81042	0	
1231711	8308.60645	3303885662737	0.50497	0.33931	8308.40527	0.20117	10805	1	0.55539	0.32292	1	0.47468	0.37768	1	0.51503	0.35030	1	0.45726	0.54851	13.14640	1.04312	1	0.72056	0.57215	13.79804	1.03546	1	-0.01091	-0.01224	0.67988	0.00377	1	0.05659	-0.01680	0.66855	0.00391	1	1.45898	0.81042	0	
1231712	8308.61328	3303885729818	0.50529	0.33955	8308.40527	0.20801	10805	1	0.55536	0.32262	1	0.47498	0.37130	1	0.51517	0.34696	1	0.45679	0.54833	13.10753	1.04347	1	0.72056	0.57227	14.15060	1.04347	1	-0.01096	-0.01218	0.67652	0.00376	1	0.05768	-0.01722	0.68321	0.00387	1	1.45898	0.81042	0	
1231713	8308.62012	3303885796220	0.50503	0.33972	8308.40527	0.21484	10805	1	0.51836	0.34275	1	0.47535	0.34791	1	0.49685	0.34533	1	0.45652	0.54878	13.23711	1.04347	1	0.72060	0.57202	14.00491	1.05113	1	-0.01096	-0.01218	0.67652	0.00372	1	0.05768	-0.01722	0.68321	0.00398	1	1.45898	0.81042	0	
1231714	8308.62695	3303885864497	0.50512	0.33988	8308.40527	0.22168	10805	1	0.52566	0.32474	1	0.49023	0.36538	1	0.50794	0.34506	1	0.45674	0.54870	13.38867	1.05113	1	0.72044	0.57246	14.16609	1.05879	1	-0.01096	-0.01218	0.67652	0.00382	1	0.05768	-0.01722	0.68321	0.00401	1	1.45898	0.81042	0	
1231715	8308.63379	3303885930322	0.50520	0.34003	8308.40527	0.22852	10805	1	0.52570	0.32504	1	0.49021	0.36567	1	0.50795	0.34535	1	0.45664	0.54886	13.27688	1.05078	1	0.72017	0.57233	13.56736	1.05844	1	-0.01073	-0.01191	0.65917	0.00377	1	0.05693	-0.01684	0.67428	0.00406	1	1.45898	0.81042	0	
1231716	8308.64062	3303885997190	0.50501	0.34001	8308.40527	0.23535	10805	1	0.52003	0.29048	1	0.47704	0.38804	1	0.49853	0.33926	1	0.45654	0.54841	13.10089	1.05042	1	0.72016	0.57251	13.48413	1.05042	1	-0.01073	-0.01191	0.65917	0.00377	1	0.05693	-0.01684	0.67428	0.00394	1	1.45898	0.81042	0	
1231717	8308.64648	3303886064661	0.50474	0.34053	8308.40527	0.24121	10805	1	0.52139	0.32425	1	0.46810	0.39399	1	0.49475	0.35912	1	0.45656	0.54857	13.15781	1.04240	1	0.72006	0.57248	13.38563	1.04240	1	-0.01073	-0.01191	0.65917	0.00372	1	0.05693	-0.01684	0.67428	0.00396	1	1.45898	0.81042	0	
1231718	8308.65332	3303886131586	0.50448	0.34119	8308.40527	0.24805	10805	1	0.52226	0.33083	1	0.46785	0.40020	1	0.49506	0.36551	1	0.45649	0.54847	13.14108	1.03439	1	0.71994	0.57253	13.95606	1.03439	1	-0.01073	-0.01191	0.65917	0.00378	1	0.05744	-0.01694	0.68039	0.00398	1	1.45898	0.81042	0	
1231719	8308.66016	3303886198566	0.50449	0.34176	8308.40527	0.25488	10805	1	0.54670	0.34718	1	0.46318	0.37999	1	0.50494	0.36358	1	0.45655	0.54848	13.22938	1.03439	1	0.72000	0.57222	13.32184	1.03439	1	-0.01073	-0.01191	0.65917	0.00381	1	0.05744	-0.01694	0.68039	0.00399	1	1.45898	0.81042	0	
1231720	8308.66699	3303886265529	0.50433	0.34255	8308.40527	0.26172	10805	1	0.53666	0.34664	1	0.45888	0.39976	1	0.49777	0.37320	1	0.45650	0.54865	13.23246	1.03439	1	0.71994	0.57253	13.95606	1.03439	1	-0.01073	-0.01191	0.65917	0.00372	1	0.05744	-0.01694	0.68039	0.00398	1	1.45898	0.81042	0	
1231721	8308.67383	3303886329873	0.50416	0.34314	8308.40527	0.26855	10805	1	0.53588	0.34019	1	0.45907	0.39355	1	0.49747	0.36687	1	0.45616	0.54852	12.50790	1.04240	1	0.71980	0.57165	13.61405	1.04240	1	-0.01128	-0.01242	0.68979	0.00374	1	0.05693	-0.01684	0.67428	0.00420	1	1.45898	0.81042	0	
1231722	8308.67969	3303886395352	0.50392	0.34267	8308.40527	0.27441	10805	1	0.52433	0.30934	1	0.46436	0.33733	1	0.49434	0.32333	1	0.45616	0.54843	12.50976	1.05042	1	0.71995	0.57198	13.44976	1.05042	1	-0.01128	-0.01242	0.68979	0.00379	1	0.05693	-0.01684	0.67428	0.00404	1	1.45898	0.81042	0	
1231723	8308.68652	3303886463891	0.50328	0.34226	8308.40527	0.28125	10805	1	0.51498	0.29749	1	0.43743	0.35299	1	0.47620	0.32524	1	0.45608	0.54838	12.49206	1.05844	1	0.71956	0.57223	13.91223	1.05844	1	-0.01128	-0.01242	0.68979	0.00378	1	0.05693	-0.01684	0.67428	0.00407	1	1.45898	0.81042	0	
1231724	8308.69336	3303886531268	0.50265	0.34173	8308.40527	0.28809	10805	1	0.51408	0.29080	1	0.43745	0.34659	1	0.47576	0.31870	1	0.45613	0.54864	12.68684	1.06645	1	0.71951	0.57214	13.89774	1.06645	1	-0.01128	-0.01242	0.68979	0.00372	1	0.05693	-0.01684	0.67428	0.00410	1	1.45898	0.81042	0	
1231725	8308.70020	3303886597619	0.50233	0.34126	8308.40527	0.29492	10805	1	0.53881	0.30821	1	0.43725	0.33303	1	0.48803	0.32062	1	0.45644	0.54869	13.20700	1.06645	1	0.71951	0.57214	13.89774	1.06645	1	-0.01128	-0.01242	0.68979	0.00374	1	0.05693	-0.01684	0.67428	0.00411	1	1.45898	0.81042	0	
1231726	8308.70703	3303886663145	0.50188	0.34079	8308.40527	0.30176	10805	1	0.51234	0.28318	1	0.45084	0.35610	1	0.48159	0.31964	1	0.45597	0.54824	12.10428	1.06645	1	0.71972	0.57232	14.10703	1.06645	1	-0.01128	-0.01242	0.68979	0.00388	1	0.05693	-0.01684	0.67428	0.00403	1	1.45898	0.81042	0	
1231727	8308.71387	3303886731033	0.50145	0.34054	8308.40527	0.30859	10805	1	0.51325	0.28993	1	0.45060	0.36850	1	0.48193	0.32921	1	0.45636	0.54818	13.10538	1.05844	1	0.71982	0.57161	13.66421	1.05078	1	-0.01080	-0.01195	0.66383	0.00376	1	0.05535	-0.01639	0.65622	0.00426	1	1.45898	0.81042	0	
1231728	8308.72070	3303886799300	0.50141	0.34045	8308.40527	0.31543	10805	1	0.53836	0.34202	1	0.46013	0.33057	1	0.49924	0.33629	1	0.45647	0.54860	13.17393	1.04276	1	0.71983	0.57166	13.70918	1.03510	1	-0.01080	-0.01195	0.66383	0.00378	1	0.05535	-0.01639	0.65622	0.00419	1	1.45898	0.81042	0	
1231729	8308.72656	3303886864928	0.50142	0.34085	8308.40527	0.32129	10805	1	0.53501	0.27651	1	0.46561	0.33889	1	0.50031	0.30770	1	0.45630	0.54817	12.80563	1.02708	1	0.71994	0.57171	13.81864	1.01942	1	-0.01080	-0.01195	0.66383	0.00372	1	0.05535	-0.01639	0.65622	0.00415	1	1.45898	0.81042	0	
1231730	8308.73340	3303886932639	0.50102	0.34132	8308.40527	0.32812	10805	1	0.53656	0.29029	1	0.46537	0.34567	1	0.50097	0.31798	1	0.45639	0.54844	13.04927	1.01141	1	0.72017	0.57173	13.21605	1.01141	1	-0.01073	-0.01191	0.65917	0.00377	1	0.05693	-0.01684	0.67428	0.00421	1	1.45898	0.81042	0	
1231731	8308.74023	3303887002181	0.50107	0.34112	8308.40527	0.33496	10805	1	0.54693	0.36470	1	0.47778	0.34331	1	0.51236	0.35401	1	0.45654	0.54846	13.28752	1.01141	1	0.72024	0.57184	13.29405	1.01907	1	-0.01073	-0.01191	0.65917	0.00382	1	0.05693	-0.01684	0.67428	0.00418	1	1.45898	0.81042	0	
1231732	8308.74707	3303887069401	0.50091	0.34037	8308.40527	0.34180	10805	1	0.54753	0.32812	1	0.47637	0.35061	1	0.51195	0.33936	1	0.45656	0.54843	13.10307	1.01907	1	0.72017	0.57194	13.34326	1.02673	1	-0.01073	-0.01191	0.65917	0.00385	1	0.05693	-0.01684	0.67428	0.00412	1	1.45898	0.81042	0	
1231733	8308.75391	3303887136454	0.50074	0.33956	8308.40527	0.34863	10805	1	0.54685	0.32173	1	0.47668	0.34426	1	0.51176	0.33299	1	0.45647	0.54837	13.20439	1.02673	1	0.72040	0.57195	14.16624	1.03439	1	-0.01073	-0.01191	0.65917	0.00381	1	0.05693	-0.01684	0.67428	0.00407	1	1.45898	0.81042	0	
1231734	8308.76074	3303887202886	0.50065	0.33979	8308.40527	0.35547	10805	1	0.51428	0.32488	1	0.49006	0.34867	1	0.50217	0.33677	1	0.45646	0.54845	13.22016	1.03439	1	0.72041	0.57189	14.08443	1.03439	1	-0.01073	-0.01191	0.65917	0.00382	1	0.05693	-0.01684	0.67428	0.00420	1	1.45898	0.81042	0	
1231735	8308.76758	3303887270615	0.50035	0.33924	8308.40527	0.36230	10805	1	0.52492	0.33816	1	0.45717	0.35969	1	0.49105	0.34893	1	0.45665	0.54889	13.35101	1.03439	1	0.72022	0.57209	14.52722	1.03439	1	-0.01073	-0.01191	0.65917	0.00379	1	0.05693	-0.01684	0.67428	0.00415	1	1.45898	0.81042	0	
1231736	8308.77441	3303887337755	0.50006	0.33868	8308.40527	0.36914	10805	1	0.52407	0.33163	1	0.45734	0.35318	1	0.49070	0.34241	1	0.45674	0.54888	13.21774	1.04240	1	0.72044	0.57232	14.19125	1.04240	1	-0.01107	-0.01235	0.68332	0.00378	1	0.05744	-0.01694	0.68039	0.00408	1	1.45898	0.81042	0	
1231737	8308.78125	3303887404242	0.50003	0.33875	8308.40527	0.37598	10805	1	0.52208	0.33599	1	0.47996	0.34282	1	0.50102	0.33941	1	0.45663	0.54885	13.06007	1.05042	1	0.72066	0.57195	14.01474	1.05042	1	-0.01107	-0.01235	0.68332	0.00377	1	0.05744	-0.01694	0.68039	0.00404	1	1.45898	0.81042	0	
1231738	8308.78711	3303887471034	0.50004	0.33818	8308.40527	0.38184	10805	1	0.52718	0.31278	1	0.48494	0.32261	1	0.50606	0.31770	1	0.45663	0.54899	13.10004	1.05844	1	0.72065	0.57194	14.06625	1.05844	1	-0.01107	-0.01235	0.68332	0.00374	1	0.05744	-0.01694	0.68039	0.00395	1	1.45898	0.81042	0	
1231739	8308.79395	3303887538498	0.50003	0.33741	8308.40527	0.38867	10805	1	0.52636	0.30622	1	0.48531	0.31595	1	0.50583	0.31108	1	0.45665	0.54900	13.46388	1.06645	1	0.72045	0.57192	14.11490	1.06645	1	-0.01104	-0.01237	0.68151	0.00373	1	0.05693	-0.01684	0.67428	0.00396	1	1.45898	0.81042	0	
1231740	8308.80078	3303887605325	0.50014	0.33670	8308.40527	0.39551	10805	1	0.53005	0.33016	1	0.47477	0.29037	1	0.50241	0.31027	1	0.45676	0.54874	13.34602	1.06645	1	0.72054	0.57214	14.22902	1.06645	1	-0.01104	-0.01237	0.68151	0.00382	1	0.05693	-0.01684	0.67428	0.00393	1	1.45898	0.81042	0	
1231741	8308.80762	3303887672523	0.49988	0.33639	8308.40527	0.40234	10805	1	0.50243	0.29848	1	0.47259	0.34332	1	0.48751	0.32090	1	0.45658	0.54828	13.03278	1.06645	1	0.72050	0.57223	14.27684	1.06645	1	-0.01104	-0.01237	0.68151	0.00380	1	0.05693	-0.01684	0.67428	0.00392	1	1.45898	0.81042	0	
1231742	8308.81445	3303887739558	0.49962	0.33648	8308.40527	0.40918	10805	1	0.50341	0.30512	1	0.47181	0.36141	1	0.48761	0.33326	1	0.45709	0.54889	12.33776	1.05844	1	0.72030	0.57206	13.99895	1.04397	1	-0.01062	-0.01191	0.65883	0.00396	1	0.05261	-0.01558	0.62208	0.00398	1	1.45898	0.81042	0	
1231743	8308.82129	3303887806241	0.49966	0.33656	8308.40527	0.41602	10805	1	0.53654	0.33067	1	0.45531	0.34164	1	0.49592	0.33615	1	0.45725	0.54907	13.68514	1.03595	1	0.72021	0.57212	13.96788	1.02148	1	-0.01062	-0.01191	0.65883	0.00409	1	0.05261	-0.01558	0.62208	0.00398	1	1.45898	0.81042	0	
1231744	8308.82812	3303887873268	0.49961	0.33613	8308.40527	0.42285	10805	1	0.53970	0.33170	1	0.44943	0.33690	1	0.49456	0.33430	1	0.45725	0.54880	13.14409	1.01347	1	0.72046	0.57208	14.18576	0.99900	1	-0.01062	-0.01191	0.65883	0.00378	1	0.05261	-0.01558	0.62208	0.00398	1	1.45898	0.81042	0	
1231745	8308.83398	3303887939797	0.49958	0.33582	8308.40527	0.42871	10805	1	0.54110	0.34380	1	0.44943	0.33690	1	0.49526	0.34035	1	0.45730	0.54864	13.20736	0.99900	1	0.72097	0.57230	13.50175	0.99900	1	-0.01101	-0.01240	0.68585	0.00378	1	0.05749	-0.01710	0.67849	0.00387	1	1.45898	0.81042	0	
1231746	8308.84082	3303888006724	0.49970	0.33710	8308.40527	0.43555	10805	1	0.53090	0.35620	1	0.49516	0.36437	1	0.51303	0.36028	1	0.45743	0.54861	13.32477	1.00702	1	0.72126	0.57250	14.20769	1.02148	1	-0.01101	-0.01240	0.68585	0.00379	1	0.05749	-0.01710	0.67849	0.00390	1	1.45898	0.81042	0	
1231747	8308.84766	3303888073794	0.49931	0.33650	8308.40527	0.44238	10805	1	0.52565	0.29679	1	0.45085	0.31255	1	0.48825	0.30467	1	0.45738	0.54861	13.26074	1.02950	1	0.72093	0.57221	13.33636	1.04397	1	-0.01101	-0.01240	0.68585	0.00382	1	0.05749	-0.01710	0.67849	0.00396	1	1.45898	0.81042	0	
1231748	8308.85449	3303888141126	0.49889	0.33543	8308.40527	0.44922	10805	1	0.52326	0.27750	1	0.45120	0.29345	1	0.48723	0.28547	1	0.45724	0.54881	13.34529	1.05198	1	0.72106	0.57217	14.25246	1.06645	1	-0.01072	-0.01219	0.67418	0.00381	1	0.05806	-0.01722	0.68529	0.00408	1	1.45898	0.81042	0	
1231749	8308.86133	3303888208046	0.49845	0.33496	8308.40527	0.45605	10805	1	0.51344	0.32677	1	0.45508	0.32714	1	0.48426	0.32695	1	0.45729	0.54881	12.83670	1.06645	1	0.72098	0.57248	14.49410	1.06645	1	-0.01072	-0.01219	0.67418	0.00392	1	0.05806	-0.01722	0.68529	0.00404	1	1.45898	0.81042	0	
1231750	8308.86816	3303888275175	0.49842	0.33250	8308.40527	0.46289	10805	1	0.51872	0.21603	1	0.47870	0.26984	1	0.49871	0.24293	1	0.45731	0.54816	12.92882	1.06645	1	0.72131	0.57182	14.02803	1.06645	1	-0.01072	-0.01219	0.67418	0.00408	1	0.05806	-0.01722	0.68529	0.00391	1	1.45898	0.81042	0	
1231751	8308.87500	3303888341580	0.49837	0.33025	8308.40527	0.46973	10805	1	0.51959	0.22328	1	0.47780	0.28949	1	0.49869	0.25638	1	0.45742	0.54793	13.06948	1.05844	1	0.72118	0.57204	14.07222	1.04397	1	-0.01026	-0.01172	0.64828	0.00410	1	0.05437	-0.01614	0.64062	0.00395	1	1.45898	0.81042	0	
1231752	8308.88184	3303888409352	0.49816	0.33103	8308.40527	0.47656	10805	1	0.52330	0.34690	1	0.46871	0.36437	1	0.49600	0.35564	1	0.45765	0.54885	14.10229	1.03595	1	0.72115	0.57232	14.30333	1.02148	1	-0.01026	-0.01172	0.64828	0.00390	1	0.05437	-0.01614	0.64062	0.00388	1	1.45898	0.81042	0	
1231753	8308.88770	3303888473502	0.49822	0.33112	8308.40527	0.48242	10805	1	0.51388	0.32778	1	0.47462	0.35082	1	0.49425	0.33930	1	0.45764	0.54856	13.97902	1.01347	1	0.72138	0.57211	14.35672	0.99900	1	-0.01026	-0.01172	0.64828	0.00393	1	0.05437	-0.01614	0.64062	0.00392	1	1.45898	0.81042	0	
1231754	8308.89453	3303888543131	0.49830	0.33147	8308.40527	0.48926	10805	1	0.51655	0.34670	1	0.47431	0.35765	1	0.49543	0.35217	1	0.45808	0.54875	13.42921	0.99098	1	0.72148	0.57230	13.90092	0.99098	1	-0.01027	-0.01175	0.65530	0.00384	1	0.05790	-0.01711	0.68094	0.00392	1	1.45898	0.81042	0	
1231755	8308.90137	3303888607532	0.49834	0.33174	8308.40527	0.49609	10805	1	0.53132	0.31690	1	0.47043	0.34913	1	0.50088	0.33301	1	0.45815	0.54817	13.12861	0.99098	1	0.72166	0.57216	14.61011	1.00545	1	-0.01027	-0.01175	0.65530	0.00392	1	0.05790	-0.01711	0.68094	0.00389	1	1.45898	0.81042	0	
1231756	8308.90820	3303888676914	0.49773	0.33219	8308.40527	0.50293	10805	1	0.52678	0.33409	1	0.43634	0.34751	1	0.48156	0.34080	1	0.45813	0.54815	13.16590	1.00545	1	0.72148	0.57238	14.54617	1.01992	1	-0.01027	-0.01175	0.65530	0.00402	1	0.05790	-0.01711	0.68094	0.00401	1	1.45898	0.81042	0	
1231757	8308.91504	3303888743698	0.49711	0.33232	8308.40527	0.50977	10805	1	0.52435	0.31518	1	0.43638	0.32876	1	0.48037	0.32197	1	0.45835	0.54844	13.40350	1.02793	1	0.72205	0.57222	13.80107	1.04240	1	-0.01055	-0.01208	0.67658	0.00392	1	0.05761	-0.01707	0.67750	0.00430	1	1.45898	0.81042	0	
1231758	8308.92090	3303888808749	0.49681	0.33188	8308.40527	0.51562	10805	1	0.52651	0.27230	1	0.47776	0.35447	1	0.50213	0.31339	1	0.45812	0.54853	13.09890	1.05042	1	0.72214	0.57248	14.18856	1.05042	1	-0.01055	-0.01208	0.67658	0.00401	1	0.05761	-0.01707	0.67750	0.00415	1	1.45898	0.81042	0	
1231759	8308.92871	3303888878338	0.49623	0.33048	8308.40527	0.52344	10805	1	0.50514	0.22684	1	0.46973	0.33955	1	0.48743	0.28320	1	0.45803	0.54817	13.00533	1.05844	1	0.72202	0.57255	13.95771	1.05844	1	-0.01055	-0.01208	0.67658	0.00406	1	0.05761	-0.01707	0.67750	0.00407	1	1.45898	0.81042	0	
1231760	8308.93457	3303888944906	0.49565	0.32901	8308.40527	0.52930	10805	1	0.50418	0.21961	1	0.46999	0.33303	1	0.48708	0.27632	1	0.45806	0.54861	13.37334	1.06645	1	0.72221	0.57233	13.94548	1.06645	1	-0.01055	-0.01208	0.67658	0.00407	1	0.05761	-0.01707	0.67750	0.00416	1	1.45898	0.81042	0	
1231761	8308.94141	3303889011970	0.49547	0.32766	8308.40527	0.53613	10805	1	0.48173	0.27587	1	0.49449	0.28516	1	0.48811	0.28051	1	0.45803	0.54809	13.04659	1.06645	1	0.72238	0.57209	13.90606	1.06645	1	-0.01055	-0.01208	0.67658	0.00399	1	0.05761	-0.01707	0.67750	0.00409	1	1.45898	0.81042	0	
1231762	8308.94824	3303889079350	0.49503	0.32662	8308.40527	0.54297	10805	1	0.49450	0.28318	1	0.47921	0.30779	1	0.48686	0.29548	1	0.45805	0.54846	13.27167	1.06645	1	0.72217	0.57221	14.21883	1.06645	1	-0.01055	-0.01208	0.67658	0.00404	1	0.05761	-0.01707	0.67750	0.00404	1	1.45898	0.81042	0	
1231763	8308.95508	3303889145966	0.49459	0.32579	8308.40527	0.54980	10805	1	0.49553	0.28994	1	0.47857	0.32093	1	0.48705	0.30543	1	0.45821	0.54838	13.57884	1.05844	1	0.72217	0.57231	13.97856	1.05078	1	-0.01020	-0.01173	0.65710	0.00418	1	0.05611	-0.01661	0.65927	0.00404	1	1.45898	0.81042	0	
1231764	8308.96191	3303889212499	0.49461	0.32534	8308.40527	0.55664	10805	1	0.51564	0.30147	1	0.48295	0.33375	1	0.49930	0.31761	1	0.45842	0.54796	13.65689	1.04276	1	0.72215	0.57233	13.97940	1.03510	1	-0.01020	-0.01173	0.65710	0.00408	1	0.05611	-0.01661	0.65927	0.00406	1	1.45898	0.81042	0	
1231765	8308.96875	3303889279718	0.49452	0.32484	8308.40527	0.56348	10805	1	0.51116	0.30627	1	0.46993	0.36366	1	0.49055	0.33496	1	0.45818	0.54807	13.43736	1.02708	1	0.72205	0.57240	13.93460	1.01942	1	-0.01020	-0.01173	0.65710	0.00421	1	0.05611	-0.01661	0.65927	0.00401	1	1.45898	0.81042	0	
1231766	8308.97559	3303889346844	0.49443	0.32434	8308.40527	0.57031	10805	1	0.51208	0.31280	1	0.46968	0.36995	1	0.49088	0.34137	1	0.45837	0.54815	13.91038	1.01942	1	0.72187	0.57289	14.33799	1.01177	1	-0.01049	-0.01212	0.67925	0.00412	1	0.05643	-0.01668	0.66186	0.00413	1	1.45898	0.81042	0	
1231767	8308.98145	3303889413808	0.49399	0.32379	8308.40527	0.57617	10805	1	0.51602	0.28157	1	0.45117	0.39357	1	0.48359	0.33757	1	0.45829	0.54833	13.92936	1.01978	1	0.72177	0.57279	14.51007	1.01978	1	-0.01049	-0.01212	0.67925	0.00402	1	0.05643	-0.01668	0.66186	0.00414	1	1.45898	0.81042	0	
1231768	8308.98828	3303889480714	0.49375	0.32301	8308.40527	0.58301	10805	1	0.52257	0.30006	1	0.45014	0.37112	1	0.48635	0.33559	1	0.45847	0.54783	13.75667	1.02780	1	0.72210	0.57264	14.66160	1.02780	1	-0.01049	-0.01212	0.67925	0.00408	1	0.05643	-0.01668	0.66186	0.00414	1	1.45898	0.81042	0	
1231769	8308.99512	3303889547633	0.49352	0.32229	8308.40527	0.58984	10805	1	0.52257	0.30006	1	0.45026	0.36495	1	0.48641	0.33251	1	0.45884	0.54784	13.28701	1.02780	1	0.72269	0.57233	14.47405	1.03546	1	-0.01005	-0.01167	0.65371	0.00396	1	0.05860	-0.01731	0.68673	0.00403	1	1.45898	0.81042	0	
1231770	8309.00195	3303889614760	0.49390	0.32133	8308.40527	0.59668	10805	1	0.55056	0.24104	1	0.47473	0.31313	1	0.51265	0.27708	1	0.45890	0.54760	13.23164	1.02744	1	0.72244	0.57249	14.93107	1.03510	1	-0.01005	-0.01167	0.65371	0.00415	1	0.05860	-0.01731	0.68673	0.00398	1	1.45898	0.81042	0	
1231771	8309.00879	3303889681420	0.49420	0.32071	8308.40527	0.60352	10805	1	0.52055	0.25648	1	0.46086	0.33415	1	0.49070	0.29532	1	0.45854	0.54720	13.62230	1.02708	1	0.72223	0.57277	15.10380	1.03474	1	-0.01005	-0.01167	0.65371	0.00423	1	0.05860	-0.01731	0.68673	0.00411	1	1.45898	0.81042	0	
1231772	8309.01562	3303889748542	0.49452	0.32023	8308.40527	0.61035	10805	1	0.52058	0.25680	1	0.46085	0.33445	1	0.49072	0.29563	1	0.45856	0.54733	13.71908	1.02673	1	0.72239	0.57276	14.61817	1.03439	1	-0.01005	-0.01167	0.65371	0.00420	1	0.05860	-0.01731	0.68673	0.00409	1	1.45898	0.81042	0	
1231773	8309.02148	3303889813781	0.49463	0.32017	8308.40527	0.61621	10805	1	0.52997	0.29579	1	0.45689	0.34025	1	0.49343	0.31802	1	0.45879	0.54798	13.23394	1.03439	1	0.72227	0.57290	15.18617	1.03439	1	-0.01005	-0.01167	0.65371	0.00404	1	0.05860	-0.01731	0.68673	0.00407	1	1.45898	0.81042	0	
1231774	8309.02832	3303889878421	0.49502	0.31993	8308.40527	0.62305	10805	1	0.52625	0.27338	1	0.47487	0.34295	1	0.50056	0.30816	1	0.45892	0.54760	13.23442	1.03439	1	0.72249	0.57288	14.66306	1.03439	1	-0.01005	-0.01167	0.65371	0.00414	1	0.05860	-0.01731	0.68673	0.00407	1	1.45898	0.81042	0	
1231775	8309.03516	3303889946836	0.49541	0.31950	8308.40527	0.62988	10805	1	0.52625	0.27338	1	0.47487	0.34295	1	0.50056	0.30816	1	0.45892	0.54760	13.23442	1.03439	1	0.72226	0.57300	14.85354	1.03439	1	-0.01005	-0.01172	0.65371	0.00415	1	0.05860	-0.01731	0.68673	0.00411	1	1.45898	0.81042	0	
1231776	8309.04199	3303890012022	0.49559	0.31964	8308.40527	0.63672	10805	1	0.54163	0.31072	1	0.47431	0.37575	1	0.50797	0.34324	1	0.45918	0.54823	13.87167	1.03439	1	0.72254	0.57316	14.76958	1.03439	1	-0.01005	-0.01172	0.65371	0.00411	1	0.05860	-0.01731	0.68673	0.00403	1	1.45898	0.81042	0	
1231777	8309.04883	3303890081069	0.49561	0.31991	8308.40527	0.64355	10805	1	0.53233	0.30050	1	0.46981	0.34071	1	0.50107	0.32061	1	0.45903	0.54794	13.30807	1.03439	1	0.72253	0.57293	14.56344	1.03439	1	-0.01005	-0.01172	0.65371	0.00412	1	0.05860	-0.01731	0.68673	0.00404	1	1.45898	0.81042	0	
1231778	8309.05469	3303890145657	0.49561	0.31996	8308.40527	0.64941	10805	1	0.53233	0.30050	1	0.46981	0.34071	1	0.50107	0.32061	1	0.45887	0.54840	13.41095	1.03439	1	0.72266	0.57289	14.84885	1.03439	1	-0.01019	-0.01194	0.66308	0.00398	1	0.05860	-0.01731	0.68673	0.00400	1	1.45898	0.81042	0	
1231779	8309.06250	3303890215332	0.49559	0.31951	8308.40527	0.65723	10805	1	0.54447	0.31099	1	0.47839	0.35333	1	0.51143	0.33216	1	0.45917	0.54825	13.82013	1.03439	1	0.72262	0.57321	14.92806	1.03439	1	-0.01019	-0.01194	0.66308	0.00410	1	0.05860	-0.01731	0.68673	0.00411	1	1.45898	0.81042	0	
1231780	8309.06836	3303890281000	0.49517	0.31889	8308.40527	0.66309	10805	1	0.50832	0.25704	1	0.47471	0.36243	1	0.49152	0.30974	1	0.45883	0.54770	13.05868	1.03439	1	0.72252	0.57326	14.77568	1.03439	1	-0.01019	-0.01194	0.66308	0.00415	1	0.05860	-0.01731	0.68673	0.00410	1	1.45898	0.81042	0	
1231781	8309.07520	3303890346664	0.49474	0.31841	8308.40527	0.66992	10805	1	0.50832	0.25704	1	0.47471	0.36243	1	0.49152	0.30974	1	0.45909	0.54811	13.72496	1.03439	1	0.72252	0.57335	15.17494	1.03439	1	-0.01019	-0.01194	0.66308	0.00403	1	0.05860	-0.01731	0.68673	0.00405	1	1.45898	0.81042	0	
1231782	8309.08203	3303890415429	0.49509	0.31905	8308.40527	0.67676	10805	1	0.55260	0.35217	1	0.48499	0.38296	1	0.51880	0.36756	1	0.45939	0.54883	14.05940	1.03439	1	0.72267	0.57335	15.04174	1.03439	1	-0.01019	-0.01194	0.66308	0.00401	1	0.05860	-0.01731	0.68673	0.00405	1	1.45898	0.81042	0	
1231783	8309.08887	3303890484190	0.49558	0.31926	8308.40527	0.68359	10805	1	0.54669	0.33929	1	0.48221	0.37924	1	0.51445	0.35927	1	0.45930	0.54879	13.94312	1.03439	1	0.72260	0.57327	14.71489	1.03439	1	-0.01019	-0.01194	0.66308	0.00396	1	0.05860	-0.01731	0.68673	0.00409	1	1.45898	0.81042	0	
1231784	8309.09570	3303890550104	0.49607	0.31961	8308.40527	0.69043	10805	1	0.54669	0.33929	1	0.48221	0.37924	1	0.51445	0.35927	1	0.45911	0.54854	13.72346	1.03439	1	0.72260	0.57324	14.74244	1.03439	1	-0.01005	-0.01182	0.65371	0.00389	1	0.05860	-0.01731	0.68673	0.00410	1	1.45898	0.81042	0	
1231785	8309.10156	3303890614551	0.49654	0.31973	8308.40527	0.69629	10805	1	0.54585	0.31648	1	0.50070	0.37326	1	0.52328	0.34487	1	0.45909	0.54879	14.18403	1.03439	1	0.72299	0.57320	14.25721	1.03439	1	-0.01005	-0.01182	0.65371	0.00384	1	0.05860	-0.01731	0.68673	0.00412	1	1.45898	0.81042	0	
1231786	8309.10840	3303890679491	0.49640	0.32013	8308.40527	0.70312	10805	1	0.52108	0.30806	1	0.47788	0.36579	1	0.49948	0.33693	1	0.45903	0.54817	13.62414	1.03439	1	0.72260	0.57322	14.91810	1.03439	1	-0.01005	-0.01182	0.65371	0.00404	1	0.05860	-0.01731	0.68673	0.00410	1	1.45898	0.81042	0	
1231787	8309.11523	3303890751429	0.49626	0.32053	8308.40527	0.70996	10805	1	0.52020	0.30130	1	0.47820	0.35931	1	0.49920	0.33031	1	0.45887	0.54808	13.04241	1.04240	1	0.72254	0.57313	14.97155	1.04240	1	-0.01023	-0.01203	0.66860	0.00417	1	0.05860	-0.01731	0.68673	0.00413	1	1.45898	0.81042	0	
1231788	8309.12305	3303890821072	0.49641	0.32121	8308.40527	0.71777	10805	1	0.52519	0.33686	1	0.49421	0.34884	1	0.50970	0.34285	1	0.45903	0.54864	13.30138	1.05042	1	0.72279	0.57316	14.52343	1.05042	1	-0.01023	-0.01203	0.66860	0.00398	1	0.05860	-0.01731	0.68673	0.00407	1	1.45898	0.81042	0	
1231789	8309.12891	3303890887507	0.49692	0.32109	8308.40527	0.72363	10805	1	0.52776	0.29357	1	0.49570	0.33639	1	0.51173	0.31498	1	0.45912	0.54850	13.41042	1.05844	1	0.72288	0.57286	14.01525	1.05844	1	-0.01023	-0.01203	0.66860	0.00395	1	0.05860	-0.01731	0.68673	0.00417	1	1.45898	0.81042	0	
1231790	8309.13574	3303890954155	0.49742	0.32070	8308.40527	0.73047	10805	1	0.52776	0.29357	1	0.49570	0.33639	1	0.51173	0.31498	1	0.45902	0.54851	13.30023	1.05844	1	0.72245	0.57314	15.09680	1.05844	1	-0.01005	-0.01182	0.65371	0.00402	1	0.05860	-0.01731	0.68673	0.00413	1	1.45898	0.81042	0	
1231791	8309.14258	3303891021947	0.49772	0.31995	8308.40527	0.73730	10805	1	0.52701	0.24295	1	0.49355	0.35648	1	0.51028	0.29972	1	0.45907	0.54858	13.29492	1.05042	1	0.72282	0.57303	14.58372	1.05042	1	-0.01005	-0.01182	0.65371	0.00400	1	0.05860	-0.01731	0.68673	0.00409	1	1.45898	0.81042	0	
1231792	8309.14941	3303891088282	0.49790	0.32002	8308.40527	0.74414	10805	1	0.52661	0.31383	1	0.47985	0.36204	1	0.50323	0.33794	1	0.45908	0.54858	13.24956	1.04240	1	0.72261	0.57330	14.96806	1.04240	1	-0.01005	-0.01182	0.65371	0.00400	1	0.05860	-0.01731	0.68673	0.00407	1	1.45898	0.81042	0	
1231793	8309.15625	3303891154880	0.49807	0.32011	8308.40527	0.75098	10805	1	0.52745	0.32049	1	0.47951	0.36850	1	0.50348	0.34450	1	0.45877	0.54860	12.75537	1.03439	1	0.72296	0.57324	14.24766	1.03439	1	-0.01005	-0.01182	0.65371	0.00393	1	0.05860	-0.01731	0.68673	0.00407	1	1.45898	0.81042	0	
1231794	8309.16309	3303891222148	0.49783	0.31933	8308.40527	0.75781	10805	1	0.52382	0.27662	1	0.47926	0.36917	1	0.50154	0.32289	1	0.45891	0.54827	12.86900	1.03439	1	0.72272	0.57314	14.87132	1.03439	1	-0.01005	-0.01182	0.65371	0.00400	1	0.05860	-0.01731	0.68673	0.00403	1	1.45898	0.81042	0	
1231795	8309.16895	3303891288235	0.49837	0.31994	8308.40527	0.76367	10805	1	0.52206	0.29131	1	0.50575	0.37702	1	0.51390	0.33416	1	0.45901	0.54850	13.01929	1.03439	1	0.72303	0.57312	14.07233	1.03439	1	-0.01005	-0.01182	0.65371	0.00403	1	0.05860	-0.01731	0.68673	0.00411	1	1.45898	0.81042	0	
1231796	8309.17578	3303891356462	0.49892	0.32096	8308.40527	0.77051	10805	1	0.52206	0.29131	1	0.50575	0.37702	1	0.51390	0.33416	1	0.45885	0.54776	12.89643	1.03439	1	0.72302	0.57301	14.03327	1.03439	1	-0.01005	-0.01186	0.65371	0.00419	1	0.05860	-0.01731	0.68673	0.00416	1	1.45898	0.81042	0	
1231797	8309.18262	3303891423375	0.49933	0.32076	8308.40527	0.77734	10805	1	0.52634	0.25986	1	0.48104	0.37496	1	0.50369	0.31741	1	0.45887	0.54781	13.04315	1.03439	1	0.72261	0.57330	14.96806	1.03439	1	-0.01005	-0.01186	0.65371	0.00415	1	0.05860	-0.01731	0.68673	0.00407	1	1.45898	0.81042	0	
1231798	8309.18945	3303891490477	0.49947	0.32291	8308.40527	0.78418	10805	1	0.52624	0.33494	1	0.48536	0.35702	1	0.50580	0.34598	1	0.45894	0.54830	12.97767	1.03439	1	0.72279	0.57288	14.51067	1.03439	1	-0.01005	-0.01186	0.65371	0.00400	1	0.05860	-0.01731	0.68673	0.00412	1	1.45898	0.81042	0	
1231799	8309.19629	3303891557239	0.49962	0.32477	8308.40527	0.79102	10805	1	0.52624	0.33494	1	0.48536	0.35702	1	0.50580	0.34598	1	0.45907	0.54870	14.49999	1.03439	1	0.72287	0.57296	14.25900	1.03439	1	-0.01005	-0.01182	0.65371	0.00387	1	0.05860	-0.01731	0.68673	0.00416	1	1.45898	0.81042	0	
1231800	8309.20312	3303891624553	0.49954	0.32426	8308.40527	0.79785	10805	1	0.50282	0.27972	1	0.48138	0.38244	1	0.49210	0.33108	1	0.45845	0.54814	13.81514	1.03439	1	0.72277	0.57329	14.62881	1.03439	1	-0.01005	-0.01182	0.65371	0.00400	1	0.05860	-0.01731	0.68673	0.00405	1	1.45898	0.81042	0	
1231801	8309.20898	3303891689370	0.49970	0.32290	8308.40527	0.80371	10805	1	0.50461	0.19964	1	0.49924	0.34869	1	0.50192	0.27417	1	0.45868	0.54836	13.90421	1.03439	1	0.72296	0.57311	14.16898	1.03439	1	-0.01005	-0.01182	0.65371	0.00382	1	0.05860	-0.01731	0.68673	0.00412	1	1.45898	0.81042	0	
1231802	8309.21582	3303891758006	0.49984	0.32128	8308.40527	0.81055	10805	1	0.50461	0.19964	1	0.49924	0.34869	1	0.50192	0.27417	1	0.45841	0.54732	13.29488	1.03439	1	0.72303	0.57312	14.07233	1.03439	1	-0.01005	-0.01186	0.65371	0.00410	1	0.05860	-0.01731	0.68673	0.00410	1	1.45898	0.81042	0	
1231803	8309.22266	3303891825114	0.49983	0.32003	8308.40527	0.81738	10805	1	0.50976	0.18058	1	0.49132	0.36573	1	0.50054	0.27315	1	0.45867	0.54737	12.89300	1.03439	1	0.72281	0.57316	14.45039	1.03439	1	-0.01005	-0.01186	0.65371	0.00411	1	0.05860	-0.01731	0.68673	0.00406	1	1.45898	0.81042	0	
1231804	8309.22949	3303891892210	0.50068	0.31901	8308.40527	0.82422	10805	1	0.54223	0.25955	1	0.50272	0.32441	1	0.52248	0.29198	1	0.45879	0.54787	12.77710	1.03439	1	0.72300	0.57248	13.98847	1.03439	1	-0.01005	-0.01186	0.65371	0.00393	1	0.05860	-0.01731	0.68673	0.00439	1	1.45898	0.81042	0	
1231805	8309.23633	3303891959455	0.50156	0.31839	8308.40527	0.83105	10805	1	0.54223	0.25955	1	0.50272	0.32441	1	0.52248	0.29198	1	0.45870	0.54726	12.77197	1.03439	1	0.72270	0.57280	14.32244	1.03439	1	-0.01005	-0.01186	0.65371	0.00416	1	0.05860	-0.01731	0.68673	0.00407	1	1.45898	0.81042	0	
1231806	8309.24316	3303892024308	0.50159	0.31779	8308.40527	0.83789	10805	1	0.52139	0.22344	1	0.48620	0.34626	1	0.50380	0.28485	1	0.45843	0.54709	13.42876	1.03439	1	0.72269	0.57278	14.31545	1.03439	1	-0.01005	-0.01186	0.65371	0.00418	1	0.05860	-0.01731	0.68673	0.00406	1	1.45898	0.81042	0	
1231807	8309.24902	3303892089666	0.50167	0.31787	8308.40527	0.84375	10805	1	0.48689	0.24613	1	0.49536	0.32735	1	0.49112	0.28674	1	0.45847	0.54715	13.50325	1.03439	1	0.72286	0.57271	13.97632	1.03439	1	-0.01005	-0.01186	0.65371	0.00418	1	0.05860	-0.01731	0.68673	0.00402	1	1.45898	0.81042	0	
1231808	8309.25684	3303892159899	0.50175	0.31809	8308.40527	0.85156	10805	1	0.48689	0.24613	1	0.49536	0.32735	1	0.49112	0.28674	1	0.45841	0.54749	13.69514	1.03439	1	0.72274	0.57229	13.97049	1.03439	1	-0.01005	-0.01186	0.65371	0.00413	1	0.05860	-0.01736	0.68673	0.00439	1	1.45898	0.81042	0	
1231809	8309.26367	3303892227025	0.50182	0.31798	8308.40527	0.85840	10805	1	0.51851	0.29891	1	0.46375	0.25217	1	0.49113	0.27554	1	0.45888	0.54870	13.12376	1.03439	1	0.72274	0.57207	13.97330	1.03439	1	-0.01005	-0.01186	0.65371	0.00412	1	0.05860	-0.01736	0.68673	0.00444	1	1.45898	0.81042	0	
1231810	8309.26953	3303892294044	0.50111	0.29251	8308.40527	0.85840	10805	0	0.53891	0.27426	1	0.43902	0.31317	1	0.48897	0.29371	1	0.45943	0.54902	14.20169	1.03439	1	0.72270	0.57361	15.19266	1.03439	1	-0.01005	-0.01186	0.65371	0.00402	1	0.05860	-0.01736	0.68673	0.00408	1	1.45898	0.81042	0	
1231811	8309.27637	3303892359046	0.49486	0.28964	8308.40527	0.85840	10805	0	0.53815	0.26724	1	0.43905	0.30631	1	0.48860	0.28678	1	0.46117	0.54962	13.47465	1.04240	1	0.72504	0.57487	14.33161	1.04240	1	-0.01014	-0.01260	0.68318	0.00379	1	0.05830	-0.01745	0.67846	0.00390	1	1.45898	0.81042	0	
1231812	8309.28320	3303892428290	0.52434	0.29949	8308.40527	0.85840	10805	0	0.58754	0.27392	1	0.57909	0.36442	1	0.58332	0.31917	1	0.46193	0.55064	13.72207	1.05042	1	0.72618	0.57516	15.06591	1.05042	1	-0.01014	-0.01260	0.68318	0.00372	1	0.05830	-0.01745	0.67846	0.00386	1	1.45898	0.81042	0	
1231813	8309.29004	3303892495011	0.52629	0.29758	8309.26953	0.02051	10806	1	0.53265	0.23502	1	0.53163	0.34871	1	0.53214	0.29186	1	0.46219	0.54994	13.47474	1.05844	1	0.72612	0.57510	14.22467	1.05844	1	-0.01014	-0.01260	0.68318	0.00400	1	0.05830	-0.01745	0.67846	0.00386	1	1.45898	0.81042	0	
1231814	8309.29688	3303892561867	0.52733	0.29761	8309.26953	0.02734	10806	1	0.53265	0.23502	1	0.53035	0.36043	1	0.53150	0.29772	1	0.46546	0.55197	14.30488	1.05844	1	0.72923	0.57706	14.55350	1.04397	1	-0.00901	-0.01231	0.65663	0.00367	1	0.05543	-0.01664	0.63954	0.00378	1	1.45898	0.81042	0	
1231815	8309.30371	3303892627722	0.55551	0.32821	8309.26953	0.03418	10806	1	0.74418	0.43624	1	0.64861	0.52622	1	0.69639	0.48123	1	0.46650	0.55245	13.84362	1.03595	1	0.72988	0.57762	13.86154	1.02148	1	-0.00901	-0.01231	0.65663	0.00370	1	0.05543	-0.01664	0.63954	0.00399	1	1.45898	0.81042	0	
1231816	8309.31055	3303892695929	0.57274	0.35284	8309.26953	0.04102	10806	1	0.70635	0.47340	1	0.64584	0.52776	1	0.67610	0.50058	1	0.46647	0.55236	14.02737	1.01347	1	0.72988	0.57754	14.08054	0.99900	1	-0.00901	-0.01231	0.65663	0.00368	1	0.05543	-0.01664	0.63954	0.00404	1	1.45898	0.81042	0	
1231817	8309.31641	3303892761923	0.58561	0.37193	8309.26953	0.04688	10806	1	0.70563	0.48336	1	0.64584	0.52776	1	0.67574	0.50556	1	0.46732	0.55324	14.44695	0.99900	1	0.73089	0.57822	14.33353	0.99900	1	-0.00937	-0.01307	0.69437	0.00378	1	0.05905	-0.01785	0.68002	0.00384	1	1.45898	0.81042	0	
1231818	8309.32324	3303892828133	0.60035	0.38729	8309.26953	0.05371	10806	1	0.75292	0.45548	1	0.68350	0.56495	1	0.71821	0.51021	1	0.46723	0.55323	14.62869	1.00702	1	0.73047	0.57801	13.84016	1.02148	1	-0.00937	-0.01307	0.69437	0.00370	1	0.05905	-0.01785	0.68002	0.00379	1	1.45898	0.81042	0	
1231819	8309.33008	3303892896962	0.61490	0.40068	8309.26953	0.06055	10806	1	0.78844	0.47336	1	0.70331	0.56897	1	0.74587	0.52116	1	0.46721	0.55325	14.23857	1.02950	1	0.73069	0.57830	14.11672	1.04397	1	-0.00937	-0.01307	0.69437	0.00381	1	0.05905	-0.01785	0.68002	0.00373	1	1.45898	0.81042	0	
1231820	8309.33691	3303892963667	0.62705	0.41078	8309.26953	0.06738	10806	1	0.79017	0.46361	1	0.70693	0.56000	1	0.74855	0.51180	1	0.46708	0.55313	13.63517	1.04397	1	0.73056	0.57839	14.53101	1.05844	1	-0.00889	-0.01233	0.65490	0.00395	1	0.05905	-0.01780	0.68002	0.00370	1	1.45898	0.81042	0	
1231821	8309.34375	3303893030752	0.63601	0.42088	8309.26953	0.07422	10806	1	0.77178	0.46007	1	0.69752	0.60376	1	0.73465	0.53192	1	0.46710	0.55345	13.61415	1.05042	1	0.73056	0.57866	14.18963	1.05042	1	-0.00889	-0.01233	0.65490	0.00375	1	0.05905	-0.01780	0.68002	0.00386	1	1.45898	0.81042	0	
1231822	8309.35059	3303893097435	0.64354	0.42764	8309.26953	0.08105	10806	1	0.77302	0.40132	1	0.69457	0.61621	1	0.73379	0.50876	1	0.46726	0.55286	13.81360	1.04240	1	0.73061	0.57876	14.01218	1.04240	1	-0.00889	-0.01233	0.65490	0.00389	1	0.05905	-0.01780	0.68002	0.00390	1	1.45898	0.81042	0	
1231823	8309.35742	3303893164808	0.67572	0.45783	8309.26953	0.08105	10806	0	0.77219	0.40720	1	0.69262	0.62081	1	0.73241	0.51401	1	0.46671	0.55351	14.15843	1.03439	1	0.73031	0.57829	14.22081	1.03439	1	-0.00901	-0.01236	0.65663	0.00368	1	0.05905	-0.01785	0.68002	0.00386	1	1.45898	0.81042	0	
1231824	8309.36328	3303893231547	0.68908	0.48325	8309.26953	0.08105	10806	0	0.73009	0.43841	1	0.67479	0.57893	1	0.70244	0.50867	1	0.46655	0.55337	14.41295	1.03439	1	0.73032	0.57835	14.30854	1.03439	1	-0.00901	-0.01236	0.65663	0.00367	1	0.05905	-0.01785	0.68002	0.00388	1	1.45898	0.81042	0	
1231825	8309.37012	3303893299073	0.70088	0.48927	8309.26953	0.08105	10806	0	0.75594	0.43223	1	0.69302	0.57041	1	0.72448	0.50132	1	0.46664	0.55338	14.35102	1.03439	1	0.73019	0.57820	14.19423	1.03439	1	-0.00901	-0.01236	0.65663	0.00366	1	0.05905	-0.01785	0.68002	0.00384	1	1.45898	0.81042	0	
1231826	8309.37695	3303893365334	0.70688	0.49154	8309.35742	0.01953	10807	1	0.75667	0.42653	1	0.69311	0.57018	1	0.72489	0.49836	1	0.46646	0.55304	13.95072	1.04240	1	0.73043	0.57846	14.27341	1.03474	1	-0.00954	-0.01301	0.69111	0.00369	1	0.05830	-0.01764	0.67206	0.00385	1	1.45898	0.81042	0	
1231827	8309.38379	3303893431208	0.71276	0.49561	8309.35742	0.02637	10807	1	0.76168	0.44098	1	0.71087	0.58273	1	0.73627	0.51186	1	0.46649	0.55303	14.04830	1.04276	1	0.73050	0.57827	14.15184	1.03510	1	-0.00954	-0.01301	0.69111	0.00369	1	0.05830	-0.01764	0.67206	0.00400	1	1.45898	0.81042	0	
1231828	8309.39062	3303893498476	0.71607	0.49931	8309.35742	0.03320	10807	1	0.75443	0.45961	1	0.71077	0.57598	1	0.73260	0.51780	1	0.46637	0.55317	14.27154	1.04312	1	0.73041	0.57828	14.02237	1.03546	1	-0.00954	-0.01301	0.69111	0.00372	1	0.05830	-0.01764	0.67206	0.00382	1	1.45898	0.81042	0	
1231829	8309.39746	3303893566475	0.71811	0.50296	8309.35742	0.04004	10807	1	0.75375	0.46482	1	0.70702	0.58493	1	0.73038	0.52488	1	0.46636	0.55335	14.26739	1.03546	1	0.73056	0.57807	13.85451	1.02099	1	-0.00904	-0.01226	0.65139	0.00360	1	0.05543	-0.01674	0.63954	0.00388	1	1.45898	0.81042	0	
1231830	8309.40332	3303893632065	0.72166	0.50362	8309.35742	0.04590	10807	1	0.78070	0.44272	1	0.71225	0.57372	1	0.74648	0.50822	1	0.46637	0.55287	14.03977	1.01297	1	0.73062	0.57800	13.88359	1.00617	1	-0.00904	-0.01226	0.65139	0.00366	1	0.05543	-0.01674	0.63954	0.00380	1	1.45898	0.81042	0	
1231831	8309.41016	3303893700550	0.72326	0.50608	8309.35742	0.05273	10807	1	0.77956	0.47433	1	0.69267	0.57732	1	0.73611	0.52582	1	0.46633	0.55312	13.89051	0.99815	1	0.73038	0.57796	14.25290	0.99134	1	-0.00904	-0.01226	0.65139	0.00353	1	0.05543	-0.01674	0.63954	0.00386	1	1.45898	0.81042	0	
1231832	8309.41699	3303893767582	0.72436	0.50883	8309.35742	0.05957	10807	1	0.77784	0.48463	1	0.69064	0.58248	1	0.73424	0.53355	1	0.46628	0.55324	14.73273	0.98332	1	0.73039	0.57794	14.22308	0.98332	1	-0.00904	-0.01226	0.65139	0.00352	1	0.05830	-0.01764	0.67206	0.00387	1	1.45898	0.81042	0	
1231833	8309.42383	3303893834338	0.72575	0.51270	8309.35742	0.06641	10807	1	0.77762	0.50861	1	0.70166	0.59410	1	0.73964	0.55135	1	0.46636	0.55310	14.44186	0.98332	1	0.73051	0.57814	14.11817	0.99013	1	-0.00904	-0.01226	0.65139	0.00352	1	0.05830	-0.01764	0.67206	0.00389	1	1.45898	0.81042	0	
1231834	8309.43066	3303893901315	0.72615	0.51517	8309.35742	0.07324	10807	1	0.75819	0.49510	1	0.70283	0.58974	1	0.73051	0.54242	1	0.46623	0.55326	14.76422	0.99013	1	0.73043	0.57811	14.18438	0.99694	1	-0.00904	-0.01226	0.65139	0.00354	1	0.05830	-0.01764	0.67206	0.00386	1	1.45898	0.81042	0	
1231835	8309.43750	3303893968324	0.72658	0.51693	8309.35742	0.08008	10807	1	0.75885	0.49047	1	0.70461	0.58546	1	0.73173	0.53796	1	0.46639	0.55329	14.59299	0.99694	1	0.73035	0.57817	14.03440	1.00375	1	-0.00904	-0.01226	0.65139	0.00355	1	0.05668	-0.01710	0.65337	0.00376	1	1.45898	0.81042	0	
1231836	8309.44434	3303894034849	0.72645	0.51606	8309.35742	0.08691	10807	1	0.76565	0.44335	1	0.68401	0.56627	1	0.72483	0.50481	1	0.46647	0.55273	14.23061	1.00375	1	0.73023	0.57790	14.18482	1.00375	1	-0.00904	-0.01226	0.65139	0.00368	1	0.05668	-0.01710	0.65337	0.00383	1	1.45898	0.81042	0	
1231837	8309.45117	3303894102685	0.72727	0.51632	8309.35742	0.09375	10807	1	0.78532	0.48291	1	0.69208	0.55690	1	0.73870	0.51991	1	0.46638	0.55315	14.46265	1.00375	1	0.73028	0.57806	14.13952	1.00375	1	-0.00904	-0.01226	0.65139	0.00353	1	0.05668	-0.01710	0.65337	0.00388	1	1.45898	0.81042	0	
1231838	8309.45703	3303894169260	0.72804	0.51638	8309.35742	0.09961	10807	1	0.78532	0.48291	1	0.69398	0.55187	1	0.73965	0.51739	1	0.46634	0.55335	14.73627	1.00375	1	0.73033	0.57843	14.26886	1.01141	1	-0.00926	-0.01251	0.66722	0.00364	1	0.05905	-0.01785	0.68002	0.00383	1	1.45898	0.81042	0	
1231839	8309.46387	3303894234057	0.72792	0.51767	8309.35742	0.10645	10807	1	0.77745	0.48783	1	0.67434	0.58853	1	0.72590	0.53818	1	0.46649	0.55327	14.40016	1.01141	1	0.73028	0.57833	14.27737	1.01907	1	-0.00926	-0.01251	0.66722	0.00374	1	0.05905	-0.01785	0.68002	0.00381	1	1.45898	0.81042	0	
1231840	8309.47070	3303894300507	0.72778	0.51774	8309.35742	0.11328	10807	1	0.75600	0.46198	1	0.69478	0.57585	1	0.72539	0.51892	1	0.46648	0.55336	14.37956	1.01907	1	0.73060	0.57812	13.71005	1.02673	1	-0.00926	-0.01251	0.66722	0.00370	1	0.05905	-0.01785	0.68002	0.00405	1	1.45898	0.81042	0	
1231841	8309.47656	3303894365587	0.72779	0.51725	8309.35742	0.11914	10807	1	0.75745	0.45112	1	0.69864	0.56608	1	0.72804	0.50860	1	0.46628	0.55297	13.79208	1.03474	1	0.73040	0.57817	13.75688	1.04240	1	-0.00954	-0.01301	0.69111	0.00372	1	0.05905	-0.01780	0.68002	0.00395	1	1.45898	0.81042	0	
1231842	8309.48340	3303894433693	0.72741	0.51635	8309.35742	0.12598	10807	1	0.76366	0.45000	1	0.67693	0.54821	1	0.72030	0.49911	1	0.46650	0.55311	14.19464	1.05042	1	0.73024	0.57804	14.21034	1.05042	1	-0.00954	-0.01301	0.69111	0.00363	1	0.05905	-0.01780	0.68002	0.00371	1	1.45898	0.81042	0	
1231843	8309.49023	3303894500664	0.72725	0.51522	8309.35742	0.13281	10807	1	0.75535	0.42788	1	0.69275	0.55758	1	0.72405	0.49273	1	0.46646	0.55296	14.02195	1.05844	1	0.73042	0.57821	14.02570	1.05844	1	-0.00954	-0.01301	0.69111	0.00366	1	0.05905	-0.01780	0.68002	0.00366	1	1.45898	0.81042	0	
1231844	8309.49707	3303894567820	0.72711	0.51420	8309.35742	0.13965	10807	1	0.75535	0.42788	1	0.69275	0.55758	1	0.72405	0.49273	1	0.46638	0.55296	14.00704	1.05844	1	0.73056	0.57825	13.34290	1.05844	1	-0.00901	-0.01236	0.65663	0.00367	1	0.05905	-0.01785	0.68002	0.00372	1	1.45898	0.81042	0	
1231845	8309.50391	3303894634727	0.72700	0.51503	8309.35742	0.14648	10807	1	0.74610	0.47755	1	0.70323	0.58923	1	0.72467	0.53339	1	0.46655	0.55334	14.39606	1.05042	1	0.73062	0.57829	13.86421	1.05042	1	-0.00901	-0.01236	0.65663	0.00365	1	0.05905	-0.01785	0.68002	0.00373	1	1.45898	0.81042	0	
1231846	8309.51074	3303894702857	0.72621	0.51460	8309.35742	0.15332	10807	1	0.71370	0.43415	1	0.70209	0.57498	1	0.70789	0.50456	1	0.46641	0.55300	13.95680	1.04240	1	0.73066	0.57832	13.95799	1.04240	1	-0.00901	-0.01236	0.65663	0.00369	1	0.05905	-0.01785	0.68002	0.00371	1	1.45898	0.81042	0	
1231847	8309.51758	3303894769170	0.72543	0.51441	8309.35742	0.16016	10807	1	0.71327	0.43981	1	0.70008	0.57991	1	0.70668	0.50986	1	0.46665	0.55334	14.16958	1.03439	1	0.73056	0.57832	14.14840	1.03439	1	-0.00901	-0.01236	0.65663	0.00367	1	0.05905	-0.01785	0.68002	0.00376	1	1.45898	0.81042	0	
1231848	8309.52441	3303894836525	0.72503	0.51468	8309.35742	0.16699	10807	1	0.73510	0.44728	1	0.69535	0.59568	1	0.71522	0.52148	1	0.46664	0.55335	14.14892	1.03439	1	0.73062	0.57851	13.58484	1.03439	1	-0.00901	-0.01236	0.65663	0.00368	1	0.05905	-0.01785	0.68002	0.00375	1	1.45898	0.81042	0	
1231849	8309.53027	3303894901553	0.72512	0.51529	8309.35742	0.17285	10807	1	0.75837	0.47311	1	0.69665	0.58926	1	0.72751	0.53118	1	0.46679	0.55350	13.85733	1.03439	1	0.73057	0.57854	13.71744	1.03439	1	-0.00901	-0.01236	0.65663	0.00368	1	0.05905	-0.01785	0.68002	0.00372	1	1.45898	0.81042	0	
1231850	8309.53711	3303894970038	0.72518	0.51594	8309.35742	0.17969	10807	1	0.75837	0.47311	1	0.69476	0.59390	1	0.72657	0.53350	1	0.46664	0.55313	13.57084	1.03439	1	0.73077	0.57873	13.89070	1.02673	1	-0.00901	-0.01236	0.65663	0.00367	1	0.05830	-0.01761	0.67091	0.00375	1	1.45898	0.81042	0	
1231851	8309.54395	3303895037224	0.72528	0.51711	8309.35742	0.18652	10807	1	0.75468	0.48334	1	0.70195	0.61607	1	0.72831	0.54970	1	0.46679	0.55350	13.85733	1.02673	1	0.73074	0.57873	13.95474	1.01907	1	-0.00901	-0.01236	0.65663	0.00368	1	0.05830	-0.01761	0.67091	0.00372	1	1.45898	0.81042	0	
1231852	8309.55078	3303895104667	0.72505	0.51777	8309.35742	0.19336	10807	1	0.73658	0.45325	1	0.69988	0.62102	1	0.71823	0.53714	1	0.46656	0.55309	13.50087	1.01907	1	0.73073	0.57867	13.85788	1.01141	1	-0.00901	-0.01236	0.65663	0.00370	1	0.05830	-0.01761	0.67091	0.00376	1	1.45898	0.81042	0	
1231853	8309.55762	3303895170012	0.72472	0.51877	8309.35742	0.20020	10807	1	0.73546	0.46364	1	0.69436	0.63370	1	0.71491	0.54867	1	0.46677	0.55302	13.18794	1.00428	1	0.73065	0.57862	14.11623	0.98981	1	-0.00888	-0.01225	0.65058	0.00367	1	0.05423	-0.01637	0.62350	0.00376	1	1.45898	0.81042	0	
1231854	8309.56445	3303895237704	0.72488	0.52069	8309.35742	0.20703	10807	1	0.75197	0.51993	1	0.70781	0.64063	1	0.72989	0.58028	1	0.46678	0.55319	13.35292	0.98269	1	0.73100	0.57844	13.89530	0.97588	1	-0.00888	-0.01225	0.65058	0.00367	1	0.05423	-0.01637	0.62350	0.00396	1	1.45898	0.81042	0	
1231855	8309.57129	3303895307852	0.72445	0.52210	8309.35742	0.21387	10807	1	0.74127	0.49854	1	0.68004	0.63585	1	0.71065	0.56720	1	0.46669	0.55305	13.17889	0.96875	1	0.73071	0.57849	13.92938	0.96195	1	-0.00888	-0.01225	0.65058	0.00366	1	0.05423	-0.01637	0.62350	0.00376	1	1.45898	0.81042	0	
1231856	8309.57812	3303895375238	0.72401	0.52356	8309.35742	0.22070	10807	1	0.74069	0.50326	1	0.67834	0.63994	1	0.70952	0.57160	1	0.46674	0.55317	13.20193	0.96195	1	0.73127	0.57875	13.53797	0.95514	1	-0.00889	-0.01233	0.65490	0.00367	1	0.05423	-0.01637	0.62350	0.00367	1	1.45898	0.81042	0	
1231857	8309.58496	3303895440253	0.72401	0.52462	8309.35742	0.22754	10807	1	0.74856	0.50567	1	0.69951	0.61572	1	0.72403	0.56070	1	0.46671	0.55319	13.26202	0.96226	1	0.73109	0.57824	13.90278	0.96226	1	-0.00889	-0.01233	0.65490	0.00366	1	0.05423	-0.01637	0.62350	0.00371	1	1.45898	0.81042	0	
1231858	8309.59180	3303895509223	0.72396	0.52543	8309.35742	0.23438	10807	1	0.74928	0.49747	1	0.69465	0.61043	1	0.72197	0.55395	1	0.46676	0.55325	13.07026	0.96939	1	0.73093	0.57815	13.87642	0.96939	1	-0.00889	-0.01233	0.65490	0.00368	1	0.05423	-0.01637	0.62350	0.00367	1	1.45898	0.81042	0	
1231859	8309.59766	3303895576494	0.72399	0.52596	8309.35742	0.24023	10807	1	0.74994	0.49253	1	0.70029	0.59696	1	0.72512	0.54474	1	0.46668	0.55310	13.17029	0.97652	1	0.73136	0.57816	13.55402	0.99098	1	-0.00889	-0.01233	0.65490	0.00356	1	0.05852	-0.01768	0.67164	0.00374	1	1.45898	0.81042	0	
1231860	8309.60449	3303895642895	0.72034	0.55450	8309.35742	0.24023	10807	0	0.72836	0.50687	1	0.68647	0.64390	1	0.70742	0.57538	1	0.46696	0.55336	12.94676	0.99098	1	0.73129	0.57871	13.33855	1.00545	1	-0.00889	-0.01233	0.65490	0.00354	1	0.05852	-0.01768	0.67164	0.00384	1	1.45898	0.81042	0	
1231861	8309.61133	3303895709661	0.71923	0.55625	8309.35742	0.24023	10807	0	0.73667	0.50077	1	0.69958	0.61523	1	0.71812	0.55800	1	0.46696	0.55336	12.94676	1.00545	1	0.73148	0.57858	13.08856	1.01992	1	-0.00889	-0.01233	0.65490	0.00354	1	0.05852	-0.01768	0.67164	0.00381	1	1.45898	0.81042	0	
1231862	8309.61816	3303895777312	0.72010	0.55214	8309.35742	0.24023	10807	0	0.73840	0.48581	1	0.70526	0.60200	1	0.72183	0.54390	1	0.46717	0.55341	13.46178	1.02793	1	0.73139	0.57860	13.53093	1.04240	1	-0.00937	-0.01307	0.69437	0.00354	1	0.05852	-0.01768	0.67164	0.00366	1	1.45898	0.81042	0	
1231863	8309.62500	3303895843822	0.71966	0.54894	8309.60449	0.02051	10808	1	0.74478	0.49831	1	0.69190	0.58043	1	0.71834	0.53937	1	0.46751	0.55372	13.90251	1.05042	1	0.73126	0.57838	13.31892	1.05042	1	-0.00937	-0.01307	0.69437	0.00358	1	0.05852	-0.01768	0.67164	0.00363	1	1.45898	0.81042	0	
1231864	8309.63184	3303895910693	0.72060	0.54530	8309.60449	0.02734	10808	1	0.74957	0.47530	1	0.69916	0.58614	1	0.72437	0.53072	1	0.46746	0.55364	13.81197	1.05844	1	0.73129	0.57861	13.48577	1.05844	1	-0.00937	-0.01307	0.69437	0.00359	1	0.05852	-0.01768	0.67164	0.00372	1	1.45898	0.81042	0	
1231865	8309.63867	3303895977637	0.72115	0.54275	8309.60449	0.03418	10808	1	0.75025	0.47004	1	0.69760	0.58998	1	0.72392	0.53001	1	0.46755	0.55333	13.12712	1.06645	1	0.73119	0.57863	13.07215	1.05198	1	-0.00916	-0.01291	0.68598	0.00358	1	0.05621	-0.01695	0.64402	0.00374	1	1.45898	0.81042	0	
1231866	8309.64453	3303896044915	0.72245	0.53864	8309.60449	0.04004	10808	1	0.75937	0.40851	1	0.70114	0.61940	1	0.73025	0.51395	1	0.46761	0.55300	13.06955	1.05198	1	0.73146	0.57921	13.50923	1.03752	1	-0.00916	-0.01291	0.68598	0.00360	1	0.05621	-0.01695	0.64402	0.00397	1	1.45898	0.81042	0	
1231867	8309.65137	3303896109879	0.72227	0.54170	8309.60449	0.04688	10808	1	0.74531	0.45390	1	0.69665	0.67230	1	0.72098	0.56310	1	0.46754	0.55325	12.87190	1.03752	1	0.73148	0.57927	13.12327	1.02305	1	-0.00916	-0.01291	0.68598	0.00353	1	0.05621	-0.01695	0.64402	0.00393	1	1.45898	0.81042	0	
1231868	8309.65820	3303896179661	0.72206	0.54463	8309.60449	0.05371	10808	1	0.74413	0.46387	1	0.69665	0.67230	1	0.72039	0.56809	1	0.46791	0.55355	13.39607	1.02305	1	0.73180	0.57907	12.92869	1.02305	1	-0.00911	-0.01299	0.69027	0.00350	1	0.06000	-0.01806	0.68622	0.00390	1	1.45898	0.81042	0	
1231869	8309.66504	3303896246504	0.72349	0.54088	8309.60449	0.06055	10808	1	0.75853	0.44723	1	0.71412	0.56714	1	0.73632	0.50719	1	0.46817	0.55306	13.27752	1.02305	1	0.73207	0.57910	12.90887	1.03752	1	-0.00911	-0.01299	0.69027	0.00369	1	0.06000	-0.01806	0.68622	0.00398	1	1.45898	0.81042	0	
1231870	8309.67188	3303896312995	0.72471	0.54072	8309.60449	0.06738	10808	1	0.75043	0.44943	1	0.72336	0.62872	1	0.73690	0.53908	1	0.46803	0.55288	12.99185	1.03752	1	0.73211	0.57916	12.90724	1.05198	1	-0.00911	-0.01299	0.69027	0.00381	1	0.06000	-0.01806	0.68622	0.00403	1	1.45898	0.81042	0	
1231871	8309.67871	3303896380020	0.72582	0.54025	8309.60449	0.07422	10808	1	0.75098	0.44496	1	0.72509	0.62512	1	0.73803	0.53504	1	0.46793	0.55329	13.24256	1.04397	1	0.73194	0.57921	13.41378	1.05844	1	-0.00862	-0.01237	0.65727	0.00361	1	0.06000	-0.01806	0.68622	0.00396	1	1.45898	0.81042	0	
1231872	8309.68555	3303896446964	0.72415	0.53817	8309.60449	0.08105	10808	1	0.71775	0.46882	1	0.69043	0.55765	1	0.70409	0.51323	1	0.46791	0.55332	13.28740	1.05042	1	0.73201	0.57913	13.36253	1.05042	1	-0.00862	-0.01237	0.65727	0.00367	1	0.06000	-0.01806	0.68622	0.00393	1	1.45898	0.81042	0	
1231873	8309.69141	3303896513378	0.72263	0.53623	8309.60449	0.08691	10808	1	0.72501	0.47323	1	0.68086	0.54885	1	0.70293	0.51104	1	0.46793	0.55337	13.27648	1.04240	1	0.73194	0.57888	13.22710	1.04240	1	-0.00862	-0.01237	0.65727	0.00360	1	0.06000	-0.01806	0.68622	0.00399	1	1.45898	0.81042	0	
1231874	8309.69824	3303896581129	0.72124	0.53490	8309.60449	0.09375	10808	1	0.72449	0.47859	1	0.67902	0.55397	1	0.70176	0.51628	1	0.46833	0.55316	13.00557	1.03439	1	0.73206	0.57952	12.44216	1.03439	1	-0.00860	-0.01230	0.65576	0.00360	1	0.06000	-0.01806	0.68622	0.00381	1	1.45898	0.81042	0	
1231875	8309.70508	3303896648188	0.72106	0.53406	8309.60449	0.10059	10808	1	0.74593	0.44938	1	0.69093	0.59359	1	0.71843	0.52148	1	0.46835	0.55316	12.71974	1.03439	1	0.73211	0.57937	12.71821	1.03439	1	-0.00860	-0.01230	0.65576	0.00362	1	0.06000	-0.01806	0.68622	0.00377	1	1.45898	0.81042	0	
1231876	8309.71191	3303896710824	0.72131	0.53265	8309.60449	0.10742	10808	1	0.75152	0.45341	1	0.69888	0.56654	1	0.72520	0.50997	1	0.46840	0.55289	12.82677	1.03439	1	0.73226	0.57915	12.43338	1.03439	1	-0.00860	-0.01230	0.65576	0.00380	1	0.06000	-0.01806	0.68622	0.00405	1	1.45898	0.81042	0	
1231877	8309.71777	3303896777183	0.72142	0.53164	8309.60449	0.11328	10808	1	0.75152	0.45341	1	0.69529	0.57562	1	0.72340	0.51452	1	0.46867	0.55354	12.63706	1.03439	1	0.73221	0.57904	12.34346	1.01992	1	-0.00860	-0.01230	0.65576	0.00373	1	0.05626	-0.01691	0.64243	0.00410	1	1.45898	0.81042	0	
1231878	8309.72559	3303896848580	0.72204	0.53212	8309.60449	0.12109	10808	1	0.77192	0.49355	1	0.69445	0.58810	1	0.73318	0.54083	1	0.46865	0.55354	12.51005	1.01992	1	0.73226	0.57931	12.36341	1.00545	1	-0.00860	-0.01230	0.65576	0.00374	1	0.05626	-0.01691	0.64243	0.00384	1	1.45898	0.81042	0	
1231879	8309.73242	3303896915512	0.72226	0.53410	8309.60449	0.12793	10808	1	0.76265	0.49715	1	0.69030	0.64608	1	0.72648	0.57162	1	0.46867	0.55354	12.63706	1.00545	1	0.73218	0.57919	12.51316	0.99098	1	-0.00860	-0.01230	0.65576	0.00373	1	0.05626	-0.01691	0.64243	0.00373	1	1.45898	0.81042	0	
1231880	8309.73828	3303896982589	0.72234	0.53631	8309.60449	0.13379	10808	1	0.76119	0.50682	1	0.68666	0.65437	1	0.72392	0.58059	1	0.46856	0.55358	12.48940	0.99098	1	0.73239	0.57940	12.78549	0.97652	1	-0.00855	-0.01236	0.65926	0.00357	1	0.05626	-0.01691	0.64243	0.00381	1	1.45898	0.81042	0	
1231881	8309.74512	3303897049790	0.72258	0.53826	8309.60449	0.14062	10808	1	0.75696	0.53909	1	0.69811	0.61923	1	0.72754	0.57916	1	0.46859	0.55359	12.59879	0.97652	1	0.73238	0.57933	12.75234	0.97652	1	-0.00855	-0.01236	0.65926	0.00357	1	0.05626	-0.01691	0.64243	0.00378	1	1.45898	0.81042	0	
1231882	8309.75195	3303897116982	0.72259	0.54015	8309.60449	0.14746	10808	1	0.74985	0.54167	1	0.69576	0.62193	1	0.72281	0.58180	1	0.46859	0.55369	12.58814	0.97652	1	0.73239	0.57940	12.78549	0.97652	1	-0.00855	-0.01236	0.65926	0.00359	1	0.05626	-0.01691	0.64243	0.00381	1	1.45898	0.81042	0	AUDIO_FILE_OFFSET
1231883	8309.75879	3303897183828	0.72260	0.54189	8309.60449	0.15430	10808	1	0.74985	0.54167	1	0.69576	0.62193	1	0.72281	0.58180	1	0.46867	0.55330	12.47025	0.97652	1	0.73237	0.57931	12.64365	0.97652	1	-0.00855	-0.01236	0.65926	0.00362	1	0.05626	-0.01691	0.64243	0.00396	1	1.45898	0.81042	0	
1231884	8309.76562	3303897250561	0.72272	0.54229	8309.60449	0.16113	10808	1	0.76159	0.48920	1	0.68967	0.61472	1	0.72563	0.55196	1	0.46860	0.55314	12.31685	0.97652	1	0.73233	0.57934	12.95685	0.97652	1	-0.00855	-0.01236	0.65926	0.00363	1	0.05626	-0.01691	0.64243	0.00379	1	1.45898	0.81042	0	
1231885	8309.77246	3303897317890	0.72257	0.54343	8309.60449	0.16797	10808	1	0.75888	0.53123	1	0.67873	0.61254	1	0.71880	0.57188	1	0.46866	0.55358	12.50742	0.97652	1	0.73210	0.57881	12.08995	0.97652	1	-0.00855	-0.01236	0.65926	0.00354	1	0.05626	-0.01691	0.64243	0.00377	1	1.45898	0.81042	0	
1231886	8309.77930	3303897383840	0.72243	0.54448	8309.60449	0.17480	10808	1	0.75888	0.53123	1	0.67873	0.61254	1	0.71880	0.57188	1	0.46865	0.55356	12.53169	0.97652	1	0.73227	0.57909	12.38188	0.97652	1	-0.00855	-0.01236	0.65926	0.00353	1	0.05626	-0.01691	0.64243	0.00391	1	1.45898	0.81042	0	
1231887	8309.78516	3303897447432	0.72249	0.54464	8309.60449	0.18066	10808	1	0.75885	0.51361	1	0.68967	0.58397	1	0.72426	0.54879	1	0.46855	0.55345	12.46086	0.97652	1	0.73227	0.57890	12.49040	0.97652	1	-0.00855	-0.01236	0.65926	0.00351	1	0.05626	-0.01691	0.64243	0.00394	1	1.45898	0.81042	0	STOP_TRIAL
1232188	8311.80176	3303917612504	0.42385	0.43783	8311.72168	0.08008	10818	1	0.43184	0.44482	1	0.40655	0.37469	1	0.41920	0.40976	1	0.44101	0.56325	13.32245	1.04312	1	0.70810	0.58402	12.95004	1.03546	1	-0.01492	-0.01498	0.68615	0.00381	1	0.05274	-0.01864	0.65921	0.00388	1	1.45898	0.81042	0	START_TRIAL
1232189	8311.80859	3303917680378	0.42351	0.43559	8311.72168	0.08691	10818	1	0.43177	0.44457	1	0.40634	0.36833	1	0.41906	0.40645	1	0.44202	0.56410	13.07992	1.04347	1	0.70871	0.58539	13.38732	1.04347	1	-0.01475	-0.01532	0.68759	0.00348	1	0.05483	-0.01973	0.68342	0.00344	1	1.45898	0.81042	0	
1232190	8311.81543	3303917747133	0.42333	0.43701	8311.72168	0.09375	10818	1	0.42984	0.47620	1	0.41186	0.43767	1	0.42085	0.45693	1	0.44170	0.56477	13.49975	1.04347	1	0.70866	0.58588	13.62241	1.05113	1	-0.01475	-0.01532	0.68759	0.00379	1	0.05483	-0.01973	0.68342	0.00359	1	1.45898	0.81042	0	
1232191	8311.82227	3303917814580	0.42474	0.43435	8311.72168	0.10059	10818	1	0.47259	0.42297	1	0.41899	0.36571	1	0.44579	0.39434	1	0.44242	0.56442	12.59724	1.05113	1	0.70864	0.58555	13.01437	1.05879	1	-0.01475	-0.01532	0.68759	0.00368	1	0.05483	-0.01973	0.68342	0.00401	1	1.45898	0.81042	0	
1232192	8311.82812	3303917881124	0.42598	0.43218	8311.72168	0.10645	10818	1	0.47265	0.42323	1	0.41911	0.37200	1	0.44588	0.39761	1	0.44249	0.56498	13.35373	1.05078	1	0.70938	0.58642	13.08241	1.05078	1	-0.01421	-0.01517	0.66960	0.00360	1	0.05334	-0.01939	0.66297	0.00358	1	1.45898	0.81042	0	
1232193	8311.83496	3303917946928	0.42744	0.43190	8311.72168	0.11328	10818	1	0.46673	0.43374	1	0.43776	0.42034	1	0.45225	0.42704	1	0.44269	0.56535	13.08654	1.04276	1	0.70937	0.58700	13.33765	1.03510	1	-0.01421	-0.01517	0.66960	0.00381	1	0.05334	-0.01939	0.66297	0.00362	1	1.45898	0.81042	0	
1232194	8311.84180	3303918015369	0.42695	0.43125	8311.72168	0.12012	10818	1	0.42929	0.41097	1	0.40677	0.42835	1	0.41803	0.41966	1	0.44250	0.56495	13.00893	1.02708	1	0.70932	0.58762	13.41864	1.01942	1	-0.01421	-0.01517	0.66960	0.00369	1	0.05334	-0.01939	0.66297	0.00380	1	1.45898	0.81042	0	
1232195	8311.84863	3303918081716	0.42655	0.43109	8311.72168	0.12695	10818	1	0.43075	0.41674	1	0.40715	0.43925	1	0.41895	0.42800	1	0.44313	0.56560	12.57591	1.01942	1	0.70920	0.58809	12.90823	1.00496	1	-0.01403	-0.01534	0.66826	0.00365	1	0.05156	-0.01893	0.63914	0.00350	1	1.45898	0.81042	0	
1232196	8311.85547	3303918148923	0.42678	0.43257	8311.72168	0.13379	10818	1	0.43811	0.48473	1	0.42470	0.43938	1	0.43140	0.46206	1	0.44295	0.56646	12.32650	1.01297	1	0.70962	0.58800	13.34618	1.00617	1	-0.01403	-0.01534	0.66826	0.00388	1	0.05156	-0.01893	0.63914	0.00351	1	1.45898	0.81042	0	
1232197	8311.86230	3303918216025	0.42720	0.43335	8311.72168	0.14062	10818	1	0.45791	0.48525	1	0.41426	0.41426	1	0.43608	0.44975	1	0.44328	0.56644	12.65913	1.01418	1	0.70981	0.58829	13.71936	1.00737	1	-0.01403	-0.01534	0.66826	0.00371	1	0.05156	-0.01893	0.63914	0.00357	1	1.45898	0.81042	0	
1232198	8311.86914	3303918283217	0.42761	0.43403	8311.72168	0.14746	10818	1	0.45906	0.48993	1	0.41411	0.40831	1	0.43658	0.44912	1	0.44350	0.56679	12.54714	1.00737	1	0.71007	0.58844	12.79461	1.01503	1	-0.01367	-0.01531	0.65839	0.00382	1	0.05359	-0.01979	0.66302	0.00364	1	1.45898	0.81042	0	
1232199	8311.87500	3303918349846	0.42873	0.43529	8311.72168	0.15332	10818	1	0.47130	0.54329	1	0.43774	0.38493	1	0.45452	0.46411	1	0.44380	0.56714	12.01678	1.00702	1	0.71014	0.58855	12.86128	1.02148	1	-0.01367	-0.01531	0.65839	0.00382	1	0.05359	-0.01979	0.66302	0.00361	1	1.45898	0.81042	0	
1232200	8311.88184	3303918417021	0.42897	0.43654	8311.72168	0.16016	10818	1	0.46922	0.47327	1	0.40052	0.45991	1	0.43487	0.46659	1	0.44381	0.56728	12.12583	1.01347	1	0.71001	0.58927	13.03373	1.02793	1	-0.01367	-0.01531	0.65839	0.00372	1	0.05359	-0.01979	0.66302	0.00385	1	1.45898	0.81042	0	
1232201	8311.88867	3303918481427	0.42918	0.43752	8311.72168	0.16699	10818	1	0.46819	0.46875	1	0.40031	0.45529	1	0.43425	0.46202	1	0.44415	0.56785	13.21579	1.01992	1	0.71024	0.58948	13.15666	1.03439	1	-0.01352	-0.01529	0.65551	0.00361	1	0.05359	-0.01994	0.66302	0.00368	1	1.45898	0.81042	0	
1232202	8311.89551	3303918550363	0.42986	0.43850	8311.72168	0.17383	10818	1	0.47524	0.48458	1	0.41969	0.44365	1	0.44747	0.46412	1	0.44396	0.56774	13.17105	1.03439	1	0.71020	0.58964	13.12720	1.03439	1	-0.01352	-0.01529	0.65551	0.00343	1	0.05359	-0.01994	0.66302	0.00372	1	1.45898	0.81042	0	
1232203	8311.90234	3303918615340	0.43053	0.44038	8311.72168	0.18066	10818	1	0.47821	0.54656	1	0.41906	0.43540	1	0.44864	0.49098	1	0.44380	0.56849	13.23191	1.03439	1	0.71020	0.58964	13.12720	1.03439	1	-0.01352	-0.01529	0.65551	0.00378	1	0.05359	-0.01994	0.66302	0.00372	1	1.45898	0.81042	0	
1232204	8311.90820	3303918680589	0.43113	0.44183	8311.72168	0.18652	10818	1	0.47702	0.54164	1	0.41882	0.42310	1	0.44792	0.48237	1	0.44399	0.56787	13.14116	1.04240	1	0.71000	0.59018	13.06800	1.05108	1	-0.01395	-0.01599	0.67903	0.00384	1	0.05660	-0.02114	0.69952	0.00353	1	1.45898	0.81042	0	
1232205	8311.91504	3303918747968	0.43123	0.44320	8311.72168	0.19336	10818	1	0.46097	0.52408	1	0.40757	0.44186	1	0.43427	0.48297	1	0.44419	0.56871	13.62851	1.05910	1	0.71012	0.59012	12.92366	1.06778	1	-0.01395	-0.01599	0.67903	0.00372	1	0.05660	-0.02114	0.69952	0.00357	1	1.45898	0.81042	0	
1232206	8311.92188	3303918811875	0.43126	0.44396	8311.72168	0.20020	10818	1	0.45944	0.49166	1	0.40489	0.44195	1	0.43217	0.46680	1	0.44419	0.56875	13.61678	1.07580	1	0.71012	0.59012	12.96441	1.08448	1	-0.01395	-0.01599	0.67903	0.00371	1	0.05660	-0.02114	0.69952	0.00356	1	1.45898	0.81042	0	
1232207	8311.92871	3303918885554	0.43124	0.44442	8311.72168	0.20703	10818	1	0.45681	0.48093	1	0.40468	0.43637	1	0.43075	0.45865	1	0.44427	0.56890	12.62348	1.09249	1	0.71010	0.58996	12.91664	1.09249	1	-0.01395	-0.01599	0.67903	0.00366	1	0.05359	-0.01999	0.66302	0.00358	1	1.45898	0.81042	0	
1232208	8311.93555	3303918949769	0.43081	0.44452	8311.72168	0.21387	10818	1	0.42956	0.47844	1	0.40418	0.41729	1	0.41687	0.44786	1	0.44415	0.56860	13.10107	1.09249	1	0.71005	0.58974	12.85792	1.08381	1	-0.01395	-0.01599	0.67903	0.00377	1	0.05359	-0.01999	0.66302	0.00378	1	1.45898	0.81042	0	
1232209	8311.94238	3303919014913	0.43032	0.44554	8311.72168	0.22070	10818	1	0.42151	0.54398	1	0.40700	0.41404	1	0.41425	0.47901	1	0.44410	0.56872	12.95047	1.08381	1	0.71014	0.58920	12.88875	1.07513	1	-0.01395	-0.01599	0.67903	0.00357	1	0.05359	-0.01999	0.66302	0.00377	1	1.45898	0.81042	0	
1232210	8311.94922	3303919083905	0.42989	0.44666	8311.72168	0.22754	10818	1	0.42315	0.54911	1	0.40722	0.42035	1	0.41518	0.48473	1	0.44437	0.56818	12.79239	1.07513	1	0.71018	0.58968	13.43644	1.06645	1	-0.01395	-0.01599	0.67903	0.00378	1	0.05359	-0.01984	0.66302	0.00369	1	1.45898	0.81042	0	
1232211	8311.95605	3303919153186	0.42999	0.44704	8311.72168	0.23438	10818	1	0.45234	0.45885	1	0.41480	0.46181	1	0.43357	0.46033	1	0.44448	0.56759	12.14489	1.06645	1	0.71030	0.58908	13.08484	1.06645	1	-0.01395	-0.01599	0.67903	0.00371	1	0.05359	-0.01984	0.66302	0.00351	1	1.45898	0.81042	0	
1232212	8311.96289	3303919221043	0.43020	0.44680	8311.72168	0.24121	10818	1	0.46023	0.46351	1	0.41501	0.41334	1	0.43762	0.43843	1	0.44454	0.56771	12.61086	1.06645	1	0.71026	0.58868	12.84791	1.06645	1	-0.01395	-0.01599	0.67903	0.00371	1	0.05359	-0.01984	0.66302	0.00335	1	1.45898	0.81042	0	
1232213	8311.96973	3303919288018	0.43039	0.44658	8311.72168	0.24805	10818	1	0.46023	0.46351	1	0.41501	0.41334	1	0.43762	0.43843	1	0.44476	0.56808	13.49670	1.06645	1	0.71012	0.58869	13.34962	1.06645	1	-0.01391	-0.01586	0.68204	0.00352	1	0.05483	-0.02016	0.67708	0.00388	1	1.45898	0.81042	0	
1232214	8311.97559	3303919354306	0.43056	0.44742	8311.72168	0.25391	10818	1	0.43834	0.50987	1	0.43564	0.44836	1	0.43699	0.47911	1	0.44458	0.56820	13.12635	1.06645	1	0.71057	0.58841	13.59169	1.06645	1	-0.01391	-0.01586	0.68204	0.00351	1	0.05483	-0.02016	0.67708	0.00376	1	1.45898	0.81042	0	
1232215	8311.98242	3303919422042	0.43025	0.44648	8311.72168	0.26074	10818	1	0.44219	0.43805	1	0.39424	0.38178	1	0.41821	0.40992	1	0.44509	0.56749	12.53992	1.06645	1	0.71062	0.58816	13.49491	1.06645	1	-0.01391	-0.01586	0.68204	0.00381	1	0.05483	-0.02016	0.67708	0.00394	1	1.45898	0.81042	0	
1232216	8311.98926	3303919488635	0.42996	0.44566	8311.72168	0.26758	10818	1	0.44219	0.43805	1	0.39452	0.38763	1	0.41835	0.41284	1	0.44689	0.56796	12.79056	1.06645	1	0.71238	0.58943	13.25615	1.05879	1	-0.01353	-0.01609	0.68340	0.00358	1	0.05416	-0.01983	0.66449	0.00349	1	1.45898	0.81042	0	
1232217	8311.99609	3303919555292	0.43127	0.44819	8311.72168	0.27441	10818	1	0.49867	0.55831	1	0.47109	0.54574	1	0.48488	0.55202	1	0.44754	0.56889	12.77441	1.05879	1	0.71272	0.58988	13.72769	1.05113	1	-0.01353	-0.01609	0.68340	0.00361	1	0.05416	-0.01983	0.66449	0.00346	1	1.45898	0.81042	0	
1232218	8312.00293	3303919622506	0.43225	0.44950	8311.72168	0.28125	10818	1	0.50053	0.55908	1	0.44642	0.45013	1	0.47347	0.50461	1	0.44773	0.56914	13.05041	1.05113	1	0.71305	0.58976	13.23243	1.04347	1	-0.01353	-0.01609	0.68340	0.00350	1	0.05416	-0.01983	0.66449	0.00369	1	1.45898	0.81042	0	
1232219	8312.00977	3303919689534	0.43319	0.45079	8311.72168	0.28809	10818	1	0.50034	0.55824	1	0.44636	0.45400	1	0.47335	0.50612	1	0.44907	0.56893	12.54499	1.05256	1	0.71456	0.59096	13.20455	1.03809	1	-0.01358	-0.01673	0.71034	0.00335	1	0.05262	-0.01938	0.64268	0.00329	1	1.45898	0.81042	0	
1232220	8312.01660	3303919756622	0.43543	0.45218	8311.72168	0.29492	10818	1	0.55905	0.46270	1	0.50952	0.56371	1	0.53429	0.51321	1	0.44960	0.56900	13.22118	1.04718	1	0.71468	0.59111	13.09931	1.04037	1	-0.01358	-0.01673	0.71034	0.00342	1	0.05262	-0.01938	0.64268	0.00325	1	1.45898	0.81042	0	
1232221	8312.02246	3303919823602	0.45747	0.47740	8311.72168	0.29492	10818	0	0.55015	0.51291	1	0.50203	0.54517	1	0.52609	0.52904	1	0.44954	0.56879	12.82182	1.04946	1	0.71484	0.59133	13.13984	1.04265	1	-0.01358	-0.01673	0.71034	0.00360	1	0.05262	-0.01938	0.64268	0.00328	1	1.45898	0.81042	0	
1232222	8312.02930	3303919890897	0.49193	0.50430	8311.72168	0.29492	10818	0	0.55073	0.51723	1	0.50203	0.54517	1	0.52638	0.53120	1	0.45001	0.56920	12.93651	1.04265	1	0.71513	0.59152	13.16419	1.04265	1	-0.01288	-0.01618	0.68701	0.00315	1	0.05398	-0.01988	0.65626	0.00327	1	1.45898	0.81042	0	
1232223	8312.03613	3303919957195	0.50126	0.51590	8311.72168	0.29492	10818	0	0.54868	0.52707	1	0.49119	0.55116	1	0.51994	0.53911	1	0.45004	0.56914	13.15000	1.03356	1	0.71552	0.59187	12.99675	1.04037	1	-0.01288	-0.01618	0.68701	0.00313	1	0.05398	-0.01988	0.65626	0.00339	1	1.45898	0.81042	0	
1232224	8312.04297	3303920024510	0.50429	0.52865	8312.02246	0.02051	10819	1	0.54076	0.59397	1	0.48600	0.53984	1	0.51338	0.56691	1	0.45034	0.56923	13.67082	1.03128	1	0.71537	0.59165	13.03279	1.03809	1	-0.01288	-0.01618	0.68701	0.00308	1	0.05398	-0.01988	0.65626	0.00327	1	1.45898	0.81042	0	
1232225	8312.04980	3303920091681	0.50612	0.53658	8312.02246	0.02734	10819	1	0.54097	0.59526	1	0.48589	0.54130	1	0.51343	0.56828	1	0.45116	0.56847	12.36203	1.02901	1	0.71645	0.59204	12.28220	1.03582	1	-0.01248	-0.01579	0.67685	0.00341	1	0.05434	-0.02001	0.65701	0.00331	1	1.45898	0.81042	0	
1232226	8312.05664	3303920159610	0.50946	0.54107	8312.02246	0.03418	10819	1	0.54063	0.56256	1	0.51164	0.56452	1	0.52613	0.56354	1	0.45119	0.56832	12.25405	1.03582	1	0.71652	0.59193	12.25733	1.03582	1	-0.01248	-0.01579	0.67685	0.00343	1	0.05434	-0.02001	0.65701	0.00326	1	1.45898	0.81042	0	
1232227	8312.06348	3303920225670	0.51091	0.54835	8312.02246	0.04102	10819	1	0.55786	0.61546	1	0.48139	0.56861	1	0.51963	0.59203	1	0.45170	0.56830	12.81849	1.03582	1	0.71688	0.59198	12.94223	1.03582	1	-0.01248	-0.01579	0.67685	0.00303	1	0.05434	-0.02001	0.65701	0.00326	1	1.45898	0.81042	0	
1232228	8312.06934	3303920292643	0.51203	0.55491	8312.02246	0.04688	10819	1	0.55907	0.62368	1	0.48073	0.57787	1	0.51990	0.60077	1	0.45211	0.56729	12.71183	1.02067	1	0.71760	0.59173	12.88955	1.02067	1	-0.01159	-0.01478	0.64401	0.00327	1	0.05460	-0.01990	0.65662	0.00331	1	1.45898	0.81042	0	
1232229	8312.07617	3303920359354	0.51501	0.56346	8312.02246	0.05371	10819	1	0.56026	0.63359	1	0.51731	0.63020	1	0.53879	0.63190	1	0.45255	0.56723	13.30779	1.00553	1	0.71781	0.59140	13.03860	1.00553	1	-0.01159	-0.01478	0.64401	0.00304	1	0.05460	-0.01990	0.65662	0.00319	1	1.45898	0.81042	0	
1232230	8312.08301	3303920426438	0.51527	0.56863	8312.02246	0.06055	10819	1	0.54759	0.63115	1	0.48775	0.59911	1	0.51767	0.61513	1	0.45273	0.56697	13.19516	0.99039	1	0.71779	0.59109	12.79876	0.99039	1	-0.01159	-0.01478	0.64401	0.00294	1	0.05460	-0.01990	0.65662	0.00319	1	1.45898	0.81042	0	
1232231	8312.08984	3303920493666	0.51547	0.57304	8312.02246	0.06738	10819	1	0.54759	0.63115	1	0.48740	0.60326	1	0.51749	0.61720	1	0.45315	0.56643	13.11698	0.99039	1	0.71860	0.59077	12.83728	0.98358	1	-0.01175	-0.01507	0.66958	0.00343	1	0.05314	-0.01904	0.63626	0.00339	1	1.45898	0.81042	0	
1232232	8312.09570	3303920556774	0.51689	0.57406	8312.02246	0.07324	10819	1	0.56356	0.59284	1	0.50146	0.57755	1	0.53251	0.58520	1	0.45380	0.56518	12.86908	0.99872	1	0.71886	0.59000	12.49181	0.99191	1	-0.01175	-0.01507	0.66958	0.00317	1	0.05314	-0.01904	0.63626	0.00324	1	1.45898	0.81042	0	
1232233	8312.10352	3303920627335	0.51616	0.57735	8312.02246	0.08105	10819	1	0.54116	0.59290	1	0.47355	0.64079	1	0.50736	0.61684	1	0.45379	0.56474	12.37389	1.00706	1	0.71872	0.58970	12.67509	1.00025	1	-0.01175	-0.01507	0.66958	0.00312	1	0.05314	-0.01904	0.63626	0.00308	1	1.45898	0.81042	0	
1232234	8312.11035	3303920694438	0.51552	0.57969	8312.02246	0.08789	10819	1	0.54036	0.58805	1	0.47412	0.63230	1	0.50724	0.61017	1	0.45428	0.56464	12.36649	1.01539	1	0.71938	0.58873	13.06838	1.01539	1	-0.01163	-0.01487	0.67453	0.00347	1	0.05524	-0.01944	0.65961	0.00348	1	1.45898	0.81042	0	
1232235	8312.11621	3303920761732	0.51706	0.58383	8312.02246	0.09375	10819	1	0.56380	0.65931	1	0.51341	0.62419	1	0.53861	0.64175	1	0.45418	0.56434	13.42156	1.01539	1	0.71932	0.58856	13.17431	1.02220	1	-0.01163	-0.01487	0.67453	0.00300	1	0.05524	-0.01944	0.65961	0.00321	1	1.45898	0.81042	0	
1232236	8312.12305	3303920828243	0.51765	0.58913	8312.02246	0.10059	10819	1	0.54019	0.66344	1	0.51284	0.67382	1	0.52652	0.66863	1	0.45428	0.56403	12.60562	1.02220	1	0.71933	0.58861	13.04976	1.02901	1	-0.01163	-0.01487	0.67453	0.00284	1	0.05524	-0.01944	0.65961	0.00318	1	1.45898	0.81042	0	
1232237	8312.12988	3303920894234	0.51815	0.59370	8312.02246	0.10742	10819	1	0.53953	0.66001	1	0.51284	0.67382	1	0.52619	0.66692	1	0.45422	0.56299	12.74925	1.02901	1	0.71896	0.58816	11.98736	1.02901	1	-0.01146	-0.01427	0.67017	0.00330	1	0.05347	-0.01842	0.63787	0.00354	1	1.45898	0.81042	0	
1232238	8312.13672	3303920961836	0.52340	0.62524	8312.02246	0.10742	10819	0	0.54590	0.64556	1	0.51203	0.66701	1	0.52896	0.65628	1	0.45433	0.56188	12.79384	1.02901	1	0.71930	0.58722	13.06412	1.02220	1	-0.01146	-0.01427	0.67017	0.00288	1	0.05347	-0.01842	0.63787	0.00296	1	1.45898	0.81042	0	
1232239	8312.14355	3303921030922	0.51698	0.65313	8312.02246	0.10742	10819	0	0.54554	0.67614	1	0.47556	0.68592	1	0.51055	0.68103	1	0.45450	0.56138	12.15584	1.02220	1	0.71922	0.58666	12.70555	1.01539	1	-0.01146	-0.01427	0.67017	0.00273	1	0.05347	-0.01842	0.63787	0.00276	1	1.45898	0.81042	0	
1232240	8312.15039	3303921097278	0.51494	0.66299	8312.02246	0.10742	10819	0	0.54617	0.67948	1	0.47556	0.68592	1	0.51086	0.68270	1	0.45444	0.56033	12.68756	1.01539	1	0.71909	0.58561	13.12205	1.01539	1	-0.01146	-0.01377	0.67017	0.00315	1	0.05443	-0.01834	0.64873	0.00321	1	1.45898	0.81042	0	
1232241	8312.15723	3303921162806	0.51411	0.66217	8312.13672	0.02051	10820	1	0.54262	0.68223	1	0.48060	0.63719	1	0.51161	0.65971	1	0.45438	0.55929	12.69192	1.01539	1	0.71928	0.58483	12.88864	1.02220	1	-0.01146	-0.01377	0.67017	0.00304	1	0.05443	-0.01834	0.64873	0.00310	1	1.45898	0.81042	0	
1232242	8312.16309	3303921230215	0.51726	0.66144	8312.13672	0.02637	10820	1	0.57449	0.64073	1	0.48527	0.67629	1	0.52988	0.65851	1	0.45432	0.55900	12.62590	1.02220	1	0.71934	0.58444	13.04923	1.02901	1	-0.01146	-0.01377	0.67017	0.00288	1	0.05443	-0.01834	0.64873	0.00288	1	1.45898	0.81042	0	
1232243	8312.16992	3303921297382	0.51937	0.66105	8312.13672	0.03320	10820	1	0.57456	0.64136	1	0.48521	0.67691	1	0.52989	0.65913	1	0.45370	0.55842	13.16675	1.02099	1	0.71900	0.58351	13.26873	1.02780	1	-0.01149	-0.01313	0.66314	0.00324	1	0.05530	-0.01814	0.65909	0.00331	1	1.45898	0.81042	0	
1232244	8312.17676	3303921364034	0.52139	0.66279	8312.13672	0.04004	10820	1	0.57242	0.65870	1	0.49467	0.68769	1	0.53355	0.67319	1	0.45387	0.55720	12.69771	1.01978	1	0.71910	0.58301	13.27102	1.01978	1	-0.01149	-0.01313	0.66314	0.00296	1	0.05530	-0.01814	0.65909	0.00304	1	1.45898	0.81042	0	
1232245	8312.18359	3303921431205	0.52322	0.66086	8312.13672	0.04688	10820	1	0.56822	0.61669	1	0.50387	0.67809	1	0.53605	0.64739	1	0.45378	0.55696	12.69305	1.01177	1	0.71921	0.58235	13.04861	1.01177	1	-0.01149	-0.01313	0.66314	0.00286	1	0.05530	-0.01814	0.65909	0.00296	1	1.45898	0.81042	0	
1232246	8312.19043	3303921498291	0.52465	0.65936	8312.13672	0.05371	10820	1	0.56822	0.61669	1	0.50387	0.67809	1	0.53605	0.64739	1	0.45400	0.55655	12.46938	1.01177	1	0.71918	0.58170	13.27106	1.01177	1	-0.01188	-0.01321	0.68285	0.00319	1	0.05524	-0.01781	0.65961	0.00326	1	1.45898	0.81042	0	
1232247	8312.19727	3303921565654	0.52463	0.65564	8312.13672	0.06055	10820	1	0.55124	0.59936	1	0.49773	0.64490	1	0.52448	0.62213	1	0.45371	0.55554	12.17332	1.01978	1	0.71875	0.58106	12.56556	1.01978	1	-0.01188	-0.01321	0.68285	0.00317	1	0.05524	-0.01781	0.65961	0.00315	1	1.45898	0.81042	0	
1232248	8312.20410	3303921632280	0.52541	0.65727	8312.13672	0.06738	10820	1	0.56890	0.66632	1	0.49756	0.68081	1	0.53323	0.67357	1	0.45352	0.55541	12.35808	1.02780	1	0.71884	0.58100	12.59071	1.02780	1	-0.01188	-0.01321	0.68285	0.00299	1	0.05524	-0.01781	0.65961	0.00311	1	1.45898	0.81042	0	
1232249	8312.20996	3303921699210	0.52607	0.65863	8312.13672	0.07324	10820	1	0.56890	0.66632	1	0.49756	0.68081	1	0.53323	0.67357	1	0.45310	0.55528	12.93536	1.02780	1	0.71876	0.58061	12.71417	1.02780	1	-0.01162	-0.01257	0.65959	0.00315	1	0.05524	-0.01756	0.65961	0.00327	1	1.45898	0.81042	0	
1232250	8312.21680	3303921766068	0.52683	0.65722	8312.13672	0.08008	10820	1	0.57751	0.63439	1	0.49462	0.64618	1	0.53606	0.64029	1	0.45324	0.55497	12.68420	1.01978	1	0.71871	0.58014	12.70877	1.01978	1	-0.01162	-0.01257	0.65959	0.00302	1	0.05524	-0.01756	0.65961	0.00316	1	1.45898	0.81042	0	
1232251	8312.22363	3303921833642	0.52747	0.65614	8312.13672	0.08691	10820	1	0.57341	0.63569	1	0.49808	0.64869	1	0.53574	0.64219	1	0.45320	0.55476	12.56356	1.01177	1	0.71876	0.58012	12.73371	1.01177	1	-0.01162	-0.01257	0.65959	0.00317	1	0.05524	-0.01756	0.65961	0.00314	1	1.45898	0.81042	0	
1232252	8312.23047	3303921900086	0.52804	0.65536	8312.13672	0.09375	10820	1	0.57395	0.63998	1	0.49805	0.64889	1	0.53600	0.64443	1	0.45308	0.55472	12.77292	1.00375	1	0.71859	0.57974	12.95812	1.01141	1	-0.01165	-0.01229	0.65562	0.00308	1	0.05715	-0.01813	0.68299	0.00325	1	1.45898	0.81042	0	
1232253	8312.23730	3303921967037	0.52758	0.65499	8312.13672	0.10059	10820	1	0.55893	0.65828	1	0.48243	0.64056	1	0.52068	0.64942	1	0.45258	0.55468	13.62786	1.01141	1	0.71846	0.57960	13.03250	1.01907	1	-0.01165	-0.01229	0.65562	0.00302	1	0.05715	-0.01813	0.68299	0.00315	1	1.45898	0.81042	0	
1232254	8312.24414	3303922034427	0.52835	0.65428	8312.13672	0.10742	10820	1	0.58152	0.62195	1	0.49968	0.66385	1	0.54060	0.64290	1	0.45262	0.55467	13.47922	1.01907	1	0.71843	0.57926	13.33194	1.02673	1	-0.01165	-0.01229	0.65562	0.00309	1	0.05715	-0.01813	0.68299	0.00321	1	1.45898	0.81042	0	
1232255	8312.25098	3303922101251	0.52901	0.65353	8312.13672	0.11426	10820	1	0.58106	0.61777	1	0.49968	0.66385	1	0.54037	0.64081	1	0.45098	0.55468	12.45742	1.02673	1	0.71726	0.57877	13.26788	1.02673	1	-0.01210	-0.01250	0.66394	0.00325	1	0.05500	-0.01743	0.66020	0.00318	1	1.45898	0.81042	0	
1232256	8312.25684	3303922167760	0.52645	0.65310	8312.13672	0.12012	10820	1	0.49301	0.65717	1	0.46743	0.63334	1	0.48022	0.64525	1	0.45002	0.55494	12.78206	1.02673	1	0.71660	0.57892	12.84058	1.01907	1	-0.01210	-0.01250	0.66394	0.00306	1	0.05500	-0.01743	0.66020	0.00307	1	1.45898	0.81042	0	
1232257	8312.26367	3303922235164	0.52473	0.65289	8312.13672	0.12695	10820	1	0.51151	0.64545	1	0.47290	0.65264	1	0.49220	0.64904	1	0.44992	0.55493	12.49189	1.01907	1	0.71634	0.57925	13.38951	1.01141	1	-0.01210	-0.01250	0.66394	0.00306	1	0.05500	-0.01743	0.66020	0.00295	1	1.45898	0.81042	0	
1232258	8312.27051	3303922302061	0.52321	0.65309	8312.13672	0.13379	10820	1	0.51332	0.65319	1	0.47235	0.66067	1	0.49284	0.65693	1	0.44870	0.55513	12.95888	1.00428	1	0.71489	0.57878	13.20792	0.99662	1	-0.01200	-0.01205	0.63994	0.00310	1	0.05449	-0.01731	0.65769	0.00318	1	1.45898	0.81042	0	
1232259	8312.27734	3303922368866	0.51968	0.65325	8312.13672	0.14062	10820	1	0.46999	0.67916	1	0.42077	0.63443	1	0.44538	0.65679	1	0.44872	0.55504	12.99328	0.98950	1	0.71496	0.57875	13.12452	0.98950	1	-0.01200	-0.01205	0.63994	0.00310	1	0.05449	-0.01731	0.65769	0.00323	1	1.45898	0.81042	0	
1232260	8312.28418	3303922436189	0.51608	0.65268	8312.13672	0.14746	10820	1	0.46197	0.67232	1	0.41195	0.60756	1	0.43696	0.63994	1	0.44852	0.55483	12.73462	0.98237	1	0.71494	0.57841	12.87000	0.98237	1	-0.01200	-0.01205	0.63994	0.00315	1	0.05449	-0.01731	0.65769	0.00339	1	1.45898	0.81042	0	
1232261	8312.29004	3303922499891	0.51278	0.65215	8312.13672	0.15332	10820	1	0.46197	0.67232	1	0.41195	0.60756	1	0.43696	0.63994	1	0.44843	0.55503	12.81754	0.98237	1	0.71491	0.57856	12.80754	0.98237	1	-0.01239	-0.01254	0.65846	0.00298	1	0.05445	-0.01735	0.65717	0.00323	1	1.45898	0.81042	0	
1232262	8312.29688	3303922566312	0.50942	0.65169	8312.13672	0.16016	10820	1	0.46369	0.65905	1	0.39358	0.62226	1	0.42863	0.64065	1	0.44827	0.55531	13.06432	0.98950	1	0.71491	0.57870	13.08866	0.98950	1	-0.01239	-0.01254	0.65846	0.00320	1	0.05445	-0.01735	0.65717	0.00319	1	1.45898	0.81042	0	
1232263	8312.30371	3303922635039	0.48232	0.64404	8312.13672	0.16016	10820	0	0.48275	0.66569	1	0.39119	0.57894	1	0.43697	0.62231	1	0.44857	0.55545	12.78889	0.99662	1	0.71488	0.57876	13.19630	0.99662	1	-0.01239	-0.01254	0.65846	0.00321	1	0.05445	-0.01735	0.65717	0.00318	1	1.45898	0.81042	0	
1232264	8312.31055	3303922701196	0.45930	0.63115	8312.13672	0.16016	10820	0	0.48166	0.66201	1	0.39088	0.57452	1	0.43627	0.61827	1	0.44817	0.55580	13.48907	1.00375	1	0.71489	0.57905	13.15418	1.00375	1	-0.01239	-0.01254	0.65846	0.00311	1	0.05449	-0.01741	0.65769	0.00313	1	1.45898	0.81042	0	
1232265	8312.31738	3303922767938	0.44930	0.63082	8312.13672	0.16016	10820	0	0.47398	0.68879	1	0.38466	0.57151	1	0.42932	0.63015	1	0.44838	0.55631	13.77388	1.00375	1	0.71489	0.57875	13.08050	1.00375	1	-0.01239	-0.01254	0.65846	0.00317	1	0.05449	-0.01741	0.65769	0.00320	1	1.45898	0.81042	0	
1232266	8312.32422	3303922832991	0.44362	0.63528	8312.30371	0.02051	10821	1	0.46651	0.68643	1	0.38659	0.61088	1	0.42655	0.64866	1	0.44787	0.55642	13.35774	1.00375	1	0.71487	0.57924	12.78341	1.00375	1	-0.01239	-0.01254	0.65846	0.00314	1	0.05449	-0.01741	0.65769	0.00327	1	1.45898	0.81042	0	
1232267	8312.33105	3303922902499	0.44035	0.63872	8312.30371	0.02734	10821	1	0.46769	0.68994	1	0.38693	0.61504	1	0.42731	0.65249	1	0.44772	0.55599	13.24684	0.99662	1	0.71498	0.57946	13.13034	0.99662	1	-0.01230	-0.01240	0.64567	0.00306	1	0.05449	-0.01741	0.65769	0.00327	1	1.45898	0.81042	0	
1232268	8312.33789	3303922970437	0.43886	0.64351	8312.30371	0.03418	10821	1	0.45449	0.68938	1	0.40834	0.64552	1	0.43142	0.66745	1	0.44769	0.55601	13.27680	0.98950	1	0.71488	0.57952	13.26106	0.98950	1	-0.01230	-0.01240	0.64567	0.00310	1	0.05449	-0.01741	0.65769	0.00314	1	1.45898	0.81042	0	
1232269	8312.34473	3303923038158	0.44084	0.64874	8312.30371	0.04102	10821	1	0.49810	0.69793	1	0.40733	0.66229	1	0.45272	0.68011	1	0.44795	0.55646	13.23503	0.98237	1	0.71498	0.57946	13.13034	0.98237	1	-0.01230	-0.01240	0.64567	0.00321	1	0.05449	-0.01741	0.65769	0.00327	1	1.45898	0.81042	0	
1232270	8312.35059	3303923104052	0.44233	0.65266	8312.30371	0.04688	10821	1	0.49810	0.69793	1	0.40733	0.66229	1	0.45272	0.68011	1	0.44737	0.55639	13.56570	0.98237	1	0.71493	0.57963	13.21341	0.98237	1	-0.01260	-0.01275	0.65880	0.00308	1	0.05449	-0.01741	0.65769	0.00310	1	1.45898	0.81042	0	
1232271	8312.35742	3303923172703	0.44069	0.65322	8312.30371	0.05371	10821	1	0.46315	0.65896	1	0.39196	0.65642	1	0.42755	0.65769	1	0.44746	0.55672	13.77279	0.98950	1	0.71463	0.57969	13.83263	0.98950	1	-0.01260	-0.01275	0.65880	0.00320	1	0.05449	-0.01741	0.65769	0.00309	1	1.45898	0.81042	0	
1232272	8312.36426	3303923239891	0.43998	0.65188	8312.30371	0.06055	10821	1	0.46558	0.65888	1	0.40172	0.62085	1	0.43365	0.63987	1	0.44747	0.55682	13.81662	0.99662	1	0.71478	0.57962	13.08028	0.99662	1	-0.01260	-0.01275	0.65880	0.00321	1	0.05449	-0.01741	0.65769	0.00313	1	1.45898	0.81042	0	
1232273	8312.37109	3303923306951	0.43927	0.65003	8312.30371	0.06738	10821	1	0.46304	0.65095	1	0.40123	0.61209	1	0.43214	0.63152	1	0.44707	0.55692	13.17777	1.01177	1	0.71456	0.57917	13.09463	1.01177	1	-0.01298	-0.01313	0.67599	0.00318	1	0.05434	-0.01739	0.65701	0.00324	1	1.45898	0.81042	0	
1232274	8312.37793	3303923373486	0.43900	0.64943	8312.30371	0.07422	10821	1	0.46746	0.69303	1	0.40455	0.59260	1	0.43600	0.64281	1	0.44748	0.55645	13.39741	1.01978	1	0.71478	0.57912	13.27530	1.01978	1	-0.01298	-0.01313	0.67599	0.00320	1	0.05434	-0.01739	0.65701	0.00324	1	1.45898	0.81042	0	
1232275	8312.38477	3303923440930	0.43649	0.64878	8312.30371	0.08105	10821	1	0.44856	0.65313	1	0.36430	0.62894	1	0.40643	0.64103	1	0.44799	0.55601	12.77565	1.02780	1	0.71494	0.57910	13.97454	1.02780	1	-0.01298	-0.01313	0.67599	0.00303	1	0.05434	-0.01739	0.65701	0.00294	1	1.45898	0.81042	0	
1232276	8312.39160	3303923506654	0.43434	0.64823	8312.30371	0.08789	10821	1	0.44856	0.65313	1	0.36430	0.62894	1	0.40643	0.64103	1	0.45008	0.55435	13.69419	1.02780	1	0.71702	0.57731	14.15009	1.02780	1	-0.01218	-0.01253	0.65764	0.00348	1	0.05441	-0.01703	0.65435	0.00362	1	1.45898	0.81042	0	
1232277	8312.39844	3303923574959	0.43947	0.63856	8312.30371	0.09473	10821	1	0.50316	0.47619	1	0.51923	0.53005	1	0.51119	0.50312	1	0.45056	0.55316	13.61275	1.01978	1	0.71785	0.57629	13.62648	1.01978	1	-0.01218	-0.01253	0.65764	0.00350	1	0.05441	-0.01703	0.65435	0.00331	1	1.45898	0.81042	0	
1232278	8312.40430	3303923641605	0.44332	0.63210	8312.30371	0.10059	10821	1	0.52952	0.56486	1	0.47264	0.50569	1	0.50108	0.53527	1	0.45086	0.55264	13.13562	1.01177	1	0.71787	0.57546	13.81166	1.01177	1	-0.01218	-0.01253	0.65764	0.00329	1	0.05441	-0.01703	0.65435	0.00326	1	1.45898	0.81042	0	
1232279	8312.41113	3303923708719	0.44672	0.62641	8312.30371	0.10742	10821	1	0.52952	0.56486	1	0.47264	0.50569	1	0.50108	0.53527	1	0.45178	0.55130	12.86510	1.01177	1	0.71836	0.57440	13.07441	1.01177	1	-0.01252	-0.01273	0.68975	0.00373	1	0.05525	-0.01693	0.66202	0.00374	1	1.45898	0.81042	0	
1232280	8312.41797	3303923775777	0.45271	0.61163	8312.30371	0.11426	10821	1	0.56534	0.41464	1	0.54394	0.30627	1	0.55464	0.36045	1	0.45210	0.55121	13.60516	1.01978	1	0.71902	0.57319	14.00077	1.01978	1	-0.01252	-0.01273	0.68975	0.00375	1	0.05525	-0.01693	0.66202	0.00392	1	1.45898	0.81042	0	
1232281	8312.42480	3303923843024	0.46826	0.56880	8312.30371	0.11426	10821	0	0.58833	0.45042	1	0.52404	0.26437	1	0.55618	0.35740	1	0.45194	0.55147	13.66014	1.02780	1	0.71862	0.57283	13.03906	1.02780	1	-0.01252	-0.01273	0.68975	0.00377	1	0.05525	-0.01693	0.66202	0.00398	1	1.45898	0.81042	0	
1232282	8312.43164	3303923909468	0.51222	0.46310	8312.30371	0.11426	10821	0	0.58833	0.45042	1	0.52404	0.26437	1	0.55618	0.35740	1	0.45167	0.55140	12.98805	1.02780	1	0.71852	0.57344	13.34798	1.02780	1	-0.01210	-0.01230	0.66394	0.00379	1	0.05528	-0.01689	0.66246	0.00383	1	1.45898	0.81042	0	
1232283	8312.43848	3303923976280	0.52595	0.43376	8312.30371	0.11426	10821	0	0.56698	0.37823	1	0.53984	0.37195	1	0.55341	0.37509	1	0.45171	0.55101	12.89149	1.01978	1	0.71900	0.57405	14.47661	1.01978	1	-0.01210	-0.01230	0.66394	0.00364	1	0.05528	-0.01689	0.66246	0.00353	1	1.45898	0.81042	0	
1232284	8312.44434	3303924042882	0.55466	0.37201	8312.30371	0.11426	10821	0	0.57685	0.38899	1	0.53195	0.37809	1	0.55440	0.38354	1	0.45173	0.55128	13.18729	1.01177	1	0.71882	0.57410	14.39815	1.01177	1	-0.01210	-0.01230	0.66394	0.00361	1	0.05528	-0.01689	0.66246	0.00357	1	1.45898	0.81042	0	
1232285	8312.45117	3303924110531	0.55465	0.37941	8312.30371	0.11426	10821	0	0.57736	0.39523	1	0.53191	0.37838	1	0.55464	0.38680	1	0.45166	0.55174	13.19631	1.00375	1	0.71888	0.57385	13.91805	1.01141	1	-0.01210	-0.01240	0.66394	0.00358	1	0.05643	-0.01723	0.67556	0.00389	1	1.45898	0.81042	0	
1232286	8312.45801	3303924177260	0.55259	0.40063	8312.30371	0.11426	10821	0	0.56116	0.52096	1	0.53577	0.36522	1	0.54847	0.44309	1	0.45189	0.55227	13.66656	1.01141	1	0.71892	0.57382	14.04056	1.01907	1	-0.01210	-0.01240	0.66394	0.00372	1	0.05643	-0.01723	0.67556	0.00381	1	1.45898	0.81042	0	
1232287	8312.46484	3303924244422	0.55244	0.40250	8312.44434	0.02051	10822	1	0.56595	0.45948	1	0.53803	0.35676	1	0.55199	0.40812	1	0.45201	0.55206	13.90584	1.01907	1	0.71891	0.57385	14.03953	1.02673	1	-0.01210	-0.01240	0.66394	0.00383	1	0.05643	-0.01723	0.67556	0.00380	1	1.45898	0.81042	0	
1232288	8312.47168	3303924311392	0.55231	0.40186	8312.44434	0.02734	10822	1	0.56480	0.44843	1	0.53881	0.35012	1	0.55181	0.39928	1	0.45250	0.55206	13.20122	1.03474	1	0.71927	0.57377	13.64836	1.03474	1	-0.01252	-0.01293	0.68975	0.00395	1	0.05551	-0.01698	0.66394	0.00401	1	1.45898	0.81042	0	
1232289	8312.47852	3303924378674	0.55461	0.39763	8312.44434	0.03418	10822	1	0.58579	0.37734	1	0.54642	0.37560	1	0.56611	0.37647	1	0.45247	0.55227	13.32857	1.04276	1	0.71947	0.57482	13.21984	1.03510	1	-0.01252	-0.01293	0.68975	0.00389	1	0.05551	-0.01698	0.66394	0.00394	1	1.45898	0.81042	0	
1232290	8312.48535	3303924444954	0.55656	0.39558	8312.44434	0.04102	10822	1	0.59169	0.40177	1	0.54473	0.36480	1	0.56821	0.38328	1	0.45257	0.55234	13.30944	1.04312	1	0.71940	0.57507	13.71154	1.03546	1	-0.01252	-0.01293	0.68975	0.00394	1	0.05551	-0.01698	0.66394	0.00390	1	1.45898	0.81042	0	
1232291	8312.49219	3303924512460	0.55797	0.39435	8312.44434	0.04785	10822	1	0.59168	0.40150	1	0.54406	0.37005	1	0.56787	0.38578	1	0.45258	0.55272	13.41145	1.04348	1	0.71941	0.57530	13.68967	1.02901	1	-0.01219	-0.01265	0.67186	0.00372	1	0.05422	-0.01662	0.64794	0.00373	1	1.45898	0.81042	0	
1232292	8312.49805	3303924579469	0.55641	0.39407	8312.44434	0.05371	10822	1	0.57359	0.40447	1	0.51427	0.37911	1	0.54393	0.39179	1	0.45260	0.55239	13.31084	1.02901	1	0.71932	0.57496	14.09288	1.02220	1	-0.01219	-0.01265	0.67186	0.00368	1	0.05422	-0.01662	0.64794	0.00356	1	1.45898	0.81042	0	
1232293	8312.50488	3303924644742	0.55498	0.39789	8312.44434	0.06055	10822	1	0.57318	0.45298	1	0.51107	0.41162	1	0.54212	0.43230	1	0.45267	0.55264	13.80282	1.02220	1	0.71933	0.57502	14.17229	1.01539	1	-0.01219	-0.01265	0.67186	0.00355	1	0.05422	-0.01662	0.64794	0.00353	1	1.45898	0.81042	0	
1232294	8312.51172	3303924713645	0.55381	0.40202	8312.44434	0.06738	10822	1	0.57418	0.46348	1	0.50998	0.42320	1	0.54208	0.44334	1	0.45236	0.55221	12.79419	1.00737	1	0.71934	0.57428	12.88440	1.00057	1	-0.01193	-0.01263	0.66576	0.00356	1	0.05422	-0.01672	0.64794	0.00395	1	1.45898	0.81042	0	
1232295	8312.51855	3303924780423	0.55234	0.40548	8312.44434	0.07422	10822	1	0.55838	0.43518	1	0.51399	0.45182	1	0.53619	0.44350	1	0.45240	0.55297	13.07742	0.99255	1	0.71929	0.57517	13.38594	0.99255	1	-0.01193	-0.01263	0.66576	0.00375	1	0.05422	-0.01672	0.64794	0.00405	1	1.45898	0.81042	0	
1232296	8312.52539	3303924847319	0.55109	0.40569	8312.44434	0.08105	10822	1	0.55520	0.42962	1	0.51686	0.38669	1	0.53603	0.40816	1	0.45223	0.55289	12.74321	0.98453	1	0.71934	0.57524	13.49763	0.98453	1	-0.01193	-0.01263	0.66576	0.00392	1	0.05422	-0.01672	0.64794	0.00396	1	1.45898	0.81042	0	
1232297	8312.53223	3303924914474	0.55003	0.40566	8312.44434	0.08789	10822	1	0.55520	0.42962	1	0.51741	0.38103	1	0.53630	0.40533	1	0.45311	0.55321	13.52271	0.98453	1	0.71978	0.57605	14.09519	0.99134	1	-0.01209	-0.01291	0.67756	0.00386	1	0.05524	-0.01712	0.65961	0.00377	1	1.45898	0.81042	0	
1232298	8312.53906	3303924981202	0.55099	0.40685	8312.44434	0.09473	10822	1	0.58730	0.41407	1	0.54150	0.43304	1	0.56440	0.42355	1	0.45312	0.55336	12.85794	0.99936	1	0.71976	0.57620	14.26149	1.00617	1	-0.01209	-0.01291	0.67756	0.00388	1	0.05524	-0.01712	0.65961	0.00376	1	1.45898	0.81042	0	
1232299	8312.54492	3303925048342	0.55095	0.40912	8312.44434	0.10059	10822	1	0.56418	0.45869	1	0.53666	0.42743	1	0.55042	0.44306	1	0.45281	0.55361	12.38362	1.01418	1	0.71970	0.57617	14.30305	1.02099	1	-0.01209	-0.01291	0.67756	0.00379	1	0.05524	-0.01712	0.65961	0.00376	1	1.45898	0.81042	0	
1232300	8312.55176	3303925115175	0.55095	0.41065	8312.44434	0.10742	10822	1	0.56367	0.45386	1	0.53806	0.41639	1	0.55087	0.43513	1	0.45345	0.55375	13.33366	1.02099	1	0.71990	0.57601	13.97798	1.03546	1	-0.01140	-0.01227	0.64136	0.00371	1	0.05665	-0.01764	0.67574	0.00398	1	1.45898	0.81042	0	
1232301	8312.55859	3303925182380	0.55094	0.41105	8312.44434	0.11426	10822	1	0.55655	0.44451	1	0.54520	0.39134	1	0.55087	0.41793	1	0.45296	0.55351	13.16052	1.02744	1	0.71978	0.57624	13.73892	1.03510	1	-0.01140	-0.01227	0.64136	0.00367	1	0.05665	-0.01764	0.67574	0.00389	1	1.45898	0.81042	0	
1232302	8312.56543	3303925249337	0.55182	0.41161	8312.44434	0.12109	10822	1	0.57784	0.43866	1	0.55735	0.40460	1	0.56759	0.42163	1	0.45353	0.55357	13.29736	1.02708	1	0.72001	0.57597	13.79458	1.03474	1	-0.01140	-0.01227	0.64136	0.00365	1	0.05665	-0.01764	0.67574	0.00419	1	1.45898	0.81042	0	
1232303	8312.57227	3303925314357	0.55261	0.41212	8312.44434	0.12793	10822	1	0.57786	0.43892	1	0.55730	0.40488	1	0.56758	0.42190	1	0.45345	0.55364	13.67548	1.02673	1	0.72014	0.57577	13.02885	1.03439	1	-0.01162	-0.01266	0.65959	0.00352	1	0.05665	-0.01764	0.67574	0.00408	1	1.45898	0.81042	0	
1232304	8312.57910	3303925383300	0.55259	0.41096	8312.44434	0.13477	10822	1	0.56374	0.42623	1	0.54057	0.34908	1	0.55216	0.38766	1	0.45309	0.55345	13.36320	1.03439	1	0.72012	0.57593	13.05202	1.03439	1	-0.01162	-0.01266	0.65959	0.00345	1	0.05665	-0.01764	0.67574	0.00413	1	1.45898	0.81042	0	
1232305	8312.58594	3303925449950	0.55230	0.40963	8312.44434	0.14160	10822	1	0.56062	0.41292	1	0.53206	0.35069	1	0.54634	0.38181	1	0.45317	0.55330	13.40282	1.03439	1	0.71993	0.57577	13.43768	1.03439	1	-0.01162	-0.01266	0.65959	0.00363	1	0.05665	-0.01764	0.67574	0.00399	1	1.45898	0.81042	0	
1232306	8312.59180	3303925517262	0.55202	0.40841	8312.44434	0.14746	10822	1	0.56000	0.40699	1	0.53147	0.35603	1	0.54574	0.38151	1	0.45365	0.55342	13.47502	1.04240	1	0.71986	0.57605	13.32124	1.02794	1	-0.01175	-0.01286	0.66958	0.00370	1	0.05379	-0.01672	0.64058	0.00376	1	1.45898	0.81042	0	
1232307	8312.59863	3303925584183	0.55210	0.40651	8312.44434	0.15430	10822	1	0.58691	0.41172	1	0.52113	0.31377	1	0.55402	0.36275	1	0.45380	0.55342	13.42233	1.03595	1	0.72017	0.57582	13.23879	1.02148	1	-0.01175	-0.01286	0.66958	0.00369	1	0.05379	-0.01672	0.64058	0.00397	1	1.45898	0.81042	0	
1232308	8312.60547	3303925650951	0.55145	0.40556	8312.44434	0.16113	10822	1	0.56946	0.42018	1	0.50226	0.34534	1	0.53586	0.38276	1	0.45371	0.55329	13.69860	1.02950	1	0.71989	0.57616	12.88522	1.01503	1	-0.01175	-0.01286	0.66958	0.00374	1	0.05379	-0.01672	0.64058	0.00380	1	1.45898	0.81042	0	
1232309	8312.61230	3303925715682	0.55086	0.40523	8312.44434	0.16797	10822	1	0.57097	0.43606	1	0.50131	0.35785	1	0.53614	0.39695	1	0.45392	0.55308	13.41812	1.00791	1	0.72022	0.57628	13.49947	1.00025	1	-0.01122	-0.01228	0.64483	0.00367	1	0.05577	-0.01732	0.66353	0.00387	1	1.45898	0.81042	0	
1232310	8312.61914	3303925785641	0.55118	0.40521	8312.44434	0.17480	10822	1	0.58891	0.40102	1	0.52978	0.40845	1	0.55935	0.40474	1	0.45435	0.55304	13.83864	0.98511	1	0.72044	0.57671	13.86380	0.99191	1	-0.01122	-0.01228	0.64483	0.00366	1	0.05577	-0.01732	0.66353	0.00392	1	1.45898	0.81042	0	
1232311	8312.62598	3303925852012	0.55116	0.40601	8312.44434	0.18164	10822	1	0.56887	0.42252	1	0.53240	0.43298	1	0.55063	0.42775	1	0.45432	0.55323	13.84656	0.97677	1	0.72045	0.57674	14.08566	0.98358	1	-0.01122	-0.01228	0.64483	0.00371	1	0.05577	-0.01732	0.66353	0.00391	1	1.45898	0.81042	0	
1232312	8312.63281	3303925918881	0.55115	0.40648	8312.44434	0.18848	10822	1	0.56836	0.41726	1	0.53379	0.42161	1	0.55108	0.41943	1	0.45461	0.55309	13.76385	0.98358	1	0.72065	0.57668	13.30286	0.99805	1	-0.01190	-0.01315	0.69022	0.00385	1	0.05597	-0.01736	0.66529	0.00393	1	1.45898	0.81042	0	
1232313	8312.63867	3303925985672	0.55060	0.40744	8312.44434	0.19434	10822	1	0.55554	0.42435	1	0.51345	0.44652	1	0.53450	0.43543	1	0.45433	0.55267	13.54941	1.01319	1	0.72058	0.57634	13.55779	1.02085	1	-0.01190	-0.01315	0.69022	0.00387	1	0.05597	-0.01736	0.66529	0.00384	1	1.45898	0.81042	0	
1232314	8312.64551	3303926053198	0.55021	0.40888	8312.44434	0.20117	10822	1	0.57279	0.44489	1	0.50441	0.45944	1	0.53860	0.45217	1	0.45461	0.55263	13.72522	1.03599	1	0.72071	0.57659	13.34044	1.04365	1	-0.01190	-0.01315	0.69022	0.00376	1	0.05597	-0.01736	0.66529	0.00378	1	1.45898	0.81042	0	
1232315	8312.65234	3303926118802	0.54983	0.41007	8312.44434	0.20801	10822	1	0.57181	0.43444	1	0.50443	0.45922	1	0.53812	0.44683	1	0.45523	0.55274	13.43196	1.05078	1	0.72071	0.57625	13.08691	1.04397	1	-0.01131	-0.01245	0.65866	0.00395	1	0.05373	-0.01664	0.63758	0.00380	1	1.45898	0.81042	0	
1232316	8312.65918	3303926187123	0.54935	0.40941	8312.44434	0.21484	10822	1	0.56416	0.38854	1	0.50342	0.38809	1	0.53379	0.38832	1	0.45494	0.55222	13.45288	1.03595	1	0.72063	0.57570	13.31606	1.02148	1	-0.01131	-0.01245	0.65866	0.00371	1	0.05373	-0.01664	0.63758	0.00397	1	1.45898	0.81042	0	
1232317	8312.66602	3303926253983	0.54888	0.40954	8312.44434	0.22168	10822	1	0.55739	0.39984	1	0.50981	0.42749	1	0.53360	0.41367	1	0.45477	0.55189	13.04485	1.01347	1	0.72078	0.57586	13.29084	0.99900	1	-0.01131	-0.01245	0.65866	0.00377	1	0.05373	-0.01664	0.63758	0.00367	1	1.45898	0.81042	0	
1232318	8312.67285	3303926322023	0.54846	0.40990	8312.44434	0.22852	10822	1	0.55857	0.41095	1	0.50925	0.43345	1	0.53391	0.42220	1	0.45505	0.55230	14.04139	0.99900	1	0.72090	0.57658	13.89691	0.99134	1	-0.01160	-0.01283	0.68434	0.00367	1	0.05560	-0.01720	0.65909	0.00376	1	1.45898	0.81042	0	
1232319	8312.67969	3303926387859	0.54833	0.41023	8312.44434	0.23535	10822	1	0.55645	0.40991	1	0.53151	0.43382	1	0.54398	0.42187	1	0.45501	0.55217	13.65463	0.99936	1	0.72113	0.57614	13.82599	1.00617	1	-0.01160	-0.01283	0.68434	0.00374	1	0.05560	-0.01720	0.65909	0.00362	1	1.45898	0.81042	0	
1232320	8312.68555	3303926454138	0.54823	0.41168	8312.44434	0.24121	10822	1	0.56860	0.49802	1	0.52032	0.42971	1	0.54446	0.46386	1	0.45519	0.55204	13.83239	1.01418	1	0.72094	0.57616	13.66418	1.02099	1	-0.01160	-0.01283	0.68434	0.00361	1	0.05560	-0.01720	0.65909	0.00381	1	1.45898	0.81042	0	
1232321	8312.69238	3303926522698	0.54814	0.41270	8312.44434	0.24805	10822	1	0.56753	0.48808	1	0.52215	0.41263	1	0.54484	0.45036	1	0.45563	0.55167	13.17451	1.02901	1	0.72141	0.57648	14.35394	1.04348	1	-0.01160	-0.01278	0.68434	0.00382	1	0.05768	-0.01783	0.68321	0.00371	1	1.45898	0.81042	0	
1232322	8312.69922	3303926589215	0.54864	0.41341	8312.44434	0.25488	10822	1	0.58591	0.43412	1	0.54930	0.44665	1	0.56761	0.44038	1	0.45545	0.55261	13.11670	1.04348	1	0.72142	0.57694	13.77571	1.05113	1	-0.01160	-0.01278	0.68434	0.00374	1	0.05768	-0.01783	0.68321	0.00395	1	1.45898	0.81042	0	
1232323	8312.70605	3303926656300	0.54863	0.41271	8312.44434	0.26172	10822	1	0.55748	0.40945	1	0.53892	0.36133	1	0.54820	0.38539	1	0.45551	0.55214	12.83528	1.05113	1	0.72082	0.57676	13.24695	1.05879	1	-0.01160	-0.01278	0.68434	0.00413	1	0.05768	-0.01783	0.68321	0.00413	1	1.45898	0.81042	0	
1232324	8312.71191	3303926718163	0.54861	0.41212	8312.44434	0.26758	10822	1	0.55751	0.40971	1	0.53815	0.36774	1	0.54783	0.38872	1	0.45494	0.55446	12.98994	1.05078	1	0.71994	0.57908	13.78943	1.05078	1	-0.01130	-0.01286	0.66987	0.00306	1	0.05530	-0.01744	0.65679	0.00309	1	1.45898	0.81042	0	
1232325	8312.71875	3303926785032	0.54720	0.41571	8312.44434	0.27441	10822	1	0.51763	0.59340	1	0.46151	0.53232	1	0.48957	0.56286	1	0.45464	0.55564	13.00952	1.04276	1	0.71965	0.57994	13.54948	1.03510	1	-0.01130	-0.01286	0.66987	0.00315	1	0.05530	-0.01744	0.65679	0.00344	1	1.45898	0.81042	0	
1232326	8312.72559	3303926855795	0.53707	0.44198	8312.44434	0.27441	10822	0	0.55788	0.49089	1	0.48000	0.54760	1	0.51894	0.51924	1	0.45534	0.55547	12.11566	1.02708	1	0.71995	0.57992	13.07707	1.01943	1	-0.01130	-0.01286	0.66987	0.00330	1	0.05530	-0.01744	0.65679	0.00342	1	1.45898	0.81042	0	
1232327	8312.73340	3303926925126	0.52808	0.48312	8312.44434	0.27441	10822	0	0.55850	0.49601	1	0.47967	0.55252	1	0.51908	0.52426	1	0.45561	0.55682	12.83133	1.01943	1	0.72043	0.58139	13.37918	1.01177	1	-0.01149	-0.01334	0.68428	0.00301	1	0.05530	-0.01773	0.65678	0.00296	1	1.45898	0.81042	0	
1232328	8312.73926	3303926990456	0.53167	0.54337	8312.44434	0.27441	10822	0	0.56915	0.63300	1	0.50857	0.69472	1	0.53886	0.66386	1	0.45580	0.55681	12.98585	1.01978	1	0.72054	0.58210	12.92714	1.01978	1	-0.01149	-0.01334	0.68428	0.00298	1	0.05530	-0.01773	0.65678	0.00322	1	1.45898	0.81042	0	
1232329	8312.74609	3303927053785	0.53750	0.61748	8312.44434	0.27441	10822	0	0.57802	0.63372	1	0.53109	0.69493	1	0.55456	0.66432	1	0.45579	0.55702	13.05012	1.02780	1	0.72086	0.58208	13.50855	1.02780	1	-0.01149	-0.01334	0.68428	0.00297	1	0.05530	-0.01773	0.65678	0.00324	1	1.45898	0.81042	0	
1232330	8312.75293	3303927121818	0.54598	0.64273	8312.44434	0.27441	10822	0	0.57847	0.63749	1	0.53044	0.69846	1	0.55445	0.66797	1	0.45596	0.55691	12.09998	1.02067	1	0.72093	0.58252	13.33657	1.02067	1	-0.01062	-0.01234	0.63791	0.00313	1	0.05560	-0.01780	0.65909	0.00299	1	1.45898	0.81042	0	
1232331	8312.75977	3303927192284	0.54459	0.66575	8312.44434	0.27441	10822	0	0.58092	0.70198	1	0.50275	0.72163	1	0.54183	0.71181	1	0.45564	0.55731	13.13887	1.00553	1	0.72083	0.58242	13.00873	1.00553	1	-0.01062	-0.01234	0.63791	0.00287	1	0.05560	-0.01780	0.65909	0.00298	1	1.45898	0.81042	0	
1232332	8312.76660	3303927259434	0.54722	0.72110	8312.44434	0.27441	10822	0	0.58221	0.78195	1	0.50854	0.78512	1	0.54538	0.78353	1	0.45565	0.55721	13.10288	0.99039	1	0.72102	0.58247	13.30338	0.99039	1	-0.01062	-0.01234	0.63791	0.00289	1	0.05560	-0.01780	0.65909	0.00301	1	1.45898	0.81042	0	
1232333	8312.77344	3303927325625	0.54615	0.75468	8312.44434	0.27441	10822	0	0.58270	0.78515	1	0.50746	0.79137	1	0.54508	0.78826	1	0.45545	0.55693	12.71401	0.98237	1	0.72087	0.58245	13.15828	0.97556	1	-0.01097	-0.01281	0.66197	0.00298	1	0.05506	-0.01761	0.65211	0.00300	1	1.45898	0.81042	0	
1232334	8312.77930	3303927392773	0.54195	0.75445	8312.44434	0.27441	10822	0	0.57269	0.74376	1	0.49439	0.76422	1	0.53354	0.75399	1	0.45556	0.55673	12.48277	0.98269	1	0.72074	0.58216	13.16163	0.97588	1	-0.01097	-0.01281	0.66197	0.00303	1	0.05506	-0.01761	0.65211	0.00292	1	1.45898	0.81042	0	
1232335	8312.78613	3303927458854	0.53739	0.74588	8312.76660	0.01953	10823	1	0.56556	0.69202	1	0.48191	0.74828	1	0.52374	0.72015	1	0.45566	0.55680	12.73293	0.98301	1	0.72098	0.58203	12.92572	0.97620	1	-0.01097	-0.01281	0.66197	0.00304	1	0.05506	-0.01761	0.65211	0.00295	1	1.45898	0.81042	0	
1232336	8312.79297	3303927526598	0.53471	0.74107	8312.76660	0.02637	10823	1	0.56609	0.69538	1	0.48191	0.74828	1	0.52400	0.72183	1	0.45575	0.55682	12.59780	0.97620	1	0.72119	0.58188	12.54960	0.97620	1	-0.01062	-0.01234	0.63791	0.00303	1	0.05704	-0.01818	0.67505	0.00302	1	1.45898	0.81042	0	
1232337	8312.79980	3303927593913	0.53667	0.73890	8312.76660	0.03320	10823	1	0.57646	0.71353	1	0.51647	0.74259	1	0.54647	0.72806	1	0.45589	0.55645	12.03155	0.96907	1	0.72153	0.58191	13.03152	0.97588	1	-0.01062	-0.01234	0.63791	0.00316	1	0.05704	-0.01818	0.67505	0.00296	1	1.45898	0.81042	0	
1232338	8312.80664	3303927660879	0.53827	0.73564	8312.76660	0.04004	10823	1	0.58226	0.73770	1	0.51338	0.69453	1	0.54782	0.71612	1	0.45555	0.55694	12.90947	0.96875	1	0.72149	0.58181	13.41409	0.97556	1	-0.01062	-0.01234	0.63791	0.00308	1	0.05704	-0.01818	0.67505	0.00278	1	1.45898	0.81042	0	
1232339	8312.81348	3303927728236	0.53946	0.73322	8312.76660	0.04688	10823	1	0.58228	0.73785	1	0.51335	0.69469	1	0.54782	0.71627	1	0.45541	0.55696	12.97987	0.96844	1	0.72152	0.58202	13.88076	0.97524	1	-0.01068	-0.01237	0.64163	0.00311	1	0.05604	-0.01786	0.66320	0.00289	1	1.45898	0.81042	0	
1232340	8312.82031	3303927794385	0.54067	0.73665	8312.76660	0.05371	10823	1	0.57592	0.76763	1	0.52473	0.76046	1	0.55032	0.76404	1	0.45553	0.55687	13.10729	0.97524	1	0.72157	0.58199	13.73219	0.97524	1	-0.01068	-0.01237	0.64163	0.00309	1	0.05604	-0.01786	0.66320	0.00292	1	1.45898	0.81042	0	
1232341	8312.82617	3303927861601	0.54143	0.73714	8312.76660	0.05957	10823	1	0.57705	0.76284	1	0.51960	0.72028	1	0.54832	0.74156	1	0.45545	0.55681	12.93895	0.97524	1	0.72154	0.58221	13.66662	0.97524	1	-0.01068	-0.01237	0.64163	0.00304	1	0.05604	-0.01786	0.66320	0.00296	1	1.45898	0.81042	0	
1232342	8312.83301	3303927928549	0.54206	0.73754	8312.76660	0.06641	10823	1	0.57705	0.76284	1	0.51960	0.72028	1	0.54832	0.74156	1	0.45539	0.55687	13.24296	0.97524	1	0.72149	0.58224	13.69994	0.97524	1	-0.01068	-0.01237	0.64163	0.00307	1	0.05704	-0.01818	0.67505	0.00292	1	1.45898	0.81042	0	
1232343	8312.83984	3303927993969	0.54304	0.73595	8312.76660	0.07324	10823	1	0.59420	0.71061	1	0.51351	0.72638	1	0.55385	0.71849	1	0.45554	0.55637	13.31184	0.97524	1	0.72147	0.58234	13.72397	0.97524	1	-0.01068	-0.01237	0.64163	0.00291	1	0.05704	-0.01818	0.67505	0.00300	1	1.45898	0.81042	0	
1232344	8312.84668	3303928062664	0.54415	0.73609	8312.76660	0.08008	10823	1	0.59460	0.73530	1	0.52025	0.74014	1	0.55742	0.73772	1	0.45566	0.55671	13.56856	0.97524	1	0.72160	0.58228	13.37770	0.97524	1	-0.01068	-0.01237	0.64163	0.00299	1	0.05704	-0.01818	0.67505	0.00304	1	1.45898	0.81042	0	
1232345	8312.85352	3303928129494	0.54511	0.73597	8312.76660	0.08691	10823	1	0.59424	0.73208	1	0.52086	0.73676	1	0.55755	0.73442	1	0.45576	0.55616	13.24796	0.98237	1	0.72162	0.58228	13.50798	0.98237	1	-0.01097	-0.01259	0.65585	0.00279	1	0.05704	-0.01823	0.67505	0.00300	1	1.45898	0.81042	0	
1232346	8312.86035	3303928196751	0.54541	0.73479	8312.76660	0.09375	10823	1	0.59306	0.69009	1	0.50630	0.74659	1	0.54968	0.71834	1	0.45564	0.55642	13.17557	0.98950	1	0.72137	0.58212	13.34269	0.98950	1	-0.01097	-0.01259	0.65585	0.00281	1	0.05704	-0.01823	0.67505	0.00306	1	1.45898	0.81042	0	
1232347	8312.86719	3303928263625	0.54542	0.73559	8312.76660	0.10059	10823	1	0.57907	0.71792	1	0.51193	0.77725	1	0.54550	0.74759	1	0.45542	0.55656	12.75299	0.99662	1	0.72143	0.58239	13.44009	0.99662	1	-0.01097	-0.01259	0.65585	0.00296	1	0.05704	-0.01823	0.67505	0.00296	1	1.45898	0.81042	0	
1232348	8312.87305	3303928330453	0.54543	0.73590	8312.76660	0.10645	10823	1	0.57810	0.71095	1	0.51307	0.77078	1	0.54559	0.74086	1	0.45537	0.55626	12.76586	1.01177	1	0.72148	0.58237	13.56448	1.01177	1	-0.01136	-0.01304	0.67659	0.00289	1	0.05704	-0.01818	0.67505	0.00302	1	1.45898	0.81042	0	
1232349	8312.87988	3303928396924	0.54570	0.73507	8312.76660	0.11328	10823	1	0.57899	0.68614	1	0.52160	0.75561	1	0.55030	0.72088	1	0.45549	0.55658	12.86885	1.01978	1	0.72148	0.58225	13.76946	1.01978	1	-0.01136	-0.01304	0.67659	0.00297	1	0.05704	-0.01818	0.67505	0.00303	1	1.45898	0.81042	0	
1232350	8312.88672	3303928463866	0.54568	0.73482	8312.76660	0.12012	10823	1	0.57421	0.69973	1	0.51648	0.76106	1	0.54535	0.73039	1	0.45548	0.55648	12.71083	1.02780	1	0.72151	0.58233	13.71185	1.02780	1	-0.01136	-0.01304	0.67659	0.00306	1	0.05704	-0.01818	0.67505	0.00299	1	1.45898	0.81042	0	
1232351	8312.89355	3303928531395	0.54566	0.73442	8312.76660	0.12695	10823	1	0.57369	0.69601	1	0.51710	0.75761	1	0.54540	0.72681	1	0.45549	0.55656	12.97934	1.03582	1	0.72151	0.58223	13.55561	1.03582	1	-0.01136	-0.01304	0.67659	0.00303	1	0.05704	-0.01823	0.67505	0.00304	1	1.45898	0.81042	0	
1232352	8312.90039	3303928598570	0.54603	0.73388	8312.76660	0.13379	10823	1	0.58706	0.71061	1	0.51968	0.73544	1	0.55337	0.72303	1	0.45551	0.55671	12.96958	1.03582	1	0.72149	0.58218	13.73156	1.03582	1	-0.01136	-0.01304	0.67659	0.00295	1	0.05704	-0.01823	0.67505	0.00296	1	1.45898	0.81042	0	
1232353	8312.90723	3303928665802	0.54609	0.73210	8312.76660	0.14062	10823	1	0.56828	0.66467	1	0.52627	0.72466	1	0.54728	0.69467	1	0.45534	0.55637	12.56791	1.03582	1	0.72161	0.58188	13.30140	1.03582	1	-0.01136	-0.01304	0.67659	0.00308	1	0.05704	-0.01823	0.67505	0.00294	1	1.45898	0.81042	0	
1232354	8312.91309	3303928729767	0.54614	0.73064	8312.76660	0.14648	10823	1	0.56885	0.66864	1	0.52558	0.72837	1	0.54721	0.69851	1	0.45513	0.55651	12.18322	1.02780	1	0.72137	0.58180	12.74735	1.02780	1	-0.01130	-0.01296	0.66987	0.00309	1	0.05704	-0.01818	0.67505	0.00297	1	1.45898	0.81042	0	
1232355	8312.91992	3303928797157	0.54594	0.73020	8312.76660	0.15332	10823	1	0.55608	0.71663	1	0.52674	0.72351	1	0.54141	0.72007	1	0.45526	0.55659	12.10553	1.01978	1	0.72164	0.58189	13.43101	1.01978	1	-0.01130	-0.01296	0.66987	0.00312	1	0.05704	-0.01818	0.67505	0.00291	1	1.45898	0.81042	0	
1232356	8312.92676	3303928862599	0.54572	0.72876	8312.76660	0.16016	10823	1	0.55945	0.67448	1	0.52138	0.71405	1	0.54042	0.69426	1	0.45512	0.55635	12.23636	1.01177	1	0.72164	0.58181	13.57020	1.01177	1	-0.01130	-0.01296	0.66987	0.00311	1	0.05704	-0.01818	0.67505	0.00283	1	1.45898	0.81042	0	
1232357	8312.93359	3303928929197	0.54551	0.72758	8312.76660	0.16699	10823	1	0.56009	0.67846	1	0.52071	0.71793	1	0.54040	0.69820	1	0.45552	0.55616	12.77708	1.00375	1	0.72166	0.58147	13.43007	1.00375	1	-0.01098	-0.01254	0.65071	0.00316	1	0.05704	-0.01818	0.67505	0.00297	1	1.45898	0.81042	0	
1232358	8312.94043	3303929000317	0.54604	0.72584	8312.76660	0.17383	10823	1	0.58653	0.62647	1	0.53300	0.73430	1	0.55976	0.68039	1	0.45560	0.55608	13.02387	1.00375	1	0.72169	0.58180	13.64396	1.00375	1	-0.01098	-0.01254	0.65071	0.00290	1	0.05704	-0.01818	0.67505	0.00295	1	1.45898	0.81042	0	
1232359	8312.94727	3303929067594	0.54670	0.72382	8312.76660	0.18066	10823	1	0.59883	0.61490	1	0.52998	0.72404	1	0.56441	0.66947	1	0.45585	0.55569	12.46186	1.00375	1	0.72162	0.58166	13.48521	1.00375	1	-0.01098	-0.01254	0.65071	0.00290	1	0.05704	-0.01818	0.67505	0.00298	1	1.45898	0.81042	0	
1232360	8312.95410	3303929134531	0.54730	0.72200	8312.76660	0.18750	10823	1	0.59883	0.61490	1	0.52935	0.72730	1	0.56409	0.67110	1	0.45631	0.55541	13.08626	1.00375	1	0.72232	0.58131	14.17871	0.99694	1	-0.01097	-0.01261	0.66197	0.00325	1	0.05432	-0.01712	0.64107	0.00311	1	1.45898	0.81042	0	
1232361	8312.96094	3303929201093	0.54854	0.72132	8312.76660	0.19434	10823	1	0.61516	0.69213	1	0.55404	0.71066	1	0.58460	0.70139	1	0.45647	0.55533	13.58718	0.99694	1	0.72251	0.58113	13.96228	0.99013	1	-0.01097	-0.01261	0.66197	0.00324	1	0.05432	-0.01712	0.64107	0.00309	1	1.45898	0.81042	0	
1232362	8312.96777	3303929268079	0.54970	0.72078	8312.76660	0.20117	10823	1	0.61951	0.69761	1	0.54920	0.71152	1	0.58436	0.70456	1	0.45656	0.55527	13.78041	0.99013	1	0.72248	0.58109	13.83711	0.98332	1	-0.01097	-0.01261	0.66197	0.00323	1	0.05432	-0.01712	0.64107	0.00307	1	1.45898	0.81042	0	
1232363	8312.97363	3303929334875	0.55077	0.72038	8312.76660	0.20703	10823	1	0.61969	0.70089	1	0.54842	0.71494	1	0.58406	0.70792	1	0.45663	0.55503	13.36784	0.98332	1	0.72245	0.58093	13.96151	0.97652	1	-0.01097	-0.01261	0.66197	0.00323	1	0.05432	-0.01712	0.64107	0.00302	1	1.45898	0.81042	0	
1232364	8312.98047	3303929402244	0.56074	0.69347	8312.76660	0.20703	10823	0	0.59515	0.65323	1	0.54664	0.70909	1	0.57089	0.68116	1	0.45628	0.55562	13.16228	0.97652	1	0.72247	0.58096	13.99378	0.97652	1	-0.01097	-0.01261	0.66197	0.00314	1	0.05432	-0.01712	0.64107	0.00306	1	1.45898	0.81042	0	
1232365	8312.98730	3303929469199	0.56631	0.69714	8312.76660	0.20703	10823	0	0.61851	0.68942	1	0.52526	0.71220	1	0.57188	0.70081	1	0.45651	0.55534	13.80889	0.97652	1	0.72240	0.58095	14.05030	0.97652	1	-0.01097	-0.01261	0.66197	0.00320	1	0.05432	-0.01712	0.64107	0.00302	1	1.45898	0.81042	0	
1232366	8312.99414	3303929536040	0.56817	0.69836	8312.76660	0.20703	10823	0	0.61851	0.68942	1	0.52526	0.71220	1	0.57188	0.70081	1	0.45650	0.55517	13.62594	0.97652	1	0.72274	0.58083	14.41881	0.97652	1	-0.01097	-0.01261	0.66197	0.00325	1	0.05432	-0.01712	0.64107	0.00309	1	1.45898	0.81042	0	
1232367	8313.00098	3303929602696	0.56695	0.69965	8312.98047	0.02051	10824	1	0.60648	0.71760	1	0.52013	0.68944	1	0.56331	0.70352	1	0.45655	0.55559	14.14281	0.97652	1	0.72235	0.58078	13.58278	0.97652	1	-0.01097	-0.01261	0.66197	0.00302	1	0.05432	-0.01712	0.64107	0.00305	1	1.45898	0.81042	0	
1232368	8313.00781	3303929670276	0.56629	0.69870	8312.98047	0.02734	10824	1	0.61338	0.68965	1	0.51388	0.70017	1	0.56363	0.69491	1	0.45654	0.55503	13.41920	0.97652	1	0.72229	0.58090	13.52717	0.97652	1	-0.01097	-0.01261	0.66197	0.00331	1	0.05432	-0.01712	0.64107	0.00311	1	1.45898	0.81042	0	
1232369	8313.01367	3303929736700	0.56589	0.69778	8312.98047	0.03320	10824	1	0.61338	0.68965	1	0.51442	0.69666	1	0.56390	0.69315	1	0.45650	0.55527	13.61434	0.97652	1	0.72249	0.58079	13.67114	0.98332	1	-0.01097	-0.01261	0.66197	0.00328	1	0.05658	-0.01786	0.66715	0.00304	1	1.45898	0.81042	0	
1232370	8313.02051	3303929803202	0.56758	0.69012	8312.98047	0.04004	10824	1	0.61317	0.61365	1	0.54227	0.67472	1	0.57772	0.64418	1	0.45670	0.55504	13.57227	0.98332	1	0.72265	0.58066	13.92484	0.99013	1	-0.01097	-0.01261	0.66197	0.00322	1	0.05658	-0.01786	0.66715	0.00308	1	1.45898	0.81042	0	
1232371	8313.02734	3303929871134	0.56785	0.68297	8312.98047	0.04688	10824	1	0.59901	0.59327	1	0.54045	0.67247	1	0.56973	0.63287	1	0.45653	0.55535	13.86605	0.99013	1	0.72269	0.58068	13.98906	0.99694	1	-0.01097	-0.01261	0.66197	0.00322	1	0.05658	-0.01786	0.66715	0.00311	1	1.45898	0.81042	0	
1232372	8313.03418	3303929938452	0.56815	0.67625	8312.98047	0.05371	10824	1	0.59834	0.58454	1	0.54278	0.66046	1	0.57056	0.62250	1	0.45660	0.55558	14.07687	1.00496	1	0.72286	0.58099	14.04995	1.01943	1	-0.01139	-0.01321	0.69060	0.00304	1	0.05709	-0.01796	0.67256	0.00311	1	1.45898	0.81042	0	
1232373	8313.04102	3303930005262	0.57007	0.67770	8312.98047	0.06055	10824	1	0.61681	0.69797	1	0.55798	0.68367	1	0.58740	0.69082	1	0.45664	0.55567	14.32391	1.02744	1	0.72285	0.58099	14.22402	1.03510	1	-0.01139	-0.01321	0.69060	0.00304	1	0.05709	-0.01796	0.67256	0.00312	1	1.45898	0.81042	0	
1232374	8313.04785	3303930072022	0.57232	0.67555	8312.98047	0.06738	10824	1	0.62326	0.62846	1	0.56632	0.67944	1	0.59479	0.65395	1	0.45665	0.55574	14.16967	1.04312	1	0.72292	0.58117	14.30829	1.05078	1	-0.01139	-0.01321	0.69060	0.00304	1	0.05709	-0.01796	0.67256	0.00312	1	1.45898	0.81042	0	
1232375	8313.05469	3303930138819	0.57426	0.67308	8312.98047	0.07422	10824	1	0.62292	0.62024	1	0.56823	0.67158	1	0.59558	0.64591	1	0.45674	0.55554	13.89813	1.05879	1	0.72290	0.58103	14.31590	1.06645	1	-0.01139	-0.01316	0.69060	0.00303	1	0.05824	-0.01827	0.68614	0.00312	1	1.45898	0.81042	0	
1232376	8313.06152	3303930206106	0.57582	0.67232	8312.98047	0.08105	10824	1	0.61473	0.64532	1	0.57448	0.68110	1	0.59461	0.66321	1	0.45669	0.55547	13.88602	1.06645	1	0.72315	0.58112	14.16320	1.06645	1	-0.01139	-0.01316	0.69060	0.00304	1	0.05824	-0.01827	0.68614	0.00314	1	1.45898	0.81042	0	
1232377	8313.06738	3303930272909	0.57631	0.66952	8312.98047	0.08691	10824	1	0.61528	0.57569	1	0.55010	0.69060	1	0.58269	0.63314	1	0.45698	0.55542	13.60857	1.06645	1	0.72304	0.58073	14.35442	1.06645	1	-0.01139	-0.01316	0.69060	0.00299	1	0.05824	-0.01827	0.68614	0.00303	1	1.45898	0.81042	0	
1232378	8313.07422	3303930339804	0.57671	0.66722	8312.98047	0.09375	10824	1	0.61528	0.57569	1	0.54929	0.69429	1	0.58228	0.63499	1	0.45686	0.55463	13.67763	1.06645	1	0.72293	0.58010	14.32734	1.05879	1	-0.01139	-0.01295	0.69060	0.00328	1	0.05554	-0.01729	0.65495	0.00335	1	1.45898	0.81042	0	
1232379	8313.08105	3303930406943	0.57651	0.66330	8312.98047	0.10059	10824	1	0.58324	0.58499	1	0.56379	0.62411	1	0.57352	0.60455	1	0.45638	0.55315	13.38055	1.05879	1	0.72262	0.57859	14.12849	1.05113	1	-0.01139	-0.01295	0.69060	0.00314	1	0.05554	-0.01729	0.65495	0.00298	1	1.45898	0.81042	0	
1232380	8313.08789	3303930473967	0.57563	0.66335	8312.98047	0.10742	10824	1	0.57260	0.63242	1	0.55025	0.69586	1	0.56142	0.66414	1	0.45652	0.55244	13.10224	1.05113	1	0.72251	0.57822	14.35997	1.04348	1	-0.01139	-0.01295	0.69060	0.00307	1	0.05554	-0.01729	0.65495	0.00289	1	1.45898	0.81042	0	
1232381	8313.09473	3303930539094	0.57484	0.66373	8312.98047	0.11426	10824	1	0.57363	0.64055	1	0.54938	0.69977	1	0.56151	0.67016	1	0.45633	0.54967	13.46136	1.03546	1	0.72114	0.57456	14.86285	1.03546	1	-0.01089	-0.01174	0.66334	0.00394	1	0.05693	-0.01714	0.67428	0.00385	1	1.45898	0.81042	0	
1232382	8313.10059	3303930603947	0.57355	0.65010	8312.98047	0.12012	10824	1	0.56997	0.42113	1	0.53086	0.38854	1	0.55042	0.40484	1	0.45622	0.54783	13.95349	1.02744	1	0.72119	0.57251	14.20420	1.03510	1	-0.01089	-0.01174	0.66334	0.00370	1	0.05693	-0.01714	0.67428	0.00390	1	1.45898	0.81042	0	
1232383	8313.10742	3303930672002	0.57321	0.61116	8312.98047	0.12012	10824	0	0.53838	0.41975	1	0.50919	0.47170	1	0.52379	0.44573	1	0.45593	0.54725	13.45231	1.02708	1	0.72086	0.57248	13.75336	1.03474	1	-0.01089	-0.01174	0.66334	0.00381	1	0.05693	-0.01714	0.67428	0.00368	1	1.45898	0.81042	0	
1232384	8313.11426	3303930738590	0.54850	0.52857	8312.98047	0.12012	10824	0	0.53841	0.42002	1	0.50917	0.47196	1	0.52379	0.44599	1	0.45584	0.54659	13.68744	1.02673	1	0.72040	0.57157	14.51310	1.03439	1	-0.01089	-0.01139	0.66334	0.00394	1	0.05744	-0.01694	0.68039	0.00414	1	1.45898	0.81042	0	
1232385	8313.12109	3303930804388	0.53735	0.47567	8312.98047	0.12012	10824	0	0.56781	0.38854	1	0.46227	0.35119	1	0.51504	0.36987	1	0.45622	0.54629	14.18805	1.03439	1	0.72039	0.57160	14.43806	1.03439	1	-0.01089	-0.01139	0.66334	0.00398	1	0.05744	-0.01694	0.68039	0.00419	1	1.45898	0.81042	0	
1232386	8313.12793	3303930870904	0.51424	0.38710	8312.98047	0.12012	10824	0	0.55248	0.36334	1	0.45530	0.32753	1	0.50389	0.34544	1	0.45622	0.54605	13.85903	1.03439	1	0.72066	0.57103	14.05118	1.03439	1	-0.01089	-0.01139	0.66334	0.00402	1	0.05744	-0.01694	0.68039	0.00416	1	1.45898	0.81042	0	
1232387	8313.13477	3303930941275	0.50890	0.36461	8312.98047	0.12012	10824	0	0.55181	0.35702	1	0.45531	0.32723	1	0.50356	0.34213	1	0.45624	0.54582	13.94313	1.04240	1	0.72128	0.57060	14.22180	1.03474	1	-0.01100	-0.01156	0.67315	0.00426	1	0.05577	-0.01641	0.65885	0.00448	1	1.45898	0.81042	0	
1232388	8313.14160	3303931007615	0.51197	0.35158	8312.98047	0.12012	10824	0	0.53500	0.36967	1	0.50119	0.28139	1	0.51810	0.32553	1	0.45633	0.54619	13.94304	1.04276	1	0.72125	0.57044	14.29124	1.03510	1	-0.01100	-0.01156	0.67315	0.00410	1	0.05577	-0.01641	0.65885	0.00446	1	1.45898	0.81042	0	
1232389	8313.14746	3303931072551	0.50362	0.34431	8313.12793	0.01953	10825	1	0.48712	0.28899	1	0.47002	0.35598	1	0.47857	0.32249	1	0.45607	0.54504	13.55016	1.04312	1	0.72143	0.57121	14.19906	1.03546	1	-0.01100	-0.01156	0.67315	0.00415	1	0.05577	-0.01641	0.65885	0.00453	1	1.45898	0.81042	0	
1232390	8313.15430	3303931140674	0.49874	0.33989	8313.12793	0.02637	10825	1	0.48817	0.29555	1	0.47031	0.34890	1	0.47924	0.32222	1	0.45683	0.54592	13.96780	1.03546	1	0.72123	0.57176	14.48062	1.04414	1	-0.01069	-0.01124	0.65718	0.00412	1	0.06002	-0.01762	0.70771	0.00430	1	1.45898	0.81042	0	
1232391	8313.16113	3303931206420	0.49660	0.34256	8313.12793	0.03320	10825	1	0.50827	0.31832	1	0.46347	0.39351	1	0.48587	0.35591	1	0.45629	0.54558	14.43524	1.03612	1	0.72119	0.57172	14.50845	1.05246	1	-0.01069	-0.01124	0.65718	0.00386	1	0.06002	-0.01762	0.70771	0.00411	1	1.45898	0.81042	0	
1232392	8313.16797	3303931277391	0.50088	0.34249	8313.12793	0.04004	10825	1	0.53546	0.31839	1	0.51776	0.36566	1	0.52661	0.34203	1	0.45672	0.54530	13.75976	1.04445	1	0.72208	0.57146	14.31356	1.06079	1	-0.01069	-0.01124	0.65718	0.00387	1	0.06002	-0.01762	0.70771	0.00405	1	1.45898	0.81042	0	
1232393	8313.17480	3303931342193	0.50400	0.34159	8313.12793	0.04688	10825	1	0.53387	0.30492	1	0.51776	0.36566	1	0.52582	0.33529	1	0.45682	0.54556	13.81531	1.06079	1	0.72189	0.57164	13.94295	1.06079	1	-0.01099	-0.01161	0.67884	0.00387	1	0.05643	-0.01654	0.66422	0.00398	1	1.45898	0.81042	0	
1232394	8313.18164	3303931411895	0.50471	0.33842	8313.12793	0.05371	10825	1	0.53867	0.31977	1	0.48211	0.30638	1	0.51039	0.31308	1	0.45681	0.54569	13.72040	1.06880	1	0.72190	0.57114	14.37541	1.05246	1	-0.01099	-0.01161	0.67884	0.00396	1	0.05643	-0.01654	0.66422	0.00416	1	1.45898	0.81042	0	
1232395	8313.18848	3303931478498	0.50650	0.33915	8313.12793	0.06055	10825	1	0.54316	0.35639	1	0.50195	0.33513	1	0.52256	0.34576	1	0.45676	0.54587	14.11029	1.06048	1	0.72208	0.57149	14.16935	1.04414	1	-0.01099	-0.01161	0.67884	0.00390	1	0.05643	-0.01654	0.66422	0.00414	1	1.45898	0.81042	0	
1232396	8313.19531	3303931545580	0.50799	0.34007	8313.12793	0.06738	10825	1	0.54391	0.36284	1	0.50191	0.33568	1	0.52291	0.34926	1	0.45660	0.54589	13.78184	1.05216	1	0.72216	0.57120	13.90507	1.04348	1	-0.01073	-0.01139	0.66872	0.00390	1	0.05761	-0.01687	0.67750	0.00420	1	1.45898	0.81042	0	
1232397	8313.20215	3303931613128	0.50817	0.33886	8313.12793	0.07422	10825	1	0.54127	0.34986	1	0.47917	0.30110	1	0.51022	0.32548	1	0.45685	0.54561	14.06192	1.04348	1	0.72222	0.57156	14.03321	1.05113	1	-0.01073	-0.01139	0.66872	0.00399	1	0.05761	-0.01687	0.67750	0.00430	1	1.45898	0.81042	0	
1232398	8313.20801	3303931679910	0.50836	0.33735	8313.12793	0.08008	10825	1	0.54771	0.30305	1	0.47336	0.33561	1	0.51053	0.31933	1	0.45692	0.54532	13.73721	1.05113	1	0.72220	0.57146	14.04964	1.05879	1	-0.01073	-0.01139	0.66872	0.00387	1	0.05761	-0.01687	0.67750	0.00422	1	1.45898	0.81042	0	
1232399	8313.21484	3303931746381	0.50851	0.33609	8313.12793	0.08691	10825	1	0.54774	0.30335	1	0.47334	0.33590	1	0.51054	0.31962	1	0.45706	0.54539	12.83424	1.05078	1	0.72256	0.57198	13.55814	1.05844	1	-0.01051	-0.01125	0.65798	0.00391	1	0.05520	-0.01619	0.64808	0.00413	1	1.45898	0.81042	0	
1232400	8313.22168	3303931814081	0.50791	0.33662	8313.12793	0.09375	10825	1	0.50804	0.31618	1	0.49081	0.37207	1	0.49942	0.34413	1	0.45713	0.54527	13.14251	1.05042	1	0.72236	0.57212	14.88156	1.05042	1	-0.01051	-0.01125	0.65798	0.00381	1	0.05520	-0.01619	0.64808	0.00392	1	1.45898	0.81042	0	
1232401	8313.22852	3303931880835	0.50792	0.33660	8313.12793	0.10059	10825	1	0.51384	0.31348	1	0.50246	0.35906	1	0.50815	0.33627	1	0.45709	0.54507	13.10850	1.04240	1	0.72261	0.57206	14.80266	1.04240	1	-0.01051	-0.01125	0.65798	0.00388	1	0.05520	-0.01619	0.64808	0.00395	1	1.45898	0.81042	0	
1232402	8313.23535	3303931946747	0.50795	0.33697	8313.12793	0.10742	10825	1	0.51476	0.32014	1	0.50196	0.36555	1	0.50836	0.34285	1	0.45739	0.54535	13.77331	1.03439	1	0.72268	0.57199	14.99418	1.03439	1	-0.01051	-0.01125	0.65798	0.00383	1	0.05520	-0.01619	0.64808	0.00393	1	1.45898	0.81042	0	
1232403	8313.24219	3303932014475	0.50756	0.33734	8313.12793	0.11426	10825	1	0.51764	0.37577	1	0.48420	0.31140	1	0.50092	0.34359	1	0.45730	0.54603	12.95124	1.03439	1	0.72262	0.57186	14.87503	1.03439	1	-0.01051	-0.01125	0.65798	0.00397	1	0.05520	-0.01619	0.64808	0.00398	1	1.45898	0.81042	0	
1232404	8313.24902	3303932081185	0.50752	0.33666	8313.12793	0.12109	10825	1	0.53189	0.35298	1	0.48202	0.29588	1	0.50695	0.32443	1	0.45750	0.54585	13.23837	1.03439	1	0.72260	0.57171	14.58924	1.03439	1	-0.01051	-0.01125	0.65798	0.00398	1	0.05520	-0.01619	0.64808	0.00404	1	1.45898	0.81042	0	
1232405	8313.25488	3303932148512	0.50750	0.33605	8313.12793	0.12695	10825	1	0.53189	0.35298	1	0.48202	0.29588	1	0.50695	0.32443	1	0.45785	0.54616	13.92806	1.03439	1	0.72278	0.57167	14.01890	1.03439	1	-0.01040	-0.01124	0.65724	0.00395	1	0.05860	-0.01731	0.68673	0.00401	1	1.45898	0.81042	0	
1232406	8313.26172	3303932214633	0.50692	0.33374	8313.12793	0.13379	10825	1	0.50113	0.26014	1	0.48984	0.31522	1	0.49549	0.28768	1	0.45714	0.54468	12.64313	1.03439	1	0.72273	0.57186	13.97369	1.03439	1	-0.01040	-0.01124	0.65724	0.00453	1	0.05860	-0.01731	0.68673	0.00419	1	1.45898	0.81042	0	
1232407	8313.26855	3303932282354	0.50640	0.33167	8313.12793	0.14062	10825	1	0.51761	0.24231	1	0.47325	0.33412	1	0.49543	0.28821	1	0.45731	0.54456	12.60754	1.03439	1	0.72285	0.57188	13.80983	1.03439	1	-0.01040	-0.01124	0.65724	0.00451	1	0.05860	-0.01731	0.68673	0.00414	1	1.45898	0.81042	0	
1232408	8313.27539	3303932349571	0.50591	0.32948	8313.12793	0.14746	10825	1	0.51671	0.23504	1	0.47354	0.32740	1	0.49512	0.28122	1	0.45782	0.54619	13.76782	1.04240	1	0.72282	0.57255	14.30772	1.04240	1	-0.01079	-0.01177	0.68550	0.00408	1	0.05860	-0.01731	0.68673	0.00411	1	1.45898	0.81042	0	
1232409	8313.28223	3303932415822	0.50605	0.32914	8313.12793	0.15430	10825	1	0.54061	0.31587	1	0.47782	0.32683	1	0.50922	0.32135	1	0.45758	0.54575	13.51297	1.05042	1	0.72288	0.57273	14.50827	1.05042	1	-0.01079	-0.01177	0.68550	0.00418	1	0.05860	-0.01731	0.68673	0.00415	1	1.45898	0.81042	0	
1232410	8313.28906	3303932482861	0.50663	0.32767	8313.12793	0.16113	10825	1	0.56439	0.25593	1	0.47662	0.32894	1	0.52050	0.29243	1	0.45813	0.54574	12.76618	1.05844	1	0.72298	0.57257	14.07887	1.05844	1	-0.01079	-0.01177	0.68550	0.00424	1	0.05860	-0.01731	0.68673	0.00412	1	1.45898	0.81042	0	
1232411	8313.29590	3303932550250	0.50716	0.32606	8313.12793	0.16797	10825	1	0.56381	0.24895	1	0.47693	0.32233	1	0.52037	0.28564	1	0.45811	0.54562	12.85904	1.06645	1	0.72339	0.57305	13.81783	1.06645	1	-0.01080	-0.01183	0.68593	0.00425	1	0.05860	-0.01731	0.68673	0.00392	1	1.45898	0.81042	0	
1232412	8313.30176	3303932616963	0.50655	0.32522	8313.12793	0.17383	10825	1	0.49574	0.30391	1	0.48566	0.30304	1	0.49070	0.30348	1	0.45772	0.54644	13.14637	1.06645	1	0.72297	0.57312	14.23567	1.06645	1	-0.01080	-0.01183	0.68593	0.00382	1	0.05860	-0.01731	0.68673	0.00399	1	1.45898	0.81042	0	
1232413	8313.30859	3303932683857	0.50618	0.32648	8313.12793	0.18066	10825	1	0.51731	0.38959	1	0.47525	0.33142	1	0.49628	0.36050	1	0.45779	0.54711	13.27478	1.06645	1	0.72287	0.57337	14.08894	1.06645	1	-0.01080	-0.01183	0.68593	0.00394	1	0.05860	-0.01731	0.68673	0.00404	1	1.45898	0.81042	0	
1232414	8313.31543	3303932748705	0.50585	0.32787	8313.12793	0.18750	10825	1	0.51820	0.39553	1	0.47496	0.33796	1	0.49658	0.36675	1	0.45837	0.54746	11.76880	1.05844	1	0.72373	0.57360	14.26553	1.05844	1	-0.01020	-0.01153	0.65709	0.00391	1	0.05860	-0.01743	0.68554	0.00373	1	1.45898	0.81042	0	
1232415	8313.32227	3303932815905	0.50724	0.32998	8313.12793	0.19434	10825	1	0.56073	0.38971	1	0.53431	0.39255	1	0.54752	0.39113	1	0.45866	0.54751	12.58290	1.05042	1	0.72383	0.57394	13.90367	1.05042	1	-0.01020	-0.01153	0.65709	0.00378	1	0.05860	-0.01743	0.68554	0.00406	1	1.45898	0.81042	0	
1232416	8313.32910	3303932885579	0.50833	0.33096	8313.12793	0.20117	10825	1	0.55663	0.32093	1	0.52541	0.39999	1	0.54102	0.36046	1	0.45864	0.54681	12.49491	1.04240	1	0.72380	0.57418	13.91520	1.04240	1	-0.01020	-0.01153	0.65709	0.00418	1	0.05860	-0.01743	0.68554	0.00404	1	1.45898	0.81042	0	
1232417	8313.33594	3303932952467	0.50934	0.33217	8313.12793	0.20801	10825	1	0.55727	0.32752	1	0.52408	0.41210	1	0.54068	0.36981	1	0.45868	0.54707	12.89200	1.03439	1	0.72375	0.57434	13.96585	1.02673	1	-0.01020	-0.01153	0.65709	0.00404	1	0.05670	-0.01690	0.66275	0.00408	1	1.45898	0.81042	0	
1232418	8313.34277	3303933019170	0.51017	0.33455	8313.12793	0.21484	10825	1	0.55847	0.36861	1	0.51492	0.45251	1	0.53670	0.41056	1	0.45868	0.54732	12.46108	1.02673	1	0.72361	0.57448	14.21797	1.01907	1	-0.01020	-0.01153	0.65709	0.00391	1	0.05670	-0.01690	0.66275	0.00398	1	1.45898	0.81042	0	
1232419	8313.34863	3303933084344	0.51103	0.33678	8313.12793	0.22070	10825	1	0.55812	0.35817	1	0.52065	0.46243	1	0.53938	0.41030	1	0.45866	0.54740	12.58790	1.01907	1	0.72370	0.57436	13.92468	1.01141	1	-0.01020	-0.01153	0.65709	0.00392	1	0.05670	-0.01690	0.66275	0.00401	1	1.45898	0.81042	0	
1232420	8313.35547	3303933153295	0.51183	0.33912	8313.12793	0.22754	10825	1	0.55873	0.36434	1	0.51946	0.47305	1	0.53910	0.41869	1	0.45879	0.54760	13.09763	1.01141	1	0.72370	0.57452	13.92572	0.99694	1	-0.01020	-0.01153	0.65709	0.00390	1	0.05439	-0.01627	0.63630	0.00393	1	1.45898	0.81042	0	
1232421	8313.36230	3303933219739	0.52517	0.36782	8313.12793	0.22754	10825	0	0.55958	0.40761	1	0.50686	0.48061	1	0.53322	0.44411	1	0.45866	0.54743	12.72768	0.99694	1	0.72362	0.57455	14.00026	0.99013	1	-0.01020	-0.01153	0.65709	0.00394	1	0.05439	-0.01627	0.63630	0.00399	1	1.45898	0.81042	0	
1232422	8313.36914	3303933287293	0.53378	0.40258	8313.12793	0.22754	10825	0	0.56294	0.39940	1	0.52183	0.47527	1	0.54239	0.43733	1	0.45875	0.54723	13.04771	0.99013	1	0.72373	0.57448	14.11453	0.98332	1	-0.01020	-0.01153	0.65709	0.00407	1	0.05439	-0.01627	0.63630	0.00410	1	1.45898	0.81042	0	
1232423	8313.37598	3303933350937	0.53674	0.41506	8313.12793	0.22754	10825	0	0.56348	0.40475	1	0.52183	0.47527	1	0.54265	0.44001	1	0.45844	0.54694	12.23665	0.98332	1	0.72375	0.57461	14.08356	0.98332	1	-0.01020	-0.01153	0.65709	0.00417	1	0.05611	-0.01677	0.65587	0.00402	1	1.45898	0.81042	0	
1232424	8313.38184	3303933417720	0.53636	0.42282	8313.36230	0.01953	10826	1	0.56168	0.39419	1	0.50879	0.49803	1	0.53524	0.44611	1	0.45872	0.54781	12.48974	0.98332	1	0.72354	0.57468	14.31648	0.99013	1	-0.01020	-0.01153	0.65709	0.00381	1	0.05611	-0.01677	0.65587	0.00394	1	1.45898	0.81042	0	
1232425	8313.38867	3303933486712	0.53471	0.42355	8313.36230	0.02637	10826	1	0.54962	0.35016	1	0.50657	0.50278	1	0.52810	0.42647	1	0.45852	0.54674	12.14152	0.99013	1	0.72356	0.57476	14.37471	0.99694	1	-0.01020	-0.01153	0.65709	0.00421	1	0.05611	-0.01677	0.65587	0.00392	1	1.45898	0.81042	0	
1232426	8313.39551	3303933550693	0.53358	0.42213	8313.36230	0.03320	10826	1	0.54829	0.33776	1	0.50761	0.49235	1	0.52795	0.41506	1	0.45847	0.54700	12.33672	1.00496	1	0.72350	0.57472	14.25868	1.01177	1	-0.01055	-0.01187	0.67658	0.00416	1	0.05525	-0.01656	0.64577	0.00393	1	1.45898	0.81042	0	
1232427	8313.40234	3303933618969	0.53175	0.41699	8313.36230	0.04004	10826	1	0.53523	0.30615	1	0.50628	0.46604	1	0.52075	0.38610	1	0.45842	0.54687	12.24780	1.01978	1	0.72350	0.57468	14.34007	1.01978	1	-0.01055	-0.01187	0.67658	0.00412	1	0.05525	-0.01656	0.64577	0.00393	1	1.45898	0.81042	0	
1232428	8313.40918	3303933686625	0.53003	0.41487	8313.36230	0.04688	10826	1	0.52800	0.33558	1	0.50798	0.46456	1	0.51799	0.40007	1	0.45824	0.54691	13.38997	1.02780	1	0.72352	0.57471	14.22312	1.02780	1	-0.01055	-0.01187	0.67658	0.00404	1	0.05525	-0.01656	0.64577	0.00393	1	1.45898	0.81042	0	
1232429	8313.41602	3303933751252	0.52869	0.41323	8313.36230	0.05371	10826	1	0.52800	0.33558	1	0.50798	0.46456	1	0.51799	0.40007	1	0.45800	0.54721	12.98917	1.02780	1	0.72363	0.57457	14.08423	1.02780	1	-0.01030	-0.01153	0.65695	0.00399	1	0.05525	-0.01656	0.64577	0.00399	1	1.45898	0.81042	0	
1232430	8313.42285	3303933820828	0.52855	0.41323	8313.36230	0.06055	10826	1	0.53709	0.37154	1	0.51747	0.45508	1	0.52728	0.41331	1	0.45845	0.54805	12.40244	1.01978	1	0.72365	0.57459	14.12247	1.01978	1	-0.01030	-0.01153	0.65695	0.00369	1	0.05525	-0.01656	0.64577	0.00401	1	1.45898	0.81042	0	
1232431	8313.42969	3303933887703	0.52815	0.41178	8313.36230	0.06738	10826	1	0.53497	0.33032	1	0.51331	0.46413	1	0.52414	0.39723	1	0.45833	0.54730	12.29833	1.01177	1	0.72362	0.57458	14.11232	1.01177	1	-0.01030	-0.01153	0.65695	0.00405	1	0.05525	-0.01656	0.64577	0.00393	1	1.45898	0.81042	0	
1232432	8313.43555	3303933952834	0.52785	0.41086	8313.36230	0.07324	10826	1	0.53578	0.33705	1	0.51328	0.46439	1	0.52453	0.40072	1	0.45835	0.54728	13.52732	1.00375	1	0.72363	0.57432	14.05464	1.01141	1	-0.01030	-0.01153	0.65695	0.00405	1	0.05860	-0.01758	0.68554	0.00384	1	1.45898	0.81042	0	
1232433	8313.44238	3303934023602	0.52704	0.41048	8313.36230	0.08008	10826	1	0.52339	0.37135	1	0.51143	0.44046	1	0.51741	0.40590	1	0.45803	0.54751	13.19627	1.01141	1	0.72359	0.57424	13.97548	1.01907	1	-0.01030	-0.01153	0.65695	0.00402	1	0.05860	-0.01758	0.68554	0.00386	1	1.45898	0.81042	0	
1232434	8313.44922	3303934089787	0.52586	0.40799	8313.36230	0.08691	10826	1	0.51102	0.32072	1	0.51002	0.43073	1	0.51052	0.37573	1	0.45789	0.54709	12.86906	1.01907	1	0.72351	0.57416	14.15699	1.02673	1	-0.01030	-0.01153	0.65695	0.00419	1	0.05860	-0.01758	0.68554	0.00387	1	1.45898	0.81042	0	
1232435	8313.45605	3303934155295	0.52480	0.40520	8313.36230	0.09375	10826	1	0.50914	0.30748	1	0.51059	0.42469	1	0.50987	0.36609	1	0.45795	0.54726	12.80400	1.03474	1	0.72330	0.57440	13.45583	1.03474	1	-0.01080	-0.01204	0.68593	0.00424	1	0.05584	-0.01677	0.65387	0.00387	1	1.45898	0.81042	0	
1232436	8313.46289	3303934225169	0.52330	0.40645	8313.36230	0.10059	10826	1	0.52001	0.38826	1	0.48161	0.46213	1	0.50081	0.42520	1	0.45830	0.54850	13.68099	1.04276	1	0.72311	0.57460	14.12547	1.03510	1	-0.01080	-0.01204	0.68593	0.00390	1	0.05584	-0.01677	0.65387	0.00384	1	1.45898	0.81042	0	
1232437	8313.46973	3303934292019	0.52285	0.40583	8313.36230	0.10742	10826	1	0.54631	0.36674	1	0.48509	0.42512	1	0.51570	0.39593	1	0.45814	0.54788	13.38288	1.04312	1	0.72308	0.57421	13.66685	1.03546	1	-0.01080	-0.01204	0.68593	0.00413	1	0.05584	-0.01677	0.65387	0.00390	1	1.45898	0.81042	0	
1232438	8313.47656	3303934359141	0.52246	0.40511	8313.36230	0.11426	10826	1	0.54628	0.36646	1	0.48547	0.41910	1	0.51588	0.39278	1	0.45829	0.54848	13.93734	1.04348	1	0.72275	0.57429	14.10159	1.04348	1	-0.01080	-0.01204	0.68593	0.00389	1	0.05715	-0.01713	0.66977	0.00397	1	1.45898	0.81042	0	
1232439	8313.48340	3303934425833	0.52210	0.40341	8313.36230	0.12109	10826	1	0.52462	0.35988	1	0.50656	0.38597	1	0.51559	0.37293	1	0.45770	0.54808	13.39695	1.04348	1	0.72302	0.57412	13.58424	1.05113	1	-0.01080	-0.01204	0.68593	0.00383	1	0.05715	-0.01713	0.66977	0.00401	1	1.45898	0.81042	0	
1232440	8313.48926	3303934489816	0.52289	0.40248	8313.36230	0.12695	10826	1	0.56615	0.39547	1	0.50949	0.37386	1	0.53782	0.38467	1	0.45794	0.54841	13.63211	1.05113	1	0.72313	0.57403	13.41251	1.05879	1	-0.01080	-0.01204	0.68593	0.00384	1	0.05715	-0.01713	0.66977	0.00425	1	1.45898	0.81042	0	
1232441	8313.49609	3303934557759	0.52360	0.40135	8313.36230	0.13379	10826	1	0.56560	0.38977	1	0.51001	0.36785	1	0.53781	0.37881	1	0.45802	0.54802	13.47418	1.05879	1	0.72297	0.57401	14.03046	1.06645	1	-0.01080	-0.01204	0.68593	0.00384	1	0.05715	-0.01708	0.66977	0.00420	1	1.45898	0.81042	0	
1232442	8313.50293	3303934624093	0.52463	0.40216	8313.36230	0.14062	10826	1	0.56391	0.44447	1	0.52867	0.39399	1	0.54629	0.41923	1	0.45790	0.54785	13.31031	1.06645	1	0.72300	0.57346	13.84072	1.06645	1	-0.01080	-0.01204	0.68593	0.00373	1	0.05715	-0.01708	0.66977	0.00442	1	1.45898	0.81042	0	
1232443	8313.50977	3303934692556	0.52542	0.40351	8313.36230	0.14746	10826	1	0.56165	0.42079	1	0.52394	0.44542	1	0.54279	0.43311	1	0.45800	0.54778	13.27844	1.06645	1	0.72295	0.57410	14.18881	1.06645	1	-0.01080	-0.01204	0.68593	0.00379	1	0.05715	-0.01708	0.66977	0.00401	1	1.45898	0.81042	0	
1232444	8313.51660	3303934758659	0.52613	0.40530	8313.36230	0.15430	10826	1	0.56277	0.43154	1	0.52208	0.46167	1	0.54243	0.44660	1	0.45722	0.54740	13.02625	1.05131	1	0.72292	0.57402	14.29410	1.04365	1	-0.01034	-0.01137	0.65055	0.00386	1	0.05722	-0.01711	0.67113	0.00405	1	1.45898	0.81042	0	
1232445	8313.52246	3303934824496	0.52586	0.40441	8313.36230	0.16016	10826	1	0.51645	0.41928	1	0.52243	0.34673	1	0.51944	0.38300	1	0.45720	0.54750	12.95232	1.02851	1	0.72282	0.57262	13.72391	1.02085	1	-0.01034	-0.01137	0.65055	0.00401	1	0.05722	-0.01711	0.67113	0.00427	1	1.45898	0.81042	0	
1232446	8313.53027	3303934894021	0.52603	0.40583	8313.36230	0.16797	10826	1	0.54564	0.44575	1	0.51488	0.43669	1	0.53026	0.44122	1	0.45748	0.54766	13.85607	1.00571	1	0.72286	0.57303	13.91020	0.99805	1	-0.01034	-0.01137	0.65055	0.00375	1	0.05722	-0.01711	0.67113	0.00424	1	1.45898	0.81042	0	
1232447	8313.53711	3303934961770	0.52620	0.40724	8313.36230	0.17480	10826	1	0.54635	0.45133	1	0.51488	0.43669	1	0.53062	0.44401	1	0.45759	0.54726	13.73043	0.99805	1	0.72288	0.57353	14.08461	0.99805	1	-0.01073	-0.01164	0.66872	0.00394	1	0.05722	-0.01711	0.67113	0.00384	1	1.45898	0.81042	0	
1232448	8313.54297	3303935025925	0.52638	0.40785	8313.36230	0.18066	10826	1	0.55596	0.36793	1	0.50669	0.48056	1	0.53133	0.42424	1	0.45739	0.54708	12.90459	1.01319	1	0.72239	0.57368	13.73069	1.02085	1	-0.01073	-0.01164	0.66872	0.00394	1	0.05722	-0.01711	0.67113	0.00386	1	1.45898	0.81042	0	
1232449	8313.54980	3303935095681	0.52688	0.40902	8313.36230	0.18750	10826	1	0.57388	0.42693	1	0.50776	0.45677	1	0.54082	0.44185	1	0.45731	0.54771	13.25482	1.03599	1	0.72235	0.57361	13.70089	1.04365	1	-0.01073	-0.01164	0.66872	0.00378	1	0.05722	-0.01711	0.67113	0.00384	1	1.45898	0.81042	0	
1232450	8313.55664	3303935160830	0.52735	0.40976	8313.36230	0.19434	10826	1	0.57291	0.41622	1	0.50877	0.44618	1	0.54084	0.43120	1	0.45728	0.54732	13.13358	1.05078	1	0.72214	0.57323	14.06103	1.05844	1	-0.01073	-0.01158	0.66566	0.00368	1	0.05688	-0.01696	0.66899	0.00391	1	1.45898	0.81042	0	
1232451	8313.56348	3303935229138	0.52714	0.40851	8313.36230	0.20117	10826	1	0.53850	0.33298	1	0.50314	0.40902	1	0.52082	0.37100	1	0.45674	0.54682	13.13119	1.05042	1	0.72221	0.57319	14.12133	1.05042	1	-0.01073	-0.01158	0.66566	0.00380	1	0.05688	-0.01696	0.66899	0.00408	1	1.45898	0.81042	0	
1232452	8313.57031	3303935296209	0.52761	0.40820	8313.36230	0.20801	10826	1	0.55456	0.37639	1	0.53011	0.42081	1	0.54233	0.39860	1	0.45704	0.54694	12.94712	1.04240	1	0.72221	0.57319	14.12133	1.04240	1	-0.01073	-0.01158	0.66566	0.00381	1	0.05688	-0.01696	0.66899	0.00408	1	1.45898	0.81042	0	
1232453	8313.57617	3303935361531	0.52805	0.40818	8313.36230	0.21387	10826	1	0.55522	0.38256	1	0.52871	0.43261	1	0.54197	0.40759	1	0.45688	0.54724	13.59708	1.03439	1	0.72214	0.57286	14.16115	1.02673	1	-0.01069	-0.01144	0.65719	0.00377	1	0.05643	-0.01679	0.66422	0.00424	1	1.45898	0.81042	0	
1232454	8313.58398	3303935432461	0.52783	0.40862	8313.36230	0.22168	10826	1	0.53659	0.41147	1	0.50503	0.43473	1	0.52081	0.42310	1	0.45673	0.54731	13.47822	1.02673	1	0.72192	0.57267	14.12957	1.01907	1	-0.01069	-0.01144	0.65719	0.00382	1	0.05643	-0.01679	0.66422	0.00416	1	1.45898	0.81042	0	
1232455	8313.59082	3303935499439	0.52784	0.40954	8313.36230	0.22852	10826	1	0.54219	0.41734	1	0.51393	0.46461	1	0.52806	0.44098	1	0.45679	0.54734	13.46713	1.01907	1	0.72203	0.57314	14.17135	1.01141	1	-0.01069	-0.01144	0.65719	0.00390	1	0.05643	-0.01679	0.66422	0.00416	1	1.45898	0.81042	0	
1232456	8313.59668	3303935565387	0.52785	0.41041	8313.36230	0.23438	10826	1	0.54216	0.41707	1	0.51396	0.46435	1	0.52806	0.44071	1	0.45652	0.54714	13.34040	1.01943	1	0.72155	0.57169	12.73719	1.01177	1	-0.01128	-0.01200	0.68978	0.00391	1	0.05689	-0.01691	0.67086	0.00435	1	1.45898	0.81042	0	
1232457	8313.60352	3303935631778	0.52783	0.41002	8313.36230	0.24121	10826	1	0.54661	0.35801	1	0.50797	0.43358	1	0.52729	0.39579	1	0.45650	0.54679	13.17656	1.01978	1	0.72151	0.57258	12.96745	1.01978	1	-0.01128	-0.01200	0.68978	0.00414	1	0.05689	-0.01691	0.67086	0.00419	1	1.45898	0.81042	0	
1232458	8313.61035	3303935698552	0.52809	0.40924	8313.36230	0.24805	10826	1	0.56783	0.38619	1	0.50782	0.37466	1	0.53783	0.38042	1	0.45650	0.54721	13.34208	1.02780	1	0.72149	0.57216	13.00209	1.02780	1	-0.01128	-0.01200	0.68978	0.00391	1	0.05689	-0.01691	0.67086	0.00406	1	1.45898	0.81042	0	
1232459	8313.61719	3303935765549	0.52834	0.40850	8313.36230	0.25488	10826	1	0.56783	0.38619	1	0.50782	0.37466	1	0.53783	0.38042	1	0.45636	0.54668	13.10037	1.02780	1	0.72123	0.57284	14.59775	1.02780	1	-0.01089	-0.01154	0.66334	0.00393	1	0.05689	-0.01691	0.67086	0.00390	1	1.45898	0.81042	0	
1232460	8313.62402	3303935832477	0.52850	0.40930	8313.36230	0.26172	10826	1	0.54693	0.39830	1	0.52225	0.48262	1	0.53459	0.44046	1	0.45616	0.54695	12.72871	1.01978	1	0.72142	0.57280	14.20512	1.01978	1	-0.01089	-0.01154	0.66334	0.00382	1	0.05689	-0.01691	0.67086	0.00394	1	1.45898	0.81042	0	
1232461	8313.63086	3303935899356	0.52859	0.41003	8313.36230	0.26855	10826	1	0.55313	0.40410	1	0.51120	0.47458	1	0.53216	0.43934	1	0.45616	0.54696	12.58332	1.01177	1	0.72126	0.57274	14.26885	1.01177	1	-0.01089	-0.01154	0.66334	0.00387	1	0.05689	-0.01691	0.67086	0.00391	1	1.45898	0.81042	0	
1232462	8313.63672	3303935967042	0.52867	0.41087	8313.36230	0.27441	10826	1	0.55381	0.41023	1	0.51061	0.48036	1	0.53221	0.44530	1	0.45579	0.54705	13.03936	1.00375	1	0.72132	0.57274	14.19580	1.00375	1	-0.01089	-0.01138	0.65697	0.00382	1	0.05689	-0.01691	0.67086	0.00400	1	1.45898	0.81042	0	
1232463	8313.64355	3303936033896	0.52883	0.41136	8313.36230	0.28125	10826	1	0.56219	0.41077	1	0.50857	0.45358	1	0.53538	0.43217	1	0.45592	0.54720	13.40107	1.00375	1	0.72124	0.57230	14.06218	1.00375	1	-0.01089	-0.01138	0.65697	0.00395	1	0.05689	-0.01691	0.67086	0.00385	1	1.45898	0.81042	0	
1232464	8313.65039	3303936100477	0.52915	0.41168	8313.36230	0.28809	10826	1	0.55724	0.38724	1	0.52873	0.46361	1	0.54299	0.42543	1	0.45590	0.54690	13.22364	1.00375	1	0.72112	0.57242	14.18366	1.00375	1	-0.01089	-0.01138	0.65697	0.00418	1	0.05689	-0.01691	0.67086	0.00386	1	1.45898	0.81042	0	
1232465	8313.65723	3303936167690	0.52947	0.41179	8313.36230	0.29492	10826	1	0.55658	0.38093	1	0.53016	0.45202	1	0.54337	0.41648	1	0.45577	0.54675	13.16000	1.01177	1	0.72071	0.57247	13.88101	1.01943	1	-0.01103	-0.01153	0.66257	0.00416	1	0.05946	-0.01764	0.70424	0.00391	1	1.45898	0.81042	0	
1232466	8313.66406	3303936234368	0.52967	0.41112	8313.36230	0.30176	10826	1	0.57461	0.32386	1	0.50297	0.43825	1	0.53879	0.38106	1	0.45571	0.54670	13.17650	1.02744	1	0.72070	0.57245	13.78803	1.03510	1	-0.01103	-0.01153	0.66257	0.00414	1	0.05946	-0.01764	0.70424	0.00392	1	1.45898	0.81042	0	
1232467	8313.67090	3303936301071	0.52959	0.41019	8313.36230	0.30859	10826	1	0.55070	0.31454	1	0.50104	0.42023	1	0.52587	0.36739	1	0.45556	0.54644	12.94516	1.04312	1	0.72060	0.57239	13.74096	1.05078	1	-0.01103	-0.01153	0.66257	0.00416	1	0.05946	-0.01764	0.70424	0.00402	1	1.45898	0.81042	0	
1232468	8313.67773	3303936367826	0.52951	0.40917	8313.36230	0.31543	10826	1	0.55005	0.30819	1	0.50151	0.41452	1	0.52578	0.36136	1	0.45547	0.54646	12.92535	1.05078	1	0.72066	0.57226	14.02284	1.05844	1	-0.01100	-0.01145	0.65779	0.00404	1	0.05946	-0.01764	0.70424	0.00407	1	1.45898	0.81042	0	
1232469	8313.68359	3303936435095	0.52959	0.40940	8313.36230	0.32129	10826	1	0.53647	0.34310	1	0.52104	0.41442	1	0.52875	0.37876	1	0.45530	0.54674	13.34980	1.05042	1	0.72058	0.57238	13.95789	1.05042	1	-0.01100	-0.01145	0.65779	0.00387	1	0.05946	-0.01764	0.70424	0.00411	1	1.45898	0.81042	0	
1232470	8313.69043	3303936502310	0.52934	0.40847	8313.36230	0.32812	10826	1	0.54060	0.35596	1	0.52062	0.42921	1	0.53061	0.39259	1	0.45533	0.54678	13.42867	1.04240	1	0.72056	0.57244	13.81921	1.04240	1	-0.01100	-0.01145	0.65779	0.00384	1	0.05946	-0.01764	0.70424	0.00412	1	1.45898	0.81042	0	
1232471	8313.69727	3303936568972	0.52908	0.40767	8313.36230	0.33496	10826	1	0.54135	0.36229	1	0.51936	0.44088	1	0.53036	0.40158	1	0.45539	0.54731	13.83406	1.03439	1	0.72045	0.57257	14.27833	1.02673	1	-0.01130	-0.01166	0.66987	0.00374	1	0.05445	-0.01617	0.64554	0.00403	1	1.45898	0.81042	0	
1232472	8313.70410	3303936633265	0.52913	0.40714	8313.36230	0.34180	10826	1	0.55663	0.40043	1	0.51784	0.44056	1	0.53724	0.42049	1	0.45539	0.54723	13.81052	1.02673	1	0.72055	0.57244	14.13067	1.01907	1	-0.01130	-0.01166	0.66987	0.00375	1	0.05445	-0.01617	0.64554	0.00402	1	1.45898	0.81042	0	
1232473	8313.71094	3303936703110	0.52914	0.40733	8313.36230	0.34863	10826	1	0.54707	0.39898	1	0.51084	0.47279	1	0.52895	0.43589	1	0.45535	0.54723	13.74593	1.01907	1	0.72040	0.57255	14.35117	1.01141	1	-0.01130	-0.01166	0.66987	0.00375	1	0.05445	-0.01617	0.64554	0.00406	1	1.45898	0.81042	0	
1232474	8313.71777	3303936770505	0.52917	0.40789	8313.36230	0.35547	10826	1	0.54775	0.40484	1	0.51028	0.47833	1	0.52902	0.44159	1	0.45514	0.54746	13.82260	1.01141	1	0.72054	0.57250	14.07915	1.00375	1	-0.01130	-0.01166	0.66987	0.00369	1	0.05535	-0.01639	0.65622	0.00399	1	1.45898	0.81042	0	
1232475	8313.72461	3303936837074	0.52933	0.40911	8313.36230	0.36230	10826	1	0.54058	0.42046	1	0.51637	0.46887	1	0.52847	0.44467	1	0.45525	0.54727	13.56891	1.00375	1	0.72061	0.57260	13.99300	1.00375	1	-0.01130	-0.01166	0.66987	0.00379	1	0.05535	-0.01639	0.65622	0.00398	1	1.45898	0.81042	0	
1232476	8313.73047	3303936903380	0.52948	0.40993	8313.36230	0.36816	10826	1	0.54042	0.42003	1	0.51041	0.45921	1	0.52542	0.43962	1	0.45521	0.54717	13.44904	1.00375	1	0.72054	0.57249	14.05379	1.00375	1	-0.01130	-0.01166	0.66987	0.00383	1	0.05535	-0.01639	0.65622	0.00399	1	1.45898	0.81042	0	
1232477	8313.73730	3303936969043	0.52963	0.41063	8313.36230	0.37500	10826	1	0.53964	0.41396	1	0.51100	0.45326	1	0.52532	0.43361	1	0.45534	0.54718	13.54687	1.01177	1	0.72062	0.57254	14.01138	1.01177	1	-0.01151	-0.01182	0.67947	0.00389	1	0.05686	-0.01686	0.67521	0.00405	1	1.45898	0.81042	0	
1232478	8313.74414	3303937038152	0.52974	0.41103	8313.36230	0.38184	10826	1	0.54384	0.40464	1	0.52055	0.46078	1	0.53219	0.43271	1	0.45519	0.54734	13.74062	1.01978	1	0.72057	0.57262	14.00382	1.01978	1	-0.01151	-0.01182	0.67947	0.00388	1	0.05686	-0.01686	0.67521	0.00398	1	1.45898	0.81042	0	
1232479	8313.75098	3303937104894	0.52985	0.41113	8313.36230	0.38867	10826	1	0.53711	0.37809	1	0.52236	0.42562	1	0.52973	0.40185	1	0.45530	0.54727	13.51586	1.02780	1	0.72060	0.57222	13.82399	1.02780	1	-0.01151	-0.01182	0.67947	0.00394	1	0.05686	-0.01686	0.67521	0.00415	1	1.45898	0.81042	0	
1232480	8313.75781	3303937172271	0.52996	0.41102	8313.36230	0.39551	10826	1	0.53632	0.37184	1	0.52303	0.41953	1	0.52967	0.39569	1	0.45528	0.54737	13.39026	1.03582	1	0.72049	0.57203	14.02820	1.03582	1	-0.01151	-0.01182	0.67947	0.00393	1	0.05539	-0.01648	0.65787	0.00418	1	1.45898	0.81042	0	
1232481	8313.76465	3303937238929	0.53046	0.41189	8313.36230	0.40234	10826	1	0.56741	0.43763	1	0.51571	0.45770	1	0.54156	0.44766	1	0.45525	0.54780	13.74058	1.03582	1	0.72056	0.57266	13.97749	1.03582	1	-0.01151	-0.01182	0.67947	0.00396	1	0.05539	-0.01648	0.65787	0.00398	1	1.45898	0.81042	0	
1232482	8313.77148	3303937306148	0.53119	0.41286	8313.36230	0.40918	10826	1	0.57466	0.42289	1	0.51582	0.42175	1	0.54524	0.42232	1	0.45528	0.54765	13.78891	1.03582	1	0.72050	0.57226	13.91761	1.03582	1	-0.01151	-0.01182	0.67947	0.00400	1	0.05539	-0.01648	0.65787	0.00388	1	1.45898	0.81042	0	
1232483	8313.77734	3303937373063	0.53192	0.41404	8313.36230	0.41504	10826	1	0.57466	0.42289	1	0.51582	0.42175	1	0.54524	0.42232	1	0.45534	0.54788	13.87196	1.03582	1	0.72039	0.57204	14.18165	1.03582	1	-0.01158	-0.01194	0.68326	0.00394	1	0.05539	-0.01648	0.65787	0.00391	1	1.45898	0.81042	0	
1232484	8313.78418	3303937440072	0.53229	0.41411	8313.36230	0.42188	10826	1	0.53743	0.45742	1	0.49944	0.40022	1	0.51844	0.42882	1	0.45487	0.54785	13.08136	1.03582	1	0.72020	0.57208	14.32186	1.03582	1	-0.01158	-0.01194	0.68326	0.00404	1	0.05539	-0.01648	0.65787	0.00387	1	1.45898	0.81042	0	
1232485	8313.79102	3303937506809	0.53271	0.41447	8313.36230	0.42871	10826	1	0.56351	0.45481	1	0.50776	0.37141	1	0.53564	0.41311	1	0.45520	0.54814	13.68351	1.03582	1	0.72038	0.57161	13.86910	1.03582	1	-0.01158	-0.01194	0.68326	0.00404	1	0.05539	-0.01648	0.65787	0.00409	1	1.45898	0.81042	0	
1232486	8313.79785	3303937571496	0.53312	0.41489	8313.36230	0.43555	10826	1	0.56351	0.45481	1	0.50776	0.37141	1	0.53564	0.41311	1	0.45518	0.54826	13.59027	1.03582	1	0.71996	0.57215	13.89153	1.03582	1	-0.01158	-0.01194	0.68326	0.00395	1	0.05539	-0.01648	0.65787	0.00388	1	1.45898	0.81042	0	
1232487	8313.80469	3303937641039	0.53310	0.41594	8313.36230	0.44238	10826	1	0.53165	0.42016	1	0.49774	0.42614	1	0.51469	0.42315	1	0.45469	0.54789	13.29821	1.03582	1	0.72012	0.57231	13.63694	1.03582	1	-0.01158	-0.01194	0.68326	0.00387	1	0.05539	-0.01648	0.65787	0.00389	1	1.45898	0.81042	0	
1232488	8313.81152	3303937708043	0.53285	0.41634	8313.36230	0.44922	10826	1	0.56354	0.38670	1	0.48793	0.42120	1	0.52573	0.40395	1	0.45492	0.54783	13.32969	1.03582	1	0.72007	0.57225	13.52989	1.03582	1	-0.01158	-0.01194	0.68326	0.00391	1	0.05539	-0.01648	0.65787	0.00391	1	1.45898	0.81042	0	
1232489	8313.81836	3303937774853	0.53260	0.41686	8313.36230	0.45605	10826	1	0.56354	0.38670	1	0.48793	0.42120	1	0.52573	0.40395	1	0.45464	0.54786	13.07386	1.03582	1	0.72006	0.57234	13.53509	1.03582	1	-0.01160	-0.01201	0.68434	0.00390	1	0.05539	-0.01648	0.65787	0.00385	1	1.45898	0.81042	0	
1232490	8313.82422	3303937841925	0.53176	0.41679	8313.36230	0.46191	10826	1	0.55074	0.39611	1	0.46191	0.43539	1	0.50632	0.41575	1	0.45458	0.54811	13.43363	1.03582	1	0.71958	0.57245	14.25382	1.03582	1	-0.01160	-0.01201	0.68434	0.00381	1	0.05539	-0.01648	0.65787	0.00390	1	1.45898	0.81042	0	
1232491	8313.83105	3303937908613	0.53106	0.41676	8313.36230	0.46875	10826	1	0.54162	0.39797	1	0.47692	0.46501	1	0.50927	0.43149	1	0.45482	0.54798	13.54310	1.03582	1	0.71984	0.57275	13.95780	1.03582	1	-0.01160	-0.01201	0.68434	0.00384	1	0.05539	-0.01648	0.65787	0.00387	1	1.45898	0.81042	0	
1232492	8313.83789	3303937976085	0.53038	0.41651	8313.36230	0.47559	10826	1	0.54236	0.40402	1	0.47691	0.46526	1	0.50964	0.43464	1	0.45472	0.54798	13.33642	1.02780	1	0.71987	0.57276	14.19560	1.03546	1	-0.01128	-0.01163	0.66268	0.00380	1	0.05779	-0.01721	0.68687	0.00378	1	1.45898	0.81042	0	
1232493	8313.84473	3303938042659	0.53095	0.41734	8313.36230	0.48242	10826	1	0.58640	0.40316	1	0.50662	0.44233	1	0.54651	0.42275	1	0.45514	0.54830	14.13955	1.02744	1	0.72002	0.57252	13.37183	1.03510	1	-0.01128	-0.01163	0.66268	0.00373	1	0.05779	-0.01721	0.68687	0.00391	1	1.45898	0.81042	0	
1232494	8313.85156	3303938109675	0.53091	0.41649	8313.36230	0.48926	10826	1	0.56174	0.36059	1	0.49569	0.44050	1	0.52871	0.40054	1	0.45482	0.54766	13.03265	1.02708	1	0.71978	0.57253	14.25526	1.03474	1	-0.01128	-0.01163	0.66268	0.00401	1	0.05779	-0.01721	0.68687	0.00389	1	1.45898	0.81042	0	
1232495	8313.85840	3303938176989	0.53087	0.41565	8313.36230	0.49609	10826	1	0.56176	0.36087	1	0.49523	0.44641	1	0.52850	0.40364	1	0.45483	0.54726	12.67001	1.02673	1	0.71996	0.57255	13.93358	1.02673	1	-0.01128	-0.01163	0.66268	0.00399	1	0.05779	-0.01721	0.68687	0.00386	1	1.45898	0.81042	0	
1232496	8313.86523	3303938243666	0.53095	0.41555	8313.36230	0.50293	10826	1	0.57302	0.35646	1	0.49759	0.48214	1	0.53530	0.41930	1	0.45491	0.54745	12.83421	1.02673	1	0.71984	0.57283	14.00302	1.01907	1	-0.01128	-0.01163	0.66268	0.00397	1	0.05779	-0.01721	0.68687	0.00389	1	1.45898	0.81042	0	
1232497	8313.87109	3303938310357	0.53054	0.41428	8313.36230	0.50879	10826	1	0.55147	0.33283	1	0.49073	0.42944	1	0.52110	0.38113	1	0.45465	0.54739	12.97986	1.01907	1	0.72009	0.57275	13.63497	1.01141	1	-0.01128	-0.01163	0.66268	0.00406	1	0.05779	-0.01721	0.68687	0.00377	1	1.45898	0.81042	0	
1232498	8313.87793	3303938377754	0.53014	0.41330	8313.36230	0.51562	10826	1	0.55213	0.33918	1	0.49073	0.42944	1	0.52143	0.38431	1	0.45480	0.54721	12.75972	1.01141	1	0.72008	0.57231	13.48763	1.01141	1	-0.01128	-0.01163	0.66268	0.00402	1	0.05779	-0.01721	0.68687	0.00401	1	1.45898	0.81042	0	
1232499	8313.88477	3303938444439	0.53028	0.41350	8313.36230	0.52246	10826	1	0.56848	0.35779	1	0.48729	0.40332	1	0.52788	0.38056	1	0.45486	0.54758	12.56714	1.01141	1	0.72008	0.57244	13.46763	1.01907	1	-0.01128	-0.01163	0.66268	0.00396	1	0.05779	-0.01721	0.68687	0.00402	1	1.45898	0.81042	0	
1232500	8313.89160	3303938511931	0.53001	0.41389	8313.36230	0.52930	10826	1	0.58004	0.40828	1	0.47820	0.42633	1	0.52912	0.41730	1	0.45516	0.54822	13.06162	1.01907	1	0.71983	0.57281	14.30060	1.02673	1	-0.01128	-0.01163	0.66268	0.00373	1	0.05779	-0.01721	0.68687	0.00383	1	1.45898	0.81042	0	
1232501	8313.89746	3303938573799	0.52974	0.41385	8313.36230	0.53516	10826	1	0.57908	0.39646	1	0.47885	0.41449	1	0.52896	0.40547	1	0.45516	0.54822	13.06162	1.03474	1	0.71985	0.57282	14.24049	1.04240	1	-0.01160	-0.01211	0.68434	0.00373	1	0.05779	-0.01721	0.68687	0.00383	1	1.45898	0.81042	0	
1232502	8313.90430	3303938640744	0.53005	0.41253	8313.36230	0.54199	10826	1	0.57435	0.36067	1	0.49694	0.35877	1	0.53564	0.35972	1	0.45512	0.54795	13.00562	1.05042	1	0.72013	0.57229	13.43135	1.05042	1	-0.01160	-0.01211	0.68434	0.00392	1	0.05779	-0.01721	0.68687	0.00404	1	1.45898	0.81042	0	
1232503	8313.91211	3303938713471	0.52999	0.41098	8313.36230	0.54980	10826	1	0.55620	0.36107	1	0.49457	0.37258	1	0.52538	0.36683	1	0.45488	0.54800	12.64166	1.05844	1	0.72007	0.57252	13.45512	1.05844	1	-0.01160	-0.01211	0.68434	0.00368	1	0.05779	-0.01721	0.68687	0.00395	1	1.45898	0.81042	0	
1232504	8313.91797	3303938777876	0.52993	0.40931	8313.36230	0.55566	10826	1	0.55556	0.35488	1	0.49501	0.36629	1	0.52529	0.36059	1	0.45490	0.54830	13.25607	1.06645	1	0.72012	0.57243	13.42216	1.06645	1	-0.01160	-0.01211	0.68434	0.00366	1	0.05779	-0.01721	0.68687	0.00397	1	1.45898	0.81042	0	
1232505	8313.92480	3303938844143	0.53001	0.40896	8313.36230	0.56250	10826	1	0.56355	0.38478	1	0.49790	0.37317	1	0.53073	0.37897	1	0.45489	0.54829	13.21765	1.06645	1	0.72012	0.57238	13.28683	1.06645	1	-0.01160	-0.01211	0.68434	0.00366	1	0.05779	-0.01721	0.68687	0.00419	1	1.45898	0.81042	0	
1232506	8313.93164	3303938909087	0.52974	0.40888	8313.36230	0.56934	10826	1	0.55583	0.36234	1	0.49420	0.38997	1	0.52501	0.37616	1	0.45481	0.54813	12.92155	1.06645	1	0.72009	0.57256	13.12054	1.06645	1	-0.01160	-0.01211	0.68434	0.00368	1	0.05779	-0.01721	0.68687	0.00410	1	1.45898	0.81042	0	
1232507	8313.93848	3303938976497	0.52947	0.40885	8313.36230	0.57617	10826	1	0.55583	0.36234	1	0.49379	0.39581	1	0.52481	0.37908	1	0.45489	0.54815	12.88414	1.06645	1	0.72009	0.57176	13.10360	1.05879	1	-0.01160	-0.01211	0.68434	0.00371	1	0.05539	-0.01658	0.65787	0.00400	1	1.45898	0.81042	0	
1232508	8313.94531	3303939045256	0.52538	0.37910	8313.36230	0.57617	10826	0	0.53226	0.34959	1	0.48623	0.36867	1	0.50924	0.35913	1	0.45485	0.54802	12.74945	1.05879	1	0.71995	0.57233	13.19964	1.05113	1	-0.01160	-0.01211	0.68434	0.00370	1	0.05539	-0.01658	0.65787	0.00377	1	1.45898	0.81042	0	
1232509	8313.95215	3303939111979	0.52091	0.36807	8313.36230	0.57617	10826	0	0.53852	0.38904	1	0.49433	0.32503	1	0.51643	0.35703	1	0.45475	0.54820	12.86908	1.05113	1	0.72009	0.57176	13.10360	1.04348	1	-0.01160	-0.01211	0.68434	0.00382	1	0.05539	-0.01658	0.65787	0.00400	1	1.45898	0.81042	0	
1232510	8313.95801	3303939176684	0.51946	0.36642	8313.36230	0.57617	10826	0	0.53924	0.39479	1	0.49391	0.33148	1	0.51658	0.36314	1	0.45504	0.54816	12.89303	1.04348	1	0.72001	0.57215	12.97537	1.03582	1	-0.01160	-0.01211	0.68434	0.00394	1	0.05539	-0.01658	0.65787	0.00425	1	1.45898	0.81042	0	
1232511	8313.96582	3303939248600	0.51927	0.37449	8313.94531	0.02051	10827	1	0.55110	0.40230	1	0.48632	0.39505	1	0.51871	0.39867	1	0.45500	0.54830	12.75704	1.03582	1	0.71996	0.57235	13.27411	1.03582	1	-0.01160	-0.01211	0.68434	0.00379	1	0.05539	-0.01658	0.65787	0.00417	1	1.45898	0.81042	0	
1232512	8313.97168	3303939315262	0.51987	0.37763	8313.94531	0.02637	10827	1	0.54321	0.40608	1	0.50128	0.37436	1	0.52225	0.39022	1	0.45494	0.54829	13.14561	1.03582	1	0.72021	0.57203	13.29387	1.03582	1	-0.01160	-0.01211	0.68434	0.00375	1	0.05539	-0.01658	0.65787	0.00395	1	1.45898	0.81042	0	
1232513	8313.97852	3303939382931	0.52027	0.37973	8313.94531	0.03320	10827	1	0.54321	0.40608	1	0.50128	0.37436	1	0.52225	0.39022	1	0.45490	0.54846	13.13811	1.03582	1	0.72015	0.57162	12.98338	1.03582	1	-0.01160	-0.01211	0.68434	0.00370	1	0.05539	-0.01658	0.65787	0.00405	1	1.45898	0.81042	0	
1232514	8313.98535	3303939449386	0.51974	0.38076	8313.94531	0.04004	10827	1	0.52474	0.42897	1	0.50850	0.34493	1	0.51662	0.38695	1	0.45499	0.54859	12.89190	1.03582	1	0.72026	0.57196	12.96579	1.03582	1	-0.01160	-0.01211	0.68434	0.00370	1	0.05539	-0.01658	0.65787	0.00400	1	1.45898	0.81042	0	
1232515	8313.99219	3303939516269	0.51892	0.38107	8313.94531	0.04688	10827	1	0.52147	0.39146	1	0.50483	0.37507	1	0.51315	0.38327	1	0.45496	0.54822	12.68878	1.03582	1	0.72026	0.57230	13.03643	1.03582	1	-0.01160	-0.01211	0.68434	0.00379	1	0.05539	-0.01658	0.65787	0.00405	1	1.45898	0.81042	0	
1232516	8313.99902	3303939583640	0.51830	0.38201	8313.94531	0.05371	10827	1	0.52235	0.39756	1	0.50430	0.38149	1	0.51333	0.38953	1	0.45488	0.54848	13.12441	1.02780	1	0.72029	0.57228	13.01835	1.02780	1	-0.01130	-0.01186	0.66987	0.00362	1	0.05539	-0.01658	0.65787	0.00408	1	1.45898	0.81042	0	
1232517	8314.00586	3303939650265	0.51762	0.38310	8313.94531	0.06055	10827	1	0.52304	0.42007	1	0.49990	0.36563	1	0.51147	0.39285	1	0.45498	0.54838	12.89607	1.01978	1	0.72022	0.57207	12.98692	1.01978	1	-0.01130	-0.01186	0.66987	0.00365	1	0.05539	-0.01658	0.65787	0.00400	1	1.45898	0.81042	0	
1232518	8314.01172	3303939716896	0.51730	0.38595	8313.94531	0.06641	10827	1	0.52519	0.43166	1	0.50305	0.39736	1	0.51412	0.41451	1	0.45494	0.54848	12.96826	1.01177	1	0.72030	0.57236	13.05865	1.01177	1	-0.01130	-0.01186	0.66987	0.00364	1	0.05539	-0.01658	0.65787	0.00404	1	1.45898	0.81042	0	
1232519	8314.01855	3303939784402	0.51703	0.38833	8313.94531	0.07324	10827	1	0.52519	0.43166	1	0.50305	0.39736	1	0.51412	0.41451	1	0.45501	0.54850	13.44267	1.01177	1	0.72031	0.57251	13.03701	1.01177	1	-0.01160	-0.01211	0.68434	0.00363	1	0.05539	-0.01658	0.65787	0.00413	1	1.45898	0.81042	0	
1232520	8314.02539	3303939851407	0.51743	0.38931	8313.94531	0.08008	10827	1	0.54087	0.41104	1	0.50357	0.39097	1	0.52222	0.40100	1	0.45520	0.54847	13.00695	1.01978	1	0.72030	0.57236	13.05865	1.01978	1	-0.01160	-0.01211	0.68434	0.00372	1	0.05539	-0.01658	0.65787	0.00405	1	1.45898	0.81042	0	
1232521	8314.03223	3303939918176	0.51733	0.38946	8313.94531	0.08691	10827	1	0.53181	0.41932	1	0.50025	0.36347	1	0.51603	0.39140	1	0.45508	0.54824	12.89237	1.02780	1	0.72016	0.57200	12.95161	1.02780	1	-0.01160	-0.01211	0.68434	0.00377	1	0.05539	-0.01658	0.65787	0.00402	1	1.45898	0.81042	0	
1232522	8314.03906	3303939985437	0.51723	0.38977	8313.94531	0.09375	10827	1	0.53181	0.41932	1	0.49982	0.36904	1	0.51582	0.39418	1	0.45541	0.54860	12.69852	1.02780	1	0.72026	0.57230	13.03643	1.02099	1	-0.01130	-0.01186	0.66987	0.00370	1	0.05425	-0.01622	0.64371	0.00406	1	1.45898	0.81042	0	
1232523	8314.04590	3303940052014	0.51765	0.39293	8313.94531	0.10059	10827	1	0.54657	0.44091	1	0.50130	0.43971	1	0.52393	0.44031	1	0.45527	0.54854	13.59392	1.01297	1	0.72027	0.57275	13.17527	1.00617	1	-0.01130	-0.01186	0.66987	0.00367	1	0.05425	-0.01622	0.64371	0.00405	1	1.45898	0.81042	0	
1232524	8314.05273	3303940119176	0.51829	0.39660	8313.94531	0.10742	10827	1	0.55685	0.45377	1	0.50022	0.45697	1	0.52853	0.45537	1	0.45539	0.54873	12.89986	0.99815	1	0.72028	0.57279	13.14157	0.99134	1	-0.01130	-0.01186	0.66987	0.00367	1	0.05425	-0.01622	0.64371	0.00408	1	1.45898	0.81042	0	
1232525	8314.05957	3303940186490	0.51889	0.40017	8313.94531	0.11426	10827	1	0.55808	0.46453	1	0.50020	0.45724	1	0.52914	0.46088	1	0.45527	0.54874	12.42347	0.98332	1	0.72024	0.57328	13.09078	0.99098	1	-0.01130	-0.01186	0.66987	0.00365	1	0.05687	-0.01701	0.67480	0.00387	1	1.45898	0.81042	0	
1232526	8314.06543	3303940253469	0.51968	0.40415	8313.94531	0.12012	10827	1	0.57081	0.46555	1	0.49703	0.48595	1	0.53392	0.47575	1	0.45557	0.54877	13.46605	0.99098	1	0.72023	0.57326	13.04792	1.00545	1	-0.01130	-0.01186	0.66987	0.00362	1	0.05687	-0.01701	0.67480	0.00392	1	1.45898	0.81042	0	
1232527	8314.07227	3303940319642	0.52007	0.40685	8313.94531	0.12695	10827	1	0.55523	0.46260	1	0.49970	0.45346	1	0.52747	0.45803	1	0.45531	0.54881	13.18558	1.00545	1	0.72026	0.57295	12.99224	1.01992	1	-0.01130	-0.01186	0.66987	0.00360	1	0.05687	-0.01701	0.67480	0.00405	1	1.45898	0.81042	0	
1232528	8314.07910	3303940387724	0.52041	0.40892	8313.94531	0.13379	10827	1	0.55402	0.45231	1	0.50012	0.44846	1	0.52707	0.45038	1	0.45526	0.54868	13.07440	1.01992	1	0.72026	0.57295	12.99224	1.02673	1	-0.01130	-0.01186	0.66987	0.00361	1	0.05539	-0.01658	0.65787	0.00405	1	1.45898	0.81042	0	
1232529	8314.08594	3303940454597	0.52084	0.41043	8313.94531	0.14062	10827	1	0.56077	0.42928	1	0.49931	0.45520	1	0.53004	0.44224	1	0.45562	0.54862	13.00432	1.02673	1	0.72025	0.57318	13.09196	1.01907	1	-0.01130	-0.01186	0.66987	0.00363	1	0.05539	-0.01658	0.65787	0.00396	1	1.45898	0.81042	0	
1232530	8314.09277	3303940520719	0.52122	0.41206	8313.94531	0.14746	10827	1	0.55925	0.43126	1	0.49964	0.46423	1	0.52945	0.44774	1	0.45561	0.54858	12.88533	1.01907	1	0.72026	0.57295	12.99224	1.01141	1	-0.01130	-0.01186	0.66987	0.00364	1	0.05539	-0.01658	0.65787	0.00406	1	1.45898	0.81042	0	
1232531	8314.09961	3303940587901	0.52611	0.43899	8313.94531	0.14746	10827	0	0.55986	0.43687	1	0.49964	0.46423	1	0.52975	0.45055	1	0.45538	0.54820	12.34094	1.01141	1	0.72034	0.57249	13.01871	1.01141	1	-0.01130	-0.01186	0.66987	0.00378	1	0.05687	-0.01701	0.67480	0.00425	1	1.45898	0.81042	0	
1232532	8314.10645	3303940654736	0.52765	0.45538	8313.94531	0.14746	10827	0	0.56175	0.46317	1	0.49661	0.48037	1	0.52918	0.47177	1	0.45548	0.54876	12.66134	1.01141	1	0.72024	0.57328	13.09078	1.01907	1	-0.01130	-0.01186	0.66987	0.00361	1	0.05687	-0.01701	0.67480	0.00388	1	1.45898	0.81042	0	
1232533	8314.11230	3303940720293	0.52892	0.45603	8313.94531	0.14746	10827	0	0.55825	0.45278	1	0.50467	0.46191	1	0.53146	0.45734	1	0.45551	0.54869	13.28162	1.01907	1	0.72031	0.57301	13.02420	1.02673	1	-0.01130	-0.01186	0.66987	0.00360	1	0.05687	-0.01701	0.67480	0.00397	1	1.45898	0.81042	0	
1232534	8314.11914	3303940784603	0.52948	0.45568	8314.09961	0.01953	10828	1	0.55764	0.44733	1	0.50467	0.46191	1	0.53115	0.45462	1	0.45552	0.54876	13.36166	1.02673	1	0.72031	0.57301	13.02420	1.02673	1	-0.01130	-0.01186	0.66987	0.00357	1	0.05539	-0.01658	0.65787	0.00397	1	1.45898	0.81042	0	
1232535	8314.12598	3303940852525	0.52754	0.45148	8314.09961	0.02637	10828	1	0.54010	0.42215	1	0.49952	0.44716	1	0.51981	0.43466	1	0.45517	0.54852	13.06750	1.02673	1	0.72024	0.57295	13.03711	1.01907	1	-0.01130	-0.01186	0.66987	0.00365	1	0.05539	-0.01658	0.65787	0.00405	1	1.45898	0.81042	0	
1232536	8314.13281	3303940923028	0.52768	0.45241	8314.09961	0.03320	10828	1	0.56436	0.43867	1	0.49231	0.47556	1	0.52834	0.45711	1	0.45562	0.54862	13.00432	1.01907	1	0.72017	0.57314	13.02556	1.01141	1	-0.01130	-0.01186	0.66987	0.00363	1	0.05539	-0.01658	0.65787	0.00390	1	1.45898	0.81042	0	
1232537	8314.13965	3303940990504	0.52778	0.45388	8314.09961	0.04004	10828	1	0.56494	0.44422	1	0.49189	0.48107	1	0.52842	0.46265	1	0.45557	0.54872	13.17501	1.01141	1	0.72009	0.57281	12.96282	1.00375	1	-0.01130	-0.01186	0.66987	0.00365	1	0.05539	-0.01658	0.65787	0.00396	1	1.45898	0.81042	0	
1232538	8314.14648	3303941057132	0.52719	0.45450	8314.09961	0.04688	10828	1	0.55359	0.43840	1	0.49250	0.47939	1	0.52304	0.45890	1	0.45545	0.54837	12.49999	1.00375	1	0.72018	0.57319	13.11066	1.00375	1	-0.01130	-0.01186	0.66987	0.00370	1	0.05539	-0.01658	0.65787	0.00389	1	1.45898	0.81042	0	
1232539	8314.15332	3303941124187	0.52633	0.45502	8314.09961	0.05371	10828	1	0.54475	0.43281	1	0.49414	0.48544	1	0.51944	0.45913	1	0.45518	0.54843	12.36476	1.00375	1	0.72018	0.57329	13.16604	1.00375	1	-0.01130	-0.01186	0.66987	0.00368	1	0.05539	-0.01658	0.65787	0.00396	1	1.45898	0.81042	0	
1232540	8314.15918	3303941191001	0.52563	0.45484	8314.09961	0.05957	10828	1	0.54400	0.42686	1	0.49460	0.47971	1	0.51930	0.45328	1	0.45516	0.54856	12.42284	1.01177	1	0.72025	0.57312	13.16087	1.01177	1	-0.01160	-0.01211	0.68434	0.00373	1	0.05539	-0.01658	0.65787	0.00389	1	1.45898	0.81042	0	
1232541	8314.16602	3303941257761	0.52452	0.45206	8314.09961	0.06641	10828	1	0.53392	0.40949	1	0.49307	0.43900	1	0.51350	0.42424	1	0.45518	0.54824	12.25097	1.01978	1	0.72011	0.57293	12.80830	1.01978	1	-0.01160	-0.01211	0.68434	0.00374	1	0.05539	-0.01658	0.65787	0.00389	1	1.45898	0.81042	0	
1232542	8314.17285	3303941324546	0.52360	0.44906	8314.09961	0.07324	10828	1	0.53547	0.41715	1	0.49152	0.41485	1	0.51350	0.41600	1	0.45520	0.54830	12.69596	1.02780	1	0.72009	0.57257	12.79318	1.02780	1	-0.01160	-0.01211	0.68434	0.00368	1	0.05539	-0.01658	0.65787	0.00416	1	1.45898	0.81042	0	
1232543	8314.17969	3303941391921	0.52281	0.44605	8314.09961	0.08008	10828	1	0.53468	0.41120	1	0.49195	0.40870	1	0.51332	0.40995	1	0.45506	0.54805	12.21353	1.03582	1	0.71992	0.57308	12.88582	1.03582	1	-0.01160	-0.01211	0.68434	0.00373	1	0.05539	-0.01658	0.65787	0.00398	1	1.45898	0.81042	0	
1232544	8314.18652	3303941459187	0.52197	0.44388	8314.09961	0.08691	10828	1	0.55268	0.38172	1	0.46922	0.44961	1	0.51095	0.41566	1	0.45508	0.54797	12.86995	1.03582	1	0.71975	0.57316	13.20320	1.03582	1	-0.01160	-0.01211	0.68434	0.00376	1	0.05539	-0.01658	0.65787	0.00400	1	1.45898	0.81042	0	
1232545	8314.19336	3303941527112	0.52154	0.44316	8314.09961	0.09375	10828	1	0.53974	0.41705	1	0.49149	0.44919	1	0.51561	0.43312	1	0.45522	0.54841	12.45484	1.03582	1	0.72007	0.57314	13.12228	1.03582	1	-0.01160	-0.01211	0.68434	0.00374	1	0.05539	-0.01658	0.65787	0.00395	1	1.45898	0.81042	0	
1232546	8314.20020	3303941592822	0.52117	0.44253	8314.09961	0.10059	10828	1	0.53974	0.41705	1	0.49149	0.44919	1	0.51561	0.43312	1	0.45503	0.54872	13.00841	1.03582	1	0.71984	0.57317	13.24764	1.03582	1	-0.01160	-0.01216	0.68434	0.00372	1	0.05686	-0.01707	0.67521	0.00393	1	1.45898	0.81042	0	
1232547	8314.20605	3303941659193	0.52131	0.44141	8314.09961	0.10645	10828	1	0.55640	0.43597	1	0.49077	0.41077	1	0.52358	0.42337	1	0.45511	0.54864	13.03885	1.03582	1	0.72012	0.57310	13.13995	1.03582	1	-0.01160	-0.01216	0.68434	0.00369	1	0.05686	-0.01707	0.67521	0.00391	1	1.45898	0.81042	0	
1232548	8314.21289	3303941726751	0.52087	0.43825	8314.09961	0.11328	10828	1	0.53619	0.36957	1	0.49058	0.39946	1	0.51338	0.38451	1	0.45486	0.54808	12.32802	1.03582	1	0.71999	0.57296	12.75818	1.03582	1	-0.01160	-0.01216	0.68434	0.00378	1	0.05686	-0.01707	0.67521	0.00393	1	1.45898	0.81042	0	
1232549	8314.21973	3303941793497	0.52048	0.43542	8314.09961	0.12012	10828	1	0.53619	0.36957	1	0.49058	0.39946	1	0.51338	0.38451	1	0.45531	0.54875	13.33123	1.03582	1	0.72006	0.57312	13.05549	1.03582	1	-0.01160	-0.01216	0.68434	0.00382	1	0.05686	-0.01707	0.67521	0.00388	1	1.45898	0.81042	0	
1232550	8314.22656	3303941860746	0.52056	0.43452	8314.09961	0.12695	10828	1	0.55589	0.42350	1	0.48848	0.41128	1	0.52218	0.41739	1	0.45508	0.54856	13.00529	1.03582	1	0.71998	0.57315	13.08731	1.03582	1	-0.01160	-0.01216	0.68434	0.00374	1	0.05686	-0.01707	0.67521	0.00390	1	1.45898	0.81042	0	
1232551	8314.23340	3303941927894	0.52090	0.43330	8314.09961	0.13379	10828	1	0.56792	0.41626	1	0.48741	0.40158	1	0.52766	0.40892	1	0.45527	0.54847	12.41112	1.03582	1	0.71995	0.57312	13.10956	1.03582	1	-0.01160	-0.01216	0.68434	0.00369	1	0.05686	-0.01707	0.67521	0.00388	1	1.45898	0.81042	0	
1232552	8314.24023	3303941994722	0.52121	0.43219	8314.09961	0.14062	10828	1	0.56792	0.41626	1	0.48741	0.40158	1	0.52766	0.40892	1	0.45518	0.54848	11.84958	1.03582	1	0.71993	0.57337	13.29363	1.03582	1	-0.01160	-0.01216	0.68434	0.00374	1	0.05686	-0.01707	0.67521	0.00384	1	1.45898	0.81042	0	
1232553	8314.24707	3303942061896	0.52076	0.43006	8314.09961	0.14746	10828	1	0.53400	0.35271	1	0.48796	0.41374	1	0.51098	0.38323	1	0.45486	0.54763	12.38281	1.03582	1	0.72005	0.57318	13.09855	1.03582	1	-0.01160	-0.01216	0.68434	0.00420	1	0.05686	-0.01707	0.67521	0.00381	1	1.45898	0.81042	0	
1232554	8314.25293	3303942128804	0.52031	0.42735	8314.09961	0.15332	10828	1	0.53779	0.31138	1	0.48189	0.41862	1	0.50984	0.36500	1	0.45487	0.54714	12.68507	1.03582	1	0.71992	0.57351	13.22817	1.03582	1	-0.01160	-0.01216	0.68434	0.00437	1	0.05686	-0.01707	0.67521	0.00379	1	1.45898	0.81042	0	
1232555	8314.25977	3303942195684	0.51990	0.42474	8314.09961	0.16016	10828	1	0.53779	0.31138	1	0.48223	0.41283	1	0.51001	0.36210	1	0.45473	0.54687	12.25436	1.03582	1	0.72007	0.57361	13.28759	1.04348	1	-0.01160	-0.01216	0.68434	0.00417	1	0.05779	-0.01736	0.68687	0.00377	1	1.45898	0.81042	0	
1232556	8314.26660	3303942263182	0.52023	0.42410	8314.09961	0.16699	10828	1	0.54971	0.36953	1	0.50755	0.44668	1	0.52863	0.40811	1	0.45468	0.54790	12.53261	1.04348	1	0.71999	0.57362	13.10799	1.05113	1	-0.01160	-0.01216	0.68434	0.00416	1	0.05779	-0.01736	0.68687	0.00389	1	1.45898	0.81042	0	
1232557	8314.27344	3303942329926	0.52088	0.42429	8314.09961	0.17383	10828	1	0.55913	0.40745	1	0.51647	0.45100	1	0.53780	0.42922	1	0.45479	0.54847	12.69221	1.05113	1	0.72003	0.57378	13.32975	1.05879	1	-0.01160	-0.01216	0.68434	0.00379	1	0.05779	-0.01736	0.68687	0.00381	1	1.45898	0.81042	0	
1232558	8314.28027	3303942396998	0.52149	0.42427	8314.09961	0.18066	10828	1	0.55854	0.40184	1	0.51705	0.44554	1	0.53779	0.42369	1	0.45469	0.54857	12.59315	1.05879	1	0.72011	0.57381	13.33144	1.06645	1	-0.01151	-0.01213	0.67947	0.00375	1	0.05779	-0.01736	0.68687	0.00390	1	1.45898	0.81042	0	
1232559	8314.28711	3303942464155	0.52177	0.42416	8314.09961	0.18750	10828	1	0.54654	0.39991	1	0.51266	0.44215	1	0.52960	0.42103	1	0.45462	0.54865	12.55322	1.06645	1	0.72003	0.57361	13.07962	1.06645	1	-0.01151	-0.01213	0.67947	0.00379	1	0.05779	-0.01736	0.68687	0.00395	1	1.45898	0.81042	0	
1232560	8314.29297	3303942529610	0.52164	0.42369	8314.09961	0.19336	10828	1	0.53391	0.37702	1	0.50168	0.44334	1	0.51780	0.41018	1	0.45440	0.54838	11.81612	1.06645	1	0.71984	0.57382	13.51289	1.06645	1	-0.01151	-0.01213	0.67947	0.00395	1	0.05779	-0.01736	0.68687	0.00389	1	1.45898	0.81042	0	
1232561	8314.29980	3303942594425	0.52150	0.42361	8314.09961	0.20020	10828	1	0.53469	0.38305	1	0.50031	0.45937	1	0.51750	0.42121	1	0.45449	0.54816	12.28473	1.05844	1	0.71948	0.57382	12.81121	1.04397	1	-0.01128	-0.01183	0.66268	0.00403	1	0.05438	-0.01637	0.64760	0.00395	1	1.45898	0.81042	0	
1232562	8314.30664	3303942666028	0.52177	0.42415	8314.09961	0.20703	10828	1	0.55203	0.40890	1	0.50809	0.47261	1	0.53006	0.44076	1	0.45469	0.54911	12.55143	1.03595	1	0.71959	0.57386	12.50646	1.02148	1	-0.01128	-0.01183	0.66268	0.00377	1	0.05438	-0.01637	0.64760	0.00394	1	1.45898	0.81042	0	
1232563	8314.31348	3303942730737	0.52189	0.42415	8314.09961	0.21387	10828	1	0.54704	0.35060	1	0.50441	0.49783	1	0.52572	0.42421	1	0.45461	0.54852	12.35093	1.01347	1	0.71957	0.57372	12.49312	0.99900	1	-0.01128	-0.01183	0.66268	0.00415	1	0.05438	-0.01637	0.64760	0.00390	1	1.45898	0.81042	0	
1232564	8314.32031	3303942797449	0.52201	0.42440	8314.09961	0.22070	10828	1	0.54835	0.36242	1	0.50389	0.50324	1	0.52612	0.43283	1	0.45465	0.54843	12.09363	0.99900	1	0.71932	0.57333	12.90678	0.99134	1	-0.01163	-0.01204	0.67453	0.00423	1	0.05530	-0.01666	0.65909	0.00390	1	1.45898	0.81042	0	
1232565	8314.32715	3303942866059	0.52230	0.42416	8314.09961	0.22754	10828	1	0.57817	0.41074	1	0.48581	0.42084	1	0.53199	0.41579	1	0.45463	0.54870	12.26058	0.99936	1	0.71928	0.57304	12.97316	1.00617	1	-0.01163	-0.01204	0.67453	0.00418	1	0.05530	-0.01666	0.65909	0.00390	1	1.45898	0.81042	0	
1232566	8314.33398	3303942931694	0.52220	0.42237	8314.09961	0.23438	10828	1	0.54357	0.31649	1	0.49358	0.40308	1	0.51858	0.35978	1	0.45414	0.54803	12.66728	1.01418	1	0.71928	0.57303	12.89690	1.02099	1	-0.01163	-0.01204	0.67453	0.00409	1	0.05530	-0.01666	0.65909	0.00383	1	1.45898	0.81042	0	
1232567	8314.33984	3303942995452	0.52210	0.42027	8314.09961	0.24023	10828	1	0.54219	0.30388	1	0.49484	0.38546	1	0.51852	0.34467	1	0.45402	0.54846	12.73019	1.02901	1	0.71929	0.57329	13.13258	1.04348	1	-0.01163	-0.01204	0.67453	0.00407	1	0.05617	-0.01694	0.67009	0.00384	1	1.45898	0.81042	0	
1232568	8314.34668	3303943063878	0.52241	0.41972	8314.09961	0.24707	10828	1	0.56256	0.33425	1	0.50515	0.46481	1	0.53386	0.39953	1	0.45412	0.54850	12.84944	1.04348	1	0.71917	0.57335	13.32349	1.05113	1	-0.01163	-0.01204	0.67453	0.00407	1	0.05617	-0.01694	0.67009	0.00396	1	1.45898	0.81042	0	
1232569	8314.35352	3303943131621	0.52227	0.41886	8314.09961	0.25391	10828	1	0.53461	0.28847	1	0.49981	0.48374	1	0.51721	0.38610	1	0.45372	0.54807	12.02673	1.05113	1	0.71912	0.57354	13.02232	1.05879	1	-0.01163	-0.01204	0.67453	0.00427	1	0.05617	-0.01694	0.67009	0.00396	1	1.45898	0.81042	0	
1232570	8314.36035	3303943199768	0.52172	0.42035	8314.09961	0.26074	10828	1	0.53461	0.28847	0	0.50026	0.47853	1	0.50026	0.47853	1	0.45372	0.54807	12.02673	1.05879	0	0.71899	0.57331	13.29415	1.06645	1	-0.01163	-0.01204	0.67453	0.00427	1	0.05617	-0.01689	0.67009	0.00402	1	1.45898	0.81042	0	
1232571	8314.36719	3303943267948	0.52172	0.42035	8314.09961	0.26758	10828	1	0.53461	0.28847	0	0.50026	0.47853	0	0.50026	0.47853	0	0.45372	0.54807	12.02673	1.06645	0	0.71899	0.57331	13.29415	1.06645	0	-0.01163	-0.01204	0.67453	0.00427	1	0.05617	-0.01689	0.67009	0.00402	1	1.45898	0.81042	0	
1232572	8314.37402	3303943334677	0.52172	0.42035	8314.09961	0.27441	10828	1	0.53461	0.28847	0	0.50026	0.47853	0	0.50026	0.47853	0	0.45372	0.54807	12.02673	1.06645	0	0.71899	0.57331	13.29415	1.06645	0	-0.01163	-0.01204	0.67453	0.00427	1	0.05617	-0.01689	0.67009	0.00402	1	1.45898	0.81042	0	
1232573	8314.38086	3303943401545	0.52172	0.42035	8314.09961	0.28125	10828	1	0.53461	0.28847	0	0.50026	0.47853	0	0.50026	0.47853	0	0.45372	0.54807	12.02673	1.06645	0	0.71899	0.57331	13.29415	1.06645	0	-0.01163	-0.01204	0.67453	0.00427	1	0.05617	-0.01689	0.67009	0.00402	1	1.45898	0.81042	0	
1232574	8314.38770	3303943468289	0.52227	0.41122	8314.09961	0.28125	10828	0	0.53461	0.28847	0	0.50026	0.47853	0	0.50026	0.47853	0	0.45372	0.54807	12.02673	1.06645	0	0.71899	0.57331	13.29415	1.06645	0	-0.01163	-0.01204	0.67453	0.00427	1	0.05617	-0.01689	0.67009	0.00402	1	1.45898	0.81042	0	
1232575	8314.39355	3303943534856	0.52227	0.41122	8314.09961	0.28125	10828	0	0.53461	0.28847	0	0.50026	0.47853	0	0.50026	0.47853	0	0.45372	0.54807	12.02673	1.06645	0	0.71899	0.57331	13.29415	1.06645	0	-0.01163	-0.01204	0.67453	0.00427	1	0.05617	-0.01689	0.67009	0.00402	1	1.45898	0.81042	0	
1232576	8314.40039	3303943602083	0.52227	0.41122	8314.09961	0.28125	10828	0	0.53461	0.28847	0	0.50026	0.47853	0	0.50026	0.47853	0	0.45372	0.54807	12.02673	1.06645	0	0.71899	0.57331	13.29415	1.06645	0	-0.01163	-0.01204	0.67453	0.00427	1	0.05617	-0.01689	0.67009	0.00402	1	1.45898	0.81042	0	
1232577	8314.40723	3303943668226	0.00000	0.00000	8314.09961	0.28125	10828	0	0.53461	0.28847	0	0.50026	0.47853	0	0.50026	0.47853	0	0.45372	0.54807	12.02673	1.06645	0	0.71899	0.57331	13.29415	1.06645	0	-0.01163	-0.01204	0.67453	0.00427	1	0.05617	-0.01689	0.67009	0.00402	1	1.45898	0.81042	0	
1232578	8314.41406	3303943736524	0.00000	0.00000	8314.09961	0.28125	10828	0	0.53461	0.28847	0	0.50026	0.47853	0	0.50026	0.47853	0	0.45372	0.54807	12.02673	1.06645	0	0.71899	0.57331	13.29415	1.06645	0	-0.01163	-0.01204	0.67453	0.00427	1	0.05617	-0.01689	0.67009	0.00402	1	1.45898	0.81042	0	
1232579	8314.42090	3303943802180	0.00000	0.00000	8314.09961	0.28125	10828	0	0.53461	0.28847	0	0.50026	0.47853	0	0.50026	0.47853	0	0.45372	0.54807	12.02673	1.06645	0	0.71899	0.57331	13.29415	1.06645	0	-0.01163	-0.01204	0.67453	0.00427	1	0.05617	-0.01689	0.67009	0.00402	1	1.45898	0.81042	0	
1232580	8314.42773	3303943870054	0.55682	0.39148	8314.09961	0.28125	10828	0	0.56738	0.36159	1	0.54626	0.42137	1	0.55682	0.39148	1	0.45414	0.54886	13.39922	1.06645	1	0.71938	0.57302	13.54928	1.06645	1	-0.01163	-0.01204	0.67453	0.00377	1	0.05617	-0.01689	0.67009	0.00393	1	1.45898	0.81042	0	
1232581	8314.43457	3303943939772	0.55906	0.38120	8314.09961	0.28125	10828	0	0.57651	0.34387	1	0.54609	0.39796	1	0.56130	0.37091	1	0.45417	0.54888	13.40710	1.06645	1	0.71941	0.57282	13.45182	1.06645	1	-0.01163	-0.01204	0.67453	0.00376	1	0.05617	-0.01689	0.67009	0.00396	1	1.45898	0.81042	0	
1232582	8314.44141	3303944004606	0.55976	0.37983	8314.09961	0.28125	10828	0	0.57701	0.35013	1	0.54528	0.40405	1	0.56115	0.37709	1	0.45418	0.54896	13.44094	1.05844	1	0.71938	0.57273	13.21119	1.05844	1	-0.01149	-0.01179	0.66314	0.00371	1	0.05617	-0.01674	0.67009	0.00406	1	1.45898	0.81042	0	
1232583	8314.44727	3303944071418	0.55744	0.38286	8314.42773	0.01953	10829	1	0.57383	0.35188	1	0.52714	0.43206	1	0.55049	0.39197	1	0.45430	0.54890	13.33827	1.05042	1	0.71918	0.57295	13.54687	1.05042	1	-0.01149	-0.01179	0.66314	0.00377	1	0.05617	-0.01674	0.67009	0.00395	1	1.45898	0.81042	0	
1232584	8314.45410	3303944139090	0.55555	0.38195	8314.42773	0.02637	10829	1	0.57350	0.36537	1	0.52254	0.39122	1	0.54802	0.37830	1	0.45421	0.54897	13.50464	1.04240	1	0.71902	0.57256	13.44082	1.04240	1	-0.01149	-0.01179	0.66314	0.00371	1	0.05617	-0.01674	0.67009	0.00383	1	1.45898	0.81042	0	
1232585	8314.46094	3303944205557	0.55424	0.38288	8314.42773	0.03320	10829	1	0.57402	0.37161	1	0.52126	0.40347	1	0.54764	0.38754	1	0.45400	0.54891	13.15951	1.03439	1	0.71921	0.57261	13.41039	1.02673	1	-0.01148	-0.01184	0.66308	0.00373	1	0.05524	-0.01647	0.65961	0.00383	1	1.45898	0.81042	0	
1232586	8314.46777	3303944272433	0.55451	0.38343	8314.42773	0.04004	10829	1	0.57470	0.32414	1	0.53766	0.44931	1	0.55618	0.38672	1	0.45410	0.54884	13.41423	1.02673	1	0.71937	0.57297	13.09221	1.01907	1	-0.01148	-0.01184	0.66308	0.00366	1	0.05524	-0.01647	0.65961	0.00404	1	1.45898	0.81042	0	
1232587	8314.47461	3303944339663	0.55358	0.38738	8314.42773	0.04688	10829	1	0.55619	0.37591	1	0.53793	0.45415	1	0.54706	0.41503	1	0.45392	0.54867	13.30777	1.01907	1	0.71940	0.57293	13.04503	1.01141	1	-0.01148	-0.01184	0.66308	0.00368	1	0.05524	-0.01647	0.65961	0.00405	1	1.45898	0.81042	0	
1232588	8314.48145	3303944406463	0.55289	0.39079	8314.42773	0.05371	10829	1	0.55682	0.38194	1	0.53793	0.45415	1	0.54737	0.41804	1	0.45412	0.54881	13.59333	1.01141	1	0.71941	0.57227	12.92403	1.01141	1	-0.01148	-0.01184	0.66308	0.00369	1	0.05617	-0.01674	0.67009	0.00436	1	1.45898	0.81042	0	
1232589	8314.48730	3303944473065	0.55308	0.38864	8314.42773	0.05957	10829	1	0.56461	0.37573	1	0.54496	0.36284	1	0.55478	0.36928	1	0.45409	0.54878	13.59479	1.01141	1	0.71940	0.57192	12.91914	1.01907	1	-0.01148	-0.01184	0.66308	0.00370	1	0.05617	-0.01674	0.67009	0.00435	1	1.45898	0.81042	0	
1232590	8314.49414	3303944540773	0.55388	0.39142	8314.42773	0.06641	10829	1	0.57866	0.40730	1	0.54502	0.43125	1	0.56184	0.41928	1	0.45413	0.54885	13.31840	1.01907	1	0.71944	0.57279	13.07019	1.02673	1	-0.01148	-0.01184	0.66308	0.00371	1	0.05617	-0.01674	0.67009	0.00411	1	1.45898	0.81042	0	
1232591	8314.50098	3303944607309	0.55455	0.39326	8314.42773	0.07324	10829	1	0.57818	0.40152	1	0.54582	0.42547	1	0.56200	0.41349	1	0.45414	0.54881	13.37011	1.02673	1	0.71933	0.57235	13.21492	1.03439	1	-0.01148	-0.01184	0.66308	0.00371	1	0.05665	-0.01683	0.67574	0.00419	1	1.45898	0.81042	0	
1232592	8314.50781	3303944671255	0.55508	0.39176	8314.42773	0.08008	10829	1	0.57454	0.37577	1	0.54819	0.37160	1	0.56137	0.37369	1	0.45414	0.54881	13.37011	1.03439	1	0.71941	0.57203	13.09748	1.03439	1	-0.01148	-0.01184	0.66308	0.00371	1	0.05665	-0.01683	0.67574	0.00431	1	1.45898	0.81042	0	
1232593	8314.51465	3303944740964	0.55546	0.38928	8314.42773	0.08691	10829	1	0.57913	0.36896	1	0.54172	0.34530	1	0.56042	0.35713	1	0.45407	0.54873	13.37449	1.03439	1	0.71936	0.57181	13.08193	1.03439	1	-0.01148	-0.01184	0.66308	0.00372	1	0.05665	-0.01683	0.67574	0.00435	1	1.45898	0.81042	0	
1232594	8314.52148	3303944807805	0.55580	0.38671	8314.42773	0.09375	10829	1	0.57864	0.36270	1	0.54252	0.33862	1	0.56058	0.35066	1	0.45413	0.54880	13.22685	1.04240	1	0.71924	0.57200	13.25601	1.04240	1	-0.01163	-0.01204	0.67453	0.00377	1	0.05665	-0.01683	0.67574	0.00429	1	1.45898	0.81042	0	
1232595	8314.52832	3303944875213	0.55598	0.38620	8314.42773	0.10059	10829	1	0.58152	0.40355	1	0.53590	0.35374	1	0.55871	0.37865	1	0.45418	0.54882	13.15897	1.05042	1	0.71922	0.57220	13.28652	1.05042	1	-0.01163	-0.01204	0.67453	0.00380	1	0.05665	-0.01683	0.67574	0.00424	1	1.45898	0.81042	0	
1232596	8314.53516	3303944941897	0.55522	0.38721	8314.42773	0.10742	10829	1	0.56942	0.42985	1	0.51666	0.37669	1	0.54304	0.40327	1	0.45407	0.54889	13.53494	1.05844	1	0.71929	0.57246	13.39117	1.05844	1	-0.01163	-0.01204	0.67453	0.00374	1	0.05665	-0.01683	0.67574	0.00420	1	1.45898	0.81042	0	
1232597	8314.54102	3303945009351	0.55455	0.38777	8314.42773	0.11328	10829	1	0.56888	0.42418	1	0.51726	0.37042	1	0.54307	0.39730	1	0.45405	0.54844	13.19797	1.06645	1	0.71931	0.57199	13.16016	1.06645	1	-0.01163	-0.01199	0.67453	0.00392	1	0.05665	-0.01683	0.67574	0.00429	1	1.45898	0.81042	0	
1232598	8314.54785	3303945075592	0.55371	0.38880	8314.42773	0.12012	10829	1	0.56065	0.40620	1	0.51683	0.40839	1	0.53874	0.40730	1	0.45394	0.54861	13.33892	1.06645	1	0.71935	0.57283	13.72400	1.06645	1	-0.01163	-0.01199	0.67453	0.00380	1	0.05665	-0.01683	0.67574	0.00389	1	1.45898	0.81042	0	
1232599	8314.55469	3303945143055	0.55281	0.38874	8314.42773	0.12695	10829	1	0.56574	0.38975	1	0.50551	0.38545	1	0.53563	0.38760	1	0.45394	0.54861	13.33892	1.06645	1	0.71945	0.57278	13.63529	1.06645	1	-0.01163	-0.01199	0.67453	0.00379	1	0.05665	-0.01683	0.67574	0.00391	1	1.45898	0.81042	0	
1232600	8314.56152	3303945209970	0.55199	0.38868	8314.42773	0.13379	10829	1	0.56574	0.38975	1	0.50551	0.38545	1	0.53563	0.38760	1	0.45402	0.54820	13.07278	1.06645	1	0.71951	0.57206	12.98112	1.06645	1	-0.01190	-0.01222	0.69022	0.00400	1	0.05665	-0.01683	0.67574	0.00436	1	1.45898	0.81042	0	
1232601	8314.56836	3303945276856	0.55062	0.38722	8314.42773	0.14062	10829	1	0.54878	0.34320	1	0.49492	0.36992	1	0.52185	0.35656	1	0.45427	0.54803	13.16760	1.06645	1	0.71936	0.57242	13.27164	1.06645	1	-0.01190	-0.01222	0.69022	0.00393	1	0.05665	-0.01683	0.67574	0.00380	1	1.45898	0.81042	0	
1232602	8314.57520	3303945343748	0.55023	0.38511	8314.42773	0.14746	10829	1	0.57230	0.40694	1	0.51103	0.27026	1	0.54167	0.33860	1	0.45447	0.54866	13.73880	1.06645	1	0.71949	0.57140	12.99898	1.06645	1	-0.01190	-0.01222	0.69022	0.00399	1	0.05665	-0.01683	0.67574	0.00432	1	1.45898	0.81042	0	
1232603	8314.58203	3303945410604	0.54986	0.38331	8314.42773	0.15430	10829	1	0.57230	0.40694	1	0.51050	0.27698	1	0.54140	0.34196	1	0.45439	0.54821	13.55164	1.06645	1	0.71947	0.57147	13.05807	1.05879	1	-0.01190	-0.01222	0.69022	0.00394	1	0.05530	-0.01641	0.65909	0.00427	1	1.45898	0.81042	0	
1232604	8314.58789	3303945477469	0.54836	0.38364	8314.42773	0.16016	10829	1	0.53663	0.39947	1	0.48786	0.38366	1	0.51225	0.39157	1	0.45450	0.54850	13.61827	1.05879	1	0.71924	0.57253	13.40858	1.05113	1	-0.01190	-0.01222	0.69022	0.00379	1	0.05530	-0.01641	0.65909	0.00396	1	1.45898	0.81042	0	
1232605	8314.59473	3303945544436	0.54673	0.38194	8314.42773	0.16699	10829	1	0.52537	0.30968	1	0.48647	0.36901	1	0.50592	0.33934	1	0.45414	0.54761	12.70378	1.05113	1	0.71928	0.57219	13.55387	1.04348	1	-0.01190	-0.01222	0.69022	0.00383	1	0.05530	-0.01641	0.65909	0.00408	1	1.45898	0.81042	0	
1232606	8314.60156	3303945608240	0.54522	0.38059	8314.42773	0.17383	10829	1	0.52618	0.31602	1	0.48610	0.37513	1	0.50614	0.34557	1	0.45438	0.54767	12.98523	1.04348	1	0.71940	0.57256	13.45717	1.03582	1	-0.01190	-0.01222	0.69022	0.00383	1	0.05530	-0.01641	0.65909	0.00378	1	1.45898	0.81042	0	
1232607	8314.60840	3303945678342	0.54518	0.38085	8314.42773	0.18066	10829	1	0.57155	0.36919	1	0.51629	0.40671	1	0.54392	0.38795	1	0.45487	0.54817	13.06808	1.03582	1	0.71975	0.57254	14.04291	1.03582	1	-0.01190	-0.01222	0.69022	0.00393	1	0.05530	-0.01641	0.65909	0.00379	1	1.45898	0.81042	0	
1232608	8314.61523	3303945745276	0.54446	0.37949	8314.42773	0.18750	10829	1	0.54300	0.33748	1	0.50580	0.34535	1	0.52440	0.34141	1	0.45451	0.54788	13.22899	1.03582	1	0.71944	0.57187	13.05353	1.03582	1	-0.01190	-0.01222	0.69022	0.00385	1	0.05530	-0.01641	0.65909	0.00402	1	1.45898	0.81042	0	
1232609	8314.62207	3303945812558	0.54381	0.37853	8314.42773	0.19434	10829	1	0.54439	0.34978	1	0.50530	0.35155	1	0.52485	0.35067	1	0.45468	0.54804	12.64243	1.02067	1	0.72015	0.57206	13.13555	1.02833	1	-0.01076	-0.01114	0.62960	0.00381	1	0.05597	-0.01657	0.66529	0.00404	1	1.45898	0.81042	0	
1232610	8314.62891	3303945879636	0.54369	0.37944	8314.42773	0.20117	10829	1	0.54794	0.37672	1	0.53267	0.43684	1	0.54031	0.40678	1	0.45467	0.54763	12.79954	1.01319	1	0.72003	0.57270	13.80808	1.02085	1	-0.01076	-0.01114	0.62960	0.00391	1	0.05597	-0.01657	0.66529	0.00410	1	1.45898	0.81042	0	
1232611	8314.63477	3303945946708	0.54399	0.37943	8314.42773	0.20703	10829	1	0.56274	0.34054	1	0.54350	0.41722	1	0.55312	0.37888	1	0.45472	0.54751	12.60539	1.00571	1	0.72017	0.57254	13.15637	1.01337	1	-0.01076	-0.01114	0.62960	0.00397	1	0.05597	-0.01657	0.66529	0.00418	1	1.45898	0.81042	0	
1232612	8314.64160	3303946013587	0.54427	0.37942	8314.42773	0.21387	10829	1	0.56277	0.34084	1	0.54346	0.41750	1	0.55312	0.37917	1	0.45486	0.54787	13.10681	1.00535	1	0.72021	0.57247	13.27883	1.01301	1	-0.01128	-0.01173	0.66268	0.00393	1	0.05597	-0.01657	0.66529	0.00422	1	1.45898	0.81042	0	
1232613	8314.64844	3303946080654	0.54439	0.37991	8314.42773	0.22070	10829	1	0.55660	0.38867	1	0.54033	0.40363	1	0.54847	0.39615	1	0.45472	0.54784	13.23021	1.02013	1	0.72014	0.57251	13.30536	1.02013	1	-0.01128	-0.01173	0.66268	0.00390	1	0.05597	-0.01657	0.66529	0.00418	1	1.45898	0.81042	0	
1232614	8314.65527	3303946147642	0.54434	0.38072	8314.42773	0.22754	10829	1	0.55901	0.37423	1	0.52622	0.44248	1	0.54261	0.40835	1	0.45473	0.54785	13.27732	1.02726	1	0.71993	0.57277	13.85096	1.02726	1	-0.01128	-0.01173	0.66268	0.00388	1	0.05597	-0.01657	0.66529	0.00397	1	1.45898	0.81042	0	
1232615	8314.66211	3303946214740	0.54427	0.38149	8314.42773	0.23438	10829	1	0.55844	0.36866	1	0.52558	0.44793	1	0.54201	0.40829	1	0.45457	0.54782	12.52119	1.03439	1	0.71989	0.57191	13.70649	1.01992	1	-0.01131	-0.01166	0.65866	0.00386	1	0.05379	-0.01595	0.64058	0.00430	1	1.45898	0.81042	0	
1232616	8314.66895	3303946281702	0.54370	0.38199	8314.42773	0.24121	10829	1	0.53725	0.39327	1	0.50920	0.40669	1	0.52323	0.39998	1	0.45449	0.54809	13.49959	1.01992	1	0.71964	0.57227	14.01913	1.00545	1	-0.01131	-0.01166	0.65866	0.00379	1	0.05379	-0.01595	0.64058	0.00389	1	1.45898	0.81042	0	
1232617	8314.67480	3303946347989	0.54328	0.38296	8314.42773	0.24707	10829	1	0.55870	0.40701	1	0.49639	0.43050	1	0.52755	0.41876	1	0.45444	0.54814	13.40771	1.00545	1	0.71935	0.57250	13.35650	0.99098	1	-0.01131	-0.01166	0.65866	0.00388	1	0.05379	-0.01595	0.64058	0.00388	1	1.45898	0.81042	0	
1232618	8314.68164	3303946415893	0.54288	0.38393	8314.42773	0.25391	10829	1	0.55923	0.41196	1	0.49641	0.43022	1	0.52782	0.42109	1	0.45383	0.54801	12.28212	0.99900	1	0.71863	0.57270	14.08591	0.99134	1	-0.01190	-0.01222	0.69022	0.00382	1	0.05530	-0.01641	0.65909	0.00393	1	1.45898	0.81042	0	
1232619	8314.68848	3303946482856	0.54182	0.38493	8314.42773	0.26074	10829	1	0.54438	0.36906	1	0.45621	0.47832	1	0.50030	0.42369	1	0.45412	0.54728	12.60248	0.99936	1	0.71872	0.57271	14.37541	1.00617	1	-0.01190	-0.01222	0.69022	0.00413	1	0.05530	-0.01641	0.65909	0.00388	1	1.45898	0.81042	0	
1232620	8314.69531	3303946549769	0.54082	0.38510	8314.42773	0.26758	10829	1	0.54219	0.36647	1	0.45918	0.41729	1	0.50069	0.39188	1	0.45418	0.54771	12.84044	1.01418	1	0.71873	0.57265	14.10403	1.02099	1	-0.01190	-0.01222	0.69022	0.00389	1	0.05530	-0.01641	0.65909	0.00391	1	1.45898	0.81042	0	
1232621	8314.70215	3303946612481	0.53985	0.38498	8314.42773	0.27441	10829	1	0.54079	0.35460	1	0.45953	0.40592	1	0.50016	0.38026	1	0.45423	0.54822	12.60553	1.02901	1	0.71877	0.57262	14.33364	1.03582	1	-0.01190	-0.01222	0.69022	0.00386	1	0.05530	-0.01641	0.65909	0.00380	1	1.45898	0.81042	0	
1232622	8314.70898	3303946680629	0.53940	0.38563	8314.42773	0.28125	10829	1	0.55997	0.41987	1	0.48090	0.40556	1	0.52044	0.41272	1	0.45438	0.54859	13.27343	1.03582	1	0.71909	0.57264	13.87281	1.03582	1	-0.01190	-0.01222	0.69022	0.00387	1	0.05530	-0.01641	0.65909	0.00382	1	1.45898	0.81042	0	
1232623	8314.71582	3303946749573	0.53863	0.38616	8314.42773	0.28809	10829	1	0.54461	0.39405	1	0.46681	0.42424	1	0.50571	0.40914	1	0.45414	0.54810	12.66990	1.03582	1	0.71886	0.57280	14.27127	1.03582	1	-0.01190	-0.01222	0.69022	0.00386	1	0.05530	-0.01641	0.65909	0.00380	1	1.45898	0.81042	0	
1232624	8314.72168	3303946814420	0.52039	0.40662	8314.42773	0.28809	10829	0	0.54461	0.39405	1	0.46681	0.42424	1	0.50571	0.40914	1	0.45411	0.54815	12.83986	1.03582	1	0.71932	0.57274	13.45958	1.03582	1	-0.01190	-0.01222	0.69022	0.00375	1	0.05530	-0.01641	0.65909	0.00379	1	1.45898	0.81042	0	
1232625	8314.72852	3303946881943	0.50971	0.39375	8314.42773	0.28809	10829	0	0.51062	0.36088	1	0.48745	0.40087	1	0.49904	0.38088	1	0.45405	0.54806	12.84743	1.03582	1	0.71924	0.57255	13.90673	1.03582	1	-0.01190	-0.01222	0.69022	0.00376	1	0.05530	-0.01641	0.65909	0.00383	1	1.45898	0.81042	0	
1232626	8314.73535	3303946948117	0.50415	0.39257	8314.42773	0.28809	10829	0	0.51833	0.37752	1	0.46772	0.40288	1	0.49303	0.39020	1	0.45416	0.54826	12.46005	1.03582	1	0.71895	0.57262	14.04686	1.03582	1	-0.01190	-0.01222	0.69022	0.00382	1	0.05530	-0.01641	0.65909	0.00384	1	1.45898	0.81042	0	
1232627	8314.74219	3303947015493	0.50137	0.39197	8314.72168	0.02051	10830	1	0.51833	0.37752	1	0.46772	0.40288	1	0.49303	0.39020	1	0.45392	0.54821	12.07583	1.03582	1	0.71911	0.57270	13.73237	1.03582	1	-0.01190	-0.01222	0.69022	0.00388	1	0.05530	-0.01641	0.65909	0.00388	1	1.45898	0.81042	0	
1232628	8314.74902	3303947083197	0.49961	0.39345	8314.72168	0.02734	10830	1	0.50708	0.38602	1	0.47806	0.41269	1	0.49257	0.39936	1	0.45405	0.54816	12.86683	1.03582	1	0.71909	0.57278	13.76727	1.03582	1	-0.01190	-0.01222	0.69022	0.00375	1	0.05530	-0.01641	0.65909	0.00384	1	1.45898	0.81042	0	
1232629	8314.75488	3303947148279	0.50051	0.39280	8314.72168	0.03320	10830	1	0.52945	0.42083	1	0.48055	0.35824	1	0.50500	0.38954	1	0.45425	0.54854	12.68874	1.03582	1	0.71909	0.57210	13.71131	1.03582	1	-0.01190	-0.01222	0.69022	0.00391	1	0.05530	-0.01641	0.65909	0.00405	1	1.45898	0.81042	0	
1232630	8314.76172	3303947216757	0.50115	0.39233	8314.72168	0.04004	10830	1	0.52945	0.42083	1	0.48055	0.35824	1	0.50500	0.38954	1	0.45423	0.54811	12.62416	1.03582	1	0.71923	0.57260	13.59382	1.03582	1	-0.01190	-0.01222	0.69022	0.00379	1	0.05530	-0.01641	0.65909	0.00381	1	1.45898	0.81042	0	
1232631	8314.76953	3303947286229	0.50107	0.39136	8314.72168	0.04785	10830	1	0.51326	0.36608	1	0.48772	0.40301	1	0.50049	0.38455	1	0.45406	0.54794	12.62315	1.03582	1	0.71930	0.57259	13.46517	1.03582	1	-0.01190	-0.01222	0.69022	0.00378	1	0.05530	-0.01641	0.65909	0.00385	1	1.45898	0.81042	0	
1232632	8314.77539	3303947353618	0.50182	0.39157	8314.72168	0.05371	10830	1	0.52365	0.38112	1	0.49206	0.40536	1	0.50785	0.39324	1	0.45422	0.54799	12.94147	1.03582	1	0.71931	0.57261	13.31103	1.03582	1	-0.01190	-0.01222	0.69022	0.00382	1	0.05530	-0.01641	0.65909	0.00382	1	1.45898	0.81042	0	
1232633	8314.78223	3303947420660	0.50247	0.39290	8314.72168	0.06055	10830	1	0.52529	0.39279	1	0.49124	0.41702	1	0.50827	0.40491	1	0.45420	0.54786	12.70348	1.02067	1	0.71925	0.57255	13.21227	1.02067	1	-0.01076	-0.01119	0.62960	0.00385	1	0.05530	-0.01641	0.65909	0.00382	1	1.45898	0.81042	0	
1232634	8314.78906	3303947486877	0.50290	0.39527	8314.72168	0.06738	10830	1	0.53281	0.38825	1	0.48158	0.44969	1	0.50719	0.41897	1	0.45427	0.54796	12.91127	1.00553	1	0.71928	0.57297	13.57769	1.00553	1	-0.01076	-0.01119	0.62960	0.00382	1	0.05530	-0.01641	0.65909	0.00391	1	1.45898	0.81042	0	
1232635	8314.79590	3303947553829	0.50425	0.39845	8314.72168	0.07422	10830	1	0.53477	0.42233	1	0.50345	0.44453	1	0.51911	0.43343	1	0.45431	0.54796	13.11862	0.99039	1	0.71953	0.57269	13.30559	0.99039	1	-0.01076	-0.01119	0.62960	0.00381	1	0.05530	-0.01641	0.65909	0.00392	1	1.45898	0.81042	0	
1232636	8314.80273	3303947619224	0.50541	0.40203	8314.72168	0.08105	10830	1	0.53633	0.43390	1	0.50243	0.45614	1	0.51938	0.44502	1	0.45426	0.54792	13.07770	0.97525	1	0.71961	0.57262	13.17986	0.97525	1	-0.01076	-0.01110	0.62960	0.00381	1	0.05577	-0.01652	0.66353	0.00395	1	1.45898	0.81042	0	
1232637	8314.80957	3303947688072	0.50549	0.40605	8314.72168	0.08789	10830	1	0.54178	0.42357	1	0.47136	0.49287	1	0.50657	0.45822	1	0.45432	0.54797	13.13471	0.97525	1	0.71944	0.57265	13.65234	0.97525	1	-0.01076	-0.01110	0.62960	0.00382	1	0.05577	-0.01652	0.66353	0.00390	1	1.45898	0.81042	0	
1232638	8314.81641	3303947754767	0.50456	0.40801	8314.72168	0.09473	10830	1	0.53751	0.42294	1	0.44557	0.44815	1	0.49154	0.43554	1	0.45425	0.54798	13.08871	0.97525	1	0.71934	0.57264	13.52925	0.97525	1	-0.01076	-0.01110	0.62960	0.00382	1	0.05577	-0.01652	0.66353	0.00390	1	1.45898	0.81042	0	
1232639	8314.82227	3303947822092	0.50373	0.40921	8314.72168	0.10059	10830	1	0.53678	0.41741	1	0.44573	0.43676	1	0.49125	0.42709	1	0.45430	0.54804	13.15780	0.98237	1	0.71956	0.57259	13.70338	0.99003	1	-0.01128	-0.01163	0.66268	0.00381	1	0.05597	-0.01662	0.66529	0.00389	1	1.45898	0.81042	0	
1232640	8314.82910	3303947889640	0.50350	0.41012	8314.72168	0.10742	10830	1	0.52419	0.41018	1	0.47541	0.43920	1	0.49980	0.42469	1	0.45418	0.54796	13.01854	0.99716	1	0.71985	0.57266	14.04861	1.00482	1	-0.01128	-0.01163	0.66268	0.00383	1	0.05597	-0.01662	0.66529	0.00392	1	1.45898	0.81042	0	
1232641	8314.83594	3303947955654	0.50320	0.41023	8314.72168	0.11426	10830	1	0.52620	0.39803	1	0.46996	0.42628	1	0.49808	0.41216	1	0.45419	0.54802	13.06562	1.01194	1	0.71980	0.57260	14.04714	1.01960	1	-0.01128	-0.01163	0.66268	0.00380	1	0.05597	-0.01662	0.66529	0.00387	1	1.45898	0.81042	0	
1232642	8314.84277	3303948023249	0.50288	0.40956	8314.72168	0.12109	10830	1	0.52373	0.38041	1	0.47047	0.41477	1	0.49710	0.39759	1	0.45448	0.54805	12.33494	1.03474	1	0.71986	0.57257	13.88094	1.03474	1	-0.01160	-0.01201	0.68434	0.00384	1	0.05530	-0.01635	0.65679	0.00386	1	1.45898	0.81042	0	
1232643	8314.84961	3303948089726	0.50277	0.40885	8314.72168	0.12793	10830	1	0.54182	0.36706	1	0.45977	0.42363	1	0.50079	0.39534	1	0.45449	0.54797	12.19034	1.04276	1	0.71955	0.57272	14.50798	1.03510	1	-0.01160	-0.01201	0.68434	0.00392	1	0.05530	-0.01635	0.65679	0.00381	1	1.45898	0.81042	0	
1232644	8314.85645	3303948157326	0.50213	0.40823	8314.72168	0.13477	10830	1	0.51830	0.37604	1	0.46031	0.41551	1	0.48930	0.39578	1	0.45451	0.54805	12.41045	1.04312	1	0.71957	0.57271	14.30372	1.03546	1	-0.01160	-0.01201	0.68434	0.00389	1	0.05530	-0.01635	0.65679	0.00386	1	1.45898	0.81042	0	
1232645	8314.86328	3303948223590	0.50156	0.40793	8314.72168	0.14160	10830	1	0.51916	0.38195	1	0.46012	0.42132	1	0.48964	0.40163	1	0.45462	0.54775	12.42501	1.03546	1	0.71951	0.57271	14.31495	1.02780	1	-0.01128	-0.01163	0.66268	0.00397	1	0.05530	-0.01635	0.65679	0.00382	1	1.45898	0.81042	0	
1232646	8314.86914	3303948291066	0.50127	0.40773	8314.72168	0.14746	10830	1	0.53060	0.38069	1	0.45888	0.42606	1	0.49474	0.40337	1	0.45466	0.54780	12.41809	1.01978	1	0.71956	0.57270	14.19157	1.01978	1	-0.01128	-0.01163	0.66268	0.00396	1	0.05530	-0.01635	0.65679	0.00382	1	1.45898	0.81042	0	
1232647	8314.87598	3303948358120	0.50079	0.40764	8314.72168	0.15430	10830	1	0.51900	0.36504	1	0.46049	0.44575	1	0.48975	0.40540	1	0.45446	0.54750	12.10872	1.01177	1	0.71955	0.57295	14.10553	1.01177	1	-0.01128	-0.01163	0.66268	0.00405	1	0.05530	-0.01635	0.65679	0.00390	1	1.45898	0.81042	0	
1232648	8314.88281	3303948425608	0.50035	0.40755	8314.72168	0.16113	10830	1	0.51900	0.36504	1	0.46049	0.44575	1	0.48975	0.40540	1	0.45480	0.54713	12.70192	1.01177	1	0.71996	0.57193	13.37772	1.01177	1	-0.01160	-0.01201	0.68434	0.00411	1	0.05617	-0.01666	0.66707	0.00421	1	1.45898	0.81042	0	
1232649	8314.88965	3303948491975	0.50095	0.40670	8314.72168	0.16797	10830	1	0.53543	0.38710	1	0.49688	0.38404	1	0.51615	0.38557	1	0.45473	0.54796	12.69586	1.01978	1	0.72019	0.57224	13.37763	1.01978	1	-0.01160	-0.01201	0.68434	0.00378	1	0.05617	-0.01666	0.66707	0.00401	1	1.45898	0.81042	0	
1232650	8314.89648	3303948558522	0.50123	0.40630	8314.72168	0.17480	10830	1	0.53898	0.37148	1	0.47805	0.42025	1	0.50851	0.39586	1	0.45490	0.54784	13.14847	1.02780	1	0.71985	0.57271	14.06584	1.02780	1	-0.01160	-0.01201	0.68434	0.00412	1	0.05617	-0.01666	0.66707	0.00380	1	1.45898	0.81042	0	
1232651	8314.90332	3303948626123	0.50149	0.40571	8314.72168	0.18164	10830	1	0.53821	0.36518	1	0.47838	0.41416	1	0.50829	0.38967	1	0.45493	0.54792	13.27948	1.03582	1	0.72006	0.57168	13.36380	1.03582	1	-0.01160	-0.01201	0.68434	0.00408	1	0.05617	-0.01666	0.66707	0.00424	1	1.45898	0.81042	0	
1232652	8314.91016	3303948692460	0.50234	0.40388	8314.72168	0.18848	10830	1	0.55348	0.34839	1	0.49905	0.35739	1	0.52626	0.35289	1	0.45506	0.54770	12.84937	1.03582	1	0.72018	0.57207	13.68368	1.03582	1	-0.01160	-0.01201	0.68434	0.00407	1	0.05617	-0.01666	0.66707	0.00387	1	1.45898	0.81042	0	
1232653	8314.91602	3303948757201	0.50278	0.40095	8314.72168	0.19434	10830	1	0.52675	0.32264	1	0.50439	0.30883	1	0.51557	0.31573	1	0.45507	0.54755	12.90689	1.03582	1	0.72026	0.57144	13.21726	1.03582	1	-0.01160	-0.01201	0.68434	0.00415	1	0.05617	-0.01666	0.66707	0.00419	1	1.45898	0.81042	0	
1232654	8314.92285	3303948823966	0.50320	0.39842	8314.72168	0.20117	10830	1	0.52759	0.32927	1	0.50386	0.31576	1	0.51573	0.32252	1	0.45514	0.54757	13.00889	1.02780	1	0.72032	0.57146	13.03619	1.02780	1	-0.01130	-0.01176	0.66987	0.00418	1	0.05535	-0.01639	0.65622	0.00438	1	1.45898	0.81042	0	
1232655	8314.92969	3303948890988	0.50322	0.39772	8314.72168	0.20801	10830	1	0.51942	0.33354	1	0.48816	0.41889	1	0.50379	0.37621	1	0.45491	0.54772	12.96410	1.01978	1	0.72037	0.57250	13.54662	1.01978	1	-0.01130	-0.01176	0.66987	0.00380	1	0.05535	-0.01639	0.65622	0.00385	1	1.45898	0.81042	0	
1232656	8314.93652	3303948960834	0.50340	0.39618	8314.72168	0.21484	10830	1	0.51830	0.36489	1	0.50014	0.32868	1	0.50922	0.34679	1	0.45491	0.54748	12.75176	1.01177	1	0.72027	0.57157	12.90219	1.01177	1	-0.01130	-0.01176	0.66987	0.00402	1	0.05535	-0.01639	0.65622	0.00423	1	1.45898	0.81042	0	
1232657	8314.94336	3303949028207	0.50357	0.39473	8314.72168	0.22168	10830	1	0.51830	0.36489	1	0.50014	0.32868	1	0.50922	0.34679	1	0.45482	0.54681	12.50789	1.01177	1	0.72030	0.57126	13.00878	1.01177	1	-0.01160	-0.01201	0.68434	0.00424	1	0.05535	-0.01639	0.65622	0.00441	1	1.45898	0.81042	0	
1232658	8314.95020	3303949094853	0.50948	0.36759	8314.72168	0.22168	10830	0	0.52728	0.33141	1	0.51566	0.40510	1	0.52147	0.36825	1	0.45504	0.54747	13.06450	1.01978	1	0.72052	0.57256	13.93968	1.01978	1	-0.01160	-0.01201	0.68434	0.00402	1	0.05535	-0.01639	0.65622	0.00383	1	1.45898	0.81042	0	
1232659	8314.95703	3303949161957	0.50780	0.35477	8314.72168	0.22168	10830	0	0.51876	0.32040	1	0.49348	0.36349	1	0.50612	0.34195	1	0.45495	0.54728	12.93281	1.02780	1	0.72011	0.57201	13.68216	1.02780	1	-0.01160	-0.01201	0.68434	0.00422	1	0.05535	-0.01639	0.65622	0.00425	1	1.45898	0.81042	0	
1232660	8314.96387	3303949229142	0.50731	0.35246	8314.72168	0.22168	10830	0	0.51956	0.32637	1	0.49309	0.36931	1	0.50632	0.34784	1	0.45499	0.54728	13.01346	1.02067	1	0.71997	0.57279	14.26994	1.02067	1	-0.01075	-0.01124	0.64030	0.00422	1	0.05535	-0.01639	0.65622	0.00387	1	1.45898	0.81042	0	
1232661	8314.96973	3303949296403	0.50893	0.36492	8314.95020	0.01953	10831	1	0.53443	0.36257	1	0.49316	0.44201	1	0.51380	0.40229	1	0.45511	0.54761	12.88160	1.00553	1	0.72011	0.57270	13.81534	1.00553	1	-0.01075	-0.01124	0.64030	0.00402	1	0.05535	-0.01639	0.65622	0.00386	1	1.45898	0.81042	0	
1232662	8314.97656	3303949363081	0.50843	0.37004	8314.95020	0.02637	10831	1	0.51380	0.34858	1	0.49906	0.43248	1	0.50643	0.39053	1	0.45479	0.54701	12.61546	0.99039	1	0.72030	0.57249	13.79499	0.99039	1	-0.01075	-0.01124	0.64030	0.00418	1	0.05535	-0.01639	0.65622	0.00383	1	1.45898	0.81042	0	
1232663	8314.98340	3303949429975	0.50810	0.37345	8314.95020	0.03320	10831	1	0.51380	0.34858	1	0.49906	0.43248	1	0.50643	0.39053	1	0.45503	0.54757	12.88894	0.99039	1	0.72037	0.57262	13.50136	0.99039	1	-0.01160	-0.01201	0.68434	0.00432	1	0.05535	-0.01639	0.65622	0.00387	1	1.45898	0.81042	0	
1232664	8314.99023	3303949496913	0.50753	0.37549	8314.95020	0.04004	10831	1	0.51625	0.33973	1	0.49203	0.43565	1	0.50414	0.38769	1	0.45494	0.54717	12.64561	1.00553	1	0.72013	0.57269	13.80938	1.00553	1	-0.01160	-0.01201	0.68434	0.00415	1	0.05535	-0.01639	0.65622	0.00389	1	1.45898	0.81042	0	
1232665	8314.99707	3303949564041	0.50914	0.37667	8314.95020	0.04688	10831	1	0.52093	0.34231	1	0.51981	0.42755	1	0.52037	0.38493	1	0.45494	0.54724	12.61847	1.02067	1	0.72057	0.57262	13.82779	1.02067	1	-0.01160	-0.01201	0.68434	0.00418	1	0.05535	-0.01639	0.65622	0.00385	1	1.45898	0.81042	0	
1232666	8315.00391	3303949630856	0.51038	0.37759	8314.95020	0.05371	10831	1	0.52093	0.34231	1	0.51981	0.42755	1	0.52037	0.38493	1	0.45501	0.54787	13.16282	1.02067	1	0.72036	0.57252	13.38188	1.02067	1	-0.01075	-0.01124	0.64030	0.00398	1	0.05535	-0.01639	0.65622	0.00390	1	1.45898	0.81042	0	
1232667	8315.01074	3303949698137	0.51119	0.37915	8314.95020	0.06055	10831	1	0.52704	0.36392	1	0.50975	0.42255	1	0.51840	0.39323	1	0.45498	0.54743	12.90212	1.00553	1	0.72045	0.57257	14.34268	1.00553	1	-0.01075	-0.01124	0.64030	0.00407	1	0.05535	-0.01639	0.65622	0.00389	1	1.45898	0.81042	0	
1232668	8315.01660	3303949765009	0.51100	0.38292	8314.95020	0.06641	10831	1	0.53112	0.38464	1	0.48716	0.45664	1	0.50914	0.42064	1	0.45499	0.54757	12.93717	0.99039	1	0.72049	0.57266	14.29651	0.99039	1	-0.01075	-0.01124	0.64030	0.00399	1	0.05535	-0.01639	0.65622	0.00387	1	1.45898	0.81042	0	
1232669	8315.02344	3303949831594	0.51088	0.38635	8314.95020	0.07324	10831	1	0.53198	0.39108	1	0.48714	0.45691	1	0.50956	0.42399	1	0.45510	0.54805	13.32213	0.98237	1	0.72041	0.57259	14.34922	0.99003	1	-0.01108	-0.01163	0.66265	0.00377	1	0.05744	-0.01694	0.68039	0.00392	1	1.45898	0.81042	0	
1232670	8315.03027	3303949899212	0.50974	0.38858	8314.95020	0.08008	10831	1	0.52735	0.40452	1	0.46466	0.42639	1	0.49601	0.41545	1	0.45511	0.54819	13.22604	0.99716	1	0.72043	0.57256	14.31955	1.00482	1	-0.01108	-0.01163	0.66265	0.00374	1	0.05744	-0.01694	0.68039	0.00394	1	1.45898	0.81042	0	
1232671	8315.03711	3303949965416	0.50919	0.38944	8314.95020	0.08691	10831	1	0.53652	0.36827	1	0.46766	0.43292	1	0.50209	0.40059	1	0.45512	0.54761	13.00969	1.01194	1	0.72042	0.57263	14.36614	1.01960	1	-0.01108	-0.01163	0.66265	0.00400	1	0.05744	-0.01694	0.68039	0.00390	1	1.45898	0.81042	0	
1232672	8315.04395	3303950033626	0.50867	0.38961	8314.95020	0.09375	10831	1	0.53505	0.35642	1	0.46789	0.42755	1	0.50147	0.39198	1	0.45505	0.54798	13.04730	1.02673	1	0.72043	0.57265	14.38238	1.02673	1	-0.01108	-0.01163	0.66265	0.00377	1	0.05704	-0.01681	0.67505	0.00390	1	1.45898	0.81042	0	
1232673	8315.05078	3303950100252	0.50831	0.39070	8314.95020	0.10059	10831	1	0.53843	0.38604	1	0.46724	0.42812	1	0.50283	0.40708	1	0.45511	0.54824	13.76468	1.02673	1	0.72043	0.57265	14.38238	1.01907	1	-0.01108	-0.01163	0.66265	0.00369	1	0.05704	-0.01681	0.67505	0.00390	1	1.45898	0.81042	0	
1232674	8315.05762	3303950166499	0.50775	0.39193	8314.95020	0.10742	10831	1	0.53991	0.39530	1	0.45774	0.42765	1	0.49883	0.41147	1	0.45510	0.54830	13.76237	1.01907	1	0.72037	0.57269	14.40668	1.01141	1	-0.01108	-0.01163	0.66265	0.00370	1	0.05704	-0.01681	0.67505	0.00387	1	1.45898	0.81042	0	
1232675	8315.06348	3303950233316	0.50727	0.39334	8314.95020	0.11328	10831	1	0.54065	0.40119	1	0.45757	0.43350	1	0.49911	0.41735	1	0.45517	0.54803	13.48007	1.01141	1	0.72047	0.57251	14.55595	1.00375	1	-0.01108	-0.01163	0.66265	0.00383	1	0.05704	-0.01681	0.67505	0.00380	1	1.45898	0.81042	0	
1232676	8315.07031	3303950300265	0.50713	0.39364	8314.95020	0.12012	10831	1	0.52902	0.38700	1	0.48025	0.41102	1	0.50464	0.39901	1	0.45537	0.54792	13.86475	1.00375	1	0.72069	0.57244	14.25867	1.00375	1	-0.01108	-0.01163	0.66265	0.00382	1	0.05704	-0.01681	0.67505	0.00383	1	1.45898	0.81042	0	
1232677	8315.07715	3303950367891	0.50682	0.39382	8314.95020	0.12695	10831	1	0.51957	0.38305	1	0.48219	0.41149	1	0.50088	0.39727	1	0.45530	0.54785	13.76515	1.00375	1	0.72069	0.57244	14.25867	1.00375	1	-0.01108	-0.01163	0.66265	0.00383	1	0.05704	-0.01681	0.67505	0.00383	1	1.45898	0.81042	0	
1232678	8315.08398	3303950434241	0.50652	0.39368	8314.95020	0.13379	10831	1	0.51865	0.37669	1	0.48255	0.40517	1	0.50060	0.39093	1	0.45560	0.54691	12.60099	1.01177	1	0.72048	0.57257	14.45578	1.01177	1	-0.01103	-0.01163	0.66257	0.00421	1	0.05604	-0.01656	0.66320	0.00383	1	1.45898	0.81042	0	
1232679	8315.09082	3303950501341	0.50680	0.39396	8314.95020	0.14062	10831	1	0.55634	0.38908	1	0.46889	0.41074	1	0.51262	0.39991	1	0.45585	0.54812	13.84272	1.01978	1	0.72042	0.57255	14.43745	1.01978	1	-0.01103	-0.01163	0.66257	0.00405	1	0.05604	-0.01656	0.66320	0.00389	1	1.45898	0.81042	0	
1232680	8315.09766	3303950568434	0.50747	0.39361	8314.95020	0.14746	10831	1	0.56338	0.40341	1	0.48082	0.36837	1	0.52210	0.38589	1	0.45597	0.54822	13.20717	1.02780	1	0.72068	0.57227	14.36925	1.02780	1	-0.01103	-0.01163	0.66257	0.00392	1	0.05604	-0.01656	0.66320	0.00373	1	1.45898	0.81042	0	
1232681	8315.10352	3303950634025	0.50808	0.39316	8314.95020	0.15332	10831	1	0.56338	0.40341	1	0.48116	0.36216	1	0.52227	0.38278	1	0.45575	0.54825	13.58111	1.02780	1	0.72100	0.57285	13.85995	1.03546	1	-0.01089	-0.01153	0.65697	0.00390	1	0.05781	-0.01707	0.68345	0.00384	1	1.45898	0.81042	0	
1232682	8315.11035	3303950698915	0.50809	0.39395	8314.95020	0.16016	10831	1	0.52645	0.39606	1	0.49013	0.42954	1	0.50829	0.41280	1	0.45568	0.54834	13.53579	1.02744	1	0.72077	0.57281	14.31465	1.03510	1	-0.01089	-0.01153	0.65697	0.00389	1	0.05781	-0.01707	0.68345	0.00389	1	1.45898	0.81042	0	
1232683	8315.11719	3303950767226	0.50794	0.39461	8314.95020	0.16699	10831	1	0.53480	0.39744	1	0.47338	0.42474	1	0.50409	0.41109	1	0.45587	0.54810	13.96522	1.02708	1	0.72098	0.57268	14.52141	1.03474	1	-0.01089	-0.01153	0.65697	0.00378	1	0.05781	-0.01707	0.68345	0.00391	1	1.45898	0.81042	0	
1232684	8315.12402	3303950834490	0.50780	0.39523	8314.95020	0.17383	10831	1	0.53484	0.39771	1	0.47336	0.42501	1	0.50410	0.41136	1	0.45564	0.54782	13.27693	1.02673	1	0.72131	0.57254	14.24264	1.03439	1	-0.01089	-0.01164	0.66334	0.00371	1	0.05806	-0.01712	0.68529	0.00389	1	1.45898	0.81042	0	
1232685	8315.13086	3303950902130	0.50738	0.39478	8314.95020	0.18066	10831	1	0.52373	0.34160	1	0.46837	0.42379	1	0.49605	0.38270	1	0.45571	0.54767	13.13884	1.03439	1	0.72127	0.57278	14.33649	1.03439	1	-0.01089	-0.01164	0.66334	0.00370	1	0.05806	-0.01712	0.68529	0.00387	1	1.45898	0.81042	0	
1232686	8315.13672	3303950965713	0.50695	0.39346	8314.95020	0.18652	10831	1	0.53104	0.29495	1	0.45902	0.41806	1	0.49503	0.35650	1	0.45577	0.54774	13.09659	1.03439	1	0.72120	0.57270	14.42827	1.03439	1	-0.01089	-0.01164	0.66334	0.00368	1	0.05806	-0.01712	0.68529	0.00388	1	1.45898	0.81042	0	
1232687	8315.14453	3303951036646	0.50655	0.39232	8314.95020	0.19434	10831	1	0.53104	0.29495	1	0.45884	0.42385	1	0.49494	0.35940	1	0.45615	0.54796	13.94953	1.03439	1	0.72121	0.57284	14.64519	1.02673	1	-0.01089	-0.01164	0.66334	0.00379	1	0.05658	-0.01666	0.66715	0.00386	1	1.45898	0.81042	0	
1232688	8315.15039	3303951101822	0.50620	0.39198	8314.95020	0.20020	10831	1	0.51923	0.38280	1	0.47210	0.38048	1	0.49566	0.38164	1	0.45575	0.54811	13.48211	1.02673	1	0.72130	0.57208	14.12412	1.01907	1	-0.01089	-0.01164	0.66334	0.00389	1	0.05658	-0.01666	0.66715	0.00424	1	1.45898	0.81042	0	
1232689	8315.15723	3303951172166	0.50553	0.39215	8314.95020	0.20703	10831	1	0.49878	0.35929	1	0.47068	0.43573	1	0.48473	0.39751	1	0.45582	0.54776	13.25167	1.01907	1	0.72131	0.57267	14.73614	1.01141	1	-0.01089	-0.01164	0.66334	0.00386	1	0.05658	-0.01666	0.66715	0.00383	1	1.45898	0.81042	0	
1232690	8315.16406	3303951235363	0.50491	0.39250	8314.95020	0.21387	10831	1	0.49978	0.36547	1	0.47041	0.44153	1	0.48510	0.40350	1	0.45596	0.54772	13.73836	1.01141	1	0.72117	0.57249	14.33894	1.00375	1	-0.01089	-0.01164	0.66334	0.00384	1	0.05554	-0.01641	0.65495	0.00384	1	1.45898	0.81042	0	
1232691	8315.17090	3303951305231	0.50470	0.39268	8314.95020	0.22070	10831	1	0.52922	0.37700	1	0.46648	0.42018	1	0.49785	0.39859	1	0.45611	0.54778	13.92817	1.00375	1	0.72117	0.57249	14.33894	1.00375	1	-0.01089	-0.01164	0.66334	0.00380	1	0.05554	-0.01641	0.65495	0.00384	1	1.45898	0.81042	0	
1232692	8315.17773	3303951369476	0.50437	0.39312	8314.95020	0.22754	10831	1	0.52604	0.38878	1	0.46040	0.42775	1	0.49322	0.40827	1	0.45620	0.54784	14.03154	1.00375	1	0.72116	0.57269	14.14965	1.00375	1	-0.01089	-0.01164	0.66334	0.00383	1	0.05554	-0.01641	0.65495	0.00382	1	1.45898	0.81042	0	
1232693	8315.18457	3303951439371	0.50405	0.39337	8314.95020	0.23438	10831	1	0.52516	0.38246	1	0.46060	0.42158	1	0.49288	0.40202	1	0.45638	0.54768	13.06233	1.01177	1	0.72137	0.57188	13.80790	1.01177	1	-0.01128	-0.01211	0.68978	0.00391	1	0.05658	-0.01666	0.66715	0.00404	1	1.45898	0.81042	0	
1232694	8315.19141	3303951506144	0.50479	0.39275	8314.95020	0.24121	10831	1	0.58073	0.40213	1	0.48149	0.33916	1	0.53111	0.37065	1	0.45712	0.54856	13.76189	1.01978	1	0.72149	0.57167	13.96866	1.01978	1	-0.01128	-0.01211	0.68978	0.00407	1	0.05658	-0.01666	0.66715	0.00399	1	1.45898	0.81042	0	
1232695	8315.19824	3303951573024	0.50513	0.39208	8314.95020	0.24805	10831	1	0.55733	0.38111	1	0.47849	0.35284	1	0.51791	0.36697	1	0.45669	0.54823	13.10105	1.02780	1	0.72147	0.57191	13.82143	1.02780	1	-0.01128	-0.01211	0.68978	0.00398	1	0.05658	-0.01666	0.66715	0.00402	1	1.45898	0.81042	0	
1232696	8315.20410	3303951640190	0.50546	0.39165	8314.95020	0.25391	10831	1	0.55790	0.38663	1	0.47791	0.36435	1	0.51791	0.37549	1	0.45665	0.54828	13.97300	1.02067	1	0.72180	0.57270	13.94531	1.01387	1	-0.01039	-0.01126	0.64159	0.00387	1	0.05366	-0.01584	0.63225	0.00376	1	1.45898	0.81042	0	
1232697	8315.21094	3303951706859	0.50542	0.39254	8314.95020	0.26074	10831	1	0.52358	0.40887	1	0.48449	0.44531	1	0.50403	0.42709	1	0.45646	0.54784	13.37368	0.99872	1	0.72196	0.57271	14.12848	0.99191	1	-0.01039	-0.01126	0.64159	0.00380	1	0.05366	-0.01584	0.63225	0.00395	1	1.45898	0.81042	0	
1232698	8315.21777	3303951772872	0.50513	0.39351	8314.95020	0.26758	10831	1	0.51965	0.38700	1	0.46753	0.47823	1	0.49359	0.43262	1	0.45640	0.54788	13.37963	0.97677	1	0.72213	0.57293	14.40072	0.96996	1	-0.01039	-0.01126	0.64159	0.00369	1	0.05366	-0.01584	0.63225	0.00389	1	1.45898	0.81042	0	
1232699	8315.22461	3303951838205	0.50488	0.39459	8314.95020	0.27441	10831	1	0.52140	0.39904	1	0.46751	0.47850	1	0.49446	0.43877	1	0.45652	0.54751	13.49844	0.96195	1	0.72212	0.57256	13.83923	0.96961	1	-0.01073	-0.01168	0.66566	0.00381	1	0.05758	-0.01696	0.67718	0.00420	1	1.45898	0.81042	0	
1232700	8315.23047	3303951903138	0.50473	0.39521	8314.95020	0.28027	10831	1	0.52968	0.38110	1	0.46709	0.46113	1	0.49839	0.42111	1	0.45659	0.54731	13.18376	0.97673	1	0.72205	0.57259	13.69568	0.99120	1	-0.01073	-0.01168	0.66566	0.00394	1	0.05758	-0.01696	0.67718	0.00437	1	1.45898	0.81042	0	
1232701	8315.23828	3303951975223	0.50445	0.39547	8314.95020	0.28809	10831	1	0.52265	0.38642	1	0.46190	0.42731	1	0.49228	0.40687	1	0.45639	0.54774	13.39014	0.99833	1	0.72193	0.57247	14.39666	1.01279	1	-0.01073	-0.01168	0.66566	0.00398	1	0.05758	-0.01696	0.67718	0.00431	1	1.45898	0.81042	0	
1232702	8315.24414	3303952039108	0.50415	0.39542	8314.95020	0.29395	10831	1	0.52022	0.36926	1	0.46226	0.41667	1	0.49124	0.39296	1	0.45706	0.54783	13.88476	1.01992	1	0.72213	0.57236	13.88990	1.02673	1	-0.01073	-0.01168	0.66566	0.00387	1	0.05611	-0.01651	0.65927	0.00434	1	1.45898	0.81042	0	
1232703	8315.25098	3303952106459	0.50393	0.39487	8314.95020	0.30078	10831	1	0.51969	0.32757	1	0.46827	0.41282	1	0.49398	0.37019	1	0.45683	0.54774	13.70146	1.02673	1	0.72220	0.57274	14.31269	1.01907	1	-0.01073	-0.01168	0.66566	0.00384	1	0.05611	-0.01651	0.65927	0.00410	1	1.45898	0.81042	0	
1232704	8315.25781	3303952172887	0.50390	0.39443	8314.95020	0.30762	10831	1	0.53174	0.38159	1	0.47303	0.36667	1	0.50239	0.37413	1	0.45701	0.54781	13.90505	1.01907	1	0.72210	0.57236	13.73269	1.01141	1	-0.01073	-0.01168	0.66566	0.00385	1	0.05611	-0.01651	0.65927	0.00424	1	1.45898	0.81042	0	
1232705	8315.26465	3303952240835	0.50387	0.39400	8314.95020	0.31445	10831	1	0.53171	0.38131	1	0.47305	0.36637	1	0.50238	0.37384	1	0.45694	0.54755	13.85915	1.01943	1	0.72200	0.57241	14.14395	1.01177	1	-0.01091	-0.01193	0.67988	0.00388	1	0.05611	-0.01651	0.65927	0.00420	1	1.45898	0.81042	0	
1232706	8315.27148	3303952307624	0.50395	0.39498	8314.95020	0.32129	10831	1	0.55430	0.40725	1	0.47272	0.42181	1	0.51351	0.41453	1	0.45732	0.54806	13.86415	1.01978	1	0.72206	0.57258	14.12023	1.01978	1	-0.01091	-0.01193	0.67988	0.00403	1	0.05611	-0.01651	0.65927	0.00409	1	1.45898	0.81042	0	
1232707	8315.27832	3303952376987	0.50410	0.39632	8314.95020	0.32812	10831	1	0.56020	0.42664	1	0.46603	0.38633	1	0.51312	0.40648	1	0.45741	0.54803	13.36347	1.02780	1	0.72198	0.57274	14.02049	1.02780	1	-0.01091	-0.01193	0.67988	0.00398	1	0.05611	-0.01651	0.65927	0.00414	1	1.45898	0.81042	0	
1232708	8315.28516	3303952444023	0.50424	0.39754	8314.95020	0.33496	10831	1	0.56020	0.42664	1	0.46603	0.38633	1	0.51312	0.40648	1	0.45743	0.54792	13.36232	1.02780	1	0.72249	0.57232	13.20773	1.02780	1	-0.01051	-0.01155	0.65798	0.00393	1	0.05611	-0.01651	0.65927	0.00404	1	1.45898	0.81042	0	
1232709	8315.29199	3303952511118	0.50477	0.39800	8314.95020	0.34180	10831	1	0.56599	0.46460	1	0.51249	0.38365	1	0.53924	0.42413	1	0.45788	0.54817	13.58671	1.01978	1	0.72278	0.57262	13.75053	1.01978	1	-0.01051	-0.01155	0.65798	0.00407	1	0.05611	-0.01651	0.65927	0.00403	1	1.45898	0.81042	0	
1232710	8315.29785	3303952578435	0.50486	0.39873	8314.95020	0.34766	10831	1	0.52977	0.44871	1	0.49169	0.40215	1	0.51073	0.42543	1	0.45734	0.54784	13.35414	1.01177	1	0.72252	0.57289	13.16896	1.01177	1	-0.01051	-0.01155	0.65798	0.00392	1	0.05611	-0.01651	0.65927	0.00414	1	1.45898	0.81042	0	
1232711	8315.30469	3303952644627	0.50495	0.39958	8314.95020	0.35449	10831	1	0.53062	0.45450	1	0.49125	0.40850	1	0.51093	0.43150	1	0.45742	0.54796	13.87011	1.00375	1	0.72293	0.57265	13.69241	1.00375	1	-0.01026	-0.01133	0.64828	0.00378	1	0.05649	-0.01660	0.66266	0.00422	1	1.45898	0.81042	0	
1232712	8315.31152	3303952711811	0.50523	0.40011	8314.95020	0.36133	10831	1	0.51197	0.42290	1	0.52294	0.40378	1	0.51746	0.41334	1	0.45708	0.54761	12.94030	1.00375	1	0.72301	0.57259	13.74495	1.00375	1	-0.01026	-0.01133	0.64828	0.00392	1	0.05649	-0.01660	0.66266	0.00422	1	1.45898	0.81042	0	
1232713	8315.31836	3303952777744	0.50525	0.40063	8314.95020	0.36816	10831	1	0.51924	0.42009	1	0.52391	0.39910	1	0.52158	0.40960	1	0.45721	0.54782	13.35827	1.00375	1	0.72303	0.57276	13.73588	1.00375	1	-0.01026	-0.01133	0.64828	0.00379	1	0.05649	-0.01660	0.66266	0.00429	1	1.45898	0.81042	0	
1232714	8315.32520	3303952846003	0.50529	0.40108	8314.95020	0.37500	10831	1	0.51924	0.42009	1	0.52457	0.39295	1	0.52191	0.40652	1	0.45730	0.54734	13.51702	1.00375	1	0.72297	0.57300	14.11039	1.01141	1	-0.01026	-0.01133	0.64828	0.00388	1	0.05860	-0.01725	0.68673	0.00415	1	1.45898	0.81042	0	
1232715	8315.33203	3303952912921	0.50516	0.40088	8314.95020	0.38184	10831	1	0.52526	0.40839	1	0.49929	0.35947	1	0.51228	0.38393	1	0.45730	0.54697	13.02304	1.01141	1	0.72288	0.57270	13.83537	1.01907	1	-0.01026	-0.01133	0.64828	0.00392	1	0.05860	-0.01725	0.68673	0.00422	1	1.45898	0.81042	0	
1232716	8315.33887	3303952979497	0.50494	0.40040	8314.95020	0.38867	10831	1	0.52486	0.44102	1	0.47243	0.35410	1	0.49864	0.39756	1	0.45735	0.54762	13.62045	1.01907	1	0.72289	0.57290	13.94815	1.02673	1	-0.01026	-0.01133	0.64828	0.00377	1	0.05860	-0.01725	0.68673	0.00414	1	1.45898	0.81042	0	
1232717	8315.34473	3303953046621	0.50471	0.39973	8314.95020	0.39453	10831	1	0.52403	0.43547	1	0.47270	0.34778	1	0.49836	0.39163	1	0.45733	0.54759	13.43277	1.02673	1	0.72297	0.57283	13.74973	1.03439	1	-0.01026	-0.01133	0.64828	0.00377	1	0.05715	-0.01683	0.66977	0.00419	1	1.45898	0.81042	0	
1232718	8315.35156	3303953114304	0.50497	0.39930	8314.95020	0.40137	10831	1	0.52022	0.39714	1	0.49719	0.39271	1	0.50871	0.39492	1	0.45735	0.54772	13.48783	1.03439	1	0.72297	0.57284	13.99309	1.03439	1	-0.01026	-0.01133	0.64828	0.00371	1	0.05715	-0.01683	0.66977	0.00423	1	1.45898	0.81042	0	
1232719	8315.35840	3303953177454	0.50522	0.39867	8314.95020	0.40820	10831	1	0.53019	0.40485	1	0.49806	0.33550	1	0.51413	0.37018	1	0.45732	0.54783	13.62607	1.03439	1	0.72287	0.57271	13.99565	1.03439	1	-0.01026	-0.01133	0.64828	0.00374	1	0.05715	-0.01683	0.66977	0.00420	1	1.45898	0.81042	0	
1232720	8315.36523	3303953244686	0.50549	0.39821	8314.95020	0.41504	10831	1	0.53019	0.40485	1	0.49806	0.33550	1	0.51413	0.37018	1	0.45743	0.54782	13.65746	1.03439	1	0.72280	0.57302	14.26586	1.03439	1	-0.01026	-0.01133	0.64828	0.00377	1	0.05715	-0.01683	0.66977	0.00417	1	1.45898	0.81042	0	
1232721	8315.37207	3303953312839	0.50597	0.39780	8314.95020	0.42188	10831	1	0.53416	0.40313	1	0.51815	0.37160	1	0.52615	0.38737	1	0.45747	0.54777	13.60572	1.03439	1	0.72284	0.57300	14.15163	1.03439	1	-0.01026	-0.01133	0.64828	0.00384	1	0.05715	-0.01683	0.66977	0.00420	1	1.45898	0.81042	0	
1232722	8315.37793	3303953378862	0.50652	0.39763	8314.95020	0.42773	10831	1	0.53869	0.44516	1	0.51193	0.36110	1	0.52531	0.40313	1	0.45743	0.54785	13.50334	1.03439	1	0.72282	0.57311	14.30276	1.03439	1	-0.01026	-0.01133	0.64828	0.00382	1	0.05715	-0.01683	0.66977	0.00411	1	1.45898	0.81042	0	
1232723	8315.38477	3303953446401	0.50707	0.39733	8314.95020	0.43457	10831	1	0.53869	0.44516	1	0.51193	0.36110	1	0.52531	0.40313	1	0.45729	0.54774	13.12427	1.03439	1	0.72276	0.57339	14.49731	1.03439	1	-0.01026	-0.01133	0.64828	0.00383	1	0.05520	-0.01633	0.64808	0.00396	1	1.45898	0.81042	0	
1232724	8315.39160	3303953511183	0.50745	0.39690	8314.95020	0.44141	10831	1	0.52761	0.40112	1	0.51783	0.35580	1	0.52272	0.37846	1	0.45734	0.54781	13.61792	1.03439	1	0.72289	0.57299	14.11761	1.03439	1	-0.01026	-0.01133	0.64828	0.00384	1	0.05520	-0.01633	0.64808	0.00417	1	1.45898	0.81042	0	
1232725	8315.39844	3303953579942	0.50762	0.39630	8314.95020	0.44824	10831	1	0.52127	0.32690	1	0.49738	0.40970	1	0.50933	0.36830	1	0.45734	0.54716	13.10765	1.03439	1	0.72287	0.57320	14.03499	1.03439	1	-0.01026	-0.01133	0.64828	0.00390	1	0.05520	-0.01633	0.64808	0.00403	1	1.45898	0.81042	0	
1232726	8315.40527	3303953648583	0.50780	0.39570	8314.95020	0.45508	10831	1	0.52039	0.32029	1	0.49785	0.40355	1	0.50912	0.36192	1	0.45800	0.54783	13.39733	1.04240	1	0.72324	0.57353	13.87144	1.04240	1	-0.01080	-0.01204	0.68593	0.00379	1	0.05860	-0.01731	0.68673	0.00407	1	1.45898	0.81042	0	
1232727	8315.41211	3303953713636	0.50831	0.39587	8314.95020	0.46191	10831	1	0.56672	0.43179	1	0.50728	0.38492	1	0.53700	0.40836	1	0.45844	0.54811	14.24096	1.05042	1	0.72354	0.57347	14.25838	1.05042	1	-0.01080	-0.01204	0.68593	0.00398	1	0.05860	-0.01731	0.68673	0.00388	1	1.45898	0.81042	0	
1232728	8315.41895	3303953783584	0.50860	0.39592	8314.95020	0.46875	10831	1	0.55985	0.40077	1	0.51211	0.37602	1	0.53598	0.38840	1	0.45861	0.54807	14.10055	1.05844	1	0.72355	0.57348	14.29634	1.05844	1	-0.01080	-0.01204	0.68593	0.00383	1	0.05860	-0.01731	0.68673	0.00386	1	1.45898	0.81042	0	
1232729	8315.42578	3303953849910	0.50887	0.39616	8314.95020	0.47559	10831	1	0.55985	0.40077	1	0.51109	0.38735	1	0.53547	0.39406	1	0.45869	0.54756	12.82904	1.05844	1	0.72409	0.57340	13.56609	1.04397	1	-0.01030	-0.01153	0.65695	0.00382	1	0.05497	-0.01621	0.64312	0.00411	1	1.45898	0.81042	0	
1232730	8315.43262	3303953917297	0.50962	0.39536	8314.95020	0.48242	10831	1	0.55592	0.30969	1	0.53223	0.43906	1	0.54408	0.37437	1	0.45878	0.54767	12.84972	1.03595	1	0.72399	0.57384	13.78490	1.02148	1	-0.01030	-0.01153	0.65695	0.00375	1	0.05497	-0.01621	0.64312	0.00396	1	1.45898	0.81042	0	
1232731	8315.43848	3303953984669	0.51065	0.39506	8314.95020	0.48828	10831	1	0.55997	0.32476	1	0.54756	0.46840	1	0.55377	0.39658	1	0.45866	0.54780	13.12852	1.01347	1	0.72424	0.57399	13.54454	0.99900	1	-0.01030	-0.01153	0.65695	0.00374	1	0.05497	-0.01621	0.64312	0.00399	1	1.45898	0.81042	0	
1232732	8315.44531	3303954051765	0.51169	0.39507	8314.95020	0.49512	10831	1	0.56176	0.34369	1	0.54584	0.47999	1	0.55380	0.41184	1	0.45878	0.54788	12.87364	0.99098	1	0.72413	0.57367	13.49863	0.98332	1	-0.01030	-0.01153	0.65695	0.00373	1	0.05643	-0.01665	0.66079	0.00382	1	1.45898	0.81042	0	
1232733	8315.45215	3303954118788	0.51273	0.39565	8314.95020	0.50195	10831	1	0.55645	0.36219	1	0.53530	0.45940	1	0.54588	0.41079	1	0.45867	0.54792	13.11040	0.98332	1	0.72401	0.57374	13.66711	0.99013	1	-0.01030	-0.01153	0.65695	0.00381	1	0.05643	-0.01665	0.66079	0.00381	1	1.45898	0.81042	0	
1232734	8315.45898	3303954185422	0.51402	0.39710	8314.95020	0.50879	10831	1	0.58108	0.39838	1	0.53360	0.45410	1	0.55734	0.42624	1	0.45859	0.54806	13.08207	0.99013	1	0.72401	0.57370	13.81381	0.99694	1	-0.01030	-0.01153	0.65695	0.00383	1	0.05643	-0.01665	0.66079	0.00384	1	1.45898	0.81042	0	
1232735	8315.46582	3303954252154	0.51533	0.39826	8314.95020	0.51562	10831	1	0.58015	0.38672	1	0.53502	0.44292	1	0.55759	0.41482	1	0.45898	0.54854	14.12932	1.00496	1	0.72398	0.57368	13.63806	1.01177	1	-0.01080	-0.01204	0.68593	0.00389	1	0.05643	-0.01665	0.66079	0.00386	1	1.45898	0.81042	0	
1232736	8315.47266	3303954319494	0.54146	0.39468	8314.95020	0.51562	10831	0	0.58826	0.31687	1	0.52801	0.44420	1	0.55813	0.38054	1	0.45874	0.54823	13.30992	1.01978	1	0.72386	0.57376	14.20025	1.01978	1	-0.01080	-0.01204	0.68593	0.00395	1	0.05643	-0.01665	0.66079	0.00381	1	1.45898	0.81042	0	
1232737	8315.47949	3303954386407	0.55551	0.39346	8314.95020	0.51562	10831	0	0.61514	0.36505	1	0.52401	0.41941	1	0.56957	0.39223	1	0.45907	0.54850	14.05466	1.02780	1	0.72377	0.57365	14.06133	1.02780	1	-0.01080	-0.01204	0.68593	0.00396	1	0.05643	-0.01665	0.66079	0.00389	1	1.45898	0.81042	0	
1232738	8315.48535	3303954453389	0.56027	0.39097	8314.95020	0.51562	10831	0	0.61489	0.35874	1	0.52468	0.41328	1	0.56978	0.38601	1	0.45856	0.54823	14.29440	1.03582	1	0.72352	0.57356	14.46900	1.03582	1	-0.01080	-0.01204	0.68593	0.00390	1	0.05643	-0.01665	0.66079	0.00386	1	1.45898	0.81042	0	
1232739	8315.49219	3303954520676	0.55788	0.38503	8315.47266	0.01953	10832	1	0.59261	0.34114	1	0.50883	0.39328	1	0.55072	0.36721	1	0.45857	0.54827	14.34354	1.03582	1	0.72357	0.57364	14.56401	1.03582	1	-0.01080	-0.01204	0.68593	0.00388	1	0.05643	-0.01665	0.66079	0.00380	1	1.45898	0.81042	0	
1232740	8315.49902	3303954585703	0.55756	0.39044	8315.47266	0.02637	10832	1	0.61312	0.40812	1	0.49938	0.41602	1	0.55625	0.41207	1	0.45852	0.54831	14.41427	1.03582	1	0.72334	0.57361	14.65288	1.03582	1	-0.01080	-0.01204	0.68593	0.00387	1	0.05643	-0.01665	0.66079	0.00389	1	1.45898	0.81042	0	
1232741	8315.50586	3303954650774	0.55734	0.39404	8315.47266	0.03320	10832	1	0.61312	0.40812	1	0.49938	0.41602	1	0.55625	0.41207	1	0.45846	0.54826	14.26200	1.03582	1	0.72390	0.57359	13.65448	1.03582	1	-0.01080	-0.01204	0.68593	0.00378	1	0.05643	-0.01665	0.66079	0.00387	1	1.45898	0.81042	0	
1232742	8315.51270	3303954718601	0.55772	0.38893	8315.47266	0.04004	10832	1	0.59533	0.29763	1	0.52468	0.41887	1	0.56001	0.35825	1	0.45846	0.54800	14.06335	1.03582	1	0.72378	0.57380	14.07844	1.03582	1	-0.01080	-0.01204	0.68593	0.00383	1	0.05643	-0.01665	0.66079	0.00398	1	1.45898	0.81042	0	
1232743	8315.51855	3303954784166	0.55764	0.38470	8315.47266	0.04590	10832	1	0.58217	0.24848	1	0.53201	0.46169	1	0.55709	0.35509	1	0.45854	0.54814	14.14328	1.03582	1	0.72391	0.57372	13.66346	1.03582	1	-0.01080	-0.01204	0.68593	0.00376	1	0.05643	-0.01665	0.66079	0.00403	1	1.45898	0.81042	0	
1232744	8315.52539	3303954852855	0.55760	0.38182	8315.47266	0.05273	10832	1	0.58264	0.25566	1	0.53198	0.46195	1	0.55731	0.35881	1	0.45779	0.54766	13.18202	1.02780	1	0.72347	0.57376	14.43543	1.03546	1	-0.01040	-0.01153	0.65724	0.00378	1	0.05860	-0.01731	0.68673	0.00392	1	1.45898	0.81042	0	
1232745	8315.53223	3303954917668	0.55533	0.38483	8315.47266	0.05957	10832	1	0.55054	0.39958	1	0.51916	0.42412	1	0.53485	0.41185	1	0.45771	0.54758	12.81497	1.02744	1	0.72368	0.57375	14.01971	1.03510	1	-0.01040	-0.01153	0.65724	0.00382	1	0.05860	-0.01731	0.68673	0.00396	1	1.45898	0.81042	0	
1232746	8315.53906	3303954986838	0.55349	0.38750	8315.47266	0.06641	10832	1	0.55146	0.37511	1	0.51877	0.45345	1	0.53511	0.41428	1	0.45773	0.54769	12.83199	1.02708	1	0.72370	0.57365	14.07071	1.03474	1	-0.01040	-0.01153	0.65724	0.00366	1	0.05860	-0.01731	0.68673	0.00401	1	1.45898	0.81042	0	
1232747	8315.54590	3303955053207	0.55196	0.38925	8315.47266	0.07324	10832	1	0.55080	0.36912	1	0.51937	0.44789	1	0.53509	0.40850	1	0.45789	0.54779	13.11720	1.03474	1	0.72376	0.57360	13.90840	1.04240	1	-0.01080	-0.01204	0.68593	0.00371	1	0.05860	-0.01731	0.68673	0.00406	1	1.45898	0.81042	0	
1232748	8315.55273	3303955120916	0.55120	0.38784	8315.47266	0.08008	10832	1	0.55669	0.34706	1	0.52757	0.39474	1	0.54213	0.37090	1	0.45784	0.54755	12.82967	1.05042	1	0.72370	0.57358	14.09528	1.05042	1	-0.01080	-0.01204	0.68593	0.00376	1	0.05860	-0.01731	0.68673	0.00405	1	1.45898	0.81042	0	
1232749	8315.55957	3303955189695	0.55093	0.38705	8315.47266	0.08691	10832	1	0.55021	0.35988	1	0.54457	0.39355	1	0.54739	0.37671	1	0.45784	0.54778	12.86255	1.05844	1	0.72369	0.57362	13.99824	1.05844	1	-0.01080	-0.01204	0.68593	0.00374	1	0.05860	-0.01731	0.68673	0.00399	1	1.45898	0.81042	0	
1232750	8315.56641	3303955257237	0.55070	0.38595	8315.47266	0.09375	10832	1	0.54954	0.35368	1	0.54537	0.38739	1	0.54746	0.37053	1	0.45785	0.54789	13.24862	1.06645	1	0.72363	0.57384	13.85122	1.06645	1	-0.01091	-0.01193	0.67988	0.00375	1	0.05860	-0.01731	0.68673	0.00397	1	1.45898	0.81042	0	
1232751	8315.57324	3303955324127	0.55095	0.38389	8315.47266	0.10059	10832	1	0.55959	0.32683	1	0.55001	0.37915	1	0.55480	0.35299	1	0.45801	0.54774	12.90556	1.06645	1	0.72369	0.57365	14.07569	1.06645	1	-0.01091	-0.01193	0.67988	0.00388	1	0.05860	-0.01731	0.68673	0.00393	1	1.45898	0.81042	0	
1232752	8315.57910	3303955389969	0.55252	0.37975	8315.47266	0.10645	10832	1	0.58936	0.21456	1	0.56589	0.41269	1	0.57763	0.31363	1	0.45780	0.54777	13.09958	1.06645	1	0.72364	0.57379	13.80608	1.06645	1	-0.01091	-0.01193	0.67988	0.00381	1	0.05860	-0.01731	0.68673	0.00400	1	1.45898	0.81042	0	
1232753	8315.58594	3303955457720	0.55389	0.37624	8315.47266	0.11328	10832	1	0.58936	0.21456	1	0.56498	0.41841	1	0.57717	0.31648	1	0.45787	0.54791	13.04296	1.06645	1	0.72329	0.57359	13.29556	1.05879	1	-0.01091	-0.01193	0.67988	0.00384	1	0.05643	-0.01668	0.66186	0.00395	1	1.45898	0.81042	0	
1232754	8315.59277	3303955525028	0.55553	0.37647	8315.47266	0.12012	10832	1	0.62285	0.38107	1	0.54704	0.38012	1	0.58495	0.38060	1	0.45838	0.54846	14.06965	1.05879	1	0.72337	0.57349	13.30974	1.05113	1	-0.01091	-0.01193	0.67988	0.00396	1	0.05643	-0.01668	0.66186	0.00395	1	1.45898	0.81042	0	
1232755	8315.59961	3303955592450	0.55695	0.37587	8315.47266	0.12695	10832	1	0.61611	0.35373	1	0.55191	0.37544	1	0.58401	0.36458	1	0.45828	0.54835	14.01144	1.05113	1	0.72340	0.57324	13.31213	1.04348	1	-0.01091	-0.01193	0.67988	0.00393	1	0.05643	-0.01668	0.66186	0.00388	1	1.45898	0.81042	0	
1232756	8315.60645	3303955658753	0.55823	0.37562	8315.47266	0.13379	10832	1	0.61634	0.35971	1	0.55108	0.38155	1	0.58371	0.37063	1	0.45838	0.54865	14.18764	1.04348	1	0.72342	0.57340	13.27675	1.03582	1	-0.01091	-0.01193	0.67988	0.00393	1	0.05611	-0.01661	0.65927	0.00382	1	1.45898	0.81042	0	
1232757	8315.61328	3303955725766	0.55826	0.37624	8315.47266	0.14062	10832	1	0.57670	0.39727	1	0.54129	0.38125	1	0.55899	0.38926	1	0.45775	0.54828	14.15562	1.03582	1	0.72324	0.57337	13.53103	1.03582	1	-0.01091	-0.01193	0.67988	0.00388	1	0.05611	-0.01661	0.65927	0.00381	1	1.45898	0.81042	0	
1232758	8315.62012	3303955792891	0.55791	0.37701	8315.47266	0.14746	10832	1	0.57512	0.36725	1	0.52538	0.42044	1	0.55025	0.39384	1	0.45771	0.54815	14.19481	1.03582	1	0.72303	0.57309	12.99954	1.03582	1	-0.01091	-0.01193	0.67988	0.00382	1	0.05611	-0.01661	0.65927	0.00386	1	1.45898	0.81042	0	
1232759	8315.62695	3303955860242	0.55759	0.37771	8315.47266	0.15430	10832	1	0.57512	0.36725	1	0.52538	0.42044	1	0.55025	0.39384	1	0.45772	0.54818	14.33094	1.03582	1	0.72307	0.57310	12.88486	1.03582	1	-0.01091	-0.01193	0.67988	0.00381	1	0.05567	-0.01643	0.65413	0.00383	1	1.45898	0.81042	0	
1232760	8315.63281	3303955926755	0.55737	0.37668	8315.47266	0.16016	10832	1	0.57690	0.29366	1	0.52701	0.41040	1	0.55196	0.35203	1	0.45720	0.54798	13.51426	1.03582	1	0.72299	0.57331	12.86906	1.03582	1	-0.01091	-0.01193	0.67988	0.00378	1	0.05567	-0.01643	0.65413	0.00383	1	1.45898	0.81042	0	
1232761	8315.63965	3303955993638	0.55711	0.37814	8315.47266	0.16699	10832	1	0.58241	0.34511	1	0.51882	0.48417	1	0.55061	0.41464	1	0.45771	0.54821	14.13123	1.03582	1	0.72289	0.57346	13.03564	1.03582	1	-0.01091	-0.01193	0.67988	0.00375	1	0.05567	-0.01643	0.65413	0.00393	1	1.45898	0.81042	0	
1232762	8315.64648	3303956060143	0.55688	0.37962	8315.47266	0.17383	10832	1	0.58288	0.35154	1	0.51879	0.48442	1	0.55084	0.41798	1	0.45711	0.54780	12.92007	1.02780	1	0.72264	0.57378	14.29420	1.03546	1	-0.01069	-0.01153	0.65718	0.00371	1	0.05761	-0.01707	0.67750	0.00395	1	1.45898	0.81042	0	
1232763	8315.65332	3303956127709	0.55724	0.38201	8315.47266	0.18066	10832	1	0.58171	0.40517	1	0.55263	0.48777	1	0.56717	0.44647	1	0.45709	0.54812	13.20840	1.02744	1	0.72277	0.57354	13.90004	1.03510	1	-0.01069	-0.01153	0.65718	0.00376	1	0.05761	-0.01707	0.67750	0.00400	1	1.45898	0.81042	0	
1232764	8315.66016	3303956193978	0.55746	0.38294	8315.47266	0.18750	10832	1	0.59117	0.38577	1	0.53567	0.43216	1	0.56342	0.40897	1	0.45689	0.54819	13.19820	1.02708	1	0.72231	0.57291	14.00955	1.03474	1	-0.01069	-0.01153	0.65718	0.00386	1	0.05761	-0.01707	0.67750	0.00378	1	1.45898	0.81042	0	
1232765	8315.66699	3303956261814	0.55765	0.38370	8315.47266	0.19434	10832	1	0.59077	0.37988	1	0.53567	0.43216	1	0.56322	0.40602	1	0.45560	0.54821	13.22514	1.03474	1	0.72146	0.57324	14.19873	1.03474	1	-0.01132	-0.01204	0.68600	0.00375	1	0.05659	-0.01670	0.66855	0.00402	1	1.45898	0.81042	0	
1232766	8315.67383	3303956329357	0.55697	0.38438	8315.47266	0.20117	10832	1	0.56229	0.40971	1	0.51099	0.39947	1	0.53664	0.40459	1	0.45604	0.54843	13.87803	1.04276	1	0.72115	0.57246	14.43128	1.03510	1	-0.01132	-0.01204	0.68600	0.00380	1	0.05659	-0.01670	0.66855	0.00380	1	1.45898	0.81042	0	
1232767	8315.67969	3303956395549	0.55641	0.38475	8315.47266	0.20703	10832	1	0.55520	0.38864	1	0.52288	0.40391	1	0.53904	0.39628	1	0.45597	0.54830	13.75440	1.04312	1	0.72141	0.57253	13.93597	1.03546	1	-0.01132	-0.01204	0.68600	0.00382	1	0.05659	-0.01670	0.66855	0.00383	1	1.45898	0.81042	0	
1232768	8315.68652	3303956463113	0.55589	0.38500	8315.47266	0.21387	10832	1	0.55518	0.38837	1	0.52354	0.39771	1	0.53936	0.39304	1	0.45573	0.54808	13.38367	1.04348	1	0.72127	0.57257	14.17661	1.04348	1	-0.01103	-0.01163	0.66257	0.00386	1	0.05781	-0.01707	0.68345	0.00381	1	1.45898	0.81042	0	
1232769	8315.69336	3303956529429	0.55470	0.38491	8315.47266	0.22070	10832	1	0.54040	0.37644	1	0.49018	0.38703	1	0.51529	0.38174	1	0.45571	0.54818	13.36199	1.04348	1	0.72097	0.57248	13.42634	1.05113	1	-0.01103	-0.01163	0.66257	0.00392	1	0.05781	-0.01707	0.68345	0.00385	1	1.45898	0.81042	0	
1232770	8315.70020	3303956597062	0.55401	0.38491	8315.47266	0.22754	10832	1	0.54054	0.40171	1	0.52059	0.36833	1	0.53057	0.38502	1	0.45567	0.54824	13.30599	1.05113	1	0.72129	0.57246	14.16680	1.05879	1	-0.01103	-0.01163	0.66257	0.00389	1	0.05781	-0.01707	0.68345	0.00384	1	1.45898	0.81042	0	
1232771	8315.70605	3303956660295	0.55336	0.38475	8315.47266	0.23340	10832	1	0.53984	0.39604	1	0.52119	0.36227	1	0.53051	0.37916	1	0.45587	0.54814	13.18515	1.05879	1	0.72099	0.57243	13.52607	1.06645	1	-0.01103	-0.01163	0.66257	0.00401	1	0.05781	-0.01707	0.68345	0.00380	1	1.45898	0.81042	0	SUBJECT_ONSET_LOG
1232772	8315.71289	3303956725875	0.55259	0.38489	8315.47266	0.24023	10832	1	0.55397	0.39539	1	0.49567	0.38471	1	0.52482	0.39005	1	0.45587	0.54804	13.26411	1.06645	1	0.72089	0.57254	13.66069	1.06645	1	-0.01103	-0.01163	0.66257	0.00395	1	0.05781	-0.01707	0.68345	0.00389	1	1.45898	0.81042	0	
1232773	8315.71973	3303956795941	0.55169	0.38429	8315.47266	0.24707	10832	1	0.53972	0.32989	1	0.49741	0.39403	1	0.51857	0.36196	1	0.45576	0.54809	13.30929	1.06645	1	0.72089	0.57254	13.66069	1.06645	1	-0.01103	-0.01163	0.66257	0.00402	1	0.05781	-0.01707	0.68345	0.00388	1	1.45898	0.81042	0	
1232774	8315.72656	3303956865286	0.55084	0.38372	8315.47266	0.25391	10832	1	0.53972	0.32989	1	0.49741	0.39403	1	0.51857	0.36196	1	0.45534	0.54769	12.91091	1.06645	1	0.72102	0.57241	13.43721	1.06645	1	-0.01103	-0.01163	0.66257	0.00404	1	0.05732	-0.01687	0.67767	0.00385	1	1.45898	0.81042	0	
1232775	8315.73340	3303956932001	0.55029	0.38370	8315.47266	0.26074	10832	1	0.54945	0.41949	1	0.50773	0.34646	1	0.52859	0.38298	1	0.45579	0.54804	13.23525	1.06645	1	0.72109	0.57228	13.43417	1.06645	1	-0.01103	-0.01163	0.66257	0.00403	1	0.05732	-0.01687	0.67767	0.00381	1	1.45898	0.81042	0	AUDIO_FILE_ONSET_LOG
1232776	8315.74023	3303956998660	0.54972	0.38386	8315.47266	0.26758	10832	1	0.54674	0.41386	1	0.50751	0.36721	1	0.52713	0.39053	1	0.45571	0.54769	12.84566	1.06645	1	0.72106	0.57237	13.56584	1.06645	1	-0.01103	-0.01163	0.66257	0.00393	1	0.05732	-0.01687	0.67767	0.00384	1	1.45898	0.81042	0	
1232777	8315.74707	3303957065216	0.54918	0.38402	8315.47266	0.27441	10832	1	0.54674	0.41386	1	0.50751	0.36721	1	0.52713	0.39053	1	0.45569	0.54754	12.88843	1.06645	1	0.72148	0.57187	13.61078	1.06645	1	-0.01103	-0.01163	0.66257	0.00380	1	0.05732	-0.01687	0.67767	0.00394	1	1.45898	0.81042	0	
1232778	8315.75391	3303957132618	0.54902	0.38362	8315.47266	0.28125	10832	1	0.54641	0.39440	1	0.53756	0.33897	1	0.54199	0.36669	1	0.45581	0.54766	13.14566	1.06645	1	0.72151	0.57220	14.01986	1.06645	1	-0.01103	-0.01163	0.66257	0.00387	1	0.05732	-0.01687	0.67767	0.00385	1	1.45898	0.81042	0	
1232779	8315.76074	3303957199766	0.54868	0.38262	8315.47266	0.28809	10832	1	0.54938	0.41036	1	0.51957	0.26898	1	0.53447	0.33967	1	0.45578	0.54758	13.25935	1.06645	1	0.72125	0.57149	14.09788	1.06645	1	-0.01103	-0.01163	0.66257	0.00378	1	0.05732	-0.01687	0.67767	0.00395	1	1.45898	0.81042	0	
1232780	8315.76758	3303957267506	0.54836	0.38174	8315.47266	0.29492	10832	1	0.54938	0.41036	1	0.51898	0.27571	1	0.53418	0.34303	1	0.45575	0.54716	13.36619	1.06645	1	0.72130	0.57164	13.55922	1.05879	1	-0.01103	-0.01158	0.66257	0.00390	1	0.05577	-0.01641	0.65885	0.00393	1	1.45898	0.81042	0	
1232781	8315.77344	3303957332954	0.54792	0.38114	8315.47266	0.30078	10832	1	0.55139	0.36091	1	0.50495	0.34688	1	0.52817	0.35390	1	0.45588	0.54701	13.05844	1.05879	1	0.72106	0.57202	13.22382	1.05113	1	-0.01103	-0.01158	0.66257	0.00396	1	0.05577	-0.01641	0.65885	0.00391	1	1.45898	0.81042	0	
1232782	8315.78027	3303957402598	0.54733	0.38084	8315.47266	0.30762	10832	1	0.51360	0.38070	1	0.52648	0.35413	1	0.52004	0.36741	1	0.45562	0.54702	13.22963	1.05113	1	0.72136	0.57210	13.74365	1.04348	1	-0.01103	-0.01158	0.66257	0.00391	1	0.05577	-0.01641	0.65885	0.00403	1	1.45898	0.81042	0	
1232783	8315.78711	3303957468549	0.54677	0.38076	8315.47266	0.31445	10832	1	0.51541	0.39262	1	0.52580	0.36067	1	0.52060	0.37665	1	0.45570	0.54671	12.91522	1.03546	1	0.72125	0.57187	14.18871	1.03546	1	-0.01089	-0.01138	0.65697	0.00389	1	0.05806	-0.01701	0.68529	0.00405	1	1.45898	0.81042	0	
1232784	8315.79395	3303957534589	0.54595	0.38075	8315.47266	0.32129	10832	1	0.51940	0.36200	1	0.48452	0.42709	1	0.50196	0.39455	1	0.45576	0.54689	12.91581	1.02744	1	0.72114	0.57182	13.97131	1.03510	1	-0.01089	-0.01138	0.65697	0.00382	1	0.05806	-0.01701	0.68529	0.00405	1	1.45898	0.81042	0	
1232785	8315.80078	3303957601189	0.54440	0.38075	8315.47266	0.32812	10832	1	0.52620	0.35688	1	0.46410	0.42702	1	0.49515	0.39195	1	0.45582	0.54678	13.05905	1.02708	1	0.72118	0.57205	14.05425	1.03474	1	-0.01089	-0.01138	0.65697	0.00384	1	0.05806	-0.01701	0.68529	0.00395	1	1.45898	0.81042	0	
1232786	8315.80762	3303957669195	0.54285	0.38099	8315.47266	0.33496	10832	1	0.52699	0.36288	1	0.46389	0.43262	1	0.49544	0.39775	1	0.45580	0.54652	13.04269	1.01960	1	0.72118	0.57164	13.62218	1.02726	1	-0.01060	-0.01108	0.64258	0.00401	1	0.05749	-0.01679	0.67849	0.00401	1	1.45898	0.81042	0	
1232787	8315.81445	3303957736469	0.54183	0.38131	8315.47266	0.34180	10832	1	0.52243	0.35106	1	0.48135	0.41357	1	0.50189	0.38232	1	0.45582	0.54667	13.08392	1.02013	1	0.72137	0.57161	13.80112	1.02013	1	-0.01060	-0.01108	0.64258	0.00398	1	0.05749	-0.01679	0.67849	0.00385	1	1.45898	0.81042	0	
1232788	8315.82031	3303957803110	0.54061	0.38090	8315.47266	0.34766	10832	1	0.52515	0.36640	1	0.46968	0.41892	1	0.49742	0.39266	1	0.45580	0.54652	13.04269	1.01301	1	0.72127	0.57147	13.60275	1.01301	1	-0.01060	-0.01108	0.64258	0.00401	1	0.05749	-0.01679	0.67849	0.00394	1	1.45898	0.81042	0	
1232789	8315.82715	3303957869531	0.51404	0.37441	8315.47266	0.34766	10832	0	0.52428	0.35997	1	0.46995	0.41273	1	0.49711	0.38635	1	0.45572	0.54674	13.02281	1.02103	1	0.72136	0.57163	13.97644	1.02103	1	-0.01139	-0.01191	0.69060	0.00397	1	0.05749	-0.01679	0.67849	0.00425	1	1.45898	0.81042	0	
1232790	8315.83398	3303957936597	0.50600	0.34512	8315.47266	0.34766	10832	0	0.51051	0.26783	1	0.48542	0.36384	1	0.49796	0.31584	1	0.45561	0.54572	12.50657	1.03617	1	0.72151	0.57120	13.84436	1.03617	1	-0.01139	-0.01191	0.69060	0.00418	1	0.05749	-0.01679	0.67849	0.00422	1	1.45898	0.81042	0	
1232791	8315.84082	3303958000341	0.50524	0.34829	8315.47266	0.34766	10832	0	0.52221	0.33386	1	0.48525	0.37537	1	0.50373	0.35462	1	0.45574	0.54697	13.16846	1.05131	1	0.72147	0.57141	14.01295	1.05131	1	-0.01139	-0.01191	0.69060	0.00380	1	0.05749	-0.01679	0.67849	0.00415	1	1.45898	0.81042	0	
1232792	8315.84766	3303958067569	0.50477	0.34921	8315.82715	0.02051	10833	1	0.52145	0.32813	1	0.48523	0.37579	1	0.50334	0.35196	1	0.45553	0.54622	12.66313	1.05844	1	0.72135	0.57177	14.17242	1.05078	1	-0.01089	-0.01144	0.66334	0.00414	1	0.05658	-0.01646	0.66715	0.00393	1	1.45898	0.81042	0	
1232793	8315.85352	3303958134996	0.50292	0.35054	8315.82715	0.02637	10833	1	0.50924	0.33065	1	0.48176	0.38112	1	0.49550	0.35589	1	0.45558	0.54649	12.97823	1.04276	1	0.72147	0.57138	13.45659	1.03510	1	-0.01089	-0.01144	0.66334	0.00402	1	0.05658	-0.01646	0.66715	0.00402	1	1.45898	0.81042	0	
1232794	8315.86035	3303958200542	0.50213	0.35610	8315.82715	0.03320	10833	1	0.52466	0.35391	1	0.47169	0.41384	1	0.49818	0.38387	1	0.45591	0.54659	12.30565	1.02708	1	0.72131	0.57160	13.88932	1.01943	1	-0.01089	-0.01144	0.66334	0.00418	1	0.05658	-0.01646	0.66715	0.00399	1	1.45898	0.81042	0	
1232795	8315.86719	3303958267871	0.50160	0.36093	8315.82715	0.04004	10833	1	0.52549	0.36007	1	0.47142	0.41975	1	0.49846	0.38991	1	0.45615	0.54613	12.58988	1.01943	1	0.72165	0.57115	13.44729	1.01177	1	-0.01128	-0.01190	0.68979	0.00422	1	0.05658	-0.01646	0.66715	0.00410	1	1.45898	0.81042	0	
1232796	8315.87402	3303958335883	0.50231	0.36764	8315.82715	0.04688	10833	1	0.52126	0.39759	1	0.49321	0.43170	1	0.50724	0.41464	1	0.45604	0.54708	12.68000	1.01978	1	0.72168	0.57173	13.64444	1.01978	1	-0.01128	-0.01190	0.68979	0.00385	1	0.05658	-0.01646	0.66715	0.00378	1	1.45898	0.81042	0	
1232797	8315.88086	3303958401931	0.50237	0.36968	8315.82715	0.05371	10833	1	0.51143	0.39407	1	0.49436	0.37791	1	0.50290	0.38599	1	0.45595	0.54724	12.31672	1.02780	1	0.72169	0.57118	13.38718	1.02780	1	-0.01128	-0.01190	0.68979	0.00378	1	0.05658	-0.01646	0.66715	0.00402	1	1.45898	0.81042	0	
1232798	8315.88770	3303958469759	0.50240	0.37068	8315.82715	0.06055	10833	1	0.51048	0.38793	1	0.49481	0.37147	1	0.50264	0.37970	1	0.45616	0.54686	12.36386	1.03582	1	0.72186	0.57072	13.04784	1.03582	1	-0.01128	-0.01190	0.68979	0.00384	1	0.05658	-0.01646	0.66715	0.00412	1	1.45898	0.81042	0	
1232799	8315.89453	3303958537399	0.50450	0.37138	8315.82715	0.06738	10833	1	0.55372	0.38467	1	0.49742	0.37204	1	0.52557	0.37835	1	0.45662	0.54684	13.17137	1.03582	1	0.72174	0.57140	13.72889	1.03582	1	-0.01128	-0.01190	0.68979	0.00375	1	0.05658	-0.01646	0.66715	0.00370	1	1.45898	0.81042	0	
1232800	8315.90039	3303958602592	0.50338	0.37435	8315.82715	0.07324	10833	1	0.50574	0.42656	1	0.47624	0.38738	1	0.49099	0.40697	1	0.45619	0.54649	12.38051	1.03582	1	0.72181	0.57142	13.58767	1.03582	1	-0.01128	-0.01190	0.68979	0.00376	1	0.05658	-0.01646	0.66715	0.00372	1	1.45898	0.81042	0	
1232801	8315.90723	3303958668716	0.50245	0.37732	8315.82715	0.08008	10833	1	0.50673	0.43240	1	0.47593	0.39368	1	0.49133	0.41304	1	0.45670	0.54678	12.80489	1.02780	1	0.72218	0.57167	14.05651	1.02780	1	-0.01066	-0.01126	0.65540	0.00389	1	0.05643	-0.01639	0.66422	0.00384	1	1.45898	0.81042	0	
1232802	8315.91406	3303958737821	0.50297	0.38206	8315.82715	0.08691	10833	1	0.54314	0.46263	1	0.47623	0.42471	1	0.50969	0.44367	1	0.45685	0.54699	13.10631	1.01978	1	0.72219	0.57170	13.96509	1.01978	1	-0.01066	-0.01126	0.65540	0.00379	1	0.05643	-0.01639	0.66422	0.00386	1	1.45898	0.81042	0	
1232803	8315.92090	3303958804131	0.50320	0.38514	8315.82715	0.09375	10833	1	0.53924	0.46618	1	0.47365	0.39040	1	0.50645	0.42829	1	0.45668	0.54693	13.05184	1.01177	1	0.72211	0.57128	13.93358	1.01177	1	-0.01066	-0.01126	0.65540	0.00374	1	0.05643	-0.01639	0.66422	0.00416	1	1.45898	0.81042	0	
1232804	8315.92773	3303958870821	0.50340	0.38784	8315.82715	0.10059	10833	1	0.53924	0.46618	1	0.47365	0.39040	1	0.50645	0.42829	1	0.45664	0.54692	12.65518	1.01177	1	0.72248	0.57129	13.23800	1.01177	1	-0.01099	-0.01171	0.67884	0.00370	1	0.05611	-0.01627	0.65927	0.00422	1	1.45898	0.81042	0	
1232805	8315.93457	3303958938953	0.50410	0.38962	8315.82715	0.10742	10833	1	0.54247	0.43602	1	0.48817	0.40031	1	0.51532	0.41816	1	0.45680	0.54671	12.18475	1.01978	1	0.72238	0.57144	13.66579	1.01978	1	-0.01099	-0.01171	0.67884	0.00376	1	0.05611	-0.01627	0.65927	0.00418	1	1.45898	0.81042	0	
1232806	8315.94043	3303959004270	0.50514	0.39114	8315.82715	0.11328	10833	1	0.55299	0.44269	1	0.49253	0.39107	1	0.52276	0.41688	1	0.45703	0.54678	12.89693	1.02780	1	0.72242	0.57146	13.25647	1.02780	1	-0.01099	-0.01171	0.67884	0.00376	1	0.05611	-0.01627	0.65927	0.00403	1	1.45898	0.81042	0	
1232807	8315.94727	3303959070599	0.50606	0.39217	8315.82715	0.12012	10833	1	0.55231	0.43695	1	0.49297	0.38474	1	0.52264	0.41084	1	0.45701	0.54675	12.70114	1.03582	1	0.72227	0.57178	13.55192	1.03582	1	-0.01091	-0.01173	0.67988	0.00380	1	0.05611	-0.01627	0.65927	0.00378	1	1.45898	0.81042	0	
1232808	8315.95410	3303959138237	0.50665	0.39337	8315.82715	0.12695	10833	1	0.53815	0.43624	1	0.49731	0.39593	1	0.51773	0.41608	1	0.45716	0.54682	12.76384	1.03582	1	0.72250	0.57140	13.39338	1.03582	1	-0.01091	-0.01173	0.67988	0.00377	1	0.05611	-0.01627	0.65927	0.00395	1	1.45898	0.81042	0	
1232809	8315.96094	3303959208360	0.50712	0.39442	8315.82715	0.13379	10833	1	0.53649	0.43779	1	0.49683	0.39310	1	0.51666	0.41544	1	0.45713	0.54679	12.89401	1.03582	1	0.72250	0.57140	13.39338	1.03582	1	-0.01091	-0.01173	0.67988	0.00375	1	0.05611	-0.01627	0.65927	0.00395	1	1.45898	0.81042	0	
1232810	8315.96777	3303959275681	0.50756	0.39538	8315.82715	0.14062	10833	1	0.53649	0.43779	1	0.49683	0.39310	1	0.51666	0.41544	1	0.45693	0.54688	12.31044	1.03582	1	0.72261	0.57112	13.20635	1.03582	1	-0.01101	-0.01178	0.68585	0.00384	1	0.05611	-0.01632	0.65927	0.00395	1	1.45898	0.81042	0	
1232811	8315.97461	3303959342949	0.50791	0.39575	8315.82715	0.14746	10833	1	0.52593	0.42756	1	0.50570	0.38040	1	0.51581	0.40398	1	0.45700	0.54661	12.15912	1.03582	1	0.72265	0.57133	13.31179	1.03582	1	-0.01101	-0.01178	0.68585	0.00376	1	0.05611	-0.01632	0.65927	0.00391	1	1.45898	0.81042	0	
1232812	8315.98145	3303959410817	0.50803	0.39602	8315.82715	0.15430	10833	1	0.51667	0.42692	1	0.50489	0.37746	1	0.51078	0.40219	1	0.45668	0.54663	12.04272	1.03582	1	0.72265	0.57129	13.02032	1.03582	1	-0.01101	-0.01178	0.68585	0.00377	1	0.05611	-0.01632	0.65927	0.00399	1	1.45898	0.81042	0	
1232813	8315.98828	3303959477034	0.50815	0.39651	8315.82715	0.16113	10833	1	0.51759	0.43275	1	0.50436	0.38386	1	0.51098	0.40830	1	0.45711	0.54650	12.83113	1.02780	1	0.72256	0.57136	13.36611	1.02780	1	-0.01051	-0.01131	0.65826	0.00381	1	0.05649	-0.01640	0.66266	0.00388	1	1.45898	0.81042	0	
1232814	8315.99512	3303959543846	0.50846	0.39688	8315.82715	0.16797	10833	1	0.52487	0.43093	1	0.50758	0.38149	1	0.51623	0.40621	1	0.45731	0.54658	12.75759	1.01978	1	0.72270	0.57125	13.09945	1.01978	1	-0.01051	-0.01131	0.65826	0.00375	1	0.05649	-0.01640	0.66266	0.00398	1	1.45898	0.81042	0	
1232815	8316.00195	3303959610215	0.50822	0.39706	8315.82715	0.17480	10833	1	0.52024	0.41238	1	0.48383	0.39072	1	0.50204	0.40155	1	0.45727	0.54617	12.76422	1.01177	1	0.72266	0.57117	13.17220	1.01177	1	-0.01051	-0.01131	0.65826	0.00379	1	0.05649	-0.01640	0.66266	0.00396	1	1.45898	0.81042	0	
1232816	8316.00781	3303959677924	0.50802	0.39733	8315.82715	0.18066	10833	1	0.52116	0.41846	1	0.48381	0.39100	1	0.50248	0.40473	1	0.45725	0.54517	13.00539	1.00375	1	0.72258	0.57112	13.48168	1.01141	1	-0.01062	-0.01133	0.66522	0.00411	1	0.05520	-0.01594	0.64808	0.00389	1	1.45898	0.81042	0	
1232817	8316.01465	3303959744944	0.50811	0.39588	8315.82715	0.18750	10833	1	0.52573	0.39473	1	0.49562	0.31555	1	0.51068	0.35514	1	0.45736	0.54596	13.26014	1.01141	1	0.72240	0.57041	13.33405	1.01907	1	-0.01062	-0.01133	0.66522	0.00384	1	0.05520	-0.01594	0.64808	0.00413	1	1.45898	0.81042	0	
1232818	8316.02148	3303959811492	0.50818	0.39397	8315.82715	0.19434	10833	1	0.52791	0.37275	1	0.49268	0.30458	1	0.51030	0.33866	1	0.45736	0.54595	13.24888	1.01907	1	0.72237	0.57031	13.18389	1.02673	1	-0.01062	-0.01133	0.66522	0.00377	1	0.05520	-0.01594	0.64808	0.00416	1	1.45898	0.81042	0	
1232819	8316.02832	3303959878893	0.50823	0.39218	8315.82715	0.20117	10833	1	0.52710	0.36668	1	0.49231	0.31054	1	0.50970	0.33861	1	0.45745	0.54515	13.33003	1.02673	1	0.72231	0.57083	13.26304	1.01992	1	-0.01051	-0.01115	0.65798	0.00386	1	0.05430	-0.01568	0.63755	0.00393	1	1.45898	0.81042	0	
1232820	8316.03516	3303959946046	0.50815	0.38997	8315.82715	0.20801	10833	1	0.51947	0.24589	1	0.49142	0.39685	1	0.50544	0.32137	1	0.45726	0.54436	12.91525	1.01992	1	0.72244	0.57065	13.21512	1.00545	1	-0.01051	-0.01115	0.65798	0.00412	1	0.05430	-0.01568	0.63755	0.00399	1	1.45898	0.81042	0	
1232821	8316.04199	3303960012381	0.50804	0.38878	8315.82715	0.21484	10833	1	0.53387	0.31997	1	0.47516	0.38168	1	0.50452	0.35082	1	0.45761	0.54530	13.56360	1.00545	1	0.72216	0.57090	13.73042	0.99098	1	-0.01051	-0.01115	0.65798	0.00391	1	0.05430	-0.01568	0.63755	0.00397	1	1.45898	0.81042	0	
1232822	8316.04883	3303960080615	0.50794	0.38783	8315.82715	0.22168	10833	1	0.53453	0.32548	1	0.47491	0.38701	1	0.50472	0.35625	1	0.45729	0.54493	12.77162	0.99900	1	0.72220	0.57078	13.39322	0.98453	1	-0.01087	-0.01159	0.68351	0.00403	1	0.05430	-0.01568	0.63755	0.00398	1	1.45898	0.81042	0	
1232823	8316.05469	3303960146847	0.50766	0.38676	8315.82715	0.22754	10833	1	0.51330	0.31735	1	0.48283	0.38349	1	0.49806	0.35042	1	0.45721	0.54499	12.64682	0.99255	1	0.72230	0.57090	13.39750	0.99255	1	-0.01087	-0.01159	0.68351	0.00409	1	0.05430	-0.01568	0.63755	0.00398	1	1.45898	0.81042	0	
1232824	8316.06152	3303960213816	0.50760	0.38515	8315.82715	0.23438	10833	1	0.52367	0.28545	1	0.48766	0.37234	1	0.50566	0.32890	1	0.45734	0.54474	12.85781	1.00057	1	0.72241	0.57080	13.27157	1.00057	1	-0.01087	-0.01159	0.68351	0.00395	1	0.05430	-0.01568	0.63755	0.00396	1	1.45898	0.81042	0	
1232825	8316.06836	3303960279928	0.50629	0.35598	8315.82715	0.23438	10833	0	0.52278	0.27829	1	0.48842	0.36004	1	0.50560	0.31916	1	0.45729	0.54488	12.89178	1.00858	1	0.72240	0.57067	13.29546	1.01539	1	-0.01087	-0.01159	0.68351	0.00397	1	0.05649	-0.01630	0.66266	0.00405	1	1.45898	0.81042	0	
1232826	8316.07520	3303960348046	0.50379	0.32901	8315.82715	0.23438	10833	0	0.51783	0.26447	1	0.48476	0.33961	1	0.50130	0.30204	1	0.45730	0.54455	13.10029	1.01539	1	0.72229	0.57078	13.34908	1.02220	1	-0.01087	-0.01159	0.68351	0.00411	1	0.05649	-0.01630	0.66266	0.00410	1	1.45898	0.81042	0	
1232827	8316.08203	3303960414759	0.50335	0.32267	8315.82715	0.23438	10833	0	0.53476	0.29495	1	0.47018	0.32504	1	0.50247	0.30999	1	0.45752	0.54528	13.12232	1.02220	1	0.72240	0.57076	13.03251	1.02901	1	-0.01087	-0.01159	0.68351	0.00396	1	0.05649	-0.01630	0.66266	0.00404	1	1.45898	0.81042	0	
1232828	8316.08887	3303960482708	0.50311	0.31723	8316.06836	0.02051	10834	1	0.53408	0.28906	1	0.47067	0.31272	1	0.50237	0.30089	1	0.45746	0.54525	13.08836	1.02901	1	0.72241	0.57094	13.13283	1.04348	1	-0.01087	-0.01159	0.68351	0.00402	1	0.05860	-0.01689	0.68673	0.00404	1	1.45898	0.81042	0	
1232829	8316.09570	3303960549253	0.49993	0.31463	8316.06836	0.02734	10834	1	0.52000	0.28094	1	0.45441	0.32752	1	0.48720	0.30423	1	0.45744	0.54524	13.10940	1.04348	1	0.72222	0.57087	13.44067	1.05113	1	-0.01087	-0.01159	0.68351	0.00400	1	0.05860	-0.01689	0.68673	0.00407	1	1.45898	0.81042	0	
1232830	8316.10156	3303960612713	0.49989	0.31262	8316.06836	0.03320	10834	1	0.52480	0.29869	1	0.47459	0.30653	1	0.49970	0.30261	1	0.45744	0.54528	13.10278	1.05113	1	0.72250	0.57066	12.93587	1.05879	1	-0.01087	-0.01159	0.68351	0.00398	1	0.05860	-0.01689	0.68673	0.00408	1	1.45898	0.81042	0	
1232831	8316.10840	3303960680465	0.49984	0.31170	8316.06836	0.04004	10834	1	0.52484	0.29899	1	0.47430	0.31331	1	0.49957	0.30615	1	0.45738	0.54517	13.09283	1.05078	1	0.72280	0.57043	13.77100	1.05078	1	-0.01050	-0.01124	0.66339	0.00397	1	0.05649	-0.01630	0.66266	0.00415	1	1.45898	0.81042	0	
1232832	8316.11523	3303960745849	0.49897	0.31010	8316.06836	0.04688	10834	1	0.51390	0.27229	1	0.47189	0.32559	1	0.49290	0.29894	1	0.45723	0.54471	12.86118	1.04276	1	0.72276	0.57064	13.78583	1.03510	1	-0.01050	-0.01124	0.66339	0.00434	1	0.05649	-0.01630	0.66266	0.00418	1	1.45898	0.81042	0	
1232833	8316.12207	3303960813255	0.49820	0.31368	8316.06836	0.05371	10834	1	0.52724	0.34234	1	0.45686	0.34230	1	0.49205	0.34232	1	0.45738	0.54552	13.31044	1.02708	1	0.72256	0.57078	14.08134	1.01943	1	-0.01050	-0.01124	0.66339	0.00404	1	0.05649	-0.01630	0.66266	0.00421	1	1.45898	0.81042	0	
1232834	8316.12891	3303960882284	0.49763	0.31686	8316.06836	0.06055	10834	1	0.52805	0.34858	1	0.45686	0.34230	1	0.49246	0.34544	1	0.45731	0.54438	12.56165	1.01943	1	0.72264	0.57060	14.04312	1.01943	1	-0.01080	-0.01163	0.68593	0.00437	1	0.05860	-0.01689	0.68673	0.00412	1	1.45898	0.81042	0	
1232835	8316.13574	3303960950626	0.49615	0.31290	8316.06836	0.06738	10834	1	0.49118	0.23871	1	0.47147	0.30790	1	0.48133	0.27330	1	0.45721	0.54424	12.63827	1.02744	1	0.72284	0.57048	13.76075	1.03510	1	-0.01080	-0.01163	0.68593	0.00446	1	0.05860	-0.01689	0.68673	0.00421	1	1.45898	0.81042	0	
1232836	8316.14258	3303961017760	0.49450	0.31067	8316.06836	0.07422	10834	1	0.49435	0.24254	1	0.45840	0.32979	1	0.47638	0.28616	1	0.45728	0.54422	12.53007	1.04312	1	0.72263	0.57076	14.01337	1.05078	1	-0.01080	-0.01163	0.68593	0.00430	1	0.05860	-0.01689	0.68673	0.00418	1	1.45898	0.81042	0	
1232837	8316.14941	3303961084608	0.49304	0.30774	8316.06836	0.08105	10834	1	0.49231	0.22842	1	0.45875	0.31681	1	0.47553	0.27261	1	0.45817	0.54543	12.99533	1.05879	1	0.72263	0.57090	14.11785	1.06645	1	-0.01080	-0.01163	0.68593	0.00400	1	0.05860	-0.01689	0.68673	0.00415	1	1.45898	0.81042	0	
1232838	8316.15527	3303961151212	0.49389	0.31145	8316.06836	0.08691	10834	1	0.54575	0.37613	1	0.46424	0.34304	1	0.50499	0.35958	1	0.45811	0.54541	13.31215	1.06645	1	0.72270	0.57073	14.14116	1.06645	1	-0.01080	-0.01163	0.68593	0.00388	1	0.05860	-0.01689	0.68673	0.00412	1	1.45898	0.81042	0	
1232839	8316.16211	3303961218730	0.49390	0.31476	8316.06836	0.09375	10834	1	0.52461	0.37140	1	0.46329	0.35083	1	0.49395	0.36112	1	0.45768	0.54530	13.99903	1.06645	1	0.72263	0.57071	14.17385	1.06645	1	-0.01080	-0.01163	0.68593	0.00391	1	0.05860	-0.01689	0.68673	0.00418	1	1.45898	0.81042	0	
1232840	8316.16895	3303961285531	0.49390	0.31766	8316.06836	0.10059	10834	1	0.52461	0.37140	1	0.46329	0.35083	1	0.49395	0.36112	1	0.45807	0.54543	13.27025	1.06645	1	0.72270	0.57055	14.05865	1.06645	1	-0.01080	-0.01163	0.68593	0.00396	1	0.05860	-0.01689	0.68673	0.00424	1	1.45898	0.81042	0	
1232841	8316.17578	3303961352546	0.49488	0.31882	8316.06836	0.10742	10834	1	0.55940	0.34460	1	0.46163	0.33014	1	0.51052	0.33737	1	0.45835	0.54518	13.20992	1.06645	1	0.72265	0.57059	14.11892	1.06645	1	-0.01080	-0.01163	0.68593	0.00397	1	0.05860	-0.01689	0.68673	0.00419	1	1.45898	0.81042	0	
1232842	8316.18262	3303961419779	0.49561	0.31741	8316.06836	0.11426	10834	1	0.54812	0.29465	1	0.46788	0.29237	1	0.50800	0.29351	1	0.45824	0.54474	13.33495	1.06645	1	0.72279	0.57027	14.14517	1.06645	1	-0.01080	-0.01163	0.68593	0.00375	1	0.05860	-0.01689	0.68673	0.00403	1	1.45898	0.81042	0	
1232843	8316.18945	3303961486525	0.49626	0.31615	8316.06836	0.12109	10834	1	0.54812	0.29465	1	0.46788	0.29237	1	0.50800	0.29351	1	0.45824	0.54474	13.33495	1.06645	1	0.72284	0.57018	13.96806	1.06645	1	-0.01079	-0.01157	0.68550	0.00375	1	0.05860	-0.01679	0.68673	0.00406	1	1.45898	0.81042	0	
1232844	8316.19629	3303961553858	0.49680	0.31673	8316.06836	0.12793	10834	1	0.54931	0.30623	1	0.46467	0.34908	1	0.50699	0.32765	1	0.45820	0.54473	13.36259	1.06645	1	0.72269	0.57026	14.01580	1.06645	1	-0.01079	-0.01157	0.68550	0.00375	1	0.05860	-0.01679	0.68673	0.00405	1	1.45898	0.81042	0	
1232845	8316.20215	3303961620589	0.49711	0.31612	8316.06836	0.13379	10834	1	0.53586	0.29786	1	0.47071	0.30993	1	0.50329	0.30390	1	0.45804	0.54458	13.26769	1.06645	1	0.72274	0.56996	13.88864	1.06645	1	-0.01079	-0.01157	0.68550	0.00375	1	0.05860	-0.01679	0.68673	0.00425	1	1.45898	0.81042	0	
1232846	8316.20898	3303961687383	0.49738	0.31571	8316.06836	0.14062	10834	1	0.53586	0.29786	1	0.47046	0.31633	1	0.50316	0.30710	1	0.45782	0.54357	12.76126	1.06645	1	0.72305	0.56813	13.43268	1.05879	1	-0.01079	-0.01146	0.68550	0.00418	1	0.05546	-0.01583	0.64936	0.00427	1	1.45898	0.81042	0	
1232847	8316.21582	3303961754190	0.49751	0.31306	8316.06836	0.14746	10834	1	0.51873	0.24272	1	0.48203	0.26717	1	0.50038	0.25494	1	0.45778	0.54359	12.69018	1.05879	1	0.72298	0.56894	13.49834	1.05113	1	-0.01079	-0.01146	0.68550	0.00416	1	0.05546	-0.01583	0.64936	0.00457	1	1.45898	0.81042	0	
1232848	8316.22266	3303961821317	0.49796	0.31032	8316.06836	0.15430	10834	1	0.53154	0.22192	1	0.48480	0.27255	1	0.50817	0.24723	1	0.45788	0.54350	12.63972	1.05113	1	0.72302	0.56901	13.53405	1.04348	1	-0.01079	-0.01146	0.68550	0.00427	1	0.05546	-0.01583	0.64936	0.00449	1	1.45898	0.81042	0	
1232849	8316.22949	3303961888561	0.49838	0.30794	8316.06836	0.16113	10834	1	0.53230	0.22890	1	0.48480	0.27255	1	0.50855	0.25072	1	0.45800	0.54365	13.16518	1.04348	1	0.72285	0.56999	14.16665	1.04348	1	-0.01080	-0.01142	0.68593	0.00419	1	0.05860	-0.01679	0.68673	0.00418	1	1.45898	0.81042	0	
1232850	8316.23633	3303961955444	0.49855	0.30783	8316.06836	0.16797	10834	1	0.53640	0.30379	1	0.46926	0.30635	1	0.50283	0.30507	1	0.45793	0.54416	13.09296	1.04348	1	0.72284	0.56979	14.12990	1.05113	1	-0.01080	-0.01142	0.68593	0.00411	1	0.05860	-0.01679	0.68673	0.00430	1	1.45898	0.81042	0	
1232851	8316.24316	3303962022320	0.49878	0.30613	8316.06836	0.17480	10834	1	0.52490	0.24285	1	0.48464	0.28127	1	0.50477	0.26206	1	0.45779	0.54355	12.57814	1.05113	1	0.72303	0.56927	13.74701	1.05879	1	-0.01080	-0.01142	0.68593	0.00412	1	0.05860	-0.01679	0.68673	0.00452	1	1.45898	0.81042	0	
1232852	8316.24902	3303962088418	0.49899	0.30432	8316.06836	0.18066	10834	1	0.52410	0.23602	1	0.48499	0.27461	1	0.50455	0.25531	1	0.45790	0.54380	12.62624	1.05879	1	0.72298	0.56908	13.62160	1.06645	1	-0.01079	-0.01146	0.68550	0.00417	1	0.05860	-0.01679	0.68673	0.00454	1	1.45898	0.81042	0	
1232853	8316.25586	3303962156023	0.49938	0.30371	8316.06836	0.18750	10834	1	0.53609	0.27691	1	0.48478	0.29684	1	0.51043	0.28687	1	0.45806	0.54410	13.15261	1.06645	1	0.72298	0.56936	13.78238	1.06645	1	-0.01079	-0.01146	0.68550	0.00418	1	0.05860	-0.01679	0.68673	0.00449	1	1.45898	0.81042	0	
1232854	8316.26270	3303962223409	0.49963	0.30339	8316.06836	0.19434	10834	1	0.54587	0.25479	1	0.46793	0.33330	1	0.50690	0.29404	1	0.45819	0.54411	13.12583	1.06645	1	0.72280	0.56999	14.01904	1.06645	1	-0.01079	-0.01146	0.68550	0.00418	1	0.05860	-0.01679	0.68673	0.00419	1	1.45898	0.81042	0	
1232855	8316.26953	3303962290323	0.49987	0.30309	8316.06836	0.20117	10834	1	0.54587	0.25479	1	0.46793	0.33330	1	0.50690	0.29404	1	0.45790	0.54374	12.61270	1.06645	1	0.72286	0.56943	13.89894	1.06645	1	-0.01080	-0.01152	0.68593	0.00422	1	0.05860	-0.01679	0.68673	0.00443	1	1.45898	0.81042	0	
1232856	8316.27637	3303962357281	0.50485	0.27708	8316.06836	0.20117	10834	0	0.52023	0.21796	1	0.47627	0.30937	1	0.49825	0.26367	1	0.45785	0.54351	12.60192	1.06645	1	0.72293	0.56976	13.69577	1.06645	1	-0.01080	-0.01152	0.68593	0.00428	1	0.05860	-0.01679	0.68673	0.00427	1	1.45898	0.81042	0	
1232857	8316.28320	3303962424217	0.50627	0.27278	8316.06836	0.20117	10834	0	0.53321	0.28375	1	0.48216	0.25321	1	0.50769	0.26848	1	0.45789	0.54442	12.83065	1.06645	1	0.72293	0.56900	13.68682	1.06645	1	-0.01080	-0.01152	0.68593	0.00393	1	0.05860	-0.01679	0.68673	0.00442	1	1.45898	0.81042	0	
1232858	8316.28906	3303962488757	0.50674	0.27135	8316.06836	0.20117	10834	0	0.53321	0.28375	1	0.48216	0.25321	1	0.50769	0.26848	1	0.45796	0.54439	12.79508	1.06645	1	0.72279	0.57029	13.99346	1.06645	1	-0.01080	-0.01152	0.68593	0.00389	1	0.05860	-0.01679	0.68673	0.00428	1	1.45898	0.81042	0	
1232859	8316.29590	3303962557781	0.50082	0.28015	8316.27637	0.01953	10835	1	0.50720	0.25328	1	0.45893	0.35988	1	0.48307	0.30658	1	0.45770	0.54416	13.00885	1.06645	1	0.72266	0.57053	14.17826	1.06645	1	-0.01080	-0.01152	0.68593	0.00387	1	0.05860	-0.01679	0.68673	0.00422	1	1.45898	0.81042	0	
1232860	8316.30273	3303962625357	0.50023	0.28670	8316.27637	0.02637	10835	1	0.52367	0.30354	1	0.47211	0.32226	1	0.49789	0.31290	1	0.45789	0.54454	12.98311	1.06645	1	0.72276	0.57059	14.20256	1.06645	1	-0.01080	-0.01152	0.68593	0.00387	1	0.05860	-0.01679	0.68673	0.00419	1	1.45898	0.81042	0	
1232861	8316.30957	3303962688986	0.49984	0.29107	8316.27637	0.03320	10835	1	0.52367	0.30354	1	0.47211	0.32226	1	0.49789	0.31290	1	0.45741	0.54441	12.62668	1.06645	1	0.72273	0.57051	14.18611	1.06645	1	-0.01080	-0.01152	0.68593	0.00384	1	0.05860	-0.01679	0.68673	0.00406	1	1.45898	0.81042	0	
1232862	8316.31641	3303962755401	0.49925	0.29519	8316.27637	0.04004	10835	1	0.50466	0.31229	1	0.48676	0.32746	1	0.49571	0.31988	1	0.45755	0.54453	13.16504	1.06645	1	0.72266	0.57055	14.13636	1.06645	1	-0.01080	-0.01152	0.68593	0.00397	1	0.05860	-0.01679	0.68673	0.00403	1	1.45898	0.81042	0	
1232863	8316.32324	3303962823547	0.50140	0.29930	8316.27637	0.04688	10835	1	0.54522	0.34866	1	0.48767	0.30751	1	0.51645	0.32809	1	0.45805	0.54506	13.24460	1.06645	1	0.72269	0.57033	14.01351	1.06645	1	-0.01080	-0.01152	0.68593	0.00393	1	0.05860	-0.01679	0.68673	0.00405	1	1.45898	0.81042	0	
1232864	8316.32910	3303962888822	0.50309	0.30322	8316.27637	0.05273	10835	1	0.54592	0.35490	1	0.48728	0.31424	1	0.51660	0.33457	1	0.45732	0.54512	13.30503	1.05844	1	0.72211	0.57067	13.05951	1.05844	1	-0.01050	-0.01115	0.66339	0.00386	1	0.05860	-0.01679	0.68673	0.00420	1	1.45898	0.81042	0	
1232865	8316.33594	3303962953188	0.50336	0.30163	8316.27637	0.05957	10835	1	0.52437	0.28939	1	0.48724	0.28532	1	0.50580	0.28735	1	0.45746	0.54477	13.42158	1.05042	1	0.72229	0.57041	13.02484	1.05042	1	-0.01050	-0.01115	0.66339	0.00383	1	0.05860	-0.01679	0.68673	0.00417	1	1.45898	0.81042	0	
1232866	8316.34277	3303963023886	0.50299	0.30231	8316.27637	0.06641	10835	1	0.52428	0.29805	1	0.47430	0.32015	1	0.49929	0.30910	1	0.45738	0.54478	12.89937	1.04240	1	0.72211	0.57067	13.05951	1.04240	1	-0.01050	-0.01115	0.66339	0.00393	1	0.05860	-0.01679	0.68673	0.00420	1	1.45898	0.81042	0	
1232867	8316.34961	3303963090826	0.50268	0.30395	8316.27637	0.07324	10835	1	0.52514	0.30483	1	0.47347	0.33916	1	0.49930	0.32199	1	0.45728	0.54517	13.35223	1.03439	1	0.72204	0.57075	13.64155	1.01992	1	-0.01026	-0.01094	0.64828	0.00387	1	0.05430	-0.01559	0.63756	0.00401	1	1.45898	0.81042	0	
1232868	8316.35645	3303963158898	0.50201	0.30525	8316.27637	0.08008	10835	1	0.51195	0.32274	1	0.47596	0.31884	1	0.49395	0.32079	1	0.45713	0.54460	13.06140	1.01992	1	0.72210	0.57042	14.03936	1.00545	1	-0.01026	-0.01094	0.64828	0.00406	1	0.05430	-0.01559	0.63756	0.00404	1	1.45898	0.81042	0	
1232869	8316.36328	3303963223477	0.50152	0.30491	8316.27637	0.08691	10835	1	0.51424	0.28704	1	0.47585	0.31394	1	0.49505	0.30049	1	0.45717	0.54428	12.97916	1.00545	1	0.72211	0.57008	13.20680	0.99098	1	-0.01026	-0.01094	0.64828	0.00409	1	0.05430	-0.01559	0.63756	0.00413	1	1.45898	0.81042	0	
1232870	8316.37012	3303963291515	0.50111	0.30479	8316.27637	0.09375	10835	1	0.51501	0.29277	1	0.47587	0.31362	1	0.49544	0.30320	1	0.45745	0.54502	13.10408	0.99900	1	0.72225	0.56999	13.24117	0.99134	1	-0.01087	-0.01159	0.68351	0.00380	1	0.05611	-0.01612	0.65927	0.00415	1	1.45898	0.81042	0	
1232871	8316.37695	3303963362114	0.50124	0.30373	8316.27637	0.10059	10835	1	0.51355	0.27253	1	0.49297	0.30302	1	0.50326	0.28778	1	0.45722	0.54431	12.80884	0.99936	1	0.72246	0.56963	12.74876	1.00617	1	-0.01087	-0.01159	0.68351	0.00407	1	0.05611	-0.01612	0.65927	0.00423	1	1.45898	0.81042	0	
1232872	8316.38379	3303963429139	0.50166	0.30244	8316.27637	0.10742	10835	1	0.51966	0.25966	1	0.49695	0.30401	1	0.50830	0.28183	1	0.45735	0.54426	12.86437	1.01418	1	0.72248	0.56992	12.96496	1.02099	1	-0.01087	-0.01159	0.68351	0.00414	1	0.05611	-0.01612	0.65927	0.00409	1	1.45898	0.81042	0	
1232873	8316.38965	3303963494615	0.50202	0.30096	8316.27637	0.11328	10835	1	0.51889	0.25347	1	0.49735	0.29801	1	0.50812	0.27574	1	0.45728	0.54412	12.89032	1.02099	1	0.72248	0.57033	13.22618	1.02780	1	-0.01051	-0.01115	0.65798	0.00424	1	0.05567	-0.01604	0.65413	0.00407	1	1.45898	0.81042	0	
1232874	8316.39648	3303963562945	0.50243	0.30181	8316.27637	0.12012	10835	1	0.52678	0.32638	1	0.49274	0.30789	1	0.50976	0.31713	1	0.45743	0.54530	13.16219	1.01978	1	0.72243	0.56981	12.91899	1.01978	1	-0.01051	-0.01115	0.65798	0.00387	1	0.05567	-0.01604	0.65413	0.00419	1	1.45898	0.81042	0	
1232875	8316.40332	3303963629951	0.50300	0.30267	8316.27637	0.12695	10835	1	0.52141	0.27267	1	0.50629	0.36533	1	0.51385	0.31900	1	0.45730	0.54458	12.96023	1.01177	1	0.72266	0.57048	12.92304	1.01177	1	-0.01051	-0.01115	0.65798	0.00409	1	0.05567	-0.01604	0.65413	0.00408	1	1.45898	0.81042	0	
1232876	8316.41016	3303963696914	0.50352	0.30378	8316.27637	0.13379	10835	1	0.52231	0.27986	1	0.50574	0.37197	1	0.51402	0.32592	1	0.45744	0.54513	13.20289	1.00375	1	0.72242	0.57055	13.39585	1.00375	1	-0.01051	-0.01115	0.65798	0.00391	1	0.05611	-0.01622	0.65927	0.00400	1	1.45898	0.81042	0	
1232877	8316.41699	3303963763894	0.50395	0.30490	8316.27637	0.14062	10835	1	0.53128	0.32166	1	0.49438	0.33531	1	0.51283	0.32849	1	0.45746	0.54503	13.01404	1.00375	1	0.72251	0.57052	13.35428	1.00375	1	-0.01051	-0.01115	0.65798	0.00395	1	0.05611	-0.01622	0.65927	0.00409	1	1.45898	0.81042	0	
1232878	8316.42383	3303963830875	0.50433	0.30572	8316.27637	0.14746	10835	1	0.53257	0.31874	1	0.49282	0.32864	1	0.51269	0.32369	1	0.45747	0.54492	12.99771	1.00375	1	0.72248	0.57046	13.17524	1.00375	1	-0.01051	-0.01115	0.65798	0.00392	1	0.05611	-0.01622	0.65927	0.00411	1	1.45898	0.81042	0	
1232879	8316.43066	3303963897678	0.50467	0.30646	8316.27637	0.15430	10835	1	0.53257	0.31874	1	0.49282	0.32864	1	0.51269	0.32369	1	0.45742	0.54482	12.97555	1.00375	1	0.72239	0.57056	13.51421	1.00375	1	-0.01050	-0.01124	0.66339	0.00396	1	0.05611	-0.01622	0.65927	0.00398	1	1.45898	0.81042	0	
1232880	8316.43750	3303963965354	0.50500	0.30676	8316.27637	0.16113	10835	1	0.53821	0.33932	1	0.48758	0.28833	1	0.51290	0.31383	1	0.45767	0.54527	13.44864	1.00375	1	0.72234	0.57013	13.12275	1.00375	1	-0.01050	-0.01124	0.66339	0.00393	1	0.05611	-0.01622	0.65927	0.00411	1	1.45898	0.81042	0	
1232881	8316.44336	3303964032264	0.50516	0.30730	8316.27637	0.16699	10835	1	0.52641	0.31195	1	0.49171	0.32946	1	0.50906	0.32071	1	0.45741	0.54498	12.98647	1.00375	1	0.72246	0.57057	13.14370	1.00375	1	-0.01050	-0.01124	0.66339	0.00402	1	0.05611	-0.01622	0.65927	0.00397	1	1.45898	0.81042	0	
1232882	8316.45020	3303964098808	0.50530	0.30779	8316.27637	0.17383	10835	1	0.52641	0.31195	1	0.49171	0.32946	1	0.50906	0.32071	1	0.45760	0.54528	13.46405	1.00375	1	0.72272	0.57063	12.98845	1.00375	1	-0.01050	-0.01124	0.66339	0.00392	1	0.05611	-0.01622	0.65927	0.00398	1	1.45898	0.81042	0	
1232883	8316.45703	3303964165939	0.50543	0.30886	8316.27637	0.18066	10835	1	0.51519	0.33051	1	0.50250	0.34484	1	0.50884	0.33767	1	0.45753	0.54510	12.83362	1.00375	1	0.72263	0.57069	13.28957	1.00375	1	-0.01050	-0.01124	0.66339	0.00396	1	0.05611	-0.01622	0.65927	0.00393	1	1.45898	0.81042	0	
1232884	8316.46387	3303964232325	0.50594	0.30911	8316.27637	0.18750	10835	1	0.53671	0.31679	1	0.50362	0.31546	1	0.52016	0.31613	1	0.45754	0.54517	13.36929	1.00375	1	0.72259	0.57041	12.90639	1.00375	1	-0.01050	-0.01124	0.66339	0.00394	1	0.05611	-0.01622	0.65927	0.00406	1	1.45898	0.81042	0	
1232885	8316.47070	3303964299495	0.50641	0.30911	8316.27637	0.19434	10835	1	0.53590	0.30990	1	0.50415	0.30837	1	0.52003	0.30913	1	0.45752	0.54472	11.80716	1.01177	1	0.72224	0.57059	13.20667	1.01177	1	-0.01080	-0.01163	0.68593	0.00410	1	0.05611	-0.01622	0.65927	0.00411	1	1.45898	0.81042	0	
1232886	8316.47754	3303964366700	0.50589	0.30863	8316.27637	0.20117	10835	1	0.50972	0.21786	1	0.47084	0.37040	1	0.49028	0.29413	1	0.45758	0.54400	11.75089	1.01978	1	0.72196	0.57097	13.69232	1.01978	1	-0.01080	-0.01163	0.68593	0.00436	1	0.05611	-0.01622	0.65927	0.00412	1	1.45898	0.81042	0	
1232887	8316.48340	3303964433680	0.50539	0.30924	8316.27637	0.20703	10835	1	0.51494	0.29826	1	0.46509	0.35820	1	0.49002	0.32823	1	0.45765	0.54481	11.81368	1.02780	1	0.72188	0.57111	13.75464	1.02780	1	-0.01080	-0.01163	0.68593	0.00409	1	0.05611	-0.01622	0.65927	0.00420	1	1.45898	0.81042	0	
1232888	8316.49023	3303964500257	0.50492	0.30952	8316.27637	0.21387	10835	1	0.51401	0.29138	1	0.46554	0.34535	1	0.48978	0.31837	1	0.45761	0.54476	11.92964	1.03582	1	0.72231	0.57080	13.46059	1.04348	1	-0.01080	-0.01163	0.68593	0.00420	1	0.05860	-0.01689	0.68673	0.00411	1	1.45898	0.81042	0	
1232889	8316.49707	3303964567297	0.50404	0.31002	8316.27637	0.22070	10835	1	0.51679	0.32407	1	0.43301	0.32945	1	0.47490	0.32676	1	0.45765	0.54543	11.85724	1.04348	1	0.72216	0.57091	13.06987	1.05113	1	-0.01080	-0.01163	0.68593	0.00409	1	0.05860	-0.01689	0.68673	0.00417	1	1.45898	0.81042	0	
1232890	8316.50391	3303964634648	0.50319	0.31011	8316.27637	0.22754	10835	1	0.52596	0.30793	1	0.42309	0.31785	1	0.47453	0.31289	1	0.45780	0.54549	12.25865	1.05113	1	0.72205	0.57101	13.21846	1.05879	1	-0.01080	-0.01163	0.68593	0.00393	1	0.05860	-0.01689	0.68673	0.00421	1	1.45898	0.81042	0	
1232891	8316.51074	3303964701761	0.50238	0.31001	8316.27637	0.23438	10835	1	0.52516	0.30158	1	0.42302	0.31149	1	0.47409	0.30653	1	0.45771	0.54545	12.47836	1.05879	1	0.72248	0.57063	13.80458	1.06645	1	-0.01080	-0.01163	0.68593	0.00388	1	0.05860	-0.01689	0.68673	0.00404	1	1.45898	0.81042	0	
1232892	8316.51758	3303964768526	0.50131	0.30982	8316.27637	0.24121	10835	1	0.48981	0.29086	1	0.43520	0.31566	1	0.46250	0.30326	1	0.45766	0.54543	12.33372	1.06645	1	0.72222	0.57105	13.26539	1.06645	1	-0.01080	-0.01163	0.68593	0.00393	1	0.05860	-0.01689	0.68673	0.00416	1	1.45898	0.81042	0	
1232893	8316.52344	3303964831449	0.50081	0.30941	8316.27637	0.24707	10835	1	0.50975	0.26663	1	0.45536	0.32128	1	0.48255	0.29396	1	0.45802	0.54510	12.98194	1.06645	1	0.72249	0.57099	14.13719	1.06645	1	-0.01080	-0.01163	0.68593	0.00392	1	0.05860	-0.01689	0.68673	0.00411	1	1.45898	0.81042	0	
1232894	8316.53027	3303964898047	0.50035	0.30926	8316.27637	0.25391	10835	1	0.51068	0.27350	1	0.45506	0.33420	1	0.48287	0.30385	1	0.45842	0.54542	13.32987	1.05844	1	0.72320	0.57089	13.04757	1.05078	1	-0.01020	-0.01114	0.65709	0.00393	1	0.05652	-0.01628	0.66177	0.00404	1	1.45898	0.81042	0	
1232895	8316.53711	3303964968984	0.50053	0.30938	8316.27637	0.26074	10835	1	0.52676	0.28241	1	0.48774	0.34526	1	0.50725	0.31384	1	0.45819	0.54511	12.84399	1.04276	1	0.72313	0.57088	13.09206	1.03510	1	-0.01020	-0.01114	0.65709	0.00396	1	0.05652	-0.01628	0.66177	0.00400	1	1.45898	0.81042	0	
1232896	8316.54395	3303965036493	0.50070	0.30976	8316.27637	0.26758	10835	1	0.53579	0.30551	1	0.47971	0.34468	1	0.50775	0.32510	1	0.45827	0.54511	12.73403	1.02708	1	0.72302	0.57081	13.46049	1.01943	1	-0.01020	-0.01114	0.65709	0.00401	1	0.05652	-0.01628	0.66177	0.00400	1	1.45898	0.81042	0	
1232897	8316.55078	3303965103663	0.50088	0.31044	8316.27637	0.27441	10835	1	0.53733	0.31885	1	0.47904	0.35786	1	0.50818	0.33836	1	0.45867	0.54515	12.51641	1.01141	1	0.72326	0.57003	12.82771	1.00375	1	-0.01020	-0.01114	0.65709	0.00402	1	0.05652	-0.01628	0.66177	0.00435	1	1.45898	0.81042	0	
1232898	8316.55762	3303965170542	0.50093	0.31053	8316.27637	0.28125	10835	1	0.51197	0.31346	1	0.49430	0.31468	1	0.50314	0.31407	1	0.45839	0.54499	12.05360	1.00375	1	0.72319	0.57023	12.94983	1.00375	1	-0.01020	-0.01114	0.65709	0.00405	1	0.05652	-0.01628	0.66177	0.00425	1	1.45898	0.81042	0	
1232899	8316.56445	3303965237078	0.50103	0.31032	8316.27637	0.28809	10835	1	0.51958	0.29471	1	0.49107	0.30818	1	0.50533	0.30144	1	0.45849	0.54484	12.02515	1.00375	1	0.72322	0.57010	12.65580	1.00375	1	-0.01020	-0.01114	0.65709	0.00411	1	0.05652	-0.01628	0.66177	0.00429	1	1.45898	0.81042	0	
1232900	8316.57129	3303965303805	0.50112	0.31003	8316.27637	0.29492	10835	1	0.51866	0.28764	1	0.49114	0.30710	1	0.50490	0.29737	1	0.45861	0.54544	12.17905	1.01177	1	0.72307	0.57032	12.91877	1.00496	1	-0.01049	-0.01151	0.67925	0.00393	1	0.05462	-0.01577	0.63901	0.00421	1	1.45898	0.81042	0	
1232901	8316.57715	3303965371463	0.50118	0.31031	8316.27637	0.30078	10835	1	0.52992	0.34578	1	0.47846	0.29948	1	0.50419	0.32263	1	0.45865	0.54555	12.55213	1.01297	1	0.72334	0.57004	12.75652	1.00617	1	-0.01049	-0.01151	0.67925	0.00391	1	0.05462	-0.01577	0.63901	0.00431	1	1.45898	0.81042	0	
1232902	8316.58398	3303965438027	0.50124	0.31019	8316.27637	0.30762	10835	1	0.52971	0.33885	1	0.47762	0.27077	1	0.50367	0.30481	1	0.45865	0.54555	12.55213	1.01418	1	0.72329	0.56969	12.42524	1.00737	1	-0.01049	-0.01151	0.67925	0.00391	1	0.05462	-0.01577	0.63901	0.00440	1	1.45898	0.81042	0	
1232903	8316.59082	3303965505542	0.50130	0.31006	8316.27637	0.31445	10835	1	0.53043	0.34449	1	0.47794	0.26369	1	0.50418	0.30409	1	0.45889	0.54547	13.05796	1.00737	1	0.72308	0.57064	13.20850	1.01503	1	-0.01005	-0.01108	0.65371	0.00389	1	0.05871	-0.01692	0.68561	0.00423	1	1.45898	0.81042	0	
1232904	8316.59766	3303965572081	0.50090	0.31166	8316.27637	0.32129	10835	1	0.52292	0.34269	1	0.44889	0.36476	1	0.48590	0.35372	1	0.45889	0.54551	13.02058	1.00702	1	0.72323	0.57113	13.74174	1.02148	1	-0.01005	-0.01108	0.65371	0.00381	1	0.05871	-0.01692	0.68561	0.00405	1	1.45898	0.81042	0	
1232905	8316.60449	3303965639514	0.50065	0.31312	8316.27637	0.32812	10835	1	0.52383	0.35391	1	0.46684	0.32353	1	0.49533	0.33872	1	0.45894	0.54541	13.03749	1.01347	1	0.72353	0.57053	12.64410	1.02794	1	-0.01005	-0.01108	0.65371	0.00394	1	0.05871	-0.01692	0.68561	0.00442	1	1.45898	0.81042	0	
1232906	8316.61133	3303965706480	0.50038	0.31454	8316.27637	0.33496	10835	1	0.52312	0.34865	1	0.46680	0.32456	1	0.49496	0.33661	1	0.45909	0.54526	12.85755	1.01992	1	0.72380	0.57069	13.17408	1.02673	1	-0.01004	-0.01118	0.65930	0.00400	1	0.05601	-0.01612	0.65349	0.00434	1	1.45898	0.81042	0	
1232907	8316.61816	3303965773266	0.50097	0.31481	8316.27637	0.34180	10835	1	0.53019	0.30770	1	0.49286	0.33138	1	0.51153	0.31954	1	0.45909	0.54516	13.29212	1.02673	1	0.72396	0.57048	13.19520	1.01907	1	-0.01004	-0.01118	0.65930	0.00395	1	0.05601	-0.01612	0.65349	0.00423	1	1.45898	0.81042	0	
1232908	8316.62500	3303965840453	0.50094	0.31472	8316.27637	0.34863	10835	1	0.49826	0.29972	1	0.49420	0.31718	1	0.49623	0.30845	1	0.45889	0.54483	12.47744	1.01907	1	0.72396	0.57050	13.12901	1.01141	1	-0.01004	-0.01118	0.65930	0.00406	1	0.05601	-0.01612	0.65349	0.00421	1	1.45898	0.81042	0	
1232909	8316.63086	3303965907251	0.50091	0.31462	8316.27637	0.35449	10835	1	0.49821	0.29941	1	0.49422	0.31687	1	0.49622	0.30814	1	0.45926	0.54474	11.81656	1.01943	1	0.72378	0.57101	13.50519	1.01177	1	-0.01028	-0.01150	0.67860	0.00405	1	0.05601	-0.01612	0.65349	0.00397	1	1.45898	0.81042	0	
1232910	8316.63770	3303965974297	0.50106	0.31430	8316.27637	0.36133	10835	1	0.52043	0.30535	1	0.48533	0.30371	1	0.50288	0.30453	1	0.45928	0.54508	12.35524	1.01978	1	0.72386	0.57038	12.86464	1.01978	1	-0.01028	-0.01150	0.67860	0.00397	1	0.05601	-0.01612	0.65349	0.00420	1	1.45898	0.81042	0	
1232911	8316.64453	3303966041377	0.50087	0.31409	8316.27637	0.36816	10835	1	0.52529	0.33565	1	0.48962	0.30080	1	0.50746	0.31823	1	0.45932	0.54553	12.20549	1.02780	1	0.72387	0.57026	13.19209	1.02780	1	-0.01028	-0.01150	0.67860	0.00398	1	0.05601	-0.01612	0.65349	0.00429	1	1.45898	0.81042	0	
1232912	8316.65137	3303966106505	0.50068	0.31368	8316.27637	0.37500	10835	1	0.52529	0.33565	1	0.49002	0.29408	1	0.50766	0.31487	1	0.45981	0.54554	13.12684	1.02780	1	0.72408	0.56994	12.91758	1.03546	1	-0.00998	-0.01122	0.66196	0.00403	1	0.05784	-0.01661	0.67308	0.00437	1	1.45898	0.81042	0	
1232913	8316.65820	3303966174848	0.50076	0.31418	8316.27637	0.38184	10835	1	0.55014	0.33142	1	0.46871	0.29090	1	0.50942	0.31116	1	0.45980	0.54552	13.13892	1.02744	1	0.72398	0.57023	13.08797	1.03510	1	-0.00998	-0.01122	0.66196	0.00397	1	0.05784	-0.01661	0.67308	0.00432	1	1.45898	0.81042	0	
1232914	8316.66504	3303966241132	0.50066	0.31379	8316.27637	0.38867	10835	1	0.53236	0.27405	1	0.45717	0.30645	1	0.49477	0.29025	1	0.45956	0.54467	12.87579	1.02708	1	0.72415	0.57052	12.76937	1.03474	1	-0.00998	-0.01122	0.66196	0.00419	1	0.05784	-0.01661	0.67308	0.00420	1	1.45898	0.81042	0	
1232915	8316.67188	3303966309288	0.50057	0.31313	8316.27637	0.39551	10835	1	0.53240	0.27437	1	0.45716	0.30676	1	0.49478	0.29056	1	0.45965	0.54455	12.79877	1.02673	1	0.72433	0.57053	13.32181	1.03439	1	-0.00988	-0.01123	0.66241	0.00422	1	0.05784	-0.01661	0.67308	0.00423	1	1.45898	0.81042	0	
1232916	8316.67773	3303966376128	0.50073	0.31298	8316.27637	0.40137	10835	1	0.52283	0.29605	1	0.48024	0.33057	1	0.50154	0.31331	1	0.45972	0.54509	13.26617	1.03439	1	0.72454	0.57071	13.57397	1.03439	1	-0.00988	-0.01123	0.66241	0.00390	1	0.05784	-0.01661	0.67308	0.00430	1	1.45898	0.81042	0	
1232917	8316.68457	3303966444131	0.50084	0.31293	8316.27637	0.40820	10835	1	0.51122	0.25297	1	0.48944	0.34354	1	0.50033	0.29825	1	0.45963	0.54441	12.78157	1.03439	1	0.72471	0.57082	12.92291	1.03439	1	-0.00988	-0.01123	0.66241	0.00423	1	0.05784	-0.01661	0.67308	0.00428	1	1.45898	0.81042	0	
1232918	8316.69141	3303966510174	0.50093	0.31289	8316.27637	0.41504	10835	1	0.51122	0.25297	1	0.48905	0.34990	1	0.50014	0.30143	1	0.46011	0.54478	12.36278	1.03439	1	0.72475	0.57087	13.20788	1.02673	1	-0.00988	-0.01123	0.66241	0.00416	1	0.05654	-0.01622	0.65743	0.00406	1	1.45898	0.81042	0	
1232919	8316.69824	3303966577387	0.50092	0.31368	8316.27637	0.42188	10835	1	0.51230	0.28156	1	0.49304	0.36934	1	0.50267	0.32545	1	0.46002	0.54470	11.86145	1.02673	1	0.72479	0.57098	13.50754	1.01907	1	-0.00988	-0.01123	0.66241	0.00411	1	0.05654	-0.01622	0.65743	0.00402	1	1.45898	0.81042	0	
1232920	8316.70508	3303966643692	0.50075	0.31473	8316.27637	0.42871	10835	1	0.51056	0.28049	1	0.48912	0.38451	1	0.49984	0.33250	1	0.45987	0.54484	11.92308	1.01907	1	0.72472	0.57109	13.67139	1.01141	1	-0.00988	-0.01123	0.66241	0.00407	1	0.05654	-0.01622	0.65743	0.00396	1	1.45898	0.81042	0	
1232921	8316.71094	3303966706528	0.50057	0.31591	8316.27637	0.43457	10835	1	0.51052	0.28018	1	0.48914	0.38422	1	0.49983	0.33220	1	0.45981	0.54438	11.80032	1.01943	1	0.72479	0.57049	13.15288	1.01177	1	-0.01014	-0.01158	0.68317	0.00423	1	0.05654	-0.01622	0.65743	0.00417	1	1.45898	0.81042	0	
1232922	8316.71777	3303966775102	0.50032	0.31559	8316.27637	0.44141	10835	1	0.50318	0.28151	1	0.49185	0.32193	1	0.49752	0.30172	1	0.45974	0.54466	12.12237	1.01978	1	0.72475	0.57063	13.33841	1.01978	1	-0.01014	-0.01158	0.68317	0.00423	1	0.05654	-0.01622	0.65743	0.00414	1	1.45898	0.81042	0	
1232923	8316.72461	3303966841928	0.49992	0.31479	8316.27637	0.44824	10835	1	0.50459	0.25618	1	0.48524	0.30500	1	0.49491	0.28059	1	0.45982	0.54445	11.84936	1.02780	1	0.72463	0.57059	13.47914	1.02780	1	-0.01014	-0.01158	0.68317	0.00430	1	0.05654	-0.01622	0.65743	0.00415	1	1.45898	0.81042	0	
1232924	8316.73145	3303966909595	0.49952	0.31370	8316.27637	0.45508	10835	1	0.50360	0.24897	1	0.48562	0.29800	1	0.49461	0.27349	1	0.46029	0.54445	12.35177	1.03582	1	0.72469	0.57054	13.07206	1.03582	1	-0.01014	-0.01158	0.68317	0.00421	1	0.05609	-0.01606	0.65104	0.00415	1	1.45898	0.81042	0	
1232925	8316.73828	3303966974728	0.49946	0.31240	8316.27637	0.46191	10835	1	0.52455	0.23597	1	0.49500	0.29692	1	0.50978	0.26644	1	0.46025	0.54442	12.60693	1.03582	1	0.72472	0.57046	13.15439	1.03582	1	-0.01014	-0.01158	0.68317	0.00423	1	0.05609	-0.01606	0.65104	0.00420	1	1.45898	0.81042	0	
1232926	8316.74414	3303967039192	0.49939	0.31060	8316.27637	0.46777	10835	1	0.52494	0.18378	1	0.49405	0.29043	1	0.50950	0.23711	1	0.46021	0.54360	12.40037	1.03582	1	0.72477	0.57031	13.11994	1.03582	1	-0.01014	-0.01158	0.68317	0.00450	1	0.05609	-0.01606	0.65104	0.00416	1	1.45898	0.81042	0	
1232927	8316.75195	3303967110175	0.49933	0.30888	8316.27637	0.47559	10835	1	0.52580	0.19149	1	0.49403	0.29075	1	0.50991	0.24112	1	0.46039	0.54390	12.70265	1.02780	1	0.72476	0.57001	13.00243	1.03546	1	-0.00978	-0.01122	0.66199	0.00441	1	0.05831	-0.01669	0.67624	0.00432	1	1.45898	0.81042	0	
1232928	8316.75781	3303967176794	0.49913	0.30828	8316.27637	0.48145	10835	1	0.53445	0.28210	1	0.47256	0.28769	1	0.50350	0.28490	1	0.46036	0.54433	12.89469	1.02744	1	0.72477	0.57032	13.07857	1.03510	1	-0.00978	-0.01122	0.66199	0.00417	1	0.05831	-0.01669	0.67624	0.00425	1	1.45898	0.81042	0	
1232929	8316.76465	3303967243818	0.49899	0.30817	8316.27637	0.48828	10835	1	0.51635	0.30970	1	0.48826	0.32176	1	0.50230	0.31573	1	0.46046	0.54397	12.66685	1.02708	1	0.72466	0.57052	13.22199	1.03474	1	-0.00978	-0.01122	0.66199	0.00439	1	0.05831	-0.01669	0.67624	0.00422	1	1.45898	0.81042	0	
1232930	8316.77148	3303967309841	0.49885	0.30808	8316.27637	0.49512	10835	1	0.51639	0.31000	1	0.48824	0.32206	1	0.50231	0.31603	1	0.46050	0.54433	12.88619	1.02673	1	0.72497	0.56954	12.72602	1.03439	1	-0.00965	-0.01102	0.65306	0.00419	1	0.05831	-0.01669	0.67624	0.00451	1	1.45898	0.81042	0	
1232931	8316.77832	3303967380928	0.49913	0.30783	8316.27637	0.50195	10835	1	0.54065	0.39158	1	0.50366	0.26006	1	0.52215	0.32582	1	0.46070	0.54521	13.23072	1.03439	1	0.72491	0.56971	12.81430	1.03439	1	-0.00965	-0.01102	0.65306	0.00387	1	0.05831	-0.01669	0.67624	0.00446	1	1.45898	0.81042	0	
1232932	8316.78516	3303967447723	0.49847	0.30721	8316.27637	0.50879	10835	1	0.51253	0.29387	1	0.46411	0.27861	1	0.48832	0.28624	1	0.46038	0.54404	12.86297	1.03439	1	0.72492	0.57000	12.75375	1.03439	1	-0.00965	-0.01102	0.65306	0.00428	1	0.05831	-0.01669	0.67624	0.00432	1	1.45898	0.81042	0	
1232933	8316.79199	3303967514758	0.49781	0.30673	8316.27637	0.51562	10835	1	0.51253	0.29387	1	0.46411	0.27861	1	0.48832	0.28624	1	0.46025	0.54338	12.61486	1.03439	1	0.72472	0.57072	13.11368	1.03439	1	-0.00966	-0.01120	0.66085	0.00435	1	0.05831	-0.01669	0.67624	0.00406	1	1.45898	0.81042	0	
1232934	8316.79883	3303967581757	0.49769	0.30824	8316.27637	0.52246	10835	1	0.51807	0.39995	1	0.45163	0.33288	1	0.48485	0.36641	1	0.46034	0.54537	13.29906	1.03439	1	0.72483	0.57103	12.92728	1.03439	1	-0.00966	-0.01120	0.66085	0.00381	1	0.05831	-0.01669	0.67624	0.00412	1	1.45898	0.81042	0	
1232935	8316.80566	3303967648914	0.49726	0.30885	8316.27637	0.52930	10835	1	0.50785	0.36629	1	0.43023	0.34896	1	0.46904	0.35763	1	0.46032	0.54507	12.95388	1.03439	1	0.72456	0.57123	13.45113	1.03439	1	-0.00966	-0.01120	0.66085	0.00369	1	0.05831	-0.01669	0.67624	0.00417	1	1.45898	0.81042	0	
1232936	8316.81250	3303967716184	0.49681	0.30953	8316.27637	0.53613	10835	1	0.50688	0.35998	1	0.43020	0.34238	1	0.46854	0.35118	1	0.46113	0.54466	12.76359	1.04240	1	0.72500	0.57079	14.08051	1.04240	1	-0.00990	-0.01143	0.68054	0.00371	1	0.05804	-0.01656	0.67304	0.00402	1	1.45898	0.81042	0	
1232937	8316.81836	3303967783341	0.49740	0.30935	8316.27637	0.54199	10835	1	0.54940	0.30813	1	0.45667	0.32824	1	0.50304	0.31818	1	0.46101	0.54448	12.41408	1.05042	1	0.72492	0.57099	13.90299	1.05042	1	-0.00990	-0.01143	0.68054	0.00378	1	0.05804	-0.01656	0.67304	0.00421	1	1.45898	0.81042	0	
1232938	8316.82520	3303967849891	0.49845	0.30924	8316.27637	0.54883	10835	1	0.56673	0.31825	1	0.48296	0.29699	1	0.52485	0.30762	1	0.46126	0.54466	13.33850	1.05844	1	0.72536	0.57066	13.43581	1.05844	1	-0.00990	-0.01143	0.68054	0.00374	1	0.05804	-0.01656	0.67304	0.00402	1	1.45898	0.81042	0	
1232939	8316.83203	3303967916775	0.49950	0.30919	8316.27637	0.55566	10835	1	0.56617	0.31174	1	0.48298	0.29669	1	0.52457	0.30422	1	0.46112	0.54470	13.09198	1.06645	1	0.72534	0.57085	13.40079	1.05879	1	-0.00990	-0.01143	0.68054	0.00380	1	0.05732	-0.01634	0.66417	0.00399	1	1.45898	0.81042	0	
1232940	8316.83887	3303967984070	0.50034	0.30914	8316.27637	0.56250	10835	1	0.54438	0.31157	1	0.46073	0.29012	1	0.50255	0.30085	1	0.46124	0.54462	13.09302	1.05879	1	0.72500	0.57063	13.98525	1.05113	1	-0.00990	-0.01143	0.68054	0.00385	1	0.05732	-0.01634	0.66417	0.00397	1	1.45898	0.81042	0	
1232941	8316.84570	3303968051003	0.50100	0.30969	8316.27637	0.56934	10835	1	0.54341	0.32075	1	0.48527	0.31910	1	0.51434	0.31993	1	0.46117	0.54468	12.82771	1.05113	1	0.72541	0.57079	13.37378	1.04348	1	-0.00990	-0.01143	0.68054	0.00392	1	0.05732	-0.01634	0.66417	0.00396	1	1.45898	0.81042	0	
1232942	8316.85254	3303968118366	0.50166	0.31015	8316.27637	0.57617	10835	1	0.54410	0.32701	1	0.48491	0.32558	1	0.51451	0.32629	1	0.46098	0.54472	12.81156	1.04348	1	0.72553	0.57061	13.06523	1.03582	1	-0.00981	-0.01128	0.67448	0.00383	1	0.05732	-0.01634	0.66417	0.00402	1	1.45898	0.81042	0	
1232943	8316.85938	3303968184854	0.50184	0.31019	8316.27637	0.58301	10835	1	0.53339	0.32467	1	0.49847	0.30606	1	0.51593	0.31536	1	0.46110	0.54464	13.11577	1.03582	1	0.72557	0.57048	13.00088	1.03582	1	-0.00981	-0.01128	0.67448	0.00383	1	0.05732	-0.01634	0.66417	0.00394	1	1.45898	0.81042	0	
1232944	8316.86523	3303968248600	0.50210	0.30982	8316.27637	0.58887	10835	1	0.54285	0.34180	1	0.49756	0.27312	1	0.52021	0.30746	1	0.46126	0.54472	13.26776	1.03582	1	0.72560	0.57022	12.92004	1.03582	1	-0.00981	-0.01128	0.67448	0.00388	1	0.05732	-0.01634	0.66417	0.00406	1	1.45898	0.81042	0	
1232945	8316.87207	3303968318813	0.50235	0.30932	8316.27637	0.59570	10835	1	0.54359	0.34828	1	0.49709	0.28032	1	0.52034	0.31430	1	0.46135	0.54436	12.98772	1.02780	1	0.72523	0.57000	13.62299	1.02780	1	-0.00945	-0.01092	0.65277	0.00391	1	0.05732	-0.01634	0.66417	0.00412	1	1.45898	0.81042	0	
1232946	8316.87891	3303968383891	0.50287	0.30961	8316.27637	0.60254	10835	1	0.55821	0.36246	1	0.49843	0.29384	1	0.52832	0.32815	1	0.46146	0.54472	13.08134	1.01978	1	0.72564	0.57015	12.82922	1.01978	1	-0.00945	-0.01092	0.65277	0.00393	1	0.05732	-0.01634	0.66417	0.00410	1	1.45898	0.81042	0	
1232947	8316.88574	3303968450571	0.50305	0.31022	8316.27637	0.60938	10835	1	0.54620	0.35661	1	0.48128	0.30462	1	0.51374	0.33062	1	0.46125	0.54452	13.13902	1.01177	1	0.72531	0.57012	13.16502	1.01177	1	-0.00945	-0.01092	0.65277	0.00390	1	0.05732	-0.01634	0.66417	0.00416	1	1.45898	0.81042	0	
1232948	8316.89258	3303968519605	0.50324	0.31111	8316.27637	0.61621	10835	1	0.54693	0.36312	1	0.48062	0.31777	1	0.51378	0.34045	1	0.46120	0.54357	12.96069	1.00375	1	0.72527	0.57031	13.04835	0.99694	1	-0.00953	-0.01096	0.65848	0.00430	1	0.05504	-0.01568	0.63726	0.00409	1	1.45898	0.81042	0	
1232949	8316.89941	3303968586974	0.50295	0.31139	8316.27637	0.62305	10835	1	0.54144	0.30167	1	0.43910	0.37042	1	0.49027	0.33604	1	0.46116	0.54357	12.92873	0.99694	1	0.72468	0.57091	14.02783	0.99013	1	-0.00953	-0.01096	0.65848	0.00423	1	0.05504	-0.01568	0.63726	0.00436	1	1.45898	0.81042	0	
1232950	8316.90625	3303968653160	0.50257	0.31305	8316.27637	0.62988	10835	1	0.52831	0.35434	1	0.44291	0.41383	1	0.48561	0.38408	1	0.46127	0.54436	12.97672	0.99013	1	0.72474	0.57092	13.74226	0.98332	1	-0.00953	-0.01096	0.65848	0.00401	1	0.05504	-0.01568	0.63726	0.00435	1	1.45898	0.81042	0	
1232951	8316.91211	3303968720570	0.50219	0.31477	8316.27637	0.63574	10835	1	0.52905	0.36002	1	0.44291	0.41383	1	0.48598	0.38692	1	0.46101	0.54348	12.63726	0.98332	1	0.72526	0.57088	14.31909	0.98332	1	-0.00953	-0.01096	0.65848	0.00423	1	0.05726	-0.01629	0.66237	0.00421	1	1.45898	0.81042	0	
1232952	8316.91895	3303968785537	0.50271	0.31370	8316.27637	0.64258	10835	1	0.53359	0.27512	1	0.48791	0.32940	1	0.51075	0.30226	1	0.46109	0.54340	12.74775	0.98332	1	0.72591	0.57033	13.85410	0.99013	1	-0.00953	-0.01096	0.65848	0.00420	1	0.05726	-0.01629	0.66237	0.00413	1	1.45898	0.81042	0	
1232953	8316.92578	3303968854233	0.50311	0.31362	8316.27637	0.64941	10835	1	0.53495	0.29347	1	0.49423	0.37628	1	0.51459	0.33488	1	0.46108	0.54370	12.60995	0.99013	1	0.72553	0.57090	14.62369	0.99694	1	-0.00953	-0.01096	0.65848	0.00403	1	0.05726	-0.01629	0.66237	0.00410	1	1.45898	0.81042	0	
1232954	8316.93262	3303968921831	0.50351	0.31346	8316.27637	0.65625	10835	1	0.53425	0.28738	1	0.49462	0.37064	1	0.51444	0.32901	1	0.46123	0.54351	12.91178	0.99694	1	0.72529	0.57082	13.12234	1.00375	1	-0.00953	-0.01096	0.65848	0.00427	1	0.05726	-0.01629	0.66237	0.00421	1	1.45898	0.81042	0	
1232955	8316.93945	3303968988379	0.50376	0.31282	8316.27637	0.66309	10835	1	0.53051	0.25282	1	0.51630	0.32433	1	0.52340	0.28858	1	0.46104	0.54319	12.63065	1.00375	1	0.72595	0.57049	13.53315	1.00375	1	-0.00953	-0.01096	0.65848	0.00427	1	0.05726	-0.01629	0.66237	0.00410	1	1.45898	0.81042	0	
1232956	8316.94629	3303969055137	0.50380	0.31277	8316.27637	0.66992	10835	1	0.53136	0.25707	1	0.46434	0.35581	1	0.49785	0.30644	1	0.46111	0.54325	12.70675	1.00375	1	0.72539	0.57068	13.22847	1.00375	1	-0.00953	-0.01096	0.65848	0.00427	1	0.05726	-0.01629	0.66237	0.00414	1	1.45898	0.81042	0	
1232957	8316.95312	3303969122220	0.50383	0.31267	8316.27637	0.67676	10835	1	0.53136	0.25707	1	0.46456	0.34936	1	0.49796	0.30322	1	0.46131	0.54335	13.02611	1.00375	1	0.72541	0.57066	13.25455	1.01141	1	-0.00953	-0.01096	0.65848	0.00428	1	0.05841	-0.01661	0.67505	0.00410	1	1.45898	0.81042	0	
1232958	8316.95898	3303969189782	0.50379	0.31214	8316.27637	0.68262	10835	1	0.52098	0.21644	1	0.48040	0.34123	1	0.50069	0.27883	1	0.46102	0.54301	12.57964	1.01141	1	0.72535	0.57084	13.38642	1.01907	1	-0.00953	-0.01096	0.65848	0.00426	1	0.05841	-0.01661	0.67505	0.00409	1	1.45898	0.81042	0	
1232959	8316.96582	3303969256549	0.50396	0.31136	8316.27637	0.68945	10835	1	0.53722	0.24606	1	0.49461	0.31631	1	0.51592	0.28118	1	0.46106	0.54328	12.53837	1.01907	1	0.72563	0.57062	13.14211	1.02673	1	-0.00953	-0.01096	0.65848	0.00426	1	0.05841	-0.01661	0.67505	0.00408	1	1.45898	0.81042	0	
1232960	8316.97266	3303969323199	0.50413	0.31059	8316.27637	0.69629	10835	1	0.53647	0.23905	1	0.49461	0.31631	1	0.51554	0.27768	1	0.46107	0.54335	12.52824	1.02673	1	0.72547	0.57070	13.25371	1.02673	1	-0.00953	-0.01096	0.65848	0.00430	1	0.05726	-0.01629	0.66237	0.00408	1	1.45898	0.81042	0	
1232961	8316.97949	3303969391250	0.50414	0.30982	8316.27637	0.70312	10835	1	0.53041	0.21548	1	0.49011	0.33295	1	0.51026	0.27421	1	0.46116	0.54314	12.94407	1.02673	1	0.72548	0.57057	13.18066	1.01907	1	-0.00953	-0.01096	0.65848	0.00436	1	0.05726	-0.01629	0.66237	0.00412	1	1.45898	0.81042	0	
1232962	8316.98633	3303969457755	0.50454	0.31009	8316.27637	0.70996	10835	1	0.54601	0.26630	1	0.48190	0.33979	1	0.51395	0.30304	1	0.46127	0.54356	13.03356	1.01907	1	0.72536	0.57077	13.32420	1.01141	1	-0.00953	-0.01096	0.65848	0.00429	1	0.05726	-0.01629	0.66237	0.00413	1	1.45898	0.81042	0	
1232963	8316.99316	3303969524357	0.50495	0.31049	8316.27637	0.71680	10835	1	0.54670	0.27316	1	0.48155	0.34632	1	0.51413	0.30974	1	0.46121	0.54350	12.93387	1.01141	1	0.72533	0.57081	13.38566	1.00375	1	-0.00953	-0.01096	0.65848	0.00426	1	0.05726	-0.01629	0.66237	0.00412	1	1.45898	0.81042	0	
1232964	8317.00000	3303969591466	0.50544	0.31129	8316.27637	0.72363	10835	1	0.58852	0.35226	1	0.46162	0.35140	1	0.52507	0.35183	1	0.46187	0.54470	13.90072	1.00375	1	0.72544	0.57076	13.30963	1.00375	1	-0.00953	-0.01096	0.65848	0.00405	1	0.05726	-0.01629	0.66237	0.00419	1	1.45898	0.81042	0	
1232965	8317.00586	3303969658108	0.50615	0.31255	8316.27637	0.72949	10835	1	0.57273	0.35627	1	0.49638	0.36135	1	0.53456	0.35881	1	0.46163	0.54446	13.38562	1.00375	1	0.72601	0.57066	13.92914	1.00375	1	-0.00953	-0.01096	0.65848	0.00398	1	0.05726	-0.01629	0.66237	0.00415	1	1.45898	0.81042	0	
1232966	8317.01270	3303969725285	0.50687	0.31368	8316.27637	0.73633	10835	1	0.57273	0.35627	1	0.49684	0.35492	1	0.53478	0.35559	1	0.46118	0.54415	12.77665	1.00375	1	0.72590	0.57111	14.31876	1.01141	1	-0.00953	-0.01096	0.65848	0.00391	1	0.05841	-0.01661	0.67505	0.00412	1	1.45898	0.81042	0	
1232967	8317.01953	3303969792138	0.50682	0.31339	8316.27637	0.74316	10835	1	0.51376	0.29360	1	0.48629	0.32942	1	0.50003	0.31151	1	0.46101	0.54331	12.54835	1.01141	1	0.72581	0.57074	13.95664	1.01907	1	-0.00953	-0.01096	0.65848	0.00427	1	0.05841	-0.01661	0.67505	0.00414	1	1.45898	0.81042	0	
1232968	8317.02637	3303969859513	0.50703	0.31398	8316.27637	0.75000	10835	1	0.53635	0.36982	1	0.48351	0.35233	1	0.50993	0.36107	1	0.46141	0.54446	13.56317	1.01907	1	0.72581	0.57092	14.01162	1.02673	1	-0.00953	-0.01096	0.65848	0.00392	1	0.05841	-0.01661	0.67505	0.00418	1	1.45898	0.81042	0	
1232969	8317.03320	3303969926351	0.50723	0.31446	8316.27637	0.75684	10835	1	0.53560	0.36373	1	0.48386	0.34598	1	0.50973	0.35486	1	0.46114	0.54422	13.12224	1.02673	1	0.72584	0.57073	13.90891	1.03439	1	-0.00953	-0.01096	0.65848	0.00384	1	0.05841	-0.01661	0.67505	0.00414	1	1.45898	0.81042	0	
1232970	8317.04004	3303969993526	0.50726	0.31510	8316.27637	0.76367	10835	1	0.51491	0.32241	1	0.48317	0.34324	1	0.49904	0.33283	1	0.46117	0.54385	13.14836	1.03439	1	0.72583	0.57094	13.99801	1.03439	1	-0.00953	-0.01096	0.65848	0.00410	1	0.05841	-0.01661	0.67505	0.00407	1	1.45898	0.81042	0	
1232971	8317.04688	3303970060542	0.50765	0.31616	8316.27637	0.77051	10835	1	0.56837	0.35008	1	0.45835	0.31226	1	0.51336	0.33117	1	0.46155	0.54438	13.67917	1.03439	1	0.72573	0.57072	14.09817	1.03439	1	-0.00953	-0.01096	0.65848	0.00395	1	0.05841	-0.01661	0.67505	0.00407	1	1.45898	0.81042	0	
1232972	8317.05273	3303970127190	0.50804	0.31736	8316.27637	0.77637	10835	1	0.56837	0.35008	1	0.45835	0.31226	1	0.51336	0.33117	1	0.46169	0.54453	13.79262	1.03439	1	0.72544	0.57067	13.32776	1.03439	1	-0.00953	-0.01096	0.65848	0.00402	1	0.05841	-0.01661	0.67505	0.00414	1	1.45898	0.81042	0	
1232973	8317.05957	3303970194280	0.50768	0.31923	8316.27637	0.78320	10835	1	0.54257	0.36706	1	0.44250	0.34594	1	0.49254	0.35650	1	0.46154	0.54456	13.69166	1.03439	1	0.72547	0.57092	13.60391	1.03439	1	-0.00953	-0.01096	0.65848	0.00398	1	0.05841	-0.01661	0.67505	0.00412	1	1.45898	0.81042	0	
1232974	8317.06641	3303970260020	0.50789	0.32122	8316.27637	0.79004	10835	1	0.57659	0.33852	1	0.46252	0.32633	1	0.51956	0.33242	1	0.46167	0.54443	13.74797	1.03439	1	0.72542	0.57077	13.40387	1.03439	1	-0.00953	-0.01096	0.65848	0.00406	1	0.05841	-0.01661	0.67505	0.00411	1	1.45898	0.81042	0	
1232975	8317.07324	3303970327994	0.50809	0.32312	8316.27637	0.79688	10835	1	0.57659	0.33852	1	0.46252	0.32633	1	0.51956	0.33242	1	0.46147	0.54440	13.61399	1.03439	1	0.72548	0.57084	13.61702	1.03439	1	-0.00953	-0.01096	0.65848	0.00400	1	0.05841	-0.01661	0.67505	0.00407	1	1.45898	0.81042	0	
1232976	8317.08008	3303970395116	0.50774	0.32450	8316.27637	0.80371	10835	1	0.50907	0.35660	1	0.46434	0.34589	1	0.48670	0.35124	1	0.46111	0.54421	13.08370	1.03439	1	0.72585	0.57088	14.32773	1.03439	1	-0.00953	-0.01096	0.65848	0.00390	1	0.05841	-0.01661	0.67505	0.00407	1	1.45898	0.81042	0	
1232977	8317.08691	3303970462340	0.50749	0.32502	8316.27637	0.81055	10835	1	0.52239	0.36671	1	0.45859	0.31372	1	0.49049	0.34021	1	0.46094	0.54413	12.71591	1.03439	1	0.72572	0.57069	14.10856	1.03439	1	-0.00953	-0.01096	0.65848	0.00389	1	0.05841	-0.01661	0.67505	0.00407	1	1.45898	0.81042	0	
1232978	8317.09375	3303970529112	0.50725	0.32552	8316.27637	0.81738	10835	1	0.52239	0.36671	1	0.45859	0.31372	1	0.49049	0.34021	1	0.46141	0.54443	13.48761	1.03439	1	0.72575	0.57067	14.06807	1.03439	1	-0.00953	-0.01096	0.65848	0.00388	1	0.05841	-0.01661	0.67505	0.00407	1	1.45898	0.81042	0	
1232979	8317.09961	3303970594739	0.50688	0.32594	8316.27637	0.82324	10835	1	0.52399	0.37196	1	0.48474	0.32043	1	0.50437	0.34620	1	0.46137	0.54418	13.47096	1.03439	1	0.72574	0.57074	14.07769	1.03439	1	-0.00953	-0.01096	0.65848	0.00384	1	0.05841	-0.01661	0.67505	0.00412	1	1.45898	0.81042	0	
1232980	8317.10645	3303970663994	0.50690	0.32741	8316.27637	0.83008	10835	1	0.52335	0.40648	1	0.45571	0.30685	1	0.48953	0.35667	1	0.46128	0.54446	13.42886	1.03439	1	0.72568	0.57059	13.83825	1.03439	1	-0.00953	-0.01096	0.65848	0.00385	1	0.05841	-0.01661	0.67505	0.00411	1	1.45898	0.81042	0	
1232981	8317.11328	3303970730037	0.50693	0.32888	8316.27637	0.83691	10835	1	0.52335	0.40648	1	0.45571	0.30685	1	0.48953	0.35667	1	0.46109	0.54424	12.89292	1.03439	1	0.72582	0.57107	14.36832	1.03439	1	-0.00945	-0.01082	0.65277	0.00393	1	0.05841	-0.01661	0.67505	0.00409	1	1.45898	0.81042	0	
1232982	8317.12012	3303970792319	0.50713	0.32857	8316.27637	0.84375	10835	1	0.52492	0.35087	1	0.46439	0.35199	1	0.49466	0.35143	1	0.46133	0.54405	13.45859	1.03439	1	0.72591	0.57100	14.31517	1.03439	1	-0.00945	-0.01082	0.65277	0.00377	1	0.05841	-0.01661	0.67505	0.00411	1	1.45898	0.81042	0	
1232983	8317.12695	3303970861966	0.50789	0.32871	8316.27637	0.85059	10835	1	0.53566	0.39136	1	0.47556	0.33820	1	0.50561	0.36478	1	0.46138	0.54425	13.68350	1.03439	1	0.72604	0.57090	14.21650	1.03439	1	-0.00945	-0.01082	0.65277	0.00368	1	0.05841	-0.01661	0.67505	0.00414	1	1.45898	0.81042	0	
1232984	8317.13281	3303970927300	0.50866	0.32886	8316.27637	0.85645	10835	1	0.53487	0.38525	1	0.47587	0.33151	1	0.50537	0.35838	1	0.46138	0.54380	13.06917	1.04240	1	0.72602	0.57088	14.26814	1.04240	1	-0.00968	-0.01109	0.67222	0.00380	1	0.05841	-0.01661	0.67505	0.00414	1	1.45898	0.81042	0	
1232985	8317.14062	3303970997247	0.50877	0.32907	8316.27637	0.86426	10835	1	0.53512	0.33393	1	0.48115	0.32206	1	0.50813	0.32799	1	0.46136	0.54398	13.46259	1.05042	1	0.72612	0.57078	14.05568	1.05042	1	-0.00968	-0.01109	0.67222	0.00372	1	0.05841	-0.01661	0.67505	0.00417	1	1.45898	0.81042	0	
1232986	8317.14648	3303971061295	0.50842	0.32961	8316.27637	0.87012	10835	1	0.54394	0.35506	1	0.47270	0.31245	1	0.50832	0.33375	1	0.46155	0.54395	13.96713	1.05844	1	0.72594	0.57069	13.98800	1.05844	1	-0.00968	-0.01109	0.67222	0.00375	1	0.05841	-0.01661	0.67505	0.00414	1	1.45898	0.81042	0	
1232987	8317.15332	3303971133085	0.50808	0.33009	8316.27637	0.87695	10835	1	0.54323	0.34882	1	0.47298	0.30571	1	0.50810	0.32727	1	0.46142	0.54405	13.82017	1.06645	1	0.72589	0.57100	14.37010	1.06645	1	-0.00968	-0.01109	0.67222	0.00376	1	0.05841	-0.01661	0.67505	0.00412	1	1.45898	0.81042	0	
1232988	8317.16016	3303971195755	0.50807	0.33066	8316.27637	0.88379	10835	1	0.54122	0.33080	1	0.46304	0.32507	1	0.50213	0.32794	1	0.46158	0.54387	13.93326	1.06645	1	0.72581	0.57093	14.47203	1.06645	1	-0.00968	-0.01109	0.67222	0.00377	1	0.05841	-0.01661	0.67505	0.00409	1	1.45898	0.81042	0	
1232989	8317.16699	3303971261839	0.50785	0.33060	8316.27637	0.89062	10835	1	0.52717	0.33447	1	0.48029	0.29984	1	0.50373	0.31716	1	0.46140	0.54398	13.17734	1.06645	1	0.72606	0.57079	14.21008	1.06645	1	-0.00968	-0.01109	0.67222	0.00380	1	0.05841	-0.01661	0.67505	0.00406	1	1.45898	0.81042	0	
1232990	8317.17383	3303971332204	0.50762	0.33025	8316.27637	0.89746	10835	1	0.52625	0.32727	1	0.48066	0.29216	1	0.50346	0.30971	1	0.46117	0.54340	13.23069	1.07554	1	0.72558	0.57099	14.17376	1.07554	1	-0.01008	-0.01162	0.70408	0.00380	1	0.05841	-0.01661	0.67505	0.00413	1	1.45898	0.81042	0	
1232991	8317.18066	3303971399531	0.50688	0.32924	8316.27637	0.90430	10835	1	0.50448	0.24963	1	0.45619	0.28351	1	0.48033	0.26657	1	0.46106	0.54300	12.78544	1.08462	1	0.72567	0.57073	13.92773	1.08462	1	-0.01008	-0.01162	0.70408	0.00404	1	0.05841	-0.01661	0.67505	0.00425	1	1.45898	0.81042	0	
1232992	8317.18750	3303971467162	0.50617	0.32852	8316.27637	0.91113	10835	1	0.51052	0.25674	1	0.46189	0.28881	1	0.48621	0.27277	1	0.46116	0.54343	13.18570	1.09371	1	0.72571	0.57089	14.07822	1.09371	1	-0.01008	-0.01162	0.70408	0.00383	1	0.05841	-0.01661	0.67505	0.00410	1	1.45898	0.81042	0	
1232993	8317.19434	3303971533829	0.50547	0.32779	8316.27637	0.91797	10835	1	0.51142	0.26351	1	0.46170	0.29549	1	0.48656	0.27950	1	0.46193	0.54364	13.14307	1.08569	1	0.72567	0.57093	14.15647	1.08569	1	-0.00947	-0.01091	0.66126	0.00383	1	0.05841	-0.01661	0.67505	0.00411	1	1.45898	0.81042	0	
1232994	8317.20020	3303971600814	0.50455	0.32693	8316.27637	0.92383	10835	1	0.50600	0.28435	1	0.46305	0.28896	1	0.48453	0.28666	1	0.46140	0.54310	13.08771	1.06859	1	0.72575	0.57061	14.39263	1.06859	1	-0.00947	-0.01091	0.66126	0.00395	1	0.05841	-0.01661	0.67505	0.00418	1	1.45898	0.81042	0	
1232995	8317.20703	3303971666886	0.50406	0.32618	8316.27637	0.93066	10835	1	0.53088	0.27612	1	0.44919	0.31328	1	0.49004	0.29470	1	0.46183	0.54343	12.46349	1.05149	1	0.72558	0.57080	14.23564	1.05149	1	-0.00947	-0.01091	0.66126	0.00389	1	0.05841	-0.01661	0.67505	0.00419	1	1.45898	0.81042	0	
1232996	8317.21387	3303971734590	0.50357	0.32539	8316.27637	0.93750	10835	1	0.53179	0.28393	1	0.44907	0.32094	1	0.49043	0.30243	1	0.46220	0.54373	13.27538	1.04240	1	0.72583	0.57067	14.27486	1.04240	1	-0.00957	-0.01109	0.67208	0.00388	1	0.05841	-0.01661	0.67505	0.00408	1	1.45898	0.81042	0	
1232997	8317.22070	3303971801912	0.49594	0.29955	8316.27637	0.93750	10835	0	0.52832	0.26354	1	0.48660	0.28872	1	0.50746	0.27613	1	0.46175	0.54315	12.77869	1.05042	1	0.72615	0.57048	13.44585	1.05042	1	-0.00957	-0.01109	0.67208	0.00393	1	0.05841	-0.01661	0.67505	0.00409	1	1.45898	0.81042	0	
1232998	8317.22754	3303971869309	0.50108	0.29730	8316.27637	0.93750	10835	0	0.55344	0.30903	1	0.45899	0.28107	1	0.50621	0.29505	1	0.46216	0.54370	13.21130	1.05844	1	0.72575	0.57046	13.89870	1.05844	1	-0.00957	-0.01109	0.67208	0.00388	1	0.05841	-0.01661	0.67505	0.00411	1	1.45898	0.81042	0	
1232999	8317.23438	3303971935627	0.50268	0.29540	8316.27637	0.93750	10835	0	0.55279	0.30245	1	0.45900	0.28075	1	0.50589	0.29160	1	0.46220	0.54373	13.27538	1.06645	1	0.72614	0.57033	13.80293	1.05879	1	-0.00957	-0.01109	0.67208	0.00388	1	0.05610	-0.01594	0.64784	0.00403	1	1.45898	0.81042	0	
1233000	8317.24121	3303972002641	0.50695	0.30049	8317.22070	0.02051	10836	1	0.53811	0.32907	1	0.50138	0.30247	1	0.51974	0.31577	1	0.46186	0.54367	13.89928	1.05879	1	0.72641	0.57060	13.40957	1.05113	1	-0.00957	-0.01109	0.67208	0.00384	1	0.05610	-0.01594	0.64784	0.00407	1	1.45898	0.81042	0	
1233001	8317.24707	3303972069610	0.51068	0.30276	8317.22070	0.02637	10836	1	0.55594	0.31841	1	0.49531	0.30529	1	0.52563	0.31185	1	0.46221	0.54387	13.38550	1.05113	1	0.72633	0.57053	13.52036	1.04348	1	-0.00957	-0.01109	0.67208	0.00385	1	0.05610	-0.01594	0.64784	0.00407	1	1.45898	0.81042	0	
1233002	8317.25391	3303972136641	0.51319	0.30535	8317.22070	0.03320	10836	1	0.55655	0.32467	1	0.49488	0.31188	1	0.52572	0.31828	1	0.46221	0.54387	13.38550	1.04348	1	0.72605	0.57079	14.02963	1.03582	1	-0.00957	-0.01109	0.67208	0.00385	1	0.05610	-0.01594	0.64784	0.00396	1	1.45898	0.81042	0	
1233003	8317.26074	3303972203196	0.51279	0.30949	8317.22070	0.04004	10836	1	0.55255	0.33446	1	0.46830	0.33424	1	0.51042	0.33435	1	0.46211	0.54357	13.11599	1.03582	1	0.72590	0.57080	14.17952	1.03582	1	-0.00957	-0.01109	0.67208	0.00385	1	0.05610	-0.01594	0.64784	0.00404	1	1.45898	0.81042	0	
1233004	8317.26758	3303972270643	0.51336	0.31340	8317.22070	0.04688	10836	1	0.55243	0.32869	1	0.48214	0.35278	1	0.51729	0.34074	1	0.46212	0.54361	13.24202	1.03582	1	0.72616	0.57108	14.23608	1.03582	1	-0.00957	-0.01109	0.67208	0.00383	1	0.05610	-0.01594	0.64784	0.00394	1	1.45898	0.81042	0	
1233005	8317.27441	3303972337831	0.51378	0.31674	8317.22070	0.05371	10836	1	0.55243	0.32869	1	0.48184	0.35836	1	0.51714	0.34353	1	0.46193	0.54366	13.20167	1.03582	1	0.72651	0.57108	14.72800	1.02901	1	-0.00957	-0.01109	0.67208	0.00378	1	0.05543	-0.01568	0.63954	0.00391	1	1.45898	0.81042	0	
1233006	8317.28125	3303972404853	0.51402	0.31773	8317.22070	0.06055	10836	1	0.54156	0.31039	1	0.49097	0.34290	1	0.51627	0.32664	1	0.46191	0.54357	13.14593	1.02901	1	0.72626	0.57094	14.15033	1.02220	1	-0.00957	-0.01109	0.67208	0.00380	1	0.05543	-0.01568	0.63954	0.00399	1	1.45898	0.81042	0	
1233007	8317.28809	3303972471960	0.51427	0.31912	8317.22070	0.06738	10836	1	0.53002	0.29781	1	0.50350	0.36824	1	0.51676	0.33303	1	0.46185	0.54356	13.14801	1.02220	1	0.72655	0.57097	14.61740	1.01539	1	-0.00957	-0.01109	0.67208	0.00377	1	0.05543	-0.01568	0.63954	0.00397	1	1.45898	0.81042	0	
1233008	8317.29395	3303972538653	0.51450	0.32132	8317.22070	0.07324	10836	1	0.53156	0.31060	1	0.50253	0.38044	1	0.51704	0.34552	1	0.46185	0.54356	13.14801	1.00737	1	0.72620	0.57111	14.35656	1.00057	1	-0.00934	-0.01093	0.65927	0.00378	1	0.05526	-0.01568	0.63756	0.00394	1	1.45898	0.81042	0	
1233009	8317.30078	3303972605270	0.51423	0.32567	8317.22070	0.08008	10836	1	0.53217	0.38815	1	0.48976	0.36757	1	0.51097	0.37786	1	0.46207	0.54378	13.70824	0.99255	1	0.72630	0.57086	13.33547	0.99255	1	-0.00934	-0.01093	0.65927	0.00372	1	0.05526	-0.01568	0.63756	0.00404	1	1.45898	0.81042	0	
1233010	8317.30762	3303972672548	0.51375	0.33079	8317.22070	0.08691	10836	1	0.52911	0.38196	1	0.48587	0.41253	1	0.50749	0.39725	1	0.46194	0.54383	13.17123	0.98453	1	0.72622	0.57114	14.24399	0.98453	1	-0.00934	-0.01093	0.65927	0.00386	1	0.05526	-0.01568	0.63756	0.00402	1	1.45898	0.81042	0	
1233011	8317.31445	3303972739616	0.51334	0.33503	8317.22070	0.09375	10836	1	0.52911	0.38196	1	0.48621	0.40707	1	0.50766	0.39452	1	0.46224	0.54381	13.69042	0.98453	1	0.72660	0.57102	14.36127	0.99134	1	-0.00950	-0.01117	0.67397	0.00381	1	0.05668	-0.01612	0.65337	0.00408	1	1.45898	0.81042	0	
1233012	8317.32129	3303972806858	0.51179	0.33813	8317.22070	0.10059	10836	1	0.51675	0.38508	1	0.46026	0.38406	1	0.48851	0.38457	1	0.46176	0.54383	13.02409	0.99936	1	0.72659	0.57107	14.38800	1.00617	1	-0.00950	-0.01117	0.67397	0.00377	1	0.05668	-0.01612	0.65337	0.00410	1	1.45898	0.81042	0	
1233013	8317.32715	3303972870458	0.51073	0.33880	8317.22070	0.10645	10836	1	0.51999	0.32223	1	0.46743	0.37667	1	0.49371	0.34945	1	0.46212	0.54355	13.11209	1.01418	1	0.72668	0.57121	14.27339	1.02099	1	-0.00950	-0.01117	0.67397	0.00384	1	0.05668	-0.01612	0.65337	0.00408	1	1.45898	0.81042	0	
1233014	8317.33398	3303972936728	0.50977	0.33890	8317.22070	0.11328	10836	1	0.51922	0.31647	1	0.46788	0.36499	1	0.49355	0.34073	1	0.46193	0.54343	12.97536	1.02099	1	0.72656	0.57119	14.44541	1.03546	1	-0.00932	-0.01102	0.66488	0.00389	1	0.05905	-0.01678	0.68002	0.00404	1	1.45898	0.81042	0	
1233015	8317.34082	3303973003399	0.50840	0.33725	8317.22070	0.12012	10836	1	0.50720	0.26184	1	0.46019	0.35296	1	0.48369	0.30740	1	0.46181	0.54366	12.86840	1.02744	1	0.72659	0.57099	14.40064	1.03510	1	-0.00932	-0.01102	0.66488	0.00407	1	0.05905	-0.01678	0.68002	0.00408	1	1.45898	0.81042	0	
1233016	8317.34766	3303973074002	0.50679	0.33723	8317.22070	0.12695	10836	1	0.49522	0.31168	1	0.45712	0.36239	1	0.47617	0.33703	1	0.46201	0.54372	13.13954	1.02708	1	0.72656	0.57116	14.46224	1.03474	1	-0.00932	-0.01102	0.66488	0.00400	1	0.05905	-0.01678	0.68002	0.00400	1	1.45898	0.81042	0	
1233017	8317.35449	3303973141429	0.50531	0.33692	8317.22070	0.13379	10836	1	0.49421	0.30519	1	0.45729	0.35619	1	0.47575	0.33069	1	0.46232	0.54342	13.49225	1.03474	1	0.72668	0.57050	13.96759	1.04240	1	-0.00948	-0.01126	0.67942	0.00387	1	0.05897	-0.01681	0.67916	0.00436	1	1.45898	0.81042	0	
1233018	8317.36133	3303973208518	0.50544	0.33613	8317.22070	0.14062	10836	1	0.55047	0.34405	1	0.46595	0.29505	1	0.50821	0.31955	1	0.46292	0.54389	13.20489	1.05042	1	0.72667	0.57059	14.00150	1.05042	1	-0.00948	-0.01126	0.67942	0.00385	1	0.05897	-0.01681	0.67916	0.00437	1	1.45898	0.81042	0	
1233019	8317.36816	3303973275352	0.50534	0.33334	8317.22070	0.14746	10836	1	0.53517	0.23146	1	0.47075	0.31218	1	0.50296	0.27182	1	0.46272	0.54351	12.78333	1.05844	1	0.72667	0.57070	14.05265	1.05844	1	-0.00948	-0.01126	0.67942	0.00384	1	0.05897	-0.01681	0.67916	0.00435	1	1.45898	0.81042	0	
1233020	8317.37500	3303973342147	0.50522	0.33074	8317.22070	0.15430	10836	1	0.53440	0.22428	1	0.47053	0.31759	1	0.50247	0.27094	1	0.46293	0.54387	13.22344	1.06645	1	0.72662	0.57083	13.97890	1.05199	1	-0.00945	-0.01123	0.67732	0.00399	1	0.05423	-0.01548	0.62350	0.00427	1	1.45898	0.81042	0	
1233021	8317.38184	3303973409560	0.50534	0.33019	8317.22070	0.16113	10836	1	0.54672	0.30619	1	0.46979	0.32789	1	0.50825	0.31704	1	0.46284	0.54361	13.35459	1.05199	1	0.72671	0.57068	13.87031	1.03752	1	-0.00945	-0.01123	0.67732	0.00381	1	0.05423	-0.01548	0.62350	0.00430	1	1.45898	0.81042	0	
1233022	8317.38770	3303973476164	0.50528	0.33093	8317.22070	0.16699	10836	1	0.55013	0.34942	1	0.45755	0.34960	1	0.50384	0.34951	1	0.46290	0.54389	13.19403	1.03752	1	0.72654	0.57079	13.94951	1.02305	1	-0.00945	-0.01123	0.67732	0.00399	1	0.05423	-0.01548	0.62350	0.00429	1	1.45898	0.81042	0	
1233023	8317.39453	3303973543497	0.50525	0.33230	8317.22070	0.17383	10836	1	0.55206	0.36738	1	0.45706	0.36829	1	0.50456	0.36784	1	0.46272	0.54385	13.07798	1.01503	1	0.72706	0.57023	13.11050	1.00057	1	-0.00926	-0.01111	0.66723	0.00396	1	0.05423	-0.01548	0.62350	0.00439	1	1.45898	0.81042	0	
1233024	8317.40137	3303973610221	0.50521	0.33365	8317.22070	0.18066	10836	1	0.52242	0.38849	1	0.48589	0.35192	1	0.50416	0.37020	1	0.46268	0.54366	13.29262	0.99255	1	0.72694	0.57035	13.07293	0.99255	1	-0.00926	-0.01111	0.66723	0.00367	1	0.05423	-0.01548	0.62350	0.00436	1	1.45898	0.81042	0	
1233025	8317.40820	3303973677350	0.50491	0.33300	8317.22070	0.18750	10836	1	0.50095	0.31305	1	0.49214	0.31646	1	0.49655	0.31475	1	0.46261	0.54358	13.18486	0.98453	1	0.72706	0.56990	13.00995	0.98453	1	-0.00926	-0.01111	0.66723	0.00374	1	0.05423	-0.01548	0.62350	0.00450	1	1.45898	0.81042	0	
1233026	8317.41504	3303973744243	0.50464	0.33239	8317.22070	0.19434	10836	1	0.50095	0.31305	1	0.49214	0.31646	1	0.49655	0.31475	1	0.46275	0.54400	13.25039	0.98453	1	0.72707	0.57017	12.94038	0.98453	1	-0.00943	-0.01138	0.68343	0.00378	1	0.05423	-0.01548	0.62350	0.00440	1	1.45898	0.81042	0	
1233027	8317.42188	3303973811292	0.50482	0.33294	8317.22070	0.20117	10836	1	0.53064	0.36534	1	0.48996	0.33330	1	0.51030	0.34932	1	0.46289	0.54407	13.37257	0.99255	1	0.72702	0.57024	13.01963	0.99255	1	-0.00943	-0.01138	0.68343	0.00376	1	0.05423	-0.01548	0.62350	0.00438	1	1.45898	0.81042	0	
1233028	8317.42871	3303973878332	0.50490	0.33415	8317.22070	0.20801	10836	1	0.52664	0.41748	1	0.48834	0.32620	1	0.50749	0.37184	1	0.46265	0.54421	12.97654	1.00057	1	0.72695	0.57035	13.07277	1.00057	1	-0.00943	-0.01138	0.68343	0.00393	1	0.05423	-0.01548	0.62350	0.00436	1	1.45898	0.81042	0	
1233029	8317.43457	3303973944935	0.50497	0.33510	8317.22070	0.21387	10836	1	0.52576	0.41137	1	0.48876	0.31918	1	0.50726	0.36528	1	0.46282	0.54413	13.10703	1.00858	1	0.72712	0.57075	12.83356	1.00858	1	-0.00954	-0.01146	0.69111	0.00397	1	0.05423	-0.01553	0.62350	0.00431	1	1.45898	0.81042	0	
1233030	8317.44141	3303974011198	0.50522	0.33529	8317.22070	0.22070	10836	1	0.53381	0.35828	1	0.49321	0.32528	1	0.51351	0.34178	1	0.46301	0.54417	13.74504	1.00858	1	0.72707	0.57062	13.21107	1.00858	1	-0.00954	-0.01146	0.69111	0.00369	1	0.05423	-0.01553	0.62350	0.00436	1	1.45898	0.81042	0	
1233031	8317.44824	3303974079008	0.50524	0.33661	8317.22070	0.22754	10836	1	0.52977	0.39722	1	0.48181	0.36552	1	0.50579	0.38137	1	0.46286	0.54431	13.73535	1.00858	1	0.72697	0.57144	13.51501	1.00858	1	-0.00954	-0.01146	0.69111	0.00374	1	0.05423	-0.01553	0.62350	0.00414	1	1.45898	0.81042	0	
1233032	8317.45508	3303974146029	0.50526	0.33785	8317.22070	0.23438	10836	1	0.52977	0.39722	1	0.48181	0.36552	1	0.50579	0.38137	1	0.46286	0.54431	13.73535	1.00858	1	0.72683	0.57147	13.17654	1.00858	1	-0.00943	-0.01138	0.68343	0.00374	1	0.05423	-0.01553	0.62350	0.00410	1	1.45898	0.81042	0	
1233033	8317.46191	3303974213373	0.50517	0.33800	8317.22070	0.24121	10836	1	0.51841	0.35458	1	0.48558	0.33202	1	0.50200	0.34330	1	0.46275	0.54417	13.06085	1.00858	1	0.72700	0.57146	13.48748	1.00858	1	-0.00943	-0.01138	0.68343	0.00379	1	0.05423	-0.01553	0.62350	0.00408	1	1.45898	0.81042	0	
1233034	8317.46875	3303974280185	0.50522	0.33853	8317.22070	0.24805	10836	1	0.52737	0.36067	1	0.48721	0.35567	1	0.50729	0.35817	1	0.46281	0.54418	13.32661	1.00858	1	0.72700	0.57133	13.29317	1.00858	1	-0.00943	-0.01138	0.68343	0.00386	1	0.05423	-0.01553	0.62350	0.00407	1	1.45898	0.81042	0	
1233035	8317.47559	3303974347040	0.50528	0.33896	8317.22070	0.25488	10836	1	0.52737	0.36067	1	0.48755	0.34996	1	0.50746	0.35531	1	0.46287	0.54429	13.43587	1.00858	1	0.72700	0.57133	13.29317	1.01539	1	-0.00943	-0.01138	0.68343	0.00378	1	0.05788	-0.01656	0.66487	0.00407	1	1.45898	0.81042	0	
1233036	8317.48145	3303974413936	0.50535	0.33885	8317.22070	0.26074	10836	1	0.53235	0.35564	1	0.48370	0.31317	1	0.50802	0.33440	1	0.46289	0.54419	13.67457	1.01539	1	0.72697	0.57149	13.36856	1.02220	1	-0.00943	-0.01138	0.68343	0.00376	1	0.05788	-0.01656	0.66487	0.00407	1	1.45898	0.81042	0	
1233037	8317.48828	3303974481050	0.50535	0.33829	8317.22070	0.26758	10836	1	0.51267	0.36846	1	0.49820	0.26333	1	0.50543	0.31590	1	0.46258	0.54439	13.47455	1.02220	1	0.72710	0.57102	13.22769	1.02901	1	-0.00943	-0.01138	0.68343	0.00377	1	0.05788	-0.01656	0.66487	0.00418	1	1.45898	0.81042	0	
1233038	8317.49512	3303974547986	0.50534	0.33769	8317.22070	0.27441	10836	1	0.51186	0.36305	1	0.49820	0.26333	1	0.50503	0.31319	1	0.46264	0.54432	12.93453	1.02901	1	0.72698	0.57146	13.98221	1.02901	1	-0.00943	-0.01138	0.68343	0.00384	1	0.05423	-0.01553	0.62350	0.00401	1	1.45898	0.81042	0	
1233039	8317.50195	3303974615353	0.50509	0.33793	8317.22070	0.28125	10836	1	0.52463	0.35789	1	0.46415	0.33788	1	0.49439	0.34788	1	0.46292	0.54431	13.51019	1.02901	1	0.72660	0.57172	13.83024	1.02220	1	-0.00943	-0.01138	0.68343	0.00382	1	0.05423	-0.01553	0.62350	0.00408	1	1.45898	0.81042	0	
1233040	8317.50879	3303974682199	0.50487	0.33834	8317.22070	0.28809	10836	1	0.51571	0.37602	1	0.47485	0.33579	1	0.49528	0.35591	1	0.46260	0.54438	12.82651	1.02220	1	0.72688	0.57153	13.94014	1.01539	1	-0.00943	-0.01138	0.68343	0.00386	1	0.05423	-0.01553	0.62350	0.00409	1	1.45898	0.81042	0	
1233041	8317.51465	3303974745560	0.50466	0.33885	8317.22070	0.29395	10836	1	0.51650	0.38138	1	0.47459	0.34160	1	0.49555	0.36149	1	0.46263	0.54317	12.49003	1.01539	1	0.72681	0.57149	13.90118	1.00858	1	-0.00943	-0.01138	0.68343	0.00427	1	0.05423	-0.01553	0.62350	0.00411	1	1.45898	0.81042	0	
1233042	8317.52148	3303974812174	0.50476	0.33845	8317.22070	0.30078	10836	1	0.52476	0.30842	1	0.49395	0.33274	1	0.50936	0.32058	1	0.46282	0.54365	12.96358	1.00858	1	0.72708	0.57155	13.84979	1.00858	1	-0.00943	-0.01138	0.68343	0.00411	1	0.05423	-0.01553	0.62350	0.00403	1	1.45898	0.81042	0	
1233043	8317.52832	3303974881023	0.50472	0.33867	8317.22070	0.30762	10836	1	0.52375	0.34936	1	0.48226	0.34754	1	0.50300	0.34845	1	0.46276	0.54398	13.47007	1.00858	1	0.72693	0.57179	13.47391	1.00858	1	-0.00943	-0.01138	0.68343	0.00401	1	0.05423	-0.01553	0.62350	0.00405	1	1.45898	0.81042	0	
1233044	8317.53516	3303974946051	0.50469	0.33881	8317.22070	0.31445	10836	1	0.52375	0.34936	1	0.48257	0.34177	1	0.50316	0.34557	1	0.46285	0.54441	13.58301	1.00858	1	0.72672	0.57145	13.89518	1.01539	1	-0.00943	-0.01138	0.68343	0.00385	1	0.05710	-0.01636	0.65706	0.00404	1	1.45898	0.81042	0	
1233045	8317.54199	3303975012371	0.50474	0.33924	8317.22070	0.32129	10836	1	0.52208	0.31372	1	0.47412	0.32673	1	0.49810	0.32023	1	0.46268	0.54350	12.95797	1.01539	1	0.72677	0.57138	13.70738	1.02220	1	-0.00943	-0.01138	0.68343	0.00419	1	0.05710	-0.01636	0.65706	0.00411	1	1.45898	0.81042	0	
1233046	8317.54883	3303975080623	0.50458	0.34005	8317.22070	0.32812	10836	1	0.52441	0.34749	1	0.47300	0.32062	1	0.49871	0.33406	1	0.46274	0.54431	13.15189	1.02220	1	0.72682	0.57162	14.23069	1.02901	1	-0.00943	-0.01138	0.68343	0.00388	1	0.05710	-0.01636	0.65706	0.00402	1	1.45898	0.81042	0	
1233047	8317.55566	3303975147645	0.50443	0.34102	8317.22070	0.33496	10836	1	0.52455	0.34847	1	0.47271	0.32749	1	0.49863	0.33798	1	0.46272	0.54320	12.89246	1.02099	1	0.72705	0.57161	13.83238	1.02099	1	-0.00926	-0.01111	0.66723	0.00428	1	0.05423	-0.01553	0.62350	0.00405	1	1.45898	0.81042	0	
1233048	8317.56152	3303975213144	0.50450	0.34211	8317.22070	0.34082	10836	1	0.54593	0.37338	1	0.50073	0.36301	1	0.52333	0.36819	1	0.46314	0.54443	13.75834	1.01297	1	0.72725	0.57187	13.63581	1.00617	1	-0.00926	-0.01111	0.66723	0.00387	1	0.05423	-0.01553	0.62350	0.00399	1	1.45898	0.81042	0	
1233049	8317.56836	3303975280024	0.50397	0.34262	8317.22070	0.34766	10836	1	0.52167	0.33361	1	0.47846	0.33926	1	0.50007	0.33643	1	0.46276	0.54375	13.05572	0.99815	1	0.72696	0.57148	13.49154	0.99134	1	-0.00926	-0.01111	0.66723	0.00417	1	0.05423	-0.01553	0.62350	0.00409	1	1.45898	0.81042	0	
1233050	8317.57520	3303975349723	0.50345	0.34327	8317.22070	0.35449	10836	1	0.52336	0.34618	1	0.47782	0.35216	1	0.50059	0.34917	1	0.46282	0.54430	13.14286	0.98332	1	0.72683	0.57162	14.30925	0.97652	1	-0.00926	-0.01111	0.66723	0.00390	1	0.05423	-0.01553	0.62350	0.00402	1	1.45898	0.81042	0	
1233051	8317.58203	3303975418889	0.50331	0.34430	8317.22070	0.36133	10836	1	0.53975	0.38109	1	0.46777	0.38653	1	0.50376	0.38381	1	0.46287	0.54418	13.27877	0.97652	1	0.72676	0.57175	14.20799	0.97652	1	-0.00926	-0.01111	0.66723	0.00393	1	0.05423	-0.01553	0.62350	0.00400	1	1.45898	0.81042	0	
1233052	8317.58887	3303975486015	0.50327	0.34512	8317.22070	0.36816	10836	1	0.56030	0.37589	1	0.47061	0.38485	1	0.51546	0.38037	1	0.46299	0.54430	13.56875	0.97652	1	0.72675	0.57173	14.63690	0.97652	1	-0.00926	-0.01111	0.66723	0.00394	1	0.05423	-0.01553	0.62350	0.00398	1	1.45898	0.81042	0	
1233053	8317.59570	3303975553152	0.50324	0.34589	8317.22070	0.37500	10836	1	0.56030	0.37589	1	0.47061	0.38485	1	0.51546	0.38037	1	0.46289	0.54426	13.19885	0.97652	1	0.72666	0.57150	13.76222	0.97652	1	-0.00926	-0.01111	0.66723	0.00397	1	0.05423	-0.01553	0.62350	0.00404	1	1.45898	0.81042	0	
1233054	8317.60254	3303975620136	0.50309	0.34651	8317.22070	0.38184	10836	1	0.55624	0.34562	1	0.46218	0.36666	1	0.50921	0.35614	1	0.46293	0.54407	13.33765	0.97652	1	0.72663	0.57157	13.80194	0.97652	1	-0.00926	-0.01111	0.66723	0.00388	1	0.05423	-0.01553	0.62350	0.00404	1	1.45898	0.81042	0	
1233055	8317.60938	3303975686518	0.50288	0.34745	8317.22070	0.38867	10836	1	0.55788	0.36807	1	0.45593	0.38875	1	0.50690	0.37841	1	0.46293	0.54404	13.28105	0.97652	1	0.72653	0.57195	14.39865	0.97652	1	-0.00926	-0.01111	0.66723	0.00395	1	0.05423	-0.01553	0.62350	0.00412	1	1.45898	0.81042	0	
1233056	8317.61621	3303975753693	0.50267	0.34787	8317.22070	0.39551	10836	1	0.55720	0.36142	1	0.45640	0.37007	1	0.50680	0.36574	1	0.46291	0.54413	13.24531	0.98453	1	0.72657	0.57196	14.38785	0.99900	1	-0.00938	-0.01120	0.67278	0.00394	1	0.05897	-0.01691	0.67916	0.00409	1	1.45898	0.81042	0	
1233057	8317.62207	3303975820682	0.50296	0.34709	8317.22070	0.40137	10836	1	0.56795	0.33684	1	0.48144	0.34360	1	0.52470	0.34022	1	0.46294	0.54420	13.20565	1.00702	1	0.72687	0.57172	13.99307	1.02148	1	-0.00938	-0.01120	0.67278	0.00394	1	0.05897	-0.01691	0.67916	0.00406	1	1.45898	0.81042	0	
1233058	8317.62891	3303975885923	0.50321	0.34559	8317.22070	0.40820	10836	1	0.56095	0.35367	1	0.47891	0.29669	1	0.51993	0.32518	1	0.46309	0.54424	13.42191	1.02950	1	0.72684	0.57165	14.17794	1.04397	1	-0.00938	-0.01120	0.67278	0.00393	1	0.05897	-0.01691	0.67916	0.00399	1	1.45898	0.81042	0	
1233059	8317.63574	3303975953764	0.50346	0.34375	8317.22070	0.41504	10836	1	0.55922	0.33567	1	0.47983	0.27720	1	0.51953	0.30644	1	0.46310	0.54424	13.41288	1.05199	1	0.72660	0.57206	14.60244	1.06645	1	-0.00938	-0.01120	0.67278	0.00398	1	0.05897	-0.01691	0.67916	0.00407	1	1.45898	0.81042	0	
1233060	8317.64258	3303976021469	0.50349	0.34257	8317.22070	0.42188	10836	1	0.54031	0.28949	1	0.43930	0.36639	1	0.48981	0.32794	1	0.46288	0.54407	13.16912	1.06645	1	0.72619	0.57244	15.21003	1.06645	1	-0.00938	-0.01120	0.67278	0.00395	1	0.05897	-0.01691	0.67916	0.00410	1	1.45898	0.81042	0	
1233061	8317.64941	3303976088502	0.50353	0.34118	8317.22070	0.42871	10836	1	0.53743	0.22634	1	0.45432	0.33917	1	0.49588	0.28275	1	0.46272	0.54371	13.03830	1.06645	1	0.72647	0.57218	14.48122	1.06645	1	-0.00938	-0.01120	0.67278	0.00391	1	0.05897	-0.01691	0.67916	0.00409	1	1.45898	0.81042	0	
1233062	8317.65625	3303976155267	0.50358	0.33998	8317.22070	0.43555	10836	1	0.53743	0.22634	1	0.45432	0.33917	1	0.49588	0.28275	1	0.46318	0.54442	13.20693	1.06645	1	0.72675	0.57190	13.89426	1.06645	1	-0.00938	-0.01120	0.67278	0.00409	1	0.05897	-0.01691	0.67916	0.00406	1	1.45898	0.81042	0	
1233063	8317.66309	3303976222141	0.50378	0.34006	8317.22070	0.44238	10836	1	0.52338	0.30293	1	0.46267	0.31958	1	0.49303	0.31125	1	0.46251	0.54408	13.47338	1.06645	1	0.72663	0.57192	14.06352	1.06645	1	-0.00938	-0.01120	0.67278	0.00394	1	0.05897	-0.01691	0.67916	0.00404	1	1.45898	0.81042	0	
1233064	8317.66992	3303976289512	0.50383	0.33952	8317.22070	0.44922	10836	1	0.49576	0.29285	1	0.46154	0.32984	1	0.47865	0.31135	1	0.46208	0.54406	13.07045	1.06645	1	0.72659	0.57203	14.41166	1.06645	1	-0.00938	-0.01120	0.67278	0.00411	1	0.05897	-0.01691	0.67916	0.00411	1	1.45898	0.81042	0	
1233065	8317.67578	3303976357322	0.50389	0.33912	8317.22070	0.45508	10836	1	0.49576	0.29285	1	0.46154	0.32984	1	0.47865	0.31135	1	0.46205	0.54318	13.43132	1.06645	1	0.72665	0.57190	14.32764	1.06645	1	-0.00938	-0.01120	0.67278	0.00431	1	0.05897	-0.01691	0.67916	0.00417	1	1.45898	0.81042	0	
1233066	8317.68262	3303976424491	0.50358	0.33882	8317.22070	0.46191	10836	1	0.52451	0.30136	1	0.46181	0.30936	1	0.49316	0.30536	1	0.46240	0.54390	13.45359	1.06645	1	0.72658	0.57172	14.02158	1.06645	1	-0.00938	-0.01120	0.67278	0.00390	1	0.05897	-0.01691	0.67916	0.00418	1	1.45898	0.81042	0	
1233067	8317.68945	3303976489215	0.50375	0.33984	8317.22070	0.46875	10836	1	0.55776	0.30385	1	0.46499	0.33714	1	0.51137	0.32049	1	0.46266	0.54416	13.97922	1.06645	1	0.72663	0.57210	14.41509	1.06645	1	-0.00938	-0.01120	0.67278	0.00392	1	0.05897	-0.01691	0.67916	0.00410	1	1.45898	0.81042	0	
1233068	8317.69629	3303976558025	0.50100	0.31213	8317.22070	0.46875	10836	0	0.55776	0.30385	1	0.46499	0.33714	1	0.51137	0.32049	1	0.46218	0.54395	13.36597	1.06645	1	0.72671	0.57217	14.30672	1.06645	1	-0.00966	-0.01142	0.68559	0.00389	1	0.05897	-0.01691	0.67916	0.00409	1	1.45898	0.81042	0	
1233069	8317.70312	3303976624450	0.50628	0.31628	8317.22070	0.46875	10836	0	0.50677	0.32039	1	0.51637	0.32047	1	0.51157	0.32043	1	0.46180	0.54411	12.73193	1.06645	1	0.72671	0.57178	14.22337	1.06645	1	-0.00966	-0.01142	0.68559	0.00397	1	0.05897	-0.01691	0.67916	0.00404	1	1.45898	0.81042	0	
1233070	8317.70996	3303976691225	0.50587	0.30328	8317.22070	0.46875	10836	0	0.50053	0.24356	1	0.50956	0.31103	1	0.50504	0.27729	1	0.46196	0.54382	12.83790	1.06645	1	0.72661	0.57195	13.96502	1.06645	1	-0.00966	-0.01142	0.68559	0.00400	1	0.05897	-0.01691	0.67916	0.00415	1	1.45898	0.81042	0	
1233071	8317.71680	3303976758431	0.50554	0.29830	8317.69629	0.02051	10837	1	0.50053	0.24356	1	0.50858	0.32315	1	0.50455	0.28335	1	0.46176	0.54416	12.80186	1.06645	1	0.72620	0.57154	13.42183	1.05199	1	-0.00966	-0.01142	0.68559	0.00395	1	0.05526	-0.01588	0.63756	0.00407	1	1.45898	0.81042	0	
1233072	8317.72266	3303976825675	0.50346	0.30519	8317.69629	0.02637	10837	1	0.50750	0.32726	1	0.48280	0.33823	1	0.49515	0.33274	1	0.46180	0.54424	12.89205	1.05199	1	0.72616	0.57185	13.79611	1.03752	1	-0.00966	-0.01142	0.68559	0.00392	1	0.05526	-0.01588	0.63756	0.00403	1	1.45898	0.81042	0	
1233073	8317.72949	3303976893282	0.50129	0.30925	8317.69629	0.03320	10837	1	0.49896	0.30979	1	0.48193	0.34935	1	0.49044	0.32957	1	0.46182	0.54413	12.77845	1.03752	1	0.72617	0.57192	13.79046	1.02305	1	-0.00966	-0.01142	0.68559	0.00397	1	0.05526	-0.01588	0.63756	0.00400	1	1.45898	0.81042	0	
1233074	8317.73633	3303976960611	0.49988	0.31484	8317.69629	0.04004	10837	1	0.50184	0.32868	1	0.48092	0.36809	1	0.49138	0.34839	1	0.46198	0.54408	13.08475	1.01503	1	0.72597	0.57151	14.16154	1.00057	1	-0.00942	-0.01106	0.66454	0.00394	1	0.05581	-0.01599	0.64392	0.00410	1	1.45898	0.81042	0	
1233075	8317.74316	3303977026853	0.50153	0.32211	8317.69629	0.04688	10837	1	0.56974	0.37448	1	0.45644	0.37145	1	0.51309	0.37296	1	0.46230	0.54424	13.21566	0.99255	1	0.72570	0.57169	14.11205	0.99255	1	-0.00942	-0.01106	0.66454	0.00404	1	0.05581	-0.01599	0.64392	0.00421	1	1.45898	0.81042	0	
1233076	8317.75000	3303977093344	0.50329	0.32858	8317.69629	0.05371	10837	1	0.57213	0.38086	1	0.46264	0.37977	1	0.51738	0.38031	1	0.46234	0.54426	13.66950	0.98453	1	0.72581	0.57139	13.80617	0.98453	1	-0.00942	-0.01106	0.66454	0.00389	1	0.05581	-0.01599	0.64392	0.00407	1	1.45898	0.81042	0	
1233077	8317.75684	3303977160622	0.50472	0.33315	8317.69629	0.06055	10837	1	0.57213	0.38086	1	0.46304	0.36770	1	0.51758	0.37428	1	0.46227	0.54422	13.29422	0.98453	1	0.72574	0.57142	13.99541	0.99900	1	-0.00957	-0.01119	0.67208	0.00392	1	0.05945	-0.01705	0.68700	0.00428	1	1.45898	0.81042	0	
1233078	8317.76367	3303977227311	0.50527	0.33644	8317.69629	0.06738	10837	1	0.55854	0.37418	1	0.46294	0.36457	1	0.51074	0.36937	1	0.46203	0.54434	13.43811	1.00702	1	0.72583	0.57166	13.91733	1.02148	1	-0.00957	-0.01119	0.67208	0.00396	1	0.05945	-0.01705	0.68700	0.00427	1	1.45898	0.81042	0	
1233079	8317.76953	3303977294408	0.50458	0.33919	8317.69629	0.07324	10837	1	0.53270	0.35650	1	0.46127	0.38234	1	0.49699	0.36942	1	0.46176	0.54408	13.77046	1.02950	1	0.72577	0.57149	14.03648	1.04397	1	-0.00957	-0.01119	0.67208	0.00391	1	0.05945	-0.01705	0.68700	0.00423	1	1.45898	0.81042	0	
1233080	8317.77637	3303977360840	0.50393	0.34015	8317.69629	0.08008	10837	1	0.53044	0.33853	1	0.46183	0.36472	1	0.49613	0.35162	1	0.46152	0.54397	13.65987	1.05199	1	0.72598	0.57059	13.70288	1.06645	1	-0.00957	-0.01119	0.67208	0.00393	1	0.05945	-0.01705	0.68700	0.00462	1	1.45898	0.81042	0	
1233081	8317.78320	3303977429509	0.50330	0.33880	8317.69629	0.08691	10837	1	0.52219	0.26933	1	0.46819	0.37318	1	0.49519	0.32126	1	0.46174	0.54377	13.95401	1.06645	1	0.72591	0.57153	13.91245	1.06645	1	-0.00957	-0.01119	0.67208	0.00379	1	0.05945	-0.01705	0.68700	0.00430	1	1.45898	0.81042	0	
1233082	8317.79004	3303977495712	0.50275	0.33737	8317.69629	0.09375	10837	1	0.52644	0.30164	1	0.46352	0.33302	1	0.49498	0.31733	1	0.46143	0.54360	13.26914	1.06645	1	0.72581	0.57125	13.92266	1.06645	1	-0.00957	-0.01119	0.67208	0.00385	1	0.05945	-0.01705	0.68700	0.00437	1	1.45898	0.81042	0	
1233083	8317.79688	3303977562090	0.50226	0.33611	8317.69629	0.10059	10837	1	0.52644	0.30164	1	0.46352	0.33302	1	0.49498	0.31733	1	0.46140	0.54368	13.28434	1.06645	1	0.72574	0.57109	14.08806	1.06645	1	-0.00929	-0.01081	0.65206	0.00383	1	0.05945	-0.01705	0.68700	0.00440	1	1.45898	0.81042	0	
1233084	8317.80371	3303977629788	0.50169	0.33529	8317.69629	0.10742	10837	1	0.52437	0.32384	1	0.46076	0.32024	1	0.49257	0.32204	1	0.46128	0.54358	13.26088	1.06645	1	0.72569	0.57086	14.53662	1.06645	1	-0.00929	-0.01081	0.65206	0.00391	1	0.05945	-0.01705	0.68700	0.00415	1	1.45898	0.81042	0	
1233085	8317.81055	3303977696269	0.50108	0.33461	8317.69629	0.11426	10837	1	0.52288	0.30814	1	0.45837	0.33808	1	0.49062	0.32311	1	0.46131	0.54364	13.31144	1.06645	1	0.72569	0.57106	14.75934	1.06645	1	-0.00929	-0.01081	0.65206	0.00388	1	0.05945	-0.01705	0.68700	0.00414	1	1.45898	0.81042	0	
1233086	8317.81641	3303977763097	0.50053	0.33400	8317.69629	0.12012	10837	1	0.52288	0.30814	1	0.45837	0.33808	1	0.49062	0.32311	1	0.46123	0.54304	12.93928	1.06645	1	0.72591	0.57087	14.20906	1.06645	1	-0.00929	-0.01081	0.65206	0.00400	1	0.05945	-0.01695	0.68700	0.00418	1	1.45898	0.81042	0	
1233087	8317.82324	3303977830114	0.50028	0.33215	8317.69629	0.12695	10837	1	0.52425	0.25652	1	0.46700	0.33730	1	0.49562	0.29691	1	0.46135	0.54325	13.00258	1.06645	1	0.72586	0.57115	14.25096	1.06645	1	-0.00929	-0.01081	0.65206	0.00403	1	0.05945	-0.01695	0.68700	0.00403	1	1.45898	0.81042	0	
1233088	8317.83008	3303977897104	0.49970	0.32910	8317.69629	0.13379	10837	1	0.49828	0.27758	1	0.47799	0.25848	1	0.48813	0.26803	1	0.46122	0.54326	13.33967	1.06645	1	0.72599	0.57018	14.04826	1.06645	1	-0.00929	-0.01081	0.65206	0.00417	1	0.05945	-0.01695	0.68700	0.00454	1	1.45898	0.81042	0	
1233089	8317.83691	3303977964512	0.49919	0.32664	8317.69629	0.14062	10837	1	0.49928	0.28438	1	0.47767	0.26557	1	0.48848	0.27497	1	0.46166	0.54324	13.69772	1.05844	1	0.72589	0.57124	14.49874	1.05844	1	-0.00947	-0.01091	0.66126	0.00401	1	0.05945	-0.01695	0.68700	0.00409	1	1.45898	0.81042	0	
1233090	8317.84375	3303978031077	0.49870	0.32607	8317.69629	0.14746	10837	1	0.50430	0.28794	1	0.47161	0.33942	1	0.48795	0.31368	1	0.46140	0.54329	13.56010	1.05042	1	0.72588	0.57115	14.56981	1.05042	1	-0.00947	-0.01091	0.66126	0.00387	1	0.05945	-0.01695	0.68700	0.00403	1	1.45898	0.81042	0	
1233091	8317.85059	3303978098684	0.49846	0.32554	8317.69629	0.15430	10837	1	0.51984	0.32080	1	0.46559	0.30564	1	0.49271	0.31322	1	0.46155	0.54379	14.03902	1.04240	1	0.72587	0.57032	14.02695	1.04240	1	-0.00947	-0.01091	0.66126	0.00390	1	0.05945	-0.01695	0.68700	0.00444	1	1.45898	0.81042	0	
1233092	8317.85645	3303978163928	0.49823	0.32504	8317.69629	0.16016	10837	1	0.51984	0.32080	1	0.46559	0.30564	1	0.49271	0.31322	1	0.46184	0.54314	12.74473	1.04240	1	0.72599	0.57040	14.13201	1.04240	1	-0.00978	-0.01123	0.68659	0.00397	1	0.05841	-0.01661	0.67505	0.00443	1	1.45898	0.81042	0	
1233093	8317.86328	3303978232151	0.49776	0.32471	8317.69629	0.16699	10837	1	0.51108	0.28434	1	0.46123	0.34849	1	0.48616	0.31641	1	0.46148	0.54297	13.62254	1.05042	1	0.72589	0.57109	14.53247	1.05042	1	-0.00978	-0.01123	0.68659	0.00404	1	0.05841	-0.01661	0.67505	0.00401	1	1.45898	0.81042	0	
1233094	8317.87012	3303978298688	0.49763	0.32460	8317.69629	0.17383	10837	1	0.52168	0.30524	1	0.46656	0.33834	1	0.49412	0.32179	1	0.46161	0.54324	13.89734	1.05844	1	0.72589	0.57107	14.51364	1.05844	1	-0.00978	-0.01123	0.68659	0.00397	1	0.05841	-0.01661	0.67505	0.00401	1	1.45898	0.81042	0	
1233095	8317.87695	3303978365640	0.49749	0.32427	8317.69629	0.18066	10837	1	0.52082	0.29861	1	0.46680	0.33180	1	0.49381	0.31521	1	0.46161	0.54331	13.91875	1.06645	1	0.72580	0.57113	14.52806	1.06645	1	-0.00978	-0.01123	0.68659	0.00396	1	0.05841	-0.01661	0.67505	0.00404	1	1.45898	0.81042	0	
1233096	8317.88379	3303978433339	0.49723	0.32375	8317.69629	0.18750	10837	1	0.52081	0.29252	1	0.45932	0.32612	1	0.49006	0.30932	1	0.46163	0.54325	14.01705	1.06645	1	0.72589	0.57100	14.55788	1.06645	1	-0.00978	-0.01123	0.68659	0.00397	1	0.05841	-0.01661	0.67505	0.00406	1	1.45898	0.81042	0	
1233097	8317.89062	3303978500382	0.49704	0.32329	8317.69629	0.19434	10837	1	0.51230	0.28385	1	0.47064	0.33596	1	0.49147	0.30991	1	0.46159	0.54318	13.86990	1.06645	1	0.72591	0.57112	14.35288	1.06645	1	-0.00978	-0.01123	0.68659	0.00398	1	0.05841	-0.01661	0.67505	0.00401	1	1.45898	0.81042	0	
1233098	8317.89746	3303978567295	0.49686	0.32286	8317.69629	0.20117	10837	1	0.51230	0.28385	1	0.47064	0.33596	1	0.49147	0.30991	1	0.46171	0.54280	12.96640	1.06645	1	0.72604	0.57100	14.56136	1.06645	1	-0.00978	-0.01123	0.68659	0.00413	1	0.05841	-0.01661	0.67505	0.00401	1	1.45898	0.81042	0	
1233099	8317.90430	3303978633967	0.49688	0.32136	8317.69629	0.20801	10837	1	0.52945	0.23454	1	0.46554	0.31496	1	0.49749	0.27475	1	0.46183	0.54312	13.18073	1.06645	1	0.72589	0.57095	14.66496	1.06645	1	-0.00978	-0.01123	0.68659	0.00404	1	0.05841	-0.01661	0.67505	0.00403	1	1.45898	0.81042	0	
1233100	8317.91016	3303978701283	0.49678	0.31977	8317.69629	0.21387	10837	1	0.51846	0.22065	1	0.46863	0.31725	1	0.49354	0.26895	1	0.46168	0.54279	12.96939	1.06645	1	0.72591	0.57100	14.45069	1.06645	1	-0.00978	-0.01123	0.68659	0.00411	1	0.05841	-0.01661	0.67505	0.00404	1	1.45898	0.81042	0	
1233101	8317.91699	3303978763287	0.49669	0.31865	8317.69629	0.22070	10837	1	0.51933	0.22787	1	0.46793	0.33588	1	0.49363	0.28188	1	0.46184	0.54268	13.07463	1.05844	1	0.72602	0.57076	14.49201	1.04397	1	-0.00935	-0.01079	0.66008	0.00413	1	0.05526	-0.01568	0.63756	0.00396	1	1.45898	0.81042	0	
1233102	8317.92383	3303978830829	0.49689	0.31760	8317.69629	0.22754	10837	1	0.52721	0.22838	1	0.47999	0.33514	1	0.50360	0.28176	1	0.46192	0.54321	13.32690	1.03595	1	0.72612	0.57080	14.43939	1.02148	1	-0.00935	-0.01079	0.66008	0.00404	1	0.05526	-0.01568	0.63756	0.00395	1	1.45898	0.81042	0	
1233103	8317.93066	3303978897848	0.49728	0.31785	8317.69629	0.23438	10837	1	0.54218	0.29389	1	0.47980	0.35904	1	0.51099	0.32647	1	0.46200	0.54260	13.15364	1.01347	1	0.72614	0.57064	13.90363	0.99900	1	-0.00935	-0.01079	0.66008	0.00417	1	0.05526	-0.01568	0.63756	0.00400	1	1.45898	0.81042	0	
1233104	8317.93750	3303978965611	0.49766	0.31860	8317.69629	0.24121	10837	1	0.54431	0.31353	1	0.47881	0.37801	1	0.51156	0.34577	1	0.46197	0.54260	13.11284	0.99098	1	0.72591	0.57084	14.46811	0.97652	1	-0.00935	-0.01079	0.66008	0.00421	1	0.05526	-0.01568	0.63756	0.00398	1	1.45898	0.81042	0	
1233105	8317.94336	3303979033394	0.49818	0.31970	8317.69629	0.24707	10837	1	0.55903	0.34031	1	0.47537	0.38010	1	0.51720	0.36021	1	0.46212	0.54301	13.71062	0.97652	1	0.72606	0.57088	14.01680	0.97652	1	-0.00935	-0.01079	0.66008	0.00415	1	0.05526	-0.01568	0.63756	0.00399	1	1.45898	0.81042	0	
1233106	8317.95020	3303979098112	0.49839	0.32088	8317.69629	0.25391	10837	1	0.53402	0.32552	1	0.47926	0.40588	1	0.50664	0.36570	1	0.46206	0.54306	13.49276	0.97652	1	0.72624	0.57093	14.07678	0.97652	1	-0.00935	-0.01079	0.66008	0.00414	1	0.05526	-0.01568	0.63756	0.00394	1	1.45898	0.81042	0	
1233107	8317.95703	3303979166423	0.49860	0.32200	8317.69629	0.26074	10837	1	0.53402	0.32552	1	0.47926	0.40588	1	0.50664	0.36570	1	0.46243	0.54377	13.90210	0.97652	1	0.72677	0.57083	13.86849	0.97652	1	-0.00935	-0.01079	0.66008	0.00387	1	0.05526	-0.01568	0.63756	0.00394	1	1.45898	0.81042	0	
1233108	8317.96387	3303979232213	0.49928	0.32344	8317.69629	0.26758	10837	1	0.53757	0.37526	1	0.51518	0.38742	1	0.52638	0.38134	1	0.46209	0.54379	13.54941	0.97652	1	0.72678	0.57088	13.97076	0.97652	1	-0.00935	-0.01079	0.66008	0.00389	1	0.05526	-0.01568	0.63756	0.00401	1	1.45898	0.81042	0	
1233109	8317.97070	3303979299984	0.49989	0.32497	8317.69629	0.27441	10837	1	0.54383	0.37562	1	0.50639	0.39989	1	0.52511	0.38776	1	0.46214	0.54363	13.47965	0.97652	1	0.72659	0.57087	14.56924	0.97652	1	-0.00935	-0.01079	0.66008	0.00396	1	0.05526	-0.01568	0.63756	0.00399	1	1.45898	0.81042	0	
1233110	8317.97754	3303979370540	0.50049	0.32614	8317.69629	0.28125	10837	1	0.54306	0.36902	1	0.50799	0.38137	1	0.52552	0.37520	1	0.46218	0.54389	13.76813	0.98453	1	0.72670	0.57096	14.19611	0.99900	1	-0.00966	-0.01121	0.68559	0.00394	1	0.05905	-0.01678	0.68002	0.00399	1	1.45898	0.81042	0	
1233111	8317.98438	3303979438657	0.50030	0.32692	8317.69629	0.28809	10837	1	0.53611	0.34231	1	0.44851	0.37876	1	0.49231	0.36054	1	0.46211	0.54355	13.98510	1.00702	1	0.72641	0.57109	14.96638	1.02148	1	-0.00966	-0.01121	0.68559	0.00388	1	0.05905	-0.01678	0.68002	0.00403	1	1.45898	0.81042	0	
1233112	8317.99121	3303979504655	0.49960	0.32730	8317.69629	0.29492	10837	1	0.48709	0.32979	1	0.45056	0.35792	1	0.46883	0.34385	1	0.46179	0.54349	13.22022	1.02950	1	0.72641	0.57109	14.96638	1.04397	1	-0.00966	-0.01121	0.68559	0.00416	1	0.05905	-0.01678	0.68002	0.00403	1	1.45898	0.81042	0	
1233113	8317.99805	3303979571746	0.50523	0.35219	8317.69629	0.29492	10837	0	0.48508	0.31781	1	0.45078	0.34625	1	0.46793	0.33203	1	0.46186	0.54312	12.96636	1.04397	1	0.72653	0.57082	14.35583	1.05844	1	-0.00929	-0.01084	0.66270	0.00408	1	0.05897	-0.01681	0.67916	0.00408	1	1.45898	0.81042	0	
1233114	8318.00391	3303979638734	0.49530	0.32738	8317.69629	0.29492	10837	0	0.51086	0.25186	1	0.45990	0.35327	1	0.48538	0.30256	1	0.46220	0.54302	13.55276	1.05042	1	0.72657	0.57126	14.15858	1.05042	1	-0.00929	-0.01084	0.66270	0.00398	1	0.05897	-0.01681	0.67916	0.00419	1	1.45898	0.81042	0	
1233115	8318.01074	3303979705518	0.49356	0.31319	8317.69629	0.29492	10837	0	0.51419	0.25017	1	0.46593	0.31947	1	0.49006	0.28482	1	0.46219	0.54301	13.62326	1.04240	1	0.72667	0.57043	13.99215	1.04240	1	-0.00929	-0.01084	0.66270	0.00402	1	0.05897	-0.01681	0.67916	0.00450	1	1.45898	0.81042	0	
1233116	8318.01758	3303979772737	0.49265	0.30691	8317.99805	0.01953	10838	1	0.51419	0.25017	1	0.46571	0.32594	1	0.48995	0.28806	1	0.46257	0.54312	13.03371	1.04240	1	0.72652	0.57062	14.03496	1.03474	1	-0.00948	-0.01116	0.67942	0.00399	1	0.05830	-0.01666	0.67091	0.00452	1	1.45898	0.81042	0	
1233117	8318.02441	3303979839870	0.49471	0.30748	8317.99805	0.02637	10838	1	0.53960	0.28349	1	0.46629	0.33608	1	0.50294	0.30978	1	0.46270	0.54301	13.11357	1.04276	1	0.72654	0.57046	13.98293	1.03510	1	-0.00948	-0.01116	0.67942	0.00409	1	0.05830	-0.01666	0.67091	0.00460	1	1.45898	0.81042	0	
1233118	8318.03125	3303979906581	0.49641	0.30295	8317.99805	0.03320	10838	1	0.54364	0.24605	1	0.46616	0.31455	1	0.50490	0.28030	1	0.46273	0.54279	13.09614	1.04312	1	0.72660	0.57060	13.84568	1.03546	1	-0.00948	-0.01116	0.67942	0.00404	1	0.05830	-0.01666	0.67091	0.00458	1	1.45898	0.81042	0	
1233119	8318.03809	3303979973246	0.49764	0.30109	8317.99805	0.04004	10838	1	0.54434	0.25290	1	0.46573	0.32693	1	0.50503	0.28992	1	0.46282	0.54272	13.23442	1.03546	1	0.72667	0.57071	13.72106	1.02099	1	-0.00904	-0.01070	0.65140	0.00414	1	0.05423	-0.01548	0.62350	0.00417	1	1.45898	0.81042	0	
1233120	8318.04492	3303980040568	0.49958	0.30301	8317.99805	0.04688	10838	1	0.54398	0.28256	1	0.48231	0.35037	1	0.51315	0.31646	1	0.46282	0.54272	13.23442	1.01297	1	0.72696	0.57048	13.94278	1.00617	1	-0.00904	-0.01070	0.65140	0.00413	1	0.05423	-0.01548	0.62350	0.00420	1	1.45898	0.81042	0	
1233121	8318.05078	3303980107534	0.50020	0.30485	8317.99805	0.05273	10838	1	0.53227	0.29581	1	0.47804	0.34329	1	0.50515	0.31955	1	0.46286	0.54289	13.68821	0.99815	1	0.72690	0.57015	13.90029	0.99134	1	-0.00904	-0.01070	0.65140	0.00414	1	0.05423	-0.01548	0.62350	0.00435	1	1.45898	0.81042	0	
1233122	8318.05762	3303980174515	0.50074	0.30762	8317.99805	0.05957	10838	1	0.53382	0.30894	1	0.47741	0.35613	1	0.50561	0.33253	1	0.46300	0.54344	13.79233	0.98332	1	0.72692	0.57107	14.46744	0.97652	1	-0.00904	-0.01070	0.65140	0.00390	1	0.05423	-0.01553	0.62350	0.00416	1	1.45898	0.81042	0	
1233123	8318.06445	3303980241496	0.50187	0.31550	8317.99805	0.06641	10838	1	0.53971	0.36809	1	0.48672	0.42047	1	0.51321	0.39428	1	0.46297	0.54362	13.76881	0.97652	1	0.72708	0.57109	14.44195	0.97652	1	-0.00904	-0.01070	0.65140	0.00391	1	0.05423	-0.01553	0.62350	0.00415	1	1.45898	0.81042	0	
1233124	8318.07129	3303980308060	0.50284	0.32196	8317.99805	0.07324	10838	1	0.54569	0.37911	1	0.48115	0.40694	1	0.51342	0.39303	1	0.46313	0.54367	13.73743	0.97652	1	0.72692	0.57097	14.48223	0.97652	1	-0.00904	-0.01070	0.65140	0.00391	1	0.05423	-0.01553	0.62350	0.00429	1	1.45898	0.81042	0	
1233125	8318.07812	3303980375362	0.50365	0.32671	8317.99805	0.08008	10838	1	0.54492	0.37255	1	0.48183	0.39487	1	0.51338	0.38371	1	0.46276	0.54367	13.08338	0.98453	1	0.72709	0.57087	14.12722	0.99134	1	-0.00954	-0.01135	0.69111	0.00395	1	0.05788	-0.01656	0.66487	0.00425	1	1.45898	0.81042	0	
1233126	8318.08496	3303980443885	0.50508	0.32959	8317.99805	0.08691	10838	1	0.54321	0.36366	1	0.50417	0.37040	1	0.52369	0.36703	1	0.46305	0.54375	13.69347	0.99936	1	0.72732	0.57088	13.96632	1.00617	1	-0.00954	-0.01135	0.69111	0.00388	1	0.05788	-0.01656	0.66487	0.00432	1	1.45898	0.81042	0	
1233127	8318.09180	3303980510407	0.50572	0.33242	8317.99805	0.09375	10838	1	0.54334	0.36629	1	0.48593	0.37776	1	0.51463	0.37203	1	0.46303	0.54376	13.83686	1.01418	1	0.72706	0.57122	14.49784	1.02099	1	-0.00954	-0.01135	0.69111	0.00389	1	0.05788	-0.01656	0.66487	0.00426	1	1.45898	0.81042	0	
1233128	8318.09766	3303980576350	0.50626	0.33395	8317.99805	0.09961	10838	1	0.54195	0.35442	1	0.48703	0.35960	1	0.51449	0.35701	1	0.46308	0.54380	13.69260	1.02901	1	0.72714	0.57128	14.41894	1.04348	1	-0.00954	-0.01135	0.69111	0.00392	1	0.05928	-0.01694	0.68035	0.00424	1	1.45898	0.81042	0	
1233129	8318.10449	3303980642961	0.50682	0.33337	8317.99805	0.10645	10838	1	0.53912	0.33157	1	0.49222	0.31648	1	0.51567	0.32402	1	0.46305	0.54375	13.69347	1.04348	1	0.72710	0.57119	14.23690	1.05113	1	-0.00954	-0.01135	0.69111	0.00389	1	0.05928	-0.01694	0.68035	0.00421	1	1.45898	0.81042	0	
1233130	8318.11133	3303980710786	0.50710	0.33208	8317.99805	0.11328	10838	1	0.52575	0.26829	1	0.49808	0.35199	1	0.51192	0.31014	1	0.46309	0.54372	13.92159	1.05113	1	0.72719	0.57114	14.38026	1.05879	1	-0.00954	-0.01135	0.69111	0.00388	1	0.05928	-0.01694	0.68035	0.00436	1	1.45898	0.81042	0	
1233131	8318.11816	3303980778065	0.50733	0.33075	8317.99805	0.12012	10838	1	0.52495	0.26165	1	0.49808	0.35199	1	0.51152	0.30682	1	0.46296	0.54361	13.68716	1.05879	1	0.72725	0.57138	14.71425	1.05879	1	-0.00943	-0.01128	0.68343	0.00388	1	0.05788	-0.01656	0.66487	0.00424	1	1.45898	0.81042	0	
1233132	8318.12500	3303980841321	0.50762	0.32949	8317.99805	0.12695	10838	1	0.51695	0.30225	1	0.50912	0.30883	1	0.51303	0.30554	1	0.46281	0.54348	13.15755	1.05879	1	0.72738	0.57107	14.06191	1.05113	1	-0.00943	-0.01128	0.68343	0.00403	1	0.05788	-0.01656	0.66487	0.00424	1	1.45898	0.81042	0	
1233133	8318.13086	3303980906469	0.50848	0.32782	8317.99805	0.13281	10838	1	0.53550	0.32370	1	0.51597	0.26538	1	0.52574	0.29454	1	0.46307	0.54363	13.66714	1.05113	1	0.72744	0.57102	14.11996	1.04348	1	-0.00943	-0.01128	0.68343	0.00395	1	0.05788	-0.01656	0.66487	0.00437	1	1.45898	0.81042	0	
1233134	8318.13770	3303980975346	0.50927	0.32661	8317.99805	0.13965	10838	1	0.53624	0.32993	1	0.51540	0.27228	1	0.52582	0.30110	1	0.46269	0.54343	12.90797	1.04348	1	0.72708	0.57109	14.40213	1.03582	1	-0.00943	-0.01128	0.68343	0.00400	1	0.05788	-0.01656	0.66487	0.00433	1	1.45898	0.81042	0	
1233135	8318.14453	3303981041261	0.50907	0.32611	8317.99805	0.14648	10838	1	0.51892	0.30747	1	0.49047	0.32256	1	0.50470	0.31501	1	0.46264	0.54348	13.07286	1.03582	1	0.72706	0.57118	14.55562	1.03582	1	-0.00943	-0.01128	0.68343	0.00396	1	0.05788	-0.01656	0.66487	0.00429	1	1.45898	0.81042	0	
1233136	8318.15137	3303981110968	0.50892	0.32410	8317.99805	0.15332	10838	1	0.51644	0.26684	1	0.49470	0.28910	1	0.50557	0.27797	1	0.46278	0.54339	13.23575	1.03582	1	0.72712	0.57120	14.69572	1.03582	1	-0.00943	-0.01128	0.68343	0.00396	1	0.05788	-0.01656	0.66487	0.00427	1	1.45898	0.81042	0	
1233137	8318.15820	3303981179088	0.50879	0.32225	8317.99805	0.16016	10838	1	0.51644	0.26684	1	0.49470	0.28910	1	0.50557	0.27797	1	0.46269	0.54382	12.77495	1.03582	1	0.72710	0.57149	14.90035	1.03582	1	-0.00943	-0.01138	0.68343	0.00391	1	0.05788	-0.01656	0.66487	0.00411	1	1.45898	0.81042	0	
1233138	8318.16504	3303981246834	0.50878	0.32276	8317.99805	0.16699	10838	1	0.51391	0.32439	1	0.50326	0.34640	1	0.50858	0.33540	1	0.46271	0.54348	13.00872	1.03582	1	0.72728	0.57149	14.82080	1.03582	1	-0.00943	-0.01138	0.68343	0.00394	1	0.05788	-0.01656	0.66487	0.00407	1	1.45898	0.81042	0	
1233139	8318.17188	3303981313287	0.50922	0.32166	8317.99805	0.17383	10838	1	0.54187	0.29154	1	0.49944	0.29456	1	0.52065	0.29305	1	0.46303	0.54368	13.83575	1.03582	1	0.72724	0.57107	14.23818	1.03582	1	-0.00943	-0.01138	0.68343	0.00388	1	0.05788	-0.01656	0.66487	0.00427	1	1.45898	0.81042	0	
1233140	8318.17871	3303981379404	0.50962	0.32075	8317.99805	0.18066	10838	1	0.54187	0.29154	1	0.49902	0.30054	1	0.52045	0.29604	1	0.46313	0.54380	13.94900	1.03582	1	0.72731	0.57130	14.66271	1.02901	1	-0.00943	-0.01138	0.68343	0.00390	1	0.05423	-0.01553	0.62350	0.00416	1	1.45898	0.81042	0	
1233141	8318.18555	3303981447677	0.50952	0.31996	8317.99805	0.18750	10838	1	0.51916	0.30210	1	0.49429	0.29369	1	0.50672	0.29789	1	0.46285	0.54361	13.20825	1.02901	1	0.72714	0.57107	14.19624	1.02220	1	-0.00943	-0.01138	0.68343	0.00391	1	0.05423	-0.01553	0.62350	0.00419	1	1.45898	0.81042	0	
1233142	8318.19238	3303981515509	0.50977	0.31944	8317.99805	0.19434	10838	1	0.53178	0.28804	1	0.50185	0.32097	1	0.51682	0.30450	1	0.46309	0.54379	14.08164	1.02220	1	0.72723	0.57156	14.70630	1.01539	1	-0.00943	-0.01138	0.68343	0.00386	1	0.05423	-0.01553	0.62350	0.00405	1	1.45898	0.81042	0	
1233143	8318.19824	3303981581856	0.51000	0.31938	8317.99805	0.20020	10838	1	0.53330	0.30097	1	0.50090	0.33386	1	0.51710	0.31741	1	0.46274	0.54330	13.00290	1.00737	1	0.72710	0.57172	15.19926	1.00057	1	-0.00904	-0.01080	0.65139	0.00387	1	0.05423	-0.01553	0.62350	0.00399	1	1.45898	0.81042	0	
1233144	8318.20508	3303981649595	0.51016	0.32060	8317.99805	0.20703	10838	1	0.53403	0.35365	1	0.49631	0.36324	1	0.51517	0.35845	1	0.46258	0.54380	12.76462	0.99255	1	0.72724	0.57158	15.04292	0.99255	1	-0.00904	-0.01080	0.65139	0.00404	1	0.05423	-0.01553	0.62350	0.00401	1	1.45898	0.81042	0	
1233145	8318.21191	3303981715095	0.51034	0.32016	8317.99805	0.21387	10838	1	0.53875	0.24280	1	0.49339	0.36951	1	0.51607	0.30615	1	0.46275	0.54313	12.90886	0.98453	1	0.72711	0.57161	15.17155	0.98453	1	-0.00904	-0.01080	0.65139	0.00393	1	0.05423	-0.01553	0.62350	0.00397	1	1.45898	0.81042	0	
1233146	8318.21875	3303981781646	0.51052	0.31996	8317.99805	0.22070	10838	1	0.53955	0.25042	1	0.49293	0.37629	1	0.51624	0.31336	1	0.46262	0.54368	12.94190	0.97652	1	0.72695	0.57137	13.68183	0.97652	1	-0.00926	-0.01111	0.66723	0.00376	1	0.05423	-0.01553	0.62350	0.00405	1	1.45898	0.81042	0	
1233147	8318.22559	3303981849087	0.51014	0.32048	8317.99805	0.22754	10838	1	0.52086	0.29430	1	0.47353	0.38209	1	0.49720	0.33819	1	0.46240	0.54366	13.37062	0.97652	1	0.72677	0.57147	13.94814	0.97652	1	-0.00926	-0.01111	0.66723	0.00385	1	0.05423	-0.01553	0.62350	0.00411	1	1.45898	0.81042	0	
1233148	8318.23242	3303981915695	0.51016	0.32046	8317.99805	0.23438	10838	1	0.54591	0.30300	1	0.47636	0.33675	1	0.51114	0.31988	1	0.46262	0.54368	12.94190	0.97652	1	0.72691	0.57131	13.58765	0.97652	1	-0.00926	-0.01111	0.66723	0.00376	1	0.05423	-0.01553	0.62350	0.00415	1	1.45898	0.81042	0	
1233149	8318.23926	3303981983409	0.51019	0.32045	8317.99805	0.24121	10838	1	0.54591	0.30300	1	0.47636	0.33675	1	0.51114	0.31988	1	0.46256	0.54358	12.91779	0.97652	1	0.72706	0.57139	14.67024	0.97652	1	-0.00926	-0.01111	0.66723	0.00380	1	0.05423	-0.01553	0.62350	0.00407	1	1.45898	0.81042	0	
1233150	8318.24512	3303982049714	0.51032	0.32028	8317.99805	0.24707	10838	1	0.53396	0.26535	1	0.49648	0.36287	1	0.51522	0.31411	1	0.46257	0.54357	12.87016	0.97652	1	0.72722	0.57157	14.95143	0.97652	1	-0.00926	-0.01111	0.66723	0.00379	1	0.05423	-0.01553	0.62350	0.00402	1	1.45898	0.81042	0	
1233151	8318.25195	3303982117045	0.51054	0.32109	8317.99805	0.25391	10838	1	0.57007	0.33455	1	0.46778	0.36925	1	0.51893	0.35190	1	0.46309	0.54374	13.87277	0.97652	1	0.72682	0.57163	14.15099	0.97652	1	-0.00926	-0.01111	0.66723	0.00385	1	0.05423	-0.01553	0.62350	0.00401	1	1.45898	0.81042	0	
1233152	8318.25879	3303982183956	0.51075	0.32186	8317.99805	0.26074	10838	1	0.57007	0.33455	1	0.46778	0.36925	1	0.51893	0.35190	1	0.46275	0.54336	12.94435	0.97652	1	0.72691	0.57126	13.60117	0.97652	1	-0.00926	-0.01111	0.66723	0.00384	1	0.05423	-0.01553	0.62350	0.00421	1	1.45898	0.81042	0	
1233153	8318.26562	3303982251387	0.51044	0.32244	8317.99805	0.26758	10838	1	0.51561	0.33029	1	0.48024	0.36108	1	0.49793	0.34569	1	0.46217	0.54357	13.65203	0.97652	1	0.72687	0.57139	13.98146	0.97652	1	-0.00926	-0.01111	0.66723	0.00379	1	0.05423	-0.01553	0.62350	0.00413	1	1.45898	0.81042	0	
1233154	8318.27246	3303982316444	0.51060	0.32232	8317.99805	0.27441	10838	1	0.54061	0.28200	1	0.49400	0.35251	1	0.51731	0.31726	1	0.46279	0.54332	13.07273	0.97652	1	0.72710	0.57146	14.56900	0.97652	1	-0.00926	-0.01111	0.66723	0.00381	1	0.05423	-0.01553	0.62350	0.00410	1	1.45898	0.81042	0	
1233155	8318.27930	3303982385801	0.51076	0.32204	8317.99805	0.28125	10838	1	0.53982	0.27463	1	0.49447	0.34553	1	0.51714	0.31008	1	0.46219	0.54341	13.55171	0.98453	1	0.72731	0.57137	14.54683	0.98453	1	-0.00938	-0.01120	0.67278	0.00376	1	0.05423	-0.01553	0.62350	0.00415	1	1.45898	0.81042	0	
1233156	8318.28613	3303982452019	0.51065	0.32239	8317.99805	0.28809	10838	1	0.53742	0.33568	1	0.47518	0.33957	1	0.50630	0.33762	1	0.46225	0.54371	14.18859	0.99255	1	0.72683	0.57149	14.05922	0.99255	1	-0.00938	-0.01120	0.67278	0.00374	1	0.05423	-0.01553	0.62350	0.00411	1	1.45898	0.81042	0	
1233157	8318.29199	3303982518925	0.51027	0.32190	8317.99805	0.29395	10838	1	0.50559	0.27260	1	0.48115	0.32820	1	0.49337	0.30040	1	0.46206	0.54361	13.82011	1.00057	1	0.72696	0.57135	13.70228	1.00057	1	-0.00938	-0.01120	0.67278	0.00379	1	0.05423	-0.01553	0.62350	0.00416	1	1.45898	0.81042	0	
1233158	8318.29883	3303982582769	0.50990	0.32128	8317.99805	0.30078	10838	1	0.50457	0.26532	1	0.48151	0.32120	1	0.49304	0.29326	1	0.46241	0.54389	14.17344	1.00858	1	0.72663	0.57176	14.47277	1.00858	1	-0.00938	-0.01120	0.67278	0.00391	1	0.05423	-0.01553	0.62350	0.00415	1	1.45898	0.81042	0	
1233159	8318.30566	3303982652501	0.50979	0.32170	8317.99805	0.30762	10838	1	0.53925	0.34147	1	0.47083	0.34061	1	0.50504	0.34104	1	0.46258	0.54397	14.24563	1.00858	1	0.72677	0.57158	14.49535	1.00858	1	-0.00938	-0.01120	0.67278	0.00394	1	0.05423	-0.01553	0.62350	0.00411	1	1.45898	0.81042	0	
1233160	8318.31250	3303982719641	0.50962	0.32187	8317.99805	0.31445	10838	1	0.53904	0.31274	1	0.46431	0.34678	1	0.50168	0.32976	1	0.46255	0.54374	13.89158	1.00858	1	0.72668	0.57166	14.47024	1.00858	1	-0.00938	-0.01120	0.67278	0.00398	1	0.05423	-0.01553	0.62350	0.00410	1	1.45898	0.81042	0	
1233161	8318.31836	3303982783086	0.50956	0.32141	8317.99805	0.32031	10838	1	0.53982	0.31963	1	0.46450	0.34132	1	0.50216	0.33047	1	0.46249	0.54393	14.11435	1.00057	1	0.72664	0.57182	14.46208	1.01503	1	-0.00929	-0.01103	0.66270	0.00390	1	0.05897	-0.01691	0.67916	0.00412	1	1.45898	0.81042	0	
1233162	8318.32520	3303982848984	0.50980	0.32217	8317.99805	0.32715	10838	1	0.53238	0.32576	1	0.46117	0.35176	1	0.49678	0.33876	1	0.46247	0.54392	14.03508	1.00702	1	0.72662	0.57175	14.46050	1.02148	1	-0.00929	-0.01103	0.66270	0.00392	1	0.05897	-0.01691	0.67916	0.00417	1	1.45898	0.81042	0	
1233163	8318.33301	3303982921747	0.50990	0.32319	8317.99805	0.33496	10838	1	0.52319	0.32875	1	0.46641	0.33879	1	0.49480	0.33377	1	0.46234	0.54387	13.97351	1.01347	1	0.72671	0.57176	14.44616	1.02794	1	-0.00929	-0.01103	0.66270	0.00395	1	0.05897	-0.01691	0.67916	0.00414	1	1.45898	0.81042	0	
1233164	8318.33887	3303982988471	0.50999	0.32403	8317.99805	0.34082	10838	1	0.52248	0.32333	1	0.46660	0.33338	1	0.49454	0.32836	1	0.46228	0.54399	13.76895	1.01992	1	0.72671	0.57196	14.55184	1.03439	1	-0.00929	-0.01103	0.66270	0.00401	1	0.05897	-0.01691	0.67916	0.00406	1	1.45898	0.81042	0	
1233165	8318.34570	3303983047792	0.51005	0.32403	8317.99805	0.34766	10838	1	0.54077	0.27448	1	0.47036	0.34554	1	0.50557	0.31001	1	0.46243	0.54405	14.10027	1.03439	1	0.72679	0.57192	14.39313	1.03439	1	-0.00929	-0.01103	0.66270	0.00400	1	0.05897	-0.01691	0.67916	0.00408	1	1.45898	0.81042	0	
1233166	8318.35254	3303983118614	0.50999	0.32481	8317.99805	0.35449	10838	1	0.53623	0.29794	1	0.46866	0.33722	1	0.50244	0.31758	1	0.46226	0.54392	13.64225	1.03439	1	0.72671	0.57179	14.47158	1.03439	1	-0.00929	-0.01103	0.66270	0.00401	1	0.05897	-0.01691	0.67916	0.00415	1	1.45898	0.81042	0	
1233167	8318.35938	3303983185579	0.50993	0.32524	8317.99805	0.36133	10838	1	0.53545	0.29110	1	0.46892	0.33053	1	0.50218	0.31081	1	0.46226	0.54417	13.60452	1.04240	1	0.72661	0.57195	14.84412	1.04240	1	-0.00966	-0.01142	0.68559	0.00409	1	0.05897	-0.01691	0.67916	0.00416	1	1.45898	0.81042	0	
1233168	8318.36621	3303983254061	0.50977	0.32564	8317.99805	0.36816	10838	1	0.53745	0.33235	1	0.47341	0.33831	1	0.50543	0.33533	1	0.46216	0.54440	14.36599	1.05042	1	0.72679	0.57190	14.35358	1.05042	1	-0.00966	-0.01142	0.68559	0.00393	1	0.05897	-0.01691	0.67916	0.00420	1	1.45898	0.81042	0	
1233169	8318.37207	3303983318786	0.50946	0.32581	8317.99805	0.37402	10838	1	0.51665	0.29933	1	0.46373	0.35588	1	0.49019	0.32760	1	0.46214	0.54431	14.40676	1.05844	1	0.72661	0.57195	14.77645	1.05844	1	-0.00966	-0.01142	0.68559	0.00392	1	0.05897	-0.01691	0.67916	0.00420	1	1.45898	0.81042	0	
1233170	8318.37891	3303983387096	0.50913	0.32557	8317.99805	0.38086	10838	1	0.51576	0.29265	1	0.46394	0.34948	1	0.48985	0.32107	1	0.46204	0.54428	14.03069	1.06645	1	0.72627	0.57195	15.05098	1.06645	1	-0.00966	-0.01142	0.68559	0.00388	1	0.05897	-0.01691	0.67916	0.00415	1	1.45898	0.81042	0	
1233171	8318.38574	3303983456287	0.50869	0.32419	8317.99805	0.38770	10838	1	0.52417	0.34315	1	0.45977	0.31285	1	0.49197	0.32800	1	0.46212	0.54458	14.17542	1.06645	1	0.72619	0.57198	15.21793	1.06645	1	-0.00966	-0.01142	0.68559	0.00385	1	0.05897	-0.01691	0.67916	0.00413	1	1.45898	0.81042	0	
1233172	8318.39258	3303983519906	0.50917	0.32246	8317.99805	0.39453	10838	1	0.55820	0.34051	1	0.51455	0.27995	1	0.53638	0.31023	1	0.46221	0.54460	13.83695	1.06645	1	0.72667	0.57144	14.35060	1.06645	1	-0.00966	-0.01142	0.68559	0.00391	1	0.05897	-0.01691	0.67916	0.00415	1	1.45898	0.81042	0	
1233173	8318.39941	3303983587473	0.50964	0.32114	8317.99805	0.40137	10838	1	0.55882	0.34680	1	0.51341	0.29355	1	0.53611	0.32017	1	0.46165	0.54414	13.95132	1.05844	1	0.72648	0.57111	14.48716	1.05078	1	-0.00942	-0.01106	0.66454	0.00396	1	0.05715	-0.01640	0.65880	0.00403	1	1.45898	0.81042	0	
1233174	8318.40625	3303983656943	0.50939	0.31996	8317.99805	0.40820	10838	1	0.52518	0.29299	1	0.49749	0.32825	1	0.51134	0.31062	1	0.46163	0.54412	13.97464	1.04276	1	0.72640	0.57152	14.83346	1.03510	1	-0.00942	-0.01106	0.66454	0.00396	1	0.05715	-0.01640	0.65880	0.00415	1	1.45898	0.81042	0	
1233175	8318.41309	3303983722309	0.50933	0.31828	8317.99805	0.41504	10838	1	0.52053	0.27015	1	0.50289	0.31223	1	0.51171	0.29119	1	0.46168	0.54417	14.12604	1.02708	1	0.72648	0.57131	14.78646	1.01943	1	-0.00942	-0.01106	0.66454	0.00400	1	0.05715	-0.01640	0.65880	0.00407	1	1.45898	0.81042	0	
1233176	8318.41895	3303983788458	0.50927	0.31705	8317.99805	0.42090	10838	1	0.52138	0.27694	1	0.50240	0.31893	1	0.51189	0.29793	1	0.46143	0.54270	13.69458	1.01943	1	0.72622	0.57154	15.02112	1.01177	1	-0.00957	-0.01119	0.67208	0.00451	1	0.05610	-0.01613	0.64784	0.00406	1	1.45898	0.81042	0	
1233177	8318.42578	3303983856089	0.50870	0.31637	8317.99805	0.42773	10838	1	0.51217	0.28447	1	0.46441	0.29888	1	0.48829	0.29167	1	0.46135	0.54422	13.88046	1.01978	1	0.72590	0.57125	14.39577	1.01978	1	-0.00957	-0.01119	0.67208	0.00402	1	0.05610	-0.01613	0.64784	0.00423	1	1.45898	0.81042	0	
1233178	8318.43262	3303983922000	0.50848	0.31633	8317.99805	0.43457	10838	1	0.51827	0.30036	1	0.48431	0.31616	1	0.50129	0.30826	1	0.46160	0.54394	13.86552	1.02780	1	0.72618	0.57157	15.16437	1.02780	1	-0.00957	-0.01119	0.67208	0.00395	1	0.05610	-0.01613	0.64784	0.00408	1	1.45898	0.81042	0	
1233179	8318.43945	3303983989122	0.50826	0.31599	8317.99805	0.44141	10838	1	0.51634	0.28572	1	0.48547	0.29480	1	0.50090	0.29026	1	0.46158	0.54391	13.84196	1.04490	1	0.72595	0.57160	14.30501	1.05256	1	-0.01008	-0.01172	0.70408	0.00400	1	0.05841	-0.01681	0.67505	0.00416	1	1.45898	0.81042	0	
1233180	8318.44629	3303984058312	0.50808	0.31514	8317.99805	0.44824	10838	1	0.53190	0.26729	1	0.47749	0.26243	1	0.50470	0.26486	1	0.46178	0.54425	14.17188	1.06165	1	0.72607	0.57113	14.18473	1.06931	1	-0.01008	-0.01172	0.70408	0.00401	1	0.05841	-0.01681	0.67505	0.00438	1	1.45898	0.81042	0	
1233181	8318.45312	3303984124046	0.50745	0.31380	8317.99805	0.45508	10838	1	0.51656	0.19859	1	0.47445	0.26197	1	0.49550	0.23028	1	0.46168	0.54399	14.21270	1.07839	1	0.72602	0.57153	14.29837	1.08605	1	-0.01008	-0.01172	0.70408	0.00398	1	0.05841	-0.01681	0.67505	0.00408	1	1.45898	0.81042	0	
1233182	8318.45996	3303984193231	0.50682	0.31233	8317.99805	0.46191	10838	1	0.51660	0.19892	1	0.47443	0.26228	1	0.49552	0.23060	1	0.46260	0.54454	14.55787	1.07803	1	0.72727	0.57087	14.63182	1.08569	1	-0.00929	-0.01113	0.66270	0.00418	1	0.05905	-0.01698	0.68002	0.00434	1	1.45898	0.81042	0	
1233183	8318.46680	3303984260491	0.51146	0.28696	8317.99805	0.46191	10838	0	0.54131	0.24842	1	0.54658	0.34651	1	0.54395	0.29746	1	0.46321	0.54400	13.05526	1.06859	1	0.72791	0.57270	15.28258	1.06859	1	-0.00929	-0.01113	0.66270	0.00437	1	0.05905	-0.01698	0.68002	0.00408	1	1.45898	0.81042	0	
1233184	8318.47363	3303984328120	0.49901	0.24706	8317.99805	0.46191	10838	0	0.52118	0.08890	1	0.45194	0.32542	1	0.48656	0.20716	1	0.46372	0.54299	13.31963	1.05149	1	0.72760	0.57282	16.23724	1.05149	1	-0.00929	-0.01113	0.66270	0.00284	1	0.05905	-0.01698	0.68002	0.00397	1	1.45898	0.81042	0	
1233185	8318.48047	3303984395415	0.49500	0.23659	8317.99805	0.46191	10838	0	0.52216	0.09833	1	0.45179	0.33297	1	0.48698	0.21565	1	0.46667	0.54593	13.58878	1.04240	1	0.73157	0.57378	14.61112	1.04240	1	-0.00829	-0.01091	0.63521	0.00394	1	0.06019	-0.01744	0.68606	0.00403	1	1.45898	0.81042	0	
1233186	8318.48633	3303984460534	0.53779	0.27900	8318.46680	0.01953	10839	1	0.67902	0.32321	1	0.65330	0.48926	1	0.66616	0.40623	1	0.46800	0.54637	14.12557	1.05042	1	0.73208	0.57441	14.10196	1.05042	1	-0.00829	-0.01091	0.63521	0.00366	1	0.06019	-0.01744	0.68606	0.00398	1	1.45898	0.81042	0	
1233187	8318.49316	3303984528371	0.55795	0.30393	8318.46680	0.02637	10839	1	0.67823	0.37482	1	0.59892	0.43244	1	0.63858	0.40363	1	0.46831	0.54687	14.37344	1.05844	1	0.73197	0.57443	13.93600	1.05844	1	-0.00829	-0.01091	0.63521	0.00373	1	0.06019	-0.01744	0.68606	0.00413	1	1.45898	0.81042	0	
1233188	8318.50000	3303984592962	0.57140	0.32002	8318.46680	0.03320	10839	1	0.67840	0.36879	1	0.59898	0.43217	1	0.63869	0.40048	1	0.46958	0.54775	14.26185	1.06645	1	0.73317	0.57503	14.58318	1.05879	1	-0.00858	-0.01184	0.68925	0.00396	1	0.05829	-0.01687	0.66164	0.00404	1	1.45898	0.81042	0	
1233189	8318.50684	3303984661157	0.59067	0.33412	8318.46680	0.04004	10839	1	0.74356	0.38117	1	0.66892	0.45632	1	0.70624	0.41874	1	0.46935	0.54698	14.00637	1.05879	1	0.73320	0.57511	14.77711	1.05113	1	-0.00858	-0.01184	0.68925	0.00401	1	0.05829	-0.01687	0.66164	0.00394	1	1.45898	0.81042	0	
1233190	8318.51367	3303984728036	0.60530	0.34686	8318.46680	0.04688	10839	1	0.74664	0.40533	1	0.66889	0.46672	1	0.70777	0.43603	1	0.46963	0.54759	14.02769	1.05113	1	0.73321	0.57517	14.78321	1.04348	1	-0.00858	-0.01184	0.68925	0.00393	1	0.05829	-0.01687	0.66164	0.00390	1	1.45898	0.81042	0	
1233191	8318.52051	3303984796305	0.61656	0.35738	8318.46680	0.05371	10839	1	0.74602	0.41089	1	0.66723	0.47222	1	0.70663	0.44156	1	0.46947	0.54742	13.66638	1.04348	1	0.73321	0.57502	14.29110	1.03582	1	-0.00851	-0.01165	0.67519	0.00391	1	0.05829	-0.01687	0.66164	0.00394	1	1.45898	0.81042	0	
1233192	8318.52637	3303984863268	0.62513	0.36550	8318.46680	0.05957	10839	1	0.74407	0.40783	1	0.66050	0.46924	1	0.70229	0.43853	1	0.46949	0.54748	13.93531	1.03582	1	0.73312	0.57513	14.48355	1.03582	1	-0.00851	-0.01165	0.67519	0.00390	1	0.05829	-0.01687	0.66164	0.00391	1	1.45898	0.81042	0	
1233193	8318.53320	3303984929897	0.63202	0.37388	8318.46680	0.06641	10839	1	0.72102	0.38861	1	0.68067	0.52673	1	0.70084	0.45767	1	0.46922	0.54751	14.14087	1.03582	1	0.73341	0.57560	13.81348	1.03582	1	-0.00851	-0.01165	0.67519	0.00392	1	0.05829	-0.01687	0.66164	0.00393	1	1.45898	0.81042	0	
1233194	8318.54004	3303984997271	0.63759	0.38152	8318.46680	0.07324	10839	1	0.72055	0.39465	1	0.67725	0.53659	1	0.69890	0.46562	1	0.46916	0.54746	14.17741	1.02780	1	0.73383	0.57531	14.27439	1.02099	1	-0.00822	-0.01132	0.65646	0.00393	1	0.05610	-0.01622	0.63624	0.00402	1	1.45898	0.81042	0	
1233195	8318.54688	3303985064086	0.64224	0.38690	8318.46680	0.08008	10839	1	0.70856	0.41113	1	0.68740	0.49163	1	0.69798	0.45138	1	0.46957	0.54720	14.01335	1.01297	1	0.73370	0.57516	14.07362	1.00617	1	-0.00822	-0.01132	0.65646	0.00385	1	0.05610	-0.01622	0.63624	0.00407	1	1.45898	0.81042	0	
1233196	8318.55371	3303985130042	0.67127	0.41578	8318.46680	0.08008	10839	0	0.71264	0.37713	1	0.69586	0.53045	1	0.70425	0.45379	1	0.46957	0.54718	13.94783	0.99815	1	0.73385	0.57534	14.25052	0.99134	1	-0.00822	-0.01132	0.65646	0.00386	1	0.05610	-0.01622	0.63624	0.00408	1	1.45898	0.81042	0	
1233197	8318.56055	3303985198325	0.68662	0.44029	8318.46680	0.08008	10839	0	0.71185	0.38890	1	0.69207	0.54071	1	0.70196	0.46481	1	0.46957	0.54718	13.94783	0.98332	1	0.73394	0.57544	14.14523	0.97652	1	-0.00822	-0.01132	0.65646	0.00386	1	0.05610	-0.01622	0.63624	0.00409	1	1.45898	0.81042	0	
1233198	8318.56641	3303985263371	0.69530	0.45111	8318.46680	0.08008	10839	0	0.73881	0.40491	1	0.68653	0.54060	1	0.71267	0.47276	1	0.46960	0.54727	14.00040	0.97652	1	0.73377	0.57542	14.66157	0.97652	1	-0.00822	-0.01132	0.65646	0.00388	1	0.05610	-0.01622	0.63624	0.00403	1	1.45898	0.81042	0	
1233199	8318.57324	3303985329027	0.69614	0.45535	8318.55371	0.01953	10840	1	0.71103	0.40582	1	0.68633	0.53028	1	0.69868	0.46805	1	0.46951	0.54733	14.04442	0.97652	1	0.73414	0.57542	14.31297	0.97652	1	-0.00822	-0.01132	0.65646	0.00385	1	0.05610	-0.01622	0.63624	0.00402	1	1.45898	0.81042	0	
1233200	8318.58008	3303985394337	0.69726	0.45568	8318.55371	0.02637	10840	1	0.71146	0.39954	1	0.69195	0.51447	1	0.70170	0.45701	1	0.46940	0.54744	13.97588	0.98453	1	0.73413	0.57558	14.81028	0.99900	1	-0.00858	-0.01189	0.68925	0.00377	1	0.05978	-0.01726	0.67679	0.00398	1	1.45898	0.81042	0	
1233201	8318.58691	3303985462525	0.69605	0.45637	8318.55371	0.03320	10840	1	0.70898	0.39082	1	0.67104	0.52886	1	0.69001	0.45984	1	0.46943	0.54714	13.57484	1.00702	1	0.73416	0.57561	14.56439	1.02148	1	-0.00858	-0.01189	0.68925	0.00377	1	0.05978	-0.01726	0.67679	0.00400	1	1.45898	0.81042	0	
1233202	8318.59375	3303985528318	0.69802	0.45316	8318.55371	0.04004	10840	1	0.73538	0.34686	1	0.68431	0.52089	1	0.70984	0.43388	1	0.46948	0.54727	13.82518	1.02950	1	0.73421	0.57566	14.70078	1.04397	1	-0.00858	-0.01189	0.68925	0.00382	1	0.05978	-0.01726	0.67679	0.00401	1	1.45898	0.81042	0	
1233203	8318.60059	3303985596973	0.69992	0.44869	8318.55371	0.04688	10840	1	0.73695	0.32893	1	0.68953	0.50591	1	0.71324	0.41742	1	0.46950	0.54719	13.68038	1.05199	1	0.73436	0.57590	14.33935	1.06645	1	-0.00858	-0.01189	0.68925	0.00385	1	0.06074	-0.01759	0.68764	0.00428	1	1.45898	0.81042	0	
1233204	8318.60645	3303985664425	0.70106	0.44446	8318.55371	0.05273	10840	1	0.73348	0.32044	1	0.68692	0.50082	1	0.71020	0.41063	1	0.46950	0.54719	13.68038	1.06645	1	0.73421	0.57556	14.28575	1.06645	1	-0.00858	-0.01189	0.68925	0.00385	1	0.06074	-0.01759	0.68764	0.00400	1	1.45898	0.81042	0	
1233205	8318.61328	3303985731117	0.70087	0.44022	8318.55371	0.05957	10840	1	0.71753	0.32493	1	0.68066	0.47922	1	0.69909	0.40207	1	0.46967	0.54731	13.93759	1.06645	1	0.73414	0.57543	14.52190	1.06645	1	-0.00858	-0.01189	0.68925	0.00386	1	0.06074	-0.01759	0.68764	0.00388	1	1.45898	0.81042	0	
1233206	8318.62012	3303985798825	0.70071	0.43676	8318.55371	0.06641	10840	1	0.71753	0.32493	1	0.68066	0.47922	1	0.69909	0.40207	1	0.46974	0.54732	13.90584	1.06645	1	0.73416	0.57532	14.53684	1.06645	1	-0.00858	-0.01189	0.68925	0.00383	1	0.06074	-0.01759	0.68764	0.00397	1	1.45898	0.81042	0	
1233207	8318.62695	3303985868086	0.70182	0.43461	8318.55371	0.07324	10840	1	0.73853	0.36690	1	0.68967	0.45503	1	0.71410	0.41096	1	0.46966	0.54759	13.93011	1.06645	1	0.73419	0.57535	14.53091	1.06645	1	-0.00858	-0.01189	0.68925	0.00378	1	0.06074	-0.01759	0.68764	0.00396	1	1.45898	0.81042	0	
1233208	8318.63379	3303985934859	0.70290	0.43106	8318.55371	0.08008	10840	1	0.74488	0.32076	1	0.68675	0.45637	1	0.71581	0.38857	1	0.46977	0.54733	13.84588	1.06645	1	0.73416	0.57521	14.34582	1.06645	1	-0.00858	-0.01189	0.68925	0.00382	1	0.06074	-0.01759	0.68764	0.00401	1	1.45898	0.81042	0	
1233209	8318.64062	3303986001548	0.70362	0.42883	8318.55371	0.08691	10840	1	0.74428	0.32712	1	0.68159	0.47242	1	0.71294	0.39977	1	0.46995	0.54749	13.23336	1.05844	1	0.73436	0.57568	14.79366	1.04397	1	-0.00812	-0.01132	0.65639	0.00379	1	0.05707	-0.01655	0.64507	0.00380	1	1.45898	0.81042	0	
1233210	8318.64746	3303986069049	0.70460	0.42900	8318.55371	0.09375	10840	1	0.74913	0.34741	1	0.68767	0.51526	1	0.71840	0.43133	1	0.47010	0.54726	13.60038	1.03595	1	0.73443	0.57551	14.23508	1.02148	1	-0.00812	-0.01132	0.65639	0.00403	1	0.05707	-0.01655	0.64507	0.00383	1	1.45898	0.81042	0	
1233211	8318.65430	3303986136887	0.70512	0.43131	8318.55371	0.10059	10840	1	0.73987	0.40220	1	0.68588	0.52997	1	0.71287	0.46609	1	0.46990	0.54756	13.55647	1.01347	1	0.73449	0.57563	14.04243	0.99900	1	-0.00812	-0.01132	0.65639	0.00378	1	0.05707	-0.01655	0.64507	0.00384	1	1.45898	0.81042	0	
1233212	8318.66113	3303986203028	0.70536	0.43431	8318.55371	0.10742	10840	1	0.73813	0.41921	1	0.68038	0.54541	1	0.70925	0.48231	1	0.47003	0.54757	14.36949	0.99098	1	0.73456	0.57547	13.88376	0.97652	1	-0.00804	-0.01135	0.65784	0.00365	1	0.05707	-0.01659	0.64507	0.00400	1	1.45898	0.81042	0	
1233213	8318.66699	3303986269875	0.70563	0.43997	8318.55371	0.11328	10840	1	0.71806	0.47824	1	0.70251	0.59407	1	0.71028	0.53616	1	0.47025	0.54794	13.84524	0.97652	1	0.73494	0.57617	14.35576	0.97652	1	-0.00804	-0.01135	0.65784	0.00374	1	0.05707	-0.01659	0.64507	0.00406	1	1.45898	0.81042	0	
1233214	8318.67383	3303986336851	0.70554	0.44197	8318.55371	0.12012	10840	1	0.72145	0.39774	1	0.68633	0.55809	1	0.70389	0.47792	1	0.47051	0.54710	13.64644	0.97652	1	0.73495	0.57620	14.51212	0.97652	1	-0.00804	-0.01135	0.65784	0.00400	1	0.05707	-0.01659	0.64507	0.00425	1	1.45898	0.81042	0	
1233215	8318.68066	3303986403906	0.70561	0.44323	8318.55371	0.12695	10840	1	0.72195	0.39141	1	0.69196	0.54294	1	0.70696	0.46717	1	0.47062	0.54790	14.13562	0.98453	1	0.73477	0.57661	14.80094	0.99900	1	-0.00822	-0.01178	0.67676	0.00381	1	0.06047	-0.01755	0.68232	0.00394	1	1.45898	0.81042	0	
1233216	8318.68750	3303986470955	0.70592	0.44571	8318.55371	0.13379	10840	1	0.74399	0.41883	1	0.68008	0.57177	1	0.71203	0.49530	1	0.47084	0.54786	13.58695	1.00702	1	0.73506	0.57673	14.22499	1.02148	1	-0.00822	-0.01178	0.67676	0.00396	1	0.06047	-0.01755	0.68232	0.00384	1	1.45898	0.81042	0	
1233217	8318.69434	3303986537937	0.70649	0.44675	8318.55371	0.14062	10840	1	0.74224	0.37607	1	0.69453	0.56133	1	0.71839	0.46870	1	0.47072	0.54753	13.31485	1.02950	1	0.73519	0.57668	14.47918	1.04397	1	-0.00822	-0.01178	0.67676	0.00392	1	0.06047	-0.01755	0.68232	0.00388	1	1.45898	0.81042	0	
1233218	8318.70117	3303986604772	0.70706	0.44737	8318.55371	0.14746	10840	1	0.74335	0.36495	1	0.69618	0.55706	1	0.71977	0.46100	1	0.47105	0.54817	14.53690	1.04397	1	0.73544	0.57617	14.39773	1.05078	1	-0.00794	-0.01145	0.65813	0.00361	1	0.05831	-0.01696	0.65739	0.00403	1	1.45898	0.81042	0	
1233219	8318.70801	3303986671889	0.70827	0.44772	8318.55371	0.15430	10840	1	0.76738	0.40316	1	0.70448	0.50844	1	0.73593	0.45580	1	0.47120	0.54827	14.37080	1.04276	1	0.73538	0.57658	14.50912	1.03510	1	-0.00794	-0.01145	0.65813	0.00366	1	0.05831	-0.01696	0.65739	0.00388	1	1.45898	0.81042	0	
1233220	8318.71387	3303986735838	0.70837	0.44960	8318.55371	0.16016	10840	1	0.72624	0.42125	1	0.69569	0.56792	1	0.71096	0.49458	1	0.47125	0.54834	14.30860	1.02708	1	0.73533	0.57655	14.67720	1.01943	1	-0.00794	-0.01145	0.65813	0.00372	1	0.05831	-0.01696	0.65739	0.00399	1	1.45898	0.81042	0	
1233221	8318.72070	3303986805134	0.71412	0.47781	8318.55371	0.16016	10840	0	0.72574	0.42683	1	0.69569	0.56792	1	0.71071	0.49737	1	0.47127	0.54832	14.25015	1.01943	1	0.73613	0.57697	14.21020	1.01943	1	-0.00803	-0.01179	0.67762	0.00371	1	0.06038	-0.01752	0.67899	0.00422	1	1.45898	0.81042	0	
1233222	8318.72754	3303986870547	0.71953	0.49403	8318.55371	0.16016	10840	0	0.75673	0.45337	1	0.69313	0.56711	1	0.72493	0.51024	1	0.47142	0.54831	14.00790	1.02744	1	0.73602	0.57712	14.39104	1.03510	1	-0.00803	-0.01179	0.67762	0.00374	1	0.06038	-0.01752	0.67899	0.00425	1	1.45898	0.81042	0	
1233223	8318.73438	3303986935470	0.72056	0.49800	8318.55371	0.16016	10840	0	0.75573	0.45547	1	0.68952	0.55643	1	0.72262	0.50595	1	0.47150	0.54831	13.78335	1.04312	1	0.73590	0.57713	14.73282	1.05078	1	-0.00803	-0.01179	0.67762	0.00378	1	0.06038	-0.01752	0.67899	0.00412	1	1.45898	0.81042	0	AUDIO_FILE_OFFSET
1233224	8318.74121	3303987003275	0.72116	0.49933	8318.72070	0.02051	10841	1	0.75642	0.45024	1	0.68952	0.55643	1	0.72297	0.50333	1	0.47171	0.54846	13.47071	1.05078	1	0.73585	0.57642	14.61122	1.05078	1	-0.00779	-0.01152	0.66202	0.00377	1	0.06533	-0.01899	0.73393	0.00398	1	1.45898	0.81042	0	
1233225	8318.74805	3303987070944	0.72418	0.49557	8318.72070	0.02734	10841	1	0.77186	0.46905	1	0.70061	0.49199	1	0.73623	0.48052	1	0.47170	0.54850	13.47778	1.04276	1	0.73610	0.57624	14.34582	1.03510	1	-0.00779	-0.01152	0.66202	0.00376	1	0.06533	-0.01899	0.73393	0.00406	1	1.45898	0.81042	0	
1233226	8318.75391	3303987137862	0.72420	0.49202	8318.72070	0.03320	10841	1	0.74530	0.45902	1	0.70331	0.48953	1	0.72431	0.47428	1	0.47154	0.54833	14.16488	1.02708	1	0.73625	0.57610	14.11315	1.01943	1	-0.00779	-0.01152	0.66202	0.00353	1	0.06533	-0.01899	0.73393	0.00416	1	1.45898	0.81042	0	STOP_TRIAL
1233528	8320.77734	3304007369106	0.51800	0.47977	8320.44238	0.33496	10849	1	0.52288	0.51083	1	0.46240	0.48789	1	0.49264	0.49936	1	0.44324	0.55718	13.49251	1.02744	1	0.70913	0.57857	13.24051	1.03510	1	-0.01457	-0.01360	0.68421	0.00350	1	0.05483	-0.01820	0.68343	0.00348	1	1.45898	0.81042	0	START_TRIAL
1233529	8320.78418	3304007436254	0.51759	0.47802	8320.44238	0.34180	10849	1	0.53267	0.46405	1	0.46128	0.40365	1	0.49697	0.43385	1	0.44325	0.55685	13.51583	1.04312	1	0.70905	0.57863	12.98141	1.05078	1	-0.01457	-0.01360	0.68421	0.00344	1	0.05483	-0.01820	0.68343	0.00393	1	1.45898	0.81042	0	
1233530	8320.79102	3304007504519	0.51717	0.47632	8320.44238	0.34863	10849	1	0.53190	0.45880	1	0.46111	0.40881	1	0.49651	0.43380	1	0.44283	0.55745	12.64858	1.05078	1	0.70924	0.57952	13.17324	1.04397	1	-0.01421	-0.01356	0.66960	0.00335	1	0.05061	-0.01702	0.63208	0.00340	1	1.45898	0.81042	0	
1233531	8320.79785	3304007570789	0.51712	0.47563	8320.44238	0.35547	10849	1	0.55511	0.47750	1	0.48853	0.50674	1	0.52182	0.49212	1	0.44314	0.55821	13.49321	1.03595	1	0.70918	0.57954	13.15355	1.02148	1	-0.01421	-0.01356	0.66960	0.00346	1	0.05061	-0.01702	0.63208	0.00346	1	1.45898	0.81042	0	
1233532	8320.80469	3304007637204	0.51717	0.47558	8320.44238	0.36230	10849	1	0.54876	0.48279	1	0.49817	0.48299	1	0.52347	0.48289	1	0.44322	0.55789	13.03632	1.01347	1	0.70922	0.57943	13.09234	0.99900	1	-0.01421	-0.01356	0.66960	0.00345	1	0.05061	-0.01702	0.63208	0.00343	1	1.45898	0.81042	0	
1233533	8320.81055	3304007704400	0.51724	0.47585	8320.44238	0.36816	10849	1	0.55077	0.49822	1	0.49720	0.49430	1	0.52399	0.49626	1	0.44307	0.55858	13.22834	0.99098	1	0.70885	0.57997	13.49791	0.98332	1	-0.01394	-0.01340	0.65218	0.00337	1	0.05216	-0.01765	0.65196	0.00349	1	1.45898	0.81042	0	
1233534	8320.81738	3304007769387	0.51714	0.47580	8320.44238	0.37500	10849	1	0.54549	0.52297	1	0.49326	0.51582	1	0.51938	0.51939	1	0.44312	0.55917	13.30059	0.98332	1	0.70918	0.57994	13.09596	0.99013	1	-0.01394	-0.01340	0.65218	0.00352	1	0.05216	-0.01765	0.65196	0.00366	1	1.45898	0.81042	0	
1233535	8320.82422	3304007838466	0.51624	0.47549	8320.44238	0.38184	10849	1	0.53450	0.51604	1	0.47138	0.48075	1	0.50294	0.49839	1	0.44291	0.55923	13.22858	0.99013	1	0.70889	0.57993	12.49495	0.99694	1	-0.01394	-0.01340	0.65218	0.00352	1	0.05216	-0.01765	0.65196	0.00370	1	1.45898	0.81042	0	
1233536	8320.83105	3304007905441	0.51533	0.47515	8320.44238	0.38867	10849	1	0.53379	0.51148	1	0.47162	0.47583	1	0.50271	0.49365	1	0.44259	0.55903	12.47794	0.99694	1	0.70849	0.58042	12.92450	1.00375	1	-0.01394	-0.01345	0.65219	0.00361	1	0.05216	-0.01765	0.65196	0.00352	1	1.45898	0.81042	0	
1233537	8320.83789	3304007972080	0.51468	0.47537	8320.44238	0.39551	10849	1	0.52275	0.50931	1	0.44262	0.53415	1	0.48269	0.52173	1	0.44266	0.55889	12.31646	1.00375	1	0.70842	0.58027	12.86684	1.00375	1	-0.01394	-0.01345	0.65219	0.00370	1	0.05216	-0.01765	0.65196	0.00349	1	1.45898	0.81042	0	
1233538	8320.84473	3304008039410	0.51377	0.47555	8320.44238	0.40234	10849	1	0.53130	0.51629	1	0.46691	0.48227	1	0.49910	0.49928	1	0.44282	0.55925	12.76348	1.00375	1	0.70872	0.57975	12.20568	1.00375	1	-0.01394	-0.01345	0.65219	0.00359	1	0.05216	-0.01765	0.65196	0.00363	1	1.45898	0.81042	0	
1233539	8320.85156	3304008106103	0.51287	0.47572	8320.44238	0.40918	10849	1	0.53130	0.51629	1	0.46715	0.47678	1	0.49922	0.49654	1	0.44271	0.55894	12.30424	1.00375	1	0.70866	0.58032	12.95889	1.01141	1	-0.01421	-0.01391	0.66960	0.00370	1	0.05511	-0.01867	0.68941	0.00365	1	1.45898	0.81042	0	
1233540	8320.85742	3304008173128	0.51209	0.47740	8320.44238	0.41504	10849	1	0.52372	0.49829	1	0.45657	0.53307	1	0.49014	0.51568	1	0.44271	0.55894	12.30424	1.01141	1	0.70856	0.58020	13.24614	1.01907	1	-0.01421	-0.01391	0.66960	0.00370	1	0.05511	-0.01867	0.68941	0.00337	1	1.45898	0.81042	0	
1233541	8320.86426	3304008240068	0.51144	0.47843	8320.44238	0.42188	10849	1	0.51025	0.51602	1	0.48582	0.53748	1	0.49804	0.52675	1	0.44291	0.55929	12.73450	1.01907	1	0.70867	0.57988	13.15297	1.02673	1	-0.01421	-0.01391	0.66960	0.00354	1	0.05511	-0.01867	0.68941	0.00340	1	1.45898	0.81042	0	
1233542	8320.87109	3304008307052	0.50510	0.50537	8320.44238	0.42188	10849	0	0.50932	0.51102	1	0.48619	0.53252	1	0.49776	0.52177	1	0.44323	0.55861	13.01961	1.02673	1	0.70860	0.57967	13.02892	1.03439	1	-0.01421	-0.01381	0.66960	0.00351	1	0.05402	-0.01805	0.67586	0.00362	1	1.45898	0.81042	0	
1233543	8320.87793	3304008374198	0.49704	0.49252	8320.44238	0.42188	10849	0	0.51750	0.46351	1	0.46046	0.49584	1	0.48898	0.47967	1	0.44309	0.55812	12.76228	1.03439	1	0.70870	0.57924	12.35002	1.03439	1	-0.01421	-0.01381	0.66960	0.00366	1	0.05402	-0.01805	0.67586	0.00325	1	1.45898	0.81042	0	
1233544	8320.88477	3304008440647	0.49452	0.49928	8320.44238	0.42188	10849	0	0.49193	0.48833	1	0.48705	0.53725	1	0.48949	0.51279	1	0.44303	0.55820	12.01721	1.03439	1	0.70869	0.57887	12.96629	1.03439	1	-0.01421	-0.01381	0.66960	0.00333	1	0.05402	-0.01805	0.67586	0.00308	1	1.45898	0.81042	0	
1233545	8320.89160	3304008508220	0.49256	0.51000	8320.87109	0.02051	10850	1	0.49193	0.48833	0	0.48667	0.54218	1	0.48667	0.54218	1	0.44303	0.55820	12.01721	1.03439	0	0.70847	0.57681	13.08260	1.02673	1	-0.01421	-0.01381	0.66960	0.00333	1	0.05216	-0.01705	0.65317	0.00394	1	1.45898	0.81042	0	
1233546	8320.89844	3304008575526	0.49256	0.51000	8320.87109	0.02734	10850	1	0.49193	0.48833	0	0.48667	0.54218	0	0.48667	0.54218	0	0.44303	0.55820	12.01721	1.02673	0	0.70847	0.57681	13.08260	1.01907	0	-0.01421	-0.01381	0.66960	0.00333	1	0.05216	-0.01705	0.65317	0.00394	1	1.45898	0.81042	0	
1233547	8320.90430	3304008642271	0.49256	0.51000	8320.87109	0.03320	10850	1	0.49193	0.48833	0	0.48667	0.54218	0	0.48667	0.54218	0	0.44303	0.55820	12.01721	1.01907	0	0.70847	0.57681	13.08260	1.01141	0	-0.01421	-0.01381	0.66960	0.00333	1	0.05216	-0.01705	0.65317	0.00394	1	1.45898	0.81042	0	
1233548	8320.91113	3304008708951	0.49256	0.51000	8320.87109	0.04004	10850	1	0.49193	0.48833	0	0.48667	0.54218	0	0.48667	0.54218	0	0.44303	0.55820	12.01721	1.01141	0	0.70847	0.57681	13.08260	1.00375	0	-0.01421	-0.01381	0.66960	0.00333	1	0.05216	-0.01705	0.65317	0.00394	1	1.45898	0.81042	0	
1233549	8320.91797	3304008773559	0.48838	0.51155	8320.87109	0.04004	10850	0	0.49193	0.48833	0	0.48667	0.54218	0	0.48667	0.54218	0	0.44303	0.55820	12.01721	1.00375	0	0.70847	0.57681	13.08260	1.00375	0	-0.01421	-0.01381	0.66960	0.00333	1	0.05216	-0.01705	0.65317	0.00394	1	1.45898	0.81042	0	
1233550	8320.92480	3304008843161	0.48838	0.51155	8320.87109	0.04004	10850	0	0.49193	0.48833	0	0.48667	0.54218	0	0.48667	0.54218	0	0.44303	0.55820	12.01721	1.00375	0	0.70847	0.57681	13.08260	1.00375	0	-0.01421	-0.01381	0.66960	0.00333	1	0.05216	-0.01705	0.65317	0.00394	1	1.45898	0.81042	0	
1233551	8320.93164	3304008909449	0.48838	0.51155	8320.87109	0.04004	10850	0	0.49193	0.48833	0	0.48667	0.54218	0	0.48667	0.54218	0	0.44303	0.55820	12.01721	1.00375	0	0.70847	0.57681	13.08260	1.00375	0	-0.01421	-0.01381	0.66960	0.00333	1	0.05216	-0.01705	0.65317	0.00394	1	1.45898	0.81042	0	
1233552	8320.93848	3304008977137	0.00000	0.00000	8320.87109	0.04004	10850	0	0.49193	0.48833	0	0.48667	0.54218	0	0.48667	0.54218	0	0.44303	0.55820	12.01721	1.00375	0	0.70847	0.57681	13.08260	1.00375	0	-0.01421	-0.01381	0.66960	0.00333	1	0.05216	-0.01705	0.65317	0.00394	1	1.45898	0.81042	0	
1233553	8320.94531	3304009043845	0.00000	0.00000	8320.87109	0.04004	10850	0	0.49193	0.48833	0	0.48667	0.54218	0	0.48667	0.54218	0	0.44303	0.55820	12.01721	1.00375	0	0.70847	0.57681	13.08260	1.00375	0	-0.01421	-0.01381	0.66960	0.00333	1	0.05216	-0.01705	0.65317	0.00394	1	1.45898	0.81042	0	
1233554	8320.95117	3304009110952	0.00000	0.00000	8320.87109	0.04004	10850	0	0.49193	0.48833	0	0.48667	0.54218	0	0.48667	0.54218	0	0.44303	0.55820	12.01721	1.00375	0	0.70847	0.57681	13.08260	1.00375	0	-0.01421	-0.01381	0.66960	0.00333	1	0.05216	-0.01705	0.65317	0.00394	1	1.45898	0.81042	0	
1233555	8320.95801	3304009177718	0.46487	0.40279	8320.87109	0.04004	10850	0	0.50165	0.39710	1	0.42808	0.40848	1	0.46487	0.40279	1	0.44674	0.55134	11.85605	1.00375	1	0.71082	0.57301	12.89227	1.00375	1	-0.01421	-0.01381	0.66960	0.00393	1	0.05216	-0.01705	0.65317	0.00374	1	1.45898	0.81042	0	
1233556	8320.96484	3304009245039	0.45534	0.41550	8320.87109	0.04004	10850	0	0.47667	0.41557	1	0.41497	0.44084	1	0.44582	0.42820	1	0.44674	0.55105	11.77428	1.00375	1	0.71099	0.57320	12.98703	1.00375	1	-0.01421	-0.01381	0.66960	0.00398	1	0.05216	-0.01705	0.65317	0.00380	1	1.45898	0.81042	0	
1233557	8320.97168	3304009311915	0.45217	0.41973	8320.87109	0.04004	10850	0	0.47667	0.41557	1	0.41497	0.44084	1	0.44582	0.42820	1	0.44762	0.54845	12.38796	1.00375	1	0.71217	0.57188	13.02718	1.00375	1	-0.01281	-0.01217	0.65981	0.00250	1	0.05972	-0.01830	0.73266	0.00413	1	1.45898	0.81042	0	
1233558	8320.97852	3304009379143	0.45447	0.41452	8320.95801	0.02051	10851	1	0.48047	0.41959	1	0.44230	0.37816	1	0.46139	0.39887	1	0.44790	0.55013	11.44164	1.00375	1	0.71262	0.57157	12.32413	1.00375	1	-0.01281	-0.01217	0.65981	0.00369	1	0.05972	-0.01830	0.73266	0.00400	1	1.45898	0.81042	0	
1233559	8320.98535	3304009445500	0.45222	0.41283	8320.95801	0.02734	10851	1	0.46124	0.42615	1	0.42515	0.38605	1	0.44319	0.40610	1	0.44803	0.55033	11.04759	1.00375	1	0.71266	0.57168	12.57278	1.00375	1	-0.01281	-0.01217	0.65981	0.00386	1	0.05972	-0.01830	0.73266	0.00404	1	1.45898	0.81042	0	
1233560	8320.99219	3304009513270	0.45060	0.41067	8320.95801	0.03418	10851	1	0.45990	0.42011	1	0.42508	0.37957	1	0.44249	0.39984	1	0.44923	0.54689	12.39497	1.01177	1	0.71390	0.57134	12.76614	1.01177	1	-0.01288	-0.01242	0.68701	0.00238	1	0.05376	-0.01626	0.65483	0.00385	1	1.45898	0.81042	0	
1233561	8320.99805	3304009579877	0.45336	0.40481	8320.95801	0.04004	10851	1	0.50304	0.36420	1	0.43690	0.37517	1	0.46997	0.36969	1	0.44996	0.54872	12.14562	1.01978	1	0.71405	0.57128	12.67569	1.01978	1	-0.01288	-0.01242	0.68701	0.00390	1	0.05376	-0.01626	0.65483	0.00405	1	1.45898	0.81042	0	
1233562	8321.00488	3304009646789	0.45237	0.40292	8320.95801	0.04688	10851	1	0.45899	0.40622	1	0.43176	0.37306	1	0.44538	0.38964	1	0.44997	0.54831	11.87767	1.02780	1	0.71435	0.57073	12.10765	1.02780	1	-0.01288	-0.01242	0.68701	0.00398	1	0.05376	-0.01626	0.65483	0.00398	1	1.45898	0.81042	0	
1233563	8321.01172	3304009713666	0.45159	0.40144	8320.95801	0.05371	10851	1	0.45899	0.40622	1	0.43176	0.37306	1	0.44538	0.38964	1	0.45094	0.54510	11.83818	1.02780	1	0.71552	0.57079	12.47674	1.02780	1	-0.01181	-0.01142	0.65340	0.00249	1	0.05434	-0.01611	0.65701	0.00390	1	1.45898	0.81042	0	
1233564	8321.01855	3304009780550	0.45298	0.40132	8320.95801	0.06055	10851	1	0.48214	0.40841	1	0.44880	0.39202	1	0.46547	0.40022	1	0.45155	0.54700	12.00226	1.01978	1	0.71583	0.57053	12.29806	1.01978	1	-0.01181	-0.01142	0.65340	0.00390	1	0.05434	-0.01611	0.65701	0.00400	1	1.45898	0.81042	0	
1233565	8321.02539	3304009847799	0.45155	0.40652	8320.95801	0.06738	10851	1	0.47101	0.47932	1	0.40365	0.43780	1	0.43733	0.45856	1	0.45162	0.54703	11.82470	1.01177	1	0.71592	0.57043	12.57063	1.01177	1	-0.01181	-0.01142	0.65340	0.00372	1	0.05434	-0.01611	0.65701	0.00368	1	1.45898	0.81042	0	
1233566	8321.03223	3304009914019	0.45037	0.41086	8320.95801	0.07422	10851	1	0.47101	0.47932	1	0.40365	0.43780	1	0.43733	0.45856	1	0.45295	0.54317	11.79092	1.01177	1	0.71704	0.56989	12.11282	1.01177	1	-0.01196	-0.01160	0.68750	0.00245	1	0.05448	-0.01584	0.65400	0.00400	1	1.45898	0.81042	0	
1233567	8321.03906	3304009981782	0.45149	0.40890	8320.95801	0.08105	10851	1	0.47535	0.37847	1	0.45446	0.39239	1	0.46491	0.38543	1	0.45335	0.54503	11.20277	1.01978	1	0.71748	0.56942	12.09552	1.01978	1	-0.01196	-0.01160	0.68750	0.00408	1	0.05448	-0.01584	0.65400	0.00404	1	1.45898	0.81042	0	
1233568	8321.04492	3304010048730	0.45130	0.40912	8320.95801	0.08691	10851	1	0.48875	0.41289	1	0.40905	0.41108	1	0.44890	0.41199	1	0.45401	0.54459	11.73974	1.02780	1	0.71756	0.56949	13.31729	1.02780	1	-0.01196	-0.01160	0.68750	0.00378	1	0.05448	-0.01584	0.65400	0.00358	1	1.45898	0.81042	0	
1233569	8321.05176	3304010114060	0.45110	0.40891	8320.95801	0.09375	10851	1	0.48763	0.40689	1	0.40886	0.40495	1	0.44825	0.40592	1	0.45467	0.54092	12.02951	1.03582	1	0.71888	0.56828	12.32274	1.03582	1	-0.01135	-0.01085	0.67585	0.00247	1	0.05530	-0.01562	0.65909	0.00390	1	1.45898	0.81042	0	
1233570	8321.05859	3304010182626	0.45059	0.41051	8320.95801	0.10059	10851	1	0.48763	0.40689	0	0.44304	0.43453	1	0.44304	0.43453	1	0.45467	0.54092	12.02951	1.03582	0	0.71888	0.56849	12.22229	1.03582	1	-0.01135	-0.01085	0.67585	0.00247	1	0.05530	-0.01562	0.65909	0.00372	1	1.45898	0.81042	0	
1233571	8321.06543	3304010249650	0.45059	0.41051	8320.95801	0.10742	10851	1	0.48763	0.40689	0	0.44304	0.43453	0	0.44304	0.43453	0	0.45467	0.54092	12.02951	1.03582	0	0.71888	0.56849	12.22229	1.03582	0	-0.01135	-0.01085	0.67585	0.00247	1	0.05530	-0.01562	0.65909	0.00372	1	1.45898	0.81042	0	
1233572	8321.07227	3304010315614	0.45059	0.41051	8320.95801	0.11426	10851	1	0.48763	0.40689	0	0.44304	0.43453	0	0.44304	0.43453	0	0.45467	0.54092	12.02951	1.03582	0	0.71888	0.56849	12.22229	1.03582	0	-0.01135	-0.01085	0.67585	0.00247	1	0.05530	-0.01562	0.65909	0.00372	1	1.45898	0.81042	0	
1233573	8321.07910	3304010384170	0.45059	0.41051	8320.95801	0.12109	10851	1	0.48763	0.40689	0	0.44304	0.43453	0	0.44304	0.43453	0	0.45467	0.54092	12.02951	1.03582	0	0.71888	0.56849	12.22229	1.03582	0	-0.01135	-0.01085	0.67585	0.00247	1	0.05530	-0.01562	0.65909	0.00372	1	1.45898	0.81042	0	
1233574	8321.08594	3304010450667	0.44930	0.40918	8320.95801	0.12109	10851	0	0.48763	0.40689	0	0.44304	0.43453	0	0.44304	0.43453	0	0.45467	0.54092	12.02951	1.03582	0	0.71888	0.56849	12.22229	1.03582	0	-0.01135	-0.01085	0.67585	0.00247	1	0.05530	-0.01562	0.65909	0.00372	1	1.45898	0.81042	0	
1233575	8321.09180	3304010517635	0.44930	0.40918	8320.95801	0.12109	10851	0	0.48763	0.40689	0	0.44304	0.43453	0	0.44304	0.43453	0	0.45467	0.54092	12.02951	1.03582	0	0.71888	0.56849	12.22229	1.03582	0	-0.01135	-0.01085	0.67585	0.00247	1	0.05530	-0.01562	0.65909	0.00372	1	1.45898	0.81042	0	
1233576	8321.09961	3304010590782	0.44930	0.40918	8320.95801	0.12109	10851	0	0.48763	0.40689	0	0.44304	0.43453	0	0.44304	0.43453	0	0.45467	0.54092	12.02951	1.03582	0	0.71888	0.56849	12.22229	1.03582	0	-0.01135	-0.01085	0.67585	0.00247	1	0.05530	-0.01562	0.65909	0.00372	1	1.45898	0.81042	0	
1233577	8321.10547	3304010651426	0.00000	0.00000	8320.95801	0.12109	10851	0	0.48763	0.40689	0	0.44304	0.43453	0	0.44304	0.43453	0	0.45467	0.54092	12.02951	1.03582	0	0.71888	0.56849	12.22229	1.03582	0	-0.01135	-0.01085	0.67585	0.00247	1	0.05530	-0.01562	0.65909	0.00372	1	1.45898	0.81042	0	
1233578	8321.11230	3304010718654	0.00000	0.00000	8320.95801	0.12109	10851	0	0.48763	0.40689	0	0.44304	0.43453	0	0.44304	0.43453	0	0.45467	0.54092	12.02951	1.03582	0	0.71888	0.56849	12.22229	1.03582	0	-0.01135	-0.01085	0.67585	0.00247	1	0.05530	-0.01562	0.65909	0.00372	1	1.45898	0.81042	0	
1233579	8321.11914	3304010786038	0.00000	0.00000	8320.95801	0.12109	10851	0	0.48763	0.40689	0	0.44304	0.43453	0	0.44304	0.43453	0	0.45467	0.54092	12.02951	1.03582	0	0.71888	0.56849	12.22229	1.03582	0	-0.01135	-0.01085	0.67585	0.00247	1	0.05530	-0.01562	0.65909	0.00372	1	1.45898	0.81042	0	
1233580	8321.12598	3304010852840	0.48569	0.44342	8320.95801	0.12109	10851	0	0.49257	0.43864	1	0.47881	0.44819	1	0.48569	0.44342	1	0.45806	0.53551	11.05572	1.03582	1	0.72223	0.56177	11.90433	1.03582	1	-0.01135	-0.01085	0.67585	0.00358	1	0.05530	-0.01562	0.65909	0.00363	1	1.45898	0.81042	0	
1233581	8321.13281	3304010919404	0.48577	0.44202	8320.95801	0.12109	10851	0	0.49257	0.43864	1	0.47913	0.44262	1	0.48585	0.44063	1	0.45816	0.53178	11.84861	1.03582	1	0.72201	0.56035	12.14827	1.04348	1	-0.01049	-0.00907	0.67925	0.00232	1	0.05520	-0.01380	0.64808	0.00408	1	1.45898	0.81042	0	
1233582	8321.13867	3304010986339	0.49320	0.42261	8320.95801	0.12109	10851	0	0.51096	0.41471	1	0.50515	0.35282	1	0.50806	0.38377	1	0.45829	0.53402	12.29991	1.04348	1	0.72257	0.55931	12.57973	1.05113	1	-0.01049	-0.00907	0.67925	0.00367	1	0.05520	-0.01380	0.64808	0.00393	1	1.45898	0.81042	0	
1233583	8321.14551	3304011051297	0.49680	0.42630	8321.12598	0.01953	10852	1	0.52764	0.44770	1	0.48754	0.42711	1	0.50759	0.43740	1	0.45853	0.53385	11.95569	1.05113	1	0.72232	0.55991	12.53392	1.05879	1	-0.01049	-0.00907	0.67925	0.00357	1	0.05520	-0.01380	0.64808	0.00357	1	1.45898	0.81042	0	
1233584	8321.15234	3304011117459	0.49891	0.42743	8321.12598	0.02637	10852	1	0.52685	0.44237	1	0.48791	0.42150	1	0.50738	0.43193	1	0.45833	0.53217	11.92764	1.05879	1	0.72239	0.55926	13.24397	1.06645	1	-0.01049	-0.00866	0.67925	0.00364	1	0.05520	-0.01342	0.64808	0.00372	1	1.45898	0.81042	0	
1233585	8321.15918	3304011186028	0.50019	0.41041	8321.12598	0.03320	10852	1	0.51475	0.35304	1	0.49842	0.29756	1	0.50658	0.32530	1	0.45842	0.53188	11.67922	1.06645	1	0.72285	0.55774	12.25026	1.06645	1	-0.01049	-0.00866	0.67925	0.00359	1	0.05520	-0.01342	0.64808	0.00377	1	1.45898	0.81042	0	
1233586	8321.16504	3304011250157	0.50043	0.40006	8321.12598	0.03906	10852	1	0.51973	0.36235	1	0.48400	0.31365	1	0.50186	0.33800	1	0.45849	0.53215	11.86563	1.06645	1	0.72259	0.55787	12.70279	1.06645	1	-0.01049	-0.00866	0.67925	0.00364	1	0.05520	-0.01342	0.64808	0.00395	1	1.45898	0.81042	0	
1233587	8321.17188	3304011318388	0.50059	0.39271	8321.12598	0.04590	10852	1	0.51973	0.36235	1	0.48365	0.32003	1	0.50169	0.34119	1	0.45846	0.53185	12.95317	1.06645	1	0.72285	0.55789	12.27775	1.05879	1	-0.01049	-0.00856	0.67925	0.00347	1	0.05546	-0.01332	0.65049	0.00379	1	1.45898	0.81042	0	
1233588	8321.17871	3304011384115	0.50141	0.39191	8321.12598	0.05273	10852	1	0.51860	0.38153	1	0.49744	0.38960	1	0.50802	0.38557	1	0.45836	0.53163	12.18911	1.05879	1	0.72285	0.55790	12.24195	1.05113	1	-0.01049	-0.00856	0.67925	0.00355	1	0.05546	-0.01332	0.65049	0.00393	1	1.45898	0.81042	0	
1233589	8321.18555	3304011450381	0.50115	0.39430	8321.12598	0.05957	10852	1	0.51602	0.40038	1	0.48143	0.43125	1	0.49872	0.41582	1	0.45843	0.53189	12.40340	1.05113	1	0.72263	0.55831	12.76240	1.04348	1	-0.01049	-0.00856	0.67925	0.00363	1	0.05546	-0.01332	0.65049	0.00388	1	1.45898	0.81042	0	
1233590	8321.19238	3304011517627	0.50096	0.39652	8321.12598	0.06641	10852	1	0.51688	0.40607	1	0.48143	0.43125	1	0.49915	0.41866	1	0.45841	0.53153	11.86270	1.04348	1	0.72282	0.55782	12.21223	1.04348	1	-0.01052	-0.00853	0.68106	0.00365	1	0.05858	-0.01408	0.68529	0.00405	1	1.45898	0.81042	0	
1233591	8321.19922	3304011586179	0.50192	0.39284	8321.12598	0.07324	10852	1	0.54695	0.34308	1	0.47786	0.36176	1	0.51241	0.35242	1	0.45888	0.53116	11.37833	1.04348	1	0.72290	0.55757	12.18576	1.05113	1	-0.01052	-0.00853	0.68106	0.00376	1	0.05858	-0.01408	0.68529	0.00407	1	1.45898	0.81042	0	
1233592	8321.20605	3304011655731	0.50236	0.38928	8321.12598	0.08008	10852	1	0.53464	0.37185	1	0.48081	0.32123	1	0.50773	0.34654	1	0.45876	0.53141	12.10530	1.05113	1	0.72297	0.55750	12.26418	1.05879	1	-0.01052	-0.00853	0.68106	0.00357	1	0.05858	-0.01408	0.68529	0.00383	1	1.45898	0.81042	0	
1233593	8321.21289	3304011723513	0.50274	0.38648	8321.12598	0.08691	10852	1	0.53468	0.37212	1	0.48047	0.32790	1	0.50757	0.35001	1	0.45887	0.53080	11.05827	1.05078	1	0.72339	0.55774	12.98051	1.05078	1	-0.01005	-0.00829	0.65371	0.00399	1	0.05670	-0.01362	0.66275	0.00380	1	1.45898	0.81042	0	
1233594	8321.21973	3304011790470	0.50350	0.38650	8321.12598	0.09375	10852	1	0.55497	0.40239	1	0.47334	0.37144	1	0.51416	0.38692	1	0.45902	0.53233	11.62340	1.04276	1	0.72328	0.55756	12.65313	1.03510	1	-0.01005	-0.00829	0.65371	0.00377	1	0.05670	-0.01362	0.66275	0.00373	1	1.45898	0.81042	0	
1233595	8321.22656	3304011856892	0.50112	0.38087	8321.12598	0.10059	10852	1	0.50152	0.15070	1	0.42945	0.44211	1	0.46549	0.29641	1	0.45882	0.52994	11.92163	1.02708	1	0.72298	0.55870	12.89789	1.01943	1	-0.01005	-0.00829	0.65371	0.00244	1	0.05670	-0.01362	0.66275	0.00411	1	1.45898	0.81042	0	
1233596	8321.23242	3304011924212	0.49905	0.37613	8321.12598	0.10645	10852	1	0.50249	0.15839	1	0.42945	0.44211	1	0.46597	0.30025	1	0.45916	0.53210	12.02557	1.01943	1	0.72370	0.55805	11.92170	1.01943	1	-0.01028	-0.00880	0.67860	0.00401	1	0.05845	-0.01421	0.68142	0.00402	1	1.45898	0.81042	0	
1233597	8321.23926	3304011991380	0.49892	0.36938	8321.12598	0.11328	10852	1	0.50138	0.15555	1	0.49195	0.35369	1	0.49666	0.25462	1	0.45897	0.53058	12.62651	1.02744	1	0.72395	0.55839	12.73351	1.03510	1	-0.01028	-0.00880	0.67860	0.00237	1	0.05845	-0.01421	0.68142	0.00387	1	1.45898	0.81042	0	
1233598	8321.24609	3304012058179	0.49766	0.36332	8321.12598	0.12012	10852	1	0.49016	0.14677	1	0.45976	0.36155	1	0.47496	0.25416	1	0.45892	0.53077	11.77735	1.04312	1	0.72378	0.55903	12.98930	1.05078	1	-0.01028	-0.00880	0.67860	0.00234	1	0.05845	-0.01421	0.68142	0.00408	1	1.45898	0.81042	0	
1233599	8321.25293	3304012124945	0.49648	0.35716	8321.12598	0.12695	10852	1	0.48808	0.13120	1	0.46013	0.34903	1	0.47410	0.24012	1	0.45922	0.53259	11.84416	1.05879	1	0.72448	0.55912	12.14828	1.06645	1	-0.01028	-0.00901	0.67860	0.00399	1	0.05867	-0.01444	0.68278	0.00393	1	1.45898	0.81042	0	
1233600	8321.25977	3304012192200	0.49237	0.32221	8321.12598	0.12695	10852	0	0.51517	0.13254	1	0.46780	0.36877	1	0.49149	0.25065	1	0.45938	0.53174	12.24184	1.06645	1	0.72432	0.55971	12.01418	1.06645	1	-0.01028	-0.00901	0.67860	0.00245	1	0.05867	-0.01444	0.68278	0.00400	1	1.45898	0.81042	0	
1233601	8321.26660	3304012260175	0.49261	0.25861	8321.12598	0.12695	10852	0	0.51963	0.07507	1	0.46609	0.31496	1	0.49286	0.19501	1	0.45944	0.53172	11.33929	1.06645	1	0.72436	0.55968	11.91113	1.06645	1	-0.01028	-0.00901	0.67860	0.00249	1	0.05867	-0.01444	0.68278	0.00412	1	1.45898	0.81042	0	
1233602	8321.27344	3304012328001	0.49276	0.24097	8321.12598	0.12695	10852	0	0.52048	0.08338	1	0.46564	0.32798	1	0.49306	0.20568	1	0.45953	0.53478	11.30537	1.05844	1	0.72465	0.56055	12.82403	1.05078	1	-0.00988	-0.00900	0.65554	0.00368	1	0.05669	-0.01421	0.65804	0.00403	1	1.45898	0.81042	0	
1233603	8321.28027	3304012393952	0.49660	0.21386	8321.12598	0.12695	10852	0	0.51252	0.15311	1	0.49525	0.32869	1	0.50388	0.24090	1	0.45962	0.53320	11.64456	1.04276	1	0.72482	0.56113	12.78149	1.03510	1	-0.00988	-0.00900	0.65554	0.00250	1	0.05669	-0.01421	0.65804	0.00389	1	1.45898	0.81042	0	
1233604	8321.28613	3304012459806	0.48346	0.23929	8321.12598	0.12695	10852	0	0.48005	0.13443	1	0.46058	0.39501	1	0.47032	0.26472	1	0.45963	0.53328	11.73141	1.02708	1	0.72468	0.56147	13.31221	1.01943	1	-0.00988	-0.00900	0.65554	0.00245	1	0.05669	-0.01421	0.65804	0.00381	1	1.45898	0.81042	0	
1233605	8321.29297	3304012526954	0.47926	0.24907	8321.12598	0.12695	10852	0	0.48115	0.14225	1	0.46058	0.39501	1	0.47087	0.26863	1	0.46004	0.53655	11.91280	1.01943	1	0.72513	0.56201	12.14765	1.01943	1	-0.00998	-0.00953	0.67234	0.00377	1	0.05804	-0.01484	0.67304	0.00378	1	1.45898	0.81042	0	
1233606	8321.29980	3304012594111	0.47759	0.25830	8321.28027	0.01953	10853	1	0.48878	0.13513	1	0.45635	0.43688	1	0.47256	0.28600	1	0.45972	0.53473	11.65483	1.02744	1	0.72460	0.56329	12.88402	1.03510	1	-0.00998	-0.00953	0.67234	0.00244	1	0.05804	-0.01484	0.67304	0.00418	1	1.45898	0.81042	0	
1233607	8321.30664	3304012660793	0.47885	0.24624	8321.28027	0.02637	10853	1	0.49985	0.08942	1	0.46791	0.30655	1	0.48388	0.19799	1	0.45985	0.53483	11.33795	1.04312	1	0.72477	0.56269	13.02511	1.05078	1	-0.00998	-0.00953	0.67234	0.00244	1	0.05804	-0.01484	0.67304	0.00395	1	1.45898	0.81042	0	
1233608	8321.31348	3304012728381	0.47956	0.23572	8321.28027	0.03320	10853	1	0.49790	0.07300	1	0.46839	0.29321	1	0.48314	0.18310	1	0.45994	0.53856	12.00646	1.05879	1	0.72520	0.56420	12.21195	1.06645	1	-0.00998	-0.00993	0.67234	0.00374	1	0.05804	-0.01524	0.67304	0.00378	1	1.45898	0.81042	0	
1233609	8321.32031	3304012795229	0.48202	0.23513	8321.28027	0.04004	10853	1	0.49814	0.07044	1	0.49539	0.39274	1	0.49676	0.23159	1	0.45990	0.53648	11.95456	1.06645	1	0.72516	0.56485	12.31334	1.06645	1	-0.00998	-0.00993	0.67234	0.00247	1	0.05804	-0.01524	0.67304	0.00390	1	1.45898	0.81042	0	
1233610	8321.32715	3304012863029	0.48358	0.22772	8321.28027	0.04688	10853	1	0.48693	0.04258	1	0.50214	0.30913	1	0.49453	0.17585	1	0.45977	0.53662	11.38971	1.06645	1	0.72531	0.56494	12.28072	1.06645	1	-0.00998	-0.00993	0.67234	0.00247	1	0.05804	-0.01524	0.67304	0.00392	1	1.45898	0.81042	0	
1233611	8321.33301	3304012929743	0.48480	0.22196	8321.28027	0.05273	10853	1	0.48693	0.04258	1	0.50214	0.30913	1	0.49453	0.17585	1	0.46000	0.54028	12.04805	1.06645	1	0.72522	0.56581	12.17391	1.06645	1	-0.01014	-0.01045	0.68318	0.00380	1	0.05894	-0.01584	0.68358	0.00389	1	1.45898	0.81042	0	
1233612	8321.33984	3304012995773	0.48593	0.22195	8321.28027	0.05957	10853	1	0.49335	0.09842	1	0.49888	0.34543	1	0.49611	0.22193	1	0.45970	0.53832	11.86592	1.06645	1	0.72526	0.56637	12.42269	1.06645	1	-0.01014	-0.01045	0.68318	0.00244	1	0.05894	-0.01584	0.68358	0.00405	1	1.45898	0.81042	0	
1233613	8321.34668	3304013059847	0.48684	0.22072	8321.28027	0.06641	10853	1	0.50286	0.07476	1	0.48906	0.34195	1	0.49596	0.20836	1	0.45965	0.53840	11.61379	1.06645	1	0.72508	0.56677	12.53104	1.06645	1	-0.01014	-0.01045	0.68318	0.00242	1	0.05894	-0.01584	0.68358	0.00407	1	1.45898	0.81042	0	
1233614	8321.35352	3304013129001	0.48760	0.21969	8321.28027	0.07324	10853	1	0.50286	0.07476	1	0.48906	0.34195	1	0.49596	0.20836	1	0.45991	0.54147	11.92499	1.06645	1	0.72517	0.56714	11.93262	1.06645	1	-0.01014	-0.01070	0.67634	0.00383	1	0.05804	-0.01595	0.67304	0.00413	1	1.45898	0.81042	0	
1233615	8321.35938	3304013193744	0.48926	0.22022	8321.28027	0.07910	10853	1	0.51392	0.13187	1	0.50429	0.32134	1	0.50910	0.22661	1	0.45973	0.54005	11.72806	1.06645	1	0.72492	0.56801	12.97381	1.06645	1	-0.01014	-0.01070	0.67634	0.00240	1	0.05804	-0.01595	0.67304	0.00388	1	1.45898	0.81042	0	
1233616	8321.36621	3304013259649	0.49003	0.21849	8321.28027	0.08594	10853	1	0.50618	0.08778	1	0.49392	0.30433	1	0.50005	0.19606	1	0.45954	0.54014	11.57365	1.06645	1	0.72474	0.56794	12.58177	1.06645	1	-0.01014	-0.01070	0.67634	0.00255	1	0.05804	-0.01595	0.67304	0.00399	1	1.45898	0.81042	0	
1233617	8321.37305	3304013328265	0.49071	0.21750	8321.28027	0.09277	10853	1	0.50712	0.09601	1	0.49349	0.31108	1	0.50030	0.20355	1	0.45983	0.54364	11.92930	1.05844	1	0.72473	0.56931	13.25273	1.05844	1	-0.00993	-0.01078	0.65913	0.00356	1	0.05894	-0.01656	0.68358	0.00378	1	1.45898	0.81042	0	
1233618	8321.37988	3304013397794	0.49220	0.21885	8321.28027	0.09961	10853	1	0.52716	0.10151	1	0.50179	0.37684	1	0.51447	0.23918	1	0.45952	0.54173	12.17462	1.05042	1	0.72487	0.56947	13.13151	1.05042	1	-0.00993	-0.01078	0.65913	0.00242	1	0.05894	-0.01656	0.68358	0.00382	1	1.45898	0.81042	0	
1233619	8321.38672	3304013464848	0.49358	0.21813	8321.28027	0.10645	10853	1	0.52742	0.13212	1	0.50412	0.28096	1	0.51577	0.20654	1	0.45952	0.54165	12.01532	1.04240	1	0.72493	0.56842	12.67093	1.04240	1	-0.00993	-0.01078	0.65913	0.00239	1	0.05894	-0.01656	0.68358	0.00452	1	1.45898	0.81042	0	
1233620	8321.39355	3304013528943	0.49483	0.21790	8321.28027	0.11328	10853	1	0.52825	0.14017	1	0.50360	0.28806	1	0.51592	0.21412	1	0.45962	0.54470	11.19258	1.03439	1	0.72445	0.57004	11.92400	1.03439	1	-0.00988	-0.01096	0.65554	0.00372	1	0.05796	-0.01657	0.67339	0.00388	1	1.45898	0.81042	0	
1233621	8321.40039	3304013598925	0.49487	0.22361	8321.28027	0.12012	10853	1	0.52763	0.25981	1	0.46367	0.39293	1	0.49565	0.32637	1	0.45942	0.54463	11.35372	1.03439	1	0.72429	0.57084	12.30010	1.03439	1	-0.00988	-0.01096	0.65554	0.00365	1	0.05796	-0.01657	0.67339	0.00414	1	1.45898	0.81042	0	
1233622	8321.40723	3304013665927	0.49519	0.22349	8321.28027	0.12695	10853	1	0.50767	0.13617	1	0.49489	0.30597	1	0.50128	0.22107	1	0.45928	0.54313	11.68490	1.03439	1	0.72434	0.57064	12.19473	1.03439	1	-0.00988	-0.01096	0.65554	0.00243	1	0.05796	-0.01657	0.67339	0.00423	1	1.45898	0.81042	0	
1233623	8321.41406	3304013733093	0.49548	0.22283	8321.28027	0.13379	10853	1	0.50671	0.12807	1	0.49584	0.29149	1	0.50127	0.20978	1	0.45906	0.54636	11.85752	1.04240	1	0.72444	0.57139	12.02008	1.05108	1	-0.01028	-0.01171	0.67859	0.00363	1	0.06045	-0.01759	0.70411	0.00401	1	1.45898	0.81042	0	
1233624	8321.42090	3304013799610	0.49570	0.22562	8321.28027	0.14062	10853	1	0.50448	0.17879	1	0.49623	0.38954	1	0.50036	0.28417	1	0.45907	0.54439	12.24765	1.05910	1	0.72406	0.57234	12.79090	1.06778	1	-0.01028	-0.01171	0.67859	0.00246	1	0.06045	-0.01759	0.70411	0.00386	1	1.45898	0.81042	0	
1233625	8321.42676	3304013866459	0.49551	0.22414	8321.28027	0.14648	10853	1	0.48577	0.07103	1	0.49679	0.31221	1	0.49128	0.19162	1	0.45896	0.54430	12.01049	1.07580	1	0.72409	0.57218	12.88916	1.08448	1	-0.01028	-0.01171	0.67859	0.00238	1	0.06045	-0.01759	0.70411	0.00388	1	1.45898	0.81042	0	
1233626	8321.43359	3304013933683	0.49531	0.22260	8321.28027	0.15332	10853	1	0.48463	0.06205	1	0.49679	0.31221	1	0.49071	0.18713	1	0.45958	0.54766	12.45849	1.08448	1	0.72379	0.57302	12.61784	1.08448	1	-0.01005	-0.01137	0.65371	0.00363	1	0.05845	-0.01717	0.68142	0.00383	1	1.45898	0.81042	0	
1233627	8321.44043	3304014001104	0.49534	0.22500	8321.28027	0.16016	10853	1	0.52826	0.15046	1	0.46381	0.41455	1	0.49603	0.28250	1	0.45881	0.54519	12.69185	1.07646	1	0.72355	0.57345	12.18349	1.06778	1	-0.01005	-0.01137	0.65371	0.00244	1	0.05845	-0.01717	0.68142	0.00400	1	1.45898	0.81042	0	
1233628	8321.44727	3304014067999	0.49588	0.22582	8321.28027	0.16699	10853	1	0.53215	0.09500	1	0.48675	0.39785	1	0.50945	0.24643	1	0.45886	0.54548	12.06581	1.05976	1	0.72350	0.57367	12.23249	1.05108	1	-0.01005	-0.01137	0.65371	0.00244	1	0.05845	-0.01717	0.68142	0.00400	1	1.45898	0.81042	0	
1233629	8321.45410	3304014134153	0.49640	0.22675	8321.28027	0.17383	10853	1	0.53300	0.10388	1	0.48675	0.39785	1	0.50987	0.25087	1	0.45888	0.54801	11.36888	1.05108	1	0.72341	0.57310	12.40244	1.05108	1	-0.01065	-0.01225	0.68916	0.00373	1	0.06062	-0.01801	0.70852	0.00392	1	1.45898	0.81042	0	
1233630	8321.46094	3304014203435	0.49683	0.23133	8321.28027	0.18066	10853	1	0.52573	0.34807	1	0.49095	0.36223	1	0.50834	0.35515	1	0.45863	0.54831	11.34078	1.05910	1	0.72313	0.57361	12.64923	1.06778	1	-0.01065	-0.01225	0.68916	0.00360	1	0.06062	-0.01801	0.70852	0.00384	1	1.45898	0.81042	0	
1233631	8321.46777	3304014270420	0.49699	0.23064	8321.28027	0.18750	10853	1	0.50902	0.10687	1	0.49419	0.31528	1	0.50161	0.21108	1	0.45855	0.54621	11.98061	1.07580	1	0.72317	0.57356	12.57658	1.08448	1	-0.01065	-0.01225	0.68916	0.00242	1	0.06062	-0.01801	0.70852	0.00393	1	1.45898	0.81042	0	
1233632	8321.47363	3304014335570	0.49712	0.22960	8321.28027	0.19336	10853	1	0.50712	0.09019	1	0.49461	0.30872	1	0.50087	0.19945	1	0.45852	0.54904	12.40925	1.09250	1	0.72289	0.57338	12.10069	1.09250	1	-0.01049	-0.01212	0.67925	0.00375	1	0.05858	-0.01758	0.68529	0.00413	1	1.45898	0.81042	0	
1233633	8321.48047	3304014402087	0.49717	0.23290	8321.28027	0.20020	10853	1	0.52602	0.29500	1	0.47113	0.36907	1	0.49857	0.33204	1	0.45876	0.54917	13.03306	1.09250	1	0.72283	0.57447	12.29346	1.08381	1	-0.01049	-0.01212	0.67925	0.00355	1	0.05858	-0.01758	0.68529	0.00412	1	1.45898	0.81042	0	
1233634	8321.48730	3304014469664	0.49780	0.23590	8321.28027	0.20703	10853	1	0.53010	0.32499	1	0.50462	0.33244	1	0.51736	0.32872	1	0.45838	0.54924	12.30299	1.08381	1	0.72293	0.57393	12.23541	1.07513	1	-0.01049	-0.01212	0.67925	0.00361	1	0.05858	-0.01758	0.68529	0.00435	1	1.45898	0.81042	0	
1233635	8321.49414	3304014536908	0.50351	0.26617	8321.28027	0.20703	10853	0	0.53006	0.32467	1	0.50519	0.32508	1	0.51763	0.32487	1	0.45860	0.54899	12.06079	1.08422	1	0.72249	0.57447	12.49542	1.08422	1	-0.01141	-0.01334	0.73483	0.00367	1	0.07199	-0.02178	0.84433	0.00384	1	1.45898	0.81042	0	
1233636	8321.50098	3304014603778	0.51036	0.29219	8321.28027	0.20703	10853	0	0.54192	0.29994	1	0.49249	0.33649	1	0.51720	0.31821	1	0.45812	0.54919	11.61009	1.09331	1	0.72239	0.57455	12.65851	1.10199	1	-0.01141	-0.01334	0.73483	0.00398	1	0.07199	-0.02178	0.84433	0.00383	1	1.45898	0.81042	0	
1233637	8321.50781	3304014670793	0.51609	0.29116	8321.28027	0.20703	10853	0	0.55653	0.22741	1	0.49861	0.35078	1	0.52757	0.28910	1	0.45845	0.54914	12.06272	1.11107	1	0.72246	0.57468	12.92226	1.11975	1	-0.01141	-0.01334	0.73483	0.00385	1	0.07199	-0.02178	0.84433	0.00380	1	1.45898	0.81042	0	
1233638	8321.51465	3304014737557	0.51888	0.28972	8321.49414	0.02051	10854	1	0.55588	0.21998	1	0.49861	0.35078	1	0.52724	0.28538	1	0.45766	0.54975	11.96235	1.11975	1	0.72190	0.57480	12.33430	1.11975	1	-0.01080	-0.01245	0.68593	0.00381	1	0.05520	-0.01672	0.64808	0.00384	1	1.45898	0.81042	0	
1233639	8321.52051	3304014804482	0.51525	0.30050	8321.49414	0.02637	10854	1	0.51044	0.30727	1	0.49101	0.38002	1	0.50073	0.34364	1	0.45771	0.54981	12.48709	1.11067	1	0.72204	0.57480	12.26810	1.10199	1	-0.01080	-0.01245	0.68593	0.00381	1	0.05520	-0.01672	0.64808	0.00380	1	1.45898	0.81042	0	
1233640	8321.52734	3304014871688	0.51366	0.31224	8321.49414	0.03320	10854	1	0.50224	0.34967	1	0.50917	0.39224	1	0.50571	0.37095	1	0.45758	0.55003	12.26281	1.09290	1	0.72191	0.57479	12.44607	1.08422	1	-0.01080	-0.01245	0.68593	0.00383	1	0.05520	-0.01672	0.64808	0.00379	1	1.45898	0.81042	0	
1233641	8321.53418	3304014938693	0.51259	0.32255	8321.49414	0.04004	10854	1	0.50436	0.36319	1	0.50799	0.40554	1	0.50617	0.38437	1	0.45790	0.54971	12.32035	1.07513	1	0.72156	0.57487	13.10580	1.06645	1	-0.01080	-0.01245	0.68593	0.00392	1	0.05807	-0.01765	0.68409	0.00376	1	1.45898	0.81042	0	
1233642	8321.54102	3304015002487	0.51104	0.32623	8321.49414	0.04688	10854	1	0.51546	0.31088	1	0.48493	0.39313	1	0.50020	0.35200	1	0.45771	0.54936	12.13305	1.06645	1	0.72151	0.57461	12.93526	1.06645	1	-0.01080	-0.01245	0.68593	0.00406	1	0.05807	-0.01765	0.68409	0.00386	1	1.45898	0.81042	0	
1233643	8321.54688	3304015067561	0.51145	0.33242	8321.49414	0.05273	10854	1	0.53307	0.36890	1	0.49629	0.39498	1	0.51468	0.38194	1	0.45749	0.54969	11.79161	1.06645	1	0.72168	0.57470	12.80364	1.06645	1	-0.01080	-0.01245	0.68593	0.00404	1	0.05807	-0.01765	0.68409	0.00380	1	1.45898	0.81042	0	
1233644	8321.55371	3304015136544	0.51181	0.33765	8321.49414	0.05957	10854	1	0.53385	0.37499	1	0.49633	0.39448	1	0.51509	0.38473	1	0.45740	0.54957	11.64631	1.05844	1	0.72138	0.57440	12.37150	1.06712	1	-0.01051	-0.01194	0.65798	0.00383	1	0.06180	-0.01869	0.72869	0.00417	1	1.45898	0.81042	0	
1233645	8321.56055	3304015205205	0.51337	0.34220	8321.49414	0.06641	10854	1	0.54689	0.31731	1	0.51106	0.45810	1	0.52897	0.38771	1	0.45741	0.54909	11.63513	1.05910	1	0.72123	0.57483	12.52389	1.06778	1	-0.01051	-0.01194	0.65798	0.00386	1	0.06180	-0.01869	0.72869	0.00384	1	1.45898	0.81042	0	
1233646	8321.56738	3304015270858	0.51472	0.34236	8321.49414	0.07324	10854	1	0.54074	0.29643	1	0.51844	0.39184	1	0.52959	0.34414	1	0.45725	0.54897	11.38790	1.05976	1	0.72129	0.57424	12.38971	1.06845	1	-0.01051	-0.01194	0.65798	0.00367	1	0.06180	-0.01869	0.72869	0.00393	1	1.45898	0.81042	0	
1233647	8321.57422	3304015336247	0.51586	0.34197	8321.49414	0.08008	10854	1	0.53995	0.28920	1	0.51910	0.38523	1	0.52953	0.33722	1	0.45682	0.54907	11.90421	1.06845	1	0.72061	0.57408	12.81654	1.07713	1	-0.01101	-0.01240	0.68585	0.00392	1	0.05944	-0.01799	0.70334	0.00369	1	1.45898	0.81042	0	
1233648	8321.58105	3304015404331	0.51437	0.34426	8321.49414	0.08691	10854	1	0.51372	0.34586	1	0.47623	0.40234	1	0.49497	0.37410	1	0.45688	0.54942	12.05017	1.08514	1	0.72060	0.57395	11.92484	1.08514	1	-0.01101	-0.01240	0.68585	0.00355	1	0.05944	-0.01799	0.70334	0.00382	1	1.45898	0.81042	0	
1233649	8321.58789	3304015473211	0.51513	0.34590	8321.49414	0.09375	10854	1	0.54009	0.33041	1	0.51145	0.40734	1	0.52577	0.36888	1	0.45691	0.54891	11.86667	1.09316	1	0.72069	0.57405	12.67431	1.09316	1	-0.01101	-0.01240	0.68585	0.00392	1	0.05944	-0.01799	0.70334	0.00374	1	1.45898	0.81042	0	
1233650	8321.59473	3304015538668	0.51576	0.34771	8321.49414	0.10059	10854	1	0.54009	0.33041	1	0.51033	0.41925	1	0.52521	0.37483	1	0.45668	0.54940	12.24547	1.09316	1	0.72018	0.57287	12.68357	1.07682	1	-0.01073	-0.01182	0.65917	0.00362	1	0.05535	-0.01659	0.65622	0.00401	1	1.45898	0.81042	0	
1233651	8321.60156	3304015607442	0.51580	0.34873	8321.49414	0.10742	10854	1	0.53664	0.37398	1	0.49614	0.35596	1	0.51639	0.36497	1	0.45642	0.54912	11.40580	1.06880	1	0.72012	0.57268	12.66865	1.05246	1	-0.01073	-0.01182	0.65917	0.00386	1	0.05535	-0.01659	0.65622	0.00382	1	1.45898	0.81042	0	
1233652	8321.60840	3304015675163	0.51597	0.35213	8321.49414	0.11426	10854	1	0.54317	0.39625	1	0.49469	0.42366	1	0.51893	0.40995	1	0.45653	0.54904	11.37175	1.04445	1	0.72013	0.57273	12.71852	1.02811	1	-0.01073	-0.01182	0.65917	0.00384	1	0.05535	-0.01659	0.65622	0.00381	1	1.45898	0.81042	0	
1233653	8321.61426	3304015742195	0.51615	0.35567	8321.49414	0.12012	10854	1	0.54466	0.40849	1	0.49420	0.43024	1	0.51943	0.41936	1	0.45623	0.54829	11.91269	1.02811	1	0.71981	0.57200	12.34042	1.01943	1	-0.01128	-0.01231	0.68978	0.00396	1	0.05535	-0.01659	0.65622	0.00407	1	1.45898	0.81042	0	
1233654	8321.62109	3304015809141	0.51614	0.35910	8321.49414	0.12695	10854	1	0.54682	0.38439	1	0.48482	0.46433	1	0.51582	0.42436	1	0.45622	0.54874	12.14343	1.02744	1	0.71959	0.57267	12.80780	1.03510	1	-0.01128	-0.01231	0.68978	0.00361	1	0.05535	-0.01659	0.65622	0.00400	1	1.45898	0.81042	0	
1233655	8321.62793	3304015876209	0.51659	0.36162	8321.49414	0.13379	10854	1	0.53946	0.37311	1	0.51205	0.45082	1	0.52576	0.41197	1	0.45606	0.54800	11.80310	1.04312	1	0.71970	0.57226	12.39895	1.05078	1	-0.01128	-0.01231	0.68978	0.00393	1	0.05535	-0.01659	0.65622	0.00386	1	1.45898	0.81042	0	
1233656	8321.63477	3304015943155	0.51700	0.36338	8321.49414	0.14062	10854	1	0.53799	0.36100	1	0.51317	0.43958	1	0.52558	0.40029	1	0.45562	0.54801	11.45830	1.05879	1	0.71899	0.57170	12.59903	1.06645	1	-0.01132	-0.01204	0.68600	0.00377	1	0.05535	-0.01659	0.65622	0.00388	1	1.45898	0.81042	0	
1233657	8321.64160	3304016010032	0.51610	0.36223	8321.49414	0.14746	10854	1	0.50351	0.28386	1	0.48918	0.39022	1	0.49635	0.33704	1	0.45518	0.54667	11.73432	1.06645	1	0.71925	0.57128	12.86158	1.06645	1	-0.01132	-0.01204	0.68600	0.00383	1	0.05535	-0.01659	0.65622	0.00391	1	1.45898	0.81042	0	
1233658	8321.64844	3304016077086	0.51608	0.36262	8321.49414	0.15430	10854	1	0.53637	0.35769	1	0.49475	0.38551	1	0.51556	0.37160	1	0.45562	0.54700	11.22130	1.06645	1	0.71891	0.57098	11.93350	1.06645	1	-0.01132	-0.01204	0.68600	0.00390	1	0.05535	-0.01659	0.65622	0.00382	1	1.45898	0.81042	0	
1233659	8321.65527	3304016144135	0.51606	0.36298	8321.49414	0.16113	10854	1	0.53637	0.35769	1	0.49475	0.38551	1	0.51556	0.37160	1	0.45531	0.54718	12.07466	1.06645	1	0.71869	0.57023	12.75655	1.06645	1	-0.01103	-0.01143	0.66257	0.00376	1	0.05617	-0.01638	0.67009	0.00390	1	1.45898	0.81042	0	
1233660	8321.66113	3304016211127	0.51630	0.36420	8321.49414	0.16699	10854	1	0.53172	0.39745	1	0.51273	0.39197	1	0.52222	0.39471	1	0.45516	0.54750	12.16325	1.06645	1	0.71885	0.57024	12.02176	1.06645	1	-0.01103	-0.01143	0.66257	0.00372	1	0.05617	-0.01638	0.67009	0.00394	1	1.45898	0.81042	0	
1233661	8321.66797	3304016278038	0.51831	0.39242	8321.49414	0.16699	10854	0	0.53536	0.45656	1	0.51048	0.40026	1	0.52292	0.42841	1	0.45509	0.54728	12.07912	1.06645	1	0.71845	0.57032	11.48591	1.06645	1	-0.01103	-0.01143	0.66257	0.00353	1	0.05617	-0.01638	0.67009	0.00368	1	1.45898	0.81042	0	
1233662	8321.67480	3304016344474	0.52067	0.41329	8321.49414	0.16699	10854	0	0.53612	0.46199	1	0.50993	0.40630	1	0.52303	0.43415	1	0.45517	0.54582	11.65842	1.05844	1	0.71819	0.56968	12.17293	1.05844	1	-0.01100	-0.01115	0.65779	0.00408	1	0.05794	-0.01675	0.69361	0.00386	1	1.45898	0.81042	0	
1233663	8321.68164	3304016412132	0.50878	0.49476	8321.49414	0.16699	10854	0	0.53612	0.46199	0	0.48501	0.65772	1	0.48501	0.65772	1	0.45517	0.54582	11.65842	1.05042	0	0.71811	0.57160	11.98769	1.05042	1	-0.01100	-0.01115	0.65779	0.00408	1	0.05794	-0.01675	0.69361	0.00295	1	1.45898	0.81042	0	
1233664	8321.68848	3304016479412	0.50402	0.54593	8321.49414	0.16699	10854	0	0.53612	0.46199	0	0.48501	0.65772	0	0.48501	0.65772	0	0.45517	0.54582	11.65842	1.04240	0	0.71811	0.57160	11.98769	1.04240	0	-0.01100	-0.01115	0.65779	0.00408	1	0.05794	-0.01675	0.69361	0.00295	1	1.45898	0.81042	0	
1233665	8321.69531	3304016545545	0.50402	0.54593	8321.49414	0.16699	10854	0	0.53612	0.46199	0	0.48501	0.65772	0	0.48501	0.65772	0	0.45517	0.54582	11.65842	1.03439	0	0.71811	0.57160	11.98769	1.03439	0	-0.01100	-0.01115	0.65779	0.00408	1	0.05794	-0.01675	0.69361	0.00295	1	1.45898	0.81042	0	
1233666	8321.70215	3304016612961	0.50402	0.54593	8321.49414	0.16699	10854	0	0.53612	0.46199	0	0.48501	0.65772	0	0.48501	0.65772	0	0.45517	0.54582	11.65842	1.03439	0	0.71811	0.57160	11.98769	1.03439	0	-0.01100	-0.01115	0.65779	0.00408	1	0.05794	-0.01675	0.69361	0.00295	1	1.45898	0.81042	0	
1233667	8321.70898	3304016680368	0.00000	0.00000	8321.49414	0.16699	10854	0	0.53612	0.46199	0	0.48501	0.65772	0	0.48501	0.65772	0	0.45517	0.54582	11.65842	1.03439	0	0.71811	0.57160	11.98769	1.03439	0	-0.01100	-0.01115	0.65779	0.00408	1	0.05794	-0.01675	0.69361	0.00295	1	1.45898	0.81042	0	
1233668	8321.71484	3304016746312	0.00000	0.00000	8321.49414	0.16699	10854	0	0.53612	0.46199	0	0.48501	0.65772	0	0.48501	0.65772	0	0.45517	0.54582	11.65842	1.03439	0	0.71811	0.57160	11.98769	1.03439	0	-0.01100	-0.01115	0.65779	0.00408	1	0.05794	-0.01675	0.69361	0.00295	1	1.45898	0.81042	0	
1233669	8321.72168	3304016813565	0.00000	0.00000	8321.49414	0.16699	10854	0	0.53612	0.46199	0	0.48501	0.65772	0	0.48501	0.65772	0	0.45517	0.54582	11.65842	1.03439	0	0.71811	0.57160	11.98769	1.03439	0	-0.01100	-0.01115	0.65779	0.00408	1	0.05794	-0.01675	0.69361	0.00295	1	1.45898	0.81042	0	
1233670	8321.72852	3304016880643	0.00000	0.00000	8321.49414	0.16699	10854	0	0.53612	0.46199	0	0.48501	0.65772	0	0.48501	0.65772	0	0.45517	0.54582	11.65842	1.03439	0	0.71811	0.57160	11.98769	1.03439	0	-0.01100	-0.01115	0.65779	0.00408	1	0.05794	-0.01675	0.69361	0.00295	1	1.45898	0.81042	0	
1233671	8321.73535	3304016946116	0.00000	0.00000	8321.49414	0.16699	10854	0	0.53612	0.46199	0	0.48501	0.65772	0	0.48501	0.65772	0	0.45517	0.54582	11.65842	1.03439	0	0.71811	0.57160	11.98769	1.03439	0	-0.01100	-0.01115	0.65779	0.00408	1	0.05794	-0.01675	0.69361	0.00295	1	1.45898	0.81042	0	
1233672	8321.74219	3304017014937	0.00000	0.00000	8321.49414	0.16699	10854	0	0.53612	0.46199	0	0.48501	0.65772	0	0.48501	0.65772	0	0.45517	0.54582	11.65842	1.03439	0	0.71811	0.57160	11.98769	1.03439	0	-0.01100	-0.01115	0.65779	0.00408	1	0.05794	-0.01675	0.69361	0.00295	1	1.45898	0.81042	0	
1233673	8321.74902	3304017081711	0.00000	0.00000	8321.49414	0.16699	10854	0	0.53612	0.46199	0	0.48501	0.65772	0	0.48501	0.65772	0	0.45517	0.54582	11.65842	1.03439	0	0.71811	0.57160	11.98769	1.03439	0	-0.01100	-0.01115	0.65779	0.00408	1	0.05794	-0.01675	0.69361	0.00295	1	1.45898	0.81042	0	
1233674	8321.75488	3304017145048	0.00000	0.00000	8321.49414	0.16699	10854	0	0.53612	0.46199	0	0.48501	0.65772	0	0.48501	0.65772	0	0.45517	0.54582	11.65842	1.03439	0	0.71811	0.57160	11.98769	1.03439	0	-0.01100	-0.01115	0.65779	0.00408	1	0.05794	-0.01675	0.69361	0.00295	1	1.45898	0.81042	0	
1233675	8321.76172	3304017213427	0.00000	0.00000	8321.49414	0.16699	10854	0	0.53612	0.46199	0	0.48501	0.65772	0	0.48501	0.65772	0	0.45517	0.54582	11.65842	1.03439	0	0.71811	0.57160	11.98769	1.03439	0	-0.01100	-0.01115	0.65779	0.00408	1	0.05794	-0.01675	0.69361	0.00295	1	1.45898	0.81042	0	
1233676	8321.76855	3304017282428	0.00000	0.00000	8321.49414	0.16699	10854	0	0.53612	0.46199	0	0.48501	0.65772	0	0.48501	0.65772	0	0.45517	0.54582	11.65842	1.03439	0	0.71811	0.57160	11.98769	1.03439	0	-0.01100	-0.01115	0.65779	0.00408	1	0.05794	-0.01675	0.69361	0.00295	1	1.45898	0.81042	0	
1233677	8321.77539	3304017349459	0.00000	0.00000	8321.49414	0.16699	10854	0	0.53612	0.46199	0	0.48501	0.65772	0	0.48501	0.65772	0	0.45517	0.54582	11.65842	1.03439	0	0.71811	0.57160	11.98769	1.03439	0	-0.01100	-0.01115	0.65779	0.00408	1	0.05794	-0.01675	0.69361	0.00295	1	1.45898	0.81042	0	
1233678	8321.78223	3304017416538	0.00000	0.00000	8321.49414	0.16699	10854	0	0.53612	0.46199	0	0.48501	0.65772	0	0.48501	0.65772	0	0.45517	0.54582	11.65842	1.03439	0	0.71811	0.57160	11.98769	1.03439	0	-0.01100	-0.01115	0.65779	0.00408	1	0.05794	-0.01675	0.69361	0.00295	1	1.45898	0.81042	0	
1233679	8321.78906	3304017483789	0.00000	0.00000	8321.49414	0.16699	10854	0	0.53612	0.46199	0	0.48501	0.65772	0	0.48501	0.65772	0	0.45517	0.54582	11.65842	1.03439	0	0.71811	0.57160	11.98769	1.03439	0	-0.01100	-0.01115	0.65779	0.00408	1	0.05794	-0.01675	0.69361	0.00295	1	1.45898	0.81042	0	
1233680	8321.79590	3304017550998	0.00000	0.00000	8321.49414	0.16699	10854	0	0.53612	0.46199	0	0.48501	0.65772	0	0.48501	0.65772	0	0.45517	0.54582	11.65842	1.03439	0	0.71811	0.57160	11.98769	1.03439	0	-0.01100	-0.01115	0.65779	0.00408	1	0.05794	-0.01675	0.69361	0.00295	1	1.45898	0.81042	0	
1233681	8321.80273	3304017617753	0.00000	0.00000	8321.49414	0.16699	10854	0	0.53612	0.46199	0	0.48501	0.65772	0	0.48501	0.65772	0	0.45517	0.54582	11.65842	1.03439	0	0.71811	0.57160	11.98769	1.03439	0	-0.01100	-0.01115	0.65779	0.00408	1	0.05794	-0.01675	0.69361	0.00295	1	1.45898	0.81042	0	
1233682	8321.80859	3304017684317	0.00000	0.00000	8321.49414	0.16699	10854	0	0.53612	0.46199	0	0.48501	0.65772	0	0.48501	0.65772	0	0.45517	0.54582	11.65842	1.03439	0	0.71811	0.57160	11.98769	1.03439	0	-0.01100	-0.01115	0.65779	0.00408	1	0.05794	-0.01675	0.69361	0.00295	1	1.45898	0.81042	0	
1233683	8321.81543	3304017751205	0.00000	0.00000	8321.49414	0.16699	10854	0	0.53612	0.46199	0	0.48501	0.65772	0	0.48501	0.65772	0	0.45517	0.54582	11.65842	1.03439	0	0.71811	0.57160	11.98769	1.03439	0	-0.01100	-0.01115	0.65779	0.00408	1	0.05794	-0.01675	0.69361	0.00295	1	1.45898	0.81042	0	
1233684	8321.82227	3304017818579	0.23100	0.19600	8321.49414	0.16699	10854	0	0.53612	0.46199	0	0.46200	0.39200	1	0.46200	0.39200	1	0.45517	0.54582	11.65842	1.03439	0	0.71615	0.56498	13.22736	1.03439	1	-0.01100	-0.01115	0.65779	0.00408	1	0.05794	-0.01675	0.69361	0.00364	1	1.45898	0.81042	0	
1233685	8321.82910	3304017886004	0.46200	0.39200	8321.49414	0.16699	10854	0	0.53612	0.46199	0	0.46200	0.39200	0	0.46200	0.39200	0	0.45517	0.54582	11.65842	1.03439	0	0.71615	0.56498	13.22736	1.03439	0	-0.01100	-0.01115	0.65779	0.00408	1	0.05794	-0.01675	0.69361	0.00364	1	1.45898	0.81042	0	
1233686	8321.83594	3304017952300	0.46200	0.39200	8321.49414	0.16699	10854	0	0.53612	0.46199	0	0.46200	0.39200	0	0.46200	0.39200	0	0.45517	0.54582	11.65842	1.03439	0	0.71615	0.56498	13.22736	1.03439	0	-0.01100	-0.01115	0.65779	0.00408	1	0.05794	-0.01675	0.69361	0.00364	1	1.45898	0.81042	0	
1233687	8321.84277	3304018019844	0.46200	0.39200	8321.49414	0.16699	10854	0	0.53612	0.46199	0	0.46200	0.39200	0	0.46200	0.39200	0	0.45517	0.54582	11.65842	1.03439	0	0.71615	0.56498	13.22736	1.03439	0	-0.01100	-0.01115	0.65779	0.00408	1	0.05794	-0.01675	0.69361	0.00364	1	1.45898	0.81042	0	
1233688	8321.84863	3304018085819	0.00000	0.00000	8321.49414	0.16699	10854	0	0.53612	0.46199	0	0.46200	0.39200	0	0.46200	0.39200	0	0.45517	0.54582	11.65842	1.03439	0	0.71615	0.56498	13.22736	1.03439	0	-0.01100	-0.01115	0.65779	0.00408	1	0.05794	-0.01675	0.69361	0.00364	1	1.45898	0.81042	0	
1233689	8321.85547	3304018153358	0.00000	0.00000	8321.49414	0.16699	10854	0	0.53612	0.46199	0	0.46200	0.39200	0	0.46200	0.39200	0	0.45517	0.54582	11.65842	1.03439	0	0.71615	0.56498	13.22736	1.03439	0	-0.01100	-0.01115	0.65779	0.00408	1	0.05794	-0.01675	0.69361	0.00364	1	1.45898	0.81042	0	
1233690	8321.86230	3304018219173	0.00000	0.00000	8321.49414	0.16699	10854	0	0.53612	0.46199	0	0.46200	0.39200	0	0.46200	0.39200	0	0.45517	0.54582	11.65842	1.03439	0	0.71615	0.56498	13.22736	1.03439	0	-0.01100	-0.01115	0.65779	0.00408	1	0.05794	-0.01675	0.69361	0.00364	1	1.45898	0.81042	0	
1233691	8321.86914	3304018287227	0.00000	0.00000	8321.49414	0.16699	10854	0	0.53612	0.46199	0	0.46200	0.39200	0	0.46200	0.39200	0	0.45517	0.54582	11.65842	1.03439	0	0.71615	0.56498	13.22736	1.03439	0	-0.01100	-0.01115	0.65779	0.00408	1	0.05794	-0.01675	0.69361	0.00364	1	1.45898	0.81042	0	
1233692	8321.87598	3304018354008	0.00000	0.00000	8321.49414	0.16699	10854	0	0.53612	0.46199	0	0.46200	0.39200	0	0.46200	0.39200	0	0.45517	0.54582	11.65842	1.03439	0	0.71615	0.56498	13.22736	1.03439	0	-0.01100	-0.01115	0.65779	0.00408	1	0.05794	-0.01675	0.69361	0.00364	1	1.45898	0.81042	0	
1233693	8321.88281	3304018421545	0.00000	0.00000	8321.49414	0.16699	10854	0	0.53612	0.46199	0	0.46200	0.39200	0	0.46200	0.39200	0	0.45517	0.54582	11.65842	1.03439	0	0.71615	0.56498	13.22736	1.03439	0	-0.01100	-0.01115	0.65779	0.00408	1	0.05794	-0.01675	0.69361	0.00364	1	1.45898	0.81042	0	
1233694	8321.88965	3304018488348	0.51191	0.33930	8321.49414	0.16699	10854	0	0.53118	0.34094	1	0.49265	0.33765	1	0.51191	0.33930	1	0.45165	0.54261	11.72703	1.03439	1	0.71576	0.56471	12.57599	1.03439	1	-0.01100	-0.01115	0.65779	0.00399	1	0.05794	-0.01675	0.69361	0.00378	1	1.45898	0.81042	0	
1233695	8321.89551	3304018555072	0.51194	0.33418	8321.49414	0.16699	10854	0	0.53037	0.33444	1	0.49355	0.32368	1	0.51196	0.32906	1	0.45142	0.54239	11.75933	1.04240	1	0.71580	0.56474	12.53250	1.05108	1	-0.01252	-0.01107	0.68975	0.00400	1	0.05929	-0.01629	0.71681	0.00379	1	1.45898	0.81042	0	
1233696	8321.90234	3304018623023	0.50557	0.33048	8321.49414	0.16699	10854	0	0.51305	0.29063	1	0.47261	0.35555	1	0.49283	0.32309	1	0.45132	0.54235	12.00400	1.05910	1	0.71538	0.56506	13.19108	1.06778	1	-0.01252	-0.01107	0.68975	0.00404	1	0.05929	-0.01629	0.71681	0.00367	1	1.45898	0.81042	0	
1233697	8321.90918	3304018690306	0.50610	0.32590	8321.88965	0.01953	10855	1	0.51499	0.33244	1	0.50041	0.29188	1	0.50770	0.31216	1	0.45140	0.54288	12.43653	1.07580	1	0.71583	0.56453	12.48820	1.08448	1	-0.01252	-0.01107	0.68975	0.00391	1	0.05929	-0.01629	0.71681	0.00384	1	1.45898	0.81042	0	
1233698	8321.91602	3304018757054	0.50628	0.32116	8321.88965	0.02637	10855	1	0.51314	0.31927	1	0.50088	0.28514	1	0.50701	0.30221	1	0.45145	0.54345	13.05556	1.09250	1	0.71571	0.56514	12.65610	1.09250	1	-0.01252	-0.01107	0.68975	0.00370	1	0.05540	-0.01519	0.67043	0.00367	1	1.45898	0.81042	0	
1233699	8321.92285	3304018823328	0.50584	0.32559	8321.88965	0.03320	10855	1	0.52466	0.33428	1	0.48258	0.36119	1	0.50362	0.34774	1	0.45160	0.54322	12.39762	1.09250	1	0.71557	0.56528	13.24377	1.08381	1	-0.01252	-0.01107	0.68975	0.00380	1	0.05540	-0.01519	0.67043	0.00382	1	1.45898	0.81042	0	
1233700	8321.92969	3304018890606	0.50419	0.32770	8321.88965	0.04004	10855	1	0.50340	0.34326	1	0.48526	0.33743	1	0.49433	0.34034	1	0.45137	0.54316	12.36161	1.08381	1	0.71602	0.56481	12.73981	1.07513	1	-0.01252	-0.01107	0.68975	0.00381	1	0.05540	-0.01519	0.67043	0.00380	1	1.45898	0.81042	0	
1233701	8321.93652	3304018957050	0.50302	0.32970	8321.88965	0.04688	10855	1	0.50443	0.34997	1	0.48526	0.33743	1	0.49485	0.34370	1	0.45131	0.54342	12.17628	1.07513	1	0.71571	0.56525	12.60251	1.07513	1	-0.01252	-0.01107	0.68975	0.00387	1	0.05929	-0.01634	0.71681	0.00377	1	1.45898	0.81042	0	
1233702	8321.94238	3304019023153	0.50167	0.33654	8321.88965	0.05273	10855	1	0.51463	0.37237	1	0.46711	0.41010	1	0.49087	0.39123	1	0.45137	0.54334	12.17973	1.07513	1	0.71583	0.56574	12.47827	1.08381	1	-0.01252	-0.01107	0.68975	0.00382	1	0.05929	-0.01634	0.71681	0.00382	1	1.45898	0.81042	0	
1233703	8321.94922	3304019089538	0.50114	0.34164	8321.88965	0.05957	10855	1	0.52129	0.38279	1	0.47134	0.39243	1	0.49632	0.38761	1	0.45145	0.54362	12.18692	1.08381	1	0.71576	0.56567	12.96433	1.09250	1	-0.01252	-0.01107	0.68975	0.00400	1	0.05929	-0.01634	0.71681	0.00389	1	1.45898	0.81042	0	
1233704	8321.95605	3304019154697	0.50066	0.34553	8321.88965	0.06641	10855	1	0.52038	0.37640	1	0.47134	0.39243	1	0.49586	0.38442	1	0.45152	0.54326	12.81480	1.09250	1	0.71558	0.56547	12.46335	1.09250	1	-0.01219	-0.01093	0.67186	0.00374	1	0.05540	-0.01534	0.67043	0.00395	1	1.45898	0.81042	0	
1233705	8321.96289	3304019223122	0.49961	0.34578	8321.88965	0.07324	10855	1	0.51674	0.32152	1	0.45952	0.37543	1	0.48813	0.34848	1	0.45151	0.54352	12.32266	1.09250	1	0.71562	0.56581	12.78855	1.08381	1	-0.01219	-0.01093	0.67186	0.00385	1	0.05540	-0.01534	0.67043	0.00397	1	1.45898	0.81042	0	
1233706	8321.96973	3304019287923	0.49893	0.34683	8321.88965	0.08008	10855	1	0.51445	0.32670	1	0.46702	0.39213	1	0.49074	0.35942	1	0.45142	0.54381	12.08585	1.08381	1	0.71574	0.56596	13.14941	1.07513	1	-0.01219	-0.01093	0.67186	0.00385	1	0.05540	-0.01534	0.67043	0.00387	1	1.45898	0.81042	0	
1233707	8321.97559	3304019355891	0.49837	0.34820	8321.88965	0.08594	10855	1	0.51541	0.33354	1	0.46676	0.39866	1	0.49109	0.36610	1	0.45162	0.54384	12.82301	1.07513	1	0.71604	0.56575	13.04432	1.06645	1	-0.01252	-0.01128	0.68975	0.00389	1	0.05539	-0.01541	0.66911	0.00379	1	1.45898	0.81042	0	
1233708	8321.98242	3304019423487	0.49868	0.34533	8321.88965	0.09277	10855	1	0.50917	0.27571	1	0.49686	0.33446	1	0.50302	0.30509	1	0.45136	0.54319	12.23606	1.06645	1	0.71616	0.56575	13.29414	1.06645	1	-0.01252	-0.01128	0.68975	0.00408	1	0.05539	-0.01541	0.66911	0.00367	1	1.45898	0.81042	0	
1233709	8321.98926	3304019492019	0.49879	0.34350	8321.88965	0.09961	10855	1	0.50826	0.28419	1	0.49269	0.34788	1	0.50048	0.31604	1	0.45135	0.54325	11.93881	1.06645	1	0.71614	0.56582	13.37442	1.06645	1	-0.01252	-0.01128	0.68975	0.00401	1	0.05539	-0.01541	0.66911	0.00371	1	1.45898	0.81042	0	
1233710	8321.99609	3304019558252	0.49890	0.34296	8321.88965	0.10645	10855	1	0.51003	0.29693	1	0.49113	0.37163	1	0.50058	0.33428	1	0.45179	0.54389	13.02086	1.05131	1	0.71610	0.56627	13.21402	1.03684	1	-0.01167	-0.01070	0.64844	0.00372	1	0.05301	-0.01479	0.64036	0.00364	1	1.45898	0.81042	0	
1233711	8322.00293	3304019623477	0.49849	0.34382	8321.88965	0.11328	10855	1	0.51092	0.37294	1	0.47207	0.34416	1	0.49150	0.35855	1	0.45159	0.54420	13.07591	1.02170	1	0.71630	0.56585	12.88142	1.00723	1	-0.01167	-0.01070	0.64844	0.00362	1	0.05301	-0.01479	0.64036	0.00403	1	1.45898	0.81042	0	
1233712	8322.00977	3304019693608	0.49859	0.34676	8321.88965	0.12012	10855	1	0.52885	0.39704	1	0.47218	0.40219	1	0.50052	0.39961	1	0.45187	0.54458	13.13995	0.99209	1	0.71622	0.56620	13.23182	0.97762	1	-0.01167	-0.01070	0.64844	0.00375	1	0.05301	-0.01479	0.64036	0.00403	1	1.45898	0.81042	0	
1233713	8322.01660	3304019759616	0.49872	0.34984	8321.88965	0.12695	10855	1	0.53042	0.40845	1	0.47189	0.40845	1	0.50116	0.40845	1	0.45191	0.54503	13.06706	0.97762	1	0.71616	0.56620	13.09657	0.96996	1	-0.01209	-0.01128	0.67756	0.00378	1	0.05445	-0.01528	0.65717	0.00413	1	1.45898	0.81042	0	
1233714	8322.02344	3304019829049	0.49895	0.35339	8321.88965	0.13379	10855	1	0.53392	0.43856	1	0.47326	0.40996	1	0.50359	0.42426	1	0.45189	0.54532	13.03954	0.98511	1	0.71618	0.56630	13.11763	0.99191	1	-0.01209	-0.01128	0.67756	0.00386	1	0.05445	-0.01528	0.65717	0.00413	1	1.45898	0.81042	0	
1233715	8322.03027	3304019894978	0.49933	0.35529	8321.88965	0.14062	10855	1	0.54420	0.42173	1	0.47011	0.36867	1	0.50716	0.39520	1	0.45220	0.54527	12.74664	1.00706	1	0.71616	0.56621	13.08103	1.01387	1	-0.01209	-0.01128	0.67756	0.00379	1	0.05445	-0.01528	0.65717	0.00417	1	1.45898	0.81042	0	
1233716	8322.03711	3304019961794	0.49964	0.35627	8321.88965	0.14746	10855	1	0.54216	0.40523	1	0.47086	0.35064	1	0.50651	0.37794	1	0.45202	0.54487	11.95251	1.02901	1	0.71614	0.56725	13.40596	1.03582	1	-0.01209	-0.01128	0.67756	0.00417	1	0.05449	-0.01534	0.65769	0.00379	1	1.45898	0.81042	0	
1233717	8322.04297	3304020028927	0.49845	0.35732	8321.88965	0.15332	10855	1	0.49893	0.32384	1	0.44325	0.43885	1	0.47109	0.38134	1	0.45193	0.54436	12.18565	1.03582	1	0.71617	0.56718	13.39342	1.03582	1	-0.01209	-0.01128	0.67756	0.00432	1	0.05449	-0.01534	0.65769	0.00378	1	1.45898	0.81042	0	
1233718	8322.04980	3304020096472	0.49766	0.35828	8321.88965	0.16016	10855	1	0.51168	0.33475	1	0.44587	0.42813	1	0.47877	0.38144	1	0.45212	0.54458	12.28925	1.03582	1	0.71618	0.56765	13.45371	1.03582	1	-0.01209	-0.01128	0.67756	0.00401	1	0.05449	-0.01534	0.65769	0.00392	1	1.45898	0.81042	0	
1233719	8322.05664	3304020163453	0.49694	0.35906	8321.88965	0.16699	10855	1	0.51168	0.33475	1	0.44595	0.42243	1	0.47881	0.37859	1	0.45213	0.54441	12.13364	1.03582	1	0.71647	0.56755	14.06238	1.04348	1	-0.01215	-0.01138	0.68069	0.00400	1	0.05649	-0.01589	0.68123	0.00378	1	1.45898	0.81042	0	
1233720	8322.06348	3304020229671	0.49650	0.35909	8321.88965	0.17383	10855	1	0.51735	0.33325	1	0.45281	0.38616	1	0.48508	0.35971	1	0.45220	0.54478	12.48432	1.04348	1	0.71635	0.56763	14.17258	1.05114	1	-0.01215	-0.01138	0.68069	0.00374	1	0.05649	-0.01589	0.68123	0.00388	1	1.45898	0.81042	0	
1233721	8322.07031	3304020296838	0.49621	0.35982	8321.88965	0.18066	10855	1	0.51053	0.38094	1	0.46606	0.37853	1	0.48830	0.37974	1	0.45235	0.54506	12.62671	1.05114	1	0.71654	0.56752	14.26932	1.05879	1	-0.01215	-0.01138	0.68069	0.00367	1	0.05649	-0.01589	0.68123	0.00379	1	1.45898	0.81042	0	
1233722	8322.07715	3304020364236	0.49171	0.38587	8321.88965	0.18066	10855	0	0.51057	0.38121	1	0.46563	0.39005	1	0.48810	0.38563	1	0.45268	0.54493	12.92916	1.05078	1	0.71685	0.56737	13.43688	1.04397	1	-0.01162	-0.01108	0.65959	0.00387	1	0.05391	-0.01514	0.64897	0.00384	1	1.45898	0.81042	0	
1233723	8322.08398	3304020430665	0.50215	0.38556	8321.88965	0.18066	10855	0	0.51984	0.37201	1	0.50532	0.39847	1	0.51258	0.38524	1	0.45263	0.54496	13.02777	1.03595	1	0.71720	0.56753	13.28811	1.02149	1	-0.01162	-0.01108	0.65959	0.00378	1	0.05391	-0.01514	0.64897	0.00404	1	1.45898	0.81042	0	
1233724	8322.08984	3304020497677	0.50047	0.38744	8321.88965	0.18066	10855	0	0.50839	0.36188	1	0.48583	0.42052	1	0.49711	0.39120	1	0.45275	0.54497	13.15308	1.01347	1	0.71697	0.56774	13.71204	0.99900	1	-0.01162	-0.01108	0.65959	0.00388	1	0.05391	-0.01514	0.64897	0.00389	1	1.45898	0.81042	0	
1233725	8322.09668	3304020564845	0.49981	0.39059	8322.07715	0.01953	10856	1	0.51018	0.37357	1	0.48545	0.42652	1	0.49781	0.40004	1	0.45313	0.54515	12.40358	0.99900	1	0.71701	0.56747	12.83656	0.99134	1	-0.01175	-0.01125	0.66958	0.00374	1	0.05460	-0.01556	0.65662	0.00387	1	1.45898	0.81042	0	
1233726	8322.10352	3304020631935	0.49865	0.38558	8322.07715	0.02637	10856	1	0.53011	0.36593	1	0.45796	0.36517	1	0.49403	0.36555	1	0.45313	0.54518	12.44095	0.99936	1	0.71717	0.56698	12.89950	1.00617	1	-0.01175	-0.01125	0.66958	0.00371	1	0.05460	-0.01556	0.65662	0.00412	1	1.45898	0.81042	0	
1233727	8322.11035	3304020698853	0.49624	0.38907	8322.07715	0.03320	10856	1	0.52993	0.36288	1	0.43841	0.45019	1	0.48417	0.40654	1	0.45312	0.54519	12.28060	1.01418	1	0.71685	0.56805	13.24228	1.02099	1	-0.01175	-0.01125	0.66958	0.00368	1	0.05460	-0.01556	0.65662	0.00376	1	1.45898	0.81042	0	
1233728	8322.11719	3304020765827	0.49446	0.39118	8322.07715	0.04004	10856	1	0.52922	0.35740	1	0.43841	0.45019	1	0.48381	0.40380	1	0.45310	0.54532	12.74292	1.02099	1	0.71744	0.56815	13.55468	1.02099	1	-0.01163	-0.01124	0.66594	0.00362	1	0.05374	-0.01530	0.64576	0.00366	1	1.45898	0.81042	0	
1233729	8322.12402	3304020833065	0.49496	0.38896	8322.07715	0.04688	10856	1	0.51097	0.34780	1	0.48596	0.39907	1	0.49847	0.37343	1	0.45334	0.54543	12.70356	1.01297	1	0.71760	0.56796	13.32421	1.00617	1	-0.01163	-0.01124	0.66594	0.00385	1	0.05374	-0.01530	0.64576	0.00372	1	1.45898	0.81042	0	
1233730	8322.13086	3304020899555	0.49605	0.39315	8322.07715	0.05371	10856	1	0.52312	0.42000	1	0.48634	0.43339	1	0.50473	0.42669	1	0.45322	0.54550	12.56284	0.99815	1	0.71762	0.56827	13.27079	0.99134	1	-0.01163	-0.01124	0.66594	0.00395	1	0.05374	-0.01530	0.64576	0.00388	1	1.45898	0.81042	0	
1233731	8322.13672	3304020966599	0.49696	0.39677	8322.07715	0.05957	10856	1	0.52389	0.42518	1	0.48634	0.43339	1	0.50512	0.42929	1	0.45370	0.54589	12.12645	0.99134	1	0.71784	0.56842	13.67338	0.99134	1	-0.01163	-0.01138	0.67453	0.00383	1	0.05513	-0.01561	0.66057	0.00379	1	1.45898	0.81042	0	
1233732	8322.14355	3304021032881	0.49694	0.39824	8322.07715	0.06641	10856	1	0.53748	0.40282	1	0.45610	0.42315	1	0.49679	0.41299	1	0.45397	0.54593	12.45999	0.99936	1	0.71793	0.56870	13.67123	1.00617	1	-0.01163	-0.01138	0.67453	0.00383	1	0.05513	-0.01561	0.66057	0.00383	1	1.45898	0.81042	0	
1233733	8322.15039	3304021099776	0.49631	0.39926	8322.07715	0.07324	10856	1	0.53309	0.39367	1	0.44568	0.42720	1	0.48938	0.41043	1	0.45391	0.54604	12.64094	1.01418	1	0.71774	0.56878	13.66806	1.02099	1	-0.01163	-0.01138	0.67453	0.00381	1	0.05513	-0.01561	0.66057	0.00395	1	1.45898	0.81042	0	
1233734	8322.15723	3304021167759	0.49573	0.39924	8322.07715	0.08008	10856	1	0.53158	0.38218	1	0.44583	0.41599	1	0.48870	0.39909	1	0.45361	0.54432	11.78558	1.02901	1	0.71768	0.56871	13.21340	1.03582	1	-0.01163	-0.01138	0.67453	0.00437	1	0.05525	-0.01574	0.66202	0.00406	1	1.45898	0.81042	0	
1233735	8322.16309	3304021230805	0.49446	0.39692	8322.07715	0.08594	10856	1	0.51887	0.31775	1	0.43716	0.41578	1	0.47802	0.36676	1	0.45379	0.54539	12.37319	1.03582	1	0.71761	0.56879	13.22875	1.03582	1	-0.01163	-0.01138	0.67453	0.00395	1	0.05525	-0.01574	0.66202	0.00399	1	1.45898	0.81042	0	
1233736	8322.17090	3304021300240	0.49247	0.39662	8322.07715	0.09375	10856	1	0.49423	0.36895	1	0.43493	0.41587	1	0.46458	0.39241	1	0.45373	0.54530	12.13886	1.03582	1	0.71759	0.56884	13.32868	1.03582	1	-0.01163	-0.01138	0.67453	0.00403	1	0.05525	-0.01574	0.66202	0.00391	1	1.45898	0.81042	0	
1233737	8322.17773	3304021368694	0.49076	0.39691	8322.07715	0.10059	10856	1	0.49530	0.37523	1	0.43492	0.42707	1	0.46511	0.40115	1	0.45459	0.54574	12.34776	1.02780	1	0.71847	0.56826	13.13132	1.02099	1	-0.01116	-0.01111	0.65573	0.00387	1	0.05422	-0.01540	0.64794	0.00406	1	1.45898	0.81042	0	
1233738	8322.18359	3304021435756	0.49150	0.39303	8322.07715	0.10645	10856	1	0.51242	0.30028	1	0.49418	0.36191	1	0.50330	0.33109	1	0.45447	0.54487	12.01365	1.01297	1	0.71854	0.56786	12.95005	1.00617	1	-0.01116	-0.01111	0.65573	0.00423	1	0.05422	-0.01540	0.64794	0.00405	1	1.45898	0.81042	0	
1233739	8322.19043	3304021502728	0.49243	0.39368	8322.07715	0.11328	10856	1	0.52607	0.35013	1	0.49046	0.45917	1	0.50827	0.40465	1	0.45456	0.54537	12.12538	0.99815	1	0.71857	0.56884	13.17163	0.99134	1	-0.01116	-0.01111	0.65573	0.00398	1	0.05422	-0.01540	0.64794	0.00392	1	1.45898	0.81042	0	
1233740	8322.19727	3304021569572	0.49328	0.39441	8322.07715	0.12012	10856	1	0.52682	0.35579	1	0.49046	0.45917	1	0.50864	0.40748	1	0.45459	0.54611	12.57570	0.99134	1	0.71874	0.56832	12.74985	0.99134	1	-0.01151	-0.01152	0.67947	0.00374	1	0.05524	-0.01563	0.65961	0.00414	1	1.45898	0.81042	0	
1233741	8322.20410	3304021637099	0.49371	0.39435	8322.07715	0.12695	10856	1	0.53830	0.39576	1	0.46528	0.39102	1	0.50179	0.39339	1	0.45465	0.54604	12.90945	0.99936	1	0.71882	0.56820	12.92094	1.00617	1	-0.01151	-0.01152	0.67947	0.00368	1	0.05524	-0.01563	0.65961	0.00419	1	1.45898	0.81042	0	
1233742	8322.21094	3304021703760	0.49385	0.39457	8322.07715	0.13379	10856	1	0.52652	0.40799	1	0.46691	0.38972	1	0.49672	0.39885	1	0.45453	0.54568	12.65853	1.01418	1	0.71887	0.56843	13.14833	1.02099	1	-0.01151	-0.01152	0.67947	0.00386	1	0.05524	-0.01563	0.65961	0.00410	1	1.45898	0.81042	0	
1233743	8322.21777	3304021769161	0.49396	0.39410	8322.07715	0.14062	10856	1	0.52492	0.39670	1	0.46760	0.37185	1	0.49626	0.38428	1	0.45473	0.54496	12.18901	1.02901	1	0.71878	0.56817	12.86185	1.04348	1	-0.01160	-0.01155	0.68434	0.00409	1	0.05665	-0.01602	0.67574	0.00418	1	1.45898	0.81042	0	
1233744	8322.22461	3304021837803	0.49300	0.39471	8322.07715	0.14746	10856	1	0.50751	0.36605	1	0.43604	0.45016	1	0.47177	0.40811	1	0.45478	0.54547	12.64845	1.04348	1	0.71840	0.56879	13.22875	1.05114	1	-0.01160	-0.01155	0.68434	0.00353	1	0.05665	-0.01602	0.67574	0.00399	1	1.45898	0.81042	0	
1233745	8322.23047	3304021904490	0.49214	0.39530	8322.07715	0.15332	10856	1	0.50894	0.37291	1	0.43605	0.44471	1	0.47249	0.40881	1	0.45466	0.54568	12.43212	1.05114	1	0.71840	0.56879	13.22875	1.05879	1	-0.01160	-0.01155	0.68434	0.00360	1	0.05665	-0.01602	0.67574	0.00399	1	1.45898	0.81042	0	
1233746	8322.23730	3304021971524	0.49132	0.39534	8322.07715	0.16016	10856	1	0.50695	0.36004	1	0.43607	0.43278	1	0.47151	0.39641	1	0.45522	0.54572	11.84945	1.06788	1	0.71915	0.56855	13.00180	1.07554	1	-0.01180	-0.01197	0.70593	0.00379	1	0.05629	-0.01589	0.67026	0.00389	1	1.45898	0.81042	0	
1233747	8322.24414	3304022038954	0.49228	0.39394	8322.07715	0.16699	10856	1	0.54750	0.30850	1	0.48543	0.40905	1	0.51646	0.35878	1	0.45542	0.54527	11.80003	1.08463	1	0.71920	0.56865	13.04296	1.08463	1	-0.01180	-0.01197	0.70593	0.00369	1	0.05629	-0.01589	0.67026	0.00390	1	1.45898	0.81042	0	
1233748	8322.25098	3304022105788	0.49265	0.39221	8322.07715	0.17383	10856	1	0.51488	0.29867	1	0.48940	0.39584	1	0.50214	0.34725	1	0.45542	0.54532	11.86734	1.09371	1	0.71920	0.56868	13.11437	1.09371	1	-0.01180	-0.01197	0.70593	0.00371	1	0.05629	-0.01589	0.67026	0.00388	1	1.45898	0.81042	0	
1233749	8322.25781	3304022172872	0.49299	0.39060	8322.07715	0.18066	10856	1	0.51488	0.29867	1	0.48940	0.39584	1	0.50214	0.34725	1	0.45525	0.54526	12.34945	1.09371	1	0.71934	0.56806	12.71048	1.09371	1	-0.01103	-0.01113	0.66257	0.00367	1	0.05597	-0.01582	0.66529	0.00427	1	1.45898	0.81042	0	
1233750	8322.26465	3304022239719	0.49349	0.38902	8322.07715	0.18750	10856	1	0.51532	0.31145	1	0.49955	0.37833	1	0.50744	0.34489	1	0.45534	0.54508	12.30497	1.08463	1	0.71939	0.56834	12.87934	1.08463	1	-0.01103	-0.01113	0.66257	0.00366	1	0.05597	-0.01582	0.66529	0.00424	1	1.45898	0.81042	0	
1233751	8322.27148	3304022306561	0.49351	0.38758	8322.07715	0.19434	10856	1	0.51258	0.34098	1	0.47564	0.35066	1	0.49411	0.34582	1	0.45533	0.54504	12.33657	1.07554	1	0.71938	0.56844	12.76573	1.07554	1	-0.01103	-0.01113	0.66257	0.00369	1	0.05597	-0.01582	0.66529	0.00419	1	1.45898	0.81042	0	
1233752	8322.27832	3304022373540	0.49355	0.38667	8322.07715	0.20117	10856	1	0.51451	0.35433	1	0.47500	0.36419	1	0.49476	0.35926	1	0.45508	0.54498	11.89365	1.05844	1	0.71924	0.56849	12.89547	1.05844	1	-0.01089	-0.01099	0.65697	0.00379	1	0.05779	-0.01633	0.68687	0.00415	1	1.45898	0.81042	0	
1233753	8322.28418	3304022440277	0.49322	0.38698	8322.07715	0.20703	10856	1	0.49650	0.37886	1	0.46960	0.41453	1	0.48305	0.39669	1	0.45538	0.54524	12.44591	1.05042	1	0.71930	0.56849	12.74643	1.05042	1	-0.01089	-0.01099	0.65697	0.00376	1	0.05779	-0.01633	0.68687	0.00417	1	1.45898	0.81042	0	
1233754	8322.29102	3304022507306	0.49337	0.38742	8322.07715	0.21387	10856	1	0.50272	0.40996	1	0.49343	0.39292	1	0.49808	0.40144	1	0.45543	0.54544	12.28883	1.04240	1	0.71970	0.56805	11.95093	1.04240	1	-0.01089	-0.01099	0.65697	0.00380	1	0.05779	-0.01633	0.68687	0.00428	1	1.45898	0.81042	0	
1233755	8322.29785	3304022574572	0.49350	0.38783	8322.07715	0.22070	10856	1	0.50272	0.40996	1	0.49343	0.39292	1	0.49808	0.40144	1	0.45601	0.54471	11.85697	1.04240	1	0.71959	0.56882	12.21926	1.04240	1	-0.01128	-0.01148	0.68978	0.00387	1	0.05687	-0.01599	0.67481	0.00381	1	1.45898	0.81042	0	
1233756	8322.30469	3304022641211	0.49354	0.38774	8322.07715	0.22754	10856	1	0.51427	0.34473	1	0.47509	0.42444	1	0.49468	0.38458	1	0.45603	0.54486	11.94425	1.05042	1	0.71981	0.56868	12.22420	1.05042	1	-0.01128	-0.01148	0.68978	0.00394	1	0.05687	-0.01599	0.67481	0.00383	1	1.45898	0.81042	0	
1233757	8322.31152	3304022708148	0.49359	0.38811	8322.07715	0.23438	10856	1	0.51180	0.37328	1	0.47905	0.42888	1	0.49543	0.40108	1	0.45603	0.54468	11.97165	1.05844	1	0.71987	0.56866	12.87723	1.05844	1	-0.01128	-0.01148	0.68978	0.00391	1	0.05687	-0.01599	0.67481	0.00386	1	1.45898	0.81042	0	
1233758	8322.31738	3304022773045	0.49363	0.38830	8322.07715	0.24023	10856	1	0.51087	0.36716	1	0.47938	0.42303	1	0.49513	0.39510	1	0.45622	0.54508	11.96062	1.06645	1	0.72011	0.56841	12.89502	1.06645	1	-0.01128	-0.01148	0.68978	0.00380	1	0.05687	-0.01599	0.67481	0.00402	1	1.45898	0.81042	0	
1233759	8322.32520	3304022842470	0.49378	0.38889	8322.07715	0.24805	10856	1	0.52457	0.35933	1	0.47412	0.46242	1	0.49934	0.41087	1	0.45623	0.54423	12.22752	1.06645	1	0.72019	0.56823	12.84581	1.06645	1	-0.01128	-0.01148	0.68978	0.00360	1	0.05687	-0.01599	0.67481	0.00404	1	1.45898	0.81042	0	
1233760	8322.33105	3304022909470	0.49382	0.38970	8322.07715	0.25391	10856	1	0.51840	0.36698	1	0.47177	0.47348	1	0.49508	0.42023	1	0.45613	0.54431	11.66737	1.06645	1	0.72018	0.56833	12.90769	1.06645	1	-0.01128	-0.01148	0.68978	0.00358	1	0.05687	-0.01599	0.67481	0.00400	1	1.45898	0.81042	0	
1233761	8322.33789	3304022976198	0.49385	0.39046	8322.07715	0.26074	10856	1	0.51840	0.36698	1	0.47177	0.47348	1	0.49508	0.42023	1	0.45651	0.54389	11.56137	1.06645	1	0.71996	0.56873	13.17581	1.06645	1	-0.01107	-0.01133	0.68332	0.00375	1	0.05946	-0.01658	0.70424	0.00404	1	1.45898	0.81042	0	
1233762	8322.34473	3304023039174	0.49355	0.39171	8322.07715	0.26758	10856	1	0.49413	0.38741	1	0.46878	0.49556	1	0.48145	0.44149	1	0.45611	0.54450	12.65172	1.06645	1	0.72012	0.56856	13.19122	1.06645	1	-0.01107	-0.01133	0.68332	0.00358	1	0.05946	-0.01658	0.70424	0.00407	1	1.45898	0.81042	0	
1233763	8322.35156	3304023107070	0.49332	0.39271	8322.07715	0.27441	10856	1	0.50980	0.38183	1	0.45797	0.48607	1	0.48388	0.43395	1	0.45637	0.54461	12.48384	1.06645	1	0.71999	0.56846	13.09525	1.06645	1	-0.01107	-0.01133	0.68332	0.00369	1	0.05946	-0.01658	0.70424	0.00400	1	1.45898	0.81042	0	
1233764	8322.35840	3304023174926	0.49310	0.39360	8322.07715	0.28125	10856	1	0.50980	0.38183	1	0.45815	0.48026	1	0.48397	0.43104	1	0.45689	0.54421	12.36725	1.06645	1	0.72039	0.56798	12.16538	1.07513	1	-0.01099	-0.01110	0.67884	0.00371	1	0.05987	-0.01668	0.70842	0.00420	1	1.45898	0.81042	0	
1233765	8322.36426	3304023241242	0.49345	0.39356	8322.07715	0.28711	10856	1	0.52735	0.35429	1	0.48953	0.42890	1	0.50844	0.39159	1	0.45668	0.54433	11.76958	1.07513	1	0.72041	0.56774	12.24561	1.08381	1	-0.01099	-0.01110	0.67884	0.00397	1	0.05987	-0.01668	0.70842	0.00402	1	1.45898	0.81042	0	
1233766	8322.37109	3304023308566	0.49363	0.39331	8322.07715	0.29395	10856	1	0.51337	0.34615	1	0.48998	0.41885	1	0.50168	0.38250	1	0.45689	0.54426	12.34749	1.08381	1	0.72041	0.56774	12.24561	1.09250	1	-0.01099	-0.01110	0.67884	0.00386	1	0.05987	-0.01668	0.70842	0.00402	1	1.45898	0.81042	0	
1233767	8322.37793	3304023376665	0.49380	0.39294	8322.07715	0.30078	10856	1	0.51241	0.33947	1	0.49041	0.41262	1	0.50141	0.37604	1	0.45674	0.54366	11.72631	1.09250	1	0.72045	0.56718	12.13185	1.10118	1	-0.01091	-0.01112	0.67988	0.00405	1	0.05987	-0.01668	0.70842	0.00435	1	1.45898	0.81042	0	
1233768	8322.38477	3304023442140	0.49347	0.39188	8322.07715	0.30762	10856	1	0.49831	0.27341	1	0.45840	0.41343	1	0.47836	0.34342	1	0.45671	0.54343	11.73705	1.10118	1	0.72028	0.56779	12.67214	1.10118	1	-0.01091	-0.01112	0.67988	0.00403	1	0.05987	-0.01668	0.70842	0.00397	1	1.45898	0.81042	0	
1233769	8322.39160	3304023509977	0.49334	0.39064	8322.07715	0.31445	10856	1	0.51125	0.32746	1	0.46370	0.33661	1	0.48747	0.33203	1	0.45682	0.54360	12.01323	1.10118	1	0.72027	0.56704	12.18204	1.10118	1	-0.01091	-0.01112	0.67988	0.00386	1	0.05987	-0.01668	0.70842	0.00431	1	1.45898	0.81042	0	
1233770	8322.39746	3304023574604	0.49325	0.38965	8322.07715	0.32031	10856	1	0.51125	0.32746	1	0.46327	0.34943	1	0.48726	0.33844	1	0.45677	0.54353	12.11133	1.10118	1	0.72036	0.56801	12.13086	1.08484	1	-0.01091	-0.01112	0.67988	0.00367	1	0.05663	-0.01570	0.66900	0.00392	1	1.45898	0.81042	0	
1233771	8322.40527	3304023643799	0.49265	0.38928	8322.07715	0.32812	10856	1	0.50988	0.28665	1	0.45760	0.44845	1	0.48374	0.36755	1	0.45683	0.54301	12.09197	1.08484	1	0.72038	0.56806	12.10151	1.06850	1	-0.01091	-0.01112	0.67988	0.00407	1	0.05663	-0.01570	0.66900	0.00397	1	1.45898	0.81042	0	
1233772	8322.41211	3304023713094	0.49239	0.38869	8322.07715	0.33496	10856	1	0.50652	0.25451	1	0.46269	0.47084	1	0.48460	0.36268	1	0.45679	0.54247	11.80425	1.06850	1	0.72047	0.56816	12.45480	1.05216	1	-0.01091	-0.01112	0.67988	0.00408	1	0.05663	-0.01570	0.66900	0.00391	1	1.45898	0.81042	0	
1233773	8322.41895	3304023780814	0.49214	0.38805	8322.07715	0.34180	10856	1	0.50845	0.26869	1	0.46269	0.47084	1	0.48557	0.36976	1	0.45692	0.54348	12.11643	1.05216	1	0.72049	0.56731	13.16728	1.05216	1	-0.01097	-0.01108	0.68366	0.00367	1	0.05987	-0.01647	0.70842	0.00406	1	1.45898	0.81042	0	
1233774	8322.42480	3304023846541	0.49239	0.38941	8322.07715	0.34766	10856	1	0.53151	0.37570	1	0.48051	0.48541	1	0.50601	0.43055	1	0.45702	0.54321	12.20863	1.05216	1	0.72067	0.56748	13.43223	1.06850	1	-0.01097	-0.01108	0.68366	0.00373	1	0.05987	-0.01647	0.70842	0.00408	1	1.45898	0.81042	0	
1233775	8322.43164	3304023913486	0.49280	0.38934	8322.07715	0.35449	10856	1	0.52353	0.32747	1	0.48468	0.47896	1	0.50410	0.40322	1	0.45700	0.54294	12.14295	1.06850	1	0.72078	0.56737	13.22915	1.08484	1	-0.01097	-0.01108	0.68366	0.00377	1	0.05987	-0.01647	0.70842	0.00387	1	1.45898	0.81042	0	
1233776	8322.43848	3304023981840	0.49321	0.38919	8322.07715	0.36133	10856	1	0.52182	0.31443	1	0.48468	0.47896	1	0.50325	0.39670	1	0.45684	0.54298	12.14741	1.08484	1	0.72050	0.56717	12.42301	1.08484	1	-0.01097	-0.01097	0.68366	0.00378	1	0.05518	-0.01516	0.65188	0.00412	1	1.45898	0.81042	0	
1233777	8322.44531	3304024047539	0.49295	0.38925	8322.07715	0.36816	10856	1	0.50828	0.30686	1	0.46405	0.44602	1	0.48616	0.37644	1	0.45680	0.54266	11.99725	1.08484	1	0.72080	0.56699	13.18106	1.06850	1	-0.01097	-0.01097	0.68366	0.00397	1	0.05518	-0.01516	0.65188	0.00399	1	1.45898	0.81042	0	
1233778	8322.45215	3304024114307	0.49265	0.38814	8322.07715	0.37500	10856	1	0.50976	0.34654	1	0.47137	0.40005	1	0.49056	0.37330	1	0.45680	0.54263	11.98004	1.06850	1	0.72087	0.56632	12.58293	1.05216	1	-0.01097	-0.01097	0.68366	0.00403	1	0.05518	-0.01516	0.65188	0.00423	1	1.45898	0.81042	0	
1233779	8322.45898	3304024181799	0.49236	0.38724	8322.07715	0.38184	10856	1	0.51165	0.35930	1	0.47082	0.41249	1	0.49124	0.38590	1	0.45695	0.54242	11.85916	1.05216	1	0.72091	0.56532	12.46404	1.03582	1	-0.01101	-0.01096	0.68585	0.00397	1	0.05663	-0.01550	0.66900	0.00461	1	1.45898	0.81042	0	
1233780	8322.46582	3304024250098	0.49228	0.38726	8322.07715	0.38867	10856	1	0.51458	0.32207	1	0.47056	0.50630	1	0.49257	0.41419	1	0.45686	0.54202	11.95576	1.03582	1	0.72091	0.56678	12.64675	1.03582	1	-0.01101	-0.01096	0.68585	0.00375	1	0.05663	-0.01550	0.66900	0.00395	1	1.45898	0.81042	0	
1233781	8322.47168	3304024316332	0.49254	0.38629	8322.07715	0.39453	10856	1	0.53050	0.38333	1	0.47318	0.34391	1	0.50184	0.36362	1	0.45703	0.54240	12.27116	1.03582	1	0.72090	0.56563	12.43827	1.03582	1	-0.01101	-0.01096	0.68585	0.00361	1	0.05663	-0.01550	0.66900	0.00432	1	1.45898	0.81042	0	
1233782	8322.47852	3304024382772	0.49281	0.38555	8322.07715	0.40137	10856	1	0.53050	0.38333	1	0.47318	0.34391	1	0.50184	0.36362	1	0.45683	0.54201	12.00807	1.03582	1	0.72101	0.56640	12.86907	1.03582	1	-0.01091	-0.01081	0.67988	0.00376	1	0.05518	-0.01506	0.65188	0.00409	1	1.45898	0.81042	0	
1233783	8322.48535	3304024449835	0.49324	0.38741	8322.07715	0.40820	10856	1	0.51989	0.40725	1	0.47702	0.50511	1	0.49845	0.45618	1	0.45687	0.54231	12.28771	1.03582	1	0.72102	0.56642	12.95527	1.03582	1	-0.01091	-0.01081	0.67988	0.00360	1	0.05518	-0.01506	0.65188	0.00401	1	1.45898	0.81042	0	
1233784	8322.49219	3304024516729	0.49395	0.38868	8322.07715	0.41504	10856	1	0.52361	0.39187	1	0.47405	0.51468	1	0.49883	0.45327	1	0.45698	0.54221	12.26466	1.03582	1	0.72101	0.56642	12.80086	1.03582	1	-0.01091	-0.01081	0.67988	0.00368	1	0.05518	-0.01506	0.65188	0.00400	1	1.45898	0.81042	0	
1233785	8322.49902	3304024585887	0.49465	0.38977	8322.07715	0.42188	10856	1	0.52361	0.39187	1	0.47405	0.51468	1	0.49883	0.45327	1	0.45696	0.54252	12.39212	1.03582	1	0.72086	0.56629	13.23109	1.03582	1	-0.01101	-0.01085	0.68585	0.00364	1	0.05518	-0.01496	0.65188	0.00420	1	1.45898	0.81042	0	
1233786	8322.50586	3304024650339	0.49445	0.39145	8322.07715	0.42871	10856	1	0.52640	0.36563	1	0.46039	0.45837	1	0.49340	0.41200	1	0.45698	0.54196	12.20890	1.03582	1	0.72073	0.56593	13.03220	1.03582	1	-0.01101	-0.01085	0.68585	0.00378	1	0.05518	-0.01496	0.65188	0.00403	1	1.45898	0.81042	0	
1233787	8322.51270	3304024717667	0.49412	0.39155	8322.07715	0.43555	10856	1	0.52295	0.35915	1	0.46201	0.45965	1	0.49248	0.40940	1	0.45691	0.54207	12.08296	1.03582	1	0.72079	0.56593	13.22640	1.03582	1	-0.01101	-0.01085	0.68585	0.00376	1	0.05518	-0.01496	0.65188	0.00402	1	1.45898	0.81042	0	
1233788	8322.51953	3304024785822	0.49378	0.39159	8322.07715	0.44238	10856	1	0.52295	0.35915	1	0.46201	0.45965	1	0.49248	0.40940	1	0.45692	0.54189	12.22695	1.03582	1	0.72101	0.56562	12.69647	1.03582	1	-0.01097	-0.01077	0.68366	0.00378	1	0.05663	-0.01530	0.66900	0.00418	1	1.45898	0.81042	0	
1233789	8322.52539	3304024852301	0.49379	0.39211	8322.07715	0.44824	10856	1	0.52539	0.35687	1	0.47918	0.47969	1	0.50228	0.41828	1	0.45692	0.54196	12.17163	1.03582	1	0.72104	0.56603	12.73273	1.03582	1	-0.01097	-0.01077	0.68366	0.00383	1	0.05663	-0.01530	0.66900	0.00402	1	1.45898	0.81042	0	
1233790	8322.53223	3304024919811	0.49381	0.39216	8322.07715	0.45508	10856	1	0.52274	0.36811	1	0.47297	0.43451	1	0.49785	0.40131	1	0.45695	0.54201	12.30253	1.03582	1	0.72102	0.56554	12.58605	1.03582	1	-0.01097	-0.01077	0.68366	0.00381	1	0.05663	-0.01530	0.66900	0.00419	1	1.45898	0.81042	0	
1233791	8322.53906	3304024986478	0.49385	0.39251	8322.07715	0.46191	10856	1	0.52274	0.36811	1	0.47297	0.43451	1	0.49785	0.40131	1	0.45699	0.54201	12.22545	1.03582	1	0.72075	0.56553	13.00908	1.03582	1	-0.01097	-0.01077	0.68366	0.00379	1	0.05577	-0.01502	0.65885	0.00423	1	1.45898	0.81042	0	
1233792	8322.54590	3304025050253	0.49434	0.39166	8322.07715	0.46875	10856	1	0.51966	0.36939	1	0.47111	0.36529	1	0.49538	0.36734	1	0.45694	0.54204	12.28407	1.03582	1	0.72089	0.56485	12.52236	1.03582	1	-0.01097	-0.01077	0.68366	0.00376	1	0.05577	-0.01502	0.65885	0.00433	1	1.45898	0.81042	0	
1233793	8322.55273	3304025119230	0.49485	0.39138	8322.07715	0.47559	10856	1	0.52915	0.35494	1	0.46509	0.43513	1	0.49712	0.39503	1	0.45711	0.54180	12.28875	1.03582	1	0.72083	0.56553	12.92715	1.03582	1	-0.01097	-0.01077	0.68366	0.00397	1	0.05577	-0.01502	0.65885	0.00413	1	1.45898	0.81042	0	
1233794	8322.55859	3304025183837	0.49539	0.39135	8322.07715	0.48145	10856	1	0.52915	0.35494	1	0.46509	0.43513	1	0.49712	0.39503	1	0.45668	0.54125	11.84280	1.03582	1	0.72068	0.56522	12.81056	1.03582	1	-0.01097	-0.01077	0.68366	0.00415	1	0.05577	-0.01502	0.65885	0.00421	1	1.45898	0.81042	0	
1233795	8322.56543	3304025246741	0.49481	0.39165	8322.07715	0.48828	10856	1	0.51399	0.34018	1	0.46357	0.40602	1	0.48878	0.37310	1	0.45686	0.54163	12.21613	1.03582	1	0.72080	0.56535	12.84806	1.03582	1	-0.01097	-0.01077	0.68366	0.00400	1	0.05577	-0.01502	0.65885	0.00414	1	1.45898	0.81042	0	
1233796	8322.57227	3304025320388	0.49441	0.39235	8322.07715	0.49512	10856	1	0.50771	0.33194	1	0.45805	0.43031	1	0.48288	0.38113	1	0.45673	0.54140	11.93197	1.03582	1	0.72073	0.56568	13.15672	1.03582	1	-0.01097	-0.01077	0.68366	0.00409	1	0.05577	-0.01502	0.65885	0.00407	1	1.45898	0.81042	0	
1233797	8322.57910	3304025387875	0.49401	0.39306	8322.07715	0.50195	10856	1	0.50771	0.33194	1	0.45805	0.43031	1	0.48288	0.38113	1	0.45675	0.54134	11.88760	1.03582	1	0.72084	0.56601	13.26352	1.03582	1	-0.01097	-0.01077	0.68366	0.00410	1	0.05663	-0.01520	0.66900	0.00390	1	1.45898	0.81042	0	
1233798	8322.58594	3304025454443	0.49395	0.39419	8322.07715	0.50879	10856	1	0.54391	0.34225	1	0.46582	0.45577	1	0.50487	0.39901	1	0.45686	0.54176	12.08286	1.03582	1	0.72076	0.56577	13.17752	1.03582	1	-0.01097	-0.01077	0.68366	0.00392	1	0.05663	-0.01520	0.66900	0.00391	1	1.45898	0.81042	0	
1233799	8322.59277	3304025521477	0.49400	0.39536	8322.07715	0.51562	10856	1	0.50162	0.34035	1	0.49142	0.46392	1	0.49652	0.40214	1	0.45659	0.54103	11.39719	1.03582	1	0.72088	0.56593	13.38290	1.03582	1	-0.01097	-0.01077	0.68366	0.00416	1	0.05663	-0.01520	0.66900	0.00390	1	1.45898	0.81042	0	
1233800	8322.59961	3304025588437	0.49404	0.39625	8322.07715	0.52246	10856	1	0.50162	0.34035	1	0.49142	0.46392	1	0.49652	0.40214	1	0.45668	0.54140	11.50935	1.03582	1	0.72085	0.56589	13.38197	1.03582	1	-0.01097	-0.01077	0.68366	0.00393	1	0.05663	-0.01520	0.66900	0.00391	1	1.45898	0.81042	0	
1233801	8322.60645	3304025655496	0.49447	0.39663	8322.07715	0.52930	10856	1	0.54159	0.36094	1	0.46607	0.46867	1	0.50383	0.41480	1	0.45687	0.54161	12.14327	1.03582	1	0.72084	0.56590	13.35802	1.03582	1	-0.01097	-0.01077	0.68366	0.00388	1	0.05663	-0.01520	0.66900	0.00388	1	1.45898	0.81042	0	
1233802	8322.61230	3304025722739	0.49477	0.39662	8322.07715	0.53516	10856	1	0.53425	0.34291	1	0.49069	0.45851	1	0.51247	0.40071	1	0.45679	0.54169	11.83999	1.03582	1	0.72081	0.56586	13.31560	1.03582	1	-0.01097	-0.01077	0.68366	0.00389	1	0.05663	-0.01520	0.66900	0.00390	1	1.45898	0.81042	0	
1233803	8322.61914	3304025789348	0.49507	0.39646	8322.07715	0.54199	10856	1	0.53335	0.33558	1	0.49117	0.45198	1	0.51226	0.39378	1	0.45682	0.54126	11.82187	1.04490	1	0.72082	0.56561	13.18248	1.04490	1	-0.01137	-0.01111	0.70543	0.00404	1	0.05577	-0.01492	0.65885	0.00389	1	1.45898	0.81042	0	
1233804	8322.62598	3304025856428	0.49547	0.39633	8322.07715	0.54883	10856	1	0.53406	0.31852	1	0.49418	0.43826	1	0.51412	0.37839	1	0.45683	0.54126	11.86340	1.05399	1	0.72088	0.56570	13.15288	1.05399	1	-0.01137	-0.01111	0.70543	0.00403	1	0.05577	-0.01492	0.65885	0.00390	1	1.45898	0.81042	0	
1233805	8322.63281	3304025923121	0.49578	0.39593	8322.07715	0.55566	10856	1	0.53150	0.34666	1	0.48857	0.41751	1	0.51003	0.38208	1	0.45671	0.54137	11.58396	1.06307	1	0.72081	0.56566	13.20712	1.06307	1	-0.01137	-0.01111	0.70543	0.00398	1	0.05577	-0.01492	0.65885	0.00400	1	1.45898	0.81042	0	
1233806	8322.63965	3304025990302	0.49609	0.39566	8322.07715	0.56250	10856	1	0.53150	0.34666	1	0.48857	0.41751	1	0.51003	0.38208	1	0.45669	0.54169	11.65207	1.06307	1	0.72083	0.56577	13.21679	1.06307	1	-0.01099	-0.01069	0.67884	0.00388	1	0.05704	-0.01529	0.67505	0.00393	1	1.45898	0.81042	0	
1233807	8322.64648	3304026057734	0.49620	0.39462	8322.07715	0.56934	10856	1	0.51778	0.31688	1	0.49142	0.40541	1	0.50460	0.36114	1	0.45643	0.54163	10.99256	1.05399	1	0.72080	0.56555	13.15427	1.05399	1	-0.01099	-0.01069	0.67884	0.00399	1	0.05704	-0.01529	0.67505	0.00394	1	1.45898	0.81042	0	
1233808	8322.65332	3304026124341	0.49639	0.39335	8322.07715	0.57617	10856	1	0.51754	0.27822	1	0.49070	0.44042	1	0.50412	0.35932	1	0.45649	0.54118	11.24974	1.04490	1	0.72082	0.56564	13.30004	1.04490	1	-0.01099	-0.01069	0.67884	0.00411	1	0.05704	-0.01529	0.67505	0.00387	1	1.45898	0.81042	0	
1233809	8322.65918	3304026189644	0.49658	0.39224	8322.07715	0.58203	10856	1	0.51856	0.28606	1	0.49022	0.44705	1	0.50439	0.36656	1	0.45661	0.54178	11.38484	1.03582	1	0.72071	0.56556	13.16212	1.03582	1	-0.01099	-0.01069	0.67884	0.00387	1	0.05704	-0.01529	0.67505	0.00387	1	1.45898	0.81042	0	
1233810	8322.66602	3304026253545	0.49709	0.39110	8322.07715	0.58887	10856	1	0.52232	0.35670	1	0.48948	0.41726	1	0.50590	0.38698	1	0.45657	0.54187	11.60744	1.03582	1	0.72078	0.56540	13.13253	1.03582	1	-0.01099	-0.01069	0.67884	0.00382	1	0.05704	-0.01529	0.67505	0.00384	1	1.45898	0.81042	0	
1233811	8322.67285	3304026321954	0.49744	0.38991	8322.07715	0.59570	10856	1	0.52204	0.34716	1	0.47970	0.40616	1	0.50087	0.37666	1	0.45658	0.54185	11.47631	1.03582	1	0.72070	0.56539	13.07447	1.03582	1	-0.01099	-0.01069	0.67884	0.00386	1	0.05704	-0.01529	0.67505	0.00380	1	1.45898	0.81042	0	
1233812	8322.67969	3304026391869	0.49779	0.38877	8322.07715	0.60254	10856	1	0.52204	0.34716	1	0.47970	0.40616	1	0.50087	0.37666	1	0.45649	0.54219	11.52015	1.03582	1	0.72078	0.56555	13.10166	1.03582	1	-0.01099	-0.01069	0.67884	0.00370	1	0.05704	-0.01529	0.67505	0.00385	1	1.45898	0.81042	0	
1233813	8322.68652	3304026457464	0.49759	0.38902	8322.07715	0.60938	10856	1	0.50933	0.38135	1	0.48822	0.42564	1	0.49877	0.40349	1	0.45631	0.54212	11.28833	1.03582	1	0.72078	0.56558	12.84300	1.03582	1	-0.01099	-0.01069	0.67884	0.00378	1	0.05704	-0.01529	0.67505	0.00386	1	1.45898	0.81042	0	
1233814	8322.69238	3304026521512	0.49782	0.38918	8322.07715	0.61523	10856	1	0.54101	0.36757	1	0.48389	0.41220	1	0.51245	0.38988	1	0.45638	0.54218	11.49766	1.03582	1	0.72069	0.56558	12.87754	1.03582	1	-0.01099	-0.01069	0.67884	0.00375	1	0.05704	-0.01529	0.67505	0.00384	1	1.45898	0.81042	0	
1233815	8322.69922	3304026590163	0.49805	0.38946	8322.07715	0.62207	10856	1	0.54101	0.36757	1	0.48389	0.41220	1	0.51245	0.38988	1	0.45599	0.54199	11.59861	1.03582	1	0.72074	0.56588	13.13564	1.03582	1	-0.01099	-0.01069	0.67884	0.00381	1	0.05704	-0.01534	0.67505	0.00385	1	1.45898	0.81042	0	
1233816	8322.70703	3304026661060	0.49817	0.39091	8322.07715	0.62988	10856	1	0.51771	0.37086	1	0.45061	0.45459	1	0.48416	0.41273	1	0.45613	0.54199	12.09754	1.03582	1	0.72021	0.56594	12.80279	1.03582	1	-0.01099	-0.01069	0.67884	0.00370	1	0.05704	-0.01534	0.67505	0.00396	1	1.45898	0.81042	0	
1233817	8322.71289	3304026728873	0.49825	0.39244	8322.07715	0.63574	10856	1	0.51454	0.40012	1	0.46834	0.41081	1	0.49144	0.40547	1	0.45599	0.54235	12.29100	1.03582	1	0.72053	0.56549	12.62486	1.03582	1	-0.01099	-0.01069	0.67884	0.00369	1	0.05704	-0.01534	0.67505	0.00400	1	1.45898	0.81042	0	
1233818	8322.71973	3304026791445	0.49835	0.39390	8322.07715	0.64258	10856	1	0.51547	0.40616	1	0.46833	0.41108	1	0.49190	0.40862	1	0.45608	0.54229	12.21176	1.02780	1	0.72041	0.56494	12.02794	1.03546	1	-0.01069	-0.01045	0.65719	0.00361	1	0.05732	-0.01545	0.67767	0.00432	1	1.45898	0.81042	0	
1233819	8322.72656	3304026860255	0.49847	0.39519	8322.07715	0.64941	10856	1	0.52524	0.40088	1	0.45385	0.45817	1	0.48955	0.42953	1	0.45615	0.54225	12.06005	1.02744	1	0.72030	0.56573	12.27695	1.03510	1	-0.01069	-0.01045	0.65719	0.00362	1	0.05732	-0.01545	0.67767	0.00399	1	1.45898	0.81042	0	
1233820	8322.73340	3304026928210	0.49860	0.39630	8322.07715	0.65625	10856	1	0.52313	0.39948	1	0.45911	0.43241	1	0.49112	0.41594	1	0.45611	0.54224	12.23263	1.02709	1	0.72031	0.56554	12.51037	1.03474	1	-0.01069	-0.01045	0.65719	0.00369	1	0.05732	-0.01545	0.67767	0.00416	1	1.45898	0.81042	0	
1233821	8322.73926	3304026991994	0.49871	0.39714	8322.07715	0.66211	10856	1	0.52229	0.39366	1	0.45928	0.42673	1	0.49079	0.41019	1	0.45644	0.54225	12.33197	1.03474	1	0.72057	0.56596	12.49863	1.04240	1	-0.01111	-0.01095	0.68569	0.00360	1	0.05732	-0.01545	0.67767	0.00383	1	1.45898	0.81042	0	
1233822	8322.74609	3304027059885	0.49848	0.39638	8322.07715	0.66895	10856	1	0.51803	0.33619	1	0.47165	0.45186	1	0.49484	0.39403	1	0.45655	0.54244	11.62936	1.05042	1	0.72057	0.56596	12.49863	1.05042	1	-0.01111	-0.01095	0.68569	0.00359	1	0.05732	-0.01545	0.67767	0.00383	1	1.45898	0.81042	0	
1233823	8322.75293	3304027126488	0.49856	0.39637	8322.07715	0.67578	10856	1	0.52815	0.39001	1	0.48764	0.41487	1	0.50789	0.40244	1	0.45668	0.54253	11.92536	1.05844	1	0.72077	0.56576	12.78076	1.05844	1	-0.01111	-0.01095	0.68569	0.00358	1	0.05732	-0.01545	0.67767	0.00385	1	1.45898	0.81042	0	
1233824	8322.75977	3304027193321	0.49865	0.39636	8322.07715	0.68262	10856	1	0.52733	0.38403	1	0.48803	0.40891	1	0.50768	0.39647	1	0.45666	0.54269	11.63186	1.06645	1	0.72077	0.56518	13.00647	1.06645	1	-0.01111	-0.01095	0.68569	0.00363	1	0.05732	-0.01545	0.67767	0.00422	1	1.45898	0.81042	0	
1233825	8322.76660	3304027260044	0.49918	0.39612	8322.07715	0.68945	10856	1	0.52732	0.35699	1	0.49586	0.37262	1	0.51159	0.36480	1	0.45667	0.54202	11.68966	1.06645	1	0.72088	0.56513	12.90713	1.06645	1	-0.01111	-0.01095	0.68569	0.00390	1	0.05732	-0.01545	0.67767	0.00418	1	1.45898	0.81042	0	
1233826	8322.77344	3304027327367	0.49958	0.39479	8322.07715	0.69629	10856	1	0.52445	0.32010	1	0.49465	0.29890	1	0.50955	0.30950	1	0.45668	0.54207	11.68745	1.06645	1	0.72085	0.56438	12.75917	1.06645	1	-0.01111	-0.01095	0.68569	0.00388	1	0.05732	-0.01545	0.67767	0.00435	1	1.45898	0.81042	0	
1233827	8322.78027	3304027394803	0.49995	0.39327	8322.07715	0.70312	10856	1	0.52445	0.32010	1	0.49423	0.30540	1	0.50934	0.31275	1	0.45675	0.54288	12.12996	1.06645	1	0.72094	0.56501	12.73717	1.05879	1	-0.01111	-0.01095	0.68569	0.00356	1	0.05577	-0.01502	0.65885	0.00414	1	1.45898	0.81042	0	
1233828	8322.78711	3304027461462	0.50053	0.39233	8322.07715	0.70996	10856	1	0.53654	0.38094	1	0.50431	0.35776	1	0.52042	0.36935	1	0.45672	0.54294	12.62965	1.05879	1	0.72106	0.56476	12.81625	1.05114	1	-0.01111	-0.01095	0.68569	0.00355	1	0.05577	-0.01502	0.65885	0.00425	1	1.45898	0.81042	0	
1233829	8322.79297	3304027528058	0.50074	0.39126	8322.07715	0.71582	10856	1	0.51482	0.26870	1	0.50845	0.35581	1	0.51164	0.31225	1	0.45651	0.54169	11.75112	1.05114	1	0.72108	0.56480	12.79756	1.04348	1	-0.01111	-0.01095	0.68569	0.00393	1	0.05577	-0.01502	0.65885	0.00424	1	1.45898	0.81042	0	
1233830	8322.79980	3304027596508	0.50095	0.39047	8322.07715	0.72266	10856	1	0.51660	0.28230	1	0.50738	0.36856	1	0.51199	0.32543	1	0.45689	0.54167	11.75033	1.03546	1	0.72100	0.56512	12.61467	1.02780	1	-0.01062	-0.01052	0.65883	0.00406	1	0.05577	-0.01502	0.65885	0.00405	1	1.45898	0.81042	0	
1233831	8322.80664	3304027664782	0.50128	0.38874	8322.07715	0.72949	10856	1	0.55095	0.35787	1	0.47719	0.38843	1	0.51407	0.37315	1	0.45704	0.54232	12.26928	1.01978	1	0.72099	0.56478	12.54631	1.01978	1	-0.01062	-0.01052	0.65883	0.00354	1	0.05577	-0.01502	0.65885	0.00415	1	1.45898	0.81042	0	
1233832	8322.81348	3304027731898	0.50123	0.38762	8322.07715	0.73633	10856	1	0.53172	0.37443	1	0.46148	0.42446	1	0.49660	0.39944	1	0.45708	0.54257	12.21340	1.01177	1	0.72083	0.56585	13.08990	1.01177	1	-0.01062	-0.01052	0.65883	0.00364	1	0.05577	-0.01502	0.65885	0.00382	1	1.45898	0.81042	0	
1233833	8322.82031	3304027798872	0.50119	0.38656	8322.07715	0.74316	10856	1	0.53255	0.38081	1	0.46147	0.42474	1	0.49701	0.40277	1	0.45678	0.54246	12.21665	1.00375	1	0.72110	0.56560	12.42498	1.01141	1	-0.01114	-0.01109	0.69110	0.00355	1	0.05749	-0.01547	0.67849	0.00396	1	1.45898	0.81042	0	
1233834	8322.82715	3304027865385	0.50118	0.38577	8322.07715	0.75000	10856	1	0.52031	0.29923	1	0.46582	0.44881	1	0.49307	0.37402	1	0.45690	0.54133	11.90890	1.01141	1	0.72087	0.56563	12.85425	1.01907	1	-0.01114	-0.01109	0.69110	0.00398	1	0.05749	-0.01547	0.67849	0.00392	1	1.45898	0.81042	0	
1233835	8322.83301	3304027929210	0.50540	0.35799	8322.07715	0.75000	10856	0	0.51132	0.36289	1	0.45239	0.34898	1	0.48186	0.35593	1	0.45678	0.54254	12.04660	1.01907	1	0.72098	0.56507	12.59955	1.02673	1	-0.01114	-0.01109	0.69110	0.00354	1	0.05749	-0.01547	0.67849	0.00423	1	1.45898	0.81042	0	
1233836	8322.84082	3304028000104	0.47904	0.34671	8322.07715	0.75000	10856	0	0.51132	0.36289	0	0.45267	0.33544	1	0.45267	0.33544	1	0.45678	0.54254	12.04660	1.02673	0	0.72128	0.56534	11.99900	1.04307	1	-0.01114	-0.01109	0.69110	0.00354	1	0.06002	-0.01614	0.70771	0.00420	1	1.45898	0.81042	0	
1233837	8322.84766	3304028067170	0.47904	0.34671	8322.07715	0.75000	10856	0	0.51132	0.36289	0	0.45267	0.33544	0	0.45267	0.33544	0	0.45678	0.54254	12.04660	1.04307	0	0.72128	0.56534	11.99900	1.05175	0	-0.01114	-0.01109	0.69110	0.00354	1	0.06002	-0.01614	0.70771	0.00420	1	1.45898	0.81042	0	
1233838	8322.85352	3304028133481	0.45267	0.33544	8322.07715	0.75000	10856	0	0.51132	0.36289	0	0.45267	0.33544	0	0.45267	0.33544	0	0.45678	0.54254	12.04660	1.05175	0	0.72128	0.56534	11.99900	1.06043	0	-0.01114	-0.01109	0.69110	0.00354	1	0.06002	-0.01614	0.70771	0.00420	1	1.45898	0.81042	0	
1233839	8322.86035	3304028200350	0.45267	0.33544	8322.07715	0.75000	10856	0	0.51132	0.36289	0	0.45267	0.33544	0	0.45267	0.33544	0	0.45678	0.54254	12.04660	1.06043	0	0.72128	0.56534	11.99900	1.06911	0	-0.01114	-0.01109	0.69110	0.00354	1	0.06002	-0.01614	0.70771	0.00420	1	1.45898	0.81042	0	
1233840	8322.86719	3304028267554	0.45267	0.33544	8322.07715	0.75000	10856	0	0.51132	0.36289	0	0.45267	0.33544	0	0.45267	0.33544	0	0.45678	0.54254	12.04660	1.06911	0	0.72128	0.56534	11.99900	1.06911	0	-0.01114	-0.01109	0.69110	0.00354	1	0.06002	-0.01614	0.70771	0.00420	1	1.45898	0.81042	0	
1233841	8322.87402	3304028334557	0.00000	0.00000	8322.07715	0.75000	10856	0	0.51132	0.36289	0	0.45267	0.33544	0	0.45267	0.33544	0	0.45678	0.54254	12.04660	1.06911	0	0.72128	0.56534	11.99900	1.06911	0	-0.01114	-0.01109	0.69110	0.00354	1	0.06002	-0.01614	0.70771	0.00420	1	1.45898	0.81042	0	
1233842	8322.88086	3304028402668	0.00000	0.00000	8322.07715	0.75000	10856	0	0.51132	0.36289	0	0.45267	0.33544	0	0.45267	0.33544	0	0.45678	0.54254	12.04660	1.06911	0	0.72128	0.56534	11.99900	1.06911	0	-0.01114	-0.01109	0.69110	0.00354	1	0.06002	-0.01614	0.70771	0.00420	1	1.45898	0.81042	0	
1233843	8322.88770	3304028468983	0.00000	0.00000	8322.07715	0.75000	10856	0	0.51132	0.36289	0	0.45267	0.33544	0	0.45267	0.33544	0	0.45678	0.54254	12.04660	1.06911	0	0.72128	0.56534	11.99900	1.06911	0	-0.01114	-0.01109	0.69110	0.00354	1	0.06002	-0.01614	0.70771	0.00420	1	1.45898	0.81042	0	
1233844	8322.89355	3304028535279	0.00000	0.00000	8322.07715	0.75000	10856	0	0.51132	0.36289	0	0.45267	0.33544	0	0.45267	0.33544	0	0.45678	0.54254	12.04660	1.06911	0	0.72128	0.56534	11.99900	1.06911	0	-0.01114	-0.01109	0.69110	0.00354	1	0.06002	-0.01614	0.70771	0.00420	1	1.45898	0.81042	0	
1233845	8322.90039	3304028599773	0.00000	0.00000	8322.07715	0.75000	10856	0	0.51132	0.36289	0	0.45267	0.33544	0	0.45267	0.33544	0	0.45678	0.54254	12.04660	1.06911	0	0.72128	0.56534	11.99900	1.06911	0	-0.01114	-0.01109	0.69110	0.00354	1	0.06002	-0.01614	0.70771	0.00420	1	1.45898	0.81042	0	
1233846	8322.90723	3304028670020	0.24296	0.17863	8322.07715	0.75000	10856	0	0.52212	0.31626	1	0.44972	0.39826	1	0.48592	0.35726	1	0.45782	0.54244	12.06037	1.06911	1	0.72171	0.56605	13.49802	1.06911	1	-0.01114	-0.01109	0.69110	0.00366	1	0.06002	-0.01614	0.70771	0.00387	1	1.45898	0.81042	0	
1233847	8322.91406	3304028737206	0.48205	0.36658	8322.07715	0.75000	10856	0	0.50890	0.38995	1	0.44746	0.36185	1	0.47818	0.37590	1	0.45756	0.54245	12.03232	1.06911	1	0.72172	0.56569	13.23552	1.06911	1	-0.01114	-0.01109	0.69110	0.00364	1	0.06002	-0.01614	0.70771	0.00401	1	1.45898	0.81042	0	
1233848	8322.92090	3304028803692	0.48009	0.37294	8322.07715	0.75000	10856	0	0.50890	0.38995	1	0.44736	0.36865	1	0.47813	0.37930	1	0.45789	0.54215	12.24951	1.06911	1	0.72204	0.56565	12.11653	1.06043	1	-0.01027	-0.01042	0.65531	0.00364	1	0.05520	-0.01482	0.64808	0.00400	1	1.45898	0.81042	0	
1233849	8322.92773	3304028870429	0.48179	0.37420	8322.07715	0.75000	10856	0	0.51039	0.37478	1	0.46002	0.37868	1	0.48520	0.37673	1	0.45791	0.54237	11.72652	1.06043	1	0.72197	0.56564	12.04350	1.05175	1	-0.01027	-0.01042	0.65531	0.00363	1	0.05520	-0.01482	0.64808	0.00403	1	1.45898	0.81042	0	
1233850	8322.93457	3304028937743	0.48465	0.37357	8322.91406	0.02051	10857	1	0.51632	0.37024	1	0.47009	0.37313	1	0.49321	0.37169	1	0.45800	0.54270	11.77065	1.05175	1	0.72203	0.56547	12.28277	1.04307	1	-0.01027	-0.01042	0.65531	0.00366	1	0.05520	-0.01482	0.64808	0.00408	1	1.45898	0.81042	0	
1233851	8322.94141	3304029004537	0.48634	0.37391	8322.91406	0.02734	10857	1	0.51639	0.37075	1	0.46982	0.37974	1	0.49311	0.37524	1	0.45832	0.54269	11.92181	1.05108	1	0.72223	0.56594	12.97460	1.03474	1	-0.01055	-0.01076	0.67658	0.00360	1	0.05545	-0.01488	0.65042	0.00388	1	1.45898	0.81042	0	
1233852	8322.94727	3304029070077	0.48730	0.38076	8322.91406	0.03320	10857	1	0.52252	0.37051	1	0.46174	0.45951	1	0.49213	0.41501	1	0.45843	0.54250	12.50055	1.04276	1	0.72238	0.56634	13.06590	1.03510	1	-0.01055	-0.01076	0.67658	0.00358	1	0.05545	-0.01488	0.65042	0.00387	1	1.45898	0.81042	0	
1233853	8322.95410	3304029138868	0.48787	0.38355	8322.91406	0.04004	10857	1	0.50660	0.33660	1	0.47600	0.46401	1	0.49130	0.40031	1	0.45834	0.54248	11.82720	1.04312	1	0.72259	0.56635	12.85737	1.03546	1	-0.01055	-0.01076	0.67658	0.00367	1	0.05545	-0.01488	0.65042	0.00394	1	1.45898	0.81042	0	
1233854	8322.96094	3304029205478	0.48832	0.38527	8322.91406	0.04688	10857	1	0.50655	0.33631	1	0.47631	0.45830	1	0.49143	0.39730	1	0.45838	0.54227	11.99465	1.04348	1	0.72293	0.56650	12.41254	1.04348	1	-0.01052	-0.01078	0.68106	0.00370	1	0.05860	-0.01576	0.68673	0.00407	1	1.45898	0.81042	0	
1233855	8322.96777	3304029273234	0.48828	0.39058	8322.91406	0.05371	10857	1	0.50641	0.39744	1	0.46953	0.46870	1	0.48797	0.43307	1	0.45828	0.54233	11.74349	1.04348	1	0.72285	0.56667	12.37937	1.05114	1	-0.01052	-0.01078	0.68106	0.00366	1	0.05860	-0.01576	0.68673	0.00410	1	1.45898	0.81042	0	
1233856	8322.97461	3304029339045	0.48738	0.39194	8322.91406	0.06055	10857	1	0.50516	0.34946	1	0.45332	0.45895	1	0.47924	0.40421	1	0.45824	0.54238	11.84985	1.05114	1	0.72256	0.56656	13.03545	1.05879	1	-0.01052	-0.01078	0.68106	0.00361	1	0.05860	-0.01576	0.68673	0.00393	1	1.45898	0.81042	0	
1233857	8322.98145	3304029406397	0.48660	0.39254	8322.91406	0.06738	10857	1	0.50423	0.34340	1	0.45345	0.45359	1	0.47884	0.39850	1	0.45872	0.54235	11.66755	1.05879	1	0.72283	0.56682	12.55433	1.06645	1	-0.01034	-0.01070	0.67606	0.00364	1	0.05858	-0.01573	0.68529	0.00380	1	1.45898	0.81042	0	
1233858	8322.98828	3304029473579	0.48715	0.39641	8322.91406	0.07422	10857	1	0.51953	0.40224	1	0.46686	0.47572	1	0.49319	0.43898	1	0.45878	0.54271	11.77357	1.06645	1	0.72281	0.56673	12.55378	1.06645	1	-0.01034	-0.01070	0.67606	0.00365	1	0.05858	-0.01573	0.68529	0.00380	1	1.45898	0.81042	0	
1233859	8322.99414	3304029540736	0.48753	0.39729	8322.91406	0.08008	10857	1	0.52524	0.37276	1	0.45884	0.44304	1	0.49204	0.40790	1	0.45894	0.54244	11.45336	1.06645	1	0.72269	0.56657	12.31569	1.06645	1	-0.01034	-0.01070	0.67606	0.00363	1	0.05858	-0.01573	0.68529	0.00386	1	1.45898	0.81042	0	
1233860	8323.00098	3304029607535	0.48785	0.39805	8322.91406	0.08691	10857	1	0.52524	0.37276	1	0.45884	0.44304	1	0.49204	0.40790	1	0.45909	0.54261	11.76103	1.06645	1	0.72284	0.56572	12.22461	1.06645	1	-0.01047	-0.01078	0.68470	0.00372	1	0.05860	-0.01578	0.68554	0.00424	1	1.45898	0.81042	0	
1233861	8323.00781	3304029674381	0.48975	0.39542	8322.91406	0.09375	10857	1	0.53091	0.40026	1	0.50187	0.31691	1	0.51639	0.35859	1	0.45904	0.54254	11.51690	1.06645	1	0.72329	0.56541	12.39582	1.06645	1	-0.01047	-0.01078	0.68470	0.00365	1	0.05860	-0.01578	0.68554	0.00421	1	1.45898	0.81042	0	
1233862	8323.01465	3304029741672	0.49084	0.39542	8322.91406	0.10059	10857	1	0.51011	0.39274	1	0.50429	0.39797	1	0.50720	0.39536	1	0.45912	0.54261	11.86729	1.06645	1	0.72340	0.56641	13.01847	1.06645	1	-0.01047	-0.01078	0.68470	0.00363	1	0.05860	-0.01578	0.68554	0.00375	1	1.45898	0.81042	0	
1233863	8323.02148	3304029808778	0.49179	0.39558	8322.91406	0.10742	10857	1	0.51011	0.39274	1	0.50380	0.40376	1	0.50696	0.39825	1	0.45931	0.54235	12.12744	1.06645	1	0.72341	0.56670	13.09011	1.05879	1	-0.01032	-0.01083	0.68128	0.00367	1	0.05670	-0.01531	0.66274	0.00380	1	1.45898	0.81042	0	
1233864	8323.02832	3304029874802	0.49298	0.39457	8322.91406	0.11426	10857	1	0.52097	0.35585	1	0.50560	0.39869	1	0.51329	0.37727	1	0.45929	0.54229	12.09169	1.05879	1	0.72338	0.56679	13.12850	1.05114	1	-0.01032	-0.01083	0.68128	0.00368	1	0.05670	-0.01531	0.66274	0.00387	1	1.45898	0.81042	0	
1233865	8323.03516	3304029942167	0.49385	0.39217	8322.91406	0.12109	10857	1	0.51844	0.35862	1	0.50032	0.33959	1	0.50938	0.34911	1	0.45927	0.54207	11.96391	1.05114	1	0.72331	0.56606	12.69897	1.04348	1	-0.01032	-0.01083	0.68128	0.00371	1	0.05670	-0.01531	0.66274	0.00400	1	1.45898	0.81042	0	
1233866	8323.04102	3304030009271	0.49463	0.39033	8322.91406	0.12695	10857	1	0.51929	0.36461	1	0.49985	0.34594	1	0.50957	0.35527	1	0.45931	0.54227	11.99387	1.04348	1	0.72332	0.56591	12.66619	1.03582	1	-0.01028	-0.01074	0.67859	0.00372	1	0.05670	-0.01531	0.66274	0.00404	1	1.45898	0.81042	0	
1233867	8323.04785	3304030077177	0.49544	0.38950	8322.91406	0.13379	10857	1	0.52664	0.40190	1	0.49633	0.34392	1	0.51149	0.37291	1	0.45934	0.54236	12.10932	1.03582	1	0.72328	0.56594	12.63078	1.03582	1	-0.01028	-0.01074	0.67859	0.00361	1	0.05670	-0.01531	0.66274	0.00394	1	1.45898	0.81042	0	
1233868	8323.05469	3304030141896	0.49626	0.38729	8322.91406	0.14062	10857	1	0.52117	0.36095	1	0.50611	0.32081	1	0.51364	0.34088	1	0.45930	0.54245	12.17735	1.03582	1	0.72334	0.56585	12.68070	1.03582	1	-0.01028	-0.01074	0.67859	0.00363	1	0.05670	-0.01531	0.66274	0.00403	1	1.45898	0.81042	0	
1233869	8323.06152	3304030210665	0.49703	0.38513	8322.91406	0.14746	10857	1	0.52117	0.36095	1	0.50662	0.31428	1	0.51390	0.33761	1	0.45933	0.54233	12.25111	1.03582	1	0.72328	0.56644	12.78928	1.04348	1	-0.01028	-0.01084	0.67860	0.00367	1	0.05858	-0.01583	0.68529	0.00381	1	1.45898	0.81042	0	
1233870	8323.06836	3304030277071	0.49757	0.38366	8322.91406	0.15430	10857	1	0.51728	0.34517	1	0.50259	0.35471	1	0.50994	0.34994	1	0.45921	0.54239	12.07609	1.04348	1	0.72337	0.56625	12.55372	1.05114	1	-0.01028	-0.01084	0.67860	0.00364	1	0.05858	-0.01583	0.68529	0.00386	1	1.45898	0.81042	0	
1233871	8323.07520	3304030344091	0.49765	0.38079	8322.91406	0.16113	10857	1	0.50563	0.24126	1	0.49351	0.38244	1	0.49957	0.31185	1	0.45912	0.54111	11.89198	1.05114	1	0.72319	0.56667	12.77609	1.05879	1	-0.01028	-0.01084	0.67860	0.00401	1	0.05858	-0.01583	0.68529	0.00381	1	1.45898	0.81042	0	
1233872	8323.08105	3304030409153	0.50922	0.35437	8322.91406	0.16113	10857	0	0.50470	0.23441	1	0.49392	0.37650	1	0.49931	0.30545	1	0.45914	0.54217	11.93760	1.05879	1	0.72323	0.56661	12.72252	1.06645	1	-0.01028	-0.01089	0.67860	0.00362	1	0.05860	-0.01589	0.68554	0.00387	1	1.45898	0.81042	0	
1233873	8323.08789	3304030477978	0.50386	0.33034	8322.91406	0.16113	10857	0	0.50265	0.23755	1	0.49434	0.37507	1	0.49849	0.30631	1	0.45911	0.54127	11.75055	1.06645	1	0.72326	0.56662	12.78534	1.06645	1	-0.01028	-0.01089	0.67860	0.00406	1	0.05860	-0.01589	0.68554	0.00386	1	1.45898	0.81042	0	
1233874	8323.09473	3304030545457	0.50596	0.33257	8322.91406	0.16113	10857	0	0.51960	0.30542	1	0.50076	0.36861	1	0.51018	0.33702	1	0.45926	0.54200	11.99267	1.06645	1	0.72329	0.56666	12.89462	1.06645	1	-0.01028	-0.01089	0.67860	0.00381	1	0.05860	-0.01589	0.68554	0.00387	1	1.45898	0.81042	0	
1233875	8323.10156	3304030612253	0.50696	0.33443	8323.08105	0.02051	10858	1	0.51960	0.30542	1	0.50030	0.37461	1	0.50995	0.34002	1	0.45915	0.54186	11.74073	1.06645	1	0.72329	0.56694	12.82132	1.05879	1	-0.01028	-0.01089	0.67860	0.00374	1	0.05616	-0.01526	0.65647	0.00389	1	1.45898	0.81042	0	
1233876	8323.10840	3304030679006	0.50642	0.34005	8323.08105	0.02734	10858	1	0.51321	0.31344	1	0.49532	0.41160	1	0.50426	0.36252	1	0.45920	0.54204	11.89801	1.05879	1	0.72324	0.56692	12.69125	1.05114	1	-0.01028	-0.01089	0.67860	0.00397	1	0.05616	-0.01526	0.65647	0.00395	1	1.45898	0.81042	0	
1233877	8323.11523	3304030745946	0.50605	0.34290	8323.08105	0.03418	10858	1	0.51095	0.30752	1	0.49745	0.40677	1	0.50420	0.35715	1	0.45916	0.54185	11.64739	1.05114	1	0.72324	0.56687	12.71354	1.04348	1	-0.01028	-0.01089	0.67860	0.00399	1	0.05616	-0.01526	0.65647	0.00390	1	1.45898	0.81042	0	
1233878	8323.12207	3304030812933	0.50585	0.34539	8323.08105	0.04102	10858	1	0.51185	0.31389	1	0.49745	0.40677	1	0.50465	0.36033	1	0.45929	0.54229	11.69015	1.04348	1	0.72339	0.56705	12.68053	1.04348	1	-0.01047	-0.01099	0.68470	0.00382	1	0.05860	-0.01599	0.68554	0.00394	1	1.45898	0.81042	0	
1233879	8323.12891	3304030880272	0.50469	0.34987	8323.08105	0.04785	10858	1	0.50065	0.35219	1	0.49247	0.41032	1	0.49656	0.38125	1	0.45896	0.54252	11.56910	1.04348	1	0.72320	0.56698	13.07631	1.05114	1	-0.01047	-0.01099	0.68470	0.00370	1	0.05860	-0.01599	0.68554	0.00386	1	1.45898	0.81042	0	
1233880	8323.13574	3304030948119	0.50641	0.35159	8323.08105	0.05469	10858	1	0.54290	0.33086	1	0.49740	0.39980	1	0.52015	0.36533	1	0.45923	0.54213	11.55060	1.05114	1	0.72326	0.56696	12.79829	1.05879	1	-0.01047	-0.01099	0.68470	0.00383	1	0.05860	-0.01599	0.68554	0.00382	1	1.45898	0.81042	0	
1233881	8323.14160	3304031013411	0.50777	0.35236	8323.08105	0.06055	10858	1	0.54221	0.32468	1	0.49784	0.39398	1	0.52002	0.35933	1	0.45874	0.54279	11.01016	1.05879	1	0.72279	0.56735	12.48530	1.06645	1	-0.01047	-0.01099	0.68470	0.00397	1	0.05860	-0.01599	0.68554	0.00394	1	1.45898	0.81042	0	
1233882	8323.14844	3304031079782	0.50382	0.36084	8323.08105	0.06738	10858	1	0.54221	0.32468	0	0.46433	0.44563	1	0.46433	0.44563	1	0.45874	0.54279	11.01016	1.06645	0	0.72279	0.56735	12.48530	1.06645	1	-0.01047	-0.01099	0.68470	0.00397	1	0.05860	-0.01599	0.68554	0.00394	1	1.45898	0.81042	0	
1233883	8323.15527	3304031146211	0.50382	0.36084	8323.08105	0.07422	10858	1	0.54221	0.32468	0	0.46433	0.44563	0	0.46433	0.44563	0	0.45874	0.54279	11.01016	1.06645	0	0.72279	0.56735	12.48530	1.06645	0	-0.01047	-0.01099	0.68470	0.00397	1	0.05860	-0.01599	0.68554	0.00394	1	1.45898	0.81042	0	
1233884	8323.16211	3304031212334	0.50382	0.36084	8323.08105	0.08105	10858	1	0.54221	0.32468	0	0.46433	0.44563	0	0.46433	0.44563	0	0.45874	0.54279	11.01016	1.06645	0	0.72279	0.56735	12.48530	1.06645	0	-0.01047	-0.01099	0.68470	0.00397	1	0.05860	-0.01599	0.68554	0.00394	1	1.45898	0.81042	0	
1233885	8323.16797	3304031279489	0.50382	0.36084	8323.08105	0.08691	10858	1	0.54221	0.32468	0	0.46433	0.44563	0	0.46433	0.44563	0	0.45874	0.54279	11.01016	1.06645	0	0.72279	0.56735	12.48530	1.06645	0	-0.01047	-0.01099	0.68470	0.00397	1	0.05860	-0.01599	0.68554	0.00394	1	1.45898	0.81042	0	
1233886	8323.17480	3304031346016	0.50328	0.36149	8323.08105	0.08691	10858	0	0.54221	0.32468	0	0.46433	0.44563	0	0.46433	0.44563	0	0.45874	0.54279	11.01016	1.06645	0	0.72279	0.56735	12.48530	1.06645	0	-0.01047	-0.01099	0.68470	0.00397	1	0.05860	-0.01599	0.68554	0.00394	1	1.45898	0.81042	0	
1233887	8323.18164	3304031413122	0.50328	0.36149	8323.08105	0.08691	10858	0	0.54221	0.32468	0	0.46433	0.44563	0	0.46433	0.44563	0	0.45874	0.54279	11.01016	1.06645	0	0.72279	0.56735	12.48530	1.06645	0	-0.01047	-0.01099	0.68470	0.00397	1	0.05860	-0.01599	0.68554	0.00394	1	1.45898	0.81042	0	
1233888	8323.18848	3304031481330	0.50328	0.36149	8323.08105	0.08691	10858	0	0.54221	0.32468	0	0.46433	0.44563	0	0.46433	0.44563	0	0.45874	0.54279	11.01016	1.06645	0	0.72279	0.56735	12.48530	1.06645	0	-0.01047	-0.01099	0.68470	0.00397	1	0.05860	-0.01599	0.68554	0.00394	1	1.45898	0.81042	0	
1233889	8323.19531	3304031547601	0.00000	0.00000	8323.08105	0.08691	10858	0	0.54221	0.32468	0	0.46433	0.44563	0	0.46433	0.44563	0	0.45874	0.54279	11.01016	1.06645	0	0.72279	0.56735	12.48530	1.06645	0	-0.01047	-0.01099	0.68470	0.00397	1	0.05860	-0.01599	0.68554	0.00394	1	1.45898	0.81042	0	
1233890	8323.20215	3304031615161	0.00000	0.00000	8323.08105	0.08691	10858	0	0.54221	0.32468	0	0.46433	0.44563	0	0.46433	0.44563	0	0.45874	0.54279	11.01016	1.06645	0	0.72279	0.56735	12.48530	1.06645	0	-0.01047	-0.01099	0.68470	0.00397	1	0.05860	-0.01599	0.68554	0.00394	1	1.45898	0.81042	0	
1233891	8323.20898	3304031680613	0.00000	0.00000	8323.08105	0.08691	10858	0	0.54221	0.32468	0	0.46433	0.44563	0	0.46433	0.44563	0	0.45874	0.54279	11.01016	1.06645	0	0.72279	0.56735	12.48530	1.06645	0	-0.01047	-0.01099	0.68470	0.00397	1	0.05860	-0.01599	0.68554	0.00394	1	1.45898	0.81042	0	
1233892	8323.21680	3304031762132	0.49990	0.40100	8323.08105	0.08691	10858	0	0.53575	0.34578	1	0.46404	0.45622	1	0.49990	0.40100	1	0.45881	0.54324	11.97236	1.06645	1	0.72278	0.56802	12.65661	1.06645	1	-0.01047	-0.01099	0.68470	0.00378	1	0.05860	-0.01599	0.68554	0.00383	1	1.45898	0.81042	0	
1233893	8323.22266	3304031817891	0.49984	0.40234	8323.08105	0.08691	10858	0	0.53575	0.34578	1	0.46384	0.46157	1	0.49979	0.40368	1	0.45828	0.54321	11.62434	1.06645	1	0.72296	0.56782	12.24363	1.05879	1	-0.01047	-0.01099	0.68470	0.00383	1	0.05643	-0.01546	0.66079	0.00385	1	1.45898	0.81042	0	
1233894	8323.22852	3304031884824	0.49773	0.40167	8323.08105	0.08691	10858	0	0.52354	0.36180	1	0.46345	0.43884	1	0.49350	0.40032	1	0.45855	0.54303	11.27661	1.05879	1	0.72274	0.56770	12.47918	1.05114	1	-0.01047	-0.01099	0.68470	0.00375	1	0.05643	-0.01546	0.66079	0.00399	1	1.45898	0.81042	0	
1233895	8323.23535	3304031952038	0.49900	0.40591	8323.21680	0.01855	10859	1	0.53294	0.37407	1	0.47268	0.46324	1	0.50281	0.41865	1	0.45868	0.54329	11.88588	1.05114	1	0.72290	0.56798	12.46894	1.04348	1	-0.01047	-0.01099	0.68470	0.00368	1	0.05643	-0.01546	0.66079	0.00396	1	1.45898	0.81042	0	
1233896	8323.24219	3304032016436	0.49989	0.41023	8323.21680	0.02539	10859	1	0.53449	0.38608	1	0.47239	0.46891	1	0.50344	0.42749	1	0.45836	0.54354	12.43032	1.03546	1	0.72293	0.56803	12.51524	1.03546	1	-0.01005	-0.01054	0.65371	0.00363	1	0.05860	-0.01607	0.68673	0.00395	1	1.45898	0.81042	0	
1233897	8323.24902	3304032085888	0.50143	0.40299	8323.21680	0.03223	10859	1	0.54088	0.34021	1	0.47741	0.39332	1	0.50914	0.36676	1	0.45874	0.54307	12.40730	1.02744	1	0.72296	0.56711	12.15891	1.03510	1	-0.01005	-0.01054	0.65371	0.00377	1	0.05860	-0.01607	0.68673	0.00439	1	1.45898	0.81042	0	
1233898	8323.25586	3304032152528	0.50216	0.39951	8323.21680	0.03906	10859	1	0.52247	0.30667	1	0.49056	0.45066	1	0.50652	0.37867	1	0.45849	0.54285	12.11438	1.02709	1	0.72284	0.56722	12.63961	1.03474	1	-0.01005	-0.01054	0.65371	0.00375	1	0.05860	-0.01607	0.68673	0.00384	1	1.45898	0.81042	0	
1233899	8323.26270	3304032219829	0.50267	0.39615	8323.21680	0.04590	10859	1	0.52164	0.30015	1	0.49096	0.44510	1	0.50630	0.37262	1	0.45835	0.54244	11.77376	1.03474	1	0.72197	0.56706	13.43608	1.04240	1	-0.01069	-0.01105	0.68555	0.00400	1	0.05520	-0.01507	0.64808	0.00400	1	1.45898	0.81042	0	
1233900	8323.26953	3304032286648	0.50109	0.39135	8323.21680	0.05273	10859	1	0.48915	0.33008	1	0.48768	0.37586	1	0.48841	0.35297	1	0.45797	0.54263	11.08570	1.05042	1	0.72230	0.56634	12.82976	1.05042	1	-0.01069	-0.01105	0.68555	0.00402	1	0.05520	-0.01507	0.64808	0.00396	1	1.45898	0.81042	0	
1233901	8323.27539	3304032353700	0.50022	0.38623	8323.21680	0.05859	10859	1	0.51367	0.31506	1	0.47111	0.36521	1	0.49239	0.34014	1	0.45804	0.54259	11.04729	1.05844	1	0.72208	0.56659	12.34925	1.05844	1	-0.01069	-0.01105	0.68555	0.00393	1	0.05520	-0.01507	0.64808	0.00395	1	1.45898	0.81042	0	
1233902	8323.28223	3304032420258	0.49947	0.38173	8323.21680	0.06543	10859	1	0.51276	0.30851	1	0.47112	0.36493	1	0.49194	0.33672	1	0.45815	0.54294	11.40304	1.06645	1	0.72223	0.56651	12.38042	1.05879	1	-0.01069	-0.01105	0.68555	0.00379	1	0.05611	-0.01533	0.65927	0.00393	1	1.45898	0.81042	0	
1233903	8323.28906	3304032487198	0.49904	0.37715	8323.21680	0.07227	10859	1	0.51591	0.31157	1	0.47271	0.34208	1	0.49431	0.32683	1	0.45805	0.54313	11.50135	1.05879	1	0.72213	0.56629	12.11866	1.05114	1	-0.01069	-0.01105	0.68555	0.00372	1	0.05611	-0.01533	0.65927	0.00410	1	1.45898	0.81042	0	
1233904	8323.29590	3304032554269	0.49960	0.37433	8323.21680	0.07910	10859	1	0.53776	0.29330	1	0.47502	0.38762	1	0.50639	0.34046	1	0.45802	0.54304	11.50468	1.05114	1	0.72222	0.56650	12.36696	1.04348	1	-0.01069	-0.01105	0.68555	0.00377	1	0.05611	-0.01533	0.65927	0.00391	1	1.45898	0.81042	0	
1233905	8323.30273	3304032621550	0.50012	0.37282	8323.21680	0.08594	10859	1	0.53924	0.30651	1	0.47443	0.39984	1	0.50684	0.35318	1	0.45792	0.54332	12.42480	1.03546	1	0.72195	0.56614	12.63821	1.02780	1	-0.01032	-0.01067	0.65839	0.00364	1	0.05611	-0.01528	0.65927	0.00398	1	1.45898	0.81042	0	
1233906	8323.30957	3304032688852	0.50161	0.37257	8323.21680	0.09277	10859	1	0.54177	0.38706	1	0.50314	0.35100	1	0.52246	0.36903	1	0.45804	0.54308	11.97972	1.01978	1	0.72219	0.56606	12.08561	1.01978	1	-0.01032	-0.01067	0.65839	0.00363	1	0.05611	-0.01528	0.65927	0.00400	1	1.45898	0.81042	0	
1233907	8323.31641	3304032755303	0.50291	0.37163	8323.21680	0.09961	10859	1	0.54830	0.35740	1	0.49655	0.35774	1	0.52243	0.35757	1	0.45813	0.54322	12.10672	1.01177	1	0.72212	0.56595	12.12057	1.01177	1	-0.01032	-0.01067	0.65839	0.00362	1	0.05611	-0.01528	0.65927	0.00401	1	1.45898	0.81042	0	
1233908	8323.32227	3304032822647	0.50409	0.37040	8323.21680	0.10547	10859	1	0.54830	0.35740	1	0.49752	0.34408	1	0.52291	0.35074	1	0.45785	0.54339	12.83120	1.01177	1	0.72153	0.56660	13.13428	1.02811	1	-0.01079	-0.01116	0.68550	0.00370	1	0.05902	-0.01610	0.69469	0.00376	1	1.45898	0.81042	0	
1233909	8323.32910	3304032889984	0.50325	0.36792	8323.21680	0.11230	10859	1	0.51903	0.32349	1	0.45911	0.32781	1	0.48907	0.32565	1	0.45771	0.54301	12.19651	1.03612	1	0.72149	0.56612	13.03780	1.05246	1	-0.01079	-0.01116	0.68550	0.00376	1	0.05902	-0.01610	0.69469	0.00415	1	1.45898	0.81042	0	
1233910	8323.33594	3304032957037	0.50267	0.36553	8323.21680	0.11914	10859	1	0.52691	0.31546	1	0.45733	0.32960	1	0.49212	0.32253	1	0.45789	0.54315	12.19480	1.06048	1	0.72145	0.56625	12.93568	1.07682	1	-0.01079	-0.01116	0.68550	0.00373	1	0.05902	-0.01610	0.69469	0.00405	1	1.45898	0.81042	0	
1233911	8323.34277	3304033023183	0.50207	0.36220	8323.21680	0.12598	10859	1	0.52349	0.28819	1	0.45784	0.30959	1	0.49066	0.29889	1	0.45783	0.54334	12.21508	1.09392	1	0.72151	0.56609	12.89179	1.10158	1	-0.01104	-0.01136	0.69805	0.00362	1	0.05709	-0.01554	0.67256	0.00418	1	1.45898	0.81042	0	
1233912	8323.34961	3304033090940	0.50133	0.35998	8323.21680	0.13281	10859	1	0.52593	0.30427	1	0.44742	0.32693	1	0.48667	0.31560	1	0.45793	0.54341	12.26817	1.11067	1	0.72124	0.56650	12.48149	1.10199	1	-0.01104	-0.01136	0.69805	0.00363	1	0.05709	-0.01554	0.67256	0.00409	1	1.45898	0.81042	0	
1233913	8323.35547	3304033154703	0.50105	0.35662	8323.21680	0.13867	10859	1	0.52066	0.26265	1	0.46941	0.30958	1	0.49503	0.28612	1	0.45786	0.54326	12.27951	1.11107	1	0.72160	0.56625	13.07578	1.10239	1	-0.01104	-0.01136	0.69805	0.00364	1	0.05709	-0.01554	0.67256	0.00409	1	1.45898	0.81042	0	
1233914	8323.36230	3304033219894	0.50199	0.32770	8323.21680	0.13867	10859	0	0.52061	0.26231	1	0.46943	0.30926	1	0.49502	0.28579	1	0.45792	0.54324	12.44300	1.11148	1	0.72159	0.56675	13.26144	1.10280	1	-0.01129	-0.01156	0.71383	0.00371	1	0.05709	-0.01554	0.67256	0.00382	1	1.45898	0.81042	0	
1233915	8323.36914	3304033288325	0.49993	0.31428	8323.21680	0.13867	10859	0	0.53311	0.28642	1	0.46263	0.31529	1	0.49787	0.30086	1	0.45805	0.54323	12.23696	1.10280	1	0.72152	0.56668	13.40315	1.10280	1	-0.01129	-0.01156	0.71383	0.00369	1	0.05709	-0.01554	0.67256	0.00382	1	1.45898	0.81042	0	
1233916	8323.37598	3304033357216	0.49857	0.30898	8323.21680	0.13867	10859	0	0.51141	0.27281	1	0.48028	0.32398	1	0.49585	0.29840	1	0.45772	0.54316	12.28315	1.10280	1	0.72179	0.56642	13.02227	1.10280	1	-0.01129	-0.01156	0.71383	0.00370	1	0.05709	-0.01554	0.67256	0.00380	1	1.45898	0.81042	0	
1233917	8323.38281	3304033425498	0.49804	0.30980	8323.36230	0.02051	10860	1	0.51331	0.28689	1	0.47959	0.33760	1	0.49645	0.31224	1	0.45771	0.54310	12.25887	1.08569	1	0.72203	0.56633	12.89016	1.08569	1	-0.01032	-0.01067	0.65839	0.00378	1	0.05790	-0.01568	0.68094	0.00381	1	1.45898	0.81042	0	
1233918	8323.38965	3304033492464	0.49894	0.30658	8323.36230	0.02734	10860	1	0.51065	0.30715	1	0.49446	0.28024	1	0.50256	0.29370	1	0.45767	0.54302	12.23407	1.06859	1	0.72202	0.56620	12.70744	1.06859	1	-0.01032	-0.01067	0.65839	0.00385	1	0.05790	-0.01568	0.68094	0.00380	1	1.45898	0.81042	0	
1233919	8323.39648	3304033559321	0.49898	0.30657	8323.36230	0.03418	10860	1	0.51780	0.31329	1	0.48057	0.29981	1	0.49918	0.30655	1	0.45768	0.54284	12.17747	1.05149	1	0.72181	0.56619	12.89323	1.05149	1	-0.01032	-0.01067	0.65839	0.00375	1	0.05790	-0.01568	0.68094	0.00379	1	1.45898	0.81042	0	
1233920	8323.40332	3304033625347	0.49910	0.30863	8323.36230	0.04102	10860	1	0.51970	0.32739	1	0.47985	0.31448	1	0.49977	0.32094	1	0.45780	0.54301	12.29661	1.03439	1	0.72191	0.56618	12.63250	1.03439	1	-0.01027	-0.01067	0.65530	0.00377	1	0.05790	-0.01578	0.68094	0.00380	1	1.45898	0.81042	0	
1233921	8323.40918	3304033686418	0.49985	0.31134	8323.36230	0.04688	10860	1	0.52134	0.34068	1	0.48896	0.31995	1	0.50515	0.33032	1	0.45764	0.54316	12.50004	1.03439	1	0.72196	0.56634	12.62054	1.03439	1	-0.01027	-0.01067	0.65530	0.00368	1	0.05790	-0.01578	0.68094	0.00376	1	1.45898	0.81042	0	
1233922	8323.41602	3304033759968	0.50099	0.30920	8323.36230	0.05371	10860	1	0.52249	0.29471	1	0.49764	0.28945	1	0.51007	0.29208	1	0.45774	0.54271	12.13526	1.03439	1	0.72207	0.56612	12.14005	1.03439	1	-0.01027	-0.01067	0.65530	0.00372	1	0.05790	-0.01578	0.68094	0.00384	1	1.45898	0.81042	0	
1233923	8323.42285	3304033825296	0.50187	0.30782	8323.36230	0.06055	10860	1	0.52249	0.29471	1	0.49719	0.29621	1	0.50984	0.29546	1	0.45778	0.54294	11.95583	1.03439	1	0.72224	0.56651	12.42608	1.02673	1	-0.01027	-0.01067	0.65530	0.00370	1	0.05611	-0.01528	0.65927	0.00375	1	1.45898	0.81042	0	
1233924	8323.42969	3304033889815	0.50222	0.31110	8323.36230	0.06738	10860	1	0.53255	0.32908	1	0.47888	0.35863	1	0.50571	0.34386	1	0.45791	0.54294	11.80893	1.02673	1	0.72216	0.56653	12.21199	1.01907	1	-0.01027	-0.01067	0.65530	0.00364	1	0.05611	-0.01528	0.65927	0.00381	1	1.45898	0.81042	0	
1233925	8323.43652	3304033956455	0.50049	0.31744	8323.36230	0.07422	10860	1	0.51918	0.40124	1	0.44374	0.37320	1	0.48146	0.38722	1	0.45805	0.54336	11.77469	1.01907	1	0.72200	0.56655	12.78490	1.01141	1	-0.01027	-0.01067	0.65530	0.00376	1	0.05611	-0.01528	0.65927	0.00374	1	1.45898	0.81042	0	
1233926	8323.44336	3304034024389	0.49903	0.32255	8323.36230	0.08105	10860	1	0.51914	0.40096	1	0.44382	0.36666	1	0.48148	0.38381	1	0.45832	0.54287	11.75590	1.01943	1	0.72194	0.56664	12.48423	1.01943	1	-0.01069	-0.01105	0.68555	0.00386	1	0.05520	-0.01497	0.64808	0.00383	1	1.45898	0.81042	0	
1233927	8323.44922	3304034091221	0.49849	0.32297	8323.36230	0.08691	10860	1	0.51602	0.33055	1	0.46689	0.32639	1	0.49145	0.32847	1	0.45840	0.54298	12.34583	1.02744	1	0.72232	0.56654	13.10324	1.03510	1	-0.01069	-0.01105	0.68555	0.00387	1	0.05520	-0.01497	0.64808	0.00377	1	1.45898	0.81042	0	
1233928	8323.45605	3304034159055	0.49704	0.32343	8323.36230	0.09375	10860	1	0.50710	0.33192	1	0.44646	0.32785	1	0.47678	0.32989	1	0.45822	0.54264	11.82409	1.04312	1	0.72204	0.56672	12.68968	1.05078	1	-0.01069	-0.01105	0.68555	0.00396	1	0.05520	-0.01497	0.64808	0.00383	1	1.45898	0.81042	0	
1233929	8323.46289	3304034227010	0.49572	0.32303	8323.36230	0.10059	10860	1	0.50521	0.31916	1	0.44663	0.31486	1	0.47592	0.31701	1	0.45847	0.54258	12.13150	1.05879	1	0.72242	0.56645	12.83520	1.06645	1	-0.01052	-0.01098	0.68106	0.00395	1	0.05520	-0.01497	0.64808	0.00382	1	1.45898	0.81042	0	
1233930	8323.46973	3304034293805	0.49584	0.32233	8323.36230	0.10742	10860	1	0.52571	0.32860	1	0.46971	0.29362	1	0.49771	0.31111	1	0.45862	0.54281	12.25486	1.06645	1	0.72245	0.56633	12.76121	1.06645	1	-0.01052	-0.01098	0.68106	0.00395	1	0.05520	-0.01497	0.64808	0.00379	1	1.45898	0.81042	0	
1233931	8323.47656	3304034361355	0.49601	0.31927	8323.36230	0.11426	10860	1	0.51125	0.27613	1	0.48648	0.25852	1	0.49887	0.26732	1	0.45838	0.54270	12.09150	1.06645	1	0.72265	0.56628	12.50406	1.06645	1	-0.01052	-0.01098	0.68106	0.00390	1	0.05520	-0.01497	0.64808	0.00376	1	1.45898	0.81042	0	
1233932	8323.48340	3304034430572	0.49618	0.31670	8323.36230	0.12109	10860	1	0.51217	0.28293	1	0.48652	0.25793	1	0.49934	0.27043	1	0.45851	0.54328	12.31703	1.05844	1	0.72281	0.56599	12.00953	1.06712	1	-0.01019	-0.01069	0.66308	0.00376	1	0.05966	-0.01622	0.69983	0.00403	1	1.45898	0.81042	0	
1233933	8323.49023	3304034497114	0.49654	0.31703	8323.36230	0.12793	10860	1	0.51000	0.34252	1	0.49660	0.30379	1	0.50330	0.32316	1	0.45832	0.54297	12.17866	1.05910	1	0.72282	0.56619	12.18175	1.06778	1	-0.01019	-0.01069	0.66308	0.00376	1	0.05966	-0.01622	0.69983	0.00397	1	1.45898	0.81042	0	
1233934	8323.49707	3304034564373	0.49731	0.31796	8323.36230	0.13477	10860	1	0.51560	0.37345	1	0.51003	0.29992	1	0.51281	0.33669	1	0.45839	0.54327	12.80031	1.05976	1	0.72308	0.56632	12.10139	1.06845	1	-0.01019	-0.01069	0.66308	0.00367	1	0.05966	-0.01622	0.69983	0.00408	1	1.45898	0.81042	0	
1233935	8323.50391	3304034631231	0.49798	0.31881	8323.36230	0.14160	10860	1	0.51462	0.36684	1	0.50951	0.30641	1	0.51207	0.33663	1	0.45882	0.54296	11.67806	1.06845	1	0.72278	0.56612	12.52906	1.06079	1	-0.01034	-0.01090	0.67606	0.00373	1	0.05652	-0.01539	0.66177	0.00401	1	1.45898	0.81042	0	
1233936	8323.51074	3304034698080	0.49697	0.31526	8323.36230	0.14844	10860	1	0.48308	0.29808	1	0.46643	0.17611	1	0.47476	0.23709	1	0.45875	0.54300	11.40750	1.06880	1	0.72306	0.56483	11.77022	1.05246	1	-0.01034	-0.01090	0.67606	0.00386	1	0.05652	-0.01539	0.66177	0.00433	1	1.45898	0.81042	0	
1233937	8323.51660	3304034764970	0.49594	0.31408	8323.36230	0.15430	10860	1	0.49284	0.30864	1	0.45135	0.26552	1	0.47209	0.28708	1	0.45885	0.54255	11.23641	1.06048	1	0.72291	0.56583	12.34229	1.04414	1	-0.01034	-0.01090	0.67606	0.00394	1	0.05652	-0.01539	0.66177	0.00415	1	1.45898	0.81042	0	
1233938	8323.52344	3304034831975	0.49498	0.31284	8323.36230	0.16113	10860	1	0.49274	0.30801	1	0.45148	0.25799	1	0.47211	0.28300	1	0.45899	0.54219	11.67555	1.06124	1	0.72320	0.56542	12.73092	1.05256	1	-0.01061	-0.01118	0.69684	0.00414	1	0.05860	-0.01589	0.68554	0.00433	1	1.45898	0.81042	0	
1233939	8323.53027	3304034899254	0.49514	0.31240	8323.36230	0.16797	10860	1	0.52674	0.36423	1	0.47139	0.23883	1	0.49907	0.30153	1	0.45942	0.54273	12.19037	1.06165	1	0.72312	0.56568	12.54288	1.06931	1	-0.01061	-0.01118	0.69684	0.00385	1	0.05860	-0.01589	0.68554	0.00415	1	1.45898	0.81042	0	
1233940	8323.53711	3304034966007	0.49503	0.30994	8323.36230	0.17480	10860	1	0.50766	0.29680	1	0.47655	0.19513	1	0.49211	0.24596	1	0.45915	0.54268	11.86361	1.07839	1	0.72323	0.56544	12.82716	1.08605	1	-0.01061	-0.01118	0.69684	0.00395	1	0.05860	-0.01589	0.68554	0.00414	1	1.45898	0.81042	0	
1233941	8323.54395	3304035029996	0.49491	0.30742	8323.36230	0.18164	10860	1	0.50678	0.29052	1	0.47684	0.18803	1	0.49181	0.23927	1	0.45933	0.54266	12.29769	1.08605	1	0.72327	0.56612	12.96529	1.09371	1	-0.01028	-0.01089	0.67860	0.00401	1	0.05858	-0.01593	0.68529	0.00391	1	1.45898	0.81042	0	
1233942	8323.54980	3304035097694	0.49491	0.30598	8323.36230	0.18750	10860	1	0.51315	0.27871	1	0.47644	0.25242	1	0.49480	0.26556	1	0.45932	0.54245	11.93643	1.08463	1	0.72328	0.56605	12.97149	1.08463	1	-0.01028	-0.01089	0.67860	0.00398	1	0.05858	-0.01593	0.68529	0.00388	1	1.45898	0.81042	0	
1233943	8323.55664	3304035164421	0.49501	0.30541	8323.36230	0.19434	10860	1	0.51909	0.31841	1	0.47687	0.25961	1	0.49798	0.28901	1	0.45924	0.54282	12.49960	1.07554	1	0.72328	0.56612	13.05466	1.07554	1	-0.01028	-0.01089	0.67860	0.00384	1	0.05858	-0.01593	0.68529	0.00385	1	1.45898	0.81042	0	
1233944	8323.56348	3304035233300	0.49513	0.30534	8323.36230	0.20117	10860	1	0.52093	0.33211	1	0.47622	0.27459	1	0.49858	0.30335	1	0.45919	0.54207	12.06966	1.05844	1	0.72320	0.56618	13.06538	1.05844	1	-0.00993	-0.01058	0.65913	0.00400	1	0.05819	-0.01580	0.67960	0.00396	1	1.45898	0.81042	0	
1233945	8323.57031	3304035299940	0.49540	0.30596	8323.36230	0.20801	10860	1	0.51023	0.33030	1	0.49739	0.31964	1	0.50381	0.32497	1	0.45909	0.54230	12.04983	1.05042	1	0.72364	0.56650	12.62523	1.05042	1	-0.00993	-0.01058	0.65913	0.00399	1	0.05819	-0.01580	0.67960	0.00391	1	1.45898	0.81042	0	
1233946	8323.57715	3304035364645	0.49560	0.30564	8323.36230	0.21484	10860	1	0.51298	0.30692	1	0.49079	0.28430	1	0.50188	0.29561	1	0.45920	0.54179	11.81678	1.04240	1	0.72351	0.56597	12.69692	1.04240	1	-0.00993	-0.01058	0.65913	0.00412	1	0.05819	-0.01580	0.67960	0.00404	1	1.45898	0.81042	0	
1233947	8323.58398	3304035432402	0.49577	0.30545	8323.36230	0.22168	10860	1	0.51298	0.30692	1	0.49039	0.29105	1	0.50168	0.29898	1	0.45960	0.54274	11.37115	1.04240	1	0.72366	0.56626	11.88295	1.03474	1	-0.01014	-0.01086	0.67634	0.00389	1	0.05654	-0.01534	0.65973	0.00399	1	1.45898	0.81042	0	
1233948	8323.58984	3304035498395	0.49639	0.30602	8323.36230	0.22754	10860	1	0.55606	0.35994	1	0.47892	0.29089	1	0.51749	0.32542	1	0.45985	0.54255	11.96235	1.04276	1	0.72373	0.56591	11.88350	1.03510	1	-0.01014	-0.01086	0.67634	0.00397	1	0.05654	-0.01534	0.65973	0.00410	1	1.45898	0.81042	0	
1233949	8323.59668	3304035564689	0.49714	0.30656	8323.36230	0.23438	10860	1	0.54347	0.33573	1	0.50298	0.31511	1	0.52322	0.32542	1	0.45965	0.54228	11.60894	1.04312	1	0.72371	0.56620	12.03276	1.03546	1	-0.01014	-0.01086	0.67634	0.00370	1	0.05654	-0.01534	0.65973	0.00399	1	1.45898	0.81042	0	
1233950	8323.60449	3304035635645	0.49784	0.30706	8323.36230	0.24219	10860	1	0.54343	0.33544	1	0.50300	0.31480	1	0.52322	0.32512	1	0.45962	0.54288	11.63276	1.04348	1	0.72369	0.56612	12.03428	1.03582	1	-0.01014	-0.01086	0.67634	0.00380	1	0.05654	-0.01534	0.65973	0.00401	1	1.45898	0.81042	0	
1233951	8323.61035	3304035702942	0.49812	0.30785	8323.36230	0.24805	10860	1	0.54254	0.35804	1	0.47386	0.31623	1	0.50820	0.33713	1	0.45965	0.54226	12.42653	1.03582	1	0.72372	0.56613	11.92517	1.03582	1	-0.01014	-0.01086	0.67634	0.00403	1	0.05654	-0.01534	0.65973	0.00403	1	1.45898	0.81042	0	
1233952	8323.61719	3304035769461	0.49850	0.30854	8323.36230	0.25488	10860	1	0.52939	0.36006	1	0.49650	0.30919	1	0.51295	0.33463	1	0.45940	0.54238	12.24065	1.03582	1	0.72372	0.56613	12.00705	1.03582	1	-0.01014	-0.01086	0.67634	0.00397	1	0.05654	-0.01534	0.65973	0.00402	1	1.45898	0.81042	0	
1233953	8323.62402	3304035836948	0.49886	0.30919	8323.36230	0.26172	10860	1	0.52939	0.36006	1	0.49650	0.30919	1	0.51295	0.33463	1	0.45929	0.54146	11.67293	1.03582	1	0.72370	0.56606	11.93790	1.03582	1	-0.01014	-0.01086	0.67634	0.00390	1	0.05654	-0.01534	0.65973	0.00402	1	1.45898	0.81042	0	
1233954	8323.63086	3304035903550	0.49928	0.30990	8323.36230	0.26855	10860	1	0.53393	0.35295	1	0.49828	0.32386	1	0.51610	0.33840	1	0.45953	0.54245	11.46515	1.03582	1	0.72365	0.56610	12.18428	1.03582	1	-0.01014	-0.01086	0.67634	0.00393	1	0.05654	-0.01534	0.65973	0.00397	1	1.45898	0.81042	0	
1233955	8323.63770	3304035969163	0.49966	0.31001	8323.36230	0.27539	10860	1	0.53842	0.29803	1	0.49173	0.33055	1	0.51508	0.31429	1	0.45957	0.54191	11.20184	1.03582	1	0.72353	0.56635	12.46756	1.03582	1	-0.01014	-0.01086	0.67634	0.00416	1	0.05654	-0.01534	0.65973	0.00391	1	1.45898	0.81042	0	
1233956	8323.64453	3304036037394	0.50002	0.31019	8323.36230	0.28223	10860	1	0.53918	0.30485	1	0.49171	0.33085	1	0.51545	0.31785	1	0.45924	0.54261	12.20218	1.02780	1	0.72344	0.56654	13.00592	1.03546	1	-0.00993	-0.01058	0.65913	0.00389	1	0.05819	-0.01580	0.67960	0.00385	1	1.45898	0.81042	0	
1233957	8323.65039	3304036103802	0.50011	0.31120	8323.36230	0.28809	10860	1	0.51828	0.37710	1	0.48946	0.33239	1	0.50387	0.35475	1	0.45927	0.54265	12.15612	1.02744	1	0.72358	0.56632	12.48398	1.03510	1	-0.00993	-0.01058	0.65913	0.00397	1	0.05819	-0.01580	0.67960	0.00392	1	1.45898	0.81042	0	
1233958	8323.65723	3304036167901	0.50017	0.31119	8323.36230	0.29492	10860	1	0.51635	0.33466	1	0.48946	0.28689	1	0.50291	0.31078	1	0.45918	0.54224	11.84841	1.02709	1	0.72346	0.56584	12.44582	1.03474	1	-0.00993	-0.01058	0.65913	0.00409	1	0.05819	-0.01580	0.67960	0.00404	1	1.45898	0.81042	0	
1233959	8323.66406	3304036239031	0.50022	0.31112	8323.36230	0.30176	10860	1	0.51548	0.32836	1	0.48946	0.28689	1	0.50247	0.30762	1	0.45937	0.54227	11.89038	1.03474	1	0.72329	0.56581	12.55172	1.03474	1	-0.01028	-0.01089	0.67860	0.00392	1	0.05616	-0.01526	0.65647	0.00402	1	1.45898	0.81042	0	
1233960	8323.67090	3304036305806	0.50008	0.31187	8323.36230	0.30859	10860	1	0.52571	0.34674	1	0.46094	0.34684	1	0.49332	0.34679	1	0.45936	0.54227	11.85599	1.04276	1	0.72305	0.56654	12.83392	1.03510	1	-0.01028	-0.01089	0.67860	0.00392	1	0.05616	-0.01526	0.65647	0.00395	1	1.45898	0.81042	0	
1233961	8323.67773	3304036371576	0.49993	0.31176	8323.36230	0.31543	10860	1	0.52325	0.33733	1	0.46332	0.27581	1	0.49328	0.30657	1	0.45920	0.54212	11.67853	1.04312	1	0.72301	0.56578	12.81982	1.03546	1	-0.01028	-0.01089	0.67860	0.00376	1	0.05616	-0.01526	0.65647	0.00428	1	1.45898	0.81042	0	
1233962	8323.68457	3304036439670	0.49975	0.31132	8323.36230	0.32227	10860	1	0.52321	0.33704	1	0.46333	0.27549	1	0.49327	0.30627	1	0.45949	0.54263	12.25436	1.04348	1	0.72277	0.56564	12.15143	1.03582	1	-0.01047	-0.01099	0.68470	0.00397	1	0.05652	-0.01529	0.66177	0.00420	1	1.45898	0.81042	0	
1233963	8323.69141	3304036506500	0.49963	0.31206	8323.36230	0.32910	10860	1	0.52828	0.31818	1	0.45544	0.35466	1	0.49186	0.33642	1	0.45902	0.54235	11.65660	1.03582	1	0.72247	0.56677	12.91593	1.03582	1	-0.01047	-0.01099	0.68470	0.00394	1	0.05652	-0.01529	0.66177	0.00379	1	1.45898	0.81042	0	
1233964	8323.69824	3304036573559	0.50014	0.31379	8323.36230	0.33594	10860	1	0.56340	0.39319	1	0.47727	0.37013	1	0.52033	0.38166	1	0.45914	0.54279	12.20955	1.03582	1	0.72294	0.56640	12.95284	1.03582	1	-0.01047	-0.01099	0.68470	0.00382	1	0.05652	-0.01529	0.66177	0.00376	1	1.45898	0.81042	0	
1233965	8323.70410	3304036640481	0.50063	0.31524	8323.36230	0.34180	10860	1	0.56340	0.39319	1	0.47727	0.37013	1	0.52033	0.38166	1	0.45838	0.54295	11.98123	1.03582	1	0.72273	0.56650	12.24301	1.03582	1	-0.01047	-0.01099	0.68470	0.00377	1	0.05652	-0.01529	0.66177	0.00380	1	1.45898	0.81042	0	
1233966	8323.71094	3304036707865	0.50070	0.31709	8323.36230	0.34863	10860	1	0.52195	0.37164	1	0.48983	0.39355	1	0.50589	0.38259	1	0.45859	0.54320	12.56699	1.03582	1	0.72276	0.56663	12.92296	1.03582	1	-0.01047	-0.01099	0.68470	0.00367	1	0.05652	-0.01529	0.66177	0.00377	1	1.45898	0.81042	0	
1233967	8323.71777	3304036774285	0.50074	0.31786	8323.36230	0.35547	10860	1	0.52038	0.30160	1	0.48179	0.38498	1	0.50109	0.34329	1	0.45852	0.54274	11.73555	1.03582	1	0.72257	0.56664	12.69554	1.03582	1	-0.01047	-0.01099	0.68470	0.00377	1	0.05652	-0.01529	0.66177	0.00379	1	1.45898	0.81042	0	
1233968	8323.72461	3304036841748	0.50078	0.31819	8323.36230	0.36230	10860	1	0.52038	0.30160	1	0.48251	0.37209	1	0.50145	0.33685	1	0.45857	0.54248	12.14144	1.03582	1	0.72259	0.56590	12.70947	1.05216	1	-0.01052	-0.01098	0.68106	0.00387	1	0.07199	-0.01950	0.84433	0.00377	1	1.45898	0.81042	0	
1233969	8323.73145	3304036908537	0.50046	0.31886	8323.36230	0.36914	10860	1	0.52529	0.34173	1	0.45470	0.38365	1	0.49000	0.36269	1	0.45860	0.54314	12.44543	1.05216	1	0.72217	0.56636	13.03149	1.06850	1	-0.01052	-0.01098	0.68106	0.00376	1	0.07199	-0.01950	0.84433	0.00389	1	1.45898	0.81042	0	
1233970	8323.73828	3304036975419	0.50171	0.34522	8323.36230	0.36914	10860	0	0.53574	0.32418	1	0.47877	0.37618	1	0.50726	0.35018	1	0.45873	0.54330	12.49392	1.06850	1	0.72213	0.56648	13.15319	1.08484	1	-0.01052	-0.01098	0.68106	0.00373	1	0.07199	-0.01950	0.84433	0.00387	1	1.45898	0.81042	0	
1233971	8323.74512	3304037042584	0.50417	0.34297	8323.36230	0.36914	10860	0	0.53419	0.31110	1	0.47907	0.37035	1	0.50663	0.34072	1	0.45828	0.54270	11.88435	1.08484	1	0.72229	0.56670	13.01569	1.09250	1	-0.01055	-0.01086	0.67658	0.00387	1	0.05520	-0.01492	0.64808	0.00378	1	1.45898	0.81042	0	
1233972	8323.75098	3304037109543	0.50641	0.34697	8323.36230	0.36914	10860	0	0.53685	0.32912	1	0.48490	0.38081	1	0.51088	0.35497	1	0.45812	0.54306	12.63034	1.09250	1	0.72231	0.56669	12.76404	1.08381	1	-0.01055	-0.01086	0.67658	0.00370	1	0.05520	-0.01492	0.64808	0.00384	1	1.45898	0.81042	0	
1233973	8323.75781	3304037174843	0.50700	0.35320	8323.73828	0.01953	10861	1	0.53810	0.35321	1	0.47944	0.39057	1	0.50877	0.37189	1	0.45808	0.54296	11.68034	1.08381	1	0.72217	0.56642	12.58759	1.07513	1	-0.01055	-0.01086	0.67658	0.00375	1	0.05520	-0.01492	0.64808	0.00372	1	1.45898	0.81042	0	
1233974	8323.76465	3304037240631	0.50744	0.35947	8323.73828	0.02637	10861	1	0.53964	0.36593	1	0.47876	0.40317	1	0.50920	0.38455	1	0.45772	0.54306	12.29855	1.06712	1	0.72188	0.56619	13.06401	1.05844	1	-0.01030	-0.01054	0.65695	0.00371	1	0.05790	-0.01568	0.68094	0.00376	1	1.45898	0.81042	0	
1233975	8323.77148	3304037310429	0.50519	0.35296	8323.73828	0.03320	10861	1	0.51152	0.31122	1	0.47634	0.32962	1	0.49393	0.32042	1	0.45761	0.54253	12.10343	1.05042	1	0.72170	0.56571	12.88932	1.05042	1	-0.01030	-0.01054	0.65695	0.00384	1	0.05790	-0.01568	0.68094	0.00367	1	1.45898	0.81042	0	
1233976	8323.77832	3304037377439	0.50360	0.34809	8323.73828	0.04004	10861	1	0.51589	0.30647	1	0.47223	0.33124	1	0.49406	0.31885	1	0.45766	0.54234	11.99981	1.04240	1	0.72168	0.56561	12.85464	1.04240	1	-0.01030	-0.01054	0.65695	0.00385	1	0.05790	-0.01568	0.68094	0.00358	1	1.45898	0.81042	0	
1233977	8323.78516	3304037444208	0.50243	0.34567	8323.73828	0.04688	10861	1	0.51680	0.31319	1	0.47168	0.34433	1	0.49424	0.32876	1	0.45780	0.54253	12.29737	1.03439	1	0.72148	0.56589	12.91383	1.02673	1	-0.01030	-0.01054	0.65695	0.00398	1	0.05643	-0.01524	0.66422	0.00379	1	1.45898	0.81042	0	
1233978	8323.79102	3304037509588	0.50156	0.34482	8323.73828	0.05273	10861	1	0.51756	0.29053	1	0.47165	0.38554	1	0.49460	0.33803	1	0.45766	0.54251	12.10751	1.02673	1	0.72166	0.56597	13.11138	1.01907	1	-0.01030	-0.01054	0.65695	0.00394	1	0.05643	-0.01524	0.66422	0.00376	1	1.45898	0.81042	0	
1233979	8323.79785	3304037578087	0.50101	0.34598	8323.73828	0.05957	10861	1	0.52234	0.32147	1	0.46981	0.39132	1	0.49607	0.35640	1	0.45771	0.54263	12.25455	1.01907	1	0.72163	0.56594	13.22063	1.01141	1	-0.01030	-0.01054	0.65695	0.00391	1	0.05643	-0.01524	0.66422	0.00376	1	1.45898	0.81042	0	
1233980	8323.80469	3304037645515	0.50057	0.34662	8323.73828	0.06641	10861	1	0.52230	0.32117	1	0.47008	0.38491	1	0.49619	0.35304	1	0.45756	0.54282	11.70972	1.01943	1	0.72170	0.56595	13.18825	1.01943	1	-0.01072	-0.01087	0.67418	0.00389	1	0.05709	-0.01544	0.67256	0.00373	1	1.45898	0.81042	0	
1233981	8323.81152	3304037712470	0.50157	0.34667	8323.73828	0.07324	10861	1	0.53485	0.29727	1	0.49015	0.39718	1	0.51250	0.34723	1	0.45762	0.54279	12.06835	1.02744	1	0.72164	0.56609	12.96250	1.03510	1	-0.01072	-0.01087	0.67418	0.00383	1	0.05709	-0.01544	0.67256	0.00374	1	1.45898	0.81042	0	
1233982	8323.81836	3304037779756	0.50287	0.34272	8323.73828	0.08008	10861	1	0.54484	0.27356	1	0.49226	0.31707	1	0.51855	0.29532	1	0.45743	0.54263	11.58021	1.04312	1	0.72157	0.56570	12.85853	1.05078	1	-0.01072	-0.01087	0.67418	0.00387	1	0.05709	-0.01544	0.67256	0.00380	1	1.45898	0.81042	0	
1233983	8323.82520	3304037847400	0.50397	0.33910	8323.73828	0.08691	10861	1	0.54415	0.26691	1	0.49226	0.31707	1	0.51821	0.29199	1	0.45697	0.54280	10.92336	1.05078	1	0.72106	0.56571	13.17320	1.05078	1	-0.01051	-0.01061	0.65826	0.00393	1	0.05554	-0.01503	0.65495	0.00368	1	1.45898	0.81042	0	
1233984	8323.83203	3304037914515	0.50223	0.33885	8323.73828	0.09375	10861	1	0.50523	0.31568	1	0.45050	0.35510	1	0.47787	0.33539	1	0.45669	0.54300	11.65211	1.04276	1	0.72092	0.56570	12.97416	1.03510	1	-0.01051	-0.01061	0.65826	0.00377	1	0.05554	-0.01503	0.65495	0.00369	1	1.45898	0.81042	0	
1233985	8323.83887	3304037980366	0.50284	0.34042	8323.73828	0.10059	10861	1	0.52647	0.34982	1	0.49765	0.37812	1	0.51206	0.36397	1	0.45694	0.54332	12.30245	1.02709	1	0.72126	0.56578	13.06155	1.01943	1	-0.01051	-0.01061	0.65826	0.00368	1	0.05554	-0.01503	0.65495	0.00373	1	1.45898	0.81042	0	
1233986	8323.84473	3304038046475	0.50342	0.34237	8323.73828	0.10645	10861	1	0.52814	0.36249	1	0.49717	0.38461	1	0.51266	0.37355	1	0.45695	0.54314	12.28374	1.01141	1	0.72086	0.56588	13.13633	1.01141	1	-0.01051	-0.01061	0.65826	0.00377	1	0.05749	-0.01557	0.67849	0.00368	1	1.45898	0.81042	0	
1233987	8323.85156	3304038113107	0.50298	0.34380	8323.73828	0.11328	10861	1	0.52528	0.34937	1	0.46572	0.38676	1	0.49550	0.36806	1	0.45700	0.54307	12.26406	1.01141	1	0.72076	0.56603	13.23293	1.01907	1	-0.01051	-0.01061	0.65826	0.00378	1	0.05749	-0.01557	0.67849	0.00378	1	1.45898	0.81042	0	
1233988	8323.85840	3304038182641	0.50268	0.34380	8323.73828	0.12012	10861	1	0.52583	0.31440	1	0.46854	0.37328	1	0.49719	0.34384	1	0.45704	0.54289	12.17180	1.01907	1	0.72089	0.56579	13.17087	1.02673	1	-0.01051	-0.01061	0.65826	0.00373	1	0.05749	-0.01557	0.67849	0.00383	1	1.45898	0.81042	0	
1233989	8323.86523	3304038248380	0.50237	0.34315	8323.73828	0.12695	10861	1	0.52415	0.30109	1	0.46905	0.36064	1	0.49660	0.33086	1	0.45701	0.54333	11.89396	1.03474	1	0.72076	0.56559	13.27319	1.04240	1	-0.01099	-0.01100	0.67884	0.00365	1	0.05732	-0.01555	0.67767	0.00386	1	1.45898	0.81042	0	
1233990	8323.87207	3304038315894	0.50347	0.34182	8323.73828	0.13379	10861	1	0.55990	0.33674	1	0.49090	0.29377	1	0.52540	0.31525	1	0.45674	0.54331	12.32918	1.05042	1	0.72081	0.56519	13.08322	1.05042	1	-0.01099	-0.01100	0.67884	0.00366	1	0.05732	-0.01555	0.67767	0.00379	1	1.45898	0.81042	0	
1233991	8323.87891	3304038383616	0.50404	0.34077	8323.73828	0.14062	10861	1	0.55712	0.33469	1	0.47499	0.30251	1	0.51606	0.31860	1	0.45680	0.54346	11.88860	1.05844	1	0.72053	0.56541	12.12244	1.05844	1	-0.01099	-0.01100	0.67884	0.00363	1	0.05732	-0.01555	0.67767	0.00390	1	1.45898	0.81042	0	
1233992	8323.88574	3304038450775	0.50456	0.33995	8323.73828	0.14746	10861	1	0.55712	0.33469	1	0.47471	0.30902	1	0.51591	0.32185	1	0.45606	0.54324	12.33626	1.05844	1	0.72055	0.56537	12.44297	1.05078	1	-0.01073	-0.01073	0.65917	0.00353	1	0.05704	-0.01549	0.67505	0.00385	1	1.45898	0.81042	0	
1233993	8323.89258	3304038516615	0.50489	0.33978	8323.73828	0.15430	10861	1	0.53398	0.32250	1	0.49100	0.34922	1	0.51249	0.33586	1	0.45626	0.54326	12.33216	1.04276	1	0.72040	0.56550	12.82873	1.03510	1	-0.01073	-0.01073	0.65917	0.00362	1	0.05704	-0.01549	0.67505	0.00380	1	1.45898	0.81042	0	
1233994	8323.89844	3304038583344	0.50518	0.33994	8323.73828	0.16016	10861	1	0.53132	0.35621	1	0.49309	0.33164	1	0.51220	0.34393	1	0.45627	0.54339	12.83336	1.02709	1	0.72050	0.56555	12.17313	1.01943	1	-0.01073	-0.01073	0.65917	0.00356	1	0.05704	-0.01549	0.67505	0.00379	1	1.45898	0.81042	0	
1233995	8323.90527	3304038650061	0.50546	0.34021	8323.73828	0.16699	10861	1	0.53210	0.36235	1	0.49309	0.33164	1	0.51259	0.34699	1	0.45610	0.54295	12.02230	1.01943	1	0.72024	0.56486	12.74092	1.01943	1	-0.01139	-0.01124	0.69060	0.00375	1	0.05726	-0.01559	0.67936	0.00401	1	1.45898	0.81042	0	
1233996	8323.91211	3304038715291	0.50528	0.34037	8323.73828	0.17383	10861	1	0.52835	0.34543	1	0.47249	0.34338	1	0.50042	0.34440	1	0.45623	0.54341	12.25888	1.02744	1	0.72014	0.56569	12.89807	1.03510	1	-0.01139	-0.01124	0.69060	0.00358	1	0.05726	-0.01559	0.67936	0.00396	1	1.45898	0.81042	0	
1233997	8323.91895	3304038783986	0.50531	0.34047	8323.73828	0.18066	10861	1	0.52618	0.34515	1	0.48637	0.34126	1	0.50627	0.34321	1	0.45623	0.54331	12.18570	1.04312	1	0.71998	0.56563	13.02298	1.05078	1	-0.01139	-0.01124	0.69060	0.00362	1	0.05726	-0.01559	0.67936	0.00387	1	1.45898	0.81042	0	
1233998	8323.92578	3304038849192	0.50533	0.34013	8323.73828	0.18750	10861	1	0.52453	0.33260	1	0.48711	0.32842	1	0.50582	0.33051	1	0.45636	0.54330	12.30305	1.05879	1	0.72000	0.56554	13.18324	1.06645	1	-0.01139	-0.01124	0.69060	0.00359	1	0.05726	-0.01559	0.67936	0.00388	1	1.45898	0.81042	0	
1233999	8323.93262	3304038917123	0.50601	0.33880	8323.73828	0.19434	10861	1	0.56304	0.32074	1	0.48838	0.27995	1	0.52571	0.30035	1	0.45594	0.54329	11.47062	1.06645	1	0.71996	0.56516	12.84362	1.06645	1	-0.01139	-0.01124	0.69060	0.00362	1	0.05726	-0.01559	0.67936	0.00415	1	1.45898	0.81042	0	
1234000	8323.93945	3304038984968	0.50676	0.33832	8323.73828	0.20117	10861	1	0.56519	0.35878	1	0.49318	0.28894	1	0.52918	0.32386	1	0.45610	0.54354	12.17136	1.06645	1	0.71999	0.56527	12.90317	1.06645	1	-0.01139	-0.01124	0.69060	0.00353	1	0.05726	-0.01559	0.67936	0.00400	1	1.45898	0.81042	0	
1234001	8323.94531	3304039052189	0.50745	0.33797	8323.73828	0.20703	10861	1	0.56519	0.35878	1	0.49277	0.29551	1	0.52898	0.32714	1	0.45587	0.54325	11.47540	1.06645	1	0.71937	0.56571	12.96873	1.05879	1	-0.01139	-0.01124	0.69060	0.00365	1	0.05530	-0.01507	0.65679	0.00377	1	1.45898	0.81042	0	
1234002	8323.95215	3304039116979	0.50698	0.33789	8323.73828	0.21387	10861	1	0.51050	0.35647	1	0.47329	0.31428	1	0.49190	0.33537	1	0.45527	0.54351	12.42978	1.05879	1	0.71971	0.56569	12.33961	1.05114	1	-0.01139	-0.01124	0.69060	0.00353	1	0.05530	-0.01507	0.65679	0.00373	1	1.45898	0.81042	0	
1234003	8323.95898	3304039183930	0.50685	0.33603	8323.73828	0.22070	10861	1	0.52129	0.32949	1	0.48388	0.21952	1	0.50259	0.27451	1	0.45539	0.54311	12.10991	1.05114	1	0.71986	0.56450	11.78760	1.04348	1	-0.01139	-0.01124	0.69060	0.00359	1	0.05530	-0.01507	0.65679	0.00423	1	1.45898	0.81042	0	
1234004	8323.96484	3304039248355	0.50675	0.33456	8323.73828	0.22656	10861	1	0.52299	0.34218	1	0.48352	0.22707	1	0.50325	0.28463	1	0.45529	0.54312	12.33314	1.03546	1	0.71969	0.56520	12.37944	1.03546	1	-0.01089	-0.01069	0.65697	0.00358	1	0.05597	-0.01522	0.66529	0.00392	1	1.45898	0.81042	0	
1234005	8323.97168	3304039315338	0.50607	0.33540	8323.73828	0.23340	10861	1	0.50400	0.35641	1	0.46072	0.37353	1	0.48236	0.36497	1	0.45513	0.54328	11.83799	1.02744	1	0.71918	0.56550	13.08211	1.03510	1	-0.01089	-0.01069	0.65697	0.00363	1	0.05597	-0.01522	0.66529	0.00376	1	1.45898	0.81042	0	
1234006	8323.97852	3304039379930	0.50580	0.33453	8323.73828	0.24023	10861	1	0.50404	0.23827	1	0.48785	0.36800	1	0.49594	0.30314	1	0.45512	0.54181	11.75686	1.02709	1	0.71961	0.56539	12.57231	1.03474	1	-0.01089	-0.01069	0.65697	0.00411	1	0.05597	-0.01522	0.66529	0.00381	1	1.45898	0.81042	0	
1234007	8323.98535	3304039452426	0.50554	0.33371	8323.73828	0.24707	10861	1	0.50408	0.23860	1	0.48783	0.36829	1	0.49596	0.30344	1	0.45551	0.54363	12.45429	1.02673	1	0.71920	0.56563	13.27577	1.03439	1	-0.01089	-0.01069	0.65697	0.00366	1	0.05629	-0.01528	0.67026	0.00385	1	1.45898	0.81042	0	
1234008	8323.99219	3304039518111	0.50516	0.33479	8323.73828	0.25391	10861	1	0.51979	0.36207	1	0.46162	0.38967	1	0.49071	0.37587	1	0.45528	0.54340	12.12242	1.03439	1	0.71914	0.56563	13.26324	1.03439	1	-0.01089	-0.01069	0.65697	0.00358	1	0.05629	-0.01528	0.67026	0.00389	1	1.45898	0.81042	0	
1234009	8323.99902	3304039586161	0.50473	0.33549	8323.73828	0.26074	10861	1	0.51423	0.33679	1	0.46147	0.38842	1	0.48785	0.36260	1	0.45531	0.54325	12.04719	1.03439	1	0.71910	0.56558	12.99836	1.03439	1	-0.01089	-0.01069	0.65697	0.00359	1	0.05629	-0.01528	0.67026	0.00389	1	1.45898	0.81042	0	
1234010	8324.00586	3304039651612	0.50431	0.33615	8323.73828	0.26758	10861	1	0.51423	0.33679	1	0.46147	0.38842	1	0.48785	0.36260	1	0.45561	0.54347	12.31498	1.03439	1	0.71909	0.56556	13.20850	1.03439	1	-0.01089	-0.01069	0.65697	0.00362	1	0.05629	-0.01523	0.67026	0.00389	1	1.45898	0.81042	0	
1234011	8324.01270	3304039719300	0.50420	0.33720	8323.73828	0.27441	10861	1	0.52370	0.37204	1	0.47497	0.38869	1	0.49934	0.38036	1	0.45538	0.54353	12.32351	1.03439	1	0.71904	0.56559	13.27240	1.03439	1	-0.01089	-0.01069	0.65697	0.00353	1	0.05629	-0.01523	0.67026	0.00389	1	1.45898	0.81042	0	
1234012	8324.01953	3304039788849	0.50410	0.33802	8323.73828	0.28125	10861	1	0.53110	0.36635	1	0.46873	0.37824	1	0.49992	0.37230	1	0.45549	0.54353	12.28338	1.03439	1	0.71891	0.56550	13.13806	1.03439	1	-0.01089	-0.01069	0.65697	0.00359	1	0.05629	-0.01523	0.67026	0.00397	1	1.45898	0.81042	0	
1234013	8324.02539	3304039853308	0.50400	0.33880	8323.73828	0.28711	10861	1	0.53110	0.36635	1	0.46873	0.37824	1	0.49992	0.37230	1	0.45552	0.54340	12.26556	1.03439	1	0.71920	0.56545	13.26841	1.03439	1	-0.01100	-0.01071	0.65779	0.00358	1	0.05629	-0.01518	0.67026	0.00393	1	1.45898	0.81042	0	
1234014	8324.03223	3304039920178	0.50411	0.33907	8323.73828	0.29395	10861	1	0.52824	0.35104	1	0.48947	0.35089	1	0.50886	0.35096	1	0.45551	0.54326	12.25968	1.03439	1	0.71924	0.56528	13.13163	1.03439	1	-0.01100	-0.01071	0.65779	0.00354	1	0.05629	-0.01518	0.67026	0.00399	1	1.45898	0.81042	0	
1234015	8324.03906	3304039986615	0.50444	0.33902	8323.73828	0.30078	10861	1	0.55892	0.30495	1	0.47952	0.36867	1	0.51922	0.33681	1	0.45546	0.54338	12.19348	1.03439	1	0.71908	0.56531	13.03129	1.03439	1	-0.01100	-0.01071	0.65779	0.00353	1	0.05629	-0.01518	0.67026	0.00400	1	1.45898	0.81042	0	
1234016	8324.04590	3304040053852	0.50475	0.33883	8323.73828	0.30762	10861	1	0.55829	0.29819	1	0.47986	0.36221	1	0.51908	0.33020	1	0.45518	0.54358	12.13139	1.04240	1	0.71932	0.56546	13.19103	1.04240	1	-0.01149	-0.01119	0.68428	0.00355	1	0.05629	-0.01518	0.67026	0.00388	1	1.45898	0.81042	0	
1234017	8324.05273	3304040119017	0.50517	0.33938	8323.73828	0.31445	10861	1	0.55295	0.34971	1	0.49718	0.38104	1	0.52507	0.36538	1	0.45519	0.54367	12.30147	1.05042	1	0.71939	0.56564	13.23275	1.05042	1	-0.01149	-0.01119	0.68428	0.00357	1	0.05629	-0.01518	0.67026	0.00389	1	1.45898	0.81042	0	
1234018	8324.05957	3304040187846	0.50564	0.33983	8323.73828	0.32129	10861	1	0.55045	0.36212	1	0.49821	0.37137	1	0.52433	0.36675	1	0.45508	0.54344	12.28344	1.05844	1	0.71942	0.56564	13.17322	1.05844	1	-0.01149	-0.01119	0.68428	0.00346	1	0.05629	-0.01518	0.67026	0.00389	1	1.45898	0.81042	0	
1234019	8324.06641	3304040255190	0.50601	0.34025	8323.73828	0.32812	10861	1	0.54978	0.35594	1	0.49867	0.36507	1	0.52423	0.36050	1	0.45509	0.54344	12.22473	1.06645	1	0.71907	0.56549	13.56317	1.06645	1	-0.01149	-0.01119	0.68428	0.00349	1	0.05629	-0.01518	0.67026	0.00386	1	1.45898	0.81042	0	
1234020	8324.07324	3304040324727	0.50625	0.34062	8323.73828	0.33496	10861	1	0.55852	0.36170	1	0.48611	0.38435	1	0.52232	0.37303	1	0.45523	0.54384	12.24474	1.06645	1	0.71920	0.56524	13.61101	1.06645	1	-0.01149	-0.01119	0.68428	0.00354	1	0.05629	-0.01518	0.67026	0.00389	1	1.45898	0.81042	0	
1234021	8324.08008	3304040391504	0.50629	0.33944	8323.73828	0.34180	10861	1	0.53530	0.28299	1	0.48582	0.34766	1	0.51056	0.31533	1	0.45496	0.54301	11.91191	1.06645	1	0.71919	0.56498	13.52218	1.06645	1	-0.01149	-0.01119	0.68428	0.00376	1	0.05629	-0.01518	0.67026	0.00385	1	1.45898	0.81042	0	
1234022	8324.08594	3304040458591	0.50631	0.33807	8323.73828	0.34766	10861	1	0.53530	0.28299	1	0.48547	0.35380	1	0.51038	0.31840	1	0.45457	0.54359	12.39525	1.06645	1	0.71879	0.56493	12.75978	1.05879	1	-0.01149	-0.01119	0.68428	0.00347	1	0.05530	-0.01493	0.65909	0.00386	1	1.45898	0.81042	0	
1234023	8324.09277	3304040525493	0.50627	0.33870	8323.73828	0.35449	10861	1	0.52156	0.30722	1	0.46224	0.39491	1	0.49190	0.35107	1	0.45467	0.54302	12.22732	1.05879	1	0.71878	0.56516	12.92151	1.05114	1	-0.01149	-0.01119	0.68428	0.00375	1	0.05530	-0.01493	0.65909	0.00376	1	1.45898	0.81042	0	
1234024	8324.09961	3304040592727	0.50617	0.33962	8323.73828	0.36133	10861	1	0.51671	0.37720	1	0.46160	0.34887	1	0.48915	0.36303	1	0.45459	0.54379	12.85547	1.05114	1	0.71877	0.56476	12.74011	1.04348	1	-0.01149	-0.01119	0.68428	0.00345	1	0.05530	-0.01493	0.65909	0.00380	1	1.45898	0.81042	0	
1234025	8324.10645	3304040659447	0.50607	0.34060	8323.73828	0.36816	10861	1	0.51847	0.38918	1	0.46120	0.36166	1	0.48984	0.37542	1	0.45440	0.54357	12.05935	1.03546	1	0.71912	0.56473	12.68199	1.02780	1	-0.01130	-0.01095	0.66987	0.00389	1	0.05530	-0.01493	0.65909	0.00395	1	1.45898	0.81042	0	
1234026	8324.11328	3304040726428	0.50636	0.34090	8323.73828	0.37500	10861	1	0.53584	0.34823	1	0.48074	0.35709	1	0.50829	0.35266	1	0.45478	0.54322	12.00296	1.01978	1	0.71909	0.56461	12.69461	1.01978	1	-0.01130	-0.01095	0.66987	0.00407	1	0.05530	-0.01493	0.65909	0.00401	1	1.45898	0.81042	0	
1234027	8324.12012	3304040793515	0.50642	0.34158	8323.73828	0.38184	10861	1	0.51962	0.40645	1	0.47876	0.37118	1	0.49919	0.38881	1	0.45448	0.54371	12.29229	1.01177	1	0.71907	0.56468	12.63195	1.01177	1	-0.01130	-0.01095	0.66987	0.00386	1	0.05530	-0.01493	0.65909	0.00395	1	1.45898	0.81042	0	
1234028	8324.12695	3304040860572	0.50649	0.34245	8323.73828	0.38867	10861	1	0.52054	0.41258	1	0.47842	0.37776	1	0.49948	0.39517	1	0.45445	0.54332	12.00400	1.00375	1	0.71923	0.56490	12.59358	1.00375	1	-0.01130	-0.01095	0.66987	0.00403	1	0.05530	-0.01493	0.65909	0.00391	1	1.45898	0.81042	0	
1234029	8324.13281	3304040927098	0.50620	0.34346	8323.73828	0.39453	10861	1	0.52077	0.39176	1	0.47628	0.39936	1	0.49853	0.39556	1	0.45451	0.54337	11.78615	1.00375	1	0.71895	0.56517	12.89732	1.00375	1	-0.01130	-0.01095	0.66987	0.00397	1	0.05530	-0.01493	0.65909	0.00381	1	1.45898	0.81042	0	
1234030	8324.13965	3304040992393	0.50570	0.34514	8323.73828	0.40137	10861	1	0.51898	0.37276	1	0.47028	0.37952	1	0.49463	0.37614	1	0.45445	0.54332	12.00400	1.00375	1	0.71899	0.56478	13.25128	1.00375	1	-0.01130	-0.01095	0.66987	0.00403	1	0.05530	-0.01493	0.65909	0.00367	1	1.45898	0.81042	0	
1234031	8324.14648	3304041061367	0.50521	0.34690	8323.73828	0.40820	10861	1	0.51898	0.37276	1	0.47028	0.37952	1	0.49463	0.37614	1	0.45451	0.54376	12.30861	1.00375	1	0.71901	0.56455	13.05699	1.00375	1	-0.01130	-0.01095	0.66987	0.00387	1	0.05530	-0.01493	0.65909	0.00379	1	1.45898	0.81042	0	
1234032	8324.15332	3304041128549	0.50568	0.34769	8323.73828	0.41504	10861	1	0.53017	0.39935	1	0.47085	0.34762	1	0.50051	0.37348	1	0.45459	0.54362	12.02256	1.00375	1	0.71890	0.56431	12.73276	1.00375	1	-0.01130	-0.01095	0.66987	0.00389	1	0.05530	-0.01493	0.65909	0.00376	1	1.45898	0.81042	0	
1234033	8324.16016	3304041195537	0.50551	0.34844	8323.73828	0.42188	10861	1	0.53570	0.41862	1	0.47179	0.38137	1	0.50375	0.40000	1	0.45479	0.54391	12.84459	1.00375	1	0.71897	0.56481	13.19181	1.00375	1	-0.01130	-0.01095	0.66987	0.00371	1	0.05530	-0.01493	0.65909	0.00374	1	1.45898	0.81042	0	
1234034	8324.16699	3304041261964	0.49780	0.37896	8323.73828	0.42188	10861	0	0.53570	0.41862	1	0.47179	0.38137	1	0.50375	0.40000	1	0.45488	0.54369	12.69024	1.00375	1	0.71870	0.56446	12.94368	1.00375	1	-0.01130	-0.01095	0.66987	0.00365	1	0.05530	-0.01493	0.65909	0.00376	1	1.45898	0.81042	0	
1234035	8324.17383	3304041329483	0.49605	0.38273	8323.73828	0.42188	10861	0	0.52791	0.40606	1	0.46069	0.36694	1	0.49430	0.38650	1	0.45461	0.54363	12.35479	1.00375	1	0.71870	0.56440	12.89010	1.00375	1	-0.01130	-0.01095	0.66987	0.00350	1	0.05530	-0.01493	0.65909	0.00377	1	1.45898	0.81042	0	
1234036	8324.18066	3304041397040	0.49646	0.37931	8323.73828	0.42188	10861	0	0.53603	0.39160	1	0.45856	0.35335	1	0.49730	0.37247	1	0.45468	0.54371	12.49569	1.00375	1	0.71870	0.56447	12.90880	1.00375	1	-0.01130	-0.01095	0.66987	0.00350	1	0.05530	-0.01493	0.65909	0.00376	1	1.45898	0.81042	0	
1234037	8324.18652	3304041463673	0.49660	0.37597	8324.16699	0.01953	10862	1	0.53523	0.38531	1	0.45875	0.34659	1	0.49699	0.36595	1	0.45476	0.54340	12.68318	1.01177	1	0.71922	0.56478	13.15399	1.01177	1	-0.01149	-0.01119	0.68428	0.00348	1	0.05530	-0.01493	0.65909	0.00391	1	1.45898	0.81042	0	
1234038	8324.19336	3304041528077	0.50072	0.37696	8324.16699	0.02637	10862	1	0.54067	0.39250	1	0.49377	0.36933	1	0.51722	0.38092	1	0.45491	0.54374	12.59024	1.01978	1	0.71927	0.56488	13.41572	1.01978	1	-0.01149	-0.01119	0.68428	0.00355	1	0.05530	-0.01493	0.65909	0.00384	1	1.45898	0.81042	0	
1234039	8324.20020	3304041597217	0.49949	0.37660	8324.16699	0.03320	10862	1	0.50370	0.37115	1	0.48295	0.37845	1	0.49332	0.37480	1	0.45465	0.54349	11.86056	1.02780	1	0.71914	0.56488	13.80103	1.02780	1	-0.01149	-0.01119	0.68428	0.00367	1	0.05530	-0.01493	0.65909	0.00381	1	1.45898	0.81042	0	
1234040	8324.20703	3304041661982	0.49859	0.37499	8324.16699	0.04004	10862	1	0.50269	0.36484	1	0.48367	0.36589	1	0.49318	0.36536	1	0.45518	0.54326	12.38669	1.03582	1	0.71936	0.56438	13.02486	1.04348	1	-0.01149	-0.01119	0.68428	0.00360	1	0.05629	-0.01518	0.67026	0.00398	1	1.45898	0.81042	0	
1234041	8324.21289	3304041727062	0.49798	0.37078	8324.16699	0.04590	10862	1	0.49327	0.36401	1	0.49422	0.31854	1	0.49374	0.34128	1	0.45493	0.54341	12.69719	1.04348	1	0.71928	0.56463	13.26581	1.05114	1	-0.01149	-0.01119	0.68428	0.00358	1	0.05629	-0.01518	0.67026	0.00383	1	1.45898	0.81042	0	
1234042	8324.21973	3304041794560	0.49857	0.36281	8324.16699	0.05273	10862	1	0.51102	0.27410	1	0.49551	0.32396	1	0.50327	0.29903	1	0.45522	0.54255	12.16728	1.05114	1	0.71930	0.56458	13.28000	1.05879	1	-0.01149	-0.01119	0.68428	0.00392	1	0.05629	-0.01518	0.67026	0.00384	1	1.45898	0.81042	0	
1234043	8324.22656	3304041862486	0.49901	0.35578	8324.16699	0.05957	10862	1	0.51013	0.26750	1	0.49594	0.31759	1	0.50304	0.29254	1	0.45516	0.54346	12.11974	1.05879	1	0.71931	0.56465	13.14118	1.06645	1	-0.01149	-0.01119	0.68428	0.00349	1	0.05629	-0.01518	0.67026	0.00383	1	1.45898	0.81042	0	
1234044	8324.23340	3304041927863	0.49948	0.35139	8324.16699	0.06641	10862	1	0.51828	0.33399	1	0.48998	0.28104	1	0.50413	0.30752	1	0.45539	0.54358	12.25846	1.06645	1	0.71957	0.56419	12.75068	1.06645	1	-0.01149	-0.01119	0.68428	0.00354	1	0.05629	-0.01518	0.67026	0.00401	1	1.45898	0.81042	0	
1234045	8324.24023	3304041996988	0.49905	0.34823	8324.16699	0.07324	10862	1	0.51098	0.33290	1	0.47772	0.29397	1	0.49435	0.31344	1	0.45526	0.54340	12.13165	1.06645	1	0.71940	0.56432	12.97153	1.06645	1	-0.01149	-0.01119	0.68428	0.00352	1	0.05629	-0.01518	0.67026	0.00392	1	1.45898	0.81042	0	
1234046	8324.24707	3304042066120	0.49869	0.34555	8324.16699	0.08008	10862	1	0.51098	0.33290	1	0.47772	0.29397	1	0.49435	0.31344	1	0.45554	0.54334	12.12490	1.06645	1	0.71942	0.56384	12.75615	1.06645	1	-0.01136	-0.01101	0.67659	0.00361	1	0.05597	-0.01507	0.66529	0.00408	1	1.45898	0.81042	0	
1234047	8324.25391	3304042133045	0.49879	0.34375	8324.16699	0.08691	10862	1	0.51911	0.34507	1	0.48111	0.29547	1	0.50011	0.32027	1	0.45537	0.54348	11.86942	1.06645	1	0.71937	0.56413	12.83225	1.06645	1	-0.01136	-0.01101	0.67659	0.00360	1	0.05597	-0.01507	0.66529	0.00402	1	1.45898	0.81042	0	
1234048	8324.26074	3304042199963	0.49824	0.34030	8324.16699	0.09375	10862	1	0.51821	0.32914	1	0.46285	0.25480	1	0.49053	0.29197	1	0.45539	0.54336	11.89109	1.06645	1	0.71948	0.56391	12.67536	1.06645	1	-0.01136	-0.01101	0.67659	0.00369	1	0.05597	-0.01507	0.66529	0.00412	1	1.45898	0.81042	0	
1234049	8324.26758	3304042267170	0.49777	0.33791	8324.16699	0.10059	10862	1	0.51909	0.33554	1	0.46245	0.26870	1	0.49077	0.30212	1	0.45538	0.54309	12.20555	1.05844	1	0.71921	0.56488	13.27726	1.05078	1	-0.01089	-0.01069	0.65697	0.00370	1	0.05686	-0.01534	0.67521	0.00385	1	1.45898	0.81042	0	
1234050	8324.27441	3304042334499	0.49738	0.33685	8324.16699	0.10742	10862	1	0.51728	0.32006	1	0.46495	0.31978	1	0.49112	0.31992	1	0.45533	0.54296	11.95192	1.04276	1	0.71954	0.56438	13.12117	1.03510	1	-0.01089	-0.01069	0.65697	0.00378	1	0.05686	-0.01534	0.67521	0.00375	1	1.45898	0.81042	0	
1234051	8324.28027	3304042401315	0.49747	0.33651	8324.16699	0.11328	10862	1	0.52144	0.34240	1	0.47665	0.31914	1	0.49904	0.33077	1	0.45535	0.54289	11.96793	1.02709	1	0.71976	0.56432	12.67891	1.01943	1	-0.01089	-0.01069	0.65697	0.00374	1	0.05686	-0.01534	0.67521	0.00389	1	1.45898	0.81042	0	
1234052	8324.28711	3304042467925	0.49757	0.33655	8324.16699	0.12012	10862	1	0.52229	0.34865	1	0.47635	0.32577	1	0.49932	0.33721	1	0.45528	0.54321	12.18248	1.01943	1	0.72020	0.56473	13.27060	1.01177	1	-0.01139	-0.01124	0.69060	0.00372	1	0.05530	-0.01488	0.65679	0.00395	1	1.45898	0.81042	0	
1234053	8324.29395	3304042535011	0.49802	0.33871	8324.16699	0.12695	10862	1	0.53390	0.35994	1	0.47900	0.39952	1	0.50645	0.37973	1	0.45559	0.54326	13.21474	1.01978	1	0.71988	0.56510	13.84011	1.01978	1	-0.01139	-0.01124	0.69060	0.00361	1	0.05530	-0.01488	0.65679	0.00377	1	1.45898	0.81042	0	
1234054	8324.30078	3304042602261	0.49816	0.33870	8324.16699	0.13379	10862	1	0.51743	0.33274	1	0.48484	0.34415	1	0.50113	0.33845	1	0.45526	0.54294	12.15415	1.02780	1	0.71994	0.56450	13.53890	1.02780	1	-0.01139	-0.01124	0.69060	0.00364	1	0.05530	-0.01488	0.65679	0.00401	1	1.45898	0.81042	0	
1234055	8324.30762	3304042668829	0.49829	0.33824	8324.16699	0.14062	10862	1	0.51652	0.32613	1	0.48558	0.33106	1	0.50105	0.32860	1	0.45517	0.54306	12.47165	1.03582	1	0.72009	0.56424	13.24816	1.04348	1	-0.01125	-0.01105	0.68193	0.00365	1	0.05749	-0.01545	0.68215	0.00401	1	1.45898	0.81042	0	
1234056	8324.31445	3304042736030	0.49918	0.33465	8324.16699	0.14746	10862	1	0.54174	0.24929	1	0.49561	0.26228	1	0.51868	0.25578	1	0.45573	0.54251	12.72686	1.04348	1	0.72006	0.56389	12.98690	1.05114	1	-0.01125	-0.01105	0.68193	0.00372	1	0.05749	-0.01545	0.68215	0.00412	1	1.45898	0.81042	0	
1234057	8324.32031	3304042802408	0.49884	0.33375	8324.16699	0.15332	10862	1	0.50838	0.31783	1	0.47367	0.30836	1	0.49103	0.31309	1	0.45594	0.54297	12.81171	1.05114	1	0.72010	0.56443	13.25874	1.05879	1	-0.01125	-0.01105	0.68193	0.00373	1	0.05749	-0.01545	0.68215	0.00394	1	1.45898	0.81042	0	
1234058	8324.32715	3304042870122	0.49852	0.33267	8324.16699	0.16016	10862	1	0.50747	0.31154	1	0.47395	0.30190	1	0.49071	0.30672	1	0.45621	0.54269	12.28675	1.05879	1	0.72016	0.56472	13.15985	1.06645	1	-0.01125	-0.01105	0.68193	0.00382	1	0.05808	-0.01563	0.68791	0.00386	1	1.45898	0.81042	0	
1234059	8324.33398	3304042936981	0.49789	0.33125	8324.16699	0.16699	10862	1	0.49973	0.27150	1	0.46478	0.31977	1	0.48226	0.29563	1	0.45592	0.54277	12.80977	1.06645	1	0.71998	0.56467	13.02389	1.06645	1	-0.01125	-0.01105	0.68193	0.00378	1	0.05808	-0.01563	0.68791	0.00384	1	1.45898	0.81042	0	
1234060	8324.34082	3304043003920	0.49736	0.33001	8324.16699	0.17383	10862	1	0.51561	0.27140	1	0.45138	0.32427	1	0.48350	0.29783	1	0.45611	0.54259	12.20080	1.06645	1	0.72019	0.56467	13.16458	1.06645	1	-0.01125	-0.01105	0.68193	0.00384	1	0.05808	-0.01563	0.68791	0.00376	1	1.45898	0.81042	0	
1234061	8324.34766	3304043071113	0.49687	0.32921	8324.16699	0.18066	10862	1	0.51650	0.27824	1	0.45114	0.33713	1	0.48382	0.30768	1	0.45605	0.54245	12.11195	1.05844	1	0.72024	0.56489	13.15406	1.05078	1	-0.01069	-0.01055	0.65719	0.00398	1	0.05704	-0.01534	0.67505	0.00389	1	1.45898	0.81042	0	
1234062	8324.35449	3304043136205	0.49679	0.32943	8324.16699	0.18750	10862	1	0.52345	0.35608	1	0.46548	0.31515	1	0.49446	0.33561	1	0.45617	0.54281	12.51359	1.04276	1	0.72039	0.56434	13.19001	1.03510	1	-0.01069	-0.01055	0.65719	0.00388	1	0.05704	-0.01534	0.67505	0.00379	1	1.45898	0.81042	0	
1234063	8324.36035	3304043202190	0.49715	0.33021	8324.16699	0.19336	10862	1	0.52371	0.40195	1	0.49119	0.30331	1	0.50745	0.35263	1	0.45617	0.54284	12.83268	1.02709	1	0.72075	0.56420	12.47920	1.01943	1	-0.01069	-0.01055	0.65719	0.00375	1	0.05704	-0.01534	0.67505	0.00399	1	1.45898	0.81042	0	
1234064	8324.36719	3304043269230	0.49749	0.33135	8324.16699	0.20020	10862	1	0.52543	0.41382	1	0.49035	0.31715	1	0.50789	0.36548	1	0.45646	0.54295	13.06894	1.01141	1	0.72074	0.56466	13.44534	1.00375	1	-0.01069	-0.01055	0.65719	0.00366	1	0.05704	-0.01529	0.67505	0.00375	1	1.45898	0.81042	0	
1234065	8324.37402	3304043334544	0.49784	0.33332	8324.16699	0.20703	10862	1	0.52591	0.39720	1	0.49149	0.39166	1	0.50870	0.39443	1	0.45613	0.54262	12.59151	1.00375	1	0.72083	0.56493	13.46010	1.00375	1	-0.01069	-0.01055	0.65719	0.00356	1	0.05704	-0.01529	0.67505	0.00385	1	1.45898	0.81042	0	
1234066	8324.38086	3304043401625	0.49816	0.33546	8324.16699	0.21387	10862	1	0.53562	0.37386	1	0.48094	0.43439	1	0.50828	0.40413	1	0.45630	0.54256	12.91187	1.00375	1	0.72077	0.56497	13.66435	1.00375	1	-0.01069	-0.01055	0.65719	0.00352	1	0.05704	-0.01529	0.67505	0.00377	1	1.45898	0.81042	0	
1234067	8324.38770	3304043469595	0.49846	0.33748	8324.16699	0.22070	10862	1	0.53562	0.37386	1	0.48094	0.43439	1	0.50828	0.40413	1	0.45624	0.54212	12.35697	1.00375	1	0.72070	0.56500	13.81911	1.00375	1	-0.01069	-0.01055	0.65719	0.00352	1	0.05704	-0.01529	0.67505	0.00377	1	1.45898	0.81042	0	
1234068	8324.39453	3304043537604	0.49842	0.33955	8324.16699	0.22754	10862	1	0.53436	0.41371	1	0.45978	0.40624	1	0.49707	0.40997	1	0.45626	0.54254	12.90485	1.00375	1	0.72042	0.56501	13.29702	1.00375	1	-0.01069	-0.01055	0.65719	0.00353	1	0.05704	-0.01529	0.67505	0.00375	1	1.45898	0.81042	0	
1234069	8324.40137	3304043603966	0.49870	0.34117	8324.16699	0.23438	10862	1	0.53603	0.40232	1	0.48088	0.39345	1	0.50845	0.39789	1	0.45631	0.54255	13.18331	1.00375	1	0.72068	0.56498	13.83013	1.00375	1	-0.01069	-0.01055	0.65719	0.00355	1	0.05704	-0.01529	0.67505	0.00374	1	1.45898	0.81042	0	
1234070	8324.40723	3304043669383	0.49896	0.34262	8324.16699	0.24023	10862	1	0.53603	0.40232	1	0.48122	0.38728	1	0.50862	0.39480	1	0.45620	0.54228	12.58670	1.00375	1	0.72092	0.56475	13.30130	1.01141	1	-0.01069	-0.01055	0.65719	0.00358	1	0.05732	-0.01535	0.67767	0.00378	1	1.45898	0.81042	0	
1234071	8324.41406	3304043733739	0.50282	0.36882	8324.16699	0.24023	10862	0	0.54046	0.34397	1	0.49405	0.37858	1	0.51726	0.36127	1	0.45631	0.54250	12.68451	1.01141	1	0.72091	0.56431	13.20049	1.01907	1	-0.01069	-0.01055	0.65719	0.00355	1	0.05732	-0.01535	0.67767	0.00402	1	1.45898	0.81042	0	
1234072	8324.42090	3304043807880	0.50261	0.36194	8324.16699	0.24023	10862	0	0.53092	0.36819	1	0.47389	0.34193	1	0.50241	0.35506	1	0.45623	0.54235	12.58773	1.01907	1	0.72093	0.56384	13.10500	1.02673	1	-0.01069	-0.01055	0.65719	0.00363	1	0.05732	-0.01535	0.67767	0.00415	1	1.45898	0.81042	0	
1234073	8324.42773	3304043874423	0.50237	0.35538	8324.16699	0.24023	10862	0	0.52930	0.35571	1	0.47447	0.32880	1	0.50189	0.34226	1	0.45622	0.54242	12.67843	1.03474	1	0.72093	0.56372	13.08655	1.04240	1	-0.01111	-0.01095	0.68569	0.00351	1	0.05732	-0.01535	0.67767	0.00417	1	1.45898	0.81042	0	
1234074	8324.43457	3304043941589	0.50326	0.35551	8324.41406	0.02051	10863	1	0.52162	0.33033	1	0.49023	0.38149	1	0.50592	0.35591	1	0.45612	0.54245	12.88165	1.05042	1	0.72082	0.56475	13.46390	1.05042	1	-0.01111	-0.01095	0.68569	0.00360	1	0.05732	-0.01535	0.67767	0.00367	1	1.45898	0.81042	0	
1234075	8324.44141	3304044008566	0.50444	0.35307	8324.41406	0.02734	10863	1	0.52536	0.32914	1	0.49295	0.35746	1	0.50916	0.34330	1	0.45624	0.54241	12.74021	1.05844	1	0.72084	0.56468	13.33837	1.05844	1	-0.01111	-0.01095	0.68569	0.00360	1	0.05732	-0.01535	0.67767	0.00377	1	1.45898	0.81042	0	
1234076	8324.44824	3304044075497	0.50519	0.35195	8324.41406	0.03418	10863	1	0.52536	0.32914	1	0.49254	0.36358	1	0.50895	0.34636	1	0.45622	0.54220	12.61226	1.05844	1	0.72074	0.56502	13.28235	1.05078	1	-0.01069	-0.01055	0.65719	0.00367	1	0.05704	-0.01524	0.67505	0.00369	1	1.45898	0.81042	0	
1234077	8324.45508	3304044142161	0.50552	0.35448	8324.41406	0.04102	10863	1	0.52464	0.32167	1	0.49037	0.41765	1	0.50750	0.36966	1	0.45618	0.54202	12.16474	1.04276	1	0.72082	0.56501	13.21467	1.03510	1	-0.01069	-0.01055	0.65719	0.00376	1	0.05704	-0.01524	0.67505	0.00370	1	1.45898	0.81042	0	
1234078	8324.46191	3304044209447	0.50602	0.35338	8324.41406	0.04785	10863	1	0.52663	0.32561	1	0.49243	0.36566	1	0.50953	0.34563	1	0.45618	0.54202	12.16474	1.02709	1	0.72085	0.56399	12.98185	1.01943	1	-0.01069	-0.01055	0.65719	0.00376	1	0.05704	-0.01524	0.67505	0.00410	1	1.45898	0.81042	0	
1234079	8324.46777	3304044276989	0.50646	0.35395	8324.41406	0.05371	10863	1	0.52830	0.33864	1	0.49157	0.37853	1	0.50993	0.35859	1	0.45627	0.54212	12.21067	1.01141	1	0.72088	0.56500	13.22240	1.00375	1	-0.01073	-0.01053	0.65918	0.00372	1	0.05704	-0.01524	0.67505	0.00378	1	1.45898	0.81042	0	
1234080	8324.47461	3304044343137	0.50653	0.35880	8324.41406	0.06055	10863	1	0.52184	0.36185	1	0.49245	0.44295	1	0.50715	0.40240	1	0.45621	0.54222	12.17270	1.00375	1	0.72090	0.56499	13.34894	1.00375	1	-0.01073	-0.01053	0.65918	0.00370	1	0.05704	-0.01524	0.67505	0.00377	1	1.45898	0.81042	0	
1234081	8324.48145	3304044410511	0.50607	0.35819	8324.41406	0.06738	10863	1	0.52922	0.35589	1	0.47376	0.34838	1	0.50149	0.35213	1	0.45627	0.54212	12.21067	1.00375	1	0.72055	0.56374	12.05721	1.00375	1	-0.01073	-0.01053	0.65918	0.00373	1	0.05704	-0.01524	0.67505	0.00433	1	1.45898	0.81042	0	
1234082	8324.48828	3304044477252	0.50569	0.35769	8324.41406	0.07422	10863	1	0.52922	0.35589	1	0.47376	0.34838	1	0.50149	0.35213	1	0.45611	0.54141	11.74600	1.00375	1	0.72020	0.56476	13.45698	1.00375	1	-0.01073	-0.01053	0.65918	0.00398	1	0.05704	-0.01519	0.67505	0.00376	1	1.45898	0.81042	0	
1234083	8324.49512	3304044544037	0.50495	0.35917	8324.41406	0.08105	10863	1	0.53278	0.34366	1	0.45933	0.41019	1	0.49606	0.37693	1	0.45628	0.54207	12.27584	1.00375	1	0.72028	0.56475	13.25137	1.00375	1	-0.01073	-0.01053	0.65918	0.00379	1	0.05704	-0.01519	0.67505	0.00382	1	1.45898	0.81042	0	
1234084	8324.50195	3304044611490	0.50411	0.36198	8324.41406	0.08789	10863	1	0.52833	0.36586	1	0.45827	0.43120	1	0.49330	0.39853	1	0.45624	0.54208	11.90266	1.00375	1	0.72036	0.56487	13.90022	1.00375	1	-0.01073	-0.01053	0.65918	0.00377	1	0.05704	-0.01519	0.67505	0.00392	1	1.45898	0.81042	0	
1234085	8324.50879	3304044678182	0.50338	0.36380	8324.41406	0.09473	10863	1	0.52747	0.35936	1	0.45863	0.41919	1	0.49305	0.38928	1	0.45597	0.54212	12.22257	1.01177	1	0.72009	0.56490	13.28598	1.01943	1	-0.01139	-0.01098	0.69060	0.00383	1	0.05768	-0.01537	0.68321	0.00398	1	1.45898	0.81042	0	
1234086	8324.51465	3304044745063	0.50177	0.36387	8324.41406	0.10059	10863	1	0.51841	0.33771	1	0.43707	0.39217	1	0.47774	0.36494	1	0.45610	0.54204	12.36419	1.02744	1	0.71993	0.56472	13.16368	1.03510	1	-0.01139	-0.01098	0.69060	0.00392	1	0.05768	-0.01537	0.68321	0.00406	1	1.45898	0.81042	0	
1234087	8324.52148	3304044812403	0.50018	0.36165	8324.41406	0.10742	10863	1	0.50338	0.29506	1	0.44613	0.35716	1	0.47476	0.32611	1	0.45585	0.54181	12.04973	1.04312	1	0.72009	0.56451	12.85505	1.05078	1	-0.01139	-0.01098	0.69060	0.00396	1	0.05768	-0.01537	0.68321	0.00396	1	1.45898	0.81042	0	
1234088	8324.52832	3304044879435	0.49873	0.35876	8324.41406	0.11426	10863	1	0.50145	0.28174	1	0.44639	0.33764	1	0.47392	0.30969	1	0.45575	0.54215	12.92841	1.05879	1	0.71989	0.56453	13.35727	1.07513	1	-0.01139	-0.01098	0.69060	0.00378	1	0.05890	-0.01571	0.69828	0.00393	1	1.45898	0.81042	0	
1234089	8324.53516	3304044946298	0.49701	0.35598	8324.41406	0.12109	10863	1	0.50829	0.25441	1	0.42409	0.35739	1	0.46619	0.30590	1	0.45608	0.54162	12.26562	1.07513	1	0.71975	0.56471	13.40812	1.08381	1	-0.01139	-0.01098	0.69060	0.00387	1	0.05890	-0.01571	0.69828	0.00397	1	1.45898	0.81042	0	
1234090	8324.54199	3304045013372	0.49640	0.35430	8324.41406	0.12793	10863	1	0.50607	0.32457	1	0.46339	0.32030	1	0.48473	0.32243	1	0.45598	0.54246	12.52953	1.08381	1	0.71992	0.56444	13.29390	1.09250	1	-0.01139	-0.01098	0.69060	0.00361	1	0.05890	-0.01571	0.69828	0.00395	1	1.45898	0.81042	0	
1234091	8324.54883	3304045080470	0.49582	0.35246	8324.41406	0.13477	10863	1	0.50506	0.31771	1	0.46361	0.31330	1	0.48433	0.31551	1	0.45613	0.54220	12.21115	1.09250	1	0.71996	0.56441	13.23366	1.10118	1	-0.01139	-0.01098	0.69060	0.00367	1	0.05890	-0.01571	0.69828	0.00394	1	1.45898	0.81042	0	
1234092	8324.55566	3304045147480	0.49529	0.35018	8324.41406	0.14160	10863	1	0.50375	0.28757	1	0.46440	0.31708	1	0.48407	0.30232	1	0.45602	0.54226	12.43308	1.10118	1	0.71994	0.56438	13.21941	1.10118	1	-0.01139	-0.01098	0.69060	0.00377	1	0.05890	-0.01571	0.69828	0.00397	1	1.45898	0.81042	0	SUBJECT_ONSET_LOG
1234093	8324.56152	3304045214391	0.49458	0.34805	8324.41406	0.14746	10863	1	0.52749	0.27186	1	0.43033	0.33059	1	0.47891	0.30123	1	0.45631	0.54215	12.26867	1.10118	1	0.71985	0.56454	13.24095	1.10118	1	-0.01139	-0.01098	0.69060	0.00376	1	0.05890	-0.01571	0.69828	0.00396	1	1.45898	0.81042	0	
1234094	8324.56836	3304045281127	0.49393	0.34624	8324.41406	0.15430	10863	1	0.52749	0.27186	1	0.43036	0.33743	1	0.47893	0.30464	1	0.45630	0.54185	12.16892	1.10118	1	0.71986	0.56462	13.24084	1.09250	1	-0.01139	-0.01098	0.69060	0.00384	1	0.05808	-0.01543	0.68791	0.00399	1	1.45898	0.81042	0	
1234095	8324.57520	3304045348365	0.49292	0.34521	8324.41406	0.16113	10863	1	0.49568	0.28245	1	0.44195	0.35874	1	0.46881	0.32059	1	0.45589	0.54205	13.01305	1.09250	1	0.71998	0.56457	13.41210	1.08381	1	-0.01139	-0.01098	0.69060	0.00380	1	0.05808	-0.01543	0.68791	0.00398	1	1.45898	0.81042	0	
1234096	8324.58203	3304045415022	0.47871	0.32276	8324.41406	0.16113	10863	0	0.52044	0.28144	1	0.43778	0.33962	1	0.47911	0.31053	1	0.45618	0.54196	12.33142	1.08381	1	0.71995	0.56448	13.14004	1.07513	1	-0.01139	-0.01098	0.69060	0.00385	1	0.05808	-0.01543	0.68791	0.00403	1	1.45898	0.81042	0	AUDIO_FILE_ONSET_LOG
1234097	8324.58887	3304045482092	0.47913	0.32018	8324.41406	0.16113	10863	0	0.52136	0.28864	1	0.43775	0.34655	1	0.47955	0.31760	1	0.45620	0.54204	12.48869	1.07513	1	0.72005	0.56474	13.57379	1.06645	1	-0.01125	-0.01079	0.68193	0.00380	1	0.05768	-0.01537	0.68321	0.00393	1	1.45898	0.81042	0	
1234098	8324.59570	3304045549241	0.47921	0.31793	8324.41406	0.16113	10863	0	0.53024	0.27763	1	0.42845	0.34921	1	0.47935	0.31342	1	0.45634	0.54193	12.23767	1.06645	1	0.71983	0.56453	13.23507	1.06645	1	-0.01125	-0.01079	0.68193	0.00388	1	0.05768	-0.01537	0.68321	0.00404	1	1.45898	0.81042	0	
1234099	8324.60254	3304045616402	0.47768	0.31642	8324.58203	0.02051	10864	1	0.51770	0.27437	1	0.42848	0.34944	1	0.47309	0.31190	1	0.45611	0.54188	12.42595	1.06645	1	0.71983	0.56453	13.23507	1.06645	1	-0.01125	-0.01079	0.68193	0.00385	1	0.05768	-0.01537	0.68321	0.00404	1	1.45898	0.81042	0	
1234100	8324.60840	3304045682261	0.47676	0.31613	8324.58203	0.02637	10864	1	0.51770	0.27437	1	0.42852	0.35553	1	0.47311	0.31495	1	0.45623	0.54191	12.35163	1.06645	1	0.72043	0.56466	12.55570	1.05879	1	-0.01125	-0.01079	0.68193	0.00377	1	0.05704	-0.01519	0.67505	0.00408	1	1.45898	0.81042	0	
1234101	8324.61523	3304045750076	0.47913	0.31570	8324.58203	0.03320	10864	1	0.50781	0.24396	1	0.47413	0.38322	1	0.49097	0.31359	1	0.45600	0.54140	11.77376	1.05879	1	0.72059	0.56457	12.30797	1.05114	1	-0.01125	-0.01079	0.68193	0.00396	1	0.05704	-0.01519	0.67505	0.00405	1	1.45898	0.81042	0	
1234102	8324.62207	3304045816923	0.48385	0.32065	8324.58203	0.04004	10864	1	0.53292	0.29727	1	0.49144	0.40334	1	0.51218	0.35031	1	0.45641	0.54204	12.60759	1.05114	1	0.72086	0.56464	13.13432	1.04348	1	-0.01125	-0.01079	0.68193	0.00384	1	0.05704	-0.01519	0.67505	0.00392	1	1.45898	0.81042	0	
1234103	8324.62891	3304045884101	0.48744	0.32593	8324.58203	0.04688	10864	1	0.53447	0.31043	1	0.49061	0.41535	1	0.51254	0.36289	1	0.45595	0.54139	12.01407	1.03546	1	0.72081	0.56438	13.47361	1.02780	1	-0.01080	-0.01046	0.66383	0.00396	1	0.05704	-0.01524	0.67505	0.00390	1	1.45898	0.81042	0	
1234104	8324.63574	3304045950984	0.48864	0.32786	8324.58203	0.05371	10864	1	0.50960	0.30365	1	0.48695	0.38293	1	0.49828	0.34329	1	0.45595	0.54145	11.97553	1.01978	1	0.72078	0.56429	13.20124	1.01978	1	-0.01080	-0.01046	0.66383	0.00400	1	0.05704	-0.01524	0.67505	0.00393	1	1.45898	0.81042	0	
1234105	8324.64258	3304046017843	0.49076	0.33099	8324.58203	0.06055	10864	1	0.52623	0.32061	1	0.49343	0.39779	1	0.50983	0.35920	1	0.45614	0.54179	12.18295	1.01177	1	0.72087	0.56460	13.34854	1.01177	1	-0.01080	-0.01046	0.66383	0.00388	1	0.05704	-0.01524	0.67505	0.00384	1	1.45898	0.81042	0	
1234106	8324.64941	3304046085737	0.49251	0.33416	8324.58203	0.06738	10864	1	0.52709	0.32742	1	0.49298	0.40417	1	0.51004	0.36579	1	0.45609	0.54179	12.20405	1.00375	1	0.72098	0.56460	12.92236	1.00375	1	-0.01073	-0.01043	0.65918	0.00384	1	0.05704	-0.01524	0.67505	0.00381	1	1.45898	0.81042	0	
1234107	8324.65527	3304046152007	0.49363	0.33769	8324.58203	0.07324	10864	1	0.52638	0.33647	1	0.48546	0.41662	1	0.50592	0.37654	1	0.45622	0.54186	12.25549	1.00375	1	0.72076	0.56457	13.51439	1.00375	1	-0.01073	-0.01043	0.65918	0.00387	1	0.05704	-0.01524	0.67505	0.00385	1	1.45898	0.81042	0	
1234108	8324.66211	3304046219260	0.49437	0.33993	8324.58203	0.08008	10864	1	0.51990	0.33020	1	0.48658	0.40338	1	0.50324	0.36679	1	0.45611	0.54197	12.33165	1.00375	1	0.72075	0.56457	13.40457	1.00375	1	-0.01073	-0.01043	0.65918	0.00378	1	0.05704	-0.01524	0.67505	0.00381	1	1.45898	0.81042	0	
1234109	8324.66895	3304046285882	0.49500	0.34185	8324.58203	0.08691	10864	1	0.51990	0.33020	1	0.48658	0.40338	1	0.50324	0.36679	1	0.45628	0.54226	12.34936	1.00375	1	0.72082	0.56480	13.15817	1.00375	1	-0.01069	-0.01045	0.65719	0.00370	1	0.05704	-0.01529	0.67505	0.00375	1	1.45898	0.81042	0	
1234110	8324.67578	3304046353980	0.49678	0.34462	8324.58203	0.09375	10864	1	0.54049	0.35440	1	0.50281	0.41256	1	0.52165	0.38348	1	0.45644	0.54199	12.54821	1.00375	1	0.72098	0.56471	13.68462	1.00375	1	-0.01069	-0.01045	0.65719	0.00386	1	0.05704	-0.01529	0.67505	0.00372	1	1.45898	0.81042	0	
1234111	8324.68262	3304046420156	0.49826	0.34628	8324.58203	0.10059	10864	1	0.54766	0.35087	1	0.49318	0.39144	1	0.52042	0.37116	1	0.45660	0.54221	12.91645	1.00375	1	0.72091	0.56439	13.30858	1.00375	1	-0.01069	-0.01045	0.65719	0.00388	1	0.05704	-0.01529	0.67505	0.00390	1	1.45898	0.81042	0	
1234112	8324.68945	3304046486690	0.49955	0.34736	8324.58203	0.10742	10864	1	0.54694	0.34426	1	0.49363	0.38496	1	0.52029	0.36461	1	0.45664	0.54244	13.02663	1.01177	1	0.72086	0.56393	12.95092	1.01177	1	-0.01111	-0.01095	0.68569	0.00370	1	0.05577	-0.01492	0.65885	0.00406	1	1.45898	0.81042	0	
1234113	8324.69629	3304046553557	0.50007	0.34786	8324.58203	0.11426	10864	1	0.54305	0.34789	1	0.47458	0.36474	1	0.50882	0.35631	1	0.45651	0.54219	13.05747	1.01978	1	0.72097	0.56425	13.29390	1.01978	1	-0.01111	-0.01095	0.68569	0.00368	1	0.05577	-0.01492	0.65885	0.00394	1	1.45898	0.81042	0	
1234114	8324.70215	3304046619718	0.50039	0.34777	8324.58203	0.12012	10864	1	0.54231	0.34135	1	0.47010	0.35094	1	0.50620	0.34615	1	0.45651	0.54219	13.05747	1.02780	1	0.72085	0.56405	13.13602	1.02780	1	-0.01111	-0.01095	0.68569	0.00368	1	0.05577	-0.01492	0.65885	0.00421	1	1.45898	0.81042	0	
1234115	8324.70898	3304046687804	0.50068	0.34720	8324.58203	0.12695	10864	1	0.54156	0.33482	1	0.47063	0.33798	1	0.50609	0.33640	1	0.45637	0.54207	12.79234	1.03582	1	0.72091	0.56456	13.37797	1.04348	1	-0.01111	-0.01095	0.68569	0.00369	1	0.05749	-0.01537	0.67850	0.00417	1	1.45898	0.81042	0	
1234116	8324.71582	3304046753407	0.50052	0.34828	8324.58203	0.13379	10864	1	0.54629	0.34621	1	0.44870	0.39377	1	0.49749	0.36999	1	0.45650	0.54249	13.06015	1.04348	1	0.72090	0.56471	13.38470	1.05114	1	-0.01111	-0.01095	0.68569	0.00359	1	0.05749	-0.01537	0.67850	0.00420	1	1.45898	0.81042	0	
1234117	8324.72266	3304046821928	0.49992	0.34787	8324.58203	0.14062	10864	1	0.52403	0.33355	1	0.45062	0.34501	1	0.48733	0.33928	1	0.45647	0.54220	12.81139	1.05114	1	0.72090	0.56471	13.38470	1.05879	1	-0.01111	-0.01095	0.68569	0.00367	1	0.05749	-0.01537	0.67850	0.00420	1	1.45898	0.81042	0	
1234118	8324.72949	3304046888658	0.49936	0.34737	8324.58203	0.14746	10864	1	0.52322	0.32738	1	0.45062	0.34501	1	0.48692	0.33620	1	0.45623	0.54267	12.82592	1.05879	1	0.72088	0.56496	13.36167	1.05879	1	-0.01102	-0.01092	0.68016	0.00376	1	0.05658	-0.01516	0.66715	0.00418	1	1.45898	0.81042	0	
1234119	8324.73633	3304046955125	0.49837	0.34874	8324.58203	0.15430	10864	1	0.49298	0.38917	1	0.45831	0.37139	1	0.47565	0.38028	1	0.45644	0.54295	13.34234	1.05879	1	0.72108	0.56518	13.46124	1.05114	1	-0.01102	-0.01092	0.68016	0.00363	1	0.05658	-0.01516	0.66715	0.00413	1	1.45898	0.81042	0	
1234120	8324.74316	3304047022546	0.49724	0.34910	8324.58203	0.16113	10864	1	0.49572	0.34983	1	0.44431	0.36586	1	0.47002	0.35784	1	0.45654	0.54246	12.90398	1.05114	1	0.72082	0.56535	13.08387	1.04348	1	-0.01102	-0.01092	0.68016	0.00366	1	0.05658	-0.01516	0.66715	0.00416	1	1.45898	0.81042	0	
1234121	8324.74902	3304047089405	0.49621	0.34967	8324.58203	0.16699	10864	1	0.49671	0.35589	1	0.44424	0.37197	1	0.47048	0.36393	1	0.45678	0.54238	12.36699	1.04348	1	0.72065	0.56540	13.21189	1.03582	1	-0.01102	-0.01092	0.68016	0.00366	1	0.05554	-0.01493	0.65495	0.00420	1	1.45898	0.81042	0	
1234122	8324.75586	3304047152565	0.49604	0.34830	8324.58203	0.17383	10864	1	0.52239	0.34787	1	0.46080	0.27750	1	0.49160	0.31269	1	0.45691	0.54227	12.56315	1.03582	1	0.72103	0.56422	12.70068	1.03582	1	-0.01102	-0.01092	0.68016	0.00365	1	0.05554	-0.01493	0.65495	0.00443	1	1.45898	0.81042	0	
1234123	8324.76270	3304047219016	0.49546	0.34775	8324.58203	0.18066	10864	1	0.51136	0.34002	1	0.44814	0.32589	1	0.47975	0.33296	1	0.45680	0.54254	12.35725	1.03582	1	0.72086	0.56478	13.05066	1.03582	1	-0.01102	-0.01092	0.68016	0.00365	1	0.05554	-0.01493	0.65495	0.00433	1	1.45898	0.81042	0	
1234124	8324.76953	3304047288307	0.49493	0.34747	8324.58203	0.18750	10864	1	0.51231	0.34653	1	0.44804	0.33265	1	0.48018	0.33959	1	0.45692	0.54228	12.49220	1.02780	1	0.72115	0.56529	13.77998	1.02780	1	-0.01114	-0.01109	0.69110	0.00371	1	0.05554	-0.01493	0.65495	0.00402	1	1.45898	0.81042	0	
1234125	8324.77637	3304047354479	0.49498	0.34836	8324.58203	0.19434	10864	1	0.52342	0.35652	1	0.46940	0.39181	1	0.49641	0.37416	1	0.45700	0.54230	12.42107	1.01978	1	0.72124	0.56553	14.18133	1.01978	1	-0.01114	-0.01109	0.69110	0.00372	1	0.05554	-0.01493	0.65495	0.00400	1	1.45898	0.81042	0	
1234126	8324.78320	3304047422331	0.49536	0.34952	8324.58203	0.20117	10864	1	0.52949	0.37511	1	0.48430	0.39339	1	0.50690	0.38425	1	0.45711	0.54244	12.97626	1.01177	1	0.72155	0.56548	13.67403	1.01177	1	-0.01114	-0.01109	0.69110	0.00366	1	0.05554	-0.01493	0.65495	0.00400	1	1.45898	0.81042	0	
1234127	8324.78906	3304047487016	0.49573	0.35080	8324.58203	0.20703	10864	1	0.53033	0.38148	1	0.48392	0.39980	1	0.50713	0.39064	1	0.45707	0.54205	12.67947	1.00375	1	0.72164	0.56435	13.01512	1.00375	1	-0.01062	-0.01063	0.66522	0.00384	1	0.05554	-0.01493	0.65495	0.00435	1	1.45898	0.81042	0	
1234128	8324.79590	3304047555999	0.49593	0.35104	8324.58203	0.21387	10864	1	0.51277	0.34375	1	0.49189	0.37346	1	0.50233	0.35861	1	0.45684	0.54149	12.18015	1.00375	1	0.72163	0.56417	12.78644	1.00375	1	-0.01062	-0.01063	0.66522	0.00398	1	0.05554	-0.01493	0.65495	0.00435	1	1.45898	0.81042	0	
1234129	8324.80273	3304047621294	0.49638	0.35307	8324.58203	0.22070	10864	1	0.54012	0.39343	1	0.48266	0.44644	1	0.51139	0.41993	1	0.45713	0.54181	12.33865	1.00375	1	0.72152	0.56503	12.96581	1.00375	1	-0.01062	-0.01063	0.66522	0.00383	1	0.05554	-0.01493	0.65495	0.00395	1	1.45898	0.81042	0	
1234130	8324.80957	3304047690722	0.49681	0.35498	8324.58203	0.22754	10864	1	0.54012	0.39343	1	0.48266	0.44644	1	0.51139	0.41993	1	0.45726	0.54126	12.93304	1.00375	1	0.72151	0.56441	13.63863	1.00375	1	-0.01051	-0.01036	0.65798	0.00396	1	0.05658	-0.01516	0.66715	0.00410	1	1.45898	0.81042	0	
1234131	8324.81641	3304047755552	0.49744	0.35581	8324.58203	0.23438	10864	1	0.54655	0.38651	1	0.49237	0.38314	1	0.51946	0.38482	1	0.45726	0.54142	13.01120	1.00375	1	0.72158	0.56428	13.42046	1.00375	1	-0.01051	-0.01036	0.65798	0.00387	1	0.05658	-0.01516	0.66715	0.00410	1	1.45898	0.81042	0	
1234132	8324.82324	3304047826775	0.49768	0.35674	8324.58203	0.24121	10864	1	0.54754	0.36957	1	0.46474	0.41104	1	0.50614	0.39030	1	0.45723	0.54135	12.97340	1.00375	1	0.72120	0.56461	14.29328	1.00375	1	-0.01051	-0.01036	0.65798	0.00389	1	0.05658	-0.01516	0.66715	0.00398	1	1.45898	0.81042	0	
1234133	8324.83008	3304047893577	0.49790	0.35737	8324.58203	0.24805	10864	1	0.54681	0.36310	1	0.46520	0.39871	1	0.50601	0.38091	1	0.45716	0.54077	12.55728	1.01177	1	0.72147	0.56415	13.87364	1.01943	1	-0.01072	-0.01062	0.67418	0.00404	1	0.05709	-0.01523	0.67256	0.00396	1	1.45898	0.81042	0	
1234134	8324.83691	3304047959441	0.49834	0.35695	8324.58203	0.25488	10864	1	0.53652	0.31361	1	0.49346	0.36785	1	0.51499	0.34073	1	0.45712	0.54101	12.60369	1.02744	1	0.72162	0.56431	13.37957	1.03510	1	-0.01072	-0.01062	0.67418	0.00397	1	0.05709	-0.01523	0.67256	0.00405	1	1.45898	0.81042	0	
1234135	8324.84277	3304048027463	0.49874	0.35576	8324.58203	0.26074	10864	1	0.52592	0.28735	1	0.50275	0.33147	1	0.51433	0.30941	1	0.45704	0.54077	12.58752	1.04312	1	0.72178	0.56414	13.22472	1.05078	1	-0.01072	-0.01062	0.67418	0.00374	1	0.05709	-0.01523	0.67256	0.00401	1	1.45898	0.81042	0	
1234136	8324.84961	3304048094415	0.49910	0.35438	8324.58203	0.26758	10864	1	0.52427	0.27393	1	0.50325	0.32482	1	0.51376	0.29937	1	0.45712	0.54059	12.70469	1.05879	1	0.72167	0.56413	13.13627	1.05879	1	-0.01072	-0.01062	0.67418	0.00382	1	0.05554	-0.01483	0.65495	0.00399	1	1.45898	0.81042	0	
1234137	8324.85645	3304048160321	0.49965	0.35378	8324.58203	0.27441	10864	1	0.55282	0.33210	1	0.49123	0.32599	1	0.52202	0.32905	1	0.45742	0.54137	13.26732	1.05879	1	0.72159	0.56418	13.17286	1.05114	1	-0.01072	-0.01062	0.67418	0.00386	1	0.05554	-0.01483	0.65495	0.00400	1	1.45898	0.81042	0	
1234138	8324.86328	3304048228435	0.49994	0.35262	8324.58203	0.28125	10864	1	0.53130	0.26847	1	0.49330	0.33943	1	0.51230	0.30395	1	0.45717	0.54069	12.87425	1.05114	1	0.72164	0.56407	13.36962	1.04348	1	-0.01072	-0.01062	0.67418	0.00377	1	0.05554	-0.01483	0.65495	0.00402	1	1.45898	0.81042	0	
1234139	8324.87012	3304048295251	0.50023	0.35166	8324.58203	0.28809	10864	1	0.53207	0.27511	1	0.49288	0.34577	1	0.51247	0.31044	1	0.45719	0.54074	12.86273	1.04348	1	0.72156	0.56422	13.42871	1.03582	1	-0.01072	-0.01062	0.67418	0.00373	1	0.05554	-0.01483	0.65495	0.00407	1	1.45898	0.81042	0	
1234140	8324.87695	3304048361869	0.50050	0.35105	8324.58203	0.29492	10864	1	0.53064	0.28083	1	0.49437	0.36704	1	0.51251	0.32394	1	0.45717	0.54063	12.83578	1.03582	1	0.72162	0.56431	13.37957	1.03582	1	-0.01072	-0.01062	0.67418	0.00375	1	0.05554	-0.01483	0.65495	0.00405	1	1.45898	0.81042	0	
1234141	8324.88379	3304048429512	0.50077	0.35052	8324.58203	0.30176	10864	1	0.53429	0.27538	1	0.49138	0.37793	1	0.51283	0.32666	1	0.45712	0.54056	12.68272	1.03582	1	0.72158	0.56438	13.54784	1.03582	1	-0.01072	-0.01062	0.67418	0.00379	1	0.05554	-0.01483	0.65495	0.00401	1	1.45898	0.81042	0	
1234142	8324.88965	3304048496401	0.50102	0.35001	8324.58203	0.30762	10864	1	0.53429	0.27538	1	0.49138	0.37793	1	0.51283	0.32666	1	0.45712	0.54056	12.68272	1.03582	1	0.72172	0.56423	13.32119	1.03582	1	-0.01072	-0.01062	0.67418	0.00378	1	0.05554	-0.01483	0.65495	0.00404	1	1.45898	0.81042	0	
1234143	8324.89648	3304048563496	0.50130	0.34927	8324.58203	0.31445	10864	1	0.53359	0.27458	1	0.49452	0.35490	1	0.51405	0.31474	1	0.45715	0.54061	12.81630	1.03582	1	0.72164	0.56438	13.37568	1.03582	1	-0.01072	-0.01062	0.67418	0.00377	1	0.05554	-0.01483	0.65495	0.00408	1	1.45898	0.81042	0	
1234144	8324.90332	3304048630420	0.51352	0.32407	8324.58203	0.31445	10864	0	0.53343	0.27820	1	0.49472	0.36774	1	0.51408	0.32297	1	0.45716	0.54065	12.80095	1.03582	1	0.72164	0.56438	13.37568	1.03582	1	-0.01072	-0.01062	0.67418	0.00382	1	0.05554	-0.01483	0.65495	0.00408	1	1.45898	0.81042	0	
1234145	8324.91016	3304048697106	0.51380	0.32352	8324.58203	0.31445	10864	0	0.53343	0.27820	1	0.49472	0.36774	1	0.51408	0.32297	1	0.45711	0.54060	12.64136	1.03582	1	0.72167	0.56433	13.36073	1.03582	1	-0.01072	-0.01062	0.67418	0.00377	1	0.05554	-0.01483	0.65495	0.00412	1	1.45898	0.81042	0	
1234146	8324.91699	3304048764398	0.51321	0.32035	8324.58203	0.31445	10864	0	0.52793	0.27181	1	0.49612	0.35621	1	0.51203	0.31401	1	0.45711	0.54060	12.64136	1.03582	1	0.72166	0.56437	13.32292	1.03582	1	-0.01072	-0.01062	0.67418	0.00377	1	0.05554	-0.01483	0.65495	0.00412	1	1.45898	0.81042	0	
1234147	8324.92383	3304048831385	0.51542	0.32236	8324.90332	0.02051	10865	1	0.54984	0.29787	1	0.49428	0.35894	1	0.52206	0.32840	1	0.45744	0.54094	13.18990	1.03582	1	0.72162	0.56431	13.37957	1.03582	1	-0.01072	-0.01062	0.67418	0.00371	1	0.05554	-0.01483	0.65495	0.00405	1	1.45898	0.81042	0	
1234148	8324.93066	3304048898722	0.51677	0.32491	8324.90332	0.02734	10865	1	0.55053	0.30469	1	0.49384	0.36547	1	0.52218	0.33508	1	0.45737	0.54104	13.09967	1.02780	1	0.72140	0.56428	13.61626	1.02780	1	-0.01051	-0.01036	0.65798	0.00369	1	0.05554	-0.01483	0.65495	0.00409	1	1.45898	0.81042	0	
1234149	8324.93750	3304048965804	0.51521	0.32639	8324.90332	0.03418	10865	1	0.53269	0.27737	1	0.48215	0.39020	1	0.50742	0.33379	1	0.45716	0.54046	12.88352	1.01978	1	0.72145	0.56445	13.59423	1.01978	1	-0.01051	-0.01036	0.65798	0.00390	1	0.05554	-0.01483	0.65495	0.00404	1	1.45898	0.81042	0	
1234150	8324.94336	3304049032016	0.51469	0.33008	8324.90332	0.04004	10865	1	0.54220	0.32317	1	0.48083	0.38128	1	0.51151	0.35222	1	0.45729	0.54079	13.11749	1.01177	1	0.72141	0.56437	13.90001	1.01177	1	-0.01051	-0.01036	0.65798	0.00373	1	0.05554	-0.01483	0.65495	0.00405	1	1.45898	0.81042	0	
1234151	8324.95020	3304049099586	0.51429	0.33285	8324.90332	0.04688	10865	1	0.54220	0.32317	1	0.48083	0.38128	1	0.51151	0.35222	1	0.45729	0.54079	13.11749	1.01177	1	0.72145	0.56430	13.77247	1.01177	1	-0.01072	-0.01062	0.67418	0.00373	1	0.05554	-0.01483	0.65495	0.00403	1	1.45898	0.81042	0	
1234152	8324.95703	3304049166538	0.51474	0.33457	8324.90332	0.05371	10865	1	0.54400	0.31647	1	0.49262	0.38024	1	0.51831	0.34836	1	0.45742	0.54096	13.50185	1.01978	1	0.72162	0.56431	13.37957	1.01978	1	-0.01072	-0.01062	0.67418	0.00369	1	0.05554	-0.01483	0.65495	0.00405	1	1.45898	0.81042	0	
1234153	8324.96387	3304049230150	0.51460	0.33367	8324.90332	0.06055	10865	1	0.54298	0.30271	1	0.48377	0.34837	1	0.51337	0.32554	1	0.45729	0.54079	13.11749	1.02780	1	0.72147	0.56416	13.74215	1.02780	1	-0.01072	-0.01062	0.67418	0.00373	1	0.05554	-0.01483	0.65495	0.00410	1	1.45898	0.81042	0	
1234154	8324.97070	3304049300280	0.51447	0.33231	8324.90332	0.06738	10865	1	0.54224	0.29588	1	0.48414	0.34171	1	0.51319	0.31879	1	0.45722	0.54032	13.00748	1.03582	1	0.72145	0.56357	13.86763	1.03582	1	-0.01072	-0.01062	0.67418	0.00394	1	0.05554	-0.01483	0.65495	0.00439	1	1.45898	0.81042	0	
1234155	8324.97656	3304049365388	0.51427	0.32967	8324.90332	0.07324	10865	1	0.54074	0.27108	1	0.48332	0.33003	1	0.51203	0.30056	1	0.45719	0.54056	12.62363	1.03582	1	0.72147	0.56400	13.57384	1.03582	1	-0.01072	-0.01062	0.67418	0.00383	1	0.05554	-0.01483	0.65495	0.00412	1	1.45898	0.81042	0	
1234156	8324.98438	3304049434181	0.51356	0.32604	8324.90332	0.08105	10865	1	0.52334	0.24312	1	0.48667	0.32197	1	0.50500	0.28255	1	0.45711	0.54005	12.65576	1.03582	1	0.72145	0.56357	13.80973	1.03582	1	-0.01072	-0.01062	0.67418	0.00397	1	0.05554	-0.01483	0.65495	0.00438	1	1.45898	0.81042	0	
1234157	8324.99023	3304049501078	0.51294	0.32294	8324.90332	0.08691	10865	1	0.52334	0.24312	1	0.48667	0.32197	1	0.50500	0.28255	1	0.45711	0.54005	12.65576	1.03582	1	0.72143	0.56405	13.80643	1.03582	1	-0.01072	-0.01062	0.67418	0.00397	1	0.05658	-0.01506	0.66715	0.00421	1	1.45898	0.81042	0	
1234158	8324.99707	3304049567742	0.51285	0.32055	8324.90332	0.09375	10865	1	0.54236	0.27891	1	0.48081	0.29537	1	0.51159	0.28714	1	0.45744	0.54071	13.48669	1.03582	1	0.72140	0.56341	13.67317	1.03582	1	-0.01072	-0.01062	0.67418	0.00399	1	0.05658	-0.01506	0.66715	0.00439	1	1.45898	0.81042	0	
1234159	8325.00391	3304049635052	0.51271	0.31757	8324.90332	0.10059	10865	1	0.53889	0.25070	1	0.48229	0.29494	1	0.51059	0.27282	1	0.45723	0.54027	13.00380	1.03582	1	0.72139	0.56346	13.71246	1.03582	1	-0.01072	-0.01062	0.67418	0.00401	1	0.05658	-0.01506	0.66715	0.00436	1	1.45898	0.81042	0	
1234160	8325.01074	3304049701693	0.51259	0.31493	8324.90332	0.10742	10865	1	0.53889	0.25070	1	0.48229	0.29494	1	0.51059	0.27282	1	0.45734	0.54068	13.18386	1.03582	1	0.72124	0.56284	13.41163	1.03582	1	-0.01096	-0.01075	0.68932	0.00374	1	0.05658	-0.01506	0.66715	0.00423	1	1.45898	0.81042	0	
1234161	8325.01758	3304049769090	0.51194	0.31297	8324.90332	0.11426	10865	1	0.52978	0.30879	1	0.47198	0.25038	1	0.50088	0.27958	1	0.45709	0.54087	13.28050	1.03582	1	0.72123	0.56283	13.55078	1.03582	1	-0.01096	-0.01075	0.68932	0.00372	1	0.05658	-0.01506	0.66715	0.00437	1	1.45898	0.81042	0	
1234162	8325.02441	3304049836545	0.51166	0.31221	8324.90332	0.12109	10865	1	0.52203	0.31780	1	0.49138	0.27945	1	0.50671	0.29862	1	0.45739	0.54086	13.24277	1.03582	1	0.72154	0.56339	13.44230	1.03582	1	-0.01096	-0.01075	0.68932	0.00377	1	0.05658	-0.01506	0.66715	0.00420	1	1.45898	0.81042	0	
1234163	8325.03125	3304049902990	0.51141	0.31154	8324.90332	0.12793	10865	1	0.52203	0.31780	1	0.49138	0.27945	1	0.50671	0.29862	1	0.45726	0.54092	12.94118	1.03582	1	0.72163	0.56389	13.40079	1.03582	1	-0.01072	-0.01057	0.67418	0.00379	1	0.05658	-0.01506	0.66715	0.00411	1	1.45898	0.81042	0	
1234164	8325.03711	3304049970036	0.51117	0.31266	8324.90332	0.13379	10865	1	0.52648	0.33781	1	0.48600	0.33265	1	0.50624	0.33523	1	0.45738	0.54111	13.33391	1.03582	1	0.72151	0.56409	13.50156	1.03582	1	-0.01072	-0.01057	0.67418	0.00374	1	0.05658	-0.01506	0.66715	0.00405	1	1.45898	0.81042	0	
1234165	8325.04395	3304050036919	0.51034	0.31336	8324.90332	0.14062	10865	1	0.49946	0.31470	1	0.48650	0.34116	1	0.49298	0.32793	1	0.45738	0.54085	13.01116	1.03582	1	0.72150	0.56413	13.62711	1.03582	1	-0.01072	-0.01057	0.67418	0.00374	1	0.05658	-0.01506	0.66715	0.00403	1	1.45898	0.81042	0	
1234166	8325.05078	3304050104047	0.50959	0.31399	8324.90332	0.14746	10865	1	0.49946	0.31470	1	0.48650	0.34116	1	0.49298	0.32793	1	0.45757	0.54091	13.32234	1.03582	1	0.72153	0.56415	13.67182	1.03582	1	-0.01072	-0.01052	0.67418	0.00373	1	0.05658	-0.01506	0.66715	0.00404	1	1.45898	0.81042	0	
1234167	8325.05762	3304050168159	0.50942	0.31446	8324.90332	0.15430	10865	1	0.51565	0.31096	1	0.49573	0.33962	1	0.50569	0.32529	1	0.45764	0.54094	13.20430	1.03582	1	0.72170	0.56390	13.07718	1.03582	1	-0.01072	-0.01052	0.67418	0.00372	1	0.05658	-0.01506	0.66715	0.00413	1	1.45898	0.81042	0	
1234168	8325.06445	3304050237890	0.50901	0.31484	8324.90332	0.16113	10865	1	0.50756	0.30871	1	0.49070	0.33922	1	0.49913	0.32396	1	0.45760	0.54096	13.46246	1.03582	1	0.72158	0.56390	13.21352	1.03582	1	-0.01072	-0.01052	0.67418	0.00375	1	0.05658	-0.01506	0.66715	0.00412	1	1.45898	0.81042	0	
1234169	8325.07129	3304050304457	0.50863	0.31519	8324.90332	0.16797	10865	1	0.50756	0.30871	1	0.49070	0.33922	1	0.49913	0.32396	1	0.45738	0.54080	13.16581	1.03582	1	0.72158	0.56390	13.21352	1.03582	1	-0.01072	-0.01057	0.67418	0.00372	1	0.05658	-0.01506	0.66715	0.00412	1	1.45898	0.81042	0	
1234170	8325.07812	3304050372301	0.50879	0.31486	8324.90332	0.17480	10865	1	0.52941	0.28837	1	0.49651	0.32431	1	0.51296	0.30634	1	0.45752	0.54088	13.58097	1.03582	1	0.72166	0.56375	13.48977	1.03582	1	-0.01072	-0.01057	0.67418	0.00370	1	0.05658	-0.01506	0.66715	0.00417	1	1.45898	0.81042	0	
1234171	8325.08398	3304050438077	0.50872	0.31446	8324.90332	0.18066	10865	1	0.52628	0.30549	1	0.48732	0.30157	1	0.50680	0.30353	1	0.45737	0.54091	13.20493	1.03582	1	0.72155	0.56378	13.42446	1.03582	1	-0.01072	-0.01057	0.67418	0.00370	1	0.05658	-0.01506	0.66715	0.00416	1	1.45898	0.81042	0	
1234172	8325.09082	3304050505847	0.50865	0.31408	8324.90332	0.18750	10865	1	0.52628	0.30549	1	0.48732	0.30157	1	0.50680	0.30353	1	0.45721	0.54118	13.27559	1.03582	1	0.72157	0.56369	13.29889	1.03582	1	-0.01072	-0.01047	0.67418	0.00376	1	0.05658	-0.01506	0.66715	0.00421	1	1.45898	0.81042	0	
1234173	8325.09766	3304050573598	0.50824	0.31415	8324.90332	0.19434	10865	1	0.51210	0.31108	1	0.48004	0.32098	1	0.49607	0.31603	1	0.45717	0.54095	13.22373	1.03582	1	0.72146	0.56389	13.43788	1.03582	1	-0.01072	-0.01047	0.67418	0.00364	1	0.05658	-0.01506	0.66715	0.00416	1	1.45898	0.81042	0	
1234174	8325.10449	3304050640812	0.50810	0.31364	8324.90332	0.20117	10865	1	0.53222	0.29668	1	0.47573	0.30031	1	0.50397	0.29850	1	0.45717	0.54069	13.18004	1.03582	1	0.72130	0.56365	13.69416	1.03582	1	-0.01072	-0.01047	0.67418	0.00365	1	0.05658	-0.01506	0.66715	0.00423	1	1.45898	0.81042	0	
1234175	8325.11133	3304050705741	0.50797	0.31317	8324.90332	0.20801	10865	1	0.53222	0.29668	1	0.47573	0.30031	1	0.50397	0.29850	1	0.45727	0.54076	13.17751	1.03582	1	0.72148	0.56319	13.44216	1.03582	1	-0.01087	-0.01056	0.68351	0.00366	1	0.05658	-0.01506	0.66715	0.00433	1	1.45898	0.81042	0	
1234176	8325.11816	3304050774235	0.50830	0.31355	8324.90332	0.21484	10865	1	0.53771	0.33015	1	0.49998	0.32114	1	0.51884	0.32565	1	0.45722	0.54097	13.31825	1.03582	1	0.72180	0.56376	13.41375	1.03582	1	-0.01087	-0.01056	0.68351	0.00368	1	0.05658	-0.01506	0.66715	0.00422	1	1.45898	0.81042	0	
1234177	8325.12402	3304050840080	0.50849	0.31409	8324.90332	0.22070	10865	1	0.54514	0.30690	1	0.48450	0.35719	1	0.51482	0.33204	1	0.45729	0.54076	13.20432	1.03582	1	0.72147	0.56423	13.08491	1.03582	1	-0.01087	-0.01056	0.68351	0.00364	1	0.05658	-0.01506	0.66715	0.00410	1	1.45898	0.81042	0	
1234178	8325.13086	3304050907789	0.50867	0.31460	8324.90332	0.22754	10865	1	0.54514	0.30690	1	0.48450	0.35719	1	0.51482	0.33204	1	0.45731	0.54080	13.34923	1.03582	1	0.72166	0.56295	12.91974	1.03582	1	-0.01072	-0.01057	0.67418	0.00364	1	0.05658	-0.01506	0.66715	0.00440	1	1.45898	0.81042	0	
1234179	8325.13770	3304050973653	0.50864	0.31470	8324.90332	0.23438	10865	1	0.52822	0.29926	1	0.48698	0.33708	1	0.50760	0.31817	1	0.45699	0.54081	13.16916	1.03582	1	0.72150	0.56413	13.44688	1.03582	1	-0.01072	-0.01057	0.67418	0.00370	1	0.05658	-0.01506	0.66715	0.00393	1	1.45898	0.81042	0	
1234180	8325.14453	3304051041688	0.50848	0.31418	8324.90332	0.24121	10865	1	0.52474	0.25517	1	0.48073	0.33583	1	0.50273	0.29550	1	0.45705	0.54015	12.68037	1.03582	1	0.72147	0.56405	13.35476	1.03582	1	-0.01072	-0.01057	0.67418	0.00405	1	0.05658	-0.01506	0.66715	0.00398	1	1.45898	0.81042	0	
1234181	8325.15137	3304051108649	0.50834	0.31388	8324.90332	0.24805	10865	1	0.52560	0.26232	1	0.48038	0.34253	1	0.50299	0.30243	1	0.45697	0.54006	12.49611	1.02780	1	0.72161	0.56349	13.09767	1.02780	1	-0.01062	-0.01033	0.66522	0.00413	1	0.05658	-0.01506	0.66715	0.00412	1	1.45898	0.81042	0	
1234182	8325.15820	3304051175038	0.50846	0.31433	8324.90332	0.25488	10865	1	0.53334	0.33597	1	0.49301	0.32729	1	0.51317	0.33163	1	0.45717	0.54096	13.30083	1.01978	1	0.72165	0.56365	13.08734	1.01978	1	-0.01062	-0.01033	0.66522	0.00366	1	0.05658	-0.01506	0.66715	0.00417	1	1.45898	0.81042	0	
1234183	8325.16406	3304051240179	0.50860	0.31515	8324.90332	0.26074	10865	1	0.53124	0.34317	1	0.49666	0.35116	1	0.51395	0.34716	1	0.45708	0.54060	13.06376	1.01177	1	0.72171	0.56403	13.07016	1.01177	1	-0.01062	-0.01033	0.66522	0.00369	1	0.05658	-0.01506	0.66715	0.00401	1	1.45898	0.81042	0	
1234184	8325.17090	3304051305151	0.50873	0.31593	8324.90332	0.26758	10865	1	0.53124	0.34317	1	0.49666	0.35116	1	0.51395	0.34716	1	0.45715	0.54053	12.84229	1.01177	1	0.72174	0.56413	13.17252	1.01177	1	-0.01087	-0.01056	0.68351	0.00363	1	0.05658	-0.01496	0.66715	0.00402	1	1.45898	0.81042	0	
1234185	8325.17773	3304051374578	0.50871	0.31635	8324.90332	0.27441	10865	1	0.52766	0.29714	1	0.48799	0.36966	1	0.50783	0.33340	1	0.45707	0.54068	13.03562	1.01978	1	0.72162	0.56434	13.60383	1.01978	1	-0.01087	-0.01056	0.68351	0.00373	1	0.05658	-0.01496	0.66715	0.00410	1	1.45898	0.81042	0	
1234186	8325.18457	3304051439333	0.50887	0.31692	8324.90332	0.28125	10865	1	0.54728	0.30117	1	0.48433	0.38079	1	0.51581	0.34098	1	0.45730	0.54062	13.12024	1.02780	1	0.72156	0.56405	13.74981	1.02780	1	-0.01087	-0.01056	0.68351	0.00369	1	0.05658	-0.01496	0.66715	0.00405	1	1.45898	0.81042	0	
1234187	8325.19141	3304051506944	0.50903	0.31732	8324.90332	0.28809	10865	1	0.54657	0.29432	1	0.48471	0.37438	1	0.51564	0.33435	1	0.45733	0.54072	13.15035	1.03582	1	0.72159	0.56354	13.54703	1.03582	1	-0.01087	-0.01056	0.68351	0.00380	1	0.05658	-0.01496	0.66715	0.00414	1	1.45898	0.81042	0	
1234188	8325.19824	3304051572998	0.50917	0.31681	8324.90332	0.29492	10865	1	0.55676	0.28364	1	0.47421	0.30568	1	0.51549	0.29466	1	0.45759	0.54065	12.88511	1.03582	1	0.72135	0.56329	13.52693	1.03582	1	-0.01087	-0.01056	0.68351	0.00401	1	0.05658	-0.01496	0.66715	0.00403	1	1.45898	0.81042	0	
1234189	8325.20508	3304051642022	0.50942	0.31823	8324.90332	0.30176	10865	1	0.55652	0.37612	1	0.48499	0.38776	1	0.52075	0.38194	1	0.45745	0.54074	12.87071	1.03582	1	0.72159	0.56363	13.21573	1.03582	1	-0.01087	-0.01056	0.68351	0.00392	1	0.05658	-0.01496	0.66715	0.00423	1	1.45898	0.81042	0	
1234190	8325.21094	3304051708482	0.50967	0.31972	8324.90332	0.30762	10865	1	0.55716	0.38233	1	0.48461	0.39407	1	0.52089	0.38820	1	0.45715	0.54066	12.57872	1.02780	1	0.72176	0.56309	13.07772	1.02780	1	-0.01051	-0.01017	0.65798	0.00391	1	0.05554	-0.01464	0.65495	0.00423	1	1.45898	0.81042	0	
1234191	8325.21777	3304051776571	0.51003	0.32096	8324.90332	0.31445	10865	1	0.55444	0.39719	1	0.50007	0.36115	1	0.52725	0.37917	1	0.45744	0.54082	12.91467	1.01978	1	0.72174	0.56314	13.19777	1.01978	1	-0.01051	-0.01017	0.65798	0.00382	1	0.05554	-0.01464	0.65495	0.00401	1	1.45898	0.81042	0	
1234192	8325.22461	3304051845167	0.51560	0.34768	8324.90332	0.31445	10865	0	0.54409	0.40172	1	0.49488	0.38052	1	0.51948	0.39112	1	0.45729	0.54064	12.84394	1.01177	1	0.72174	0.56326	13.24859	1.01177	1	-0.01051	-0.01017	0.65798	0.00382	1	0.05554	-0.01464	0.65495	0.00404	1	1.45898	0.81042	0	
1234193	8325.23145	3304051912436	0.51754	0.36940	8324.90332	0.31445	10865	0	0.54409	0.40172	1	0.49488	0.38052	1	0.51948	0.39112	1	0.45756	0.54076	13.16997	1.01177	1	0.72153	0.56294	13.49145	1.01177	1	-0.01087	-0.01056	0.68351	0.00392	1	0.05554	-0.01464	0.65495	0.00409	1	1.45898	0.81042	0	
1234194	8325.23828	3304051979540	0.51903	0.37120	8324.90332	0.31445	10865	0	0.56504	0.41094	1	0.47899	0.33866	1	0.52202	0.37480	1	0.45763	0.54082	12.99131	1.01978	1	0.72140	0.56298	13.34958	1.01978	1	-0.01087	-0.01056	0.68351	0.00387	1	0.05554	-0.01464	0.65495	0.00405	1	1.45898	0.81042	0	
1234195	8325.24512	3304052045975	0.51651	0.37341	8325.22461	0.02051	10866	1	0.51318	0.38448	1	0.50470	0.37556	1	0.50894	0.38002	1	0.45670	0.54067	12.80699	1.02780	1	0.72183	0.56335	13.17758	1.02780	1	-0.01087	-0.01056	0.68351	0.00389	1	0.05554	-0.01464	0.65495	0.00412	1	1.45898	0.81042	0	
1234196	8325.25195	3304052113558	0.51495	0.37346	8325.22461	0.02734	10866	1	0.51224	0.37827	1	0.50523	0.36909	1	0.50873	0.37368	1	0.45703	0.53819	12.78809	1.03582	1	0.72154	0.56294	13.02691	1.03582	1	-0.01087	-0.01056	0.68351	0.00252	1	0.05658	-0.01486	0.66715	0.00407	1	1.45898	0.81042	0	
1234197	8325.25879	3304052179874	0.51334	0.35213	8325.22461	0.03418	10866	1	0.52313	0.15845	1	0.48744	0.33252	1	0.50528	0.24548	1	0.45724	0.53813	12.80388	1.03582	1	0.72152	0.56296	13.04153	1.03582	1	-0.01087	-0.01056	0.68351	0.00244	1	0.05658	-0.01486	0.66715	0.00406	1	1.45898	0.81042	0	
1234198	8325.26562	3304052247420	0.51041	0.33658	8325.22461	0.04102	10866	1	0.49865	0.16533	1	0.48693	0.32119	1	0.49279	0.24326	1	0.45714	0.53826	12.73723	1.03582	1	0.72151	0.56291	12.98395	1.03582	1	-0.01087	-0.01056	0.68351	0.00246	1	0.05658	-0.01486	0.66715	0.00413	1	1.45898	0.81042	0	
1234199	8325.27246	3304052315603	0.50823	0.32451	8325.22461	0.04785	10866	1	0.49865	0.16533	1	0.48730	0.31467	1	0.49297	0.24000	1	0.45724	0.53813	12.80388	1.03582	1	0.72146	0.56309	13.21990	1.04348	1	-0.01087	-0.01056	0.68351	0.00244	1	0.05824	-0.01528	0.68614	0.00403	1	1.45898	0.81042	0	
1234200	8325.27832	3304052381315	0.50749	0.32430	8325.22461	0.05371	10866	1	0.52251	0.31355	1	0.48061	0.33175	1	0.50156	0.32265	1	0.45771	0.53994	12.11978	1.04348	1	0.72146	0.56301	13.12101	1.05114	1	-0.01087	-0.01056	0.68351	0.00406	1	0.05824	-0.01528	0.68614	0.00406	1	1.45898	0.81042	0	
1234201	8325.28516	3304052448429	0.50703	0.32295	8325.22461	0.06055	10866	1	0.52147	0.30287	1	0.48429	0.31877	1	0.50288	0.31082	1	0.45771	0.53994	12.11978	1.05114	1	0.72147	0.56305	13.12676	1.05879	1	-0.01087	-0.01056	0.68351	0.00406	1	0.05824	-0.01528	0.68614	0.00393	1	1.45898	0.81042	0	
1234202	8325.29199	3304052515137	0.50667	0.32155	8325.22461	0.06738	10866	1	0.52151	0.30316	1	0.48467	0.31182	1	0.50309	0.30749	1	0.45802	0.54023	12.96487	1.05078	1	0.72148	0.56333	13.12280	1.06712	1	-0.01050	-0.01025	0.66339	0.00366	1	0.05902	-0.01547	0.69469	0.00399	1	1.45898	0.81042	0	
1234203	8325.29883	3304052582170	0.50633	0.32071	8325.22461	0.07422	10866	1	0.53010	0.34440	1	0.47502	0.27856	1	0.50256	0.31148	1	0.45786	0.54041	12.61047	1.05910	1	0.72134	0.56279	12.85146	1.06778	1	-0.01050	-0.01025	0.66339	0.00378	1	0.05902	-0.01547	0.69469	0.00444	1	1.45898	0.81042	0	
1234204	8325.30566	3304052649413	0.50718	0.31929	8325.22461	0.08105	10866	1	0.54332	0.31339	1	0.49154	0.29119	1	0.51743	0.30229	1	0.45811	0.54027	13.00886	1.05976	1	0.72158	0.56312	13.09452	1.06845	1	-0.01050	-0.01025	0.66339	0.00364	1	0.05902	-0.01547	0.69469	0.00404	1	1.45898	0.81042	0	
1234205	8325.31250	3304052717032	0.50790	0.31830	8325.22461	0.08789	10866	1	0.54326	0.31284	1	0.49113	0.29804	1	0.51720	0.30544	1	0.45763	0.54019	12.07452	1.06043	1	0.72173	0.56305	12.89058	1.06043	1	-0.01050	-0.01025	0.66339	0.00371	1	0.05758	-0.01513	0.67718	0.00401	1	1.45898	0.81042	0	
1234206	8325.31934	3304052784531	0.50698	0.31922	8325.22461	0.09473	10866	1	0.51387	0.31962	1	0.47444	0.34464	1	0.49416	0.33213	1	0.45767	0.54025	12.08713	1.06043	1	0.72166	0.56322	12.82846	1.05175	1	-0.01050	-0.01025	0.66339	0.00376	1	0.05758	-0.01513	0.67718	0.00399	1	1.45898	0.81042	0	
1234207	8325.32520	3304052850762	0.50519	0.31849	8325.22461	0.10059	10866	1	0.50990	0.30729	1	0.44687	0.30775	1	0.47838	0.30752	1	0.45757	0.54015	12.04109	1.05175	1	0.72166	0.56283	12.80640	1.04307	1	-0.01050	-0.01025	0.66339	0.00379	1	0.05758	-0.01513	0.67718	0.00413	1	1.45898	0.81042	0	
1234208	8325.33203	3304052917236	0.50364	0.31847	8325.22461	0.10742	10866	1	0.51092	0.31450	1	0.44668	0.32171	1	0.47880	0.31810	1	0.45772	0.54024	12.31118	1.04307	1	0.72163	0.56323	12.79591	1.02673	1	-0.01032	-0.01017	0.65838	0.00375	1	0.05611	-0.01473	0.65927	0.00399	1	1.45898	0.81042	0	
1234209	8325.33887	3304052982854	0.50410	0.32017	8325.22461	0.11426	10866	1	0.53595	0.35658	1	0.48789	0.34143	1	0.51192	0.34901	1	0.45791	0.54052	12.70013	1.02673	1	0.72229	0.56297	11.87413	1.01907	1	-0.01032	-0.01017	0.65838	0.00382	1	0.05611	-0.01473	0.65927	0.00421	1	1.45898	0.81042	0	
1234210	8325.34570	3304053047579	0.50396	0.31842	8325.22461	0.12109	10866	1	0.52885	0.18046	1	0.47414	0.39337	1	0.50149	0.28691	1	0.45794	0.53823	12.48127	1.01907	1	0.72212	0.56337	11.89833	1.01141	1	-0.01032	-0.01017	0.65838	0.00250	1	0.05611	-0.01473	0.65927	0.00419	1	1.45898	0.81042	0	
1234211	8325.35254	3304053118131	0.50384	0.31682	8325.22461	0.12793	10866	1	0.52881	0.18010	1	0.47415	0.39309	1	0.50148	0.28660	1	0.45841	0.54085	12.45245	1.01943	1	0.72259	0.56358	12.74800	1.01177	1	-0.01055	-0.01045	0.67658	0.00376	1	0.05567	-0.01467	0.65413	0.00417	1	1.45898	0.81042	0	
1234212	8325.35938	3304053184967	0.50443	0.31700	8325.22461	0.13477	10866	1	0.53086	0.20114	1	0.50184	0.43998	1	0.51635	0.32056	1	0.45797	0.53851	12.69146	1.01978	1	0.72259	0.56412	13.77260	1.01978	1	-0.01055	-0.01045	0.67658	0.00246	1	0.05567	-0.01467	0.65413	0.00395	1	1.45898	0.81042	0	
1234213	8325.36621	3304053253073	0.50456	0.31684	8325.22461	0.14160	10866	1	0.50484	0.20985	1	0.50971	0.41696	1	0.50728	0.31341	1	0.45791	0.53851	12.70484	1.02780	1	0.72272	0.56390	12.87360	1.02780	1	-0.01055	-0.01045	0.67658	0.00243	1	0.05567	-0.01467	0.65413	0.00403	1	1.45898	0.81042	0	
1234214	8325.37207	3304053318951	0.50467	0.31639	8325.22461	0.14746	10866	1	0.50385	0.20227	1	0.51028	0.41081	1	0.50706	0.30654	1	0.45835	0.54084	11.85942	1.03582	1	0.72266	0.56379	12.84202	1.03582	1	-0.01055	-0.01045	0.67658	0.00384	1	0.05567	-0.01467	0.65413	0.00396	1	1.45898	0.81042	0	
1234215	8325.37891	3304053383923	0.50521	0.31884	8325.22461	0.15430	10866	1	0.52847	0.38046	1	0.50650	0.36970	1	0.51748	0.37508	1	0.45853	0.54112	12.67872	1.03582	1	0.72268	0.56382	13.24975	1.03582	1	-0.01055	-0.01045	0.67658	0.00370	1	0.05567	-0.01467	0.65413	0.00393	1	1.45898	0.81042	0	
1234216	8325.38574	3304053452689	0.50566	0.31935	8325.22461	0.16113	10866	1	0.52368	0.33097	1	0.50945	0.33235	1	0.51657	0.33166	1	0.45851	0.54109	11.99947	1.03582	1	0.72271	0.56409	13.08269	1.03582	1	-0.01055	-0.01045	0.67658	0.00377	1	0.05567	-0.01467	0.65413	0.00401	1	1.45898	0.81042	0	
1234217	8325.39258	3304053516927	0.50610	0.31996	8325.22461	0.16797	10866	1	0.52455	0.33754	1	0.50942	0.33265	1	0.51699	0.33510	1	0.45825	0.53843	12.50284	1.02780	1	0.72251	0.56376	13.30420	1.03546	1	-0.01020	-0.01015	0.65709	0.00247	1	0.05520	-0.01458	0.64808	0.00394	1	1.45898	0.81042	0	
1234218	8325.39941	3304053584518	0.50575	0.31824	8325.22461	0.17480	10866	1	0.50551	0.15794	1	0.48801	0.38919	1	0.49676	0.27357	1	0.45828	0.53841	12.54582	1.02744	1	0.72238	0.56410	13.62593	1.03510	1	-0.01020	-0.01015	0.65709	0.00243	1	0.05520	-0.01458	0.64808	0.00401	1	1.45898	0.81042	0	
1234219	8325.40527	3304053651404	0.50462	0.31552	8325.22461	0.18066	10866	1	0.50618	0.15496	1	0.44208	0.32913	1	0.47413	0.24205	1	0.45832	0.53848	12.62839	1.02709	1	0.72231	0.56412	13.48703	1.03474	1	-0.01020	-0.01015	0.65709	0.00248	1	0.05520	-0.01458	0.64808	0.00402	1	1.45898	0.81042	0	
1234220	8325.41211	3304053717456	0.50357	0.31310	8325.22461	0.18750	10866	1	0.50623	0.15532	1	0.44203	0.33586	1	0.47413	0.24559	1	0.45873	0.54079	12.69080	1.02673	1	0.72251	0.56341	12.52841	1.02673	1	-0.01005	-0.01010	0.65371	0.00379	1	0.05546	-0.01466	0.64936	0.00432	1	1.45898	0.81042	0	
1234221	8325.41895	3304053780917	0.50260	0.31164	8325.22461	0.19434	10866	1	0.51632	0.17130	1	0.43287	0.36730	1	0.47459	0.26930	1	0.45857	0.53861	12.40138	1.02673	1	0.72225	0.56425	13.43790	1.01907	1	-0.01005	-0.01010	0.65371	0.00261	1	0.05546	-0.01466	0.64936	0.00415	1	1.45898	0.81042	0	
1234222	8325.42578	3304053851807	0.50217	0.30873	8325.22461	0.20117	10866	1	0.51896	0.12186	1	0.45928	0.32081	1	0.48912	0.22134	1	0.45863	0.53855	12.60491	1.01907	1	0.72261	0.56375	12.73610	1.01141	1	-0.01005	-0.01010	0.65371	0.00258	1	0.05546	-0.01466	0.64936	0.00431	1	1.45898	0.81042	0	
1234223	8325.43262	3304053920947	0.50176	0.30599	8325.22461	0.20801	10866	1	0.51892	0.12149	1	0.45929	0.32050	1	0.48910	0.22099	1	0.45888	0.54086	12.91306	1.01943	1	0.72289	0.56431	13.20206	1.01177	1	-0.01047	-0.01058	0.68470	0.00371	1	0.05546	-0.01466	0.64936	0.00421	1	1.45898	0.81042	0	
1234224	8325.43945	3304053987111	0.50180	0.30646	8325.22461	0.21484	10866	1	0.53471	0.31377	1	0.47144	0.32946	1	0.50307	0.32162	1	0.45868	0.54066	12.33671	1.01978	1	0.72288	0.56375	12.21531	1.01978	1	-0.01047	-0.01058	0.68470	0.00368	1	0.05546	-0.01466	0.64936	0.00418	1	1.45898	0.81042	0	
1234225	8325.44531	3304054051831	0.50187	0.30392	8325.22461	0.22070	10866	1	0.52535	0.12439	1	0.48315	0.31585	1	0.50425	0.22012	1	0.45868	0.53857	12.42894	1.02780	1	0.72306	0.56354	12.75940	1.02780	1	-0.01047	-0.01058	0.68470	0.00252	1	0.05546	-0.01466	0.64936	0.00417	1	1.45898	0.81042	0	
1234226	8325.45215	3304054120581	0.49668	0.27241	8325.22461	0.22070	10866	0	0.52449	0.11616	1	0.48352	0.30894	1	0.50401	0.21255	1	0.45920	0.54058	12.02596	1.03582	1	0.72309	0.56407	13.11427	1.03582	1	-0.01034	-0.01060	0.67606	0.00385	1	0.05546	-0.01466	0.64936	0.00404	1	1.45898	0.81042	0	
1234227	8325.45898	3304054188163	0.49298	0.25698	8325.22461	0.22070	10866	0	0.49202	0.13441	1	0.48654	0.34869	1	0.48928	0.24155	1	0.45895	0.53880	12.19661	1.03582	1	0.72306	0.56420	13.56934	1.03582	1	-0.01034	-0.01060	0.67606	0.00250	1	0.05546	-0.01466	0.64936	0.00398	1	1.45898	0.81042	0	
1234228	8325.46582	3304054256625	0.49104	0.24815	8325.22461	0.22070	10866	0	0.49171	0.12781	1	0.48262	0.33315	1	0.48717	0.23048	1	0.45895	0.53879	12.12312	1.03582	1	0.72298	0.56403	13.36885	1.03582	1	-0.01034	-0.01060	0.67606	0.00251	1	0.05546	-0.01466	0.64936	0.00404	1	1.45898	0.81042	0	
1234229	8325.47266	3304054324177	0.49025	0.24388	8325.45215	0.02051	10867	1	0.49278	0.13598	1	0.48299	0.32616	1	0.48789	0.23107	1	0.45911	0.53864	12.59639	1.02780	1	0.72328	0.56438	13.35624	1.04414	1	-0.01000	-0.01035	0.65729	0.00245	1	0.06042	-0.01600	0.70624	0.00384	1	1.45898	0.81042	0	
1234230	8325.47949	3304054390806	0.49321	0.24511	8325.45215	0.02734	10867	1	0.51613	0.13493	1	0.49398	0.36513	1	0.50505	0.25003	1	0.45923	0.53895	12.39592	1.03612	1	0.72315	0.56460	13.03676	1.05246	1	-0.01000	-0.01035	0.65729	0.00253	1	0.06042	-0.01600	0.70624	0.00409	1	1.45898	0.81042	0	
1234231	8325.48633	3304054457791	0.49280	0.24553	8325.45215	0.03418	10867	1	0.51466	0.11151	1	0.46678	0.38373	1	0.49072	0.24762	1	0.45923	0.53870	12.62381	1.04445	1	0.72314	0.56466	12.99579	1.06079	1	-0.01000	-0.01035	0.65729	0.00255	1	0.06042	-0.01600	0.70624	0.00418	1	1.45898	0.81042	0	
1234232	8325.49316	3304054526184	0.49244	0.24524	8325.45215	0.04102	10867	1	0.51372	0.10298	1	0.46677	0.38400	1	0.49025	0.24349	1	0.45913	0.54069	12.42325	1.05277	1	0.72307	0.56448	13.09667	1.06043	1	-0.00993	-0.01038	0.65913	0.00385	1	0.05819	-0.01539	0.67960	0.00413	1	1.45898	0.81042	0	
1234233	8325.50000	3304054591907	0.48928	0.25201	8325.45215	0.04785	10867	1	0.50134	0.22570	1	0.43312	0.37317	1	0.46723	0.29943	1	0.45910	0.54025	12.03475	1.06043	1	0.72297	0.56468	13.36034	1.05175	1	-0.00993	-0.01038	0.65913	0.00393	1	0.05819	-0.01539	0.67960	0.00410	1	1.45898	0.81042	0	
1234234	8325.50684	3304054659707	0.48762	0.25848	8325.45215	0.05469	10867	1	0.51145	0.24885	1	0.43722	0.37167	1	0.47434	0.31026	1	0.45915	0.54037	12.18405	1.05175	1	0.72304	0.56468	13.25098	1.04307	1	-0.00993	-0.01038	0.65913	0.00389	1	0.05819	-0.01539	0.67960	0.00411	1	1.45898	0.81042	0	
1234235	8325.51270	3304054726621	0.48634	0.26439	8325.45215	0.06055	10867	1	0.51246	0.25655	1	0.43720	0.37855	1	0.47483	0.31755	1	0.45912	0.53939	11.82610	1.04307	1	0.72288	0.56482	13.52456	1.03439	1	-0.00993	-0.01038	0.65913	0.00413	1	0.05764	-0.01530	0.67312	0.00410	1	1.45898	0.81042	0	
1234236	8325.51953	3304054792394	0.48470	0.27130	8325.45215	0.06738	10867	1	0.50975	0.27057	1	0.42676	0.41028	1	0.46825	0.34043	1	0.45914	0.54043	12.12672	1.03439	1	0.72297	0.56492	13.55847	1.03439	1	-0.00993	-0.01038	0.65913	0.00382	1	0.05764	-0.01530	0.67312	0.00410	1	1.45898	0.81042	0	
1234237	8325.52637	3304054859641	0.48292	0.27243	8325.45215	0.07422	10867	1	0.50897	0.20650	1	0.41783	0.36315	1	0.46340	0.28482	1	0.45915	0.53959	12.00465	1.03439	1	0.72278	0.56499	13.19520	1.03439	1	-0.00993	-0.01038	0.65913	0.00408	1	0.05764	-0.01530	0.67312	0.00427	1	1.45898	0.81042	0	
1234238	8325.53320	3304054926662	0.48139	0.27308	8325.45215	0.08105	10867	1	0.50801	0.19895	1	0.41782	0.36286	1	0.46292	0.28090	1	0.45918	0.54037	12.16118	1.04240	1	0.72296	0.56530	13.60430	1.03474	1	-0.01014	-0.01065	0.67634	0.00379	1	0.05654	-0.01499	0.65973	0.00413	1	1.45898	0.81042	0	
1234239	8325.54004	3304054993992	0.47976	0.27720	8325.45215	0.08789	10867	1	0.50076	0.31062	1	0.41649	0.35073	1	0.45862	0.33068	1	0.45899	0.54099	12.31675	1.04276	1	0.72269	0.56514	13.10396	1.03510	1	-0.01014	-0.01065	0.67634	0.00370	1	0.05654	-0.01499	0.65973	0.00429	1	1.45898	0.81042	0	
1234240	8325.54688	3304055060377	0.48052	0.27190	8325.45215	0.09473	10867	1	0.52957	0.14851	1	0.45271	0.24701	1	0.49114	0.19776	1	0.45950	0.53905	12.49633	1.04312	1	0.72319	0.56349	12.71792	1.03546	1	-0.01014	-0.01065	0.67634	0.00257	1	0.05654	-0.01499	0.65973	0.00472	1	1.45898	0.81042	0	
1234241	8325.55273	3304055124229	0.48118	0.26702	8325.45215	0.10059	10867	1	0.52953	0.14816	1	0.45285	0.23964	1	0.49119	0.19390	1	0.45944	0.54066	12.96416	1.04348	1	0.72320	0.56437	12.96593	1.04348	1	-0.01014	-0.01065	0.67634	0.00368	1	0.05871	-0.01568	0.68561	0.00451	1	1.45898	0.81042	0	
1234242	8325.55957	3304055192125	0.48161	0.26520	8325.45215	0.10742	10867	1	0.52897	0.15251	1	0.44789	0.31955	1	0.48843	0.23603	1	0.45940	0.53928	12.52143	1.04348	1	0.72321	0.56492	13.26034	1.05114	1	-0.01014	-0.01065	0.67634	0.00246	1	0.05871	-0.01568	0.68561	0.00426	1	1.45898	0.81042	0	
1234243	8325.56641	3304055258933	0.48151	0.26163	8325.45215	0.11426	10867	1	0.51235	0.15724	1	0.44724	0.24448	1	0.47979	0.20086	1	0.45926	0.53918	12.53909	1.05114	1	0.72320	0.56420	12.86745	1.05879	1	-0.01014	-0.01065	0.67634	0.00246	1	0.05871	-0.01568	0.68561	0.00449	1	1.45898	0.81042	0	
1234244	8325.57324	3304055326512	0.48140	0.25823	8325.45215	0.12109	10867	1	0.51147	0.14978	1	0.44724	0.24448	1	0.47935	0.19713	1	0.45988	0.54173	12.95243	1.05879	1	0.72315	0.56530	13.17951	1.05879	1	-0.01014	-0.01065	0.67634	0.00390	1	0.05601	-0.01495	0.65350	0.00422	1	1.45898	0.81042	0	
1234245	8325.57910	3304055390936	0.48210	0.26148	8325.45215	0.12695	10867	1	0.55044	0.33138	1	0.44041	0.31497	1	0.49542	0.32318	1	0.45972	0.54144	12.91327	1.05879	1	0.72309	0.56490	13.08528	1.05114	1	-0.01014	-0.01065	0.67634	0.00395	1	0.05601	-0.01495	0.65350	0.00423	1	1.45898	0.81042	0	
1234246	8325.58691	3304055459818	0.48241	0.26065	8325.45215	0.13477	10867	1	0.51878	0.16401	1	0.45856	0.32428	1	0.48867	0.24415	1	0.45938	0.53930	12.60702	1.05114	1	0.72339	0.56488	13.62876	1.04348	1	-0.01014	-0.01065	0.67634	0.00253	1	0.05601	-0.01495	0.65350	0.00414	1	1.45898	0.81042	0	
1234247	8325.59277	3304055525401	0.48271	0.26022	8325.45215	0.14062	10867	1	0.51962	0.17142	1	0.45839	0.33071	1	0.48901	0.25107	1	0.45956	0.53946	12.62979	1.04348	1	0.72360	0.56466	13.27739	1.03582	1	-0.01014	-0.01065	0.67634	0.00251	1	0.05601	-0.01495	0.65350	0.00422	1	1.45898	0.81042	0	
1234248	8325.59961	3304055594270	0.48247	0.25917	8325.45215	0.14746	10867	1	0.50094	0.17566	1	0.45349	0.29670	1	0.47722	0.23618	1	0.45956	0.53949	12.58192	1.03582	1	0.72332	0.56487	12.80078	1.03582	1	-0.01014	-0.01065	0.67634	0.00250	1	0.05601	-0.01495	0.65350	0.00409	1	1.45898	0.81042	0	
1234249	8325.60645	3304055658747	0.48217	0.25913	8325.45215	0.15430	10867	1	0.50459	0.18398	1	0.44569	0.33215	1	0.47514	0.25807	1	0.45953	0.53945	12.70575	1.03582	1	0.72317	0.56498	13.03931	1.03582	1	-0.01014	-0.01065	0.67634	0.00250	1	0.05601	-0.01495	0.65350	0.00419	1	1.45898	0.81042	0	
1234250	8325.61328	3304055725552	0.48189	0.25896	8325.45215	0.16113	10867	1	0.50459	0.18398	1	0.44577	0.32574	1	0.47518	0.25486	1	0.45971	0.54189	12.56102	1.03582	1	0.72317	0.56505	13.15282	1.04348	1	-0.01014	-0.01065	0.67634	0.00374	1	0.05819	-0.01560	0.67960	0.00413	1	1.45898	0.81042	0	
1234251	8325.62012	3304055796117	0.48266	0.26136	8325.45215	0.16797	10867	1	0.54704	0.33061	1	0.45699	0.31205	1	0.50202	0.32133	1	0.45964	0.54164	12.38336	1.04348	1	0.72335	0.56489	12.90862	1.05114	1	-0.01014	-0.01065	0.67634	0.00380	1	0.05819	-0.01560	0.67960	0.00410	1	1.45898	0.81042	0	
1234252	8325.62695	3304055864492	0.48318	0.26197	8325.45215	0.17480	10867	1	0.53508	0.27254	1	0.45851	0.28342	1	0.49679	0.27798	1	0.45959	0.54162	12.61423	1.05114	1	0.72338	0.56467	12.75545	1.05879	1	-0.01014	-0.01065	0.67634	0.00376	1	0.05819	-0.01560	0.67960	0.00410	1	1.45898	0.81042	0	
1234253	8325.63379	3304055931857	0.48366	0.26231	8325.45215	0.18164	10867	1	0.53434	0.26593	1	0.45868	0.27679	1	0.49651	0.27136	1	0.45964	0.54169	12.76328	1.05879	1	0.72330	0.56468	12.86989	1.06645	1	-0.01018	-0.01080	0.67912	0.00377	1	0.05819	-0.01560	0.67960	0.00416	1	1.45898	0.81042	0	
1234254	8325.64062	3304055998414	0.48498	0.26463	8325.45215	0.18848	10867	1	0.59079	0.36233	1	0.45311	0.29695	1	0.52195	0.32964	1	0.46037	0.54235	13.17911	1.06645	1	0.72330	0.56486	12.90395	1.06645	1	-0.01018	-0.01080	0.67912	0.00383	1	0.05819	-0.01560	0.67960	0.00414	1	1.45898	0.81042	0	
1234255	8325.64746	3304056065416	0.48534	0.26319	8325.45215	0.19531	10867	1	0.51769	0.17792	1	0.47380	0.26477	1	0.49575	0.22135	1	0.45943	0.54062	12.69188	1.06645	1	0.72360	0.56460	13.50919	1.06645	1	-0.01018	-0.01080	0.67912	0.00417	1	0.05819	-0.01560	0.67960	0.00413	1	1.45898	0.81042	0	
1234256	8325.65332	3304056132313	0.48568	0.26184	8325.45215	0.20117	10867	1	0.51769	0.17792	1	0.47380	0.26477	1	0.49575	0.22135	1	0.45943	0.54048	12.67042	1.06645	1	0.72341	0.56523	13.94334	1.06645	1	-0.01014	-0.01070	0.67634	0.00412	1	0.05819	-0.01560	0.67960	0.00390	1	1.45898	0.81042	0	
1234257	8325.66016	3304056199032	0.48545	0.26230	8325.45215	0.20801	10867	1	0.52398	0.18911	1	0.43309	0.36456	1	0.47854	0.27683	1	0.45951	0.54066	12.52743	1.06645	1	0.72297	0.56565	13.36034	1.06645	1	-0.01014	-0.01070	0.67634	0.00410	1	0.05819	-0.01560	0.67960	0.00411	1	1.45898	0.81042	0	
1234258	8325.66699	3304056266402	0.48570	0.26187	8325.45215	0.21484	10867	1	0.52477	0.19213	1	0.46266	0.30361	1	0.49371	0.24787	1	0.45943	0.54074	12.55840	1.06645	1	0.72301	0.56505	13.11185	1.06645	1	-0.01014	-0.01070	0.67634	0.00403	1	0.05819	-0.01560	0.67960	0.00403	1	1.45898	0.81042	0	
1234259	8325.67383	3304056333414	0.48594	0.26146	8325.45215	0.22168	10867	1	0.52477	0.19213	1	0.46266	0.30361	1	0.49371	0.24787	1	0.45940	0.54067	12.50825	1.06645	1	0.72314	0.56521	13.29888	1.06645	1	-0.01014	-0.01080	0.67634	0.00403	1	0.05819	-0.01560	0.67960	0.00418	1	1.45898	0.81042	0	
1234260	8325.68066	3304056400241	0.48584	0.26179	8325.45215	0.22852	10867	1	0.51918	0.19182	1	0.44614	0.35476	1	0.48266	0.27329	1	0.45937	0.54079	12.40007	1.06645	1	0.72281	0.56557	13.08184	1.06645	1	-0.01014	-0.01080	0.67634	0.00406	1	0.05819	-0.01560	0.67960	0.00419	1	1.45898	0.81042	0	
1234261	8325.68750	3304056466821	0.48574	0.26216	8325.45215	0.23535	10867	1	0.52071	0.17368	1	0.44314	0.37649	1	0.48193	0.27509	1	0.45950	0.54046	12.72504	1.06645	1	0.72277	0.56569	13.06006	1.06645	1	-0.01014	-0.01080	0.67634	0.00413	1	0.05819	-0.01560	0.67960	0.00428	1	1.45898	0.81042	0	
1234262	8325.69434	3304056535175	0.48564	0.26270	8325.45215	0.24219	10867	1	0.52157	0.18125	1	0.44308	0.38267	1	0.48232	0.28196	1	0.45906	0.54087	11.97649	1.05844	1	0.72288	0.56575	13.02815	1.05844	1	-0.01012	-0.01073	0.67163	0.00423	1	0.05819	-0.01560	0.67960	0.00423	1	1.45898	0.81042	0	
1234263	8325.70020	3304056601310	0.48596	0.26377	8325.45215	0.24805	10867	1	0.50440	0.23949	1	0.49061	0.36743	1	0.49751	0.30346	1	0.45914	0.54107	11.93275	1.05042	1	0.72314	0.56542	12.78364	1.05042	1	-0.01012	-0.01073	0.67163	0.00417	1	0.05819	-0.01560	0.67960	0.00412	1	1.45898	0.81042	0	
1234264	8325.70703	3304056668290	0.48630	0.26526	8325.45215	0.25488	10867	1	0.51660	0.23884	1	0.48207	0.40497	1	0.49934	0.32191	1	0.45930	0.54102	12.13286	1.04240	1	0.72305	0.56587	13.37899	1.04240	1	-0.01012	-0.01073	0.67163	0.00415	1	0.05819	-0.01560	0.67960	0.00413	1	1.45898	0.81042	0	
1234265	8325.71387	3304056734445	0.48662	0.26675	8325.45215	0.26172	10867	1	0.51660	0.23884	1	0.48173	0.41083	1	0.49917	0.32483	1	0.45926	0.54091	12.04146	1.04240	1	0.72326	0.56554	12.91086	1.03474	1	-0.01028	-0.01089	0.67860	0.00416	1	0.05546	-0.01495	0.64936	0.00402	1	1.45898	0.81042	0	
1234266	8325.72070	3304056802956	0.48708	0.26737	8325.45215	0.26855	10867	1	0.51891	0.23273	1	0.49194	0.35174	1	0.50542	0.29224	1	0.45923	0.54109	11.83404	1.04276	1	0.72312	0.56562	13.34579	1.03510	1	-0.01028	-0.01089	0.67860	0.00403	1	0.05546	-0.01495	0.64936	0.00396	1	1.45898	0.81042	0	
1234267	8325.72754	3304056869339	0.48754	0.26774	8325.45215	0.27539	10867	1	0.51385	0.23547	1	0.49869	0.32982	1	0.50627	0.28265	1	0.45925	0.54116	11.84434	1.04312	1	0.72329	0.56542	13.17595	1.03546	1	-0.01028	-0.01089	0.67860	0.00405	1	0.05546	-0.01495	0.64936	0.00396	1	1.45898	0.81042	0	
1234268	8325.73438	3304056935659	0.48798	0.26824	8325.45215	0.28223	10867	1	0.51473	0.24241	1	0.49823	0.33629	1	0.50648	0.28935	1	0.45909	0.54141	12.06202	1.03546	1	0.72319	0.56541	13.51049	1.02780	1	-0.01000	-0.01055	0.65730	0.00392	1	0.05546	-0.01495	0.64936	0.00402	1	1.45898	0.81042	0	
1234269	8325.74121	3304057003129	0.48811	0.26893	8325.45215	0.28906	10867	1	0.49927	0.27355	1	0.48853	0.32338	1	0.49390	0.29846	1	0.45906	0.54134	11.84744	1.01978	1	0.72308	0.56516	13.20960	1.01978	1	-0.01000	-0.01055	0.65730	0.00397	1	0.05546	-0.01495	0.64936	0.00407	1	1.45898	0.81042	0	
1234270	8325.74707	3304057070008	0.48851	0.27035	8325.45215	0.29492	10867	1	0.51140	0.30512	1	0.50044	0.36108	1	0.50592	0.33310	1	0.45907	0.54134	11.95441	1.01177	1	0.72337	0.56568	13.18500	1.01177	1	-0.01000	-0.01055	0.65730	0.00399	1	0.05546	-0.01495	0.64936	0.00399	1	1.45898	0.81042	0	
1234271	8325.75391	3304057137224	0.49724	0.30079	8325.45215	0.29492	10867	0	0.51140	0.30512	1	0.50044	0.36108	1	0.50592	0.33310	1	0.45907	0.54153	12.00918	1.01177	1	0.72263	0.56610	14.01732	1.01177	1	-0.01047	-0.01099	0.68470	0.00382	1	0.05652	-0.01529	0.66177	0.00413	1	1.45898	0.81042	0	
1234272	8325.76074	3304057204135	0.48555	0.33615	8325.45215	0.29492	10867	0	0.49826	0.34481	1	0.44947	0.39822	1	0.47386	0.37151	1	0.45880	0.54195	12.40662	1.01978	1	0.72253	0.56610	14.13974	1.01978	1	-0.01047	-0.01099	0.68470	0.00399	1	0.05652	-0.01529	0.66177	0.00420	1	1.45898	0.81042	0	
1234273	8325.76758	3304057267432	0.49028	0.34108	8325.45215	0.29492	10867	0	0.54812	0.35554	1	0.45137	0.34633	1	0.49975	0.35094	1	0.45891	0.54245	13.37569	1.02780	1	0.72247	0.56613	14.09154	1.02780	1	-0.01047	-0.01099	0.68470	0.00386	1	0.05652	-0.01529	0.66177	0.00420	1	1.45898	0.81042	0	
1234274	8325.77441	3304057336758	0.49258	0.34191	8325.75391	0.02051	10868	1	0.54742	0.34912	1	0.45150	0.33968	1	0.49946	0.34440	1	0.45882	0.54182	13.11118	1.03582	1	0.72245	0.56629	14.07656	1.03582	1	-0.01047	-0.01099	0.68470	0.00373	1	0.05546	-0.01505	0.64936	0.00405	1	1.45898	0.81042	0	
1234275	8325.78125	3304057405774	0.49665	0.34132	8325.75391	0.02734	10868	1	0.55611	0.35692	1	0.46980	0.32096	1	0.51296	0.33894	1	0.45904	0.54251	13.07815	1.03582	1	0.72241	0.56583	13.10642	1.03582	1	-0.01047	-0.01099	0.68470	0.00392	1	0.05546	-0.01505	0.64936	0.00410	1	1.45898	0.81042	0	
1234276	8325.78809	3304057472096	0.50014	0.34324	8325.75391	0.03418	10868	1	0.54559	0.37377	1	0.48952	0.33198	1	0.51755	0.35288	1	0.45896	0.54256	13.06204	1.03582	1	0.72237	0.56588	13.35529	1.03582	1	-0.01047	-0.01099	0.68470	0.00395	1	0.05546	-0.01505	0.64936	0.00409	1	1.45898	0.81042	0	
1234277	8325.79492	3304057539772	0.50265	0.34554	8325.75391	0.04102	10868	1	0.54631	0.38000	1	0.48911	0.33872	1	0.51771	0.35936	1	0.45902	0.54285	13.29981	1.02780	1	0.72237	0.56593	13.13365	1.02780	1	-0.01005	-0.01049	0.65371	0.00383	1	0.05545	-0.01508	0.65049	0.00401	1	1.45898	0.81042	0	
1234278	8325.80078	3304057605999	0.50422	0.34372	8325.75391	0.04688	10868	1	0.53008	0.31682	1	0.50033	0.34506	1	0.51521	0.33094	1	0.45871	0.54286	13.30389	1.01978	1	0.72252	0.56589	13.27032	1.01978	1	-0.01005	-0.01049	0.65371	0.00381	1	0.05545	-0.01508	0.65049	0.00392	1	1.45898	0.81042	0	
1234279	8325.80762	3304057672947	0.50541	0.34124	8325.75391	0.05371	10868	1	0.53173	0.31951	1	0.49827	0.32325	1	0.51500	0.32138	1	0.45871	0.54286	13.30389	1.01177	1	0.72245	0.56562	13.08250	1.01177	1	-0.01005	-0.01049	0.65371	0.00381	1	0.05545	-0.01508	0.65049	0.00391	1	1.45898	0.81042	0	
1234280	8325.81445	3304057739982	0.50637	0.33925	8325.75391	0.06055	10868	1	0.53173	0.31951	1	0.49827	0.32325	1	0.51500	0.32138	1	0.45849	0.54268	12.28952	1.01177	1	0.72236	0.56580	13.01188	1.01177	1	-0.01055	-0.01086	0.67658	0.00390	1	0.05611	-0.01523	0.65927	0.00401	1	1.45898	0.81042	0	
1234281	8325.82129	3304057806880	0.50424	0.34325	8325.75391	0.06738	10868	1	0.51765	0.36458	1	0.44812	0.40184	1	0.48289	0.38321	1	0.45809	0.54249	13.11030	1.01978	1	0.72168	0.56611	14.13252	1.01978	1	-0.01055	-0.01086	0.67658	0.00384	1	0.05611	-0.01523	0.65927	0.00420	1	1.45898	0.81042	0	
1234282	8325.82812	3304057874390	0.50431	0.34506	8325.75391	0.07422	10868	1	0.54191	0.32612	1	0.46826	0.40386	1	0.50509	0.36499	1	0.45812	0.54239	13.17167	1.02780	1	0.72204	0.56598	13.74214	1.02780	1	-0.01055	-0.01086	0.67658	0.00382	1	0.05611	-0.01523	0.65927	0.00418	1	1.45898	0.81042	0	
1234283	8325.83496	3304057940846	0.50438	0.34636	8325.75391	0.08105	10868	1	0.54191	0.32612	1	0.46850	0.39792	1	0.50521	0.36202	1	0.45789	0.54224	12.68625	1.02780	1	0.72186	0.56610	13.25993	1.03546	1	-0.01030	-0.01054	0.65695	0.00383	1	0.05790	-0.01568	0.68094	0.00421	1	1.45898	0.81042	0	
1234284	8325.84082	3304058006498	0.50454	0.34573	8325.75391	0.08691	10868	1	0.51870	0.28913	1	0.49475	0.38592	1	0.50672	0.33753	1	0.45776	0.54271	12.96096	1.02744	1	0.72170	0.56615	13.67384	1.03510	1	-0.01030	-0.01054	0.65695	0.00382	1	0.05790	-0.01568	0.68094	0.00405	1	1.45898	0.81042	0	
1234285	8325.84766	3304058074781	0.50565	0.34424	8325.75391	0.09375	10868	1	0.52579	0.27929	1	0.51654	0.36732	1	0.52116	0.32330	1	0.45779	0.54268	13.18579	1.02709	1	0.72197	0.56583	13.82860	1.03474	1	-0.01030	-0.01054	0.65695	0.00381	1	0.05790	-0.01568	0.68094	0.00402	1	1.45898	0.81042	0	
1234286	8325.85449	3304058141777	0.50660	0.34272	8325.75391	0.10059	10868	1	0.52497	0.27257	1	0.51654	0.36732	1	0.52075	0.31994	1	0.45777	0.54270	13.80140	1.03474	1	0.72149	0.56515	13.32362	1.03474	1	-0.01072	-0.01082	0.67418	0.00380	1	0.05554	-0.01503	0.65495	0.00406	1	1.45898	0.81042	0	
1234287	8325.86133	3304058208743	0.50580	0.34386	8325.75391	0.10742	10868	1	0.52802	0.30773	1	0.45816	0.41641	1	0.49309	0.36207	1	0.45750	0.54299	13.57406	1.04276	1	0.72108	0.56590	14.05106	1.03510	1	-0.01072	-0.01082	0.67418	0.00372	1	0.05554	-0.01503	0.65495	0.00416	1	1.45898	0.81042	0	
1234288	8325.86816	3304058275956	0.50583	0.34386	8325.75391	0.11426	10868	1	0.53536	0.30254	1	0.47745	0.38530	1	0.50640	0.34392	1	0.45715	0.54271	13.17238	1.04312	1	0.72142	0.56555	13.80236	1.03546	1	-0.01072	-0.01082	0.67418	0.00367	1	0.05554	-0.01503	0.65495	0.00412	1	1.45898	0.81042	0	
1234289	8325.87500	3304058343075	0.50588	0.34419	8325.75391	0.12109	10868	1	0.53610	0.30898	1	0.47714	0.39134	1	0.50662	0.35016	1	0.45718	0.54290	13.38014	1.03546	1	0.72117	0.56613	14.09458	1.02780	1	-0.01041	-0.01046	0.65195	0.00383	1	0.05554	-0.01503	0.65495	0.00421	1	1.45898	0.81042	0	
1234290	8325.88184	3304058409337	0.50598	0.34435	8325.75391	0.12793	10868	1	0.53156	0.29788	1	0.48431	0.39672	1	0.50794	0.34730	1	0.45711	0.54262	12.97392	1.01978	1	0.72113	0.56555	13.81371	1.01978	1	-0.01041	-0.01046	0.65195	0.00387	1	0.05554	-0.01503	0.65495	0.00417	1	1.45898	0.81042	0	
1234291	8325.88770	3304058476186	0.50637	0.34524	8325.75391	0.13379	10868	1	0.53419	0.32409	1	0.49407	0.40213	1	0.51413	0.36311	1	0.45723	0.54264	13.01470	1.01177	1	0.72092	0.56560	13.25563	1.01177	1	-0.01041	-0.01046	0.65195	0.00383	1	0.05554	-0.01503	0.65495	0.00426	1	1.45898	0.81042	0	
1234292	8325.89453	3304058543757	0.50673	0.34635	8325.75391	0.14062	10868	1	0.53501	0.33087	1	0.49361	0.40847	1	0.51431	0.36967	1	0.45694	0.54273	12.35105	1.00375	1	0.72060	0.56497	13.98273	1.00375	1	-0.01114	-0.01109	0.69110	0.00381	1	0.05704	-0.01549	0.67505	0.00409	1	1.45898	0.81042	0	
1234293	8325.90137	3304058610763	0.50646	0.34541	8325.75391	0.14746	10868	1	0.50254	0.31063	1	0.49860	0.33881	1	0.50057	0.32472	1	0.45656	0.54249	13.16715	1.00375	1	0.72089	0.56434	13.09548	1.00375	1	-0.01114	-0.01109	0.69110	0.00385	1	0.05704	-0.01549	0.67505	0.00420	1	1.45898	0.81042	0	
1234294	8325.90820	3304058677850	0.50665	0.34557	8325.75391	0.15430	10868	1	0.52560	0.36201	1	0.49651	0.33650	1	0.51105	0.34926	1	0.45685	0.54306	14.08653	1.00375	1	0.72095	0.56459	13.10027	1.00375	1	-0.01114	-0.01109	0.69110	0.00374	1	0.05704	-0.01549	0.67505	0.00421	1	1.45898	0.81042	0	
1234295	8325.91504	3304058744782	0.50682	0.34545	8325.75391	0.16113	10868	1	0.52472	0.35548	1	0.49699	0.32958	1	0.51085	0.34253	1	0.45683	0.54258	13.45616	1.01177	1	0.72069	0.56436	13.46773	1.01177	1	-0.01102	-0.01092	0.68016	0.00382	1	0.05704	-0.01544	0.67505	0.00439	1	1.45898	0.81042	0	
1234296	8325.92090	3304058807580	0.50684	0.34478	8325.75391	0.16699	10868	1	0.54614	0.33524	1	0.46836	0.32078	1	0.50725	0.32801	1	0.45655	0.54254	13.49855	1.01978	1	0.72047	0.56475	13.98306	1.01978	1	-0.01102	-0.01092	0.68016	0.00382	1	0.05704	-0.01544	0.67505	0.00434	1	1.45898	0.81042	0	
1234297	8325.92871	3304058878578	0.50679	0.34443	8325.75391	0.17480	10868	1	0.53682	0.30351	1	0.47411	0.36702	1	0.50547	0.33526	1	0.45643	0.54250	13.05166	1.02780	1	0.72049	0.56536	13.91835	1.02780	1	-0.01102	-0.01092	0.68016	0.00380	1	0.05704	-0.01544	0.67505	0.00394	1	1.45898	0.81042	0	
1234298	8325.93457	3304058945674	0.50674	0.34410	8325.75391	0.18066	10868	1	0.53682	0.30351	1	0.47411	0.36702	1	0.50547	0.33526	1	0.45651	0.54248	13.14491	1.02780	1	0.72035	0.56536	14.53908	1.02780	1	-0.01069	-0.01055	0.65719	0.00379	1	0.05704	-0.01544	0.67505	0.00401	1	1.45898	0.81042	0	
1234299	8325.94141	3304059012565	0.50674	0.34411	8325.75391	0.18750	10868	1	0.56125	0.32966	1	0.45234	0.35941	1	0.50680	0.34453	1	0.45685	0.54292	13.45961	1.01978	1	0.72020	0.56517	14.19282	1.01978	1	-0.01069	-0.01055	0.65719	0.00393	1	0.05704	-0.01544	0.67505	0.00411	1	1.45898	0.81042	0	
1234300	8325.94824	3304059079176	0.50638	0.34339	8325.75391	0.19434	10868	1	0.52488	0.31153	1	0.46698	0.33336	1	0.49593	0.32244	1	0.45624	0.54206	12.65032	1.01177	1	0.72004	0.56468	13.36207	1.01177	1	-0.01069	-0.01055	0.65719	0.00420	1	0.05704	-0.01544	0.67505	0.00447	1	1.45898	0.81042	0	
1234301	8325.95508	3304059146524	0.50605	0.34294	8325.75391	0.20117	10868	1	0.52576	0.31841	1	0.46673	0.34023	1	0.49624	0.32932	1	0.45607	0.54220	12.58824	1.00375	1	0.72012	0.56533	13.42545	1.00375	1	-0.01089	-0.01065	0.66334	0.00414	1	0.05535	-0.01501	0.65622	0.00407	1	1.45898	0.81042	0	
1234302	8325.96191	3304059211712	0.50623	0.34392	8325.75391	0.20801	10868	1	0.53272	0.34530	1	0.49094	0.40336	1	0.51183	0.37433	1	0.45637	0.54263	13.10751	1.00375	1	0.72010	0.56493	13.31238	1.00375	1	-0.01089	-0.01065	0.66334	0.00374	1	0.05535	-0.01501	0.65622	0.00410	1	1.45898	0.81042	0	
1234303	8325.96777	3304059277587	0.50618	0.34449	8325.75391	0.21387	10868	1	0.51665	0.31674	1	0.49217	0.40851	1	0.50441	0.36262	1	0.45608	0.54219	12.78756	1.00375	1	0.72010	0.56499	13.25750	1.00375	1	-0.01089	-0.01065	0.66334	0.00389	1	0.05535	-0.01501	0.65622	0.00399	1	1.45898	0.81042	0	
1234304	8325.97461	3304059345627	0.50612	0.34482	8325.75391	0.22070	10868	1	0.51572	0.30984	1	0.49261	0.40216	1	0.50416	0.35600	1	0.45580	0.54257	13.66867	1.01177	1	0.72028	0.56478	13.35834	1.01177	1	-0.01139	-0.01108	0.69060	0.00387	1	0.05617	-0.01526	0.66707	0.00404	1	1.45898	0.81042	0	
1234305	8325.98145	3304059410787	0.50620	0.34537	8325.75391	0.22754	10868	1	0.51209	0.34056	1	0.50554	0.38721	1	0.50881	0.36389	1	0.45564	0.54246	13.31439	1.01978	1	0.72030	0.56494	13.20961	1.01978	1	-0.01139	-0.01108	0.69060	0.00395	1	0.05617	-0.01526	0.66707	0.00408	1	1.45898	0.81042	0	
1234306	8325.98828	3304059478854	0.50633	0.34559	8325.75391	0.23438	10868	1	0.51296	0.37405	1	0.50894	0.33229	1	0.51095	0.35317	1	0.45562	0.54253	13.31256	1.02780	1	0.72029	0.56448	13.08043	1.02780	1	-0.01139	-0.01108	0.69060	0.00395	1	0.05617	-0.01526	0.66707	0.00425	1	1.45898	0.81042	0	
1234307	8325.99512	3304059546448	0.50645	0.34561	8325.75391	0.24121	10868	1	0.51202	0.36776	1	0.50950	0.32549	1	0.51076	0.34663	1	0.45562	0.54253	13.31256	1.03582	1	0.71935	0.56481	14.00978	1.03582	1	-0.01139	-0.01108	0.69060	0.00396	1	0.05530	-0.01497	0.65679	0.00425	1	1.45898	0.81042	0	
1234308	8326.00195	3304059612161	0.50606	0.34579	8325.75391	0.24805	10868	1	0.53069	0.32137	1	0.45299	0.38283	1	0.49184	0.35210	1	0.45559	0.54202	13.13925	1.03582	1	0.71942	0.56490	13.89173	1.03582	1	-0.01139	-0.01108	0.69060	0.00410	1	0.05530	-0.01497	0.65679	0.00410	1	1.45898	0.81042	0	
1234309	8326.00879	3304059679485	0.50579	0.34573	8325.75391	0.25488	10868	1	0.52897	0.31312	1	0.46211	0.37416	1	0.49554	0.34364	1	0.45558	0.54185	13.13924	1.03582	1	0.71952	0.56495	13.89512	1.03582	1	-0.01139	-0.01108	0.69060	0.00405	1	0.05530	-0.01497	0.65679	0.00417	1	1.45898	0.81042	0	
1234310	8326.01465	3304059745172	0.50554	0.34568	8325.75391	0.26074	10868	1	0.52897	0.31312	1	0.46211	0.37416	1	0.49554	0.34364	1	0.45581	0.54189	13.34536	1.03582	1	0.71937	0.56497	14.08671	1.03582	1	-0.01139	-0.01108	0.69060	0.00405	1	0.05530	-0.01488	0.65679	0.00426	1	1.45898	0.81042	0	
1234311	8326.02148	3304059813190	0.50507	0.34553	8325.75391	0.26758	10868	1	0.52590	0.30928	1	0.44717	0.36963	1	0.48653	0.33945	1	0.45546	0.54191	13.00714	1.03582	1	0.71935	0.56487	14.16092	1.03582	1	-0.01139	-0.01108	0.69060	0.00404	1	0.05530	-0.01488	0.65679	0.00431	1	1.45898	0.81042	0	
1234312	8326.02930	3304059883415	0.50474	0.34518	8325.75391	0.27539	10868	1	0.52893	0.29169	1	0.45272	0.37039	1	0.49082	0.33104	1	0.45555	0.54159	12.96206	1.03582	1	0.71942	0.56496	14.26491	1.03582	1	-0.01139	-0.01108	0.69060	0.00391	1	0.05530	-0.01488	0.65679	0.00423	1	1.45898	0.81042	0	
1234313	8326.03516	3304059950121	0.50442	0.34501	8325.75391	0.28125	10868	1	0.52975	0.29857	1	0.45258	0.37681	1	0.49117	0.33769	1	0.45538	0.54153	12.80657	1.02780	1	0.71951	0.56486	14.13562	1.02780	1	-0.01089	-0.01054	0.65697	0.00418	1	0.05686	-0.01534	0.67521	0.00420	1	1.45898	0.81042	0	
1234314	8326.04199	3304060017776	0.50428	0.34555	8325.75391	0.28809	10868	1	0.53212	0.31322	1	0.46401	0.42498	1	0.49807	0.36910	1	0.45555	0.54144	12.77786	1.01978	1	0.71965	0.56497	14.22687	1.01978	1	-0.01089	-0.01054	0.65697	0.00394	1	0.05686	-0.01534	0.67521	0.00429	1	1.45898	0.81042	0	
1234315	8326.04883	3304060084272	0.50415	0.34572	8325.75391	0.29492	10868	1	0.54412	0.30354	1	0.45318	0.40275	1	0.49865	0.35315	1	0.45574	0.54149	13.01887	1.01177	1	0.71948	0.56468	13.99055	1.01177	1	-0.01089	-0.01054	0.65697	0.00393	1	0.05686	-0.01534	0.67521	0.00430	1	1.45898	0.81042	0	
1234316	8326.05566	3304060151593	0.50404	0.34603	8325.75391	0.30176	10868	1	0.54487	0.31048	1	0.45303	0.40907	1	0.49895	0.35977	1	0.45574	0.54149	13.01887	1.00375	1	0.71974	0.56496	14.10282	1.00375	1	-0.01089	-0.01054	0.65697	0.00393	1	0.05530	-0.01488	0.65679	0.00422	1	1.45898	0.81042	0	
1234317	8326.06250	3304060218470	0.50413	0.34644	8325.75391	0.30859	10868	1	0.54570	0.29975	1	0.47083	0.43088	1	0.50826	0.36532	1	0.45562	0.54165	13.34157	1.00375	1	0.71974	0.56496	14.10282	1.00375	1	-0.01089	-0.01054	0.65697	0.00387	1	0.05530	-0.01488	0.65679	0.00422	1	1.45898	0.81042	0	
1234318	8326.06934	3304060285193	0.50415	0.34715	8325.75391	0.31543	10868	1	0.54327	0.32887	1	0.46690	0.43206	1	0.50508	0.38046	1	0.45564	0.54167	13.38220	1.00375	1	0.71966	0.56483	14.12948	1.00375	1	-0.01089	-0.01054	0.65697	0.00386	1	0.05530	-0.01488	0.65679	0.00427	1	1.45898	0.81042	0	
1234319	8326.07617	3304060353128	0.50431	0.34881	8325.75391	0.32227	10868	1	0.54327	0.32887	1	0.46690	0.43206	1	0.50508	0.38046	1	0.45571	0.54152	13.00203	1.00375	1	0.71957	0.56469	14.10210	1.00375	1	-0.01089	-0.01054	0.65697	0.00392	1	0.05530	-0.01488	0.65679	0.00422	1	1.45898	0.81042	0	
1234320	8326.08203	3304060417727	0.50514	0.34750	8325.75391	0.32812	10868	1	0.53517	0.22116	1	0.49193	0.39583	1	0.51355	0.30850	1	0.45552	0.54071	12.61081	1.00375	1	0.71971	0.56458	13.98535	1.00375	1	-0.01089	-0.01054	0.65697	0.00415	1	0.05530	-0.01488	0.65679	0.00427	1	1.45898	0.81042	0	
1234321	8326.08887	3304060486074	0.50525	0.34743	8325.75391	0.33496	10868	1	0.54365	0.29061	1	0.46703	0.40488	1	0.50534	0.34775	1	0.45568	0.54123	12.77163	1.00375	1	0.71971	0.56456	13.97268	1.00375	1	-0.01089	-0.01054	0.65697	0.00410	1	0.05530	-0.01488	0.65679	0.00428	1	1.45898	0.81042	0	
1234322	8326.09570	3304060553777	0.50538	0.34744	8325.75391	0.34180	10868	1	0.54365	0.29061	1	0.46727	0.39881	1	0.50546	0.34471	1	0.45584	0.54146	13.31306	1.00375	1	0.71960	0.56427	14.07247	1.01141	1	-0.01089	-0.01054	0.65697	0.00405	1	0.05597	-0.01507	0.66529	0.00435	1	1.45898	0.81042	0	
1234323	8326.10254	3304060618966	0.50539	0.34766	8325.75391	0.34863	10868	1	0.54107	0.33044	1	0.48605	0.36859	1	0.51356	0.34951	1	0.45577	0.54188	13.36540	1.01141	1	0.71959	0.56426	14.02873	1.01907	1	-0.01089	-0.01054	0.65697	0.00370	1	0.05597	-0.01507	0.66529	0.00435	1	1.45898	0.81042	0	
1234324	8326.10938	3304060687098	0.50525	0.34755	8325.75391	0.35547	10868	1	0.55789	0.32761	1	0.46384	0.36773	1	0.51086	0.34767	1	0.45581	0.54208	13.38941	1.01907	1	0.71959	0.56426	14.02873	1.02673	1	-0.01089	-0.01054	0.65697	0.00373	1	0.05597	-0.01507	0.66529	0.00435	1	1.45898	0.81042	0	
1234325	8326.11621	3304060753776	0.50510	0.34724	8325.75391	0.36230	10868	1	0.55727	0.32122	1	0.46384	0.36773	1	0.51056	0.34447	1	0.45573	0.54188	13.37264	1.02673	1	0.71962	0.56394	14.01611	1.02673	1	-0.01089	-0.01054	0.65697	0.00373	1	0.05530	-0.01488	0.65679	0.00426	1	1.45898	0.81042	0	
1234326	8326.12305	3304060821091	0.50475	0.34704	8325.75391	0.36914	10868	1	0.53080	0.29093	1	0.46617	0.35214	1	0.49848	0.32153	1	0.45557	0.54167	13.11845	1.02673	1	0.71963	0.56404	14.01709	1.01907	1	-0.01089	-0.01054	0.65697	0.00370	1	0.05530	-0.01488	0.65679	0.00421	1	1.45898	0.81042	0	
1234327	8326.12891	3304060887592	0.50458	0.34700	8325.75391	0.37500	10868	1	0.55079	0.26904	1	0.46236	0.37026	1	0.50658	0.31965	1	0.45570	0.54182	13.39391	1.01907	1	0.71960	0.56415	14.01121	1.01141	1	-0.01089	-0.01054	0.65697	0.00368	1	0.05530	-0.01488	0.65679	0.00415	1	1.45898	0.81042	0	
1234328	8326.13574	3304060954744	0.50440	0.34696	8325.75391	0.38184	10868	1	0.55076	0.26872	1	0.46237	0.36997	1	0.50656	0.31934	1	0.45561	0.54177	13.16428	1.01943	1	0.71979	0.56433	14.20521	1.01177	1	-0.01139	-0.01103	0.69060	0.00371	1	0.05530	-0.01488	0.65679	0.00417	1	1.45898	0.81042	0	
1234329	8326.14258	3304061022146	0.50489	0.34632	8325.75391	0.38867	10868	1	0.53927	0.33015	1	0.47321	0.37477	1	0.50624	0.35246	1	0.45568	0.54185	13.53005	1.01978	1	0.71972	0.56424	14.03507	1.01978	1	-0.01139	-0.01103	0.69060	0.00369	1	0.05530	-0.01488	0.65679	0.00418	1	1.45898	0.81042	0	
1234330	8326.14941	3304061089002	0.50468	0.34569	8325.75391	0.39551	10868	1	0.52929	0.30690	1	0.46086	0.36247	1	0.49507	0.33469	1	0.45550	0.54177	12.88393	1.02780	1	0.71961	0.56417	14.05575	1.02780	1	-0.01139	-0.01103	0.69060	0.00376	1	0.05530	-0.01488	0.65679	0.00410	1	1.45898	0.81042	0	
1234331	8326.15625	3304061156529	0.50446	0.34498	8325.75391	0.40234	10868	1	0.52846	0.30009	1	0.46106	0.35594	1	0.49476	0.32802	1	0.45553	0.54192	12.90237	1.03582	1	0.71959	0.56420	14.10764	1.03582	1	-0.01139	-0.01103	0.69060	0.00368	1	0.05530	-0.01488	0.65679	0.00410	1	1.45898	0.81042	0	
1234332	8326.16309	3304061223056	0.50460	0.34464	8325.75391	0.40918	10868	1	0.55631	0.27586	1	0.46991	0.36616	1	0.51311	0.32101	1	0.45593	0.54187	13.92033	1.03582	1	0.71968	0.56431	14.28725	1.03582	1	-0.01139	-0.01103	0.69060	0.00373	1	0.05530	-0.01488	0.65679	0.00407	1	1.45898	0.81042	0	
1234333	8326.16992	3304061290209	0.50430	0.34461	8325.75391	0.41602	10868	1	0.54695	0.26877	1	0.46644	0.37520	1	0.50669	0.32199	1	0.45589	0.54182	13.85928	1.03582	1	0.71963	0.56445	14.10073	1.03582	1	-0.01139	-0.01103	0.69060	0.00370	1	0.05530	-0.01488	0.65679	0.00422	1	1.45898	0.81042	0	
1234334	8326.17578	3304061355067	0.50400	0.34465	8325.75391	0.42188	10868	1	0.54695	0.26877	1	0.46644	0.37520	1	0.50669	0.32199	1	0.45566	0.54144	13.23645	1.03582	1	0.71956	0.56454	14.05990	1.03582	1	-0.01139	-0.01108	0.69060	0.00370	1	0.05530	-0.01488	0.65679	0.00418	1	1.45898	0.81042	0	
1234335	8326.18262	3304061420775	0.50418	0.34327	8325.75391	0.42871	10868	1	0.53805	0.19399	1	0.46497	0.39695	1	0.50151	0.29547	1	0.45561	0.54157	12.94138	1.03582	1	0.71956	0.56454	14.05990	1.03582	1	-0.01139	-0.01108	0.69060	0.00365	1	0.05530	-0.01488	0.65679	0.00418	1	1.45898	0.81042	0	
1234336	8326.18945	3304061488477	0.50384	0.34347	8325.75391	0.43555	10868	1	0.51554	0.31865	1	0.46517	0.38925	1	0.49035	0.35395	1	0.45560	0.54197	12.92962	1.03582	1	0.71962	0.56435	14.03016	1.03582	1	-0.01139	-0.01108	0.69060	0.00374	1	0.05530	-0.01488	0.65679	0.00422	1	1.45898	0.81042	0	
1234337	8326.19629	3304061555934	0.50350	0.34355	8325.75391	0.44238	10868	1	0.51554	0.31865	1	0.46517	0.38925	1	0.49035	0.35395	1	0.45562	0.54199	12.95823	1.03582	1	0.71962	0.56435	14.03016	1.03582	1	-0.01139	-0.01108	0.69060	0.00373	1	0.05530	-0.01488	0.65679	0.00422	1	1.45898	0.81042	0	
1234338	8326.20312	3304061625765	0.50319	0.34313	8325.75391	0.44922	10868	1	0.51893	0.29043	1	0.46712	0.36361	1	0.49302	0.32702	1	0.45563	0.54184	13.07754	1.03582	1	0.71960	0.56439	13.99682	1.03582	1	-0.01139	-0.01108	0.69060	0.00411	1	0.05530	-0.01488	0.65679	0.00426	1	1.45898	0.81042	0	
1234339	8326.20898	3304061689453	0.50260	0.34317	8325.75391	0.45508	10868	1	0.51113	0.33240	1	0.46011	0.39789	1	0.48562	0.36514	1	0.45559	0.54198	13.03619	1.03582	1	0.71954	0.56458	14.02465	1.03582	1	-0.01139	-0.01108	0.69060	0.00372	1	0.05530	-0.01488	0.65679	0.00422	1	1.45898	0.81042	0	
1234340	8326.21680	3304061758690	0.50200	0.34308	8325.75391	0.46289	10868	1	0.51113	0.33240	1	0.46011	0.39789	1	0.48562	0.36514	1	0.45555	0.54216	12.80558	1.03582	1	0.71950	0.56462	14.09050	1.03582	1	-0.01139	-0.01108	0.69060	0.00381	1	0.05530	-0.01497	0.65679	0.00423	1	1.45898	0.81042	0	
1234341	8326.22266	3304061823860	0.50149	0.34408	8325.75391	0.46875	10868	1	0.49259	0.34282	1	0.45981	0.40312	1	0.47620	0.37297	1	0.45561	0.54208	12.92659	1.03582	1	0.71954	0.56458	14.02465	1.03582	1	-0.01139	-0.01108	0.69060	0.00374	1	0.05530	-0.01497	0.65679	0.00422	1	1.45898	0.81042	0	
1234342	8326.22949	3304061891126	0.50058	0.34365	8325.75391	0.47559	10868	1	0.47909	0.27079	1	0.45495	0.38657	1	0.46702	0.32868	1	0.45556	0.54119	12.86510	1.03582	1	0.71950	0.56463	14.00972	1.03582	1	-0.01139	-0.01108	0.69060	0.00402	1	0.05530	-0.01497	0.65679	0.00423	1	1.45898	0.81042	0	
1234343	8326.23633	3304061959997	0.49966	0.34337	8325.75391	0.48242	10868	1	0.47909	0.27079	1	0.45495	0.38657	1	0.46702	0.32868	1	0.45568	0.54107	12.90212	1.03582	1	0.71945	0.56490	14.17121	1.03582	1	-0.01139	-0.01108	0.69060	0.00407	1	0.05686	-0.01534	0.67521	0.00415	1	1.45898	0.81042	0	
1234344	8326.24316	3304062027072	0.49904	0.34347	8325.75391	0.48926	10868	1	0.49908	0.29972	1	0.45595	0.36646	1	0.47752	0.33309	1	0.45564	0.54161	13.18993	1.03582	1	0.71943	0.56471	14.03281	1.03582	1	-0.01139	-0.01108	0.69060	0.00395	1	0.05686	-0.01534	0.67521	0.00425	1	1.45898	0.81042	0	
1234345	8326.25000	3304062093530	0.49848	0.34304	8325.75391	0.49609	10868	1	0.49889	0.27114	1	0.45828	0.35832	1	0.47858	0.31473	1	0.45583	0.54119	13.30751	1.03582	1	0.71946	0.56467	13.86884	1.03582	1	-0.01139	-0.01108	0.69060	0.00422	1	0.05686	-0.01534	0.67521	0.00426	1	1.45898	0.81042	0	
1234346	8326.25684	3304062160649	0.49793	0.34276	8325.75391	0.50293	10868	1	0.49992	0.27819	1	0.45810	0.36483	1	0.47901	0.32151	1	0.45589	0.54209	13.52730	1.02780	1	0.71979	0.56464	13.83159	1.02780	1	-0.01089	-0.01065	0.66334	0.00376	1	0.05530	-0.01497	0.65679	0.00411	1	1.45898	0.81042	0	
1234347	8326.26367	3304062227800	0.49762	0.34213	8325.75391	0.50977	10868	1	0.50934	0.27031	1	0.47395	0.35864	1	0.49164	0.31447	1	0.45608	0.54186	13.69086	1.01978	1	0.71980	0.56470	14.03737	1.01978	1	-0.01089	-0.01065	0.66334	0.00394	1	0.05530	-0.01497	0.65679	0.00407	1	1.45898	0.81042	0	
1234348	8326.26953	3304062294681	0.49745	0.34256	8325.75391	0.51562	10868	1	0.49488	0.36342	1	0.48114	0.32276	1	0.48801	0.34309	1	0.45561	0.54250	13.53348	1.01177	1	0.71982	0.56456	13.99309	1.01177	1	-0.01089	-0.01065	0.66334	0.00399	1	0.05530	-0.01497	0.65679	0.00406	1	1.45898	0.81042	0	
1234349	8326.27637	3304062361782	0.49729	0.34299	8325.75391	0.52246	10868	1	0.49597	0.36990	1	0.48078	0.32973	1	0.48838	0.34982	1	0.45591	0.54233	13.88248	1.00375	1	0.71967	0.56503	14.04698	1.00375	1	-0.01089	-0.01065	0.66334	0.00391	1	0.05617	-0.01526	0.66707	0.00415	1	1.45898	0.81042	0	
1234350	8326.28320	3304062428679	0.49711	0.34151	8325.75391	0.52930	10868	1	0.50575	0.24254	1	0.50119	0.36423	1	0.50347	0.30338	1	0.45586	0.54212	13.60126	1.00375	1	0.72023	0.56500	13.38252	1.00375	1	-0.01089	-0.01065	0.66334	0.00414	1	0.05617	-0.01526	0.66707	0.00398	1	1.45898	0.81042	0	
1234351	8326.29004	3304062495703	0.49687	0.34042	8325.75391	0.53613	10868	1	0.50751	0.26083	1	0.47815	0.35937	1	0.49283	0.31010	1	0.45600	0.54178	13.59305	1.00375	1	0.71983	0.56488	14.10487	1.00375	1	-0.01089	-0.01065	0.66334	0.00409	1	0.05617	-0.01526	0.66707	0.00402	1	1.45898	0.81042	0	
1234352	8326.29688	3304062562180	0.49664	0.33946	8325.75391	0.54297	10868	1	0.50751	0.26083	1	0.47815	0.35937	1	0.49283	0.31010	1	0.45648	0.54235	13.35154	1.00375	1	0.72031	0.56512	13.72383	1.00375	1	-0.01089	-0.01070	0.66334	0.00407	1	0.05617	-0.01526	0.66707	0.00396	1	1.45898	0.81042	0	
1234353	8326.30371	3304062629447	0.49681	0.33868	8325.75391	0.54980	10868	1	0.54530	0.29786	1	0.48920	0.35516	1	0.51725	0.32651	1	0.45664	0.54250	13.18808	1.00375	1	0.72009	0.56473	13.45939	1.00375	1	-0.01089	-0.01070	0.66334	0.00405	1	0.05617	-0.01526	0.66707	0.00420	1	1.45898	0.81042	0	
1234354	8326.31055	3304062696576	0.49713	0.33784	8325.75391	0.55664	10868	1	0.55147	0.28550	1	0.50044	0.33971	1	0.52596	0.31260	1	0.45670	0.54241	13.22190	1.00375	1	0.72016	0.56462	13.44302	1.00375	1	-0.01089	-0.01070	0.66334	0.00423	1	0.05617	-0.01526	0.66707	0.00424	1	1.45898	0.81042	0	
1234355	8326.31641	3304062763649	0.49745	0.33706	8325.75391	0.56250	10868	1	0.55147	0.28550	1	0.50093	0.33312	1	0.52620	0.30931	1	0.45639	0.54271	13.84172	1.00375	1	0.72034	0.56473	13.82166	1.01141	1	-0.01073	-0.01068	0.65917	0.00386	1	0.05726	-0.01559	0.67936	0.00402	1	1.45898	0.81042	0	
1234356	8326.32324	3304062830531	0.49814	0.33667	8325.75391	0.56934	10868	1	0.53885	0.31648	1	0.51087	0.35023	1	0.52486	0.33335	1	0.45636	0.54268	13.85294	1.01141	1	0.72036	0.56498	13.93779	1.01907	1	-0.01073	-0.01068	0.65917	0.00384	1	0.05726	-0.01559	0.67936	0.00442	1	1.45898	0.81042	0	
1234357	8326.33008	3304062897815	0.49895	0.33636	8325.75391	0.57617	10868	1	0.55601	0.29633	1	0.51344	0.36141	1	0.53473	0.32887	1	0.45655	0.54288	13.29028	1.01907	1	0.72036	0.56497	13.83719	1.02673	1	-0.01073	-0.01068	0.65917	0.00380	1	0.05726	-0.01559	0.67936	0.00433	1	1.45898	0.81042	0	
1234358	8326.33691	3304062964505	0.49977	0.33592	8325.75391	0.58301	10868	1	0.55538	0.28971	1	0.51401	0.35512	1	0.53470	0.32241	1	0.45640	0.54306	13.44002	1.02673	1	0.72041	0.56560	14.28005	1.03439	1	-0.01073	-0.01073	0.65917	0.00369	1	0.05768	-0.01568	0.68321	0.00431	1	1.45898	0.81042	0	
1234359	8326.34375	3304063031587	0.50011	0.33561	8325.75391	0.58984	10868	1	0.51690	0.30954	1	0.48952	0.34000	1	0.50321	0.32477	1	0.45611	0.54297	13.49442	1.03439	1	0.72037	0.56544	14.10603	1.03439	1	-0.01073	-0.01073	0.65917	0.00371	1	0.05768	-0.01568	0.68321	0.00439	1	1.45898	0.81042	0	
1234360	8326.35059	3304063098414	0.50024	0.33513	8325.75391	0.59668	10868	1	0.52684	0.25549	1	0.46658	0.36075	1	0.49671	0.30812	1	0.45615	0.54285	13.02110	1.03439	1	0.72045	0.56574	14.24714	1.03439	1	-0.01073	-0.01073	0.65917	0.00374	1	0.05768	-0.01568	0.68321	0.00431	1	1.45898	0.81042	0	
1234361	8326.35742	3304063165863	0.50035	0.33438	8325.75391	0.60352	10868	1	0.52600	0.24832	1	0.46682	0.35424	1	0.49641	0.30128	1	0.45622	0.54246	13.33587	1.04240	1	0.72043	0.56568	13.79642	1.04240	1	-0.01099	-0.01110	0.67884	0.00396	1	0.05744	-0.01572	0.68039	0.00430	1	1.45898	0.81042	0	
1234362	8326.36328	3304063229149	0.50046	0.33334	8325.75391	0.60938	10868	1	0.54199	0.30335	1	0.46538	0.33550	1	0.50368	0.31942	1	0.45643	0.54288	13.89944	1.05042	1	0.72036	0.56559	13.86610	1.05042	1	-0.01099	-0.01110	0.67884	0.00371	1	0.05744	-0.01572	0.68039	0.00434	1	1.45898	0.81042	0	
1234363	8326.37012	3304063295312	0.50059	0.33309	8325.75391	0.61621	10868	1	0.54486	0.33522	1	0.46475	0.34691	1	0.50480	0.34107	1	0.45640	0.54352	13.62176	1.05844	1	0.72041	0.56595	13.92306	1.05844	1	-0.01099	-0.01110	0.67884	0.00388	1	0.05744	-0.01572	0.68039	0.00418	1	1.45898	0.81042	0	
1234364	8326.37695	3304063363528	0.50071	0.33263	8325.75391	0.62305	10868	1	0.54415	0.32883	1	0.46476	0.34662	1	0.50445	0.33773	1	0.45656	0.54363	13.60103	1.06645	1	0.72052	0.56617	14.30634	1.05879	1	-0.01099	-0.01110	0.67884	0.00386	1	0.05604	-0.01537	0.66320	0.00413	1	1.45898	0.81042	0	
1234365	8326.38379	3304063431861	0.50047	0.33235	8325.75391	0.62988	10868	1	0.54253	0.35787	1	0.45091	0.34566	1	0.49672	0.35176	1	0.45684	0.54356	14.12695	1.05879	1	0.72025	0.56623	14.95362	1.05114	1	-0.01099	-0.01110	0.67884	0.00379	1	0.05604	-0.01537	0.66320	0.00413	1	1.45898	0.81042	0	
1234366	8326.39062	3304063498557	0.50029	0.33176	8325.75391	0.63672	10868	1	0.52932	0.35964	1	0.46403	0.34455	1	0.49667	0.35210	1	0.45655	0.54350	13.97095	1.05114	1	0.72043	0.56629	14.43273	1.04348	1	-0.01099	-0.01110	0.67884	0.00387	1	0.05604	-0.01537	0.66320	0.00408	1	1.45898	0.81042	0	
1234367	8326.39648	3304063563191	0.50012	0.33129	8325.75391	0.64258	10868	1	0.53010	0.36562	1	0.46382	0.35083	1	0.49696	0.35822	1	0.45633	0.54357	13.36375	1.04348	1	0.72022	0.56621	14.45880	1.03582	1	-0.01099	-0.01110	0.67884	0.00413	1	0.05604	-0.01537	0.66320	0.00400	1	1.45898	0.81042	0	
1234368	8326.40332	3304063631584	0.49934	0.33230	8325.75391	0.64941	10868	1	0.49432	0.35078	1	0.45771	0.36298	1	0.47601	0.35688	1	0.45638	0.54312	13.14277	1.03582	1	0.72034	0.56634	14.48655	1.03582	1	-0.01099	-0.01110	0.67884	0.00413	1	0.05604	-0.01537	0.66320	0.00405	1	1.45898	0.81042	0	
1234369	8326.41016	3304063699755	0.49883	0.33200	8325.75391	0.65625	10868	1	0.49403	0.30594	1	0.46758	0.36026	1	0.48080	0.33310	1	0.45661	0.54344	13.52808	1.03582	1	0.72045	0.56631	14.38627	1.03582	1	-0.01099	-0.01110	0.67884	0.00415	1	0.05604	-0.01537	0.66320	0.00400	1	1.45898	0.81042	0	
1234370	8326.41699	3304063765370	0.49831	0.33175	8325.75391	0.66309	10868	1	0.49403	0.30594	1	0.46758	0.36026	1	0.48080	0.33310	1	0.45678	0.54330	13.73573	1.03582	1	0.72037	0.56622	14.40838	1.03582	1	-0.01099	-0.01110	0.67884	0.00411	1	0.05604	-0.01537	0.66320	0.00401	1	1.45898	0.81042	0	
1234371	8326.42383	3304063831510	0.49774	0.32971	8325.75391	0.66992	10868	1	0.50691	0.14869	1	0.46495	0.35404	1	0.48593	0.25136	1	0.45686	0.54288	13.59709	1.03582	1	0.72046	0.56613	14.52557	1.03582	1	-0.01099	-0.01110	0.67884	0.00407	1	0.05604	-0.01537	0.66320	0.00403	1	1.45898	0.81042	0	
1234372	8326.43066	3304063900077	0.49751	0.32910	8325.75391	0.67676	10868	1	0.52452	0.28997	1	0.47554	0.34725	1	0.50003	0.31861	1	0.45694	0.54325	14.01705	1.03582	1	0.72062	0.56612	14.65741	1.03582	1	-0.01099	-0.01110	0.67884	0.00398	1	0.05604	-0.01537	0.66320	0.00391	1	1.45898	0.81042	0	
1234373	8326.43750	3304063969894	0.49730	0.32871	8325.75391	0.68359	10868	1	0.52538	0.29686	1	0.47523	0.35386	1	0.50031	0.32536	1	0.45705	0.54328	13.38423	1.02780	1	0.72082	0.56603	14.19349	1.02780	1	-0.01073	-0.01088	0.66566	0.00406	1	0.05604	-0.01539	0.66194	0.00402	1	1.45898	0.81042	0	
1234374	8326.44434	3304064036267	0.49759	0.32779	8325.75391	0.69043	10868	1	0.53581	0.21528	1	0.48910	0.34016	1	0.51245	0.27772	1	0.45718	0.54309	13.38338	1.01978	1	0.72077	0.56575	14.25811	1.01978	1	-0.01073	-0.01088	0.66566	0.00410	1	0.05604	-0.01539	0.66194	0.00429	1	1.45898	0.81042	0	
1234375	8326.45117	3304064103352	0.49768	0.32808	8325.75391	0.69727	10868	1	0.52245	0.27211	1	0.49908	0.39504	1	0.51077	0.33358	1	0.45696	0.54274	13.60617	1.01177	1	0.72102	0.56653	14.53115	1.01177	1	-0.01073	-0.01088	0.66566	0.00415	1	0.05604	-0.01539	0.66194	0.00409	1	1.45898	0.81042	0	
1234376	8326.45703	3304064168533	0.49777	0.32846	8325.75391	0.70312	10868	1	0.52334	0.27931	1	0.49906	0.39533	1	0.51120	0.33732	1	0.45735	0.54329	13.39918	1.00375	1	0.72123	0.56623	14.20899	1.01141	1	-0.01051	-0.01076	0.65798	0.00398	1	0.05749	-0.01578	0.67849	0.00425	1	1.45898	0.81042	0	
1234377	8326.46387	3304064238554	0.49817	0.32773	8325.75391	0.70996	10868	1	0.54813	0.26928	1	0.50187	0.36605	1	0.52500	0.31767	1	0.45733	0.54321	13.47073	1.01141	1	0.72105	0.56607	13.97522	1.01907	1	-0.01051	-0.01076	0.65798	0.00409	1	0.05749	-0.01578	0.67849	0.00439	1	1.45898	0.81042	0	
1234378	8326.47070	3304064304644	0.49846	0.32758	8325.75391	0.71680	10868	1	0.54408	0.25845	1	0.47395	0.39634	1	0.50902	0.32740	1	0.45736	0.54305	13.47027	1.01907	1	0.72099	0.56667	14.76617	1.02673	1	-0.01051	-0.01076	0.65798	0.00410	1	0.05749	-0.01578	0.67849	0.00430	1	1.45898	0.81042	0	
1234379	8326.47754	3304064371020	0.49874	0.32729	8325.75391	0.72363	10868	1	0.54264	0.24429	1	0.47454	0.38405	1	0.50859	0.31417	1	0.45742	0.54322	13.57934	1.03474	1	0.72107	0.56611	14.02211	1.04240	1	-0.01087	-0.01118	0.68351	0.00397	1	0.05692	-0.01567	0.67182	0.00438	1	1.45898	0.81042	0	
1234380	8326.48438	3304064437527	0.49911	0.32632	8325.75391	0.73047	10868	1	0.56689	0.24744	1	0.49453	0.30066	1	0.53071	0.27405	1	0.45761	0.54340	13.87483	1.05042	1	0.72124	0.56631	14.14499	1.05042	1	-0.01087	-0.01118	0.68351	0.00414	1	0.05692	-0.01567	0.67182	0.00438	1	1.45898	0.81042	0	
1234381	8326.49121	3304064505279	0.49909	0.32531	8325.75391	0.73730	10868	1	0.54123	0.28001	1	0.47007	0.26734	1	0.50565	0.27368	1	0.45729	0.54375	13.51646	1.05844	1	0.72119	0.56610	13.87407	1.05844	1	-0.01087	-0.01118	0.68351	0.00379	1	0.05692	-0.01567	0.67182	0.00428	1	1.45898	0.81042	0	
1234382	8326.49805	3304064572457	0.49906	0.32423	8325.75391	0.74414	10868	1	0.54050	0.27320	1	0.47008	0.26703	1	0.50529	0.27011	1	0.45799	0.54462	13.34574	1.06645	1	0.72202	0.56779	13.79352	1.05879	1	-0.01080	-0.01163	0.68593	0.00377	1	0.05658	-0.01576	0.66715	0.00403	1	1.45898	0.81042	0	
1234383	8326.50391	3304064639026	0.49943	0.32598	8325.75391	0.75000	10868	1	0.51919	0.36198	1	0.51912	0.39693	1	0.51915	0.37945	1	0.45856	0.54608	13.67520	1.05879	1	0.72212	0.56866	14.21383	1.05114	1	-0.01080	-0.01163	0.68593	0.00380	1	0.05658	-0.01576	0.66715	0.00381	1	1.45898	0.81042	0	
1234384	8326.51074	3304064706435	0.49945	0.32299	8325.75391	0.75684	10868	1	0.49353	0.12113	1	0.48927	0.29976	1	0.49140	0.21044	1	0.45833	0.54403	12.72609	1.05114	1	0.72192	0.56855	13.69278	1.04348	1	-0.01080	-0.01163	0.68593	0.00269	1	0.05658	-0.01576	0.66715	0.00387	1	1.45898	0.81042	0	
1234385	8326.51758	3304064773022	0.51008	0.29444	8325.75391	0.75684	10868	0	0.49452	0.12886	1	0.48888	0.30638	1	0.49170	0.21762	1	0.45980	0.54904	13.58407	1.04348	1	0.72308	0.57148	13.59528	1.03582	1	-0.01034	-0.01192	0.67606	0.00319	1	0.05611	-0.01607	0.65927	0.00340	1	1.45898	0.81042	0	
1234386	8326.52441	3304064840181	0.53789	0.40978	8325.75391	0.75684	10868	0	0.59461	0.53359	1	0.53681	0.51668	1	0.56571	0.52513	1	0.46015	0.54998	13.52462	1.03582	1	0.72324	0.57244	13.49593	1.03582	1	-0.01034	-0.01192	0.67606	0.00330	1	0.05611	-0.01607	0.65927	0.00345	1	1.45898	0.81042	0	
1234387	8326.53125	3304064906774	0.54855	0.45152	8325.75391	0.75684	10868	0	0.60682	0.54804	1	0.53289	0.52197	1	0.56985	0.53500	1	0.46018	0.55044	13.74628	1.03582	1	0.72315	0.57278	13.62668	1.03582	1	-0.01034	-0.01192	0.67606	0.00344	1	0.05611	-0.01607	0.65927	0.00348	1	1.45898	0.81042	0	
1234388	8326.53809	3304064973522	0.56833	0.53491	8325.75391	0.75684	10868	0	0.60737	0.55722	1	0.53149	0.53196	1	0.56943	0.54459	1	0.46055	0.55138	13.83302	1.02067	1	0.72369	0.57437	13.73772	1.02067	1	-0.00973	-0.01156	0.64226	0.00311	1	0.05611	-0.01627	0.65927	0.00319	1	1.45898	0.81042	0	
1234389	8326.54492	3304065040255	0.58319	0.57580	8325.75391	0.75684	10868	0	0.63513	0.53332	1	0.56096	0.70007	1	0.59805	0.61669	1	0.46065	0.55160	14.18147	1.00553	1	0.72375	0.57453	13.88382	1.00553	1	-0.00973	-0.01156	0.64226	0.00304	1	0.05611	-0.01627	0.65927	0.00325	1	1.45898	0.81042	0	
1234390	8326.55176	3304065107944	0.58708	0.58745	8325.75391	0.75684	10868	0	0.62238	0.53917	1	0.56733	0.68234	1	0.59485	0.61076	1	0.46063	0.55124	13.79085	0.99039	1	0.72382	0.57431	13.78117	0.99039	1	-0.00973	-0.01156	0.64226	0.00325	1	0.05611	-0.01627	0.65927	0.00328	1	1.45898	0.81042	0	
1234391	8326.55762	3304065174761	0.58902	0.59328	8326.53809	0.01953	10869	1	0.62238	0.53917	1	0.56733	0.68234	1	0.59485	0.61076	1	0.46046	0.55168	14.16633	0.99039	1	0.72366	0.57444	13.74505	0.99039	1	-0.01047	-0.01232	0.68470	0.00305	1	0.05611	-0.01627	0.65927	0.00330	1	1.45898	0.81042	0	
1234392	8326.56445	3304065242040	0.58922	0.60209	8326.53809	0.02637	10869	1	0.62858	0.58734	1	0.55145	0.68734	1	0.59001	0.63734	1	0.46028	0.55161	13.37752	1.00553	1	0.72361	0.57445	13.79554	1.00553	1	-0.01047	-0.01232	0.68470	0.00307	1	0.05611	-0.01627	0.65927	0.00334	1	1.45898	0.81042	0	
1234393	8326.57129	3304065308879	0.58811	0.60177	8326.53809	0.03320	10869	1	0.59658	0.55292	1	0.56856	0.64745	1	0.58257	0.60019	1	0.46019	0.55127	13.33206	1.02067	1	0.72378	0.57429	13.69831	1.02067	1	-0.01047	-0.01232	0.68470	0.00325	1	0.05611	-0.01627	0.65927	0.00322	1	1.45898	0.81042	0	
1234394	8326.57812	3304065375706	0.58741	0.60029	8326.53809	0.04004	10869	1	0.59587	0.54367	1	0.57050	0.63915	1	0.58319	0.59141	1	0.46025	0.55128	13.06582	1.03582	1	0.72383	0.57457	13.95723	1.03582	1	-0.01047	-0.01232	0.68470	0.00319	1	0.05611	-0.01627	0.65927	0.00312	1	1.45898	0.81042	0	
1234395	8326.58496	3304065440338	0.58995	0.60324	8326.53809	0.04688	10869	1	0.65973	0.58077	1	0.55571	0.66694	1	0.60772	0.62386	1	0.46018	0.55153	13.34775	1.03582	1	0.72366	0.57441	13.76982	1.03582	1	-0.01047	-0.01232	0.68470	0.00306	1	0.05611	-0.01627	0.65927	0.00313	1	1.45898	0.81042	0	
1234396	8326.59180	3304065509840	0.59228	0.60345	8326.53809	0.05371	10869	1	0.65849	0.55868	1	0.56345	0.65168	1	0.61097	0.60518	1	0.46011	0.55157	13.52871	1.03582	1	0.72379	0.57432	13.68667	1.03582	1	-0.01047	-0.01232	0.68470	0.00305	1	0.05611	-0.01627	0.65927	0.00323	1	1.45898	0.81042	0	
1234397	8326.59863	3304065576966	0.59415	0.60363	8326.53809	0.06055	10869	1	0.65849	0.55868	1	0.56345	0.65168	1	0.61097	0.60518	1	0.46006	0.55163	13.40702	1.03582	1	0.72393	0.57455	14.24710	1.03582	1	-0.01047	-0.01232	0.68470	0.00302	1	0.05611	-0.01627	0.65927	0.00308	1	1.45898	0.81042	0	
1234398	8326.60449	3304065643782	0.59554	0.60416	8326.53809	0.06641	10869	1	0.64616	0.54247	1	0.57265	0.67644	1	0.60940	0.60945	1	0.46019	0.55162	13.15551	1.03582	1	0.72389	0.57453	14.30179	1.03582	1	-0.01047	-0.01232	0.68470	0.00308	1	0.05611	-0.01627	0.65927	0.00311	1	1.45898	0.81042	0	
1234399	8326.61133	3304065709596	0.59613	0.60637	8326.53809	0.07324	10869	1	0.64297	0.61756	1	0.56231	0.64396	1	0.60264	0.63076	1	0.46006	0.55155	13.43172	1.03582	1	0.72372	0.57437	13.90042	1.03582	1	-0.01047	-0.01232	0.68470	0.00302	1	0.05611	-0.01627	0.65927	0.00307	1	1.45898	0.81042	0	
1234400	8326.61816	3304065777569	0.59656	0.60888	8326.53809	0.08008	10869	1	0.64304	0.62571	1	0.56049	0.65218	1	0.60176	0.63894	1	0.45971	0.55148	13.77244	1.02067	1	0.72364	0.57404	13.91271	1.02067	1	-0.00979	-0.01141	0.63379	0.00301	1	0.05611	-0.01627	0.65927	0.00318	1	1.45898	0.81042	0	
1234401	8326.62500	3304065845386	0.59701	0.61003	8326.53809	0.08691	10869	1	0.64554	0.58159	1	0.56020	0.66852	1	0.60287	0.62505	1	0.45973	0.55173	14.20462	1.00553	1	0.72376	0.57421	13.81797	1.00553	1	-0.00979	-0.01141	0.63379	0.00303	1	0.05611	-0.01627	0.65927	0.00319	1	1.45898	0.81042	0	
1234402	8326.63184	3304065910398	0.59737	0.61236	8326.53809	0.09375	10869	1	0.62714	0.61527	1	0.57757	0.67461	1	0.60235	0.64494	1	0.45975	0.55137	13.91865	0.99039	1	0.72370	0.57426	13.90766	0.99039	1	-0.00979	-0.01141	0.63379	0.00319	1	0.05611	-0.01627	0.65927	0.00336	1	1.45898	0.81042	0	
1234403	8326.63867	3304065977035	0.59765	0.61467	8326.53809	0.10059	10869	1	0.62730	0.61980	1	0.57644	0.67892	1	0.60187	0.64936	1	0.45983	0.55108	13.64752	0.98237	1	0.72365	0.57401	13.91070	0.98237	1	-0.01029	-0.01189	0.66312	0.00327	1	0.05611	-0.01622	0.65927	0.00340	1	1.45898	0.81042	0	
1234404	8326.64551	3304066045644	0.59715	0.61591	8326.53809	0.10742	10869	1	0.63081	0.61204	1	0.54753	0.65930	1	0.58917	0.63567	1	0.45995	0.55148	13.83213	0.98950	1	0.72356	0.57375	13.78272	0.98950	1	-0.01029	-0.01189	0.66312	0.00307	1	0.05611	-0.01622	0.65927	0.00346	1	1.45898	0.81042	0	
1234405	8326.65137	3304066112682	0.59742	0.61823	8326.53809	0.11328	10869	1	0.62275	0.66205	1	0.58111	0.65335	1	0.60193	0.65770	1	0.45967	0.55166	14.13087	0.99662	1	0.72364	0.57403	14.07749	0.99662	1	-0.01029	-0.01189	0.66312	0.00304	1	0.05611	-0.01622	0.65927	0.00343	1	1.45898	0.81042	0	
1234406	8326.65820	3304066179781	0.59768	0.62011	8326.53809	0.12012	10869	1	0.62258	0.65838	1	0.58213	0.64939	1	0.60236	0.65389	1	0.45968	0.55161	14.08331	1.00375	1	0.72358	0.57414	13.82511	1.00375	1	-0.01029	-0.01189	0.66312	0.00305	1	0.05611	-0.01622	0.65927	0.00327	1	1.45898	0.81042	0	
1234407	8326.66504	3304066246416	0.59661	0.62013	8326.53809	0.12695	10869	1	0.61404	0.57390	1	0.53860	0.66741	1	0.57632	0.62066	1	0.45970	0.55157	14.06505	1.00375	1	0.72340	0.57385	13.74067	1.00375	1	-0.01029	-0.01189	0.66312	0.00310	1	0.05611	-0.01622	0.65927	0.00321	1	1.45898	0.81042	0	
1234408	8326.67188	3304066314297	0.59620	0.62101	8326.53809	0.13379	10869	1	0.63329	0.60540	1	0.54290	0.67177	1	0.58810	0.63858	1	0.45968	0.55154	14.23854	1.00375	1	0.72343	0.57388	13.86979	1.00375	1	-0.01029	-0.01189	0.66312	0.00305	1	0.05611	-0.01622	0.65927	0.00320	1	1.45898	0.81042	0	
1234409	8326.67871	3304066380274	0.59584	0.62181	8326.53809	0.14062	10869	1	0.63329	0.60540	1	0.54290	0.67177	1	0.58810	0.63858	1	0.45972	0.55154	14.02421	1.00375	1	0.72379	0.57409	13.56086	1.00375	1	-0.01029	-0.01189	0.66312	0.00306	1	0.05611	-0.01622	0.65927	0.00316	1	1.45898	0.81042	0	
1234410	8326.68555	3304066447658	0.59610	0.62318	8326.53809	0.14746	10869	1	0.63457	0.61379	1	0.56905	0.69282	1	0.60181	0.65330	1	0.45974	0.55152	14.02919	1.00375	1	0.72390	0.57395	13.54187	1.00375	1	-0.01029	-0.01189	0.66312	0.00301	1	0.05611	-0.01622	0.65927	0.00307	1	1.45898	0.81042	0	
1234411	8326.69238	3304066514406	0.59581	0.62336	8326.53809	0.15430	10869	1	0.62738	0.57902	1	0.55117	0.67618	1	0.58928	0.62760	1	0.45997	0.55151	13.76392	1.00375	1	0.72364	0.57384	13.92260	1.00375	1	-0.01029	-0.01189	0.66312	0.00309	1	0.05611	-0.01622	0.65927	0.00305	1	1.45898	0.81042	0	
1234412	8326.69824	3304066581474	0.59555	0.62353	8326.53809	0.16016	10869	1	0.62738	0.57902	1	0.55117	0.67618	1	0.58928	0.62760	1	0.45966	0.55173	14.34004	1.00375	1	0.72356	0.57403	14.06338	1.00375	1	-0.01029	-0.01189	0.66312	0.00302	1	0.05611	-0.01627	0.65927	0.00308	1	1.45898	0.81042	0	
1234413	8326.70508	3304066648532	0.59538	0.62313	8326.53809	0.16699	10869	1	0.63838	0.59025	1	0.54405	0.63554	1	0.59121	0.61289	1	0.45999	0.55173	13.53281	1.00375	1	0.72346	0.57401	13.89623	1.00375	1	-0.01029	-0.01189	0.66312	0.00309	1	0.05611	-0.01627	0.65927	0.00311	1	1.45898	0.81042	0	
1234414	8326.71191	3304066715482	0.59483	0.62344	8326.53809	0.17383	10869	1	0.60093	0.61127	1	0.55988	0.65177	1	0.58041	0.63152	1	0.45946	0.55135	13.35001	1.00375	1	0.72372	0.57430	13.86732	1.00375	1	-0.01029	-0.01189	0.66312	0.00327	1	0.05611	-0.01627	0.65927	0.00305	1	1.45898	0.81042	0	
1234415	8326.71875	3304066781955	0.59431	0.62372	8326.53809	0.18066	10869	1	0.60093	0.61127	1	0.55988	0.65177	1	0.58041	0.63152	1	0.45945	0.55148	12.88670	1.00375	1	0.72332	0.57418	13.46994	1.00375	1	-0.01020	-0.01183	0.65709	0.00297	1	0.05611	-0.01627	0.65927	0.00307	1	1.45898	0.81042	0	
1234416	8326.72559	3304066849325	0.59379	0.62397	8326.53809	0.18750	10869	1	0.61255	0.60240	1	0.54585	0.65953	1	0.57920	0.63096	1	0.45935	0.55107	13.04194	1.00375	1	0.72351	0.57417	13.72246	1.00375	1	-0.01020	-0.01183	0.65709	0.00316	1	0.05611	-0.01627	0.65927	0.00309	1	1.45898	0.81042	0	
1234417	8326.73242	3304066916400	0.59299	0.62508	8326.53809	0.19434	10869	1	0.59605	0.66072	1	0.54349	0.65358	1	0.56977	0.65715	1	0.45921	0.55160	12.84576	1.00375	1	0.72350	0.57424	13.79543	1.00375	1	-0.01020	-0.01183	0.65709	0.00328	1	0.05611	-0.01627	0.65927	0.00308	1	1.45898	0.81042	0	
1234418	8326.73926	3304066983339	0.59224	0.62611	8326.53809	0.20117	10869	1	0.59605	0.66072	1	0.54349	0.65358	1	0.56977	0.65715	1	0.45945	0.55097	12.88409	1.00375	1	0.72369	0.57420	13.98524	1.00375	1	-0.01020	-0.01183	0.65709	0.00324	1	0.05611	-0.01627	0.65927	0.00326	1	1.45898	0.81042	0	
1234419	8326.74512	3304067048314	0.59160	0.62749	8326.53809	0.20703	10869	1	0.60213	0.65769	1	0.54151	0.68280	1	0.57182	0.67024	1	0.45951	0.55126	13.48003	1.00375	1	0.72349	0.57448	14.05888	1.00375	1	-0.01020	-0.01183	0.65709	0.00328	1	0.05611	-0.01627	0.65927	0.00314	1	1.45898	0.81042	0	
1234420	8326.75195	3304067114909	0.59113	0.63003	8326.53809	0.21387	10869	1	0.60790	0.70239	1	0.54427	0.72011	1	0.57609	0.71125	1	0.45932	0.55162	12.85718	1.00375	1	0.72347	0.57437	13.88032	1.00375	1	-0.01020	-0.01183	0.65709	0.00321	1	0.05611	-0.01627	0.65927	0.00316	1	1.45898	0.81042	0	
1234421	8326.75879	3304067180979	0.59068	0.63252	8326.53809	0.22070	10869	1	0.60816	0.70575	1	0.54351	0.72355	1	0.57584	0.71465	1	0.45932	0.55175	13.07451	0.99662	1	0.72377	0.57446	13.69887	0.99662	1	-0.00979	-0.01136	0.63379	0.00309	1	0.05611	-0.01627	0.65927	0.00328	1	1.45898	0.81042	0	
1234422	8326.76562	3304067248995	0.59075	0.63478	8326.53809	0.22754	10869	1	0.62910	0.70120	1	0.55663	0.72212	1	0.59286	0.71166	1	0.45951	0.55164	13.52216	0.98950	1	0.72379	0.57442	13.60888	0.98950	1	-0.00979	-0.01136	0.63379	0.00307	1	0.05611	-0.01627	0.65927	0.00313	1	1.45898	0.81042	0	
1234423	8326.77148	3304067314711	0.58060	0.66301	8326.53809	0.22754	10869	0	0.61759	0.67389	1	0.56350	0.72512	1	0.59055	0.69951	1	0.45958	0.55161	13.76840	0.98237	1	0.72390	0.57435	13.78479	0.98237	1	-0.00979	-0.01136	0.63379	0.00307	1	0.05611	-0.01627	0.65927	0.00325	1	1.45898	0.81042	0	
1234424	8326.77832	3304067380759	0.58582	0.68032	8326.53809	0.22754	10869	0	0.61759	0.67389	1	0.56448	0.72137	1	0.59104	0.69763	1	0.45967	0.55160	13.73230	0.98237	1	0.72388	0.57436	13.93910	0.99003	1	-0.01019	-0.01189	0.66308	0.00309	1	0.05520	-0.01599	0.64808	0.00321	1	1.45898	0.81042	0	
1234425	8326.78516	3304067449728	0.58327	0.68285	8326.53809	0.22754	10869	0	0.59367	0.65532	1	0.56270	0.72050	1	0.57818	0.68791	1	0.45970	0.55145	13.60628	0.99716	1	0.72386	0.57446	13.98385	1.00482	1	-0.01019	-0.01189	0.66308	0.00301	1	0.05520	-0.01599	0.64808	0.00319	1	1.45898	0.81042	0	
1234426	8326.79199	3304067515569	0.58258	0.67311	8326.77148	0.02051	10870	1	0.59563	0.58679	1	0.56538	0.70100	1	0.58050	0.64389	1	0.45997	0.55139	12.90790	1.01194	1	0.72386	0.57435	13.78026	1.01960	1	-0.01019	-0.01189	0.66308	0.00303	1	0.05520	-0.01599	0.64808	0.00325	1	1.45898	0.81042	0	
1234427	8326.79883	3304067579388	0.58225	0.66519	8326.77148	0.02734	10870	1	0.59455	0.57350	1	0.56727	0.69349	1	0.58091	0.63350	1	0.46011	0.55145	13.39719	1.03474	1	0.72389	0.57444	13.92262	1.03474	1	-0.01034	-0.01202	0.67606	0.00307	1	0.05649	-0.01640	0.66266	0.00318	1	1.45898	0.81042	0	
1234428	8326.80566	3304067648819	0.58211	0.66311	8326.77148	0.03418	10870	1	0.61427	0.60975	1	0.54855	0.69567	1	0.58141	0.65271	1	0.46008	0.55116	13.44170	1.04276	1	0.72395	0.57441	13.94242	1.03510	1	-0.01034	-0.01202	0.67606	0.00296	1	0.05649	-0.01640	0.66266	0.00328	1	1.45898	0.81042	0	
1234429	8326.81250	3304067717754	0.58395	0.66212	8326.77148	0.04102	10870	1	0.62753	0.61661	1	0.56242	0.69571	1	0.59498	0.65616	1	0.46017	0.55112	13.25358	1.04312	1	0.72401	0.57435	13.96628	1.03546	1	-0.01034	-0.01202	0.67606	0.00298	1	0.05649	-0.01640	0.66266	0.00328	1	1.45898	0.81042	0	
1234430	8326.81934	3304067787542	0.58533	0.66135	8326.77148	0.04785	10870	1	0.62753	0.61642	1	0.56247	0.69554	1	0.59500	0.65598	1	0.46015	0.55122	13.43517	1.04348	1	0.72394	0.57425	13.19985	1.03582	1	-0.01047	-0.01212	0.68470	0.00292	1	0.05546	-0.01602	0.64936	0.00325	1	1.45898	0.81042	0	
1234431	8326.82617	3304067854207	0.58553	0.66093	8326.77148	0.05469	10870	1	0.62908	0.64212	1	0.54526	0.67303	1	0.58717	0.65758	1	0.46014	0.55124	13.50857	1.03582	1	0.72423	0.57432	13.46272	1.03582	1	-0.01047	-0.01212	0.68470	0.00287	1	0.05546	-0.01602	0.64936	0.00306	1	1.45898	0.81042	0	
1234432	8326.83301	3304067920914	0.58339	0.65955	8326.77148	0.06152	10870	1	0.58670	0.60040	1	0.54144	0.69386	1	0.56407	0.64713	1	0.45994	0.55110	13.11285	1.03582	1	0.72413	0.57432	13.59165	1.03582	1	-0.01047	-0.01212	0.68470	0.00288	1	0.05546	-0.01602	0.64936	0.00316	1	1.45898	0.81042	0	
1234433	8326.83887	3304067988033	0.58161	0.65880	8326.77148	0.06738	10870	1	0.58714	0.60486	1	0.54064	0.69781	1	0.56389	0.65134	1	0.46031	0.55062	13.05294	1.02780	1	0.72461	0.57456	13.97526	1.02780	1	-0.01000	-0.01163	0.65730	0.00284	1	0.05546	-0.01602	0.64936	0.00310	1	1.45898	0.81042	0	
1234434	8326.84570	3304068055449	0.58218	0.65747	8326.77148	0.07422	10870	1	0.61148	0.60662	1	0.56539	0.67910	1	0.58843	0.64286	1	0.46032	0.55109	13.42128	1.01978	1	0.72452	0.57451	14.07421	1.01978	1	-0.01000	-0.01163	0.65730	0.00294	1	0.05546	-0.01602	0.64936	0.00306	1	1.45898	0.81042	0	
1234435	8326.85254	3304068122236	0.58357	0.65782	8326.77148	0.08105	10870	1	0.63641	0.64051	1	0.56402	0.68353	1	0.60021	0.66202	1	0.46078	0.55112	12.92124	1.01177	1	0.72457	0.57453	14.07687	1.01177	1	-0.01000	-0.01163	0.65730	0.00292	1	0.05546	-0.01602	0.64936	0.00311	1	1.45898	0.81042	0	
1234436	8326.85938	3304068189600	0.58476	0.65828	8326.77148	0.08789	10870	1	0.63650	0.64474	1	0.56397	0.68371	1	0.60023	0.66423	1	0.46078	0.55112	12.92124	1.00375	1	0.72476	0.57482	13.92228	1.01141	1	-0.01012	-0.01189	0.67163	0.00292	1	0.05860	-0.01692	0.68554	0.00310	1	1.45898	0.81042	0	
1234437	8326.86621	3304068255928	0.58340	0.66070	8326.77148	0.09473	10870	1	0.57376	0.65548	1	0.55494	0.73355	1	0.56435	0.69451	1	0.45998	0.55108	12.51465	1.01141	1	0.72441	0.57458	13.84852	1.01907	1	-0.01012	-0.01189	0.67163	0.00300	1	0.05860	-0.01692	0.68554	0.00312	1	1.45898	0.81042	0	
1234438	8326.87305	3304068322895	0.58520	0.66118	8326.77148	0.10156	10870	1	0.63062	0.62441	1	0.59394	0.71241	1	0.61228	0.66841	1	0.46010	0.55077	12.93372	1.01907	1	0.72428	0.57447	13.66856	1.02673	1	-0.01012	-0.01189	0.67163	0.00306	1	0.05860	-0.01692	0.68554	0.00321	1	1.45898	0.81042	0	
1234439	8326.87988	3304068390159	0.58683	0.66137	8326.77148	0.10840	10870	1	0.63050	0.62027	1	0.59510	0.70872	1	0.61280	0.66449	1	0.45732	0.55134	12.92403	1.02673	1	0.72144	0.57377	13.49517	1.03439	1	-0.01030	-0.01163	0.65696	0.00304	1	0.05709	-0.01665	0.67256	0.00306	1	1.45898	0.81042	0	
1234440	8326.88574	3304068457014	0.58091	0.66109	8326.77148	0.11426	10870	1	0.49714	0.65319	1	0.46352	0.65946	1	0.48033	0.65632	1	0.45642	0.55113	12.91737	1.03439	1	0.72073	0.57406	13.74054	1.03439	1	-0.01030	-0.01163	0.65696	0.00292	1	0.05709	-0.01665	0.67256	0.00307	1	1.45898	0.81042	0	
1234441	8326.89258	3304068524054	0.57709	0.65975	8326.77148	0.12109	10870	1	0.50858	0.63045	1	0.50822	0.64052	1	0.50840	0.63549	1	0.45620	0.55114	12.61086	1.03439	1	0.72043	0.57360	13.76888	1.03439	1	-0.01030	-0.01163	0.65696	0.00298	1	0.05709	-0.01665	0.67256	0.00304	1	1.45898	0.81042	0	
1234442	8326.89941	3304068590987	0.57365	0.65832	8326.77148	0.12793	10870	1	0.50759	0.62620	1	0.50878	0.63616	1	0.50818	0.63118	1	0.45426	0.55147	13.21817	1.04240	1	0.71793	0.57393	14.05580	1.04240	1	-0.01107	-0.01204	0.68332	0.00303	1	0.05749	-0.01683	0.68215	0.00312	1	1.45898	0.81042	0	
1234443	8326.90625	3304068658141	0.56386	0.65683	8326.77148	0.13477	10870	1	0.39379	0.64756	1	0.34220	0.60676	1	0.36799	0.62716	1	0.45427	0.55126	13.04165	1.05042	1	0.71799	0.57373	13.82945	1.05042	1	-0.01107	-0.01204	0.68332	0.00309	1	0.05749	-0.01683	0.68215	0.00309	1	1.45898	0.81042	0	
1234444	8326.91309	3304068724970	0.55542	0.65737	8326.77148	0.14160	10870	1	0.40326	0.70461	1	0.35312	0.63265	1	0.37819	0.66863	1	0.45431	0.55166	13.34557	1.05844	1	0.71809	0.57394	13.91086	1.05844	1	-0.01107	-0.01204	0.68332	0.00313	1	0.05749	-0.01683	0.68215	0.00302	1	1.45898	0.81042	0	
1234445	8326.91992	3304068791770	0.51656	0.65683	8326.77148	0.14160	10870	0	0.40155	0.70099	1	0.35309	0.63246	1	0.37732	0.66672	1	0.45510	0.55142	12.82600	1.06645	1	0.71817	0.57364	13.13011	1.05879	1	-0.01099	-0.01202	0.67884	0.00329	1	0.05535	-0.01619	0.65622	0.00328	1	1.45898	0.81042	0	
1234446	8326.92578	3304068857466	0.44952	0.63471	8326.77148	0.14160	10870	0	0.42682	0.66133	1	0.33813	0.56384	1	0.38248	0.61258	1	0.45528	0.55138	12.88518	1.05879	1	0.71822	0.57369	12.80982	1.05114	1	-0.01099	-0.01202	0.67884	0.00347	1	0.05535	-0.01619	0.65622	0.00333	1	1.45898	0.81042	0	
1234447	8326.93262	3304068925818	0.42773	0.63159	8326.77148	0.14160	10870	0	0.42693	0.66879	1	0.34139	0.58190	1	0.38416	0.62535	1	0.45524	0.55142	12.79678	1.05114	1	0.71820	0.57378	12.96086	1.04348	1	-0.01099	-0.01202	0.67884	0.00347	1	0.05535	-0.01619	0.65622	0.00327	1	1.45898	0.81042	0	
1234448	8326.93945	3304068992885	0.38443	0.62457	8326.77148	0.14160	10870	0	0.42996	0.67645	1	0.34335	0.59509	1	0.38666	0.63577	1	0.45529	0.55153	13.10118	1.03546	1	0.71846	0.57394	13.36286	1.02099	1	-0.01051	-0.01160	0.65826	0.00325	1	0.05506	-0.01614	0.65211	0.00324	1	1.45898	0.81042	0	
1234449	8326.94629	3304069059993	0.38584	0.64797	8326.77148	0.14160	10870	0	0.42167	0.71721	1	0.35281	0.62555	1	0.38724	0.67138	1	0.45492	0.55173	13.38145	1.01298	1	0.71849	0.57419	13.70480	1.00617	1	-0.01051	-0.01160	0.65826	0.00316	1	0.05506	-0.01614	0.65211	0.00305	1	1.45898	0.81042	0	
1234450	8326.95312	3304069127108	0.38527	0.65330	8326.77148	0.14160	10870	0	0.43681	0.70192	1	0.33146	0.62599	1	0.38414	0.66396	1	0.45516	0.55154	13.12149	0.99815	1	0.71844	0.57421	13.37227	0.99134	1	-0.01051	-0.01160	0.65826	0.00313	1	0.05506	-0.01614	0.65211	0.00301	1	1.45898	0.81042	0	
1234451	8326.95996	3304069191451	0.38506	0.65582	8326.93945	0.02051	10871	1	0.43814	0.70519	1	0.33068	0.62160	1	0.38441	0.66340	1	0.45505	0.55166	13.33304	0.99134	1	0.71877	0.57464	13.03493	0.99900	1	-0.01072	-0.01193	0.67418	0.00304	1	0.05732	-0.01677	0.67767	0.00300	1	1.45898	0.81042	0	
1234452	8326.96582	3304069257542	0.38489	0.65628	8326.93945	0.02637	10871	1	0.42147	0.70818	1	0.34697	0.60803	1	0.38422	0.65810	1	0.45530	0.55164	13.36257	1.00702	1	0.71882	0.57462	12.99216	1.02149	1	-0.01072	-0.01193	0.67418	0.00312	1	0.05732	-0.01677	0.67767	0.00305	1	1.45898	0.81042	0	
1234453	8326.97266	3304069325082	0.38249	0.65599	8326.93945	0.03320	10871	1	0.40067	0.72026	1	0.34033	0.58884	1	0.37050	0.65455	1	0.45498	0.55186	12.96304	1.02950	1	0.71872	0.57453	12.69896	1.04397	1	-0.01072	-0.01193	0.67418	0.00313	1	0.05732	-0.01677	0.67767	0.00309	1	1.45898	0.81042	0	
1234454	8326.97949	3304069392494	0.38033	0.65445	8326.93945	0.04004	10871	1	0.39568	0.71015	1	0.33902	0.58026	1	0.36735	0.64521	1	0.45548	0.55200	13.24050	1.05199	1	0.71911	0.57471	13.34898	1.05879	1	-0.01072	-0.01188	0.67418	0.00316	1	0.05663	-0.01671	0.66900	0.00302	1	1.45898	0.81042	0	
1234455	8326.98633	3304069462019	0.38477	0.65733	8326.93945	0.04688	10871	1	0.45383	0.69019	1	0.37787	0.66481	1	0.41585	0.67750	1	0.45617	0.55173	12.81627	1.05879	1	0.71919	0.57515	13.62197	1.05114	1	-0.01072	-0.01188	0.67418	0.00350	1	0.05663	-0.01671	0.66900	0.00314	1	1.45898	0.81042	0	
1234456	8326.99316	3304069528841	0.38520	0.65941	8326.93945	0.05371	10871	1	0.41826	0.68228	1	0.35897	0.66981	1	0.38862	0.67604	1	0.45589	0.55164	12.79594	1.05114	1	0.71920	0.57519	13.53915	1.04348	1	-0.01072	-0.01188	0.67418	0.00336	1	0.05663	-0.01671	0.66900	0.00313	1	1.45898	0.81042	0	
1234457	8327.00000	3304069595741	0.38567	0.66162	8326.93945	0.06055	10871	1	0.41980	0.68592	1	0.36000	0.67710	1	0.38990	0.68151	1	0.45603	0.55164	12.92910	1.04348	1	0.71903	0.57481	12.87042	1.02901	1	-0.01072	-0.01193	0.67418	0.00318	1	0.05432	-0.01606	0.64107	0.00323	1	1.45898	0.81042	0	
1234458	8327.00684	3304069662644	0.38636	0.65922	8326.93945	0.06738	10871	1	0.42977	0.68819	1	0.35672	0.58234	1	0.39325	0.63526	1	0.45594	0.55152	12.72087	1.02901	1	0.71922	0.57480	12.79347	1.02220	1	-0.01072	-0.01193	0.67418	0.00313	1	0.05432	-0.01606	0.64107	0.00328	1	1.45898	0.81042	0	
1234459	8327.01367	3304069729712	0.38765	0.65950	8326.93945	0.07422	10871	1	0.42283	0.71338	1	0.38107	0.61168	1	0.40195	0.66253	1	0.45583	0.55193	12.88430	1.02220	1	0.71953	0.57501	12.20213	1.01539	1	-0.01072	-0.01193	0.67418	0.00312	1	0.05432	-0.01606	0.64107	0.00317	1	1.45898	0.81042	0	
1234460	8327.02051	3304069796681	0.38887	0.66000	8326.93945	0.08105	10871	1	0.42586	0.72018	1	0.38109	0.61188	1	0.40347	0.66603	1	0.45595	0.55183	12.71740	1.00738	1	0.71938	0.57477	11.87162	1.01503	1	-0.01026	-0.01152	0.64828	0.00339	1	0.05709	-0.01685	0.67256	0.00321	1	1.45898	0.81042	0	
1234461	8327.02637	3304069861741	0.38931	0.66091	8326.93945	0.08691	10871	1	0.41981	0.72370	1	0.37030	0.62159	1	0.39506	0.67264	1	0.45576	0.55181	12.93909	1.00702	1	0.71932	0.57509	13.10231	1.02149	1	-0.01026	-0.01152	0.64828	0.00315	1	0.05709	-0.01685	0.67256	0.00303	1	1.45898	0.81042	0	
1234462	8327.03320	3304069929808	0.38967	0.66148	8326.93945	0.09375	10871	1	0.42099	0.72201	1	0.36827	0.61712	1	0.39463	0.66957	1	0.45573	0.55169	13.03832	1.01347	1	0.71970	0.57490	12.64413	1.02794	1	-0.01026	-0.01152	0.64828	0.00318	1	0.05709	-0.01685	0.67256	0.00308	1	1.45898	0.81042	0	
1234463	8327.04004	3304069997661	0.38992	0.66178	8326.93945	0.10059	10871	1	0.41966	0.71908	1	0.36786	0.61349	1	0.39376	0.66629	1	0.45597	0.55192	13.02558	1.01992	1	0.71949	0.57547	12.90312	1.03439	1	-0.01030	-0.01173	0.65695	0.00309	1	0.05709	-0.01685	0.67256	0.00297	1	1.45898	0.81042	0	
1234464	8327.04688	3304070064619	0.38995	0.66271	8326.93945	0.10742	10871	1	0.43331	0.70636	1	0.34729	0.64874	1	0.39030	0.67755	1	0.45609	0.55214	13.26366	1.03439	1	0.71934	0.57556	12.24736	1.03439	1	-0.01030	-0.01173	0.65695	0.00318	1	0.05709	-0.01685	0.67256	0.00305	1	1.45898	0.81042	0	
1234465	8327.05371	3304070131628	0.39003	0.66383	8326.93945	0.11426	10871	1	0.44184	0.71421	1	0.34094	0.65152	1	0.39139	0.68286	1	0.45622	0.55232	13.18609	1.03439	1	0.71932	0.57558	12.58454	1.03439	1	-0.01030	-0.01173	0.65695	0.00327	1	0.05709	-0.01685	0.67256	0.00302	1	1.45898	0.81042	0	
1234466	8327.06055	3304070198578	0.39010	0.66483	8326.93945	0.12109	10871	1	0.44184	0.71421	1	0.34094	0.65152	1	0.39139	0.68286	1	0.45622	0.55233	12.95826	1.03439	1	0.71957	0.57519	12.87356	1.03439	1	-0.01030	-0.01173	0.65695	0.00331	1	0.05824	-0.01724	0.68614	0.00325	1	1.45898	0.81042	0	
1234467	8327.06738	3304070264660	0.39111	0.66458	8326.93945	0.12793	10871	1	0.45771	0.71470	1	0.36278	0.60470	1	0.41024	0.65970	1	0.45632	0.55256	13.35901	1.03439	1	0.71956	0.57546	13.00210	1.03439	1	-0.01030	-0.01173	0.65695	0.00320	1	0.05824	-0.01724	0.68614	0.00295	1	1.45898	0.81042	0	AUDIO_FILE_OFFSET
1234468	8327.07324	3304070332122	0.39107	0.66515	8326.93945	0.13379	10871	1	0.43318	0.73002	1	0.34765	0.62308	1	0.39042	0.67655	1	0.45606	0.55256	13.09413	1.03439	1	0.71948	0.57567	13.07524	1.03439	1	-0.01030	-0.01173	0.65695	0.00318	1	0.05824	-0.01724	0.68614	0.00294	1	1.45898	0.81042	0	
1234469	8327.08008	3304070398991	0.39104	0.66566	8326.93945	0.14062	10871	1	0.43318	0.73002	1	0.34765	0.62308	1	0.39042	0.67655	1	0.45600	0.55260	12.82898	1.03439	1	0.71960	0.57580	12.99295	1.03439	1	-0.01027	-0.01175	0.65530	0.00311	1	0.05824	-0.01734	0.68614	0.00300	1	1.45898	0.81042	0	
1234470	8327.08691	3304070466676	0.39138	0.66681	8326.93945	0.14746	10871	1	0.42674	0.70699	1	0.37073	0.67692	1	0.39874	0.69195	1	0.45590	0.55283	12.91217	1.03439	1	0.71965	0.57603	13.64275	1.03439	1	-0.01027	-0.01175	0.65530	0.00311	1	0.05824	-0.01734	0.68614	0.00311	1	1.45898	0.81042	0	
1234471	8327.09375	3304070534153	0.39162	0.66628	8326.93945	0.15430	10871	1	0.43815	0.68297	1	0.35628	0.62546	1	0.39721	0.65421	1	0.45608	0.55252	12.74794	1.03439	1	0.71962	0.57589	12.87147	1.03439	1	-0.01027	-0.01175	0.65530	0.00312	1	0.05824	-0.01734	0.68614	0.00317	1	1.45898	0.81042	0	
1234472	8327.10059	3304070598001	0.39181	0.66572	8326.93945	0.16113	10871	1	0.43665	0.67910	1	0.35626	0.62526	1	0.39645	0.65218	1	0.45624	0.55284	13.22154	1.04240	1	0.71979	0.57597	13.08704	1.03474	1	-0.01069	-0.01229	0.68555	0.00299	1	0.05643	-0.01679	0.66422	0.00318	1	1.45898	0.81042	0	
1234473	8327.10645	3304070661239	0.39186	0.66682	8326.93945	0.16699	10871	1	0.41779	0.71419	1	0.36834	0.67446	1	0.39306	0.69433	1	0.45634	0.55287	12.54733	1.04276	1	0.71975	0.57628	13.52470	1.03510	1	-0.01069	-0.01229	0.68555	0.00309	1	0.05643	-0.01679	0.66422	0.00302	1	1.45898	0.81042	0	
1234775	8329.12988	3304090896217	0.00000	0.00000	8328.94922	0.10742	10879	0	0.47546	0.43150	0	0.44095	0.40022	0	0.44095	0.40022	0	0.44046	0.54723	11.69939	1.03439	0	0.70911	0.55956	13.34635	1.03439	0	-0.01454	-0.01146	0.65272	0.00397	1	0.05340	-0.01481	0.68088	0.00370	1	1.45898	0.81042	0	START_TRIAL
1234776	8329.13672	3304090962424	0.00000	0.00000	8328.94922	0.10742	10879	0	0.47546	0.43150	0	0.44095	0.40022	0	0.44095	0.40022	0	0.44046	0.54723	11.69939	1.03439	0	0.70911	0.55956	13.34635	1.03439	0	-0.01454	-0.01146	0.65272	0.00397	1	0.05340	-0.01481	0.68088	0.00370	1	1.45898	0.81042	0	
1234777	8329.14355	3304091030464	0.00000	0.00000	8328.94922	0.10742	10879	0	0.47546	0.43150	0	0.44095	0.40022	0	0.44095	0.40022	0	0.44046	0.54723	11.69939	1.03439	0	0.70911	0.55956	13.34635	1.03439	0	-0.01454	-0.01146	0.65272	0.00397	1	0.05340	-0.01481	0.68088	0.00370	1	1.45898	0.81042	0	
1234778	8329.15039	3304091096222	0.00000	0.00000	8328.94922	0.10742	10879	0	0.47546	0.43150	0	0.44095	0.40022	0	0.44095	0.40022	0	0.44046	0.54723	11.69939	1.03439	0	0.70911	0.55956	13.34635	1.03439	0	-0.01454	-0.01146	0.65272	0.00397	1	0.05340	-0.01481	0.68088	0.00370	1	1.45898	0.81042	0	
1234779	8329.15723	3304091163996	0.00000	0.00000	8328.94922	0.10742	10879	0	0.47546	0.43150	0	0.44095	0.40022	0	0.44095	0.40022	0	0.44046	0.54723	11.69939	1.03439	0	0.70911	0.55956	13.34635	1.03439	0	-0.01454	-0.01146	0.65272	0.00397	1	0.05340	-0.01481	0.68088	0.00370	1	1.45898	0.81042	0	
1234780	8329.16406	3304091231060	0.00000	0.00000	8328.94922	0.10742	10879	0	0.47546	0.43150	0	0.44095	0.40022	0	0.44095	0.40022	0	0.44046	0.54723	11.69939	1.03439	0	0.70911	0.55956	13.34635	1.03439	0	-0.01454	-0.01146	0.65272	0.00397	1	0.05340	-0.01481	0.68088	0.00370	1	1.45898	0.81042	0	
1234781	8329.16992	3304091298731	0.22050	0.19676	8328.94922	0.10742	10879	0	0.47546	0.43150	0	0.44100	0.39352	1	0.44100	0.39352	1	0.44046	0.54723	11.69939	1.03439	0	0.44944	0.53346	11.33592	1.04307	1	-0.01454	-0.01146	0.65272	0.00397	1	-0.01343	-0.00985	0.71342	0.00247	1	1.45898	0.81042	0	
1234782	8329.17676	3304091365569	0.27291	0.25709	8328.94922	0.10742	10879	0	0.47546	0.43150	0	0.37773	0.37775	1	0.37773	0.37775	1	0.44046	0.54723	11.69939	1.04307	0	0.44953	0.53535	11.19227	1.05175	1	-0.01454	-0.01146	0.65272	0.00397	1	-0.01343	-0.00985	0.71342	0.00362	1	1.45898	0.81042	0	
1234783	8329.18359	3304091430178	0.39191	0.40397	8328.94922	0.10742	10879	0	0.47546	0.43150	0	0.35701	0.44065	1	0.35701	0.44065	1	0.44046	0.54723	11.69939	1.05175	0	0.44955	0.53568	11.39250	1.06043	1	-0.01454	-0.01146	0.65272	0.00397	1	-0.01343	-0.00985	0.71342	0.00373	1	1.45898	0.81042	0	
1234784	8329.19043	3304091498735	0.37473	0.42502	8328.94922	0.10742	10879	0	0.47546	0.43150	0	0.35755	0.44608	1	0.35755	0.44608	1	0.44046	0.54723	11.69939	1.06043	0	0.44992	0.53144	11.48620	1.05277	1	-0.01454	-0.01146	0.65272	0.00397	1	-0.01239	-0.00876	0.66387	0.00240	1	1.45898	0.81042	0	
1234785	8329.19629	3304091561467	0.37602	0.40634	8328.94922	0.10742	10879	0	0.47546	0.43150	0	0.37858	0.36896	1	0.37858	0.36896	1	0.44046	0.54723	11.69939	1.05277	0	0.45017	0.53331	11.78014	1.03643	1	-0.01454	-0.01146	0.65272	0.00397	1	-0.01239	-0.00876	0.66387	0.00381	1	1.45898	0.81042	0	
1234786	8329.20312	3304091630516	0.37834	0.41202	8329.18359	0.01953	10880	1	0.47546	0.43150	0	0.38533	0.42907	1	0.38533	0.42907	1	0.44046	0.54723	11.69939	1.03643	0	0.45032	0.53319	11.34966	1.02009	1	-0.01454	-0.01146	0.65272	0.00397	1	-0.01239	-0.00876	0.66387	0.00370	1	1.45898	0.81042	0	
1234787	8329.20996	3304091697367	0.37974	0.41543	8329.18359	0.02637	10880	1	0.47546	0.43150	0	0.38533	0.42907	1	0.38533	0.42907	1	0.44046	0.54723	11.69939	1.02009	0	0.45026	0.52980	11.66526	1.02009	1	-0.01454	-0.01146	0.65272	0.00397	1	-0.01271	-0.00870	0.68643	0.00240	1	1.45898	0.81042	0	
1234788	8329.21680	3304091764511	0.37974	0.41543	8329.18359	0.03320	10880	1	0.47546	0.43150	0	0.38533	0.42907	0	0.38533	0.42907	0	0.44046	0.54723	11.69939	1.02009	0	0.45026	0.52980	11.66526	1.03643	0	-0.01454	-0.01146	0.65272	0.00397	1	-0.01271	-0.00870	0.68643	0.00240	1	1.45898	0.81042	0	
1234789	8329.22363	3304091830869	0.37974	0.41543	8329.18359	0.04004	10880	1	0.47546	0.43150	0	0.38533	0.42907	0	0.38533	0.42907	0	0.44046	0.54723	11.69939	1.03643	0	0.45026	0.52980	11.66526	1.05277	0	-0.01454	-0.01146	0.65272	0.00397	1	-0.01271	-0.00870	0.68643	0.00240	1	1.45898	0.81042	0	
1234790	8329.23047	3304091898622	0.37974	0.41543	8329.18359	0.04688	10880	1	0.47546	0.43150	0	0.38533	0.42907	0	0.38533	0.42907	0	0.44046	0.54723	11.69939	1.05277	0	0.45026	0.52980	11.66526	1.06911	0	-0.01454	-0.01146	0.65272	0.00397	1	-0.01271	-0.00870	0.68643	0.00240	1	1.45898	0.81042	0	
1234791	8329.23730	3304091964429	0.37670	0.41830	8329.18359	0.04688	10880	0	0.47546	0.43150	0	0.38533	0.42907	0	0.38533	0.42907	0	0.44046	0.54723	11.69939	1.06911	0	0.45026	0.52980	11.66526	1.06911	0	-0.01454	-0.01146	0.65272	0.00397	1	-0.01271	-0.00870	0.68643	0.00240	1	1.45898	0.81042	0	
1234792	8329.24414	3304092031844	0.37670	0.41830	8329.18359	0.04688	10880	0	0.47546	0.43150	0	0.38533	0.42907	0	0.38533	0.42907	0	0.44046	0.54723	11.69939	1.06911	0	0.45026	0.52980	11.66526	1.06911	0	-0.01454	-0.01146	0.65272	0.00397	1	-0.01271	-0.00870	0.68643	0.00240	1	1.45898	0.81042	0	
1234793	8329.25000	3304092097710	0.37670	0.41830	8329.18359	0.04688	10880	0	0.47546	0.43150	0	0.38533	0.42907	0	0.38533	0.42907	0	0.44046	0.54723	11.69939	1.06911	0	0.45026	0.52980	11.66526	1.06911	0	-0.01454	-0.01146	0.65272	0.00397	1	-0.01271	-0.00870	0.68643	0.00240	1	1.45898	0.81042	0	
1234794	8329.25781	3304092169082	0.00000	0.00000	8329.18359	0.04688	10880	0	0.47546	0.43150	0	0.38533	0.42907	0	0.38533	0.42907	0	0.44046	0.54723	11.69939	1.06911	0	0.45026	0.52980	11.66526	1.06911	0	-0.01454	-0.01146	0.65272	0.00397	1	-0.01271	-0.00870	0.68643	0.00240	1	1.45898	0.81042	0	
1234795	8329.26367	3304092235696	0.00000	0.00000	8329.18359	0.04688	10880	0	0.47546	0.43150	0	0.38533	0.42907	0	0.38533	0.42907	0	0.44046	0.54723	11.69939	1.06911	0	0.45026	0.52980	11.66526	1.06911	0	-0.01454	-0.01146	0.65272	0.00397	1	-0.01271	-0.00870	0.68643	0.00240	1	1.45898	0.81042	0	
1234796	8329.27051	3304092302783	0.00000	0.00000	8329.18359	0.04688	10880	0	0.47546	0.43150	0	0.38533	0.42907	0	0.38533	0.42907	0	0.44046	0.54723	11.69939	1.06911	0	0.45026	0.52980	11.66526	1.06911	0	-0.01454	-0.01146	0.65272	0.00397	1	-0.01271	-0.00870	0.68643	0.00240	1	1.45898	0.81042	0	
1234797	8329.27734	3304092369527	0.00000	0.00000	8329.18359	0.04688	10880	0	0.47546	0.43150	0	0.38533	0.42907	0	0.38533	0.42907	0	0.44046	0.54723	11.69939	1.06911	0	0.45026	0.52980	11.66526	1.06911	0	-0.01454	-0.01146	0.65272	0.00397	1	-0.01271	-0.00870	0.68643	0.00240	1	1.45898	0.81042	0	
1234798	8329.28418	3304092436454	0.25070	0.19257	8329.18359	0.04688	10880	0	0.51311	0.40787	1	0.48971	0.36241	1	0.50141	0.38514	1	0.45027	0.53007	11.68579	1.06911	1	0.71455	0.54980	13.10308	1.06911	1	-0.01454	-0.01146	0.65272	0.00366	1	-0.01271	-0.00870	0.68643	0.00396	1	1.45898	0.81042	0	
1234799	8329.29102	3304092503328	0.33412	0.25588	8329.18359	0.04688	10880	0	0.51220	0.40208	1	0.48968	0.36293	1	0.50094	0.38250	1	0.45026	0.52964	11.44688	1.07713	1	0.71464	0.54971	12.55971	1.06845	1	-0.01259	-0.00829	0.68232	0.00398	1	0.05523	-0.01208	0.67085	0.00393	1	1.45898	0.81042	0	
1234800	8329.29785	3304092568956	0.49898	0.35321	8329.18359	0.04688	10880	0	0.49446	0.25005	1	0.49470	0.33396	1	0.49458	0.29200	1	0.45038	0.52945	11.69796	1.07646	1	0.71499	0.54961	12.04837	1.06778	1	-0.01259	-0.00829	0.68232	0.00413	1	0.05523	-0.01208	0.67085	0.00394	1	1.45898	0.81042	0	
1234801	8329.30469	3304092638247	0.49318	0.32024	8329.18359	0.04688	10880	0	0.51990	0.28686	1	0.45487	0.28766	1	0.48739	0.28726	1	0.45080	0.52978	11.99996	1.07580	1	0.71469	0.54920	12.77328	1.06712	1	-0.01259	-0.00829	0.68232	0.00395	1	0.05523	-0.01208	0.67085	0.00386	1	1.45898	0.81042	0	
1234802	8329.31055	3304092704459	0.49135	0.31277	8329.18359	0.04688	10880	0	0.52083	0.29407	1	0.45457	0.30163	1	0.48770	0.29785	1	0.45059	0.53056	12.19579	1.06712	1	0.71500	0.55002	12.27962	1.05078	1	-0.01196	-0.00796	0.65108	0.00375	1	0.05442	-0.01204	0.66038	0.00406	1	1.45898	0.81042	0	
1234803	8329.31738	3304092771251	0.48918	0.30092	8329.29785	0.01953	10881	1	0.49613	0.18002	1	0.46921	0.35070	1	0.48267	0.26536	1	0.45085	0.52822	12.04349	1.04276	1	0.71504	0.55068	12.60731	1.03510	1	-0.01196	-0.00796	0.65108	0.00240	1	0.05442	-0.01204	0.66038	0.00392	1	1.45898	0.81042	0	
1234804	8329.32422	3304092838247	0.48415	0.29598	8329.29785	0.02637	10881	1	0.48557	0.20430	1	0.44250	0.34816	1	0.46403	0.27623	1	0.45097	0.52820	11.77708	1.02709	1	0.71538	0.55034	12.75048	1.01943	1	-0.01196	-0.00796	0.65108	0.00247	1	0.05442	-0.01204	0.66038	0.00380	1	1.45898	0.81042	0	
1234805	8329.33105	3304092905252	0.48088	0.29383	8329.29785	0.03320	10881	1	0.48664	0.21159	1	0.44244	0.35455	1	0.46454	0.28307	1	0.45203	0.53066	11.34604	1.01943	1	0.71640	0.55114	12.10407	1.01177	1	-0.01236	-0.00855	0.68672	0.00398	1	0.05434	-0.01217	0.65701	0.00395	1	1.45898	0.81042	0	
1234806	8329.33789	3304092973009	0.48422	0.29329	8329.29785	0.04004	10881	1	0.51211	0.19107	1	0.49642	0.38906	1	0.50426	0.29006	1	0.45178	0.52902	12.13767	1.01978	1	0.71620	0.55178	12.88540	1.01978	1	-0.01236	-0.00855	0.68672	0.00243	1	0.05434	-0.01217	0.65701	0.00392	1	1.45898	0.81042	0	
1234807	8329.34473	3304093039858	0.48573	0.28707	8329.29785	0.04688	10881	1	0.51027	0.11512	1	0.48224	0.37198	1	0.49625	0.24355	1	0.45185	0.52913	12.06070	1.02780	1	0.71636	0.55179	12.47464	1.02780	1	-0.01236	-0.00855	0.68672	0.00241	1	0.05434	-0.01217	0.65701	0.00405	1	1.45898	0.81042	0	
1234808	8329.35156	3304093107025	0.48692	0.28189	8329.29785	0.05371	10881	1	0.51027	0.11512	1	0.48258	0.36579	1	0.49643	0.24046	1	0.45211	0.53168	12.00244	1.02780	1	0.71675	0.55263	12.26242	1.03546	1	-0.01193	-0.00854	0.66576	0.00416	1	0.05620	-0.01281	0.67764	0.00373	1	1.45898	0.81042	0	
1234809	8329.35742	3304093173967	0.47901	0.26600	8329.29785	0.05957	10881	1	0.51027	0.11512	0	0.40786	0.12296	1	0.40786	0.12296	1	0.45211	0.53168	12.00244	1.02744	0	0.45208	0.53015	12.04389	1.03510	1	-0.01193	-0.00854	0.66576	0.00416	1	0.05620	-0.01281	0.67764	0.00239	1	1.45898	0.81042	0	
1234810	8329.36426	3304093239645	0.47054	0.24656	8329.29785	0.06641	10881	1	0.51027	0.11512	0	0.38580	0.05215	1	0.38580	0.05215	1	0.45211	0.53168	12.00244	1.02709	0	0.45209	0.53012	11.88885	1.03474	1	-0.01193	-0.00854	0.66576	0.00416	1	0.05620	-0.01281	0.67764	0.00239	1	1.45898	0.81042	0	
1234811	8329.37109	3304093308007	0.46348	0.23039	8329.29785	0.07324	10881	1	0.51027	0.11512	0	0.38581	0.05254	1	0.38581	0.05254	1	0.45211	0.53168	12.00244	1.02673	0	0.45219	0.53357	11.84612	1.03439	1	-0.01193	-0.00854	0.66576	0.00416	1	-0.01209	-0.00894	0.67756	0.00387	1	1.45898	0.81042	0	
1234812	8329.37793	3304093374548	0.45756	0.23357	8329.29785	0.08008	10881	1	0.51027	0.11512	0	0.38655	0.27173	1	0.38655	0.27173	1	0.45211	0.53168	12.00244	1.03439	0	0.45256	0.53365	11.43560	1.03439	1	-0.01193	-0.00854	0.66576	0.00416	1	-0.01209	-0.00894	0.67756	0.00377	1	1.45898	0.81042	0	
1234813	8329.38477	3304093441557	0.45178	0.22366	8329.29785	0.08691	10881	1	0.51027	0.11512	0	0.37661	0.09475	1	0.37661	0.09475	1	0.45211	0.53168	12.00244	1.03439	0	0.45226	0.53165	11.81825	1.03439	1	-0.01193	-0.00854	0.66576	0.00416	1	-0.01209	-0.00894	0.67756	0.00245	1	1.45898	0.81042	0	
1234814	8329.39160	3304093508421	0.43562	0.19063	8329.29785	0.08691	10881	0	0.51027	0.11512	0	0.37661	0.09475	1	0.37661	0.09475	1	0.45211	0.53168	12.00244	1.03439	0	0.45297	0.53472	12.12014	1.03439	1	-0.01193	-0.00854	0.66576	0.00416	1	-0.01175	-0.00914	0.66958	0.00375	1	1.45898	0.81042	0	
1234815	8329.39746	3304093573277	0.42003	0.15001	8329.29785	0.08691	10881	0	0.51027	0.11512	0	0.40444	0.10939	1	0.40444	0.10939	1	0.45211	0.53168	12.00244	1.03439	0	0.45283	0.53297	12.39654	1.03439	1	-0.01193	-0.00854	0.66576	0.00416	1	-0.01175	-0.00914	0.66958	0.00238	1	1.45898	0.81042	0	
1234816	8329.40430	3304093642725	0.41529	0.12206	8329.29785	0.08691	10881	0	0.51027	0.11512	0	0.40580	0.06614	1	0.40580	0.06614	1	0.45211	0.53168	12.00244	1.03439	0	0.45276	0.53311	11.80436	1.03439	1	-0.01193	-0.00854	0.66576	0.00416	1	-0.01175	-0.00914	0.66958	0.00244	1	1.45898	0.81042	0	
1234817	8329.41113	3304093709826	0.40535	0.08056	8329.29785	0.08691	10881	0	0.51027	0.11512	0	0.40580	0.06614	1	0.40580	0.06614	1	0.45211	0.53168	12.00244	1.03439	0	0.45302	0.53644	12.11311	1.03439	1	-0.01193	-0.00854	0.66576	0.00416	1	-0.01175	-0.00954	0.66958	0.00388	1	1.45898	0.81042	0	
1234818	8329.41797	3304093775849	0.40007	0.15926	8329.29785	0.08691	10881	0	0.51027	0.11512	0	0.39478	0.23797	1	0.39478	0.23797	1	0.45211	0.53168	12.00244	1.03439	0	0.45279	0.53622	11.70884	1.03439	1	-0.01193	-0.00854	0.66576	0.00416	1	-0.01175	-0.00954	0.66958	0.00418	1	1.45898	0.81042	0	
1234819	8329.42480	3304093843806	0.44026	0.16554	8329.29785	0.08691	10881	0	0.52090	0.10454	1	0.52038	0.25164	1	0.52064	0.17809	1	0.45284	0.53448	11.99254	1.03439	1	0.71776	0.55736	12.90996	1.03439	1	-0.01193	-0.00854	0.66576	0.00249	1	-0.01175	-0.00954	0.66958	0.00396	1	1.45898	0.81042	0	
1234820	8329.43164	3304093910289	0.47869	0.19805	8329.29785	0.08691	10881	0	0.52090	0.10454	1	0.52038	0.25164	1	0.52064	0.17809	1	0.45300	0.53759	11.79074	1.03439	1	0.71768	0.55968	13.02890	1.03439	1	-0.01162	-0.00960	0.65959	0.00405	1	0.05711	-0.01441	0.68614	0.00382	1	1.45898	0.81042	0	
1234821	8329.43848	3304093977608	0.49995	0.22501	8329.29785	0.08691	10881	0	0.52427	0.15667	1	0.51814	0.34728	1	0.52121	0.25198	1	0.45281	0.53605	11.96673	1.03439	1	0.71772	0.55923	12.86187	1.03439	1	-0.01162	-0.00960	0.65959	0.00243	1	0.05711	-0.01441	0.68614	0.00382	1	1.45898	0.81042	0	
1234822	8329.44531	3304094044576	0.49517	0.22286	8329.29785	0.08691	10881	0	0.51774	0.10941	1	0.45351	0.32769	1	0.48562	0.21855	1	0.45277	0.53606	11.72446	1.03439	1	0.71710	0.56004	12.59015	1.03439	1	-0.01162	-0.00960	0.65959	0.00245	1	0.05711	-0.01441	0.68614	0.00400	1	1.45898	0.81042	0	
1234823	8329.45117	3304094111202	0.49279	0.22178	8329.43164	0.01953	10882	1	0.51774	0.10941	1	0.45351	0.32769	1	0.48562	0.21855	1	0.45278	0.53931	11.80749	1.03439	1	0.71729	0.55992	12.06124	1.03439	1	-0.01163	-0.00990	0.65978	0.00399	1	0.05711	-0.01461	0.68614	0.00439	1	1.45898	0.81042	0	
1234824	8329.45801	3304094178049	0.49730	0.25144	8329.43164	0.02637	10882	1	0.52809	0.36299	1	0.50258	0.37717	1	0.51534	0.37008	1	0.45273	0.54002	12.14298	1.03439	1	0.71749	0.56058	11.98661	1.03439	1	-0.01163	-0.00990	0.65978	0.00379	1	0.05711	-0.01461	0.68614	0.00427	1	1.45898	0.81042	0	
1234825	8329.46484	3304094244821	0.50090	0.24404	8329.43164	0.03320	10882	1	0.53330	0.15604	1	0.50450	0.25801	1	0.51890	0.20702	1	0.45283	0.53744	11.59448	1.03439	1	0.71748	0.56006	12.21099	1.03439	1	-0.01163	-0.00990	0.65978	0.00255	1	0.05711	-0.01461	0.68614	0.00442	1	1.45898	0.81042	0	
1234826	8329.47168	3304094307671	0.50343	0.23925	8329.43164	0.04004	10882	1	0.53330	0.15604	1	0.50400	0.26502	1	0.51865	0.21053	1	0.45297	0.54060	12.30353	1.03439	1	0.71737	0.56157	12.31496	1.02673	1	-0.01163	-0.01019	0.65978	0.00373	1	0.05460	-0.01428	0.65662	0.00411	1	1.45898	0.81042	0	
1234827	8329.47852	3304094377304	0.50593	0.25737	8329.43164	0.04688	10882	1	0.54258	0.37180	1	0.50419	0.39661	1	0.52338	0.38421	1	0.45297	0.54105	12.41708	1.02673	1	0.71719	0.56209	12.39309	1.01907	1	-0.01163	-0.01019	0.65978	0.00376	1	0.05460	-0.01428	0.65662	0.00408	1	1.45898	0.81042	0	
1234828	8329.48438	3304094443213	0.50775	0.25571	8329.43164	0.05273	10882	1	0.53651	0.16405	1	0.50808	0.32085	1	0.52230	0.24245	1	0.45263	0.53843	12.14451	1.01907	1	0.71727	0.56176	12.36944	1.01141	1	-0.01163	-0.01019	0.65978	0.00241	1	0.05460	-0.01428	0.65662	0.00406	1	1.45898	0.81042	0	
1234829	8329.49121	3304094511224	0.50923	0.25402	8329.43164	0.05957	10882	1	0.53647	0.16369	1	0.50864	0.31385	1	0.52256	0.23877	1	0.45269	0.54144	11.35348	1.01943	1	0.71676	0.56286	13.10370	1.01943	1	-0.01209	-0.01067	0.67756	0.00366	1	0.05620	-0.01494	0.67764	0.00387	1	1.45898	0.81042	0	
1234830	8329.49805	3304094575656	0.50982	0.25852	8329.43164	0.06641	10882	1	0.53189	0.31414	1	0.49970	0.29297	1	0.51579	0.30355	1	0.45243	0.54124	12.13320	1.02744	1	0.71704	0.56264	12.86202	1.03510	1	-0.01209	-0.01067	0.67756	0.00408	1	0.05620	-0.01494	0.67764	0.00407	1	1.45898	0.81042	0	
1234831	8329.50488	3304094643926	0.51250	0.25578	8329.43164	0.07324	10882	1	0.54287	0.15691	1	0.54095	0.29420	1	0.54191	0.22556	1	0.45237	0.53960	12.20614	1.04312	1	0.71698	0.56272	12.82334	1.05078	1	-0.01209	-0.01067	0.67756	0.00253	1	0.05620	-0.01494	0.67764	0.00400	1	1.45898	0.81042	0	
1234832	8329.51172	3304094713467	0.51474	0.25259	8329.43164	0.08008	10882	1	0.54144	0.14155	1	0.54173	0.28723	1	0.54159	0.21439	1	0.45218	0.54235	12.33580	1.05880	1	0.71667	0.56333	12.17775	1.05880	1	-0.01220	-0.01092	0.68384	0.00374	1	0.05434	-0.01463	0.65701	0.00401	1	1.45898	0.81042	0	
1234833	8329.51855	3304094779024	0.51541	0.25735	8329.43164	0.08691	10882	1	0.52947	0.26355	1	0.51881	0.37483	1	0.52414	0.31919	1	0.45208	0.54196	11.89623	1.05880	1	0.71660	0.56354	12.30567	1.05114	1	-0.01220	-0.01092	0.68384	0.00405	1	0.05434	-0.01463	0.65701	0.00402	1	1.45898	0.81042	0	
1234834	8329.52539	3304094844851	0.51614	0.26466	8329.43164	0.09375	10882	1	0.54300	0.32632	1	0.50973	0.40774	1	0.52637	0.36703	1	0.45215	0.54276	12.68829	1.05114	1	0.71655	0.56437	12.65059	1.04348	1	-0.01220	-0.01092	0.68384	0.00388	1	0.05434	-0.01463	0.65701	0.00396	1	1.45898	0.81042	0	
1234835	8329.53125	3304094912442	0.51680	0.27125	8329.43164	0.09961	10882	1	0.54369	0.33254	1	0.50973	0.40774	1	0.52671	0.37014	1	0.45191	0.54301	11.93617	1.04348	1	0.71556	0.56469	12.69203	1.04348	1	-0.01252	-0.01117	0.68975	0.00379	1	0.05540	-0.01503	0.67043	0.00398	1	1.45898	0.81042	0	
1234836	8329.53906	3304094982070	0.51690	0.27872	8329.43164	0.10742	10882	1	0.54617	0.39160	1	0.49091	0.40488	1	0.51854	0.39824	1	0.45186	0.54341	11.86129	1.04348	1	0.71541	0.56493	12.82964	1.05114	1	-0.01252	-0.01117	0.68975	0.00387	1	0.05540	-0.01503	0.67043	0.00392	1	1.45898	0.81042	0	
1234837	8329.54492	3304095048765	0.51652	0.28224	8329.43164	0.11328	10882	1	0.52051	0.30898	1	0.49958	0.37518	1	0.51005	0.34208	1	0.45152	0.54344	11.40669	1.05114	1	0.71549	0.56472	12.97895	1.05880	1	-0.01252	-0.01117	0.68975	0.00395	1	0.05540	-0.01503	0.67043	0.00393	1	1.45898	0.81042	0	
1234838	8329.55176	3304095116001	0.52358	0.31204	8329.43164	0.11328	10882	0	0.51968	0.30263	1	0.49958	0.37518	1	0.50963	0.33890	1	0.45134	0.54347	11.77818	1.05880	1	0.71553	0.56477	12.72853	1.05880	1	-0.01252	-0.01128	0.68975	0.00410	1	0.05442	-0.01496	0.66038	0.00381	1	1.45898	0.81042	0	
1234839	8329.55859	3304095182625	0.52078	0.33347	8329.43164	0.11328	10882	0	0.53553	0.33942	1	0.50042	0.37037	1	0.51797	0.35490	1	0.45131	0.54391	12.24474	1.05880	1	0.71552	0.56454	12.61567	1.05114	1	-0.01252	-0.01128	0.68975	0.00383	1	0.05442	-0.01496	0.66038	0.00402	1	1.45898	0.81042	0	
1234840	8329.56543	3304095250511	0.52890	0.33856	8329.43164	0.11328	10882	0	0.56264	0.32070	1	0.52762	0.37676	1	0.54513	0.34873	1	0.45137	0.54370	12.17482	1.05114	1	0.71520	0.56434	12.04110	1.04348	1	-0.01252	-0.01128	0.68975	0.00385	1	0.05442	-0.01496	0.66038	0.00393	1	1.45898	0.81042	0	
1234841	8329.57227	3304095317401	0.53294	0.34264	8329.55176	0.02051	10883	1	0.56321	0.32694	1	0.52696	0.38285	1	0.54509	0.35489	1	0.45068	0.54422	12.81912	1.04348	1	0.71455	0.56486	12.76052	1.03582	1	-0.01270	-0.01136	0.68850	0.00366	1	0.05376	-0.01488	0.65483	0.00388	1	1.45898	0.81042	0	
1234842	8329.57910	3304095381287	0.53128	0.34852	8329.55176	0.02734	10883	1	0.55193	0.37010	1	0.49734	0.37398	1	0.52463	0.37204	1	0.45078	0.54398	12.23455	1.03582	1	0.71476	0.56496	12.50158	1.03582	1	-0.01270	-0.01136	0.68850	0.00368	1	0.05376	-0.01488	0.65483	0.00388	1	1.45898	0.81042	0	
1234843	8329.58496	3304095449000	0.52967	0.35249	8329.55176	0.03320	10883	1	0.56175	0.36489	1	0.48143	0.37974	1	0.52159	0.37231	1	0.45092	0.54409	12.32620	1.03582	1	0.71403	0.56511	12.42870	1.03582	1	-0.01270	-0.01136	0.68850	0.00368	1	0.05376	-0.01488	0.65483	0.00388	1	1.45898	0.81042	0	
1234844	8329.59180	3304095514575	0.52854	0.35488	8329.55176	0.04004	10883	1	0.56175	0.36489	1	0.48177	0.37366	1	0.52176	0.36927	1	0.45065	0.54454	12.32476	1.03582	1	0.71390	0.56494	12.19655	1.04348	1	-0.01245	-0.01110	0.66980	0.00361	1	0.05610	-0.01549	0.68394	0.00399	1	1.45898	0.81042	0	
1234845	8329.59863	3304095581813	0.52856	0.36053	8329.55176	0.04688	10883	1	0.54743	0.40981	1	0.51009	0.39026	1	0.52876	0.40004	1	0.45066	0.54467	12.46285	1.04348	1	0.71418	0.56459	12.27047	1.05114	1	-0.01245	-0.01110	0.66980	0.00362	1	0.05610	-0.01549	0.68394	0.00380	1	1.45898	0.81042	0	
1234846	8329.60547	3304095647113	0.52826	0.36559	8329.55176	0.05371	10883	1	0.53790	0.40246	1	0.51380	0.40978	1	0.52585	0.40612	1	0.45057	0.54450	12.33397	1.05114	1	0.71419	0.56504	12.54581	1.05880	1	-0.01245	-0.01110	0.66980	0.00355	1	0.05610	-0.01549	0.68394	0.00381	1	1.45898	0.81042	0	
1234847	8329.61230	3304095714819	0.52801	0.36908	8329.55176	0.06055	10883	1	0.53717	0.39680	1	0.51435	0.40403	1	0.52576	0.40041	1	0.44975	0.54407	12.09132	1.05880	1	0.71378	0.56484	12.95397	1.06645	1	-0.01278	-0.01125	0.68155	0.00373	1	0.05627	-0.01549	0.68846	0.00377	1	1.45898	0.81042	0	
1234848	8329.61914	3304095783703	0.52453	0.37012	8329.55176	0.06738	10883	1	0.52174	0.36921	1	0.45772	0.39186	1	0.48973	0.38054	1	0.44989	0.54415	11.95342	1.06645	1	0.71328	0.56506	12.65864	1.06645	1	-0.01278	-0.01125	0.68155	0.00379	1	0.05627	-0.01549	0.68846	0.00394	1	1.45898	0.81042	0	
1234849	8329.62500	3304095848401	0.52254	0.37160	8329.55176	0.07324	10883	1	0.50228	0.37706	1	0.49895	0.39878	1	0.50062	0.38792	1	0.44965	0.54410	12.15681	1.06645	1	0.71316	0.56487	12.40341	1.06645	1	-0.01278	-0.01125	0.68155	0.00382	1	0.05627	-0.01549	0.68846	0.00391	1	1.45898	0.81042	0	
1234850	8329.63281	3304095919350	0.52089	0.37307	8329.55176	0.08105	10883	1	0.50327	0.38310	1	0.49899	0.39828	1	0.50113	0.39069	1	0.45004	0.54369	11.87690	1.05844	1	0.71309	0.56430	12.26465	1.06712	1	-0.01239	-0.01077	0.65846	0.00394	1	0.05763	-0.01583	0.70570	0.00399	1	1.45898	0.81042	0	
1234851	8329.63867	3304095986715	0.52038	0.37196	8329.55176	0.08691	10883	1	0.52667	0.31171	1	0.50084	0.40333	1	0.51375	0.35752	1	0.44967	0.54316	11.65146	1.05910	1	0.71315	0.56399	12.47287	1.06778	1	-0.01239	-0.01077	0.65846	0.00409	1	0.05763	-0.01583	0.70570	0.00373	1	1.45898	0.81042	0	
1234852	8329.64551	3304096053506	0.52153	0.37051	8329.55176	0.09375	10883	1	0.55670	0.30931	1	0.51845	0.39123	1	0.53757	0.35027	1	0.44971	0.54331	11.87730	1.05977	1	0.71310	0.56389	12.53677	1.06845	1	-0.01239	-0.01077	0.65846	0.00395	1	0.05763	-0.01583	0.70570	0.00389	1	1.45898	0.81042	0	
1234853	8329.65234	3304096120849	0.52249	0.36921	8329.55176	0.10059	10883	1	0.55602	0.30219	1	0.51786	0.39706	1	0.53694	0.34963	1	0.44934	0.54367	12.25159	1.06845	1	0.71224	0.56364	13.51715	1.06079	1	-0.01285	-0.01098	0.67466	0.00384	1	0.05359	-0.01462	0.65873	0.00385	1	1.45898	0.81042	0	
1234854	8329.65918	3304096186488	0.52206	0.37085	8329.55176	0.10742	10883	1	0.54061	0.37711	1	0.48960	0.41717	1	0.51511	0.39714	1	0.44907	0.54356	11.82073	1.06880	1	0.71222	0.56346	12.86304	1.05246	1	-0.01285	-0.01098	0.67466	0.00372	1	0.05359	-0.01462	0.65873	0.00377	1	1.45898	0.81042	0	
1234855	8329.66602	3304096254194	0.52112	0.37321	8329.55176	0.11426	10883	1	0.53225	0.39904	1	0.47797	0.42758	1	0.50511	0.41331	1	0.44885	0.54350	11.31144	1.06048	1	0.71207	0.56330	12.95119	1.04414	1	-0.01285	-0.01098	0.67466	0.00378	1	0.05359	-0.01462	0.65873	0.00370	1	1.45898	0.81042	0	
1234856	8329.67285	3304096321952	0.52029	0.37549	8329.55176	0.12109	10883	1	0.53307	0.40517	1	0.47795	0.42807	1	0.50551	0.41662	1	0.44860	0.54294	11.29023	1.05216	1	0.71195	0.56270	12.33781	1.04348	1	-0.01299	-0.01086	0.67654	0.00387	1	0.05543	-0.01496	0.68318	0.00389	1	1.45898	0.81042	0	
1234857	8329.67969	3304096389099	0.51906	0.37363	8329.55176	0.12793	10883	1	0.51808	0.34125	1	0.47299	0.33499	1	0.49553	0.33812	1	0.44867	0.54218	11.21473	1.04348	1	0.71187	0.56206	11.99537	1.05114	1	-0.01299	-0.01086	0.67654	0.00414	1	0.05543	-0.01496	0.68318	0.00423	1	1.45898	0.81042	0	
1234858	8329.68652	3304096455522	0.51802	0.37186	8329.55176	0.13477	10883	1	0.52052	0.36653	1	0.47401	0.30671	1	0.49727	0.33662	1	0.44872	0.54205	11.31261	1.05114	1	0.71191	0.56193	11.99176	1.05880	1	-0.01299	-0.01086	0.67654	0.00401	1	0.05543	-0.01496	0.68318	0.00422	1	1.45898	0.81042	0	
1234859	8329.69238	3304096522508	0.51708	0.37027	8329.55176	0.14062	10883	1	0.52056	0.36681	1	0.47400	0.30701	1	0.49728	0.33691	1	0.44847	0.54267	12.38936	1.05078	1	0.71161	0.56258	12.92154	1.05844	1	-0.01298	-0.01066	0.67354	0.00376	1	0.05543	-0.01496	0.68318	0.00419	1	1.45898	0.81042	0	
1234860	8329.69922	3304096589504	0.51704	0.37046	8329.55176	0.14746	10883	1	0.52985	0.35917	1	0.50247	0.38994	1	0.51616	0.37456	1	0.44842	0.54207	11.81533	1.05042	1	0.71202	0.56170	12.23455	1.05042	1	-0.01298	-0.01066	0.67354	0.00376	1	0.05543	-0.01496	0.68318	0.00409	1	1.45898	0.81042	0	
1234861	8329.70605	3304096655422	0.51617	0.36899	8329.55176	0.15430	10883	1	0.51617	0.35282	1	0.47617	0.31743	1	0.49617	0.33512	1	0.44818	0.54187	11.61171	1.04240	1	0.71159	0.56099	12.62318	1.04240	1	-0.01298	-0.01066	0.67354	0.00383	1	0.05543	-0.01496	0.68318	0.00419	1	1.45898	0.81042	0	
1234862	8329.71289	3304096723787	0.51537	0.36763	8329.55176	0.16113	10883	1	0.51617	0.35282	1	0.47617	0.31743	1	0.49617	0.33512	1	0.44825	0.54158	11.99724	1.04240	1	0.71128	0.56153	13.00615	1.04240	1	-0.01320	-0.01075	0.68249	0.00398	1	0.05543	-0.01476	0.68318	0.00401	1	1.45898	0.81042	0	
1234863	8329.71973	3304096790834	0.51516	0.36823	8329.55176	0.16797	10883	1	0.53042	0.37232	1	0.48954	0.39388	1	0.50998	0.38310	1	0.44844	0.54180	12.06500	1.05042	1	0.71144	0.56135	12.86441	1.05042	1	-0.01320	-0.01075	0.68249	0.00390	1	0.05543	-0.01476	0.68318	0.00380	1	1.45898	0.81042	0	
1234864	8329.72656	3304096858317	0.51495	0.36888	8329.55176	0.17480	10883	1	0.51502	0.37230	1	0.50388	0.39918	1	0.50945	0.38574	1	0.44825	0.54143	12.08700	1.05844	1	0.71163	0.56117	13.12920	1.05844	1	-0.01320	-0.01075	0.68249	0.00375	1	0.05543	-0.01476	0.68318	0.00358	1	1.45898	0.81042	0	
1234865	8329.73340	3304096924285	0.51475	0.36926	8329.55176	0.18164	10883	1	0.51412	0.36618	1	0.50438	0.39309	1	0.50925	0.37963	1	0.44849	0.54170	12.06346	1.06645	1	0.71150	0.56080	12.63511	1.06645	1	-0.01324	-0.01068	0.68446	0.00380	1	0.05359	-0.01412	0.66302	0.00391	1	1.45898	0.81042	0	
1234866	8329.73926	3304096991693	0.51464	0.36868	8329.55176	0.18750	10883	1	0.54501	0.35538	1	0.47847	0.34952	1	0.51174	0.35245	1	0.44842	0.54140	12.13886	1.06645	1	0.71118	0.56050	12.18576	1.06645	1	-0.01324	-0.01068	0.68446	0.00384	1	0.05359	-0.01412	0.66302	0.00409	1	1.45898	0.81042	0	
1234867	8329.74609	3304097058391	0.51465	0.36773	8329.55176	0.19434	10883	1	0.55033	0.37811	1	0.47938	0.30224	1	0.51486	0.34018	1	0.44845	0.54153	12.19778	1.06645	1	0.71123	0.56000	12.15304	1.06645	1	-0.01324	-0.01068	0.68446	0.00377	1	0.05359	-0.01412	0.66302	0.00414	1	1.45898	0.81042	0	
1234868	8329.75293	3304097125336	0.51466	0.36684	8329.55176	0.20117	10883	1	0.55033	0.37811	1	0.47938	0.30224	1	0.51486	0.34018	1	0.44794	0.54121	11.43659	1.06645	1	0.71095	0.56062	13.05830	1.06645	1	-0.01322	-0.01048	0.67808	0.00382	1	0.05359	-0.01407	0.66302	0.00390	1	1.45898	0.81042	0	
1234869	8329.75977	3304097192671	0.51405	0.36673	8329.55176	0.20801	10883	1	0.51527	0.35692	1	0.47516	0.36947	1	0.49521	0.36319	1	0.44785	0.54124	11.39529	1.06645	1	0.71109	0.55987	12.23528	1.06645	1	-0.01322	-0.01048	0.67808	0.00386	1	0.05359	-0.01407	0.66302	0.00394	1	1.45898	0.81042	0	
1234870	8329.76660	3304097259439	0.51359	0.36742	8329.55176	0.21484	10883	1	0.51556	0.38121	1	0.48214	0.39810	1	0.49885	0.38965	1	0.44784	0.54135	12.24262	1.06645	1	0.71096	0.56019	12.95678	1.06645	1	-0.01322	-0.01048	0.67808	0.00389	1	0.05359	-0.01407	0.66302	0.00402	1	1.45898	0.81042	0	
1234871	8329.77344	3304097326803	0.51315	0.36808	8329.55176	0.22168	10883	1	0.51556	0.38121	1	0.48214	0.39810	1	0.49885	0.38965	1	0.44755	0.54023	11.80165	1.06645	1	0.71050	0.55974	13.18021	1.06645	1	-0.01337	-0.01051	0.68038	0.00406	1	0.05359	-0.01392	0.66302	0.00386	1	1.45898	0.81042	0	
1234872	8329.78027	3304097394122	0.51295	0.36712	8329.55176	0.22852	10883	1	0.51240	0.36231	1	0.49978	0.30703	1	0.50609	0.33467	1	0.44749	0.54074	12.13691	1.06645	1	0.71080	0.55931	12.60794	1.06645	1	-0.01337	-0.01051	0.68038	0.00377	1	0.05359	-0.01392	0.66302	0.00417	1	1.45898	0.81042	0	
1234873	8329.78613	3304097460559	0.51260	0.36770	8329.55176	0.23438	10883	1	0.51855	0.38131	1	0.48170	0.39414	1	0.50012	0.38773	1	0.44754	0.54057	12.02173	1.06645	1	0.71052	0.55978	13.37413	1.06645	1	-0.01337	-0.01051	0.68038	0.00369	1	0.05359	-0.01392	0.66302	0.00384	1	1.45898	0.81042	0	
1234874	8329.79297	3304097524432	0.51226	0.36824	8329.55176	0.24121	10883	1	0.51855	0.38131	1	0.48170	0.39414	1	0.50012	0.38773	1	0.44747	0.54017	12.33902	1.06645	1	0.71081	0.55894	12.63404	1.06645	1	-0.01337	-0.01041	0.68038	0.00371	1	0.05359	-0.01382	0.66302	0.00405	1	1.45898	0.81042	0	
1234875	8329.79980	3304097591340	0.51219	0.36800	8329.55176	0.24805	10883	1	0.51634	0.38953	1	0.50328	0.32885	1	0.50981	0.35919	1	0.44747	0.54038	12.44956	1.06645	1	0.71084	0.55853	12.85426	1.06645	1	-0.01337	-0.01041	0.68038	0.00388	1	0.05359	-0.01382	0.66302	0.00397	1	1.45898	0.81042	0	
1234876	8329.80664	3304097660616	0.51234	0.36802	8329.55176	0.25488	10883	1	0.51992	0.35737	1	0.51559	0.38068	1	0.51775	0.36903	1	0.44758	0.54036	12.38674	1.06645	1	0.71100	0.55879	12.66373	1.06645	1	-0.01337	-0.01041	0.68038	0.00392	1	0.05359	-0.01382	0.66302	0.00392	1	1.45898	0.81042	0	
1234877	8329.81348	3304097727452	0.51247	0.36812	8329.55176	0.26172	10883	1	0.51992	0.35737	1	0.51503	0.38660	1	0.51747	0.37199	1	0.44753	0.53977	12.01979	1.06645	1	0.71053	0.55868	13.01177	1.05880	1	-0.01337	-0.01031	0.68038	0.00389	1	0.05313	-0.01362	0.65787	0.00387	1	1.45898	0.81042	0	
1234878	8329.82031	3304097795739	0.51196	0.36802	8329.55176	0.26855	10883	1	0.50990	0.36291	1	0.47369	0.36497	1	0.49180	0.36394	1	0.44740	0.53968	11.91232	1.05880	1	0.71037	0.55863	12.99652	1.05114	1	-0.01337	-0.01031	0.68038	0.00389	1	0.05313	-0.01362	0.65787	0.00391	1	1.45898	0.81042	0	
1234879	8329.82715	3304097862318	0.51129	0.36812	8329.55176	0.27539	10883	1	0.50679	0.30195	1	0.46045	0.44258	1	0.48362	0.37227	1	0.44740	0.53882	12.04393	1.05114	1	0.71060	0.55876	13.35973	1.04348	1	-0.01337	-0.01031	0.68038	0.00403	1	0.05313	-0.01362	0.65787	0.00384	1	1.45898	0.81042	0	
1234880	8329.83301	3304097928788	0.51065	0.36829	8329.55176	0.28125	10883	1	0.50771	0.30836	1	0.46045	0.44258	1	0.48408	0.37547	1	0.44778	0.53998	12.25575	1.04348	1	0.71029	0.55866	12.86791	1.04348	1	-0.01343	-0.01030	0.68352	0.00378	1	0.05359	-0.01367	0.66302	0.00413	1	1.45898	0.81042	0	
1234881	8329.83984	3304097996423	0.51023	0.36879	8329.55176	0.28809	10883	1	0.52387	0.38452	1	0.46003	0.39582	1	0.49195	0.39017	1	0.44759	0.53940	12.10339	1.04348	1	0.71094	0.55806	12.11145	1.05114	1	-0.01343	-0.01030	0.68352	0.00363	1	0.05359	-0.01367	0.66302	0.00389	1	1.45898	0.81042	0	
1234882	8329.84668	3304098063331	0.50958	0.36937	8329.55176	0.29492	10883	1	0.51991	0.37527	1	0.44204	0.41461	1	0.48098	0.39494	1	0.44761	0.53928	12.26466	1.05114	1	0.71071	0.55821	12.87841	1.05880	1	-0.01343	-0.01030	0.68352	0.00370	1	0.05359	-0.01367	0.66302	0.00407	1	1.45898	0.81042	0	
1234883	8329.85352	3304098129778	0.50895	0.36986	8329.55176	0.30176	10883	1	0.51907	0.36940	1	0.44204	0.41461	1	0.48056	0.39201	1	0.44737	0.53839	11.80400	1.05880	1	0.71110	0.55794	12.27151	1.05880	1	-0.01337	-0.01010	0.68038	0.00400	1	0.05310	-0.01344	0.65629	0.00406	1	1.45898	0.81042	0	
1234884	8329.86035	3304098197257	0.50848	0.36950	8329.55176	0.30859	10883	1	0.50708	0.29365	1	0.46668	0.41226	1	0.48688	0.35295	1	0.44741	0.53845	11.88228	1.05880	1	0.71109	0.55821	12.52913	1.05114	1	-0.01337	-0.01010	0.68038	0.00399	1	0.05310	-0.01344	0.65629	0.00384	1	1.45898	0.81042	0	
1234885	8329.86719	3304098265337	0.50798	0.36803	8329.55176	0.31543	10883	1	0.49052	0.30984	1	0.47832	0.28717	1	0.48442	0.29851	1	0.44749	0.53871	11.98401	1.05114	1	0.71127	0.55686	12.11582	1.04348	1	-0.01337	-0.01010	0.68038	0.00398	1	0.05310	-0.01344	0.65629	0.00414	1	1.45898	0.81042	0	
1234886	8329.87402	3304098332657	0.50717	0.36781	8329.55176	0.32227	10883	1	0.49154	0.31620	1	0.47832	0.28717	1	0.48493	0.30169	1	0.44787	0.53842	12.34415	1.04348	1	0.71149	0.55705	12.94713	1.04348	1	-0.01333	-0.01015	0.68359	0.00405	1	0.05543	-0.01394	0.68318	0.00415	1	1.45898	0.81042	0	
1234887	8329.88086	3304098398989	0.50633	0.36826	8329.55176	0.32910	10883	1	0.50727	0.36012	1	0.44759	0.39323	1	0.47743	0.37667	1	0.44815	0.53838	11.72112	1.04348	1	0.71149	0.55804	13.49022	1.05114	1	-0.01333	-0.01015	0.68359	0.00411	1	0.05543	-0.01394	0.68318	0.00393	1	1.45898	0.81042	0	
1234888	8329.88672	3304098465289	0.50473	0.36832	8329.55176	0.33496	10883	1	0.49325	0.30189	1	0.44392	0.40142	1	0.46858	0.35166	1	0.44797	0.53738	11.46820	1.05114	1	0.71147	0.55797	13.51801	1.05880	1	-0.01333	-0.01015	0.68359	0.00417	1	0.05543	-0.01394	0.68318	0.00393	1	1.45898	0.81042	0	
1234889	8329.89355	3304098531890	0.50314	0.36838	8329.55176	0.34180	10883	1	0.49330	0.30219	1	0.44379	0.41259	1	0.46854	0.35739	1	0.44837	0.53841	11.80412	1.05078	1	0.71233	0.55725	12.78526	1.04397	1	-0.01298	-0.00995	0.67354	0.00399	1	0.05203	-0.01306	0.64019	0.00376	1	1.45898	0.81042	0	
1234890	8329.90039	3304098599276	0.50255	0.36920	8329.55176	0.34863	10883	1	0.52558	0.41805	1	0.46685	0.40555	1	0.49622	0.41180	1	0.44866	0.53880	12.75376	1.03595	1	0.71228	0.55778	13.13609	1.02149	1	-0.01298	-0.00995	0.67354	0.00360	1	0.05203	-0.01306	0.64019	0.00385	1	1.45898	0.81042	0	
1234891	8329.90723	3304098664402	0.50157	0.36966	8329.55176	0.35547	10883	1	0.51009	0.38500	1	0.43958	0.40343	1	0.47483	0.39422	1	0.44848	0.53811	12.29328	1.01347	1	0.71212	0.55758	13.09367	0.99900	1	-0.01298	-0.00995	0.67354	0.00392	1	0.05203	-0.01306	0.64019	0.00404	1	1.45898	0.81042	0	
1234892	8329.91406	3304098732823	0.50061	0.37036	8329.55176	0.36230	10883	1	0.51186	0.39636	1	0.43954	0.40953	1	0.47570	0.40295	1	0.44896	0.53863	11.94302	0.99900	1	0.71254	0.55771	12.33082	0.99134	1	-0.01285	-0.00997	0.67466	0.00369	1	0.05416	-0.01356	0.66449	0.00403	1	1.45898	0.81042	0	
1234893	8329.91992	3304098798866	0.50013	0.36997	8329.55176	0.36816	10883	1	0.54131	0.39115	1	0.46966	0.37115	1	0.50549	0.38115	1	0.44935	0.53822	12.43704	0.99936	1	0.71268	0.55741	12.25896	1.00617	1	-0.01285	-0.00997	0.67466	0.00369	1	0.05416	-0.01356	0.66449	0.00383	1	1.45898	0.81042	0	
1234894	8329.92676	3304098867119	0.49897	0.37047	8329.55176	0.37500	10883	1	0.49295	0.41430	1	0.44771	0.44639	1	0.47033	0.43035	1	0.44895	0.53831	12.08095	1.01418	1	0.71233	0.55821	12.80147	1.02099	1	-0.01285	-0.00997	0.67466	0.00365	1	0.05416	-0.01356	0.66449	0.00397	1	1.45898	0.81042	0	
1234895	8329.93359	3304098933985	0.49780	0.37081	8329.55176	0.38184	10883	1	0.49092	0.40308	1	0.44799	0.42981	1	0.46945	0.41645	1	0.44939	0.53881	12.64053	1.02901	1	0.71307	0.55795	12.98344	1.04348	1	-0.01286	-0.01000	0.68047	0.00368	1	0.05556	-0.01387	0.67976	0.00399	1	1.45898	0.81042	0	
1234896	8329.94043	3304099000994	0.49827	0.37112	8329.55176	0.38867	10883	1	0.55529	0.40299	1	0.46952	0.38789	1	0.51240	0.39544	1	0.45002	0.53872	12.05410	1.04348	1	0.71352	0.55798	12.29688	1.05114	1	-0.01286	-0.01000	0.68047	0.00365	1	0.05556	-0.01387	0.67976	0.00400	1	1.45898	0.81042	0	
1234897	8329.94727	3304099067903	0.49824	0.37069	8329.55176	0.39551	10883	1	0.51244	0.36617	1	0.48572	0.36868	1	0.49908	0.36743	1	0.44985	0.53835	11.84559	1.05114	1	0.71365	0.55778	12.41630	1.05880	1	-0.01286	-0.01000	0.68047	0.00360	1	0.05556	-0.01387	0.67976	0.00386	1	1.45898	0.81042	0	
1234898	8329.95410	3304099134981	0.49819	0.37008	8329.55176	0.40234	10883	1	0.51156	0.36024	1	0.48608	0.36265	1	0.49882	0.36144	1	0.45031	0.53833	11.54778	1.05880	1	0.71424	0.55789	12.85456	1.06645	1	-0.01274	-0.01007	0.68515	0.00362	1	0.05512	-0.01376	0.67198	0.00388	1	1.45898	0.81042	0	
1234899	8329.96094	3304099201857	0.49837	0.37074	8329.55176	0.40918	10883	1	0.55516	0.42954	1	0.48965	0.34887	1	0.52240	0.38920	1	0.45080	0.53910	12.14333	1.06645	1	0.71453	0.55760	12.64135	1.06645	1	-0.01274	-0.01007	0.68515	0.00382	1	0.05512	-0.01376	0.67198	0.00420	1	1.45898	0.81042	0	
1234900	8329.96777	3304099269317	0.49753	0.37071	8329.55176	0.41602	10883	1	0.51486	0.38916	1	0.47945	0.30788	1	0.49716	0.34852	1	0.45067	0.53856	11.74798	1.06645	1	0.71438	0.55749	11.89309	1.06645	1	-0.01274	-0.01007	0.68515	0.00380	1	0.05512	-0.01376	0.67198	0.00397	1	1.45898	0.81042	0	
1234901	8329.97363	3304099335845	0.49670	0.37081	8329.55176	0.42188	10883	1	0.51576	0.39511	1	0.47913	0.31460	1	0.49744	0.35486	1	0.45099	0.53870	12.77431	1.05844	1	0.71450	0.55826	12.97114	1.05844	1	-0.01196	-0.00962	0.65108	0.00372	1	0.05523	-0.01379	0.67085	0.00374	1	1.45898	0.81042	0	
1234902	8329.98047	3304099402618	0.49583	0.37132	8329.55176	0.42871	10883	1	0.50208	0.39158	1	0.44398	0.45092	1	0.47303	0.42125	1	0.45073	0.53858	12.22673	1.05042	1	0.71456	0.55860	13.08236	1.05042	1	-0.01196	-0.00962	0.65108	0.00401	1	0.05523	-0.01379	0.67085	0.00393	1	1.45898	0.81042	0	
1234903	8329.98730	3304099469196	0.49551	0.37175	8329.55176	0.43555	10883	1	0.51562	0.37748	1	0.46418	0.49058	1	0.48990	0.43403	1	0.45096	0.53869	12.35117	1.04240	1	0.71491	0.55899	13.02560	1.04240	1	-0.01196	-0.00962	0.65108	0.00376	1	0.05523	-0.01379	0.67085	0.00396	1	1.45898	0.81042	0	
1234904	8329.99414	3304099534590	0.49518	0.37217	8329.55176	0.44238	10883	1	0.51562	0.37748	1	0.46397	0.49580	1	0.48979	0.43664	1	0.45129	0.53799	11.87951	1.04240	1	0.71525	0.55868	13.31244	1.03474	1	-0.01252	-0.01024	0.68975	0.00435	1	0.05442	-0.01367	0.66038	0.00383	1	1.45898	0.81042	0	
1234905	8330.00098	3304099602102	0.49528	0.37235	8329.55176	0.44922	10883	1	0.51074	0.30958	1	0.48918	0.38477	1	0.49996	0.34717	1	0.45130	0.53847	11.97959	1.04276	1	0.71537	0.55863	13.42735	1.03510	1	-0.01252	-0.01024	0.68975	0.00410	1	0.05442	-0.01367	0.66038	0.00383	1	1.45898	0.81042	0	
1234906	8330.00684	3304099666304	0.49521	0.37282	8329.55176	0.45508	10883	1	0.52724	0.34186	1	0.46140	0.37615	1	0.49432	0.35900	1	0.45149	0.53887	12.56151	1.04312	1	0.71530	0.55869	13.27158	1.03546	1	-0.01252	-0.01024	0.68975	0.00393	1	0.05442	-0.01367	0.66038	0.00391	1	1.45898	0.81042	0	
1234907	8330.01367	3304099735347	0.49515	0.37321	8329.55176	0.46191	10883	1	0.52720	0.34157	1	0.46160	0.36977	1	0.49440	0.35567	1	0.45137	0.53940	12.54039	1.04348	1	0.71578	0.55901	12.37559	1.04348	1	-0.01252	-0.01024	0.68975	0.00378	1	0.05540	-0.01393	0.67043	0.00403	1	1.45898	0.81042	0	
1234908	8330.02051	3304099802597	0.49495	0.37364	8329.55176	0.46875	10883	1	0.53611	0.38379	1	0.47651	0.40607	1	0.50631	0.39493	1	0.45210	0.53936	12.17837	1.04348	1	0.71589	0.55908	12.51315	1.05114	1	-0.01252	-0.01024	0.68975	0.00378	1	0.05540	-0.01393	0.67043	0.00404	1	1.45898	0.81042	0	
1234909	8330.02734	3304099868634	0.49516	0.37433	8329.55176	0.47559	10883	1	0.53817	0.38565	1	0.47472	0.35102	1	0.50644	0.36833	1	0.45204	0.53955	12.56240	1.05114	1	0.71588	0.55865	12.13348	1.05880	1	-0.01252	-0.01024	0.68975	0.00369	1	0.05540	-0.01393	0.67043	0.00396	1	1.45898	0.81042	0	
1234910	8330.03418	3304099937768	0.49537	0.37490	8329.55176	0.48242	10883	1	0.53745	0.37987	1	0.47500	0.34487	1	0.50622	0.36237	1	0.45234	0.53933	12.20142	1.05880	1	0.71601	0.55899	12.78597	1.06645	1	-0.01209	-0.01016	0.67756	0.00374	1	0.05620	-0.01423	0.67764	0.00373	1	1.45898	0.81042	0	
1234911	8330.04102	3304100004283	0.49491	0.37346	8329.55176	0.48926	10883	1	0.52068	0.32892	1	0.45529	0.29968	1	0.48799	0.31430	1	0.45228	0.53897	12.14686	1.06645	1	0.71630	0.55925	12.72963	1.06645	1	-0.01209	-0.01016	0.67756	0.00374	1	0.05620	-0.01423	0.67764	0.00399	1	1.45898	0.81042	0	
1234912	8330.04785	3304100070000	0.49433	0.37242	8329.55176	0.49609	10883	1	0.51180	0.34643	1	0.45125	0.32479	1	0.48153	0.33561	1	0.45246	0.53909	12.45130	1.06645	1	0.71621	0.55920	12.65839	1.06645	1	-0.01209	-0.01016	0.67756	0.00371	1	0.05620	-0.01423	0.67764	0.00401	1	1.45898	0.81042	0	
1234913	8330.05469	3304100139724	0.49376	0.37170	8329.55176	0.50293	10883	1	0.51272	0.35270	1	0.45101	0.33764	1	0.48187	0.34517	1	0.45305	0.53993	12.46337	1.05844	1	0.71688	0.55997	13.03563	1.05078	1	-0.01162	-0.00999	0.65959	0.00363	1	0.05451	-0.01379	0.65667	0.00394	1	1.45898	0.81042	0	
1234914	8330.06152	3304100206919	0.49361	0.37253	8329.55176	0.50977	10883	1	0.51739	0.39214	1	0.49135	0.39287	1	0.50437	0.39250	1	0.45293	0.54001	12.21526	1.04276	1	0.71694	0.55982	13.36464	1.03510	1	-0.01162	-0.00999	0.65959	0.00378	1	0.05451	-0.01379	0.65667	0.00378	1	1.45898	0.81042	0	
1234915	8330.06738	3304100273851	0.49307	0.37370	8329.55176	0.51562	10883	1	0.51907	0.36856	1	0.45855	0.42415	1	0.48881	0.39635	1	0.45301	0.54000	12.54370	1.02709	1	0.71686	0.55994	13.46647	1.01943	1	-0.01162	-0.00999	0.65959	0.00375	1	0.05451	-0.01379	0.65667	0.00379	1	1.45898	0.81042	0	
1234916	8330.07422	3304100340232	0.49254	0.37507	8329.55176	0.52246	10883	1	0.52084	0.38094	1	0.45836	0.43026	1	0.48960	0.40560	1	0.45287	0.54025	12.44912	1.01141	1	0.71745	0.55943	12.14964	1.01141	1	-0.01147	-0.00995	0.65676	0.00383	1	0.05580	-0.01423	0.67039	0.00405	1	1.45898	0.81042	0	
1234917	8330.08105	3304100407465	0.49256	0.37606	8329.55176	0.52930	10883	1	0.53080	0.37114	1	0.46125	0.45050	1	0.49603	0.41082	1	0.45315	0.54003	12.42259	1.01141	1	0.71729	0.56047	12.76579	1.01907	1	-0.01147	-0.00995	0.65676	0.00384	1	0.05580	-0.01423	0.67039	0.00424	1	1.45898	0.81042	0	
1234918	8330.08789	3304100474345	0.49223	0.37555	8329.55176	0.53613	10883	1	0.51305	0.36807	1	0.45302	0.36233	1	0.48304	0.36520	1	0.45320	0.53967	12.89348	1.01907	1	0.71702	0.56025	12.68307	1.02673	1	-0.01147	-0.00995	0.65676	0.00372	1	0.05580	-0.01423	0.67039	0.00433	1	1.45898	0.81042	0	
1234919	8330.09473	3304100541718	0.49188	0.37478	8329.55176	0.54297	10883	1	0.51119	0.35557	1	0.45329	0.34955	1	0.48224	0.35256	1	0.45382	0.53997	12.10220	1.03474	1	0.71776	0.56064	13.05440	1.04240	1	-0.01180	-0.01028	0.67827	0.00400	1	0.05711	-0.01461	0.68614	0.00386	1	1.45898	0.81042	0	
1234920	8330.10156	3304100608504	0.49212	0.37476	8329.55176	0.54980	10883	1	0.53408	0.30649	1	0.50127	0.36087	1	0.51767	0.33368	1	0.45370	0.53954	11.70149	1.05042	1	0.71786	0.56059	13.18733	1.05042	1	-0.01180	-0.01028	0.67827	0.00397	1	0.05711	-0.01461	0.68614	0.00383	1	1.45898	0.81042	0	
1234921	8330.10840	3304100675496	0.49210	0.37377	8329.55176	0.55664	10883	1	0.50334	0.35420	1	0.49508	0.32662	1	0.49921	0.34041	1	0.45353	0.54062	12.10354	1.05844	1	0.71776	0.56024	13.17428	1.05844	1	-0.01180	-0.01028	0.67827	0.00383	1	0.05711	-0.01461	0.68614	0.00408	1	1.45898	0.81042	0	
1234922	8330.11523	3304100742626	0.49209	0.37278	8329.55176	0.56348	10883	1	0.50334	0.35420	1	0.49508	0.32662	1	0.49921	0.34041	1	0.45410	0.54054	12.62504	1.05844	1	0.71804	0.56013	12.95192	1.05844	1	-0.01131	-0.01018	0.65866	0.00360	1	0.05643	-0.01449	0.67556	0.00409	1	1.45898	0.81042	0	
1234923	8330.12109	3304100809564	0.49154	0.37381	8329.55176	0.56934	10883	1	0.51542	0.40033	1	0.45189	0.41618	1	0.48365	0.40826	1	0.45372	0.54084	11.94518	1.05042	1	0.71787	0.56125	13.22245	1.05042	1	-0.01131	-0.01018	0.65866	0.00378	1	0.05643	-0.01449	0.67556	0.00421	1	1.45898	0.81042	0	
1234924	8330.12793	3304100876552	0.49093	0.37341	8329.55176	0.57617	10883	1	0.50401	0.29503	1	0.47273	0.40480	1	0.48837	0.34992	1	0.45399	0.53973	12.31288	1.04240	1	0.71817	0.56143	12.94970	1.04240	1	-0.01131	-0.01018	0.65866	0.00418	1	0.05643	-0.01449	0.67556	0.00428	1	1.45898	0.81042	0	
1234925	8330.13477	3304100943363	0.49032	0.37295	8329.55176	0.58301	10883	1	0.50401	0.29503	1	0.47273	0.40480	1	0.48837	0.34992	1	0.45453	0.54042	12.21211	1.04240	1	0.71866	0.56163	12.94713	1.04240	1	-0.01146	-0.01035	0.67017	0.00410	1	0.05643	-0.01459	0.67556	0.00386	1	1.45898	0.81042	0	
1234926	8330.14160	3304101010164	0.49044	0.37277	8329.55176	0.58984	10883	1	0.52755	0.33349	1	0.46733	0.37730	1	0.49744	0.35539	1	0.45435	0.54103	12.99969	1.05042	1	0.71807	0.56171	13.94070	1.05042	1	-0.01146	-0.01035	0.67017	0.00385	1	0.05643	-0.01459	0.67556	0.00394	1	1.45898	0.81042	0	
1234927	8330.14844	3304101077602	0.49130	0.37250	8329.55176	0.59668	10883	1	0.54450	0.35771	1	0.50506	0.36060	1	0.52478	0.35915	1	0.45458	0.54119	12.43506	1.05844	1	0.71872	0.56156	12.96363	1.05844	1	-0.01146	-0.01035	0.67017	0.00386	1	0.05643	-0.01459	0.67556	0.00387	1	1.45898	0.81042	0	
1234928	8330.15527	3304101144245	0.49214	0.37209	8329.55176	0.60352	10883	1	0.54379	0.35149	1	0.50509	0.36031	1	0.52444	0.35590	1	0.45456	0.54139	12.35942	1.06645	1	0.71842	0.56115	12.96768	1.05880	1	-0.01146	-0.01040	0.67017	0.00387	1	0.05551	-0.01439	0.66394	0.00414	1	1.45898	0.81042	0	
1234929	8330.16113	3304101208568	0.49249	0.37014	8329.55176	0.60938	10883	1	0.51965	0.26313	1	0.49821	0.32985	1	0.50893	0.29649	1	0.45467	0.54058	12.08254	1.05880	1	0.71859	0.56121	13.03297	1.05114	1	-0.01146	-0.01040	0.67017	0.00398	1	0.05551	-0.01439	0.66394	0.00399	1	1.45898	0.81042	0	
1234930	8330.16797	3304101278319	0.49303	0.36997	8329.55176	0.61621	10883	1	0.51728	0.40223	1	0.49618	0.37116	1	0.50673	0.38670	1	0.45447	0.54162	12.45044	1.05114	1	0.71855	0.56151	12.89811	1.04348	1	-0.01146	-0.01040	0.67017	0.00387	1	0.05551	-0.01439	0.66394	0.00402	1	1.45898	0.81042	0	
1234931	8330.17480	3304101345251	0.49357	0.37004	8329.55176	0.62305	10883	1	0.51814	0.40790	1	0.49536	0.38270	1	0.50675	0.39530	1	0.45478	0.54166	13.14255	1.04348	1	0.71852	0.56248	13.23825	1.02901	1	-0.01160	-0.01078	0.68434	0.00362	1	0.05422	-0.01414	0.64794	0.00377	1	1.45898	0.81042	0	
1234932	8330.18164	3304101412120	0.49419	0.37062	8329.55176	0.62988	10883	1	0.54561	0.38897	1	0.48757	0.37265	1	0.51659	0.38081	1	0.45491	0.54180	13.12115	1.02901	1	0.71842	0.56247	13.16935	1.02220	1	-0.01160	-0.01078	0.68434	0.00381	1	0.05422	-0.01414	0.64794	0.00387	1	1.45898	0.81042	0	
1234933	8330.18848	3304101478507	0.49445	0.37222	8329.55176	0.63672	10883	1	0.51033	0.34133	1	0.48317	0.40957	1	0.49675	0.37545	1	0.45446	0.54192	12.51424	1.02220	1	0.71844	0.56265	13.39054	1.01539	1	-0.01160	-0.01078	0.68434	0.00380	1	0.05422	-0.01414	0.64794	0.00383	1	1.45898	0.81042	0	
1234934	8330.19531	3304101546643	0.49471	0.37388	8329.55176	0.64355	10883	1	0.51212	0.35350	1	0.48315	0.40985	1	0.49763	0.38167	1	0.45459	0.54161	12.28609	1.00738	1	0.71870	0.56111	12.85265	1.01503	1	-0.01130	-0.01055	0.66987	0.00394	1	0.05715	-0.01496	0.68300	0.00439	1	1.45898	0.81042	0	
1234935	8330.20215	3304101613377	0.49548	0.37364	8329.55176	0.65039	10883	1	0.52555	0.32709	1	0.50273	0.40231	1	0.51414	0.36470	1	0.45473	0.54124	12.62556	1.00702	1	0.71866	0.56264	13.43456	1.02149	1	-0.01130	-0.01055	0.66987	0.00409	1	0.05715	-0.01496	0.68300	0.00380	1	1.45898	0.81042	0	
1234936	8330.20801	3304101675817	0.49622	0.37389	8329.55176	0.65625	10883	1	0.52094	0.32563	1	0.48721	0.40249	1	0.50408	0.36406	1	0.45469	0.54138	12.74212	1.01347	1	0.71848	0.56272	13.64358	1.02794	1	-0.01130	-0.01055	0.66987	0.00407	1	0.05715	-0.01496	0.68300	0.00380	1	1.45898	0.81042	0	
1234937	8330.21484	3304101747313	0.49695	0.37379	8329.55176	0.66309	10883	1	0.51932	0.31343	1	0.48793	0.39123	1	0.50362	0.35233	1	0.45496	0.54216	13.07490	1.02794	1	0.71862	0.56217	13.01793	1.04240	1	-0.01160	-0.01078	0.68434	0.00371	1	0.05700	-0.01497	0.68115	0.00401	1	1.45898	0.81042	0	
1234938	8330.22168	3304101814305	0.49711	0.37283	8329.55176	0.66992	10883	1	0.51724	0.36682	1	0.49088	0.36455	1	0.50406	0.36568	1	0.45458	0.54220	12.23632	1.05042	1	0.71853	0.56236	13.29755	1.05042	1	-0.01160	-0.01078	0.68434	0.00376	1	0.05700	-0.01497	0.68115	0.00396	1	1.45898	0.81042	0	
1234939	8330.22852	3304101881255	0.49780	0.37113	8329.55176	0.67676	10883	1	0.51816	0.30984	1	0.49747	0.31529	1	0.50782	0.31256	1	0.45458	0.54207	12.55007	1.05844	1	0.71856	0.56207	12.82312	1.05844	1	-0.01160	-0.01078	0.68434	0.00371	1	0.05700	-0.01497	0.68115	0.00413	1	1.45898	0.81042	0	
1234940	8330.23535	3304101948043	0.49846	0.36917	8329.55176	0.68359	10883	1	0.51728	0.30324	1	0.49749	0.31499	1	0.50739	0.30911	1	0.45473	0.54227	12.52104	1.06645	1	0.71828	0.56283	13.38846	1.05880	1	-0.01155	-0.01089	0.68183	0.00372	1	0.05551	-0.01469	0.66394	0.00385	1	1.45898	0.81042	0	
1234941	8330.24219	3304102015123	0.49881	0.36981	8329.55176	0.69043	10883	1	0.54124	0.41892	1	0.50376	0.40457	1	0.52250	0.41175	1	0.45488	0.54266	12.61554	1.05880	1	0.71872	0.56297	13.06409	1.05114	1	-0.01155	-0.01089	0.68183	0.00380	1	0.05551	-0.01469	0.66394	0.00391	1	1.45898	0.81042	0	
1234942	8330.24902	3304102082417	0.49975	0.36862	8329.55176	0.69727	10883	1	0.54221	0.36643	1	0.48864	0.38014	1	0.51542	0.37329	1	0.45485	0.54276	12.82186	1.05114	1	0.71842	0.56259	13.04125	1.04348	1	-0.01155	-0.01089	0.68183	0.00374	1	0.05551	-0.01469	0.66394	0.00400	1	1.45898	0.81042	0	
1234943	8330.25586	3304102149385	0.50071	0.36785	8329.55176	0.70410	10883	1	0.54290	0.37235	1	0.48825	0.38617	1	0.51558	0.37926	1	0.45453	0.54217	12.29119	1.04348	1	0.71826	0.56336	13.55875	1.03582	1	-0.01160	-0.01098	0.68434	0.00392	1	0.05653	-0.01501	0.67618	0.00394	1	1.45898	0.81042	0	
1234944	8330.26172	3304102215864	0.50026	0.36771	8329.55176	0.70996	10883	1	0.50913	0.38136	1	0.47225	0.39605	1	0.49069	0.38870	1	0.45434	0.54293	12.11967	1.03582	1	0.71826	0.56331	13.60966	1.03582	1	-0.01160	-0.01098	0.68434	0.00378	1	0.05653	-0.01501	0.67618	0.00394	1	1.45898	0.81042	0	
1234945	8330.26855	3304102282824	0.50038	0.36834	8329.55176	0.71680	10883	1	0.51804	0.36292	1	0.49145	0.43281	1	0.50474	0.39786	1	0.45450	0.54276	12.31552	1.03582	1	0.71855	0.56308	13.24269	1.03582	1	-0.01160	-0.01098	0.68434	0.00382	1	0.05653	-0.01501	0.67618	0.00399	1	1.45898	0.81042	0	
1234946	8330.27539	3304102350695	0.50051	0.36904	8329.55176	0.72363	10883	1	0.51804	0.36292	1	0.49185	0.42712	1	0.50495	0.39502	1	0.45435	0.54235	11.85238	1.03582	1	0.71822	0.56326	13.70378	1.04348	1	-0.01160	-0.01098	0.68434	0.00435	1	0.05643	-0.01500	0.67556	0.00398	1	1.45898	0.81042	0	
1234947	8330.28223	3304102417130	0.49996	0.36781	8329.55176	0.73047	10883	1	0.50576	0.32551	1	0.48643	0.33489	1	0.49610	0.33020	1	0.45437	0.54256	11.76261	1.04348	1	0.71835	0.56321	13.27326	1.05114	1	-0.01160	-0.01098	0.68434	0.00422	1	0.05643	-0.01500	0.67556	0.00405	1	1.45898	0.81042	0	
1234948	8330.28906	3304102483835	0.49981	0.36815	8329.55176	0.73730	10883	1	0.51161	0.35404	1	0.46798	0.37614	1	0.48979	0.36509	1	0.45450	0.54291	12.30239	1.05114	1	0.71814	0.56362	14.00165	1.05880	1	-0.01160	-0.01098	0.68434	0.00407	1	0.05643	-0.01500	0.67556	0.00394	1	1.45898	0.81042	0	
1234949	8330.29590	3304102551057	0.49963	0.36809	8329.55176	0.74414	10883	1	0.50967	0.34087	1	0.46849	0.36309	1	0.48908	0.35198	1	0.45460	0.54245	12.39526	1.06788	1	0.71859	0.56330	13.23523	1.07554	1	-0.01182	-0.01115	0.69441	0.00413	1	0.05643	-0.01500	0.67556	0.00393	1	1.45898	0.81042	0	
1234950	8330.30273	3304102617802	0.50041	0.36532	8329.55176	0.75098	10883	1	0.52521	0.25178	1	0.49587	0.32431	1	0.51054	0.28804	1	0.45433	0.54230	11.98576	1.08463	1	0.71853	0.56335	13.27488	1.08463	1	-0.01182	-0.01115	0.69441	0.00433	1	0.05643	-0.01500	0.67556	0.00424	1	1.45898	0.81042	0	
1234951	8330.30859	3304102684930	0.50059	0.36268	8329.55176	0.75684	10883	1	0.53144	0.28162	1	0.46557	0.33312	1	0.49850	0.30737	1	0.45448	0.54244	12.02846	1.09371	1	0.71813	0.56364	13.73929	1.09371	1	-0.01182	-0.01115	0.69441	0.00424	1	0.05643	-0.01500	0.67556	0.00407	1	1.45898	0.81042	0	
1234952	8330.31543	3304102750151	0.50077	0.35984	8329.55176	0.76367	10883	1	0.53057	0.27416	1	0.46582	0.32592	1	0.49819	0.30004	1	0.45445	0.54313	12.32480	1.10280	1	0.71814	0.56337	13.51204	1.10280	1	-0.01182	-0.01115	0.69441	0.00405	1	0.05643	-0.01500	0.67556	0.00413	1	1.45898	0.81042	0	
1234953	8330.32227	3304102818738	0.50071	0.35933	8329.55176	0.77051	10883	1	0.52724	0.28502	1	0.46729	0.36105	1	0.49726	0.32304	1	0.45445	0.54276	12.30607	1.10280	1	0.71806	0.56388	14.19569	1.10280	1	-0.01182	-0.01115	0.69441	0.00393	1	0.05643	-0.01500	0.67556	0.00395	1	1.45898	0.81042	0	
1234954	8330.32910	3304102883222	0.50133	0.35863	8329.55176	0.77734	10883	1	0.53428	0.29488	1	0.51416	0.35610	1	0.52422	0.32549	1	0.45445	0.54276	12.30607	1.10280	1	0.71806	0.56370	14.16528	1.10280	1	-0.01182	-0.01115	0.69441	0.00393	1	0.05643	-0.01500	0.67556	0.00399	1	1.45898	0.81042	0	
1234955	8330.33594	3304102952479	0.50196	0.35815	8329.55176	0.78418	10883	1	0.53513	0.30216	1	0.51352	0.36309	1	0.52432	0.33263	1	0.45417	0.54229	12.88864	1.09371	1	0.71763	0.56376	13.45125	1.09371	1	-0.01173	-0.01101	0.68625	0.00403	1	0.05643	-0.01500	0.67556	0.00400	1	1.45898	0.81042	0	
1234956	8330.34277	3304103019716	0.50202	0.35630	8329.55176	0.79102	10883	1	0.51966	0.28211	1	0.49903	0.32937	1	0.50934	0.30574	1	0.45425	0.54221	12.75448	1.08463	1	0.71781	0.56344	13.21332	1.08463	1	-0.01173	-0.01101	0.68625	0.00411	1	0.05643	-0.01500	0.67556	0.00387	1	1.45898	0.81042	0	
1234957	8330.34961	3304103086824	0.50573	0.32664	8329.55176	0.79102	10883	0	0.54121	0.27373	1	0.51171	0.31644	1	0.52646	0.29509	1	0.45422	0.54254	12.99436	1.07554	1	0.71791	0.56324	13.16954	1.07554	1	-0.01173	-0.01101	0.68625	0.00402	1	0.05643	-0.01500	0.67556	0.00392	1	1.45898	0.81042	0	
1234958	8330.35547	3304103153370	0.51605	0.31958	8329.55176	0.79102	10883	0	0.54274	0.28813	1	0.51000	0.33689	1	0.52637	0.31251	1	0.45454	0.54319	13.31475	1.05844	1	0.71797	0.56334	13.20045	1.05078	1	-0.01131	-0.01057	0.65866	0.00399	1	0.05518	-0.01468	0.66125	0.00399	1	1.45898	0.81042	0	
1234959	8330.36230	3304103220770	0.52102	0.33000	8329.55176	0.79102	10883	0	0.55897	0.36013	1	0.50294	0.34155	1	0.53096	0.35084	1	0.45434	0.54314	13.41648	1.04276	1	0.71788	0.56320	13.07909	1.03510	1	-0.01131	-0.01057	0.65866	0.00383	1	0.05518	-0.01468	0.66125	0.00382	1	1.45898	0.81042	0	
1234960	8330.36914	3304103287992	0.52315	0.35113	8330.34961	0.01953	10884	1	0.55955	0.38818	1	0.49953	0.44085	1	0.52954	0.41451	1	0.45436	0.54312	13.06417	1.02709	1	0.71788	0.56320	13.07909	1.01943	1	-0.01131	-0.01057	0.65866	0.00386	1	0.05518	-0.01468	0.66125	0.00382	1	1.45898	0.81042	0	
1234961	8330.37598	3304103354430	0.52445	0.36618	8330.34961	0.02637	10884	1	0.56079	0.40023	1	0.49856	0.45257	1	0.52967	0.42640	1	0.45386	0.54259	12.39211	1.01141	1	0.71744	0.56321	13.73200	1.00375	1	-0.01131	-0.01057	0.65866	0.00383	1	0.05500	-0.01466	0.66020	0.00398	1	1.45898	0.81042	0	
1234962	8330.38281	3304103422025	0.51891	0.37193	8330.34961	0.03320	10884	1	0.51335	0.38748	1	0.46903	0.41388	1	0.49119	0.40068	1	0.45366	0.54307	12.69046	1.00375	1	0.71744	0.56324	13.72802	1.00375	1	-0.01131	-0.01057	0.65866	0.00387	1	0.05500	-0.01466	0.66020	0.00400	1	1.45898	0.81042	0	
1234963	8330.38867	3304103485037	0.51620	0.37344	8330.34961	0.03906	10884	1	0.51237	0.37602	1	0.48749	0.38896	1	0.49993	0.38249	1	0.45367	0.54217	11.97937	1.00375	1	0.71772	0.56294	13.04715	1.00375	1	-0.01131	-0.01057	0.65866	0.00410	1	0.05500	-0.01466	0.66020	0.00402	1	1.45898	0.81042	0	
1234964	8330.39551	3304103553512	0.51266	0.37460	8330.34961	0.04590	10884	1	0.51237	0.37602	0	0.48788	0.38275	1	0.48788	0.38275	1	0.45367	0.54217	11.97937	1.00375	0	0.71782	0.56331	13.18826	1.01141	1	-0.01131	-0.01057	0.65866	0.00410	1	0.05580	-0.01488	0.67039	0.00423	1	1.45898	0.81042	0	
1234965	8330.40234	3304103620572	0.51266	0.37460	8330.34961	0.05273	10884	1	0.51237	0.37602	0	0.48788	0.38275	0	0.48788	0.38275	0	0.45367	0.54217	11.97937	1.01141	0	0.71782	0.56331	13.18826	1.01907	0	-0.01131	-0.01057	0.65866	0.00410	1	0.05580	-0.01488	0.67039	0.00423	1	1.45898	0.81042	0	
1234966	8330.40918	3304103685880	0.51266	0.37460	8330.34961	0.05957	10884	1	0.51237	0.37602	0	0.48788	0.38275	0	0.48788	0.38275	0	0.45367	0.54217	11.97937	1.01907	0	0.71782	0.56331	13.18826	1.02673	0	-0.01131	-0.01057	0.65866	0.00410	1	0.05580	-0.01488	0.67039	0.00423	1	1.45898	0.81042	0	
1234967	8330.41602	3304103753552	0.51266	0.37460	8330.34961	0.06641	10884	1	0.51237	0.37602	0	0.48788	0.38275	0	0.48788	0.38275	0	0.45367	0.54217	11.97937	1.02673	0	0.71782	0.56331	13.18826	1.03439	0	-0.01131	-0.01057	0.65866	0.00410	1	0.05580	-0.01488	0.67039	0.00423	1	1.45898	0.81042	0	
1234968	8330.42285	3304103821196	0.51365	0.38145	8330.34961	0.06641	10884	0	0.51237	0.37602	0	0.48788	0.38275	0	0.48788	0.38275	0	0.45367	0.54217	11.97937	1.03439	0	0.71782	0.56331	13.18826	1.03439	0	-0.01131	-0.01057	0.65866	0.00410	1	0.05580	-0.01488	0.67039	0.00423	1	1.45898	0.81042	0	
1234969	8330.42871	3304103886286	0.51365	0.38145	8330.34961	0.06641	10884	0	0.51237	0.37602	0	0.48788	0.38275	0	0.48788	0.38275	0	0.45367	0.54217	11.97937	1.03439	0	0.71782	0.56331	13.18826	1.03439	0	-0.01131	-0.01057	0.65866	0.00410	1	0.05580	-0.01488	0.67039	0.00423	1	1.45898	0.81042	0	
1234970	8330.43555	3304103953521	0.51365	0.38145	8330.34961	0.06641	10884	0	0.51237	0.37602	0	0.48788	0.38275	0	0.48788	0.38275	0	0.45367	0.54217	11.97937	1.03439	0	0.71782	0.56331	13.18826	1.03439	0	-0.01131	-0.01057	0.65866	0.00410	1	0.05580	-0.01488	0.67039	0.00423	1	1.45898	0.81042	0	
1234971	8330.44238	3304104020307	0.00000	0.00000	8330.34961	0.06641	10884	0	0.51237	0.37602	0	0.48788	0.38275	0	0.48788	0.38275	0	0.45367	0.54217	11.97937	1.03439	0	0.71782	0.56331	13.18826	1.03439	0	-0.01131	-0.01057	0.65866	0.00410	1	0.05580	-0.01488	0.67039	0.00423	1	1.45898	0.81042	0	
1234972	8330.44922	3304104089082	0.00000	0.00000	8330.34961	0.06641	10884	0	0.51237	0.37602	0	0.48788	0.38275	0	0.48788	0.38275	0	0.45367	0.54217	11.97937	1.03439	0	0.71782	0.56331	13.18826	1.03439	0	-0.01131	-0.01057	0.65866	0.00410	1	0.05580	-0.01488	0.67039	0.00423	1	1.45898	0.81042	0	
1234973	8330.45605	3304104158797	0.00000	0.00000	8330.34961	0.06641	10884	0	0.51237	0.37602	0	0.48788	0.38275	0	0.48788	0.38275	0	0.45367	0.54217	11.97937	1.03439	0	0.71782	0.56331	13.18826	1.03439	0	-0.01131	-0.01057	0.65866	0.00410	1	0.05580	-0.01488	0.67039	0.00423	1	1.45898	0.81042	0	
1234974	8330.46289	3304104225370	0.51076	0.37666	8330.34961	0.06641	10884	0	0.51715	0.35543	1	0.50438	0.39790	1	0.51076	0.37666	1	0.45266	0.54270	13.35029	1.03439	1	0.71642	0.56270	13.35994	1.03439	1	-0.01131	-0.01057	0.65866	0.00394	1	0.05580	-0.01488	0.67039	0.00376	1	1.45898	0.81042	0	
1234975	8330.46973	3304104292680	0.51734	0.36984	8330.34961	0.06641	10884	0	0.54862	0.31319	1	0.49923	0.41284	1	0.52392	0.36301	1	0.45270	0.54238	12.67378	1.03439	1	0.71638	0.56270	13.46124	1.03439	1	-0.01131	-0.01057	0.65866	0.00411	1	0.05580	-0.01488	0.67039	0.00376	1	1.45898	0.81042	0	
1234976	8330.47656	3304104359872	0.51942	0.36640	8330.34961	0.06641	10884	0	0.54792	0.30648	1	0.49925	0.41257	1	0.52358	0.35952	1	0.45256	0.54223	12.81291	1.04240	1	0.71634	0.56265	13.60256	1.03474	1	-0.01209	-0.01087	0.67756	0.00415	1	0.05434	-0.01439	0.65701	0.00383	1	1.45898	0.81042	0	
1234977	8330.48340	3304104424573	0.51678	0.36118	8330.46289	0.02051	10885	1	0.52379	0.31407	1	0.49388	0.37692	1	0.50884	0.34550	1	0.45233	0.54199	12.51968	1.04276	1	0.71619	0.56254	13.14992	1.03510	1	-0.01209	-0.01087	0.67756	0.00410	1	0.05434	-0.01439	0.65701	0.00396	1	1.45898	0.81042	0	
1234978	8330.49023	3304104493769	0.51425	0.36867	8330.46289	0.02734	10885	1	0.52183	0.40062	1	0.48650	0.39670	1	0.50417	0.39866	1	0.45225	0.54287	12.37661	1.04312	1	0.71615	0.56271	13.22043	1.03546	1	-0.01209	-0.01087	0.67756	0.00392	1	0.05434	-0.01439	0.65701	0.00392	1	1.45898	0.81042	0	
1234979	8330.49609	3304104560857	0.51260	0.37313	8330.46289	0.03320	10885	1	0.52179	0.40036	1	0.48689	0.39046	1	0.50434	0.39541	1	0.45247	0.54298	12.84069	1.04348	1	0.71616	0.56266	13.37039	1.04348	1	-0.01209	-0.01087	0.67756	0.00377	1	0.05540	-0.01468	0.67043	0.00409	1	1.45898	0.81042	0	
1234980	8330.50293	3304104627540	0.51462	0.37311	8330.46289	0.04004	10885	1	0.56395	0.39400	1	0.48955	0.35194	1	0.52675	0.37297	1	0.45249	0.54308	13.02066	1.04348	1	0.71609	0.56262	13.24236	1.05114	1	-0.01209	-0.01087	0.67756	0.00373	1	0.05540	-0.01468	0.67043	0.00407	1	1.45898	0.81042	0	
1234981	8330.50977	3304104694639	0.51487	0.37512	8330.46289	0.04688	10885	1	0.55700	0.39236	1	0.47619	0.38606	1	0.51659	0.38921	1	0.45240	0.54296	12.88388	1.05114	1	0.71591	0.56284	13.91801	1.05880	1	-0.01209	-0.01087	0.67756	0.00361	1	0.05540	-0.01468	0.67043	0.00400	1	1.45898	0.81042	0	
1234982	8330.51660	3304104760887	0.51502	0.37527	8330.46289	0.05371	10885	1	0.55568	0.37984	1	0.47683	0.37316	1	0.51625	0.37650	1	0.45198	0.54255	12.96967	1.06788	1	0.71542	0.56261	13.55388	1.07554	1	-0.01275	-0.01142	0.71166	0.00371	1	0.05540	-0.01463	0.67043	0.00405	1	1.45898	0.81042	0	
1234983	8330.52344	3304104828555	0.51406	0.37500	8330.46289	0.06055	10885	1	0.51862	0.34716	1	0.49220	0.39798	1	0.50541	0.37257	1	0.45189	0.54275	12.94527	1.08463	1	0.71534	0.56219	13.23619	1.08463	1	-0.01275	-0.01142	0.71166	0.00363	1	0.05540	-0.01463	0.67043	0.00405	1	1.45898	0.81042	0	
1234984	8330.53027	3304104895397	0.51297	0.37383	8330.46289	0.06738	10885	1	0.50811	0.34735	1	0.49603	0.37680	1	0.50207	0.36208	1	0.45180	0.54231	12.78138	1.09371	1	0.71537	0.56208	13.29195	1.09371	1	-0.01275	-0.01142	0.71166	0.00377	1	0.05540	-0.01463	0.67043	0.00385	1	1.45898	0.81042	0	
1234985	8330.53711	3304104962498	0.51208	0.37335	8330.46289	0.07422	10885	1	0.50903	0.35346	1	0.49559	0.38286	1	0.50231	0.36816	1	0.45153	0.54181	12.61567	1.08569	1	0.71553	0.56153	13.25335	1.08569	1	-0.01176	-0.01034	0.65055	0.00379	1	0.05540	-0.01458	0.67043	0.00397	1	1.45898	0.81042	0	
1234986	8330.54297	3304105027747	0.51309	0.37141	8330.46289	0.08008	10885	1	0.54910	0.34059	1	0.50118	0.35548	1	0.52514	0.34803	1	0.45200	0.54224	13.15851	1.06859	1	0.71551	0.56145	13.44086	1.06859	1	-0.01176	-0.01034	0.65055	0.00380	1	0.05540	-0.01458	0.67043	0.00399	1	1.45898	0.81042	0	
1234987	8330.54980	3304105096548	0.51375	0.37166	8330.46289	0.08691	10885	1	0.54381	0.37880	1	0.50102	0.37104	1	0.52241	0.37492	1	0.45183	0.54230	12.89202	1.05149	1	0.71549	0.56140	13.32805	1.05149	1	-0.01176	-0.01034	0.65055	0.00379	1	0.05540	-0.01458	0.67043	0.00401	1	1.45898	0.81042	0	
1234988	8330.55664	3304105163898	0.51433	0.37296	8330.46289	0.09375	10885	1	0.54535	0.39181	1	0.49950	0.39065	1	0.52242	0.39123	1	0.45182	0.54164	13.08592	1.03439	1	0.71550	0.56021	13.11625	1.02673	1	-0.01176	-0.01025	0.65055	0.00378	1	0.05486	-0.01440	0.66453	0.00430	1	1.45898	0.81042	0	
1234989	8330.56348	3304105230981	0.51499	0.37387	8330.46289	0.10059	10885	1	0.55513	0.37699	1	0.49455	0.39788	1	0.52484	0.38744	1	0.45193	0.54209	13.05741	1.02673	1	0.71544	0.56156	13.66246	1.01907	1	-0.01176	-0.01025	0.65055	0.00389	1	0.05486	-0.01440	0.66453	0.00381	1	1.45898	0.81042	0	
1234990	8330.57031	3304105298206	0.51554	0.37563	8330.46289	0.10742	10885	1	0.55432	0.39261	1	0.49437	0.41519	1	0.52435	0.40390	1	0.45197	0.54214	13.21727	1.01907	1	0.71547	0.56185	13.67764	1.01141	1	-0.01176	-0.01025	0.65055	0.00388	1	0.05486	-0.01440	0.66453	0.00385	1	1.45898	0.81042	0	
1234991	8330.57715	3304105363866	0.51603	0.37719	8330.46289	0.11426	10885	1	0.55429	0.39233	1	0.49439	0.41492	1	0.52434	0.40362	1	0.45176	0.54144	12.89381	1.01943	1	0.71556	0.56155	13.48634	1.01177	1	-0.01252	-0.01086	0.68975	0.00399	1	0.05469	-0.01431	0.66252	0.00390	1	1.45898	0.81042	0	
1234992	8330.58398	3304105431171	0.51584	0.37533	8330.46289	0.12109	10885	1	0.53699	0.31249	1	0.48775	0.37126	1	0.51237	0.34187	1	0.45169	0.54127	12.80855	1.01978	1	0.71535	0.56133	13.09325	1.01978	1	-0.01252	-0.01086	0.68975	0.00400	1	0.05469	-0.01431	0.66252	0.00389	1	1.45898	0.81042	0	
1234993	8330.58984	3304105498153	0.51614	0.37377	8330.46289	0.12695	10885	1	0.54498	0.30061	1	0.49871	0.38762	1	0.52184	0.34411	1	0.45185	0.54118	12.84651	1.02780	1	0.71548	0.56168	13.14856	1.02780	1	-0.01252	-0.01086	0.68975	0.00412	1	0.05469	-0.01431	0.66252	0.00394	1	1.45898	0.81042	0	
1234994	8330.59668	3304105561246	0.51642	0.37221	8330.46289	0.13379	10885	1	0.54498	0.30061	1	0.49917	0.38154	1	0.52208	0.34107	1	0.45196	0.54168	13.14935	1.02780	1	0.71517	0.56149	13.27767	1.03546	1	-0.01176	-0.01025	0.65055	0.00399	1	0.05540	-0.01448	0.67043	0.00400	1	1.45898	0.81042	0	
1234995	8330.60352	3304105629701	0.51628	0.37127	8330.46289	0.14062	10885	1	0.55376	0.33144	1	0.47276	0.37141	1	0.51326	0.35143	1	0.45202	0.54112	12.75438	1.02744	1	0.71550	0.56153	13.15964	1.03510	1	-0.01176	-0.01025	0.65055	0.00437	1	0.05540	-0.01448	0.67043	0.00407	1	1.45898	0.81042	0	
1234996	8330.61035	3304105694565	0.51644	0.37254	8330.46289	0.14746	10885	1	0.55542	0.41842	1	0.48458	0.38268	1	0.52000	0.40055	1	0.45196	0.54216	13.31790	1.02709	1	0.71527	0.56159	13.44520	1.03474	1	-0.01176	-0.01025	0.65055	0.00382	1	0.05540	-0.01448	0.67043	0.00421	1	1.45898	0.81042	0	
1234997	8330.61621	3304105761318	0.51658	0.37346	8330.46289	0.15332	10885	1	0.55479	0.41275	1	0.48494	0.37662	1	0.51987	0.39468	1	0.45186	0.54212	13.19414	1.03474	1	0.71575	0.56157	14.00987	1.04240	1	-0.01236	-0.01082	0.68672	0.00379	1	0.05540	-0.01448	0.67043	0.00407	1	1.45898	0.81042	0	
1234998	8330.62305	3304105830322	0.51594	0.37361	8330.46289	0.16016	10885	1	0.53152	0.39083	1	0.46973	0.36349	1	0.50062	0.37716	1	0.45191	0.54227	13.25912	1.05042	1	0.71575	0.56155	14.02060	1.05042	1	-0.01236	-0.01082	0.68672	0.00368	1	0.05540	-0.01448	0.67043	0.00407	1	1.45898	0.81042	0	
1234999	8330.63086	3304105900438	0.51507	0.37395	8330.46289	0.16797	10885	1	0.52641	0.38835	1	0.45992	0.37650	1	0.49317	0.38243	1	0.45194	0.54204	12.88079	1.05844	1	0.71557	0.56133	13.29283	1.05844	1	-0.01236	-0.01082	0.68672	0.00375	1	0.05540	-0.01448	0.67043	0.00410	1	1.45898	0.81042	0	
1235000	8330.63672	3304105967162	0.51426	0.37426	8330.46289	0.17383	10885	1	0.52641	0.38835	1	0.45992	0.37650	1	0.49317	0.38243	1	0.45187	0.54208	12.97036	1.05844	1	0.71594	0.56126	13.69713	1.05844	1	-0.01177	-0.01034	0.65662	0.00372	1	0.05540	-0.01448	0.67043	0.00407	1	1.45898	0.81042	0	
1235001	8330.64355	3304106034026	0.51431	0.37420	8330.46289	0.18066	10885	1	0.53473	0.34990	1	0.49684	0.39530	1	0.51579	0.37260	1	0.45204	0.54147	13.18992	1.05042	1	0.71623	0.56144	13.41577	1.05042	1	-0.01177	-0.01034	0.65662	0.00371	1	0.05540	-0.01448	0.67043	0.00411	1	1.45898	0.81042	0	
1235002	8330.65039	3304106101275	0.51437	0.37404	8330.46289	0.18750	10885	1	0.53792	0.36595	1	0.49429	0.37275	1	0.51611	0.36935	1	0.45221	0.54178	12.26976	1.04240	1	0.71617	0.56103	13.17067	1.04240	1	-0.01177	-0.01034	0.65662	0.00369	1	0.05540	-0.01448	0.67043	0.00421	1	1.45898	0.81042	0	
1235003	8330.65723	3304106168119	0.51443	0.37388	8330.46289	0.19434	10885	1	0.53792	0.36595	1	0.49429	0.37275	1	0.51611	0.36935	1	0.45229	0.54147	12.37556	1.04240	1	0.71611	0.56098	13.14760	1.04240	1	-0.01220	-0.01072	0.68384	0.00381	1	0.05540	-0.01448	0.67043	0.00410	1	1.45898	0.81042	0	
1235004	8330.66406	3304106235071	0.51474	0.37320	8330.46289	0.20117	10885	1	0.55829	0.33177	1	0.48983	0.37379	1	0.52406	0.35278	1	0.45255	0.54150	13.18745	1.05042	1	0.71615	0.56114	13.21503	1.05042	1	-0.01220	-0.01072	0.68384	0.00368	1	0.05540	-0.01448	0.67043	0.00400	1	1.45898	0.81042	0	
1235005	8330.67090	3304106301198	0.51485	0.37241	8330.46289	0.20801	10885	1	0.53767	0.35539	1	0.49870	0.34048	1	0.51818	0.34793	1	0.45256	0.54161	13.18221	1.05844	1	0.71622	0.56096	13.06761	1.05844	1	-0.01220	-0.01072	0.68384	0.00370	1	0.05540	-0.01448	0.67043	0.00401	1	1.45898	0.81042	0	
1235006	8330.67773	3304106369200	0.51494	0.37157	8330.46289	0.21484	10885	1	0.53692	0.34915	1	0.49872	0.34019	1	0.51782	0.34467	1	0.45256	0.54144	12.78035	1.06645	1	0.71614	0.56083	12.98332	1.05880	1	-0.01209	-0.01057	0.67756	0.00370	1	0.05434	-0.01419	0.65701	0.00397	1	1.45898	0.81042	0	
1235007	8330.68359	3304106435797	0.51462	0.37077	8330.46289	0.22070	10885	1	0.51973	0.31623	1	0.48828	0.37256	1	0.50401	0.34440	1	0.45222	0.54114	11.86512	1.05880	1	0.71604	0.56115	13.58087	1.05114	1	-0.01209	-0.01057	0.67756	0.00372	1	0.05434	-0.01419	0.65701	0.00390	1	1.45898	0.81042	0	
1235008	8330.69043	3304106502878	0.51458	0.37037	8330.46289	0.22754	10885	1	0.51995	0.34612	1	0.50699	0.36739	1	0.51347	0.35675	1	0.45224	0.54106	12.26267	1.05114	1	0.71641	0.56105	12.96081	1.04348	1	-0.01209	-0.01057	0.67756	0.00365	1	0.05434	-0.01419	0.65701	0.00399	1	1.45898	0.81042	0	
1235009	8330.69727	3304106569097	0.51457	0.37025	8330.46289	0.23438	10885	1	0.52167	0.35855	1	0.50645	0.37382	1	0.51406	0.36619	1	0.45241	0.54116	12.87195	1.03546	1	0.71616	0.56152	13.44228	1.03546	1	-0.01140	-0.00996	0.64136	0.00371	1	0.05620	-0.01464	0.67764	0.00401	1	1.45898	0.81042	0	
1235010	8330.70410	3304106636771	0.51380	0.37181	8330.46289	0.24121	10885	1	0.51682	0.38020	1	0.45512	0.47573	1	0.48597	0.42796	1	0.45261	0.54138	12.92225	1.02744	1	0.71642	0.56169	13.98464	1.03510	1	-0.01140	-0.00996	0.64136	0.00380	1	0.05620	-0.01464	0.67764	0.00404	1	1.45898	0.81042	0	
1235011	8330.71094	3304106701887	0.51313	0.37258	8330.46289	0.24805	10885	1	0.51766	0.39906	1	0.45920	0.40295	1	0.48843	0.40100	1	0.45254	0.54132	12.96638	1.02709	1	0.71643	0.56144	13.89326	1.03474	1	-0.01140	-0.00996	0.64136	0.00378	1	0.05620	-0.01464	0.67764	0.00410	1	1.45898	0.81042	0	
1235012	8330.71777	3304106770984	0.51250	0.37332	8330.46289	0.25488	10885	1	0.51770	0.39933	1	0.45919	0.40322	1	0.48845	0.40127	1	0.45261	0.54109	12.90407	1.02673	1	0.71699	0.56148	13.33631	1.03439	1	-0.01163	-0.01019	0.65978	0.00385	1	0.05620	-0.01464	0.67764	0.00419	1	1.45898	0.81042	0	
1235013	8330.72461	3304106837771	0.51253	0.37327	8330.46289	0.26172	10885	1	0.53882	0.35155	1	0.48917	0.39139	1	0.51400	0.37147	1	0.45291	0.54098	12.74581	1.03439	1	0.71698	0.56126	13.21053	1.03439	1	-0.01163	-0.01019	0.65978	0.00394	1	0.05620	-0.01464	0.67764	0.00408	1	1.45898	0.81042	0	
1235014	8330.73145	3304106904959	0.51234	0.37215	8330.46289	0.26855	10885	1	0.51078	0.30361	1	0.49882	0.35111	1	0.50480	0.32736	1	0.45305	0.54073	12.04111	1.03439	1	0.71700	0.56092	13.26419	1.03439	1	-0.01163	-0.01019	0.65978	0.00394	1	0.05620	-0.01464	0.67764	0.00402	1	1.45898	0.81042	0	
1235015	8330.73730	3304106971823	0.51215	0.37100	8330.46289	0.27441	10885	1	0.50983	0.29681	1	0.49884	0.35081	1	0.50434	0.32381	1	0.45325	0.54113	12.61885	1.04240	1	0.71677	0.56164	13.66522	1.03474	1	-0.01175	-0.01040	0.66958	0.00392	1	0.05451	-0.01418	0.65667	0.00390	1	1.45898	0.81042	0	
1235016	8330.74414	3304107038892	0.51244	0.37054	8330.46289	0.28125	10885	1	0.54871	0.36178	1	0.49976	0.34095	1	0.52423	0.35137	1	0.45346	0.54128	13.33082	1.04276	1	0.71706	0.56092	12.87991	1.03510	1	-0.01175	-0.01040	0.66958	0.00381	1	0.05451	-0.01418	0.65667	0.00395	1	1.45898	0.81042	0	
1235017	8330.75098	3304107106267	0.51254	0.36990	8330.46289	0.28809	10885	1	0.53224	0.33151	1	0.50146	0.35324	1	0.51685	0.34237	1	0.45328	0.54100	13.06005	1.04312	1	0.71712	0.56133	13.14615	1.03546	1	-0.01175	-0.01040	0.66958	0.00389	1	0.05451	-0.01418	0.65667	0.00394	1	1.45898	0.81042	0	
1235018	8330.75781	3304107173253	0.51264	0.36914	8330.46289	0.29492	10885	1	0.53220	0.33122	1	0.50250	0.33952	1	0.51735	0.33537	1	0.45337	0.54040	12.91255	1.04348	1	0.71702	0.56137	13.12544	1.05216	1	-0.01175	-0.01040	0.66958	0.00406	1	0.05796	-0.01505	0.69695	0.00391	1	1.45898	0.81042	0	
1235019	8330.76465	3304107240757	0.51270	0.36801	8330.46289	0.30176	10885	1	0.53281	0.30019	1	0.49809	0.33437	1	0.51545	0.31728	1	0.45324	0.54031	12.79914	1.05216	1	0.71701	0.56137	13.16144	1.06850	1	-0.01175	-0.01040	0.66958	0.00397	1	0.05796	-0.01505	0.69695	0.00390	1	1.45898	0.81042	0	
1235020	8330.77148	3304107306478	0.51271	0.36737	8330.46289	0.30859	10885	1	0.53209	0.32973	1	0.49427	0.34658	1	0.51318	0.33815	1	0.45325	0.54092	12.81599	1.06850	1	0.71699	0.56163	13.55388	1.08484	1	-0.01175	-0.01040	0.66958	0.00383	1	0.05796	-0.01505	0.69695	0.00405	1	1.45898	0.81042	0	
1235021	8330.77832	3304107373822	0.51271	0.36670	8330.46289	0.31543	10885	1	0.53128	0.32311	1	0.49425	0.34686	1	0.51277	0.33499	1	0.45315	0.54099	12.96398	1.07682	1	0.71698	0.56174	13.62708	1.08448	1	-0.01147	-0.01025	0.65676	0.00370	1	0.05580	-0.01448	0.67039	0.00401	1	1.45898	0.81042	0	
1235022	8330.78418	3304107439966	0.51262	0.36685	8330.46289	0.32129	10885	1	0.52314	0.38263	1	0.48950	0.38488	1	0.50632	0.38375	1	0.45348	0.54155	13.22827	1.07646	1	0.71723	0.56178	14.06414	1.06778	1	-0.01147	-0.01025	0.65676	0.00380	1	0.05580	-0.01448	0.67039	0.00396	1	1.45898	0.81042	0	
1235023	8330.79102	3304107506315	0.51169	0.36710	8330.46289	0.32812	10885	1	0.50442	0.34188	1	0.45350	0.40810	1	0.47896	0.37499	1	0.45318	0.54109	12.73398	1.05977	1	0.71715	0.56188	14.09397	1.05108	1	-0.01147	-0.01025	0.65676	0.00377	1	0.05580	-0.01448	0.67039	0.00393	1	1.45898	0.81042	0	
1235024	8330.79785	3304107571735	0.51077	0.36756	8330.46289	0.33496	10885	1	0.50547	0.34875	1	0.45335	0.41464	1	0.47941	0.38170	1	0.45330	0.54158	12.95277	1.05108	1	0.71737	0.56188	14.01693	1.04240	1	-0.01196	-0.01067	0.68750	0.00372	1	0.05580	-0.01448	0.67039	0.00398	1	1.45898	0.81042	0	
1235025	8330.80469	3304107637981	0.51058	0.36875	8330.46289	0.34180	10885	1	0.53187	0.40451	1	0.46810	0.40089	1	0.49999	0.40270	1	0.45363	0.54158	13.05416	1.05042	1	0.71732	0.56189	14.07741	1.05042	1	-0.01196	-0.01067	0.68750	0.00368	1	0.05580	-0.01448	0.67039	0.00396	1	1.45898	0.81042	0	
1235026	8330.81152	3304107705532	0.51039	0.36847	8330.46289	0.34863	10885	1	0.52804	0.37064	1	0.46162	0.39951	1	0.49483	0.38508	1	0.45355	0.54131	13.10646	1.05844	1	0.71725	0.56196	14.26944	1.05844	1	-0.01196	-0.01067	0.68750	0.00382	1	0.05580	-0.01448	0.67039	0.00393	1	1.45898	0.81042	0	
1235027	8330.81738	3304107772737	0.51018	0.36818	8330.46289	0.35449	10885	1	0.52722	0.36451	1	0.46163	0.39924	1	0.49442	0.38188	1	0.45367	0.54131	12.64191	1.06645	1	0.71755	0.56211	13.74283	1.05880	1	-0.01190	-0.01077	0.69022	0.00388	1	0.05448	-0.01418	0.65400	0.00389	1	1.45898	0.81042	0	
1235028	8330.82422	3304107840597	0.50957	0.36808	8330.46289	0.36133	10885	1	0.52720	0.33125	1	0.46757	0.40481	1	0.49738	0.36803	1	0.45401	0.54141	13.02645	1.05880	1	0.71731	0.56202	14.24832	1.05114	1	-0.01190	-0.01077	0.69022	0.00380	1	0.05448	-0.01418	0.65400	0.00385	1	1.45898	0.81042	0	
1235029	8330.83105	3304107904912	0.50922	0.36786	8330.46289	0.36816	10885	1	0.51806	0.34583	1	0.48200	0.41154	1	0.50003	0.37869	1	0.45377	0.54117	12.47236	1.05114	1	0.71752	0.56214	13.74422	1.04348	1	-0.01190	-0.01077	0.69022	0.00377	1	0.05448	-0.01418	0.65400	0.00387	1	1.45898	0.81042	0	
1235030	8330.83789	3304107975234	0.50889	0.36797	8330.46289	0.37500	10885	1	0.51891	0.35191	1	0.48200	0.41154	1	0.50046	0.38173	1	0.45391	0.54181	12.67756	1.04348	1	0.71769	0.56197	13.45149	1.04348	1	-0.01163	-0.01062	0.67453	0.00367	1	0.05580	-0.01453	0.67039	0.00386	1	1.45898	0.81042	0	
1235031	8330.84473	3304108044292	0.50926	0.36844	8330.46289	0.38184	10885	1	0.55813	0.36352	1	0.48750	0.42682	1	0.52281	0.39517	1	0.45408	0.54171	13.07446	1.04348	1	0.71770	0.56206	13.49397	1.05114	1	-0.01163	-0.01062	0.67453	0.00367	1	0.05580	-0.01453	0.67039	0.00383	1	1.45898	0.81042	0	
1235032	8330.85156	3304108108804	0.50935	0.36957	8330.46289	0.38867	10885	1	0.52394	0.41628	1	0.48965	0.41602	1	0.50680	0.41615	1	0.45384	0.54211	12.68493	1.05114	1	0.71770	0.56206	13.49397	1.05880	1	-0.01163	-0.01062	0.67453	0.00378	1	0.05580	-0.01453	0.67039	0.00382	1	1.45898	0.81042	0	
1235033	8330.85840	3304108175505	0.50944	0.37051	8330.46289	0.39551	10885	1	0.52313	0.41071	1	0.48965	0.41602	1	0.50639	0.41336	1	0.45389	0.54225	12.74647	1.05880	1	0.71776	0.56135	13.17670	1.05880	1	-0.01163	-0.01062	0.67453	0.00372	1	0.05448	-0.01427	0.65400	0.00410	1	1.45898	0.81042	0	
1235034	8330.86426	3304108241321	0.50886	0.37175	8330.46289	0.40137	10885	1	0.52149	0.41349	1	0.47281	0.40135	1	0.49715	0.40742	1	0.45386	0.54226	12.72176	1.05880	1	0.71745	0.56186	13.80095	1.05114	1	-0.01163	-0.01062	0.67453	0.00373	1	0.05448	-0.01427	0.65400	0.00407	1	1.45898	0.81042	0	
1235035	8330.87109	3304108309082	0.50869	0.37215	8330.46289	0.40820	10885	1	0.53525	0.37688	1	0.49387	0.41178	1	0.51456	0.39433	1	0.45385	0.54239	13.11606	1.05114	1	0.71778	0.56205	13.46098	1.04348	1	-0.01163	-0.01062	0.67453	0.00376	1	0.05448	-0.01427	0.65400	0.00386	1	1.45898	0.81042	0	
1235036	8330.87793	3304108378402	0.50854	0.37228	8330.46289	0.41504	10885	1	0.53599	0.38273	1	0.49387	0.41178	1	0.51493	0.39725	1	0.45367	0.54188	12.83069	1.04348	1	0.71736	0.56223	13.79345	1.04348	1	-0.01163	-0.01062	0.67453	0.00407	1	0.05580	-0.01463	0.67039	0.00394	1	1.45898	0.81042	0	
1235037	8330.88477	3304108444927	0.50778	0.37226	8330.46289	0.42188	10885	1	0.51092	0.36828	1	0.46578	0.40468	1	0.48835	0.38648	1	0.45362	0.54211	12.09225	1.04348	1	0.71728	0.56195	13.52968	1.05114	1	-0.01163	-0.01062	0.67453	0.00387	1	0.05580	-0.01463	0.67039	0.00431	1	1.45898	0.81042	0	
1235038	8330.89160	3304108512231	0.50717	0.37137	8330.46289	0.42871	10885	1	0.51668	0.32385	1	0.47348	0.39862	1	0.49508	0.36123	1	0.45376	0.54178	12.95903	1.05114	1	0.71740	0.56191	13.80535	1.05880	1	-0.01163	-0.01062	0.67453	0.00399	1	0.05580	-0.01463	0.67039	0.00418	1	1.45898	0.81042	0	
1235039	8330.89844	3304108579645	0.50655	0.37042	8330.46289	0.43555	10885	1	0.51582	0.31761	1	0.47348	0.39862	1	0.49465	0.35811	1	0.45375	0.54193	12.78161	1.05880	1	0.71779	0.56200	13.15483	1.05880	1	-0.01163	-0.01062	0.67453	0.00407	1	0.05500	-0.01446	0.66020	0.00393	1	1.45898	0.81042	0	
1235040	8330.90527	3304108646837	0.50609	0.37133	8330.46289	0.44238	10885	1	0.50063	0.32758	1	0.48003	0.44350	1	0.49033	0.38554	1	0.45357	0.54171	12.30565	1.05880	1	0.71752	0.56235	13.63309	1.05114	1	-0.01163	-0.01062	0.67453	0.00421	1	0.05500	-0.01446	0.66020	0.00396	1	1.45898	0.81042	0	
1235041	8330.91211	3304108712193	0.50541	0.37116	8330.46289	0.44922	10885	1	0.49889	0.27897	1	0.47915	0.39253	1	0.48902	0.33575	1	0.45351	0.54099	11.83022	1.05114	1	0.71753	0.56232	13.66130	1.04348	1	-0.01163	-0.01062	0.67453	0.00436	1	0.05500	-0.01446	0.66020	0.00397	1	1.45898	0.81042	0	
1235042	8330.91895	3304108780198	0.50472	0.37118	8330.46289	0.45605	10885	1	0.49986	0.28554	1	0.47883	0.39848	1	0.48934	0.34201	1	0.45362	0.54187	12.12741	1.04348	1	0.71745	0.56220	13.64718	1.03582	1	-0.01163	-0.01062	0.67453	0.00412	1	0.05500	-0.01446	0.66020	0.00399	1	1.45898	0.81042	0	
1235043	8330.92480	3304108846812	0.50443	0.37191	8330.46289	0.46191	10885	1	0.52984	0.33919	1	0.46872	0.43437	1	0.49928	0.38678	1	0.45393	0.54170	12.35463	1.03582	1	0.71737	0.56208	13.62398	1.03582	1	-0.01163	-0.01062	0.67453	0.00401	1	0.05500	-0.01446	0.66020	0.00403	1	1.45898	0.81042	0	
1235044	8330.93164	3304108914561	0.50413	0.37093	8330.46289	0.46875	10885	1	0.51554	0.36664	1	0.49589	0.33989	1	0.50571	0.35327	1	0.45372	0.54192	12.35869	1.03582	1	0.71776	0.56165	13.14134	1.03582	1	-0.01163	-0.01062	0.67453	0.00401	1	0.05500	-0.01446	0.66020	0.00395	1	1.45898	0.81042	0	
1235045	8330.93848	3304108981267	0.50384	0.37000	8330.46289	0.47559	10885	1	0.51554	0.36664	1	0.49633	0.33350	1	0.50593	0.35007	1	0.45408	0.54152	12.83940	1.03582	1	0.71785	0.56218	13.13548	1.04348	1	-0.01163	-0.01062	0.67453	0.00394	1	0.05643	-0.01479	0.67556	0.00390	1	1.45898	0.81042	0	
1235046	8330.94531	3304109048382	0.50407	0.36931	8330.46289	0.48242	10885	1	0.53551	0.32035	1	0.48781	0.36789	1	0.51166	0.34412	1	0.45409	0.54152	12.94481	1.04348	1	0.71766	0.56209	12.93768	1.05114	1	-0.01163	-0.01062	0.67453	0.00394	1	0.05643	-0.01479	0.67556	0.00391	1	1.45898	0.81042	0	
1235047	8330.95215	3304109115940	0.50453	0.36780	8330.46289	0.48926	10885	1	0.52886	0.28903	1	0.50167	0.33123	1	0.51527	0.31013	1	0.45405	0.54136	12.90689	1.05114	1	0.71787	0.56246	13.13195	1.05880	1	-0.01163	-0.01062	0.67453	0.00401	1	0.05643	-0.01479	0.67556	0.00395	1	1.45898	0.81042	0	
1235048	8330.95898	3304109182615	0.50499	0.36623	8330.46289	0.49609	10885	1	0.52808	0.28254	1	0.50167	0.33123	1	0.51488	0.30688	1	0.45402	0.54188	12.66518	1.05880	1	0.71789	0.56238	13.19536	1.05880	1	-0.01163	-0.01062	0.67453	0.00384	1	0.05528	-0.01451	0.66246	0.00389	1	1.45898	0.81042	0	
1235049	8330.96582	3304109249158	0.50516	0.36595	8330.46289	0.50293	10885	1	0.54190	0.35607	1	0.50642	0.36265	1	0.52416	0.35936	1	0.45419	0.54216	13.07736	1.05880	1	0.71797	0.56248	13.18948	1.05114	1	-0.01163	-0.01062	0.67453	0.00374	1	0.05528	-0.01451	0.66246	0.00389	1	1.45898	0.81042	0	
1235050	8330.97168	3304109316494	0.50502	0.36559	8330.46289	0.50879	10885	1	0.51894	0.34127	1	0.49963	0.36213	1	0.50928	0.35170	1	0.45381	0.54192	12.44968	1.05114	1	0.71788	0.56247	13.27217	1.04348	1	-0.01163	-0.01062	0.67453	0.00382	1	0.05528	-0.01451	0.66246	0.00385	1	1.45898	0.81042	0	
1235051	8330.97852	3304109383339	0.50488	0.36535	8330.46289	0.51562	10885	1	0.51978	0.34738	1	0.49916	0.36830	1	0.50947	0.35784	1	0.45389	0.54206	12.48808	1.04348	1	0.71775	0.56268	13.61522	1.03582	1	-0.01163	-0.01062	0.67453	0.00378	1	0.05528	-0.01451	0.66246	0.00378	1	1.45898	0.81042	0	
1235052	8330.98535	3304109450417	0.50481	0.36579	8330.46289	0.52246	10885	1	0.54704	0.36575	1	0.49390	0.38220	1	0.52047	0.37397	1	0.45417	0.54200	12.80343	1.03582	1	0.71774	0.56272	13.67590	1.03582	1	-0.01163	-0.01062	0.67453	0.00393	1	0.05528	-0.01451	0.66246	0.00380	1	1.45898	0.81042	0	
1235053	8330.99219	3304109516862	0.50443	0.36595	8330.46289	0.52930	10885	1	0.51894	0.33133	1	0.48161	0.37982	1	0.50027	0.35558	1	0.45379	0.54167	12.36547	1.03582	1	0.71758	0.56258	13.43099	1.03582	1	-0.01163	-0.01062	0.67453	0.00398	1	0.05528	-0.01451	0.66246	0.00392	1	1.45898	0.81042	0	
1235054	8330.99902	3304109584559	0.50407	0.36611	8330.46289	0.53613	10885	1	0.51894	0.33133	1	0.48195	0.37374	1	0.50044	0.35254	1	0.45418	0.54209	12.96656	1.03582	1	0.71758	0.56300	13.63977	1.04348	1	-0.01163	-0.01062	0.67453	0.00377	1	0.05643	-0.01479	0.67556	0.00395	1	1.45898	0.81042	0	
1235055	8331.00586	3304109649068	0.50433	0.36709	8330.46289	0.54297	10885	1	0.54616	0.38421	1	0.48668	0.39881	1	0.51642	0.39151	1	0.45428	0.54226	13.11472	1.04348	1	0.71762	0.56285	13.55418	1.05114	1	-0.01163	-0.01062	0.67453	0.00372	1	0.05643	-0.01479	0.67556	0.00391	1	1.45898	0.81042	0	
1235056	8331.01270	3304109717932	0.50395	0.36764	8330.46289	0.54980	10885	1	0.52057	0.36597	1	0.47031	0.39997	1	0.49544	0.38297	1	0.45385	0.54227	12.58596	1.05114	1	0.71774	0.56289	13.62975	1.05880	1	-0.01163	-0.01062	0.67453	0.00372	1	0.05643	-0.01479	0.67556	0.00395	1	1.45898	0.81042	0	
1235057	8331.01855	3304109784793	0.50357	0.36799	8330.46289	0.55566	10885	1	0.52061	0.36625	1	0.47030	0.40024	1	0.49545	0.38324	1	0.45406	0.54196	12.66545	1.05078	1	0.71785	0.56298	13.48354	1.05844	1	-0.01131	-0.01037	0.65866	0.00379	1	0.05643	-0.01479	0.67556	0.00394	1	1.45898	0.81042	0	
1235058	8331.02539	3304109848757	0.50408	0.36710	8330.46289	0.56250	10885	1	0.54692	0.35380	1	0.47471	0.41595	1	0.51081	0.38488	1	0.45417	0.54198	12.85588	1.05042	1	0.71782	0.56313	13.67233	1.05042	1	-0.01131	-0.01037	0.65866	0.00379	1	0.05643	-0.01479	0.67556	0.00392	1	1.45898	0.81042	0	
1235059	8331.03223	3304109918828	0.50423	0.36725	8330.46289	0.56934	10885	1	0.54008	0.39670	1	0.45082	0.41967	1	0.49545	0.40818	1	0.45407	0.54233	13.19095	1.04240	1	0.71783	0.56309	13.51447	1.04240	1	-0.01131	-0.01037	0.65866	0.00368	1	0.05643	-0.01479	0.67556	0.00393	1	1.45898	0.81042	0	
1235060	8331.03906	3304109986362	0.50438	0.36752	8330.46289	0.57617	10885	1	0.54083	0.40272	1	0.45070	0.42567	1	0.49577	0.41419	1	0.45414	0.54192	12.91243	1.03439	1	0.71786	0.56307	13.65969	1.03439	1	-0.01131	-0.01037	0.65866	0.00387	1	0.05643	-0.01479	0.67556	0.00392	1	1.45898	0.81042	0	
1235061	8331.04590	3304110052677	0.50394	0.36767	8330.46289	0.58301	10885	1	0.54250	0.32596	1	0.44314	0.43213	1	0.49282	0.37904	1	0.45416	0.54165	13.05719	1.03439	1	0.71766	0.56302	13.22894	1.03439	1	-0.01131	-0.01037	0.65866	0.00388	1	0.05643	-0.01479	0.67556	0.00397	1	1.45898	0.81042	0	
1235062	8331.05273	3304110119243	0.50410	0.36920	8330.46289	0.58984	10885	1	0.55431	0.37620	1	0.47065	0.42480	1	0.51248	0.40050	1	0.45428	0.54210	12.99039	1.03439	1	0.71783	0.56314	13.79101	1.03439	1	-0.01131	-0.01037	0.65866	0.00376	1	0.05643	-0.01479	0.67556	0.00388	1	1.45898	0.81042	0	
1235063	8331.05957	3304110187146	0.50427	0.37079	8330.46289	0.59668	10885	1	0.55431	0.37620	1	0.47065	0.42480	1	0.51248	0.40050	1	0.45404	0.54216	13.18282	1.03439	1	0.71760	0.56309	13.57306	1.03439	1	-0.01131	-0.01037	0.65866	0.00376	1	0.05643	-0.01479	0.67556	0.00392	1	1.45898	0.81042	0	
1235064	8331.06543	3304110253846	0.50378	0.37066	8330.46289	0.60254	10885	1	0.54009	0.35974	1	0.46123	0.32987	1	0.50066	0.34481	1	0.45412	0.54203	13.00490	1.03439	1	0.71794	0.56196	12.61355	1.03439	1	-0.01131	-0.01037	0.65866	0.00376	1	0.05643	-0.01479	0.67556	0.00429	1	1.45898	0.81042	0	
1235065	8331.07227	3304110321442	0.50350	0.37171	8330.46289	0.60938	10885	1	0.54022	0.35868	1	0.46665	0.42755	1	0.50344	0.39311	1	0.45412	0.54203	13.00490	1.03439	1	0.71767	0.56308	13.60772	1.03439	1	-0.01131	-0.01037	0.65866	0.00376	1	0.05643	-0.01479	0.67556	0.00394	1	1.45898	0.81042	0	
1235066	8331.07910	3304110388292	0.50321	0.37279	8330.46289	0.61621	10885	1	0.53947	0.35232	1	0.46689	0.42155	1	0.50318	0.38694	1	0.45421	0.54223	13.08836	1.04240	1	0.71794	0.56289	13.14586	1.04240	1	-0.01163	-0.01062	0.67453	0.00371	1	0.05643	-0.01479	0.67556	0.00386	1	1.45898	0.81042	0	
1235067	8331.08594	3304110454277	0.50310	0.37394	8330.46289	0.62305	10885	1	0.51829	0.36933	1	0.50286	0.37592	1	0.51058	0.37262	1	0.45384	0.54219	12.51351	1.05042	1	0.71788	0.56284	13.07344	1.05042	1	-0.01163	-0.01062	0.67453	0.00371	1	0.05643	-0.01479	0.67556	0.00385	1	1.45898	0.81042	0	
1235068	8331.09277	3304110522226	0.50299	0.37454	8330.46289	0.62988	10885	1	0.51517	0.35758	1	0.49984	0.37626	1	0.50750	0.36692	1	0.45376	0.54216	12.47065	1.05844	1	0.71792	0.56285	13.15987	1.05844	1	-0.01163	-0.01062	0.67453	0.00375	1	0.05643	-0.01479	0.67556	0.00388	1	1.45898	0.81042	0	
1235069	8331.09961	3304110588493	0.50287	0.37508	8330.46289	0.63672	10885	1	0.51426	0.35134	1	0.50031	0.36999	1	0.50729	0.36067	1	0.45378	0.54194	12.62748	1.06645	1	0.71773	0.56261	13.49960	1.06645	1	-0.01163	-0.01067	0.67453	0.00392	1	0.05664	-0.01490	0.67803	0.00379	1	1.45898	0.81042	0	
1235070	8331.10547	3304110653821	0.50316	0.37467	8330.46289	0.64258	10885	1	0.53297	0.38184	1	0.50705	0.34675	1	0.52001	0.36429	1	0.45392	0.54247	12.80442	1.06645	1	0.71794	0.56252	13.27807	1.06645	1	-0.01163	-0.01067	0.67453	0.00368	1	0.05664	-0.01490	0.67803	0.00374	1	1.45898	0.81042	0	
1235071	8331.11230	3304110722776	0.50394	0.37375	8330.46289	0.64941	10885	1	0.52693	0.36024	1	0.50588	0.30143	1	0.51641	0.33083	1	0.45388	0.54217	12.54045	1.06645	1	0.71788	0.56205	13.02277	1.06645	1	-0.01163	-0.01067	0.67453	0.00383	1	0.05664	-0.01490	0.67803	0.00398	1	1.45898	0.81042	0	
1235072	8331.11914	3304110789770	0.50470	0.37276	8330.46289	0.65625	10885	1	0.52693	0.36024	1	0.50538	0.30791	1	0.51616	0.33408	1	0.45383	0.54161	12.12985	1.06645	1	0.71785	0.56259	13.22817	1.05880	1	-0.01163	-0.01062	0.67453	0.00390	1	0.05528	-0.01451	0.66246	0.00380	1	1.45898	0.81042	0	
1235073	8331.12598	3304110856597	0.50496	0.37172	8330.46289	0.66309	10885	1	0.51893	0.34069	1	0.50539	0.36512	1	0.51216	0.35290	1	0.45377	0.54188	12.02096	1.05880	1	0.71789	0.56258	13.32494	1.05114	1	-0.01163	-0.01062	0.67453	0.00397	1	0.05528	-0.01451	0.66246	0.00381	1	1.45898	0.81042	0	
1235074	8331.13281	3304110923591	0.50526	0.37087	8330.46289	0.66992	10885	1	0.51674	0.33416	1	0.50245	0.35433	1	0.50959	0.34425	1	0.45385	0.54186	12.21041	1.05114	1	0.71786	0.56236	13.02001	1.04348	1	-0.01163	-0.01062	0.67453	0.00385	1	0.05528	-0.01451	0.66246	0.00378	1	1.45898	0.81042	0	
1235075	8331.13965	3304110990913	0.50558	0.37022	8330.46289	0.67676	10885	1	0.51760	0.34033	1	0.50196	0.36057	1	0.50978	0.35045	1	0.45364	0.54206	12.35091	1.04348	1	0.71779	0.56230	12.91992	1.03582	1	-0.01163	-0.01062	0.67453	0.00390	1	0.05500	-0.01446	0.66020	0.00383	1	1.45898	0.81042	0	
1235076	8331.14648	3304111058190	0.50574	0.36973	8330.46289	0.68359	10885	1	0.50291	0.36079	1	0.50702	0.32858	1	0.50497	0.34469	1	0.45347	0.54190	11.95952	1.03582	1	0.71791	0.56212	13.06671	1.03582	1	-0.01163	-0.01062	0.67453	0.00400	1	0.05500	-0.01446	0.66020	0.00380	1	1.45898	0.81042	0	
1235077	8331.15332	3304111124826	0.50576	0.36929	8330.46289	0.69043	10885	1	0.50520	0.36130	1	0.49707	0.35370	1	0.50113	0.35750	1	0.45364	0.54208	12.13890	1.03582	1	0.71784	0.56212	12.97939	1.03582	1	-0.01163	-0.01062	0.67453	0.00399	1	0.05500	-0.01446	0.66020	0.00377	1	1.45898	0.81042	0	
1235078	8331.15918	3304111191338	0.50578	0.36878	8330.46289	0.69629	10885	1	0.50520	0.36130	1	0.49707	0.35370	1	0.50113	0.35750	1	0.45355	0.54143	12.03607	1.03582	1	0.71768	0.56220	13.15427	1.03582	1	-0.01163	-0.01062	0.67453	0.00398	1	0.05500	-0.01446	0.66020	0.00382	1	1.45898	0.81042	0	
1235079	8331.16602	3304111259129	0.50542	0.36764	8330.46289	0.70312	10885	1	0.51669	0.35807	1	0.49493	0.32279	1	0.50581	0.34043	1	0.45369	0.54183	12.41870	1.03582	1	0.71774	0.56205	13.05290	1.03582	1	-0.01163	-0.01062	0.67453	0.00402	1	0.05500	-0.01446	0.66020	0.00385	1	1.45898	0.81042	0	
1235080	8331.17285	3304111326070	0.50546	0.36671	8330.46289	0.70996	10885	1	0.51916	0.35962	1	0.49787	0.38305	1	0.50851	0.37133	1	0.45376	0.54197	12.39214	1.03582	1	0.71784	0.56201	12.91996	1.03582	1	-0.01163	-0.01062	0.67453	0.00404	1	0.05500	-0.01446	0.66020	0.00381	1	1.45898	0.81042	0	
1235081	8331.17969	3304111393008	0.50550	0.36583	8330.46289	0.71680	10885	1	0.51916	0.35962	1	0.49787	0.38305	1	0.50851	0.37133	1	0.45387	0.54184	12.42087	1.03582	1	0.71762	0.56196	12.88413	1.03582	1	-0.01163	-0.01062	0.67453	0.00389	1	0.05500	-0.01446	0.66020	0.00389	1	1.45898	0.81042	0	
1235082	8331.18652	3304111459332	0.50573	0.36534	8330.46289	0.72363	10885	1	0.52415	0.32771	1	0.49230	0.43975	1	0.50822	0.38373	1	0.45392	0.54161	12.22826	1.03582	1	0.71780	0.56227	13.33049	1.03582	1	-0.01163	-0.01062	0.67453	0.00397	1	0.05500	-0.01446	0.66020	0.00381	1	1.45898	0.81042	0	
1235083	8331.19336	3304111523931	0.50543	0.36520	8330.46289	0.73047	10885	1	0.51279	0.32431	1	0.48704	0.45044	1	0.49991	0.38738	1	0.45363	0.54153	11.90203	1.03582	1	0.71769	0.56236	13.25443	1.03582	1	-0.01163	-0.01062	0.67453	0.00389	1	0.05500	-0.01446	0.66020	0.00383	1	1.45898	0.81042	0	
1235084	8331.19922	3304111589003	0.50511	0.36504	8330.46289	0.73633	10885	1	0.51279	0.32431	1	0.48671	0.45539	1	0.49975	0.38985	1	0.45365	0.54157	12.01123	1.03582	1	0.71751	0.56218	12.94454	1.02901	1	-0.01163	-0.01062	0.67453	0.00403	1	0.05317	-0.01397	0.63770	0.00390	1	1.45898	0.81042	0	
1235085	8331.20605	3304111660372	0.50525	0.36523	8330.46289	0.74316	10885	1	0.50515	0.35330	1	0.48510	0.43784	1	0.49512	0.39557	1	0.45347	0.54171	12.08642	1.02901	1	0.71766	0.56227	13.24565	1.02220	1	-0.01163	-0.01062	0.67453	0.00413	1	0.05317	-0.01397	0.63770	0.00396	1	1.45898	0.81042	0	
1235086	8331.21289	3304111723393	0.50526	0.36615	8330.46289	0.75000	10885	1	0.51822	0.36612	1	0.47291	0.44411	1	0.49556	0.40512	1	0.45369	0.54184	12.31135	1.02220	1	0.71745	0.56223	12.83749	1.01539	1	-0.01163	-0.01062	0.67453	0.00398	1	0.05317	-0.01397	0.63770	0.00404	1	1.45898	0.81042	0	
1235087	8331.21973	3304111789686	0.50529	0.36712	8330.46289	0.75684	10885	1	0.51899	0.37155	1	0.47319	0.43840	1	0.49609	0.40497	1	0.45377	0.54167	12.19470	1.01539	1	0.71753	0.56219	12.56332	1.02305	1	-0.01163	-0.01062	0.67453	0.00392	1	0.05664	-0.01480	0.67803	0.00405	1	1.45898	0.81042	0	
1235088	8331.22656	3304111859903	0.50559	0.36774	8330.46289	0.76367	10885	1	0.51575	0.36948	1	0.49333	0.46136	1	0.50454	0.41542	1	0.45370	0.54193	12.79373	1.02305	1	0.71781	0.56243	12.95100	1.03752	1	-0.01163	-0.01062	0.67453	0.00390	1	0.05664	-0.01480	0.67803	0.00397	1	1.45898	0.81042	0	
1235089	8331.23340	3304111929768	0.50606	0.36929	8330.46289	0.77051	10885	1	0.51411	0.38221	1	0.50899	0.43815	1	0.51155	0.41018	1	0.45367	0.54172	12.27209	1.03752	1	0.71804	0.56223	12.22160	1.05199	1	-0.01163	-0.01062	0.67453	0.00393	1	0.05664	-0.01480	0.67803	0.00400	1	1.45898	0.81042	0	
1235090	8331.24023	3304111992683	0.50652	0.37049	8330.46289	0.77734	10885	1	0.51243	0.37108	1	0.50998	0.42761	1	0.51121	0.39934	1	0.45366	0.54199	12.74831	1.05199	1	0.71784	0.56281	13.21563	1.06645	1	-0.01163	-0.01062	0.67453	0.00393	1	0.05664	-0.01480	0.67803	0.00390	1	1.45898	0.81042	0	
1235091	8331.24609	3304112060105	0.50649	0.37076	8330.46289	0.78320	10885	1	0.53067	0.39376	1	0.46558	0.40583	1	0.49812	0.39979	1	0.45393	0.54215	12.42640	1.06645	1	0.71805	0.56213	12.33051	1.06645	1	-0.01163	-0.01062	0.67453	0.00374	1	0.05664	-0.01480	0.67803	0.00403	1	1.45898	0.81042	0	
1235092	8331.25293	3304112127519	0.50607	0.37134	8330.46289	0.79004	10885	1	0.51964	0.37074	1	0.45103	0.39155	1	0.48533	0.38115	1	0.45379	0.54181	12.37998	1.06645	1	0.71784	0.56203	12.84633	1.06645	1	-0.01163	-0.01062	0.67453	0.00386	1	0.05664	-0.01480	0.67803	0.00398	1	1.45898	0.81042	0	
1235093	8331.25977	3304112197086	0.50564	0.37199	8330.46289	0.79688	10885	1	0.51964	0.37074	1	0.45103	0.39155	1	0.48533	0.38115	1	0.45406	0.54141	12.27808	1.06645	1	0.71792	0.56223	12.55825	1.06645	1	-0.01163	-0.01062	0.67453	0.00396	1	0.05664	-0.01480	0.67803	0.00422	1	1.45898	0.81042	0	
1235094	8331.26660	3304112262119	0.50546	0.37249	8330.46289	0.80371	10885	1	0.54316	0.36834	1	0.46279	0.36796	1	0.50297	0.36815	1	0.45423	0.54185	12.69477	1.06645	1	0.71800	0.56171	12.51700	1.06645	1	-0.01163	-0.01062	0.67453	0.00369	1	0.05664	-0.01480	0.67803	0.00405	1	1.45898	0.81042	0	
1235095	8331.27344	3304112328697	0.50497	0.37326	8330.46289	0.81055	10885	1	0.51340	0.30257	1	0.47025	0.39166	1	0.49183	0.34711	1	0.45380	0.54088	11.82664	1.06645	1	0.71814	0.56203	12.93782	1.06645	1	-0.01163	-0.01062	0.67453	0.00381	1	0.05664	-0.01480	0.67803	0.00400	1	1.45898	0.81042	0	
1235096	8331.28027	3304112397219	0.50449	0.37423	8330.46289	0.81738	10885	1	0.51431	0.30917	1	0.46999	0.39774	1	0.49215	0.35345	1	0.45372	0.54085	11.86208	1.05844	1	0.71848	0.56206	12.90022	1.05844	1	-0.01131	-0.01037	0.65866	0.00384	1	0.05664	-0.01470	0.67803	0.00401	1	1.45898	0.81042	0	
1235097	8331.28711	3304112464357	0.50382	0.37379	8330.46289	0.82422	10885	1	0.52263	0.27165	1	0.46060	0.40483	1	0.49161	0.33824	1	0.45395	0.54058	11.99021	1.05042	1	0.71799	0.56202	12.87083	1.05042	1	-0.01131	-0.01037	0.65866	0.00387	1	0.05664	-0.01470	0.67803	0.00398	1	1.45898	0.81042	0	
1235098	8331.29395	3304112531257	0.50344	0.37413	8330.46289	0.83105	10885	1	0.51477	0.33400	1	0.46746	0.40182	1	0.49112	0.36791	1	0.45368	0.54133	11.94002	1.04240	1	0.71813	0.56185	12.27151	1.04240	1	-0.01131	-0.01037	0.65866	0.00359	1	0.05664	-0.01470	0.67803	0.00405	1	1.45898	0.81042	0	
1235099	8331.30078	3304112598243	0.50306	0.37447	8330.46289	0.83789	10885	1	0.51569	0.34051	1	0.46721	0.40796	1	0.49145	0.37424	1	0.45369	0.54156	12.41489	1.03439	1	0.71815	0.56195	12.58347	1.03439	1	-0.01131	-0.01037	0.65866	0.00357	1	0.05664	-0.01470	0.67803	0.00395	1	1.45898	0.81042	0	
1235100	8331.30664	3304112665223	0.50281	0.37471	8330.46289	0.84375	10885	1	0.54235	0.36463	1	0.47435	0.40646	1	0.50835	0.38554	1	0.45410	0.54146	12.88185	1.03439	1	0.71819	0.56199	12.58954	1.03439	1	-0.01131	-0.01037	0.65866	0.00354	1	0.05664	-0.01470	0.67803	0.00391	1	1.45898	0.81042	0	
1235101	8331.31348	3304112732179	0.50279	0.37520	8330.46289	0.85059	10885	1	0.52675	0.36508	1	0.47174	0.39292	1	0.49925	0.37900	1	0.45393	0.54149	12.69872	1.03439	1	0.71820	0.56183	12.60153	1.03439	1	-0.01131	-0.01037	0.65866	0.00352	1	0.05664	-0.01470	0.67803	0.00394	1	1.45898	0.81042	0	
1235102	8331.32031	3304112799748	0.50276	0.37575	8330.46289	0.85742	10885	1	0.52675	0.36508	1	0.47174	0.39292	1	0.49925	0.37900	1	0.45384	0.54147	12.61619	1.03439	1	0.71833	0.56189	13.07094	1.03439	1	-0.01121	-0.01023	0.65260	0.00355	1	0.05664	-0.01470	0.67803	0.00388	1	1.45898	0.81042	0	
1235103	8331.32715	3304112864151	0.50227	0.37549	8330.46289	0.86426	10885	1	0.50102	0.35479	1	0.48433	0.40304	1	0.49268	0.37891	1	0.45393	0.54144	12.45598	1.03439	1	0.71841	0.56184	13.28675	1.03439	1	-0.01121	-0.01023	0.65260	0.00357	1	0.05664	-0.01470	0.67803	0.00389	1	1.45898	0.81042	0	
1235104	8331.33398	3304112933259	0.50285	0.37501	8330.46289	0.87109	10885	1	0.54697	0.36593	1	0.49965	0.35390	1	0.52331	0.35991	1	0.45420	0.54157	12.18118	1.03439	1	0.71856	0.56131	13.06486	1.03439	1	-0.01121	-0.01023	0.65260	0.00358	1	0.05664	-0.01470	0.67803	0.00410	1	1.45898	0.81042	0	
1235105	8331.34082	3304113000449	0.50343	0.37439	8330.46289	0.87793	10885	1	0.54626	0.35963	1	0.50014	0.34731	1	0.52320	0.35347	1	0.45469	0.54172	12.29483	1.04240	1	0.71840	0.56186	13.20657	1.04240	1	-0.01146	-0.01050	0.67017	0.00363	1	0.05700	-0.01476	0.68115	0.00391	1	1.45898	0.81042	0	
1235106	8331.34766	3304113067422	0.50357	0.37429	8330.46289	0.88477	10885	1	0.54024	0.39099	1	0.49473	0.36917	1	0.51749	0.38008	1	0.45449	0.54147	11.65569	1.05042	1	0.71855	0.56161	12.96900	1.05042	1	-0.01146	-0.01050	0.67017	0.00366	1	0.05700	-0.01476	0.68115	0.00394	1	1.45898	0.81042	0	
1235107	8331.35352	3304113134265	0.50364	0.37315	8330.46289	0.89062	10885	1	0.54024	0.39099	0	0.49901	0.35374	1	0.49901	0.35374	1	0.45449	0.54147	11.65569	1.05844	0	0.71865	0.56158	12.88603	1.05844	1	-0.01146	-0.01050	0.67017	0.00366	1	0.05700	-0.01476	0.68115	0.00390	1	1.45898	0.81042	0	
1235108	8331.36035	3304113201221	0.50364	0.37315	8330.46289	0.89746	10885	1	0.54024	0.39099	0	0.49901	0.35374	0	0.49901	0.35374	0	0.45449	0.54147	11.65569	1.06645	0	0.71865	0.56158	12.88603	1.06645	0	-0.01146	-0.01050	0.67017	0.00366	1	0.05700	-0.01476	0.68115	0.00390	1	1.45898	0.81042	0	
1235109	8331.36719	3304113268257	0.50364	0.37315	8330.46289	0.90430	10885	1	0.54024	0.39099	0	0.49901	0.35374	0	0.49901	0.35374	0	0.45449	0.54147	11.65569	1.06645	0	0.71865	0.56158	12.88603	1.06645	0	-0.01146	-0.01050	0.67017	0.00366	1	0.05700	-0.01476	0.68115	0.00390	1	1.45898	0.81042	0	
1235110	8331.37402	3304113335103	0.50364	0.37315	8330.46289	0.91113	10885	1	0.54024	0.39099	0	0.49901	0.35374	0	0.49901	0.35374	0	0.45449	0.54147	11.65569	1.06645	0	0.71865	0.56158	12.88603	1.06645	0	-0.01146	-0.01050	0.67017	0.00366	1	0.05700	-0.01476	0.68115	0.00390	1	1.45898	0.81042	0	
1235111	8331.38086	3304113402735	0.50241	0.36696	8330.46289	0.91113	10885	0	0.54024	0.39099	0	0.49901	0.35374	0	0.49901	0.35374	0	0.45449	0.54147	11.65569	1.06645	0	0.71865	0.56158	12.88603	1.06645	0	-0.01146	-0.01050	0.67017	0.00366	1	0.05700	-0.01476	0.68115	0.00390	1	1.45898	0.81042	0	
1235112	8331.38770	3304113469027	0.50241	0.36696	8330.46289	0.91113	10885	0	0.54024	0.39099	0	0.49901	0.35374	0	0.49901	0.35374	0	0.45449	0.54147	11.65569	1.06645	0	0.71865	0.56158	12.88603	1.06645	0	-0.01146	-0.01050	0.67017	0.00366	1	0.05700	-0.01476	0.68115	0.00390	1	1.45898	0.81042	0	
1235113	8331.39453	3304113536166	0.50241	0.36696	8330.46289	0.91113	10885	0	0.54024	0.39099	0	0.49901	0.35374	0	0.49901	0.35374	0	0.45449	0.54147	11.65569	1.06645	0	0.71865	0.56158	12.88603	1.06645	0	-0.01146	-0.01050	0.67017	0.00366	1	0.05700	-0.01476	0.68115	0.00390	1	1.45898	0.81042	0	
1235114	8331.40039	3304113602902	0.00000	0.00000	8330.46289	0.91113	10885	0	0.54024	0.39099	0	0.49901	0.35374	0	0.49901	0.35374	0	0.45449	0.54147	11.65569	1.06645	0	0.71865	0.56158	12.88603	1.06645	0	-0.01146	-0.01050	0.67017	0.00366	1	0.05700	-0.01476	0.68115	0.00390	1	1.45898	0.81042	0	
1235115	8331.40723	3304113670010	0.00000	0.00000	8330.46289	0.91113	10885	0	0.54024	0.39099	0	0.49901	0.35374	0	0.49901	0.35374	0	0.45449	0.54147	11.65569	1.06645	0	0.71865	0.56158	12.88603	1.06645	0	-0.01146	-0.01050	0.67017	0.00366	1	0.05700	-0.01476	0.68115	0.00390	1	1.45898	0.81042	0	
1235116	8331.41406	3304113737225	0.00000	0.00000	8330.46289	0.91113	10885	0	0.54024	0.39099	0	0.49901	0.35374	0	0.49901	0.35374	0	0.45449	0.54147	11.65569	1.06645	0	0.71865	0.56158	12.88603	1.06645	0	-0.01146	-0.01050	0.67017	0.00366	1	0.05700	-0.01476	0.68115	0.00390	1	1.45898	0.81042	0	
1235117	8331.42090	3304113803928	0.51925	0.36936	8330.46289	0.91113	10885	0	0.53950	0.38497	1	0.49901	0.35374	1	0.51925	0.36936	1	0.45465	0.54154	12.88633	1.05844	1	0.71911	0.56185	13.07009	1.05844	1	-0.01115	-0.01031	0.66080	0.00356	1	0.05665	-0.01470	0.67574	0.00390	1	1.45898	0.81042	0	
1235118	8331.42773	3304113871111	0.51644	0.37126	8330.46289	0.91113	10885	0	0.55824	0.36559	1	0.46900	0.38075	1	0.51362	0.37317	1	0.45523	0.54127	11.97057	1.05042	1	0.71885	0.56183	12.35925	1.05042	1	-0.01115	-0.01031	0.66080	0.00368	1	0.05665	-0.01470	0.67574	0.00398	1	1.45898	0.81042	0	
1235119	8331.43457	3304113938005	0.51180	0.37451	8330.46289	0.91113	10885	0	0.51838	0.36805	1	0.48665	0.39394	1	0.50251	0.38099	1	0.45500	0.54133	11.76320	1.04240	1	0.71913	0.56185	12.99970	1.04240	1	-0.01115	-0.01031	0.66080	0.00365	1	0.05665	-0.01470	0.67574	0.00389	1	1.45898	0.81042	0	
1235120	8331.44043	3304114003912	0.50947	0.37613	8331.42090	0.01953	10886	1	0.51838	0.36805	1	0.48665	0.39394	1	0.50251	0.38099	1	0.45503	0.54135	11.83021	1.04240	1	0.71926	0.56172	13.16123	1.04240	1	-0.01149	-0.01057	0.68428	0.00366	1	0.05629	-0.01458	0.67026	0.00389	1	1.45898	0.81042	0	
1235121	8331.44727	3304114072371	0.50951	0.37876	8331.42090	0.02637	10886	1	0.53357	0.38931	1	0.48570	0.38926	1	0.50964	0.38928	1	0.45520	0.54143	12.40629	1.05042	1	0.71920	0.56177	13.07895	1.05042	1	-0.01149	-0.01057	0.68428	0.00373	1	0.05629	-0.01458	0.67026	0.00375	1	1.45898	0.81042	0	
1235122	8331.45410	3304114138691	0.50986	0.38403	8331.42090	0.03320	10886	1	0.53669	0.39760	1	0.48653	0.42318	1	0.51161	0.41039	1	0.45523	0.54154	12.54334	1.05844	1	0.71925	0.56201	12.89700	1.05844	1	-0.01149	-0.01057	0.68428	0.00367	1	0.05629	-0.01458	0.67026	0.00374	1	1.45898	0.81042	0	
1235123	8331.46094	3304114206143	0.51008	0.38695	8331.42090	0.04004	10886	1	0.53592	0.39168	1	0.48691	0.41727	1	0.51142	0.40447	1	0.45519	0.54147	12.53364	1.06645	1	0.71933	0.56164	12.74223	1.06645	1	-0.01149	-0.01057	0.68428	0.00365	1	0.05629	-0.01458	0.67026	0.00383	1	1.45898	0.81042	0	
1235124	8331.46777	3304114273069	0.51072	0.38595	8331.42090	0.04688	10886	1	0.53920	0.40276	1	0.49127	0.35515	1	0.51523	0.37895	1	0.45527	0.54160	12.18127	1.06645	1	0.71926	0.56175	12.82080	1.06645	1	-0.01149	-0.01057	0.68428	0.00382	1	0.05629	-0.01458	0.67026	0.00373	1	1.45898	0.81042	0	
1235125	8331.47461	3304114340559	0.51082	0.38535	8331.42090	0.05371	10886	1	0.52548	0.37465	1	0.49778	0.38647	1	0.51163	0.38056	1	0.45546	0.54150	12.29580	1.06645	1	0.71940	0.56185	12.93465	1.06645	1	-0.01149	-0.01057	0.68428	0.00367	1	0.05629	-0.01458	0.67026	0.00386	1	1.45898	0.81042	0	
1235126	8331.48145	3304114407086	0.51092	0.38548	8331.42090	0.06055	10886	1	0.52631	0.38070	1	0.49732	0.39262	1	0.51181	0.38666	1	0.45512	0.54164	11.93625	1.05844	1	0.71940	0.56196	12.96968	1.05844	1	-0.01100	-0.01021	0.65779	0.00379	1	0.05629	-0.01463	0.67026	0.00381	1	1.45898	0.81042	0	
1235127	8331.48828	3304114474072	0.51245	0.38638	8331.42090	0.06738	10886	1	0.55574	0.37330	1	0.49973	0.41733	1	0.52773	0.39532	1	0.45553	0.54143	12.07709	1.05042	1	0.71946	0.56212	12.74059	1.05042	1	-0.01100	-0.01021	0.65779	0.00368	1	0.05629	-0.01463	0.67026	0.00403	1	1.45898	0.81042	0	
1235128	8331.49414	3304114540850	0.51370	0.38867	8331.42090	0.07324	10886	1	0.55570	0.40310	1	0.49905	0.42475	1	0.52738	0.41392	1	0.45557	0.54142	12.14945	1.04240	1	0.71946	0.56210	12.64651	1.04240	1	-0.01100	-0.01021	0.65779	0.00368	1	0.05629	-0.01463	0.67026	0.00401	1	1.45898	0.81042	0	
1235129	8331.50098	3304114607866	0.51473	0.39083	8331.42090	0.08008	10886	1	0.55570	0.40310	1	0.49859	0.43047	1	0.52715	0.41678	1	0.45559	0.54171	12.17063	1.04240	1	0.71921	0.56224	12.95831	1.03474	1	-0.01136	-0.01061	0.67659	0.00370	1	0.05532	-0.01436	0.65811	0.00388	1	1.45898	0.81042	0	
1235130	8331.50781	3304114675644	0.51542	0.39156	8331.42090	0.08691	10886	1	0.56352	0.40154	1	0.48527	0.40055	1	0.52439	0.40105	1	0.45569	0.54172	12.50134	1.04276	1	0.71921	0.56192	12.93701	1.03510	1	-0.01136	-0.01061	0.67659	0.00372	1	0.05532	-0.01436	0.65811	0.00389	1	1.45898	0.81042	0	
1235131	8331.51465	3304114742202	0.51619	0.39048	8331.42090	0.09375	10886	1	0.55461	0.34720	1	0.49920	0.40352	1	0.52690	0.37536	1	0.45558	0.54152	12.19617	1.04312	1	0.71943	0.56199	12.83976	1.03546	1	-0.01136	-0.01061	0.67659	0.00362	1	0.05532	-0.01436	0.65811	0.00391	1	1.45898	0.81042	0	
1235132	8331.52148	3304114809150	0.51687	0.38934	8331.42090	0.10059	10886	1	0.55458	0.34691	1	0.49968	0.39733	1	0.52713	0.37212	1	0.45560	0.54180	12.23351	1.04348	1	0.71923	0.56195	12.86586	1.04348	1	-0.01149	-0.01078	0.68428	0.00366	1	0.05629	-0.01468	0.67026	0.00386	1	1.45898	0.81042	0	
1235133	8331.52832	3304114875505	0.51688	0.38835	8331.42090	0.10742	10886	1	0.54346	0.34915	1	0.49067	0.39588	1	0.51706	0.37252	1	0.45532	0.54165	11.82250	1.04348	1	0.71927	0.56186	12.84401	1.05114	1	-0.01149	-0.01078	0.68428	0.00360	1	0.05629	-0.01468	0.67026	0.00392	1	1.45898	0.81042	0	
1235134	8331.53516	3304114942515	0.51719	0.38785	8331.42090	0.11426	10886	1	0.55308	0.35148	1	0.49172	0.40718	1	0.52240	0.37933	1	0.45554	0.54180	12.44206	1.05114	1	0.71926	0.56217	12.88144	1.05880	1	-0.01149	-0.01078	0.68428	0.00355	1	0.05629	-0.01468	0.67026	0.00379	1	1.45898	0.81042	0	
1235135	8331.54102	3304115009775	0.51745	0.38724	8331.42090	0.12012	10886	1	0.55245	0.34545	1	0.49172	0.40718	1	0.52209	0.37632	1	0.45537	0.54154	11.91679	1.05880	1	0.71916	0.56225	12.65218	1.05880	1	-0.01149	-0.01078	0.68428	0.00368	1	0.05530	-0.01443	0.65909	0.00385	1	1.45898	0.81042	0	
1235136	8331.54785	3304115075440	0.51676	0.38605	8331.42090	0.12695	10886	1	0.53170	0.30870	1	0.47558	0.41817	1	0.50364	0.36344	1	0.45524	0.54113	11.55414	1.05880	1	0.71904	0.56261	12.78104	1.05114	1	-0.01149	-0.01078	0.68428	0.00387	1	0.05530	-0.01443	0.65909	0.00384	1	1.45898	0.81042	0	
1235137	8331.55469	3304115143614	0.51708	0.38465	8331.42090	0.13379	10886	1	0.56630	0.33669	1	0.48100	0.37660	1	0.52365	0.35664	1	0.45530	0.54137	11.64404	1.05114	1	0.71906	0.56215	12.08172	1.04348	1	-0.01149	-0.01078	0.68428	0.00374	1	0.05530	-0.01443	0.65909	0.00386	1	1.45898	0.81042	0	
1235138	8331.56152	3304115210504	0.51739	0.38352	8331.42090	0.14062	10886	1	0.56684	0.34282	1	0.48100	0.37660	1	0.52392	0.35971	1	0.45500	0.54103	11.77749	1.04348	1	0.71892	0.56210	11.98663	1.04348	1	-0.01149	-0.01078	0.68428	0.00385	1	0.05665	-0.01480	0.67574	0.00419	1	1.45898	0.81042	0	
1235139	8331.56836	3304115277723	0.51696	0.38178	8331.42090	0.14746	10886	1	0.54289	0.36515	1	0.47182	0.32192	1	0.50736	0.34354	1	0.45489	0.54165	11.57002	1.04348	1	0.71892	0.56213	12.08099	1.05114	1	-0.01149	-0.01078	0.68428	0.00400	1	0.05665	-0.01480	0.67574	0.00421	1	1.45898	0.81042	0	
1235140	8331.57520	3304115344511	0.51623	0.38162	8331.42090	0.15430	10886	1	0.54030	0.36802	1	0.45874	0.38783	1	0.49952	0.37793	1	0.45493	0.54165	11.67424	1.05114	1	0.71884	0.56289	12.22871	1.05880	1	-0.01149	-0.01078	0.68428	0.00390	1	0.05665	-0.01480	0.67574	0.00393	1	1.45898	0.81042	0	
1235141	8331.58203	3304115411877	0.51556	0.38148	8331.42090	0.16113	10886	1	0.54034	0.36829	1	0.45873	0.38811	1	0.49954	0.37820	1	0.45491	0.54164	11.56618	1.05078	1	0.71881	0.56307	12.23377	1.05844	1	-0.01130	-0.01055	0.66987	0.00363	1	0.05665	-0.01480	0.67574	0.00395	1	1.45898	0.81042	0	
1235142	8331.58789	3304115478720	0.51502	0.38300	8331.42090	0.16699	10886	1	0.55191	0.39419	1	0.45073	0.44774	1	0.50132	0.42097	1	0.45507	0.54207	11.55759	1.05042	1	0.71862	0.56302	12.05699	1.05042	1	-0.01130	-0.01055	0.66987	0.00371	1	0.05665	-0.01480	0.67574	0.00402	1	1.45898	0.81042	0	
1235143	8331.59473	3304115543898	0.51473	0.38336	8331.42090	0.17383	10886	1	0.55803	0.39103	1	0.45628	0.39430	1	0.50716	0.39266	1	0.45518	0.54183	11.80987	1.04240	1	0.71868	0.56277	12.46485	1.04240	1	-0.01130	-0.01055	0.66987	0.00387	1	0.05665	-0.01480	0.67574	0.00405	1	1.45898	0.81042	0	
1235144	8331.60156	3304115610847	0.51445	0.38369	8331.42090	0.18066	10886	1	0.55803	0.39103	1	0.45628	0.39430	1	0.50716	0.39266	1	0.45457	0.54192	11.92744	1.04240	1	0.71902	0.56282	12.04858	1.04240	1	-0.01160	-0.01078	0.68434	0.00380	1	0.05665	-0.01480	0.67574	0.00399	1	1.45898	0.81042	0	
1235145	8331.60840	3304115677481	0.51377	0.38339	8331.42090	0.18750	10886	1	0.51363	0.31341	1	0.47529	0.43684	1	0.49446	0.37512	1	0.45449	0.54106	11.74704	1.05042	1	0.71900	0.56287	12.09625	1.05042	1	-0.01160	-0.01078	0.68434	0.00411	1	0.05665	-0.01480	0.67574	0.00394	1	1.45898	0.81042	0	
1235146	8331.61523	3304115743469	0.51350	0.38220	8331.42090	0.19434	10886	1	0.51887	0.29956	1	0.49276	0.39551	1	0.50582	0.34754	1	0.45464	0.54140	12.09949	1.05844	1	0.71893	0.56282	12.06763	1.05844	1	-0.01160	-0.01078	0.68434	0.00409	1	0.05665	-0.01480	0.67574	0.00399	1	1.45898	0.81042	0	
1235147	8331.62207	3304115811198	0.51325	0.38087	8331.42090	0.20117	10886	1	0.51800	0.29289	1	0.49318	0.38940	1	0.50559	0.34114	1	0.45450	0.54143	12.06487	1.06645	1	0.71886	0.56249	12.34153	1.06645	1	-0.01160	-0.01078	0.68434	0.00412	1	0.05665	-0.01480	0.67574	0.00390	1	1.45898	0.81042	0	
1235148	8331.62793	3304115878448	0.51330	0.37952	8331.42090	0.20703	10886	1	0.51969	0.32815	1	0.51054	0.34723	1	0.51512	0.33769	1	0.45468	0.54192	11.99830	1.06645	1	0.71879	0.56244	12.36698	1.06645	1	-0.01160	-0.01078	0.68434	0.00384	1	0.05665	-0.01480	0.67574	0.00384	1	1.45898	0.81042	0	
1235149	8331.63477	3304115943668	0.51352	0.37716	8331.42090	0.21387	10886	1	0.51969	0.32815	1	0.52144	0.27505	1	0.52057	0.30160	1	0.45468	0.54192	11.99830	1.06645	1	0.71892	0.56175	11.96763	1.06645	1	-0.01160	-0.01078	0.68434	0.00383	1	0.05665	-0.01480	0.67574	0.00418	1	1.45898	0.81042	0	
1235150	8331.64160	3304116011928	0.51373	0.37494	8331.42090	0.22070	10886	1	0.51969	0.32815	1	0.52144	0.27505	1	0.52057	0.30160	1	0.45467	0.54224	12.10082	1.06645	1	0.71890	0.56177	12.02344	1.06645	1	-0.01160	-0.01078	0.68434	0.00375	1	0.05665	-0.01480	0.67574	0.00415	1	1.45898	0.81042	0	
1235151	8331.64844	3304116079022	0.51375	0.37418	8331.42090	0.22754	10886	1	0.52303	0.32841	1	0.50556	0.36795	1	0.51430	0.34818	1	0.45473	0.54178	12.25938	1.06645	1	0.71875	0.56255	12.49026	1.06645	1	-0.01160	-0.01078	0.68434	0.00388	1	0.05665	-0.01480	0.67574	0.00384	1	1.45898	0.81042	0	
1235152	8331.65527	3304116145420	0.51376	0.37333	8331.42090	0.23438	10886	1	0.51659	0.38327	1	0.51187	0.30406	1	0.51423	0.34367	1	0.45453	0.54244	12.30032	1.06645	1	0.71879	0.56193	12.15608	1.06645	1	-0.01160	-0.01078	0.68434	0.00368	1	0.05665	-0.01480	0.67574	0.00411	1	1.45898	0.81042	0	
1235153	8331.66211	3304116215535	0.51378	0.37270	8331.42090	0.24121	10886	1	0.51748	0.38926	1	0.51130	0.31083	1	0.51439	0.35005	1	0.45448	0.54248	12.08048	1.05844	1	0.71877	0.56205	12.22507	1.05844	1	-0.01128	-0.01044	0.66268	0.00370	1	0.05665	-0.01480	0.67574	0.00409	1	1.45898	0.81042	0	
1235154	8331.66895	3304116282406	0.51395	0.37155	8331.42090	0.24805	10886	1	0.52417	0.36474	1	0.51642	0.29348	1	0.52030	0.32911	1	0.45448	0.54248	12.08048	1.05042	1	0.71885	0.56168	12.09752	1.05042	1	-0.01128	-0.01044	0.66268	0.00370	1	0.05665	-0.01480	0.67574	0.00419	1	1.45898	0.81042	0	
1235155	8331.67578	3304116349238	0.51227	0.34608	8331.42090	0.24805	10886	0	0.51560	0.39643	1	0.51397	0.37275	1	0.51479	0.38459	1	0.45448	0.54248	12.08048	1.04240	1	0.71890	0.56242	12.23910	1.04240	1	-0.01128	-0.01044	0.66268	0.00370	1	0.05665	-0.01480	0.67574	0.00403	1	1.45898	0.81042	0	
1235156	8331.68262	3304116416792	0.51361	0.36844	8331.42090	0.24805	10886	0	0.51652	0.40246	1	0.51338	0.37915	1	0.51495	0.39081	1	0.45472	0.54248	12.35300	1.03439	1	0.71888	0.56299	12.48592	1.03439	1	-0.01128	-0.01044	0.66268	0.00375	1	0.05665	-0.01480	0.67574	0.00383	1	1.45898	0.81042	0	
1235157	8331.68848	3304116483227	0.51290	0.36589	8331.42090	0.24805	10886	0	0.51401	0.32062	1	0.50894	0.40095	1	0.51147	0.36078	1	0.45454	0.54158	12.03141	1.03439	1	0.71884	0.56285	12.15214	1.03439	1	-0.01128	-0.01044	0.66268	0.00395	1	0.05665	-0.01480	0.67574	0.00379	1	1.45898	0.81042	0	
1235158	8331.69531	3304116549738	0.51449	0.36566	8331.67578	0.01953	10887	1	0.52457	0.34493	1	0.51395	0.38500	1	0.51926	0.36496	1	0.45468	0.54174	12.11941	1.03439	1	0.71889	0.56262	12.09238	1.03439	1	-0.01128	-0.01044	0.66268	0.00391	1	0.05665	-0.01480	0.67574	0.00383	1	1.45898	0.81042	0	
1235159	8331.70215	3304116616818	0.51544	0.36552	8331.67578	0.02637	10887	1	0.52457	0.34493	1	0.51395	0.38500	1	0.51926	0.36496	1	0.45459	0.54213	12.06023	1.03439	1	0.71879	0.56286	12.68089	1.03439	1	-0.01128	-0.01044	0.66268	0.00377	1	0.05617	-0.01473	0.67009	0.00377	1	1.45898	0.81042	0	
1235160	8331.70898	3304116684734	0.51506	0.37015	8331.67578	0.03320	10887	1	0.52318	0.36435	1	0.50307	0.42228	1	0.51312	0.39331	1	0.45465	0.54215	12.46207	1.03439	1	0.71868	0.56310	12.81053	1.03439	1	-0.01128	-0.01044	0.66268	0.00372	1	0.05617	-0.01473	0.67009	0.00377	1	1.45898	0.81042	0	
1235161	8331.71582	3304116751219	0.51431	0.37481	8331.67578	0.04004	10887	1	0.52200	0.39225	1	0.49760	0.41329	1	0.50980	0.40277	1	0.45459	0.54233	12.12869	1.03439	1	0.71863	0.56305	12.64787	1.03439	1	-0.01128	-0.01044	0.66268	0.00365	1	0.05617	-0.01473	0.67009	0.00378	1	1.45898	0.81042	0	
1235162	8331.72266	3304116818233	0.51369	0.37791	8331.67578	0.04688	10887	1	0.52112	0.38615	1	0.49762	0.41301	1	0.50937	0.39958	1	0.45456	0.54245	12.09262	1.04240	1	0.71888	0.56302	12.40382	1.03474	1	-0.01146	-0.01056	0.67017	0.00362	1	0.05524	-0.01449	0.65961	0.00382	1	1.45898	0.81042	0	
1235163	8331.72852	3304116884996	0.51417	0.38058	8331.67578	0.05273	10887	1	0.54093	0.39478	1	0.49517	0.40921	1	0.51805	0.40199	1	0.45452	0.54243	12.17880	1.04276	1	0.71859	0.56304	13.01562	1.03510	1	-0.01146	-0.01056	0.67017	0.00362	1	0.05524	-0.01449	0.65961	0.00374	1	1.45898	0.81042	0	
1235164	8331.73535	3304116951095	0.51531	0.38409	8331.67578	0.05957	10887	1	0.54341	0.40097	1	0.50763	0.43041	1	0.52552	0.41569	1	0.45455	0.54258	12.16478	1.04312	1	0.71874	0.56308	12.72636	1.03546	1	-0.01146	-0.01056	0.67017	0.00364	1	0.05524	-0.01449	0.65961	0.00376	1	1.45898	0.81042	0	
1235165	8331.74219	3304117019283	0.51624	0.38694	8331.67578	0.06641	10887	1	0.54338	0.40070	1	0.50765	0.43015	1	0.52551	0.41542	1	0.45439	0.54273	12.24798	1.04348	1	0.71837	0.56281	12.22841	1.03582	1	-0.01146	-0.01056	0.67017	0.00364	1	0.05356	-0.01418	0.64071	0.00379	1	1.45898	0.81042	0	
1235166	8331.74902	3304117082292	0.51449	0.39049	8331.67578	0.07324	10887	1	0.51829	0.43191	1	0.47235	0.42707	1	0.49532	0.42949	1	0.45414	0.54288	11.78175	1.03582	1	0.71830	0.56320	12.95388	1.03582	1	-0.01146	-0.01056	0.67017	0.00361	1	0.05356	-0.01418	0.64071	0.00382	1	1.45898	0.81042	0	
1235167	8331.75586	3304117152232	0.51483	0.39308	8331.67578	0.08008	10887	1	0.56113	0.44853	1	0.47653	0.39984	1	0.51883	0.42418	1	0.45437	0.54291	12.36116	1.03582	1	0.71831	0.56293	12.21351	1.03582	1	-0.01146	-0.01056	0.67017	0.00356	1	0.05356	-0.01418	0.64071	0.00380	1	1.45898	0.81042	0	
1235168	8331.76270	3304117220496	0.51512	0.39509	8331.67578	0.08691	10887	1	0.56113	0.44853	1	0.47683	0.39391	1	0.51898	0.42122	1	0.45423	0.54271	12.23954	1.03582	1	0.71809	0.56324	12.67216	1.04348	1	-0.01146	-0.01056	0.67017	0.00356	1	0.05664	-0.01495	0.67803	0.00379	1	1.45898	0.81042	0	
1235169	8331.76953	3304117287304	0.51467	0.39525	8331.67578	0.09375	10887	1	0.53752	0.38354	1	0.47911	0.41132	1	0.50831	0.39743	1	0.45405	0.54225	11.96464	1.04348	1	0.71834	0.56301	12.11807	1.05114	1	-0.01146	-0.01056	0.67017	0.00368	1	0.05664	-0.01495	0.67803	0.00396	1	1.45898	0.81042	0	
1235170	8331.77539	3304117353675	0.51414	0.39557	8331.67578	0.09961	10887	1	0.53043	0.36226	1	0.48207	0.43845	1	0.50625	0.40036	1	0.45406	0.54241	11.67904	1.05114	1	0.71833	0.56342	12.05392	1.05880	1	-0.01146	-0.01056	0.67017	0.00365	1	0.05664	-0.01495	0.67803	0.00392	1	1.45898	0.81042	0	
1235171	8331.78223	3304117419270	0.51367	0.39551	8331.67578	0.10645	10887	1	0.52966	0.35631	1	0.48240	0.43293	1	0.50603	0.39462	1	0.45395	0.54263	11.52916	1.05880	1	0.71800	0.56318	12.45441	1.06645	1	-0.01163	-0.01062	0.67453	0.00363	1	0.05664	-0.01495	0.67803	0.00391	1	1.45898	0.81042	0	
1235172	8331.78906	3304117487708	0.51369	0.39518	8331.67578	0.11328	10887	1	0.53659	0.36875	1	0.49169	0.41045	1	0.51414	0.38960	1	0.45409	0.54246	11.63959	1.06645	1	0.71809	0.56323	12.30800	1.06645	1	-0.01163	-0.01062	0.67453	0.00364	1	0.05664	-0.01495	0.67803	0.00392	1	1.45898	0.81042	0	
1235173	8331.79590	3304117555084	0.51389	0.39171	8331.67578	0.12012	10887	1	0.51613	0.33575	1	0.51890	0.32264	1	0.51752	0.32919	1	0.45379	0.54251	12.04038	1.06645	1	0.71815	0.56230	12.07257	1.06645	1	-0.01163	-0.01062	0.67453	0.00362	1	0.05664	-0.01495	0.67803	0.00404	1	1.45898	0.81042	0	
1235174	8331.80273	3304117622091	0.51406	0.38874	8331.67578	0.12695	10887	1	0.51613	0.33575	1	0.51831	0.32898	1	0.51722	0.33236	1	0.45385	0.54241	11.98323	1.06645	1	0.71809	0.56287	12.46491	1.05880	1	-0.01163	-0.01062	0.67453	0.00367	1	0.05416	-0.01426	0.64903	0.00382	1	1.45898	0.81042	0	
1235175	8331.80957	3304117686962	0.51489	0.38961	8331.67578	0.13379	10887	1	0.54875	0.40401	1	0.51427	0.40980	1	0.53151	0.40690	1	0.45390	0.54269	12.25076	1.05880	1	0.71814	0.56298	12.51288	1.05114	1	-0.01163	-0.01062	0.67453	0.00367	1	0.05416	-0.01426	0.64903	0.00381	1	1.45898	0.81042	0	
1235176	8331.81543	3304117753927	0.51562	0.39023	8331.67578	0.13965	10887	1	0.54819	0.39120	1	0.51371	0.41559	1	0.53095	0.40339	1	0.45385	0.54251	12.18758	1.05114	1	0.71814	0.56298	12.51288	1.04348	1	-0.01163	-0.01062	0.67453	0.00366	1	0.05416	-0.01426	0.64903	0.00381	1	1.45898	0.81042	0	
1235177	8331.82227	3304117821223	0.51629	0.39106	8331.67578	0.14648	10887	1	0.54885	0.39693	1	0.51315	0.42138	1	0.53100	0.40916	1	0.45349	0.54280	11.91649	1.04348	1	0.71737	0.56234	11.85902	1.03582	1	-0.01180	-0.01078	0.67827	0.00361	1	0.05500	-0.01446	0.66020	0.00398	1	1.45898	0.81042	0	
1235178	8331.82910	3304117889532	0.51549	0.39195	8331.67578	0.15332	10887	1	0.53678	0.44303	1	0.45739	0.38214	1	0.49708	0.41259	1	0.45359	0.54291	12.36116	1.03582	1	0.71717	0.56255	12.15802	1.03582	1	-0.01180	-0.01078	0.67827	0.00357	1	0.05500	-0.01446	0.66020	0.00403	1	1.45898	0.81042	0	
1235179	8331.83594	3304117956832	0.51487	0.39104	8331.67578	0.16016	10887	1	0.53947	0.35545	1	0.46051	0.38288	1	0.49999	0.36916	1	0.45335	0.54182	11.35051	1.03582	1	0.71716	0.56261	12.41544	1.03582	1	-0.01180	-0.01078	0.67827	0.00397	1	0.05500	-0.01446	0.66020	0.00418	1	1.45898	0.81042	0	
1235180	8331.84277	3304118023443	0.51431	0.39033	8331.67578	0.16699	10887	1	0.54023	0.36183	1	0.46050	0.38316	1	0.50036	0.37249	1	0.45340	0.54244	11.94971	1.02780	1	0.71727	0.56261	12.11579	1.03546	1	-0.01147	-0.01034	0.65676	0.00368	1	0.05580	-0.01468	0.67039	0.00412	1	1.45898	0.81042	0	
1235181	8331.84961	3304118090112	0.51340	0.39027	8331.67578	0.17383	10887	1	0.52563	0.38101	1	0.45407	0.39628	1	0.48985	0.38864	1	0.45300	0.54224	12.11106	1.02744	1	0.71709	0.56287	12.54860	1.03510	1	-0.01147	-0.01034	0.65676	0.00372	1	0.05580	-0.01468	0.67039	0.00405	1	1.45898	0.81042	0	
1235182	8331.85645	3304118157921	0.51319	0.38986	8331.67578	0.18066	10887	1	0.54578	0.40887	1	0.46883	0.34878	1	0.50731	0.37883	1	0.45340	0.54248	12.06538	1.02709	1	0.71732	0.56240	12.05402	1.03474	1	-0.01147	-0.01034	0.65676	0.00364	1	0.05580	-0.01468	0.67039	0.00423	1	1.45898	0.81042	0	
1235183	8331.86328	3304118224938	0.51298	0.38927	8331.67578	0.18750	10887	1	0.54509	0.40313	1	0.46908	0.34247	1	0.50708	0.37280	1	0.45335	0.54239	12.33855	1.03474	1	0.71742	0.56163	12.12536	1.04240	1	-0.01175	-0.01055	0.66958	0.00366	1	0.05580	-0.01468	0.67039	0.00445	1	1.45898	0.81042	0	
1235184	8331.87012	3304118291816	0.51294	0.38895	8331.67578	0.19434	10887	1	0.52354	0.38656	1	0.50042	0.37279	1	0.51198	0.37968	1	0.45307	0.54247	12.13080	1.05042	1	0.71749	0.56254	12.23993	1.05042	1	-0.01175	-0.01055	0.66958	0.00364	1	0.05580	-0.01468	0.67039	0.00414	1	1.45898	0.81042	0	
1235185	8331.87598	3304118359094	0.51319	0.38742	8331.67578	0.20020	10887	1	0.51547	0.35461	1	0.52589	0.32868	1	0.52068	0.34164	1	0.45297	0.54195	12.00854	1.05844	1	0.71747	0.56223	11.92198	1.05844	1	-0.01175	-0.01055	0.66958	0.00375	1	0.05580	-0.01468	0.67039	0.00410	1	1.45898	0.81042	0	
1235186	8331.88281	3304118425306	0.51342	0.38579	8331.67578	0.20703	10887	1	0.51457	0.34836	1	0.52656	0.32203	1	0.52056	0.33519	1	0.45317	0.54194	11.76180	1.06645	1	0.71755	0.56151	11.86777	1.06645	1	-0.01175	-0.01055	0.66958	0.00380	1	0.05580	-0.01468	0.67039	0.00432	1	1.45898	0.81042	0	
1235187	8331.88965	3304118493041	0.51304	0.38505	8331.67578	0.21387	10887	1	0.51858	0.36179	1	0.48329	0.36124	1	0.50093	0.36151	1	0.45307	0.54207	11.89819	1.06645	1	0.71723	0.56221	12.39709	1.06645	1	-0.01175	-0.01055	0.66958	0.00373	1	0.05580	-0.01468	0.67039	0.00420	1	1.45898	0.81042	0	
1235188	8331.89648	3304118559600	0.51353	0.38489	8331.67578	0.22070	10887	1	0.53975	0.36342	1	0.51926	0.39536	1	0.52951	0.37939	1	0.45332	0.54223	12.56567	1.06645	1	0.71736	0.56258	12.09271	1.06645	1	-0.01175	-0.01055	0.66958	0.00373	1	0.05580	-0.01468	0.67039	0.00386	1	1.45898	0.81042	0	
1235189	8331.90332	3304118626864	0.51399	0.38473	8331.67578	0.22754	10887	1	0.53975	0.36342	1	0.51926	0.39536	1	0.52951	0.37939	1	0.45310	0.54257	12.45172	1.06645	1	0.71732	0.56237	12.30799	1.06645	1	-0.01175	-0.01055	0.66958	0.00364	1	0.05580	-0.01463	0.67039	0.00397	1	1.45898	0.81042	0	
1235190	8331.91016	3304118693835	0.51387	0.38499	8331.67578	0.23438	10887	1	0.52478	0.35117	1	0.49455	0.43665	1	0.50966	0.39391	1	0.45313	0.54205	12.13988	1.06645	1	0.71695	0.56257	12.91601	1.06645	1	-0.01175	-0.01055	0.66958	0.00377	1	0.05580	-0.01463	0.67039	0.00385	1	1.45898	0.81042	0	
1235191	8331.91699	3304118760579	0.51410	0.38532	8331.67578	0.24121	10887	1	0.52516	0.37295	1	0.51957	0.42202	1	0.52237	0.39748	1	0.45315	0.54229	12.06933	1.06645	1	0.71736	0.56225	12.10574	1.06645	1	-0.01175	-0.01055	0.66958	0.00371	1	0.05580	-0.01463	0.67039	0.00375	1	1.45898	0.81042	0	
1235192	8331.92285	3304118827588	0.51431	0.38564	8331.67578	0.24707	10887	1	0.52516	0.37295	1	0.51957	0.42202	1	0.52237	0.39748	1	0.45319	0.54195	12.01766	1.06645	1	0.71684	0.56255	13.04006	1.06645	1	-0.01175	-0.01055	0.66958	0.00379	1	0.05580	-0.01463	0.67039	0.00384	1	1.45898	0.81042	0	
1235193	8331.92969	3304118895184	0.51410	0.38502	8331.67578	0.25391	10887	1	0.50924	0.29869	1	0.50307	0.42361	1	0.50615	0.36115	1	0.45296	0.54149	11.95882	1.06645	1	0.71712	0.56228	12.85771	1.06645	1	-0.01175	-0.01055	0.66958	0.00396	1	0.05580	-0.01463	0.67039	0.00373	1	1.45898	0.81042	0	
1235194	8331.93652	3304118962121	0.51402	0.38468	8331.67578	0.26074	10887	1	0.52366	0.33289	1	0.49766	0.40987	1	0.51066	0.37138	1	0.45312	0.54198	12.00017	1.06645	1	0.71701	0.56231	13.18081	1.06645	1	-0.01175	-0.01055	0.66958	0.00382	1	0.05580	-0.01463	0.67039	0.00371	1	1.45898	0.81042	0	
1235195	8331.94336	3304119027627	0.51394	0.38435	8331.67578	0.26758	10887	1	0.52366	0.33289	1	0.49766	0.40987	1	0.51066	0.37138	1	0.45312	0.54198	12.00017	1.06645	1	0.71706	0.56207	13.09169	1.06645	1	-0.01175	-0.01055	0.66958	0.00382	1	0.05580	-0.01463	0.67039	0.00370	1	1.45898	0.81042	0	
1235196	8331.95020	3304119095482	0.51392	0.38372	8331.67578	0.27441	10887	1	0.52139	0.32577	1	0.50554	0.38980	1	0.51346	0.35778	1	0.45314	0.54194	12.05092	1.06645	1	0.71706	0.56207	13.09169	1.06645	1	-0.01175	-0.01055	0.66958	0.00383	1	0.05580	-0.01463	0.67039	0.00370	1	1.45898	0.81042	0	
1235197	8331.95703	3304119162586	0.51379	0.38332	8331.67578	0.28125	10887	1	0.51387	0.32482	1	0.50213	0.40795	1	0.50800	0.36639	1	0.45299	0.54185	11.72636	1.06645	1	0.71711	0.56199	12.81927	1.06645	1	-0.01175	-0.01055	0.66958	0.00390	1	0.05580	-0.01463	0.67039	0.00368	1	1.45898	0.81042	0	
1235198	8331.96387	3304119229716	0.51366	0.38293	8331.67578	0.28809	10887	1	0.51387	0.32482	1	0.50213	0.40795	1	0.50800	0.36639	1	0.45300	0.54133	11.85910	1.06645	1	0.71704	0.56171	12.26153	1.06645	1	-0.01175	-0.01055	0.66958	0.00400	1	0.05580	-0.01458	0.67039	0.00382	1	1.45898	0.81042	0	
1235199	8331.96973	3304119296638	0.51348	0.38145	8331.67578	0.29395	10887	1	0.51996	0.28775	1	0.49152	0.34490	1	0.50574	0.31632	1	0.45306	0.54145	11.86203	1.06645	1	0.71733	0.56165	12.19103	1.06645	1	-0.01175	-0.01055	0.66958	0.00402	1	0.05580	-0.01458	0.67039	0.00380	1	1.45898	0.81042	0	
1235200	8331.97656	3304119363220	0.51324	0.38142	8331.67578	0.30078	10887	1	0.52877	0.39349	1	0.47639	0.36642	1	0.50258	0.37995	1	0.45322	0.54208	12.06089	1.06645	1	0.71709	0.56188	12.81447	1.06645	1	-0.01175	-0.01055	0.66958	0.00378	1	0.05580	-0.01458	0.67039	0.00376	1	1.45898	0.81042	0	
1235201	8331.98340	3304119430381	0.51302	0.38139	8331.67578	0.30762	10887	1	0.52877	0.39349	1	0.47639	0.36642	1	0.50258	0.37995	1	0.45295	0.54154	11.75385	1.06645	1	0.71727	0.56158	12.38821	1.06645	1	-0.01175	-0.01055	0.66958	0.00406	1	0.05580	-0.01463	0.67039	0.00382	1	1.45898	0.81042	0	
1235202	8331.99023	3304119498194	0.51306	0.38108	8331.67578	0.31445	10887	1	0.54539	0.32586	1	0.48512	0.40759	1	0.51525	0.36672	1	0.45347	0.54197	11.52885	1.06645	1	0.71721	0.56213	12.37551	1.06645	1	-0.01175	-0.01055	0.66958	0.00394	1	0.05580	-0.01463	0.67039	0.00400	1	1.45898	0.81042	0	
1235203	8331.99707	3304119562281	0.51254	0.38174	8331.67578	0.32129	10887	1	0.51447	0.33473	1	0.45985	0.42105	1	0.48716	0.37789	1	0.45298	0.54148	11.76083	1.06645	1	0.71716	0.56239	12.52074	1.06645	1	-0.01175	-0.01055	0.66958	0.00398	1	0.05580	-0.01463	0.67039	0.00388	1	1.45898	0.81042	0	
1235204	8332.00293	3304119628817	0.51197	0.38160	8331.67578	0.32715	10887	1	0.51537	0.34108	1	0.45966	0.42691	1	0.48752	0.38400	1	0.45375	0.54187	11.40098	1.05844	1	0.71726	0.56238	12.57490	1.05844	1	-0.01147	-0.01034	0.65676	0.00410	1	0.05580	-0.01463	0.67039	0.00380	1	1.45898	0.81042	0	
1235205	8332.00977	3304119693550	0.51193	0.38299	8331.67578	0.33398	10887	1	0.55749	0.41039	1	0.46225	0.44472	1	0.50987	0.42756	1	0.45358	0.54208	11.58098	1.05042	1	0.71726	0.56252	12.43010	1.05042	1	-0.01147	-0.01034	0.65676	0.00380	1	0.05580	-0.01463	0.67039	0.00398	1	1.45898	0.81042	0	
1235206	8332.01660	3304119763114	0.51171	0.38470	8331.67578	0.34082	10887	1	0.54591	0.41131	1	0.47154	0.48215	1	0.50873	0.44673	1	0.45332	0.54211	12.39059	1.04240	1	0.71747	0.56281	12.50147	1.04240	1	-0.01147	-0.01034	0.65676	0.00373	1	0.05580	-0.01463	0.67039	0.00387	1	1.45898	0.81042	0	
1235207	8332.02344	3304119831317	0.51149	0.38640	8331.67578	0.34766	10887	1	0.54591	0.41131	1	0.47154	0.48215	1	0.50873	0.44673	1	0.45343	0.54203	11.55834	1.04240	1	0.71749	0.56273	12.43332	1.04240	1	-0.01180	-0.01068	0.67827	0.00381	1	0.05580	-0.01463	0.67039	0.00390	1	1.45898	0.81042	0	
1235208	8332.03027	3304119894855	0.51104	0.38729	8331.67578	0.35449	10887	1	0.51928	0.38879	1	0.46284	0.48358	1	0.49106	0.43619	1	0.45338	0.54197	11.68519	1.05042	1	0.71731	0.56287	12.60521	1.05042	1	-0.01180	-0.01068	0.67827	0.00376	1	0.05580	-0.01463	0.67039	0.00385	1	1.45898	0.81042	0	
1235209	8332.03711	3304119962790	0.51071	0.38786	8331.67578	0.36133	10887	1	0.51312	0.39943	1	0.47563	0.46094	1	0.49438	0.43019	1	0.45329	0.54202	11.17968	1.05844	1	0.71748	0.56275	12.41415	1.05844	1	-0.01180	-0.01068	0.67827	0.00388	1	0.05580	-0.01463	0.67039	0.00383	1	1.45898	0.81042	0	
1235210	8332.04395	3304120031991	0.51039	0.38849	8331.67578	0.36816	10887	1	0.51220	0.39352	1	0.47539	0.46545	1	0.49379	0.42949	1	0.45340	0.54174	12.26079	1.06645	1	0.71778	0.56211	12.35962	1.05199	1	-0.01180	-0.01068	0.67827	0.00399	1	0.05381	-0.01409	0.64537	0.00380	1	1.45898	0.81042	0	
1235211	8332.04980	3304120097879	0.50997	0.38792	8331.67578	0.37402	10887	1	0.50416	0.37798	1	0.49131	0.37130	1	0.49773	0.37464	1	0.45354	0.54169	11.94690	1.05199	1	0.71773	0.56214	12.79055	1.03752	1	-0.01180	-0.01068	0.67827	0.00386	1	0.05381	-0.01409	0.64537	0.00376	1	1.45898	0.81042	0	
1235212	8332.05664	3304120164029	0.50938	0.38692	8331.67578	0.38086	10887	1	0.50834	0.33936	1	0.48661	0.39594	1	0.49747	0.36765	1	0.45360	0.54135	11.44356	1.03752	1	0.71767	0.56236	12.89334	1.02305	1	-0.01180	-0.01068	0.67827	0.00395	1	0.05381	-0.01409	0.64537	0.00378	1	1.45898	0.81042	0	
1235213	8332.06348	3304120234593	0.50882	0.38604	8331.67578	0.38770	10887	1	0.51008	0.35110	1	0.48661	0.39594	1	0.49834	0.37352	1	0.45362	0.54096	11.51076	1.02305	1	0.71809	0.56225	12.19590	1.02305	1	-0.01163	-0.01062	0.67453	0.00401	1	0.05643	-0.01479	0.67556	0.00384	1	1.45898	0.81042	0	
1235214	8332.07031	3304120301589	0.50942	0.38477	8331.67578	0.39453	10887	1	0.52633	0.35489	1	0.52200	0.38176	1	0.52417	0.36832	1	0.45386	0.54134	11.95227	1.02305	1	0.71822	0.56258	12.34036	1.03752	1	-0.01163	-0.01062	0.67453	0.00394	1	0.05643	-0.01479	0.67556	0.00387	1	1.45898	0.81042	0	
1235215	8332.07715	3304120368439	0.50910	0.38317	8331.67578	0.40137	10887	1	0.51186	0.31684	1	0.49583	0.37795	1	0.50384	0.34740	1	0.45370	0.54100	11.77925	1.03752	1	0.71823	0.56264	12.59956	1.05199	1	-0.01163	-0.01062	0.67453	0.00380	1	0.05643	-0.01479	0.67556	0.00385	1	1.45898	0.81042	0	
1235216	8332.08398	3304120435284	0.50878	0.38139	8331.67578	0.40820	10887	1	0.51016	0.30480	1	0.49665	0.36660	1	0.50340	0.33570	1	0.45381	0.54051	11.53735	1.05199	1	0.71805	0.56308	12.93487	1.06645	1	-0.01163	-0.01062	0.67453	0.00397	1	0.05643	-0.01479	0.67556	0.00387	1	1.45898	0.81042	0	
1235217	8332.09082	3304120502387	0.50823	0.38033	8331.67578	0.41504	10887	1	0.51318	0.28800	1	0.45059	0.40538	1	0.48189	0.34669	1	0.45378	0.54094	11.66696	1.06645	1	0.71784	0.56309	12.64846	1.06645	1	-0.01163	-0.01062	0.67453	0.00386	1	0.05643	-0.01479	0.67556	0.00396	1	1.45898	0.81042	0	
1235218	8332.09766	3304120569579	0.50796	0.37932	8331.67578	0.42188	10887	1	0.52923	0.30274	1	0.45731	0.40076	1	0.49327	0.35175	1	0.45401	0.54105	11.25273	1.06645	1	0.71801	0.56321	12.95634	1.06645	1	-0.01163	-0.01062	0.67453	0.00387	1	0.05643	-0.01479	0.67556	0.00390	1	1.45898	0.81042	0	
1235219	8332.10449	3304120636460	0.50769	0.37843	8331.67578	0.42871	10887	1	0.52923	0.30274	1	0.45731	0.40076	1	0.49327	0.35175	1	0.45429	0.54087	11.49228	1.06645	1	0.71789	0.56288	12.32996	1.06645	1	-0.01146	-0.01056	0.67017	0.00395	1	0.05643	-0.01479	0.67556	0.00398	1	1.45898	0.81042	0	
1235220	8332.11035	3304120703336	0.50723	0.37831	8331.67578	0.43457	10887	1	0.53179	0.32328	1	0.45190	0.44455	1	0.49185	0.38391	1	0.45443	0.54130	11.64416	1.06645	1	0.71794	0.56297	12.28771	1.06645	1	-0.01146	-0.01056	0.67017	0.00387	1	0.05643	-0.01479	0.67556	0.00393	1	1.45898	0.81042	0	
1235221	8332.11719	3304120770250	0.50685	0.37962	8331.67578	0.44141	10887	1	0.52694	0.32359	1	0.47177	0.46122	1	0.49936	0.39241	1	0.45432	0.54131	11.78396	1.06645	1	0.71816	0.56272	12.86389	1.06645	1	-0.01146	-0.01056	0.67017	0.00383	1	0.05643	-0.01479	0.67556	0.00387	1	1.45898	0.81042	0	
1235222	8332.12402	3304120837092	0.50648	0.38093	8331.67578	0.44824	10887	1	0.52694	0.32359	1	0.47151	0.46654	1	0.49923	0.39506	1	0.45434	0.54150	12.05955	1.06645	1	0.71821	0.56275	12.28053	1.05880	1	-0.01146	-0.01050	0.67017	0.00375	1	0.05653	-0.01481	0.67618	0.00381	1	1.45898	0.81042	0	
1235223	8332.13086	3304120904381	0.50597	0.38062	8331.67578	0.45508	10887	1	0.53682	0.36484	1	0.47806	0.41877	1	0.50744	0.39180	1	0.45454	0.54162	12.24237	1.05880	1	0.71828	0.56239	12.20241	1.05114	1	-0.01146	-0.01050	0.67017	0.00356	1	0.05653	-0.01481	0.67618	0.00381	1	1.45898	0.81042	0	
1235224	8332.13770	3304120967562	0.50540	0.38042	8331.67578	0.46191	10887	1	0.52071	0.32546	1	0.48625	0.46241	1	0.50348	0.39393	1	0.45424	0.54129	11.78519	1.05114	1	0.71842	0.56260	11.96869	1.04348	1	-0.01146	-0.01050	0.67017	0.00387	1	0.05653	-0.01481	0.67618	0.00379	1	1.45898	0.81042	0	
1235225	8332.14453	3304121038084	0.50484	0.38035	8331.67578	0.46875	10887	1	0.52242	0.33821	1	0.48550	0.47353	1	0.50396	0.40587	1	0.45423	0.54069	11.67757	1.03546	1	0.71841	0.56237	12.38140	1.02780	1	-0.01134	-0.01034	0.66605	0.00387	1	0.05551	-0.01449	0.66394	0.00378	1	1.45898	0.81042	0	
1235226	8332.15137	3304121104890	0.50514	0.38074	8331.67578	0.47559	10887	1	0.54566	0.41425	1	0.47761	0.44816	1	0.51163	0.43120	1	0.45459	0.54147	11.98045	1.01978	1	0.71840	0.56228	12.30042	1.01978	1	-0.01134	-0.01034	0.66605	0.00355	1	0.05551	-0.01449	0.66394	0.00382	1	1.45898	0.81042	0	
1235227	8332.15820	3304121172390	0.50517	0.38187	8331.67578	0.48242	10887	1	0.54061	0.39147	1	0.46205	0.45511	1	0.50133	0.42329	1	0.45457	0.54161	12.26710	1.01177	1	0.71803	0.56227	12.41369	1.01177	1	-0.01134	-0.01034	0.66605	0.00356	1	0.05551	-0.01449	0.66394	0.00363	1	1.45898	0.81042	0	
1235228	8332.16406	3304121239048	0.50519	0.38292	8331.67578	0.48828	10887	1	0.54061	0.39147	1	0.46205	0.45511	1	0.50133	0.42329	1	0.45453	0.54144	12.40449	1.01177	1	0.71840	0.56206	12.36999	1.01177	1	-0.01146	-0.01035	0.67017	0.00355	1	0.05524	-0.01435	0.65961	0.00371	1	1.45898	0.81042	0	
1235229	8332.17090	3304121305908	0.50538	0.38315	8331.67578	0.49512	10887	1	0.51732	0.35980	1	0.48033	0.43876	1	0.49883	0.39928	1	0.45455	0.54121	12.01238	1.01978	1	0.71836	0.56208	12.32981	1.01978	1	-0.01146	-0.01035	0.67017	0.00359	1	0.05524	-0.01435	0.65961	0.00372	1	1.45898	0.81042	0	
1235230	8332.17773	3304121372618	0.50525	0.38255	8331.67578	0.50195	10887	1	0.50393	0.28339	1	0.49861	0.41663	1	0.50127	0.35001	1	0.45438	0.54051	12.11257	1.02780	1	0.71864	0.56193	12.92233	1.02780	1	-0.01146	-0.01035	0.67017	0.00394	1	0.05524	-0.01435	0.65961	0.00375	1	1.45898	0.81042	0	
1235231	8332.18457	3304121440228	0.50513	0.38207	8331.67578	0.50879	10887	1	0.50393	0.28339	1	0.49861	0.41663	1	0.50127	0.35001	1	0.45449	0.54050	11.81100	1.02780	1	0.71865	0.56205	12.90379	1.02780	1	-0.01134	-0.01034	0.66605	0.00406	1	0.05524	-0.01440	0.65961	0.00371	1	1.45898	0.81042	0	
1235232	8332.19141	3304121504803	0.50509	0.38232	8331.67578	0.51562	10887	1	0.52352	0.35108	1	0.49633	0.43237	1	0.50993	0.39173	1	0.45463	0.54130	12.25407	1.01978	1	0.71860	0.56212	13.13548	1.01978	1	-0.01134	-0.01034	0.66605	0.00355	1	0.05524	-0.01440	0.65961	0.00368	1	1.45898	0.81042	0	
1235233	8332.19727	3304121571464	0.50472	0.38383	8331.67578	0.52148	10887	1	0.51297	0.36359	1	0.49309	0.46475	1	0.50303	0.41417	1	0.45440	0.54099	11.79748	1.01177	1	0.71859	0.56229	13.00794	1.01177	1	-0.01134	-0.01034	0.66605	0.00359	1	0.05524	-0.01440	0.65961	0.00386	1	1.45898	0.81042	0	
1235234	8332.20410	3304121637594	0.50435	0.38548	8331.67578	0.52832	10887	1	0.51297	0.36359	1	0.49309	0.46475	1	0.50303	0.41417	1	0.45457	0.54163	12.29964	1.01177	1	0.71853	0.56183	12.83025	1.01177	1	-0.01146	-0.01040	0.67017	0.00367	1	0.05524	-0.01435	0.65961	0.00371	1	1.45898	0.81042	0	
1235235	8332.21094	3304121705145	0.50434	0.38653	8331.67578	0.53516	10887	1	0.51018	0.38960	1	0.49065	0.43459	1	0.50041	0.41209	1	0.45439	0.54159	11.99398	1.01978	1	0.71849	0.56211	12.84958	1.01978	1	-0.01146	-0.01040	0.67017	0.00369	1	0.05524	-0.01435	0.65961	0.00378	1	1.45898	0.81042	0	
1235236	8332.21777	3304121770956	0.50391	0.38666	8331.67578	0.54199	10887	1	0.52908	0.34349	1	0.48858	0.42744	1	0.50883	0.38546	1	0.45471	0.54122	11.98277	1.02780	1	0.71849	0.56220	12.81357	1.02780	1	-0.01146	-0.01040	0.67017	0.00368	1	0.05524	-0.01435	0.65961	0.00383	1	1.45898	0.81042	0	
1235237	8332.22461	3304121838833	0.50348	0.38678	8331.67578	0.54883	10887	1	0.52908	0.34349	1	0.48858	0.42744	1	0.50883	0.38546	1	0.45465	0.54154	12.17627	1.02780	1	0.71838	0.56239	12.92654	1.02780	1	-0.01128	-0.01044	0.66268	0.00353	1	0.05524	-0.01440	0.65961	0.00379	1	1.45898	0.81042	0	
1235238	8332.23047	3304121903955	0.50348	0.38760	8331.67578	0.55469	10887	1	0.52853	0.39745	1	0.49084	0.46847	1	0.50968	0.43296	1	0.45463	0.54174	12.43553	1.01978	1	0.71847	0.56244	12.81081	1.01978	1	-0.01128	-0.01044	0.66268	0.00358	1	0.05524	-0.01440	0.65961	0.00379	1	1.45898	0.81042	0	
1235239	8332.23828	3304121973672	0.50310	0.38755	8331.67578	0.56250	10887	1	0.52143	0.38691	1	0.48647	0.40336	1	0.50395	0.39514	1	0.45448	0.54127	11.82142	1.01177	1	0.71848	0.56215	12.69359	1.01177	1	-0.01128	-0.01044	0.66268	0.00383	1	0.05524	-0.01440	0.65961	0.00388	1	1.45898	0.81042	0	
1235240	8332.24414	3304122038886	0.50272	0.38744	8331.67578	0.56836	10887	1	0.52143	0.38691	1	0.48686	0.39731	1	0.50414	0.39211	1	0.45449	0.54037	11.82053	1.01177	1	0.71860	0.56263	12.95788	1.01943	1	-0.01160	-0.01078	0.68434	0.00405	1	0.05665	-0.01480	0.67574	0.00382	1	1.45898	0.81042	0	
1235241	8332.25098	3304122109335	0.50277	0.38647	8331.67578	0.57520	10887	1	0.50289	0.24561	1	0.51426	0.38431	1	0.50858	0.31496	1	0.45436	0.54003	11.79497	1.02744	1	0.71885	0.56256	12.63983	1.03510	1	-0.01160	-0.01078	0.68434	0.00407	1	0.05665	-0.01480	0.67574	0.00389	1	1.45898	0.81042	0	
1235242	8332.25781	3304122176908	0.50265	0.38550	8331.67578	0.58203	10887	1	0.50863	0.27684	1	0.50172	0.37209	1	0.50518	0.32447	1	0.45440	0.54055	11.57625	1.04312	1	0.71903	0.56254	12.21169	1.05078	1	-0.01160	-0.01078	0.68434	0.00391	1	0.05665	-0.01480	0.67574	0.00399	1	1.45898	0.81042	0	
1235243	8332.26465	3304122243935	0.50253	0.38425	8331.67578	0.58887	10887	1	0.50677	0.26325	1	0.50269	0.35969	1	0.50473	0.31147	1	0.45455	0.54130	11.85596	1.05880	1	0.71887	0.56298	12.24435	1.06645	1	-0.01160	-0.01078	0.68434	0.00374	1	0.05665	-0.01480	0.67574	0.00387	1	1.45898	0.81042	0	
1235244	8332.27148	3304122310991	0.50234	0.38387	8331.67578	0.59570	10887	1	0.50200	0.34020	1	0.50690	0.33944	1	0.50445	0.33982	1	0.45435	0.54134	12.07252	1.06645	1	0.71866	0.56222	12.49069	1.06645	1	-0.01160	-0.01078	0.68434	0.00394	1	0.05665	-0.01480	0.67574	0.00413	1	1.45898	0.81042	0	
1235245	8332.27832	3304122377817	0.50224	0.38301	8331.67578	0.60254	10887	1	0.51474	0.34789	1	0.49146	0.30179	1	0.50310	0.32484	1	0.45453	0.54159	11.79261	1.06645	1	0.71884	0.56189	12.05027	1.06645	1	-0.01160	-0.01078	0.68434	0.00396	1	0.05665	-0.01480	0.67574	0.00423	1	1.45898	0.81042	0	
1235246	8332.28516	3304122444584	0.50214	0.38228	8331.67578	0.60938	10887	1	0.51564	0.35414	1	0.49105	0.30857	1	0.50334	0.33135	1	0.45449	0.54103	11.77777	1.05844	1	0.71906	0.56240	11.95374	1.05844	1	-0.01130	-0.01055	0.66987	0.00402	1	0.05665	-0.01480	0.67574	0.00424	1	1.45898	0.81042	0	
1235247	8332.29199	3304122511599	0.50500	0.35826	8331.67578	0.60938	10887	0	0.51665	0.34934	1	0.47364	0.37278	1	0.49514	0.36106	1	0.45456	0.54125	11.87277	1.05042	1	0.71902	0.56259	12.15941	1.05042	1	-0.01130	-0.01055	0.66987	0.00397	1	0.05665	-0.01480	0.67574	0.00419	1	1.45898	0.81042	0	
1235248	8332.29883	3304122578808	0.50074	0.35784	8331.67578	0.60938	10887	0	0.52193	0.34748	1	0.47104	0.36737	1	0.49649	0.35742	1	0.45457	0.54185	12.39461	1.04240	1	0.71896	0.56246	11.98888	1.04240	1	-0.01130	-0.01055	0.66987	0.00386	1	0.05665	-0.01480	0.67574	0.00420	1	1.45898	0.81042	0	
1235249	8332.30469	3304122645892	0.49942	0.35984	8331.67578	0.60938	10887	0	0.52281	0.35389	1	0.47077	0.37378	1	0.49679	0.36383	1	0.45433	0.54142	12.02455	1.03439	1	0.71892	0.56234	12.32455	1.03439	1	-0.01130	-0.01055	0.66987	0.00402	1	0.05665	-0.01480	0.67574	0.00423	1	1.45898	0.81042	0	
1235250	8332.31152	3304122712798	0.49796	0.35797	8332.29199	0.01953	10888	1	0.51397	0.30996	1	0.47321	0.39476	1	0.49359	0.35236	1	0.45446	0.54085	11.31705	1.03439	1	0.71900	0.56284	12.36395	1.03439	1	-0.01130	-0.01055	0.66987	0.00418	1	0.05665	-0.01480	0.67574	0.00404	1	1.45898	0.81042	0	
1235251	8332.31836	3304122779693	0.49715	0.35666	8332.29199	0.02637	10888	1	0.51121	0.32294	1	0.47659	0.37992	1	0.49390	0.35143	1	0.45441	0.54110	11.71573	1.03439	1	0.71899	0.56254	12.23505	1.03439	1	-0.01130	-0.01055	0.66987	0.00410	1	0.05665	-0.01480	0.67574	0.00418	1	1.45898	0.81042	0	
1235252	8332.32520	3304122846953	0.49656	0.35470	8332.29199	0.03320	10888	1	0.51027	0.31630	1	0.47690	0.37355	1	0.49359	0.34492	1	0.45441	0.54209	12.13412	1.04240	1	0.71910	0.56245	12.14976	1.04240	1	-0.01149	-0.01078	0.68428	0.00386	1	0.05665	-0.01480	0.67574	0.00421	1	1.45898	0.81042	0	
1235253	8332.33203	3304122913385	0.49769	0.35857	8332.29199	0.04004	10888	1	0.53755	0.40274	1	0.47141	0.36075	1	0.50448	0.38175	1	0.45482	0.54213	11.65780	1.05042	1	0.71895	0.56247	12.22425	1.05042	1	-0.01149	-0.01078	0.68428	0.00376	1	0.05665	-0.01480	0.67574	0.00397	1	1.45898	0.81042	0	
1235254	8332.33887	3304122980627	0.49840	0.36208	8332.29199	0.04688	10888	1	0.54543	0.36308	1	0.46127	0.41030	1	0.50335	0.38669	1	0.45504	0.54160	11.23747	1.05844	1	0.71879	0.56307	12.92272	1.05844	1	-0.01149	-0.01078	0.68428	0.00397	1	0.05665	-0.01480	0.67574	0.00392	1	1.45898	0.81042	0	
1235255	8332.34570	3304123047478	0.49891	0.36446	8332.29199	0.05371	10888	1	0.54473	0.35691	1	0.46128	0.41004	1	0.50300	0.38347	1	0.45499	0.54161	11.23001	1.06645	1	0.71880	0.56278	12.44349	1.05880	1	-0.01149	-0.01078	0.68428	0.00397	1	0.05530	-0.01443	0.65909	0.00397	1	1.45898	0.81042	0	
1235256	8332.35156	3304123114014	0.49883	0.36600	8332.29199	0.05957	10888	1	0.53170	0.38431	1	0.46445	0.37541	1	0.49807	0.37986	1	0.45515	0.54177	11.52807	1.05880	1	0.71886	0.56271	12.33491	1.05114	1	-0.01149	-0.01078	0.68428	0.00396	1	0.05530	-0.01443	0.65909	0.00405	1	1.45898	0.81042	0	
1235257	8332.35840	3304123181803	0.50045	0.36467	8332.29199	0.06641	10888	1	0.53994	0.32822	1	0.49346	0.37454	1	0.51670	0.35138	1	0.45524	0.54156	11.73020	1.05114	1	0.71934	0.56253	12.89662	1.04348	1	-0.01149	-0.01078	0.68428	0.00401	1	0.05530	-0.01443	0.65909	0.00395	1	1.45898	0.81042	0	
1235258	8332.36523	3304123248426	0.50182	0.36408	8332.29199	0.07324	10888	1	0.54065	0.33442	1	0.49304	0.38062	1	0.51685	0.35752	1	0.45513	0.54143	11.54692	1.04348	1	0.71941	0.56246	12.95687	1.03582	1	-0.01149	-0.01078	0.68428	0.00407	1	0.05530	-0.01443	0.65909	0.00388	1	1.45898	0.81042	0	
1235259	8332.37207	3304123313053	0.50294	0.36439	8332.29199	0.08008	10888	1	0.53012	0.37976	1	0.50268	0.35647	1	0.51640	0.36812	1	0.45511	0.54162	11.83571	1.03582	1	0.71941	0.56246	12.95687	1.03582	1	-0.01149	-0.01078	0.68428	0.00401	1	0.05530	-0.01443	0.65909	0.00388	1	1.45898	0.81042	0	
1235260	8332.37891	3304123382391	0.50431	0.36364	8332.29199	0.08691	10888	1	0.53848	0.37371	1	0.50579	0.33430	1	0.52214	0.35400	1	0.45521	0.54163	11.93920	1.03582	1	0.71946	0.56205	12.93190	1.03582	1	-0.01149	-0.01078	0.68428	0.00397	1	0.05530	-0.01443	0.65909	0.00405	1	1.45898	0.81042	0	
1235261	8332.38574	3304123449582	0.50548	0.36319	8332.29199	0.09375	10888	1	0.53848	0.37371	1	0.50534	0.34002	1	0.52191	0.35686	1	0.45542	0.54134	12.22441	1.03582	1	0.71941	0.56255	12.84147	1.02901	1	-0.01149	-0.01078	0.68428	0.00389	1	0.05317	-0.01391	0.63312	0.00386	1	1.45898	0.81042	0	
1235262	8332.39160	3304123513590	0.50585	0.36233	8332.29199	0.09961	10888	1	0.52692	0.29699	1	0.49586	0.40172	1	0.51139	0.34936	1	0.45509	0.54061	11.69929	1.02901	1	0.71941	0.56268	12.80422	1.02220	1	-0.01149	-0.01078	0.68428	0.00409	1	0.05317	-0.01391	0.63312	0.00385	1	1.45898	0.81042	0	
1235263	8332.39844	3304123580668	0.50611	0.36518	8332.29199	0.10645	10888	1	0.53473	0.38582	1	0.48565	0.43588	1	0.51019	0.41085	1	0.45516	0.54159	11.81949	1.02220	1	0.71923	0.56286	13.17178	1.01539	1	-0.01149	-0.01078	0.68428	0.00398	1	0.05317	-0.01391	0.63312	0.00381	1	1.45898	0.81042	0	
1235264	8332.40527	3304123648438	0.50635	0.36787	8332.29199	0.11328	10888	1	0.53541	0.39111	1	0.48565	0.43588	1	0.51053	0.41349	1	0.45526	0.54182	12.30958	1.01539	1	0.71943	0.56289	12.96859	1.01539	1	-0.01103	-0.01044	0.66257	0.00387	1	0.05532	-0.01446	0.65811	0.00376	1	1.45898	0.81042	0	
1235265	8332.41211	3304123714487	0.50645	0.36950	8332.29199	0.12012	10888	1	0.51538	0.38220	1	0.50085	0.41554	1	0.50812	0.39887	1	0.45522	0.54162	12.22594	1.01539	1	0.71943	0.56287	12.95408	1.02220	1	-0.01103	-0.01044	0.66257	0.00401	1	0.05532	-0.01446	0.65811	0.00376	1	1.45898	0.81042	0	
1235266	8332.41895	3304123781261	0.50640	0.37157	8332.29199	0.12695	10888	1	0.51151	0.39945	1	0.49970	0.42228	1	0.50561	0.41087	1	0.45524	0.54182	12.27495	1.02220	1	0.71945	0.56292	12.88989	1.02901	1	-0.01103	-0.01044	0.66257	0.00388	1	0.05532	-0.01446	0.65811	0.00375	1	1.45898	0.81042	0	
1235267	8332.42578	3304123850017	0.50637	0.37305	8332.29199	0.13379	10888	1	0.51070	0.39424	1	0.50059	0.41130	1	0.50564	0.40277	1	0.45526	0.54171	12.04181	1.02901	1	0.71943	0.56287	12.94146	1.04348	1	-0.01149	-0.01078	0.68428	0.00392	1	0.05597	-0.01472	0.66529	0.00382	1	1.45898	0.81042	0	
1235268	8332.43164	3304123914540	0.50648	0.37278	8332.29199	0.13965	10888	1	0.51687	0.37273	1	0.50067	0.36157	1	0.50877	0.36715	1	0.45527	0.54163	12.26460	1.04348	1	0.71944	0.56266	12.88067	1.05114	1	-0.01149	-0.01078	0.68428	0.00379	1	0.05597	-0.01472	0.66529	0.00381	1	1.45898	0.81042	0	
1235269	8332.43848	3304123980921	0.50640	0.37380	8332.29199	0.14648	10888	1	0.51374	0.36983	1	0.49577	0.42258	1	0.50476	0.39621	1	0.45525	0.54165	12.01021	1.05114	1	0.71938	0.56313	12.92661	1.05880	1	-0.01149	-0.01078	0.68428	0.00394	1	0.05597	-0.01472	0.66529	0.00389	1	1.45898	0.81042	0	
1235270	8332.44531	3304124047378	0.50633	0.37475	8332.29199	0.15332	10888	1	0.51378	0.37011	1	0.49575	0.42284	1	0.50477	0.39648	1	0.45527	0.54154	12.04263	1.05078	1	0.71936	0.56324	12.85369	1.05844	1	-0.01097	-0.01033	0.65585	0.00391	1	0.05597	-0.01467	0.66529	0.00389	1	1.45898	0.81042	0	
1235271	8332.45215	3304124117425	0.50619	0.37447	8332.29199	0.16016	10888	1	0.51563	0.33605	1	0.49001	0.39975	1	0.50282	0.36790	1	0.45525	0.54158	12.02297	1.05042	1	0.71927	0.56300	12.72712	1.05042	1	-0.01097	-0.01033	0.65585	0.00390	1	0.05597	-0.01467	0.66529	0.00392	1	1.45898	0.81042	0	
1235272	8332.45898	3304124183268	0.50630	0.37503	8332.29199	0.16699	10888	1	0.52512	0.37710	1	0.49279	0.40061	1	0.50896	0.38885	1	0.45538	0.54207	12.80193	1.04240	1	0.71929	0.56303	12.63367	1.04240	1	-0.01097	-0.01033	0.65585	0.00382	1	0.05597	-0.01467	0.66529	0.00392	1	1.45898	0.81042	0	
1235273	8332.46582	3304124253471	0.50639	0.37597	8332.29199	0.17383	10888	1	0.52597	0.38327	1	0.49158	0.41792	1	0.50877	0.40059	1	0.45534	0.54226	12.80287	1.03439	1	0.71939	0.56312	12.82165	1.01992	1	-0.01097	-0.01033	0.65585	0.00389	1	0.05379	-0.01412	0.64058	0.00393	1	1.45898	0.81042	0	
1235274	8332.47266	3304124319898	0.50643	0.37707	8332.29199	0.18066	10888	1	0.52104	0.37669	1	0.49390	0.43673	1	0.50747	0.40671	1	0.45530	0.54197	12.12801	1.01992	1	0.71944	0.56294	12.87192	1.00545	1	-0.01097	-0.01033	0.65585	0.00400	1	0.05379	-0.01412	0.64058	0.00387	1	1.45898	0.81042	0	
1235275	8332.47949	3304124386988	0.50640	0.37827	8332.29199	0.18750	10888	1	0.52126	0.38841	1	0.48982	0.43543	1	0.50554	0.41192	1	0.45531	0.54190	12.02233	1.00545	1	0.71928	0.56279	12.77048	0.99098	1	-0.01097	-0.01033	0.65585	0.00401	1	0.05379	-0.01412	0.64058	0.00389	1	1.45898	0.81042	0	
1235276	8332.48633	3304124453825	0.50638	0.37956	8332.29199	0.19434	10888	1	0.52200	0.39349	1	0.48947	0.44042	1	0.50573	0.41696	1	0.45523	0.54206	12.09303	0.99900	1	0.71913	0.56310	12.87302	0.98453	1	-0.01149	-0.01078	0.68428	0.00398	1	0.05317	-0.01401	0.63312	0.00398	1	1.45898	0.81042	0	
1235277	8332.49219	3304124521006	0.50642	0.38005	8332.29199	0.20020	10888	1	0.53924	0.38081	1	0.47610	0.40837	1	0.50767	0.39459	1	0.45521	0.54181	12.15469	0.99255	1	0.71905	0.56251	12.74300	0.99255	1	-0.01149	-0.01078	0.68428	0.00405	1	0.05317	-0.01401	0.63312	0.00395	1	1.45898	0.81042	0	
1235278	8332.49902	3304124587933	0.50636	0.38129	8332.29199	0.20703	10888	1	0.54226	0.37198	1	0.46683	0.46754	1	0.50454	0.41976	1	0.45529	0.54180	12.32460	1.00057	1	0.71891	0.56338	12.16839	1.00057	1	-0.01149	-0.01078	0.68428	0.00398	1	0.05317	-0.01401	0.63312	0.00393	1	1.45898	0.81042	0	
1235279	8332.50586	3304124655097	0.50630	0.38219	8332.29199	0.21387	10888	1	0.54149	0.36552	1	0.46730	0.45668	1	0.50439	0.41110	1	0.45538	0.54216	12.45770	1.00858	1	0.71900	0.56306	12.94478	1.01539	1	-0.01149	-0.01078	0.68428	0.00383	1	0.05530	-0.01453	0.65909	0.00396	1	1.45898	0.81042	0	
1235280	8332.51270	3304124722209	0.50685	0.38277	8332.29199	0.22070	10888	1	0.57255	0.38977	1	0.47774	0.41427	1	0.52515	0.40202	1	0.45540	0.54215	12.27192	1.01539	1	0.71908	0.56285	13.16486	1.02220	1	-0.01149	-0.01078	0.68428	0.00378	1	0.05530	-0.01453	0.65909	0.00387	1	1.45898	0.81042	0	
1235281	8332.51953	3304124789125	0.50687	0.38327	8332.29199	0.22754	10888	1	0.54171	0.38098	1	0.47306	0.41923	1	0.50739	0.40010	1	0.45499	0.54225	13.05980	1.02220	1	0.71904	0.56285	12.90570	1.02901	1	-0.01149	-0.01078	0.68428	0.00377	1	0.05530	-0.01453	0.65909	0.00385	1	1.45898	0.81042	0	
1235282	8332.52637	3304124855822	0.50688	0.38351	8332.29199	0.23438	10888	1	0.54107	0.37566	1	0.47359	0.40823	1	0.50733	0.39195	1	0.45491	0.54178	12.64068	1.02901	1	0.71900	0.56296	13.39801	1.04348	1	-0.01149	-0.01078	0.68428	0.00378	1	0.05617	-0.01483	0.67009	0.00387	1	1.45898	0.81042	0	
1235283	8332.53320	3304124923230	0.50676	0.38354	8332.29199	0.24121	10888	1	0.53875	0.35358	1	0.46585	0.41581	1	0.50230	0.38470	1	0.45497	0.54208	12.66944	1.04348	1	0.71894	0.56316	13.85642	1.05114	1	-0.01149	-0.01078	0.68428	0.00387	1	0.05617	-0.01483	0.67009	0.00381	1	1.45898	0.81042	0	
1235284	8332.53906	3304124990287	0.50679	0.38353	8332.29199	0.24707	10888	1	0.52697	0.35976	1	0.48919	0.40599	1	0.50808	0.38288	1	0.45469	0.54203	12.36358	1.05114	1	0.71923	0.56309	13.51295	1.05880	1	-0.01149	-0.01078	0.68428	0.00371	1	0.05617	-0.01483	0.67009	0.00402	1	1.45898	0.81042	0	
1235285	8332.54590	3304125057201	0.50682	0.38336	8332.29199	0.25391	10888	1	0.52617	0.35379	1	0.48957	0.40022	1	0.50787	0.37701	1	0.45464	0.54166	11.84757	1.05880	1	0.71910	0.56275	12.45016	1.06645	1	-0.01149	-0.01078	0.68428	0.00384	1	0.05617	-0.01473	0.67009	0.00420	1	1.45898	0.81042	0	
1235286	8332.55273	3304125123787	0.50646	0.38242	8332.29199	0.26074	10888	1	0.51343	0.34341	1	0.47145	0.34847	1	0.49244	0.34594	1	0.45454	0.54209	12.19834	1.06645	1	0.71894	0.56257	12.20251	1.06645	1	-0.01149	-0.01078	0.68428	0.00373	1	0.05617	-0.01473	0.67009	0.00403	1	1.45898	0.81042	0	
1235287	8332.55957	3304125191085	0.50625	0.38142	8332.29199	0.26758	10888	1	0.51840	0.31239	1	0.47679	0.37061	1	0.49760	0.34150	1	0.45460	0.54152	12.14368	1.06645	1	0.71905	0.56266	13.03015	1.06645	1	-0.01149	-0.01078	0.68428	0.00394	1	0.05617	-0.01473	0.67009	0.00404	1	1.45898	0.81042	0	
1235288	8332.56641	3304125256493	0.50604	0.38047	8332.29199	0.27441	10888	1	0.51840	0.31239	1	0.47679	0.37061	1	0.49760	0.34150	1	0.45458	0.54157	12.16832	1.06645	1	0.71924	0.56302	13.43427	1.06645	1	-0.01149	-0.01078	0.68428	0.00392	1	0.05617	-0.01473	0.67009	0.00407	1	1.45898	0.81042	0	
1235289	8332.57324	3304125324579	0.50590	0.37968	8332.29199	0.28125	10888	1	0.53410	0.30428	1	0.46556	0.38831	1	0.49983	0.34629	1	0.45489	0.54154	12.91385	1.06645	1	0.71889	0.56300	13.02997	1.06645	1	-0.01149	-0.01078	0.68428	0.00394	1	0.05617	-0.01473	0.67009	0.00401	1	1.45898	0.81042	0	
1235290	8332.57910	3304125390793	0.50566	0.37962	8332.29199	0.28711	10888	1	0.52243	0.36430	1	0.46844	0.38994	1	0.49543	0.37712	1	0.45463	0.54234	12.81897	1.06645	1	0.71889	0.56293	12.82065	1.06645	1	-0.01149	-0.01078	0.68428	0.00369	1	0.05617	-0.01473	0.67009	0.00408	1	1.45898	0.81042	0	
1235291	8332.58594	3304125458564	0.50543	0.37957	8332.29199	0.29395	10888	1	0.52243	0.36430	1	0.46844	0.38994	1	0.49543	0.37712	1	0.45485	0.54209	13.10992	1.06645	1	0.71930	0.56291	12.91632	1.06645	1	-0.01149	-0.01078	0.68428	0.00371	1	0.05617	-0.01473	0.67009	0.00414	1	1.45898	0.81042	0	
1235292	8332.59277	3304125524671	0.50550	0.37932	8332.29199	0.30078	10888	1	0.52917	0.37942	1	0.48783	0.35707	1	0.50850	0.36825	1	0.45476	0.54191	12.65493	1.06645	1	0.71919	0.56260	13.34776	1.06645	1	-0.01149	-0.01078	0.68428	0.00382	1	0.05617	-0.01473	0.67009	0.00415	1	1.45898	0.81042	0	
1235293	8332.59961	3304125593725	0.50572	0.37876	8332.29199	0.30762	10888	1	0.54476	0.36224	1	0.48711	0.34372	1	0.51594	0.35298	1	0.45495	0.54195	12.81597	1.06645	1	0.71921	0.56246	12.57570	1.06645	1	-0.01149	-0.01078	0.68428	0.00386	1	0.05617	-0.01473	0.67009	0.00419	1	1.45898	0.81042	0	
1235294	8332.60645	3304125658132	0.50593	0.37822	8332.29199	0.31445	10888	1	0.54476	0.36224	1	0.48711	0.34372	1	0.51594	0.35298	1	0.45489	0.54194	12.72880	1.06645	1	0.71909	0.56275	12.81945	1.06645	1	-0.01149	-0.01078	0.68428	0.00387	1	0.05617	-0.01473	0.67009	0.00390	1	1.45898	0.81042	0	
1235295	8332.61328	3304125727058	0.50598	0.37939	8332.29199	0.32129	10888	1	0.55104	0.41130	1	0.46359	0.41747	1	0.50732	0.41438	1	0.45502	0.54237	13.05359	1.06645	1	0.71878	0.56317	13.20865	1.06645	1	-0.01149	-0.01078	0.68428	0.00381	1	0.05617	-0.01473	0.67009	0.00387	1	1.45898	0.81042	0	
1235296	8332.62012	3304125791752	0.50625	0.38018	8332.29199	0.32812	10888	1	0.54016	0.40028	1	0.47868	0.39000	1	0.50942	0.39514	1	0.45490	0.54221	13.08805	1.06645	1	0.71905	0.56312	13.72556	1.06645	1	-0.01149	-0.01078	0.68428	0.00374	1	0.05617	-0.01473	0.67009	0.00382	1	1.45898	0.81042	0	
1235297	8332.62598	3304125859014	0.50651	0.38083	8332.29199	0.33398	10888	1	0.54016	0.40028	1	0.47868	0.39000	1	0.50942	0.39514	1	0.45489	0.54226	13.14782	1.06645	1	0.71905	0.56312	13.72556	1.06645	1	-0.01149	-0.01078	0.68428	0.00375	1	0.05665	-0.01480	0.67574	0.00382	1	1.45898	0.81042	0	
1235298	8332.63281	3304125924051	0.50689	0.38139	8332.29199	0.34082	10888	1	0.52988	0.40122	1	0.49298	0.35764	1	0.51143	0.37943	1	0.45513	0.54218	12.95277	1.06645	1	0.71930	0.56252	13.04581	1.06645	1	-0.01149	-0.01078	0.68428	0.00379	1	0.05665	-0.01480	0.67574	0.00406	1	1.45898	0.81042	0	
1235299	8332.63965	3304125995508	0.50737	0.38243	8332.29199	0.34766	10888	1	0.55676	0.39777	1	0.47740	0.40478	1	0.51708	0.40128	1	0.45511	0.54220	12.84214	1.06645	1	0.71905	0.56309	13.74611	1.06645	1	-0.01149	-0.01078	0.68428	0.00379	1	0.05665	-0.01480	0.67574	0.00384	1	1.45898	0.81042	0	
1235300	8332.64648	3304126061830	0.50785	0.38367	8332.29199	0.35449	10888	1	0.55676	0.39777	1	0.47711	0.41051	1	0.51693	0.40414	1	0.45534	0.54232	12.38761	1.06645	1	0.71926	0.56293	13.27991	1.05880	1	-0.01149	-0.01078	0.68428	0.00381	1	0.05530	-0.01448	0.65909	0.00387	1	1.45898	0.81042	0	
1235301	8332.65332	3304126128771	0.50839	0.38345	8332.29199	0.36133	10888	1	0.56368	0.37542	1	0.49628	0.36782	1	0.52998	0.37162	1	0.45534	0.54196	12.36711	1.05880	1	0.71932	0.56251	13.10104	1.05114	1	-0.01149	-0.01078	0.68428	0.00401	1	0.05530	-0.01448	0.65909	0.00407	1	1.45898	0.81042	0	
1235302	8332.66016	3304126195867	0.50863	0.38350	8332.29199	0.36816	10888	1	0.54055	0.38982	1	0.48987	0.38787	1	0.51521	0.38885	1	0.45528	0.54187	12.18643	1.05114	1	0.71925	0.56284	13.21526	1.04348	1	-0.01149	-0.01078	0.68428	0.00404	1	0.05530	-0.01448	0.65909	0.00388	1	1.45898	0.81042	0	
1235303	8332.66699	3304126262692	0.50889	0.38373	8332.29199	0.37500	10888	1	0.54126	0.39557	1	0.48948	0.39385	1	0.51537	0.39471	1	0.45544	0.54178	11.95156	1.04348	1	0.71919	0.56277	13.29191	1.03582	1	-0.01149	-0.01078	0.68428	0.00391	1	0.05530	-0.01448	0.65909	0.00390	1	1.45898	0.81042	0	
1235304	8332.67285	3304126328192	0.50924	0.38384	8332.29199	0.38086	10888	1	0.54477	0.36789	1	0.48463	0.40199	1	0.51470	0.38494	1	0.45538	0.54207	12.08162	1.03582	1	0.71920	0.56280	13.30443	1.03582	1	-0.01149	-0.01078	0.68428	0.00393	1	0.05530	-0.01448	0.65909	0.00387	1	1.45898	0.81042	0	
1235305	8332.67969	3304126396793	0.50901	0.38398	8332.29199	0.38770	10888	1	0.52469	0.34972	1	0.48742	0.36652	1	0.50605	0.35812	1	0.45544	0.54178	11.95156	1.03582	1	0.71923	0.56241	13.19797	1.03582	1	-0.01149	-0.01078	0.68428	0.00391	1	0.05530	-0.01448	0.65909	0.00407	1	1.45898	0.81042	0	
1235306	8332.68652	3304126464428	0.50879	0.38399	8332.29199	0.39453	10888	1	0.52469	0.34972	1	0.48742	0.36652	1	0.50605	0.35812	1	0.45534	0.54223	12.28544	1.03582	1	0.71921	0.56243	13.20825	1.03582	1	-0.01149	-0.01078	0.68428	0.00392	1	0.05530	-0.01448	0.65909	0.00405	1	1.45898	0.81042	0	
1235307	8332.69336	3304126530601	0.50855	0.38418	8332.29199	0.40137	10888	1	0.52157	0.37604	1	0.48801	0.37781	1	0.50479	0.37692	1	0.45533	0.54192	12.22031	1.03582	1	0.71923	0.56277	13.43226	1.03582	1	-0.01149	-0.01078	0.68428	0.00405	1	0.05530	-0.01448	0.65909	0.00380	1	1.45898	0.81042	0	
1235308	8332.70020	3304126597158	0.50825	0.38541	8332.29199	0.40820	10888	1	0.52030	0.41159	1	0.49515	0.41493	1	0.50772	0.41326	1	0.45525	0.54211	12.32061	1.03582	1	0.71935	0.56270	13.20305	1.03582	1	-0.01149	-0.01078	0.68428	0.00396	1	0.05530	-0.01448	0.65909	0.00384	1	1.45898	0.81042	0	SUBJECT_ONSET_LOG
1235309	8332.70703	3304126663628	0.50795	0.38658	8332.29199	0.41504	10888	1	0.52030	0.41159	1	0.49515	0.41493	1	0.50772	0.41326	1	0.45538	0.54220	12.72156	1.03582	1	0.71930	0.56277	12.87379	1.03582	1	-0.01149	-0.01078	0.68428	0.00385	1	0.05532	-0.01446	0.65811	0.00390	1	1.45898	0.81042	0	
1235310	8332.71289	3304126728930	0.50785	0.38750	8332.29199	0.42090	10888	1	0.51853	0.37149	1	0.49480	0.41479	1	0.50666	0.39314	1	0.45536	0.54224	12.73724	1.03582	1	0.71937	0.56293	13.27858	1.03582	1	-0.01149	-0.01078	0.68428	0.00389	1	0.05532	-0.01446	0.65811	0.00380	1	1.45898	0.81042	0	
1235311	8332.72070	3304126797464	0.50769	0.38652	8332.29199	0.42871	10888	1	0.51035	0.34235	1	0.49406	0.38566	1	0.50221	0.36400	1	0.45511	0.54196	12.06179	1.03582	1	0.71935	0.56258	13.08568	1.03582	1	-0.01149	-0.01078	0.68428	0.00404	1	0.05532	-0.01446	0.65811	0.00388	1	1.45898	0.81042	0	AUDIO_FILE_ONSET_LOG
1235312	8332.72656	3304126865032	0.50751	0.38549	8332.29199	0.43457	10888	1	0.51035	0.34235	1	0.49406	0.38566	1	0.50221	0.36400	1	0.45511	0.54158	11.84460	1.03582	1	0.71936	0.56241	12.87637	1.03582	1	-0.01103	-0.01044	0.66257	0.00424	1	0.05532	-0.01446	0.65811	0.00382	1	1.45898	0.81042	0	
1235313	8332.73340	3304126932677	0.50744	0.38467	8332.29199	0.44141	10888	1	0.50546	0.33088	1	0.50362	0.38796	1	0.50454	0.35942	1	0.45521	0.54147	12.01338	1.03582	1	0.71952	0.56258	13.00673	1.03582	1	-0.01103	-0.01044	0.66257	0.00408	1	0.05532	-0.01446	0.65811	0.00402	1	1.45898	0.81042	0	
1235314	8332.74023	3304126997819	0.50741	0.38379	8332.29199	0.44824	10888	1	0.50944	0.33016	1	0.49877	0.40775	1	0.50411	0.36895	1	0.45517	0.54157	12.02126	1.03582	1	0.71939	0.56286	12.92803	1.03582	1	-0.01103	-0.01044	0.66257	0.00410	1	0.05532	-0.01446	0.65811	0.00395	1	1.45898	0.81042	0	
1235315	8332.74707	3304127065186	0.50738	0.38303	8332.29199	0.45508	10888	1	0.50944	0.33016	1	0.49923	0.40186	1	0.50434	0.36601	1	0.45513	0.54151	11.92186	1.03582	1	0.71961	0.56238	12.93822	1.04348	1	-0.01103	-0.01044	0.66257	0.00405	1	0.05597	-0.01462	0.66529	0.00417	1	1.45898	0.81042	0	
1235316	8332.75391	3304127133254	0.50699	0.38282	8332.29199	0.46191	10888	1	0.51501	0.35245	1	0.46501	0.36210	1	0.49001	0.35728	1	0.45523	0.54176	12.36777	1.04348	1	0.71964	0.56247	13.05121	1.05114	1	-0.01103	-0.01044	0.66257	0.00381	1	0.05597	-0.01462	0.66529	0.00416	1	1.45898	0.81042	0	
1235317	8332.76074	3304127200251	0.50674	0.38199	8332.29199	0.46875	10888	1	0.50377	0.34087	1	0.48223	0.37178	1	0.49300	0.35632	1	0.45512	0.54144	11.95702	1.05114	1	0.71946	0.56278	12.95303	1.05880	1	-0.01103	-0.01044	0.66257	0.00398	1	0.05597	-0.01462	0.66529	0.00395	1	1.45898	0.81042	0	
1235318	8332.76758	3304127267225	0.50650	0.38116	8332.29199	0.47559	10888	1	0.50381	0.34116	1	0.48221	0.37206	1	0.49301	0.35661	1	0.45514	0.54155	11.97202	1.05078	1	0.71947	0.56310	12.88487	1.05844	1	-0.01098	-0.01043	0.66253	0.00399	1	0.05597	-0.01462	0.66529	0.00396	1	1.45898	0.81042	0	
1235319	8332.77441	3304127334494	0.50625	0.38114	8332.29199	0.48242	10888	1	0.51260	0.33486	1	0.46868	0.39894	1	0.49064	0.36690	1	0.45524	0.54138	12.02533	1.05042	1	0.71970	0.56292	12.79699	1.05042	1	-0.01098	-0.01043	0.66253	0.00402	1	0.05597	-0.01462	0.66529	0.00405	1	1.45898	0.81042	0	
1235320	8332.78027	3304127401793	0.50598	0.38135	8332.29199	0.48828	10888	1	0.51737	0.38716	1	0.47521	0.41015	1	0.49629	0.39866	1	0.45529	0.54164	12.10135	1.04240	1	0.71976	0.56291	12.92722	1.04240	1	-0.01098	-0.01043	0.66253	0.00383	1	0.05597	-0.01462	0.66529	0.00409	1	1.45898	0.81042	0	
1235321	8332.78711	3304127468481	0.50573	0.38143	8332.29199	0.49512	10888	1	0.51828	0.39326	1	0.47490	0.41624	1	0.49659	0.40475	1	0.45561	0.54183	12.80803	1.03439	1	0.72003	0.56244	13.14321	1.03439	1	-0.01098	-0.01043	0.66253	0.00370	1	0.05597	-0.01457	0.66529	0.00407	1	1.45898	0.81042	0	
1235322	8332.79395	3304127535390	0.50571	0.38150	8332.29199	0.50195	10888	1	0.52484	0.40057	1	0.48830	0.41956	1	0.50657	0.41006	1	0.45577	0.54185	13.33094	1.03439	1	0.72003	0.56294	13.23084	1.03439	1	-0.01098	-0.01043	0.66253	0.00352	1	0.05597	-0.01457	0.66529	0.00386	1	1.45898	0.81042	0	
1235323	8332.80078	3304127599844	0.50588	0.38127	8332.29199	0.50879	10888	1	0.54839	0.40276	1	0.47911	0.39923	1	0.51375	0.40100	1	0.45610	0.54203	12.63519	1.03439	1	0.71990	0.56271	12.69380	1.03439	1	-0.01098	-0.01043	0.66253	0.00358	1	0.05597	-0.01457	0.66529	0.00395	1	1.45898	0.81042	0	
1235324	8332.80762	3304127667176	0.50604	0.38106	8332.29199	0.51562	10888	1	0.54839	0.40276	1	0.47850	0.41046	1	0.51345	0.40661	1	0.45621	0.54180	12.52514	1.03439	1	0.72000	0.56277	13.25656	1.01992	1	-0.01089	-0.01045	0.66333	0.00357	1	0.05411	-0.01406	0.64203	0.00391	1	1.45898	0.81042	0	
1235325	8332.81348	3304127733373	0.50610	0.38131	8332.29199	0.52148	10888	1	0.52580	0.39926	1	0.49540	0.41412	1	0.51060	0.40669	1	0.45619	0.54185	12.43683	1.01992	1	0.72011	0.56268	13.20458	1.00545	1	-0.01089	-0.01045	0.66333	0.00364	1	0.05411	-0.01406	0.64203	0.00384	1	1.45898	0.81042	0	
1235326	8332.82031	3304127800756	0.50627	0.38125	8332.29199	0.52832	10888	1	0.53141	0.41566	1	0.49354	0.41815	1	0.51247	0.41690	1	0.45621	0.54187	12.49395	1.00545	1	0.72017	0.56249	12.95949	0.99098	1	-0.01089	-0.01045	0.66333	0.00364	1	0.05411	-0.01406	0.64203	0.00391	1	1.45898	0.81042	0	
1235327	8332.82715	3304127867846	0.50644	0.38148	8332.29199	0.53516	10888	1	0.53208	0.42056	1	0.49316	0.42326	1	0.51262	0.42191	1	0.45619	0.54186	12.42912	0.99900	1	0.72013	0.56252	13.08399	0.98453	1	-0.01125	-0.01074	0.68193	0.00365	1	0.05411	-0.01411	0.64203	0.00392	1	1.45898	0.81042	0	
1235328	8332.83398	3304127934043	0.50610	0.38155	8332.29199	0.54199	10888	1	0.52876	0.42020	1	0.48891	0.39104	1	0.50884	0.40562	1	0.45619	0.54185	12.43683	0.99255	1	0.72004	0.56239	13.16005	0.99255	1	-0.01125	-0.01074	0.68193	0.00364	1	0.05411	-0.01411	0.64203	0.00399	1	1.45898	0.81042	0	
1235329	8332.84082	3304127999591	0.50610	0.38122	8332.29199	0.54883	10888	1	0.51885	0.42072	1	0.49605	0.34789	1	0.50745	0.38431	1	0.45608	0.54182	12.26801	1.00057	1	0.72016	0.56192	12.79109	1.00057	1	-0.01125	-0.01074	0.68193	0.00360	1	0.05411	-0.01411	0.64203	0.00404	1	1.45898	0.81042	0	
1235330	8332.84668	3304128066409	0.50611	0.38093	8332.29199	0.55469	10888	1	0.51885	0.42072	1	0.49691	0.33552	1	0.50788	0.37812	1	0.45612	0.54171	12.50197	1.00057	1	0.72026	0.56214	12.69265	1.01503	1	-0.01089	-0.01045	0.66333	0.00359	1	0.05768	-0.01496	0.68321	0.00405	1	1.45898	0.81042	0	
1235331	8332.85449	3304128135838	0.50639	0.38095	8332.29199	0.56250	10888	1	0.52349	0.39956	1	0.50801	0.37089	1	0.51575	0.38522	1	0.45603	0.54166	12.47999	1.00702	1	0.72035	0.56232	12.86863	1.02149	1	-0.01089	-0.01045	0.66333	0.00359	1	0.05768	-0.01496	0.68321	0.00417	1	1.45898	0.81042	0	
1235332	8332.86035	3304128201838	0.50627	0.38080	8332.29199	0.56836	10888	1	0.52705	0.37120	1	0.47781	0.38028	1	0.50243	0.37574	1	0.45624	0.54161	12.09311	1.01347	1	0.72026	0.56246	12.76907	1.02794	1	-0.01089	-0.01045	0.66333	0.00363	1	0.05768	-0.01496	0.68321	0.00414	1	1.45898	0.81042	0	
1235333	8332.86816	3304128272081	0.50615	0.38053	8332.29199	0.57617	10888	1	0.52549	0.35965	1	0.47840	0.36872	1	0.50195	0.36419	1	0.45661	0.54163	12.86761	1.02794	1	0.72033	0.56230	12.88800	1.04240	1	-0.01128	-0.01086	0.68978	0.00367	1	0.05768	-0.01496	0.68321	0.00418	1	1.45898	0.81042	0	
1235334	8332.87402	3304128339575	0.50645	0.38102	8332.29199	0.58203	10888	1	0.54117	0.36610	1	0.47240	0.37246	1	0.50679	0.36928	1	0.45653	0.54164	12.81546	1.05042	1	0.72011	0.56262	13.11362	1.05042	1	-0.01128	-0.01086	0.68978	0.00363	1	0.05768	-0.01496	0.68321	0.00410	1	1.45898	0.81042	0	
1235335	8332.88086	3304128406851	0.50655	0.38117	8332.29199	0.58887	10888	1	0.53035	0.34356	1	0.47410	0.35466	1	0.50223	0.34911	1	0.45640	0.54144	12.71866	1.05844	1	0.72015	0.56258	13.18303	1.05844	1	-0.01128	-0.01086	0.68978	0.00365	1	0.05768	-0.01496	0.68321	0.00412	1	1.45898	0.81042	0	
1235336	8332.88770	3304128472866	0.50664	0.38133	8332.29199	0.59570	10888	1	0.53035	0.34356	1	0.47410	0.35466	1	0.50223	0.34911	1	0.45635	0.54148	12.74975	1.05844	1	0.72006	0.56254	13.13892	1.05844	1	-0.01080	-0.01046	0.66383	0.00365	1	0.05768	-0.01496	0.68321	0.00426	1	1.45898	0.81042	0	
1235337	8332.89453	3304128539928	0.50634	0.38157	8332.29199	0.60254	10888	1	0.53193	0.33346	1	0.43860	0.38154	1	0.48526	0.35750	1	0.45635	0.54134	12.67896	1.05042	1	0.71998	0.56277	13.14191	1.05042	1	-0.01080	-0.01046	0.66383	0.00370	1	0.05768	-0.01496	0.68321	0.00408	1	1.45898	0.81042	0	
1235338	8332.90137	3304128607174	0.50636	0.38142	8332.29199	0.60938	10888	1	0.52838	0.34461	1	0.46494	0.39561	1	0.49666	0.37011	1	0.45628	0.54127	12.58696	1.04240	1	0.72004	0.56285	13.26641	1.04240	1	-0.01080	-0.01046	0.66383	0.00370	1	0.05768	-0.01496	0.68321	0.00407	1	1.45898	0.81042	0	
1235339	8332.90820	3304128673874	0.50639	0.38127	8332.29199	0.61621	10888	1	0.52838	0.34461	1	0.46494	0.39561	1	0.49666	0.37011	1	0.45615	0.54113	12.14402	1.04240	1	0.72014	0.56299	13.30445	1.04240	1	-0.01128	-0.01066	0.68978	0.00374	1	0.05768	-0.01496	0.68321	0.00389	1	1.45898	0.81042	0	
1235340	8332.91504	3304128741094	0.50583	0.38166	8332.29199	0.62305	10888	1	0.52237	0.36116	1	0.44130	0.41226	1	0.48184	0.38671	1	0.45615	0.54113	12.14402	1.05042	1	0.71999	0.56306	13.42274	1.05042	1	-0.01128	-0.01066	0.68978	0.00375	1	0.05768	-0.01496	0.68321	0.00388	1	1.45898	0.81042	0	
1235341	8332.92090	3304128807955	0.50534	0.38225	8332.29199	0.62891	10888	1	0.52043	0.35595	1	0.46412	0.40693	1	0.49227	0.38144	1	0.45618	0.54118	12.19257	1.05844	1	0.71995	0.56309	13.49734	1.05844	1	-0.01128	-0.01066	0.68978	0.00374	1	0.05768	-0.01496	0.68321	0.00389	1	1.45898	0.81042	0	
1235342	8332.92773	3304128875442	0.50484	0.38278	8332.29199	0.63574	10888	1	0.51956	0.34971	1	0.46413	0.40666	1	0.49185	0.37818	1	0.45607	0.54110	12.11217	1.06645	1	0.71994	0.56306	13.43817	1.05880	1	-0.01118	-0.01062	0.68420	0.00380	1	0.05560	-0.01443	0.65909	0.00396	1	1.45898	0.81042	0	
1235343	8332.93457	3304128941737	0.50424	0.38166	8332.29199	0.64258	10888	1	0.51297	0.33963	1	0.44372	0.38173	1	0.47834	0.36068	1	0.45605	0.54098	12.12003	1.05880	1	0.72007	0.56283	13.20233	1.05114	1	-0.01118	-0.01062	0.68420	0.00382	1	0.05560	-0.01443	0.65909	0.00407	1	1.45898	0.81042	0	
1235344	8332.94141	3304129008733	0.50368	0.38093	8332.29199	0.64941	10888	1	0.51995	0.36549	1	0.44516	0.35532	1	0.48256	0.36041	1	0.45614	0.54120	12.14682	1.05114	1	0.72003	0.56242	13.03977	1.04348	1	-0.01118	-0.01062	0.68420	0.00377	1	0.05560	-0.01443	0.65909	0.00429	1	1.45898	0.81042	0	
1235345	8332.94824	3304129075871	0.50313	0.38027	8332.29199	0.65625	10888	1	0.52079	0.37142	1	0.44516	0.35532	1	0.48298	0.36337	1	0.45625	0.54128	12.60843	1.04348	1	0.71992	0.56305	13.75102	1.04348	1	-0.01128	-0.01066	0.68978	0.00370	1	0.05768	-0.01496	0.68321	0.00396	1	1.45898	0.81042	0	
1235346	8332.95508	3304129143400	0.50317	0.38013	8332.29199	0.66309	10888	1	0.53053	0.38114	1	0.49677	0.36447	1	0.51365	0.37280	1	0.45625	0.54136	12.54057	1.04348	1	0.72018	0.56270	13.16546	1.05114	1	-0.01128	-0.01066	0.68978	0.00371	1	0.05768	-0.01496	0.68321	0.00397	1	1.45898	0.81042	0	
1235347	8332.96191	3304129209730	0.50273	0.37974	8332.29199	0.66992	10888	1	0.51817	0.36161	1	0.47377	0.40272	1	0.49597	0.38217	1	0.45606	0.54108	12.39466	1.05114	1	0.72016	0.56256	13.26720	1.05880	1	-0.01128	-0.01066	0.68978	0.00391	1	0.05768	-0.01496	0.68321	0.00382	1	1.45898	0.81042	0	
1235348	8332.96777	3304129276505	0.50229	0.37916	8332.29199	0.67578	10888	1	0.51732	0.35565	1	0.47404	0.39694	1	0.49568	0.37629	1	0.45650	0.54114	13.12545	1.05880	1	0.72021	0.56134	12.81869	1.06645	1	-0.01128	-0.01066	0.68978	0.00380	1	0.05768	-0.01486	0.68321	0.00433	1	1.45898	0.81042	0	
1235349	8332.97461	3304129343798	0.50171	0.37750	8332.29199	0.68262	10888	1	0.52692	0.33098	1	0.47738	0.25296	1	0.50215	0.29197	1	0.45638	0.54057	12.45058	1.06645	1	0.72015	0.56031	12.61380	1.06645	1	-0.01128	-0.01066	0.68978	0.00392	1	0.05768	-0.01486	0.68321	0.00430	1	1.45898	0.81042	0	
1235350	8332.98145	3304129410405	0.50175	0.37714	8332.29199	0.68945	10888	1	0.55324	0.39669	1	0.48074	0.34646	1	0.51699	0.37157	1	0.45659	0.54080	12.61902	1.06645	1	0.72025	0.56163	13.32160	1.06645	1	-0.01128	-0.01066	0.68978	0.00399	1	0.05768	-0.01486	0.68321	0.00385	1	1.45898	0.81042	0	
1235351	8332.98828	3304129477767	0.50178	0.37685	8332.29199	0.69629	10888	1	0.55389	0.40257	1	0.48009	0.35903	1	0.51699	0.38080	1	0.45615	0.53916	11.88043	1.05844	1	0.72013	0.56113	13.33056	1.05078	1	-0.01069	-0.01015	0.65718	0.00424	1	0.05560	-0.01424	0.65909	0.00400	1	1.45898	0.81042	0	
1235352	8332.99512	3304129544105	0.50142	0.37550	8332.29199	0.70312	10888	1	0.52648	0.27224	1	0.46878	0.36829	1	0.49763	0.32027	1	0.45630	0.53885	12.22411	1.04276	1	0.72007	0.56144	13.39526	1.03510	1	-0.01069	-0.01015	0.65718	0.00410	1	0.05560	-0.01424	0.65909	0.00395	1	1.45898	0.81042	0	
1235353	8333.00098	3304129608639	0.50148	0.37538	8332.29199	0.70898	10888	1	0.54678	0.31696	1	0.47081	0.38780	1	0.50879	0.35238	1	0.45651	0.53940	12.67329	1.02709	1	0.72010	0.56152	13.44451	1.01943	1	-0.01069	-0.01015	0.65718	0.00410	1	0.05560	-0.01424	0.65909	0.00398	1	1.45898	0.81042	0	
1235354	8333.00879	3304129678832	0.50155	0.37533	8332.29199	0.71680	10888	1	0.54747	0.32339	1	0.47081	0.38780	1	0.50914	0.35559	1	0.45648	0.53934	12.87527	1.01943	1	0.71986	0.56122	13.32882	1.01943	1	-0.01128	-0.01066	0.68978	0.00406	1	0.05693	-0.01461	0.67428	0.00401	1	1.45898	0.81042	0	
1235355	8333.01465	3304129744039	0.50167	0.37493	8332.29199	0.72266	10888	1	0.55010	0.34086	1	0.47135	0.37529	1	0.51072	0.35807	1	0.45658	0.53983	12.99881	1.02744	1	0.72010	0.56152	13.44451	1.03510	1	-0.01128	-0.01066	0.68978	0.00420	1	0.05693	-0.01461	0.67428	0.00398	1	1.45898	0.81042	0	
1235356	8333.02148	3304129812932	0.50147	0.37306	8332.29199	0.72949	10888	1	0.52296	0.29226	1	0.47323	0.35397	1	0.49809	0.32312	1	0.45622	0.53922	12.47538	1.04312	1	0.72012	0.56150	13.26863	1.05078	1	-0.01128	-0.01066	0.68978	0.00400	1	0.05693	-0.01461	0.67428	0.00397	1	1.45898	0.81042	0	
1235357	8333.02832	3304129879578	0.50126	0.37111	8332.29199	0.73633	10888	1	0.52213	0.28574	1	0.47323	0.35397	1	0.49768	0.31986	1	0.45595	0.53975	11.99383	1.05078	1	0.72006	0.56146	13.08024	1.05078	1	-0.01069	-0.01015	0.65718	0.00425	1	0.05535	-0.01422	0.65622	0.00399	1	1.45898	0.81042	0	
1235358	8333.03516	3304129947214	0.50099	0.37036	8332.29199	0.74316	10888	1	0.52197	0.33092	1	0.46558	0.38361	1	0.49378	0.35726	1	0.45617	0.53965	12.37112	1.04276	1	0.72003	0.56152	13.08147	1.03510	1	-0.01069	-0.01015	0.65718	0.00396	1	0.05535	-0.01422	0.65622	0.00397	1	1.45898	0.81042	0	
1235359	8333.04199	3304130014409	0.50083	0.37031	8332.29199	0.75000	10888	1	0.52711	0.36010	1	0.46193	0.36244	1	0.49452	0.36127	1	0.45611	0.53984	12.63382	1.02709	1	0.71993	0.56132	13.16769	1.01943	1	-0.01069	-0.01015	0.65718	0.00391	1	0.05535	-0.01422	0.65622	0.00402	1	1.45898	0.81042	0	
1235360	8333.04883	3304130081656	0.50068	0.37038	8332.29199	0.75684	10888	1	0.52792	0.36622	1	0.46173	0.36874	1	0.49483	0.36748	1	0.45599	0.53930	12.06534	1.01943	1	0.71982	0.56154	13.28606	1.01177	1	-0.01128	-0.01066	0.68978	0.00399	1	0.05535	-0.01422	0.65622	0.00400	1	1.45898	0.81042	0	
1235361	8333.05469	3304130145439	0.50044	0.37060	8332.29199	0.76270	10888	1	0.51612	0.34001	1	0.47059	0.40022	1	0.49336	0.37012	1	0.45600	0.53946	12.09923	1.01978	1	0.72010	0.56156	13.26495	1.01978	1	-0.01128	-0.01066	0.68978	0.00392	1	0.05535	-0.01422	0.65622	0.00394	1	1.45898	0.81042	0	
1235362	8333.06152	3304130211621	0.50035	0.37020	8332.29199	0.76953	10888	1	0.50968	0.32207	1	0.48990	0.37689	1	0.49979	0.34948	1	0.45600	0.53946	12.09923	1.02780	1	0.72006	0.56135	13.26116	1.02780	1	-0.01128	-0.01066	0.68978	0.00392	1	0.05535	-0.01422	0.65622	0.00402	1	1.45898	0.81042	0	
1235363	8333.06836	3304130278868	0.50025	0.36971	8332.29199	0.77637	10888	1	0.50872	0.31537	1	0.49032	0.37044	1	0.49952	0.34291	1	0.45602	0.53960	12.09006	1.03582	1	0.72000	0.56141	13.36596	1.03582	1	-0.01118	-0.01052	0.68420	0.00396	1	0.05560	-0.01424	0.65909	0.00400	1	1.45898	0.81042	0	
1235364	8333.07520	3304130344018	0.50020	0.36919	8332.29199	0.78320	10888	1	0.51397	0.32076	1	0.46090	0.34342	1	0.48744	0.33209	1	0.45604	0.53966	11.96660	1.03582	1	0.71998	0.56128	13.33484	1.03582	1	-0.01118	-0.01052	0.68420	0.00396	1	0.05560	-0.01424	0.65909	0.00414	1	1.45898	0.81042	0	
1235365	8333.08203	3304130412374	0.50012	0.36906	8332.29199	0.79004	10888	1	0.50948	0.33560	1	0.46895	0.36425	1	0.48921	0.34993	1	0.45595	0.53950	11.97553	1.03582	1	0.72007	0.56137	13.35254	1.03582	1	-0.01118	-0.01052	0.68420	0.00401	1	0.05560	-0.01424	0.65909	0.00410	1	1.45898	0.81042	0	
1235366	8333.08887	3304130479310	0.50005	0.36885	8332.29199	0.79688	10888	1	0.50948	0.33560	1	0.46919	0.35806	1	0.48934	0.34683	1	0.45602	0.53922	12.02420	1.03582	1	0.72006	0.56161	13.43062	1.04348	1	-0.01128	-0.01066	0.68978	0.00410	1	0.05808	-0.01491	0.68791	0.00393	1	1.45898	0.81042	0	
1235367	8333.09570	3304130548398	0.50000	0.36774	8332.29199	0.80371	10888	1	0.51574	0.25990	1	0.46140	0.36690	1	0.48857	0.31340	1	0.45616	0.53915	12.26948	1.04348	1	0.71997	0.56154	13.40549	1.05114	1	-0.01128	-0.01066	0.68978	0.00401	1	0.05808	-0.01491	0.68791	0.00395	1	1.45898	0.81042	0	
1235368	8333.10156	3304130613359	0.49996	0.36635	8332.29199	0.80957	10888	1	0.52557	0.30324	1	0.46276	0.36125	1	0.49416	0.33225	1	0.45620	0.53943	12.42934	1.05114	1	0.71997	0.56154	13.40549	1.05880	1	-0.01128	-0.01066	0.68978	0.00431	1	0.05808	-0.01491	0.68791	0.00395	1	1.45898	0.81042	0	
1235369	8333.10840	3304130680075	0.49990	0.36471	8332.29199	0.81641	10888	1	0.52477	0.29685	1	0.46296	0.35518	1	0.49386	0.32602	1	0.45604	0.53994	12.14563	1.05880	1	0.71998	0.56128	13.33484	1.06645	1	-0.01128	-0.01066	0.68978	0.00418	1	0.05768	-0.01486	0.68321	0.00414	1	1.45898	0.81042	0	
1235370	8333.11523	3304130748893	0.49953	0.36328	8332.29199	0.82324	10888	1	0.51409	0.32746	1	0.46296	0.35474	1	0.48852	0.34110	1	0.45604	0.53993	12.05152	1.06645	1	0.71997	0.56154	13.40549	1.06645	1	-0.01128	-0.01066	0.68978	0.00418	1	0.05768	-0.01486	0.68321	0.00395	1	1.45898	0.81042	0	
1235371	8333.12207	3304130817514	0.49903	0.36145	8332.29199	0.83008	10888	1	0.51743	0.30723	1	0.46237	0.31897	1	0.48990	0.31310	1	0.45614	0.54011	12.07123	1.06645	1	0.71998	0.56128	13.33484	1.06645	1	-0.01128	-0.01066	0.68978	0.00414	1	0.05768	-0.01486	0.68321	0.00415	1	1.45898	0.81042	0	
1235372	8333.12891	3304130884502	0.49854	0.35956	8332.29199	0.83691	10888	1	0.51743	0.30723	1	0.46218	0.32530	1	0.48980	0.31627	1	0.45600	0.53968	12.06918	1.06645	1	0.71996	0.56166	13.49939	1.05880	1	-0.01128	-0.01066	0.68978	0.00412	1	0.05560	-0.01434	0.65909	0.00391	1	1.45898	0.81042	0	
1235373	8333.13574	3304130951385	0.49188	0.33120	8332.29199	0.83691	10888	0	0.53026	0.27386	1	0.45465	0.34816	1	0.49246	0.31101	1	0.45638	0.53967	12.61860	1.05880	1	0.71981	0.56143	13.14120	1.05114	1	-0.01128	-0.01066	0.68978	0.00423	1	0.05560	-0.01434	0.65909	0.00402	1	1.45898	0.81042	0	
1235374	8333.14258	3304131018396	0.49670	0.33121	8332.29199	0.83691	10888	0	0.53742	0.30806	1	0.46562	0.35438	1	0.50152	0.33122	1	0.45636	0.54002	13.23555	1.05114	1	0.71999	0.56141	13.38481	1.04348	1	-0.01128	-0.01066	0.68978	0.00415	1	0.05560	-0.01434	0.65909	0.00394	1	1.45898	0.81042	0	
1235375	8333.14941	3304131085338	0.49839	0.33331	8332.29199	0.83691	10888	0	0.53815	0.31441	1	0.46539	0.36060	1	0.50177	0.33750	1	0.45639	0.54038	13.20253	1.04348	1	0.72008	0.56159	13.39293	1.03582	1	-0.01128	-0.01066	0.68978	0.00401	1	0.05560	-0.01434	0.65909	0.00397	1	1.45898	0.81042	0	
1235376	8333.15527	3304131151893	0.49619	0.33116	8333.13574	0.01953	10889	1	0.53653	0.26617	1	0.44264	0.38323	1	0.48958	0.32470	1	0.45650	0.53984	12.84486	1.03582	1	0.71972	0.56183	14.09067	1.03582	1	-0.01128	-0.01066	0.68978	0.00422	1	0.05560	-0.01434	0.65909	0.00392	1	1.45898	0.81042	0	
1235377	8333.16211	3304131219654	0.49470	0.33018	8333.13574	0.02637	10889	1	0.51560	0.28126	1	0.46186	0.37131	1	0.48873	0.32628	1	0.45607	0.53995	11.96202	1.03582	1	0.71996	0.56150	13.46647	1.03582	1	-0.01128	-0.01066	0.68978	0.00419	1	0.05560	-0.01434	0.65909	0.00392	1	1.45898	0.81042	0	
1235378	8333.16895	3304131286286	0.49376	0.33065	8333.13574	0.03320	10889	1	0.51651	0.28822	1	0.46165	0.37773	1	0.48908	0.33297	1	0.45604	0.54061	12.54194	1.02780	1	0.71982	0.56145	13.23282	1.02780	1	-0.01089	-0.01025	0.66334	0.00396	1	0.05560	-0.01434	0.65909	0.00397	1	1.45898	0.81042	0	
1235379	8333.17578	3304131352424	0.49631	0.33473	8333.13574	0.04004	10889	1	0.53160	0.34459	1	0.49167	0.37388	1	0.51163	0.35924	1	0.45624	0.54072	12.68169	1.01978	1	0.72004	0.56137	13.19207	1.01978	1	-0.01089	-0.01025	0.66334	0.00394	1	0.05560	-0.01434	0.65909	0.00391	1	1.45898	0.81042	0	
1235380	8333.18262	3304131420259	0.49886	0.33621	8333.13574	0.04688	10889	1	0.54267	0.32098	1	0.49073	0.37212	1	0.51670	0.34655	1	0.45645	0.54043	12.97564	1.01177	1	0.72006	0.56128	13.13792	1.01177	1	-0.01089	-0.01025	0.66334	0.00405	1	0.05560	-0.01434	0.65909	0.00393	1	1.45898	0.81042	0	
1235381	8333.18945	3304131487148	0.50086	0.33810	8333.13574	0.05371	10889	1	0.54342	0.32778	1	0.49030	0.37870	1	0.51686	0.35324	1	0.45644	0.54081	12.68382	1.00375	1	0.72024	0.56113	13.01608	1.00375	1	-0.01089	-0.01025	0.66334	0.00393	1	0.05560	-0.01434	0.65909	0.00384	1	1.45898	0.81042	0	
1235382	8333.19531	3304131549530	0.50165	0.33945	8333.13574	0.05957	10889	1	0.52000	0.34412	1	0.49743	0.35912	1	0.50872	0.35162	1	0.45614	0.54063	12.35185	1.00375	1	0.72015	0.56109	13.19191	1.00375	1	-0.01089	-0.01025	0.66334	0.00392	1	0.05560	-0.01434	0.65909	0.00385	1	1.45898	0.81042	0	
1235383	8333.20215	3304131618488	0.50126	0.34439	8333.13574	0.06641	10889	1	0.52732	0.37750	1	0.46755	0.40997	1	0.49744	0.39373	1	0.45617	0.54103	12.54638	1.00375	1	0.71971	0.56157	13.64012	1.00375	1	-0.01089	-0.01025	0.66334	0.00387	1	0.05560	-0.01434	0.65909	0.00398	1	1.45898	0.81042	0	
1235384	8333.20898	3304131684970	0.50095	0.34850	8333.13574	0.07324	10889	1	0.52732	0.37750	1	0.46755	0.40997	1	0.49744	0.39373	1	0.45609	0.54033	12.27160	1.00375	1	0.72024	0.56112	13.20587	1.00375	1	-0.01089	-0.01025	0.66334	0.00397	1	0.05560	-0.01434	0.65909	0.00384	1	1.45898	0.81042	0	
1235385	8333.21582	3304131752201	0.50162	0.35084	8333.13574	0.08008	10889	1	0.52857	0.36058	1	0.49078	0.39717	1	0.50967	0.37888	1	0.45622	0.54054	12.32428	1.00375	1	0.72008	0.56145	13.17794	1.00375	1	-0.01089	-0.01025	0.66334	0.00392	1	0.05560	-0.01434	0.65909	0.00389	1	1.45898	0.81042	0	
1235386	8333.22266	3304131820608	0.50164	0.35033	8333.13574	0.08691	10889	1	0.52079	0.32426	1	0.48307	0.36324	1	0.50193	0.34375	1	0.45611	0.54034	12.29869	1.00375	1	0.71993	0.56115	13.43835	1.00375	1	-0.01089	-0.01025	0.66334	0.00397	1	0.05560	-0.01434	0.65909	0.00396	1	1.45898	0.81042	0	
1235387	8333.22949	3304131886034	0.50163	0.34963	8333.13574	0.09375	10889	1	0.51988	0.31742	1	0.48313	0.36223	1	0.50150	0.33982	1	0.45621	0.54072	12.55458	1.01177	1	0.71968	0.56158	13.96896	1.00496	1	-0.01128	-0.01066	0.68978	0.00388	1	0.05373	-0.01387	0.63758	0.00384	1	1.45898	0.81042	0	
1235388	8333.23535	3304131952048	0.50256	0.34952	8333.13574	0.09961	10889	1	0.53391	0.31585	1	0.49917	0.37984	1	0.51654	0.34785	1	0.45628	0.54063	12.54191	1.01298	1	0.72021	0.56183	12.84659	1.00617	1	-0.01128	-0.01066	0.68978	0.00389	1	0.05373	-0.01387	0.63758	0.00401	1	1.45898	0.81042	0	
1235389	8333.24219	3304132021064	0.50294	0.35003	8333.13574	0.10645	10889	1	0.52490	0.34126	1	0.49324	0.37503	1	0.50907	0.35815	1	0.45622	0.54054	12.32428	1.01418	1	0.72018	0.56185	12.98467	1.00738	1	-0.01128	-0.01066	0.68978	0.00392	1	0.05373	-0.01387	0.63758	0.00399	1	1.45898	0.81042	0	
1235390	8333.24902	3304132088011	0.50329	0.35027	8333.13574	0.11328	10889	1	0.52477	0.34026	1	0.49369	0.36844	1	0.50923	0.35435	1	0.45623	0.54069	12.40478	1.01539	1	0.72005	0.56172	13.14070	1.01539	1	-0.01128	-0.01066	0.68978	0.00386	1	0.05530	-0.01429	0.65679	0.00382	1	1.45898	0.81042	0	
1235391	8333.25586	3304132153965	0.50374	0.35141	8333.13574	0.12012	10889	1	0.52915	0.35162	1	0.49426	0.39257	1	0.51170	0.37209	1	0.45625	0.54077	12.48513	1.01539	1	0.72017	0.56160	12.78606	1.02220	1	-0.01128	-0.01066	0.68978	0.00383	1	0.05530	-0.01429	0.65679	0.00402	1	1.45898	0.81042	0	
1235392	8333.26270	3304132224123	0.50409	0.35238	8333.13574	0.12695	10889	1	0.52187	0.35908	1	0.49989	0.38224	1	0.51088	0.37066	1	0.45610	0.54093	12.20029	1.02220	1	0.72018	0.56195	12.97024	1.02901	1	-0.01128	-0.01066	0.68978	0.00380	1	0.05530	-0.01429	0.65679	0.00395	1	1.45898	0.81042	0	
1235393	8333.26953	3304132291123	0.50442	0.35329	8333.13574	0.13379	10889	1	0.52201	0.36005	1	0.49981	0.38320	1	0.51091	0.37162	1	0.45614	0.54110	12.55587	1.02099	1	0.72020	0.56202	13.17139	1.02780	1	-0.01089	-0.01030	0.66334	0.00375	1	0.05617	-0.01456	0.66707	0.00399	1	1.45898	0.81042	0	
1235394	8333.27637	3304132357943	0.50446	0.35388	8333.13574	0.14062	10889	1	0.52041	0.37618	1	0.49023	0.35635	1	0.50532	0.36627	1	0.45615	0.54096	12.62529	1.01978	1	0.72007	0.56169	12.92163	1.01978	1	-0.01089	-0.01030	0.66334	0.00370	1	0.05617	-0.01456	0.66707	0.00402	1	1.45898	0.81042	0	
1235395	8333.28320	3304132424983	0.50474	0.35531	8333.13574	0.14746	10889	1	0.53266	0.40684	1	0.48934	0.36649	1	0.51100	0.38666	1	0.45623	0.54120	12.68446	1.01177	1	0.72007	0.56187	12.94265	1.01177	1	-0.01089	-0.01030	0.66334	0.00369	1	0.05617	-0.01456	0.66707	0.00397	1	1.45898	0.81042	0	
1235396	8333.28906	3304132487844	0.50500	0.35661	8333.13574	0.15332	10889	1	0.53266	0.40684	1	0.48934	0.36649	1	0.51100	0.38666	1	0.45600	0.54115	12.62885	1.01177	1	0.71984	0.56143	13.40106	1.01177	1	-0.01118	-0.01062	0.68420	0.00370	1	0.05617	-0.01456	0.66707	0.00423	1	1.45898	0.81042	0	
1235397	8333.29590	3304132557157	0.50496	0.35543	8333.13574	0.16016	10889	1	0.51631	0.38503	1	0.49154	0.26911	1	0.50392	0.32707	1	0.45600	0.54115	12.62885	1.01978	1	0.72007	0.56116	12.78302	1.01978	1	-0.01118	-0.01062	0.68420	0.00370	1	0.05617	-0.01456	0.66707	0.00424	1	1.45898	0.81042	0	
1235398	8333.30273	3304132625044	0.50473	0.35255	8333.13574	0.16699	10889	1	0.50511	0.30492	1	0.49280	0.25585	1	0.49895	0.28039	1	0.45594	0.54020	12.31614	1.02780	1	0.72004	0.56106	12.69906	1.02780	1	-0.01118	-0.01062	0.68420	0.00408	1	0.05617	-0.01456	0.66707	0.00433	1	1.45898	0.81042	0	
1235399	8333.30957	3304132692669	0.50451	0.34961	8333.13574	0.17383	10889	1	0.50411	0.29809	1	0.49324	0.24846	1	0.49867	0.27328	1	0.45597	0.54073	12.37929	1.03582	1	0.71971	0.56144	12.99175	1.03582	1	-0.01128	-0.01076	0.68979	0.00395	1	0.05535	-0.01432	0.65622	0.00452	1	1.45898	0.81042	0	
1235400	8333.31641	3304132759943	0.50470	0.34751	8333.13574	0.18066	10889	1	0.53031	0.33843	1	0.48956	0.24287	1	0.50994	0.29065	1	0.45629	0.54081	12.37905	1.03582	1	0.71995	0.56098	12.62020	1.03582	1	-0.01128	-0.01076	0.68979	0.00379	1	0.05535	-0.01432	0.65622	0.00443	1	1.45898	0.81042	0	
1235401	8333.32324	3304132826869	0.50464	0.34671	8333.13574	0.18750	10889	1	0.51452	0.39030	1	0.49141	0.25835	1	0.50296	0.32433	1	0.45610	0.54127	13.17019	1.03582	1	0.71998	0.56128	12.76329	1.03582	1	-0.01128	-0.01076	0.68979	0.00367	1	0.05535	-0.01432	0.65622	0.00437	1	1.45898	0.81042	0	
1235402	8333.33008	3304132893442	0.50458	0.34596	8333.13574	0.19434	10889	1	0.51452	0.39030	1	0.49141	0.25835	1	0.50296	0.32433	1	0.45592	0.54079	12.13403	1.03582	1	0.72019	0.56147	12.60382	1.03582	1	-0.01128	-0.01076	0.68979	0.00364	1	0.05560	-0.01443	0.65909	0.00427	1	1.45898	0.81042	0	
1235403	8333.33691	3304132960384	0.50460	0.34149	8333.13574	0.20117	10889	1	0.51245	0.15318	1	0.49786	0.26171	1	0.50515	0.20745	1	0.45616	0.53872	12.47564	1.03582	1	0.72011	0.56110	12.61143	1.03582	1	-0.01128	-0.01076	0.68979	0.00249	1	0.05560	-0.01443	0.65909	0.00433	1	1.45898	0.81042	0	
1235404	8333.34375	3304133028291	0.50472	0.34004	8333.13574	0.20801	10889	1	0.51253	0.32079	1	0.50415	0.26914	1	0.50834	0.29496	1	0.45596	0.54044	12.34417	1.03582	1	0.72026	0.56118	12.34712	1.03582	1	-0.01128	-0.01076	0.68979	0.00380	1	0.05560	-0.01443	0.65909	0.00433	1	1.45898	0.81042	0	
1235405	8333.34961	3304133094821	0.50555	0.31308	8333.13574	0.20801	10889	0	0.51253	0.32079	1	0.50415	0.26914	1	0.50834	0.29496	1	0.45613	0.54073	12.43639	1.03582	1	0.72009	0.56131	12.40186	1.03582	1	-0.01128	-0.01076	0.68979	0.00399	1	0.05560	-0.01443	0.65909	0.00436	1	1.45898	0.81042	0	
1235406	8333.35645	3304133162033	0.49941	0.32546	8333.13574	0.20801	10889	0	0.51850	0.35635	1	0.46804	0.31931	1	0.49327	0.33783	1	0.45607	0.54097	12.56107	1.03582	1	0.72001	0.56202	13.15388	1.03582	1	-0.01128	-0.01076	0.68979	0.00370	1	0.05560	-0.01443	0.65909	0.00432	1	1.45898	0.81042	0	
1235407	8333.36328	3304133228867	0.48891	0.31954	8333.13574	0.20801	10889	0	0.48317	0.32153	1	0.45265	0.29390	1	0.46791	0.30772	1	0.45596	0.54099	12.50569	1.03582	1	0.71982	0.56187	12.81614	1.03582	1	-0.01128	-0.01076	0.68979	0.00373	1	0.05560	-0.01443	0.65909	0.00448	1	1.45898	0.81042	0	
1235408	8333.37012	3304133295758	0.48378	0.31830	8333.34961	0.02051	10890	1	0.48431	0.32820	1	0.45251	0.30091	1	0.46841	0.31455	1	0.45590	0.54079	12.01175	1.02780	1	0.72007	0.56230	13.28505	1.02780	1	-0.01080	-0.01046	0.66383	0.00387	1	0.05560	-0.01443	0.65909	0.00405	1	1.45898	0.81042	0	
1235409	8333.37695	3304133362776	0.48466	0.31958	8333.34961	0.02734	10890	1	0.49559	0.35209	1	0.48070	0.29732	1	0.48814	0.32471	1	0.45607	0.54125	11.55664	1.01978	1	0.72022	0.56124	12.60718	1.01978	1	-0.01080	-0.01046	0.66383	0.00415	1	0.05560	-0.01443	0.65909	0.00436	1	1.45898	0.81042	0	
1235410	8333.38379	3304133429796	0.48265	0.32939	8333.34961	0.03418	10890	1	0.48414	0.36330	1	0.46105	0.39358	1	0.47260	0.37844	1	0.45582	0.54129	11.89897	1.01177	1	0.71998	0.56251	13.12071	1.01177	1	-0.01080	-0.01046	0.66383	0.00403	1	0.05560	-0.01443	0.65909	0.00403	1	1.45898	0.81042	0	
1235411	8333.39062	3304133497001	0.48129	0.33688	8333.34961	0.04102	10890	1	0.48530	0.36978	1	0.46104	0.39386	1	0.47317	0.38182	1	0.45674	0.54092	11.51098	1.00375	1	0.72039	0.56225	12.21402	1.01141	1	-0.01080	-0.01046	0.66383	0.00403	1	0.05693	-0.01482	0.67428	0.00403	1	1.45898	0.81042	0	
1235412	8333.39648	3304133563685	0.48451	0.34024	8333.34961	0.04688	10890	1	0.52518	0.36118	1	0.48881	0.36631	1	0.50699	0.36375	1	0.45654	0.54135	11.31602	1.01141	1	0.72040	0.56224	12.11508	1.01907	1	-0.01080	-0.01046	0.66383	0.00385	1	0.05693	-0.01482	0.67428	0.00403	1	1.45898	0.81042	0	
1235413	8333.40332	3304133628330	0.48619	0.34215	8333.34961	0.05371	10890	1	0.51189	0.33708	1	0.48740	0.37774	1	0.49964	0.35741	1	0.45637	0.54103	10.96639	1.01907	1	0.72038	0.56245	12.30452	1.02673	1	-0.01080	-0.01046	0.66383	0.00407	1	0.05693	-0.01482	0.67428	0.00395	1	1.45898	0.81042	0	
1235414	8333.41016	3304133694349	0.48748	0.34239	8333.34961	0.06055	10890	1	0.51002	0.32410	1	0.48818	0.36514	1	0.49910	0.34462	1	0.45669	0.54157	11.66432	1.03474	1	0.72013	0.56235	12.67370	1.04240	1	-0.01099	-0.01069	0.67884	0.00384	1	0.05808	-0.01512	0.68791	0.00396	1	1.45898	0.81042	0	
1235415	8333.41602	3304133757772	0.48873	0.33966	8333.34961	0.06641	10890	1	0.53755	0.30306	1	0.46488	0.32156	1	0.50122	0.31231	1	0.45690	0.54138	12.32026	1.05042	1	0.72032	0.56213	12.78546	1.05042	1	-0.01099	-0.01069	0.67884	0.00374	1	0.05808	-0.01512	0.68791	0.00389	1	1.45898	0.81042	0	
1235416	8333.42285	3304133827722	0.48939	0.33709	8333.34961	0.07324	10890	1	0.53807	0.29878	1	0.45529	0.31898	1	0.49668	0.30888	1	0.45689	0.54148	12.41934	1.05844	1	0.72024	0.56232	12.84270	1.05844	1	-0.01099	-0.01069	0.67884	0.00370	1	0.05808	-0.01512	0.68791	0.00388	1	1.45898	0.81042	0	
1235417	8333.42969	3304133894841	0.48993	0.33441	8333.34961	0.08008	10890	1	0.53732	0.29211	1	0.45544	0.31231	1	0.49638	0.30221	1	0.45707	0.54170	12.31058	1.06645	1	0.72025	0.56244	13.11969	1.06645	1	-0.01099	-0.01069	0.67884	0.00368	1	0.05768	-0.01506	0.68321	0.00383	1	1.45898	0.81042	0	
1235418	8333.43652	3304133963103	0.49097	0.33337	8333.34961	0.08691	10890	1	0.54873	0.32853	1	0.46040	0.31112	1	0.50456	0.31982	1	0.45701	0.54187	12.08461	1.06645	1	0.72033	0.56215	12.82914	1.06645	1	-0.01099	-0.01069	0.67884	0.00378	1	0.05768	-0.01506	0.68321	0.00373	1	1.45898	0.81042	0	
1235419	8333.44336	3304134030168	0.49195	0.33322	8333.34961	0.09375	10890	1	0.53792	0.35006	1	0.47342	0.31226	1	0.50567	0.33116	1	0.45691	0.54228	12.08608	1.06645	1	0.72046	0.56219	12.59687	1.06645	1	-0.01099	-0.01069	0.67884	0.00380	1	0.05768	-0.01506	0.68321	0.00378	1	1.45898	0.81042	0	
1235420	8333.45020	3304134099745	0.49281	0.33309	8333.34961	0.10059	10890	1	0.53792	0.35006	1	0.47342	0.31226	1	0.50567	0.33116	1	0.45711	0.54197	12.32543	1.06645	1	0.72046	0.56242	12.41744	1.06645	1	-0.01099	-0.01069	0.67884	0.00379	1	0.05768	-0.01506	0.68321	0.00375	1	1.45898	0.81042	0	
1235421	8333.45703	3304134166707	0.49211	0.32907	8333.34961	0.10742	10890	1	0.48726	0.11369	1	0.47467	0.41560	1	0.48096	0.26465	1	0.45657	0.53932	11.91354	1.06645	1	0.72053	0.56319	13.15507	1.06645	1	-0.01099	-0.01069	0.67884	0.00248	1	0.05768	-0.01506	0.68321	0.00384	1	1.45898	0.81042	0	
1235422	8333.46387	3304134234114	0.49135	0.32275	8333.34961	0.11426	10890	1	0.47811	0.09946	1	0.47876	0.33149	1	0.47844	0.21548	1	0.45653	0.53929	11.86469	1.06645	1	0.72059	0.56293	12.92356	1.06645	1	-0.01099	-0.01069	0.67884	0.00243	1	0.05768	-0.01506	0.68321	0.00397	1	1.45898	0.81042	0	
1235423	8333.47070	3304134297830	0.49067	0.32354	8333.34961	0.12109	10890	1	0.47811	0.09946	0	0.47845	0.33774	1	0.47845	0.33774	1	0.45653	0.53929	11.86469	1.06645	0	0.72063	0.56254	11.98542	1.05880	1	-0.01099	-0.01069	0.67884	0.00243	1	0.05704	-0.01488	0.67505	0.00423	1	1.45898	0.81042	0	
1235424	8333.47656	3304134365284	0.49020	0.32039	8333.34961	0.12695	10890	1	0.47811	0.09946	0	0.48125	0.26040	1	0.48125	0.26040	1	0.45653	0.53929	11.86469	1.05880	0	0.72061	0.56178	11.85540	1.05114	1	-0.01099	-0.01069	0.67884	0.00243	1	0.05704	-0.01488	0.67505	0.00441	1	1.45898	0.81042	0	
1235425	8333.48340	3304134430936	0.49020	0.32039	8333.34961	0.13379	10890	1	0.47811	0.09946	0	0.48125	0.26040	0	0.48125	0.26040	0	0.45653	0.53929	11.86469	1.05114	0	0.72061	0.56178	11.85540	1.04348	0	-0.01099	-0.01069	0.67884	0.00243	1	0.05704	-0.01488	0.67505	0.00441	1	1.45898	0.81042	0	
1235426	8333.49023	3304134498543	0.49020	0.32039	8333.34961	0.14062	10890	1	0.47811	0.09946	0	0.48125	0.26040	0	0.48125	0.26040	0	0.45653	0.53929	11.86469	1.04348	0	0.72061	0.56178	11.85540	1.03582	0	-0.01099	-0.01069	0.67884	0.00243	1	0.05704	-0.01488	0.67505	0.00441	1	1.45898	0.81042	0	
1235427	8333.49707	3304134564442	0.49020	0.32039	8333.34961	0.14746	10890	1	0.47811	0.09946	0	0.48125	0.26040	0	0.48125	0.26040	0	0.45653	0.53929	11.86469	1.03582	0	0.72061	0.56178	11.85540	1.03582	0	-0.01099	-0.01069	0.67884	0.00243	1	0.05704	-0.01488	0.67505	0.00441	1	1.45898	0.81042	0	
1235428	8333.50391	3304134632297	0.49400	0.30715	8333.34961	0.14746	10890	0	0.47811	0.09946	0	0.48125	0.26040	0	0.48125	0.26040	0	0.45653	0.53929	11.86469	1.03582	0	0.72061	0.56178	11.85540	1.03582	0	-0.01099	-0.01069	0.67884	0.00243	1	0.05704	-0.01488	0.67505	0.00441	1	1.45898	0.81042	0	
1235429	8333.51074	3304134700110	0.48746	0.28720	8333.34961	0.14746	10890	0	0.47811	0.09946	0	0.48092	0.26726	1	0.48092	0.26726	1	0.45653	0.53929	11.86469	1.03582	0	0.72071	0.56313	13.02581	1.04348	1	-0.01099	-0.01069	0.67884	0.00243	1	0.05732	-0.01504	0.67767	0.00397	1	1.45898	0.81042	0	
1235430	8333.51660	3304134764954	0.48746	0.28720	8333.34961	0.14746	10890	0	0.47811	0.09946	0	0.48092	0.26726	0	0.48092	0.26726	0	0.45653	0.53929	11.86469	1.04348	0	0.72071	0.56313	13.02581	1.05114	0	-0.01099	-0.01069	0.67884	0.00243	1	0.05732	-0.01504	0.67767	0.00397	1	1.45898	0.81042	0	
1235431	8333.52344	3304134833039	0.48834	0.30056	8333.50391	0.01953	10891	1	0.47811	0.09946	0	0.49009	0.32727	1	0.49009	0.32727	1	0.45653	0.53929	11.86469	1.05114	0	0.72077	0.56322	13.01817	1.05880	1	-0.01099	-0.01069	0.67884	0.00243	1	0.05732	-0.01504	0.67767	0.00408	1	1.45898	0.81042	0	
1235432	8333.53125	3304134903353	0.48834	0.30056	8333.50391	0.02734	10891	1	0.47811	0.09946	0	0.49009	0.32727	0	0.49009	0.32727	0	0.45653	0.53929	11.86469	1.05880	0	0.72077	0.56322	13.01817	1.06645	0	-0.01099	-0.01069	0.67884	0.00243	1	0.05732	-0.01504	0.67767	0.00408	1	1.45898	0.81042	0	
1235433	8333.53711	3304134970035	0.48834	0.30056	8333.50391	0.03320	10891	1	0.47811	0.09946	0	0.49009	0.32727	0	0.49009	0.32727	0	0.45653	0.53929	11.86469	1.06645	0	0.72077	0.56322	13.01817	1.06645	0	-0.01099	-0.01069	0.67884	0.00243	1	0.05732	-0.01504	0.67767	0.00408	1	1.45898	0.81042	0	
1235434	8333.54395	3304135036494	0.48834	0.30056	8333.50391	0.04004	10891	1	0.47811	0.09946	0	0.49009	0.32727	0	0.49009	0.32727	0	0.45653	0.53929	11.86469	1.06645	0	0.72077	0.56322	13.01817	1.06645	0	-0.01099	-0.01069	0.67884	0.00243	1	0.05732	-0.01504	0.67767	0.00408	1	1.45898	0.81042	0	
1235435	8333.55078	3304135101728	0.48551	0.29726	8333.50391	0.04004	10891	0	0.47811	0.09946	0	0.49009	0.32727	0	0.49009	0.32727	0	0.45653	0.53929	11.86469	1.06645	0	0.72077	0.56322	13.01817	1.06645	0	-0.01099	-0.01069	0.67884	0.00243	1	0.05732	-0.01504	0.67767	0.00408	1	1.45898	0.81042	0	
1235436	8333.55762	3304135168968	0.48551	0.29726	8333.50391	0.04004	10891	0	0.47811	0.09946	0	0.49009	0.32727	0	0.49009	0.32727	0	0.45653	0.53929	11.86469	1.06645	0	0.72077	0.56322	13.01817	1.06645	0	-0.01099	-0.01069	0.67884	0.00243	1	0.05732	-0.01504	0.67767	0.00408	1	1.45898	0.81042	0	
1235437	8333.56445	3304135236059	0.48551	0.29726	8333.50391	0.04004	10891	0	0.47811	0.09946	0	0.49009	0.32727	0	0.49009	0.32727	0	0.45653	0.53929	11.86469	1.06645	0	0.72077	0.56322	13.01817	1.06645	0	-0.01099	-0.01069	0.67884	0.00243	1	0.05732	-0.01504	0.67767	0.00408	1	1.45898	0.81042	0	
1235438	8333.57129	3304135303664	0.00000	0.00000	8333.50391	0.04004	10891	0	0.47811	0.09946	0	0.49009	0.32727	0	0.49009	0.32727	0	0.45653	0.53929	11.86469	1.06645	0	0.72077	0.56322	13.01817	1.06645	0	-0.01099	-0.01069	0.67884	0.00243	1	0.05732	-0.01504	0.67767	0.00408	1	1.45898	0.81042	0	
1235439	8333.57715	3304135368082	0.00000	0.00000	8333.50391	0.04004	10891	0	0.47811	0.09946	0	0.49009	0.32727	0	0.49009	0.32727	0	0.45653	0.53929	11.86469	1.06645	0	0.72077	0.56322	13.01817	1.06645	0	-0.01099	-0.01069	0.67884	0.00243	1	0.05732	-0.01504	0.67767	0.00408	1	1.45898	0.81042	0	
1235440	8333.58398	3304135437193	0.00000	0.00000	8333.50391	0.04004	10891	0	0.47811	0.09946	0	0.49009	0.32727	0	0.49009	0.32727	0	0.45653	0.53929	11.86469	1.06645	0	0.72077	0.56322	13.01817	1.06645	0	-0.01099	-0.01069	0.67884	0.00243	1	0.05732	-0.01504	0.67767	0.00408	1	1.45898	0.81042	0	
1235441	8333.59082	3304135502031	0.48410	0.21337	8333.50391	0.04004	10891	0	0.47811	0.09946	1	0.49009	0.32727	1	0.48410	0.21337	1	0.45743	0.54155	11.73732	1.06645	1	0.72094	0.56307	12.49306	1.05880	1	-0.01072	-0.01062	0.67418	0.00405	1	0.05577	-0.01463	0.65885	0.00424	1	1.45898	0.81042	0	
1235442	8333.59766	3304135569776	0.50207	0.28023	8333.50391	0.04004	10891	0	0.53373	0.34051	1	0.50633	0.35370	1	0.52003	0.34710	1	0.45756	0.54190	12.14360	1.05880	1	0.72108	0.56342	12.55708	1.05114	1	-0.01072	-0.01062	0.67418	0.00393	1	0.05577	-0.01463	0.65885	0.00400	1	1.45898	0.81042	0	
1235443	8333.60449	3304135637116	0.50173	0.26894	8333.50391	0.04004	10891	0	0.50498	0.13108	1	0.49710	0.36165	1	0.50104	0.24636	1	0.45730	0.53936	12.61681	1.05114	1	0.72089	0.56339	12.73080	1.04348	1	-0.01072	-0.01062	0.67418	0.00249	1	0.05577	-0.01463	0.65885	0.00402	1	1.45898	0.81042	0	
1235444	8333.61133	3304135704903	0.50161	0.26503	8333.59082	0.02051	10892	1	0.50591	0.13874	1	0.49666	0.36783	1	0.50128	0.25328	1	0.45707	0.53953	12.20255	1.04348	1	0.72059	0.56341	13.10190	1.03582	1	-0.01072	-0.01062	0.67418	0.00246	1	0.05577	-0.01463	0.65885	0.00406	1	1.45898	0.81042	0	
1235445	8333.61816	3304135772203	0.50427	0.28868	8333.59082	0.02734	10892	1	0.55175	0.39908	1	0.47802	0.36749	1	0.51488	0.38328	1	0.45778	0.54238	12.21303	1.03582	1	0.72059	0.56341	13.10190	1.03582	1	-0.01072	-0.01062	0.67418	0.00379	1	0.05577	-0.01463	0.65885	0.00407	1	1.45898	0.81042	0	
1235446	8333.62402	3304135837464	0.50351	0.29265	8333.59082	0.03320	10892	1	0.51978	0.27364	1	0.47962	0.35133	1	0.49970	0.31248	1	0.45735	0.54100	11.38376	1.03582	1	0.72069	0.56321	13.06331	1.03582	1	-0.01072	-0.01062	0.67418	0.00416	1	0.05577	-0.01463	0.65885	0.00409	1	1.45898	0.81042	0	
1235447	8333.63086	3304135905793	0.50299	0.29503	8333.59082	0.04004	10892	1	0.51978	0.27364	1	0.47994	0.34504	1	0.49986	0.30934	1	0.45734	0.53932	12.17394	1.03582	1	0.72069	0.56318	13.06557	1.04348	1	-0.01072	-0.01062	0.67418	0.00244	1	0.05732	-0.01504	0.67767	0.00410	1	1.45898	0.81042	0	
1235448	8333.63770	3304135970623	0.50360	0.30039	8333.59082	0.04688	10892	1	0.53331	0.31976	1	0.48254	0.35600	1	0.50792	0.33788	1	0.45757	0.54166	11.85166	1.04348	1	0.72064	0.56334	13.01129	1.05114	1	-0.01072	-0.01062	0.67418	0.00397	1	0.05732	-0.01504	0.67767	0.00408	1	1.45898	0.81042	0	
1235449	8333.64453	3304136041380	0.50447	0.30544	8333.59082	0.05371	10892	1	0.53902	0.34432	1	0.48381	0.34742	1	0.51142	0.34587	1	0.45765	0.54173	11.79758	1.05114	1	0.72065	0.56336	13.01469	1.05880	1	-0.01072	-0.01062	0.67418	0.00404	1	0.05732	-0.01504	0.67767	0.00406	1	1.45898	0.81042	0	
1235450	8333.65137	3304136106383	0.50515	0.30887	8333.59082	0.06055	10892	1	0.53831	0.33824	1	0.48415	0.34123	1	0.51123	0.33974	1	0.45740	0.53957	12.19248	1.05880	1	0.72071	0.56339	13.07573	1.06645	1	-0.01072	-0.01062	0.67418	0.00250	1	0.05732	-0.01504	0.67767	0.00393	1	1.45898	0.81042	0	
1235451	8333.65723	3304136171678	0.50427	0.30134	8333.59082	0.06641	10892	1	0.50340	0.10876	1	0.48755	0.34341	1	0.49548	0.22608	1	0.45727	0.53951	12.23524	1.06645	1	0.72074	0.56338	12.96593	1.06645	1	-0.01072	-0.01062	0.67418	0.00253	1	0.05732	-0.01504	0.67767	0.00395	1	1.45898	0.81042	0	
1235452	8333.66504	3304136242998	0.50271	0.29448	8333.59082	0.07422	10892	1	0.48700	0.10310	1	0.48412	0.33489	1	0.48556	0.21900	1	0.45701	0.53929	11.71079	1.06645	1	0.72066	0.56328	13.01706	1.06645	1	-0.01072	-0.01062	0.67418	0.00241	1	0.05732	-0.01504	0.67767	0.00405	1	1.45898	0.81042	0	
1235453	8333.67188	3304136310078	0.50139	0.28868	8333.59082	0.08105	10892	1	0.48700	0.10310	1	0.48412	0.33489	1	0.48556	0.21900	1	0.45707	0.53945	12.10069	1.06645	1	0.72097	0.56285	12.61498	1.06645	1	-0.01072	-0.01062	0.67418	0.00238	1	0.05732	-0.01504	0.67767	0.00400	1	1.45898	0.81042	0	
1235454	8333.67773	3304136376936	0.50216	0.29090	8333.59082	0.08691	10892	1	0.53313	0.30812	1	0.49118	0.33159	1	0.51215	0.31985	1	0.45759	0.54164	11.76090	1.06645	1	0.72085	0.56330	12.83949	1.06645	1	-0.01072	-0.01062	0.67418	0.00401	1	0.05732	-0.01504	0.67767	0.00393	1	1.45898	0.81042	0	
1235455	8333.68457	3304136443657	0.50214	0.28612	8333.59082	0.09375	10892	1	0.50989	0.13505	1	0.49398	0.30339	1	0.50194	0.21922	1	0.45730	0.53957	12.10120	1.06645	1	0.72086	0.56310	12.78414	1.06645	1	-0.01072	-0.01062	0.67418	0.00254	1	0.05732	-0.01504	0.67767	0.00396	1	1.45898	0.81042	0	
1235456	8333.69141	3304136510897	0.50212	0.28214	8333.59082	0.10059	10892	1	0.50989	0.13505	1	0.49357	0.30985	1	0.50173	0.22245	1	0.45743	0.54234	11.98378	1.06645	1	0.72085	0.56331	12.79035	1.05880	1	-0.01072	-0.01062	0.67418	0.00374	1	0.05704	-0.01499	0.67505	0.00386	1	1.45898	0.81042	0	
1235457	8333.69824	3304136578231	0.50305	0.28677	8333.59082	0.10742	10892	1	0.54744	0.37564	1	0.48845	0.34582	1	0.51795	0.36073	1	0.45778	0.54227	12.28813	1.05880	1	0.72080	0.56337	12.80106	1.05114	1	-0.01072	-0.01062	0.67418	0.00377	1	0.05704	-0.01499	0.67505	0.00396	1	1.45898	0.81042	0	
1235458	8333.70508	3304136645222	0.50368	0.29147	8333.59082	0.11426	10892	1	0.54796	0.37380	1	0.48070	0.36909	1	0.51433	0.37144	1	0.45777	0.54234	12.24661	1.05114	1	0.72064	0.56346	13.05302	1.04348	1	-0.01072	-0.01062	0.67418	0.00380	1	0.05704	-0.01499	0.67505	0.00401	1	1.45898	0.81042	0	
1235459	8333.71191	3304136711518	0.50426	0.29616	8333.59082	0.12109	10892	1	0.54931	0.38580	1	0.48036	0.37548	1	0.51483	0.38064	1	0.45743	0.54149	11.51083	1.03546	1	0.72098	0.56283	12.49924	1.03546	1	-0.01051	-0.01036	0.65798	0.00408	1	0.05732	-0.01504	0.67767	0.00404	1	1.45898	0.81042	0	
1235460	8333.71875	3304136779128	0.50432	0.29900	8333.59082	0.12793	10892	1	0.52997	0.33718	1	0.48098	0.36857	1	0.50548	0.35287	1	0.45744	0.54156	11.70253	1.02744	1	0.72065	0.56351	13.07669	1.03510	1	-0.01051	-0.01036	0.65798	0.00399	1	0.05732	-0.01504	0.67767	0.00386	1	1.45898	0.81042	0	
1235461	8333.72559	3304136846679	0.50480	0.30084	8333.59082	0.13477	10892	1	0.53135	0.35122	1	0.49736	0.32399	1	0.51435	0.33761	1	0.45744	0.54170	11.85362	1.02709	1	0.72093	0.56291	12.48925	1.03474	1	-0.01051	-0.01036	0.65798	0.00398	1	0.05732	-0.01504	0.67767	0.00403	1	1.45898	0.81042	0	
1235462	8333.73145	3304136913753	0.50522	0.30237	8333.59082	0.14062	10892	1	0.53057	0.34505	1	0.49736	0.32399	1	0.51396	0.33452	1	0.45720	0.53955	12.30961	1.03474	1	0.72071	0.56342	12.88603	1.03474	1	-0.01072	-0.01062	0.67418	0.00253	1	0.05663	-0.01490	0.66900	0.00391	1	1.45898	0.81042	0	
1235463	8333.73828	3304136980300	0.50550	0.30462	8333.59082	0.14746	10892	1	0.52941	0.34707	1	0.49381	0.36127	1	0.51161	0.35417	1	0.45750	0.54205	11.94397	1.04276	1	0.72090	0.56331	12.70867	1.03510	1	-0.01072	-0.01062	0.67418	0.00383	1	0.05663	-0.01490	0.66900	0.00389	1	1.45898	0.81042	0	
1235464	8333.74512	3304137046336	0.50632	0.30601	8333.59082	0.15430	10892	1	0.55649	0.34367	1	0.49427	0.33234	1	0.52538	0.33800	1	0.45792	0.54182	12.19478	1.04312	1	0.72090	0.56302	12.71678	1.03546	1	-0.01072	-0.01062	0.67418	0.00404	1	0.05663	-0.01490	0.66900	0.00398	1	1.45898	0.81042	0	
1235465	8333.75195	3304137113603	0.50709	0.30728	8333.59082	0.16113	10892	1	0.55646	0.34338	1	0.49429	0.33204	1	0.52537	0.33771	1	0.45774	0.54168	11.91744	1.04348	1	0.72088	0.56324	13.04110	1.03582	1	-0.01072	-0.01062	0.67418	0.00402	1	0.05663	-0.01490	0.66900	0.00389	1	1.45898	0.81042	0	
1235466	8333.75879	3304137180986	0.50734	0.30855	8333.59082	0.16797	10892	1	0.53730	0.33295	1	0.49013	0.34788	1	0.51372	0.34041	1	0.45755	0.54177	12.04796	1.03582	1	0.72087	0.56320	12.77123	1.03582	1	-0.01072	-0.01062	0.67418	0.00395	1	0.05663	-0.01490	0.66900	0.00392	1	1.45898	0.81042	0	
1235467	8333.76562	3304137247369	0.51371	0.34202	8333.59082	0.16797	10892	0	0.53867	0.35384	1	0.47301	0.39359	1	0.50584	0.37371	1	0.45763	0.54186	12.11493	1.03582	1	0.72054	0.56358	13.58819	1.03582	1	-0.01072	-0.01062	0.67418	0.00398	1	0.05663	-0.01490	0.66900	0.00386	1	1.45898	0.81042	0	
1235468	8333.77246	3304137315529	0.50997	0.35953	8333.59082	0.16797	10892	0	0.53944	0.36022	1	0.47300	0.39387	1	0.50622	0.37705	1	0.45741	0.54133	11.68873	1.02780	1	0.72095	0.56362	12.95045	1.03546	1	-0.01051	-0.01036	0.65798	0.00416	1	0.05732	-0.01515	0.67767	0.00375	1	1.45898	0.81042	0	
1235469	8333.77832	3304137381754	0.51153	0.34695	8333.59082	0.16797	10892	0	0.55373	0.32706	1	0.47561	0.31652	1	0.51467	0.32179	1	0.45753	0.54145	11.68307	1.02744	1	0.72059	0.56276	12.13235	1.03510	1	-0.01051	-0.01036	0.65798	0.00419	1	0.05732	-0.01515	0.67767	0.00419	1	1.45898	0.81042	0	
1235470	8333.78516	3304137448597	0.50922	0.34278	8333.76562	0.01953	10893	1	0.51068	0.27950	1	0.49388	0.38104	1	0.50228	0.33027	1	0.45716	0.54105	11.25433	1.02709	1	0.72086	0.56365	13.21802	1.03474	1	-0.01051	-0.01036	0.65798	0.00397	1	0.05732	-0.01515	0.67767	0.00378	1	1.45898	0.81042	0	
1235471	8333.79199	3304137515733	0.50776	0.34149	8333.76562	0.02637	10893	1	0.51073	0.27981	1	0.49306	0.39282	1	0.50189	0.33632	1	0.45752	0.54173	11.77322	1.02673	1	0.72069	0.56382	13.51870	1.01992	1	-0.01062	-0.01053	0.66522	0.00391	1	0.04998	-0.01321	0.59095	0.00380	1	1.45898	0.81042	0	
1235472	8333.79883	3304137581797	0.50873	0.34759	8333.76562	0.03320	10893	1	0.54711	0.32256	1	0.48011	0.43366	1	0.51361	0.37811	1	0.45732	0.54142	11.24120	1.01992	1	0.72071	0.56376	13.36423	1.00545	1	-0.01062	-0.01053	0.66522	0.00397	1	0.04998	-0.01321	0.59095	0.00381	1	1.45898	0.81042	0	
1235473	8333.80566	3304137649729	0.51064	0.35237	8333.76562	0.04004	10893	1	0.56480	0.36183	1	0.47940	0.40028	1	0.52210	0.38106	1	0.45762	0.54174	11.76129	1.00545	1	0.72069	0.56378	13.44085	0.99098	1	-0.01062	-0.01053	0.66522	0.00395	1	0.04998	-0.01321	0.59095	0.00381	1	1.45898	0.81042	0	
1235474	8333.81152	3304137713035	0.51212	0.35708	8333.76562	0.04590	10893	1	0.56589	0.37357	1	0.47906	0.40648	1	0.52248	0.39002	1	0.45716	0.54146	11.60333	0.99098	1	0.72079	0.56334	13.07439	0.98333	1	-0.01062	-0.01053	0.66522	0.00396	1	0.05704	-0.01509	0.67505	0.00403	1	1.45898	0.81042	0	
1235475	8333.81836	3304137781443	0.51147	0.35031	8333.76562	0.05273	10893	1	0.52355	0.22406	1	0.48896	0.36822	1	0.50626	0.29614	1	0.45702	0.53965	12.45458	0.98333	1	0.72081	0.56332	12.95312	0.99013	1	-0.01062	-0.01053	0.66522	0.00250	1	0.05704	-0.01509	0.67505	0.00420	1	1.45898	0.81042	0	
1235476	8333.82520	3304137849123	0.51078	0.35179	8333.76562	0.05957	10893	1	0.52033	0.36800	1	0.48888	0.36215	1	0.50461	0.36508	1	0.45685	0.54158	12.23910	0.99013	1	0.72081	0.56329	12.96527	0.99694	1	-0.01062	-0.01053	0.66522	0.00394	1	0.05704	-0.01509	0.67505	0.00421	1	1.45898	0.81042	0	
1235477	8333.83203	3304137917548	0.51018	0.35187	8333.76562	0.06641	10893	1	0.51862	0.35584	1	0.48966	0.34965	1	0.50414	0.35275	1	0.45692	0.54164	12.16092	1.00496	1	0.72080	0.56375	13.08895	1.01177	1	-0.01091	-0.01081	0.67988	0.00404	1	0.05704	-0.01514	0.67505	0.00400	1	1.45898	0.81042	0	
1235478	8333.83887	3304137984474	0.50986	0.35181	8333.76562	0.07324	10893	1	0.52518	0.37610	1	0.48762	0.32624	1	0.50640	0.35117	1	0.45694	0.54178	11.98804	1.01978	1	0.72076	0.56326	12.74099	1.01978	1	-0.01091	-0.01081	0.67988	0.00373	1	0.05704	-0.01514	0.67505	0.00421	1	1.45898	0.81042	0	
1235479	8333.84570	3304138051633	0.50924	0.35138	8333.76562	0.08008	10893	1	0.51698	0.31957	1	0.48655	0.37275	1	0.50176	0.34616	1	0.45691	0.54135	11.96409	1.02780	1	0.72073	0.56387	12.95915	1.02780	1	-0.01091	-0.01081	0.67988	0.00391	1	0.05704	-0.01514	0.67505	0.00401	1	1.45898	0.81042	0	
1235480	8333.85254	3304138118369	0.50869	0.35053	8333.76562	0.08691	10893	1	0.51606	0.31285	1	0.48694	0.36627	1	0.50150	0.33956	1	0.45675	0.54206	12.63308	1.03582	1	0.72044	0.56372	12.66038	1.03582	1	-0.01101	-0.01096	0.68585	0.00371	1	0.05704	-0.01514	0.67505	0.00398	1	1.45898	0.81042	0	
1235481	8333.85938	3304138185603	0.50849	0.35095	8333.76562	0.09375	10893	1	0.53201	0.39192	1	0.47957	0.32148	1	0.50579	0.35670	1	0.45697	0.54219	12.51250	1.03582	1	0.72059	0.56375	12.32698	1.03582	1	-0.01101	-0.01096	0.68585	0.00378	1	0.05704	-0.01514	0.67505	0.00409	1	1.45898	0.81042	0	
1235482	8333.86621	3304138253051	0.50784	0.35007	8333.76562	0.10059	10893	1	0.52967	0.36917	1	0.46627	0.30485	1	0.49797	0.33701	1	0.45696	0.54254	12.58818	1.03582	1	0.72039	0.56377	12.27588	1.03582	1	-0.01101	-0.01096	0.68585	0.00387	1	0.05704	-0.01514	0.67505	0.00405	1	1.45898	0.81042	0	
1235483	8333.87207	3304138318683	0.50726	0.34911	8333.76562	0.10645	10893	1	0.52967	0.36917	1	0.46650	0.29822	1	0.49808	0.33370	1	0.45697	0.54201	12.20460	1.03582	1	0.72062	0.56397	12.26079	1.04348	1	-0.01101	-0.01096	0.68585	0.00409	1	0.05768	-0.01537	0.68321	0.00423	1	1.45898	0.81042	0	
1235484	8333.87891	3304138386571	0.50711	0.34711	8333.76562	0.11328	10893	1	0.53059	0.33811	1	0.47837	0.28808	1	0.50448	0.31310	1	0.45710	0.54222	12.30357	1.04348	1	0.72062	0.56371	12.32165	1.05114	1	-0.01101	-0.01096	0.68585	0.00386	1	0.05768	-0.01537	0.68321	0.00424	1	1.45898	0.81042	0	
1235485	8333.88574	3304138453282	0.50690	0.34574	8333.76562	0.12012	10893	1	0.50802	0.33249	1	0.49831	0.30960	1	0.50317	0.32105	1	0.45674	0.54220	12.17482	1.05114	1	0.72053	0.56394	12.31422	1.05880	1	-0.01101	-0.01096	0.68585	0.00388	1	0.05768	-0.01537	0.68321	0.00409	1	1.45898	0.81042	0	
1235486	8333.89258	3304138520794	0.50670	0.34419	8333.76562	0.12695	10893	1	0.50711	0.32631	1	0.49876	0.30313	1	0.50293	0.31472	1	0.45673	0.54263	12.05139	1.05880	1	0.72028	0.56405	12.82628	1.06645	1	-0.01102	-0.01092	0.68016	0.00381	1	0.05693	-0.01512	0.67428	0.00412	1	1.45898	0.81042	0	
1235487	8333.89941	3304138587016	0.50707	0.34227	8333.76562	0.13379	10893	1	0.53568	0.33644	1	0.49330	0.27152	1	0.51449	0.30398	1	0.45678	0.54261	12.04590	1.06645	1	0.72047	0.56341	11.99457	1.06645	1	-0.01102	-0.01092	0.68016	0.00389	1	0.05693	-0.01512	0.67428	0.00424	1	1.45898	0.81042	0	
1235488	8333.90527	3304138652264	0.50736	0.34165	8333.76562	0.13965	10893	1	0.53869	0.35288	1	0.48797	0.30417	1	0.51333	0.32852	1	0.45685	0.54264	11.97741	1.06645	1	0.72035	0.56400	12.36616	1.06645	1	-0.01102	-0.01092	0.68016	0.00380	1	0.05693	-0.01512	0.67428	0.00421	1	1.45898	0.81042	0	
1235489	8333.91309	3304138721352	0.50761	0.34122	8333.76562	0.14746	10893	1	0.53869	0.35288	1	0.48760	0.31062	1	0.51315	0.33175	1	0.45670	0.54288	12.04326	1.06645	1	0.71994	0.56444	13.30937	1.05880	1	-0.01102	-0.01092	0.68016	0.00372	1	0.05560	-0.01483	0.65909	0.00401	1	1.45898	0.81042	0	
1235490	8333.91895	3304138788205	0.50798	0.34192	8333.76562	0.15332	10893	1	0.54715	0.35754	1	0.48573	0.35853	1	0.51644	0.35803	1	0.45696	0.54272	11.98302	1.05880	1	0.71994	0.56450	13.34688	1.05114	1	-0.01102	-0.01092	0.68016	0.00375	1	0.05560	-0.01483	0.65909	0.00400	1	1.45898	0.81042	0	
1235491	8333.92578	3304138853970	0.50780	0.33684	8333.76562	0.16016	10893	1	0.51278	0.09277	1	0.49443	0.33689	1	0.50361	0.21483	1	0.45623	0.53996	12.17855	1.05114	1	0.72006	0.56430	13.21814	1.04348	1	-0.01102	-0.01092	0.68016	0.00244	1	0.05560	-0.01483	0.65909	0.00403	1	1.45898	0.81042	0	
1235492	8333.93262	3304138921190	0.50766	0.33271	8333.76562	0.16699	10893	1	0.51457	0.10901	1	0.49356	0.34991	1	0.50407	0.22946	1	0.45636	0.54227	11.14621	1.03546	1	0.72009	0.56455	13.52228	1.02780	1	-0.01069	-0.01055	0.65719	0.00385	1	0.05530	-0.01478	0.65679	0.00391	1	1.45898	0.81042	0	
1235493	8333.93945	3304138989362	0.50783	0.33236	8333.76562	0.17383	10893	1	0.53869	0.33370	1	0.48580	0.31314	1	0.51225	0.32342	1	0.45645	0.54244	11.28174	1.01978	1	0.71993	0.56360	13.29052	1.01978	1	-0.01069	-0.01055	0.65719	0.00395	1	0.05530	-0.01478	0.65679	0.00417	1	1.45898	0.81042	0	
1235494	8333.94629	3304139056166	0.50790	0.33311	8333.76562	0.18066	10893	1	0.53295	0.33932	1	0.48688	0.36758	1	0.50991	0.35345	1	0.45632	0.54235	11.04074	1.01177	1	0.71991	0.56406	13.24643	1.01177	1	-0.01069	-0.01055	0.65719	0.00391	1	0.05530	-0.01478	0.65679	0.00391	1	1.45898	0.81042	0	
1235495	8333.95312	3304139123203	0.50798	0.33404	8333.76562	0.18750	10893	1	0.53377	0.34598	1	0.48648	0.37419	1	0.51012	0.36008	1	0.45609	0.54257	12.01315	1.00375	1	0.71991	0.56364	12.61628	1.00375	1	-0.01069	-0.01055	0.65719	0.00386	1	0.05530	-0.01478	0.65679	0.00410	1	1.45898	0.81042	0	
1235496	8333.95996	3304139190233	0.50846	0.33479	8333.76562	0.19434	10893	1	0.56706	0.34862	1	0.47753	0.36411	1	0.52229	0.35636	1	0.45690	0.54247	11.75082	1.00375	1	0.71981	0.56395	12.44881	1.00375	1	-0.01069	-0.01055	0.65719	0.00405	1	0.05530	-0.01478	0.65679	0.00406	1	1.45898	0.81042	0	
1235497	8333.96582	3304139256693	0.50805	0.33477	8333.76562	0.20020	10893	1	0.52405	0.29097	1	0.46784	0.37731	1	0.49594	0.33414	1	0.45615	0.54198	11.87405	1.00375	1	0.71967	0.56372	12.13785	1.00375	1	-0.01069	-0.01055	0.65719	0.00400	1	0.05530	-0.01478	0.65679	0.00409	1	1.45898	0.81042	0	
1235498	8333.97266	3304139323696	0.50767	0.33444	8333.76562	0.20703	10893	1	0.52316	0.28387	1	0.46835	0.36445	1	0.49575	0.32416	1	0.45612	0.54220	12.10945	1.01177	1	0.71993	0.56364	12.00103	1.01943	1	-0.01128	-0.01107	0.68979	0.00394	1	0.05597	-0.01497	0.66529	0.00401	1	1.45898	0.81042	0	
1235499	8333.97949	3304139390742	0.50760	0.33477	8333.76562	0.21387	10893	1	0.52539	0.35683	1	0.48532	0.33425	1	0.50535	0.34554	1	0.45617	0.54179	11.82270	1.02744	1	0.71995	0.56365	11.85550	1.03510	1	-0.01128	-0.01107	0.68979	0.00396	1	0.05597	-0.01497	0.66529	0.00416	1	1.45898	0.81042	0	
1235500	8333.98633	3304139458012	0.50752	0.33522	8333.76562	0.22070	10893	1	0.53399	0.37879	1	0.47612	0.32154	1	0.50506	0.35016	1	0.45630	0.54214	12.13315	1.04312	1	0.71982	0.56359	12.25179	1.05078	1	-0.01128	-0.01107	0.68979	0.00387	1	0.05597	-0.01497	0.66529	0.00412	1	1.45898	0.81042	0	
1235501	8333.99316	3304139525204	0.50744	0.33529	8333.76562	0.22754	10893	1	0.53245	0.36675	1	0.47672	0.30841	1	0.50458	0.33758	1	0.45604	0.54193	12.04171	1.05880	1	0.72004	0.56328	12.03750	1.06645	1	-0.01128	-0.01107	0.68979	0.00415	1	0.05597	-0.01487	0.66529	0.00417	1	1.45898	0.81042	0	
1235502	8334.00000	3304139592480	0.50731	0.33476	8333.76562	0.23438	10893	1	0.52385	0.32767	1	0.48197	0.30436	1	0.50291	0.31602	1	0.45616	0.54198	12.65214	1.06645	1	0.71985	0.56324	12.71716	1.06645	1	-0.01128	-0.01107	0.68979	0.00362	1	0.05597	-0.01487	0.66529	0.00396	1	1.45898	0.81042	0	
1235503	8334.00586	3304139655980	0.50693	0.33394	8333.76562	0.24023	10893	1	0.49972	0.30152	1	0.48615	0.30747	1	0.49294	0.30450	1	0.45588	0.54153	11.72368	1.06645	1	0.71991	0.56297	12.28438	1.06645	1	-0.01128	-0.01107	0.68979	0.00400	1	0.05597	-0.01487	0.66529	0.00434	1	1.45898	0.81042	0	
1235504	8334.01270	3304139719243	0.50656	0.33316	8333.76562	0.24707	10893	1	0.49972	0.30152	1	0.48615	0.30747	1	0.49294	0.30450	1	0.45604	0.53960	12.31356	1.06645	1	0.71979	0.56349	12.39108	1.06645	1	-0.01118	-0.01093	0.68420	0.00247	1	0.05597	-0.01487	0.66529	0.00375	1	1.45898	0.81042	0	
1235505	8334.01953	3304139790172	0.50623	0.33255	8333.76562	0.25391	10893	1	0.51311	0.29786	1	0.47456	0.32057	1	0.49384	0.30922	1	0.45611	0.54161	12.15555	1.06645	1	0.71971	0.56338	12.40493	1.06645	1	-0.01118	-0.01093	0.68420	0.00399	1	0.05597	-0.01487	0.66529	0.00374	1	1.45898	0.81042	0	
1235506	8334.02637	3304139857638	0.50554	0.33309	8333.76562	0.26074	10893	1	0.49934	0.30422	1	0.45803	0.40433	1	0.47868	0.35428	1	0.45585	0.54163	11.81474	1.06645	1	0.71945	0.56412	12.77056	1.06645	1	-0.01118	-0.01093	0.68420	0.00394	1	0.05597	-0.01487	0.66529	0.00395	1	1.45898	0.81042	0	
1235507	8334.03320	3304139924584	0.50489	0.33361	8333.76562	0.26758	10893	1	0.49934	0.30422	1	0.45803	0.40433	1	0.47868	0.35428	1	0.45609	0.54165	11.80319	1.06645	1	0.71963	0.56304	12.38185	1.06645	1	-0.01100	-0.01065	0.67315	0.00389	1	0.05779	-0.01530	0.68687	0.00385	1	1.45898	0.81042	0	
1235508	8334.04004	3304139991361	0.50480	0.33305	8333.76562	0.27441	10893	1	0.50848	0.30060	1	0.49379	0.32000	1	0.50114	0.31030	1	0.45597	0.54161	12.03958	1.06645	1	0.71962	0.56315	12.38762	1.06645	1	-0.01100	-0.01065	0.67315	0.00399	1	0.05779	-0.01530	0.68687	0.00391	1	1.45898	0.81042	0	
1235509	8334.04590	3304140058673	0.50444	0.33267	8333.76562	0.28027	10893	1	0.50976	0.27403	1	0.46871	0.35939	1	0.48924	0.31671	1	0.45604	0.54130	11.83485	1.06645	1	0.71927	0.56366	12.93445	1.06645	1	-0.01100	-0.01065	0.67315	0.00403	1	0.05779	-0.01530	0.68687	0.00402	1	1.45898	0.81042	0	
1235510	8334.05273	3304140126584	0.50410	0.33246	8333.76562	0.28711	10893	1	0.51069	0.28085	1	0.46846	0.36572	1	0.48958	0.32328	1	0.45592	0.54173	11.73471	1.05844	1	0.71970	0.56309	12.30940	1.05844	1	-0.01089	-0.01045	0.66333	0.00378	1	0.05597	-0.01477	0.66529	0.00390	1	1.45898	0.81042	0	
1235511	8334.05957	3304140192604	0.50404	0.33237	8333.76562	0.29395	10893	1	0.51011	0.32308	1	0.49293	0.33328	1	0.50152	0.32818	1	0.45603	0.54152	11.81979	1.05042	1	0.71962	0.56315	12.38762	1.05042	1	-0.01089	-0.01045	0.66333	0.00385	1	0.05597	-0.01477	0.66529	0.00391	1	1.45898	0.81042	0	
1235512	8334.06641	3304140258749	0.50371	0.33142	8333.76562	0.30078	10893	1	0.50549	0.22734	1	0.47164	0.35037	1	0.48857	0.28885	1	0.45598	0.54038	11.66980	1.04240	1	0.71969	0.56327	12.37504	1.04240	1	-0.01089	-0.01045	0.66333	0.00428	1	0.05597	-0.01477	0.66529	0.00389	1	1.45898	0.81042	0	
1235513	8334.07324	3304140328440	0.50339	0.33066	8333.76562	0.30762	10893	1	0.50646	0.23467	1	0.47137	0.35691	1	0.48892	0.29579	1	0.45588	0.53951	12.24394	1.03439	1	0.71955	0.56306	12.23373	1.03439	1	-0.01089	-0.01045	0.66333	0.00248	1	0.05597	-0.01477	0.66529	0.00395	1	1.45898	0.81042	0	
1235514	8334.08008	3304140391810	0.50296	0.33143	8333.76562	0.31445	10893	1	0.50426	0.36491	1	0.46080	0.37047	1	0.48253	0.36769	1	0.45586	0.54190	12.04913	1.03439	1	0.71917	0.56349	12.66507	1.03439	1	-0.01089	-0.01045	0.66333	0.00379	1	0.05597	-0.01477	0.66529	0.00407	1	1.45898	0.81042	0	
1235515	8334.08691	3304140462147	0.50254	0.33114	8333.76562	0.32129	10893	1	0.51689	0.30864	1	0.47100	0.34697	1	0.49395	0.32781	1	0.45607	0.54148	11.94973	1.03439	1	0.71935	0.56324	12.53862	1.03439	1	-0.01089	-0.01045	0.66333	0.00381	1	0.05597	-0.01477	0.66529	0.00408	1	1.45898	0.81042	0	
1235516	8334.09375	3304140529965	0.50181	0.33051	8333.76562	0.32812	10893	1	0.51689	0.30864	0	0.47100	0.34697	1	0.47100	0.34697	1	0.45607	0.54148	11.94973	1.03439	0	0.71940	0.56317	12.54858	1.03439	1	-0.01089	-0.01045	0.66333	0.00381	1	0.05597	-0.01477	0.66529	0.00394	1	1.45898	0.81042	0	
1235517	8334.10059	3304140596860	0.50181	0.33051	8333.76562	0.33496	10893	1	0.51689	0.30864	0	0.47100	0.34697	0	0.47100	0.34697	0	0.45607	0.54148	11.94973	1.03439	0	0.71940	0.56317	12.54858	1.03439	0	-0.01089	-0.01045	0.66333	0.00381	1	0.05597	-0.01477	0.66529	0.00394	1	1.45898	0.81042	0	
1235518	8334.10645	3304140663451	0.50132	0.33102	8333.76562	0.34082	10893	1	0.51689	0.30864	0	0.49134	0.34613	1	0.49134	0.34613	1	0.45607	0.54148	11.94973	1.03439	0	0.71964	0.56308	12.50787	1.03439	1	-0.01089	-0.01045	0.66333	0.00381	1	0.05597	-0.01477	0.66529	0.00395	1	1.45898	0.81042	0	
1235519	8334.11328	3304140729879	0.50132	0.33102	8333.76562	0.34766	10893	1	0.51689	0.30864	0	0.49134	0.34613	0	0.49134	0.34613	0	0.45607	0.54148	11.94973	1.03439	0	0.71964	0.56308	12.50787	1.03439	0	-0.01089	-0.01045	0.66333	0.00381	1	0.05597	-0.01477	0.66529	0.00395	1	1.45898	0.81042	0	
1235520	8334.12012	3304140797884	0.50132	0.33102	8333.76562	0.35449	10893	1	0.51689	0.30864	0	0.49134	0.34613	0	0.49134	0.34613	0	0.45607	0.54148	11.94973	1.03439	0	0.71964	0.56308	12.50787	1.03439	0	-0.01089	-0.01045	0.66333	0.00381	1	0.05597	-0.01477	0.66529	0.00395	1	1.45898	0.81042	0	
1235521	8334.12695	3304140864770	0.50132	0.33102	8333.76562	0.36133	10893	1	0.51689	0.30864	0	0.49134	0.34613	0	0.49134	0.34613	0	0.45607	0.54148	11.94973	1.03439	0	0.71964	0.56308	12.50787	1.03439	0	-0.01089	-0.01045	0.66333	0.00381	1	0.05597	-0.01477	0.66529	0.00395	1	1.45898	0.81042	0	
1235522	8334.13379	3304140930913	0.48793	0.33002	8333.76562	0.36133	10893	0	0.51689	0.30864	0	0.49134	0.34613	0	0.49134	0.34613	0	0.45607	0.54148	11.94973	1.03439	0	0.71964	0.56308	12.50787	1.03439	0	-0.01089	-0.01045	0.66333	0.00381	1	0.05597	-0.01477	0.66529	0.00395	1	1.45898	0.81042	0	
1235523	8334.14062	3304140998344	0.48793	0.33002	8333.76562	0.36133	10893	0	0.51689	0.30864	0	0.49134	0.34613	0	0.49134	0.34613	0	0.45607	0.54148	11.94973	1.03439	0	0.71964	0.56308	12.50787	1.03439	0	-0.01089	-0.01045	0.66333	0.00381	1	0.05597	-0.01477	0.66529	0.00395	1	1.45898	0.81042	0	
1235524	8334.14746	3304141066478	0.48793	0.33002	8333.76562	0.36133	10893	0	0.51689	0.30864	0	0.49134	0.34613	0	0.49134	0.34613	0	0.45607	0.54148	11.94973	1.03439	0	0.71964	0.56308	12.50787	1.03439	0	-0.01089	-0.01045	0.66333	0.00381	1	0.05597	-0.01477	0.66529	0.00395	1	1.45898	0.81042	0	
1235525	8334.15332	3304141132825	0.00000	0.00000	8333.76562	0.36133	10893	0	0.51689	0.30864	0	0.49134	0.34613	0	0.49134	0.34613	0	0.45607	0.54148	11.94973	1.03439	0	0.71964	0.56308	12.50787	1.03439	0	-0.01089	-0.01045	0.66333	0.00381	1	0.05597	-0.01477	0.66529	0.00395	1	1.45898	0.81042	0	
1235526	8334.16016	3304141199439	0.00000	0.00000	8333.76562	0.36133	10893	0	0.51689	0.30864	0	0.49134	0.34613	0	0.49134	0.34613	0	0.45607	0.54148	11.94973	1.03439	0	0.71964	0.56308	12.50787	1.03439	0	-0.01089	-0.01045	0.66333	0.00381	1	0.05597	-0.01477	0.66529	0.00395	1	1.45898	0.81042	0	
1235527	8334.16699	3304141266245	0.00000	0.00000	8333.76562	0.36133	10893	0	0.51689	0.30864	0	0.49134	0.34613	0	0.49134	0.34613	0	0.45607	0.54148	11.94973	1.03439	0	0.71964	0.56308	12.50787	1.03439	0	-0.01089	-0.01045	0.66333	0.00381	1	0.05597	-0.01477	0.66529	0.00395	1	1.45898	0.81042	0	
1235528	8334.17383	3304141332806	0.50391	0.33056	8333.76562	0.36133	10893	0	0.51689	0.30864	1	0.49094	0.35247	1	0.50391	0.33056	1	0.45659	0.54042	11.46448	1.03439	1	0.71948	0.56384	13.41805	1.02673	1	-0.01069	-0.01045	0.65719	0.00428	1	0.05530	-0.01468	0.65679	0.00380	1	1.45898	0.81042	0	
1235529	8334.18066	3304141400721	0.50776	0.35621	8333.76562	0.36133	10893	0	0.53815	0.34380	1	0.48506	0.41992	1	0.51161	0.38186	1	0.45683	0.54160	12.11263	1.02673	1	0.72004	0.56377	13.00684	1.01907	1	-0.01069	-0.01045	0.65719	0.00396	1	0.05530	-0.01468	0.65679	0.00381	1	1.45898	0.81042	0	
1235530	8334.18750	3304141467685	0.50627	0.35737	8333.76562	0.36133	10893	0	0.52086	0.29486	1	0.48570	0.42452	1	0.50328	0.35969	1	0.45662	0.54089	11.44900	1.01907	1	0.72002	0.56386	13.85834	1.01141	1	-0.01069	-0.01045	0.65719	0.00420	1	0.05530	-0.01468	0.65679	0.00377	1	1.45898	0.81042	0	
1235531	8334.19434	3304141534750	0.50547	0.35853	8334.17383	0.02051	10894	1	0.52082	0.29455	1	0.48538	0.42948	1	0.50310	0.36201	1	0.45673	0.54082	11.96961	1.01943	1	0.72010	0.56378	13.37203	1.00496	1	-0.01111	-0.01085	0.68569	0.00418	1	0.05411	-0.01435	0.64203	0.00381	1	1.45898	0.81042	0	
1235532	8334.20020	3304141601806	0.50632	0.35120	8334.17383	0.02637	10894	1	0.52982	0.25624	1	0.48955	0.38749	1	0.50969	0.32187	1	0.45666	0.54034	11.78337	1.01298	1	0.72003	0.56375	13.51663	1.00617	1	-0.01111	-0.01085	0.68569	0.00427	1	0.05411	-0.01435	0.64203	0.00381	1	1.45898	0.81042	0	
1235533	8334.20703	3304141668285	0.50753	0.34899	8334.17383	0.03320	10894	1	0.53500	0.32039	1	0.49221	0.35555	1	0.51361	0.33797	1	0.45681	0.54115	11.90316	1.01418	1	0.72010	0.56359	13.07829	1.00738	1	-0.01111	-0.01085	0.68569	0.00406	1	0.05411	-0.01435	0.64203	0.00380	1	1.45898	0.81042	0	
1235534	8334.21387	3304141735612	0.50842	0.34531	8334.17383	0.04004	10894	1	0.53397	0.31167	1	0.49359	0.33472	1	0.51378	0.32319	1	0.45668	0.54212	12.44729	1.02448	1	0.72001	0.56357	13.31186	1.03214	1	-0.01127	-0.01106	0.69916	0.00375	1	0.05768	-0.01527	0.68321	0.00382	1	1.45898	0.81042	0	
1235535	8334.22070	3304141800386	0.50693	0.34629	8334.17383	0.04688	10894	1	0.50277	0.35021	1	0.49016	0.35609	1	0.49647	0.35315	1	0.45671	0.54206	12.38930	1.04122	1	0.72000	0.56387	13.41966	1.05569	1	-0.01127	-0.01106	0.69916	0.00372	1	0.05768	-0.01527	0.68321	0.00400	1	1.45898	0.81042	0	
1235536	8334.22754	3304141869786	0.50482	0.34493	8334.17383	0.05371	10894	1	0.51033	0.33005	1	0.46550	0.33808	1	0.48791	0.33406	1	0.45681	0.54196	12.11341	1.06478	1	0.72007	0.56361	13.53703	1.07924	1	-0.01127	-0.01106	0.69916	0.00376	1	0.05768	-0.01527	0.68321	0.00379	1	1.45898	0.81042	0	
1235537	8334.23438	3304141936474	0.50306	0.34269	8334.17383	0.06055	10894	1	0.50866	0.31849	1	0.46591	0.32652	1	0.48728	0.32250	1	0.45697	0.54104	11.97527	1.07924	1	0.72005	0.56366	13.41181	1.09371	1	-0.01097	-0.01077	0.68366	0.00410	1	0.05768	-0.01527	0.68321	0.00380	1	1.45898	0.81042	0	
1235538	8334.24121	3304142003618	0.50021	0.33844	8334.17383	0.06738	10894	1	0.50866	0.31849	0	0.47166	0.29592	1	0.47166	0.29592	1	0.45697	0.54104	11.97527	1.08463	0	0.72004	0.56369	13.36561	1.08463	1	-0.01097	-0.01077	0.68366	0.00410	1	0.05768	-0.01527	0.68321	0.00378	1	1.45898	0.81042	0	
1235539	8334.24707	3304142070258	0.50021	0.33844	8334.17383	0.07324	10894	1	0.50866	0.31849	0	0.47166	0.29592	0	0.47166	0.29592	0	0.45697	0.54104	11.97527	1.07554	0	0.72004	0.56369	13.36561	1.07554	0	-0.01097	-0.01077	0.68366	0.00410	1	0.05768	-0.01527	0.68321	0.00378	1	1.45898	0.81042	0	
1235540	8334.25391	3304142136954	0.50021	0.33844	8334.17383	0.08008	10894	1	0.50866	0.31849	0	0.47166	0.29592	0	0.47166	0.29592	0	0.45697	0.54104	11.97527	1.06645	0	0.72004	0.56369	13.36561	1.06645	0	-0.01097	-0.01077	0.68366	0.00410	1	0.05768	-0.01527	0.68321	0.00378	1	1.45898	0.81042	0	
1235541	8334.26074	3304142204145	0.50021	0.33844	8334.17383	0.08691	10894	1	0.50866	0.31849	0	0.47166	0.29592	0	0.47166	0.29592	0	0.45697	0.54104	11.97527	1.06645	0	0.72004	0.56369	13.36561	1.06645	0	-0.01097	-0.01077	0.68366	0.00410	1	0.05768	-0.01527	0.68321	0.00378	1	1.45898	0.81042	0	
1235542	8334.26758	3304142272818	0.49984	0.33922	8334.17383	0.08691	10894	0	0.50866	0.31849	0	0.47166	0.29592	0	0.47166	0.29592	0	0.45697	0.54104	11.97527	1.06645	0	0.72004	0.56369	13.36561	1.06645	0	-0.01097	-0.01077	0.68366	0.00410	1	0.05768	-0.01527	0.68321	0.00378	1	1.45898	0.81042	0	
1235543	8334.27441	3304142338220	0.49984	0.33922	8334.17383	0.08691	10894	0	0.50866	0.31849	0	0.47166	0.29592	0	0.47166	0.29592	0	0.45697	0.54104	11.97527	1.06645	0	0.72004	0.56369	13.36561	1.06645	0	-0.01097	-0.01077	0.68366	0.00410	1	0.05768	-0.01527	0.68321	0.00378	1	1.45898	0.81042	0	
1235544	8334.28125	3304142405863	0.49984	0.33922	8334.17383	0.08691	10894	0	0.50866	0.31849	0	0.47166	0.29592	0	0.47166	0.29592	0	0.45697	0.54104	11.97527	1.06645	0	0.72004	0.56369	13.36561	1.06645	0	-0.01097	-0.01077	0.68366	0.00410	1	0.05768	-0.01527	0.68321	0.00378	1	1.45898	0.81042	0	
1235545	8334.28809	3304142472771	0.00000	0.00000	8334.17383	0.08691	10894	0	0.50866	0.31849	0	0.47166	0.29592	0	0.47166	0.29592	0	0.45697	0.54104	11.97527	1.06645	0	0.72004	0.56369	13.36561	1.06645	0	-0.01097	-0.01077	0.68366	0.00410	1	0.05768	-0.01527	0.68321	0.00378	1	1.45898	0.81042	0	
1235546	8334.29395	3304142539181	0.00000	0.00000	8334.17383	0.08691	10894	0	0.50866	0.31849	0	0.47166	0.29592	0	0.47166	0.29592	0	0.45697	0.54104	11.97527	1.06645	0	0.72004	0.56369	13.36561	1.06645	0	-0.01097	-0.01077	0.68366	0.00410	1	0.05768	-0.01527	0.68321	0.00378	1	1.45898	0.81042	0	
1235547	8334.30078	3304142606115	0.00000	0.00000	8334.17383	0.08691	10894	0	0.50866	0.31849	0	0.47166	0.29592	0	0.47166	0.29592	0	0.45697	0.54104	11.97527	1.06645	0	0.72004	0.56369	13.36561	1.06645	0	-0.01097	-0.01077	0.68366	0.00410	1	0.05768	-0.01527	0.68321	0.00378	1	1.45898	0.81042	0	
1235548	8334.30762	3304142673056	0.49610	0.31188	8334.17383	0.08691	10894	0	0.50470	0.32540	1	0.48751	0.29835	1	0.49610	0.31188	1	0.45680	0.54190	12.87024	1.06645	1	0.71987	0.56320	13.02553	1.06645	1	-0.01097	-0.01077	0.68366	0.00387	1	0.05768	-0.01527	0.68321	0.00458	1	1.45898	0.81042	0	
1235549	8334.31445	3304142740378	0.49601	0.31350	8334.17383	0.08691	10894	0	0.50470	0.32540	1	0.48714	0.30485	1	0.49592	0.31512	1	0.45682	0.54126	11.91416	1.06645	1	0.71978	0.56375	13.51792	1.05880	1	-0.01111	-0.01095	0.68569	0.00399	1	0.05560	-0.01473	0.65909	0.00433	1	1.45898	0.81042	0	
1235550	8334.32129	3304142807141	0.50207	0.30068	8334.17383	0.08691	10894	0	0.53258	0.26003	1	0.49580	0.29003	1	0.51419	0.27503	1	0.45685	0.54093	11.88843	1.05880	1	0.72002	0.56312	13.16133	1.05114	1	-0.01111	-0.01095	0.68569	0.00412	1	0.05560	-0.01473	0.65909	0.00448	1	1.45898	0.81042	0	
1235551	8334.32812	3304142874022	0.50470	0.31143	8334.30762	0.02051	10895	1	0.54581	0.29912	1	0.47938	0.38828	1	0.51259	0.34370	1	0.45698	0.54142	12.09761	1.05114	1	0.71992	0.56422	13.47398	1.04348	1	-0.01111	-0.01095	0.68569	0.00383	1	0.05560	-0.01473	0.65909	0.00392	1	1.45898	0.81042	0	
1235552	8334.33496	3304142941345	0.50631	0.31912	8334.30762	0.02734	10895	1	0.54648	0.30553	1	0.47906	0.39425	1	0.51277	0.34989	1	0.45707	0.54155	12.16391	1.04348	1	0.71999	0.56419	13.76715	1.03582	1	-0.01111	-0.01095	0.68569	0.00382	1	0.05617	-0.01496	0.66707	0.00388	1	1.45898	0.81042	0	
1235553	8334.34180	3304143008275	0.50831	0.32276	8334.30762	0.03418	10895	1	0.54741	0.36171	1	0.48922	0.32018	1	0.51831	0.34094	1	0.45695	0.54185	12.22455	1.03582	1	0.72004	0.56334	13.38014	1.03582	1	-0.01111	-0.01095	0.68569	0.00399	1	0.05617	-0.01496	0.66707	0.00423	1	1.45898	0.81042	0	
1235554	8334.34766	3304143075255	0.50973	0.32327	8334.30762	0.04004	10895	1	0.53566	0.28799	1	0.50072	0.36462	1	0.51819	0.32631	1	0.45684	0.54166	12.20015	1.03582	1	0.72025	0.56391	13.09518	1.03582	1	-0.01111	-0.01095	0.68569	0.00401	1	0.05617	-0.01496	0.66707	0.00396	1	1.45898	0.81042	0	
1235555	8334.35449	3304143142152	0.51078	0.32365	8334.30762	0.04688	10895	1	0.53566	0.28799	1	0.50072	0.36462	1	0.51819	0.32631	1	0.45697	0.54187	12.27857	1.03582	1	0.72015	0.56411	13.25926	1.03582	1	-0.01102	-0.01092	0.68016	0.00396	1	0.05530	-0.01468	0.65679	0.00390	1	1.45898	0.81042	0	
1235556	8334.36133	3304143209009	0.51236	0.32408	8334.30762	0.05371	10895	1	0.54955	0.33910	1	0.50047	0.31596	1	0.52501	0.32753	1	0.45700	0.54216	11.97680	1.03582	1	0.72018	0.56335	13.00175	1.03582	1	-0.01102	-0.01092	0.68016	0.00400	1	0.05530	-0.01468	0.65679	0.00424	1	1.45898	0.81042	0	
1235557	8334.36816	3304143275732	0.51398	0.32646	8334.30762	0.06055	10895	1	0.55446	0.34005	1	0.50265	0.35572	1	0.52856	0.34788	1	0.45705	0.54212	12.03986	1.03582	1	0.72020	0.56366	13.05305	1.03582	1	-0.01102	-0.01092	0.68016	0.00396	1	0.05530	-0.01468	0.65679	0.00416	1	1.45898	0.81042	0	
1235558	8334.37500	3304143343070	0.51533	0.32812	8334.30762	0.06738	10895	1	0.55446	0.34005	1	0.50314	0.34945	1	0.52880	0.34475	1	0.45692	0.54238	12.05362	1.03582	1	0.72023	0.56353	12.89060	1.04348	1	-0.01102	-0.01092	0.68016	0.00395	1	0.05597	-0.01492	0.66529	0.00427	1	1.45898	0.81042	0	
1235559	8334.38184	3304143410744	0.51485	0.32756	8334.30762	0.07422	10895	1	0.51629	0.34400	1	0.50276	0.29883	1	0.50953	0.32142	1	0.45653	0.54245	12.94233	1.04348	1	0.72021	0.56320	12.76029	1.05114	1	-0.01102	-0.01092	0.68016	0.00387	1	0.05597	-0.01492	0.66529	0.00452	1	1.45898	0.81042	0	
1235560	8334.38770	3304143476808	0.51516	0.32647	8334.30762	0.08008	10895	1	0.53892	0.32632	1	0.49891	0.30050	1	0.51891	0.31341	1	0.45692	0.54238	12.05362	1.05114	1	0.72011	0.56333	12.59156	1.05880	1	-0.01102	-0.01092	0.68016	0.00395	1	0.05597	-0.01492	0.66529	0.00456	1	1.45898	0.81042	0	
1235561	8334.39453	3304143544150	0.51543	0.32556	8334.30762	0.08691	10895	1	0.53895	0.32661	1	0.49889	0.30081	1	0.51892	0.31371	1	0.45654	0.54226	13.04964	1.05078	1	0.71957	0.56330	12.68523	1.05844	1	-0.01069	-0.01055	0.65719	0.00390	1	0.05597	-0.01497	0.66529	0.00428	1	1.45898	0.81042	0	
1235562	8334.40137	3304143608126	0.51379	0.32518	8334.30762	0.09375	10895	1	0.51795	0.28713	1	0.46364	0.35242	1	0.49079	0.31978	1	0.45658	0.54233	13.02133	1.05042	1	0.71961	0.56387	13.14844	1.05042	1	-0.01069	-0.01055	0.65719	0.00385	1	0.05597	-0.01497	0.66529	0.00421	1	1.45898	0.81042	0	
1235563	8334.40820	3304143673402	0.51261	0.32348	8334.30762	0.10059	10895	1	0.52941	0.29974	1	0.46068	0.29621	1	0.49504	0.29798	1	0.45635	0.54224	12.98341	1.04240	1	0.71951	0.56346	12.74978	1.04240	1	-0.01069	-0.01055	0.65719	0.00388	1	0.05597	-0.01497	0.66529	0.00422	1	1.45898	0.81042	0	
1235564	8334.41504	3304143741856	0.51160	0.32238	8334.30762	0.10742	10895	1	0.53023	0.30651	1	0.46048	0.30317	1	0.49536	0.30484	1	0.45656	0.54228	13.03825	1.03439	1	0.71929	0.56376	12.97818	1.03439	1	-0.01069	-0.01055	0.65719	0.00392	1	0.05597	-0.01497	0.66529	0.00431	1	1.45898	0.81042	0	
1235565	8334.42188	3304143809589	0.51012	0.32109	8334.30762	0.11426	10895	1	0.52618	0.30095	1	0.44370	0.29732	1	0.48494	0.29914	1	0.45631	0.54219	12.48545	1.03439	1	0.71920	0.56372	13.00599	1.03439	1	-0.01069	-0.01055	0.65719	0.00388	1	0.05597	-0.01497	0.66529	0.00433	1	1.45898	0.81042	0	
1235566	8334.42871	3304143877428	0.50863	0.32078	8334.30762	0.12109	10895	1	0.51221	0.30647	1	0.45160	0.32417	1	0.48191	0.31532	1	0.45614	0.54235	12.12226	1.03439	1	0.71941	0.56392	13.22230	1.03439	1	-0.01069	-0.01055	0.65719	0.00389	1	0.05597	-0.01497	0.66529	0.00427	1	1.45898	0.81042	0	
1235567	8334.43457	3304143942552	0.50730	0.32051	8334.30762	0.12695	10895	1	0.51221	0.30647	1	0.45160	0.32417	1	0.48191	0.31532	1	0.45630	0.54253	12.46364	1.03439	1	0.71913	0.56361	12.70626	1.03439	1	-0.01069	-0.01055	0.65719	0.00392	1	0.05597	-0.01497	0.66529	0.00442	1	1.45898	0.81042	0	
1235568	8334.44141	3304144010172	0.50672	0.32075	8334.30762	0.13379	10895	1	0.53570	0.32395	1	0.45460	0.32707	1	0.49515	0.32551	1	0.45644	0.54257	12.79072	1.03439	1	0.71907	0.56392	12.77235	1.03439	1	-0.01069	-0.01055	0.65719	0.00396	1	0.05597	-0.01497	0.66529	0.00438	1	1.45898	0.81042	0	
1235569	8334.44824	3304144076877	0.50582	0.32035	8334.30762	0.14062	10895	1	0.52484	0.32492	1	0.44902	0.29922	1	0.48693	0.31207	1	0.45622	0.54265	12.43400	1.03439	1	0.71895	0.56369	12.70210	1.03439	1	-0.01069	-0.01055	0.65719	0.00395	1	0.05597	-0.01497	0.66529	0.00435	1	1.45898	0.81042	0	
1235570	8334.45508	3304144142940	0.50500	0.31999	8334.30762	0.14746	10895	1	0.52484	0.32492	1	0.44902	0.29922	1	0.48693	0.31207	1	0.45632	0.54276	12.53050	1.03439	1	0.71937	0.56295	12.44704	1.03439	1	-0.01069	-0.01055	0.65719	0.00393	1	0.05597	-0.01492	0.66529	0.00440	1	1.45898	0.81042	0	
1235571	8334.46191	3304144212802	0.50506	0.31882	8334.30762	0.15430	10895	1	0.52197	0.29201	1	0.49094	0.29161	1	0.50645	0.29181	1	0.45620	0.54222	12.38210	1.03439	1	0.71924	0.56368	13.02064	1.03439	1	-0.01069	-0.01055	0.65719	0.00412	1	0.05597	-0.01492	0.66529	0.00421	1	1.45898	0.81042	0	
1235572	8334.46875	3304144280680	0.50499	0.31869	8334.30762	0.16113	10895	1	0.51834	0.33951	1	0.48853	0.29182	1	0.50344	0.31566	1	0.45615	0.54261	12.34667	1.03439	1	0.71917	0.56293	12.62020	1.03439	1	-0.01069	-0.01055	0.65719	0.00400	1	0.05597	-0.01492	0.66529	0.00444	1	1.45898	0.81042	0	
1235573	8334.47559	3304144347931	0.50492	0.31845	8334.30762	0.16797	10895	1	0.51744	0.33299	1	0.48855	0.29151	1	0.50299	0.31225	1	0.45619	0.54253	12.37316	1.04240	1	0.71937	0.56234	12.71407	1.03474	1	-0.01128	-0.01107	0.68979	0.00397	1	0.05577	-0.01493	0.66353	0.00458	1	1.45898	0.81042	0	
1235574	8334.48242	3304144414635	0.50495	0.31686	8334.30762	0.17480	10895	1	0.51258	0.27363	1	0.49903	0.27751	1	0.50581	0.27557	1	0.45610	0.54197	11.98488	1.04276	1	0.71935	0.56294	12.60143	1.03510	1	-0.01128	-0.01107	0.68979	0.00419	1	0.05577	-0.01493	0.66353	0.00434	1	1.45898	0.81042	0	
1235575	8334.48828	3304144481862	0.50479	0.31615	8334.30762	0.18066	10895	1	0.51680	0.30340	1	0.48391	0.29073	1	0.50036	0.29707	1	0.45609	0.54239	12.02631	1.04312	1	0.71915	0.56311	12.98350	1.03546	1	-0.01128	-0.01107	0.68979	0.00402	1	0.05577	-0.01493	0.66353	0.00450	1	1.45898	0.81042	0	
1235576	8334.49512	3304144548904	0.50463	0.31548	8334.30762	0.18750	10895	1	0.51676	0.30310	1	0.48393	0.29042	1	0.50034	0.29676	1	0.45625	0.54274	12.22883	1.04348	1	0.71932	0.56371	12.68392	1.03582	1	-0.01128	-0.01107	0.68979	0.00391	1	0.05532	-0.01476	0.65811	0.00397	1	1.45898	0.81042	0	
1235577	8334.50195	3304144615744	0.50402	0.31725	8334.30762	0.19434	10895	1	0.51657	0.33896	1	0.45616	0.39822	1	0.48636	0.36859	1	0.45615	0.54260	12.54667	1.03582	1	0.71873	0.56434	13.97229	1.03582	1	-0.01128	-0.01107	0.68979	0.00395	1	0.05532	-0.01476	0.65811	0.00403	1	1.45898	0.81042	0	
1235578	8334.50879	3304144682055	0.50427	0.31740	8334.30762	0.20117	10895	1	0.54203	0.28910	1	0.48155	0.35448	1	0.51179	0.32179	1	0.45650	0.54223	12.59359	1.03582	1	0.71908	0.56381	13.16105	1.03582	1	-0.01128	-0.01107	0.68979	0.00415	1	0.05532	-0.01476	0.65811	0.00401	1	1.45898	0.81042	0	
1235579	8334.51562	3304144750338	0.50450	0.31730	8334.30762	0.20801	10895	1	0.54119	0.28129	1	0.48194	0.34705	1	0.51157	0.31417	1	0.45609	0.54204	12.31007	1.04490	1	0.71908	0.56392	13.26157	1.04490	1	-0.01159	-0.01133	0.70606	0.00412	1	0.05530	-0.01478	0.65909	0.00396	1	1.45898	0.81042	0	
1235580	8334.52246	3304144817107	0.50427	0.31642	8334.30762	0.21484	10895	1	0.49962	0.28543	1	0.49434	0.29091	1	0.49698	0.28817	1	0.45585	0.54224	12.16892	1.05399	1	0.71931	0.56325	12.91463	1.05399	1	-0.01159	-0.01133	0.70606	0.00404	1	0.05530	-0.01478	0.65909	0.00422	1	1.45898	0.81042	0	
1235581	8334.52930	3304144883477	0.50457	0.31562	8334.30762	0.22168	10895	1	0.54078	0.24472	1	0.48817	0.33368	1	0.51448	0.28920	1	0.45611	0.54251	12.52704	1.06307	1	0.71926	0.56369	12.99504	1.06307	1	-0.01159	-0.01133	0.70606	0.00399	1	0.05530	-0.01478	0.65909	0.00394	1	1.45898	0.81042	0	
1235582	8334.53516	3304144950752	0.50486	0.31486	8334.30762	0.22754	10895	1	0.54078	0.24472	1	0.48817	0.33368	1	0.51448	0.28920	1	0.45576	0.54214	12.53217	1.06307	1	0.71932	0.56328	12.87197	1.06307	1	-0.01139	-0.01108	0.69060	0.00401	1	0.05530	-0.01483	0.65909	0.00416	1	1.45898	0.81042	0	
1235583	8334.54199	3304145017627	0.50485	0.31579	8334.30762	0.23438	10895	1	0.51035	0.31098	1	0.49864	0.38592	1	0.50450	0.34845	1	0.45558	0.54194	12.54559	1.05399	1	0.71939	0.56417	13.31121	1.05399	1	-0.01139	-0.01108	0.69060	0.00405	1	0.05530	-0.01483	0.65909	0.00390	1	1.45898	0.81042	0	
1235584	8334.54883	3304145084845	0.50506	0.31672	8334.30762	0.24121	10895	1	0.52930	0.33079	1	0.49610	0.36914	1	0.51270	0.34996	1	0.45593	0.54230	12.05153	1.04490	1	0.71929	0.56404	13.12161	1.04490	1	-0.01139	-0.01108	0.69060	0.00391	1	0.05530	-0.01483	0.65909	0.00391	1	1.45898	0.81042	0	
1235585	8334.55566	3304145152015	0.50527	0.31778	8334.30762	0.24805	10895	1	0.53023	0.33817	1	0.49558	0.37639	1	0.51291	0.35728	1	0.45553	0.54249	12.30755	1.03582	1	0.71919	0.56413	13.47364	1.03582	1	-0.01139	-0.01108	0.69060	0.00379	1	0.05530	-0.01478	0.65909	0.00389	1	1.45898	0.81042	0	
1235586	8334.56250	3304145216584	0.50489	0.31858	8334.30762	0.25488	10895	1	0.51330	0.32872	1	0.46799	0.36898	1	0.49064	0.34885	1	0.45566	0.54206	12.31231	1.03582	1	0.71890	0.56388	13.90125	1.03582	1	-0.01139	-0.01108	0.69060	0.00401	1	0.05530	-0.01478	0.65909	0.00397	1	1.45898	0.81042	0	
1235587	8334.56934	3304145285851	0.50478	0.31969	8334.30762	0.26172	10895	1	0.52552	0.35005	1	0.47580	0.37592	1	0.50066	0.36298	1	0.45582	0.54224	12.95132	1.03582	1	0.71900	0.56407	13.83896	1.03582	1	-0.01139	-0.01108	0.69060	0.00394	1	0.05530	-0.01478	0.65909	0.00393	1	1.45898	0.81042	0	
1235588	8334.57617	3304145352555	0.50469	0.32067	8334.30762	0.26855	10895	1	0.52552	0.35005	1	0.47610	0.36982	1	0.50081	0.35993	1	0.45577	0.54203	12.88935	1.03582	1	0.71914	0.56325	13.34158	1.04348	1	-0.01139	-0.01108	0.69060	0.00399	1	0.05665	-0.01520	0.67574	0.00425	1	1.45898	0.81042	0	
1235589	8334.58203	3304145419668	0.50474	0.32033	8334.30762	0.27441	10895	1	0.53669	0.31219	1	0.47729	0.30029	1	0.50699	0.30624	1	0.45569	0.54240	13.14165	1.04348	1	0.71898	0.56339	13.54333	1.05114	1	-0.01139	-0.01108	0.69060	0.00395	1	0.05665	-0.01520	0.67574	0.00449	1	1.45898	0.81042	0	
1235590	8334.58887	3304145486508	0.50493	0.31983	8334.30762	0.28125	10895	1	0.54019	0.31728	1	0.48543	0.28087	1	0.51281	0.29907	1	0.45577	0.54262	12.99750	1.05114	1	0.71910	0.56293	13.22262	1.05880	1	-0.01139	-0.01108	0.69060	0.00394	1	0.05665	-0.01520	0.67574	0.00463	1	1.45898	0.81042	0	
1235591	8334.59570	3304145553205	0.50511	0.31937	8334.30762	0.28809	10895	1	0.54022	0.31757	1	0.48541	0.28118	1	0.51282	0.29938	1	0.45583	0.54251	12.96866	1.05078	1	0.71839	0.56390	13.05371	1.05844	1	-0.01089	-0.01054	0.65697	0.00393	1	0.05665	-0.01520	0.67574	0.00431	1	1.45898	0.81042	0	
1235592	8334.60254	3304145620570	0.50484	0.31882	8334.30762	0.29492	10895	1	0.52585	0.26905	1	0.46005	0.31994	1	0.49295	0.29449	1	0.45549	0.54203	12.62582	1.05042	1	0.71872	0.56396	13.68000	1.05042	1	-0.01089	-0.01054	0.65697	0.00389	1	0.05665	-0.01520	0.67574	0.00414	1	1.45898	0.81042	0	
1235593	8334.60938	3304145687628	0.50425	0.31693	8334.30762	0.30176	10895	1	0.47721	0.12748	1	0.47857	0.33632	1	0.47789	0.23190	1	0.45558	0.54063	12.47713	1.04240	1	0.71903	0.56439	13.21643	1.04240	1	-0.01089	-0.01054	0.65697	0.00257	1	0.05665	-0.01520	0.67574	0.00402	1	1.45898	0.81042	0	
1235594	8334.61621	3304145754776	0.50369	0.31519	8334.30762	0.30859	10895	1	0.47721	0.12748	1	0.47825	0.34267	1	0.47773	0.23508	1	0.45707	0.54503	12.88154	1.04240	1	0.72010	0.56630	13.31014	1.03474	1	-0.01099	-0.01130	0.67884	0.00335	1	0.05532	-0.01515	0.65811	0.00378	1	1.45898	0.81042	0	
1235595	8334.62207	3304145818232	0.50434	0.31697	8334.30762	0.31445	10895	1	0.55466	0.36392	1	0.51560	0.43772	1	0.53513	0.40082	1	0.45750	0.54556	11.96017	1.04276	1	0.72010	0.56708	12.94788	1.03510	1	-0.01099	-0.01130	0.67884	0.00357	1	0.05532	-0.01515	0.65811	0.00371	1	1.45898	0.81042	0	
1235596	8334.62988	3304145889370	0.50485	0.31775	8334.30762	0.32227	10895	1	0.54685	0.31803	1	0.49386	0.38087	1	0.52035	0.34945	1	0.45743	0.54529	11.96718	1.04312	1	0.72011	0.56751	13.44157	1.03546	1	-0.01099	-0.01130	0.67884	0.00399	1	0.05532	-0.01515	0.65811	0.00381	1	1.45898	0.81042	0	
1235597	8334.63574	3304145955611	0.50536	0.31846	8334.30762	0.32812	10895	1	0.54682	0.31773	1	0.49388	0.38059	1	0.52035	0.34916	1	0.45888	0.54863	12.24306	1.04348	1	0.72132	0.57064	12.83683	1.03582	1	-0.01072	-0.01168	0.67418	0.00308	1	0.05530	-0.01557	0.65679	0.00319	1	1.45898	0.81042	0	
1235598	8334.64258	3304146022311	0.50689	0.32436	8334.30762	0.33496	10895	1	0.61341	0.48889	1	0.56215	0.62776	1	0.58778	0.55832	1	0.45902	0.54944	12.65459	1.03582	1	0.72137	0.57106	13.16062	1.03582	1	-0.01072	-0.01168	0.67418	0.00313	1	0.05530	-0.01557	0.65679	0.00326	1	1.45898	0.81042	0	
1235599	8334.64941	3304146088325	0.51935	0.35406	8334.30762	0.33496	10895	0	0.61522	0.52124	1	0.55791	0.60843	1	0.58657	0.56483	1	0.45898	0.54941	12.32900	1.03582	1	0.72124	0.57100	12.95065	1.03582	1	-0.01072	-0.01168	0.67418	0.00329	1	0.05530	-0.01557	0.65679	0.00332	1	1.45898	0.81042	0	
1235600	8334.65625	3304146156371	0.55278	0.46187	8334.30762	0.33496	10895	0	0.61546	0.52630	1	0.55698	0.61306	1	0.58622	0.56968	1	0.45920	0.55007	12.81399	1.02780	1	0.72135	0.57247	12.85583	1.02780	1	-0.01038	-0.01157	0.65631	0.00302	1	0.05507	-0.01560	0.65397	0.00324	1	1.45898	0.81042	0	
1235601	8334.66309	3304146223482	0.56883	0.52901	8334.30762	0.33496	10895	0	0.63533	0.55476	1	0.56653	0.77182	1	0.60093	0.66329	1	0.45927	0.54995	12.65314	1.01978	1	0.72152	0.57253	14.04650	1.01978	1	-0.01038	-0.01157	0.65631	0.00316	1	0.05507	-0.01560	0.65397	0.00306	1	1.45898	0.81042	0	
1235602	8334.66895	3304146288442	0.59663	0.64504	8334.30762	0.33496	10895	0	0.65859	0.61539	1	0.54687	0.78893	1	0.60273	0.70216	1	0.45930	0.55030	12.47944	1.01177	1	0.72117	0.57260	13.12409	1.01177	1	-0.01038	-0.01157	0.65631	0.00312	1	0.05507	-0.01560	0.65397	0.00320	1	1.45898	0.81042	0	
1235603	8334.67578	3304146357161	0.59968	0.67360	8334.30762	0.33496	10895	0	0.65859	0.61539	1	0.54687	0.78893	1	0.60273	0.70216	1	0.45875	0.55047	12.71605	1.01177	1	0.72142	0.57264	13.87035	1.01177	1	-0.01072	-0.01188	0.67418	0.00320	1	0.05530	-0.01576	0.65679	0.00310	1	1.45898	0.81042	0	
1235604	8334.68262	3304146425165	0.60078	0.67097	8334.30762	0.33496	10895	0	0.63057	0.56869	1	0.57541	0.76274	1	0.60299	0.66571	1	0.45870	0.55048	12.13767	1.01978	1	0.72161	0.57253	13.96046	1.01978	1	-0.01072	-0.01188	0.67418	0.00313	1	0.05530	-0.01576	0.65679	0.00305	1	1.45898	0.81042	0	
1235605	8334.68945	3304146489947	0.60013	0.67996	8334.66895	0.02051	10896	1	0.64220	0.63391	1	0.55419	0.77991	1	0.59819	0.70691	1	0.45882	0.55058	12.54944	1.02780	1	0.72127	0.57275	13.90769	1.02780	1	-0.01072	-0.01188	0.67418	0.00309	1	0.05530	-0.01576	0.65679	0.00315	1	1.45898	0.81042	0	
1235606	8334.69629	3304146558312	0.59983	0.68459	8334.66895	0.02734	10896	1	0.64216	0.62969	1	0.55510	0.77660	1	0.59863	0.70314	1	0.45871	0.55056	12.79980	1.03582	1	0.72163	0.57296	13.84252	1.03582	1	-0.01072	-0.01193	0.67418	0.00306	1	0.05530	-0.01576	0.65679	0.00310	1	1.45898	0.81042	0	
1235607	8334.70312	3304146625215	0.60306	0.68679	8334.66895	0.03418	10896	1	0.65401	0.60642	1	0.58438	0.78915	1	0.61920	0.69778	1	0.45862	0.55036	13.08558	1.03582	1	0.72174	0.57284	13.66005	1.03582	1	-0.01072	-0.01193	0.67418	0.00314	1	0.05530	-0.01576	0.65679	0.00320	1	1.45898	0.81042	0	
1235608	8334.70996	3304146691615	0.60564	0.69160	8334.66895	0.04102	10896	1	0.66398	0.62984	1	0.57821	0.81107	1	0.62109	0.72046	1	0.45875	0.55042	12.11786	1.03582	1	0.72176	0.57303	13.83383	1.03582	1	-0.01072	-0.01193	0.67418	0.00313	1	0.05530	-0.01576	0.65679	0.00319	1	1.45898	0.81042	0	
1235609	8334.71680	3304146759246	0.60757	0.69521	8334.66895	0.04785	10896	1	0.66398	0.62984	1	0.57821	0.81107	1	0.62109	0.72046	1	0.45871	0.55056	12.79980	1.03582	1	0.72175	0.57287	13.82242	1.03582	1	-0.01072	-0.01193	0.67418	0.00306	1	0.05530	-0.01576	0.65679	0.00317	1	1.45898	0.81042	0	
1235610	8334.72266	3304146826248	0.60857	0.69904	8334.66895	0.05371	10896	1	0.65727	0.65082	1	0.57590	0.80850	1	0.61658	0.72966	1	0.45861	0.55058	13.08596	1.03582	1	0.72176	0.57303	13.83383	1.03582	1	-0.01072	-0.01193	0.67418	0.00305	1	0.05530	-0.01576	0.65679	0.00319	1	1.45898	0.81042	0	
1235611	8334.72949	3304146892960	0.60979	0.70263	8334.66895	0.06055	10896	1	0.66201	0.68645	1	0.57952	0.78350	1	0.62077	0.73497	1	0.45863	0.55061	12.98174	1.03582	1	0.72175	0.57287	13.82242	1.03582	1	-0.01072	-0.01193	0.67418	0.00305	1	0.05530	-0.01576	0.65679	0.00317	1	1.45898	0.81042	0	
1235612	8334.73633	3304146960440	0.61079	0.70557	8334.66895	0.06738	10896	1	0.66201	0.68645	1	0.57952	0.78350	1	0.62077	0.73497	1	0.45862	0.55036	13.08558	1.03582	1	0.72168	0.57290	14.38431	1.03582	1	-0.01072	-0.01193	0.67418	0.00314	1	0.05530	-0.01576	0.65679	0.00315	1	1.45898	0.81042	0	
1235613	8334.74316	3304147027122	0.61124	0.70458	8334.66895	0.07422	10896	1	0.64767	0.59785	1	0.58465	0.78960	1	0.61616	0.69373	1	0.45861	0.55058	13.08596	1.03582	1	0.72166	0.57284	14.22207	1.03582	1	-0.01072	-0.01193	0.67418	0.00305	1	0.05530	-0.01576	0.65679	0.00313	1	1.45898	0.81042	0	
1235614	8334.75000	3304147094412	0.61016	0.70556	8334.66895	0.08105	10896	1	0.62831	0.66171	1	0.56632	0.77292	1	0.59732	0.71731	1	0.45860	0.55058	13.05112	1.03582	1	0.72147	0.57266	13.37132	1.03582	1	-0.01072	-0.01193	0.67418	0.00307	1	0.05530	-0.01576	0.65679	0.00318	1	1.45898	0.81042	0	
1235615	8334.75684	3304147161522	0.60925	0.70640	8334.66895	0.08789	10896	1	0.62831	0.66171	1	0.56632	0.77292	1	0.59732	0.71731	1	0.45857	0.55049	12.99812	1.03582	1	0.72162	0.57282	13.73169	1.03582	1	-0.01072	-0.01193	0.67418	0.00316	1	0.05560	-0.01582	0.65909	0.00315	1	1.45898	0.81042	0	
1235616	8334.76367	3304147227572	0.60842	0.70733	8334.66895	0.09473	10896	1	0.62994	0.67188	1	0.56375	0.76876	1	0.59685	0.72032	1	0.45864	0.55052	13.15658	1.03582	1	0.72180	0.57263	13.77588	1.03582	1	-0.01072	-0.01193	0.67418	0.00311	1	0.05560	-0.01582	0.65909	0.00314	1	1.45898	0.81042	0	
1235617	8334.76953	3304147295327	0.60773	0.70339	8334.66895	0.10059	10896	1	0.63009	0.57865	1	0.56469	0.70997	1	0.59739	0.64431	1	0.45859	0.55065	12.97082	1.03582	1	0.72151	0.57262	13.24585	1.03582	1	-0.01072	-0.01193	0.67418	0.00306	1	0.05560	-0.01582	0.65909	0.00317	1	1.45898	0.81042	0	
1235618	8334.77637	3304147361854	0.60712	0.69992	8334.66895	0.10742	10896	1	0.63009	0.57865	1	0.56469	0.70997	1	0.59739	0.64431	1	0.45866	0.55060	12.79333	1.03582	1	0.72208	0.57279	12.90517	1.03582	1	-0.01072	-0.01193	0.67418	0.00306	1	0.05704	-0.01620	0.67505	0.00319	1	1.45898	0.81042	0	
1235619	8334.78320	3304147429015	0.60719	0.69839	8334.66895	0.11426	10896	1	0.65113	0.62743	1	0.56541	0.71751	1	0.60827	0.67247	1	0.45882	0.55058	12.54944	1.03582	1	0.72226	0.57294	13.22759	1.03582	1	-0.01072	-0.01193	0.67418	0.00308	1	0.05704	-0.01620	0.67505	0.00319	1	1.45898	0.81042	0	
1235620	8334.79004	3304147496029	0.60668	0.69558	8334.66895	0.12109	10896	1	0.63178	0.63798	1	0.56320	0.65197	1	0.59749	0.64497	1	0.45859	0.55045	12.94596	1.03582	1	0.72213	0.57238	13.35574	1.03582	1	-0.01072	-0.01193	0.67418	0.00316	1	0.05704	-0.01620	0.67505	0.00311	1	1.45898	0.81042	0	
1235621	8334.79688	3304147563331	0.60622	0.69305	8334.66895	0.12793	10896	1	0.63178	0.63798	1	0.56320	0.65197	1	0.59749	0.64497	1	0.45859	0.55055	13.16649	1.03582	1	0.72209	0.57247	13.04606	1.03582	1	-0.01072	-0.01193	0.67418	0.00313	1	0.05604	-0.01597	0.66320	0.00316	1	1.45898	0.81042	0	
1235622	8334.80371	3304147630532	0.60629	0.69142	8334.66895	0.13477	10896	1	0.65364	0.65845	1	0.56192	0.65906	1	0.60778	0.65875	1	0.45911	0.55039	13.14995	1.03582	1	0.72217	0.57263	13.28652	1.03582	1	-0.01072	-0.01193	0.67418	0.00317	1	0.05604	-0.01597	0.66320	0.00316	1	1.45898	0.81042	0	
1235623	8334.80957	3304147693026	0.60587	0.68887	8334.66895	0.14062	10896	1	0.62248	0.58255	1	0.57155	0.68826	1	0.59701	0.63541	1	0.45904	0.55066	13.73327	1.03582	1	0.72236	0.57268	13.59255	1.03582	1	-0.01072	-0.01193	0.67418	0.00308	1	0.05604	-0.01597	0.66320	0.00318	1	1.45898	0.81042	0	
1235624	8334.81641	3304147759105	0.60547	0.68673	8334.66895	0.14746	10896	1	0.62266	0.58714	1	0.57052	0.69228	1	0.59659	0.63971	1	0.45920	0.55047	13.29073	1.02780	1	0.72196	0.57290	13.85554	1.02780	1	-0.01050	-0.01174	0.66339	0.00309	1	0.05604	-0.01597	0.66320	0.00327	1	1.45898	0.81042	0	
1235625	8334.82324	3304147828829	0.60504	0.68453	8334.66895	0.15430	10896	1	0.64196	0.54443	1	0.54849	0.72333	1	0.59523	0.63388	1	0.45923	0.55040	13.28672	1.01978	1	0.72194	0.57299	14.40059	1.01978	1	-0.01050	-0.01174	0.66339	0.00307	1	0.05604	-0.01597	0.66320	0.00324	1	1.45898	0.81042	0	
1235626	8334.83008	3304147893714	0.60460	0.68418	8334.66895	0.16113	10896	1	0.64045	0.62210	1	0.54781	0.72944	1	0.59413	0.67577	1	0.45907	0.55033	13.11300	1.01177	1	0.72190	0.57299	14.33409	1.01177	1	-0.01050	-0.01174	0.66339	0.00322	1	0.05604	-0.01597	0.66320	0.00324	1	1.45898	0.81042	0	
1235627	8334.83691	3304147962122	0.59825	0.65819	8334.66895	0.16113	10896	0	0.64056	0.63038	1	0.54616	0.73655	1	0.59336	0.68346	1	0.45923	0.55056	13.16217	0.99662	1	0.72257	0.57290	14.06176	0.99662	1	-0.01017	-0.01143	0.64559	0.00313	1	0.05604	-0.01597	0.66320	0.00316	1	1.45898	0.81042	0	
1235628	8334.84277	3304148027006	0.60552	0.68323	8334.66895	0.16113	10896	0	0.65906	0.67166	1	0.56653	0.74487	1	0.61280	0.70826	1	0.45945	0.55014	13.02542	0.98950	1	0.72280	0.57312	13.98504	0.98950	1	-0.01017	-0.01143	0.64559	0.00313	1	0.05604	-0.01597	0.66320	0.00308	1	1.45898	0.81042	0	
1235629	8334.85059	3304148096133	0.60244	0.67928	8334.66895	0.16113	10896	0	0.63819	0.62065	1	0.55435	0.72213	1	0.59627	0.67139	1	0.45955	0.55022	12.92423	0.98237	1	0.72296	0.57295	13.97841	0.98237	1	-0.01017	-0.01143	0.64559	0.00318	1	0.05604	-0.01597	0.66320	0.00305	1	1.45898	0.81042	0	
1235630	8334.85645	3304148162654	0.60100	0.67625	8334.83691	0.01953	10897	1	0.63811	0.61613	1	0.55530	0.71819	1	0.59671	0.66716	1	0.45937	0.55019	13.05729	0.99039	1	0.72319	0.57268	13.67373	0.99039	1	-0.01069	-0.01208	0.68555	0.00324	1	0.05658	-0.01606	0.66715	0.00302	1	1.45898	0.81042	0	
1235631	8334.86328	3304148228174	0.60076	0.67273	8334.83691	0.02637	10897	1	0.64914	0.60734	1	0.55042	0.70991	1	0.59978	0.65862	1	0.45974	0.55021	13.49023	1.00553	1	0.72277	0.57283	13.31121	1.00553	1	-0.01069	-0.01208	0.68555	0.00322	1	0.05658	-0.01606	0.66715	0.00313	1	1.45898	0.81042	0	
1235632	8334.87012	3304148292942	0.59836	0.67235	8334.83691	0.03320	10897	1	0.61816	0.63681	1	0.55457	0.70419	1	0.58636	0.67050	1	0.45950	0.55037	12.80797	1.02067	1	0.72291	0.57295	13.51820	1.02067	1	-0.01069	-0.01208	0.68555	0.00305	1	0.05658	-0.01606	0.66715	0.00314	1	1.45898	0.81042	0	
1235633	8334.87695	3304148366995	0.59680	0.67072	8334.83691	0.04004	10897	1	0.61775	0.62881	1	0.55718	0.69298	1	0.58747	0.66090	1	0.45997	0.55039	13.10201	1.03582	1	0.72300	0.57315	13.96474	1.04348	1	-0.01069	-0.01208	0.68555	0.00312	1	0.05824	-0.01652	0.68614	0.00321	1	1.45898	0.81042	0	
1235634	8334.88379	3304148433777	0.59839	0.67333	8334.83691	0.04688	10897	1	0.65605	0.67019	1	0.56286	0.71308	1	0.60946	0.69164	1	0.46032	0.55066	13.05800	1.04348	1	0.72290	0.57310	13.75970	1.05114	1	-0.01069	-0.01208	0.68555	0.00301	1	0.05824	-0.01652	0.68614	0.00324	1	1.45898	0.81042	0	
1235635	8334.89062	3304148500828	0.59771	0.66992	8334.83691	0.05371	10897	1	0.63261	0.58406	1	0.55200	0.70124	1	0.59230	0.64265	1	0.46009	0.54976	13.05403	1.05114	1	0.72316	0.57306	13.96469	1.05880	1	-0.01069	-0.01208	0.68555	0.00292	1	0.05824	-0.01652	0.68614	0.00311	1	1.45898	0.81042	0	
1235636	8334.89746	3304148568237	0.59716	0.66698	8334.83691	0.06055	10897	1	0.63250	0.57975	1	0.55200	0.70124	1	0.59225	0.64050	1	0.46015	0.55020	13.12649	1.05880	1	0.72388	0.57292	13.55555	1.05880	1	-0.01034	-0.01181	0.67606	0.00294	1	0.05611	-0.01587	0.65927	0.00298	1	1.45898	0.81042	0	
1235637	8334.90430	3304148634628	0.59715	0.66561	8334.83691	0.06738	10897	1	0.62595	0.60332	1	0.56816	0.70059	1	0.59706	0.65195	1	0.46014	0.55016	12.98084	1.05880	1	0.72385	0.57295	13.72340	1.05114	1	-0.01034	-0.01181	0.67606	0.00302	1	0.05611	-0.01587	0.65927	0.00297	1	1.45898	0.81042	0	
1235638	8334.91113	3304148701991	0.59727	0.66458	8334.83691	0.07422	10897	1	0.62346	0.61002	1	0.57374	0.69642	1	0.59860	0.65322	1	0.46015	0.55019	13.01859	1.05114	1	0.72392	0.57297	13.82822	1.04348	1	-0.01034	-0.01181	0.67606	0.00300	1	0.05611	-0.01587	0.65927	0.00302	1	1.45898	0.81042	0	
1235639	8334.91699	3304148765286	0.59734	0.66401	8334.83691	0.08008	10897	1	0.62362	0.61414	1	0.57274	0.70017	1	0.59818	0.65715	1	0.46018	0.55018	13.00417	1.04348	1	0.72381	0.57280	12.96885	1.03582	1	-0.01046	-0.01190	0.68365	0.00301	1	0.05611	-0.01592	0.65927	0.00309	1	1.45898	0.81042	0	
1235640	8334.92383	3304148832759	0.59695	0.66329	8334.83691	0.08691	10897	1	0.61795	0.59152	1	0.56570	0.71621	1	0.59182	0.65387	1	0.46032	0.54998	12.82448	1.03582	1	0.72378	0.57293	13.50099	1.03582	1	-0.01046	-0.01190	0.68365	0.00308	1	0.05611	-0.01592	0.65927	0.00314	1	1.45898	0.81042	0	
1235641	8334.93066	3304148898093	0.59609	0.66487	8334.83691	0.09375	10897	1	0.63027	0.63905	1	0.53780	0.73504	1	0.58404	0.68704	1	0.46062	0.55032	12.46113	1.03582	1	0.72375	0.57324	13.59915	1.03582	1	-0.01046	-0.01190	0.68365	0.00284	1	0.05611	-0.01592	0.65927	0.00304	1	1.45898	0.81042	0	
1235642	8334.93750	3304148967386	0.59534	0.66626	8334.83691	0.10059	10897	1	0.63027	0.63905	1	0.53780	0.73504	1	0.58404	0.68704	1	0.46048	0.55033	12.45783	1.03582	1	0.72424	0.57313	13.14036	1.03582	1	-0.01014	-0.01177	0.67634	0.00288	1	0.05652	-0.01608	0.66177	0.00299	1	1.45898	0.81042	0	
1235643	8334.94336	3304149032957	0.59435	0.66743	8334.83691	0.10645	10897	1	0.61051	0.64584	1	0.54670	0.72646	1	0.57861	0.68615	1	0.46084	0.55031	13.14532	1.03582	1	0.72430	0.57312	13.10794	1.03582	1	-0.01014	-0.01177	0.67634	0.00289	1	0.05652	-0.01608	0.66177	0.00299	1	1.45898	0.81042	0	
1235644	8334.95020	3304149101076	0.59406	0.66720	8334.83691	0.11328	10897	1	0.62426	0.60283	1	0.55399	0.72392	1	0.58913	0.66337	1	0.46095	0.54995	12.83305	1.03582	1	0.72438	0.57319	13.07068	1.03582	1	-0.01014	-0.01177	0.67634	0.00307	1	0.05652	-0.01608	0.66177	0.00309	1	1.45898	0.81042	0	
1235645	8334.95703	3304149168182	0.59382	0.66691	8334.83691	0.12012	10897	1	0.62426	0.60283	1	0.55486	0.72036	1	0.58956	0.66159	1	0.46117	0.55035	12.50763	1.03582	1	0.72471	0.57383	13.36808	1.04348	1	-0.01014	-0.01177	0.67634	0.00292	1	0.05858	-0.01665	0.68529	0.00310	1	1.45898	0.81042	0	
1235646	8334.96387	3304149234345	0.59352	0.66771	8334.83691	0.12695	10897	1	0.61373	0.64226	1	0.56172	0.72384	1	0.58773	0.68305	1	0.46117	0.55029	12.60678	1.04348	1	0.72445	0.57373	13.17872	1.05114	1	-0.01014	-0.01177	0.67634	0.00290	1	0.05858	-0.01665	0.68529	0.00310	1	1.45898	0.81042	0	
1235647	8334.97070	3304149301767	0.59227	0.66802	8334.83691	0.13379	10897	1	0.60248	0.61366	1	0.53199	0.73445	1	0.56723	0.67406	1	0.46104	0.55015	12.21690	1.05114	1	0.72451	0.57389	13.52749	1.05880	1	-0.01014	-0.01177	0.67634	0.00295	1	0.05858	-0.01665	0.68529	0.00308	1	1.45898	0.81042	0	
1235648	8334.97754	3304149369240	0.59112	0.66820	8334.83691	0.14062	10897	1	0.60217	0.60957	1	0.53199	0.73445	1	0.56708	0.67201	1	0.46169	0.55015	12.91681	1.05880	1	0.72524	0.57397	13.26001	1.05880	1	-0.01005	-0.01190	0.68373	0.00291	1	0.05654	-0.01603	0.65973	0.00315	1	1.45898	0.81042	0	
1235649	8334.98438	3304149438571	0.59077	0.66591	8334.83691	0.14746	10897	1	0.62400	0.58898	1	0.54191	0.64229	1	0.58295	0.61563	1	0.46162	0.55012	13.11440	1.05880	1	0.72492	0.57341	13.03139	1.05114	1	-0.01005	-0.01190	0.68373	0.00291	1	0.05654	-0.01603	0.65973	0.00308	1	1.45898	0.81042	0	
1235650	8334.99121	3304149502842	0.59082	0.66586	8334.83691	0.15430	10897	1	0.63924	0.66408	1	0.54479	0.66505	1	0.59202	0.66457	1	0.46177	0.55017	13.17179	1.05114	1	0.72511	0.57370	13.03225	1.04348	1	-0.01005	-0.01190	0.68373	0.00287	1	0.05654	-0.01603	0.65973	0.00302	1	1.45898	0.81042	0	
1235651	8334.99805	3304149573228	0.59084	0.66603	8334.83691	0.16113	10897	1	0.63930	0.66780	1	0.54330	0.67254	1	0.59130	0.67017	1	0.46207	0.55021	12.51751	1.04348	1	0.72543	0.57343	12.93355	1.02901	1	-0.01005	-0.01190	0.68373	0.00295	1	0.05525	-0.01565	0.64408	0.00309	1	1.45898	0.81042	0	
1235652	8335.00488	3304149639374	0.59062	0.66664	8334.83691	0.16797	10897	1	0.62373	0.65149	1	0.54657	0.71215	1	0.58515	0.68182	1	0.46196	0.55018	12.52436	1.02901	1	0.72545	0.57399	13.57935	1.02220	1	-0.01005	-0.01190	0.68373	0.00294	1	0.05525	-0.01565	0.64408	0.00306	1	1.45898	0.81042	0	
1235653	8335.01074	3304149704197	0.59039	0.66660	8334.83691	0.17383	10897	1	0.61724	0.60927	1	0.55137	0.72212	1	0.58430	0.66570	1	0.46188	0.55015	12.26734	1.02220	1	0.72553	0.57397	13.99918	1.01539	1	-0.01005	-0.01190	0.68373	0.00296	1	0.05525	-0.01565	0.64408	0.00301	1	1.45898	0.81042	0	
1235654	8335.01758	3304149773266	0.59017	0.66664	8334.83691	0.18066	10897	1	0.61743	0.61304	1	0.55137	0.72212	1	0.58440	0.66758	1	0.46207	0.55004	12.08922	1.01539	1	0.72572	0.57391	12.62376	1.01539	1	-0.00968	-0.01170	0.67222	0.00297	1	0.05710	-0.01618	0.66398	0.00308	1	1.45898	0.81042	0	
1235655	8335.02441	3304149838909	0.58971	0.66674	8334.83691	0.18750	10897	1	0.61367	0.65199	1	0.53961	0.68726	1	0.57664	0.66962	1	0.46213	0.55036	11.94449	1.01539	1	0.72565	0.57373	12.80091	1.02220	1	-0.00968	-0.01170	0.67222	0.00293	1	0.05710	-0.01618	0.66398	0.00305	1	1.45898	0.81042	0	
1235656	8335.03125	3304149907450	0.58901	0.66651	8334.83691	0.19434	10897	1	0.61296	0.63719	1	0.52470	0.68274	1	0.56883	0.65997	1	0.46244	0.55009	11.73756	1.02220	1	0.72549	0.57384	12.42701	1.02901	1	-0.00968	-0.01170	0.67222	0.00292	1	0.05710	-0.01618	0.66398	0.00302	1	1.45898	0.81042	0	
1235657	8335.03809	3304149974324	0.58836	0.66619	8334.83691	0.20117	10897	1	0.61275	0.63360	1	0.52528	0.67929	1	0.56902	0.65645	1	0.46279	0.55026	12.45647	1.02901	1	0.72580	0.57435	12.65297	1.03582	1	-0.00968	-0.01170	0.67222	0.00285	1	0.05710	-0.01618	0.66398	0.00308	1	1.45898	0.81042	0	
1235658	8335.04492	3304150041322	0.58788	0.66602	8334.83691	0.20801	10897	1	0.62635	0.60517	1	0.51950	0.71630	1	0.57293	0.66073	1	0.46288	0.55033	12.46455	1.03582	1	0.72541	0.57406	13.05048	1.03582	1	-0.00968	-0.01170	0.67222	0.00289	1	0.05710	-0.01618	0.66398	0.00327	1	1.45898	0.81042	0	
1235659	8335.05176	3304150108280	0.58744	0.66666	8334.83691	0.21484	10897	1	0.61833	0.62791	1	0.52792	0.74631	1	0.57312	0.68711	1	0.46272	0.55018	12.11205	1.03582	1	0.72560	0.57433	13.49040	1.03582	1	-0.00968	-0.01170	0.67222	0.00287	1	0.05710	-0.01618	0.66398	0.00309	1	1.45898	0.81042	0	
1235660	8335.05762	3304150175379	0.58701	0.66737	8334.83691	0.22070	10897	1	0.61854	0.63215	1	0.52721	0.74985	1	0.57287	0.69100	1	0.46302	0.55009	12.03686	1.02780	1	0.72611	0.57450	13.59747	1.02780	1	-0.00951	-0.01156	0.66413	0.00296	1	0.05609	-0.01587	0.65104	0.00304	1	1.45898	0.81042	0	
1235661	8335.06445	3304150242491	0.58693	0.66747	8334.83691	0.22754	10897	1	0.61418	0.57570	1	0.55456	0.76582	1	0.58437	0.67076	1	0.46292	0.54961	11.68444	1.01978	1	0.72642	0.57430	13.21416	1.01978	1	-0.00951	-0.01156	0.66413	0.00311	1	0.05609	-0.01587	0.65104	0.00300	1	1.45898	0.81042	0	
1235662	8335.07129	3304150309344	0.58702	0.66839	8334.83691	0.23438	10897	1	0.62051	0.63981	1	0.55967	0.76158	1	0.59009	0.70069	1	0.46280	0.54995	12.02538	1.01177	1	0.72646	0.57430	13.14976	1.01177	1	-0.00951	-0.01156	0.66413	0.00309	1	0.05609	-0.01587	0.65104	0.00299	1	1.45898	0.81042	0	
1235663	8335.07812	3304150376338	0.58708	0.66946	8334.83691	0.24121	10897	1	0.62089	0.64782	1	0.55784	0.76822	1	0.58936	0.70802	1	0.46286	0.54990	11.70906	0.99662	1	0.72669	0.57419	12.51114	0.99662	1	-0.00910	-0.01112	0.63888	0.00309	1	0.05796	-0.01642	0.67162	0.00310	1	1.45898	0.81042	0	
1235664	8335.08496	3304150443137	0.58712	0.67089	8334.83691	0.24805	10897	1	0.61238	0.67886	1	0.56488	0.76827	1	0.58863	0.72357	1	0.46279	0.55015	11.84227	0.98950	1	0.72668	0.57432	12.69476	0.98950	1	-0.00910	-0.01112	0.63888	0.00306	1	0.05796	-0.01642	0.67162	0.00302	1	1.45898	0.81042	0	
1235665	8335.09180	3304150510508	0.58740	0.67221	8334.83691	0.25488	10897	1	0.62946	0.64695	1	0.56620	0.79770	1	0.59783	0.72232	1	0.46303	0.54986	11.46213	0.98237	1	0.72670	0.57463	12.73015	0.98237	1	-0.00910	-0.01112	0.63888	0.00311	1	0.05796	-0.01642	0.67162	0.00310	1	1.45898	0.81042	0	
1235666	8335.09863	3304150577446	0.58767	0.67336	8334.83691	0.26172	10897	1	0.62932	0.64263	1	0.56725	0.79438	1	0.59829	0.71851	1	0.46308	0.55003	11.30451	0.99039	1	0.72651	0.57441	12.30203	0.99039	1	-0.00961	-0.01186	0.68161	0.00308	1	0.05796	-0.01642	0.67162	0.00315	1	1.45898	0.81042	0	
1235667	8335.10449	3304150644712	0.58753	0.67391	8334.83691	0.26758	10897	1	0.62000	0.66145	1	0.54416	0.73017	1	0.58208	0.69581	1	0.46289	0.55034	11.73653	1.00553	1	0.72664	0.57410	12.32125	1.00553	1	-0.00961	-0.01186	0.68161	0.00299	1	0.05796	-0.01642	0.67162	0.00304	1	1.45898	0.81042	0	
1235668	8335.11133	3304150711298	0.58740	0.67438	8334.83691	0.27441	10897	1	0.61719	0.65149	1	0.54690	0.73609	1	0.58205	0.69379	1	0.46286	0.55022	12.02135	1.02068	1	0.72666	0.57410	12.34314	1.02068	1	-0.00961	-0.01186	0.68161	0.00306	1	0.05796	-0.01642	0.67162	0.00291	1	1.45898	0.81042	0	
1235669	8335.11816	3304150777162	0.58729	0.67466	8334.83691	0.28125	10897	1	0.61677	0.64371	1	0.54853	0.72913	1	0.58265	0.68642	1	0.46292	0.55005	11.74019	1.03582	1	0.72659	0.57426	12.52668	1.03582	1	-0.00961	-0.01186	0.68161	0.00309	1	0.05732	-0.01619	0.66417	0.00292	1	1.45898	0.81042	0	
1235670	8335.12500	3304150845321	0.58704	0.67476	8334.83691	0.28809	10897	1	0.63438	0.63333	1	0.51823	0.72394	1	0.57631	0.67864	1	0.46312	0.55006	11.38607	1.03582	1	0.72608	0.57428	12.71756	1.03582	1	-0.00961	-0.01186	0.68161	0.00311	1	0.05732	-0.01619	0.66417	0.00306	1	1.45898	0.81042	0	
1235671	8335.13184	3304150911314	0.58697	0.67449	8334.83691	0.29492	10897	1	0.62383	0.60195	1	0.54393	0.72361	1	0.58388	0.66278	1	0.46308	0.55003	11.30451	1.03582	1	0.72658	0.57421	12.42711	1.03582	1	-0.00961	-0.01186	0.68161	0.00307	1	0.05732	-0.01619	0.66417	0.00293	1	1.45898	0.81042	0	
1235672	8335.13867	3304150978627	0.58691	0.67423	8334.83691	0.30176	10897	1	0.62383	0.60195	1	0.54393	0.72361	1	0.58388	0.66278	1	0.46300	0.55033	11.11107	1.03582	1	0.72631	0.57437	12.27997	1.03582	1	-0.00961	-0.01186	0.68161	0.00292	1	0.05732	-0.01619	0.66417	0.00307	1	1.45898	0.81042	0	
1235673	8335.14551	3304151045851	0.58659	0.67446	8334.83691	0.30859	10897	1	0.62699	0.64816	1	0.51711	0.72192	1	0.57205	0.68504	1	0.46309	0.55028	11.39232	1.03582	1	0.72615	0.57418	11.87523	1.03582	1	-0.00961	-0.01186	0.68161	0.00292	1	0.05732	-0.01619	0.66417	0.00322	1	1.45898	0.81042	0	
1235674	8335.15137	3304151112590	0.58644	0.67469	8334.83691	0.31445	10897	1	0.62281	0.63261	1	0.53558	0.73812	1	0.57919	0.68537	1	0.46303	0.55031	11.27375	1.03582	1	0.72602	0.57449	12.49694	1.03582	1	-0.00961	-0.01186	0.68161	0.00289	1	0.05732	-0.01619	0.66417	0.00315	1	1.45898	0.81042	0	
1235675	8335.15820	3304151180131	0.58603	0.67541	8334.83691	0.32129	10897	1	0.62314	0.64055	1	0.53413	0.74494	1	0.57864	0.69274	1	0.46299	0.55022	11.06166	1.02068	1	0.72662	0.57462	13.16191	1.02068	1	-0.00910	-0.01112	0.63888	0.00293	1	0.05732	-0.01619	0.66417	0.00297	1	1.45898	0.81042	0	
1235676	8335.16504	3304151246524	0.58565	0.67545	8334.83691	0.32812	10897	1	0.62856	0.65809	1	0.56109	0.76172	1	0.59483	0.70990	1	0.46315	0.55041	11.39518	1.00553	1	0.72656	0.57445	12.74835	1.00553	1	-0.00910	-0.01112	0.63888	0.00291	1	0.05732	-0.01619	0.66417	0.00301	1	1.45898	0.81042	0	
1235677	8335.17188	3304151314056	0.58558	0.67635	8334.83691	0.33496	10897	1	0.62553	0.66567	1	0.56057	0.76353	1	0.59305	0.71460	1	0.46307	0.55043	11.37794	0.99039	1	0.72648	0.57448	12.59044	0.99039	1	-0.00910	-0.01112	0.63888	0.00294	1	0.05732	-0.01619	0.66417	0.00300	1	1.45898	0.81042	0	
1235678	8335.17871	3304151381016	0.58550	0.67741	8334.83691	0.34180	10897	1	0.62569	0.66980	1	0.55957	0.76711	1	0.59263	0.71845	1	0.46329	0.55065	11.12658	0.98237	1	0.72650	0.57442	12.18119	0.98237	1	-0.00951	-0.01156	0.66413	0.00287	1	0.05732	-0.01619	0.66417	0.00296	1	1.45898	0.81042	0	
1235679	8335.18457	3304151443061	0.58547	0.67870	8334.83691	0.34766	10897	1	0.64062	0.66455	1	0.55633	0.77609	1	0.59848	0.72032	1	0.46329	0.55035	11.03272	0.98950	1	0.72645	0.57457	12.31160	0.98950	1	-0.00951	-0.01156	0.66413	0.00295	1	0.05732	-0.01619	0.66417	0.00296	1	1.45898	0.81042	0	
1235680	8335.19238	3304151514912	0.58556	0.67966	8334.83691	0.35547	10897	1	0.62504	0.65368	1	0.55572	0.77954	1	0.59038	0.71661	1	0.46310	0.55043	11.52308	0.99662	1	0.72650	0.57457	12.34261	0.99662	1	-0.00951	-0.01156	0.66413	0.00288	1	0.05732	-0.01619	0.66417	0.00295	1	1.45898	0.81042	0	
1235681	8335.19824	3304151580700	0.58563	0.68072	8334.83691	0.36133	10897	1	0.62489	0.64995	1	0.55748	0.77323	1	0.59118	0.71159	1	0.46265	0.55063	12.21420	1.00375	1	0.72654	0.57419	12.24750	1.01141	1	-0.00951	-0.01156	0.66413	0.00286	1	0.05831	-0.01648	0.67624	0.00307	1	1.45898	0.81042	0	
1235682	8335.20508	3304151649029	0.58512	0.68141	8334.83691	0.36816	10897	1	0.63503	0.70602	1	0.53483	0.74421	1	0.58493	0.72511	1	0.46300	0.55051	11.60298	1.01141	1	0.72615	0.57432	12.56747	1.01907	1	-0.00951	-0.01156	0.66413	0.00288	1	0.05831	-0.01648	0.67624	0.00305	1	1.45898	0.81042	0	
1235683	8335.21191	3304151714496	0.58496	0.68306	8334.83691	0.37500	10897	1	0.63317	0.70300	1	0.53556	0.74075	1	0.58437	0.72188	1	0.46300	0.55051	11.60298	1.01907	1	0.72615	0.57432	12.56747	1.02673	1	-0.00951	-0.01156	0.66413	0.00288	1	0.05831	-0.01648	0.67624	0.00305	1	1.45898	0.81042	0	
1235684	8335.21875	3304151780102	0.58703	0.70984	8334.83691	0.37500	10897	0	0.63297	0.69574	1	0.53633	0.73713	1	0.58465	0.71643	1	0.46264	0.55061	10.85620	1.03475	1	0.72645	0.57461	12.72315	1.03475	1	-0.00968	-0.01170	0.67222	0.00283	1	0.05732	-0.01619	0.66417	0.00292	1	1.45898	0.81042	0	
1235685	8335.22559	3304151846782	0.58663	0.70422	8334.83691	0.37500	10897	0	0.60797	0.64627	1	0.56450	0.75095	1	0.58623	0.69861	1	0.46285	0.55054	10.93803	1.04276	1	0.72637	0.57454	12.55717	1.03510	1	-0.00968	-0.01170	0.67222	0.00283	1	0.05732	-0.01619	0.66417	0.00294	1	1.45898	0.81042	0	
1235686	8335.23145	3304151911962	0.58151	0.71070	8334.83691	0.37500	10897	0	0.58440	0.67211	1	0.55810	0.77520	1	0.57125	0.72366	1	0.46238	0.55067	10.99595	1.04312	1	0.72639	0.57454	12.44443	1.03546	1	-0.00968	-0.01170	0.67222	0.00283	1	0.05732	-0.01619	0.66417	0.00294	1	1.45898	0.81042	0	
1235687	8335.23926	3304151983382	0.57894	0.71390	8335.21875	0.02051	10898	1	0.58438	0.67194	1	0.55814	0.77505	1	0.57126	0.72349	1	0.46299	0.55078	11.86779	1.04348	1	0.72618	0.57451	11.74375	1.03582	1	-0.00968	-0.01170	0.67222	0.00275	1	0.05732	-0.01619	0.66417	0.00294	1	1.45898	0.81042	0	
1235688	8335.24512	3304152048354	0.58358	0.71583	8335.21875	0.02637	10898	1	0.64368	0.69529	1	0.56055	0.75183	1	0.60211	0.72356	1	0.46328	0.55072	11.21540	1.03582	1	0.72658	0.57453	12.11719	1.03582	1	-0.00968	-0.01170	0.67222	0.00279	1	0.05732	-0.01619	0.66417	0.00294	1	1.45898	0.81042	0	
1235689	8335.25195	3304152115748	0.58452	0.71512	8335.21875	0.03320	10898	1	0.61242	0.66532	1	0.56607	0.75786	1	0.58925	0.71159	1	0.46285	0.55065	11.01665	1.03582	1	0.72650	0.57439	12.02977	1.03582	1	-0.00968	-0.01170	0.67222	0.00276	1	0.05732	-0.01619	0.66417	0.00307	1	1.45898	0.81042	0	
1235690	8335.25879	3304152179917	0.58514	0.71515	8335.21875	0.04004	10898	1	0.61268	0.66927	1	0.56507	0.76132	1	0.58887	0.71530	1	0.46256	0.55075	10.98456	1.02780	1	0.72625	0.57446	12.48537	1.02780	1	-0.00951	-0.01156	0.66413	0.00280	1	0.05732	-0.01619	0.66417	0.00302	1	1.45898	0.81042	0	
1235691	8335.26562	3304152248181	0.58329	0.71504	8335.21875	0.04688	10898	1	0.62070	0.69905	1	0.51991	0.72956	1	0.57030	0.71431	1	0.46294	0.55080	10.87999	1.01978	1	0.72627	0.57420	12.30401	1.01978	1	-0.00951	-0.01156	0.66413	0.00278	1	0.05732	-0.01619	0.66417	0.00297	1	1.45898	0.81042	0	
1235692	8335.27246	3304152315829	0.58292	0.71415	8335.21875	0.05371	10898	1	0.63139	0.68786	1	0.52854	0.72620	1	0.57997	0.70703	1	0.46313	0.55079	11.55748	1.01177	1	0.72641	0.57429	12.29873	1.01177	1	-0.00951	-0.01156	0.66413	0.00278	1	0.05732	-0.01619	0.66417	0.00290	1	1.45898	0.81042	0	
1235693	8335.27930	3304152385824	0.58257	0.71416	8335.21875	0.06055	10898	1	0.63162	0.69515	1	0.52717	0.73335	1	0.57939	0.71425	1	0.46332	0.55077	11.19906	0.99662	1	0.72634	0.57416	12.06809	0.99662	1	-0.00910	-0.01112	0.63888	0.00283	1	0.05732	-0.01619	0.66417	0.00295	1	1.45898	0.81042	0	
1235694	8335.28516	3304152451024	0.58234	0.71641	8335.21875	0.06641	10898	1	0.63721	0.71759	1	0.52294	0.76010	1	0.58008	0.73885	1	0.46312	0.55084	11.52316	0.98950	1	0.72624	0.57425	11.84656	0.98950	1	-0.00910	-0.01112	0.63888	0.00276	1	0.05732	-0.01619	0.66417	0.00300	1	1.45898	0.81042	0	
1235695	8335.29199	3304152519655	0.58250	0.71749	8335.21875	0.07324	10898	1	0.64540	0.71017	1	0.52302	0.74861	1	0.58421	0.72939	1	0.46333	0.55081	11.23030	0.98237	1	0.72618	0.57419	11.74758	0.98237	1	-0.00910	-0.01112	0.63888	0.00283	1	0.05732	-0.01619	0.66417	0.00302	1	1.45898	0.81042	0	
1235696	8335.29883	3304152586621	0.58260	0.71866	8335.21875	0.08008	10898	1	0.64541	0.71355	1	0.52239	0.75191	1	0.58390	0.73273	1	0.46316	0.55075	10.74308	0.97525	1	0.72628	0.57430	11.88592	0.97525	1	-0.00910	-0.01112	0.63888	0.00277	1	0.05796	-0.01642	0.67162	0.00296	1	1.45898	0.81042	0	
1235697	8335.30566	3304152653282	0.58195	0.71988	8335.21875	0.08691	10898	1	0.62703	0.70629	1	0.51987	0.76504	1	0.57345	0.73567	1	0.46299	0.55081	11.33896	0.97525	1	0.72622	0.57434	12.00503	0.97525	1	-0.00910	-0.01112	0.63888	0.00277	1	0.05796	-0.01642	0.67162	0.00299	1	1.45898	0.81042	0	
1235698	8335.31250	3304152720632	0.58095	0.72173	8335.21875	0.09375	10898	1	0.61221	0.72186	1	0.52164	0.77350	1	0.56693	0.74768	1	0.46279	0.55080	10.41015	0.97525	1	0.72626	0.57433	12.00776	0.97525	1	-0.00910	-0.01112	0.63888	0.00281	1	0.05796	-0.01642	0.67162	0.00298	1	1.45898	0.81042	0	
1235699	8335.31934	3304152787692	0.58007	0.72335	8335.21875	0.10059	10898	1	0.61221	0.72186	1	0.52164	0.77350	1	0.56693	0.74768	1	0.46297	0.55076	10.80402	0.97525	1	0.72639	0.57429	12.47687	0.97525	1	-0.00910	-0.01112	0.63888	0.00280	1	0.05796	-0.01642	0.67162	0.00292	1	1.45898	0.81042	0	
1235700	8335.32617	3304152854242	0.57930	0.72478	8335.21875	0.10742	10898	1	0.61221	0.72186	1	0.52164	0.77350	1	0.56693	0.74768	1	0.46279	0.55080	10.41015	0.97525	1	0.72625	0.57432	12.00367	0.97525	1	-0.00910	-0.01112	0.63888	0.00281	1	0.05796	-0.01642	0.67162	0.00299	1	1.45898	0.81042	0	
1235701	8335.33301	3304152921693	0.57897	0.72530	8335.21875	0.11426	10898	1	0.62918	0.69774	1	0.51771	0.77029	1	0.57344	0.73402	1	0.46306	0.55075	10.40394	0.97525	1	0.72619	0.57433	11.76924	0.97525	1	-0.00910	-0.01112	0.63888	0.00278	1	0.05796	-0.01642	0.67162	0.00301	1	1.45898	0.81042	0	
1235702	8335.33887	3304152988037	0.57871	0.72538	8335.21875	0.12012	10898	1	0.62892	0.69033	1	0.51897	0.76356	1	0.57394	0.72695	1	0.46277	0.55061	10.73261	0.99039	1	0.72656	0.57446	11.36566	0.99039	1	-0.00968	-0.01170	0.67222	0.00293	1	0.05796	-0.01642	0.67162	0.00294	1	1.45898	0.81042	0	
1235703	8335.34570	3304153055551	0.57755	0.72429	8335.21875	0.12695	10898	1	0.59962	0.65336	1	0.51150	0.75356	1	0.55556	0.70346	1	0.46267	0.55045	10.73595	1.00553	1	0.72613	0.57440	11.68916	1.00553	1	-0.00968	-0.01170	0.67222	0.00305	1	0.05796	-0.01642	0.67162	0.00302	1	1.45898	0.81042	0	
1235704	8335.35254	3304153123101	0.57794	0.72413	8335.21875	0.13379	10898	1	0.63641	0.68516	1	0.53490	0.75682	1	0.58566	0.72099	1	0.46277	0.55069	11.05372	1.02068	1	0.72635	0.57452	12.03417	1.02068	1	-0.00968	-0.01170	0.67222	0.00270	1	0.05796	-0.01642	0.67162	0.00297	1	1.45898	0.81042	0	AUDIO_FILE_OFFSET
1235705	8335.35938	3304153189591	0.57832	0.72367	8335.21875	0.14062	10898	1	0.63626	0.67789	1	0.53635	0.75018	1	0.58631	0.71403	1	0.46227	0.55088	11.32290	1.03582	1	0.72624	0.57469	12.02979	1.03582	1	-0.00968	-0.01170	0.67222	0.00274	1	0.05732	-0.01629	0.66417	0.00287	1	1.45898	0.81042	0	
1235706	8335.36621	3304153256975	0.57827	0.72463	8335.21875	0.14746	10898	1	0.61002	0.70746	1	0.54454	0.78383	1	0.57728	0.74564	1	0.46241	0.55082	11.03573	1.03582	1	0.72648	0.57478	12.35243	1.03582	1	-0.00968	-0.01170	0.67222	0.00275	1	0.05732	-0.01629	0.66417	0.00296	1	1.45898	0.81042	0	
1235707	8335.37305	3304153323622	0.57872	0.72468	8335.21875	0.15430	10898	1	0.61724	0.68084	1	0.56064	0.77104	1	0.58894	0.72594	1	0.46251	0.55071	10.82580	1.03582	1	0.72641	0.57481	12.27373	1.03582	1	-0.00968	-0.01170	0.67222	0.00288	1	0.05732	-0.01629	0.66417	0.00292	1	1.45898	0.81042	0	STOP_TRIAL
1236008	8337.38867	3304173485216	0.51395	0.44404	8337.29492	0.07422	10905	0	0.53457	0.40328	0	0.50705	0.43250	0	0.50705	0.43250	0	0.46419	0.52806	11.14828	1.00859	0	0.72746	0.55417	11.79041	1.00859	0	-0.00898	-0.00786	0.68071	0.00385	1	0.05423	-0.01192	0.62350	0.00388	1	1.45898	0.81042	0	START_TRIAL
1236009	8337.39551	3304173549864	0.00000	0.00000	8337.29492	0.07422	10905	0	0.53457	0.40328	0	0.50705	0.43250	0	0.50705	0.43250	0	0.46419	0.52806	11.14828	1.00859	0	0.72746	0.55417	11.79041	1.00859	0	-0.00898	-0.00786	0.68071	0.00385	1	0.05423	-0.01192	0.62350	0.00388	1	1.45898	0.81042	0	
1236010	8337.40234	3304173619288	0.00000	0.00000	8337.29492	0.07422	10905	0	0.53457	0.40328	0	0.50705	0.43250	0	0.50705	0.43250	0	0.46419	0.52806	11.14828	1.00859	0	0.72746	0.55417	11.79041	1.00859	0	-0.00898	-0.00786	0.68071	0.00385	1	0.05423	-0.01192	0.62350	0.00388	1	1.45898	0.81042	0	
1236011	8337.40918	3304173685870	0.00000	0.00000	8337.29492	0.07422	10905	0	0.53457	0.40328	0	0.50705	0.43250	0	0.50705	0.43250	0	0.46419	0.52806	11.14828	1.00859	0	0.72746	0.55417	11.79041	1.00859	0	-0.00898	-0.00786	0.68071	0.00385	1	0.05423	-0.01192	0.62350	0.00388	1	1.45898	0.81042	0	
1236012	8337.41602	3304173751154	0.49670	0.42343	8337.29492	0.07422	10905	0	0.53457	0.40328	0	0.49670	0.42343	1	0.49670	0.42343	1	0.46419	0.52806	11.14828	1.00859	0	0.72719	0.55491	12.90665	1.00859	1	-0.00898	-0.00786	0.68071	0.00385	1	0.05423	-0.01192	0.62350	0.00374	1	1.45898	0.81042	0	
1236013	8337.42285	3304173819617	0.49670	0.42343	8337.29492	0.07422	10905	0	0.53457	0.40328	0	0.49670	0.42343	0	0.49670	0.42343	0	0.46419	0.52806	11.14828	1.00859	0	0.72719	0.55491	12.90665	1.00859	0	-0.00898	-0.00786	0.68071	0.00385	1	0.05423	-0.01192	0.62350	0.00374	1	1.45898	0.81042	0	
1236014	8337.42969	3304173887209	0.49670	0.42343	8337.29492	0.07422	10905	0	0.53457	0.40328	0	0.49670	0.42343	0	0.49670	0.42343	0	0.46419	0.52806	11.14828	1.00859	0	0.72719	0.55491	12.90665	1.00859	0	-0.00898	-0.00786	0.68071	0.00385	1	0.05423	-0.01192	0.62350	0.00374	1	1.45898	0.81042	0	
1236015	8337.43555	3304173954092	0.00000	0.00000	8337.29492	0.07422	10905	0	0.53457	0.40328	0	0.49670	0.42343	0	0.49670	0.42343	0	0.46419	0.52806	11.14828	1.00859	0	0.72719	0.55491	12.90665	1.00859	0	-0.00898	-0.00786	0.68071	0.00385	1	0.05423	-0.01192	0.62350	0.00374	1	1.45898	0.81042	0	
1236016	8337.44336	3304174026664	0.00000	0.00000	8337.29492	0.07422	10905	0	0.53457	0.40328	0	0.49670	0.42343	0	0.49670	0.42343	0	0.46419	0.52806	11.14828	1.00859	0	0.72719	0.55491	12.90665	1.00859	0	-0.00898	-0.00786	0.68071	0.00385	1	0.05423	-0.01192	0.62350	0.00374	1	1.45898	0.81042	0	
1236017	8337.44922	3304174087553	0.00000	0.00000	8337.29492	0.07422	10905	0	0.53457	0.40328	0	0.49670	0.42343	0	0.49670	0.42343	0	0.46419	0.52806	11.14828	1.00859	0	0.72719	0.55491	12.90665	1.00859	0	-0.00898	-0.00786	0.68071	0.00385	1	0.05423	-0.01192	0.62350	0.00374	1	1.45898	0.81042	0	
1236018	8337.45605	3304174154456	0.00000	0.00000	8337.29492	0.07422	10905	0	0.53457	0.40328	0	0.49670	0.42343	0	0.49670	0.42343	0	0.46419	0.52806	11.14828	1.00859	0	0.72719	0.55491	12.90665	1.00859	0	-0.00898	-0.00786	0.68071	0.00385	1	0.05423	-0.01192	0.62350	0.00374	1	1.45898	0.81042	0	
1236019	8337.46289	3304174221573	0.00000	0.00000	8337.29492	0.07422	10905	0	0.53457	0.40328	0	0.49670	0.42343	0	0.49670	0.42343	0	0.46419	0.52806	11.14828	1.00859	0	0.72719	0.55491	12.90665	1.00859	0	-0.00898	-0.00786	0.68071	0.00385	1	0.05423	-0.01192	0.62350	0.00374	1	1.45898	0.81042	0	
1236020	8337.46973	3304174288959	0.00000	0.00000	8337.29492	0.07422	10905	0	0.53457	0.40328	0	0.49670	0.42343	0	0.49670	0.42343	0	0.46419	0.52806	11.14828	1.00859	0	0.72719	0.55491	12.90665	1.00859	0	-0.00898	-0.00786	0.68071	0.00385	1	0.05423	-0.01192	0.62350	0.00374	1	1.45898	0.81042	0	
1236021	8337.47559	3304174355446	0.00000	0.00000	8337.29492	0.07422	10905	0	0.53457	0.40328	0	0.49670	0.42343	0	0.49670	0.42343	0	0.46419	0.52806	11.14828	1.00859	0	0.72719	0.55491	12.90665	1.00859	0	-0.00898	-0.00786	0.68071	0.00385	1	0.05423	-0.01192	0.62350	0.00374	1	1.45898	0.81042	0	
1236022	8337.48242	3304174423030	0.26048	0.13298	8337.29492	0.07422	10905	0	0.53166	0.14446	1	0.51026	0.38746	1	0.52096	0.26596	1	0.46423	0.53125	11.27607	1.00859	1	0.72821	0.55960	12.47564	1.00859	1	-0.00898	-0.00786	0.68071	0.00243	1	0.05423	-0.01192	0.62350	0.00380	1	1.45898	0.81042	0	
1236023	8337.48926	3304174489942	0.34739	0.17639	8337.29492	0.07422	10905	0	0.53166	0.14446	1	0.51075	0.38195	1	0.52121	0.26320	1	0.46432	0.53459	11.14651	1.00859	1	0.72788	0.56075	12.77942	1.01539	1	-0.00902	-0.00928	0.68330	0.00389	1	0.05760	-0.01405	0.65943	0.00360	1	1.45898	0.81042	0	
1236024	8337.49609	3304174556745	0.52076	0.30471	8337.29492	0.07422	10905	0	0.52951	0.37497	1	0.51070	0.39494	1	0.52010	0.38496	1	0.46438	0.53497	11.43649	1.01539	1	0.72820	0.56119	12.19077	1.02220	1	-0.00902	-0.00928	0.68330	0.00392	1	0.05760	-0.01405	0.65943	0.00403	1	1.45898	0.81042	0	
1236025	8337.50293	3304174624255	0.51135	0.27871	8337.29492	0.07422	10905	0	0.51477	0.18182	1	0.48911	0.32358	1	0.50194	0.25270	1	0.46433	0.53287	11.45948	1.02220	1	0.72823	0.56102	12.09154	1.02901	1	-0.00902	-0.00928	0.68330	0.00234	1	0.05760	-0.01405	0.65943	0.00402	1	1.45898	0.81042	0	
1236026	8337.50977	3304174690282	0.50814	0.26796	8337.29492	0.07422	10905	0	0.51398	0.17517	1	0.48946	0.31777	1	0.50172	0.24647	1	0.46489	0.53689	12.09247	1.02901	1	0.72833	0.56208	11.81610	1.03582	1	-0.00911	-0.00968	0.69027	0.00378	1	0.05760	-0.01444	0.65943	0.00395	1	1.45898	0.81042	0	
1236027	8337.51660	3304174757416	0.50177	0.28221	8337.49609	0.02051	10906	1	0.51398	0.17517	0	0.48265	0.32496	1	0.48265	0.32496	1	0.46489	0.53689	12.09247	1.03582	0	0.72811	0.56196	11.87038	1.03582	1	-0.00911	-0.00968	0.69027	0.00378	1	0.05760	-0.01444	0.65943	0.00423	1	1.45898	0.81042	0	
1236028	8337.52344	3304174825365	0.50177	0.28221	8337.49609	0.02734	10906	1	0.51398	0.17517	0	0.48265	0.32496	0	0.48265	0.32496	0	0.46489	0.53689	12.09247	1.03582	0	0.72811	0.56196	11.87038	1.03582	0	-0.00911	-0.00968	0.69027	0.00378	1	0.05760	-0.01444	0.65943	0.00423	1	1.45898	0.81042	0	
1236029	8337.52930	3304174891722	0.50177	0.28221	8337.49609	0.03320	10906	1	0.51398	0.17517	0	0.48265	0.32496	0	0.48265	0.32496	0	0.46489	0.53689	12.09247	1.03582	0	0.72811	0.56196	11.87038	1.03582	0	-0.00911	-0.00968	0.69027	0.00378	1	0.05760	-0.01444	0.65943	0.00423	1	1.45898	0.81042	0	
1236030	8337.53613	3304174958721	0.50177	0.28221	8337.49609	0.04004	10906	1	0.51398	0.17517	0	0.48265	0.32496	0	0.48265	0.32496	0	0.46489	0.53689	12.09247	1.03582	0	0.72811	0.56196	11.87038	1.03582	0	-0.00911	-0.00968	0.69027	0.00378	1	0.05760	-0.01444	0.65943	0.00423	1	1.45898	0.81042	0	
1236031	8337.54297	3304175025679	0.49544	0.27471	8337.49609	0.04004	10906	0	0.51398	0.17517	0	0.48265	0.32496	0	0.48265	0.32496	0	0.46489	0.53689	12.09247	1.03582	0	0.72811	0.56196	11.87038	1.03582	0	-0.00911	-0.00968	0.69027	0.00378	1	0.05760	-0.01444	0.65943	0.00423	1	1.45898	0.81042	0	
1236032	8337.54980	3304175090771	0.49544	0.27471	8337.49609	0.04004	10906	0	0.51398	0.17517	0	0.48265	0.32496	0	0.48265	0.32496	0	0.46489	0.53689	12.09247	1.03582	0	0.72811	0.56196	11.87038	1.03582	0	-0.00911	-0.00968	0.69027	0.00378	1	0.05760	-0.01444	0.65943	0.00423	1	1.45898	0.81042	0	
1236033	8337.55664	3304175158704	0.49589	0.35811	8337.49609	0.04004	10906	0	0.51398	0.17517	0	0.49635	0.44150	1	0.49635	0.44150	1	0.46489	0.53689	12.09247	1.03582	0	0.72798	0.56562	12.91729	1.03582	1	-0.00911	-0.00968	0.69027	0.00378	1	0.05760	-0.01444	0.65943	0.00378	1	1.45898	0.81042	0	
1236034	8337.56348	3304175226282	0.49635	0.44150	8337.49609	0.04004	10906	0	0.51398	0.17517	0	0.49635	0.44150	0	0.49635	0.44150	0	0.46489	0.53689	12.09247	1.03582	0	0.72798	0.56562	12.91729	1.03582	0	-0.00911	-0.00968	0.69027	0.00378	1	0.05760	-0.01444	0.65943	0.00378	1	1.45898	0.81042	0	
1236035	8337.56934	3304175291714	0.49635	0.44150	8337.49609	0.04004	10906	0	0.51398	0.17517	0	0.49635	0.44150	0	0.49635	0.44150	0	0.46489	0.53689	12.09247	1.03582	0	0.72798	0.56562	12.91729	1.03582	0	-0.00911	-0.00968	0.69027	0.00378	1	0.05760	-0.01444	0.65943	0.00378	1	1.45898	0.81042	0	
1236036	8337.57617	3304175360702	0.49635	0.44150	8337.49609	0.04004	10906	0	0.51398	0.17517	0	0.49635	0.44150	0	0.49635	0.44150	0	0.46489	0.53689	12.09247	1.03582	0	0.72798	0.56562	12.91729	1.03582	0	-0.00911	-0.00968	0.69027	0.00378	1	0.05760	-0.01444	0.65943	0.00378	1	1.45898	0.81042	0	
1236037	8337.58301	3304175426853	0.00000	0.00000	8337.49609	0.04004	10906	0	0.51398	0.17517	0	0.49635	0.44150	0	0.49635	0.44150	0	0.46489	0.53689	12.09247	1.03582	0	0.72798	0.56562	12.91729	1.03582	0	-0.00911	-0.00968	0.69027	0.00378	1	0.05760	-0.01444	0.65943	0.00378	1	1.45898	0.81042	0	
1236038	8337.58984	3304175494643	0.00000	0.00000	8337.49609	0.04004	10906	0	0.51398	0.17517	0	0.49635	0.44150	0	0.49635	0.44150	0	0.46489	0.53689	12.09247	1.03582	0	0.72798	0.56562	12.91729	1.03582	0	-0.00911	-0.00968	0.69027	0.00378	1	0.05760	-0.01444	0.65943	0.00378	1	1.45898	0.81042	0	
1236039	8337.59668	3304175561037	0.00000	0.00000	8337.49609	0.04004	10906	0	0.51398	0.17517	0	0.49635	0.44150	0	0.49635	0.44150	0	0.46489	0.53689	12.09247	1.03582	0	0.72798	0.56562	12.91729	1.03582	0	-0.00911	-0.00968	0.69027	0.00378	1	0.05760	-0.01444	0.65943	0.00378	1	1.45898	0.81042	0	
1236040	8337.60352	3304175628205	0.00000	0.00000	8337.49609	0.04004	10906	0	0.51398	0.17517	0	0.49635	0.44150	0	0.49635	0.44150	0	0.46489	0.53689	12.09247	1.03582	0	0.72798	0.56562	12.91729	1.03582	0	-0.00911	-0.00968	0.69027	0.00378	1	0.05760	-0.01444	0.65943	0.00378	1	1.45898	0.81042	0	
1236041	8337.61035	3304175695741	0.00000	0.00000	8337.49609	0.04004	10906	0	0.51398	0.17517	0	0.49635	0.44150	0	0.49635	0.44150	0	0.46489	0.53689	12.09247	1.03582	0	0.72798	0.56562	12.91729	1.03582	0	-0.00911	-0.00968	0.69027	0.00378	1	0.05760	-0.01444	0.65943	0.00378	1	1.45898	0.81042	0	
1236042	8337.61719	3304175762574	0.00000	0.00000	8337.49609	0.04004	10906	0	0.51398	0.17517	0	0.49635	0.44150	0	0.49635	0.44150	0	0.46489	0.53689	12.09247	1.03582	0	0.72798	0.56562	12.91729	1.03582	0	-0.00911	-0.00968	0.69027	0.00378	1	0.05760	-0.01444	0.65943	0.00378	1	1.45898	0.81042	0	
1236043	8337.62305	3304175829639	0.53757	0.35920	8337.49609	0.04004	10906	0	0.56090	0.38824	1	0.51425	0.33015	1	0.53757	0.35920	1	0.46303	0.54130	11.72997	1.03582	1	0.72669	0.56696	12.23676	1.03582	1	-0.00911	-0.00968	0.69027	0.00377	1	0.05760	-0.01444	0.65943	0.00413	1	1.45898	0.81042	0	
1236044	8337.62988	3304175894031	0.53771	0.35758	8337.49609	0.04004	10906	0	0.56090	0.38824	1	0.51482	0.32368	1	0.53786	0.35596	1	0.46267	0.54048	11.04556	1.03582	1	0.72630	0.56770	12.08868	1.04348	1	-0.00949	-0.01051	0.68023	0.00401	1	0.05841	-0.01580	0.67505	0.00383	1	1.45898	0.81042	0	
1236045	8337.63672	3304175961247	0.53241	0.37048	8337.49609	0.04004	10906	0	0.56843	0.37157	1	0.47517	0.42100	1	0.52180	0.39629	1	0.46282	0.54115	11.52872	1.04348	1	0.72602	0.56808	11.70325	1.05114	1	-0.00949	-0.01051	0.68023	0.00384	1	0.05841	-0.01580	0.67505	0.00399	1	1.45898	0.81042	0	
1236046	8337.64355	3304176028074	0.53643	0.37152	8337.62305	0.02051	10907	1	0.56044	0.37392	1	0.53658	0.37533	1	0.54851	0.37463	1	0.46268	0.54136	11.27486	1.05114	1	0.72622	0.56752	11.54674	1.05880	1	-0.00949	-0.01051	0.68023	0.00381	1	0.05841	-0.01580	0.67505	0.00402	1	1.45898	0.81042	0	
1236047	8337.65039	3304176094848	0.53879	0.37155	8337.62305	0.02734	10907	1	0.55985	0.36806	1	0.53658	0.37533	1	0.54822	0.37170	1	0.46189	0.54184	11.22303	1.05880	1	0.72595	0.56772	11.74052	1.05880	1	-0.00978	-0.01076	0.68659	0.00366	1	0.05732	-0.01554	0.66417	0.00386	1	1.45898	0.81042	0	
1236048	8337.65625	3304176162481	0.53248	0.37856	8337.62305	0.03320	10907	1	0.52908	0.39424	1	0.47274	0.43291	1	0.50091	0.41358	1	0.46177	0.54199	11.34569	1.05880	1	0.72523	0.56821	11.82124	1.05114	1	-0.00978	-0.01076	0.68659	0.00374	1	0.05732	-0.01554	0.66417	0.00389	1	1.45898	0.81042	0	
1236049	8337.66309	3304176228364	0.53291	0.38436	8337.62305	0.04004	10907	1	0.54584	0.41412	1	0.52520	0.42420	1	0.53552	0.41916	1	0.46164	0.54172	11.26989	1.05114	1	0.72531	0.56794	11.70303	1.04348	1	-0.00978	-0.01076	0.68659	0.00393	1	0.05732	-0.01554	0.66417	0.00389	1	1.45898	0.81042	0	
1236050	8337.66992	3304176296165	0.53324	0.38941	8337.62305	0.04688	10907	1	0.54652	0.41969	1	0.52456	0.42994	1	0.53554	0.42481	1	0.46110	0.54213	11.56372	1.04348	1	0.72511	0.56771	12.02663	1.03582	1	-0.00990	-0.01072	0.68054	0.00381	1	0.05710	-0.01554	0.66398	0.00377	1	1.45898	0.81042	0	
1236051	8337.67676	3304176361048	0.53025	0.39054	8337.62305	0.05371	10907	1	0.53814	0.36670	1	0.47460	0.43238	1	0.50637	0.39954	1	0.46116	0.54166	11.71266	1.03582	1	0.72446	0.56808	11.70325	1.03582	1	-0.00990	-0.01072	0.68054	0.00366	1	0.05710	-0.01554	0.66398	0.00399	1	1.45898	0.81042	0	
1236052	8337.68359	3304176427999	0.53149	0.39418	8337.62305	0.06055	10907	1	0.56906	0.36232	1	0.51613	0.49158	1	0.54259	0.42695	1	0.46083	0.54192	10.99110	1.03582	1	0.72443	0.56807	12.04959	1.03582	1	-0.00990	-0.01072	0.68054	0.00389	1	0.05710	-0.01554	0.66398	0.00390	1	1.45898	0.81042	0	
1236053	8337.69043	3304176497988	0.53252	0.39692	8337.62305	0.06738	10907	1	0.56906	0.36232	1	0.51671	0.48631	1	0.54289	0.42432	1	0.46064	0.54246	12.04798	1.03582	1	0.72380	0.56690	11.92191	1.04348	1	-0.01014	-0.01076	0.68318	0.00361	1	0.05819	-0.01580	0.67960	0.00403	1	1.45898	0.81042	0	
1236054	8337.69727	3304176567228	0.53340	0.39949	8337.62305	0.07422	10907	1	0.57312	0.40432	1	0.51299	0.45121	1	0.54305	0.42777	1	0.46054	0.54210	11.53630	1.04348	1	0.72358	0.56736	12.53895	1.05114	1	-0.01014	-0.01076	0.68318	0.00372	1	0.05819	-0.01580	0.67960	0.00384	1	1.45898	0.81042	0	
1236055	8337.70410	3304176633636	0.53510	0.39983	8337.62305	0.08105	10907	1	0.58995	0.40151	1	0.52107	0.40635	1	0.55551	0.40393	1	0.46036	0.54238	11.30622	1.05114	1	0.72368	0.56694	12.14229	1.05880	1	-0.01014	-0.01076	0.68318	0.00371	1	0.05819	-0.01580	0.67960	0.00367	1	1.45898	0.81042	0	
1236056	8337.71094	3304176700221	0.53657	0.39972	8337.62305	0.08789	10907	1	0.58956	0.39586	1	0.52167	0.40057	1	0.55561	0.39822	1	0.45968	0.54199	11.14620	1.05880	1	0.72275	0.56720	12.41211	1.06646	1	-0.01028	-0.01069	0.67860	0.00371	1	0.05860	-0.01586	0.68673	0.00378	1	1.45898	0.81042	0	
1236057	8337.71680	3304176766795	0.53791	0.40112	8337.62305	0.09375	10907	1	0.59611	0.39827	1	0.51717	0.44327	1	0.55664	0.42077	1	0.45963	0.54234	11.56402	1.06646	1	0.72288	0.56643	12.01060	1.06646	1	-0.01028	-0.01069	0.67860	0.00367	1	0.05860	-0.01586	0.68673	0.00384	1	1.45898	0.81042	0	
1236058	8337.72363	3304176834485	0.53853	0.40092	8337.62305	0.10059	10907	1	0.56334	0.34200	1	0.53247	0.45382	1	0.54790	0.39791	1	0.45917	0.54151	11.58112	1.06646	1	0.72270	0.56649	12.22591	1.06646	1	-0.01028	-0.01069	0.67860	0.00360	1	0.05860	-0.01586	0.68673	0.00378	1	1.45898	0.81042	0	
1236059	8337.73047	3304176901399	0.53908	0.40074	8337.62305	0.10742	10907	1	0.56334	0.34200	1	0.53247	0.45382	1	0.54790	0.39791	1	0.45862	0.54123	11.52286	1.06646	1	0.72189	0.56605	12.28728	1.06646	1	-0.01055	-0.01066	0.67658	0.00373	1	0.05709	-0.01533	0.67256	0.00390	1	1.45898	0.81042	0	
1236060	8337.73730	3304176966202	0.53837	0.39965	8337.62305	0.11426	10907	1	0.54599	0.31930	1	0.50662	0.44280	1	0.52630	0.38105	1	0.45817	0.54143	11.53656	1.06646	1	0.72190	0.56646	12.21002	1.06646	1	-0.01055	-0.01066	0.67658	0.00366	1	0.05709	-0.01533	0.67256	0.00386	1	1.45898	0.81042	0	
1236061	8337.74414	3304177035429	0.53945	0.39967	8337.62305	0.12109	10907	1	0.56235	0.33183	1	0.55521	0.46812	1	0.55878	0.39997	1	0.45807	0.54092	11.00852	1.06646	1	0.72191	0.56595	12.33091	1.06646	1	-0.01055	-0.01066	0.67658	0.00384	1	0.05709	-0.01533	0.67256	0.00364	1	1.45898	0.81042	0	
1236062	8337.75098	3304177102220	0.54041	0.39968	8337.62305	0.12793	10907	1	0.56235	0.33183	1	0.55521	0.46812	1	0.55878	0.39997	1	0.45701	0.54102	10.84431	1.06646	1	0.72065	0.56551	12.13858	1.06646	1	-0.01101	-0.01065	0.68585	0.00376	1	0.05768	-0.01537	0.68321	0.00383	1	1.45898	0.81042	0	
1236063	8337.75781	3304177169098	0.54089	0.40005	8337.62305	0.13477	10907	1	0.58143	0.37246	1	0.51957	0.44246	1	0.55050	0.40746	1	0.45752	0.54136	11.44101	1.06646	1	0.72047	0.56489	11.85694	1.06646	1	-0.01101	-0.01065	0.68585	0.00395	1	0.05768	-0.01537	0.68321	0.00373	1	1.45898	0.81042	0	
1236064	8337.76367	3304177231822	0.54180	0.40038	8337.62305	0.14062	10907	1	0.57578	0.32519	1	0.54595	0.48918	1	0.56086	0.40718	1	0.45712	0.54091	11.04276	1.06646	1	0.72021	0.56483	12.33039	1.06646	1	-0.01101	-0.01065	0.68585	0.00392	1	0.05768	-0.01537	0.68321	0.00363	1	1.45898	0.81042	0	
1236065	8337.77051	3304177302678	0.54263	0.40067	8337.62305	0.14746	10907	1	0.57578	0.32519	1	0.54595	0.48918	1	0.56086	0.40718	1	0.45544	0.54144	12.20742	1.06646	1	0.71897	0.56354	12.39349	1.06646	1	-0.01103	-0.01024	0.66257	0.00372	1	0.05665	-0.01500	0.67574	0.00397	1	1.45898	0.81042	0	
1236066	8337.77734	3304177370128	0.54097	0.40077	8337.62305	0.15430	10907	1	0.54795	0.42307	1	0.45765	0.38316	1	0.50280	0.40312	1	0.45501	0.54166	11.45945	1.06646	1	0.71796	0.56301	11.81952	1.06646	1	-0.01103	-0.01024	0.66257	0.00366	1	0.05665	-0.01500	0.67574	0.00404	1	1.45898	0.81042	0	
1236067	8337.78418	3304177437348	0.54154	0.39998	8337.62305	0.16113	10907	1	0.58007	0.39176	1	0.53058	0.37032	1	0.55533	0.38104	1	0.45516	0.54122	11.94480	1.06646	1	0.71834	0.56276	12.12680	1.06646	1	-0.01103	-0.01024	0.66257	0.00346	1	0.05665	-0.01500	0.67574	0.00372	1	1.45898	0.81042	0	
1236068	8337.79102	3304177504160	0.54207	0.39926	8337.62305	0.16797	10907	1	0.58007	0.39176	1	0.53058	0.37032	1	0.55533	0.38104	1	0.45379	0.54026	12.14754	1.06646	1	0.71685	0.56254	12.84203	1.06646	1	-0.01190	-0.01056	0.69022	0.00393	1	0.05580	-0.01458	0.67039	0.00388	1	1.45898	0.81042	0	
1236069	8337.79785	3304177570980	0.54083	0.39818	8337.62305	0.17480	10907	1	0.54733	0.36949	1	0.46982	0.37094	1	0.50857	0.37021	1	0.45383	0.54033	11.98243	1.06646	1	0.71659	0.56188	11.92787	1.06646	1	-0.01190	-0.01056	0.69022	0.00379	1	0.05580	-0.01458	0.67039	0.00375	1	1.45898	0.81042	0	
1236070	8337.80469	3304177637969	0.54048	0.39851	8337.62305	0.18164	10907	1	0.55636	0.37772	1	0.50558	0.43704	1	0.53097	0.40738	1	0.45359	0.54050	11.75963	1.06646	1	0.71675	0.56158	12.17749	1.06646	1	-0.01190	-0.01056	0.69022	0.00386	1	0.05580	-0.01458	0.67039	0.00373	1	1.45898	0.81042	0	
1236071	8337.81152	3304177705743	0.54015	0.39891	8337.62305	0.18848	10907	1	0.55636	0.37772	1	0.50508	0.44255	1	0.53072	0.41013	1	0.45231	0.53806	11.80784	1.06646	1	0.71589	0.56052	12.11133	1.05880	1	-0.01175	-0.01014	0.66959	0.00238	1	0.05434	-0.01399	0.65701	0.00383	1	1.45898	0.81042	0	
1236072	8337.81738	3304177772057	0.53883	0.39895	8337.62305	0.19434	10907	1	0.51580	0.35437	1	0.48547	0.44618	1	0.50064	0.40027	1	0.45223	0.53973	12.06095	1.05880	1	0.71565	0.56051	12.00888	1.05114	1	-0.01175	-0.01014	0.66959	0.00352	1	0.05434	-0.01399	0.65701	0.00374	1	1.45898	0.81042	0	
1236073	8337.82422	3304177838579	0.53858	0.39902	8337.62305	0.20117	10907	1	0.55036	0.40110	1	0.51171	0.40061	1	0.53103	0.40085	1	0.45232	0.53970	12.00590	1.05114	1	0.71570	0.55992	11.81990	1.04348	1	-0.01175	-0.01014	0.66959	0.00365	1	0.05434	-0.01399	0.65701	0.00391	1	1.45898	0.81042	0	
1236074	8337.83105	3304177905969	0.53835	0.39916	8337.62305	0.20801	10907	1	0.55101	0.40676	1	0.51171	0.40061	1	0.53136	0.40368	1	0.45111	0.53720	11.47448	1.04348	1	0.71511	0.55865	12.02161	1.04348	1	-0.01252	-0.01029	0.68975	0.00236	1	0.05523	-0.01404	0.67085	0.00415	1	1.45898	0.81042	0	
1236075	8337.83789	3304177973058	0.53672	0.40012	8337.62305	0.21484	10907	1	0.51083	0.44942	1	0.45813	0.41189	1	0.48448	0.43065	1	0.45123	0.53969	12.22298	1.04348	1	0.71405	0.55934	12.09065	1.05114	1	-0.01252	-0.01029	0.68975	0.00360	1	0.05523	-0.01404	0.67085	0.00373	1	1.45898	0.81042	0	
1236076	8337.84473	3304178038123	0.53576	0.40046	8337.62305	0.22168	10907	1	0.54284	0.38189	1	0.46557	0.44192	1	0.50420	0.41190	1	0.45100	0.53905	11.22940	1.05114	1	0.71416	0.55863	11.97344	1.05880	1	-0.01252	-0.01029	0.68975	0.00360	1	0.05523	-0.01404	0.67085	0.00366	1	1.45898	0.81042	0	
1236077	8337.85059	3304178102836	0.53485	0.40063	8337.62305	0.22754	10907	1	0.54215	0.37608	1	0.46578	0.43643	1	0.50397	0.40625	1	0.45027	0.53783	11.49422	1.05880	1	0.71349	0.55753	12.01262	1.06646	1	-0.01270	-0.01007	0.68850	0.00405	1	0.05610	-0.01395	0.68394	0.00397	1	1.45898	0.81042	0	
1236078	8337.85742	3304178170812	0.53402	0.40035	8337.62305	0.23438	10907	1	0.53928	0.40197	1	0.47026	0.37897	1	0.50477	0.39047	1	0.45028	0.53878	11.39303	1.06646	1	0.71341	0.55705	12.10404	1.06646	1	-0.01270	-0.01007	0.68850	0.00378	1	0.05610	-0.01395	0.68394	0.00397	1	1.45898	0.81042	0	
1236079	8337.86426	3304178237557	0.53337	0.39942	8337.62305	0.24121	10907	1	0.54314	0.38798	1	0.47707	0.34417	1	0.51011	0.36607	1	0.45026	0.53822	11.50045	1.06646	1	0.71357	0.55657	11.77596	1.06646	1	-0.01270	-0.01007	0.68850	0.00353	1	0.05610	-0.01395	0.68394	0.00392	1	1.45898	0.81042	0	
1236080	8337.87109	3304178309596	0.53276	0.39854	8337.62305	0.24805	10907	1	0.54314	0.38798	1	0.47707	0.34417	1	0.51011	0.36607	1	0.44960	0.53696	11.63243	1.06646	1	0.71281	0.55668	12.34547	1.06646	1	-0.01288	-0.00984	0.68701	0.00401	1	0.05556	-0.01361	0.67976	0.00388	1	1.45898	0.81042	0	
1236081	8337.87793	3304178375934	0.53204	0.39843	8337.62305	0.25488	10907	1	0.51747	0.39666	1	0.49178	0.39186	1	0.50463	0.39426	1	0.44954	0.53786	11.59344	1.06646	1	0.71301	0.55628	12.20530	1.06646	1	-0.01288	-0.00984	0.68701	0.00370	1	0.05556	-0.01361	0.67976	0.00376	1	1.45898	0.81042	0	
1236082	8337.88477	3304178442453	0.53164	0.39890	8337.62305	0.26172	10907	1	0.54904	0.39034	1	0.48322	0.44363	1	0.51613	0.41699	1	0.44957	0.53729	11.61098	1.06646	1	0.71295	0.55577	12.02812	1.06646	1	-0.01288	-0.00984	0.68701	0.00361	1	0.05556	-0.01361	0.67976	0.00364	1	1.45898	0.81042	0	
1236083	8337.89160	3304178508752	0.53126	0.39934	8337.62305	0.26855	10907	1	0.54904	0.39034	1	0.48322	0.44363	1	0.51613	0.41699	1	0.44907	0.53653	11.91244	1.06646	1	0.71271	0.55541	12.17085	1.06646	1	-0.01303	-0.00964	0.68391	0.00383	1	0.05413	-0.01296	0.66471	0.00383	1	1.45898	0.81042	0	
1236084	8337.89844	3304178575950	0.53008	0.39862	8337.62305	0.27539	10907	1	0.50452	0.29236	1	0.45873	0.44619	1	0.48162	0.36928	1	0.44893	0.53561	11.50298	1.06646	1	0.71252	0.55523	12.48539	1.06646	1	-0.01303	-0.00964	0.68391	0.00396	1	0.05413	-0.01296	0.66471	0.00386	1	1.45898	0.81042	0	
1236085	8337.90430	3304178642540	0.50390	0.39195	8337.62305	0.27539	10907	0	0.49099	0.24926	1	0.46759	0.41229	1	0.47929	0.33077	1	0.44880	0.53483	11.38972	1.06646	1	0.71266	0.55441	11.99307	1.06646	1	-0.01303	-0.00964	0.68391	0.00418	1	0.05413	-0.01296	0.66471	0.00390	1	1.45898	0.81042	0	
1236086	8337.91113	3304178709555	0.49159	0.36136	8337.62305	0.27539	10907	0	0.49099	0.24926	1	0.46759	0.41229	1	0.47929	0.33077	1	0.44886	0.53549	11.25016	1.06646	1	0.71225	0.55348	12.54562	1.06646	1	-0.01303	-0.00944	0.68392	0.00384	1	0.05413	-0.01276	0.66471	0.00399	1	1.45898	0.81042	0	
1236087	8337.91797	3304178776531	0.48836	0.36552	8337.62305	0.27539	10907	0	0.51912	0.39372	1	0.44468	0.35396	1	0.48190	0.37384	1	0.44868	0.53583	11.29689	1.06646	1	0.71225	0.55269	12.38029	1.06646	1	-0.01303	-0.00944	0.68392	0.00396	1	0.05413	-0.01276	0.66471	0.00402	1	1.45898	0.81042	0	
1236088	8337.92480	3304178843443	0.48653	0.36233	8337.90430	0.02051	10908	1	0.50792	0.36241	1	0.45413	0.34314	1	0.48103	0.35278	1	0.44859	0.53512	11.15893	1.06646	1	0.71200	0.55291	11.85433	1.06646	1	-0.01303	-0.00944	0.68392	0.00409	1	0.05413	-0.01276	0.66471	0.00399	1	1.45898	0.81042	0	
1236089	8337.93164	3304178910800	0.48534	0.35900	8337.90430	0.02734	10908	1	0.50685	0.35544	1	0.45430	0.33584	1	0.48057	0.34564	1	0.44868	0.53529	11.51894	1.07554	1	0.71223	0.55225	12.58456	1.07554	1	-0.01358	-0.00959	0.71034	0.00375	1	0.05413	-0.01256	0.66471	0.00426	1	1.45898	0.81042	0	
1236090	8337.93848	3304178977460	0.48347	0.36546	8337.90430	0.03418	10908	1	0.49854	0.42920	1	0.44969	0.36638	1	0.47412	0.39779	1	0.44841	0.53539	12.10386	1.08463	1	0.71193	0.55212	12.04957	1.08463	1	-0.01358	-0.00959	0.71034	0.00367	1	0.05413	-0.01256	0.66471	0.00404	1	1.45898	0.81042	0	
1236091	8337.94531	3304179044368	0.48173	0.37275	8337.90430	0.04102	10908	1	0.49416	0.43128	1	0.44844	0.40172	1	0.47130	0.41650	1	0.44838	0.53536	12.08163	1.09371	1	0.71195	0.55249	12.36403	1.09371	1	-0.01358	-0.00959	0.71034	0.00366	1	0.05413	-0.01256	0.66471	0.00395	1	1.45898	0.81042	0	
1236092	8337.95117	3304179111611	0.48036	0.37742	8337.90430	0.04688	10908	1	0.49301	0.42505	1	0.44856	0.39509	1	0.47078	0.41007	1	0.44872	0.53455	12.20705	1.10280	1	0.71217	0.55130	12.58498	1.10280	1	-0.01358	-0.00943	0.71034	0.00372	1	0.05413	-0.01236	0.66471	0.00434	1	1.45898	0.81042	0	
1236093	8337.95801	3304179179489	0.48044	0.37034	8337.90430	0.05371	10908	1	0.50994	0.31585	1	0.45226	0.31161	1	0.48110	0.31373	1	0.44868	0.53331	11.18899	1.10280	1	0.71236	0.55086	12.45162	1.10280	1	-0.01358	-0.00943	0.71034	0.00383	1	0.05413	-0.01236	0.66471	0.00408	1	1.45898	0.81042	0	
1236094	8337.96484	3304179245480	0.47925	0.36863	8337.90430	0.06055	10908	1	0.49615	0.31524	1	0.44095	0.39118	1	0.46855	0.35321	1	0.44841	0.53311	11.72611	1.10280	1	0.71220	0.55155	12.47976	1.10280	1	-0.01358	-0.00943	0.71034	0.00408	1	0.05413	-0.01236	0.66471	0.00370	1	1.45898	0.81042	0	
1236095	8337.97168	3304179312463	0.47833	0.36785	8337.90430	0.06738	10908	1	0.49727	0.32237	1	0.44090	0.39784	1	0.46908	0.36011	1	0.44853	0.53354	11.51297	1.09371	1	0.71271	0.55107	12.10381	1.09371	1	-0.01303	-0.00893	0.68391	0.00377	1	0.05413	-0.01216	0.66471	0.00411	1	1.45898	0.81042	0	
1236096	8337.97852	3304179379655	0.47842	0.36697	8337.90430	0.07422	10908	1	0.48582	0.37873	1	0.47297	0.33577	1	0.47939	0.35725	1	0.44864	0.53341	11.14294	1.08463	1	0.71272	0.55091	12.11290	1.08463	1	-0.01303	-0.00893	0.68391	0.00377	1	0.05413	-0.01216	0.66471	0.00390	1	1.45898	0.81042	0	
1236097	8337.98535	3304179446503	0.47942	0.36678	8337.90430	0.08105	10908	1	0.50811	0.39684	1	0.47471	0.33229	1	0.49141	0.36457	1	0.44887	0.53329	11.77954	1.07554	1	0.71274	0.55063	12.09072	1.07554	1	-0.01303	-0.00893	0.68391	0.00367	1	0.05413	-0.01216	0.66471	0.00397	1	1.45898	0.81042	0	
1236098	8337.99219	3304179513421	0.48029	0.36735	8337.90430	0.08789	10908	1	0.50918	0.40347	1	0.47410	0.34582	1	0.49164	0.37464	1	0.44906	0.53254	11.81026	1.06646	1	0.71271	0.55112	12.47721	1.05880	1	-0.01303	-0.00882	0.68392	0.00362	1	0.05435	-0.01218	0.66558	0.00373	1	1.45898	0.81042	0	
1236099	8337.99902	3304179580560	0.47979	0.36735	8337.90430	0.09473	10908	1	0.49869	0.37156	1	0.44692	0.36338	1	0.47281	0.36747	1	0.44878	0.53241	11.66906	1.05880	1	0.71264	0.55047	12.31466	1.05114	1	-0.01303	-0.00882	0.68392	0.00388	1	0.05435	-0.01218	0.66558	0.00371	1	1.45898	0.81042	0	
1236100	8338.00488	3304179646665	0.48005	0.37009	8337.90430	0.10059	10908	1	0.50558	0.38027	1	0.46227	0.44211	1	0.48393	0.41119	1	0.44888	0.53280	11.53268	1.05114	1	0.71298	0.55070	12.96401	1.04348	1	-0.01303	-0.00882	0.68392	0.00367	1	0.05435	-0.01218	0.66558	0.00369	1	1.45898	0.81042	0	
1236101	8338.01172	3304179714612	0.48033	0.37303	8337.90430	0.10742	10908	1	0.50749	0.39221	1	0.46206	0.44794	1	0.48478	0.42007	1	0.44914	0.53259	12.11897	1.03546	1	0.71328	0.55059	12.77727	1.03546	1	-0.01246	-0.00837	0.65663	0.00368	1	0.05556	-0.01224	0.67976	0.00387	1	1.45898	0.81042	0	
1236102	8338.01855	3304179781556	0.48037	0.37649	8337.90430	0.11426	10908	1	0.52922	0.42394	1	0.43315	0.44649	1	0.48118	0.43522	1	0.44923	0.53235	12.18804	1.02744	1	0.71288	0.55062	13.29770	1.03510	1	-0.01246	-0.00837	0.65663	0.00373	1	0.05556	-0.01224	0.67976	0.00378	1	1.45898	0.81042	0	
1236103	8338.02539	3304179845986	0.48019	0.37779	8337.90430	0.12109	10908	1	0.50709	0.38305	1	0.44662	0.41934	1	0.47686	0.40119	1	0.44924	0.53190	11.87321	1.02709	1	0.71306	0.55028	12.95736	1.03475	1	-0.01246	-0.00837	0.65663	0.00398	1	0.05556	-0.01224	0.67976	0.00386	1	1.45898	0.81042	0	
1236104	8338.03223	3304179913376	0.48002	0.37897	8337.90430	0.12793	10908	1	0.50714	0.38333	1	0.44661	0.41961	1	0.47688	0.40147	1	0.44906	0.53179	11.92567	1.02673	1	0.71324	0.55003	12.53809	1.03439	1	-0.01239	-0.00830	0.65846	0.00392	1	0.05490	-0.01207	0.67046	0.00386	1	1.45898	0.81042	0	
1236105	8338.03809	3304179980103	0.47993	0.37984	8337.90430	0.13379	10908	1	0.50177	0.38280	1	0.45445	0.41149	1	0.47811	0.39715	1	0.44914	0.53193	12.09395	1.03439	1	0.71318	0.55016	12.56560	1.03439	1	-0.01239	-0.00830	0.65846	0.00367	1	0.05490	-0.01207	0.67046	0.00421	1	1.45898	0.81042	0	
1236106	8338.04492	3304180048401	0.47974	0.38023	8337.90430	0.14062	10908	1	0.52085	0.38002	1	0.43036	0.39680	1	0.47560	0.38841	1	0.44986	0.53201	12.17692	1.03439	1	0.71359	0.54951	12.55698	1.03439	1	-0.01239	-0.00830	0.65846	0.00364	1	0.05490	-0.01207	0.67046	0.00433	1	1.45898	0.81042	0	
1236107	8338.05176	3304180114891	0.47954	0.38031	8337.90430	0.14746	10908	1	0.51997	0.37382	1	0.43033	0.39059	1	0.47515	0.38220	1	0.44984	0.53164	11.94051	1.04241	1	0.71409	0.54973	12.21279	1.04241	1	-0.01288	-0.00860	0.68701	0.00362	1	0.05610	-0.01231	0.68394	0.00396	1	1.45898	0.81042	0	
1236108	8338.05859	3304180180076	0.48040	0.38139	8337.90430	0.15430	10908	1	0.53091	0.38789	1	0.46981	0.42447	1	0.50036	0.40618	1	0.45005	0.53177	12.05768	1.05042	1	0.71429	0.54958	12.16702	1.05042	1	-0.01288	-0.00860	0.68701	0.00368	1	0.05610	-0.01231	0.68394	0.00385	1	1.45898	0.81042	0	
1236109	8338.06543	3304180247868	0.48040	0.38258	8337.90430	0.16113	10908	1	0.51543	0.39176	1	0.44534	0.43045	1	0.48039	0.41111	1	0.44987	0.53190	12.48860	1.05844	1	0.71385	0.54962	12.73089	1.05844	1	-0.01288	-0.00860	0.68701	0.00362	1	0.05610	-0.01231	0.68394	0.00378	1	1.45898	0.81042	0	
1236110	8338.07227	3304180314527	0.48038	0.38365	8337.90430	0.16797	10908	1	0.51453	0.38579	1	0.44528	0.43514	1	0.47990	0.41046	1	0.44990	0.53130	12.20430	1.06646	1	0.71439	0.54909	12.79655	1.05199	1	-0.01274	-0.00853	0.68515	0.00371	1	0.05265	-0.01144	0.64070	0.00380	1	1.45898	0.81042	0	
1236111	8338.07910	3304180381810	0.48098	0.38479	8337.90430	0.17480	10908	1	0.52556	0.41409	1	0.46716	0.41470	1	0.49636	0.41440	1	0.45000	0.53162	12.65879	1.05199	1	0.71461	0.54931	13.04538	1.03752	1	-0.01274	-0.00853	0.68515	0.00367	1	0.05265	-0.01144	0.64070	0.00379	1	1.45898	0.81042	0	
1236112	8338.08496	3304180448612	0.48056	0.38636	8337.90430	0.18066	10908	1	0.50338	0.40379	1	0.43535	0.45357	1	0.46937	0.42868	1	0.44998	0.53121	12.22587	1.03752	1	0.71451	0.54953	12.92744	1.02305	1	-0.01274	-0.00853	0.68515	0.00374	1	0.05265	-0.01144	0.64070	0.00387	1	1.45898	0.81042	0	
1236113	8338.09277	3304180518287	0.48021	0.38800	8337.90430	0.18848	10908	1	0.50519	0.41463	1	0.43535	0.45357	1	0.47027	0.43410	1	0.44992	0.53133	12.02936	1.02305	1	0.71484	0.54958	12.93123	1.02305	1	-0.01259	-0.00849	0.68232	0.00380	1	0.05523	-0.01192	0.67085	0.00384	1	1.45898	0.81042	0	
1236114	8338.09863	3304180585021	0.47972	0.38843	8337.90430	0.19434	10908	1	0.48819	0.37616	1	0.44298	0.42511	1	0.46558	0.40063	1	0.45011	0.53109	11.29495	1.02305	1	0.71459	0.54963	12.72329	1.03752	1	-0.01259	-0.00849	0.68232	0.00380	1	0.05523	-0.01192	0.67085	0.00381	1	1.45898	0.81042	0	
1236115	8338.10547	3304180648507	0.47954	0.38745	8337.90430	0.20117	10908	1	0.48851	0.32065	1	0.46012	0.39548	1	0.47432	0.35807	1	0.45018	0.53030	11.14346	1.03752	1	0.71488	0.54899	12.34721	1.05199	1	-0.01259	-0.00849	0.68232	0.00378	1	0.05523	-0.01192	0.67085	0.00384	1	1.45898	0.81042	0	
1236116	8338.11230	3304180718929	0.47936	0.38617	8337.90430	0.20801	10908	1	0.48654	0.30864	1	0.46046	0.38442	1	0.47350	0.34653	1	0.45063	0.53083	12.14324	1.05199	1	0.71522	0.54886	12.86604	1.06646	1	-0.01259	-0.00849	0.68232	0.00382	1	0.05540	-0.01192	0.67043	0.00382	1	1.45898	0.81042	0	
1236117	8338.11914	3304180786513	0.47968	0.38498	8337.90430	0.21484	10908	1	0.51260	0.30772	1	0.46733	0.38613	1	0.48996	0.34692	1	0.45059	0.53045	11.99173	1.06646	1	0.71536	0.54930	13.16020	1.06646	1	-0.01259	-0.00849	0.68232	0.00366	1	0.05540	-0.01192	0.67043	0.00393	1	1.45898	0.81042	0	
1236118	8338.12598	3304180853318	0.47956	0.38444	8337.90430	0.22168	10908	1	0.51986	0.33451	1	0.43182	0.39867	1	0.47584	0.36659	1	0.45068	0.53065	11.94517	1.06646	1	0.71520	0.54940	12.89844	1.06646	1	-0.01259	-0.00849	0.68232	0.00384	1	0.05540	-0.01192	0.67043	0.00387	1	1.45898	0.81042	0	
1236119	8338.13281	3304180920690	0.47947	0.38410	8337.90430	0.22852	10908	1	0.52072	0.34087	1	0.43184	0.40468	1	0.47628	0.37277	1	0.45055	0.53053	11.78133	1.05844	1	0.71526	0.54946	13.21809	1.05844	1	-0.01199	-0.00819	0.65798	0.00405	1	0.05540	-0.01192	0.67043	0.00402	1	1.45898	0.81042	0	
1236120	8338.13965	3304180987188	0.47863	0.38393	8337.90430	0.23535	10908	1	0.46633	0.30858	1	0.43173	0.44678	1	0.44903	0.37768	1	0.45061	0.53023	11.86666	1.05042	1	0.71522	0.54975	13.43174	1.05042	1	-0.01199	-0.00819	0.65798	0.00383	1	0.05540	-0.01192	0.67043	0.00380	1	1.45898	0.81042	0	
1236121	8338.14551	3304181053666	0.47838	0.38447	8337.90430	0.24121	10908	1	0.49306	0.38575	1	0.44575	0.42243	1	0.46941	0.40409	1	0.45096	0.53102	12.02458	1.04241	1	0.71541	0.54936	13.26639	1.04241	1	-0.01199	-0.00819	0.65798	0.00380	1	0.05540	-0.01192	0.67043	0.00392	1	1.45898	0.81042	0	
1236122	8338.15234	3304181121042	0.47814	0.38506	8337.90430	0.24805	10908	1	0.49306	0.38575	1	0.44567	0.42814	1	0.46937	0.40695	1	0.45122	0.53063	11.89934	1.04241	1	0.71590	0.54893	12.12953	1.03475	1	-0.01252	-0.00859	0.68975	0.00384	1	0.05449	-0.01169	0.65769	0.00388	1	1.45898	0.81042	0	
1236123	8338.15918	3304181188212	0.47840	0.38422	8337.90430	0.25488	10908	1	0.50525	0.32091	1	0.47116	0.38352	1	0.48821	0.35221	1	0.45126	0.53039	11.84529	1.04276	1	0.71582	0.54902	12.35498	1.03510	1	-0.01252	-0.00859	0.68975	0.00388	1	0.05449	-0.01169	0.65769	0.00386	1	1.45898	0.81042	0	
1236124	8338.16602	3304181254704	0.47862	0.38321	8337.90430	0.26172	10908	1	0.50792	0.32880	1	0.46703	0.35855	1	0.48748	0.34368	1	0.45127	0.53046	11.96448	1.04312	1	0.71612	0.54880	12.78741	1.03546	1	-0.01252	-0.00859	0.68975	0.00388	1	0.05449	-0.01169	0.65769	0.00397	1	1.45898	0.81042	0	
1236125	8338.17285	3304181322194	0.47884	0.38216	8337.90430	0.26855	10908	1	0.50788	0.32851	1	0.46728	0.35203	1	0.48758	0.34027	1	0.45147	0.53094	12.20967	1.04348	1	0.71606	0.54901	13.11972	1.04348	1	-0.01252	-0.00859	0.68975	0.00379	1	0.05620	-0.01199	0.67764	0.00391	1	1.45898	0.81042	0	
1236126	8338.17969	3304181388988	0.47887	0.38199	8337.90430	0.27539	10908	1	0.51497	0.34739	1	0.44473	0.40259	1	0.47985	0.37499	1	0.45138	0.53065	12.00630	1.04348	1	0.71614	0.54922	13.25942	1.05114	1	-0.01252	-0.00859	0.68975	0.00399	1	0.05620	-0.01199	0.67764	0.00394	1	1.45898	0.81042	0	
1236127	8338.18652	3304181455523	0.47910	0.38175	8337.90430	0.28223	10908	1	0.52235	0.37646	1	0.45552	0.36723	1	0.48894	0.37185	1	0.45145	0.53093	12.20986	1.05114	1	0.71633	0.54896	12.82054	1.05880	1	-0.01252	-0.00859	0.68975	0.00387	1	0.05620	-0.01199	0.67764	0.00406	1	1.45898	0.81042	0	
1236128	8338.19238	3304181522847	0.47932	0.38139	8337.90430	0.28809	10908	1	0.52153	0.37061	1	0.45567	0.36121	1	0.48860	0.36591	1	0.45128	0.53072	12.03568	1.05880	1	0.71631	0.54868	12.80101	1.06646	1	-0.01236	-0.00855	0.68672	0.00402	1	0.05620	-0.01199	0.67764	0.00417	1	1.45898	0.81042	0	
1236129	8338.19922	3304181589954	0.47900	0.38148	8337.90430	0.29492	10908	1	0.48926	0.39094	1	0.44084	0.37942	1	0.46505	0.38518	1	0.45139	0.53131	12.54191	1.06646	1	0.71611	0.54923	13.18460	1.06646	1	-0.01236	-0.00855	0.68672	0.00384	1	0.05620	-0.01199	0.67764	0.00406	1	1.45898	0.81042	0	
1236130	8338.20605	3304181657450	0.47869	0.38151	8337.90430	0.30176	10908	1	0.48095	0.39153	1	0.44852	0.37425	1	0.46474	0.38289	1	0.45126	0.53141	12.40852	1.06646	1	0.71622	0.54906	13.26237	1.06646	1	-0.01236	-0.00855	0.68672	0.00407	1	0.05620	-0.01199	0.67764	0.00401	1	1.45898	0.81042	0	
1236131	8338.21289	3304181724396	0.47839	0.38166	8337.90430	0.30859	10908	1	0.48095	0.39153	1	0.44834	0.38544	1	0.46464	0.38849	1	0.45121	0.53110	12.05605	1.06646	1	0.71651	0.54929	12.84889	1.05199	1	-0.01209	-0.00844	0.67756	0.00409	1	0.05391	-0.01154	0.64897	0.00385	1	1.45898	0.81042	0	
1236132	8338.21973	3304181790836	0.47814	0.38240	8337.90430	0.31543	10908	1	0.47672	0.40733	1	0.45586	0.42752	1	0.46629	0.41743	1	0.45147	0.53123	12.00912	1.05199	1	0.71636	0.54937	12.87494	1.03752	1	-0.01209	-0.00844	0.67756	0.00393	1	0.05391	-0.01154	0.64897	0.00387	1	1.45898	0.81042	0	
1236133	8338.22656	3304181857567	0.47751	0.38294	8337.90430	0.32227	10908	1	0.47084	0.43826	1	0.47662	0.39775	1	0.47373	0.41800	1	0.45131	0.53142	11.93252	1.03752	1	0.71666	0.54900	12.52050	1.02305	1	-0.01209	-0.00844	0.67756	0.00387	1	0.05391	-0.01154	0.64897	0.00381	1	1.45898	0.81042	0	
1236134	8338.23340	3304181924879	0.47741	0.38499	8337.90430	0.32910	10908	1	0.47305	0.44863	1	0.47604	0.40912	1	0.47455	0.42888	1	0.45168	0.53101	12.10575	1.02305	1	0.71687	0.54891	13.03796	1.00859	1	-0.01209	-0.00844	0.67756	0.00385	1	0.05350	-0.01140	0.64394	0.00381	1	1.45898	0.81042	0	
1236135	8338.23926	3304181991802	0.47772	0.38542	8337.90430	0.33496	10908	1	0.50084	0.38528	1	0.49294	0.40388	1	0.49689	0.39458	1	0.45174	0.53117	12.40272	1.00859	1	0.71698	0.54903	13.16592	1.00859	1	-0.01209	-0.00844	0.67756	0.00393	1	0.05350	-0.01140	0.64394	0.00386	1	1.45898	0.81042	0	
1236136	8338.24609	3304182058752	0.47806	0.38664	8337.90430	0.34180	10908	1	0.52485	0.38552	1	0.46924	0.43709	1	0.49705	0.41131	1	0.45224	0.53125	12.29541	1.00859	1	0.71699	0.54928	13.18915	1.00859	1	-0.01209	-0.00844	0.67756	0.00379	1	0.05350	-0.01140	0.64394	0.00394	1	1.45898	0.81042	0	
1236137	8338.25293	3304182125537	0.47841	0.38789	8337.90430	0.34863	10908	1	0.52485	0.38552	1	0.46972	0.42613	1	0.49729	0.40582	1	0.45224	0.53087	11.88551	1.00859	1	0.71697	0.54878	13.08404	1.02305	1	-0.01209	-0.00844	0.67756	0.00386	1	0.05711	-0.01214	0.68614	0.00414	1	1.45898	0.81042	0	
1236138	8338.25977	3304182192839	0.47884	0.38720	8337.90430	0.35547	10908	1	0.51990	0.36030	1	0.47051	0.36912	1	0.49520	0.36471	1	0.45226	0.53099	12.17716	1.02305	1	0.71697	0.54878	13.08404	1.03752	1	-0.01209	-0.00844	0.67756	0.00386	1	0.05711	-0.01214	0.68614	0.00414	1	1.45898	0.81042	0	
1236139	8338.26660	3304182260063	0.47903	0.38569	8337.90430	0.36230	10908	1	0.51319	0.33338	1	0.44766	0.35402	1	0.48042	0.34370	1	0.45221	0.53100	12.04930	1.03752	1	0.71697	0.54878	13.08404	1.05199	1	-0.01209	-0.00844	0.67756	0.00380	1	0.05711	-0.01214	0.68614	0.00414	1	1.45898	0.81042	0	
1236140	8338.27344	3304182326887	0.47923	0.38420	8337.90430	0.36914	10908	1	0.51244	0.32812	1	0.44774	0.34884	1	0.48009	0.33848	1	0.45246	0.53107	12.51499	1.04397	1	0.71697	0.54933	13.23047	1.05844	1	-0.01209	-0.00847	0.68025	0.00389	1	0.05711	-0.01214	0.68614	0.00396	1	1.45898	0.81042	0	
1236141	8338.28027	3304182394305	0.47879	0.38535	8337.90430	0.37598	10908	1	0.46831	0.38116	1	0.45177	0.35723	1	0.46004	0.36919	1	0.45214	0.53174	12.33029	1.05042	1	0.71703	0.54875	13.15004	1.05042	1	-0.01209	-0.00847	0.68025	0.00392	1	0.05711	-0.01214	0.68614	0.00412	1	1.45898	0.81042	0	
1236142	8338.28613	3304182460755	0.47870	0.38577	8337.90430	0.38184	10908	1	0.47575	0.38220	1	0.45268	0.36483	1	0.46421	0.37351	1	0.45220	0.53069	12.08909	1.04241	1	0.71706	0.54884	13.18047	1.04241	1	-0.01209	-0.00847	0.68025	0.00420	1	0.05711	-0.01214	0.68614	0.00396	1	1.45898	0.81042	0	
1236143	8338.29297	3304182527651	0.47860	0.38612	8337.90430	0.38867	10908	1	0.47575	0.38220	1	0.45255	0.37096	1	0.46415	0.37658	1	0.45285	0.53115	12.53365	1.04241	1	0.71764	0.54905	13.32382	1.03475	1	-0.01175	-0.00834	0.66958	0.00369	1	0.05528	-0.01173	0.66246	0.00383	1	1.45898	0.81042	0	
1236144	8338.29980	3304182594858	0.47880	0.38651	8337.90430	0.39551	10908	1	0.51656	0.36274	1	0.46208	0.38957	1	0.48932	0.37615	1	0.45292	0.53089	12.26419	1.04276	1	0.71758	0.54905	13.21644	1.03510	1	-0.01175	-0.00834	0.66958	0.00361	1	0.05528	-0.01173	0.66246	0.00384	1	1.45898	0.81042	0	
1236145	8338.30664	3304182660743	0.47877	0.38631	8337.90430	0.40234	10908	1	0.51792	0.33738	1	0.46206	0.37259	1	0.48999	0.35498	1	0.45289	0.53050	12.25420	1.04312	1	0.71765	0.54889	13.26507	1.03546	1	-0.01175	-0.00834	0.66958	0.00401	1	0.05528	-0.01173	0.66246	0.00392	1	1.45898	0.81042	0	
1236146	8338.31348	3304182728723	0.47874	0.38583	8337.90430	0.40918	10908	1	0.51788	0.33709	1	0.46226	0.36618	1	0.49007	0.35164	1	0.45300	0.53042	12.17268	1.04348	1	0.71781	0.54791	13.02246	1.04348	1	-0.01175	-0.00834	0.66958	0.00401	1	0.05643	-0.01196	0.67556	0.00432	1	1.45898	0.81042	0	
1236147	8338.32031	3304182795784	0.47893	0.38526	8337.90430	0.41602	10908	1	0.52072	0.28389	1	0.44325	0.39614	1	0.48199	0.34002	1	0.45308	0.52987	12.29879	1.04348	1	0.71769	0.54922	13.48103	1.05114	1	-0.01175	-0.00834	0.66958	0.00396	1	0.05643	-0.01196	0.67556	0.00395	1	1.45898	0.81042	0	
1236148	8338.32715	3304182862398	0.47910	0.38407	8337.90430	0.42285	10908	1	0.52254	0.32428	1	0.46096	0.38364	1	0.49175	0.35396	1	0.45318	0.53059	12.65358	1.05114	1	0.71799	0.54926	12.79241	1.05880	1	-0.01175	-0.00834	0.66958	0.00367	1	0.05643	-0.01196	0.67556	0.00393	1	1.45898	0.81042	0	
1236149	8338.33301	3304182929536	0.47924	0.38270	8337.90430	0.42871	10908	1	0.52258	0.32457	1	0.46095	0.38391	1	0.49177	0.35424	1	0.45298	0.53071	13.07505	1.05078	1	0.71777	0.54929	13.31253	1.05844	1	-0.01163	-0.00824	0.66594	0.00354	1	0.05643	-0.01196	0.67556	0.00393	1	1.45898	0.81042	0	
1236150	8338.33984	3304182996917	0.47937	0.38129	8337.90430	0.43555	10908	1	0.51781	0.33467	1	0.45695	0.40098	1	0.48738	0.36783	1	0.45332	0.53059	12.89271	1.05042	1	0.71797	0.54930	13.03848	1.05042	1	-0.01163	-0.00824	0.66594	0.00360	1	0.05643	-0.01196	0.67556	0.00385	1	1.45898	0.81042	0	
1236151	8338.34668	3304183063540	0.48021	0.37993	8337.90430	0.44238	10908	1	0.53687	0.32157	1	0.49754	0.34971	1	0.51720	0.33564	1	0.45349	0.53057	12.72924	1.04241	1	0.71857	0.54875	13.18018	1.04241	1	-0.01163	-0.00824	0.66594	0.00359	1	0.05643	-0.01196	0.67556	0.00375	1	1.45898	0.81042	0	
1236152	8338.35352	3304183130352	0.48105	0.37862	8337.90430	0.44922	10908	1	0.53687	0.32157	1	0.49709	0.35598	1	0.51698	0.33878	1	0.45365	0.53081	11.96798	1.04241	1	0.71846	0.54859	13.20383	1.03475	1	-0.01190	-0.00849	0.69022	0.00362	1	0.05653	-0.01197	0.67618	0.00381	1	1.45898	0.81042	0	
1236153	8338.36035	3304183197613	0.48138	0.37743	8337.90430	0.45605	10908	1	0.49657	0.31093	1	0.49206	0.36865	1	0.49432	0.33979	1	0.45341	0.53028	12.13390	1.04276	1	0.71850	0.54881	13.25770	1.03510	1	-0.01190	-0.00849	0.69022	0.00378	1	0.05653	-0.01197	0.67618	0.00384	1	1.45898	0.81042	0	
1236154	8338.36719	3304183264705	0.49318	0.35331	8337.90430	0.45605	10908	0	0.51436	0.33245	1	0.49217	0.36769	1	0.50327	0.35007	1	0.45369	0.53049	11.91752	1.04312	1	0.71846	0.54884	13.27940	1.03546	1	-0.01190	-0.00849	0.69022	0.00366	1	0.05653	-0.01197	0.67618	0.00386	1	1.45898	0.81042	0	
1236155	8338.37402	3304183331575	0.49822	0.35154	8337.90430	0.45605	10908	0	0.51432	0.33216	1	0.49219	0.36740	1	0.50325	0.34978	1	0.45389	0.53052	12.35069	1.04348	1	0.71836	0.54896	13.32146	1.03582	1	-0.01190	-0.00849	0.69022	0.00370	1	0.05524	-0.01168	0.65961	0.00391	1	1.45898	0.81042	0	
1236156	8338.37988	3304183398392	0.49820	0.35543	8337.90430	0.45605	10908	0	0.53533	0.34389	1	0.46097	0.38249	1	0.49815	0.36319	1	0.45398	0.53046	12.55994	1.03582	1	0.71834	0.54904	13.52281	1.03582	1	-0.01190	-0.00849	0.69022	0.00373	1	0.05524	-0.01168	0.65961	0.00389	1	1.45898	0.81042	0	
1236157	8338.38672	3304183465578	0.49418	0.35681	8338.36719	0.01953	10909	1	0.53043	0.33230	1	0.43385	0.38964	1	0.48214	0.36097	1	0.45397	0.53032	12.60780	1.03582	1	0.71836	0.54906	13.19143	1.03582	1	-0.01190	-0.00849	0.69022	0.00369	1	0.05524	-0.01168	0.65961	0.00385	1	1.45898	0.81042	0	
1236158	8338.39355	3304183532498	0.49186	0.35833	8338.36719	0.02637	10909	1	0.53125	0.33886	1	0.43385	0.38992	1	0.48255	0.36439	1	0.45410	0.53036	12.80479	1.02780	1	0.71870	0.54819	12.50493	1.03546	1	-0.01121	-0.00808	0.65260	0.00368	1	0.05665	-0.01196	0.67574	0.00431	1	1.45898	0.81042	0	
1236159	8338.40039	3304183599419	0.49275	0.36119	8338.36719	0.03320	10909	1	0.52194	0.33527	1	0.47251	0.41571	1	0.49723	0.37549	1	0.45417	0.53034	12.97472	1.02744	1	0.71900	0.54932	12.50951	1.03510	1	-0.01121	-0.00808	0.65260	0.00372	1	0.05665	-0.01196	0.67574	0.00394	1	1.45898	0.81042	0	
1236160	8338.40723	3304183666338	0.49473	0.36311	8338.36719	0.04004	10909	1	0.54334	0.34857	1	0.46982	0.40078	1	0.50658	0.37467	1	0.45453	0.53048	12.28233	1.02709	1	0.71895	0.54919	12.50380	1.03475	1	-0.01121	-0.00808	0.65260	0.00370	1	0.05665	-0.01196	0.67574	0.00384	1	1.45898	0.81042	0	
1236161	8338.41406	3304183733664	0.49613	0.36327	8338.36719	0.04688	10909	1	0.54180	0.33503	1	0.47012	0.39375	1	0.50596	0.36439	1	0.45466	0.53049	12.12494	1.04383	1	0.71924	0.54904	12.99308	1.04383	1	-0.01189	-0.00864	0.69841	0.00371	1	0.05530	-0.01167	0.65909	0.00386	1	1.45898	0.81042	0	
1236162	8338.42090	3304183800164	0.49723	0.35284	8338.36719	0.05371	10909	1	0.50686	0.22811	1	0.50514	0.31059	1	0.50600	0.26935	1	0.45444	0.52967	11.77833	1.06093	1	0.71948	0.54832	12.92446	1.05327	1	-0.01189	-0.00864	0.69841	0.00390	1	0.05530	-0.01167	0.65909	0.00410	1	1.45898	0.81042	0	
1236163	8338.42676	3304183864819	0.49777	0.34625	8338.36719	0.05957	10909	1	0.50315	0.25988	1	0.50216	0.31412	1	0.50266	0.28700	1	0.45450	0.52998	12.05118	1.07038	1	0.71948	0.54845	13.03432	1.06272	1	-0.01189	-0.00864	0.69841	0.00379	1	0.05530	-0.01167	0.65909	0.00407	1	1.45898	0.81042	0	
1236164	8338.43359	3304183932739	0.49821	0.34084	8338.36719	0.06641	10909	1	0.50311	0.25957	1	0.50218	0.31382	1	0.50265	0.28669	1	0.45455	0.53009	12.07127	1.07073	1	0.71926	0.54911	13.46477	1.06308	1	-0.01160	-0.00847	0.68434	0.00377	1	0.05577	-0.01174	0.66353	0.00373	1	1.45898	0.81042	0	
1236165	8338.44043	3304183997181	0.49964	0.33948	8338.36719	0.07324	10909	1	0.53334	0.33273	1	0.49719	0.31625	1	0.51527	0.32449	1	0.45480	0.53044	12.30584	1.05399	1	0.71938	0.54833	12.96513	1.05399	1	-0.01160	-0.00847	0.68434	0.00372	1	0.05577	-0.01174	0.66353	0.00407	1	1.45898	0.81042	0	
1236166	8338.44727	3304184064464	0.49931	0.34143	8338.36719	0.08008	10909	1	0.52360	0.35638	1	0.46728	0.37345	1	0.49544	0.36492	1	0.45460	0.53045	12.32598	1.04490	1	0.71927	0.54905	13.39391	1.04490	1	-0.01160	-0.00847	0.68434	0.00372	1	0.05577	-0.01174	0.66353	0.00383	1	1.45898	0.81042	0	
1236167	8338.45410	3304184132463	0.49907	0.34341	8338.36719	0.08691	10909	1	0.52457	0.36354	1	0.46723	0.37458	1	0.49590	0.36906	1	0.45475	0.53059	12.82798	1.03582	1	0.71914	0.54867	13.27381	1.04348	1	-0.01160	-0.00847	0.68434	0.00368	1	0.05597	-0.01178	0.66529	0.00411	1	1.45898	0.81042	0	
1236168	8338.45996	3304184198942	0.49919	0.34335	8338.36719	0.09277	10909	1	0.52497	0.34113	1	0.47671	0.34410	1	0.50084	0.34261	1	0.45465	0.53010	12.58347	1.04348	1	0.71939	0.54866	13.00697	1.05114	1	-0.01160	-0.00847	0.68434	0.00387	1	0.05597	-0.01178	0.66529	0.00400	1	1.45898	0.81042	0	
1236169	8338.46777	3304184268245	0.49898	0.34231	8338.36719	0.10059	10909	1	0.53130	0.32754	1	0.46051	0.32579	1	0.49591	0.32667	1	0.45473	0.53045	12.80703	1.05114	1	0.71917	0.54845	12.90088	1.05880	1	-0.01160	-0.00847	0.68434	0.00365	1	0.05597	-0.01178	0.66529	0.00408	1	1.45898	0.81042	0	
1236170	8338.47363	3304184334923	0.49880	0.34141	8338.36719	0.10645	10909	1	0.53134	0.32783	1	0.46050	0.32608	1	0.49592	0.32696	1	0.45468	0.53046	12.81298	1.05078	1	0.71938	0.54895	12.92590	1.05844	1	-0.01098	-0.00805	0.65071	0.00362	1	0.05597	-0.01183	0.66529	0.00409	1	1.45898	0.81042	0	
1236171	8338.48047	3304184401475	0.49786	0.34293	8338.36719	0.11328	10909	1	0.52010	0.36933	1	0.44355	0.36817	1	0.48182	0.36875	1	0.45497	0.53043	13.05347	1.05042	1	0.71930	0.54905	12.97621	1.05042	1	-0.01098	-0.00805	0.65071	0.00369	1	0.05597	-0.01183	0.66529	0.00409	1	1.45898	0.81042	0	
1236172	8338.48730	3304184465465	0.49722	0.34524	8338.36719	0.12012	10909	1	0.52115	0.38265	1	0.45040	0.39122	1	0.48577	0.38693	1	0.45495	0.53046	13.10049	1.04241	1	0.71943	0.54910	12.99448	1.04241	1	-0.01098	-0.00805	0.65071	0.00367	1	0.05597	-0.01183	0.66529	0.00406	1	1.45898	0.81042	0	
1236173	8338.49414	3304184535091	0.49665	0.34733	8338.36719	0.12695	10909	1	0.52115	0.38265	1	0.45040	0.39122	1	0.48577	0.38693	1	0.45497	0.53046	12.99887	1.04241	1	0.71978	0.54898	12.29150	1.04241	1	-0.01136	-0.00837	0.67659	0.00378	1	0.05597	-0.01183	0.66529	0.00414	1	1.45898	0.81042	0	
1236174	8338.50098	3304184600968	0.49680	0.34951	8338.36719	0.13379	10909	1	0.53219	0.38916	1	0.46752	0.39707	1	0.49986	0.39311	1	0.45512	0.53080	12.97325	1.05042	1	0.71965	0.54920	12.72367	1.05042	1	-0.01136	-0.00837	0.67659	0.00377	1	0.05597	-0.01183	0.66529	0.00405	1	1.45898	0.81042	0	
1236175	8338.50684	3304184667546	0.49637	0.34873	8338.36719	0.13965	10909	1	0.50606	0.32516	1	0.46861	0.33975	1	0.48734	0.33245	1	0.45479	0.53000	12.50510	1.05844	1	0.71969	0.54867	12.55041	1.05844	1	-0.01136	-0.00837	0.67659	0.00393	1	0.05597	-0.01183	0.66529	0.00429	1	1.45898	0.81042	0	
1236176	8338.51367	3304184733139	0.49596	0.34774	8338.36719	0.14648	10909	1	0.50510	0.31867	1	0.46886	0.33323	1	0.48698	0.32595	1	0.45541	0.53052	12.10507	1.06646	1	0.71951	0.54933	12.83500	1.06646	1	-0.01135	-0.00831	0.67585	0.00376	1	0.05597	-0.01188	0.66529	0.00398	1	1.45898	0.81042	0	
1236177	8338.52051	3304184802481	0.49635	0.34773	8338.36719	0.15332	10909	1	0.53734	0.32104	1	0.47328	0.37362	1	0.50531	0.34733	1	0.45532	0.53061	11.89784	1.06646	1	0.71977	0.54907	12.26611	1.06646	1	-0.01135	-0.00831	0.67585	0.00372	1	0.05597	-0.01188	0.66529	0.00407	1	1.45898	0.81042	0	
1236178	8338.52734	3304184872208	0.49684	0.34796	8338.36719	0.16016	10909	1	0.54804	0.32097	1	0.46883	0.38616	1	0.50844	0.35356	1	0.45547	0.53070	12.28810	1.06646	1	0.71968	0.54932	12.79564	1.06646	1	-0.01135	-0.00831	0.67585	0.00368	1	0.05597	-0.01188	0.66529	0.00399	1	1.45898	0.81042	0	
1236179	8338.53418	3304184938109	0.49728	0.34817	8338.36719	0.16699	10909	1	0.54804	0.32097	1	0.46883	0.38616	1	0.50844	0.35356	1	0.45531	0.53092	12.42935	1.06646	1	0.71971	0.54937	12.98308	1.06646	1	-0.01103	-0.00815	0.66257	0.00372	1	0.05597	-0.01188	0.66529	0.00396	1	1.45898	0.81042	0	
1236180	8338.54102	3304185005525	0.49735	0.34781	8338.36719	0.17383	10909	1	0.52450	0.32424	1	0.47368	0.35226	1	0.49909	0.33825	1	0.45546	0.53054	12.38436	1.06646	1	0.71978	0.54888	12.78704	1.06646	1	-0.01103	-0.00815	0.66257	0.00374	1	0.05597	-0.01188	0.66529	0.00426	1	1.45898	0.81042	0	
1236181	8338.54785	3304185073298	0.49724	0.34769	8338.36719	0.18066	10909	1	0.52060	0.29650	1	0.46817	0.39278	1	0.49439	0.34464	1	0.45545	0.53017	11.94489	1.06646	1	0.71971	0.54937	12.98308	1.06646	1	-0.01103	-0.00815	0.66257	0.00371	1	0.05597	-0.01188	0.66529	0.00397	1	1.45898	0.81042	0	
1236182	8338.55469	3304185140115	0.49716	0.34781	8338.36719	0.18750	10909	1	0.52146	0.30314	1	0.46793	0.39886	1	0.49470	0.35100	1	0.45540	0.53042	11.72131	1.05844	1	0.71960	0.54953	13.21378	1.05844	1	-0.01100	-0.00814	0.65779	0.00387	1	0.05597	-0.01188	0.66529	0.00388	1	1.45898	0.81042	0	
1236183	8338.56152	3304185206517	0.49706	0.34984	8338.36719	0.19434	10909	1	0.52754	0.39541	1	0.46087	0.42186	1	0.49421	0.40864	1	0.45544	0.53074	12.10028	1.05042	1	0.71960	0.54953	13.21378	1.05042	1	-0.01100	-0.00814	0.65779	0.00371	1	0.05597	-0.01188	0.66529	0.00388	1	1.45898	0.81042	0	
1236184	8338.56836	3304185274151	0.49693	0.35054	8338.36719	0.20117	10909	1	0.51817	0.33861	1	0.46808	0.40453	1	0.49312	0.37157	1	0.45535	0.53065	12.07565	1.04241	1	0.71968	0.54932	12.79564	1.04241	1	-0.01100	-0.00814	0.65779	0.00368	1	0.05597	-0.01188	0.66529	0.00398	1	1.45898	0.81042	0	
1236185	8338.57422	3304185340865	0.49682	0.35139	8338.36719	0.20703	10909	1	0.51907	0.34508	1	0.46783	0.41066	1	0.49345	0.37787	1	0.45522	0.53080	12.51165	1.03439	1	0.71983	0.54939	13.18803	1.03439	1	-0.01100	-0.00814	0.65779	0.00365	1	0.05597	-0.01193	0.66529	0.00394	1	1.45898	0.81042	0	
1236186	8338.58105	3304185408000	0.49681	0.35295	8338.36719	0.21387	10909	1	0.53356	0.38557	1	0.45902	0.42020	1	0.49629	0.40289	1	0.45516	0.53093	12.31528	1.03439	1	0.71952	0.54948	13.68290	1.03439	1	-0.01100	-0.00814	0.65779	0.00375	1	0.05597	-0.01193	0.66529	0.00387	1	1.45898	0.81042	0	
1236187	8338.58789	3304185475260	0.49688	0.35426	8338.36719	0.22070	10909	1	0.53115	0.37817	1	0.46719	0.41709	1	0.49917	0.39763	1	0.45512	0.53096	11.85227	1.03439	1	0.71971	0.54937	12.98308	1.03439	1	-0.01100	-0.00814	0.65779	0.00375	1	0.05597	-0.01193	0.66529	0.00396	1	1.45898	0.81042	0	
1236188	8338.59473	3304185541922	0.49694	0.35550	8338.36719	0.22754	10909	1	0.53115	0.37817	1	0.46719	0.41709	1	0.49917	0.39763	1	0.45522	0.53134	12.13673	1.03439	1	0.71971	0.54906	12.16666	1.03439	1	-0.01100	-0.00814	0.65779	0.00372	1	0.05597	-0.01193	0.66529	0.00397	1	1.45898	0.81042	0	
1236189	8338.60156	3304185608768	0.49713	0.35703	8338.36719	0.23438	10909	1	0.53595	0.42752	1	0.47147	0.39313	1	0.50371	0.41032	1	0.45519	0.53138	12.00519	1.03439	1	0.71970	0.54903	12.80710	1.03439	1	-0.01100	-0.00814	0.65779	0.00378	1	0.05597	-0.01193	0.66529	0.00399	1	1.45898	0.81042	0	
1236190	8338.60840	3304185675814	0.49749	0.35836	8338.36719	0.24121	10909	1	0.54163	0.41109	1	0.47930	0.40167	1	0.51046	0.40638	1	0.45528	0.53136	12.34383	1.03439	1	0.71943	0.54960	13.02830	1.03439	1	-0.01100	-0.00814	0.65779	0.00372	1	0.05597	-0.01193	0.66529	0.00408	1	1.45898	0.81042	0	
1236191	8338.61523	3304185743107	0.49783	0.35946	8338.36719	0.24805	10909	1	0.54088	0.40514	1	0.47963	0.39547	1	0.51026	0.40030	1	0.45527	0.53038	12.05063	1.04241	1	0.71927	0.54941	13.01452	1.04241	1	-0.01149	-0.00852	0.68429	0.00413	1	0.05597	-0.01193	0.66529	0.00392	1	1.45898	0.81042	0	
1236192	8338.62109	3304185809726	0.50007	0.38744	8338.36719	0.24805	10909	0	0.54287	0.36661	1	0.48091	0.39430	1	0.51189	0.38046	1	0.45535	0.53141	12.62823	1.05042	1	0.71911	0.54975	13.14833	1.05042	1	-0.01149	-0.00852	0.68429	0.00372	1	0.05597	-0.01193	0.66529	0.00400	1	1.45898	0.81042	0	
1236193	8338.62793	3304185876619	0.51713	0.35746	8338.36719	0.24805	10909	0	0.56663	0.29390	1	0.50177	0.36104	1	0.53420	0.32747	1	0.45540	0.53074	12.24315	1.05844	1	0.71943	0.54937	12.69416	1.05844	1	-0.01149	-0.00852	0.68429	0.00392	1	0.05597	-0.01193	0.66529	0.00403	1	1.45898	0.81042	0	
1236194	8338.63477	3304185944012	0.52273	0.34630	8338.36719	0.24805	10909	0	0.56606	0.28721	1	0.50180	0.36076	1	0.53393	0.32398	1	0.45503	0.53041	12.78413	1.06646	1	0.71925	0.54951	12.99843	1.05880	1	-0.01149	-0.00852	0.68429	0.00417	1	0.05530	-0.01184	0.65790	0.00399	1	1.45898	0.81042	0	
1236195	8338.64160	3304186009863	0.52103	0.35245	8338.62109	0.02051	10910	1	0.54701	0.35992	1	0.48484	0.38190	1	0.51592	0.37091	1	0.45500	0.53132	13.30971	1.05880	1	0.71915	0.54951	13.13925	1.05114	1	-0.01149	-0.00852	0.68429	0.00376	1	0.05530	-0.01184	0.65790	0.00397	1	1.45898	0.81042	0	
1236196	8338.64844	3304186078289	0.51974	0.35190	8338.62109	0.02734	10910	1	0.53817	0.35567	1	0.49096	0.34375	1	0.51456	0.34971	1	0.45489	0.53131	13.10906	1.05114	1	0.71926	0.54952	13.08219	1.04348	1	-0.01149	-0.00852	0.68429	0.00377	1	0.05530	-0.01184	0.65790	0.00389	1	1.45898	0.81042	0	
1236197	8338.65527	3304186143931	0.51893	0.35364	8338.62109	0.03418	10910	1	0.53965	0.36795	1	0.49014	0.35665	1	0.51489	0.36230	1	0.45488	0.53160	13.24919	1.03546	1	0.71931	0.54967	13.05851	1.02780	1	-0.01130	-0.00834	0.66987	0.00367	1	0.05530	-0.01186	0.65909	0.00385	1	1.45898	0.81042	0	
1236198	8338.66211	3304186211784	0.51830	0.35255	8338.62109	0.04102	10910	1	0.54281	0.36438	1	0.48621	0.32771	1	0.51451	0.34604	1	0.45491	0.53121	13.03587	1.01979	1	0.71921	0.54913	13.12146	1.01979	1	-0.01130	-0.00834	0.66987	0.00377	1	0.05530	-0.01186	0.65909	0.00385	1	1.45898	0.81042	0	
1236199	8338.66797	3304186278815	0.51846	0.35362	8338.62109	0.04688	10910	1	0.54367	0.35539	1	0.49544	0.36682	1	0.51955	0.36110	1	0.45484	0.53119	12.79839	1.01177	1	0.71941	0.54956	12.59900	1.01177	1	-0.01130	-0.00834	0.66987	0.00368	1	0.05530	-0.01186	0.65909	0.00383	1	1.45898	0.81042	0	
1236200	8338.67480	3304186345338	0.51858	0.35445	8338.62109	0.05371	10910	1	0.54367	0.35539	1	0.49544	0.36682	1	0.51955	0.36110	1	0.45454	0.53133	12.05313	1.01177	1	0.71906	0.55003	13.19554	1.01177	1	-0.01160	-0.00867	0.68434	0.00375	1	0.05530	-0.01186	0.65909	0.00385	1	1.45898	0.81042	0	
1236201	8338.68164	3304186412615	0.51764	0.35845	8338.62109	0.06055	10910	1	0.53857	0.39265	1	0.47991	0.39619	1	0.50924	0.39442	1	0.45475	0.53147	12.62694	1.01979	1	0.71909	0.54999	13.54544	1.01979	1	-0.01160	-0.00867	0.68434	0.00367	1	0.05530	-0.01186	0.65909	0.00382	1	1.45898	0.81042	0	
1236202	8338.68848	3304186479605	0.51711	0.35922	8338.62109	0.06738	10910	1	0.52629	0.38082	1	0.49726	0.35297	1	0.51177	0.36690	1	0.45465	0.53134	12.46232	1.02780	1	0.71939	0.54945	12.80377	1.02780	1	-0.01160	-0.00867	0.68434	0.00371	1	0.05530	-0.01186	0.65909	0.00378	1	1.45898	0.81042	0	
1236203	8338.69531	3304186546368	0.51665	0.35932	8338.62109	0.07422	10910	1	0.52543	0.37459	1	0.49774	0.34634	1	0.51158	0.36046	1	0.45466	0.53181	13.10735	1.03582	1	0.71946	0.54983	13.03519	1.03582	1	-0.01160	-0.00867	0.68434	0.00363	1	0.05530	-0.01186	0.65909	0.00369	1	1.45898	0.81042	0	
1236204	8338.70117	3304186611585	0.51679	0.36007	8338.62109	0.08008	10910	1	0.53381	0.33430	1	0.50312	0.40382	1	0.51847	0.36906	1	0.45469	0.53147	12.59054	1.03582	1	0.71951	0.55010	12.94863	1.03582	1	-0.01160	-0.00867	0.68434	0.00365	1	0.05530	-0.01186	0.65909	0.00380	1	1.45898	0.81042	0	
1236205	8338.70898	3304186680753	0.51692	0.36017	8338.62109	0.08789	10910	1	0.52736	0.37051	1	0.50997	0.35232	1	0.51867	0.36141	1	0.45468	0.53162	12.30322	1.03582	1	0.71953	0.54958	12.93650	1.03582	1	-0.01160	-0.00867	0.68434	0.00383	1	0.05530	-0.01186	0.65909	0.00406	1	1.45898	0.81042	0	
1236206	8338.71484	3304186747080	0.51704	0.36025	8338.62109	0.09375	10910	1	0.52736	0.37051	1	0.50997	0.35232	1	0.51867	0.36141	1	0.45482	0.53180	12.82347	1.03582	1	0.71909	0.55000	13.28036	1.03582	1	-0.01160	-0.00867	0.68434	0.00363	1	0.05530	-0.01186	0.65909	0.00405	1	1.45898	0.81042	0	
1236207	8338.72168	3304186814657	0.51717	0.36044	8338.62109	0.10059	10910	1	0.54258	0.38695	1	0.49554	0.33979	1	0.51906	0.36337	1	0.45497	0.53207	13.03921	1.03582	1	0.71934	0.54944	12.97434	1.03582	1	-0.01160	-0.00867	0.68434	0.00382	1	0.05530	-0.01186	0.65909	0.00408	1	1.45898	0.81042	0	
1236208	8338.72852	3304186881317	0.51725	0.36089	8338.62109	0.10742	10910	1	0.53677	0.39492	1	0.50037	0.34099	1	0.51857	0.36796	1	0.45478	0.53237	13.00406	1.03582	1	0.71945	0.54944	12.80454	1.03582	1	-0.01160	-0.00867	0.68434	0.00374	1	0.05530	-0.01186	0.65909	0.00410	1	1.45898	0.81042	0	
1236209	8338.73535	3304186948762	0.51732	0.36128	8338.62109	0.11426	10910	1	0.53677	0.39492	1	0.50037	0.34099	1	0.51857	0.36796	1	0.45474	0.53172	12.59057	1.03582	1	0.71927	0.55002	12.96253	1.03582	1	-0.01160	-0.00873	0.68434	0.00382	1	0.05530	-0.01191	0.65909	0.00387	1	1.45898	0.81042	0	
1236210	8338.74219	3304187015470	0.51633	0.36121	8338.62109	0.12109	10910	1	0.50628	0.33707	1	0.49079	0.38306	1	0.49854	0.36007	1	0.45441	0.53186	12.07625	1.03582	1	0.71931	0.54992	13.22418	1.03582	1	-0.01160	-0.00873	0.68434	0.00397	1	0.05530	-0.01191	0.65909	0.00388	1	1.45898	0.81042	0	
1236211	8338.74902	3304187082602	0.51597	0.36033	8338.62109	0.12793	10910	1	0.52296	0.33512	1	0.49509	0.35194	1	0.50902	0.34353	1	0.45462	0.53176	12.43232	1.03582	1	0.71927	0.54959	13.03075	1.03582	1	-0.01160	-0.00873	0.68434	0.00399	1	0.05530	-0.01191	0.65909	0.00401	1	1.45898	0.81042	0	
1236212	8338.75586	3304187149461	0.51565	0.35938	8338.62109	0.13477	10910	1	0.52296	0.33512	1	0.49552	0.34564	1	0.50924	0.34038	1	0.45441	0.53181	11.83942	1.03582	1	0.71926	0.55019	13.33951	1.04348	1	-0.01160	-0.00873	0.68434	0.00393	1	0.05629	-0.01217	0.67026	0.00374	1	1.45898	0.81042	0	
1236213	8338.76172	3304187216593	0.51494	0.35959	8338.62109	0.14062	10910	1	0.51408	0.31865	1	0.48589	0.40946	1	0.49998	0.36406	1	0.45450	0.53171	12.06726	1.04348	1	0.71922	0.55033	12.96164	1.05114	1	-0.01160	-0.00873	0.68434	0.00400	1	0.05629	-0.01217	0.67026	0.00393	1	1.45898	0.81042	0	
1236214	8338.76855	3304187283265	0.51430	0.36075	8338.62109	0.14746	10910	1	0.51262	0.33993	1	0.48783	0.43234	1	0.50023	0.38613	1	0.45445	0.53230	12.05021	1.05114	1	0.71918	0.55066	13.06409	1.05880	1	-0.01160	-0.00873	0.68434	0.00374	1	0.05629	-0.01217	0.67026	0.00388	1	1.45898	0.81042	0	
1236215	8338.77539	3304187350318	0.51371	0.36182	8338.62109	0.15430	10910	1	0.51266	0.34021	1	0.48781	0.43260	1	0.50024	0.38640	1	0.45449	0.53248	12.07718	1.05078	1	0.71912	0.55078	13.23288	1.05844	1	-0.01098	-0.00835	0.65071	0.00375	1	0.05597	-0.01217	0.66529	0.00384	1	1.45898	0.81042	0	
1236216	8338.78223	3304187417451	0.51239	0.36150	8338.62109	0.16113	10910	1	0.49414	0.35072	1	0.46740	0.35716	1	0.48077	0.35394	1	0.45458	0.53233	12.41326	1.05042	1	0.71923	0.55097	13.22557	1.05042	1	-0.01098	-0.00835	0.65071	0.00371	1	0.05597	-0.01217	0.66529	0.00389	1	1.45898	0.81042	0	
1236217	8338.78906	3304187484670	0.51154	0.36266	8338.62109	0.16797	10910	1	0.52127	0.37681	1	0.45923	0.40628	1	0.49025	0.39155	1	0.45502	0.53239	12.95053	1.04241	1	0.71914	0.55097	13.24670	1.04241	1	-0.01098	-0.00835	0.65071	0.00370	1	0.05597	-0.01217	0.66529	0.00383	1	1.45898	0.81042	0	
1236218	8338.79590	3304187550908	0.51077	0.36395	8338.62109	0.17480	10910	1	0.52215	0.38298	1	0.45904	0.41239	1	0.49060	0.39769	1	0.45509	0.53225	12.01397	1.03439	1	0.71927	0.55119	13.36083	1.03439	1	-0.01100	-0.00853	0.65779	0.00374	1	0.05597	-0.01217	0.66529	0.00395	1	1.45898	0.81042	0	
1236219	8338.80273	3304187618683	0.51030	0.36442	8338.62109	0.18164	10910	1	0.53858	0.33540	1	0.45687	0.41886	1	0.49772	0.37713	1	0.45522	0.53249	12.22734	1.03439	1	0.71948	0.55126	13.08193	1.03439	1	-0.01100	-0.00853	0.65779	0.00365	1	0.05597	-0.01217	0.66529	0.00387	1	1.45898	0.81042	0	
1236220	8338.80859	3304187684021	0.50978	0.36452	8338.62109	0.18750	10910	1	0.54340	0.32105	1	0.44712	0.41354	1	0.49526	0.36729	1	0.45539	0.53216	12.06372	1.03439	1	0.71930	0.55125	13.52339	1.03439	1	-0.01100	-0.00853	0.65779	0.00373	1	0.05597	-0.01217	0.66529	0.00391	1	1.45898	0.81042	0	
1236221	8338.81543	3304187752333	0.50930	0.36462	8338.62109	0.19434	10910	1	0.54340	0.32105	1	0.44712	0.41354	1	0.49526	0.36729	1	0.45520	0.53283	12.13791	1.03439	1	0.71968	0.55132	12.93533	1.03439	1	-0.01100	-0.00853	0.65779	0.00367	1	0.05597	-0.01222	0.66529	0.00404	1	1.45898	0.81042	0	
1236222	8338.82227	3304187819791	0.50894	0.36576	8338.62109	0.20117	10910	1	0.52203	0.39099	1	0.47417	0.40900	1	0.49810	0.39999	1	0.45535	0.53288	12.47844	1.03439	1	0.71981	0.55119	12.51881	1.03439	1	-0.01100	-0.00853	0.65779	0.00363	1	0.05597	-0.01222	0.66529	0.00411	1	1.45898	0.81042	0	
1236223	8338.82910	3304187885437	0.50858	0.36616	8338.62109	0.20801	10910	1	0.52633	0.36021	1	0.46874	0.39704	1	0.49754	0.37863	1	0.45547	0.53272	12.10091	1.03439	1	0.71967	0.55108	12.87672	1.03439	1	-0.01100	-0.00853	0.65779	0.00363	1	0.05597	-0.01222	0.66529	0.00414	1	1.45898	0.81042	0	
1236224	8338.83594	3304187949880	0.50824	0.36635	8338.62109	0.21484	10910	1	0.52548	0.35385	1	0.46900	0.39081	1	0.49724	0.37233	1	0.45562	0.53263	12.34460	1.04241	1	0.71991	0.55110	13.53891	1.04241	1	-0.01103	-0.00860	0.66257	0.00372	1	0.05597	-0.01227	0.66529	0.00399	1	1.45898	0.81042	0	
1236225	8338.84277	3304188020379	0.50789	0.36656	8338.62109	0.22168	10910	1	0.51600	0.35385	1	0.47662	0.39352	1	0.49631	0.37369	1	0.45532	0.53285	12.24586	1.05042	1	0.71985	0.55093	12.54138	1.05042	1	-0.01103	-0.00860	0.66257	0.00362	1	0.05597	-0.01227	0.66529	0.00392	1	1.45898	0.81042	0	
1236226	8338.84863	3304188085418	0.50793	0.36673	8338.62109	0.22754	10910	1	0.52316	0.35672	1	0.49555	0.38809	1	0.50935	0.37241	1	0.45547	0.53288	12.13564	1.05844	1	0.72012	0.55114	13.16295	1.05844	1	-0.01103	-0.00860	0.66257	0.00366	1	0.05597	-0.01227	0.66529	0.00380	1	1.45898	0.81042	0	
1236227	8338.85547	3304188147245	0.50796	0.36680	8338.62109	0.23438	10910	1	0.52231	0.35048	1	0.49557	0.38782	1	0.50894	0.36915	1	0.45565	0.53268	12.87659	1.06646	1	0.72005	0.55113	13.27552	1.05880	1	-0.01103	-0.00860	0.66257	0.00364	1	0.05617	-0.01226	0.66707	0.00380	1	1.45898	0.81042	0	
1236228	8338.86230	3304188217430	0.50818	0.36658	8338.62109	0.24121	10910	1	0.53965	0.35306	1	0.49257	0.36485	1	0.51611	0.35895	1	0.45568	0.53264	12.89301	1.05880	1	0.72004	0.55106	13.32431	1.05114	1	-0.01103	-0.00860	0.66257	0.00362	1	0.05617	-0.01226	0.66707	0.00381	1	1.45898	0.81042	0	
1236229	8338.86914	3304188285540	0.50816	0.36673	8338.62109	0.24805	10910	1	0.52822	0.34228	1	0.48719	0.40226	1	0.50770	0.37227	1	0.45545	0.53251	12.56955	1.05114	1	0.72002	0.55115	13.36992	1.04348	1	-0.01103	-0.00860	0.66257	0.00362	1	0.05617	-0.01226	0.66707	0.00380	1	1.45898	0.81042	0	
1236230	8338.87598	3304188352864	0.50816	0.36703	8338.62109	0.25488	10910	1	0.52901	0.34838	1	0.48681	0.40813	1	0.50791	0.37826	1	0.45541	0.53234	12.49282	1.04348	1	0.72007	0.55101	13.26431	1.03582	1	-0.01103	-0.00855	0.66257	0.00371	1	0.05530	-0.01212	0.65679	0.00384	1	1.45898	0.81042	0	
1236231	8338.88184	3304188417713	0.50832	0.36728	8338.62109	0.26074	10910	1	0.53352	0.38728	1	0.49577	0.36705	1	0.51464	0.37716	1	0.45551	0.53269	12.63874	1.03582	1	0.72016	0.55082	12.99080	1.03582	1	-0.01103	-0.00855	0.66257	0.00358	1	0.05530	-0.01212	0.65679	0.00383	1	1.45898	0.81042	0	
1236232	8338.88965	3304188487018	0.50851	0.36714	8338.62109	0.26855	10910	1	0.52865	0.35115	1	0.50392	0.37166	1	0.51628	0.36141	1	0.45543	0.53249	12.49504	1.03582	1	0.72024	0.55085	12.80890	1.03582	1	-0.01103	-0.00855	0.66257	0.00366	1	0.05530	-0.01212	0.65679	0.00381	1	1.45898	0.81042	0	
1236233	8338.89648	3304188555611	0.50870	0.36716	8338.62109	0.27539	10910	1	0.52948	0.35756	1	0.50340	0.37811	1	0.51644	0.36783	1	0.45561	0.53219	12.64737	1.02780	1	0.72035	0.55024	12.61079	1.02780	1	-0.01089	-0.00847	0.65697	0.00375	1	0.05535	-0.01206	0.65622	0.00402	1	1.45898	0.81042	0	
1236234	8338.90234	3304188622731	0.50866	0.36717	8338.62109	0.28125	10910	1	0.51256	0.37874	1	0.50142	0.35703	1	0.50699	0.36789	1	0.45562	0.53221	12.71432	1.01979	1	0.72021	0.55039	12.98780	1.01979	1	-0.01089	-0.00847	0.65697	0.00375	1	0.05535	-0.01206	0.65622	0.00405	1	1.45898	0.81042	0	
1236235	8338.90918	3304188689716	0.50833	0.36728	8338.62109	0.28809	10910	1	0.50792	0.39552	1	0.48025	0.34844	1	0.49408	0.37198	1	0.45535	0.53246	12.22834	1.01177	1	0.72026	0.55014	12.79525	1.01177	1	-0.01089	-0.00847	0.65697	0.00366	1	0.05535	-0.01206	0.65622	0.00410	1	1.45898	0.81042	0	
1236236	8338.91602	3304188756562	0.50802	0.36746	8338.62109	0.29492	10910	1	0.50891	0.40174	1	0.48023	0.34874	1	0.49457	0.37524	1	0.45581	0.53261	12.74780	1.00375	1	0.72012	0.55036	13.11450	1.01141	1	-0.01089	-0.00846	0.66334	0.00369	1	0.05745	-0.01245	0.68039	0.00412	1	1.45898	0.81042	0	
1236237	8338.92285	3304188824028	0.50815	0.36754	8338.62109	0.30176	10910	1	0.55002	0.37765	1	0.47769	0.36449	1	0.51385	0.37107	1	0.45618	0.53231	12.50447	1.01141	1	0.72022	0.55044	12.68748	1.01907	1	-0.01089	-0.00846	0.66334	0.00378	1	0.05745	-0.01245	0.68039	0.00400	1	1.45898	0.81042	0	
1236238	8338.92969	3304188889236	0.50811	0.36823	8338.62109	0.30859	10910	1	0.54495	0.40704	1	0.46773	0.39338	1	0.50634	0.40021	1	0.45613	0.53249	12.33075	1.01907	1	0.72003	0.55101	13.39908	1.02673	1	-0.01089	-0.00846	0.66334	0.00381	1	0.05745	-0.01245	0.68039	0.00383	1	1.45898	0.81042	0	
1236239	8338.93652	3304188958194	0.50807	0.36878	8338.62109	0.31543	10910	1	0.54425	0.40124	1	0.46797	0.38736	1	0.50611	0.39430	1	0.45610	0.53218	12.44873	1.02673	1	0.72004	0.55104	13.55297	1.03439	1	-0.01089	-0.00846	0.66334	0.00383	1	0.05745	-0.01245	0.68039	0.00379	1	1.45898	0.81042	0	
1236240	8338.94336	3304189025282	0.50803	0.36748	8338.62109	0.32227	10910	1	0.52187	0.30345	1	0.47433	0.34744	1	0.49810	0.32544	1	0.45611	0.53180	12.12118	1.03439	1	0.72009	0.55050	13.16160	1.03439	1	-0.01089	-0.00846	0.66334	0.00379	1	0.05745	-0.01245	0.68039	0.00404	1	1.45898	0.81042	0	
1236241	8338.94922	3304189091842	0.50711	0.36870	8338.62109	0.32812	10910	1	0.51400	0.36904	1	0.46593	0.40284	1	0.48997	0.38594	1	0.45603	0.53231	12.39054	1.03439	1	0.72005	0.55103	13.51442	1.03439	1	-0.01089	-0.00846	0.66334	0.00393	1	0.05745	-0.01245	0.68039	0.00381	1	1.45898	0.81042	0	
1236242	8338.95605	3304189159309	0.50619	0.36999	8338.62109	0.33496	10910	1	0.51400	0.36904	1	0.46593	0.40284	1	0.48997	0.38594	1	0.45610	0.53200	12.26912	1.03439	1	0.72044	0.55052	12.30060	1.03439	1	-0.01089	-0.00846	0.66334	0.00393	1	0.05745	-0.01245	0.68039	0.00401	1	1.45898	0.81042	0	
1236243	8338.96289	3304189224629	0.50576	0.36993	8338.62109	0.34180	10910	1	0.52077	0.38134	1	0.46907	0.35450	1	0.49492	0.36792	1	0.45608	0.53183	12.03758	1.03439	1	0.72010	0.55078	12.69015	1.03439	1	-0.01089	-0.00846	0.66334	0.00401	1	0.05745	-0.01245	0.68039	0.00402	1	1.45898	0.81042	0	
1236244	8338.96973	3304189293370	0.50522	0.36943	8338.62109	0.34863	10910	1	0.50805	0.29661	1	0.47011	0.35497	1	0.48908	0.32579	1	0.45592	0.53077	11.72556	1.03439	1	0.72012	0.55068	12.68690	1.03439	1	-0.01089	-0.00846	0.66334	0.00430	1	0.05745	-0.01245	0.68039	0.00393	1	1.45898	0.81042	0	
1236245	8338.97656	3304189359987	0.50469	0.36867	8338.62109	0.35547	10910	1	0.50805	0.29661	1	0.47011	0.35497	1	0.48908	0.32579	1	0.45602	0.53208	11.96293	1.03439	1	0.72010	0.55036	12.65026	1.03439	1	-0.01089	-0.00846	0.66334	0.00380	1	0.05745	-0.01245	0.68039	0.00390	1	1.45898	0.81042	0	
1236246	8338.98340	3304189427163	0.50420	0.36880	8338.62109	0.36230	10910	1	0.52970	0.33297	1	0.45247	0.37162	1	0.49108	0.35230	1	0.45591	0.53130	11.62324	1.03439	1	0.72018	0.55035	12.56283	1.03439	1	-0.01089	-0.00846	0.66334	0.00404	1	0.05745	-0.01245	0.68039	0.00395	1	1.45898	0.81042	0	
1236247	8338.99023	3304189494512	0.50379	0.36821	8338.62109	0.36914	10910	1	0.53595	0.31463	1	0.46430	0.35041	1	0.50013	0.33252	1	0.45605	0.53118	12.12658	1.03439	1	0.72037	0.55023	12.46900	1.03439	1	-0.01089	-0.00846	0.66334	0.00405	1	0.05745	-0.01245	0.68039	0.00381	1	1.45898	0.81042	0	
1236248	8338.99707	3304189560990	0.50338	0.36747	8338.62109	0.37598	10910	1	0.53517	0.30793	1	0.46452	0.34382	1	0.49985	0.32587	1	0.45605	0.53182	12.35876	1.04241	1	0.72010	0.55087	13.07525	1.04241	1	-0.01128	-0.00874	0.68979	0.00352	1	0.05745	-0.01245	0.68039	0.00386	1	1.45898	0.81042	0	
1236249	8339.00293	3304189627150	0.50313	0.36662	8338.62109	0.38184	10910	1	0.54302	0.34945	1	0.45135	0.35712	1	0.49718	0.35329	1	0.45611	0.53175	12.11817	1.05042	1	0.72019	0.55046	13.04521	1.05042	1	-0.01128	-0.00874	0.68979	0.00357	1	0.05745	-0.01245	0.68039	0.00378	1	1.45898	0.81042	0	
1236250	8339.00977	3304189694672	0.50287	0.36614	8338.62109	0.38867	10910	1	0.54132	0.34723	1	0.45738	0.34119	1	0.49935	0.34421	1	0.45614	0.53192	12.35543	1.05844	1	0.72027	0.55035	13.08226	1.05844	1	-0.01128	-0.00874	0.68979	0.00363	1	0.05745	-0.01245	0.68039	0.00374	1	1.45898	0.81042	0	
1236251	8339.01660	3304189761335	0.50262	0.36580	8338.62109	0.39551	10910	1	0.54132	0.34723	1	0.45738	0.34119	1	0.49935	0.34421	1	0.45612	0.53189	12.29697	1.05844	1	0.72023	0.55004	12.82046	1.05844	1	-0.01089	-0.00836	0.66334	0.00366	1	0.05693	-0.01229	0.67428	0.00369	1	1.45898	0.81042	0	
1236252	8339.02344	3304189828866	0.50257	0.36605	8338.62109	0.40234	10910	1	0.54750	0.37782	1	0.48458	0.38340	1	0.51604	0.38061	1	0.45619	0.53159	11.83557	1.05042	1	0.72067	0.55055	12.24131	1.05042	1	-0.01089	-0.00836	0.66334	0.00368	1	0.05693	-0.01229	0.67428	0.00399	1	1.45898	0.81042	0	
1236253	8339.03027	3304189895685	0.50232	0.36713	8338.62109	0.40918	10910	1	0.56194	0.37527	1	0.45147	0.45133	1	0.50671	0.41330	1	0.45639	0.53196	12.91696	1.04241	1	0.72024	0.55112	13.19518	1.04241	1	-0.01089	-0.00836	0.66334	0.00365	1	0.05693	-0.01229	0.67428	0.00390	1	1.45898	0.81042	0	
1236254	8339.03711	3304189962460	0.50207	0.36833	8338.62109	0.41602	10910	1	0.56255	0.38145	1	0.45134	0.45709	1	0.50694	0.41927	1	0.45623	0.53190	12.37143	1.03439	1	0.72013	0.55113	13.12476	1.03439	1	-0.01089	-0.00841	0.66334	0.00361	1	0.05693	-0.01229	0.67428	0.00399	1	1.45898	0.81042	0	
1236255	8339.04395	3304190029839	0.50173	0.36775	8338.62109	0.42285	10910	1	0.52283	0.25270	1	0.48179	0.41792	1	0.50231	0.33531	1	0.45592	0.53037	11.81209	1.03439	1	0.72035	0.55077	12.91079	1.03439	1	-0.01089	-0.00841	0.66334	0.00405	1	0.05693	-0.01229	0.67428	0.00400	1	1.45898	0.81042	0	
1236256	8339.04980	3304190094223	0.50123	0.36873	8338.62109	0.42871	10910	1	0.54796	0.37975	1	0.44123	0.45092	1	0.49459	0.41533	1	0.45617	0.53198	12.51946	1.03439	1	0.72005	0.55102	13.25158	1.03439	1	-0.01089	-0.00841	0.66334	0.00354	1	0.05693	-0.01229	0.67428	0.00398	1	1.45898	0.81042	0	
1236257	8339.05664	3304190160348	0.50073	0.36972	8338.62109	0.43555	10910	1	0.54796	0.37975	1	0.44123	0.45092	1	0.49459	0.41533	1	0.45607	0.53124	12.24763	1.03439	1	0.72029	0.55098	12.88853	1.03439	1	-0.01089	-0.00841	0.66334	0.00392	1	0.05745	-0.01245	0.68039	0.00398	1	1.45898	0.81042	0	
1236258	8339.06348	3304190228270	0.50048	0.37016	8338.62109	0.44238	10910	1	0.53611	0.38360	1	0.43756	0.37881	1	0.48684	0.38120	1	0.45601	0.53188	11.93031	1.03439	1	0.71994	0.55084	13.09881	1.03439	1	-0.01089	-0.00841	0.66334	0.00371	1	0.05745	-0.01245	0.68039	0.00402	1	1.45898	0.81042	0	
1236259	8339.07031	3304190297847	0.50009	0.36954	8338.62109	0.44922	10910	1	0.50486	0.28583	1	0.47528	0.34122	1	0.49007	0.31353	1	0.45590	0.53062	11.74855	1.03439	1	0.72020	0.55058	12.75533	1.03439	1	-0.01089	-0.00841	0.66334	0.00423	1	0.05745	-0.01245	0.68039	0.00392	1	1.45898	0.81042	0	
1236260	8339.07715	3304190365673	0.49969	0.36898	8338.62109	0.45605	10910	1	0.50486	0.28583	1	0.47528	0.34122	1	0.49007	0.31353	1	0.45605	0.53125	11.82248	1.03439	1	0.72011	0.55084	12.97031	1.03439	1	-0.01089	-0.00846	0.66334	0.00364	1	0.05745	-0.01245	0.68039	0.00380	1	1.45898	0.81042	0	
1236261	8339.08398	3304190431913	0.49971	0.36838	8338.62109	0.46289	10910	1	0.52540	0.28125	1	0.47699	0.38985	1	0.50119	0.33555	1	0.45590	0.53069	11.66047	1.03439	1	0.72021	0.55089	13.11553	1.03439	1	-0.01089	-0.00846	0.66334	0.00428	1	0.05745	-0.01245	0.68039	0.00387	1	1.45898	0.81042	0	
1236262	8339.09082	3304190498622	0.49968	0.36753	8338.62109	0.46973	10910	1	0.53804	0.30208	1	0.45934	0.38785	1	0.49869	0.34497	1	0.45611	0.53106	12.10669	1.03439	1	0.71988	0.55108	13.16955	1.03439	1	-0.01089	-0.00846	0.66334	0.00408	1	0.05745	-0.01245	0.68039	0.00385	1	1.45898	0.81042	0	
1236263	8339.09668	3304190565820	0.49964	0.36659	8338.62109	0.47559	10910	1	0.53727	0.29529	1	0.45935	0.38757	1	0.49831	0.34143	1	0.45607	0.53209	12.29618	1.04241	1	0.72017	0.55052	12.96910	1.03475	1	-0.01139	-0.00881	0.69060	0.00398	1	0.05560	-0.01206	0.65909	0.00407	1	1.45898	0.81042	0	
1236264	8339.10352	3304190632779	0.50034	0.36668	8338.62109	0.48242	10910	1	0.55436	0.37007	1	0.47453	0.34681	1	0.51444	0.35844	1	0.45621	0.53237	12.51829	1.04276	1	0.72011	0.55048	13.11526	1.03510	1	-0.01139	-0.00881	0.69060	0.00379	1	0.05560	-0.01206	0.65909	0.00405	1	1.45898	0.81042	0	
1236265	8339.11035	3304190698350	0.50081	0.36586	8338.62109	0.48926	10910	1	0.55484	0.36684	1	0.47033	0.33747	1	0.51258	0.35215	1	0.45616	0.53217	12.50935	1.04312	1	0.72008	0.55041	13.06057	1.03546	1	-0.01139	-0.00881	0.69060	0.00382	1	0.05560	-0.01206	0.65909	0.00409	1	1.45898	0.81042	0	
1236266	8339.11719	3304190764175	0.50127	0.36497	8338.62109	0.49609	10910	1	0.55546	0.37280	1	0.47033	0.33747	1	0.51289	0.35513	1	0.45587	0.53293	13.10060	1.03546	1	0.72009	0.55068	12.98022	1.03546	1	-0.01089	-0.00846	0.66334	0.00361	1	0.05693	-0.01239	0.67428	0.00397	1	1.45898	0.81042	0	
1236267	8339.12402	3304190834711	0.50131	0.36550	8338.62109	0.50293	10910	1	0.53744	0.38458	1	0.46151	0.42009	1	0.49948	0.40233	1	0.45603	0.53280	12.59418	1.02744	1	0.71999	0.55120	13.28733	1.03510	1	-0.01089	-0.00846	0.66334	0.00368	1	0.05693	-0.01239	0.67428	0.00381	1	1.45898	0.81042	0	
1236268	8339.13086	3304190900761	0.50172	0.36581	8338.62109	0.50977	10910	1	0.53891	0.35540	1	0.49111	0.40879	1	0.51501	0.38210	1	0.45594	0.53271	12.80213	1.02709	1	0.72012	0.55096	13.18532	1.03475	1	-0.01089	-0.00846	0.66334	0.00360	1	0.05693	-0.01239	0.67428	0.00383	1	1.45898	0.81042	0	
1236269	8339.13770	3304190967502	0.50212	0.36624	8338.62109	0.51660	10910	1	0.53895	0.35569	1	0.49032	0.42017	1	0.51464	0.38793	1	0.45604	0.53275	12.24364	1.02673	1	0.72012	0.55100	13.17039	1.01992	1	-0.01089	-0.00856	0.66334	0.00365	1	0.05400	-0.01182	0.64080	0.00381	1	1.45898	0.81042	0	
1236270	8339.14355	3304191034328	0.50242	0.36613	8338.62109	0.52246	10910	1	0.53937	0.36239	1	0.48557	0.42685	1	0.51247	0.39462	1	0.45605	0.53255	12.45002	1.01992	1	0.71995	0.55157	13.18140	1.00545	1	-0.01089	-0.00856	0.66334	0.00372	1	0.05400	-0.01182	0.64080	0.00397	1	1.45898	0.81042	0	
1236271	8339.15039	3304191100488	0.50285	0.36689	8338.62109	0.52930	10910	1	0.55037	0.39689	1	0.48599	0.43332	1	0.51818	0.41510	1	0.45619	0.53286	12.48112	1.00545	1	0.71998	0.55159	13.22506	0.99099	1	-0.01089	-0.00856	0.66334	0.00360	1	0.05400	-0.01182	0.64080	0.00390	1	1.45898	0.81042	0	
1236272	8339.15723	3304191168634	0.50330	0.36796	8338.62109	0.53613	10910	1	0.55165	0.40813	1	0.48561	0.43926	1	0.51863	0.42370	1	0.45582	0.53278	13.10875	0.99099	1	0.72002	0.55149	12.89818	0.98333	1	-0.01089	-0.00866	0.66333	0.00357	1	0.05617	-0.01236	0.66707	0.00388	1	1.45898	0.81042	0	
1236273	8339.16406	3304191235698	0.50336	0.36770	8338.62109	0.54297	10910	1	0.51692	0.32773	1	0.48131	0.39461	1	0.49911	0.36117	1	0.45565	0.53167	12.49718	0.98333	1	0.71994	0.55157	13.05258	0.99014	1	-0.01089	-0.00866	0.66333	0.00435	1	0.05617	-0.01236	0.66707	0.00384	1	1.45898	0.81042	0	
1236274	8339.17090	3304191303061	0.50334	0.36749	8338.62109	0.54980	10910	1	0.51920	0.30883	1	0.49813	0.41661	1	0.50866	0.36272	1	0.45569	0.53160	12.64977	0.99014	1	0.72018	0.55184	12.88280	0.99694	1	-0.01089	-0.00866	0.66333	0.00429	1	0.05617	-0.01236	0.66707	0.00381	1	1.45898	0.81042	0	
1236275	8339.17773	3304191368030	0.50333	0.36724	8338.62109	0.55664	10910	1	0.51841	0.30284	1	0.49855	0.41123	1	0.50848	0.35704	1	0.45616	0.53270	12.24086	0.99694	1	0.72024	0.55184	12.89156	1.00375	1	-0.01089	-0.00866	0.66333	0.00405	1	0.05530	-0.01222	0.65679	0.00375	1	1.45898	0.81042	0	
1236276	8339.18457	3304191436609	0.50326	0.36811	8338.62109	0.56348	10910	1	0.51834	0.37291	1	0.50708	0.42840	1	0.51271	0.40065	1	0.45562	0.53288	12.44629	1.00375	1	0.72034	0.55193	13.23851	1.00375	1	-0.01089	-0.00866	0.66333	0.00383	1	0.05530	-0.01222	0.65679	0.00372	1	1.45898	0.81042	0	
1236277	8339.19043	3304191501550	0.50349	0.36806	8338.62109	0.56934	10910	1	0.55365	0.35400	1	0.48349	0.38564	1	0.51857	0.36982	1	0.45594	0.53300	12.64115	1.00375	1	0.71998	0.55176	13.05712	1.00375	1	-0.01089	-0.00866	0.66333	0.00386	1	0.05530	-0.01222	0.65679	0.00377	1	1.45898	0.81042	0	
1236278	8339.19727	3304191570295	0.50371	0.36780	8338.62109	0.57617	10910	1	0.55297	0.34742	1	0.48355	0.38465	1	0.51826	0.36604	1	0.45553	0.53336	12.86284	1.01177	1	0.72021	0.55113	12.73913	1.00496	1	-0.01125	-0.00890	0.68193	0.00379	1	0.05400	-0.01192	0.64080	0.00401	1	1.45898	0.81042	0	
1236279	8339.20410	3304191637224	0.50359	0.36731	8338.62109	0.58301	10910	1	0.51856	0.35292	1	0.49959	0.35423	1	0.50908	0.35357	1	0.45564	0.53286	12.87031	1.01298	1	0.72019	0.55122	12.68949	1.00617	1	-0.01125	-0.00890	0.68193	0.00397	1	0.05400	-0.01192	0.64080	0.00409	1	1.45898	0.81042	0	
1236280	8339.21094	3304191704658	0.50333	0.36785	8338.62109	0.58984	10910	1	0.51485	0.39147	1	0.49278	0.38298	1	0.50382	0.38722	1	0.45563	0.53326	13.12272	1.01419	1	0.72005	0.55156	12.95170	1.00738	1	-0.01125	-0.00890	0.68193	0.00374	1	0.05400	-0.01192	0.64080	0.00398	1	1.45898	0.81042	0	
1236281	8339.21777	3304191771936	0.50307	0.36831	8338.62109	0.59668	10910	1	0.51566	0.39676	1	0.49278	0.38298	1	0.50422	0.38987	1	0.45574	0.53341	13.04011	1.00738	1	0.72020	0.55133	12.84724	1.00738	1	-0.01089	-0.00871	0.66334	0.00375	1	0.05530	-0.01231	0.65679	0.00409	1	1.45898	0.81042	0	
1236282	8339.22461	3304191838189	0.50320	0.36848	8338.62109	0.60352	10910	1	0.52351	0.37188	1	0.50282	0.38069	1	0.51316	0.37629	1	0.45579	0.53361	13.10185	0.99936	1	0.72031	0.55162	12.82705	1.00617	1	-0.01089	-0.00871	0.66334	0.00368	1	0.05530	-0.01231	0.65679	0.00402	1	1.45898	0.81042	0	
1236283	8339.23047	3304191902143	0.50368	0.36895	8338.62109	0.60938	10910	1	0.53090	0.38579	1	0.50255	0.40323	1	0.51672	0.39451	1	0.45590	0.53373	12.77005	0.99815	1	0.72027	0.55172	12.80799	1.00496	1	-0.01089	-0.00871	0.66334	0.00361	1	0.05530	-0.01231	0.65679	0.00401	1	1.45898	0.81042	0	
1236284	8339.23730	3304191969447	0.50414	0.36938	8338.62109	0.61621	10910	1	0.53103	0.38675	1	0.50247	0.40419	1	0.51675	0.39547	1	0.45606	0.53397	11.95836	0.99694	1	0.72008	0.55219	13.19959	1.00375	1	-0.01089	-0.00881	0.66334	0.00369	1	0.05535	-0.01235	0.65622	0.00368	1	1.45898	0.81042	0	
1236285	8339.24414	3304192036916	0.50414	0.37071	8338.62109	0.62305	10910	1	0.55538	0.40389	1	0.47269	0.46640	1	0.51404	0.43514	1	0.45615	0.53396	12.33265	1.00375	1	0.71985	0.55253	12.93683	1.00375	1	-0.01089	-0.00881	0.66334	0.00373	1	0.05535	-0.01235	0.65622	0.00402	1	1.45898	0.81042	0	
1236286	8339.25098	3304192101667	0.50388	0.37056	8338.62109	0.62988	10910	1	0.51745	0.40187	1	0.47057	0.38394	1	0.49401	0.39290	1	0.45594	0.53378	12.34233	1.00375	1	0.71972	0.55255	12.95191	1.00375	1	-0.01089	-0.00881	0.66334	0.00380	1	0.05535	-0.01235	0.65622	0.00400	1	1.45898	0.81042	0	
1236287	8339.25781	3304192171221	0.50363	0.37046	8338.62109	0.63672	10910	1	0.51745	0.40187	1	0.47084	0.37770	1	0.49414	0.38978	1	0.45605	0.53439	12.41496	1.00375	1	0.71988	0.55285	13.19334	1.01141	1	-0.01089	-0.00886	0.66334	0.00374	1	0.05768	-0.01291	0.68321	0.00380	1	1.45898	0.81042	0	
1236288	8339.26465	3304192237131	0.50372	0.37188	8338.62109	0.64355	10910	1	0.52114	0.38193	1	0.48322	0.40531	1	0.50218	0.39362	1	0.45605	0.53417	12.39634	1.01141	1	0.72001	0.55283	13.25437	1.01907	1	-0.01089	-0.00886	0.66334	0.00398	1	0.05768	-0.01291	0.68321	0.00386	1	1.45898	0.81042	0	
1236289	8339.27148	3304192305646	0.50368	0.37194	8338.62109	0.65039	10910	1	0.51645	0.37696	1	0.46015	0.40069	1	0.48830	0.38882	1	0.45603	0.53413	12.47709	1.01907	1	0.72001	0.55283	13.25437	1.02673	1	-0.01089	-0.00886	0.66334	0.00390	1	0.05768	-0.01291	0.68321	0.00386	1	1.45898	0.81042	0	
1236290	8339.27734	3304192371580	0.50364	0.37175	8338.62109	0.65625	10910	1	0.51463	0.36460	1	0.46053	0.38848	1	0.48758	0.37654	1	0.45598	0.53431	12.36251	1.03475	1	0.72030	0.55238	12.71557	1.04241	1	-0.01128	-0.00921	0.68979	0.00389	1	0.05693	-0.01279	0.67428	0.00420	1	1.45898	0.81042	0	
1236291	8339.28418	3304192438391	0.50366	0.37031	8338.62109	0.66309	10910	1	0.50893	0.31542	1	0.48370	0.28267	1	0.49632	0.29905	1	0.45601	0.53362	11.87750	1.05042	1	0.72025	0.55182	12.65734	1.05042	1	-0.01128	-0.00921	0.68979	0.00396	1	0.05693	-0.01279	0.67428	0.00408	1	1.45898	0.81042	0	
1236292	8339.29102	3304192506631	0.50408	0.37065	8338.62109	0.66992	10910	1	0.54443	0.37199	1	0.47334	0.31204	1	0.50888	0.34202	1	0.45657	0.53456	12.89023	1.05844	1	0.72010	0.55232	13.08385	1.05844	1	-0.01128	-0.00921	0.68979	0.00373	1	0.05693	-0.01279	0.67428	0.00417	1	1.45898	0.81042	0	
1236293	8339.29785	3304192574626	0.50449	0.37086	8338.62109	0.67676	10910	1	0.54372	0.36588	1	0.47362	0.30531	1	0.50867	0.33560	1	0.45625	0.53443	12.26785	1.06646	1	0.72025	0.55342	12.96752	1.06646	1	-0.01128	-0.00936	0.68978	0.00374	1	0.05693	-0.01290	0.67428	0.00383	1	1.45898	0.81042	0	
1236294	8339.30469	3304192642148	0.50462	0.37093	8338.62109	0.68359	10910	1	0.53375	0.31982	1	0.46104	0.39140	1	0.49740	0.35561	1	0.45646	0.53452	12.75240	1.06646	1	0.72032	0.55319	13.05955	1.06646	1	-0.01128	-0.00936	0.68978	0.00370	1	0.05693	-0.01290	0.67428	0.00417	1	1.45898	0.81042	0	
1236295	8339.31152	3304192709312	0.50440	0.37186	8338.62109	0.69043	10910	1	0.53123	0.32529	1	0.44858	0.42989	1	0.48990	0.37759	1	0.45633	0.53444	12.21264	1.06646	1	0.72017	0.55359	12.74484	1.06646	1	-0.01128	-0.00936	0.68978	0.00387	1	0.05693	-0.01290	0.67428	0.00405	1	1.45898	0.81042	0	
1236296	8339.31738	3304192773848	0.50420	0.37294	8338.62109	0.69629	10910	1	0.53123	0.32529	1	0.44858	0.42989	1	0.48990	0.37759	1	0.45636	0.53480	12.94661	1.06646	1	0.72030	0.55392	12.40766	1.06646	1	-0.01118	-0.00934	0.68420	0.00349	1	0.05768	-0.01312	0.68321	0.00405	1	1.45898	0.81042	0	
1236297	8339.32520	3304192843064	0.50427	0.37311	8338.62109	0.70410	10910	1	0.54034	0.34928	1	0.46144	0.37326	1	0.50089	0.36127	1	0.45647	0.53518	13.21316	1.06646	1	0.72036	0.55399	12.62769	1.06646	1	-0.01118	-0.00934	0.68420	0.00371	1	0.05768	-0.01312	0.68321	0.00401	1	1.45898	0.81042	0	
1236298	8339.33105	3304192910065	0.50444	0.37347	8338.62109	0.70996	10910	1	0.55079	0.34681	1	0.46346	0.37589	1	0.50712	0.36135	1	0.45671	0.53527	13.30617	1.06646	1	0.72035	0.55415	12.79018	1.06646	1	-0.01118	-0.00934	0.68420	0.00380	1	0.05768	-0.01312	0.68321	0.00391	1	1.45898	0.81042	0	
1236299	8339.33789	3304192976561	0.50460	0.37382	8338.62109	0.71680	10910	1	0.55079	0.34681	1	0.46346	0.37589	1	0.50712	0.36135	1	0.45645	0.53481	12.64996	1.06646	1	0.72031	0.55382	12.75064	1.06646	1	-0.01099	-0.00927	0.67884	0.00380	1	0.05768	-0.01312	0.68321	0.00415	1	1.45898	0.81042	0	
1236300	8339.34473	3304193044429	0.50450	0.37244	8338.62109	0.72363	10910	1	0.53675	0.28819	1	0.48590	0.33996	1	0.51132	0.31407	1	0.45649	0.53456	12.74481	1.06646	1	0.72074	0.55369	13.22485	1.06646	1	-0.01099	-0.00927	0.67884	0.00406	1	0.05768	-0.01312	0.68321	0.00413	1	1.45898	0.81042	0	
1236301	8339.35156	3304193110790	0.50425	0.37100	8338.62109	0.73047	10910	1	0.51076	0.34109	1	0.47879	0.34770	1	0.49478	0.34440	1	0.45644	0.53522	12.98533	1.06646	1	0.72059	0.55354	12.75272	1.06646	1	-0.01099	-0.00927	0.67884	0.00375	1	0.05768	-0.01312	0.68321	0.00404	1	1.45898	0.81042	0	
1236302	8339.35840	3304193177910	0.50400	0.36964	8338.62109	0.73730	10910	1	0.51169	0.34741	1	0.47816	0.36025	1	0.49492	0.35383	1	0.45673	0.53542	12.88160	1.05844	1	0.72075	0.55409	13.29996	1.05078	1	-0.01073	-0.00909	0.66566	0.00383	1	0.05704	-0.01311	0.67505	0.00388	1	1.45898	0.81042	0	
1236303	8339.36523	3304193244627	0.50430	0.37043	8338.62109	0.74414	10910	1	0.55099	0.35246	1	0.48237	0.39455	1	0.51668	0.37350	1	0.45708	0.53511	12.09593	1.04276	1	0.72069	0.55388	13.12497	1.03510	1	-0.01073	-0.00909	0.66566	0.00395	1	0.05704	-0.01311	0.67505	0.00393	1	1.45898	0.81042	0	
1236304	8339.37207	3304193311892	0.50444	0.36880	8338.62109	0.75098	10910	1	0.50838	0.28747	1	0.49439	0.38667	1	0.50139	0.33707	1	0.45670	0.53455	11.64467	1.02709	1	0.72088	0.55380	12.84745	1.01943	1	-0.01073	-0.00909	0.66566	0.00399	1	0.05704	-0.01311	0.67505	0.00396	1	1.45898	0.81042	0	
1236305	8339.37793	3304193377987	0.50459	0.36731	8338.62109	0.75684	10910	1	0.50931	0.29414	1	0.49395	0.39281	1	0.50163	0.34347	1	0.45710	0.53547	12.11751	1.01943	1	0.72093	0.55432	13.01775	1.01177	1	-0.01101	-0.00952	0.68585	0.00383	1	0.05704	-0.01311	0.67505	0.00388	1	1.45898	0.81042	0	
1236306	8339.38477	3304193445977	0.50510	0.36800	8338.62109	0.76367	10910	1	0.53300	0.41614	1	0.48961	0.41268	1	0.51130	0.41441	1	0.45706	0.53545	12.17048	1.01979	1	0.72080	0.55444	13.11190	1.01979	1	-0.01101	-0.00952	0.68585	0.00376	1	0.05704	-0.01311	0.67505	0.00387	1	1.45898	0.81042	0	
1236307	8339.39160	3304193512759	0.50532	0.36939	8338.62109	0.77051	10910	1	0.53692	0.39498	1	0.46470	0.36572	1	0.50081	0.38035	1	0.45711	0.53536	12.18132	1.02780	1	0.72078	0.55457	13.13259	1.02780	1	-0.01101	-0.00952	0.68585	0.00374	1	0.05704	-0.01311	0.67505	0.00398	1	1.45898	0.81042	0	
1236308	8339.39844	3304193579704	0.50554	0.37059	8338.62109	0.77734	10910	1	0.53614	0.38886	1	0.46515	0.35298	1	0.50064	0.37092	1	0.45713	0.53548	12.67896	1.03582	1	0.72080	0.55462	13.12302	1.04348	1	-0.01101	-0.00952	0.68585	0.00370	1	0.05749	-0.01323	0.67850	0.00403	1	1.45898	0.81042	0	
1236309	8339.40527	3304193646458	0.50528	0.37127	8338.62109	0.78418	10910	1	0.53700	0.37531	1	0.44043	0.36141	1	0.48871	0.36836	1	0.45714	0.53544	12.75829	1.04348	1	0.72080	0.55480	13.20690	1.05114	1	-0.01101	-0.00952	0.68585	0.00365	1	0.05749	-0.01323	0.67850	0.00406	1	1.45898	0.81042	0	
1236310	8339.41211	3304193713995	0.50484	0.37215	8338.62109	0.79102	10910	1	0.50840	0.38482	1	0.44669	0.39017	1	0.47755	0.38750	1	0.45707	0.53536	12.66561	1.05114	1	0.72087	0.55505	13.42503	1.05880	1	-0.01101	-0.00952	0.68585	0.00365	1	0.05749	-0.01323	0.67850	0.00396	1	1.45898	0.81042	0	
1236311	8339.41895	3304193780923	0.50440	0.37299	8338.62109	0.79785	10910	1	0.50749	0.37902	1	0.44678	0.38432	1	0.47714	0.38167	1	0.45718	0.53543	12.85013	1.05880	1	0.72100	0.55499	12.81816	1.06646	1	-0.01072	-0.00935	0.67418	0.00356	1	0.05749	-0.01323	0.67850	0.00399	1	1.45898	0.81042	0	
1236312	8339.42480	3304193847510	0.50413	0.37352	8338.62109	0.80371	10910	1	0.52954	0.39239	1	0.47324	0.37534	1	0.50139	0.38387	1	0.45744	0.53575	12.97781	1.06646	1	0.72134	0.55500	13.90193	1.06646	1	-0.01072	-0.00935	0.67418	0.00373	1	0.05749	-0.01323	0.67850	0.00397	1	1.45898	0.81042	0	
1236313	8339.43164	3304193914418	0.50397	0.37431	8338.62109	0.81055	10910	1	0.52981	0.39684	1	0.47969	0.38285	1	0.50475	0.38984	1	0.45743	0.53582	13.00781	1.06646	1	0.72139	0.55508	13.91154	1.06646	1	-0.01072	-0.00935	0.67418	0.00368	1	0.05749	-0.01323	0.67850	0.00399	1	1.45898	0.81042	0	
1236314	8339.43848	3304193981477	0.50380	0.37516	8338.62109	0.81738	10910	1	0.53062	0.40272	1	0.47936	0.38900	1	0.50499	0.39586	1	0.45756	0.53555	12.17441	1.05844	1	0.72153	0.55520	13.15488	1.05844	1	-0.01026	-0.00899	0.64828	0.00381	1	0.05749	-0.01323	0.67850	0.00380	1	1.45898	0.81042	0	
1236315	8339.44531	3304194045422	0.50395	0.37473	8338.62109	0.82422	10910	1	0.52611	0.36921	1	0.48676	0.39433	1	0.50644	0.38177	1	0.45732	0.53576	12.98486	1.05042	1	0.72154	0.55497	13.02356	1.05042	1	-0.01026	-0.00899	0.64828	0.00373	1	0.05749	-0.01323	0.67850	0.00384	1	1.45898	0.81042	0	
1236316	8339.45215	3304194115736	0.50346	0.37454	8338.62109	0.83105	10910	1	0.50749	0.35663	1	0.47620	0.38954	1	0.49185	0.37308	1	0.45745	0.53551	13.13634	1.04241	1	0.72140	0.55479	13.44322	1.04241	1	-0.01026	-0.00899	0.64828	0.00373	1	0.05749	-0.01323	0.67850	0.00389	1	1.45898	0.81042	0	
1236317	8339.45898	3304194182561	0.50299	0.37429	8338.62109	0.83789	10910	1	0.50749	0.35663	1	0.47591	0.39550	1	0.49170	0.37607	1	0.45767	0.53545	12.56797	1.04241	1	0.72166	0.55454	12.99064	1.03475	1	-0.01079	-0.00951	0.68550	0.00379	1	0.05554	-0.01277	0.65495	0.00385	1	1.45898	0.81042	0	
1236318	8339.46582	3304194249595	0.50311	0.37352	8338.62109	0.84473	10910	1	0.53679	0.34293	1	0.50033	0.37255	1	0.51856	0.35774	1	0.45795	0.53543	12.21291	1.04276	1	0.72178	0.55459	13.02522	1.03510	1	-0.01079	-0.00951	0.68550	0.00379	1	0.05554	-0.01277	0.65495	0.00373	1	1.45898	0.81042	0	
1236319	8339.47168	3304194316695	0.50306	0.37255	8338.62109	0.85059	10910	1	0.53097	0.35631	1	0.50081	0.38013	1	0.51589	0.36822	1	0.45788	0.53552	12.08845	1.04312	1	0.72182	0.55471	12.97571	1.03546	1	-0.01079	-0.00951	0.68550	0.00377	1	0.05554	-0.01277	0.65495	0.00378	1	1.45898	0.81042	0	
1236320	8339.47852	3304194382150	0.50301	0.37139	8338.62109	0.85742	10910	1	0.53093	0.35602	1	0.50083	0.37984	1	0.51588	0.36793	1	0.45789	0.53532	12.22968	1.04348	1	0.72173	0.55462	13.07889	1.03582	1	-0.01079	-0.00951	0.68550	0.00374	1	0.05554	-0.01277	0.65495	0.00373	1	1.45898	0.81042	0	
1236321	8339.48535	3304194450618	0.50336	0.37200	8338.62109	0.86426	10910	1	0.53120	0.40134	1	0.50083	0.37984	1	0.51601	0.39059	1	0.45784	0.53542	12.20148	1.03582	1	0.72181	0.55469	12.98958	1.03582	1	-0.01079	-0.00951	0.68550	0.00372	1	0.05554	-0.01277	0.65495	0.00378	1	1.45898	0.81042	0	
1236322	8339.49219	3304194517142	0.50354	0.37205	8338.62109	0.87109	10910	1	0.53379	0.35630	1	0.50080	0.37394	1	0.51730	0.36512	1	0.45792	0.53547	12.28337	1.03582	1	0.72186	0.55471	13.01721	1.03582	1	-0.01079	-0.00951	0.68550	0.00369	1	0.05554	-0.01277	0.65495	0.00373	1	1.45898	0.81042	0	
1236323	8339.49902	3304194585149	0.50372	0.37222	8338.62109	0.87793	10910	1	0.53379	0.35630	1	0.50080	0.37394	1	0.51730	0.36512	1	0.45810	0.53551	12.73488	1.03582	1	0.72187	0.55465	13.11709	1.03582	1	-0.01079	-0.00951	0.68550	0.00372	1	0.05554	-0.01277	0.65495	0.00373	1	1.45898	0.81042	0	
1236324	8339.50488	3304194647935	0.50375	0.37127	8338.62109	0.88379	10910	1	0.52159	0.37260	1	0.50617	0.33818	1	0.51388	0.35539	1	0.45761	0.53553	12.46665	1.03582	1	0.72177	0.55451	12.96729	1.03582	1	-0.01079	-0.00951	0.68550	0.00373	1	0.05554	-0.01277	0.65495	0.00376	1	1.45898	0.81042	0	
1236325	8339.51270	3304194718543	0.50378	0.37093	8338.62109	0.89160	10910	1	0.52942	0.36309	1	0.51106	0.34328	1	0.52024	0.35319	1	0.45784	0.53542	12.20148	1.03582	1	0.72190	0.55451	12.99902	1.03582	1	-0.01079	-0.00951	0.68550	0.00372	1	0.05554	-0.01277	0.65495	0.00381	1	1.45898	0.81042	0	
1236326	8339.51855	3304194785435	0.50382	0.37066	8338.62109	0.89746	10910	1	0.52942	0.36309	1	0.51106	0.34328	1	0.52024	0.35319	1	0.45773	0.53555	12.56411	1.03582	1	0.72183	0.55447	13.01597	1.03582	1	-0.01079	-0.00951	0.68550	0.00369	1	0.05554	-0.01277	0.65495	0.00378	1	1.45898	0.81042	0	
1236327	8339.52539	3304194851180	0.50391	0.37097	8338.62109	0.90430	10910	1	0.52300	0.38015	1	0.50377	0.35638	1	0.51339	0.36827	1	0.45777	0.53553	12.78488	1.03582	1	0.72181	0.55453	12.83697	1.03582	1	-0.01079	-0.00951	0.68550	0.00368	1	0.05554	-0.01277	0.65495	0.00377	1	1.45898	0.81042	0	
1236328	8339.53223	3304194918158	0.50423	0.37031	8338.62109	0.91113	10910	1	0.53818	0.34066	1	0.49953	0.37079	1	0.51885	0.35572	1	0.45803	0.53558	12.78035	1.03582	1	0.72170	0.55466	13.32377	1.03582	1	-0.01079	-0.00951	0.68550	0.00370	1	0.05554	-0.01277	0.65495	0.00369	1	1.45898	0.81042	0	
1236329	8339.53906	3304194986470	0.50453	0.36966	8338.62109	0.91797	10910	1	0.53818	0.34066	1	0.49912	0.37626	1	0.51865	0.35846	1	0.45772	0.53533	12.32598	1.03582	1	0.72188	0.55471	13.13507	1.02901	1	-0.01079	-0.00951	0.68550	0.00372	1	0.05366	-0.01233	0.63226	0.00378	1	1.45898	0.81042	0	
1236330	8339.54590	3304195052991	0.50446	0.36931	8338.62109	0.92480	10910	1	0.52078	0.33648	1	0.49954	0.38291	1	0.51016	0.35969	1	0.45775	0.53532	12.19257	1.02901	1	0.72178	0.55463	13.05051	1.02220	1	-0.01079	-0.00951	0.68550	0.00374	1	0.05366	-0.01233	0.63226	0.00378	1	1.45898	0.81042	0	
1236331	8339.55273	3304195120327	0.50443	0.36852	8338.62109	0.93164	10910	1	0.53371	0.34407	1	0.49605	0.36926	1	0.51488	0.35667	1	0.45794	0.53524	12.65122	1.02220	1	0.72179	0.55445	12.86051	1.01539	1	-0.01079	-0.00951	0.68550	0.00388	1	0.05366	-0.01233	0.63226	0.00380	1	1.45898	0.81042	0	
1236332	8339.55957	3304195187439	0.50439	0.36783	8338.62109	0.93848	10910	1	0.53439	0.34964	1	0.49565	0.37485	1	0.51502	0.36225	1	0.45803	0.53558	12.78035	1.01539	1	0.72182	0.55452	13.07654	1.00859	1	-0.01079	-0.00951	0.68550	0.00370	1	0.05366	-0.01233	0.63226	0.00374	1	1.45898	0.81042	0	
1236333	8339.56641	3304195254336	0.50448	0.36689	8338.62109	0.94531	10910	1	0.53327	0.37644	1	0.50326	0.40383	1	0.51826	0.39014	1	0.45787	0.53547	12.71224	1.00859	1	0.72188	0.55472	13.03015	1.00859	1	-0.01079	-0.00951	0.68550	0.00369	1	0.05366	-0.01233	0.63226	0.00387	1	1.45898	0.81042	0	
1236334	8339.57227	3304195321752	0.50487	0.36643	8338.62109	0.95117	10910	1	0.53611	0.36715	1	0.48954	0.37446	1	0.51282	0.37080	1	0.45791	0.53548	12.67896	1.00859	1	0.72169	0.55446	13.15124	1.00859	1	-0.01079	-0.00951	0.68550	0.00370	1	0.05366	-0.01233	0.63226	0.00382	1	1.45898	0.81042	0	
1236335	8339.57910	3304195388629	0.50526	0.36598	8338.62109	0.95801	10910	1	0.53611	0.36715	1	0.48990	0.36887	1	0.51300	0.36801	1	0.45781	0.53542	12.52559	1.00859	1	0.72176	0.55455	13.15261	1.01539	1	-0.01079	-0.00951	0.68550	0.00371	1	0.05554	-0.01277	0.65495	0.00382	1	1.45898	0.81042	0	
1236336	8339.58594	3304195454095	0.50546	0.36563	8338.62109	0.96484	10910	1	0.53523	0.36726	1	0.48781	0.38702	1	0.51152	0.37714	1	0.45787	0.53547	12.71224	1.01539	1	0.72157	0.55474	13.19364	1.02220	1	-0.01079	-0.00951	0.68550	0.00370	1	0.05554	-0.01277	0.65495	0.00383	1	1.45898	0.81042	0	
1236337	8339.59277	3304195522491	0.50599	0.36504	8338.62109	0.97168	10910	1	0.52061	0.33101	1	0.50710	0.38928	1	0.51385	0.36014	1	0.45770	0.53529	12.10406	1.02220	1	0.72189	0.55471	13.08674	1.02901	1	-0.01079	-0.00951	0.68550	0.00375	1	0.05554	-0.01277	0.65495	0.00384	1	1.45898	0.81042	0	
1236338	8339.59961	3304195589232	0.50653	0.36458	8338.62109	0.97852	10910	1	0.51985	0.32535	1	0.50757	0.38388	1	0.51371	0.35462	1	0.45770	0.53529	12.10406	1.02901	1	0.72186	0.55469	13.07734	1.03582	1	-0.01079	-0.00951	0.68550	0.00375	1	0.05643	-0.01295	0.66422	0.00382	1	1.45898	0.81042	0	
1236339	8339.60645	3304195656134	0.50671	0.36589	8338.62109	0.98535	10910	1	0.52821	0.34659	1	0.48136	0.37702	1	0.50478	0.36181	1	0.45780	0.53549	12.62897	1.03582	1	0.72184	0.55463	13.02698	1.03582	1	-0.01079	-0.00951	0.68550	0.00370	1	0.05643	-0.01295	0.66422	0.00383	1	1.45898	0.81042	0	
1236340	8339.61328	3304195723427	0.50635	0.36650	8338.62109	0.99219	10910	1	0.52390	0.36438	1	0.45907	0.37889	1	0.49149	0.37163	1	0.45777	0.53565	12.76194	1.03582	1	0.72146	0.55475	13.17692	1.03582	1	-0.01079	-0.00951	0.68550	0.00368	1	0.05643	-0.01295	0.66422	0.00395	1	1.45898	0.81042	0	
1236341	8339.61914	3304195790436	0.50599	0.36719	8338.62109	0.99805	10910	1	0.52390	0.36438	1	0.45925	0.37281	1	0.49157	0.36860	1	0.45811	0.53536	13.14109	1.03582	1	0.72139	0.55484	13.36903	1.04348	1	-0.01069	-0.00941	0.68555	0.00371	1	0.05758	-0.01320	0.67718	0.00397	1	1.45898	0.81042	0	
1236342	8339.62598	3304195857078	0.50598	0.36778	8338.62109	1.00488	10910	1	0.53319	0.38252	1	0.46042	0.38474	1	0.49680	0.38363	1	0.45793	0.53532	12.84925	1.04348	1	0.72150	0.55497	13.37467	1.05114	1	-0.01069	-0.00941	0.68555	0.00375	1	0.05758	-0.01320	0.67718	0.00399	1	1.45898	0.81042	0	
1236343	8339.63281	3304195920646	0.50601	0.36762	8338.62109	1.01172	10910	1	0.54784	0.36961	1	0.43523	0.37094	1	0.49153	0.37027	1	0.45821	0.53546	13.11958	1.05114	1	0.72152	0.55499	13.63968	1.05880	1	-0.01069	-0.00941	0.68555	0.00375	1	0.05758	-0.01320	0.67718	0.00393	1	1.45898	0.81042	0	
1236344	8339.63965	3304195988169	0.50605	0.36748	8338.62109	1.01855	10910	1	0.54787	0.36989	1	0.43523	0.37122	1	0.49155	0.37055	1	0.45813	0.53522	12.93643	1.05078	1	0.72182	0.55505	13.00397	1.05844	1	-0.01020	-0.00897	0.65709	0.00379	1	0.05758	-0.01320	0.67718	0.00400	1	1.45898	0.81042	0	
1236345	8339.64551	3304196055032	0.50619	0.36722	8338.62109	1.02441	10910	1	0.55629	0.32741	1	0.45954	0.37023	1	0.50792	0.34882	1	0.45832	0.53501	12.76778	1.05042	1	0.72185	0.55481	12.87893	1.05042	1	-0.01020	-0.00897	0.65709	0.00386	1	0.05758	-0.01320	0.67718	0.00396	1	1.45898	0.81042	0	
1236346	8339.65332	3304196124482	0.50580	0.36744	8338.62109	1.03223	10910	1	0.52795	0.34007	1	0.44894	0.40369	1	0.48844	0.37188	1	0.45827	0.53493	12.61253	1.04241	1	0.72171	0.55462	12.69884	1.04241	1	-0.01020	-0.00897	0.65709	0.00391	1	0.05758	-0.01320	0.67718	0.00402	1	1.45898	0.81042	0	
1236347	8339.65918	3304196188773	0.50542	0.36779	8338.62109	1.03809	10910	1	0.52878	0.34653	1	0.44883	0.40981	1	0.48881	0.37817	1	0.45842	0.53516	12.22454	1.03439	1	0.72237	0.55454	13.00178	1.03439	1	-0.01020	-0.00897	0.65709	0.00390	1	0.05758	-0.01320	0.67718	0.00396	1	1.45898	0.81042	0	
1236348	8339.66602	3304196256145	0.50504	0.36964	8338.62109	1.04492	10910	1	0.51660	0.37313	1	0.46923	0.43257	1	0.49291	0.40285	1	0.45842	0.53484	12.29067	1.03439	1	0.72208	0.55487	14.00176	1.03439	1	-0.01020	-0.00897	0.65709	0.00395	1	0.05758	-0.01320	0.67718	0.00386	1	1.45898	0.81042	0	
1236349	8339.67285	3304196325151	0.50520	0.37106	8338.62109	1.05176	10910	1	0.52283	0.42004	1	0.48188	0.40579	1	0.50236	0.41291	1	0.45845	0.53530	12.37756	1.03439	1	0.72228	0.55456	13.14692	1.03439	1	-0.01020	-0.00897	0.65709	0.00386	1	0.05758	-0.01320	0.67718	0.00388	1	1.45898	0.81042	0	
1236350	8339.67969	3304196389176	0.50535	0.37236	8338.62109	1.05859	10910	1	0.52283	0.42004	1	0.48154	0.41168	1	0.50219	0.41586	1	0.45843	0.53521	12.33784	1.03439	1	0.72199	0.55481	13.61529	1.02673	1	-0.01020	-0.00897	0.65709	0.00388	1	0.05611	-0.01286	0.65928	0.00388	1	1.45898	0.81042	0	
1236351	8339.68652	3304196456987	0.50482	0.37321	8338.62109	1.06543	10910	1	0.49908	0.42700	1	0.48335	0.40212	1	0.49122	0.41456	1	0.45807	0.53532	13.16460	1.02673	1	0.72229	0.55452	13.24595	1.01907	1	-0.01020	-0.00897	0.65709	0.00384	1	0.05611	-0.01286	0.65928	0.00384	1	1.45898	0.81042	0	
1236352	8339.69336	3304196524137	0.50477	0.37347	8338.62109	1.07227	10910	1	0.51206	0.29526	1	0.48622	0.40410	1	0.49914	0.34968	1	0.45839	0.53464	12.19166	1.01907	1	0.72235	0.55435	13.40084	1.01141	1	-0.01020	-0.00897	0.65709	0.00420	1	0.05611	-0.01286	0.65928	0.00379	1	1.45898	0.81042	0	
1236353	8339.70020	3304196594197	0.50473	0.37367	8338.62109	1.07910	10910	1	0.51298	0.30192	1	0.48622	0.40410	1	0.49960	0.35301	1	0.45842	0.53406	12.03816	1.01141	1	0.72255	0.55467	13.00680	1.01141	1	-0.01020	-0.00897	0.65709	0.00415	1	0.05520	-0.01264	0.64808	0.00378	1	1.45898	0.81042	0	
1236354	8339.70605	3304196659424	0.50458	0.37308	8338.62109	1.08496	10910	1	0.51060	0.38507	1	0.49760	0.38716	1	0.50410	0.38611	1	0.45824	0.53507	12.35254	1.01141	1	0.72249	0.55466	13.10074	1.01907	1	-0.01020	-0.00897	0.65709	0.00384	1	0.05520	-0.01264	0.64808	0.00380	1	1.45898	0.81042	0	
1236355	8339.71289	3304196727858	0.50479	0.37285	8338.62109	1.09180	10910	1	0.52020	0.32808	1	0.50155	0.40969	1	0.51088	0.36888	1	0.45843	0.53470	12.34853	1.01907	1	0.72263	0.55493	13.37140	1.02673	1	-0.01020	-0.00897	0.65709	0.00385	1	0.05520	-0.01264	0.64808	0.00377	1	1.45898	0.81042	0	
1236356	8339.71973	3304196795078	0.50498	0.37266	8338.62109	1.09863	10910	1	0.51844	0.31497	1	0.50162	0.40876	1	0.51003	0.36186	1	0.45848	0.53502	12.53498	1.03475	1	0.72269	0.55476	13.09028	1.02794	1	-0.01049	-0.00927	0.67925	0.00382	1	0.05430	-0.01243	0.63756	0.00380	1	1.45898	0.81042	0	
1236357	8339.72656	3304196862213	0.50511	0.37300	8338.62109	1.10547	10910	1	0.52519	0.35858	1	0.46474	0.41117	1	0.49496	0.38488	1	0.45846	0.53501	12.63083	1.03595	1	0.72240	0.55486	13.43394	1.02149	1	-0.01049	-0.00927	0.67925	0.00387	1	0.05430	-0.01243	0.63756	0.00382	1	1.45898	0.81042	0	
1236358	8339.73340	3304196929244	0.50542	0.37299	8338.62109	1.11230	10910	1	0.51723	0.37021	1	0.46708	0.40423	1	0.49216	0.38722	1	0.45843	0.53533	12.88274	1.02950	1	0.72241	0.55489	13.59084	1.01504	1	-0.01049	-0.00927	0.67925	0.00385	1	0.05430	-0.01243	0.63756	0.00381	1	1.45898	0.81042	0	
1236359	8339.74023	3304196995910	0.50574	0.37310	8338.62109	1.11914	10910	1	0.51797	0.37529	1	0.46733	0.39794	1	0.49265	0.38661	1	0.45856	0.53516	12.64468	1.02305	1	0.72244	0.55497	13.52204	1.02305	1	-0.01049	-0.00927	0.67925	0.00382	1	0.05860	-0.01339	0.68673	0.00379	1	1.45898	0.81042	0	
1236360	8339.74707	3304197062910	0.50555	0.37153	8338.62109	1.12598	10910	1	0.50775	0.30750	1	0.47642	0.30927	1	0.49208	0.30839	1	0.45828	0.53435	11.83259	1.02305	1	0.72249	0.55394	13.06313	1.03752	1	-0.01049	-0.00927	0.67925	0.00401	1	0.05860	-0.01339	0.68673	0.00448	1	1.45898	0.81042	0	
1236361	8339.75391	3304197129889	0.50530	0.37137	8338.62109	1.13281	10910	1	0.51338	0.36763	1	0.47238	0.39716	1	0.49288	0.38239	1	0.45836	0.53509	12.25713	1.03752	1	0.72244	0.55515	13.54072	1.05199	1	-0.01049	-0.00927	0.67925	0.00395	1	0.05860	-0.01339	0.68673	0.00395	1	1.45898	0.81042	0	
1236362	8339.75977	3304197197048	0.50504	0.37086	8338.62109	1.13867	10910	1	0.51170	0.35629	1	0.47288	0.38610	1	0.49229	0.37120	1	0.45837	0.53497	12.28069	1.05199	1	0.72235	0.55497	13.49737	1.06646	1	-0.01049	-0.00927	0.67925	0.00396	1	0.05860	-0.01339	0.68673	0.00391	1	1.45898	0.81042	0	
1236363	8339.76660	3304197263367	0.50439	0.36959	8338.62109	1.14551	10910	1	0.50951	0.32039	1	0.44123	0.32115	1	0.47537	0.32077	1	0.45837	0.53479	11.95735	1.06646	1	0.72231	0.55440	13.26327	1.06646	1	-0.01049	-0.00927	0.67925	0.00394	1	0.05860	-0.01339	0.68673	0.00426	1	1.45898	0.81042	0	
1236364	8339.77344	3304197329834	0.50448	0.36882	8338.62109	1.15234	10910	1	0.53411	0.30824	1	0.45840	0.36437	1	0.49626	0.33630	1	0.45866	0.53501	12.32499	1.06646	1	0.72258	0.55498	13.20757	1.06646	1	-0.01049	-0.00927	0.67925	0.00382	1	0.05860	-0.01339	0.68673	0.00394	1	1.45898	0.81042	0	
1236365	8339.78027	3304197397852	0.50458	0.36799	8338.62109	1.15918	10910	1	0.53411	0.30824	1	0.45840	0.36437	1	0.49626	0.33630	1	0.45872	0.53456	12.22417	1.06646	1	0.72279	0.55521	12.45824	1.06646	1	-0.01046	-0.00933	0.68365	0.00385	1	0.05860	-0.01339	0.68673	0.00395	1	1.45898	0.81042	0	
1236366	8339.78711	3304197465690	0.50420	0.36851	8338.62109	1.16602	10910	1	0.52870	0.35626	1	0.47264	0.40882	1	0.50067	0.38254	1	0.45873	0.53511	12.65720	1.06646	1	0.72287	0.55534	13.57692	1.06646	1	-0.01046	-0.00933	0.68365	0.00377	1	0.05860	-0.01339	0.68673	0.00389	1	1.45898	0.81042	0	
1236367	8339.79297	3304197528533	0.50399	0.36826	8338.62109	1.17188	10910	1	0.53624	0.32838	1	0.47506	0.38383	1	0.50565	0.35610	1	0.45875	0.53449	12.71558	1.06646	1	0.72290	0.55527	13.39050	1.06646	1	-0.01046	-0.00933	0.68365	0.00401	1	0.05860	-0.01339	0.68673	0.00394	1	1.45898	0.81042	0	
1236368	8339.80078	3304197598566	0.50378	0.36801	8338.62109	1.17969	10910	1	0.53624	0.32838	1	0.47506	0.38383	1	0.50565	0.35610	1	0.45887	0.53464	13.04188	1.06646	1	0.72318	0.55525	13.11248	1.06646	1	-0.01046	-0.00933	0.68365	0.00398	1	0.05860	-0.01339	0.68673	0.00396	1	1.45898	0.81042	0	
1236369	8339.80664	3304197665662	0.50377	0.36741	8338.62109	1.18555	10910	1	0.54045	0.33953	1	0.49048	0.38388	1	0.51547	0.36171	1	0.45885	0.53468	12.87807	1.06646	1	0.72315	0.55508	12.90372	1.06646	1	-0.01046	-0.00933	0.68365	0.00398	1	0.05860	-0.01339	0.68673	0.00381	1	1.45898	0.81042	0	
1236370	8339.81348	3304197732263	0.50407	0.36750	8338.62109	1.19238	10910	1	0.57056	0.34693	1	0.49283	0.39215	1	0.53170	0.36954	1	0.45928	0.53495	12.40843	1.06646	1	0.72317	0.55512	13.31237	1.06646	1	-0.01046	-0.00933	0.68365	0.00400	1	0.05860	-0.01339	0.68673	0.00382	1	1.45898	0.81042	0	
1236371	8339.82031	3304197799533	0.50436	0.36778	8338.62109	1.19922	10910	1	0.57110	0.35317	1	0.49200	0.40407	1	0.53155	0.37862	1	0.45924	0.53482	12.29064	1.05844	1	0.72322	0.55526	13.31216	1.05078	1	-0.01004	-0.00900	0.65930	0.00406	1	0.05652	-0.01290	0.66177	0.00379	1	1.45898	0.81042	0	
1236372	8339.82715	3304197866600	0.50446	0.36821	8338.62109	1.20605	10910	1	0.52267	0.36231	1	0.51481	0.39018	1	0.51874	0.37624	1	0.45934	0.53480	12.19974	1.04276	1	0.72351	0.55482	13.11170	1.03510	1	-0.01004	-0.00900	0.65930	0.00388	1	0.05652	-0.01290	0.66177	0.00376	1	1.45898	0.81042	0	
1236373	8339.83398	3304197935102	0.50431	0.36925	8338.62109	1.21289	10910	1	0.51812	0.39102	1	0.50773	0.41476	1	0.51292	0.40289	1	0.45917	0.53475	12.26680	1.02709	1	0.72345	0.55483	13.15344	1.01943	1	-0.01004	-0.00900	0.65930	0.00392	1	0.05652	-0.01290	0.66177	0.00374	1	1.45898	0.81042	0	
1236374	8339.83984	3304197998361	0.50417	0.37035	8338.62109	1.21875	10910	1	0.51899	0.39690	1	0.50773	0.41476	1	0.51336	0.40583	1	0.45910	0.53378	11.91115	1.01943	1	0.72328	0.55467	13.03759	1.01943	1	-0.01028	-0.00926	0.67860	0.00410	1	0.05819	-0.01325	0.67960	0.00380	1	1.45898	0.81042	0	
1236375	8339.84668	3304198064257	0.50404	0.36979	8338.62109	1.22559	10910	1	0.51672	0.33275	1	0.49787	0.35065	1	0.50729	0.34170	1	0.45920	0.53416	12.33189	1.02744	1	0.72331	0.55456	13.27454	1.03510	1	-0.01028	-0.00926	0.67860	0.00387	1	0.05819	-0.01325	0.67960	0.00386	1	1.45898	0.81042	0	
1236376	8339.85352	3304198132061	0.50357	0.36918	8338.62109	1.23242	10910	1	0.51396	0.28781	1	0.47829	0.36490	1	0.49613	0.32635	1	0.45922	0.53393	11.97024	1.04312	1	0.72332	0.55459	13.00946	1.05078	1	-0.01028	-0.00926	0.67860	0.00393	1	0.05819	-0.01325	0.67960	0.00383	1	1.45898	0.81042	0	
1236377	8339.86035	3304198196806	0.50309	0.36824	8338.62109	1.23926	10910	1	0.51216	0.27439	1	0.47892	0.35241	1	0.49554	0.31340	1	0.45958	0.53492	13.37745	1.05880	1	0.72327	0.55446	12.95692	1.06646	1	-0.01028	-0.00926	0.67860	0.00350	1	0.05819	-0.01325	0.67960	0.00396	1	1.45898	0.81042	0	
1236378	8339.86719	3304198268655	0.50258	0.36795	8338.62109	1.24609	10910	1	0.52013	0.32766	1	0.45145	0.36390	1	0.48579	0.34578	1	0.45926	0.53478	12.49068	1.06646	1	0.72327	0.55495	13.16375	1.06646	1	-0.01028	-0.00926	0.67860	0.00359	1	0.05819	-0.01325	0.67960	0.00397	1	1.45898	0.81042	0	
1236379	8339.87402	3304198333571	0.50208	0.36795	8338.62109	1.25293	10910	1	0.53110	0.36014	1	0.45059	0.35244	1	0.49085	0.35629	1	0.45945	0.53491	13.30955	1.06646	1	0.72330	0.55485	12.98902	1.06646	1	-0.01028	-0.00926	0.67860	0.00356	1	0.05819	-0.01325	0.67960	0.00405	1	1.45898	0.81042	0	
1236380	8339.88086	3304198399722	0.50158	0.36795	8338.62109	1.25977	10910	1	0.53190	0.36630	1	0.45047	0.35880	1	0.49118	0.36255	1	0.45934	0.53463	12.84276	1.05844	1	0.72401	0.55482	13.35246	1.05844	1	-0.00993	-0.00900	0.65914	0.00361	1	0.05819	-0.01325	0.67960	0.00404	1	1.45898	0.81042	0	
1236381	8339.88672	3304198466133	0.50145	0.36726	8338.62109	1.26562	10910	1	0.52814	0.32049	1	0.49579	0.39293	1	0.51197	0.35671	1	0.45952	0.53439	12.81756	1.05042	1	0.72397	0.55465	13.43416	1.05042	1	-0.00993	-0.00900	0.65914	0.00359	1	0.05819	-0.01325	0.67960	0.00387	1	1.45898	0.81042	0	
1236382	8339.89355	3304198534125	0.50117	0.36789	8338.62109	1.27246	10910	1	0.51187	0.38638	1	0.48697	0.41620	1	0.49942	0.40129	1	0.45953	0.53468	13.17359	1.04241	1	0.72386	0.55477	13.42600	1.04241	1	-0.00993	-0.00900	0.65914	0.00358	1	0.05819	-0.01325	0.67960	0.00384	1	1.45898	0.81042	0	
1236383	8339.90039	3304198601122	0.50088	0.36864	8338.62109	1.27930	10910	1	0.51187	0.38638	1	0.48660	0.42198	1	0.49924	0.40418	1	0.46008	0.53463	12.45895	1.04241	1	0.72416	0.55455	13.02739	1.03475	1	-0.01014	-0.00918	0.67634	0.00358	1	0.05654	-0.01286	0.65973	0.00377	1	1.45898	0.81042	0	
1236384	8339.90723	3304198666768	0.50100	0.36855	8338.62109	1.28613	10910	1	0.53138	0.37651	1	0.50311	0.36853	1	0.51724	0.37252	1	0.46020	0.53477	12.71993	1.04276	1	0.72414	0.55464	13.27091	1.03510	1	-0.01014	-0.00918	0.67634	0.00360	1	0.05654	-0.01286	0.65973	0.00381	1	1.45898	0.81042	0	
1236385	8339.91406	3304198733457	0.50093	0.36858	8338.62109	1.29297	10910	1	0.51828	0.36012	1	0.50287	0.36327	1	0.51057	0.36170	1	0.45999	0.53469	12.26388	1.04312	1	0.72415	0.55475	13.32245	1.03546	1	-0.01014	-0.00918	0.67634	0.00355	1	0.05654	-0.01286	0.65973	0.00376	1	1.45898	0.81042	0	
1236386	8339.92090	3304198801223	0.50087	0.36866	8338.62109	1.29980	10910	1	0.51824	0.35984	1	0.50338	0.35676	1	0.51081	0.35830	1	0.46018	0.53431	12.26195	1.04348	1	0.72384	0.55480	13.51429	1.04348	1	-0.00998	-0.00913	0.67234	0.00372	1	0.05867	-0.01331	0.68278	0.00384	1	1.45898	0.81042	0	
1236387	8339.92773	3304198869383	0.50069	0.36828	8338.62109	1.30664	10910	1	0.52302	0.33325	1	0.46923	0.35376	1	0.49612	0.34351	1	0.46006	0.53438	12.07120	1.04348	1	0.72395	0.55470	13.35640	1.05114	1	-0.00998	-0.00913	0.67234	0.00376	1	0.05867	-0.01331	0.68278	0.00392	1	1.45898	0.81042	0	
1236388	8339.93359	3304198935910	0.50076	0.36809	8338.62109	1.31250	10910	1	0.52868	0.35004	1	0.46074	0.37564	1	0.49471	0.36284	1	0.46021	0.53458	12.38871	1.05114	1	0.72388	0.55492	13.28192	1.05880	1	-0.00998	-0.00913	0.67234	0.00367	1	0.05867	-0.01331	0.68278	0.00402	1	1.45898	0.81042	0	
1236389	8339.94043	3304199002344	0.50082	0.36785	8338.62109	1.31934	10910	1	0.52790	0.34399	1	0.46092	0.36967	1	0.49441	0.35683	1	0.46007	0.53459	12.36800	1.05880	1	0.72427	0.55493	12.64439	1.06646	1	-0.00998	-0.00913	0.67234	0.00365	1	0.05867	-0.01331	0.68278	0.00403	1	1.45898	0.81042	0	
1236390	8339.94727	3304199072545	0.50052	0.36724	8338.62109	1.32617	10910	1	0.52138	0.32570	1	0.44359	0.38320	1	0.48249	0.35445	1	0.46020	0.53465	13.01215	1.06646	1	0.72398	0.55516	13.45206	1.06646	1	-0.00998	-0.00913	0.67234	0.00359	1	0.05867	-0.01331	0.68278	0.00396	1	1.45898	0.81042	0	
1236391	8339.95410	3304199139495	0.50054	0.36678	8338.62109	1.33301	10910	1	0.51872	0.32682	1	0.46586	0.36950	1	0.49229	0.34816	1	0.46015	0.53447	12.78414	1.06646	1	0.72432	0.55499	12.65026	1.06646	1	-0.00998	-0.00913	0.67234	0.00355	1	0.05867	-0.01331	0.68278	0.00404	1	1.45898	0.81042	0	
1236392	8339.96094	3304199206381	0.50055	0.36637	8338.62109	1.33984	10910	1	0.51872	0.32682	1	0.46564	0.37547	1	0.49218	0.35115	1	0.46042	0.53468	12.87148	1.06646	1	0.72470	0.55508	13.06426	1.05880	1	-0.01005	-0.00928	0.68373	0.00357	1	0.05710	-0.01295	0.66398	0.00386	1	1.45898	0.81042	0	
1236393	8339.96777	3304199271187	0.50089	0.36684	8338.62109	1.34668	10910	1	0.54664	0.35497	1	0.50147	0.38733	1	0.52405	0.37115	1	0.46071	0.53488	12.93591	1.05880	1	0.72489	0.55500	13.04230	1.05114	1	-0.01005	-0.00928	0.68373	0.00362	1	0.05710	-0.01295	0.66398	0.00378	1	1.45898	0.81042	0	
1236394	8339.97461	3304199338105	0.50125	0.36674	8338.62109	1.35352	10910	1	0.51173	0.34431	1	0.49984	0.38947	1	0.50579	0.36689	1	0.46029	0.53455	13.07909	1.05114	1	0.72496	0.55486	13.24636	1.04348	1	-0.01005	-0.00928	0.68373	0.00365	1	0.05710	-0.01295	0.66398	0.00374	1	1.45898	0.81042	0	
1236395	8339.98145	3304199408401	0.50161	0.36681	8338.62109	1.36035	10910	1	0.51355	0.35678	1	0.49848	0.40701	1	0.50602	0.38190	1	0.46078	0.53483	12.51571	1.03546	1	0.72492	0.55476	13.11515	1.02099	1	-0.00967	-0.00902	0.66114	0.00358	1	0.05499	-0.01250	0.63880	0.00377	1	1.45898	0.81042	0	
1236396	8339.98828	3304199474155	0.50204	0.36612	8338.62109	1.36719	10910	1	0.52319	0.39158	1	0.50453	0.34716	1	0.51386	0.36937	1	0.46081	0.53470	12.39590	1.01298	1	0.72496	0.55420	12.74980	1.00617	1	-0.00967	-0.00902	0.66114	0.00360	1	0.05499	-0.01250	0.63880	0.00406	1	1.45898	0.81042	0	
1236397	8339.99512	3304199542071	0.50201	0.36542	8338.62109	1.37402	10910	1	0.51996	0.40363	1	0.48194	0.35521	1	0.50095	0.37942	1	0.46074	0.53476	12.33344	0.99815	1	0.72496	0.55397	12.81798	0.99134	1	-0.00967	-0.00902	0.66114	0.00352	1	0.05499	-0.01250	0.63880	0.00413	1	1.45898	0.81042	0	
1236398	8340.00098	3304199608113	0.50200	0.36465	8338.62109	1.37988	10910	1	0.52075	0.40893	1	0.48229	0.34867	1	0.50152	0.37880	1	0.46110	0.53491	13.27101	0.99134	1	0.72483	0.55476	13.14066	0.99900	1	-0.00981	-0.00916	0.67448	0.00355	1	0.05894	-0.01338	0.68358	0.00402	1	1.45898	0.81042	0	
1236399	8340.00781	3304199675146	0.50199	0.36434	8338.62109	1.38672	10910	1	0.53442	0.38652	1	0.44666	0.41291	1	0.49054	0.39972	1	0.46108	0.53458	12.88708	1.00702	1	0.72485	0.55496	13.07297	1.02149	1	-0.00981	-0.00916	0.67448	0.00362	1	0.05894	-0.01338	0.68358	0.00407	1	1.45898	0.81042	0	
1236400	8340.01465	3304199742390	0.50198	0.36460	8338.62109	1.39355	10910	1	0.53892	0.35983	1	0.45855	0.36484	1	0.49873	0.36234	1	0.46108	0.53473	12.92373	1.02950	1	0.72500	0.55468	12.73286	1.04397	1	-0.00981	-0.00916	0.67448	0.00352	1	0.05894	-0.01338	0.68358	0.00415	1	1.45898	0.81042	0	
1236401	8340.02148	3304199809168	0.50194	0.36448	8338.62109	1.40039	10910	1	0.53677	0.34194	1	0.45888	0.35298	1	0.49782	0.34746	1	0.46116	0.53439	12.96771	1.05199	1	0.72556	0.55514	13.19910	1.05880	1	-0.00968	-0.00918	0.67221	0.00344	1	0.05732	-0.01305	0.66417	0.00401	1	1.45898	0.81042	0	
1236402	8340.02734	3304199871914	0.50203	0.36443	8338.62109	1.40625	10910	1	0.53285	0.35050	1	0.48358	0.41686	1	0.50821	0.38368	1	0.46149	0.53475	12.89154	1.05880	1	0.72533	0.55530	13.78730	1.05114	1	-0.00968	-0.00918	0.67221	0.00360	1	0.05732	-0.01305	0.66417	0.00381	1	1.45898	0.81042	0	
1236403	8340.03418	3304199940720	0.50174	0.36325	8338.62109	1.41309	10910	1	0.49515	0.27101	1	0.49919	0.35318	1	0.49717	0.31209	1	0.46113	0.53372	12.34620	1.05114	1	0.72566	0.55441	12.97711	1.04348	1	-0.00968	-0.00918	0.67221	0.00389	1	0.05732	-0.01305	0.66417	0.00400	1	1.45898	0.81042	0	
1236404	8340.04102	3304200005833	0.50148	0.36228	8338.62109	1.41992	10910	1	0.49614	0.27764	1	0.49919	0.35318	1	0.49767	0.31541	1	0.46144	0.53388	12.10802	1.04348	1	0.72551	0.55514	13.28772	1.04348	1	-0.00957	-0.00917	0.67208	0.00389	1	0.05841	-0.01337	0.67505	0.00372	1	1.45898	0.81042	0	
1236405	8340.04785	3304200073982	0.50132	0.36221	8338.62109	1.42676	10910	1	0.51238	0.36520	1	0.46231	0.39798	1	0.48734	0.38159	1	0.46149	0.53461	12.13446	1.04348	1	0.72544	0.55562	13.43900	1.05114	1	-0.00957	-0.00917	0.67208	0.00375	1	0.05841	-0.01337	0.67505	0.00389	1	1.45898	0.81042	0	
1236406	8340.05469	3304200141719	0.50099	0.36215	8338.62109	1.43359	10910	1	0.51876	0.35673	1	0.43383	0.41128	1	0.47630	0.38401	1	0.46159	0.53468	12.50647	1.05114	1	0.72528	0.55583	13.17796	1.05880	1	-0.00957	-0.00917	0.67208	0.00367	1	0.05841	-0.01337	0.67505	0.00394	1	1.45898	0.81042	0	
1236407	8340.06152	3304200209710	0.50064	0.36197	8338.62109	1.44043	10910	1	0.51792	0.35073	1	0.43383	0.40559	1	0.47587	0.37816	1	0.46159	0.53473	12.09161	1.05880	1	0.72627	0.55562	13.18031	1.06646	1	-0.00966	-0.00936	0.68559	0.00355	1	0.05841	-0.01337	0.67505	0.00388	1	1.45898	0.81042	0	
1236408	8340.06836	3304200276859	0.50084	0.36219	8338.62109	1.44727	10910	1	0.52278	0.27210	1	0.48066	0.36540	1	0.50172	0.31875	1	0.46173	0.53386	12.44058	1.06646	1	0.72609	0.55582	13.84953	1.06646	1	-0.00966	-0.00936	0.68559	0.00387	1	0.05841	-0.01337	0.67505	0.00386	1	1.45898	0.81042	0	
1236409	8340.07520	3304200343243	0.50056	0.36085	8338.62109	1.45410	10910	1	0.48031	0.29056	1	0.47782	0.34615	1	0.47906	0.31835	1	0.46179	0.53404	12.31863	1.06646	1	0.72609	0.55565	13.76178	1.06646	1	-0.00966	-0.00936	0.68559	0.00417	1	0.05841	-0.01337	0.67505	0.00385	1	1.45898	0.81042	0	
1236410	8340.08105	3304200408474	0.50028	0.35982	8338.62109	1.45996	10910	1	0.48031	0.29056	1	0.47752	0.35230	1	0.47891	0.32143	1	0.46231	0.53418	12.16852	1.06646	1	0.72644	0.55566	13.22333	1.05880	1	-0.00966	-0.00936	0.68559	0.00403	1	0.05715	-0.01304	0.65880	0.00377	1	1.45898	0.81042	0	
1236411	8340.08789	3304200478724	0.50096	0.36049	8338.62109	1.46680	10910	1	0.51400	0.34395	1	0.50218	0.36268	1	0.50809	0.35332	1	0.46233	0.53451	12.14555	1.05880	1	0.72651	0.55567	13.19315	1.05114	1	-0.00966	-0.00936	0.68559	0.00393	1	0.05715	-0.01304	0.65880	0.00380	1	1.45898	0.81042	0	
1236412	8340.09473	3304200545856	0.50082	0.35976	8338.62109	1.47363	10910	1	0.50194	0.27723	1	0.47675	0.32511	1	0.48935	0.30117	1	0.46218	0.53394	12.00485	1.05114	1	0.72641	0.55510	13.06191	1.04348	1	-0.00966	-0.00936	0.68559	0.00407	1	0.05715	-0.01304	0.65880	0.00415	1	1.45898	0.81042	0	
1236413	8340.10156	3304200613021	0.50068	0.35910	8338.62109	1.48047	10910	1	0.50289	0.28382	1	0.47675	0.32511	1	0.48982	0.30446	1	0.46247	0.53505	12.46668	1.04348	1	0.72649	0.55593	13.05363	1.04348	1	-0.00938	-0.00918	0.67278	0.00376	1	0.05905	-0.01352	0.68002	0.00407	1	1.45898	0.81042	0	
1236414	8340.10840	3304200679895	0.50042	0.35907	8338.62109	1.48730	10910	1	0.52188	0.40134	1	0.45393	0.36065	1	0.48791	0.38099	1	0.46234	0.53507	12.58301	1.04348	1	0.72647	0.55570	13.23188	1.05114	1	-0.00938	-0.00918	0.67278	0.00384	1	0.05905	-0.01352	0.68002	0.00421	1	1.45898	0.81042	0	
1236415	8340.11523	3304200747090	0.50012	0.35902	8338.62109	1.49414	10910	1	0.50665	0.31934	1	0.47623	0.38826	1	0.49144	0.35380	1	0.46217	0.53431	11.93350	1.05114	1	0.72681	0.55601	12.76477	1.05880	1	-0.00938	-0.00918	0.67278	0.00396	1	0.05905	-0.01352	0.68002	0.00413	1	1.45898	0.81042	0	
1236416	8340.12207	3304200813776	0.49982	0.35884	8338.62109	1.50098	10910	1	0.50573	0.31306	1	0.47652	0.38238	1	0.49112	0.34772	1	0.46317	0.53509	12.14763	1.05880	1	0.72690	0.55622	13.55978	1.06646	1	-0.00946	-0.00936	0.68563	0.00383	1	0.05897	-0.01355	0.67916	0.00392	1	1.45898	0.81042	0	
1236417	8340.12891	3304200881161	0.50001	0.35870	8338.62109	1.50781	10910	1	0.55247	0.36244	1	0.49690	0.34674	1	0.52468	0.35459	1	0.46328	0.53499	12.05475	1.06646	1	0.72715	0.55582	13.28467	1.06646	1	-0.00946	-0.00936	0.68563	0.00378	1	0.05897	-0.01355	0.67916	0.00386	1	1.45898	0.81042	0	
1236418	8340.13574	3304200947854	0.49947	0.35888	8338.62109	1.51465	10910	1	0.51972	0.36704	1	0.49198	0.38991	1	0.50585	0.37847	1	0.46319	0.53499	12.14782	1.06646	1	0.72710	0.55602	13.15424	1.06646	1	-0.00946	-0.00936	0.68563	0.00373	1	0.05897	-0.01355	0.67916	0.00398	1	1.45898	0.81042	0	
1236419	8340.14160	3304201014771	0.49893	0.35912	8338.62109	1.52051	10910	1	0.52059	0.37315	1	0.49081	0.40705	1	0.50570	0.39010	1	0.46300	0.53495	12.33371	1.05844	1	0.72704	0.55620	13.09950	1.04397	1	-0.00901	-0.00896	0.65663	0.00386	1	0.05423	-0.01249	0.62350	0.00368	1	1.45898	0.81042	0	
1236420	8340.14844	3304201081642	0.49850	0.35956	8338.62109	1.52734	10910	1	0.52071	0.37168	1	0.47542	0.42273	1	0.49806	0.39720	1	0.46318	0.53513	12.51007	1.03595	1	0.72690	0.55649	12.90770	1.02149	1	-0.00901	-0.00896	0.65663	0.00387	1	0.05423	-0.01249	0.62350	0.00400	1	1.45898	0.81042	0	
1236421	8340.15527	3304201148357	0.49819	0.35922	8338.62109	1.53418	10910	1	0.51513	0.37479	1	0.48077	0.39813	1	0.49795	0.38646	1	0.46300	0.53508	12.19692	1.01347	1	0.72688	0.55647	12.98866	0.99900	1	-0.00901	-0.00896	0.65663	0.00392	1	0.05423	-0.01249	0.62350	0.00404	1	1.45898	0.81042	0	
1236422	8340.16211	3304201216009	0.49789	0.35893	8338.62109	1.54102	10910	1	0.51684	0.38629	1	0.48077	0.39813	1	0.49880	0.39221	1	0.46311	0.53489	11.94913	0.99900	1	0.72686	0.55660	13.00191	0.99900	1	-0.00935	-0.00935	0.68490	0.00391	1	0.05852	-0.01345	0.67164	0.00400	1	1.45898	0.81042	0	
1236423	8340.16895	3304201282620	0.49743	0.35961	8338.62109	1.54785	10910	1	0.51383	0.35367	1	0.45654	0.39526	1	0.48518	0.37446	1	0.46304	0.53515	12.42007	1.00702	1	0.72687	0.55685	13.16918	1.02149	1	-0.00935	-0.00935	0.68490	0.00392	1	0.05852	-0.01345	0.67164	0.00397	1	1.45898	0.81042	0	
1236424	8340.17578	3304201349579	0.49716	0.36032	8338.62109	1.55469	10910	1	0.50480	0.35323	1	0.46180	0.36744	1	0.48330	0.36033	1	0.46297	0.53492	11.83259	1.02950	1	0.72699	0.55672	13.11660	1.04397	1	-0.00935	-0.00935	0.68490	0.00396	1	0.05852	-0.01345	0.67164	0.00398	1	1.45898	0.81042	0	
1236425	8340.18262	3304201416803	0.49688	0.36093	8338.62109	1.56152	10910	1	0.50200	0.33514	1	0.46237	0.34950	1	0.48218	0.34232	1	0.46316	0.53547	12.19082	1.05199	1	0.72737	0.55699	12.71585	1.06646	1	-0.00935	-0.00935	0.68490	0.00376	1	0.05928	-0.01368	0.68035	0.00397	1	1.45898	0.81042	0	
1236426	8340.18848	3304201483812	0.49672	0.36124	8338.62109	1.56738	10910	1	0.51132	0.33303	1	0.44449	0.38917	1	0.47791	0.36110	1	0.46307	0.53541	12.29853	1.06646	1	0.72708	0.55694	12.92490	1.06646	1	-0.00935	-0.00935	0.68490	0.00379	1	0.05928	-0.01368	0.68035	0.00396	1	1.45898	0.81042	0	
1236427	8340.19531	3304201550411	0.49684	0.36081	8338.62109	1.57422	10910	1	0.53419	0.29869	1	0.45959	0.37226	1	0.49689	0.33547	1	0.46357	0.53535	11.26820	1.06646	1	0.72739	0.55691	12.73125	1.06646	1	-0.00935	-0.00935	0.68490	0.00379	1	0.05928	-0.01368	0.68035	0.00404	1	1.45898	0.81042	0	
1236428	8340.20215	3304201617470	0.49697	0.36038	8338.62109	1.58105	10910	1	0.53496	0.30531	1	0.45941	0.37848	1	0.49718	0.34189	1	0.46354	0.53540	12.67544	1.05844	1	0.72732	0.55680	12.66921	1.05844	1	-0.00912	-0.00927	0.67185	0.00377	1	0.05928	-0.01368	0.68035	0.00414	1	1.45898	0.81042	0	
1236429	8340.20898	3304201685000	0.49642	0.36057	8338.62109	1.58789	10910	1	0.52951	0.34239	1	0.44192	0.38916	1	0.48572	0.36578	1	0.46332	0.53544	12.45341	1.05042	1	0.72707	0.55699	13.26641	1.05042	1	-0.00912	-0.00927	0.67185	0.00373	1	0.05928	-0.01368	0.68035	0.00407	1	1.45898	0.81042	0	
1236430	8340.21582	3304201752168	0.49647	0.35980	8338.62109	1.59473	10910	1	0.53215	0.33088	1	0.47101	0.39745	1	0.50158	0.36417	1	0.46330	0.53531	12.43856	1.04241	1	0.72754	0.55694	12.37997	1.04241	1	-0.00912	-0.00927	0.67185	0.00370	1	0.05928	-0.01368	0.68035	0.00413	1	1.45898	0.81042	0	
1236431	8340.22266	3304201818727	0.49651	0.35896	8338.62109	1.60156	10910	1	0.53215	0.33088	1	0.47101	0.39745	1	0.50158	0.36417	1	0.46331	0.53569	12.62157	1.04241	1	0.72745	0.55715	12.88092	1.04241	1	-0.00925	-0.00936	0.67800	0.00362	1	0.05928	-0.01378	0.68035	0.00403	1	1.45898	0.81042	0	
1236432	8340.22949	3304201885781	0.49599	0.35897	8338.62109	1.60840	10910	1	0.52653	0.35682	1	0.45808	0.38854	1	0.49231	0.37268	1	0.46330	0.53574	12.72916	1.05042	1	0.72735	0.55703	13.23013	1.05042	1	-0.00925	-0.00936	0.67800	0.00362	1	0.05928	-0.01378	0.68035	0.00403	1	1.45898	0.81042	0	
1236433	8340.23535	3304201952253	0.49586	0.35876	8338.62109	1.61426	10910	1	0.52437	0.34509	1	0.48410	0.35815	1	0.50424	0.35162	1	0.46328	0.53566	12.72392	1.05844	1	0.72772	0.55679	12.28931	1.05844	1	-0.00925	-0.00936	0.67800	0.00354	1	0.05928	-0.01378	0.68035	0.00418	1	1.45898	0.81042	0	
1236434	8340.24219	3304202019610	0.49572	0.35848	8338.62109	1.62109	10910	1	0.52353	0.33877	1	0.48446	0.35176	1	0.50400	0.34526	1	0.46342	0.53572	12.72092	1.06646	1	0.72728	0.55722	12.93721	1.06646	1	-0.00938	-0.00959	0.68746	0.00354	1	0.05852	-0.01355	0.67164	0.00396	1	1.45898	0.81042	0	
1236435	8340.24902	3304202086544	0.49588	0.35876	8338.62109	1.62793	10910	1	0.52596	0.31242	1	0.48131	0.40091	1	0.50364	0.35666	1	0.46329	0.53523	12.33121	1.06646	1	0.72726	0.55724	13.04485	1.06646	1	-0.00938	-0.00959	0.68746	0.00376	1	0.05852	-0.01355	0.67164	0.00378	1	1.45898	0.81042	0	
1236436	8340.25586	3304202153309	0.49580	0.35838	8338.62109	1.63477	10910	1	0.51294	0.33884	1	0.46940	0.35091	1	0.49117	0.34488	1	0.46306	0.53567	12.84867	1.06646	1	0.72714	0.55678	12.91914	1.06646	1	-0.00938	-0.00959	0.68746	0.00363	1	0.05852	-0.01355	0.67164	0.00373	1	1.45898	0.81042	0	
1236437	8340.26270	3304202220416	0.49574	0.35813	8338.62109	1.64160	10910	1	0.51294	0.33884	1	0.46940	0.35091	1	0.49117	0.34488	1	0.46304	0.53571	12.43003	1.06646	1	0.72705	0.55690	13.28022	1.06646	1	-0.00938	-0.00959	0.68746	0.00372	1	0.05852	-0.01365	0.67164	0.00373	1	1.45898	0.81042	0	
1236438	8340.26953	3304202287564	0.49618	0.35813	8338.62109	1.64844	10910	1	0.51218	0.31204	1	0.49519	0.39618	1	0.50369	0.35411	1	0.46314	0.53534	11.99732	1.06646	1	0.72716	0.55713	13.40051	1.06646	1	-0.00938	-0.00959	0.68746	0.00372	1	0.05852	-0.01365	0.67164	0.00370	1	1.45898	0.81042	0	
1236439	8340.27637	3304202354041	0.49656	0.35808	8338.62109	1.65527	10910	1	0.51697	0.35486	1	0.50394	0.33697	1	0.51045	0.34592	1	0.46312	0.53575	12.85284	1.06646	1	0.72725	0.55654	12.90926	1.06646	1	-0.00938	-0.00959	0.68746	0.00366	1	0.05852	-0.01365	0.67164	0.00382	1	1.45898	0.81042	0	
1236440	8340.28223	3304202421406	0.49694	0.35797	8338.62109	1.66113	10910	1	0.51697	0.35486	1	0.50394	0.33697	1	0.51045	0.34592	1	0.46312	0.53569	12.33464	1.06646	1	0.72728	0.55689	13.23455	1.06646	1	-0.00938	-0.00959	0.68746	0.00385	1	0.05928	-0.01388	0.68035	0.00382	1	1.45898	0.81042	0	
1236441	8340.28906	3304202488315	0.49639	0.35766	8338.62109	1.66797	10910	1	0.50738	0.33222	1	0.48838	0.37977	1	0.49788	0.35599	1	0.46306	0.53552	12.05108	1.06646	1	0.72706	0.55703	12.95302	1.06646	1	-0.00938	-0.00959	0.68746	0.00394	1	0.05928	-0.01388	0.68035	0.00375	1	1.45898	0.81042	0	
1236442	8340.29590	3304202555368	0.49631	0.35744	8338.62109	1.67480	10910	1	0.51036	0.31685	1	0.49366	0.39667	1	0.50201	0.35676	1	0.46304	0.53543	12.04694	1.06646	1	0.72711	0.55721	12.90640	1.06646	1	-0.00938	-0.00959	0.68746	0.00389	1	0.05928	-0.01388	0.68035	0.00385	1	1.45898	0.81042	0	
1236443	8340.30273	3304202622867	0.49623	0.35711	8338.62109	1.68164	10910	1	0.51129	0.32334	1	0.49282	0.40852	1	0.50205	0.36593	1	0.46308	0.53583	11.99863	1.05844	1	0.72722	0.55720	12.63440	1.05078	1	-0.00901	-0.00916	0.65663	0.00393	1	0.05830	-0.01364	0.67091	0.00389	1	1.45898	0.81042	0	
1236444	8340.30957	3304202689031	0.49598	0.35685	8338.62109	1.68848	10910	1	0.50936	0.29565	1	0.49400	0.41779	1	0.50168	0.35672	1	0.46299	0.53594	12.30425	1.04276	1	0.72717	0.55714	12.71341	1.03510	1	-0.00901	-0.00916	0.65663	0.00385	1	0.05830	-0.01364	0.67091	0.00387	1	1.45898	0.81042	0	
1236445	8340.31641	3304202755949	0.49601	0.35780	8338.62109	1.69531	10910	1	0.51382	0.41909	1	0.49155	0.43089	1	0.50269	0.42499	1	0.46303	0.53615	12.27198	1.02709	1	0.72713	0.55715	12.76891	1.01943	1	-0.00901	-0.00916	0.65663	0.00387	1	0.05830	-0.01364	0.67091	0.00396	1	1.45898	0.81042	0	
1236446	8340.32324	3304202823228	0.49604	0.35888	8338.62109	1.70215	10910	1	0.51473	0.42477	1	0.49114	0.43669	1	0.50293	0.43073	1	0.46305	0.53611	12.35719	1.01943	1	0.72704	0.55745	12.76793	1.01177	1	-0.00943	-0.00953	0.68343	0.00388	1	0.05830	-0.01364	0.67091	0.00399	1	1.45898	0.81042	0	
1236447	8340.32910	3304202890499	0.49654	0.35906	8338.62109	1.70801	10910	1	0.54531	0.39412	1	0.48373	0.42227	1	0.51452	0.40819	1	0.46305	0.53622	12.28289	1.01979	1	0.72702	0.55761	12.79543	1.01979	1	-0.00943	-0.00953	0.68343	0.00380	1	0.05830	-0.01364	0.67091	0.00389	1	1.45898	0.81042	0	
1236448	8340.33594	3304202956858	0.49681	0.36032	8338.62109	1.71484	10910	1	0.53799	0.43099	1	0.48522	0.41485	1	0.51161	0.42292	1	0.46301	0.53632	12.56667	1.02780	1	0.72700	0.55755	12.84260	1.02780	1	-0.00943	-0.00953	0.68343	0.00381	1	0.05830	-0.01364	0.67091	0.00389	1	1.45898	0.81042	0	
1236449	8340.34277	3304203024351	0.49709	0.36177	8338.62109	1.72168	10910	1	0.53721	0.42516	1	0.48561	0.40871	1	0.51141	0.41693	1	0.46295	0.53620	12.28120	1.03582	1	0.72692	0.55731	13.05335	1.03582	1	-0.00943	-0.00953	0.68343	0.00388	1	0.05830	-0.01364	0.67091	0.00394	1	1.45898	0.81042	0	
1236450	8340.34961	3304203091805	0.50751	0.38719	8338.62109	1.72168	10910	0	0.56279	0.39435	1	0.48204	0.43616	1	0.52242	0.41526	1	0.46305	0.53610	12.30693	1.03582	1	0.72692	0.55742	13.14159	1.03582	1	-0.00943	-0.00953	0.68343	0.00385	1	0.05830	-0.01364	0.67091	0.00394	1	1.45898	0.81042	0	
1236451	8340.35645	3304203156911	0.51600	0.38938	8338.62109	1.72168	10910	0	0.56745	0.40453	1	0.48153	0.37863	1	0.52449	0.39158	1	0.46311	0.53624	12.33825	1.03582	1	0.72693	0.55724	13.05408	1.03582	1	-0.00943	-0.00953	0.68343	0.00380	1	0.05830	-0.01364	0.67091	0.00405	1	1.45898	0.81042	0	
1236452	8340.36328	3304203225300	0.51888	0.38910	8338.62109	1.72168	10910	0	0.56745	0.40453	1	0.48186	0.37255	1	0.52466	0.38854	1	0.46270	0.53604	12.56474	1.03582	1	0.72668	0.55777	12.59044	1.04348	1	-0.00943	-0.00953	0.68343	0.00381	1	0.05897	-0.01385	0.67916	0.00394	1	1.45898	0.81042	0	
1236453	8340.37012	3304203291755	0.51630	0.39509	8340.34961	0.02051	10911	1	0.56107	0.39811	1	0.45602	0.42799	1	0.50854	0.41305	1	0.46301	0.53604	12.15117	1.04348	1	0.72661	0.55795	12.60998	1.05114	1	-0.00943	-0.00953	0.68343	0.00381	1	0.05897	-0.01385	0.67916	0.00400	1	1.45898	0.81042	0	
1236454	8340.37598	3304203359236	0.51479	0.39643	8340.34961	0.02637	10911	1	0.54143	0.37910	1	0.47609	0.42446	1	0.50876	0.40178	1	0.46269	0.53610	11.42681	1.05114	1	0.72682	0.55793	12.47829	1.05880	1	-0.00943	-0.00953	0.68343	0.00382	1	0.05897	-0.01385	0.67916	0.00401	1	1.45898	0.81042	0	
1236455	8340.38281	3304203423771	0.51379	0.39736	8340.34961	0.03320	10911	1	0.54146	0.37937	1	0.47607	0.42472	1	0.50877	0.40205	1	0.46227	0.53545	11.98016	1.05078	1	0.72646	0.55796	13.20758	1.05844	1	-0.00926	-0.00931	0.66723	0.00404	1	0.05897	-0.01385	0.67916	0.00392	1	1.45898	0.81042	0	
1236456	8340.38965	3304203490820	0.50856	0.39365	8340.34961	0.04004	10911	1	0.51304	0.34185	1	0.44138	0.40088	1	0.47721	0.37137	1	0.46230	0.53561	12.05647	1.05042	1	0.72625	0.55805	13.03627	1.05042	1	-0.00926	-0.00931	0.66723	0.00400	1	0.05897	-0.01385	0.67916	0.00402	1	1.45898	0.81042	0	
1236457	8340.39648	3304203557950	0.50499	0.39376	8340.34961	0.04688	10911	1	0.52013	0.33334	1	0.43990	0.45576	1	0.48002	0.39455	1	0.46243	0.53603	12.00800	1.04241	1	0.72625	0.55805	13.03627	1.04241	1	-0.00926	-0.00931	0.66723	0.00377	1	0.05897	-0.01385	0.67916	0.00402	1	1.45898	0.81042	0	
1236458	8340.40332	3304203625562	0.50222	0.39385	8340.34961	0.05371	10911	1	0.52013	0.33334	1	0.43990	0.45576	1	0.48002	0.39455	1	0.46223	0.53544	11.81104	1.04241	1	0.72653	0.55772	12.51501	1.04241	1	-0.00947	-0.00947	0.67914	0.00406	1	0.05897	-0.01385	0.67916	0.00395	1	1.45898	0.81042	0	
1236459	8340.40918	3304203691458	0.50227	0.39042	8340.34961	0.05957	10911	1	0.51677	0.34582	1	0.48873	0.37330	1	0.50275	0.35956	1	0.46232	0.53594	12.31485	1.05042	1	0.72662	0.55771	12.37431	1.05042	1	-0.00947	-0.00947	0.67914	0.00397	1	0.05897	-0.01385	0.67916	0.00398	1	1.45898	0.81042	0	
1236460	8340.41602	3304203758694	0.50218	0.38418	8340.34961	0.06641	10911	1	0.50997	0.29450	1	0.49245	0.34906	1	0.50121	0.32178	1	0.46228	0.53598	12.47887	1.05844	1	0.72670	0.55756	12.34063	1.05844	1	-0.00947	-0.00947	0.67914	0.00393	1	0.05897	-0.01385	0.67916	0.00393	1	1.45898	0.81042	0	
1236461	8340.42285	3304203821079	0.50207	0.37843	8340.34961	0.07324	10911	1	0.50904	0.28779	1	0.49288	0.34259	1	0.50096	0.31519	1	0.46225	0.53601	12.49701	1.06646	1	0.72626	0.55754	13.13224	1.06646	1	-0.00947	-0.00947	0.67914	0.00396	1	0.05897	-0.01385	0.67916	0.00398	1	1.45898	0.81042	0	
1236462	8340.42969	3304203892782	0.50288	0.37544	8340.34961	0.08008	10911	1	0.52404	0.32054	1	0.50102	0.35845	1	0.51253	0.33950	1	0.46249	0.53654	12.76777	1.06646	1	0.72648	0.55762	13.10472	1.06646	1	-0.00947	-0.00947	0.67914	0.00373	1	0.05897	-0.01385	0.67916	0.00386	1	1.45898	0.81042	0	
1236463	8340.43652	3304203962492	0.50256	0.37088	8340.34961	0.08691	10911	1	0.51560	0.28798	1	0.48127	0.33525	1	0.49843	0.31162	1	0.46237	0.53601	12.44853	1.06646	1	0.72646	0.55740	12.99444	1.06646	1	-0.00947	-0.00947	0.67914	0.00389	1	0.05897	-0.01385	0.67916	0.00397	1	1.45898	0.81042	0	
1236464	8340.44336	3304204024123	0.50229	0.36758	8340.34961	0.09375	10911	1	0.51649	0.29469	1	0.48060	0.34800	1	0.49855	0.32134	1	0.46234	0.53623	12.38855	1.05844	1	0.72627	0.55770	13.36655	1.05078	1	-0.00927	-0.00922	0.66113	0.00390	1	0.05715	-0.01344	0.65880	0.00389	1	1.45898	0.81042	0	
1236465	8340.45020	3304204092616	0.50289	0.36839	8340.34961	0.10059	10911	1	0.53458	0.37634	1	0.48918	0.38477	1	0.51188	0.38056	1	0.46224	0.53625	12.26515	1.04276	1	0.72633	0.55772	13.42683	1.03510	1	-0.00927	-0.00922	0.66113	0.00392	1	0.05715	-0.01344	0.65880	0.00385	1	1.45898	0.81042	0	
1236466	8340.45605	3304204158413	0.50359	0.36937	8340.34961	0.10645	10911	1	0.54238	0.37202	1	0.48717	0.39802	1	0.51477	0.38502	1	0.46231	0.53627	12.33249	1.02709	1	0.72634	0.55771	13.40217	1.01943	1	-0.00927	-0.00922	0.66113	0.00401	1	0.05715	-0.01344	0.65880	0.00384	1	1.45898	0.81042	0	
1236467	8340.46387	3304204230674	0.50421	0.37072	8340.34961	0.11426	10911	1	0.54309	0.37804	1	0.48644	0.40944	1	0.51477	0.39374	1	0.46198	0.53643	12.77516	1.01943	1	0.72643	0.55758	13.48842	1.00496	1	-0.00961	-0.00951	0.68161	0.00366	1	0.05526	-0.01301	0.63756	0.00369	1	1.45898	0.81042	0	
1236468	8340.46973	3304204295198	0.50574	0.37045	8340.34961	0.12012	10911	1	0.55978	0.35361	1	0.50664	0.37765	1	0.53321	0.36563	1	0.46219	0.53592	12.64762	1.01298	1	0.72653	0.55740	13.14253	1.00617	1	-0.00961	-0.00951	0.68161	0.00383	1	0.05526	-0.01301	0.63756	0.00376	1	1.45898	0.81042	0	
1236469	8340.47656	3304204361289	0.50697	0.36966	8340.34961	0.12695	10911	1	0.55938	0.31926	1	0.50148	0.38990	1	0.53043	0.35458	1	0.46230	0.53599	12.12309	1.01419	1	0.72648	0.55754	13.41900	1.00738	1	-0.00961	-0.00951	0.68161	0.00382	1	0.05526	-0.01301	0.63756	0.00371	1	1.45898	0.81042	0	
1236470	8340.48340	3304204427943	0.50811	0.36893	8340.34961	0.13379	10911	1	0.55993	0.32503	1	0.50198	0.38371	1	0.53095	0.35437	1	0.46166	0.53597	12.12367	1.00738	1	0.72617	0.55799	13.50189	1.01504	1	-0.00942	-0.00927	0.66454	0.00390	1	0.05841	-0.01377	0.67505	0.00375	1	1.45898	0.81042	0	
1236471	8340.49023	3304204497346	0.50792	0.36977	8340.34961	0.14062	10911	1	0.53050	0.35447	1	0.47711	0.42016	1	0.50380	0.38732	1	0.46175	0.53619	12.60807	1.00702	1	0.72610	0.55798	13.54666	1.02149	1	-0.00942	-0.00927	0.66454	0.00387	1	0.05841	-0.01377	0.67505	0.00388	1	1.45898	0.81042	0	
1236472	8340.49707	3304204564736	0.50791	0.37069	8340.34961	0.14746	10911	1	0.52387	0.36130	1	0.49138	0.42071	1	0.50763	0.39101	1	0.46160	0.53579	11.99817	1.01347	1	0.72633	0.55811	12.92596	1.02794	1	-0.00942	-0.00927	0.66454	0.00395	1	0.05841	-0.01377	0.67505	0.00397	1	1.45898	0.81042	0	
1236473	8340.50391	3304204631699	0.50788	0.37106	8340.34961	0.15430	10911	1	0.52228	0.34961	1	0.49215	0.40970	1	0.50722	0.37966	1	0.46175	0.53640	12.34936	1.02794	1	0.72555	0.55784	12.90971	1.04241	1	-0.00966	-0.00946	0.67784	0.00371	1	0.05945	-0.01396	0.68701	0.00394	1	1.45898	0.81042	0	
1236474	8340.51074	3304204698701	0.50749	0.37146	8340.34961	0.16113	10911	1	0.52623	0.32215	1	0.47034	0.43972	1	0.49828	0.38093	1	0.46176	0.53624	12.72448	1.05042	1	0.72564	0.55796	13.03282	1.05042	1	-0.00966	-0.00946	0.67784	0.00382	1	0.05945	-0.01396	0.68701	0.00389	1	1.45898	0.81042	0	
1236475	8340.51660	3304204765710	0.50652	0.37126	8340.34961	0.16699	10911	1	0.50964	0.29238	1	0.45450	0.44035	1	0.48207	0.36637	1	0.46147	0.53589	11.95476	1.05844	1	0.72532	0.55804	13.52193	1.05844	1	-0.00966	-0.00946	0.67784	0.00391	1	0.05945	-0.01396	0.68701	0.00394	1	1.45898	0.81042	0	
1236476	8340.52344	3304204832547	0.50560	0.37085	8340.34961	0.17383	10911	1	0.50870	0.28565	1	0.45464	0.43460	1	0.48167	0.36012	1	0.46167	0.53561	12.09911	1.06646	1	0.72528	0.55753	13.24032	1.06646	1	-0.00968	-0.00938	0.67222	0.00405	1	0.05945	-0.01396	0.68701	0.00397	1	1.45898	0.81042	0	
1236477	8340.53027	3304204899799	0.50639	0.37121	8340.34961	0.18066	10911	1	0.56351	0.33689	1	0.49189	0.42510	1	0.52770	0.38100	1	0.46156	0.53611	12.30915	1.06646	1	0.72551	0.55748	13.32427	1.06646	1	-0.00968	-0.00938	0.67222	0.00391	1	0.05945	-0.01396	0.68701	0.00392	1	1.45898	0.81042	0	
1236478	8340.53711	3304204966604	0.50706	0.37035	8340.34961	0.18750	10911	1	0.55604	0.29575	1	0.49581	0.39664	1	0.52593	0.34620	1	0.46136	0.53615	12.33664	1.06646	1	0.72562	0.55712	13.36195	1.06646	1	-0.00968	-0.00938	0.67222	0.00379	1	0.05945	-0.01396	0.68701	0.00370	1	1.45898	0.81042	0	
1236479	8340.54395	3304205034014	0.50768	0.36964	8340.34961	0.19434	10911	1	0.55604	0.29575	1	0.49539	0.40243	1	0.52572	0.34909	1	0.46110	0.53571	12.83770	1.06646	1	0.72537	0.55696	13.26267	1.05880	1	-0.00968	-0.00938	0.67222	0.00395	1	0.05732	-0.01345	0.66417	0.00374	1	1.45898	0.81042	0	
1236480	8340.55078	3304205102513	0.50761	0.36784	8340.34961	0.20117	10911	1	0.52132	0.25814	1	0.48954	0.36964	1	0.50543	0.31389	1	0.46097	0.53502	12.34693	1.05880	1	0.72550	0.55680	13.25978	1.05114	1	-0.00968	-0.00938	0.67222	0.00409	1	0.05732	-0.01345	0.66417	0.00380	1	1.45898	0.81042	0	
1236481	8340.55762	3304205167827	0.50747	0.36809	8340.34961	0.20801	10911	1	0.52674	0.35482	1	0.47994	0.39701	1	0.50334	0.37592	1	0.46089	0.53622	12.45734	1.05114	1	0.72542	0.55695	13.35548	1.04348	1	-0.00968	-0.00938	0.67222	0.00370	1	0.05732	-0.01345	0.66417	0.00386	1	1.45898	0.81042	0	
1236482	8340.56445	3304205234908	0.50736	0.36851	8340.34961	0.21484	10911	1	0.52753	0.36084	1	0.47961	0.40292	1	0.50357	0.38188	1	0.46093	0.53567	12.71418	1.04348	1	0.72559	0.55687	13.16774	1.03582	1	-0.00990	-0.00949	0.68054	0.00394	1	0.05732	-0.01340	0.66417	0.00383	1	1.45898	0.81042	0	
1236483	8340.57031	3304205301396	0.50716	0.36894	8340.34961	0.22070	10911	1	0.51496	0.37053	1	0.48673	0.39580	1	0.50084	0.38316	1	0.46072	0.53558	12.01948	1.03582	1	0.72544	0.55704	13.28669	1.03582	1	-0.00990	-0.00949	0.68054	0.00399	1	0.05732	-0.01340	0.66417	0.00386	1	1.45898	0.81042	0	
1236484	8340.57715	3304205368547	0.50695	0.36960	8340.34961	0.22754	10911	1	0.51276	0.38811	1	0.48673	0.39580	1	0.49975	0.39196	1	0.46068	0.53571	12.18610	1.03582	1	0.72544	0.55702	13.29996	1.03582	1	-0.00990	-0.00949	0.68054	0.00397	1	0.05732	-0.01340	0.66417	0.00386	1	1.45898	0.81042	0	
1236485	8340.58398	3304205435580	0.50676	0.37014	8340.34961	0.23438	10911	1	0.51276	0.38811	1	0.48710	0.38984	1	0.49993	0.38897	1	0.46076	0.53625	12.87115	1.03582	1	0.72550	0.55708	13.23084	1.04348	1	-0.00990	-0.00949	0.68054	0.00387	1	0.05831	-0.01364	0.67624	0.00385	1	1.45898	0.81042	0	
1236486	8340.59082	3304205502110	0.50684	0.36958	8340.34961	0.24121	10911	1	0.51643	0.35399	1	0.50334	0.34509	1	0.50989	0.34954	1	0.46079	0.53563	12.44332	1.04348	1	0.72563	0.55646	13.01097	1.05114	1	-0.00990	-0.00949	0.68054	0.00369	1	0.05831	-0.01364	0.67624	0.00435	1	1.45898	0.81042	0	
1236487	8340.59766	3304205569096	0.50696	0.36886	8340.34961	0.24805	10911	1	0.52289	0.32772	1	0.49984	0.35647	1	0.51136	0.34210	1	0.46092	0.53543	12.59861	1.05114	1	0.72562	0.55661	13.07137	1.05880	1	-0.00990	-0.00949	0.68054	0.00374	1	0.05831	-0.01364	0.67624	0.00426	1	1.45898	0.81042	0	
1236488	8340.60449	3304205636242	0.50707	0.36801	8340.34961	0.25488	10911	1	0.52207	0.32151	1	0.50030	0.35034	1	0.51118	0.33593	1	0.46090	0.53594	12.65948	1.05880	1	0.72550	0.55741	13.19021	1.06646	1	-0.00990	-0.00949	0.68054	0.00354	1	0.05804	-0.01353	0.67304	0.00391	1	1.45898	0.81042	0	
1236489	8340.61035	3304205703305	0.50688	0.36761	8340.34961	0.26074	10911	1	0.51980	0.35916	1	0.47885	0.34488	1	0.49933	0.35202	1	0.46082	0.53575	12.50568	1.06646	1	0.72531	0.55670	12.55852	1.06646	1	-0.00990	-0.00949	0.68054	0.00368	1	0.05804	-0.01353	0.67304	0.00427	1	1.45898	0.81042	0	
1236490	8340.61719	3304205768826	0.50681	0.36648	8340.34961	0.26758	10911	1	0.53343	0.31725	1	0.47513	0.32479	1	0.50428	0.32102	1	0.46103	0.53545	12.60513	1.06646	1	0.72522	0.55632	12.51746	1.06646	1	-0.00990	-0.00949	0.68054	0.00373	1	0.05804	-0.01353	0.67304	0.00436	1	1.45898	0.81042	0	
1236491	8340.62402	3304205837481	0.50675	0.36540	8340.34961	0.27441	10911	1	0.53343	0.31725	1	0.47513	0.32479	1	0.50428	0.32102	1	0.46116	0.53565	12.91962	1.06646	1	0.72553	0.55598	12.98738	1.06646	1	-0.00990	-0.00949	0.68054	0.00362	1	0.05804	-0.01353	0.67304	0.00444	1	1.45898	0.81042	0	
1236492	8340.63086	3304205904787	0.50712	0.36567	8340.34961	0.28125	10911	1	0.55569	0.35437	1	0.48924	0.40036	1	0.52247	0.37736	1	0.46145	0.53592	13.12271	1.06646	1	0.72549	0.55720	13.13881	1.06646	1	-0.00990	-0.00949	0.68054	0.00372	1	0.05804	-0.01353	0.67304	0.00392	1	1.45898	0.81042	0	
1236493	8340.63770	3304205970175	0.50724	0.36547	8340.34961	0.28809	10911	1	0.52314	0.36262	1	0.50183	0.35091	1	0.51249	0.35676	1	0.46094	0.53594	12.98764	1.06646	1	0.72562	0.55662	13.05333	1.06646	1	-0.00990	-0.00949	0.68054	0.00358	1	0.05804	-0.01353	0.67304	0.00423	1	1.45898	0.81042	0	
1236494	8340.64453	3304206035928	0.50736	0.36528	8340.34961	0.29492	10911	1	0.52314	0.36262	1	0.50183	0.35091	1	0.51249	0.35676	1	0.46089	0.53545	12.49574	1.06646	1	0.72565	0.55713	13.03600	1.06646	1	-0.00990	-0.00949	0.68054	0.00365	1	0.05804	-0.01353	0.67304	0.00390	1	1.45898	0.81042	0	
1236495	8340.65039	3304206102631	0.50748	0.36536	8340.34961	0.30078	10911	1	0.53891	0.35033	1	0.48699	0.38799	1	0.51295	0.36916	1	0.46113	0.53579	13.12235	1.06646	1	0.72551	0.55698	13.17629	1.06646	1	-0.00990	-0.00949	0.68054	0.00362	1	0.05804	-0.01353	0.67304	0.00384	1	1.45898	0.81042	0	
1236496	8340.65723	3304206167473	0.50767	0.36532	8340.34961	0.30762	10911	1	0.53973	0.33701	1	0.49290	0.38925	1	0.51632	0.36313	1	0.46121	0.53564	12.83280	1.06646	1	0.72555	0.55704	13.07406	1.06646	1	-0.00990	-0.00949	0.68054	0.00368	1	0.05804	-0.01353	0.67304	0.00382	1	1.45898	0.81042	0	
1236497	8340.66406	3304206237159	0.50784	0.36533	8340.34961	0.31445	10911	1	0.53973	0.33701	1	0.49250	0.39510	1	0.51612	0.36606	1	0.46115	0.53565	12.85321	1.06646	1	0.72535	0.55709	13.56361	1.05880	1	-0.00981	-0.00936	0.67448	0.00368	1	0.05732	-0.01335	0.66417	0.00380	1	1.45898	0.81042	0	
1236498	8340.67090	3304206306680	0.50817	0.36435	8340.34961	0.32129	10911	1	0.53548	0.32371	1	0.51105	0.35643	1	0.52326	0.34007	1	0.46111	0.53554	12.71946	1.05880	1	0.72584	0.55664	13.25907	1.05114	1	-0.00981	-0.00936	0.67448	0.00368	1	0.05732	-0.01335	0.66417	0.00385	1	1.45898	0.81042	0	
1236499	8340.67773	3304206372306	0.50810	0.36410	8340.34961	0.32812	10911	1	0.53511	0.34443	1	0.50727	0.41504	1	0.52119	0.37973	1	0.46111	0.53562	12.66152	1.05114	1	0.72582	0.55673	13.11271	1.04348	1	-0.00981	-0.00936	0.67448	0.00364	1	0.05732	-0.01335	0.66417	0.00379	1	1.45898	0.81042	0	
1236500	8340.68457	3304206440431	0.50803	0.36417	8340.34961	0.33496	10911	1	0.53663	0.35688	1	0.50621	0.42689	1	0.52142	0.39189	1	0.46109	0.53553	12.78634	1.03546	1	0.72578	0.55625	12.92332	1.02780	1	-0.00956	-0.00922	0.66095	0.00366	1	0.05732	-0.01330	0.66417	0.00384	1	1.45898	0.81042	0	
1236501	8340.69141	3304206507997	0.50823	0.36357	8340.34961	0.34180	10911	1	0.53415	0.36171	1	0.50144	0.40657	1	0.51780	0.38414	1	0.46103	0.53554	12.70509	1.01979	1	0.72578	0.55644	13.07325	1.01979	1	-0.00956	-0.00922	0.66095	0.00369	1	0.05732	-0.01330	0.66417	0.00380	1	1.45898	0.81042	0	
1236502	8340.69824	3304206575324	0.50846	0.36311	8340.34961	0.34863	10911	1	0.53748	0.38598	1	0.50224	0.37309	1	0.51986	0.37953	1	0.46114	0.53577	12.86469	1.01177	1	0.72573	0.55635	12.82458	1.01177	1	-0.00956	-0.00922	0.66095	0.00364	1	0.05732	-0.01330	0.66417	0.00390	1	1.45898	0.81042	0	
1236503	8340.70508	3304206641666	0.50869	0.36277	8340.34961	0.35547	10911	1	0.53827	0.39227	1	0.50172	0.37967	1	0.52000	0.38597	1	0.46096	0.53542	12.72355	1.00375	1	0.72567	0.55638	12.84054	1.00375	1	-0.00945	-0.00901	0.65277	0.00366	1	0.05616	-0.01301	0.64959	0.00387	1	1.45898	0.81042	0	
1236504	8340.71094	3304206708337	0.50954	0.36319	8340.34961	0.36133	10911	1	0.53440	0.36543	1	0.50111	0.41719	1	0.51776	0.39131	1	0.46104	0.53521	12.71416	1.00375	1	0.72576	0.55633	12.95784	1.00375	1	-0.00945	-0.00901	0.65277	0.00367	1	0.05616	-0.01301	0.64959	0.00389	1	1.45898	0.81042	0	
1236505	8340.71777	3304206775547	0.51041	0.36266	8340.34961	0.36816	10911	1	0.54723	0.37192	1	0.49684	0.36704	1	0.52204	0.36948	1	0.46129	0.53547	13.16528	1.00375	1	0.72568	0.55633	12.89655	1.00375	1	-0.00945	-0.00901	0.65277	0.00368	1	0.05616	-0.01301	0.64959	0.00387	1	1.45898	0.81042	0	
1236506	8340.72461	3304206842487	0.51129	0.36194	8340.34961	0.37500	10911	1	0.54650	0.36548	1	0.49778	0.35398	1	0.52214	0.35973	1	0.46096	0.53468	12.46505	1.01177	1	0.72530	0.55708	13.37771	1.01943	1	-0.00968	-0.00933	0.67222	0.00386	1	0.05841	-0.01357	0.67505	0.00397	1	1.45898	0.81042	0	
1236507	8340.73145	3304206909056	0.51104	0.36197	8340.34961	0.38184	10911	1	0.50625	0.33108	1	0.47496	0.39069	1	0.49061	0.36088	1	0.46142	0.53510	11.91479	1.02744	1	0.72562	0.55694	13.09704	1.03510	1	-0.00968	-0.00933	0.67222	0.00379	1	0.05841	-0.01357	0.67505	0.00397	1	1.45898	0.81042	0	
1236508	8340.73828	3304206974586	0.51044	0.36284	8340.34961	0.38867	10911	1	0.50790	0.35437	1	0.43742	0.37320	1	0.47266	0.36379	1	0.46144	0.53544	12.22735	1.04312	1	0.72537	0.55688	13.27475	1.05078	1	-0.00968	-0.00933	0.67222	0.00364	1	0.05841	-0.01357	0.67505	0.00405	1	1.45898	0.81042	0	
1236509	8340.74414	3304207040222	0.50984	0.36373	8340.34961	0.39453	10911	1	0.50698	0.34830	1	0.43744	0.36719	1	0.47221	0.35774	1	0.46170	0.53574	12.08152	1.05078	1	0.72541	0.55711	13.40584	1.05844	1	-0.00951	-0.00921	0.66413	0.00373	1	0.05841	-0.01357	0.67505	0.00398	1	1.45898	0.81042	0	
1236510	8340.75098	3304207107724	0.50935	0.36415	8340.34961	0.40137	10911	1	0.53240	0.34272	1	0.44561	0.37655	1	0.48901	0.35963	1	0.46182	0.53532	12.19155	1.05042	1	0.72565	0.55694	13.31077	1.05042	1	-0.00951	-0.00921	0.66413	0.00374	1	0.05841	-0.01357	0.67505	0.00392	1	1.45898	0.81042	0	
1236511	8340.75781	3304207174356	0.50917	0.36553	8340.34961	0.40820	10911	1	0.51614	0.36162	1	0.46324	0.39466	1	0.48969	0.37814	1	0.46153	0.53577	12.41050	1.04241	1	0.72587	0.55687	13.73336	1.04241	1	-0.00951	-0.00921	0.66413	0.00368	1	0.05841	-0.01357	0.67505	0.00382	1	1.45898	0.81042	0	SUBJECT_ONSET_LOG
1236512	8340.76465	3304207240393	0.50899	0.36696	8340.34961	0.41504	10911	1	0.51705	0.36792	1	0.46264	0.41205	1	0.48984	0.38998	1	0.46182	0.53551	12.73014	1.03439	1	0.72597	0.55692	13.57837	1.01992	1	-0.00930	-0.00906	0.65650	0.00369	1	0.05526	-0.01281	0.63756	0.00378	1	1.45898	0.81042	0	
1236513	8340.77148	3304207308600	0.50905	0.36733	8340.34961	0.42188	10911	1	0.52974	0.36879	1	0.50004	0.42753	1	0.51489	0.39816	1	0.46174	0.53547	12.55040	1.01992	1	0.72656	0.55688	13.34310	1.00545	1	-0.00930	-0.00906	0.65650	0.00369	1	0.05526	-0.01281	0.63756	0.00375	1	1.45898	0.81042	0	
1236514	8340.77832	3304207375136	0.50928	0.36737	8340.34961	0.42871	10911	1	0.54426	0.36565	1	0.50682	0.40796	1	0.52554	0.38680	1	0.46196	0.53554	12.82870	1.00545	1	0.72660	0.55671	13.09028	0.99099	1	-0.00930	-0.00906	0.65650	0.00370	1	0.05526	-0.01281	0.63756	0.00380	1	1.45898	0.81042	0	AUDIO_FILE_ONSET_LOG
1236515	8340.78516	3304207442163	0.50951	0.36721	8340.34961	0.43555	10911	1	0.54487	0.37087	1	0.50738	0.40152	1	0.52613	0.38619	1	0.46205	0.53535	12.90994	0.99900	1	0.72630	0.55685	13.62082	0.99900	1	-0.00950	-0.00925	0.67397	0.00369	1	0.05897	-0.01365	0.67916	0.00378	1	1.45898	0.81042	0	
1236516	8340.79102	3304207508421	0.50857	0.36789	8340.34961	0.44141	10911	1	0.51029	0.37358	1	0.46579	0.42316	1	0.48804	0.39837	1	0.46212	0.53545	12.89552	1.00702	1	0.72626	0.55706	13.68941	1.02149	1	-0.00950	-0.00925	0.67397	0.00371	1	0.05897	-0.01365	0.67916	0.00392	1	1.45898	0.81042	0	
1236517	8340.79883	3304207578819	0.50741	0.36825	8340.34961	0.44922	10911	1	0.51438	0.33686	1	0.43539	0.40670	1	0.47488	0.37178	1	0.46222	0.53514	12.77346	1.02950	1	0.72621	0.55718	13.74344	1.04397	1	-0.00950	-0.00925	0.67397	0.00381	1	0.05897	-0.01365	0.67916	0.00394	1	1.45898	0.81042	0	
1236518	8340.80469	3304207645948	0.50622	0.36824	8340.34961	0.45508	10911	1	0.51177	0.31843	1	0.43541	0.38965	1	0.47359	0.35404	1	0.46263	0.53511	12.60042	1.05199	1	0.72701	0.55719	13.05523	1.06646	1	-0.00948	-0.00943	0.67942	0.00389	1	0.05897	-0.01365	0.67916	0.00394	1	1.45898	0.81042	0	
1236519	8340.81152	3304207713228	0.50640	0.36743	8340.34961	0.46191	10911	1	0.53719	0.31554	1	0.48746	0.38070	1	0.51232	0.34812	1	0.46279	0.53551	12.73488	1.06646	1	0.72703	0.55706	13.22792	1.06646	1	-0.00948	-0.00943	0.67942	0.00371	1	0.05897	-0.01365	0.67916	0.00382	1	1.45898	0.81042	0	
1236520	8340.81836	3304207779025	0.50649	0.36680	8340.34961	0.46875	10911	1	0.53729	0.32087	1	0.48714	0.40125	1	0.51222	0.36106	1	0.46269	0.53544	12.73264	1.06646	1	0.72706	0.55722	13.32813	1.06646	1	-0.00948	-0.00943	0.67942	0.00373	1	0.05897	-0.01365	0.67916	0.00377	1	1.45898	0.81042	0	
1236521	8340.82520	3304207847027	0.50659	0.36666	8340.34961	0.47559	10911	1	0.53805	0.32732	1	0.48607	0.41815	1	0.51206	0.37274	1	0.46269	0.53522	12.99738	1.05844	1	0.72711	0.55676	13.41537	1.04397	1	-0.00926	-0.00921	0.66723	0.00375	1	0.05423	-0.01258	0.62350	0.00383	1	1.45898	0.81042	0	
1236522	8340.83203	3304207913151	0.50701	0.36634	8340.34961	0.48242	10911	1	0.54972	0.35055	1	0.48679	0.38113	1	0.51825	0.36584	1	0.46287	0.53557	13.17890	1.03595	1	0.72698	0.55662	13.33305	1.02149	1	-0.00926	-0.00921	0.66723	0.00370	1	0.05423	-0.01258	0.62350	0.00395	1	1.45898	0.81042	0	
1236523	8340.83789	3304207976623	0.50783	0.36654	8340.34961	0.48828	10911	1	0.54408	0.37649	1	0.49874	0.37482	1	0.52141	0.37566	1	0.46273	0.53545	13.03167	1.01347	1	0.72723	0.55624	13.35921	0.99900	1	-0.00926	-0.00921	0.66723	0.00369	1	0.05423	-0.01258	0.62350	0.00403	1	1.45898	0.81042	0	
1236524	8340.84473	3304208045864	0.50867	0.36705	8340.34961	0.49512	10911	1	0.54543	0.38795	1	0.49826	0.38117	1	0.52185	0.38456	1	0.46245	0.53532	12.56080	0.99900	1	0.72733	0.55651	12.92439	0.99134	1	-0.00954	-0.00959	0.69111	0.00362	1	0.05677	-0.01316	0.65218	0.00414	1	1.45898	0.81042	0	
1236525	8340.85156	3304208110752	0.50822	0.36689	8340.34961	0.50195	10911	1	0.53086	0.35963	1	0.48175	0.38745	1	0.50630	0.37354	1	0.46290	0.53521	12.97194	0.99936	1	0.72733	0.55651	12.92439	1.00617	1	-0.00954	-0.00959	0.69111	0.00381	1	0.05677	-0.01316	0.65218	0.00415	1	1.45898	0.81042	0	
1236526	8340.85840	3304208177467	0.50740	0.36744	8340.34961	0.50879	10911	1	0.49825	0.34552	1	0.47472	0.39915	1	0.48649	0.37234	1	0.46276	0.53517	12.91706	1.01419	1	0.72722	0.55684	13.30370	1.02099	1	-0.00954	-0.00959	0.69111	0.00365	1	0.05677	-0.01316	0.65218	0.00394	1	1.45898	0.81042	0	
1236527	8340.86523	3304208247254	0.50657	0.36761	8340.34961	0.51562	10911	1	0.49630	0.33330	1	0.47558	0.38148	1	0.48594	0.35739	1	0.46320	0.53530	12.42364	1.02901	1	0.72747	0.55711	12.88004	1.04348	1	-0.00954	-0.00959	0.69111	0.00374	1	0.05928	-0.01378	0.68035	0.00394	1	1.45898	0.81042	0	
1236528	8340.87207	3304208313318	0.50650	0.36879	8340.34961	0.52246	10911	1	0.52072	0.30644	1	0.48332	0.43470	1	0.50202	0.37057	1	0.46321	0.53507	12.18430	1.04348	1	0.72780	0.55722	12.40750	1.05114	1	-0.00954	-0.00959	0.69111	0.00379	1	0.05928	-0.01378	0.68035	0.00415	1	1.45898	0.81042	0	
1236529	8340.87891	3304208381134	0.50648	0.36918	8340.34961	0.52930	10911	1	0.53443	0.34282	1	0.47084	0.44665	1	0.50264	0.39473	1	0.46341	0.53524	12.29363	1.05114	1	0.72753	0.55765	13.14291	1.05880	1	-0.00954	-0.00959	0.69111	0.00367	1	0.05928	-0.01378	0.68035	0.00396	1	1.45898	0.81042	0	
1236530	8340.88477	3304208445171	0.50647	0.36946	8340.34961	0.53516	10911	1	0.53447	0.34311	1	0.47083	0.44690	1	0.50265	0.39500	1	0.46366	0.53576	12.88160	1.05078	1	0.72782	0.55727	12.73702	1.05844	1	-0.00901	-0.00916	0.65663	0.00371	1	0.05928	-0.01388	0.68035	0.00403	1	1.45898	0.81042	0	
1236531	8340.89258	3304208516670	0.50684	0.36955	8340.34961	0.54297	10911	1	0.54139	0.36081	1	0.49605	0.41474	1	0.51872	0.38777	1	0.46348	0.53572	13.16893	1.05042	1	0.72801	0.55731	13.07718	1.05042	1	-0.00901	-0.00916	0.65663	0.00359	1	0.05928	-0.01388	0.68035	0.00400	1	1.45898	0.81042	0	
1236532	8340.89844	3304208583399	0.50699	0.36945	8340.34961	0.54883	10911	1	0.54148	0.35698	1	0.47297	0.41700	1	0.50722	0.38699	1	0.46353	0.53567	13.04582	1.04241	1	0.72757	0.55758	13.19951	1.04241	1	-0.00901	-0.00916	0.65663	0.00362	1	0.05928	-0.01388	0.68035	0.00405	1	1.45898	0.81042	0	
1236533	8340.90527	3304208649473	0.50715	0.36954	8340.34961	0.55566	10911	1	0.54222	0.36330	1	0.47268	0.42303	1	0.50745	0.39317	1	0.46314	0.53591	12.29504	1.03439	1	0.72781	0.55788	13.79061	1.03439	1	-0.00901	-0.00916	0.65663	0.00359	1	0.05928	-0.01388	0.68035	0.00391	1	1.45898	0.81042	0	
1236534	8340.91211	3304208718053	0.50678	0.37088	8340.34961	0.56250	10911	1	0.51715	0.37497	1	0.46689	0.45348	1	0.49202	0.41423	1	0.46309	0.53581	12.29573	1.03439	1	0.72753	0.55798	14.00356	1.03439	1	-0.00901	-0.00916	0.65663	0.00356	1	0.05928	-0.01388	0.68035	0.00387	1	1.45898	0.81042	0	
1236535	8340.91895	3304208784629	0.50661	0.37176	8340.34961	0.56934	10911	1	0.52693	0.37271	1	0.48005	0.39599	1	0.50349	0.38435	1	0.46332	0.53568	12.51256	1.03439	1	0.72761	0.55794	13.94345	1.03439	1	-0.00901	-0.00916	0.65663	0.00361	1	0.05928	-0.01388	0.68035	0.00393	1	1.45898	0.81042	0	
1236536	8340.92578	3304208851090	0.50645	0.37264	8340.34961	0.57617	10911	1	0.52609	0.36646	1	0.48040	0.38974	1	0.50324	0.37810	1	0.46352	0.53566	12.97741	1.04241	1	0.72788	0.55817	13.25821	1.04241	1	-0.00938	-0.00959	0.68746	0.00355	1	0.05928	-0.01388	0.68035	0.00392	1	1.45898	0.81042	0	
1236537	8340.93262	3304208917414	0.50652	0.37348	8340.34961	0.58301	10911	1	0.52246	0.38342	1	0.48291	0.40114	1	0.50268	0.39228	1	0.46318	0.53601	12.63353	1.05042	1	0.72774	0.55813	12.99233	1.05042	1	-0.00938	-0.00959	0.68746	0.00356	1	0.05928	-0.01388	0.68035	0.00393	1	1.45898	0.81042	0	
1236538	8340.93848	3304208984495	0.50654	0.37469	8340.34961	0.58887	10911	1	0.52125	0.37271	1	0.48905	0.38573	1	0.50515	0.37922	1	0.46318	0.53601	12.63353	1.05844	1	0.72783	0.55807	13.10215	1.05844	1	-0.00938	-0.00959	0.68746	0.00356	1	0.05928	-0.01388	0.68035	0.00395	1	1.45898	0.81042	0	
1236539	8340.94531	3304209052295	0.50655	0.37591	8340.34961	0.59570	10911	1	0.52125	0.37271	1	0.48905	0.38573	1	0.50515	0.37922	1	0.46336	0.53618	12.68759	1.05844	1	0.72745	0.55800	12.56693	1.05844	1	-0.00901	-0.00916	0.65663	0.00360	1	0.05928	-0.01388	0.68035	0.00399	1	1.45898	0.81042	0	
1236540	8340.95215	3304209119706	0.50591	0.37539	8340.34961	0.60254	10911	1	0.52682	0.31150	1	0.45598	0.39350	1	0.49140	0.35250	1	0.46325	0.53615	12.74647	1.05042	1	0.72731	0.55805	13.30741	1.05042	1	-0.00901	-0.00916	0.65663	0.00374	1	0.05928	-0.01388	0.68035	0.00395	1	1.45898	0.81042	0	
1236541	8340.95898	3304209186532	0.50566	0.37531	8340.34961	0.60938	10911	1	0.51725	0.30527	1	0.48429	0.40109	1	0.50077	0.35318	1	0.46324	0.53619	12.68020	1.04241	1	0.72773	0.55808	12.87867	1.04241	1	-0.00901	-0.00916	0.65663	0.00379	1	0.05928	-0.01388	0.68035	0.00396	1	1.45898	0.81042	0	
1236542	8340.96582	3304209253145	0.50542	0.37524	8340.34961	0.61621	10911	1	0.51725	0.30527	1	0.48429	0.40109	1	0.50077	0.35318	1	0.46298	0.53610	12.35227	1.04241	1	0.72792	0.55740	12.95905	1.04241	1	-0.00943	-0.00953	0.68343	0.00390	1	0.05928	-0.01388	0.68035	0.00429	1	1.45898	0.81042	0	
1236543	8340.97266	3304209320499	0.50510	0.37490	8340.34961	0.62305	10911	1	0.51047	0.30570	1	0.48504	0.40007	1	0.49776	0.35289	1	0.46309	0.53612	12.65588	1.05042	1	0.72777	0.55795	12.80012	1.05042	1	-0.00943	-0.00953	0.68343	0.00379	1	0.05928	-0.01388	0.68035	0.00403	1	1.45898	0.81042	0	
1236544	8340.97949	3304209386253	0.50469	0.37446	8340.34961	0.62988	10911	1	0.51395	0.26232	1	0.47882	0.42196	1	0.49638	0.34214	1	0.46310	0.53565	12.00240	1.05844	1	0.72769	0.55828	12.77687	1.05844	1	-0.00943	-0.00953	0.68343	0.00385	1	0.05928	-0.01388	0.68035	0.00393	1	1.45898	0.81042	0	
1236545	8340.98535	3304209451968	0.50427	0.37383	8340.34961	0.63574	10911	1	0.51304	0.25536	1	0.47914	0.41605	1	0.49609	0.33571	1	0.46333	0.53650	12.32582	1.06646	1	0.72752	0.55839	13.37071	1.06646	1	-0.00943	-0.00953	0.68343	0.00374	1	0.05928	-0.01388	0.68035	0.00383	1	1.45898	0.81042	0	
1236546	8340.99219	3304209521443	0.50390	0.37370	8340.34961	0.64258	10911	1	0.52600	0.31343	1	0.48489	0.35423	1	0.50544	0.33383	1	0.46333	0.53620	12.43993	1.06646	1	0.72739	0.55771	13.08262	1.06646	1	-0.00943	-0.00953	0.68343	0.00375	1	0.05928	-0.01388	0.68035	0.00415	1	1.45898	0.81042	0	
1236547	8340.99902	3304209588590	0.50333	0.37216	8340.34961	0.64941	10911	1	0.51707	0.27561	1	0.47102	0.33596	1	0.49405	0.30578	1	0.46317	0.53588	12.00832	1.06646	1	0.72711	0.55747	13.01489	1.06646	1	-0.00943	-0.00953	0.68343	0.00386	1	0.05928	-0.01388	0.68035	0.00426	1	1.45898	0.81042	0	
1236548	8341.00586	3304209655226	0.50277	0.37050	8340.34961	0.65625	10911	1	0.51795	0.28242	1	0.47076	0.34246	1	0.49436	0.31244	1	0.46282	0.53606	12.43085	1.05844	1	0.72738	0.55701	12.64027	1.05844	1	-0.00901	-0.00921	0.65663	0.00393	1	0.05852	-0.01375	0.67164	0.00436	1	1.45898	0.81042	0	
1236549	8341.01270	3304209722406	0.50248	0.36987	8340.34961	0.66309	10911	1	0.50167	0.33884	1	0.50596	0.36819	1	0.50381	0.35351	1	0.46286	0.53637	12.63940	1.05042	1	0.72772	0.55765	12.25240	1.05042	1	-0.00901	-0.00921	0.65663	0.00374	1	0.05852	-0.01375	0.67164	0.00422	1	1.45898	0.81042	0	
1236550	8341.01953	3304209789966	0.49855	0.34405	8340.34961	0.66309	10911	0	0.49850	0.32344	1	0.49465	0.38510	1	0.49658	0.35427	1	0.46286	0.53616	13.00246	1.04241	1	0.72718	0.55781	13.15279	1.04241	1	-0.00901	-0.00921	0.65663	0.00388	1	0.05852	-0.01375	0.67164	0.00408	1	1.45898	0.81042	0	
1236551	8341.02637	3304209856414	0.49760	0.35389	8340.34961	0.66309	10911	0	0.49953	0.33004	1	0.49377	0.39740	1	0.49665	0.36372	1	0.46258	0.53375	12.47221	1.03439	1	0.72710	0.55726	13.07929	1.02673	1	-0.00901	-0.00916	0.65663	0.00256	1	0.05788	-0.01356	0.66488	0.00404	1	1.45898	0.81042	0	
1236552	8341.03320	3304209922606	0.49280	0.35034	8340.34961	0.66309	10911	0	0.47545	0.36226	1	0.49096	0.32422	1	0.48320	0.34324	1	0.46246	0.53609	12.95251	1.02673	1	0.72710	0.55687	13.06241	1.01907	1	-0.00901	-0.00916	0.65663	0.00382	1	0.05788	-0.01356	0.66488	0.00428	1	1.45898	0.81042	0	
1236553	8341.04004	3304209990716	0.49064	0.35507	8341.01953	0.02051	10912	1	0.48567	0.38679	1	0.48262	0.35177	1	0.48415	0.36928	1	0.46246	0.53620	12.84114	1.01907	1	0.72692	0.55725	13.12972	1.01141	1	-0.00901	-0.00916	0.65663	0.00387	1	0.05788	-0.01356	0.66488	0.00402	1	1.45898	0.81042	0	
1236554	8341.04590	3304210056930	0.48945	0.35851	8341.01953	0.02637	10912	1	0.48676	0.39276	1	0.48262	0.35177	1	0.48469	0.37227	1	0.46261	0.53603	12.70455	1.01141	1	0.72702	0.55710	13.24113	1.01141	1	-0.00901	-0.00916	0.65663	0.00381	1	0.05937	-0.01392	0.68255	0.00397	1	1.45898	0.81042	0	
1236555	8341.05273	3304210124241	0.49001	0.36233	8341.01953	0.03320	10912	1	0.50237	0.39952	1	0.48329	0.36336	1	0.49283	0.38144	1	0.46239	0.53580	12.75603	1.01141	1	0.72698	0.55746	13.69513	1.01907	1	-0.00901	-0.00916	0.65663	0.00396	1	0.05937	-0.01392	0.68255	0.00393	1	1.45898	0.81042	0	
1236556	8341.05957	3304210189885	0.49316	0.35978	8341.01953	0.04004	10912	1	0.53086	0.34951	1	0.49322	0.33944	1	0.51204	0.34448	1	0.46258	0.53584	12.96630	1.01907	1	0.72711	0.55715	13.23133	1.02673	1	-0.00901	-0.00916	0.65663	0.00374	1	0.05937	-0.01392	0.68255	0.00399	1	1.45898	0.81042	0	
1236557	8341.06641	3304210258564	0.49547	0.35748	8341.01953	0.04688	10912	1	0.53007	0.34327	1	0.49322	0.33944	1	0.51165	0.34136	1	0.46253	0.53581	13.01025	1.02673	1	0.72691	0.55746	13.76538	1.02673	1	-0.00901	-0.00916	0.65663	0.00372	1	0.05710	-0.01340	0.65707	0.00395	1	1.45898	0.81042	0	
1236558	8341.07324	3304210325846	0.49614	0.35520	8341.01953	0.05371	10912	1	0.52716	0.32375	1	0.47581	0.35015	1	0.50148	0.33695	1	0.46251	0.53576	12.76575	1.02673	1	0.72689	0.55727	13.75732	1.01907	1	-0.00901	-0.00916	0.65663	0.00376	1	0.05710	-0.01340	0.65707	0.00396	1	1.45898	0.81042	0	
1236559	8341.08008	3304210392134	0.49753	0.35526	8341.01953	0.06055	10912	1	0.53493	0.35573	1	0.48522	0.35594	1	0.51008	0.35583	1	0.46252	0.53585	12.99605	1.01907	1	0.72694	0.55730	13.57106	1.01141	1	-0.00901	-0.00916	0.65663	0.00376	1	0.05710	-0.01340	0.65707	0.00399	1	1.45898	0.81042	0	
1236560	8341.08594	3304210459082	0.49869	0.35499	8341.01953	0.06641	10912	1	0.53490	0.35544	1	0.48561	0.34923	1	0.51025	0.35234	1	0.46241	0.53615	12.63564	1.01943	1	0.72690	0.55702	12.31660	1.01943	1	-0.00950	-0.00960	0.68104	0.00371	1	0.05897	-0.01385	0.67916	0.00423	1	1.45898	0.81042	0	
1236561	8341.09277	3304210526297	0.49847	0.35263	8341.01953	0.07324	10912	1	0.50841	0.31658	1	0.48373	0.33660	1	0.49607	0.32659	1	0.46227	0.53602	12.76048	1.02744	1	0.72692	0.55730	12.36332	1.03510	1	-0.00950	-0.00960	0.68104	0.00376	1	0.05897	-0.01385	0.67916	0.00426	1	1.45898	0.81042	0	
1236562	8341.09961	3304210593261	0.49807	0.34898	8341.01953	0.08008	10912	1	0.50492	0.27538	1	0.48174	0.33515	1	0.49333	0.30526	1	0.46220	0.53591	12.28568	1.04312	1	0.72692	0.55730	12.36332	1.05078	1	-0.00950	-0.00960	0.68104	0.00379	1	0.05897	-0.01385	0.67916	0.00426	1	1.45898	0.81042	0	
1236563	8341.10645	3304210660073	0.49769	0.34491	8341.01953	0.08691	10912	1	0.50301	0.26177	1	0.48242	0.32221	1	0.49272	0.29199	1	0.46229	0.53585	12.36562	1.05880	1	0.72642	0.55778	12.98902	1.06646	1	-0.00950	-0.00960	0.68104	0.00379	1	0.05897	-0.01385	0.67916	0.00404	1	1.45898	0.81042	0	
1236564	8341.11328	3304210727691	0.49778	0.34047	8341.01953	0.09375	10912	1	0.51541	0.26751	1	0.48260	0.28894	1	0.49900	0.27822	1	0.46244	0.53588	12.72233	1.06646	1	0.72652	0.55704	12.92107	1.06646	1	-0.00950	-0.00960	0.68104	0.00398	1	0.05897	-0.01385	0.67916	0.00413	1	1.45898	0.81042	0	
1236565	8341.12012	3304210794494	0.49693	0.33904	8341.01953	0.10059	10912	1	0.50938	0.30418	1	0.45894	0.33114	1	0.48416	0.31766	1	0.46232	0.53625	13.21327	1.06646	1	0.72612	0.55729	13.15666	1.06646	1	-0.00950	-0.00960	0.68104	0.00366	1	0.05897	-0.01385	0.67916	0.00428	1	1.45898	0.81042	0	
1236566	8341.12695	3304210861361	0.49617	0.33797	8341.01953	0.10742	10912	1	0.50938	0.30418	1	0.45877	0.33738	1	0.48408	0.32078	1	0.46219	0.53561	12.35805	1.06646	1	0.72618	0.55766	13.47419	1.05880	1	-0.00950	-0.00960	0.68104	0.00415	1	0.05715	-0.01344	0.65880	0.00395	1	1.45898	0.81042	0	
1236567	8341.13281	3304210927914	0.49636	0.33705	8341.01953	0.11328	10912	1	0.51944	0.28936	1	0.47956	0.35360	1	0.49950	0.32148	1	0.46239	0.53596	12.75438	1.05880	1	0.72647	0.55738	13.07888	1.05114	1	-0.00950	-0.00960	0.68104	0.00379	1	0.05715	-0.01344	0.65880	0.00397	1	1.45898	0.81042	0	
1236568	8341.13965	3304210994943	0.49595	0.33702	8341.01953	0.12012	10912	1	0.50823	0.31182	1	0.46889	0.36126	1	0.48856	0.33654	1	0.46226	0.53613	13.01915	1.05114	1	0.72632	0.55754	13.39526	1.04348	1	-0.00950	-0.00960	0.68104	0.00381	1	0.05715	-0.01344	0.65880	0.00394	1	1.45898	0.81042	0	
1236569	8341.14648	3304211062228	0.49561	0.33764	8341.01953	0.12695	10912	1	0.51009	0.32478	1	0.46839	0.37388	1	0.48924	0.34933	1	0.46230	0.53629	13.08007	1.03546	1	0.72641	0.55761	13.40343	1.02780	1	-0.00929	-0.00934	0.66271	0.00377	1	0.05668	-0.01338	0.65337	0.00392	1	1.45898	0.81042	0	
1236570	8341.15332	3304211128697	0.49448	0.33707	8341.01953	0.13379	10912	1	0.48417	0.26122	1	0.45943	0.39023	1	0.47180	0.32573	1	0.46181	0.53537	12.81640	1.01979	1	0.72619	0.55763	13.22956	1.01979	1	-0.00929	-0.00934	0.66271	0.00405	1	0.05668	-0.01338	0.65337	0.00396	1	1.45898	0.81042	0	
1236571	8341.16016	3304211196063	0.49513	0.33819	8341.01953	0.14062	10912	1	0.54257	0.32540	1	0.47507	0.39776	1	0.50882	0.36158	1	0.46240	0.53539	12.33313	1.01177	1	0.72642	0.55767	13.44090	1.01177	1	-0.00929	-0.00934	0.66271	0.00396	1	0.05668	-0.01338	0.65337	0.00391	1	1.45898	0.81042	0	
1236572	8341.16699	3304211260613	0.49574	0.33936	8341.01953	0.14746	10912	1	0.54333	0.33216	1	0.47505	0.39805	1	0.50919	0.36511	1	0.46185	0.53428	12.88804	1.00375	1	0.72622	0.55781	13.68742	1.01141	1	-0.00912	-0.00913	0.65070	0.00409	1	0.05896	-0.01393	0.68025	0.00390	1	1.45898	0.81042	0	
1236573	8341.17383	3304211330018	0.49578	0.33977	8341.01953	0.15430	10912	1	0.50915	0.29363	1	0.48441	0.40499	1	0.49678	0.34931	1	0.46183	0.53538	12.92367	1.01141	1	0.72627	0.55777	13.74926	1.01907	1	-0.00912	-0.00913	0.65070	0.00397	1	0.05896	-0.01393	0.68025	0.00379	1	1.45898	0.81042	0	
1236574	8341.18066	3304211397074	0.49620	0.33903	8341.01953	0.16113	10912	1	0.53114	0.24901	1	0.48126	0.39327	1	0.50620	0.32114	1	0.46185	0.53487	12.94011	1.01907	1	0.72620	0.55778	13.54856	1.02673	1	-0.00912	-0.00913	0.65070	0.00404	1	0.05896	-0.01393	0.68025	0.00388	1	1.45898	0.81042	0	
1236575	8341.18652	3304211463989	0.49656	0.33794	8341.01953	0.16699	10912	1	0.52953	0.23470	1	0.48162	0.38696	1	0.50557	0.31083	1	0.46200	0.53570	12.71793	1.03475	1	0.72646	0.55760	13.00083	1.03475	1	-0.00966	-0.00956	0.67784	0.00386	1	0.05610	-0.01322	0.64784	0.00392	1	1.45898	0.81042	0	
1236576	8341.19336	3304211530056	0.49687	0.33748	8341.01953	0.17383	10912	1	0.53119	0.28088	1	0.47877	0.36981	1	0.50498	0.32535	1	0.46183	0.53518	12.47757	1.04276	1	0.72607	0.55755	12.72083	1.03510	1	-0.00966	-0.00956	0.67784	0.00393	1	0.05610	-0.01322	0.64784	0.00388	1	1.45898	0.81042	0	
1236577	8341.20020	3304211597791	0.49714	0.33612	8341.01953	0.18066	10912	1	0.51032	0.28067	1	0.49818	0.31811	1	0.50425	0.29939	1	0.46141	0.53574	12.17805	1.04312	1	0.72640	0.55698	13.10829	1.03546	1	-0.00966	-0.00956	0.67784	0.00381	1	0.05610	-0.01322	0.64784	0.00413	1	1.45898	0.81042	0	
1236578	8341.20703	3304211665043	0.49739	0.33473	8341.01953	0.18750	10912	1	0.51027	0.28036	1	0.49866	0.31125	1	0.50447	0.29581	1	0.46143	0.53594	12.54352	1.04348	1	0.72566	0.55812	13.37497	1.04348	1	-0.00929	-0.00924	0.65206	0.00387	1	0.05945	-0.01407	0.68701	0.00398	1	1.45898	0.81042	0	
1236579	8341.21387	3304211731574	0.49780	0.33513	8341.01953	0.19434	10912	1	0.52269	0.32154	1	0.49658	0.37223	1	0.50964	0.34688	1	0.46165	0.53611	12.49405	1.04348	1	0.72602	0.55788	12.75340	1.05114	1	-0.00929	-0.00924	0.65206	0.00386	1	0.05945	-0.01407	0.68701	0.00400	1	1.45898	0.81042	0	
1236580	8341.22070	3304211798980	0.49801	0.33497	8341.01953	0.20117	10912	1	0.52926	0.31505	1	0.47952	0.34506	1	0.50439	0.33005	1	0.46180	0.53614	12.48065	1.05114	1	0.72570	0.55749	12.70355	1.05880	1	-0.00929	-0.00924	0.65206	0.00398	1	0.05945	-0.01407	0.68701	0.00394	1	1.45898	0.81042	0	
1236581	8341.22754	3304211865838	0.49820	0.33462	8341.01953	0.20801	10912	1	0.52849	0.30875	1	0.47984	0.33886	1	0.50416	0.32380	1	0.46165	0.53576	12.48450	1.05880	1	0.72549	0.55765	13.53072	1.06646	1	-0.00929	-0.00924	0.65206	0.00385	1	0.05945	-0.01407	0.68701	0.00392	1	1.45898	0.81042	0	
1236582	8341.23340	3304211932747	0.49813	0.33362	8341.01953	0.21387	10912	1	0.51144	0.27560	1	0.48005	0.32750	1	0.49575	0.30155	1	0.46147	0.53577	12.45799	1.06646	1	0.72568	0.55748	13.15883	1.06646	1	-0.00929	-0.00924	0.65206	0.00381	1	0.05945	-0.01407	0.68701	0.00393	1	1.45898	0.81042	0	
1236583	8341.24023	3304211999463	0.49779	0.33317	8341.01953	0.22070	10912	1	0.50084	0.29139	1	0.47244	0.34582	1	0.48664	0.31860	1	0.46142	0.53597	12.51366	1.06646	1	0.72552	0.55763	13.47415	1.06646	1	-0.00929	-0.00924	0.65206	0.00389	1	0.05945	-0.01407	0.68701	0.00392	1	1.45898	0.81042	0	
1236584	8341.24707	3304212063796	0.49747	0.33311	8341.01953	0.22754	10912	1	0.50183	0.29808	1	0.47167	0.36386	1	0.48675	0.33097	1	0.46123	0.53358	12.73177	1.05844	1	0.72557	0.55757	13.07101	1.04397	1	-0.00951	-0.00936	0.66413	0.00255	1	0.05504	-0.01300	0.63726	0.00395	1	1.45898	0.81042	0	
1236585	8341.25391	3304212132244	0.49759	0.33066	8341.01953	0.23438	10912	1	0.50682	0.11078	1	0.49612	0.37867	1	0.50147	0.24472	1	0.46106	0.53371	12.47301	1.03595	1	0.72557	0.55760	13.35662	1.02149	1	-0.00951	-0.00936	0.66413	0.00254	1	0.05504	-0.01300	0.63726	0.00384	1	1.45898	0.81042	0	
1236586	8341.25977	3304212197252	0.49771	0.32920	8341.01953	0.24023	10912	1	0.51175	0.13164	1	0.49275	0.42229	1	0.50225	0.27696	1	0.46112	0.53362	12.87627	1.01347	1	0.72557	0.55773	13.20771	0.99900	1	-0.00951	-0.00936	0.66413	0.00246	1	0.05504	-0.01300	0.63726	0.00390	1	1.45898	0.81042	0	
1236587	8341.26660	3304212264132	0.49785	0.32811	8341.01953	0.24707	10912	1	0.51348	0.14662	1	0.49232	0.42827	1	0.50290	0.28745	1	0.46097	0.53365	12.69723	0.99900	1	0.72514	0.55746	12.67195	0.99134	1	-0.00981	-0.00956	0.67448	0.00252	1	0.05732	-0.01355	0.66417	0.00399	1	1.45898	0.81042	0	
1236588	8341.27344	3304212330674	0.49792	0.32718	8341.01953	0.25391	10912	1	0.52625	0.24481	1	0.47495	0.33885	1	0.50060	0.29183	1	0.46088	0.53487	12.21591	0.99936	1	0.72526	0.55697	12.28689	1.00617	1	-0.00981	-0.00956	0.67448	0.00415	1	0.05732	-0.01355	0.66417	0.00413	1	1.45898	0.81042	0	
1236589	8341.28027	3304212397786	0.50112	0.29910	8341.01953	0.25391	10912	0	0.52576	0.15934	1	0.50319	0.32169	1	0.51448	0.24051	1	0.46093	0.53401	12.19231	1.01419	1	0.72530	0.55698	12.62776	1.02099	1	-0.00981	-0.00956	0.67448	0.00252	1	0.05732	-0.01355	0.66417	0.00399	1	1.45898	0.81042	0	
1236590	8341.28711	3304212464146	0.50777	0.26122	8341.01953	0.25391	10912	0	0.52417	0.14441	1	0.50465	0.30226	1	0.51441	0.22334	1	0.46048	0.53582	12.48630	1.02901	1	0.72461	0.55765	13.09817	1.04348	1	-0.00990	-0.00960	0.68054	0.00398	1	0.05804	-0.01373	0.67304	0.00402	1	1.45898	0.81042	0	
1236591	8341.29395	3304212531801	0.50001	0.28422	8341.01953	0.25391	10912	0	0.52012	0.30528	1	0.44886	0.35519	1	0.48449	0.33024	1	0.46088	0.53602	12.50432	1.04348	1	0.72443	0.55754	13.04159	1.05114	1	-0.00990	-0.00960	0.68054	0.00382	1	0.05804	-0.01373	0.67304	0.00410	1	1.45898	0.81042	0	
1236592	8341.30078	3304212602243	0.49421	0.27446	8341.28027	0.02051	10913	1	0.48769	0.12948	1	0.46594	0.36087	1	0.47682	0.24517	1	0.46049	0.53391	12.30985	1.05114	1	0.72433	0.55767	13.03252	1.05880	1	-0.00990	-0.00960	0.68054	0.00250	1	0.05804	-0.01373	0.67304	0.00414	1	1.45898	0.81042	0	
1236593	8341.30762	3304212670479	0.49071	0.26927	8341.28027	0.02734	10913	1	0.48774	0.12984	1	0.46571	0.36722	1	0.47673	0.24853	1	0.46037	0.53397	12.25467	1.05078	1	0.72487	0.55711	12.73696	1.05078	1	-0.00965	-0.00935	0.65972	0.00246	1	0.05710	-0.01355	0.66398	0.00405	1	1.45898	0.81042	0	
1236594	8341.31445	3304212736631	0.49236	0.26101	8341.28027	0.03418	10913	1	0.50042	0.13046	1	0.50079	0.30894	1	0.50060	0.21970	1	0.46027	0.53394	12.09964	1.04276	1	0.72482	0.55686	12.80340	1.03510	1	-0.00965	-0.00935	0.65972	0.00243	1	0.05710	-0.01355	0.66398	0.00405	1	1.45898	0.81042	0	
1236595	8341.32129	3304212803601	0.49416	0.25516	8341.28027	0.04102	10913	1	0.52245	0.13648	1	0.48746	0.30368	1	0.50496	0.22008	1	0.46031	0.53395	12.18779	1.02709	1	0.72469	0.55676	12.97118	1.01943	1	-0.00965	-0.00935	0.65972	0.00244	1	0.05710	-0.01355	0.66398	0.00399	1	1.45898	0.81042	0	
1236596	8341.32715	3304212870666	0.49556	0.25127	8341.28027	0.04688	10913	1	0.52329	0.14427	1	0.48746	0.30368	1	0.50538	0.22397	1	0.46017	0.53402	12.21202	1.01943	1	0.72436	0.55688	12.23085	1.01943	1	-0.00998	-0.00953	0.67234	0.00251	1	0.05867	-0.01393	0.68278	0.00411	1	1.45898	0.81042	0	
1236597	8341.33398	3304212937615	0.49561	0.24926	8341.28027	0.05371	10913	1	0.51931	0.15435	1	0.47265	0.31214	1	0.49598	0.23325	1	0.46017	0.53402	12.21202	1.02744	1	0.72437	0.55680	12.18742	1.03510	1	-0.00998	-0.00953	0.67234	0.00251	1	0.05867	-0.01393	0.68278	0.00415	1	1.45898	0.81042	0	
1236598	8341.34082	3304213004559	0.49576	0.24472	8341.28027	0.06055	10913	1	0.51555	0.14486	1	0.47862	0.26280	1	0.49708	0.20383	1	0.46011	0.53412	12.03443	1.04312	1	0.72447	0.55657	12.09387	1.05078	1	-0.00998	-0.00953	0.67234	0.00251	1	0.05867	-0.01393	0.68278	0.00413	1	1.45898	0.81042	0	
1236599	8341.34766	3304213071377	0.49583	0.23966	8341.28027	0.06738	10913	1	0.51378	0.12929	1	0.47926	0.24879	1	0.49652	0.18904	1	0.46010	0.53409	11.96472	1.05880	1	0.72433	0.55730	12.18966	1.06646	1	-0.00998	-0.00953	0.67234	0.00251	1	0.05867	-0.01393	0.68278	0.00395	1	1.45898	0.81042	0	
1236600	8341.35449	3304213138741	0.49530	0.23630	8341.28027	0.07422	10913	1	0.50775	0.11234	1	0.47120	0.28632	1	0.48948	0.19933	1	0.46000	0.53393	12.07982	1.06646	1	0.72434	0.55707	12.26897	1.06646	1	-0.00998	-0.00953	0.67234	0.00246	1	0.05867	-0.01393	0.68278	0.00413	1	1.45898	0.81042	0	
1236601	8341.36133	3304213205590	0.49502	0.23282	8341.28027	0.08105	10913	1	0.50625	0.10811	1	0.47721	0.27399	1	0.49173	0.19105	1	0.45998	0.53393	12.01781	1.06646	1	0.72444	0.55682	12.03987	1.06646	1	-0.00998	-0.00953	0.67234	0.00247	1	0.05867	-0.01393	0.68278	0.00423	1	1.45898	0.81042	0	
1236602	8341.36719	3304213271193	0.49479	0.22983	8341.28027	0.08691	10913	1	0.50625	0.10811	1	0.47721	0.27399	1	0.49173	0.19105	1	0.45988	0.53402	11.88357	1.06646	1	0.72429	0.55681	11.98171	1.06646	1	-0.00998	-0.00953	0.67234	0.00240	1	0.05830	-0.01379	0.67846	0.00413	1	1.45898	0.81042	0	
1236603	8341.37402	3304213339318	0.49462	0.22651	8341.28027	0.09375	10913	1	0.50623	0.12251	1	0.47823	0.23746	1	0.49223	0.17998	1	0.45992	0.53400	11.83405	1.06646	1	0.72440	0.55643	12.05582	1.06646	1	-0.00998	-0.00953	0.67234	0.00244	1	0.05830	-0.01379	0.67846	0.00431	1	1.45898	0.81042	0	
1236604	8341.38086	3304213406956	0.49426	0.22453	8341.28027	0.10059	10913	1	0.50048	0.11622	1	0.47723	0.27342	1	0.48886	0.19482	1	0.45988	0.53402	11.88357	1.06646	1	0.72447	0.55684	12.00152	1.06646	1	-0.00998	-0.00953	0.67234	0.00240	1	0.05830	-0.01379	0.67846	0.00414	1	1.45898	0.81042	0	
1236605	8341.38770	3304213472482	0.49394	0.22278	8341.28027	0.10742	10913	1	0.50048	0.11622	1	0.47723	0.27342	1	0.48886	0.19482	1	0.45985	0.53399	11.79296	1.06646	1	0.72431	0.55717	12.09524	1.06646	1	-0.01014	-0.00963	0.68317	0.00240	1	0.05867	-0.01393	0.68278	0.00407	1	1.45898	0.81042	0	
1236606	8341.39453	3304213540399	0.49325	0.22232	8341.28027	0.11426	10913	1	0.49467	0.11303	1	0.46841	0.31587	1	0.48154	0.21445	1	0.45988	0.53402	11.86133	1.06646	1	0.72431	0.55717	12.09524	1.06646	1	-0.01014	-0.00963	0.68317	0.00241	1	0.05867	-0.01393	0.68278	0.00407	1	1.45898	0.81042	0	
1236607	8341.40137	3304213606931	0.49308	0.22203	8341.28027	0.12109	10913	1	0.49252	0.12143	1	0.48756	0.31239	1	0.49004	0.21691	1	0.45985	0.53399	11.79296	1.06646	1	0.72424	0.55728	12.24398	1.06646	1	-0.01014	-0.00963	0.68317	0.00241	1	0.05867	-0.01393	0.68278	0.00400	1	1.45898	0.81042	0	
1236608	8341.40820	3304213674490	0.49293	0.22178	8341.28027	0.12793	10913	1	0.49252	0.12143	1	0.48756	0.31239	1	0.49004	0.21691	1	0.45987	0.53405	11.94410	1.06646	1	0.72420	0.55734	12.18865	1.06646	1	-0.00998	-0.00953	0.67234	0.00240	1	0.05867	-0.01393	0.68278	0.00400	1	1.45898	0.81042	0	
1236609	8341.41504	3304213741439	0.49202	0.22118	8341.28027	0.13477	10913	1	0.49653	0.11941	1	0.45118	0.29896	1	0.47386	0.20919	1	0.45988	0.53402	11.88357	1.06646	1	0.72403	0.55724	12.59356	1.06646	1	-0.00998	-0.00953	0.67234	0.00240	1	0.05867	-0.01393	0.68278	0.00401	1	1.45898	0.81042	0	
1236610	8341.42090	3304213808462	0.49226	0.21964	8341.28027	0.14062	10913	1	0.49932	0.11704	1	0.49520	0.25757	1	0.49726	0.18731	1	0.45984	0.53403	11.92565	1.06646	1	0.72436	0.55661	12.02575	1.06646	1	-0.00998	-0.00953	0.67234	0.00238	1	0.05867	-0.01393	0.68278	0.00426	1	1.45898	0.81042	0	
1236611	8341.42773	3304213875817	0.49248	0.21823	8341.28027	0.14746	10913	1	0.49932	0.11704	1	0.49520	0.25757	1	0.49726	0.18731	1	0.45992	0.53418	11.70044	1.06646	1	0.72443	0.55654	11.92778	1.06646	1	-0.00998	-0.00953	0.67234	0.00241	1	0.05867	-0.01393	0.68278	0.00425	1	1.45898	0.81042	0	
1236612	8341.43457	3304213942101	0.49221	0.21769	8341.28027	0.15430	10913	1	0.49573	0.12377	1	0.47648	0.28659	1	0.48610	0.20518	1	0.45989	0.53416	11.56576	1.06646	1	0.72442	0.55708	12.19011	1.06646	1	-0.00998	-0.00953	0.67234	0.00241	1	0.05867	-0.01393	0.68278	0.00403	1	1.45898	0.81042	0	
1236613	8341.44141	3304214009130	0.49180	0.21711	8341.28027	0.16113	10913	1	0.50183	0.12564	1	0.46213	0.28098	1	0.48198	0.20331	1	0.46000	0.53410	11.50060	1.06646	1	0.72422	0.55696	12.16395	1.06646	1	-0.00998	-0.00953	0.67234	0.00237	1	0.05867	-0.01393	0.68278	0.00405	1	1.45898	0.81042	0	
1236614	8341.44824	3304214073279	0.49142	0.21658	8341.28027	0.16797	10913	1	0.50183	0.12564	1	0.46213	0.28098	1	0.48198	0.20331	1	0.46042	0.53598	11.30912	1.06646	1	0.72408	0.55711	12.17532	1.06646	1	-0.00998	-0.00953	0.67234	0.00366	1	0.05867	-0.01393	0.68278	0.00404	1	1.45898	0.81042	0	
1236615	8341.45410	3304214139068	0.49117	0.21677	8341.28027	0.17383	10913	1	0.49922	0.13308	1	0.46987	0.31011	1	0.48454	0.22159	1	0.45993	0.53413	12.11047	1.06646	1	0.72436	0.55722	12.37813	1.06646	1	-0.00998	-0.00953	0.67234	0.00238	1	0.05867	-0.01393	0.68278	0.00402	1	1.45898	0.81042	0	
1236616	8341.46191	3304214210175	0.49075	0.21674	8341.28027	0.18164	10913	1	0.50399	0.13458	1	0.45510	0.29748	1	0.47954	0.21603	1	0.45994	0.53419	11.60427	1.06646	1	0.72412	0.55703	12.15640	1.06646	1	-0.00998	-0.00953	0.67234	0.00239	1	0.05867	-0.01393	0.68278	0.00398	1	1.45898	0.81042	0	
1236617	8341.46777	3304214277373	0.49037	0.21672	8341.28027	0.18750	10913	1	0.50399	0.13458	1	0.45510	0.29748	1	0.47954	0.21603	1	0.46001	0.53421	11.58817	1.06646	1	0.72429	0.55732	12.26404	1.06646	1	-0.01014	-0.00974	0.68318	0.00238	1	0.05867	-0.01393	0.68278	0.00402	1	1.45898	0.81042	0	
1236618	8341.47559	3304214350652	0.48989	0.21654	8341.28027	0.19531	10913	1	0.49231	0.13067	1	0.46000	0.29232	1	0.47616	0.21150	1	0.45989	0.53410	11.91394	1.06646	1	0.72411	0.55699	12.13086	1.06646	1	-0.01014	-0.00974	0.68318	0.00240	1	0.05867	-0.01393	0.68278	0.00400	1	1.45898	0.81042	0	
1236619	8341.48145	3304214407282	0.48976	0.21703	8341.28027	0.20117	10913	1	0.49997	0.13635	1	0.47175	0.32664	1	0.48586	0.23149	1	0.45998	0.53416	11.90469	1.06646	1	0.72444	0.55734	12.01762	1.06646	1	-0.01014	-0.00974	0.68318	0.00236	1	0.05867	-0.01393	0.68278	0.00409	1	1.45898	0.81042	0	
1236620	8341.48828	3304214478564	0.48966	0.21790	8341.28027	0.20801	10913	1	0.50183	0.15119	1	0.47124	0.33906	1	0.48653	0.24513	1	0.46023	0.53426	11.75052	1.05131	1	0.72448	0.55725	11.83053	1.05131	1	-0.00938	-0.00910	0.63825	0.00247	1	0.05867	-0.01393	0.68278	0.00415	1	1.45898	0.81042	0	
1236621	8341.49512	3304214545293	0.48965	0.21924	8341.28027	0.21484	10913	1	0.51372	0.16379	1	0.46510	0.35996	1	0.48941	0.26187	1	0.46016	0.53428	11.81574	1.03617	1	0.72432	0.55756	12.60717	1.03617	1	-0.00938	-0.00910	0.63825	0.00240	1	0.05867	-0.01393	0.68278	0.00385	1	1.45898	0.81042	0	
1236622	8341.50195	3304214612140	0.48965	0.22058	8341.28027	0.22168	10913	1	0.51769	0.16251	1	0.46145	0.36704	1	0.48957	0.26477	1	0.46008	0.53423	11.47556	1.02103	1	0.72423	0.55746	12.20651	1.02103	1	-0.00938	-0.00910	0.63825	0.00242	1	0.05867	-0.01393	0.68278	0.00393	1	1.45898	0.81042	0	
1236623	8341.50879	3304214679489	0.48965	0.22193	8341.28027	0.22852	10913	1	0.51769	0.16251	1	0.46126	0.37329	1	0.48947	0.26790	1	0.46013	0.53425	11.73804	1.02103	1	0.72436	0.55751	12.28081	1.01337	1	-0.01005	-0.00974	0.68373	0.00242	1	0.05710	-0.01355	0.66398	0.00376	1	1.45898	0.81042	0	
1236624	8341.51465	3304214746470	0.48932	0.22346	8341.28027	0.23438	10913	1	0.47899	0.16041	1	0.47641	0.39362	1	0.47770	0.27701	1	0.46034	0.53409	11.83125	1.02851	1	0.72451	0.55767	12.63741	1.02085	1	-0.01005	-0.00974	0.68373	0.00242	1	0.05710	-0.01355	0.66398	0.00381	1	1.45898	0.81042	0	
1236625	8341.52148	3304214813299	0.48918	0.22507	8341.28027	0.24121	10913	1	0.49607	0.17697	1	0.47272	0.38949	1	0.48440	0.28323	1	0.46042	0.53430	11.39363	1.03599	1	0.72443	0.55767	12.61519	1.02834	1	-0.01005	-0.00974	0.68373	0.00242	1	0.05710	-0.01355	0.66398	0.00386	1	1.45898	0.81042	0	
1236626	8341.52832	3304214880562	0.48906	0.22662	8341.28027	0.24805	10913	1	0.49614	0.17749	1	0.47270	0.38991	1	0.48442	0.28370	1	0.46040	0.53430	11.27667	1.03546	1	0.72502	0.55753	12.18335	1.02780	1	-0.00966	-0.00942	0.66085	0.00240	1	0.05609	-0.01333	0.65104	0.00397	1	1.45898	0.81042	0	
1236627	8341.53516	3304214947126	0.48387	0.25270	8341.28027	0.24805	10913	0	0.49064	0.14699	1	0.47695	0.40043	1	0.48379	0.27371	1	0.46053	0.53430	11.61339	1.01979	1	0.72492	0.55774	12.65467	1.01979	1	-0.00966	-0.00942	0.66085	0.00230	1	0.05609	-0.01333	0.65104	0.00387	1	1.45898	0.81042	0	
1236628	8341.54199	3304215013990	0.48822	0.26377	8341.28027	0.24805	10913	0	0.49641	0.14477	1	0.48873	0.40491	1	0.49257	0.27484	1	0.46066	0.53435	11.28344	1.01177	1	0.72512	0.55754	12.56210	1.01177	1	-0.00966	-0.00942	0.66085	0.00241	1	0.05609	-0.01333	0.65104	0.00378	1	1.45898	0.81042	0	
1236629	8341.54883	3304215081114	0.48974	0.26645	8341.28027	0.24805	10913	0	0.49641	0.14477	1	0.48913	0.39887	1	0.49277	0.27182	1	0.46063	0.53430	11.42645	1.01177	1	0.72535	0.55771	12.27526	1.01943	1	-0.00990	-0.00970	0.68053	0.00233	1	0.05804	-0.01383	0.67304	0.00379	1	1.45898	0.81042	0	
1236630	8341.55566	3304215148143	0.48963	0.26590	8341.53516	0.02051	10914	1	0.50428	0.17812	1	0.47438	0.35038	1	0.48933	0.26425	1	0.46077	0.53428	11.63361	1.02744	1	0.72532	0.55742	12.62432	1.03510	1	-0.00990	-0.00970	0.68053	0.00234	1	0.05804	-0.01383	0.67304	0.00397	1	1.45898	0.81042	0	
1236631	8341.56152	3304215215109	0.49008	0.25611	8341.53516	0.02637	10914	1	0.50973	0.16489	1	0.47405	0.26899	1	0.49189	0.21694	1	0.46070	0.53437	11.89104	1.04312	1	0.72518	0.55680	11.85938	1.05078	1	-0.00990	-0.00970	0.68053	0.00229	1	0.05804	-0.01383	0.67304	0.00405	1	1.45898	0.81042	0	
1236632	8341.56836	3304215281685	0.49026	0.24771	8341.53516	0.03320	10914	1	0.50789	0.14961	1	0.47434	0.26187	1	0.49112	0.20574	1	0.46092	0.53433	11.86834	1.05880	1	0.72523	0.55694	11.97867	1.05880	1	-0.00968	-0.00958	0.67221	0.00233	1	0.05732	-0.01365	0.66417	0.00413	1	1.45898	0.81042	0	
1236633	8341.57520	3304215348921	0.48916	0.24747	8341.53516	0.04004	10914	1	0.49367	0.14303	1	0.47141	0.34892	1	0.48254	0.24597	1	0.46099	0.53423	12.00062	1.05880	1	0.72519	0.55731	12.15498	1.05114	1	-0.00968	-0.00958	0.67221	0.00244	1	0.05732	-0.01365	0.66417	0.00400	1	1.45898	0.81042	0	
1236634	8341.58203	3304215415902	0.48711	0.24930	8341.53516	0.04688	10914	1	0.47475	0.15357	1	0.47077	0.37067	1	0.47276	0.26212	1	0.46098	0.53420	12.06513	1.05114	1	0.72516	0.55780	12.42782	1.04348	1	-0.00968	-0.00958	0.67221	0.00234	1	0.05732	-0.01365	0.66417	0.00379	1	1.45898	0.81042	0	
1236635	8341.58887	3304215482866	0.48561	0.25227	8341.53516	0.05371	10914	1	0.47702	0.16893	1	0.47024	0.38315	1	0.47363	0.27604	1	0.46135	0.53435	11.36741	1.03546	1	0.72566	0.55717	12.37612	1.02780	1	-0.00951	-0.00946	0.66413	0.00245	1	0.05726	-0.01361	0.66237	0.00408	1	1.45898	0.81042	0	
1236636	8341.59570	3304215548870	0.48623	0.25400	8341.53516	0.06055	10914	1	0.49287	0.16251	1	0.49072	0.37664	1	0.49179	0.26957	1	0.46128	0.53450	11.62642	1.01979	1	0.72552	0.55803	11.35769	1.01979	1	-0.00951	-0.00946	0.66413	0.00239	1	0.05726	-0.01361	0.66237	0.00407	1	1.45898	0.81042	0	
1236637	8341.60254	3304215616838	0.48661	0.25542	8341.53516	0.06738	10914	1	0.49072	0.14077	1	0.49013	0.39837	1	0.49043	0.26957	1	0.46129	0.53437	11.42100	1.01177	1	0.72595	0.55807	12.17692	1.01177	1	-0.00951	-0.00946	0.66413	0.00238	1	0.05726	-0.01361	0.66237	0.00401	1	1.45898	0.81042	0	
1236638	8341.60840	3304215683787	0.48694	0.25634	8341.53516	0.07324	10914	1	0.49072	0.14077	1	0.49054	0.39228	1	0.49063	0.26653	1	0.46157	0.53447	11.26970	1.01177	1	0.72605	0.55788	11.87334	1.01943	1	-0.00966	-0.00966	0.67784	0.00237	1	0.05945	-0.01417	0.68701	0.00399	1	1.45898	0.81042	0	
1236639	8341.61523	3304215750972	0.48757	0.25754	8341.53516	0.08008	10914	1	0.51022	0.13728	1	0.47986	0.40661	1	0.49504	0.27194	1	0.46148	0.53437	11.89104	1.02744	1	0.72613	0.55824	11.95044	1.03510	1	-0.00966	-0.00966	0.67784	0.00228	1	0.05945	-0.01417	0.68701	0.00411	1	1.45898	0.81042	0	
1236640	8341.62207	3304215817966	0.48796	0.25679	8341.53516	0.08691	10914	1	0.50532	0.14654	1	0.48088	0.34740	1	0.49310	0.24697	1	0.46154	0.53454	11.36844	1.04312	1	0.72606	0.55838	12.86318	1.05078	1	-0.00966	-0.00966	0.67784	0.00230	1	0.05945	-0.01417	0.68701	0.00403	1	1.45898	0.81042	0	
1236641	8341.62891	3304215884411	0.48828	0.25567	8341.53516	0.09375	10914	1	0.50440	0.13894	1	0.48121	0.34117	1	0.49280	0.24005	1	0.46162	0.53435	11.77092	1.05078	1	0.72606	0.55794	12.09955	1.05844	1	-0.00942	-0.00947	0.66454	0.00238	1	0.05841	-0.01397	0.67505	0.00402	1	1.45898	0.81042	0	
1236642	8341.63574	3304215951596	0.48814	0.25213	8341.53516	0.10059	10914	1	0.50750	0.11610	1	0.46434	0.28192	1	0.48592	0.19901	1	0.46162	0.53435	11.77092	1.05042	1	0.72581	0.55764	12.32611	1.05042	1	-0.00942	-0.00947	0.66454	0.00239	1	0.05841	-0.01397	0.67505	0.00417	1	1.45898	0.81042	0	
1236643	8341.64258	3304216016884	0.48823	0.24902	8341.53516	0.10742	10914	1	0.50845	0.12423	1	0.47097	0.27428	1	0.48971	0.19925	1	0.46162	0.53435	11.77092	1.04241	1	0.72592	0.55748	12.05048	1.04241	1	-0.00942	-0.00947	0.66454	0.00239	1	0.05841	-0.01397	0.67505	0.00413	1	1.45898	0.81042	0	
1236644	8341.64941	3304216084920	0.48830	0.24644	8341.53516	0.11426	10914	1	0.50845	0.12423	1	0.47071	0.28109	1	0.48958	0.20266	1	0.46181	0.53456	11.72871	1.04241	1	0.72594	0.55867	12.29930	1.03475	1	-0.00966	-0.00977	0.68559	0.00229	1	0.05610	-0.01341	0.64784	0.00383	1	1.45898	0.81042	0	
1236645	8341.65527	3304216149964	0.48721	0.24673	8341.53516	0.12012	10914	1	0.47074	0.14504	1	0.46431	0.35875	1	0.46752	0.25190	1	0.46186	0.53455	11.74073	1.04276	1	0.72589	0.55862	12.41521	1.03510	1	-0.00966	-0.00977	0.68559	0.00232	1	0.05610	-0.01341	0.64784	0.00380	1	1.45898	0.81042	0	
1236646	8341.66211	3304216215367	0.48669	0.24728	8341.53516	0.12695	10914	1	0.48077	0.13490	1	0.47291	0.38054	1	0.47684	0.25772	1	0.46180	0.53455	11.42472	1.04312	1	0.72599	0.55862	12.43747	1.03546	1	-0.00966	-0.00977	0.68559	0.00236	1	0.05610	-0.01341	0.64784	0.00390	1	1.45898	0.81042	0	
1236647	8341.66895	3304216285523	0.48625	0.24796	8341.53516	0.13379	10914	1	0.48185	0.14260	1	0.47291	0.38054	1	0.47738	0.26157	1	0.46215	0.53458	11.75149	1.03546	1	0.72618	0.55847	12.44069	1.03546	1	-0.00929	-0.00944	0.66270	0.00244	1	0.05967	-0.01425	0.68841	0.00394	1	1.45898	0.81042	0	
1236648	8341.67578	3304216351182	0.48642	0.24801	8341.53516	0.14062	10914	1	0.50697	0.10767	1	0.47298	0.39047	1	0.48998	0.24907	1	0.46225	0.53442	11.72936	1.02744	1	0.72596	0.55878	11.84315	1.03510	1	-0.00929	-0.00944	0.66270	0.00238	1	0.05967	-0.01425	0.68841	0.00408	1	1.45898	0.81042	0	
1236649	8341.68262	3304216417727	0.48639	0.24913	8341.53516	0.14746	10914	1	0.49811	0.16462	1	0.47339	0.38283	1	0.48575	0.27372	1	0.46217	0.53455	11.85355	1.02709	1	0.72602	0.55868	11.76762	1.03475	1	-0.00929	-0.00944	0.66270	0.00240	1	0.05967	-0.01425	0.68841	0.00402	1	1.45898	0.81042	0	
1236650	8341.68945	3304216485662	0.48634	0.25000	8341.53516	0.15430	10914	1	0.49712	0.15703	1	0.47339	0.38283	1	0.48526	0.26993	1	0.46218	0.53452	11.41546	1.03475	1	0.72607	0.55880	11.91833	1.03475	1	-0.00950	-0.00970	0.68103	0.00232	1	0.05715	-0.01364	0.65880	0.00395	1	1.45898	0.81042	0	
1236651	8341.69531	3304216551375	0.48681	0.24928	8341.53516	0.16016	10914	1	0.49216	0.09435	1	0.50408	0.36993	1	0.49812	0.23214	1	0.46215	0.53447	11.37080	1.04276	1	0.72648	0.55856	12.54931	1.03510	1	-0.00950	-0.00970	0.68103	0.00236	1	0.05715	-0.01364	0.65880	0.00389	1	1.45898	0.81042	0	
1236652	8341.70215	3304216617437	0.48711	0.24907	8341.53516	0.16699	10914	1	0.49903	0.10583	1	0.48988	0.38192	1	0.49446	0.24387	1	0.46220	0.53449	11.62836	1.04312	1	0.72627	0.55860	12.46250	1.03546	1	-0.00950	-0.00970	0.68103	0.00229	1	0.05715	-0.01364	0.65880	0.00389	1	1.45898	0.81042	0	
1236653	8341.70898	3304216688598	0.48738	0.24887	8341.53516	0.17383	10914	1	0.49898	0.10546	1	0.48990	0.38163	1	0.49444	0.24355	1	0.46223	0.53449	11.57197	1.04348	1	0.72610	0.55880	12.94925	1.03582	1	-0.00950	-0.00981	0.68103	0.00231	1	0.05668	-0.01357	0.65337	0.00400	1	1.45898	0.81042	0	
1236654	8341.71582	3304216755147	0.48728	0.24849	8341.53516	0.18066	10914	1	0.50082	0.10406	1	0.46812	0.37222	1	0.48447	0.23814	1	0.46225	0.53448	11.51483	1.03582	1	0.72627	0.55871	12.68817	1.03582	1	-0.00950	-0.00981	0.68103	0.00233	1	0.05668	-0.01357	0.65337	0.00390	1	1.45898	0.81042	0	
1236655	8341.72266	3304216822259	0.48729	0.24838	8341.53516	0.18750	10914	1	0.50219	0.11983	1	0.47338	0.37113	1	0.48778	0.24548	1	0.46233	0.53458	11.50756	1.03582	1	0.72639	0.55857	12.60265	1.03582	1	-0.00950	-0.00981	0.68103	0.00239	1	0.05668	-0.01357	0.65337	0.00390	1	1.45898	0.81042	0	
1236656	8341.72949	3304216889137	0.48731	0.24828	8341.53516	0.19434	10914	1	0.50219	0.11983	1	0.47338	0.37113	1	0.48778	0.24548	1	0.46227	0.53463	11.66416	1.03582	1	0.72673	0.55850	11.91525	1.03582	1	-0.00950	-0.00981	0.68103	0.00238	1	0.05668	-0.01357	0.65337	0.00390	1	1.45898	0.81042	0	
1236657	8341.73633	3304216956644	0.48758	0.24838	8341.53516	0.20117	10914	1	0.51442	0.11366	1	0.47690	0.38853	1	0.49566	0.25109	1	0.46237	0.53460	11.50537	1.03582	1	0.72648	0.55881	12.30676	1.03582	1	-0.00950	-0.00981	0.68103	0.00238	1	0.05668	-0.01357	0.65337	0.00389	1	1.45898	0.81042	0	
1236658	8341.74316	3304217022769	0.48786	0.24850	8341.53516	0.20801	10914	1	0.49854	0.13127	1	0.49439	0.37343	1	0.49647	0.25235	1	0.46224	0.53483	11.44822	1.03582	1	0.72675	0.55858	11.99540	1.03582	1	-0.00950	-0.00981	0.68103	0.00242	1	0.05668	-0.01357	0.65337	0.00388	1	1.45898	0.81042	0	
1236659	8341.74902	3304217089530	0.48812	0.24862	8341.53516	0.21387	10914	1	0.49854	0.13127	1	0.49439	0.37343	1	0.49647	0.25235	1	0.46246	0.53496	11.67449	1.03582	1	0.72662	0.55841	12.05425	1.03582	1	-0.00950	-0.00981	0.68103	0.00233	1	0.05715	-0.01374	0.65880	0.00407	1	1.45898	0.81042	0	
1236660	8341.75586	3304217157983	0.48814	0.24874	8341.53516	0.22070	10914	1	0.49810	0.13828	1	0.47965	0.36718	1	0.48887	0.25273	1	0.46231	0.53479	11.62265	1.03582	1	0.72648	0.55861	12.80698	1.03582	1	-0.00950	-0.00981	0.68103	0.00233	1	0.05715	-0.01374	0.65880	0.00380	1	1.45898	0.81042	0	
1236661	8341.76270	3304217223980	0.48854	0.24813	8341.53516	0.22754	10914	1	0.50358	0.12704	1	0.50048	0.32800	1	0.50203	0.22752	1	0.46232	0.53480	11.47728	1.03582	1	0.72681	0.55807	11.73238	1.03582	1	-0.00950	-0.00981	0.68103	0.00230	1	0.05715	-0.01374	0.65880	0.00410	1	1.45898	0.81042	0	
1236662	8341.76953	3304217287071	0.48892	0.24747	8341.53516	0.23438	10914	1	0.50358	0.12704	1	0.50095	0.32153	1	0.50226	0.22428	1	0.46240	0.53485	11.44900	1.03582	1	0.72681	0.55794	11.77674	1.04348	1	-0.00950	-0.00981	0.68103	0.00231	1	0.05897	-0.01416	0.67916	0.00413	1	1.45898	0.81042	0	
1236663	8341.77637	3304217358525	0.48920	0.24795	8341.53516	0.24121	10914	1	0.51143	0.13801	1	0.48715	0.39265	1	0.49929	0.26533	1	0.46244	0.53498	11.47560	1.04348	1	0.72671	0.55895	12.27040	1.05114	1	-0.00950	-0.00981	0.68103	0.00230	1	0.05897	-0.01416	0.67916	0.00381	1	1.45898	0.81042	0	
1236664	8341.78320	3304217425386	0.48975	0.24723	8341.53516	0.24805	10914	1	0.51520	0.11482	1	0.50494	0.32632	1	0.51007	0.22057	1	0.46244	0.53480	11.42088	1.05114	1	0.72684	0.55831	12.07880	1.05880	1	-0.00950	-0.00981	0.68103	0.00230	1	0.05897	-0.01416	0.67916	0.00410	1	1.45898	0.81042	0	
1236665	8341.79004	3304217492454	0.49026	0.24637	8341.53516	0.25488	10914	1	0.51434	0.10705	1	0.50543	0.31997	1	0.50989	0.21351	1	0.46238	0.53499	11.75953	1.05880	1	0.72666	0.55857	12.30775	1.06646	1	-0.00945	-0.00980	0.67732	0.00231	1	0.05897	-0.01416	0.67916	0.00400	1	1.45898	0.81042	0	
1236666	8341.79688	3304217559199	0.49074	0.24516	8341.53516	0.26172	10914	1	0.51702	0.11605	1	0.50186	0.28006	1	0.50944	0.19805	1	0.46238	0.53502	11.68004	1.06646	1	0.72682	0.55783	11.67992	1.06646	1	-0.00945	-0.00980	0.67732	0.00228	1	0.05897	-0.01416	0.67916	0.00412	1	1.45898	0.81042	0	
1236667	8341.80273	3304217626864	0.49100	0.24442	8341.53516	0.26758	10914	1	0.50857	0.12462	1	0.49412	0.30486	1	0.50135	0.21474	1	0.46239	0.53506	11.57221	1.06646	1	0.72673	0.55813	12.12215	1.06646	1	-0.00945	-0.00980	0.67732	0.00229	1	0.05897	-0.01416	0.67916	0.00404	1	1.45898	0.81042	0	
1236668	8341.80957	3304217693036	0.49125	0.24371	8341.53516	0.27441	10914	1	0.50857	0.12462	1	0.49412	0.30486	1	0.50135	0.21474	1	0.46245	0.53506	11.53557	1.06646	1	0.72679	0.55846	11.81831	1.06646	1	-0.00947	-0.00988	0.67914	0.00235	1	0.05897	-0.01416	0.67916	0.00393	1	1.45898	0.81042	0	
1236669	8341.81641	3304217760418	0.49135	0.24299	8341.53516	0.28125	10914	1	0.51193	0.11351	1	0.47972	0.31169	1	0.49583	0.21260	1	0.46248	0.53502	11.56685	1.06646	1	0.72684	0.55810	12.15819	1.06646	1	-0.00947	-0.00988	0.67914	0.00230	1	0.05897	-0.01416	0.67916	0.00406	1	1.45898	0.81042	0	
1236670	8341.82324	3304217827259	0.49135	0.24295	8341.53516	0.28809	10914	1	0.51417	0.11034	1	0.46776	0.37245	1	0.49097	0.24140	1	0.46247	0.53508	11.55626	1.06646	1	0.72667	0.55879	12.30858	1.06646	1	-0.00947	-0.00988	0.67914	0.00235	1	0.05897	-0.01416	0.67916	0.00390	1	1.45898	0.81042	0	
1236671	8341.83008	3304217894440	0.49134	0.24307	8341.53516	0.29492	10914	1	0.51506	0.11839	1	0.46752	0.37868	1	0.49129	0.24854	1	0.46251	0.53512	11.68100	1.05844	1	0.72687	0.55817	12.03082	1.05844	1	-0.00904	-0.00948	0.65140	0.00235	1	0.05897	-0.01416	0.67916	0.00406	1	1.45898	0.81042	0	
1236672	8341.83691	3304217961283	0.49151	0.24279	8341.53516	0.30176	10914	1	0.51982	0.12856	1	0.47820	0.33184	1	0.49901	0.23020	1	0.46251	0.53498	12.00335	1.05042	1	0.72684	0.55839	12.13594	1.05042	1	-0.00904	-0.00948	0.65140	0.00239	1	0.05897	-0.01416	0.67916	0.00417	1	1.45898	0.81042	0	
1236673	8341.84375	3304218027873	0.49170	0.24299	8341.53516	0.30859	10914	1	0.52764	0.14636	1	0.47274	0.35777	1	0.50019	0.25207	1	0.46258	0.53511	11.52324	1.04241	1	0.72679	0.55881	12.23897	1.04241	1	-0.00904	-0.00948	0.65140	0.00242	1	0.05897	-0.01416	0.67916	0.00420	1	1.45898	0.81042	0	
1236674	8341.84961	3304218095551	0.49187	0.24318	8341.53516	0.31445	10914	1	0.52764	0.14636	1	0.47274	0.35777	1	0.50019	0.25207	1	0.46264	0.53521	11.66110	1.04241	1	0.72676	0.55876	12.01880	1.04241	1	-0.00943	-0.00994	0.68343	0.00243	1	0.05897	-0.01416	0.67916	0.00414	1	1.45898	0.81042	0	
1236675	8341.85645	3304218159612	0.49228	0.24251	8341.53516	0.32129	10914	1	0.52770	0.14017	1	0.47898	0.30097	1	0.50334	0.22057	1	0.46266	0.53522	11.65392	1.05042	1	0.72682	0.55833	11.85756	1.05042	1	-0.00943	-0.00994	0.68343	0.00243	1	0.05897	-0.01416	0.67916	0.00418	1	1.45898	0.81042	0	
1236676	8341.86328	3304218227209	0.49239	0.24162	8341.53516	0.32812	10914	1	0.52657	0.13481	1	0.46949	0.32901	1	0.49803	0.23191	1	0.46266	0.53522	11.65392	1.05844	1	0.72668	0.55892	11.98835	1.05844	1	-0.00943	-0.00994	0.68343	0.00243	1	0.05897	-0.01416	0.67916	0.00399	1	1.45898	0.81042	0	
1236677	8341.87012	3304218292639	0.49250	0.24063	8341.53516	0.33496	10914	1	0.52574	0.12689	1	0.46975	0.32241	1	0.49774	0.22465	1	0.46243	0.53529	11.53190	1.06646	1	0.72684	0.55871	11.95936	1.06646	1	-0.00954	-0.01000	0.69110	0.00230	1	0.05897	-0.01426	0.67916	0.00398	1	1.45898	0.81042	0	
1236678	8341.87695	3304218361415	0.49269	0.24020	8341.53516	0.34180	10914	1	0.51039	0.13482	1	0.48670	0.35203	1	0.49854	0.24342	1	0.46244	0.53535	11.45797	1.06646	1	0.72699	0.55909	11.77625	1.06646	1	-0.00954	-0.01000	0.69110	0.00244	1	0.05897	-0.01426	0.67916	0.00416	1	1.45898	0.81042	0	
1236679	8341.88379	3304218430224	0.49250	0.24010	8341.53516	0.34863	10914	1	0.48831	0.12504	1	0.47770	0.29951	1	0.48300	0.21228	1	0.46250	0.53514	11.64955	1.06646	1	0.72683	0.55897	12.32724	1.06646	1	-0.00954	-0.01000	0.69110	0.00229	1	0.05897	-0.01426	0.67916	0.00414	1	1.45898	0.81042	0	
1236680	8341.88965	3304218495260	0.49234	0.24039	8341.53516	0.35449	10914	1	0.48936	0.13299	1	0.47738	0.30630	1	0.48337	0.21964	1	0.46255	0.53517	11.72952	1.05844	1	0.72669	0.55888	12.19489	1.05844	1	-0.00901	-0.00955	0.65663	0.00234	1	0.05897	-0.01426	0.67916	0.00401	1	1.45898	0.81042	0	
1236681	8341.89648	3304218561189	0.49238	0.23994	8341.53516	0.36133	10914	1	0.49252	0.14438	1	0.47674	0.30449	1	0.48463	0.22443	1	0.46249	0.53533	11.82440	1.05042	1	0.72682	0.55901	12.26982	1.05042	1	-0.00901	-0.00955	0.65663	0.00232	1	0.05897	-0.01426	0.67916	0.00410	1	1.45898	0.81042	0	
1236682	8341.90332	3304218631313	0.49278	0.23977	8341.53516	0.36816	10914	1	0.49939	0.16479	1	0.48438	0.34270	1	0.49189	0.25375	1	0.46252	0.53527	11.92342	1.04241	1	0.72689	0.55938	12.24818	1.04241	1	-0.00901	-0.00955	0.65663	0.00233	1	0.05897	-0.01426	0.67916	0.00397	1	1.45898	0.81042	0	
1236683	8341.91016	3304218698196	0.49317	0.23952	8341.53516	0.37500	10914	1	0.50040	0.17262	1	0.48366	0.35562	1	0.49203	0.26412	1	0.46257	0.53534	11.64719	1.03439	1	0.72698	0.55975	12.17726	1.02673	1	-0.00901	-0.00955	0.65663	0.00229	1	0.05710	-0.01380	0.65707	0.00390	1	1.45898	0.81042	0	
1236684	8341.91699	3304218763102	0.49325	0.24000	8341.53516	0.38184	10914	1	0.51178	0.18442	1	0.48002	0.40081	1	0.49590	0.29261	1	0.46274	0.53537	11.28135	1.02673	1	0.72693	0.55978	12.34244	1.01907	1	-0.00901	-0.00955	0.65663	0.00235	1	0.05710	-0.01380	0.65707	0.00403	1	1.45898	0.81042	0	
1236685	8341.92383	3304218831604	0.49288	0.24044	8341.53516	0.38867	10914	1	0.48148	0.19079	1	0.46388	0.39067	1	0.47268	0.29073	1	0.46259	0.53535	11.60868	1.01907	1	0.72663	0.55951	12.60722	1.01141	1	-0.00901	-0.00955	0.65663	0.00231	1	0.05710	-0.01380	0.65707	0.00382	1	1.45898	0.81042	0	
1236686	8341.93066	3304218898941	0.49252	0.24109	8341.53516	0.39551	10914	1	0.48258	0.19825	1	0.46367	0.39680	1	0.47312	0.29753	1	0.46265	0.53514	11.74409	1.01141	1	0.72681	0.55941	12.32601	1.00375	1	-0.00901	-0.00955	0.65663	0.00229	1	0.05710	-0.01380	0.65707	0.00385	1	1.45898	0.81042	0	
1236687	8341.93750	3304218965667	0.49223	0.24144	8341.53516	0.40234	10914	1	0.48472	0.15457	1	0.47771	0.42266	1	0.48121	0.28861	1	0.46277	0.53513	11.74450	1.00375	1	0.72694	0.55987	12.42004	1.00375	1	-0.00901	-0.00955	0.65663	0.00237	1	0.05710	-0.01380	0.65707	0.00379	1	1.45898	0.81042	0	
1236688	8341.94336	3304219033264	0.49200	0.24175	8341.53516	0.40820	10914	1	0.49896	0.16559	1	0.46515	0.35845	1	0.48206	0.26202	1	0.46274	0.53529	11.21521	1.00375	1	0.72669	0.55912	11.91785	1.00375	1	-0.00901	-0.00955	0.65663	0.00232	1	0.05710	-0.01380	0.65707	0.00391	1	1.45898	0.81042	0	
1236689	8341.95020	3304219099950	0.49178	0.24221	8341.53516	0.41504	10914	1	0.49896	0.16559	1	0.46515	0.35845	1	0.48206	0.26202	1	0.46282	0.53525	11.52276	1.00375	1	0.72689	0.55986	11.91194	1.00375	1	-0.00901	-0.00955	0.65663	0.00234	1	0.05738	-0.01392	0.66033	0.00385	1	1.45898	0.81042	0	
1236690	8341.95703	3304219165539	0.49156	0.24425	8341.53516	0.42188	10914	1	0.49153	0.15754	1	0.46007	0.43683	1	0.47580	0.29718	1	0.46271	0.53532	11.74282	1.00375	1	0.72662	0.55984	12.30965	1.00375	1	-0.00901	-0.00955	0.65663	0.00230	1	0.05738	-0.01392	0.66033	0.00385	1	1.45898	0.81042	0	
1236691	8341.96387	3304219233966	0.49153	0.24579	8341.53516	0.42871	10914	1	0.50937	0.15813	1	0.46676	0.38773	1	0.48807	0.27293	1	0.46298	0.53528	11.53205	1.00375	1	0.72666	0.55964	11.71568	1.00375	1	-0.00901	-0.00955	0.65663	0.00237	1	0.05738	-0.01392	0.66033	0.00389	1	1.45898	0.81042	0	
1236692	8341.97070	3304219300879	0.48393	0.27263	8341.53516	0.42871	10914	0	0.50839	0.14996	1	0.46701	0.38124	1	0.48770	0.26560	1	0.46286	0.53534	11.30675	1.01177	1	0.72642	0.55986	12.30128	1.01177	1	-0.00938	-0.01000	0.68746	0.00232	1	0.05738	-0.01392	0.66033	0.00387	1	1.45898	0.81042	0	
1236693	8341.97754	3304219366840	0.48655	0.28317	8341.53516	0.42871	10914	0	0.50767	0.19273	1	0.47067	0.39468	1	0.48917	0.29370	1	0.46299	0.53538	11.19665	1.01979	1	0.72672	0.55977	12.11330	1.01979	1	-0.00938	-0.01000	0.68746	0.00234	1	0.05738	-0.01392	0.66033	0.00380	1	1.45898	0.81042	0	
1236694	8341.98438	3304219434985	0.48606	0.28276	8341.53516	0.42871	10914	0	0.49551	0.14206	1	0.47463	0.42184	1	0.48507	0.28195	1	0.46297	0.53525	11.51079	1.02780	1	0.72682	0.55999	12.01148	1.02780	1	-0.00938	-0.01000	0.68746	0.00231	1	0.05738	-0.01392	0.66033	0.00379	1	1.45898	0.81042	0	
1236695	8341.99023	3304219501460	0.48572	0.28078	8341.97070	0.01953	10915	1	0.49446	0.13394	1	0.47493	0.41576	1	0.48470	0.27485	1	0.46299	0.53525	11.48526	1.03582	1	0.72686	0.55982	12.89707	1.03582	1	-0.00938	-0.01000	0.68746	0.00232	1	0.05788	-0.01396	0.66488	0.00387	1	1.45898	0.81042	0	
1236696	8341.99707	3304219568787	0.48179	0.28100	8341.97070	0.02637	10915	1	0.49124	0.14894	1	0.44089	0.41478	1	0.46607	0.28186	1	0.46285	0.53521	11.48156	1.03582	1	0.72663	0.56000	12.80289	1.03582	1	-0.00938	-0.01000	0.68746	0.00233	1	0.05788	-0.01396	0.66488	0.00395	1	1.45898	0.81042	0	
1236697	8342.00391	3304219635799	0.47849	0.28105	8341.97070	0.03320	10915	1	0.49278	0.16948	1	0.43130	0.39314	1	0.46204	0.28131	1	0.46288	0.53521	11.27065	1.03582	1	0.72652	0.55991	12.25245	1.03582	1	-0.00938	-0.01000	0.68746	0.00232	1	0.05788	-0.01396	0.66488	0.00397	1	1.45898	0.81042	0	
1236698	8342.01074	3304219702821	0.47614	0.28109	8341.97070	0.04004	10915	1	0.49278	0.16948	1	0.43130	0.39314	1	0.46204	0.28131	1	0.46291	0.53525	11.27787	1.03582	1	0.72678	0.56012	12.64634	1.03582	1	-0.00938	-0.01000	0.68746	0.00238	1	0.05677	-0.01374	0.65218	0.00382	1	1.45898	0.81042	0	
1236699	8342.01758	3304219769609	0.47410	0.28172	8341.97070	0.04688	10915	1	0.50193	0.14798	1	0.41768	0.42429	1	0.45981	0.28614	1	0.46296	0.53521	11.36208	1.03582	1	0.72629	0.56011	12.65489	1.03582	1	-0.00938	-0.01000	0.68746	0.00238	1	0.05677	-0.01374	0.65218	0.00400	1	1.45898	0.81042	0	
1236700	8342.02441	3304219836340	0.47349	0.28324	8341.97070	0.05371	10915	1	0.49759	0.17133	1	0.43958	0.41950	1	0.46858	0.29541	1	0.46287	0.53526	11.18814	1.03582	1	0.72665	0.56008	11.99032	1.03582	1	-0.00938	-0.01000	0.68746	0.00232	1	0.05677	-0.01374	0.65218	0.00396	1	1.45898	0.81042	0	
1236701	8342.03125	3304219903710	0.47010	0.29629	8341.97070	0.06055	10915	1	0.49759	0.17133	0	0.43961	0.41373	1	0.43961	0.41373	1	0.46287	0.53526	11.18814	1.03582	0	0.46288	0.53520	11.46906	1.04348	1	-0.00938	-0.01000	0.68746	0.00232	1	-0.00938	-0.01000	0.68746	0.00231	1	1.45898	0.81042	0	
1236702	8342.03711	3304219969961	0.46206	0.27761	8341.97070	0.06641	10915	1	0.49759	0.17133	0	0.38166	0.09079	1	0.38166	0.09079	1	0.46287	0.53526	11.18814	1.04348	0	0.46288	0.53529	11.37862	1.05114	1	-0.00938	-0.01000	0.68746	0.00232	1	-0.00938	-0.01000	0.68746	0.00235	1	1.45898	0.81042	0	
1236703	8342.04395	3304220035430	0.45593	0.26150	8341.97070	0.07324	10915	1	0.49759	0.17133	0	0.38848	0.08428	1	0.38848	0.08428	1	0.46287	0.53526	11.18814	1.05114	0	0.46301	0.53526	11.63389	1.05880	1	-0.00938	-0.01000	0.68746	0.00232	1	-0.00938	-0.01000	0.68746	0.00235	1	1.45898	0.81042	0	
1236704	8342.05078	3304220101781	0.45072	0.24725	8341.97070	0.08008	10915	1	0.49759	0.17133	0	0.38817	0.07627	1	0.38817	0.07627	1	0.46287	0.53526	11.18814	1.05880	0	0.46288	0.53517	11.45382	1.06646	1	-0.00938	-0.01000	0.68746	0.00232	1	-0.00919	-0.00974	0.67306	0.00234	1	1.45898	0.81042	0	
1236705	8342.05762	3304220169004	0.44556	0.23440	8341.97070	0.08691	10915	1	0.49759	0.17133	0	0.37848	0.06732	1	0.37848	0.06732	1	0.46287	0.53526	11.18814	1.06646	0	0.46297	0.53506	11.49058	1.06646	1	-0.00938	-0.01000	0.68746	0.00232	1	-0.00919	-0.00974	0.67306	0.00226	1	1.45898	0.81042	0	
1236706	8342.06348	3304220233920	0.44123	0.22240	8341.97070	0.09277	10915	1	0.49759	0.17133	0	0.38058	0.05439	1	0.38058	0.05439	1	0.46287	0.53526	11.18814	1.06646	0	0.46303	0.53503	11.32656	1.06646	1	-0.00938	-0.01000	0.68746	0.00232	1	-0.00919	-0.00974	0.67306	0.00229	1	1.45898	0.81042	0	
1236707	8342.07129	3304220303227	0.42134	0.18893	8341.97070	0.09277	10915	0	0.49759	0.17133	0	0.38058	0.05439	1	0.38058	0.05439	1	0.46287	0.53526	11.18814	1.06646	0	0.46292	0.53511	11.56048	1.06646	1	-0.00938	-0.01000	0.68746	0.00232	1	-0.00935	-0.00986	0.68490	0.00231	1	1.45898	0.81042	0	
1236708	8342.07715	3304220368391	0.40018	0.12746	8341.97070	0.09277	10915	0	0.49759	0.17133	0	0.37901	0.06599	1	0.37901	0.06599	1	0.46287	0.53526	11.18814	1.06646	0	0.46305	0.53505	11.26314	1.06646	1	-0.00938	-0.01000	0.68746	0.00232	1	-0.00935	-0.00986	0.68490	0.00242	1	1.45898	0.81042	0	
1236709	8342.08398	3304220432726	0.39074	0.10634	8341.97070	0.09277	10915	0	0.49759	0.17133	0	0.37185	0.06409	1	0.37185	0.06409	1	0.46287	0.53526	11.18814	1.06646	0	0.46284	0.53509	11.77544	1.06646	1	-0.00938	-0.01000	0.68746	0.00232	1	-0.00935	-0.00986	0.68490	0.00233	1	1.45898	0.81042	0	
1236710	8342.09082	3304220503124	0.37424	0.06472	8341.97070	0.09277	10915	0	0.49759	0.17133	0	0.37185	0.06409	1	0.37185	0.06409	1	0.46287	0.53526	11.18814	1.06646	0	0.46294	0.53501	11.65489	1.06646	1	-0.00938	-0.01000	0.68746	0.00232	1	-0.00919	-0.00974	0.67306	0.00233	1	1.45898	0.81042	0	
1236711	8342.09766	3304220571328	0.42758	0.15296	8341.97070	0.09277	10915	0	0.49440	0.11607	1	0.46743	0.36632	1	0.48091	0.24120	1	0.46291	0.53506	11.57718	1.06646	1	0.72712	0.55974	12.73989	1.06646	1	-0.00938	-0.01000	0.68746	0.00231	1	-0.00919	-0.00974	0.67306	0.00387	1	1.45898	0.81042	0	
1236712	8342.10449	3304220637659	0.45201	0.18181	8341.97070	0.09277	10915	0	0.49274	0.11168	1	0.50899	0.36733	1	0.50086	0.23951	1	0.46296	0.53492	11.31462	1.06646	1	0.72740	0.55977	12.55675	1.06646	1	-0.00938	-0.01000	0.68746	0.00229	1	-0.00919	-0.00974	0.67306	0.00387	1	1.45898	0.81042	0	
1236713	8342.11133	3304220707674	0.49413	0.24107	8341.97070	0.09277	10915	0	0.49274	0.11168	1	0.50847	0.37334	1	0.50061	0.24251	1	0.46284	0.53493	11.17546	1.06646	1	0.72682	0.55999	12.31464	1.05880	1	-0.00919	-0.00974	0.67306	0.00234	1	0.05788	-0.01396	0.66488	0.00387	1	1.45898	0.81042	0	
1236714	8342.11816	3304220774482	0.48951	0.24503	8341.97070	0.09277	10915	0	0.48191	0.11841	1	0.48788	0.37956	1	0.48490	0.24899	1	0.46286	0.53496	11.30819	1.05880	1	0.72701	0.55988	12.46791	1.05114	1	-0.00919	-0.00974	0.67306	0.00231	1	0.05788	-0.01396	0.66488	0.00380	1	1.45898	0.81042	0	
1236715	8342.12500	3304220841460	0.49000	0.25289	8341.97070	0.09277	10915	0	0.49092	0.12622	1	0.49105	0.41101	1	0.49098	0.26862	1	0.46288	0.53504	11.62739	1.05114	1	0.72712	0.56005	11.80273	1.04348	1	-0.00919	-0.00974	0.67306	0.00233	1	0.05788	-0.01396	0.66488	0.00380	1	1.45898	0.81042	0	
1236716	8342.13086	3304220908438	0.49040	0.26028	8342.11133	0.01953	10916	1	0.49298	0.14197	1	0.49022	0.42291	1	0.49160	0.28244	1	0.46279	0.53507	11.75855	1.03546	1	0.72703	0.55983	12.24258	1.02780	1	-0.00901	-0.00950	0.65663	0.00236	1	0.05710	-0.01380	0.65707	0.00382	1	1.45898	0.81042	0	
1236717	8342.13770	3304220972830	0.49220	0.26034	8342.11133	0.02637	10916	1	0.51092	0.15220	1	0.48784	0.36894	1	0.49938	0.26057	1	0.46274	0.53487	11.12595	1.01979	1	0.72708	0.55934	11.83705	1.01979	1	-0.00901	-0.00950	0.65663	0.00231	1	0.05710	-0.01380	0.65707	0.00390	1	1.45898	0.81042	0	
1236718	8342.14453	3304221042537	0.49409	0.26503	8342.11133	0.03320	10916	1	0.51865	0.18053	1	0.48850	0.39648	1	0.50357	0.28851	1	0.46288	0.53505	11.66438	1.01177	1	0.72707	0.55953	12.02131	1.01177	1	-0.00901	-0.00950	0.65663	0.00232	1	0.05710	-0.01380	0.65707	0.00379	1	1.45898	0.81042	0	
1236719	8342.15137	3304221110243	0.49545	0.26839	8342.11133	0.04004	10916	1	0.51865	0.18053	1	0.48850	0.39648	1	0.50357	0.28851	1	0.46273	0.53510	11.77291	1.01177	1	0.72678	0.55911	12.40723	1.01177	1	-0.00946	-0.00987	0.68562	0.00237	1	0.05738	-0.01382	0.66033	0.00392	1	1.45898	0.81042	0	
1236720	8342.15820	3304221176144	0.49487	0.26999	8342.11133	0.04688	10916	1	0.50623	0.15167	1	0.47547	0.41071	1	0.49085	0.28119	1	0.46262	0.53500	11.43149	1.01979	1	0.72681	0.55937	12.70545	1.01979	1	-0.00946	-0.00987	0.68562	0.00243	1	0.05738	-0.01382	0.66033	0.00388	1	1.45898	0.81042	0	
1236721	8342.16504	3304221243934	0.49420	0.26996	8342.11133	0.05371	10916	1	0.50357	0.15342	1	0.47410	0.38610	1	0.48884	0.26976	1	0.46274	0.53501	11.62041	1.02780	1	0.72682	0.55917	12.03772	1.02780	1	-0.00946	-0.00987	0.68562	0.00234	1	0.05738	-0.01382	0.66033	0.00384	1	1.45898	0.81042	0	
1236722	8342.17090	3304221308836	0.49368	0.26964	8342.11133	0.05957	10916	1	0.50357	0.15342	1	0.47439	0.38003	1	0.48898	0.26672	1	0.46242	0.53492	11.70660	1.02780	1	0.72682	0.55884	11.95223	1.03546	1	-0.00926	-0.00966	0.66722	0.00230	1	0.05875	-0.01416	0.67663	0.00410	1	1.45898	0.81042	0	
1236723	8342.17773	3304221377097	0.49359	0.26465	8342.11133	0.06641	10916	1	0.51123	0.14125	1	0.47404	0.28822	1	0.49264	0.21474	1	0.46240	0.53489	11.49391	1.02744	1	0.72677	0.55817	11.91079	1.03510	1	-0.00926	-0.00966	0.66722	0.00236	1	0.05875	-0.01416	0.67663	0.00419	1	1.45898	0.81042	0	
1236724	8342.18457	3304221444287	0.49371	0.26138	8342.11133	0.07324	10916	1	0.51290	0.14023	1	0.47719	0.31081	1	0.49505	0.22552	1	0.46238	0.53482	11.51784	1.02709	1	0.72684	0.55805	11.69298	1.03475	1	-0.00926	-0.00966	0.66722	0.00231	1	0.05875	-0.01416	0.67663	0.00420	1	1.45898	0.81042	0	
1236725	8342.19141	3304221511273	0.49379	0.25807	8342.11133	0.08008	10916	1	0.51201	0.13247	1	0.47750	0.30421	1	0.49475	0.21834	1	0.46236	0.53478	11.42777	1.03475	1	0.72686	0.55795	11.57366	1.04241	1	-0.00950	-0.00981	0.68103	0.00231	1	0.05897	-0.01416	0.67916	0.00429	1	1.45898	0.81042	0	
1236726	8342.19824	3304221578365	0.49361	0.25338	8342.11133	0.08691	10916	1	0.50247	0.12583	1	0.48020	0.25886	1	0.49134	0.19235	1	0.46245	0.53494	11.57129	1.05042	1	0.72687	0.55757	11.75107	1.05042	1	-0.00950	-0.00981	0.68103	0.00238	1	0.05897	-0.01416	0.67916	0.00417	1	1.45898	0.81042	0	
1236727	8342.20508	3304221645197	0.49382	0.24936	8342.11133	0.09375	10916	1	0.50937	0.10811	1	0.48407	0.27794	1	0.49672	0.19302	1	0.46238	0.53481	11.51502	1.05844	1	0.72686	0.55788	11.78457	1.05844	1	-0.00950	-0.00981	0.68103	0.00231	1	0.05897	-0.01416	0.67916	0.00401	1	1.45898	0.81042	0	
1236728	8342.21191	3304221712333	0.49398	0.24536	8342.11133	0.10059	10916	1	0.50844	0.09998	1	0.48443	0.27094	1	0.49644	0.18546	1	0.46238	0.53481	11.51502	1.06646	1	0.72679	0.55798	11.93388	1.06646	1	-0.00950	-0.00981	0.68103	0.00231	1	0.05897	-0.01416	0.67916	0.00397	1	1.45898	0.81042	0	
1236729	8342.21875	3304221779435	0.49388	0.24198	8342.11133	0.10742	10916	1	0.50832	0.10032	1	0.47617	0.27542	1	0.49225	0.18787	1	0.46238	0.53482	11.51784	1.06646	1	0.72679	0.55798	11.93388	1.06646	1	-0.00950	-0.00981	0.68103	0.00231	1	0.05897	-0.01416	0.67916	0.00397	1	1.45898	0.81042	0	
1236730	8342.22559	3304221846188	0.49399	0.23849	8342.11133	0.11426	10916	1	0.50681	0.09595	1	0.48494	0.26238	1	0.49587	0.17916	1	0.46235	0.53481	11.55462	1.06646	1	0.72691	0.55786	11.92611	1.06646	1	-0.00950	-0.00981	0.68103	0.00229	1	0.05897	-0.01416	0.67916	0.00411	1	1.45898	0.81042	0	
1236731	8342.23145	3304221913365	0.49409	0.23537	8342.11133	0.12012	10916	1	0.50681	0.09595	1	0.48494	0.26238	1	0.49587	0.17916	1	0.46245	0.53477	11.75603	1.06646	1	0.72681	0.55765	11.92152	1.06646	1	-0.00950	-0.00981	0.68103	0.00226	1	0.05897	-0.01416	0.67916	0.00411	1	1.45898	0.81042	0	
1236732	8342.23828	3304221980219	0.48526	0.19859	8342.11133	0.12012	10916	0	0.50681	0.09595	0	0.39439	0.07101	1	0.39439	0.07101	1	0.46245	0.53477	11.75603	1.06646	0	0.46242	0.53471	11.43291	1.06646	1	-0.00950	-0.00981	0.68103	0.00226	1	0.05897	-0.01416	0.67916	0.00236	1	1.45898	0.81042	0	
1236733	8342.24512	3304222047033	0.44334	0.12756	8342.11133	0.12012	10916	0	0.50681	0.09595	0	0.40143	0.05653	1	0.40143	0.05653	1	0.46245	0.53477	11.75603	1.06646	0	0.46249	0.53478	11.74130	1.06646	1	-0.00950	-0.00981	0.68103	0.00226	1	0.05897	-0.01416	0.67916	0.00228	1	1.45898	0.81042	0	
1236734	8342.25195	3304222109908	0.42937	0.10388	8342.11133	0.12012	10916	0	0.50681	0.09595	0	0.40143	0.05653	1	0.40143	0.05653	1	0.46245	0.53477	11.75603	1.06646	0	0.46249	0.53478	11.74130	1.06646	1	-0.00950	-0.00981	0.68103	0.00226	1	-0.00954	-0.00990	0.69111	0.00228	1	1.45898	0.81042	0	
1236735	8342.25879	3304222180596	0.39230	0.05171	8342.11133	0.12012	10916	0	0.50681	0.09595	0	0.37405	0.04208	1	0.37405	0.04208	1	0.46245	0.53477	11.75603	1.06646	0	0.46247	0.53495	11.24119	1.06646	1	-0.00950	-0.00981	0.68103	0.00226	1	-0.00954	-0.00990	0.69111	0.00239	1	1.45898	0.81042	0	
1236736	8342.26562	3304222247823	0.38657	0.04924	8342.11133	0.12012	10916	0	0.50681	0.09595	0	0.38083	0.04677	1	0.38083	0.04677	1	0.46245	0.53477	11.75603	1.06646	0	0.46249	0.53475	11.52738	1.06646	1	-0.00950	-0.00981	0.68103	0.00226	1	-0.00954	-0.00990	0.69111	0.00228	1	1.45898	0.81042	0	
1236737	8342.27246	3304222315503	0.38465	0.04842	8342.11133	0.12012	10916	0	0.50681	0.09595	0	0.38083	0.04677	1	0.38083	0.04677	1	0.46245	0.53477	11.75603	1.06646	0	0.46260	0.53484	11.44970	1.06646	1	-0.00950	-0.00981	0.68103	0.00226	1	-0.00946	-0.00987	0.68562	0.00246	1	1.45898	0.81042	0	
1236738	8342.27832	3304222381211	0.38673	0.04352	8342.25879	0.01953	10917	1	0.50681	0.09595	0	0.39294	0.02882	1	0.39294	0.02882	1	0.46245	0.53477	11.75603	1.06646	0	0.46274	0.53470	11.59294	1.06646	1	-0.00950	-0.00981	0.68103	0.00226	1	-0.00946	-0.00987	0.68562	0.00233	1	1.45898	0.81042	0	
1236739	8342.28516	3304222448837	0.38602	0.04355	8342.25879	0.02637	10917	1	0.50681	0.09595	0	0.38322	0.04367	1	0.38322	0.04367	1	0.46245	0.53477	11.75603	1.06646	0	0.46279	0.53476	11.16302	1.06646	1	-0.00950	-0.00981	0.68103	0.00226	1	-0.00946	-0.00987	0.68562	0.00238	1	1.45898	0.81042	0	
1236740	8342.29199	3304222515948	0.38561	0.04494	8342.25879	0.03320	10917	1	0.50681	0.09595	0	0.38356	0.05190	1	0.38356	0.05190	1	0.46245	0.53477	11.75603	1.06646	0	0.46278	0.53479	11.02287	1.05880	1	-0.00950	-0.00981	0.68103	0.00226	1	-0.00901	-0.00946	0.65663	0.00230	1	1.45898	0.81042	0	
1236741	8342.29883	3304222582642	0.38350	0.04691	8342.25879	0.04004	10917	1	0.50681	0.09595	0	0.37080	0.05874	1	0.37080	0.05874	1	0.46245	0.53477	11.75603	1.05880	0	0.46270	0.53476	10.96662	1.05114	1	-0.00950	-0.00981	0.68103	0.00226	1	-0.00901	-0.00946	0.65663	0.00237	1	1.45898	0.81042	0	
1236742	8342.30566	3304222649852	0.39685	0.06864	8342.25879	0.04688	10917	1	0.48826	0.11782	1	0.49240	0.32359	1	0.49033	0.22071	1	0.46285	0.53492	11.41137	1.05114	1	0.72706	0.55815	12.39843	1.04348	1	-0.00950	-0.00981	0.68103	0.00230	1	-0.00901	-0.00946	0.65663	0.00411	1	1.45898	0.81042	0	
1236743	8342.31250	3304222715563	0.40731	0.08715	8342.25879	0.05371	10917	1	0.49035	0.13370	1	0.49156	0.33680	1	0.49096	0.23525	1	0.46281	0.53492	11.37149	1.03546	1	0.72755	0.55851	11.83971	1.02780	1	-0.00901	-0.00946	0.65663	0.00231	1	0.05788	-0.01386	0.66487	0.00386	1	1.45898	0.81042	0	
1236744	8342.31934	3304222784053	0.41722	0.10524	8342.25879	0.06055	10917	1	0.49814	0.15189	1	0.51476	0.38428	1	0.50645	0.26808	1	0.46289	0.53486	11.25303	1.01979	1	0.72748	0.55903	12.17868	1.01979	1	-0.00901	-0.00946	0.65663	0.00236	1	0.05788	-0.01386	0.66487	0.00401	1	1.45898	0.81042	0	
1236745	8342.32520	3304222850787	0.42380	0.12000	8342.25879	0.06641	10917	1	0.49325	0.14513	1	0.48591	0.39000	1	0.48958	0.26756	1	0.46281	0.53471	11.88494	1.01177	1	0.72746	0.55855	11.88722	1.01177	1	-0.00901	-0.00946	0.65663	0.00229	1	0.05788	-0.01386	0.66487	0.00391	1	1.45898	0.81042	0	
1236746	8342.33203	3304222918690	0.42930	0.13204	8342.25879	0.07324	10917	1	0.49325	0.14513	1	0.48629	0.38385	1	0.48977	0.26449	1	0.46291	0.53481	11.53567	1.01177	1	0.72751	0.55811	11.75577	1.01943	1	-0.00935	-0.00986	0.68490	0.00229	1	0.05928	-0.01419	0.68035	0.00413	1	1.45898	0.81042	0	
1236747	8342.33887	3304222986015	0.43489	0.14344	8342.25879	0.08008	10917	1	0.50148	0.12775	1	0.50253	0.43278	1	0.50200	0.28027	1	0.46299	0.53476	11.39368	1.02744	1	0.72768	0.55923	12.00511	1.03510	1	-0.00935	-0.00986	0.68490	0.00234	1	0.05928	-0.01419	0.68035	0.00415	1	1.45898	0.81042	0	
1236748	8342.34570	3304223052049	0.43161	0.13880	8342.25879	0.08691	10917	1	0.50148	0.12775	0	0.38894	0.07841	1	0.38894	0.07841	1	0.46299	0.53476	11.39368	1.04312	0	0.46299	0.53501	11.70686	1.05078	1	-0.00935	-0.00986	0.68490	0.00234	1	0.05928	-0.01419	0.68035	0.00232	1	1.45898	0.81042	0	
1236749	8342.35254	3304223119081	0.42872	0.13366	8342.25879	0.09375	10917	1	0.50148	0.12775	0	0.38830	0.06181	1	0.38830	0.06181	1	0.46299	0.53476	11.39368	1.05880	0	0.46306	0.53497	11.71160	1.06646	1	-0.00935	-0.00986	0.68490	0.00234	1	-0.00935	-0.00986	0.68490	0.00238	1	1.45898	0.81042	0	
1236750	8342.35938	3304223186046	0.43933	0.15622	8342.25879	0.09375	10917	0	0.50148	0.12775	0	0.38808	0.04379	1	0.38808	0.04379	1	0.46299	0.53476	11.39368	1.06646	0	0.46303	0.53492	11.69336	1.06646	1	-0.00935	-0.00986	0.68490	0.00234	1	-0.00935	-0.00986	0.68490	0.00237	1	1.45898	0.81042	0	
1236751	8342.36621	3304223252532	0.41356	0.10769	8342.25879	0.09375	10917	0	0.50148	0.12775	0	0.38780	0.05916	1	0.38780	0.05916	1	0.46299	0.53476	11.39368	1.06646	0	0.46319	0.53495	11.70053	1.06646	1	-0.00935	-0.00986	0.68490	0.00234	1	-0.00935	-0.00986	0.68490	0.00229	1	1.45898	0.81042	0	
1236752	8342.37207	3304223320020	0.40497	0.09152	8342.25879	0.09375	10917	0	0.50148	0.12775	0	0.38780	0.05916	1	0.38780	0.05916	1	0.46299	0.53476	11.39368	1.06646	0	0.46326	0.53509	11.64341	1.06646	1	-0.00935	-0.00986	0.68490	0.00234	1	-0.00919	-0.00974	0.67306	0.00229	1	1.45898	0.81042	0	
1236753	8342.37891	3304223385290	0.38698	0.05858	8342.25879	0.09375	10917	0	0.50148	0.12775	0	0.38535	0.05741	1	0.38535	0.05741	1	0.46299	0.53476	11.39368	1.06646	0	0.46321	0.53505	11.52914	1.06646	1	-0.00935	-0.00986	0.68490	0.00234	1	-0.00919	-0.00974	0.67306	0.00228	1	1.45898	0.81042	0	
1236754	8342.38574	3304223453430	0.37674	0.05300	8342.25879	0.09375	10917	0	0.50148	0.12775	0	0.36650	0.04743	1	0.36650	0.04743	1	0.46299	0.53476	11.39368	1.06646	0	0.46319	0.53500	11.41177	1.06646	1	-0.00935	-0.00986	0.68490	0.00234	1	-0.00919	-0.00974	0.67306	0.00233	1	1.45898	0.81042	0	
1236755	8342.39258	3304223520757	0.37333	0.05115	8342.25879	0.09375	10917	0	0.50148	0.12775	0	0.36650	0.04743	1	0.36650	0.04743	1	0.46299	0.53476	11.39368	1.06646	0	0.46343	0.53505	11.59955	1.06646	1	-0.00935	-0.00986	0.68490	0.00234	1	-0.00937	-0.01005	0.69437	0.00239	1	1.45898	0.81042	0	
1236756	8342.39941	3304223588225	0.37814	0.05373	8342.37891	0.02051	10918	1	0.50148	0.12775	0	0.39259	0.06148	1	0.39259	0.06148	1	0.46299	0.53476	11.39368	1.06646	0	0.46353	0.53514	11.75898	1.06646	1	-0.00935	-0.00986	0.68490	0.00234	1	-0.00937	-0.01005	0.69437	0.00236	1	1.45898	0.81042	0	
1236757	8342.40625	3304223654308	0.37361	0.05427	8342.37891	0.02734	10918	1	0.50148	0.12775	0	0.35549	0.05643	1	0.35549	0.05643	1	0.46299	0.53476	11.39368	1.06646	0	0.46339	0.53507	11.28424	1.06646	1	-0.00935	-0.00986	0.68490	0.00234	1	-0.00937	-0.01005	0.69437	0.00232	1	1.45898	0.81042	0	
1236758	8342.41309	3304223721990	0.38252	0.05931	8342.37891	0.03418	10918	1	0.49759	0.09594	1	0.35658	0.07305	1	0.42708	0.08450	1	0.46357	0.53505	11.29818	1.05844	1	0.72807	0.55992	12.91436	1.05078	1	-0.00892	-0.00967	0.66464	0.00233	1	0.05760	-0.01385	0.65943	0.00381	1	1.45898	0.81042	0	
1236759	8342.41895	3304223789140	0.39687	0.09030	8342.37891	0.04004	10918	1	0.49525	0.14575	1	0.47063	0.40675	1	0.48294	0.27625	1	0.46361	0.53515	11.72604	1.04276	1	0.72797	0.55983	12.70642	1.03510	1	-0.00892	-0.00967	0.66464	0.00232	1	0.05760	-0.01385	0.65943	0.00389	1	1.45898	0.81042	0	
1236760	8342.42578	3304223855126	0.40635	0.11407	8342.37891	0.04688	10918	1	0.49183	0.16722	1	0.45353	0.39375	1	0.47268	0.28048	1	0.46358	0.53503	11.50601	1.02709	1	0.72768	0.55964	12.58395	1.01943	1	-0.00892	-0.00967	0.66464	0.00229	1	0.05760	-0.01385	0.65943	0.00390	1	1.45898	0.81042	0	
1236761	8342.43262	3304223920972	0.41377	0.13298	8342.37891	0.05371	10918	1	0.49285	0.17479	1	0.45353	0.39375	1	0.47319	0.28427	1	0.46375	0.53511	11.51558	1.01943	1	0.72810	0.55949	12.24216	1.01943	1	-0.00905	-0.00987	0.67831	0.00237	1	0.06000	-0.01446	0.68622	0.00389	1	1.45898	0.81042	0	
1236762	8342.43945	3304223989426	0.42016	0.14463	8342.37891	0.06055	10918	1	0.49740	0.17285	1	0.45783	0.32597	1	0.47762	0.24941	1	0.46364	0.53516	11.74764	1.02744	1	0.72806	0.55903	12.24326	1.03510	1	-0.00905	-0.00987	0.67831	0.00230	1	0.06000	-0.01446	0.68622	0.00417	1	1.45898	0.81042	0	
1236763	8342.44629	3304224056574	0.42641	0.14826	8342.37891	0.06738	10918	1	0.50325	0.15113	1	0.47466	0.21803	1	0.48896	0.18458	1	0.46381	0.53507	11.73782	1.04312	1	0.72825	0.55791	12.04126	1.05078	1	-0.00905	-0.00987	0.67831	0.00238	1	0.06000	-0.01446	0.68622	0.00434	1	1.45898	0.81042	0	
1236764	8342.45312	3304224124536	0.43160	0.15067	8342.37891	0.07422	10918	1	0.50231	0.14356	1	0.47494	0.21086	1	0.48863	0.17721	1	0.46400	0.53510	11.64674	1.05078	1	0.72835	0.55896	11.98310	1.05844	1	-0.00914	-0.01002	0.68862	0.00237	1	0.06000	-0.01446	0.68622	0.00402	1	1.45898	0.81042	0	
1236765	8342.45898	3304224188334	0.43583	0.15487	8342.37891	0.08008	10918	1	0.49657	0.14243	1	0.47661	0.26798	1	0.48659	0.20520	1	0.46411	0.53511	11.56759	1.05042	1	0.72836	0.55861	11.82656	1.05042	1	-0.00914	-0.01002	0.68862	0.00234	1	0.06000	-0.01446	0.68622	0.00425	1	1.45898	0.81042	0	
1236766	8342.46582	3304224252938	0.43921	0.16095	8342.37891	0.08691	10918	1	0.49193	0.14558	1	0.47438	0.33458	1	0.48316	0.24008	1	0.46412	0.53508	11.65646	1.04241	1	0.72834	0.55919	11.93049	1.04241	1	-0.00914	-0.01002	0.68862	0.00233	1	0.06000	-0.01446	0.68622	0.00402	1	1.45898	0.81042	0	
1236767	8342.47266	3304224319890	0.45935	0.19611	8342.37891	0.08691	10918	0	0.49298	0.15355	1	0.47355	0.35327	1	0.48327	0.25341	1	0.46420	0.53506	11.68170	1.03439	1	0.72833	0.55885	12.08905	1.01992	1	-0.00875	-0.00965	0.66685	0.00238	1	0.05626	-0.01359	0.64243	0.00417	1	1.45898	0.81042	0	
1236768	8342.47949	3304224390266	0.46591	0.23906	8342.37891	0.08691	10918	0	0.48249	0.17299	1	0.46247	0.39103	1	0.47248	0.28201	1	0.46417	0.53515	11.79137	1.01992	1	0.72822	0.55948	12.07991	1.00545	1	-0.00875	-0.00965	0.66685	0.00239	1	0.05626	-0.01359	0.64243	0.00405	1	1.45898	0.81042	0	
1236769	8342.48633	3304224457481	0.47069	0.24872	8342.37891	0.08691	10918	0	0.48787	0.17637	1	0.47262	0.35975	1	0.48025	0.26806	1	0.46421	0.53507	11.68116	1.00545	1	0.72837	0.55912	11.75177	0.99099	1	-0.00875	-0.00965	0.66685	0.00238	1	0.05626	-0.01359	0.64243	0.00413	1	1.45898	0.81042	0	
1236770	8342.49316	3304224524816	0.47330	0.25618	8342.47266	0.02051	10919	1	0.48990	0.19085	1	0.47234	0.36625	1	0.48112	0.27855	1	0.46434	0.53515	11.79983	0.99099	1	0.72913	0.55845	11.89950	0.98333	1	-0.00860	-0.00954	0.65576	0.00234	1	0.05739	-0.01385	0.65478	0.00430	1	1.45898	0.81042	0	
1236771	8342.50000	3304224590372	0.48014	0.25822	8342.47266	0.02734	10919	1	0.49354	0.20931	1	0.52152	0.32342	1	0.50753	0.26637	1	0.46430	0.53514	11.77044	0.98333	1	0.72915	0.55839	11.91541	0.99014	1	-0.00860	-0.00954	0.65576	0.00233	1	0.05739	-0.01385	0.65478	0.00432	1	1.45898	0.81042	0	
1236772	8342.50586	3304224656245	0.48194	0.25994	8342.47266	0.03320	10919	1	0.49827	0.20080	1	0.48357	0.33624	1	0.49092	0.26852	1	0.46444	0.53515	11.77514	0.99014	1	0.72889	0.55881	12.21893	0.99694	1	-0.00860	-0.00954	0.65576	0.00237	1	0.05739	-0.01385	0.65478	0.00440	1	1.45898	0.81042	0	
1236773	8342.51270	3304224726760	0.48316	0.25872	8342.47266	0.04004	10919	1	0.49629	0.18611	1	0.48464	0.31671	1	0.49047	0.25141	1	0.46477	0.53730	11.99450	1.00496	1	0.72919	0.55916	11.78446	1.01943	1	-0.00891	-0.00994	0.68306	0.00362	1	0.05978	-0.01441	0.68139	0.00432	1	1.45898	0.81042	0	
1236774	8342.51953	3304224793379	0.47059	0.24003	8342.47266	0.04688	10919	1	0.49629	0.18611	0	0.38262	0.10925	1	0.38262	0.10925	1	0.46477	0.53730	11.99450	1.02744	0	0.46455	0.53519	11.70514	1.03510	1	-0.00891	-0.00994	0.68306	0.00362	1	0.05978	-0.01441	0.68139	0.00240	1	1.45898	0.81042	0	
1236775	8342.52637	3304224860398	0.46136	0.22247	8342.47266	0.05371	10919	1	0.49629	0.18611	0	0.38750	0.08196	1	0.38750	0.08196	1	0.46477	0.53730	11.99450	1.04312	0	0.46455	0.53514	11.89031	1.05078	1	-0.00891	-0.00994	0.68306	0.00362	1	0.05978	-0.01441	0.68139	0.00238	1	1.45898	0.81042	0	
1236776	8342.53320	3304224927370	0.45391	0.20676	8342.47266	0.06055	10919	1	0.49629	0.18611	0	0.38685	0.06541	1	0.38685	0.06541	1	0.46477	0.53730	11.99450	1.05880	0	0.46468	0.53514	11.91776	1.06646	1	-0.00891	-0.00994	0.68306	0.00362	1	-0.00891	-0.00994	0.68306	0.00234	1	1.45898	0.81042	0	
1236777	8342.54004	3304224994328	0.44855	0.19433	8342.47266	0.06738	10919	1	0.49629	0.18611	0	0.39492	0.06998	1	0.39492	0.06998	1	0.46477	0.53730	11.99450	1.06646	0	0.46485	0.53525	11.79839	1.06646	1	-0.00891	-0.00994	0.68306	0.00362	1	-0.00891	-0.00994	0.68306	0.00240	1	1.45898	0.81042	0	
1236778	8342.54688	3304225061367	0.44689	0.20589	8342.47266	0.07422	10919	1	0.49629	0.18611	0	0.42873	0.33308	1	0.42873	0.33308	1	0.46477	0.53730	11.99450	1.06646	0	0.46550	0.53786	11.60505	1.06646	1	-0.00891	-0.00994	0.68306	0.00362	1	-0.00891	-0.00994	0.68306	0.00383	1	1.45898	0.81042	0	
1236779	8342.55371	3304225128459	0.44550	0.21615	8342.47266	0.08105	10919	1	0.49629	0.18611	0	0.42877	0.33929	1	0.42877	0.33929	1	0.46477	0.53730	11.99450	1.06646	0	0.46534	0.53790	11.65017	1.05880	1	-0.00891	-0.00994	0.68306	0.00362	1	-0.00855	-0.00959	0.65926	0.00377	1	1.45898	0.81042	0	
1236780	8342.55957	3304225195302	0.44095	0.20762	8342.47266	0.08691	10919	1	0.49629	0.18611	0	0.38181	0.09664	1	0.38181	0.09664	1	0.46477	0.53730	11.99450	1.05880	0	0.46493	0.53520	11.80273	1.05114	1	-0.00891	-0.00994	0.68306	0.00362	1	-0.00855	-0.00959	0.65926	0.00246	1	1.45898	0.81042	0	
1236781	8342.56641	3304225262461	0.43669	0.19986	8342.47266	0.09375	10919	1	0.49629	0.18611	0	0.37703	0.09131	1	0.37703	0.09131	1	0.46477	0.53730	11.99450	1.05114	0	0.46486	0.53512	11.53849	1.04348	1	-0.00891	-0.00994	0.68306	0.00362	1	-0.00855	-0.00959	0.65926	0.00248	1	1.45898	0.81042	0	
1236782	8342.57324	3304225329097	0.43296	0.19308	8342.47266	0.10059	10919	1	0.49629	0.18611	0	0.37703	0.09131	1	0.37703	0.09131	1	0.46477	0.53730	11.99450	1.04348	0	0.46493	0.53520	11.81496	1.04348	1	-0.00891	-0.00994	0.68306	0.00362	1	-0.00883	-0.00996	0.68428	0.00246	1	1.45898	0.81042	0	
1236783	8342.58008	3304225396257	0.40907	0.15755	8342.47266	0.10059	10919	0	0.49629	0.18611	0	0.38226	0.09247	1	0.38226	0.09247	1	0.46477	0.53730	11.99450	1.04348	0	0.46491	0.53524	11.75052	1.05114	1	-0.00891	-0.00994	0.68306	0.00362	1	-0.00883	-0.00996	0.68428	0.00247	1	1.45898	0.81042	0	
1236784	8342.58691	3304225463333	0.39368	0.12066	8342.47266	0.10059	10919	0	0.49629	0.18611	0	0.37828	0.08377	1	0.37828	0.08377	1	0.46477	0.53730	11.99450	1.05114	0	0.46489	0.53522	11.70043	1.05880	1	-0.00891	-0.00994	0.68306	0.00362	1	-0.00883	-0.00996	0.68428	0.00247	1	1.45898	0.81042	0	
1236785	8342.59375	3304225530199	0.38842	0.10570	8342.47266	0.10059	10919	0	0.49629	0.18611	0	0.37790	0.07577	1	0.37790	0.07577	1	0.46477	0.53730	11.99450	1.05880	0	0.46495	0.53521	11.63872	1.06646	1	-0.00891	-0.00994	0.68306	0.00362	1	-0.00883	-0.00996	0.68428	0.00237	1	1.45898	0.81042	0	
1236786	8342.60059	3304225597199	0.38696	0.15928	8342.58008	0.02051	10920	1	0.49629	0.18611	0	0.38258	0.32003	1	0.38258	0.32003	1	0.46477	0.53730	11.99450	1.06646	0	0.46516	0.53793	11.18107	1.06646	1	-0.00891	-0.00994	0.68306	0.00362	1	-0.00883	-0.00996	0.68428	0.00390	1	1.45898	0.81042	0	
1236787	8342.60645	3304225663934	0.38669	0.14588	8342.58008	0.02637	10920	1	0.49629	0.18611	0	0.38560	0.09230	1	0.38560	0.09230	1	0.46477	0.53730	11.99450	1.06646	0	0.46502	0.53530	11.61219	1.06646	1	-0.00891	-0.00994	0.68306	0.00362	1	-0.00883	-0.00996	0.68428	0.00241	1	1.45898	0.81042	0	
1236788	8342.61328	3304225731035	0.39510	0.14093	8342.58008	0.03320	10920	1	0.48815	0.12513	1	0.38622	0.10721	1	0.43719	0.11617	1	0.46521	0.53542	11.70030	1.06646	1	0.72917	0.56004	12.24051	1.05199	1	-0.00861	-0.00983	0.67565	0.00248	1	0.05601	-0.01358	0.63735	0.00400	1	1.45898	0.81042	0	
1236789	8342.62012	3304225793689	0.40768	0.15656	8342.58008	0.04004	10920	1	0.49140	0.15797	1	0.47493	0.34267	1	0.48316	0.25032	1	0.46512	0.53532	11.94900	1.05199	1	0.72911	0.56027	12.30138	1.03752	1	-0.00861	-0.00983	0.67565	0.00248	1	0.05601	-0.01358	0.63735	0.00397	1	1.45898	0.81042	0	
1236790	8342.62695	3304225863006	0.41709	0.17011	8342.58008	0.04688	10920	1	0.49151	0.17530	1	0.47438	0.35465	1	0.48294	0.26497	1	0.46520	0.53538	11.92312	1.03752	1	0.72909	0.56022	12.25984	1.02305	1	-0.00861	-0.00983	0.67565	0.00242	1	0.05601	-0.01358	0.63735	0.00398	1	1.45898	0.81042	0	
1236791	8342.63379	3304225928824	0.42454	0.18258	8342.58008	0.05371	10920	1	0.49450	0.19713	1	0.47379	0.36762	1	0.48415	0.28237	1	0.46513	0.53536	11.76493	1.01504	1	0.72911	0.56042	12.78319	1.00738	1	-0.00839	-0.00952	0.65409	0.00236	1	0.05775	-0.01399	0.65659	0.00405	1	1.45898	0.81042	0	
1236792	8342.63965	3304225995912	0.43176	0.20122	8342.58008	0.05957	10920	1	0.51902	0.34378	1	0.47450	0.39416	1	0.49676	0.36897	1	0.46547	0.53758	11.95498	0.99936	1	0.72917	0.56046	13.04534	1.00617	1	-0.00839	-0.00952	0.65409	0.00383	1	0.05775	-0.01399	0.65659	0.00408	1	1.45898	0.81042	0	
1236793	8342.64648	3304226064004	0.43849	0.21652	8342.58008	0.06641	10920	1	0.53492	0.37263	1	0.47663	0.36636	1	0.50578	0.36950	1	0.46570	0.53775	12.42041	0.99815	1	0.72927	0.56025	13.01463	1.00496	1	-0.00839	-0.00952	0.65409	0.00372	1	0.05775	-0.01399	0.65659	0.00410	1	1.45898	0.81042	0	
1236794	8342.65332	3304226128487	0.44410	0.22854	8342.58008	0.07324	10920	1	0.53422	0.36713	1	0.47722	0.35434	1	0.50572	0.36073	1	0.46555	0.53772	12.49500	1.00496	1	0.72971	0.56035	12.48364	1.01943	1	-0.00861	-0.00983	0.67565	0.00378	1	0.05945	-0.01439	0.67539	0.00402	1	1.45898	0.81042	0	
1236795	8342.66016	3304226198009	0.44906	0.23785	8342.58008	0.08008	10920	1	0.56301	0.36240	1	0.45422	0.33682	1	0.50861	0.34961	1	0.46619	0.53798	12.74605	1.02744	1	0.72923	0.56021	13.07935	1.03510	1	-0.00861	-0.00983	0.67565	0.00384	1	0.05945	-0.01439	0.67539	0.00414	1	1.45898	0.81042	0	
1236796	8342.66699	3304226263507	0.45230	0.24654	8342.58008	0.08691	10920	1	0.52073	0.37085	1	0.46808	0.34821	1	0.49441	0.35953	1	0.46549	0.53771	12.10087	1.04312	1	0.72974	0.56027	12.45400	1.05078	1	-0.00861	-0.00983	0.67565	0.00377	1	0.05945	-0.01439	0.67539	0.00405	1	1.45898	0.81042	0	
1236797	8342.67383	3304226329405	0.47172	0.29013	8342.58008	0.08691	10920	0	0.51901	0.35868	1	0.46857	0.33549	1	0.49379	0.34709	1	0.46562	0.53735	12.00856	1.05880	1	0.72940	0.56023	12.66792	1.06646	1	-0.00861	-0.00983	0.67565	0.00390	1	0.05956	-0.01436	0.67659	0.00434	1	1.45898	0.81042	0	
1236798	8342.68066	3304226401022	0.48083	0.25400	8342.58008	0.08691	10920	0	0.51310	0.13814	1	0.46675	0.29758	1	0.48993	0.21786	1	0.46554	0.53527	11.96056	1.06646	1	0.72985	0.55944	11.96579	1.06646	1	-0.00861	-0.00983	0.67565	0.00244	1	0.05956	-0.01436	0.67659	0.00425	1	1.45898	0.81042	0	
1236799	8342.68750	3304226468062	0.48831	0.27630	8342.58008	0.08691	10920	0	0.52670	0.32745	1	0.47984	0.31437	1	0.50327	0.32091	1	0.46566	0.53741	11.82126	1.06646	1	0.72998	0.56018	12.26803	1.06646	1	-0.00861	-0.00983	0.67565	0.00379	1	0.05956	-0.01436	0.67659	0.00424	1	1.45898	0.81042	0	
1236800	8342.69336	3304226532870	0.49205	0.28745	8342.67383	0.01953	10921	1	0.52670	0.32745	1	0.47984	0.31437	1	0.50327	0.32091	1	0.46607	0.53779	11.90690	1.06646	1	0.72995	0.55995	12.20246	1.06646	1	-0.00861	-0.00983	0.67565	0.00377	1	0.05956	-0.01436	0.67659	0.00425	1	1.45898	0.81042	0	
1236801	8342.70117	3304226602015	0.49296	0.29187	8342.67383	0.02734	10921	1	0.50271	0.31476	1	0.49051	0.30431	1	0.49661	0.30954	1	0.46563	0.53741	11.28287	1.06646	1	0.73016	0.56009	12.80110	1.06646	1	-0.00861	-0.00983	0.67565	0.00386	1	0.05956	-0.01436	0.67659	0.00408	1	1.45898	0.81042	0	
1236802	8342.70703	3304226668394	0.49349	0.29871	8342.67383	0.03320	10921	1	0.51081	0.34255	1	0.48141	0.32330	1	0.49611	0.33292	1	0.46580	0.53756	11.33678	1.06646	1	0.73001	0.55986	12.23116	1.06646	1	-0.00861	-0.00983	0.67565	0.00363	1	0.05956	-0.01436	0.67659	0.00404	1	1.45898	0.81042	0	
1236803	8342.71387	3304226735905	0.49388	0.30497	8342.67383	0.04004	10921	1	0.51174	0.34885	1	0.48074	0.33621	1	0.49624	0.34253	1	0.46616	0.53762	12.03819	1.05844	1	0.73019	0.55984	13.09154	1.05078	1	-0.00847	-0.00985	0.67673	0.00379	1	0.05878	-0.01421	0.66717	0.00398	1	1.45898	0.81042	0	
1236804	8342.72070	3304226802983	0.49713	0.30790	8342.67383	0.04688	10921	1	0.54639	0.33234	1	0.49334	0.32440	1	0.51986	0.32837	1	0.46632	0.53733	12.09882	1.04276	1	0.73025	0.55950	12.75276	1.03510	1	-0.00847	-0.00985	0.67673	0.00379	1	0.05878	-0.01421	0.66717	0.00404	1	1.45898	0.81042	0	
1236805	8342.72754	3304226869837	0.49870	0.31149	8342.67383	0.05371	10921	1	0.52476	0.35032	1	0.49783	0.33021	1	0.51130	0.34027	1	0.46641	0.53738	12.27474	1.02709	1	0.73026	0.55997	13.05259	1.01943	1	-0.00847	-0.00985	0.67673	0.00359	1	0.05878	-0.01421	0.66717	0.00404	1	1.45898	0.81042	0	
1236806	8342.73438	3304226936065	0.49998	0.31501	8342.67383	0.06055	10921	1	0.52559	0.35651	1	0.49737	0.33678	1	0.51148	0.34664	1	0.46643	0.53638	11.93775	1.01943	1	0.73005	0.56011	12.94524	1.01177	1	-0.00858	-0.01003	0.68924	0.00389	1	0.06238	-0.01500	0.70676	0.00408	1	1.45898	0.81042	0	
1236807	8342.74121	3304227003724	0.50076	0.31812	8342.67383	0.06738	10921	1	0.53788	0.33713	1	0.47916	0.36139	1	0.50852	0.34926	1	0.46651	0.53716	12.05160	1.01979	1	0.73006	0.56025	13.06557	1.01979	1	-0.00858	-0.01003	0.68924	0.00375	1	0.06238	-0.01500	0.70676	0.00410	1	1.45898	0.81042	0	
1236808	8342.74805	3304227070752	0.50048	0.31807	8342.67383	0.07422	10921	1	0.53460	0.29265	1	0.46029	0.34239	1	0.49744	0.31752	1	0.46657	0.53672	12.09462	1.02780	1	0.73010	0.56013	13.03913	1.02780	1	-0.00858	-0.01003	0.68924	0.00397	1	0.06238	-0.01500	0.70676	0.00412	1	1.45898	0.81042	0	
1236809	8342.75391	3304227136899	0.50023	0.31726	8342.67383	0.08008	10921	1	0.53380	0.28573	1	0.46067	0.32931	1	0.49724	0.30752	1	0.46672	0.53730	12.70469	1.03582	1	0.73044	0.56004	12.49821	1.04348	1	-0.00858	-0.01003	0.68924	0.00399	1	0.06074	-0.01460	0.68764	0.00416	1	1.45898	0.81042	0	
1236810	8342.76074	3304227204767	0.49931	0.31020	8342.67383	0.08691	10921	1	0.50238	0.13990	1	0.47232	0.29686	1	0.48735	0.21838	1	0.46616	0.53503	12.28574	1.04348	1	0.73057	0.55979	12.43989	1.05114	1	-0.00858	-0.01003	0.68924	0.00246	1	0.06074	-0.01460	0.68764	0.00422	1	1.45898	0.81042	0	
1236811	8342.76758	3304227271875	0.49860	0.30943	8342.67383	0.09375	10921	1	0.50147	0.30703	1	0.47594	0.29041	1	0.48870	0.29872	1	0.46604	0.53694	12.05134	1.05114	1	0.73078	0.55985	12.58325	1.05880	1	-0.00858	-0.01003	0.68924	0.00367	1	0.06074	-0.01460	0.68764	0.00424	1	1.45898	0.81042	0	
1236812	8342.77441	3304227338314	0.49796	0.30836	8342.67383	0.10059	10921	1	0.50052	0.30066	1	0.47623	0.28382	1	0.48837	0.29224	1	0.46668	0.53720	12.04518	1.05880	1	0.73071	0.56029	12.63219	1.06646	1	-0.00826	-0.00961	0.66402	0.00363	1	0.05978	-0.01442	0.67679	0.00416	1	1.45898	0.81042	0	
1236813	8342.78125	3304227405879	0.49789	0.30711	8342.67383	0.10742	10921	1	0.50512	0.26621	1	0.48836	0.30820	1	0.49674	0.28721	1	0.46661	0.53676	12.60061	1.06646	1	0.73087	0.56006	12.62961	1.06646	1	-0.00826	-0.00961	0.66402	0.00372	1	0.05978	-0.01442	0.67679	0.00406	1	1.45898	0.81042	0	
1236814	8342.78809	3304227472679	0.49711	0.30650	8342.67383	0.11426	10921	1	0.49879	0.29586	1	0.46879	0.29621	1	0.48379	0.29603	1	0.46642	0.53699	11.50145	1.06646	1	0.73055	0.55989	12.19907	1.06646	1	-0.00826	-0.00961	0.66402	0.00369	1	0.05978	-0.01442	0.67679	0.00410	1	1.45898	0.81042	0	
1236815	8342.79492	3304227539726	0.49642	0.30647	8342.67383	0.12109	10921	1	0.49979	0.30251	1	0.46830	0.30951	1	0.48405	0.30601	1	0.46674	0.53729	11.72778	1.05844	1	0.73085	0.55997	13.03029	1.05078	1	-0.00826	-0.00978	0.67595	0.00380	1	0.05853	-0.01410	0.66214	0.00399	1	1.45898	0.81042	0	
1236816	8342.80078	3304227607323	0.49574	0.30408	8342.67383	0.12695	10921	1	0.48572	0.17609	1	0.47977	0.34110	1	0.48274	0.25860	1	0.46658	0.53530	12.40862	1.04276	1	0.73085	0.56008	13.16439	1.03510	1	-0.00826	-0.00978	0.67595	0.00245	1	0.05853	-0.01410	0.66214	0.00407	1	1.45898	0.81042	0	
1236817	8342.80762	3304227673800	0.49471	0.29931	8342.67383	0.13379	10921	1	0.49938	0.10759	1	0.44916	0.30012	1	0.47427	0.20386	1	0.46692	0.53542	12.26333	1.02709	1	0.73105	0.56054	13.03647	1.01943	1	-0.00826	-0.00978	0.67595	0.00249	1	0.05853	-0.01410	0.66214	0.00399	1	1.45898	0.81042	0	
1236818	8342.81445	3304227740519	0.49382	0.29579	8342.67383	0.14062	10921	1	0.50138	0.12399	1	0.44884	0.31995	1	0.47511	0.22197	1	0.46851	0.54038	12.09594	1.01141	1	0.73262	0.56355	12.68049	0.99694	1	-0.00779	-0.01003	0.66202	0.00327	1	0.05654	-0.01395	0.63684	0.00352	1	1.45898	0.81042	0	
1236819	8342.82129	3304227807368	0.49527	0.30508	8342.67383	0.14746	10921	1	0.55749	0.47221	1	0.49649	0.54648	1	0.52699	0.50934	1	0.46911	0.54119	11.97692	0.99694	1	0.73274	0.56406	12.41084	0.99014	1	-0.00779	-0.01003	0.66202	0.00356	1	0.05654	-0.01395	0.63684	0.00386	1	1.45898	0.81042	0	
1236820	8342.82812	3304227874340	0.49591	0.31047	8342.67383	0.15430	10921	1	0.52513	0.41209	1	0.49620	0.45676	1	0.51067	0.43443	1	0.46938	0.54099	11.84233	0.99014	1	0.73280	0.56416	12.71433	0.98333	1	-0.00779	-0.01003	0.66202	0.00394	1	0.05654	-0.01395	0.63684	0.00387	1	1.45898	0.81042	0	
1236821	8342.83496	3304227942337	0.49650	0.31528	8342.67383	0.16113	10921	1	0.52499	0.41115	1	0.49669	0.45067	1	0.51084	0.43091	1	0.47098	0.54336	10.89187	0.99134	1	0.73395	0.56716	12.90085	0.99134	1	-0.00762	-0.01072	0.68689	0.00323	1	0.05941	-0.01499	0.66637	0.00325	1	1.45898	0.81042	0	
1236822	8342.84180	3304228009453	0.50042	0.32807	8342.67383	0.16797	10921	1	0.63373	0.61126	1	0.56262	0.68421	1	0.59817	0.64773	1	0.47134	0.54449	12.31830	0.99936	1	0.73429	0.56754	12.59604	1.00617	1	-0.00762	-0.01072	0.68689	0.00315	1	0.05941	-0.01499	0.66637	0.00327	1	1.45898	0.81042	0	
1236823	8342.84766	3304228076384	0.51077	0.37688	8342.67383	0.16797	10921	0	0.63135	0.62438	1	0.56351	0.64417	1	0.59743	0.63427	1	0.47132	0.54459	12.24466	1.01419	1	0.73428	0.56732	12.69468	1.02099	1	-0.00762	-0.01072	0.68689	0.00315	1	0.05941	-0.01499	0.66637	0.00357	1	1.45898	0.81042	0	
1236824	8342.85449	3304228140960	0.55450	0.50152	8342.67383	0.16797	10921	0	0.63112	0.61633	1	0.56534	0.63601	1	0.59823	0.62617	1	0.47140	0.54454	12.11523	1.02901	1	0.73442	0.56787	12.92277	1.03582	1	-0.00762	-0.01082	0.68689	0.00316	1	0.05903	-0.01502	0.66098	0.00320	1	1.45898	0.81042	0	
1236825	8342.86133	3304228205240	0.56820	0.55558	8342.67383	0.16797	10921	0	0.64004	0.64168	1	0.55120	0.68567	1	0.59562	0.66368	1	0.47139	0.54449	12.36592	1.03582	1	0.73454	0.56786	13.36267	1.03582	1	-0.00762	-0.01082	0.68689	0.00293	1	0.05903	-0.01502	0.66098	0.00312	1	1.45898	0.81042	0	
1236826	8342.86816	3304228273200	0.59995	0.65352	8342.67383	0.16797	10921	0	0.64369	0.63161	1	0.56829	0.70980	1	0.60599	0.67071	1	0.47148	0.54439	12.42222	1.03582	1	0.73476	0.56802	13.49666	1.03582	1	-0.00762	-0.01082	0.68689	0.00308	1	0.05903	-0.01502	0.66098	0.00307	1	1.45898	0.81042	0	
1236827	8342.87500	3304228341610	0.60297	0.66211	8342.67383	0.16797	10921	0	0.64369	0.63161	1	0.56829	0.70980	1	0.60599	0.67071	1	0.47140	0.54438	12.20720	1.03582	1	0.73488	0.56825	12.96973	1.03582	1	-0.00762	-0.01082	0.68689	0.00296	1	0.05903	-0.01502	0.66098	0.00310	1	1.45898	0.81042	0	
1236828	8342.88086	3304228405971	0.60350	0.66037	8342.67383	0.16797	10921	0	0.63918	0.61944	1	0.56996	0.69435	1	0.60457	0.65689	1	0.47143	0.54443	12.17572	1.03582	1	0.73488	0.56848	13.18885	1.03582	1	-0.00762	-0.01082	0.68689	0.00299	1	0.05903	-0.01502	0.66098	0.00308	1	1.45898	0.81042	0	
1236829	8342.88770	3304228472623	0.60268	0.66469	8342.86816	0.01953	10922	1	0.63838	0.58222	1	0.56207	0.77309	1	0.60023	0.67765	1	0.47143	0.54443	12.17572	1.03582	1	0.73476	0.56871	13.20032	1.03582	1	-0.00762	-0.01082	0.68689	0.00299	1	0.05903	-0.01502	0.66098	0.00318	1	1.45898	0.81042	0	
1236830	8342.89453	3304228545310	0.60219	0.66728	8342.86816	0.02637	10922	1	0.63838	0.58222	1	0.56207	0.77309	1	0.60023	0.67765	1	0.47146	0.54449	12.35100	1.03582	1	0.73515	0.56887	13.48257	1.03582	1	-0.00762	-0.01082	0.68689	0.00298	1	0.05938	-0.01509	0.66381	0.00320	1	1.45898	0.81042	0	
1236831	8342.90137	3304228612519	0.60311	0.66666	8342.86816	0.03320	10922	1	0.64514	0.60682	1	0.57028	0.72031	1	0.60771	0.66357	1	0.47146	0.54431	12.23291	1.03582	1	0.73516	0.56878	13.07338	1.03582	1	-0.00762	-0.01082	0.68689	0.00307	1	0.05938	-0.01509	0.66381	0.00322	1	1.45898	0.81042	0	
1236832	8342.90820	3304228675711	0.60206	0.66371	8342.86816	0.04004	10922	1	0.62586	0.58560	1	0.56563	0.70641	1	0.59574	0.64600	1	0.47132	0.54468	12.50214	1.03582	1	0.73522	0.56865	12.65999	1.03582	1	-0.00762	-0.01082	0.68689	0.00305	1	0.05938	-0.01509	0.66381	0.00332	1	1.45898	0.81042	0	
1236833	8342.91504	3304228742719	0.60133	0.66127	8342.86816	0.04688	10922	1	0.62586	0.58560	1	0.56657	0.70271	1	0.59622	0.64415	1	0.47139	0.54446	12.36953	1.03582	1	0.73538	0.56893	12.96959	1.04348	1	-0.00762	-0.01082	0.68689	0.00294	1	0.06042	-0.01539	0.67489	0.00319	1	1.45898	0.81042	0	
1236834	8342.92188	3304228810480	0.60160	0.66063	8342.86816	0.05371	10922	1	0.63688	0.61757	1	0.57064	0.69356	1	0.60376	0.65557	1	0.47150	0.54460	12.33632	1.04348	1	0.73556	0.56854	12.39812	1.05114	1	-0.00762	-0.01082	0.68689	0.00292	1	0.06042	-0.01539	0.67489	0.00324	1	1.45898	0.81042	0	
1236835	8342.92871	3304228880061	0.60130	0.65760	8342.86816	0.06055	10922	1	0.64411	0.60689	1	0.55304	0.65377	1	0.59857	0.63033	1	0.47150	0.54460	12.33632	1.05114	1	0.73520	0.56878	12.73126	1.05880	1	-0.00762	-0.01082	0.68689	0.00293	1	0.06042	-0.01539	0.67489	0.00312	1	1.45898	0.81042	0	
1236836	8342.93555	3304228946152	0.60105	0.65494	8342.86816	0.06738	10922	1	0.64408	0.60275	1	0.55304	0.65377	1	0.59856	0.62826	1	0.47158	0.54428	12.19020	1.05880	1	0.73555	0.56884	13.51718	1.05880	1	-0.00762	-0.01082	0.68689	0.00300	1	0.05913	-0.01505	0.65993	0.00312	1	1.45898	0.81042	0	
1236837	8342.94141	3304229013130	0.60152	0.65329	8342.86816	0.07324	10922	1	0.64467	0.58505	1	0.56869	0.68522	1	0.60668	0.63514	1	0.47158	0.54446	12.07780	1.05880	1	0.73559	0.56892	13.99334	1.05114	1	-0.00762	-0.01082	0.68689	0.00313	1	0.05913	-0.01505	0.65993	0.00311	1	1.45898	0.81042	0	
1236838	8342.94824	3304229080241	0.60222	0.65216	8342.86816	0.08008	10922	1	0.65019	0.59206	1	0.57109	0.68535	1	0.61064	0.63870	1	0.47159	0.54447	12.20804	1.05114	1	0.73562	0.56886	13.93631	1.04348	1	-0.00762	-0.01082	0.68689	0.00294	1	0.05913	-0.01505	0.65993	0.00311	1	1.45898	0.81042	0	
1236839	8342.95508	3304229147313	0.60279	0.65149	8342.86816	0.08691	10922	1	0.65018	0.59630	1	0.57011	0.68917	1	0.61014	0.64274	1	0.47154	0.54425	12.12492	1.04348	1	0.73570	0.56891	13.59035	1.03582	1	-0.00762	-0.01082	0.68689	0.00293	1	0.05913	-0.01505	0.65993	0.00311	1	1.45898	0.81042	0	
1236840	8342.96191	3304229214732	0.60247	0.65066	8342.86816	0.09375	10922	1	0.64515	0.59344	1	0.55103	0.68461	1	0.59809	0.63903	1	0.47160	0.54437	12.07428	1.03582	1	0.73527	0.56879	13.69682	1.03582	1	-0.00762	-0.01082	0.68689	0.00314	1	0.05913	-0.01505	0.65993	0.00314	1	1.45898	0.81042	0	
1236841	8342.96875	3304229281757	0.60173	0.64944	8342.86816	0.10059	10922	1	0.60750	0.56776	1	0.57362	0.69456	1	0.59056	0.63116	1	0.47137	0.54433	12.22361	1.03582	1	0.73563	0.56893	13.55346	1.03582	1	-0.00762	-0.01082	0.68689	0.00317	1	0.05913	-0.01505	0.65993	0.00307	1	1.45898	0.81042	0	
1236842	8342.97559	3304229348420	0.60107	0.64837	8342.86816	0.10742	10922	1	0.60750	0.56776	1	0.57362	0.69456	1	0.59056	0.63116	1	0.47150	0.54451	12.31918	1.03582	1	0.73553	0.56895	13.59549	1.03582	1	-0.00762	-0.01082	0.68689	0.00306	1	0.05967	-0.01523	0.66590	0.00310	1	1.45898	0.81042	0	
1236843	8342.98242	3304229415271	0.60106	0.64779	8342.86816	0.11426	10922	1	0.64423	0.59392	1	0.55757	0.68202	1	0.60090	0.63797	1	0.47153	0.54448	12.26363	1.03582	1	0.73540	0.56899	13.80966	1.03582	1	-0.00762	-0.01082	0.68689	0.00308	1	0.05967	-0.01523	0.66590	0.00313	1	1.45898	0.81042	0	
1236844	8342.98828	3304229482134	0.60121	0.64810	8342.86816	0.12012	10922	1	0.64443	0.60335	1	0.56327	0.70419	1	0.60385	0.65377	1	0.47156	0.54434	11.92158	1.03582	1	0.73544	0.56895	13.60315	1.03582	1	-0.00762	-0.01082	0.68689	0.00314	1	0.05967	-0.01523	0.66590	0.00314	1	1.45898	0.81042	0	
1236845	8342.99512	3304229549176	0.60134	0.64839	8342.86816	0.12695	10922	1	0.64443	0.60335	1	0.56327	0.70419	1	0.60385	0.65377	1	0.47154	0.54469	12.16848	1.03582	1	0.73546	0.56912	13.62234	1.03582	1	-0.00762	-0.01082	0.68689	0.00295	1	0.05967	-0.01523	0.66590	0.00314	1	1.45898	0.81042	0	
1236846	8343.00195	3304229615939	0.60110	0.64930	8342.86816	0.13379	10922	1	0.64697	0.61948	1	0.54545	0.71553	1	0.59621	0.66750	1	0.47160	0.54466	12.09994	1.03582	1	0.73524	0.56911	13.70025	1.03582	1	-0.00762	-0.01082	0.68689	0.00308	1	0.05967	-0.01523	0.66590	0.00333	1	1.45898	0.81042	0	
1236847	8343.00879	3304229682877	0.60126	0.64907	8342.86816	0.14062	10922	1	0.65760	0.61243	1	0.55179	0.67628	1	0.60470	0.64436	1	0.47142	0.54460	12.21632	1.03582	1	0.73532	0.56891	13.36142	1.03582	1	-0.00762	-0.01082	0.68689	0.00313	1	0.05967	-0.01523	0.66590	0.00318	1	1.45898	0.81042	0	
1236848	8343.01562	3304229750425	0.60139	0.64905	8342.86816	0.14746	10922	1	0.65753	0.61678	1	0.55091	0.68038	1	0.60422	0.64858	1	0.47104	0.54493	12.90421	1.02780	1	0.73516	0.56841	12.77214	1.02780	1	-0.00779	-0.01103	0.69691	0.00297	1	0.05913	-0.01505	0.65993	0.00314	1	1.45898	0.81042	0	
1236849	8343.02246	3304229817505	0.60123	0.64983	8342.86816	0.15430	10922	1	0.64229	0.61456	1	0.55278	0.72087	1	0.59754	0.66771	1	0.47103	0.54459	12.98681	1.01979	1	0.73522	0.56901	12.99110	1.01979	1	-0.00779	-0.01103	0.69691	0.00284	1	0.05913	-0.01505	0.65993	0.00308	1	1.45898	0.81042	0	
1236850	8343.02930	3304229884410	0.60127	0.65102	8342.86816	0.16113	10922	1	0.64159	0.63989	1	0.56320	0.71938	1	0.60240	0.67964	1	0.47098	0.54484	12.88676	1.01177	1	0.73510	0.56912	12.70846	1.01177	1	-0.00779	-0.01103	0.69691	0.00289	1	0.05913	-0.01505	0.65993	0.00321	1	1.45898	0.81042	0	
1236851	8343.03516	3304229951017	0.60130	0.65228	8342.86816	0.16699	10922	1	0.64163	0.64413	1	0.56221	0.72324	1	0.60192	0.68368	1	0.47093	0.54491	12.68747	1.00375	1	0.73511	0.56911	12.79773	1.00375	1	-0.00779	-0.01103	0.69691	0.00296	1	0.05913	-0.01505	0.65993	0.00318	1	1.45898	0.81042	0	
1236852	8343.04199	3304230018051	0.60036	0.65276	8342.86816	0.17383	10922	1	0.61637	0.63547	1	0.53533	0.69505	1	0.57585	0.66526	1	0.47073	0.54474	12.08362	1.00375	1	0.73511	0.56877	12.64331	1.00375	1	-0.00779	-0.01103	0.69691	0.00302	1	0.05913	-0.01505	0.65993	0.00311	1	1.45898	0.81042	0	
1236853	8343.04883	3304230084681	0.59961	0.65433	8342.86816	0.18066	10922	1	0.61689	0.65257	1	0.54216	0.74106	1	0.57953	0.69682	1	0.47079	0.54455	12.19460	1.00375	1	0.73520	0.56924	13.19696	1.00375	1	-0.00779	-0.01103	0.69691	0.00292	1	0.05913	-0.01505	0.65993	0.00307	1	1.45898	0.81042	0	
1236854	8343.05566	3304230152271	0.59892	0.65580	8342.86816	0.18750	10922	1	0.61689	0.65257	1	0.54216	0.74106	1	0.57953	0.69682	1	0.47075	0.54460	12.20120	1.00375	1	0.73510	0.56865	12.63407	1.00375	1	-0.00779	-0.01103	0.69691	0.00293	1	0.05913	-0.01505	0.65993	0.00300	1	1.45898	0.81042	0	
1236855	8343.06250	3304230219052	0.59845	0.65595	8342.86816	0.19434	10922	1	0.62644	0.62760	1	0.54324	0.69311	1	0.58484	0.66036	1	0.47081	0.54454	12.07041	1.00375	1	0.73517	0.56869	12.83164	1.00375	1	-0.00779	-0.01103	0.69691	0.00293	1	0.05913	-0.01505	0.65993	0.00302	1	1.45898	0.81042	0	
1236856	8343.06836	3304230281209	0.59817	0.65589	8342.86816	0.20020	10922	1	0.63479	0.62174	1	0.54457	0.68673	1	0.58968	0.65423	1	0.47096	0.54451	12.53930	1.00375	1	0.73517	0.56881	13.16074	1.00375	1	-0.00779	-0.01103	0.69691	0.00291	1	0.05913	-0.01505	0.65993	0.00304	1	1.45898	0.81042	0	
1236857	8343.07617	3304230353156	0.59790	0.65584	8342.86816	0.20801	10922	1	0.63479	0.62174	1	0.54457	0.68673	1	0.58968	0.65423	1	0.47106	0.54463	12.85159	1.00375	1	0.73511	0.56868	12.68093	1.00375	1	-0.00779	-0.01103	0.69691	0.00281	1	0.05913	-0.01505	0.65993	0.00307	1	1.45898	0.81042	0	
1236858	8343.08203	3304230419806	0.59783	0.65581	8342.86816	0.21387	10922	1	0.64442	0.62517	1	0.54674	0.68432	1	0.59558	0.65475	1	0.47108	0.54444	12.62847	1.00375	1	0.73519	0.56864	12.76797	1.00375	1	-0.00779	-0.01103	0.69691	0.00292	1	0.05913	-0.01505	0.65993	0.00307	1	1.45898	0.81042	0	
1236859	8343.08887	3304230486776	0.59743	0.65549	8342.86816	0.22070	10922	1	0.63873	0.61071	1	0.52950	0.67927	1	0.58411	0.64499	1	0.47103	0.54465	12.83210	1.00375	1	0.73500	0.56867	12.37054	1.00375	1	-0.00779	-0.01103	0.69691	0.00281	1	0.05913	-0.01505	0.65993	0.00309	1	1.45898	0.81042	0	
1236860	8343.09570	3304230553799	0.59705	0.65519	8342.86816	0.22754	10922	1	0.63873	0.61071	1	0.52950	0.67927	1	0.58411	0.64499	1	0.47123	0.54443	11.93892	1.00375	1	0.73513	0.56869	12.78308	1.00375	1	-0.00779	-0.01103	0.69691	0.00297	1	0.05967	-0.01523	0.66590	0.00306	1	1.45898	0.81042	0	
1236861	8343.10254	3304230619538	0.59686	0.65532	8342.86816	0.23438	10922	1	0.63917	0.62038	1	0.54175	0.69922	1	0.59046	0.65980	1	0.47103	0.54446	11.54217	1.00375	1	0.73516	0.56877	12.82328	1.00375	1	-0.00779	-0.01103	0.69691	0.00298	1	0.05967	-0.01523	0.66590	0.00302	1	1.45898	0.81042	0	
1236862	8343.10938	3304230685549	0.59663	0.65555	8342.86816	0.24121	10922	1	0.63517	0.62813	1	0.54138	0.70003	1	0.58828	0.66408	1	0.47108	0.54440	11.35708	1.00375	1	0.73513	0.56889	13.04459	1.00375	1	-0.00779	-0.01103	0.69691	0.00299	1	0.05967	-0.01523	0.66590	0.00304	1	1.45898	0.81042	0	
1236863	8343.11523	3304230751910	0.59641	0.65578	8342.86816	0.24707	10922	1	0.63517	0.62813	1	0.54138	0.70003	1	0.58828	0.66408	1	0.47108	0.54440	11.35708	1.00375	1	0.73511	0.56884	12.99354	1.00375	1	-0.00779	-0.01103	0.69691	0.00299	1	0.05913	-0.01505	0.65993	0.00305	1	1.45898	0.81042	0	
1236864	8343.12207	3304230820025	0.59656	0.65615	8342.86816	0.25391	10922	1	0.64772	0.64012	1	0.55654	0.70034	1	0.60213	0.67023	1	0.47117	0.54464	12.12727	1.00375	1	0.73537	0.56879	13.10221	1.00375	1	-0.00779	-0.01103	0.69691	0.00285	1	0.05913	-0.01505	0.65993	0.00301	1	1.45898	0.81042	0	
1236865	8343.12891	3304230885527	0.59676	0.65669	8342.86816	0.26074	10922	1	0.64791	0.65357	1	0.56098	0.70227	1	0.60445	0.67792	1	0.47124	0.54462	11.91283	1.00375	1	0.73541	0.56879	12.87158	1.00375	1	-0.00779	-0.01103	0.69691	0.00285	1	0.05913	-0.01505	0.65993	0.00301	1	1.45898	0.81042	0	
1236866	8343.13574	3304230951243	0.59696	0.65711	8342.86816	0.26758	10922	1	0.64791	0.64941	1	0.56197	0.69824	1	0.60494	0.67383	1	0.47105	0.54459	11.41857	1.01177	1	0.73566	0.56918	13.37062	1.01177	1	-0.00745	-0.01062	0.67107	0.00288	1	0.05967	-0.01523	0.66590	0.00306	1	1.45898	0.81042	0	
1236867	8343.14258	3304231019755	0.59582	0.65753	8342.86816	0.27441	10922	1	0.61845	0.62217	1	0.48040	0.72681	1	0.54943	0.67449	1	0.47109	0.54465	11.27578	1.01979	1	0.73412	0.56919	12.82264	1.01979	1	-0.00745	-0.01062	0.67107	0.00318	1	0.05967	-0.01523	0.66590	0.00341	1	1.45898	0.81042	0	
1236868	8343.14941	3304231087080	0.59597	0.65756	8342.86816	0.28125	10922	1	0.63733	0.61393	1	0.56723	0.70441	1	0.60228	0.65917	1	0.47106	0.54462	11.35921	1.02780	1	0.73540	0.56903	13.41759	1.02780	1	-0.00745	-0.01062	0.67107	0.00295	1	0.05967	-0.01523	0.66590	0.00306	1	1.45898	0.81042	0	
1236869	8343.15625	3304231153475	0.59613	0.65751	8342.86816	0.28809	10922	1	0.63725	0.60956	1	0.56824	0.70050	1	0.60274	0.65503	1	0.47128	0.54486	11.77111	1.03582	1	0.73513	0.56911	13.01480	1.03582	1	-0.00745	-0.01062	0.67107	0.00301	1	0.05967	-0.01523	0.66590	0.00319	1	1.45898	0.81042	0	
1236870	8343.16309	3304231221475	0.59581	0.65831	8342.86816	0.29492	10922	1	0.61462	0.63287	1	0.54861	0.75477	1	0.58162	0.69382	1	0.47105	0.54478	11.31933	1.03582	1	0.73516	0.56950	13.14087	1.03582	1	-0.00745	-0.01062	0.67107	0.00303	1	0.05967	-0.01523	0.66590	0.00311	1	1.45898	0.81042	0	
1236871	8343.16895	3304231287275	0.59556	0.65835	8342.86816	0.30078	10922	1	0.62689	0.61470	1	0.54205	0.70552	1	0.58447	0.66011	1	0.47140	0.54471	11.53982	1.03582	1	0.73500	0.56911	13.16206	1.03582	1	-0.00745	-0.01062	0.67107	0.00308	1	0.05967	-0.01523	0.66590	0.00319	1	1.45898	0.81042	0	
1236872	8343.17578	3304231357415	0.59532	0.65839	8342.86816	0.30762	10922	1	0.62689	0.61470	1	0.54205	0.70552	1	0.58447	0.66011	1	0.47114	0.54506	11.32106	1.03582	1	0.73503	0.56966	13.28133	1.03582	1	-0.00745	-0.01062	0.67107	0.00292	1	0.05967	-0.01528	0.66590	0.00313	1	1.45898	0.81042	0	
1236873	8343.18262	3304231424680	0.59521	0.65911	8342.86816	0.31445	10922	1	0.62004	0.63937	1	0.55949	0.74686	1	0.58977	0.69311	1	0.47117	0.54491	11.28362	1.03582	1	0.73540	0.56958	13.17152	1.03582	1	-0.00745	-0.01062	0.67107	0.00294	1	0.05967	-0.01528	0.66590	0.00311	1	1.45898	0.81042	0	
1236874	8343.18945	3304231491724	0.59480	0.65983	8342.86816	0.32129	10922	1	0.61323	0.64076	1	0.54717	0.73522	1	0.58020	0.68799	1	0.47149	0.54498	11.57636	1.03582	1	0.73523	0.56950	13.20635	1.03582	1	-0.00745	-0.01062	0.67107	0.00290	1	0.05967	-0.01528	0.66590	0.00303	1	1.45898	0.81042	0	
1236875	8343.19629	3304231558875	0.59426	0.66019	8342.86816	0.32812	10922	1	0.61323	0.64076	1	0.54717	0.73522	1	0.58020	0.68799	1	0.47155	0.54508	11.85092	1.03582	1	0.73539	0.56940	12.71681	1.03582	1	-0.00745	-0.01062	0.67107	0.00292	1	0.05967	-0.01533	0.66590	0.00310	1	1.45898	0.81042	0	
1236876	8343.20312	3304231624917	0.59363	0.66098	8342.86816	0.33496	10922	1	0.61381	0.65657	1	0.53451	0.73321	1	0.57416	0.69489	1	0.47140	0.54519	12.04558	1.03582	1	0.73497	0.56945	12.34196	1.03582	1	-0.00745	-0.01062	0.67107	0.00292	1	0.05967	-0.01533	0.66590	0.00305	1	1.45898	0.81042	0	
1236877	8343.20996	3304231693077	0.59304	0.66151	8342.86816	0.34180	10922	1	0.60360	0.67314	1	0.54050	0.73286	1	0.57205	0.70300	1	0.47126	0.54509	11.79739	1.03582	1	0.73503	0.56947	12.52383	1.03582	1	-0.00745	-0.01062	0.67107	0.00285	1	0.05967	-0.01533	0.66590	0.00302	1	1.45898	0.81042	0	
1236878	8343.21680	3304231759530	0.59244	0.66215	8342.86816	0.34863	10922	1	0.60391	0.67704	1	0.53902	0.73961	1	0.57146	0.70832	1	0.47098	0.54528	12.17674	1.02780	1	0.73523	0.56950	12.59167	1.02099	1	-0.00722	-0.01037	0.65534	0.00293	1	0.05687	-0.01460	0.63415	0.00303	1	1.45898	0.81042	0	
1236879	8343.22363	3304231826609	0.59169	0.66337	8342.86816	0.35547	10922	1	0.59660	0.68287	1	0.54675	0.76130	1	0.57168	0.72208	1	0.47112	0.54536	12.39426	1.01298	1	0.73547	0.56961	12.91838	1.00617	1	-0.00722	-0.01037	0.65534	0.00291	1	0.05687	-0.01460	0.63415	0.00300	1	1.45898	0.81042	0	
1236880	8343.22949	3304231893461	0.58066	0.69109	8342.86816	0.35547	10922	0	0.60318	0.69784	1	0.54703	0.75535	1	0.57511	0.72659	1	0.47124	0.54537	12.03769	0.99815	1	0.73568	0.56954	12.15120	0.99134	1	-0.00722	-0.01037	0.65534	0.00290	1	0.05687	-0.01460	0.63415	0.00307	1	1.45898	0.81042	0	
1236881	8343.23633	3304231960467	0.57790	0.71232	8342.86816	0.35547	10922	0	0.60408	0.70836	1	0.54620	0.75874	1	0.57514	0.73355	1	0.47177	0.54538	11.44236	0.97620	1	0.73592	0.56986	12.09096	0.98386	1	-0.00711	-0.01028	0.64940	0.00294	1	0.05910	-0.01515	0.65795	0.00309	1	1.45898	0.81042	0	
1236882	8343.24316	3304232026205	0.58452	0.72648	8342.86816	0.35547	10922	0	0.63875	0.70925	1	0.55675	0.80037	1	0.59775	0.75481	1	0.47179	0.54536	11.47543	0.97673	1	0.73588	0.56994	12.18628	0.99120	1	-0.00711	-0.01028	0.64940	0.00295	1	0.05910	-0.01515	0.65795	0.00306	1	1.45898	0.81042	0	
1236883	8343.25000	3304232092368	0.58373	0.72758	8343.22949	0.02051	10923	1	0.63233	0.67856	1	0.53039	0.78315	1	0.58136	0.73086	1	0.47176	0.54519	10.99312	0.98408	1	0.73584	0.56991	12.06659	0.99854	1	-0.00711	-0.01028	0.64940	0.00289	1	0.05910	-0.01515	0.65795	0.00307	1	1.45898	0.81042	0	
1236884	8343.25586	3304232158077	0.58330	0.72721	8343.22949	0.02637	10923	1	0.63213	0.67126	1	0.53103	0.78028	1	0.58158	0.72577	1	0.47160	0.54493	10.64466	0.99854	1	0.73589	0.57008	12.04798	1.00535	1	-0.00722	-0.01051	0.66384	0.00312	1	0.05887	-0.01513	0.65480	0.00305	1	1.45898	0.81042	0	
1236885	8343.26270	3304232226446	0.58127	0.72643	8343.22949	0.03320	10923	1	0.63188	0.66643	1	0.51043	0.77861	1	0.57115	0.72252	1	0.47174	0.54516	11.22904	1.01248	1	0.73545	0.56999	12.18257	1.00482	1	-0.00722	-0.01051	0.66384	0.00303	1	0.05887	-0.01513	0.65480	0.00316	1	1.45898	0.81042	0	
1236886	8343.26953	3304232291799	0.57983	0.72415	8343.22949	0.04004	10923	1	0.61361	0.67574	1	0.52877	0.74518	1	0.57119	0.71046	1	0.47176	0.54517	11.28787	1.01194	1	0.73580	0.56990	12.16652	1.00429	1	-0.00722	-0.01051	0.66384	0.00300	1	0.05887	-0.01513	0.65480	0.00304	1	1.45898	0.81042	0	
1236887	8343.27637	3304232359397	0.57878	0.72199	8343.22949	0.04688	10923	1	0.61338	0.67204	1	0.52945	0.74176	1	0.57141	0.70690	1	0.47205	0.54484	10.96708	1.01943	1	0.73583	0.57033	12.46021	1.01177	1	-0.00732	-0.01073	0.67797	0.00304	1	0.05887	-0.01513	0.65480	0.00296	1	1.45898	0.81042	0	
1236888	8343.28320	3304232426718	0.57781	0.71771	8343.22949	0.05371	10923	1	0.60984	0.64523	1	0.53016	0.72163	1	0.57000	0.68343	1	0.47210	0.54469	11.01356	1.01979	1	0.73574	0.57027	11.96085	1.01979	1	-0.00732	-0.01073	0.67797	0.00313	1	0.05887	-0.01513	0.65480	0.00308	1	1.45898	0.81042	0	
1236889	8343.29004	3304232491447	0.57748	0.71275	8343.22949	0.06055	10923	1	0.60554	0.60126	1	0.54347	0.73498	1	0.57450	0.66812	1	0.47210	0.54479	10.92885	1.02780	1	0.73588	0.57035	12.24691	1.02780	1	-0.00732	-0.01073	0.67797	0.00298	1	0.05887	-0.01513	0.65480	0.00301	1	1.45898	0.81042	0	
1236890	8343.29590	3304232558837	0.57723	0.70832	8343.22949	0.06641	10923	1	0.60524	0.59677	1	0.54430	0.73132	1	0.57477	0.66405	1	0.47203	0.54480	10.85208	1.03582	1	0.73604	0.57028	11.77306	1.03582	1	-0.00732	-0.01073	0.67797	0.00308	1	0.05887	-0.01513	0.65480	0.00310	1	1.45898	0.81042	0	
1236891	8343.30273	3304232627041	0.57805	0.70708	8343.22949	0.07324	10923	1	0.61815	0.65861	1	0.55594	0.72822	1	0.58704	0.69342	1	0.47232	0.54521	11.61437	1.03582	1	0.73610	0.57032	11.71501	1.03582	1	-0.00732	-0.01073	0.67797	0.00293	1	0.05887	-0.01513	0.65480	0.00304	1	1.45898	0.81042	0	
1236892	8343.30957	3304232694333	0.57832	0.70348	8343.22949	0.08008	10923	1	0.60901	0.58829	1	0.55428	0.73231	1	0.58164	0.66030	1	0.47223	0.54470	10.31416	1.03582	1	0.73614	0.57021	12.36405	1.03582	1	-0.00732	-0.01073	0.67797	0.00318	1	0.05887	-0.01513	0.65480	0.00301	1	1.45898	0.81042	0	
1236893	8343.31641	3304232762455	0.57849	0.70106	8343.22949	0.08691	10923	1	0.60954	0.59688	1	0.55180	0.74234	1	0.58067	0.66961	1	0.47262	0.54495	10.98237	1.02068	1	0.73644	0.57029	11.41912	1.01387	1	-0.00688	-0.01017	0.64587	0.00309	1	0.05869	-0.01507	0.65230	0.00308	1	1.45898	0.81042	0	
1236894	8343.32324	3304232831097	0.57970	0.70259	8343.22949	0.09375	10923	1	0.63873	0.67257	1	0.55466	0.77531	1	0.59669	0.72394	1	0.47267	0.54475	10.95852	0.99873	1	0.73635	0.57058	11.88993	0.99192	1	-0.00688	-0.01017	0.64587	0.00308	1	0.05869	-0.01507	0.65230	0.00300	1	1.45898	0.81042	0	
1236895	8343.33008	3304232898207	0.58108	0.70329	8343.22949	0.10059	10923	1	0.64018	0.66316	1	0.56316	0.76433	1	0.60167	0.71374	1	0.47269	0.54485	11.07682	0.97677	1	0.73637	0.57039	11.40704	0.96997	1	-0.00688	-0.01017	0.64587	0.00306	1	0.05869	-0.01507	0.65230	0.00303	1	1.45898	0.81042	0	
1236896	8343.33691	3304232965348	0.58226	0.70424	8343.22949	0.10742	10923	1	0.64028	0.67093	1	0.56212	0.76797	1	0.60120	0.71945	1	0.47236	0.54491	10.81462	0.96195	1	0.73608	0.57065	12.10701	0.96195	1	-0.00699	-0.01042	0.66153	0.00304	1	0.05936	-0.01520	0.65809	0.00304	1	1.45898	0.81042	0	
1236897	8343.34375	3304233032222	0.58200	0.70507	8343.22949	0.11426	10923	1	0.62929	0.65531	1	0.52600	0.78335	1	0.57764	0.71933	1	0.47241	0.54480	10.74201	0.96908	1	0.73613	0.57064	12.03944	0.97588	1	-0.00699	-0.01042	0.66153	0.00290	1	0.05936	-0.01520	0.65809	0.00296	1	1.45898	0.81042	0	
1236898	8343.35059	3304233098959	0.58219	0.70610	8343.22949	0.12109	10923	1	0.63045	0.66162	1	0.54077	0.78732	1	0.58561	0.72447	1	0.47245	0.54499	11.09529	0.98301	1	0.73634	0.57075	12.51084	0.98982	1	-0.00699	-0.01042	0.66153	0.00284	1	0.05936	-0.01520	0.65809	0.00293	1	1.45898	0.81042	0	
1236899	8343.35742	3304233166589	0.58240	0.70669	8343.22949	0.12793	10923	1	0.63022	0.65434	1	0.54223	0.78146	1	0.58623	0.71790	1	0.47232	0.54522	11.43696	0.99694	1	0.73620	0.57060	11.59398	1.00375	1	-0.00707	-0.01058	0.66850	0.00274	1	0.05878	-0.01510	0.65166	0.00296	1	1.45898	0.81042	0	
1236900	8343.36426	3304233234140	0.58273	0.70740	8343.22949	0.13477	10923	1	0.62398	0.67678	1	0.55481	0.76662	1	0.58939	0.72170	1	0.47236	0.54508	11.30127	1.00375	1	0.73665	0.57057	12.22175	1.00375	1	-0.00707	-0.01058	0.66850	0.00283	1	0.05878	-0.01510	0.65166	0.00301	1	1.45898	0.81042	0	
1236901	8343.37012	3304233300136	0.58259	0.70838	8343.22949	0.14062	10923	1	0.62226	0.68745	1	0.53707	0.77045	1	0.57967	0.72895	1	0.47236	0.54508	11.30127	1.00375	1	0.73639	0.57059	12.44901	1.00375	1	-0.00707	-0.01058	0.66850	0.00283	1	0.05878	-0.01510	0.65166	0.00296	1	1.45898	0.81042	0	
1236902	8343.37695	3304233367124	0.58246	0.70927	8343.22949	0.14746	10923	1	0.62226	0.68745	1	0.53707	0.77045	1	0.57967	0.72895	1	0.47231	0.54511	11.33237	1.00375	1	0.73646	0.57054	12.62356	1.00375	1	-0.00707	-0.01058	0.66850	0.00287	1	0.05936	-0.01520	0.65809	0.00297	1	1.45898	0.81042	0	
1236903	8343.38379	3304233433608	0.58262	0.70969	8343.22949	0.15430	10923	1	0.62484	0.66530	1	0.54764	0.77322	1	0.58624	0.71926	1	0.47239	0.54500	11.30692	1.00375	1	0.73653	0.57053	12.29965	1.00375	1	-0.00707	-0.01058	0.66850	0.00286	1	0.05936	-0.01520	0.65809	0.00302	1	1.45898	0.81042	0	
1236904	8343.39062	3304233501176	0.58293	0.71087	8343.22949	0.16113	10923	1	0.62936	0.70544	1	0.55151	0.77285	1	0.59044	0.73914	1	0.47236	0.54515	11.41261	1.00375	1	0.73664	0.57058	12.27381	1.00375	1	-0.00707	-0.01058	0.66850	0.00287	1	0.05936	-0.01520	0.65809	0.00302	1	1.45898	0.81042	0	
1236905	8343.39746	3304233568392	0.58324	0.71182	8343.22949	0.16797	10923	1	0.62923	0.70169	1	0.55242	0.76940	1	0.59083	0.73554	1	0.47236	0.54508	11.30127	1.01177	1	0.73628	0.57049	11.86610	1.01177	1	-0.00710	-0.01070	0.67588	0.00283	1	0.05878	-0.01510	0.65166	0.00299	1	1.45898	0.81042	0	
1236906	8343.40332	3304233632549	0.58337	0.71142	8343.22949	0.17383	10923	1	0.62670	0.64510	1	0.54683	0.75720	1	0.58677	0.70115	1	0.47241	0.54501	11.11447	1.01979	1	0.73646	0.57043	11.50989	1.01979	1	-0.00710	-0.01070	0.67588	0.00288	1	0.05878	-0.01510	0.65166	0.00307	1	1.45898	0.81042	0	
1236907	8343.41113	3304233701996	0.58373	0.71111	8343.22949	0.18164	10923	1	0.63395	0.65500	1	0.55321	0.75027	1	0.59358	0.70264	1	0.47251	0.54495	11.06077	1.02780	1	0.73651	0.57045	11.86809	1.02780	1	-0.00710	-0.01070	0.67588	0.00286	1	0.05878	-0.01510	0.65166	0.00308	1	1.45898	0.81042	0	
1236908	8343.41699	3304233768875	0.58409	0.71069	8343.22949	0.18750	10923	1	0.63385	0.65095	1	0.55412	0.74672	1	0.59398	0.69883	1	0.47231	0.54511	11.33237	1.03582	1	0.73650	0.57041	11.80906	1.03582	1	-0.00710	-0.01070	0.67588	0.00287	1	0.05936	-0.01520	0.65809	0.00309	1	1.45898	0.81042	0	
1236909	8343.42383	3304233836070	0.58334	0.70993	8343.22949	0.19434	10923	1	0.61898	0.64571	1	0.50467	0.73047	1	0.56183	0.68809	1	0.47231	0.54511	11.33237	1.03582	1	0.73613	0.57035	11.20403	1.03582	1	-0.00710	-0.01070	0.67588	0.00288	1	0.05936	-0.01520	0.65809	0.00318	1	1.45898	0.81042	0	
1236910	8343.43066	3304233902711	0.58315	0.70961	8343.22949	0.20117	10923	1	0.61898	0.64571	1	0.53566	0.75410	1	0.57732	0.69991	1	0.47231	0.54511	11.33237	1.03582	1	0.73657	0.57065	12.09371	1.03582	1	-0.00710	-0.01070	0.67588	0.00287	1	0.05936	-0.01520	0.65809	0.00294	1	1.45898	0.81042	0	
1236911	8343.43750	3304233969696	0.58296	0.70942	8343.22949	0.20801	10923	1	0.61919	0.64981	1	0.53489	0.75759	1	0.57704	0.70370	1	0.47244	0.54498	10.93848	1.02780	1	0.73643	0.57040	11.72110	1.02780	1	-0.00699	-0.01042	0.66153	0.00291	1	0.05878	-0.01510	0.65166	0.00298	1	1.45898	0.81042	0	
1236912	8343.44434	3304234037453	0.58292	0.70942	8343.22949	0.21484	10923	1	0.63007	0.67272	1	0.53358	0.74565	1	0.58182	0.70919	1	0.47241	0.54514	11.19722	1.01979	1	0.73649	0.57038	11.93750	1.01979	1	-0.00699	-0.01042	0.66153	0.00282	1	0.05878	-0.01510	0.65166	0.00296	1	1.45898	0.81042	0	
1236913	8343.45117	3304234105353	0.58278	0.70907	8343.22949	0.22168	10923	1	0.64105	0.64452	1	0.51511	0.75057	1	0.57808	0.69755	1	0.47267	0.54481	10.49860	1.01177	1	0.73626	0.57037	11.38916	1.01177	1	-0.00699	-0.01042	0.66153	0.00292	1	0.05878	-0.01510	0.65166	0.00307	1	1.45898	0.81042	0	
1236914	8343.45703	3304234168116	0.58264	0.70885	8343.22949	0.22754	10923	1	0.64110	0.64872	1	0.51449	0.75416	1	0.57779	0.70144	1	0.47264	0.54480	10.55417	1.00375	1	0.73560	0.57053	11.48972	1.00375	1	-0.00699	-0.01042	0.66153	0.00295	1	0.05936	-0.01520	0.65809	0.00315	1	1.45898	0.81042	0	
1236915	8343.46387	3304234234328	0.58213	0.70844	8343.22949	0.23438	10923	1	0.63928	0.64547	1	0.48935	0.74248	1	0.56432	0.69397	1	0.47264	0.54489	10.73613	1.00375	1	0.73579	0.57043	10.95193	1.00375	1	-0.00699	-0.01042	0.66153	0.00291	1	0.05936	-0.01520	0.65809	0.00312	1	1.45898	0.81042	0	
1236916	8343.47070	3304234300729	0.58161	0.70811	8343.22949	0.24121	10923	1	0.61949	0.64402	1	0.50638	0.74831	1	0.56293	0.69616	1	0.47268	0.54488	10.64832	1.00375	1	0.73604	0.57030	11.43955	1.00375	1	-0.00699	-0.01042	0.66153	0.00288	1	0.05936	-0.01520	0.65809	0.00311	1	1.45898	0.81042	0	
1236917	8343.47754	3304234367405	0.58112	0.70779	8343.22949	0.24805	10923	1	0.61949	0.64402	1	0.50638	0.74831	1	0.56293	0.69616	1	0.47270	0.54472	10.22668	1.00375	1	0.73653	0.57045	11.73894	1.00375	1	-0.00699	-0.01042	0.66153	0.00300	1	0.05936	-0.01520	0.65809	0.00297	1	1.45898	0.81042	0	
1236918	8343.48438	3304234436304	0.58101	0.70848	8343.22949	0.25488	10923	1	0.62240	0.68813	1	0.53138	0.78146	1	0.57689	0.73480	1	0.47238	0.54501	10.87269	1.00375	1	0.73659	0.57026	11.56868	1.00375	1	-0.00699	-0.01042	0.66153	0.00292	1	0.05936	-0.01520	0.65809	0.00297	1	1.45898	0.81042	0	
1236919	8343.49121	3304234502599	0.58091	0.70854	8343.22949	0.26172	10923	1	0.63747	0.65478	1	0.51624	0.76680	1	0.57686	0.71079	1	0.47264	0.54489	10.73613	1.00375	1	0.73628	0.57010	10.93002	1.00375	1	-0.00699	-0.01042	0.66153	0.00291	1	0.05936	-0.01520	0.65809	0.00303	1	1.45898	0.81042	0	
1236920	8343.49707	3304234570542	0.58081	0.70860	8343.22949	0.26758	10923	1	0.63747	0.65478	1	0.51624	0.76680	1	0.57686	0.71079	1	0.47252	0.54507	10.68546	1.00375	1	0.73685	0.57012	11.54650	1.00375	1	-0.00707	-0.01048	0.66850	0.00279	1	0.05936	-0.01520	0.65809	0.00289	1	1.45898	0.81042	0	
1236921	8343.50391	3304234635070	0.58038	0.70976	8343.22949	0.27441	10923	1	0.59500	0.69289	1	0.53050	0.82174	1	0.56275	0.75732	1	0.47230	0.54508	11.25632	1.00375	1	0.73664	0.57016	11.46259	1.00375	1	-0.00707	-0.01048	0.66850	0.00273	1	0.05936	-0.01520	0.65809	0.00299	1	1.45898	0.81042	0	
1236922	8343.51074	3304234703324	0.58033	0.71062	8343.22949	0.28125	10923	1	0.62902	0.66156	1	0.52747	0.83252	1	0.57825	0.74704	1	0.47249	0.54502	10.78636	1.00375	1	0.73654	0.57021	11.52318	1.00375	1	-0.00707	-0.01048	0.66850	0.00273	1	0.05936	-0.01520	0.65809	0.00294	1	1.45898	0.81042	0	
1236923	8343.51758	3304234774128	0.58029	0.71137	8343.22949	0.28809	10923	1	0.62888	0.65745	1	0.52820	0.82955	1	0.57854	0.74350	1	0.47292	0.54482	10.68896	1.01177	1	0.73662	0.57006	11.40343	1.01177	1	-0.00719	-0.01069	0.68505	0.00273	1	0.05936	-0.01520	0.65809	0.00312	1	1.45898	0.81042	0	AUDIO_FILE_OFFSET
1236924	8343.52441	3304234837469	0.58043	0.71137	8343.22949	0.29492	10923	1	0.63020	0.62541	1	0.54330	0.79690	1	0.58675	0.71116	1	0.47293	0.54469	10.60795	1.01979	1	0.73685	0.57007	11.72442	1.01979	1	-0.00719	-0.01069	0.68505	0.00279	1	0.05936	-0.01520	0.65809	0.00294	1	1.45898	0.81042	0	
1236925	8343.53125	3304234905819	0.58094	0.71118	8343.22949	0.30176	10923	1	0.65466	0.61332	1	0.55270	0.79260	1	0.60368	0.70296	1	0.47295	0.54469	10.41732	1.02780	1	0.73698	0.57004	11.84233	1.02780	1	-0.00719	-0.01069	0.68505	0.00278	1	0.05936	-0.01520	0.65809	0.00292	1	1.45898	0.81042	0	
1236926	8343.53711	3304234970301	0.58143	0.71093	8343.22949	0.30762	10923	1	0.65471	0.60894	1	0.55360	0.78938	1	0.60415	0.69916	1	0.47297	0.54476	10.61531	1.03582	1	0.73694	0.56987	11.56367	1.03582	1	-0.00719	-0.01069	0.68505	0.00278	1	0.05936	-0.01520	0.65809	0.00299	1	1.45898	0.81042	0	
1237378	8346.56543	3304265250786	0.53603	0.61272	8346.41797	0.14746	10936	1	0.58145	0.62413	1	0.49050	0.63193	1	0.53597	0.62803	1	0.46188	0.54402	12.48141	1.01347	1	0.72679	0.56660	13.38686	0.99900	1	-0.00935	-0.01040	0.66008	0.00300	1	0.05548	-0.01438	0.63900	0.00308	1	1.45898	0.81042	0	START_TRIAL
1237379	8346.57227	3304265317214	0.53604	0.61371	8346.41797	0.15430	10936	1	0.58281	0.63639	1	0.49006	0.63651	1	0.53643	0.63645	1	0.46169	0.54412	12.56301	0.99099	1	0.72661	0.56636	12.60289	0.99099	1	-0.00951	-0.01051	0.66413	0.00321	1	0.05967	-0.01549	0.68841	0.00320	1	1.45898	0.81042	0	
1237380	8346.57910	3304265385122	0.53580	0.61350	8346.41797	0.16113	10936	1	0.56629	0.63090	1	0.49388	0.58609	1	0.53009	0.60849	1	0.46158	0.54387	12.58314	0.99099	1	0.72642	0.56601	12.91578	1.00545	1	-0.00951	-0.01051	0.66413	0.00319	1	0.05967	-0.01549	0.68841	0.00310	1	1.45898	0.81042	0	
1237381	8346.58496	3304265448076	0.53594	0.61279	8346.41797	0.16699	10936	1	0.56463	0.60318	1	0.51399	0.58683	1	0.53931	0.59501	1	0.46158	0.54387	12.58314	1.00545	1	0.72641	0.56582	12.78472	1.01992	1	-0.00951	-0.01051	0.66413	0.00319	1	0.05967	-0.01549	0.68841	0.00316	1	1.45898	0.81042	0	
1237382	8346.59180	3304265516900	0.53605	0.61173	8346.41797	0.17383	10936	1	0.56292	0.59034	1	0.51511	0.57786	1	0.53902	0.58410	1	0.46148	0.54386	12.75432	1.02794	1	0.72630	0.56620	13.02801	1.03475	1	-0.00968	-0.01049	0.67222	0.00319	1	0.05610	-0.01453	0.64784	0.00310	1	1.45898	0.81042	0	
1237383	8346.59863	3304265585667	0.53596	0.61128	8346.41797	0.18066	10936	1	0.55601	0.57713	1	0.51094	0.62093	1	0.53347	0.59903	1	0.46157	0.54344	12.30302	1.04276	1	0.72632	0.56632	13.11143	1.03510	1	-0.00968	-0.01049	0.67222	0.00329	1	0.05610	-0.01453	0.64784	0.00308	1	1.45898	0.81042	0	
1237384	8346.60547	3304265652707	0.53551	0.61094	8346.41797	0.18750	10936	1	0.54942	0.57580	1	0.49635	0.62717	1	0.52288	0.60149	1	0.46146	0.54345	12.04300	1.04312	1	0.72613	0.56630	13.39859	1.03546	1	-0.00968	-0.01049	0.67222	0.00323	1	0.05610	-0.01453	0.64784	0.00309	1	1.45898	0.81042	0	
1237385	8346.61230	3304265720915	0.53510	0.61055	8346.41797	0.19434	10936	1	0.54939	0.57560	1	0.49681	0.62271	1	0.52310	0.59916	1	0.46113	0.54376	12.10388	1.04348	1	0.72585	0.56590	12.66807	1.04348	1	-0.00968	-0.01039	0.67222	0.00311	1	0.05859	-0.01516	0.67835	0.00324	1	1.45898	0.81042	0	
1237386	8346.61914	3304265787717	0.53562	0.61078	8346.41797	0.20117	10936	1	0.59148	0.66037	1	0.51092	0.57546	1	0.55120	0.61791	1	0.46162	0.54374	12.70171	1.04348	1	0.72593	0.56536	12.38184	1.05114	1	-0.00968	-0.01039	0.67222	0.00304	1	0.05859	-0.01516	0.67835	0.00321	1	1.45898	0.81042	0	
1237387	8346.62598	3304265853056	0.53560	0.61017	8346.41797	0.20801	10936	1	0.56233	0.59941	1	0.50797	0.58300	1	0.53515	0.59120	1	0.46129	0.54320	12.26946	1.05114	1	0.72587	0.56539	12.47375	1.05880	1	-0.00968	-0.01039	0.67222	0.00301	1	0.05859	-0.01516	0.67835	0.00311	1	1.45898	0.81042	0	
1237388	8346.63281	3304265920459	0.53559	0.60960	8346.41797	0.21484	10936	1	0.56235	0.59960	1	0.50795	0.58321	1	0.53515	0.59141	1	0.46106	0.54295	12.35596	1.05078	1	0.72547	0.56517	13.21772	1.05844	1	-0.00965	-0.01014	0.65972	0.00306	1	0.05912	-0.01514	0.68437	0.00302	1	1.45898	0.81042	0	
1237389	8346.63965	3304265987268	0.53525	0.60964	8346.41797	0.22168	10936	1	0.53724	0.60936	1	0.51130	0.61232	1	0.52427	0.61084	1	0.46081	0.54290	12.22586	1.05042	1	0.72555	0.56529	13.35225	1.05042	1	-0.00965	-0.01014	0.65972	0.00299	1	0.05912	-0.01514	0.68437	0.00309	1	1.45898	0.81042	0	
1237390	8346.64551	3304266054341	0.53539	0.60955	8346.41797	0.22754	10936	1	0.56455	0.59092	1	0.51555	0.62191	1	0.54005	0.60641	1	0.46098	0.54280	12.37580	1.04241	1	0.72559	0.56531	13.12351	1.04241	1	-0.00965	-0.01014	0.65972	0.00312	1	0.05912	-0.01514	0.68437	0.00311	1	1.45898	0.81042	0	
1237391	8346.65234	3304266121738	0.53551	0.60964	8346.41797	0.23438	10936	1	0.56514	0.59543	1	0.51436	0.63066	1	0.53975	0.61304	1	0.46086	0.54286	12.78267	1.03439	1	0.72506	0.56484	12.53527	1.02673	1	-0.00965	-0.01004	0.65973	0.00310	1	0.05698	-0.01448	0.66137	0.00332	1	1.45898	0.81042	0	
1237392	8346.65918	3304266188517	0.53529	0.60968	8346.41797	0.24121	10936	1	0.57120	0.62506	1	0.48297	0.59656	1	0.52709	0.61081	1	0.46054	0.54208	12.47654	1.02673	1	0.72512	0.56427	12.39854	1.01907	1	-0.00965	-0.01004	0.65973	0.00293	1	0.05698	-0.01448	0.66137	0.00318	1	1.45898	0.81042	0	
1237393	8346.66602	3304266254930	0.53533	0.61012	8346.41797	0.24805	10936	1	0.57610	0.60493	1	0.49801	0.64796	1	0.53705	0.62645	1	0.46058	0.54214	12.35178	1.01907	1	0.72515	0.56412	12.38271	1.01141	1	-0.00965	-0.01004	0.65973	0.00299	1	0.05698	-0.01448	0.66137	0.00318	1	1.45898	0.81042	0	
1237394	8346.67188	3304266315496	0.53537	0.61079	8346.41797	0.25391	10936	1	0.57705	0.61324	1	0.49670	0.65980	1	0.53687	0.63652	1	0.46003	0.54187	12.72758	1.00429	1	0.72472	0.56364	12.96840	0.98982	1	-0.00956	-0.00966	0.64389	0.00320	1	0.05518	-0.01392	0.64215	0.00321	1	1.45898	0.81042	0	
1237395	8346.67969	3304266388612	0.53547	0.61094	8346.41797	0.26172	10936	1	0.57576	0.63186	1	0.50312	0.60104	1	0.53944	0.61645	1	0.46012	0.54186	12.54932	0.98269	1	0.72474	0.56319	12.99565	0.97588	1	-0.00956	-0.00966	0.64389	0.00309	1	0.05518	-0.01392	0.64215	0.00319	1	1.45898	0.81042	0	
1237396	8346.68555	3304266454970	0.53535	0.61188	8346.41797	0.26758	10936	1	0.56492	0.67109	1	0.49565	0.62804	1	0.53029	0.64956	1	0.46002	0.54146	12.51906	0.96876	1	0.72460	0.56282	13.13329	0.96195	1	-0.00956	-0.00966	0.64389	0.00308	1	0.05518	-0.01392	0.64215	0.00299	1	1.45898	0.81042	0	
1237397	8346.69238	3304266521036	0.53524	0.61276	8346.41797	0.27441	10936	1	0.56546	0.67465	1	0.49612	0.62346	1	0.53079	0.64905	1	0.46004	0.54119	12.69464	0.96195	1	0.72415	0.56235	12.66070	0.96961	1	-0.01012	-0.00992	0.67163	0.00324	1	0.05845	-0.01446	0.68142	0.00305	1	1.45898	0.81042	0	
1237398	8346.69922	3304266588301	0.53553	0.61329	8346.41797	0.28125	10936	1	0.57490	0.64730	1	0.52107	0.62350	1	0.54798	0.63540	1	0.45977	0.54086	12.45818	0.97673	1	0.72426	0.56210	12.54707	0.99120	1	-0.01012	-0.00992	0.67163	0.00311	1	0.05845	-0.01446	0.68142	0.00306	1	1.45898	0.81042	0	
1237399	8346.70605	3304266654523	0.53584	0.61280	8346.41797	0.28809	10936	1	0.57605	0.61827	1	0.52188	0.56552	1	0.54897	0.59190	1	0.45989	0.54046	12.11295	0.99833	1	0.72418	0.56151	12.61717	1.01280	1	-0.01012	-0.00992	0.67163	0.00318	1	0.05845	-0.01446	0.68142	0.00298	1	1.45898	0.81042	0	
1237400	8346.71289	3304266722172	0.53612	0.61215	8346.41797	0.29492	10936	1	0.57462	0.60618	1	0.52248	0.56103	1	0.54855	0.58360	1	0.45941	0.54071	12.85994	1.01992	1	0.72360	0.56102	12.03783	1.01992	1	-0.01000	-0.00956	0.65730	0.00322	1	0.05498	-0.01339	0.64213	0.00329	1	1.45898	0.81042	0	
1237401	8346.71973	3304266789005	0.53599	0.61234	8346.41797	0.30176	10936	1	0.57549	0.61903	1	0.48414	0.62262	1	0.52982	0.62083	1	0.45943	0.54023	12.76010	1.01992	1	0.72354	0.56113	12.15323	1.00545	1	-0.01000	-0.00956	0.65730	0.00301	1	0.05498	-0.01339	0.64213	0.00323	1	1.45898	0.81042	0	
1237402	8346.72559	3304266855865	0.53573	0.61249	8346.41797	0.30762	10936	1	0.56740	0.60764	1	0.48076	0.63061	1	0.52408	0.61913	1	0.45927	0.53986	12.56124	1.00545	1	0.72353	0.56068	12.34852	0.99099	1	-0.01000	-0.00956	0.65730	0.00308	1	0.05498	-0.01339	0.64213	0.00309	1	1.45898	0.81042	0	
1237403	8346.73242	3304266923452	0.53550	0.61262	8346.41797	0.31445	10936	1	0.56787	0.61130	1	0.48112	0.62599	1	0.52450	0.61864	1	0.45919	0.53938	12.31057	0.99900	1	0.72361	0.56018	12.14437	0.99900	1	-0.01046	-0.00974	0.68365	0.00332	1	0.05860	-0.01414	0.68554	0.00329	1	1.45898	0.81042	0	
1237404	8346.73926	3304266992451	0.53500	0.61422	8346.41797	0.32129	10936	1	0.54099	0.67882	1	0.49778	0.63177	1	0.51939	0.65530	1	0.45894	0.53954	11.97469	1.00702	1	0.72347	0.56025	12.49644	1.02149	1	-0.01046	-0.00974	0.68365	0.00295	1	0.05860	-0.01414	0.68554	0.00317	1	1.45898	0.81042	0	
1237405	8346.74609	3304267059546	0.53524	0.61489	8346.41797	0.32812	10936	1	0.56856	0.61811	1	0.52728	0.62825	1	0.54792	0.62318	1	0.45896	0.53941	12.05715	1.02950	1	0.72350	0.55988	12.41444	1.04397	1	-0.01046	-0.00974	0.68365	0.00290	1	0.05860	-0.01414	0.68554	0.00294	1	1.45898	0.81042	0	
1237406	8346.75293	3304267126129	0.53546	0.61549	8346.41797	0.33496	10936	1	0.56754	0.61025	1	0.52787	0.62449	1	0.54770	0.61737	1	0.45884	0.53888	11.70220	1.04397	1	0.72293	0.55941	12.26320	1.05078	1	-0.01029	-0.00930	0.66312	0.00327	1	0.05652	-0.01350	0.66177	0.00321	1	1.45898	0.81042	0	
1237407	8346.75977	3304267194563	0.53507	0.61499	8346.41797	0.34180	10936	1	0.54268	0.56963	1	0.50537	0.62717	1	0.52402	0.59840	1	0.45865	0.53878	12.28071	1.04276	1	0.72315	0.55926	12.60306	1.03510	1	-0.01029	-0.00930	0.66312	0.00322	1	0.05652	-0.01350	0.66177	0.00325	1	1.45898	0.81042	0	
1237408	8346.76660	3304267261617	0.53480	0.61624	8346.41797	0.34863	10936	1	0.56689	0.67534	1	0.48626	0.63894	1	0.52657	0.65714	1	0.45848	0.53874	12.48018	1.02709	1	0.72287	0.55907	12.22075	1.01943	1	-0.01029	-0.00930	0.66312	0.00311	1	0.05652	-0.01350	0.66177	0.00313	1	1.45898	0.81042	0	
1237409	8346.77344	3304267326797	0.53453	0.61775	8346.41797	0.35547	10936	1	0.56744	0.67908	1	0.48588	0.64317	1	0.52666	0.66112	1	0.45851	0.53881	12.47296	1.01943	1	0.72233	0.55864	12.38016	1.01177	1	-0.01055	-0.00944	0.67658	0.00310	1	0.05649	-0.01332	0.66267	0.00328	1	1.45898	0.81042	0	
1237410	8346.78027	3304267393958	0.53428	0.61894	8346.41797	0.36230	10936	1	0.56201	0.66057	1	0.47422	0.60120	1	0.51812	0.63088	1	0.45848	0.53857	12.51504	1.01979	1	0.72263	0.55858	12.51498	1.01979	1	-0.01055	-0.00944	0.67658	0.00300	1	0.05649	-0.01332	0.66267	0.00318	1	1.45898	0.81042	0	
1237411	8346.78711	3304267461752	0.53437	0.62042	8346.41797	0.36914	10936	1	0.58102	0.65454	1	0.49869	0.61705	1	0.53986	0.63580	1	0.45838	0.53854	12.68021	1.02780	1	0.72271	0.55845	12.27689	1.02780	1	-0.01055	-0.00944	0.67658	0.00294	1	0.05649	-0.01332	0.66267	0.00315	1	1.45898	0.81042	0	
1237412	8346.79297	3304267528817	0.53447	0.62177	8346.41797	0.37500	10936	1	0.58102	0.65454	1	0.49916	0.61268	1	0.54009	0.63361	1	0.45779	0.53819	11.71391	1.02780	1	0.72242	0.55817	12.81523	1.03546	1	-0.01038	-0.00911	0.65631	0.00301	1	0.05520	-0.01293	0.64808	0.00308	1	1.45898	0.81042	0	
1237413	8346.79980	3304267595413	0.53408	0.62205	8346.41797	0.38184	10936	1	0.53432	0.62206	1	0.48784	0.63260	1	0.51108	0.62733	1	0.45777	0.53833	12.66096	1.02744	1	0.72250	0.55805	12.89177	1.03510	1	-0.01038	-0.00911	0.65631	0.00299	1	0.05520	-0.01293	0.64808	0.00299	1	1.45898	0.81042	0	
1237414	8346.80664	3304267663000	0.53484	0.62252	8346.41797	0.38867	10936	1	0.57370	0.61860	1	0.52913	0.67127	1	0.55141	0.64493	1	0.45800	0.53806	12.04812	1.02709	1	0.72273	0.55837	13.28568	1.03475	1	-0.01038	-0.00911	0.65631	0.00305	1	0.05520	-0.01293	0.64808	0.00303	1	1.45898	0.81042	0	
1237415	8346.81348	3304267730156	0.53558	0.62277	8346.41797	0.39551	10936	1	0.57372	0.61879	1	0.52841	0.67540	1	0.55107	0.64709	1	0.45761	0.53843	12.35445	1.02673	1	0.72217	0.55817	12.23545	1.02673	1	-0.01041	-0.00918	0.65817	0.00301	1	0.05567	-0.01300	0.65413	0.00314	1	1.45898	0.81042	0	
1237416	8346.82031	3304267796301	0.53532	0.62266	8346.41797	0.40234	10936	1	0.54908	0.61262	1	0.48865	0.60853	1	0.51886	0.61057	1	0.45751	0.53818	12.23438	1.02673	1	0.72210	0.55769	12.13816	1.01907	1	-0.01041	-0.00918	0.65817	0.00319	1	0.05567	-0.01300	0.65413	0.00310	1	1.45898	0.81042	0	
1237417	8346.82715	3304267862871	0.53497	0.62255	8346.41797	0.40918	10936	1	0.54657	0.62080	1	0.48782	0.61182	1	0.51720	0.61631	1	0.45749	0.53826	12.05260	1.01907	1	0.72210	0.55770	11.99054	1.01141	1	-0.01041	-0.00918	0.65817	0.00307	1	0.05567	-0.01300	0.65413	0.00307	1	1.45898	0.81042	0	
1237418	8346.83301	3304267928687	0.53463	0.62244	8346.41797	0.41504	10936	1	0.54654	0.62061	1	0.48784	0.61161	1	0.51719	0.61611	1	0.45709	0.53837	11.48003	1.01943	1	0.72181	0.55786	12.45132	1.01177	1	-0.01081	-0.00949	0.67999	0.00300	1	0.05643	-0.01320	0.66422	0.00301	1	1.45898	0.81042	0	
1237419	8346.83984	3304267997022	0.53369	0.62188	8346.41797	0.42188	10936	1	0.54485	0.64253	1	0.47421	0.60638	1	0.50953	0.62445	1	0.45702	0.53894	12.37285	1.01979	1	0.72181	0.55766	12.54206	1.01979	1	-0.01081	-0.00949	0.67999	0.00317	1	0.05643	-0.01320	0.66422	0.00301	1	1.45898	0.81042	0	
1237420	8346.84668	3304268064115	0.53293	0.62091	8346.41797	0.42871	10936	1	0.53753	0.61088	1	0.49528	0.59991	1	0.51640	0.60540	1	0.45695	0.53905	12.42703	1.02780	1	0.72185	0.55756	12.34636	1.02780	1	-0.01081	-0.00949	0.67999	0.00316	1	0.05643	-0.01320	0.66422	0.00303	1	1.45898	0.81042	0	
1237421	8346.85352	3304268131014	0.53216	0.62008	8346.41797	0.43555	10936	1	0.53753	0.61088	1	0.49572	0.59542	1	0.51662	0.60315	1	0.45699	0.53878	12.41028	1.02780	1	0.72192	0.55768	12.55059	1.03546	1	-0.01073	-0.00939	0.66566	0.00315	1	0.05709	-0.01342	0.67256	0.00299	1	1.45898	0.81042	0	
1237422	8346.86035	3304268195907	0.53213	0.61915	8346.41797	0.44238	10936	1	0.56291	0.59962	1	0.49235	0.61416	1	0.52763	0.60689	1	0.45706	0.53885	12.41928	1.02744	1	0.72177	0.55781	12.47375	1.03510	1	-0.01073	-0.00939	0.66566	0.00320	1	0.05709	-0.01342	0.67256	0.00312	1	1.45898	0.81042	0	
1237423	8346.86719	3304268265421	0.53218	0.61835	8346.41797	0.44922	10936	1	0.56531	0.56239	1	0.50930	0.62884	1	0.53730	0.59562	1	0.45710	0.53852	12.13164	1.02709	1	0.72198	0.55784	12.35968	1.03475	1	-0.01073	-0.00939	0.66566	0.00327	1	0.05709	-0.01342	0.67256	0.00311	1	1.45898	0.81042	0	
1237424	8346.87402	3304268332130	0.53225	0.61758	8346.41797	0.45605	10936	1	0.56474	0.55780	1	0.50930	0.62884	1	0.53702	0.59332	1	0.45687	0.53923	12.53050	1.03475	1	0.72171	0.55803	12.82341	1.03475	1	-0.01107	-0.00969	0.68332	0.00311	1	0.05554	-0.01307	0.65495	0.00304	1	1.45898	0.81042	0	
1237425	8346.87988	3304268394208	0.53225	0.61809	8346.41797	0.46191	10936	1	0.55988	0.61444	1	0.51018	0.63256	1	0.53503	0.62350	1	0.45695	0.53908	12.75008	1.04276	1	0.72169	0.55808	12.94497	1.03510	1	-0.01107	-0.00969	0.68332	0.00312	1	0.05554	-0.01307	0.65495	0.00304	1	1.45898	0.81042	0	
1237426	8346.88672	3304268465321	0.53240	0.61795	8346.41797	0.46875	10936	1	0.56395	0.61578	1	0.52271	0.62700	1	0.54333	0.62139	1	0.45653	0.53900	12.24441	1.04312	1	0.72149	0.55797	12.67200	1.03546	1	-0.01107	-0.00969	0.68332	0.00309	1	0.05554	-0.01307	0.65495	0.00294	1	1.45898	0.81042	0	
1237427	8346.89355	3304268532622	0.53255	0.61768	8346.41797	0.47559	10936	1	0.56452	0.61991	1	0.52271	0.62700	1	0.54361	0.62345	1	0.45519	0.53863	12.46282	1.03546	1	0.72047	0.55678	12.43187	1.03546	1	-0.01089	-0.00925	0.66334	0.00357	1	0.05768	-0.01343	0.68321	0.00324	1	1.45898	0.81042	0	
1237428	8346.90039	3304268599575	0.53191	0.61750	8346.41797	0.48242	10936	1	0.51967	0.61561	1	0.47870	0.58349	1	0.49919	0.59955	1	0.45514	0.53808	11.92088	1.02744	1	0.71991	0.55650	13.16223	1.03510	1	-0.01089	-0.00925	0.66334	0.00316	1	0.05768	-0.01343	0.68321	0.00318	1	1.45898	0.81042	0	
1237429	8346.90723	3304268667877	0.53128	0.61721	8346.41797	0.48926	10936	1	0.52336	0.60778	1	0.49485	0.55466	1	0.50911	0.58122	1	0.45515	0.53796	12.31492	1.02709	1	0.71985	0.55575	12.79843	1.03475	1	-0.01089	-0.00925	0.66334	0.00312	1	0.05768	-0.01343	0.68321	0.00322	1	1.45898	0.81042	0	
1237430	8346.91406	3304268733655	0.53065	0.61710	8346.41797	0.49609	10936	1	0.52251	0.60352	1	0.49485	0.55466	1	0.50868	0.57909	1	0.45383	0.53738	12.37605	1.03475	1	0.71847	0.55541	13.84368	1.03475	1	-0.01149	-0.00934	0.68428	0.00359	1	0.05532	-0.01269	0.65811	0.00349	1	1.45898	0.81042	0	
1237431	8346.92090	3304268800929	0.52880	0.61496	8346.41797	0.50293	10936	1	0.45758	0.48864	1	0.43209	0.50314	1	0.44484	0.49589	1	0.45385	0.53622	12.28379	1.04276	1	0.71873	0.55458	13.01799	1.03510	1	-0.01149	-0.00934	0.68428	0.00333	1	0.05532	-0.01269	0.65811	0.00329	1	1.45898	0.81042	0	
1237432	8346.92676	3304268865247	0.51315	0.58558	8346.41797	0.50293	10936	0	0.45464	0.49788	1	0.45623	0.50982	1	0.45543	0.50385	1	0.45382	0.53616	12.31897	1.04312	1	0.71876	0.55472	13.08311	1.03546	1	-0.01149	-0.00934	0.68428	0.00337	1	0.05532	-0.01269	0.65811	0.00329	1	1.45898	0.81042	0	
1237433	8346.93359	3304268934818	0.48457	0.54725	8346.41797	0.50293	10936	0	0.45592	0.50291	1	0.45607	0.51493	1	0.45599	0.50892	1	0.45385	0.53618	12.12076	1.03546	1	0.71822	0.55406	12.23431	1.02780	1	-0.01130	-0.00914	0.66987	0.00324	1	0.05532	-0.01259	0.65811	0.00352	1	1.45898	0.81042	0	
1237434	8346.94043	3304269001813	0.47451	0.53042	8346.41797	0.50293	10936	0	0.49942	0.55716	1	0.40936	0.43639	1	0.45439	0.49677	1	0.45402	0.53631	12.39316	1.01979	1	0.71831	0.55404	12.10274	1.01979	1	-0.01130	-0.00914	0.66987	0.00344	1	0.05532	-0.01259	0.65811	0.00353	1	1.45898	0.81042	0	
1237435	8346.94727	3304269069150	0.45533	0.50313	8346.41797	0.50293	10936	0	0.49021	0.54944	1	0.42097	0.45797	1	0.45559	0.50371	1	0.45393	0.53628	12.17456	1.01177	1	0.71848	0.55410	12.58883	1.01177	1	-0.01130	-0.00914	0.66987	0.00334	1	0.05532	-0.01259	0.65811	0.00347	1	1.45898	0.81042	0	
1237436	8346.95410	3304269135406	0.45546	0.50342	8346.41797	0.50293	10936	0	0.49021	0.54944	1	0.42097	0.45797	1	0.45559	0.50371	1	0.45355	0.53628	12.11270	1.01177	1	0.71831	0.55429	12.47137	1.01177	1	-0.01151	-0.00927	0.67947	0.00345	1	0.05530	-0.01263	0.65790	0.00345	1	1.45898	0.81042	0	
1237437	8346.96094	3304269202777	0.45696	0.50550	8346.41797	0.50293	10936	0	0.47655	0.55530	1	0.44338	0.46402	1	0.45997	0.50966	1	0.45359	0.53622	11.53842	1.01979	1	0.71854	0.55414	12.69061	1.01979	1	-0.01151	-0.00927	0.67947	0.00344	1	0.05530	-0.01263	0.65790	0.00342	1	1.45898	0.81042	0	
1237438	8346.96777	3304269269659	0.45734	0.50279	8346.94727	0.02051	10937	1	0.48557	0.52412	1	0.43137	0.46522	1	0.45847	0.49467	1	0.45383	0.53599	11.64373	1.02780	1	0.71831	0.55429	12.47137	1.02780	1	-0.01151	-0.00927	0.67947	0.00346	1	0.05530	-0.01263	0.65790	0.00345	1	1.45898	0.81042	0	
1237439	8346.97461	3304269336540	0.45744	0.49892	8346.94727	0.02734	10937	1	0.48442	0.51900	1	0.43130	0.44785	1	0.45786	0.48342	1	0.45332	0.53632	11.83000	1.03582	1	0.71818	0.55392	12.86049	1.05216	1	-0.01158	-0.00928	0.68326	0.00350	1	0.05854	-0.01345	0.69763	0.00360	1	1.45898	0.81042	0	
1237440	8346.98047	3304269403467	0.45711	0.48798	8346.94727	0.03320	10937	1	0.48162	0.51393	1	0.42924	0.35260	1	0.45543	0.43327	1	0.45335	0.53632	11.78854	1.05216	1	0.71820	0.55324	12.60641	1.06850	1	-0.01158	-0.00928	0.68326	0.00352	1	0.05854	-0.01345	0.69763	0.00393	1	1.45898	0.81042	0	
1237441	8346.98730	3304269470493	0.45736	0.48246	8346.94727	0.04004	10937	1	0.47002	0.54990	1	0.44768	0.34887	1	0.45885	0.44938	1	0.45332	0.53645	11.92976	1.06850	1	0.71816	0.55363	12.82314	1.08484	1	-0.01158	-0.00928	0.68326	0.00355	1	0.05854	-0.01345	0.69763	0.00374	1	1.45898	0.81042	0	
1237442	8346.99414	3304269537595	0.45746	0.47804	8346.94727	0.04688	10937	1	0.46876	0.54497	1	0.44768	0.34915	1	0.45822	0.44706	1	0.45314	0.53552	12.41806	1.07682	1	0.71777	0.55437	13.43744	1.08448	1	-0.01121	-0.00881	0.65260	0.00334	1	0.05617	-0.01292	0.67009	0.00353	1	1.45898	0.81042	0	
1237443	8347.00098	3304269604738	0.45620	0.47761	8346.94727	0.05371	10937	1	0.48226	0.50691	1	0.40991	0.44152	1	0.44609	0.47421	1	0.45310	0.53609	12.58553	1.07646	1	0.71760	0.55429	13.39257	1.06778	1	-0.01121	-0.00881	0.65260	0.00346	1	0.05617	-0.01292	0.67009	0.00369	1	1.45898	0.81042	0	
1237444	8347.00781	3304269671474	0.45458	0.47935	8346.94727	0.06055	10937	1	0.47130	0.51135	1	0.40875	0.47852	1	0.44003	0.49494	1	0.45294	0.53608	11.86153	1.05977	1	0.71759	0.55450	13.28016	1.05109	1	-0.01121	-0.00881	0.65260	0.00348	1	0.05617	-0.01292	0.67009	0.00371	1	1.45898	0.81042	0	
1237445	8347.01465	3304269738407	0.45334	0.48152	8346.94727	0.06738	10937	1	0.47261	0.51685	1	0.40914	0.48968	1	0.44088	0.50327	1	0.45265	0.53608	11.50814	1.05109	1	0.71755	0.55376	12.11492	1.03475	1	-0.01163	-0.00916	0.67453	0.00352	1	0.05524	-0.01271	0.65961	0.00345	1	1.45898	0.81042	0	
1237446	8347.02148	3304269805357	0.45325	0.48074	8346.94727	0.07422	10937	1	0.47129	0.48293	1	0.43329	0.46141	1	0.45229	0.47217	1	0.45249	0.53593	12.77505	1.04276	1	0.71757	0.55436	12.33310	1.03510	1	-0.01163	-0.00916	0.67453	0.00347	1	0.05524	-0.01271	0.65961	0.00370	1	1.45898	0.81042	0	
1237447	8347.02734	3304269872745	0.45472	0.47863	8346.94727	0.08008	10937	1	0.47714	0.48664	1	0.46750	0.41987	1	0.47232	0.45325	1	0.45224	0.53604	12.29128	1.04312	1	0.71770	0.55445	12.03576	1.03546	1	-0.01163	-0.00916	0.67453	0.00330	1	0.05524	-0.01271	0.65961	0.00367	1	1.45898	0.81042	0	
1237448	8347.03418	3304269939354	0.45597	0.47680	8346.94727	0.08691	10937	1	0.47709	0.48640	1	0.46752	0.41960	1	0.47230	0.45300	1	0.45207	0.53646	12.34643	1.04348	1	0.71724	0.55491	13.06493	1.03582	1	-0.01175	-0.00914	0.66958	0.00335	1	0.05525	-0.01276	0.66202	0.00341	1	1.45898	0.81042	0	
1237449	8347.04102	3304270006374	0.45595	0.47744	8346.94727	0.09375	10937	1	0.47998	0.49301	1	0.43118	0.48000	1	0.45558	0.48651	1	0.45180	0.53662	11.76579	1.03582	1	0.71671	0.55482	13.58829	1.03582	1	-0.01175	-0.00914	0.66958	0.00388	1	0.05525	-0.01276	0.66202	0.00347	1	1.45898	0.81042	0	
1237450	8347.04785	3304270072974	0.45708	0.47901	8346.94727	0.10059	10937	1	0.50568	0.49443	1	0.44260	0.51062	1	0.47414	0.50252	1	0.45190	0.53665	12.35555	1.03582	1	0.71663	0.55528	13.57877	1.03582	1	-0.01175	-0.00914	0.66958	0.00367	1	0.05525	-0.01276	0.66202	0.00348	1	1.45898	0.81042	0	
1237451	8347.05469	3304270140515	0.45809	0.48039	8346.94727	0.10742	10937	1	0.50568	0.49443	1	0.44260	0.51062	1	0.47414	0.50252	1	0.45141	0.53680	12.39979	1.03582	1	0.71641	0.55527	13.31694	1.03582	1	-0.01215	-0.00939	0.68069	0.00358	1	0.05460	-0.01271	0.65662	0.00340	1	1.45898	0.81042	0	
1237452	8347.06152	3304270207413	0.45768	0.48354	8346.94727	0.11426	10937	1	0.48229	0.54551	1	0.41916	0.52867	1	0.45072	0.53709	1	0.45109	0.53714	12.28473	1.03582	1	0.71582	0.55554	13.31260	1.03582	1	-0.01215	-0.00939	0.68069	0.00349	1	0.05460	-0.01271	0.65662	0.00339	1	1.45898	0.81042	0	
1237453	8347.06836	3304270273939	0.45849	0.48404	8346.94727	0.12109	10937	1	0.50967	0.47972	1	0.43661	0.50637	1	0.47314	0.49304	1	0.45117	0.53689	12.29050	1.03582	1	0.71569	0.55561	13.10385	1.03582	1	-0.01215	-0.00939	0.68069	0.00343	1	0.05460	-0.01271	0.65662	0.00349	1	1.45898	0.81042	0	
1237454	8347.07422	3304270338415	0.45922	0.48449	8346.94727	0.12695	10937	1	0.50967	0.47972	1	0.43661	0.50637	1	0.47314	0.49304	1	0.45053	0.53693	12.44105	1.03582	1	0.71550	0.55519	13.18583	1.03582	1	-0.01252	-0.00962	0.68975	0.00365	1	0.05445	-0.01281	0.65717	0.00344	1	1.45898	0.81042	0	
1237455	8347.08105	3304270407543	0.45858	0.48494	8346.94727	0.13379	10937	1	0.46280	0.47014	1	0.42859	0.51752	1	0.44569	0.49383	1	0.45014	0.53742	11.74911	1.03582	1	0.71522	0.55566	13.24377	1.03582	1	-0.01252	-0.00962	0.68975	0.00399	1	0.05445	-0.01281	0.65717	0.00351	1	1.45898	0.81042	0	
1237456	8347.08789	3304270473153	0.45945	0.48454	8346.94727	0.14062	10937	1	0.49776	0.50296	1	0.45779	0.44945	1	0.47778	0.47620	1	0.45018	0.53768	12.74715	1.03582	1	0.71521	0.55550	12.26825	1.03582	1	-0.01252	-0.00962	0.68975	0.00344	1	0.05445	-0.01281	0.65717	0.00363	1	1.45898	0.81042	0	
1237457	8347.09473	3304270539006	0.46025	0.48406	8346.94727	0.14746	10937	1	0.49776	0.50296	1	0.45796	0.44390	1	0.47786	0.47343	1	0.44976	0.53774	12.06050	1.03582	1	0.71452	0.55581	12.50145	1.04348	1	-0.01248	-0.00954	0.67685	0.00352	1	0.05603	-0.01325	0.67930	0.00353	1	1.45898	0.81042	0	
1237458	8347.10156	3304270606730	0.46039	0.48379	8346.94727	0.15430	10937	1	0.49074	0.50898	1	0.43634	0.44616	1	0.46354	0.47757	1	0.44970	0.53777	11.69285	1.04348	1	0.71449	0.55556	12.21405	1.05114	1	-0.01248	-0.00954	0.67685	0.00355	1	0.05603	-0.01325	0.67930	0.00362	1	1.45898	0.81042	0	
1237459	8347.10742	3304270673136	0.46011	0.48395	8346.94727	0.16016	10937	1	0.47899	0.49067	1	0.42798	0.48488	1	0.45349	0.48777	1	0.44916	0.53779	12.33488	1.05114	1	0.71403	0.55604	13.22766	1.05880	1	-0.01248	-0.00954	0.67685	0.00336	1	0.05603	-0.01325	0.67930	0.00362	1	1.45898	0.81042	0	
1237460	8347.11426	3304270741117	0.45984	0.48400	8346.94727	0.16699	10937	1	0.47788	0.48563	1	0.42798	0.48488	1	0.45293	0.48526	1	0.44913	0.53827	12.23948	1.05880	1	0.71394	0.55584	12.21679	1.05880	1	-0.01278	-0.00971	0.68155	0.00345	1	0.05398	-0.01290	0.65627	0.00359	1	1.45898	0.81042	0	
1237461	8347.12109	3304270805560	0.45916	0.48487	8346.94727	0.17383	10937	1	0.47992	0.52933	1	0.40296	0.48578	1	0.44144	0.50756	1	0.44875	0.53859	11.81781	1.05880	1	0.71322	0.55620	13.12543	1.05114	1	-0.01278	-0.00971	0.68155	0.00354	1	0.05398	-0.01290	0.65627	0.00347	1	1.45898	0.81042	0	
1237462	8347.12793	3304270876820	0.45939	0.48626	8346.94727	0.18066	10937	1	0.47826	0.52860	1	0.45314	0.51901	1	0.46570	0.52380	1	0.44867	0.53873	12.08196	1.05114	1	0.71362	0.55631	12.35744	1.04348	1	-0.01278	-0.00971	0.68155	0.00348	1	0.05398	-0.01290	0.65627	0.00356	1	1.45898	0.81042	0	
1237463	8347.13477	3304270940624	0.45964	0.48781	8346.94727	0.18750	10937	1	0.48056	0.53833	1	0.45300	0.52424	1	0.46678	0.53129	1	0.44898	0.53865	12.11961	1.03546	1	0.71329	0.55645	12.95153	1.03546	1	-0.01239	-0.00938	0.65846	0.00353	1	0.05512	-0.01325	0.67198	0.00353	1	1.45898	0.81042	0	
1237464	8347.14160	3304271011240	0.45975	0.48796	8346.94727	0.19434	10937	1	0.46940	0.49338	1	0.45614	0.49114	1	0.46277	0.49226	1	0.44891	0.53827	12.21866	1.02744	1	0.71405	0.55596	12.91344	1.03510	1	-0.01239	-0.00938	0.65846	0.00359	1	0.05512	-0.01325	0.67198	0.00346	1	1.45898	0.81042	0	
1237465	8347.14844	3304271078178	0.46010	0.48670	8346.94727	0.20117	10937	1	0.49312	0.51094	1	0.44826	0.38674	1	0.47069	0.44884	1	0.44925	0.53818	12.32052	1.02709	1	0.71377	0.55545	13.08583	1.03475	1	-0.01239	-0.00938	0.65846	0.00369	1	0.05512	-0.01325	0.67198	0.00385	1	1.45898	0.81042	0	
1237466	8347.15527	3304271145123	0.46042	0.48544	8346.94727	0.20801	10937	1	0.49207	0.50594	1	0.44826	0.38674	1	0.47017	0.44634	1	0.45054	0.53829	11.74868	1.03475	1	0.71502	0.55581	12.30819	1.03475	1	-0.01274	-0.00976	0.68515	0.00370	1	0.05443	-0.01305	0.66171	0.00372	1	1.45898	0.81042	0	
1237467	8347.16113	3304271208662	0.46249	0.48461	8346.94727	0.21387	10937	1	0.54901	0.45317	1	0.50900	0.46294	1	0.52900	0.45805	1	0.45034	0.53827	12.27605	1.04276	1	0.71491	0.55628	12.76789	1.03510	1	-0.01274	-0.00976	0.68515	0.00365	1	0.05443	-0.01305	0.66171	0.00349	1	1.45898	0.81042	0	
1237468	8347.16797	3304271279080	0.46462	0.48348	8346.94727	0.22070	10937	1	0.56323	0.45351	1	0.50648	0.43873	1	0.53486	0.44612	1	0.45060	0.53833	11.87584	1.04312	1	0.71494	0.55594	11.96697	1.03546	1	-0.01274	-0.00976	0.68515	0.00364	1	0.05443	-0.01305	0.66171	0.00372	1	1.45898	0.81042	0	
1237469	8347.17480	3304271346347	0.46664	0.48232	8346.94727	0.22754	10937	1	0.56321	0.45326	1	0.50702	0.43281	1	0.53511	0.44303	1	0.44992	0.53828	12.41117	1.04348	1	0.71437	0.55616	12.26222	1.04348	1	-0.01278	-0.00971	0.68155	0.00363	1	0.05610	-0.01357	0.68259	0.00381	1	1.45898	0.81042	0	
1237470	8347.18164	3304271413109	0.46745	0.48184	8346.94727	0.23438	10937	1	0.52009	0.47470	1	0.47164	0.45499	1	0.49586	0.46484	1	0.44984	0.53846	12.52349	1.04348	1	0.71432	0.55660	12.38103	1.05114	1	-0.01278	-0.00971	0.68155	0.00363	1	0.05610	-0.01357	0.68259	0.00382	1	1.45898	0.81042	0	
1237471	8347.18848	3304271480122	0.46872	0.48075	8346.94727	0.24121	10937	1	0.52286	0.45404	1	0.50592	0.42943	1	0.51439	0.44173	1	0.44983	0.53824	12.51188	1.05114	1	0.71437	0.55654	12.10453	1.05880	1	-0.01278	-0.00971	0.68155	0.00356	1	0.05610	-0.01357	0.68259	0.00387	1	1.45898	0.81042	0	
1237472	8347.19531	3304271547001	0.46992	0.47973	8346.94727	0.24805	10937	1	0.52290	0.45429	1	0.50589	0.42969	1	0.51440	0.44199	1	0.44972	0.53857	12.26199	1.05078	1	0.71442	0.55687	12.59176	1.05844	1	-0.01239	-0.00948	0.65846	0.00347	1	0.05512	-0.01336	0.67198	0.00368	1	1.45898	0.81042	0	
1237473	8347.20215	3304271614229	0.49786	0.46770	8346.94727	0.24805	10937	0	0.54133	0.48060	1	0.48775	0.46754	1	0.51454	0.47407	1	0.44971	0.53850	12.27675	1.05042	1	0.71423	0.55684	12.56617	1.05042	1	-0.01239	-0.00948	0.65846	0.00346	1	0.05512	-0.01336	0.67198	0.00363	1	1.45898	0.81042	0	
1237474	8347.20898	3304271680940	0.50855	0.47202	8346.94727	0.24805	10937	0	0.54861	0.47895	1	0.48988	0.47373	1	0.51925	0.47634	1	0.44984	0.53857	12.41971	1.04241	1	0.71417	0.55691	12.59145	1.04241	1	-0.01239	-0.00948	0.65846	0.00337	1	0.05512	-0.01336	0.67198	0.00354	1	1.45898	0.81042	0	
1237475	8347.21484	3304271748010	0.51205	0.47435	8346.94727	0.24805	10937	0	0.54861	0.47895	1	0.48949	0.47909	1	0.51905	0.47902	1	0.44977	0.53830	12.21671	1.04241	1	0.71421	0.55699	12.70276	1.03475	1	-0.01283	-0.00972	0.67878	0.00352	1	0.05509	-0.01341	0.67214	0.00351	1	1.45898	0.81042	0	
1237476	8347.22168	3304271814761	0.51494	0.47813	8347.20215	0.01953	10938	1	0.54843	0.47925	1	0.49876	0.49967	1	0.52360	0.48946	1	0.44982	0.53861	12.64428	1.04276	1	0.71397	0.55709	13.15529	1.03510	1	-0.01283	-0.00972	0.67878	0.00336	1	0.05509	-0.01341	0.67214	0.00350	1	1.45898	0.81042	0	
1237477	8347.22852	3304271881939	0.51381	0.47963	8347.20215	0.02637	10938	1	0.52878	0.46602	1	0.48984	0.50520	1	0.50931	0.48561	1	0.44959	0.53817	12.30137	1.04312	1	0.71377	0.55719	13.38043	1.03546	1	-0.01283	-0.00972	0.67878	0.00370	1	0.05509	-0.01341	0.67214	0.00357	1	1.45898	0.81042	0	
1237478	8347.23535	3304271949002	0.51313	0.47967	8347.20215	0.03320	10938	1	0.52874	0.46578	1	0.49070	0.49395	1	0.50972	0.47987	1	0.45005	0.53845	12.19457	1.04348	1	0.71355	0.55705	13.56248	1.05216	1	-0.01283	-0.00967	0.67878	0.00360	1	0.05757	-0.01399	0.70367	0.00360	1	1.45898	0.81042	0	
1237479	8347.24219	3304272015823	0.51213	0.47614	8347.20215	0.04004	10938	1	0.52188	0.44981	1	0.49039	0.46016	1	0.50614	0.45498	1	0.44942	0.53813	12.64767	1.05216	1	0.71384	0.55680	13.22070	1.06850	1	-0.01283	-0.00967	0.67878	0.00354	1	0.05757	-0.01399	0.70367	0.00355	1	1.45898	0.81042	0	
1237480	8347.24902	3304272083168	0.51387	0.47451	8347.20215	0.04688	10938	1	0.56002	0.49563	1	0.49207	0.43053	1	0.52604	0.46308	1	0.44966	0.53840	13.12323	1.06850	1	0.71383	0.55677	12.84779	1.08484	1	-0.01283	-0.00967	0.67878	0.00360	1	0.05757	-0.01399	0.70367	0.00351	1	1.45898	0.81042	0	
1237481	8347.25586	3304272149702	0.51518	0.47236	8347.20215	0.05371	10938	1	0.55879	0.48520	1	0.49246	0.42508	1	0.52563	0.45514	1	0.44927	0.53834	12.64864	1.08484	1	0.71356	0.55634	11.82304	1.09250	1	-0.01285	-0.00956	0.67466	0.00368	1	0.05556	-0.01351	0.67976	0.00375	1	1.45898	0.81042	0	
1237482	8347.26172	3304272216476	0.51448	0.47062	8347.20215	0.05957	10938	1	0.53752	0.42980	1	0.47898	0.48021	1	0.50825	0.45501	1	0.44941	0.53749	12.91931	1.09250	1	0.71357	0.55670	12.55860	1.08382	1	-0.01285	-0.00956	0.67466	0.00369	1	0.05556	-0.01351	0.67976	0.00380	1	1.45898	0.81042	0	
1237483	8347.26855	3304272283822	0.51356	0.47170	8347.20215	0.06641	10938	1	0.52744	0.46610	1	0.48118	0.49883	1	0.50431	0.48246	1	0.44918	0.53768	12.45232	1.08382	1	0.71373	0.55632	12.44488	1.07514	1	-0.01285	-0.00956	0.67466	0.00355	1	0.05556	-0.01351	0.67976	0.00359	1	1.45898	0.81042	0	
1237484	8347.27539	3304272350817	0.51281	0.47307	8347.20215	0.07324	10938	1	0.52831	0.47181	1	0.48082	0.50451	1	0.50457	0.48816	1	0.44914	0.53697	12.51333	1.07514	1	0.71332	0.55698	13.38575	1.06646	1	-0.01303	-0.00954	0.68391	0.00389	1	0.05556	-0.01341	0.67976	0.00365	1	1.45898	0.81042	0	
1237485	8347.28223	3304272417695	0.51312	0.46997	8347.20215	0.08008	10938	1	0.51938	0.37986	1	0.51440	0.48557	1	0.51689	0.43272	1	0.44917	0.53654	12.32521	1.06646	1	0.71347	0.55625	13.07296	1.06646	1	-0.01303	-0.00954	0.68391	0.00397	1	0.05556	-0.01341	0.67976	0.00349	1	1.45898	0.81042	0	
1237486	8347.28906	3304272482075	0.51321	0.47169	8347.20215	0.08691	10938	1	0.52557	0.48749	1	0.50303	0.50070	1	0.51430	0.49410	1	0.44907	0.53715	12.47981	1.06646	1	0.71315	0.55630	13.11276	1.06646	1	-0.01303	-0.00954	0.68391	0.00340	1	0.05556	-0.01341	0.67976	0.00349	1	1.45898	0.81042	0	
1237487	8347.29590	3304272552088	0.51328	0.47318	8347.20215	0.09375	10938	1	0.52557	0.48749	1	0.50303	0.50070	1	0.51430	0.49410	1	0.44902	0.53714	12.71836	1.06646	1	0.71308	0.55553	13.02061	1.06646	1	-0.01285	-0.00936	0.67466	0.00358	1	0.05524	-0.01321	0.67718	0.00370	1	1.45898	0.81042	0	
1237488	8347.30273	3304272618292	0.51252	0.47292	8347.20215	0.10059	10938	1	0.50982	0.42805	1	0.49234	0.51004	1	0.50108	0.46904	1	0.44899	0.53640	12.19546	1.06646	1	0.71306	0.55555	13.15376	1.06646	1	-0.01285	-0.00936	0.67466	0.00375	1	0.05524	-0.01321	0.67718	0.00378	1	1.45898	0.81042	0	
1237489	8347.30859	3304272685582	0.51308	0.47305	8347.20215	0.10645	10938	1	0.53275	0.46539	1	0.51128	0.48487	1	0.52202	0.47513	1	0.44924	0.53649	12.33846	1.06646	1	0.71347	0.55524	12.50995	1.06646	1	-0.01285	-0.00936	0.67466	0.00360	1	0.05524	-0.01321	0.67718	0.00366	1	1.45898	0.81042	0	
1237490	8347.31543	3304272753498	0.51358	0.47347	8347.20215	0.11328	10938	1	0.53354	0.47076	1	0.51072	0.49027	1	0.52213	0.48052	1	0.44899	0.53662	12.21847	1.05844	1	0.71297	0.55470	12.70818	1.05844	1	-0.01267	-0.00905	0.66282	0.00342	1	0.05549	-0.01321	0.68024	0.00362	1	1.45898	0.81042	0	
1237491	8347.32227	3304272819759	0.51330	0.47289	8347.20215	0.12012	10938	1	0.52912	0.45779	1	0.48747	0.46709	1	0.50830	0.46244	1	0.44875	0.53632	12.54772	1.05042	1	0.71297	0.55499	12.86966	1.05042	1	-0.01267	-0.00905	0.66282	0.00345	1	0.05549	-0.01321	0.68024	0.00357	1	1.45898	0.81042	0	
1237492	8347.32910	3304272886656	0.51361	0.47289	8347.20215	0.12695	10938	1	0.53375	0.47161	1	0.50514	0.47416	1	0.51944	0.47288	1	0.44881	0.53612	12.02346	1.04241	1	0.71325	0.55481	12.24794	1.04241	1	-0.01267	-0.00905	0.66282	0.00351	1	0.05549	-0.01321	0.68024	0.00357	1	1.45898	0.81042	0	
1237493	8347.33594	3304272953277	0.51389	0.47289	8347.20215	0.13379	10938	1	0.53375	0.47161	1	0.50514	0.47416	1	0.51944	0.47288	1	0.44894	0.53598	12.48571	1.04241	1	0.71298	0.55415	12.91158	1.04241	1	-0.01298	-0.00918	0.67599	0.00355	1	0.05413	-0.01276	0.66471	0.00387	1	1.45898	0.81042	0	
1237494	8347.34277	3304273020564	0.51426	0.47231	8347.20215	0.14062	10938	1	0.54508	0.46911	1	0.49903	0.45142	1	0.52206	0.46027	1	0.44901	0.53564	12.56003	1.05042	1	0.71312	0.55369	12.84485	1.05042	1	-0.01298	-0.00918	0.67599	0.00342	1	0.05413	-0.01276	0.66471	0.00365	1	1.45898	0.81042	0	
1237495	8347.34961	3304273087589	0.51392	0.47125	8347.20215	0.14746	10938	1	0.53582	0.47308	1	0.47698	0.42250	1	0.50640	0.44779	1	0.44895	0.53562	12.46627	1.05844	1	0.71286	0.55352	12.08217	1.05844	1	-0.01298	-0.00918	0.67599	0.00343	1	0.05413	-0.01276	0.66471	0.00377	1	1.45898	0.81042	0	
1237496	8347.35547	3304273154439	0.51360	0.46990	8347.20215	0.15332	10938	1	0.53505	0.46773	1	0.47762	0.41021	1	0.50634	0.43897	1	0.44903	0.53534	12.31817	1.06646	1	0.71271	0.55371	12.01902	1.07514	1	-0.01298	-0.00908	0.67599	0.00357	1	0.05841	-0.01360	0.71662	0.00370	1	1.45898	0.81042	0	
1237497	8347.36230	3304273221670	0.51322	0.46842	8347.20215	0.16016	10938	1	0.54623	0.41557	1	0.46189	0.45029	1	0.50406	0.43293	1	0.44911	0.53521	12.19385	1.07514	1	0.71254	0.55386	12.11854	1.08382	1	-0.01298	-0.00908	0.67599	0.00354	1	0.05841	-0.01360	0.71662	0.00368	1	1.45898	0.81042	0	
1237498	8347.36914	3304273288254	0.51297	0.46573	8347.20215	0.16699	10938	1	0.53580	0.37620	1	0.47781	0.42032	1	0.50681	0.39826	1	0.44903	0.53493	12.16463	1.08382	1	0.71284	0.55374	12.66176	1.09250	1	-0.01298	-0.00908	0.67599	0.00366	1	0.05841	-0.01360	0.71662	0.00354	1	1.45898	0.81042	0	
1237499	8347.37598	3304273353877	0.51272	0.46321	8347.20215	0.17383	10938	1	0.53499	0.36977	1	0.47751	0.42580	1	0.50625	0.39779	1	0.44891	0.53457	11.72799	1.09250	1	0.71289	0.55379	12.93982	1.08484	1	-0.01298	-0.00902	0.67599	0.00389	1	0.05416	-0.01256	0.66449	0.00362	1	1.45898	0.81042	0	
1237500	8347.38281	3304273422761	0.51226	0.46208	8347.20215	0.18066	10938	1	0.51225	0.46409	1	0.48709	0.39928	1	0.49967	0.43169	1	0.44898	0.53571	12.16876	1.08484	1	0.71295	0.55286	12.60323	1.06850	1	-0.01298	-0.00902	0.67599	0.00348	1	0.05416	-0.01256	0.66449	0.00390	1	1.45898	0.81042	0	
1237501	8347.38965	3304273489231	0.51126	0.46004	8347.20215	0.18750	10938	1	0.50073	0.35851	1	0.46612	0.44689	1	0.48343	0.40270	1	0.44884	0.53427	11.53729	1.06850	1	0.71270	0.55309	12.09995	1.05216	1	-0.01298	-0.00902	0.67599	0.00404	1	0.05416	-0.01256	0.66449	0.00388	1	1.45898	0.81042	0	
1237502	8347.39648	3304273556473	0.51037	0.45873	8347.20215	0.19434	10938	1	0.50374	0.37726	1	0.46541	0.46434	1	0.48458	0.42080	1	0.44896	0.53560	11.98922	1.04414	1	0.71317	0.55387	12.97942	1.02780	1	-0.01260	-0.00879	0.65880	0.00355	1	0.05435	-0.01258	0.66558	0.00369	1	1.45898	0.81042	0	
1237503	8347.40234	3304273623391	0.51110	0.46015	8347.20215	0.20020	10938	1	0.55713	0.50376	1	0.50890	0.50160	1	0.53302	0.50268	1	0.44954	0.53566	12.75598	1.01979	1	0.71337	0.55403	12.93854	1.01979	1	-0.01260	-0.00879	0.65880	0.00366	1	0.05435	-0.01258	0.66558	0.00358	1	1.45898	0.81042	0	
1237504	8347.40918	3304273690245	0.51125	0.46105	8347.20215	0.20703	10938	1	0.53722	0.48443	1	0.49439	0.49375	1	0.51580	0.48909	1	0.44923	0.53542	12.33091	1.01177	1	0.71346	0.55394	12.63659	1.01177	1	-0.01260	-0.00879	0.65880	0.00361	1	0.05435	-0.01258	0.66558	0.00366	1	1.45898	0.81042	0	
1237505	8347.41602	3304273757431	0.51140	0.46182	8347.20215	0.21387	10938	1	0.53722	0.48443	1	0.49483	0.48838	1	0.51602	0.48641	1	0.44945	0.53577	12.56960	1.01177	1	0.71363	0.55351	12.17988	1.01943	1	-0.01285	-0.00906	0.67466	0.00349	1	0.05627	-0.01301	0.68846	0.00389	1	1.45898	0.81042	0	
1237506	8347.42285	3304273824402	0.51150	0.46189	8347.20215	0.22070	10938	1	0.55175	0.47543	1	0.47809	0.45301	1	0.51492	0.46422	1	0.44948	0.53556	12.58032	1.02744	1	0.71360	0.55354	12.31888	1.03510	1	-0.01285	-0.00906	0.67466	0.00345	1	0.05627	-0.01301	0.68846	0.00388	1	1.45898	0.81042	0	
1237507	8347.42969	3304273890974	0.51117	0.46130	8347.20215	0.22754	10938	1	0.53049	0.41909	1	0.46945	0.46353	1	0.49997	0.44131	1	0.44963	0.53476	11.57836	1.04312	1	0.71353	0.55375	12.54671	1.05078	1	-0.01285	-0.00906	0.67466	0.00391	1	0.05627	-0.01301	0.68846	0.00363	1	1.45898	0.81042	0	
1237508	8347.43652	3304273958464	0.51084	0.46051	8347.20215	0.23438	10938	1	0.52890	0.40766	1	0.46971	0.45790	1	0.49931	0.43278	1	0.44971	0.53538	12.11268	1.05880	1	0.71414	0.55381	12.48190	1.05880	1	-0.01296	-0.00938	0.69128	0.00355	1	0.05376	-0.01260	0.65601	0.00372	1	1.45898	0.81042	0	
1237509	8347.44336	3304274025158	0.51003	0.46009	8347.20215	0.24121	10938	1	0.48595	0.42593	1	0.47543	0.46375	1	0.48069	0.44484	1	0.44969	0.53542	12.12362	1.05880	1	0.71432	0.55445	12.75224	1.05114	1	-0.01296	-0.00938	0.69128	0.00357	1	0.05376	-0.01260	0.65601	0.00376	1	1.45898	0.81042	0	
1237510	8347.44922	3304274090588	0.50867	0.45958	8347.20215	0.24707	10938	1	0.48708	0.47040	1	0.43031	0.41165	1	0.45869	0.44102	1	0.45041	0.53593	12.58671	1.05114	1	0.71432	0.55412	12.78529	1.04348	1	-0.01296	-0.00938	0.69128	0.00358	1	0.05376	-0.01260	0.65601	0.00378	1	1.45898	0.81042	0	
1237511	8347.45605	3304274159899	0.50741	0.45917	8347.20215	0.25391	10938	1	0.48813	0.47558	1	0.43031	0.41165	1	0.45922	0.44361	1	0.45304	0.53642	12.59110	1.04348	1	0.71792	0.55499	12.14922	1.04348	1	-0.01209	-0.00925	0.67756	0.00341	1	0.05574	-0.01305	0.67463	0.00366	1	1.45898	0.81042	0	
1237512	8347.46289	3304274226091	0.50879	0.45986	8347.20215	0.26074	10938	1	0.58837	0.48907	1	0.53745	0.48393	1	0.56291	0.48650	1	0.45405	0.53678	12.28762	1.04348	1	0.71778	0.55556	13.01556	1.05114	1	-0.01209	-0.00925	0.67756	0.00351	1	0.05574	-0.01305	0.67463	0.00360	1	1.45898	0.81042	0	
1237513	8347.46973	3304274293152	0.50920	0.45942	8347.20215	0.26758	10938	1	0.52144	0.47296	1	0.52943	0.41102	1	0.52544	0.44199	1	0.45418	0.53645	12.35963	1.05114	1	0.71836	0.55533	13.00554	1.05880	1	-0.01209	-0.00925	0.67756	0.00377	1	0.05574	-0.01305	0.67463	0.00371	1	1.45898	0.81042	0	
1237514	8347.47656	3304274359725	0.50957	0.45926	8347.20215	0.27441	10938	1	0.52226	0.47799	1	0.52752	0.42750	1	0.52489	0.45275	1	0.45786	0.53673	12.57793	1.04365	1	0.72152	0.55654	12.61761	1.03685	1	-0.01075	-0.00884	0.64030	0.00374	1	0.05422	-0.01268	0.64794	0.00370	1	1.45898	0.81042	0	
1237515	8347.48340	3304274425269	0.51337	0.46148	8347.20215	0.28125	10938	1	0.70311	0.44282	1	0.64291	0.66667	1	0.67301	0.55474	1	0.45830	0.53684	12.55794	1.02170	1	0.72209	0.55754	12.71994	1.00724	1	-0.01075	-0.00884	0.64030	0.00349	1	0.05422	-0.01268	0.64794	0.00396	1	1.45898	0.81042	0	
1237516	8347.49023	3304274493418	0.51654	0.46320	8347.20215	0.28809	10938	1	0.68464	0.43791	1	0.62085	0.63627	1	0.65275	0.53709	1	0.45845	0.53634	12.18705	0.99209	1	0.72163	0.55706	12.69276	0.97763	1	-0.01075	-0.00884	0.64030	0.00373	1	0.05422	-0.01268	0.64794	0.00400	1	1.45898	0.81042	0	
1237517	8347.49609	3304274558692	0.51955	0.46501	8347.20215	0.29395	10938	1	0.68420	0.44862	1	0.61943	0.64077	1	0.65182	0.54469	1	0.45913	0.53722	12.60528	0.97763	1	0.72293	0.55780	12.47188	0.96997	1	-0.01139	-0.00963	0.69060	0.00343	1	0.05530	-0.01305	0.65909	0.00378	1	1.45898	0.81042	0	
1237518	8347.50293	3304274626185	0.55847	0.48388	8347.20215	0.29395	10938	0	0.74074	0.57664	1	0.68518	0.59372	1	0.71296	0.58518	1	0.45933	0.53797	12.46098	0.98511	1	0.72275	0.55780	12.26090	0.99192	1	-0.01139	-0.00963	0.69060	0.00361	1	0.05530	-0.01305	0.65909	0.00384	1	1.45898	0.81042	0	
1237519	8347.50977	3304274690781	0.63664	0.51920	8347.20215	0.29395	10938	0	0.72946	0.51159	1	0.70017	0.59747	1	0.71482	0.55453	1	0.45902	0.53746	12.61841	1.00706	1	0.72291	0.55778	12.53633	1.01387	1	-0.01139	-0.00963	0.69060	0.00354	1	0.05530	-0.01305	0.65909	0.00399	1	1.45898	0.81042	0	
1237520	8347.51660	3304274759577	0.66346	0.52804	8347.20215	0.29395	10938	0	0.73045	0.50248	1	0.70372	0.58897	1	0.71709	0.54572	1	0.45937	0.53800	11.99191	1.02099	1	0.72288	0.55815	12.58742	1.02780	1	-0.01089	-0.00925	0.66334	0.00358	1	0.05532	-0.01308	0.65811	0.00376	1	1.45898	0.81042	0	
1237521	8347.52344	3304274827009	0.71964	0.56251	8347.20215	0.29395	10938	0	0.75324	0.49013	1	0.70077	0.68443	1	0.72701	0.58728	1	0.45950	0.53732	11.84881	1.01979	1	0.72301	0.55878	12.70688	1.01979	1	-0.01089	-0.00925	0.66334	0.00387	1	0.05532	-0.01308	0.65811	0.00400	1	1.45898	0.81042	0	
1237522	8347.53027	3304274893554	0.74338	0.51312	8347.20215	0.29395	10938	0	0.75360	0.54554	1	0.78064	0.38191	1	0.76712	0.46373	1	0.45942	0.53771	12.37905	1.01177	1	0.72430	0.55540	11.12928	1.01177	1	-0.01089	-0.00925	0.66334	0.00353	1	0.05532	-0.01308	0.65811	0.00267	1	1.45898	0.81042	0	
1237523	8347.53613	3304274960685	0.75035	0.49954	8347.20215	0.29395	10938	0	0.75285	0.55049	1	0.77574	0.39429	1	0.76430	0.47239	1	0.45939	0.53780	12.08670	1.00375	1	0.72420	0.55559	10.89636	0.99694	1	-0.01097	-0.00923	0.66197	0.00361	1	0.05438	-0.01292	0.64760	0.00267	1	1.45898	0.81042	0	
1237524	8347.54297	3304275028904	0.76910	0.45962	8347.20215	0.29395	10938	0	0.77895	0.47456	1	0.77283	0.41089	1	0.77589	0.44273	1	0.45944	0.53701	11.93744	0.99694	1	0.72419	0.55553	10.97817	0.99014	1	-0.01097	-0.00923	0.66197	0.00371	1	0.05438	-0.01292	0.64760	0.00268	1	1.45898	0.81042	0	
1237525	8347.54980	3304275095729	0.74590	0.52522	8347.20215	0.29395	10938	0	0.75487	0.51844	1	0.69050	0.66322	1	0.72269	0.59083	1	0.45914	0.53735	12.62074	0.99014	1	0.72284	0.55841	12.52862	0.98333	1	-0.01097	-0.00923	0.66197	0.00334	1	0.05438	-0.01292	0.64760	0.00376	1	1.45898	0.81042	0	
1237526	8347.55664	3304275164673	0.73805	0.54784	8347.20215	0.29395	10938	0	0.75422	0.52291	1	0.69050	0.66322	1	0.72236	0.59307	1	0.45936	0.53813	12.76360	0.98333	1	0.72405	0.55549	11.28872	0.98333	1	-0.01089	-0.00912	0.65697	0.00359	1	0.05530	-0.01305	0.65909	0.00253	1	1.45898	0.81042	0	
1237527	8347.56348	3304275232399	0.72483	0.61046	8347.20215	0.29395	10938	0	0.76744	0.58872	1	0.69144	0.70627	1	0.72944	0.64750	1	0.45926	0.53759	12.63994	0.98333	1	0.72291	0.55804	12.99173	0.99014	1	-0.01089	-0.00912	0.65697	0.00347	1	0.05530	-0.01305	0.65909	0.00377	1	1.45898	0.81042	0	
1237528	8347.57031	3304275298073	0.72730	0.61225	8347.20215	0.29395	10938	0	0.76695	0.57832	1	0.69260	0.64975	1	0.72978	0.61404	1	0.45926	0.53755	12.63107	0.99014	1	0.72281	0.55742	12.57783	0.99694	1	-0.01089	-0.00912	0.65697	0.00352	1	0.05530	-0.01305	0.65909	0.00371	1	1.45898	0.81042	0	
1237529	8347.57715	3304275364866	0.72902	0.60997	8347.20215	0.29395	10938	0	0.76856	0.56947	1	0.69634	0.64136	1	0.73245	0.60541	1	0.45928	0.53690	12.56145	1.00496	1	0.72391	0.55430	11.84019	1.01177	1	-0.01103	-0.00899	0.66257	0.00386	1	0.05530	-0.01285	0.65909	0.00250	1	1.45898	0.81042	0	
1237530	8347.58398	3304275432901	0.73089	0.60356	8347.56348	0.02051	10939	1	0.76827	0.55218	1	0.70472	0.61648	1	0.73650	0.58433	1	0.45926	0.53655	12.54157	1.01979	1	0.72296	0.55620	12.16539	1.01979	1	-0.01103	-0.00899	0.66257	0.00349	1	0.05530	-0.01285	0.65909	0.00382	1	1.45898	0.81042	0	
1237531	8347.59082	3304275499967	0.72927	0.59311	8347.56348	0.02734	10939	1	0.75957	0.51114	1	0.68606	0.59143	1	0.72282	0.55129	1	0.45920	0.53626	12.06649	1.02780	1	0.72265	0.55592	12.21153	1.02780	1	-0.01103	-0.00899	0.66257	0.00345	1	0.05530	-0.01285	0.65909	0.00367	1	1.45898	0.81042	0	
1237532	8347.59668	3304275565857	0.72842	0.58530	8347.56348	0.03320	10939	1	0.76035	0.50601	1	0.68797	0.58657	1	0.72416	0.54629	1	0.45914	0.53591	12.46564	1.03582	1	0.72403	0.55258	10.86417	1.03582	1	-0.01103	-0.00880	0.66257	0.00359	1	0.05443	-0.01236	0.64873	0.00262	1	1.45898	0.81042	0	
1237533	8347.60352	3304275633379	0.72694	0.58081	8347.56348	0.04004	10939	1	0.74213	0.50978	1	0.69403	0.59798	1	0.71808	0.55388	1	0.45883	0.53514	11.96225	1.03582	1	0.72281	0.55460	12.60601	1.03582	1	-0.01103	-0.00880	0.66257	0.00356	1	0.05443	-0.01236	0.64873	0.00373	1	1.45898	0.81042	0	
1237534	8347.61035	3304275700215	0.72661	0.58141	8347.56348	0.04688	10939	1	0.76852	0.52606	1	0.67995	0.64517	1	0.72424	0.58561	1	0.45916	0.53481	12.66224	1.03582	1	0.72258	0.55469	12.70494	1.03582	1	-0.01103	-0.00880	0.66257	0.00335	1	0.05443	-0.01236	0.64873	0.00366	1	1.45898	0.81042	0	
1237535	8347.61719	3304275767111	0.72626	0.58209	8347.56348	0.05371	10939	1	0.76852	0.52606	1	0.67838	0.64890	1	0.72345	0.58748	1	0.45905	0.53416	12.35183	1.03582	1	0.72422	0.55135	11.17774	1.02901	1	-0.01103	-0.00855	0.66257	0.00368	1	0.05317	-0.01173	0.63312	0.00246	1	1.45898	0.81042	0	
1237536	8347.62402	3304275834197	0.72647	0.57692	8347.56348	0.06055	10939	1	0.76337	0.44275	1	0.69337	0.61808	1	0.72837	0.53042	1	0.45922	0.53338	12.30872	1.02901	1	0.72316	0.55304	12.30737	1.02220	1	-0.01103	-0.00855	0.66257	0.00366	1	0.05317	-0.01173	0.63312	0.00372	1	1.45898	0.81042	0	
1237537	8347.63086	3304275900632	0.72276	0.57654	8347.56348	0.06738	10939	1	0.71702	0.52040	1	0.65446	0.62514	1	0.68574	0.57277	1	0.45889	0.53364	12.21759	1.02220	1	0.72297	0.55323	12.31740	1.01539	1	-0.01103	-0.00855	0.66257	0.00350	1	0.05317	-0.01173	0.63312	0.00364	1	1.45898	0.81042	0	
1237538	8347.63770	3304275967721	0.71966	0.57641	8347.56348	0.07422	10939	1	0.71661	0.52473	1	0.65446	0.62514	1	0.68554	0.57494	1	0.45937	0.53353	12.28083	1.01539	1	0.72465	0.55040	11.10609	1.01539	1	-0.01128	-0.00879	0.68979	0.00349	1	0.05530	-0.01202	0.65679	0.00256	1	1.45898	0.81042	0	
1237539	8347.64355	3304276034732	0.71916	0.57315	8347.56348	0.08008	10939	1	0.73106	0.51025	1	0.69532	0.55793	1	0.71319	0.53409	1	0.45951	0.53336	12.18203	1.01539	1	0.72361	0.55248	12.27685	1.02220	1	-0.01128	-0.00879	0.68979	0.00340	1	0.05530	-0.01202	0.65679	0.00392	1	1.45898	0.81042	0	
1237540	8347.65039	3304276101912	0.71645	0.57335	8347.56348	0.08691	10939	1	0.74217	0.54310	1	0.62013	0.60876	1	0.68115	0.57593	1	0.45949	0.53356	12.32523	1.02220	1	0.72309	0.55314	12.57342	1.02901	1	-0.01128	-0.00879	0.68979	0.00342	1	0.05530	-0.01202	0.65679	0.00366	1	1.45898	0.81042	0	
1237541	8347.65723	3304276168827	0.71409	0.57357	8347.56348	0.09375	10939	1	0.74207	0.54384	1	0.61992	0.60947	1	0.68099	0.57665	1	0.45999	0.53349	12.42807	1.02099	1	0.72442	0.55337	12.47021	1.02780	1	-0.01073	-0.00836	0.65918	0.00350	1	0.05704	-0.01235	0.67505	0.00402	1	1.45898	0.81042	0	
1237542	8347.66406	3304276235708	0.71440	0.57247	8347.56348	0.10059	10939	1	0.74244	0.50013	1	0.69575	0.61184	1	0.71910	0.55599	1	0.46008	0.53340	12.09951	1.01979	1	0.72437	0.55308	12.48874	1.01979	1	-0.01073	-0.00836	0.65918	0.00351	1	0.05704	-0.01235	0.67505	0.00379	1	1.45898	0.81042	0	
1237543	8347.67090	3304276302667	0.71449	0.56468	8347.56348	0.10742	10939	1	0.73182	0.50455	1	0.70018	0.37542	1	0.71600	0.43999	1	0.46020	0.53398	12.48592	1.01177	1	0.72527	0.55045	11.46024	1.01177	1	-0.01073	-0.00836	0.65918	0.00359	1	0.05704	-0.01235	0.67505	0.00261	1	1.45898	0.81042	0	
1237544	8347.67773	3304276369804	0.71450	0.55809	8347.56348	0.11426	10939	1	0.73124	0.50983	1	0.69815	0.38212	1	0.71469	0.44597	1	0.46080	0.53354	12.15084	1.00375	1	0.72534	0.55322	12.58247	1.00375	1	-0.01051	-0.00844	0.65826	0.00371	1	0.05658	-0.01236	0.66715	0.00399	1	1.45898	0.81042	0	
1237545	8347.68457	3304276436694	0.71638	0.55130	8347.56348	0.12109	10939	1	0.75892	0.48567	1	0.74127	0.37262	1	0.75010	0.42915	1	0.46112	0.53369	12.05148	1.00375	1	0.72605	0.55139	12.05792	1.00375	1	-0.01051	-0.00844	0.65826	0.00344	1	0.05658	-0.01236	0.66715	0.00260	1	1.45898	0.81042	0	
1237546	8347.69043	3304276501179	0.70934	0.52025	8347.56348	0.12109	10939	0	0.71881	0.47267	1	0.70871	0.36654	1	0.71376	0.41960	1	0.46093	0.53441	12.04772	1.00375	1	0.72626	0.55120	11.36769	1.00375	1	-0.01051	-0.00844	0.65826	0.00363	1	0.05658	-0.01236	0.66715	0.00255	1	1.45898	0.81042	0	
1237547	8347.69727	3304276565906	0.71155	0.46993	8347.56348	0.12109	10939	0	0.71881	0.47267	1	0.70871	0.36654	1	0.71376	0.41960	1	0.46138	0.53439	12.09945	1.00375	1	0.72607	0.55477	12.88526	1.00375	1	-0.01030	-0.00867	0.65695	0.00374	1	0.05611	-0.01251	0.65928	0.00363	1	1.45898	0.81042	0	
1237548	8347.70410	3304276637921	0.71969	0.45972	8347.56348	0.12109	10939	0	0.74818	0.49007	1	0.72378	0.38855	1	0.73598	0.43931	1	0.46167	0.53511	12.24683	1.00375	1	0.72725	0.55255	11.32564	1.00375	1	-0.01030	-0.00867	0.65695	0.00352	1	0.05611	-0.01251	0.65928	0.00257	1	1.45898	0.81042	0	
1237549	8347.71094	3304276704389	0.72314	0.41145	8347.56348	0.12109	10939	0	0.71486	0.46441	1	0.72449	0.28645	1	0.71968	0.37543	1	0.46157	0.53544	12.08224	1.00375	1	0.72721	0.55249	11.61394	1.00375	1	-0.01030	-0.00867	0.65695	0.00359	1	0.05611	-0.01251	0.65928	0.00251	1	1.45898	0.81042	0	
1237550	8347.71777	3304276771581	0.72093	0.39503	8347.56348	0.12109	10939	0	0.71486	0.46441	1	0.72260	0.29282	1	0.71873	0.37861	1	0.46230	0.53574	12.65935	1.00375	1	0.72685	0.55624	12.36230	0.99694	1	-0.01019	-0.00900	0.66308	0.00372	1	0.05462	-0.01241	0.63901	0.00374	1	1.45898	0.81042	0	
1237551	8347.72461	3304276838482	0.72314	0.40173	8347.56348	0.12109	10939	0	0.72124	0.49028	1	0.73386	0.33995	1	0.72755	0.41512	1	0.46248	0.53606	12.47409	0.99694	1	0.72825	0.55383	10.82122	0.99014	1	-0.01019	-0.00900	0.66308	0.00365	1	0.05462	-0.01241	0.63901	0.00268	1	1.45898	0.81042	0	
1237552	8347.73047	3304276904644	0.72263	0.40860	8347.71094	0.01953	10940	1	0.70525	0.47998	1	0.73692	0.37847	1	0.72108	0.42923	1	0.46224	0.53623	12.47365	0.99014	1	0.72836	0.55406	10.97543	0.98333	1	-0.01019	-0.00900	0.66308	0.00350	1	0.05462	-0.01241	0.63901	0.00267	1	1.45898	0.81042	0	
1237553	8347.73730	3304276971507	0.72251	0.41254	8347.71094	0.02637	10940	1	0.70491	0.48474	1	0.73919	0.37188	1	0.72205	0.42831	1	0.46227	0.53770	11.79161	0.98333	1	0.72727	0.55790	13.69002	0.99099	1	-0.00988	-0.00919	0.65554	0.00344	1	0.05871	-0.01373	0.68562	0.00339	1	1.45898	0.81042	0	
1237554	8347.74414	3304277039034	0.72780	0.41842	8347.71094	0.03320	10940	1	0.74244	0.53293	1	0.76611	0.36271	1	0.75427	0.44782	1	0.46264	0.53908	12.14768	0.99099	1	0.72872	0.55603	11.02319	1.00545	1	-0.00988	-0.00919	0.65554	0.00368	1	0.05871	-0.01373	0.68562	0.00276	1	1.45898	0.81042	0	
1237555	8347.75098	3304277106590	0.73464	0.41207	8347.71094	0.04004	10940	1	0.73351	0.51413	1	0.81778	0.23385	1	0.77565	0.37399	1	0.46247	0.53967	12.30769	1.00545	1	0.72878	0.55623	10.62592	1.01992	1	-0.00988	-0.00919	0.65554	0.00366	1	0.05871	-0.01373	0.68562	0.00272	1	1.45898	0.81042	0	
1237556	8347.75781	3304277173598	0.74020	0.40549	8347.71094	0.04688	10940	1	0.73520	0.49946	1	0.82312	0.21928	1	0.77916	0.35937	1	0.46156	0.54255	12.33306	1.02794	1	0.72560	0.56320	13.26848	1.03475	1	-0.01034	-0.01029	0.67606	0.00281	1	0.05546	-0.01369	0.64936	0.00295	1	1.45898	0.81042	0	
1237557	8347.76465	3304277241096	0.73363	0.43856	8347.71094	0.05371	10940	1	0.71191	0.69121	1	0.65018	0.71511	1	0.68105	0.70316	1	0.46104	0.54437	12.23512	1.04276	1	0.72519	0.56431	12.66317	1.03510	1	-0.01034	-0.01029	0.67606	0.00296	1	0.05546	-0.01369	0.64936	0.00326	1	1.45898	0.81042	0	
1237558	8347.77148	3304277308084	0.73043	0.46130	8347.71094	0.06055	10940	1	0.70616	0.63214	1	0.69715	0.69983	1	0.70165	0.66599	1	0.46081	0.54511	10.31102	1.04312	1	0.72517	0.56544	12.56435	1.03546	1	-0.01034	-0.01029	0.67606	0.00330	1	0.05546	-0.01369	0.64936	0.00384	1	1.45898	0.81042	0	
1237559	8347.77832	3304277375499	0.72771	0.48026	8347.71094	0.06738	10940	1	0.70576	0.63611	1	0.69525	0.70363	1	0.70051	0.66987	1	0.45930	0.54840	11.33376	1.03546	1	0.72306	0.56959	13.24358	1.02780	1	-0.01044	-0.01094	0.66598	0.00239	1	0.05704	-0.01504	0.67505	0.00251	1	1.45898	0.81042	0	
1237560	8347.78418	3304277441454	0.71790	0.51765	8347.71094	0.07324	10940	1	0.62190	0.89805	1	0.59795	0.95972	1	0.60993	0.92888	1	0.45855	0.55090	9.52494	1.01979	1	0.72218	0.57078	12.68059	1.01979	1	-0.01044	-0.01094	0.66598	0.00293	1	0.05704	-0.01504	0.67505	0.00299	1	1.45898	0.81042	0	
1237561	8347.79102	3304277508747	0.71154	0.54263	8347.71094	0.08008	10940	1	0.62190	0.89805	0	0.63530	0.84245	1	0.63530	0.84245	1	0.45855	0.55090	9.52494	1.01177	0	0.72190	0.57092	11.87344	1.01177	1	-0.01044	-0.01094	0.66598	0.00293	1	0.05704	-0.01504	0.67505	0.00302	1	1.45898	0.81042	0	
1237562	8347.79785	3304277575635	0.71154	0.54263	8347.71094	0.08691	10940	1	0.62190	0.89805	0	0.63530	0.84245	0	0.63530	0.84245	0	0.45855	0.55090	9.52494	1.00375	0	0.72190	0.57092	11.87344	1.00375	0	-0.01044	-0.01094	0.66598	0.00293	1	0.05704	-0.01504	0.67505	0.00302	1	1.45898	0.81042	0	
1237563	8347.80469	3304277641933	0.71154	0.54263	8347.71094	0.09375	10940	1	0.62190	0.89805	0	0.63530	0.84245	0	0.63530	0.84245	0	0.45855	0.55090	9.52494	1.00375	0	0.72190	0.57092	11.87344	1.00375	0	-0.01044	-0.01094	0.66598	0.00293	1	0.05704	-0.01504	0.67505	0.00302	1	1.45898	0.81042	0	
1237564	8347.81152	3304277709214	0.71154	0.54263	8347.71094	0.10059	10940	1	0.62190	0.89805	0	0.63530	0.84245	0	0.63530	0.84245	0	0.45855	0.55090	9.52494	1.00375	0	0.72190	0.57092	11.87344	1.00375	0	-0.01044	-0.01094	0.66598	0.00293	1	0.05704	-0.01504	0.67505	0.00302	1	1.45898	0.81042	0	
1237565	8347.81836	3304277776688	0.71058	0.55357	8347.71094	0.10059	10940	0	0.62190	0.89805	0	0.63530	0.84245	0	0.63530	0.84245	0	0.45855	0.55090	9.52494	1.00375	0	0.72190	0.57092	11.87344	1.00375	0	-0.01044	-0.01094	0.66598	0.00293	1	0.05704	-0.01504	0.67505	0.00302	1	1.45898	0.81042	0	
1237566	8347.82520	3304277843105	0.71058	0.55357	8347.71094	0.10059	10940	0	0.62190	0.89805	0	0.63530	0.84245	0	0.63530	0.84245	0	0.45855	0.55090	9.52494	1.00375	0	0.72190	0.57092	11.87344	1.00375	0	-0.01044	-0.01094	0.66598	0.00293	1	0.05704	-0.01504	0.67505	0.00302	1	1.45898	0.81042	0	
1237567	8347.83105	3304277909844	0.71058	0.55357	8347.71094	0.10059	10940	0	0.62190	0.89805	0	0.63530	0.84245	0	0.63530	0.84245	0	0.45855	0.55090	9.52494	1.00375	0	0.72190	0.57092	11.87344	1.00375	0	-0.01044	-0.01094	0.66598	0.00293	1	0.05704	-0.01504	0.67505	0.00302	1	1.45898	0.81042	0	
1237568	8347.83887	3304277983088	0.00000	0.00000	8347.71094	0.10059	10940	0	0.62190	0.89805	0	0.63530	0.84245	0	0.63530	0.84245	0	0.45855	0.55090	9.52494	1.00375	0	0.72190	0.57092	11.87344	1.00375	0	-0.01044	-0.01094	0.66598	0.00293	1	0.05704	-0.01504	0.67505	0.00302	1	1.45898	0.81042	0	
1237569	8347.84473	3304278044180	0.00000	0.00000	8347.71094	0.10059	10940	0	0.62190	0.89805	0	0.63530	0.84245	0	0.63530	0.84245	0	0.45855	0.55090	9.52494	1.00375	0	0.72190	0.57092	11.87344	1.00375	0	-0.01044	-0.01094	0.66598	0.00293	1	0.05704	-0.01504	0.67505	0.00302	1	1.45898	0.81042	0	
1237570	8347.85156	3304278111465	0.00000	0.00000	8347.71094	0.10059	10940	0	0.62190	0.89805	0	0.63530	0.84245	0	0.63530	0.84245	0	0.45855	0.55090	9.52494	1.00375	0	0.72190	0.57092	11.87344	1.00375	0	-0.01044	-0.01094	0.66598	0.00293	1	0.05704	-0.01504	0.67505	0.00302	1	1.45898	0.81042	0	
1237571	8347.85840	3304278177702	0.62734	0.87511	8347.71094	0.10059	10940	0	0.62227	0.90242	1	0.63241	0.84780	1	0.62734	0.87511	1	0.45216	0.57224	12.12246	1.00375	1	0.71165	0.59011	12.91253	0.99694	1	-0.01163	-0.01383	0.66594	0.00307	1	0.05256	-0.01675	0.64543	0.00341	1	1.45898	0.81042	0	
1237572	8347.86523	3304278245726	0.54435	1.23085	8347.71094	0.10059	10940	0	0.52650	1.59662	1	0.39620	1.57655	1	0.46135	1.58659	1	0.45173	0.57340	12.36873	0.99694	1	0.71168	0.59049	12.55501	0.99014	1	-0.01163	-0.01383	0.66594	0.00292	1	0.05256	-0.01675	0.64543	0.00316	1	1.45898	0.81042	0	
1237573	8347.87207	3304278312131	0.51949	1.34526	8347.71094	0.10059	10940	0	0.54063	1.53211	1	0.39890	1.61605	1	0.46977	1.57408	1	0.45159	0.57357	12.57996	0.99014	1	0.71139	0.59095	12.84129	0.98333	1	-0.01163	-0.01383	0.66594	0.00277	1	0.05256	-0.01675	0.64543	0.00303	1	1.45898	0.81042	0	
1237574	8347.87891	3304278380122	0.46731	1.57643	8347.71094	0.10059	10940	0	0.54218	1.52706	1	0.39942	1.61018	1	0.47080	1.56862	1	0.45099	0.57433	12.45145	0.97620	1	0.71080	0.59149	13.15667	0.96939	1	-0.01145	-0.01367	0.64167	0.00324	1	0.05200	-0.01692	0.64097	0.00329	1	1.45898	0.81042	0	
1237575	8347.88477	3304278443455	0.46771	1.57690	8347.71094	0.10059	10940	0	0.53926	1.59495	1	0.39696	1.55980	1	0.46811	1.57737	1	0.45085	0.57560	12.70529	0.96227	1	0.71063	0.59246	12.54298	0.96227	1	-0.01145	-0.01367	0.64167	0.00293	1	0.05200	-0.01692	0.64097	0.00322	1	1.45898	0.81042	0	
1237576	8347.89160	3304278509667	0.47038	1.58048	8347.71094	0.10059	10940	0	0.53184	1.57645	1	0.41959	1.59885	1	0.47571	1.58765	1	0.45070	0.57592	12.94232	0.95514	1	0.71054	0.59279	12.88322	0.95514	1	-0.01145	-0.01367	0.64167	0.00280	1	0.05200	-0.01692	0.64097	0.00302	1	1.45898	0.81042	0	
1237577	8347.89844	3304278577694	0.47184	1.58153	8347.87891	0.01953	10941	1	0.53273	1.57344	1	0.41971	1.59588	1	0.47622	1.58466	1	0.45030	0.57695	12.44291	0.94802	1	0.70986	0.59437	11.98042	0.94802	1	-0.01163	-0.01402	0.63587	0.00318	1	0.05186	-0.01732	0.64163	0.00368	1	1.45898	0.81042	0	
1237578	8347.90527	3304278643936	0.47105	1.58886	8347.87891	0.02637	10941	1	0.53801	1.62352	1	0.39783	1.61290	1	0.46792	1.61821	1	0.44985	0.57763	12.44625	0.94802	1	0.70969	0.59422	12.52386	0.94802	1	-0.01163	-0.01402	0.63587	0.00303	1	0.05186	-0.01732	0.64163	0.00310	1	1.45898	0.81042	0	
1237579	8347.91211	3304278711441	0.47080	1.58968	8347.87891	0.03320	10941	1	0.51612	1.60868	1	0.42291	1.57888	1	0.46951	1.59378	1	0.44966	0.57805	12.64350	0.94802	1	0.70978	0.59460	12.57619	0.94802	1	-0.01163	-0.01402	0.63587	0.00286	1	0.05186	-0.01732	0.64163	0.00320	1	1.45898	0.81042	0	
1237580	8347.91797	3304278778989	0.47053	1.59090	8347.87891	0.03906	10941	1	0.51508	1.61197	1	0.42273	1.58444	1	0.46891	1.59820	1	0.44922	0.57866	12.63210	0.95514	1	0.70928	0.59496	13.06501	0.96195	1	-0.01245	-0.01505	0.66677	0.00312	1	0.05395	-0.01836	0.67058	0.00347	1	1.45898	0.81042	0	
1237581	8347.92480	3304278844754	0.46831	1.59345	8347.87891	0.04590	10941	1	0.51089	1.61252	1	0.39470	1.61002	1	0.45279	1.61127	1	0.44879	0.57927	12.99354	0.96908	1	0.70907	0.59550	12.65056	0.97588	1	-0.01245	-0.01505	0.66677	0.00291	1	0.05395	-0.01836	0.67058	0.00327	1	1.45898	0.81042	0	
1237582	8347.93164	3304278913103	0.46602	1.59528	8347.87891	0.05273	10941	1	0.50449	1.61026	1	0.39089	1.60971	1	0.44769	1.60998	1	0.44876	0.57924	12.80038	0.98301	1	0.70888	0.59571	12.32703	0.98982	1	-0.01245	-0.01505	0.66677	0.00292	1	0.05395	-0.01836	0.67058	0.00324	1	1.45898	0.81042	0	
1237583	8347.93848	3304278980045	0.46406	1.59721	8347.87891	0.05957	10941	1	0.50236	1.61647	1	0.39057	1.61265	1	0.44647	1.61456	1	0.44839	0.57952	12.85294	0.99694	1	0.70838	0.59580	13.11799	0.99694	1	-0.01293	-0.01560	0.68176	0.00308	1	0.05240	-0.01808	0.65318	0.00327	1	1.45898	0.81042	0	
1237584	8347.94531	3304279044507	0.46439	1.60097	8347.87891	0.06641	10941	1	0.51930	1.63310	1	0.41607	1.64399	1	0.46768	1.63855	1	0.44823	0.57995	12.59322	0.99694	1	0.70853	0.59607	12.94452	0.99014	1	-0.01293	-0.01560	0.68176	0.00311	1	0.05240	-0.01808	0.65318	0.00313	1	1.45898	0.81042	0	
1237585	8347.95215	3304279115942	0.46405	1.60589	8347.87891	0.07324	10941	1	0.51858	1.67271	1	0.40190	1.64740	1	0.46024	1.66006	1	0.44808	0.58029	12.70406	0.99014	1	0.70826	0.59622	12.19015	0.98333	1	-0.01293	-0.01560	0.68176	0.00296	1	0.05240	-0.01808	0.65318	0.00327	1	1.45898	0.81042	0	
1237586	8347.95898	3304279182910	0.46378	1.61006	8347.87891	0.08008	10941	1	0.51951	1.66927	1	0.40164	1.65087	1	0.46058	1.66007	1	0.44770	0.58044	12.63580	0.98333	1	0.70769	0.59608	13.14810	0.99099	1	-0.01257	-0.01519	0.65753	0.00310	1	0.05385	-0.01861	0.67244	0.00320	1	1.45898	0.81042	0	
1237587	8347.96582	3304279249892	0.46319	1.61327	8347.87891	0.08691	10941	1	0.52949	1.65880	1	0.38151	1.65107	1	0.45550	1.65494	1	0.44785	0.58024	12.43123	0.99099	1	0.70770	0.59640	13.06184	1.00545	1	-0.01257	-0.01519	0.65753	0.00317	1	0.05385	-0.01861	0.67244	0.00328	1	1.45898	0.81042	0	
1237588	8347.97168	3304279316601	0.46436	1.61722	8347.87891	0.09277	10941	1	0.54952	1.67901	1	0.41196	1.66612	1	0.48074	1.67257	1	0.44769	0.58024	12.59559	1.00545	1	0.70767	0.59629	13.39400	1.01992	1	-0.01257	-0.01519	0.65753	0.00316	1	0.05385	-0.01861	0.67244	0.00322	1	1.45898	0.81042	0	
1237589	8347.97852	3304279383379	0.46533	1.62100	8347.87891	0.09961	10941	1	0.54803	1.68630	1	0.41181	1.66923	1	0.47992	1.67777	1	0.44745	0.57996	12.54444	1.01992	1	0.70715	0.59608	13.17858	1.02673	1	-0.01298	-0.01541	0.67354	0.00307	1	0.05216	-0.01808	0.65317	0.00311	1	1.45898	0.81042	0	
1237590	8347.98535	3304279448588	0.46354	1.62431	8347.87891	0.10645	10941	1	0.50410	1.70488	1	0.36561	1.64938	1	0.43486	1.67713	1	0.44708	0.57975	12.98956	1.02673	1	0.70699	0.59552	13.19716	1.01907	1	-0.01298	-0.01541	0.67354	0.00312	1	0.05216	-0.01808	0.65317	0.00330	1	1.45898	0.81042	0	
1237591	8347.99219	3304279518213	0.46139	1.62887	8347.87891	0.11328	10941	1	0.48563	1.73300	1	0.36420	1.67993	1	0.42491	1.70647	1	0.44703	0.57991	12.62301	1.01907	1	0.70701	0.59546	13.26141	1.01141	1	-0.01298	-0.01541	0.67354	0.00315	1	0.05216	-0.01808	0.65317	0.00326	1	1.45898	0.81042	0	
1237592	8347.99902	3304279584991	0.45312	1.65702	8347.87891	0.11328	10941	0	0.48693	1.72877	1	0.36523	1.67311	1	0.42608	1.70094	1	0.44695	0.57963	12.60434	1.01141	1	0.70704	0.59541	12.80931	0.99694	1	-0.01291	-0.01494	0.65969	0.00311	1	0.05122	-0.01761	0.64326	0.00314	1	1.45898	0.81042	0	
1237593	8348.00586	3304279652185	0.44713	1.65716	8347.87891	0.11328	10941	0	0.51745	1.66310	1	0.36484	1.65150	1	0.44115	1.65730	1	0.44675	0.57820	12.62327	0.99694	1	0.70694	0.59472	13.12932	0.99014	1	-0.01291	-0.01494	0.65969	0.00314	1	0.05122	-0.01761	0.64326	0.00337	1	1.45898	0.81042	0	
1237594	8348.01270	3304279718259	0.44690	1.66196	8347.87891	0.11328	10941	0	0.53539	1.66850	1	0.35750	1.67463	1	0.44644	1.67157	1	0.44668	0.57682	12.42344	0.99014	1	0.70682	0.59371	13.36872	0.98333	1	-0.01291	-0.01494	0.65969	0.00340	1	0.05122	-0.01761	0.64326	0.00368	1	1.45898	0.81042	0	
1237595	8348.01953	3304279785921	0.44696	1.66353	8347.99902	0.02051	10942	1	0.53620	1.66508	1	0.35804	1.67137	1	0.44712	1.66823	1	0.44680	0.57412	11.55311	0.98333	1	0.70815	0.59032	12.54733	0.97652	1	-0.01282	-0.01411	0.65530	0.00259	1	0.05038	-0.01659	0.63033	0.00271	1	1.45898	0.81042	0	
1237596	8348.02539	3304279853099	0.45201	1.62307	8347.99902	0.02637	10942	1	0.56011	1.43584	1	0.38434	1.48663	1	0.47222	1.46124	1	0.44728	0.57156	7.75524	0.97652	1	0.70828	0.58756	11.55517	0.97652	1	-0.01282	-0.01411	0.65530	0.00222	1	0.05038	-0.01659	0.63033	0.00300	1	1.45898	0.81042	0	
1237597	8348.03223	3304279919871	0.45201	1.62307	8347.99902	0.03320	10942	1	0.56011	1.43584	0	0.38434	1.48663	0	0.47222	1.46124	0	0.44728	0.57156	7.75524	0.97652	0	0.70828	0.58756	11.55517	0.97652	0	-0.01282	-0.01411	0.65530	0.00222	1	0.05038	-0.01659	0.63033	0.00300	1	1.45898	0.81042	0	
1237598	8348.03906	3304279986810	0.45201	1.62307	8347.99902	0.04004	10942	1	0.56011	1.43584	0	0.38434	1.48663	0	0.47222	1.46124	0	0.44728	0.57156	7.75524	0.97652	0	0.70828	0.58756	11.55517	0.97652	0	-0.01282	-0.01411	0.65530	0.00222	1	0.05038	-0.01659	0.63033	0.00300	1	1.45898	0.81042	0	
1237599	8348.04590	3304280053657	0.45201	1.62307	8347.99902	0.04688	10942	1	0.56011	1.43584	0	0.38434	1.48663	0	0.47222	1.46124	0	0.44728	0.57156	7.75524	0.97652	0	0.70828	0.58756	11.55517	0.97652	0	-0.01282	-0.01411	0.65530	0.00222	1	0.05038	-0.01659	0.63033	0.00300	1	1.45898	0.81042	0	
1237600	8348.05273	3304280120133	0.45173	1.61458	8347.99902	0.04688	10942	0	0.56011	1.43584	0	0.38434	1.48663	0	0.47222	1.46124	0	0.44728	0.57156	7.75524	0.97652	0	0.70828	0.58756	11.55517	0.97652	0	-0.01282	-0.01411	0.65530	0.00222	1	0.05038	-0.01659	0.63033	0.00300	1	1.45898	0.81042	0	
1237601	8348.05957	3304280188206	0.45173	1.61458	8347.99902	0.04688	10942	0	0.56011	1.43584	0	0.38434	1.48663	0	0.47222	1.46124	0	0.44728	0.57156	7.75524	0.97652	0	0.70828	0.58756	11.55517	0.97652	0	-0.01282	-0.01411	0.65530	0.00222	1	0.05038	-0.01659	0.63033	0.00300	1	1.45898	0.81042	0	
1237602	8348.06641	3304280254580	0.45173	1.61458	8347.99902	0.04688	10942	0	0.56011	1.43584	0	0.38434	1.48663	0	0.47222	1.46124	0	0.44728	0.57156	7.75524	0.97652	0	0.70828	0.58756	11.55517	0.97652	0	-0.01282	-0.01411	0.65530	0.00222	1	0.05038	-0.01659	0.63033	0.00300	1	1.45898	0.81042	0	
1237603	8348.07227	3304280321626	0.00000	0.00000	8347.99902	0.04688	10942	0	0.56011	1.43584	0	0.38434	1.48663	0	0.47222	1.46124	0	0.44728	0.57156	7.75524	0.97652	0	0.70828	0.58756	11.55517	0.97652	0	-0.01282	-0.01411	0.65530	0.00222	1	0.05038	-0.01659	0.63033	0.00300	1	1.45898	0.81042	0	
1237604	8348.07910	3304280386984	0.00000	0.00000	8347.99902	0.04688	10942	0	0.56011	1.43584	0	0.38434	1.48663	0	0.47222	1.46124	0	0.44728	0.57156	7.75524	0.97652	0	0.70828	0.58756	11.55517	0.97652	0	-0.01282	-0.01411	0.65530	0.00222	1	0.05038	-0.01659	0.63033	0.00300	1	1.45898	0.81042	0	
1237605	8348.08594	3304280455112	0.00000	0.00000	8347.99902	0.04688	10942	0	0.56011	1.43584	0	0.38434	1.48663	0	0.47222	1.46124	0	0.44728	0.57156	7.75524	0.97652	0	0.70828	0.58756	11.55517	0.97652	0	-0.01282	-0.01411	0.65530	0.00222	1	0.05038	-0.01659	0.63033	0.00300	1	1.45898	0.81042	0	
1237606	8348.09277	3304280522897	0.00000	0.00000	8347.99902	0.04688	10942	0	0.56011	1.43584	0	0.38434	1.48663	0	0.47222	1.46124	0	0.44728	0.57156	7.75524	0.97652	0	0.70828	0.58756	11.55517	0.97652	0	-0.01282	-0.01411	0.65530	0.00222	1	0.05038	-0.01659	0.63033	0.00300	1	1.45898	0.81042	0	
1237607	8348.09961	3304280586821	0.00000	0.00000	8347.99902	0.04688	10942	0	0.56011	1.43584	0	0.38434	1.48663	0	0.47222	1.46124	0	0.44728	0.57156	7.75524	0.97652	0	0.70828	0.58756	11.55517	0.97652	0	-0.01282	-0.01411	0.65530	0.00222	1	0.05038	-0.01659	0.63033	0.00300	1	1.45898	0.81042	0	
1237608	8348.10547	3304280654440	0.00000	0.00000	8347.99902	0.04688	10942	0	0.56011	1.43584	0	0.38434	1.48663	0	0.47222	1.46124	0	0.44728	0.57156	7.75524	0.97652	0	0.70828	0.58756	11.55517	0.97652	0	-0.01282	-0.01411	0.65530	0.00222	1	0.05038	-0.01659	0.63033	0.00300	1	1.45898	0.81042	0	
1237609	8348.11328	3304280723127	0.00000	0.00000	8347.99902	0.04688	10942	0	0.56011	1.43584	0	0.38434	1.48663	0	0.47222	1.46124	0	0.44728	0.57156	7.75524	0.97652	0	0.70828	0.58756	11.55517	0.97652	0	-0.01282	-0.01411	0.65530	0.00222	1	0.05038	-0.01659	0.63033	0.00300	1	1.45898	0.81042	0	
1237610	8348.12012	3304280791804	0.00000	0.00000	8347.99902	0.04688	10942	0	0.56011	1.43584	0	0.38434	1.48663	0	0.47222	1.46124	0	0.44728	0.57156	7.75524	0.97652	0	0.70828	0.58756	11.55517	0.97652	0	-0.01282	-0.01411	0.65530	0.00222	1	0.05038	-0.01659	0.63033	0.00300	1	1.45898	0.81042	0	
1237611	8348.12598	3304280857128	0.00000	0.00000	8347.99902	0.04688	10942	0	0.56011	1.43584	0	0.38434	1.48663	0	0.47222	1.46124	0	0.44728	0.57156	7.75524	0.97652	0	0.70828	0.58756	11.55517	0.97652	0	-0.01282	-0.01411	0.65530	0.00222	1	0.05038	-0.01659	0.63033	0.00300	1	1.45898	0.81042	0	
1237612	8348.13281	3304280924437	0.00000	0.00000	8347.99902	0.04688	10942	0	0.56011	1.43584	0	0.38434	1.48663	0	0.47222	1.46124	0	0.44728	0.57156	7.75524	0.97652	0	0.70828	0.58756	11.55517	0.97652	0	-0.01282	-0.01411	0.65530	0.00222	1	0.05038	-0.01659	0.63033	0.00300	1	1.45898	0.81042	0	
1237613	8348.13965	3304280991640	0.00000	0.00000	8347.99902	0.04688	10942	0	0.56011	1.43584	0	0.38434	1.48663	0	0.47222	1.46124	0	0.44728	0.57156	7.75524	0.97652	0	0.70828	0.58756	11.55517	0.97652	0	-0.01282	-0.01411	0.65530	0.00222	1	0.05038	-0.01659	0.63033	0.00300	1	1.45898	0.81042	0	
1237614	8348.14648	3304281057288	0.00000	0.00000	8347.99902	0.04688	10942	0	0.56011	1.43584	0	0.38434	1.48663	0	0.47222	1.46124	0	0.44728	0.57156	7.75524	0.97652	0	0.70828	0.58756	11.55517	0.97652	0	-0.01282	-0.01411	0.65530	0.00222	1	0.05038	-0.01659	0.63033	0.00300	1	1.45898	0.81042	0	
1237615	8348.15332	3304281125654	0.00000	0.00000	8347.99902	0.04688	10942	0	0.56011	1.43584	0	0.38434	1.48663	0	0.47222	1.46124	0	0.44728	0.57156	7.75524	0.97652	0	0.70828	0.58756	11.55517	0.97652	0	-0.01282	-0.01411	0.65530	0.00222	1	0.05038	-0.01659	0.63033	0.00300	1	1.45898	0.81042	0	
1237616	8348.16016	3304281192352	0.00000	0.00000	8347.99902	0.04688	10942	0	0.56011	1.43584	0	0.38434	1.48663	0	0.47222	1.46124	0	0.44728	0.57156	7.75524	0.97652	0	0.70828	0.58756	11.55517	0.97652	0	-0.01282	-0.01411	0.65530	0.00222	1	0.05038	-0.01659	0.63033	0.00300	1	1.45898	0.81042	0	
1237617	8348.16602	3304281260133	0.00000	0.00000	8347.99902	0.04688	10942	0	0.56011	1.43584	0	0.38434	1.48663	0	0.47222	1.46124	0	0.44728	0.57156	7.75524	0.97652	0	0.70828	0.58756	11.55517	0.97652	0	-0.01282	-0.01411	0.65530	0.00222	1	0.05038	-0.01659	0.63033	0.00300	1	1.45898	0.81042	0	
1237618	8348.17285	3304281326361	0.00000	0.00000	8347.99902	0.04688	10942	0	0.56011	1.43584	0	0.38434	1.48663	0	0.47222	1.46124	0	0.44728	0.57156	7.75524	0.97652	0	0.70828	0.58756	11.55517	0.97652	0	-0.01282	-0.01411	0.65530	0.00222	1	0.05038	-0.01659	0.63033	0.00300	1	1.45898	0.81042	0	
1237619	8348.17969	3304281393631	0.00000	0.00000	8347.99902	0.04688	10942	0	0.56011	1.43584	0	0.38434	1.48663	0	0.47222	1.46124	0	0.44728	0.57156	7.75524	0.97652	0	0.70828	0.58756	11.55517	0.97652	0	-0.01282	-0.01411	0.65530	0.00222	1	0.05038	-0.01659	0.63033	0.00300	1	1.45898	0.81042	0	
1237620	8348.18652	3304281459901	0.00000	0.00000	8347.99902	0.04688	10942	0	0.56011	1.43584	0	0.38434	1.48663	0	0.47222	1.46124	0	0.44728	0.57156	7.75524	0.97652	0	0.70828	0.58756	11.55517	0.97652	0	-0.01282	-0.01411	0.65530	0.00222	1	0.05038	-0.01659	0.63033	0.00300	1	1.45898	0.81042	0	
1237621	8348.19336	3304281527552	0.00000	0.00000	8347.99902	0.04688	10942	0	0.56011	1.43584	0	0.38434	1.48663	0	0.47222	1.46124	0	0.44728	0.57156	7.75524	0.97652	0	0.70828	0.58756	11.55517	0.97652	0	-0.01282	-0.01411	0.65530	0.00222	1	0.05038	-0.01659	0.63033	0.00300	1	1.45898	0.81042	0	
1237622	8348.20020	3304281595986	0.00000	0.00000	8347.99902	0.04688	10942	0	0.56011	1.43584	0	0.38434	1.48663	0	0.47222	1.46124	0	0.44728	0.57156	7.75524	0.97652	0	0.70828	0.58756	11.55517	0.97652	0	-0.01282	-0.01411	0.65530	0.00222	1	0.05038	-0.01659	0.63033	0.00300	1	1.45898	0.81042	0	
1237623	8348.20703	3304281662988	0.26705	0.20797	8347.99902	0.04688	10942	0	0.56411	0.37653	1	0.50409	0.45535	1	0.53410	0.41594	1	0.43418	0.53508	13.82694	0.97652	1	0.69897	0.54996	14.61040	0.97652	1	-0.01282	-0.01411	0.65530	0.00371	1	0.05038	-0.01659	0.63033	0.00373	1	1.45898	0.81042	0	
1237624	8348.21289	3304281728275	0.54350	0.43051	8347.99902	0.04688	10942	0	0.58103	0.41311	1	0.52478	0.47707	1	0.55290	0.44509	1	0.43411	0.53441	13.60256	0.97652	1	0.69886	0.54986	14.52702	0.97652	1	-0.01282	-0.01411	0.65530	0.00418	1	0.05038	-0.01659	0.63033	0.00355	1	1.45898	0.81042	0	
1237625	8348.21973	3304281796146	0.54841	0.43347	8347.99902	0.04688	10942	0	0.58052	0.40684	1	0.52611	0.46601	1	0.55331	0.43643	1	0.43316	0.53548	13.91364	0.98454	1	0.69760	0.54931	14.31395	0.99134	1	-0.01688	-0.00909	0.66611	0.00376	1	0.05168	-0.01222	0.68180	0.00379	1	1.45898	0.81042	0	
1237626	8348.22656	3304281862317	0.54146	0.42946	8347.99902	0.04688	10942	0	0.56913	0.40435	1	0.48601	0.43852	1	0.52757	0.42143	1	0.43293	0.53497	13.70861	0.99936	1	0.69769	0.54855	14.69849	1.00617	1	-0.01688	-0.00909	0.66611	0.00367	1	0.05168	-0.01222	0.68180	0.00354	1	1.45898	0.81042	0	
1237627	8348.23340	3304281929146	0.54236	0.42716	8348.21289	0.02051	10943	1	0.57512	0.40373	1	0.51497	0.43684	1	0.54504	0.42029	1	0.43282	0.53460	12.99948	1.01419	1	0.69780	0.54885	14.57821	1.02099	1	-0.01688	-0.00909	0.66611	0.00367	1	0.05168	-0.01222	0.68180	0.00367	1	1.45898	0.81042	0	
1237628	8348.24023	3304281996134	0.54297	0.42297	8348.21289	0.02734	10943	1	0.57414	0.39242	1	0.51669	0.41993	1	0.54541	0.40618	1	0.43226	0.53468	13.31040	1.02901	1	0.69724	0.54840	14.70670	1.04348	1	-0.01753	-0.00928	0.68341	0.00364	1	0.05097	-0.01186	0.67566	0.00367	1	1.45898	0.81042	0	
1237629	8348.24707	3304282063477	0.53787	0.42133	8348.21289	0.03418	10943	1	0.53934	0.39511	1	0.48540	0.43113	1	0.51237	0.41312	1	0.43167	0.53497	13.94327	1.04348	1	0.69707	0.54818	14.38944	1.05114	1	-0.01753	-0.00928	0.68341	0.00376	1	0.05097	-0.01186	0.67566	0.00376	1	1.45898	0.81042	0	
1237630	8348.25391	3304282129834	0.53466	0.42037	8348.21289	0.04102	10943	1	0.52685	0.37039	1	0.50400	0.45892	1	0.51543	0.41466	1	0.43170	0.53485	14.04805	1.05114	1	0.69695	0.54833	14.61490	1.05880	1	-0.01753	-0.00928	0.68341	0.00366	1	0.05097	-0.01186	0.67566	0.00380	1	1.45898	0.81042	0	
1237631	8348.25977	3304282197132	0.53224	0.41895	8348.21289	0.04688	10943	1	0.52606	0.36450	1	0.50449	0.45353	1	0.51527	0.40901	1	0.43177	0.53483	14.03642	1.05880	1	0.69686	0.54749	14.52750	1.06646	1	-0.01783	-0.00933	0.68732	0.00369	1	0.05147	-0.01190	0.68363	0.00401	1	1.45898	0.81042	0	
1237632	8348.26660	3304282263296	0.53328	0.41714	8348.21289	0.05371	10943	1	0.56559	0.44317	1	0.51768	0.36211	1	0.54164	0.40264	1	0.43176	0.53508	14.04541	1.06646	1	0.69702	0.54732	14.24673	1.06646	1	-0.01783	-0.00933	0.68732	0.00394	1	0.05147	-0.01190	0.68363	0.00395	1	1.45898	0.81042	0	
1237633	8348.27344	3304282330613	0.53389	0.41716	8348.21289	0.06055	10943	1	0.56588	0.42192	1	0.51291	0.41275	1	0.53939	0.41734	1	0.43179	0.53505	14.07572	1.06646	1	0.69697	0.54729	14.32763	1.06646	1	-0.01783	-0.00933	0.68732	0.00394	1	0.05147	-0.01190	0.68363	0.00393	1	1.45898	0.81042	0	
1237634	8348.28027	3304282396134	0.53439	0.41718	8348.21289	0.06738	10943	1	0.56588	0.42192	1	0.51291	0.41275	1	0.53939	0.41734	1	0.43156	0.53510	13.03278	1.06646	1	0.69700	0.54743	14.33094	1.06646	1	-0.01779	-0.00936	0.68578	0.00389	1	0.05147	-0.01179	0.68363	0.00397	1	1.45898	0.81042	0	
1237635	8348.28613	3304282461166	0.53432	0.41940	8348.21289	0.07324	10943	1	0.55366	0.46268	1	0.51342	0.42508	1	0.53354	0.44388	1	0.43153	0.53514	13.07063	1.06646	1	0.69702	0.54740	14.37150	1.06646	1	-0.01779	-0.00936	0.68578	0.00384	1	0.05147	-0.01179	0.68363	0.00396	1	1.45898	0.81042	0	
1237636	8348.29297	3304282529592	0.53199	0.41653	8348.21289	0.08008	10943	1	0.50786	0.42505	1	0.50016	0.33900	1	0.50401	0.38203	1	0.43147	0.53489	12.97049	1.06646	1	0.69718	0.54706	14.15888	1.06646	1	-0.01779	-0.00936	0.68578	0.00386	1	0.05147	-0.01179	0.68363	0.00389	1	1.45898	0.81042	0	
1237637	8348.29980	3304282595736	0.53003	0.41425	8348.21289	0.08691	10943	1	0.50881	0.43073	1	0.50020	0.33846	1	0.50450	0.38460	1	0.43199	0.53525	13.97848	1.05844	1	0.69730	0.54768	14.28316	1.06712	1	-0.01710	-0.00903	0.66487	0.00374	1	0.05283	-0.01212	0.69967	0.00382	1	1.45898	0.81042	0	
1237638	8348.30664	3304282664506	0.52945	0.41297	8348.21289	0.09375	10943	1	0.56568	0.42299	1	0.47717	0.36719	1	0.52142	0.39509	1	0.43209	0.53540	14.23125	1.05910	1	0.69723	0.54743	14.38714	1.06778	1	-0.01710	-0.00903	0.66487	0.00390	1	0.05283	-0.01212	0.69967	0.00371	1	1.45898	0.81042	0	
1237639	8348.31348	3304282729918	0.52834	0.40990	8348.21289	0.10059	10943	1	0.52349	0.39280	1	0.49965	0.33505	1	0.51157	0.36392	1	0.43185	0.53510	13.65323	1.05977	1	0.69746	0.54780	14.83852	1.06845	1	-0.01710	-0.00903	0.66487	0.00390	1	0.05283	-0.01212	0.69967	0.00383	1	1.45898	0.81042	0	
1237640	8348.32031	3304282795855	0.52732	0.40701	8348.21289	0.10742	10943	1	0.52257	0.38635	1	0.49965	0.33505	1	0.51111	0.36070	1	0.43223	0.53568	13.42429	1.06845	1	0.69803	0.54801	14.31756	1.06845	1	-0.01727	-0.00925	0.67742	0.00374	1	0.05099	-0.01182	0.67329	0.00390	1	1.45898	0.81042	0	
1237641	8348.32715	3304282863580	0.52596	0.40334	8348.21289	0.11426	10943	1	0.51006	0.31368	1	0.49549	0.36828	1	0.50278	0.34098	1	0.43243	0.53492	13.72333	1.07646	1	0.69817	0.54807	15.17702	1.06778	1	-0.01727	-0.00925	0.67742	0.00419	1	0.05099	-0.01182	0.67329	0.00370	1	1.45898	0.81042	0	
1237642	8348.33398	3304282930914	0.52282	0.40038	8348.21289	0.12109	10943	1	0.49361	0.29129	1	0.43907	0.40281	1	0.46634	0.34705	1	0.43274	0.53456	13.80817	1.07580	1	0.69822	0.54849	15.38026	1.06712	1	-0.01727	-0.00925	0.67742	0.00428	1	0.05099	-0.01182	0.67329	0.00376	1	1.45898	0.81042	0	
1237643	8348.34082	3304282998555	0.52002	0.39820	8348.21289	0.12793	10943	1	0.49472	0.29847	1	0.43901	0.41500	1	0.46686	0.35673	1	0.43334	0.53499	13.93843	1.06712	1	0.69908	0.54812	14.76768	1.05078	1	-0.01614	-0.00882	0.64273	0.00380	1	0.05043	-0.01171	0.66136	0.00392	1	1.45898	0.81042	0	
1237644	8348.34766	3304283067865	0.51938	0.39830	8348.21289	0.13477	10943	1	0.54149	0.39155	1	0.47161	0.40920	1	0.50655	0.40037	1	0.43410	0.53543	13.77615	1.04276	1	0.69947	0.54902	14.29651	1.03510	1	-0.01614	-0.00882	0.64273	0.00412	1	0.05043	-0.01171	0.66136	0.00399	1	1.45898	0.81042	0	
1237645	8348.35352	3304283132932	0.51803	0.39773	8348.21289	0.14062	10943	1	0.49750	0.37315	1	0.48199	0.39821	1	0.48974	0.38568	1	0.43373	0.53497	13.10173	1.02709	1	0.69951	0.54890	14.40885	1.01943	1	-0.01614	-0.00882	0.64273	0.00400	1	0.05043	-0.01171	0.66136	0.00391	1	1.45898	0.81042	0	
1237646	8348.36035	3304283202049	0.51683	0.39733	8348.21289	0.14746	10943	1	0.49851	0.37918	1	0.48199	0.39821	1	0.49025	0.38870	1	0.43486	0.53594	14.22293	1.01943	1	0.70052	0.54885	14.17218	1.01943	1	-0.01734	-0.00984	0.70521	0.00379	1	0.05208	-0.01216	0.67835	0.00410	1	1.45898	0.81042	0	
1237647	8348.36719	3304283268945	0.49771	0.37774	8348.21289	0.14746	10943	0	0.50370	0.43903	1	0.49099	0.41513	1	0.49734	0.42708	1	0.43478	0.53591	14.17109	1.02745	1	0.70053	0.54949	14.75641	1.03510	1	-0.01734	-0.00984	0.70521	0.00381	1	0.05208	-0.01216	0.67835	0.00411	1	1.45898	0.81042	0	
1237648	8348.37402	3304283335405	0.48883	0.38432	8348.21289	0.14746	10943	0	0.50458	0.45620	1	0.45534	0.32558	1	0.47996	0.39089	1	0.43507	0.53622	14.01700	1.04312	1	0.70079	0.54921	14.67568	1.05078	1	-0.01734	-0.00984	0.70521	0.00393	1	0.05208	-0.01216	0.67835	0.00425	1	1.45898	0.81042	0	
1237649	8348.38086	3304283403029	0.48558	0.38358	8348.21289	0.14746	10943	0	0.50264	0.44532	1	0.45549	0.31891	1	0.47907	0.38211	1	0.43602	0.53641	14.25637	1.05880	1	0.70174	0.55026	14.45195	1.05880	1	-0.01640	-0.00948	0.67936	0.00371	1	0.05112	-0.01202	0.66253	0.00380	1	1.45898	0.81042	0	
1237650	8348.38770	3304283470353	0.49188	0.37966	8348.36719	0.02051	10944	1	0.53423	0.31784	1	0.48732	0.41794	1	0.51078	0.36789	1	0.43607	0.53598	13.33656	1.05880	1	0.70167	0.55023	14.63667	1.05114	1	-0.01640	-0.00948	0.67936	0.00414	1	0.05112	-0.01202	0.66253	0.00378	1	1.45898	0.81042	0	
1237651	8348.39453	3304283537048	0.49573	0.37680	8348.36719	0.02734	10944	1	0.53599	0.38419	1	0.48631	0.34656	1	0.51115	0.36538	1	0.43645	0.53633	13.91514	1.05114	1	0.70197	0.54969	13.78340	1.04348	1	-0.01640	-0.00948	0.67936	0.00401	1	0.05112	-0.01202	0.66253	0.00439	1	1.45898	0.81042	0	
1237652	8348.40039	3304283602552	0.49839	0.37643	8348.36719	0.03320	10944	1	0.53750	0.39605	1	0.48592	0.35313	1	0.51171	0.37459	1	0.43701	0.53690	14.17368	1.03546	1	0.70253	0.55125	14.27907	1.03546	1	-0.01634	-0.00980	0.68759	0.00375	1	0.05295	-0.01255	0.68290	0.00379	1	1.45898	0.81042	0	
1237653	8348.40723	3304283669877	0.49795	0.38386	8348.36719	0.04004	10944	1	0.51975	0.47382	1	0.47077	0.38299	1	0.49526	0.42840	1	0.43688	0.53741	13.48104	1.02745	1	0.70246	0.55078	14.37425	1.03510	1	-0.01634	-0.00980	0.68759	0.00382	1	0.05295	-0.01255	0.68290	0.00410	1	1.45898	0.81042	0	
1237654	8348.41406	3304283737981	0.49713	0.38007	8348.36719	0.04688	10944	1	0.52765	0.34628	1	0.45523	0.36088	1	0.49144	0.35358	1	0.43719	0.53698	13.56177	1.02709	1	0.70225	0.55110	15.04154	1.03475	1	-0.01634	-0.00980	0.68759	0.00377	1	0.05295	-0.01255	0.68290	0.00402	1	1.45898	0.81042	0	
1237655	8348.42090	3304283804986	0.49646	0.37644	8348.36719	0.05371	10944	1	0.52684	0.34006	1	0.45538	0.35467	1	0.49111	0.34736	1	0.43784	0.53711	13.50389	1.03475	1	0.70335	0.55146	14.57356	1.04241	1	-0.01603	-0.00970	0.68066	0.00409	1	0.05344	-0.01277	0.68656	0.00362	1	1.45898	0.81042	0	
1237656	8348.42773	3304283872217	0.49644	0.37586	8348.36719	0.06055	10944	1	0.51857	0.33562	1	0.47392	0.40559	1	0.49625	0.37060	1	0.43781	0.53701	13.51365	1.05042	1	0.70333	0.55211	14.63248	1.05042	1	-0.01603	-0.00970	0.68066	0.00400	1	0.05344	-0.01277	0.68656	0.00387	1	1.45898	0.81042	0	
1237657	8348.43457	3304283938944	0.49630	0.37473	8348.36719	0.06738	10944	1	0.49697	0.40645	1	0.49277	0.32058	1	0.49487	0.36352	1	0.43769	0.53754	13.55464	1.05844	1	0.70366	0.55191	14.40106	1.05844	1	-0.01603	-0.00970	0.68066	0.00385	1	0.05344	-0.01277	0.68656	0.00384	1	1.45898	0.81042	0	
1237658	8348.44043	3304284004258	0.49616	0.37328	8348.36719	0.07324	10944	1	0.49595	0.40059	1	0.49320	0.31390	1	0.49457	0.35724	1	0.43843	0.53760	13.09166	1.06646	1	0.70418	0.55202	14.03783	1.06646	1	-0.01579	-0.00983	0.67936	0.00387	1	0.05298	-0.01281	0.67804	0.00380	1	1.45898	0.81042	0	
1237659	8348.44727	3304284070695	0.49593	0.37494	8348.36719	0.08008	10944	1	0.54463	0.37389	1	0.44183	0.41597	1	0.49323	0.39493	1	0.43879	0.53798	13.98135	1.06646	1	0.70367	0.55292	14.48559	1.06646	1	-0.01579	-0.00983	0.67936	0.00373	1	0.05298	-0.01281	0.67804	0.00409	1	1.45898	0.81042	0	
1237660	8348.45410	3304284140485	0.49555	0.37467	8348.36719	0.08691	10944	1	0.51946	0.37929	1	0.46171	0.36288	1	0.49059	0.37109	1	0.43887	0.53843	14.24144	1.06646	1	0.70394	0.55297	14.96792	1.06646	1	-0.01579	-0.00983	0.67936	0.00380	1	0.05298	-0.01281	0.67804	0.00395	1	1.45898	0.81042	0	
1237661	8348.46094	3304284207473	0.49523	0.37504	8348.36719	0.09375	10944	1	0.52033	0.38531	1	0.46133	0.37519	1	0.49083	0.38025	1	0.43935	0.53857	13.19503	1.05844	1	0.70485	0.55270	14.38300	1.05078	1	-0.01528	-0.00972	0.66825	0.00389	1	0.05255	-0.01278	0.67061	0.00379	1	1.45898	0.81042	0	
1237662	8348.46777	3304284273412	0.49622	0.37550	8348.36719	0.10059	10944	1	0.54213	0.39814	1	0.47988	0.36683	1	0.51100	0.38248	1	0.43953	0.53865	14.14004	1.04276	1	0.70499	0.55309	14.16651	1.03510	1	-0.01528	-0.00972	0.66825	0.00369	1	0.05255	-0.01278	0.67061	0.00393	1	1.45898	0.81042	0	
1237663	8348.47461	3304284340880	0.49633	0.37757	8348.36719	0.10742	10944	1	0.52751	0.40051	1	0.46876	0.42081	1	0.49814	0.41066	1	0.43941	0.53843	13.22691	1.02709	1	0.70485	0.55386	14.83198	1.01943	1	-0.01528	-0.00972	0.66825	0.00374	1	0.05255	-0.01278	0.67061	0.00394	1	1.45898	0.81042	0	
1237664	8348.48145	3304284408185	0.49647	0.37991	8348.36719	0.11426	10944	1	0.52917	0.41240	1	0.46850	0.42695	1	0.49884	0.41967	1	0.43998	0.53901	13.54417	1.01141	1	0.70565	0.55392	14.40639	1.01141	1	-0.01484	-0.00976	0.65753	0.00365	1	0.05292	-0.01298	0.67341	0.00369	1	1.45898	0.81042	0	
1237665	8348.48828	3304284474652	0.49714	0.38025	8348.36719	0.12109	10944	1	0.53803	0.41376	1	0.48036	0.35890	1	0.50919	0.38633	1	0.44042	0.53935	13.71291	1.01141	1	0.70581	0.55334	13.94401	1.01907	1	-0.01484	-0.00976	0.65753	0.00370	1	0.05292	-0.01298	0.67341	0.00413	1	1.45898	0.81042	0	
1237666	8348.49414	3304284537290	0.49668	0.38140	8348.36719	0.12695	10944	1	0.50741	0.39954	1	0.46832	0.40685	1	0.48786	0.40320	1	0.44021	0.53929	13.46088	1.01907	1	0.70566	0.55400	14.27606	1.02673	1	-0.01484	-0.00976	0.65753	0.00386	1	0.05292	-0.01298	0.67341	0.00396	1	1.45898	0.81042	0	
1237667	8348.50098	3304284605616	0.49624	0.38215	8348.36719	0.13379	10944	1	0.50646	0.39367	1	0.46856	0.40093	1	0.48751	0.39730	1	0.44100	0.53960	13.30702	1.02673	1	0.70608	0.55452	13.49851	1.03439	1	-0.01473	-0.00992	0.66132	0.00386	1	0.05388	-0.01332	0.68305	0.00371	1	1.45898	0.81042	0	
1237668	8348.50781	3304284671828	0.49643	0.38282	8348.36719	0.14062	10944	1	0.52309	0.38906	1	0.47779	0.40450	1	0.50044	0.39678	1	0.44098	0.53940	13.41474	1.03439	1	0.70625	0.55495	13.45819	1.03439	1	-0.01473	-0.00992	0.66132	0.00368	1	0.05388	-0.01332	0.68305	0.00376	1	1.45898	0.81042	0	
1237669	8348.51465	3304284739808	0.49662	0.38397	8348.36719	0.14746	10944	1	0.52875	0.43102	1	0.47300	0.38776	1	0.50087	0.40939	1	0.44095	0.53974	13.41375	1.03439	1	0.70607	0.55495	13.78743	1.03439	1	-0.01473	-0.00992	0.66132	0.00381	1	0.05388	-0.01332	0.68305	0.00377	1	1.45898	0.81042	0	
1237670	8348.52148	3304284806955	0.49679	0.38478	8348.36719	0.15430	10944	1	0.52792	0.42522	1	0.47329	0.38145	1	0.50060	0.40333	1	0.44177	0.53983	13.24521	1.04241	1	0.70659	0.55538	13.96052	1.04241	1	-0.01514	-0.01041	0.68697	0.00368	1	0.05357	-0.01332	0.67786	0.00385	1	1.45898	0.81042	0	
1237671	8348.52734	3304284873420	0.49793	0.38378	8348.36719	0.16016	10944	1	0.56118	0.36796	1	0.48954	0.35181	1	0.52536	0.35989	1	0.44190	0.54022	13.20576	1.05042	1	0.70669	0.55513	13.83199	1.05042	1	-0.01514	-0.01041	0.68697	0.00388	1	0.05357	-0.01332	0.67786	0.00377	1	1.45898	0.81042	0	
1237672	8348.53418	3304284941105	0.49825	0.38265	8348.36719	0.16699	10944	1	0.52174	0.31945	1	0.49063	0.38911	1	0.50618	0.35428	1	0.44170	0.54009	13.29995	1.05844	1	0.70679	0.55548	13.81984	1.05844	1	-0.01514	-0.01041	0.68697	0.00379	1	0.05357	-0.01332	0.67786	0.00383	1	1.45898	0.81042	0	
1237673	8348.54102	3304285005619	0.49854	0.38136	8348.36719	0.17383	10944	1	0.52088	0.31293	1	0.49104	0.38294	1	0.50596	0.34794	1	0.44240	0.54063	13.11942	1.06646	1	0.70732	0.55557	14.08524	1.06646	1	-0.01459	-0.01022	0.67103	0.00371	1	0.05394	-0.01346	0.67989	0.00363	1	1.45898	0.81042	0	
1237674	8348.54785	3304285074966	0.49906	0.38144	8348.36719	0.18066	10944	1	0.55232	0.38298	1	0.47435	0.38393	1	0.51333	0.38346	1	0.44261	0.54041	12.98573	1.06646	1	0.70731	0.55603	13.97558	1.06646	1	-0.01459	-0.01022	0.67103	0.00367	1	0.05394	-0.01346	0.67989	0.00388	1	1.45898	0.81042	0	
1237675	8348.55469	3304285141147	0.49914	0.38103	8348.36719	0.18750	10944	1	0.52812	0.40158	1	0.47448	0.33732	1	0.50130	0.36945	1	0.44257	0.54074	13.00581	1.06646	1	0.70721	0.55556	13.95294	1.06646	1	-0.01459	-0.01022	0.67103	0.00372	1	0.05394	-0.01346	0.67989	0.00415	1	1.45898	0.81042	0	
1237676	8348.56152	3304285208578	0.49920	0.38083	8348.36719	0.19434	10944	1	0.52812	0.40158	1	0.47396	0.34904	1	0.50104	0.37531	1	0.44301	0.54065	13.36590	1.06646	1	0.70723	0.55587	14.02365	1.05199	1	-0.01445	-0.01036	0.67384	0.00361	1	0.05011	-0.01253	0.63049	0.00399	1	1.45898	0.81042	0	
1237677	8348.56836	3304285276179	0.49962	0.38150	8348.36719	0.20117	10944	1	0.55089	0.38127	1	0.47353	0.42190	1	0.51221	0.40158	1	0.44329	0.54070	13.31463	1.05199	1	0.70765	0.55608	13.38776	1.03752	1	-0.01445	-0.01036	0.67384	0.00362	1	0.05011	-0.01253	0.63049	0.00390	1	1.45898	0.81042	0	
1237678	8348.57422	3304285340693	0.49920	0.38210	8348.36719	0.20703	10944	1	0.50745	0.36816	1	0.46455	0.43296	1	0.48600	0.40056	1	0.44300	0.54009	12.59735	1.03752	1	0.70751	0.55629	13.57095	1.02305	1	-0.01445	-0.01036	0.67384	0.00388	1	0.05011	-0.01253	0.63049	0.00380	1	1.45898	0.81042	0	
1237679	8348.58105	3304285410315	0.49883	0.38283	8348.36719	0.21387	10944	1	0.50921	0.37949	1	0.46455	0.43296	1	0.48688	0.40622	1	0.44343	0.54074	12.42372	1.02305	1	0.70843	0.55629	13.30059	1.02305	1	-0.01439	-0.01044	0.67587	0.00380	1	0.05417	-0.01357	0.68024	0.00389	1	1.45898	0.81042	0	
1237680	8348.58789	3304285476193	0.49908	0.38437	8348.36719	0.22070	10944	1	0.54418	0.43511	1	0.47050	0.43529	1	0.50734	0.43520	1	0.44398	0.54134	13.24509	1.02305	1	0.70805	0.55642	14.24170	1.03752	1	-0.01439	-0.01044	0.67587	0.00405	1	0.05417	-0.01357	0.68024	0.00375	1	1.45898	0.81042	0	
1237681	8348.59473	3304285543608	0.49929	0.38543	8348.36719	0.22754	10944	1	0.53172	0.40474	1	0.48174	0.43812	1	0.50673	0.42143	1	0.44411	0.54112	13.09291	1.03752	1	0.70822	0.55662	13.67665	1.05199	1	-0.01439	-0.01044	0.67587	0.00408	1	0.05417	-0.01357	0.68024	0.00367	1	1.45898	0.81042	0	
1237682	8348.60156	3304285613322	0.49949	0.38613	8348.36719	0.23438	10944	1	0.53026	0.39394	1	0.48236	0.42762	1	0.50631	0.41078	1	0.44432	0.54091	12.26824	1.05199	1	0.70865	0.55627	13.15431	1.06646	1	-0.01444	-0.01062	0.68755	0.00382	1	0.05461	-0.01373	0.68316	0.00387	1	1.45898	0.81042	0	
1237683	8348.60840	3304285680301	0.49940	0.38665	8348.36719	0.24121	10944	1	0.50609	0.39469	1	0.48623	0.41600	1	0.49616	0.40534	1	0.44429	0.54163	12.53145	1.06646	1	0.70909	0.55735	13.66764	1.06646	1	-0.01444	-0.01062	0.68755	0.00392	1	0.05461	-0.01373	0.68316	0.00399	1	1.45898	0.81042	0	
1237684	8348.61523	3304285747029	0.49980	0.38619	8348.36719	0.24805	10944	1	0.54610	0.40461	1	0.48309	0.33355	1	0.51459	0.36908	1	0.44487	0.54178	12.71421	1.06646	1	0.70899	0.55651	13.61232	1.06646	1	-0.01444	-0.01062	0.68755	0.00390	1	0.05461	-0.01373	0.68316	0.00426	1	1.45898	0.81042	0	
1237685	8348.62207	3304285814247	0.50018	0.38599	8348.36719	0.25488	10944	1	0.54679	0.41042	1	0.48240	0.34632	1	0.51460	0.37837	1	0.44495	0.54144	12.51716	1.05844	1	0.70928	0.55638	13.07578	1.05078	1	-0.01371	-0.01020	0.66008	0.00371	1	0.05255	-0.01320	0.65686	0.00396	1	1.45898	0.81042	0	
1237686	8348.62891	3304285881261	0.50043	0.38646	8348.36719	0.26172	10944	1	0.51378	0.39574	1	0.50640	0.41388	1	0.51009	0.40481	1	0.44505	0.54142	12.49561	1.04276	1	0.70938	0.55702	12.89125	1.03510	1	-0.01371	-0.01020	0.66008	0.00387	1	0.05255	-0.01320	0.65686	0.00392	1	1.45898	0.81042	0	
1237687	8348.63574	3304285947781	0.50038	0.38746	8348.36719	0.26855	10944	1	0.52499	0.42213	1	0.47170	0.43298	1	0.49835	0.42756	1	0.44518	0.54150	12.44109	1.02709	1	0.70930	0.55720	12.97391	1.01943	1	-0.01371	-0.01020	0.66008	0.00394	1	0.05255	-0.01320	0.65686	0.00390	1	1.45898	0.81042	0	
1237688	8348.64160	3304286014947	0.50034	0.38863	8348.36719	0.27441	10944	1	0.52669	0.43370	1	0.47142	0.43902	1	0.49905	0.43636	1	0.44540	0.54158	12.88256	1.01141	1	0.70982	0.55734	13.39488	1.01141	1	-0.01367	-0.01032	0.66782	0.00386	1	0.05483	-0.01379	0.68343	0.00381	1	1.45898	0.81042	0	
1237689	8348.64844	3304286081982	0.50047	0.39010	8348.36719	0.28125	10944	1	0.52884	0.43138	1	0.48274	0.47239	1	0.50579	0.45188	1	0.44557	0.54155	12.93662	1.01141	1	0.70984	0.55759	13.60982	1.01907	1	-0.01367	-0.01032	0.66782	0.00358	1	0.05483	-0.01379	0.68343	0.00381	1	1.45898	0.81042	0	
1237690	8348.65527	3304286148433	0.50370	0.41823	8348.36719	0.28125	10944	0	0.53082	0.47769	1	0.46622	0.46576	1	0.49852	0.47173	1	0.44564	0.54127	13.17116	1.01907	1	0.70956	0.55760	13.10009	1.02673	1	-0.01367	-0.01032	0.66782	0.00362	1	0.05483	-0.01379	0.68343	0.00375	1	1.45898	0.81042	0	
1237691	8348.66211	3304286216446	0.50091	0.44366	8348.36719	0.28125	10944	0	0.53002	0.47242	1	0.46622	0.46576	1	0.49812	0.46909	1	0.44610	0.54162	12.69847	1.02673	1	0.71018	0.55697	13.00459	1.02673	1	-0.01339	-0.01018	0.65906	0.00374	1	0.05239	-0.01314	0.65123	0.00365	1	1.45898	0.81042	0	
1237692	8348.66895	3304286282626	0.50006	0.43646	8348.36719	0.28125	10944	0	0.51966	0.44303	1	0.47708	0.40112	1	0.49837	0.42207	1	0.44585	0.54111	12.14359	1.02673	1	0.71003	0.55680	13.05457	1.01907	1	-0.01339	-0.01018	0.65906	0.00369	1	0.05239	-0.01314	0.65123	0.00371	1	1.45898	0.81042	0	
1237693	8348.67578	3304286349267	0.50361	0.43752	8348.65527	0.02051	10945	1	0.54840	0.44013	1	0.48008	0.44128	1	0.51424	0.44070	1	0.44645	0.54128	13.10281	1.01907	1	0.71006	0.55722	13.06356	1.01141	1	-0.01339	-0.01018	0.65906	0.00364	1	0.05239	-0.01314	0.65123	0.00380	1	1.45898	0.81042	0	
1237694	8348.68164	3304286414243	0.50577	0.43753	8348.65527	0.02637	10945	1	0.54837	0.43987	1	0.48043	0.43525	1	0.51440	0.43756	1	0.44695	0.54098	12.86803	1.01943	1	0.71032	0.55761	12.73405	1.01943	1	-0.01429	-0.01099	0.71113	0.00373	1	0.05432	-0.01356	0.67452	0.00379	1	1.45898	0.81042	0	
1237695	8348.68848	3304286481961	0.50754	0.43324	8348.65527	0.03320	10945	1	0.53569	0.36951	1	0.49717	0.45411	1	0.51643	0.41181	1	0.44662	0.54072	12.39240	1.02745	1	0.71051	0.55690	12.69118	1.03510	1	-0.01429	-0.01099	0.71113	0.00367	1	0.05432	-0.01356	0.67452	0.00373	1	1.45898	0.81042	0	
1237696	8348.69531	3304286546410	0.50437	0.42543	8348.65527	0.04004	10945	1	0.50437	0.34711	1	0.46632	0.41001	1	0.48534	0.37856	1	0.44652	0.54035	12.03326	1.04312	1	0.71028	0.55675	12.96076	1.05078	1	-0.01429	-0.01099	0.71113	0.00396	1	0.05432	-0.01356	0.67452	0.00376	1	1.45898	0.81042	0	
1237697	8348.70215	3304286616126	0.50195	0.41883	8348.65527	0.04688	10945	1	0.50342	0.34098	1	0.46655	0.40424	1	0.48499	0.37261	1	0.44670	0.54005	12.17284	1.05078	1	0.71043	0.55662	12.54876	1.05844	1	-0.01329	-0.01010	0.66364	0.00395	1	0.05432	-0.01356	0.67452	0.00403	1	1.45898	0.81042	0	
1237698	8348.70898	3304286680441	0.50138	0.40994	8348.65527	0.05371	10945	1	0.52950	0.28423	1	0.46412	0.39338	1	0.49681	0.33880	1	0.44698	0.53967	12.12578	1.05042	1	0.71026	0.55658	13.11508	1.05042	1	-0.01329	-0.01010	0.66364	0.00425	1	0.05432	-0.01356	0.67452	0.00390	1	1.45898	0.81042	0	
1237699	8348.71582	3304286750597	0.50122	0.40869	8348.65527	0.06055	10945	1	0.53560	0.39496	1	0.46400	0.40005	1	0.49980	0.39750	1	0.44696	0.54055	12.68991	1.04241	1	0.71026	0.55658	13.11508	1.04241	1	-0.01329	-0.01010	0.66364	0.00397	1	0.05432	-0.01356	0.67452	0.00390	1	1.45898	0.81042	0	
1237700	8348.72266	3304286819035	0.50112	0.40823	8348.65527	0.06738	10945	1	0.53638	0.40100	1	0.46378	0.40620	1	0.50008	0.40360	1	0.44728	0.54053	12.74994	1.03439	1	0.71073	0.55567	12.90244	1.03439	1	-0.01307	-0.00997	0.65783	0.00382	1	0.05432	-0.01351	0.67452	0.00421	1	1.45898	0.81042	0	
1237701	8348.72852	3304286884620	0.50183	0.40859	8348.65527	0.07324	10945	1	0.54366	0.43159	1	0.47568	0.39345	1	0.50967	0.41252	1	0.44700	0.54079	12.90805	1.03439	1	0.71047	0.55632	13.30268	1.03439	1	-0.01307	-0.00997	0.65783	0.00359	1	0.05432	-0.01351	0.67452	0.00398	1	1.45898	0.81042	0	
1237702	8348.73535	3304286952812	0.50244	0.41161	8348.65527	0.08008	10945	1	0.55169	0.43780	1	0.46772	0.45796	1	0.50971	0.44788	1	0.44724	0.54088	13.27973	1.03439	1	0.71033	0.55663	13.67024	1.03439	1	-0.01307	-0.00997	0.65783	0.00363	1	0.05432	-0.01351	0.67452	0.00375	1	1.45898	0.81042	0	
1237703	8348.74219	3304287020092	0.50292	0.41332	8348.65527	0.08691	10945	1	0.55024	0.42556	1	0.46826	0.44567	1	0.50925	0.43561	1	0.44690	0.54032	12.39520	1.05149	1	0.71048	0.55681	13.66205	1.05149	1	-0.01410	-0.01075	0.70956	0.00373	1	0.05524	-0.01368	0.68594	0.00375	1	1.45898	0.81042	0	
1237704	8348.74902	3304287087128	0.50221	0.41124	8348.65527	0.09375	10945	1	0.51745	0.40502	1	0.46688	0.35922	1	0.49216	0.38212	1	0.44669	0.54035	12.08813	1.06859	1	0.71027	0.55575	12.07224	1.06859	1	-0.01410	-0.01075	0.70956	0.00379	1	0.05524	-0.01368	0.68594	0.00418	1	1.45898	0.81042	0	
1237705	8348.75586	3304287153587	0.50274	0.41060	8348.65527	0.10059	10945	1	0.53796	0.40265	1	0.48365	0.39922	1	0.51080	0.40094	1	0.44704	0.54057	12.83132	1.08570	1	0.71023	0.55638	12.80165	1.08570	1	-0.01410	-0.01075	0.70956	0.00371	1	0.05524	-0.01368	0.68594	0.00402	1	1.45898	0.81042	0	
1237706	8348.76270	3304287220820	0.50321	0.40969	8348.65527	0.10742	10945	1	0.53723	0.39692	1	0.48400	0.39329	1	0.51061	0.39510	1	0.44695	0.54006	12.71458	1.09371	1	0.71020	0.55692	13.28820	1.09371	1	-0.01349	-0.01024	0.67615	0.00363	1	0.05432	-0.01336	0.67452	0.00374	1	1.45898	0.81042	0	
1237707	8348.76953	3304287287604	0.50313	0.40895	8348.65527	0.11426	10945	1	0.51923	0.33874	1	0.48457	0.45403	1	0.50190	0.39639	1	0.44694	0.53974	12.85992	1.08463	1	0.71024	0.55692	13.27874	1.08463	1	-0.01349	-0.01024	0.67615	0.00347	1	0.05432	-0.01336	0.67452	0.00370	1	1.45898	0.81042	0	
1237708	8348.77637	3304287355003	0.50388	0.40799	8348.65527	0.12109	10945	1	0.52168	0.39321	1	0.51281	0.38826	1	0.51725	0.39074	1	0.44673	0.53993	12.44387	1.07554	1	0.71063	0.55617	12.70978	1.07554	1	-0.01349	-0.01024	0.67615	0.00349	1	0.05432	-0.01336	0.67452	0.00357	1	1.45898	0.81042	0	
1237709	8348.78223	3304287421846	0.50454	0.40761	8348.65527	0.12695	10945	1	0.52264	0.39986	1	0.51164	0.40097	1	0.51714	0.40041	1	0.44693	0.53992	12.67020	1.06646	1	0.71034	0.55610	12.61307	1.05880	1	-0.01349	-0.01024	0.67615	0.00350	1	0.05334	-0.01313	0.66297	0.00367	1	1.45898	0.81042	0	
1237710	8348.78906	3304287488786	0.50509	0.40633	8348.65527	0.13379	10945	1	0.52148	0.38053	1	0.51077	0.38097	1	0.51613	0.38075	1	0.44683	0.54013	12.55889	1.05880	1	0.71023	0.55553	12.61621	1.05114	1	-0.01349	-0.01024	0.67615	0.00359	1	0.05334	-0.01313	0.66297	0.00350	1	1.45898	0.81042	0	
1237711	8348.79590	3304287555384	0.50615	0.40656	8348.65527	0.14062	10945	1	0.52813	0.38847	1	0.52871	0.43439	1	0.52842	0.41143	1	0.44689	0.54006	12.56515	1.05114	1	0.71047	0.55584	12.72289	1.04348	1	-0.01349	-0.01024	0.67615	0.00359	1	0.05334	-0.01313	0.66297	0.00346	1	1.45898	0.81042	0	
1237712	8348.80273	3304287622742	0.50714	0.40690	8348.65527	0.14746	10945	1	0.52892	0.39424	1	0.52871	0.43439	1	0.52881	0.41432	1	0.44681	0.53965	12.39076	1.04348	1	0.71003	0.55580	13.01324	1.04348	1	-0.01429	-0.01072	0.71113	0.00371	1	0.05440	-0.01342	0.67802	0.00351	1	1.45898	0.81042	0	
1237713	8348.80957	3304287689749	0.50771	0.40606	8348.65527	0.15430	10945	1	0.54106	0.36512	1	0.50076	0.40812	1	0.52091	0.38662	1	0.44668	0.53967	12.07949	1.04348	1	0.71007	0.55574	12.89299	1.05114	1	-0.01429	-0.01072	0.71113	0.00376	1	0.05440	-0.01342	0.67802	0.00382	1	1.45898	0.81042	0	
1237714	8348.81641	3304287756069	0.50827	0.40529	8348.65527	0.16113	10945	1	0.54213	0.37072	1	0.50131	0.40301	1	0.52172	0.38686	1	0.44667	0.53971	12.23123	1.05114	1	0.71006	0.55579	12.91310	1.05880	1	-0.01429	-0.01072	0.71113	0.00371	1	0.05440	-0.01342	0.67802	0.00378	1	1.45898	0.81042	0	
1237715	8348.82324	3304287823367	0.50879	0.40459	8348.65527	0.16797	10945	1	0.54216	0.37099	1	0.50129	0.40328	1	0.52173	0.38714	1	0.44668	0.53976	12.34939	1.05078	1	0.70975	0.55561	12.51133	1.05844	1	-0.01337	-0.00999	0.66299	0.00379	1	0.05440	-0.01342	0.67802	0.00384	1	1.45898	0.81042	0	
1237716	8348.83008	3304287891059	0.50968	0.40357	8348.65527	0.17480	10945	1	0.56618	0.36178	1	0.49968	0.39233	1	0.53293	0.37705	1	0.44674	0.53983	12.40788	1.05042	1	0.70967	0.55547	12.30137	1.05042	1	-0.01337	-0.00999	0.66299	0.00372	1	0.05440	-0.01342	0.67802	0.00385	1	1.45898	0.81042	0	
1237717	8348.83594	3304287958254	0.51018	0.40355	8348.65527	0.18066	10945	1	0.55879	0.42774	1	0.48830	0.37846	1	0.52354	0.40310	1	0.44661	0.53993	12.33671	1.04241	1	0.70958	0.55532	12.37855	1.04241	1	-0.01337	-0.00999	0.66299	0.00369	1	0.05440	-0.01342	0.67802	0.00374	1	1.45898	0.81042	0	
1237718	8348.84277	3304288024835	0.51062	0.40350	8348.65527	0.18750	10945	1	0.55808	0.42120	1	0.48803	0.38271	1	0.52306	0.40196	1	0.44619	0.53992	12.44816	1.05149	1	0.70967	0.55486	12.09708	1.03702	1	-0.01421	-0.01049	0.69936	0.00364	1	0.05053	-0.01245	0.63101	0.00384	1	1.45898	0.81042	0	
1237719	8348.84961	3304288092017	0.51066	0.40394	8348.65527	0.19434	10945	1	0.53450	0.42886	1	0.48897	0.40476	1	0.51174	0.41681	1	0.44614	0.54013	12.01846	1.05413	1	0.70917	0.55560	13.05847	1.03966	1	-0.01421	-0.01049	0.69936	0.00377	1	0.05053	-0.01245	0.63101	0.00360	1	1.45898	0.81042	0	
1237720	8348.85645	3304288158504	0.51131	0.40419	8348.65527	0.20117	10945	1	0.54382	0.44069	1	0.51760	0.38227	1	0.53071	0.41148	1	0.44590	0.54000	12.32187	1.05676	1	0.70952	0.55535	12.53684	1.04229	1	-0.01421	-0.01049	0.69936	0.00368	1	0.05053	-0.01245	0.63101	0.00398	1	1.45898	0.81042	0	
1237721	8348.86328	3304288225844	0.51193	0.40417	8348.65527	0.20801	10945	1	0.54359	0.43885	1	0.51892	0.36876	1	0.53125	0.40381	1	0.44603	0.53950	12.18137	1.05940	1	0.70897	0.55530	13.27808	1.05940	1	-0.01421	-0.01049	0.69936	0.00378	1	0.05511	-0.01360	0.68941	0.00401	1	1.45898	0.81042	0	
1237722	8348.87012	3304288292487	0.51177	0.40414	8348.65527	0.21484	10945	1	0.53002	0.39333	1	0.48329	0.41298	1	0.50665	0.40316	1	0.44575	0.53965	11.99423	1.05940	1	0.70857	0.55588	13.00752	1.07386	1	-0.01421	-0.01049	0.69936	0.00377	1	0.05511	-0.01360	0.68941	0.00377	1	1.45898	0.81042	0	
1237723	8348.87598	3304288359309	0.51238	0.40274	8348.65527	0.22070	10945	1	0.55522	0.37969	1	0.50985	0.33345	1	0.53254	0.35657	1	0.44584	0.53956	12.00268	1.07386	1	0.70898	0.55541	12.33466	1.08833	1	-0.01421	-0.01049	0.69936	0.00374	1	0.05511	-0.01360	0.68941	0.00397	1	1.45898	0.81042	0	
1237724	8348.88281	3304288426382	0.51295	0.40157	8348.65527	0.22754	10945	1	0.55543	0.38165	1	0.50916	0.34169	1	0.53229	0.36167	1	0.44545	0.53977	12.77510	1.07123	1	0.70882	0.55561	12.40306	1.07804	1	-0.01338	-0.00985	0.65365	0.00364	1	0.05176	-0.01274	0.64818	0.00359	1	1.45898	0.81042	0	
1237725	8348.88965	3304288493027	0.51333	0.40180	8348.65527	0.23438	10945	1	0.54123	0.45947	1	0.51180	0.36045	1	0.52652	0.40996	1	0.44543	0.54036	12.63014	1.06094	1	0.70866	0.55523	12.84014	1.05328	1	-0.01338	-0.00985	0.65365	0.00367	1	0.05176	-0.01274	0.64818	0.00371	1	1.45898	0.81042	0	
1237726	8348.89648	3304288560335	0.51343	0.40304	8348.65527	0.24121	10945	1	0.54475	0.45798	1	0.48955	0.43713	1	0.51715	0.44755	1	0.44509	0.54025	12.30423	1.03617	1	0.70840	0.55546	12.88735	1.02851	1	-0.01338	-0.00985	0.65365	0.00378	1	0.05176	-0.01274	0.64818	0.00355	1	1.45898	0.81042	0	
1237727	8348.90332	3304288628055	0.51354	0.40445	8348.65527	0.24805	10945	1	0.54627	0.46962	1	0.48908	0.44389	1	0.51767	0.45676	1	0.44508	0.53971	12.20230	1.01943	1	0.70810	0.55530	12.40259	1.01943	1	-0.01398	-0.01018	0.67539	0.00378	1	0.05417	-0.01332	0.68024	0.00404	1	1.45898	0.81042	0	
1237728	8348.91016	3304288694594	0.51362	0.40603	8348.65527	0.25488	10945	1	0.54975	0.43670	1	0.48363	0.49528	1	0.51669	0.46599	1	0.44512	0.53976	12.39786	1.02745	1	0.70782	0.55601	13.24985	1.03510	1	-0.01398	-0.01018	0.67539	0.00370	1	0.05417	-0.01332	0.68024	0.00372	1	1.45898	0.81042	0	
1237729	8348.91699	3304288761560	0.51407	0.40627	8348.65527	0.26172	10945	1	0.56796	0.43524	1	0.49484	0.39571	1	0.53140	0.41548	1	0.44510	0.54002	12.73095	1.04312	1	0.70801	0.55511	12.35598	1.05078	1	-0.01398	-0.01018	0.67539	0.00355	1	0.05417	-0.01332	0.68024	0.00405	1	1.45898	0.81042	0	
1237730	8348.92285	3304288828509	0.51448	0.40628	8348.65527	0.26758	10945	1	0.56686	0.42408	1	0.49529	0.38955	1	0.53108	0.40682	1	0.44477	0.53996	12.84324	1.05880	1	0.70770	0.55518	13.03741	1.05880	1	-0.01406	-0.01012	0.67470	0.00378	1	0.05281	-0.01295	0.66386	0.00367	1	1.45898	0.81042	0	
1237731	8348.92969	3304288895486	0.51407	0.40623	8348.65527	0.27441	10945	1	0.51090	0.36173	1	0.48335	0.44642	1	0.49713	0.40408	1	0.44423	0.53959	12.22511	1.05880	1	0.70746	0.55507	13.21596	1.05114	1	-0.01406	-0.01012	0.67470	0.00389	1	0.05281	-0.01295	0.66386	0.00368	1	1.45898	0.81042	0	
1237732	8348.93652	3304288962480	0.51453	0.40643	8348.65527	0.28125	10945	1	0.55392	0.41295	1	0.51419	0.41654	1	0.53405	0.41474	1	0.44415	0.53975	12.45197	1.05114	1	0.70750	0.55483	12.99734	1.04348	1	-0.01406	-0.01012	0.67470	0.00386	1	0.05281	-0.01295	0.66386	0.00368	1	1.45898	0.81042	0	
1237733	8348.94336	3304289029334	0.51498	0.40674	8348.65527	0.28809	10945	1	0.55454	0.41853	1	0.51362	0.42232	1	0.53408	0.42043	1	0.44370	0.53976	12.81293	1.04348	1	0.70645	0.55490	13.53432	1.03582	1	-0.01429	-0.01003	0.67571	0.00361	1	0.05249	-0.01291	0.66228	0.00388	1	1.45898	0.81042	0	
1237734	8348.95020	3304289096968	0.51462	0.40617	8348.65527	0.29492	10945	1	0.51792	0.32553	1	0.47948	0.43642	1	0.49870	0.38098	1	0.44363	0.53910	12.35532	1.03582	1	0.70663	0.55440	13.34900	1.03582	1	-0.01429	-0.01003	0.67571	0.00378	1	0.05249	-0.01291	0.66228	0.00368	1	1.45898	0.81042	0	
1237735	8348.95703	3304289163231	0.51431	0.40586	8348.65527	0.30176	10945	1	0.52234	0.34185	1	0.47872	0.44202	1	0.50053	0.39194	1	0.44367	0.53926	12.46385	1.03582	1	0.70664	0.55429	13.37649	1.03582	1	-0.01429	-0.01003	0.67571	0.00381	1	0.05249	-0.01291	0.66228	0.00375	1	1.45898	0.81042	0	
1237736	8348.96387	3304289230133	0.51402	0.40564	8348.65527	0.30859	10945	1	0.52321	0.34834	1	0.47870	0.44229	1	0.50096	0.39531	1	0.44318	0.53948	12.77027	1.02780	1	0.70589	0.55433	13.17746	1.03546	1	-0.01421	-0.00999	0.66960	0.00386	1	0.05325	-0.01309	0.67382	0.00384	1	1.45898	0.81042	0	
1237737	8348.96973	3304289297187	0.51339	0.40550	8348.65527	0.31445	10945	1	0.51138	0.36783	1	0.45561	0.43008	1	0.48349	0.39896	1	0.44285	0.53927	12.19639	1.02745	1	0.70586	0.55444	13.19035	1.03510	1	-0.01421	-0.00999	0.66960	0.00372	1	0.05325	-0.01309	0.67382	0.00385	1	1.45898	0.81042	0	
1237738	8348.97656	3304289364234	0.51359	0.40561	8348.65527	0.32129	10945	1	0.54369	0.41937	1	0.48291	0.42768	1	0.51330	0.42352	1	0.44313	0.53968	12.65560	1.02709	1	0.70590	0.55431	13.15104	1.03475	1	-0.01421	-0.00999	0.66960	0.00380	1	0.05325	-0.01309	0.67382	0.00391	1	1.45898	0.81042	0	
1237739	8348.98340	3304289431459	0.51389	0.40465	8348.65527	0.32812	10945	1	0.54298	0.41370	1	0.48260	0.43278	1	0.51279	0.42324	1	0.44276	0.53967	12.36909	1.03475	1	0.70621	0.55396	13.25754	1.02794	1	-0.01469	-0.01017	0.68484	0.00366	1	0.04976	-0.01221	0.63081	0.00384	1	1.45898	0.81042	0	
1237740	8348.99023	3304289498613	0.51390	0.40398	8348.65527	0.33496	10945	1	0.51466	0.33861	1	0.48271	0.44112	1	0.49869	0.38987	1	0.44273	0.53943	13.09727	1.03596	1	0.70576	0.55424	13.67615	1.02149	1	-0.01469	-0.01017	0.68484	0.00370	1	0.04976	-0.01221	0.63081	0.00383	1	1.45898	0.81042	0	
1237741	8348.99707	3304289565560	0.51331	0.40316	8348.65527	0.34180	10945	1	0.51025	0.36968	1	0.46179	0.43236	1	0.48602	0.40102	1	0.44262	0.53946	12.81593	1.02950	1	0.70554	0.55415	13.74112	1.01504	1	-0.01469	-0.01017	0.68484	0.00375	1	0.04976	-0.01221	0.63081	0.00389	1	1.45898	0.81042	0	
1237742	8349.00391	3304289632135	0.51272	0.40224	8348.65527	0.34863	10945	1	0.50993	0.36760	1	0.46224	0.41942	1	0.48609	0.39351	1	0.44237	0.53965	13.01380	1.03214	1	0.70530	0.55382	13.48826	1.03214	1	-0.01514	-0.01050	0.70354	0.00380	1	0.05282	-0.01293	0.67089	0.00398	1	1.45898	0.81042	0	
1237743	8349.01074	3304289698696	0.51264	0.40131	8348.65527	0.35547	10945	1	0.54319	0.36803	1	0.48141	0.36624	1	0.51230	0.36714	1	0.44235	0.53971	13.29888	1.04122	1	0.70536	0.55388	13.45868	1.05569	1	-0.01514	-0.01050	0.70354	0.00370	1	0.05282	-0.01293	0.67089	0.00408	1	1.45898	0.81042	0	
1237744	8349.01758	3304289766373	0.51343	0.40049	8348.65527	0.36230	10945	1	0.53907	0.33273	1	0.50727	0.34543	1	0.52317	0.33908	1	0.44238	0.53966	13.29175	1.06478	1	0.70536	0.55388	13.45868	1.07925	1	-0.01514	-0.01050	0.70354	0.00368	1	0.05282	-0.01293	0.67089	0.00408	1	1.45898	0.81042	0	
1237745	8349.02344	3304289832953	0.51422	0.39955	8348.65527	0.36816	10945	1	0.53773	0.32122	1	0.50822	0.33392	1	0.52297	0.32757	1	0.44210	0.53943	12.65029	1.07925	1	0.70516	0.55431	13.90697	1.09371	1	-0.01487	-0.01026	0.68367	0.00365	1	0.05337	-0.01302	0.67792	0.00394	1	1.45898	0.81042	0	
1237746	8349.03027	3304289899784	0.51449	0.39904	8348.65527	0.37500	10945	1	0.52010	0.32627	1	0.50013	0.30221	1	0.51012	0.31424	1	0.44221	0.53936	12.69697	1.08463	1	0.70536	0.55339	13.07842	1.08463	1	-0.01487	-0.01026	0.68367	0.00367	1	0.05337	-0.01302	0.67792	0.00413	1	1.45898	0.81042	0	
1237747	8349.03711	3304289966954	0.51464	0.39754	8348.65527	0.38184	10945	1	0.52592	0.30232	1	0.48806	0.34908	1	0.50699	0.32570	1	0.44212	0.53950	12.48489	1.07554	1	0.70514	0.55377	13.42664	1.07554	1	-0.01487	-0.01026	0.68367	0.00372	1	0.05337	-0.01302	0.67792	0.00410	1	1.45898	0.81042	0	
1237748	8349.04395	3304290034278	0.50526	0.36974	8348.65527	0.38184	10945	0	0.52684	0.30973	1	0.48762	0.35629	1	0.50723	0.33301	1	0.44168	0.53960	12.96477	1.06646	1	0.70472	0.55408	14.21115	1.06646	1	-0.01487	-0.01026	0.68367	0.00367	1	0.05340	-0.01307	0.68088	0.00388	1	1.45898	0.81042	0	
1237749	8349.05078	3304290100914	0.49237	0.37577	8348.65527	0.38184	10945	0	0.49166	0.37692	1	0.46731	0.38670	1	0.47949	0.38181	1	0.44163	0.53985	13.30801	1.06646	1	0.70481	0.55418	14.11860	1.06646	1	-0.01487	-0.01026	0.68367	0.00376	1	0.05340	-0.01307	0.68088	0.00376	1	1.45898	0.81042	0	
1237750	8349.05762	3304290166953	0.49050	0.37852	8348.65527	0.38184	10945	0	0.49471	0.36172	1	0.47881	0.40631	1	0.48676	0.38401	1	0.44166	0.53993	13.28138	1.06646	1	0.70499	0.55392	14.01042	1.06646	1	-0.01487	-0.01026	0.68367	0.00369	1	0.05340	-0.01307	0.68088	0.00371	1	1.45898	0.81042	0	
1237751	8349.06445	3304290235252	0.48966	0.38141	8349.04395	0.02051	10946	1	0.49574	0.36789	1	0.47849	0.41229	1	0.48712	0.39009	1	0.44168	0.53975	13.45398	1.05844	1	0.70471	0.55392	14.23714	1.05844	1	-0.01443	-0.00982	0.66151	0.00375	1	0.05340	-0.01307	0.68088	0.00383	1	1.45898	0.81042	0	
1237752	8349.07031	3304290302227	0.48910	0.37975	8349.04395	0.02637	10946	1	0.51670	0.34188	1	0.45700	0.40431	1	0.48685	0.37310	1	0.44162	0.53945	13.34897	1.05042	1	0.70467	0.55404	14.34436	1.05042	1	-0.01443	-0.00982	0.66151	0.00387	1	0.05340	-0.01307	0.68088	0.00388	1	1.45898	0.81042	0	
1237753	8349.07715	3304290368458	0.49184	0.38237	8349.04395	0.03320	10946	1	0.54607	0.36357	1	0.46505	0.42740	1	0.50556	0.39549	1	0.44161	0.53958	13.39779	1.04241	1	0.70482	0.55396	14.19054	1.04241	1	-0.01443	-0.00982	0.66151	0.00387	1	0.05340	-0.01307	0.68088	0.00382	1	1.45898	0.81042	0	
1237754	8349.08398	3304290434875	0.49380	0.38425	8349.04395	0.04004	10946	1	0.54607	0.36357	1	0.46505	0.42740	1	0.50556	0.39549	1	0.44133	0.53926	12.15630	1.04241	1	0.70475	0.55388	13.94699	1.04241	1	-0.01488	-0.01009	0.67939	0.00387	1	0.05340	-0.01307	0.68088	0.00386	1	1.45898	0.81042	0	
1237755	8349.09082	3304290500906	0.49143	0.38967	8349.04395	0.04688	10946	1	0.50949	0.39157	1	0.44018	0.46367	1	0.47483	0.42762	1	0.44140	0.53944	12.24481	1.05042	1	0.70441	0.55385	13.37768	1.05042	1	-0.01488	-0.01009	0.67939	0.00388	1	0.05340	-0.01307	0.68088	0.00393	1	1.45898	0.81042	0	
1237756	8349.09668	3304290566376	0.49022	0.38966	8349.04395	0.05273	10946	1	0.49403	0.32436	1	0.46702	0.45493	1	0.48052	0.38964	1	0.44131	0.53827	12.07539	1.05844	1	0.70487	0.55368	13.72533	1.05844	1	-0.01488	-0.01009	0.67939	0.00429	1	0.05340	-0.01307	0.68088	0.00377	1	1.45898	0.81042	0	
1237757	8349.10352	3304290631958	0.48921	0.38906	8349.04395	0.05957	10946	1	0.49299	0.31786	1	0.46726	0.44928	1	0.48013	0.38357	1	0.44175	0.53848	12.79057	1.06646	1	0.70478	0.55393	14.04993	1.06646	1	-0.01488	-0.01009	0.67939	0.00406	1	0.05340	-0.01307	0.68088	0.00384	1	1.45898	0.81042	0	
1237758	8349.11035	3304290701744	0.48988	0.38977	8349.04395	0.06641	10946	1	0.53921	0.34199	1	0.45401	0.45176	1	0.49661	0.39687	1	0.44197	0.53891	12.98748	1.06646	1	0.70467	0.55381	14.09407	1.06646	1	-0.01488	-0.01009	0.67939	0.00434	1	0.05340	-0.01307	0.68088	0.00386	1	1.45898	0.81042	0	
1237759	8349.11719	3304290767991	0.48982	0.38947	8349.04395	0.07324	10946	1	0.52021	0.32976	1	0.45806	0.44259	1	0.48914	0.38617	1	0.44176	0.53861	13.08267	1.06646	1	0.70471	0.55373	14.07393	1.06646	1	-0.01488	-0.01009	0.67939	0.00422	1	0.05340	-0.01307	0.68088	0.00388	1	1.45898	0.81042	0	
1237760	8349.12402	3304290833124	0.48979	0.38968	8349.04395	0.08008	10946	1	0.52107	0.33615	1	0.45789	0.44828	1	0.48948	0.39222	1	0.44178	0.53857	13.08778	1.05844	1	0.70472	0.55367	14.21886	1.05844	1	-0.01443	-0.00982	0.66151	0.00423	1	0.05340	-0.01307	0.68088	0.00399	1	1.45898	0.81042	0	
1237761	8349.13086	3304290901872	0.48953	0.39204	8349.04395	0.08691	10946	1	0.50941	0.37738	1	0.46283	0.46823	1	0.48612	0.42280	1	0.44190	0.53880	13.10600	1.05042	1	0.70477	0.55378	14.18624	1.05042	1	-0.01443	-0.00982	0.66151	0.00401	1	0.05340	-0.01307	0.68088	0.00387	1	1.45898	0.81042	0	
1237762	8349.13770	3304290967446	0.48832	0.39272	8349.04395	0.09375	10946	1	0.48129	0.34844	1	0.46145	0.45598	1	0.47137	0.40221	1	0.44144	0.53813	12.76189	1.04241	1	0.70480	0.55369	14.21408	1.04241	1	-0.01443	-0.00982	0.66151	0.00396	1	0.05340	-0.01307	0.68088	0.00385	1	1.45898	0.81042	0	
1237763	8349.14453	3304291036009	0.48728	0.39387	8349.04395	0.10059	10946	1	0.48243	0.35486	1	0.46106	0.46718	1	0.47175	0.41102	1	0.44169	0.53909	13.45899	1.03439	1	0.70481	0.55373	14.09460	1.02673	1	-0.01443	-0.00982	0.66151	0.00364	1	0.05168	-0.01264	0.65828	0.00384	1	1.45898	0.81042	0	
1237764	8349.15137	3304291105729	0.48690	0.39636	8349.04395	0.10742	10946	1	0.50208	0.39628	1	0.45952	0.47621	1	0.48080	0.43625	1	0.44162	0.53866	13.20258	1.02673	1	0.70480	0.55368	14.13752	1.01907	1	-0.01443	-0.00982	0.66151	0.00387	1	0.05168	-0.01264	0.65828	0.00380	1	1.45898	0.81042	0	
1237765	8349.15820	3304291173114	0.48765	0.39848	8349.04395	0.11426	10946	1	0.53740	0.41110	1	0.46319	0.45802	1	0.50030	0.43456	1	0.44186	0.53888	13.36669	1.01907	1	0.70482	0.55362	14.10729	1.01141	1	-0.01443	-0.00982	0.66151	0.00366	1	0.05168	-0.01264	0.65828	0.00382	1	1.45898	0.81042	0	
1237766	8349.16406	3304291239849	0.48831	0.40037	8349.04395	0.12012	10946	1	0.53737	0.41083	1	0.46320	0.45776	1	0.50028	0.43430	1	0.44156	0.53811	13.18109	1.01943	1	0.70484	0.55363	14.02402	1.01177	1	-0.01488	-0.01009	0.67939	0.00407	1	0.05168	-0.01264	0.65828	0.00382	1	1.45898	0.81042	0	
1237767	8349.17090	3304291306802	0.48854	0.40171	8349.04395	0.12695	10946	1	0.52451	0.38702	1	0.46138	0.46738	1	0.49295	0.42720	1	0.44167	0.53896	13.26436	1.01979	1	0.70471	0.55359	14.02754	1.01979	1	-0.01488	-0.01009	0.67939	0.00406	1	0.05168	-0.01264	0.65828	0.00371	1	1.45898	0.81042	0	
1237768	8349.17773	3304291373836	0.48886	0.40197	8349.04395	0.13379	10946	1	0.53370	0.34730	1	0.45678	0.46696	1	0.49524	0.40713	1	0.44193	0.53829	13.51427	1.02780	1	0.70468	0.55372	14.02397	1.02780	1	-0.01488	-0.01009	0.67939	0.00409	1	0.05168	-0.01264	0.65828	0.00368	1	1.45898	0.81042	0	
1237769	8349.18457	3304291441102	0.48916	0.40208	8349.04395	0.14062	10946	1	0.53370	0.34730	1	0.45694	0.46150	1	0.49532	0.40440	1	0.44171	0.53808	13.16610	1.02780	1	0.70461	0.55366	13.91412	1.03546	1	-0.01443	-0.00982	0.66151	0.00373	1	0.05340	-0.01307	0.68088	0.00372	1	1.45898	0.81042	0	
1237770	8349.19141	3304291508034	0.49001	0.40261	8349.04395	0.14746	10946	1	0.55199	0.36652	1	0.46580	0.46239	1	0.50890	0.41446	1	0.44174	0.53871	13.00766	1.02745	1	0.70482	0.55374	14.25352	1.03510	1	-0.01443	-0.00982	0.66151	0.00395	1	0.05340	-0.01307	0.68088	0.00375	1	1.45898	0.81042	0	
1237771	8349.19824	3304291574255	0.49049	0.40216	8349.04395	0.15430	10946	1	0.54139	0.37596	1	0.46160	0.40757	1	0.50150	0.39176	1	0.44168	0.53870	12.93216	1.02709	1	0.70478	0.55365	13.86763	1.03475	1	-0.01443	-0.00982	0.66151	0.00395	1	0.05340	-0.01307	0.68088	0.00391	1	1.45898	0.81042	0	
1237772	8349.20508	3304291641586	0.49093	0.40176	8349.04395	0.16113	10946	1	0.54143	0.37623	1	0.46159	0.40784	1	0.50151	0.39204	1	0.44155	0.53849	12.85174	1.02673	1	0.70463	0.55374	13.69035	1.03439	1	-0.01443	-0.00982	0.66151	0.00393	1	0.05340	-0.01307	0.68088	0.00391	1	1.45898	0.81042	0	
1237773	8349.21094	3304291708536	0.49121	0.40166	8349.04395	0.16699	10946	1	0.52870	0.37446	1	0.46760	0.42396	1	0.49815	0.39921	1	0.44137	0.53858	12.90078	1.03439	1	0.70482	0.55382	13.88871	1.03439	1	-0.01443	-0.00982	0.66151	0.00392	1	0.05340	-0.01307	0.68088	0.00389	1	1.45898	0.81042	0	
1237774	8349.21777	3304291775508	0.49091	0.40147	8349.04395	0.17383	10946	1	0.53425	0.35596	1	0.43194	0.43688	1	0.48309	0.39642	1	0.44155	0.53897	13.01210	1.03439	1	0.70429	0.55392	13.93568	1.03439	1	-0.01443	-0.00982	0.66151	0.00380	1	0.05340	-0.01307	0.68088	0.00391	1	1.45898	0.81042	0	
1237775	8349.22461	3304291842468	0.49060	0.40082	8349.04395	0.18066	10946	1	0.53255	0.34235	1	0.43190	0.42430	1	0.48223	0.38332	1	0.44141	0.53874	12.72311	1.05149	1	0.70472	0.55372	13.41894	1.05149	1	-0.01548	-0.01046	0.70463	0.00381	1	0.05340	-0.01307	0.68088	0.00389	1	1.45898	0.81042	0	
1237776	8349.23145	3304291909496	0.49026	0.39869	8349.04395	0.18750	10946	1	0.53472	0.24440	1	0.42702	0.43405	1	0.48087	0.33923	1	0.44142	0.53856	12.95386	1.06859	1	0.70423	0.55417	14.02046	1.06859	1	-0.01548	-0.01046	0.70463	0.00393	1	0.05340	-0.01307	0.68088	0.00396	1	1.45898	0.81042	0	
1237777	8349.23828	3304291976626	0.49047	0.39652	8349.04395	0.19434	10946	1	0.53868	0.23922	1	0.45389	0.42789	1	0.49629	0.33356	1	0.44144	0.53884	12.90014	1.08570	1	0.70462	0.55391	13.39374	1.08570	1	-0.01548	-0.01046	0.70463	0.00392	1	0.05340	-0.01307	0.68088	0.00394	1	1.45898	0.81042	0	
1237778	8349.24512	3304292043452	0.49063	0.39406	8349.04395	0.20117	10946	1	0.53713	0.22441	1	0.45418	0.41573	1	0.49566	0.32007	1	0.44148	0.53959	13.04536	1.10280	1	0.70470	0.55394	13.36366	1.10280	1	-0.01533	-0.01041	0.69764	0.00366	1	0.05340	-0.01307	0.68088	0.00395	1	1.45898	0.81042	0	
1237779	8349.25195	3304292109989	0.49102	0.39371	8349.04395	0.20801	10946	1	0.53917	0.31426	1	0.46700	0.45192	1	0.50309	0.38309	1	0.44160	0.53949	13.07531	1.10280	1	0.70483	0.55407	14.05071	1.10280	1	-0.01533	-0.01041	0.69764	0.00368	1	0.05340	-0.01307	0.68088	0.00392	1	1.45898	0.81042	0	
1237780	8349.25781	3304292177783	0.49163	0.39176	8349.04395	0.21387	10946	1	0.53860	0.30800	1	0.48373	0.35029	1	0.51117	0.32915	1	0.44165	0.53950	13.13328	1.10280	1	0.70506	0.55403	13.88522	1.10280	1	-0.01533	-0.01041	0.69764	0.00368	1	0.05340	-0.01307	0.68088	0.00400	1	1.45898	0.81042	0	
1237781	8349.26465	3304292244382	0.49221	0.39012	8349.04395	0.22070	10946	1	0.53941	0.31518	1	0.48334	0.35731	1	0.51138	0.33624	1	0.44148	0.53949	13.03565	1.09371	1	0.70469	0.55417	13.17612	1.09371	1	-0.01514	-0.01036	0.68697	0.00360	1	0.05340	-0.01307	0.68088	0.00395	1	1.45898	0.81042	0	
1237782	8349.27148	3304292311633	0.49641	0.36314	8349.04395	0.22070	10946	0	0.51215	0.34479	1	0.47199	0.36241	1	0.49207	0.35360	1	0.44122	0.53972	12.81699	1.08463	1	0.70447	0.55410	13.55131	1.08463	1	-0.01514	-0.01036	0.68697	0.00365	1	0.05340	-0.01307	0.68088	0.00397	1	1.45898	0.81042	0	
1237783	8349.27832	3304292379052	0.49522	0.36256	8349.04395	0.22070	10946	0	0.51538	0.33132	1	0.47267	0.39263	1	0.49402	0.36197	1	0.44125	0.53967	12.89411	1.07554	1	0.70449	0.55425	13.51694	1.07554	1	-0.01514	-0.01036	0.68697	0.00362	1	0.05340	-0.01307	0.68088	0.00389	1	1.45898	0.81042	0	
1237784	8349.28516	3304292445373	0.49494	0.36470	8349.04395	0.22070	10946	0	0.51638	0.33849	1	0.47236	0.39946	1	0.49437	0.36898	1	0.44146	0.53963	12.72731	1.06646	1	0.70453	0.55415	13.65578	1.06646	1	-0.01514	-0.01036	0.68697	0.00357	1	0.05340	-0.01307	0.68088	0.00395	1	1.45898	0.81042	0	
1237785	8349.29102	3304292509088	0.49923	0.36132	8349.27148	0.01953	10947	1	0.54550	0.34432	1	0.47874	0.35807	1	0.51212	0.35120	1	0.44166	0.53967	13.35764	1.06646	1	0.70460	0.55366	13.37963	1.06646	1	-0.01514	-0.01036	0.68697	0.00359	1	0.05340	-0.01307	0.68088	0.00420	1	1.45898	0.81042	0	
1237786	8349.29785	3304292577146	0.49846	0.35649	8349.27148	0.02637	10947	1	0.52818	0.32972	1	0.46253	0.34463	1	0.49536	0.33717	1	0.44137	0.53937	12.88382	1.06646	1	0.70472	0.55341	13.11268	1.06646	1	-0.01514	-0.01036	0.68697	0.00377	1	0.05340	-0.01307	0.68088	0.00428	1	1.45898	0.81042	0	
1237787	8349.30469	3304292646582	0.49788	0.35206	8349.27148	0.03320	10947	1	0.52726	0.32248	1	0.46276	0.33734	1	0.49501	0.32991	1	0.44130	0.53926	12.67536	1.07554	1	0.70458	0.55388	13.45868	1.07554	1	-0.01533	-0.01052	0.69764	0.00376	1	0.05340	-0.01307	0.68088	0.00407	1	1.45898	0.81042	0	
1237788	8349.31152	3304292713123	0.49723	0.34629	8349.27148	0.04004	10947	1	0.54553	0.28996	1	0.44115	0.33341	1	0.49334	0.31168	1	0.44161	0.53950	13.04720	1.08463	1	0.70435	0.55373	13.18186	1.08463	1	-0.01533	-0.01052	0.69764	0.00367	1	0.05340	-0.01307	0.68088	0.00410	1	1.45898	0.81042	0	
1237789	8349.31836	3304292780785	0.49614	0.34609	8349.27148	0.04688	10947	1	0.52468	0.30295	1	0.45228	0.38642	1	0.48848	0.34468	1	0.44149	0.53931	12.64257	1.09371	1	0.70457	0.55426	13.83697	1.09371	1	-0.01533	-0.01052	0.69764	0.00398	1	0.05340	-0.01307	0.68088	0.00385	1	1.45898	0.81042	0	
1237790	8349.32520	3304292848005	0.49529	0.34594	8349.27148	0.05371	10947	1	0.52468	0.30295	1	0.45228	0.38642	1	0.48848	0.34468	1	0.44175	0.53950	13.02232	1.09371	1	0.70480	0.55436	14.34147	1.09371	1	-0.01488	-0.01029	0.67939	0.00395	1	0.05330	-0.01310	0.67958	0.00383	1	1.45898	0.81042	0	
1237791	8349.33203	3304292914231	0.49619	0.34643	8349.27148	0.06055	10947	1	0.54567	0.32974	1	0.46295	0.37193	1	0.50431	0.35083	1	0.44166	0.53970	12.87393	1.08463	1	0.70477	0.55395	14.14928	1.08463	1	-0.01488	-0.01029	0.67939	0.00386	1	0.05330	-0.01310	0.67958	0.00390	1	1.45898	0.81042	0	
1237792	8349.33887	3304292980866	0.49696	0.34592	8349.27148	0.06738	10947	1	0.54013	0.31210	1	0.46916	0.36963	1	0.50464	0.34086	1	0.44161	0.53931	12.82284	1.07554	1	0.70480	0.55398	14.14613	1.07554	1	-0.01488	-0.01029	0.67939	0.00409	1	0.05330	-0.01310	0.67958	0.00391	1	1.45898	0.81042	0	
1237793	8349.34570	3304293048429	0.49763	0.34687	8349.27148	0.07422	10947	1	0.54168	0.32589	1	0.46838	0.38877	1	0.50503	0.35733	1	0.44171	0.53964	12.95784	1.05844	1	0.70468	0.55403	13.93266	1.05078	1	-0.01443	-0.01002	0.66150	0.00423	1	0.05177	-0.01271	0.65944	0.00392	1	1.45898	0.81042	0	
1237794	8349.35156	3304293115600	0.49597	0.34871	8349.27148	0.08008	10947	1	0.49145	0.33670	1	0.46062	0.40498	1	0.47603	0.37084	1	0.44161	0.53995	12.75682	1.04276	1	0.70475	0.55407	14.05568	1.03510	1	-0.01443	-0.01002	0.66150	0.00389	1	0.05177	-0.01271	0.65944	0.00388	1	1.45898	0.81042	0	
1237795	8349.35840	3304293182530	0.49536	0.34931	8349.27148	0.08691	10947	1	0.49674	0.32462	1	0.47817	0.38959	1	0.48746	0.35711	1	0.44159	0.53946	12.74143	1.02709	1	0.70497	0.55368	13.63001	1.01943	1	-0.01443	-0.01002	0.66150	0.00419	1	0.05177	-0.01271	0.65944	0.00391	1	1.45898	0.81042	0	
1237796	8349.36523	3304293249703	0.49489	0.35048	8349.27148	0.09375	10947	1	0.49881	0.33770	1	0.47783	0.39598	1	0.48832	0.36684	1	0.44174	0.54036	13.07508	1.01141	1	0.70525	0.55400	13.18700	1.01141	1	-0.01443	-0.01002	0.66150	0.00388	1	0.05282	-0.01303	0.67089	0.00386	1	1.45898	0.81042	0	
1237797	8349.37207	3304293316864	0.49548	0.35391	8349.27148	0.10059	10947	1	0.50508	0.37746	1	0.50343	0.43332	1	0.50426	0.40539	1	0.44176	0.54013	13.05811	1.01141	1	0.70546	0.55417	13.17548	1.01907	1	-0.01443	-0.01002	0.66150	0.00391	1	0.05282	-0.01303	0.67089	0.00388	1	1.45898	0.81042	0	
1237798	8349.37891	3304293382667	0.49516	0.35747	8349.27148	0.10742	10947	1	0.51058	0.40017	1	0.46947	0.42854	1	0.49003	0.41436	1	0.44180	0.54020	12.83459	1.01907	1	0.70528	0.55407	13.14357	1.02673	1	-0.01443	-0.01002	0.66150	0.00390	1	0.05282	-0.01303	0.67089	0.00389	1	1.45898	0.81042	0	
1237799	8349.38574	3304293449938	0.49485	0.36031	8349.27148	0.11426	10947	1	0.50966	0.39431	1	0.46973	0.42278	1	0.48969	0.40854	1	0.44211	0.53979	13.13957	1.02673	1	0.70521	0.55361	13.16588	1.03439	1	-0.01421	-0.00993	0.65566	0.00393	1	0.05337	-0.01312	0.67792	0.00411	1	1.45898	0.81042	0	
1237800	8349.39258	3304293517021	0.49479	0.35934	8349.27148	0.12109	10947	1	0.53143	0.30411	1	0.45600	0.37990	1	0.49372	0.34200	1	0.44229	0.53955	13.10978	1.03439	1	0.70542	0.55368	13.74459	1.03439	1	-0.01421	-0.00993	0.65566	0.00385	1	0.05337	-0.01312	0.67792	0.00403	1	1.45898	0.81042	0	
1237801	8349.39844	3304293584203	0.49521	0.35965	8349.27148	0.12695	10947	1	0.53385	0.30995	1	0.47228	0.42113	1	0.50306	0.36554	1	0.44229	0.53929	12.88757	1.03439	1	0.70570	0.55428	13.80687	1.03439	1	-0.01421	-0.00993	0.65566	0.00395	1	0.05337	-0.01312	0.67792	0.00412	1	1.45898	0.81042	0	
1237802	8349.40527	3304293651059	0.49558	0.35993	8349.27148	0.13379	10947	1	0.53385	0.30995	1	0.47228	0.42113	1	0.50306	0.36554	1	0.44253	0.54006	13.11537	1.03439	1	0.70564	0.55421	14.05148	1.03439	1	-0.01424	-0.01003	0.66184	0.00387	1	0.05337	-0.01322	0.67792	0.00386	1	1.45898	0.81042	0	
1237803	8349.41211	3304293717818	0.49564	0.36180	8349.27148	0.14062	10947	1	0.52939	0.39227	1	0.46444	0.40967	1	0.49691	0.40097	1	0.44254	0.54041	13.15298	1.03439	1	0.70563	0.55454	14.18193	1.03439	1	-0.01424	-0.01003	0.66184	0.00379	1	0.05337	-0.01322	0.67792	0.00395	1	1.45898	0.81042	0	
1237804	8349.41895	3304293785094	0.49546	0.36306	8349.27148	0.14746	10947	1	0.51923	0.40465	1	0.46345	0.37691	1	0.49134	0.39078	1	0.44246	0.54051	13.02467	1.03439	1	0.70558	0.55452	14.01198	1.03439	1	-0.01424	-0.01003	0.66184	0.00381	1	0.05337	-0.01322	0.67792	0.00396	1	1.45898	0.81042	0	
1237805	8349.42578	3304293850993	0.49527	0.36408	8349.27148	0.15430	10947	1	0.51833	0.39864	1	0.46346	0.37662	1	0.49090	0.38763	1	0.44233	0.54085	13.25804	1.04241	1	0.70587	0.55465	13.84067	1.03475	1	-0.01475	-0.01057	0.68759	0.00378	1	0.05219	-0.01291	0.66229	0.00389	1	1.45898	0.81042	0	
1237806	8349.43262	3304293917689	0.49509	0.36529	8349.27148	0.16113	10947	1	0.50259	0.39722	1	0.47933	0.39130	1	0.49096	0.39426	1	0.44244	0.54086	13.26770	1.04276	1	0.70583	0.55492	14.39659	1.03510	1	-0.01475	-0.01057	0.68759	0.00387	1	0.05219	-0.01291	0.66229	0.00381	1	1.45898	0.81042	0	
1237807	8349.43945	3304293985824	0.49508	0.36659	8349.27148	0.16797	10947	1	0.50516	0.42307	1	0.48428	0.37503	1	0.49472	0.39905	1	0.44247	0.54108	13.42059	1.04312	1	0.70595	0.55473	14.02706	1.03546	1	-0.01475	-0.01057	0.68759	0.00387	1	0.05219	-0.01291	0.66229	0.00379	1	1.45898	0.81042	0	
1237808	8349.44531	3304294053099	0.49507	0.36767	8349.27148	0.17383	10947	1	0.50511	0.42281	1	0.48465	0.36862	1	0.49488	0.39572	1	0.44242	0.54123	13.02471	1.04348	1	0.70617	0.55481	13.54084	1.04348	1	-0.01469	-0.01058	0.68484	0.00376	1	0.05291	-0.01313	0.67072	0.00373	1	1.45898	0.81042	0	
1237809	8349.45215	3304294119380	0.49496	0.36813	8349.27148	0.18066	10947	1	0.51001	0.40362	1	0.47367	0.35761	1	0.49184	0.38062	1	0.44267	0.54129	12.45397	1.04348	1	0.70606	0.55475	13.82931	1.05114	1	-0.01469	-0.01058	0.68484	0.00389	1	0.05291	-0.01313	0.67072	0.00389	1	1.45898	0.81042	0	
1237810	8349.45898	3304294187326	0.49490	0.36634	8349.27148	0.18750	10947	1	0.52430	0.31772	1	0.46253	0.31457	1	0.49342	0.31614	1	0.44307	0.54080	12.56664	1.05114	1	0.70588	0.55452	13.61332	1.05880	1	-0.01469	-0.01058	0.68484	0.00384	1	0.05291	-0.01313	0.67072	0.00395	1	1.45898	0.81042	0	
1237811	8349.46582	3304294254065	0.49483	0.36420	8349.27148	0.19434	10947	1	0.52254	0.30398	1	0.46297	0.30056	1	0.49275	0.30227	1	0.44325	0.54109	13.14321	1.06788	1	0.70606	0.55453	13.20858	1.07554	1	-0.01504	-0.01087	0.70356	0.00403	1	0.05364	-0.01334	0.67871	0.00406	1	1.45898	0.81042	0	
1237812	8349.47266	3304294320560	0.49499	0.36296	8349.27148	0.20117	10947	1	0.54068	0.33425	1	0.45866	0.31737	1	0.49967	0.32581	1	0.44330	0.54099	12.83013	1.08463	1	0.70621	0.55497	13.38580	1.08463	1	-0.01504	-0.01087	0.70356	0.00403	1	0.05364	-0.01334	0.67871	0.00424	1	1.45898	0.81042	0	
1237813	8349.47949	3304294387729	0.49496	0.36115	8349.27148	0.20801	10947	1	0.53411	0.31191	1	0.45444	0.29817	1	0.49427	0.30504	1	0.44314	0.54094	13.03100	1.09371	1	0.70616	0.55481	13.07461	1.09371	1	-0.01504	-0.01087	0.70356	0.00397	1	0.05364	-0.01334	0.67871	0.00414	1	1.45898	0.81042	0	
1237814	8349.48535	3304294451051	0.49494	0.35945	8349.27148	0.21387	10947	1	0.53411	0.31191	1	0.45444	0.29817	1	0.49427	0.30504	1	0.44334	0.54098	13.07870	1.09371	1	0.70641	0.55539	13.92493	1.09371	1	-0.01457	-0.01062	0.68421	0.00387	1	0.05364	-0.01344	0.67871	0.00401	1	1.45898	0.81042	0	
1237815	8349.49219	3304294518456	0.49509	0.35947	8349.27148	0.22070	10947	1	0.52559	0.33689	1	0.47456	0.38337	1	0.50007	0.36013	1	0.44330	0.54130	13.37607	1.08463	1	0.70647	0.55561	14.22540	1.08463	1	-0.01457	-0.01062	0.68421	0.00382	1	0.05364	-0.01344	0.67871	0.00404	1	1.45898	0.81042	0	
1237816	8349.49902	3304294586063	0.49515	0.35921	8349.27148	0.22754	10947	1	0.52764	0.34951	1	0.46611	0.35081	1	0.49687	0.35016	1	0.44335	0.54118	13.24423	1.07554	1	0.70637	0.55583	14.37224	1.07554	1	-0.01457	-0.01062	0.68421	0.00382	1	0.05364	-0.01344	0.67871	0.00390	1	1.45898	0.81042	0	
1237817	8349.50586	3304294651264	0.49520	0.35924	8349.27148	0.23438	10947	1	0.52855	0.35653	1	0.46563	0.36404	1	0.49709	0.36028	1	0.44336	0.54106	13.09727	1.06646	1	0.70638	0.55586	14.35563	1.05880	1	-0.01457	-0.01072	0.68421	0.00391	1	0.05235	-0.01310	0.66177	0.00384	1	1.45898	0.81042	0	
1237818	8349.51270	3304294720309	0.49517	0.35909	8349.27148	0.24121	10947	1	0.52004	0.31678	1	0.46816	0.39053	1	0.49410	0.35365	1	0.44330	0.54052	12.94604	1.05880	1	0.70643	0.55599	14.15660	1.05114	1	-0.01457	-0.01072	0.68421	0.00410	1	0.05235	-0.01310	0.66177	0.00387	1	1.45898	0.81042	0	
1237819	8349.51953	3304294785775	0.49523	0.35924	8349.27148	0.24805	10947	1	0.50990	0.36838	1	0.48467	0.36120	1	0.49728	0.36479	1	0.44341	0.54103	13.69623	1.05114	1	0.70671	0.55557	13.85780	1.04348	1	-0.01457	-0.01072	0.68421	0.00395	1	0.05235	-0.01310	0.66177	0.00378	1	1.45898	0.81042	0	
1237820	8349.52637	3304294854502	0.49529	0.35945	8349.27148	0.25488	10947	1	0.51080	0.37430	1	0.48467	0.36120	1	0.49773	0.36775	1	0.44337	0.54111	13.51869	1.04348	1	0.70699	0.55606	13.74762	1.04348	1	-0.01424	-0.01055	0.67324	0.00395	1	0.05395	-0.01349	0.68129	0.00374	1	1.45898	0.81042	0	
1237821	8349.53223	3304294919486	0.49560	0.36042	8349.27148	0.26074	10947	1	0.52670	0.39567	1	0.48877	0.40053	1	0.50774	0.39810	1	0.44366	0.54138	12.43135	1.04348	1	0.70673	0.55608	14.03523	1.05114	1	-0.01424	-0.01055	0.67324	0.00378	1	0.05395	-0.01349	0.68129	0.00378	1	1.45898	0.81042	0	
1237822	8349.53906	3304294987804	0.49602	0.36080	8349.27148	0.26758	10947	1	0.52057	0.36358	1	0.50522	0.38819	1	0.51289	0.37588	1	0.44359	0.54152	12.41483	1.05114	1	0.70710	0.55586	13.47631	1.05880	1	-0.01424	-0.01055	0.67324	0.00381	1	0.05395	-0.01349	0.68129	0.00378	1	1.45898	0.81042	0	
1237823	8349.54590	3304295054154	0.49641	0.36109	8349.27148	0.27441	10947	1	0.51973	0.35763	1	0.50522	0.38819	1	0.51248	0.37291	1	0.44385	0.54133	12.79549	1.05880	1	0.70703	0.55503	13.10461	1.05880	1	-0.01466	-0.01092	0.69333	0.00373	1	0.05249	-0.01311	0.66228	0.00412	1	1.45898	0.81042	0	
1237824	8349.55273	3304295124391	0.49714	0.36088	8349.27148	0.28125	10947	1	0.55070	0.33677	1	0.50435	0.36750	1	0.52753	0.35214	1	0.44407	0.54149	13.24206	1.05880	1	0.70706	0.55574	13.38600	1.05114	1	-0.01466	-0.01092	0.69333	0.00376	1	0.05249	-0.01311	0.66228	0.00378	1	1.45898	0.81042	0	
1237825	8349.55957	3304295191489	0.49740	0.36008	8349.27148	0.28809	10947	1	0.51222	0.28099	1	0.50492	0.37029	1	0.50857	0.32564	1	0.44365	0.54134	12.44146	1.05114	1	0.70693	0.55585	13.58056	1.04348	1	-0.01466	-0.01092	0.69333	0.00368	1	0.05249	-0.01311	0.66228	0.00380	1	1.45898	0.81042	0	
1237826	8349.56641	3304295258494	0.49766	0.35938	8349.27148	0.29492	10947	1	0.51310	0.28755	1	0.50492	0.37029	1	0.50901	0.32892	1	0.44392	0.54138	12.94664	1.04348	1	0.70667	0.55507	13.04401	1.04348	1	-0.01435	-0.01072	0.68365	0.00371	1	0.05355	-0.01342	0.67499	0.00428	1	1.45898	0.81042	0	
1237827	8349.57324	3304295325172	0.49739	0.35897	8349.27148	0.30176	10947	1	0.51853	0.34041	1	0.45232	0.33992	1	0.48542	0.34016	1	0.44401	0.54148	13.21300	1.04348	1	0.70692	0.55548	13.25735	1.05114	1	-0.01435	-0.01072	0.68365	0.00372	1	0.05355	-0.01342	0.67499	0.00424	1	1.45898	0.81042	0	
1237828	8349.58008	3304295392613	0.49725	0.35947	8349.27148	0.30859	10947	1	0.53019	0.41811	1	0.45175	0.34706	1	0.49097	0.38259	1	0.44402	0.54182	13.28786	1.05114	1	0.70688	0.55552	13.32352	1.05880	1	-0.01435	-0.01072	0.68365	0.00364	1	0.05355	-0.01342	0.67499	0.00424	1	1.45898	0.81042	0	
1237829	8349.58691	3304295459676	0.49712	0.35983	8349.27148	0.31543	10947	1	0.52942	0.41257	1	0.45187	0.34089	1	0.49064	0.37673	1	0.44396	0.54147	13.16660	1.05880	1	0.70728	0.55608	13.98484	1.06646	1	-0.01444	-0.01073	0.68755	0.00379	1	0.05355	-0.01342	0.67499	0.00391	1	1.45898	0.81042	0	
1237830	8349.59277	3304295526401	0.49713	0.36028	8349.27148	0.32129	10947	1	0.51889	0.39102	1	0.47514	0.37871	1	0.49702	0.38487	1	0.44398	0.54155	13.23172	1.06646	1	0.70726	0.55604	14.25818	1.06646	1	-0.01444	-0.01073	0.68755	0.00376	1	0.05355	-0.01342	0.67499	0.00383	1	1.45898	0.81042	0	
1237831	8349.59961	3304295593076	0.49708	0.36109	8349.27148	0.32812	10947	1	0.52096	0.38651	1	0.46204	0.41543	1	0.49150	0.40097	1	0.44393	0.54158	13.41177	1.06646	1	0.70707	0.55625	14.44361	1.06646	1	-0.01444	-0.01073	0.68755	0.00373	1	0.05355	-0.01342	0.67499	0.00384	1	1.45898	0.81042	0	
1237832	8349.60645	3304295660430	0.49702	0.36176	8349.27148	0.33496	10947	1	0.52096	0.38651	1	0.46204	0.41543	1	0.49150	0.40097	1	0.44413	0.54124	13.18671	1.06646	1	0.70712	0.55620	14.28744	1.06646	1	-0.01444	-0.01073	0.68755	0.00381	1	0.05355	-0.01342	0.67499	0.00390	1	1.45898	0.81042	0	
1237833	8349.61328	3304295727004	0.49693	0.36240	8349.27148	0.34180	10947	1	0.53116	0.35335	1	0.48490	0.41025	1	0.50803	0.38180	1	0.44412	0.54113	13.06183	1.06646	1	0.70743	0.55625	13.84135	1.06646	1	-0.01444	-0.01073	0.68755	0.00385	1	0.05355	-0.01342	0.67499	0.00387	1	1.45898	0.81042	0	
1237834	8349.62012	3304295794083	0.49709	0.36319	8349.27148	0.34863	10947	1	0.52994	0.37082	1	0.47639	0.37997	1	0.50316	0.37540	1	0.44423	0.54123	12.89477	1.06646	1	0.70736	0.55604	14.00013	1.06646	1	-0.01444	-0.01073	0.68755	0.00386	1	0.05355	-0.01342	0.67499	0.00388	1	1.45898	0.81042	0	
1237835	8349.62695	3304295861455	0.49726	0.36414	8349.27148	0.35547	10947	1	0.52994	0.37082	1	0.47639	0.37997	1	0.50316	0.37540	1	0.44438	0.54099	12.27553	1.06646	1	0.70712	0.55614	14.36022	1.06646	1	-0.01435	-0.01061	0.68365	0.00395	1	0.05394	-0.01346	0.67989	0.00385	1	1.45898	0.81042	0	
1237836	8349.63379	3304295928305	0.49725	0.36544	8349.27148	0.36230	10947	1	0.51678	0.34963	1	0.46887	0.39813	1	0.49282	0.37388	1	0.44437	0.54094	12.26066	1.06646	1	0.70721	0.55615	14.05787	1.06646	1	-0.01435	-0.01061	0.68365	0.00397	1	0.05394	-0.01346	0.67989	0.00387	1	1.45898	0.81042	0	SUBJECT_ONSET_LOG
1237837	8349.63965	3304295995249	0.49736	0.36543	8349.27148	0.36816	10947	1	0.51282	0.33855	1	0.47422	0.35024	1	0.49352	0.34440	1	0.44433	0.54100	12.26301	1.06646	1	0.70725	0.55572	13.91103	1.06646	1	-0.01435	-0.01061	0.68365	0.00398	1	0.05394	-0.01346	0.67989	0.00406	1	1.45898	0.81042	0	
1237838	8349.64648	3304296062202	0.49747	0.36562	8349.27148	0.37500	10947	1	0.51373	0.34488	1	0.47365	0.36276	1	0.49369	0.35382	1	0.44431	0.54105	12.26609	1.05844	1	0.70750	0.55579	13.51041	1.05078	1	-0.01386	-0.01029	0.66277	0.00395	1	0.05242	-0.01312	0.66021	0.00404	1	1.45898	0.81042	0	
1237839	8349.65332	3304296129808	0.49745	0.36654	8349.27148	0.38184	10947	1	0.51803	0.36333	1	0.48923	0.42697	1	0.50363	0.39515	1	0.44442	0.54110	12.34457	1.04276	1	0.70757	0.55624	13.35681	1.03510	1	-0.01386	-0.01029	0.66277	0.00395	1	0.05242	-0.01312	0.66021	0.00382	1	1.45898	0.81042	0	
1237840	8349.66016	3304296196445	0.49733	0.36786	8349.27148	0.38867	10947	1	0.52364	0.37097	1	0.47392	0.43701	1	0.49878	0.40399	1	0.44445	0.54079	12.01680	1.02709	1	0.70737	0.55628	13.80732	1.01943	1	-0.01386	-0.01029	0.66277	0.00401	1	0.05242	-0.01312	0.66021	0.00382	1	1.45898	0.81042	0	AUDIO_FILE_ONSET_LOG
1237841	8349.66699	3304296263705	0.49720	0.36895	8349.27148	0.39551	10947	1	0.52447	0.37700	1	0.47363	0.44275	1	0.49905	0.40987	1	0.44416	0.54120	12.30903	1.01943	1	0.70730	0.55633	13.88803	1.01177	1	-0.01406	-0.01042	0.67470	0.00401	1	0.05242	-0.01312	0.66021	0.00383	1	1.45898	0.81042	0	
1237842	8349.67383	3304296330302	0.49763	0.36954	8349.27148	0.40234	10947	1	0.51105	0.37862	1	0.48162	0.41924	1	0.49634	0.39893	1	0.44425	0.54130	12.66866	1.01979	1	0.70740	0.55605	13.66308	1.01979	1	-0.01406	-0.01042	0.67470	0.00394	1	0.05242	-0.01312	0.66021	0.00389	1	1.45898	0.81042	0	
1237843	8349.67969	3304296396777	0.49771	0.37044	8349.27148	0.40820	10947	1	0.50668	0.39375	1	0.47611	0.40693	1	0.49140	0.40034	1	0.44417	0.54114	12.28073	1.02780	1	0.70739	0.55601	13.58917	1.02780	1	-0.01406	-0.01042	0.67470	0.00404	1	0.05242	-0.01312	0.66021	0.00392	1	1.45898	0.81042	0	
1237844	8349.68652	3304296464403	0.49777	0.37101	8349.27148	0.41504	10947	1	0.50569	0.38761	1	0.47643	0.40073	1	0.49106	0.39417	1	0.44420	0.54093	12.28172	1.03582	1	0.70750	0.55583	13.78735	1.03582	1	-0.01406	-0.01042	0.67470	0.00415	1	0.05202	-0.01297	0.65509	0.00397	1	1.45898	0.81042	0	
1237845	8349.69336	3304296527949	0.49770	0.37014	8349.27148	0.42188	10947	1	0.50457	0.34604	1	0.49746	0.38112	1	0.50102	0.36358	1	0.44416	0.54088	12.15862	1.03582	1	0.70766	0.55585	13.78591	1.03582	1	-0.01406	-0.01042	0.67470	0.00414	1	0.05202	-0.01297	0.65509	0.00378	1	1.45898	0.81042	0	
1237846	8349.70020	3304296598360	0.49839	0.36984	8349.27148	0.42871	10947	1	0.54142	0.41158	1	0.50471	0.38881	1	0.52307	0.40020	1	0.44469	0.54162	12.93223	1.03582	1	0.70774	0.55596	13.46764	1.03582	1	-0.01406	-0.01042	0.67470	0.00402	1	0.05202	-0.01297	0.65509	0.00380	1	1.45898	0.81042	0	
1237847	8349.70703	3304296665407	0.49909	0.36961	8349.27148	0.43555	10947	1	0.54142	0.41158	1	0.50521	0.38279	1	0.52332	0.39718	1	0.44479	0.54132	13.00402	1.03582	1	0.70761	0.55572	13.10954	1.04348	1	-0.01406	-0.01042	0.67470	0.00408	1	0.05426	-0.01352	0.68269	0.00371	1	1.45898	0.81042	0	
1237848	8349.71387	3304296730754	0.49968	0.36962	8349.27148	0.44238	10947	1	0.53804	0.33095	1	0.50656	0.35475	1	0.52230	0.34285	1	0.44473	0.54103	12.84539	1.04348	1	0.70776	0.55576	13.65682	1.05114	1	-0.01406	-0.01042	0.67470	0.00409	1	0.05426	-0.01352	0.68269	0.00373	1	1.45898	0.81042	0	
1237849	8349.72070	3304296799158	0.50009	0.36916	8349.27148	0.44922	10947	1	0.54382	0.33158	1	0.50175	0.35466	1	0.52278	0.34312	1	0.44473	0.54102	12.96859	1.05114	1	0.70770	0.55564	13.24674	1.05880	1	-0.01406	-0.01042	0.67470	0.00409	1	0.05426	-0.01352	0.68269	0.00373	1	1.45898	0.81042	0	
1237850	8349.72754	3304296867075	0.50050	0.36841	8349.27148	0.45605	10947	1	0.54232	0.31809	1	0.50278	0.34123	1	0.52255	0.32966	1	0.44481	0.54091	13.10448	1.06788	1	0.70774	0.55476	13.03238	1.07554	1	-0.01454	-0.01081	0.69985	0.00403	1	0.05422	-0.01356	0.68218	0.00410	1	1.45898	0.81042	0	
1237851	8349.73340	3304296933292	0.50107	0.36635	8349.27148	0.46191	10947	1	0.54337	0.35442	1	0.50523	0.24998	1	0.52430	0.30220	1	0.44490	0.54119	13.37411	1.08463	1	0.70775	0.55475	13.06388	1.08463	1	-0.01454	-0.01081	0.69985	0.00382	1	0.05422	-0.01356	0.68218	0.00411	1	1.45898	0.81042	0	
1237852	8349.74023	3304297000373	0.50174	0.36436	8349.27148	0.46875	10947	1	0.53395	0.29932	1	0.51342	0.29080	1	0.52368	0.29506	1	0.44472	0.54032	12.57618	1.09371	1	0.70781	0.55530	13.08941	1.09371	1	-0.01454	-0.01081	0.69985	0.00406	1	0.05422	-0.01356	0.68218	0.00399	1	1.45898	0.81042	0	
1237853	8349.74707	3304297067793	0.50243	0.36227	8349.27148	0.47559	10947	1	0.53310	0.29201	1	0.51405	0.28321	1	0.52357	0.28761	1	0.44498	0.54107	13.30627	1.10280	1	0.70787	0.55541	13.08854	1.10280	1	-0.01498	-0.01109	0.72128	0.00394	1	0.05417	-0.01352	0.68024	0.00402	1	1.45898	0.81042	0	
1237854	8349.75391	3304297133150	0.50335	0.36144	8349.27148	0.48242	10947	1	0.55243	0.35727	1	0.51811	0.35114	1	0.53527	0.35420	1	0.44494	0.54121	13.52876	1.10280	1	0.70800	0.55595	13.21304	1.10280	1	-0.01498	-0.01109	0.72128	0.00381	1	0.05417	-0.01352	0.68024	0.00388	1	1.45898	0.81042	0	
1237855	8349.76074	3304297201401	0.50375	0.36007	8349.27148	0.48926	10947	1	0.54579	0.35074	1	0.48212	0.31544	1	0.51395	0.33309	1	0.44486	0.54116	13.43876	1.10280	1	0.70776	0.55563	13.29619	1.10280	1	-0.01498	-0.01109	0.72128	0.00372	1	0.05417	-0.01352	0.68024	0.00421	1	1.45898	0.81042	0	
1237856	8349.76758	3304297266313	0.50415	0.35891	8349.27148	0.49609	10947	1	0.54655	0.35756	1	0.48174	0.32274	1	0.51415	0.34015	1	0.44485	0.54078	13.36533	1.09371	1	0.70757	0.55607	13.63980	1.09371	1	-0.01398	-0.01038	0.67539	0.00362	1	0.05417	-0.01352	0.68024	0.00393	1	1.45898	0.81042	0	
1237857	8349.77441	3304297334974	0.51968	0.33797	8349.27148	0.49609	10947	0	0.53107	0.28965	1	0.44336	0.37101	1	0.48721	0.33033	1	0.44465	0.54041	12.82561	1.08463	1	0.70758	0.55613	13.62334	1.08463	1	-0.01398	-0.01038	0.67539	0.00366	1	0.05417	-0.01352	0.68024	0.00387	1	1.45898	0.81042	0	
1237858	8349.78027	3304297402331	0.50846	0.36062	8349.27148	0.49609	10947	0	0.54407	0.38596	1	0.45042	0.38059	1	0.49725	0.38327	1	0.44483	0.54062	13.29650	1.07554	1	0.70771	0.55620	13.87112	1.07554	1	-0.01398	-0.01038	0.67539	0.00365	1	0.05417	-0.01352	0.68024	0.00386	1	1.45898	0.81042	0	
1237859	8349.78711	3304297469163	0.50472	0.36817	8349.27148	0.49609	10947	0	0.54407	0.38596	1	0.45042	0.38059	1	0.49725	0.38327	1	0.44456	0.54054	13.03331	1.07554	1	0.70764	0.55592	13.47178	1.07554	1	-0.01454	-0.01081	0.69985	0.00363	1	0.05417	-0.01347	0.68024	0.00406	1	1.45898	0.81042	0	
1237860	8349.79395	3304297536736	0.50194	0.36444	8349.77441	0.01953	10948	1	0.52674	0.36874	1	0.46046	0.33770	1	0.49360	0.35322	1	0.44457	0.54043	13.00607	1.08463	1	0.70781	0.55572	13.30159	1.08463	1	-0.01454	-0.01081	0.69985	0.00369	1	0.05417	-0.01347	0.68024	0.00411	1	1.45898	0.81042	0	
1237861	8349.80078	3304297602983	0.50164	0.36013	8349.77441	0.02637	10948	1	0.52508	0.35213	1	0.47573	0.33367	1	0.50040	0.34290	1	0.44456	0.54034	12.59328	1.09371	1	0.70768	0.55577	13.33749	1.09371	1	-0.01454	-0.01081	0.69985	0.00374	1	0.05417	-0.01347	0.68024	0.00409	1	1.45898	0.81042	0	
1237862	8349.80762	3304297670128	0.50143	0.35726	8349.77441	0.03320	10948	1	0.52508	0.35213	1	0.47573	0.33367	1	0.50040	0.34290	1	0.44416	0.54040	12.40407	1.09371	1	0.70786	0.55576	13.87817	1.09371	1	-0.01398	-0.01038	0.67539	0.00364	1	0.05417	-0.01347	0.68024	0.00413	1	1.45898	0.81042	0	
1237863	8349.81445	3304297737076	0.50172	0.35460	8349.77441	0.04004	10948	1	0.53101	0.34542	1	0.47593	0.33192	1	0.50347	0.33867	1	0.44458	0.54027	12.99745	1.08463	1	0.70765	0.55565	13.49916	1.08463	1	-0.01398	-0.01038	0.67539	0.00371	1	0.05417	-0.01347	0.68024	0.00420	1	1.45898	0.81042	0	
1237864	8349.82129	3304297803866	0.50248	0.35496	8349.77441	0.04688	10948	1	0.53068	0.36310	1	0.48490	0.35180	1	0.50779	0.35745	1	0.44462	0.54030	12.40876	1.07554	1	0.70781	0.55572	13.30159	1.07554	1	-0.01398	-0.01038	0.67539	0.00387	1	0.05417	-0.01347	0.68024	0.00411	1	1.45898	0.81042	0	
1237865	8349.82715	3304297871006	0.50310	0.35602	8349.77441	0.05273	10948	1	0.53157	0.37000	1	0.48449	0.35898	1	0.50803	0.36449	1	0.44435	0.54026	12.37636	1.06646	1	0.70779	0.55613	13.72231	1.06646	1	-0.01406	-0.01032	0.67470	0.00373	1	0.05417	-0.01347	0.68024	0.00385	1	1.45898	0.81042	0	
1237866	8349.83398	3304297935803	0.50348	0.35804	8349.77441	0.05957	10948	1	0.53395	0.39053	1	0.47994	0.36185	1	0.50695	0.37619	1	0.44471	0.54093	12.94176	1.06646	1	0.70781	0.55573	14.08633	1.06646	1	-0.01406	-0.01032	0.67470	0.00385	1	0.05417	-0.01347	0.68024	0.00384	1	1.45898	0.81042	0	
1237867	8349.84082	3304298005367	0.50498	0.35980	8349.77441	0.06641	10948	1	0.53916	0.40625	1	0.50084	0.34853	1	0.52000	0.37739	1	0.44473	0.54089	13.16582	1.06646	1	0.70770	0.55555	13.47750	1.06646	1	-0.01406	-0.01032	0.67470	0.00385	1	0.05417	-0.01347	0.68024	0.00399	1	1.45898	0.81042	0	
1237868	8349.84766	3304298072012	0.50623	0.36203	8349.77441	0.07324	10948	1	0.53990	0.41206	1	0.49990	0.36110	1	0.51990	0.38658	1	0.44439	0.54067	12.83146	1.05844	1	0.70771	0.55594	13.64936	1.05078	1	-0.01386	-0.01014	0.66277	0.00371	1	0.05281	-0.01314	0.66386	0.00380	1	1.45898	0.81042	0	
1237869	8349.85449	3304298139051	0.50669	0.36596	8349.77441	0.08008	10948	1	0.51929	0.42429	1	0.50523	0.40200	1	0.51226	0.41315	1	0.44435	0.54065	12.48941	1.04276	1	0.70769	0.55602	13.67911	1.03510	1	-0.01386	-0.01014	0.66277	0.00373	1	0.05281	-0.01314	0.66386	0.00375	1	1.45898	0.81042	0	
1237870	8349.86133	3304298205963	0.50707	0.36931	8349.77441	0.08691	10948	1	0.52660	0.39481	1	0.49741	0.43093	1	0.51200	0.41287	1	0.44435	0.54047	12.29656	1.02709	1	0.70765	0.55611	13.32730	1.01943	1	-0.01386	-0.01014	0.66277	0.00379	1	0.05281	-0.01314	0.66386	0.00373	1	1.45898	0.81042	0	
1237871	8349.86816	3304298272838	0.50742	0.37301	8349.77441	0.09375	10948	1	0.52827	0.40679	1	0.49647	0.44281	1	0.51237	0.42480	1	0.44464	0.54060	12.85115	1.01141	1	0.70765	0.55599	13.69211	1.00375	1	-0.01386	-0.01009	0.66277	0.00376	1	0.05202	-0.01297	0.65509	0.00370	1	1.45898	0.81042	0	
1237872	8349.87402	3304298339904	0.50704	0.37650	8349.77441	0.09961	10948	1	0.52294	0.40531	1	0.47978	0.45225	1	0.50136	0.42878	1	0.44436	0.54013	12.29992	1.00375	1	0.70741	0.55613	14.02647	1.00375	1	-0.01386	-0.01009	0.66277	0.00392	1	0.05202	-0.01297	0.65509	0.00382	1	1.45898	0.81042	0	
1237873	8349.88086	3304298405050	0.50675	0.37745	8349.77441	0.10645	10948	1	0.53297	0.37639	1	0.47118	0.40920	1	0.50208	0.39279	1	0.44411	0.53988	12.86043	1.00375	1	0.70720	0.55584	14.18503	1.00375	1	-0.01386	-0.01009	0.66277	0.00392	1	0.05202	-0.01297	0.65509	0.00389	1	1.45898	0.81042	0	
1237874	8349.88770	3304298469113	0.50650	0.37814	8349.77441	0.11328	10948	1	0.53297	0.37639	1	0.47145	0.40316	1	0.50221	0.38977	1	0.44443	0.54009	13.72812	1.00375	1	0.70693	0.55530	13.92254	1.01141	1	-0.01386	-0.01004	0.66277	0.00393	1	0.05394	-0.01346	0.67989	0.00407	1	1.45898	0.81042	0	
1237875	8349.89453	3304298538812	0.50715	0.37932	8349.77441	0.12012	10948	1	0.56675	0.38402	1	0.47085	0.41722	1	0.51880	0.40062	1	0.44472	0.54006	12.89138	1.01141	1	0.70725	0.55494	13.79904	1.01907	1	-0.01386	-0.01004	0.66277	0.00395	1	0.05394	-0.01346	0.67989	0.00406	1	1.45898	0.81042	0	
1237876	8349.90137	3304298604645	0.50701	0.37953	8349.77441	0.12695	10948	1	0.54384	0.37398	1	0.46487	0.39292	1	0.50436	0.38345	1	0.44435	0.54008	13.91134	1.01907	1	0.70723	0.55478	13.80827	1.02673	1	-0.01386	-0.01004	0.66277	0.00388	1	0.05394	-0.01346	0.67989	0.00405	1	1.45898	0.81042	0	
1237877	8349.90820	3304298674619	0.50687	0.37943	8349.77441	0.13379	10948	1	0.54313	0.36793	1	0.46509	0.38689	1	0.50411	0.37741	1	0.44383	0.54001	12.94681	1.02673	1	0.70730	0.55539	14.11856	1.03439	1	-0.01386	-0.01004	0.66277	0.00389	1	0.05355	-0.01331	0.67499	0.00409	1	1.45898	0.81042	0	
1237878	8349.91406	3304298738197	0.50705	0.37917	8349.77441	0.13965	10948	1	0.53215	0.36351	1	0.48930	0.38416	1	0.51073	0.37384	1	0.44425	0.54022	13.44293	1.03439	1	0.70712	0.55516	13.85885	1.03439	1	-0.01386	-0.01004	0.66277	0.00380	1	0.05355	-0.01331	0.67499	0.00417	1	1.45898	0.81042	0	
1237879	8349.92090	3304298805901	0.50747	0.37957	8349.77441	0.14648	10948	1	0.52685	0.36806	1	0.50670	0.40868	1	0.51678	0.38837	1	0.44413	0.54018	12.98963	1.03439	1	0.70709	0.55516	13.89956	1.03439	1	-0.01386	-0.01004	0.66277	0.00384	1	0.05355	-0.01331	0.67499	0.00416	1	1.45898	0.81042	0	
1237880	8349.92773	3304298872563	0.50785	0.37925	8349.77441	0.15332	10948	1	0.52505	0.35464	1	0.50844	0.38885	1	0.51674	0.37175	1	0.44409	0.53962	12.95206	1.05149	1	0.70700	0.55527	13.78547	1.06017	1	-0.01459	-0.01049	0.69249	0.00400	1	0.05552	-0.01382	0.70044	0.00404	1	1.45898	0.81042	0	
1237881	8349.93457	3304298939903	0.50828	0.37613	8349.77441	0.16016	10948	1	0.52868	0.21006	1	0.50820	0.39246	1	0.51844	0.30126	1	0.44396	0.53837	12.70095	1.07727	1	0.70698	0.55531	13.76684	1.08596	1	-0.01459	-0.01049	0.69249	0.00453	1	0.05552	-0.01382	0.70044	0.00414	1	1.45898	0.81042	0	
1237882	8349.94141	3304299007123	0.50853	0.37361	8349.77441	0.16699	10948	1	0.52708	0.24150	1	0.50235	0.38005	1	0.51472	0.31078	1	0.44393	0.53919	12.95456	1.10306	1	0.70691	0.55531	13.77140	1.11174	1	-0.01459	-0.01049	0.69249	0.00396	1	0.05552	-0.01382	0.70044	0.00407	1	1.45898	0.81042	0	
1237883	8349.94824	3304299073519	0.50873	0.37102	8349.77441	0.17383	10948	1	0.52544	0.22730	1	0.50237	0.37979	1	0.51391	0.30354	1	0.44359	0.53940	12.48494	1.11976	1	0.70658	0.55521	12.96985	1.11210	1	-0.01429	-0.01034	0.67571	0.00410	1	0.05177	-0.01291	0.65450	0.00402	1	1.45898	0.81042	0	
1237884	8349.95508	3304299143857	0.50917	0.37033	8349.77441	0.18066	10948	1	0.54557	0.31032	1	0.49652	0.39298	1	0.52105	0.35165	1	0.44406	0.54011	13.14831	1.10301	1	0.70676	0.55516	13.18246	1.08667	1	-0.01429	-0.01034	0.67571	0.00383	1	0.05177	-0.01291	0.65450	0.00399	1	1.45898	0.81042	0	
1237885	8349.96191	3304299211289	0.50953	0.36940	8349.77441	0.18750	10948	1	0.56639	0.29349	1	0.47289	0.39370	1	0.51964	0.34359	1	0.44404	0.53970	12.91229	1.07758	1	0.70649	0.55511	13.50899	1.06124	1	-0.01429	-0.01034	0.67571	0.00406	1	0.05177	-0.01291	0.65450	0.00405	1	1.45898	0.81042	0	
1237886	8349.96777	3304299277262	0.50988	0.36943	8349.77441	0.19336	10948	1	0.56872	0.32092	1	0.47172	0.41915	1	0.52022	0.37003	1	0.44400	0.53977	12.90662	1.04414	1	0.70649	0.55519	13.53780	1.02780	1	-0.01421	-0.01024	0.66960	0.00404	1	0.05177	-0.01291	0.65450	0.00403	1	1.45898	0.81042	0	
1237887	8349.97461	3304299344597	0.50994	0.36988	8349.77441	0.20020	10948	1	0.55232	0.33298	1	0.47096	0.43407	1	0.51164	0.38352	1	0.44382	0.53956	12.49583	1.01979	1	0.70639	0.55511	14.14518	1.01979	1	-0.01421	-0.01024	0.66960	0.00406	1	0.05177	-0.01291	0.65450	0.00413	1	1.45898	0.81042	0	
1237888	8349.98145	3304299411607	0.50986	0.37073	8349.77441	0.20703	10948	1	0.55642	0.36195	1	0.45822	0.43245	1	0.50732	0.39720	1	0.44366	0.53984	12.07310	1.01177	1	0.70628	0.55521	13.98913	1.01177	1	-0.01421	-0.01024	0.66960	0.00396	1	0.05177	-0.01291	0.65450	0.00410	1	1.45898	0.81042	0	
1237889	8349.98828	3304299479091	0.50979	0.37173	8349.77441	0.21387	10948	1	0.55708	0.36841	1	0.45804	0.43853	1	0.50756	0.40347	1	0.44357	0.53990	12.27946	1.00375	1	0.70650	0.55484	13.91164	1.00375	1	-0.01421	-0.01024	0.66960	0.00404	1	0.05177	-0.01291	0.65450	0.00408	1	1.45898	0.81042	0	
1237890	8349.99512	3304299545319	0.50949	0.37178	8349.77441	0.22070	10948	1	0.51875	0.32930	1	0.48034	0.41777	1	0.49954	0.37353	1	0.44317	0.53931	12.86388	1.00375	1	0.70661	0.55489	14.14271	1.00375	1	-0.01421	-0.01024	0.66960	0.00413	1	0.05177	-0.01291	0.65450	0.00412	1	1.45898	0.81042	0	
1237891	8350.00195	3304299610341	0.50942	0.37224	8349.77441	0.22754	10948	1	0.52195	0.36489	1	0.49228	0.41101	1	0.50711	0.38795	1	0.44317	0.53940	12.86726	1.00375	1	0.70642	0.55488	13.85921	1.00375	1	-0.01421	-0.01024	0.66960	0.00416	1	0.05177	-0.01291	0.65450	0.00410	1	1.45898	0.81042	0	
1237892	8350.00879	3304299679478	0.50935	0.37268	8349.77441	0.23438	10948	1	0.52195	0.36489	1	0.49228	0.41101	1	0.50711	0.38795	1	0.44323	0.54023	12.99748	1.00375	1	0.70645	0.55475	13.82729	1.00375	1	-0.01421	-0.01024	0.66960	0.00385	1	0.05177	-0.01291	0.65450	0.00404	1	1.45898	0.81042	0	
1237893	8350.01465	3304299746148	0.50902	0.37356	8349.77441	0.24023	10948	1	0.52087	0.40130	1	0.47287	0.40904	1	0.49687	0.40517	1	0.44315	0.54034	13.29073	1.00375	1	0.70650	0.55479	13.83774	1.00375	1	-0.01421	-0.01024	0.66960	0.00389	1	0.05177	-0.01291	0.65450	0.00399	1	1.45898	0.81042	0	
1237894	8350.02148	3304299813474	0.50865	0.37409	8349.77441	0.24707	10948	1	0.53711	0.35691	1	0.45312	0.43061	1	0.49511	0.39376	1	0.44345	0.53978	13.26377	1.00375	1	0.70622	0.55501	14.17695	1.00375	1	-0.01421	-0.01024	0.66960	0.00391	1	0.05177	-0.01291	0.65450	0.00412	1	1.45898	0.81042	0	
1237895	8350.02832	3304299880679	0.50830	0.37459	8349.77441	0.25391	10948	1	0.53711	0.35691	1	0.45312	0.43061	1	0.49511	0.39376	1	0.44342	0.53983	13.40087	1.00375	1	0.70643	0.55447	13.88805	1.00375	1	-0.01421	-0.01024	0.66960	0.00401	1	0.05177	-0.01291	0.65450	0.00399	1	1.45898	0.81042	0	
1237896	8350.03516	3304299947054	0.50853	0.37501	8349.77441	0.26074	10948	1	0.54893	0.37425	1	0.48597	0.40874	1	0.51745	0.39149	1	0.44361	0.54009	13.86661	1.00375	1	0.70667	0.55467	13.28034	1.00375	1	-0.01421	-0.01024	0.66960	0.00385	1	0.05177	-0.01291	0.65450	0.00415	1	1.45898	0.81042	0	
1237897	8350.04199	3304300014531	0.50857	0.37448	8349.77441	0.26758	10948	1	0.53054	0.31036	1	0.48927	0.39597	1	0.50991	0.35317	1	0.44363	0.53989	13.76140	1.00375	1	0.70673	0.55464	13.30646	1.00375	1	-0.01421	-0.01024	0.66960	0.00377	1	0.05177	-0.01291	0.65450	0.00409	1	1.45898	0.81042	0	
1237898	8350.04883	3304300081487	0.50859	0.37381	8349.77441	0.27441	10948	1	0.52970	0.30342	1	0.48970	0.38953	1	0.50970	0.34647	1	0.44400	0.53917	12.79995	1.01177	1	0.70638	0.55493	14.02772	1.01177	1	-0.01429	-0.01034	0.67571	0.00424	1	0.05177	-0.01291	0.65450	0.00412	1	1.45898	0.81042	0	
1237899	8350.05566	3304300148328	0.50849	0.37410	8349.77441	0.28125	10948	1	0.55057	0.34988	1	0.45781	0.42258	1	0.50419	0.38623	1	0.44406	0.53988	13.12199	1.01979	1	0.70621	0.55513	14.20671	1.01979	1	-0.01429	-0.01034	0.67571	0.00374	1	0.05177	-0.01291	0.65450	0.00411	1	1.45898	0.81042	0	
1237900	8350.06250	3304300215649	0.50847	0.37443	8349.77441	0.28809	10948	1	0.55300	0.37751	1	0.46211	0.39936	1	0.50755	0.38843	1	0.44423	0.54042	13.07823	1.02780	1	0.70638	0.55493	14.02772	1.02780	1	-0.01429	-0.01034	0.67571	0.00397	1	0.05177	-0.01291	0.65450	0.00413	1	1.45898	0.81042	0	
1237901	8350.06836	3304300281494	0.50844	0.37450	8349.77441	0.29395	10948	1	0.55156	0.36419	1	0.46238	0.39133	1	0.50697	0.37776	1	0.44402	0.54007	13.05935	1.04490	1	0.70664	0.55521	13.89108	1.03810	1	-0.01459	-0.01060	0.69249	0.00392	1	0.05167	-0.01292	0.65253	0.00408	1	1.45898	0.81042	0	
1237902	8350.07520	3304300348799	0.50828	0.37410	8349.77441	0.30078	10948	1	0.51802	0.33734	1	0.48418	0.37471	1	0.50110	0.35602	1	0.44392	0.53983	12.97685	1.04718	1	0.70670	0.55530	13.24008	1.04037	1	-0.01459	-0.01060	0.69249	0.00385	1	0.05167	-0.01292	0.65253	0.00415	1	1.45898	0.81042	0	
1237903	8350.08203	3304300416088	0.50835	0.37358	8349.77441	0.30762	10948	1	0.52278	0.33798	1	0.50064	0.36153	1	0.51171	0.34975	1	0.44401	0.53989	13.20743	1.04946	1	0.70688	0.55508	12.91544	1.04265	1	-0.01459	-0.01060	0.69249	0.00390	1	0.05167	-0.01292	0.65253	0.00411	1	1.45898	0.81042	0	
1237904	8350.08887	3304300483309	0.50843	0.37314	8349.77441	0.31445	10948	1	0.52351	0.34344	1	0.50064	0.36153	1	0.51207	0.35248	1	0.44395	0.54027	13.08959	1.04265	1	0.70719	0.55501	13.78702	1.04265	1	-0.01435	-0.01041	0.68365	0.00378	1	0.05249	-0.01311	0.66228	0.00406	1	1.45898	0.81042	0	
1237905	8350.09570	3304300550343	0.50830	0.37395	8349.77441	0.32129	10948	1	0.53037	0.38501	1	0.49666	0.36851	1	0.51351	0.37676	1	0.44430	0.54041	13.56238	1.03357	1	0.70727	0.55522	13.70972	1.04037	1	-0.01435	-0.01041	0.68365	0.00379	1	0.05249	-0.01311	0.66228	0.00415	1	1.45898	0.81042	0	
1237906	8350.10156	3304300613697	0.50879	0.37373	8349.77441	0.32715	10948	1	0.54782	0.36834	1	0.49346	0.37714	1	0.52064	0.37274	1	0.44424	0.54031	13.45712	1.03129	1	0.70720	0.55494	13.80269	1.03810	1	-0.01435	-0.01041	0.68365	0.00379	1	0.05249	-0.01311	0.66228	0.00422	1	1.45898	0.81042	0	
1237907	8350.10840	3304300681829	0.50928	0.37349	8349.77441	0.33398	10948	1	0.54802	0.37013	1	0.49375	0.37286	1	0.52089	0.37149	1	0.44419	0.53998	13.36864	1.02901	1	0.70692	0.55535	14.20373	1.04348	1	-0.01444	-0.01052	0.68755	0.00386	1	0.05394	-0.01346	0.67989	0.00418	1	1.45898	0.81042	0	
1237908	8350.11523	3304300748186	0.50956	0.37363	8349.77441	0.34082	10948	1	0.53386	0.35809	1	0.48034	0.36239	1	0.50710	0.36024	1	0.44418	0.54030	13.44683	1.04348	1	0.70693	0.55523	14.13530	1.05114	1	-0.01444	-0.01052	0.68755	0.00383	1	0.05394	-0.01346	0.67989	0.00423	1	1.45898	0.81042	0	
1237909	8350.12207	3304300818291	0.50964	0.37406	8349.77441	0.34766	10948	1	0.53241	0.34351	1	0.47600	0.38333	1	0.50420	0.36342	1	0.44414	0.54002	13.45926	1.05114	1	0.70735	0.55543	14.57520	1.05880	1	-0.01444	-0.01052	0.68755	0.00382	1	0.05394	-0.01346	0.67989	0.00405	1	1.45898	0.81042	0	
1237910	8350.12891	3304300884961	0.50971	0.37436	8349.77441	0.35449	10948	1	0.53165	0.33742	1	0.47629	0.37741	1	0.50397	0.35742	1	0.44485	0.54011	13.61652	1.05880	1	0.70744	0.55514	14.32619	1.06646	1	-0.01406	-0.01032	0.67470	0.00387	1	0.05394	-0.01346	0.67989	0.00415	1	1.45898	0.81042	0	
1237911	8350.13574	3304300952275	0.50986	0.37499	8349.77441	0.36133	10948	1	0.53882	0.35614	1	0.48177	0.38155	1	0.51029	0.36885	1	0.44468	0.54033	13.52056	1.06646	1	0.70741	0.55499	13.91455	1.06646	1	-0.01406	-0.01032	0.67470	0.00386	1	0.05394	-0.01346	0.67989	0.00406	1	1.45898	0.81042	0	
1237912	8350.14258	3304301019088	0.50969	0.37475	8349.77441	0.36816	10948	1	0.53872	0.32145	1	0.46062	0.37008	1	0.49967	0.34577	1	0.44458	0.54002	13.53631	1.06646	1	0.70703	0.55522	14.08753	1.06646	1	-0.01406	-0.01032	0.67470	0.00379	1	0.05394	-0.01346	0.67989	0.00412	1	1.45898	0.81042	0	
1237913	8350.14941	3304301086069	0.50951	0.37436	8349.77441	0.37500	10948	1	0.53872	0.32145	1	0.46062	0.37008	1	0.49967	0.34577	1	0.44462	0.53977	13.11006	1.06646	1	0.70717	0.55525	14.16368	1.06646	1	-0.01406	-0.01032	0.67470	0.00379	1	0.05394	-0.01346	0.67989	0.00400	1	1.45898	0.81042	0	
1237914	8350.15625	3304301152958	0.50956	0.37395	8349.77441	0.38184	10948	1	0.53577	0.35090	1	0.48255	0.36246	1	0.50916	0.35668	1	0.44505	0.54036	13.50253	1.06646	1	0.70738	0.55538	13.81699	1.06646	1	-0.01406	-0.01032	0.67470	0.00399	1	0.05394	-0.01346	0.67989	0.00397	1	1.45898	0.81042	0	
1237915	8350.16211	3304301220184	0.50928	0.37377	8349.77441	0.38770	10948	1	0.52610	0.34831	1	0.48718	0.38878	1	0.50664	0.36854	1	0.44488	0.54010	13.25683	1.06646	1	0.70746	0.55548	13.76167	1.06646	1	-0.01406	-0.01032	0.67470	0.00382	1	0.05394	-0.01346	0.67989	0.00402	1	1.45898	0.81042	0	
1237916	8350.16895	3304301287071	0.50900	0.37351	8349.77441	0.39453	10948	1	0.52610	0.34831	1	0.48649	0.39982	1	0.50629	0.37406	1	0.44483	0.53982	12.94697	1.06646	1	0.70735	0.55541	13.81988	1.05199	1	-0.01405	-0.01039	0.67903	0.00403	1	0.05011	-0.01248	0.63049	0.00412	1	1.45898	0.81042	0	
1237917	8350.17578	3304301353574	0.50901	0.37295	8349.77441	0.40137	10948	1	0.53162	0.37916	1	0.49383	0.39321	1	0.51272	0.38618	1	0.44491	0.54011	12.81726	1.05199	1	0.70769	0.55526	13.04725	1.03752	1	-0.01405	-0.01039	0.67903	0.00386	1	0.05011	-0.01248	0.63049	0.00403	1	1.45898	0.81042	0	
1237918	8350.18262	3304301421123	0.50911	0.37236	8349.77441	0.40820	10948	1	0.53483	0.37544	1	0.49892	0.39421	1	0.51687	0.38483	1	0.44500	0.54040	13.69840	1.03752	1	0.70770	0.55521	13.28891	1.02305	1	-0.01405	-0.01039	0.67903	0.00382	1	0.05011	-0.01248	0.63049	0.00396	1	1.45898	0.81042	0	
1237919	8350.18945	3304301488409	0.50922	0.37178	8349.77441	0.41504	10948	1	0.53704	0.39286	1	0.49843	0.40056	1	0.51774	0.39671	1	0.44501	0.54024	13.38645	1.01504	1	0.70775	0.55534	14.12800	1.01504	1	-0.01352	-0.00998	0.65551	0.00386	1	0.05417	-0.01347	0.68024	0.00417	1	1.45898	0.81042	0	
1237920	8350.19629	3304301554611	0.50908	0.37123	8349.77441	0.42188	10948	1	0.52659	0.38704	1	0.46312	0.41855	1	0.49485	0.40279	1	0.44496	0.54001	13.24204	1.00702	1	0.70785	0.55551	14.45935	1.02149	1	-0.01352	-0.00998	0.65551	0.00382	1	0.05417	-0.01347	0.68024	0.00412	1	1.45898	0.81042	0	
1237921	8350.20312	3304301621962	0.50893	0.37050	8349.77441	0.42871	10948	1	0.52037	0.35840	1	0.46860	0.35622	1	0.49448	0.35731	1	0.44519	0.53962	13.18663	1.01347	1	0.70798	0.55545	14.31239	1.02794	1	-0.01352	-0.00998	0.65551	0.00387	1	0.05417	-0.01347	0.68024	0.00413	1	1.45898	0.81042	0	
1237922	8350.20898	3304301688900	0.50875	0.36957	8349.77441	0.43457	10948	1	0.51873	0.34667	1	0.46906	0.34433	1	0.49390	0.34550	1	0.44565	0.54010	13.19923	1.02794	1	0.70807	0.55540	13.89743	1.04241	1	-0.01386	-0.01027	0.67439	0.00391	1	0.05417	-0.01347	0.68024	0.00412	1	1.45898	0.81042	0	
1237923	8350.21582	3304301755538	0.50859	0.36929	8349.77441	0.44141	10948	1	0.54809	0.37375	1	0.47369	0.40018	1	0.51089	0.38697	1	0.44558	0.54015	13.47503	1.05042	1	0.70808	0.55556	13.72402	1.05042	1	-0.01386	-0.01027	0.67439	0.00383	1	0.05417	-0.01347	0.68024	0.00402	1	1.45898	0.81042	0	
1237924	8350.22266	3304301823109	0.50842	0.36848	8349.77441	0.44824	10948	1	0.52410	0.32436	1	0.46826	0.36481	1	0.49618	0.34458	1	0.44564	0.54001	13.27615	1.05844	1	0.70800	0.55541	14.05955	1.05844	1	-0.01386	-0.01027	0.67439	0.00387	1	0.05417	-0.01347	0.68024	0.00398	1	1.45898	0.81042	0	
1237925	8350.22949	3304301889456	0.50824	0.36772	8349.77441	0.45508	10948	1	0.52326	0.31788	1	0.46827	0.36452	1	0.49577	0.34120	1	0.44563	0.54000	13.11793	1.06646	1	0.70832	0.55542	13.25059	1.05880	1	-0.01391	-0.01033	0.68204	0.00384	1	0.05282	-0.01312	0.66276	0.00399	1	1.45898	0.81042	0	
1237926	8350.23633	3304301956736	0.50842	0.36681	8349.77441	0.46191	10948	1	0.53598	0.35093	1	0.50208	0.30853	1	0.51903	0.32973	1	0.44580	0.54032	13.06726	1.05880	1	0.70839	0.55483	13.04667	1.05114	1	-0.01391	-0.01033	0.68204	0.00381	1	0.05282	-0.01312	0.66276	0.00427	1	1.45898	0.81042	0	
1237927	8350.24316	3304302024001	0.50838	0.36650	8349.77441	0.46875	10948	1	0.52951	0.36653	1	0.50089	0.38051	1	0.51520	0.37352	1	0.44576	0.54024	13.40372	1.05114	1	0.70847	0.55537	13.36999	1.04348	1	-0.01391	-0.01033	0.68204	0.00381	1	0.05282	-0.01312	0.66276	0.00395	1	1.45898	0.81042	0	
1237928	8350.24902	3304302088940	0.50836	0.36679	8349.77441	0.47461	10948	1	0.53111	0.37865	1	0.49993	0.39288	1	0.51552	0.38577	1	0.44602	0.54044	13.03880	1.03546	1	0.70884	0.55540	13.88463	1.02780	1	-0.01332	-0.00993	0.65544	0.00383	1	0.05216	-0.01293	0.65317	0.00397	1	1.45898	0.81042	0	
1237929	8350.25586	3304302157746	0.50817	0.36855	8349.77441	0.48145	10948	1	0.55538	0.39080	1	0.46339	0.38107	1	0.50938	0.38593	1	0.44625	0.54034	13.30966	1.01979	1	0.70826	0.55559	13.74960	1.01979	1	-0.01332	-0.00993	0.65544	0.00387	1	0.05216	-0.01293	0.65317	0.00414	1	1.45898	0.81042	0	
1237930	8350.26270	3304302223376	0.50763	0.36965	8349.77441	0.48828	10948	1	0.53280	0.39603	1	0.44524	0.33064	1	0.48902	0.36334	1	0.44596	0.54010	12.65843	1.01177	1	0.70834	0.55488	13.30998	1.01177	1	-0.01332	-0.00993	0.65544	0.00392	1	0.05216	-0.01293	0.65317	0.00450	1	1.45898	0.81042	0	
1237931	8350.26953	3304302291767	0.50712	0.37082	8349.77441	0.49512	10948	1	0.53280	0.39603	1	0.44532	0.32407	1	0.48906	0.36005	1	0.44597	0.54005	12.18340	1.01177	1	0.70873	0.55548	14.13713	1.01943	1	-0.01371	-0.01026	0.67703	0.00399	1	0.05461	-0.01353	0.68316	0.00420	1	1.45898	0.81042	0	
1237932	8350.27637	3304302358554	0.50656	0.37055	8349.77441	0.50195	10948	1	0.51226	0.33261	1	0.47624	0.34456	1	0.49425	0.33858	1	0.44590	0.53970	12.49811	1.02745	1	0.70888	0.55529	13.91928	1.03510	1	-0.01371	-0.01026	0.67703	0.00396	1	0.05461	-0.01353	0.68316	0.00429	1	1.45898	0.81042	0	
1237933	8350.28320	3304302425652	0.50614	0.37034	8349.77441	0.50879	10948	1	0.52357	0.33525	1	0.47578	0.33134	1	0.49968	0.33330	1	0.44609	0.53970	12.75760	1.04312	1	0.70884	0.55509	13.78917	1.05078	1	-0.01371	-0.01026	0.67703	0.00390	1	0.05461	-0.01353	0.68316	0.00415	1	1.45898	0.81042	0	
1237934	8350.29004	3304302491370	0.50570	0.36915	8349.77441	0.51562	10948	1	0.52092	0.31519	1	0.47672	0.31084	1	0.49882	0.31301	1	0.44631	0.53987	13.24575	1.06788	1	0.70922	0.55497	12.97183	1.07554	1	-0.01420	-0.01066	0.70382	0.00378	1	0.05461	-0.01353	0.68316	0.00428	1	1.45898	0.81042	0	
1237935	8350.29590	3304302557849	0.50566	0.36762	8349.77441	0.52148	10948	1	0.51954	0.30428	1	0.50058	0.31604	1	0.51006	0.31016	1	0.44634	0.53999	13.29899	1.08463	1	0.70927	0.55543	13.31535	1.08463	1	-0.01420	-0.01066	0.70382	0.00379	1	0.05461	-0.01353	0.68316	0.00405	1	1.45898	0.81042	0	
1237936	8350.30273	3304302623170	0.50574	0.36561	8349.77441	0.52832	10948	1	0.52027	0.31590	1	0.50186	0.28548	1	0.51107	0.30069	1	0.44644	0.54033	13.45027	1.09371	1	0.70922	0.55528	13.33730	1.09371	1	-0.01420	-0.01066	0.70382	0.00380	1	0.05461	-0.01353	0.68316	0.00405	1	1.45898	0.81042	0	
1237937	8350.30957	3304302688831	0.50582	0.36361	8349.77441	0.53516	10948	1	0.52111	0.32224	1	0.50138	0.29222	1	0.51125	0.30723	1	0.44670	0.54034	12.31401	1.08570	1	0.70885	0.55566	14.13846	1.08570	1	-0.01315	-0.00995	0.65664	0.00385	1	0.05385	-0.01331	0.67244	0.00393	1	1.45898	0.81042	0	
1237938	8350.31641	3304302757562	0.50600	0.36266	8349.77441	0.54199	10948	1	0.54011	0.34803	1	0.47663	0.30831	1	0.50837	0.32817	1	0.44674	0.54036	12.16321	1.06859	1	0.70887	0.55524	14.02001	1.06859	1	-0.01315	-0.00995	0.65664	0.00387	1	0.05385	-0.01331	0.67244	0.00428	1	1.45898	0.81042	0	
1237939	8350.32324	3304302823371	0.50619	0.36142	8349.77441	0.54883	10948	1	0.55357	0.32112	1	0.47878	0.33587	1	0.51617	0.32849	1	0.44687	0.54024	12.44663	1.05149	1	0.70889	0.55550	13.92239	1.05149	1	-0.01315	-0.00995	0.65664	0.00388	1	0.05385	-0.01331	0.67244	0.00403	1	1.45898	0.81042	0	
1237940	8350.33008	3304302892225	0.50446	0.33455	8349.77441	0.54883	10948	0	0.55496	0.33506	1	0.47777	0.35626	1	0.51637	0.34566	1	0.44697	0.54029	12.91099	1.03439	1	0.70916	0.55544	13.36932	1.02673	1	-0.01315	-0.00995	0.65664	0.00386	1	0.05290	-0.01312	0.65994	0.00413	1	1.45898	0.81042	0	
1237941	8350.33691	3304302961826	0.50053	0.34349	8349.77441	0.54883	10948	0	0.55496	0.33506	0	0.49660	0.35243	1	0.49660	0.35243	1	0.44697	0.54029	12.91099	1.02673	0	0.70920	0.55512	13.25012	1.01907	1	-0.01315	-0.00995	0.65664	0.00386	1	0.05290	-0.01312	0.65994	0.00413	1	1.45898	0.81042	0	
1237942	8350.34277	3304303023731	0.50053	0.34349	8349.77441	0.54883	10948	0	0.55496	0.33506	0	0.49660	0.35243	0	0.49660	0.35243	0	0.44697	0.54029	12.91099	1.01907	0	0.70920	0.55512	13.25012	1.01141	0	-0.01315	-0.00995	0.65664	0.00386	1	0.05290	-0.01312	0.65994	0.00413	1	1.45898	0.81042	0	
1237943	8350.34961	3304303092675	0.50053	0.34349	8350.33008	0.01953	10949	1	0.55496	0.33506	0	0.49660	0.35243	0	0.49660	0.35243	0	0.44697	0.54029	12.91099	1.01141	0	0.70920	0.55512	13.25012	1.00375	0	-0.01315	-0.00995	0.65664	0.00386	1	0.05290	-0.01312	0.65994	0.00413	1	1.45898	0.81042	0	
1237944	8350.35645	3304303163184	0.50053	0.34349	8350.33008	0.02637	10949	1	0.55496	0.33506	0	0.49660	0.35243	0	0.49660	0.35243	0	0.44697	0.54029	12.91099	1.00375	0	0.70920	0.55512	13.25012	1.00375	0	-0.01315	-0.00995	0.65664	0.00386	1	0.05290	-0.01312	0.65994	0.00413	1	1.45898	0.81042	0	
1237945	8350.36328	3304303230463	0.49660	0.35243	8350.33008	0.02637	10949	0	0.55496	0.33506	0	0.49660	0.35243	0	0.49660	0.35243	0	0.44697	0.54029	12.91099	1.00375	0	0.70920	0.55512	13.25012	1.00375	0	-0.01315	-0.00995	0.65664	0.00386	1	0.05290	-0.01312	0.65994	0.00413	1	1.45898	0.81042	0	
1237946	8350.37012	3304303296754	0.49660	0.35243	8350.33008	0.02637	10949	0	0.55496	0.33506	0	0.49660	0.35243	0	0.49660	0.35243	0	0.44697	0.54029	12.91099	1.00375	0	0.70920	0.55512	13.25012	1.00375	0	-0.01315	-0.00995	0.65664	0.00386	1	0.05290	-0.01312	0.65994	0.00413	1	1.45898	0.81042	0	
1237947	8350.37695	3304303363465	0.49660	0.35243	8350.33008	0.02637	10949	0	0.55496	0.33506	0	0.49660	0.35243	0	0.49660	0.35243	0	0.44697	0.54029	12.91099	1.00375	0	0.70920	0.55512	13.25012	1.00375	0	-0.01315	-0.00995	0.65664	0.00386	1	0.05290	-0.01312	0.65994	0.00413	1	1.45898	0.81042	0	
1237948	8350.38379	3304303430452	0.00000	0.00000	8350.33008	0.02637	10949	0	0.55496	0.33506	0	0.49660	0.35243	0	0.49660	0.35243	0	0.44697	0.54029	12.91099	1.00375	0	0.70920	0.55512	13.25012	1.00375	0	-0.01315	-0.00995	0.65664	0.00386	1	0.05290	-0.01312	0.65994	0.00413	1	1.45898	0.81042	0	
1237949	8350.39062	3304303497423	0.00000	0.00000	8350.33008	0.02637	10949	0	0.55496	0.33506	0	0.49660	0.35243	0	0.49660	0.35243	0	0.44697	0.54029	12.91099	1.00375	0	0.70920	0.55512	13.25012	1.00375	0	-0.01315	-0.00995	0.65664	0.00386	1	0.05290	-0.01312	0.65994	0.00413	1	1.45898	0.81042	0	
1237950	8350.39648	3304303564820	0.00000	0.00000	8350.33008	0.02637	10949	0	0.55496	0.33506	0	0.49660	0.35243	0	0.49660	0.35243	0	0.44697	0.54029	12.91099	1.00375	0	0.70920	0.55512	13.25012	1.00375	0	-0.01315	-0.00995	0.65664	0.00386	1	0.05290	-0.01312	0.65994	0.00413	1	1.45898	0.81042	0	
1237951	8350.40332	3304303631522	0.49305	0.33903	8350.33008	0.02637	10949	0	0.49540	0.36995	1	0.49070	0.30810	1	0.49305	0.33903	1	0.44673	0.53990	12.30231	1.00375	1	0.70986	0.55516	13.42426	1.00375	1	-0.01315	-0.00995	0.65664	0.00413	1	0.05290	-0.01312	0.65994	0.00439	1	1.45898	0.81042	0	
1237952	8350.41016	3304303698760	0.49299	0.33391	8350.33008	0.02637	10949	0	0.49431	0.36347	1	0.49155	0.29413	1	0.49293	0.32880	1	0.44726	0.54020	12.96180	1.01177	1	0.71007	0.55489	12.65762	1.01943	1	-0.01349	-0.01040	0.67615	0.00405	1	0.05483	-0.01369	0.68343	0.00458	1	1.45898	0.81042	0	
1237953	8350.41699	3304303765364	0.49945	0.33984	8350.33008	0.02637	10949	0	0.53582	0.37063	1	0.48891	0.33279	1	0.51237	0.35171	1	0.44736	0.54026	12.84152	1.02745	1	0.70983	0.55567	13.21388	1.03510	1	-0.01349	-0.01040	0.67615	0.00406	1	0.05483	-0.01369	0.68343	0.00408	1	1.45898	0.81042	0	
1237954	8350.42383	3304303832321	0.50197	0.34837	8350.40332	0.02051	10950	1	0.52731	0.41223	1	0.49175	0.33570	1	0.50953	0.37396	1	0.44722	0.54061	13.06468	1.04312	1	0.70998	0.55608	12.97478	1.05078	1	-0.01349	-0.01040	0.67615	0.00391	1	0.05483	-0.01369	0.68343	0.00407	1	1.45898	0.81042	0	
1237955	8350.43066	3304303898922	0.50340	0.35104	8350.40332	0.02734	10950	1	0.52567	0.40069	1	0.49258	0.32276	1	0.50912	0.36173	1	0.44676	0.54055	12.28205	1.05880	1	0.71004	0.55532	12.74713	1.06646	1	-0.01349	-0.01040	0.67615	0.00399	1	0.05483	-0.01369	0.68343	0.00443	1	1.45898	0.81042	0	
1237956	8350.43750	3304303966406	0.50457	0.35384	8350.40332	0.03418	10950	1	0.52847	0.37549	1	0.49241	0.36020	1	0.51044	0.36785	1	0.44731	0.54045	12.86872	1.06646	1	0.70992	0.55620	13.29699	1.06646	1	-0.01349	-0.01040	0.67615	0.00397	1	0.05483	-0.01369	0.68343	0.00404	1	1.45898	0.81042	0	
1237957	8350.44336	3304304032600	0.50652	0.35244	8350.40332	0.04004	10950	1	0.53017	0.36708	1	0.50619	0.32094	1	0.51818	0.34401	1	0.44728	0.54045	12.95301	1.06646	1	0.71012	0.55578	13.15042	1.06646	1	-0.01349	-0.01040	0.67615	0.00395	1	0.05483	-0.01369	0.68343	0.00447	1	1.45898	0.81042	0	
1237958	8350.45020	3304304100240	0.50798	0.35139	8350.40332	0.04688	10950	1	0.53017	0.36708	1	0.50619	0.32094	1	0.51818	0.34401	1	0.44726	0.54056	12.95231	1.06646	1	0.71006	0.55576	13.26137	1.06646	1	-0.01349	-0.01040	0.67615	0.00389	1	0.05483	-0.01369	0.68343	0.00424	1	1.45898	0.81042	0	
1237959	8350.45703	3304304167790	0.50740	0.35632	8350.40332	0.05371	10950	1	0.50827	0.41898	1	0.49724	0.37261	1	0.50276	0.39580	1	0.44697	0.54071	12.76236	1.06646	1	0.71001	0.55583	13.35220	1.06646	1	-0.01349	-0.01040	0.67615	0.00388	1	0.05483	-0.01369	0.68343	0.00420	1	1.45898	0.81042	0	
1237960	8350.46387	3304304235590	0.50812	0.35512	8350.40332	0.06055	10950	1	0.52554	0.38392	1	0.50382	0.30478	1	0.51468	0.34435	1	0.44723	0.54057	12.99178	1.06646	1	0.70998	0.55553	13.09129	1.06646	1	-0.01349	-0.01040	0.67615	0.00386	1	0.05483	-0.01369	0.68343	0.00421	1	1.45898	0.81042	0	
1237961	8350.47070	3304304300324	0.50870	0.35444	8350.40332	0.06738	10950	1	0.52554	0.38392	1	0.50334	0.31124	1	0.51444	0.34758	1	0.44721	0.53996	12.88994	1.06646	1	0.71002	0.55541	12.83416	1.05880	1	-0.01359	-0.01056	0.68655	0.00398	1	0.05366	-0.01338	0.66822	0.00419	1	1.45898	0.81042	0	
1237962	8350.47754	3304304368944	0.50867	0.35776	8350.40332	0.07422	10950	1	0.51477	0.37863	1	0.50194	0.41002	1	0.50836	0.39432	1	0.44709	0.54044	12.69693	1.05880	1	0.71011	0.55625	13.25613	1.05114	1	-0.01359	-0.01056	0.68655	0.00393	1	0.05366	-0.01338	0.66822	0.00392	1	1.45898	0.81042	0	
1237963	8350.48438	3304304435974	0.50876	0.35563	8350.40332	0.08105	10950	1	0.52722	0.40246	1	0.49242	0.25767	1	0.50982	0.33007	1	0.44721	0.54061	12.78058	1.05114	1	0.70991	0.55489	12.97448	1.04348	1	-0.01359	-0.01056	0.68655	0.00393	1	0.05366	-0.01338	0.66822	0.00444	1	1.45898	0.81042	0	
1237964	8350.49023	3304304502119	0.50885	0.35426	8350.40332	0.08691	10950	1	0.52802	0.40813	1	0.49200	0.26461	1	0.51001	0.33637	1	0.44758	0.54071	12.30888	1.04348	1	0.70996	0.55556	12.94346	1.03582	1	-0.01347	-0.01051	0.68032	0.00395	1	0.05366	-0.01338	0.66822	0.00423	1	1.45898	0.81042	0	
1237965	8350.49707	3304304568569	0.50921	0.35559	8350.40332	0.09375	10950	1	0.53582	0.33620	1	0.49259	0.41233	1	0.51421	0.37426	1	0.44740	0.53987	12.10416	1.03582	1	0.70995	0.55616	13.16984	1.03582	1	-0.01347	-0.01051	0.68032	0.00414	1	0.05366	-0.01338	0.66822	0.00396	1	1.45898	0.81042	0	
1237966	8350.50391	3304304636691	0.51010	0.35686	8350.40332	0.10059	10950	1	0.54452	0.38790	1	0.50263	0.36384	1	0.52357	0.37587	1	0.44756	0.54028	12.75781	1.03582	1	0.71005	0.55613	13.14190	1.03582	1	-0.01347	-0.01051	0.68032	0.00398	1	0.05366	-0.01338	0.66822	0.00398	1	1.45898	0.81042	0	
1237967	8350.51074	3304304700270	0.51090	0.35798	8350.40332	0.10742	10950	1	0.54452	0.38790	1	0.50263	0.36384	1	0.52357	0.37587	1	0.44703	0.54037	12.93646	1.03582	1	0.70996	0.55612	13.24483	1.03582	1	-0.01359	-0.01056	0.68655	0.00399	1	0.05305	-0.01328	0.66067	0.00398	1	1.45898	0.81042	0	
1237968	8350.51758	3304304770203	0.51131	0.35456	8350.40332	0.11426	10950	1	0.53867	0.33809	1	0.49802	0.25480	1	0.51834	0.29645	1	0.44744	0.53964	11.69824	1.03582	1	0.70997	0.55536	13.05802	1.03582	1	-0.01359	-0.01056	0.68655	0.00425	1	0.05305	-0.01328	0.66067	0.00424	1	1.45898	0.81042	0	
1237969	8350.52441	3304304837977	0.51138	0.35209	8350.40332	0.12109	10950	1	0.52775	0.36945	1	0.49767	0.24582	1	0.51271	0.30764	1	0.44730	0.54042	12.94229	1.03582	1	0.70996	0.55541	12.90444	1.03582	1	-0.01359	-0.01056	0.68655	0.00398	1	0.05305	-0.01328	0.66067	0.00423	1	1.45898	0.81042	0	
1237970	8350.53125	3304304904017	0.51146	0.35021	8350.40332	0.12793	10950	1	0.52859	0.37572	1	0.49720	0.25323	1	0.51289	0.31448	1	0.44757	0.54015	12.01938	1.02780	1	0.70996	0.55497	12.77451	1.02780	1	-0.01303	-0.01021	0.66066	0.00415	1	0.05305	-0.01328	0.66067	0.00433	1	1.45898	0.81042	0	
1237971	8350.53711	3304304970834	0.51166	0.34930	8350.40332	0.13379	10950	1	0.53358	0.35365	1	0.49785	0.30849	1	0.51572	0.33107	1	0.44744	0.53995	12.03834	1.01979	1	0.70992	0.55521	12.86539	1.01979	1	-0.01303	-0.01021	0.66066	0.00406	1	0.05305	-0.01328	0.66067	0.00431	1	1.45898	0.81042	0	
1237972	8350.54395	3304305038144	0.51207	0.35001	8350.40332	0.14062	10950	1	0.55408	0.38543	1	0.48717	0.34476	1	0.52062	0.36509	1	0.44762	0.54017	12.00077	1.01177	1	0.70984	0.55606	13.28093	1.01177	1	-0.01303	-0.01021	0.66066	0.00407	1	0.05305	-0.01328	0.66067	0.00398	1	1.45898	0.81042	0	
1237973	8350.55078	3304305104789	0.51245	0.35081	8350.40332	0.14746	10950	1	0.55476	0.39171	1	0.48715	0.34506	1	0.52095	0.36838	1	0.44729	0.54003	11.78091	1.00375	1	0.70991	0.55556	13.04451	1.01141	1	-0.01305	-0.01018	0.66192	0.00411	1	0.05437	-0.01350	0.67645	0.00423	1	1.45898	0.81042	0	
1237974	8350.55762	3304305171842	0.51250	0.35076	8350.40332	0.15430	10950	1	0.53266	0.36770	1	0.49462	0.33126	1	0.51364	0.34948	1	0.44729	0.53989	11.70158	1.01141	1	0.70993	0.55595	13.30063	1.01907	1	-0.01305	-0.01018	0.66192	0.00421	1	0.05437	-0.01350	0.67645	0.00396	1	1.45898	0.81042	0	
1237975	8350.56445	3304305240177	0.51268	0.34988	8350.40332	0.16113	10950	1	0.54145	0.38114	1	0.49227	0.27636	1	0.51686	0.32875	1	0.44746	0.54004	11.96689	1.01907	1	0.70993	0.55541	13.02172	1.02673	1	-0.01305	-0.01018	0.66192	0.00413	1	0.05437	-0.01350	0.67645	0.00431	1	1.45898	0.81042	0	
1237976	8350.57129	3304305306896	0.51283	0.34882	8350.40332	0.16797	10950	1	0.54072	0.37515	1	0.49269	0.26945	1	0.51671	0.32230	1	0.44729	0.54015	12.29572	1.02673	1	0.70985	0.55602	13.49354	1.03439	1	-0.01303	-0.01011	0.66066	0.00429	1	0.05437	-0.01355	0.67645	0.00397	1	1.45898	0.81042	0	
1237977	8350.57812	3304305372529	0.51258	0.34995	8350.40332	0.17480	10950	1	0.53049	0.38623	1	0.48164	0.37241	1	0.50607	0.37932	1	0.44729	0.54015	12.29572	1.03439	1	0.70974	0.55602	13.41573	1.03439	1	-0.01303	-0.01011	0.66066	0.00429	1	0.05437	-0.01355	0.67645	0.00397	1	1.45898	0.81042	0	
1237978	8350.58496	3304305439938	0.51227	0.34982	8350.40332	0.18164	10950	1	0.53354	0.35048	1	0.47385	0.34243	1	0.50370	0.34645	1	0.44735	0.53993	12.31395	1.03439	1	0.70967	0.55601	13.40573	1.03439	1	-0.01303	-0.01011	0.66066	0.00416	1	0.05437	-0.01355	0.67645	0.00412	1	1.45898	0.81042	0	
1237979	8350.59082	3304305507098	0.51197	0.34936	8350.40332	0.18750	10950	1	0.53274	0.34405	1	0.47446	0.32857	1	0.50360	0.33631	1	0.44757	0.53965	12.68619	1.04241	1	0.70995	0.55604	13.52469	1.05109	1	-0.01337	-0.01041	0.68038	0.00418	1	0.05658	-0.01403	0.70319	0.00407	1	1.45898	0.81042	0	
1237980	8350.59766	3304305573972	0.51158	0.34890	8350.40332	0.19434	10950	1	0.52598	0.28707	1	0.47461	0.38408	1	0.50030	0.33558	1	0.44737	0.53942	12.23408	1.05910	1	0.71004	0.55593	13.33671	1.06778	1	-0.01337	-0.01041	0.68038	0.00422	1	0.05658	-0.01403	0.70319	0.00402	1	1.45898	0.81042	0	
1237981	8350.60449	3304305639682	0.51147	0.34836	8350.40332	0.20117	10950	1	0.54384	0.31239	1	0.47294	0.35200	1	0.50839	0.33219	1	0.44759	0.53994	12.42501	1.07580	1	0.71000	0.55624	14.58876	1.08448	1	-0.01337	-0.01041	0.68038	0.00401	1	0.05658	-0.01403	0.70319	0.00398	1	1.45898	0.81042	0	
1237982	8350.61133	3304305707044	0.51136	0.34744	8350.40332	0.20801	10950	1	0.54238	0.29894	1	0.47351	0.33892	1	0.50794	0.31893	1	0.44766	0.53953	12.82227	1.09250	1	0.71006	0.55580	14.16041	1.10118	1	-0.01337	-0.01041	0.68038	0.00414	1	0.05658	-0.01403	0.70319	0.00406	1	1.45898	0.81042	0	
1237983	8350.61816	3304305774956	0.51097	0.34455	8350.40332	0.21484	10950	1	0.53324	0.19445	1	0.46373	0.31001	1	0.49849	0.25223	1	0.44753	0.53870	12.09060	1.10118	1	0.71019	0.55547	14.16309	1.10118	1	-0.01337	-0.01041	0.68038	0.00428	1	0.05658	-0.01403	0.70319	0.00389	1	1.45898	0.81042	0	
1237984	8350.62500	3304305840922	0.51065	0.34220	8350.40332	0.22168	10950	1	0.52446	0.29158	1	0.47566	0.23783	1	0.50006	0.26471	1	0.44769	0.53977	12.56327	1.10118	1	0.71035	0.55529	13.87414	1.10118	1	-0.01337	-0.01041	0.68038	0.00410	1	0.05658	-0.01403	0.70319	0.00389	1	1.45898	0.81042	0	
1237985	8350.63086	3304305908369	0.51035	0.34010	8350.40332	0.22754	10950	1	0.52446	0.29158	1	0.47535	0.24543	1	0.49990	0.26851	1	0.44782	0.53984	13.02213	1.10118	1	0.71022	0.55531	14.14421	1.09250	1	-0.01337	-0.01031	0.68038	0.00380	1	0.05464	-0.01359	0.67846	0.00393	1	1.45898	0.81042	0	
1237986	8350.63770	3304305975577	0.51026	0.33983	8350.40332	0.23438	10950	1	0.54320	0.29684	1	0.47123	0.36399	1	0.50721	0.33042	1	0.44795	0.53968	12.90310	1.09250	1	0.71035	0.55605	14.32958	1.08382	1	-0.01337	-0.01031	0.68038	0.00393	1	0.05464	-0.01359	0.67846	0.00413	1	1.45898	0.81042	0	
1237987	8350.64453	3304306041976	0.50957	0.34049	8350.40332	0.24121	10950	1	0.52175	0.36522	1	0.44791	0.36323	1	0.48483	0.36423	1	0.44786	0.54029	13.38478	1.08382	1	0.71039	0.55638	14.46253	1.07514	1	-0.01337	-0.01031	0.68038	0.00378	1	0.05464	-0.01359	0.67846	0.00392	1	1.45898	0.81042	0	
1237988	8350.65137	3304306109831	0.50894	0.34153	8350.40332	0.24805	10950	1	0.52350	0.37777	1	0.44762	0.38217	1	0.48556	0.37997	1	0.44942	0.54082	12.81826	1.06712	1	0.71239	0.55717	14.03312	1.05078	1	-0.01260	-0.01018	0.65880	0.00381	1	0.05304	-0.01318	0.65566	0.00403	1	1.45898	0.81042	0	
1237989	8350.65820	3304306177207	0.51041	0.34288	8350.40332	0.25488	10950	1	0.56828	0.33196	1	0.56398	0.45628	1	0.56613	0.39412	1	0.45063	0.54077	12.98354	1.04276	1	0.71360	0.55738	14.09292	1.03510	1	-0.01260	-0.01018	0.65880	0.00380	1	0.05304	-0.01318	0.65566	0.00412	1	1.45898	0.81042	0	
1237990	8350.66504	3304306242179	0.51073	0.34150	8350.40332	0.26172	10950	1	0.53398	0.16307	1	0.51238	0.41223	1	0.52318	0.28765	1	0.45102	0.53904	12.14836	1.02709	1	0.71348	0.55789	14.42355	1.01943	1	-0.01260	-0.01018	0.65880	0.00266	1	0.05304	-0.01318	0.65566	0.00387	1	1.45898	0.81042	0	
1237991	8350.67188	3304306311137	0.51104	0.34045	8350.40332	0.26855	10950	1	0.53555	0.17858	1	0.51179	0.41846	1	0.52367	0.29852	1	0.45420	0.54233	13.31066	1.01141	1	0.71675	0.55935	14.42752	1.01141	1	-0.01176	-0.01020	0.65055	0.00367	1	0.05490	-0.01378	0.67046	0.00394	1	1.45898	0.81042	0	
1237992	8350.67871	3304306377478	0.51508	0.34423	8350.40332	0.27539	10950	1	0.71085	0.48364	1	0.65010	0.51476	1	0.68047	0.49920	1	0.45515	0.54266	13.16506	1.01141	1	0.71734	0.55884	13.43590	1.01907	1	-0.01176	-0.01020	0.65055	0.00390	1	0.05490	-0.01378	0.67046	0.00402	1	1.45898	0.81042	0	
1237993	8350.68457	3304306444704	0.51888	0.34814	8350.40332	0.28125	10950	1	0.70116	0.50365	1	0.65653	0.52117	1	0.67884	0.51241	1	0.45541	0.54289	13.08245	1.01907	1	0.71745	0.55961	13.95638	1.02673	1	-0.01176	-0.01020	0.65055	0.00378	1	0.05490	-0.01378	0.67046	0.00409	1	1.45898	0.81042	0	
1237994	8350.69141	3304306508423	0.55237	0.36304	8350.40332	0.28125	10950	0	0.70187	0.49338	1	0.65821	0.51576	1	0.68004	0.50457	1	0.45600	0.54313	13.09867	1.03475	1	0.71881	0.56026	13.86490	1.03475	1	-0.01211	-0.01078	0.68441	0.00382	1	0.05443	-0.01365	0.66171	0.00422	1	1.45898	0.81042	0	
1237995	8350.69824	3304306575712	0.63415	0.44588	8350.40332	0.28125	10950	0	0.72412	0.49996	1	0.70776	0.55749	1	0.71594	0.52872	1	0.45600	0.54327	13.48606	1.04276	1	0.71866	0.56045	13.82454	1.03510	1	-0.01211	-0.01078	0.68441	0.00372	1	0.05443	-0.01365	0.66171	0.00406	1	1.45898	0.81042	0	
1237996	8350.70508	3304306643607	0.66524	0.46794	8350.40332	0.28125	10950	0	0.74538	0.49560	1	0.70946	0.52850	1	0.72742	0.51205	1	0.45604	0.54330	13.34911	1.04312	1	0.71828	0.56024	13.79833	1.03546	1	-0.01211	-0.01078	0.68441	0.00373	1	0.05443	-0.01365	0.66171	0.00397	1	1.45898	0.81042	0	
1237997	8350.71191	3304306709450	0.72394	0.51668	8350.40332	0.28125	10950	0	0.74541	0.49537	1	0.71152	0.52316	1	0.72847	0.50927	1	0.45599	0.54319	13.45617	1.04348	1	0.71872	0.56046	14.11097	1.04348	1	-0.01202	-0.01064	0.67904	0.00377	1	0.05523	-0.01384	0.67085	0.00409	1	1.45898	0.81042	0	
1237998	8350.71777	3304306776649	0.73176	0.51294	8350.40332	0.28125	10950	0	0.73789	0.47937	1	0.74128	0.53903	1	0.73958	0.50920	1	0.45606	0.54258	13.48112	1.04348	1	0.71879	0.56026	13.85213	1.05114	1	-0.01202	-0.01064	0.67904	0.00374	1	0.05523	-0.01384	0.67085	0.00407	1	1.45898	0.81042	0	
1237999	8350.72461	3304306842760	0.73008	0.50757	8350.40332	0.28125	10950	0	0.73616	0.45149	1	0.71724	0.54216	1	0.72670	0.49683	1	0.45600	0.54293	13.51188	1.05114	1	0.71871	0.56039	13.92857	1.05880	1	-0.01202	-0.01064	0.67904	0.00360	1	0.05523	-0.01384	0.67085	0.00411	1	1.45898	0.81042	0	
1238000	8350.73145	3304306911039	0.72955	0.50362	8350.71191	0.01953	10951	1	0.73672	0.44626	1	0.71923	0.53727	1	0.72797	0.49177	1	0.45588	0.54289	13.35673	1.05880	1	0.71871	0.56046	14.24763	1.06646	1	-0.01211	-0.01078	0.68441	0.00359	1	0.05523	-0.01389	0.67085	0.00404	1	1.45898	0.81042	0	
1238001	8350.73828	3304306977403	0.72620	0.49195	8350.71191	0.02637	10951	1	0.71861	0.38133	1	0.70703	0.50924	1	0.71282	0.44528	1	0.45590	0.54237	12.85625	1.06646	1	0.71849	0.56003	14.15120	1.06646	1	-0.01211	-0.01078	0.68441	0.00382	1	0.05523	-0.01389	0.67085	0.00387	1	1.45898	0.81042	0	
1238002	8350.74512	3304307043953	0.72434	0.49385	8350.71191	0.03320	10951	1	0.73112	0.43690	1	0.69892	0.56978	1	0.71502	0.50334	1	0.45591	0.54288	13.30191	1.06646	1	0.71880	0.56074	14.36926	1.06646	1	-0.01211	-0.01078	0.68441	0.00360	1	0.05523	-0.01389	0.67085	0.00404	1	1.45898	0.81042	0	
1238003	8350.75098	3304307108149	0.72301	0.49521	8350.71191	0.03906	10951	1	0.73112	0.43690	1	0.69892	0.56978	1	0.71502	0.50334	1	0.45610	0.54297	13.42386	1.06646	1	0.71860	0.56019	14.03036	1.06646	1	-0.01211	-0.01078	0.68441	0.00362	1	0.05523	-0.01389	0.67085	0.00399	1	1.45898	0.81042	0	
1238004	8350.75879	3304307181455	0.72082	0.49464	8350.71191	0.04688	10951	1	0.72478	0.45575	1	0.68625	0.52559	1	0.70551	0.49067	1	0.45595	0.54274	13.19172	1.06646	1	0.71863	0.56039	14.24747	1.06646	1	-0.01211	-0.01078	0.68441	0.00361	1	0.05523	-0.01389	0.67085	0.00394	1	1.45898	0.81042	0	
1238005	8350.76562	3304307248489	0.72208	0.49247	8350.71191	0.05371	10951	1	0.75025	0.41942	1	0.71395	0.53074	1	0.73210	0.47508	1	0.45592	0.54277	13.79056	1.06646	1	0.71866	0.56032	14.18321	1.06646	1	-0.01211	-0.01078	0.68441	0.00346	1	0.05523	-0.01389	0.67085	0.00396	1	1.45898	0.81042	0	
1238006	8350.77246	3304307315572	0.72294	0.49127	8350.71191	0.06055	10951	1	0.74959	0.42505	1	0.71191	0.53590	1	0.73075	0.48048	1	0.45596	0.54275	13.79983	1.05844	1	0.71880	0.56066	14.27778	1.05844	1	-0.01165	-0.01033	0.65562	0.00353	1	0.05523	-0.01389	0.67085	0.00399	1	1.45898	0.81042	0	
1238007	8350.77832	3304307381963	0.72467	0.49438	8350.71191	0.06641	10951	1	0.76573	0.46527	1	0.71823	0.58574	1	0.74198	0.52551	1	0.45596	0.54290	13.53089	1.05042	1	0.71880	0.56085	14.13179	1.05042	1	-0.01165	-0.01033	0.65562	0.00356	1	0.05523	-0.01389	0.67085	0.00398	1	1.45898	0.81042	0	
1238008	8350.78516	3304307449207	0.72643	0.49449	8350.71191	0.07324	10951	1	0.74027	0.37396	1	0.75124	0.61745	1	0.74576	0.49571	1	0.45591	0.54198	12.62175	1.04241	1	0.71894	0.56105	14.18537	1.04241	1	-0.01165	-0.01033	0.65562	0.00375	1	0.05523	-0.01389	0.67085	0.00409	1	1.45898	0.81042	0	
1238009	8350.79199	3304307516241	0.72780	0.49500	8350.71191	0.08008	10951	1	0.73967	0.38007	1	0.74887	0.62207	1	0.74427	0.50107	1	0.45583	0.54249	12.78079	1.03439	1	0.71871	0.56077	14.03971	1.03439	1	-0.01209	-0.01061	0.68025	0.00367	1	0.05523	-0.01384	0.67085	0.00385	1	1.45898	0.81042	0	
1238010	8350.79883	3304307583357	0.72700	0.49261	8350.71191	0.08691	10951	1	0.73660	0.38106	1	0.69651	0.54225	1	0.71656	0.46165	1	0.45573	0.54211	13.14723	1.03439	1	0.71845	0.56025	14.30686	1.03439	1	-0.01209	-0.01061	0.68025	0.00360	1	0.05523	-0.01384	0.67085	0.00394	1	1.45898	0.81042	0	
1238011	8350.80566	3304307650466	0.72801	0.49325	8350.71191	0.09375	10951	1	0.75996	0.41255	1	0.72424	0.59178	1	0.74210	0.50216	1	0.45591	0.54268	13.04034	1.03439	1	0.71859	0.56030	14.11174	1.03439	1	-0.01209	-0.01061	0.68025	0.00367	1	0.05523	-0.01384	0.67085	0.00395	1	1.45898	0.81042	0	
1238012	8350.81250	3304307717416	0.72889	0.49381	8350.71191	0.10059	10951	1	0.75996	0.41255	1	0.72424	0.59178	1	0.74210	0.50216	1	0.45605	0.54295	13.42294	1.03439	1	0.71864	0.56024	14.25314	1.03439	1	-0.01209	-0.01061	0.68025	0.00373	1	0.05523	-0.01384	0.67085	0.00397	1	1.45898	0.81042	0	
1238013	8350.81934	3304307783978	0.72850	0.49440	8350.71191	0.10742	10951	1	0.74167	0.41593	1	0.70284	0.59187	1	0.72226	0.50390	1	0.45597	0.54208	12.86851	1.03439	1	0.71859	0.56032	14.29734	1.03439	1	-0.01209	-0.01061	0.68025	0.00387	1	0.05523	-0.01384	0.67085	0.00399	1	1.45898	0.81042	0	
1238014	8350.82520	3304307848670	0.72864	0.49621	8350.71191	0.11328	10951	1	0.75818	0.46260	1	0.70414	0.59116	1	0.73116	0.52688	1	0.45602	0.54267	13.24223	1.03439	1	0.71859	0.56029	14.29921	1.03439	1	-0.01209	-0.01061	0.68025	0.00376	1	0.05523	-0.01384	0.67085	0.00399	1	1.45898	0.81042	0	
1238015	8350.83203	3304307918331	0.72878	0.49782	8350.71191	0.12012	10951	1	0.75818	0.46260	1	0.70414	0.59116	1	0.73116	0.52688	1	0.45600	0.54279	13.55788	1.03439	1	0.71872	0.55997	14.04740	1.03439	1	-0.01140	-0.01005	0.64136	0.00359	1	0.05523	-0.01389	0.67085	0.00420	1	1.45898	0.81042	0	
1238016	8350.83887	3304307985198	0.72798	0.49827	8350.71191	0.12695	10951	1	0.73427	0.42973	1	0.69157	0.58382	1	0.71292	0.50678	1	0.45599	0.54275	13.68667	1.03439	1	0.71852	0.56038	14.35843	1.03439	1	-0.01140	-0.01005	0.64136	0.00364	1	0.05523	-0.01389	0.67085	0.00402	1	1.45898	0.81042	0	
1238017	8350.84570	3304308052363	0.72769	0.50004	8350.71191	0.13379	10951	1	0.75210	0.49050	1	0.69148	0.58063	1	0.72179	0.53557	1	0.45596	0.54276	13.72032	1.03439	1	0.71852	0.56038	14.35843	1.03439	1	-0.01140	-0.01005	0.64136	0.00358	1	0.05523	-0.01389	0.67085	0.00402	1	1.45898	0.81042	0	
1238018	8350.85254	3304308119208	0.72742	0.50166	8350.71191	0.14062	10951	1	0.75210	0.49050	1	0.69148	0.58063	1	0.72179	0.53557	1	0.45597	0.54285	13.76512	1.03439	1	0.71852	0.56038	14.35843	1.03439	1	-0.01140	-0.01005	0.64136	0.00356	1	0.05523	-0.01384	0.67085	0.00402	1	1.45898	0.81042	0	
1238019	8350.85938	3304308186298	0.72746	0.50166	8350.71191	0.14746	10951	1	0.75775	0.44964	1	0.69908	0.55386	1	0.72841	0.50175	1	0.45597	0.54285	13.76512	1.03439	1	0.71851	0.56003	14.04979	1.03439	1	-0.01140	-0.01005	0.64136	0.00356	1	0.05523	-0.01384	0.67085	0.00419	1	1.45898	0.81042	0	
1238020	8350.86621	3304308253150	0.72727	0.50332	8350.71191	0.15430	10951	1	0.73923	0.45701	1	0.70635	0.62585	1	0.72279	0.54143	1	0.45590	0.54280	13.70677	1.03439	1	0.71865	0.56071	13.85077	1.03439	1	-0.01140	-0.01005	0.64136	0.00355	1	0.05523	-0.01384	0.67085	0.00401	1	1.45898	0.81042	0	
1238021	8350.87207	3304308320543	0.72709	0.50484	8350.71191	0.16016	10951	1	0.73923	0.45701	1	0.70635	0.62585	1	0.72279	0.54143	1	0.45591	0.54285	13.58350	1.03439	1	0.71854	0.56056	13.75636	1.03439	1	-0.01209	-0.01061	0.68025	0.00357	1	0.05523	-0.01384	0.67085	0.00399	1	1.45898	0.81042	0	
1238022	8350.87891	3304308387532	0.72711	0.50408	8350.71191	0.16699	10951	1	0.76722	0.44976	1	0.68788	0.52005	1	0.72755	0.48490	1	0.45608	0.54289	13.50165	1.03439	1	0.71836	0.55957	13.62764	1.03439	1	-0.01209	-0.01061	0.68025	0.00377	1	0.05523	-0.01384	0.67085	0.00422	1	1.45898	0.81042	0	
1238023	8350.88574	3304308454052	0.72746	0.50586	8350.71191	0.17383	10951	1	0.75732	0.45288	1	0.71569	0.65164	1	0.73650	0.55226	1	0.45608	0.54288	13.57669	1.03439	1	0.71887	0.56104	14.22547	1.03439	1	-0.01209	-0.01061	0.68025	0.00378	1	0.05523	-0.01384	0.67085	0.00421	1	1.45898	0.81042	0	
1238024	8350.89258	3304308521644	0.72774	0.50759	8350.71191	0.18066	10951	1	0.75732	0.45288	1	0.71366	0.65581	1	0.73549	0.55434	1	0.45596	0.54194	13.34295	1.03439	1	0.71906	0.55999	13.65349	1.02673	1	-0.01165	-0.01033	0.65562	0.00371	1	0.05442	-0.01362	0.66038	0.00411	1	1.45898	0.81042	0	
1238025	8350.89941	3304308584558	0.72795	0.50806	8350.71191	0.18750	10951	1	0.75447	0.43512	1	0.71320	0.60703	1	0.73384	0.52108	1	0.45602	0.54257	13.62322	1.02673	1	0.71882	0.56047	14.22518	1.01907	1	-0.01165	-0.01033	0.65562	0.00360	1	0.05442	-0.01362	0.66038	0.00389	1	1.45898	0.81042	0	
1238026	8350.90527	3304308652551	0.72788	0.50846	8350.71191	0.19336	10951	1	0.76087	0.42002	1	0.69094	0.62044	1	0.72590	0.52023	1	0.45604	0.54212	13.18631	1.01907	1	0.71886	0.56046	13.49373	1.01141	1	-0.01165	-0.01033	0.65562	0.00374	1	0.05442	-0.01362	0.66038	0.00390	1	1.45898	0.81042	0	
1238027	8350.91211	3304308720446	0.72782	0.50884	8350.71191	0.20020	10951	1	0.76091	0.41976	1	0.69102	0.62023	1	0.72597	0.51999	1	0.45612	0.54237	13.10932	1.01943	1	0.71870	0.56045	14.14448	1.01177	1	-0.01211	-0.01078	0.68441	0.00366	1	0.05442	-0.01367	0.66038	0.00380	1	1.45898	0.81042	0	
1238028	8350.91895	3304308789285	0.72733	0.50959	8350.71191	0.20703	10951	1	0.74743	0.45629	1	0.67637	0.60973	1	0.71190	0.53301	1	0.45613	0.54281	13.71438	1.01979	1	0.71861	0.56033	13.51631	1.01979	1	-0.01211	-0.01078	0.68441	0.00360	1	0.05442	-0.01367	0.66038	0.00384	1	1.45898	0.81042	0	
1238029	8350.92578	3304308855696	0.72681	0.50877	8350.71191	0.21387	10951	1	0.73967	0.39525	1	0.68076	0.56951	1	0.71021	0.48238	1	0.45620	0.54218	13.15653	1.02780	1	0.71864	0.56016	13.46374	1.02780	1	-0.01211	-0.01078	0.68441	0.00384	1	0.05442	-0.01367	0.66038	0.00383	1	1.45898	0.81042	0	
1238030	8350.93262	3304308923628	0.72635	0.50783	8350.71191	0.22070	10951	1	0.74027	0.38922	1	0.68263	0.56447	1	0.71145	0.47685	1	0.45617	0.54261	12.92668	1.03582	1	0.71879	0.56034	14.35711	1.03582	1	-0.01211	-0.01078	0.68441	0.00375	1	0.05442	-0.01367	0.66038	0.00386	1	1.45898	0.81042	0	
1238031	8350.93945	3304308990738	0.72613	0.50879	8350.71191	0.22754	10951	1	0.74388	0.48166	1	0.69338	0.60127	1	0.71863	0.54147	1	0.45605	0.54302	13.37221	1.03582	1	0.71887	0.56035	13.73812	1.03582	1	-0.01211	-0.01078	0.68441	0.00358	1	0.05442	-0.01367	0.66038	0.00385	1	1.45898	0.81042	0	
1238032	8350.94629	3304309056936	0.72570	0.50803	8350.71191	0.23438	10951	1	0.73294	0.38831	1	0.68812	0.57490	1	0.71053	0.48161	1	0.45604	0.54231	12.92741	1.03582	1	0.71873	0.56019	13.51718	1.03582	1	-0.01211	-0.01078	0.68441	0.00376	1	0.05442	-0.01367	0.66038	0.00390	1	1.45898	0.81042	0	
1238033	8350.95312	3304309124010	0.72529	0.50732	8350.71191	0.24121	10951	1	0.73294	0.38831	1	0.68812	0.57490	1	0.71053	0.48161	1	0.45651	0.54228	13.24882	1.03582	1	0.71849	0.56038	14.52358	1.03582	1	-0.01211	-0.01078	0.68441	0.00379	1	0.05442	-0.01367	0.66038	0.00385	1	1.45898	0.81042	0	
1238034	8350.95996	3304309191766	0.72524	0.50793	8350.71191	0.24805	10951	1	0.73645	0.44925	1	0.70995	0.61146	1	0.72320	0.53035	1	0.45622	0.54305	13.61935	1.03582	1	0.71907	0.56046	14.64872	1.03582	1	-0.01211	-0.01078	0.68441	0.00372	1	0.05442	-0.01367	0.66038	0.00391	1	1.45898	0.81042	0	
1238035	8350.96680	3304309258246	0.72468	0.50853	8350.71191	0.25488	10951	1	0.72115	0.47867	1	0.68600	0.58447	1	0.70358	0.53157	1	0.45614	0.54295	13.11771	1.03582	1	0.71875	0.56036	14.10565	1.03582	1	-0.01211	-0.01078	0.68441	0.00376	1	0.05442	-0.01367	0.66038	0.00385	1	1.45898	0.81042	0	
1238036	8350.97266	3304309325271	0.72417	0.50911	8350.71191	0.26074	10951	1	0.72066	0.48402	1	0.68797	0.57940	1	0.70431	0.53171	1	0.45649	0.54343	13.33392	1.02780	1	0.71873	0.56057	13.69045	1.04414	1	-0.01167	-0.01043	0.66215	0.00370	1	0.05772	-0.01447	0.69912	0.00383	1	1.45898	0.81042	0	
1238037	8350.97949	3304309391441	0.72415	0.50984	8350.71191	0.26758	10951	1	0.74070	0.44403	1	0.70569	0.63428	1	0.72320	0.53915	1	0.45649	0.54283	13.14647	1.03613	1	0.71901	0.56083	13.75907	1.05247	1	-0.01167	-0.01043	0.66215	0.00381	1	0.05772	-0.01447	0.69912	0.00389	1	1.45898	0.81042	0	
1238038	8350.98633	3304309458802	0.72385	0.50959	8350.71191	0.27441	10951	1	0.73925	0.40780	1	0.68412	0.59086	1	0.71168	0.49933	1	0.45652	0.54291	13.02876	1.04445	1	0.71858	0.56053	14.29325	1.06079	1	-0.01167	-0.01043	0.66215	0.00385	1	0.05772	-0.01447	0.69912	0.00385	1	1.45898	0.81042	0	
1238039	8350.99316	3304309525874	0.72357	0.50929	8350.71191	0.28125	10951	1	0.73987	0.40174	1	0.68404	0.59107	1	0.71195	0.49641	1	0.45667	0.54329	12.86845	1.05277	1	0.71913	0.56041	14.42075	1.06043	1	-0.01154	-0.01036	0.65475	0.00379	1	0.05540	-0.01393	0.67043	0.00386	1	1.45898	0.81042	0	
1238040	8351.00000	3304309592760	0.72340	0.50855	8350.71191	0.28809	10951	1	0.73084	0.38607	1	0.70064	0.56778	1	0.71574	0.47693	1	0.45655	0.54285	13.15789	1.06043	1	0.71924	0.56074	14.26218	1.05175	1	-0.01154	-0.01036	0.65475	0.00383	1	0.05540	-0.01393	0.67043	0.00382	1	1.45898	0.81042	0	
1238041	8351.00684	3304309660355	0.72349	0.50735	8350.71191	0.29492	10951	1	0.73572	0.40473	1	0.71909	0.50438	1	0.72740	0.45455	1	0.45648	0.54289	13.17263	1.05175	1	0.71958	0.56002	13.66172	1.04307	1	-0.01154	-0.01036	0.65475	0.00380	1	0.05540	-0.01393	0.67043	0.00388	1	1.45898	0.81042	0	
1238042	8351.01367	3304309727017	0.72354	0.50634	8350.71191	0.30176	10951	1	0.73511	0.41103	1	0.71679	0.51033	1	0.72595	0.46068	1	0.45643	0.54317	12.72260	1.04307	1	0.71973	0.56057	13.51685	1.03439	1	-0.01163	-0.01054	0.66594	0.00368	1	0.05540	-0.01398	0.67043	0.00396	1	1.45898	0.81042	0	
1238043	8351.01953	3304309792202	0.72357	0.50673	8350.71191	0.30762	10951	1	0.75119	0.45766	1	0.69850	0.59147	1	0.72485	0.52457	1	0.45665	0.54325	13.17577	1.03439	1	0.71940	0.56078	14.21292	1.03439	1	-0.01163	-0.01054	0.66594	0.00368	1	0.05540	-0.01398	0.67043	0.00382	1	1.45898	0.81042	0	
1238044	8351.02637	3304309859528	0.72362	0.50637	8350.71191	0.31445	10951	1	0.72953	0.41960	1	0.72263	0.55986	1	0.72608	0.48973	1	0.45652	0.54321	12.95954	1.03439	1	0.71971	0.56049	13.74444	1.03439	1	-0.01163	-0.01054	0.66594	0.00363	1	0.05540	-0.01398	0.67043	0.00391	1	1.45898	0.81042	0	
1238045	8351.03320	3304309928696	0.72367	0.50575	8350.71191	0.32129	10951	1	0.73006	0.41379	1	0.72272	0.55963	1	0.72639	0.48671	1	0.45652	0.54321	12.95954	1.04241	1	0.71941	0.56075	14.18699	1.03475	1	-0.01196	-0.01088	0.68750	0.00363	1	0.05434	-0.01370	0.65701	0.00387	1	1.45898	0.81042	0	
1238046	8351.04004	3304309993551	0.72330	0.50543	8350.71191	0.32812	10951	1	0.75279	0.43649	1	0.69121	0.55181	1	0.72200	0.49415	1	0.45667	0.54321	13.34797	1.04276	1	0.71955	0.56045	13.81112	1.03510	1	-0.01196	-0.01088	0.68750	0.00354	1	0.05434	-0.01370	0.65701	0.00377	1	1.45898	0.81042	0	
1238047	8351.04688	3304310062314	0.72327	0.50624	8350.71191	0.33496	10951	1	0.75648	0.48870	1	0.69379	0.58248	1	0.72514	0.53559	1	0.45667	0.54318	13.06812	1.04312	1	0.71959	0.56073	13.70605	1.03546	1	-0.01196	-0.01088	0.68750	0.00355	1	0.05434	-0.01370	0.65701	0.00384	1	1.45898	0.81042	0	
1238048	8351.05371	3304310129648	0.72321	0.50715	8350.71191	0.34180	10951	1	0.75651	0.48846	1	0.69388	0.58226	1	0.72520	0.53536	1	0.45661	0.54335	13.26095	1.04348	1	0.71951	0.56106	13.34574	1.03582	1	-0.01196	-0.01088	0.68750	0.00359	1	0.05434	-0.01370	0.65701	0.00386	1	1.45898	0.81042	0	
1238049	8351.06055	3304310196655	0.72325	0.50899	8350.71191	0.34863	10951	1	0.73568	0.47388	1	0.69302	0.59301	1	0.71435	0.53344	1	0.45683	0.54359	13.27017	1.03582	1	0.71966	0.56088	13.19019	1.03582	1	-0.01196	-0.01088	0.68750	0.00360	1	0.05434	-0.01370	0.65701	0.00405	1	1.45898	0.81042	0	
1238050	8351.06641	3304310262987	0.72285	0.50939	8350.71191	0.35449	10951	1	0.69291	0.47352	1	0.69934	0.57193	1	0.69612	0.52272	1	0.45659	0.54337	13.04769	1.03582	1	0.71973	0.56074	12.91468	1.03582	1	-0.01196	-0.01088	0.68750	0.00366	1	0.05434	-0.01370	0.65701	0.00398	1	1.45898	0.81042	0	
1238051	8351.07324	3304310329724	0.72250	0.50969	8350.71191	0.36133	10951	1	0.69291	0.47352	1	0.70340	0.56176	1	0.69815	0.51764	1	0.45700	0.54350	13.18200	1.03582	1	0.71961	0.56078	12.89732	1.05216	1	-0.01163	-0.01067	0.67453	0.00367	1	0.05676	-0.01434	0.68509	0.00399	1	1.45898	0.81042	0	
1238052	8351.08008	3304310396626	0.72297	0.51015	8350.71191	0.36816	10951	1	0.75752	0.45659	1	0.69891	0.56886	1	0.72821	0.51273	1	0.45756	0.54356	13.12094	1.05216	1	0.71960	0.56084	13.00843	1.06850	1	-0.01163	-0.01067	0.67453	0.00380	1	0.05676	-0.01434	0.68509	0.00391	1	1.45898	0.81042	0	
1238053	8351.08691	3304310463700	0.72298	0.51095	8350.71191	0.37500	10951	1	0.75508	0.43727	1	0.70933	0.59014	1	0.73221	0.51371	1	0.45747	0.54315	12.80166	1.06850	1	0.71973	0.56152	13.57257	1.08484	1	-0.01163	-0.01067	0.67453	0.00376	1	0.05676	-0.01434	0.68509	0.00408	1	1.45898	0.81042	0	
1238054	8351.09277	3304310526487	0.72304	0.51148	8350.71191	0.38086	10951	1	0.75650	0.42609	1	0.71121	0.58572	1	0.73386	0.50591	1	0.45743	0.54307	12.84487	1.08484	1	0.71989	0.56129	13.87650	1.09250	1	-0.01163	-0.01067	0.67453	0.00369	1	0.05649	-0.01425	0.68123	0.00403	1	1.45898	0.81042	0	
1238055	8351.09961	3304310593270	0.72302	0.51026	8350.71191	0.38770	10951	1	0.76110	0.42612	1	0.72137	0.50771	1	0.74124	0.46692	1	0.45749	0.54348	13.15820	1.09250	1	0.72021	0.56082	13.39938	1.08382	1	-0.01163	-0.01067	0.67453	0.00374	1	0.05649	-0.01425	0.68123	0.00410	1	1.45898	0.81042	0	
1238056	8351.10645	3304310664464	0.72270	0.51026	8350.71191	0.39453	10951	1	0.75108	0.43675	1	0.70893	0.55501	1	0.73000	0.49588	1	0.45737	0.54319	12.84183	1.08382	1	0.72018	0.56122	13.63493	1.07514	1	-0.01163	-0.01067	0.67453	0.00373	1	0.05649	-0.01425	0.68123	0.00403	1	1.45898	0.81042	0	
1238057	8351.11328	3304310732647	0.72234	0.51038	8350.71191	0.40137	10951	1	0.74970	0.44803	1	0.70479	0.56529	1	0.72724	0.50666	1	0.45718	0.54324	12.78552	1.06712	1	0.72034	0.56129	13.43331	1.05844	1	-0.01121	-0.01033	0.65260	0.00370	1	0.05649	-0.01425	0.68123	0.00414	1	1.45898	0.81042	0	
1238058	8351.12012	3304310795622	0.72281	0.51154	8350.71191	0.40820	10951	1	0.76030	0.43649	1	0.71752	0.59765	1	0.73891	0.51707	1	0.45738	0.54305	13.08238	1.05042	1	0.72038	0.56151	13.49357	1.05042	1	-0.01121	-0.01033	0.65260	0.00358	1	0.05649	-0.01425	0.68123	0.00418	1	1.45898	0.81042	0	
1238059	8351.12695	3304310863232	0.72256	0.51191	8350.71191	0.41504	10951	1	0.74053	0.44370	1	0.72011	0.59617	1	0.73032	0.51994	1	0.45725	0.54313	12.80257	1.04241	1	0.72039	0.56146	13.48173	1.04241	1	-0.01121	-0.01033	0.65260	0.00365	1	0.05649	-0.01425	0.68123	0.00421	1	1.45898	0.81042	0	
1238060	8351.13379	3304310930447	0.72227	0.51243	8350.71191	0.42188	10951	1	0.73991	0.44927	1	0.71593	0.60551	1	0.72792	0.52739	1	0.45741	0.54328	12.96313	1.03439	1	0.72034	0.56170	13.28178	1.02673	1	-0.01121	-0.01033	0.65260	0.00363	1	0.05493	-0.01385	0.66179	0.00408	1	1.45898	0.81042	0	
1238061	8351.13965	3304310995669	0.72215	0.51320	8350.71191	0.42773	10951	1	0.75201	0.44424	1	0.68140	0.63752	1	0.71670	0.54088	1	0.45749	0.54317	12.79491	1.02673	1	0.72035	0.56174	13.46099	1.01907	1	-0.01121	-0.01033	0.65260	0.00358	1	0.05493	-0.01385	0.66179	0.00407	1	1.45898	0.81042	0	
1238062	8351.14648	3304311063790	0.72196	0.51333	8350.71191	0.43457	10951	1	0.75565	0.46014	1	0.68867	0.60566	1	0.72216	0.53290	1	0.45752	0.54343	12.83235	1.01907	1	0.72041	0.56141	13.29560	1.01141	1	-0.01121	-0.01033	0.65260	0.00363	1	0.05493	-0.01385	0.66179	0.00401	1	1.45898	0.81042	0	
1238063	8351.15332	3304311131431	0.72178	0.51345	8350.71191	0.44141	10951	1	0.75568	0.45989	1	0.68875	0.60544	1	0.72222	0.53267	1	0.45748	0.54342	12.83094	1.01943	1	0.72017	0.56141	12.95780	1.01177	1	-0.01148	-0.01063	0.67158	0.00363	1	0.05451	-0.01379	0.65667	0.00395	1	1.45898	0.81042	0	
1238064	8351.16016	3304311200432	0.72183	0.51403	8350.71191	0.44824	10951	1	0.75640	0.48339	1	0.67489	0.58583	1	0.71564	0.53461	1	0.45750	0.54351	13.09596	1.01979	1	0.72018	0.56109	12.71659	1.01979	1	-0.01148	-0.01063	0.67158	0.00359	1	0.05451	-0.01379	0.65667	0.00415	1	1.45898	0.81042	0	
1238065	8351.16699	3304311267491	0.72166	0.51430	8350.71191	0.45508	10951	1	0.75094	0.46584	1	0.67642	0.63179	1	0.71368	0.54882	1	0.45749	0.54334	12.94492	1.02780	1	0.72021	0.56173	13.19265	1.02780	1	-0.01148	-0.01063	0.67158	0.00366	1	0.05451	-0.01379	0.65667	0.00406	1	1.45898	0.81042	0	
1238066	8351.17383	3304311334329	0.72152	0.51447	8350.71191	0.46191	10951	1	0.75163	0.46036	1	0.67826	0.62725	1	0.71495	0.54381	1	0.45744	0.54341	12.89070	1.03582	1	0.72017	0.56186	13.41103	1.03582	1	-0.01148	-0.01063	0.67158	0.00362	1	0.05451	-0.01379	0.65667	0.00392	1	1.45898	0.81042	0	
1238067	8351.18066	3304311401366	0.72110	0.51484	8350.71191	0.46875	10951	1	0.73941	0.44449	1	0.67727	0.59399	1	0.70834	0.51924	1	0.45732	0.54357	13.11605	1.03582	1	0.72015	0.56143	13.57145	1.03582	1	-0.01148	-0.01063	0.67158	0.00362	1	0.05451	-0.01379	0.65667	0.00384	1	1.45898	0.81042	0	
1238068	8351.18750	3304311468431	0.72070	0.51467	8350.71191	0.47559	10951	1	0.72735	0.45719	1	0.67972	0.60955	1	0.70354	0.53337	1	0.45713	0.54335	12.55961	1.03582	1	0.72015	0.56159	13.74249	1.03582	1	-0.01148	-0.01063	0.67158	0.00368	1	0.05451	-0.01379	0.65667	0.00391	1	1.45898	0.81042	0	
1238069	8351.19434	3304311535294	0.72030	0.51450	8350.71191	0.48242	10951	1	0.72735	0.45719	1	0.67972	0.60955	1	0.70354	0.53337	1	0.45732	0.54344	12.87047	1.03582	1	0.72027	0.56155	13.56539	1.03582	1	-0.01148	-0.01063	0.67158	0.00366	1	0.05451	-0.01379	0.65667	0.00386	1	1.45898	0.81042	0	
1238070	8351.20117	3304311602280	0.72010	0.51503	8350.71191	0.48926	10951	1	0.74706	0.46483	1	0.68859	0.55531	1	0.71783	0.51007	1	0.45744	0.54343	13.00488	1.03582	1	0.72029	0.56144	13.27444	1.03582	1	-0.01148	-0.01063	0.67158	0.00363	1	0.05451	-0.01379	0.65667	0.00391	1	1.45898	0.81042	0	
1238071	8351.20703	3304311669247	0.71951	0.51369	8350.71191	0.49512	10951	1	0.74236	0.42567	1	0.67442	0.55020	1	0.70839	0.48794	1	0.45747	0.54347	12.87338	1.03582	1	0.72013	0.56131	13.50411	1.03582	1	-0.01148	-0.01063	0.67158	0.00365	1	0.05451	-0.01379	0.65667	0.00394	1	1.45898	0.81042	0	
1238072	8351.21387	3304311736333	0.71895	0.51230	8350.71191	0.50195	10951	1	0.74236	0.42567	1	0.67442	0.55020	1	0.70839	0.48794	1	0.45761	0.54375	13.14406	1.03582	1	0.72004	0.56181	13.85000	1.03582	1	-0.01190	-0.01108	0.69022	0.00377	1	0.05449	-0.01386	0.65769	0.00385	1	1.45898	0.81042	0	
1238073	8351.22070	3304311802951	0.71921	0.51220	8350.71191	0.50879	10951	1	0.77785	0.46361	1	0.71495	0.56828	1	0.74640	0.51595	1	0.45757	0.54412	13.10538	1.03582	1	0.71997	0.56152	13.00624	1.03582	1	-0.01190	-0.01108	0.69022	0.00361	1	0.05449	-0.01386	0.65769	0.00381	1	1.45898	0.81042	0	
1238074	8351.22754	3304311870208	0.72006	0.51262	8350.71191	0.51562	10951	1	0.75964	0.49290	1	0.77380	0.58780	1	0.76672	0.54035	1	0.45676	0.54452	13.09531	1.03582	1	0.72008	0.56165	12.54517	1.03582	1	-0.01190	-0.01108	0.69022	0.00357	1	0.05449	-0.01386	0.65769	0.00422	1	1.45898	0.81042	0	
1238075	8351.23438	3304311936610	0.72090	0.51310	8350.71191	0.52246	10951	1	0.75888	0.49813	1	0.77369	0.58802	1	0.76628	0.54308	1	0.45465	0.54502	12.94315	1.02780	1	0.71676	0.56245	14.34238	1.03546	1	-0.01140	-0.01044	0.64136	0.00324	1	0.05523	-0.01429	0.67085	0.00352	1	1.45898	0.81042	0	
1238076	8351.24121	3304312003782	0.71903	0.51370	8350.71191	0.52930	10951	1	0.65177	0.54029	1	0.59208	0.58324	1	0.62192	0.56176	1	0.45425	0.54553	12.25355	1.02745	1	0.71628	0.56275	13.72172	1.03510	1	-0.01140	-0.01044	0.64136	0.00352	1	0.05523	-0.01429	0.67085	0.00358	1	1.45898	0.81042	0	
1238077	8351.24805	3304312072012	0.71780	0.51573	8350.71191	0.53613	10951	1	0.68846	0.54944	1	0.61459	0.61060	1	0.65153	0.58002	1	0.45408	0.54581	11.90156	1.02709	1	0.71633	0.56302	13.55963	1.03475	1	-0.01140	-0.01044	0.64136	0.00345	1	0.05523	-0.01429	0.67085	0.00361	1	1.45898	0.81042	0	
1238078	8351.25391	3304312138513	0.71655	0.51787	8350.71191	0.54199	10951	1	0.68873	0.54479	1	0.61344	0.61455	1	0.65108	0.57967	1	0.45342	0.54654	12.20941	1.03475	1	0.71607	0.56364	13.92142	1.02794	1	-0.01236	-0.01133	0.68672	0.00314	1	0.05293	-0.01391	0.64641	0.00334	1	1.45898	0.81042	0	
1238079	8351.26074	3304312205496	0.69828	0.53952	8350.71191	0.54199	10951	0	0.65842	0.55968	1	0.60906	0.64168	1	0.63374	0.60068	1	0.45350	0.54654	12.37021	1.03596	1	0.71599	0.56379	13.67578	1.02149	1	-0.01236	-0.01133	0.68672	0.00317	1	0.05293	-0.01391	0.64641	0.00322	1	1.45898	0.81042	0	
1238080	8351.26758	3304312271773	0.65609	0.57879	8350.71191	0.54199	10951	0	0.64635	0.58466	1	0.58146	0.65146	1	0.61391	0.61806	1	0.45315	0.54673	12.88265	1.02950	1	0.71596	0.56371	13.72659	1.01504	1	-0.01236	-0.01133	0.68672	0.00318	1	0.05293	-0.01391	0.64641	0.00323	1	1.45898	0.81042	0	
1238081	8351.27441	3304312339177	0.64204	0.59246	8350.71191	0.54199	10951	0	0.64637	0.58836	1	0.58151	0.65126	1	0.61394	0.61981	1	0.45317	0.54663	12.26861	1.02305	1	0.71601	0.56376	13.43137	1.01539	1	-0.01236	-0.01133	0.68672	0.00314	1	0.05381	-0.01413	0.65653	0.00324	1	1.45898	0.81042	0	
1238082	8351.28125	3304312406008	0.61478	0.60949	8350.71191	0.54199	10951	0	0.64142	0.55665	1	0.59157	0.62457	1	0.61650	0.59061	1	0.45318	0.54658	12.24412	1.01539	1	0.71600	0.56356	13.20571	1.02220	1	-0.01236	-0.01133	0.68672	0.00315	1	0.05381	-0.01413	0.65653	0.00341	1	1.45898	0.81042	0	
1238083	8351.28809	3304312473020	0.61301	0.61308	8350.71191	0.54199	10951	0	0.63373	0.59127	1	0.58876	0.64207	1	0.61125	0.61667	1	0.45314	0.54665	12.22033	1.02220	1	0.71594	0.56386	13.61504	1.02901	1	-0.01236	-0.01133	0.68672	0.00319	1	0.05381	-0.01413	0.65653	0.00324	1	1.45898	0.81042	0	
1238084	8351.29492	3304312540507	0.61224	0.61584	8350.71191	0.54199	10951	0	0.63384	0.59603	1	0.58754	0.64665	1	0.61069	0.62134	1	0.45314	0.54665	12.22033	1.01387	1	0.71589	0.56381	13.65498	1.02068	1	-0.01171	-0.01064	0.64509	0.00319	1	0.05381	-0.01413	0.65653	0.00323	1	1.45898	0.81042	0	
1238085	8351.30078	3304312606835	0.61261	0.61265	8351.28125	0.01953	10952	1	0.64225	0.60013	1	0.58515	0.60608	1	0.61370	0.60311	1	0.45311	0.54672	12.64786	1.00553	1	0.71601	0.56342	13.42153	1.00553	1	-0.01171	-0.01064	0.64509	0.00316	1	0.05381	-0.01413	0.65653	0.00342	1	1.45898	0.81042	0	
1238086	8351.30762	3304312674131	0.61209	0.61617	8351.28125	0.02637	10952	1	0.63932	0.60223	1	0.58076	0.65821	1	0.61004	0.63022	1	0.45308	0.54657	12.70304	0.99039	1	0.71598	0.56341	13.31091	0.99039	1	-0.01171	-0.01064	0.64509	0.00316	1	0.05381	-0.01413	0.65653	0.00347	1	1.45898	0.81042	0	
1238087	8351.31445	3304312736330	0.61166	0.61927	8351.28125	0.03320	10952	1	0.63939	0.60686	1	0.57961	0.66266	1	0.60950	0.63476	1	0.45325	0.54656	12.75832	0.98237	1	0.71605	0.56310	13.22831	0.98237	1	-0.01199	-0.01086	0.65798	0.00318	1	0.05381	-0.01413	0.65653	0.00349	1	1.45898	0.81042	0	
1238088	8351.32129	3304312805092	0.61364	0.61727	8351.28125	0.04004	10952	1	0.64283	0.60777	1	0.60824	0.60287	1	0.62554	0.60532	1	0.45320	0.54653	12.96415	0.98950	1	0.71600	0.56331	13.48862	0.98950	1	-0.01199	-0.01086	0.65798	0.00311	1	0.05381	-0.01413	0.65653	0.00339	1	1.45898	0.81042	0	
1238089	8351.32812	3304312874891	0.61391	0.61423	8351.28125	0.04688	10952	1	0.64179	0.57210	1	0.58974	0.61375	1	0.61577	0.59292	1	0.45321	0.54647	12.92009	0.99663	1	0.71601	0.56327	13.40931	0.99663	1	-0.01199	-0.01086	0.65798	0.00314	1	0.05381	-0.01413	0.65653	0.00341	1	1.45898	0.81042	0	
1238090	8351.33496	3304312942174	0.61424	0.61085	8351.28125	0.05371	10952	1	0.64169	0.56295	1	0.59204	0.60471	1	0.61686	0.58383	1	0.45297	0.54653	13.14217	1.01177	1	0.71560	0.56344	13.05244	1.01177	1	-0.01249	-0.01127	0.68288	0.00316	1	0.05381	-0.01413	0.65653	0.00338	1	1.45898	0.81042	0	
1238091	8351.34180	3304313008871	0.61398	0.60703	8351.28125	0.06055	10952	1	0.63256	0.53676	1	0.59071	0.60862	1	0.61163	0.57269	1	0.45297	0.54642	13.05468	1.01979	1	0.71560	0.56344	13.05244	1.01979	1	-0.01249	-0.01127	0.68288	0.00322	1	0.05381	-0.01413	0.65653	0.00338	1	1.45898	0.81042	0	
1238092	8351.34766	3304313075946	0.61433	0.60580	8351.28125	0.06641	10952	1	0.63590	0.57487	1	0.59986	0.61195	1	0.61788	0.59341	1	0.45316	0.54627	12.66860	1.02780	1	0.71571	0.56359	13.28994	1.02780	1	-0.01249	-0.01127	0.68288	0.00321	1	0.05381	-0.01413	0.65653	0.00334	1	1.45898	0.81042	0	
1238093	8351.35449	3304313142829	0.61468	0.60438	8351.28125	0.07324	10952	1	0.63581	0.57019	1	0.60111	0.60729	1	0.61846	0.58874	1	0.45313	0.54644	12.86839	1.03582	1	0.71554	0.56360	13.37501	1.03582	1	-0.01249	-0.01127	0.68288	0.00314	1	0.05373	-0.01414	0.65681	0.00332	1	1.45898	0.81042	0	
1238094	8351.36133	3304313210240	0.61510	0.60354	8351.28125	0.08008	10952	1	0.62935	0.55492	1	0.61093	0.63215	1	0.62014	0.59353	1	0.45300	0.54647	12.99996	1.03582	1	0.71591	0.56339	13.40584	1.03582	1	-0.01249	-0.01127	0.68288	0.00317	1	0.05373	-0.01414	0.65681	0.00339	1	1.45898	0.81042	0	
1238095	8351.36816	3304313277231	0.61519	0.60339	8351.28125	0.08691	10952	1	0.63924	0.56642	1	0.59370	0.63633	1	0.61647	0.60137	1	0.45289	0.54655	13.61205	1.03582	1	0.71570	0.56381	13.87220	1.03582	1	-0.01249	-0.01127	0.68288	0.00305	1	0.05373	-0.01414	0.65681	0.00333	1	1.45898	0.81042	0	
1238096	8351.37500	3304313343354	0.61528	0.60325	8351.28125	0.09375	10952	1	0.63924	0.56642	1	0.59370	0.63633	1	0.61647	0.60137	1	0.45291	0.54650	12.89373	1.03582	1	0.71519	0.56412	14.11405	1.03582	1	-0.01249	-0.01127	0.68288	0.00315	1	0.05373	-0.01414	0.65681	0.00318	1	1.45898	0.81042	0	
1238097	8351.38184	3304313410838	0.61301	0.60275	8351.28125	0.10059	10952	1	0.62990	0.55577	1	0.52799	0.63475	1	0.57895	0.59526	1	0.45267	0.54683	12.46767	1.03582	1	0.71461	0.56441	13.83208	1.03582	1	-0.01249	-0.01127	0.68288	0.00317	1	0.05373	-0.01414	0.65681	0.00359	1	1.45898	0.81042	0	
1238098	8351.38867	3304313477997	0.61197	0.60326	8351.28125	0.10742	10952	1	0.63098	0.54861	1	0.55973	0.67403	1	0.59535	0.61132	1	0.45273	0.54699	12.46634	1.03582	1	0.71508	0.56416	13.84276	1.03582	1	-0.01249	-0.01127	0.68288	0.00317	1	0.05373	-0.01414	0.65681	0.00324	1	1.45898	0.81042	0	
1238099	8351.39453	3304313544913	0.61107	0.60360	8351.28125	0.11328	10952	1	0.63098	0.54861	1	0.56063	0.67010	1	0.59580	0.60935	1	0.45243	0.54733	13.05650	1.03582	1	0.71501	0.56462	13.83174	1.04348	1	-0.01249	-0.01137	0.68288	0.00297	1	0.05627	-0.01487	0.68846	0.00319	1	1.45898	0.81042	0	
1238100	8351.40137	3304313611374	0.61071	0.60501	8351.28125	0.12012	10952	1	0.63768	0.56862	1	0.57085	0.69234	1	0.60427	0.63048	1	0.45221	0.54718	12.68033	1.04348	1	0.71519	0.56456	13.84160	1.05114	1	-0.01249	-0.01137	0.68288	0.00301	1	0.05627	-0.01487	0.68846	0.00310	1	1.45898	0.81042	0	
1238101	8351.40820	3304313678697	0.61018	0.60559	8351.28125	0.12695	10952	1	0.63601	0.57407	1	0.56414	0.65933	1	0.60008	0.61670	1	0.45237	0.54719	13.05154	1.05114	1	0.71514	0.56436	13.77586	1.05880	1	-0.01249	-0.01137	0.68288	0.00300	1	0.05627	-0.01487	0.68846	0.00311	1	1.45898	0.81042	0	
1238102	8351.41504	3304313744350	0.60970	0.60602	8351.28125	0.13379	10952	1	0.63593	0.56969	1	0.56414	0.65933	1	0.60004	0.61451	1	0.45226	0.54724	13.22906	1.05880	1	0.71523	0.56428	13.74412	1.05880	1	-0.01229	-0.01113	0.67164	0.00297	1	0.05373	-0.01419	0.65681	0.00326	1	1.45898	0.81042	0	
1238103	8351.42188	3304313812473	0.60903	0.60703	8351.28125	0.14062	10952	1	0.63133	0.59719	1	0.55843	0.65921	1	0.59488	0.62820	1	0.45231	0.54708	13.21511	1.05880	1	0.71511	0.56433	13.57048	1.05114	1	-0.01229	-0.01113	0.67164	0.00300	1	0.05373	-0.01419	0.65681	0.00326	1	1.45898	0.81042	0	
1238104	8351.42871	3304313879685	0.60838	0.60875	8351.28125	0.14746	10952	1	0.63068	0.63021	1	0.55755	0.66319	1	0.59412	0.64670	1	0.45206	0.54725	13.64740	1.05114	1	0.71511	0.56433	13.57048	1.04348	1	-0.01229	-0.01113	0.67164	0.00301	1	0.05373	-0.01419	0.65681	0.00326	1	1.45898	0.81042	0	
1238105	8351.43457	3304313943270	0.60777	0.61050	8351.28125	0.15332	10952	1	0.63080	0.63418	1	0.55667	0.66718	1	0.59373	0.65068	1	0.45236	0.54697	13.23005	1.04348	1	0.71511	0.56431	13.35159	1.03582	1	-0.01249	-0.01127	0.68288	0.00311	1	0.05373	-0.01414	0.65681	0.00328	1	1.45898	0.81042	0	
1238106	8351.44141	3304314013457	0.60765	0.61094	8351.28125	0.16016	10952	1	0.64186	0.57046	1	0.56804	0.67241	1	0.60495	0.62143	1	0.45232	0.54708	13.25300	1.03582	1	0.71532	0.56428	13.65410	1.03582	1	-0.01249	-0.01127	0.68288	0.00298	1	0.05373	-0.01414	0.65681	0.00324	1	1.45898	0.81042	0	
1238107	8351.44824	3304314080266	0.60750	0.61175	8351.28125	0.16699	10952	1	0.63899	0.60064	1	0.56851	0.66336	1	0.60375	0.63200	1	0.45229	0.54696	13.25012	1.03582	1	0.71522	0.56414	13.44830	1.03582	1	-0.01249	-0.01127	0.68288	0.00309	1	0.05373	-0.01414	0.65681	0.00316	1	1.45898	0.81042	0	
1238108	8351.45508	3304314147389	0.60737	0.61250	8351.28125	0.17383	10952	1	0.63899	0.60064	1	0.56851	0.66336	1	0.60375	0.63200	1	0.45231	0.54676	13.20180	1.03582	1	0.71529	0.56416	13.45467	1.03582	1	-0.01249	-0.01127	0.68288	0.00316	1	0.05373	-0.01419	0.65681	0.00320	1	1.45898	0.81042	0	
1238109	8351.46191	3304314215352	0.60747	0.61413	8351.28125	0.18066	10952	1	0.64055	0.58605	1	0.57988	0.73031	1	0.61022	0.65818	1	0.45234	0.54665	13.00226	1.03582	1	0.71549	0.56434	13.84583	1.03582	1	-0.01249	-0.01127	0.68288	0.00317	1	0.05373	-0.01419	0.65681	0.00313	1	1.45898	0.81042	0	
1238110	8351.46875	3304314282780	0.60751	0.61455	8351.28125	0.18750	10952	1	0.64698	0.57510	1	0.57033	0.67760	1	0.60865	0.62635	1	0.45238	0.54650	12.98040	1.03582	1	0.71534	0.56390	13.44614	1.03582	1	-0.01249	-0.01127	0.68288	0.00320	1	0.05373	-0.01419	0.65681	0.00319	1	1.45898	0.81042	0	
1238111	8351.47559	3304314348490	0.60755	0.61494	8351.28125	0.19434	10952	1	0.64698	0.57510	1	0.57033	0.67760	1	0.60865	0.62635	1	0.45245	0.54662	13.06685	1.03582	1	0.71521	0.56387	12.94335	1.03582	1	-0.01249	-0.01127	0.68288	0.00319	1	0.05373	-0.01414	0.65681	0.00331	1	1.45898	0.81042	0	
1238112	8351.48242	3304314415767	0.60777	0.61549	8351.28125	0.20117	10952	1	0.65105	0.60681	1	0.57821	0.65723	1	0.61463	0.63202	1	0.45249	0.54684	13.34439	1.03582	1	0.71533	0.56413	13.71722	1.03582	1	-0.01249	-0.01127	0.68288	0.00304	1	0.05373	-0.01414	0.65681	0.00307	1	1.45898	0.81042	0	
1238113	8351.48828	3304314482581	0.60757	0.61584	8351.28125	0.20703	10952	1	0.64043	0.60621	1	0.56226	0.64721	1	0.60134	0.62671	1	0.45233	0.54693	13.52877	1.03582	1	0.71506	0.56408	12.94690	1.03582	1	-0.01249	-0.01127	0.68288	0.00305	1	0.05373	-0.01414	0.65681	0.00312	1	1.45898	0.81042	0	
1238114	8351.49512	3304314547737	0.60738	0.61617	8351.28125	0.21387	10952	1	0.64043	0.60621	1	0.56226	0.64721	1	0.60134	0.62671	1	0.45233	0.54671	13.24421	1.03582	1	0.71501	0.56405	12.93227	1.03582	1	-0.01249	-0.01127	0.68288	0.00316	1	0.05373	-0.01414	0.65681	0.00324	1	1.45898	0.81042	0	
1238115	8351.50195	3304314614663	0.60680	0.61787	8351.28125	0.22070	10952	1	0.64310	0.65464	1	0.53163	0.69284	1	0.58736	0.67374	1	0.45237	0.54667	13.15770	1.03582	1	0.71472	0.56418	13.12924	1.03582	1	-0.01249	-0.01127	0.68288	0.00317	1	0.05373	-0.01414	0.65681	0.00332	1	1.45898	0.81042	0	
1238116	8351.50879	3304314679394	0.60636	0.61862	8351.28125	0.22754	10952	1	0.63900	0.60516	1	0.54389	0.68320	1	0.59145	0.64418	1	0.45231	0.54653	13.05526	1.03582	1	0.71485	0.56425	14.52561	1.03582	1	-0.01249	-0.01127	0.68288	0.00324	1	0.05373	-0.01414	0.65681	0.00323	1	1.45898	0.81042	0	
1238117	8351.51562	3304314748344	0.60596	0.61920	8351.28125	0.23438	10952	1	0.63893	0.60016	1	0.54483	0.67862	1	0.59188	0.63939	1	0.45235	0.54646	12.95427	1.04490	1	0.71528	0.56419	13.77007	1.04490	1	-0.01305	-0.01167	0.71047	0.00315	1	0.05373	-0.01414	0.65681	0.00318	1	1.45898	0.81042	0	
1238118	8351.52246	3304314818196	0.60615	0.62038	8351.28125	0.24121	10952	1	0.65061	0.62164	1	0.57536	0.70437	1	0.61298	0.66300	1	0.45231	0.54662	13.32377	1.05399	1	0.71529	0.56418	13.69767	1.05399	1	-0.01305	-0.01167	0.71047	0.00305	1	0.05373	-0.01414	0.65681	0.00318	1	1.45898	0.81042	0	
1238119	8351.52832	3304314881944	0.60609	0.62095	8351.28125	0.24707	10952	1	0.63190	0.57064	1	0.57639	0.71361	1	0.60414	0.64213	1	0.45230	0.54641	13.10291	1.06308	1	0.71540	0.56430	14.06870	1.06308	1	-0.01305	-0.01167	0.71047	0.00316	1	0.05373	-0.01414	0.65681	0.00315	1	1.45898	0.81042	0	
1238120	8351.53516	3304314948151	0.60603	0.62160	8351.28125	0.25391	10952	1	0.63202	0.57520	1	0.57534	0.71733	1	0.60368	0.64626	1	0.45206	0.54674	13.25457	1.05506	1	0.71523	0.56416	13.84723	1.05506	1	-0.01231	-0.01097	0.66486	0.00305	1	0.05373	-0.01414	0.65681	0.00317	1	1.45898	0.81042	0	
1238121	8351.54199	3304315016273	0.60590	0.62251	8351.28125	0.26074	10952	1	0.62803	0.63300	1	0.57367	0.68277	1	0.60085	0.65789	1	0.45203	0.54665	13.43450	1.03796	1	0.71533	0.56393	13.91132	1.03796	1	-0.01231	-0.01097	0.66486	0.00306	1	0.05373	-0.01414	0.65681	0.00310	1	1.45898	0.81042	0	
1238122	8351.54883	3304315081763	0.60571	0.62264	8351.28125	0.26758	10952	1	0.62896	0.57129	1	0.56754	0.68420	1	0.59825	0.62775	1	0.45203	0.54661	13.46987	1.02085	1	0.71526	0.56385	13.72864	1.02085	1	-0.01231	-0.01097	0.66486	0.00306	1	0.05373	-0.01414	0.65681	0.00308	1	1.45898	0.81042	0	
1238123	8351.55566	3304315149598	0.60551	0.62298	8351.28125	0.27441	10952	1	0.62927	0.58140	1	0.56537	0.69295	1	0.59732	0.63718	1	0.45217	0.54665	13.44212	1.00375	1	0.71526	0.56385	13.72864	1.00375	1	-0.01231	-0.01097	0.66486	0.00305	1	0.05373	-0.01414	0.65681	0.00308	1	1.45898	0.81042	0	
1238124	8351.56250	3304315216532	0.60529	0.62352	8351.28125	0.28125	10952	1	0.62490	0.59673	1	0.56701	0.69534	1	0.59595	0.64604	1	0.45214	0.54688	13.57839	1.00375	1	0.71525	0.56393	13.94388	1.00375	1	-0.01231	-0.01097	0.66486	0.00306	1	0.05373	-0.01414	0.65681	0.00309	1	1.45898	0.81042	0	
1238125	8351.56934	3304315285825	0.60505	0.62389	8351.28125	0.28809	10952	1	0.62381	0.58667	1	0.56537	0.69295	1	0.59459	0.63981	1	0.45192	0.54684	14.09779	1.00375	1	0.71526	0.56385	13.72864	1.00375	1	-0.01231	-0.01097	0.66486	0.00306	1	0.05373	-0.01414	0.65681	0.00308	1	1.45898	0.81042	0	
1238126	8351.57617	3304315353133	0.60482	0.62424	8351.28125	0.29492	10952	1	0.62381	0.58667	1	0.56537	0.69295	1	0.59459	0.63981	1	0.45193	0.54681	14.17991	1.00375	1	0.71546	0.56400	13.99947	1.00375	1	-0.01231	-0.01097	0.66486	0.00305	1	0.05373	-0.01409	0.65681	0.00305	1	1.45898	0.81042	0	
1238127	8351.58301	3304315420359	0.60450	0.62382	8351.28125	0.30176	10952	1	0.62135	0.52337	1	0.55954	0.68601	1	0.59044	0.60469	1	0.45201	0.54669	14.06137	1.00375	1	0.71514	0.56367	14.28981	1.00375	1	-0.01231	-0.01097	0.66486	0.00300	1	0.05373	-0.01409	0.65681	0.00307	1	1.45898	0.81042	0	
1238128	8351.58887	3304315487248	0.60451	0.62446	8351.28125	0.30762	10952	1	0.63679	0.60731	1	0.57299	0.70049	1	0.60489	0.65390	1	0.45200	0.54671	14.11101	1.00375	1	0.71543	0.56400	14.00474	1.00375	1	-0.01231	-0.01097	0.66486	0.00306	1	0.05373	-0.01409	0.65681	0.00304	1	1.45898	0.81042	0	
1238129	8351.59570	3304315553922	0.60453	0.62498	8351.28125	0.31445	10952	1	0.63670	0.60277	1	0.57407	0.69645	1	0.60539	0.64961	1	0.45198	0.54684	14.13250	1.01177	1	0.71520	0.56373	14.37047	1.01177	1	-0.01274	-0.01130	0.68515	0.00302	1	0.05373	-0.01409	0.65681	0.00305	1	1.45898	0.81042	0	
1238130	8351.60254	3304315621223	0.60421	0.62501	8351.28125	0.32129	10952	1	0.61369	0.54248	1	0.58512	0.67917	1	0.59941	0.61082	1	0.45195	0.54676	14.01026	1.01979	1	0.71513	0.56367	14.38929	1.01979	1	-0.01274	-0.01130	0.68515	0.00304	1	0.05373	-0.01409	0.65681	0.00305	1	1.45898	0.81042	0	
1238131	8351.60938	3304315688303	0.60397	0.62459	8351.28125	0.32812	10952	1	0.62005	0.51326	1	0.57897	0.68012	1	0.59951	0.59669	1	0.45198	0.54675	14.07008	1.02780	1	0.71514	0.56374	14.37201	1.02780	1	-0.01274	-0.01130	0.68515	0.00306	1	0.05373	-0.01409	0.65681	0.00304	1	1.45898	0.81042	0	
1238132	8351.61621	3304315754836	0.60374	0.62398	8351.28125	0.33496	10952	1	0.61984	0.50809	1	0.58007	0.67601	1	0.59995	0.59205	1	0.45194	0.54675	14.07386	1.03582	1	0.71524	0.56405	14.48443	1.03582	1	-0.01274	-0.01130	0.68515	0.00306	1	0.05373	-0.01409	0.65681	0.00320	1	1.45898	0.81042	0	
1238133	8351.62305	3304315821744	0.60364	0.62412	8351.28125	0.34180	10952	1	0.62155	0.54353	1	0.59613	0.67635	1	0.60884	0.60994	1	0.45196	0.54677	14.18198	1.03582	1	0.71532	0.56394	14.18180	1.03582	1	-0.01274	-0.01130	0.68515	0.00304	1	0.05373	-0.01409	0.65681	0.00332	1	1.45898	0.81042	0	
1238134	8351.62988	3304315890208	0.60368	0.62367	8351.28125	0.34863	10952	1	0.62894	0.52397	1	0.59455	0.69263	1	0.61174	0.60830	1	0.45200	0.54676	14.21217	1.03582	1	0.71527	0.56394	14.30000	1.03582	1	-0.01274	-0.01130	0.68515	0.00303	1	0.05373	-0.01409	0.65681	0.00332	1	1.45898	0.81042	0	
1238135	8351.63574	3304315955859	0.60371	0.62321	8351.28125	0.35449	10952	1	0.62908	0.52901	1	0.59334	0.69661	1	0.61121	0.61281	1	0.45208	0.54678	14.05087	1.02780	1	0.71516	0.56354	14.23964	1.02780	1	-0.01231	-0.01097	0.66486	0.00304	1	0.05373	-0.01409	0.65681	0.00315	1	1.45898	0.81042	0	
1238136	8351.64258	3304316023101	0.60346	0.62434	8351.28125	0.36133	10952	1	0.64492	0.63368	1	0.58239	0.68552	1	0.61365	0.65960	1	0.45192	0.54666	14.03413	1.01979	1	0.71509	0.56386	14.07536	1.01979	1	-0.01231	-0.01097	0.66486	0.00304	1	0.05373	-0.01409	0.65681	0.00317	1	1.45898	0.81042	0	
1238137	8351.64941	3304316089622	0.60369	0.62583	8351.28125	0.36816	10952	1	0.63983	0.62632	1	0.61368	0.70216	1	0.62675	0.66424	1	0.45150	0.54635	13.37053	1.01177	1	0.71527	0.56397	14.09537	1.01177	1	-0.01231	-0.01097	0.66486	0.00307	1	0.05373	-0.01409	0.65681	0.00328	1	1.45898	0.81042	0	
1238138	8351.65625	3304316156894	0.60389	0.62759	8351.28125	0.37500	10952	1	0.63989	0.63067	1	0.61229	0.70617	1	0.62609	0.66842	1	0.45080	0.54557	13.42914	1.00375	1	0.71415	0.56275	14.50839	1.00375	1	-0.01237	-0.01083	0.66266	0.00312	1	0.05416	-0.01415	0.66449	0.00330	1	1.45898	0.81042	0	
1238139	8351.66309	3304316223970	0.60298	0.62836	8351.28125	0.38184	10952	1	0.60392	0.58578	1	0.53226	0.63389	1	0.56809	0.60984	1	0.45082	0.54554	13.34395	1.00375	1	0.71377	0.56217	13.63347	1.00375	1	-0.01237	-0.01083	0.66266	0.00317	1	0.05416	-0.01415	0.66449	0.00318	1	1.45898	0.81042	0	
1238140	8351.66992	3304316291060	0.60197	0.62890	8351.28125	0.38867	10952	1	0.58886	0.59944	1	0.55030	0.63860	1	0.56958	0.61902	1	0.45057	0.54517	13.70418	1.00375	1	0.71377	0.56222	13.26723	1.00375	1	-0.01237	-0.01083	0.66266	0.00323	1	0.05416	-0.01415	0.66449	0.00325	1	1.45898	0.81042	0	
1238141	8351.67676	3304316358192	0.60096	0.62943	8351.28125	0.39551	10952	1	0.58842	0.59483	1	0.55120	0.63407	1	0.56981	0.61445	1	0.45033	0.54456	13.73218	1.01177	1	0.71352	0.56169	14.02127	1.01177	1	-0.01283	-0.01095	0.67878	0.00335	1	0.05359	-0.01393	0.65873	0.00342	1	1.45898	0.81042	0	
1238142	8351.68262	3304316425002	0.59961	0.62840	8351.28125	0.40137	10952	1	0.57570	0.50730	1	0.53532	0.58092	1	0.55551	0.54411	1	0.45036	0.54432	13.92523	1.01979	1	0.71352	0.56169	14.03742	1.01979	1	-0.01283	-0.01095	0.67878	0.00322	1	0.05359	-0.01393	0.65873	0.00342	1	1.45898	0.81042	0	
1238143	8351.68945	3304316490849	0.59842	0.62712	8351.28125	0.40820	10952	1	0.58654	0.51753	1	0.53181	0.56196	1	0.55918	0.53975	1	0.45038	0.54422	13.78255	1.02780	1	0.71349	0.56153	14.01209	1.02780	1	-0.01283	-0.01095	0.67878	0.00334	1	0.05359	-0.01393	0.65873	0.00343	1	1.45898	0.81042	0	
1238144	8351.69629	3304316558960	0.59723	0.62579	8351.28125	0.41504	10952	1	0.58654	0.51753	1	0.53251	0.55716	1	0.55953	0.53735	1	0.45072	0.54442	13.40311	1.02780	1	0.71359	0.56162	13.73779	1.03546	1	-0.01239	-0.01066	0.66387	0.00347	1	0.05413	-0.01406	0.66471	0.00340	1	1.45898	0.81042	0	
1238145	8351.70312	3304316623180	0.58507	0.60027	8351.28125	0.41504	10952	0	0.58146	0.50793	1	0.51801	0.54269	1	0.54974	0.52531	1	0.45046	0.54459	13.37661	1.02745	1	0.71356	0.56136	13.80391	1.03510	1	-0.01239	-0.01066	0.66387	0.00342	1	0.05413	-0.01406	0.66471	0.00329	1	1.45898	0.81042	0	
1238146	8351.70898	3304316688639	0.56528	0.57218	8351.28125	0.41504	10952	0	0.57271	0.54800	1	0.51827	0.54018	1	0.54549	0.54409	1	0.45029	0.54449	13.76366	1.02709	1	0.71355	0.56137	13.66416	1.03475	1	-0.01239	-0.01066	0.66387	0.00334	1	0.05413	-0.01406	0.66471	0.00328	1	1.45898	0.81042	0	
1238147	8351.71680	3304316760257	0.55860	0.56203	8351.28125	0.41504	10952	0	0.57220	0.54330	1	0.51827	0.54018	1	0.54523	0.54174	1	0.45033	0.54427	13.70238	1.03475	1	0.71385	0.56153	13.59938	1.03475	1	-0.01278	-0.01094	0.68155	0.00352	1	0.05416	-0.01405	0.66449	0.00334	1	1.45898	0.81042	0	
1238148	8351.72363	3304316826987	0.55597	0.55029	8351.70312	0.02051	10953	1	0.57642	0.47468	1	0.51974	0.55548	1	0.54808	0.51508	1	0.45034	0.54434	13.70772	1.04276	1	0.71359	0.56174	13.84745	1.03510	1	-0.01278	-0.01094	0.68155	0.00350	1	0.05416	-0.01405	0.66449	0.00331	1	1.45898	0.81042	0	
1238149	8351.72949	3304316893733	0.55384	0.54065	8351.70312	0.02637	10953	1	0.56796	0.44954	1	0.52266	0.55458	1	0.54531	0.50206	1	0.45069	0.54435	13.31960	1.04312	1	0.71361	0.56161	13.64291	1.03546	1	-0.01278	-0.01094	0.68155	0.00347	1	0.05416	-0.01405	0.66449	0.00340	1	1.45898	0.81042	0	
1238150	8351.73633	3304316960513	0.55247	0.53378	8351.70312	0.03320	10953	1	0.56793	0.44930	1	0.52333	0.54954	1	0.54563	0.49942	1	0.45065	0.54457	13.35120	1.04348	1	0.71349	0.56180	13.64801	1.04348	1	-0.01274	-0.01100	0.68515	0.00332	1	0.05524	-0.01432	0.67718	0.00342	1	1.45898	0.81042	0	
1238151	8351.74316	3304317027793	0.55575	0.53495	8351.70312	0.04004	10953	1	0.59978	0.52936	1	0.55111	0.55465	1	0.57545	0.54200	1	0.45071	0.54468	13.37379	1.04348	1	0.71403	0.56168	14.04649	1.05114	1	-0.01274	-0.01100	0.68515	0.00335	1	0.05524	-0.01432	0.67718	0.00335	1	1.45898	0.81042	0	
1238152	8351.75000	3304317095066	0.55595	0.53432	8351.70312	0.04688	10953	1	0.60250	0.48582	1	0.51223	0.57405	1	0.55737	0.52994	1	0.45077	0.54466	13.23240	1.05114	1	0.71384	0.56183	14.19224	1.05880	1	-0.01274	-0.01100	0.68515	0.00337	1	0.05524	-0.01432	0.67718	0.00335	1	1.45898	0.81042	0	
1238153	8351.75684	3304317162803	0.55609	0.53356	8351.70312	0.05371	10953	1	0.60219	0.48079	1	0.51223	0.57405	1	0.55721	0.52742	1	0.45088	0.54470	13.24118	1.05880	1	0.71415	0.56175	14.22791	1.05880	1	-0.01274	-0.01100	0.68515	0.00339	1	0.05435	-0.01408	0.66558	0.00332	1	1.45898	0.81042	0	
1238154	8351.76367	3304317229686	0.55665	0.53399	8351.70312	0.06055	10953	1	0.58850	0.53109	1	0.53485	0.54459	1	0.56168	0.53784	1	0.45088	0.54484	13.53681	1.05880	1	0.71417	0.56163	13.83859	1.05114	1	-0.01274	-0.01100	0.68515	0.00332	1	0.05435	-0.01408	0.66558	0.00335	1	1.45898	0.81042	0	
1238155	8351.76953	3304317294458	0.55630	0.53456	8351.70312	0.06641	10953	1	0.57484	0.52102	1	0.53063	0.55965	1	0.55273	0.54033	1	0.45089	0.54470	13.40399	1.05114	1	0.71415	0.56164	13.76670	1.04348	1	-0.01274	-0.01100	0.68515	0.00342	1	0.05435	-0.01408	0.66558	0.00333	1	1.45898	0.81042	0	
1238156	8351.77637	3304317360574	0.55599	0.53544	8351.70312	0.07324	10953	1	0.57532	0.52580	1	0.52995	0.56438	1	0.55264	0.54509	1	0.45089	0.54449	13.28820	1.04348	1	0.71421	0.56178	13.54267	1.03582	1	-0.01274	-0.01105	0.68515	0.00346	1	0.05373	-0.01399	0.65681	0.00332	1	1.45898	0.81042	0	
1238157	8351.78320	3304317429570	0.55592	0.53643	8351.70312	0.08008	10953	1	0.59034	0.50368	1	0.51990	0.59286	1	0.55512	0.54827	1	0.45087	0.54454	13.31881	1.03582	1	0.71433	0.56186	13.81802	1.03582	1	-0.01274	-0.01105	0.68515	0.00341	1	0.05373	-0.01399	0.65681	0.00331	1	1.45898	0.81042	0	
1238158	8351.79004	3304317496715	0.55442	0.53688	8351.70312	0.08691	10953	1	0.54959	0.53734	1	0.52022	0.54812	1	0.53491	0.54273	1	0.45087	0.54454	13.31881	1.03582	1	0.71440	0.56191	13.92232	1.03582	1	-0.01274	-0.01105	0.68515	0.00341	1	0.05373	-0.01399	0.65681	0.00336	1	1.45898	0.81042	0	
1238159	8351.79688	3304317563114	0.55312	0.53727	8351.70312	0.09375	10953	1	0.54959	0.53734	1	0.52022	0.54812	1	0.53491	0.54273	1	0.45096	0.54431	13.31779	1.03582	1	0.71414	0.56143	13.97086	1.03582	1	-0.01274	-0.01095	0.68515	0.00338	1	0.05373	-0.01389	0.65681	0.00338	1	1.45898	0.81042	0	
1238160	8351.80371	3304317628287	0.55332	0.53712	8351.70312	0.10059	10953	1	0.58018	0.48169	1	0.53227	0.58817	1	0.55623	0.53493	1	0.45115	0.54386	14.14880	1.03582	1	0.71427	0.56085	13.98156	1.03582	1	-0.01274	-0.01095	0.68515	0.00335	1	0.05373	-0.01389	0.65681	0.00332	1	1.45898	0.81042	0	
1238161	8351.81055	3304317697776	0.55452	0.53458	8351.70312	0.10742	10953	1	0.58852	0.44223	1	0.55898	0.54551	1	0.57375	0.49387	1	0.45099	0.54315	13.41141	1.03582	1	0.71421	0.56045	13.98677	1.03582	1	-0.01274	-0.01095	0.68515	0.00322	1	0.05373	-0.01389	0.65681	0.00347	1	1.45898	0.81042	0	
1238162	8351.81738	3304317764634	0.55559	0.53232	8351.70312	0.11426	10953	1	0.58852	0.44223	1	0.55898	0.54551	1	0.57375	0.49387	1	0.45051	0.54117	13.92670	1.03582	1	0.71343	0.55794	13.27367	1.03582	1	-0.01248	-0.01041	0.67685	0.00397	1	0.05416	-0.01366	0.66449	0.00418	1	1.45898	0.81042	0	
1238163	8351.82324	3304317831804	0.55388	0.52620	8351.70312	0.12012	10953	1	0.53174	0.40960	1	0.51470	0.42265	1	0.52322	0.41613	1	0.45061	0.54047	14.02483	1.03582	1	0.71348	0.55749	14.45356	1.03582	1	-0.01248	-0.01041	0.67685	0.00392	1	0.05416	-0.01366	0.66449	0.00368	1	1.45898	0.81042	0	
1238164	8351.83008	3304317898591	0.55218	0.51553	8351.70312	0.12695	10953	1	0.54683	0.27778	1	0.49270	0.34770	1	0.51976	0.31274	1	0.45090	0.54010	13.75930	1.03582	1	0.71342	0.55691	14.43538	1.03582	1	-0.01248	-0.01041	0.67685	0.00395	1	0.05416	-0.01366	0.66449	0.00388	1	1.45898	0.81042	0	
1238165	8351.83691	3304317965158	0.55064	0.50572	8351.70312	0.13379	10953	1	0.54683	0.27778	1	0.49311	0.34137	1	0.51997	0.30958	1	0.45110	0.53944	13.37209	1.03582	1	0.71309	0.55667	15.02432	1.04348	1	-0.01259	-0.01034	0.68232	0.00430	1	0.05549	-0.01383	0.68024	0.00389	1	1.45898	0.81042	0	
1238166	8351.84375	3304318032073	0.54288	0.46653	8351.70312	0.13379	10953	0	0.54978	0.33321	1	0.48547	0.30286	1	0.51762	0.31804	1	0.45137	0.53982	14.02676	1.04348	1	0.71337	0.55676	14.67989	1.05114	1	-0.01259	-0.01034	0.68232	0.00429	1	0.05549	-0.01383	0.68024	0.00379	1	1.45898	0.81042	0	
1238167	8351.85059	3304318099762	0.52802	0.38283	8351.70312	0.13379	10953	0	0.53892	0.26836	1	0.48738	0.32989	1	0.51315	0.29913	1	0.45156	0.53974	13.84455	1.05114	1	0.71327	0.55697	15.12465	1.05880	1	-0.01259	-0.01034	0.68232	0.00444	1	0.05549	-0.01383	0.68024	0.00381	1	1.45898	0.81042	0	
1238168	8351.85742	3304318166596	0.52306	0.35503	8351.70312	0.13379	10953	0	0.53896	0.26867	1	0.48736	0.33019	1	0.51316	0.29943	1	0.45100	0.53979	13.35710	1.05078	1	0.71330	0.55676	14.33165	1.05844	1	-0.01196	-0.00986	0.65108	0.00400	1	0.05556	-0.01387	0.67976	0.00376	1	1.45898	0.81042	0	
1238169	8351.86426	3304318233794	0.50316	0.30429	8351.70312	0.13379	10953	0	0.52955	0.26689	1	0.43680	0.36176	1	0.48317	0.31433	1	0.45112	0.53954	13.26254	1.05042	1	0.71329	0.55742	14.23492	1.05042	1	-0.01196	-0.00986	0.65108	0.00398	1	0.05556	-0.01387	0.67976	0.00410	1	1.45898	0.81042	0	
1238170	8351.87012	3304318299137	0.50173	0.30114	8351.70312	0.13379	10953	0	0.52839	0.32129	1	0.47219	0.27468	1	0.50029	0.29799	1	0.45110	0.53962	13.25868	1.04241	1	0.71378	0.55655	14.06672	1.04241	1	-0.01196	-0.00986	0.65108	0.00400	1	0.05556	-0.01387	0.67976	0.00426	1	1.45898	0.81042	0	
1238171	8351.87695	3304318366161	0.50120	0.30122	8351.70312	0.13379	10953	0	0.52839	0.32129	1	0.47192	0.28149	1	0.50016	0.30139	1	0.45155	0.53982	13.89170	1.04241	1	0.71415	0.55694	14.10825	1.03475	1	-0.01252	-0.01045	0.68975	0.00392	1	0.05376	-0.01348	0.65601	0.00403	1	1.45898	0.81042	0	
1238172	8351.88379	3304318434535	0.50128	0.30572	8351.86426	0.01953	10954	1	0.52833	0.34929	1	0.47472	0.28914	1	0.50153	0.31922	1	0.45140	0.53988	14.20832	1.04276	1	0.71393	0.55723	14.75572	1.03510	1	-0.01252	-0.01045	0.68975	0.00397	1	0.05376	-0.01348	0.65601	0.00393	1	1.45898	0.81042	0	
1238173	8351.89062	3304318501626	0.50137	0.31357	8351.86426	0.02637	10954	1	0.53398	0.34133	1	0.46948	0.34857	1	0.50173	0.34495	1	0.45156	0.53972	13.95307	1.04312	1	0.71399	0.55743	14.53965	1.03546	1	-0.01252	-0.01045	0.68975	0.00391	1	0.05376	-0.01348	0.65601	0.00390	1	1.45898	0.81042	0	
1238174	8351.89746	3304318565792	0.50150	0.31931	8351.86426	0.03320	10954	1	0.53473	0.34749	1	0.46948	0.34857	1	0.50211	0.34803	1	0.45187	0.53962	12.97943	1.03546	1	0.71433	0.55750	14.04074	1.03546	1	-0.01176	-0.00986	0.65055	0.00406	1	0.05610	-0.01408	0.68259	0.00403	1	1.45898	0.81042	0	
1238175	8351.90430	3304318633268	0.49951	0.32341	8351.86426	0.04004	10954	1	0.52886	0.32933	1	0.44640	0.36661	1	0.48763	0.34797	1	0.45182	0.53951	13.15009	1.02745	1	0.71431	0.55787	14.67552	1.03510	1	-0.01176	-0.00986	0.65055	0.00397	1	0.05610	-0.01408	0.68259	0.00378	1	1.45898	0.81042	0	
1238176	8351.91016	3304318699252	0.49792	0.32987	8351.86426	0.04590	10954	1	0.53509	0.35144	1	0.43848	0.39876	1	0.48679	0.37510	1	0.45202	0.53980	13.47710	1.02709	1	0.71409	0.55835	14.68374	1.03475	1	-0.01176	-0.00986	0.65055	0.00398	1	0.05610	-0.01408	0.68259	0.00400	1	1.45898	0.81042	0	
1238177	8351.91699	3304318766997	0.49664	0.33455	8351.86426	0.05273	10954	1	0.53433	0.34527	1	0.43848	0.39876	1	0.48641	0.37201	1	0.45209	0.54012	13.73483	1.03475	1	0.71507	0.55767	14.26323	1.03475	1	-0.01236	-0.01040	0.68672	0.00384	1	0.05443	-0.01365	0.66171	0.00392	1	1.45898	0.81042	0	
1238178	8351.92383	3304318832169	0.49973	0.33459	8351.86426	0.05957	10954	1	0.56017	0.35886	1	0.49493	0.31110	1	0.52755	0.33498	1	0.45233	0.53993	13.87344	1.04276	1	0.71500	0.55823	14.34742	1.03510	1	-0.01236	-0.01040	0.68672	0.00393	1	0.05443	-0.01365	0.66171	0.00413	1	1.45898	0.81042	0	
1238179	8351.93066	3304318899856	0.49883	0.33248	8351.86426	0.06641	10954	1	0.52249	0.33066	1	0.45699	0.29210	1	0.48974	0.31138	1	0.45240	0.53992	14.04198	1.04312	1	0.71506	0.55811	14.27730	1.03546	1	-0.01236	-0.01040	0.68672	0.00395	1	0.05443	-0.01365	0.66171	0.00412	1	1.45898	0.81042	0	
1238180	8351.93750	3304318967548	0.49808	0.33010	8351.86426	0.07324	10954	1	0.52245	0.33037	1	0.45734	0.27746	1	0.48989	0.30391	1	0.45267	0.54008	13.25797	1.04348	1	0.71498	0.55870	14.49173	1.05216	1	-0.01209	-0.01037	0.67756	0.00388	1	0.05754	-0.01456	0.69824	0.00395	1	1.45898	0.81042	0	
1238181	8351.94336	3304319033406	0.49716	0.32654	8351.86426	0.07910	10954	1	0.53205	0.20328	1	0.44015	0.36435	1	0.48610	0.28381	1	0.45237	0.53771	12.53191	1.05216	1	0.71484	0.55854	14.20580	1.06850	1	-0.01209	-0.01037	0.67756	0.00448	1	0.05754	-0.01456	0.69824	0.00402	1	1.45898	0.81042	0	
1238182	8351.95117	3304319102164	0.49649	0.32435	8351.86426	0.08691	10954	1	0.50583	0.26582	1	0.46965	0.32590	1	0.48774	0.29586	1	0.45247	0.53911	12.39077	1.06850	1	0.71539	0.55834	13.53430	1.08484	1	-0.01209	-0.01037	0.67756	0.00397	1	0.05754	-0.01456	0.69824	0.00404	1	1.45898	0.81042	0	
1238183	8351.95703	3304319168129	0.49586	0.32243	8351.86426	0.09277	10954	1	0.50484	0.25869	1	0.46940	0.33237	1	0.48712	0.29553	1	0.45259	0.53968	12.95382	1.07682	1	0.71579	0.55902	14.32882	1.07682	1	-0.01182	-0.01023	0.66535	0.00414	1	0.05486	-0.01391	0.66453	0.00390	1	1.45898	0.81042	0	
1238184	8351.96484	3304319238799	0.49645	0.32358	8351.86426	0.10059	10954	1	0.53671	0.29486	1	0.47389	0.38678	1	0.50530	0.34082	1	0.45278	0.54040	13.52574	1.06881	1	0.71585	0.55927	14.42050	1.05247	1	-0.01182	-0.01023	0.66535	0.00381	1	0.05486	-0.01391	0.66453	0.00399	1	1.45898	0.81042	0	
1238185	8351.97070	3304319305524	0.49693	0.32470	8351.86426	0.10645	10954	1	0.53472	0.36657	1	0.47443	0.31887	1	0.50457	0.34272	1	0.45256	0.54072	13.57582	1.04445	1	0.71578	0.55853	14.06434	1.02811	1	-0.01182	-0.01023	0.66535	0.00411	1	0.05486	-0.01391	0.66453	0.00432	1	1.45898	0.81042	0	
1238186	8351.97754	3304319372578	0.49739	0.32626	8351.86426	0.11328	10954	1	0.53632	0.37928	1	0.47410	0.32633	1	0.50521	0.35280	1	0.45241	0.54063	13.07751	1.02811	1	0.71599	0.55923	13.73661	1.01943	1	-0.01175	-0.01035	0.66958	0.00404	1	0.05540	-0.01413	0.67043	0.00396	1	1.45898	0.81042	0	
1238187	8351.98438	3304319439091	0.49664	0.32615	8351.86426	0.12012	10954	1	0.51058	0.27437	1	0.45585	0.37394	1	0.48322	0.32415	1	0.45286	0.54031	13.33913	1.02745	1	0.71595	0.55933	13.84388	1.03510	1	-0.01175	-0.01035	0.66958	0.00388	1	0.05540	-0.01413	0.67043	0.00392	1	1.45898	0.81042	0	
1238188	8351.99121	3304319506083	0.49601	0.32640	8351.86426	0.12695	10954	1	0.51398	0.31721	1	0.45393	0.34485	1	0.48396	0.33103	1	0.45283	0.54041	13.49193	1.04312	1	0.71595	0.55924	13.81193	1.05078	1	-0.01175	-0.01035	0.66958	0.00393	1	0.05540	-0.01413	0.67043	0.00398	1	1.45898	0.81042	0	
1238189	8351.99805	3304319573169	0.49542	0.32647	8351.86426	0.13379	10954	1	0.51310	0.31087	1	0.45393	0.34485	1	0.48352	0.32786	1	0.45338	0.54089	13.04817	1.05078	1	0.71651	0.55983	13.98401	1.05078	1	-0.01147	-0.01015	0.65676	0.00397	1	0.05449	-0.01396	0.65769	0.00391	1	1.45898	0.81042	0	
1238190	8352.00488	3304319640653	0.49533	0.32788	8351.86426	0.14062	10954	1	0.52563	0.33382	1	0.46133	0.38112	1	0.49348	0.35747	1	0.45354	0.54085	13.13584	1.04276	1	0.71650	0.56024	14.45452	1.03510	1	-0.01147	-0.01015	0.65676	0.00394	1	0.05449	-0.01396	0.65769	0.00406	1	1.45898	0.81042	0	
1238191	8352.01074	3304319707073	0.49547	0.33004	8351.86426	0.14648	10954	1	0.53033	0.38158	1	0.46700	0.37355	1	0.49866	0.37756	1	0.45366	0.54130	13.58363	1.02709	1	0.71657	0.56014	14.46896	1.01943	1	-0.01147	-0.01015	0.65676	0.00380	1	0.05449	-0.01396	0.65769	0.00398	1	1.45898	0.81042	0	
1238192	8352.01758	3304319773921	0.49562	0.33214	8351.86426	0.15332	10954	1	0.53112	0.38753	1	0.46700	0.37355	1	0.49906	0.38054	1	0.45365	0.54032	12.92675	1.01943	1	0.71697	0.56032	13.48764	1.01943	1	-0.01190	-0.01077	0.69022	0.00419	1	0.05627	-0.01448	0.67732	0.00392	1	1.45898	0.81042	0	
1238193	8352.02441	3304319841082	0.49555	0.33248	8351.86426	0.16016	10954	1	0.52160	0.32571	1	0.46625	0.35535	1	0.49392	0.34053	1	0.45409	0.54150	12.72863	1.02745	1	0.71724	0.56121	13.93986	1.03510	1	-0.01190	-0.01077	0.69022	0.00392	1	0.05627	-0.01448	0.67732	0.00401	1	1.45898	0.81042	0	
1238194	8352.03125	3304319908059	0.49493	0.32620	8351.86426	0.16699	10954	1	0.46511	0.05987	1	0.49330	0.27870	1	0.47920	0.16928	1	0.45425	0.53942	12.22119	1.04312	1	0.71765	0.56152	13.51745	1.05078	1	-0.01190	-0.01077	0.69022	0.00264	1	0.05627	-0.01448	0.67732	0.00413	1	1.45898	0.81042	0	
1238195	8352.03809	3304319975047	0.49431	0.31994	8351.86426	0.17383	10954	1	0.46273	0.04295	1	0.49373	0.27164	1	0.47823	0.15730	1	0.45678	0.54479	13.31738	1.05880	1	0.71952	0.56440	13.87356	1.05880	1	-0.01139	-0.01139	0.69060	0.00330	1	0.05551	-0.01479	0.66394	0.00332	1	1.45898	0.81042	0	
1238196	8352.04492	3304320039913	0.49661	0.32547	8351.86426	0.18066	10954	1	0.56173	0.51355	1	0.55577	0.43556	1	0.55875	0.47455	1	0.45743	0.54626	12.42241	1.05880	1	0.72003	0.56537	13.26235	1.05114	1	-0.01139	-0.01139	0.69060	0.00338	1	0.05551	-0.01479	0.66394	0.00380	1	1.45898	0.81042	0	
1238197	8352.05176	3304320109437	0.49881	0.33067	8351.86426	0.18750	10954	1	0.60245	0.47345	1	0.51872	0.47937	1	0.56059	0.47641	1	0.45779	0.54644	13.19370	1.05114	1	0.71987	0.56604	13.44592	1.04348	1	-0.01139	-0.01139	0.69060	0.00338	1	0.05551	-0.01479	0.66394	0.00381	1	1.45898	0.81042	0	
1238198	8352.05762	3304320175980	0.50087	0.33570	8351.86426	0.19336	10954	1	0.60276	0.47857	1	0.51813	0.48469	1	0.56044	0.48163	1	0.45911	0.54840	13.44400	1.04348	1	0.72111	0.56880	14.15341	1.03582	1	-0.01081	-0.01163	0.67999	0.00294	1	0.05530	-0.01508	0.65909	0.00320	1	1.45898	0.81042	0	
1238199	8352.06445	3304320241483	0.51721	0.38220	8351.86426	0.19336	10954	0	0.64983	0.68167	1	0.58348	0.74269	1	0.61665	0.71218	1	0.45909	0.54899	13.70274	1.03582	1	0.72139	0.56942	13.56817	1.03582	1	-0.01081	-0.01163	0.67999	0.00307	1	0.05530	-0.01508	0.65909	0.00321	1	1.45898	0.81042	0	
1238200	8352.07129	3304320310108	0.56118	0.48747	8351.86426	0.19336	10954	0	0.65974	0.56503	1	0.55055	0.62046	1	0.60514	0.59275	1	0.45916	0.54869	13.34684	1.03582	1	0.72115	0.56927	13.35638	1.03582	1	-0.01081	-0.01163	0.67999	0.00302	1	0.05530	-0.01508	0.65909	0.00338	1	1.45898	0.81042	0	
1238201	8352.07812	3304320376878	0.57541	0.52611	8351.86426	0.19336	10954	0	0.65960	0.57393	1	0.54815	0.63287	1	0.60387	0.60340	1	0.45939	0.54897	13.16149	1.02068	1	0.72146	0.57003	13.78781	1.01387	1	-0.01017	-0.01104	0.64558	0.00290	1	0.05425	-0.01497	0.64371	0.00340	1	1.45898	0.81042	0	
1238202	8352.08496	3304320443138	0.59853	0.63047	8351.86426	0.19336	10954	0	0.62961	0.64798	1	0.54352	0.74255	1	0.58657	0.69527	1	0.45914	0.54933	13.37124	0.99873	1	0.72162	0.57016	14.02580	0.99192	1	-0.01017	-0.01104	0.64558	0.00292	1	0.05425	-0.01497	0.64371	0.00318	1	1.45898	0.81042	0	
1238203	8352.09180	3304320510190	0.59754	0.67286	8351.86426	0.19336	10954	0	0.63982	0.67298	1	0.55328	0.75754	1	0.59655	0.71526	1	0.45925	0.54925	13.26609	0.97677	1	0.72183	0.57021	13.75763	0.96997	1	-0.01017	-0.01104	0.64558	0.00289	1	0.05425	-0.01497	0.64371	0.00323	1	1.45898	0.81042	0	
1238204	8352.09766	3304320575920	0.59737	0.68699	8351.86426	0.19336	10954	0	0.63987	0.67648	1	0.55420	0.75400	1	0.59703	0.71524	1	0.45956	0.54932	12.49901	0.96997	1	0.72248	0.57041	13.63554	0.97763	1	-0.01069	-0.01177	0.68555	0.00303	1	0.05693	-0.01573	0.67428	0.00290	1	1.45898	0.81042	0	
1238205	8352.10547	3304320645016	0.60029	0.69315	8352.08496	0.02051	10955	1	0.65965	0.67432	1	0.55848	0.74893	1	0.60906	0.71162	1	0.45992	0.54923	13.00541	0.99277	1	0.72221	0.57042	13.18141	1.00724	1	-0.01069	-0.01177	0.68555	0.00328	1	0.05693	-0.01573	0.67428	0.00303	1	1.45898	0.81042	0	
1238206	8352.11133	3304320711475	0.60474	0.69729	8352.08496	0.02637	10955	1	0.67287	0.70910	1	0.57214	0.71862	1	0.62250	0.71386	1	0.45989	0.54952	13.00433	1.02238	1	0.72233	0.57078	13.63391	1.03685	1	-0.01069	-0.01177	0.68555	0.00314	1	0.05693	-0.01573	0.67428	0.00327	1	1.45898	0.81042	0	
1238207	8352.11816	3304320778178	0.60807	0.69777	8352.08496	0.03320	10955	1	0.67356	0.69563	1	0.57597	0.70469	1	0.62476	0.70016	1	0.45993	0.54914	12.93444	1.05199	1	0.72242	0.57095	13.84283	1.06646	1	-0.01069	-0.01177	0.68555	0.00325	1	0.05732	-0.01586	0.67767	0.00311	1	1.45898	0.81042	0	
1238208	8352.12500	3304320845938	0.61053	0.69354	8352.08496	0.04004	10955	1	0.67055	0.60787	1	0.58004	0.72847	1	0.62530	0.66817	1	0.45989	0.54928	12.92730	1.06646	1	0.72243	0.57093	14.02260	1.06646	1	-0.01069	-0.01177	0.68555	0.00318	1	0.05732	-0.01586	0.67767	0.00316	1	1.45898	0.81042	0	
1238209	8352.13184	3304320912824	0.61033	0.68838	8352.08496	0.04688	10955	1	0.66709	0.62829	1	0.55068	0.67626	1	0.60888	0.65227	1	0.45997	0.54925	12.91593	1.06646	1	0.72236	0.57096	14.01912	1.06646	1	-0.01069	-0.01177	0.68555	0.00323	1	0.05732	-0.01586	0.67767	0.00309	1	1.45898	0.81042	0	
1238210	8352.13867	3304320980495	0.61017	0.68437	8352.08496	0.05371	10955	1	0.66709	0.62829	1	0.55068	0.67626	1	0.60888	0.65227	1	0.46013	0.54942	12.67695	1.06646	1	0.72288	0.57096	13.79691	1.06646	1	-0.01055	-0.01167	0.67658	0.00316	1	0.05806	-0.01609	0.68529	0.00308	1	1.45898	0.81042	0	
1238211	8352.14551	3304321046867	0.60989	0.68118	8352.08496	0.06055	10955	1	0.64547	0.62966	1	0.56933	0.67529	1	0.60740	0.65247	1	0.46008	0.54948	12.53834	1.06646	1	0.72306	0.57078	13.69587	1.06646	1	-0.01055	-0.01167	0.67658	0.00320	1	0.05806	-0.01609	0.68529	0.00308	1	1.45898	0.81042	0	
1238212	8352.15137	3304321113417	0.61068	0.67431	8352.08496	0.06641	10955	1	0.65590	0.56351	1	0.58128	0.64761	1	0.61859	0.60556	1	0.46016	0.54942	12.65552	1.06646	1	0.72311	0.57066	13.47436	1.06646	1	-0.01055	-0.01167	0.67658	0.00322	1	0.05806	-0.01609	0.68529	0.00309	1	1.45898	0.81042	0	
1238213	8352.15820	3304321180879	0.61125	0.66927	8352.08496	0.07324	10955	1	0.65581	0.57218	1	0.57925	0.65556	1	0.61753	0.61387	1	0.45998	0.54935	12.78089	1.05131	1	0.72320	0.57087	13.79499	1.05131	1	-0.00979	-0.01093	0.63379	0.00318	1	0.05806	-0.01614	0.68529	0.00306	1	1.45898	0.81042	0	
1238214	8352.16504	3304321247701	0.61159	0.67046	8352.08496	0.08008	10955	1	0.65331	0.66250	1	0.57796	0.70701	1	0.61564	0.68475	1	0.45996	0.54952	12.80894	1.03617	1	0.72322	0.57100	13.74801	1.03617	1	-0.00979	-0.01093	0.63379	0.00316	1	0.05806	-0.01614	0.68529	0.00306	1	1.45898	0.81042	0	
1238215	8352.17188	3304321314651	0.61185	0.67115	8352.08496	0.08691	10955	1	0.66439	0.65956	1	0.56607	0.70071	1	0.61523	0.68014	1	0.46008	0.54935	12.86740	1.02103	1	0.72299	0.57102	13.44426	1.02103	1	-0.00979	-0.01093	0.63379	0.00325	1	0.05806	-0.01614	0.68529	0.00304	1	1.45898	0.81042	0	
1238216	8352.17871	3304321381939	0.61201	0.67214	8352.08496	0.09375	10955	1	0.66427	0.66360	1	0.56410	0.70847	1	0.61419	0.68604	1	0.46015	0.54916	12.91727	1.01301	1	0.72315	0.57102	13.57568	1.00535	1	-0.01024	-0.01150	0.66647	0.00327	1	0.05579	-0.01547	0.65677	0.00330	1	1.45898	0.81042	0	
1238217	8352.18555	3304321449104	0.61189	0.67352	8352.08496	0.10059	10955	1	0.66131	0.68148	1	0.55908	0.70687	1	0.61019	0.69418	1	0.46050	0.54933	13.89298	1.01248	1	0.72340	0.57091	13.95114	1.00482	1	-0.01024	-0.01150	0.66647	0.00319	1	0.05579	-0.01547	0.65677	0.00320	1	1.45898	0.81042	0	
1238218	8352.19238	3304321515502	0.61152	0.67290	8352.08496	0.10742	10955	1	0.64718	0.58983	1	0.56401	0.73600	1	0.60559	0.66291	1	0.46050	0.54933	13.89298	1.01195	1	0.72354	0.57118	14.18122	1.00429	1	-0.01024	-0.01150	0.66647	0.00319	1	0.05579	-0.01547	0.65677	0.00309	1	1.45898	0.81042	0	
1238219	8352.19824	3304321581170	0.61122	0.67212	8352.08496	0.11328	10955	1	0.64717	0.58550	1	0.56495	0.73250	1	0.60606	0.65900	1	0.46055	0.54936	13.99729	1.01943	1	0.72367	0.57120	14.22050	1.01177	1	-0.01034	-0.01161	0.67606	0.00319	1	0.05579	-0.01547	0.65677	0.00305	1	1.45898	0.81042	0	
1238220	8352.20508	3304321649627	0.61209	0.67341	8352.08496	0.12012	10955	1	0.66340	0.66102	1	0.59226	0.73195	1	0.62783	0.69649	1	0.46055	0.54936	13.99729	1.01979	1	0.72391	0.57107	14.05337	1.01979	1	-0.01034	-0.01161	0.67606	0.00319	1	0.05579	-0.01547	0.65677	0.00303	1	1.45898	0.81042	0	
1238221	8352.21191	3304321716683	0.61339	0.67474	8352.08496	0.12695	10955	1	0.67823	0.68688	1	0.59775	0.71315	1	0.63799	0.70001	1	0.46056	0.54941	13.92685	1.02780	1	0.72397	0.57092	13.95214	1.02780	1	-0.01034	-0.01161	0.67606	0.00318	1	0.05579	-0.01547	0.65677	0.00296	1	1.45898	0.81042	0	
1238222	8352.21875	3304321783122	0.61459	0.67576	8352.08496	0.13379	10955	1	0.67845	0.68308	1	0.59899	0.70929	1	0.63872	0.69618	1	0.46051	0.54943	13.71475	1.03582	1	0.72412	0.57087	13.73361	1.03582	1	-0.01047	-0.01181	0.68470	0.00319	1	0.05601	-0.01550	0.65810	0.00316	1	1.45898	0.81042	0	
1238223	8352.22559	3304321849938	0.61490	0.67340	8352.08496	0.14062	10955	1	0.66622	0.58067	1	0.57635	0.66726	1	0.62129	0.62397	1	0.46077	0.54971	14.03830	1.03582	1	0.72391	0.57107	13.85478	1.03582	1	-0.01047	-0.01181	0.68470	0.00297	1	0.05601	-0.01550	0.65810	0.00306	1	1.45898	0.81042	0	
1238224	8352.23242	3304321918196	0.61480	0.67227	8352.08496	0.14746	10955	1	0.65533	0.59840	1	0.56980	0.69624	1	0.61256	0.64732	1	0.46102	0.54926	13.11989	1.03582	1	0.72381	0.57140	13.19730	1.03582	1	-0.01047	-0.01181	0.68470	0.00326	1	0.05601	-0.01550	0.65810	0.00314	1	1.45898	0.81042	0	
1238225	8352.23926	3304321984500	0.61470	0.67133	8352.08496	0.15430	10955	1	0.65528	0.60286	1	0.56975	0.69642	1	0.61252	0.64964	1	0.46087	0.54928	12.98979	1.02780	1	0.72428	0.57150	14.03503	1.03546	1	-0.01004	-0.01137	0.65930	0.00322	1	0.05520	-0.01531	0.64808	0.00321	1	1.45898	0.81042	0	
1238226	8352.24609	3304322051344	0.61459	0.67312	8352.08496	0.16113	10955	1	0.65038	0.72354	1	0.57359	0.70886	1	0.61199	0.71620	1	0.46067	0.54948	12.73468	1.02745	1	0.72433	0.57148	14.16468	1.03510	1	-0.01004	-0.01137	0.65930	0.00316	1	0.05520	-0.01531	0.64808	0.00315	1	1.45898	0.81042	0	
1238227	8352.25195	3304322118500	0.61448	0.67383	8352.08496	0.16699	10955	1	0.63587	0.64471	1	0.58759	0.73816	1	0.61173	0.69143	1	0.46077	0.54921	12.78950	1.02709	1	0.72416	0.57122	14.56600	1.03475	1	-0.01004	-0.01137	0.65930	0.00305	1	0.05520	-0.01531	0.64808	0.00319	1	1.45898	0.81042	0	
1238228	8352.25879	3304322185945	0.61436	0.67455	8352.08496	0.17383	10955	1	0.63588	0.64489	1	0.58643	0.74179	1	0.61115	0.69334	1	0.46075	0.54895	13.78845	1.02673	1	0.72389	0.57099	13.78014	1.02673	1	-0.01011	-0.01141	0.66405	0.00286	1	0.05611	-0.01543	0.65927	0.00311	1	1.45898	0.81042	0	
1238229	8352.26562	3304322252148	0.61363	0.67430	8352.08496	0.18066	10955	1	0.62790	0.62607	1	0.55984	0.70918	1	0.59387	0.66763	1	0.46044	0.54888	13.33554	1.02673	1	0.72381	0.57106	13.91861	1.01907	1	-0.01011	-0.01141	0.66405	0.00290	1	0.05611	-0.01543	0.65927	0.00314	1	1.45898	0.81042	0	
1238230	8352.27246	3304322319855	0.61303	0.67398	8352.08496	0.18750	10955	1	0.63365	0.61715	1	0.55892	0.71292	1	0.59629	0.66503	1	0.46059	0.54874	13.91038	1.01907	1	0.72381	0.57106	13.91861	1.01141	1	-0.01011	-0.01141	0.66405	0.00291	1	0.05611	-0.01543	0.65927	0.00314	1	1.45898	0.81042	0	
1238231	8352.27930	3304322387498	0.61246	0.67382	8352.08496	0.19434	10955	1	0.63375	0.62134	1	0.55800	0.71665	1	0.59588	0.66900	1	0.46090	0.54892	13.11508	1.01141	1	0.72430	0.57110	13.83288	1.00375	1	-0.01011	-0.01141	0.66405	0.00295	1	0.05545	-0.01527	0.65049	0.00313	1	1.45898	0.81042	0	
1238232	8352.28613	3304322453775	0.61244	0.67460	8352.08496	0.20117	10955	1	0.65036	0.66174	1	0.57354	0.73467	1	0.61195	0.69821	1	0.46082	0.54917	13.58347	1.00375	1	0.72443	0.57101	13.96875	1.00375	1	-0.01011	-0.01141	0.66405	0.00294	1	0.05545	-0.01527	0.65049	0.00307	1	1.45898	0.81042	0	
1238233	8352.29297	3304322520065	0.61170	0.67429	8352.08496	0.20801	10955	1	0.62487	0.62351	1	0.55256	0.70576	1	0.58871	0.66463	1	0.46086	0.54918	13.56007	1.00375	1	0.72446	0.57078	13.89805	1.00375	1	-0.01011	-0.01141	0.66405	0.00295	1	0.05545	-0.01527	0.65049	0.00308	1	1.45898	0.81042	0	
1238234	8352.29883	3304322583158	0.61102	0.67387	8352.08496	0.21387	10955	1	0.62470	0.61910	1	0.55348	0.70176	1	0.58909	0.66043	1	0.46089	0.54918	13.45511	1.01177	1	0.72477	0.57096	14.22117	1.01177	1	-0.01014	-0.01157	0.67634	0.00295	1	0.05546	-0.01534	0.64936	0.00295	1	1.45898	0.81042	0	
1238235	8352.30566	3304322652092	0.61066	0.67399	8352.08496	0.22070	10955	1	0.63375	0.67889	1	0.56419	0.67717	1	0.59897	0.67803	1	0.46092	0.54945	13.60172	1.01979	1	0.72459	0.57122	13.93284	1.01979	1	-0.01014	-0.01157	0.67634	0.00303	1	0.05546	-0.01534	0.64936	0.00304	1	1.45898	0.81042	0	
1238236	8352.31250	3304322717947	0.61050	0.67418	8352.08496	0.22754	10955	1	0.62805	0.68091	1	0.58235	0.68043	1	0.60520	0.68067	1	0.46103	0.54929	13.50302	1.02780	1	0.72487	0.57120	13.96933	1.02780	1	-0.01014	-0.01157	0.67634	0.00293	1	0.05546	-0.01534	0.64936	0.00322	1	1.45898	0.81042	0	
1238237	8352.31934	3304322788365	0.61036	0.67436	8352.08496	0.23438	10955	1	0.62805	0.68091	1	0.58235	0.68043	1	0.60520	0.68067	1	0.46131	0.54934	14.05047	1.02780	1	0.72459	0.57163	14.42608	1.02780	1	-0.00999	-0.01150	0.66962	0.00287	1	0.05643	-0.01566	0.66079	0.00318	1	1.45898	0.81042	0	
1238238	8352.32520	3304322851153	0.61040	0.67546	8352.08496	0.24023	10955	1	0.63480	0.67119	1	0.58924	0.75896	1	0.61202	0.71507	1	0.46131	0.54943	13.86095	1.01979	1	0.72501	0.57199	14.22470	1.01979	1	-0.00999	-0.01150	0.66962	0.00294	1	0.05643	-0.01566	0.66079	0.00315	1	1.45898	0.81042	0	
1238239	8352.33203	3304322917492	0.61014	0.67602	8352.08496	0.24707	10955	1	0.61664	0.66816	1	0.58395	0.72522	1	0.60030	0.69669	1	0.46143	0.54958	13.47846	1.01177	1	0.72536	0.57204	13.60971	1.01177	1	-0.00999	-0.01150	0.66962	0.00297	1	0.05643	-0.01566	0.66079	0.00322	1	1.45898	0.81042	0	
1238240	8352.33887	3304322987238	0.60987	0.67665	8352.08496	0.25391	10955	1	0.61687	0.67218	1	0.58279	0.72904	1	0.59983	0.70061	1	0.46147	0.54968	13.61802	1.00375	1	0.72525	0.57162	13.80159	1.00375	1	-0.00978	-0.01142	0.66199	0.00304	1	0.05601	-0.01554	0.65350	0.00320	1	1.45898	0.81042	0	
1238241	8352.34570	3304323052160	0.60933	0.67705	8352.08496	0.26074	10955	1	0.62616	0.70804	1	0.54996	0.67700	1	0.58806	0.69252	1	0.46169	0.54956	13.35790	1.00375	1	0.72523	0.57139	13.75156	1.00375	1	-0.00978	-0.01142	0.66199	0.00301	1	0.05601	-0.01554	0.65350	0.00310	1	1.45898	0.81042	0	
1238242	8352.35254	3304323119812	0.60899	0.67658	8352.08496	0.26758	10955	1	0.62632	0.64084	1	0.56466	0.67448	1	0.59549	0.65766	1	0.46163	0.54957	13.58438	1.00375	1	0.72539	0.57154	13.91447	1.00375	1	-0.00978	-0.01142	0.66199	0.00299	1	0.05601	-0.01554	0.65350	0.00307	1	1.45898	0.81042	0	
1238243	8352.35938	3304323187330	0.60868	0.67603	8352.08496	0.27441	10955	1	0.62616	0.63657	1	0.56567	0.67023	1	0.59592	0.65340	1	0.46177	0.54912	12.99850	1.01177	1	0.72537	0.57198	13.86134	1.01177	1	-0.01005	-0.01179	0.68373	0.00324	1	0.05601	-0.01554	0.65350	0.00308	1	1.45898	0.81042	0	
1238244	8352.36621	3304323256130	0.60829	0.67593	8352.08496	0.28125	10955	1	0.62587	0.61460	1	0.55840	0.72956	1	0.59213	0.67208	1	0.46182	0.54921	13.00779	1.01979	1	0.72535	0.57204	13.82440	1.01979	1	-0.01005	-0.01179	0.68373	0.00328	1	0.05601	-0.01554	0.65350	0.00314	1	1.45898	0.81042	0	
1238245	8352.37305	3304323322718	0.60781	0.67557	8352.08496	0.28809	10955	1	0.63210	0.59647	1	0.54210	0.72330	1	0.58710	0.65989	1	0.46177	0.54930	13.09057	1.02780	1	0.72534	0.57204	13.95124	1.02780	1	-0.01005	-0.01179	0.68373	0.00328	1	0.05601	-0.01554	0.65350	0.00315	1	1.45898	0.81042	0	
1238246	8352.37988	3304323391124	0.60734	0.67526	8352.08496	0.29492	10955	1	0.63210	0.59647	1	0.54140	0.72649	1	0.58675	0.66148	1	0.46225	0.54910	12.79008	1.02780	1	0.72566	0.57214	14.05829	1.02099	1	-0.00966	-0.01150	0.66085	0.00323	1	0.05568	-0.01541	0.64805	0.00309	1	1.45898	0.81042	0	
1238247	8352.38672	3304323458305	0.60722	0.67584	8352.08496	0.30176	10955	1	0.63627	0.66836	1	0.56674	0.73601	1	0.60150	0.70218	1	0.46210	0.54956	13.35949	1.01298	1	0.72584	0.57215	13.27936	1.00617	1	-0.00966	-0.01150	0.66085	0.00319	1	0.05568	-0.01541	0.64805	0.00306	1	1.45898	0.81042	0	
1238248	8352.39258	3304323525496	0.60691	0.67663	8352.08496	0.30762	10955	1	0.64089	0.68664	1	0.54490	0.73898	1	0.59290	0.71281	1	0.46209	0.54959	13.37401	0.99815	1	0.72593	0.57225	13.47611	0.99134	1	-0.00966	-0.01150	0.66085	0.00317	1	0.05568	-0.01541	0.64805	0.00306	1	1.45898	0.81042	0	
1238249	8352.39941	3304323592647	0.60662	0.67742	8352.08496	0.31445	10955	1	0.64094	0.68997	1	0.54490	0.73898	1	0.59292	0.71447	1	0.46230	0.54967	13.17809	0.99134	1	0.72627	0.57207	14.07140	0.99134	1	-0.00968	-0.01170	0.67222	0.00319	1	0.05710	-0.01589	0.66398	0.00296	1	1.45898	0.81042	0	
1238250	8352.40625	3304323660326	0.60660	0.67804	8352.08496	0.32129	10955	1	0.63755	0.63335	1	0.55800	0.68766	1	0.59778	0.66051	1	0.46250	0.54961	13.01590	0.99936	1	0.72614	0.57198	13.58130	1.00617	1	-0.00968	-0.01170	0.67222	0.00318	1	0.05710	-0.01589	0.66398	0.00301	1	1.45898	0.81042	0	
1238251	8352.41309	3304323726456	0.60681	0.67674	8352.08496	0.32812	10955	1	0.64614	0.62153	1	0.56645	0.68424	1	0.60629	0.65288	1	0.46260	0.54975	12.97458	1.01419	1	0.72623	0.57218	13.97987	1.02099	1	-0.00968	-0.01170	0.67222	0.00305	1	0.05710	-0.01589	0.66398	0.00295	1	1.45898	0.81042	0	
1238252	8352.41992	3304323792746	0.60702	0.67528	8352.08496	0.33496	10955	1	0.64611	0.61344	1	0.56832	0.67666	1	0.60722	0.64505	1	0.46251	0.54951	12.97459	1.02901	1	0.72620	0.57243	14.16307	1.03582	1	-0.00968	-0.01170	0.67222	0.00313	1	0.05710	-0.01594	0.66398	0.00312	1	1.45898	0.81042	0	
1238253	8352.42676	3304323861175	0.60701	0.67366	8352.08496	0.34180	10955	1	0.64257	0.56027	1	0.57509	0.70762	1	0.60883	0.63395	1	0.46270	0.54971	13.26854	1.03582	1	0.72630	0.57254	14.05330	1.03582	1	-0.00968	-0.01170	0.67222	0.00305	1	0.05710	-0.01594	0.66398	0.00320	1	1.45898	0.81042	0	
1238254	8352.43262	3304323925583	0.60643	0.67216	8352.08496	0.34766	10955	1	0.61570	0.57293	1	0.57301	0.71036	1	0.59435	0.64164	1	0.46270	0.54971	13.26854	1.03582	1	0.72625	0.57261	14.08679	1.03582	1	-0.00968	-0.01170	0.67222	0.00305	1	0.05710	-0.01594	0.66398	0.00320	1	1.45898	0.81042	0	
1238255	8352.43945	3304323994086	0.60578	0.67106	8352.08496	0.35449	10955	1	0.61593	0.57759	1	0.57107	0.71746	1	0.59350	0.64753	1	0.46265	0.54976	13.09189	1.02780	1	0.72649	0.57272	13.83478	1.02099	1	-0.00951	-0.01156	0.66413	0.00305	1	0.05480	-0.01528	0.63668	0.00313	1	1.45898	0.81042	0	
1238256	8352.44629	3304324061351	0.60524	0.67109	8352.08496	0.36133	10955	1	0.63347	0.60163	1	0.56591	0.73730	1	0.59969	0.66947	1	0.46301	0.54998	13.32375	1.01298	1	0.72664	0.57277	13.63677	1.00617	1	-0.00951	-0.01156	0.66413	0.00296	1	0.05480	-0.01528	0.63668	0.00316	1	1.45898	0.81042	0	
1238257	8352.45312	3304324128487	0.60490	0.67179	8352.08496	0.36816	10955	1	0.63087	0.63791	1	0.55401	0.73384	1	0.59244	0.68588	1	0.46297	0.55004	12.33490	0.99815	1	0.72642	0.57257	13.03174	0.99134	1	-0.00951	-0.01156	0.66413	0.00295	1	0.05480	-0.01528	0.63668	0.00318	1	1.45898	0.81042	0	
1238258	8352.45996	3304324195571	0.60455	0.67261	8352.08496	0.37500	10955	1	0.63111	0.64589	1	0.55307	0.73765	1	0.59209	0.69177	1	0.46316	0.54978	12.56024	0.98333	1	0.72670	0.57259	13.51027	0.98333	1	-0.00951	-0.01156	0.66413	0.00293	1	0.05732	-0.01594	0.66417	0.00314	1	1.45898	0.81042	0	
1238259	8352.46680	3304324262827	0.60456	0.67355	8352.08496	0.38184	10955	1	0.64664	0.63805	1	0.56896	0.75724	1	0.60780	0.69764	1	0.46328	0.54983	12.90302	0.98333	1	0.72673	0.57278	13.63419	0.99014	1	-0.00951	-0.01156	0.66413	0.00293	1	0.05732	-0.01594	0.66417	0.00318	1	1.45898	0.81042	0	
1238260	8352.47363	3304324330077	0.60414	0.67539	8352.08496	0.38867	10955	1	0.64364	0.64817	1	0.55320	0.73953	1	0.59842	0.69385	1	0.46303	0.54993	13.04511	0.99014	1	0.72678	0.57274	13.76700	0.99694	1	-0.00951	-0.01156	0.66413	0.00299	1	0.05732	-0.01594	0.66417	0.00318	1	1.45898	0.81042	0	
1238261	8352.48047	3304324395693	0.60374	0.67706	8352.08496	0.39551	10955	1	0.64364	0.64834	1	0.55316	0.73968	1	0.59840	0.69401	1	0.46317	0.55020	13.26470	0.98982	1	0.72700	0.57246	13.20401	0.99663	1	-0.00910	-0.01112	0.63888	0.00289	1	0.05732	-0.01594	0.66417	0.00302	1	1.45898	0.81042	0	
1238262	8352.48633	3304324462974	0.60347	0.67699	8352.08496	0.40137	10955	1	0.64975	0.66220	1	0.55569	0.70073	1	0.60272	0.68146	1	0.46316	0.55024	13.18131	0.98950	1	0.72696	0.57269	13.34542	0.98950	1	-0.00910	-0.01112	0.63888	0.00286	1	0.05732	-0.01594	0.66417	0.00308	1	1.45898	0.81042	0	
1238263	8352.49316	3304324529722	0.60324	0.67719	8352.08496	0.40820	10955	1	0.64675	0.66835	1	0.56145	0.71133	1	0.60410	0.68984	1	0.46317	0.55024	13.22665	0.98237	1	0.72694	0.57269	13.37739	0.98237	1	-0.00910	-0.01112	0.63888	0.00287	1	0.05732	-0.01594	0.66417	0.00309	1	1.45898	0.81042	0	
1238264	8352.50000	3304324597024	0.60302	0.67735	8352.08496	0.41504	10955	1	0.64676	0.67202	1	0.56055	0.71492	1	0.60366	0.69347	1	0.46324	0.55022	12.97851	0.97525	1	0.72695	0.57264	13.36295	0.97525	1	-0.00910	-0.01121	0.63888	0.00295	1	0.05732	-0.01599	0.66417	0.00309	1	1.45898	0.81042	0	
1238265	8352.50684	3304324664040	0.60286	0.67715	8352.08496	0.42188	10955	1	0.64324	0.67386	1	0.56177	0.69527	1	0.60251	0.68456	1	0.46318	0.55038	13.09623	0.97525	1	0.72697	0.57265	13.41251	0.97525	1	-0.00910	-0.01121	0.63888	0.00284	1	0.05732	-0.01599	0.66417	0.00308	1	1.45898	0.81042	0	
1238266	8352.51270	3304324726946	0.60273	0.67788	8352.08496	0.42773	10955	1	0.63949	0.69724	1	0.55934	0.69876	1	0.59942	0.69800	1	0.46324	0.55022	12.97851	0.97525	1	0.72690	0.57262	13.28505	0.97525	1	-0.00910	-0.01121	0.63888	0.00295	1	0.05732	-0.01599	0.66417	0.00310	1	1.45898	0.81042	0	
1238267	8352.52051	3304324795383	0.60260	0.67862	8352.08496	0.43555	10955	1	0.63944	0.69374	1	0.56023	0.69505	1	0.59983	0.69440	1	0.46321	0.55019	12.89781	0.98237	1	0.72693	0.57279	13.44407	0.98237	1	-0.00935	-0.01158	0.66008	0.00297	1	0.05732	-0.01599	0.66417	0.00309	1	1.45898	0.81042	0	
1238268	8352.52734	3304324864713	0.60211	0.67882	8352.08496	0.44238	10955	1	0.64389	0.68315	1	0.56442	0.72938	1	0.60415	0.70626	1	0.46317	0.55062	12.74764	0.98950	1	0.72699	0.57299	13.52313	0.98950	1	-0.00935	-0.01158	0.66008	0.00303	1	0.05732	-0.01599	0.66417	0.00309	1	1.45898	0.81042	0	
1238269	8352.53320	3304324931782	0.60105	0.67842	8352.08496	0.44824	10955	1	0.63105	0.63295	1	0.54291	0.72859	1	0.58698	0.68077	1	0.46323	0.55039	12.88402	0.99663	1	0.72660	0.57299	13.80778	0.99663	1	-0.00935	-0.01158	0.66008	0.00317	1	0.05732	-0.01599	0.66417	0.00319	1	1.45898	0.81042	0	
1238270	8352.54004	3304324997904	0.59997	0.67802	8352.08496	0.45508	10955	1	0.63094	0.62907	1	0.54367	0.72518	1	0.58731	0.67713	1	0.46324	0.55069	12.96982	1.00375	1	0.72665	0.57299	14.02763	1.00375	1	-0.00934	-0.01162	0.65927	0.00304	1	0.05732	-0.01599	0.66417	0.00315	1	1.45898	0.81042	0	
1238271	8352.54688	3304325065959	0.59925	0.67919	8352.08496	0.46191	10955	1	0.62820	0.65118	1	0.54509	0.70877	1	0.58665	0.67998	1	0.46315	0.55072	12.78817	1.00375	1	0.72667	0.57292	14.19497	1.00375	1	-0.00934	-0.01162	0.65927	0.00298	1	0.05732	-0.01599	0.66417	0.00309	1	1.45898	0.81042	0	
1238272	8352.55371	3304325132625	0.59900	0.68066	8352.08496	0.46875	10955	1	0.65092	0.69645	1	0.54988	0.73933	1	0.60040	0.71789	1	0.46329	0.55079	12.53841	1.00375	1	0.72671	0.57312	14.43156	1.00375	1	-0.00934	-0.01162	0.65927	0.00299	1	0.05732	-0.01599	0.66417	0.00308	1	1.45898	0.81042	0	
1238273	8352.56055	3304325199360	0.59876	0.68200	8352.08496	0.47559	10955	1	0.65095	0.69263	1	0.55078	0.73561	1	0.60087	0.71412	1	0.46310	0.55079	12.58199	1.01177	1	0.72686	0.57329	14.25265	1.01177	1	-0.00966	-0.01213	0.68559	0.00298	1	0.05732	-0.01599	0.66417	0.00307	1	1.45898	0.81042	0	
1238274	8352.56738	3304325265368	0.59823	0.68162	8352.08496	0.48242	10955	1	0.62147	0.65580	1	0.55218	0.73971	1	0.58683	0.69776	1	0.46311	0.55072	12.55103	1.01979	1	0.72679	0.57313	14.04931	1.01979	1	-0.00966	-0.01213	0.68559	0.00300	1	0.05732	-0.01599	0.66417	0.00306	1	1.45898	0.81042	0	
1238275	8352.57422	3304325334836	0.59786	0.68173	8352.08496	0.48926	10955	1	0.63483	0.67955	1	0.55268	0.71375	1	0.59375	0.69665	1	0.46331	0.55085	12.94316	1.02780	1	0.72679	0.57311	14.50051	1.02780	1	-0.00966	-0.01213	0.68559	0.00296	1	0.05732	-0.01599	0.66417	0.00299	1	1.45898	0.81042	0	
1238276	8352.58105	3304325401108	0.59750	0.68175	8352.08496	0.49609	10955	1	0.63474	0.67568	1	0.55281	0.71317	1	0.59378	0.69442	1	0.46330	0.55088	12.98088	1.03582	1	0.72714	0.57324	13.80596	1.02901	1	-0.00966	-0.01213	0.68559	0.00295	1	0.05632	-0.01570	0.65205	0.00297	1	1.45898	0.81042	0	
1238277	8352.58691	3304325467672	0.59768	0.68214	8352.08496	0.50195	10955	1	0.63525	0.65446	1	0.57060	0.71861	1	0.60292	0.68653	1	0.46343	0.55099	12.15260	1.02901	1	0.72737	0.57318	13.39367	1.02220	1	-0.00966	-0.01213	0.68559	0.00294	1	0.05632	-0.01570	0.65205	0.00300	1	1.45898	0.81042	0	
1238278	8352.59375	3304325533446	0.59788	0.68294	8352.08496	0.50879	10955	1	0.63654	0.68273	1	0.57448	0.72360	1	0.60551	0.70317	1	0.46357	0.55105	12.49962	1.02220	1	0.72745	0.57309	12.98420	1.01539	1	-0.00966	-0.01213	0.68559	0.00301	1	0.05632	-0.01570	0.65205	0.00315	1	1.45898	0.81042	0	
1238279	8352.60059	3304325601849	0.59807	0.68376	8352.08496	0.51562	10955	1	0.63669	0.68987	1	0.57340	0.72741	1	0.60505	0.70864	1	0.46365	0.55106	12.47271	1.00738	1	0.72742	0.57306	12.65373	1.00738	1	-0.00929	-0.01173	0.66270	0.00295	1	0.05610	-0.01560	0.64784	0.00322	1	1.45898	0.81042	0	
1238280	8352.60742	3304325669195	0.59741	0.68400	8352.08496	0.52246	10955	1	0.62070	0.68584	1	0.53964	0.73288	1	0.58017	0.70936	1	0.46368	0.55102	12.49687	0.99936	1	0.72739	0.57303	12.74061	1.00617	1	-0.00929	-0.01173	0.66270	0.00295	1	0.05610	-0.01560	0.64784	0.00319	1	1.45898	0.81042	0	
1238281	8352.61426	3304325735500	0.59757	0.68492	8352.08496	0.52930	10955	1	0.64023	0.68093	1	0.55305	0.73672	1	0.59664	0.70882	1	0.46388	0.55098	12.03622	0.99815	1	0.72748	0.57302	13.33416	1.00496	1	-0.00929	-0.01173	0.66270	0.00301	1	0.05610	-0.01560	0.64784	0.00304	1	1.45898	0.81042	0	
1238282	8352.62109	3304325802341	0.59772	0.68601	8352.08496	0.53613	10955	1	0.64028	0.68505	1	0.55209	0.74061	1	0.59619	0.71283	1	0.46384	0.55081	12.22844	0.98982	1	0.72778	0.57287	13.02767	0.99663	1	-0.00901	-0.01144	0.64609	0.00303	1	0.05610	-0.01560	0.64784	0.00302	1	1.45898	0.81042	0	
1238283	8352.62793	3304325869625	0.59762	0.68667	8352.08496	0.54297	10955	1	0.62001	0.67060	1	0.56850	0.74907	1	0.59425	0.70984	1	0.46374	0.55072	11.95338	0.98950	1	0.72786	0.57307	13.17262	0.98950	1	-0.00901	-0.01144	0.64609	0.00300	1	0.05610	-0.01560	0.64784	0.00301	1	1.45898	0.81042	0	
1238284	8352.63379	3304325936456	0.59749	0.68721	8352.08496	0.54883	10955	1	0.63426	0.66949	1	0.56394	0.74369	1	0.59910	0.70659	1	0.46389	0.55064	12.66862	0.98237	1	0.72783	0.57297	13.11554	0.98237	1	-0.00901	-0.01144	0.64609	0.00300	1	0.05610	-0.01560	0.64784	0.00312	1	1.45898	0.81042	0	
1238285	8352.64062	3304326003544	0.59738	0.68767	8352.08496	0.55566	10955	1	0.63416	0.66536	1	0.56498	0.73992	1	0.59957	0.70264	1	0.46401	0.55061	12.85460	0.99039	1	0.72782	0.57359	13.60986	0.99039	1	-0.00954	-0.01218	0.69111	0.00283	1	0.05610	-0.01560	0.64784	0.00304	1	1.45898	0.81042	0	
1238286	8352.64746	3304326067535	0.59681	0.68750	8352.08496	0.56250	10955	1	0.62307	0.65396	1	0.54619	0.75980	1	0.58463	0.70688	1	0.46419	0.55059	12.45745	1.00553	1	0.72782	0.57349	13.86270	1.00553	1	-0.00954	-0.01218	0.69111	0.00286	1	0.05610	-0.01560	0.64784	0.00305	1	1.45898	0.81042	0	
1238287	8352.65332	3304326132507	0.59671	0.68782	8352.08496	0.56836	10955	1	0.63481	0.66633	1	0.55615	0.75771	1	0.59548	0.71202	1	0.46427	0.55069	12.24972	1.02068	1	0.72799	0.57339	13.50550	1.02068	1	-0.00954	-0.01218	0.69111	0.00285	1	0.05610	-0.01560	0.64784	0.00301	1	1.45898	0.81042	0	
1238288	8352.66113	3304326204268	0.59664	0.68787	8352.08496	0.57617	10955	1	0.63463	0.65878	1	0.55881	0.74771	1	0.59672	0.70324	1	0.46435	0.55040	11.99789	1.03582	1	0.72818	0.57318	13.05985	1.04348	1	-0.00946	-0.01193	0.68562	0.00296	1	0.05905	-0.01637	0.68002	0.00301	1	1.45898	0.81042	0	
1238289	8352.66699	3304326268384	0.59709	0.68789	8352.08496	0.58203	10955	1	0.64345	0.66261	1	0.57542	0.72392	1	0.60943	0.69327	1	0.46438	0.55032	12.47135	1.04348	1	0.72830	0.57328	13.11177	1.05114	1	-0.00946	-0.01193	0.68562	0.00293	1	0.05905	-0.01637	0.68002	0.00308	1	1.45898	0.81042	0	
1238290	8352.67383	3304326336320	0.59702	0.68855	8352.08496	0.58887	10955	1	0.62249	0.64788	1	0.56250	0.73048	1	0.59249	0.68918	1	0.46453	0.55057	12.26711	1.05114	1	0.72830	0.57333	13.22497	1.05880	1	-0.00946	-0.01193	0.68562	0.00285	1	0.05905	-0.01637	0.68002	0.00303	1	1.45898	0.81042	0	
1238291	8352.68066	3304326403767	0.59694	0.68933	8352.08496	0.59570	10955	1	0.62250	0.64806	1	0.56155	0.73407	1	0.59203	0.69107	1	0.46462	0.55023	12.30575	1.05078	1	0.72849	0.57260	12.55504	1.05078	1	-0.00901	-0.01143	0.65663	0.00294	1	0.05738	-0.01590	0.66033	0.00320	1	1.45898	0.81042	0	
1238292	8352.68750	3304326469466	0.59661	0.68861	8352.08496	0.60254	10955	1	0.60639	0.59144	1	0.54648	0.68320	1	0.57644	0.63732	1	0.46419	0.55006	11.93504	1.04276	1	0.72818	0.57273	12.41035	1.03511	1	-0.00901	-0.01143	0.65663	0.00311	1	0.05738	-0.01590	0.66033	0.00310	1	1.45898	0.81042	0	
1238293	8352.69434	3304326536832	0.59651	0.68877	8352.08496	0.60938	10955	1	0.60754	0.64509	1	0.55694	0.69036	1	0.58224	0.66773	1	0.46425	0.55017	11.99106	1.02709	1	0.72831	0.57269	12.38760	1.01943	1	-0.00901	-0.01143	0.65663	0.00307	1	0.05738	-0.01590	0.66033	0.00317	1	1.45898	0.81042	0	
1238294	8352.70117	3304326602772	0.59641	0.68907	8352.08496	0.61621	10955	1	0.60811	0.65320	1	0.55511	0.69829	1	0.58161	0.67574	1	0.46445	0.54999	11.76360	1.01141	1	0.72842	0.57274	13.18702	1.00375	1	-0.00897	-0.01151	0.66131	0.00304	1	0.05738	-0.01590	0.66033	0.00307	1	1.45898	0.81042	0	
1238295	8352.70703	3304326669836	0.59632	0.68868	8352.08496	0.62207	10955	1	0.63648	0.63757	1	0.55798	0.72978	1	0.59723	0.68367	1	0.46470	0.54986	12.34388	1.00375	1	0.72838	0.57303	13.40233	1.00375	1	-0.00897	-0.01151	0.66131	0.00308	1	0.05738	-0.01590	0.66033	0.00303	1	1.45898	0.81042	0	
1238296	8352.71387	3304326738288	0.59614	0.68864	8352.08496	0.62891	10955	1	0.60705	0.69944	1	0.56159	0.72227	1	0.58432	0.71085	1	0.46451	0.55020	12.06937	1.00375	1	0.72842	0.57304	13.53135	1.00375	1	-0.00897	-0.01151	0.66131	0.00283	1	0.05738	-0.01590	0.66033	0.00304	1	1.45898	0.81042	0	
1238297	8352.72070	3304326802612	0.59597	0.68849	8352.08496	0.63574	10955	1	0.60675	0.69563	1	0.56258	0.71841	1	0.58466	0.70702	1	0.46509	0.55006	12.17431	1.01177	1	0.72855	0.57320	13.37460	1.01177	1	-0.00937	-0.01203	0.69437	0.00295	1	0.05677	-0.01560	0.65218	0.00308	1	1.45898	0.81042	0	
1238298	8352.72754	3304326867258	0.59543	0.68866	8352.08496	0.64258	10955	1	0.61333	0.54753	1	0.53032	0.79024	1	0.57182	0.66889	1	0.46517	0.54886	11.94774	1.01979	1	0.72872	0.57281	13.10857	1.01979	1	-0.00937	-0.01203	0.69437	0.00293	1	0.05677	-0.01560	0.65218	0.00314	1	1.45898	0.81042	0	
1238299	8352.73438	3304326936818	0.59499	0.68936	8352.08496	0.64941	10955	1	0.63193	0.58310	1	0.53877	0.79016	1	0.58535	0.68663	1	0.46543	0.54921	12.18250	1.02780	1	0.72886	0.57301	12.80816	1.02780	1	-0.00937	-0.01203	0.69437	0.00299	1	0.05677	-0.01560	0.65218	0.00305	1	1.45898	0.81042	0	
1238300	8352.74121	3304327003384	0.59453	0.69023	8352.08496	0.65625	10955	1	0.63193	0.58310	1	0.53877	0.79016	1	0.58535	0.68663	1	0.46543	0.54923	12.44425	1.02780	1	0.72898	0.57202	13.11512	1.02780	1	-0.00914	-0.01183	0.68862	0.00291	1	0.05682	-0.01559	0.65157	0.00318	1	1.45898	0.81042	0	AUDIO_FILE_OFFSET
1238301	8352.74805	3304327071585	0.59459	0.69114	8352.08496	0.66309	10955	1	0.64584	0.61063	1	0.57734	0.74502	1	0.61159	0.67782	1	0.46564	0.54928	12.90901	1.01979	1	0.72946	0.57227	13.71416	1.01979	1	-0.00914	-0.01183	0.68862	0.00290	1	0.05682	-0.01559	0.65157	0.00306	1	1.45898	0.81042	0	
1238302	8352.75488	3304327144056	0.59489	0.69187	8352.08496	0.66992	10955	1	0.64891	0.63292	1	0.56828	0.71987	1	0.60859	0.67640	1	0.46550	0.54930	12.71951	1.01177	1	0.72935	0.57200	13.20542	1.01177	1	-0.00914	-0.01183	0.68862	0.00294	1	0.05682	-0.01559	0.65157	0.00324	1	1.45898	0.81042	0	
1238303	8352.76172	3304327209558	0.59520	0.69247	8352.08496	0.67676	10955	1	0.64891	0.63292	1	0.56828	0.71987	1	0.60859	0.67640	1	0.46581	0.54859	11.85762	1.01177	1	0.72879	0.57269	13.19935	1.01177	1	-0.00911	-0.01186	0.69027	0.00315	1	0.05720	-0.01574	0.65597	0.00320	1	1.45898	0.81042	0	
1238304	8352.76758	3304327272291	0.59554	0.69231	8352.08496	0.68262	10955	1	0.65961	0.58895	1	0.57258	0.73437	1	0.61609	0.66166	1	0.46590	0.54893	12.30866	1.01979	1	0.72933	0.57278	13.76115	1.01979	1	-0.00911	-0.01186	0.69027	0.00308	1	0.05720	-0.01574	0.65597	0.00327	1	1.45898	0.81042	0	STOP_TRIAL
1238605	8354.78418	3304347438056	0.57484	0.69663	8354.62988	0.14062	10963	0	0.61559	0.62585	0	0.55299	0.74333	0	0.55299	0.74333	0	0.45980	0.55147	10.22340	1.00589	0	0.45911	0.55409	8.85797	1.00589	0	-0.00979	-0.01146	0.63379	0.00288	1	-0.01055	-0.01198	0.67658	0.00214	1	1.45898	0.81042	0	START_TRIAL
1238606	8354.79102	3304347504367	0.57484	0.69663	8354.62988	0.14062	10963	0	0.61559	0.62585	0	0.55299	0.74333	0	0.55299	0.74333	0	0.45980	0.55147	10.22340	1.00589	0	0.45911	0.55409	8.85797	1.00589	0	-0.00979	-0.01146	0.63379	0.00288	1	-0.01055	-0.01198	0.67658	0.00214	1	1.45898	0.81042	0	
1238607	8354.79785	3304347571626	0.00000	0.00000	8354.62988	0.14062	10963	0	0.61559	0.62585	0	0.55299	0.74333	0	0.55299	0.74333	0	0.45980	0.55147	10.22340	1.00589	0	0.45911	0.55409	8.85797	1.00589	0	-0.00979	-0.01146	0.63379	0.00288	1	-0.01055	-0.01198	0.67658	0.00214	1	1.45898	0.81042	0	
1238608	8354.80469	3304347638735	0.00000	0.00000	8354.62988	0.14062	10963	0	0.61559	0.62585	0	0.55299	0.74333	0	0.55299	0.74333	0	0.45980	0.55147	10.22340	1.00589	0	0.45911	0.55409	8.85797	1.00589	0	-0.00979	-0.01146	0.63379	0.00288	1	-0.01055	-0.01198	0.67658	0.00214	1	1.45898	0.81042	0	
1238609	8354.81152	3304347706204	0.00000	0.00000	8354.62988	0.14062	10963	0	0.61559	0.62585	0	0.55299	0.74333	0	0.55299	0.74333	0	0.45980	0.55147	10.22340	1.00589	0	0.45911	0.55409	8.85797	1.00589	0	-0.00979	-0.01146	0.63379	0.00288	1	-0.01055	-0.01198	0.67658	0.00214	1	1.45898	0.81042	0	
1238610	8354.81738	3304347773070	0.00000	0.00000	8354.62988	0.14062	10963	0	0.61559	0.62585	0	0.55299	0.74333	0	0.55299	0.74333	0	0.45980	0.55147	10.22340	1.00589	0	0.45911	0.55409	8.85797	1.00589	0	-0.00979	-0.01146	0.63379	0.00288	1	-0.01055	-0.01198	0.67658	0.00214	1	1.45898	0.81042	0	
1238611	8354.82422	3304347840344	0.00000	0.00000	8354.62988	0.14062	10963	0	0.61559	0.62585	0	0.55299	0.74333	0	0.55299	0.74333	0	0.45980	0.55147	10.22340	1.00589	0	0.45911	0.55409	8.85797	1.00589	0	-0.00979	-0.01146	0.63379	0.00288	1	-0.01055	-0.01198	0.67658	0.00214	1	1.45898	0.81042	0	
1238612	8354.83105	3304347907116	0.00000	0.00000	8354.62988	0.14062	10963	0	0.61559	0.62585	0	0.55299	0.74333	0	0.55299	0.74333	0	0.45980	0.55147	10.22340	1.00589	0	0.45911	0.55409	8.85797	1.00589	0	-0.00979	-0.01146	0.63379	0.00288	1	-0.01055	-0.01198	0.67658	0.00214	1	1.45898	0.81042	0	
1238613	8354.83789	3304347973468	0.00000	0.00000	8354.62988	0.14062	10963	0	0.61559	0.62585	0	0.55299	0.74333	0	0.55299	0.74333	0	0.45980	0.55147	10.22340	1.00589	0	0.45911	0.55409	8.85797	1.00589	0	-0.00979	-0.01146	0.63379	0.00288	1	-0.01055	-0.01198	0.67658	0.00214	1	1.45898	0.81042	0	
1238614	8354.84473	3304348041320	0.00000	0.00000	8354.62988	0.14062	10963	0	0.61559	0.62585	0	0.55299	0.74333	0	0.55299	0.74333	0	0.45980	0.55147	10.22340	1.00589	0	0.45911	0.55409	8.85797	1.00589	0	-0.00979	-0.01146	0.63379	0.00288	1	-0.01055	-0.01198	0.67658	0.00214	1	1.45898	0.81042	0	
1238615	8354.85156	3304348107552	0.00000	0.00000	8354.62988	0.14062	10963	0	0.61559	0.62585	0	0.55299	0.74333	0	0.55299	0.74333	0	0.45980	0.55147	10.22340	1.00589	0	0.45911	0.55409	8.85797	1.00589	0	-0.00979	-0.01146	0.63379	0.00288	1	-0.01055	-0.01198	0.67658	0.00214	1	1.45898	0.81042	0	
1238616	8354.85742	3304348174151	0.00000	0.00000	8354.62988	0.14062	10963	0	0.61559	0.62585	0	0.55299	0.74333	0	0.55299	0.74333	0	0.45980	0.55147	10.22340	1.00589	0	0.45911	0.55409	8.85797	1.00589	0	-0.00979	-0.01146	0.63379	0.00288	1	-0.01055	-0.01198	0.67658	0.00214	1	1.45898	0.81042	0	
1238617	8354.86426	3304348242347	0.00000	0.00000	8354.62988	0.14062	10963	0	0.61559	0.62585	0	0.55299	0.74333	0	0.55299	0.74333	0	0.45980	0.55147	10.22340	1.00589	0	0.45911	0.55409	8.85797	1.00589	0	-0.00979	-0.01146	0.63379	0.00288	1	-0.01055	-0.01198	0.67658	0.00214	1	1.45898	0.81042	0	
1238618	8354.87109	3304348308238	0.00000	0.00000	8354.62988	0.14062	10963	0	0.61559	0.62585	0	0.55299	0.74333	0	0.55299	0.74333	0	0.45980	0.55147	10.22340	1.00589	0	0.45911	0.55409	8.85797	1.00589	0	-0.00979	-0.01146	0.63379	0.00288	1	-0.01055	-0.01198	0.67658	0.00214	1	1.45898	0.81042	0	
1238619	8354.87793	3304348375497	0.00000	0.00000	8354.62988	0.14062	10963	0	0.61559	0.62585	0	0.55299	0.74333	0	0.55299	0.74333	0	0.45980	0.55147	10.22340	1.00589	0	0.45911	0.55409	8.85797	1.00589	0	-0.00979	-0.01146	0.63379	0.00288	1	-0.01055	-0.01198	0.67658	0.00214	1	1.45898	0.81042	0	
1238620	8354.88477	3304348442236	0.00000	0.00000	8354.62988	0.14062	10963	0	0.61559	0.62585	0	0.55299	0.74333	0	0.55299	0.74333	0	0.45980	0.55147	10.22340	1.00589	0	0.45911	0.55409	8.85797	1.00589	0	-0.00979	-0.01146	0.63379	0.00288	1	-0.01055	-0.01198	0.67658	0.00214	1	1.45898	0.81042	0	
1238621	8354.89160	3304348509540	0.00000	0.00000	8354.62988	0.14062	10963	0	0.61559	0.62585	0	0.55299	0.74333	0	0.55299	0.74333	0	0.45980	0.55147	10.22340	1.00589	0	0.45911	0.55409	8.85797	1.00589	0	-0.00979	-0.01146	0.63379	0.00288	1	-0.01055	-0.01198	0.67658	0.00214	1	1.45898	0.81042	0	
1238622	8354.89844	3304348576710	0.00000	0.00000	8354.62988	0.14062	10963	0	0.61559	0.62585	0	0.55299	0.74333	0	0.55299	0.74333	0	0.45980	0.55147	10.22340	1.00589	0	0.45911	0.55409	8.85797	1.00589	0	-0.00979	-0.01146	0.63379	0.00288	1	-0.01055	-0.01198	0.67658	0.00214	1	1.45898	0.81042	0	
1238623	8354.90527	3304348643875	0.00000	0.00000	8354.62988	0.14062	10963	0	0.61559	0.62585	0	0.55299	0.74333	0	0.55299	0.74333	0	0.45980	0.55147	10.22340	1.00589	0	0.45911	0.55409	8.85797	1.00589	0	-0.00979	-0.01146	0.63379	0.00288	1	-0.01055	-0.01198	0.67658	0.00214	1	1.45898	0.81042	0	
1238624	8354.91113	3304348710488	0.00000	0.00000	8354.62988	0.14062	10963	0	0.61559	0.62585	0	0.55299	0.74333	0	0.55299	0.74333	0	0.45980	0.55147	10.22340	1.00589	0	0.45911	0.55409	8.85797	1.00589	0	-0.00979	-0.01146	0.63379	0.00288	1	-0.01055	-0.01198	0.67658	0.00214	1	1.45898	0.81042	0	
1238625	8354.91797	3304348777968	0.00000	0.00000	8354.62988	0.14062	10963	0	0.61559	0.62585	0	0.55299	0.74333	0	0.55299	0.74333	0	0.45980	0.55147	10.22340	1.00589	0	0.45911	0.55409	8.85797	1.00589	0	-0.00979	-0.01146	0.63379	0.00288	1	-0.01055	-0.01198	0.67658	0.00214	1	1.45898	0.81042	0	
1238626	8354.92480	3304348844355	0.24610	0.20024	8354.62988	0.14062	10963	0	0.52388	0.35743	1	0.46053	0.44355	1	0.49221	0.40049	1	0.45613	0.54413	11.82476	1.00589	1	0.72004	0.56544	13.44513	1.00589	1	-0.00979	-0.01146	0.63379	0.00377	1	-0.01055	-0.01198	0.67658	0.00363	1	1.45898	0.81042	0	
1238627	8354.93164	3304348911754	0.32807	0.26404	8354.62988	0.14062	10963	0	0.52309	0.35160	1	0.46093	0.43166	1	0.49201	0.39163	1	0.45600	0.54426	11.62932	1.01301	1	0.71994	0.56484	12.58345	1.02169	1	-0.01066	-0.01086	0.65540	0.00373	1	0.05944	-0.01598	0.70334	0.00408	1	1.45898	0.81042	0	
1238628	8354.93848	3304348978299	0.48662	0.40228	8354.62988	0.14062	10963	0	0.51529	0.35572	1	0.43602	0.47373	1	0.47566	0.41473	1	0.45617	0.54460	11.94289	1.02882	1	0.71959	0.56609	13.51681	1.03750	1	-0.01066	-0.01086	0.65540	0.00354	1	0.05944	-0.01598	0.70334	0.00394	1	1.45898	0.81042	0	
1238629	8354.94531	3304349044837	0.48917	0.38814	8354.62988	0.14062	10963	0	0.51836	0.33546	1	0.46508	0.41254	1	0.49172	0.37400	1	0.45610	0.54421	11.83586	1.04463	1	0.72003	0.56538	13.17707	1.05331	1	-0.01066	-0.01086	0.65540	0.00374	1	0.05944	-0.01598	0.70334	0.00407	1	1.45898	0.81042	0	
1238630	8354.95215	3304349112269	0.48976	0.38041	8354.62988	0.14062	10963	0	0.51661	0.32267	1	0.46528	0.40721	1	0.49094	0.36494	1	0.45598	0.54434	11.98963	1.06043	1	0.72022	0.56495	12.68674	1.06043	1	-0.01066	-0.01086	0.65540	0.00369	1	0.05768	-0.01558	0.68321	0.00416	1	1.45898	0.81042	0	
1238631	8354.95801	3304349179670	0.48414	0.38426	8354.93848	0.01953	10964	1	0.49767	0.37960	1	0.43686	0.41203	1	0.46726	0.39582	1	0.45611	0.54421	12.08427	1.06043	1	0.72000	0.56554	12.96996	1.05175	1	-0.01066	-0.01086	0.65540	0.00395	1	0.05768	-0.01558	0.68321	0.00410	1	1.45898	0.81042	0	
1238632	8354.96484	3304349246175	0.48238	0.39091	8354.93848	0.02637	10964	1	0.50165	0.45289	1	0.44904	0.38216	1	0.47535	0.41753	1	0.45613	0.54485	11.92590	1.05175	1	0.72023	0.56519	12.57669	1.04307	1	-0.01066	-0.01086	0.65540	0.00380	1	0.05768	-0.01558	0.68321	0.00407	1	1.45898	0.81042	0	
1238633	8354.97168	3304349313133	0.48136	0.39729	8354.93848	0.03320	10964	1	0.50364	0.46383	1	0.44883	0.39455	1	0.47623	0.42919	1	0.45637	0.54521	12.27084	1.03594	1	0.72003	0.56552	12.84122	1.02726	1	-0.01039	-0.01063	0.64159	0.00378	1	0.05768	-0.01558	0.68321	0.00403	1	1.45898	0.81042	0	
1238634	8354.97852	3304349380308	0.47959	0.41058	8354.93848	0.04004	10964	1	0.50491	0.46819	1	0.43304	0.51237	1	0.46897	0.49028	1	0.45610	0.54499	11.82976	1.02014	1	0.71993	0.56603	13.09130	1.02014	1	-0.01039	-0.01063	0.64159	0.00382	1	0.05768	-0.01558	0.68321	0.00389	1	1.45898	0.81042	0	
1238635	8354.98535	3304349447432	0.48016	0.41661	8354.93848	0.04688	10964	1	0.52109	0.47623	1	0.44720	0.44145	1	0.48414	0.45884	1	0.45601	0.54503	11.99746	1.01301	1	0.72017	0.56535	12.98897	1.01301	1	-0.01039	-0.01063	0.64159	0.00372	1	0.05768	-0.01558	0.68321	0.00397	1	1.45898	0.81042	0	
1238636	8354.99219	3304349513970	0.48055	0.42066	8354.93848	0.05371	10964	1	0.52018	0.47067	1	0.44729	0.43545	1	0.48374	0.45306	1	0.45598	0.54516	11.99197	1.02103	1	0.72005	0.56554	12.85266	1.02103	1	-0.01107	-0.01133	0.68332	0.00368	1	0.05768	-0.01558	0.68321	0.00401	1	1.45898	0.81042	0	
1238637	8354.99902	3304349581112	0.48059	0.41865	8354.93848	0.06055	10964	1	0.51438	0.43094	1	0.44749	0.37016	1	0.48093	0.40055	1	0.45607	0.54485	11.97616	1.03617	1	0.72011	0.56492	12.92124	1.03617	1	-0.01107	-0.01133	0.68332	0.00359	1	0.05768	-0.01558	0.68321	0.00391	1	1.45898	0.81042	0	
1238638	8355.00488	3304349648239	0.48085	0.41560	8354.93848	0.06641	10964	1	0.52002	0.37028	1	0.44684	0.40006	1	0.48343	0.38517	1	0.45606	0.54456	11.98842	1.05131	1	0.72011	0.56529	12.80593	1.05131	1	-0.01107	-0.01133	0.68332	0.00353	1	0.05768	-0.01558	0.68321	0.00398	1	1.45898	0.81042	0	
1238639	8355.01172	3304349715545	0.48101	0.41183	8354.93848	0.07324	10964	1	0.51836	0.35861	1	0.44711	0.38195	1	0.48274	0.37028	1	0.45621	0.54452	12.31271	1.06646	1	0.72019	0.56533	13.02344	1.07514	1	-0.01107	-0.01133	0.68332	0.00350	1	0.05944	-0.01604	0.70334	0.00403	1	1.45898	0.81042	0	
1238640	8355.01855	3304349782057	0.48225	0.40834	8354.93848	0.08008	10964	1	0.52453	0.38162	1	0.46986	0.35143	1	0.49719	0.36652	1	0.45623	0.54484	12.29860	1.07514	1	0.72009	0.56518	12.81169	1.08382	1	-0.01107	-0.01133	0.68332	0.00365	1	0.05944	-0.01604	0.70334	0.00409	1	1.45898	0.81042	0	
1238641	8355.02539	3304349847893	0.48285	0.40534	8354.93848	0.08691	10964	1	0.51951	0.40144	1	0.46163	0.33128	1	0.49057	0.36636	1	0.45615	0.54533	12.26163	1.08382	1	0.72030	0.56501	12.70334	1.09250	1	-0.01107	-0.01133	0.68332	0.00367	1	0.05944	-0.01604	0.70334	0.00402	1	1.45898	0.81042	0	
1238642	8355.03223	3304349916157	0.48332	0.40274	8354.93848	0.09375	10964	1	0.51859	0.39520	1	0.46144	0.33737	1	0.49002	0.36629	1	0.45610	0.54509	12.32767	1.09250	1	0.72012	0.56527	12.90814	1.08484	1	-0.01107	-0.01133	0.68332	0.00371	1	0.05704	-0.01539	0.67505	0.00402	1	1.45898	0.81042	0	
1238643	8355.03906	3304349982929	0.48242	0.40176	8354.93848	0.10059	10964	1	0.49443	0.35446	1	0.44324	0.41970	1	0.46884	0.38708	1	0.45611	0.54483	12.35563	1.08484	1	0.72009	0.56588	13.38347	1.06850	1	-0.01107	-0.01133	0.68332	0.00360	1	0.05704	-0.01539	0.67505	0.00372	1	1.45898	0.81042	0	
1238644	8355.04590	3304350050837	0.48156	0.40306	8354.93848	0.10742	10964	1	0.49218	0.40402	1	0.44337	0.44368	1	0.46777	0.42385	1	0.45606	0.54502	12.04707	1.06850	1	0.72009	0.56581	13.41904	1.05216	1	-0.01107	-0.01133	0.68332	0.00371	1	0.05704	-0.01539	0.67505	0.00382	1	1.45898	0.81042	0	
1238645	8355.05176	3304350116998	0.48088	0.40504	8354.93848	0.11328	10964	1	0.49537	0.42174	1	0.44323	0.45567	1	0.46930	0.43870	1	0.45597	0.54507	12.19535	1.04414	1	0.71990	0.56576	13.21377	1.03546	1	-0.01066	-0.01086	0.65540	0.00372	1	0.05781	-0.01553	0.68345	0.00391	1	1.45898	0.81042	0	
1238646	8355.05859	3304350183399	0.48052	0.40430	8354.93848	0.12012	10964	1	0.50022	0.39702	1	0.44812	0.38498	1	0.47417	0.39100	1	0.45607	0.54430	12.16541	1.02745	1	0.72010	0.56519	13.06801	1.03511	1	-0.01066	-0.01086	0.65540	0.00376	1	0.05781	-0.01553	0.68345	0.00381	1	1.45898	0.81042	0	
1238647	8355.06543	3304350249255	0.48022	0.40582	8354.93848	0.12695	10964	1	0.49984	0.43124	1	0.44903	0.43805	1	0.47443	0.43465	1	0.45606	0.54464	12.32675	1.02709	1	0.72014	0.56563	13.53659	1.03475	1	-0.01066	-0.01086	0.65540	0.00351	1	0.05781	-0.01553	0.68345	0.00360	1	1.45898	0.81042	0	
1238648	8355.07227	3304350317438	0.47992	0.40692	8354.93848	0.13379	10964	1	0.49884	0.42565	1	0.44914	0.43242	1	0.47399	0.42903	1	0.45610	0.54455	12.26164	1.03475	1	0.72009	0.56560	13.42475	1.04241	1	-0.01107	-0.01133	0.68332	0.00368	1	0.05781	-0.01553	0.68345	0.00361	1	1.45898	0.81042	0	
1238649	8355.07910	3304350385014	0.47964	0.40548	8354.93848	0.14062	10964	1	0.49693	0.38016	1	0.45047	0.37026	1	0.47370	0.37521	1	0.45610	0.54464	12.67713	1.05042	1	0.72021	0.56500	12.92819	1.05042	1	-0.01107	-0.01133	0.68332	0.00361	1	0.05781	-0.01553	0.68345	0.00412	1	1.45898	0.81042	0	
1238650	8355.08594	3304350452009	0.47938	0.40513	8354.93848	0.14746	10964	1	0.49482	0.39233	1	0.45275	0.40228	1	0.47378	0.39730	1	0.45608	0.54453	12.57138	1.05844	1	0.72026	0.56560	13.02963	1.05844	1	-0.01107	-0.01133	0.68332	0.00359	1	0.05781	-0.01553	0.68345	0.00368	1	1.45898	0.81042	0	
1238651	8355.09277	3304350519074	0.47915	0.40492	8354.93848	0.15430	10964	1	0.49482	0.39233	1	0.45262	0.40805	1	0.47372	0.40019	1	0.45626	0.54475	12.40314	1.05844	1	0.72052	0.56574	12.75550	1.05078	1	-0.01067	-0.01092	0.66175	0.00372	1	0.05577	-0.01502	0.65885	0.00367	1	1.45898	0.81042	0	
1238652	8355.09863	3304350586087	0.47821	0.40404	8354.93848	0.16016	10964	1	0.46837	0.38680	1	0.44274	0.37915	1	0.45555	0.38297	1	0.45607	0.54478	12.01349	1.04276	1	0.72005	0.56512	13.03709	1.03511	1	-0.01067	-0.01092	0.66175	0.00392	1	0.05577	-0.01502	0.65885	0.00418	1	1.45898	0.81042	0	
1238653	8355.10547	3304350652775	0.47860	0.40329	8354.93848	0.16699	10964	1	0.51098	0.39451	1	0.46596	0.37427	1	0.48847	0.38439	1	0.45624	0.54463	12.36956	1.02709	1	0.72037	0.56467	12.47804	1.01943	1	-0.01067	-0.01092	0.66175	0.00378	1	0.05577	-0.01502	0.65885	0.00425	1	1.45898	0.81042	0	
1238654	8355.11230	3304350717645	0.47899	0.40304	8354.93848	0.17383	10964	1	0.51286	0.40650	1	0.46550	0.38698	1	0.48918	0.39674	1	0.45623	0.54472	12.48874	1.01141	1	0.72044	0.56566	12.24775	1.00375	1	-0.01062	-0.01092	0.65883	0.00379	1	0.05663	-0.01520	0.66900	0.00373	1	1.45898	0.81042	0	
1238655	8355.11914	3304350782315	0.47939	0.40253	8354.93848	0.18066	10964	1	0.50548	0.40963	1	0.47453	0.36755	1	0.49001	0.38859	1	0.45621	0.54421	12.31991	1.00375	1	0.72054	0.56455	12.32720	1.00375	1	-0.01062	-0.01092	0.65883	0.00389	1	0.05663	-0.01520	0.66900	0.00385	1	1.45898	0.81042	0	
1238656	8355.12598	3304350851224	0.47957	0.40141	8354.93848	0.18750	10964	1	0.50771	0.41194	1	0.46165	0.32802	1	0.48468	0.36998	1	0.45619	0.54413	12.28145	1.00375	1	0.72065	0.56426	12.25416	1.00375	1	-0.01062	-0.01092	0.65883	0.00388	1	0.05663	-0.01520	0.66900	0.00391	1	1.45898	0.81042	0	
1238657	8355.13281	3304350920882	0.47974	0.40036	8354.93848	0.19434	10964	1	0.50771	0.41194	1	0.46165	0.32802	1	0.48468	0.36998	1	0.45611	0.54442	12.09634	1.00375	1	0.72086	0.56518	13.01015	1.00375	1	-0.01062	-0.01092	0.65883	0.00383	1	0.05663	-0.01520	0.66900	0.00349	1	1.45898	0.81042	0	
1238658	8355.13867	3304350985336	0.48057	0.40081	8354.93848	0.20020	10964	1	0.51602	0.40728	1	0.49494	0.42113	1	0.50548	0.41421	1	0.45630	0.54424	12.56730	1.00375	1	0.72097	0.56513	13.00584	1.00375	1	-0.01062	-0.01092	0.65883	0.00385	1	0.05663	-0.01520	0.66900	0.00412	1	1.45898	0.81042	0	
1238659	8355.14551	3304351051005	0.48058	0.40121	8354.93848	0.20703	10964	1	0.50588	0.39931	1	0.45591	0.42793	1	0.48089	0.41362	1	0.45616	0.54395	12.17649	1.00375	1	0.72065	0.56523	13.09151	1.00375	1	-0.01062	-0.01092	0.65883	0.00395	1	0.05663	-0.01520	0.66900	0.00410	1	1.45898	0.81042	0	
1238660	8355.15234	3304351119262	0.48059	0.40158	8354.93848	0.21387	10964	1	0.50588	0.39931	1	0.45591	0.42793	1	0.48089	0.41362	1	0.45627	0.54371	11.89573	1.00375	1	0.72089	0.56499	12.98695	1.00375	1	-0.01067	-0.01092	0.66175	0.00396	1	0.05577	-0.01502	0.65885	0.00413	1	1.45898	0.81042	0	
1238661	8355.15918	3304351185724	0.48089	0.40342	8354.93848	0.22070	10964	1	0.52922	0.48065	1	0.45259	0.44764	1	0.49090	0.46415	1	0.45644	0.54485	12.46894	1.00375	1	0.72062	0.56559	13.38459	1.00375	1	-0.01067	-0.01092	0.66175	0.00387	1	0.05577	-0.01502	0.65885	0.00408	1	1.45898	0.81042	0	
1238662	8355.16602	3304351252465	0.48118	0.40280	8354.93848	0.22754	10964	1	0.48525	0.40665	1	0.49686	0.35687	1	0.49105	0.38176	1	0.45621	0.54392	11.87999	1.00375	1	0.72097	0.56493	12.72514	1.00375	1	-0.01067	-0.01092	0.66175	0.00409	1	0.05577	-0.01502	0.65885	0.00418	1	1.45898	0.81042	0	
1238663	8355.17285	3304351320615	0.48146	0.40213	8354.93848	0.23438	10964	1	0.48525	0.40665	1	0.49732	0.35041	1	0.49128	0.37853	1	0.45645	0.54400	11.33950	1.00375	1	0.72090	0.56482	12.92780	1.01141	1	-0.01062	-0.01092	0.65883	0.00411	1	0.05749	-0.01547	0.67849	0.00412	1	1.45898	0.81042	0	
1238664	8355.17969	3304351389621	0.48177	0.40246	8354.93848	0.24121	10964	1	0.49696	0.44178	1	0.48888	0.38709	1	0.49292	0.41443	1	0.45644	0.54467	12.50898	1.01141	1	0.72080	0.56486	12.77300	1.01907	1	-0.01062	-0.01092	0.65883	0.00375	1	0.05749	-0.01547	0.67849	0.00414	1	1.45898	0.81042	0	
1238665	8355.18652	3304351456649	0.48213	0.40258	8354.93848	0.24805	10964	1	0.52320	0.43739	1	0.46783	0.37655	1	0.49551	0.40697	1	0.45653	0.54460	11.48883	1.01907	1	0.72081	0.56487	12.75424	1.02673	1	-0.01062	-0.01092	0.65883	0.00389	1	0.05749	-0.01547	0.67849	0.00414	1	1.45898	0.81042	0	
1238666	8355.19238	3304351523638	0.48246	0.40238	8354.93848	0.25391	10964	1	0.52147	0.42597	1	0.46832	0.36396	1	0.49489	0.39497	1	0.45670	0.54420	11.78168	1.03475	1	0.72083	0.56475	12.49640	1.04241	1	-0.01101	-0.01137	0.68585	0.00393	1	0.05749	-0.01547	0.67849	0.00412	1	1.45898	0.81042	0	
1238667	8355.19922	3304351590168	0.48234	0.40138	8354.93848	0.26074	10964	1	0.48181	0.36457	1	0.47347	0.36002	1	0.47764	0.36230	1	0.45634	0.54411	12.62438	1.05042	1	0.72052	0.56498	12.09505	1.05042	1	-0.01101	-0.01137	0.68585	0.00398	1	0.05749	-0.01547	0.67849	0.00399	1	1.45898	0.81042	0	
1238668	8355.20605	3304351657566	0.48250	0.40024	8354.93848	0.26758	10964	1	0.50462	0.37806	1	0.47273	0.33074	1	0.48867	0.35440	1	0.45628	0.54422	12.54242	1.05844	1	0.72085	0.56468	12.43525	1.05844	1	-0.01101	-0.01137	0.68585	0.00396	1	0.05749	-0.01547	0.67849	0.00410	1	1.45898	0.81042	0	
1238669	8355.21289	3304351724587	0.48264	0.39915	8354.93848	0.27441	10964	1	0.50462	0.37806	1	0.47273	0.33074	1	0.48867	0.35440	1	0.45656	0.54467	12.02501	1.05844	1	0.72070	0.56532	13.07286	1.05844	1	-0.01062	-0.01092	0.65883	0.00381	1	0.05749	-0.01547	0.67849	0.00388	1	1.45898	0.81042	0	
1238670	8355.21973	3304351791295	0.48270	0.39928	8354.93848	0.28125	10964	1	0.49766	0.40492	1	0.47269	0.40469	1	0.48518	0.40480	1	0.45660	0.54456	11.75237	1.05042	1	0.72058	0.56539	12.98336	1.05042	1	-0.01062	-0.01092	0.65883	0.00384	1	0.05749	-0.01547	0.67849	0.00379	1	1.45898	0.81042	0	
1238671	8355.22656	3304351856504	0.48265	0.39860	8354.93848	0.28809	10964	1	0.49223	0.38127	1	0.46885	0.35808	1	0.48054	0.36967	1	0.45654	0.54466	11.51996	1.04241	1	0.72045	0.56498	12.11199	1.04241	1	-0.01062	-0.01092	0.65883	0.00387	1	0.05749	-0.01547	0.67849	0.00412	1	1.45898	0.81042	0	
1238672	8355.23340	3304351925611	0.48261	0.39817	8354.93848	0.29492	10964	1	0.49330	0.38742	1	0.46835	0.37076	1	0.48083	0.37909	1	0.45682	0.54475	12.28504	1.03439	1	0.72043	0.56552	12.31995	1.02673	1	-0.01062	-0.01092	0.65883	0.00373	1	0.05577	-0.01502	0.65885	0.00382	1	1.45898	0.81042	0	
1238673	8355.24023	3304351993168	0.48298	0.39820	8354.93848	0.30176	10964	1	0.51138	0.36163	1	0.48812	0.43770	1	0.49975	0.39966	1	0.45673	0.54436	11.69827	1.02673	1	0.72074	0.56556	12.93284	1.01907	1	-0.01062	-0.01092	0.65883	0.00383	1	0.05577	-0.01502	0.65885	0.00376	1	1.45898	0.81042	0	
1238674	8355.24609	3304352059322	0.48323	0.39844	8354.93848	0.30762	10964	1	0.51535	0.39549	1	0.47357	0.42293	1	0.49446	0.40921	1	0.45673	0.54475	12.31983	1.01907	1	0.72058	0.56522	12.08018	1.01141	1	-0.01062	-0.01092	0.65883	0.00375	1	0.05577	-0.01502	0.65885	0.00382	1	1.45898	0.81042	0	
1238675	8355.25293	3304352126329	0.48346	0.39866	8354.93848	0.31445	10964	1	0.51530	0.39521	1	0.47358	0.42265	1	0.49444	0.40893	1	0.45637	0.54471	11.56045	1.01943	1	0.72044	0.56545	12.20128	1.01177	1	-0.01101	-0.01137	0.68585	0.00371	1	0.05577	-0.01502	0.65885	0.00389	1	1.45898	0.81042	0	
1238676	8355.25977	3304352193466	0.48337	0.39837	8354.93848	0.32129	10964	1	0.49592	0.39970	1	0.46835	0.37771	1	0.48214	0.38870	1	0.45646	0.54460	11.48701	1.01979	1	0.72052	0.56535	12.18652	1.01979	1	-0.01101	-0.01137	0.68585	0.00389	1	0.05577	-0.01502	0.65885	0.00390	1	1.45898	0.81042	0	
1238677	8355.26660	3304352260618	0.48324	0.39826	8354.93848	0.32812	10964	1	0.49588	0.37032	1	0.47544	0.36695	1	0.48566	0.36864	1	0.45649	0.54442	11.54853	1.02780	1	0.72058	0.56522	12.08018	1.02780	1	-0.01101	-0.01137	0.68585	0.00376	1	0.05577	-0.01502	0.65885	0.00382	1	1.45898	0.81042	0	
1238678	8355.27344	3304352327693	0.48313	0.39834	8354.93848	0.33496	10964	1	0.49588	0.37032	1	0.47544	0.36695	1	0.48566	0.36864	1	0.45646	0.54370	11.24772	1.02780	1	0.72061	0.56490	12.06667	1.02780	1	-0.01067	-0.01092	0.66175	0.00395	1	0.05577	-0.01502	0.65885	0.00391	1	1.45898	0.81042	0	
1238679	8355.28027	3304352393931	0.48348	0.39810	8354.93848	0.34180	10964	1	0.49844	0.39154	1	0.46972	0.37693	1	0.48408	0.38423	1	0.45648	0.54462	11.52036	1.01979	1	0.72047	0.56482	11.92952	1.01979	1	-0.01067	-0.01092	0.66175	0.00391	1	0.05577	-0.01502	0.65885	0.00415	1	1.45898	0.81042	0	
1238680	8355.28711	3304352461952	0.48369	0.39914	8354.93848	0.34863	10964	1	0.51078	0.45924	1	0.46031	0.47634	1	0.48555	0.46779	1	0.45635	0.54484	11.48552	1.01177	1	0.72038	0.56534	12.49692	1.01177	1	-0.01067	-0.01092	0.66175	0.00390	1	0.05577	-0.01502	0.65885	0.00401	1	1.45898	0.81042	0	
1238681	8355.29297	3304352528201	0.48390	0.40007	8354.93848	0.35449	10964	1	0.51176	0.46496	1	0.46011	0.48208	1	0.48594	0.47352	1	0.45645	0.54454	11.45187	1.00375	1	0.72048	0.56527	11.98327	1.00375	1	-0.01062	-0.01092	0.65883	0.00392	1	0.05577	-0.01502	0.65885	0.00393	1	1.45898	0.81042	0	
1238682	8355.29980	3304352595655	0.48435	0.39923	8354.93848	0.36133	10964	1	0.52001	0.44224	1	0.46127	0.45791	1	0.49064	0.45008	1	0.45646	0.54460	11.48701	1.00375	1	0.72043	0.56514	11.95625	1.00375	1	-0.01062	-0.01092	0.65883	0.00389	1	0.05577	-0.01502	0.65885	0.00398	1	1.45898	0.81042	0	
1238683	8355.30664	3304352660392	0.48436	0.39876	8354.93848	0.36816	10964	1	0.50348	0.39529	1	0.46565	0.47763	1	0.48457	0.43646	1	0.45649	0.54409	11.13135	1.00375	1	0.72044	0.56538	11.99801	1.00375	1	-0.01062	-0.01092	0.65883	0.00402	1	0.05577	-0.01502	0.65885	0.00401	1	1.45898	0.81042	0	
1238684	8355.31348	3304352729066	0.48437	0.39842	8354.93848	0.37500	10964	1	0.50348	0.39529	1	0.46565	0.47763	1	0.48457	0.43646	1	0.45646	0.54463	11.27678	1.00375	1	0.72036	0.56534	12.06403	1.00375	1	-0.01067	-0.01092	0.66175	0.00419	1	0.05577	-0.01502	0.65885	0.00391	1	1.45898	0.81042	0	
1238685	8355.32031	3304352796290	0.48468	0.39937	8354.93848	0.38184	10964	1	0.52255	0.42373	1	0.46843	0.46863	1	0.49549	0.44618	1	0.45638	0.54438	11.15745	1.00375	1	0.72058	0.56532	12.39062	1.00375	1	-0.01067	-0.01092	0.66175	0.00388	1	0.05577	-0.01502	0.65885	0.00372	1	1.45898	0.81042	0	
1238686	8355.32617	3304352859188	0.48474	0.40058	8354.93848	0.38770	10964	1	0.51544	0.43300	1	0.45699	0.45334	1	0.48621	0.44317	1	0.45634	0.54446	10.94549	1.00375	1	0.72033	0.56558	12.67868	1.00375	1	-0.01067	-0.01092	0.66175	0.00394	1	0.05577	-0.01502	0.65885	0.00388	1	1.45898	0.81042	0	
1238687	8355.33301	3304352923414	0.48480	0.40202	8354.93848	0.39453	10964	1	0.51449	0.42703	1	0.45701	0.45244	1	0.48575	0.43973	1	0.45634	0.54439	10.96239	1.01177	1	0.72065	0.56548	12.20106	1.00496	1	-0.01101	-0.01137	0.68585	0.00387	1	0.04998	-0.01347	0.59095	0.00390	1	1.45898	0.81042	0	
1238688	8355.33984	3304352995483	0.48632	0.43017	8354.93848	0.39453	10964	0	0.49569	0.45104	1	0.46766	0.44320	1	0.48168	0.44712	1	0.45644	0.54474	11.34613	1.01298	1	0.72053	0.56544	12.27033	1.00617	1	-0.01101	-0.01137	0.68585	0.00382	1	0.04998	-0.01347	0.59095	0.00395	1	1.45898	0.81042	0	
1238689	8355.34668	3304353064546	0.48357	0.44484	8354.93848	0.39453	10964	0	0.50142	0.44378	1	0.46021	0.47523	1	0.48082	0.45951	1	0.45657	0.54464	11.55622	1.01419	1	0.72040	0.56531	12.15139	1.00738	1	-0.01101	-0.01137	0.68585	0.00382	1	0.04998	-0.01347	0.59095	0.00395	1	1.45898	0.81042	0	
1238690	8355.35352	3304353129866	0.48266	0.44862	8354.93848	0.39453	10964	0	0.50127	0.44291	1	0.46041	0.46946	1	0.48084	0.45618	1	0.45660	0.54450	11.04032	1.01540	1	0.72013	0.56567	12.52476	1.01540	1	-0.01101	-0.01137	0.68585	0.00388	1	0.05577	-0.01502	0.65885	0.00409	1	1.45898	0.81042	0	
1238691	8355.36035	3304353197292	0.48265	0.44934	8355.33984	0.02051	10965	1	0.49587	0.45680	1	0.46938	0.44622	1	0.48262	0.45151	1	0.45647	0.54482	11.28257	1.01540	1	0.72055	0.56515	12.03190	1.02220	1	-0.01101	-0.01137	0.68585	0.00369	1	0.05577	-0.01502	0.65885	0.00396	1	1.45898	0.81042	0	
1238692	8355.36719	3304353265128	0.48318	0.44734	8355.33984	0.02734	10965	1	0.49923	0.43211	1	0.47136	0.44659	1	0.48530	0.43935	1	0.45650	0.54444	10.98454	1.02220	1	0.72056	0.56537	12.26106	1.02901	1	-0.01101	-0.01137	0.68585	0.00388	1	0.05577	-0.01502	0.65885	0.00379	1	1.45898	0.81042	0	
1238693	8355.37305	3304353330185	0.48350	0.44471	8355.33984	0.03320	10965	1	0.49834	0.42712	1	0.47186	0.43597	1	0.48510	0.43155	1	0.45739	0.54483	11.65506	1.02901	1	0.72120	0.56477	12.03643	1.04348	1	-0.01072	-0.01117	0.67418	0.00372	1	0.05749	-0.01547	0.67849	0.00388	1	1.45898	0.81042	0	
1238694	8355.37988	3304353394720	0.48719	0.44249	8355.33984	0.04004	10965	1	0.54702	0.46379	1	0.47169	0.39455	1	0.50936	0.42917	1	0.45762	0.54515	11.57869	1.04348	1	0.72131	0.56528	12.05221	1.05114	1	-0.01072	-0.01117	0.67418	0.00356	1	0.05749	-0.01547	0.67849	0.00393	1	1.45898	0.81042	0	
1238695	8355.38672	3304353463273	0.48828	0.43375	8355.33984	0.04688	10965	1	0.51545	0.43736	1	0.47626	0.30784	1	0.49586	0.37260	1	0.45757	0.54487	11.54238	1.05114	1	0.72134	0.56461	11.74697	1.05880	1	-0.01072	-0.01117	0.67418	0.00380	1	0.05749	-0.01547	0.67849	0.00400	1	1.45898	0.81042	0	
1238696	8355.39355	3304353532851	0.48907	0.42666	8355.33984	0.05371	10965	1	0.51458	0.43194	1	0.47626	0.30784	1	0.49542	0.36989	1	0.45804	0.54449	11.44422	1.05880	1	0.72178	0.56577	12.68529	1.05880	1	-0.01071	-0.01123	0.68036	0.00366	1	0.05658	-0.01516	0.66715	0.00364	1	1.45898	0.81042	0	
1238697	8355.40039	3304353596524	0.49332	0.42571	8355.33984	0.06055	10965	1	0.54251	0.39382	1	0.52069	0.44045	1	0.53160	0.41714	1	0.45805	0.54441	11.70311	1.05880	1	0.72214	0.56575	12.24736	1.05114	1	-0.01071	-0.01123	0.68036	0.00382	1	0.05658	-0.01516	0.66715	0.00379	1	1.45898	0.81042	0	
1238698	8355.40723	3304353665058	0.49689	0.42716	8355.33984	0.06738	10965	1	0.54463	0.43671	1	0.52045	0.44662	1	0.53254	0.44167	1	0.45806	0.54473	11.72628	1.05114	1	0.72214	0.56568	12.04621	1.04348	1	-0.01071	-0.01123	0.68036	0.00356	1	0.05658	-0.01516	0.66715	0.00383	1	1.45898	0.81042	0	
1238699	8355.41406	3304353732799	0.49986	0.42882	8355.33984	0.07422	10965	1	0.54532	0.44212	1	0.51984	0.45219	1	0.53258	0.44716	1	0.45803	0.54484	11.72389	1.04348	1	0.72222	0.56594	12.27418	1.03582	1	-0.01079	-0.01136	0.68550	0.00360	1	0.05658	-0.01516	0.66715	0.00381	1	1.45898	0.81042	0	
1238700	8355.41992	3304353796867	0.50293	0.42881	8355.33984	0.08008	10965	1	0.56964	0.40212	1	0.50982	0.45515	1	0.53973	0.42864	1	0.45811	0.54481	11.81323	1.03582	1	0.72199	0.56538	12.00448	1.03582	1	-0.01079	-0.01136	0.68550	0.00358	1	0.05658	-0.01516	0.66715	0.00398	1	1.45898	0.81042	0	
1238701	8355.42773	3304353868124	0.50523	0.42847	8355.33984	0.08789	10965	1	0.56934	0.44135	1	0.50081	0.40665	1	0.53507	0.42400	1	0.45806	0.54477	11.78608	1.03582	1	0.72181	0.56526	11.28598	1.03582	1	-0.01079	-0.01136	0.68550	0.00367	1	0.05658	-0.01516	0.66715	0.00382	1	1.45898	0.81042	0	
1238702	8355.43359	3304353935168	0.50723	0.42837	8355.33984	0.09375	10965	1	0.56989	0.44705	1	0.50079	0.40693	1	0.53534	0.42699	1	0.45799	0.54478	11.72336	1.02780	1	0.72206	0.56471	11.67996	1.03546	1	-0.01050	-0.01095	0.66339	0.00368	1	0.05749	-0.01547	0.67849	0.00386	1	1.45898	0.81042	0	
1238703	8355.44043	3304354002093	0.50876	0.42852	8355.33984	0.10059	10965	1	0.55067	0.44261	1	0.51282	0.41907	1	0.53174	0.43084	1	0.45808	0.54501	11.68543	1.02745	1	0.72199	0.56489	11.88075	1.03511	1	-0.01050	-0.01095	0.66339	0.00364	1	0.05749	-0.01547	0.67849	0.00399	1	1.45898	0.81042	0	
1238704	8355.44727	3304354069018	0.50892	0.42963	8355.33984	0.10742	10965	1	0.53448	0.39910	1	0.48816	0.49549	1	0.51132	0.44729	1	0.45795	0.54487	11.85362	1.02709	1	0.72161	0.56563	12.39744	1.03475	1	-0.01050	-0.01095	0.66339	0.00376	1	0.05749	-0.01547	0.67849	0.00371	1	1.45898	0.81042	0	
1238705	8355.45410	3304354135948	0.50904	0.43030	8355.33984	0.11426	10965	1	0.53372	0.39328	1	0.48855	0.49026	1	0.51113	0.44177	1	0.45787	0.54477	11.38752	1.03475	1	0.72184	0.56560	12.05333	1.04241	1	-0.01059	-0.01115	0.67283	0.00385	1	0.05749	-0.01547	0.67849	0.00366	1	1.45898	0.81042	0	
1238706	8355.46094	3304354202919	0.51077	0.42852	8355.33984	0.12109	10965	1	0.57411	0.36532	1	0.50978	0.42758	1	0.54195	0.39645	1	0.45812	0.54472	11.52991	1.05042	1	0.72194	0.56514	11.82055	1.05042	1	-0.01059	-0.01115	0.67283	0.00373	1	0.05749	-0.01547	0.67849	0.00400	1	1.45898	0.81042	0	
1238707	8355.46777	3304354270067	0.51162	0.42904	8355.33984	0.12793	10965	1	0.56560	0.42461	1	0.49002	0.45322	1	0.52781	0.43891	1	0.45804	0.54472	11.74869	1.05844	1	0.72166	0.56551	11.44459	1.05844	1	-0.01059	-0.01115	0.67283	0.00373	1	0.05749	-0.01547	0.67849	0.00391	1	1.45898	0.81042	0	
1238708	8355.47461	3304354337111	0.51239	0.42924	8355.33984	0.13477	10965	1	0.56503	0.41890	1	0.49042	0.44754	1	0.52772	0.43322	1	0.45807	0.54466	11.57639	1.06646	1	0.72173	0.56533	12.22380	1.06646	1	-0.01059	-0.01105	0.67283	0.00373	1	0.05806	-0.01557	0.68529	0.00390	1	1.45898	0.81042	0	
1238709	8355.48047	3304354403873	0.51297	0.42694	8355.33984	0.14062	10965	1	0.53599	0.37517	1	0.51426	0.38230	1	0.52512	0.37873	1	0.45802	0.54430	11.40744	1.06646	1	0.72198	0.56487	11.82096	1.06646	1	-0.01059	-0.01105	0.67283	0.00392	1	0.05806	-0.01557	0.68529	0.00396	1	1.45898	0.81042	0	
1238710	8355.48730	3304354470968	0.51324	0.42654	8355.33984	0.14746	10965	1	0.52645	0.42052	1	0.51199	0.41508	1	0.51922	0.41780	1	0.45781	0.54471	11.28631	1.06646	1	0.72199	0.56497	12.04340	1.06646	1	-0.01059	-0.01105	0.67283	0.00384	1	0.05806	-0.01557	0.68529	0.00390	1	1.45898	0.81042	0	
1238711	8355.49414	3304354537965	0.51348	0.42630	8355.33984	0.15430	10965	1	0.52645	0.42052	1	0.51145	0.42075	1	0.51895	0.42064	1	0.45786	0.54470	11.38451	1.06646	1	0.72174	0.56574	12.64242	1.05880	1	-0.01059	-0.01115	0.67283	0.00382	1	0.05554	-0.01493	0.65495	0.00363	1	1.45898	0.81042	0	
1238712	8355.50098	3304354604852	0.51329	0.42681	8355.33984	0.16113	10965	1	0.53192	0.39400	1	0.48580	0.48394	1	0.50886	0.43897	1	0.45789	0.54487	11.79386	1.05880	1	0.72162	0.56568	12.48195	1.05114	1	-0.01059	-0.01115	0.67283	0.00377	1	0.05554	-0.01493	0.65495	0.00367	1	1.45898	0.81042	0	
1238713	8355.50781	3304354669346	0.51349	0.42755	8355.33984	0.16797	10965	1	0.54087	0.43835	1	0.49580	0.45388	1	0.51834	0.44612	1	0.45804	0.54487	11.75603	1.05114	1	0.72175	0.56543	12.53053	1.04348	1	-0.01059	-0.01115	0.67283	0.00373	1	0.05554	-0.01493	0.65495	0.00382	1	1.45898	0.81042	0	
1238714	8355.51367	3304354733970	0.51367	0.42844	8355.33984	0.17383	10965	1	0.54158	0.44375	1	0.49537	0.45938	1	0.51847	0.45157	1	0.45807	0.54486	11.91841	1.04348	1	0.72177	0.56557	12.90248	1.03582	1	-0.01071	-0.01123	0.68036	0.00369	1	0.05658	-0.01516	0.66715	0.00380	1	1.45898	0.81042	0	
1238715	8355.52051	3304354802918	0.51434	0.42814	8355.33984	0.18066	10965	1	0.54784	0.41577	1	0.51681	0.42468	1	0.53233	0.42023	1	0.45809	0.54478	11.94436	1.03582	1	0.72201	0.56512	12.27434	1.03582	1	-0.01071	-0.01123	0.68036	0.00363	1	0.05658	-0.01516	0.66715	0.00372	1	1.45898	0.81042	0	
1238716	8355.52734	3304354871619	0.51464	0.42762	8355.33984	0.18750	10965	1	0.53628	0.41327	1	0.51002	0.41247	1	0.52315	0.41287	1	0.45799	0.54463	11.71498	1.03582	1	0.72198	0.56500	12.20514	1.03582	1	-0.01071	-0.01123	0.68036	0.00364	1	0.05658	-0.01516	0.66715	0.00374	1	1.45898	0.81042	0	
1238717	8355.53418	3304354938217	0.51493	0.42713	8355.33984	0.19434	10965	1	0.53628	0.41327	1	0.51002	0.41247	1	0.52315	0.41287	1	0.45794	0.54425	11.32000	1.03582	1	0.72214	0.56529	12.33042	1.03582	1	-0.01080	-0.01121	0.68593	0.00382	1	0.05658	-0.01516	0.66715	0.00372	1	1.45898	0.81042	0	
1238718	8355.54102	3304355006079	0.51541	0.42612	8355.33984	0.20117	10965	1	0.54520	0.33643	1	0.51451	0.45542	1	0.52985	0.39592	1	0.45812	0.54443	11.83962	1.03582	1	0.72213	0.56530	12.31238	1.03582	1	-0.01080	-0.01121	0.68593	0.00369	1	0.05658	-0.01516	0.66715	0.00370	1	1.45898	0.81042	0	
1238719	8355.54785	3304355071526	0.51615	0.42559	8355.33984	0.20801	10965	1	0.56345	0.35269	1	0.51472	0.46592	1	0.53909	0.40931	1	0.45839	0.54449	11.67457	1.03582	1	0.72208	0.56535	12.39444	1.03582	1	-0.01080	-0.01121	0.68593	0.00371	1	0.05658	-0.01516	0.66715	0.00371	1	1.45898	0.81042	0	
1238720	8355.55469	3304355138068	0.51683	0.42517	8355.33984	0.21484	10965	1	0.56345	0.35269	1	0.51421	0.47078	1	0.53883	0.41174	1	0.45814	0.54431	11.77673	1.03582	1	0.72202	0.56527	12.33909	1.02901	1	-0.01080	-0.01121	0.68593	0.00374	1	0.05366	-0.01437	0.63225	0.00379	1	1.45898	0.81042	0	
1238721	8355.56152	3304355206533	0.51697	0.42400	8355.33984	0.22168	10965	1	0.54112	0.29955	1	0.50151	0.47112	1	0.52132	0.38534	1	0.45806	0.54359	11.36558	1.02901	1	0.72189	0.56537	12.82275	1.02220	1	-0.01080	-0.01121	0.68593	0.00402	1	0.05366	-0.01437	0.63225	0.00367	1	1.45898	0.81042	0	
1238722	8355.56836	3304355274457	0.51743	0.42386	8355.33984	0.22852	10965	1	0.54493	0.38577	1	0.52178	0.45223	1	0.53335	0.41900	1	0.45807	0.54409	11.44297	1.02220	1	0.72216	0.56512	12.40078	1.01540	1	-0.01080	-0.01121	0.68593	0.00381	1	0.05366	-0.01437	0.63225	0.00377	1	1.45898	0.81042	0	
1238723	8355.57422	3304355339989	0.51789	0.42372	8355.33984	0.23438	10965	1	0.54555	0.39105	1	0.52242	0.44655	1	0.53398	0.41880	1	0.45826	0.54417	11.88664	1.01540	1	0.72230	0.56471	12.07728	1.02305	1	-0.01080	-0.01121	0.68593	0.00377	1	0.05790	-0.01547	0.68094	0.00390	1	1.45898	0.81042	0	
1238724	8355.58105	3304355408821	0.51838	0.42249	8355.33984	0.24121	10965	1	0.54951	0.39657	1	0.52238	0.35960	1	0.53595	0.37809	1	0.45808	0.54450	11.64257	1.02305	1	0.72216	0.56429	11.90602	1.03752	1	-0.01080	-0.01121	0.68593	0.00357	1	0.05790	-0.01547	0.68094	0.00388	1	1.45898	0.81042	0	
1238725	8355.58789	3304355475973	0.51876	0.42192	8355.33984	0.24805	10965	1	0.54300	0.39614	1	0.52270	0.40568	1	0.53285	0.40091	1	0.45801	0.54431	11.48227	1.03752	1	0.72223	0.56487	12.12949	1.05199	1	-0.01080	-0.01121	0.68593	0.00362	1	0.05790	-0.01547	0.68094	0.00375	1	1.45898	0.81042	0	
1238726	8355.59473	3304355542733	0.51912	0.42125	8355.33984	0.25488	10965	1	0.54241	0.39127	1	0.52323	0.40078	1	0.53282	0.39602	1	0.45818	0.54459	11.85511	1.04397	1	0.72213	0.56465	12.21602	1.05844	1	-0.01032	-0.01076	0.65838	0.00352	1	0.05761	-0.01535	0.67750	0.00390	1	1.45898	0.81042	0	
1238727	8355.60156	3304355609619	0.51981	0.42091	8355.33984	0.26172	10965	1	0.57607	0.43943	1	0.51704	0.37575	1	0.54656	0.40759	1	0.45855	0.54452	12.24651	1.05042	1	0.72206	0.56459	12.11894	1.05042	1	-0.01032	-0.01076	0.65838	0.00355	1	0.05761	-0.01535	0.67750	0.00390	1	1.45898	0.81042	0	
1238728	8355.60840	3304355676548	0.52028	0.42065	8355.33984	0.26855	10965	1	0.56333	0.40967	1	0.51454	0.41097	1	0.53894	0.41032	1	0.45840	0.54459	12.36428	1.04241	1	0.72205	0.56476	12.20331	1.04241	1	-0.01032	-0.01076	0.65838	0.00351	1	0.05761	-0.01535	0.67750	0.00377	1	1.45898	0.81042	0	
1238729	8355.61523	3304355743886	0.52073	0.42033	8355.33984	0.27539	10965	1	0.56333	0.40967	1	0.51519	0.40436	1	0.53926	0.40701	1	0.45836	0.54460	12.31420	1.04241	1	0.72211	0.56489	12.26813	1.05109	1	-0.01055	-0.01106	0.67658	0.00359	1	0.05902	-0.01573	0.69469	0.00377	1	1.45898	0.81042	0	
1238730	8355.62109	3304355810479	0.52105	0.41944	8355.33984	0.28125	10965	1	0.54750	0.36578	1	0.52161	0.39859	1	0.53456	0.38218	1	0.45814	0.54441	11.52156	1.05910	1	0.72211	0.56489	12.26813	1.06779	1	-0.01055	-0.01106	0.67658	0.00368	1	0.05902	-0.01573	0.69469	0.00376	1	1.45898	0.81042	0	
1238731	8355.62793	3304355877012	0.52142	0.41807	8355.33984	0.28809	10965	1	0.55265	0.37299	1	0.52211	0.34511	1	0.53738	0.35905	1	0.45822	0.54442	11.61555	1.07580	1	0.72210	0.56457	12.18709	1.08448	1	-0.01055	-0.01106	0.67658	0.00361	1	0.05902	-0.01573	0.69469	0.00386	1	1.45898	0.81042	0	
1238732	8355.63477	3304355944846	0.53533	0.39283	8355.33984	0.28809	10965	0	0.55131	0.36049	1	0.52273	0.33875	1	0.53702	0.34962	1	0.45855	0.54452	12.24651	1.09250	1	0.72223	0.56386	12.02786	1.09250	1	-0.01080	-0.01121	0.68593	0.00354	1	0.05790	-0.01547	0.68094	0.00411	1	1.45898	0.81042	0	
1238733	8355.64160	3304356012083	0.54117	0.38350	8355.33984	0.28809	10965	0	0.57445	0.39899	1	0.51958	0.34938	1	0.54701	0.37418	1	0.45860	0.54455	12.18444	1.09250	1	0.72206	0.56459	12.11894	1.08382	1	-0.01080	-0.01121	0.68593	0.00362	1	0.05790	-0.01547	0.68094	0.00390	1	1.45898	0.81042	0	
1238734	8355.64844	3304356078790	0.53903	0.37595	8355.33984	0.28809	10965	0	0.55762	0.31962	1	0.51189	0.40207	1	0.53476	0.36085	1	0.45839	0.54333	11.88327	1.08382	1	0.72207	0.56507	12.34982	1.07514	1	-0.01080	-0.01121	0.68593	0.00408	1	0.05790	-0.01547	0.68094	0.00372	1	1.45898	0.81042	0	
1238735	8355.65527	3304356145948	0.53791	0.37610	8355.63477	0.02051	10966	1	0.55889	0.33285	1	0.51019	0.42025	1	0.53454	0.37655	1	0.45851	0.54445	12.01041	1.06712	1	0.72210	0.56450	12.29202	1.05078	1	-0.01032	-0.01076	0.65838	0.00370	1	0.05643	-0.01504	0.66422	0.00398	1	1.45898	0.81042	0	
1238736	8355.66211	3304356212782	0.53983	0.37895	8355.63477	0.02734	10966	1	0.57395	0.45222	1	0.52106	0.32849	1	0.54750	0.39035	1	0.45847	0.54465	11.75109	1.04276	1	0.72213	0.56382	11.85520	1.03511	1	-0.01032	-0.01076	0.65838	0.00378	1	0.05643	-0.01504	0.66422	0.00415	1	1.45898	0.81042	0	
1238737	8355.66895	3304356280230	0.53931	0.38709	8355.63477	0.03418	10966	1	0.54882	0.43595	1	0.52458	0.41966	1	0.53670	0.42781	1	0.45815	0.54426	11.25838	1.02709	1	0.72224	0.56476	12.07536	1.01943	1	-0.01032	-0.01076	0.65838	0.00364	1	0.05643	-0.01504	0.66422	0.00389	1	1.45898	0.81042	0	
1238738	8355.67480	3304356346265	0.53894	0.39373	8355.63477	0.04004	10966	1	0.54949	0.44149	1	0.52392	0.42557	1	0.53671	0.43353	1	0.45813	0.54435	11.30481	1.01943	1	0.72201	0.56543	12.54408	1.01177	1	-0.01080	-0.01121	0.68593	0.00355	1	0.05554	-0.01474	0.65495	0.00356	1	1.45898	0.81042	0	
1238739	8355.68164	3304356413729	0.53615	0.39704	8355.63477	0.04688	10966	1	0.52610	0.38676	1	0.50720	0.45372	1	0.51665	0.42024	1	0.45783	0.54386	11.85123	1.01979	1	0.72195	0.56505	12.57895	1.01979	1	-0.01080	-0.01121	0.68593	0.00339	1	0.05554	-0.01474	0.65495	0.00371	1	1.45898	0.81042	0	
1238740	8355.68848	3304356479926	0.53299	0.39657	8355.63477	0.05371	10966	1	0.52207	0.34790	1	0.49337	0.43766	1	0.50772	0.39278	1	0.45782	0.54358	11.01327	1.02780	1	0.72166	0.56499	12.92892	1.02780	1	-0.01080	-0.01121	0.68593	0.00358	1	0.05554	-0.01474	0.65495	0.00373	1	1.45898	0.81042	0	
1238741	8355.69531	3304356547253	0.53046	0.39528	8355.63477	0.06055	10966	1	0.52119	0.34141	1	0.49424	0.42599	1	0.50771	0.38370	1	0.45739	0.54305	11.28727	1.03582	1	0.72115	0.56462	12.37899	1.04348	1	-0.01079	-0.01116	0.68550	0.00379	1	0.05749	-0.01527	0.67849	0.00412	1	1.45898	0.81042	0	
1238742	8355.70215	3304356614287	0.52929	0.39605	8355.63477	0.06738	10966	1	0.54072	0.38704	1	0.49449	0.42052	1	0.51760	0.40378	1	0.45760	0.54334	11.68244	1.04348	1	0.72125	0.56421	12.01030	1.05114	1	-0.01079	-0.01116	0.68550	0.00377	1	0.05749	-0.01527	0.67849	0.00407	1	1.45898	0.81042	0	
1238743	8355.70898	3304356681391	0.52785	0.39352	8355.63477	0.07422	10966	1	0.53108	0.32498	1	0.49274	0.40645	1	0.51191	0.36571	1	0.45751	0.54301	11.37673	1.05114	1	0.72128	0.56402	12.05475	1.05880	1	-0.01079	-0.01116	0.68550	0.00399	1	0.05749	-0.01527	0.67849	0.00393	1	1.45898	0.81042	0	
1238744	8355.71484	3304356744752	0.52661	0.39092	8355.63477	0.08008	10966	1	0.53032	0.31875	1	0.49315	0.40069	1	0.51173	0.35972	1	0.45731	0.54297	11.77642	1.05880	1	0.72130	0.56442	12.68449	1.06646	1	-0.01059	-0.01085	0.67283	0.00394	1	0.05806	-0.01537	0.68529	0.00370	1	1.45898	0.81042	0	
1238745	8355.72168	3304356815237	0.52534	0.39039	8355.63477	0.08691	10966	1	0.54098	0.34891	1	0.47684	0.41789	1	0.50891	0.38340	1	0.45771	0.54297	11.74519	1.06646	1	0.72132	0.56438	12.65905	1.06646	1	-0.01059	-0.01085	0.67283	0.00405	1	0.05806	-0.01537	0.68529	0.00374	1	1.45898	0.81042	0	
1238746	8355.72852	3304356882380	0.52395	0.39488	8355.63477	0.09375	10966	1	0.53435	0.45842	1	0.47443	0.45715	1	0.50439	0.45778	1	0.45747	0.54405	12.42358	1.06646	1	0.72143	0.56461	12.49549	1.06646	1	-0.01059	-0.01085	0.67283	0.00357	1	0.05806	-0.01537	0.68529	0.00368	1	1.45898	0.81042	0	
1238747	8355.73535	3304356949140	0.52271	0.39842	8355.63477	0.10059	10966	1	0.53347	0.45228	1	0.47476	0.45080	1	0.50411	0.45154	1	0.45769	0.54385	12.40713	1.07554	1	0.72091	0.56453	13.16814	1.07554	1	-0.01129	-0.01146	0.71383	0.00359	1	0.05806	-0.01526	0.68529	0.00378	1	1.45898	0.81042	0	
1238748	8355.74219	3304357016175	0.52077	0.40080	8355.63477	0.10742	10966	1	0.53386	0.44769	1	0.44577	0.43021	1	0.48982	0.43895	1	0.45747	0.54381	12.23163	1.08463	1	0.72092	0.56448	13.05094	1.08463	1	-0.01129	-0.01146	0.71383	0.00363	1	0.05806	-0.01526	0.68529	0.00377	1	1.45898	0.81042	0	
1238749	8355.74902	3304357082884	0.51904	0.39858	8355.63477	0.11426	10966	1	0.51647	0.39072	1	0.46288	0.33069	1	0.48967	0.36070	1	0.45729	0.54372	11.54844	1.09371	1	0.72113	0.56362	12.34952	1.09371	1	-0.01129	-0.01146	0.71383	0.00374	1	0.05806	-0.01526	0.68529	0.00417	1	1.45898	0.81042	0	
1238750	8355.75586	3304357149651	0.51752	0.39690	8355.63477	0.12109	10966	1	0.51734	0.39651	1	0.46268	0.33706	1	0.49001	0.36678	1	0.45729	0.54300	11.44287	1.08570	1	0.72118	0.56428	12.45589	1.08570	1	-0.01050	-0.01065	0.66339	0.00386	1	0.05806	-0.01526	0.68529	0.00382	1	1.45898	0.81042	0	
1238751	8355.76172	3304357217210	0.51522	0.39768	8355.63477	0.12695	10966	1	0.48136	0.40708	1	0.46185	0.41781	1	0.47160	0.41245	1	0.45711	0.54325	11.12762	1.06860	1	0.72121	0.56428	12.55098	1.06860	1	-0.01050	-0.01065	0.66339	0.00396	1	0.05806	-0.01526	0.68529	0.00382	1	1.45898	0.81042	0	
1238752	8355.76855	3304357284277	0.51309	0.39930	8355.63477	0.13379	10966	1	0.49504	0.41890	1	0.44592	0.44462	1	0.47048	0.43176	1	0.45728	0.54343	11.78503	1.05149	1	0.72098	0.56442	13.07500	1.05149	1	-0.01050	-0.01065	0.66339	0.00392	1	0.05806	-0.01526	0.68529	0.00379	1	1.45898	0.81042	0	
1238753	8355.77539	3304357351024	0.51120	0.40134	8355.63477	0.14062	10966	1	0.49728	0.43129	1	0.44575	0.45690	1	0.47151	0.44410	1	0.45744	0.54305	11.71124	1.03439	1	0.72112	0.56430	12.56966	1.03439	1	-0.01050	-0.01065	0.66339	0.00392	1	0.05806	-0.01526	0.68529	0.00385	1	1.45898	0.81042	0	
1238754	8355.78223	3304357418242	0.50965	0.40226	8355.63477	0.14746	10966	1	0.48891	0.38852	1	0.46230	0.45636	1	0.47561	0.42244	1	0.45719	0.54277	11.12127	1.03439	1	0.72120	0.56441	12.58646	1.03439	1	-0.01050	-0.01065	0.66339	0.00392	1	0.05806	-0.01526	0.68529	0.00384	1	1.45898	0.81042	0	
1238755	8355.78906	3304357484892	0.50847	0.40337	8355.63477	0.15430	10966	1	0.50522	0.42726	1	0.45736	0.43073	1	0.48129	0.42900	1	0.45746	0.54343	11.66383	1.03439	1	0.72111	0.56415	12.39398	1.03439	1	-0.01050	-0.01065	0.66339	0.00363	1	0.05806	-0.01526	0.68529	0.00391	1	1.45898	0.81042	0	
1238756	8355.79590	3304357552309	0.48656	0.41899	8355.63477	0.15430	10966	0	0.50522	0.42726	1	0.45736	0.43073	1	0.48129	0.42900	1	0.45723	0.54307	11.17219	1.03439	1	0.72112	0.56416	12.45441	1.03439	1	-0.01026	-0.01036	0.64828	0.00377	1	0.05749	-0.01506	0.67850	0.00391	1	1.45898	0.81042	0	
1238757	8355.80273	3304357619536	0.48883	0.40324	8355.63477	0.15430	10966	0	0.52327	0.36056	1	0.45894	0.41441	1	0.49111	0.38749	1	0.45728	0.54241	11.30406	1.03439	1	0.72111	0.56408	12.45818	1.03439	1	-0.01026	-0.01036	0.64828	0.00388	1	0.05749	-0.01506	0.67850	0.00397	1	1.45898	0.81042	0	
1238758	8355.80957	3304357686068	0.48890	0.39747	8355.63477	0.15430	10966	0	0.52114	0.36890	1	0.45691	0.40293	1	0.48903	0.38592	1	0.45726	0.54251	11.18883	1.03439	1	0.72105	0.56385	12.68788	1.03439	1	-0.01026	-0.01036	0.64828	0.00384	1	0.05749	-0.01506	0.67850	0.00405	1	1.45898	0.81042	0	
1238759	8355.81543	3304357753731	0.48893	0.39458	8355.79590	0.01953	10967	1	0.52114	0.36890	1	0.45691	0.40293	1	0.48903	0.38592	1	0.45748	0.54278	12.16532	1.03439	1	0.72105	0.56385	12.68788	1.03439	1	-0.01026	-0.01036	0.64828	0.00362	1	0.05749	-0.01506	0.67850	0.00405	1	1.45898	0.81042	0	
1238760	8355.82227	3304357820003	0.48993	0.38786	8355.79590	0.02637	10967	1	0.52587	0.33635	1	0.46201	0.38562	1	0.49394	0.36099	1	0.45744	0.54232	11.58786	1.03439	1	0.72117	0.56375	12.17593	1.03439	1	-0.01026	-0.01036	0.64828	0.00381	1	0.05749	-0.01506	0.67850	0.00404	1	1.45898	0.81042	0	
1238761	8355.82910	3304357887147	0.49008	0.38549	8355.79590	0.03320	10967	1	0.51899	0.36411	1	0.46263	0.38321	1	0.49081	0.37366	1	0.45729	0.54239	11.30691	1.03439	1	0.72113	0.56360	12.09669	1.03439	1	-0.01026	-0.01036	0.64828	0.00386	1	0.05749	-0.01506	0.67850	0.00409	1	1.45898	0.81042	0	
1238762	8355.83594	3304357953611	0.49013	0.38290	8355.79590	0.04004	10967	1	0.51809	0.35778	1	0.46284	0.37688	1	0.49047	0.36733	1	0.45727	0.54263	11.53277	1.04241	1	0.72130	0.56332	11.96942	1.04241	1	-0.01059	-0.01075	0.67283	0.00392	1	0.05749	-0.01506	0.67850	0.00419	1	1.45898	0.81042	0	
1238763	8355.84277	3304358021130	0.49192	0.37716	8355.79590	0.04688	10967	1	0.53496	0.29776	1	0.47385	0.37624	1	0.50441	0.33700	1	0.45764	0.54199	11.44585	1.05042	1	0.72129	0.56373	12.36786	1.05042	1	-0.01059	-0.01075	0.67283	0.00396	1	0.05749	-0.01506	0.67850	0.00404	1	1.45898	0.81042	0	
1238764	8355.84961	3304358087417	0.49173	0.37509	8355.79590	0.05371	10967	1	0.50634	0.34717	1	0.47414	0.36994	1	0.49024	0.35855	1	0.45750	0.54243	11.89350	1.05844	1	0.72129	0.56373	12.36786	1.05844	1	-0.01059	-0.01075	0.67283	0.00374	1	0.05749	-0.01506	0.67850	0.00403	1	1.45898	0.81042	0	
1238765	8355.85547	3304358154550	0.49155	0.37281	8355.79590	0.05957	10967	1	0.50538	0.34086	1	0.47444	0.36364	1	0.48991	0.35225	1	0.45751	0.54238	11.91103	1.06646	1	0.72120	0.56355	12.09638	1.06646	1	-0.01067	-0.01087	0.67753	0.00369	1	0.05749	-0.01506	0.67850	0.00411	1	1.45898	0.81042	0	
1238766	8355.86230	3304358221877	0.49179	0.36909	8355.79590	0.06641	10967	1	0.51867	0.31057	1	0.46962	0.35329	1	0.49414	0.33193	1	0.45773	0.54238	11.81626	1.06646	1	0.72122	0.56358	12.11754	1.06646	1	-0.01067	-0.01087	0.67753	0.00373	1	0.05749	-0.01506	0.67850	0.00407	1	1.45898	0.81042	0	
1238767	8355.86914	3304358288622	0.49154	0.36797	8355.79590	0.07324	10967	1	0.50942	0.35377	1	0.46818	0.35754	1	0.48880	0.35566	1	0.45757	0.54257	11.74797	1.06646	1	0.72120	0.56357	12.08177	1.06646	1	-0.01067	-0.01087	0.67753	0.00367	1	0.05749	-0.01506	0.67850	0.00407	1	1.45898	0.81042	0	
1238768	8355.87598	3304358355361	0.49133	0.36703	8355.79590	0.08008	10967	1	0.50942	0.35377	1	0.46818	0.35754	1	0.48880	0.35566	1	0.45775	0.54313	12.36378	1.06646	1	0.72121	0.56365	12.31119	1.06646	1	-0.01067	-0.01087	0.67753	0.00352	1	0.05749	-0.01506	0.67850	0.00395	1	1.45898	0.81042	0	
1238769	8355.88281	3304358422908	0.49180	0.36568	8355.79590	0.08691	10967	1	0.52270	0.35423	1	0.47324	0.34223	1	0.49797	0.34823	1	0.45782	0.54258	12.31919	1.06646	1	0.72129	0.56349	12.09539	1.06646	1	-0.01067	-0.01087	0.67753	0.00379	1	0.05749	-0.01506	0.67850	0.00399	1	1.45898	0.81042	0	
1238770	8355.88965	3304358489795	0.49195	0.36589	8355.79590	0.09375	10967	1	0.51731	0.38705	1	0.47081	0.35058	1	0.49406	0.36881	1	0.45770	0.54318	12.06202	1.06646	1	0.72122	0.56361	12.34844	1.06646	1	-0.01067	-0.01087	0.67753	0.00368	1	0.05749	-0.01506	0.67850	0.00395	1	1.45898	0.81042	0	
1238771	8355.89648	3304358557006	0.49207	0.36627	8355.79590	0.10059	10967	1	0.51731	0.38705	1	0.47056	0.35669	1	0.49393	0.37187	1	0.45748	0.54279	12.31759	1.06646	1	0.72117	0.56376	12.07691	1.05880	1	-0.01067	-0.01087	0.67753	0.00380	1	0.05658	-0.01486	0.66715	0.00388	1	1.45898	0.81042	0	
1238772	8355.90332	3304358624411	0.49234	0.36640	8355.79590	0.10742	10967	1	0.51834	0.34568	1	0.47470	0.39147	1	0.49652	0.36857	1	0.45768	0.54230	12.21701	1.05880	1	0.72132	0.56385	12.08950	1.05114	1	-0.01067	-0.01087	0.67753	0.00372	1	0.05658	-0.01486	0.66715	0.00390	1	1.45898	0.81042	0	
1238773	8355.90918	3304358690884	0.49303	0.36680	8355.79590	0.11328	10967	1	0.53301	0.36526	1	0.47654	0.38188	1	0.50477	0.37357	1	0.45790	0.54254	12.19278	1.05114	1	0.72133	0.56361	12.27613	1.04348	1	-0.01067	-0.01087	0.67753	0.00392	1	0.05658	-0.01486	0.66715	0.00397	1	1.45898	0.81042	0	
1238774	8355.91602	3304358756256	0.49367	0.36731	8355.79590	0.12012	10967	1	0.53376	0.37119	1	0.47654	0.38188	1	0.50515	0.37654	1	0.45780	0.54249	12.13096	1.04348	1	0.72131	0.56395	11.95977	1.04348	1	-0.01067	-0.01087	0.67753	0.00389	1	0.05709	-0.01493	0.67256	0.00386	1	1.45898	0.81042	0	
1238775	8355.92285	3304358823388	0.49408	0.36828	8355.79590	0.12695	10967	1	0.52257	0.39221	1	0.48154	0.38122	1	0.50206	0.38672	1	0.45773	0.54290	12.34833	1.04348	1	0.72149	0.56369	12.36344	1.05114	1	-0.01067	-0.01087	0.67753	0.00372	1	0.05709	-0.01493	0.67256	0.00386	1	1.45898	0.81042	0	
1238776	8355.92969	3304358890812	0.49469	0.36908	8355.79590	0.13379	10967	1	0.52436	0.38930	1	0.48920	0.38069	1	0.50678	0.38500	1	0.45774	0.54289	12.22652	1.05114	1	0.72149	0.56380	12.11282	1.05880	1	-0.01067	-0.01087	0.67753	0.00370	1	0.05709	-0.01493	0.67256	0.00380	1	1.45898	0.81042	0	
1238777	8355.93652	3304358956437	0.49524	0.36938	8355.79590	0.14062	10967	1	0.52354	0.38354	1	0.49002	0.36800	1	0.50678	0.37577	1	0.45796	0.54276	11.12795	1.05880	1	0.72178	0.56379	13.00155	1.07514	1	-0.01055	-0.01086	0.67658	0.00375	1	0.05902	-0.01547	0.69469	0.00368	1	1.45898	0.81042	0	
1238778	8355.94238	3304359022131	0.49530	0.36919	8355.79590	0.14648	10967	1	0.51983	0.36989	1	0.47355	0.36020	1	0.49669	0.36504	1	0.45781	0.54283	12.60591	1.07514	1	0.72174	0.56372	12.68210	1.08382	1	-0.01055	-0.01086	0.67658	0.00349	1	0.05902	-0.01547	0.69469	0.00371	1	1.45898	0.81042	0	
1238779	8355.94922	3304359090628	0.49590	0.36797	8355.79590	0.15332	10967	1	0.50528	0.34636	1	0.51388	0.33320	1	0.50958	0.33978	1	0.45752	0.54279	12.24390	1.08382	1	0.72192	0.56359	12.69060	1.09250	1	-0.01055	-0.01086	0.67658	0.00350	1	0.05902	-0.01547	0.69469	0.00375	1	1.45898	0.81042	0	
1238780	8355.95605	3304359157647	0.49642	0.36671	8355.79590	0.16016	10967	1	0.50426	0.33967	1	0.51388	0.33320	1	0.50907	0.33643	1	0.45795	0.54298	11.38582	1.09250	1	0.72216	0.56440	12.40595	1.09250	1	-0.01055	-0.01086	0.67658	0.00377	1	0.05790	-0.01517	0.68094	0.00379	1	1.45898	0.81042	0	
1238781	8355.96289	3304359224662	0.49608	0.36783	8355.79590	0.16699	10967	1	0.49804	0.36133	1	0.47687	0.43049	1	0.48745	0.39591	1	0.45782	0.54297	11.19660	1.09250	1	0.72175	0.56448	13.30734	1.08382	1	-0.01055	-0.01086	0.67658	0.00413	1	0.05790	-0.01517	0.68094	0.00375	1	1.45898	0.81042	0	
1238782	8355.96973	3304359290868	0.49592	0.37003	8355.79590	0.17383	10967	1	0.50758	0.42313	1	0.47583	0.43135	1	0.49170	0.42724	1	0.45793	0.54349	11.62716	1.08382	1	0.72221	0.56448	12.69900	1.07514	1	-0.01055	-0.01086	0.67658	0.00374	1	0.05790	-0.01517	0.68094	0.00378	1	1.45898	0.81042	0	
1238783	8355.97656	3304359358069	0.49578	0.37229	8355.79590	0.18066	10967	1	0.50859	0.42920	1	0.47551	0.43757	1	0.49205	0.43338	1	0.45819	0.54358	12.08908	1.07514	1	0.72218	0.56445	12.37256	1.06646	1	-0.01055	-0.01086	0.67658	0.00360	1	0.05790	-0.01527	0.68094	0.00375	1	1.45898	0.81042	0	
1238784	8355.98340	3304359427571	0.49540	0.37389	8355.79590	0.18750	10967	1	0.50125	0.40390	1	0.46804	0.43319	1	0.48465	0.41855	1	0.45823	0.54335	11.68415	1.06646	1	0.72208	0.56446	12.36966	1.06646	1	-0.01055	-0.01086	0.67658	0.00359	1	0.05790	-0.01527	0.68094	0.00378	1	1.45898	0.81042	0	
1238785	8355.99023	3304359494825	0.49519	0.37555	8355.79590	0.19434	10967	1	0.50695	0.39846	1	0.47147	0.44926	1	0.48921	0.42386	1	0.45826	0.54303	11.66352	1.06646	1	0.72208	0.56457	12.44803	1.06646	1	-0.01055	-0.01086	0.67658	0.00379	1	0.05790	-0.01527	0.68094	0.00378	1	1.45898	0.81042	0	
1238786	8355.99707	3304359561331	0.49499	0.37720	8355.79590	0.20117	10967	1	0.50695	0.39846	1	0.47122	0.45466	1	0.48908	0.42656	1	0.45842	0.54326	12.10690	1.06646	1	0.72208	0.56462	12.63370	1.05880	1	-0.01049	-0.01090	0.67925	0.00358	1	0.05611	-0.01478	0.65927	0.00372	1	1.45898	0.81042	0	
1238787	8356.00293	3304359626556	0.49494	0.37877	8355.79590	0.20703	10967	1	0.52437	0.38824	1	0.46224	0.46647	1	0.49331	0.42736	1	0.45855	0.54349	12.37741	1.05880	1	0.72204	0.56475	12.56163	1.05114	1	-0.01049	-0.01090	0.67925	0.00373	1	0.05611	-0.01478	0.65927	0.00379	1	1.45898	0.81042	0	
1238788	8356.00977	3304359695256	0.49510	0.37984	8355.79590	0.21387	10967	1	0.51590	0.37566	1	0.48443	0.45298	1	0.50016	0.41432	1	0.45846	0.54338	12.09236	1.05114	1	0.72229	0.56460	12.35263	1.04348	1	-0.01049	-0.01090	0.67925	0.00376	1	0.05611	-0.01478	0.65927	0.00367	1	1.45898	0.81042	0	
1238789	8356.01660	3304359763175	0.49525	0.38102	8355.79590	0.22070	10967	1	0.51676	0.38152	1	0.48408	0.45848	1	0.50042	0.42000	1	0.45838	0.54369	12.46372	1.04348	1	0.72239	0.56438	12.96288	1.03582	1	-0.01049	-0.01090	0.67925	0.00358	1	0.05611	-0.01483	0.65927	0.00367	1	1.45898	0.81042	0	
1238790	8356.02344	3304359829809	0.49514	0.40763	8355.79590	0.22070	10967	0	0.50274	0.39604	1	0.48727	0.46035	1	0.49500	0.42819	1	0.45823	0.54351	12.07671	1.03582	1	0.72237	0.56447	12.94698	1.03582	1	-0.01049	-0.01090	0.67925	0.00367	1	0.05611	-0.01483	0.65927	0.00373	1	1.45898	0.81042	0	
1238791	8356.03027	3304359896485	0.50062	0.39050	8355.79590	0.22070	10967	0	0.52232	0.38440	1	0.48989	0.36235	1	0.50610	0.37338	1	0.45852	0.54335	12.55389	1.03582	1	0.72233	0.56466	13.29090	1.03582	1	-0.01049	-0.01090	0.67925	0.00368	1	0.05611	-0.01483	0.65927	0.00373	1	1.45898	0.81042	0	
1238792	8356.03711	3304359963482	0.50243	0.38137	8355.79590	0.22070	10967	0	0.52133	0.37742	1	0.49075	0.34876	1	0.50604	0.36309	1	0.45888	0.54321	11.38131	1.04491	1	0.72233	0.56355	12.65549	1.05257	1	-0.01092	-0.01140	0.71029	0.00369	1	0.05860	-0.01545	0.68673	0.00437	1	1.45898	0.81042	0	
1238793	8356.04395	3304360030784	0.50656	0.37826	8356.02344	0.02051	10968	1	0.54431	0.39852	1	0.49362	0.33939	1	0.51897	0.36895	1	0.45888	0.54338	11.43745	1.06165	1	0.72242	0.56392	12.79612	1.06931	1	-0.01092	-0.01140	0.71029	0.00367	1	0.05860	-0.01545	0.68673	0.00428	1	1.45898	0.81042	0	
1238794	8356.04980	3304360097009	0.50272	0.37046	8356.02344	0.02637	10968	1	0.50721	0.35372	1	0.46749	0.32477	1	0.48735	0.33925	1	0.45868	0.54320	11.28913	1.07840	1	0.72237	0.56432	12.82857	1.08606	1	-0.01092	-0.01140	0.71029	0.00364	1	0.05860	-0.01545	0.68673	0.00411	1	1.45898	0.81042	0	
1238795	8356.05664	3304360164934	0.50010	0.36425	8356.02344	0.03320	10968	1	0.50631	0.34785	1	0.46772	0.31859	1	0.48702	0.33322	1	0.45930	0.54358	12.07185	1.08606	1	0.72267	0.56473	12.44139	1.09371	1	-0.01047	-0.01099	0.68470	0.00367	1	0.05860	-0.01545	0.68673	0.00418	1	1.45898	0.81042	0	
1238796	8356.06348	3304360231094	0.49997	0.36199	8356.02344	0.04004	10968	1	0.52946	0.33079	1	0.46888	0.36610	1	0.49917	0.34844	1	0.45911	0.54360	12.36509	1.08463	1	0.72279	0.56475	12.50182	1.08463	1	-0.01047	-0.01099	0.68470	0.00366	1	0.05860	-0.01545	0.68673	0.00415	1	1.45898	0.81042	0	
1238797	8356.07031	3304360299565	0.49877	0.36326	8356.02344	0.04688	10968	1	0.52963	0.39924	1	0.45117	0.34500	1	0.49040	0.37212	1	0.45946	0.54360	12.03341	1.07554	1	0.72249	0.56445	12.74433	1.07554	1	-0.01047	-0.01099	0.68470	0.00362	1	0.05860	-0.01545	0.68673	0.00425	1	1.45898	0.81042	0	
1238798	8356.07715	3304360365714	0.49792	0.36569	8356.02344	0.05371	10968	1	0.53133	0.41165	1	0.45092	0.35858	1	0.49112	0.38512	1	0.45917	0.54380	12.16392	1.05844	1	0.72278	0.56520	12.40538	1.05844	1	-0.01008	-0.01068	0.66237	0.00361	1	0.05860	-0.01545	0.68673	0.00396	1	1.45898	0.81042	0	
1238799	8356.08398	3304360432701	0.49683	0.36681	8356.02344	0.06055	10968	1	0.50721	0.37327	1	0.46665	0.38054	1	0.48693	0.37691	1	0.45899	0.54368	11.99968	1.05042	1	0.72279	0.56473	12.27213	1.05042	1	-0.01008	-0.01068	0.66237	0.00370	1	0.05860	-0.01545	0.68673	0.00411	1	1.45898	0.81042	0	
1238800	8356.09082	3304360499264	0.49651	0.36934	8356.02344	0.06738	10968	1	0.52548	0.35385	1	0.46121	0.43538	1	0.49335	0.39462	1	0.45937	0.54348	12.13862	1.04241	1	0.72271	0.56516	12.42831	1.04241	1	-0.01008	-0.01068	0.66237	0.00360	1	0.05860	-0.01545	0.68673	0.00383	1	1.45898	0.81042	0	
1238801	8356.09668	3304360565127	0.49625	0.37144	8356.02344	0.07324	10968	1	0.52548	0.35385	1	0.46121	0.43538	1	0.49335	0.39462	1	0.45924	0.54275	11.91773	1.04241	1	0.72277	0.56503	12.54318	1.04241	1	-0.01028	-0.01094	0.67860	0.00394	1	0.05860	-0.01550	0.68673	0.00391	1	1.45898	0.81042	0	
1238802	8356.10352	3304360633881	0.49658	0.37263	8356.02344	0.08008	10968	1	0.51496	0.37439	1	0.48612	0.39926	1	0.50054	0.38682	1	0.45912	0.54316	11.86217	1.05042	1	0.72312	0.56481	13.17367	1.05042	1	-0.01028	-0.01094	0.67860	0.00378	1	0.05860	-0.01550	0.68673	0.00385	1	1.45898	0.81042	0	
1238803	8356.11035	3304360700962	0.49710	0.37216	8356.02344	0.08691	10968	1	0.50335	0.32600	1	0.50460	0.40613	1	0.50398	0.36606	1	0.45936	0.54267	11.70462	1.05844	1	0.72336	0.56503	13.00736	1.05844	1	-0.01028	-0.01094	0.67860	0.00382	1	0.05860	-0.01550	0.68673	0.00369	1	1.45898	0.81042	0	
1238804	8356.11719	3304360767303	0.49755	0.37133	8356.02344	0.09375	10968	1	0.50238	0.31952	1	0.50512	0.40008	1	0.50375	0.35980	1	0.46046	0.54323	12.68526	1.06646	1	0.72348	0.56471	12.44902	1.06646	1	-0.01014	-0.01096	0.68318	0.00376	1	0.05819	-0.01529	0.67960	0.00391	1	1.45898	0.81042	0	
1238805	8356.12305	3304360830407	0.49777	0.37164	8356.02344	0.09961	10968	1	0.53470	0.35422	1	0.46765	0.39818	1	0.50118	0.37620	1	0.46030	0.54319	12.64077	1.06646	1	0.72359	0.56509	12.60980	1.06646	1	-0.01014	-0.01096	0.68318	0.00374	1	0.05819	-0.01529	0.67960	0.00393	1	1.45898	0.81042	0	
1238806	8356.12988	3304360898758	0.49835	0.37022	8356.02344	0.10645	10968	1	0.53371	0.34273	1	0.48138	0.35238	1	0.50755	0.34755	1	0.46021	0.54312	12.43750	1.06646	1	0.72374	0.56422	12.24322	1.06646	1	-0.01014	-0.01096	0.68318	0.00375	1	0.05819	-0.01529	0.67960	0.00435	1	1.45898	0.81042	0	
1238807	8356.13672	3304360965431	0.49886	0.36896	8356.02344	0.11328	10968	1	0.53371	0.34273	1	0.48138	0.35238	1	0.50755	0.34755	1	0.46037	0.54301	11.39155	1.06646	1	0.72377	0.56414	12.13679	1.06646	1	-0.01014	-0.01096	0.68318	0.00377	1	0.05819	-0.01529	0.67960	0.00437	1	1.45898	0.81042	0	
1238808	8356.14355	3304361033196	0.50030	0.36698	8356.02344	0.12012	10968	1	0.54731	0.36667	1	0.50502	0.29606	1	0.52616	0.33137	1	0.46048	0.54338	12.07668	1.06646	1	0.72403	0.56359	12.80986	1.06646	1	-0.01014	-0.01096	0.68318	0.00374	1	0.05819	-0.01529	0.67960	0.00430	1	1.45898	0.81042	0	
1238809	8356.15039	3304361102027	0.50119	0.36699	8356.02344	0.12695	10968	1	0.54199	0.34323	1	0.49417	0.39113	1	0.51808	0.36718	1	0.46026	0.54323	11.65529	1.06646	1	0.72407	0.56495	13.25076	1.06646	1	-0.01014	-0.01096	0.68318	0.00374	1	0.05819	-0.01529	0.67960	0.00383	1	1.45898	0.81042	0	
1238810	8356.15723	3304361170508	0.50200	0.36730	8356.02344	0.13379	10968	1	0.54271	0.34951	1	0.49374	0.39723	1	0.51823	0.37337	1	0.46063	0.54315	12.44522	1.05844	1	0.72413	0.56417	12.81960	1.05844	1	-0.00978	-0.01062	0.66199	0.00376	1	0.05871	-0.01548	0.68561	0.00403	1	1.45898	0.81042	0	
1238811	8356.16406	3304361236241	0.50277	0.36600	8356.02344	0.14062	10968	1	0.53777	0.32991	1	0.50023	0.34781	1	0.51900	0.33886	1	0.46080	0.54274	12.01458	1.05042	1	0.72412	0.56418	12.83399	1.05042	1	-0.00978	-0.01062	0.66199	0.00387	1	0.05871	-0.01548	0.68561	0.00403	1	1.45898	0.81042	0	
1238812	8356.17090	3304361303010	0.50342	0.36522	8356.02344	0.14746	10968	1	0.53796	0.34919	1	0.49759	0.34674	1	0.51777	0.34796	1	0.46080	0.54274	12.01458	1.04241	1	0.72411	0.56415	12.91089	1.04241	1	-0.00978	-0.01062	0.66199	0.00387	1	0.05871	-0.01548	0.68561	0.00402	1	1.45898	0.81042	0	
1238813	8356.17773	3304361369076	0.50401	0.36463	8356.02344	0.15430	10968	1	0.53796	0.34919	1	0.49714	0.35303	1	0.51755	0.35111	1	0.46077	0.54284	12.25187	1.04241	1	0.72425	0.56413	12.87745	1.03475	1	-0.01005	-0.01097	0.68373	0.00391	1	0.05671	-0.01486	0.66053	0.00401	1	1.45898	0.81042	0	
1238814	8356.18457	3304361437273	0.50488	0.36439	8356.02344	0.16113	10968	1	0.54157	0.34909	1	0.50967	0.36821	1	0.52562	0.35865	1	0.46080	0.54299	12.26752	1.04276	1	0.72435	0.56431	12.67245	1.03511	1	-0.01005	-0.01097	0.68373	0.00397	1	0.05671	-0.01486	0.66053	0.00394	1	1.45898	0.81042	0	
1238815	8356.19043	3304361504286	0.50481	0.36485	8356.02344	0.16699	10968	1	0.51961	0.36560	1	0.48676	0.38695	1	0.50318	0.37627	1	0.46081	0.54297	12.30119	1.04312	1	0.72432	0.56461	12.52091	1.03546	1	-0.01005	-0.01097	0.68373	0.00388	1	0.05671	-0.01486	0.66053	0.00403	1	1.45898	0.81042	0	
1238816	8356.19727	3304361570842	0.50476	0.36515	8356.02344	0.17383	10968	1	0.51957	0.36532	1	0.48715	0.38063	1	0.50336	0.37298	1	0.46086	0.54275	11.88007	1.04348	1	0.72439	0.56471	12.29346	1.04348	1	-0.00990	-0.01092	0.68054	0.00402	1	0.05830	-0.01532	0.67846	0.00413	1	1.45898	0.81042	0	
1238817	8356.20410	3304361637460	0.50474	0.36498	8356.02344	0.18066	10968	1	0.53012	0.36492	1	0.47861	0.35568	1	0.50437	0.36030	1	0.46099	0.54301	12.25949	1.04348	1	0.72451	0.56428	12.33148	1.05114	1	-0.00990	-0.01092	0.68054	0.00396	1	0.05830	-0.01532	0.67846	0.00433	1	1.45898	0.81042	0	
1238818	8356.21094	3304361704994	0.50463	0.36493	8356.02344	0.18750	10968	1	0.52486	0.38398	1	0.47799	0.34341	1	0.50143	0.36370	1	0.46077	0.54277	12.39982	1.05114	1	0.72451	0.56428	12.33148	1.05880	1	-0.00990	-0.01092	0.68054	0.00378	1	0.05830	-0.01532	0.67846	0.00432	1	1.45898	0.81042	0	
1238819	8356.21680	3304361767995	0.50451	0.36469	8356.02344	0.19336	10968	1	0.52406	0.37818	1	0.47830	0.33720	1	0.50118	0.35769	1	0.46098	0.54250	11.88252	1.05880	1	0.72479	0.56479	13.15124	1.06646	1	-0.00990	-0.01092	0.68054	0.00402	1	0.05830	-0.01532	0.67846	0.00403	1	1.45898	0.81042	0	
1238820	8356.22461	3304361837947	0.50474	0.36350	8356.02344	0.20117	10968	1	0.52505	0.28794	1	0.49774	0.36752	1	0.51140	0.32773	1	0.46097	0.54198	12.24684	1.06646	1	0.72475	0.56471	13.23831	1.06646	1	-0.00990	-0.01092	0.68054	0.00415	1	0.05830	-0.01532	0.67846	0.00390	1	1.45898	0.81042	0	
1238821	8356.23145	3304361906025	0.50482	0.36323	8356.02344	0.20801	10968	1	0.52034	0.34888	1	0.49481	0.36064	1	0.50757	0.35476	1	0.46083	0.54241	12.06524	1.06646	1	0.72478	0.56468	13.17194	1.06646	1	-0.00990	-0.01092	0.68054	0.00393	1	0.05830	-0.01532	0.67846	0.00394	1	1.45898	0.81042	0	
1238822	8356.23730	3304361972512	0.50491	0.36297	8356.02344	0.21387	10968	1	0.52034	0.34888	1	0.49481	0.36064	1	0.50757	0.35476	1	0.46090	0.54258	12.18622	1.06646	1	0.72488	0.56390	12.80535	1.06646	1	-0.00990	-0.01092	0.68054	0.00387	1	0.05830	-0.01532	0.67846	0.00424	1	1.45898	0.81042	0	
1238823	8356.24414	3304362040129	0.50518	0.36179	8356.02344	0.22070	10968	1	0.53932	0.30492	1	0.48901	0.34099	1	0.51417	0.32296	1	0.46116	0.54197	11.33973	1.06646	1	0.72471	0.56450	13.18734	1.06646	1	-0.00990	-0.01092	0.68054	0.00406	1	0.05830	-0.01532	0.67846	0.00404	1	1.45898	0.81042	0	
1238824	8356.25098	3304362106881	0.50545	0.35981	8356.02344	0.22754	10968	1	0.53134	0.23784	1	0.49769	0.34716	1	0.51451	0.29250	1	0.46108	0.54142	12.24439	1.06646	1	0.72481	0.56445	13.05520	1.06646	1	-0.00990	-0.01092	0.68054	0.00389	1	0.05830	-0.01532	0.67846	0.00400	1	1.45898	0.81042	0	
1238825	8356.25781	3304362173758	0.50570	0.35822	8356.02344	0.23438	10968	1	0.53213	0.24492	1	0.49679	0.35974	1	0.51446	0.30233	1	0.46122	0.54143	12.56492	1.05844	1	0.72494	0.56413	12.86307	1.05078	1	-0.00956	-0.01061	0.66095	0.00401	1	0.05710	-0.01494	0.66398	0.00406	1	1.45898	0.81042	0	
1238826	8356.26465	3304362240871	0.50635	0.35809	8356.02344	0.24121	10968	1	0.55927	0.34428	1	0.50061	0.36266	1	0.52994	0.35347	1	0.46146	0.54249	12.16210	1.04276	1	0.72493	0.56416	12.87441	1.03511	1	-0.00956	-0.01061	0.66095	0.00355	1	0.05710	-0.01494	0.66398	0.00403	1	1.45898	0.81042	0	
1238827	8356.27148	3304362307948	0.50674	0.35756	8356.02344	0.24805	10968	1	0.53518	0.30867	1	0.50685	0.36768	1	0.52102	0.33817	1	0.46149	0.54181	11.66369	1.02709	1	0.72503	0.56433	12.80228	1.01943	1	-0.00956	-0.01061	0.66095	0.00392	1	0.05710	-0.01494	0.66398	0.00399	1	1.45898	0.81042	0	
1238828	8356.27832	3304362374831	0.50711	0.35740	8356.02344	0.25488	10968	1	0.53674	0.32196	1	0.50578	0.38054	1	0.52126	0.35125	1	0.46145	0.54192	11.78166	1.01141	1	0.72489	0.56420	12.88942	1.00375	1	-0.00945	-0.01043	0.65277	0.00385	1	0.05710	-0.01494	0.66398	0.00400	1	1.45898	0.81042	0	
1238829	8356.28418	3304362441395	0.50769	0.35797	8356.02344	0.26074	10968	1	0.56393	0.37691	1	0.49690	0.38293	1	0.53042	0.37992	1	0.46150	0.54255	12.07632	1.00375	1	0.72489	0.56420	12.88942	1.00375	1	-0.00945	-0.01043	0.65277	0.00363	1	0.05710	-0.01494	0.66398	0.00400	1	1.45898	0.81042	0	
1238830	8356.29102	3304362508827	0.50812	0.35879	8356.02344	0.26758	10968	1	0.55649	0.39945	1	0.49377	0.38380	1	0.52513	0.39162	1	0.46174	0.54269	12.28092	1.00375	1	0.72480	0.56415	12.73662	1.00375	1	-0.00945	-0.01043	0.65277	0.00368	1	0.05710	-0.01494	0.66398	0.00400	1	1.45898	0.81042	0	
1238831	8356.29785	3304362575249	0.50852	0.35957	8356.02344	0.27441	10968	1	0.55649	0.39945	1	0.49377	0.38380	1	0.52513	0.39162	1	0.46166	0.54267	12.29751	1.00375	1	0.72487	0.56372	12.75757	1.00375	1	-0.00945	-0.01043	0.65277	0.00360	1	0.05710	-0.01494	0.66398	0.00418	1	1.45898	0.81042	0	
1238832	8356.30469	3304362642833	0.50879	0.36019	8356.02344	0.28125	10968	1	0.53792	0.41807	1	0.50222	0.35436	1	0.52007	0.38621	1	0.46155	0.54278	12.43435	1.00375	1	0.72492	0.56385	12.90090	1.00375	1	-0.00945	-0.01043	0.65277	0.00357	1	0.05710	-0.01494	0.66398	0.00415	1	1.45898	0.81042	0	
1238833	8356.31152	3304362709682	0.50919	0.35966	8356.02344	0.28809	10968	1	0.55661	0.31827	1	0.49578	0.35576	1	0.52619	0.33701	1	0.46141	0.54153	12.11218	1.00375	1	0.72486	0.56398	12.78783	1.00375	1	-0.00945	-0.01043	0.65277	0.00393	1	0.05710	-0.01494	0.66398	0.00405	1	1.45898	0.81042	0	
1238834	8356.31836	3304362774674	0.50956	0.35901	8356.02344	0.29492	10968	1	0.55594	0.31140	1	0.49625	0.34899	1	0.52610	0.33020	1	0.46158	0.54161	11.92760	1.01177	1	0.72480	0.56432	13.09685	1.01177	1	-0.00968	-0.01074	0.67222	0.00407	1	0.05710	-0.01494	0.66398	0.00397	1	1.45898	0.81042	0	
1238835	8356.32520	3304362843399	0.50988	0.35931	8356.02344	0.30176	10968	1	0.55165	0.37890	1	0.49705	0.36664	1	0.52435	0.37277	1	0.46170	0.54253	12.26706	1.01979	1	0.72482	0.56417	13.10498	1.01979	1	-0.00968	-0.01074	0.67222	0.00365	1	0.05710	-0.01494	0.66398	0.00405	1	1.45898	0.81042	0	
1238836	8356.33105	3304362906041	0.50997	0.35972	8356.02344	0.30762	10968	1	0.53733	0.36701	1	0.49069	0.39056	1	0.51401	0.37879	1	0.46148	0.54233	11.83671	1.02780	1	0.72475	0.56473	13.30272	1.02780	1	-0.00968	-0.01074	0.67222	0.00356	1	0.05710	-0.01494	0.66398	0.00378	1	1.45898	0.81042	0	
1238837	8356.33789	3304362975487	0.51006	0.35992	8356.02344	0.31445	10968	1	0.53655	0.36068	1	0.49151	0.37817	1	0.51403	0.36942	1	0.46149	0.54242	11.81922	1.03582	1	0.72481	0.56460	13.38953	1.04348	1	-0.00968	-0.01069	0.67221	0.00357	1	0.05796	-0.01515	0.67339	0.00375	1	1.45898	0.81042	0	
1238838	8356.34473	3304363041077	0.51059	0.35824	8356.02344	0.32129	10968	1	0.53466	0.35432	1	0.50657	0.29990	1	0.52061	0.32711	1	0.46157	0.54259	11.80918	1.04348	1	0.72489	0.56373	12.70888	1.05114	1	-0.00968	-0.01069	0.67221	0.00364	1	0.05796	-0.01515	0.67339	0.00415	1	1.45898	0.81042	0	
1238839	8356.35156	3304363108940	0.51100	0.35790	8356.02344	0.32812	10968	1	0.54718	0.36951	1	0.50500	0.34383	1	0.52609	0.35667	1	0.46159	0.54266	11.85940	1.05114	1	0.72492	0.56433	12.82947	1.05880	1	-0.00968	-0.01069	0.67221	0.00361	1	0.05796	-0.01515	0.67339	0.00390	1	1.45898	0.81042	0	
1238840	8356.35840	3304363176575	0.51141	0.35770	8356.02344	0.33496	10968	1	0.54651	0.36362	1	0.50500	0.34383	1	0.52576	0.35372	1	0.46154	0.54238	11.92434	1.05880	1	0.72483	0.56442	12.97881	1.05880	1	-0.00968	-0.01074	0.67221	0.00361	1	0.05710	-0.01494	0.66398	0.00386	1	1.45898	0.81042	0	
1238841	8356.36426	3304363242251	0.51114	0.35726	8356.02344	0.34082	10968	1	0.52395	0.31517	1	0.48737	0.38002	1	0.50566	0.34760	1	0.46132	0.54241	11.61787	1.05880	1	0.72464	0.56462	13.18622	1.05114	1	-0.00968	-0.01074	0.67221	0.00356	1	0.05710	-0.01494	0.66398	0.00393	1	1.45898	0.81042	0	
1238842	8356.37207	3304363311467	0.51197	0.35732	8356.02344	0.34863	10968	1	0.55238	0.31698	1	0.50195	0.36739	1	0.52717	0.34218	1	0.46136	0.54227	11.63143	1.05114	1	0.72488	0.56448	13.00030	1.04348	1	-0.00968	-0.01074	0.67221	0.00363	1	0.05710	-0.01494	0.66398	0.00384	1	1.45898	0.81042	0	
1238843	8356.37793	3304363377396	0.51281	0.35771	8356.02344	0.35449	10968	1	0.55368	0.32982	1	0.50145	0.37382	1	0.52757	0.35182	1	0.46166	0.54242	12.22046	1.03546	1	0.72491	0.56456	13.06855	1.03546	1	-0.00956	-0.01051	0.66095	0.00368	1	0.05796	-0.01515	0.67339	0.00383	1	1.45898	0.81042	0	
1238844	8356.38477	3304363446372	0.51328	0.35837	8356.02344	0.36133	10968	1	0.55861	0.38685	1	0.48490	0.37342	1	0.52176	0.38014	1	0.46140	0.54240	12.49089	1.02745	1	0.72465	0.56449	13.13003	1.03511	1	-0.00956	-0.01051	0.66095	0.00364	1	0.05796	-0.01515	0.67339	0.00398	1	1.45898	0.81042	0	
1238845	8356.39160	3304363513712	0.51411	0.35896	8356.02344	0.36816	10968	1	0.57301	0.40990	1	0.48713	0.39188	1	0.53007	0.40089	1	0.46161	0.54256	12.18556	1.02709	1	0.72475	0.56460	12.96132	1.03475	1	-0.00956	-0.01051	0.66095	0.00365	1	0.05796	-0.01515	0.67339	0.00393	1	1.45898	0.81042	0	
1238846	8356.39844	3304363580471	0.51491	0.35923	8356.02344	0.37500	10968	1	0.57249	0.40418	1	0.48713	0.39188	1	0.52981	0.39803	1	0.46165	0.54242	12.24282	1.03475	1	0.72473	0.56468	13.37338	1.03475	1	-0.00990	-0.01072	0.68054	0.00383	1	0.05710	-0.01494	0.66398	0.00383	1	1.45898	0.81042	0	
1238847	8356.40527	3304363647527	0.51568	0.35952	8356.02344	0.38184	10968	1	0.56254	0.39606	1	0.48517	0.38511	1	0.52386	0.39059	1	0.46145	0.54243	12.45003	1.04276	1	0.72471	0.56450	13.15395	1.03511	1	-0.00990	-0.01072	0.68054	0.00366	1	0.05710	-0.01494	0.66398	0.00387	1	1.45898	0.81042	0	
1238848	8356.41211	3304363714315	0.51635	0.35900	8356.02344	0.38867	10968	1	0.55737	0.36200	1	0.49369	0.37744	1	0.52553	0.36972	1	0.46143	0.54226	12.43693	1.04312	1	0.72480	0.56450	13.30107	1.03546	1	-0.00990	-0.01072	0.68054	0.00373	1	0.05710	-0.01494	0.66398	0.00384	1	1.45898	0.81042	0	
1238849	8356.41895	3304363781200	0.51703	0.35854	8356.02344	0.39551	10968	1	0.55797	0.36800	1	0.49369	0.37744	1	0.52583	0.37272	1	0.46128	0.54228	12.20078	1.03546	1	0.72474	0.56440	13.10413	1.03546	1	-0.00953	-0.01037	0.65848	0.00373	1	0.05796	-0.01515	0.67339	0.00388	1	1.45898	0.81042	0	
1238850	8356.42578	3304363848387	0.51751	0.35818	8356.02344	0.40234	10968	1	0.55389	0.37916	1	0.49301	0.35990	1	0.52345	0.36953	1	0.46143	0.54226	12.09457	1.02745	1	0.72479	0.56448	13.12438	1.03511	1	-0.00953	-0.01037	0.65848	0.00375	1	0.05796	-0.01515	0.67339	0.00378	1	1.45898	0.81042	0	
1238851	8356.43164	3304363915017	0.51816	0.35799	8356.02344	0.40820	10968	1	0.56425	0.37312	1	0.50649	0.34035	1	0.53537	0.35673	1	0.46152	0.54217	12.30658	1.02709	1	0.72491	0.56430	13.24293	1.03475	1	-0.00953	-0.01037	0.65848	0.00382	1	0.05796	-0.01515	0.67339	0.00380	1	1.45898	0.81042	0	
1238852	8356.43848	3304363983116	0.51882	0.35786	8356.02344	0.41504	10968	1	0.56368	0.36712	1	0.50649	0.34035	1	0.53509	0.35373	1	0.46115	0.54211	13.13892	1.03475	1	0.72488	0.56435	12.97269	1.03475	1	-0.00990	-0.01072	0.68054	0.00378	1	0.05710	-0.01494	0.66398	0.00378	1	1.45898	0.81042	0	
1238853	8356.44531	3304364049392	0.51938	0.35783	8356.02344	0.42188	10968	1	0.55900	0.37224	1	0.49725	0.37661	1	0.52812	0.37442	1	0.46138	0.54227	11.75845	1.04276	1	0.72484	0.56449	12.93109	1.03511	1	-0.00990	-0.01072	0.68054	0.00377	1	0.05710	-0.01494	0.66398	0.00382	1	1.45898	0.81042	0	
1238854	8356.45215	3304364116112	0.51954	0.35779	8356.02344	0.42871	10968	1	0.53586	0.37211	1	0.49494	0.31977	1	0.51540	0.34594	1	0.46105	0.54218	11.27948	1.04312	1	0.72476	0.56381	12.89121	1.03546	1	-0.00990	-0.01072	0.68054	0.00382	1	0.05710	-0.01494	0.66398	0.00413	1	1.45898	0.81042	0	
1238855	8356.45898	3304364183284	0.51970	0.35775	8356.02344	0.43555	10968	1	0.53583	0.37184	1	0.49496	0.31946	1	0.51540	0.34565	1	0.46115	0.54230	11.93516	1.04348	1	0.72472	0.56453	13.24106	1.03582	1	-0.00990	-0.01072	0.68054	0.00376	1	0.05710	-0.01494	0.66398	0.00385	1	1.45898	0.81042	0	
1238856	8356.46582	3304364249494	0.51962	0.35836	8356.02344	0.44238	10968	1	0.54427	0.35203	1	0.49988	0.36892	1	0.52208	0.36048	1	0.46118	0.54213	11.43531	1.03582	1	0.72482	0.56446	13.18110	1.03582	1	-0.00990	-0.01072	0.68054	0.00381	1	0.05710	-0.01494	0.66398	0.00387	1	1.45898	0.81042	0	
1238857	8356.47266	3304364317241	0.51946	0.35799	8356.02344	0.44922	10968	1	0.52238	0.32663	1	0.49838	0.37263	1	0.51038	0.34963	1	0.46085	0.54209	12.08276	1.03582	1	0.72487	0.56444	13.01902	1.03582	1	-0.00990	-0.01072	0.68054	0.00375	1	0.05710	-0.01494	0.66398	0.00383	1	1.45898	0.81042	0	
1238858	8356.47852	3304364384544	0.51930	0.35743	8356.02344	0.45508	10968	1	0.52238	0.32663	1	0.49883	0.36648	1	0.51061	0.34656	1	0.46087	0.54210	12.04999	1.03582	1	0.72454	0.56472	13.22398	1.04348	1	-0.00990	-0.01072	0.68054	0.00375	1	0.05867	-0.01536	0.68278	0.00383	1	1.45898	0.81042	0	
1238859	8356.48535	3304364450911	0.51886	0.35754	8356.02344	0.46191	10968	1	0.51672	0.28741	1	0.47894	0.40033	1	0.49783	0.34387	1	0.46075	0.54211	12.12555	1.04348	1	0.72455	0.56477	13.27897	1.05114	1	-0.00990	-0.01072	0.68054	0.00373	1	0.05867	-0.01536	0.68278	0.00386	1	1.45898	0.81042	0	
1238860	8356.49219	3304364518222	0.51839	0.35778	8356.02344	0.46875	10968	1	0.51408	0.31826	1	0.47639	0.40111	1	0.49524	0.35969	1	0.46080	0.54214	12.03297	1.05114	1	0.72453	0.56482	13.27940	1.05880	1	-0.00990	-0.01072	0.68054	0.00371	1	0.05867	-0.01536	0.68278	0.00389	1	1.45898	0.81042	0	
1238861	8356.49902	3304364585161	0.51792	0.35797	8356.02344	0.47559	10968	1	0.51412	0.31856	1	0.47638	0.40138	1	0.49525	0.35997	1	0.46099	0.54249	12.87445	1.05078	1	0.72478	0.56488	13.17520	1.05844	1	-0.00966	-0.01041	0.66085	0.00367	1	0.05867	-0.01536	0.68278	0.00382	1	1.45898	0.81042	0	
1238862	8356.50586	3304364652220	0.51733	0.35805	8356.02344	0.48242	10968	1	0.53250	0.35602	1	0.46173	0.36959	1	0.49712	0.36280	1	0.46073	0.54267	12.36174	1.05042	1	0.72427	0.56467	12.87538	1.05042	1	-0.00966	-0.01041	0.66085	0.00379	1	0.05867	-0.01536	0.68278	0.00422	1	1.45898	0.81042	0	
1238863	8356.51270	3304364719413	0.51746	0.35875	8356.02344	0.48926	10968	1	0.54762	0.37991	1	0.47089	0.43909	1	0.50926	0.40950	1	0.46086	0.54218	12.46730	1.04241	1	0.72442	0.56511	13.50897	1.04241	1	-0.00966	-0.01041	0.66085	0.00360	1	0.05867	-0.01536	0.68278	0.00395	1	1.45898	0.81042	0	
1238864	8356.51953	3304364786231	0.51758	0.35951	8356.02344	0.49609	10968	1	0.54762	0.37991	1	0.47089	0.43909	1	0.50926	0.40950	1	0.46057	0.54264	12.02835	1.04241	1	0.72432	0.56472	12.71210	1.04241	1	-0.01005	-0.01082	0.68373	0.00371	1	0.05867	-0.01536	0.68278	0.00400	1	1.45898	0.81042	0	
1238865	8356.52539	3304364851899	0.51813	0.35974	8356.02344	0.50195	10968	1	0.55828	0.34827	1	0.50300	0.39486	1	0.53064	0.37156	1	0.46069	0.54238	12.39896	1.05042	1	0.72413	0.56477	12.79281	1.05042	1	-0.01005	-0.01082	0.68373	0.00363	1	0.05867	-0.01536	0.68278	0.00397	1	1.45898	0.81042	0	
1238866	8356.53223	3304364920229	0.51882	0.35995	8356.02344	0.50879	10968	1	0.57456	0.35323	1	0.49446	0.39398	1	0.53451	0.37361	1	0.46098	0.54253	12.51472	1.05844	1	0.72399	0.56481	12.87364	1.05844	1	-0.01005	-0.01082	0.68373	0.00371	1	0.05867	-0.01536	0.68278	0.00396	1	1.45898	0.81042	0	
1238867	8356.53906	3304364986311	0.51951	0.36021	8356.02344	0.51562	10968	1	0.57404	0.34699	1	0.49448	0.39371	1	0.53426	0.37035	1	0.46081	0.54245	12.00282	1.06646	1	0.72414	0.56436	12.88915	1.05880	1	-0.01021	-0.01093	0.68761	0.00367	1	0.05671	-0.01486	0.66053	0.00395	1	1.45898	0.81042	0	
1238868	8356.54590	3304365053181	0.52001	0.36076	8356.02344	0.52246	10968	1	0.57567	0.34352	1	0.49586	0.36415	1	0.53576	0.35383	1	0.46097	0.54254	12.16240	1.05880	1	0.72399	0.56454	12.90446	1.05114	1	-0.01021	-0.01093	0.68761	0.00370	1	0.05671	-0.01486	0.66053	0.00386	1	1.45898	0.81042	0	
1238869	8356.55273	3304365121251	0.52060	0.36100	8356.02344	0.52930	10968	1	0.57010	0.36169	1	0.50159	0.37134	1	0.53585	0.36652	1	0.46089	0.54256	12.01381	1.05114	1	0.72414	0.56442	12.96380	1.04348	1	-0.01021	-0.01093	0.68761	0.00369	1	0.05671	-0.01486	0.66053	0.00384	1	1.45898	0.81042	0	
1238870	8356.55957	3304365188261	0.52119	0.36137	8356.02344	0.53613	10968	1	0.57063	0.36764	1	0.50111	0.37745	1	0.53587	0.37255	1	0.46067	0.54233	11.80775	1.04348	1	0.72390	0.56427	13.08349	1.03582	1	-0.00998	-0.01074	0.67234	0.00373	1	0.05654	-0.01484	0.65973	0.00388	1	1.45898	0.81042	0	
1238871	8356.56641	3304365254657	0.52134	0.36161	8356.02344	0.54297	10968	1	0.54709	0.34330	1	0.49568	0.32554	1	0.52139	0.33442	1	0.46040	0.54232	12.35903	1.03582	1	0.72401	0.56399	12.73676	1.03582	1	-0.00998	-0.01074	0.67234	0.00371	1	0.05654	-0.01484	0.65973	0.00384	1	1.45898	0.81042	0	
1238872	8356.57227	3304365321323	0.52136	0.36277	8356.02344	0.54883	10968	1	0.53924	0.35881	1	0.49112	0.33786	1	0.51518	0.34833	1	0.46034	0.54247	12.56750	1.03582	1	0.72389	0.56411	12.83918	1.03582	1	-0.00998	-0.01074	0.67234	0.00358	1	0.05654	-0.01484	0.65973	0.00384	1	1.45898	0.81042	0	
1238873	8356.57910	3304365389027	0.52138	0.36367	8356.02344	0.55566	10968	1	0.53924	0.35881	1	0.49152	0.33146	1	0.51538	0.34513	1	0.46044	0.54255	12.68003	1.03582	1	0.72381	0.56475	13.27011	1.04348	1	-0.00998	-0.01074	0.67234	0.00363	1	0.05819	-0.01529	0.67960	0.00383	1	1.45898	0.81042	0	
1238874	8356.58594	3304365455785	0.52080	0.36376	8356.02344	0.56250	10968	1	0.51857	0.32173	1	0.48586	0.39408	1	0.50221	0.35790	1	0.46000	0.54222	12.08055	1.04348	1	0.72391	0.56470	13.34753	1.05114	1	-0.00998	-0.01074	0.67234	0.00371	1	0.05819	-0.01529	0.67960	0.00380	1	1.45898	0.81042	0	
1238875	8356.59277	3304365523152	0.52029	0.36405	8356.02344	0.56934	10968	1	0.51486	0.29829	1	0.47881	0.40580	1	0.49683	0.35204	1	0.45995	0.54191	12.03333	1.05114	1	0.72379	0.56480	13.30499	1.05880	1	-0.00998	-0.01074	0.67234	0.00360	1	0.05819	-0.01529	0.67960	0.00390	1	1.45898	0.81042	0	
1238876	8356.59961	3304365589796	0.51979	0.36407	8356.02344	0.57617	10968	1	0.51490	0.29859	1	0.47880	0.40607	1	0.49685	0.35233	1	0.46017	0.54223	12.30341	1.05078	1	0.72376	0.56495	13.02463	1.05844	1	-0.00985	-0.01055	0.66047	0.00364	1	0.05819	-0.01529	0.67960	0.00388	1	1.45898	0.81042	0	
1238877	8356.60645	3304365657175	0.51948	0.36397	8356.02344	0.58301	10968	1	0.55647	0.35898	1	0.47527	0.39082	1	0.51587	0.37490	1	0.46025	0.54246	12.37415	1.05042	1	0.72368	0.56479	13.23813	1.05042	1	-0.00985	-0.01055	0.66047	0.00361	1	0.05819	-0.01529	0.67960	0.00401	1	1.45898	0.81042	0	
1238878	8356.61328	3304365724563	0.51905	0.36356	8356.02344	0.58984	10968	1	0.54557	0.34150	1	0.46294	0.40295	1	0.50426	0.37223	1	0.46002	0.54211	12.11365	1.04241	1	0.72350	0.56488	12.23249	1.04241	1	-0.00985	-0.01055	0.66047	0.00357	1	0.05819	-0.01529	0.67960	0.00402	1	1.45898	0.81042	0	
1238879	8356.62012	3304365792151	0.51861	0.36316	8356.02344	0.59668	10968	1	0.54557	0.34150	1	0.46294	0.40295	1	0.50426	0.37223	1	0.45994	0.54226	12.04171	1.04241	1	0.72329	0.56512	12.79744	1.04241	1	-0.01014	-0.01080	0.67634	0.00362	1	0.05819	-0.01529	0.67960	0.00397	1	1.45898	0.81042	0	
1238880	8356.62598	3304365857648	0.51813	0.36292	8356.02344	0.60254	10968	1	0.53552	0.34659	1	0.45828	0.40291	1	0.49690	0.37475	1	0.45996	0.54230	11.86972	1.05042	1	0.72341	0.56463	12.38695	1.05042	1	-0.01014	-0.01080	0.67634	0.00365	1	0.05819	-0.01529	0.67960	0.00403	1	1.45898	0.81042	0	
1238881	8356.63281	3304365924222	0.51776	0.36340	8356.02344	0.60938	10968	1	0.54521	0.36410	1	0.47134	0.35603	1	0.50828	0.36007	1	0.46002	0.54267	11.93534	1.05844	1	0.72366	0.56452	12.07210	1.05844	1	-0.01014	-0.01080	0.67634	0.00359	1	0.05819	-0.01529	0.67960	0.00415	1	1.45898	0.81042	0	
1238882	8356.63965	3304365991776	0.51738	0.36389	8356.02344	0.61621	10968	1	0.54451	0.35793	1	0.47161	0.34963	1	0.50806	0.35378	1	0.45990	0.54124	11.66833	1.06646	1	0.72357	0.56445	12.31684	1.06646	1	-0.01014	-0.01086	0.67634	0.00405	1	0.05819	-0.01529	0.67960	0.00404	1	1.45898	0.81042	0	
1238883	8356.64648	3304366059137	0.51673	0.36314	8356.02344	0.62305	10968	1	0.52818	0.28685	1	0.45838	0.38630	1	0.49328	0.33658	1	0.45988	0.54188	11.97497	1.06646	1	0.72338	0.56479	12.52710	1.06646	1	-0.01014	-0.01086	0.67634	0.00391	1	0.05819	-0.01529	0.67960	0.00396	1	1.45898	0.81042	0	
1238884	8356.65332	3304366125574	0.51650	0.36140	8356.02344	0.62988	10968	1	0.54608	0.23736	1	0.45992	0.35366	1	0.50300	0.29551	1	0.45981	0.54147	12.04008	1.06646	1	0.72338	0.56453	12.54063	1.06646	1	-0.01014	-0.01086	0.67634	0.00392	1	0.05819	-0.01529	0.67960	0.00390	1	1.45898	0.81042	0	
1238885	8356.66016	3304366192747	0.51627	0.35986	8356.02344	0.63672	10968	1	0.54608	0.23736	1	0.45992	0.35366	1	0.50300	0.29551	1	0.45981	0.54147	12.04008	1.06646	1	0.72340	0.56468	12.45017	1.06646	1	-0.01014	-0.01086	0.67634	0.00392	1	0.05819	-0.01529	0.67960	0.00398	1	1.45898	0.81042	0	
1238886	8356.66602	3304366259294	0.51619	0.35981	8356.02344	0.64258	10968	1	0.54598	0.25543	1	0.48681	0.39341	1	0.51640	0.32442	1	0.45976	0.54130	11.93907	1.06646	1	0.72314	0.56499	13.60351	1.06646	1	-0.01014	-0.01086	0.67634	0.00396	1	0.05819	-0.01529	0.67960	0.00392	1	1.45898	0.81042	0	
1238887	8356.67285	3304366326969	0.51614	0.35894	8356.02344	0.64941	10968	1	0.55687	0.27180	1	0.49037	0.35807	1	0.52362	0.31493	1	0.45989	0.54164	12.05909	1.06646	1	0.72358	0.56459	12.21733	1.06646	1	-0.01014	-0.01086	0.67634	0.00395	1	0.05819	-0.01529	0.67960	0.00389	1	1.45898	0.81042	0	
1238888	8356.67969	3304366393697	0.51609	0.35826	8356.02344	0.65625	10968	1	0.55749	0.27861	1	0.48997	0.36442	1	0.52373	0.32151	1	0.45985	0.54195	11.84544	1.05844	1	0.72303	0.56465	13.14235	1.05844	1	-0.00993	-0.01058	0.65913	0.00381	1	0.05858	-0.01542	0.68529	0.00392	1	1.45898	0.81042	0	
1238889	8356.68652	3304366460616	0.51602	0.35883	8356.02344	0.66309	10968	1	0.55749	0.27861	0	0.50215	0.37458	1	0.50215	0.37458	1	0.45985	0.54195	11.84544	1.05042	0	0.72334	0.56452	12.94383	1.05042	1	-0.00993	-0.01058	0.65913	0.00381	1	0.05858	-0.01542	0.68529	0.00386	1	1.45898	0.81042	0	
1238890	8356.69336	3304366528214	0.51602	0.35883	8356.02344	0.66992	10968	1	0.55749	0.27861	0	0.50215	0.37458	0	0.50215	0.37458	0	0.45985	0.54195	11.84544	1.04241	0	0.72334	0.56452	12.94383	1.04241	0	-0.00993	-0.01058	0.65913	0.00381	1	0.05858	-0.01542	0.68529	0.00386	1	1.45898	0.81042	0	
1238891	8356.70020	3304366593844	0.51602	0.35883	8356.02344	0.67676	10968	1	0.55749	0.27861	0	0.50215	0.37458	0	0.50215	0.37458	0	0.45985	0.54195	11.84544	1.03439	0	0.72334	0.56452	12.94383	1.03439	0	-0.00993	-0.01058	0.65913	0.00381	1	0.05858	-0.01542	0.68529	0.00386	1	1.45898	0.81042	0	
1238892	8356.70703	3304366661621	0.51602	0.35883	8356.02344	0.68359	10968	1	0.55749	0.27861	0	0.50215	0.37458	0	0.50215	0.37458	0	0.45985	0.54195	11.84544	1.03439	0	0.72334	0.56452	12.94383	1.03439	0	-0.00993	-0.01058	0.65913	0.00381	1	0.05858	-0.01542	0.68529	0.00386	1	1.45898	0.81042	0	
1238893	8356.71289	3304366728563	0.50724	0.34134	8356.02344	0.68359	10968	0	0.55749	0.27861	0	0.50215	0.37458	0	0.50215	0.37458	0	0.45985	0.54195	11.84544	1.03439	0	0.72334	0.56452	12.94383	1.03439	0	-0.00993	-0.01058	0.65913	0.00381	1	0.05858	-0.01542	0.68529	0.00386	1	1.45898	0.81042	0	
1238894	8356.71973	3304366795394	0.50724	0.34134	8356.02344	0.68359	10968	0	0.55749	0.27861	0	0.50215	0.37458	0	0.50215	0.37458	0	0.45985	0.54195	11.84544	1.03439	0	0.72334	0.56452	12.94383	1.03439	0	-0.00993	-0.01058	0.65913	0.00381	1	0.05858	-0.01542	0.68529	0.00386	1	1.45898	0.81042	0	
1238895	8356.72656	3304366863729	0.50724	0.34134	8356.02344	0.68359	10968	0	0.55749	0.27861	0	0.50215	0.37458	0	0.50215	0.37458	0	0.45985	0.54195	11.84544	1.03439	0	0.72334	0.56452	12.94383	1.03439	0	-0.00993	-0.01058	0.65913	0.00381	1	0.05858	-0.01542	0.68529	0.00386	1	1.45898	0.81042	0	
1238896	8356.73340	3304366930347	0.00000	0.00000	8356.02344	0.68359	10968	0	0.55749	0.27861	0	0.50215	0.37458	0	0.50215	0.37458	0	0.45985	0.54195	11.84544	1.03439	0	0.72334	0.56452	12.94383	1.03439	0	-0.00993	-0.01058	0.65913	0.00381	1	0.05858	-0.01542	0.68529	0.00386	1	1.45898	0.81042	0	
1238897	8356.74023	3304366994986	0.00000	0.00000	8356.02344	0.68359	10968	0	0.55749	0.27861	0	0.50215	0.37458	0	0.50215	0.37458	0	0.45985	0.54195	11.84544	1.03439	0	0.72334	0.56452	12.94383	1.03439	0	-0.00993	-0.01058	0.65913	0.00381	1	0.05858	-0.01542	0.68529	0.00386	1	1.45898	0.81042	0	
1238898	8356.74707	3304367062121	0.24641	0.19681	8356.02344	0.68359	10968	0	0.55749	0.27861	0	0.49282	0.39362	1	0.49282	0.39362	1	0.45985	0.54195	11.84544	1.03439	0	0.72320	0.56473	13.72443	1.03439	1	-0.00993	-0.01058	0.65913	0.00381	1	0.05858	-0.01542	0.68529	0.00377	1	1.45898	0.81042	0	
1238899	8356.75293	3304367128549	0.49282	0.39362	8356.02344	0.68359	10968	0	0.55749	0.27861	0	0.49282	0.39362	0	0.49282	0.39362	0	0.45985	0.54195	11.84544	1.03439	0	0.72320	0.56473	13.72443	1.03439	0	-0.00993	-0.01058	0.65913	0.00381	1	0.05858	-0.01542	0.68529	0.00377	1	1.45898	0.81042	0	
1238900	8356.75977	3304367194849	0.49282	0.39362	8356.02344	0.68359	10968	0	0.55749	0.27861	0	0.49282	0.39362	0	0.49282	0.39362	0	0.45985	0.54195	11.84544	1.03439	0	0.72320	0.56473	13.72443	1.03439	0	-0.00993	-0.01058	0.65913	0.00381	1	0.05858	-0.01542	0.68529	0.00377	1	1.45898	0.81042	0	
1238901	8356.76660	3304367261079	0.49282	0.39362	8356.02344	0.68359	10968	0	0.55749	0.27861	0	0.49282	0.39362	0	0.49282	0.39362	0	0.45985	0.54195	11.84544	1.03439	0	0.72320	0.56473	13.72443	1.03439	0	-0.00993	-0.01058	0.65913	0.00381	1	0.05858	-0.01542	0.68529	0.00377	1	1.45898	0.81042	0	
1238902	8356.77344	3304367326701	0.00000	0.00000	8356.02344	0.68359	10968	0	0.55749	0.27861	0	0.49282	0.39362	0	0.49282	0.39362	0	0.45985	0.54195	11.84544	1.03439	0	0.72320	0.56473	13.72443	1.03439	0	-0.00993	-0.01058	0.65913	0.00381	1	0.05858	-0.01542	0.68529	0.00377	1	1.45898	0.81042	0	
1238903	8356.78027	3304367396227	0.00000	0.00000	8356.02344	0.68359	10968	0	0.55749	0.27861	0	0.49282	0.39362	0	0.49282	0.39362	0	0.45985	0.54195	11.84544	1.03439	0	0.72320	0.56473	13.72443	1.03439	0	-0.00993	-0.01058	0.65913	0.00381	1	0.05858	-0.01542	0.68529	0.00377	1	1.45898	0.81042	0	
1238904	8356.78613	3304367460823	0.00000	0.00000	8356.02344	0.68359	10968	0	0.55749	0.27861	0	0.49282	0.39362	0	0.49282	0.39362	0	0.45985	0.54195	11.84544	1.03439	0	0.72320	0.56473	13.72443	1.03439	0	-0.00993	-0.01058	0.65913	0.00381	1	0.05858	-0.01542	0.68529	0.00377	1	1.45898	0.81042	0	
1238905	8356.79395	3304367532974	0.00000	0.00000	8356.02344	0.68359	10968	0	0.55749	0.27861	0	0.49282	0.39362	0	0.49282	0.39362	0	0.45985	0.54195	11.84544	1.03439	0	0.72320	0.56473	13.72443	1.03439	0	-0.00993	-0.01058	0.65913	0.00381	1	0.05858	-0.01542	0.68529	0.00377	1	1.45898	0.81042	0	
1238906	8356.80078	3304367599174	0.00000	0.00000	8356.02344	0.68359	10968	0	0.55749	0.27861	0	0.49282	0.39362	0	0.49282	0.39362	0	0.45985	0.54195	11.84544	1.03439	0	0.72320	0.56473	13.72443	1.03439	0	-0.00993	-0.01058	0.65913	0.00381	1	0.05858	-0.01542	0.68529	0.00377	1	1.45898	0.81042	0	
1238907	8356.80664	3304367665972	0.00000	0.00000	8356.02344	0.68359	10968	0	0.55749	0.27861	0	0.49282	0.39362	0	0.49282	0.39362	0	0.45985	0.54195	11.84544	1.03439	0	0.72320	0.56473	13.72443	1.03439	0	-0.00993	-0.01058	0.65913	0.00381	1	0.05858	-0.01542	0.68529	0.00377	1	1.45898	0.81042	0	
1238908	8356.81348	3304367733471	0.51418	0.36625	8356.02344	0.68359	10968	0	0.53886	0.37524	1	0.48949	0.35725	1	0.51418	0.36625	1	0.45955	0.54311	13.04283	1.03439	1	0.72315	0.56424	12.96003	1.03439	1	-0.00993	-0.01058	0.65913	0.00376	1	0.05858	-0.01542	0.68529	0.00406	1	1.45898	0.81042	0	
1238909	8356.82031	3304367800678	0.51409	0.36305	8356.02344	0.68359	10968	0	0.53810	0.36901	1	0.48990	0.35069	1	0.51400	0.35985	1	0.45956	0.54307	13.03431	1.04241	1	0.72313	0.56445	13.04466	1.04241	1	-0.01014	-0.01086	0.67634	0.00377	1	0.05860	-0.01548	0.68554	0.00394	1	1.45898	0.81042	0	
1238910	8356.82715	3304367867326	0.52176	0.35137	8356.02344	0.68359	10968	0	0.56665	0.34241	1	0.50755	0.31363	1	0.53710	0.32802	1	0.46005	0.54290	12.14763	1.05042	1	0.72346	0.56391	12.87157	1.05042	1	-0.01014	-0.01086	0.67634	0.00383	1	0.05860	-0.01548	0.68554	0.00400	1	1.45898	0.81042	0	
1238911	8356.83398	3304367934163	0.52573	0.34421	8356.81348	0.02051	10969	1	0.56614	0.33234	1	0.50913	0.31310	1	0.53763	0.32272	1	0.46002	0.54301	12.29240	1.05844	1	0.72346	0.56399	12.64011	1.05844	1	-0.01014	-0.01086	0.67634	0.00380	1	0.05860	-0.01548	0.68554	0.00406	1	1.45898	0.81042	0	
1238912	8356.84082	3304368001140	0.52811	0.33860	8356.81348	0.02734	10969	1	0.56557	0.32594	1	0.50968	0.30635	1	0.53762	0.31614	1	0.45980	0.54294	12.64054	1.06646	1	0.72342	0.56404	12.56741	1.06646	1	-0.01014	-0.01086	0.67634	0.00378	1	0.05860	-0.01548	0.68554	0.00409	1	1.45898	0.81042	0	
1238913	8356.84766	3304368067779	0.52843	0.33854	8356.81348	0.03418	10969	1	0.56692	0.37313	1	0.49310	0.30336	1	0.53001	0.33825	1	0.46007	0.54289	12.28535	1.06646	1	0.72319	0.56405	12.94087	1.06646	1	-0.01014	-0.01086	0.67634	0.00384	1	0.05860	-0.01548	0.68554	0.00420	1	1.45898	0.81042	0	
1238914	8356.85352	3304368134925	0.52560	0.34112	8356.81348	0.04004	10969	1	0.52403	0.35197	1	0.49333	0.36127	1	0.50868	0.35662	1	0.45979	0.54284	12.85743	1.06646	1	0.72322	0.56447	13.21756	1.06646	1	-0.01014	-0.01086	0.67634	0.00379	1	0.05860	-0.01548	0.68554	0.00397	1	1.45898	0.81042	0	
1238915	8356.86035	3304368202275	0.52346	0.34344	8356.81348	0.04688	10969	1	0.52403	0.35197	1	0.49292	0.36732	1	0.50848	0.35964	1	0.46004	0.54286	12.22140	1.06646	1	0.72322	0.56447	13.21756	1.05880	1	-0.01014	-0.01086	0.67634	0.00384	1	0.05611	-0.01481	0.65587	0.00397	1	1.45898	0.81042	0	
1238916	8356.86719	3304368269167	0.52246	0.34385	8356.81348	0.05371	10969	1	0.54808	0.37404	1	0.48072	0.32037	1	0.51440	0.34720	1	0.46006	0.54279	12.05053	1.05880	1	0.72337	0.56406	12.87214	1.05114	1	-0.01014	-0.01086	0.67634	0.00387	1	0.05611	-0.01481	0.65587	0.00401	1	1.45898	0.81042	0	
1238917	8356.87402	3304368336454	0.52045	0.34431	8356.81348	0.06055	10969	1	0.54150	0.33638	1	0.46322	0.36053	1	0.50236	0.34845	1	0.46004	0.54251	12.07844	1.05114	1	0.72309	0.56440	13.17025	1.04348	1	-0.01014	-0.01086	0.67634	0.00395	1	0.05611	-0.01481	0.65587	0.00418	1	1.45898	0.81042	0	
1238918	8356.88086	3304368404010	0.51883	0.34525	8356.81348	0.06738	10969	1	0.54221	0.34252	1	0.46302	0.36669	1	0.50261	0.35461	1	0.45992	0.54227	12.31945	1.04348	1	0.72300	0.56478	13.52748	1.03582	1	-0.01014	-0.01086	0.67634	0.00407	1	0.05616	-0.01477	0.65647	0.00389	1	1.45898	0.81042	0	
1238919	8356.88770	3304368470716	0.51872	0.34647	8356.81348	0.07422	10969	1	0.56677	0.33784	1	0.46836	0.38184	1	0.51757	0.35984	1	0.45998	0.54194	11.99890	1.03582	1	0.72314	0.56468	13.44986	1.03582	1	-0.01014	-0.01086	0.67634	0.00425	1	0.05616	-0.01477	0.65647	0.00389	1	1.45898	0.81042	0	
1238920	8356.89453	3304368537481	0.51745	0.34878	8356.81348	0.08105	10969	1	0.54574	0.34905	1	0.45864	0.40412	1	0.50219	0.37659	1	0.46006	0.54243	12.11265	1.03582	1	0.72304	0.56475	13.49239	1.03582	1	-0.01014	-0.01086	0.67634	0.00418	1	0.05616	-0.01477	0.65647	0.00390	1	1.45898	0.81042	0	
1238921	8356.90137	3304368604093	0.51637	0.35056	8356.81348	0.08789	10969	1	0.54574	0.34905	1	0.45881	0.39823	1	0.50227	0.37364	1	0.45996	0.54193	12.07418	1.03582	1	0.72301	0.56480	13.42203	1.04348	1	-0.01014	-0.01086	0.67634	0.00419	1	0.05819	-0.01529	0.67960	0.00391	1	1.45898	0.81042	0	
1238922	8356.90723	3304368671503	0.51585	0.35087	8356.81348	0.09375	10969	1	0.54042	0.33942	1	0.47693	0.37094	1	0.50867	0.35518	1	0.45999	0.54208	12.11133	1.04348	1	0.72334	0.56452	13.02709	1.05114	1	-0.01014	-0.01086	0.67634	0.00424	1	0.05819	-0.01529	0.67960	0.00387	1	1.45898	0.81042	0	
1238923	8356.91406	3304368738479	0.51506	0.35105	8356.81348	0.10059	10969	1	0.53962	0.32654	1	0.46668	0.38105	1	0.50315	0.35380	1	0.45999	0.54215	12.09232	1.05114	1	0.72319	0.56489	13.43910	1.05880	1	-0.01014	-0.01086	0.67634	0.00419	1	0.05819	-0.01529	0.67960	0.00384	1	1.45898	0.81042	0	
1238924	8356.92090	3304368805151	0.51434	0.35085	8356.81348	0.10742	10969	1	0.53891	0.32032	1	0.46690	0.37512	1	0.50290	0.34772	1	0.46010	0.54307	12.31280	1.05880	1	0.72327	0.56478	13.44692	1.06646	1	-0.01014	-0.01086	0.67634	0.00380	1	0.05819	-0.01529	0.67960	0.00386	1	1.45898	0.81042	0	
1238925	8356.92773	3304368871923	0.51417	0.35108	8356.81348	0.11426	10969	1	0.54328	0.34151	1	0.47932	0.36827	1	0.51130	0.35489	1	0.46000	0.54266	12.20393	1.06646	1	0.72334	0.56461	12.90053	1.06646	1	-0.01014	-0.01086	0.67634	0.00378	1	0.05819	-0.01529	0.67960	0.00387	1	1.45898	0.81042	0	
1238926	8356.93457	3304368936048	0.51358	0.35241	8356.81348	0.12109	10969	1	0.53960	0.37071	1	0.46626	0.38216	1	0.50293	0.37644	1	0.46011	0.54288	12.46808	1.06646	1	0.72309	0.56484	13.52484	1.06646	1	-0.01014	-0.01086	0.67634	0.00364	1	0.05819	-0.01529	0.67960	0.00387	1	1.45898	0.81042	0	
1238927	8356.94141	3304369006168	0.51305	0.35361	8356.81348	0.12793	10969	1	0.53960	0.37071	1	0.46626	0.38216	1	0.50293	0.37644	1	0.46008	0.54245	12.16932	1.06646	1	0.72296	0.56483	13.22564	1.06646	1	-0.01014	-0.01086	0.67634	0.00408	1	0.05819	-0.01529	0.67960	0.00394	1	1.45898	0.81042	0	
1238928	8356.94727	3304369072526	0.51353	0.35269	8356.81348	0.13379	10969	1	0.53751	0.31742	1	0.50880	0.35097	1	0.52316	0.33420	1	0.45998	0.54232	11.89054	1.06646	1	0.72349	0.56447	12.71455	1.06646	1	-0.01014	-0.01086	0.67634	0.00405	1	0.05819	-0.01529	0.67960	0.00389	1	1.45898	0.81042	0	
1238929	8356.95410	3304369139940	0.51308	0.35230	8356.81348	0.14062	10969	1	0.54499	0.31711	1	0.46224	0.37130	1	0.50361	0.34420	1	0.46008	0.54234	12.25719	1.06646	1	0.72307	0.56480	13.20334	1.06646	1	-0.01014	-0.01086	0.67634	0.00401	1	0.05819	-0.01529	0.67960	0.00391	1	1.45898	0.81042	0	
1238930	8356.96094	3304369207177	0.51267	0.35195	8356.81348	0.14746	10969	1	0.54499	0.31711	1	0.46224	0.37130	1	0.50361	0.34420	1	0.46013	0.54303	12.38128	1.06646	1	0.72318	0.56411	12.87632	1.06646	1	-0.01014	-0.01086	0.67634	0.00381	1	0.05819	-0.01529	0.67960	0.00426	1	1.45898	0.81042	0	
1238931	8356.96777	3304369273451	0.51304	0.35093	8356.81348	0.15430	10969	1	0.53301	0.29822	1	0.51017	0.35642	1	0.52159	0.32732	1	0.45995	0.54196	12.16675	1.06646	1	0.72353	0.56444	12.68328	1.06646	1	-0.01014	-0.01086	0.67634	0.00398	1	0.05819	-0.01529	0.67960	0.00390	1	1.45898	0.81042	0	
1238932	8356.97461	3304369340886	0.51382	0.34898	8356.81348	0.16113	10969	1	0.54758	0.34087	1	0.51757	0.26347	1	0.53257	0.30217	1	0.46008	0.54275	12.44249	1.06646	1	0.72351	0.56349	12.59145	1.06646	1	-0.01014	-0.01086	0.67634	0.00360	1	0.05819	-0.01529	0.67960	0.00436	1	1.45898	0.81042	0	
1238933	8356.98145	3304369407796	0.51454	0.34718	8356.81348	0.16797	10969	1	0.54758	0.34087	1	0.51757	0.26347	1	0.53257	0.30217	1	0.45992	0.54282	12.18110	1.06646	1	0.72330	0.56409	12.94013	1.06646	1	-0.01014	-0.01086	0.67634	0.00362	1	0.05819	-0.01529	0.67960	0.00421	1	1.45898	0.81042	0	
1238934	8356.98828	3304369475996	0.51458	0.34817	8356.81348	0.17480	10969	1	0.54636	0.36965	1	0.48456	0.37845	1	0.51546	0.37405	1	0.46010	0.54276	12.52004	1.06646	1	0.72308	0.56478	13.45690	1.06646	1	-0.01014	-0.01086	0.67634	0.00362	1	0.05819	-0.01529	0.67960	0.00394	1	1.45898	0.81042	0	
1238935	8356.99512	3304369541972	0.51502	0.34879	8356.81348	0.18164	10969	1	0.54822	0.41029	1	0.50591	0.32049	1	0.52707	0.36539	1	0.45998	0.54273	12.10822	1.06646	1	0.72333	0.56433	12.59845	1.06646	1	-0.01014	-0.01086	0.67634	0.00369	1	0.05819	-0.01529	0.67960	0.00393	1	1.45898	0.81042	0	
1238936	8357.00098	3304369608954	0.51545	0.34923	8356.81348	0.18750	10969	1	0.54822	0.41029	1	0.50648	0.31329	1	0.52735	0.36179	1	0.46001	0.54265	11.85423	1.06646	1	0.72320	0.56447	12.87786	1.07514	1	-0.01013	-0.01074	0.67561	0.00368	1	0.06042	-0.01589	0.70624	0.00392	1	1.45898	0.81042	0	
1238937	8357.00781	3304369675793	0.51543	0.34961	8356.81348	0.19434	10969	1	0.53398	0.40425	1	0.49582	0.31696	1	0.51490	0.36061	1	0.45983	0.54280	12.39873	1.07514	1	0.72317	0.56434	12.86276	1.08382	1	-0.01013	-0.01074	0.67561	0.00359	1	0.06042	-0.01589	0.70624	0.00390	1	1.45898	0.81042	0	
1238938	8357.01465	3304369743360	0.51563	0.35034	8356.81348	0.20117	10969	1	0.54934	0.36852	1	0.49391	0.37599	1	0.52162	0.37226	1	0.46009	0.54271	11.90175	1.08382	1	0.72317	0.56439	12.73171	1.09250	1	-0.01013	-0.01074	0.67561	0.00369	1	0.06042	-0.01589	0.70624	0.00396	1	1.45898	0.81042	0	
1238939	8357.02148	3304369810208	0.51581	0.35093	8356.81348	0.20801	10969	1	0.54862	0.36203	1	0.49391	0.37599	1	0.52127	0.36901	1	0.45990	0.54210	12.30680	1.09250	1	0.72324	0.56405	12.77291	1.09250	1	-0.01014	-0.01065	0.67634	0.00385	1	0.05871	-0.01537	0.68562	0.00395	1	1.45898	0.81042	0	
1238940	8357.02832	3304369876886	0.51600	0.35002	8356.81348	0.21484	10969	1	0.54116	0.31852	1	0.50353	0.32330	1	0.52234	0.32091	1	0.46002	0.54213	12.28677	1.09250	1	0.72335	0.56334	12.80659	1.08382	1	-0.01014	-0.01065	0.67634	0.00388	1	0.05871	-0.01537	0.68562	0.00390	1	1.45898	0.81042	0	
1238941	8357.03516	3304369944117	0.51589	0.34903	8356.81348	0.22168	10969	1	0.53793	0.29754	1	0.48623	0.33516	1	0.51208	0.31635	1	0.45996	0.54182	12.02210	1.08382	1	0.72351	0.56329	12.61694	1.07514	1	-0.01014	-0.01065	0.67634	0.00390	1	0.05871	-0.01537	0.68562	0.00394	1	1.45898	0.81042	0	
1238942	8357.04102	3304370009950	0.51579	0.34829	8356.81348	0.22754	10969	1	0.53873	0.30460	1	0.48582	0.34216	1	0.51228	0.32338	1	0.45995	0.54160	12.27009	1.07514	1	0.72356	0.56318	12.18069	1.06646	1	-0.01014	-0.01065	0.67634	0.00383	1	0.05819	-0.01519	0.67960	0.00389	1	1.45898	0.81042	0	
1238943	8357.04785	3304370078015	0.51585	0.34840	8356.81348	0.23438	10969	1	0.53365	0.35472	1	0.50242	0.34951	1	0.51803	0.35211	1	0.45992	0.54189	12.17632	1.06646	1	0.72375	0.56346	12.28272	1.06646	1	-0.01014	-0.01065	0.67634	0.00388	1	0.05819	-0.01519	0.67960	0.00395	1	1.45898	0.81042	0	
1238944	8357.05469	3304370144782	0.51576	0.34953	8356.81348	0.24121	10969	1	0.53449	0.38566	1	0.49105	0.39466	1	0.51277	0.39016	1	0.45995	0.54198	12.12950	1.06646	1	0.72355	0.56390	12.85506	1.06646	1	-0.01014	-0.01065	0.67634	0.00395	1	0.05819	-0.01519	0.67960	0.00391	1	1.45898	0.81042	0	
1238945	8357.06152	3304370211451	0.51569	0.35060	8356.81348	0.24805	10969	1	0.53449	0.38566	1	0.49105	0.39466	1	0.51277	0.39016	1	0.45987	0.54081	11.89123	1.06646	1	0.72382	0.56391	13.37277	1.06646	1	-0.01014	-0.01065	0.67634	0.00430	1	0.05871	-0.01527	0.68562	0.00392	1	1.45898	0.81042	0	
1238946	8357.06836	3304370279217	0.51556	0.35159	8356.81348	0.25488	10969	1	0.54163	0.37951	1	0.47997	0.39869	1	0.51080	0.38910	1	0.46001	0.54193	12.30709	1.06646	1	0.72377	0.56416	13.70039	1.06646	1	-0.01014	-0.01065	0.67634	0.00365	1	0.05871	-0.01527	0.68562	0.00391	1	1.45898	0.81042	0	
1238947	8357.07520	3304370345643	0.51521	0.35206	8356.81348	0.26172	10969	1	0.54083	0.35017	1	0.46231	0.39123	1	0.50157	0.37070	1	0.46002	0.54166	12.27412	1.06646	1	0.72348	0.56411	12.94599	1.06646	1	-0.01014	-0.01065	0.67634	0.00370	1	0.05871	-0.01527	0.68562	0.00396	1	1.45898	0.81042	0	
1238948	8357.08203	3304370412887	0.51488	0.35267	8356.81348	0.26855	10969	1	0.54156	0.35640	1	0.46211	0.39731	1	0.50183	0.37685	1	0.46020	0.54156	12.68313	1.05844	1	0.72352	0.56404	12.88803	1.05844	1	-0.00985	-0.01035	0.66047	0.00364	1	0.05819	-0.01519	0.67960	0.00398	1	1.45898	0.81042	0	
1238949	8357.08887	3304370479401	0.51539	0.35244	8356.81348	0.27539	10969	1	0.56960	0.34441	1	0.50298	0.34192	1	0.53629	0.34317	1	0.46047	0.54153	12.86567	1.05042	1	0.72407	0.56329	13.01097	1.05042	1	-0.00985	-0.01035	0.66047	0.00368	1	0.05819	-0.01519	0.67960	0.00437	1	1.45898	0.81042	0	
1238950	8357.09473	3304370546496	0.51520	0.35283	8356.81348	0.28125	10969	1	0.53486	0.37360	1	0.47937	0.36468	1	0.50711	0.36914	1	0.46031	0.54149	12.35787	1.04241	1	0.72375	0.56336	12.44318	1.04241	1	-0.00985	-0.01035	0.66047	0.00373	1	0.05819	-0.01519	0.67960	0.00437	1	1.45898	0.81042	0	
1238951	8357.10156	3304370613480	0.51502	0.35334	8356.81348	0.28809	10969	1	0.53564	0.37979	1	0.47904	0.37112	1	0.50734	0.37545	1	0.46016	0.54148	12.99884	1.03439	1	0.72394	0.56388	13.20446	1.03439	1	-0.00985	-0.01030	0.66047	0.00365	1	0.05819	-0.01519	0.67960	0.00401	1	1.45898	0.81042	0	
1238952	8357.10840	3304370680726	0.51489	0.35448	8356.81348	0.29492	10969	1	0.53032	0.40472	1	0.48820	0.40423	1	0.50926	0.40448	1	0.46018	0.54149	12.79064	1.03439	1	0.72393	0.56396	13.43356	1.03439	1	-0.00985	-0.01030	0.66047	0.00371	1	0.05819	-0.01519	0.67960	0.00385	1	1.45898	0.81042	0	
1238953	8357.11523	3304370747677	0.51481	0.35493	8356.81348	0.30176	10969	1	0.52642	0.35799	1	0.49590	0.39266	1	0.51116	0.37532	1	0.46009	0.54155	12.96208	1.03439	1	0.72397	0.56374	13.23831	1.03439	1	-0.00985	-0.01030	0.66047	0.00371	1	0.05819	-0.01519	0.67960	0.00389	1	1.45898	0.81042	0	
1238954	8357.12207	3304370814826	0.51473	0.35523	8356.81348	0.30859	10969	1	0.52557	0.35162	1	0.49636	0.38637	1	0.51097	0.36899	1	0.45995	0.54133	12.27671	1.04241	1	0.72400	0.56368	13.24429	1.04241	1	-0.01014	-0.01066	0.68318	0.00375	1	0.05819	-0.01519	0.67960	0.00384	1	1.45898	0.81042	0	
1238955	8357.12793	3304370878357	0.51444	0.35543	8356.81348	0.31445	10969	1	0.51617	0.34077	1	0.48562	0.38863	1	0.50090	0.36470	1	0.45996	0.54141	12.34509	1.05042	1	0.72389	0.56381	13.32138	1.05042	1	-0.01014	-0.01066	0.68318	0.00371	1	0.05819	-0.01519	0.67960	0.00389	1	1.45898	0.81042	0	
1238956	8357.13477	3304370941556	0.51422	0.35531	8356.81348	0.32129	10969	1	0.51247	0.33646	1	0.49396	0.38492	1	0.50322	0.36069	1	0.45996	0.54137	12.23864	1.05844	1	0.72394	0.56391	13.17953	1.05844	1	-0.01014	-0.01066	0.68318	0.00374	1	0.05819	-0.01519	0.67960	0.00387	1	1.45898	0.81042	0	
1238957	8357.14160	3304371012326	0.51398	0.35526	8356.81348	0.32812	10969	1	0.51155	0.33007	1	0.49398	0.38465	1	0.50277	0.35736	1	0.46016	0.54132	12.58367	1.06646	1	0.72408	0.56327	12.92725	1.05880	1	-0.01014	-0.01056	0.68318	0.00369	1	0.05601	-0.01456	0.65350	0.00399	1	1.45898	0.81042	0	
1238958	8357.14844	3304371079277	0.51347	0.35602	8356.81348	0.33496	10969	1	0.52912	0.33166	1	0.49615	0.39691	1	0.51264	0.36429	1	0.46029	0.54128	12.85806	1.05880	1	0.72402	0.56388	12.73590	1.05114	1	-0.01014	-0.01056	0.68318	0.00371	1	0.05601	-0.01456	0.65350	0.00385	1	1.45898	0.81042	0	
1238959	8357.15527	3304371147168	0.51298	0.35635	8356.81348	0.34180	10969	1	0.52555	0.32166	1	0.50289	0.35522	1	0.51422	0.33844	1	0.46015	0.54112	12.29050	1.05114	1	0.72412	0.56341	12.90722	1.04348	1	-0.01014	-0.01056	0.68318	0.00374	1	0.05601	-0.01456	0.65350	0.00398	1	1.45898	0.81042	0	
1238960	8357.16211	3304371213662	0.51250	0.35694	8356.81348	0.34863	10969	1	0.52636	0.32791	1	0.50241	0.36145	1	0.51438	0.34468	1	0.46031	0.54128	12.29276	1.04348	1	0.72418	0.56328	12.81716	1.03582	1	-0.01014	-0.01056	0.68318	0.00372	1	0.05654	-0.01474	0.65973	0.00402	1	1.45898	0.81042	0	
1238961	8357.16895	3304371280239	0.51215	0.35805	8356.81348	0.35547	10969	1	0.52340	0.40891	1	0.50292	0.37410	1	0.51316	0.39150	1	0.46004	0.54139	12.54349	1.03582	1	0.72413	0.56351	12.75806	1.03582	1	-0.01014	-0.01056	0.68318	0.00371	1	0.05654	-0.01474	0.65973	0.00384	1	1.45898	0.81042	0	
1238962	8357.17480	3304371347394	0.51225	0.35863	8356.81348	0.36133	10969	1	0.53358	0.39308	1	0.49345	0.37547	1	0.51351	0.38427	1	0.46021	0.54130	12.42079	1.03582	1	0.72397	0.56357	12.78175	1.03582	1	-0.01014	-0.01056	0.68318	0.00370	1	0.05654	-0.01474	0.65973	0.00383	1	1.45898	0.81042	0	
1238963	8357.18164	3304371410508	0.51235	0.35914	8356.81348	0.36816	10969	1	0.53358	0.39308	1	0.49345	0.37547	1	0.51351	0.38427	1	0.46022	0.54124	12.37111	1.03582	1	0.72412	0.56383	13.18539	1.03582	1	-0.00998	-0.01044	0.67234	0.00372	1	0.05654	-0.01474	0.65973	0.00383	1	1.45898	0.81042	0	
1238964	8357.18848	3304371484696	0.51235	0.36008	8356.81348	0.37500	10969	1	0.54463	0.37042	1	0.48396	0.41434	1	0.51430	0.39238	1	0.46042	0.54119	12.65331	1.03582	1	0.72387	0.56370	12.70340	1.03582	1	-0.00998	-0.01044	0.67234	0.00376	1	0.05654	-0.01474	0.65973	0.00381	1	1.45898	0.81042	0	
1238965	8357.19531	3304371551262	0.51249	0.36060	8356.81348	0.38184	10969	1	0.52732	0.34156	1	0.49077	0.40493	1	0.50905	0.37324	1	0.46015	0.54128	12.60843	1.03582	1	0.72395	0.56388	13.05187	1.03582	1	-0.00998	-0.01044	0.67234	0.00370	1	0.05654	-0.01474	0.65973	0.00372	1	1.45898	0.81042	0	
1238966	8357.20215	3304371618670	0.51263	0.36098	8356.81348	0.38867	10969	1	0.52732	0.34156	1	0.49077	0.40493	1	0.50905	0.37324	1	0.46015	0.54128	12.60843	1.03582	1	0.72395	0.56371	12.85415	1.03582	1	-0.01021	-0.01073	0.68761	0.00370	1	0.05654	-0.01474	0.65973	0.00378	1	1.45898	0.81042	0	
1238967	8357.20898	3304371685497	0.51257	0.36126	8356.81348	0.39551	10969	1	0.53296	0.37730	1	0.49647	0.36892	1	0.51472	0.37311	1	0.46022	0.54124	12.37111	1.03582	1	0.72403	0.56358	12.74509	1.03582	1	-0.01021	-0.01073	0.68761	0.00372	1	0.05654	-0.01474	0.65973	0.00383	1	1.45898	0.81042	0	
1238968	8357.21582	3304371751416	0.51276	0.36184	8356.81348	0.40234	10969	1	0.53008	0.40617	1	0.49288	0.40238	1	0.51148	0.40428	1	0.46016	0.54140	12.51295	1.03582	1	0.72405	0.56379	12.94240	1.03582	1	-0.01021	-0.01073	0.68761	0.00370	1	0.05654	-0.01474	0.65973	0.00384	1	1.45898	0.81042	0	
1238969	8357.22266	3304371820350	0.51295	0.36248	8356.81348	0.40918	10969	1	0.53008	0.40617	1	0.49288	0.40238	1	0.51148	0.40428	1	0.46010	0.54146	12.66444	1.03582	1	0.72407	0.56332	12.56123	1.03582	1	-0.01021	-0.01073	0.68761	0.00369	1	0.05654	-0.01474	0.65973	0.00399	1	1.45898	0.81042	0	
1238970	8357.22949	3304371886221	0.51306	0.36280	8356.81348	0.41602	10969	1	0.52975	0.36192	1	0.49850	0.37978	1	0.51412	0.37085	1	0.46020	0.54137	12.48324	1.03582	1	0.72410	0.56346	13.22093	1.03582	1	-0.01021	-0.01073	0.68761	0.00373	1	0.05654	-0.01474	0.65973	0.00406	1	1.45898	0.81042	0	
1238971	8357.23535	3304371953103	0.51328	0.36286	8356.81348	0.42188	10969	1	0.52528	0.34579	1	0.50123	0.36737	1	0.51325	0.35658	1	0.46020	0.54137	12.48324	1.03582	1	0.72410	0.56327	12.80122	1.03582	1	-0.01021	-0.01073	0.68761	0.00373	1	0.05654	-0.01474	0.65973	0.00406	1	1.45898	0.81042	0	
1238972	8357.24219	3304372020013	0.51349	0.36305	8356.81348	0.42871	10969	1	0.52528	0.34579	1	0.50123	0.36737	1	0.51325	0.35658	1	0.46035	0.54149	12.96749	1.03582	1	0.72401	0.56342	12.60773	1.03582	1	-0.01021	-0.01073	0.68761	0.00368	1	0.05654	-0.01474	0.65973	0.00387	1	1.45898	0.81042	0	
1238973	8357.24902	3304372087273	0.51340	0.36309	8356.81348	0.43555	10969	1	0.53577	0.35970	1	0.47847	0.35397	1	0.50712	0.35684	1	0.46034	0.54154	13.14071	1.03582	1	0.72373	0.56327	13.00307	1.03582	1	-0.01021	-0.01073	0.68761	0.00369	1	0.05654	-0.01474	0.65973	0.00414	1	1.45898	0.81042	0	
1238974	8357.25586	3304372154459	0.51361	0.36275	8356.81348	0.44238	10969	1	0.52747	0.36887	1	0.49818	0.35180	1	0.51282	0.36033	1	0.46016	0.54135	12.71316	1.03582	1	0.72402	0.56317	12.66874	1.03582	1	-0.01021	-0.01073	0.68761	0.00371	1	0.05654	-0.01474	0.65973	0.00400	1	1.45898	0.81042	0	
1238975	8357.26270	3304372221420	0.51381	0.36247	8356.81348	0.44922	10969	1	0.52747	0.36887	1	0.49778	0.35740	1	0.51262	0.36313	1	0.46020	0.54129	12.52104	1.03582	1	0.72403	0.56281	12.78934	1.02901	1	-0.00998	-0.01054	0.67234	0.00371	1	0.05525	-0.01440	0.64408	0.00403	1	1.45898	0.81042	0	
1238976	8357.26953	3304372287738	0.51359	0.36314	8356.81348	0.45605	10969	1	0.53784	0.39720	1	0.48747	0.33523	1	0.51265	0.36621	1	0.46039	0.54142	12.86023	1.02901	1	0.72392	0.56295	12.91269	1.02220	1	-0.00998	-0.01054	0.67234	0.00367	1	0.05525	-0.01440	0.64408	0.00404	1	1.45898	0.81042	0	
1238977	8357.27637	3304372354656	0.51375	0.36366	8356.81348	0.46289	10969	1	0.53251	0.37451	1	0.48997	0.36378	1	0.51124	0.36914	1	0.46020	0.54133	12.50294	1.02220	1	0.72394	0.56322	13.23527	1.01540	1	-0.00998	-0.01054	0.67234	0.00370	1	0.05525	-0.01440	0.64408	0.00396	1	1.45898	0.81042	0	
1238978	8357.28223	3304372421928	0.51392	0.36417	8356.81348	0.46875	10969	1	0.53320	0.37987	1	0.49037	0.35745	1	0.51179	0.36866	1	0.46030	0.54127	12.93819	1.01540	1	0.72408	0.56321	12.68780	1.02305	1	-0.00998	-0.01054	0.67234	0.00363	1	0.05845	-0.01523	0.68142	0.00400	1	1.45898	0.81042	0	
1238979	8357.28906	3304372488538	0.51381	0.36433	8356.81348	0.47559	10969	1	0.53213	0.33217	1	0.49993	0.33764	1	0.51603	0.33490	1	0.46026	0.54092	12.57146	1.02305	1	0.72411	0.56322	12.71729	1.03752	1	-0.00998	-0.01054	0.67234	0.00368	1	0.05845	-0.01523	0.68142	0.00397	1	1.45898	0.81042	0	
1238980	8357.29590	3304372556421	0.51348	0.36508	8356.81348	0.48242	10969	1	0.52985	0.31638	1	0.50381	0.35979	1	0.51683	0.33808	1	0.46026	0.54104	12.46601	1.03752	1	0.72422	0.56347	12.85812	1.05199	1	-0.00998	-0.01054	0.67234	0.00368	1	0.05845	-0.01523	0.68142	0.00399	1	1.45898	0.81042	0	
1238981	8357.30273	3304372623084	0.51315	0.36571	8356.81348	0.48926	10969	1	0.52919	0.31101	1	0.50422	0.35462	1	0.51670	0.33281	1	0.46036	0.54135	12.57007	1.04397	1	0.72424	0.56355	13.06320	1.05844	1	-0.00965	-0.01024	0.65307	0.00357	1	0.05867	-0.01526	0.68278	0.00390	1	1.45898	0.81042	0	
1238982	8357.30957	3304372689710	0.51330	0.36526	8356.81348	0.49609	10969	1	0.53088	0.32421	1	0.51421	0.37990	1	0.52254	0.35206	1	0.46026	0.54122	12.47517	1.05042	1	0.72430	0.56382	12.91493	1.05042	1	-0.00965	-0.01024	0.65307	0.00358	1	0.05867	-0.01526	0.68278	0.00380	1	1.45898	0.81042	0	
1238983	8357.31641	3304372757010	0.51320	0.36550	8356.81348	0.50293	10969	1	0.55061	0.35040	1	0.49468	0.40349	1	0.52265	0.37694	1	0.46059	0.54147	12.92064	1.04241	1	0.72445	0.56389	12.37106	1.04241	1	-0.00965	-0.01024	0.65307	0.00362	1	0.05867	-0.01526	0.68278	0.00409	1	1.45898	0.81042	0	
1238984	8357.32324	3304372824216	0.51311	0.36581	8356.81348	0.50977	10969	1	0.55061	0.35040	1	0.49468	0.40349	1	0.52265	0.37694	1	0.46072	0.54089	11.72408	1.04241	1	0.72462	0.56375	12.45351	1.04241	1	-0.01005	-0.01072	0.68373	0.00375	1	0.05830	-0.01521	0.67846	0.00402	1	1.45898	0.81042	0	
1238985	8357.32910	3304372887938	0.51327	0.36624	8356.81348	0.51562	10969	1	0.55089	0.35935	1	0.49454	0.40327	1	0.52271	0.38131	1	0.46090	0.54161	12.56006	1.05042	1	0.72482	0.56394	12.84674	1.05042	1	-0.01005	-0.01072	0.68373	0.00372	1	0.05830	-0.01521	0.67846	0.00414	1	1.45898	0.81042	0	
1238986	8357.33594	3304372958197	0.51291	0.36592	8356.81348	0.52246	10969	1	0.55063	0.34695	1	0.45840	0.36669	1	0.50451	0.35682	1	0.46094	0.54156	12.61394	1.05844	1	0.72423	0.56350	12.54624	1.05844	1	-0.01005	-0.01072	0.68373	0.00365	1	0.05830	-0.01521	0.67846	0.00411	1	1.45898	0.81042	0	
1238987	8357.34277	3304373021668	0.51256	0.36554	8356.81348	0.52930	10969	1	0.54996	0.34065	1	0.45858	0.36038	1	0.50427	0.35051	1	0.46096	0.54150	12.59998	1.06646	1	0.72456	0.56401	12.99842	1.06646	1	-0.01005	-0.01072	0.68373	0.00366	1	0.05867	-0.01526	0.68278	0.00411	1	1.45898	0.81042	0	
1238988	8357.34961	3304373090953	0.51221	0.36681	8356.81348	0.53613	10969	1	0.52644	0.33541	1	0.48503	0.42821	1	0.50573	0.38181	1	0.46090	0.54157	12.40694	1.06646	1	0.72467	0.56427	13.53643	1.06646	1	-0.01005	-0.01072	0.68373	0.00372	1	0.05867	-0.01526	0.68278	0.00400	1	1.45898	0.81042	0	
1238989	8357.35645	3304373159413	0.51215	0.36773	8356.81348	0.54297	10969	1	0.53681	0.33251	1	0.48187	0.38896	1	0.50934	0.36074	1	0.46108	0.54137	12.27201	1.06646	1	0.72464	0.56429	13.65027	1.06646	1	-0.01005	-0.01072	0.68373	0.00369	1	0.05867	-0.01526	0.68278	0.00401	1	1.45898	0.81042	0	
1238990	8357.36328	3304373227957	0.51210	0.36864	8356.81348	0.54980	10969	1	0.53756	0.33888	1	0.48152	0.39507	1	0.50954	0.36698	1	0.46106	0.54118	12.21493	1.05844	1	0.72434	0.56402	13.53718	1.05844	1	-0.00966	-0.01041	0.66085	0.00377	1	0.05830	-0.01521	0.67846	0.00408	1	1.45898	0.81042	0	
1238991	8357.37012	3304373293010	0.51190	0.36846	8356.81348	0.55664	10969	1	0.53887	0.31811	1	0.47805	0.36867	1	0.50846	0.34339	1	0.46114	0.54134	12.76323	1.05042	1	0.72454	0.56400	13.06854	1.05042	1	-0.00966	-0.01041	0.66085	0.00370	1	0.05830	-0.01521	0.67846	0.00408	1	1.45898	0.81042	0	
1238992	8357.37695	3304373361250	0.51173	0.36833	8356.81348	0.56348	10969	1	0.54045	0.33630	1	0.46901	0.43204	1	0.50473	0.38417	1	0.46118	0.54125	12.73769	1.04241	1	0.72444	0.56425	13.72121	1.04241	1	-0.00966	-0.01041	0.66085	0.00371	1	0.05830	-0.01521	0.67846	0.00403	1	1.45898	0.81042	0	
1238993	8357.38281	3304373426698	0.51156	0.36821	8356.81348	0.56934	10969	1	0.54045	0.33630	1	0.46901	0.43204	1	0.50473	0.38417	1	0.46104	0.54134	12.67896	1.04241	1	0.72482	0.56375	13.23135	1.04241	1	-0.00981	-0.01057	0.67448	0.00370	1	0.05830	-0.01521	0.67846	0.00390	1	1.45898	0.81042	0	
1238994	8357.38965	3304373493989	0.51152	0.36754	8356.81348	0.57617	10969	1	0.52137	0.32915	1	0.49604	0.38505	1	0.50870	0.35710	1	0.46109	0.54142	13.19822	1.05042	1	0.72484	0.56365	12.96480	1.05042	1	-0.00981	-0.01057	0.67448	0.00366	1	0.05830	-0.01521	0.67846	0.00394	1	1.45898	0.81042	0	
1238995	8357.39648	3304373560858	0.51194	0.36620	8356.81348	0.58301	10969	1	0.54093	0.34171	1	0.50281	0.27079	1	0.52187	0.30625	1	0.46111	0.54150	13.27723	1.05844	1	0.72490	0.56306	12.83615	1.05844	1	-0.00981	-0.01057	0.67448	0.00363	1	0.05830	-0.01521	0.67846	0.00419	1	1.45898	0.81042	0	
1238996	8357.40332	3304373628056	0.51235	0.36466	8356.81348	0.58984	10969	1	0.54020	0.33537	1	0.50284	0.27048	1	0.52152	0.30292	1	0.46132	0.54151	13.15919	1.06646	1	0.72489	0.56418	12.77944	1.05880	1	-0.00981	-0.01057	0.67448	0.00365	1	0.05710	-0.01489	0.66398	0.00384	1	1.45898	0.81042	0	
1238997	8357.41016	3304373694924	0.51206	0.36473	8356.81348	0.59668	10969	1	0.54366	0.32450	1	0.50103	0.36854	1	0.52235	0.34652	1	0.46116	0.54142	13.33855	1.05880	1	0.72489	0.56410	12.82413	1.05114	1	-0.00981	-0.01057	0.67448	0.00358	1	0.05710	-0.01489	0.66398	0.00386	1	1.45898	0.81042	0	
1238998	8357.41699	3304373762113	0.51232	0.36454	8356.81348	0.60352	10969	1	0.53710	0.34239	1	0.50168	0.37804	1	0.51939	0.36022	1	0.46117	0.54146	13.51272	1.05114	1	0.72489	0.56392	12.79153	1.04348	1	-0.00981	-0.01057	0.67448	0.00356	1	0.05710	-0.01489	0.66398	0.00392	1	1.45898	0.81042	0	
1238999	8357.42383	3304373828919	0.51257	0.36435	8356.81348	0.61035	10969	1	0.53783	0.34849	1	0.50121	0.38410	1	0.51952	0.36630	1	0.46088	0.54116	12.83317	1.04348	1	0.72493	0.56343	12.82790	1.03582	1	-0.00981	-0.01057	0.67448	0.00361	1	0.05710	-0.01489	0.66398	0.00409	1	1.45898	0.81042	0	
1239000	8357.42969	3304373895824	0.51277	0.36313	8356.81348	0.61621	10969	1	0.53444	0.31180	1	0.50352	0.38015	1	0.51898	0.34597	1	0.46101	0.54104	12.76675	1.03582	1	0.72495	0.56351	12.76143	1.03582	1	-0.00981	-0.01057	0.67448	0.00356	1	0.05710	-0.01489	0.66398	0.00415	1	1.45898	0.81042	0	
1239001	8357.43652	3304373962391	0.51298	0.36266	8356.81348	0.62305	10969	1	0.54625	0.34841	1	0.49630	0.35727	1	0.52128	0.35284	1	0.46125	0.54145	13.11520	1.03582	1	0.72484	0.56328	12.81223	1.03582	1	-0.00981	-0.01057	0.67448	0.00360	1	0.05710	-0.01489	0.66398	0.00420	1	1.45898	0.81042	0	
1239002	8357.44336	3304374029791	0.51320	0.36233	8356.81348	0.62988	10969	1	0.54625	0.34841	1	0.49630	0.35727	1	0.52128	0.35284	1	0.46113	0.54158	13.30113	1.03582	1	0.72490	0.56357	12.94858	1.03582	1	-0.00990	-0.01072	0.68054	0.00351	1	0.05698	-0.01488	0.66137	0.00409	1	1.45898	0.81042	0	
1239003	8357.45020	3304374096728	0.51357	0.36242	8356.81348	0.63672	10969	1	0.53490	0.36840	1	0.50290	0.37022	1	0.51890	0.36931	1	0.46106	0.54163	13.27754	1.03582	1	0.72489	0.56416	13.11782	1.03582	1	-0.00990	-0.01072	0.68054	0.00350	1	0.05698	-0.01488	0.66137	0.00395	1	1.45898	0.81042	0	
1239004	8357.45703	3304374162949	0.51377	0.36246	8356.81348	0.64355	10969	1	0.53238	0.35083	1	0.49294	0.37413	1	0.51266	0.36248	1	0.46104	0.54160	13.34680	1.03582	1	0.72478	0.56393	12.88402	1.03582	1	-0.00990	-0.01072	0.68054	0.00352	1	0.05698	-0.01488	0.66137	0.00399	1	1.45898	0.81042	0	
1239005	8357.46387	3304374230840	0.51398	0.36257	8356.81348	0.65039	10969	1	0.53238	0.35083	1	0.49294	0.37413	1	0.51266	0.36248	1	0.46113	0.54166	13.23630	1.03582	1	0.72456	0.56435	13.20889	1.03582	1	-0.00968	-0.01059	0.67222	0.00356	1	0.05609	-0.01460	0.65104	0.00396	1	1.45898	0.81042	0	
1239006	8357.47070	3304374298089	0.51390	0.36268	8356.81348	0.65723	10969	1	0.54974	0.39059	1	0.46797	0.34926	1	0.50886	0.36992	1	0.46122	0.54175	13.21655	1.03582	1	0.72478	0.56413	13.13299	1.03582	1	-0.00968	-0.01059	0.67222	0.00366	1	0.05609	-0.01460	0.65104	0.00411	1	1.45898	0.81042	0	
1239007	8357.47656	3304374364746	0.51365	0.36359	8356.81348	0.66309	10969	1	0.54564	0.37451	1	0.45888	0.38937	1	0.50226	0.38194	1	0.46121	0.54162	12.91081	1.03582	1	0.72460	0.56468	13.22432	1.03582	1	-0.00968	-0.01059	0.67222	0.00364	1	0.05609	-0.01460	0.65104	0.00403	1	1.45898	0.81042	0	
1239008	8357.48340	3304374431055	0.51340	0.36430	8356.81348	0.66992	10969	1	0.54564	0.37451	1	0.45906	0.38338	1	0.50235	0.37894	1	0.46151	0.54189	13.34698	1.03582	1	0.72505	0.56458	14.21235	1.04348	1	-0.00968	-0.01059	0.67222	0.00373	1	0.05804	-0.01514	0.67304	0.00400	1	1.45898	0.81042	0	
1239009	8357.49023	3304374498898	0.51333	0.36423	8356.81348	0.67676	10969	1	0.53107	0.40187	1	0.48877	0.37434	1	0.50992	0.38810	1	0.46135	0.54200	13.73947	1.04348	1	0.72510	0.56442	14.06607	1.05114	1	-0.00968	-0.01059	0.67222	0.00365	1	0.05804	-0.01514	0.67304	0.00410	1	1.45898	0.81042	0	
1239010	8357.49707	3304374565282	0.51316	0.36360	8356.81348	0.68359	10969	1	0.54322	0.35987	1	0.46735	0.34794	1	0.50528	0.35391	1	0.46167	0.54170	13.67323	1.05114	1	0.72508	0.56444	14.08114	1.05880	1	-0.00968	-0.01059	0.67222	0.00367	1	0.05804	-0.01514	0.67304	0.00411	1	1.45898	0.81042	0	
1239011	8357.50391	3304374632800	0.51298	0.36284	8356.81348	0.69043	10969	1	0.54253	0.35391	1	0.46758	0.34177	1	0.50505	0.34784	1	0.46175	0.54142	12.76306	1.05880	1	0.72543	0.56454	13.63510	1.06646	1	-0.00968	-0.01059	0.67222	0.00378	1	0.05804	-0.01514	0.67304	0.00414	1	1.45898	0.81042	0	
1239012	8357.51074	3304374699578	0.51289	0.36212	8356.81348	0.69727	10969	1	0.54836	0.35556	1	0.47088	0.36022	1	0.50962	0.35789	1	0.46166	0.54195	13.17830	1.06646	1	0.72515	0.56470	14.32489	1.06646	1	-0.00968	-0.01059	0.67222	0.00367	1	0.05804	-0.01514	0.67304	0.00398	1	1.45898	0.81042	0	
1239013	8357.51758	3304374766446	0.51261	0.36165	8356.81348	0.70410	10969	1	0.51732	0.32385	1	0.47417	0.37739	1	0.49574	0.35062	1	0.46188	0.54170	13.02775	1.06646	1	0.72519	0.56483	14.31099	1.06646	1	-0.00968	-0.01059	0.67222	0.00370	1	0.05804	-0.01514	0.67304	0.00392	1	1.45898	0.81042	0	
1239014	8357.52344	3304374831054	0.51233	0.36118	8356.81348	0.70996	10969	1	0.51732	0.32385	1	0.47417	0.37739	1	0.49574	0.35062	1	0.46163	0.54151	13.38247	1.06646	1	0.72531	0.56474	13.97633	1.06646	1	-0.00978	-0.01081	0.68659	0.00374	1	0.05804	-0.01514	0.67304	0.00400	1	1.45898	0.81042	0	
1239015	8357.53027	3304374897961	0.51188	0.36048	8356.81348	0.71680	10969	1	0.51048	0.30278	1	0.47556	0.37586	1	0.49302	0.33932	1	0.46161	0.54135	12.14705	1.06646	1	0.72526	0.56466	13.96975	1.06646	1	-0.00978	-0.01081	0.68659	0.00384	1	0.05804	-0.01514	0.67304	0.00404	1	1.45898	0.81042	0	
1239016	8357.53711	3304374966310	0.51164	0.35931	8356.81348	0.72363	10969	1	0.51919	0.32730	1	0.48049	0.36964	1	0.49984	0.34847	1	0.46156	0.54152	12.30872	1.06646	1	0.72531	0.56463	13.85663	1.06646	1	-0.00978	-0.01081	0.68659	0.00370	1	0.05804	-0.01514	0.67304	0.00405	1	1.45898	0.81042	0	
1239017	8357.54395	3304375032198	0.51139	0.35815	8356.81348	0.73047	10969	1	0.51919	0.32730	1	0.48049	0.36964	1	0.49984	0.34847	1	0.46208	0.54164	13.37686	1.06646	1	0.72547	0.56436	13.45872	1.06646	1	-0.00978	-0.01081	0.68659	0.00360	1	0.05804	-0.01514	0.67304	0.00401	1	1.45898	0.81042	0	
1239018	8357.55078	3304375099389	0.51127	0.35746	8356.81348	0.73730	10969	1	0.51938	0.32298	1	0.49689	0.35231	1	0.50814	0.33764	1	0.46169	0.54118	12.89456	1.06646	1	0.72558	0.56448	13.22347	1.06646	1	-0.00978	-0.01081	0.68659	0.00370	1	0.05804	-0.01514	0.67304	0.00397	1	1.45898	0.81042	0	
1239019	8357.55664	3304375161499	0.51141	0.35663	8356.81348	0.74316	10969	1	0.54109	0.31403	1	0.49898	0.32003	1	0.52004	0.31703	1	0.46192	0.54146	13.15875	1.06646	1	0.72557	0.56421	13.32131	1.06646	1	-0.00978	-0.01081	0.68659	0.00365	1	0.05804	-0.01514	0.67304	0.00394	1	1.45898	0.81042	0	
1239020	8357.56348	3304375233129	0.51155	0.35588	8356.81348	0.75000	10969	1	0.54109	0.31403	1	0.49853	0.32637	1	0.51981	0.32020	1	0.46170	0.54123	12.71906	1.06646	1	0.72578	0.56443	13.16095	1.05880	1	-0.00978	-0.01081	0.68659	0.00366	1	0.05732	-0.01494	0.66417	0.00389	1	1.45898	0.81042	0	
1239021	8357.57031	3304375299224	0.51157	0.35521	8356.81348	0.75684	10969	1	0.51949	0.30362	1	0.49671	0.34602	1	0.50810	0.32482	1	0.46165	0.54115	12.83653	1.05880	1	0.72557	0.56432	13.50226	1.05114	1	-0.00978	-0.01081	0.68659	0.00371	1	0.05732	-0.01494	0.66417	0.00387	1	1.45898	0.81042	0	
1239022	8357.57715	3304375366431	0.51168	0.35501	8356.81348	0.76367	10969	1	0.53164	0.32273	1	0.50500	0.37856	1	0.51832	0.35064	1	0.46177	0.54105	12.74868	1.05114	1	0.72580	0.56456	13.24363	1.04348	1	-0.00978	-0.01081	0.68659	0.00362	1	0.05732	-0.01494	0.66417	0.00387	1	1.45898	0.81042	0	
1239023	8357.58398	3304375433033	0.51180	0.35488	8356.81348	0.77051	10969	1	0.53240	0.32897	1	0.50450	0.38462	1	0.51845	0.35680	1	0.46181	0.54119	12.86624	1.04348	1	0.72579	0.56449	13.00892	1.03582	1	-0.00978	-0.01081	0.68659	0.00369	1	0.05732	-0.01494	0.66417	0.00389	1	1.45898	0.81042	0	
1239024	8357.59082	3304375503392	0.51187	0.35484	8356.81348	0.77734	10969	1	0.54207	0.33288	1	0.48980	0.39649	1	0.51593	0.36469	1	0.46190	0.54124	13.33349	1.03582	1	0.72555	0.56470	13.43934	1.03582	1	-0.00978	-0.01081	0.68659	0.00371	1	0.05732	-0.01494	0.66417	0.00390	1	1.45898	0.81042	0	
1239025	8357.59766	3304375569629	0.51195	0.35474	8356.81348	0.78418	10969	1	0.53561	0.32402	1	0.49410	0.40446	1	0.51486	0.36424	1	0.46186	0.54109	12.80339	1.03582	1	0.72557	0.56476	13.48078	1.03582	1	-0.00978	-0.01081	0.68659	0.00377	1	0.05732	-0.01494	0.66417	0.00390	1	1.45898	0.81042	0	
1239026	8357.60449	3304375637447	0.51201	0.35465	8356.81348	0.79102	10969	1	0.53561	0.32402	1	0.49410	0.40446	1	0.51486	0.36424	1	0.46189	0.54142	13.14955	1.03582	1	0.72557	0.56476	13.48078	1.03582	1	-0.00978	-0.01081	0.68659	0.00361	1	0.05732	-0.01494	0.66417	0.00390	1	1.45898	0.81042	0	
1239027	8357.61035	3304375703138	0.51196	0.35526	8356.81348	0.79688	10969	1	0.53621	0.35378	1	0.49076	0.37431	1	0.51349	0.36405	1	0.46178	0.54135	13.20330	1.03582	1	0.72554	0.56449	13.18839	1.03582	1	-0.00978	-0.01081	0.68659	0.00362	1	0.05732	-0.01494	0.66417	0.00393	1	1.45898	0.81042	0	
1239028	8357.61719	3304375771541	0.51201	0.35622	8356.81348	0.80371	10969	1	0.55404	0.36622	1	0.48452	0.40228	1	0.51928	0.38425	1	0.46208	0.54156	13.45433	1.03582	1	0.72553	0.56466	13.42014	1.03582	1	-0.00978	-0.01081	0.68659	0.00362	1	0.05732	-0.01494	0.66417	0.00390	1	1.45898	0.81042	0	
1239029	8357.62402	3304375837915	0.51207	0.35723	8356.81348	0.81055	10969	1	0.55404	0.36622	1	0.48487	0.39636	1	0.51945	0.38129	1	0.46165	0.54115	12.83653	1.03582	1	0.72553	0.56474	13.46835	1.04348	1	-0.00978	-0.01081	0.68659	0.00371	1	0.05804	-0.01514	0.67304	0.00384	1	1.45898	0.81042	0	
1239030	8357.63086	3304375904624	0.51186	0.35679	8356.81348	0.81738	10969	1	0.53460	0.28314	1	0.49015	0.37926	1	0.51238	0.33120	1	0.46179	0.54117	13.01669	1.04348	1	0.72554	0.56460	13.21432	1.05114	1	-0.00978	-0.01081	0.68659	0.00366	1	0.05804	-0.01514	0.67304	0.00395	1	1.45898	0.81042	0	
1239031	8357.63770	3304375971529	0.51141	0.35623	8356.81348	0.82422	10969	1	0.52198	0.34733	1	0.48044	0.35237	1	0.50121	0.34985	1	0.46165	0.54126	12.90832	1.05114	1	0.72541	0.56444	13.60118	1.05880	1	-0.00978	-0.01081	0.68659	0.00366	1	0.05804	-0.01514	0.67304	0.00397	1	1.45898	0.81042	0	
1239032	8357.64453	3304376039069	0.51096	0.35554	8356.81348	0.83105	10969	1	0.52116	0.34126	1	0.48076	0.34623	1	0.50096	0.34374	1	0.46181	0.54135	12.85974	1.05880	1	0.72547	0.56464	13.68275	1.06646	1	-0.00978	-0.01081	0.68659	0.00364	1	0.05804	-0.01514	0.67304	0.00402	1	1.45898	0.81042	0	
1239033	8357.65137	3304376105989	0.51073	0.35449	8356.81348	0.83789	10969	1	0.53694	0.29990	1	0.48686	0.36172	1	0.51190	0.33081	1	0.46187	0.54135	12.92697	1.06646	1	0.72547	0.56464	13.68275	1.06646	1	-0.00978	-0.01081	0.68659	0.00368	1	0.05804	-0.01514	0.67304	0.00402	1	1.45898	0.81042	0	
1239034	8357.65820	3304376172888	0.51063	0.35378	8356.81348	0.84473	10969	1	0.51652	0.26547	1	0.48228	0.38004	1	0.49940	0.32276	1	0.46161	0.54142	12.51836	1.06646	1	0.72537	0.56489	13.73800	1.06646	1	-0.00978	-0.01081	0.68659	0.00366	1	0.05804	-0.01514	0.67304	0.00398	1	1.45898	0.81042	0	
1239035	8357.66406	3304376239901	0.51052	0.35320	8356.81348	0.85059	10969	1	0.51652	0.26547	1	0.48228	0.38004	1	0.49940	0.32276	1	0.46151	0.54142	12.01125	1.06646	1	0.72527	0.56463	13.88671	1.06646	1	-0.00978	-0.01081	0.68659	0.00385	1	0.05804	-0.01514	0.67304	0.00403	1	1.45898	0.81042	0	
1239036	8357.67090	3304376307227	0.51054	0.35238	8356.81348	0.85742	10969	1	0.52976	0.31258	1	0.48311	0.37247	1	0.50644	0.34252	1	0.46178	0.54144	12.72423	1.06646	1	0.72540	0.56469	13.70611	1.06646	1	-0.00978	-0.01081	0.68659	0.00373	1	0.05804	-0.01514	0.67304	0.00401	1	1.45898	0.81042	0	
1239037	8357.67773	3304376374017	0.51011	0.35239	8356.81348	0.86426	10969	1	0.50757	0.32964	1	0.46978	0.39324	1	0.48867	0.36144	1	0.46156	0.54155	12.18301	1.06646	1	0.72513	0.56486	14.29623	1.06646	1	-0.00978	-0.01081	0.68659	0.00379	1	0.05804	-0.01514	0.67304	0.00392	1	1.45898	0.81042	0	
1239038	8357.68457	3304376440730	0.50968	0.35241	8356.81348	0.87109	10969	1	0.50852	0.33604	1	0.46952	0.39931	1	0.48902	0.36768	1	0.46156	0.54155	12.31290	1.05844	1	0.72510	0.56481	14.45018	1.05844	1	-0.00951	-0.01046	0.66413	0.00379	1	0.05804	-0.01514	0.67304	0.00394	1	1.45898	0.81042	0	
1239039	8357.69141	3304376508047	0.50957	0.35269	8356.81348	0.87793	10969	1	0.51415	0.32255	1	0.49237	0.39145	1	0.50326	0.35700	1	0.46151	0.54162	12.36479	1.05042	1	0.72514	0.56483	14.25611	1.05042	1	-0.00951	-0.01046	0.66413	0.00382	1	0.05804	-0.01514	0.67304	0.00394	1	1.45898	0.81042	0	
1239040	8357.69824	3304376574853	0.50959	0.35241	8356.81348	0.88477	10969	1	0.52586	0.34426	1	0.48535	0.39708	1	0.50560	0.37067	1	0.46149	0.54175	12.44864	1.04241	1	0.72505	0.56488	14.60581	1.04241	1	-0.00951	-0.01046	0.66413	0.00377	1	0.05804	-0.01514	0.67304	0.00391	1	1.45898	0.81042	0	
1239041	8357.70508	3304376641811	0.50961	0.35213	8356.81348	0.89160	10969	1	0.52586	0.34426	1	0.48535	0.39708	1	0.50560	0.37067	1	0.46195	0.54186	13.19712	1.04241	1	0.72502	0.56460	13.80298	1.04241	1	-0.00968	-0.01059	0.67222	0.00362	1	0.05804	-0.01514	0.67304	0.00407	1	1.45898	0.81042	0	
1239042	8357.71094	3304376708920	0.51002	0.35266	8356.81348	0.89746	10969	1	0.55672	0.37836	1	0.50051	0.38646	1	0.52861	0.38241	1	0.46182	0.54196	12.85798	1.05042	1	0.72535	0.56458	13.85013	1.05042	1	-0.00968	-0.01059	0.67222	0.00369	1	0.05804	-0.01514	0.67304	0.00401	1	1.45898	0.81042	0	
1239043	8357.71777	3304376776164	0.51007	0.35461	8356.81348	0.90430	10969	1	0.56140	0.39751	1	0.48659	0.40274	1	0.52399	0.40013	1	0.46175	0.54206	12.90989	1.05844	1	0.72508	0.56488	14.31188	1.05844	1	-0.00968	-0.01059	0.67222	0.00378	1	0.05804	-0.01514	0.67304	0.00394	1	1.45898	0.81042	0	
1239044	8357.72461	3304376842818	0.51012	0.35651	8356.81348	0.91113	10969	1	0.56080	0.39160	1	0.48697	0.39668	1	0.52389	0.39414	1	0.46180	0.54140	12.73094	1.06646	1	0.72564	0.56449	13.29524	1.06646	1	-0.00978	-0.01081	0.68659	0.00375	1	0.05804	-0.01514	0.67304	0.00422	1	1.45898	0.81042	0	
1239045	8357.73145	3304376907076	0.51000	0.35627	8356.81348	0.91797	10969	1	0.53246	0.33918	1	0.50073	0.33028	1	0.51660	0.33473	1	0.46185	0.54163	13.52777	1.06646	1	0.72567	0.56434	12.93169	1.06646	1	-0.00978	-0.01081	0.68659	0.00356	1	0.05804	-0.01514	0.67304	0.00422	1	1.45898	0.81042	0	
1239046	8357.73828	3304376977306	0.51011	0.35594	8356.81348	0.92480	10969	1	0.55466	0.34071	1	0.49534	0.34838	1	0.52500	0.34455	1	0.46198	0.54187	13.36589	1.06646	1	0.72554	0.56446	13.20420	1.06646	1	-0.00978	-0.01081	0.68659	0.00375	1	0.05804	-0.01514	0.67304	0.00417	1	1.45898	0.81042	0	
1239047	8357.74512	3304377043434	0.51022	0.35555	8356.81348	0.93164	10969	1	0.55466	0.34071	1	0.49492	0.35452	1	0.52479	0.34762	1	0.46261	0.54179	13.06539	1.06646	1	0.72629	0.56444	13.13975	1.05880	1	-0.00978	-0.01081	0.68659	0.00373	1	0.05732	-0.01494	0.66417	0.00409	1	1.45898	0.81042	0	
1239048	8357.75195	3304377111390	0.51094	0.35507	8356.81348	0.93848	10969	1	0.57806	0.30890	1	0.52890	0.33625	1	0.55348	0.32257	1	0.46257	0.54144	12.35274	1.05880	1	0.72612	0.56410	13.44241	1.05114	1	-0.00978	-0.01081	0.68659	0.00376	1	0.05732	-0.01494	0.66417	0.00400	1	1.45898	0.81042	0	
1239049	8357.75781	3304377177992	0.51171	0.35554	8356.81348	0.94434	10969	1	0.57777	0.35376	1	0.53833	0.39720	1	0.55805	0.37548	1	0.46245	0.54179	12.63054	1.05114	1	0.72638	0.56486	13.31226	1.04348	1	-0.00978	-0.01081	0.68659	0.00376	1	0.05732	-0.01494	0.66417	0.00391	1	1.45898	0.81042	0	
1239050	8357.76465	3304377244688	0.51248	0.35607	8356.81348	0.95117	10969	1	0.57825	0.35976	1	0.53833	0.39720	1	0.55829	0.37848	1	0.46252	0.54178	12.47556	1.04348	1	0.72613	0.56464	13.78336	1.04348	1	-0.00978	-0.01081	0.68659	0.00373	1	0.05629	-0.01479	0.65278	0.00392	1	1.45898	0.81042	0	
1239051	8357.77148	3304377311949	0.51294	0.35595	8356.81348	0.95801	10969	1	0.58297	0.32797	1	0.49928	0.39861	1	0.54113	0.36329	1	0.46261	0.54203	13.25517	1.04348	1	0.72572	0.56481	13.97147	1.05114	1	-0.00978	-0.01081	0.68659	0.00377	1	0.05629	-0.01479	0.65278	0.00392	1	1.45898	0.81042	0	
1239052	8357.77832	3304377378891	0.51371	0.35629	8356.81348	0.96484	10969	1	0.58215	0.35739	1	0.51635	0.40054	1	0.54925	0.37896	1	0.46251	0.54186	12.66442	1.05114	1	0.72596	0.56493	13.52722	1.05880	1	-0.00978	-0.01081	0.68659	0.00369	1	0.05629	-0.01479	0.65278	0.00383	1	1.45898	0.81042	0	
1239053	8357.78516	3304377446011	0.53770	0.36629	8356.81348	0.96484	10969	0	0.58170	0.35142	1	0.51692	0.39472	1	0.54931	0.37307	1	0.46217	0.54212	12.20921	1.05880	1	0.72578	0.56503	13.07833	1.06646	1	-0.00978	-0.01081	0.68659	0.00373	1	0.05831	-0.01527	0.67624	0.00391	1	1.45898	0.81042	0	
1239054	8357.79199	3304377511271	0.53134	0.37507	8356.81348	0.96484	10969	0	0.54258	0.37053	1	0.50738	0.39718	1	0.52498	0.38386	1	0.46189	0.54195	13.05090	1.06646	1	0.72580	0.56497	13.81272	1.06646	1	-0.00978	-0.01081	0.68659	0.00384	1	0.05831	-0.01527	0.67624	0.00389	1	1.45898	0.81042	0	
1239055	8357.79883	3304377579763	0.52705	0.38196	8356.81348	0.96484	10969	0	0.54163	0.39716	1	0.49530	0.39432	1	0.51847	0.39574	1	0.46182	0.54211	13.02589	1.06646	1	0.72557	0.56496	13.27438	1.06646	1	-0.00978	-0.01081	0.68659	0.00381	1	0.05831	-0.01527	0.67624	0.00393	1	1.45898	0.81042	0	
1239056	8357.80469	3304377645941	0.52490	0.38540	8357.78516	0.01953	10970	1	0.54163	0.39716	1	0.49530	0.39432	1	0.51847	0.39574	1	0.46175	0.54211	13.09119	1.06646	1	0.72564	0.56458	13.37298	1.06646	1	-0.00978	-0.01081	0.68659	0.00375	1	0.05831	-0.01527	0.67624	0.00407	1	1.45898	0.81042	0	
1239057	8357.81152	3304377713868	0.52367	0.37389	8357.78516	0.02637	10970	1	0.53456	0.30344	1	0.50290	0.35227	1	0.51873	0.32785	1	0.46188	0.54123	12.64698	1.06646	1	0.72564	0.56458	13.37298	1.06646	1	-0.00978	-0.01081	0.68659	0.00411	1	0.05831	-0.01527	0.67624	0.00407	1	1.45898	0.81042	0	
1239058	8357.81836	3304377780923	0.52317	0.37346	8357.78516	0.03320	10970	1	0.54578	0.38698	1	0.49555	0.35557	1	0.52067	0.37128	1	0.46197	0.54229	13.62574	1.06646	1	0.72561	0.56461	13.44189	1.06646	1	-0.00978	-0.01081	0.68659	0.00367	1	0.05831	-0.01527	0.67624	0.00406	1	1.45898	0.81042	0	
1239059	8357.82520	3304377846194	0.52281	0.37315	8357.78516	0.04004	10970	1	0.54578	0.38698	1	0.49555	0.35557	1	0.52067	0.37128	1	0.46191	0.54235	13.65208	1.06646	1	0.72564	0.56437	13.22270	1.06646	1	-0.00978	-0.01081	0.68659	0.00374	1	0.05629	-0.01479	0.65278	0.00409	1	1.45898	0.81042	0	SUBJECT_ONSET_LOG
1239060	8357.83203	3304377914284	0.52415	0.37293	8357.78516	0.04688	10970	1	0.56897	0.39303	1	0.49801	0.34974	1	0.53349	0.37138	1	0.46190	0.54211	13.52397	1.06646	1	0.72562	0.56456	13.07235	1.06646	1	-0.00978	-0.01081	0.68659	0.00379	1	0.05629	-0.01479	0.65278	0.00407	1	1.45898	0.81042	0	
1239061	8357.83887	3304377981107	0.52590	0.37396	8357.78516	0.05371	10970	1	0.57760	0.38229	1	0.50224	0.38212	1	0.53992	0.38220	1	0.46195	0.54224	13.59124	1.06646	1	0.72570	0.56483	13.40501	1.06646	1	-0.00978	-0.01081	0.68659	0.00376	1	0.05629	-0.01479	0.65278	0.00412	1	1.45898	0.81042	0	
1239062	8357.84473	3304378046629	0.52730	0.37539	8357.78516	0.05957	10970	1	0.57809	0.38826	1	0.50175	0.38830	1	0.53992	0.38828	1	0.46200	0.54206	13.55224	1.05844	1	0.72588	0.56477	12.77656	1.05844	1	-0.00951	-0.01046	0.66413	0.00371	1	0.05831	-0.01527	0.67624	0.00416	1	1.45898	0.81042	0	
1239063	8357.85254	3304378116001	0.52771	0.37275	8357.78516	0.06738	10970	1	0.56283	0.36323	1	0.50066	0.32949	1	0.53175	0.34636	1	0.46174	0.54187	13.01273	1.05042	1	0.72566	0.56425	12.84577	1.05042	1	-0.00951	-0.01046	0.66413	0.00379	1	0.05831	-0.01527	0.67624	0.00415	1	1.45898	0.81042	0	AUDIO_FILE_ONSET_LOG
1239064	8357.85840	3304378182875	0.52866	0.37390	8357.78516	0.07324	10970	1	0.56846	0.38038	1	0.50991	0.39281	1	0.53919	0.38659	1	0.46177	0.54192	13.11813	1.04241	1	0.72586	0.56471	12.83598	1.04241	1	-0.00951	-0.01046	0.66413	0.00375	1	0.05831	-0.01527	0.67624	0.00418	1	1.45898	0.81042	0	
1239065	8357.86523	3304378249579	0.52947	0.37488	8357.78516	0.08008	10970	1	0.56846	0.38038	1	0.50991	0.39281	1	0.53919	0.38659	1	0.46212	0.54225	13.67231	1.04241	1	0.72578	0.56463	13.06172	1.04241	1	-0.00968	-0.01059	0.67222	0.00366	1	0.05831	-0.01527	0.67624	0.00416	1	1.45898	0.81042	0	
1239066	8357.87207	3304378316913	0.52980	0.37646	8357.78516	0.08691	10970	1	0.56510	0.41818	1	0.50303	0.37582	1	0.53407	0.39700	1	0.46184	0.54229	13.57650	1.05042	1	0.72568	0.56451	13.01553	1.05042	1	-0.00968	-0.01059	0.67222	0.00374	1	0.05831	-0.01527	0.67624	0.00423	1	1.45898	0.81042	0	
1239067	8357.87891	3304378384162	0.53050	0.37451	8357.78516	0.09375	10970	1	0.57968	0.34814	1	0.50101	0.34632	1	0.54035	0.34723	1	0.46193	0.54217	13.16333	1.05844	1	0.72567	0.56441	12.81324	1.05844	1	-0.00968	-0.01059	0.67222	0.00380	1	0.05831	-0.01527	0.67624	0.00417	1	1.45898	0.81042	0	
1239068	8357.88574	3304378450410	0.53112	0.37241	8357.78516	0.10059	10970	1	0.57920	0.34186	1	0.50150	0.33982	1	0.54035	0.34084	1	0.46210	0.54222	13.29260	1.06646	1	0.72570	0.56471	12.89961	1.06646	1	-0.00968	-0.01059	0.67222	0.00385	1	0.05831	-0.01527	0.67624	0.00413	1	1.45898	0.81042	0	
1239069	8357.89258	3304378517119	0.53290	0.37381	8357.78516	0.10742	10970	1	0.60105	0.38379	1	0.52173	0.40874	1	0.56139	0.39627	1	0.46210	0.54222	13.29260	1.06646	1	0.72564	0.56504	13.01090	1.06646	1	-0.00968	-0.01059	0.67222	0.00385	1	0.05831	-0.01527	0.67624	0.00400	1	1.45898	0.81042	0	
1239070	8357.89941	3304378584551	0.53485	0.37369	8357.78516	0.11426	10970	1	0.60944	0.38675	1	0.52661	0.35664	1	0.56803	0.37169	1	0.46209	0.54217	13.24110	1.06646	1	0.72576	0.56452	13.00039	1.06646	1	-0.00968	-0.01059	0.67222	0.00389	1	0.05831	-0.01527	0.67624	0.00420	1	1.45898	0.81042	0	
1239071	8357.90527	3304378647171	0.53660	0.37359	8357.78516	0.12012	10970	1	0.60944	0.38675	1	0.52661	0.35664	1	0.56803	0.37169	1	0.46208	0.54116	12.97181	1.06646	1	0.72560	0.56450	12.84245	1.06646	1	-0.00968	-0.01059	0.67222	0.00446	1	0.05831	-0.01527	0.67624	0.00418	1	1.45898	0.81042	0	
1239072	8357.91211	3304378718419	0.53721	0.37427	8357.78516	0.12695	10970	1	0.58181	0.38576	1	0.51573	0.38870	1	0.54877	0.38723	1	0.46178	0.54191	13.26190	1.06646	1	0.72545	0.56495	13.43907	1.06646	1	-0.00968	-0.01059	0.67222	0.00381	1	0.05831	-0.01527	0.67624	0.00397	1	1.45898	0.81042	0	
1239073	8357.91895	3304378785106	0.53833	0.37439	8357.78516	0.13379	10970	1	0.60874	0.39812	1	0.51284	0.35543	1	0.56079	0.37678	1	0.46214	0.54225	13.39505	1.06646	1	0.72547	0.56442	13.21122	1.06646	1	-0.00968	-0.01059	0.67222	0.00387	1	0.05831	-0.01527	0.67624	0.00421	1	1.45898	0.81042	0	
1239074	8357.92578	3304378849485	0.53935	0.37450	8357.78516	0.14062	10970	1	0.60874	0.39812	1	0.51284	0.35543	1	0.56079	0.37678	1	0.46177	0.54184	13.02768	1.06646	1	0.72546	0.56475	13.43106	1.06646	1	-0.00990	-0.01072	0.68054	0.00368	1	0.05894	-0.01546	0.68469	0.00380	1	1.45898	0.81042	0	
1239075	8357.93262	3304378918076	0.53998	0.37027	8357.78516	0.14746	10970	1	0.57266	0.23356	1	0.53520	0.32101	1	0.55393	0.27729	1	0.46163	0.54163	12.81689	1.06646	1	0.72546	0.56419	13.18472	1.06646	1	-0.00990	-0.01072	0.68054	0.00371	1	0.05894	-0.01546	0.68469	0.00402	1	1.45898	0.81042	0	
1239076	8357.93848	3304378984698	0.54043	0.36797	8357.78516	0.15332	10970	1	0.56183	0.29978	1	0.53942	0.33049	1	0.55062	0.31513	1	0.46159	0.54186	12.70461	1.06646	1	0.72552	0.56419	13.20479	1.06646	1	-0.00990	-0.01072	0.68054	0.00368	1	0.05894	-0.01546	0.68469	0.00401	1	1.45898	0.81042	0	
1239077	8357.94531	3304379049523	0.54082	0.36599	8357.78516	0.16016	10970	1	0.56183	0.29978	1	0.53869	0.33678	1	0.55026	0.31828	1	0.46105	0.54201	12.95133	1.06646	1	0.72557	0.56440	13.19714	1.05880	1	-0.00990	-0.01072	0.68054	0.00369	1	0.05710	-0.01494	0.66398	0.00406	1	1.45898	0.81042	0	
1239078	8357.95215	3304379117188	0.54076	0.36497	8357.78516	0.16699	10970	1	0.53382	0.33690	1	0.54488	0.34213	1	0.53935	0.33951	1	0.46095	0.54226	12.95662	1.05880	1	0.72566	0.56418	12.98575	1.05114	1	-0.00990	-0.01072	0.68054	0.00384	1	0.05710	-0.01494	0.66398	0.00415	1	1.45898	0.81042	0	
1239079	8357.95898	3304379184912	0.54049	0.36431	8357.78516	0.17383	10970	1	0.52323	0.34934	1	0.54353	0.34487	1	0.53338	0.34710	1	0.46092	0.54233	13.06745	1.05114	1	0.72566	0.56421	12.94841	1.04348	1	-0.00990	-0.01072	0.68054	0.00377	1	0.05710	-0.01494	0.66398	0.00416	1	1.45898	0.81042	0	
1239080	8357.96582	3304379250565	0.54024	0.36391	8357.78516	0.18066	10970	1	0.52405	0.35539	1	0.54276	0.35120	1	0.53341	0.35330	1	0.46104	0.54240	12.95534	1.04348	1	0.72556	0.56403	12.60290	1.03582	1	-0.00990	-0.01072	0.68054	0.00381	1	0.05710	-0.01494	0.66398	0.00420	1	1.45898	0.81042	0	
1239081	8357.97168	3304379316343	0.53980	0.36430	8357.78516	0.18652	10970	1	0.52916	0.36844	1	0.52583	0.38191	1	0.52750	0.37517	1	0.46099	0.54162	12.84720	1.03582	1	0.72528	0.56474	13.35183	1.03582	1	-0.00990	-0.01072	0.68054	0.00420	1	0.05710	-0.01494	0.66398	0.00381	1	1.45898	0.81042	0	
1239082	8357.97852	3304379385077	0.53982	0.36321	8357.78516	0.19336	10970	1	0.53975	0.33662	1	0.54145	0.32648	1	0.54060	0.33155	1	0.46111	0.54176	13.29122	1.03582	1	0.72559	0.56392	13.03369	1.03582	1	-0.00990	-0.01072	0.68054	0.00406	1	0.05710	-0.01494	0.66398	0.00428	1	1.45898	0.81042	0	
1239083	8357.98535	3304379452274	0.53986	0.36230	8357.78516	0.20020	10970	1	0.54051	0.34314	1	0.54141	0.32679	1	0.54096	0.33496	1	0.46120	0.54158	13.24926	1.02780	1	0.72546	0.56406	13.12905	1.03546	1	-0.00966	-0.01041	0.66085	0.00410	1	0.05867	-0.01536	0.68278	0.00419	1	1.45898	0.81042	0	
1239084	8357.99219	3304379521829	0.53971	0.36141	8357.78516	0.20703	10970	1	0.53543	0.33315	1	0.53492	0.33454	1	0.53518	0.33384	1	0.46103	0.54111	12.78964	1.02745	1	0.72547	0.56386	12.78923	1.03511	1	-0.00966	-0.01041	0.66085	0.00421	1	0.05867	-0.01536	0.68278	0.00447	1	1.45898	0.81042	0	
1239085	8357.99902	3304379587638	0.53952	0.36198	8357.78516	0.21387	10970	1	0.55271	0.40609	1	0.51406	0.35432	1	0.53339	0.38021	1	0.46127	0.54215	13.47708	1.02709	1	0.72511	0.56409	12.69123	1.03475	1	-0.00966	-0.01041	0.66085	0.00378	1	0.05867	-0.01536	0.68278	0.00430	1	1.45898	0.81042	0	
1239086	8358.00586	3304379655967	0.53934	0.36252	8357.78516	0.22070	10970	1	0.55274	0.40636	1	0.51404	0.35462	1	0.53339	0.38049	1	0.46100	0.54120	12.72596	1.02673	1	0.72488	0.56446	13.33267	1.03439	1	-0.00966	-0.01041	0.66085	0.00421	1	0.05867	-0.01536	0.68278	0.00420	1	1.45898	0.81042	0	
1239087	8358.01270	3304379723239	0.53858	0.36401	8357.78516	0.22754	10970	1	0.53683	0.40816	1	0.48835	0.42072	1	0.51259	0.41444	1	0.46104	0.54229	13.03982	1.03439	1	0.72471	0.56493	13.59047	1.03439	1	-0.00966	-0.01041	0.66085	0.00378	1	0.05867	-0.01536	0.68278	0.00393	1	1.45898	0.81042	0	
1239088	8358.01953	3304379789903	0.53821	0.36478	8357.78516	0.23438	10970	1	0.55675	0.36507	1	0.49378	0.41892	1	0.52527	0.39200	1	0.46101	0.54132	12.74984	1.03439	1	0.72479	0.56503	14.00385	1.03439	1	-0.00966	-0.01041	0.66085	0.00419	1	0.05867	-0.01536	0.68278	0.00390	1	1.45898	0.81042	0	
1239089	8358.02637	3304379857183	0.53785	0.36516	8357.78516	0.24121	10970	1	0.55538	0.35163	1	0.49473	0.40596	1	0.52505	0.37879	1	0.46119	0.54220	13.55774	1.05149	1	0.72460	0.56481	13.68250	1.05149	1	-0.01034	-0.01114	0.70719	0.00376	1	0.05867	-0.01536	0.68278	0.00391	1	1.45898	0.81042	0	
1239090	8358.03320	3304379922959	0.53767	0.36560	8357.78516	0.24805	10970	1	0.55110	0.33909	1	0.51079	0.42479	1	0.53095	0.38194	1	0.46112	0.54191	13.25725	1.06860	1	0.72467	0.56435	13.56707	1.06860	1	-0.01034	-0.01114	0.70719	0.00366	1	0.05867	-0.01536	0.68278	0.00382	1	1.45898	0.81042	0	
1239091	8358.04004	3304379991187	0.53862	0.36555	8357.78516	0.25488	10970	1	0.59883	0.34390	1	0.55038	0.38339	1	0.57460	0.36364	1	0.46132	0.54181	13.37321	1.08570	1	0.72489	0.56399	13.18673	1.08570	1	-0.01034	-0.01114	0.70719	0.00380	1	0.05867	-0.01536	0.68278	0.00396	1	1.45898	0.81042	0	
1239092	8358.04590	3304380057967	0.53951	0.36558	8357.78516	0.26074	10970	1	0.59883	0.34390	1	0.54959	0.38920	1	0.57421	0.36655	1	0.46051	0.54096	13.32102	1.08570	1	0.72375	0.56365	14.11895	1.07804	1	-0.00965	-0.01014	0.65307	0.00376	1	0.05654	-0.01474	0.65973	0.00387	1	1.45898	0.81042	0	
1239093	8358.05273	3304380124265	0.53914	0.36493	8357.78516	0.26758	10970	1	0.54848	0.35402	1	0.50017	0.32435	1	0.52432	0.33919	1	0.46047	0.54113	13.41926	1.06094	1	0.72407	0.56303	13.32617	1.05328	1	-0.00965	-0.01014	0.65307	0.00374	1	0.05654	-0.01474	0.65973	0.00403	1	1.45898	0.81042	0	
1239094	8358.05957	3304380191535	0.53878	0.36484	8357.78516	0.27441	10970	1	0.55268	0.35380	1	0.49515	0.36796	1	0.52392	0.36088	1	0.46052	0.54092	13.14588	1.03617	1	0.72403	0.56328	13.48361	1.02851	1	-0.00965	-0.01014	0.65307	0.00378	1	0.05654	-0.01474	0.65973	0.00393	1	1.45898	0.81042	0	
1239095	8358.06641	3304380259748	0.53844	0.36521	8357.78516	0.28125	10970	1	0.55475	0.37350	1	0.49374	0.38807	1	0.52425	0.38079	1	0.46046	0.54087	13.09200	1.01141	1	0.72399	0.56333	13.45325	1.00375	1	-0.00965	-0.01014	0.65307	0.00374	1	0.05601	-0.01456	0.65350	0.00394	1	1.45898	0.81042	0	
1239096	8358.07324	3304380325931	0.53775	0.36456	8357.78516	0.28809	10970	1	0.54021	0.27742	1	0.47585	0.39623	1	0.50803	0.33682	1	0.46038	0.53962	12.88401	1.00375	1	0.72368	0.56352	13.83894	1.00375	1	-0.00965	-0.01014	0.65307	0.00424	1	0.05601	-0.01456	0.65350	0.00391	1	1.45898	0.81042	0	
1239097	8358.08008	3304380392650	0.53703	0.36449	8357.78516	0.29492	10970	1	0.53532	0.33515	1	0.47542	0.38711	1	0.50537	0.36113	1	0.46025	0.54035	12.95339	1.00375	1	0.72376	0.56347	13.96069	1.00375	1	-0.00965	-0.01014	0.65307	0.00401	1	0.05601	-0.01456	0.65350	0.00391	1	1.45898	0.81042	0	
1239098	8358.08691	3304380459604	0.53634	0.36441	8357.78516	0.30176	10970	1	0.53532	0.33515	1	0.47542	0.38711	1	0.50537	0.36113	1	0.46027	0.54105	13.28946	1.00375	1	0.72401	0.56348	13.89035	1.00375	1	-0.00965	-0.01014	0.65307	0.00371	1	0.05601	-0.01456	0.65350	0.00388	1	1.45898	0.81042	0	
1239099	8358.09277	3304380526770	0.53614	0.36478	8357.78516	0.30762	10970	1	0.54927	0.36531	1	0.50460	0.39823	1	0.52694	0.38177	1	0.46041	0.54095	13.30735	1.00375	1	0.72418	0.56337	13.23274	1.00375	1	-0.00965	-0.01014	0.65307	0.00370	1	0.05601	-0.01456	0.65350	0.00396	1	1.45898	0.81042	0	
1239100	8358.09961	3304380593569	0.53597	0.36531	8357.78516	0.31445	10970	1	0.55204	0.38053	1	0.50443	0.39965	1	0.52824	0.39009	1	0.46051	0.54086	13.13845	1.00375	1	0.72414	0.56353	13.59112	1.00375	1	-0.00965	-0.01014	0.65307	0.00375	1	0.05601	-0.01456	0.65350	0.00392	1	1.45898	0.81042	0	
1239101	8358.10645	3304380660023	0.53578	0.36581	8357.78516	0.32129	10970	1	0.55204	0.38053	1	0.50443	0.39965	1	0.52824	0.39009	1	0.46051	0.54086	13.13845	1.00375	1	0.72396	0.56364	13.45110	1.00375	1	-0.00978	-0.01023	0.66199	0.00375	1	0.05601	-0.01456	0.65350	0.00387	1	1.45898	0.81042	0	
1239102	8358.11328	3304380726003	0.53572	0.36575	8357.78516	0.32812	10970	1	0.55057	0.38215	1	0.49430	0.38048	1	0.52244	0.38131	1	0.46049	0.54084	13.09500	1.00375	1	0.72400	0.56327	13.29090	1.00375	1	-0.00978	-0.01023	0.66199	0.00375	1	0.05601	-0.01456	0.65350	0.00388	1	1.45898	0.81042	0	
1239103	8358.12012	3304380794550	0.53518	0.36479	8357.78516	0.33496	10970	1	0.51513	0.29209	1	0.46930	0.40688	1	0.49221	0.34948	1	0.46036	0.53977	12.82862	1.00375	1	0.72362	0.56371	13.76602	1.00375	1	-0.00978	-0.01023	0.66199	0.00418	1	0.05601	-0.01456	0.65350	0.00389	1	1.45898	0.81042	0	
1239104	8358.12695	3304380862209	0.53462	0.36369	8357.78516	0.34180	10970	1	0.51418	0.28499	1	0.46957	0.40054	1	0.49187	0.34276	1	0.46051	0.54075	13.05200	1.01177	1	0.72390	0.56347	12.98718	1.01177	1	-0.01005	-0.01061	0.68373	0.00382	1	0.05654	-0.01465	0.65973	0.00393	1	1.45898	0.81042	0	
1239105	8358.13379	3304380930030	0.53430	0.36479	8357.78516	0.34863	10970	1	0.52461	0.37394	1	0.48148	0.38794	1	0.50304	0.38094	1	0.46050	0.54090	13.05442	1.01979	1	0.72380	0.56339	13.58362	1.01979	1	-0.01005	-0.01061	0.68373	0.00380	1	0.05654	-0.01465	0.65973	0.00397	1	1.45898	0.81042	0	
1239106	8358.13965	3304380993156	0.53398	0.36489	8357.78516	0.35449	10970	1	0.52714	0.38170	1	0.48355	0.36993	1	0.50535	0.37581	1	0.46049	0.54101	13.32082	1.02780	1	0.72385	0.56330	13.53290	1.02780	1	-0.01005	-0.01061	0.68373	0.00377	1	0.05654	-0.01465	0.65973	0.00396	1	1.45898	0.81042	0	
1239107	8358.14648	3304381061790	0.53366	0.36492	8357.78516	0.36133	10970	1	0.52714	0.38170	1	0.48391	0.36372	1	0.50552	0.37271	1	0.46025	0.54017	12.98310	1.02780	1	0.72412	0.56333	13.44712	1.03546	1	-0.00978	-0.01023	0.66199	0.00407	1	0.05845	-0.01513	0.68142	0.00393	1	1.45898	0.81042	0	
1239108	8358.15332	3304381126044	0.53308	0.36507	8357.78516	0.36816	10970	1	0.52365	0.40129	1	0.48795	0.35612	1	0.50580	0.37871	1	0.46042	0.54130	13.33385	1.02745	1	0.72392	0.56324	13.41377	1.03511	1	-0.00978	-0.01023	0.66199	0.00373	1	0.05845	-0.01513	0.68142	0.00398	1	1.45898	0.81042	0	
1239109	8358.16016	3304381196695	0.53258	0.36460	8357.78516	0.37500	10970	1	0.52597	0.38758	1	0.50505	0.33177	1	0.51551	0.35968	1	0.46043	0.54116	13.65237	1.02709	1	0.72414	0.56319	13.27235	1.03475	1	-0.00978	-0.01023	0.66199	0.00368	1	0.05845	-0.01513	0.68142	0.00398	1	1.45898	0.81042	0	
1239110	8358.16699	3304381262304	0.53206	0.36388	8357.78516	0.38184	10970	1	0.52515	0.38167	1	0.50556	0.32532	1	0.51535	0.35350	1	0.46048	0.54113	13.49510	1.03475	1	0.72404	0.56336	13.48920	1.04241	1	-0.01005	-0.01056	0.68373	0.00383	1	0.05845	-0.01518	0.68142	0.00396	1	1.45898	0.81042	0	
1239111	8358.17383	3304381330933	0.53157	0.36427	8357.78516	0.38867	10970	1	0.55330	0.36091	1	0.46271	0.36917	1	0.50801	0.36504	1	0.46094	0.54110	12.70777	1.05042	1	0.72387	0.56349	13.40549	1.05042	1	-0.01005	-0.01056	0.68373	0.00389	1	0.05845	-0.01518	0.68142	0.00397	1	1.45898	0.81042	0	
1239112	8358.18066	3304381397785	0.53085	0.36443	8357.78516	0.39551	10970	1	0.54233	0.40330	1	0.46695	0.38591	1	0.50464	0.39460	1	0.46069	0.54156	13.51697	1.05844	1	0.72396	0.56356	13.43062	1.05844	1	-0.01005	-0.01056	0.68373	0.00376	1	0.05845	-0.01518	0.68142	0.00394	1	1.45898	0.81042	0	
1239113	8358.18652	3304381464765	0.53013	0.36447	8357.78516	0.40137	10970	1	0.54160	0.39742	1	0.46719	0.37973	1	0.50440	0.38858	1	0.46079	0.54130	12.90590	1.06646	1	0.72403	0.56330	13.43826	1.06646	1	-0.01005	-0.01056	0.68373	0.00388	1	0.05784	-0.01499	0.67308	0.00398	1	1.45898	0.81042	0	
1239114	8358.19336	3304381528352	0.50463	0.36554	8357.78516	0.40137	10970	0	0.52538	0.27598	1	0.48223	0.37334	1	0.50380	0.32466	1	0.46061	0.54039	11.92077	1.06646	1	0.72424	0.56370	14.24781	1.06646	1	-0.01005	-0.01056	0.68373	0.00403	1	0.05784	-0.01499	0.67308	0.00389	1	1.45898	0.81042	0	
1239115	8358.20020	3304381599260	0.50884	0.33616	8357.78516	0.40137	10970	0	0.53565	0.26023	1	0.49046	0.35332	1	0.51305	0.30678	1	0.46071	0.54053	11.97580	1.06646	1	0.72430	0.56355	14.13573	1.06646	1	-0.01005	-0.01056	0.68373	0.00392	1	0.05784	-0.01499	0.67308	0.00392	1	1.45898	0.81042	0	
1239116	8358.20703	3304381665625	0.51024	0.32637	8357.78516	0.40137	10970	0	0.53565	0.26023	1	0.49046	0.35332	1	0.51305	0.30678	1	0.46086	0.54017	11.91135	1.06646	1	0.72447	0.56348	13.79924	1.06646	1	-0.00978	-0.01043	0.67200	0.00407	1	0.05867	-0.01526	0.68278	0.00395	1	1.45898	0.81042	0	
1239117	8358.21387	3304381732653	0.50717	0.32601	8358.19336	0.02051	10971	1	0.53317	0.24028	1	0.46273	0.40958	1	0.49795	0.32493	1	0.46114	0.54049	12.77990	1.06646	1	0.72428	0.56386	14.17894	1.06646	1	-0.00978	-0.01043	0.67200	0.00394	1	0.05867	-0.01526	0.68278	0.00393	1	1.45898	0.81042	0	
1239118	8358.22070	3304381799534	0.50350	0.33177	8358.19336	0.02734	10971	1	0.51514	0.33480	1	0.46251	0.37483	1	0.48882	0.35481	1	0.46078	0.54072	12.28788	1.06646	1	0.72426	0.56377	14.08686	1.06646	1	-0.00978	-0.01043	0.67200	0.00381	1	0.05867	-0.01526	0.68278	0.00394	1	1.45898	0.81042	0	
1239119	8358.22754	3304381866676	0.50105	0.33561	8358.19336	0.03418	10971	1	0.51514	0.33480	1	0.46251	0.37483	1	0.48882	0.35481	1	0.46097	0.53984	12.33581	1.06646	1	0.72439	0.56368	14.12032	1.06646	1	-0.00978	-0.01048	0.67200	0.00413	1	0.05867	-0.01526	0.68278	0.00401	1	1.45898	0.81042	0	
1239120	8358.23340	3304381933548	0.50342	0.33284	8358.19336	0.04004	10971	1	0.54597	0.27929	1	0.48923	0.35315	1	0.51760	0.31622	1	0.46112	0.54082	12.81464	1.06646	1	0.72470	0.56348	13.16734	1.06646	1	-0.00978	-0.01048	0.67200	0.00378	1	0.05867	-0.01526	0.68278	0.00400	1	1.45898	0.81042	0	
1239121	8358.24023	3304382000266	0.50509	0.33395	8358.19336	0.04688	10971	1	0.55921	0.31562	1	0.47441	0.36778	1	0.51681	0.34170	1	0.46137	0.54098	12.89324	1.06646	1	0.72445	0.56371	14.05857	1.06646	1	-0.00978	-0.01048	0.67200	0.00377	1	0.05867	-0.01526	0.68278	0.00397	1	1.45898	0.81042	0	
1239122	8358.24707	3304382067893	0.50639	0.33481	8358.19336	0.05371	10971	1	0.55921	0.31562	1	0.47441	0.36778	1	0.51681	0.34170	1	0.46100	0.54095	13.25113	1.06646	1	0.72437	0.56356	13.87141	1.06646	1	-0.00989	-0.01051	0.68022	0.00380	1	0.05867	-0.01526	0.68278	0.00402	1	1.45898	0.81042	0	
1239123	8358.25391	3304382134463	0.50649	0.33430	8358.19336	0.06055	10971	1	0.51927	0.30931	1	0.49535	0.35014	1	0.50731	0.32972	1	0.46119	0.54060	13.34655	1.06646	1	0.72477	0.56330	13.45953	1.06646	1	-0.00989	-0.01051	0.68022	0.00371	1	0.05867	-0.01526	0.68278	0.00397	1	1.45898	0.81042	0	
1239124	8358.26074	3304382201407	0.50618	0.33306	8358.19336	0.06738	10971	1	0.51268	0.30996	1	0.49345	0.33131	1	0.50307	0.32064	1	0.46116	0.54091	13.35743	1.06646	1	0.72477	0.56315	13.37575	1.06646	1	-0.00989	-0.01051	0.68022	0.00378	1	0.05867	-0.01526	0.68278	0.00402	1	1.45898	0.81042	0	
1239125	8358.26758	3304382268865	0.50592	0.33202	8358.19336	0.07422	10971	1	0.51268	0.30996	1	0.49345	0.33131	1	0.50307	0.32064	1	0.46120	0.54130	13.29563	1.06646	1	0.72496	0.56346	13.21916	1.06646	1	-0.00968	-0.01039	0.67222	0.00375	1	0.05796	-0.01505	0.67339	0.00391	1	1.45898	0.81042	0	
1239126	8358.27441	3304382335453	0.50521	0.33335	8358.19336	0.08105	10971	1	0.51074	0.33796	1	0.48266	0.36054	1	0.49670	0.34925	1	0.46115	0.54123	13.27615	1.06646	1	0.72458	0.56351	13.74239	1.06646	1	-0.00968	-0.01039	0.67222	0.00377	1	0.05796	-0.01505	0.67339	0.00382	1	1.45898	0.81042	0	
1239127	8358.28027	3304382402165	0.50628	0.33450	8358.19336	0.08691	10971	1	0.53133	0.36640	1	0.50908	0.33246	1	0.52020	0.34943	1	0.46151	0.54126	13.24081	1.06646	1	0.72505	0.56337	13.52912	1.06646	1	-0.00968	-0.01039	0.67222	0.00375	1	0.05796	-0.01505	0.67339	0.00383	1	1.45898	0.81042	0	
1239128	8358.28711	3304382469569	0.50719	0.33570	8358.19336	0.09375	10971	1	0.53133	0.36640	1	0.50856	0.33873	1	0.51994	0.35256	1	0.46170	0.54082	12.26898	1.06646	1	0.72475	0.56358	13.52530	1.05880	1	-0.00968	-0.01039	0.67222	0.00375	1	0.05698	-0.01478	0.66137	0.00389	1	1.45898	0.81042	0	
1239129	8358.29395	3304382536702	0.50724	0.33551	8358.19336	0.10059	10971	1	0.54527	0.32435	1	0.47077	0.34095	1	0.50802	0.33265	1	0.46167	0.54092	12.18314	1.05880	1	0.72478	0.56326	13.36817	1.05114	1	-0.00968	-0.01039	0.67222	0.00380	1	0.05698	-0.01478	0.66137	0.00394	1	1.45898	0.81042	0	
1239130	8358.30078	3304382603317	0.50641	0.33679	8358.19336	0.10742	10971	1	0.52473	0.33320	1	0.46156	0.38143	1	0.49315	0.35732	1	0.46179	0.54089	12.55141	1.05114	1	0.72453	0.56369	14.09418	1.04348	1	-0.00968	-0.01039	0.67222	0.00386	1	0.05698	-0.01478	0.66137	0.00393	1	1.45898	0.81042	0	
1239131	8358.30762	3304382670147	0.50570	0.33810	8358.19336	0.11426	10971	1	0.52554	0.33937	1	0.46156	0.38143	1	0.49355	0.36040	1	0.46179	0.54099	12.94802	1.04348	1	0.72427	0.56372	13.73213	1.04348	1	-0.00978	-0.01061	0.68659	0.00380	1	0.05804	-0.01504	0.67304	0.00402	1	1.45898	0.81042	0	
1239132	8358.31445	3304382737352	0.50527	0.33891	8358.19336	0.12109	10971	1	0.54218	0.35404	1	0.45308	0.35288	1	0.49763	0.35346	1	0.46193	0.54113	13.43769	1.04348	1	0.72449	0.56346	13.27055	1.05114	1	-0.00978	-0.01061	0.68659	0.00381	1	0.05804	-0.01504	0.67304	0.00395	1	1.45898	0.81042	0	
1239133	8358.32129	3304382804151	0.50455	0.33927	8358.19336	0.12793	10971	1	0.54329	0.32885	1	0.43818	0.36335	1	0.49073	0.34610	1	0.46193	0.54102	12.97560	1.05114	1	0.72429	0.56353	13.60413	1.05880	1	-0.00978	-0.01061	0.68659	0.00385	1	0.05804	-0.01504	0.67304	0.00407	1	1.45898	0.81042	0	
1239134	8358.32715	3304382869413	0.50387	0.33931	8358.19336	0.13379	10971	1	0.54260	0.32266	1	0.43821	0.35731	1	0.49040	0.33998	1	0.46184	0.54084	12.90351	1.05880	1	0.72446	0.56375	13.89544	1.06646	1	-0.00978	-0.01061	0.68659	0.00383	1	0.05804	-0.01504	0.67304	0.00400	1	1.45898	0.81042	0	
1239135	8358.33398	3304382935002	0.50418	0.33970	8358.19336	0.14062	10971	1	0.53968	0.33177	1	0.48179	0.36438	1	0.51074	0.34808	1	0.46185	0.54093	12.89205	1.06646	1	0.72492	0.56363	14.05683	1.06646	1	-0.00978	-0.01061	0.68659	0.00386	1	0.05804	-0.01504	0.67304	0.00389	1	1.45898	0.81042	0	
1239136	8358.34082	3304383001132	0.50404	0.34049	8358.19336	0.14746	10971	1	0.54374	0.34723	1	0.45806	0.36834	1	0.50090	0.35779	1	0.46194	0.54102	13.23827	1.06646	1	0.72465	0.56373	13.53665	1.06646	1	-0.00978	-0.01061	0.68659	0.00377	1	0.05804	-0.01504	0.67304	0.00391	1	1.45898	0.81042	0	
1239137	8358.34766	3304383068369	0.50392	0.34147	8358.19336	0.15430	10971	1	0.54445	0.35348	1	0.45789	0.37459	1	0.50117	0.36404	1	0.46174	0.54111	12.85150	1.05844	1	0.72452	0.56337	13.20885	1.05844	1	-0.00947	-0.01022	0.66126	0.00378	1	0.05804	-0.01504	0.67304	0.00396	1	1.45898	0.81042	0	
1239138	8358.35449	3304383139165	0.50347	0.34240	8358.19336	0.16113	10971	1	0.52146	0.37094	1	0.46384	0.35865	1	0.49265	0.36480	1	0.46163	0.54117	12.84529	1.05042	1	0.72465	0.56329	13.23953	1.05042	1	-0.00947	-0.01022	0.66126	0.00371	1	0.05804	-0.01504	0.67304	0.00392	1	1.45898	0.81042	0	
1239139	8358.36133	3304383204124	0.50332	0.34371	8358.19336	0.16797	10971	1	0.54541	0.35525	1	0.45360	0.39720	1	0.49951	0.37623	1	0.46190	0.54109	12.57556	1.04241	1	0.72453	0.56383	13.45423	1.04241	1	-0.00947	-0.01022	0.66126	0.00391	1	0.05804	-0.01504	0.67304	0.00407	1	1.45898	0.81042	0	
1239140	8358.36719	3304383269707	0.50319	0.34525	8358.19336	0.17383	10971	1	0.54613	0.36159	1	0.45332	0.40928	1	0.49972	0.38543	1	0.46179	0.54103	12.51455	1.03439	1	0.72475	0.56337	13.21002	1.02673	1	-0.00947	-0.01022	0.66126	0.00373	1	0.05698	-0.01478	0.66137	0.00389	1	1.45898	0.81042	0	
1239141	8358.37402	3304383336933	0.50383	0.34630	8358.19336	0.18066	10971	1	0.55732	0.36662	1	0.48512	0.38288	1	0.52122	0.37475	1	0.46178	0.54110	12.54100	1.02673	1	0.72465	0.56329	13.23953	1.01907	1	-0.00947	-0.01022	0.66126	0.00371	1	0.05698	-0.01478	0.66137	0.00392	1	1.45898	0.81042	0	
1239142	8358.38086	3304383405554	0.50377	0.34686	8358.19336	0.18750	10971	1	0.55736	0.32443	1	0.44659	0.40043	1	0.50197	0.36243	1	0.46182	0.54031	12.54934	1.01907	1	0.72443	0.56355	13.65583	1.01141	1	-0.00947	-0.01022	0.66126	0.00392	1	0.05698	-0.01478	0.66137	0.00395	1	1.45898	0.81042	0	
1239143	8358.38770	3304383471057	0.50371	0.34727	8358.19336	0.19434	10971	1	0.55733	0.32413	1	0.44668	0.39410	1	0.50201	0.35912	1	0.46162	0.54107	12.64376	1.01943	1	0.72465	0.56334	13.30662	1.01943	1	-0.00968	-0.01039	0.67222	0.00394	1	0.05796	-0.01505	0.67339	0.00387	1	1.45898	0.81042	0	
1239144	8358.39453	3304383541687	0.50435	0.34785	8358.19336	0.20117	10971	1	0.55470	0.36180	1	0.49245	0.36867	1	0.52357	0.36523	1	0.46174	0.54089	12.46520	1.02745	1	0.72475	0.56342	13.26600	1.03511	1	-0.00968	-0.01039	0.67222	0.00371	1	0.05796	-0.01505	0.67339	0.00385	1	1.45898	0.81042	0	
1239145	8358.40137	3304383608460	0.50484	0.34874	8358.19336	0.20801	10971	1	0.54446	0.35003	1	0.49593	0.40266	1	0.52019	0.37634	1	0.46158	0.54097	12.43803	1.04312	1	0.72479	0.56380	13.61940	1.05078	1	-0.00968	-0.01039	0.67222	0.00379	1	0.05796	-0.01505	0.67339	0.00384	1	1.45898	0.81042	0	
1239146	8358.40820	3304383675315	0.50529	0.34929	8358.19336	0.21484	10971	1	0.54305	0.33757	1	0.49638	0.39655	1	0.51972	0.36706	1	0.46119	0.54097	13.10863	1.05880	1	0.72481	0.56370	13.46786	1.05880	1	-0.00968	-0.01049	0.67222	0.00376	1	0.05710	-0.01484	0.66398	0.00389	1	1.45898	0.81042	0	
1239147	8358.41504	3304383741865	0.50536	0.34938	8358.19336	0.22168	10971	1	0.51556	0.34082	1	0.49953	0.36334	1	0.50754	0.35208	1	0.46122	0.54107	13.26575	1.05880	1	0.72488	0.56366	13.12478	1.05114	1	-0.00968	-0.01049	0.67222	0.00385	1	0.05710	-0.01484	0.66398	0.00401	1	1.45898	0.81042	0	
1239148	8358.42090	3304383808580	0.50584	0.34992	8358.19336	0.22754	10971	1	0.54190	0.33945	1	0.50263	0.39722	1	0.52227	0.36834	1	0.46158	0.54097	12.43803	1.05114	1	0.72497	0.56386	13.21602	1.04348	1	-0.00968	-0.01049	0.67222	0.00379	1	0.05710	-0.01484	0.66398	0.00392	1	1.45898	0.81042	0	
1239149	8358.42773	3304383876195	0.50630	0.35060	8358.19336	0.23438	10971	1	0.54260	0.34557	1	0.50215	0.40314	1	0.52237	0.37436	1	0.46131	0.54087	13.07597	1.04348	1	0.72486	0.56388	13.20519	1.03582	1	-0.00968	-0.01054	0.67222	0.00388	1	0.05710	-0.01484	0.66398	0.00399	1	1.45898	0.81042	0	
1239150	8358.43457	3304383942866	0.50623	0.35068	8358.19336	0.24121	10971	1	0.51185	0.29458	1	0.49537	0.41306	1	0.50361	0.35382	1	0.46112	0.54016	12.94768	1.03582	1	0.72488	0.56395	13.18466	1.03582	1	-0.00968	-0.01054	0.67222	0.00397	1	0.05710	-0.01484	0.66398	0.00395	1	1.45898	0.81042	0	
1239151	8358.44141	3304384010134	0.50615	0.35051	8358.19336	0.24805	10971	1	0.51517	0.28783	1	0.49158	0.40042	1	0.50338	0.34412	1	0.46115	0.54006	12.84500	1.03582	1	0.72477	0.56374	13.44751	1.03582	1	-0.00968	-0.01054	0.67222	0.00402	1	0.05710	-0.01484	0.66398	0.00398	1	1.45898	0.81042	0	
1239152	8358.44824	3304384076799	0.50609	0.35027	8358.19336	0.25488	10971	1	0.51517	0.28783	1	0.49199	0.39448	1	0.50358	0.34116	1	0.46121	0.54026	12.80166	1.03582	1	0.72449	0.56423	13.18472	1.04348	1	-0.00968	-0.01059	0.67222	0.00409	1	0.05867	-0.01526	0.68278	0.00385	1	1.45898	0.81042	0	
1239153	8358.45508	3304384144234	0.50626	0.35013	8358.19336	0.26172	10971	1	0.53810	0.24816	1	0.48783	0.44090	1	0.51297	0.34453	1	0.46118	0.54028	13.06246	1.04348	1	0.72477	0.56424	13.65951	1.05114	1	-0.00968	-0.01059	0.67222	0.00400	1	0.05867	-0.01526	0.68278	0.00395	1	1.45898	0.81042	0	
1239154	8358.46191	3304384211495	0.50626	0.35031	8358.19336	0.26855	10971	1	0.53826	0.30043	1	0.47441	0.41513	1	0.50633	0.35778	1	0.46121	0.54068	13.00819	1.05114	1	0.72454	0.56423	13.43900	1.05880	1	-0.00968	-0.01059	0.67222	0.00382	1	0.05867	-0.01526	0.68278	0.00407	1	1.45898	0.81042	0	
1239155	8358.46777	3304384277565	0.50626	0.35035	8358.19336	0.27441	10971	1	0.53754	0.29402	1	0.47469	0.40944	1	0.50611	0.35173	1	0.46118	0.54093	13.06873	1.05880	1	0.72419	0.56418	13.01771	1.06646	1	-0.00990	-0.01072	0.68054	0.00375	1	0.05867	-0.01526	0.68278	0.00402	1	1.45898	0.81042	0	
1239156	8358.47461	3304384344939	0.50601	0.34915	8358.19336	0.28125	10971	1	0.52983	0.26402	1	0.46137	0.33338	1	0.49560	0.29870	1	0.46108	0.54063	12.76202	1.06646	1	0.72381	0.56387	13.41316	1.06646	1	-0.00990	-0.01072	0.68054	0.00382	1	0.05867	-0.01526	0.68278	0.00391	1	1.45898	0.81042	0	
1239157	8358.48145	3304384411872	0.50586	0.34852	8358.19336	0.28809	10971	1	0.53793	0.29738	1	0.46064	0.34588	1	0.49929	0.32163	1	0.46114	0.54056	12.95883	1.06646	1	0.72382	0.56389	13.49082	1.06646	1	-0.00990	-0.01072	0.68054	0.00400	1	0.05867	-0.01526	0.68278	0.00393	1	1.45898	0.81042	0	
1239158	8358.48828	3304384478838	0.50571	0.34792	8358.19336	0.29492	10971	1	0.53793	0.29738	1	0.46064	0.34588	1	0.49929	0.32163	1	0.46065	0.54059	12.02848	1.06646	1	0.72379	0.56361	13.17349	1.06646	1	-0.00990	-0.01072	0.68054	0.00398	1	0.05867	-0.01526	0.68278	0.00409	1	1.45898	0.81042	0	
1239159	8358.49512	3304384545401	0.50526	0.34692	8358.19336	0.30176	10971	1	0.50342	0.23627	1	0.46657	0.36755	1	0.48499	0.30191	1	0.46062	0.54052	11.78351	1.06646	1	0.72392	0.56360	13.28269	1.06646	1	-0.00990	-0.01072	0.68054	0.00402	1	0.05867	-0.01526	0.68278	0.00409	1	1.45898	0.81042	0	
1239160	8358.50195	3304384612757	0.50486	0.34572	8358.19336	0.30859	10971	1	0.50326	0.24788	1	0.46963	0.33256	1	0.48644	0.29022	1	0.46069	0.54042	12.02092	1.06646	1	0.72391	0.56373	13.36054	1.06646	1	-0.00990	-0.01072	0.68054	0.00399	1	0.05867	-0.01526	0.68278	0.00404	1	1.45898	0.81042	0	
1239161	8358.50879	3304384679815	0.50447	0.34463	8358.19336	0.31543	10971	1	0.50326	0.24788	1	0.46938	0.33879	1	0.48632	0.29334	1	0.46080	0.54058	12.51485	1.06646	1	0.72388	0.56339	13.25278	1.05880	1	-0.00981	-0.01057	0.67448	0.00391	1	0.05671	-0.01476	0.66053	0.00391	1	1.45898	0.81042	0	
1239162	8358.51562	3304384746731	0.50416	0.34322	8358.19336	0.32227	10971	1	0.50178	0.28060	1	0.47685	0.31532	1	0.48931	0.29796	1	0.46061	0.54045	11.85441	1.05880	1	0.72369	0.56348	13.56835	1.05114	1	-0.00981	-0.01057	0.67448	0.00413	1	0.05671	-0.01476	0.66053	0.00397	1	1.45898	0.81042	0	
1239163	8358.52148	3304384813807	0.50417	0.34338	8358.19336	0.32812	10971	1	0.52932	0.33223	1	0.49832	0.29675	1	0.51382	0.31449	1	0.46103	0.54130	12.90239	1.05114	1	0.72408	0.56319	12.99876	1.04348	1	-0.00981	-0.01057	0.67448	0.00386	1	0.05671	-0.01476	0.66053	0.00386	1	1.45898	0.81042	0	
1239164	8358.52832	3304384880894	0.49954	0.31790	8358.19336	0.32812	10971	0	0.53010	0.33841	1	0.49787	0.30340	1	0.51398	0.32091	1	0.46089	0.54121	12.82008	1.04348	1	0.72394	0.56391	13.65194	1.03582	1	-0.01003	-0.01075	0.68266	0.00386	1	0.05654	-0.01474	0.65973	0.00390	1	1.45898	0.81042	0	
1239165	8358.53516	3304384947648	0.50396	0.32715	8358.19336	0.32812	10971	0	0.51844	0.29784	1	0.49834	0.37495	1	0.50839	0.33640	1	0.46051	0.54088	11.89148	1.03582	1	0.72413	0.56416	13.16834	1.03582	1	-0.01003	-0.01075	0.68266	0.00412	1	0.05654	-0.01474	0.65973	0.00395	1	1.45898	0.81042	0	
1239166	8358.54199	3304385013159	0.51070	0.33577	8358.19336	0.32812	10971	0	0.54791	0.31110	1	0.50047	0.39492	1	0.52419	0.35301	1	0.46092	0.54089	12.04981	1.03582	1	0.72415	0.56410	13.16017	1.03582	1	-0.01003	-0.01075	0.68266	0.00399	1	0.05654	-0.01474	0.65973	0.00393	1	1.45898	0.81042	0	
1239167	8358.54785	3304385077390	0.51407	0.34008	8358.52832	0.01953	10972	1	0.54791	0.31110	1	0.50047	0.39492	1	0.52419	0.35301	1	0.46091	0.54112	12.81802	1.03582	1	0.72393	0.56388	13.49393	1.03582	1	-0.01003	-0.01075	0.68266	0.00386	1	0.05654	-0.01474	0.65973	0.00396	1	1.45898	0.81042	0	
1239168	8358.55469	3304385145777	0.51535	0.34028	8358.52832	0.02637	10972	1	0.54897	0.31652	1	0.49190	0.36561	1	0.52043	0.34106	1	0.46085	0.54112	12.33434	1.03582	1	0.72398	0.56380	13.14958	1.03582	1	-0.01003	-0.01075	0.68266	0.00397	1	0.05654	-0.01474	0.65973	0.00380	1	1.45898	0.81042	0	
1239169	8358.56152	3304385212154	0.51523	0.34310	8358.52832	0.03320	10972	1	0.53020	0.34081	1	0.49907	0.37357	1	0.51463	0.35719	1	0.46052	0.54123	12.86478	1.03582	1	0.72412	0.56398	13.15630	1.03582	1	-0.01003	-0.01075	0.68266	0.00394	1	0.05654	-0.01474	0.65973	0.00388	1	1.45898	0.81042	0	
1239170	8358.56836	3304385279092	0.51520	0.34559	8358.52832	0.04004	10972	1	0.53102	0.34730	1	0.49905	0.37386	1	0.51503	0.36058	1	0.46047	0.54116	12.79494	1.02780	1	0.72395	0.56414	13.02673	1.03546	1	-0.00978	-0.01043	0.66199	0.00397	1	0.05819	-0.01519	0.67960	0.00389	1	1.45898	0.81042	0	
1239171	8358.57520	3304385346993	0.51475	0.34910	8358.52832	0.04688	10972	1	0.54751	0.37290	1	0.47563	0.37442	1	0.51157	0.37366	1	0.46044	0.54148	12.99395	1.02745	1	0.72372	0.56400	12.50283	1.03511	1	-0.00978	-0.01043	0.66199	0.00387	1	0.05819	-0.01519	0.67960	0.00391	1	1.45898	0.81042	0	
1239172	8358.58203	3304385411846	0.51428	0.34955	8358.52832	0.05371	10972	1	0.54545	0.35729	1	0.47572	0.34904	1	0.51058	0.35317	1	0.46047	0.54153	13.05214	1.02709	1	0.72367	0.56382	12.52692	1.03475	1	-0.00978	-0.01043	0.66199	0.00386	1	0.05819	-0.01519	0.67960	0.00384	1	1.45898	0.81042	0	
1239173	8358.58887	3304385481667	0.51391	0.34994	8358.52832	0.06055	10972	1	0.54548	0.35758	1	0.47570	0.34934	1	0.51059	0.35346	1	0.46007	0.54136	12.08933	1.02673	1	0.72329	0.56379	13.23531	1.03439	1	-0.00978	-0.01043	0.66199	0.00396	1	0.05819	-0.01519	0.67960	0.00379	1	1.45898	0.81042	0	
1239174	8358.59473	3304385546949	0.51189	0.35196	8358.52832	0.06641	10972	1	0.54852	0.35560	1	0.43470	0.38860	1	0.49161	0.37210	1	0.46048	0.54137	12.62949	1.03439	1	0.72306	0.56416	13.47464	1.03439	1	-0.00978	-0.01043	0.66199	0.00396	1	0.05819	-0.01519	0.67960	0.00400	1	1.45898	0.81042	0	
1239175	8358.60156	3304385614199	0.50964	0.35307	8358.52832	0.07324	10972	1	0.52751	0.35525	1	0.44241	0.37529	1	0.48496	0.36527	1	0.46015	0.54144	12.24466	1.03439	1	0.72314	0.56396	13.43908	1.03439	1	-0.00978	-0.01043	0.66199	0.00397	1	0.05819	-0.01519	0.67960	0.00386	1	1.45898	0.81042	0	
1239176	8358.60840	3304385682787	0.50771	0.35351	8358.52832	0.08008	10972	1	0.52667	0.34886	1	0.44247	0.36891	1	0.48457	0.35888	1	0.46019	0.54145	12.39989	1.04241	1	0.72299	0.56355	13.18066	1.04241	1	-0.01014	-0.01076	0.68318	0.00395	1	0.05819	-0.01519	0.67960	0.00382	1	1.45898	0.81042	0	
1239177	8358.61523	3304385748551	0.50535	0.35061	8358.52832	0.08691	10972	1	0.52198	0.30784	1	0.42721	0.31798	1	0.47460	0.31291	1	0.46004	0.54104	11.90993	1.05042	1	0.72288	0.56360	13.17392	1.05042	1	-0.01014	-0.01076	0.68318	0.00390	1	0.05819	-0.01519	0.67960	0.00389	1	1.45898	0.81042	0	
1239178	8358.62207	3304385818629	0.50346	0.34756	8358.52832	0.09375	10972	1	0.51021	0.27066	1	0.44373	0.33897	1	0.47697	0.30481	1	0.45994	0.54060	11.98613	1.05844	1	0.72278	0.56377	13.13065	1.05844	1	-0.01014	-0.01076	0.68318	0.00409	1	0.05819	-0.01519	0.67960	0.00407	1	1.45898	0.81042	0	
1239179	8358.62891	3304385885483	0.50177	0.34447	8358.52832	0.10059	10972	1	0.50928	0.26376	1	0.44380	0.33245	1	0.47654	0.29811	1	0.45992	0.54057	11.87090	1.06646	1	0.72307	0.56362	13.50108	1.06646	1	-0.01014	-0.01076	0.68318	0.00413	1	0.05819	-0.01519	0.67960	0.00381	1	1.45898	0.81042	0	
1239180	8358.63574	3304385952444	0.50037	0.34268	8358.52832	0.10742	10972	1	0.50613	0.29646	1	0.44962	0.33178	1	0.47787	0.31412	1	0.45992	0.54086	11.77703	1.06646	1	0.72285	0.56375	13.22143	1.06646	1	-0.01014	-0.01076	0.68318	0.00420	1	0.05819	-0.01519	0.67960	0.00410	1	1.45898	0.81042	0	
1239181	8358.64258	3304386019853	0.50004	0.34259	8358.52832	0.11426	10972	1	0.51262	0.33936	1	0.47622	0.34260	1	0.49442	0.34098	1	0.45993	0.54148	11.87045	1.06646	1	0.72324	0.56356	13.59876	1.06646	1	-0.01014	-0.01076	0.68318	0.00393	1	0.05819	-0.01519	0.67960	0.00379	1	1.45898	0.81042	0	
1239182	8358.64941	3304386086329	0.49973	0.34267	8358.52832	0.12109	10972	1	0.51262	0.33936	1	0.47593	0.34877	1	0.49427	0.34406	1	0.46006	0.54141	12.54991	1.06646	1	0.72322	0.56353	13.40415	1.05880	1	-0.01014	-0.01076	0.68318	0.00389	1	0.05670	-0.01481	0.66275	0.00384	1	1.45898	0.81042	0	
1239183	8358.65625	3304386152872	0.49997	0.34131	8358.52832	0.12793	10972	1	0.51820	0.31679	1	0.49078	0.31438	1	0.50449	0.31559	1	0.46009	0.54111	12.53852	1.05880	1	0.72311	0.56344	13.35138	1.05114	1	-0.01014	-0.01076	0.68318	0.00382	1	0.05670	-0.01481	0.66275	0.00397	1	1.45898	0.81042	0	
1239184	8358.66211	3304386220753	0.50039	0.33977	8358.52832	0.13379	10972	1	0.52996	0.28575	1	0.48751	0.33207	1	0.50874	0.30891	1	0.45985	0.54072	11.66864	1.05114	1	0.72310	0.56352	13.23773	1.04348	1	-0.01014	-0.01076	0.68318	0.00411	1	0.05670	-0.01481	0.66275	0.00386	1	1.45898	0.81042	0	
1239185	8358.66895	3304386287405	0.50078	0.33866	8358.52832	0.14062	10972	1	0.53073	0.29226	1	0.48714	0.33846	1	0.50894	0.31536	1	0.45999	0.54059	11.61057	1.04348	1	0.72304	0.56384	13.76022	1.03582	1	-0.01014	-0.01065	0.67634	0.00413	1	0.05652	-0.01479	0.66177	0.00382	1	1.45898	0.81042	0	
1239186	8358.67578	3304386353991	0.50157	0.33981	8358.52832	0.14746	10972	1	0.54454	0.31413	1	0.49350	0.41592	1	0.51902	0.36503	1	0.46010	0.54105	12.24987	1.03582	1	0.72321	0.56392	13.33031	1.03582	1	-0.01014	-0.01065	0.67634	0.00393	1	0.05652	-0.01479	0.66177	0.00380	1	1.45898	0.81042	0	
1239187	8358.68262	3304386420759	0.50211	0.34148	8358.52832	0.15430	10972	1	0.54901	0.35326	1	0.48015	0.40642	1	0.51458	0.37984	1	0.46015	0.54140	12.18468	1.03582	1	0.72300	0.56397	13.77103	1.03582	1	-0.01014	-0.01065	0.67634	0.00392	1	0.05652	-0.01479	0.66177	0.00378	1	1.45898	0.81042	0	
1239188	8358.68945	3304386488521	0.50261	0.34301	8358.52832	0.16113	10972	1	0.54901	0.35326	1	0.48015	0.40642	1	0.51458	0.37984	1	0.46001	0.54115	12.11003	1.03582	1	0.72283	0.56366	12.97661	1.03582	1	-0.01014	-0.01065	0.67634	0.00408	1	0.05652	-0.01479	0.66177	0.00378	1	1.45898	0.81042	0	
1239189	8358.69629	3304386554996	0.50340	0.34292	8358.52832	0.16797	10972	1	0.54700	0.33806	1	0.49896	0.34311	1	0.52298	0.34059	1	0.46012	0.54130	12.20019	1.03582	1	0.72320	0.56328	13.27344	1.03582	1	-0.01014	-0.01065	0.67634	0.00395	1	0.05652	-0.01479	0.66177	0.00386	1	1.45898	0.81042	0	
1239190	8358.70312	3304386622407	0.50401	0.34263	8358.52832	0.17480	10972	1	0.55663	0.32201	1	0.48336	0.34830	1	0.51999	0.33516	1	0.45987	0.54102	11.85291	1.03582	1	0.72298	0.56332	12.62517	1.03582	1	-0.01014	-0.01065	0.67634	0.00396	1	0.05652	-0.01479	0.66177	0.00395	1	1.45898	0.81042	0	
1239191	8358.70898	3304386689789	0.50459	0.34249	8358.52832	0.18066	10972	1	0.55727	0.32863	1	0.48335	0.34860	1	0.52031	0.33862	1	0.45961	0.54107	12.74323	1.02780	1	0.72268	0.56304	12.74352	1.03546	1	-0.00993	-0.01038	0.65913	0.00389	1	0.05860	-0.01535	0.68673	0.00377	1	1.45898	0.81042	0	
1239192	8358.71582	3304386756319	0.50485	0.34277	8358.52832	0.18750	10972	1	0.56208	0.36579	1	0.46220	0.33577	1	0.51214	0.35078	1	0.45988	0.54153	11.68364	1.02745	1	0.72267	0.56306	12.48490	1.03511	1	-0.00993	-0.01038	0.65913	0.00395	1	0.05860	-0.01535	0.68673	0.00396	1	1.45898	0.81042	0	
1239193	8358.72266	3304386821122	0.50475	0.34248	8358.52832	0.19434	10972	1	0.54333	0.30530	1	0.46002	0.36300	1	0.50168	0.33415	1	0.45956	0.54118	12.45176	1.02709	1	0.72259	0.56345	13.22506	1.03475	1	-0.00993	-0.01038	0.65913	0.00384	1	0.05860	-0.01535	0.68673	0.00395	1	1.45898	0.81042	0	
1239194	8358.72949	3304386887501	0.50464	0.34201	8358.52832	0.20117	10972	1	0.54262	0.29879	1	0.46021	0.35680	1	0.50141	0.32780	1	0.45944	0.54158	11.98517	1.03475	1	0.72241	0.56353	12.92006	1.04241	1	-0.01028	-0.01069	0.67860	0.00390	1	0.05860	-0.01535	0.68673	0.00391	1	1.45898	0.81042	0	
1239195	8358.73535	3304386952596	0.50463	0.34216	8358.52832	0.20703	10972	1	0.53158	0.34821	1	0.47733	0.34544	1	0.50446	0.34682	1	0.45946	0.54140	12.04645	1.05042	1	0.72256	0.56319	12.65230	1.05042	1	-0.01028	-0.01069	0.67860	0.00402	1	0.05860	-0.01535	0.68673	0.00399	1	1.45898	0.81042	0	
1239196	8358.74219	3304387019527	0.50425	0.34144	8358.52832	0.21387	10972	1	0.50876	0.32197	1	0.47507	0.31466	1	0.49191	0.31832	1	0.45917	0.54119	11.88810	1.05844	1	0.72251	0.56311	12.96778	1.05844	1	-0.01028	-0.01069	0.67860	0.00389	1	0.05860	-0.01535	0.68673	0.00400	1	1.45898	0.81042	0	
1239197	8358.74902	3304387086804	0.50387	0.34066	8358.52832	0.22070	10972	1	0.50781	0.31546	1	0.47508	0.31436	1	0.49145	0.31491	1	0.45912	0.54134	11.82848	1.06646	1	0.72226	0.56344	13.21014	1.05880	1	-0.01028	-0.01069	0.67860	0.00401	1	0.05546	-0.01449	0.65049	0.00400	1	1.45898	0.81042	0	
1239198	8358.75586	3304387154385	0.50319	0.34069	8358.52832	0.22754	10972	1	0.50095	0.32749	1	0.45913	0.35599	1	0.48004	0.34174	1	0.45900	0.54136	11.80266	1.05880	1	0.72220	0.56352	13.14420	1.05114	1	-0.01028	-0.01069	0.67860	0.00404	1	0.05546	-0.01449	0.65049	0.00402	1	1.45898	0.81042	0	
1239199	8358.76270	3304387222391	0.50272	0.34098	8358.52832	0.23438	10972	1	0.50889	0.34453	1	0.46391	0.35764	1	0.48640	0.35108	1	0.45907	0.54124	11.95941	1.05114	1	0.72230	0.56336	13.29551	1.04348	1	-0.01028	-0.01069	0.67860	0.00387	1	0.05546	-0.01449	0.65049	0.00399	1	1.45898	0.81042	0	
1239200	8358.76855	3304387285314	0.50229	0.34133	8358.52832	0.24023	10972	1	0.50980	0.35062	1	0.46391	0.35764	1	0.48685	0.35413	1	0.45906	0.54158	12.12540	1.04348	1	0.72235	0.56340	13.29752	1.04348	1	-0.01028	-0.01069	0.67860	0.00396	1	0.05520	-0.01444	0.64808	0.00397	1	1.45898	0.81042	0	
1239201	8358.77637	3304387354679	0.50245	0.34163	8358.52832	0.24805	10972	1	0.53188	0.34258	1	0.48430	0.36263	1	0.50809	0.35261	1	0.45947	0.54134	12.67075	1.04348	1	0.72224	0.56350	13.27322	1.05114	1	-0.01028	-0.01069	0.67860	0.00378	1	0.05520	-0.01444	0.64808	0.00399	1	1.45898	0.81042	0	
1239202	8358.78320	3304387425917	0.50219	0.34180	8358.52832	0.25488	10972	1	0.52045	0.34793	1	0.46467	0.34845	1	0.49256	0.34819	1	0.45936	0.54145	12.66020	1.05114	1	0.72234	0.56340	13.17814	1.05880	1	-0.01028	-0.01069	0.67860	0.00375	1	0.05520	-0.01444	0.64808	0.00398	1	1.45898	0.81042	0	
1239203	8358.79004	3304387493062	0.50195	0.34181	8358.52832	0.26172	10972	1	0.51961	0.34187	1	0.46488	0.34228	1	0.49225	0.34208	1	0.45923	0.54092	12.21188	1.05880	1	0.72252	0.56318	12.85421	1.06646	1	-0.01028	-0.01069	0.67860	0.00395	1	0.05520	-0.01439	0.64808	0.00400	1	1.45898	0.81042	0	
1239204	8358.79590	3304387558822	0.50221	0.34139	8358.52832	0.26758	10972	1	0.52813	0.31486	1	0.49754	0.33510	1	0.51283	0.32498	1	0.45955	0.54127	12.80395	1.06646	1	0.72248	0.56331	13.24642	1.06646	1	-0.01028	-0.01069	0.67860	0.00367	1	0.05520	-0.01439	0.64808	0.00396	1	1.45898	0.81042	0	
1239205	8358.80273	3304387627023	0.50212	0.34080	8358.52832	0.27441	10972	1	0.52550	0.30743	1	0.47090	0.32553	1	0.49820	0.31648	1	0.45945	0.54120	12.52646	1.06646	1	0.72234	0.56319	12.88302	1.06646	1	-0.01028	-0.01069	0.67860	0.00368	1	0.05520	-0.01439	0.64808	0.00403	1	1.45898	0.81042	0	
1239206	8358.80957	3304387694442	0.50203	0.34015	8358.52832	0.28125	10972	1	0.52550	0.30743	1	0.47118	0.31840	1	0.49834	0.31291	1	0.45940	0.54128	13.12450	1.06646	1	0.72248	0.56313	12.64929	1.07514	1	-0.01028	-0.01069	0.67860	0.00361	1	0.07199	-0.01874	0.84433	0.00403	1	1.45898	0.81042	0	
1239207	8358.81641	3304387760687	0.50192	0.33875	8358.52832	0.28809	10972	1	0.51653	0.26261	1	0.47801	0.29411	1	0.49727	0.27836	1	0.45935	0.54064	12.42576	1.07514	1	0.72254	0.56307	12.71059	1.08382	1	-0.01028	-0.01069	0.67860	0.00403	1	0.07199	-0.01874	0.84433	0.00401	1	1.45898	0.81042	0	
1239208	8358.82324	3304387828054	0.50196	0.33776	8358.52832	0.29492	10972	1	0.52399	0.27279	1	0.48311	0.31576	1	0.50355	0.29427	1	0.45929	0.54083	11.88824	1.08382	1	0.72218	0.56332	12.98779	1.09250	1	-0.01028	-0.01069	0.67860	0.00377	1	0.07199	-0.01874	0.84433	0.00409	1	1.45898	0.81042	0	
1239209	8358.83008	3304387894976	0.50198	0.33680	8358.52832	0.30176	10972	1	0.52310	0.26553	1	0.48278	0.32197	1	0.50294	0.29375	1	0.45923	0.54100	11.88319	1.09250	1	0.72230	0.56339	13.02659	1.08484	1	-0.01028	-0.01069	0.67860	0.00377	1	0.05649	-0.01471	0.66267	0.00404	1	1.45898	0.81042	0	
1239210	8358.83691	3304387961634	0.50186	0.33565	8358.52832	0.30859	10972	1	0.51496	0.30209	1	0.47819	0.26275	1	0.49658	0.28242	1	0.45919	0.54121	12.97558	1.08484	1	0.72257	0.56260	12.37265	1.06850	1	-0.01028	-0.01069	0.67860	0.00366	1	0.05649	-0.01471	0.66267	0.00419	1	1.45898	0.81042	0	
1239211	8358.84375	3304388028937	0.50178	0.33533	8358.52832	0.31543	10972	1	0.51813	0.32907	1	0.47755	0.31201	1	0.49784	0.32054	1	0.45922	0.54136	12.65420	1.06850	1	0.72253	0.56295	12.32606	1.05216	1	-0.01028	-0.01069	0.67860	0.00378	1	0.05649	-0.01471	0.66267	0.00430	1	1.45898	0.81042	0	
1239212	8358.84961	3304388095313	0.50176	0.33560	8358.52832	0.32129	10972	1	0.51992	0.34209	1	0.47720	0.31935	1	0.49856	0.33072	1	0.45914	0.54111	12.57451	1.05216	1	0.72256	0.56297	12.32654	1.04348	1	-0.01028	-0.01069	0.67860	0.00370	1	0.05860	-0.01525	0.68673	0.00419	1	1.45898	0.81042	0	
1239213	8358.85645	3304388162902	0.50141	0.33473	8358.52832	0.32812	10972	1	0.50863	0.29471	1	0.47483	0.29482	1	0.49173	0.29476	1	0.45913	0.54081	11.81726	1.04348	1	0.72242	0.56280	13.14860	1.05114	1	-0.01028	-0.01069	0.67860	0.00385	1	0.05860	-0.01525	0.68673	0.00424	1	1.45898	0.81042	0	
1239214	8358.86328	3304388230290	0.49895	0.30211	8358.52832	0.32812	10972	0	0.51748	0.16710	1	0.47722	0.30099	1	0.49735	0.23405	1	0.45932	0.53892	12.10035	1.05114	1	0.72248	0.56285	12.67861	1.05880	1	-0.01028	-0.01069	0.67860	0.00258	1	0.05860	-0.01525	0.68673	0.00398	1	1.45898	0.81042	0	
1239215	8358.87012	3304388296705	0.49801	0.26460	8358.52832	0.32812	10972	0	0.51663	0.15972	1	0.47752	0.29447	1	0.49708	0.22710	1	0.45922	0.54133	12.91852	1.05880	1	0.72279	0.56269	12.44353	1.06646	1	-0.01028	-0.01064	0.67860	0.00372	1	0.05860	-0.01525	0.68673	0.00411	1	1.45898	0.81042	0	
1239216	8358.87695	3304388364339	0.49927	0.26564	8358.52832	0.32812	10972	0	0.51978	0.30132	1	0.48380	0.23412	1	0.50179	0.26772	1	0.45929	0.54122	12.67740	1.06646	1	0.72293	0.56210	11.98688	1.06646	1	-0.01028	-0.01064	0.67860	0.00372	1	0.05860	-0.01525	0.68673	0.00431	1	1.45898	0.81042	0	
1239217	8358.88379	3304388431498	0.49779	0.27312	8358.86328	0.02051	10973	1	0.50666	0.31915	1	0.48001	0.27195	1	0.49334	0.29555	1	0.45918	0.54125	12.60230	1.06646	1	0.72292	0.56253	12.18953	1.06646	1	-0.01028	-0.01064	0.67860	0.00373	1	0.05860	-0.01525	0.68673	0.00412	1	1.45898	0.81042	0	
1239218	8358.89062	3304388497783	0.49690	0.27761	8358.86328	0.02734	10973	1	0.50666	0.31915	1	0.48001	0.27195	1	0.49334	0.29555	1	0.45905	0.54081	12.13024	1.06646	1	0.72295	0.56291	12.35792	1.06646	1	-0.01028	-0.01069	0.67860	0.00376	1	0.05860	-0.01525	0.68673	0.00406	1	1.45898	0.81042	0	
1239219	8358.89648	3304388563956	0.49552	0.27722	8358.86328	0.03320	10973	1	0.51295	0.26253	1	0.46422	0.28803	1	0.48859	0.27528	1	0.45919	0.54039	12.14013	1.06646	1	0.72271	0.56289	12.40566	1.06646	1	-0.01028	-0.01069	0.67860	0.00380	1	0.05860	-0.01525	0.68673	0.00408	1	1.45898	0.81042	0	
1239220	8358.90332	3304388632010	0.49441	0.27890	8358.86328	0.04004	10973	1	0.50805	0.30140	1	0.46756	0.27659	1	0.48781	0.28899	1	0.45908	0.54083	12.09785	1.06646	1	0.72276	0.56269	12.24064	1.06646	1	-0.01028	-0.01069	0.67860	0.00366	1	0.05860	-0.01525	0.68673	0.00415	1	1.45898	0.81042	0	
1239221	8358.91016	3304388698921	0.49363	0.28101	8358.86328	0.04688	10973	1	0.50899	0.30801	1	0.46731	0.28354	1	0.48815	0.29577	1	0.45912	0.54079	11.80739	1.05844	1	0.72285	0.56276	12.34105	1.05844	1	-0.00993	-0.01038	0.65913	0.00379	1	0.05860	-0.01525	0.68673	0.00413	1	1.45898	0.81042	0	
1239222	8358.91699	3304388765902	0.49322	0.28475	8358.86328	0.05371	10973	1	0.49891	0.31394	1	0.48095	0.31547	1	0.48993	0.31471	1	0.45894	0.54097	12.13895	1.05042	1	0.72302	0.56305	12.35408	1.05042	1	-0.00993	-0.01038	0.65913	0.00383	1	0.05860	-0.01525	0.68673	0.00412	1	1.45898	0.81042	0	
1239223	8358.92383	3304388832818	0.49155	0.28789	8358.86328	0.06055	10973	1	0.49060	0.28785	1	0.46243	0.34430	1	0.47652	0.31607	1	0.45920	0.54059	11.58292	1.04241	1	0.72278	0.56320	12.69565	1.04241	1	-0.00993	-0.01038	0.65913	0.00378	1	0.05860	-0.01525	0.68673	0.00403	1	1.45898	0.81042	0	
1239224	8358.92969	3304388896709	0.49017	0.29073	8358.86328	0.06641	10973	1	0.49060	0.28785	1	0.46223	0.35059	1	0.47642	0.31922	1	0.45966	0.54051	11.45990	1.04241	1	0.72273	0.56250	11.95657	1.03475	1	-0.01014	-0.01060	0.67634	0.00383	1	0.05643	-0.01467	0.66079	0.00421	1	1.45898	0.81042	0	
1239225	8358.93652	3304388964749	0.49071	0.29095	8358.86328	0.07324	10973	1	0.52550	0.29105	1	0.46767	0.29566	1	0.49658	0.29336	1	0.45985	0.54073	11.66455	1.04276	1	0.72278	0.56274	12.19947	1.03511	1	-0.01014	-0.01060	0.67634	0.00389	1	0.05643	-0.01467	0.66079	0.00407	1	1.45898	0.81042	0	
1239226	8358.94336	3304389028919	0.49187	0.29220	8358.86328	0.08008	10973	1	0.53140	0.28420	1	0.48031	0.33005	1	0.50585	0.30712	1	0.45988	0.54064	11.81769	1.04312	1	0.72300	0.56285	12.73356	1.03546	1	-0.01014	-0.01060	0.67634	0.00389	1	0.05643	-0.01467	0.66079	0.00407	1	1.45898	0.81042	0	
1239227	8358.95020	3304389096289	0.49287	0.29324	8358.86328	0.08691	10973	1	0.53136	0.28389	1	0.48032	0.32975	1	0.50584	0.30682	1	0.45970	0.53881	12.08602	1.04348	1	0.72321	0.56339	12.99288	1.03582	1	-0.01014	-0.01060	0.67634	0.00247	1	0.05643	-0.01467	0.66079	0.00385	1	1.45898	0.81042	0	
1239228	8358.95703	3304389162665	0.49428	0.29408	8358.86328	0.09375	10973	1	0.53176	0.25921	1	0.49628	0.35230	1	0.51402	0.30575	1	0.45990	0.54039	11.91038	1.03582	1	0.72327	0.56314	12.67041	1.03582	1	-0.01014	-0.01060	0.67634	0.00390	1	0.05643	-0.01467	0.66079	0.00397	1	1.45898	0.81042	0	
1239229	8358.96387	3304389235341	0.49510	0.29654	8358.86328	0.10059	10973	1	0.53839	0.29974	1	0.47629	0.36724	1	0.50734	0.33349	1	0.46005	0.54074	11.96833	1.03582	1	0.72295	0.56350	13.10103	1.03582	1	-0.01014	-0.01060	0.67634	0.00369	1	0.05643	-0.01467	0.66079	0.00406	1	1.45898	0.81042	0	
1239230	8358.97070	3304389302317	0.49583	0.29853	8358.86328	0.10742	10973	1	0.53839	0.29974	1	0.47659	0.36107	1	0.50749	0.33040	1	0.45991	0.54050	11.95215	1.03582	1	0.72336	0.56325	12.44365	1.04348	1	-0.00998	-0.01054	0.67234	0.00395	1	0.05819	-0.01509	0.67960	0.00406	1	1.45898	0.81042	0	
1239231	8358.97754	3304389368409	0.49527	0.29953	8358.86328	0.11426	10973	1	0.50971	0.29816	1	0.46191	0.33504	1	0.48581	0.31660	1	0.45991	0.54070	12.39206	1.04348	1	0.72306	0.56315	12.94933	1.05114	1	-0.00998	-0.01054	0.67234	0.00394	1	0.05819	-0.01509	0.67960	0.00402	1	1.45898	0.81042	0	
1239232	8358.98438	3304389435649	0.49452	0.29513	8358.86328	0.12109	10973	1	0.49982	0.11990	1	0.46219	0.31198	1	0.48100	0.21594	1	0.45998	0.53882	12.05237	1.05114	1	0.72349	0.56306	12.61243	1.05880	1	-0.00998	-0.01054	0.67234	0.00247	1	0.05819	-0.01509	0.67960	0.00394	1	1.45898	0.81042	0	
1239233	8358.99023	3304389502226	0.49384	0.29119	8358.86328	0.12695	10973	1	0.49986	0.12026	1	0.46218	0.31228	1	0.48102	0.21627	1	0.46052	0.54054	11.74418	1.05078	1	0.72340	0.56320	12.27329	1.05844	1	-0.00965	-0.01014	0.65307	0.00383	1	0.05819	-0.01509	0.67960	0.00390	1	1.45898	0.81042	0	
1239234	8358.99707	3304389569502	0.49417	0.29380	8358.86328	0.13379	10973	1	0.54012	0.37277	1	0.46142	0.31896	1	0.50077	0.34587	1	0.46072	0.54128	12.48218	1.05042	1	0.72346	0.56325	12.43924	1.05042	1	-0.00965	-0.01014	0.65307	0.00376	1	0.05819	-0.01509	0.67960	0.00401	1	1.45898	0.81042	0	
1239235	8359.00391	3304389636601	0.49400	0.29208	8358.86328	0.14062	10973	1	0.50239	0.13139	1	0.47830	0.38064	1	0.49035	0.25601	1	0.46026	0.53883	12.03600	1.04241	1	0.72371	0.56348	12.19475	1.04241	1	-0.00965	-0.01014	0.65307	0.00252	1	0.05819	-0.01509	0.67960	0.00388	1	1.45898	0.81042	0	
1239236	8359.01074	3304389703271	0.49383	0.29064	8358.86328	0.14746	10973	1	0.50239	0.13139	1	0.47799	0.38667	1	0.49019	0.25903	1	0.46053	0.54079	12.12901	1.04241	1	0.72401	0.56328	12.82627	1.03475	1	-0.01005	-0.01061	0.68373	0.00396	1	0.05684	-0.01475	0.66202	0.00386	1	1.45898	0.81042	0	
1239237	8359.01758	3304389770003	0.49361	0.29316	8358.86328	0.15430	10973	1	0.51239	0.31993	1	0.46451	0.38212	1	0.48845	0.35103	1	0.46065	0.54062	11.90063	1.04276	1	0.72391	0.56354	13.34174	1.03511	1	-0.01005	-0.01061	0.68373	0.00405	1	0.05684	-0.01475	0.66202	0.00382	1	1.45898	0.81042	0	
1239238	8359.02441	3304389837439	0.49278	0.29548	8358.86328	0.16113	10973	1	0.51692	0.32971	1	0.42871	0.37276	1	0.47282	0.35124	1	0.46077	0.54104	11.88979	1.04312	1	0.72365	0.56360	13.09482	1.03546	1	-0.01005	-0.01061	0.68373	0.00379	1	0.05684	-0.01475	0.66202	0.00404	1	1.45898	0.81042	0	
1239239	8359.03125	3304389904320	0.49201	0.29750	8358.86328	0.16797	10973	1	0.51688	0.32942	1	0.42867	0.36638	1	0.47278	0.34790	1	0.46029	0.54139	11.96684	1.04348	1	0.72433	0.56361	12.63606	1.04348	1	-0.00978	-0.01043	0.67200	0.00412	1	0.05867	-0.01526	0.68278	0.00379	1	1.45898	0.81042	0	
1239240	8359.03809	3304389971339	0.49198	0.29976	8358.86328	0.17480	10973	1	0.51190	0.31970	1	0.47054	0.39750	1	0.49122	0.35860	1	0.46114	0.54066	11.56154	1.04348	1	0.72436	0.56374	12.72975	1.05114	1	-0.00978	-0.01043	0.67200	0.00398	1	0.05867	-0.01526	0.68278	0.00377	1	1.45898	0.81042	0	
1239241	8359.04395	3304390038512	0.49173	0.29874	8358.86328	0.18066	10973	1	0.50363	0.15588	1	0.46612	0.38657	1	0.48488	0.27122	1	0.46111	0.53879	12.05789	1.05114	1	0.72438	0.56380	12.37394	1.05880	1	-0.00978	-0.01043	0.67200	0.00257	1	0.05867	-0.01526	0.68278	0.00379	1	1.45898	0.81042	0	
1239242	8359.05078	3304390105374	0.49147	0.29766	8358.86328	0.18750	10973	1	0.50270	0.14840	1	0.46612	0.38657	1	0.48441	0.26749	1	0.46121	0.53861	12.16409	1.05880	1	0.72480	0.56375	13.10713	1.05880	1	-0.00968	-0.01039	0.67222	0.00252	1	0.05698	-0.01478	0.66137	0.00382	1	1.45898	0.81042	0	
1239243	8359.05762	3304390172434	0.49143	0.29603	8358.86328	0.19434	10973	1	0.48502	0.13953	1	0.49519	0.35793	1	0.49011	0.24873	1	0.46119	0.53866	12.21898	1.05880	1	0.72481	0.56351	13.23222	1.05114	1	-0.00968	-0.01039	0.67222	0.00248	1	0.05698	-0.01478	0.66137	0.00381	1	1.45898	0.81042	0	
1239244	8359.06445	3304390239345	0.49132	0.29494	8358.86328	0.20117	10973	1	0.49896	0.15127	1	0.47694	0.37323	1	0.48795	0.26225	1	0.46130	0.53859	12.15090	1.05114	1	0.72488	0.56346	13.17138	1.04348	1	-0.00968	-0.01039	0.67222	0.00241	1	0.05698	-0.01478	0.66137	0.00378	1	1.45898	0.81042	0	
1239245	8359.07129	3304390306000	0.49123	0.29404	8358.86328	0.20801	10973	1	0.49992	0.15878	1	0.47694	0.37323	1	0.48843	0.26600	1	0.46137	0.53996	11.64174	1.04348	1	0.72536	0.56363	12.27074	1.04348	1	-0.00978	-0.01061	0.68659	0.00410	1	0.05804	-0.01504	0.67304	0.00378	1	1.45898	0.81042	0	
1239246	8359.07812	3304390373154	0.49150	0.29373	8358.86328	0.21484	10973	1	0.50872	0.28957	1	0.49167	0.27834	1	0.50020	0.28396	1	0.46143	0.54030	11.69539	1.04348	1	0.72541	0.56243	11.95444	1.05114	1	-0.00978	-0.01061	0.68659	0.00407	1	0.05804	-0.01504	0.67304	0.00435	1	1.45898	0.81042	0	
1239247	8359.08496	3304390440341	0.49178	0.29141	8358.86328	0.22168	10973	1	0.51009	0.13938	1	0.49197	0.29013	1	0.50103	0.21476	1	0.46160	0.53851	12.28724	1.05114	1	0.72548	0.56312	11.92004	1.05880	1	-0.00978	-0.01061	0.68659	0.00239	1	0.05804	-0.01504	0.67304	0.00429	1	1.45898	0.81042	0	
1239248	8359.09082	3304390507831	0.49203	0.28911	8358.86328	0.22754	10973	1	0.50920	0.13179	1	0.49197	0.29013	1	0.50059	0.21096	1	0.46195	0.53844	12.04412	1.05880	1	0.72522	0.56265	12.03170	1.05880	1	-0.00966	-0.01059	0.68559	0.00252	1	0.05732	-0.01484	0.66417	0.00402	1	1.45898	0.81042	0	
1239249	8359.09766	3304390574422	0.49231	0.28960	8358.86328	0.23438	10973	1	0.52496	0.28395	1	0.47918	0.32955	1	0.50207	0.30675	1	0.46219	0.54025	11.24928	1.05880	1	0.72526	0.56310	12.45787	1.05114	1	-0.00966	-0.01059	0.68559	0.00411	1	0.05732	-0.01484	0.66417	0.00403	1	1.45898	0.81042	0	
1239250	8359.10449	3304390641243	0.49256	0.28993	8358.86328	0.24121	10973	1	0.52286	0.29177	1	0.47996	0.31151	1	0.50141	0.30164	1	0.46213	0.54033	11.63755	1.05114	1	0.72524	0.56319	12.30404	1.04348	1	-0.00966	-0.01059	0.68559	0.00401	1	0.05732	-0.01484	0.66417	0.00411	1	1.45898	0.81042	0	
1239251	8359.11133	3304390708271	0.49278	0.29028	8358.86328	0.24805	10973	1	0.52271	0.29057	1	0.47974	0.31611	1	0.50122	0.30334	1	0.46202	0.53829	12.31925	1.05257	1	0.72551	0.56308	13.06958	1.03810	1	-0.00992	-0.01093	0.70763	0.00238	1	0.05504	-0.01424	0.63726	0.00414	1	1.45898	0.81042	0	
1239252	8359.11816	3304390775181	0.49295	0.28980	8358.86328	0.25488	10973	1	0.51066	0.23333	1	0.48799	0.30990	1	0.49933	0.27161	1	0.46233	0.53964	11.89207	1.04718	1	0.72539	0.56320	12.97260	1.04037	1	-0.00992	-0.01093	0.70763	0.00428	1	0.05504	-0.01424	0.63726	0.00437	1	1.45898	0.81042	0	
1239253	8359.12500	3304390841962	0.49301	0.29000	8358.86328	0.26172	10973	1	0.51510	0.29258	1	0.47547	0.30320	1	0.49528	0.29789	1	0.46234	0.54021	11.90553	1.04946	1	0.72555	0.56319	12.85857	1.04265	1	-0.00992	-0.01093	0.70763	0.00408	1	0.05504	-0.01424	0.63726	0.00400	1	1.45898	0.81042	0	
1239254	8359.13086	3304390907616	0.49308	0.29018	8358.86328	0.26758	10973	1	0.51587	0.29834	1	0.47576	0.29660	1	0.49581	0.29747	1	0.46242	0.54072	12.25912	1.04265	1	0.72581	0.56295	12.52510	1.05031	1	-0.00949	-0.01051	0.68023	0.00370	1	0.05841	-0.01509	0.67505	0.00407	1	1.45898	0.81042	0	
1239255	8359.13770	3304390973769	0.49335	0.29070	8358.86328	0.27441	10973	1	0.53863	0.36018	1	0.47027	0.26368	1	0.50445	0.31193	1	0.46264	0.54105	12.12280	1.04123	1	0.72589	0.56264	12.35048	1.05569	1	-0.00949	-0.01051	0.68023	0.00379	1	0.05841	-0.01509	0.67505	0.00435	1	1.45898	0.81042	0	
1239256	8359.14453	3304391041054	0.49417	0.29146	8358.86328	0.28125	10973	1	0.57147	0.34804	1	0.48596	0.29889	1	0.52871	0.32346	1	0.46325	0.54101	12.35381	1.04661	1	0.72622	0.56293	12.04773	1.06108	1	-0.00949	-0.01051	0.68023	0.00382	1	0.05841	-0.01509	0.67505	0.00414	1	1.45898	0.81042	0	
1239257	8359.15137	3304391107186	0.49495	0.29209	8358.86328	0.28809	10973	1	0.57110	0.34377	1	0.48621	0.29431	1	0.52866	0.31904	1	0.46254	0.53829	12.06807	1.05199	1	0.72614	0.56272	12.50979	1.06646	1	-0.00943	-0.01056	0.68343	0.00242	1	0.05841	-0.01509	0.67505	0.00415	1	1.45898	0.81042	0	
1239258	8359.15820	3304391172531	0.49551	0.29172	8358.86328	0.29492	10973	1	0.55368	0.33245	1	0.48632	0.21838	1	0.52000	0.27542	1	0.46299	0.54049	11.59183	1.06646	1	0.72614	0.56254	11.91833	1.06646	1	-0.00943	-0.01056	0.68343	0.00382	1	0.05841	-0.01509	0.67505	0.00423	1	1.45898	0.81042	0	
1239259	8359.16504	3304391242227	0.49563	0.29316	8358.86328	0.30176	10973	1	0.52641	0.37598	1	0.47580	0.33976	1	0.50111	0.35787	1	0.46286	0.54109	11.86966	1.06646	1	0.72601	0.56349	12.86772	1.06646	1	-0.00943	-0.01056	0.68343	0.00373	1	0.05841	-0.01509	0.67505	0.00406	1	1.45898	0.81042	0	
1239260	8359.17090	3304391307269	0.49575	0.29460	8358.86328	0.30762	10973	1	0.52641	0.37598	1	0.47551	0.34595	1	0.50096	0.36097	1	0.46336	0.54081	12.40723	1.06646	1	0.72598	0.56297	12.21745	1.05880	1	-0.00943	-0.01056	0.68343	0.00375	1	0.05610	-0.01448	0.64784	0.00420	1	1.45898	0.81042	0	
1239261	8359.17773	3304391374898	0.49614	0.29508	8358.86328	0.31445	10973	1	0.55230	0.32444	1	0.47714	0.31068	1	0.51472	0.31756	1	0.46332	0.54040	12.14321	1.05880	1	0.72602	0.56305	12.25761	1.05114	1	-0.00943	-0.01056	0.68343	0.00393	1	0.05610	-0.01448	0.64784	0.00416	1	1.45898	0.81042	0	
1239262	8359.18457	3304391443100	0.49651	0.29668	8358.86328	0.32129	10973	1	0.54420	0.35488	1	0.48867	0.40329	1	0.51643	0.37908	1	0.46323	0.54057	12.13014	1.05114	1	0.72623	0.56379	13.31173	1.04348	1	-0.00943	-0.01056	0.68343	0.00372	1	0.05610	-0.01448	0.64784	0.00381	1	1.45898	0.81042	0	
1239263	8359.19141	3304391508180	0.51018	0.32529	8358.86328	0.32129	10973	0	0.54560	0.36717	1	0.48788	0.41529	1	0.51674	0.39123	1	0.46319	0.54027	12.17456	1.03546	1	0.72632	0.56314	12.95839	1.02780	1	-0.00901	-0.01014	0.65663	0.00372	1	0.05715	-0.01472	0.65880	0.00404	1	1.45898	0.81042	0	
1239264	8359.19824	3304391578974	0.51454	0.33946	8358.86328	0.32129	10973	0	0.54726	0.36435	1	0.49052	0.34291	1	0.51889	0.35363	1	0.46347	0.54045	12.25881	1.01979	1	0.72631	0.56303	12.92561	1.01979	1	-0.00901	-0.01014	0.65663	0.00376	1	0.05715	-0.01472	0.65880	0.00417	1	1.45898	0.81042	0	
1239265	8359.20508	3304391645879	0.51246	0.33502	8358.86328	0.32129	10973	0	0.52398	0.34773	1	0.49266	0.30456	1	0.50832	0.32614	1	0.46324	0.54009	12.24689	1.01177	1	0.72673	0.56245	12.03871	1.01177	1	-0.00901	-0.01014	0.65663	0.00367	1	0.05715	-0.01472	0.65880	0.00430	1	1.45898	0.81042	0	
1239266	8359.21191	3304391713093	0.50751	0.32749	8359.19141	0.02051	10974	1	0.52398	0.34773	0	0.49264	0.30488	1	0.49264	0.30488	1	0.46324	0.54009	12.24689	1.00375	0	0.46321	0.53994	12.34900	1.01141	1	-0.00901	-0.01014	0.65663	0.00367	1	-0.00919	-0.01035	0.67306	0.00381	1	1.45898	0.81042	0	
1239267	8359.21875	3304391780041	0.48323	0.32244	8359.19141	0.02734	10974	1	0.52398	0.34773	0	0.38610	0.30226	1	0.38610	0.30226	1	0.46324	0.54009	12.24689	1.01141	0	0.46318	0.54028	12.31007	1.01907	1	-0.00901	-0.01014	0.65663	0.00367	1	-0.00919	-0.01035	0.67306	0.00372	1	1.45898	0.81042	0	
1239268	8359.22559	3304391846983	0.46693	0.31776	8359.19141	0.03418	10974	1	0.52398	0.34773	0	0.38544	0.29436	1	0.38544	0.29436	1	0.46324	0.54009	12.24689	1.01907	0	0.46317	0.54009	12.26194	1.02673	1	-0.00901	-0.01014	0.65663	0.00367	1	-0.00919	-0.01035	0.67306	0.00376	1	1.45898	0.81042	0	
1239269	8359.23145	3304391913947	0.45524	0.31346	8359.19141	0.04004	10974	1	0.52398	0.34773	0	0.38509	0.28765	1	0.38509	0.28765	1	0.46324	0.54009	12.24689	1.02673	0	0.46309	0.54015	12.63338	1.03439	1	-0.00901	-0.01014	0.65663	0.00367	1	-0.00935	-0.01048	0.68490	0.00372	1	1.45898	0.81042	0	
1239270	8359.23828	3304391981540	0.44493	0.30908	8359.19141	0.04688	10974	1	0.52398	0.34773	0	0.37277	0.27843	1	0.37277	0.27843	1	0.46324	0.54009	12.24689	1.03439	0	0.46298	0.53977	12.10314	1.03439	1	-0.00901	-0.01014	0.65663	0.00367	1	-0.00935	-0.01048	0.68490	0.00374	1	1.45898	0.81042	0	
1239271	8359.24512	3304392048259	0.43756	0.30509	8359.19141	0.05371	10974	1	0.52398	0.34773	0	0.37863	0.27317	1	0.37863	0.27317	1	0.46324	0.54009	12.24689	1.03439	0	0.46300	0.53943	12.35690	1.03439	1	-0.00901	-0.01014	0.65663	0.00367	1	-0.00935	-0.01048	0.68490	0.00384	1	1.45898	0.81042	0	
1239272	8359.25195	3304392117267	0.43167	0.30190	8359.19141	0.06055	10974	1	0.52398	0.34773	0	0.37863	0.27317	1	0.37863	0.27317	1	0.46324	0.54009	12.24689	1.03439	0	0.46322	0.53936	12.26163	1.03439	1	-0.00901	-0.01014	0.65663	0.00367	1	-0.00919	-0.01025	0.67306	0.00398	1	1.45898	0.81042	0	
1239273	8359.25879	3304392183674	0.42835	0.29980	8359.19141	0.06738	10974	1	0.52398	0.34773	0	0.39519	0.27876	1	0.39519	0.27876	1	0.46324	0.54009	12.24689	1.03439	0	0.46371	0.53954	11.85700	1.03439	1	-0.00901	-0.01014	0.65663	0.00367	1	-0.00919	-0.01025	0.67306	0.00411	1	1.45898	0.81042	0	
1239274	8359.26562	3304392248812	0.42744	0.29866	8359.19141	0.07422	10974	1	0.52398	0.34773	0	0.41740	0.28620	1	0.41740	0.28620	1	0.46324	0.54009	12.24689	1.03439	0	0.46367	0.53954	11.86804	1.03439	1	-0.00901	-0.01014	0.65663	0.00367	1	-0.00919	-0.01025	0.67306	0.00403	1	1.45898	0.81042	0	
1239275	8359.27148	3304392314254	0.42667	0.29770	8359.19141	0.08008	10974	1	0.52398	0.34773	0	0.41740	0.28620	1	0.41740	0.28620	1	0.46324	0.54009	12.24689	1.03439	0	0.46364	0.54017	12.05492	1.03439	1	-0.00901	-0.01014	0.65663	0.00367	1	-0.00919	-0.01031	0.68082	0.00373	1	1.45898	0.81042	0	
1239276	8359.27832	3304392383234	0.43236	0.30161	8359.19141	0.08691	10974	1	0.54734	0.37344	1	0.46526	0.33144	1	0.50630	0.35244	1	0.46398	0.54014	12.63280	1.03439	1	0.72668	0.56294	12.56021	1.03439	1	-0.00901	-0.01014	0.65663	0.00368	1	-0.00919	-0.01031	0.68082	0.00416	1	1.45898	0.81042	0	
1239277	8359.28516	3304392450490	0.43744	0.30676	8359.19141	0.09375	10974	1	0.54443	0.38954	1	0.47290	0.36820	1	0.50866	0.37887	1	0.46392	0.54028	12.32652	1.03439	1	0.72672	0.56323	12.37658	1.03439	1	-0.00901	-0.01014	0.65663	0.00373	1	-0.00919	-0.01031	0.68082	0.00400	1	1.45898	0.81042	0	
1239278	8359.29199	3304392516816	0.44187	0.31107	8359.19141	0.10059	10974	1	0.54370	0.38342	1	0.47291	0.36791	1	0.50830	0.37567	1	0.46348	0.53752	12.45101	1.04241	1	0.72681	0.56342	12.30317	1.03475	1	-0.00919	-0.01031	0.68082	0.00245	1	0.05710	-0.01459	0.65707	0.00395	1	1.45898	0.81042	0	
1239279	8359.29883	3304392583554	0.44635	0.31359	8359.19141	0.10742	10974	1	0.53762	0.33323	1	0.49854	0.37446	1	0.51808	0.35384	1	0.46397	0.53997	11.84981	1.04276	1	0.72720	0.56337	12.83802	1.03511	1	-0.00919	-0.01031	0.68082	0.00377	1	0.05710	-0.01459	0.65707	0.00398	1	1.45898	0.81042	0	
1239280	8359.30566	3304392648701	0.45012	0.31554	8359.19141	0.11426	10974	1	0.55674	0.35725	1	0.47171	0.34017	1	0.51423	0.34871	1	0.46415	0.54018	12.16841	1.04312	1	0.72674	0.56297	12.15400	1.03546	1	-0.00919	-0.01031	0.68082	0.00383	1	0.05710	-0.01459	0.65707	0.00406	1	1.45898	0.81042	0	
1239281	8359.31250	3304392717653	0.45349	0.31742	8359.19141	0.12109	10974	1	0.55672	0.35697	1	0.47148	0.34554	1	0.51410	0.35125	1	0.46407	0.54003	12.22946	1.04348	1	0.72713	0.56265	12.80210	1.02901	1	-0.00919	-0.01031	0.68082	0.00387	1	0.05423	-0.01384	0.62350	0.00411	1	1.45898	0.81042	0	
1239282	8359.31934	3304392784365	0.45651	0.31955	8359.19141	0.12793	10974	1	0.53407	0.36719	1	0.49353	0.35278	1	0.51380	0.35998	1	0.46415	0.54000	12.26493	1.02901	1	0.72710	0.56317	12.92718	1.02220	1	-0.00919	-0.01031	0.68082	0.00387	1	0.05423	-0.01384	0.62350	0.00406	1	1.45898	0.81042	0	
1239283	8359.32520	3304392850924	0.45921	0.32122	8359.19141	0.13379	10974	1	0.52285	0.37613	1	0.50379	0.33324	1	0.51332	0.35469	1	0.46390	0.53998	12.59752	1.02220	1	0.72724	0.56277	12.55455	1.01540	1	-0.00919	-0.01031	0.68082	0.00376	1	0.05423	-0.01384	0.62350	0.00414	1	1.45898	0.81042	0	
1239284	8359.33203	3304392920171	0.48671	0.33943	8359.19141	0.13379	10974	0	0.52260	0.37434	1	0.50489	0.31888	1	0.51375	0.34661	1	0.46398	0.53950	12.10790	1.02448	1	0.72690	0.56341	13.00975	1.03214	1	-0.00943	-0.01065	0.70271	0.00392	1	0.05928	-0.01510	0.68035	0.00407	1	1.45898	0.81042	0	
1239285	8359.33887	3304392986414	0.49933	0.32574	8359.19141	0.13379	10974	0	0.51954	0.29405	1	0.50435	0.33004	1	0.51194	0.31204	1	0.46404	0.53934	12.20531	1.04123	1	0.72728	0.56311	12.73543	1.05569	1	-0.00943	-0.01065	0.70271	0.00395	1	0.05928	-0.01510	0.68035	0.00401	1	1.45898	0.81042	0	
1239286	8359.34570	3304393052085	0.50056	0.31127	8359.19141	0.13379	10974	0	0.52460	0.30006	1	0.48143	0.26458	1	0.50301	0.28232	1	0.46404	0.53946	11.79519	1.06478	1	0.72724	0.56260	12.56637	1.07925	1	-0.00943	-0.01065	0.70271	0.00393	1	0.05928	-0.01510	0.68035	0.00418	1	1.45898	0.81042	0	
1239287	8359.35254	3304393119111	0.50108	0.30350	8359.33203	0.02051	10975	1	0.52393	0.29473	1	0.48137	0.26563	1	0.50265	0.28018	1	0.46404	0.53946	11.79519	1.07123	1	0.72678	0.56340	13.04159	1.07804	1	-0.00881	-0.00995	0.65648	0.00394	1	0.05788	-0.01476	0.66488	0.00411	1	1.45898	0.81042	0	
1239288	8359.35938	3304393185504	0.49876	0.30850	8359.33203	0.02734	10975	1	0.52370	0.31092	1	0.45523	0.34612	1	0.48947	0.32852	1	0.46404	0.53968	12.30270	1.06094	1	0.72681	0.56336	13.07580	1.05328	1	-0.00881	-0.00995	0.65648	0.00388	1	0.05788	-0.01476	0.66488	0.00410	1	1.45898	0.81042	0	
1239289	8359.36523	3304393252187	0.49678	0.31604	8359.33203	0.03320	10975	1	0.52521	0.33414	1	0.44856	0.37336	1	0.48689	0.35375	1	0.46404	0.53968	12.00713	1.03617	1	0.72678	0.56340	13.04159	1.02851	1	-0.00881	-0.00995	0.65648	0.00386	1	0.05788	-0.01476	0.66488	0.00411	1	1.45898	0.81042	0	
1239290	8359.37305	3304393320815	0.49548	0.32293	8359.33203	0.04102	10975	1	0.52700	0.34781	1	0.44844	0.38066	1	0.48772	0.36423	1	0.46371	0.54000	11.82637	1.01943	1	0.72691	0.56339	13.23195	1.01943	1	-0.00905	-0.01028	0.67830	0.00383	1	0.05928	-0.01510	0.68035	0.00404	1	1.45898	0.81042	0	
1239291	8359.37891	3304393387481	0.49605	0.32368	8359.33203	0.04688	10975	1	0.51901	0.29912	1	0.48108	0.35880	1	0.50004	0.32896	1	0.46395	0.53917	11.98223	1.02745	1	0.72729	0.56337	12.67130	1.03511	1	-0.00905	-0.01028	0.67830	0.00396	1	0.05928	-0.01510	0.68035	0.00401	1	1.45898	0.81042	0	
1239292	8359.38574	3304393454206	0.49511	0.32734	8359.33203	0.05371	10975	1	0.50817	0.35221	1	0.46696	0.36096	1	0.48757	0.35658	1	0.46377	0.53994	11.90791	1.04312	1	0.72703	0.56337	12.97258	1.05078	1	-0.00905	-0.01028	0.67830	0.00381	1	0.05928	-0.01510	0.68035	0.00403	1	1.45898	0.81042	0	
1239293	8359.39258	3304393522528	0.49427	0.32932	8359.33203	0.06055	10975	1	0.50629	0.33975	1	0.46720	0.35455	1	0.48675	0.34715	1	0.46390	0.53952	11.99407	1.05880	1	0.72686	0.56348	13.18405	1.05880	1	-0.00905	-0.01028	0.67830	0.00384	1	0.05788	-0.01476	0.66488	0.00405	1	1.45898	0.81042	0	
1239294	8359.39941	3304393588437	0.49135	0.33148	8359.33203	0.06738	10975	1	0.50629	0.33975	0	0.46205	0.35313	1	0.46205	0.35313	1	0.46390	0.53952	11.99407	1.05880	0	0.72700	0.56350	13.05371	1.05114	1	-0.00905	-0.01028	0.67830	0.00384	1	0.05788	-0.01476	0.66488	0.00403	1	1.45898	0.81042	0	
1239295	8359.40625	3304393655129	0.49135	0.33148	8359.33203	0.07422	10975	1	0.50629	0.33975	0	0.46205	0.35313	0	0.46205	0.35313	0	0.46390	0.53952	11.99407	1.05114	0	0.72700	0.56350	13.05371	1.04348	0	-0.00905	-0.01028	0.67830	0.00384	1	0.05788	-0.01476	0.66488	0.00403	1	1.45898	0.81042	0	
1239296	8359.41309	3304393722506	0.49135	0.33148	8359.33203	0.08105	10975	1	0.50629	0.33975	0	0.46205	0.35313	0	0.46205	0.35313	0	0.46390	0.53952	11.99407	1.04348	0	0.72700	0.56350	13.05371	1.03582	0	-0.00905	-0.01028	0.67830	0.00384	1	0.05788	-0.01476	0.66488	0.00403	1	1.45898	0.81042	0	
1239297	8359.41895	3304393787130	0.49135	0.33148	8359.33203	0.08691	10975	1	0.50629	0.33975	0	0.46205	0.35313	0	0.46205	0.35313	0	0.46390	0.53952	11.99407	1.03582	0	0.72700	0.56350	13.05371	1.03582	0	-0.00905	-0.01028	0.67830	0.00384	1	0.05788	-0.01476	0.66488	0.00403	1	1.45898	0.81042	0	
1239298	8359.42578	3304393856764	0.49181	0.33069	8359.33203	0.08691	10975	0	0.50629	0.33975	0	0.46205	0.35313	0	0.46205	0.35313	0	0.46390	0.53952	11.99407	1.03582	0	0.72700	0.56350	13.05371	1.03582	0	-0.00905	-0.01028	0.67830	0.00384	1	0.05788	-0.01476	0.66488	0.00403	1	1.45898	0.81042	0	
1239299	8359.43262	3304393923175	0.49181	0.33069	8359.33203	0.08691	10975	0	0.50629	0.33975	0	0.46205	0.35313	0	0.46205	0.35313	0	0.46390	0.53952	11.99407	1.03582	0	0.72700	0.56350	13.05371	1.03582	0	-0.00905	-0.01028	0.67830	0.00384	1	0.05788	-0.01476	0.66488	0.00403	1	1.45898	0.81042	0	
1239300	8359.44043	3304393996179	0.49181	0.33069	8359.33203	0.08691	10975	0	0.50629	0.33975	0	0.46205	0.35313	0	0.46205	0.35313	0	0.46390	0.53952	11.99407	1.03582	0	0.72700	0.56350	13.05371	1.03582	0	-0.00905	-0.01028	0.67830	0.00384	1	0.05788	-0.01476	0.66488	0.00403	1	1.45898	0.81042	0	
1239301	8359.44629	3304394057499	0.00000	0.00000	8359.33203	0.08691	10975	0	0.50629	0.33975	0	0.46205	0.35313	0	0.46205	0.35313	0	0.46390	0.53952	11.99407	1.03582	0	0.72700	0.56350	13.05371	1.03582	0	-0.00905	-0.01028	0.67830	0.00384	1	0.05788	-0.01476	0.66488	0.00403	1	1.45898	0.81042	0	
1239302	8359.45312	3304394124884	0.00000	0.00000	8359.33203	0.08691	10975	0	0.50629	0.33975	0	0.46205	0.35313	0	0.46205	0.35313	0	0.46390	0.53952	11.99407	1.03582	0	0.72700	0.56350	13.05371	1.03582	0	-0.00905	-0.01028	0.67830	0.00384	1	0.05788	-0.01476	0.66488	0.00403	1	1.45898	0.81042	0	
1239303	8359.45996	3304394190975	0.00000	0.00000	8359.33203	0.08691	10975	0	0.50629	0.33975	0	0.46205	0.35313	0	0.46205	0.35313	0	0.46390	0.53952	11.99407	1.03582	0	0.72700	0.56350	13.05371	1.03582	0	-0.00905	-0.01028	0.67830	0.00384	1	0.05788	-0.01476	0.66488	0.00403	1	1.45898	0.81042	0	
1239304	8359.46582	3304394254470	0.50961	0.34186	8359.33203	0.08691	10975	0	0.52712	0.32343	1	0.49210	0.36028	1	0.50961	0.34186	1	0.46368	0.54003	12.17431	1.03582	1	0.72704	0.56342	13.29739	1.03582	1	-0.00905	-0.01028	0.67830	0.00377	1	0.05788	-0.01476	0.66488	0.00386	1	1.45898	0.81042	0	
1239305	8359.47266	3304394324527	0.50961	0.34186	8359.33203	0.08691	10975	0	0.52712	0.32343	1	0.49210	0.36028	1	0.50961	0.34186	1	0.46393	0.53978	12.25429	1.03582	1	0.72700	0.56378	13.38445	1.03582	1	-0.00919	-0.01042	0.68082	0.00388	1	0.05710	-0.01469	0.65706	0.00385	1	1.45898	0.81042	0	
1239306	8359.47949	3304394391587	0.51290	0.35367	8359.33203	0.08691	10975	0	0.54784	0.35481	1	0.49115	0.39978	1	0.51950	0.37730	1	0.46404	0.54001	12.38874	1.03582	1	0.72707	0.56367	13.43713	1.03582	1	-0.00919	-0.01042	0.68082	0.00378	1	0.05710	-0.01469	0.65706	0.00388	1	1.45898	0.81042	0	
1239307	8359.48633	3304394457275	0.51288	0.34952	8359.46582	0.02051	10976	1	0.54262	0.28663	1	0.48303	0.38752	1	0.51282	0.33708	1	0.46393	0.53971	12.01769	1.03582	1	0.72701	0.56362	13.29345	1.03582	1	-0.00919	-0.01042	0.68082	0.00384	1	0.05710	-0.01469	0.65706	0.00389	1	1.45898	0.81042	0	
1239308	8359.49316	3304394526068	0.51287	0.34703	8359.46582	0.02734	10976	1	0.54262	0.28663	1	0.48303	0.38752	1	0.51282	0.33708	1	0.46383	0.53979	12.02659	1.03582	1	0.72724	0.56367	13.03680	1.03582	1	-0.00915	-0.01048	0.67801	0.00381	1	0.05710	-0.01469	0.65706	0.00385	1	1.45898	0.81042	0	
1239309	8359.49902	3304394590021	0.51096	0.34910	8359.46582	0.03320	10976	1	0.51033	0.31366	1	0.49247	0.40525	1	0.50140	0.35946	1	0.46348	0.53989	12.47825	1.03582	1	0.72711	0.56374	13.13736	1.03582	1	-0.00915	-0.01048	0.67801	0.00392	1	0.05710	-0.01469	0.65706	0.00381	1	1.45898	0.81042	0	
1239310	8359.50586	3304394657992	0.51072	0.34958	8359.46582	0.04004	10976	1	0.53097	0.30436	1	0.48760	0.40054	1	0.50929	0.35245	1	0.46376	0.53975	11.63579	1.03582	1	0.72700	0.56375	13.61951	1.03582	1	-0.00915	-0.01048	0.67801	0.00409	1	0.05710	-0.01469	0.65706	0.00381	1	1.45898	0.81042	0	
1239311	8359.51270	3304394723223	0.51054	0.34994	8359.46582	0.04688	10976	1	0.53097	0.30436	1	0.48760	0.40054	1	0.50929	0.35245	1	0.46393	0.54018	12.19125	1.03582	1	0.72722	0.56387	13.29151	1.03582	1	-0.00915	-0.01048	0.67801	0.00375	1	0.05710	-0.01469	0.65706	0.00376	1	1.45898	0.81042	0	
1239312	8359.51953	3304394791904	0.51002	0.35250	8359.46582	0.05371	10976	1	0.52444	0.33906	1	0.48730	0.40684	1	0.50587	0.37295	1	0.46363	0.54026	13.02497	1.03582	1	0.72700	0.56384	13.62742	1.03582	1	-0.00915	-0.01048	0.67801	0.00371	1	0.05710	-0.01469	0.65706	0.00377	1	1.45898	0.81042	0	
1239313	8359.52637	3304394856768	0.51043	0.35537	8359.46582	0.06055	10976	1	0.53414	0.35587	1	0.49410	0.40664	1	0.51412	0.38126	1	0.46379	0.54035	12.69174	1.03582	1	0.72713	0.56380	13.09509	1.03582	1	-0.00915	-0.01048	0.67801	0.00391	1	0.05710	-0.01469	0.65706	0.00378	1	1.45898	0.81042	0	
1239314	8359.53320	3304394925122	0.51079	0.35746	8359.46582	0.06738	10976	1	0.53414	0.35587	1	0.49453	0.40075	1	0.51433	0.37831	1	0.46386	0.54048	12.66892	1.03582	1	0.72714	0.56381	13.19957	1.04348	1	-0.00915	-0.01048	0.67801	0.00395	1	0.05897	-0.01518	0.67916	0.00379	1	1.45898	0.81042	0	
1239315	8359.54004	3304394992333	0.51113	0.35761	8359.46582	0.07422	10976	1	0.53334	0.32061	1	0.49639	0.39787	1	0.51486	0.35924	1	0.46383	0.54008	12.68293	1.04348	1	0.72720	0.56383	13.17003	1.05114	1	-0.00915	-0.01048	0.67801	0.00404	1	0.05897	-0.01518	0.67916	0.00379	1	1.45898	0.81042	0	
1239316	8359.54688	3304395060227	0.51068	0.35777	8359.46582	0.08105	10976	1	0.51951	0.32749	1	0.49118	0.39206	1	0.50535	0.35977	1	0.46361	0.54015	12.92128	1.05114	1	0.72709	0.56384	13.12539	1.05880	1	-0.00915	-0.01048	0.67801	0.00387	1	0.05897	-0.01518	0.67916	0.00380	1	1.45898	0.81042	0	
1239317	8359.55273	3304395124724	0.51028	0.35748	8359.46582	0.08691	10976	1	0.51867	0.32127	1	0.49158	0.38619	1	0.50512	0.35373	1	0.46355	0.54010	12.37699	1.05880	1	0.72692	0.56325	12.49981	1.06646	1	-0.00915	-0.01048	0.67801	0.00399	1	0.05897	-0.01518	0.67916	0.00413	1	1.45898	0.81042	0	
1239318	8359.55957	3304395192142	0.51122	0.35826	8359.46582	0.09375	10976	1	0.54507	0.34500	1	0.50371	0.39334	1	0.52439	0.36917	1	0.46363	0.54045	12.90495	1.06646	1	0.72721	0.56416	13.16238	1.06646	1	-0.00915	-0.01048	0.67801	0.00390	1	0.05897	-0.01518	0.67916	0.00396	1	1.45898	0.81042	0	
1239319	8359.56641	3304395260502	0.51163	0.35735	8359.46582	0.10059	10976	1	0.52589	0.32055	1	0.50937	0.36663	1	0.51763	0.34359	1	0.46364	0.54044	12.89907	1.06646	1	0.72734	0.56426	13.10013	1.06646	1	-0.00915	-0.01048	0.67801	0.00390	1	0.05897	-0.01518	0.67916	0.00397	1	1.45898	0.81042	0	
1239320	8359.57324	3304395326754	0.51198	0.35654	8359.46582	0.10742	10976	1	0.52589	0.32055	1	0.50937	0.36663	1	0.51763	0.34359	1	0.46363	0.54021	12.83036	1.06646	1	0.72731	0.56430	13.48373	1.06646	1	-0.00915	-0.01048	0.67801	0.00396	1	0.05897	-0.01518	0.67916	0.00393	1	1.45898	0.81042	0	
1239321	8359.58008	3304395392163	0.51246	0.35697	8359.46582	0.11426	10976	1	0.53420	0.33133	1	0.50710	0.39718	1	0.52065	0.36425	1	0.46384	0.54052	12.73453	1.06646	1	0.72728	0.56413	13.04878	1.06646	1	-0.00915	-0.01048	0.67801	0.00392	1	0.05897	-0.01518	0.67916	0.00394	1	1.45898	0.81042	0	
1239322	8359.58691	3304395462187	0.51281	0.35308	8359.46582	0.12109	10976	1	0.53592	0.26251	1	0.50215	0.30389	1	0.51904	0.28320	1	0.46358	0.54015	12.42603	1.06646	1	0.72724	0.56350	13.03146	1.06646	1	-0.00915	-0.01048	0.67801	0.00396	1	0.05897	-0.01518	0.67916	0.00425	1	1.45898	0.81042	0	
1239323	8359.59277	3304395527580	0.51312	0.34959	8359.46582	0.12695	10976	1	0.53592	0.26251	1	0.50215	0.30389	1	0.51904	0.28320	1	0.46356	0.54040	12.76099	1.06646	1	0.72700	0.56419	13.40465	1.06646	1	-0.00915	-0.01048	0.67801	0.00389	1	0.05905	-0.01525	0.68002	0.00391	1	1.45898	0.81042	0	
1239324	8359.60059	3304395598271	0.51281	0.34898	8359.46582	0.13477	10976	1	0.51982	0.31680	1	0.49329	0.35696	1	0.50656	0.33688	1	0.46362	0.54044	12.85629	1.06646	1	0.72710	0.56409	13.09968	1.06646	1	-0.00915	-0.01048	0.67801	0.00389	1	0.05905	-0.01525	0.68002	0.00392	1	1.45898	0.81042	0	
1239325	8359.60742	3304395665472	0.51224	0.34734	8359.46582	0.14160	10976	1	0.52364	0.27645	1	0.47694	0.34908	1	0.50029	0.31276	1	0.46361	0.54050	12.72773	1.06646	1	0.72678	0.56395	13.88261	1.06646	1	-0.00915	-0.01048	0.67801	0.00386	1	0.05905	-0.01525	0.68002	0.00394	1	1.45898	0.81042	0	
1239326	8359.61328	3304395731477	0.51171	0.34597	8359.46582	0.14746	10976	1	0.52364	0.27645	1	0.47664	0.35520	1	0.50014	0.31582	1	0.46339	0.54019	12.70835	1.06646	1	0.72711	0.56404	13.11919	1.05880	1	-0.00915	-0.01048	0.67801	0.00383	1	0.05710	-0.01469	0.65706	0.00393	1	1.45898	0.81042	0	
1239327	8359.62012	3304395798953	0.51152	0.34524	8359.46582	0.15430	10976	1	0.51791	0.29501	1	0.49647	0.36194	1	0.50719	0.32847	1	0.46328	0.54053	12.63228	1.05880	1	0.72711	0.56404	13.11919	1.05114	1	-0.00915	-0.01048	0.67801	0.00381	1	0.05710	-0.01469	0.65706	0.00392	1	1.45898	0.81042	0	
1239328	8359.62695	3304395865478	0.51102	0.34488	8359.46582	0.16113	10976	1	0.50422	0.30725	1	0.49350	0.36547	1	0.49886	0.33636	1	0.46335	0.54059	13.06025	1.05114	1	0.72709	0.56399	13.09681	1.04348	1	-0.00915	-0.01048	0.67801	0.00374	1	0.05710	-0.01469	0.65706	0.00391	1	1.45898	0.81042	0	
1239329	8359.63379	3304395932787	0.51057	0.34468	8359.46582	0.16797	10976	1	0.50516	0.31362	1	0.49350	0.36547	1	0.49933	0.33954	1	0.46360	0.54069	13.03329	1.04348	1	0.72712	0.56400	13.07870	1.04348	1	-0.00915	-0.01048	0.67801	0.00378	1	0.05897	-0.01528	0.67916	0.00396	1	1.45898	0.81042	0	
1239330	8359.64062	3304395999984	0.51031	0.34326	8359.46582	0.17480	10976	1	0.51034	0.27961	1	0.49701	0.33342	1	0.50367	0.30651	1	0.46347	0.54017	12.59995	1.04348	1	0.72713	0.56356	13.08081	1.05114	1	-0.00915	-0.01048	0.67801	0.00398	1	0.05897	-0.01528	0.67916	0.00414	1	1.45898	0.81042	0	
1239331	8359.64746	3304396066851	0.50980	0.34313	8359.46582	0.18164	10976	1	0.50504	0.30824	1	0.48674	0.37076	1	0.49589	0.33950	1	0.46337	0.54060	12.63219	1.05114	1	0.72700	0.56412	13.48068	1.05880	1	-0.00915	-0.01048	0.67801	0.00381	1	0.05897	-0.01528	0.67916	0.00391	1	1.45898	0.81042	0	
1239332	8359.65430	3304396134752	0.50931	0.34279	8359.46582	0.18848	10976	1	0.50412	0.30187	1	0.48711	0.36474	1	0.49561	0.33331	1	0.46345	0.54086	12.62038	1.05880	1	0.72695	0.56386	13.41642	1.06646	1	-0.00915	-0.01048	0.67801	0.00382	1	0.05897	-0.01528	0.67916	0.00386	1	1.45898	0.81042	0	
1239333	8359.66113	3304396201618	0.50927	0.34258	8359.46582	0.19531	10976	1	0.53039	0.32734	1	0.48624	0.34574	1	0.50832	0.33654	1	0.46375	0.54094	13.23428	1.06646	1	0.72699	0.56398	13.47116	1.06646	1	-0.00915	-0.01048	0.67801	0.00383	1	0.05897	-0.01528	0.67916	0.00388	1	1.45898	0.81042	0	
1239334	8359.66699	3304396267854	0.50900	0.34142	8359.46582	0.20117	10976	1	0.51886	0.31074	1	0.48251	0.30254	1	0.50069	0.30664	1	0.46345	0.54085	12.75068	1.06646	1	0.72684	0.56402	13.59531	1.06646	1	-0.00915	-0.01048	0.67801	0.00383	1	0.05897	-0.01528	0.67916	0.00389	1	1.45898	0.81042	0	
1239335	8359.67383	3304396334678	0.50872	0.34020	8359.46582	0.20801	10976	1	0.51787	0.30333	1	0.48257	0.30133	1	0.50022	0.30233	1	0.46358	0.54109	13.05360	1.07554	1	0.72702	0.56391	13.11069	1.06788	1	-0.00950	-0.01094	0.70785	0.00378	1	0.05710	-0.01478	0.65707	0.00391	1	1.45898	0.81042	0	
1239336	8359.68066	3304396401796	0.50876	0.33877	8359.46582	0.21484	10976	1	0.53537	0.28236	1	0.48429	0.30346	1	0.50983	0.29291	1	0.46377	0.54077	13.31919	1.07697	1	0.72692	0.56394	13.50993	1.06931	1	-0.00950	-0.01094	0.70785	0.00379	1	0.05710	-0.01478	0.65707	0.00389	1	1.45898	0.81042	0	
1239337	8359.68750	3304396468688	0.50877	0.33755	8359.46582	0.22168	10976	1	0.52954	0.28854	1	0.48868	0.30581	1	0.50911	0.29718	1	0.46375	0.54049	13.22242	1.07840	1	0.72702	0.56391	13.11069	1.07074	1	-0.00950	-0.01094	0.70785	0.00390	1	0.05710	-0.01478	0.65707	0.00391	1	1.45898	0.81042	0	
1239338	8359.69434	3304396535385	0.50878	0.33657	8359.46582	0.22852	10976	1	0.53029	0.29487	1	0.48831	0.31223	1	0.50930	0.30355	1	0.46415	0.54052	12.33408	1.07074	1	0.72701	0.56349	12.95877	1.06308	1	-0.00915	-0.01048	0.67801	0.00390	1	0.05710	-0.01478	0.65707	0.00423	1	1.45898	0.81042	0	
1239339	8359.70117	3304396602196	0.50915	0.33551	8359.46582	0.23535	10976	1	0.55334	0.30892	1	0.49102	0.28752	1	0.52218	0.29822	1	0.46416	0.54065	12.38977	1.05399	1	0.72704	0.56363	13.23840	1.05399	1	-0.00915	-0.01048	0.67801	0.00384	1	0.05710	-0.01478	0.65707	0.00428	1	1.45898	0.81042	0	
1239340	8359.70703	3304396669652	0.50906	0.33508	8359.46582	0.24121	10976	1	0.52285	0.34053	1	0.48851	0.29883	1	0.50568	0.31968	1	0.46405	0.54090	12.80412	1.04491	1	0.72699	0.56360	13.21889	1.04491	1	-0.00915	-0.01048	0.67801	0.00381	1	0.05710	-0.01478	0.65707	0.00434	1	1.45898	0.81042	0	
1239341	8359.71387	3304396737027	0.50899	0.33496	8359.46582	0.24805	10976	1	0.52469	0.35427	1	0.48803	0.30700	1	0.50636	0.33064	1	0.46393	0.54070	12.51024	1.02780	1	0.72710	0.56345	13.08065	1.03546	1	-0.00881	-0.01014	0.65649	0.00394	1	0.05937	-0.01536	0.68255	0.00431	1	1.45898	0.81042	0	
1239342	8359.72070	3304396803713	0.50905	0.33479	8359.46582	0.25488	10976	1	0.52597	0.36544	1	0.49662	0.29084	1	0.51130	0.32814	1	0.46399	0.54092	12.92063	1.02745	1	0.72709	0.56359	13.16917	1.03511	1	-0.00881	-0.01014	0.65649	0.00387	1	0.05937	-0.01536	0.68255	0.00423	1	1.45898	0.81042	0	
1239343	8359.72754	3304396870686	0.50880	0.33376	8359.46582	0.26172	10976	1	0.52354	0.29759	1	0.47434	0.28978	1	0.49894	0.29369	1	0.46412	0.54065	12.66692	1.02709	1	0.72711	0.56342	13.11403	1.03475	1	-0.00881	-0.01014	0.65649	0.00386	1	0.05937	-0.01536	0.68255	0.00432	1	1.45898	0.81042	0	
1239344	8359.73340	3304396933285	0.50855	0.33262	8359.46582	0.26758	10976	1	0.52271	0.29101	1	0.47462	0.28303	1	0.49866	0.28702	1	0.46406	0.54104	12.81921	1.03475	1	0.72744	0.56351	13.34368	1.04241	1	-0.00905	-0.01048	0.67831	0.00379	1	0.05928	-0.01531	0.68035	0.00425	1	1.45898	0.81042	0	
1239345	8359.74121	3304397004533	0.50589	0.30570	8359.46582	0.26758	10976	0	0.53502	0.31956	1	0.46174	0.29725	1	0.49838	0.30841	1	0.46419	0.54079	12.88894	1.05042	1	0.72736	0.56355	12.94952	1.05042	1	-0.00905	-0.01048	0.67831	0.00391	1	0.05928	-0.01531	0.68035	0.00436	1	1.45898	0.81042	0	
1239346	8359.74805	3304397071907	0.50057	0.30658	8359.46582	0.26758	10976	0	0.51197	0.33015	1	0.47854	0.28479	1	0.49525	0.30747	1	0.46386	0.54083	12.61686	1.05844	1	0.72761	0.56366	13.57786	1.05844	1	-0.00905	-0.01048	0.67831	0.00389	1	0.05928	-0.01531	0.68035	0.00415	1	1.45898	0.81042	0	
1239347	8359.75488	3304397139283	0.49880	0.30688	8359.46582	0.26758	10976	0	0.51197	0.33015	1	0.47854	0.28479	1	0.49525	0.30747	1	0.46404	0.54068	12.95991	1.05844	1	0.72758	0.56364	13.55198	1.05844	1	-0.00914	-0.01064	0.68862	0.00389	1	0.05928	-0.01531	0.68035	0.00424	1	1.45898	0.81042	0	
1239348	8359.76074	3304397204050	0.50157	0.30386	8359.74121	0.01953	10977	1	0.52973	0.34049	1	0.49001	0.24910	1	0.50987	0.29479	1	0.46413	0.54072	13.08904	1.05042	1	0.72774	0.56301	13.14645	1.05042	1	-0.00914	-0.01064	0.68862	0.00385	1	0.05928	-0.01531	0.68035	0.00461	1	1.45898	0.81042	0	
1239349	8359.76758	3304397272452	0.50194	0.31210	8359.74121	0.02637	10977	1	0.51734	0.36625	1	0.48956	0.32388	1	0.50345	0.34507	1	0.46433	0.54090	13.47421	1.04241	1	0.72782	0.56400	13.47178	1.04241	1	-0.00914	-0.01064	0.68862	0.00383	1	0.05928	-0.01531	0.68035	0.00436	1	1.45898	0.81042	0	
1239350	8359.77441	3304397339445	0.50219	0.31759	8359.74121	0.03320	10977	1	0.51734	0.36625	1	0.48956	0.32388	1	0.50345	0.34507	1	0.46412	0.54100	12.95596	1.04241	1	0.72801	0.56361	13.36814	1.04241	1	-0.00898	-0.01052	0.68071	0.00384	1	0.05928	-0.01531	0.68035	0.00424	1	1.45898	0.81042	0	
1239351	8359.78125	3304397406263	0.50466	0.31820	8359.74121	0.04004	10977	1	0.53403	0.32695	1	0.50490	0.31672	1	0.51947	0.32184	1	0.46453	0.54069	13.31972	1.05042	1	0.72801	0.56373	13.05105	1.05042	1	-0.00898	-0.01052	0.68071	0.00382	1	0.05928	-0.01531	0.68035	0.00417	1	1.45898	0.81042	0	
1239352	8359.78809	3304397473507	0.50603	0.31981	8359.74121	0.04688	10977	1	0.54195	0.30464	1	0.48921	0.35755	1	0.51558	0.33109	1	0.46471	0.54067	12.49571	1.05844	1	0.72779	0.56437	14.05731	1.05844	1	-0.00898	-0.01052	0.68071	0.00392	1	0.05928	-0.01531	0.68035	0.00396	1	1.45898	0.81042	0	
1239353	8359.79492	3304397540296	0.50709	0.32107	8359.74121	0.05371	10977	1	0.54195	0.30464	1	0.48921	0.35755	1	0.51558	0.33109	1	0.46463	0.54073	12.32756	1.05844	1	0.72768	0.56413	13.40209	1.05844	1	-0.00860	-0.01013	0.65576	0.00394	1	0.05992	-0.01545	0.68651	0.00397	1	1.45898	0.81042	0	
1239354	8359.80176	3304397607996	0.50716	0.32061	8359.74121	0.06055	10977	1	0.52727	0.30276	1	0.48843	0.33032	1	0.50785	0.31654	1	0.46484	0.54066	12.37424	1.05042	1	0.72780	0.56401	13.24523	1.05042	1	-0.00860	-0.01013	0.65576	0.00396	1	0.05992	-0.01545	0.68651	0.00408	1	1.45898	0.81042	0	
1239355	8359.80762	3304397674370	0.50623	0.32295	8359.74121	0.06641	10977	1	0.52429	0.33607	1	0.46955	0.35665	1	0.49692	0.34636	1	0.46482	0.54061	12.30745	1.04241	1	0.72752	0.56433	13.81393	1.04241	1	-0.00860	-0.01013	0.65576	0.00398	1	0.05992	-0.01545	0.68651	0.00406	1	1.45898	0.81042	0	
1239356	8359.81445	3304397740836	0.50545	0.32516	8359.74121	0.07324	10977	1	0.52429	0.33607	1	0.46930	0.36286	1	0.49679	0.34946	1	0.46481	0.54080	12.52283	1.04241	1	0.72782	0.56369	13.09645	1.03475	1	-0.00891	-0.01055	0.68306	0.00393	1	0.05760	-0.01484	0.65943	0.00421	1	1.45898	0.81042	0	
1239357	8359.82129	3304397808187	0.50545	0.32498	8359.74121	0.08008	10977	1	0.53537	0.33331	1	0.47569	0.31216	1	0.50553	0.32274	1	0.46492	0.54088	13.12550	1.04276	1	0.72793	0.56361	13.31835	1.03511	1	-0.00891	-0.01055	0.68306	0.00388	1	0.05760	-0.01484	0.65943	0.00423	1	1.45898	0.81042	0	
1239358	8359.82812	3304397875164	0.50494	0.32449	8359.74121	0.08691	10977	1	0.52109	0.33661	1	0.47536	0.29986	1	0.49822	0.31823	1	0.46472	0.54074	12.49236	1.04312	1	0.72795	0.56366	13.23560	1.03546	1	-0.00891	-0.01055	0.68306	0.00399	1	0.05760	-0.01484	0.65943	0.00421	1	1.45898	0.81042	0	
1239359	8359.83496	3304397942251	0.50450	0.32384	8359.74121	0.09375	10977	1	0.52105	0.33632	1	0.47566	0.29288	1	0.49836	0.31460	1	0.46511	0.54034	13.25155	1.04348	1	0.72816	0.56391	13.71737	1.04348	1	-0.00891	-0.01055	0.68306	0.00413	1	0.05951	-0.01531	0.68064	0.00418	1	1.45898	0.81042	0	
1239360	8359.84180	3304398009000	0.50453	0.32337	8359.74121	0.10059	10977	1	0.55767	0.31564	1	0.45238	0.31712	1	0.50503	0.31638	1	0.46527	0.54047	13.01582	1.04348	1	0.72798	0.56388	13.28868	1.05114	1	-0.00891	-0.01055	0.68306	0.00398	1	0.05951	-0.01531	0.68064	0.00425	1	1.45898	0.81042	0	
1239361	8359.84863	3304398076766	0.50430	0.32190	8359.74121	0.10742	10977	1	0.54131	0.30240	1	0.45996	0.29437	1	0.50064	0.29838	1	0.46517	0.54045	13.15404	1.05114	1	0.72814	0.56362	12.93699	1.05880	1	-0.00891	-0.01055	0.68306	0.00404	1	0.05951	-0.01531	0.68064	0.00440	1	1.45898	0.81042	0	
1239362	8359.85449	3304398141200	0.50410	0.32061	8359.74121	0.11328	10977	1	0.54135	0.30269	1	0.45995	0.29468	1	0.50065	0.29869	1	0.46508	0.54011	12.79311	1.05078	1	0.72798	0.56394	12.83880	1.05844	1	-0.00855	-0.01019	0.65926	0.00395	1	0.05951	-0.01531	0.68064	0.00424	1	1.45898	0.81042	0	
1239363	8359.86133	3304398210403	0.50465	0.32050	8359.74121	0.12012	10977	1	0.55641	0.32875	1	0.47269	0.30811	1	0.51455	0.31843	1	0.46524	0.54024	13.02848	1.05042	1	0.72831	0.56386	13.50679	1.05042	1	-0.00855	-0.01019	0.65926	0.00402	1	0.05951	-0.01531	0.68064	0.00430	1	1.45898	0.81042	0	
1239364	8359.86816	3304398277226	0.50506	0.32210	8359.74121	0.12695	10977	1	0.55692	0.36139	1	0.46873	0.34369	1	0.51283	0.35254	1	0.46532	0.54048	13.19713	1.04241	1	0.72824	0.56412	13.60939	1.04241	1	-0.00855	-0.01019	0.65926	0.00395	1	0.05951	-0.01531	0.68064	0.00410	1	1.45898	0.81042	0	
1239365	8359.87500	3304398343895	0.50543	0.32355	8359.74121	0.13379	10977	1	0.55692	0.36139	1	0.46873	0.34369	1	0.51283	0.35254	1	0.46504	0.54001	12.81315	1.04241	1	0.72835	0.56427	13.98002	1.04241	1	-0.00883	-0.01057	0.68428	0.00405	1	0.05951	-0.01531	0.68064	0.00394	1	1.45898	0.81042	0	
1239366	8359.88086	3304398408278	0.50490	0.32383	8359.74121	0.13965	10977	1	0.51378	0.32886	1	0.47384	0.33088	1	0.49381	0.32987	1	0.46501	0.54005	12.63663	1.05042	1	0.72831	0.56402	14.13393	1.05042	1	-0.00883	-0.01057	0.68428	0.00410	1	0.05951	-0.01531	0.68064	0.00407	1	1.45898	0.81042	0	
1239367	8359.88867	3304398478490	0.50492	0.32242	8359.74121	0.14746	10977	1	0.52580	0.26121	1	0.48511	0.32150	1	0.50546	0.29136	1	0.46514	0.53978	12.95956	1.05844	1	0.72855	0.56424	13.65783	1.05844	1	-0.00883	-0.01057	0.68428	0.00418	1	0.05951	-0.01531	0.68064	0.00394	1	1.45898	0.81042	0	
1239368	8359.89551	3304398545699	0.50494	0.32084	8359.74121	0.15430	10977	1	0.52497	0.25425	1	0.48548	0.31483	1	0.50523	0.28454	1	0.46506	0.54000	12.71482	1.06646	1	0.72860	0.56373	13.44087	1.06646	1	-0.00883	-0.01057	0.68428	0.00396	1	0.05951	-0.01531	0.68064	0.00412	1	1.45898	0.81042	0	
1239369	8359.90137	3304398611828	0.50508	0.31886	8359.74121	0.16016	10977	1	0.51186	0.29124	1	0.50534	0.25144	1	0.50860	0.27134	1	0.46499	0.53989	12.64706	1.06646	1	0.72884	0.56335	13.03357	1.06646	1	-0.00883	-0.01057	0.68428	0.00396	1	0.05951	-0.01531	0.68064	0.00430	1	1.45898	0.81042	0	
1239370	8359.90820	3304398678903	0.50503	0.31857	8359.74121	0.16699	10977	1	0.50193	0.32518	1	0.50559	0.29736	1	0.50376	0.31127	1	0.46489	0.54009	12.62283	1.06646	1	0.72880	0.56381	13.35832	1.06646	1	-0.00883	-0.01057	0.68428	0.00397	1	0.05951	-0.01531	0.68064	0.00412	1	1.45898	0.81042	0	
1239371	8359.91504	3304398746161	0.50498	0.31842	8359.74121	0.17383	10977	1	0.50193	0.32518	1	0.50509	0.30388	1	0.50351	0.31453	1	0.46490	0.54020	12.84727	1.06646	1	0.72854	0.56411	13.45224	1.05880	1	-0.00883	-0.01057	0.68428	0.00407	1	0.05762	-0.01482	0.65854	0.00396	1	1.45898	0.81042	0	
1239372	8359.92188	3304398813058	0.50467	0.31865	8359.74121	0.18066	10977	1	0.51924	0.29086	1	0.47365	0.35881	1	0.49645	0.32483	1	0.46512	0.54001	12.40353	1.05880	1	0.72835	0.56443	14.10651	1.05114	1	-0.00883	-0.01057	0.68428	0.00408	1	0.05762	-0.01482	0.65854	0.00391	1	1.45898	0.81042	0	
1239373	8359.92871	3304398879948	0.50479	0.31903	8359.74121	0.18750	10977	1	0.53078	0.31129	1	0.48536	0.34777	1	0.50807	0.32953	1	0.46530	0.54014	12.14205	1.05114	1	0.72853	0.56407	13.34364	1.04348	1	-0.00883	-0.01057	0.68428	0.00400	1	0.05762	-0.01482	0.65854	0.00396	1	1.45898	0.81042	0	
1239374	8359.93457	3304398942837	0.50490	0.31968	8359.74121	0.19336	10977	1	0.53155	0.31762	1	0.48467	0.35962	1	0.50811	0.33862	1	0.46549	0.53998	11.87125	1.04348	1	0.72853	0.56407	13.34364	1.02901	1	-0.00883	-0.01057	0.68428	0.00408	1	0.05626	-0.01445	0.64243	0.00396	1	1.45898	0.81042	0	
1239375	8359.94141	3304399011318	0.50486	0.32014	8359.74121	0.20020	10977	1	0.53478	0.31940	1	0.47238	0.34874	1	0.50358	0.33407	1	0.46536	0.54004	12.00418	1.02901	1	0.72833	0.56407	13.89050	1.02220	1	-0.00883	-0.01057	0.68428	0.00409	1	0.05626	-0.01445	0.64243	0.00410	1	1.45898	0.81042	0	
1239376	8359.94824	3304399078883	0.50516	0.32030	8359.74121	0.20703	10977	1	0.53957	0.30780	1	0.48927	0.34247	1	0.51442	0.32513	1	0.46542	0.53970	11.60316	1.02220	1	0.72866	0.56375	13.14171	1.01540	1	-0.00883	-0.01057	0.68428	0.00405	1	0.05626	-0.01445	0.64243	0.00417	1	1.45898	0.81042	0	
1239377	8359.95508	3304399144826	0.50546	0.32064	8359.74121	0.21387	10977	1	0.54099	0.32043	1	0.48925	0.34278	1	0.51512	0.33160	1	0.46531	0.54035	12.40015	1.00738	1	0.72867	0.56345	13.08065	1.01504	1	-0.00857	-0.01033	0.66878	0.00408	1	0.05938	-0.01526	0.67807	0.00431	1	1.45898	0.81042	0	
1239378	8359.96191	3304399212601	0.50546	0.32108	8359.74121	0.22070	10977	1	0.51814	0.36617	1	0.49310	0.30479	1	0.50562	0.33548	1	0.46539	0.54022	12.17775	1.00702	1	0.72865	0.56360	13.09006	1.02149	1	-0.00857	-0.01033	0.66878	0.00409	1	0.05938	-0.01526	0.67807	0.00423	1	1.45898	0.81042	0	
1239379	8359.96777	3304399277502	0.50552	0.32126	8359.74121	0.22656	10977	1	0.52362	0.34605	1	0.49135	0.30907	1	0.50748	0.32756	1	0.46549	0.54001	12.11020	1.01347	1	0.72860	0.56352	13.19135	1.02794	1	-0.00857	-0.01033	0.66878	0.00396	1	0.05938	-0.01526	0.67807	0.00435	1	1.45898	0.81042	0	
1239380	8359.97461	3304399345350	0.50556	0.32138	8359.74121	0.23340	10977	1	0.52290	0.34075	1	0.49128	0.31012	1	0.50709	0.32544	1	0.46540	0.53967	11.73102	1.01992	1	0.72870	0.56329	13.05631	1.02673	1	-0.00857	-0.01033	0.66878	0.00413	1	0.05739	-0.01473	0.65478	0.00433	1	1.45898	0.81042	0	
1239381	8359.98145	3304399411193	0.50516	0.32143	8359.74121	0.24023	10977	1	0.50749	0.33002	1	0.47405	0.31681	1	0.49077	0.32341	1	0.46531	0.54003	12.46226	1.02673	1	0.72873	0.56366	13.05748	1.01907	1	-0.00857	-0.01033	0.66878	0.00407	1	0.05739	-0.01473	0.65478	0.00421	1	1.45898	0.81042	0	
1239382	8359.98828	3304399478302	0.50472	0.32107	8359.74121	0.24707	10977	1	0.50576	0.29946	1	0.47061	0.31561	1	0.48818	0.30754	1	0.46523	0.53940	11.80371	1.01907	1	0.72866	0.56355	13.10761	1.01141	1	-0.00857	-0.01033	0.66878	0.00418	1	0.05739	-0.01473	0.65478	0.00424	1	1.45898	0.81042	0	
1239383	8359.99512	3304399547527	0.50429	0.32071	8359.74121	0.25391	10977	1	0.50571	0.29915	1	0.47062	0.31530	1	0.48817	0.30723	1	0.46534	0.53966	12.01154	1.01943	1	0.72852	0.56344	12.85957	1.01177	1	-0.00861	-0.01044	0.67565	0.00409	1	0.05739	-0.01473	0.65478	0.00433	1	1.45898	0.81042	0	
1239384	8360.00195	3304399616957	0.50381	0.32034	8359.74121	0.26074	10977	1	0.51383	0.29924	1	0.45579	0.31201	1	0.48481	0.30563	1	0.46540	0.53966	12.01836	1.01979	1	0.72841	0.56361	12.86068	1.01979	1	-0.00861	-0.01044	0.67565	0.00412	1	0.05739	-0.01473	0.65478	0.00433	1	1.45898	0.81042	0	
1239385	8360.00879	3304399683971	0.50358	0.31902	8359.74121	0.26758	10977	1	0.51140	0.27512	1	0.47771	0.25741	1	0.49455	0.26627	1	0.46537	0.53946	12.02723	1.02780	1	0.72877	0.56295	12.51463	1.02780	1	-0.00861	-0.01044	0.67565	0.00396	1	0.05739	-0.01473	0.65478	0.00436	1	1.45898	0.81042	0	
1239386	8360.01562	3304399750917	0.50337	0.31768	8359.74121	0.27441	10977	1	0.51140	0.27512	1	0.47802	0.25037	1	0.49471	0.26275	1	0.46550	0.53995	12.41165	1.02780	1	0.72861	0.56359	13.17802	1.03546	1	-0.00857	-0.01033	0.66878	0.00408	1	0.05915	-0.01517	0.67422	0.00424	1	1.45898	0.81042	0	
1239387	8360.02246	3304399817702	0.50290	0.31727	8359.74121	0.28125	10977	1	0.50339	0.26909	1	0.46311	0.33134	1	0.48325	0.30022	1	0.46532	0.53934	11.89527	1.02745	1	0.72857	0.56403	13.39654	1.03511	1	-0.00857	-0.01033	0.66878	0.00404	1	0.05915	-0.01517	0.67422	0.00402	1	1.45898	0.81042	0	
1239388	8360.02930	3304399885545	0.50268	0.31758	8359.74121	0.28809	10977	1	0.51202	0.31478	1	0.47415	0.34675	1	0.49309	0.33077	1	0.46543	0.53957	12.04415	1.02709	1	0.72870	0.56408	13.40878	1.03475	1	-0.00857	-0.01033	0.66878	0.00402	1	0.05915	-0.01517	0.67422	0.00405	1	1.45898	0.81042	0	
1239389	8360.03613	3304399951922	0.50245	0.31780	8359.74121	0.29492	10977	1	0.51112	0.30832	1	0.47415	0.34675	1	0.49264	0.32754	1	0.46530	0.53935	11.99362	1.03475	1	0.72864	0.56409	13.00130	1.03475	1	-0.00861	-0.01044	0.67565	0.00398	1	0.05739	-0.01473	0.65478	0.00402	1	1.45898	0.81042	0	
1239390	8360.04199	3304400018538	0.50194	0.31727	8359.74121	0.30078	10977	1	0.51018	0.27879	1	0.44723	0.30803	1	0.47870	0.29341	1	0.46544	0.53960	12.36895	1.04276	1	0.72866	0.56374	13.03849	1.03511	1	-0.00861	-0.01044	0.67565	0.00390	1	0.05739	-0.01473	0.65478	0.00428	1	1.45898	0.81042	0	
1239391	8360.04883	3304400085848	0.50164	0.31715	8359.74121	0.30762	10977	1	0.51331	0.27813	1	0.46209	0.34529	1	0.48770	0.31171	1	0.46539	0.53919	12.30581	1.04312	1	0.72882	0.56411	13.02643	1.03546	1	-0.00861	-0.01044	0.67565	0.00408	1	0.05739	-0.01473	0.65478	0.00404	1	1.45898	0.81042	0	
1239392	8360.05566	3304400153647	0.50135	0.31697	8359.74121	0.31445	10977	1	0.51327	0.27782	1	0.46230	0.33867	1	0.48778	0.30824	1	0.46550	0.53983	12.47819	1.04348	1	0.72892	0.56398	13.81078	1.04348	1	-0.00861	-0.01044	0.67565	0.00388	1	0.06019	-0.01539	0.68606	0.00419	1	1.45898	0.81042	0	
1239393	8360.06250	3304400220604	0.50100	0.31679	8359.74121	0.32129	10977	1	0.51555	0.33561	1	0.46260	0.25883	1	0.48907	0.29722	1	0.46532	0.54007	12.28165	1.04348	1	0.72885	0.56323	13.46479	1.05114	1	-0.00861	-0.01044	0.67565	0.00373	1	0.06019	-0.01539	0.68606	0.00467	1	1.45898	0.81042	0	
1239394	8360.06934	3304400286654	0.50092	0.31553	8359.74121	0.32812	10977	1	0.50448	0.27036	1	0.47885	0.22379	1	0.49167	0.24708	1	0.46535	0.53950	11.90279	1.05114	1	0.72911	0.56284	13.39416	1.05880	1	-0.00861	-0.01044	0.67565	0.00399	1	0.06019	-0.01539	0.68606	0.00462	1	1.45898	0.81042	0	
1239395	8360.07520	3304400351851	0.48911	0.29092	8359.74121	0.32812	10977	0	0.50355	0.26372	1	0.47916	0.21672	1	0.49136	0.24022	1	0.46552	0.53936	11.96413	1.05880	1	0.72896	0.56298	13.43004	1.06646	1	-0.00861	-0.01039	0.67565	0.00403	1	0.05915	-0.01517	0.67422	0.00453	1	1.45898	0.81042	0	
1239396	8360.08203	3304400420282	0.48610	0.28456	8359.74121	0.32812	10977	0	0.50579	0.22771	1	0.46040	0.32870	1	0.48309	0.27821	1	0.46543	0.53912	12.01339	1.06646	1	0.72889	0.56414	13.82807	1.06646	1	-0.00861	-0.01039	0.67565	0.00406	1	0.05915	-0.01517	0.67422	0.00421	1	1.45898	0.81042	0	
1239397	8360.08887	3304400488104	0.48850	0.26485	8359.74121	0.32812	10977	0	0.51466	0.18889	1	0.47195	0.26197	1	0.49331	0.22543	1	0.46548	0.53885	11.78716	1.06646	1	0.72902	0.56337	13.66367	1.06646	1	-0.00861	-0.01039	0.67565	0.00421	1	0.05915	-0.01517	0.67422	0.00445	1	1.45898	0.81042	0	
1239398	8360.09570	3304400553706	0.48970	0.25500	8360.07520	0.02051	10978	1	0.51466	0.18889	1	0.47195	0.26197	1	0.49331	0.22543	1	0.46554	0.53919	12.04107	1.06646	1	0.72907	0.56405	13.75854	1.06646	1	-0.00861	-0.01044	0.67565	0.00407	1	0.05915	-0.01517	0.67422	0.00410	1	1.45898	0.81042	0	
1239399	8360.10254	3304400621552	0.48811	0.25677	8360.07520	0.02734	10978	1	0.50478	0.22293	1	0.45864	0.30476	1	0.48171	0.26385	1	0.46539	0.53906	11.83923	1.06646	1	0.72883	0.56407	14.01476	1.06646	1	-0.00861	-0.01044	0.67565	0.00415	1	0.05915	-0.01517	0.67422	0.00424	1	1.45898	0.81042	0	
1239400	8360.10938	3304400688718	0.48745	0.25861	8360.07520	0.03418	10978	1	0.51328	0.20831	1	0.45512	0.32734	1	0.48420	0.26782	1	0.46544	0.53912	11.94487	1.06646	1	0.72878	0.56413	13.87343	1.06646	1	-0.00861	-0.01044	0.67565	0.00411	1	0.05915	-0.01517	0.67422	0.00423	1	1.45898	0.81042	0	
1239401	8360.11621	3304400755273	0.48699	0.25993	8360.07520	0.04102	10978	1	0.51328	0.20831	1	0.45512	0.32734	1	0.48420	0.26782	1	0.46541	0.53915	12.00305	1.06646	1	0.72876	0.56441	13.95848	1.06646	1	-0.00861	-0.01044	0.67565	0.00410	1	0.05915	-0.01517	0.67422	0.00416	1	1.45898	0.81042	0	
1239402	8360.12305	3304400822277	0.48628	0.26410	8360.07520	0.04785	10978	1	0.50107	0.26236	1	0.46153	0.32434	1	0.48130	0.29335	1	0.46530	0.53955	11.99510	1.06646	1	0.72893	0.56426	13.81941	1.06646	1	-0.00861	-0.01044	0.67565	0.00398	1	0.05915	-0.01517	0.67422	0.00420	1	1.45898	0.81042	0	
1239403	8360.12988	3304400889355	0.48653	0.26379	8360.07520	0.05469	10978	1	0.51675	0.25324	1	0.46034	0.26927	1	0.48855	0.26126	1	0.46562	0.53954	12.55208	1.06646	1	0.72885	0.56349	13.59427	1.06646	1	-0.00861	-0.01044	0.67565	0.00397	1	0.05915	-0.01517	0.67422	0.00457	1	1.45898	0.81042	0	
1239404	8360.13574	3304400956829	0.48673	0.26353	8360.07520	0.06055	10978	1	0.51675	0.25324	1	0.46034	0.26927	1	0.48855	0.26126	1	0.46544	0.53876	11.86974	1.06646	1	0.72876	0.56413	13.87817	1.06646	1	-0.00861	-0.01039	0.67565	0.00417	1	0.05915	-0.01517	0.67422	0.00409	1	1.45898	0.81042	0	
1239405	8360.14258	3304401023455	0.48654	0.26393	8360.07520	0.06738	10978	1	0.50259	0.23967	1	0.46655	0.29618	1	0.48457	0.26792	1	0.46530	0.53921	11.83040	1.06646	1	0.72900	0.56395	13.65386	1.06646	1	-0.00861	-0.01039	0.67565	0.00400	1	0.05915	-0.01517	0.67422	0.00416	1	1.45898	0.81042	0	
1239406	8360.14941	3304401090430	0.48605	0.26543	8360.07520	0.07422	10978	1	0.50768	0.23804	1	0.45381	0.32582	1	0.48075	0.28193	1	0.46542	0.53932	12.11562	1.06646	1	0.72874	0.56426	14.09965	1.06646	1	-0.00861	-0.01039	0.67565	0.00390	1	0.05915	-0.01517	0.67422	0.00416	1	1.45898	0.81042	0	
1239407	8360.15625	3304401155642	0.48564	0.26670	8360.07520	0.08105	10978	1	0.50768	0.23804	1	0.45381	0.32582	1	0.48075	0.28193	1	0.46542	0.53893	11.94030	1.06646	1	0.72908	0.56388	13.64229	1.06646	1	-0.00861	-0.01044	0.67565	0.00409	1	0.05915	-0.01517	0.67422	0.00416	1	1.45898	0.81042	0	
1239408	8360.16309	3304401222355	0.48638	0.26282	8360.07520	0.08789	10978	1	0.50529	0.23715	1	0.48660	0.18746	1	0.49594	0.21230	1	0.46535	0.53915	11.99494	1.06646	1	0.72920	0.56253	13.27258	1.06646	1	-0.00861	-0.01044	0.67565	0.00403	1	0.05915	-0.01517	0.67422	0.00461	1	1.45898	0.81042	0	
1239409	8360.16895	3304401287652	0.48782	0.26113	8360.07520	0.09375	10978	1	0.52864	0.25361	1	0.48723	0.22140	1	0.50793	0.23751	1	0.46543	0.53952	12.13716	1.06646	1	0.72919	0.56269	13.26547	1.06646	1	-0.00861	-0.01044	0.67565	0.00394	1	0.05915	-0.01517	0.67422	0.00467	1	1.45898	0.81042	0	
1239410	8360.17676	3304401358401	0.48907	0.25965	8360.07520	0.10156	10978	1	0.52864	0.25361	1	0.48723	0.22140	1	0.50793	0.23751	1	0.46546	0.53953	12.05879	1.06646	1	0.72907	0.56381	13.64558	1.06646	1	-0.00861	-0.01044	0.67565	0.00400	1	0.05915	-0.01517	0.67422	0.00413	1	1.45898	0.81042	0	
1239411	8360.18262	3304401424872	0.48817	0.25968	8360.07520	0.10742	10978	1	0.50275	0.25669	1	0.44471	0.26342	1	0.47373	0.26006	1	0.46531	0.53941	11.85881	1.06646	1	0.72861	0.56337	13.01231	1.06646	1	-0.00861	-0.01044	0.67565	0.00420	1	0.05915	-0.01517	0.67422	0.00452	1	1.45898	0.81042	0	
1239412	8360.18945	3304401492332	0.48821	0.26072	8360.07520	0.11426	10978	1	0.50154	0.23857	1	0.47635	0.31828	1	0.48894	0.27842	1	0.46526	0.53935	11.89985	1.06646	1	0.72908	0.56405	13.62799	1.06646	1	-0.00861	-0.01044	0.67565	0.00417	1	0.05915	-0.01517	0.67422	0.00400	1	1.45898	0.81042	0	
1239413	8360.19629	3304401559718	0.48825	0.26165	8360.07520	0.12109	10978	1	0.50154	0.23857	1	0.47635	0.31828	1	0.48894	0.27842	1	0.46547	0.53983	12.03971	1.06646	1	0.72888	0.56445	14.09446	1.06646	1	-0.00861	-0.01044	0.67565	0.00417	1	0.05915	-0.01517	0.67422	0.00400	1	1.45898	0.81042	0	
1239414	8360.20312	3304401626212	0.48742	0.26244	8360.07520	0.12793	10978	1	0.50091	0.21390	1	0.44220	0.34088	1	0.47155	0.27739	1	0.46529	0.53916	11.74198	1.06646	1	0.72859	0.56448	13.60116	1.06646	1	-0.00861	-0.01044	0.67565	0.00427	1	0.05915	-0.01517	0.67422	0.00406	1	1.45898	0.81042	0	
1239415	8360.20996	3304401693456	0.48684	0.26498	8360.07520	0.13477	10978	1	0.50690	0.26806	1	0.44350	0.36347	1	0.47520	0.31576	1	0.46542	0.53958	11.84254	1.06646	1	0.72859	0.56460	13.63813	1.06646	1	-0.00861	-0.01044	0.67565	0.00409	1	0.05915	-0.01517	0.67422	0.00412	1	1.45898	0.81042	0	
1239416	8360.21680	3304401760734	0.48631	0.26728	8360.07520	0.14160	10978	1	0.50690	0.26806	1	0.44350	0.36347	1	0.47520	0.31576	1	0.46559	0.54007	12.51530	1.06646	1	0.72855	0.56445	13.61465	1.06646	1	-0.00861	-0.01044	0.67565	0.00404	1	0.05915	-0.01517	0.67422	0.00414	1	1.45898	0.81042	0	
1239417	8360.22363	3304401828237	0.48659	0.26744	8360.07520	0.14844	10978	1	0.51559	0.27942	1	0.46986	0.26228	1	0.49272	0.27085	1	0.46550	0.53976	12.05765	1.06646	1	0.72896	0.56330	13.63260	1.06646	1	-0.00861	-0.01044	0.67565	0.00411	1	0.05915	-0.01517	0.67422	0.00460	1	1.45898	0.81042	0	
1239418	8360.22949	3304401894284	0.48707	0.26968	8360.07520	0.15430	10978	1	0.52252	0.29098	1	0.47363	0.35135	1	0.49807	0.32116	1	0.46555	0.54001	12.05023	1.06646	1	0.72914	0.56441	13.94970	1.06646	1	-0.00861	-0.01044	0.67565	0.00419	1	0.05915	-0.01517	0.67422	0.00405	1	1.45898	0.81042	0	
1239419	8360.23633	3304401961181	0.48751	0.27174	8360.07520	0.16113	10978	1	0.52252	0.29098	1	0.47363	0.35135	1	0.49807	0.32116	1	0.46593	0.54022	12.74158	1.06646	1	0.72920	0.56407	13.77676	1.06646	1	-0.00861	-0.01044	0.67565	0.00419	1	0.05915	-0.01517	0.67422	0.00429	1	1.45898	0.81042	0	
1239420	8360.24316	3304402027872	0.48851	0.27210	8360.07520	0.16797	10978	1	0.54581	0.30256	1	0.48132	0.25989	1	0.51356	0.28123	1	0.46596	0.54023	12.99957	1.06646	1	0.72917	0.56332	13.87155	1.06646	1	-0.00861	-0.01044	0.67565	0.00419	1	0.05915	-0.01517	0.67422	0.00438	1	1.45898	0.81042	0	
1239421	8360.25000	3304402095208	0.48957	0.27178	8360.07520	0.17480	10978	1	0.55408	0.26862	1	0.48047	0.25795	1	0.51728	0.26329	1	0.46608	0.54032	13.00272	1.06646	1	0.72914	0.56330	13.90799	1.06646	1	-0.00861	-0.01044	0.67565	0.00427	1	0.05915	-0.01517	0.67422	0.00442	1	1.45898	0.81042	0	
1239422	8360.25684	3304402162250	0.49056	0.27147	8360.07520	0.18164	10978	1	0.55408	0.26862	1	0.48047	0.25795	1	0.51728	0.26329	1	0.46602	0.54045	12.95858	1.06646	1	0.72915	0.56404	13.70453	1.06646	1	-0.00861	-0.01044	0.67565	0.00397	1	0.05915	-0.01517	0.67422	0.00409	1	1.45898	0.81042	0	
1239423	8360.26367	3304402229404	0.49114	0.27292	8360.07520	0.18848	10978	1	0.52994	0.29024	1	0.48471	0.33662	1	0.50733	0.31343	1	0.46580	0.54057	13.16490	1.06646	1	0.72925	0.56420	13.90903	1.06646	1	-0.00861	-0.01044	0.67565	0.00397	1	0.05915	-0.01517	0.67422	0.00397	1	1.45898	0.81042	0	
1239424	8360.27051	3304402296705	0.49144	0.27387	8360.07520	0.19531	10978	1	0.52495	0.28645	1	0.47503	0.31620	1	0.49999	0.30133	1	0.46566	0.54064	12.86989	1.06646	1	0.72912	0.56424	14.01601	1.06646	1	-0.00861	-0.01044	0.67565	0.00380	1	0.05915	-0.01517	0.67422	0.00399	1	1.45898	0.81042	0	
1239425	8360.27637	3304402362486	0.49171	0.27475	8360.07520	0.20117	10978	1	0.52495	0.28645	1	0.47503	0.31620	1	0.49999	0.30133	1	0.46474	0.54169	12.41707	1.06646	1	0.72828	0.56511	13.98171	1.06646	1	-0.00876	-0.01069	0.67901	0.00383	1	0.05938	-0.01546	0.67807	0.00384	1	1.45898	0.81042	0	
1239426	8360.28320	3304402430950	0.49885	0.30240	8360.07520	0.20117	10978	0	0.48083	0.34929	1	0.50217	0.37105	1	0.49150	0.36017	1	0.46416	0.54186	12.85192	1.06646	1	0.72803	0.56559	13.35492	1.06646	1	-0.00876	-0.01069	0.67901	0.00369	1	0.05938	-0.01546	0.67807	0.00418	1	1.45898	0.81042	0	
1239427	8360.29004	3304402497167	0.49887	0.26596	8360.07520	0.20117	10978	0	0.49245	0.10710	1	0.50535	0.35197	1	0.49890	0.22953	1	0.46413	0.54009	12.05863	1.06646	1	0.72768	0.56640	13.33801	1.06646	1	-0.00876	-0.01069	0.67901	0.00257	1	0.05938	-0.01546	0.67807	0.00420	1	1.45898	0.81042	0	
1239428	8360.29688	3304402563960	0.49888	0.25382	8360.07520	0.20117	10978	0	0.49245	0.10710	1	0.50535	0.35197	1	0.49890	0.22953	1	0.46267	0.54513	12.36696	1.06646	1	0.72534	0.56859	13.65313	1.06646	1	-0.00902	-0.01122	0.68330	0.00347	1	0.05875	-0.01588	0.67663	0.00335	1	1.45898	0.81042	0	
1239429	8360.30371	3304402630867	0.47689	0.31301	8360.28320	0.02051	10979	1	0.42991	0.48760	1	0.39193	0.49356	1	0.41092	0.49058	1	0.46249	0.54604	11.81253	1.06646	1	0.72508	0.56999	13.26260	1.06646	1	-0.00902	-0.01122	0.68330	0.00381	1	0.05875	-0.01588	0.67663	0.00357	1	1.45898	0.81042	0	
1239430	8360.31055	3304402698647	0.46586	0.34578	8360.28320	0.02734	10979	1	0.42828	0.47362	1	0.41518	0.48005	1	0.42173	0.47684	1	0.46247	0.54624	12.07267	1.06646	1	0.72506	0.56990	13.46733	1.06646	1	-0.00902	-0.01122	0.68330	0.00366	1	0.05875	-0.01588	0.67663	0.00358	1	1.45898	0.81042	0	
1239431	8360.31738	3304402765398	0.45836	0.36703	8360.28320	0.03418	10979	1	0.42660	0.46756	1	0.41515	0.47910	1	0.42088	0.47333	1	0.46292	0.54853	13.57905	1.07554	1	0.72448	0.57139	13.66114	1.06788	1	-0.00942	-0.01193	0.70983	0.00326	1	0.05668	-0.01573	0.65337	0.00308	1	1.45898	0.81042	0	
1239432	8360.32324	3304402831478	0.44806	0.40450	8360.28320	0.04004	10979	1	0.42006	0.62562	1	0.35243	0.63293	1	0.38625	0.62928	1	0.46214	0.54846	13.07567	1.07697	1	0.72472	0.57148	13.34781	1.06931	1	-0.00942	-0.01193	0.70983	0.00313	1	0.05668	-0.01573	0.65337	0.00328	1	1.45898	0.81042	0	
1239433	8360.33008	3304402899053	0.43881	0.43022	8360.28320	0.04688	10979	1	0.42904	0.62808	1	0.31907	0.59251	1	0.37405	0.61029	1	0.46249	0.54867	13.26673	1.07840	1	0.72470	0.57178	13.76316	1.07074	1	-0.00942	-0.01193	0.70983	0.00314	1	0.05668	-0.01573	0.65337	0.00324	1	1.45898	0.81042	0	
1239434	8360.33691	3304402963105	0.43182	0.45093	8360.28320	0.05371	10979	1	0.43195	0.63614	1	0.31992	0.59700	1	0.37593	0.61657	1	0.46234	0.54886	13.41983	1.06272	1	0.72497	0.57154	13.36857	1.06272	1	-0.00875	-0.01105	0.65207	0.00316	1	0.05905	-0.01634	0.67886	0.00327	1	1.45898	0.81042	0	
1239435	8360.34375	3304403031231	0.42690	0.46727	8360.28320	0.06055	10979	1	0.41314	0.66570	1	0.35206	0.56295	1	0.38260	0.61433	1	0.46204	0.54900	13.63243	1.04562	1	0.72504	0.57139	12.85557	1.05328	1	-0.00875	-0.01105	0.65207	0.00309	1	0.05905	-0.01634	0.67886	0.00330	1	1.45898	0.81042	0	
1239436	8360.35059	3304403096149	0.42214	0.48108	8360.28320	0.06738	10979	1	0.41326	0.68417	1	0.33577	0.55425	1	0.37451	0.61921	1	0.46201	0.54897	13.61118	1.03617	1	0.72488	0.57148	13.30077	1.04383	1	-0.00875	-0.01105	0.65207	0.00320	1	0.05905	-0.01634	0.67886	0.00314	1	1.45898	0.81042	0	
1239437	8360.35645	3304403163735	0.41829	0.49302	8360.28320	0.07324	10979	1	0.41523	0.68871	1	0.33664	0.56003	1	0.37594	0.62437	1	0.46224	0.54906	13.80815	1.02673	1	0.72529	0.57184	13.36738	1.03439	1	-0.00875	-0.01105	0.65207	0.00309	1	0.05905	-0.01634	0.67886	0.00304	1	1.45898	0.81042	0	
1239438	8360.36328	3304403228970	0.41607	0.50440	8360.28320	0.08008	10979	1	0.41650	0.67058	1	0.36249	0.61123	1	0.38949	0.64090	1	0.46204	0.54887	13.24666	1.03439	1	0.72515	0.57196	13.50468	1.03439	1	-0.00875	-0.01105	0.65207	0.00316	1	0.05905	-0.01634	0.67886	0.00308	1	1.45898	0.81042	0	
1239439	8360.37012	3304403296644	0.39986	0.55582	8360.28320	0.08008	10979	0	0.42447	0.67304	1	0.34974	0.61626	1	0.38710	0.64465	1	0.46218	0.54890	13.11245	1.03439	1	0.72515	0.57202	13.44428	1.03439	1	-0.00875	-0.01105	0.65207	0.00308	1	0.05905	-0.01634	0.67886	0.00309	1	1.45898	0.81042	0	
1239440	8360.37695	3304403364721	0.39348	0.60024	8360.28320	0.08008	10979	0	0.42447	0.67304	1	0.34974	0.61626	1	0.38710	0.64465	1	0.46206	0.54849	12.70064	1.03439	1	0.72507	0.57204	13.30945	1.03439	1	-0.00875	-0.01105	0.65207	0.00321	1	0.05937	-0.01648	0.68255	0.00313	1	1.45898	0.81042	0	
1239441	8360.38379	3304403432034	0.39284	0.59978	8360.28320	0.08008	10979	0	0.43035	0.65574	1	0.35275	0.54202	1	0.39155	0.59888	1	0.46216	0.54869	12.73387	1.03439	1	0.72505	0.57133	12.91426	1.03439	1	-0.00875	-0.01105	0.65207	0.00346	1	0.05937	-0.01648	0.68255	0.00347	1	1.45898	0.81042	0	
1239442	8360.39062	3304403497486	0.39430	0.60242	8360.37012	0.02051	10980	1	0.43608	0.65333	1	0.36129	0.56737	1	0.39868	0.61035	1	0.46231	0.54873	12.69877	1.03439	1	0.72528	0.57179	12.89393	1.03439	1	-0.00875	-0.01105	0.65207	0.00330	1	0.05937	-0.01648	0.68255	0.00316	1	1.45898	0.81042	0	
1239443	8360.39746	3304403568650	0.39518	0.60401	8360.37012	0.02734	10980	1	0.43608	0.65333	1	0.36129	0.56737	1	0.39868	0.61035	1	0.46241	0.54885	12.84514	1.03439	1	0.72514	0.57219	13.58340	1.03439	1	-0.00875	-0.01105	0.65207	0.00318	1	0.05905	-0.01634	0.67886	0.00315	1	1.45898	0.81042	0	
1239444	8360.40332	3304403633020	0.39269	0.60922	8360.37012	0.03320	10980	1	0.41590	0.66858	1	0.34465	0.60198	1	0.38028	0.63528	1	0.46193	0.54879	13.03573	1.03439	1	0.72506	0.57217	13.36048	1.03439	1	-0.00875	-0.01105	0.65207	0.00318	1	0.05905	-0.01634	0.67886	0.00313	1	1.45898	0.81042	0	
1239445	8360.41113	3304403703218	0.39359	0.61389	8360.37012	0.04102	10980	1	0.44478	0.69491	1	0.35312	0.58890	1	0.39895	0.64190	1	0.46246	0.54909	12.98339	1.03439	1	0.72504	0.57196	13.24228	1.03439	1	-0.00875	-0.01105	0.65207	0.00326	1	0.05905	-0.01634	0.67886	0.00333	1	1.45898	0.81042	0	
1239446	8360.41699	3304403769279	0.39426	0.61739	8360.37012	0.04688	10980	1	0.44478	0.69491	1	0.35312	0.58890	1	0.39895	0.64190	1	0.46266	0.54911	12.70866	1.03439	1	0.72501	0.57161	13.15835	1.03439	1	-0.00875	-0.01105	0.65207	0.00333	1	0.05937	-0.01648	0.68255	0.00344	1	1.45898	0.81042	0	
1239447	8360.42383	3304403836476	0.39512	0.62119	8360.37012	0.05371	10980	1	0.45633	0.69027	1	0.34762	0.61284	1	0.40198	0.65155	1	0.46260	0.54925	13.18384	1.03439	1	0.72502	0.57195	13.24827	1.03439	1	-0.00875	-0.01105	0.65207	0.00345	1	0.05937	-0.01648	0.68255	0.00331	1	1.45898	0.81042	0	
1239448	8360.43066	3304403904037	0.39458	0.62465	8360.37012	0.06055	10980	1	0.42747	0.71252	1	0.35197	0.59908	1	0.38972	0.65580	1	0.46218	0.54942	12.44041	1.03439	1	0.72506	0.57219	13.45124	1.03439	1	-0.00875	-0.01105	0.65207	0.00334	1	0.05937	-0.01648	0.68255	0.00314	1	1.45898	0.81042	0	
1239449	8360.43750	3304403970344	0.39416	0.62768	8360.37012	0.06738	10980	1	0.42747	0.71252	1	0.35257	0.60349	1	0.39002	0.65801	1	0.46245	0.54939	13.47089	1.03439	1	0.72511	0.57229	13.45971	1.02673	1	-0.00875	-0.01110	0.65207	0.00334	1	0.05788	-0.01606	0.66487	0.00309	1	1.45898	0.81042	0	
1239450	8360.44434	3304404037623	0.39450	0.62788	8360.37012	0.07422	10980	1	0.42881	0.65751	1	0.36775	0.60257	1	0.39828	0.63004	1	0.46227	0.54927	13.36469	1.02673	1	0.72524	0.57205	13.64230	1.01907	1	-0.00875	-0.01110	0.65207	0.00321	1	0.05788	-0.01606	0.66487	0.00324	1	1.45898	0.81042	0	
1239451	8360.45117	3304404104902	0.39464	0.62996	8360.37012	0.08105	10980	1	0.43052	0.67646	1	0.36207	0.63343	1	0.39630	0.65494	1	0.46228	0.54946	13.22594	1.01907	1	0.72540	0.57227	13.73590	1.01141	1	-0.00875	-0.01110	0.65207	0.00322	1	0.05788	-0.01606	0.66487	0.00308	1	1.45898	0.81042	0	
1239452	8360.45801	3304404171784	0.39483	0.63203	8360.37012	0.08789	10980	1	0.43203	0.68026	1	0.36261	0.63768	1	0.39732	0.65897	1	0.46246	0.54941	13.65308	1.01141	1	0.72541	0.57225	13.88663	1.00375	1	-0.00884	-0.01134	0.66607	0.00324	1	0.05788	-0.01606	0.66487	0.00308	1	1.45898	0.81042	0	
1239453	8360.46484	3304404238726	0.39505	0.63352	8360.37012	0.09473	10980	1	0.44938	0.68049	1	0.34689	0.62812	1	0.39813	0.65431	1	0.46254	0.54935	13.17450	1.00375	1	0.72543	0.57196	13.93088	1.00375	1	-0.00884	-0.01134	0.66607	0.00330	1	0.05788	-0.01606	0.66487	0.00324	1	1.45898	0.81042	0	
1239454	8360.47070	3304404305456	0.39600	0.63538	8360.37012	0.10059	10980	1	0.46370	0.72742	1	0.35656	0.59907	1	0.41013	0.66325	1	0.46270	0.54940	13.45146	1.00375	1	0.72549	0.57185	13.92516	1.00375	1	-0.00884	-0.01134	0.66607	0.00333	1	0.05788	-0.01606	0.66487	0.00321	1	1.45898	0.81042	0	
1239455	8360.47754	3304404372022	0.39683	0.63701	8360.37012	0.10742	10980	1	0.46370	0.72742	1	0.35656	0.59907	1	0.41013	0.66325	1	0.46227	0.54929	12.79251	1.00375	1	0.72561	0.57204	13.96285	1.00375	1	-0.00884	-0.01134	0.66607	0.00320	1	0.05682	-0.01569	0.65157	0.00306	1	1.45898	0.81042	0	
1239456	8360.48438	3304404440298	0.39599	0.63818	8360.37012	0.11426	10980	1	0.42673	0.72356	1	0.33665	0.59254	1	0.38169	0.65805	1	0.46210	0.54935	13.08258	1.00375	1	0.72557	0.57155	13.94376	1.00375	1	-0.00884	-0.01134	0.66607	0.00321	1	0.05682	-0.01569	0.65157	0.00318	1	1.45898	0.81042	0	
1239457	8360.49121	3304404507369	0.39513	0.63888	8360.37012	0.12109	10980	1	0.41017	0.70438	1	0.34930	0.59865	1	0.37974	0.65151	1	0.46224	0.54902	12.71690	1.00375	1	0.72588	0.57187	13.10224	1.00375	1	-0.00884	-0.01134	0.66607	0.00330	1	0.05682	-0.01569	0.65157	0.00303	1	1.45898	0.81042	0	
1239458	8360.49805	3304404573016	0.39429	0.63919	8360.37012	0.12793	10980	1	0.40842	0.70056	1	0.34800	0.58935	1	0.37821	0.64495	1	0.46243	0.54947	12.89488	1.01177	1	0.72578	0.57222	13.64277	1.01943	1	-0.00902	-0.01163	0.68330	0.00319	1	0.05992	-0.01658	0.68651	0.00306	1	1.45898	0.81042	0	
1239459	8360.50488	3304404641204	0.39449	0.63953	8360.37012	0.13477	10980	1	0.45260	0.66745	1	0.34441	0.62532	1	0.39850	0.64639	1	0.46299	0.54898	12.98156	1.02745	1	0.72578	0.57230	13.64748	1.03511	1	-0.00902	-0.01163	0.68330	0.00318	1	0.05992	-0.01658	0.68651	0.00309	1	1.45898	0.81042	0	
1239460	8360.51172	3304404708290	0.39438	0.63935	8360.37012	0.14160	10980	1	0.45029	0.66872	1	0.33412	0.60250	1	0.39220	0.63561	1	0.46298	0.54887	12.02207	1.04312	1	0.72583	0.57226	13.64514	1.05078	1	-0.00902	-0.01163	0.68330	0.00323	1	0.05992	-0.01658	0.68651	0.00309	1	1.45898	0.81042	0	
1239461	8360.51758	3304404775348	0.39421	0.63892	8360.37012	0.14746	10980	1	0.44756	0.66102	1	0.33337	0.59799	1	0.39047	0.62950	1	0.46310	0.54884	12.97275	1.05880	1	0.72594	0.57229	13.52738	1.05880	1	-0.00902	-0.01158	0.68330	0.00313	1	0.05760	-0.01593	0.65943	0.00313	1	1.45898	0.81042	0	
1239462	8360.52441	3304404842828	0.39439	0.63860	8360.37012	0.15430	10980	1	0.43364	0.64584	1	0.36329	0.61623	1	0.39847	0.63103	1	0.46303	0.54888	13.07765	1.05880	1	0.72590	0.57219	13.63156	1.05114	1	-0.00902	-0.01158	0.68330	0.00317	1	0.05760	-0.01593	0.65943	0.00311	1	1.45898	0.81042	0	
1239463	8360.53125	3304404908918	0.39385	0.63788	8360.37012	0.16113	10980	1	0.41198	0.64632	1	0.34978	0.59530	1	0.38088	0.62081	1	0.46294	0.54856	12.80944	1.05114	1	0.72585	0.57197	13.26589	1.04348	1	-0.00902	-0.01158	0.68330	0.00321	1	0.05760	-0.01593	0.65943	0.00327	1	1.45898	0.81042	0	
1239464	8360.53809	3304404975523	0.39339	0.63739	8360.37012	0.16797	10980	1	0.41355	0.65023	1	0.35039	0.59970	1	0.38197	0.62496	1	0.46285	0.54891	13.21771	1.04348	1	0.72587	0.57196	13.24789	1.03582	1	-0.00829	-0.01072	0.63520	0.00316	1	0.05760	-0.01593	0.65943	0.00329	1	1.45898	0.81042	0	
1239465	8360.54492	3304405040208	0.39340	0.63818	8360.37012	0.17480	10980	1	0.42088	0.72718	1	0.36656	0.59041	1	0.39372	0.65879	1	0.46285	0.54896	13.49441	1.03582	1	0.72632	0.57220	14.05220	1.03582	1	-0.00829	-0.01072	0.63520	0.00313	1	0.05760	-0.01593	0.65943	0.00305	1	1.45898	0.81042	0	
1239466	8360.55176	3304405108912	0.39287	0.63942	8360.37012	0.18164	10980	1	0.43407	0.71913	1	0.32260	0.62689	1	0.37833	0.67301	1	0.46303	0.54884	13.23908	1.03582	1	0.72636	0.57210	13.76846	1.03582	1	-0.00829	-0.01072	0.63520	0.00309	1	0.05760	-0.01593	0.65943	0.00311	1	1.45898	0.81042	0	
1239467	8360.55762	3304405176201	0.39235	0.64051	8360.37012	0.18750	10980	1	0.43407	0.71913	1	0.32179	0.62270	1	0.37793	0.67091	1	0.46326	0.54871	12.42226	1.03582	1	0.72655	0.57192	13.94428	1.04348	1	-0.00876	-0.01141	0.67901	0.00324	1	0.06011	-0.01652	0.68633	0.00304	1	1.45898	0.81042	0	
1239468	8360.56445	3304405242473	0.39217	0.64092	8360.37012	0.19434	10980	1	0.41736	0.72081	1	0.35641	0.58498	1	0.38689	0.65290	1	0.46328	0.54888	12.48960	1.04348	1	0.72686	0.57181	13.25567	1.05114	1	-0.00876	-0.01141	0.67901	0.00314	1	0.06011	-0.01652	0.68633	0.00311	1	1.45898	0.81042	0	
1239469	8360.57129	3304405310301	0.39174	0.64117	8360.37012	0.20117	10980	1	0.42500	0.70491	1	0.33274	0.59224	1	0.37887	0.64858	1	0.46326	0.54888	12.50144	1.05114	1	0.72648	0.57214	14.09233	1.05880	1	-0.00876	-0.01141	0.67901	0.00314	1	0.06011	-0.01652	0.68633	0.00313	1	1.45898	0.81042	0	
1239470	8360.57812	3304405377265	0.39130	0.64128	8360.37012	0.20801	10980	1	0.42350	0.70144	1	0.33202	0.58789	1	0.37776	0.64466	1	0.46334	0.54856	12.83110	1.05880	1	0.72662	0.57207	13.37979	1.06646	1	-0.00876	-0.01141	0.67901	0.00308	1	0.05938	-0.01638	0.67807	0.00321	1	1.45898	0.81042	0	
1239471	8360.58496	3304405443480	0.39167	0.64134	8360.37012	0.21484	10980	1	0.44899	0.68110	1	0.35773	0.60529	1	0.40336	0.64319	1	0.46383	0.54877	12.96481	1.06646	1	0.72664	0.57202	13.01997	1.06646	1	-0.00876	-0.01141	0.67901	0.00326	1	0.05938	-0.01638	0.67807	0.00325	1	1.45898	0.81042	0	
1239472	8360.59180	3304405511041	0.39147	0.64029	8360.37012	0.22168	10980	1	0.42107	0.65533	1	0.34876	0.55618	1	0.38492	0.60576	1	0.46333	0.54844	12.59475	1.06646	1	0.72668	0.57196	13.16819	1.06646	1	-0.00876	-0.01141	0.67901	0.00314	1	0.05938	-0.01638	0.67807	0.00329	1	1.45898	0.81042	0	
1239473	8360.59863	3304405577985	0.39129	0.63937	8360.37012	0.22852	10980	1	0.42107	0.65533	1	0.34936	0.56076	1	0.38522	0.60805	1	0.46344	0.54830	12.23347	1.06646	1	0.72668	0.57188	13.17119	1.05880	1	-0.00876	-0.01141	0.67901	0.00322	1	0.05828	-0.01601	0.66487	0.00338	1	1.45898	0.81042	0	
1239474	8360.60547	3304405645068	0.39157	0.63955	8360.37012	0.23535	10980	1	0.44960	0.69737	1	0.35330	0.59425	1	0.40145	0.64581	1	0.46416	0.54878	12.81066	1.05880	1	0.72662	0.57216	13.17165	1.05114	1	-0.00876	-0.01141	0.67901	0.00328	1	0.05828	-0.01601	0.66487	0.00325	1	1.45898	0.81042	0	
1239475	8360.61133	3304405712576	0.39178	0.63942	8360.37012	0.24121	10980	1	0.44667	0.67456	1	0.35192	0.59477	1	0.39930	0.63467	1	0.46411	0.54855	12.06775	1.05114	1	0.72669	0.57199	13.35507	1.04348	1	-0.00876	-0.01141	0.67901	0.00332	1	0.05828	-0.01601	0.66487	0.00328	1	1.45898	0.81042	0	
1239476	8360.61816	3304405779107	0.39203	0.63951	8360.37012	0.24805	10980	1	0.44943	0.68212	1	0.35314	0.60378	1	0.40129	0.64295	1	0.46401	0.54870	12.46006	1.03546	1	0.72669	0.57199	13.35507	1.02780	1	-0.00839	-0.01099	0.65409	0.00346	1	0.05828	-0.01601	0.66487	0.00328	1	1.45898	0.81042	0	
1239477	8360.62500	3304405845848	0.39228	0.63975	8360.37012	0.25488	10980	1	0.44725	0.70510	1	0.35625	0.59291	1	0.40175	0.64900	1	0.46394	0.54880	12.95599	1.01979	1	0.72665	0.57196	13.24789	1.01979	1	-0.00839	-0.01099	0.65409	0.00321	1	0.05828	-0.01601	0.66487	0.00329	1	1.45898	0.81042	0	
1239478	8360.63184	3304405913302	0.39221	0.64053	8360.37012	0.26172	10980	1	0.42542	0.70880	1	0.35348	0.63324	1	0.38945	0.67102	1	0.46381	0.54873	12.74919	1.01177	1	0.72666	0.57210	13.19166	1.01177	1	-0.00839	-0.01099	0.65409	0.00320	1	0.05828	-0.01601	0.66487	0.00319	1	1.45898	0.81042	0	
1239479	8360.63867	3304405979183	0.39217	0.64138	8360.37012	0.26855	10980	1	0.42705	0.71255	1	0.35411	0.63769	1	0.39058	0.67512	1	0.46399	0.54873	12.58615	1.00375	1	0.72668	0.57198	13.07463	1.00375	1	-0.00839	-0.01099	0.65409	0.00325	1	0.05739	-0.01581	0.65478	0.00326	1	1.45898	0.81042	0	
1239480	8360.64551	3304406047146	0.39261	0.64170	8360.37012	0.27539	10980	1	0.45840	0.71547	1	0.36268	0.59459	1	0.41054	0.65503	1	0.46417	0.54879	12.30297	1.00375	1	0.72672	0.57187	12.90281	1.00375	1	-0.00839	-0.01099	0.65409	0.00329	1	0.05739	-0.01581	0.65478	0.00333	1	1.45898	0.81042	0	
1239481	8360.65234	3304406114798	0.39269	0.64227	8360.37012	0.28223	10980	1	0.43147	0.70525	1	0.36055	0.62709	1	0.39601	0.66617	1	0.46370	0.54868	12.58523	1.00375	1	0.72676	0.57226	13.00568	1.00375	1	-0.00839	-0.01099	0.65409	0.00322	1	0.05739	-0.01581	0.65478	0.00316	1	1.45898	0.81042	0	
1239482	8360.65820	3304406181093	0.39276	0.64282	8360.37012	0.28809	10980	1	0.43147	0.70525	1	0.36055	0.62709	1	0.39601	0.66617	1	0.46406	0.54877	12.58678	1.00375	1	0.72679	0.57224	13.02813	1.00375	1	-0.00839	-0.01099	0.65409	0.00324	1	0.05828	-0.01601	0.66487	0.00313	1	1.45898	0.81042	0	
1239483	8360.66504	3304406247889	0.39289	0.64314	8360.37012	0.29492	10980	1	0.43488	0.68851	1	0.36229	0.62662	1	0.39859	0.65757	1	0.46385	0.54863	12.33477	1.00375	1	0.72680	0.57228	13.01229	1.00375	1	-0.00839	-0.01099	0.65409	0.00326	1	0.05828	-0.01601	0.66487	0.00312	1	1.45898	0.81042	0	
1239484	8360.67188	3304406315438	0.39363	0.64371	8360.37012	0.30176	10980	1	0.47565	0.70747	1	0.37836	0.63130	1	0.42701	0.66938	1	0.46439	0.54883	12.45599	1.00375	1	0.72685	0.57221	13.03473	1.00375	1	-0.00839	-0.01099	0.65409	0.00334	1	0.05828	-0.01601	0.66487	0.00313	1	1.45898	0.81042	0	
1239485	8360.67871	3304406382170	0.39433	0.64417	8360.37012	0.30859	10980	1	0.47438	0.70369	1	0.37792	0.62679	1	0.42615	0.66524	1	0.46405	0.54879	12.66502	1.01177	1	0.72686	0.57225	13.01266	1.01177	1	-0.00861	-0.01140	0.67565	0.00326	1	0.05739	-0.01581	0.65478	0.00312	1	1.45898	0.81042	0	
1239486	8360.68555	3304406448984	0.39424	0.64475	8360.37012	0.31543	10980	1	0.42698	0.71440	1	0.35314	0.62979	1	0.39006	0.67210	1	0.46384	0.54882	12.83701	1.01979	1	0.72692	0.57229	13.18607	1.01979	1	-0.00861	-0.01140	0.67565	0.00317	1	0.05739	-0.01581	0.65478	0.00310	1	1.45898	0.81042	0	
1239487	8360.69238	3304406516679	0.39437	0.64659	8360.37012	0.32227	10980	1	0.44553	0.69469	1	0.36718	0.59300	1	0.40636	0.64384	1	0.46402	0.54869	12.51936	1.02780	1	0.72715	0.57204	12.36121	1.02780	1	-0.00861	-0.01140	0.67565	0.00331	1	0.05739	-0.01581	0.65478	0.00314	1	1.45898	0.81042	0	
1239488	8360.69922	3304406582768	0.39475	0.64648	8360.37012	0.32910	10980	1	0.44408	0.69089	1	0.36666	0.58830	1	0.40537	0.63960	1	0.46463	0.54898	12.71960	1.03582	1	0.72706	0.57197	12.18756	1.03582	1	-0.00875	-0.01154	0.68671	0.00332	1	0.05828	-0.01611	0.66487	0.00318	1	1.45898	0.81042	0	
1239489	8360.70508	3304406649814	0.39539	0.64761	8360.37012	0.33496	10980	1	0.48642	0.71401	1	0.35775	0.59226	1	0.42209	0.65313	1	0.46463	0.54898	12.71960	1.03582	1	0.72703	0.57205	12.38976	1.03582	1	-0.00875	-0.01154	0.68671	0.00332	1	0.05828	-0.01611	0.66487	0.00313	1	1.45898	0.81042	0	
1239490	8360.71191	3304406717746	0.39601	0.64857	8360.37012	0.34180	10980	1	0.48642	0.71401	1	0.37054	0.59900	1	0.42848	0.65650	1	0.46463	0.54898	12.71960	1.03582	1	0.72724	0.57205	12.64414	1.03582	1	-0.00875	-0.01154	0.68671	0.00332	1	0.05828	-0.01611	0.66487	0.00314	1	1.45898	0.81042	0	
1239491	8360.71875	3304406784056	0.39661	0.64944	8360.37012	0.34863	10980	1	0.48511	0.70992	1	0.36999	0.59377	1	0.42755	0.65184	1	0.46435	0.54897	12.61167	1.04491	1	0.72711	0.57225	12.36655	1.04491	1	-0.00880	-0.01177	0.69448	0.00312	1	0.05828	-0.01611	0.66487	0.00304	1	1.45898	0.81042	0	
1239492	8360.72559	3304406851869	0.39706	0.64993	8360.37012	0.35547	10980	1	0.46003	0.70139	1	0.34350	0.61598	1	0.40176	0.65868	1	0.46444	0.54893	12.78691	1.05399	1	0.72682	0.57218	12.90332	1.05399	1	-0.00880	-0.01177	0.69448	0.00313	1	0.05828	-0.01611	0.66487	0.00308	1	1.45898	0.81042	0	
1239493	8360.73242	3304406918081	0.39736	0.65016	8360.37012	0.36230	10980	1	0.46985	0.70621	1	0.35683	0.59969	1	0.41334	0.65295	1	0.46456	0.54898	11.79332	1.06308	1	0.72706	0.57226	12.39872	1.06308	1	-0.00880	-0.01177	0.69448	0.00338	1	0.05828	-0.01611	0.66487	0.00305	1	1.45898	0.81042	0	
1239494	8360.73926	3304406985508	0.39768	0.65047	8360.37012	0.36914	10980	1	0.47109	0.70979	1	0.35740	0.60418	1	0.41425	0.65698	1	0.46393	0.54896	11.76200	1.05506	1	0.72724	0.57230	12.42369	1.05506	1	-0.00839	-0.01109	0.65409	0.00315	1	0.05739	-0.01591	0.65478	0.00303	1	1.45898	0.81042	0	
1239495	8360.74512	3304407049142	0.39767	0.65071	8360.37012	0.37500	10980	1	0.42626	0.68997	1	0.37672	0.63582	1	0.40149	0.66290	1	0.46382	0.54901	12.16956	1.03796	1	0.72724	0.57230	12.42369	1.03796	1	-0.00839	-0.01109	0.65409	0.00302	1	0.05739	-0.01591	0.65478	0.00302	1	1.45898	0.81042	0	
1239496	8360.75195	3304407114921	0.39780	0.65104	8360.37012	0.38184	10980	1	0.42646	0.72690	1	0.36557	0.61698	1	0.39602	0.67194	1	0.46377	0.54900	11.92594	1.02086	1	0.72718	0.57216	12.62602	1.02086	1	-0.00839	-0.01109	0.65409	0.00304	1	0.05739	-0.01591	0.65478	0.00302	1	1.45898	0.81042	0	
1239497	8360.75879	3304407183340	0.39797	0.65151	8360.37012	0.38867	10980	1	0.42990	0.73451	1	0.36670	0.62667	1	0.39830	0.68059	1	0.46377	0.54900	11.92594	1.00375	1	0.72716	0.57271	12.64162	1.00375	1	-0.00839	-0.01109	0.65409	0.00304	1	0.05828	-0.01621	0.66487	0.00297	1	1.45898	0.81042	0	AUDIO_FILE_OFFSET
1239498	8360.76562	3304407248258	0.39838	0.65290	8360.37012	0.39551	10980	1	0.46296	0.72676	1	0.37313	0.66648	1	0.41804	0.69662	1	0.46426	0.54940	12.37201	1.00375	1	0.72730	0.57280	12.98495	1.00375	1	-0.00839	-0.01109	0.65409	0.00324	1	0.05828	-0.01621	0.66487	0.00298	1	1.45898	0.81042	0	
1239499	8360.77246	3304407317607	0.39896	0.65391	8360.37012	0.40234	10980	1	0.45009	0.70911	1	0.39766	0.69771	1	0.42387	0.70341	1	0.46402	0.54923	12.31316	1.00375	1	0.72729	0.57295	12.91758	1.00375	1	-0.00839	-0.01109	0.65409	0.00313	1	0.05828	-0.01621	0.66487	0.00306	1	1.45898	0.81042	0	
1239500	8360.77832	3304407382413	0.39949	0.65475	8360.37012	0.40820	10980	1	0.44863	0.70534	1	0.39737	0.69372	1	0.42300	0.69953	1	0.46369	0.54898	11.74063	1.01177	1	0.72727	0.57282	12.89615	1.01177	1	-0.00876	-0.01151	0.67901	0.00302	1	0.05828	-0.01621	0.66487	0.00296	1	1.45898	0.81042	0	
1239501	8360.78613	3304407453604	0.39971	0.65535	8360.37012	0.41602	10980	1	0.42763	0.67932	1	0.38920	0.68640	1	0.40842	0.68286	1	0.46333	0.54894	11.99161	1.01979	1	0.72728	0.57310	12.86180	1.01979	1	-0.00876	-0.01151	0.67901	0.00302	1	0.05828	-0.01621	0.66487	0.00308	1	1.45898	0.81042	0	STOP_TRIAL
1239653	8361.80371	3304417635431	0.40711	0.53407	8361.37500	0.42871	10982	1	0.41069	0.51430	1	0.38565	0.54547	1	0.39817	0.52988	1	0.45971	0.54640	11.39581	1.06646	1	0.72358	0.56950	11.58950	1.06646	1	-0.00929	-0.01081	0.65206	0.00375	1	0.05804	-0.01595	0.67304	0.00338	1	1.45898	0.81042	0	START_TRIAL
1239654	8361.81055	3304417701587	0.40676	0.53442	8361.37500	0.43555	10982	1	0.40353	0.56575	1	0.37359	0.56098	1	0.38856	0.56336	1	0.45963	0.54687	11.33051	1.06646	1	0.72370	0.56955	11.68638	1.06646	1	-0.00929	-0.01081	0.65206	0.00374	1	0.05804	-0.01595	0.67304	0.00338	1	1.45898	0.81042	0	
1239655	8361.81738	3304417769239	0.40621	0.53477	8361.37500	0.44238	10982	1	0.40687	0.56482	1	0.37507	0.55296	1	0.39097	0.55889	1	0.45964	0.54674	11.31564	1.06646	1	0.72374	0.56969	11.85896	1.06646	1	-0.00929	-0.01081	0.65206	0.00374	1	0.05804	-0.01595	0.67304	0.00334	1	1.45898	0.81042	0	
1239656	8361.82422	3304417836690	0.40564	0.53508	8361.37500	0.44922	10982	1	0.40687	0.56482	1	0.37507	0.55296	1	0.39097	0.55889	1	0.45973	0.54660	11.52793	1.06646	1	0.72380	0.56968	12.10010	1.06646	1	-0.00957	-0.01119	0.67208	0.00357	1	0.05894	-0.01615	0.68358	0.00334	1	1.45898	0.81042	0	
1239657	8361.83105	3304417903185	0.40526	0.53538	8361.37500	0.45605	10982	1	0.42685	0.55049	1	0.38334	0.52704	1	0.40510	0.53876	1	0.46002	0.54663	11.65284	1.06646	1	0.72380	0.56958	12.01894	1.06646	1	-0.00957	-0.01119	0.67208	0.00346	1	0.05894	-0.01615	0.68358	0.00339	1	1.45898	0.81042	0	
1239658	8361.83789	3304417969877	0.40486	0.53605	8361.37500	0.46289	10982	1	0.40793	0.54779	1	0.36761	0.53707	1	0.38777	0.54243	1	0.45968	0.54663	11.28991	1.06646	1	0.72362	0.56946	11.47254	1.06646	1	-0.00957	-0.01119	0.67208	0.00372	1	0.05894	-0.01615	0.68358	0.00341	1	1.45898	0.81042	0	
1239659	8361.84375	3304418036925	0.40445	0.53667	8361.37500	0.46875	10982	1	0.40793	0.54779	1	0.36761	0.53707	1	0.38777	0.54243	1	0.45973	0.54623	11.17548	1.06646	1	0.72388	0.56961	12.06156	1.06646	1	-0.00957	-0.01119	0.67208	0.00373	1	0.05804	-0.01595	0.67304	0.00337	1	1.45898	0.81042	0	
1239660	8361.85059	3304418104378	0.40420	0.53582	8361.37500	0.47559	10982	1	0.41565	0.52368	1	0.38235	0.52776	1	0.39900	0.52572	1	0.45981	0.54648	11.42437	1.06646	1	0.72377	0.56960	12.05880	1.06646	1	-0.00957	-0.01119	0.67208	0.00367	1	0.05804	-0.01595	0.67304	0.00334	1	1.45898	0.81042	0	
1239661	8361.85742	3304418170109	0.40375	0.53626	8361.37500	0.48242	10982	1	0.41212	0.53695	1	0.38988	0.53994	1	0.40100	0.53844	1	0.45981	0.54651	11.64748	1.06646	1	0.72393	0.56964	11.99343	1.06646	1	-0.00957	-0.01119	0.67208	0.00361	1	0.05804	-0.01595	0.67304	0.00337	1	1.45898	0.81042	0	
1239662	8361.86426	3304418238191	0.40328	0.53665	8361.37500	0.48926	10982	1	0.41212	0.53695	1	0.38988	0.53994	1	0.40100	0.53844	1	0.45989	0.54684	12.00031	1.06646	1	0.72373	0.56867	11.42431	1.06646	1	-0.00957	-0.01119	0.67208	0.00344	1	0.05804	-0.01595	0.67304	0.00384	1	1.45898	0.81042	0	
1239663	8361.87109	3304418305429	0.40304	0.53700	8361.37500	0.49609	10982	1	0.41587	0.53849	1	0.38134	0.56591	1	0.39860	0.55220	1	0.45988	0.54661	11.74652	1.06646	1	0.72381	0.56982	11.73950	1.06646	1	-0.00957	-0.01119	0.67208	0.00353	1	0.05804	-0.01595	0.67304	0.00334	1	1.45898	0.81042	0	
1239664	8361.87793	3304418371819	0.40319	0.53597	8361.37500	0.50293	10982	1	0.43665	0.51609	1	0.38582	0.56819	1	0.41123	0.54214	1	0.46017	0.54646	11.01826	1.06646	1	0.72390	0.56969	12.15497	1.06646	1	-0.00957	-0.01119	0.67208	0.00352	1	0.05804	-0.01595	0.67304	0.00336	1	1.45898	0.81042	0	
1239665	8361.88477	3304418439080	0.40339	0.53513	8361.37500	0.50977	10982	1	0.43665	0.51609	1	0.38582	0.56819	1	0.41123	0.54214	1	0.46029	0.54616	11.25128	1.06646	1	0.72378	0.56972	12.10196	1.06646	1	-0.00957	-0.01119	0.67208	0.00356	1	0.05804	-0.01595	0.67304	0.00330	1	1.45898	0.81042	0	
1239666	8361.89062	3304418505770	0.40318	0.53599	8361.37500	0.51562	10982	1	0.42187	0.49209	1	0.37618	0.53998	1	0.39903	0.51603	1	0.45994	0.54594	11.40889	1.06646	1	0.72374	0.56973	11.88820	1.06646	1	-0.00957	-0.01119	0.67208	0.00367	1	0.05804	-0.01595	0.67304	0.00334	1	1.45898	0.81042	0	
1239667	8361.89746	3304418572751	0.40339	0.53512	8361.37500	0.52246	10982	1	0.43449	0.45499	1	0.38895	0.51535	1	0.41172	0.48517	1	0.46024	0.54567	11.32639	1.06646	1	0.72391	0.56973	12.14216	1.06646	1	-0.00957	-0.01119	0.67208	0.00343	1	0.05804	-0.01595	0.67304	0.00338	1	1.45898	0.81042	0	
1239668	8361.90430	3304418639787	0.40363	0.53445	8361.37500	0.52930	10982	1	0.43592	0.46047	1	0.38989	0.52970	1	0.41291	0.49508	1	0.46014	0.54573	11.14827	1.05844	1	0.72420	0.56959	11.99307	1.04397	1	-0.00934	-0.01093	0.65927	0.00351	1	0.05504	-0.01510	0.63726	0.00347	1	1.45898	0.81042	0	
1239669	8361.91113	3304418706823	0.40357	0.53364	8361.37500	0.53613	10982	1	0.40424	0.47408	1	0.40097	0.56743	1	0.40261	0.52076	1	0.46006	0.54554	10.95244	1.03596	1	0.72408	0.56957	11.95428	1.02149	1	-0.00934	-0.01093	0.65927	0.00366	1	0.05504	-0.01510	0.63726	0.00347	1	1.45898	0.81042	0	
1239670	8361.91797	3304418774207	0.40337	0.53368	8361.37500	0.54297	10982	1	0.42094	0.52790	1	0.38134	0.60641	1	0.40114	0.56716	1	0.46024	0.54609	11.31926	1.01347	1	0.72382	0.56979	12.02251	0.99900	1	-0.00934	-0.01093	0.65927	0.00325	1	0.05504	-0.01510	0.63726	0.00345	1	1.45898	0.81042	0	
1239671	8361.92480	3304418840995	0.40321	0.53382	8361.37500	0.54980	10982	1	0.42387	0.53727	1	0.38134	0.60641	1	0.40261	0.57184	1	0.46040	0.54608	11.19753	0.99900	1	0.72472	0.56985	11.44701	0.99900	1	-0.00950	-0.01117	0.67397	0.00343	1	0.05841	-0.01600	0.67505	0.00351	1	1.45898	0.81042	0	
1239672	8361.93164	3304418908043	0.40304	0.53535	8361.37500	0.55664	10982	1	0.44259	0.62646	1	0.40015	0.51339	1	0.42137	0.56993	1	0.46040	0.54672	11.29214	1.00702	1	0.72445	0.56878	10.94567	1.02149	1	-0.00950	-0.01117	0.67397	0.00372	1	0.05841	-0.01600	0.67505	0.00404	1	1.45898	0.81042	0	
1239673	8361.93750	3304418974835	0.40230	0.53486	8361.37500	0.56250	10982	1	0.40844	0.58754	1	0.38003	0.46327	1	0.39424	0.52541	1	0.46034	0.54633	11.06444	1.02951	1	0.72451	0.56916	11.09291	1.04397	1	-0.00950	-0.01117	0.67397	0.00396	1	0.05841	-0.01600	0.67505	0.00375	1	1.45898	0.81042	0	
1239674	8361.94434	3304419041845	0.40150	0.53401	8361.37500	0.56934	10982	1	0.40369	0.57451	1	0.37890	0.44752	1	0.39129	0.51102	1	0.46056	0.54640	11.26914	1.05199	1	0.72476	0.56934	11.58470	1.06646	1	-0.00942	-0.01114	0.67544	0.00358	1	0.05841	-0.01600	0.67505	0.00380	1	1.45898	0.81042	0	
1239675	8361.95117	3304419108462	0.40092	0.53391	8361.37500	0.57617	10982	1	0.40208	0.59925	1	0.38127	0.47280	1	0.39167	0.53602	1	0.46038	0.54687	11.21552	1.06646	1	0.72457	0.56983	11.57154	1.06646	1	-0.00942	-0.01114	0.67544	0.00373	1	0.05841	-0.01600	0.67505	0.00379	1	1.45898	0.81042	0	
1239676	8361.95801	3304419175234	0.40070	0.53253	8361.37500	0.58301	10982	1	0.44000	0.50574	1	0.37132	0.43460	1	0.40566	0.47017	1	0.46103	0.54625	10.13018	1.06646	1	0.72437	0.56947	10.92319	1.06646	1	-0.00942	-0.01114	0.67544	0.00361	1	0.05841	-0.01600	0.67505	0.00392	1	1.45898	0.81042	0	
1239677	8361.96484	3304419243169	0.40047	0.53111	8361.37500	0.58984	10982	1	0.44000	0.50574	1	0.37132	0.43460	1	0.40566	0.47017	1	0.46095	0.54739	10.62196	1.06646	1	0.72473	0.57069	11.12461	1.06646	1	-0.00945	-0.01133	0.67732	0.00310	1	0.05841	-0.01620	0.67505	0.00340	1	1.45898	0.81042	0	
1239678	8361.97168	3304419308683	0.40064	0.53198	8361.37500	0.59668	10982	1	0.43820	0.59857	1	0.38697	0.58537	1	0.41259	0.59197	1	0.46097	0.54773	10.51324	1.06646	1	0.72430	0.57140	11.26388	1.06646	1	-0.00945	-0.01133	0.67732	0.00329	1	0.05841	-0.01620	0.67505	0.00339	1	1.45898	0.81042	0	
1239679	8361.97852	3304419376256	0.40148	0.53145	8361.37500	0.60352	10982	1	0.43849	0.61178	1	0.39496	0.51206	1	0.41672	0.56192	1	0.46096	0.54787	10.61121	1.06646	1	0.72440	0.57132	11.06518	1.06646	1	-0.00945	-0.01133	0.67732	0.00325	1	0.05841	-0.01620	0.67505	0.00351	1	1.45898	0.81042	0	
1239680	8361.98438	3304419443705	0.40231	0.53090	8361.37500	0.60938	10982	1	0.43686	0.60692	1	0.39463	0.50623	1	0.41575	0.55657	1	0.46113	0.54837	10.62084	1.07554	1	0.72425	0.57183	11.51741	1.07554	1	-0.00972	-0.01188	0.70100	0.00308	1	0.05945	-0.01654	0.68700	0.00332	1	1.45898	0.81042	0	
1239681	8361.99121	3304419510415	0.40241	0.53155	8361.37500	0.61621	10982	1	0.43346	0.58352	1	0.38252	0.53036	1	0.40799	0.55694	1	0.46094	0.54828	10.20017	1.08463	1	0.72454	0.57173	11.12317	1.08463	1	-0.00972	-0.01188	0.70100	0.00311	1	0.05945	-0.01654	0.68700	0.00324	1	1.45898	0.81042	0	
1239682	8361.99805	3304419577371	0.40200	0.53321	8361.37500	0.62305	10982	1	0.43312	0.57628	1	0.36758	0.58870	1	0.40035	0.58249	1	0.46096	0.54814	10.25072	1.09371	1	0.72441	0.57217	11.96327	1.09371	1	-0.00972	-0.01188	0.70100	0.00327	1	0.05945	-0.01654	0.68700	0.00315	1	1.45898	0.81042	0	
1239683	8362.00488	3304419644721	0.40162	0.53499	8361.37500	0.62988	10982	1	0.43312	0.57628	1	0.36758	0.58870	1	0.40035	0.58249	1	0.46095	0.54805	10.34377	1.09371	1	0.72448	0.57207	11.54650	1.09371	1	-0.00943	-0.01158	0.68343	0.00329	1	0.05945	-0.01654	0.68700	0.00310	1	1.45898	0.81042	0	
1239684	8362.01172	3304419711495	0.40105	0.53681	8361.37500	0.63672	10982	1	0.41124	0.62135	1	0.35410	0.56784	1	0.38267	0.59460	1	0.46085	0.54812	10.11427	1.08463	1	0.72428	0.57216	11.41050	1.08463	1	-0.00943	-0.01158	0.68343	0.00337	1	0.05945	-0.01654	0.68700	0.00316	1	1.45898	0.81042	0	
1239685	8362.01855	3304419778596	0.40095	0.53832	8361.37500	0.64355	10982	1	0.43024	0.59410	1	0.36553	0.57997	1	0.39788	0.58704	1	0.46126	0.54836	10.68930	1.07554	1	0.72436	0.57206	11.03892	1.07554	1	-0.00943	-0.01158	0.68343	0.00314	1	0.05945	-0.01654	0.68700	0.00315	1	1.45898	0.81042	0	
1239686	8362.02539	3304419844588	0.40091	0.54014	8361.37500	0.65039	10982	1	0.43191	0.59907	1	0.36701	0.59344	1	0.39946	0.59626	1	0.46118	0.54851	10.46539	1.06646	1	0.72448	0.57206	11.37704	1.05199	1	-0.00954	-0.01166	0.69111	0.00314	1	0.05510	-0.01530	0.63571	0.00310	1	1.45898	0.81042	0	
1239687	8362.03125	3304419912400	0.40117	0.54160	8361.37500	0.65625	10982	1	0.45373	0.61354	1	0.37765	0.57447	1	0.41569	0.59400	1	0.46161	0.54850	11.22545	1.05199	1	0.72441	0.57167	11.34750	1.03752	1	-0.00954	-0.01166	0.69111	0.00308	1	0.05510	-0.01530	0.63571	0.00339	1	1.45898	0.81042	0	
1239688	8362.03809	3304419979515	0.40485	0.57444	8361.37500	0.65625	10982	0	0.43142	0.64494	1	0.37478	0.59282	1	0.40310	0.61888	1	0.46112	0.54865	10.28857	1.03752	1	0.72441	0.57170	11.44453	1.02305	1	-0.00954	-0.01166	0.69111	0.00322	1	0.05510	-0.01530	0.63571	0.00339	1	1.45898	0.81042	0	
1239689	8362.04492	3304420046385	0.40478	0.59966	8361.37500	0.65625	10982	0	0.43419	0.65243	1	0.37522	0.59733	1	0.40470	0.62488	1	0.46112	0.54886	10.42167	1.02305	1	0.72456	0.57147	11.22202	1.01540	1	-0.00954	-0.01166	0.69111	0.00321	1	0.05610	-0.01565	0.64784	0.00335	1	1.45898	0.81042	0	
1239690	8362.05176	3304420113565	0.40348	0.61005	8361.37500	0.65625	10982	0	0.42174	0.63155	1	0.38005	0.63009	1	0.40090	0.63082	1	0.46092	0.54839	10.16911	1.01540	1	0.72456	0.57216	11.40272	1.02220	1	-0.00954	-0.01166	0.69111	0.00326	1	0.05610	-0.01565	0.64784	0.00304	1	1.45898	0.81042	0	
1239691	8362.05859	3304420180251	0.40850	0.62343	8362.03809	0.02051	10983	1	0.44521	0.69922	1	0.40193	0.62792	1	0.42357	0.66357	1	0.46118	0.54863	10.33198	1.02220	1	0.72474	0.57218	11.17713	1.02901	1	-0.00954	-0.01166	0.69111	0.00321	1	0.05610	-0.01565	0.64784	0.00308	1	1.45898	0.81042	0	
1239692	8362.06543	3304420246831	0.41120	0.63020	8362.03809	0.02734	10983	1	0.44230	0.69172	1	0.40165	0.62289	1	0.42198	0.65730	1	0.46105	0.54848	10.33538	1.03810	1	0.72467	0.57226	11.00963	1.03810	1	-0.00972	-0.01188	0.70100	0.00305	1	0.05510	-0.01530	0.63571	0.00307	1	1.45898	0.81042	0	
1239693	8362.07227	3304420314110	0.40888	0.63186	8362.03809	0.03418	10983	1	0.43239	0.65485	1	0.36221	0.62545	1	0.39730	0.64015	1	0.46118	0.54876	10.41670	1.04718	1	0.72434	0.57208	11.40617	1.04037	1	-0.00972	-0.01188	0.70100	0.00329	1	0.05510	-0.01530	0.63571	0.00334	1	1.45898	0.81042	0	
1239694	8362.07910	3304420382231	0.40738	0.63316	8362.03809	0.04102	10983	1	0.42146	0.64575	1	0.37532	0.63608	1	0.39839	0.64091	1	0.46107	0.54871	10.20319	1.04946	1	0.72444	0.57239	11.40779	1.04265	1	-0.00972	-0.01188	0.70100	0.00345	1	0.05510	-0.01530	0.63571	0.00311	1	1.45898	0.81042	0	
1239695	8362.08496	3304420448382	0.40632	0.63409	8362.03809	0.04688	10983	1	0.42281	0.64923	1	0.37489	0.63197	1	0.39885	0.64060	1	0.46173	0.54901	10.77659	1.04265	1	0.72466	0.57255	10.91201	1.05031	1	-0.00943	-0.01158	0.68343	0.00328	1	0.05967	-0.01673	0.68841	0.00306	1	1.45898	0.81042	0	
1239696	8362.09180	3304420515456	0.40610	0.63184	8362.03809	0.05371	10983	1	0.40642	0.62109	1	0.40228	0.60658	1	0.40435	0.61383	1	0.46079	0.54895	10.84682	1.04123	1	0.72491	0.57280	10.48469	1.05569	1	-0.00943	-0.01158	0.68343	0.00308	1	0.05967	-0.01673	0.68841	0.00311	1	1.45898	0.81042	0	
1239697	8362.09863	3304420582350	0.40697	0.62969	8362.03809	0.06055	10983	1	0.44662	0.63182	1	0.38303	0.58900	1	0.41483	0.61041	1	0.46137	0.54910	10.73249	1.04661	1	0.72475	0.57281	10.39049	1.06108	1	-0.00943	-0.01158	0.68343	0.00311	1	0.05967	-0.01673	0.68841	0.00345	1	1.45898	0.81042	0	
1239698	8362.10547	3304420650197	0.40765	0.62787	8362.03809	0.06738	10983	1	0.44568	0.62899	1	0.38314	0.59030	1	0.41441	0.60965	1	0.46160	0.54990	11.39527	1.05199	1	0.72437	0.57343	11.31197	1.05880	1	-0.00954	-0.01187	0.69111	0.00295	1	0.05716	-0.01609	0.66008	0.00307	1	1.45898	0.81042	0	
1239699	8362.11230	3304420718046	0.40810	0.63097	8362.03809	0.07422	10983	1	0.45859	0.66585	1	0.36749	0.66426	1	0.41304	0.66506	1	0.46165	0.54997	11.44844	1.05880	1	0.72438	0.57368	11.82339	1.05114	1	-0.00954	-0.01187	0.69111	0.00295	1	0.05716	-0.01609	0.66008	0.00289	1	1.45898	0.81042	0	
1239700	8362.11914	3304420783442	0.40877	0.63344	8362.03809	0.08105	10983	1	0.45941	0.67438	1	0.37439	0.65170	1	0.41690	0.66304	1	0.46167	0.54990	11.13505	1.05114	1	0.72450	0.57370	11.72941	1.04348	1	-0.00954	-0.01187	0.69111	0.00302	1	0.05716	-0.01609	0.66008	0.00293	1	1.45898	0.81042	0	
1239701	8362.12500	3304420849128	0.40940	0.63568	8362.03809	0.08691	10983	1	0.46068	0.67807	1	0.37439	0.65170	1	0.41753	0.66489	1	0.46165	0.55001	10.96120	1.04348	1	0.72438	0.57353	11.82296	1.04348	1	-0.00954	-0.01187	0.69111	0.00307	1	0.05967	-0.01678	0.68841	0.00303	1	1.45898	0.81042	0	
1239702	8362.13184	3304420917206	0.41025	0.63847	8362.03809	0.09375	10983	1	0.47814	0.71405	1	0.36613	0.64098	1	0.42214	0.67751	1	0.46186	0.55003	10.75032	1.04348	1	0.72439	0.57359	11.41734	1.05114	1	-0.00954	-0.01187	0.69111	0.00321	1	0.05967	-0.01678	0.68841	0.00298	1	1.45898	0.81042	0	
1239703	8362.13867	3304420984301	0.41092	0.64025	8362.03809	0.10059	10983	1	0.46811	0.67286	1	0.37382	0.66093	1	0.42097	0.66690	1	0.46165	0.55006	10.66056	1.05114	1	0.72446	0.57367	11.34249	1.05880	1	-0.00954	-0.01187	0.69111	0.00315	1	0.05967	-0.01678	0.68841	0.00297	1	1.45898	0.81042	0	
1239704	8362.14551	3304421047855	0.41146	0.64159	8362.03809	0.10742	10983	1	0.46691	0.66916	1	0.37339	0.65705	1	0.42015	0.66311	1	0.46122	0.55015	10.54768	1.05880	1	0.72443	0.57336	11.39316	1.06646	1	-0.00954	-0.01187	0.69111	0.00306	1	0.05967	-0.01678	0.68841	0.00300	1	1.45898	0.81042	0	
1239705	8362.15137	3304421113544	0.41134	0.64148	8362.03809	0.11328	10983	1	0.44848	0.66369	1	0.37012	0.61546	1	0.40930	0.63958	1	0.46164	0.55005	11.35943	1.06646	1	0.72436	0.57337	11.39142	1.06646	1	-0.00954	-0.01187	0.69111	0.00302	1	0.05967	-0.01678	0.68841	0.00302	1	1.45898	0.81042	0	
1239706	8362.15918	3304421183962	0.41086	0.64140	8362.03809	0.12109	10983	1	0.43850	0.65729	1	0.36594	0.62257	1	0.40222	0.63993	1	0.46099	0.55000	10.30036	1.06646	1	0.72436	0.57345	11.44201	1.06646	1	-0.00954	-0.01187	0.69111	0.00292	1	0.05967	-0.01678	0.68841	0.00301	1	1.45898	0.81042	0	
1239707	8362.16602	3304421253195	0.41043	0.64133	8362.03809	0.12793	10983	1	0.43850	0.65729	1	0.36594	0.62257	1	0.40222	0.63993	1	0.46175	0.55017	11.14148	1.06646	1	0.72448	0.57351	11.40071	1.06646	1	-0.00954	-0.01187	0.69111	0.00306	1	0.05967	-0.01683	0.68841	0.00302	1	1.45898	0.81042	0	
1239708	8362.17188	3304421315792	0.41066	0.64158	8362.03809	0.13379	10983	1	0.45205	0.64499	1	0.37849	0.64819	1	0.41527	0.64659	1	0.46154	0.54989	11.01463	1.06646	1	0.72452	0.57356	11.44622	1.06646	1	-0.00954	-0.01187	0.69111	0.00313	1	0.05967	-0.01683	0.68841	0.00296	1	1.45898	0.81042	0	
1239709	8362.17871	3304421382168	0.41170	0.64188	8362.03809	0.14062	10983	1	0.49277	0.65946	1	0.37450	0.63703	1	0.43364	0.64824	1	0.46180	0.55020	11.05413	1.06646	1	0.72453	0.57351	11.56940	1.06646	1	-0.00954	-0.01187	0.69111	0.00307	1	0.05967	-0.01683	0.68841	0.00298	1	1.45898	0.81042	0	
1239710	8362.18555	3304421448447	0.41267	0.64224	8362.03809	0.14746	10983	1	0.49277	0.65946	1	0.37492	0.64104	1	0.43385	0.65025	1	0.46131	0.55003	10.83252	1.06646	1	0.72448	0.57354	11.31103	1.05880	1	-0.00954	-0.01187	0.69111	0.00298	1	0.05610	-0.01584	0.64784	0.00298	1	1.45898	0.81042	0	
1239711	8362.19238	3304421518016	0.41284	0.64376	8362.03809	0.15430	10983	1	0.46418	0.70845	1	0.36930	0.64902	1	0.41674	0.67874	1	0.46134	0.55035	10.81978	1.05880	1	0.72445	0.57370	11.18219	1.05114	1	-0.00954	-0.01187	0.69111	0.00307	1	0.05610	-0.01584	0.64784	0.00295	1	1.45898	0.81042	0	
1239712	8362.19922	3304421583711	0.41324	0.64542	8362.03809	0.16113	10983	1	0.47338	0.71279	1	0.37249	0.65752	1	0.42293	0.68516	1	0.46135	0.55042	10.71120	1.05114	1	0.72442	0.57372	11.32600	1.04348	1	-0.00954	-0.01187	0.69111	0.00306	1	0.05610	-0.01584	0.64784	0.00295	1	1.45898	0.81042	0	
1239713	8362.20508	3304421650722	0.41364	0.64701	8362.03809	0.16699	10983	1	0.47455	0.71620	1	0.37249	0.65752	1	0.42352	0.68686	1	0.46139	0.55023	11.01837	1.04348	1	0.72437	0.57378	11.54800	1.04348	1	-0.00946	-0.01183	0.68563	0.00297	1	0.05896	-0.01668	0.68024	0.00294	1	1.45898	0.81042	0	
1239714	8362.21191	3304421716643	0.41455	0.64896	8362.03809	0.17383	10983	1	0.50992	0.73458	1	0.36650	0.66448	1	0.43821	0.69953	1	0.46187	0.55065	11.43526	1.04348	1	0.72446	0.57369	11.48461	1.05114	1	-0.00946	-0.01183	0.68563	0.00323	1	0.05896	-0.01668	0.68024	0.00297	1	1.45898	0.81042	0	
1239715	8362.21875	3304421784781	0.41516	0.65081	8362.03809	0.18066	10983	1	0.49880	0.73886	1	0.36459	0.66298	1	0.43169	0.70092	1	0.46167	0.55082	11.44139	1.05114	1	0.72436	0.57379	11.48840	1.05880	1	-0.00946	-0.01183	0.68563	0.00316	1	0.05896	-0.01668	0.68024	0.00296	1	1.45898	0.81042	0	
1239716	8362.22559	3304421853411	0.41572	0.65255	8362.03809	0.18750	10983	1	0.49780	0.73565	1	0.36503	0.66641	1	0.43141	0.70103	1	0.46167	0.55082	11.44139	1.05880	1	0.72435	0.57303	10.96181	1.05199	1	-0.00946	-0.01183	0.68563	0.00316	1	0.05543	-0.01568	0.63954	0.00329	1	1.45898	0.81042	0	
1239717	8362.23242	3304421918939	0.41469	0.65183	8362.03809	0.19434	10983	1	0.42048	0.71565	1	0.34927	0.54677	1	0.38488	0.63121	1	0.46138	0.55103	11.20086	1.05199	1	0.72443	0.57254	10.38758	1.03752	1	-0.00946	-0.01183	0.68563	0.00304	1	0.05543	-0.01568	0.63954	0.00342	1	1.45898	0.81042	0	
1239718	8362.23926	3304421986040	0.41270	0.65129	8362.03809	0.20117	10983	1	0.37646	0.69153	1	0.32967	0.57812	1	0.35306	0.63482	1	0.46143	0.55058	10.33393	1.03752	1	0.72491	0.57311	11.55601	1.02305	1	-0.00946	-0.01183	0.68563	0.00309	1	0.05543	-0.01568	0.63954	0.00336	1	1.45898	0.81042	0	
1239719	8362.24609	3304422053370	0.41094	0.65101	8362.03809	0.20801	10983	1	0.38189	0.70219	1	0.33047	0.58294	1	0.35618	0.64256	1	0.46444	0.54978	10.20088	1.01504	1	0.72840	0.57380	11.68642	1.01504	1	-0.00864	-0.01153	0.66573	0.00312	1	0.05951	-0.01674	0.68064	0.00290	1	1.45898	0.81042	0	
1239720	8362.25293	3304422123066	0.41287	0.65235	8362.03809	0.21484	10983	1	0.50948	0.71723	1	0.43991	0.67324	1	0.47470	0.69524	1	0.46545	0.55039	10.50784	1.00702	1	0.72870	0.57385	11.17230	1.02149	1	-0.00864	-0.01153	0.66573	0.00295	1	0.05951	-0.01674	0.68064	0.00293	1	1.45898	0.81042	0	
1239721	8362.25977	3304422189940	0.41359	0.65177	8362.03809	0.22168	10983	1	0.47421	0.63803	1	0.40055	0.62682	1	0.43738	0.63243	1	0.46565	0.54944	10.31716	1.01347	1	0.72884	0.57364	11.09089	1.02794	1	-0.00864	-0.01153	0.66573	0.00277	1	0.05951	-0.01674	0.68064	0.00297	1	1.45898	0.81042	0	
1239722	8362.26660	3304422256928	0.41423	0.65099	8362.03809	0.22852	10983	1	0.47194	0.63028	1	0.40008	0.61879	1	0.43601	0.62454	1	0.46891	0.55009	10.46886	1.02794	1	0.73233	0.57495	11.72224	1.04241	1	-0.00810	-0.01170	0.67548	0.00298	1	0.05978	-0.01665	0.67679	0.00313	1	1.45898	0.81042	0	
1239723	8362.27246	3304422323753	0.41932	0.65164	8362.03809	0.23438	10983	1	0.64293	0.64269	1	0.55169	0.70636	1	0.59731	0.67453	1	0.46911	0.54995	11.53238	1.05042	1	0.73209	0.57500	11.42042	1.05042	1	-0.00810	-0.01170	0.67548	0.00299	1	0.05978	-0.01665	0.67679	0.00321	1	1.45898	0.81042	0	
1239724	8362.27930	3304422391091	0.44614	0.66677	8362.03809	0.23438	10983	0	0.61558	0.61999	1	0.56304	0.73518	1	0.58931	0.67759	1	0.46921	0.55010	11.44422	1.05844	1	0.73225	0.57534	11.77393	1.05844	1	-0.00810	-0.01170	0.67548	0.00292	1	0.05978	-0.01665	0.67679	0.00318	1	1.45898	0.81042	0	
1239725	8362.28613	3304422458210	0.51768	0.67109	8362.03809	0.23438	10983	0	0.61536	0.61578	1	0.56308	0.73502	1	0.58922	0.67540	1	0.46932	0.55019	11.52086	1.06646	1	0.73275	0.57511	11.00863	1.05880	1	-0.00809	-0.01164	0.67474	0.00292	1	0.05765	-0.01609	0.65211	0.00308	1	1.45898	0.81042	0	
1239726	8362.29297	3304422525430	0.55597	0.67804	8362.03809	0.23438	10983	0	0.65712	0.65866	1	0.60797	0.72520	1	0.63254	0.69193	1	0.46929	0.55005	11.49269	1.05880	1	0.73269	0.57515	11.84653	1.05114	1	-0.00809	-0.01164	0.67474	0.00301	1	0.05765	-0.01609	0.65211	0.00318	1	1.45898	0.81042	0	
1239727	8362.29980	3304422591706	0.61721	0.68616	8362.03809	0.23438	10983	0	0.65290	0.65642	1	0.60685	0.72585	1	0.62987	0.69113	1	0.46927	0.55005	11.44498	1.05114	1	0.73272	0.57522	11.92366	1.04348	1	-0.00809	-0.01164	0.67474	0.00302	1	0.05765	-0.01609	0.65211	0.00316	1	1.45898	0.81042	0	
1239728	8362.30664	3304422659171	0.62353	0.68959	8362.03809	0.23438	10983	0	0.65286	0.66019	1	0.60685	0.72585	1	0.62986	0.69302	1	0.46931	0.55019	11.83316	1.04348	1	0.73272	0.57530	11.31993	1.04348	1	-0.00810	-0.01170	0.67548	0.00292	1	0.06074	-0.01697	0.68764	0.00314	1	1.45898	0.81042	0	
1239729	8362.31348	3304422726057	0.62685	0.68581	8362.03809	0.23438	10983	0	0.66786	0.63565	1	0.59912	0.72086	1	0.63349	0.67826	1	0.46914	0.54997	11.77599	1.04348	1	0.73257	0.57521	11.22579	1.05114	1	-0.00810	-0.01170	0.67548	0.00300	1	0.06074	-0.01697	0.68764	0.00315	1	1.45898	0.81042	0	
1239730	8362.31934	3304422793067	0.62518	0.69333	8362.29980	0.01953	10984	1	0.64960	0.67155	1	0.59073	0.76026	1	0.62017	0.71591	1	0.46917	0.55032	11.81022	1.05114	1	0.73287	0.57557	11.85217	1.05880	1	-0.00810	-0.01170	0.67548	0.00294	1	0.06074	-0.01697	0.68764	0.00314	1	1.45898	0.81042	0	
1239731	8362.32617	3304422859498	0.62417	0.69788	8362.29980	0.02637	10984	1	0.64960	0.67172	1	0.59068	0.76041	1	0.62014	0.71607	1	0.46885	0.55023	10.98698	1.05078	1	0.73267	0.57543	11.36194	1.05844	1	-0.00807	-0.01158	0.66856	0.00315	1	0.05978	-0.01665	0.67679	0.00316	1	1.45898	0.81042	0	
1239732	8362.33301	3304422926790	0.62674	0.69697	8362.29980	0.03320	10984	1	0.66163	0.62354	1	0.61752	0.76131	1	0.63958	0.69242	1	0.46904	0.55025	11.30001	1.05042	1	0.73280	0.57564	11.81103	1.05042	1	-0.00807	-0.01158	0.66856	0.00302	1	0.05978	-0.01665	0.67679	0.00311	1	1.45898	0.81042	0	
1239733	8362.33984	3304422993599	0.62799	0.69532	8362.29980	0.04004	10984	1	0.66059	0.64382	1	0.61039	0.72694	1	0.63549	0.68538	1	0.46895	0.55010	10.99092	1.04241	1	0.73272	0.57520	11.73883	1.04241	1	-0.00807	-0.01158	0.66856	0.00306	1	0.05978	-0.01665	0.67679	0.00319	1	1.45898	0.81042	0	
1239734	8362.34668	3304423060646	0.62876	0.69499	8362.29980	0.04688	10984	1	0.66042	0.65153	1	0.60789	0.73393	1	0.63416	0.69273	1	0.46889	0.54997	11.45021	1.02726	1	0.73240	0.57518	11.66550	1.02726	1	-0.00778	-0.01110	0.64063	0.00305	1	0.06074	-0.01697	0.68764	0.00319	1	1.45898	0.81042	0	
1239735	8362.35352	3304423127664	0.62756	0.69590	8362.29980	0.05371	10984	1	0.65453	0.65738	1	0.58139	0.74887	1	0.61796	0.70313	1	0.46898	0.55024	11.58597	1.02014	1	0.73232	0.57525	11.66384	1.02014	1	-0.00778	-0.01110	0.64063	0.00297	1	0.06074	-0.01697	0.68764	0.00320	1	1.45898	0.81042	0	
1239736	8362.36035	3304423194501	0.62791	0.69830	8362.29980	0.06055	10984	1	0.66896	0.67207	1	0.59319	0.76784	1	0.63107	0.71995	1	0.46904	0.55028	12.07406	1.01301	1	0.73236	0.57538	11.57670	1.01301	1	-0.00778	-0.01110	0.64063	0.00295	1	0.06074	-0.01697	0.68764	0.00318	1	1.45898	0.81042	0	
1239737	8362.36621	3304423261381	0.62820	0.70027	8362.29980	0.06641	10984	1	0.66896	0.67207	1	0.59319	0.76784	1	0.63107	0.71995	1	0.46886	0.55020	11.97956	1.01301	1	0.73238	0.57559	11.40951	1.01301	1	-0.00804	-0.01135	0.65784	0.00298	1	0.05978	-0.01665	0.67679	0.00314	1	1.45898	0.81042	0	
1239738	8362.37305	3304423328970	0.62766	0.70003	8362.29980	0.07324	10984	1	0.65000	0.64259	1	0.59336	0.75212	1	0.62168	0.69735	1	0.46888	0.55002	10.97525	1.02014	1	0.73217	0.57535	12.00732	1.02014	1	-0.00804	-0.01135	0.65784	0.00302	1	0.05978	-0.01665	0.67679	0.00310	1	1.45898	0.81042	0	
1239739	8362.37988	3304423395358	0.62817	0.69968	8362.29980	0.08008	10984	1	0.67920	0.63951	1	0.58951	0.75147	1	0.63435	0.69549	1	0.46896	0.55021	11.95985	1.02726	1	0.73198	0.57532	12.20601	1.02726	1	-0.00804	-0.01135	0.65784	0.00296	1	0.05978	-0.01665	0.67679	0.00318	1	1.45898	0.81042	0	
1239740	8362.38672	3304423461125	0.62871	0.69886	8362.29980	0.08691	10984	1	0.67962	0.63164	1	0.59174	0.74476	1	0.63568	0.68820	1	0.46871	0.55002	11.44465	1.04241	1	0.73217	0.57524	11.96655	1.04241	1	-0.00829	-0.01163	0.67428	0.00292	1	0.05968	-0.01665	0.67686	0.00313	1	1.45898	0.81042	0	
1239741	8362.39355	3304423527952	0.62868	0.69621	8362.29980	0.09375	10984	1	0.65241	0.60486	1	0.60409	0.71347	1	0.62825	0.65916	1	0.46849	0.55018	11.70107	1.05042	1	0.73224	0.57501	11.80533	1.05042	1	-0.00829	-0.01163	0.67428	0.00292	1	0.05968	-0.01665	0.67686	0.00307	1	1.45898	0.81042	0	
1239742	8362.39941	3304423592280	0.62877	0.69608	8362.29980	0.09961	10984	1	0.64913	0.62644	1	0.61133	0.76188	1	0.63023	0.69416	1	0.46847	0.55004	11.35230	1.05844	1	0.73235	0.57501	11.58657	1.05844	1	-0.00829	-0.01163	0.67428	0.00302	1	0.05968	-0.01665	0.67686	0.00315	1	1.45898	0.81042	0	
1239743	8362.40625	3304423660956	0.62886	0.69584	8362.29980	0.10645	10984	1	0.64914	0.62229	1	0.61139	0.76173	1	0.63027	0.69201	1	0.46838	0.55023	11.49426	1.06646	1	0.73226	0.57501	11.94178	1.05880	1	-0.00829	-0.01163	0.67428	0.00294	1	0.05878	-0.01641	0.66717	0.00310	1	1.45898	0.81042	0	
1239744	8362.41309	3304423730139	0.62882	0.69533	8362.29980	0.11328	10984	1	0.66002	0.63342	1	0.59621	0.73967	1	0.62811	0.68654	1	0.46819	0.55048	11.64201	1.05880	1	0.73218	0.57466	11.98287	1.05114	1	-0.00829	-0.01163	0.67428	0.00301	1	0.05878	-0.01641	0.66717	0.00306	1	1.45898	0.81042	0	
1239745	8362.41992	3304423796943	0.62959	0.69645	8362.29980	0.12012	10984	1	0.66840	0.66849	1	0.61840	0.76492	1	0.64340	0.71671	1	0.46832	0.55033	11.51691	1.05114	1	0.73237	0.57491	11.65238	1.04348	1	-0.00829	-0.01163	0.67428	0.00292	1	0.05878	-0.01641	0.66717	0.00313	1	1.45898	0.81042	0	
1239746	8362.42676	3304423864276	0.63024	0.69764	8362.29980	0.12695	10984	1	0.66826	0.67217	1	0.61708	0.76817	1	0.64267	0.72017	1	0.46814	0.54949	11.12914	1.04348	1	0.73222	0.57447	11.69429	1.03582	1	-0.00829	-0.01163	0.67428	0.00340	1	0.05831	-0.01623	0.66188	0.00317	1	1.45898	0.81042	0	
1239747	8362.43359	3304423932022	0.63024	0.69587	8362.29980	0.13379	10984	1	0.65557	0.63267	1	0.60492	0.68837	1	0.63024	0.66052	1	0.46870	0.54923	11.16432	1.03582	1	0.73221	0.57372	11.66144	1.03582	1	-0.00829	-0.01163	0.67428	0.00292	1	0.05831	-0.01623	0.66188	0.00306	1	1.45898	0.81042	0	
1239748	8362.44043	3304423996805	0.63011	0.69570	8362.29980	0.14062	10984	1	0.65007	0.60503	1	0.60460	0.77930	1	0.62733	0.69216	1	0.46893	0.54865	10.79690	1.03582	1	0.73223	0.57371	11.97017	1.03582	1	-0.00829	-0.01163	0.67428	0.00279	1	0.05831	-0.01623	0.66188	0.00298	1	1.45898	0.81042	0	
1239749	8362.44727	3304424065402	0.63002	0.69548	8362.29980	0.14746	10984	1	0.65007	0.60503	1	0.60583	0.77614	1	0.62795	0.69058	1	0.46947	0.54748	11.14235	1.03582	1	0.73262	0.57177	12.28018	1.04348	1	-0.00822	-0.01137	0.67676	0.00352	1	0.05956	-0.01624	0.67659	0.00349	1	1.45898	0.81042	0	
1239750	8362.45410	3304424132229	0.63155	0.69157	8362.29980	0.15430	10984	1	0.69179	0.50782	1	0.64196	0.69568	1	0.66687	0.60175	1	0.46967	0.54687	11.40362	1.04348	1	0.73278	0.57183	11.70126	1.05114	1	-0.00822	-0.01137	0.67676	0.00351	1	0.05956	-0.01624	0.67659	0.00348	1	1.45898	0.81042	0	
1239751	8362.45996	3304424199251	0.63319	0.68801	8362.29980	0.16016	10984	1	0.70322	0.54457	1	0.64162	0.66053	1	0.67242	0.60255	1	0.46989	0.54731	11.55894	1.05114	1	0.73283	0.57155	11.59965	1.05880	1	-0.00822	-0.01137	0.67676	0.00337	1	0.05956	-0.01624	0.67659	0.00346	1	1.45898	0.81042	0	
1239752	8362.46680	3304424266762	0.63470	0.68464	8362.29980	0.16699	10984	1	0.70358	0.54000	1	0.64162	0.66053	1	0.67260	0.60026	1	0.46998	0.54661	11.27018	1.05880	1	0.73260	0.57109	11.76968	1.05880	1	-0.00822	-0.01127	0.67677	0.00347	1	0.05831	-0.01584	0.66188	0.00353	1	1.45898	0.81042	0	
1239753	8362.47363	3304424333206	0.63574	0.67870	8362.29980	0.17383	10984	1	0.68632	0.44191	1	0.63897	0.60650	1	0.66264	0.52421	1	0.46962	0.54625	10.20331	1.05880	1	0.73271	0.57104	11.42655	1.05114	1	-0.00822	-0.01127	0.67677	0.00366	1	0.05831	-0.01584	0.66188	0.00364	1	1.45898	0.81042	0	
1239754	8362.48047	3304424399529	0.64762	0.64446	8362.29980	0.17383	10984	0	0.69701	0.46739	1	0.63675	0.62468	1	0.66688	0.54604	1	0.46991	0.54639	10.86189	1.05114	1	0.73282	0.57114	11.33136	1.04348	1	-0.00822	-0.01127	0.67677	0.00369	1	0.05831	-0.01584	0.66188	0.00375	1	1.45898	0.81042	0	
1239755	8362.48730	3304424467294	0.65681	0.59761	8362.29980	0.17383	10984	0	0.69671	0.47252	1	0.63531	0.62899	1	0.66601	0.55076	1	0.46953	0.54691	10.87281	1.04348	1	0.73269	0.57063	11.23722	1.03582	1	-0.00822	-0.01127	0.67677	0.00352	1	0.05831	-0.01584	0.66188	0.00380	1	1.45898	0.81042	0	
1239756	8362.49414	3304424534172	0.65617	0.58614	8362.29980	0.17383	10984	0	0.68050	0.51055	1	0.62925	0.61588	1	0.65488	0.56321	1	0.46923	0.54687	10.77738	1.03582	1	0.73259	0.57096	11.48670	1.03582	1	-0.00822	-0.01127	0.67677	0.00351	1	0.05831	-0.01584	0.66188	0.00366	1	1.45898	0.81042	0	
1239757	8362.50000	3304424599796	0.65286	0.58897	8362.48047	0.01953	10985	1	0.65889	0.57330	1	0.62696	0.62157	1	0.64292	0.59743	1	0.46873	0.54699	11.17501	1.03582	1	0.73254	0.57099	11.49878	1.03582	1	-0.00822	-0.01127	0.67677	0.00360	1	0.05831	-0.01584	0.66188	0.00352	1	1.45898	0.81042	0	
1239758	8362.50781	3304424668410	0.65087	0.59066	8362.48047	0.02734	10985	1	0.65889	0.57330	1	0.62696	0.62157	1	0.64292	0.59743	1	0.46904	0.54671	10.87547	1.03582	1	0.73253	0.57078	11.46727	1.03582	1	-0.00822	-0.01127	0.67677	0.00352	1	0.06238	-0.01691	0.70676	0.00346	1	1.45898	0.81042	0	
1239759	8362.51367	3304424734866	0.65296	0.58719	8362.48047	0.03320	10985	1	0.68839	0.54786	1	0.63848	0.59185	1	0.66343	0.56985	1	0.46924	0.54681	11.25883	1.03582	1	0.73273	0.57072	11.26914	1.03582	1	-0.00822	-0.01127	0.67677	0.00353	1	0.06238	-0.01691	0.70676	0.00359	1	1.45898	0.81042	0	
1239760	8362.52051	3304424802211	0.65391	0.58221	8362.48047	0.04004	10985	1	0.67507	0.51829	1	0.64412	0.58633	1	0.65960	0.55231	1	0.46914	0.54648	11.07681	1.03582	1	0.73290	0.57065	11.07973	1.03582	1	-0.00822	-0.01127	0.67677	0.00345	1	0.06238	-0.01691	0.70676	0.00367	1	1.45898	0.81042	0	
1239761	8362.52734	3304424869389	0.65462	0.57847	8362.48047	0.04688	10985	1	0.67507	0.51829	1	0.64412	0.58633	1	0.65960	0.55231	1	0.46926	0.54644	11.03662	1.03582	1	0.73277	0.57079	10.89190	1.03582	1	-0.00836	-0.01132	0.67984	0.00347	1	0.05861	-0.01587	0.66527	0.00366	1	1.45898	0.81042	0	
1239762	8362.53418	3304424935899	0.65600	0.57948	8362.48047	0.05371	10985	1	0.69289	0.54250	1	0.64107	0.63265	1	0.66698	0.58757	1	0.46929	0.54667	11.03061	1.03582	1	0.73276	0.57102	11.53751	1.03582	1	-0.00836	-0.01132	0.67984	0.00338	1	0.05861	-0.01587	0.66527	0.00348	1	1.45898	0.81042	0	
1239763	8362.54102	3304425002908	0.65688	0.58013	8362.48047	0.06055	10985	1	0.68864	0.55113	1	0.64105	0.62075	1	0.66484	0.58594	1	0.46928	0.54677	11.15718	1.03582	1	0.73280	0.57093	11.10180	1.03582	1	-0.00836	-0.01132	0.67984	0.00325	1	0.05861	-0.01587	0.66527	0.00354	1	1.45898	0.81042	0	
1239764	8362.54785	3304425070173	0.65767	0.58046	8362.48047	0.06738	10985	1	0.68864	0.55113	1	0.64253	0.61638	1	0.66559	0.58376	1	0.46932	0.54689	11.46264	1.03582	1	0.73242	0.57092	11.19773	1.04348	1	-0.00858	-0.01148	0.68925	0.00350	1	0.05939	-0.01609	0.67461	0.00345	1	1.45898	0.81042	0	
1239765	8362.55371	3304425134596	0.65798	0.58066	8362.48047	0.07324	10985	1	0.68723	0.52912	1	0.63551	0.63658	1	0.66137	0.58285	1	0.46924	0.54662	11.12420	1.04348	1	0.73267	0.57112	11.48894	1.05114	1	-0.00858	-0.01148	0.68925	0.00349	1	0.05939	-0.01609	0.67461	0.00347	1	1.45898	0.81042	0	
1239766	8362.56055	3304425201894	0.65826	0.57878	8362.48047	0.08008	10985	1	0.68774	0.50870	1	0.63552	0.60371	1	0.66163	0.55621	1	0.46930	0.54648	11.22880	1.05114	1	0.73261	0.57096	11.44706	1.05880	1	-0.00858	-0.01148	0.68925	0.00363	1	0.05939	-0.01609	0.67461	0.00349	1	1.45898	0.81042	0	
1239767	8362.56738	3304425268071	0.65856	0.57683	8362.48047	0.08691	10985	1	0.68798	0.50387	1	0.63693	0.59932	1	0.66246	0.55159	1	0.46929	0.54700	11.44660	1.05880	1	0.73189	0.57080	11.24005	1.06646	1	-0.00858	-0.01142	0.68925	0.00351	1	0.05945	-0.01601	0.67539	0.00347	1	1.45898	0.81042	0	
1239768	8362.57422	3304425335498	0.65880	0.57392	8362.48047	0.09375	10985	1	0.70695	0.45727	1	0.61750	0.60898	1	0.66223	0.53312	1	0.46926	0.54613	11.01909	1.06646	1	0.73234	0.57100	11.41416	1.06646	1	-0.00858	-0.01142	0.68925	0.00358	1	0.05945	-0.01601	0.67539	0.00351	1	1.45898	0.81042	0	
1239769	8362.58105	3304425405204	0.65823	0.57233	8362.48047	0.10059	10985	1	0.69139	0.48263	1	0.60779	0.61415	1	0.64959	0.54839	1	0.46895	0.54636	10.37576	1.06646	1	0.73227	0.57096	11.56829	1.06646	1	-0.00858	-0.01142	0.68925	0.00356	1	0.05945	-0.01601	0.67539	0.00372	1	1.45898	0.81042	0	
1239770	8362.58789	3304425469456	0.65772	0.57092	8362.48047	0.10742	10985	1	0.69139	0.48263	1	0.60779	0.61415	1	0.64959	0.54839	1	0.46899	0.54650	10.43431	1.06646	1	0.73225	0.57069	10.99366	1.06646	1	-0.00858	-0.01148	0.68925	0.00355	1	0.05945	-0.01601	0.67539	0.00387	1	1.45898	0.81042	0	
1239771	8362.59473	3304425538949	0.65720	0.57039	8362.48047	0.11426	10985	1	0.69063	0.53879	1	0.60624	0.58403	1	0.64844	0.56141	1	0.46883	0.54673	10.84444	1.06646	1	0.73212	0.57078	11.21410	1.06646	1	-0.00858	-0.01148	0.68925	0.00353	1	0.05945	-0.01601	0.67539	0.00375	1	1.45898	0.81042	0	
1239772	8362.60059	3304425603926	0.65683	0.57001	8362.48047	0.12012	10985	1	0.68817	0.54962	1	0.61211	0.57687	1	0.65014	0.56325	1	0.46892	0.54694	10.54208	1.06646	1	0.73225	0.57069	10.99366	1.06646	1	-0.00858	-0.01148	0.68925	0.00351	1	0.05945	-0.01601	0.67539	0.00387	1	1.45898	0.81042	0	
1239773	8362.60742	3304425669390	0.65650	0.56968	8362.48047	0.12695	10985	1	0.68817	0.54962	1	0.61211	0.57687	1	0.65014	0.56325	1	0.46873	0.54645	10.29846	1.06646	1	0.73225	0.57091	10.96128	1.06646	1	-0.00858	-0.01142	0.68925	0.00345	1	0.05945	-0.01601	0.67539	0.00372	1	1.45898	0.81042	0	
1239774	8362.61426	3304425737360	0.65600	0.56842	8362.48047	0.13379	10985	1	0.68416	0.49849	1	0.60808	0.58831	1	0.64612	0.54340	1	0.46889	0.54646	10.46362	1.06646	1	0.73214	0.57074	11.30501	1.06646	1	-0.00858	-0.01142	0.68925	0.00360	1	0.05945	-0.01601	0.67539	0.00380	1	1.45898	0.81042	0	
1239775	8362.62109	3304425807053	0.65548	0.56834	8362.48047	0.14062	10985	1	0.68817	0.54962	1	0.60075	0.58335	1	0.64446	0.56649	1	0.46890	0.54695	10.61653	1.06646	1	0.73210	0.57090	11.15460	1.06646	1	-0.00858	-0.01142	0.68925	0.00351	1	0.05945	-0.01601	0.67539	0.00361	1	1.45898	0.81042	0	
1239776	8362.62793	3304425873742	0.65500	0.56826	8362.48047	0.14746	10985	1	0.68817	0.54962	1	0.60075	0.58335	1	0.64446	0.56649	1	0.46840	0.54684	11.28403	1.06646	1	0.73230	0.57067	11.20148	1.06646	1	-0.00858	-0.01148	0.68925	0.00341	1	0.05945	-0.01601	0.67539	0.00378	1	1.45898	0.81042	0	
1239777	8362.63477	3304425941072	0.65484	0.56785	8362.48047	0.15430	10985	1	0.68930	0.51722	1	0.61281	0.59999	1	0.65105	0.55860	1	0.46887	0.54677	10.57730	1.06646	1	0.73219	0.57095	11.50900	1.06646	1	-0.00858	-0.01148	0.68925	0.00348	1	0.05945	-0.01601	0.67539	0.00370	1	1.45898	0.81042	0	
1239778	8362.64160	3304426007717	0.65403	0.56771	8362.48047	0.16113	10985	1	0.67113	0.52929	1	0.59827	0.59901	1	0.63470	0.56415	1	0.46857	0.54687	11.09099	1.06646	1	0.73216	0.57095	11.38087	1.06646	1	-0.00858	-0.01148	0.68925	0.00342	1	0.05945	-0.01601	0.67539	0.00367	1	1.45898	0.81042	0	
1239779	8362.64746	3304426074335	0.65329	0.56757	8362.48047	0.16699	10985	1	0.67113	0.52929	1	0.59827	0.59901	1	0.63470	0.56415	1	0.46887	0.54677	10.57730	1.06646	1	0.73193	0.57078	11.43837	1.06646	1	-0.00858	-0.01148	0.68925	0.00348	1	0.05945	-0.01601	0.67539	0.00362	1	1.45898	0.81042	0	
1239780	8362.65430	3304426141733	0.65300	0.56747	8362.48047	0.17383	10985	1	0.68576	0.54102	1	0.60538	0.58876	1	0.64557	0.56489	1	0.46888	0.54691	10.66678	1.06646	1	0.73207	0.57092	11.67585	1.06646	1	-0.00858	-0.01148	0.68925	0.00343	1	0.05945	-0.01601	0.67539	0.00369	1	1.45898	0.81042	0	
1239781	8362.66113	3304426208468	0.65271	0.56666	8362.48047	0.18066	10985	1	0.68947	0.50073	1	0.60033	0.58904	1	0.64490	0.54489	1	0.46888	0.54650	10.73057	1.06646	1	0.73204	0.57087	11.60700	1.06646	1	-0.00858	-0.01148	0.68925	0.00323	1	0.05945	-0.01601	0.67539	0.00360	1	1.45898	0.81042	0	
1239782	8362.66797	3304426275863	0.65244	0.56591	8362.48047	0.18750	10985	1	0.68947	0.50073	1	0.60033	0.58904	1	0.64490	0.54489	1	0.46877	0.54675	10.92834	1.06646	1	0.73212	0.57068	11.05190	1.06646	1	-0.00858	-0.01142	0.68925	0.00340	1	0.05945	-0.01601	0.67539	0.00375	1	1.45898	0.81042	0	
1239783	8362.67480	3304426342874	0.65233	0.56505	8362.48047	0.19434	10985	1	0.68503	0.48539	1	0.61333	0.59494	1	0.64918	0.54017	1	0.46884	0.54639	10.70249	1.06646	1	0.73228	0.57093	11.14375	1.06646	1	-0.00858	-0.01142	0.68925	0.00333	1	0.05945	-0.01601	0.67539	0.00371	1	1.45898	0.81042	0	
1239784	8362.68164	3304426408471	0.65312	0.56531	8362.48047	0.20117	10985	1	0.71474	0.47864	1	0.63887	0.66716	1	0.67681	0.57290	1	0.46884	0.54628	10.10334	1.06646	1	0.73234	0.57110	10.92894	1.06646	1	-0.00858	-0.01142	0.68925	0.00340	1	0.05945	-0.01601	0.67539	0.00360	1	1.45898	0.81042	0	
1239785	8362.68848	3304426476292	0.65386	0.56554	8362.48047	0.20801	10985	1	0.71474	0.47864	1	0.63887	0.66716	1	0.67681	0.57290	1	0.46715	0.54603	11.14058	1.06646	1	0.73104	0.56911	10.44828	1.06646	1	-0.00875	-0.01123	0.68671	0.00329	1	0.05978	-0.01605	0.68139	0.00379	1	1.45898	0.81042	0	
1239786	8362.69531	3304426543737	0.65297	0.56317	8362.48047	0.21484	10985	1	0.62974	0.45236	1	0.61872	0.52170	1	0.62423	0.48703	1	0.46651	0.54492	9.95190	1.06646	1	0.73078	0.56914	11.68306	1.06646	1	-0.00875	-0.01123	0.68671	0.00336	1	0.05978	-0.01605	0.68139	0.00354	1	1.45898	0.81042	0	
1239787	8362.70117	3304426611047	0.65331	0.56354	8362.48047	0.22070	10985	1	0.67849	0.53885	1	0.65092	0.61322	1	0.66471	0.57604	1	0.46675	0.54544	10.94844	1.06646	1	0.73049	0.56926	12.27583	1.06646	1	-0.00875	-0.01123	0.68671	0.00324	1	0.05978	-0.01605	0.68139	0.00334	1	1.45898	0.81042	0	
1239788	8362.70801	3304426676110	0.65359	0.56409	8362.48047	0.22754	10985	1	0.67830	0.54362	1	0.64782	0.62203	1	0.66306	0.58282	1	0.46385	0.54117	9.91115	1.05844	1	0.72722	0.56646	11.66965	1.05078	1	-0.00890	-0.01064	0.66313	0.00203	1	0.05710	-0.01518	0.65707	0.00379	1	1.45898	0.81042	0	
1239789	8362.71484	3304426744184	0.65078	0.55989	8362.48047	0.23438	10985	1	0.56395	0.41480	1	0.54122	0.41096	1	0.55259	0.41288	1	0.46380	0.54334	11.00889	1.04276	1	0.72717	0.56638	11.48300	1.03511	1	-0.00890	-0.01064	0.66313	0.00365	1	0.05710	-0.01518	0.65707	0.00373	1	1.45898	0.81042	0	
1239790	8362.72168	3304426811595	0.63577	0.53478	8362.48047	0.23438	10985	0	0.55716	0.41888	1	0.54646	0.48874	1	0.55181	0.45381	1	0.46330	0.54324	10.36790	1.02709	1	0.72692	0.56646	11.24424	1.01943	1	-0.00890	-0.01064	0.66313	0.00363	1	0.05710	-0.01518	0.65707	0.00386	1	1.45898	0.81042	0	
1239791	8362.72852	3304426878888	0.59394	0.49571	8362.48047	0.23438	10985	0	0.55777	0.42454	1	0.54646	0.48874	1	0.55212	0.45664	1	0.46195	0.54025	10.72975	1.01943	1	0.72492	0.56613	12.03588	1.01943	1	-0.00954	-0.01104	0.69111	0.00212	1	0.05945	-0.01572	0.68700	0.00385	1	1.45898	0.81042	0	
1239792	8362.73535	3304426945748	0.54894	0.43114	8362.48047	0.23438	10985	0	0.48419	0.18400	1	0.43367	0.41999	1	0.45893	0.30199	1	0.46191	0.54020	10.54957	1.02745	1	0.72503	0.56623	10.81664	1.03511	1	-0.00954	-0.01104	0.69111	0.00212	1	0.05945	-0.01572	0.68700	0.00380	1	1.45898	0.81042	0	
1239793	8362.74219	3304427012696	0.48454	0.35115	8362.48047	0.23438	10985	0	0.46777	0.17260	1	0.41737	0.41705	1	0.44257	0.29483	1	0.46200	0.54017	10.23295	1.04312	1	0.72477	0.56632	11.39726	1.05078	1	-0.00954	-0.01104	0.69111	0.00222	1	0.05945	-0.01572	0.68700	0.00375	1	1.45898	0.81042	0	
1239794	8362.74805	3304427079732	0.46290	0.31628	8362.48047	0.23438	10985	0	0.46541	0.15740	1	0.41712	0.40541	1	0.44126	0.28141	1	0.46190	0.54014	10.08134	1.05880	1	0.72576	0.56606	10.97514	1.06646	1	-0.00943	-0.01087	0.68343	0.00218	1	0.05841	-0.01549	0.67505	0.00371	1	1.45898	0.81042	0	
1239795	8362.75488	3304427146267	0.45840	0.29717	8362.48047	0.23438	10985	0	0.44976	0.15105	1	0.44903	0.36688	1	0.44939	0.25896	1	0.46185	0.54010	10.43311	1.06646	1	0.72569	0.56565	11.10463	1.06646	1	-0.00943	-0.01087	0.68343	0.00215	1	0.05841	-0.01549	0.67505	0.00364	1	1.45898	0.81042	0	
1239796	8362.76172	3304427212996	0.45784	0.28175	8362.74219	0.01953	10986	1	0.45495	0.13781	1	0.45742	0.33312	1	0.45618	0.23546	1	0.46193	0.54022	10.27697	1.06646	1	0.72572	0.56586	11.05372	1.06646	1	-0.00943	-0.01087	0.68343	0.00218	1	0.05841	-0.01549	0.67505	0.00371	1	1.45898	0.81042	0	
1239797	8362.76855	3304427277668	0.45762	0.27393	8362.74219	0.02637	10986	1	0.45621	0.14568	1	0.45725	0.33963	1	0.45673	0.24266	1	0.46189	0.54014	9.98918	1.05844	1	0.72559	0.56496	11.17114	1.05844	1	-0.00901	-0.01044	0.65663	0.00222	1	0.05841	-0.01549	0.67505	0.00411	1	1.45898	0.81042	0	
1239798	8362.77441	3304427343285	0.45882	0.26354	8362.74219	0.03223	10986	1	0.47069	0.16435	1	0.45893	0.25890	1	0.46481	0.21162	1	0.46181	0.54015	10.41584	1.05042	1	0.72575	0.56504	11.30082	1.05042	1	-0.00901	-0.01044	0.65663	0.00221	1	0.05841	-0.01549	0.67505	0.00400	1	1.45898	0.81042	0	
1239799	8362.78223	3304427412848	0.45957	0.25862	8362.74219	0.04004	10986	1	0.48233	0.17301	1	0.44581	0.28512	1	0.46407	0.22906	1	0.46190	0.54021	10.20740	1.04241	1	0.72556	0.56520	11.39543	1.04241	1	-0.00901	-0.01044	0.65663	0.00221	1	0.05841	-0.01549	0.67505	0.00401	1	1.45898	0.81042	0	
1239800	8362.78906	3304427483484	0.46013	0.25534	8362.74219	0.04688	10986	1	0.48233	0.17301	1	0.44573	0.29183	1	0.46403	0.23242	1	0.46184	0.54029	10.35975	1.04241	1	0.72573	0.56509	10.94623	1.03475	1	-0.00943	-0.01087	0.68343	0.00235	1	0.05610	-0.01487	0.64784	0.00404	1	1.45898	0.81042	0	
1239801	8362.79492	3304427547497	0.45837	0.25784	8362.74219	0.05273	10986	1	0.45161	0.17478	1	0.43701	0.38091	1	0.44431	0.27785	1	0.46176	0.54024	10.76951	1.04276	1	0.72543	0.56614	11.89664	1.03511	1	-0.00943	-0.01087	0.68343	0.00216	1	0.05610	-0.01487	0.64784	0.00371	1	1.45898	0.81042	0	
1239802	8362.80176	3304427615637	0.45780	0.26328	8362.74219	0.05957	10986	1	0.47297	0.20095	1	0.43247	0.42339	1	0.45272	0.31217	1	0.46173	0.54021	10.68141	1.04312	1	0.72537	0.56645	12.19988	1.03546	1	-0.00943	-0.01087	0.68343	0.00217	1	0.05610	-0.01487	0.64784	0.00355	1	1.45898	0.81042	0	
1239803	8362.80859	3304427682334	0.45739	0.26831	8362.74219	0.06641	10986	1	0.47410	0.20817	1	0.43248	0.42912	1	0.45329	0.31865	1	0.46186	0.54039	10.56469	1.03546	1	0.72557	0.56656	12.05277	1.02780	1	-0.00926	-0.01071	0.66722	0.00220	1	0.05610	-0.01487	0.64784	0.00357	1	1.45898	0.81042	0	
1239804	8362.81543	3304427749103	0.45774	0.27193	8362.74219	0.07324	10986	1	0.47659	0.19042	1	0.44647	0.43319	1	0.46153	0.31180	1	0.46176	0.54021	11.15092	1.01979	1	0.72560	0.56644	11.79235	1.01979	1	-0.00926	-0.01071	0.66722	0.00223	1	0.05610	-0.01487	0.64784	0.00366	1	1.45898	0.81042	0	
1239805	8362.82227	3304427816277	0.45819	0.27471	8362.74219	0.08008	10986	1	0.48362	0.18495	1	0.44357	0.43109	1	0.46359	0.30802	1	0.46181	0.54016	10.81101	1.01177	1	0.72558	0.56635	11.55366	1.01177	1	-0.00926	-0.01071	0.66722	0.00210	1	0.05610	-0.01487	0.64784	0.00371	1	1.45898	0.81042	0	
1239806	8362.82910	3304427883304	0.45857	0.27709	8362.74219	0.08691	10986	1	0.48362	0.18495	1	0.44357	0.43109	1	0.46359	0.30802	1	0.46162	0.54023	11.11255	1.01177	1	0.72523	0.56609	10.94237	1.01177	1	-0.00949	-0.01092	0.68023	0.00218	1	0.05610	-0.01492	0.64784	0.00387	1	1.45898	0.81042	0	
1239807	8362.83594	3304427950099	0.45906	0.27780	8362.74219	0.09375	10986	1	0.47193	0.20026	1	0.45967	0.37513	1	0.46580	0.28769	1	0.46164	0.54037	10.58327	1.01979	1	0.72578	0.56627	11.15284	1.01979	1	-0.00949	-0.01092	0.68023	0.00220	1	0.05610	-0.01492	0.64784	0.00384	1	1.45898	0.81042	0	
1239808	8362.84180	3304428017163	0.45931	0.27848	8362.74219	0.09961	10986	1	0.47565	0.18940	1	0.45068	0.38809	1	0.46317	0.28875	1	0.46166	0.54043	10.64283	1.02780	1	0.72564	0.56622	11.51792	1.02780	1	-0.00949	-0.01092	0.68023	0.00221	1	0.05610	-0.01492	0.64784	0.00389	1	1.45898	0.81042	0	
1239809	8362.84863	3304428084404	0.45882	0.28420	8362.74219	0.10645	10986	1	0.47565	0.18940	0	0.45092	0.37571	1	0.45092	0.37571	1	0.46166	0.54043	10.64283	1.03582	0	0.46150	0.54041	10.52071	1.04348	1	-0.00949	-0.01092	0.68023	0.00221	1	-0.00945	-0.01082	0.67732	0.00221	1	1.45898	0.81042	0	
1239810	8362.85547	3304428151814	0.45243	0.27501	8362.74219	0.11328	10986	1	0.47565	0.18940	0	0.34382	0.11871	1	0.34382	0.11871	1	0.46166	0.54043	10.64283	1.04348	0	0.46152	0.54037	11.27481	1.05114	1	-0.00949	-0.01092	0.68023	0.00221	1	-0.00945	-0.01082	0.67732	0.00221	1	1.45898	0.81042	0	
1239811	8362.86230	3304428217751	0.44638	0.26666	8362.74219	0.12012	10986	1	0.47565	0.18940	0	0.33739	0.11648	1	0.33739	0.11648	1	0.46166	0.54043	10.64283	1.05114	0	0.46151	0.54030	10.81735	1.05880	1	-0.00949	-0.01092	0.68023	0.00221	1	-0.00945	-0.01082	0.67732	0.00214	1	1.45898	0.81042	0	
1239812	8362.86914	3304428284774	0.44089	0.25877	8362.74219	0.12695	10986	1	0.47565	0.18940	0	0.33672	0.10875	1	0.33672	0.10875	1	0.46166	0.54043	10.64283	1.05880	0	0.46145	0.54043	10.82827	1.06646	1	-0.00949	-0.01092	0.68023	0.00221	1	-0.00949	-0.01092	0.68023	0.00213	1	1.45898	0.81042	0	
1239813	8362.87598	3304428352459	0.43580	0.25224	8362.74219	0.13379	10986	1	0.47565	0.18940	0	0.33393	0.12165	1	0.33393	0.12165	1	0.46166	0.54043	10.64283	1.06646	0	0.46150	0.54048	10.65521	1.06646	1	-0.00949	-0.01092	0.68023	0.00221	1	-0.00949	-0.01092	0.68023	0.00214	1	1.45898	0.81042	0	
1239814	8362.88281	3304428419726	0.40888	0.23179	8362.74219	0.13379	10986	0	0.47565	0.18940	0	0.33286	0.11720	1	0.33286	0.11720	1	0.46166	0.54043	10.64283	1.06646	0	0.46143	0.54052	10.70905	1.06646	1	-0.00949	-0.01092	0.68023	0.00221	1	-0.00949	-0.01092	0.68023	0.00216	1	1.45898	0.81042	0	
1239815	8362.88867	3304428486329	0.37087	0.17449	8362.74219	0.13379	10986	0	0.47565	0.18940	0	0.33286	0.11720	1	0.33286	0.11720	1	0.46166	0.54043	10.64283	1.06646	0	0.46137	0.54058	10.75405	1.06646	1	-0.00949	-0.01092	0.68023	0.00221	1	-0.00949	-0.01092	0.68023	0.00218	1	1.45898	0.81042	0	
1239816	8362.89551	3304428552913	0.35695	0.15808	8362.74219	0.13379	10986	0	0.47565	0.18940	0	0.32911	0.12527	1	0.32911	0.12527	1	0.46166	0.54043	10.64283	1.06646	0	0.46137	0.54055	10.89573	1.06646	1	-0.00949	-0.01092	0.68023	0.00221	1	-0.00949	-0.01092	0.68023	0.00216	1	1.45898	0.81042	0	
1239817	8362.90234	3304428620943	0.33136	0.11839	8362.74219	0.13379	10986	0	0.47565	0.18940	0	0.33211	0.11271	1	0.33211	0.11271	1	0.46166	0.54043	10.64283	1.06646	0	0.46140	0.54045	10.83780	1.06646	1	-0.00949	-0.01092	0.68023	0.00221	1	-0.00949	-0.01092	0.68023	0.00214	1	1.45898	0.81042	0	
1239818	8362.90918	3304428687119	0.33174	0.11555	8362.74219	0.13379	10986	0	0.47565	0.18940	0	0.33211	0.11271	1	0.33211	0.11271	1	0.46166	0.54043	10.64283	1.06646	0	0.46140	0.54047	10.66102	1.06646	1	-0.00949	-0.01092	0.68023	0.00221	1	-0.00949	-0.01092	0.68023	0.00216	1	1.45898	0.81042	0	
1239819	8362.91602	3304428752105	0.33118	0.11355	8362.74219	0.13379	10986	0	0.47565	0.18940	0	0.33007	0.10955	1	0.33007	0.10955	1	0.46166	0.54043	10.64283	1.06646	0	0.46138	0.54057	10.50514	1.06646	1	-0.00949	-0.01092	0.68023	0.00221	1	-0.00949	-0.01092	0.68023	0.00220	1	1.45898	0.81042	0	
1239820	8362.92285	3304428820944	0.33106	0.10394	8362.90234	0.02051	10987	1	0.47565	0.18940	0	0.33068	0.07511	1	0.33068	0.07511	1	0.46166	0.54043	10.64283	1.06646	0	0.46145	0.54051	10.60896	1.06646	1	-0.00949	-0.01092	0.68023	0.00221	1	-0.00949	-0.01092	0.68023	0.00223	1	1.45898	0.81042	0	
1239821	8362.92969	3304428889399	0.33098	0.09818	8362.90234	0.02734	10987	1	0.47565	0.18940	0	0.33068	0.07511	1	0.33068	0.07511	1	0.46166	0.54043	10.64283	1.06646	0	0.46133	0.54057	10.80009	1.06646	1	-0.00949	-0.01092	0.68023	0.00221	1	-0.00949	-0.01092	0.68023	0.00217	1	1.45898	0.81042	0	
1239822	8362.93555	3304428954610	0.33118	0.09480	8362.90234	0.03320	10987	1	0.47565	0.18940	0	0.33216	0.07791	1	0.33216	0.07791	1	0.46166	0.54043	10.64283	1.06646	0	0.46136	0.54057	10.86777	1.06646	1	-0.00949	-0.01092	0.68023	0.00221	1	-0.00949	-0.01092	0.68023	0.00217	1	1.45898	0.81042	0	
1239823	8362.94238	3304429022373	0.33105	0.08975	8362.90234	0.04004	10987	1	0.47565	0.18940	0	0.33030	0.05948	1	0.33030	0.05948	1	0.46166	0.54043	10.64283	1.06646	0	0.46140	0.54046	10.89047	1.06646	1	-0.00949	-0.01092	0.68023	0.00221	1	-0.00949	-0.01092	0.68023	0.00214	1	1.45898	0.81042	0	
1239824	8362.94922	3304429089376	0.33105	0.08698	8362.90234	0.04688	10987	1	0.47565	0.18940	0	0.33101	0.06756	1	0.33101	0.06756	1	0.46166	0.54043	10.64283	1.06646	0	0.46145	0.54052	10.52932	1.05880	1	-0.00949	-0.01092	0.68023	0.00221	1	-0.00929	-0.01064	0.66270	0.00216	1	1.45898	0.81042	0	
1239825	8362.95605	3304429152870	0.33024	0.08826	8362.90234	0.05371	10987	1	0.47565	0.18940	0	0.32377	0.09852	1	0.32377	0.09852	1	0.46166	0.54043	10.64283	1.05880	0	0.46131	0.54061	10.71980	1.05114	1	-0.00949	-0.01092	0.68023	0.00221	1	-0.00929	-0.01064	0.66270	0.00218	1	1.45898	0.81042	0	
1239826	8362.96289	3304429220540	0.33040	0.08999	8362.90234	0.06055	10987	1	0.47565	0.18940	0	0.33188	0.10555	1	0.33188	0.10555	1	0.46166	0.54043	10.64283	1.05114	0	0.46140	0.54062	10.69652	1.04348	1	-0.00949	-0.01092	0.68023	0.00221	1	-0.00929	-0.01064	0.66270	0.00218	1	1.45898	0.81042	0	
1239827	8362.96875	3304429287231	0.33054	0.09140	8362.90234	0.06641	10987	1	0.47565	0.18940	0	0.33188	0.10555	1	0.33188	0.10555	1	0.46166	0.54043	10.64283	1.04348	0	0.46139	0.54061	10.65744	1.04348	1	-0.00949	-0.01092	0.68023	0.00221	1	-0.00949	-0.01092	0.68023	0.00219	1	1.45898	0.81042	0	
1239828	8362.97559	3304429353883	0.33053	0.09095	8362.90234	0.07324	10987	1	0.47565	0.18940	0	0.33040	0.08599	1	0.33040	0.08599	1	0.46166	0.54043	10.64283	1.04348	0	0.46131	0.54052	10.97254	1.05114	1	-0.00949	-0.01092	0.68023	0.00221	1	-0.00949	-0.01092	0.68023	0.00218	1	1.45898	0.81042	0	
1239829	8362.98242	3304429421953	0.33086	0.09143	8362.90234	0.08008	10987	1	0.47565	0.18940	0	0.33492	0.09713	1	0.33492	0.09713	1	0.46166	0.54043	10.64283	1.05114	0	0.46145	0.54068	10.76875	1.05880	1	-0.00949	-0.01092	0.68023	0.00221	1	-0.00949	-0.01092	0.68023	0.00228	1	1.45898	0.81042	0	
1239830	8362.98926	3304429488313	0.33115	0.09184	8362.90234	0.08691	10987	1	0.47565	0.18940	0	0.33492	0.09713	1	0.33492	0.09713	1	0.46166	0.54043	10.64283	1.05880	0	0.46122	0.54063	11.03693	1.05880	1	-0.00949	-0.01092	0.68023	0.00221	1	-0.00929	-0.01064	0.66270	0.00221	1	1.45898	0.81042	0	
1239831	8362.99609	3304429555939	0.33084	0.09097	8362.90234	0.09375	10987	1	0.47565	0.18940	0	0.32649	0.07884	1	0.32649	0.07884	1	0.46166	0.54043	10.64283	1.05880	0	0.46127	0.54050	10.95602	1.05114	1	-0.00949	-0.01092	0.68023	0.00221	1	-0.00929	-0.01064	0.66270	0.00221	1	1.45898	0.81042	0	
1239832	8363.00293	3304429621403	0.33054	0.09190	8362.90234	0.10059	10987	1	0.47565	0.18940	0	0.32592	0.10589	1	0.32592	0.10589	1	0.46166	0.54043	10.64283	1.05114	0	0.46127	0.54053	10.78887	1.04348	1	-0.00949	-0.01092	0.68023	0.00221	1	-0.00929	-0.01064	0.66270	0.00224	1	1.45898	0.81042	0	
1239833	8363.00977	3304429689113	0.33031	0.09319	8362.90234	0.10742	10987	1	0.47565	0.18940	0	0.32668	0.11380	1	0.32668	0.11380	1	0.46166	0.54043	10.64283	1.04348	0	0.46124	0.54063	10.95388	1.03582	1	-0.00949	-0.01092	0.68023	0.00221	1	-0.00929	-0.01064	0.66270	0.00224	1	1.45898	0.81042	0	
1239834	8363.01660	3304429757183	0.32985	0.09434	8362.90234	0.11426	10987	1	0.47565	0.18940	0	0.32213	0.11395	1	0.32213	0.11395	1	0.46166	0.54043	10.64283	1.03582	0	0.46124	0.54063	10.95388	1.03582	1	-0.00949	-0.01092	0.68023	0.00221	1	-0.00929	-0.01064	0.66270	0.00224	1	1.45898	0.81042	0	
1239835	8363.02344	3304429824845	0.32971	0.10836	8362.90234	0.12109	10987	1	0.47565	0.18940	0	0.32720	0.36058	1	0.32720	0.36058	1	0.46166	0.54043	10.64283	1.03582	0	0.46151	0.54334	10.30690	1.03582	1	-0.00949	-0.01092	0.68023	0.00221	1	-0.00929	-0.01064	0.66270	0.00380	1	1.45898	0.81042	0	
1239836	8363.02930	3304429892777	0.32955	0.12066	8362.90234	0.12695	10987	1	0.47565	0.18940	0	0.32644	0.35446	1	0.32644	0.35446	1	0.46166	0.54043	10.64283	1.03582	0	0.46119	0.54075	11.21115	1.04348	1	-0.00949	-0.01092	0.68023	0.00221	1	-0.00949	-0.01092	0.68023	0.00223	1	1.45898	0.81042	0	
1239837	8363.03613	3304429958440	0.32945	0.11920	8362.90234	0.13379	10987	1	0.47565	0.18940	0	0.32749	0.09000	1	0.32749	0.09000	1	0.46166	0.54043	10.64283	1.04348	0	0.46131	0.54060	10.63826	1.05114	1	-0.00949	-0.01092	0.68023	0.00221	1	-0.00949	-0.01092	0.68023	0.00223	1	1.45898	0.81042	0	
1239838	8363.04297	3304430028081	0.32898	0.11720	8362.90234	0.14062	10987	1	0.47565	0.18940	0	0.31908	0.07513	1	0.31908	0.07513	1	0.46166	0.54043	10.64283	1.05114	0	0.46124	0.54050	10.92461	1.05880	1	-0.00949	-0.01092	0.68023	0.00221	1	-0.00949	-0.01092	0.68023	0.00221	1	1.45898	0.81042	0	
1239839	8363.04980	3304430093764	0.33188	0.11738	8362.90234	0.14746	10987	1	0.47228	0.16717	1	0.31911	0.07550	1	0.39570	0.12134	1	0.46126	0.54077	11.32591	1.05078	1	0.72514	0.56684	12.28193	1.05844	1	-0.00929	-0.01064	0.66270	0.00232	1	0.05841	-0.01559	0.67505	0.00371	1	1.45898	0.81042	0	
1239840	8363.05664	3304430159821	0.34099	0.15884	8362.90234	0.14746	10987	0	0.43958	0.15637	1	0.41033	0.43940	1	0.42496	0.29788	1	0.46116	0.54074	11.09785	1.05042	1	0.72500	0.56731	12.66598	1.05042	1	-0.00929	-0.01064	0.66270	0.00226	1	0.05841	-0.01559	0.67505	0.00380	1	1.45898	0.81042	0	
1239841	8363.06348	3304430228672	0.38715	0.21528	8362.90234	0.14746	10987	0	0.44187	0.17245	1	0.42472	0.37099	1	0.43330	0.27172	1	0.46123	0.54070	11.20221	1.04241	1	0.72518	0.56662	12.26519	1.04241	1	-0.00929	-0.01064	0.66270	0.00220	1	0.05841	-0.01559	0.67505	0.00382	1	1.45898	0.81042	0	
1239842	8363.07031	3304430294887	0.40253	0.23409	8362.90234	0.14746	10987	0	0.44187	0.17245	1	0.42472	0.37099	1	0.43330	0.27172	1	0.46115	0.54098	11.14565	1.04241	1	0.72508	0.56725	11.64599	1.04241	1	-0.00966	-0.01100	0.68559	0.00217	1	0.05841	-0.01559	0.67505	0.00377	1	1.45898	0.81042	0	
1239843	8363.07617	3304430361725	0.43610	0.27367	8362.90234	0.14746	10987	0	0.46494	0.14382	1	0.41845	0.41134	1	0.44169	0.27758	1	0.46083	0.54098	11.75485	1.05042	1	0.72477	0.56699	11.39992	1.05042	1	-0.00966	-0.01100	0.68559	0.00227	1	0.05841	-0.01559	0.67505	0.00386	1	1.45898	0.81042	0	
1239844	8363.08301	3304430427660	0.44418	0.28483	8362.90234	0.14746	10987	0	0.46644	0.15188	1	0.43808	0.44009	1	0.45226	0.29598	1	0.46080	0.54108	10.73908	1.05844	1	0.72469	0.56742	11.49195	1.05844	1	-0.00966	-0.01100	0.68559	0.00225	1	0.05841	-0.01559	0.67505	0.00379	1	1.45898	0.81042	0	
1239845	8363.08984	3304430495593	0.44687	0.28855	8362.90234	0.14746	10987	0	0.46644	0.15188	1	0.43808	0.44009	1	0.45226	0.29598	1	0.45972	0.54146	11.15970	1.05844	1	0.72359	0.56675	11.15798	1.05844	1	-0.00951	-0.01081	0.66413	0.00226	1	0.05804	-0.01555	0.67304	0.00407	1	1.45898	0.81042	0	
1239846	8363.09668	3304430562932	0.44080	0.28909	8363.07617	0.02051	10988	1	0.43652	0.21041	1	0.40861	0.37103	1	0.42257	0.29072	1	0.45951	0.54165	11.08338	1.05042	1	0.72340	0.56661	11.09166	1.05042	1	-0.00951	-0.01081	0.66413	0.00225	1	0.05804	-0.01555	0.67304	0.00393	1	1.45898	0.81042	0	
1239847	8363.10352	3304430629716	0.44348	0.28504	8363.07617	0.02734	10988	1	0.45374	0.19724	1	0.45474	0.34048	1	0.45424	0.26886	1	0.45935	0.54157	10.59883	1.04241	1	0.72331	0.56619	11.40475	1.04241	1	-0.00951	-0.01081	0.66413	0.00220	1	0.05804	-0.01555	0.67304	0.00418	1	1.45898	0.81042	0	
1239848	8363.11035	3304430696528	0.44537	0.28353	8363.07617	0.03418	10988	1	0.45505	0.20484	1	0.45459	0.34709	1	0.45482	0.27596	1	0.45660	0.54232	10.89968	1.03439	1	0.72094	0.56667	11.73576	1.03439	1	-0.00985	-0.01080	0.66047	0.00226	1	0.05871	-0.01589	0.68561	0.00392	1	1.45898	0.81042	0	
1239849	8363.11719	3304430763589	0.43189	0.29362	8363.07617	0.04102	10988	1	0.33718	0.26039	1	0.36484	0.44789	1	0.35101	0.35414	1	0.45623	0.54245	10.69828	1.03439	1	0.72068	0.56715	11.19632	1.03439	1	-0.00985	-0.01080	0.66047	0.00228	1	0.05871	-0.01589	0.68561	0.00377	1	1.45898	0.81042	0	
1239850	8363.12305	3304430830475	0.42354	0.30000	8363.07617	0.04688	10988	1	0.35134	0.24760	1	0.37886	0.44182	1	0.36510	0.34471	1	0.45603	0.54239	10.41545	1.03439	1	0.72054	0.56726	10.80975	1.03439	1	-0.00985	-0.01080	0.66047	0.00230	1	0.05871	-0.01589	0.68561	0.00382	1	1.45898	0.81042	0	
1239851	8363.12988	3304430898019	0.41705	0.30497	8363.07617	0.05371	10988	1	0.35134	0.24760	1	0.37886	0.44182	1	0.36510	0.34471	1	0.45471	0.54280	10.32225	1.03439	1	0.71873	0.56792	11.81802	1.03439	1	-0.01004	-0.01078	0.65930	0.00233	1	0.05790	-0.01588	0.68094	0.00365	1	1.45898	0.81042	0	
1239852	8363.13672	3304430964887	0.40348	0.31345	8363.07617	0.06055	10988	1	0.29206	0.28815	1	0.27063	0.49143	1	0.28135	0.38979	1	0.45467	0.54273	10.55241	1.03439	1	0.71890	0.56761	11.67999	1.03439	1	-0.01004	-0.01078	0.65930	0.00231	1	0.05790	-0.01588	0.68094	0.00367	1	1.45898	0.81042	0	
1239853	8363.14355	3304431031678	0.39169	0.31792	8363.07617	0.06738	10988	1	0.28841	0.28453	1	0.25917	0.44066	1	0.27379	0.36259	1	0.45461	0.54267	10.07421	1.03439	1	0.71854	0.56720	11.93279	1.03439	1	-0.01004	-0.01078	0.65930	0.00236	1	0.05790	-0.01588	0.68094	0.00413	1	1.45898	0.81042	0	
1239854	8363.15039	3304431098646	0.38192	0.32187	8363.07617	0.07422	10988	1	0.28841	0.28453	1	0.26043	0.44618	1	0.27442	0.36535	1	0.45450	0.54281	10.13431	1.03439	1	0.71872	0.56788	12.19424	1.02673	1	-0.01004	-0.01078	0.65930	0.00232	1	0.05567	-0.01526	0.65413	0.00360	1	1.45898	0.81042	0	
1239855	8363.15723	3304431166147	0.37388	0.32834	8363.07617	0.08105	10988	1	0.28210	0.28808	1	0.27289	0.52373	1	0.27750	0.40591	1	0.45450	0.54266	10.47021	1.02673	1	0.71879	0.56818	11.86969	1.01907	1	-0.01004	-0.01078	0.65930	0.00227	1	0.05567	-0.01526	0.65413	0.00375	1	1.45898	0.81042	0	
1239856	8363.16406	3304431232534	0.36755	0.33407	8363.07617	0.08789	10988	1	0.28382	0.27985	1	0.28670	0.53727	1	0.28526	0.40856	1	0.45448	0.54269	10.52808	1.01907	1	0.71895	0.56804	11.12636	1.01141	1	-0.01004	-0.01078	0.65930	0.00229	1	0.05567	-0.01526	0.65413	0.00394	1	1.45898	0.81042	0	
1239857	8363.17090	3304431300362	0.36203	0.33885	8363.07617	0.09473	10988	1	0.28371	0.27953	1	0.28556	0.53210	1	0.28463	0.40582	1	0.45462	0.54254	10.54408	1.01943	1	0.71910	0.56790	11.32657	1.01943	1	-0.01047	-0.01119	0.68470	0.00227	1	0.05520	-0.01512	0.64808	0.00393	1	1.45898	0.81042	0	
1239858	8363.17676	3304431363747	0.33032	0.35976	8363.07617	0.09473	10988	0	0.30034	0.28276	1	0.29299	0.49858	1	0.29666	0.39067	1	0.45468	0.54261	10.62404	1.02745	1	0.71913	0.56798	11.47349	1.03511	1	-0.01047	-0.01119	0.68470	0.00223	1	0.05520	-0.01512	0.64808	0.00379	1	1.45898	0.81042	0	
1239859	8363.18359	3304431431862	0.30176	0.37144	8363.07617	0.09473	10988	0	0.26289	0.25841	1	0.28351	0.50784	1	0.27320	0.38312	1	0.45458	0.54257	10.40726	1.04312	1	0.71908	0.56811	11.61268	1.05078	1	-0.01047	-0.01119	0.68470	0.00223	1	0.05520	-0.01512	0.64808	0.00377	1	1.45898	0.81042	0	
1239860	8363.19043	3304431497890	0.29166	0.37336	8363.07617	0.09473	10988	0	0.26046	0.25151	1	0.28244	0.50288	1	0.27145	0.37719	1	0.45466	0.54249	10.54084	1.05078	1	0.71901	0.56809	11.39468	1.05844	1	-0.01004	-0.01078	0.65930	0.00226	1	0.05520	-0.01507	0.64808	0.00386	1	1.45898	0.81042	0	
1239861	8363.19727	3304431567314	0.28952	0.37966	8363.17676	0.02051	10989	1	0.26478	0.30092	1	0.30141	0.49617	1	0.28310	0.39855	1	0.45481	0.54255	10.85127	1.05042	1	0.71926	0.56801	11.59238	1.05042	1	-0.01004	-0.01078	0.65930	0.00227	1	0.05520	-0.01507	0.64808	0.00360	1	1.45898	0.81042	0	
1239862	8363.20410	3304431634453	0.28762	0.38337	8363.17676	0.02734	10989	1	0.26540	0.30996	1	0.29463	0.48650	1	0.28002	0.39823	1	0.45472	0.54257	10.68240	1.04241	1	0.71922	0.56783	11.67897	1.04241	1	-0.01004	-0.01078	0.65930	0.00229	1	0.05520	-0.01507	0.64808	0.00362	1	1.45898	0.81042	0	
1239863	8363.21094	3304431701602	0.28665	0.38687	8363.17676	0.03418	10989	1	0.26796	0.31678	1	0.29567	0.49191	1	0.28182	0.40434	1	0.45495	0.54236	10.68430	1.03439	1	0.71927	0.56760	11.38286	1.03439	1	-0.01004	-0.01078	0.65930	0.00236	1	0.05860	-0.01597	0.68673	0.00365	1	1.45898	0.81042	0	
1239864	8363.21777	3304431768326	0.28348	0.38986	8363.17676	0.04102	10989	1	0.25401	0.31407	1	0.27486	0.50160	1	0.26443	0.40784	1	0.45483	0.54247	10.48911	1.03439	1	0.71930	0.56800	11.75683	1.03439	1	-0.01004	-0.01078	0.65930	0.00244	1	0.05860	-0.01597	0.68673	0.00374	1	1.45898	0.81042	0	
1239865	8363.22363	3304431835244	0.28205	0.39114	8363.17676	0.04688	10989	1	0.26593	0.29649	1	0.27826	0.50363	1	0.27209	0.40006	1	0.45500	0.54235	10.53360	1.03439	1	0.71932	0.56794	11.96514	1.03439	1	-0.01004	-0.01078	0.65930	0.00236	1	0.05860	-0.01597	0.68673	0.00372	1	1.45898	0.81042	0	
1239866	8363.23047	3304431902233	0.28074	0.39145	8363.17676	0.05371	10989	1	0.26336	0.28951	1	0.27708	0.49832	1	0.27022	0.39392	1	0.45506	0.54223	10.45691	1.04241	1	0.71935	0.56811	11.81970	1.04241	1	-0.01032	-0.01114	0.68128	0.00232	1	0.05860	-0.01586	0.68673	0.00374	1	1.45898	0.81042	0	
1239867	8363.23730	3304431969196	0.27958	0.38914	8363.17676	0.06055	10989	1	0.26229	0.26196	1	0.27591	0.47486	1	0.26910	0.36841	1	0.45503	0.54212	10.20713	1.05042	1	0.71935	0.56796	11.66026	1.05042	1	-0.01032	-0.01114	0.68128	0.00231	1	0.05860	-0.01586	0.68673	0.00375	1	1.45898	0.81042	0	
1239868	8363.24414	3304432036512	0.27800	0.38788	8363.17676	0.06738	10989	1	0.26397	0.26206	1	0.26049	0.48850	1	0.26223	0.37528	1	0.45507	0.54230	10.62656	1.05844	1	0.71943	0.56796	11.58784	1.05844	1	-0.01032	-0.01114	0.68128	0.00229	1	0.05860	-0.01586	0.68673	0.00373	1	1.45898	0.81042	0	
1239869	8363.25098	3304432103209	0.27653	0.38632	8363.17676	0.07422	10989	1	0.26147	0.25497	1	0.25921	0.48321	1	0.26034	0.36909	1	0.45508	0.54224	10.80709	1.06646	1	0.71938	0.56801	11.58426	1.06646	1	-0.01028	-0.01104	0.67859	0.00229	1	0.05860	-0.01586	0.68673	0.00374	1	1.45898	0.81042	0	
1239870	8363.25781	3304432170446	0.27440	0.38555	8363.17676	0.08105	10989	1	0.24972	0.26034	1	0.24794	0.49251	1	0.24883	0.37643	1	0.45485	0.54238	10.64212	1.06646	1	0.71926	0.56807	11.67033	1.06646	1	-0.01028	-0.01104	0.67859	0.00236	1	0.05860	-0.01586	0.68673	0.00378	1	1.45898	0.81042	0	
1239871	8363.26465	3304432237512	0.27307	0.38372	8363.17676	0.08789	10989	1	0.25273	0.25052	1	0.25894	0.46921	1	0.25583	0.35987	1	0.45506	0.54213	10.84241	1.06646	1	0.71943	0.56795	11.27190	1.06646	1	-0.01028	-0.01104	0.67859	0.00227	1	0.05860	-0.01586	0.68673	0.00377	1	1.45898	0.81042	0	
1239872	8363.27051	3304432300053	0.27192	0.38213	8363.17676	0.09375	10989	1	0.25273	0.25052	1	0.25894	0.46921	1	0.25583	0.35987	1	0.45515	0.54192	10.22771	1.06646	1	0.71990	0.56714	11.01538	1.06646	1	-0.01028	-0.01099	0.67860	0.00226	1	0.05860	-0.01586	0.68673	0.00398	1	1.45898	0.81042	0	
1239873	8363.27734	3304432371712	0.27095	0.38118	8363.17676	0.10059	10989	1	0.24683	0.27270	1	0.26587	0.46132	1	0.25635	0.36701	1	0.45501	0.54192	10.95626	1.06646	1	0.71958	0.56774	11.75776	1.06646	1	-0.01028	-0.01099	0.67860	0.00231	1	0.05860	-0.01586	0.68673	0.00374	1	1.45898	0.81042	0	
1239874	8363.28418	3304432438226	0.27044	0.37982	8363.17676	0.10742	10989	1	0.25902	0.28621	1	0.26549	0.42964	1	0.26226	0.35793	1	0.45505	0.54209	10.27243	1.06646	1	0.71954	0.56749	11.91643	1.06646	1	-0.01028	-0.01099	0.67860	0.00226	1	0.05860	-0.01586	0.68673	0.00378	1	1.45898	0.81042	0	
1239875	8363.29102	3304432505079	0.27009	0.37895	8363.17676	0.11426	10989	1	0.26155	0.29306	1	0.26672	0.43532	1	0.26414	0.36419	1	0.45521	0.54216	10.63576	1.05844	1	0.71953	0.56703	11.62265	1.05844	1	-0.00993	-0.01068	0.65913	0.00234	1	0.05860	-0.01586	0.68673	0.00402	1	1.45898	0.81042	0	
1239876	8363.29688	3304432568177	0.27045	0.37884	8363.17676	0.12012	10989	1	0.26248	0.29458	1	0.29138	0.45905	1	0.27693	0.37681	1	0.45501	0.54199	10.92106	1.05042	1	0.71984	0.56773	11.43973	1.05042	1	-0.00993	-0.01068	0.65913	0.00239	1	0.05860	-0.01586	0.68673	0.00389	1	1.45898	0.81042	0	
1239877	8363.30469	3304432639191	0.27080	0.37895	8363.17676	0.12793	10989	1	0.26940	0.30109	1	0.28560	0.46120	1	0.27750	0.38114	1	0.45510	0.54207	10.25840	1.04241	1	0.71979	0.56752	11.16871	1.04241	1	-0.00993	-0.01068	0.65913	0.00238	1	0.05860	-0.01586	0.68673	0.00399	1	1.45898	0.81042	0	
1239878	8363.31152	3304432706342	0.27123	0.37948	8363.17676	0.13477	10989	1	0.27193	0.30797	1	0.28778	0.47213	1	0.27985	0.39005	1	0.45516	0.54200	10.23037	1.03439	1	0.71999	0.56723	11.19312	1.02673	1	-0.01012	-0.01083	0.67163	0.00235	1	0.05546	-0.01495	0.64936	0.00393	1	1.45898	0.81042	0	
1239879	8363.31738	3304432773250	0.27176	0.37979	8363.17676	0.14062	10989	1	0.26599	0.29879	1	0.29966	0.47362	1	0.28283	0.38620	1	0.45506	0.54191	10.86744	1.02673	1	0.71994	0.56704	11.11208	1.01907	1	-0.01012	-0.01083	0.67163	0.00235	1	0.05546	-0.01495	0.64936	0.00397	1	1.45898	0.81042	0	
1239880	8363.32422	3304432840439	0.27267	0.38031	8363.17676	0.14746	10989	1	0.29225	0.32394	1	0.29310	0.45975	1	0.29267	0.39184	1	0.45529	0.54196	10.86139	1.01907	1	0.71984	0.56732	11.45456	1.01141	1	-0.01012	-0.01083	0.67163	0.00233	1	0.05546	-0.01495	0.64936	0.00396	1	1.45898	0.81042	0	
1239881	8363.33105	3304432907218	0.27350	0.38078	8363.17676	0.15430	10989	1	0.29214	0.32363	1	0.29305	0.45949	1	0.29259	0.39156	1	0.45620	0.54171	10.71103	1.01943	1	0.72071	0.56716	11.45222	1.01177	1	-0.01014	-0.01096	0.68318	0.00228	1	0.05654	-0.01519	0.65973	0.00404	1	1.45898	0.81042	0	
1239882	8363.33789	3304432973777	0.27379	0.38050	8363.17676	0.16113	10989	1	0.28088	0.31003	1	0.28064	0.43740	1	0.28076	0.37371	1	0.45680	0.54192	10.81397	1.01979	1	0.72118	0.56677	12.37059	1.01979	1	-0.01014	-0.01096	0.68318	0.00223	1	0.05654	-0.01519	0.65973	0.00388	1	1.45898	0.81042	0	
1239883	8363.34473	3304433041406	0.27238	0.38028	8363.17676	0.16797	10989	1	0.25010	0.31455	1	0.22415	0.43543	1	0.23713	0.37499	1	0.45707	0.54154	10.74440	1.02780	1	0.72103	0.56677	11.94228	1.02780	1	-0.01014	-0.01096	0.68318	0.00223	1	0.05654	-0.01519	0.65973	0.00382	1	1.45898	0.81042	0	
1239884	8363.35156	3304433107775	0.27093	0.37963	8363.17676	0.17480	10989	1	0.24741	0.30766	1	0.21933	0.41773	1	0.23337	0.36270	1	0.46115	0.54067	11.17577	1.03582	1	0.72540	0.56626	11.36286	1.05216	1	-0.00949	-0.01092	0.68023	0.00226	1	0.06062	-0.01609	0.69876	0.00378	1	1.45898	0.81042	0	
1239885	8363.35742	3304433173291	0.27141	0.37006	8363.17676	0.18066	10989	1	0.24741	0.30766	0	0.28437	0.11162	1	0.28437	0.11162	1	0.46115	0.54067	11.17577	1.05216	0	0.46181	0.54049	11.15920	1.06850	1	-0.00949	-0.01092	0.68023	0.00226	1	0.06062	-0.01609	0.69876	0.00231	1	1.45898	0.81042	0	
1239886	8363.36426	3304433241049	0.27048	0.36218	8363.17676	0.18750	10989	1	0.24741	0.30766	0	0.24441	0.14154	1	0.24441	0.14154	1	0.46115	0.54067	11.17577	1.06850	0	0.46195	0.54043	10.97405	1.08484	1	-0.00949	-0.01092	0.68023	0.00226	1	0.06062	-0.01609	0.69876	0.00233	1	1.45898	0.81042	0	
1239887	8363.37109	3304433305611	0.26879	0.31803	8363.17676	0.18750	10989	0	0.24741	0.30766	0	0.24313	0.13423	1	0.24313	0.13423	1	0.46115	0.54067	11.17577	1.08484	0	0.46578	0.54233	11.35164	1.09250	1	-0.00949	-0.01092	0.68023	0.00226	1	-0.00872	-0.01081	0.67651	0.00385	1	1.45898	0.81042	0	
1239888	8363.37793	3304433373047	0.34052	0.31785	8363.17676	0.18750	10989	0	0.24741	0.30766	0	0.41225	0.31767	1	0.41225	0.31767	1	0.46115	0.54067	11.17577	1.09250	0	0.46601	0.54243	11.69139	1.08382	1	-0.00949	-0.01092	0.68023	0.00226	1	-0.00872	-0.01081	0.67651	0.00366	1	1.45898	0.81042	0	
1239889	8363.38477	3304433440266	0.35750	0.29379	8363.17676	0.18750	10989	0	0.24741	0.30766	0	0.39146	0.24567	1	0.39146	0.24567	1	0.46115	0.54067	11.17577	1.08382	0	0.46607	0.54207	10.70793	1.07514	1	-0.00949	-0.01092	0.68023	0.00226	1	-0.00872	-0.01081	0.67651	0.00382	1	1.45898	0.81042	0	
1239890	8363.39160	3304433508265	0.39850	0.27222	8363.17676	0.18750	10989	0	0.24741	0.30766	0	0.39179	0.25333	1	0.39179	0.25333	1	0.46115	0.54067	11.17577	1.07514	0	0.46735	0.54229	11.99501	1.06646	1	-0.00949	-0.01092	0.68023	0.00226	1	-0.00858	-0.01082	0.68076	0.00376	1	1.45898	0.81042	0	
1239891	8363.39844	3304433574751	0.42414	0.28299	8363.17676	0.18750	10989	0	0.24741	0.30766	0	0.44978	0.29376	1	0.44978	0.29376	1	0.46115	0.54067	11.17577	1.06646	0	0.46698	0.54240	11.69143	1.06646	1	-0.00949	-0.01092	0.68023	0.00226	1	-0.00858	-0.01082	0.68076	0.00389	1	1.45898	0.81042	0	
1239892	8363.40430	3304433639911	0.42414	0.28299	8363.17676	0.18750	10989	0	0.24741	0.30766	0	0.44978	0.29376	0	0.44978	0.29376	0	0.46115	0.54067	11.17577	1.06646	0	0.46698	0.54240	11.69143	1.06646	0	-0.00949	-0.01092	0.68023	0.00226	1	-0.00858	-0.01082	0.68076	0.00389	1	1.45898	0.81042	0	
1239893	8363.41113	3304433706455	0.44978	0.29376	8363.17676	0.18750	10989	0	0.24741	0.30766	0	0.44978	0.29376	0	0.44978	0.29376	0	0.46115	0.54067	11.17577	1.06646	0	0.46698	0.54240	11.69143	1.06646	0	-0.00949	-0.01092	0.68023	0.00226	1	-0.00858	-0.01082	0.68076	0.00389	1	1.45898	0.81042	0	
1239894	8363.41797	3304433775341	0.44978	0.29376	8363.17676	0.18750	10989	0	0.24741	0.30766	0	0.44978	0.29376	0	0.44978	0.29376	0	0.46115	0.54067	11.17577	1.06646	0	0.46698	0.54240	11.69143	1.06646	0	-0.00949	-0.01092	0.68023	0.00226	1	-0.00858	-0.01082	0.68076	0.00389	1	1.45898	0.81042	0	
1239895	8363.42480	3304433844563	0.44978	0.29376	8363.17676	0.18750	10989	0	0.24741	0.30766	0	0.44978	0.29376	0	0.44978	0.29376	0	0.46115	0.54067	11.17577	1.06646	0	0.46698	0.54240	11.69143	1.06646	0	-0.00949	-0.01092	0.68023	0.00226	1	-0.00858	-0.01082	0.68076	0.00389	1	1.45898	0.81042	0	
1239896	8363.43164	3304433911672	0.00000	0.00000	8363.17676	0.18750	10989	0	0.24741	0.30766	0	0.44978	0.29376	0	0.44978	0.29376	0	0.46115	0.54067	11.17577	1.06646	0	0.46698	0.54240	11.69143	1.06646	0	-0.00949	-0.01092	0.68023	0.00226	1	-0.00858	-0.01082	0.68076	0.00389	1	1.45898	0.81042	0	
1239897	8363.43848	3304433978709	0.00000	0.00000	8363.17676	0.18750	10989	0	0.24741	0.30766	0	0.44978	0.29376	0	0.44978	0.29376	0	0.46115	0.54067	11.17577	1.06646	0	0.46698	0.54240	11.69143	1.06646	0	-0.00949	-0.01092	0.68023	0.00226	1	-0.00858	-0.01082	0.68076	0.00389	1	1.45898	0.81042	0	
1239898	8363.44531	3304434045468	0.00000	0.00000	8363.17676	0.18750	10989	0	0.24741	0.30766	0	0.44978	0.29376	0	0.44978	0.29376	0	0.46115	0.54067	11.17577	1.06646	0	0.46698	0.54240	11.69143	1.06646	0	-0.00949	-0.01092	0.68023	0.00226	1	-0.00858	-0.01082	0.68076	0.00389	1	1.45898	0.81042	0	
1239899	8363.45215	3304434112496	0.00000	0.00000	8363.17676	0.18750	10989	0	0.24741	0.30766	0	0.44978	0.29376	0	0.44978	0.29376	0	0.46115	0.54067	11.17577	1.06646	0	0.46698	0.54240	11.69143	1.06646	0	-0.00949	-0.01092	0.68023	0.00226	1	-0.00858	-0.01082	0.68076	0.00389	1	1.45898	0.81042	0	
1239900	8363.45801	3304434179657	0.00000	0.00000	8363.17676	0.18750	10989	0	0.24741	0.30766	0	0.44978	0.29376	0	0.44978	0.29376	0	0.46115	0.54067	11.17577	1.06646	0	0.46698	0.54240	11.69143	1.06646	0	-0.00949	-0.01092	0.68023	0.00226	1	-0.00858	-0.01082	0.68076	0.00389	1	1.45898	0.81042	0	
1239901	8363.46484	3304434248084	0.00000	0.00000	8363.17676	0.18750	10989	0	0.24741	0.30766	0	0.44978	0.29376	0	0.44978	0.29376	0	0.46115	0.54067	11.17577	1.06646	0	0.46698	0.54240	11.69143	1.06646	0	-0.00949	-0.01092	0.68023	0.00226	1	-0.00858	-0.01082	0.68076	0.00389	1	1.45898	0.81042	0	
1239902	8363.47168	3304434313825	0.44978	0.29376	8363.17676	0.18750	10989	0	0.24741	0.30766	0	0.44978	0.29376	1	0.44978	0.29376	1	0.46786	0.54131	10.87774	1.06646	0	0.46786	0.54131	10.87774	1.06646	1	-0.00949	-0.01092	0.68023	0.00226	1	-0.00834	-0.01061	0.67022	0.00403	1	1.45898	0.81042	0	
1239903	8363.47852	3304434381147	0.46298	0.31881	8363.17676	0.18750	10989	0	0.24741	0.30766	0	0.47618	0.34387	1	0.47618	0.34387	1	0.46786	0.54131	10.87774	1.06646	0	0.46782	0.54239	11.79629	1.06646	1	-0.00949	-0.01092	0.68023	0.00226	1	-0.00834	-0.01061	0.67022	0.00358	1	1.45898	0.81042	0	
1239904	8363.48535	3304434448070	0.50804	0.34472	8363.17676	0.18750	10989	0	0.60984	0.36452	1	0.58647	0.42852	1	0.59815	0.39652	1	0.46778	0.54239	11.63168	1.06646	1	0.73180	0.56718	11.64443	1.06646	1	-0.00949	-0.01092	0.68023	0.00361	1	-0.00834	-0.01061	0.67022	0.00396	1	1.45898	0.81042	0	
1239905	8363.49219	3304434514642	0.55718	0.38190	8363.17676	0.18750	10989	0	0.61012	0.37062	1	0.58431	0.44001	1	0.59721	0.40532	1	0.46791	0.54250	11.10807	1.05844	1	0.73176	0.56660	11.18962	1.05078	1	-0.00812	-0.01034	0.65639	0.00356	1	0.06238	-0.01633	0.70676	0.00388	1	1.45898	0.81042	0	
1239906	8363.49902	3304434581728	0.57197	0.39616	8363.17676	0.18750	10989	0	0.61012	0.37062	0	0.58676	0.41042	1	0.58676	0.41042	1	0.46791	0.54250	11.10807	1.04276	0	0.73185	0.56692	11.60443	1.03511	1	-0.00812	-0.01034	0.65639	0.00356	1	0.06238	-0.01633	0.70676	0.00397	1	1.45898	0.81042	0	
1239907	8363.50488	3304434647881	0.57197	0.39616	8363.17676	0.18750	10989	0	0.61012	0.37062	0	0.58676	0.41042	0	0.58676	0.41042	0	0.46791	0.54250	11.10807	1.02709	0	0.73185	0.56692	11.60443	1.01943	0	-0.00812	-0.01034	0.65639	0.00356	1	0.06238	-0.01633	0.70676	0.00397	1	1.45898	0.81042	0	
1239908	8363.51172	3304434715868	0.57197	0.39616	8363.49219	0.01953	10990	1	0.61012	0.37062	0	0.58676	0.41042	0	0.58676	0.41042	0	0.46791	0.54250	11.10807	1.01141	0	0.73185	0.56692	11.60443	1.00375	0	-0.00812	-0.01034	0.65639	0.00356	1	0.06238	-0.01633	0.70676	0.00397	1	1.45898	0.81042	0	
1239909	8363.51855	3304434782082	0.57197	0.39616	8363.49219	0.02637	10990	1	0.61012	0.37062	0	0.58676	0.41042	0	0.58676	0.41042	0	0.46791	0.54250	11.10807	1.00375	0	0.73185	0.56692	11.60443	1.00375	0	-0.00812	-0.01034	0.65639	0.00356	1	0.06238	-0.01633	0.70676	0.00397	1	1.45898	0.81042	0	
1239910	8363.52539	3304434849795	0.58676	0.41042	8363.49219	0.02637	10990	0	0.61012	0.37062	0	0.58676	0.41042	0	0.58676	0.41042	0	0.46791	0.54250	11.10807	1.00375	0	0.73185	0.56692	11.60443	1.00375	0	-0.00812	-0.01034	0.65639	0.00356	1	0.06238	-0.01633	0.70676	0.00397	1	1.45898	0.81042	0	
1239911	8363.53223	3304434916601	0.58676	0.41042	8363.49219	0.02637	10990	0	0.61012	0.37062	0	0.58676	0.41042	0	0.58676	0.41042	0	0.46791	0.54250	11.10807	1.00375	0	0.73185	0.56692	11.60443	1.00375	0	-0.00812	-0.01034	0.65639	0.00356	1	0.06238	-0.01633	0.70676	0.00397	1	1.45898	0.81042	0	
1239912	8363.53906	3304434982342	0.58676	0.41042	8363.49219	0.02637	10990	0	0.61012	0.37062	0	0.58676	0.41042	0	0.58676	0.41042	0	0.46791	0.54250	11.10807	1.00375	0	0.73185	0.56692	11.60443	1.00375	0	-0.00812	-0.01034	0.65639	0.00356	1	0.06238	-0.01633	0.70676	0.00397	1	1.45898	0.81042	0	
1239913	8363.54590	3304435050407	0.00000	0.00000	8363.49219	0.02637	10990	0	0.61012	0.37062	0	0.58676	0.41042	0	0.58676	0.41042	0	0.46791	0.54250	11.10807	1.00375	0	0.73185	0.56692	11.60443	1.00375	0	-0.00812	-0.01034	0.65639	0.00356	1	0.06238	-0.01633	0.70676	0.00397	1	1.45898	0.81042	0	
1239914	8363.55176	3304435115538	0.00000	0.00000	8363.49219	0.02637	10990	0	0.61012	0.37062	0	0.58676	0.41042	0	0.58676	0.41042	0	0.46791	0.54250	11.10807	1.00375	0	0.73185	0.56692	11.60443	1.00375	0	-0.00812	-0.01034	0.65639	0.00356	1	0.06238	-0.01633	0.70676	0.00397	1	1.45898	0.81042	0	
1239915	8363.55859	3304435181995	0.00000	0.00000	8363.49219	0.02637	10990	0	0.61012	0.37062	0	0.58676	0.41042	0	0.58676	0.41042	0	0.46791	0.54250	11.10807	1.00375	0	0.73185	0.56692	11.60443	1.00375	0	-0.00812	-0.01034	0.65639	0.00356	1	0.06238	-0.01633	0.70676	0.00397	1	1.45898	0.81042	0	
1239916	8363.56543	3304435247001	0.55836	0.39738	8363.49219	0.02637	10990	0	0.57463	0.37678	1	0.54210	0.41798	1	0.55836	0.39738	1	0.46756	0.54244	11.84116	1.00375	1	0.73154	0.56645	10.98879	1.00375	1	-0.00812	-0.01034	0.65639	0.00358	1	0.06238	-0.01633	0.70676	0.00396	1	1.45898	0.81042	0	
1239917	8363.57227	3304435314950	0.55864	0.39270	8363.49219	0.02637	10990	0	0.57409	0.37039	1	0.54372	0.40565	1	0.55891	0.38802	1	0.46766	0.54257	12.02757	1.01177	1	0.73185	0.56708	11.31157	1.01943	1	-0.00841	-0.01088	0.68428	0.00350	1	0.05978	-0.01563	0.67679	0.00394	1	1.45898	0.81042	0	
1239918	8363.57910	3304435382326	0.57027	0.39551	8363.49219	0.02637	10990	0	0.61034	0.42258	1	0.57675	0.37966	1	0.59355	0.40112	1	0.46778	0.54278	11.94023	1.02745	1	0.73200	0.56667	11.82837	1.03511	1	-0.00841	-0.01088	0.68428	0.00357	1	0.05978	-0.01563	0.67679	0.00385	1	1.45898	0.81042	0	
1239919	8363.58496	3304435449516	0.57568	0.37591	8363.56543	0.01953	10991	1	0.61681	0.27244	1	0.56698	0.36177	1	0.59189	0.31710	1	0.46798	0.54158	10.84486	1.04312	1	0.73147	0.56642	10.89540	1.05078	1	-0.00841	-0.01088	0.68428	0.00397	1	0.05978	-0.01563	0.67679	0.00404	1	1.45898	0.81042	0	
1239920	8363.59180	3304435514586	0.57890	0.36348	8363.56543	0.02637	10991	1	0.61657	0.26582	1	0.56698	0.36177	1	0.59177	0.31379	1	0.46647	0.54229	10.84683	1.05078	1	0.73034	0.56701	11.51904	1.05078	1	-0.00836	-0.01044	0.65955	0.00383	1	0.05775	-0.01517	0.65659	0.00386	1	1.45898	0.81042	0	
1239921	8363.59863	3304435584258	0.57367	0.36672	8363.56543	0.03320	10991	1	0.56395	0.36224	1	0.53112	0.40354	1	0.54753	0.38289	1	0.46618	0.54205	11.94797	1.04276	1	0.73011	0.56677	11.45421	1.03511	1	-0.00836	-0.01044	0.65955	0.00382	1	0.05775	-0.01517	0.65659	0.00387	1	1.45898	0.81042	0	
1239922	8363.60547	3304435650277	0.57095	0.37795	8363.56543	0.04004	10991	1	0.59080	0.38812	1	0.51852	0.50260	1	0.55466	0.44536	1	0.46631	0.54234	11.80926	1.02709	1	0.72999	0.56684	11.68476	1.01943	1	-0.00836	-0.01044	0.65955	0.00374	1	0.05775	-0.01517	0.65659	0.00374	1	1.45898	0.81042	0	
1239923	8363.61230	3304435716603	0.56894	0.38675	8363.56543	0.04688	10991	1	0.59120	0.39399	1	0.51852	0.50260	1	0.55486	0.44830	1	0.46568	0.54199	11.18440	1.01943	1	0.72962	0.56659	11.43324	1.01943	1	-0.00878	-0.01078	0.68106	0.00386	1	0.06019	-0.01580	0.68606	0.00388	1	1.45898	0.81042	0	
1239924	8363.61914	3304435787544	0.56466	0.38846	8363.56543	0.05371	10991	1	0.55504	0.34802	1	0.50583	0.45627	1	0.53043	0.40214	1	0.46573	0.54201	11.05574	1.02745	1	0.72971	0.56675	11.43363	1.03511	1	-0.00878	-0.01078	0.68106	0.00371	1	0.06019	-0.01580	0.68606	0.00393	1	1.45898	0.81042	0	
1239925	8363.62598	3304435853779	0.56215	0.39085	8363.56543	0.06055	10991	1	0.58150	0.38157	1	0.49765	0.44314	1	0.53957	0.41236	1	0.46610	0.54228	11.92039	1.04312	1	0.72960	0.56697	11.43253	1.05078	1	-0.00878	-0.01078	0.68106	0.00381	1	0.06019	-0.01580	0.68606	0.00398	1	1.45898	0.81042	0	
1239926	8363.63281	3304435921082	0.56010	0.39113	8363.56543	0.06738	10991	1	0.58004	0.36269	1	0.49909	0.42523	1	0.53956	0.39396	1	0.46599	0.54154	11.12659	1.06788	1	0.72949	0.56624	11.01678	1.07554	1	-0.00908	-0.01116	0.70846	0.00404	1	0.05915	-0.01557	0.67422	0.00407	1	1.45898	0.81042	0	
1239927	8363.63965	3304435988517	0.55788	0.39101	8363.56543	0.07422	10991	1	0.57024	0.35801	1	0.49672	0.42148	1	0.53348	0.38975	1	0.46595	0.54229	11.23210	1.08463	1	0.72951	0.56686	11.60800	1.08463	1	-0.00908	-0.01116	0.70846	0.00361	1	0.05915	-0.01557	0.67422	0.00402	1	1.45898	0.81042	0	
1239928	8363.64551	3304436054682	0.54777	0.38360	8363.56543	0.08008	10991	1	0.57024	0.35801	0	0.42644	0.29463	1	0.42644	0.29463	1	0.46595	0.54229	11.23210	1.09371	0	0.46585	0.54230	11.29218	1.09371	1	-0.00908	-0.01116	0.70846	0.00361	1	0.05915	-0.01557	0.67422	0.00375	1	1.45898	0.81042	0	
1239929	8363.65234	3304436122152	0.53910	0.37671	8363.56543	0.08691	10991	1	0.57024	0.35801	0	0.42637	0.28713	1	0.42637	0.28713	1	0.46595	0.54229	11.23210	1.10280	0	0.46584	0.54231	11.45229	1.10280	1	-0.00908	-0.01116	0.70846	0.00361	1	-0.00878	-0.01078	0.68106	0.00374	1	1.45898	0.81042	0	
1239930	8363.65918	3304436189229	0.53145	0.37070	8363.56543	0.09375	10991	1	0.57024	0.35801	0	0.42439	0.28661	1	0.42439	0.28661	1	0.46595	0.54229	11.23210	1.10280	0	0.46581	0.54232	11.31770	1.10280	1	-0.00908	-0.01116	0.70846	0.00361	1	-0.00878	-0.01078	0.68106	0.00382	1	1.45898	0.81042	0	
1239931	8363.66602	3304436255883	0.52458	0.36557	8363.56543	0.10059	10991	1	0.57024	0.35801	0	0.42155	0.28855	1	0.42155	0.28855	1	0.46595	0.54229	11.23210	1.10280	0	0.46580	0.54216	10.96208	1.10280	1	-0.00908	-0.01116	0.70846	0.00361	1	-0.00878	-0.01078	0.68106	0.00381	1	1.45898	0.81042	0	
1239932	8363.67285	3304436323316	0.49337	0.36002	8363.56543	0.10059	10991	0	0.57024	0.35801	0	0.42155	0.28855	1	0.42155	0.28855	1	0.46595	0.54229	11.23210	1.10280	0	0.46585	0.54214	11.20108	1.10280	1	-0.00908	-0.01116	0.70846	0.00361	1	-0.00878	-0.01078	0.68106	0.00380	1	1.45898	0.81042	0	
1239933	8363.67969	3304436390195	0.44548	0.28741	8363.56543	0.10059	10991	0	0.57024	0.35801	0	0.39760	0.21481	1	0.39760	0.21481	1	0.46595	0.54229	11.23210	1.10280	0	0.46534	0.54169	11.99257	1.10280	1	-0.00908	-0.01116	0.70846	0.00361	1	-0.00878	-0.01078	0.68106	0.00381	1	1.45898	0.81042	0	
1239934	8363.68652	3304436456581	0.43900	0.28154	8363.56543	0.10059	10991	0	0.57024	0.35801	0	0.42605	0.26980	1	0.42605	0.26980	1	0.46595	0.54229	11.23210	1.10280	0	0.46579	0.54208	11.35393	1.10280	1	-0.00908	-0.01116	0.70846	0.00361	1	-0.00878	-0.01078	0.68106	0.00385	1	1.45898	0.81042	0	
1239935	8363.69336	3304436523922	0.41658	0.25362	8363.56543	0.10059	10991	0	0.57024	0.35801	0	0.42610	0.27624	1	0.42610	0.27624	1	0.46595	0.54229	11.23210	1.10280	0	0.46497	0.54235	11.43611	1.09514	1	-0.00908	-0.01116	0.70846	0.00361	1	-0.00864	-0.01054	0.66572	0.00376	1	1.45898	0.81042	0	
1239936	8363.69922	3304436591835	0.40949	0.25004	8363.56543	0.10059	10991	0	0.57024	0.35801	0	0.40240	0.24646	1	0.40240	0.24646	1	0.46595	0.54229	11.23210	1.09514	0	0.46504	0.54181	11.31905	1.08748	1	-0.00908	-0.01116	0.70846	0.00361	1	-0.00864	-0.01054	0.66572	0.00380	1	1.45898	0.81042	0	
1239937	8363.70605	3304436658052	0.39717	0.27464	8363.56543	0.10059	10991	0	0.57024	0.35801	0	0.37253	0.32385	1	0.37253	0.32385	1	0.46595	0.54229	11.23210	1.08748	0	0.46499	0.54219	11.46032	1.07982	1	-0.00908	-0.01116	0.70846	0.00361	1	-0.00864	-0.01054	0.66572	0.00378	1	1.45898	0.81042	0	
1239938	8363.71289	3304436724599	0.41590	0.29344	8363.69336	0.01953	10992	1	0.57115	0.36850	1	0.37303	0.33116	1	0.47209	0.34983	1	0.46502	0.54205	11.37379	1.07074	1	0.72959	0.56678	11.46481	1.07074	1	-0.00829	-0.01005	0.63520	0.00380	1	0.05915	-0.01557	0.67422	0.00385	1	1.45898	0.81042	0	
1239939	8363.71973	3304436791922	0.43806	0.31112	8363.69336	0.02637	10992	1	0.54425	0.38990	1	0.50915	0.37379	1	0.52670	0.38185	1	0.46511	0.54229	11.52685	1.06165	1	0.72930	0.56671	11.76849	1.06931	1	-0.00829	-0.01005	0.63520	0.00373	1	0.05915	-0.01557	0.67422	0.00390	1	1.45898	0.81042	0	
1239940	8363.72656	3304436858928	0.45587	0.31285	8363.69336	0.03320	10992	1	0.54294	0.28913	1	0.54696	0.35388	1	0.54495	0.32150	1	0.46519	0.54180	11.30978	1.06022	1	0.72955	0.56659	11.37385	1.06788	1	-0.00829	-0.01005	0.63520	0.00392	1	0.05915	-0.01557	0.67422	0.00402	1	1.45898	0.81042	0	
1239941	8363.73340	3304436926142	0.46860	0.31425	8363.69336	0.04004	10992	1	0.54307	0.29032	1	0.54682	0.35502	1	0.54494	0.32267	1	0.46501	0.54160	10.86094	1.05880	1	0.72944	0.56613	11.39260	1.06646	1	-0.00829	-0.01005	0.63520	0.00396	1	0.05938	-0.01566	0.67807	0.00414	1	1.45898	0.81042	0	
1239942	8363.74023	3304436992744	0.47665	0.31385	8363.69336	0.04688	10992	1	0.53424	0.27829	1	0.53184	0.34380	1	0.53304	0.31104	1	0.46503	0.54128	10.81197	1.06646	1	0.72927	0.56629	11.40847	1.06646	1	-0.00829	-0.01005	0.63520	0.00392	1	0.05938	-0.01566	0.67807	0.00408	1	1.45898	0.81042	0	
1239943	8363.74609	3304437059802	0.48232	0.31466	8363.69336	0.05273	10992	1	0.52517	0.28014	1	0.53008	0.36214	1	0.52763	0.32114	1	0.46497	0.54153	10.87178	1.06646	1	0.72928	0.56663	11.48638	1.06646	1	-0.00829	-0.01005	0.63520	0.00386	1	0.05938	-0.01566	0.67807	0.00396	1	1.45898	0.81042	0	
1239944	8363.75293	3304437124365	0.48682	0.31561	8363.69336	0.05957	10992	1	0.52517	0.28014	1	0.52942	0.36820	1	0.52730	0.32417	1	0.46497	0.54172	10.77300	1.06646	1	0.72938	0.56683	11.22204	1.05880	1	-0.00885	-0.01079	0.67866	0.00388	1	0.05762	-0.01516	0.65854	0.00392	1	1.45898	0.81042	0	
1239945	8363.75977	3304437192022	0.48989	0.32079	8363.69336	0.06641	10992	1	0.52517	0.28014	0	0.52059	0.37256	1	0.52059	0.37256	1	0.46497	0.54172	10.77300	1.05880	0	0.72916	0.56609	11.73993	1.05114	1	-0.00885	-0.01079	0.67866	0.00388	1	0.05762	-0.01516	0.65854	0.00400	1	1.45898	0.81042	0	
1239946	8363.76660	3304437257431	0.48989	0.32079	8363.69336	0.07324	10992	1	0.52517	0.28014	0	0.52059	0.37256	0	0.52059	0.37256	0	0.46497	0.54172	10.77300	1.05114	0	0.72916	0.56609	11.73993	1.04348	0	-0.00885	-0.01079	0.67866	0.00388	1	0.05762	-0.01516	0.65854	0.00400	1	1.45898	0.81042	0	
1239947	8363.77344	3304437325341	0.48989	0.32079	8363.69336	0.08008	10992	1	0.52517	0.28014	0	0.52059	0.37256	0	0.52059	0.37256	0	0.46497	0.54172	10.77300	1.04348	0	0.72916	0.56609	11.73993	1.03582	0	-0.00885	-0.01079	0.67866	0.00388	1	0.05762	-0.01516	0.65854	0.00400	1	1.45898	0.81042	0	
1239948	8363.77930	3304437392130	0.48989	0.32079	8363.69336	0.08594	10992	1	0.52517	0.28014	0	0.52059	0.37256	0	0.52059	0.37256	0	0.46497	0.54172	10.77300	1.03582	0	0.72916	0.56609	11.73993	1.03582	0	-0.00885	-0.01079	0.67866	0.00388	1	0.05762	-0.01516	0.65854	0.00400	1	1.45898	0.81042	0	
1239949	8363.78613	3304437458872	0.49722	0.32751	8363.69336	0.08594	10992	0	0.52517	0.28014	0	0.52059	0.37256	0	0.52059	0.37256	0	0.46497	0.54172	10.77300	1.03582	0	0.72916	0.56609	11.73993	1.03582	0	-0.00885	-0.01079	0.67866	0.00388	1	0.05762	-0.01516	0.65854	0.00400	1	1.45898	0.81042	0	
1239950	8363.79297	3304437524619	0.49722	0.32751	8363.69336	0.08594	10992	0	0.52517	0.28014	0	0.52059	0.37256	0	0.52059	0.37256	0	0.46497	0.54172	10.77300	1.03582	0	0.72916	0.56609	11.73993	1.03582	0	-0.00885	-0.01079	0.67866	0.00388	1	0.05762	-0.01516	0.65854	0.00400	1	1.45898	0.81042	0	
1239951	8363.79980	3304437592598	0.49722	0.32751	8363.69336	0.08594	10992	0	0.52517	0.28014	0	0.52059	0.37256	0	0.52059	0.37256	0	0.46497	0.54172	10.77300	1.03582	0	0.72916	0.56609	11.73993	1.03582	0	-0.00885	-0.01079	0.67866	0.00388	1	0.05762	-0.01516	0.65854	0.00400	1	1.45898	0.81042	0	
1239952	8363.80664	3304437659940	0.00000	0.00000	8363.69336	0.08594	10992	0	0.52517	0.28014	0	0.52059	0.37256	0	0.52059	0.37256	0	0.46497	0.54172	10.77300	1.03582	0	0.72916	0.56609	11.73993	1.03582	0	-0.00885	-0.01079	0.67866	0.00388	1	0.05762	-0.01516	0.65854	0.00400	1	1.45898	0.81042	0	
1239953	8363.81348	3304437729613	0.00000	0.00000	8363.69336	0.08594	10992	0	0.52517	0.28014	0	0.52059	0.37256	0	0.52059	0.37256	0	0.46497	0.54172	10.77300	1.03582	0	0.72916	0.56609	11.73993	1.03582	0	-0.00885	-0.01079	0.67866	0.00388	1	0.05762	-0.01516	0.65854	0.00400	1	1.45898	0.81042	0	
1239954	8363.82031	3304437796531	0.00000	0.00000	8363.69336	0.08594	10992	0	0.52517	0.28014	0	0.52059	0.37256	0	0.52059	0.37256	0	0.46497	0.54172	10.77300	1.03582	0	0.72916	0.56609	11.73993	1.03582	0	-0.00885	-0.01079	0.67866	0.00388	1	0.05762	-0.01516	0.65854	0.00400	1	1.45898	0.81042	0	
1239955	8363.82715	3304437863829	0.53100	0.37399	8363.69336	0.08594	10992	0	0.54570	0.31915	1	0.51630	0.42883	1	0.53100	0.37399	1	0.46443	0.54144	11.43223	1.03582	1	0.72831	0.56611	11.78119	1.03582	1	-0.00885	-0.01079	0.67866	0.00405	1	0.05762	-0.01516	0.65854	0.00366	1	1.45898	0.81042	0	
1239956	8363.83301	3304437929897	0.53100	0.37399	8363.69336	0.08594	10992	0	0.54570	0.31915	1	0.51630	0.42883	1	0.53100	0.37399	1	0.46430	0.54205	11.33766	1.03582	1	0.72807	0.56613	12.32676	1.03582	1	-0.00905	-0.01068	0.67830	0.00382	1	0.05682	-0.01490	0.65157	0.00361	1	1.45898	0.81042	0	
1239957	8363.83984	3304437998252	0.52718	0.38328	8363.69336	0.08594	10992	0	0.54823	0.35373	1	0.49084	0.45001	1	0.51954	0.40187	1	0.46435	0.54183	11.25114	1.03582	1	0.72796	0.56637	12.30282	1.03582	1	-0.00905	-0.01068	0.67830	0.00398	1	0.05682	-0.01490	0.65157	0.00363	1	1.45898	0.81042	0	
1239958	8363.84668	3304438064774	0.52769	0.38441	8363.82715	0.01953	10993	1	0.54823	0.35373	1	0.51021	0.42185	1	0.52922	0.38779	1	0.46435	0.54183	11.25114	1.03582	1	0.72818	0.56588	12.02417	1.03582	1	-0.00905	-0.01068	0.67830	0.00397	1	0.05682	-0.01490	0.65157	0.00384	1	1.45898	0.81042	0	
1239959	8363.85352	3304438131225	0.52800	0.38509	8363.82715	0.02637	10993	1	0.54823	0.35373	1	0.51021	0.42185	1	0.52922	0.38779	1	0.46450	0.54255	11.73577	1.03582	1	0.72800	0.56621	11.86466	1.03582	1	-0.00905	-0.01068	0.67830	0.00360	1	0.05720	-0.01496	0.65597	0.00369	1	1.45898	0.81042	0	
1239960	8363.86035	3304438198328	0.52363	0.39409	8363.82715	0.03320	10993	1	0.54823	0.35373	0	0.50178	0.43912	1	0.50178	0.43912	1	0.46450	0.54255	11.73577	1.03582	0	0.72804	0.56622	11.78350	1.03582	1	-0.00905	-0.01068	0.67830	0.00360	1	0.05720	-0.01496	0.65597	0.00368	1	1.45898	0.81042	0	
1239961	8363.86719	3304438265627	0.52363	0.39409	8363.82715	0.04004	10993	1	0.54823	0.35373	0	0.50178	0.43912	0	0.50178	0.43912	0	0.46450	0.54255	11.73577	1.03582	0	0.72804	0.56622	11.78350	1.03582	0	-0.00905	-0.01068	0.67830	0.00360	1	0.05720	-0.01496	0.65597	0.00368	1	1.45898	0.81042	0	
1239962	8363.87402	3304438332482	0.52363	0.39409	8363.82715	0.04688	10993	1	0.54823	0.35373	0	0.50178	0.43912	0	0.50178	0.43912	0	0.46450	0.54255	11.73577	1.03582	0	0.72804	0.56622	11.78350	1.03582	0	-0.00905	-0.01068	0.67830	0.00360	1	0.05720	-0.01496	0.65597	0.00368	1	1.45898	0.81042	0	
1239963	8363.88086	3304438399340	0.51917	0.40081	8363.82715	0.05371	10993	1	0.54823	0.35373	0	0.49241	0.44111	1	0.49241	0.44111	1	0.46450	0.54255	11.73577	1.03582	0	0.72791	0.56577	11.16853	1.03582	1	-0.00905	-0.01068	0.67830	0.00360	1	0.05720	-0.01496	0.65597	0.00381	1	1.45898	0.81042	0	
1239964	8363.88672	3304438466838	0.51648	0.40389	8363.82715	0.05957	10993	1	0.54823	0.35373	0	0.49768	0.42544	1	0.49768	0.42544	1	0.46450	0.54255	11.73577	1.03582	0	0.72795	0.56561	11.12756	1.03582	1	-0.00905	-0.01068	0.67830	0.00360	1	0.05720	-0.01496	0.65597	0.00383	1	1.45898	0.81042	0	
1239965	8363.89355	3304438534008	0.51648	0.40389	8363.82715	0.06641	10993	1	0.54823	0.35373	0	0.49768	0.42544	0	0.49768	0.42544	0	0.46450	0.54255	11.73577	1.03582	0	0.72795	0.56561	11.12756	1.03582	0	-0.00905	-0.01068	0.67830	0.00360	1	0.05720	-0.01496	0.65597	0.00383	1	1.45898	0.81042	0	
1239966	8363.90039	3304438601169	0.51648	0.40389	8363.82715	0.07324	10993	1	0.54823	0.35373	0	0.49768	0.42544	0	0.49768	0.42544	0	0.46450	0.54255	11.73577	1.03582	0	0.72795	0.56561	11.12756	1.03582	0	-0.00905	-0.01068	0.67830	0.00360	1	0.05720	-0.01496	0.65597	0.00383	1	1.45898	0.81042	0	
1239967	8363.90723	3304438667935	0.51648	0.40389	8363.82715	0.08008	10993	1	0.54823	0.35373	0	0.49768	0.42544	0	0.49768	0.42544	0	0.46450	0.54255	11.73577	1.03582	0	0.72795	0.56561	11.12756	1.03582	0	-0.00905	-0.01068	0.67830	0.00360	1	0.05720	-0.01496	0.65597	0.00383	1	1.45898	0.81042	0	
1239968	8363.91406	3304438734098	0.51444	0.40564	8363.82715	0.08691	10993	1	0.54823	0.35373	0	0.49814	0.41969	1	0.49814	0.41969	1	0.46450	0.54255	11.73577	1.03582	0	0.72751	0.56786	9.11974	1.04348	1	-0.00905	-0.01068	0.67830	0.00360	1	0.05852	-0.01506	0.67164	0.00309	1	1.45898	0.81042	0	
1239969	8363.92090	3304438801400	0.51444	0.40564	8363.82715	0.09375	10993	1	0.54823	0.35373	0	0.49814	0.41969	0	0.49814	0.41969	0	0.46450	0.54255	11.73577	1.04348	0	0.72751	0.56786	9.11974	1.05114	0	-0.00905	-0.01068	0.67830	0.00360	1	0.05852	-0.01506	0.67164	0.00309	1	1.45898	0.81042	0	
1239970	8363.92773	3304438867908	0.51444	0.40564	8363.82715	0.10059	10993	1	0.54823	0.35373	0	0.49814	0.41969	0	0.49814	0.41969	0	0.46450	0.54255	11.73577	1.05114	0	0.72751	0.56786	9.11974	1.05880	0	-0.00905	-0.01068	0.67830	0.00360	1	0.05852	-0.01506	0.67164	0.00309	1	1.45898	0.81042	0	
1239971	8363.93359	3304438935847	0.51444	0.40564	8363.82715	0.10645	10993	1	0.54823	0.35373	0	0.49814	0.41969	0	0.49814	0.41969	0	0.46450	0.54255	11.73577	1.05880	0	0.72751	0.56786	9.11974	1.06646	0	-0.00905	-0.01068	0.67830	0.00360	1	0.05852	-0.01506	0.67164	0.00309	1	1.45898	0.81042	0	
1239972	8363.94043	3304439002597	0.51237	0.40960	8363.82715	0.10645	10993	0	0.54823	0.35373	0	0.49814	0.41969	0	0.49814	0.41969	0	0.46450	0.54255	11.73577	1.06646	0	0.72751	0.56786	9.11974	1.06646	0	-0.00905	-0.01068	0.67830	0.00360	1	0.05852	-0.01506	0.67164	0.00309	1	1.45898	0.81042	0	
1239973	8363.94727	3304439069236	0.51237	0.40960	8363.82715	0.10645	10993	0	0.54823	0.35373	0	0.49814	0.41969	0	0.49814	0.41969	0	0.46450	0.54255	11.73577	1.06646	0	0.72751	0.56786	9.11974	1.06646	0	-0.00905	-0.01068	0.67830	0.00360	1	0.05852	-0.01506	0.67164	0.00309	1	1.45898	0.81042	0	
1239974	8363.95410	3304439136449	0.51237	0.40960	8363.82715	0.10645	10993	0	0.54823	0.35373	0	0.49814	0.41969	0	0.49814	0.41969	0	0.46450	0.54255	11.73577	1.06646	0	0.72751	0.56786	9.11974	1.06646	0	-0.00905	-0.01068	0.67830	0.00360	1	0.05852	-0.01506	0.67164	0.00309	1	1.45898	0.81042	0	
1239975	8363.96094	3304439203871	0.00000	0.00000	8363.82715	0.10645	10993	0	0.54823	0.35373	0	0.49814	0.41969	0	0.49814	0.41969	0	0.46450	0.54255	11.73577	1.06646	0	0.72751	0.56786	9.11974	1.06646	0	-0.00905	-0.01068	0.67830	0.00360	1	0.05852	-0.01506	0.67164	0.00309	1	1.45898	0.81042	0	
1239976	8363.96777	3304439270734	0.00000	0.00000	8363.82715	0.10645	10993	0	0.54823	0.35373	0	0.49814	0.41969	0	0.49814	0.41969	0	0.46450	0.54255	11.73577	1.06646	0	0.72751	0.56786	9.11974	1.06646	0	-0.00905	-0.01068	0.67830	0.00360	1	0.05852	-0.01506	0.67164	0.00309	1	1.45898	0.81042	0	
1239977	8363.97461	3304439337226	0.00000	0.00000	8363.82715	0.10645	10993	0	0.54823	0.35373	0	0.49814	0.41969	0	0.49814	0.41969	0	0.46450	0.54255	11.73577	1.06646	0	0.72751	0.56786	9.11974	1.06646	0	-0.00905	-0.01068	0.67830	0.00360	1	0.05852	-0.01506	0.67164	0.00309	1	1.45898	0.81042	0	
1239978	8363.98047	3304439403833	0.00000	0.00000	8363.82715	0.10645	10993	0	0.54823	0.35373	0	0.49814	0.41969	0	0.49814	0.41969	0	0.46450	0.54255	11.73577	1.06646	0	0.72751	0.56786	9.11974	1.06646	0	-0.00905	-0.01068	0.67830	0.00360	1	0.05852	-0.01506	0.67164	0.00309	1	1.45898	0.81042	0	
1239979	8363.98730	3304439470991	0.00000	0.00000	8363.82715	0.10645	10993	0	0.54823	0.35373	0	0.49814	0.41969	0	0.49814	0.41969	0	0.46450	0.54255	11.73577	1.06646	0	0.72751	0.56786	9.11974	1.06646	0	-0.00905	-0.01068	0.67830	0.00360	1	0.05852	-0.01506	0.67164	0.00309	1	1.45898	0.81042	0	
1239980	8363.99414	3304439539171	0.00000	0.00000	8363.82715	0.10645	10993	0	0.54823	0.35373	0	0.49814	0.41969	0	0.49814	0.41969	0	0.46450	0.54255	11.73577	1.06646	0	0.72751	0.56786	9.11974	1.06646	0	-0.00905	-0.01068	0.67830	0.00360	1	0.05852	-0.01506	0.67164	0.00309	1	1.45898	0.81042	0	
1239981	8364.00098	3304439605563	0.00000	0.00000	8363.82715	0.10645	10993	0	0.54823	0.35373	0	0.49814	0.41969	0	0.49814	0.41969	0	0.46450	0.54255	11.73577	1.06646	0	0.72751	0.56786	9.11974	1.06646	0	-0.00905	-0.01068	0.67830	0.00360	1	0.05852	-0.01506	0.67164	0.00309	1	1.45898	0.81042	0	
1239982	8364.00781	3304439672264	0.00000	0.00000	8363.82715	0.10645	10993	0	0.54823	0.35373	0	0.49814	0.41969	0	0.49814	0.41969	0	0.46450	0.54255	11.73577	1.06646	0	0.72751	0.56786	9.11974	1.06646	0	-0.00905	-0.01068	0.67830	0.00360	1	0.05852	-0.01506	0.67164	0.00309	1	1.45898	0.81042	0	
1239983	8364.01465	3304439739253	0.00000	0.00000	8363.82715	0.10645	10993	0	0.54823	0.35373	0	0.49814	0.41969	0	0.49814	0.41969	0	0.46450	0.54255	11.73577	1.06646	0	0.72751	0.56786	9.11974	1.06646	0	-0.00905	-0.01068	0.67830	0.00360	1	0.05852	-0.01506	0.67164	0.00309	1	1.45898	0.81042	0	
1239984	8364.02148	3304439806635	0.00000	0.00000	8363.82715	0.10645	10993	0	0.54823	0.35373	0	0.49814	0.41969	0	0.49814	0.41969	0	0.46450	0.54255	11.73577	1.06646	0	0.72751	0.56786	9.11974	1.06646	0	-0.00905	-0.01068	0.67830	0.00360	1	0.05852	-0.01506	0.67164	0.00309	1	1.45898	0.81042	0	
1239985	8364.02734	3304439873253	0.00000	0.00000	8363.82715	0.10645	10993	0	0.54823	0.35373	0	0.49814	0.41969	0	0.49814	0.41969	0	0.46450	0.54255	11.73577	1.06646	0	0.72751	0.56786	9.11974	1.06646	0	-0.00905	-0.01068	0.67830	0.00360	1	0.05852	-0.01506	0.67164	0.00309	1	1.45898	0.81042	0	
1239986	8364.03418	3304439939974	0.00000	0.00000	8363.82715	0.10645	10993	0	0.54823	0.35373	0	0.49814	0.41969	0	0.49814	0.41969	0	0.46450	0.54255	11.73577	1.06646	0	0.72751	0.56786	9.11974	1.06646	0	-0.00905	-0.01068	0.67830	0.00360	1	0.05852	-0.01506	0.67164	0.00309	1	1.45898	0.81042	0	
1239987	8364.04102	3304440007059	0.00000	0.00000	8363.82715	0.10645	10993	0	0.54823	0.35373	0	0.49814	0.41969	0	0.49814	0.41969	0	0.46450	0.54255	11.73577	1.06646	0	0.72751	0.56786	9.11974	1.06646	0	-0.00905	-0.01068	0.67830	0.00360	1	0.05852	-0.01506	0.67164	0.00309	1	1.45898	0.81042	0	
1239988	8364.04785	3304440073996	0.00000	0.00000	8363.82715	0.10645	10993	0	0.54823	0.35373	0	0.49814	0.41969	0	0.49814	0.41969	0	0.46450	0.54255	11.73577	1.06646	0	0.72751	0.56786	9.11974	1.06646	0	-0.00905	-0.01068	0.67830	0.00360	1	0.05852	-0.01506	0.67164	0.00309	1	1.45898	0.81042	0	
1239989	8364.05469	3304440141357	0.00000	0.00000	8363.82715	0.10645	10993	0	0.54823	0.35373	0	0.49814	0.41969	0	0.49814	0.41969	0	0.46450	0.54255	11.73577	1.06646	0	0.72751	0.56786	9.11974	1.06646	0	-0.00905	-0.01068	0.67830	0.00360	1	0.05852	-0.01506	0.67164	0.00309	1	1.45898	0.81042	0	
1239990	8364.06152	3304440207897	0.00000	0.00000	8363.82715	0.10645	10993	0	0.54823	0.35373	0	0.49814	0.41969	0	0.49814	0.41969	0	0.46450	0.54255	11.73577	1.06646	0	0.72751	0.56786	9.11974	1.06646	0	-0.00905	-0.01068	0.67830	0.00360	1	0.05852	-0.01506	0.67164	0.00309	1	1.45898	0.81042	0	
1239991	8364.06836	3304440275347	0.00000	0.00000	8363.82715	0.10645	10993	0	0.54823	0.35373	0	0.49814	0.41969	0	0.49814	0.41969	0	0.46450	0.54255	11.73577	1.06646	0	0.72751	0.56786	9.11974	1.06646	0	-0.00905	-0.01068	0.67830	0.00360	1	0.05852	-0.01506	0.67164	0.00309	1	1.45898	0.81042	0	
1239992	8364.07520	3304440342327	0.24975	0.20121	8363.82715	0.10645	10993	0	0.54823	0.35373	0	0.49949	0.40243	1	0.49949	0.40243	1	0.46450	0.54255	11.73577	1.06646	0	0.72824	0.56370	11.61956	1.06646	1	-0.00905	-0.01068	0.67830	0.00360	1	0.05938	-0.01505	0.67807	0.00388	1	1.45898	0.81042	0	
1239993	8364.08105	3304440408002	0.49949	0.40243	8363.82715	0.10645	10993	0	0.54823	0.35373	0	0.49949	0.40243	0	0.49949	0.40243	0	0.46450	0.54255	11.73577	1.06646	0	0.72824	0.56370	11.61956	1.06646	0	-0.00905	-0.01068	0.67830	0.00360	1	0.05938	-0.01505	0.67807	0.00388	1	1.45898	0.81042	0	
1239994	8364.08789	3304440475911	0.49949	0.40243	8363.82715	0.10645	10993	0	0.54823	0.35373	0	0.49949	0.40243	0	0.49949	0.40243	0	0.46450	0.54255	11.73577	1.06646	0	0.72824	0.56370	11.61956	1.06646	0	-0.00905	-0.01068	0.67830	0.00360	1	0.05938	-0.01505	0.67807	0.00388	1	1.45898	0.81042	0	
1239995	8364.09473	3304440543153	0.49949	0.40243	8363.82715	0.10645	10993	0	0.54823	0.35373	0	0.49949	0.40243	0	0.49949	0.40243	0	0.46450	0.54255	11.73577	1.06646	0	0.72824	0.56370	11.61956	1.06646	0	-0.00905	-0.01068	0.67830	0.00360	1	0.05938	-0.01505	0.67807	0.00388	1	1.45898	0.81042	0	
1239996	8364.10156	3304440607990	0.00000	0.00000	8363.82715	0.10645	10993	0	0.54823	0.35373	0	0.49949	0.40243	0	0.49949	0.40243	0	0.46450	0.54255	11.73577	1.06646	0	0.72824	0.56370	11.61956	1.06646	0	-0.00905	-0.01068	0.67830	0.00360	1	0.05938	-0.01505	0.67807	0.00388	1	1.45898	0.81042	0	
1239997	8364.10840	3304440677282	0.00000	0.00000	8363.82715	0.10645	10993	0	0.54823	0.35373	0	0.49949	0.40243	0	0.49949	0.40243	0	0.46450	0.54255	11.73577	1.06646	0	0.72824	0.56370	11.61956	1.06646	0	-0.00905	-0.01068	0.67830	0.00360	1	0.05938	-0.01505	0.67807	0.00388	1	1.45898	0.81042	0	
1239998	8364.11523	3304440743562	0.00000	0.00000	8363.82715	0.10645	10993	0	0.54823	0.35373	0	0.49949	0.40243	0	0.49949	0.40243	0	0.46450	0.54255	11.73577	1.06646	0	0.72824	0.56370	11.61956	1.06646	0	-0.00905	-0.01068	0.67830	0.00360	1	0.05938	-0.01505	0.67807	0.00388	1	1.45898	0.81042	0	
1239999	8364.12109	3304440810036	0.00000	0.00000	8363.82715	0.10645	10993	0	0.54823	0.35373	0	0.49949	0.40243	0	0.49949	0.40243	0	0.46450	0.54255	11.73577	1.06646	0	0.72824	0.56370	11.61956	1.06646	0	-0.00905	-0.01068	0.67830	0.00360	1	0.05938	-0.01505	0.67807	0.00388	1	1.45898	0.81042	0	
1240000	8364.12793	3304440877689	0.00000	0.00000	8363.82715	0.10645	10993	0	0.54823	0.35373	0	0.49949	0.40243	0	0.49949	0.40243	0	0.46450	0.54255	11.73577	1.06646	0	0.72824	0.56370	11.61956	1.06646	0	-0.00905	-0.01068	0.67830	0.00360	1	0.05938	-0.01505	0.67807	0.00388	1	1.45898	0.81042	0	
1240001	8364.13477	3304440945255	0.00000	0.00000	8363.82715	0.10645	10993	0	0.54823	0.35373	0	0.49949	0.40243	0	0.49949	0.40243	0	0.46450	0.54255	11.73577	1.06646	0	0.72824	0.56370	11.61956	1.06646	0	-0.00905	-0.01068	0.67830	0.00360	1	0.05938	-0.01505	0.67807	0.00388	1	1.45898	0.81042	0	
1240002	8364.14160	3304441012058	0.00000	0.00000	8363.82715	0.10645	10993	0	0.54823	0.35373	0	0.49949	0.40243	0	0.49949	0.40243	0	0.46450	0.54255	11.73577	1.06646	0	0.72824	0.56370	11.61956	1.06646	0	-0.00905	-0.01068	0.67830	0.00360	1	0.05938	-0.01505	0.67807	0.00388	1	1.45898	0.81042	0	
1240003	8364.14844	3304441078757	0.24713	0.17950	8363.82715	0.10645	10993	0	0.54823	0.35373	0	0.49426	0.35900	1	0.49426	0.35900	1	0.46450	0.54255	11.73577	1.06646	0	0.72899	0.56380	12.30035	1.06646	1	-0.00905	-0.01068	0.67830	0.00360	1	0.05938	-0.01505	0.67807	0.00382	1	1.45898	0.81042	0	
1240004	8364.15527	3304441144609	0.32951	0.23934	8363.82715	0.10645	10993	0	0.54823	0.35373	0	0.49426	0.35900	1	0.49426	0.35900	1	0.46450	0.54255	11.73577	1.06646	0	0.72870	0.56413	12.88518	1.06646	1	-0.00905	-0.01068	0.67830	0.00360	1	0.06019	-0.01528	0.68606	0.00380	1	1.45898	0.81042	0	
1240005	8364.16211	3304441212062	0.49426	0.35900	8363.82715	0.10645	10993	0	0.54823	0.35373	0	0.49426	0.35900	0	0.49426	0.35900	0	0.46450	0.54255	11.73577	1.06646	0	0.72870	0.56413	12.88518	1.06646	0	-0.00905	-0.01068	0.67830	0.00360	1	0.06019	-0.01528	0.68606	0.00380	1	1.45898	0.81042	0	
1240006	8364.16797	3304441275723	0.49285	0.36410	8363.82715	0.10645	10993	0	0.54823	0.35373	0	0.49145	0.36919	1	0.49145	0.36919	1	0.46450	0.54255	11.73577	1.06646	0	0.72903	0.56373	12.25959	1.06646	1	-0.00905	-0.01068	0.67830	0.00360	1	0.06019	-0.01528	0.68606	0.00385	1	1.45898	0.81042	0	
1240007	8364.17480	3304441344123	0.49285	0.36410	8363.82715	0.10645	10993	0	0.54823	0.35373	0	0.49145	0.36919	0	0.49145	0.36919	0	0.46450	0.54255	11.73577	1.06646	0	0.72903	0.56373	12.25959	1.06646	0	-0.00905	-0.01068	0.67830	0.00360	1	0.06019	-0.01528	0.68606	0.00385	1	1.45898	0.81042	0	
1240008	8364.18164	3304441410085	0.49285	0.36410	8364.16211	0.01953	10994	1	0.54823	0.35373	0	0.49145	0.36919	0	0.49145	0.36919	0	0.46450	0.54255	11.73577	1.06646	0	0.72903	0.56373	12.25959	1.06646	0	-0.00905	-0.01068	0.67830	0.00360	1	0.06019	-0.01528	0.68606	0.00385	1	1.45898	0.81042	0	
1240009	8364.18848	3304441478692	0.49285	0.36410	8364.16211	0.02637	10994	1	0.54823	0.35373	0	0.49145	0.36919	0	0.49145	0.36919	0	0.46450	0.54255	11.73577	1.06646	0	0.72903	0.56373	12.25959	1.06646	0	-0.00905	-0.01068	0.67830	0.00360	1	0.06019	-0.01528	0.68606	0.00385	1	1.45898	0.81042	0	
1240010	8364.19434	3304441543328	0.49145	0.36919	8364.16211	0.02637	10994	0	0.54823	0.35373	0	0.49145	0.36919	0	0.49145	0.36919	0	0.46450	0.54255	11.73577	1.06646	0	0.72903	0.56373	12.25959	1.06646	0	-0.00905	-0.01068	0.67830	0.00360	1	0.06019	-0.01528	0.68606	0.00385	1	1.45898	0.81042	0	
1240011	8364.20117	3304441611237	0.49145	0.36919	8364.16211	0.02637	10994	0	0.54823	0.35373	0	0.49145	0.36919	0	0.49145	0.36919	0	0.46450	0.54255	11.73577	1.06646	0	0.72903	0.56373	12.25959	1.06646	0	-0.00905	-0.01068	0.67830	0.00360	1	0.06019	-0.01528	0.68606	0.00385	1	1.45898	0.81042	0	
1240012	8364.20801	3304441679188	0.49145	0.36919	8364.16211	0.02637	10994	0	0.54823	0.35373	0	0.49145	0.36919	0	0.49145	0.36919	0	0.46450	0.54255	11.73577	1.06646	0	0.72903	0.56373	12.25959	1.06646	0	-0.00905	-0.01068	0.67830	0.00360	1	0.06019	-0.01528	0.68606	0.00385	1	1.45898	0.81042	0	
1240013	8364.21484	3304441746342	0.00000	0.00000	8364.16211	0.02637	10994	0	0.54823	0.35373	0	0.49145	0.36919	0	0.49145	0.36919	0	0.46450	0.54255	11.73577	1.06646	0	0.72903	0.56373	12.25959	1.06646	0	-0.00905	-0.01068	0.67830	0.00360	1	0.06019	-0.01528	0.68606	0.00385	1	1.45898	0.81042	0	
1240014	8364.22168	3304441812212	0.00000	0.00000	8364.16211	0.02637	10994	0	0.54823	0.35373	0	0.49145	0.36919	0	0.49145	0.36919	0	0.46450	0.54255	11.73577	1.06646	0	0.72903	0.56373	12.25959	1.06646	0	-0.00905	-0.01068	0.67830	0.00360	1	0.06019	-0.01528	0.68606	0.00385	1	1.45898	0.81042	0	
1240015	8364.22852	3304441881047	0.00000	0.00000	8364.16211	0.02637	10994	0	0.54823	0.35373	0	0.49145	0.36919	0	0.49145	0.36919	0	0.46450	0.54255	11.73577	1.06646	0	0.72903	0.56373	12.25959	1.06646	0	-0.00905	-0.01068	0.67830	0.00360	1	0.06019	-0.01528	0.68606	0.00385	1	1.45898	0.81042	0	
1240016	8364.23535	3304441949444	0.51830	0.35225	8364.16211	0.02637	10994	0	0.54556	0.32933	1	0.49105	0.37517	1	0.51830	0.35225	1	0.46498	0.54015	10.68101	1.06646	1	0.72916	0.56435	12.41401	1.05880	1	-0.00874	-0.01042	0.67755	0.00381	1	0.05149	-0.01320	0.58652	0.00358	1	1.45898	0.81042	0	
1240017	8364.24219	3304442014335	0.50556	0.35282	8364.16211	0.02637	10994	0	0.52466	0.31529	1	0.46098	0.39149	1	0.49282	0.35339	1	0.46526	0.54019	11.65638	1.05880	1	0.72897	0.56465	12.36223	1.05114	1	-0.00874	-0.01042	0.67755	0.00366	1	0.05149	-0.01320	0.58652	0.00375	1	1.45898	0.81042	0	
1240018	8364.24902	3304442084905	0.50681	0.35494	8364.16211	0.02637	10994	0	0.53608	0.31934	1	0.48252	0.39902	1	0.50930	0.35918	1	0.46541	0.54001	11.32105	1.05114	1	0.72931	0.56470	12.32457	1.04348	1	-0.00874	-0.01042	0.67755	0.00368	1	0.05149	-0.01320	0.58652	0.00375	1	1.45898	0.81042	0	
1240019	8364.25586	3304442150718	0.50752	0.35678	8364.23535	0.02051	10995	1	0.53681	0.32560	1	0.48252	0.39902	1	0.50966	0.36231	1	0.46543	0.54038	12.02611	1.04348	1	0.72932	0.56443	12.08525	1.04348	1	-0.00883	-0.01057	0.68428	0.00366	1	0.05915	-0.01517	0.67422	0.00394	1	1.45898	0.81042	0	
1240020	8364.26270	3304442217830	0.50483	0.36528	8364.23535	0.02734	10995	1	0.51553	0.39007	1	0.47266	0.40847	1	0.49409	0.39927	1	0.46512	0.54073	11.39924	1.04348	1	0.72914	0.56456	12.01647	1.05114	1	-0.00883	-0.01057	0.68428	0.00370	1	0.05915	-0.01517	0.67422	0.00386	1	1.45898	0.81042	0	
1240021	8364.26855	3304442284351	0.50215	0.36293	8364.23535	0.03320	10995	1	0.51553	0.39007	0	0.48872	0.35116	1	0.48872	0.35116	1	0.46512	0.54073	11.39924	1.05114	0	0.72943	0.56469	13.06625	1.05880	1	-0.00883	-0.01057	0.68428	0.00370	1	0.05915	-0.01517	0.67422	0.00373	1	1.45898	0.81042	0	
1240022	8364.27539	3304442348952	0.50215	0.36293	8364.23535	0.04004	10995	1	0.51553	0.39007	0	0.48872	0.35116	0	0.48872	0.35116	0	0.46512	0.54073	11.39924	1.05880	0	0.72943	0.56469	13.06625	1.06646	0	-0.00883	-0.01057	0.68428	0.00370	1	0.05915	-0.01517	0.67422	0.00373	1	1.45898	0.81042	0	
1240023	8364.28223	3304442418397	0.50215	0.36293	8364.23535	0.04688	10995	1	0.51553	0.39007	0	0.48872	0.35116	0	0.48872	0.35116	0	0.46512	0.54073	11.39924	1.06646	0	0.72943	0.56469	13.06625	1.06646	0	-0.00883	-0.01057	0.68428	0.00370	1	0.05915	-0.01517	0.67422	0.00373	1	1.45898	0.81042	0	
1240024	8364.28906	3304442485669	0.50215	0.36293	8364.23535	0.05371	10995	1	0.51553	0.39007	0	0.48872	0.35116	0	0.48872	0.35116	0	0.46512	0.54073	11.39924	1.06646	0	0.72943	0.56469	13.06625	1.06646	0	-0.00883	-0.01057	0.68428	0.00370	1	0.05915	-0.01517	0.67422	0.00373	1	1.45898	0.81042	0	
1240025	8364.29590	3304442552765	0.49892	0.36506	8364.23535	0.05371	10995	0	0.51553	0.39007	0	0.48872	0.35116	0	0.48872	0.35116	0	0.46512	0.54073	11.39924	1.06646	0	0.72943	0.56469	13.06625	1.06646	0	-0.00883	-0.01057	0.68428	0.00370	1	0.05915	-0.01517	0.67422	0.00373	1	1.45898	0.81042	0	
1240026	8364.30273	3304442619285	0.49892	0.36506	8364.23535	0.05371	10995	0	0.51553	0.39007	0	0.48872	0.35116	0	0.48872	0.35116	0	0.46512	0.54073	11.39924	1.06646	0	0.72943	0.56469	13.06625	1.06646	0	-0.00883	-0.01057	0.68428	0.00370	1	0.05915	-0.01517	0.67422	0.00373	1	1.45898	0.81042	0	
1240027	8364.30957	3304442687005	0.49892	0.36506	8364.23535	0.05371	10995	0	0.51553	0.39007	0	0.48872	0.35116	0	0.48872	0.35116	0	0.46512	0.54073	11.39924	1.06646	0	0.72943	0.56469	13.06625	1.06646	0	-0.00883	-0.01057	0.68428	0.00370	1	0.05915	-0.01517	0.67422	0.00373	1	1.45898	0.81042	0	
1240028	8364.31543	3304442752859	0.00000	0.00000	8364.23535	0.05371	10995	0	0.51553	0.39007	0	0.48872	0.35116	0	0.48872	0.35116	0	0.46512	0.54073	11.39924	1.06646	0	0.72943	0.56469	13.06625	1.06646	0	-0.00883	-0.01057	0.68428	0.00370	1	0.05915	-0.01517	0.67422	0.00373	1	1.45898	0.81042	0	
1240029	8364.32227	3304442819097	0.00000	0.00000	8364.23535	0.05371	10995	0	0.51553	0.39007	0	0.48872	0.35116	0	0.48872	0.35116	0	0.46512	0.54073	11.39924	1.06646	0	0.72943	0.56469	13.06625	1.06646	0	-0.00883	-0.01057	0.68428	0.00370	1	0.05915	-0.01517	0.67422	0.00373	1	1.45898	0.81042	0	
1240030	8364.32910	3304442887423	0.00000	0.00000	8364.23535	0.05371	10995	0	0.51553	0.39007	0	0.48872	0.35116	0	0.48872	0.35116	0	0.46512	0.54073	11.39924	1.06646	0	0.72943	0.56469	13.06625	1.06646	0	-0.00883	-0.01057	0.68428	0.00370	1	0.05915	-0.01517	0.67422	0.00373	1	1.45898	0.81042	0	
1240031	8364.33594	3304442953870	0.50100	0.35884	8364.23535	0.05371	10995	0	0.51291	0.37267	1	0.48910	0.34500	1	0.50100	0.35884	1	0.46527	0.54137	11.69954	1.06646	1	0.72902	0.56481	12.29408	1.06646	1	-0.00883	-0.01057	0.68428	0.00363	1	0.06019	-0.01549	0.68606	0.00408	1	1.45898	0.81042	0	
1240032	8364.34277	3304443020881	0.50865	0.37025	8364.23535	0.05371	10995	0	0.54473	0.36530	1	0.48787	0.39803	1	0.51630	0.38166	1	0.46516	0.54112	11.78975	1.06646	1	0.72894	0.56494	12.75573	1.06646	1	-0.00883	-0.01057	0.68428	0.00377	1	0.06019	-0.01549	0.68606	0.00402	1	1.45898	0.81042	0	
1240033	8364.34961	3304443088286	0.51415	0.37135	8364.23535	0.05371	10995	0	0.55297	0.38090	1	0.49729	0.36619	1	0.52513	0.37355	1	0.46527	0.54137	11.69954	1.06646	1	0.72912	0.56487	12.22528	1.06646	1	-0.00883	-0.01057	0.68428	0.00362	1	0.06019	-0.01549	0.68606	0.00401	1	1.45898	0.81042	0	
1240034	8364.35645	3304443155246	0.51681	0.37485	8364.33594	0.02051	10996	1	0.55362	0.38689	1	0.49601	0.38384	1	0.52482	0.38537	1	0.46517	0.54135	11.23414	1.05844	1	0.72892	0.56490	12.52073	1.04397	1	-0.00855	-0.01019	0.65926	0.00366	1	0.05626	-0.01450	0.64243	0.00405	1	1.45898	0.81042	0	
1240035	8364.36230	3304443222318	0.51422	0.38169	8364.33594	0.02637	10996	1	0.53230	0.37432	1	0.47541	0.44370	1	0.50385	0.40901	1	0.46491	0.54119	11.15870	1.03596	1	0.72875	0.56512	13.05060	1.02149	1	-0.00855	-0.01019	0.65926	0.00373	1	0.05626	-0.01450	0.64243	0.00379	1	1.45898	0.81042	0	
1240036	8364.36914	3304443289300	0.51534	0.38769	8364.33594	0.03320	10996	1	0.54357	0.39047	1	0.49830	0.44501	1	0.52093	0.41774	1	0.46504	0.54140	10.98492	1.01347	1	0.72879	0.56507	12.80491	0.99900	1	-0.00855	-0.01019	0.65926	0.00372	1	0.05626	-0.01450	0.64243	0.00381	1	1.45898	0.81042	0	
1240037	8364.37598	3304443355089	0.51620	0.39321	8364.33594	0.04004	10996	1	0.54492	0.40173	1	0.49783	0.45083	1	0.52137	0.42628	1	0.46534	0.54169	11.74875	0.99900	1	0.72892	0.56489	12.76408	0.99135	1	-0.00891	-0.01055	0.68306	0.00364	1	0.05828	-0.01501	0.66487	0.00376	1	1.45898	0.81042	0	
1240038	8364.38281	3304443419771	0.51839	0.39702	8364.33594	0.04688	10996	1	0.55112	0.40252	1	0.51634	0.44499	1	0.53373	0.42375	1	0.46515	0.54108	11.50055	0.99936	1	0.72912	0.56507	12.33044	1.00617	1	-0.00891	-0.01055	0.68306	0.00384	1	0.05828	-0.01501	0.66487	0.00384	1	1.45898	0.81042	0	
1240039	8364.38965	3304443487934	0.51953	0.39656	8364.33594	0.05371	10996	1	0.54451	0.41380	1	0.51270	0.37189	1	0.52860	0.39284	1	0.46511	0.54135	11.63661	1.01419	1	0.72911	0.56431	12.09715	1.02100	1	-0.00891	-0.01055	0.68306	0.00376	1	0.05828	-0.01501	0.66487	0.00392	1	1.45898	0.81042	0	
1240040	8364.39648	3304443556820	0.52042	0.39502	8364.33594	0.06055	10996	1	0.54314	0.40262	1	0.51379	0.35979	1	0.52847	0.38121	1	0.46510	0.54130	11.33421	1.02901	1	0.72905	0.56419	11.84479	1.03582	1	-0.00891	-0.01055	0.68306	0.00374	1	0.05739	-0.01473	0.65478	0.00405	1	1.45898	0.81042	0	
1240041	8364.40332	3304443624221	0.52059	0.39546	8364.33594	0.06738	10996	1	0.54027	0.39633	1	0.50437	0.40340	1	0.52232	0.39987	1	0.46499	0.54152	11.16273	1.03582	1	0.72886	0.56484	12.46373	1.03582	1	-0.00891	-0.01055	0.68306	0.00368	1	0.05739	-0.01473	0.65478	0.00376	1	1.45898	0.81042	0	
1240042	8364.40918	3304443687632	0.52143	0.39589	8364.33594	0.07324	10996	1	0.54732	0.40384	1	0.51398	0.39740	1	0.53065	0.40062	1	0.46505	0.54154	11.13639	1.03582	1	0.72904	0.56480	12.10452	1.03582	1	-0.00891	-0.01055	0.68306	0.00367	1	0.05739	-0.01473	0.65478	0.00381	1	1.45898	0.81042	0	
1240043	8364.41602	3304443756342	0.52216	0.39603	8364.33594	0.08008	10996	1	0.54732	0.40384	1	0.51454	0.39143	1	0.53093	0.39764	1	0.46510	0.54163	11.27389	1.03582	1	0.72850	0.56492	11.97760	1.04348	1	-0.00891	-0.01055	0.68306	0.00371	1	0.05938	-0.01526	0.67807	0.00379	1	1.45898	0.81042	0	
1240044	8364.42285	3304443826437	0.52136	0.39558	8364.33594	0.08691	10996	1	0.53550	0.41752	1	0.48646	0.36189	1	0.51098	0.38970	1	0.46492	0.54160	11.82788	1.04348	1	0.72855	0.56449	11.94748	1.05114	1	-0.00891	-0.01055	0.68306	0.00361	1	0.05938	-0.01526	0.67807	0.00393	1	1.45898	0.81042	0	
1240045	8364.42969	3304443893136	0.51848	0.39491	8364.33594	0.09375	10996	1	0.53550	0.41752	0	0.47813	0.38555	1	0.47813	0.38555	1	0.46492	0.54160	11.82788	1.05114	0	0.72846	0.56495	12.07964	1.05880	1	-0.00891	-0.01055	0.68306	0.00361	1	0.05938	-0.01526	0.67807	0.00373	1	1.45898	0.81042	0	
1240046	8364.43652	3304443959091	0.51848	0.39491	8364.33594	0.10059	10996	1	0.53550	0.41752	0	0.47813	0.38555	0	0.47813	0.38555	0	0.46492	0.54160	11.82788	1.05880	0	0.72846	0.56495	12.07964	1.06646	0	-0.00891	-0.01055	0.68306	0.00361	1	0.05938	-0.01526	0.67807	0.00373	1	1.45898	0.81042	0	
1240047	8364.44336	3304444026896	0.51848	0.39491	8364.33594	0.10742	10996	1	0.53550	0.41752	0	0.47813	0.38555	0	0.47813	0.38555	0	0.46492	0.54160	11.82788	1.06646	0	0.72846	0.56495	12.07964	1.06646	0	-0.00891	-0.01055	0.68306	0.00361	1	0.05938	-0.01526	0.67807	0.00373	1	1.45898	0.81042	0	
1240048	8364.45020	3304444094563	0.51848	0.39491	8364.33594	0.11426	10996	1	0.53550	0.41752	0	0.47813	0.38555	0	0.47813	0.38555	0	0.46492	0.54160	11.82788	1.06646	0	0.72846	0.56495	12.07964	1.06646	0	-0.00891	-0.01055	0.68306	0.00361	1	0.05938	-0.01526	0.67807	0.00373	1	1.45898	0.81042	0	
1240049	8364.45605	3304444159612	0.51957	0.40080	8364.33594	0.11426	10996	0	0.53550	0.41752	0	0.47813	0.38555	0	0.47813	0.38555	0	0.46492	0.54160	11.82788	1.06646	0	0.72846	0.56495	12.07964	1.06646	0	-0.00891	-0.01055	0.68306	0.00361	1	0.05938	-0.01526	0.67807	0.00373	1	1.45898	0.81042	0	
1240050	8364.46289	3304444226699	0.51957	0.40080	8364.33594	0.11426	10996	0	0.53550	0.41752	0	0.47813	0.38555	0	0.47813	0.38555	0	0.46492	0.54160	11.82788	1.06646	0	0.72846	0.56495	12.07964	1.06646	0	-0.00891	-0.01055	0.68306	0.00361	1	0.05938	-0.01526	0.67807	0.00373	1	1.45898	0.81042	0	
1240051	8364.46973	3304444293776	0.51957	0.40080	8364.33594	0.11426	10996	0	0.53550	0.41752	0	0.47813	0.38555	0	0.47813	0.38555	0	0.46492	0.54160	11.82788	1.06646	0	0.72846	0.56495	12.07964	1.06646	0	-0.00891	-0.01055	0.68306	0.00361	1	0.05938	-0.01526	0.67807	0.00373	1	1.45898	0.81042	0	
1240052	8364.47656	3304444360552	0.00000	0.00000	8364.33594	0.11426	10996	0	0.53550	0.41752	0	0.47813	0.38555	0	0.47813	0.38555	0	0.46492	0.54160	11.82788	1.06646	0	0.72846	0.56495	12.07964	1.06646	0	-0.00891	-0.01055	0.68306	0.00361	1	0.05938	-0.01526	0.67807	0.00373	1	1.45898	0.81042	0	
1240053	8364.48340	3304444427470	0.00000	0.00000	8364.33594	0.11426	10996	0	0.53550	0.41752	0	0.47813	0.38555	0	0.47813	0.38555	0	0.46492	0.54160	11.82788	1.06646	0	0.72846	0.56495	12.07964	1.06646	0	-0.00891	-0.01055	0.68306	0.00361	1	0.05938	-0.01526	0.67807	0.00373	1	1.45898	0.81042	0	
1240054	8364.49023	3304444494927	0.00000	0.00000	8364.33594	0.11426	10996	0	0.53550	0.41752	0	0.47813	0.38555	0	0.47813	0.38555	0	0.46492	0.54160	11.82788	1.06646	0	0.72846	0.56495	12.07964	1.06646	0	-0.00891	-0.01055	0.68306	0.00361	1	0.05938	-0.01526	0.67807	0.00373	1	1.45898	0.81042	0	
1240055	8364.49707	3304444561779	0.50570	0.39315	8364.33594	0.11426	10996	0	0.53326	0.40075	1	0.47813	0.38555	1	0.50570	0.39315	1	0.46427	0.54113	10.94960	1.06646	1	0.72783	0.56485	11.39160	1.05880	1	-0.00916	-0.01065	0.68599	0.00376	1	0.05760	-0.01484	0.65943	0.00385	1	1.45898	0.81042	0	
1240056	8364.50293	3304444629037	0.51892	0.38733	8364.33594	0.11426	10996	0	0.55700	0.36256	1	0.50730	0.40046	1	0.53215	0.38151	1	0.46456	0.54127	10.91345	1.05880	1	0.72825	0.56490	11.72453	1.05114	1	-0.00916	-0.01065	0.68599	0.00395	1	0.05760	-0.01484	0.65943	0.00386	1	1.45898	0.81042	0	
1240057	8364.50977	3304444696857	0.51874	0.37663	8364.33594	0.11426	10996	0	0.54118	0.32483	1	0.49554	0.38562	1	0.51836	0.35522	1	0.46429	0.54123	11.03585	1.05114	1	0.72792	0.56461	10.89016	1.04348	1	-0.00916	-0.01065	0.68599	0.00378	1	0.05760	-0.01484	0.65943	0.00394	1	1.45898	0.81042	0	
1240058	8364.51660	3304444763188	0.51873	0.37205	8364.49707	0.01953	10997	1	0.54188	0.33105	1	0.49554	0.38562	1	0.51871	0.35833	1	0.46404	0.54155	10.46937	1.04348	1	0.72740	0.56445	11.92000	1.04348	1	-0.00916	-0.01075	0.68599	0.00374	1	0.05928	-0.01531	0.68035	0.00410	1	1.45898	0.81042	0	
1240059	8364.52344	3304444829646	0.51244	0.37384	8364.49707	0.02637	10997	1	0.51913	0.39073	1	0.45542	0.37121	1	0.48727	0.38097	1	0.46400	0.54153	10.67805	1.04348	1	0.72728	0.56459	11.88089	1.05114	1	-0.00916	-0.01075	0.68599	0.00365	1	0.05928	-0.01531	0.68035	0.00417	1	1.45898	0.81042	0	
1240060	8364.53027	3304444896978	0.50471	0.37416	8364.49707	0.03320	10997	1	0.51913	0.39073	0	0.46608	0.37578	1	0.46608	0.37578	1	0.46400	0.54153	10.67805	1.05114	0	0.72748	0.56471	12.07806	1.05880	1	-0.00916	-0.01075	0.68599	0.00365	1	0.05928	-0.01531	0.68035	0.00414	1	1.45898	0.81042	0	
1240061	8364.53711	3304444963989	0.50471	0.37416	8364.49707	0.04004	10997	1	0.51913	0.39073	0	0.46608	0.37578	0	0.46608	0.37578	0	0.46400	0.54153	10.67805	1.05880	0	0.72748	0.56471	12.07806	1.06646	0	-0.00916	-0.01075	0.68599	0.00365	1	0.05928	-0.01531	0.68035	0.00414	1	1.45898	0.81042	0	
1240062	8364.54395	3304445030997	0.50471	0.37416	8364.49707	0.04688	10997	1	0.51913	0.39073	0	0.46608	0.37578	0	0.46608	0.37578	0	0.46400	0.54153	10.67805	1.06646	0	0.72748	0.56471	12.07806	1.06646	0	-0.00916	-0.01075	0.68599	0.00365	1	0.05928	-0.01531	0.68035	0.00414	1	1.45898	0.81042	0	
1240063	8364.54980	3304445097918	0.50471	0.37416	8364.49707	0.05273	10997	1	0.51913	0.39073	0	0.46608	0.37578	0	0.46608	0.37578	0	0.46400	0.54153	10.67805	1.06646	0	0.72748	0.56471	12.07806	1.06646	0	-0.00916	-0.01075	0.68599	0.00365	1	0.05928	-0.01531	0.68035	0.00414	1	1.45898	0.81042	0	
1240064	8364.55664	3304445164255	0.50451	0.37036	8364.49707	0.05273	10997	0	0.51913	0.39073	0	0.46608	0.37578	0	0.46608	0.37578	0	0.46400	0.54153	10.67805	1.06646	0	0.72748	0.56471	12.07806	1.06646	0	-0.00916	-0.01075	0.68599	0.00365	1	0.05928	-0.01531	0.68035	0.00414	1	1.45898	0.81042	0	
1240065	8364.56348	3304445231537	0.50451	0.37036	8364.49707	0.05273	10997	0	0.51913	0.39073	0	0.46608	0.37578	0	0.46608	0.37578	0	0.46400	0.54153	10.67805	1.06646	0	0.72748	0.56471	12.07806	1.06646	0	-0.00916	-0.01075	0.68599	0.00365	1	0.05928	-0.01531	0.68035	0.00414	1	1.45898	0.81042	0	
1240066	8364.57031	3304445294567	0.50451	0.37036	8364.49707	0.05273	10997	0	0.51913	0.39073	0	0.46608	0.37578	0	0.46608	0.37578	0	0.46400	0.54153	10.67805	1.06646	0	0.72748	0.56471	12.07806	1.06646	0	-0.00916	-0.01075	0.68599	0.00365	1	0.05928	-0.01531	0.68035	0.00414	1	1.45898	0.81042	0	
1240067	8364.57715	3304445362952	0.00000	0.00000	8364.49707	0.05273	10997	0	0.51913	0.39073	0	0.46608	0.37578	0	0.46608	0.37578	0	0.46400	0.54153	10.67805	1.06646	0	0.72748	0.56471	12.07806	1.06646	0	-0.00916	-0.01075	0.68599	0.00365	1	0.05928	-0.01531	0.68035	0.00414	1	1.45898	0.81042	0	
1240068	8364.58301	3304445428016	0.00000	0.00000	8364.49707	0.05273	10997	0	0.51913	0.39073	0	0.46608	0.37578	0	0.46608	0.37578	0	0.46400	0.54153	10.67805	1.06646	0	0.72748	0.56471	12.07806	1.06646	0	-0.00916	-0.01075	0.68599	0.00365	1	0.05928	-0.01531	0.68035	0.00414	1	1.45898	0.81042	0	
1240069	8364.58984	3304445495036	0.00000	0.00000	8364.49707	0.05273	10997	0	0.51913	0.39073	0	0.46608	0.37578	0	0.46608	0.37578	0	0.46400	0.54153	10.67805	1.06646	0	0.72748	0.56471	12.07806	1.06646	0	-0.00916	-0.01075	0.68599	0.00365	1	0.05928	-0.01531	0.68035	0.00414	1	1.45898	0.81042	0	
1240070	8364.59668	3304445563694	0.00000	0.00000	8364.49707	0.05273	10997	0	0.51913	0.39073	0	0.46608	0.37578	0	0.46608	0.37578	0	0.46400	0.54153	10.67805	1.06646	0	0.72748	0.56471	12.07806	1.06646	0	-0.00916	-0.01075	0.68599	0.00365	1	0.05928	-0.01531	0.68035	0.00414	1	1.45898	0.81042	0	
1240071	8364.60352	3304445632603	0.00000	0.00000	8364.49707	0.05273	10997	0	0.51913	0.39073	0	0.46608	0.37578	0	0.46608	0.37578	0	0.46400	0.54153	10.67805	1.06646	0	0.72748	0.56471	12.07806	1.06646	0	-0.00916	-0.01075	0.68599	0.00365	1	0.05928	-0.01531	0.68035	0.00414	1	1.45898	0.81042	0	
1240072	8364.61035	3304445697934	0.00000	0.00000	8364.49707	0.05273	10997	0	0.51913	0.39073	0	0.46608	0.37578	0	0.46608	0.37578	0	0.46400	0.54153	10.67805	1.06646	0	0.72748	0.56471	12.07806	1.06646	0	-0.00916	-0.01075	0.68599	0.00365	1	0.05928	-0.01531	0.68035	0.00414	1	1.45898	0.81042	0	
1240073	8364.61719	3304445765077	0.49107	0.36460	8364.49707	0.05273	10997	0	0.51557	0.36647	1	0.46656	0.36273	1	0.49107	0.36460	1	0.46369	0.54117	10.83327	1.07554	1	0.72747	0.56460	12.00580	1.07554	1	-0.00959	-0.01092	0.70679	0.00388	1	0.05852	-0.01506	0.67164	0.00391	1	1.45898	0.81042	0	
1240074	8364.62402	3304445833214	0.50339	0.34204	8364.49707	0.05273	10997	0	0.53194	0.29836	1	0.49949	0.34061	1	0.51572	0.31949	1	0.46346	0.54071	10.68527	1.08463	1	0.72725	0.56362	11.31245	1.08463	1	-0.00959	-0.01092	0.70679	0.00392	1	0.05852	-0.01506	0.67164	0.00401	1	1.45898	0.81042	0	
1240075	8364.63086	3304445900412	0.47120	0.30582	8364.49707	0.05273	10997	0	0.53194	0.29836	0	0.40681	0.23336	1	0.40681	0.23336	1	0.46346	0.54071	10.68527	1.09371	0	0.46351	0.54056	10.80094	1.09371	1	-0.00959	-0.01092	0.70679	0.00392	1	0.05852	-0.01506	0.67164	0.00400	1	1.45898	0.81042	0	
1240076	8364.63770	3304445969515	0.44304	0.25941	8364.49707	0.05273	10997	0	0.53194	0.29836	0	0.40660	0.22538	1	0.40660	0.22538	1	0.46346	0.54071	10.68527	1.10280	0	0.46352	0.54067	10.82174	1.10280	1	-0.00959	-0.01092	0.70679	0.00392	1	-0.00915	-0.01048	0.67801	0.00396	1	1.45898	0.81042	0	
1240077	8364.64453	3304446035730	0.42767	0.28694	8364.49707	0.05273	10997	0	0.53194	0.29836	0	0.41230	0.31447	1	0.41230	0.31447	1	0.46346	0.54071	10.68527	1.10280	0	0.46361	0.54136	10.97629	1.10280	1	-0.00959	-0.01092	0.70679	0.00392	1	-0.00915	-0.01048	0.67801	0.00369	1	1.45898	0.81042	0	
1240078	8364.65039	3304446101695	0.42767	0.28694	8364.49707	0.05273	10997	0	0.53194	0.29836	0	0.41230	0.31447	0	0.41230	0.31447	0	0.46346	0.54071	10.68527	1.10280	0	0.46361	0.54136	10.97629	1.10280	0	-0.00959	-0.01092	0.70679	0.00392	1	-0.00915	-0.01048	0.67801	0.00369	1	1.45898	0.81042	0	
1240079	8364.65723	3304446170102	0.41230	0.31447	8364.49707	0.05273	10997	0	0.53194	0.29836	0	0.41230	0.31447	0	0.41230	0.31447	0	0.46346	0.54071	10.68527	1.10280	0	0.46361	0.54136	10.97629	1.10280	0	-0.00959	-0.01092	0.70679	0.00392	1	-0.00915	-0.01048	0.67801	0.00369	1	1.45898	0.81042	0	
1240080	8364.66406	3304446235942	0.41230	0.31447	8364.49707	0.05273	10997	0	0.53194	0.29836	0	0.41230	0.31447	0	0.41230	0.31447	0	0.46346	0.54071	10.68527	1.10280	0	0.46361	0.54136	10.97629	1.10280	0	-0.00959	-0.01092	0.70679	0.00392	1	-0.00915	-0.01048	0.67801	0.00369	1	1.45898	0.81042	0	
1240081	8364.67090	3304446301989	0.41230	0.31447	8364.49707	0.05273	10997	0	0.53194	0.29836	0	0.41230	0.31447	0	0.41230	0.31447	0	0.46346	0.54071	10.68527	1.10280	0	0.46361	0.54136	10.97629	1.10280	0	-0.00959	-0.01092	0.70679	0.00392	1	-0.00915	-0.01048	0.67801	0.00369	1	1.45898	0.81042	0	
1240082	8364.67773	3304446369152	0.00000	0.00000	8364.49707	0.05273	10997	0	0.53194	0.29836	0	0.41230	0.31447	0	0.41230	0.31447	0	0.46346	0.54071	10.68527	1.10280	0	0.46361	0.54136	10.97629	1.10280	0	-0.00959	-0.01092	0.70679	0.00392	1	-0.00915	-0.01048	0.67801	0.00369	1	1.45898	0.81042	0	
1240083	8364.68457	3304446437239	0.00000	0.00000	8364.49707	0.05273	10997	0	0.53194	0.29836	0	0.41230	0.31447	0	0.41230	0.31447	0	0.46346	0.54071	10.68527	1.10280	0	0.46361	0.54136	10.97629	1.10280	0	-0.00959	-0.01092	0.70679	0.00392	1	-0.00915	-0.01048	0.67801	0.00369	1	1.45898	0.81042	0	
1240084	8364.69043	3304446504319	0.00000	0.00000	8364.49707	0.05273	10997	0	0.53194	0.29836	0	0.41230	0.31447	0	0.41230	0.31447	0	0.46346	0.54071	10.68527	1.10280	0	0.46361	0.54136	10.97629	1.10280	0	-0.00959	-0.01092	0.70679	0.00392	1	-0.00915	-0.01048	0.67801	0.00369	1	1.45898	0.81042	0	
1240085	8364.69727	3304446571468	0.00000	0.00000	8364.49707	0.05273	10997	0	0.53194	0.29836	0	0.41230	0.31447	0	0.41230	0.31447	0	0.46346	0.54071	10.68527	1.10280	0	0.46361	0.54136	10.97629	1.10280	0	-0.00959	-0.01092	0.70679	0.00392	1	-0.00915	-0.01048	0.67801	0.00369	1	1.45898	0.81042	0	
1240086	8364.70410	3304446638144	0.24948	0.17722	8364.49707	0.05273	10997	0	0.53194	0.29836	0	0.49896	0.35444	1	0.49896	0.35444	1	0.46346	0.54071	10.68527	1.10280	0	0.72718	0.56396	11.50903	1.10280	1	-0.00959	-0.01092	0.70679	0.00392	1	-0.00915	-0.01048	0.67801	0.00373	1	1.45898	0.81042	0	
1240087	8364.71094	3304446705290	0.24948	0.17722	8364.49707	0.05273	10997	0	0.53194	0.29836	0	0.49896	0.35444	0	0.49896	0.35444	0	0.46346	0.54071	10.68527	1.10280	0	0.72718	0.56396	11.50903	1.10280	0	-0.00959	-0.01092	0.70679	0.00392	1	-0.00915	-0.01048	0.67801	0.00373	1	1.45898	0.81042	0	
1240088	8364.71777	3304446772442	0.49896	0.35444	8364.49707	0.05273	10997	0	0.53194	0.29836	0	0.49896	0.35444	0	0.49896	0.35444	0	0.46346	0.54071	10.68527	1.10280	0	0.72718	0.56396	11.50903	1.10280	0	-0.00959	-0.01092	0.70679	0.00392	1	-0.00915	-0.01048	0.67801	0.00373	1	1.45898	0.81042	0	
1240089	8364.72461	3304446839219	0.49896	0.35444	8364.49707	0.05273	10997	0	0.53194	0.29836	0	0.49896	0.35444	0	0.49896	0.35444	0	0.46346	0.54071	10.68527	1.10280	0	0.72718	0.56396	11.50903	1.10280	0	-0.00959	-0.01092	0.70679	0.00392	1	-0.00915	-0.01048	0.67801	0.00373	1	1.45898	0.81042	0	
1240090	8364.73145	3304446906614	0.49593	0.35922	8364.49707	0.05273	10997	0	0.53194	0.29836	0	0.49290	0.36401	1	0.49290	0.36401	1	0.46346	0.54071	10.68527	1.10280	0	0.72748	0.56406	12.20817	1.10280	1	-0.00959	-0.01092	0.70679	0.00392	1	-0.00915	-0.01048	0.67801	0.00370	1	1.45898	0.81042	0	
1240091	8364.73828	3304446974058	0.49492	0.36082	8364.71777	0.02051	10998	1	0.53194	0.29836	0	0.49290	0.36401	1	0.49290	0.36401	1	0.46346	0.54071	10.68527	1.10280	0	0.72724	0.56460	12.84875	1.10280	1	-0.00959	-0.01092	0.70679	0.00392	1	0.05928	-0.01510	0.68035	0.00379	1	1.45898	0.81042	0	
1240092	8364.74414	3304447040519	0.49492	0.36082	8364.71777	0.02637	10998	1	0.53194	0.29836	0	0.49290	0.36401	0	0.49290	0.36401	0	0.46346	0.54071	10.68527	1.10280	0	0.72724	0.56460	12.84875	1.10280	0	-0.00959	-0.01092	0.70679	0.00392	1	0.05928	-0.01510	0.68035	0.00379	1	1.45898	0.81042	0	
1240093	8364.75098	3304447107477	0.49492	0.36082	8364.71777	0.03320	10998	1	0.53194	0.29836	0	0.49290	0.36401	0	0.49290	0.36401	0	0.46346	0.54071	10.68527	1.10280	0	0.72724	0.56460	12.84875	1.10280	0	-0.00959	-0.01092	0.70679	0.00392	1	0.05928	-0.01510	0.68035	0.00379	1	1.45898	0.81042	0	
1240094	8364.75781	3304447174305	0.49441	0.36161	8364.71777	0.04004	10998	1	0.53194	0.29836	0	0.49290	0.36401	1	0.49290	0.36401	1	0.46346	0.54071	10.68527	1.10280	0	0.72751	0.56335	11.80975	1.10280	1	-0.00959	-0.01092	0.70679	0.00392	1	0.05928	-0.01510	0.68035	0.00430	1	1.45898	0.81042	0	
1240095	8364.76465	3304447241346	0.48662	0.37184	8364.71777	0.04688	10998	1	0.53194	0.29836	0	0.45547	0.41276	1	0.45547	0.41276	1	0.46346	0.54071	10.68527	1.10280	0	0.72732	0.56448	12.22613	1.10280	1	-0.00959	-0.01092	0.70679	0.00392	1	0.05928	-0.01510	0.68035	0.00380	1	1.45898	0.81042	0	
1240096	8364.77148	3304447308022	0.48244	0.37727	8364.71777	0.05371	10998	1	0.53194	0.29836	0	0.46153	0.40442	1	0.46153	0.40442	1	0.46346	0.54071	10.68527	1.10280	0	0.72736	0.56439	12.20772	1.10280	1	-0.00959	-0.01092	0.70679	0.00392	1	0.05928	-0.01510	0.68035	0.00380	1	1.45898	0.81042	0	
1240097	8364.77832	3304447375642	0.47945	0.38115	8364.71777	0.06055	10998	1	0.53194	0.29836	0	0.46153	0.40442	1	0.46153	0.40442	1	0.46346	0.54071	10.68527	1.10280	0	0.72758	0.56451	11.86304	1.10280	1	-0.00959	-0.01092	0.70679	0.00392	1	0.05928	-0.01510	0.68035	0.00381	1	1.45898	0.81042	0	
1240098	8364.78418	3304447439250	0.47945	0.38115	8364.71777	0.06641	10998	1	0.53194	0.29836	0	0.46153	0.40442	0	0.46153	0.40442	0	0.46346	0.54071	10.68527	1.10280	0	0.72758	0.56451	11.86304	1.10280	0	-0.00959	-0.01092	0.70679	0.00392	1	0.05928	-0.01510	0.68035	0.00381	1	1.45898	0.81042	0	
1240099	8364.79102	3304447509076	0.47659	0.38561	8364.71777	0.07324	10998	1	0.53194	0.29836	0	0.45652	0.41679	1	0.45652	0.41679	1	0.46346	0.54071	10.68527	1.10280	0	0.72732	0.56459	12.37009	1.10280	1	-0.00959	-0.01092	0.70679	0.00392	1	0.05928	-0.01510	0.68035	0.00372	1	1.45898	0.81042	0	
1240100	8364.79785	3304447576051	0.47659	0.38561	8364.71777	0.08008	10998	1	0.53194	0.29836	0	0.45652	0.41679	0	0.45652	0.41679	0	0.46346	0.54071	10.68527	1.10280	0	0.72732	0.56459	12.37009	1.10280	0	-0.00959	-0.01092	0.70679	0.00392	1	0.05928	-0.01510	0.68035	0.00372	1	1.45898	0.81042	0	
1240101	8364.80469	3304447643352	0.47659	0.38561	8364.71777	0.08691	10998	1	0.53194	0.29836	0	0.45652	0.41679	0	0.45652	0.41679	0	0.46346	0.54071	10.68527	1.10280	0	0.72732	0.56459	12.37009	1.10280	0	-0.00959	-0.01092	0.70679	0.00392	1	0.05928	-0.01510	0.68035	0.00372	1	1.45898	0.81042	0	
1240102	8364.81152	3304447709967	0.47659	0.38561	8364.71777	0.09375	10998	1	0.53194	0.29836	0	0.45652	0.41679	0	0.45652	0.41679	0	0.46346	0.54071	10.68527	1.10280	0	0.72732	0.56459	12.37009	1.10280	0	-0.00959	-0.01092	0.70679	0.00392	1	0.05928	-0.01510	0.68035	0.00372	1	1.45898	0.81042	0	
1240103	8364.81836	3304447777271	0.47339	0.39006	8364.71777	0.09375	10998	0	0.53194	0.29836	0	0.45652	0.41679	0	0.45652	0.41679	0	0.46346	0.54071	10.68527	1.10280	0	0.72732	0.56459	12.37009	1.10280	0	-0.00959	-0.01092	0.70679	0.00392	1	0.05928	-0.01510	0.68035	0.00372	1	1.45898	0.81042	0	
1240104	8364.82520	3304447843830	0.47339	0.39006	8364.71777	0.09375	10998	0	0.53194	0.29836	0	0.45652	0.41679	0	0.45652	0.41679	0	0.46346	0.54071	10.68527	1.10280	0	0.72732	0.56459	12.37009	1.10280	0	-0.00959	-0.01092	0.70679	0.00392	1	0.05928	-0.01510	0.68035	0.00372	1	1.45898	0.81042	0	
1240105	8364.83203	3304447912262	0.47339	0.39006	8364.71777	0.09375	10998	0	0.53194	0.29836	0	0.45652	0.41679	0	0.45652	0.41679	0	0.46346	0.54071	10.68527	1.10280	0	0.72732	0.56459	12.37009	1.10280	0	-0.00959	-0.01092	0.70679	0.00392	1	0.05928	-0.01510	0.68035	0.00372	1	1.45898	0.81042	0	
1240106	8364.83789	3304447977984	0.00000	0.00000	8364.71777	0.09375	10998	0	0.53194	0.29836	0	0.45652	0.41679	0	0.45652	0.41679	0	0.46346	0.54071	10.68527	1.10280	0	0.72732	0.56459	12.37009	1.10280	0	-0.00959	-0.01092	0.70679	0.00392	1	0.05928	-0.01510	0.68035	0.00372	1	1.45898	0.81042	0	
1240107	8364.84473	3304448045189	0.00000	0.00000	8364.71777	0.09375	10998	0	0.53194	0.29836	0	0.45652	0.41679	0	0.45652	0.41679	0	0.46346	0.54071	10.68527	1.10280	0	0.72732	0.56459	12.37009	1.10280	0	-0.00959	-0.01092	0.70679	0.00392	1	0.05928	-0.01510	0.68035	0.00372	1	1.45898	0.81042	0	
1240108	8364.85156	3304448111921	0.00000	0.00000	8364.71777	0.09375	10998	0	0.53194	0.29836	0	0.45652	0.41679	0	0.45652	0.41679	0	0.46346	0.54071	10.68527	1.10280	0	0.72732	0.56459	12.37009	1.10280	0	-0.00959	-0.01092	0.70679	0.00392	1	0.05928	-0.01510	0.68035	0.00372	1	1.45898	0.81042	0	
1240109	8364.85840	3304448180600	0.49401	0.36322	8364.71777	0.09375	10998	0	0.53184	0.29749	1	0.45619	0.42894	1	0.49401	0.36322	1	0.46468	0.54105	10.85902	1.08570	1	0.72822	0.56459	12.17026	1.08570	1	-0.00862	-0.01011	0.65727	0.00367	1	0.05951	-0.01511	0.68064	0.00378	1	1.45898	0.81042	0	
1240110	8364.86523	3304448247599	0.49256	0.38981	8364.71777	0.09375	10998	0	0.52120	0.38566	1	0.46101	0.44714	1	0.49110	0.41640	1	0.46478	0.54092	11.00816	1.06860	1	0.72814	0.56458	12.28080	1.06860	1	-0.00862	-0.01011	0.65727	0.00356	1	0.05951	-0.01511	0.68064	0.00380	1	1.45898	0.81042	0	
1240111	8364.87207	3304448314198	0.49906	0.38582	8364.71777	0.09375	10998	0	0.54455	0.34889	1	0.47957	0.40677	1	0.51206	0.37783	1	0.46508	0.54048	10.90743	1.05149	1	0.72845	0.56393	11.82660	1.05149	1	-0.00862	-0.01011	0.65727	0.00358	1	0.05951	-0.01511	0.68064	0.00407	1	1.45898	0.81042	0	
1240112	8364.87891	3304448380655	0.50241	0.38712	8364.85840	0.02051	10999	1	0.54608	0.36239	1	0.47886	0.41970	1	0.51247	0.39105	1	0.46480	0.54065	10.65902	1.03439	1	0.72846	0.56449	12.25396	1.03439	1	-0.00860	-0.01013	0.65576	0.00358	1	0.05951	-0.01521	0.68064	0.00373	1	1.45898	0.81042	0	
1240113	8364.88477	3304448447434	0.50096	0.39645	8364.85840	0.02637	10999	1	0.53165	0.40798	1	0.45868	0.45957	1	0.49517	0.43378	1	0.46491	0.54105	11.10273	1.03439	1	0.72818	0.56437	12.50741	1.03439	1	-0.00860	-0.01013	0.65576	0.00355	1	0.05951	-0.01521	0.68064	0.00380	1	1.45898	0.81042	0	
1240114	8364.89160	3304448514481	0.50049	0.39894	8364.85840	0.03320	10999	1	0.52572	0.38094	1	0.47050	0.44182	1	0.49811	0.41138	1	0.46476	0.54078	10.25133	1.03439	1	0.72838	0.56428	12.08556	1.03439	1	-0.00860	-0.01013	0.65576	0.00365	1	0.05951	-0.01521	0.68064	0.00367	1	1.45898	0.81042	0	
1240115	8364.89844	3304448581389	0.50009	0.40026	8364.85840	0.04004	10999	1	0.52487	0.37475	1	0.47051	0.44155	1	0.49769	0.40815	1	0.46499	0.54047	11.00930	1.04241	1	0.72868	0.56428	11.52418	1.03475	1	-0.00891	-0.01055	0.68306	0.00365	1	0.05762	-0.01467	0.65854	0.00370	1	1.45898	0.81042	0	
1240116	8364.90527	3304448648121	0.50248	0.40401	8364.85840	0.04688	10999	1	0.54787	0.42418	1	0.49059	0.43643	1	0.51923	0.43030	1	0.46512	0.54079	11.06973	1.04276	1	0.72870	0.56420	12.49143	1.03511	1	-0.00891	-0.01055	0.68306	0.00380	1	0.05762	-0.01467	0.65854	0.00370	1	1.45898	0.81042	0	
1240117	8364.91211	3304448714576	0.50469	0.40321	8364.85840	0.05371	10999	1	0.54281	0.36133	1	0.50191	0.43232	1	0.52236	0.39683	1	0.46514	0.54037	11.07487	1.04312	1	0.72885	0.56405	12.48757	1.03546	1	-0.00891	-0.01055	0.68306	0.00367	1	0.05762	-0.01467	0.65854	0.00376	1	1.45898	0.81042	0	
1240118	8364.91797	3304448778247	0.50646	0.40255	8364.85840	0.05957	10999	1	0.54278	0.36105	1	0.50194	0.43205	1	0.52236	0.39655	1	0.46505	0.54034	10.83567	1.04348	1	0.72902	0.56380	12.27157	1.03582	1	-0.00835	-0.00984	0.64016	0.00366	1	0.05828	-0.01481	0.66487	0.00386	1	1.45898	0.81042	0	
1240119	8364.92480	3304448845737	0.50741	0.40103	8364.85840	0.06641	10999	1	0.53454	0.33058	1	0.49937	0.44110	1	0.51695	0.38584	1	0.46502	0.54025	11.03911	1.03582	1	0.72880	0.56426	12.99167	1.03582	1	-0.00835	-0.00984	0.64016	0.00365	1	0.05828	-0.01481	0.66487	0.00363	1	1.45898	0.81042	0	
1240120	8364.93164	3304448914302	0.50815	0.39897	8364.85840	0.07324	10999	1	0.53616	0.32834	1	0.49632	0.42423	1	0.51624	0.37628	1	0.46499	0.54026	10.88704	1.03582	1	0.72873	0.56400	12.65540	1.03582	1	-0.00835	-0.00984	0.64016	0.00366	1	0.05828	-0.01481	0.66487	0.00368	1	1.45898	0.81042	0	
1240121	8364.93848	3304448981429	0.50880	0.39749	8364.85840	0.08008	10999	1	0.53694	0.33492	1	0.49629	0.42450	1	0.51662	0.37971	1	0.46492	0.54020	10.73942	1.02780	1	0.72882	0.56412	12.79137	1.03546	1	-0.00864	-0.01024	0.66573	0.00374	1	0.06019	-0.01528	0.68606	0.00362	1	1.45898	0.81042	0	
1240122	8364.94531	3304449047683	0.51010	0.39852	8364.85840	0.08691	10999	1	0.53415	0.41117	1	0.52000	0.41278	1	0.52707	0.41197	1	0.46496	0.54054	11.07293	1.02745	1	0.72913	0.56405	12.16430	1.03511	1	-0.00864	-0.01024	0.66573	0.00365	1	0.06019	-0.01528	0.68606	0.00370	1	1.45898	0.81042	0	
1240123	8364.95215	3304449114485	0.51057	0.39918	8364.85840	0.09375	10999	1	0.53067	0.37155	1	0.50356	0.44522	1	0.51712	0.40838	1	0.46491	0.54057	11.12490	1.02709	1	0.72887	0.56418	12.91832	1.03475	1	-0.00864	-0.01024	0.66573	0.00364	1	0.06019	-0.01528	0.68606	0.00368	1	1.45898	0.81042	0	
1240124	8364.95898	3304449180793	0.51098	0.39977	8364.85840	0.10059	10999	1	0.53071	0.37183	1	0.50354	0.44548	1	0.51713	0.40865	1	0.46492	0.54011	10.92326	1.02673	1	0.72911	0.56272	11.95763	1.03439	1	-0.00864	-0.01024	0.66573	0.00379	1	0.05944	-0.01514	0.67756	0.00420	1	1.45898	0.81042	0	
1240125	8364.96484	3304449247038	0.51017	0.39907	8364.85840	0.10645	10999	1	0.50859	0.33537	1	0.48584	0.44034	1	0.49721	0.38785	1	0.46495	0.54016	10.94407	1.03439	1	0.72901	0.56420	12.44132	1.03439	1	-0.00864	-0.01024	0.66573	0.00374	1	0.05944	-0.01514	0.67756	0.00380	1	1.45898	0.81042	0	
1240126	8364.97168	3304449315376	0.51037	0.39493	8364.85840	0.11328	10999	1	0.53142	0.31429	1	0.49624	0.33496	1	0.51383	0.32462	1	0.46495	0.54021	10.96766	1.03439	1	0.72911	0.56309	11.93733	1.03439	1	-0.00864	-0.01024	0.66573	0.00377	1	0.05944	-0.01514	0.67756	0.00434	1	1.45898	0.81042	0	
1240127	8364.97852	3304449382008	0.51055	0.39088	8364.85840	0.12012	10999	1	0.53061	0.30758	1	0.49671	0.32823	1	0.51366	0.31790	1	0.46497	0.54097	11.22450	1.04241	1	0.72917	0.56346	11.89975	1.04241	1	-0.00883	-0.01057	0.68428	0.00349	1	0.06019	-0.01528	0.68606	0.00424	1	1.45898	0.81042	0	
1240128	8364.98535	3304449448938	0.51003	0.39060	8364.85840	0.12695	10999	1	0.52389	0.41581	1	0.47635	0.35483	1	0.50012	0.38532	1	0.46514	0.54121	11.41947	1.05042	1	0.72917	0.56332	11.94707	1.05042	1	-0.00883	-0.01057	0.68428	0.00349	1	0.06019	-0.01528	0.68606	0.00434	1	1.45898	0.81042	0	
1240129	8364.99219	3304449516692	0.50928	0.39113	8364.85840	0.13379	10999	1	0.52016	0.39306	1	0.46841	0.41031	1	0.49428	0.40168	1	0.46514	0.54097	11.56486	1.05844	1	0.72901	0.56413	12.53144	1.05844	1	-0.00883	-0.01057	0.68428	0.00355	1	0.06019	-0.01528	0.68606	0.00381	1	1.45898	0.81042	0	
1240130	8364.99902	3304449582247	0.50858	0.39134	8364.85840	0.14062	10999	1	0.51929	0.38709	1	0.46866	0.40432	1	0.49397	0.39571	1	0.46515	0.54078	11.32689	1.06646	1	0.72906	0.56466	12.46014	1.06646	1	-0.00883	-0.01057	0.68428	0.00364	1	0.06019	-0.01528	0.68606	0.00369	1	1.45898	0.81042	0	
1240131	8365.00586	3304449649374	0.50791	0.39122	8364.85840	0.14746	10999	1	0.52142	0.34805	1	0.46487	0.42920	1	0.49314	0.38862	1	0.46512	0.54070	11.31541	1.06646	1	0.72898	0.56438	12.30731	1.06646	1	-0.00883	-0.01057	0.68428	0.00372	1	0.06019	-0.01528	0.68606	0.00381	1	1.45898	0.81042	0	
1240132	8365.01270	3304449717565	0.50693	0.39189	8364.85840	0.15430	10999	1	0.51150	0.36100	1	0.45732	0.45353	1	0.48441	0.40726	1	0.46496	0.54080	11.22373	1.06646	1	0.72895	0.56461	12.48365	1.06646	1	-0.00883	-0.01057	0.68428	0.00382	1	0.06019	-0.01528	0.68606	0.00371	1	1.45898	0.81042	0	
1240133	8365.01953	3304449786097	0.50603	0.39250	8364.85840	0.16113	10999	1	0.51150	0.36100	1	0.45732	0.45353	1	0.48441	0.40726	1	0.46507	0.54067	11.45751	1.06646	1	0.72889	0.56451	12.44858	1.06646	1	-0.00883	-0.01057	0.68428	0.00374	1	0.05970	-0.01521	0.68049	0.00376	1	1.45898	0.81042	0	
1240134	8365.02539	3304449853135	0.50557	0.39242	8364.85840	0.16699	10999	1	0.52375	0.34411	1	0.46430	0.43646	1	0.49403	0.39028	1	0.46522	0.54058	11.56888	1.06646	1	0.72901	0.56447	12.49831	1.06646	1	-0.00883	-0.01057	0.68428	0.00369	1	0.05970	-0.01521	0.68049	0.00374	1	1.45898	0.81042	0	
1240135	8365.03223	3304449920597	0.50522	0.39211	8364.85840	0.17383	10999	1	0.53564	0.34481	1	0.45682	0.42335	1	0.49623	0.38408	1	0.46539	0.54060	11.73925	1.06646	1	0.72894	0.56442	12.32316	1.06646	1	-0.00883	-0.01057	0.68428	0.00360	1	0.05970	-0.01521	0.68049	0.00377	1	1.45898	0.81042	0	
1240136	8365.03906	3304449987241	0.50490	0.39182	8364.85840	0.18066	10999	1	0.53564	0.34481	1	0.45682	0.42335	1	0.49623	0.38408	1	0.46531	0.54096	11.56876	1.06646	1	0.72897	0.56442	12.35001	1.06646	1	-0.00883	-0.01057	0.68428	0.00350	1	0.06019	-0.01539	0.68606	0.00376	1	1.45898	0.81042	0	
1240137	8365.04590	3304450053974	0.50453	0.39220	8364.85840	0.18750	10999	1	0.51773	0.37335	1	0.47078	0.43222	1	0.49426	0.40279	1	0.46507	0.54064	11.47074	1.06646	1	0.72916	0.56428	12.14468	1.06646	1	-0.00883	-0.01057	0.68428	0.00373	1	0.06019	-0.01539	0.68606	0.00374	1	1.45898	0.81042	0	
1240138	8365.05273	3304450121349	0.50398	0.39200	8364.85840	0.19434	10999	1	0.51122	0.32945	1	0.46456	0.44291	1	0.48789	0.38618	1	0.46504	0.54045	11.22005	1.06646	1	0.72903	0.56443	12.38313	1.06646	1	-0.00883	-0.01057	0.68428	0.00380	1	0.06019	-0.01539	0.68606	0.00370	1	1.45898	0.81042	0	
1240139	8365.05957	3304450188192	0.50346	0.39181	8364.85840	0.20117	10999	1	0.51122	0.32945	1	0.46456	0.44291	1	0.48789	0.38618	1	0.46508	0.54058	11.44553	1.06646	1	0.72903	0.56443	12.38313	1.06646	1	-0.00874	-0.01042	0.67755	0.00374	1	0.05970	-0.01521	0.68049	0.00370	1	1.45898	0.81042	0	
1240140	8365.06641	3304450254987	0.50319	0.39222	8364.85840	0.20801	10999	1	0.52193	0.36845	1	0.46751	0.44103	1	0.49472	0.40474	1	0.46509	0.54081	11.54887	1.06646	1	0.72906	0.56455	12.07907	1.06646	1	-0.00874	-0.01042	0.67755	0.00360	1	0.05970	-0.01521	0.68049	0.00380	1	1.45898	0.81042	0	
1240141	8365.07227	3304450322281	0.50293	0.39275	8364.85840	0.21387	10999	1	0.52511	0.37667	1	0.46409	0.44291	1	0.49460	0.40979	1	0.46511	0.54104	11.55102	1.06646	1	0.72903	0.56434	12.30072	1.06646	1	-0.00874	-0.01042	0.67755	0.00354	1	0.05970	-0.01521	0.68049	0.00374	1	1.45898	0.81042	0	
1240142	8365.07910	3304450386935	0.50268	0.39325	8364.85840	0.22070	10999	1	0.52511	0.37667	1	0.46409	0.44291	1	0.49460	0.40979	1	0.46515	0.54084	11.14872	1.06646	1	0.72888	0.56460	12.52195	1.06646	1	-0.00874	-0.01042	0.67755	0.00361	1	0.06019	-0.01539	0.68606	0.00372	1	1.45898	0.81042	0	
1240143	8365.08594	3304450452858	0.50222	0.39342	8364.85840	0.22754	10999	1	0.51749	0.34491	1	0.45543	0.45332	1	0.48646	0.39911	1	0.46510	0.54052	11.13317	1.06646	1	0.72895	0.56448	12.44649	1.06646	1	-0.00874	-0.01042	0.67755	0.00372	1	0.06019	-0.01539	0.68606	0.00376	1	1.45898	0.81042	0	
1240144	8365.09277	3304450518925	0.50191	0.39337	8364.85840	0.23438	10999	1	0.52846	0.34172	1	0.45368	0.44199	1	0.49107	0.39185	1	0.46495	0.54057	11.13771	1.06646	1	0.72893	0.56455	12.50267	1.06646	1	-0.00874	-0.01042	0.67755	0.00360	1	0.06019	-0.01539	0.68606	0.00376	1	1.45898	0.81042	0	
1240145	8365.09863	3304450585354	0.50162	0.39333	8364.85840	0.24023	10999	1	0.52846	0.34172	1	0.45368	0.44199	1	0.49107	0.39185	1	0.46504	0.54070	11.05500	1.06646	1	0.72912	0.56455	12.44547	1.06646	1	-0.00874	-0.01042	0.67755	0.00359	1	0.06001	-0.01534	0.68400	0.00373	1	1.45898	0.81042	0	
1240146	8365.10645	3304450655217	0.50211	0.39344	8364.85840	0.24805	10999	1	0.54490	0.35745	1	0.49618	0.43705	1	0.52054	0.39725	1	0.46521	0.54071	10.99358	1.06646	1	0.72910	0.56447	12.37788	1.06646	1	-0.00874	-0.01042	0.67755	0.00389	1	0.06001	-0.01534	0.68400	0.00375	1	1.45898	0.81042	0	
1240147	8365.11328	3304450723930	0.50265	0.39376	8364.85840	0.25488	10999	1	0.55506	0.40384	1	0.49127	0.40835	1	0.52317	0.40609	1	0.46531	0.54119	11.49610	1.06646	1	0.72909	0.56423	12.25217	1.06646	1	-0.00874	-0.01042	0.67755	0.00380	1	0.06001	-0.01534	0.68400	0.00372	1	1.45898	0.81042	0	
1240148	8365.11914	3304450790446	0.50316	0.39429	8364.85840	0.26074	10999	1	0.55570	0.40966	1	0.49046	0.42003	1	0.52308	0.41484	1	0.46516	0.54129	11.56136	1.05844	1	0.72871	0.56383	12.66558	1.05078	1	-0.00860	-0.01013	0.65576	0.00358	1	0.05828	-0.01486	0.66487	0.00370	1	1.45898	0.81042	0	
1240149	8365.12598	3304450856204	0.50376	0.39420	8364.85840	0.26758	10999	1	0.54301	0.35367	1	0.51226	0.42735	1	0.52763	0.39051	1	0.46513	0.54109	11.35112	1.04276	1	0.72897	0.56411	12.38732	1.03511	1	-0.00860	-0.01013	0.65576	0.00373	1	0.05828	-0.01486	0.66487	0.00362	1	1.45898	0.81042	0	
1240150	8365.13281	3304450922787	0.50419	0.39499	8364.85840	0.27441	10999	1	0.54524	0.39975	1	0.49801	0.45520	1	0.52163	0.42748	1	0.46507	0.54147	11.30354	1.02709	1	0.72881	0.56438	13.05044	1.01943	1	-0.00860	-0.01013	0.65576	0.00360	1	0.05828	-0.01486	0.66487	0.00363	1	1.45898	0.81042	0	
1240151	8365.13965	3304450989724	0.50460	0.39581	8364.85840	0.28125	10999	1	0.54593	0.40556	1	0.49801	0.45520	1	0.52197	0.43038	1	0.46440	0.54154	11.52622	1.01943	1	0.72858	0.56390	11.97479	1.01943	1	-0.00902	-0.01061	0.68331	0.00363	1	0.06000	-0.01529	0.68622	0.00374	1	1.45898	0.81042	0	
1240152	8365.14648	3304451059150	0.50469	0.39627	8364.85840	0.28809	10999	1	0.54092	0.40017	1	0.47643	0.43182	1	0.50867	0.41600	1	0.46429	0.54161	11.70038	1.02745	1	0.72842	0.56402	12.82987	1.03511	1	-0.00902	-0.01061	0.68331	0.00356	1	0.06000	-0.01529	0.68622	0.00385	1	1.45898	0.81042	0	
1240153	8365.15332	3304451126309	0.50467	0.39639	8364.85840	0.29492	10999	1	0.53907	0.39143	1	0.46805	0.41158	1	0.50356	0.40151	1	0.46424	0.54158	11.37337	1.04312	1	0.72826	0.56413	12.35909	1.05078	1	-0.00902	-0.01061	0.68331	0.00363	1	0.06000	-0.01529	0.68622	0.00387	1	1.45898	0.81042	0	
1240154	8365.16016	3304451193149	0.50463	0.39624	8364.85840	0.30176	10999	1	0.53759	0.37960	1	0.46854	0.39981	1	0.50307	0.38970	1	0.46437	0.54159	11.42343	1.05880	1	0.72848	0.56444	12.34338	1.06646	1	-0.00902	-0.01061	0.68331	0.00363	1	0.05951	-0.01511	0.68064	0.00381	1	1.45898	0.81042	0	
1240155	8365.16602	3304451260091	0.50495	0.39677	8364.85840	0.30762	10999	1	0.55565	0.41193	1	0.48305	0.43058	1	0.51935	0.42125	1	0.46454	0.54178	11.97027	1.06646	1	0.72815	0.56430	12.56966	1.06646	1	-0.00902	-0.01061	0.68331	0.00359	1	0.05951	-0.01511	0.68064	0.00385	1	1.45898	0.81042	0	
1240156	8365.17285	3304451326880	0.50522	0.39762	8364.85840	0.31445	10999	1	0.54609	0.43116	1	0.49025	0.44380	1	0.51817	0.43748	1	0.46440	0.54194	12.08370	1.06646	1	0.72826	0.56453	12.41397	1.06646	1	-0.00902	-0.01061	0.68331	0.00355	1	0.05951	-0.01511	0.68064	0.00380	1	1.45898	0.81042	0	
1240157	8365.17969	3304451394185	0.50572	0.39939	8364.85840	0.32129	10999	1	0.54679	0.43678	1	0.48911	0.45980	1	0.51795	0.44829	1	0.46424	0.54163	11.53912	1.05844	1	0.72825	0.56365	12.11543	1.04397	1	-0.00881	-0.01019	0.65649	0.00363	1	0.05621	-0.01435	0.64402	0.00381	1	1.45898	0.81042	0	
1240158	8365.18652	3304451461158	0.50648	0.39986	8364.85840	0.32812	10999	1	0.55235	0.42991	1	0.50273	0.44792	1	0.52754	0.43891	1	0.46443	0.54190	11.64928	1.03596	1	0.72808	0.56407	12.54005	1.02149	1	-0.00881	-0.01019	0.65649	0.00359	1	0.05621	-0.01435	0.64402	0.00377	1	1.45898	0.81042	0	
1240159	8365.19336	3304451527834	0.50689	0.40143	8364.85840	0.33496	10999	1	0.55744	0.44986	1	0.50637	0.45605	1	0.53190	0.45296	1	0.46403	0.54179	12.14659	1.01347	1	0.72818	0.56396	12.24955	0.99900	1	-0.00881	-0.01019	0.65649	0.00356	1	0.05621	-0.01435	0.64402	0.00379	1	1.45898	0.81042	0	
1240160	8365.20020	3304451594972	0.51947	0.42629	8364.85840	0.33496	10999	0	0.55862	0.46026	1	0.50583	0.46178	1	0.53222	0.46102	1	0.46383	0.54183	11.98031	0.99900	1	0.72769	0.56365	11.87166	0.99135	1	-0.00937	-0.01078	0.69437	0.00354	1	0.05720	-0.01456	0.65597	0.00383	1	1.45898	0.81042	0	
1240161	8365.20703	3304451662021	0.50942	0.43653	8364.85840	0.33496	10999	0	0.53517	0.46911	1	0.46357	0.42442	1	0.49937	0.44676	1	0.46367	0.54199	11.88409	0.99936	1	0.72745	0.56385	12.05608	1.00617	1	-0.00937	-0.01078	0.69437	0.00355	1	0.05720	-0.01456	0.65597	0.00394	1	1.45898	0.81042	0	
1240162	8365.21289	3304451728835	0.50642	0.42178	8364.85840	0.33496	10999	0	0.53791	0.37142	1	0.46292	0.41314	1	0.50041	0.39228	1	0.46347	0.54092	11.41765	1.01419	1	0.72741	0.56387	12.12870	1.02100	1	-0.00937	-0.01078	0.69437	0.00389	1	0.05720	-0.01456	0.65597	0.00394	1	1.45898	0.81042	0	
1240163	8365.21973	3304451795902	0.50481	0.41076	8365.20020	0.01953	11000	1	0.53646	0.35961	1	0.46352	0.39579	1	0.49999	0.37770	1	0.46360	0.54151	11.42394	1.02901	1	0.72735	0.56366	12.16271	1.04348	1	-0.00937	-0.01078	0.69437	0.00359	1	0.05928	-0.01510	0.68035	0.00398	1	1.45898	0.81042	0	
1240164	8365.22656	3304451863005	0.50501	0.40214	8365.20020	0.02637	11000	1	0.54035	0.38492	1	0.47129	0.35037	1	0.50582	0.36765	1	0.46355	0.54156	11.29896	1.04348	1	0.72749	0.56340	12.06994	1.05114	1	-0.00937	-0.01078	0.69437	0.00365	1	0.05928	-0.01510	0.68035	0.00418	1	1.45898	0.81042	0	
1240165	8365.23340	3304451930583	0.50485	0.39179	8365.20020	0.03320	11000	1	0.53650	0.33600	1	0.47154	0.34417	1	0.50402	0.34008	1	0.46346	0.54067	11.03080	1.05114	1	0.72749	0.56340	12.06994	1.05880	1	-0.00937	-0.01078	0.69437	0.00399	1	0.05928	-0.01510	0.68035	0.00418	1	1.45898	0.81042	0	
1240166	8365.24023	3304451997001	0.50470	0.38353	8365.20020	0.04004	11000	1	0.53576	0.32985	1	0.47180	0.33797	1	0.50378	0.33391	1	0.46338	0.54164	10.90880	1.05880	1	0.72737	0.56398	12.40993	1.06646	1	-0.00915	-0.01048	0.67801	0.00362	1	0.05928	-0.01510	0.68035	0.00389	1	1.45898	0.81042	0	
1240167	8365.24707	3304452063070	0.50467	0.38635	8365.20020	0.04688	11000	1	0.53746	0.41204	1	0.47149	0.40025	1	0.50447	0.40615	1	0.46347	0.54162	11.08159	1.06646	1	0.72754	0.56352	12.07107	1.06646	1	-0.00915	-0.01048	0.67801	0.00364	1	0.05928	-0.01510	0.68035	0.00419	1	1.45898	0.81042	0	
1240168	8365.25391	3304452131710	0.50432	0.38454	8365.20020	0.05371	11000	1	0.54373	0.36813	1	0.45937	0.37191	1	0.50155	0.37002	1	0.46354	0.54127	11.04624	1.06646	1	0.72734	0.56391	12.33395	1.06646	1	-0.00915	-0.01048	0.67801	0.00364	1	0.05928	-0.01510	0.68035	0.00388	1	1.45898	0.81042	0	
1240169	8365.26074	3304452197957	0.50404	0.38309	8365.20020	0.06055	11000	1	0.54373	0.36813	1	0.45937	0.37191	1	0.50155	0.37002	1	0.46347	0.54155	11.03971	1.06646	1	0.72727	0.56372	12.22023	1.06646	1	-0.00915	-0.01048	0.67801	0.00367	1	0.05928	-0.01510	0.68035	0.00405	1	1.45898	0.81042	0	
1240170	8365.26660	3304452264946	0.50360	0.38155	8365.20020	0.06641	11000	1	0.53912	0.38094	1	0.45922	0.35142	1	0.49917	0.36618	1	0.46351	0.54142	11.18485	1.06646	1	0.72737	0.56353	12.08303	1.06646	1	-0.00915	-0.01048	0.67801	0.00362	1	0.05928	-0.01510	0.68035	0.00406	1	1.45898	0.81042	0	
1240171	8365.27344	3304452331776	0.50329	0.38498	8365.20020	0.07324	11000	1	0.53950	0.42872	1	0.46013	0.41660	1	0.49982	0.42266	1	0.46351	0.54141	11.04616	1.06646	1	0.72735	0.56325	12.11564	1.06646	1	-0.00915	-0.01048	0.67801	0.00365	1	0.05928	-0.01510	0.68035	0.00427	1	1.45898	0.81042	0	
1240172	8365.28027	3304452398697	0.50302	0.38788	8365.20020	0.08008	11000	1	0.53950	0.42872	1	0.46013	0.41660	1	0.49982	0.42266	1	0.46350	0.54119	11.17453	1.06646	1	0.72751	0.56407	12.67642	1.06646	1	-0.00915	-0.01048	0.67801	0.00371	1	0.05852	-0.01486	0.67164	0.00386	1	1.45898	0.81042	0	
1240173	8365.28711	3304452464255	0.50341	0.38798	8365.20020	0.08691	11000	1	0.54933	0.40622	1	0.46760	0.37244	1	0.50846	0.38933	1	0.46366	0.54130	11.56248	1.06646	1	0.72746	0.56296	12.11457	1.06646	1	-0.00915	-0.01048	0.67801	0.00368	1	0.05852	-0.01486	0.67164	0.00426	1	1.45898	0.81042	0	
1240174	8365.29297	3304452529597	0.50348	0.38960	8365.20020	0.09277	11000	1	0.55394	0.40934	1	0.45513	0.41519	1	0.50453	0.41227	1	0.46365	0.54129	11.99741	1.06646	1	0.72732	0.56339	12.18138	1.06646	1	-0.00915	-0.01048	0.67801	0.00358	1	0.05852	-0.01486	0.67164	0.00419	1	1.45898	0.81042	0	
1240175	8365.29980	3304452597569	0.50355	0.39102	8365.20020	0.09961	11000	1	0.55394	0.40934	1	0.45513	0.41519	1	0.50453	0.41227	1	0.46388	0.54123	11.56680	1.06646	1	0.72752	0.56319	12.36636	1.06646	1	-0.00915	-0.01048	0.67801	0.00393	1	0.05928	-0.01510	0.68035	0.00416	1	1.45898	0.81042	0	
1240176	8365.30664	3304452662898	0.50353	0.39085	8365.20020	0.10645	11000	1	0.53432	0.37742	1	0.47207	0.39912	1	0.50320	0.38827	1	0.46374	0.54087	11.66096	1.06646	1	0.72755	0.56309	12.33695	1.06646	1	-0.00915	-0.01048	0.67801	0.00366	1	0.05928	-0.01510	0.68035	0.00410	1	1.45898	0.81042	0	
1240177	8365.31348	3304452733824	0.50324	0.38967	8365.20020	0.11328	11000	1	0.52255	0.35030	1	0.47402	0.38869	1	0.49829	0.36950	1	0.46365	0.54072	11.64296	1.06646	1	0.72756	0.56294	12.36561	1.06646	1	-0.00915	-0.01048	0.67801	0.00369	1	0.05928	-0.01510	0.68035	0.00403	1	1.45898	0.81042	0	
1240178	8365.32031	3304452800830	0.50298	0.38861	8365.20020	0.12012	11000	1	0.52255	0.35030	1	0.47402	0.38869	1	0.49829	0.36950	1	0.46373	0.54051	12.14274	1.06646	1	0.72766	0.56342	13.09268	1.06646	1	-0.00915	-0.01048	0.67801	0.00364	1	0.05928	-0.01500	0.68035	0.00371	1	1.45898	0.81042	0	
1240179	8365.32715	3304452867301	0.50331	0.38903	8365.20020	0.12695	11000	1	0.54000	0.34479	1	0.47931	0.44944	1	0.50965	0.39712	1	0.46351	0.54054	11.53160	1.06646	1	0.72765	0.56357	12.56188	1.06646	1	-0.00915	-0.01048	0.67801	0.00357	1	0.05928	-0.01500	0.68035	0.00366	1	1.45898	0.81042	0	
1240180	8365.33398	3304452934532	0.50396	0.38948	8365.20020	0.13379	11000	1	0.54625	0.35761	1	0.48761	0.43925	1	0.51693	0.39843	1	0.46361	0.54068	11.17135	1.06646	1	0.72778	0.56340	13.25081	1.06646	1	-0.00915	-0.01048	0.67801	0.00367	1	0.05928	-0.01500	0.68035	0.00367	1	1.45898	0.81042	0	
1240181	8365.34082	3304453002005	0.50455	0.38989	8365.20020	0.14062	11000	1	0.54625	0.35761	1	0.48761	0.43925	1	0.51693	0.39843	1	0.46378	0.54094	11.66227	1.06646	1	0.72772	0.56330	13.11258	1.06646	1	-0.00915	-0.01048	0.67801	0.00365	1	0.05928	-0.01500	0.68035	0.00374	1	1.45898	0.81042	0	
1240182	8365.34766	3304453068786	0.50476	0.39010	8365.20020	0.14746	11000	1	0.54784	0.35727	1	0.47078	0.43222	1	0.50931	0.39474	1	0.46368	0.54080	11.63863	1.06646	1	0.72759	0.56331	12.14468	1.06646	1	-0.00915	-0.01048	0.67801	0.00367	1	0.05928	-0.01500	0.68035	0.00375	1	1.45898	0.81042	0	
1240183	8365.35449	3304453135510	0.50461	0.38904	8365.20020	0.15430	11000	1	0.53643	0.33210	1	0.46610	0.39727	1	0.50127	0.36468	1	0.46348	0.54046	11.39051	1.06646	1	0.72742	0.56334	12.30022	1.06646	1	-0.00915	-0.01048	0.67801	0.00368	1	0.05928	-0.01500	0.68035	0.00379	1	1.45898	0.81042	0	
1240184	8365.36035	3304453202534	0.50448	0.38806	8365.20020	0.16016	11000	1	0.53643	0.33210	1	0.46610	0.39727	1	0.50127	0.36468	1	0.46342	0.54026	11.00230	1.06646	1	0.72755	0.56330	12.65328	1.06646	1	-0.00937	-0.01068	0.69437	0.00366	1	0.05928	-0.01500	0.68035	0.00378	1	1.45898	0.81042	0	
1240185	8365.36719	3304453268098	0.50456	0.38739	8365.20020	0.16699	11000	1	0.54124	0.31889	1	0.47191	0.42217	1	0.50658	0.37053	1	0.46365	0.54031	11.50145	1.06646	1	0.72761	0.56325	12.57096	1.06646	1	-0.00937	-0.01068	0.69437	0.00371	1	0.05928	-0.01500	0.68035	0.00385	1	1.45898	0.81042	0	
1240186	8365.37402	3304453333883	0.50412	0.38672	8365.20020	0.17383	11000	1	0.51263	0.32810	1	0.47308	0.41079	1	0.49286	0.36944	1	0.46349	0.54044	11.28492	1.06646	1	0.72754	0.56319	12.26605	1.06646	1	-0.00937	-0.01068	0.69437	0.00361	1	0.05928	-0.01500	0.68035	0.00388	1	1.45898	0.81042	0	
1240187	8365.38086	3304453401545	0.50372	0.38611	8365.20020	0.18066	11000	1	0.51263	0.32810	1	0.47308	0.41079	1	0.49286	0.36944	1	0.46349	0.54044	11.28492	1.06646	1	0.72770	0.56321	12.08529	1.06646	1	-0.00937	-0.01068	0.69437	0.00360	1	0.05852	-0.01476	0.67164	0.00376	1	1.45898	0.81042	0	
1240188	8365.38672	3304453463614	0.50397	0.38606	8365.20020	0.18652	11000	1	0.54136	0.34604	1	0.48055	0.42333	1	0.51095	0.38468	1	0.46351	0.54053	11.50182	1.06646	1	0.72771	0.56324	12.18442	1.06646	1	-0.00937	-0.01068	0.69437	0.00364	1	0.05852	-0.01476	0.67164	0.00385	1	1.45898	0.81042	0	
1240189	8365.39355	3304453533293	0.50395	0.38584	8365.20020	0.19336	11000	1	0.52553	0.32403	1	0.48115	0.43509	1	0.50334	0.37956	1	0.46337	0.54043	10.97943	1.06646	1	0.72735	0.56335	12.48535	1.06646	1	-0.00937	-0.01068	0.69437	0.00357	1	0.05852	-0.01476	0.67164	0.00381	1	1.45898	0.81042	0	
1240190	8365.40039	3304453602455	0.50393	0.38564	8365.20020	0.20020	11000	1	0.52553	0.32403	1	0.48115	0.43509	1	0.50334	0.37956	1	0.46244	0.53825	11.66645	1.06646	1	0.72686	0.56214	11.77095	1.06646	1	-0.00919	-0.01035	0.67306	0.00241	1	0.05937	-0.01495	0.68255	0.00402	1	1.45898	0.81042	0	
1240191	8365.40723	3304453669967	0.50331	0.38427	8365.20020	0.20703	11000	1	0.48555	0.33806	1	0.48258	0.34542	1	0.48407	0.34174	1	0.46269	0.54031	11.42770	1.06646	1	0.72685	0.56250	12.11268	1.06646	1	-0.00919	-0.01035	0.67306	0.00376	1	0.05937	-0.01495	0.68255	0.00391	1	1.45898	0.81042	0	
1240192	8365.41406	3304453738019	0.50278	0.38266	8365.20020	0.21387	11000	1	0.49635	0.32064	1	0.47520	0.34183	1	0.48578	0.33124	1	0.46282	0.54024	11.29086	1.06646	1	0.72680	0.56242	11.95573	1.06646	1	-0.00919	-0.01035	0.67306	0.00376	1	0.05937	-0.01495	0.68255	0.00394	1	1.45898	0.81042	0	
1240193	8365.42090	3304453804830	0.50227	0.38124	8365.20020	0.22070	11000	1	0.49635	0.32064	1	0.47492	0.34800	1	0.48563	0.33432	1	0.46290	0.54067	11.38346	1.06646	1	0.72689	0.56241	11.60086	1.05880	1	-0.00935	-0.01048	0.68490	0.00359	1	0.05710	-0.01439	0.65707	0.00395	1	1.45898	0.81042	0	
1240194	8365.42773	3304453870179	0.50188	0.38112	8365.20020	0.22754	11000	1	0.51800	0.35818	1	0.45918	0.39622	1	0.48859	0.37720	1	0.46306	0.54058	11.58513	1.05880	1	0.72653	0.56275	12.45708	1.05114	1	-0.00935	-0.01048	0.68490	0.00355	1	0.05710	-0.01439	0.65707	0.00384	1	1.45898	0.81042	0	
1240195	8365.43457	3304453939561	0.50114	0.38051	8365.20020	0.23438	11000	1	0.49273	0.31738	1	0.45780	0.40053	1	0.47527	0.35896	1	0.46274	0.54026	11.28295	1.05114	1	0.72655	0.56291	12.65743	1.04348	1	-0.00935	-0.01048	0.68490	0.00379	1	0.05710	-0.01439	0.65707	0.00384	1	1.45898	0.81042	0	
1240196	8365.44141	3304454006323	0.50046	0.38001	8365.20020	0.24121	11000	1	0.49374	0.32368	1	0.45780	0.40053	1	0.47577	0.36211	1	0.46297	0.54068	11.63849	1.04348	1	0.72696	0.56253	11.85664	1.04348	1	-0.00935	-0.01048	0.68490	0.00357	1	0.05937	-0.01495	0.68255	0.00395	1	1.45898	0.81042	0	
1240197	8365.44824	3304454073302	0.50034	0.37903	8365.20020	0.24805	11000	1	0.51442	0.35197	1	0.47730	0.33336	1	0.49586	0.34266	1	0.46303	0.54048	11.70594	1.04348	1	0.72687	0.56214	11.74346	1.05114	1	-0.00935	-0.01048	0.68490	0.00361	1	0.05937	-0.01495	0.68255	0.00403	1	1.45898	0.81042	0	
1240198	8365.45410	3304454140312	0.50029	0.37803	8365.20020	0.25391	11000	1	0.51486	0.35984	1	0.48225	0.32033	1	0.49855	0.34008	1	0.46305	0.54057	11.75657	1.05114	1	0.72692	0.56229	11.94060	1.05880	1	-0.00935	-0.01048	0.68490	0.00355	1	0.05937	-0.01495	0.68255	0.00400	1	1.45898	0.81042	0	
1240199	8365.46094	3304454207267	0.50024	0.37693	8365.20020	0.26074	11000	1	0.51399	0.35386	1	0.48258	0.31395	1	0.49828	0.33390	1	0.46305	0.54050	11.78193	1.05880	1	0.72689	0.56220	12.02767	1.06646	1	-0.00935	-0.01048	0.68490	0.00357	1	0.05937	-0.01495	0.68255	0.00404	1	1.45898	0.81042	0	
1240200	8365.46777	3304454274358	0.49986	0.37662	8365.20020	0.26758	11000	1	0.50485	0.35290	1	0.46417	0.37613	1	0.48451	0.36451	1	0.46296	0.54058	11.65231	1.06646	1	0.72668	0.56261	12.49548	1.06646	1	-0.00935	-0.01048	0.68490	0.00358	1	0.05937	-0.01495	0.68255	0.00385	1	1.45898	0.81042	0	
1240201	8365.47461	3304454341818	0.48908	0.35033	8365.20020	0.26758	11000	0	0.51110	0.33946	1	0.47562	0.33588	1	0.49336	0.33767	1	0.46306	0.54049	11.69829	1.06646	1	0.72680	0.56234	12.06514	1.06646	1	-0.00935	-0.01048	0.68490	0.00361	1	0.05937	-0.01495	0.68255	0.00389	1	1.45898	0.81042	0	
1240202	8365.48145	3304454408373	0.49115	0.34555	8365.20020	0.26758	11000	0	0.51110	0.33946	1	0.47533	0.34210	1	0.49322	0.34078	1	0.46279	0.53983	11.56192	1.06646	1	0.72688	0.56200	11.74000	1.05880	1	-0.00935	-0.01048	0.68490	0.00386	1	0.05677	-0.01433	0.65218	0.00399	1	1.45898	0.81042	0	
1240203	8365.48828	3304454475336	0.48979	0.32604	8365.20020	0.26758	11000	0	0.49597	0.24779	1	0.47817	0.32623	1	0.48707	0.28701	1	0.46287	0.53937	11.25410	1.05880	1	0.72684	0.56204	11.72366	1.05114	1	-0.00935	-0.01048	0.68490	0.00402	1	0.05677	-0.01433	0.65218	0.00408	1	1.45898	0.81042	0	
1240204	8365.49512	3304454541809	0.48675	0.33754	8365.47461	0.02051	11001	1	0.50398	0.36628	1	0.45128	0.37780	1	0.47763	0.37204	1	0.46296	0.54066	11.71724	1.05114	1	0.72644	0.56275	12.62523	1.04348	1	-0.00935	-0.01048	0.68490	0.00356	1	0.05677	-0.01433	0.65218	0.00392	1	1.45898	0.81042	0	
1240205	8365.50098	3304454609235	0.48501	0.34564	8365.47461	0.02637	11001	1	0.50492	0.37221	1	0.45116	0.38383	1	0.47804	0.37802	1	0.46295	0.54065	11.77999	1.04348	1	0.72672	0.56229	12.08486	1.03582	1	-0.00935	-0.01048	0.68490	0.00357	1	0.05677	-0.01433	0.65218	0.00388	1	1.45898	0.81042	0	
1240206	8365.50781	3304454676392	0.48570	0.34028	8365.47461	0.03320	11001	1	0.49998	0.29216	1	0.47838	0.33484	1	0.48918	0.31350	1	0.46280	0.53973	11.20412	1.03582	1	0.72683	0.56223	11.65633	1.03582	1	-0.00935	-0.01048	0.68490	0.00394	1	0.05677	-0.01433	0.65218	0.00392	1	1.45898	0.81042	0	
1240207	8365.51465	3304454740704	0.48473	0.33041	8365.47461	0.04004	11001	1	0.47644	0.17208	1	0.48132	0.37036	1	0.47888	0.27122	1	0.46253	0.53827	11.74744	1.03582	1	0.72691	0.56234	11.74159	1.03582	1	-0.00935	-0.01048	0.68490	0.00242	1	0.05677	-0.01433	0.65218	0.00399	1	1.45898	0.81042	0	
1240208	8365.52148	3304454809866	0.48400	0.32301	8365.47461	0.04688	11001	1	0.47644	0.17208	1	0.48132	0.37036	1	0.47888	0.27122	1	0.46308	0.54056	11.65256	1.03582	1	0.72689	0.56249	12.16105	1.03582	1	-0.00935	-0.01048	0.68490	0.00357	1	0.05710	-0.01449	0.65707	0.00392	1	1.45898	0.81042	0	
1240209	8365.52832	3304454877179	0.48358	0.32905	8365.47461	0.05371	11001	1	0.49427	0.37082	1	0.46618	0.38393	1	0.48022	0.37737	1	0.46274	0.54059	11.80381	1.03582	1	0.72672	0.56270	12.33756	1.03582	1	-0.00935	-0.01048	0.68490	0.00371	1	0.05710	-0.01449	0.65707	0.00388	1	1.45898	0.81042	0	
1240210	8365.53516	3304454944154	0.48462	0.33224	8365.47461	0.06055	11001	1	0.51901	0.34272	1	0.46896	0.37911	1	0.49399	0.36091	1	0.46316	0.54030	11.84301	1.03582	1	0.72673	0.56258	12.36285	1.03582	1	-0.00935	-0.01048	0.68490	0.00392	1	0.05710	-0.01449	0.65707	0.00392	1	1.45898	0.81042	0	
1240211	8365.54199	3304455011053	0.48547	0.33485	8365.47461	0.06738	11001	1	0.51901	0.34272	1	0.46896	0.37911	1	0.49399	0.36091	1	0.46302	0.54082	11.69717	1.03582	1	0.72661	0.56295	12.38395	1.03582	1	-0.00919	-0.01035	0.67306	0.00354	1	0.05788	-0.01466	0.66488	0.00376	1	1.45898	0.81042	0	
1240212	8365.54785	3304455078331	0.48549	0.33865	8365.47461	0.07324	11001	1	0.50475	0.38032	1	0.46676	0.38069	1	0.48576	0.38050	1	0.46285	0.54066	11.75966	1.03582	1	0.72669	0.56252	12.43401	1.03582	1	-0.00919	-0.01035	0.67306	0.00355	1	0.05788	-0.01466	0.66488	0.00391	1	1.45898	0.81042	0	
1240213	8365.55469	3304455144691	0.48525	0.34165	8365.47461	0.08008	11001	1	0.49712	0.37706	1	0.46762	0.37818	1	0.48237	0.37762	1	0.46278	0.54072	11.46224	1.03582	1	0.72675	0.56272	12.03982	1.03582	1	-0.00919	-0.01035	0.67306	0.00365	1	0.05788	-0.01466	0.66488	0.00380	1	1.45898	0.81042	0	
1240214	8365.56152	3304455211780	0.48507	0.34486	8365.47461	0.08691	11001	1	0.49816	0.38329	1	0.46716	0.38996	1	0.48266	0.38662	1	0.46284	0.54048	11.91625	1.02780	1	0.72640	0.56321	12.76232	1.02100	1	-0.00901	-0.01014	0.65663	0.00376	1	0.05423	-0.01379	0.62350	0.00385	1	1.45898	0.81042	0	
1240215	8365.56836	3304455279104	0.48433	0.34968	8365.47461	0.09375	11001	1	0.47911	0.38741	1	0.46901	0.44681	1	0.47406	0.41711	1	0.46239	0.54055	12.44649	1.01298	1	0.72674	0.56312	12.40857	1.00617	1	-0.00901	-0.01014	0.65663	0.00389	1	0.05423	-0.01379	0.62350	0.00387	1	1.45898	0.81042	0	
1240216	8365.57520	3304455346269	0.48538	0.35477	8365.47461	0.10059	11001	1	0.53078	0.39383	1	0.47144	0.46835	1	0.50111	0.43109	1	0.46289	0.54065	11.68141	0.99815	1	0.72675	0.56329	12.55213	0.99135	1	-0.00901	-0.01014	0.65663	0.00395	1	0.05423	-0.01379	0.62350	0.00383	1	1.45898	0.81042	0	
1240217	8365.58105	3304455410334	0.48635	0.35961	8365.47461	0.10645	11001	1	0.53236	0.40550	1	0.47143	0.46861	1	0.50189	0.43706	1	0.46237	0.54122	12.30645	0.98333	1	0.72632	0.56377	12.68755	0.99099	1	-0.00901	-0.01014	0.65663	0.00379	1	0.05905	-0.01505	0.68002	0.00398	1	1.45898	0.81042	0	
1240218	8365.58789	3304455477880	0.48629	0.36493	8365.47461	0.11328	11001	1	0.49753	0.44835	1	0.47274	0.46264	1	0.48514	0.45550	1	0.46232	0.54116	12.36158	0.99099	1	0.72683	0.56332	12.58016	1.00546	1	-0.00901	-0.01014	0.65663	0.00378	1	0.05905	-0.01505	0.68002	0.00381	1	1.45898	0.81042	0	
1240219	8365.59473	3304455543801	0.48521	0.36919	8365.47461	0.12012	11001	1	0.49318	0.43160	1	0.43853	0.46013	1	0.46586	0.44587	1	0.46230	0.54107	12.18604	1.00546	1	0.72626	0.56390	13.13268	1.01992	1	-0.00901	-0.01014	0.65663	0.00382	1	0.05905	-0.01505	0.68002	0.00392	1	1.45898	0.81042	0	
1240220	8365.60156	3304455613835	0.48423	0.40444	8365.47461	0.12012	11001	0	0.48883	0.40805	1	0.43865	0.43726	1	0.46374	0.42266	1	0.46227	0.54132	12.17287	1.03703	1	0.72635	0.56346	12.57077	1.05149	1	-0.00964	-0.01086	0.70280	0.00375	1	0.05905	-0.01505	0.68002	0.00386	1	1.45898	0.81042	0	
1240221	8365.60840	3304455680957	0.48358	0.38010	8365.47461	0.12012	11001	0	0.51621	0.36256	1	0.44964	0.34896	1	0.48292	0.35576	1	0.46237	0.54119	11.97488	1.06860	1	0.72638	0.56360	12.63883	1.06860	1	-0.00964	-0.01086	0.70280	0.00366	1	0.05905	-0.01505	0.68002	0.00389	1	1.45898	0.81042	0	
1240222	8365.61523	3304455747559	0.48507	0.37040	8365.47461	0.12012	11001	0	0.53059	0.34090	1	0.44553	0.36112	1	0.48806	0.35101	1	0.46261	0.54118	12.14507	1.08570	1	0.72629	0.56372	12.79250	1.08570	1	-0.00964	-0.01086	0.70280	0.00371	1	0.05905	-0.01505	0.68002	0.00388	1	1.45898	0.81042	0	
1240223	8365.62207	3304455815639	0.48582	0.36555	8365.60156	0.02051	11002	1	0.53059	0.34090	1	0.44553	0.36112	1	0.48806	0.35101	1	0.46231	0.54096	12.17537	1.08570	1	0.72610	0.56380	13.13634	1.08570	1	-0.00926	-0.01031	0.66722	0.00367	1	0.05897	-0.01508	0.67916	0.00395	1	1.45898	0.81042	0	
1240224	8365.62891	3304455881812	0.48409	0.36725	8365.60156	0.02734	11002	1	0.52071	0.36243	1	0.43369	0.38560	1	0.47720	0.37402	1	0.46244	0.54123	12.33822	1.06860	1	0.72612	0.56384	13.08054	1.06860	1	-0.00926	-0.01031	0.66722	0.00369	1	0.05897	-0.01508	0.67916	0.00395	1	1.45898	0.81042	0	
1240225	8365.63574	3304455948315	0.48257	0.36456	8365.60156	0.03418	11002	1	0.52152	0.30369	1	0.42834	0.39856	1	0.47493	0.35113	1	0.46240	0.54098	12.17996	1.05149	1	0.72609	0.56379	13.07464	1.05149	1	-0.00926	-0.01031	0.66722	0.00372	1	0.05897	-0.01508	0.67916	0.00396	1	1.45898	0.81042	0	
1240226	8365.64258	3304456016261	0.48155	0.36367	8365.60156	0.04102	11002	1	0.52250	0.31127	1	0.42839	0.40546	1	0.47544	0.35837	1	0.46240	0.54142	12.14776	1.04241	1	0.72606	0.56380	13.05940	1.04241	1	-0.00945	-0.01052	0.67732	0.00364	1	0.05897	-0.01508	0.67916	0.00397	1	1.45898	0.81042	0	
1240227	8365.64844	3304456082464	0.48089	0.36545	8365.60156	0.04688	11002	1	0.51908	0.35491	1	0.43342	0.40079	1	0.47625	0.37785	1	0.46239	0.54151	12.32282	1.05042	1	0.72616	0.56378	13.07772	1.05042	1	-0.00945	-0.01052	0.67732	0.00355	1	0.05897	-0.01508	0.67916	0.00392	1	1.45898	0.81042	0	
1240228	8365.65527	3304456150580	0.48049	0.36497	8365.60156	0.05371	11002	1	0.52498	0.32871	1	0.42971	0.39355	1	0.47735	0.36113	1	0.46247	0.54150	12.21821	1.05844	1	0.72610	0.56379	13.05946	1.05844	1	-0.00945	-0.01052	0.67732	0.00367	1	0.05897	-0.01508	0.67916	0.00398	1	1.45898	0.81042	0	
1240229	8365.66211	3304456217096	0.48013	0.36396	8365.60156	0.06055	11002	1	0.52414	0.32226	1	0.42968	0.38746	1	0.47691	0.35486	1	0.46237	0.54185	12.21235	1.06646	1	0.72555	0.56426	12.88376	1.06646	1	-0.00949	-0.01061	0.68023	0.00361	1	0.05897	-0.01508	0.67916	0.00399	1	1.45898	0.81042	0	
1240230	8365.66895	3304456283586	0.47936	0.36447	8365.60156	0.06738	11002	1	0.51106	0.36178	1	0.43208	0.37739	1	0.47157	0.36958	1	0.46226	0.54174	12.55471	1.06646	1	0.72609	0.56378	12.84699	1.06646	1	-0.00949	-0.01061	0.68023	0.00358	1	0.05897	-0.01508	0.67916	0.00396	1	1.45898	0.81042	0	SUBJECT_ONSET_LOG
1240231	8365.67578	3304456350725	0.47981	0.36441	8365.60156	0.07422	11002	1	0.53844	0.34733	1	0.43119	0.38031	1	0.48481	0.36382	1	0.46268	0.54164	12.29839	1.06646	1	0.72609	0.56383	12.86830	1.06646	1	-0.00949	-0.01061	0.68023	0.00374	1	0.05897	-0.01508	0.67916	0.00394	1	1.45898	0.81042	0	
1240232	8365.68262	3304456418074	0.47607	0.36564	8365.60156	0.08105	11002	1	0.53844	0.34733	0	0.43119	0.38031	1	0.43119	0.38031	1	0.46268	0.54164	12.29839	1.06646	0	0.46264	0.54159	12.26638	1.06646	1	-0.00949	-0.01061	0.68023	0.00374	1	-0.00945	-0.01052	0.67732	0.00371	1	1.45898	0.81042	0	
1240233	8365.68848	3304456484335	0.47058	0.36129	8365.60156	0.08691	11002	1	0.53844	0.34733	0	0.39924	0.30478	1	0.39924	0.30478	1	0.46268	0.54164	12.29839	1.06646	0	0.46264	0.54159	12.26638	1.06646	1	-0.00949	-0.01061	0.68023	0.00374	1	-0.00945	-0.01052	0.67732	0.00371	1	1.45898	0.81042	0	
1240234	8365.69531	3304456550748	0.46616	0.35678	8365.60156	0.09375	11002	1	0.53844	0.34733	0	0.40423	0.29359	1	0.40423	0.29359	1	0.46268	0.54164	12.29839	1.06646	0	0.46271	0.54173	12.43447	1.06646	1	-0.00949	-0.01061	0.68023	0.00374	1	-0.00945	-0.01052	0.67732	0.00368	1	1.45898	0.81042	0	AUDIO_FILE_ONSET_LOG
1240235	8365.70215	3304456618887	0.46229	0.35283	8365.60156	0.10059	11002	1	0.53844	0.34733	0	0.40423	0.29359	1	0.40423	0.29359	1	0.46268	0.54164	12.29839	1.06646	0	0.46220	0.54160	11.54495	1.06646	1	-0.00949	-0.01061	0.68023	0.00374	1	-0.00949	-0.01061	0.68023	0.00365	1	1.45898	0.81042	0	
1240236	8365.70898	3304456686855	0.45701	0.34959	8365.60156	0.10742	11002	1	0.53844	0.34733	0	0.37255	0.29773	1	0.37255	0.29773	1	0.46268	0.54164	12.29839	1.06646	0	0.46224	0.54159	12.19329	1.06646	1	-0.00949	-0.01061	0.68023	0.00374	1	-0.00949	-0.01061	0.68023	0.00359	1	1.45898	0.81042	0	
1240237	8365.71582	3304456752592	0.45258	0.34682	8365.60156	0.11426	11002	1	0.53844	0.34733	0	0.37721	0.29978	1	0.37721	0.29978	1	0.46268	0.54164	12.29839	1.06646	0	0.46230	0.54172	12.10137	1.06646	1	-0.00949	-0.01061	0.68023	0.00374	1	-0.00949	-0.01061	0.68023	0.00359	1	1.45898	0.81042	0	
1240238	8365.72266	3304456818752	0.44861	0.34434	8365.60156	0.12109	11002	1	0.53844	0.34733	0	0.37721	0.29978	1	0.37721	0.29978	1	0.46268	0.54164	12.29839	1.06646	0	0.46228	0.54075	11.73565	1.06646	1	-0.00949	-0.01061	0.68023	0.00374	1	-0.00949	-0.01061	0.68023	0.00395	1	1.45898	0.81042	0	
1240239	8365.72949	3304456886433	0.42139	0.32697	8365.60156	0.12109	11002	0	0.53844	0.34733	0	0.38023	0.30473	1	0.38023	0.30473	1	0.46268	0.54164	12.29839	1.06646	0	0.46231	0.54154	11.88626	1.06646	1	-0.00949	-0.01061	0.68023	0.00374	1	-0.00949	-0.01061	0.68023	0.00360	1	1.45898	0.81042	0	
1240240	8365.73633	3304456954419	0.40106	0.31628	8365.60156	0.12109	11002	0	0.53844	0.34733	0	0.38072	0.30558	1	0.38072	0.30558	1	0.46268	0.54164	12.29839	1.06646	0	0.46231	0.54170	12.25817	1.06646	1	-0.00949	-0.01061	0.68023	0.00374	1	-0.00949	-0.01061	0.68023	0.00357	1	1.45898	0.81042	0	
1240241	8365.74219	3304457020521	0.39428	0.31271	8365.60156	0.12109	11002	0	0.53844	0.34733	0	0.38072	0.30558	1	0.38072	0.30558	1	0.46268	0.54164	12.29839	1.06646	0	0.46239	0.54152	12.01131	1.06646	1	-0.00949	-0.01061	0.68023	0.00374	1	-0.00949	-0.01061	0.68023	0.00361	1	1.45898	0.81042	0	
1240242	8365.74902	3304457087531	0.41945	0.31246	8365.72949	0.01953	11003	1	0.50831	0.34270	1	0.48161	0.28067	1	0.49496	0.31169	1	0.46219	0.54145	11.50591	1.06646	1	0.72614	0.56284	12.30447	1.06646	1	-0.00949	-0.01061	0.68023	0.00363	1	-0.00949	-0.01061	0.68023	0.00417	1	1.45898	0.81042	0	
1240243	8365.75586	3304457154281	0.43469	0.31756	8365.72949	0.02637	11003	1	0.51943	0.33236	1	0.47188	0.34363	1	0.49566	0.33799	1	0.46241	0.54147	11.75614	1.06646	1	0.72598	0.56341	12.30487	1.06646	1	-0.00949	-0.01061	0.68023	0.00359	1	-0.00949	-0.01061	0.68023	0.00402	1	1.45898	0.81042	0	
1240244	8365.76270	3304457220529	0.44485	0.32097	8365.72949	0.03320	11003	1	0.51943	0.33236	1	0.47188	0.34363	1	0.49566	0.33799	1	0.46209	0.54159	11.63080	1.06646	1	0.72582	0.56368	12.46957	1.06646	1	-0.00945	-0.01062	0.67732	0.00357	1	0.05967	-0.01528	0.68841	0.00396	1	1.45898	0.81042	0	
1240245	8365.76953	3304457286419	0.44923	0.32128	8365.72949	0.04004	11003	1	0.48318	0.26191	1	0.46777	0.38442	1	0.47548	0.32316	1	0.46191	0.54061	11.34269	1.06646	1	0.72588	0.56364	12.73470	1.06646	1	-0.00945	-0.01062	0.67732	0.00393	1	0.05967	-0.01528	0.68841	0.00390	1	1.45898	0.81042	0	
1240246	8365.77539	3304457350969	0.45401	0.32125	8365.72949	0.04590	11003	1	0.49761	0.28316	1	0.47733	0.35890	1	0.48747	0.32103	1	0.46202	0.54088	11.74111	1.06646	1	0.72605	0.56345	12.31536	1.06646	1	-0.00945	-0.01062	0.67732	0.00378	1	0.05967	-0.01528	0.68841	0.00392	1	1.45898	0.81042	0	
1240247	8365.78223	3304457419536	0.45778	0.32157	8365.72949	0.05273	11003	1	0.49862	0.28992	1	0.47736	0.35837	1	0.48799	0.32415	1	0.46196	0.54140	11.29117	1.05844	1	0.72616	0.56342	12.20852	1.06712	1	-0.00929	-0.01044	0.66271	0.00359	1	0.06119	-0.01571	0.70536	0.00384	1	1.45898	0.81042	0	
1240248	8365.78906	3304457484823	0.46058	0.32170	8365.72949	0.05957	11003	1	0.48693	0.29924	1	0.48458	0.34640	1	0.48576	0.32282	1	0.46185	0.54100	11.34247	1.05910	1	0.72614	0.56348	12.17115	1.06779	1	-0.00929	-0.01044	0.66271	0.00381	1	0.06119	-0.01571	0.70536	0.00388	1	1.45898	0.81042	0	
1240249	8365.79590	3304457553657	0.46365	0.32325	8365.72949	0.06641	11003	1	0.51099	0.32142	1	0.47770	0.35617	1	0.49434	0.33880	1	0.46192	0.54121	11.42742	1.05977	1	0.72605	0.56345	12.15791	1.06845	1	-0.00929	-0.01044	0.66271	0.00383	1	0.06119	-0.01571	0.70536	0.00387	1	1.45898	0.81042	0	
1240250	8365.80273	3304457618591	0.46618	0.32504	8365.72949	0.07324	11003	1	0.51091	0.32089	1	0.47709	0.36858	1	0.49400	0.34473	1	0.46154	0.54105	11.93856	1.06043	1	0.72569	0.56325	12.66666	1.05277	1	-0.00929	-0.01044	0.66271	0.00381	1	0.05610	-0.01443	0.64784	0.00392	1	1.45898	0.81042	0	
1240251	8365.80859	3304457685917	0.46659	0.32774	8365.72949	0.07910	11003	1	0.49236	0.34818	1	0.45066	0.37200	1	0.47151	0.36009	1	0.46161	0.54141	11.98250	1.05277	1	0.72564	0.56353	12.72091	1.03643	1	-0.00929	-0.01044	0.66271	0.00402	1	0.05610	-0.01443	0.64784	0.00407	1	1.45898	0.81042	0	
1240252	8365.81641	3304457757321	0.46711	0.33068	8365.72949	0.08691	11003	1	0.49197	0.32174	1	0.45594	0.41597	1	0.47396	0.36885	1	0.46153	0.54103	11.91589	1.03643	1	0.72576	0.56390	12.40623	1.02009	1	-0.00929	-0.01044	0.66271	0.00383	1	0.05610	-0.01443	0.64784	0.00399	1	1.45898	0.81042	0	
1240253	8365.82324	3304457825255	0.46761	0.33347	8365.72949	0.09375	11003	1	0.49309	0.32865	1	0.45593	0.41648	1	0.47451	0.37256	1	0.46157	0.54133	11.96361	1.02811	1	0.72543	0.56402	13.03764	1.01943	1	-0.00966	-0.01080	0.68559	0.00380	1	0.05945	-0.01530	0.68700	0.00395	1	1.45898	0.81042	0	
1240254	8365.83008	3304457892347	0.46764	0.33569	8365.72949	0.10059	11003	1	0.50147	0.32469	1	0.43480	0.41331	1	0.46813	0.36900	1	0.46162	0.54096	11.85934	1.02745	1	0.72538	0.56400	12.99301	1.03511	1	-0.00966	-0.01080	0.68559	0.00408	1	0.05945	-0.01530	0.68700	0.00394	1	1.45898	0.81042	0	
1240255	8365.83594	3304457958577	0.46902	0.33960	8365.72949	0.10645	11003	1	0.53746	0.39305	1	0.44486	0.41114	1	0.49116	0.40210	1	0.46182	0.54190	12.16087	1.04312	1	0.72555	0.56414	13.18682	1.05078	1	-0.00966	-0.01080	0.68559	0.00377	1	0.05945	-0.01530	0.68700	0.00382	1	1.45898	0.81042	0	
1240256	8365.84277	3304458025456	0.47022	0.34241	8365.72949	0.11328	11003	1	0.53596	0.38123	1	0.44501	0.39939	1	0.49049	0.39031	1	0.46169	0.54168	12.24600	1.05880	1	0.72562	0.56365	13.06349	1.06646	1	-0.00966	-0.01080	0.68559	0.00386	1	0.05945	-0.01530	0.68700	0.00417	1	1.45898	0.81042	0	
1240257	8365.84961	3304458092727	0.47105	0.34378	8365.72949	0.12012	11003	1	0.52731	0.38036	1	0.44494	0.35642	1	0.48612	0.36839	1	0.46174	0.54196	12.39159	1.06646	1	0.72558	0.56366	12.91049	1.06646	1	-0.00966	-0.01080	0.68559	0.00374	1	0.05945	-0.01530	0.68700	0.00414	1	1.45898	0.81042	0	
1240258	8365.85645	3304458159603	0.47171	0.34446	8365.72949	0.12695	11003	1	0.51577	0.34936	1	0.45251	0.36526	1	0.48414	0.35731	1	0.46158	0.54160	12.04936	1.06646	1	0.72564	0.56366	12.95896	1.06646	1	-0.00966	-0.01080	0.68559	0.00390	1	0.05945	-0.01530	0.68700	0.00413	1	1.45898	0.81042	0	
1240259	8365.86328	3304458225753	0.47232	0.34537	8365.72949	0.13379	11003	1	0.51666	0.35561	1	0.45238	0.37153	1	0.48452	0.36357	1	0.46155	0.54108	11.51300	1.05844	1	0.72535	0.56373	13.46263	1.05844	1	-0.00935	-0.01040	0.66008	0.00408	1	0.05945	-0.01530	0.68700	0.00412	1	1.45898	0.81042	0	
1240260	8365.87012	3304458292850	0.47235	0.34652	8365.72949	0.14062	11003	1	0.51714	0.32771	1	0.42884	0.41367	1	0.47299	0.37069	1	0.46152	0.54136	12.08464	1.05042	1	0.72533	0.56408	13.69121	1.05042	1	-0.00935	-0.01040	0.66008	0.00393	1	0.05945	-0.01530	0.68700	0.00391	1	1.45898	0.81042	0	
1240261	8365.87695	3304458360801	0.47299	0.34727	8365.72949	0.14746	11003	1	0.51491	0.33946	1	0.45916	0.38827	1	0.48704	0.36386	1	0.46151	0.54138	11.77436	1.04241	1	0.72535	0.56373	13.46263	1.04241	1	-0.00935	-0.01040	0.66008	0.00396	1	0.05945	-0.01530	0.68700	0.00412	1	1.45898	0.81042	0	
1240262	8365.88281	3304458427525	0.47357	0.34796	8365.72949	0.15332	11003	1	0.51491	0.33946	1	0.45916	0.38827	1	0.48704	0.36386	1	0.46149	0.54139	11.73981	1.04241	1	0.72496	0.56408	12.85607	1.04241	1	-0.00978	-0.01081	0.68659	0.00388	1	0.05945	-0.01530	0.68700	0.00401	1	1.45898	0.81042	0	
1240263	8365.88965	3304458493242	0.47422	0.34749	8365.72949	0.16016	11003	1	0.50957	0.30020	1	0.46997	0.37209	1	0.48977	0.33615	1	0.46144	0.54094	11.88503	1.05042	1	0.72517	0.56354	12.21473	1.05042	1	-0.00978	-0.01081	0.68659	0.00402	1	0.05945	-0.01530	0.68700	0.00415	1	1.45898	0.81042	0	
1240264	8365.89648	3304458561038	0.47449	0.34744	8365.72949	0.16699	11003	1	0.49317	0.34390	1	0.46904	0.34853	1	0.48111	0.34621	1	0.46127	0.54148	11.30056	1.05844	1	0.72510	0.56331	11.90988	1.05844	1	-0.00978	-0.01081	0.68659	0.00393	1	0.05945	-0.01530	0.68700	0.00404	1	1.45898	0.81042	0	
1240265	8365.90332	3304458628613	0.47472	0.34716	8365.72949	0.17383	11003	1	0.49213	0.33755	1	0.46930	0.34207	1	0.48071	0.33981	1	0.46127	0.54148	11.30056	1.06646	1	0.72521	0.56372	12.33258	1.06646	1	-0.00978	-0.01081	0.68659	0.00393	1	0.05945	-0.01530	0.68700	0.00384	1	1.45898	0.81042	0	
1240266	8365.91016	3304458696488	0.47520	0.34741	8365.72949	0.18066	11003	1	0.50128	0.29617	1	0.47532	0.41245	1	0.48830	0.35431	1	0.46126	0.54133	11.80146	1.06646	1	0.72569	0.56414	13.31865	1.06646	1	-0.00978	-0.01081	0.68659	0.00372	1	0.05945	-0.01530	0.68700	0.00388	1	1.45898	0.81042	0	
1240267	8365.91699	3304458762909	0.47594	0.34721	8365.72949	0.18750	11003	1	0.50908	0.30076	1	0.48389	0.38226	1	0.49648	0.34151	1	0.46150	0.54106	12.09160	1.06646	1	0.72577	0.56382	12.74232	1.06646	1	-0.00978	-0.01081	0.68659	0.00375	1	0.05945	-0.01530	0.68700	0.00390	1	1.45898	0.81042	0	
1240268	8365.92383	3304458828959	0.47662	0.34702	8365.72949	0.19434	11003	1	0.50908	0.30076	1	0.48389	0.38226	1	0.49648	0.34151	1	0.46140	0.54103	12.04910	1.06646	1	0.72541	0.56349	13.17703	1.06646	1	-0.00950	-0.01056	0.67397	0.00376	1	0.05841	-0.01499	0.67505	0.00412	1	1.45898	0.81042	0	
1240269	8365.92969	3304458896006	0.47659	0.34759	8365.72949	0.20020	11003	1	0.50396	0.39769	1	0.44743	0.33186	1	0.47569	0.36477	1	0.46171	0.54178	12.74519	1.06646	1	0.72551	0.56275	12.70638	1.06646	1	-0.00950	-0.01056	0.67397	0.00392	1	0.05841	-0.01499	0.67505	0.00436	1	1.45898	0.81042	0	
1240270	8365.93652	3304458962998	0.47619	0.34796	8365.72949	0.20703	11003	1	0.47801	0.37469	1	0.44942	0.34413	1	0.46372	0.35941	1	0.46176	0.54138	12.67147	1.06646	1	0.72561	0.56251	12.92402	1.06646	1	-0.00950	-0.01056	0.67397	0.00398	1	0.05841	-0.01499	0.67505	0.00408	1	1.45898	0.81042	0	
1240271	8365.94336	3304459030130	0.47581	0.34840	8365.72949	0.21387	11003	1	0.47801	0.37469	1	0.44931	0.35027	1	0.46366	0.36248	1	0.46223	0.54049	12.02815	1.06646	1	0.72644	0.56312	13.23267	1.05880	1	-0.00949	-0.01051	0.68023	0.00399	1	0.05610	-0.01428	0.64784	0.00390	1	1.45898	0.81042	0	
1240272	8365.95020	3304459094639	0.47655	0.34765	8365.72949	0.22070	11003	1	0.50836	0.24976	1	0.49365	0.39573	1	0.50100	0.32274	1	0.46221	0.54000	11.94783	1.05880	1	0.72638	0.56289	13.34610	1.05114	1	-0.00949	-0.01051	0.68023	0.00424	1	0.05610	-0.01428	0.64784	0.00378	1	1.45898	0.81042	0	
1240273	8365.95703	3304459161371	0.47741	0.34867	8365.72949	0.22754	11003	1	0.52142	0.34562	1	0.49182	0.42096	1	0.50662	0.38329	1	0.46230	0.54110	12.22158	1.05114	1	0.72640	0.56302	13.27596	1.04348	1	-0.00949	-0.01051	0.68023	0.00379	1	0.05610	-0.01428	0.64784	0.00389	1	1.45898	0.81042	0	
1240274	8365.96387	3304459231320	0.47823	0.34979	8365.72949	0.23438	11003	1	0.52225	0.35170	1	0.49141	0.42670	1	0.50683	0.38920	1	0.46225	0.54020	12.15781	1.04348	1	0.72643	0.56233	13.00616	1.03582	1	-0.00949	-0.01051	0.68023	0.00418	1	0.05610	-0.01428	0.64784	0.00428	1	1.45898	0.81042	0	
1240275	8365.97070	3304459297915	0.47885	0.34980	8365.72949	0.24121	11003	1	0.51292	0.30920	1	0.48997	0.39099	1	0.50144	0.35010	1	0.46225	0.54020	12.15781	1.03582	1	0.72629	0.56278	13.40968	1.03582	1	-0.00949	-0.01051	0.68023	0.00418	1	0.05610	-0.01428	0.64784	0.00378	1	1.45898	0.81042	0	
1240276	8365.97656	3304459364931	0.47978	0.35085	8365.72949	0.24707	11003	1	0.52770	0.35761	1	0.50039	0.42163	1	0.51405	0.38962	1	0.46253	0.54101	12.67577	1.03582	1	0.72652	0.56287	13.06162	1.03582	1	-0.00949	-0.01051	0.68023	0.00381	1	0.05610	-0.01428	0.64784	0.00383	1	1.45898	0.81042	0	
1240277	8365.98340	3304459428126	0.48066	0.35184	8365.72949	0.25391	11003	1	0.52770	0.35761	1	0.50039	0.42163	1	0.51405	0.38962	1	0.46273	0.54106	13.35068	1.03582	1	0.72620	0.56293	13.83741	1.03582	1	-0.00949	-0.01051	0.68023	0.00375	1	0.05715	-0.01453	0.65880	0.00376	1	1.45898	0.81042	0	
1240278	8365.99023	3304459496132	0.48152	0.35276	8365.72949	0.26074	11003	1	0.52798	0.38798	1	0.50216	0.38939	1	0.51507	0.38869	1	0.46242	0.54114	12.57880	1.03582	1	0.72643	0.56279	13.22257	1.03582	1	-0.00949	-0.01051	0.68023	0.00375	1	0.05715	-0.01453	0.65880	0.00382	1	1.45898	0.81042	0	
1240279	8365.99707	3304459563242	0.48230	0.35250	8365.72949	0.26758	11003	1	0.52859	0.30007	1	0.49815	0.38361	1	0.51337	0.34184	1	0.46248	0.54038	12.33237	1.03582	1	0.72648	0.56269	13.10793	1.03582	1	-0.00949	-0.01051	0.68023	0.00407	1	0.05715	-0.01453	0.65880	0.00385	1	1.45898	0.81042	0	
1240280	8366.00391	3304459629704	0.48304	0.35217	8365.72949	0.27441	11003	1	0.52859	0.30007	1	0.49860	0.37755	1	0.51360	0.33881	1	0.46235	0.54119	13.00109	1.03582	1	0.72650	0.56233	13.18687	1.04348	1	-0.00949	-0.01051	0.68023	0.00374	1	0.05967	-0.01518	0.68841	0.00379	1	1.45898	0.81042	0	
1240281	8366.01074	3304459699833	0.48348	0.35286	8365.72949	0.28125	11003	1	0.50928	0.37068	1	0.49464	0.39277	1	0.50196	0.38172	1	0.46221	0.54118	12.56450	1.04348	1	0.72638	0.56274	13.64794	1.05114	1	-0.00949	-0.01051	0.68023	0.00373	1	0.05967	-0.01518	0.68841	0.00393	1	1.45898	0.81042	0	
1240282	8366.01660	3304459765096	0.48426	0.35272	8365.72949	0.28711	11003	1	0.52387	0.34557	1	0.51174	0.34767	1	0.51780	0.34662	1	0.46237	0.54096	12.65308	1.05114	1	0.72666	0.56254	13.61920	1.05880	1	-0.00949	-0.01051	0.68023	0.00378	1	0.05967	-0.01518	0.68841	0.00374	1	1.45898	0.81042	0	
1240283	8366.02344	3304459833420	0.51027	0.36382	8365.72949	0.28711	11003	0	0.52306	0.33949	1	0.51174	0.34767	1	0.51740	0.34358	1	0.46238	0.54114	12.52678	1.05880	1	0.72647	0.56245	13.55519	1.05880	1	-0.00949	-0.01051	0.68023	0.00380	1	0.05715	-0.01453	0.65880	0.00381	1	1.45898	0.81042	0	
1240284	8366.03027	3304459900799	0.51154	0.35192	8365.72949	0.28711	11003	0	0.53563	0.34419	1	0.49002	0.33585	1	0.51282	0.34002	1	0.46268	0.54108	13.44827	1.05880	1	0.72623	0.56236	13.34809	1.05114	1	-0.00949	-0.01051	0.68023	0.00378	1	0.05715	-0.01453	0.65880	0.00386	1	1.45898	0.81042	0	
1240285	8366.03711	3304459967584	0.50739	0.34559	8365.72949	0.28711	11003	0	0.51496	0.31003	1	0.48320	0.35582	1	0.49908	0.33293	1	0.46221	0.54033	12.23267	1.05114	1	0.72618	0.56234	13.25830	1.04348	1	-0.00949	-0.01051	0.68023	0.00413	1	0.05715	-0.01453	0.65880	0.00390	1	1.45898	0.81042	0	
1240286	8366.04395	3304460034564	0.50542	0.34322	8366.02344	0.02051	11004	1	0.51582	0.31638	1	0.48320	0.35582	1	0.49951	0.33610	1	0.46239	0.54019	12.60355	1.04348	1	0.72611	0.56253	13.28422	1.04348	1	-0.00949	-0.01051	0.68023	0.00415	1	0.05897	-0.01498	0.67916	0.00382	1	1.45898	0.81042	0	
1240287	8366.05078	3304460101833	0.50447	0.34760	8366.02344	0.02734	11004	1	0.53363	0.34940	1	0.46775	0.38091	1	0.50069	0.36516	1	0.46257	0.54106	13.29578	1.04348	1	0.72631	0.56266	13.53589	1.05114	1	-0.00949	-0.01051	0.68023	0.00378	1	0.05897	-0.01498	0.67916	0.00389	1	1.45898	0.81042	0	
1240288	8366.05762	3304460168682	0.50503	0.34971	8366.02344	0.03418	11004	1	0.53264	0.35053	1	0.48295	0.36998	1	0.50779	0.36025	1	0.46257	0.54106	13.29578	1.05114	1	0.72648	0.56253	13.21060	1.05880	1	-0.00949	-0.01051	0.68023	0.00378	1	0.05897	-0.01498	0.67916	0.00381	1	1.45898	0.81042	0	
1240289	8366.06445	3304460235782	0.50539	0.35036	8366.02344	0.04102	11004	1	0.53188	0.34449	1	0.48329	0.36396	1	0.50759	0.35422	1	0.46242	0.54116	12.97716	1.05880	1	0.72635	0.56305	13.61062	1.06646	1	-0.00943	-0.01056	0.68343	0.00374	1	0.05897	-0.01498	0.67916	0.00399	1	1.45898	0.81042	0	
1240290	8366.07031	3304460302668	0.50016	0.34965	8366.02344	0.04688	11004	1	0.48653	0.34985	1	0.44045	0.33958	1	0.46349	0.34472	1	0.46226	0.54105	12.38895	1.06646	1	0.72625	0.56249	13.25144	1.06646	1	-0.00943	-0.01056	0.68343	0.00382	1	0.05897	-0.01498	0.67916	0.00395	1	1.45898	0.81042	0	
1240291	8366.07715	3304460369643	0.49708	0.35036	8366.02344	0.05371	11004	1	0.50444	0.32019	1	0.44055	0.39184	1	0.47250	0.35601	1	0.46262	0.54074	13.12397	1.06646	1	0.72625	0.56289	13.53892	1.06646	1	-0.00943	-0.01056	0.68343	0.00371	1	0.05897	-0.01498	0.67916	0.00394	1	1.45898	0.81042	0	
1240292	8366.08398	3304460436632	0.49462	0.35092	8366.02344	0.06055	11004	1	0.50444	0.32019	1	0.44055	0.39184	1	0.47250	0.35601	1	0.46279	0.54007	12.47689	1.06646	1	0.72708	0.56203	13.23197	1.06646	1	-0.00943	-0.01056	0.68343	0.00392	1	0.05897	-0.01498	0.67916	0.00389	1	1.45898	0.81042	0	
1240293	8366.09082	3304460504010	0.49636	0.34698	8366.02344	0.06738	11004	1	0.53101	0.29605	1	0.49655	0.31895	1	0.51378	0.30750	1	0.46335	0.54014	12.42542	1.06646	1	0.72710	0.56216	13.10832	1.06646	1	-0.00943	-0.01056	0.68343	0.00400	1	0.05897	-0.01498	0.67916	0.00402	1	1.45898	0.81042	0	
1240294	8366.09766	3304460567946	0.49684	0.34348	8366.02344	0.07422	11004	1	0.51430	0.27178	1	0.48989	0.33831	1	0.50210	0.30504	1	0.46309	0.53964	11.59051	1.06646	1	0.72702	0.56228	13.25835	1.06646	1	-0.00943	-0.01056	0.68343	0.00401	1	0.05897	-0.01498	0.67916	0.00394	1	1.45898	0.81042	0	
1240295	8366.10449	3304460637929	0.49723	0.34076	8366.02344	0.08105	11004	1	0.51430	0.27178	1	0.48951	0.34452	1	0.50190	0.30815	1	0.46307	0.53999	11.89575	1.06646	1	0.72694	0.56222	13.60192	1.05880	1	-0.00935	-0.01058	0.68490	0.00412	1	0.05710	-0.01449	0.65707	0.00399	1	1.45898	0.81042	0	
1240296	8366.11133	3304460704945	0.49724	0.33872	8366.02344	0.08789	11004	1	0.51006	0.27755	1	0.48455	0.34669	1	0.49730	0.31212	1	0.46321	0.53999	12.42482	1.05880	1	0.72699	0.56238	13.83670	1.05114	1	-0.00935	-0.01058	0.68490	0.00401	1	0.05710	-0.01449	0.65707	0.00394	1	1.45898	0.81042	0	
1240297	8366.11719	3304460771055	0.49720	0.33832	8366.02344	0.09375	11004	1	0.51634	0.30940	1	0.47695	0.35595	1	0.49665	0.33268	1	0.46314	0.53993	12.33334	1.05114	1	0.72680	0.56232	13.79370	1.04348	1	-0.00935	-0.01058	0.68490	0.00402	1	0.05710	-0.01449	0.65707	0.00398	1	1.45898	0.81042	0	
1240298	8366.12402	3304460838003	0.49719	0.33816	8366.02344	0.10059	11004	1	0.51720	0.31575	1	0.47695	0.35595	1	0.49708	0.33585	1	0.46349	0.53973	12.79840	1.04348	1	0.72683	0.56230	13.95826	1.04348	1	-0.00919	-0.01035	0.67306	0.00411	1	0.05937	-0.01505	0.68255	0.00401	1	1.45898	0.81042	0	
1240299	8366.13086	3304460905496	0.49796	0.33688	8366.02344	0.10742	11004	1	0.54091	0.32063	1	0.47966	0.31206	1	0.51029	0.31635	1	0.46358	0.54000	13.21840	1.04348	1	0.72689	0.56214	13.95863	1.05114	1	-0.00919	-0.01035	0.67306	0.00373	1	0.05937	-0.01505	0.68255	0.00404	1	1.45898	0.81042	0	
1240300	8366.13770	3304460972946	0.49657	0.33616	8366.02344	0.11426	11004	1	0.50269	0.28509	1	0.44334	0.36265	1	0.47301	0.32387	1	0.46333	0.53971	12.89290	1.05114	1	0.72671	0.56258	14.28672	1.05880	1	-0.00919	-0.01035	0.67306	0.00383	1	0.05937	-0.01505	0.68255	0.00397	1	1.45898	0.81042	0	
1240301	8366.14453	3304461039553	0.49531	0.33518	8366.02344	0.12109	11004	1	0.50174	0.27856	1	0.44340	0.35660	1	0.47257	0.31758	1	0.46339	0.53896	12.87416	1.05880	1	0.72738	0.56237	13.91688	1.06646	1	-0.00915	-0.01048	0.67801	0.00385	1	0.05928	-0.01500	0.68035	0.00391	1	1.45898	0.81042	0	
1240302	8366.15137	3304461106585	0.49473	0.33240	8366.02344	0.12793	11004	1	0.50803	0.24992	1	0.45932	0.30918	1	0.48367	0.27955	1	0.46358	0.53950	12.87048	1.06646	1	0.72730	0.56208	13.82507	1.06646	1	-0.00915	-0.01048	0.67801	0.00392	1	0.05928	-0.01500	0.68035	0.00419	1	1.45898	0.81042	0	
1240303	8366.15820	3304461173372	0.49429	0.33069	8366.02344	0.13477	11004	1	0.51817	0.27179	1	0.45272	0.32119	1	0.48544	0.29649	1	0.46354	0.53920	12.94785	1.06646	1	0.72721	0.56209	13.23489	1.06646	1	-0.00915	-0.01048	0.67801	0.00405	1	0.05928	-0.01500	0.68035	0.00428	1	1.45898	0.81042	0	
1240304	8366.16504	3304461240809	0.49390	0.32944	8366.02344	0.14160	11004	1	0.51904	0.27862	1	0.45259	0.32779	1	0.48581	0.30321	1	0.46357	0.53939	12.84093	1.05844	1	0.72748	0.56234	14.01671	1.05844	1	-0.00881	-0.01009	0.65649	0.00397	1	0.05928	-0.01500	0.68035	0.00416	1	1.45898	0.81042	0	
1240305	8366.17090	3304461304307	0.49394	0.32820	8366.02344	0.14746	11004	1	0.51886	0.27506	1	0.47088	0.32704	1	0.49487	0.30105	1	0.46359	0.53956	12.82340	1.05042	1	0.72748	0.56223	14.08528	1.05042	1	-0.00881	-0.01009	0.65649	0.00396	1	0.05928	-0.01500	0.68035	0.00403	1	1.45898	0.81042	0	
1240306	8366.17676	3304461367533	0.49425	0.32637	8366.02344	0.15332	11004	1	0.52061	0.23918	1	0.48175	0.32922	1	0.50118	0.28420	1	0.46359	0.53897	12.75918	1.04241	1	0.72765	0.56200	13.64952	1.04241	1	-0.00881	-0.01009	0.65649	0.00403	1	0.05928	-0.01500	0.68035	0.00430	1	1.45898	0.81042	0	
1240307	8366.18457	3304461439324	0.49453	0.32496	8366.02344	0.16113	11004	1	0.52149	0.24642	1	0.48140	0.33594	1	0.50144	0.29118	1	0.46399	0.53964	12.34958	1.03439	1	0.72773	0.56240	13.68148	1.03439	1	-0.00892	-0.01017	0.66464	0.00381	1	0.05928	-0.01500	0.68035	0.00414	1	1.45898	0.81042	0	
1240308	8366.19141	3304461505364	0.49469	0.32334	8366.02344	0.16797	11004	1	0.50473	0.21249	1	0.49229	0.35295	1	0.49851	0.28272	1	0.46374	0.53859	11.81643	1.03439	1	0.72787	0.56229	13.14993	1.03439	1	-0.00892	-0.01017	0.66464	0.00410	1	0.05928	-0.01500	0.68035	0.00407	1	1.45898	0.81042	0	
1240309	8366.19824	3304461573091	0.49495	0.32257	8366.02344	0.17480	11004	1	0.51731	0.25632	1	0.48626	0.34913	1	0.50178	0.30273	1	0.46394	0.53924	12.34373	1.03439	1	0.72779	0.56218	13.62528	1.03439	1	-0.00892	-0.01017	0.66464	0.00398	1	0.05928	-0.01500	0.68035	0.00407	1	1.45898	0.81042	0	
1240310	8366.20410	3304461638074	0.49518	0.32162	8366.02344	0.18066	11004	1	0.51640	0.24916	1	0.48665	0.34251	1	0.50153	0.29584	1	0.46393	0.53930	12.61607	1.04241	1	0.72771	0.56217	13.84835	1.04241	1	-0.00916	-0.01055	0.68599	0.00393	1	0.05928	-0.01500	0.68035	0.00398	1	1.45898	0.81042	0	
1240311	8366.21094	3304461707470	0.49611	0.32167	8366.02344	0.18750	11004	1	0.54827	0.29968	1	0.49564	0.34619	1	0.52195	0.32293	1	0.46417	0.53949	12.75151	1.05042	1	0.72791	0.56232	13.31895	1.05042	1	-0.00916	-0.01055	0.68599	0.00385	1	0.05928	-0.01500	0.68035	0.00402	1	1.45898	0.81042	0	
1240312	8366.21777	3304461772348	0.49652	0.32061	8366.02344	0.19434	11004	1	0.52058	0.25039	1	0.49653	0.32983	1	0.50855	0.29011	1	0.46401	0.53942	12.75702	1.05844	1	0.72796	0.56216	13.22577	1.05844	1	-0.00916	-0.01055	0.68599	0.00394	1	0.05928	-0.01500	0.68035	0.00404	1	1.45898	0.81042	0	
1240313	8366.22461	3304461842941	0.49943	0.29444	8366.02344	0.19434	11004	0	0.51972	0.24335	1	0.49698	0.32321	1	0.50835	0.28328	1	0.46409	0.53989	12.93960	1.06646	1	0.72791	0.56207	13.06996	1.06646	1	-0.00916	-0.01055	0.68599	0.00374	1	0.05928	-0.01500	0.68035	0.00407	1	1.45898	0.81042	0	
1240314	8366.23145	3304461905686	0.50255	0.30005	8366.02344	0.19434	11004	0	0.51389	0.30061	1	0.49746	0.31070	1	0.50567	0.30566	1	0.46395	0.54004	13.20775	1.06646	1	0.72789	0.56211	13.13264	1.06646	1	-0.00916	-0.01055	0.68599	0.00374	1	0.05928	-0.01500	0.68035	0.00403	1	1.45898	0.81042	0	
1240315	8366.23828	3304461976879	0.50383	0.30310	8366.02344	0.19434	11004	0	0.51628	0.29927	1	0.49653	0.31912	1	0.50640	0.30920	1	0.46394	0.54008	12.78982	1.06646	1	0.72788	0.56216	13.10832	1.06646	1	-0.00916	-0.01055	0.68599	0.00389	1	0.05928	-0.01500	0.68035	0.00402	1	1.45898	0.81042	0	
1240316	8366.24512	3304462044093	0.50448	0.30462	8366.22461	0.02051	11005	1	0.51628	0.29927	1	0.49653	0.31912	1	0.50640	0.30920	1	0.46394	0.53997	12.58464	1.06646	1	0.72779	0.56230	13.44024	1.06646	1	-0.00916	-0.01055	0.68599	0.00394	1	0.05928	-0.01500	0.68035	0.00396	1	1.45898	0.81042	0	
1240317	8366.25195	3304462111193	0.50210	0.30635	8366.22461	0.02734	11005	1	0.50511	0.29933	1	0.48010	0.32718	1	0.49261	0.31326	1	0.46383	0.53984	12.48274	1.06646	1	0.72768	0.56218	13.48267	1.06646	1	-0.00916	-0.01055	0.68599	0.00397	1	0.05928	-0.01500	0.68035	0.00398	1	1.45898	0.81042	0	
1240318	8366.25879	3304462178544	0.50192	0.30516	8366.22461	0.03418	11005	1	0.51980	0.28079	1	0.48224	0.31764	1	0.50102	0.29922	1	0.46402	0.53988	12.79416	1.06646	1	0.72772	0.56214	13.48818	1.06646	1	-0.00916	-0.01055	0.68599	0.00391	1	0.05928	-0.01500	0.68035	0.00399	1	1.45898	0.81042	0	
1240319	8366.26465	3304462245547	0.50179	0.30431	8366.22461	0.04004	11005	1	0.51980	0.28079	1	0.48224	0.31764	1	0.50102	0.29922	1	0.46403	0.54018	12.64429	1.06646	1	0.72784	0.56222	13.54492	1.06646	1	-0.00905	-0.01048	0.67831	0.00385	1	0.05928	-0.01500	0.68035	0.00404	1	1.45898	0.81042	0	
1240320	8366.27148	3304462312116	0.50213	0.30881	8366.22461	0.04688	11005	1	0.53015	0.30882	1	0.47878	0.37173	1	0.50446	0.34027	1	0.46411	0.54012	12.50214	1.06646	1	0.72765	0.56267	13.91590	1.06646	1	-0.00905	-0.01048	0.67831	0.00396	1	0.05928	-0.01500	0.68035	0.00405	1	1.45898	0.81042	0	
1240321	8366.27832	3304462379535	0.50402	0.30818	8366.22461	0.05371	11005	1	0.55692	0.27169	1	0.48143	0.33461	1	0.51918	0.30315	1	0.46423	0.54032	12.60180	1.06646	1	0.72766	0.56222	13.81880	1.06646	1	-0.00905	-0.01048	0.67831	0.00400	1	0.05928	-0.01500	0.68035	0.00402	1	1.45898	0.81042	0	
1240322	8366.28516	3304462446669	0.50555	0.30834	8366.22461	0.06055	11005	1	0.55754	0.27850	1	0.48109	0.34113	1	0.51932	0.30982	1	0.46390	0.53977	12.04756	1.05844	1	0.72770	0.56305	14.11277	1.05844	1	-0.00881	-0.01014	0.65649	0.00405	1	0.05852	-0.01486	0.67164	0.00415	1	1.45898	0.81042	0	
1240323	8366.29199	3304462512842	0.50636	0.30947	8366.22461	0.06738	11005	1	0.54769	0.27820	1	0.48115	0.36322	1	0.51442	0.32071	1	0.46408	0.54006	12.09484	1.05042	1	0.72772	0.56254	13.69560	1.05042	1	-0.00881	-0.01014	0.65649	0.00416	1	0.05852	-0.01486	0.67164	0.00410	1	1.45898	0.81042	0	
1240324	8366.29883	3304462580085	0.50681	0.30890	8366.22461	0.07422	11005	1	0.54461	0.25409	1	0.47897	0.35129	1	0.51179	0.30269	1	0.46403	0.53989	12.01801	1.04241	1	0.72768	0.56291	13.94661	1.04241	1	-0.00881	-0.01014	0.65649	0.00415	1	0.05852	-0.01486	0.67164	0.00411	1	1.45898	0.81042	0	
1240325	8366.30566	3304462646963	0.50721	0.30895	8366.22461	0.08105	11005	1	0.54533	0.26120	1	0.47864	0.35783	1	0.51199	0.30952	1	0.46403	0.54035	12.35651	1.03439	1	0.72730	0.56280	13.80630	1.03439	1	-0.00881	-0.01014	0.65649	0.00395	1	0.05852	-0.01486	0.67164	0.00412	1	1.45898	0.81042	0	
1240326	8366.31152	3304462713968	0.50686	0.31065	8366.22461	0.08691	11005	1	0.55216	0.31838	1	0.45248	0.34713	1	0.50232	0.33275	1	0.46412	0.54079	12.05648	1.03439	1	0.72721	0.56261	13.65804	1.03439	1	-0.00881	-0.01014	0.65649	0.00400	1	0.05852	-0.01486	0.67164	0.00414	1	1.45898	0.81042	0	
1240327	8366.31836	3304462781051	0.50485	0.30660	8366.22461	0.09375	11005	1	0.52061	0.13797	1	0.43294	0.36195	1	0.47677	0.24996	1	0.46363	0.53829	12.39970	1.03439	1	0.72691	0.56283	13.30966	1.03439	1	-0.00881	-0.01014	0.65649	0.00259	1	0.05852	-0.01486	0.67164	0.00424	1	1.45898	0.81042	0	
1240328	8366.32520	3304462847877	0.50307	0.30261	8366.22461	0.10059	11005	1	0.51973	0.12989	1	0.43293	0.35547	1	0.47633	0.24268	1	0.46379	0.54018	11.95009	1.04241	1	0.72698	0.56328	13.40959	1.04241	1	-0.00915	-0.01048	0.67801	0.00411	1	0.05852	-0.01486	0.67164	0.00414	1	1.45898	0.81042	0	
1240329	8366.33203	3304462914009	0.50232	0.30508	8366.22461	0.10742	11005	1	0.51981	0.31136	1	0.46071	0.37783	1	0.49026	0.34460	1	0.46364	0.54056	12.53412	1.05042	1	0.72700	0.56326	13.85284	1.05042	1	-0.00915	-0.01048	0.67801	0.00386	1	0.05852	-0.01486	0.67164	0.00403	1	1.45898	0.81042	0	
1240330	8366.33887	3304462982892	0.50174	0.30652	8366.22461	0.11426	11005	1	0.53763	0.34197	1	0.44612	0.32000	1	0.49187	0.33098	1	0.46383	0.54102	12.69069	1.05844	1	0.72676	0.56316	13.06628	1.05844	1	-0.00915	-0.01048	0.67801	0.00379	1	0.05852	-0.01486	0.67164	0.00422	1	1.45898	0.81042	0	
1240331	8366.34570	3304463049466	0.50118	0.30708	8366.22461	0.12109	11005	1	0.53602	0.32844	1	0.44630	0.30579	1	0.49116	0.31712	1	0.46375	0.54094	13.06222	1.07554	1	0.72685	0.56318	13.50444	1.07554	1	-0.00950	-0.01094	0.70785	0.00378	1	0.05852	-0.01486	0.67164	0.00402	1	1.45898	0.81042	0	
1240332	8366.35156	3304463115566	0.50064	0.30019	8366.22461	0.12695	11005	1	0.50334	0.11529	1	0.47740	0.22326	1	0.49037	0.16928	1	0.46353	0.53845	12.49102	1.08463	1	0.72712	0.56217	13.03185	1.08463	1	-0.00950	-0.01094	0.70785	0.00262	1	0.05852	-0.01486	0.67164	0.00450	1	1.45898	0.81042	0	
1240333	8366.35840	3304463183255	0.50081	0.29886	8366.22461	0.13379	11005	1	0.54468	0.29726	1	0.46362	0.24730	1	0.50415	0.27228	1	0.46403	0.54099	12.74752	1.09371	1	0.72694	0.56245	12.94603	1.09371	1	-0.00950	-0.01094	0.70785	0.00387	1	0.05852	-0.01486	0.67164	0.00437	1	1.45898	0.81042	0	
1240334	8366.36523	3304463249868	0.50097	0.29811	8366.22461	0.14062	11005	1	0.54536	0.30372	1	0.46321	0.26096	1	0.50429	0.28234	1	0.46378	0.54071	12.37728	1.08570	1	0.72695	0.56237	12.90817	1.07804	1	-0.00897	-0.01022	0.66131	0.00379	1	0.05677	-0.01443	0.65218	0.00437	1	1.45898	0.81042	0	
1240335	8366.37207	3304463316933	0.50039	0.29467	8366.22461	0.14746	11005	1	0.49419	0.13462	1	0.48119	0.30350	1	0.48769	0.21906	1	0.46340	0.53858	12.55242	1.06094	1	0.72688	0.56294	13.31084	1.05328	1	-0.00897	-0.01022	0.66131	0.00255	1	0.05677	-0.01443	0.65218	0.00407	1	1.45898	0.81042	0	
1240336	8366.37891	3304463384042	0.50032	0.29395	8366.22461	0.15430	11005	1	0.50046	0.24918	1	0.49720	0.30540	1	0.49883	0.27729	1	0.46338	0.53963	12.56964	1.03617	1	0.72720	0.56267	12.88701	1.02852	1	-0.00897	-0.01022	0.66131	0.00432	1	0.05677	-0.01443	0.65218	0.00406	1	1.45898	0.81042	0	
1240337	8366.38574	3304463449177	0.50029	0.29387	8366.22461	0.16113	11005	1	0.50258	0.26425	1	0.49622	0.32002	1	0.49940	0.29214	1	0.46323	0.54006	12.11511	1.01943	1	0.72684	0.56310	13.26041	1.01177	1	-0.00919	-0.01045	0.67306	0.00413	1	0.05677	-0.01443	0.65218	0.00404	1	1.45898	0.81042	0	
1240338	8366.39258	3304463516266	0.50046	0.29631	8366.22461	0.16797	11005	1	0.52664	0.36995	1	0.48286	0.34477	1	0.50475	0.35736	1	0.46322	0.54102	12.94957	1.01979	1	0.72691	0.56292	13.01548	1.01979	1	-0.00919	-0.01045	0.67306	0.00374	1	0.05677	-0.01443	0.65218	0.00406	1	1.45898	0.81042	0	
1240339	8366.39844	3304463582277	0.50057	0.29733	8366.22461	0.17383	11005	1	0.51371	0.35347	1	0.49320	0.29391	1	0.50345	0.32369	1	0.46313	0.54087	12.77130	1.02780	1	0.72709	0.56236	12.63090	1.02780	1	-0.00919	-0.01045	0.67306	0.00372	1	0.05677	-0.01443	0.65218	0.00432	1	1.45898	0.81042	0	
1240340	8366.40527	3304463644993	0.50067	0.29791	8366.22461	0.18066	11005	1	0.51277	0.34702	1	0.49406	0.28005	1	0.50342	0.31353	1	0.46296	0.53871	12.33673	1.03582	1	0.72714	0.56222	12.81308	1.04348	1	-0.00935	-0.01068	0.68490	0.00253	1	0.05840	-0.01486	0.67149	0.00437	1	1.45898	0.81042	0	
1240341	8366.41211	3304463718713	0.50013	0.29939	8366.22461	0.18750	11005	1	0.49297	0.36717	1	0.47709	0.31475	1	0.48503	0.34096	1	0.46273	0.54098	12.58956	1.04348	1	0.72684	0.56306	13.23262	1.05114	1	-0.00935	-0.01068	0.68490	0.00408	1	0.05840	-0.01486	0.67149	0.00405	1	1.45898	0.81042	0	
1240342	8366.41895	3304463785881	0.50011	0.29637	8366.22461	0.19434	11005	1	0.50856	0.14311	1	0.49047	0.27461	1	0.49952	0.20886	1	0.46292	0.53866	12.30032	1.05114	1	0.72703	0.56242	12.97391	1.05880	1	-0.00935	-0.01068	0.68490	0.00254	1	0.05840	-0.01486	0.67149	0.00428	1	1.45898	0.81042	0	
1240343	8366.42578	3304463852896	0.50008	0.29343	8366.22461	0.20117	11005	1	0.50766	0.13554	1	0.49047	0.27461	1	0.49907	0.20508	1	0.46307	0.54003	12.16582	1.05880	1	0.72695	0.56294	13.14163	1.05880	1	-0.00935	-0.01068	0.68490	0.00408	1	0.05710	-0.01459	0.65707	0.00406	1	1.45898	0.81042	0	
1240344	8366.43262	3304463918265	0.50028	0.29460	8366.22461	0.20801	11005	1	0.52685	0.36754	1	0.48630	0.29411	1	0.50657	0.33083	1	0.46321	0.54116	12.63276	1.05880	1	0.72699	0.56276	13.05498	1.05114	1	-0.00935	-0.01068	0.68490	0.00370	1	0.05710	-0.01459	0.65707	0.00405	1	1.45898	0.81042	0	
1240345	8366.43945	3304463986606	0.50068	0.29503	8366.22461	0.21484	11005	1	0.53405	0.28379	1	0.49280	0.33415	1	0.51342	0.30897	1	0.46309	0.54043	12.15047	1.05114	1	0.72707	0.56308	13.06560	1.04348	1	-0.00935	-0.01068	0.68490	0.00386	1	0.05710	-0.01459	0.65707	0.00404	1	1.45898	0.81042	0	
1240346	8366.44629	3304464053378	0.50106	0.29554	8366.22461	0.22168	11005	1	0.53480	0.29032	1	0.49280	0.33415	1	0.51380	0.31223	1	0.46284	0.53869	12.49187	1.04348	1	0.72696	0.56317	13.29729	1.04348	1	-0.00935	-0.01068	0.68490	0.00250	1	0.05897	-0.01508	0.67916	0.00401	1	1.45898	0.81042	0	
1240347	8366.45215	3304464121372	0.50080	0.29584	8366.22461	0.22754	11005	1	0.50718	0.28670	1	0.47651	0.32529	1	0.49184	0.30600	1	0.46305	0.54007	11.89933	1.04348	1	0.72691	0.56312	13.34621	1.05114	1	-0.00935	-0.01068	0.68490	0.00405	1	0.05897	-0.01508	0.67916	0.00397	1	1.45898	0.81042	0	
1240348	8366.45898	3304464187616	0.50063	0.29427	8366.22461	0.23438	11005	1	0.50826	0.15018	1	0.48113	0.32865	1	0.49470	0.23942	1	0.46282	0.53857	12.60678	1.05114	1	0.72691	0.56319	13.43021	1.05880	1	-0.00935	-0.01068	0.68490	0.00245	1	0.05897	-0.01508	0.67916	0.00398	1	1.45898	0.81042	0	
1240349	8366.46582	3304464253976	0.50046	0.29260	8366.22461	0.24121	11005	1	0.50736	0.14266	1	0.48146	0.32233	1	0.49441	0.23250	1	0.46277	0.53865	12.23416	1.05880	1	0.72700	0.56316	13.20835	1.06646	1	-0.00935	-0.01068	0.68490	0.00246	1	0.05897	-0.01508	0.67916	0.00407	1	1.45898	0.81042	0	
1240350	8366.47266	3304464321404	0.50081	0.29213	8366.22461	0.24805	11005	1	0.53014	0.24714	1	0.49750	0.30248	1	0.51382	0.27481	1	0.46305	0.54006	11.99956	1.06646	1	0.72706	0.56301	13.03516	1.06646	1	-0.00935	-0.01068	0.68490	0.00402	1	0.05897	-0.01508	0.67916	0.00406	1	1.45898	0.81042	0	
1240351	8366.47949	3304464389564	0.50056	0.28999	8366.22461	0.25488	11005	1	0.51042	0.13601	1	0.47138	0.28082	1	0.49090	0.20841	1	0.46278	0.53868	12.30700	1.06646	1	0.72675	0.56276	12.51265	1.06646	1	-0.00935	-0.01068	0.68490	0.00246	1	0.05897	-0.01508	0.67916	0.00405	1	1.45898	0.81042	0	
1240352	8366.48633	3304464455580	0.50032	0.28795	8366.22461	0.26172	11005	1	0.51042	0.13601	1	0.47138	0.28082	1	0.49090	0.20841	1	0.46270	0.53865	12.19273	1.06646	1	0.72673	0.56266	12.51449	1.06646	1	-0.00943	-0.01066	0.68343	0.00244	1	0.05897	-0.01508	0.67916	0.00416	1	1.45898	0.81042	0	
1240353	8366.49316	3304464522187	0.50029	0.25443	8366.22461	0.26172	11005	0	0.49724	0.13510	1	0.49176	0.30006	1	0.49450	0.21758	1	0.46263	0.53874	12.23100	1.06646	1	0.72671	0.56297	12.51172	1.06646	1	-0.00943	-0.01066	0.68343	0.00244	1	0.05897	-0.01508	0.67916	0.00396	1	1.45898	0.81042	0	
1240354	8366.49902	3304464589272	0.50585	0.28969	8366.22461	0.26172	11005	0	0.53323	0.34575	1	0.48958	0.30418	1	0.51141	0.32496	1	0.46304	0.54092	11.79884	1.06646	1	0.72662	0.56296	12.65213	1.06646	1	-0.00943	-0.01066	0.68343	0.00387	1	0.05897	-0.01508	0.67916	0.00427	1	1.45898	0.81042	0	
1240355	8366.50586	3304464657371	0.50770	0.30470	8366.22461	0.26172	11005	0	0.53401	0.35201	1	0.48879	0.31739	1	0.51140	0.33470	1	0.46289	0.54026	11.76372	1.05844	1	0.72594	0.56281	13.08645	1.05078	1	-0.00926	-0.01041	0.66722	0.00409	1	0.05715	-0.01463	0.65880	0.00453	1	1.45898	0.81042	0	
1240356	8366.51270	3304464724432	0.50951	0.30664	8366.49316	0.01953	11006	1	0.53195	0.35235	1	0.49791	0.27262	1	0.51493	0.31248	1	0.46261	0.54078	12.19636	1.04276	1	0.72639	0.56239	12.49772	1.03511	1	-0.00926	-0.01041	0.66722	0.00378	1	0.05715	-0.01463	0.65880	0.00425	1	1.45898	0.81042	0	
1240357	8366.51953	3304464790270	0.51015	0.28454	8366.49316	0.02637	11006	1	0.52517	0.12397	1	0.50028	0.26830	1	0.51273	0.19614	1	0.46248	0.53867	12.45458	1.02709	1	0.72641	0.56200	12.64753	1.01943	1	-0.00926	-0.01041	0.66722	0.00250	1	0.05715	-0.01463	0.65880	0.00433	1	1.45898	0.81042	0	
1240358	8366.52637	3304464857795	0.51065	0.27046	8366.49316	0.03320	11006	1	0.52599	0.13185	1	0.50028	0.26830	1	0.51314	0.20007	1	0.46243	0.53874	12.04298	1.01943	1	0.72615	0.56293	12.81343	1.01943	1	-0.00949	-0.01061	0.68023	0.00241	1	0.05967	-0.01528	0.68841	0.00407	1	1.45898	0.81042	0	
1240359	8366.53320	3304464925594	0.50861	0.26353	8366.49316	0.04004	11006	1	0.51349	0.14361	1	0.47927	0.30031	1	0.49638	0.22196	1	0.46234	0.53880	12.04073	1.02745	1	0.72606	0.56279	12.83497	1.03511	1	-0.00949	-0.01061	0.68023	0.00247	1	0.05967	-0.01528	0.68841	0.00404	1	1.45898	0.81042	0	
1240360	8366.54004	3304464992505	0.50688	0.26560	8366.49316	0.04688	11006	1	0.51067	0.28579	1	0.47882	0.27431	1	0.49475	0.28005	1	0.46222	0.54066	11.98991	1.04312	1	0.72603	0.56259	12.35538	1.05078	1	-0.00949	-0.01061	0.68023	0.00408	1	0.05967	-0.01528	0.68841	0.00420	1	1.45898	0.81042	0	
1240361	8366.54688	3304465059197	0.50550	0.26646	8366.49316	0.05371	11006	1	0.50977	0.27922	1	0.47914	0.26754	1	0.49446	0.27338	1	0.46238	0.54050	11.99783	1.05078	1	0.72602	0.56241	12.03690	1.05844	1	-0.00917	-0.01025	0.65374	0.00413	1	0.05841	-0.01499	0.67505	0.00424	1	1.45898	0.81042	0	
1240362	8366.55273	3304465126212	0.50334	0.25933	8366.49316	0.05957	11006	1	0.49196	0.14191	1	0.47581	0.24827	1	0.48388	0.19509	1	0.46209	0.53893	11.84107	1.05042	1	0.72598	0.56251	11.92710	1.05042	1	-0.00917	-0.01025	0.65374	0.00249	1	0.05841	-0.01499	0.67505	0.00425	1	1.45898	0.81042	0	
1240363	8366.55957	3304465192480	0.49345	0.24082	8366.49316	0.06641	11006	1	0.49196	0.14191	0	0.39465	0.05573	1	0.39465	0.05573	1	0.46209	0.53893	11.84107	1.04241	0	0.46208	0.53869	12.23579	1.04241	1	-0.00917	-0.01025	0.65374	0.00249	1	0.05841	-0.01499	0.67505	0.00242	1	1.45898	0.81042	0	
1240364	8366.56641	3304465260265	0.48524	0.22612	8366.49316	0.07324	11006	1	0.49196	0.14191	0	0.39493	0.06447	1	0.39493	0.06447	1	0.46209	0.53893	11.84107	1.03439	0	0.46196	0.53875	12.09617	1.03439	1	-0.00917	-0.01025	0.65374	0.00249	1	-0.00950	-0.01056	0.67397	0.00245	1	1.45898	0.81042	0	
1240365	8366.57324	3304465325751	0.47880	0.21559	8366.49316	0.08008	11006	1	0.49196	0.14191	0	0.40149	0.08915	1	0.40149	0.08915	1	0.46209	0.53893	11.84107	1.03439	0	0.46204	0.53880	12.16326	1.03439	1	-0.00917	-0.01025	0.65374	0.00249	1	-0.00950	-0.01056	0.67397	0.00247	1	1.45898	0.81042	0	
1240366	8366.58008	3304465391679	0.47265	0.20560	8366.49316	0.08691	11006	1	0.49196	0.14191	0	0.39267	0.07584	1	0.39267	0.07584	1	0.46209	0.53893	11.84107	1.03439	0	0.46196	0.53877	12.18240	1.03439	1	-0.00917	-0.01025	0.65374	0.00249	1	-0.00950	-0.01056	0.67397	0.00243	1	1.45898	0.81042	0	
1240367	8366.58594	3304465458795	0.45722	0.17002	8366.49316	0.08691	11006	0	0.49196	0.14191	0	0.39267	0.07584	1	0.39267	0.07584	1	0.46209	0.53893	11.84107	1.03439	0	0.46185	0.53877	12.16878	1.03439	1	-0.00917	-0.01025	0.65374	0.00249	1	-0.00950	-0.01056	0.67397	0.00238	1	1.45898	0.81042	0	
1240368	8366.59277	3304465524945	0.42607	0.25989	8366.49316	0.08691	11006	0	0.49196	0.14191	0	0.39492	0.34976	1	0.39492	0.34976	1	0.46209	0.53893	11.84107	1.03439	0	0.46210	0.54131	11.67034	1.03439	1	-0.00917	-0.01025	0.65374	0.00249	1	-0.00950	-0.01056	0.67397	0.00376	1	1.45898	0.81042	0	
1240369	8366.59961	3304465592335	0.41316	0.20702	8366.49316	0.08691	11006	0	0.49196	0.14191	0	0.38735	0.10128	1	0.38735	0.10128	1	0.46209	0.53893	11.84107	1.03439	0	0.46191	0.53878	12.08382	1.03439	1	-0.00917	-0.01025	0.65374	0.00249	1	-0.00950	-0.01056	0.67397	0.00240	1	1.45898	0.81042	0	
1240370	8366.60645	3304465657143	0.40671	0.18059	8366.58594	0.02051	11007	1	0.49196	0.14191	0	0.38735	0.10128	1	0.38735	0.10128	1	0.46209	0.53893	11.84107	1.03439	0	0.46201	0.53863	12.02496	1.03439	1	-0.00917	-0.01025	0.65374	0.00249	1	-0.00966	-0.01070	0.68559	0.00241	1	1.45898	0.81042	0	
1240371	8366.61328	3304465728855	0.40362	0.15771	8366.58594	0.02734	11007	1	0.49196	0.14191	0	0.39128	0.06620	1	0.39128	0.06620	1	0.46209	0.53893	11.84107	1.03439	0	0.46199	0.53865	12.07061	1.03439	1	-0.00917	-0.01025	0.65374	0.00249	1	-0.00966	-0.01070	0.68559	0.00245	1	1.45898	0.81042	0	
1240372	8366.61914	3304465790568	0.40117	0.14447	8366.58594	0.03320	11007	1	0.49196	0.14191	0	0.38890	0.07825	1	0.38890	0.07825	1	0.46209	0.53893	11.84107	1.03439	0	0.46197	0.53875	12.16235	1.03439	1	-0.00917	-0.01025	0.65374	0.00249	1	-0.00966	-0.01070	0.68559	0.00244	1	1.45898	0.81042	0	
1240373	8366.62598	3304465858496	0.39942	0.13501	8366.58594	0.04004	11007	1	0.49196	0.14191	0	0.38890	0.07825	1	0.38890	0.07825	1	0.46209	0.53893	11.84107	1.03439	0	0.46192	0.53871	11.94219	1.03439	1	-0.00917	-0.01025	0.65374	0.00249	1	-0.00966	-0.01070	0.68559	0.00246	1	1.45898	0.81042	0	
1240374	8366.63281	3304465927346	0.39988	0.12665	8366.58594	0.04688	11007	1	0.49196	0.14191	0	0.40309	0.06816	1	0.40309	0.06816	1	0.46209	0.53893	11.84107	1.03439	0	0.46209	0.53864	12.17295	1.03439	1	-0.00917	-0.01025	0.65374	0.00249	1	-0.00966	-0.01070	0.68559	0.00238	1	1.45898	0.81042	0	
1240375	8366.63965	3304465996135	0.39940	0.11880	8366.58594	0.05371	11007	1	0.49196	0.14191	0	0.39553	0.05596	1	0.39553	0.05596	1	0.46209	0.53893	11.84107	1.03439	0	0.46204	0.53854	12.18398	1.03439	1	-0.00917	-0.01025	0.65374	0.00249	1	-0.00966	-0.01070	0.68559	0.00241	1	1.45898	0.81042	0	
1240376	8366.64648	3304466063245	0.39904	0.11335	8366.58594	0.06055	11007	1	0.49196	0.14191	0	0.39580	0.06437	1	0.39580	0.06437	1	0.46209	0.53893	11.84107	1.03439	0	0.46204	0.53854	12.18119	1.02673	1	-0.00917	-0.01025	0.65374	0.00249	1	-0.00924	-0.01028	0.65885	0.00241	1	1.45898	0.81042	0	
1240377	8366.65332	3304466130109	0.39708	0.11477	8366.58594	0.06738	11007	1	0.49196	0.14191	0	0.37749	0.12893	1	0.37749	0.12893	1	0.46209	0.53893	11.84107	1.02673	0	0.46204	0.53854	12.18119	1.01907	1	-0.00917	-0.01025	0.65374	0.00249	1	-0.00924	-0.01028	0.65885	0.00241	1	1.45898	0.81042	0	
1240378	8366.66016	3304466197147	0.39531	0.11637	8366.58594	0.07422	11007	1	0.49196	0.14191	0	0.37584	0.13394	1	0.37584	0.13394	1	0.46209	0.53893	11.84107	1.01907	0	0.46206	0.53854	12.17076	1.01141	1	-0.00917	-0.01025	0.65374	0.00249	1	-0.00924	-0.01028	0.65885	0.00241	1	1.45898	0.81042	0	
1240379	8366.66699	3304466264898	0.39384	0.11833	8366.58594	0.08105	11007	1	0.49196	0.14191	0	0.37626	0.14194	1	0.37626	0.14194	1	0.46209	0.53893	11.84107	1.01141	0	0.46208	0.53850	12.26221	1.00375	1	-0.00917	-0.01025	0.65374	0.00249	1	-0.00929	-0.01029	0.66270	0.00238	1	1.45898	0.81042	0	
1240380	8366.67383	3304466330066	0.39328	0.12427	8366.58594	0.08789	11007	1	0.49196	0.14191	0	0.38591	0.20138	1	0.38591	0.20138	1	0.46209	0.53893	11.84107	1.00375	0	0.46221	0.53986	11.57164	1.00375	1	-0.00917	-0.01025	0.65374	0.00249	1	-0.00929	-0.01029	0.66270	0.00407	1	1.45898	0.81042	0	
1240381	8366.68066	3304466398039	0.39272	0.12494	8366.58594	0.09473	11007	1	0.49196	0.14191	0	0.38491	0.13444	1	0.38491	0.13444	1	0.46209	0.53893	11.84107	1.00375	0	0.46218	0.53853	12.47481	1.00375	1	-0.00917	-0.01025	0.65374	0.00249	1	-0.00929	-0.01029	0.66270	0.00246	1	1.45898	0.81042	0	
1240382	8366.68652	3304466464586	0.39223	0.12554	8366.58594	0.10059	11007	1	0.49196	0.14191	0	0.38491	0.13444	1	0.38491	0.13444	1	0.46209	0.53893	11.84107	1.00375	0	0.46210	0.53854	12.34029	1.00375	1	-0.00917	-0.01025	0.65374	0.00249	1	-0.00917	-0.01015	0.65375	0.00238	1	1.45898	0.81042	0	
1240383	8366.69336	3304466532057	0.39147	0.12706	8366.58594	0.10742	11007	1	0.49196	0.14191	0	0.37938	0.15141	1	0.37938	0.15141	1	0.46209	0.53893	11.84107	1.00375	0	0.46212	0.53866	12.05474	1.00375	1	-0.00917	-0.01025	0.65374	0.00249	1	-0.00917	-0.01015	0.65375	0.00242	1	1.45898	0.81042	0	
1240384	8366.70020	3304466598993	0.39056	0.12807	8366.58594	0.11426	11007	1	0.49196	0.14191	0	0.37509	0.14523	1	0.37509	0.14523	1	0.46209	0.53893	11.84107	1.00375	0	0.46211	0.53866	12.08389	1.00375	1	-0.00917	-0.01025	0.65374	0.00249	1	-0.00917	-0.01015	0.65375	0.00238	1	1.45898	0.81042	0	
1240385	8366.70703	3304466666716	0.38975	0.12897	8366.58594	0.12109	11007	1	0.49196	0.14191	0	0.37509	0.14523	1	0.37509	0.14523	1	0.46209	0.53893	11.84107	1.00375	0	0.46202	0.53850	12.43581	1.00375	1	-0.00917	-0.01025	0.65374	0.00249	1	-0.00929	-0.01029	0.66270	0.00242	1	1.45898	0.81042	0	
1240386	8366.71387	3304466733159	0.38966	0.12737	8366.58594	0.12793	11007	1	0.49196	0.14191	0	0.38796	0.09684	1	0.38796	0.09684	1	0.46209	0.53893	11.84107	1.00375	0	0.46206	0.53857	12.26288	1.00375	1	-0.00917	-0.01025	0.65374	0.00249	1	-0.00929	-0.01029	0.66270	0.00241	1	1.45898	0.81042	0	
1240387	8366.72070	3304466799497	0.38912	0.12758	8366.58594	0.13477	11007	1	0.49196	0.14191	0	0.37838	0.13191	1	0.37838	0.13191	1	0.46209	0.53893	11.84107	1.00375	0	0.46207	0.53847	12.51320	1.00375	1	-0.00917	-0.01025	0.65374	0.00249	1	-0.00929	-0.01029	0.66270	0.00238	1	1.45898	0.81042	0	
1240388	8366.72754	3304466866440	0.39131	0.12850	8366.58594	0.14160	11007	1	0.49703	0.18020	1	0.37756	0.11538	1	0.43729	0.14779	1	0.46210	0.53849	12.34876	1.01177	1	0.72615	0.56256	12.24236	1.01943	1	-0.00949	-0.01061	0.68023	0.00241	1	0.05841	-0.01488	0.67505	0.00431	1	1.45898	0.81042	0	
1240389	8366.73340	3304466933557	0.39533	0.13461	8366.58594	0.14746	11007	1	0.49206	0.13604	1	0.47556	0.40197	1	0.48381	0.26900	1	0.46209	0.53868	11.96658	1.02745	1	0.72604	0.56332	12.49454	1.03511	1	-0.00949	-0.01061	0.68023	0.00245	1	0.05841	-0.01488	0.67505	0.00398	1	1.45898	0.81042	0	
1240390	8366.74023	3304467000938	0.39913	0.13835	8366.58594	0.15430	11007	1	0.49039	0.10270	1	0.48232	0.34591	1	0.48635	0.22430	1	0.46209	0.53847	12.51077	1.04312	1	0.72618	0.56286	12.20057	1.05078	1	-0.00949	-0.01061	0.68023	0.00243	1	0.05841	-0.01488	0.67505	0.00435	1	1.45898	0.81042	0	
1240391	8366.74707	3304467066901	0.41206	0.16598	8366.58594	0.15430	11007	0	0.48831	0.08647	1	0.48301	0.33313	1	0.48566	0.20980	1	0.46218	0.53861	12.16971	1.05880	1	0.72592	0.56234	12.02499	1.06646	1	-0.00949	-0.01061	0.68023	0.00241	1	0.05945	-0.01520	0.68700	0.00429	1	1.45898	0.81042	0	
1240392	8366.75391	3304467134819	0.45364	0.19964	8366.58594	0.15430	11007	0	0.50863	0.21905	1	0.48180	0.24756	1	0.49521	0.23330	1	0.46228	0.54036	11.71638	1.06646	1	0.72610	0.56241	12.09895	1.06646	1	-0.00949	-0.01061	0.68023	0.00394	1	0.05945	-0.01520	0.68700	0.00436	1	1.45898	0.81042	0	
1240393	8366.76074	3304467202694	0.46572	0.19889	8366.58594	0.15430	11007	0	0.49450	0.09900	1	0.48524	0.29580	1	0.48987	0.19740	1	0.46219	0.53867	12.22287	1.06646	1	0.72612	0.56248	12.21639	1.06646	1	-0.00949	-0.01061	0.68023	0.00241	1	0.05945	-0.01520	0.68700	0.00433	1	1.45898	0.81042	0	
1240394	8366.76758	3304467269674	0.47171	0.19933	8366.74707	0.02051	11008	1	0.49450	0.09900	1	0.48489	0.30231	1	0.48969	0.20065	1	0.46229	0.53879	11.91058	1.06646	1	0.72645	0.56277	12.83307	1.05880	1	-0.00949	-0.01061	0.68023	0.00239	1	0.05610	-0.01433	0.64784	0.00423	1	1.45898	0.81042	0	
1240395	8366.77441	3304467335772	0.47409	0.20001	8366.74707	0.02734	11008	1	0.48999	0.08700	1	0.47728	0.31840	1	0.48363	0.20270	1	0.46230	0.53874	11.78826	1.05880	1	0.72605	0.56307	13.54407	1.05114	1	-0.00949	-0.01061	0.68023	0.00250	1	0.05610	-0.01433	0.64784	0.00398	1	1.45898	0.81042	0	
1240396	8366.78027	3304467402553	0.47829	0.19912	8366.74707	0.03320	11008	1	0.50593	0.11423	1	0.49265	0.27511	1	0.49929	0.19467	1	0.46238	0.53871	11.90027	1.05114	1	0.72625	0.56243	13.14063	1.04348	1	-0.00949	-0.01061	0.68023	0.00244	1	0.05610	-0.01433	0.64784	0.00432	1	1.45898	0.81042	0	
1240397	8366.78711	3304467468843	0.48133	0.19952	8366.74707	0.04004	11008	1	0.50684	0.12201	1	0.49224	0.28193	1	0.49954	0.20197	1	0.46262	0.53884	12.24404	1.04348	1	0.72623	0.56245	12.99605	1.03582	1	-0.00949	-0.01061	0.68023	0.00245	1	0.05668	-0.01446	0.65337	0.00429	1	1.45898	0.81042	0	
1240398	8366.79395	3304467534735	0.48215	0.20145	8366.74707	0.04688	11008	1	0.48606	0.14627	1	0.48968	0.28351	1	0.48787	0.21489	1	0.46244	0.53898	11.97735	1.03582	1	0.72624	0.56241	13.00904	1.03582	1	-0.00949	-0.01061	0.68023	0.00252	1	0.05668	-0.01446	0.65337	0.00426	1	1.45898	0.81042	0	
1240399	8366.80078	3304467603624	0.48339	0.20426	8366.74707	0.05371	11008	1	0.50110	0.16141	1	0.48559	0.29218	1	0.49335	0.22680	1	0.46256	0.53899	12.14212	1.03582	1	0.72618	0.56266	13.06846	1.03582	1	-0.00949	-0.01061	0.68023	0.00244	1	0.05668	-0.01446	0.65337	0.00432	1	1.45898	0.81042	0	
1240400	8366.80762	3304467669601	0.48439	0.20652	8366.74707	0.06055	11008	1	0.50110	0.16141	1	0.48559	0.29218	1	0.49335	0.22680	1	0.46267	0.53879	12.18325	1.03582	1	0.72610	0.56300	12.88862	1.03582	1	-0.00943	-0.01066	0.68343	0.00245	1	0.05715	-0.01463	0.65880	0.00431	1	1.45898	0.81042	0	
1240401	8366.81445	3304467738276	0.48176	0.20819	8366.74707	0.06738	11008	1	0.48346	0.13350	1	0.42762	0.31633	1	0.45554	0.22492	1	0.46278	0.53879	12.09178	1.03582	1	0.72601	0.56293	12.90442	1.03582	1	-0.00943	-0.01066	0.68343	0.00245	1	0.05715	-0.01463	0.65880	0.00451	1	1.45898	0.81042	0	
1240402	8366.82129	3304467804682	0.48051	0.21017	8366.74707	0.07422	11008	1	0.49548	0.14639	1	0.43785	0.31766	1	0.46667	0.23202	1	0.46290	0.53884	12.05244	1.03582	1	0.72622	0.56284	12.70275	1.03582	1	-0.00943	-0.01066	0.68343	0.00253	1	0.05715	-0.01463	0.65880	0.00419	1	1.45898	0.81042	0	
1240403	8366.82812	3304467871557	0.47944	0.21160	8366.74707	0.08105	11008	1	0.49548	0.14639	1	0.43787	0.31115	1	0.46668	0.22877	1	0.46314	0.54041	12.06865	1.03582	1	0.72654	0.56321	12.57319	1.04348	1	-0.00935	-0.01068	0.68490	0.00392	1	0.05897	-0.01508	0.67916	0.00403	1	1.45898	0.81042	0	
1240404	8366.83398	3304467938601	0.48017	0.21813	8366.74707	0.08691	11008	1	0.51982	0.25964	1	0.45958	0.34637	1	0.48970	0.30301	1	0.46323	0.54042	12.32288	1.04348	1	0.72656	0.56331	12.74420	1.05114	1	-0.00935	-0.01068	0.68490	0.00394	1	0.05897	-0.01508	0.67916	0.00400	1	1.45898	0.81042	0	
1240405	8366.84082	3304468005219	0.48052	0.21779	8366.74707	0.09375	11008	1	0.50320	0.11657	1	0.46751	0.30940	1	0.48536	0.21298	1	0.46314	0.53882	12.05623	1.05114	1	0.72667	0.56314	12.28714	1.05880	1	-0.00935	-0.01068	0.68490	0.00247	1	0.05897	-0.01508	0.67916	0.00404	1	1.45898	0.81042	0	
1240406	8366.84766	3304468073172	0.48082	0.21751	8366.74707	0.10059	11008	1	0.50324	0.11694	1	0.46750	0.30970	1	0.48537	0.21332	1	0.46340	0.53872	12.43379	1.05078	1	0.72697	0.56330	13.01293	1.05844	1	-0.00897	-0.01032	0.66131	0.00241	1	0.05840	-0.01496	0.67149	0.00396	1	1.45898	0.81042	0	
1240407	8366.85449	3304468139067	0.48179	0.21695	8366.74707	0.10742	11008	1	0.50145	0.11602	1	0.49299	0.30001	1	0.49722	0.20801	1	0.46342	0.53880	12.17462	1.05042	1	0.72710	0.56288	12.68683	1.05042	1	-0.00897	-0.01032	0.66131	0.00244	1	0.05840	-0.01496	0.67149	0.00405	1	1.45898	0.81042	0	
1240408	8366.86133	3304468206678	0.48283	0.21658	8366.74707	0.11426	11008	1	0.50634	0.11036	1	0.49477	0.31013	1	0.50056	0.21024	1	0.46348	0.53880	12.23450	1.04241	1	0.72714	0.56285	12.62787	1.04241	1	-0.00897	-0.01032	0.66131	0.00240	1	0.05840	-0.01496	0.67149	0.00402	1	1.45898	0.81042	0	
1240409	8366.86816	3304468273425	0.48378	0.21664	8366.74707	0.12109	11008	1	0.50731	0.11860	1	0.49433	0.31700	1	0.50082	0.21780	1	0.46362	0.53883	12.10397	1.03439	1	0.72719	0.56362	12.84863	1.03439	1	-0.00881	-0.01024	0.65648	0.00248	1	0.05928	-0.01521	0.68035	0.00395	1	1.45898	0.81042	0	
1240410	8366.87402	3304468340188	0.48387	0.21874	8366.74707	0.12695	11008	1	0.49805	0.18009	1	0.47304	0.33707	1	0.48554	0.25858	1	0.46364	0.53870	12.33854	1.03439	1	0.72755	0.56330	12.68197	1.03439	1	-0.00881	-0.01024	0.65648	0.00241	1	0.05928	-0.01521	0.68035	0.00393	1	1.45898	0.81042	0	
1240411	8366.88086	3304468407548	0.48397	0.21992	8366.74707	0.13379	11008	1	0.49772	0.12135	1	0.47447	0.36574	1	0.48610	0.24355	1	0.46371	0.53868	12.31753	1.03439	1	0.72758	0.56330	12.79139	1.03439	1	-0.00881	-0.01024	0.65648	0.00242	1	0.05928	-0.01521	0.68035	0.00385	1	1.45898	0.81042	0	
1240412	8366.88770	3304468474639	0.48405	0.22080	8366.74707	0.14062	11008	1	0.49669	0.11313	1	0.47449	0.36545	1	0.48559	0.23929	1	0.46394	0.53855	12.37433	1.04241	1	0.72806	0.56380	13.01631	1.03475	1	-0.00905	-0.01058	0.67830	0.00240	1	0.05720	-0.01466	0.65597	0.00382	1	1.45898	0.81042	0	
1240413	8366.89453	3304468541458	0.48514	0.22289	8366.74707	0.14746	11008	1	0.51679	0.11852	1	0.50166	0.41900	1	0.50922	0.26876	1	0.46399	0.53874	12.53064	1.04276	1	0.72807	0.56401	13.37236	1.03511	1	-0.00905	-0.01058	0.67830	0.00250	1	0.05720	-0.01466	0.65597	0.00390	1	1.45898	0.81042	0	
1240414	8366.90137	3304468608818	0.48562	0.22476	8366.74707	0.15430	11008	1	0.49447	0.12168	1	0.49877	0.41404	1	0.49662	0.26786	1	0.46406	0.53875	12.73977	1.04312	1	0.72798	0.56404	13.37992	1.03546	1	-0.00905	-0.01058	0.67830	0.00245	1	0.05720	-0.01466	0.65597	0.00386	1	1.45898	0.81042	0	
1240415	8366.90820	3304468675711	0.48608	0.22664	8366.74707	0.16113	11008	1	0.49546	0.12947	1	0.49877	0.41404	1	0.49712	0.27176	1	0.46422	0.53876	12.15936	1.03546	1	0.72789	0.56372	13.35343	1.03546	1	-0.00914	-0.01085	0.68862	0.00247	1	0.05992	-0.01534	0.68651	0.00380	1	1.45898	0.81042	0	
1240416	8366.91504	3304468742530	0.48637	0.22810	8366.74707	0.16797	11008	1	0.50606	0.12824	1	0.48112	0.40097	1	0.49359	0.26461	1	0.46424	0.53874	12.15710	1.02745	1	0.72770	0.56393	13.25732	1.03511	1	-0.00914	-0.01085	0.68862	0.00249	1	0.05992	-0.01534	0.68651	0.00405	1	1.45898	0.81042	0	
1240417	8366.92188	3304468809948	0.48627	0.22976	8366.74707	0.17480	11008	1	0.48253	0.13503	1	0.48481	0.41094	1	0.48367	0.27298	1	0.46419	0.53874	12.23100	1.02709	1	0.72778	0.56396	13.42427	1.03475	1	-0.00914	-0.01085	0.68862	0.00244	1	0.05992	-0.01534	0.68651	0.00401	1	1.45898	0.81042	0	
1240418	8366.92773	3304468876987	0.48618	0.23132	8366.74707	0.18066	11008	1	0.48258	0.13539	1	0.48479	0.41122	1	0.48368	0.27330	1	0.46434	0.53869	12.28825	1.02673	1	0.72746	0.56401	13.09277	1.03439	1	-0.00860	-0.01023	0.65576	0.00245	1	0.06000	-0.01539	0.68622	0.00409	1	1.45898	0.81042	0	
1240419	8366.93457	3304468943492	0.48534	0.23221	8366.74707	0.18750	11008	1	0.49822	0.13574	1	0.42566	0.37840	1	0.46194	0.25707	1	0.46441	0.53875	12.40453	1.03439	1	0.72752	0.56411	13.12898	1.03439	1	-0.00860	-0.01023	0.65576	0.00248	1	0.06000	-0.01539	0.68622	0.00415	1	1.45898	0.81042	0	
1240420	8366.94141	3304469010734	0.48475	0.23296	8366.74707	0.19434	11008	1	0.49048	0.12702	1	0.44501	0.38256	1	0.46775	0.25479	1	0.46441	0.53873	12.33194	1.03439	1	0.72785	0.56401	13.46463	1.03439	1	-0.00860	-0.01023	0.65576	0.00248	1	0.06000	-0.01539	0.68622	0.00407	1	1.45898	0.81042	0	
1240421	8366.94824	3304469077968	0.48484	0.26001	8366.74707	0.19434	11008	0	0.48941	0.11884	1	0.44509	0.37623	1	0.46725	0.24753	1	0.46462	0.54058	12.09802	1.04241	1	0.72796	0.56415	13.05941	1.04241	1	-0.00949	-0.01135	0.72750	0.00403	1	0.06000	-0.01539	0.68622	0.00404	1	1.45898	0.81042	0	
1240422	8366.95508	3304469143277	0.49621	0.25807	8366.74707	0.19434	11008	0	0.51932	0.11451	1	0.49584	0.39773	1	0.50758	0.25612	1	0.46479	0.53876	12.61110	1.05042	1	0.72872	0.56430	13.29383	1.05042	1	-0.00949	-0.01135	0.72750	0.00250	1	0.06000	-0.01539	0.68622	0.00405	1	1.45898	0.81042	0	
1240423	8366.96191	3304469211652	0.49673	0.25022	8366.74707	0.19434	11008	0	0.51828	0.10873	1	0.47729	0.36034	1	0.49778	0.23453	1	0.46479	0.53876	12.61110	1.05844	1	0.72843	0.56409	13.79057	1.05844	1	-0.00949	-0.01135	0.72750	0.00250	1	0.06000	-0.01539	0.68622	0.00393	1	1.45898	0.81042	0	
1240424	8366.96875	3304469279714	0.49689	0.24525	8366.94824	0.02051	11009	1	0.51741	0.10061	1	0.47730	0.36005	1	0.49736	0.23033	1	0.46454	0.54057	12.33674	1.06646	1	0.72896	0.56424	13.04768	1.05880	1	-0.00829	-0.00996	0.63521	0.00378	1	0.05762	-0.01472	0.65854	0.00397	1	1.45898	0.81042	0	
1240425	8366.97461	3304469343539	0.49956	0.23910	8366.94824	0.02637	11009	1	0.51468	0.10450	1	0.50577	0.32451	1	0.51023	0.21450	1	0.46477	0.53873	12.56685	1.05880	1	0.72886	0.56304	12.85128	1.05114	1	-0.00829	-0.00996	0.63521	0.00249	1	0.05762	-0.01472	0.65854	0.00432	1	1.45898	0.81042	0	
1240426	8366.98145	3304469408727	0.49991	0.25481	8366.94824	0.03320	11009	1	0.50559	0.27915	1	0.49775	0.38755	1	0.50167	0.33335	1	0.46454	0.54058	12.36868	1.05114	1	0.72874	0.56372	12.91760	1.04348	1	-0.00829	-0.00996	0.63521	0.00378	1	0.05762	-0.01472	0.65854	0.00394	1	1.45898	0.81042	0	
1240427	8366.98828	3304469480005	0.50020	0.26693	8366.94824	0.04004	11009	1	0.50652	0.28573	1	0.49730	0.39354	1	0.50191	0.33963	1	0.46464	0.53947	11.83618	1.04348	1	0.72865	0.56385	13.09055	1.03582	1	-0.00949	-0.01135	0.72750	0.00407	1	0.05762	-0.01477	0.65854	0.00389	1	1.45898	0.81042	0	
1240428	8366.99512	3304469546744	0.49990	0.26671	8366.94824	0.04688	11009	1	0.49715	0.12488	1	0.49853	0.40558	1	0.49784	0.26523	1	0.46485	0.53868	12.52496	1.03582	1	0.72879	0.56374	12.99027	1.03582	1	-0.00949	-0.01135	0.72750	0.00245	1	0.05762	-0.01477	0.65854	0.00392	1	1.45898	0.81042	0	
1240429	8367.00195	3304469613501	0.50040	0.26648	8366.94824	0.05371	11009	1	0.50638	0.23146	1	0.50245	0.29773	1	0.50442	0.26460	1	0.46500	0.53992	11.14701	1.03582	1	0.72878	0.56243	12.78857	1.03582	1	-0.00949	-0.01135	0.72750	0.00412	1	0.05762	-0.01477	0.65854	0.00439	1	1.45898	0.81042	0	
1240430	8367.00781	3304469675860	0.50083	0.26701	8366.94824	0.05957	11009	1	0.50736	0.23881	1	0.50194	0.30474	1	0.50465	0.27178	1	0.46554	0.54085	12.27111	1.02780	1	0.72835	0.56395	13.63795	1.02780	1	-0.00859	-0.01033	0.66239	0.00396	1	0.05762	-0.01477	0.65854	0.00394	1	1.45898	0.81042	0	
1240431	8367.01465	3304469744504	0.50148	0.27431	8366.94824	0.06641	11009	1	0.54251	0.32134	1	0.47341	0.37332	1	0.50796	0.34733	1	0.46557	0.54084	12.38238	1.01979	1	0.72844	0.56394	13.27410	1.01979	1	-0.00859	-0.01033	0.66239	0.00395	1	0.05762	-0.01477	0.65854	0.00396	1	1.45898	0.81042	0	
1240432	8367.02148	3304469810490	0.50072	0.27345	8366.94824	0.07324	11009	1	0.50479	0.13428	1	0.48007	0.39374	1	0.49243	0.26401	1	0.46490	0.53863	12.42529	1.01177	1	0.72849	0.56352	12.96655	1.01177	1	-0.00859	-0.01033	0.66239	0.00253	1	0.05762	-0.01477	0.65854	0.00411	1	1.45898	0.81042	0	
1240433	8367.02832	3304469876717	0.50011	0.27329	8366.94824	0.08008	11009	1	0.50580	0.14258	1	0.47972	0.40015	1	0.49276	0.27136	1	0.46504	0.53869	12.21020	1.00375	1	0.72861	0.56312	12.93781	1.00375	1	-0.00857	-0.01043	0.66877	0.00249	1	0.05828	-0.01491	0.66487	0.00426	1	1.45898	0.81042	0	
1240434	8367.03516	3304469945104	0.49980	0.27044	8366.94824	0.08691	11009	1	0.49848	0.14007	1	0.49304	0.32666	1	0.49576	0.23337	1	0.46497	0.53862	12.41067	1.00375	1	0.72861	0.56237	12.80188	1.00375	1	-0.00857	-0.01043	0.66877	0.00249	1	0.05828	-0.01491	0.66487	0.00459	1	1.45898	0.81042	0	
1240435	8367.04199	3304470014280	0.49879	0.27230	8366.94824	0.09375	11009	1	0.49685	0.19328	1	0.47256	0.40328	1	0.48470	0.29828	1	0.46512	0.53866	12.38933	1.00375	1	0.72837	0.56344	13.29701	1.00375	1	-0.00857	-0.01043	0.66877	0.00246	1	0.05828	-0.01491	0.66487	0.00424	1	1.45898	0.81042	0	
1240436	8367.04883	3304470082029	0.49792	0.27373	8366.94824	0.10059	11009	1	0.49685	0.19328	1	0.47284	0.39719	1	0.48484	0.29524	1	0.46514	0.53869	12.47338	1.00375	1	0.72833	0.56377	13.27004	1.01141	1	-0.00857	-0.01033	0.66878	0.00246	1	0.05944	-0.01514	0.67756	0.00408	1	1.45898	0.81042	0	
1240437	8367.05566	3304470149049	0.49810	0.28062	8366.94824	0.10742	11009	1	0.53028	0.37569	1	0.47154	0.40611	1	0.50091	0.39090	1	0.46567	0.54071	12.56112	1.01141	1	0.72837	0.56374	13.23734	1.01907	1	-0.00857	-0.01033	0.66878	0.00388	1	0.05944	-0.01514	0.67756	0.00410	1	1.45898	0.81042	0	
1240438	8367.06250	3304470215596	0.49826	0.28584	8366.94824	0.11426	11009	1	0.52942	0.34969	1	0.47266	0.39922	1	0.50104	0.37445	1	0.46569	0.54067	12.40754	1.01907	1	0.72839	0.56373	13.03769	1.02673	1	-0.00857	-0.01033	0.66878	0.00386	1	0.05944	-0.01514	0.67756	0.00412	1	1.45898	0.81042	0	
1240439	8367.06836	3304470282991	0.49838	0.28984	8366.94824	0.12012	11009	1	0.52778	0.33692	1	0.47322	0.38697	1	0.50050	0.36194	1	0.46513	0.53852	12.48935	1.03475	1	0.72859	0.56320	12.79196	1.04241	1	-0.00861	-0.01044	0.67565	0.00257	1	0.05944	-0.01514	0.67756	0.00414	1	1.45898	0.81042	0	
1240440	8367.07520	3304470350166	0.49691	0.28776	8366.94824	0.12695	11009	1	0.48551	0.12172	1	0.45234	0.37465	1	0.46892	0.24819	1	0.46504	0.53851	12.66846	1.05042	1	0.72836	0.56350	13.12862	1.05042	1	-0.00861	-0.01044	0.67565	0.00251	1	0.05944	-0.01514	0.67756	0.00417	1	1.45898	0.81042	0	
1240441	8367.08203	3304470417063	0.49615	0.28582	8366.94824	0.13379	11009	1	0.49229	0.11520	1	0.46984	0.37891	1	0.48106	0.24705	1	0.46528	0.53838	12.63925	1.05844	1	0.72866	0.56363	13.34548	1.05844	1	-0.00861	-0.01044	0.67565	0.00254	1	0.05944	-0.01514	0.67756	0.00394	1	1.45898	0.81042	0	
1240442	8367.08887	3304470484268	0.49545	0.28373	8366.94824	0.14062	11009	1	0.49125	0.10711	1	0.47010	0.37269	1	0.48068	0.23990	1	0.46555	0.54045	12.08255	1.06646	1	0.72857	0.56336	12.80444	1.06646	1	-0.00861	-0.01044	0.67565	0.00390	1	0.05944	-0.01514	0.67756	0.00395	1	1.45898	0.81042	0	
1240443	8367.09570	3304470551038	0.49410	0.28628	8366.94824	0.14746	11009	1	0.50155	0.34138	1	0.42755	0.34340	1	0.46455	0.34239	1	0.46521	0.54084	12.54838	1.06646	1	0.72836	0.56356	13.13473	1.06646	1	-0.00861	-0.01044	0.67565	0.00384	1	0.05944	-0.01514	0.67756	0.00404	1	1.45898	0.81042	0	
1240444	8367.10254	3304470617913	0.49378	0.28798	8366.94824	0.15430	11009	1	0.52246	0.30114	1	0.45023	0.35303	1	0.48634	0.32709	1	0.46563	0.54075	12.33971	1.06646	1	0.72873	0.56347	12.87928	1.06646	1	-0.00861	-0.01044	0.67565	0.00381	1	0.05944	-0.01514	0.67756	0.00400	1	1.45898	0.81042	0	
1240445	8367.10840	3304470683209	0.49348	0.28955	8366.94824	0.16016	11009	1	0.52246	0.30114	1	0.45023	0.35303	1	0.48634	0.32709	1	0.46538	0.54045	12.33806	1.06646	1	0.72902	0.56336	12.25872	1.06646	1	-0.00861	-0.01044	0.67565	0.00386	1	0.05944	-0.01514	0.67756	0.00407	1	1.45898	0.81042	0	
1240446	8367.11523	3304470752028	0.49306	0.28778	8366.94824	0.16699	11009	1	0.51605	0.10467	1	0.44900	0.38273	1	0.48252	0.24370	1	0.46548	0.53837	12.64278	1.06646	1	0.72875	0.56385	13.18744	1.06646	1	-0.00861	-0.01044	0.67565	0.00267	1	0.05944	-0.01514	0.67756	0.00404	1	1.45898	0.81042	0	
1240447	8367.12207	3304470818116	0.49303	0.28597	8366.94824	0.17383	11009	1	0.49741	0.11438	1	0.48726	0.36347	1	0.49233	0.23892	1	0.46537	0.53841	12.60534	1.06646	1	0.72929	0.56381	13.17421	1.06646	1	-0.00861	-0.01044	0.67565	0.00250	1	0.05944	-0.01514	0.67756	0.00400	1	1.45898	0.81042	0	
1240448	8367.12891	3304470885570	0.49301	0.28429	8366.94824	0.18066	11009	1	0.49741	0.11438	1	0.48726	0.36347	1	0.49233	0.23892	1	0.46554	0.54058	12.22741	1.06646	1	0.72935	0.56335	13.34435	1.06646	1	-0.00861	-0.01044	0.67565	0.00380	1	0.05944	-0.01514	0.67756	0.00391	1	1.45898	0.81042	0	
1240449	8367.13574	3304470952466	0.49290	0.28481	8366.94824	0.18750	11009	1	0.50145	0.26957	1	0.47817	0.32872	1	0.48981	0.29915	1	0.46532	0.54030	11.98121	1.06646	1	0.72922	0.56327	13.37228	1.06646	1	-0.00861	-0.01044	0.67565	0.00392	1	0.05944	-0.01514	0.67756	0.00410	1	1.45898	0.81042	0	
1240450	8367.14258	3304471020131	0.49271	0.28622	8366.94824	0.19434	11009	1	0.50570	0.28542	1	0.46885	0.36890	1	0.48727	0.32716	1	0.46534	0.54045	12.11882	1.06646	1	0.72914	0.56365	13.83197	1.06646	1	-0.00861	-0.01044	0.67565	0.00388	1	0.05944	-0.01514	0.67756	0.00403	1	1.45898	0.81042	0	
1240451	8367.14941	3304471086818	0.49254	0.28754	8366.94824	0.20117	11009	1	0.50570	0.28542	1	0.46885	0.36890	1	0.48727	0.32716	1	0.46533	0.54034	11.90668	1.06646	1	0.72904	0.56373	13.97393	1.06646	1	-0.00861	-0.01044	0.67565	0.00392	1	0.05944	-0.01514	0.67756	0.00399	1	1.45898	0.81042	0	
1240452	8367.15625	3304471153657	0.49260	0.28807	8366.94824	0.20801	11009	1	0.50547	0.26323	1	0.48374	0.34585	1	0.49461	0.30454	1	0.46536	0.53992	11.86654	1.06646	1	0.72927	0.56343	13.40592	1.06646	1	-0.00861	-0.01044	0.67565	0.00405	1	0.05944	-0.01514	0.67756	0.00400	1	1.45898	0.81042	0	
1240453	8367.16211	3304471220638	0.49282	0.28863	8366.94824	0.21387	11009	1	0.50776	0.28478	1	0.49198	0.32861	1	0.49987	0.30669	1	0.46542	0.54045	11.92271	1.06646	1	0.72941	0.56324	13.10970	1.06646	1	-0.00861	-0.01044	0.67565	0.00388	1	0.05944	-0.01514	0.67756	0.00405	1	1.45898	0.81042	0	
1240454	8367.16895	3304471288118	0.49302	0.28926	8366.94824	0.22070	11009	1	0.50776	0.28478	1	0.49158	0.33489	1	0.49967	0.30983	1	0.46538	0.54052	12.03467	1.06646	1	0.72933	0.56338	13.46519	1.05880	1	-0.00861	-0.01044	0.67565	0.00387	1	0.05149	-0.01311	0.58652	0.00401	1	1.45898	0.81042	0	
1240455	8367.17578	3304471353778	0.49301	0.29061	8366.94824	0.22754	11009	1	0.50082	0.30234	1	0.48447	0.37092	1	0.49264	0.33663	1	0.46528	0.54025	11.87508	1.05880	1	0.72927	0.56358	13.31442	1.05114	1	-0.00861	-0.01044	0.67565	0.00393	1	0.05149	-0.01311	0.58652	0.00391	1	1.45898	0.81042	0	
1240456	8367.18262	3304471422020	0.49297	0.29204	8366.94824	0.23438	11009	1	0.50184	0.30259	1	0.48089	0.38124	1	0.49137	0.34191	1	0.46526	0.54035	12.04399	1.05114	1	0.72929	0.56358	13.34675	1.04348	1	-0.00861	-0.01044	0.67565	0.00390	1	0.05149	-0.01311	0.58652	0.00392	1	1.45898	0.81042	0	
1240457	8367.18945	3304471487426	0.49293	0.29355	8366.94824	0.24121	11009	1	0.50279	0.30899	1	0.48056	0.38727	1	0.49168	0.34813	1	0.46552	0.54047	12.13835	1.04348	1	0.72939	0.56355	13.30257	1.03582	1	-0.00861	-0.01044	0.67565	0.00384	1	0.05149	-0.01311	0.58652	0.00393	1	1.45898	0.81042	0	
1240458	8367.19531	3304471552878	0.49312	0.29452	8366.94824	0.24707	11009	1	0.51732	0.28738	1	0.48304	0.37338	1	0.50018	0.33038	1	0.46546	0.53999	11.96376	1.03582	1	0.72931	0.56356	13.44306	1.03582	1	-0.00861	-0.01044	0.67565	0.00401	1	0.05149	-0.01311	0.58652	0.00392	1	1.45898	0.81042	0	
1240459	8367.20215	3304471620532	0.49326	0.29549	8366.94824	0.25391	11009	1	0.51444	0.28087	1	0.48218	0.38338	1	0.49831	0.33213	1	0.46550	0.54002	11.99778	1.03582	1	0.72933	0.56355	13.48056	1.03582	1	-0.00861	-0.01044	0.67565	0.00408	1	0.05149	-0.01311	0.58652	0.00388	1	1.45898	0.81042	0	
1240460	8367.20898	3304471689697	0.49426	0.32440	8366.94824	0.25391	11009	0	0.51444	0.28087	1	0.48252	0.37733	1	0.49848	0.32910	1	0.46545	0.54036	11.87615	1.03582	1	0.72936	0.56358	13.47421	1.04348	1	-0.00861	-0.01044	0.67565	0.00392	1	0.05944	-0.01514	0.67756	0.00387	1	1.45898	0.81042	0	
1240461	8367.21582	3304471756517	0.50485	0.33019	8366.94824	0.25391	11009	0	0.52075	0.30624	1	0.51013	0.36573	1	0.51544	0.33599	1	0.46545	0.54036	11.87615	1.04348	1	0.72972	0.56352	12.84407	1.05114	1	-0.00861	-0.01044	0.67565	0.00392	1	0.05944	-0.01514	0.67756	0.00416	1	1.45898	0.81042	0	
1240462	8367.22266	3304471823569	0.50395	0.32441	8366.94824	0.25391	11009	0	0.51761	0.29976	1	0.48670	0.32590	1	0.50215	0.31283	1	0.46560	0.54049	11.99317	1.05114	1	0.72933	0.56327	13.25042	1.05880	1	-0.00861	-0.01044	0.67565	0.00395	1	0.05944	-0.01514	0.67756	0.00420	1	1.45898	0.81042	0	
1240463	8367.22949	3304471890466	0.50344	0.31992	8367.20898	0.02051	11010	1	0.51676	0.29334	1	0.48706	0.31956	1	0.50191	0.30645	1	0.46523	0.53843	12.75138	1.05880	1	0.72894	0.56314	12.78368	1.06646	1	-0.00861	-0.01044	0.67565	0.00260	1	0.05944	-0.01514	0.67756	0.00424	1	1.45898	0.81042	0	
1240464	8367.23633	3304471957479	0.49770	0.29902	8367.20898	0.02734	11010	1	0.48906	0.12313	1	0.46044	0.30773	1	0.47475	0.21543	1	0.46521	0.53843	12.81064	1.06646	1	0.72886	0.56311	13.04307	1.06646	1	-0.00861	-0.01044	0.67565	0.00256	1	0.05944	-0.01514	0.67756	0.00423	1	1.45898	0.81042	0	
1240465	8367.24316	3304472024653	0.49755	0.28543	8367.20898	0.03418	11010	1	0.49312	0.11729	1	0.50043	0.31763	1	0.49677	0.21746	1	0.46516	0.53834	12.47108	1.06646	1	0.72918	0.56323	13.77140	1.06646	1	-0.00861	-0.01044	0.67565	0.00259	1	0.05944	-0.01514	0.67756	0.00417	1	1.45898	0.81042	0	
1240466	8367.24902	3304472089073	0.49744	0.27572	8367.20898	0.04004	11010	1	0.49312	0.11729	1	0.50043	0.31763	1	0.49677	0.21746	1	0.46510	0.53838	12.51080	1.06646	1	0.72869	0.56257	12.85511	1.06646	1	-0.00861	-0.01044	0.67565	0.00259	1	0.06019	-0.01528	0.68606	0.00428	1	1.45898	0.81042	0	
1240467	8367.25586	3304472158192	0.49686	0.26710	8367.20898	0.04688	11010	1	0.52263	0.10629	1	0.46296	0.30727	1	0.49279	0.20678	1	0.46523	0.53848	12.87399	1.06646	1	0.72851	0.56305	13.08440	1.06646	1	-0.00861	-0.01044	0.67565	0.00257	1	0.06019	-0.01528	0.68606	0.00431	1	1.45898	0.81042	0	
1240468	8367.26270	3304472225989	0.49678	0.27541	8367.20898	0.05371	11010	1	0.54006	0.33866	1	0.45225	0.34504	1	0.49615	0.34185	1	0.46541	0.54100	13.88331	1.06646	1	0.72841	0.56345	13.21379	1.06646	1	-0.00861	-0.01044	0.67565	0.00378	1	0.06019	-0.01528	0.68606	0.00403	1	1.45898	0.81042	0	
1240469	8367.26953	3304472293053	0.49671	0.28236	8367.20898	0.06055	11010	1	0.54006	0.33866	1	0.45213	0.35118	1	0.49609	0.34492	1	0.46514	0.54071	12.79262	1.06646	1	0.72851	0.56344	13.21014	1.05880	1	-0.00883	-0.01057	0.68428	0.00382	1	0.05828	-0.01481	0.66487	0.00400	1	1.45898	0.81042	0	
1240470	8367.27637	3304472359588	0.49703	0.28632	8367.20898	0.06738	11010	1	0.52467	0.34560	1	0.47588	0.30625	1	0.50027	0.32593	1	0.46522	0.54094	13.21432	1.05880	1	0.72871	0.56283	13.18682	1.05114	1	-0.00883	-0.01057	0.68428	0.00379	1	0.05828	-0.01481	0.66487	0.00426	1	1.45898	0.81042	0	
1240471	8367.28320	3304472426823	0.49770	0.28921	8367.20898	0.07422	11010	1	0.51472	0.30716	1	0.49544	0.33478	1	0.50508	0.32097	1	0.46509	0.54070	12.79915	1.05114	1	0.72870	0.56308	12.80418	1.04348	1	-0.00883	-0.01057	0.68428	0.00381	1	0.05828	-0.01481	0.66487	0.00407	1	1.45898	0.81042	0	
1240472	8367.29004	3304472492954	0.49831	0.29265	8367.20898	0.08105	11010	1	0.51650	0.32018	1	0.49455	0.34783	1	0.50553	0.33401	1	0.46503	0.54063	12.72694	1.03546	1	0.72852	0.56297	13.23950	1.02780	1	-0.00855	-0.01019	0.65926	0.00386	1	0.05828	-0.01481	0.66487	0.00406	1	1.45898	0.81042	0	
1240473	8367.29688	3304472560377	0.49978	0.29514	8367.20898	0.08789	11010	1	0.54690	0.34923	1	0.49097	0.30585	1	0.51893	0.32754	1	0.46523	0.54075	13.03336	1.01979	1	0.72863	0.56249	13.20022	1.01979	1	-0.00855	-0.01019	0.65926	0.00393	1	0.05828	-0.01481	0.66487	0.00433	1	1.45898	0.81042	0	
1240474	8367.30371	3304472627457	0.50109	0.29926	8367.20898	0.09473	11010	1	0.55458	0.35067	1	0.48421	0.36320	1	0.51939	0.35693	1	0.46523	0.54072	13.03874	1.01177	1	0.72853	0.56309	13.26967	1.01177	1	-0.00855	-0.01019	0.65926	0.00395	1	0.05828	-0.01481	0.66487	0.00399	1	1.45898	0.81042	0	
1240475	8367.30957	3304472694387	0.50225	0.30308	8367.20898	0.10059	11010	1	0.55525	0.35722	1	0.48419	0.36349	1	0.51972	0.36036	1	0.46527	0.54076	13.12019	1.00375	1	0.72866	0.56255	13.13179	1.01141	1	-0.00855	-0.01019	0.65926	0.00395	1	0.05938	-0.01510	0.67807	0.00420	1	1.45898	0.81042	0	
1240476	8367.31641	3304472761712	0.50355	0.30515	8367.20898	0.10742	11010	1	0.55373	0.37330	1	0.49498	0.30308	1	0.52435	0.33819	1	0.46524	0.54091	13.18291	1.01141	1	0.72868	0.56252	13.09912	1.01907	1	-0.00855	-0.01019	0.65926	0.00387	1	0.05938	-0.01510	0.67807	0.00418	1	1.45898	0.81042	0	
1240477	8367.32324	3304472828860	0.50382	0.30704	8367.20898	0.11426	11010	1	0.52800	0.35595	1	0.48862	0.32240	1	0.50831	0.33917	1	0.46494	0.54062	12.46592	1.01907	1	0.72855	0.56279	13.49797	1.02673	1	-0.00855	-0.01019	0.65926	0.00392	1	0.05938	-0.01510	0.67807	0.00413	1	1.45898	0.81042	0	
1240478	8367.33008	3304472895298	0.50402	0.30872	8367.20898	0.12109	11010	1	0.52719	0.34976	1	0.48828	0.32823	1	0.50773	0.33900	1	0.46487	0.54077	12.54496	1.02673	1	0.72859	0.56283	13.31153	1.01992	1	-0.00855	-0.01019	0.65926	0.00394	1	0.05626	-0.01426	0.64243	0.00411	1	1.45898	0.81042	0	
1240479	8367.33691	3304472962164	0.51033	0.33892	8367.20898	0.12109	11010	0	0.55291	0.34340	1	0.49179	0.33291	1	0.52235	0.33815	1	0.46524	0.54070	12.98898	1.01992	1	0.72861	0.56259	13.17342	1.00546	1	-0.00855	-0.01019	0.65926	0.00397	1	0.05626	-0.01426	0.64243	0.00428	1	1.45898	0.81042	0	
1240480	8367.34375	3304473029266	0.51136	0.34452	8367.20898	0.12109	11010	0	0.54760	0.36428	1	0.47718	0.33594	1	0.51239	0.35011	1	0.46517	0.54075	12.89849	1.00546	1	0.72846	0.56260	12.83041	0.99099	1	-0.00855	-0.01019	0.65926	0.00397	1	0.05626	-0.01426	0.64243	0.00425	1	1.45898	0.81042	0	
1240481	8367.35059	3304473096231	0.51192	0.34833	8367.20898	0.12109	11010	0	0.54891	0.37600	1	0.47718	0.33594	1	0.51305	0.35597	1	0.46486	0.53833	12.75143	0.99099	1	0.72856	0.56272	13.14621	0.99099	1	-0.00855	-0.01019	0.65926	0.00252	1	0.05938	-0.01505	0.67807	0.00416	1	1.45898	0.81042	0	
1240482	8367.35645	3304473163225	0.51076	0.34826	8367.33691	0.01953	11011	1	0.52979	0.36110	1	0.48475	0.33497	1	0.50727	0.34804	1	0.46523	0.54046	12.93826	0.99099	1	0.72852	0.56277	13.12217	1.00546	1	-0.00855	-0.01019	0.65926	0.00392	1	0.05938	-0.01505	0.67807	0.00419	1	1.45898	0.81042	0	
1240483	8367.36328	3304473230645	0.50764	0.34586	8367.33691	0.02637	11011	1	0.52576	0.34610	1	0.46460	0.32639	1	0.49518	0.33625	1	0.46524	0.54047	12.96169	1.00546	1	0.72855	0.56269	13.09285	1.01992	1	-0.00855	-0.01019	0.65926	0.00388	1	0.05938	-0.01505	0.67807	0.00422	1	1.45898	0.81042	0	
1240484	8367.37012	3304473295188	0.50540	0.34164	8367.33691	0.03320	11011	1	0.52331	0.32746	1	0.46503	0.31368	1	0.49417	0.32057	1	0.46518	0.54064	12.94695	1.02794	1	0.72866	0.56258	13.10761	1.03475	1	-0.00883	-0.01057	0.68428	0.00382	1	0.05828	-0.01481	0.66487	0.00424	1	1.45898	0.81042	0	
1240485	8367.37695	3304473360249	0.50616	0.33946	8367.33691	0.04004	11011	1	0.54804	0.34387	1	0.47338	0.30887	1	0.51071	0.32637	1	0.46567	0.54086	13.51959	1.04276	1	0.72862	0.56267	13.05033	1.03511	1	-0.00883	-0.01057	0.68428	0.00384	1	0.05828	-0.01481	0.66487	0.00422	1	1.45898	0.81042	0	
1240486	8367.38379	3304473428551	0.50585	0.33777	8367.33691	0.04688	11011	1	0.53200	0.35837	1	0.47536	0.29352	1	0.50368	0.32595	1	0.46533	0.54107	13.40076	1.04312	1	0.72868	0.56256	12.95543	1.03546	1	-0.00883	-0.01057	0.68428	0.00378	1	0.05828	-0.01481	0.66487	0.00430	1	1.45898	0.81042	0	
1240487	8367.38965	3304473494989	0.50565	0.33679	8367.33691	0.05273	11011	1	0.53277	0.36440	1	0.47536	0.29352	1	0.50406	0.32896	1	0.46564	0.54108	12.94489	1.03546	1	0.72873	0.56244	12.85116	1.03546	1	-0.00857	-0.01033	0.66878	0.00385	1	0.06019	-0.01528	0.68606	0.00426	1	1.45898	0.81042	0	
1240488	8367.39648	3304473562616	0.50469	0.32477	8367.33691	0.05957	11011	1	0.51255	0.15822	1	0.47948	0.27489	1	0.49602	0.21655	1	0.46501	0.53838	12.70683	1.02745	1	0.72881	0.56233	12.75627	1.03511	1	-0.00857	-0.01033	0.66878	0.00251	1	0.06019	-0.01528	0.68606	0.00429	1	1.45898	0.81042	0	
1240489	8367.40332	3304473627737	0.50520	0.32545	8367.33691	0.06641	11011	1	0.54715	0.35911	1	0.47359	0.30547	1	0.51037	0.33229	1	0.46553	0.54096	12.81176	1.02709	1	0.72871	0.56271	13.06714	1.03475	1	-0.00857	-0.01033	0.66878	0.00378	1	0.06019	-0.01528	0.68606	0.00422	1	1.45898	0.81042	0	
1240490	8367.41016	3304473698424	0.50563	0.32605	8367.33691	0.07324	11011	1	0.54718	0.35939	1	0.47358	0.30578	1	0.51038	0.33258	1	0.46530	0.54068	12.05205	1.02673	1	0.72871	0.56271	13.06714	1.03439	1	-0.00857	-0.01033	0.66878	0.00392	1	0.05978	-0.01513	0.68139	0.00421	1	1.45898	0.81042	0	
1240491	8367.41699	3304473763117	0.50412	0.31764	8367.33691	0.08008	11011	1	0.48982	0.16136	1	0.48198	0.27230	1	0.48590	0.21683	1	0.46508	0.53846	12.66011	1.03439	1	0.72880	0.56227	12.80046	1.03439	1	-0.00857	-0.01033	0.66878	0.00254	1	0.05978	-0.01513	0.68139	0.00431	1	1.45898	0.81042	0	
1240492	8367.42383	3304473829778	0.50276	0.30960	8367.33691	0.08691	11011	1	0.50548	0.12487	1	0.46492	0.28510	1	0.48520	0.20499	1	0.46530	0.53827	13.03691	1.03439	1	0.72887	0.56224	12.58021	1.03439	1	-0.00857	-0.01033	0.66878	0.00256	1	0.05978	-0.01513	0.68139	0.00432	1	1.45898	0.81042	0	
1240493	8367.43066	3304473897406	0.50157	0.30211	8367.33691	0.09375	11011	1	0.50450	0.11668	1	0.46514	0.27801	1	0.48482	0.19735	1	0.46523	0.53836	12.67307	1.04241	1	0.72875	0.56284	13.27224	1.04241	1	-0.00861	-0.01044	0.67565	0.00261	1	0.05978	-0.01513	0.68139	0.00419	1	1.45898	0.81042	0	
1240494	8367.43652	3304473963764	0.50042	0.30211	8367.33691	0.09961	11011	1	0.50442	0.29740	1	0.46184	0.30660	1	0.48313	0.30200	1	0.46525	0.54036	12.61625	1.05042	1	0.72886	0.56275	12.63641	1.05042	1	-0.00861	-0.01044	0.67565	0.00399	1	0.05978	-0.01513	0.68139	0.00437	1	1.45898	0.81042	0	
1240495	8367.44434	3304474034022	0.49859	0.29684	8367.33691	0.10742	11011	1	0.49332	0.11397	1	0.44554	0.31117	1	0.46943	0.21257	1	0.46521	0.53842	12.80123	1.05844	1	0.72865	0.56312	13.31374	1.05844	1	-0.00861	-0.01044	0.67565	0.00256	1	0.05978	-0.01513	0.68139	0.00422	1	1.45898	0.81042	0	
1240496	8367.45020	3304474100972	0.49276	0.26742	8367.33691	0.10742	11011	0	0.49332	0.11397	1	0.44554	0.31117	1	0.46943	0.21257	1	0.46559	0.54083	12.45990	1.05844	1	0.72863	0.56326	13.03308	1.05844	1	-0.00857	-0.01033	0.66878	0.00393	1	0.05978	-0.01513	0.68139	0.00430	1	1.45898	0.81042	0	
1240497	8367.45703	3304474167560	0.49061	0.29731	8367.33691	0.10742	11011	0	0.53108	0.31008	1	0.44585	0.34433	1	0.48846	0.32721	1	0.46567	0.54059	12.44900	1.05042	1	0.72868	0.56334	13.24663	1.05042	1	-0.00857	-0.01033	0.66878	0.00394	1	0.05978	-0.01513	0.68139	0.00427	1	1.45898	0.81042	0	
1240498	8367.46387	3304474234813	0.48831	0.31046	8367.33691	0.10742	11011	0	0.52240	0.34478	1	0.44502	0.32871	1	0.48371	0.33674	1	0.46553	0.54097	13.05519	1.04241	1	0.72862	0.56311	13.10488	1.04241	1	-0.00857	-0.01033	0.66878	0.00382	1	0.05978	-0.01513	0.68139	0.00431	1	1.45898	0.81042	0	
1240499	8367.47070	3304474301815	0.48716	0.31703	8367.45020	0.02051	11012	1	0.52240	0.34478	1	0.44502	0.32871	1	0.48371	0.33674	1	0.46574	0.54091	13.30389	1.04241	1	0.72917	0.56277	13.41112	1.04241	1	-0.00861	-0.01044	0.67565	0.00381	1	0.06019	-0.01528	0.68606	0.00435	1	1.45898	0.81042	0	
1240500	8367.47754	3304474370399	0.48823	0.31869	8367.45020	0.02734	11012	1	0.51755	0.29965	1	0.46745	0.35102	1	0.49250	0.32533	1	0.46549	0.54052	12.35619	1.05042	1	0.72903	0.56328	14.15162	1.05042	1	-0.00861	-0.01044	0.67565	0.00386	1	0.06019	-0.01528	0.68606	0.00420	1	1.45898	0.81042	0	
1240501	8367.48438	3304474435826	0.49344	0.31645	8367.45020	0.03418	11012	1	0.53782	0.31247	1	0.50120	0.29804	1	0.51951	0.30525	1	0.46584	0.54059	12.59433	1.05844	1	0.72952	0.56290	12.95478	1.05844	1	-0.00861	-0.01044	0.67565	0.00387	1	0.06019	-0.01528	0.68606	0.00405	1	1.45898	0.81042	0	
1240502	8367.49023	3304474502293	0.49711	0.31436	8367.45020	0.04004	11012	1	0.53706	0.30590	1	0.50122	0.29773	1	0.51914	0.30182	1	0.46584	0.54084	13.38383	1.06646	1	0.72914	0.56343	13.76544	1.05880	1	-0.00861	-0.01054	0.67565	0.00375	1	0.05149	-0.01306	0.58652	0.00404	1	1.45898	0.81042	0	
1240503	8367.49707	3304474569880	0.49947	0.31306	8367.45020	0.04688	11012	1	0.52653	0.30068	1	0.50545	0.30725	1	0.51599	0.30396	1	0.46560	0.54062	13.05877	1.05880	1	0.72958	0.56274	13.06543	1.05114	1	-0.00861	-0.01054	0.67565	0.00378	1	0.05149	-0.01306	0.58652	0.00420	1	1.45898	0.81042	0	
1240504	8367.50391	3304474637904	0.50149	0.31401	8367.45020	0.05371	11012	1	0.53076	0.34347	1	0.50447	0.29969	1	0.51762	0.32158	1	0.46560	0.54078	13.17759	1.05114	1	0.72964	0.56269	13.08223	1.04348	1	-0.00861	-0.01054	0.67565	0.00370	1	0.05149	-0.01306	0.58652	0.00419	1	1.45898	0.81042	0	
1240505	8367.51074	3304474704613	0.50313	0.31607	8367.45020	0.06055	11012	1	0.53234	0.35593	1	0.50346	0.31328	1	0.51790	0.33461	1	0.46563	0.54053	12.75416	1.03546	1	0.72928	0.56337	13.61019	1.02780	1	-0.00831	-0.01022	0.65544	0.00376	1	0.05149	-0.01306	0.58652	0.00396	1	1.45898	0.81042	0	
1240506	8367.51758	3304474771628	0.50374	0.31901	8367.45020	0.06738	11012	1	0.54229	0.34454	1	0.47734	0.35233	1	0.50981	0.34844	1	0.46586	0.54063	13.39196	1.01979	1	0.72923	0.56327	13.70252	1.01979	1	-0.00831	-0.01022	0.65544	0.00367	1	0.05149	-0.01306	0.58652	0.00398	1	1.45898	0.81042	0	
1240507	8367.52441	3304474837775	0.50380	0.31562	8367.45020	0.07422	11012	1	0.52874	0.17853	1	0.48022	0.37815	1	0.50448	0.27834	1	0.46556	0.53856	12.68787	1.01177	1	0.72929	0.56333	13.87288	1.01177	1	-0.00831	-0.01022	0.65544	0.00256	1	0.05149	-0.01306	0.58652	0.00395	1	1.45898	0.81042	0	
1240508	8367.53125	3304474904997	0.50387	0.31331	8367.45020	0.08105	11012	1	0.52958	0.18646	1	0.47987	0.38467	1	0.50473	0.28557	1	0.46564	0.54056	13.04512	1.00375	1	0.72925	0.56334	13.58404	1.00375	1	-0.00831	-0.01022	0.65544	0.00364	1	0.05149	-0.01306	0.58652	0.00398	1	1.45898	0.81042	0	
1240509	8367.53809	3304474971875	0.50384	0.31791	8367.45020	0.08789	11012	1	0.51618	0.39036	1	0.49070	0.36498	1	0.50344	0.37767	1	0.46573	0.54099	12.94059	1.00375	1	0.72935	0.56308	13.46690	1.00375	1	-0.00831	-0.01022	0.65544	0.00372	1	0.05149	-0.01306	0.58652	0.00402	1	1.45898	0.81042	0	
1240510	8367.54395	3304475038852	0.50327	0.31857	8367.45020	0.09375	11012	1	0.51512	0.31344	1	0.47556	0.34226	1	0.49534	0.32785	1	0.46590	0.54039	12.98741	1.00375	1	0.72953	0.56270	13.19344	1.00375	1	-0.00831	-0.01022	0.65544	0.00395	1	0.05149	-0.01306	0.58652	0.00421	1	1.45898	0.81042	0	
1240511	8367.55078	3304475105586	0.50279	0.31894	8367.45020	0.10059	11012	1	0.51512	0.31344	1	0.47586	0.33570	1	0.49549	0.32457	1	0.46641	0.54087	12.46102	1.00375	1	0.72945	0.56286	13.30958	1.01141	1	-0.00847	-0.01056	0.67673	0.00373	1	0.05945	-0.01509	0.67539	0.00423	1	1.45898	0.81042	0	
1240512	8367.55762	3304475171778	0.50304	0.31935	8367.45020	0.10742	11012	1	0.55045	0.32502	1	0.46365	0.32658	1	0.50705	0.32580	1	0.46641	0.54088	12.30825	1.01141	1	0.72935	0.56278	13.12307	1.01907	1	-0.00847	-0.01056	0.67673	0.00374	1	0.05945	-0.01509	0.67539	0.00412	1	1.45898	0.81042	0	
1240513	8367.56445	3304475239999	0.50232	0.32066	8367.45020	0.11426	11012	1	0.53309	0.34300	1	0.44705	0.34304	1	0.49007	0.34302	1	0.46645	0.54108	12.87916	1.01907	1	0.72947	0.56300	13.30614	1.02673	1	-0.00847	-0.01056	0.67673	0.00376	1	0.05945	-0.01509	0.67539	0.00408	1	1.45898	0.81042	0	
1240514	8367.57129	3304475306777	0.50163	0.32116	8367.45020	0.12109	11012	1	0.53150	0.33014	1	0.44724	0.32997	1	0.48937	0.33005	1	0.46670	0.54088	13.06336	1.03475	1	0.72976	0.56316	13.11860	1.04241	1	-0.00858	-0.01075	0.68925	0.00384	1	0.05945	-0.01509	0.67539	0.00400	1	1.45898	0.81042	0	
1240515	8367.57812	3304475373407	0.50150	0.32230	8367.45020	0.12793	11012	1	0.52998	0.33143	1	0.46785	0.35675	1	0.49892	0.34409	1	0.46646	0.54076	12.62357	1.05042	1	0.72979	0.56342	14.04971	1.05042	1	-0.00858	-0.01075	0.68925	0.00386	1	0.05945	-0.01509	0.67539	0.00407	1	1.45898	0.81042	0	
1240516	8367.58496	3304475440716	0.50135	0.32240	8367.45020	0.13477	11012	1	0.51875	0.29958	1	0.47782	0.34910	1	0.49829	0.32434	1	0.46648	0.54108	12.97290	1.05844	1	0.72998	0.56343	13.89780	1.05844	1	-0.00858	-0.01075	0.68925	0.00383	1	0.05945	-0.01509	0.67539	0.00405	1	1.45898	0.81042	0	
1240517	8367.59082	3304475508120	0.50119	0.32219	8367.45020	0.14062	11012	1	0.51787	0.29291	1	0.47814	0.34264	1	0.49801	0.31778	1	0.46652	0.54000	12.90914	1.06646	1	0.73020	0.56306	13.54147	1.06646	1	-0.00858	-0.01075	0.68925	0.00427	1	0.05945	-0.01509	0.67539	0.00411	1	1.45898	0.81042	0	
1240518	8367.59766	3304475572149	0.50187	0.32048	8367.45020	0.14746	11012	1	0.53210	0.27152	1	0.50127	0.29435	1	0.51668	0.28294	1	0.46657	0.54086	13.37140	1.06646	1	0.73039	0.56292	12.96759	1.06646	1	-0.00858	-0.01075	0.68925	0.00370	1	0.05945	-0.01509	0.67539	0.00410	1	1.45898	0.81042	0	
1240519	8367.60449	3304475641132	0.50246	0.32095	8367.45020	0.15430	11012	1	0.54439	0.32975	1	0.48761	0.33344	1	0.51600	0.33159	1	0.46673	0.54089	13.31466	1.06646	1	0.73019	0.56319	13.39097	1.06646	1	-0.00858	-0.01075	0.68925	0.00383	1	0.05945	-0.01509	0.67539	0.00401	1	1.45898	0.81042	0	
1240520	8367.61133	3304475708621	0.50299	0.32150	8367.45020	0.16113	11012	1	0.54439	0.32975	1	0.48725	0.33968	1	0.51582	0.33472	1	0.46660	0.54080	13.12559	1.06646	1	0.73020	0.56315	13.43045	1.05880	1	-0.00858	-0.01075	0.68925	0.00369	1	0.05878	-0.01491	0.66717	0.00402	1	1.45898	0.81042	0	
1240521	8367.61816	3304475775059	0.50295	0.32062	8367.45020	0.16797	11012	1	0.52046	0.27613	1	0.48347	0.32112	1	0.50196	0.29863	1	0.46639	0.54063	12.78440	1.05880	1	0.73008	0.56292	13.16192	1.05114	1	-0.00858	-0.01075	0.68925	0.00370	1	0.05878	-0.01491	0.66717	0.00404	1	1.45898	0.81042	0	
1240522	8367.62500	3304475842465	0.50269	0.32069	8367.45020	0.17480	11012	1	0.50192	0.31715	1	0.49010	0.32773	1	0.49601	0.32244	1	0.46644	0.54059	12.94708	1.05114	1	0.73020	0.56315	13.43045	1.04348	1	-0.00858	-0.01075	0.68925	0.00366	1	0.05878	-0.01491	0.66717	0.00402	1	1.45898	0.81042	0	
1240523	8367.63184	3304475909519	0.50248	0.32121	8367.45020	0.18164	11012	1	0.50387	0.33004	1	0.48929	0.34088	1	0.49658	0.33546	1	0.46630	0.54075	12.92463	1.03546	1	0.73045	0.56338	13.23669	1.02780	1	-0.00812	-0.01024	0.65639	0.00375	1	0.05878	-0.01491	0.66717	0.00396	1	1.45898	0.81042	0	
1240524	8367.63770	3304475972048	0.50257	0.32299	8367.45020	0.18750	11012	1	0.50645	0.33671	1	0.50408	0.40870	1	0.50526	0.37271	1	0.46633	0.54075	13.13462	1.01979	1	0.73043	0.56378	13.28527	1.01979	1	-0.00812	-0.01024	0.65639	0.00373	1	0.05878	-0.01491	0.66717	0.00404	1	1.45898	0.81042	0	
1240525	8367.64453	3304476040508	0.50265	0.32484	8367.45020	0.19434	11012	1	0.51294	0.34059	1	0.49706	0.41648	1	0.50500	0.37853	1	0.46640	0.54064	12.84939	1.01177	1	0.73039	0.56385	13.23638	1.01177	1	-0.00812	-0.01024	0.65639	0.00368	1	0.05878	-0.01491	0.66717	0.00402	1	1.45898	0.81042	0	
1240526	8367.65137	3304476107991	0.50274	0.32668	8367.45020	0.20117	11012	1	0.51390	0.34725	1	0.49704	0.41676	1	0.50547	0.38200	1	0.46654	0.54073	13.10751	1.00375	1	0.72997	0.56394	13.69465	1.01141	1	-0.00812	-0.01024	0.65639	0.00367	1	0.05968	-0.01513	0.67686	0.00399	1	1.45898	0.81042	0	
1240527	8367.65820	3304476173811	0.50271	0.32606	8367.45020	0.20801	11012	1	0.50907	0.22534	1	0.49411	0.38792	1	0.50159	0.30663	1	0.46658	0.53955	12.57047	1.01141	1	0.73034	0.56342	13.01809	1.01907	1	-0.00812	-0.01024	0.65639	0.00411	1	0.05968	-0.01513	0.67686	0.00392	1	1.45898	0.81042	0	
1240528	8367.66504	3304476241287	0.50278	0.32660	8367.45020	0.21484	11012	1	0.51930	0.31859	1	0.49101	0.36925	1	0.50515	0.34392	1	0.46669	0.54089	13.12448	1.01907	1	0.73026	0.56332	13.19878	1.02673	1	-0.00812	-0.01024	0.65639	0.00377	1	0.05968	-0.01513	0.67686	0.00394	1	1.45898	0.81042	0	
1240529	8367.67188	3304476309063	0.50283	0.32682	8367.45020	0.22168	11012	1	0.51752	0.30533	1	0.49144	0.36274	1	0.50448	0.33404	1	0.46672	0.54087	13.18857	1.03475	1	0.73033	0.56361	13.40387	1.03475	1	-0.00836	-0.01061	0.67984	0.00375	1	0.06238	-0.01580	0.70676	0.00404	1	1.45898	0.81042	0	
1240530	8367.67773	3304476375757	0.50302	0.32728	8367.45020	0.22754	11012	1	0.52289	0.30044	1	0.49597	0.38543	1	0.50943	0.34294	1	0.46672	0.54090	13.22252	1.04276	1	0.73033	0.56368	13.06071	1.03511	1	-0.00836	-0.01061	0.67984	0.00373	1	0.06238	-0.01580	0.70676	0.00410	1	1.45898	0.81042	0	
1240531	8367.68457	3304476442449	0.50290	0.32821	8367.45020	0.23438	11012	1	0.52064	0.32838	1	0.47654	0.39308	1	0.49859	0.36073	1	0.46669	0.54106	13.23186	1.04312	1	0.73003	0.56370	13.09436	1.03546	1	-0.00836	-0.01061	0.67984	0.00372	1	0.06238	-0.01580	0.70676	0.00404	1	1.45898	0.81042	0	
1240532	8367.69141	3304476507559	0.50278	0.32908	8367.45020	0.24121	11012	1	0.52060	0.32809	1	0.47655	0.39280	1	0.49858	0.36044	1	0.46648	0.54116	13.08012	1.04348	1	0.72988	0.56359	13.69310	1.03582	1	-0.00836	-0.01061	0.67984	0.00376	1	0.06238	-0.01580	0.70676	0.00399	1	1.45898	0.81042	0	
1240533	8367.69824	3304476575863	0.50281	0.32935	8367.45020	0.24805	11012	1	0.51395	0.32544	1	0.49347	0.35373	1	0.50371	0.33959	1	0.46663	0.54117	13.33138	1.03582	1	0.73021	0.56323	13.13792	1.03582	1	-0.00836	-0.01061	0.67984	0.00372	1	0.06238	-0.01580	0.70676	0.00393	1	1.45898	0.81042	0	
1240534	8367.70508	3304476645959	0.50294	0.32929	8367.45020	0.25488	11012	1	0.51432	0.31237	1	0.50185	0.34128	1	0.50808	0.32683	1	0.46657	0.54088	13.02942	1.03582	1	0.73040	0.56307	13.20587	1.03582	1	-0.00836	-0.01061	0.67984	0.00375	1	0.06238	-0.01580	0.70676	0.00385	1	1.45898	0.81042	0	
1240535	8367.71191	3304476712788	0.50308	0.32932	8367.45020	0.26172	11012	1	0.51524	0.31909	1	0.50183	0.34158	1	0.50854	0.33034	1	0.46672	0.54087	12.61678	1.02780	1	0.72998	0.56347	13.56139	1.03546	1	-0.00826	-0.01049	0.67595	0.00382	1	0.05968	-0.01513	0.67686	0.00391	1	1.45898	0.81042	0	
1240536	8367.71875	3304476780117	0.50304	0.32942	8367.45020	0.26855	11012	1	0.50699	0.32672	1	0.49621	0.34045	1	0.50160	0.33358	1	0.46650	0.54101	12.76279	1.02745	1	0.73026	0.56321	13.05923	1.03511	1	-0.00826	-0.01049	0.67595	0.00380	1	0.05968	-0.01513	0.67686	0.00393	1	1.45898	0.81042	0	
1240537	8367.72559	3304476846841	0.50293	0.32986	8367.45020	0.27539	11012	1	0.51704	0.31928	1	0.47932	0.37681	1	0.49818	0.34805	1	0.46658	0.54101	12.99453	1.02709	1	0.73003	0.56344	13.58084	1.03475	1	-0.00826	-0.01049	0.67595	0.00373	1	0.05968	-0.01513	0.67686	0.00394	1	1.45898	0.81042	0	
1240538	8367.73145	3304476914286	0.50281	0.33021	8367.45020	0.28125	11012	1	0.51617	0.31286	1	0.47932	0.37681	1	0.49774	0.34483	1	0.46665	0.54112	13.14163	1.03475	1	0.73005	0.56366	14.04675	1.03475	1	-0.00836	-0.01050	0.67984	0.00373	1	0.06238	-0.01580	0.70676	0.00391	1	1.45898	0.81042	0	
1240539	8367.73828	3304476981728	0.50287	0.33039	8367.45020	0.28809	11012	1	0.52886	0.31246	1	0.48256	0.36337	1	0.50571	0.33791	1	0.46698	0.54119	12.72352	1.04276	1	0.73012	0.56337	13.60975	1.03511	1	-0.00836	-0.01050	0.67984	0.00373	1	0.06238	-0.01580	0.70676	0.00388	1	1.45898	0.81042	0	
1240540	8367.74512	3304477048220	0.50305	0.33053	8367.45020	0.29492	11012	1	0.54129	0.31773	1	0.48055	0.35595	1	0.51092	0.33684	1	0.46712	0.54116	12.53090	1.04312	1	0.72996	0.56321	13.38487	1.03546	1	-0.00836	-0.01050	0.67984	0.00374	1	0.06238	-0.01580	0.70676	0.00390	1	1.45898	0.81042	0	
1240541	8367.75195	3304477115084	0.50322	0.33072	8367.45020	0.30176	11012	1	0.54126	0.31744	1	0.48028	0.36123	1	0.51077	0.33933	1	0.46649	0.54111	13.16431	1.04348	1	0.73019	0.56368	13.49589	1.02901	1	-0.00836	-0.01050	0.67984	0.00376	1	0.05610	-0.01422	0.63624	0.00388	1	1.45898	0.81042	0	
1240542	8367.75879	3304477182445	0.50320	0.33190	8367.45020	0.30859	11012	1	0.51851	0.36359	1	0.48571	0.40839	1	0.50211	0.38599	1	0.46665	0.54100	13.01365	1.02901	1	0.73019	0.56368	13.49589	1.02220	1	-0.00836	-0.01050	0.67984	0.00375	1	0.05610	-0.01422	0.63624	0.00389	1	1.45898	0.81042	0	
1240543	8367.76562	3304477248635	0.50326	0.33263	8367.45020	0.31543	11012	1	0.51932	0.33097	1	0.49280	0.40293	1	0.50606	0.36695	1	0.46664	0.54102	13.33579	1.02220	1	0.73019	0.56355	13.69421	1.01540	1	-0.00836	-0.01050	0.67984	0.00374	1	0.05610	-0.01422	0.63624	0.00393	1	1.45898	0.81042	0	
1240544	8367.77148	3304477313655	0.50355	0.33470	8367.45020	0.32129	11012	1	0.52009	0.33663	1	0.49322	0.39689	1	0.50665	0.36676	1	0.46665	0.54054	12.75017	1.01540	1	0.73003	0.56302	13.88085	1.02305	1	-0.00836	-0.01050	0.67984	0.00395	1	0.05968	-0.01513	0.67686	0.00413	1	1.45898	0.81042	0	
1240545	8367.77832	3304477379005	0.50354	0.33455	8367.45020	0.32812	11012	1	0.50319	0.29246	1	0.47349	0.34826	1	0.48834	0.32036	1	0.46649	0.54039	12.80996	1.02305	1	0.72993	0.56316	14.10949	1.03752	1	-0.00836	-0.01050	0.67984	0.00379	1	0.05968	-0.01513	0.67686	0.00408	1	1.45898	0.81042	0	
1240546	8367.78516	3304477448425	0.50400	0.33392	8367.45020	0.33496	11012	1	0.51162	0.31954	1	0.49937	0.29334	1	0.50550	0.30644	1	0.46659	0.54041	12.65661	1.03752	1	0.73023	0.56260	13.00573	1.05199	1	-0.00836	-0.01050	0.67984	0.00381	1	0.05968	-0.01513	0.67686	0.00421	1	1.45898	0.81042	0	
1240547	8367.79199	3304477514122	0.50445	0.33318	8367.45020	0.34180	11012	1	0.51086	0.31419	1	0.49975	0.28775	1	0.50531	0.30097	1	0.46656	0.54024	12.72358	1.04397	1	0.73012	0.56290	13.19914	1.05844	1	-0.00808	-0.01022	0.66149	0.00378	1	0.05965	-0.01507	0.67646	0.00415	1	1.45898	0.81042	0	
1240548	8367.79883	3304477581423	0.50456	0.33263	8367.45020	0.34863	11012	1	0.50196	0.32310	1	0.49381	0.27497	1	0.49789	0.29903	1	0.46638	0.54059	12.98830	1.05042	1	0.73020	0.56248	13.18149	1.05042	1	-0.00808	-0.01022	0.66149	0.00380	1	0.05965	-0.01507	0.67646	0.00431	1	1.45898	0.81042	0	
1240549	8367.80566	3304477648410	0.50411	0.33306	8367.45020	0.35547	11012	1	0.50862	0.28300	1	0.48749	0.36870	1	0.49805	0.32585	1	0.46660	0.54025	12.86452	1.04241	1	0.73011	0.56329	13.28731	1.04241	1	-0.00808	-0.01022	0.66149	0.00386	1	0.05965	-0.01507	0.67646	0.00398	1	1.45898	0.81042	0	
1240550	8367.81250	3304477715671	0.50367	0.33356	8367.45020	0.36230	11012	1	0.50862	0.28300	1	0.48749	0.36870	1	0.49805	0.32585	1	0.46640	0.53842	12.65776	1.04241	1	0.73017	0.56303	13.19594	1.04241	1	-0.00836	-0.01050	0.67984	0.00259	1	0.05965	-0.01507	0.67646	0.00410	1	1.45898	0.81042	0	
1240551	8367.81836	3304477780847	0.50355	0.33264	8367.45020	0.36816	11012	1	0.52845	0.23288	1	0.49216	0.28670	1	0.51031	0.25979	1	0.46651	0.53954	12.49322	1.05042	1	0.73018	0.56259	13.19749	1.05042	1	-0.00836	-0.01050	0.67984	0.00419	1	0.05965	-0.01507	0.67646	0.00419	1	1.45898	0.81042	0	
1240552	8367.82520	3304477849783	0.50338	0.33187	8367.45020	0.37500	11012	1	0.53063	0.25345	1	0.48794	0.31582	1	0.50929	0.28464	1	0.46652	0.53990	12.50659	1.05844	1	0.73013	0.56302	13.41081	1.05844	1	-0.00836	-0.01050	0.67984	0.00402	1	0.05965	-0.01507	0.67646	0.00409	1	1.45898	0.81042	0	
1240553	8367.83203	3304477919521	0.50319	0.33075	8367.45020	0.38184	11012	1	0.52983	0.24644	1	0.48796	0.31552	1	0.50890	0.28098	1	0.46670	0.54015	12.91239	1.06646	1	0.73013	0.56305	14.05342	1.05880	1	-0.00836	-0.01050	0.67984	0.00403	1	0.05878	-0.01481	0.66717	0.00399	1	1.45898	0.81042	0	
1240554	8367.83887	3304477986163	0.50319	0.32946	8367.45020	0.38867	11012	1	0.54540	0.26230	1	0.47405	0.31038	1	0.50972	0.28634	1	0.46681	0.54024	13.13327	1.05880	1	0.72992	0.56294	13.98815	1.05114	1	-0.00836	-0.01050	0.67984	0.00404	1	0.05878	-0.01481	0.66717	0.00431	1	1.45898	0.81042	0	
1240555	8367.84570	3304478052679	0.50353	0.33008	8367.45020	0.39551	11012	1	0.55418	0.32132	1	0.48755	0.29540	1	0.52086	0.30836	1	0.46684	0.54020	12.96659	1.05114	1	0.73011	0.56272	13.72038	1.04348	1	-0.00836	-0.01050	0.67984	0.00406	1	0.05878	-0.01481	0.66717	0.00421	1	1.45898	0.81042	0	
1240556	8367.85254	3304478119942	0.50611	0.30168	8367.45020	0.39551	11012	0	0.55546	0.33410	1	0.48677	0.30903	1	0.52112	0.32156	1	0.46655	0.54038	12.92822	1.03546	1	0.73042	0.56267	13.28342	1.02780	1	-0.00812	-0.01014	0.65639	0.00387	1	0.06238	-0.01574	0.70676	0.00419	1	1.45898	0.81042	0	
1240557	8367.85938	3304478186908	0.50682	0.29812	8367.45020	0.39551	11012	0	0.53615	0.29516	1	0.47893	0.29395	1	0.50754	0.29455	1	0.46657	0.54013	12.76068	1.01979	1	0.73034	0.56245	13.34824	1.01979	1	-0.00812	-0.01014	0.65639	0.00394	1	0.06238	-0.01574	0.70676	0.00422	1	1.45898	0.81042	0	
1240558	8367.86621	3304478253453	0.50280	0.32144	8367.45020	0.39551	11012	0	0.51023	0.34633	1	0.47926	0.38982	1	0.49474	0.36807	1	0.46646	0.54111	13.16108	1.01177	1	0.73039	0.56329	13.32169	1.01177	1	-0.00812	-0.01014	0.65639	0.00380	1	0.06238	-0.01574	0.70676	0.00436	1	1.45898	0.81042	0	
1240559	8367.87305	3304478320898	0.50083	0.33233	8367.85254	0.02051	11013	1	0.51023	0.34633	1	0.47959	0.38367	1	0.49491	0.36500	1	0.46766	0.54205	13.52843	1.01177	1	0.73124	0.56398	13.25484	1.01943	1	-0.00822	-0.01066	0.67676	0.00375	1	0.05978	-0.01533	0.67679	0.00401	1	1.45898	0.81042	0	
1240560	8367.87891	3304478388047	0.50276	0.33951	8367.85254	0.02637	11013	1	0.52658	0.34090	1	0.49444	0.39560	1	0.51051	0.36825	1	0.46804	0.54242	12.65190	1.02745	1	0.73098	0.56565	12.93068	1.03511	1	-0.00822	-0.01066	0.67676	0.00411	1	0.05978	-0.01533	0.67679	0.00387	1	1.45898	0.81042	0	
1240561	8367.88574	3304478455058	0.49914	0.31821	8367.85254	0.03320	11013	1	0.48244	0.13053	1	0.47960	0.29285	1	0.48102	0.21169	1	0.46784	0.54077	11.79201	1.04312	1	0.73118	0.56583	13.54982	1.05078	1	-0.00822	-0.01066	0.67676	0.00261	1	0.05978	-0.01533	0.67679	0.00395	1	1.45898	0.81042	0	
1240562	8367.89258	3304478521380	0.49642	0.30137	8367.85254	0.04004	11013	1	0.48027	0.11471	1	0.47994	0.28592	1	0.48010	0.20031	1	0.46962	0.54547	13.02974	1.05880	1	0.73262	0.56888	13.23547	1.05880	1	-0.00783	-0.01129	0.67820	0.00326	1	0.05831	-0.01538	0.65739	0.00344	1	1.45898	0.81042	0	
1240563	8367.89941	3304478588751	0.50470	0.33018	8367.85254	0.04688	11013	1	0.59911	0.52099	1	0.52629	0.54275	1	0.56270	0.53187	1	0.46983	0.54697	12.24960	1.05880	1	0.73241	0.56949	13.16755	1.05114	1	-0.00783	-0.01129	0.67820	0.00334	1	0.05831	-0.01538	0.65739	0.00345	1	1.45898	0.81042	0	
1240564	8367.90625	3304478655736	0.51284	0.35514	8367.85254	0.05371	11013	1	0.62265	0.52301	1	0.53326	0.58657	1	0.57795	0.55479	1	0.46991	0.54714	12.56806	1.05114	1	0.73254	0.56971	13.55343	1.04348	1	-0.00783	-0.01129	0.67820	0.00334	1	0.05831	-0.01538	0.65739	0.00348	1	1.45898	0.81042	0	
1240565	8367.91309	3304478722843	0.51933	0.37557	8367.85254	0.06055	11013	1	0.62282	0.52776	1	0.53256	0.59112	1	0.57769	0.55944	1	0.47030	0.54769	13.01261	1.04348	1	0.73307	0.57087	13.90017	1.03582	1	-0.00783	-0.01154	0.68675	0.00318	1	0.05831	-0.01558	0.65739	0.00324	1	1.45898	0.81042	0	
1240566	8367.91992	3304478790415	0.52687	0.40335	8367.85254	0.06738	11013	1	0.63283	0.62820	1	0.57180	0.73424	1	0.60231	0.68122	1	0.47016	0.54800	13.30734	1.03582	1	0.73324	0.57117	13.55504	1.03582	1	-0.00783	-0.01154	0.68675	0.00304	1	0.05831	-0.01558	0.65739	0.00325	1	1.45898	0.81042	0	
1240567	8367.92578	3304478856857	0.53291	0.42399	8367.85254	0.07324	11013	1	0.63289	0.58287	1	0.56587	0.71903	1	0.59938	0.65095	1	0.47022	0.54796	13.09627	1.03582	1	0.73315	0.57112	13.91509	1.03582	1	-0.00783	-0.01154	0.68675	0.00305	1	0.05831	-0.01558	0.65739	0.00328	1	1.45898	0.81042	0	
1240568	8367.93262	3304478923824	0.53799	0.44177	8367.85254	0.08008	11013	1	0.63300	0.58745	1	0.56488	0.72280	1	0.59894	0.65513	1	0.46984	0.54780	12.19685	1.02780	1	0.73324	0.57119	13.70748	1.02780	1	-0.00754	-0.01109	0.65733	0.00301	1	0.05831	-0.01558	0.65739	0.00323	1	1.45898	0.81042	0	
1240569	8367.93945	3304478990629	0.54724	0.48384	8367.85254	0.08008	11013	0	0.60776	0.58591	1	0.56546	0.73290	1	0.58661	0.65941	1	0.46984	0.54780	12.19685	1.01979	1	0.73321	0.57127	13.78215	1.01979	1	-0.00754	-0.01109	0.65733	0.00301	1	0.05831	-0.01558	0.65739	0.00316	1	1.45898	0.81042	0	
1240570	8367.94629	3304479057790	0.56864	0.56727	8367.85254	0.08008	11013	0	0.61674	0.59819	1	0.56332	0.70318	1	0.59003	0.65069	1	0.46988	0.54773	12.02046	1.01177	1	0.73321	0.57134	13.93055	1.01177	1	-0.00754	-0.01109	0.65733	0.00302	1	0.05831	-0.01558	0.65739	0.00318	1	1.45898	0.81042	0	
1240571	8367.95312	3304479124764	0.57553	0.59777	8367.85254	0.08008	11013	0	0.61718	0.60683	1	0.56144	0.71071	1	0.58931	0.65877	1	0.46987	0.54773	11.98163	0.99663	1	0.73327	0.57128	13.73113	0.99663	1	-0.00747	-0.01097	0.64699	0.00305	1	0.05831	-0.01558	0.65739	0.00327	1	1.45898	0.81042	0	
1240572	8367.95996	3304479191635	0.59089	0.65008	8367.85254	0.08008	11013	0	0.62402	0.62519	1	0.56266	0.65636	1	0.59334	0.64078	1	0.47003	0.54799	12.54081	0.98950	1	0.73319	0.57116	13.68832	0.98950	1	-0.00747	-0.01097	0.64699	0.00301	1	0.05831	-0.01558	0.65739	0.00326	1	1.45898	0.81042	0	
1240573	8367.96680	3304479258418	0.59009	0.64432	8367.85254	0.08008	11013	0	0.61943	0.58925	1	0.55916	0.68788	1	0.58930	0.63857	1	0.46995	0.54769	12.32031	0.98238	1	0.73320	0.57144	13.83618	0.98238	1	-0.00747	-0.01097	0.64699	0.00313	1	0.05831	-0.01558	0.65739	0.00318	1	1.45898	0.81042	0	
1240574	8367.97266	3304479322172	0.58983	0.64240	8367.85254	0.08008	11013	0	0.61943	0.58925	1	0.55916	0.68788	1	0.58930	0.63857	1	0.47003	0.54784	12.09928	0.98238	1	0.73313	0.57137	13.72609	0.98238	1	-0.00773	-0.01128	0.66541	0.00300	1	0.05831	-0.01558	0.65739	0.00320	1	1.45898	0.81042	0	
1240575	8367.97949	3304479391285	0.59312	0.64440	8367.95996	0.01953	11014	1	0.64260	0.61438	1	0.56336	0.68641	1	0.60298	0.65039	1	0.46983	0.54805	12.70233	0.98950	1	0.73319	0.57146	14.07772	0.98950	1	-0.00773	-0.01128	0.66541	0.00292	1	0.05831	-0.01558	0.65739	0.00320	1	1.45898	0.81042	0	
1240576	8367.98633	3304479456643	0.59088	0.64496	8367.95996	0.02637	11014	1	0.61334	0.60927	1	0.55053	0.68515	1	0.58194	0.64721	1	0.46994	0.54787	12.77200	0.99663	1	0.73307	0.57144	13.77985	0.99663	1	-0.00773	-0.01128	0.66541	0.00292	1	0.05831	-0.01558	0.65739	0.00321	1	1.45898	0.81042	0	
1240577	8367.99316	3304479522853	0.58944	0.64469	8367.95996	0.03320	11014	1	0.61311	0.60522	1	0.55134	0.68143	1	0.58223	0.64332	1	0.46974	0.54793	13.13483	1.00375	1	0.73331	0.57135	13.56145	1.00375	1	-0.00773	-0.01128	0.66541	0.00296	1	0.05831	-0.01558	0.65739	0.00321	1	1.45898	0.81042	0	
1240578	8367.99902	3304479588640	0.58718	0.64330	8367.95996	0.03906	11014	1	0.59659	0.59207	1	0.55072	0.67786	1	0.57366	0.63496	1	0.46966	0.54806	12.77901	1.00375	1	0.73307	0.57147	13.78627	1.00375	1	-0.00773	-0.01128	0.66541	0.00299	1	0.05831	-0.01558	0.65739	0.00321	1	1.45898	0.81042	0	
1240579	8368.00684	3304479660417	0.58752	0.64241	8367.95996	0.04688	11014	1	0.62155	0.60827	1	0.55818	0.66415	1	0.58986	0.63621	1	0.46979	0.54800	12.51404	1.00375	1	0.73305	0.57144	13.73440	1.00375	1	-0.00773	-0.01128	0.66541	0.00298	1	0.05831	-0.01558	0.65739	0.00320	1	1.45898	0.81042	0	
1240580	8368.01367	3304479727858	0.58778	0.64172	8367.95996	0.05371	11014	1	0.62155	0.60827	1	0.55818	0.66415	1	0.58986	0.63621	1	0.46987	0.54816	12.39765	1.00375	1	0.73302	0.57148	13.77050	1.00375	1	-0.00773	-0.01128	0.66541	0.00293	1	0.05831	-0.01558	0.65739	0.00316	1	1.45898	0.81042	0	
1240581	8368.01953	3304479794608	0.58826	0.64202	8367.95996	0.05957	11014	1	0.62611	0.58186	1	0.55915	0.70760	1	0.59263	0.64473	1	0.46996	0.54808	12.24186	1.00375	1	0.73319	0.57161	13.72674	1.00375	1	-0.00773	-0.01128	0.66541	0.00291	1	0.05831	-0.01558	0.65739	0.00319	1	1.45898	0.81042	0	
1240582	8368.02637	3304479860717	0.58785	0.64245	8367.95996	0.06641	11014	1	0.61023	0.61518	1	0.55726	0.67820	1	0.58374	0.64669	1	0.46962	0.54826	12.88593	1.00375	1	0.73314	0.57157	13.59934	1.00375	1	-0.00773	-0.01128	0.66541	0.00301	1	0.05831	-0.01558	0.65739	0.00319	1	1.45898	0.81042	0	
1240583	8368.03320	3304479928533	0.58751	0.64280	8367.95996	0.07324	11014	1	0.61023	0.61518	1	0.55726	0.67820	1	0.58374	0.64669	1	0.46961	0.54825	12.91205	1.00375	1	0.73328	0.57157	13.68363	1.00375	1	-0.00773	-0.01128	0.66541	0.00303	1	0.05831	-0.01558	0.65739	0.00324	1	1.45898	0.81042	0	
1240584	8368.04004	3304479995232	0.58708	0.64523	8367.95996	0.08008	11014	1	0.61549	0.63583	1	0.54833	0.71287	1	0.58191	0.67435	1	0.46982	0.54850	12.84841	1.00375	1	0.73332	0.57183	13.62367	1.00375	1	-0.00773	-0.01128	0.66541	0.00307	1	0.05831	-0.01558	0.65739	0.00315	1	1.45898	0.81042	0	
1240585	8368.04688	3304480061530	0.58647	0.64576	8367.95996	0.08691	11014	1	0.60640	0.61248	1	0.55081	0.69288	1	0.57861	0.65268	1	0.46974	0.54851	13.10893	1.00375	1	0.73333	0.57177	13.68098	1.00375	1	-0.00773	-0.01128	0.66541	0.00305	1	0.05831	-0.01558	0.65739	0.00321	1	1.45898	0.81042	0	
1240586	8368.05371	3304480129132	0.58593	0.64648	8367.95996	0.09375	11014	1	0.60667	0.61648	1	0.55001	0.69652	1	0.57834	0.65650	1	0.46982	0.54850	12.84841	0.99663	1	0.73336	0.57175	13.70834	0.99663	1	-0.00747	-0.01097	0.64699	0.00307	1	0.06533	-0.01745	0.73393	0.00314	1	1.45898	0.81042	0	
1240587	8368.06055	3304480196310	0.58593	0.64901	8367.95996	0.10059	11014	1	0.61568	0.65066	1	0.55605	0.72336	1	0.58587	0.68701	1	0.46969	0.54868	13.08332	0.98950	1	0.73353	0.57198	13.79147	0.98950	1	-0.00747	-0.01097	0.64699	0.00304	1	0.06533	-0.01745	0.73393	0.00319	1	1.45898	0.81042	0	
1240588	8368.06641	3304480263397	0.58629	0.65038	8367.95996	0.10645	11014	1	0.62702	0.62934	1	0.55701	0.71532	1	0.59201	0.67233	1	0.46998	0.54856	12.86939	0.98238	1	0.73350	0.57181	13.45529	0.98238	1	-0.00747	-0.01097	0.64699	0.00307	1	0.06533	-0.01745	0.73393	0.00324	1	1.45898	0.81042	0	
1240589	8368.07324	3304480331174	0.58658	0.65181	8367.95996	0.11328	11014	1	0.62716	0.63330	1	0.55614	0.71888	1	0.59165	0.67609	1	0.47020	0.54853	13.21128	0.97525	1	0.73372	0.57171	13.47232	0.97525	1	-0.00747	-0.01097	0.64699	0.00309	1	0.06533	-0.01745	0.73393	0.00325	1	1.45898	0.81042	0	
1240590	8368.08008	3304480397312	0.58729	0.65263	8367.95996	0.12012	11014	1	0.65820	0.65901	1	0.54161	0.67582	1	0.59991	0.66741	1	0.47025	0.54868	13.21862	0.97525	1	0.73363	0.57138	13.52738	0.97525	1	-0.00747	-0.01097	0.64699	0.00303	1	0.06533	-0.01745	0.73393	0.00306	1	1.45898	0.81042	0	
1240591	8368.08691	3304480464430	0.58768	0.65398	8367.95996	0.12695	11014	1	0.65084	0.67234	1	0.53956	0.68669	1	0.59520	0.67952	1	0.47017	0.54852	13.15046	0.97525	1	0.73367	0.57145	13.52889	0.97525	1	-0.00747	-0.01097	0.64699	0.00304	1	0.06533	-0.01745	0.73393	0.00306	1	1.45898	0.81042	0	
1240592	8368.09375	3304480530816	0.58806	0.65501	8367.95996	0.13379	11014	1	0.65086	0.66867	1	0.54031	0.68290	1	0.59558	0.67579	1	0.47014	0.54848	12.84556	0.98238	1	0.73374	0.57127	13.34788	0.98238	1	-0.00760	-0.01122	0.66219	0.00303	1	0.06533	-0.01756	0.73393	0.00309	1	1.45898	0.81042	0	
1240593	8368.10059	3304480598644	0.58850	0.65499	8367.95996	0.14062	11014	1	0.64244	0.64241	1	0.55305	0.66673	1	0.59775	0.65457	1	0.47012	0.54850	12.92060	0.98950	1	0.73377	0.57129	13.41223	0.98950	1	-0.00760	-0.01122	0.66219	0.00302	1	0.06533	-0.01756	0.73393	0.00314	1	1.45898	0.81042	0	
1240594	8368.10742	3304480665243	0.58858	0.65431	8367.95996	0.14746	11014	1	0.62896	0.62480	1	0.55171	0.65388	1	0.59034	0.63934	1	0.47012	0.54847	12.93796	0.99663	1	0.73372	0.57133	13.44358	0.99663	1	-0.00760	-0.01122	0.66219	0.00306	1	0.06533	-0.01756	0.73393	0.00310	1	1.45898	0.81042	0	
1240595	8368.11426	3304480733350	0.58868	0.65334	8367.95996	0.15430	11014	1	0.62869	0.61643	1	0.55345	0.64549	1	0.59107	0.63096	1	0.47019	0.54851	13.09177	1.01177	1	0.73386	0.57169	13.86123	1.01177	1	-0.00783	-0.01164	0.68674	0.00301	1	0.06533	-0.01756	0.73393	0.00313	1	1.45898	0.81042	0	
1240596	8368.12012	3304480799417	0.58922	0.65393	8367.95996	0.16016	11014	1	0.62800	0.61494	1	0.57643	0.72123	1	0.60221	0.66808	1	0.47024	0.54854	13.18499	1.01979	1	0.73408	0.57201	13.62904	1.01979	1	-0.00783	-0.01164	0.68674	0.00302	1	0.06533	-0.01756	0.73393	0.00318	1	1.45898	0.81042	0	
1240597	8368.12695	3304480866177	0.58934	0.65480	8367.95996	0.16699	11014	1	0.62230	0.63180	1	0.56239	0.72112	1	0.59234	0.67646	1	0.47023	0.54850	13.15661	1.02780	1	0.73397	0.57201	13.37465	1.02780	1	-0.00783	-0.01164	0.68674	0.00303	1	0.06533	-0.01756	0.73393	0.00322	1	1.45898	0.81042	0	
1240598	8368.13379	3304480932928	0.58947	0.65545	8367.95996	0.17383	11014	1	0.62211	0.62756	1	0.56336	0.71734	1	0.59274	0.67245	1	0.47027	0.54852	13.08701	1.03582	1	0.73386	0.57182	13.16063	1.03582	1	-0.00783	-0.01169	0.68674	0.00306	1	0.05853	-0.01578	0.65766	0.00318	1	1.45898	0.81042	0	
1240599	8368.14062	3304481000692	0.58960	0.65577	8367.95996	0.18066	11014	1	0.61838	0.61088	1	0.56803	0.71777	1	0.59321	0.66433	1	0.47025	0.54854	13.28817	1.03582	1	0.73401	0.57219	13.86666	1.03582	1	-0.00783	-0.01169	0.68674	0.00301	1	0.05853	-0.01578	0.65766	0.00325	1	1.45898	0.81042	0	
1240600	8368.14746	3304481067399	0.58930	0.65615	8367.95996	0.18750	11014	1	0.60134	0.62084	1	0.56042	0.71292	1	0.58088	0.66688	1	0.47032	0.54863	13.09367	1.03582	1	0.73380	0.57204	13.21920	1.03582	1	-0.00783	-0.01169	0.68674	0.00302	1	0.05853	-0.01578	0.65766	0.00322	1	1.45898	0.81042	0	
1240601	8368.15430	3304481134092	0.58900	0.65676	8367.95996	0.19434	11014	1	0.60197	0.62896	1	0.55862	0.72013	1	0.58029	0.67454	1	0.47064	0.54832	12.43102	1.02068	1	0.73366	0.57208	13.18103	1.02068	1	-0.00722	-0.01099	0.64240	0.00326	1	0.05941	-0.01599	0.66637	0.00318	1	1.45898	0.81042	0	
1240602	8368.16016	3304481201111	0.58908	0.65760	8367.95996	0.20020	11014	1	0.63771	0.64411	1	0.54523	0.72145	1	0.59147	0.68278	1	0.47080	0.54860	13.03898	1.00554	1	0.73452	0.57242	14.23233	1.00554	1	-0.00722	-0.01099	0.64240	0.00316	1	0.05941	-0.01599	0.66637	0.00321	1	1.45898	0.81042	0	
1240603	8368.16699	3304481268379	0.58883	0.65785	8367.95996	0.20703	11014	1	0.63349	0.63317	1	0.52855	0.69801	1	0.58102	0.66559	1	0.47080	0.54860	13.03898	0.99039	1	0.73419	0.57213	13.90586	0.99039	1	-0.00722	-0.01099	0.64240	0.00316	1	0.05941	-0.01599	0.66637	0.00316	1	1.45898	0.81042	0	
1240604	8368.17383	3304481335572	0.58859	0.65809	8367.95996	0.21387	11014	1	0.63349	0.63317	1	0.52855	0.69801	1	0.58102	0.66559	1	0.47099	0.54871	12.96853	0.99039	1	0.73459	0.57216	13.32656	0.99039	1	-0.00745	-0.01148	0.67107	0.00312	1	0.05903	-0.01591	0.66098	0.00319	1	1.45898	0.81042	0	
1240605	8368.18066	3304481401748	0.58874	0.65743	8367.95996	0.22070	11014	1	0.62397	0.63210	1	0.56323	0.63956	1	0.59360	0.63583	1	0.47109	0.54850	12.95101	1.00554	1	0.73469	0.57208	13.38655	1.00554	1	-0.00745	-0.01148	0.67107	0.00315	1	0.05903	-0.01591	0.66098	0.00332	1	1.45898	0.81042	0	
1240606	8368.18750	3304481466046	0.58885	0.65749	8367.95996	0.22754	11014	1	0.62478	0.64771	1	0.56019	0.67122	1	0.59249	0.65946	1	0.47100	0.54847	12.90684	1.02068	1	0.73466	0.57203	13.21924	1.02068	1	-0.00745	-0.01148	0.67107	0.00316	1	0.05903	-0.01591	0.66098	0.00336	1	1.45898	0.81042	0	
1240607	8368.19336	3304481532154	0.58897	0.65733	8367.95996	0.23340	11014	1	0.62447	0.63988	1	0.56201	0.66328	1	0.59324	0.65158	1	0.47119	0.54828	12.02106	1.03582	1	0.73474	0.57267	13.69409	1.03582	1	-0.00745	-0.01148	0.67107	0.00325	1	0.05910	-0.01588	0.66178	0.00326	1	1.45898	0.81042	0	
1240608	8368.20020	3304481599117	0.58912	0.65654	8367.95996	0.24023	11014	1	0.62424	0.57550	1	0.56531	0.68130	1	0.59478	0.62840	1	0.47124	0.54822	12.06611	1.03582	1	0.73473	0.57273	13.84560	1.03582	1	-0.00745	-0.01148	0.67107	0.00324	1	0.05910	-0.01588	0.66178	0.00324	1	1.45898	0.81042	0	
1240609	8368.20703	3304481667081	0.58907	0.65676	8367.95996	0.24707	11014	1	0.59892	0.63610	1	0.57526	0.69332	1	0.58709	0.66471	1	0.47105	0.54853	12.77083	1.03582	1	0.73485	0.57283	13.70380	1.03582	1	-0.00745	-0.01148	0.67107	0.00309	1	0.05910	-0.01588	0.66178	0.00321	1	1.45898	0.81042	0	
1240610	8368.21387	3304481734183	0.58902	0.65696	8367.95996	0.25391	11014	1	0.59892	0.63610	1	0.57526	0.69332	1	0.58709	0.66471	1	0.47139	0.54852	12.16591	1.03582	1	0.73464	0.57286	14.07596	1.03582	1	-0.00745	-0.01148	0.67107	0.00310	1	0.05910	-0.01588	0.66178	0.00321	1	1.45898	0.81042	0	
1240611	8368.22070	3304481802707	0.58922	0.65679	8367.95996	0.26074	11014	1	0.62013	0.59905	1	0.57403	0.70073	1	0.59708	0.64989	1	0.47154	0.54834	11.89373	1.03582	1	0.73487	0.57286	14.32079	1.03582	1	-0.00745	-0.01148	0.67107	0.00318	1	0.05910	-0.01588	0.66178	0.00312	1	1.45898	0.81042	0	
1240612	8368.22754	3304481868306	0.58962	0.65631	8367.95996	0.26758	11014	1	0.63031	0.58418	1	0.58036	0.69009	1	0.60534	0.63713	1	0.47162	0.54829	12.12892	1.03582	1	0.73492	0.57278	13.60704	1.03582	1	-0.00745	-0.01148	0.67107	0.00332	1	0.05910	-0.01588	0.66178	0.00315	1	1.45898	0.81042	0	
1240613	8368.23438	3304481937189	0.58997	0.65604	8367.95996	0.27441	11014	1	0.63055	0.59281	1	0.57828	0.69765	1	0.60442	0.64523	1	0.47157	0.54843	11.86981	1.02068	1	0.73502	0.57256	12.94821	1.02068	1	-0.00711	-0.01106	0.64940	0.00326	1	0.05967	-0.01603	0.66590	0.00318	1	1.45898	0.81042	0	
1240614	8368.24023	3304482002271	0.58989	0.65704	8367.95996	0.28027	11014	1	0.62823	0.68509	1	0.54522	0.71245	1	0.58673	0.69877	1	0.47155	0.54890	12.22384	1.00554	1	0.73517	0.57277	13.27972	1.00554	1	-0.00711	-0.01106	0.64940	0.00310	1	0.05967	-0.01603	0.66590	0.00311	1	1.45898	0.81042	0	
1240615	8368.24805	3304482071875	0.58995	0.65760	8367.95996	0.28809	11014	1	0.63313	0.68647	1	0.55191	0.67728	1	0.59252	0.68187	1	0.47159	0.54885	12.41755	0.99039	1	0.73533	0.57236	13.24413	0.99039	1	-0.00711	-0.01106	0.64940	0.00311	1	0.05967	-0.01603	0.66590	0.00318	1	1.45898	0.81042	0	
1240616	8368.25488	3304482139178	0.59000	0.65823	8367.95996	0.29492	11014	1	0.63324	0.69043	1	0.55099	0.68155	1	0.59211	0.68599	1	0.47178	0.54868	12.75566	0.98238	1	0.73557	0.57259	13.08578	0.98238	1	-0.00722	-0.01125	0.66384	0.00318	1	0.05967	-0.01603	0.66590	0.00311	1	1.45898	0.81042	0	
1240617	8368.26074	3304482205822	0.59010	0.65793	8367.95996	0.30078	11014	1	0.63167	0.61761	1	0.55734	0.67077	1	0.59450	0.64419	1	0.47172	0.54831	12.59721	0.98950	1	0.73545	0.57238	13.24563	0.98950	1	-0.00722	-0.01125	0.66384	0.00311	1	0.05967	-0.01603	0.66590	0.00309	1	1.45898	0.81042	0	
1240618	8368.26758	3304482272669	0.59027	0.65830	8367.95996	0.30762	11014	1	0.64239	0.65579	1	0.55419	0.69469	1	0.59829	0.67524	1	0.47196	0.54858	11.95668	0.99663	1	0.73536	0.57259	12.77623	0.99663	1	-0.00722	-0.01125	0.66384	0.00310	1	0.05967	-0.01603	0.66590	0.00313	1	1.45898	0.81042	0	
1240619	8368.27441	3304482339617	0.59046	0.65849	8367.95996	0.31445	11014	1	0.64231	0.64790	1	0.55597	0.68692	1	0.59914	0.66741	1	0.47200	0.54857	12.34163	1.01177	1	0.73542	0.57273	12.93629	1.01177	1	-0.00733	-0.01151	0.67906	0.00313	1	0.05967	-0.01603	0.66590	0.00320	1	1.45898	0.81042	0	
1240620	8368.28125	3304482407860	0.59061	0.65899	8367.95996	0.32129	11014	1	0.63477	0.63915	1	0.56158	0.70907	1	0.59817	0.67411	1	0.47207	0.54840	12.22908	1.01979	1	0.73551	0.57281	13.29297	1.01979	1	-0.00733	-0.01151	0.67906	0.00315	1	0.05967	-0.01603	0.66590	0.00314	1	1.45898	0.81042	0	
1240621	8368.28809	3304482474259	0.59045	0.65933	8367.95996	0.32812	11014	1	0.62115	0.62385	1	0.54262	0.68626	1	0.58189	0.65506	1	0.47191	0.54867	12.63798	1.02780	1	0.73520	0.57290	13.37492	1.02780	1	-0.00733	-0.01151	0.67906	0.00305	1	0.05967	-0.01603	0.66590	0.00320	1	1.45898	0.81042	0	
1240622	8368.29492	3304482539966	0.59031	0.65959	8367.95996	0.33496	11014	1	0.62096	0.61955	1	0.54344	0.68221	1	0.58220	0.65088	1	0.47213	0.54855	12.05258	1.03582	1	0.73527	0.57294	13.32634	1.03582	1	-0.00733	-0.01151	0.67906	0.00308	1	0.05967	-0.01603	0.66590	0.00320	1	1.45898	0.81042	0	
1240623	8368.30176	3304482608111	0.59034	0.65963	8367.95996	0.34180	11014	1	0.64580	0.59025	1	0.56364	0.71455	1	0.60472	0.65240	1	0.47220	0.54826	12.16867	1.03582	1	0.73546	0.57302	13.62234	1.03582	1	-0.00733	-0.01151	0.67906	0.00297	1	0.05967	-0.01603	0.66590	0.00315	1	1.45898	0.81042	0	
1240624	8368.30762	3304482675468	0.59024	0.65947	8367.95996	0.34766	11014	1	0.60721	0.59564	1	0.54666	0.68398	1	0.57693	0.63981	1	0.47209	0.54842	12.24962	1.03582	1	0.73523	0.57296	13.33625	1.03582	1	-0.00733	-0.01151	0.67906	0.00293	1	0.05967	-0.01603	0.66590	0.00320	1	1.45898	0.81042	0	AUDIO_FILE_OFFSET
1240625	8368.31445	3304482741875	0.59011	0.65953	8367.95996	0.35449	11014	1	0.60750	0.60013	1	0.54509	0.69144	1	0.57630	0.64579	1	0.47223	0.54830	12.49842	1.02780	1	0.73543	0.57285	13.34246	1.02100	1	-0.00710	-0.01122	0.66186	0.00289	1	0.05687	-0.01527	0.63415	0.00310	1	1.45898	0.81042	0	
1240626	8368.32129	3304482808538	0.59058	0.65983	8367.95996	0.36133	11014	1	0.61599	0.59099	1	0.57612	0.70859	1	0.59606	0.64979	1	0.47227	0.54800	11.91587	1.01298	1	0.73584	0.57285	13.06547	1.00617	1	-0.00710	-0.01122	0.66186	0.00308	1	0.05687	-0.01527	0.63415	0.00304	1	1.45898	0.81042	0	
1240627	8368.32812	3304482875518	0.59063	0.66136	8367.95996	0.36816	11014	1	0.60456	0.67243	1	0.57947	0.74660	1	0.59202	0.70952	1	0.47211	0.54827	12.32545	0.99815	1	0.73587	0.57307	13.40659	0.99135	1	-0.00710	-0.01122	0.66186	0.00295	1	0.05687	-0.01527	0.63415	0.00303	1	1.45898	0.81042	0	
1240628	8368.33398	3304482938430	0.59068	0.66297	8367.95996	0.37402	11014	1	0.60515	0.67991	1	0.57942	0.74677	1	0.59229	0.71334	1	0.47208	0.54845	12.32137	0.98333	1	0.73610	0.57303	12.90116	0.99099	1	-0.00710	-0.01122	0.66186	0.00294	1	0.05910	-0.01584	0.65795	0.00309	1	1.45898	0.81042	0	STOP_TRIAL
1240780	8369.35254	3304493123788	0.44359	0.51057	8368.91797	0.43457	11016	1	0.45924	0.51978	1	0.42163	0.54550	1	0.44043	0.53264	1	0.46430	0.54595	11.43992	0.99815	1	0.72835	0.57002	12.85730	0.99135	1	-0.00839	-0.01084	0.65408	0.00367	1	0.05601	-0.01511	0.63735	0.00343	1	1.45898	0.81042	0	
1240781	8369.35938	3304493191046	0.44355	0.51134	8368.91797	0.44141	11016	1	0.46177	0.52962	1	0.42173	0.55077	1	0.44175	0.54020	1	0.46430	0.54595	11.43992	0.98333	1	0.72814	0.56983	12.47506	0.98333	1	-0.00854	-0.01108	0.66575	0.00368	1	0.05149	-0.01390	0.58652	0.00344	1	1.45898	0.81042	0	START_TRIAL
1240782	8369.36621	3304493257925	0.44363	0.51006	8368.91797	0.44824	11016	1	0.47794	0.51843	1	0.43099	0.42283	1	0.45446	0.47063	1	0.46414	0.54573	11.95990	0.98333	1	0.72844	0.56858	11.74490	0.99014	1	-0.00854	-0.01108	0.66575	0.00357	1	0.05149	-0.01390	0.58652	0.00388	1	1.45898	0.81042	0	
1240783	8369.37305	3304493325103	0.44359	0.51144	8368.91797	0.45508	11016	1	0.48295	0.55849	1	0.40820	0.57813	1	0.44557	0.56831	1	0.46430	0.54619	11.64842	0.99014	1	0.72814	0.56995	12.53148	0.99695	1	-0.00854	-0.01108	0.66575	0.00360	1	0.05149	-0.01390	0.58652	0.00353	1	1.45898	0.81042	0	
1240784	8369.37988	3304493391937	0.44355	0.51279	8368.91797	0.46191	11016	1	0.48071	0.54917	1	0.40761	0.56417	1	0.44416	0.55667	1	0.46408	0.54577	11.58781	1.00496	1	0.72848	0.56944	11.98710	1.01943	1	-0.00867	-0.01120	0.67246	0.00366	1	0.05978	-0.01615	0.68139	0.00342	1	1.45898	0.81042	0	
1240785	8369.38672	3304493458163	0.44406	0.51311	8368.91797	0.46875	11016	1	0.49766	0.46392	1	0.43530	0.55726	1	0.46648	0.51059	1	0.46427	0.54547	11.16527	1.02745	1	0.72858	0.56982	12.15574	1.03511	1	-0.00867	-0.01120	0.67246	0.00342	1	0.05978	-0.01615	0.68139	0.00358	1	1.45898	0.81042	0	
1240786	8369.39258	3304493522102	0.44427	0.51344	8368.91797	0.47461	11016	1	0.47855	0.46401	1	0.44054	0.51658	1	0.45955	0.49030	1	0.46393	0.54564	11.82635	1.04312	1	0.72862	0.56976	12.04449	1.05078	1	-0.00867	-0.01120	0.67246	0.00342	1	0.05978	-0.01615	0.68139	0.00349	1	1.45898	0.81042	0	
1240787	8369.39941	3304493592890	0.44446	0.51355	8368.91797	0.48145	11016	1	0.47627	0.45322	1	0.44063	0.50640	1	0.45845	0.47981	1	0.46389	0.54598	11.92913	1.05880	1	0.72812	0.56949	12.13128	1.06646	1	-0.00949	-0.01211	0.72750	0.00354	1	0.05978	-0.01615	0.68139	0.00355	1	1.45898	0.81042	0	
1240788	8369.40625	3304493660583	0.44411	0.51320	8368.91797	0.48828	11016	1	0.45090	0.50522	1	0.39883	0.51134	1	0.42487	0.50828	1	0.46355	0.54602	11.49691	1.06646	1	0.72810	0.56960	12.05711	1.06646	1	-0.00949	-0.01211	0.72750	0.00352	1	0.05978	-0.01615	0.68139	0.00360	1	1.45898	0.81042	0	
1240789	8369.41309	3304493726535	0.44408	0.51287	8368.91797	0.49512	11016	1	0.44732	0.50520	1	0.43076	0.51777	1	0.43904	0.51149	1	0.46351	0.54610	11.51819	1.06646	1	0.72815	0.56941	12.44326	1.06646	1	-0.00949	-0.01211	0.72750	0.00355	1	0.05978	-0.01615	0.68139	0.00348	1	1.45898	0.81042	0	
1240790	8369.41992	3304493793658	0.44405	0.51253	8368.91797	0.50195	11016	1	0.44732	0.50520	1	0.43076	0.51777	1	0.43904	0.51149	1	0.46345	0.54640	11.49563	1.06646	1	0.72777	0.56944	11.65707	1.06646	1	-0.00829	-0.01053	0.63521	0.00353	1	0.05978	-0.01615	0.68139	0.00348	1	1.45898	0.81042	0	
1240791	8369.42676	3304493861550	0.44411	0.51326	8368.91797	0.50879	11016	1	0.44878	0.50822	1	0.43230	0.55385	1	0.44054	0.53104	1	0.46352	0.54619	11.60091	1.06646	1	0.72783	0.56966	11.93905	1.06646	1	-0.00829	-0.01053	0.63521	0.00356	1	0.05978	-0.01615	0.68139	0.00341	1	1.45898	0.81042	0	
1240792	8369.43359	3304493929574	0.44396	0.51301	8368.91797	0.51562	11016	1	0.45634	0.46209	1	0.43326	0.52686	1	0.44480	0.49447	1	0.46360	0.54564	11.12797	1.06646	1	0.72777	0.56920	12.28860	1.06646	1	-0.00829	-0.01053	0.63521	0.00354	1	0.05978	-0.01615	0.68139	0.00331	1	1.45898	0.81042	0	
1240793	8369.44043	3304493995887	0.44381	0.51292	8368.91797	0.52246	11016	1	0.45634	0.46209	1	0.43328	0.53597	1	0.44481	0.49903	1	0.46365	0.54539	10.89185	1.06646	1	0.72761	0.56949	12.60779	1.05199	1	-0.00949	-0.01211	0.72750	0.00362	1	0.05626	-0.01523	0.64243	0.00328	1	1.45898	0.81042	0	
1240794	8369.44629	3304494062456	0.44366	0.51299	8368.91797	0.52832	11016	1	0.45708	0.48709	1	0.41537	0.53988	1	0.43622	0.51348	1	0.46367	0.54596	11.00194	1.05199	1	0.72752	0.56951	12.64678	1.03752	1	-0.00949	-0.01211	0.72750	0.00358	1	0.05626	-0.01523	0.64243	0.00332	1	1.45898	0.81042	0	
1240795	8369.45312	3304494129274	0.44348	0.51468	8368.91797	0.53516	11016	1	0.44796	0.50737	1	0.41435	0.57603	1	0.43115	0.54170	1	0.46350	0.54596	11.41004	1.03752	1	0.72743	0.56960	12.62270	1.02306	1	-0.00949	-0.01211	0.72750	0.00369	1	0.05626	-0.01523	0.64243	0.00336	1	1.45898	0.81042	0	
1240796	8369.45996	3304494195366	0.44333	0.51635	8368.91797	0.54199	11016	1	0.44889	0.51088	1	0.41417	0.57050	1	0.43153	0.54069	1	0.46364	0.54572	11.09411	1.03214	1	0.72730	0.56928	12.73397	1.03214	1	-0.00911	-0.01156	0.69422	0.00365	1	0.05951	-0.01613	0.68064	0.00343	1	1.45898	0.81042	0	
1240797	8369.46680	3304494262557	0.44359	0.51583	8368.91797	0.54883	11016	1	0.48029	0.46463	1	0.40918	0.51839	1	0.44474	0.49151	1	0.46356	0.54568	11.08505	1.04123	1	0.72740	0.56931	12.76372	1.05569	1	-0.00911	-0.01156	0.69422	0.00358	1	0.05951	-0.01613	0.68064	0.00339	1	1.45898	0.81042	0	
1240798	8369.47363	3304494328251	0.44377	0.51384	8368.91797	0.55566	11016	1	0.47177	0.41246	1	0.41476	0.50488	1	0.44327	0.45867	1	0.46354	0.54537	11.19915	1.06478	1	0.72752	0.56940	12.63938	1.07925	1	-0.00911	-0.01156	0.69422	0.00371	1	0.05951	-0.01613	0.68064	0.00336	1	1.45898	0.81042	0	
1240799	8369.48047	3304494396410	0.44389	0.51155	8368.91797	0.56250	11016	1	0.46963	0.40199	1	0.41450	0.49559	1	0.44207	0.44879	1	0.46328	0.54546	11.36481	1.07925	1	0.72724	0.56950	12.61131	1.09371	1	-0.00902	-0.01138	0.68331	0.00353	1	0.05951	-0.01613	0.68064	0.00338	1	1.45898	0.81042	0	
1240800	8369.48730	3304494463970	0.44413	0.51029	8368.91797	0.56934	11016	1	0.48684	0.45892	1	0.40497	0.51123	1	0.44591	0.48508	1	0.46344	0.54597	11.09414	1.08463	1	0.72721	0.56928	12.25743	1.08463	1	-0.00902	-0.01138	0.68331	0.00327	1	0.05951	-0.01613	0.68064	0.00348	1	1.45898	0.81042	0	
1240801	8369.49316	3304494531058	0.44461	0.50911	8368.91797	0.57520	11016	1	0.45126	0.43914	1	0.46458	0.51227	1	0.45792	0.47571	1	0.46286	0.54569	10.74812	1.07554	1	0.72747	0.56931	11.81157	1.07554	1	-0.00902	-0.01138	0.68331	0.00353	1	0.05951	-0.01613	0.68064	0.00335	1	1.45898	0.81042	0	
1240802	8369.50000	3304494597485	0.44511	0.50812	8368.91797	0.58203	11016	1	0.45126	0.43914	1	0.46458	0.51227	1	0.45792	0.47571	1	0.46145	0.54688	11.70594	1.07554	1	0.72567	0.56905	12.12686	1.07554	1	-0.00959	-0.01177	0.70679	0.00373	1	0.05928	-0.01602	0.68035	0.00352	1	1.45898	0.81042	0	
1240803	8369.50684	3304494664597	0.44437	0.50886	8368.91797	0.58887	11016	1	0.39560	0.59084	1	0.40844	0.49527	1	0.40202	0.54305	1	0.46066	0.54730	11.74254	1.08463	1	0.72543	0.56903	12.17336	1.08463	1	-0.00959	-0.01177	0.70679	0.00372	1	0.05928	-0.01602	0.68035	0.00352	1	1.45898	0.81042	0	
1240804	8369.51367	3304494728784	0.44443	0.50838	8368.91797	0.59570	11016	1	0.43285	0.54578	1	0.46671	0.42874	1	0.44978	0.48726	1	0.46064	0.54635	11.36445	1.09371	1	0.72556	0.56845	11.81977	1.09371	1	-0.00959	-0.01177	0.70679	0.00343	1	0.05928	-0.01602	0.68035	0.00350	1	1.45898	0.81042	0	
1240805	8369.52051	3304494799330	0.44450	0.50800	8368.91797	0.60254	11016	1	0.43428	0.55045	1	0.46648	0.43440	1	0.45038	0.49242	1	0.45761	0.54368	10.56209	1.08570	1	0.72250	0.56868	12.15950	1.08570	1	-0.00942	-0.01096	0.66454	0.00226	1	0.05804	-0.01575	0.67304	0.00366	1	1.45898	0.81042	0	
1240806	8369.52734	3304494865659	0.44087	0.50658	8368.91797	0.60938	11016	1	0.27119	0.32677	1	0.29208	0.46064	1	0.28163	0.39370	1	0.45744	0.54364	10.76266	1.06860	1	0.72189	0.56831	12.20903	1.06860	1	-0.00942	-0.01096	0.66454	0.00239	1	0.05804	-0.01575	0.67304	0.00373	1	1.45898	0.81042	0	
1240807	8369.53418	3304494932572	0.41775	0.47332	8368.91797	0.60938	11016	0	0.29782	0.35026	1	0.31377	0.42419	1	0.30579	0.38722	1	0.45742	0.54361	10.91234	1.05149	1	0.72185	0.56818	12.30093	1.05149	1	-0.00942	-0.01096	0.66454	0.00236	1	0.05804	-0.01575	0.67304	0.00385	1	1.45898	0.81042	0	
1240808	8369.54004	3304494999404	0.36350	0.43681	8368.91797	0.60938	11016	0	0.30282	0.36397	1	0.31567	0.43664	1	0.30924	0.40030	1	0.45720	0.54361	10.82997	1.03439	1	0.72175	0.56830	11.44897	1.03439	1	-0.00947	-0.01091	0.66126	0.00239	1	0.05894	-0.01605	0.68358	0.00360	1	1.45898	0.81042	0	
1240809	8369.54688	3304495066509	0.33280	0.43271	8368.91797	0.60938	11016	0	0.24826	0.38230	1	0.29457	0.46671	1	0.27141	0.42450	1	0.45708	0.54364	10.78938	1.03439	1	0.72187	0.56860	11.79034	1.03439	1	-0.00947	-0.01091	0.66126	0.00240	1	0.05894	-0.01605	0.68358	0.00365	1	1.45898	0.81042	0	
1240810	8369.55371	3304495133540	0.28989	0.41211	8368.91797	0.60938	11016	0	0.28455	0.36072	1	0.29347	0.46231	1	0.28901	0.41152	1	0.45723	0.54372	11.04142	1.03439	1	0.72178	0.56850	11.59882	1.03439	1	-0.00947	-0.01091	0.66126	0.00245	1	0.05894	-0.01605	0.68358	0.00368	1	1.45898	0.81042	0	
1240811	8369.56055	3304495200538	0.28945	0.41181	8368.91797	0.60938	11016	0	0.28455	0.36072	1	0.29347	0.46231	1	0.28901	0.41152	1	0.45712	0.54365	10.81643	1.03439	1	0.72183	0.56847	11.55957	1.03439	1	-0.00947	-0.01091	0.66126	0.00238	1	0.05894	-0.01605	0.68358	0.00368	1	1.45898	0.81042	0	
1240812	8369.56738	3304495267527	0.29161	0.40926	8368.91797	0.60938	11016	0	0.27636	0.37719	1	0.31552	0.43112	1	0.29594	0.40416	1	0.45704	0.54370	10.92145	1.03439	1	0.72185	0.56817	11.37397	1.03439	1	-0.00947	-0.01091	0.66126	0.00232	1	0.05894	-0.01605	0.68358	0.00382	1	1.45898	0.81042	0	
1240813	8369.57422	3304495334698	0.29157	0.40945	8369.55371	0.02051	11017	1	0.26981	0.38198	1	0.31306	0.43804	1	0.29144	0.41001	1	0.45708	0.54364	10.78938	1.03439	1	0.72174	0.56833	11.54073	1.03439	1	-0.00947	-0.01091	0.66126	0.00240	1	0.05894	-0.01605	0.68358	0.00363	1	1.45898	0.81042	0	
1240814	8369.58105	3304495401485	0.29154	0.40956	8369.55371	0.02734	11017	1	0.26981	0.38198	1	0.31306	0.43804	1	0.29144	0.41001	1	0.45697	0.54372	10.75886	1.03439	1	0.72167	0.56873	12.16253	1.03439	1	-0.00947	-0.01091	0.66126	0.00233	1	0.05804	-0.01575	0.67304	0.00364	1	1.45898	0.81042	0	
1240815	8369.58691	3304495468484	0.29116	0.41022	8369.55371	0.03320	11017	1	0.27488	0.33473	1	0.30362	0.49234	1	0.28925	0.41353	1	0.45697	0.54372	10.75886	1.03439	1	0.72165	0.56878	12.10195	1.03439	1	-0.00947	-0.01091	0.66126	0.00233	1	0.05804	-0.01575	0.67304	0.00365	1	1.45898	0.81042	0	
1240816	8369.59375	3304495532578	0.28852	0.41239	8369.55371	0.04004	11017	1	0.26846	0.36817	1	0.27689	0.48266	1	0.27267	0.42541	1	0.45707	0.54361	10.80759	1.03439	1	0.72165	0.56866	12.08226	1.03439	1	-0.00947	-0.01091	0.66126	0.00224	1	0.05804	-0.01575	0.67304	0.00368	1	1.45898	0.81042	0	
1240817	8369.60059	3304495601178	0.28654	0.41402	8369.55371	0.04688	11017	1	0.26846	0.36817	1	0.27689	0.48266	1	0.27267	0.42541	1	0.45697	0.54372	10.75886	1.03439	1	0.72169	0.56883	12.22785	1.03439	1	-0.00951	-0.01101	0.66413	0.00233	1	0.05804	-0.01575	0.67304	0.00360	1	1.45898	0.81042	0	
1240818	8369.60742	3304495665987	0.28513	0.41215	8369.55371	0.05371	11017	1	0.26217	0.31656	1	0.28557	0.47789	1	0.27387	0.39722	1	0.45694	0.54370	10.89224	1.03439	1	0.72167	0.56874	12.13782	1.03439	1	-0.00951	-0.01101	0.66413	0.00231	1	0.05804	-0.01575	0.67304	0.00366	1	1.45898	0.81042	0	
1240819	8369.61426	3304495734686	0.28343	0.41607	8369.55371	0.06055	11017	1	0.26113	0.36093	1	0.27504	0.54166	1	0.26809	0.45130	1	0.45688	0.54366	10.59363	1.03439	1	0.72167	0.56941	12.37981	1.03439	1	-0.00951	-0.01101	0.66413	0.00238	1	0.05804	-0.01575	0.67304	0.00361	1	1.45898	0.81042	0	
1240820	8369.62109	3304495801354	0.28203	0.41927	8369.55371	0.06738	11017	1	0.26113	0.36093	1	0.27504	0.54166	1	0.26809	0.45130	1	0.45695	0.54372	10.85864	1.03439	1	0.72194	0.56868	11.83150	1.03439	1	-0.00951	-0.01101	0.66413	0.00233	1	0.05894	-0.01605	0.68358	0.00356	1	1.45898	0.81042	0	
1240821	8369.62695	3304495866760	0.28138	0.41917	8369.55371	0.07324	11017	1	0.26715	0.31513	1	0.28128	0.52101	1	0.27422	0.41807	1	0.45695	0.54371	10.75850	1.03439	1	0.72168	0.56915	12.43658	1.03439	1	-0.00951	-0.01101	0.66413	0.00229	1	0.05894	-0.01605	0.68358	0.00363	1	1.45898	0.81042	0	
1240822	8369.63379	3304495937284	0.28042	0.41836	8369.55371	0.08008	11017	1	0.26231	0.31905	1	0.27554	0.49820	1	0.26892	0.40863	1	0.45696	0.54368	10.91124	1.03439	1	0.72166	0.56906	12.32339	1.03439	1	-0.00951	-0.01101	0.66413	0.00230	1	0.05894	-0.01605	0.68358	0.00369	1	1.45898	0.81042	0	
1240823	8369.64062	3304496001161	0.27960	0.41766	8369.55371	0.08691	11017	1	0.26231	0.31905	1	0.27554	0.49820	1	0.26892	0.40863	1	0.45697	0.54374	10.89065	1.03439	1	0.72168	0.56914	11.98006	1.03439	1	-0.00951	-0.01101	0.66413	0.00232	1	0.05804	-0.01575	0.67304	0.00371	1	1.45898	0.81042	0	
1240824	8369.64648	3304496064779	0.27991	0.41758	8369.55371	0.09277	11017	1	0.27441	0.33129	1	0.29415	0.50147	1	0.28428	0.41638	1	0.45703	0.54373	10.89808	1.03439	1	0.72191	0.56900	11.72194	1.03439	1	-0.00951	-0.01101	0.66413	0.00233	1	0.05804	-0.01575	0.67304	0.00362	1	1.45898	0.81042	0	
1240825	8369.65430	3304496137116	0.27947	0.41834	8369.55371	0.10059	11017	1	0.26559	0.32614	1	0.28013	0.53342	1	0.27286	0.42978	1	0.45700	0.54380	10.51032	1.03439	1	0.72166	0.56929	12.14141	1.03439	1	-0.00951	-0.01101	0.66413	0.00234	1	0.05804	-0.01575	0.67304	0.00366	1	1.45898	0.81042	0	
1240826	8369.66113	3304496205489	0.27908	0.41901	8369.55371	0.10742	11017	1	0.26559	0.32614	1	0.28013	0.53342	1	0.27286	0.42978	1	0.45712	0.54375	10.45245	1.03439	1	0.72178	0.56909	12.16709	1.03439	1	-0.00951	-0.01101	0.66413	0.00229	1	0.05894	-0.01605	0.68358	0.00367	1	1.45898	0.81042	0	
1240827	8369.66797	3304496272737	0.27799	0.41828	8369.55371	0.11426	11017	1	0.24692	0.32951	1	0.27186	0.48203	1	0.25939	0.40577	1	0.45705	0.54373	10.60748	1.03439	1	0.72188	0.56873	11.79077	1.03439	1	-0.00951	-0.01101	0.66413	0.00240	1	0.05894	-0.01605	0.68358	0.00358	1	1.45898	0.81042	0	
1240828	8369.67480	3304496339090	0.27684	0.41832	8369.55371	0.12109	11017	1	0.24941	0.34622	1	0.26288	0.49198	1	0.25615	0.41910	1	0.45706	0.54390	10.42903	1.03439	1	0.72182	0.56901	11.94504	1.03439	1	-0.00951	-0.01101	0.66413	0.00227	1	0.05894	-0.01605	0.68358	0.00361	1	1.45898	0.81042	0	
1240829	8369.68066	3304496406130	0.27571	0.41806	8369.55371	0.12695	11017	1	0.24672	0.33963	1	0.26159	0.48659	1	0.25415	0.41311	1	0.45719	0.54383	10.42601	1.04241	1	0.72184	0.56848	11.77845	1.04241	1	-0.00929	-0.01081	0.65206	0.00228	1	0.05894	-0.01605	0.68358	0.00386	1	1.45898	0.81042	0	
1240830	8369.68750	3304496472961	0.27501	0.41805	8369.55371	0.13379	11017	1	0.24810	0.33310	1	0.27410	0.50275	1	0.26110	0.41793	1	0.45721	0.54376	10.40611	1.05042	1	0.72203	0.56912	12.32102	1.05042	1	-0.00929	-0.01081	0.65206	0.00227	1	0.05894	-0.01605	0.68358	0.00360	1	1.45898	0.81042	0	
1240831	8369.69434	3304496540658	0.27493	0.41650	8369.55371	0.14062	11017	1	0.25843	0.31840	1	0.28795	0.44934	1	0.27319	0.38387	1	0.45725	0.54376	10.45702	1.05844	1	0.72224	0.56866	11.60397	1.05844	1	-0.00929	-0.01081	0.65206	0.00230	1	0.05894	-0.01605	0.68358	0.00368	1	1.45898	0.81042	0	
1240832	8369.70117	3304496607179	0.27485	0.41508	8369.55371	0.14746	11017	1	0.25843	0.31840	1	0.28795	0.44934	1	0.27319	0.38387	1	0.45752	0.54383	10.58264	1.05844	1	0.72262	0.56874	11.15175	1.05844	1	-0.00934	-0.01093	0.65927	0.00246	1	0.05859	-0.01598	0.67835	0.00376	1	1.45898	0.81042	0	
1240833	8369.70801	3304496673788	0.27515	0.41493	8369.55371	0.15430	11017	1	0.27606	0.32211	1	0.28786	0.50075	1	0.28196	0.41143	1	0.45761	0.54379	10.62791	1.05042	1	0.72225	0.56901	12.10889	1.05042	1	-0.00934	-0.01093	0.65927	0.00227	1	0.05859	-0.01598	0.67835	0.00367	1	1.45898	0.81042	0	
1240834	8369.71484	3304496741645	0.27559	0.41440	8369.55371	0.16113	11017	1	0.25894	0.34803	1	0.31340	0.45527	1	0.28617	0.40165	1	0.45767	0.54389	10.57697	1.04241	1	0.72260	0.56861	11.11025	1.04241	1	-0.00934	-0.01093	0.65927	0.00237	1	0.05859	-0.01598	0.67835	0.00387	1	1.45898	0.81042	0	
1240835	8369.72168	3304496808234	0.27606	0.41414	8369.55371	0.16797	11017	1	0.26156	0.35455	1	0.31430	0.46092	1	0.28793	0.40773	1	0.45762	0.54390	10.70357	1.03439	1	0.72275	0.56875	11.19649	1.03439	1	-0.00917	-0.01084	0.65375	0.00225	1	0.05841	-0.01590	0.67505	0.00359	1	1.45898	0.81042	0	
1240836	8369.72754	3304496874953	0.27617	0.41480	8369.55371	0.17383	11017	1	0.27761	0.33705	1	0.28023	0.52650	1	0.27892	0.43177	1	0.45783	0.54391	10.57657	1.03439	1	0.72248	0.56913	11.83724	1.03439	1	-0.00917	-0.01084	0.65375	0.00226	1	0.05841	-0.01590	0.67505	0.00356	1	1.45898	0.81042	0	
1240837	8369.73438	3304496942027	0.27624	0.41478	8369.55371	0.18066	11017	1	0.26870	0.32438	1	0.28733	0.50428	1	0.27802	0.41433	1	0.45785	0.54381	10.14209	1.03439	1	0.72257	0.56903	11.50446	1.03439	1	-0.00917	-0.01084	0.65375	0.00225	1	0.05841	-0.01590	0.67505	0.00358	1	1.45898	0.81042	0	
1240838	8369.74121	3304497008859	0.27623	0.41456	8369.55371	0.18750	11017	1	0.26614	0.31763	1	0.28622	0.49898	1	0.27618	0.40830	1	0.45836	0.54421	9.94222	1.04241	1	0.72280	0.56932	11.94020	1.04241	1	-0.00938	-0.01120	0.67278	0.00227	1	0.05945	-0.01623	0.68700	0.00333	1	1.45898	0.81042	0	
1240839	8369.74805	3304497076096	0.27551	0.41450	8369.55371	0.19434	11017	1	0.24293	0.29906	1	0.26596	0.52670	1	0.25444	0.41288	1	0.45856	0.54445	9.28840	1.05042	1	0.72264	0.57036	12.42671	1.05042	1	-0.00938	-0.01120	0.67278	0.00230	1	0.05945	-0.01623	0.68700	0.00363	1	1.45898	0.81042	0	
1240840	8369.75488	3304497143050	0.27328	0.41280	8369.55371	0.20117	11017	1	0.19322	0.24656	1	0.21943	0.47696	1	0.20633	0.36176	1	0.45857	0.54441	9.04932	1.05844	1	0.72263	0.57089	12.54072	1.05844	1	-0.00938	-0.01120	0.67278	0.00209	1	0.05945	-0.01623	0.68700	0.00424	1	1.45898	0.81042	0	
1240841	8369.76172	3304497210201	0.27111	0.41101	8369.55371	0.20801	11017	1	0.19028	0.23932	1	0.21784	0.47161	1	0.20406	0.35546	1	0.46226	0.54930	11.15045	1.06646	1	0.72544	0.57202	11.59797	1.06646	1	-0.00902	-0.01163	0.68330	0.00311	1	0.05852	-0.01627	0.67164	0.00311	1	1.45898	0.81042	0	
1240842	8369.76855	3304497277936	0.27489	0.41727	8369.55371	0.21484	11017	1	0.41860	0.65170	1	0.37269	0.58349	1	0.39564	0.61760	1	0.46298	0.54978	11.33583	1.06646	1	0.72607	0.57244	11.46492	1.06646	1	-0.00902	-0.01163	0.68330	0.00314	1	0.05852	-0.01627	0.67164	0.00323	1	1.45898	0.81042	0	
1240843	8369.77539	3304497344635	0.27726	0.42306	8369.55371	0.22168	11017	1	0.37708	0.68552	1	0.33393	0.54279	1	0.35550	0.61415	1	0.46277	0.55020	10.84503	1.06646	1	0.72619	0.57257	11.58532	1.06646	1	-0.00902	-0.01163	0.68330	0.00343	1	0.05852	-0.01627	0.67164	0.00328	1	1.45898	0.81042	0	
1240844	8369.78125	3304497411490	0.28850	0.45463	8369.55371	0.22168	11017	0	0.37896	0.68926	1	0.33466	0.54767	1	0.35681	0.61847	1	0.46370	0.54984	10.58948	1.05844	1	0.72696	0.57343	11.83288	1.05844	1	-0.00839	-0.01128	0.65409	0.00322	1	0.06011	-0.01673	0.68633	0.00315	1	1.45898	0.81042	0	
1240845	8369.78809	3304497478567	0.34333	0.55027	8369.55371	0.22168	11017	0	0.43836	0.69491	1	0.35797	0.59691	1	0.39816	0.64591	1	0.46362	0.55030	10.44501	1.05042	1	0.72659	0.57303	11.34767	1.05042	1	-0.00839	-0.01128	0.65409	0.00300	1	0.06011	-0.01673	0.68633	0.00322	1	1.45898	0.81042	0	
1240846	8369.79492	3304497544708	0.36194	0.59199	8369.55371	0.22168	11017	0	0.43330	0.72952	1	0.36501	0.62133	1	0.39915	0.67542	1	0.46361	0.55041	10.63175	1.04241	1	0.72665	0.57328	11.66082	1.04241	1	-0.00839	-0.01128	0.65409	0.00297	1	0.06011	-0.01673	0.68633	0.00304	1	1.45898	0.81042	0	
1240847	8369.80176	3304497608865	0.39917	0.66690	8369.55371	0.22168	11017	0	0.43483	0.73299	1	0.36553	0.62574	1	0.40018	0.67937	1	0.46406	0.55024	9.89561	1.03439	1	0.72684	0.57358	11.72988	1.03439	1	-0.00839	-0.01128	0.65409	0.00298	1	0.06011	-0.01673	0.68633	0.00301	1	1.45898	0.81042	0	
1240848	8369.80859	3304497676893	0.40969	0.66743	8369.55371	0.22168	11017	0	0.46410	0.69389	1	0.37633	0.64202	1	0.42021	0.66795	1	0.46391	0.55020	10.97094	1.03439	1	0.72675	0.57333	11.34770	1.03439	1	-0.00839	-0.01128	0.65409	0.00290	1	0.06011	-0.01673	0.68633	0.00314	1	1.45898	0.81042	0	
1240849	8369.81445	3304497742308	0.40866	0.67482	8369.55371	0.22168	11017	0	0.45024	0.72709	1	0.36298	0.65212	1	0.40661	0.68960	1	0.46377	0.55021	10.96991	1.03439	1	0.72676	0.57368	11.52340	1.03439	1	-0.00839	-0.01128	0.65409	0.00292	1	0.06011	-0.01673	0.68633	0.00300	1	1.45898	0.81042	0	
1240850	8369.82227	3304497813053	0.40821	0.67902	8369.80176	0.02051	11018	1	0.45024	0.72709	1	0.36350	0.65615	1	0.40687	0.69162	1	0.46358	0.54987	10.77110	1.03439	1	0.72694	0.57358	11.87449	1.02673	1	-0.00839	-0.01128	0.65409	0.00308	1	0.05828	-0.01621	0.66487	0.00299	1	1.45898	0.81042	0	
1240851	8369.82812	3304497880198	0.41101	0.67776	8369.80176	0.02637	11018	1	0.44987	0.68087	1	0.39448	0.66458	1	0.42217	0.67272	1	0.46368	0.54986	10.60400	1.02673	1	0.72721	0.57354	12.42224	1.01907	1	-0.00839	-0.01128	0.65409	0.00315	1	0.05828	-0.01621	0.66487	0.00293	1	1.45898	0.81042	0	
1240852	8369.83496	3304497946668	0.41199	0.67196	8369.80176	0.03320	11018	1	0.44739	0.63541	1	0.38646	0.65055	1	0.41692	0.64298	1	0.46370	0.54983	10.58413	1.01907	1	0.72696	0.57337	11.77511	1.01141	1	-0.00839	-0.01128	0.65409	0.00308	1	0.05828	-0.01621	0.66487	0.00306	1	1.45898	0.81042	0	
1240853	8369.84180	3304498012932	0.41282	0.66841	8369.80176	0.04004	11018	1	0.44877	0.63952	1	0.38682	0.65469	1	0.41779	0.64710	1	0.46375	0.54990	10.43862	1.01141	1	0.72696	0.57335	11.73773	1.00375	1	-0.00839	-0.01133	0.65409	0.00306	1	0.05828	-0.01621	0.66487	0.00299	1	1.45898	0.81042	0	
1240854	8369.84863	3304498080531	0.41521	0.66746	8369.80176	0.04688	11018	1	0.45648	0.65025	1	0.40730	0.67128	1	0.43189	0.66077	1	0.46380	0.54992	10.80347	1.00375	1	0.72741	0.57364	12.08768	1.00375	1	-0.00839	-0.01133	0.65409	0.00302	1	0.05828	-0.01621	0.66487	0.00298	1	1.45898	0.81042	0	
1240855	8369.85547	3304498147842	0.41721	0.66924	8369.80176	0.05371	11018	1	0.46934	0.69143	1	0.39709	0.67551	1	0.43322	0.68347	1	0.46387	0.55000	10.71368	1.00375	1	0.72715	0.57370	11.83291	1.00375	1	-0.00839	-0.01133	0.65409	0.00303	1	0.05828	-0.01621	0.66487	0.00296	1	1.45898	0.81042	0	
1240856	8369.86230	3304498214890	0.41881	0.67066	8369.80176	0.06055	11018	1	0.46934	0.69143	1	0.39709	0.67551	1	0.43322	0.68347	1	0.46378	0.55009	10.68102	1.00375	1	0.72740	0.57373	12.21933	1.00375	1	-0.00839	-0.01128	0.65409	0.00295	1	0.05739	-0.01601	0.65478	0.00302	1	1.45898	0.81042	0	
1240857	8369.86914	3304498281697	0.41994	0.67193	8369.80176	0.06738	11018	1	0.46056	0.68484	1	0.40197	0.68434	1	0.43127	0.68459	1	0.46385	0.55026	10.75963	1.00375	1	0.72728	0.57368	11.93313	1.00375	1	-0.00839	-0.01128	0.65409	0.00297	1	0.05739	-0.01601	0.65478	0.00302	1	1.45898	0.81042	0	
1240858	8369.87500	3304498348179	0.42130	0.67249	8369.80176	0.07324	11018	1	0.46009	0.67432	1	0.41242	0.68300	1	0.43626	0.67866	1	0.46388	0.55018	10.49770	1.00375	1	0.72743	0.57369	12.08109	1.00375	1	-0.00839	-0.01128	0.65409	0.00303	1	0.05739	-0.01601	0.65478	0.00305	1	1.45898	0.81042	0	
1240859	8369.88184	3304498415526	0.42245	0.67296	8369.80176	0.08008	11018	1	0.46009	0.67432	1	0.41242	0.68300	1	0.43626	0.67866	1	0.46379	0.54973	10.47626	1.00375	1	0.72769	0.57345	11.69071	1.00375	1	-0.00839	-0.01133	0.65409	0.00311	1	0.05828	-0.01621	0.66487	0.00313	1	1.45898	0.81042	0	
1240860	8369.88867	3304498480996	0.42294	0.67226	8369.80176	0.08691	11018	1	0.43734	0.68228	1	0.42115	0.64400	1	0.42924	0.66314	1	0.46356	0.55022	10.59937	1.00375	1	0.72759	0.57334	12.14574	1.00375	1	-0.00839	-0.01133	0.65409	0.00302	1	0.05828	-0.01621	0.66487	0.00311	1	1.45898	0.81042	0	
1240861	8369.89551	3304498549600	0.42349	0.67176	8369.80176	0.09375	11018	1	0.44497	0.66857	1	0.41753	0.66082	1	0.43125	0.66469	1	0.46359	0.55021	10.96814	1.00375	1	0.72752	0.57342	12.39171	1.00375	1	-0.00839	-0.01133	0.65409	0.00298	1	0.05828	-0.01621	0.66487	0.00307	1	1.45898	0.81042	0	
1240862	8369.90234	3304498616728	0.42397	0.67131	8369.80176	0.10059	11018	1	0.44497	0.66857	1	0.41753	0.66082	1	0.43125	0.66469	1	0.46369	0.55025	10.51601	1.00375	1	0.72766	0.57327	11.39629	1.00375	1	-0.00839	-0.01133	0.65409	0.00317	1	0.05828	-0.01621	0.66487	0.00320	1	1.45898	0.81042	0	
1240863	8369.90918	3304498683604	0.42463	0.67103	8369.80176	0.10742	11018	1	0.45102	0.67989	1	0.41930	0.65294	1	0.43516	0.66641	1	0.46371	0.55020	10.85963	1.00375	1	0.72762	0.57325	11.40272	1.00375	1	-0.00839	-0.01133	0.65409	0.00316	1	0.05828	-0.01621	0.66487	0.00320	1	1.45898	0.81042	0	
1240864	8369.91602	3304498751151	0.42459	0.67107	8369.80176	0.11426	11018	1	0.44869	0.69249	1	0.39889	0.65123	1	0.42379	0.67186	1	0.46400	0.55035	10.07725	1.00375	1	0.72763	0.57334	11.47414	1.00375	1	-0.00839	-0.01133	0.65409	0.00320	1	0.05828	-0.01621	0.66487	0.00310	1	1.45898	0.81042	0	
1240865	8369.92188	3304498817470	0.42454	0.67111	8369.80176	0.12012	11018	1	0.44869	0.69249	1	0.39889	0.65123	1	0.42379	0.67186	1	0.46397	0.55046	10.57467	1.00375	1	0.72756	0.57331	11.31448	1.00375	1	-0.00839	-0.01128	0.65409	0.00312	1	0.05828	-0.01621	0.66487	0.00311	1	1.45898	0.81042	0	
1240866	8369.92871	3304498884585	0.42386	0.67073	8369.80176	0.12695	11018	1	0.42586	0.69295	1	0.39572	0.63407	1	0.41079	0.66351	1	0.46363	0.55047	10.98373	1.00375	1	0.72724	0.57307	11.79506	1.00375	1	-0.00839	-0.01128	0.65409	0.00332	1	0.05828	-0.01621	0.66487	0.00326	1	1.45898	0.81042	0	
1240867	8369.93555	3304498950540	0.42359	0.67170	8369.80176	0.13379	11018	1	0.42735	0.70217	1	0.40921	0.68001	1	0.41828	0.69109	1	0.46369	0.55052	11.23298	1.00375	1	0.72745	0.57352	12.35482	1.00375	1	-0.00839	-0.01128	0.65409	0.00325	1	0.05828	-0.01621	0.66487	0.00306	1	1.45898	0.81042	0	
1240868	8369.94238	3304499019014	0.42331	0.67240	8369.80176	0.14062	11018	1	0.42573	0.69834	1	0.40901	0.67587	1	0.41737	0.68710	1	0.46362	0.55104	11.20878	1.01177	1	0.72698	0.57373	11.87138	1.01177	1	-0.00890	-0.01195	0.68999	0.00299	1	0.05739	-0.01601	0.65478	0.00295	1	1.45898	0.81042	0	
1240869	8369.94922	3304499084346	0.42337	0.67379	8369.80176	0.14746	11018	1	0.45222	0.71331	1	0.39734	0.69539	1	0.42478	0.70435	1	0.46370	0.55071	11.07717	1.01979	1	0.72723	0.57383	12.14810	1.01979	1	-0.00890	-0.01195	0.68999	0.00294	1	0.05739	-0.01601	0.65478	0.00304	1	1.45898	0.81042	0	
1240870	8369.95605	3304499151965	0.42332	0.67411	8369.80176	0.15430	11018	1	0.44428	0.69178	1	0.40011	0.67115	1	0.42220	0.68147	1	0.46361	0.55073	10.93204	1.02780	1	0.72725	0.57381	12.22240	1.02780	1	-0.00890	-0.01195	0.68999	0.00291	1	0.05739	-0.01601	0.65478	0.00299	1	1.45898	0.81042	0	
1240871	8369.96191	3304499217244	0.42324	0.67425	8369.80176	0.16016	11018	1	0.44282	0.68796	1	0.39985	0.66705	1	0.42133	0.67750	1	0.46364	0.55067	10.76970	1.03582	1	0.72739	0.57381	12.33428	1.03582	1	-0.00883	-0.01180	0.68428	0.00295	1	0.05828	-0.01631	0.66487	0.00300	1	1.45898	0.81042	0	
1240872	8369.96875	3304499287074	0.42329	0.67497	8369.80176	0.16699	11018	1	0.45706	0.69490	1	0.39199	0.69090	1	0.42452	0.69290	1	0.46379	0.55062	10.93450	1.03582	1	0.72720	0.57384	12.31808	1.03582	1	-0.00883	-0.01180	0.68428	0.00299	1	0.05828	-0.01631	0.66487	0.00301	1	1.45898	0.81042	0	
1240873	8369.97559	3304499352947	0.42344	0.67483	8369.80176	0.17383	11018	1	0.45166	0.68923	1	0.40274	0.65327	1	0.42720	0.67125	1	0.46392	0.55057	10.29224	1.03582	1	0.72727	0.57342	12.19577	1.03582	1	-0.00883	-0.01180	0.68428	0.00305	1	0.05828	-0.01631	0.66487	0.00318	1	1.45898	0.81042	0	
1240874	8369.98242	3304499420318	0.42357	0.67470	8369.80176	0.18066	11018	1	0.45166	0.68923	1	0.40274	0.65327	1	0.42720	0.67125	1	0.46383	0.55045	11.18793	1.03582	1	0.72737	0.57374	12.32384	1.03582	1	-0.00883	-0.01180	0.68428	0.00291	1	0.05739	-0.01601	0.65478	0.00306	1	1.45898	0.81042	0	
1240875	8369.98926	3304499487453	0.42364	0.67494	8369.80176	0.18750	11018	1	0.44214	0.68581	1	0.40902	0.67756	1	0.42558	0.68169	1	0.46365	0.55063	10.92333	1.03582	1	0.72737	0.57376	12.37669	1.03582	1	-0.00883	-0.01180	0.68428	0.00293	1	0.05739	-0.01601	0.65478	0.00303	1	1.45898	0.81042	0	
1240876	8369.99609	3304499551782	0.42345	0.67526	8369.80176	0.19434	11018	1	0.43505	0.69606	1	0.40057	0.67318	1	0.41781	0.68462	1	0.46359	0.55063	10.95414	1.03582	1	0.72726	0.57378	12.21813	1.03582	1	-0.00883	-0.01180	0.68428	0.00292	1	0.05739	-0.01601	0.65478	0.00300	1	1.45898	0.81042	0	
1240877	8370.00195	3304499619055	0.42326	0.67557	8369.80176	0.20020	11018	1	0.43505	0.69606	1	0.40057	0.67318	1	0.41781	0.68462	1	0.46377	0.55070	11.11900	1.03582	1	0.72731	0.57384	12.23229	1.03582	1	-0.00890	-0.01195	0.68999	0.00296	1	0.05739	-0.01601	0.65478	0.00302	1	1.45898	0.81042	0	
1240878	8370.00879	3304499685225	0.42266	0.67646	8369.80176	0.20703	11018	1	0.42647	0.72410	1	0.38120	0.68426	1	0.40384	0.70418	1	0.46385	0.55091	11.50593	1.03582	1	0.72738	0.57384	12.42916	1.03582	1	-0.00890	-0.01195	0.68999	0.00311	1	0.05739	-0.01601	0.65478	0.00301	1	1.45898	0.81042	0	
1240879	8370.01562	3304499752146	0.42163	0.67704	8369.80176	0.21387	11018	1	0.42409	0.71724	1	0.35309	0.67410	1	0.38859	0.69567	1	0.46412	0.55093	11.02848	1.03582	1	0.72735	0.57360	11.90814	1.03582	1	-0.00890	-0.01195	0.68999	0.00301	1	0.05739	-0.01601	0.65478	0.00301	1	1.45898	0.81042	0	
1240880	8370.02246	3304499820177	0.42065	0.67759	8369.80176	0.22070	11018	1	0.42409	0.71724	1	0.35309	0.67410	1	0.38859	0.69567	1	0.46576	0.55079	10.99918	1.03582	1	0.72993	0.57366	12.13927	1.03582	1	-0.00829	-0.01168	0.67428	0.00280	1	0.05878	-0.01631	0.66717	0.00309	1	1.45898	0.81042	0	
1240881	8370.02930	3304499886515	0.42170	0.67715	8369.80176	0.22754	11018	1	0.48157	0.68311	1	0.43277	0.64156	1	0.45717	0.66234	1	0.46659	0.55049	11.16107	1.03582	1	0.73020	0.57347	11.59963	1.03582	1	-0.00829	-0.01168	0.67428	0.00291	1	0.05878	-0.01631	0.66717	0.00301	1	1.45898	0.81042	0	
1240882	8370.03613	3304499954121	0.42124	0.67600	8369.80176	0.23438	11018	1	0.43130	0.63240	1	0.37908	0.63911	1	0.40519	0.63575	1	0.46666	0.55006	10.17789	1.03582	1	0.72997	0.57343	12.09442	1.03582	1	-0.00829	-0.01168	0.67428	0.00299	1	0.05878	-0.01631	0.66717	0.00286	1	1.45898	0.81042	0	
1240883	8370.04199	3304500019539	0.42083	0.67503	8369.80176	0.24023	11018	1	0.43284	0.63665	1	0.37950	0.64343	1	0.40617	0.64004	1	0.46986	0.55034	10.67351	1.02780	1	0.73323	0.57441	11.72203	1.02780	1	-0.00753	-0.01147	0.66472	0.00303	1	0.05853	-0.01608	0.65766	0.00301	1	1.45898	0.81042	0	
1240884	8370.04883	3304500087671	0.42453	0.67641	8369.80176	0.24707	11018	1	0.59289	0.68487	1	0.52958	0.76969	1	0.56123	0.72728	1	0.47025	0.55022	11.48812	1.01979	1	0.73343	0.57437	12.41148	1.01979	1	-0.00753	-0.01147	0.66472	0.00295	1	0.05853	-0.01608	0.65766	0.00296	1	1.45898	0.81042	0	
1240885	8370.05566	3304500152224	0.42789	0.67771	8369.80176	0.25391	11018	1	0.58482	0.71208	1	0.52676	0.74226	1	0.55579	0.72717	1	0.47018	0.55035	11.58205	1.01177	1	0.73326	0.57435	12.51984	1.01177	1	-0.00753	-0.01147	0.66472	0.00285	1	0.05853	-0.01608	0.65766	0.00298	1	1.45898	0.81042	0	
1240886	8370.06250	3304500224288	0.43108	0.67912	8369.80176	0.26074	11018	1	0.58569	0.71903	1	0.52541	0.74917	1	0.55555	0.73410	1	0.47053	0.55000	10.98728	0.99663	1	0.73348	0.57449	12.31592	0.99663	1	-0.00765	-0.01178	0.67998	0.00299	1	0.06533	-0.01800	0.73393	0.00302	1	1.45898	0.81042	0	
1240887	8370.06934	3304500291040	0.46172	0.69064	8369.80176	0.26074	11018	0	0.62788	0.63674	1	0.53791	0.75577	1	0.58289	0.69625	1	0.47093	0.54934	10.37262	0.98950	1	0.73361	0.57431	12.07110	0.98950	1	-0.00765	-0.01178	0.67998	0.00320	1	0.06533	-0.01800	0.73393	0.00305	1	1.45898	0.81042	0	
1240888	8370.07617	3304500358033	0.52327	0.71991	8369.80176	0.26074	11018	0	0.62451	0.71101	1	0.54513	0.78734	1	0.58482	0.74918	1	0.47079	0.55024	11.55185	0.98238	1	0.73382	0.57468	12.18250	0.98238	1	-0.00765	-0.01178	0.67998	0.00289	1	0.06533	-0.01800	0.73393	0.00291	1	1.45898	0.81042	0	
1240889	8370.08301	3304500425094	0.54390	0.72846	8369.80176	0.26074	11018	0	0.62434	0.70721	1	0.54601	0.78394	1	0.58517	0.74558	1	0.47064	0.55012	11.26521	0.99039	1	0.73363	0.57450	11.60427	0.99039	1	-0.00783	-0.01190	0.68674	0.00288	1	0.06533	-0.01800	0.73393	0.00297	1	1.45898	0.81042	0	
1240890	8370.08887	3304500488205	0.58577	0.73127	8369.80176	0.26074	11018	0	0.63089	0.64099	1	0.54376	0.75710	1	0.58733	0.69904	1	0.47086	0.54948	10.68869	1.00554	1	0.73365	0.57441	11.28539	1.00554	1	-0.00783	-0.01190	0.68674	0.00309	1	0.06533	-0.01800	0.73393	0.00303	1	1.45898	0.81042	0	
1240891	8370.09668	3304500558283	0.58521	0.72751	8369.80176	0.26074	11018	0	0.61981	0.68860	1	0.54949	0.75892	1	0.58465	0.72376	1	0.47067	0.54995	10.35692	1.02068	1	0.73371	0.57446	11.18749	1.02068	1	-0.00783	-0.01190	0.68674	0.00286	1	0.06533	-0.01800	0.73393	0.00299	1	1.45898	0.81042	0	
1240892	8370.10352	3304500626111	0.58513	0.72518	8369.80176	0.26074	11018	0	0.61963	0.68520	1	0.55027	0.75581	1	0.58495	0.72051	1	0.47047	0.54988	10.64352	1.02780	1	0.73360	0.57441	11.84136	1.02780	1	-0.00753	-0.01152	0.66517	0.00284	1	0.06533	-0.01800	0.73393	0.00304	1	1.45898	0.81042	0	
1240893	8370.10938	3304500693019	0.58283	0.71449	8370.08887	0.02051	11019	1	0.60612	0.61594	1	0.54580	0.74893	1	0.57596	0.68244	1	0.47062	0.54963	11.03614	1.01979	1	0.73366	0.57438	11.29043	1.01979	1	-0.00753	-0.01152	0.66517	0.00272	1	0.06533	-0.01800	0.73393	0.00302	1	1.45898	0.81042	0	
1240894	8370.11621	3304500759916	0.58169	0.71183	8370.08887	0.02734	11019	1	0.60387	0.63260	1	0.55034	0.76976	1	0.57711	0.70118	1	0.47052	0.54964	11.19920	1.01177	1	0.73367	0.57444	11.85383	1.01177	1	-0.00753	-0.01152	0.66517	0.00270	1	0.06533	-0.01800	0.73393	0.00298	1	1.45898	0.81042	0	
1240895	8370.12305	3304500826975	0.58092	0.71005	8370.08887	0.03418	11019	1	0.60387	0.63260	1	0.55034	0.76976	1	0.57711	0.70118	1	0.47048	0.54967	11.44464	1.01177	1	0.73366	0.57432	12.02641	1.01177	1	-0.00783	-0.01185	0.68674	0.00274	1	0.06533	-0.01800	0.73393	0.00295	1	1.45898	0.81042	0	
1240896	8370.12988	3304500893811	0.58038	0.70937	8370.08887	0.04102	11019	1	0.61827	0.66117	1	0.53599	0.74931	1	0.57713	0.70524	1	0.47037	0.54977	11.32570	1.01979	1	0.73353	0.57439	12.36165	1.01979	1	-0.00783	-0.01185	0.68674	0.00280	1	0.06533	-0.01800	0.73393	0.00303	1	1.45898	0.81042	0	
1240897	8370.13672	3304500960638	0.57858	0.70892	8370.08887	0.04785	11019	1	0.61268	0.65305	1	0.51924	0.75847	1	0.56596	0.70576	1	0.47016	0.54974	11.45352	1.02780	1	0.73318	0.57444	12.01390	1.02780	1	-0.00783	-0.01185	0.68674	0.00284	1	0.06533	-0.01800	0.73393	0.00313	1	1.45898	0.81042	0	
1240898	8370.14355	3304501027748	0.57720	0.70815	8370.08887	0.05469	11019	1	0.61242	0.64898	1	0.51988	0.75500	1	0.56615	0.70199	1	0.47025	0.54987	11.47527	1.03582	1	0.73318	0.57437	12.29562	1.03582	1	-0.00783	-0.01185	0.68674	0.00278	1	0.05853	-0.01608	0.65766	0.00309	1	1.45898	0.81042	0	
1240899	8370.15039	3304501094905	0.57728	0.70561	8370.08887	0.06152	11019	1	0.61269	0.66689	1	0.54340	0.69864	1	0.57805	0.68277	1	0.47016	0.54992	11.27012	1.03582	1	0.73350	0.57409	11.91978	1.03582	1	-0.00783	-0.01185	0.68674	0.00286	1	0.05853	-0.01608	0.65766	0.00303	1	1.45898	0.81042	0	
1240900	8370.15625	3304501161956	0.57759	0.70413	8370.08887	0.06738	11019	1	0.61800	0.66128	1	0.54328	0.71736	1	0.58064	0.68932	1	0.47019	0.54993	11.40850	1.03582	1	0.73359	0.57414	12.26055	1.03582	1	-0.00783	-0.01185	0.68674	0.00276	1	0.05853	-0.01608	0.65766	0.00298	1	1.45898	0.81042	0	
1240901	8370.16309	3304501228751	0.57782	0.70322	8370.08887	0.07422	11019	1	0.61821	0.66526	1	0.54246	0.72113	1	0.58033	0.69319	1	0.47011	0.54998	11.35022	1.02780	1	0.73353	0.57405	11.82420	1.02780	1	-0.00754	-0.01134	0.65733	0.00276	1	0.06533	-0.01789	0.73393	0.00308	1	1.45898	0.81042	0	
1240902	8370.16992	3304501296080	0.57750	0.70269	8370.08887	0.08105	11019	1	0.62834	0.65541	1	0.51900	0.73726	1	0.57367	0.69634	1	0.47006	0.54981	11.20024	1.01979	1	0.73323	0.57424	12.04393	1.01979	1	-0.00754	-0.01134	0.65733	0.00278	1	0.06533	-0.01789	0.73393	0.00310	1	1.45898	0.81042	0	
1240903	8370.17676	3304501362295	0.57709	0.70174	8370.08887	0.08789	11019	1	0.62237	0.63108	1	0.52116	0.74771	1	0.57176	0.68939	1	0.46998	0.54969	10.95295	1.01177	1	0.73320	0.57427	11.91469	1.01177	1	-0.00754	-0.01134	0.65733	0.00281	1	0.06533	-0.01789	0.73393	0.00315	1	1.45898	0.81042	0	
1240904	8370.18359	3304501430406	0.57672	0.70118	8370.08887	0.09473	11019	1	0.62256	0.63539	1	0.52049	0.75132	1	0.57152	0.69336	1	0.47021	0.54969	11.27107	1.00375	1	0.73320	0.57422	12.13647	1.00375	1	-0.00754	-0.01134	0.65733	0.00280	1	0.06533	-0.01789	0.73393	0.00298	1	1.45898	0.81042	0	
1240905	8370.19043	3304501497616	0.57733	0.70121	8370.08887	0.10156	11019	1	0.63284	0.63908	1	0.54034	0.76430	1	0.58659	0.70169	1	0.47024	0.54980	11.11248	1.00375	1	0.73317	0.57453	12.63408	1.00375	1	-0.00754	-0.01134	0.65733	0.00279	1	0.06533	-0.01789	0.73393	0.00302	1	1.45898	0.81042	0	
1240906	8370.19727	3304501563680	0.57727	0.70153	8370.08887	0.10840	11019	1	0.61504	0.64334	1	0.53735	0.77000	1	0.57620	0.70667	1	0.47002	0.54976	11.15338	1.00375	1	0.73317	0.57447	12.84838	1.00375	1	-0.00754	-0.01134	0.65733	0.00286	1	0.06533	-0.01789	0.73393	0.00296	1	1.45898	0.81042	0	
1240907	8370.20312	3304501630948	0.57723	0.70173	8370.08887	0.11426	11019	1	0.61504	0.64334	1	0.53812	0.76669	1	0.57658	0.70501	1	0.47011	0.54935	10.75785	1.00375	1	0.73349	0.57413	12.14510	1.01141	1	-0.00773	-0.01148	0.66541	0.00289	1	0.06070	-0.01664	0.68260	0.00310	1	1.45898	0.81042	0	
1240908	8370.20996	3304501695812	0.57778	0.70062	8370.08887	0.12109	11019	1	0.61718	0.62659	1	0.55803	0.73499	1	0.58760	0.68079	1	0.46993	0.54941	10.21190	1.01141	1	0.73312	0.57417	11.45603	1.01907	1	-0.00773	-0.01148	0.66541	0.00289	1	0.06070	-0.01664	0.68260	0.00307	1	1.45898	0.81042	0	
1240909	8370.21680	3304501760607	0.57959	0.70037	8370.08887	0.12793	11019	1	0.65008	0.62059	1	0.57811	0.77044	1	0.61410	0.69552	1	0.47010	0.54949	10.81072	1.01907	1	0.73344	0.57467	11.57994	1.02673	1	-0.00773	-0.01148	0.66541	0.00279	1	0.06070	-0.01664	0.68260	0.00304	1	1.45898	0.81042	0	
1240910	8370.22363	3304501831917	0.58124	0.69992	8370.08887	0.13477	11019	1	0.65010	0.61208	1	0.57828	0.76993	1	0.61419	0.69100	1	0.46978	0.54947	10.74833	1.03475	1	0.73307	0.57449	11.55676	1.02794	1	-0.00798	-0.01176	0.68200	0.00278	1	0.05600	-0.01538	0.63081	0.00304	1	1.45898	0.81042	0	
1240911	8370.23047	3304501899338	0.58165	0.70029	8370.08887	0.14160	11019	1	0.61643	0.68089	1	0.56422	0.73535	1	0.59033	0.70812	1	0.46949	0.54981	11.27454	1.03596	1	0.73320	0.57432	12.73796	1.02149	1	-0.00798	-0.01176	0.68200	0.00281	1	0.05600	-0.01538	0.63081	0.00290	1	1.45898	0.81042	0	
1240912	8370.23730	3304501965459	0.58114	0.70104	8370.08887	0.14844	11019	1	0.59837	0.66019	1	0.54118	0.77476	1	0.56977	0.71748	1	0.46930	0.54971	11.21449	1.02951	1	0.73284	0.57453	12.09632	1.01504	1	-0.00798	-0.01176	0.68200	0.00286	1	0.05600	-0.01538	0.63081	0.00289	1	1.45898	0.81042	0	
1240913	8370.24414	3304502032465	0.58067	0.70179	8370.08887	0.15527	11019	1	0.59865	0.66343	1	0.54122	0.77461	1	0.56993	0.71902	1	0.46964	0.54919	10.90712	1.02306	1	0.73320	0.57417	12.30527	1.01540	1	-0.00798	-0.01166	0.68200	0.00305	1	0.05867	-0.01605	0.66035	0.00293	1	1.45898	0.81042	0	
1240914	8370.25000	3304502099897	0.58126	0.70337	8370.08887	0.16113	11019	1	0.64976	0.68870	1	0.54133	0.79395	1	0.59554	0.74133	1	0.46967	0.54949	10.78582	1.01540	1	0.73273	0.57392	11.93379	1.02220	1	-0.00798	-0.01166	0.68200	0.00288	1	0.05867	-0.01605	0.66035	0.00294	1	1.45898	0.81042	0	
1240915	8370.25684	3304502167325	0.58158	0.70651	8370.08887	0.16797	11019	1	0.63041	0.70642	1	0.54866	0.86346	1	0.58953	0.78494	1	0.46934	0.54933	9.21374	1.02220	1	0.73309	0.57364	11.57237	1.02901	1	-0.00798	-0.01166	0.68200	0.00283	1	0.05867	-0.01605	0.66035	0.00269	1	1.45898	0.81042	0	
1240916	8370.26367	3304502235349	0.58158	0.70651	8370.08887	0.17480	11019	1	0.63041	0.70642	0	0.54866	0.86346	0	0.58953	0.78494	0	0.46934	0.54933	9.21374	1.02901	0	0.73309	0.57364	11.57237	1.03582	0	-0.00798	-0.01166	0.68200	0.00283	1	0.05867	-0.01605	0.66035	0.00269	1	1.45898	0.81042	0	
1240917	8370.27051	3304502301617	0.58158	0.70651	8370.08887	0.18164	11019	1	0.63041	0.70642	0	0.54866	0.86346	0	0.58953	0.78494	0	0.46934	0.54933	9.21374	1.03582	0	0.73309	0.57364	11.57237	1.03582	0	-0.00798	-0.01166	0.68200	0.00283	1	0.05867	-0.01605	0.66035	0.00269	1	1.45898	0.81042	0	
1240918	8370.27734	3304502367308	0.58158	0.70651	8370.08887	0.18848	11019	1	0.63041	0.70642	0	0.54866	0.86346	0	0.58953	0.78494	0	0.46934	0.54933	9.21374	1.03582	0	0.73309	0.57364	11.57237	1.03582	0	-0.00798	-0.01166	0.68200	0.00283	1	0.05867	-0.01605	0.66035	0.00269	1	1.45898	0.81042	0	
1240919	8370.28418	3304502435143	0.58682	0.71208	8370.08887	0.18848	11019	0	0.63041	0.70642	0	0.54866	0.86346	0	0.58953	0.78494	0	0.46934	0.54933	9.21374	1.03582	0	0.73309	0.57364	11.57237	1.03582	0	-0.00798	-0.01166	0.68200	0.00283	1	0.05867	-0.01605	0.66035	0.00269	1	1.45898	0.81042	0	
1240920	8370.29102	3304502501729	0.58682	0.71208	8370.08887	0.18848	11019	0	0.63041	0.70642	0	0.54866	0.86346	0	0.58953	0.78494	0	0.46934	0.54933	9.21374	1.03582	0	0.73309	0.57364	11.57237	1.03582	0	-0.00798	-0.01166	0.68200	0.00283	1	0.05867	-0.01605	0.66035	0.00269	1	1.45898	0.81042	0	
1240921	8370.29688	3304502568228	0.58682	0.71208	8370.08887	0.18848	11019	0	0.63041	0.70642	0	0.54866	0.86346	0	0.58953	0.78494	0	0.46934	0.54933	9.21374	1.03582	0	0.73309	0.57364	11.57237	1.03582	0	-0.00798	-0.01166	0.68200	0.00283	1	0.05867	-0.01605	0.66035	0.00269	1	1.45898	0.81042	0	
1240922	8370.30371	3304502635372	0.00000	0.00000	8370.08887	0.18848	11019	0	0.63041	0.70642	0	0.54866	0.86346	0	0.58953	0.78494	0	0.46934	0.54933	9.21374	1.03582	0	0.73309	0.57364	11.57237	1.03582	0	-0.00798	-0.01166	0.68200	0.00283	1	0.05867	-0.01605	0.66035	0.00269	1	1.45898	0.81042	0	
1240923	8370.31055	3304502702416	0.00000	0.00000	8370.08887	0.18848	11019	0	0.63041	0.70642	0	0.54866	0.86346	0	0.58953	0.78494	0	0.46934	0.54933	9.21374	1.03582	0	0.73309	0.57364	11.57237	1.03582	0	-0.00798	-0.01166	0.68200	0.00283	1	0.05867	-0.01605	0.66035	0.00269	1	1.45898	0.81042	0	
1240924	8370.31738	3304502769701	0.00000	0.00000	8370.08887	0.18848	11019	0	0.63041	0.70642	0	0.54866	0.86346	0	0.58953	0.78494	0	0.46934	0.54933	9.21374	1.03582	0	0.73309	0.57364	11.57237	1.03582	0	-0.00798	-0.01166	0.68200	0.00283	1	0.05867	-0.01605	0.66035	0.00269	1	1.45898	0.81042	0	
1240925	8370.32422	3304502836850	0.00000	0.00000	8370.08887	0.18848	11019	0	0.63041	0.70642	0	0.54866	0.86346	0	0.58953	0.78494	0	0.46934	0.54933	9.21374	1.03582	0	0.73309	0.57364	11.57237	1.03582	0	-0.00798	-0.01166	0.68200	0.00283	1	0.05867	-0.01605	0.66035	0.00269	1	1.45898	0.81042	0	
1240926	8370.33105	3304502903315	0.00000	0.00000	8370.08887	0.18848	11019	0	0.63041	0.70642	0	0.54866	0.86346	0	0.58953	0.78494	0	0.46934	0.54933	9.21374	1.03582	0	0.73309	0.57364	11.57237	1.03582	0	-0.00798	-0.01166	0.68200	0.00283	1	0.05867	-0.01605	0.66035	0.00269	1	1.45898	0.81042	0	
1240927	8370.33789	3304502970625	0.00000	0.00000	8370.08887	0.18848	11019	0	0.63041	0.70642	0	0.54866	0.86346	0	0.58953	0.78494	0	0.46934	0.54933	9.21374	1.03582	0	0.73309	0.57364	11.57237	1.03582	0	-0.00798	-0.01166	0.68200	0.00283	1	0.05867	-0.01605	0.66035	0.00269	1	1.45898	0.81042	0	
1240928	8370.34473	3304503037670	0.00000	0.00000	8370.08887	0.18848	11019	0	0.63041	0.70642	0	0.54866	0.86346	0	0.58953	0.78494	0	0.46934	0.54933	9.21374	1.03582	0	0.73309	0.57364	11.57237	1.03582	0	-0.00798	-0.01166	0.68200	0.00283	1	0.05867	-0.01605	0.66035	0.00269	1	1.45898	0.81042	0	
1240929	8370.35059	3304503104891	0.00000	0.00000	8370.08887	0.18848	11019	0	0.63041	0.70642	0	0.54866	0.86346	0	0.58953	0.78494	0	0.46934	0.54933	9.21374	1.03582	0	0.73309	0.57364	11.57237	1.03582	0	-0.00798	-0.01166	0.68200	0.00283	1	0.05867	-0.01605	0.66035	0.00269	1	1.45898	0.81042	0	
1240930	8370.35742	3304503167094	0.00000	0.00000	8370.08887	0.18848	11019	0	0.63041	0.70642	0	0.54866	0.86346	0	0.58953	0.78494	0	0.46934	0.54933	9.21374	1.03582	0	0.73309	0.57364	11.57237	1.03582	0	-0.00798	-0.01166	0.68200	0.00283	1	0.05867	-0.01605	0.66035	0.00269	1	1.45898	0.81042	0	
1240931	8370.36426	3304503235487	0.00000	0.00000	8370.08887	0.18848	11019	0	0.63041	0.70642	0	0.54866	0.86346	0	0.58953	0.78494	0	0.46934	0.54933	9.21374	1.03582	0	0.73309	0.57364	11.57237	1.03582	0	-0.00798	-0.01166	0.68200	0.00283	1	0.05867	-0.01605	0.66035	0.00269	1	1.45898	0.81042	0	
1240932	8370.37109	3304503302717	0.00000	0.00000	8370.08887	0.18848	11019	0	0.63041	0.70642	0	0.54866	0.86346	0	0.58953	0.78494	0	0.46934	0.54933	9.21374	1.03582	0	0.73309	0.57364	11.57237	1.03582	0	-0.00798	-0.01166	0.68200	0.00283	1	0.05867	-0.01605	0.66035	0.00269	1	1.45898	0.81042	0	
1240933	8370.37793	3304503370726	0.00000	0.00000	8370.08887	0.18848	11019	0	0.63041	0.70642	0	0.54866	0.86346	0	0.58953	0.78494	0	0.46934	0.54933	9.21374	1.03582	0	0.73309	0.57364	11.57237	1.03582	0	-0.00798	-0.01166	0.68200	0.00283	1	0.05867	-0.01605	0.66035	0.00269	1	1.45898	0.81042	0	
1240934	8370.38379	3304503434855	0.00000	0.00000	8370.08887	0.18848	11019	0	0.63041	0.70642	0	0.54866	0.86346	0	0.58953	0.78494	0	0.46934	0.54933	9.21374	1.03582	0	0.73309	0.57364	11.57237	1.03582	0	-0.00798	-0.01166	0.68200	0.00283	1	0.05867	-0.01605	0.66035	0.00269	1	1.45898	0.81042	0	
1240935	8370.39062	3304503503386	0.00000	0.00000	8370.08887	0.18848	11019	0	0.63041	0.70642	0	0.54866	0.86346	0	0.58953	0.78494	0	0.46934	0.54933	9.21374	1.03582	0	0.73309	0.57364	11.57237	1.03582	0	-0.00798	-0.01166	0.68200	0.00283	1	0.05867	-0.01605	0.66035	0.00269	1	1.45898	0.81042	0	
1240936	8370.39746	3304503569974	0.00000	0.00000	8370.08887	0.18848	11019	0	0.63041	0.70642	0	0.54866	0.86346	0	0.58953	0.78494	0	0.46934	0.54933	9.21374	1.03582	0	0.73309	0.57364	11.57237	1.03582	0	-0.00798	-0.01166	0.68200	0.00283	1	0.05867	-0.01605	0.66035	0.00269	1	1.45898	0.81042	0	
1240937	8370.40430	3304503637353	0.00000	0.00000	8370.08887	0.18848	11019	0	0.63041	0.70642	0	0.54866	0.86346	0	0.58953	0.78494	0	0.46934	0.54933	9.21374	1.03582	0	0.73309	0.57364	11.57237	1.03582	0	-0.00798	-0.01166	0.68200	0.00283	1	0.05867	-0.01605	0.66035	0.00269	1	1.45898	0.81042	0	
1240938	8370.41113	3304503703583	0.00000	0.00000	8370.08887	0.18848	11019	0	0.63041	0.70642	0	0.54866	0.86346	0	0.58953	0.78494	0	0.46934	0.54933	9.21374	1.03582	0	0.73309	0.57364	11.57237	1.03582	0	-0.00798	-0.01166	0.68200	0.00283	1	0.05867	-0.01605	0.66035	0.00269	1	1.45898	0.81042	0	
1240939	8370.41797	3304503771716	0.00000	0.00000	8370.08887	0.18848	11019	0	0.63041	0.70642	0	0.54866	0.86346	0	0.58953	0.78494	0	0.46934	0.54933	9.21374	1.03582	0	0.73309	0.57364	11.57237	1.03582	0	-0.00798	-0.01166	0.68200	0.00283	1	0.05867	-0.01605	0.66035	0.00269	1	1.45898	0.81042	0	
1240940	8370.42480	3304503839205	0.00000	0.00000	8370.08887	0.18848	11019	0	0.63041	0.70642	0	0.54866	0.86346	0	0.58953	0.78494	0	0.46934	0.54933	9.21374	1.03582	0	0.73309	0.57364	11.57237	1.03582	0	-0.00798	-0.01166	0.68200	0.00283	1	0.05867	-0.01605	0.66035	0.00269	1	1.45898	0.81042	0	
1240941	8370.43066	3304503906630	0.00000	0.00000	8370.08887	0.18848	11019	0	0.63041	0.70642	0	0.54866	0.86346	0	0.58953	0.78494	0	0.46934	0.54933	9.21374	1.03582	0	0.73309	0.57364	11.57237	1.03582	0	-0.00798	-0.01166	0.68200	0.00283	1	0.05867	-0.01605	0.66035	0.00269	1	1.45898	0.81042	0	
1240942	8370.43750	3304503973605	0.00000	0.00000	8370.08887	0.18848	11019	0	0.63041	0.70642	0	0.54866	0.86346	0	0.58953	0.78494	0	0.46934	0.54933	9.21374	1.03582	0	0.73309	0.57364	11.57237	1.03582	0	-0.00798	-0.01166	0.68200	0.00283	1	0.05867	-0.01605	0.66035	0.00269	1	1.45898	0.81042	0	
1240943	8370.44434	3304504038025	0.00000	0.00000	8370.08887	0.18848	11019	0	0.63041	0.70642	0	0.54866	0.86346	0	0.58953	0.78494	0	0.46934	0.54933	9.21374	1.03582	0	0.73309	0.57364	11.57237	1.03582	0	-0.00798	-0.01166	0.68200	0.00283	1	0.05867	-0.01605	0.66035	0.00269	1	1.45898	0.81042	0	
1240944	8370.45117	3304504109069	0.00000	0.00000	8370.08887	0.18848	11019	0	0.63041	0.70642	0	0.54866	0.86346	0	0.58953	0.78494	0	0.46934	0.54933	9.21374	1.03582	0	0.73309	0.57364	11.57237	1.03582	0	-0.00798	-0.01166	0.68200	0.00283	1	0.05867	-0.01605	0.66035	0.00269	1	1.45898	0.81042	0	
1240945	8370.45801	3304504175795	0.00000	0.00000	8370.08887	0.18848	11019	0	0.63041	0.70642	0	0.54866	0.86346	0	0.58953	0.78494	0	0.46934	0.54933	9.21374	1.03582	0	0.73309	0.57364	11.57237	1.03582	0	-0.00798	-0.01166	0.68200	0.00283	1	0.05867	-0.01605	0.66035	0.00269	1	1.45898	0.81042	0	
1240946	8370.46484	3304504242918	0.00000	0.00000	8370.08887	0.18848	11019	0	0.63041	0.70642	0	0.54866	0.86346	0	0.58953	0.78494	0	0.46934	0.54933	9.21374	1.03582	0	0.73309	0.57364	11.57237	1.03582	0	-0.00798	-0.01166	0.68200	0.00283	1	0.05867	-0.01605	0.66035	0.00269	1	1.45898	0.81042	0	
1240947	8370.47168	3304504309003	0.00000	0.00000	8370.08887	0.18848	11019	0	0.63041	0.70642	0	0.54866	0.86346	0	0.58953	0.78494	0	0.46934	0.54933	9.21374	1.03582	0	0.73309	0.57364	11.57237	1.03582	0	-0.00798	-0.01166	0.68200	0.00283	1	0.05867	-0.01605	0.66035	0.00269	1	1.45898	0.81042	0	
1240948	8370.47852	3304504376826	0.00000	0.00000	8370.08887	0.18848	11019	0	0.63041	0.70642	0	0.54866	0.86346	0	0.58953	0.78494	0	0.46934	0.54933	9.21374	1.03582	0	0.73309	0.57364	11.57237	1.03582	0	-0.00798	-0.01166	0.68200	0.00283	1	0.05867	-0.01605	0.66035	0.00269	1	1.45898	0.81042	0	
1240949	8370.48438	3304504443549	0.00000	0.00000	8370.08887	0.18848	11019	0	0.63041	0.70642	0	0.54866	0.86346	0	0.58953	0.78494	0	0.46934	0.54933	9.21374	1.03582	0	0.73309	0.57364	11.57237	1.03582	0	-0.00798	-0.01166	0.68200	0.00283	1	0.05867	-0.01605	0.66035	0.00269	1	1.45898	0.81042	0	
1240950	8370.49121	3304504510755	0.15843	0.20623	8370.08887	0.18848	11019	0	0.63041	0.70642	0	0.31685	0.41246	1	0.31685	0.41246	1	0.46480	0.54315	11.18667	1.03582	0	0.46480	0.54315	11.18667	1.03582	1	-0.00798	-0.01166	0.68200	0.00283	1	0.05867	-0.01605	0.66035	0.00353	1	1.45898	0.81042	0	
1240951	8370.49805	3304504577878	0.21022	0.26713	8370.08887	0.18848	11019	0	0.63041	0.70642	0	0.31382	0.38894	1	0.31382	0.38894	1	0.46480	0.54315	11.18667	1.03582	0	0.46482	0.54311	11.22089	1.03582	1	-0.00798	-0.01166	0.68200	0.00283	1	0.05867	-0.01605	0.66035	0.00356	1	1.45898	0.81042	0	
1240952	8370.50488	3304504645053	0.31483	0.39678	8370.08887	0.18848	11019	0	0.63041	0.70642	0	0.31382	0.38894	1	0.31382	0.38894	1	0.46480	0.54315	11.18667	1.03582	0	0.46489	0.54269	11.33259	1.03582	1	-0.00798	-0.01166	0.68200	0.00283	1	-0.00831	-0.01032	0.65545	0.00359	1	1.45898	0.81042	0	
1240953	8370.51172	3304504712143	0.31694	0.38441	8370.08887	0.18848	11019	0	0.63041	0.70642	0	0.31905	0.37204	1	0.31905	0.37204	1	0.46480	0.54315	11.18667	1.03582	0	0.46476	0.54266	10.76331	1.03582	1	-0.00798	-0.01166	0.68200	0.00283	1	-0.00831	-0.01032	0.65545	0.00368	1	1.45898	0.81042	0	
1240954	8370.51855	3304504778479	0.31741	0.37613	8370.08887	0.18848	11019	0	0.63041	0.70642	0	0.31835	0.35957	1	0.31835	0.35957	1	0.46480	0.54315	11.18667	1.03582	0	0.46481	0.54255	10.90386	1.03582	1	-0.00798	-0.01166	0.68200	0.00283	1	-0.00831	-0.01032	0.65545	0.00380	1	1.45898	0.81042	0	
1240955	8370.52539	3304504845897	0.31720	0.36872	8370.50488	0.02051	11020	1	0.63041	0.70642	0	0.31659	0.34650	1	0.31659	0.34650	1	0.46480	0.54315	11.18667	1.03582	0	0.46515	0.54283	11.10725	1.05216	1	-0.00798	-0.01166	0.68200	0.00283	1	-0.00878	-0.01104	0.70100	0.00377	1	1.45898	0.81042	0	
1240956	8370.53125	3304504912299	0.31387	0.32244	8370.50488	0.02637	11020	1	0.63041	0.70642	0	0.30052	0.13733	1	0.30052	0.13733	1	0.46480	0.54315	11.18667	1.05216	0	0.46479	0.54038	10.97161	1.06850	1	-0.00798	-0.01166	0.68200	0.00283	1	-0.00878	-0.01104	0.70100	0.00227	1	1.45898	0.81042	0	
1240957	8370.53809	3304504979852	0.31524	0.32174	8370.50488	0.03320	11020	1	0.63041	0.70642	0	0.32210	0.31821	1	0.32210	0.31821	1	0.46480	0.54315	11.18667	1.06850	0	0.46534	0.54253	11.10162	1.08484	1	-0.00798	-0.01166	0.68200	0.00283	1	-0.00878	-0.01104	0.70100	0.00370	1	1.45898	0.81042	0	
1240958	8370.54492	3304505046722	0.33817	0.34691	8370.50488	0.04004	11020	1	0.62944	0.67768	1	0.32210	0.31821	1	0.47577	0.49795	1	0.46520	0.54292	10.94865	1.08484	1	0.72902	0.56637	12.18643	1.08484	1	-0.00858	-0.01086	0.68924	0.00379	1	0.05861	-0.01522	0.66527	0.00368	1	1.45898	0.81042	0	
1240959	8370.55176	3304505113567	0.35013	0.35225	8370.50488	0.04688	11020	1	0.43393	0.38495	1	0.43374	0.39430	1	0.43384	0.38963	1	0.46494	0.54272	11.08057	1.08484	1	0.72926	0.56614	12.28304	1.06850	1	-0.00858	-0.01086	0.68924	0.00404	1	0.05861	-0.01522	0.66527	0.00360	1	1.45898	0.81042	0	
1240960	8370.55859	3304505181059	0.35931	0.36099	8370.50488	0.05371	11020	1	0.43561	0.43363	1	0.42985	0.42825	1	0.43273	0.43094	1	0.46491	0.54303	11.12984	1.06850	1	0.72927	0.56604	12.31986	1.05216	1	-0.00858	-0.01086	0.68924	0.00401	1	0.05861	-0.01522	0.66527	0.00360	1	1.45898	0.81042	0	
1240961	8370.56543	3304505247787	0.36680	0.36916	8370.50488	0.06055	11020	1	0.43852	0.44511	1	0.42992	0.44020	1	0.43422	0.44266	1	0.46510	0.54201	11.14935	1.05216	1	0.72918	0.56658	11.83039	1.03582	1	-0.00826	-0.01041	0.66402	0.00407	1	0.06238	-0.01617	0.70676	0.00375	1	1.45898	0.81042	0	
1240962	8370.57227	3304505314212	0.37254	0.37780	8370.50488	0.06738	11020	1	0.45175	0.44727	1	0.40809	0.48114	1	0.42992	0.46421	1	0.46500	0.54279	11.37315	1.03582	1	0.72890	0.56655	12.24981	1.03582	1	-0.00826	-0.01041	0.66402	0.00399	1	0.06238	-0.01617	0.70676	0.00374	1	1.45898	0.81042	0	
1240963	8370.57910	3304505381631	0.37826	0.37621	8370.50488	0.07422	11020	1	0.45332	0.37572	1	0.42918	0.34164	1	0.44125	0.35868	1	0.46518	0.54221	10.96337	1.03582	1	0.72956	0.56519	11.38307	1.03582	1	-0.00826	-0.01041	0.66402	0.00396	1	0.06238	-0.01617	0.70676	0.00402	1	1.45898	0.81042	0	
1240964	8370.58496	3304505449200	0.38218	0.37355	8370.50488	0.08008	11020	1	0.45332	0.37572	0	0.42918	0.34164	1	0.42918	0.34164	1	0.46518	0.54221	10.96337	1.03582	0	0.72955	0.56508	11.13016	1.03582	1	-0.00826	-0.01041	0.66402	0.00396	1	0.06238	-0.01611	0.70676	0.00408	1	1.45898	0.81042	0	
1240965	8370.59180	3304505515274	0.38218	0.37355	8370.50488	0.08691	11020	1	0.45332	0.37572	0	0.42918	0.34164	0	0.42918	0.34164	0	0.46518	0.54221	10.96337	1.03582	0	0.72955	0.56508	11.13016	1.03582	0	-0.00826	-0.01041	0.66402	0.00396	1	0.06238	-0.01611	0.70676	0.00408	1	1.45898	0.81042	0	
1240966	8370.59863	3304505580602	0.38218	0.37355	8370.50488	0.09375	11020	1	0.45332	0.37572	0	0.42918	0.34164	0	0.42918	0.34164	0	0.46518	0.54221	10.96337	1.03582	0	0.72955	0.56508	11.13016	1.03582	0	-0.00826	-0.01041	0.66402	0.00396	1	0.06238	-0.01611	0.70676	0.00408	1	1.45898	0.81042	0	
1240967	8370.60547	3304505647624	0.38218	0.37355	8370.50488	0.10059	11020	1	0.45332	0.37572	0	0.42918	0.34164	0	0.42918	0.34164	0	0.46518	0.54221	10.96337	1.03582	0	0.72955	0.56508	11.13016	1.03582	0	-0.00826	-0.01041	0.66402	0.00396	1	0.06238	-0.01611	0.70676	0.00408	1	1.45898	0.81042	0	
1240968	8370.61133	3304505712372	0.38779	0.37161	8370.50488	0.10059	11020	0	0.45332	0.37572	0	0.42918	0.34164	0	0.42918	0.34164	0	0.46518	0.54221	10.96337	1.03582	0	0.72955	0.56508	11.13016	1.03582	0	-0.00826	-0.01041	0.66402	0.00396	1	0.06238	-0.01611	0.70676	0.00408	1	1.45898	0.81042	0	
1240969	8370.61914	3304505783417	0.38779	0.37161	8370.50488	0.10059	11020	0	0.45332	0.37572	0	0.42918	0.34164	0	0.42918	0.34164	0	0.46518	0.54221	10.96337	1.03582	0	0.72955	0.56508	11.13016	1.03582	0	-0.00826	-0.01041	0.66402	0.00396	1	0.06238	-0.01611	0.70676	0.00408	1	1.45898	0.81042	0	
1240970	8370.62500	3304505850001	0.40849	0.35663	8370.50488	0.10059	11020	0	0.45332	0.37572	0	0.42918	0.34164	1	0.42918	0.34164	1	0.46518	0.54221	10.96337	1.03582	0	0.72924	0.56623	12.37031	1.03582	1	-0.00826	-0.01041	0.66402	0.00396	1	0.06238	-0.01611	0.70676	0.00379	1	1.45898	0.81042	0	
1240971	8370.63184	3304505915648	0.41600	0.36904	8370.61133	0.02051	11021	1	0.45332	0.37572	0	0.43104	0.39385	1	0.43104	0.39385	1	0.46518	0.54221	10.96337	1.03582	0	0.72933	0.56578	12.41835	1.03582	1	-0.00826	-0.01041	0.66402	0.00396	1	0.06238	-0.01611	0.70676	0.00372	1	1.45898	0.81042	0	
1240972	8370.63867	3304505984892	0.40979	0.38294	8370.61133	0.02734	11021	1	0.45332	0.37572	0	0.39114	0.42465	1	0.39114	0.42465	1	0.46518	0.54221	10.96337	1.03582	0	0.72898	0.56608	12.19067	1.03582	1	-0.00826	-0.01041	0.66402	0.00396	1	0.06238	-0.01611	0.70676	0.00397	1	1.45898	0.81042	0	
1240973	8370.64551	3304506052236	0.40979	0.38294	8370.61133	0.03418	11021	1	0.45332	0.37572	0	0.39114	0.42465	0	0.39114	0.42465	0	0.46518	0.54221	10.96337	1.03582	0	0.72898	0.56608	12.19067	1.03582	0	-0.00826	-0.01041	0.66402	0.00396	1	0.06238	-0.01611	0.70676	0.00397	1	1.45898	0.81042	0	
1240974	8370.65234	3304506119182	0.40979	0.38294	8370.61133	0.04102	11021	1	0.45332	0.37572	0	0.39114	0.42465	0	0.39114	0.42465	0	0.46518	0.54221	10.96337	1.03582	0	0.72898	0.56608	12.19067	1.03582	0	-0.00826	-0.01041	0.66402	0.00396	1	0.06238	-0.01611	0.70676	0.00397	1	1.45898	0.81042	0	
1240975	8370.65918	3304506186032	0.40979	0.38294	8370.61133	0.04785	11021	1	0.45332	0.37572	0	0.39114	0.42465	0	0.39114	0.42465	0	0.46518	0.54221	10.96337	1.03582	0	0.72898	0.56608	12.19067	1.03582	0	-0.00826	-0.01041	0.66402	0.00396	1	0.06238	-0.01611	0.70676	0.00397	1	1.45898	0.81042	0	
1240976	8370.66602	3304506252186	0.41712	0.38671	8370.61133	0.04785	11021	0	0.45332	0.37572	0	0.39114	0.42465	0	0.39114	0.42465	0	0.46518	0.54221	10.96337	1.03582	0	0.72898	0.56608	12.19067	1.03582	0	-0.00826	-0.01041	0.66402	0.00396	1	0.06238	-0.01611	0.70676	0.00397	1	1.45898	0.81042	0	
1240977	8370.67285	3304506319685	0.41712	0.38671	8370.61133	0.04785	11021	0	0.45332	0.37572	0	0.39114	0.42465	0	0.39114	0.42465	0	0.46518	0.54221	10.96337	1.03582	0	0.72898	0.56608	12.19067	1.03582	0	-0.00826	-0.01041	0.66402	0.00396	1	0.06238	-0.01611	0.70676	0.00397	1	1.45898	0.81042	0	
1240978	8370.67871	3304506386704	0.41712	0.38671	8370.61133	0.04785	11021	0	0.45332	0.37572	0	0.39114	0.42465	0	0.39114	0.42465	0	0.46518	0.54221	10.96337	1.03582	0	0.72898	0.56608	12.19067	1.03582	0	-0.00826	-0.01041	0.66402	0.00396	1	0.06238	-0.01611	0.70676	0.00397	1	1.45898	0.81042	0	
1240979	8370.68555	3304506453065	0.00000	0.00000	8370.61133	0.04785	11021	0	0.45332	0.37572	0	0.39114	0.42465	0	0.39114	0.42465	0	0.46518	0.54221	10.96337	1.03582	0	0.72898	0.56608	12.19067	1.03582	0	-0.00826	-0.01041	0.66402	0.00396	1	0.06238	-0.01611	0.70676	0.00397	1	1.45898	0.81042	0	
1240980	8370.69238	3304506520311	0.00000	0.00000	8370.61133	0.04785	11021	0	0.45332	0.37572	0	0.39114	0.42465	0	0.39114	0.42465	0	0.46518	0.54221	10.96337	1.03582	0	0.72898	0.56608	12.19067	1.03582	0	-0.00826	-0.01041	0.66402	0.00396	1	0.06238	-0.01611	0.70676	0.00397	1	1.45898	0.81042	0	
1240981	8370.69922	3304506587949	0.00000	0.00000	8370.61133	0.04785	11021	0	0.45332	0.37572	0	0.39114	0.42465	0	0.39114	0.42465	0	0.46518	0.54221	10.96337	1.03582	0	0.72898	0.56608	12.19067	1.03582	0	-0.00826	-0.01041	0.66402	0.00396	1	0.06238	-0.01611	0.70676	0.00397	1	1.45898	0.81042	0	
1240982	8370.70605	3304506654048	0.39048	0.41249	8370.61133	0.04785	11021	0	0.45332	0.37572	0	0.39048	0.41249	1	0.39048	0.41249	1	0.46518	0.54221	10.96337	1.03582	0	0.72906	0.56577	12.19828	1.05216	1	-0.00826	-0.01041	0.66402	0.00396	1	0.06147	-0.01591	0.69769	0.00379	1	1.45898	0.81042	0	
1240983	8370.71289	3304506720498	0.39048	0.41249	8370.61133	0.04785	11021	0	0.45332	0.37572	0	0.39048	0.41249	0	0.39048	0.41249	0	0.46518	0.54221	10.96337	1.05216	0	0.72906	0.56577	12.19828	1.06850	0	-0.00826	-0.01041	0.66402	0.00396	1	0.06147	-0.01591	0.69769	0.00379	1	1.45898	0.81042	0	
1240984	8370.71973	3304506788165	0.41465	0.37680	8370.61133	0.04785	11021	0	0.45332	0.37572	0	0.43882	0.34111	1	0.43882	0.34111	1	0.46518	0.54221	10.96337	1.06850	0	0.72936	0.56551	11.96777	1.08484	1	-0.00826	-0.01041	0.66402	0.00396	1	0.06147	-0.01591	0.69769	0.00369	1	1.45898	0.81042	0	
1240985	8370.72559	3304506854817	0.43884	0.33809	8370.61133	0.04785	11021	0	0.45332	0.37572	0	0.43886	0.33506	1	0.43886	0.33506	1	0.46518	0.54221	10.96337	1.08484	0	0.72926	0.56556	12.13270	1.09250	1	-0.00826	-0.01041	0.66402	0.00396	1	0.05968	-0.01543	0.67686	0.00391	1	1.45898	0.81042	0	
1240986	8370.73242	3304506922092	0.43462	0.33947	8370.61133	0.04785	11021	0	0.45332	0.37572	0	0.43040	0.34085	1	0.43040	0.34085	1	0.46518	0.54221	10.96337	1.09250	0	0.72919	0.56519	11.77188	1.08382	1	-0.00826	-0.01041	0.66402	0.00396	1	0.05968	-0.01543	0.67686	0.00387	1	1.45898	0.81042	0	
1240987	8370.73926	3304506989261	0.43462	0.33947	8370.61133	0.04785	11021	0	0.45332	0.37572	0	0.43040	0.34085	0	0.43040	0.34085	0	0.46518	0.54221	10.96337	1.08382	0	0.72919	0.56519	11.77188	1.07514	0	-0.00826	-0.01041	0.66402	0.00396	1	0.05968	-0.01543	0.67686	0.00387	1	1.45898	0.81042	0	
1240988	8370.74609	3304507055898	0.43462	0.33947	8370.72559	0.02051	11022	1	0.45332	0.37572	0	0.43040	0.34085	0	0.43040	0.34085	0	0.46518	0.54221	10.96337	1.07514	0	0.72919	0.56519	11.77188	1.06646	0	-0.00826	-0.01041	0.66402	0.00396	1	0.05968	-0.01543	0.67686	0.00387	1	1.45898	0.81042	0	
1240989	8370.75293	3304507123065	0.43462	0.33947	8370.72559	0.02734	11022	1	0.45332	0.37572	0	0.43040	0.34085	0	0.43040	0.34085	0	0.46518	0.54221	10.96337	1.06646	0	0.72919	0.56519	11.77188	1.06646	0	-0.00826	-0.01041	0.66402	0.00396	1	0.05968	-0.01543	0.67686	0.00387	1	1.45898	0.81042	0	
1240990	8370.75977	3304507190463	0.43040	0.34085	8370.72559	0.02734	11022	0	0.45332	0.37572	0	0.43040	0.34085	0	0.43040	0.34085	0	0.46518	0.54221	10.96337	1.06646	0	0.72919	0.56519	11.77188	1.06646	0	-0.00826	-0.01041	0.66402	0.00396	1	0.05968	-0.01543	0.67686	0.00387	1	1.45898	0.81042	0	
1240991	8370.76660	3304507257374	0.43040	0.34085	8370.72559	0.02734	11022	0	0.45332	0.37572	0	0.43040	0.34085	0	0.43040	0.34085	0	0.46518	0.54221	10.96337	1.06646	0	0.72919	0.56519	11.77188	1.06646	0	-0.00826	-0.01041	0.66402	0.00396	1	0.05968	-0.01543	0.67686	0.00387	1	1.45898	0.81042	0	
1240992	8370.77246	3304507324366	0.43040	0.34085	8370.72559	0.02734	11022	0	0.45332	0.37572	0	0.43040	0.34085	0	0.43040	0.34085	0	0.46518	0.54221	10.96337	1.06646	0	0.72919	0.56519	11.77188	1.06646	0	-0.00826	-0.01041	0.66402	0.00396	1	0.05968	-0.01543	0.67686	0.00387	1	1.45898	0.81042	0	
1240993	8370.77930	3304507390965	0.00000	0.00000	8370.72559	0.02734	11022	0	0.45332	0.37572	0	0.43040	0.34085	0	0.43040	0.34085	0	0.46518	0.54221	10.96337	1.06646	0	0.72919	0.56519	11.77188	1.06646	0	-0.00826	-0.01041	0.66402	0.00396	1	0.05968	-0.01543	0.67686	0.00387	1	1.45898	0.81042	0	
1240994	8370.78613	3304507458467	0.00000	0.00000	8370.72559	0.02734	11022	0	0.45332	0.37572	0	0.43040	0.34085	0	0.43040	0.34085	0	0.46518	0.54221	10.96337	1.06646	0	0.72919	0.56519	11.77188	1.06646	0	-0.00826	-0.01041	0.66402	0.00396	1	0.05968	-0.01543	0.67686	0.00387	1	1.45898	0.81042	0	
1240995	8370.79297	3304507525826	0.00000	0.00000	8370.72559	0.02734	11022	0	0.45332	0.37572	0	0.43040	0.34085	0	0.43040	0.34085	0	0.46518	0.54221	10.96337	1.06646	0	0.72919	0.56519	11.77188	1.06646	0	-0.00826	-0.01041	0.66402	0.00396	1	0.05968	-0.01543	0.67686	0.00387	1	1.45898	0.81042	0	
1240996	8370.79980	3304507592636	0.57899	0.63711	8370.72559	0.02734	11022	0	0.60422	0.58123	1	0.55377	0.69300	1	0.57899	0.63711	1	0.47058	0.54817	10.80802	1.06646	1	0.73374	0.57247	12.04368	1.06646	1	-0.00826	-0.01041	0.66402	0.00304	1	0.05968	-0.01543	0.67686	0.00308	1	1.45898	0.81042	0	
1240997	8370.80664	3304507656887	0.57878	0.63803	8370.72559	0.02734	11022	0	0.60422	0.58123	1	0.55293	0.69668	1	0.57857	0.63895	1	0.47053	0.54860	10.94006	1.06646	1	0.73321	0.57246	11.94390	1.05880	1	-0.00764	-0.01151	0.67929	0.00296	1	0.06533	-0.01756	0.73393	0.00327	1	1.45898	0.81042	0	
1240998	8370.81250	3304507722266	0.57664	0.64082	8370.72559	0.02734	11022	0	0.59954	0.58926	1	0.54516	0.70353	1	0.57235	0.64639	1	0.47039	0.54841	10.44520	1.05880	1	0.73346	0.57254	12.02447	1.05114	1	-0.00764	-0.01151	0.67929	0.00305	1	0.06533	-0.01756	0.73393	0.00316	1	1.45898	0.81042	0	
1240999	8370.81934	3304507789528	0.57588	0.64712	8370.79980	0.01953	11023	1	0.61199	0.62490	1	0.53525	0.70715	1	0.57362	0.66602	1	0.47062	0.54842	10.33017	1.05114	1	0.73342	0.57257	12.20036	1.04348	1	-0.00764	-0.01151	0.67929	0.00301	1	0.06533	-0.01756	0.73393	0.00307	1	1.45898	0.81042	0	
1241000	8370.82617	3304507857632	0.57538	0.65167	8370.79980	0.02637	11023	1	0.61223	0.62891	1	0.53453	0.71080	1	0.57338	0.66986	1	0.47041	0.54876	10.85134	1.04348	1	0.73354	0.57255	11.98568	1.03582	1	-0.00764	-0.01151	0.67929	0.00283	1	0.05853	-0.01578	0.65766	0.00303	1	1.45898	0.81042	0	
1241001	8370.83301	3304507924952	0.57452	0.65564	8370.79980	0.03320	11023	1	0.60587	0.64016	1	0.53453	0.71080	1	0.57020	0.67548	1	0.47063	0.54865	10.69303	1.03582	1	0.73342	0.57257	12.20036	1.03582	1	-0.00764	-0.01151	0.67929	0.00286	1	0.05853	-0.01578	0.65766	0.00307	1	1.45898	0.81042	0	
1241002	8370.83984	3304507991056	0.57400	0.65824	8370.79980	0.04004	11023	1	0.59742	0.63285	1	0.54435	0.71488	1	0.57089	0.67386	1	0.47046	0.54875	10.49842	1.03582	1	0.73361	0.57274	11.93111	1.03582	1	-0.00764	-0.01151	0.67929	0.00283	1	0.05853	-0.01578	0.65766	0.00303	1	1.45898	0.81042	0	
1241003	8370.84668	3304508061024	0.57361	0.66019	8370.79980	0.04688	11023	1	0.59742	0.63285	1	0.54435	0.71488	1	0.57089	0.67386	1	0.47046	0.54866	10.42747	1.03582	1	0.73358	0.57254	11.99958	1.03582	1	-0.00764	-0.01151	0.67929	0.00287	1	0.06533	-0.01756	0.73393	0.00302	1	1.45898	0.81042	0	
1241004	8370.85352	3304508125823	0.57325	0.66083	8370.79980	0.05371	11023	1	0.60642	0.62359	1	0.53427	0.70823	1	0.57035	0.66591	1	0.47054	0.54873	11.14663	1.03582	1	0.73345	0.57252	11.91916	1.03582	1	-0.00764	-0.01151	0.67929	0.00286	1	0.06533	-0.01756	0.73393	0.00306	1	1.45898	0.81042	0	
1241005	8370.85938	3304508191417	0.57437	0.66299	8370.79980	0.05957	11023	1	0.59777	0.61362	1	0.57114	0.75128	1	0.58446	0.68245	1	0.47048	0.54873	11.02393	1.03582	1	0.73401	0.57295	11.80985	1.03582	1	-0.00764	-0.01151	0.67929	0.00284	1	0.06533	-0.01756	0.73393	0.00304	1	1.45898	0.81042	0	
1241006	8370.86621	3304508257088	0.57525	0.66512	8370.79980	0.06641	11023	1	0.59813	0.61797	1	0.57011	0.75480	1	0.58412	0.68639	1	0.47056	0.54876	11.04868	1.02780	1	0.73389	0.57273	11.53970	1.02780	1	-0.00753	-0.01127	0.66472	0.00280	1	0.06533	-0.01756	0.73393	0.00308	1	1.45898	0.81042	0	
1241007	8370.87305	3304508329412	0.57430	0.66633	8370.79980	0.07324	11023	1	0.59392	0.62489	1	0.53367	0.73440	1	0.56379	0.67965	1	0.47048	0.54857	10.34718	1.01979	1	0.73357	0.57269	11.80708	1.01979	1	-0.00753	-0.01127	0.66472	0.00290	1	0.06533	-0.01756	0.73393	0.00304	1	1.45898	0.81042	0	
1241008	8370.87988	3304508396200	0.57372	0.66603	8370.79980	0.08008	11023	1	0.60570	0.59970	1	0.52770	0.72515	1	0.56670	0.66243	1	0.47066	0.54857	10.41536	1.01177	1	0.73344	0.57262	11.99809	1.01177	1	-0.00753	-0.01127	0.66472	0.00289	1	0.06533	-0.01756	0.73393	0.00303	1	1.45898	0.81042	0	
1241009	8370.88672	3304508463003	0.57320	0.66607	8370.79980	0.08691	11023	1	0.60601	0.60427	1	0.52698	0.72895	1	0.56650	0.66661	1	0.47045	0.54857	10.33078	1.00375	1	0.73320	0.57263	11.72987	1.00375	1	-0.00753	-0.01127	0.66472	0.00294	1	0.06533	-0.01756	0.73393	0.00315	1	1.45898	0.81042	0	
1241010	8370.89355	3304508530229	0.57339	0.66688	8370.79980	0.09375	11023	1	0.60853	0.64117	1	0.54347	0.71525	1	0.57600	0.67821	1	0.47054	0.54874	10.76403	1.00375	1	0.73363	0.57251	11.67679	1.00375	1	-0.00753	-0.01127	0.66472	0.00286	1	0.06533	-0.01756	0.73393	0.00304	1	1.45898	0.81042	0	
1241011	8370.90039	3304508597222	0.57302	0.66788	8370.79980	0.10059	11023	1	0.60890	0.65338	1	0.52624	0.71251	1	0.56757	0.68295	1	0.47013	0.54883	11.04339	1.00375	1	0.73328	0.57250	11.66616	1.00375	1	-0.00753	-0.01127	0.66472	0.00287	1	0.06533	-0.01756	0.73393	0.00308	1	1.45898	0.81042	0	
1241012	8370.90723	3304508663906	0.57271	0.66853	8370.79980	0.10742	11023	1	0.60861	0.64921	1	0.52695	0.70859	1	0.56778	0.67890	1	0.47032	0.54875	10.83586	1.01177	1	0.73318	0.57254	11.73085	1.01177	1	-0.00783	-0.01164	0.68674	0.00269	1	0.06533	-0.01767	0.73393	0.00311	1	1.45898	0.81042	0	
1241013	8370.91309	3304508729731	0.57305	0.66982	8370.79980	0.11328	11023	1	0.60972	0.66315	1	0.54794	0.72040	1	0.57883	0.69178	1	0.47027	0.54900	10.75247	1.01979	1	0.73367	0.57269	12.57769	1.01979	1	-0.00783	-0.01164	0.68674	0.00282	1	0.06533	-0.01767	0.73393	0.00301	1	1.45898	0.81042	0	
1241014	8370.91992	3304508797992	0.57359	0.67043	8370.79980	0.12012	11023	1	0.63144	0.63230	1	0.53503	0.73046	1	0.58323	0.68138	1	0.47062	0.54885	10.93500	1.02780	1	0.73351	0.57268	12.21627	1.02780	1	-0.00783	-0.01164	0.68674	0.00275	1	0.06533	-0.01767	0.73393	0.00302	1	1.45898	0.81042	0	
1241015	8370.92676	3304508865196	0.57409	0.67078	8370.79980	0.12695	11023	1	0.63133	0.62806	1	0.53579	0.72676	1	0.58356	0.67741	1	0.47008	0.54889	11.40969	1.03582	1	0.73335	0.57275	12.06548	1.03582	1	-0.00783	-0.01164	0.68674	0.00273	1	0.06533	-0.01767	0.73393	0.00308	1	1.45898	0.81042	0	
1241016	8370.93359	3304508931607	0.57392	0.67178	8370.79980	0.13379	11023	1	0.60918	0.69267	1	0.53183	0.69092	1	0.57051	0.69180	1	0.47021	0.54919	11.28018	1.03582	1	0.73333	0.57285	12.29857	1.03582	1	-0.00783	-0.01164	0.68674	0.00278	1	0.06533	-0.01767	0.73393	0.00306	1	1.45898	0.81042	0	
1241017	8370.94043	3304508998230	0.57217	0.67100	8370.79980	0.14062	11023	1	0.57150	0.59723	1	0.49960	0.71186	1	0.53555	0.65454	1	0.47007	0.54895	11.35931	1.03582	1	0.73293	0.57288	11.97838	1.03582	1	-0.00783	-0.01164	0.68674	0.00310	1	0.06533	-0.01767	0.73393	0.00325	1	1.45898	0.81042	0	
1241018	8370.94727	3304509065712	0.57058	0.67028	8370.79980	0.14746	11023	1	0.57150	0.59723	1	0.49960	0.71186	1	0.53555	0.65454	1	0.47075	0.54900	11.25130	1.03582	1	0.73338	0.57306	11.68904	1.03582	1	-0.00783	-0.01174	0.68674	0.00302	1	0.05853	-0.01578	0.65766	0.00309	1	1.45898	0.81042	0	
1241019	8370.95410	3304509131553	0.57030	0.67085	8370.79980	0.15430	11023	1	0.59356	0.65481	1	0.53415	0.71285	1	0.56386	0.68383	1	0.47039	0.54931	11.18948	1.03582	1	0.73346	0.57309	11.95140	1.03582	1	-0.00783	-0.01174	0.68674	0.00292	1	0.05853	-0.01578	0.65766	0.00304	1	1.45898	0.81042	0	
1241020	8370.95996	3304509199453	0.57015	0.67027	8370.79980	0.16016	11023	1	0.60149	0.60184	1	0.53140	0.71085	1	0.56644	0.65634	1	0.47050	0.54897	10.66601	1.03582	1	0.73331	0.57305	11.74801	1.03582	1	-0.00783	-0.01174	0.68674	0.00301	1	0.05853	-0.01578	0.65766	0.00306	1	1.45898	0.81042	0	
1241021	8370.96680	3304509267585	0.57000	0.66973	8370.79980	0.16699	11023	1	0.60149	0.60184	1	0.53140	0.71085	1	0.56644	0.65634	1	0.47049	0.54910	10.99100	1.03582	1	0.73336	0.57304	11.60000	1.03582	1	-0.00783	-0.01174	0.68674	0.00298	1	0.06533	-0.01767	0.73393	0.00306	1	1.45898	0.81042	0	
1241022	8370.97363	3304509333665	0.56974	0.67075	8370.79980	0.17383	11023	1	0.59700	0.66381	1	0.52882	0.73045	1	0.56291	0.69713	1	0.47032	0.54939	10.92725	1.03582	1	0.73343	0.57323	12.04414	1.03582	1	-0.00783	-0.01174	0.68674	0.00284	1	0.06533	-0.01767	0.73393	0.00303	1	1.45898	0.81042	0	
1241023	8370.98047	3304509400817	0.56954	0.67197	8370.79980	0.18066	11023	1	0.59728	0.67977	1	0.53098	0.73014	1	0.56413	0.70496	1	0.47050	0.54939	10.98100	1.03582	1	0.73345	0.57320	12.05335	1.03582	1	-0.00783	-0.01174	0.68674	0.00281	1	0.06533	-0.01767	0.73393	0.00302	1	1.45898	0.81042	0	
1241024	8370.98730	3304509466519	0.56935	0.67310	8370.79980	0.18750	11023	1	0.59728	0.67977	1	0.53098	0.73014	1	0.56413	0.70496	1	0.47045	0.54928	10.84148	1.03582	1	0.73337	0.57316	11.88420	1.03582	1	-0.00783	-0.01174	0.68674	0.00281	1	0.06533	-0.01767	0.73393	0.00305	1	1.45898	0.81042	0	
1241025	8370.99414	3304509534521	0.56915	0.67328	8370.79980	0.19434	11023	1	0.59560	0.62651	1	0.53098	0.73014	1	0.56329	0.67833	1	0.47044	0.54912	10.86581	1.03582	1	0.73345	0.57320	12.05335	1.03582	1	-0.00783	-0.01174	0.68674	0.00294	1	0.06533	-0.01767	0.73393	0.00302	1	1.45898	0.81042	0	
1241026	8371.00098	3304509601608	0.56911	0.67372	8370.79980	0.20117	11023	1	0.59583	0.65277	1	0.54012	0.72142	1	0.56797	0.68710	1	0.47045	0.54927	10.88552	1.03582	1	0.73351	0.57315	12.03763	1.03582	1	-0.00783	-0.01174	0.68674	0.00299	1	0.06533	-0.01767	0.73393	0.00301	1	1.45898	0.81042	0	
1241027	8371.00781	3304509668536	0.56908	0.67414	8370.79980	0.20801	11023	1	0.59583	0.65277	1	0.54012	0.72142	1	0.56797	0.68710	1	0.47044	0.54912	10.86581	1.03582	1	0.73338	0.57313	11.85633	1.03582	1	-0.00783	-0.01174	0.68674	0.00294	1	0.05853	-0.01578	0.65766	0.00303	1	1.45898	0.81042	0	
1241028	8371.01367	3304509735495	0.56876	0.67452	8370.79980	0.21387	11023	1	0.58150	0.64183	1	0.53544	0.73171	1	0.55847	0.68677	1	0.47016	0.54939	11.16023	1.03582	1	0.73346	0.57325	11.81894	1.03582	1	-0.00783	-0.01174	0.68674	0.00307	1	0.05853	-0.01578	0.65766	0.00300	1	1.45898	0.81042	0	
1241029	8371.02051	3304509800901	0.56871	0.67453	8370.79980	0.22070	11023	1	0.59859	0.62498	1	0.53562	0.72448	1	0.56710	0.67473	1	0.47047	0.54917	10.86258	1.03582	1	0.73346	0.57310	11.87223	1.03582	1	-0.00783	-0.01174	0.68674	0.00300	1	0.05853	-0.01578	0.65766	0.00302	1	1.45898	0.81042	0	
1241030	8371.02734	3304509869563	0.56866	0.67454	8370.79980	0.22754	11023	1	0.59859	0.62498	1	0.53562	0.72448	1	0.56710	0.67473	1	0.47038	0.54956	11.01564	1.03582	1	0.73358	0.57313	12.05684	1.03582	1	-0.00783	-0.01174	0.68674	0.00293	1	0.06533	-0.01767	0.73393	0.00300	1	1.45898	0.81042	0	
1241031	8371.03418	3304509936322	0.56885	0.67511	8370.79980	0.23438	11023	1	0.60336	0.66357	1	0.54752	0.72699	1	0.57544	0.69528	1	0.47039	0.54928	10.73886	1.03582	1	0.73373	0.57334	12.46803	1.03582	1	-0.00783	-0.01174	0.68674	0.00284	1	0.06533	-0.01767	0.73393	0.00295	1	1.45898	0.81042	0	
1241032	8371.04102	3304510003450	0.56878	0.67535	8370.79980	0.24121	11023	1	0.59444	0.63695	1	0.53765	0.73079	1	0.56604	0.68387	1	0.47045	0.54924	10.49763	1.03582	1	0.73345	0.57331	12.22610	1.03582	1	-0.00783	-0.01174	0.68674	0.00287	1	0.06533	-0.01767	0.73393	0.00303	1	1.45898	0.81042	0	
1241033	8371.04785	3304510070100	0.56870	0.67557	8370.79980	0.24805	11023	1	0.59444	0.63695	1	0.53765	0.73079	1	0.56604	0.68387	1	0.47065	0.54926	9.99581	1.03582	1	0.73370	0.57375	12.18126	1.03582	1	-0.00783	-0.01174	0.68674	0.00298	1	0.05603	-0.01520	0.62959	0.00301	1	1.45898	0.81042	0	
1241034	8371.05371	3304510137034	0.56889	0.67661	8370.79980	0.25391	11023	1	0.62061	0.65983	1	0.53139	0.77206	1	0.57600	0.71595	1	0.47076	0.54949	10.28141	1.03582	1	0.73340	0.57376	12.24519	1.03582	1	-0.00783	-0.01174	0.68674	0.00300	1	0.05603	-0.01520	0.62959	0.00302	1	1.45898	0.81042	0	
1241035	8371.06055	3304510203889	0.56888	0.67744	8370.79980	0.26074	11023	1	0.60563	0.66387	1	0.53104	0.75578	1	0.56834	0.70983	1	0.47051	0.54942	10.33223	1.03582	1	0.73358	0.57341	12.20316	1.03582	1	-0.00783	-0.01174	0.68674	0.00296	1	0.05603	-0.01520	0.62959	0.00292	1	1.45898	0.81042	0	
1241036	8371.06738	3304510271368	0.56886	0.67823	8370.79980	0.26758	11023	1	0.60563	0.66387	1	0.53104	0.75578	1	0.56834	0.70983	1	0.47027	0.54947	10.70261	1.03582	1	0.73329	0.57343	11.85816	1.03582	1	-0.00783	-0.01174	0.68674	0.00300	1	0.05603	-0.01520	0.62959	0.00302	1	1.45898	0.81042	0	
1241037	8371.07422	3304510339159	0.56892	0.67837	8370.79980	0.27441	11023	1	0.59844	0.62451	1	0.54423	0.74380	1	0.57133	0.68416	1	0.47049	0.54939	10.27440	1.03582	1	0.73365	0.57345	12.25435	1.03582	1	-0.00783	-0.01174	0.68674	0.00302	1	0.05603	-0.01520	0.62959	0.00303	1	1.45898	0.81042	0	
1241038	8371.08105	3304510404760	0.56909	0.67915	8370.79980	0.28125	11023	1	0.61455	0.65103	1	0.53754	0.77281	1	0.57604	0.71192	1	0.47059	0.54951	10.61153	1.03582	1	0.73356	0.57361	11.92482	1.03582	1	-0.00783	-0.01174	0.68674	0.00296	1	0.05603	-0.01520	0.62959	0.00293	1	1.45898	0.81042	0	
1241039	8371.08789	3304510472643	0.56924	0.67998	8370.79980	0.28809	11023	1	0.61478	0.65509	1	0.53676	0.77615	1	0.57577	0.71562	1	0.47060	0.54965	10.69416	1.02780	1	0.73368	0.57357	11.80035	1.02780	1	-0.00753	-0.01137	0.66472	0.00287	1	0.05603	-0.01520	0.62959	0.00294	1	1.45898	0.81042	0	
1241040	8371.09473	3304510539694	0.56945	0.68115	8370.79980	0.29492	11023	1	0.61139	0.68734	1	0.54633	0.77766	1	0.57886	0.73250	1	0.47066	0.54966	10.77421	1.01979	1	0.73370	0.57363	12.09694	1.01979	1	-0.00753	-0.01137	0.66472	0.00285	1	0.05603	-0.01520	0.62959	0.00309	1	1.45898	0.81042	0	
1241041	8371.10156	3304510606618	0.56970	0.68184	8370.79980	0.30176	11023	1	0.61409	0.65699	1	0.54710	0.76865	1	0.58059	0.71282	1	0.47061	0.54942	10.84828	1.01177	1	0.73373	0.57348	11.69719	1.01177	1	-0.00753	-0.01137	0.66472	0.00289	1	0.05603	-0.01520	0.62959	0.00299	1	1.45898	0.81042	0	
1241042	8371.10742	3304510674068	0.56991	0.68265	8370.79980	0.30762	11023	1	0.61455	0.66476	1	0.54546	0.77518	1	0.58000	0.71997	1	0.47085	0.54960	11.49082	0.99663	1	0.73392	0.57362	12.24576	0.99663	1	-0.00765	-0.01158	0.67998	0.00293	1	0.05939	-0.01609	0.66612	0.00295	1	1.45898	0.81042	0	
1241043	8371.11426	3304510740129	0.57452	0.70880	8370.79980	0.30762	11023	0	0.62262	0.66418	1	0.55108	0.78629	1	0.58685	0.72523	1	0.47070	0.54943	11.37464	0.98950	1	0.73381	0.57363	11.59998	0.98950	1	-0.00765	-0.01158	0.67998	0.00293	1	0.05939	-0.01609	0.66612	0.00292	1	1.45898	0.81042	0	
1241044	8371.12109	3304510807965	0.58008	0.72114	8370.79980	0.30762	11023	0	0.62562	0.67341	1	0.54564	0.79357	1	0.58563	0.73349	1	0.47080	0.54930	11.10458	0.98238	1	0.73386	0.57371	12.23666	0.98238	1	-0.00765	-0.01158	0.67998	0.00299	1	0.05939	-0.01609	0.66612	0.00300	1	1.45898	0.81042	0	
1241045	8371.12793	3304510874150	0.58193	0.72526	8370.79980	0.30762	11023	0	0.62562	0.67341	1	0.54564	0.79357	1	0.58563	0.73349	1	0.47083	0.54929	11.06344	0.98238	1	0.73389	0.57358	11.58080	0.98238	1	-0.00743	-0.01137	0.66500	0.00300	1	0.05842	-0.01587	0.65531	0.00300	1	1.45898	0.81042	0	
1241046	8371.13477	3304510941139	0.58744	0.72932	8371.11426	0.02051	11024	1	0.62421	0.69102	1	0.58373	0.79200	1	0.60397	0.74151	1	0.47076	0.54969	11.14426	0.98950	1	0.73430	0.57374	12.25501	0.98950	1	-0.00743	-0.01137	0.66500	0.00285	1	0.05842	-0.01587	0.65531	0.00297	1	1.45898	0.81042	0	
1241047	8371.14160	3304511008288	0.58634	0.73301	8371.11426	0.02734	11024	1	0.61093	0.71128	1	0.55293	0.78425	1	0.58193	0.74777	1	0.47093	0.54960	10.86197	0.99663	1	0.73425	0.57369	12.35988	0.99663	1	-0.00743	-0.01137	0.66500	0.00296	1	0.05842	-0.01587	0.65531	0.00298	1	1.45898	0.81042	0	
1241048	8371.14844	3304511075354	0.58565	0.73494	8371.11426	0.03418	11024	1	0.61069	0.70796	1	0.55376	0.78124	1	0.58223	0.74460	1	0.47082	0.54982	11.35585	1.00375	1	0.73461	0.57385	12.01071	1.00375	1	-0.00779	-0.01197	0.69691	0.00289	1	0.05903	-0.01606	0.66098	0.00290	1	1.45898	0.81042	0	
1241049	8371.15430	3304511142525	0.58752	0.73889	8371.11426	0.04004	11024	1	0.63239	0.69588	1	0.56506	0.82924	1	0.59873	0.76256	1	0.47126	0.54981	10.75129	1.00375	1	0.73478	0.57402	12.04923	1.00375	1	-0.00779	-0.01197	0.69691	0.00281	1	0.05903	-0.01606	0.66098	0.00285	1	1.45898	0.81042	0	
1241050	8371.16113	3304511209491	0.58768	0.73906	8371.11426	0.04688	11024	1	0.62301	0.68746	1	0.55467	0.79302	1	0.58884	0.74024	1	0.47119	0.54980	10.87110	1.00375	1	0.73463	0.57383	11.83917	1.00375	1	-0.00779	-0.01197	0.69691	0.00281	1	0.05903	-0.01606	0.66098	0.00309	1	1.45898	0.81042	0	
1241051	8371.16797	3304511276702	0.58786	0.73879	8371.11426	0.05371	11024	1	0.62282	0.68356	1	0.55561	0.78973	1	0.58922	0.73664	1	0.47127	0.54979	10.49353	1.01177	1	0.73463	0.57383	11.83917	1.01177	1	-0.00745	-0.01148	0.67107	0.00284	1	0.05903	-0.01606	0.66098	0.00309	1	1.45898	0.81042	0	
1241052	8371.17480	3304511341798	0.58797	0.73763	8371.11426	0.06055	11024	1	0.63383	0.70542	1	0.54422	0.74899	1	0.58903	0.72720	1	0.47137	0.54990	10.30939	1.01979	1	0.73452	0.57379	11.33813	1.01979	1	-0.00745	-0.01148	0.67107	0.00283	1	0.05903	-0.01606	0.66098	0.00310	1	1.45898	0.81042	0	
1241053	8371.18164	3304511410200	0.58878	0.73601	8371.11426	0.06738	11024	1	0.64808	0.69275	1	0.54557	0.74689	1	0.59682	0.71982	1	0.47153	0.54975	10.10838	1.02780	1	0.73440	0.57402	11.67682	1.02780	1	-0.00745	-0.01148	0.67107	0.00281	1	0.05903	-0.01606	0.66098	0.00310	1	1.45898	0.81042	0	
1241054	8371.18848	3304511477145	0.58948	0.73436	8371.11426	0.07422	11024	1	0.64808	0.68899	1	0.54642	0.74332	1	0.59725	0.71616	1	0.47156	0.54905	10.02010	1.03582	1	0.73433	0.57426	12.04609	1.03582	1	-0.00745	-0.01163	0.67107	0.00304	1	0.05903	-0.01606	0.66098	0.00305	1	1.45898	0.81042	0	
1241055	8371.19531	3304511544332	0.58993	0.73354	8371.11426	0.08105	11024	1	0.64304	0.68362	1	0.54743	0.76390	1	0.59524	0.72376	1	0.47179	0.54988	10.84337	1.03582	1	0.73444	0.57409	11.69209	1.03582	1	-0.00745	-0.01163	0.67107	0.00271	1	0.05903	-0.01606	0.66098	0.00306	1	1.45898	0.81042	0	
1241056	8371.20117	3304511608877	0.58969	0.73101	8371.11426	0.08691	11024	1	0.62782	0.63216	1	0.54553	0.76394	1	0.58667	0.69805	1	0.47172	0.54928	10.54049	1.03582	1	0.73443	0.57413	11.63039	1.03582	1	-0.00745	-0.01163	0.67107	0.00299	1	0.05903	-0.01606	0.66098	0.00309	1	1.45898	0.81042	0	
1241057	8371.20801	3304511675609	0.58944	0.72916	8371.11426	0.09375	11024	1	0.62796	0.63636	1	0.54398	0.77025	1	0.58597	0.70330	1	0.47148	0.54943	10.79263	1.02780	1	0.73485	0.57466	11.61411	1.02100	1	-0.00727	-0.01137	0.65940	0.00307	1	0.05649	-0.01531	0.63206	0.00300	1	1.45898	0.81042	0	
1241058	8371.21484	3304511740373	0.58966	0.73017	8371.11426	0.10059	11024	1	0.61224	0.70872	1	0.57368	0.78206	1	0.59296	0.74539	1	0.47135	0.54997	11.08413	1.01298	1	0.73493	0.57466	11.92830	1.00617	1	-0.00727	-0.01137	0.65940	0.00285	1	0.05649	-0.01531	0.63206	0.00291	1	1.45898	0.81042	0	
1241059	8371.22168	3304511809584	0.59016	0.73118	8371.11426	0.10742	11024	1	0.62193	0.68465	1	0.57410	0.81005	1	0.59801	0.74735	1	0.47148	0.54962	11.09434	0.99815	1	0.73494	0.57467	11.89567	0.99135	1	-0.00727	-0.01137	0.65940	0.00299	1	0.05649	-0.01531	0.63206	0.00293	1	1.45898	0.81042	0	
1241060	8371.22754	3304511875035	0.59060	0.73229	8371.11426	0.11328	11024	1	0.62228	0.69194	1	0.57405	0.81020	1	0.59816	0.75107	1	0.47149	0.55002	11.23921	0.98333	1	0.73516	0.57468	12.58363	0.99099	1	-0.00722	-0.01135	0.66384	0.00288	1	0.06042	-0.01640	0.67489	0.00293	1	1.45898	0.81042	0	
1241061	8371.23438	3304511942948	0.58988	0.73264	8371.11426	0.12012	11024	1	0.59886	0.71027	1	0.55493	0.76771	1	0.57690	0.73899	1	0.47152	0.55000	11.33237	0.99099	1	0.73510	0.57455	12.35684	1.00546	1	-0.00722	-0.01135	0.66384	0.00288	1	0.06042	-0.01640	0.67489	0.00300	1	1.45898	0.81042	0	
1241062	8371.24121	3304512009034	0.58949	0.73274	8371.11426	0.12695	11024	1	0.62086	0.70651	1	0.54345	0.76284	1	0.58216	0.73467	1	0.47186	0.54976	10.50590	1.00546	1	0.73513	0.57443	12.05748	1.01992	1	-0.00722	-0.01135	0.66384	0.00298	1	0.06042	-0.01640	0.67489	0.00305	1	1.45898	0.81042	0	
1241063	8371.24805	3304512079196	0.58917	0.73243	8371.11426	0.13379	11024	1	0.62031	0.69601	1	0.54500	0.75642	1	0.58265	0.72621	1	0.47189	0.55006	10.98215	1.02794	1	0.73508	0.57421	12.08249	1.03475	1	-0.00732	-0.01164	0.67797	0.00280	1	0.05913	-0.01604	0.65993	0.00300	1	1.45898	0.81042	0	
1241064	8371.25488	3304512145808	0.58912	0.73079	8371.11426	0.14062	11024	1	0.62192	0.69184	1	0.55425	0.70066	1	0.58808	0.69625	1	0.47196	0.54995	10.95069	1.04277	1	0.73528	0.57398	12.09087	1.03511	1	-0.00732	-0.01164	0.67797	0.00282	1	0.05913	-0.01604	0.65993	0.00289	1	1.45898	0.81042	0	
1241065	8371.26172	3304512212455	0.58907	0.73045	8371.11426	0.14746	11024	1	0.62598	0.68764	1	0.55002	0.75837	1	0.58800	0.72300	1	0.47194	0.54991	10.89527	1.04312	1	0.73519	0.57391	11.77150	1.03546	1	-0.00732	-0.01164	0.67797	0.00282	1	0.05913	-0.01604	0.65993	0.00295	1	1.45898	0.81042	0	
1241066	8371.26855	3304512280043	0.58903	0.73013	8371.11426	0.15430	11024	1	0.62598	0.68748	1	0.55006	0.75821	1	0.58802	0.72284	1	0.47218	0.54989	10.75931	1.04348	1	0.73526	0.57401	11.62020	1.03582	1	-0.00733	-0.01161	0.67906	0.00281	1	0.05967	-0.01623	0.66590	0.00288	1	1.45898	0.81042	0	
1241067	8371.27539	3304512346426	0.58938	0.72875	8371.11426	0.16113	11024	1	0.63817	0.69883	1	0.55764	0.69234	1	0.59791	0.69559	1	0.47222	0.55000	10.56710	1.03582	1	0.73535	0.57385	11.31595	1.03582	1	-0.00733	-0.01161	0.67906	0.00281	1	0.05967	-0.01623	0.66590	0.00295	1	1.45898	0.81042	0	
1241068	8371.28223	3304512416181	0.58983	0.72798	8371.11426	0.16797	11024	1	0.63432	0.65710	1	0.56799	0.76047	1	0.60115	0.70879	1	0.47207	0.54979	10.57835	1.03582	1	0.73554	0.57423	11.56577	1.03582	1	-0.00733	-0.01161	0.67906	0.00287	1	0.05967	-0.01623	0.66590	0.00293	1	1.45898	0.81042	0	
1241069	8371.28906	3304512482845	0.59025	0.72727	8371.11426	0.17480	11024	1	0.63432	0.65710	1	0.56799	0.76047	1	0.60115	0.70879	1	0.47213	0.54983	10.97913	1.03582	1	0.73559	0.57448	11.70934	1.03582	1	-0.00732	-0.01154	0.67797	0.00279	1	0.05967	-0.01618	0.66590	0.00293	1	1.45898	0.81042	0	
1241070	8371.29492	3304512548914	0.59020	0.72736	8371.11426	0.18066	11024	1	0.61918	0.68959	1	0.55835	0.76977	1	0.58877	0.72968	1	0.47217	0.54995	11.04378	1.03582	1	0.73545	0.57416	11.53122	1.03582	1	-0.00732	-0.01154	0.67797	0.00276	1	0.05967	-0.01618	0.66590	0.00294	1	1.45898	0.81042	0	
1241071	8371.30176	3304512615716	0.59065	0.72785	8371.11426	0.18750	11024	1	0.65095	0.69443	1	0.55575	0.78875	1	0.60335	0.74159	1	0.47233	0.54997	10.59188	1.03582	1	0.73530	0.57443	11.63091	1.03582	1	-0.00732	-0.01154	0.67797	0.00277	1	0.05967	-0.01618	0.66590	0.00298	1	1.45898	0.81042	0	
1241072	8371.30859	3304512682681	0.59108	0.72831	8371.11426	0.19434	11024	1	0.65095	0.69443	1	0.55575	0.78875	1	0.60335	0.74159	1	0.47215	0.54992	10.62658	1.03582	1	0.73540	0.57416	11.66062	1.03582	1	-0.00732	-0.01154	0.67797	0.00282	1	0.05967	-0.01618	0.66590	0.00309	1	1.45898	0.81042	0	
1241073	8371.31543	3304512749796	0.59094	0.72885	8371.11426	0.20117	11024	1	0.61220	0.69081	1	0.56159	0.79946	1	0.58690	0.74514	1	0.47205	0.54961	10.68927	1.03582	1	0.73550	0.57447	11.62618	1.03582	1	-0.00732	-0.01154	0.67797	0.00296	1	0.05967	-0.01618	0.66590	0.00304	1	1.45898	0.81042	0	
1241074	8371.32227	3304512816816	0.59064	0.72879	8371.11426	0.20801	11024	1	0.60395	0.68251	1	0.55860	0.77109	1	0.58127	0.72680	1	0.47214	0.54976	10.88815	1.03582	1	0.73542	0.57436	11.84499	1.03582	1	-0.00732	-0.01154	0.67797	0.00285	1	0.05967	-0.01618	0.66590	0.00294	1	1.45898	0.81042	0	
1241075	8371.32910	3304512883498	0.59035	0.72883	8371.11426	0.21484	11024	1	0.60426	0.68633	1	0.55766	0.77445	1	0.58096	0.73039	1	0.47255	0.54978	10.92694	1.02780	1	0.73566	0.57456	11.31162	1.02780	1	-0.00710	-0.01127	0.66186	0.00286	1	0.05967	-0.01613	0.66590	0.00298	1	1.45898	0.81042	0	
1241076	8371.33594	3304512950606	0.59038	0.72952	8371.11426	0.22168	11024	1	0.61653	0.67948	1	0.56626	0.82475	1	0.59140	0.75211	1	0.47227	0.54991	10.46490	1.01979	1	0.73563	0.57466	11.61411	1.01979	1	-0.00710	-0.01127	0.66186	0.00279	1	0.05967	-0.01613	0.66590	0.00300	1	1.45898	0.81042	0	
1241077	8371.34180	3304513017912	0.59051	0.73030	8371.11426	0.22754	11024	1	0.62378	0.70177	1	0.56658	0.81226	1	0.59518	0.75701	1	0.47228	0.54992	11.34409	1.01177	1	0.73565	0.57454	11.55342	1.01177	1	-0.00710	-0.01127	0.66186	0.00276	1	0.05967	-0.01613	0.66590	0.00300	1	1.45898	0.81042	0	
1241078	8371.34863	3304513084840	0.59063	0.73114	8371.11426	0.23438	11024	1	0.62396	0.70552	1	0.56556	0.81537	1	0.59476	0.76044	1	0.47210	0.54990	10.89294	1.00375	1	0.73563	0.57466	11.61411	1.00375	1	-0.00710	-0.01127	0.66186	0.00279	1	0.05967	-0.01618	0.66590	0.00300	1	1.45898	0.81042	0	
1241079	8371.35547	3304513152269	0.59104	0.73146	8371.11426	0.24121	11024	1	0.63909	0.68671	1	0.57227	0.79940	1	0.60568	0.74305	1	0.47260	0.54970	10.96019	1.00375	1	0.73565	0.57428	11.64159	1.00375	1	-0.00710	-0.01127	0.66186	0.00289	1	0.05967	-0.01618	0.66590	0.00283	1	1.45898	0.81042	0	
1241080	8371.36230	3304513218566	0.59109	0.73123	8371.11426	0.24805	11024	1	0.61687	0.65906	1	0.56914	0.78618	1	0.59301	0.72262	1	0.47227	0.54950	10.37904	1.00375	1	0.73553	0.57416	11.29562	1.00375	1	-0.00710	-0.01127	0.66186	0.00290	1	0.05967	-0.01618	0.66590	0.00284	1	1.45898	0.81042	0	
1241081	8371.36914	3304513285367	0.59115	0.73091	8371.11426	0.25488	11024	1	0.61664	0.65494	1	0.57019	0.78283	1	0.59342	0.71889	1	0.47239	0.54962	10.38447	1.01177	1	0.73564	0.57397	11.14673	1.01177	1	-0.00733	-0.01161	0.67906	0.00283	1	0.05967	-0.01613	0.66590	0.00289	1	1.45898	0.81042	0	
1241082	8371.37598	3304513351394	0.59117	0.73071	8371.11426	0.26172	11024	1	0.60935	0.63250	1	0.57461	0.81265	1	0.59198	0.72258	1	0.47205	0.54917	10.17107	1.01979	1	0.73573	0.57408	11.49646	1.01979	1	-0.00733	-0.01161	0.67906	0.00289	1	0.05967	-0.01613	0.66590	0.00290	1	1.45898	0.81042	0	
1241083	8371.38281	3304513419484	0.59128	0.73112	8371.11426	0.26855	11024	1	0.62896	0.68651	1	0.56205	0.80908	1	0.59550	0.74779	1	0.47201	0.54913	10.43827	1.02780	1	0.73552	0.57412	11.53294	1.02780	1	-0.00733	-0.01161	0.67906	0.00305	1	0.05967	-0.01613	0.66590	0.00281	1	1.45898	0.81042	0	
1241084	8371.38867	3304513486259	0.59140	0.73140	8371.11426	0.27441	11024	1	0.62883	0.68269	1	0.56395	0.80304	1	0.59639	0.74287	1	0.47140	0.54790	10.14055	1.03582	1	0.73430	0.57256	11.54726	1.04348	1	-0.00740	-0.01140	0.67584	0.00324	1	0.06042	-0.01620	0.67489	0.00313	1	1.45898	0.81042	0	
1241085	8371.39551	3304513553140	0.59085	0.73106	8371.11426	0.28125	11024	1	0.59787	0.71335	1	0.53738	0.72021	1	0.56763	0.71678	1	0.47082	0.54811	10.86300	1.04348	1	0.73432	0.57205	11.68134	1.05114	1	-0.00740	-0.01140	0.67584	0.00295	1	0.06042	-0.01620	0.67489	0.00302	1	1.45898	0.81042	0	
1241086	8371.40234	3304513620303	0.59083	0.73016	8371.11426	0.28809	11024	1	0.61334	0.67574	1	0.56676	0.70736	1	0.59005	0.69155	1	0.47061	0.54799	10.54802	1.05114	1	0.73433	0.57181	11.65176	1.05880	1	-0.00740	-0.01140	0.67584	0.00271	1	0.06042	-0.01620	0.67489	0.00283	1	1.45898	0.81042	0	
1241087	8371.40918	3304513686798	0.59082	0.72923	8371.11426	0.29492	11024	1	0.61311	0.67209	1	0.56769	0.70376	1	0.59040	0.68792	1	0.46916	0.54633	10.44907	1.05880	1	0.73269	0.56950	11.13354	1.06646	1	-0.00783	-0.01123	0.68674	0.00349	1	0.06038	-0.01589	0.67899	0.00332	1	1.45898	0.81042	0	
1241088	8371.41602	3304513751187	0.58956	0.72556	8371.11426	0.30176	11024	1	0.55853	0.55167	1	0.50719	0.56970	1	0.53286	0.56069	1	0.46948	0.54558	10.76347	1.06646	1	0.73251	0.56867	11.55612	1.06646	1	-0.00783	-0.01123	0.68674	0.00331	1	0.06038	-0.01589	0.67899	0.00336	1	1.45898	0.81042	0	
1241089	8371.42188	3304513817915	0.58832	0.72330	8371.11426	0.30762	11024	1	0.53683	0.60873	1	0.52579	0.62941	1	0.53131	0.61907	1	0.46919	0.54511	10.50184	1.06646	1	0.73247	0.56851	11.83601	1.06646	1	-0.00783	-0.01123	0.68674	0.00318	1	0.06038	-0.01589	0.67899	0.00305	1	1.45898	0.81042	0	
1241090	8371.42871	3304513887047	0.57617	0.69194	8371.11426	0.30762	11024	0	0.53683	0.60873	0	0.52579	0.62941	1	0.52579	0.62941	1	0.46919	0.54511	10.50184	1.06646	0	0.46806	0.54021	10.36584	1.06646	1	-0.00783	-0.01123	0.68674	0.00318	1	-0.00783	-0.01068	0.67820	0.00209	1	1.45898	0.81042	0	
1241091	8371.43555	3304513954985	0.47660	0.54696	8371.11426	0.30762	11024	0	0.53683	0.60873	0	0.37704	0.40198	1	0.37704	0.40198	1	0.46919	0.54511	10.50184	1.06646	0	0.46807	0.54212	10.49975	1.06646	1	-0.00783	-0.01123	0.68674	0.00318	1	-0.00783	-0.01068	0.67820	0.00350	1	1.45898	0.81042	0	
1241092	8371.44238	3304514022152	0.43956	0.50425	8371.11426	0.30762	11024	0	0.53683	0.60873	0	0.36546	0.41883	1	0.36546	0.41883	1	0.46919	0.54511	10.50184	1.06646	0	0.46810	0.54237	10.94015	1.06646	1	-0.00783	-0.01123	0.68674	0.00318	1	-0.00783	-0.01068	0.67820	0.00361	1	1.45898	0.81042	0	
1241093	8371.44922	3304514089425	0.36948	0.41507	8371.11426	0.30762	11024	0	0.53683	0.60873	0	0.36594	0.42439	1	0.36594	0.42439	1	0.46919	0.54511	10.50184	1.06646	0	0.46772	0.53888	11.31325	1.05880	1	-0.00783	-0.01123	0.68674	0.00318	1	-0.00773	-0.01033	0.66542	0.00222	1	1.45898	0.81042	0	
1241094	8371.45605	3304514156107	0.36661	0.37581	8371.11426	0.30762	11024	0	0.53683	0.60873	0	0.36374	0.33654	1	0.36374	0.33654	1	0.46919	0.54511	10.50184	1.05880	0	0.46793	0.54124	10.50060	1.05114	1	-0.00783	-0.01123	0.68674	0.00318	1	-0.00773	-0.01033	0.66542	0.00389	1	1.45898	0.81042	0	
1241095	8371.46289	3304514222824	0.36270	0.29395	8371.11426	0.30762	11024	0	0.53683	0.60873	0	0.35490	0.13025	1	0.35490	0.13025	1	0.46919	0.54511	10.50184	1.05114	0	0.46767	0.53899	11.31457	1.04348	1	-0.00783	-0.01123	0.68674	0.00318	1	-0.00773	-0.01033	0.66542	0.00229	1	1.45898	0.81042	0	
1241096	8371.46973	3304514290477	0.35784	0.19902	8371.11426	0.30762	11024	0	0.53683	0.60873	0	0.35490	0.13025	1	0.35490	0.13025	1	0.46919	0.54511	10.50184	1.04348	0	0.46749	0.53900	11.08544	1.04348	1	-0.00783	-0.01123	0.68674	0.00318	1	-0.00814	-0.01072	0.68711	0.00227	1	1.45898	0.81042	0	
1241097	8371.47656	3304514357251	0.35468	0.25936	8371.11426	0.30762	11024	0	0.53683	0.60873	0	0.35152	0.31971	1	0.35152	0.31971	1	0.46919	0.54511	10.50184	1.04348	0	0.46738	0.54088	11.18922	1.05114	1	-0.00783	-0.01123	0.68674	0.00318	1	-0.00814	-0.01072	0.68711	0.00372	1	1.45898	0.81042	0	
1241098	8371.48340	3304514424711	0.35683	0.25541	8371.11426	0.30762	11024	0	0.53683	0.60873	0	0.36113	0.24749	1	0.36113	0.24749	1	0.46919	0.54511	10.50184	1.05114	0	0.46749	0.54043	11.29459	1.05880	1	-0.00783	-0.01123	0.68674	0.00318	1	-0.00814	-0.01072	0.68711	0.00414	1	1.45898	0.81042	0	
1241099	8371.48926	3304514486924	0.35778	0.25172	8371.46973	0.01953	11025	1	0.53683	0.60873	0	0.36062	0.24067	1	0.36062	0.24067	1	0.46919	0.54511	10.50184	1.05880	0	0.46760	0.54120	11.27612	1.06646	1	-0.00783	-0.01123	0.68674	0.00318	1	-0.00814	-0.01072	0.68711	0.00373	1	1.45898	0.81042	0	
1241100	8371.49609	3304514557907	0.38298	0.27495	8371.46973	0.02637	11025	1	0.50544	0.35460	1	0.46213	0.38111	1	0.48379	0.36786	1	0.46762	0.54117	11.19600	1.06646	1	0.73089	0.56479	11.38038	1.06646	1	-0.00783	-0.01123	0.68674	0.00372	1	-0.00814	-0.01072	0.68711	0.00400	1	1.45898	0.81042	0	
1241101	8371.50293	3304514623384	0.40139	0.29207	8371.46973	0.03320	11025	1	0.52369	0.39889	1	0.46323	0.35646	1	0.49346	0.37768	1	0.46747	0.54165	11.71569	1.06646	1	0.73091	0.56463	11.26316	1.06646	1	-0.00783	-0.01123	0.68674	0.00368	1	-0.00814	-0.01072	0.68711	0.00402	1	1.45898	0.81042	0	
1241102	8371.50977	3304514692771	0.41454	0.30430	8371.46973	0.04004	11025	1	0.52369	0.39889	1	0.46323	0.35646	1	0.49346	0.37768	1	0.46698	0.53900	11.48025	1.06646	1	0.73114	0.56483	11.42241	1.06646	1	-0.00814	-0.01062	0.68711	0.00221	1	0.06047	-0.01535	0.68232	0.00384	1	1.45898	0.81042	0	
1241103	8371.51660	3304514760424	0.42272	0.31222	8371.46973	0.04688	11025	1	0.51014	0.39276	1	0.44983	0.34256	1	0.47998	0.36766	1	0.46730	0.54159	11.04627	1.06646	1	0.73065	0.56439	11.90113	1.06646	1	-0.00814	-0.01062	0.68711	0.00370	1	0.06047	-0.01535	0.68232	0.00399	1	1.45898	0.81042	0	
1241104	8371.52344	3304514826145	0.42832	0.30583	8371.46973	0.05371	11025	1	0.48361	0.16850	1	0.46265	0.34090	1	0.47313	0.25470	1	0.46710	0.53883	11.14353	1.06646	1	0.73095	0.56431	11.21199	1.06646	1	-0.00814	-0.01062	0.68711	0.00224	1	0.06047	-0.01535	0.68232	0.00406	1	1.45898	0.81042	0	
1241105	8371.53027	3304514893248	0.43174	0.30995	8371.46973	0.06055	11025	1	0.48361	0.16850	0	0.46245	0.34707	1	0.46245	0.34707	1	0.46710	0.53883	11.14353	1.06646	0	0.46688	0.53877	11.12484	1.05880	1	-0.00814	-0.01062	0.68711	0.00224	1	-0.00793	-0.01028	0.66554	0.00222	1	1.45898	0.81042	0	
1241106	8371.53613	3304514960038	0.42562	0.31367	8371.46973	0.06641	11025	1	0.48361	0.16850	0	0.36442	0.35085	1	0.36442	0.35085	1	0.46710	0.53883	11.14353	1.05880	0	0.46714	0.54153	10.72128	1.05114	1	-0.00814	-0.01062	0.68711	0.00224	1	-0.00793	-0.01028	0.66554	0.00372	1	1.45898	0.81042	0	
1241107	8371.54297	3304515028325	0.42084	0.31979	8371.46973	0.07324	11025	1	0.48361	0.16850	0	0.36834	0.38714	1	0.36834	0.38714	1	0.46710	0.53883	11.14353	1.05114	0	0.46732	0.54180	11.16925	1.04348	1	-0.00814	-0.01062	0.68711	0.00224	1	-0.00793	-0.01028	0.66554	0.00360	1	1.45898	0.81042	0	
1241108	8371.54980	3304515094861	0.41684	0.32543	8371.46973	0.08008	11025	1	0.48361	0.16850	0	0.36881	0.39305	1	0.36881	0.39305	1	0.46710	0.53883	11.14353	1.04348	0	0.46681	0.53889	11.04304	1.03582	1	-0.00814	-0.01062	0.68711	0.00224	1	-0.00793	-0.01028	0.66554	0.00234	1	1.45898	0.81042	0	
1241109	8371.55664	3304515160893	0.41249	0.31171	8371.46973	0.08691	11025	1	0.48361	0.16850	0	0.35595	0.13338	1	0.35595	0.13338	1	0.46710	0.53883	11.14353	1.03582	0	0.46683	0.53883	11.28202	1.03582	1	-0.00814	-0.01062	0.68711	0.00224	1	-0.00793	-0.01028	0.66554	0.00228	1	1.45898	0.81042	0	
1241110	8371.56348	3304515227861	0.40907	0.29942	8371.46973	0.09375	11025	1	0.48361	0.16850	0	0.36122	0.12740	1	0.36122	0.12740	1	0.46710	0.53883	11.14353	1.03582	0	0.46687	0.53890	11.46459	1.03582	1	-0.00814	-0.01062	0.68711	0.00224	1	-0.00793	-0.01028	0.66554	0.00227	1	1.45898	0.81042	0	
1241111	8371.57031	3304515294945	0.40605	0.28818	8371.46973	0.10059	11025	1	0.48361	0.16850	0	0.36071	0.11955	1	0.36071	0.11955	1	0.46710	0.53883	11.14353	1.03582	0	0.46677	0.54147	11.42626	1.04348	1	-0.00814	-0.01062	0.68711	0.00224	1	-0.00822	-0.01046	0.67677	0.00371	1	1.45898	0.81042	0	
1241112	8371.57617	3304515361658	0.40410	0.27794	8371.46973	0.10645	11025	1	0.48361	0.16850	0	0.37283	0.11403	1	0.37283	0.11403	1	0.46710	0.53883	11.14353	1.04348	0	0.46681	0.53879	11.66271	1.05114	1	-0.00814	-0.01062	0.68711	0.00224	1	-0.00822	-0.01046	0.67677	0.00233	1	1.45898	0.81042	0	
1241113	8371.58301	3304515429046	0.40264	0.26918	8371.46973	0.11328	11025	1	0.48361	0.16850	0	0.37791	0.12039	1	0.37791	0.12039	1	0.46710	0.53883	11.14353	1.05114	0	0.46676	0.53888	11.50117	1.05880	1	-0.00814	-0.01062	0.68711	0.00224	1	-0.00822	-0.01046	0.67677	0.00232	1	1.45898	0.81042	0	
1241114	8371.58984	3304515496680	0.39361	0.23566	8371.46973	0.11328	11025	0	0.48361	0.16850	0	0.37753	0.11265	1	0.37753	0.11265	1	0.46710	0.53883	11.14353	1.05880	0	0.46660	0.53874	11.20143	1.06646	1	-0.00814	-0.01062	0.68711	0.00224	1	-0.00822	-0.01046	0.67677	0.00227	1	1.45898	0.81042	0	
1241115	8371.59668	3304515562967	0.37878	0.15986	8371.46973	0.11328	11025	0	0.48361	0.16850	0	0.36395	0.08406	1	0.36395	0.08406	1	0.46710	0.53883	11.14353	1.06646	0	0.46660	0.53874	11.20143	1.06646	1	-0.00814	-0.01062	0.68711	0.00224	1	-0.00822	-0.01046	0.67677	0.00227	1	1.45898	0.81042	0	
1241116	8371.60352	3304515627556	0.37447	0.13199	8371.46973	0.11328	11025	0	0.48361	0.16850	0	0.36587	0.07624	1	0.36587	0.07624	1	0.46710	0.53883	11.14353	1.06646	0	0.46660	0.53874	11.20143	1.06646	1	-0.00814	-0.01062	0.68711	0.00224	1	-0.00822	-0.01046	0.67677	0.00227	1	1.45898	0.81042	0	
1241117	8371.60938	3304515692313	0.36523	0.07885	8371.46973	0.11328	11025	0	0.48361	0.16850	0	0.36587	0.07624	1	0.36587	0.07624	1	0.46710	0.53883	11.14353	1.06646	0	0.46648	0.53872	11.12356	1.06646	1	-0.00814	-0.01062	0.68711	0.00224	1	-0.00834	-0.01066	0.68667	0.00235	1	1.45898	0.81042	0	
1241118	8371.61621	3304515759170	0.35800	0.09899	8371.46973	0.11328	11025	0	0.48361	0.16850	0	0.35078	0.11913	1	0.35078	0.11913	1	0.46710	0.53883	11.14353	1.06646	0	0.46638	0.53899	11.69979	1.06646	1	-0.00814	-0.01062	0.68711	0.00224	1	-0.00834	-0.01066	0.68667	0.00231	1	1.45898	0.81042	0	
1241119	8371.62402	3304515830987	0.39616	0.15663	8371.46973	0.11328	11025	0	0.47288	0.15344	1	0.47207	0.39037	1	0.47247	0.27191	1	0.46640	0.53890	11.38960	1.06646	1	0.73065	0.56445	11.49834	1.06646	1	-0.00814	-0.01062	0.68711	0.00237	1	-0.00834	-0.01066	0.68667	0.00374	1	1.45898	0.81042	0	
1241120	8371.63086	3304515899006	0.43191	0.22098	8371.46973	0.11328	11025	0	0.47288	0.15344	1	0.47207	0.39037	1	0.47247	0.27191	1	0.46628	0.53876	11.89096	1.06646	1	0.73054	0.56417	11.24270	1.06646	1	-0.00834	-0.01066	0.68667	0.00230	1	0.05978	-0.01523	0.67679	0.00379	1	1.45898	0.81042	0	
1241121	8371.63672	3304515962958	0.44461	0.24285	8371.46973	0.11328	11025	0	0.46327	0.16085	1	0.45135	0.36861	1	0.45731	0.26473	1	0.46637	0.53896	11.71358	1.06646	1	0.73035	0.56422	11.56300	1.06646	1	-0.00834	-0.01066	0.68667	0.00228	1	0.05978	-0.01523	0.67679	0.00381	1	1.45898	0.81042	0	
1241122	8371.64355	3304516028559	0.45231	0.25004	8371.46973	0.11328	11025	0	0.47456	0.15135	1	0.46086	0.37748	1	0.46771	0.26442	1	0.46641	0.53882	11.55102	1.06646	1	0.73050	0.56442	11.47472	1.06646	1	-0.00834	-0.01066	0.68667	0.00225	1	0.05978	-0.01523	0.67679	0.00377	1	1.45898	0.81042	0	
1241123	8371.65039	3304516094437	0.45616	0.25364	8371.63086	0.01953	11026	1	0.47456	0.15135	1	0.46086	0.37748	1	0.46771	0.26442	1	0.46626	0.53881	11.52817	1.06646	1	0.73025	0.56450	11.50725	1.06646	1	-0.00834	-0.01066	0.68667	0.00231	1	0.05978	-0.01523	0.67679	0.00372	1	1.45898	0.81042	0	
1241124	8371.65723	3304516164786	0.45974	0.27987	8371.63086	0.02637	11026	1	0.49221	0.35506	1	0.45593	0.41452	1	0.47407	0.38479	1	0.46661	0.54130	11.57345	1.06646	1	0.73039	0.56420	11.22715	1.06646	1	-0.00834	-0.01066	0.68667	0.00378	1	0.05978	-0.01523	0.67679	0.00388	1	1.45898	0.81042	0	
1241125	8371.66406	3304516232049	0.45875	0.28222	8371.63086	0.03320	11026	1	0.45827	0.15516	1	0.44925	0.43280	1	0.45376	0.29398	1	0.46631	0.53895	11.41301	1.06646	1	0.73030	0.56430	11.70600	1.06646	1	-0.00834	-0.01066	0.68667	0.00231	1	0.05978	-0.01523	0.67679	0.00362	1	1.45898	0.81042	0	
1241126	8371.67090	3304516299840	0.45803	0.28390	8371.63086	0.04004	11026	1	0.45827	0.15516	1	0.44925	0.43280	1	0.45376	0.29398	1	0.46626	0.53893	11.05171	1.06646	1	0.73043	0.56415	11.58544	1.06646	1	-0.00822	-0.01046	0.67677	0.00234	1	0.05978	-0.01513	0.67679	0.00369	1	1.45898	0.81042	0	
1241127	8371.67676	3304516366633	0.45762	0.28296	8371.63086	0.04590	11026	1	0.47070	0.15044	1	0.43877	0.40242	1	0.45473	0.27643	1	0.46639	0.53869	11.53635	1.06646	1	0.73020	0.56437	11.64974	1.06646	1	-0.00822	-0.01046	0.67677	0.00227	1	0.05978	-0.01513	0.67679	0.00363	1	1.45898	0.81042	0	
1241128	8371.68359	3304516435274	0.45764	0.28075	8371.63086	0.05273	11026	1	0.46916	0.14939	1	0.44646	0.37661	1	0.45781	0.26300	1	0.46637	0.53876	10.78472	1.06646	1	0.73022	0.56440	11.71903	1.06646	1	-0.00822	-0.01046	0.67677	0.00215	1	0.05978	-0.01513	0.67679	0.00364	1	1.45898	0.81042	0	
1241129	8371.69043	3304516502581	0.45765	0.27927	8371.63086	0.05957	11026	1	0.46916	0.14939	1	0.44638	0.38252	1	0.45777	0.26595	1	0.46672	0.53878	10.28444	1.06646	1	0.73040	0.56382	12.38608	1.05880	1	-0.00834	-0.01056	0.68667	0.00204	1	0.05853	-0.01470	0.66214	0.00377	1	1.45898	0.81042	0	
1241130	8371.69727	3304516567784	0.45766	0.28988	8371.63086	0.06641	11026	1	0.46916	0.14939	0	0.45773	0.39604	1	0.45773	0.39604	1	0.46672	0.53878	10.28444	1.05880	0	0.73039	0.56395	10.92362	1.05114	1	-0.00834	-0.01056	0.68667	0.00204	1	0.05853	-0.01470	0.66214	0.00384	1	1.45898	0.81042	0	
1241131	8371.70410	3304516634804	0.45766	0.28988	8371.63086	0.07324	11026	1	0.46916	0.14939	0	0.45773	0.39604	0	0.45773	0.39604	0	0.46672	0.53878	10.28444	1.05114	0	0.73039	0.56395	10.92362	1.04348	0	-0.00834	-0.01056	0.68667	0.00204	1	0.05853	-0.01470	0.66214	0.00384	1	1.45898	0.81042	0	
1241132	8371.71094	3304516701464	0.45766	0.28988	8371.63086	0.08008	11026	1	0.46916	0.14939	0	0.45773	0.39604	0	0.45773	0.39604	0	0.46672	0.53878	10.28444	1.04348	0	0.73039	0.56395	10.92362	1.03582	0	-0.00834	-0.01056	0.68667	0.00204	1	0.05853	-0.01470	0.66214	0.00384	1	1.45898	0.81042	0	
1241133	8371.71777	3304516768820	0.45766	0.28988	8371.63086	0.08691	11026	1	0.46916	0.14939	0	0.45773	0.39604	0	0.45773	0.39604	0	0.46672	0.53878	10.28444	1.03582	0	0.73039	0.56395	10.92362	1.03582	0	-0.00834	-0.01056	0.68667	0.00204	1	0.05853	-0.01470	0.66214	0.00384	1	1.45898	0.81042	0	
1241134	8371.72363	3304516835611	0.46024	0.29677	8371.63086	0.08691	11026	0	0.46916	0.14939	0	0.45773	0.39604	0	0.45773	0.39604	0	0.46672	0.53878	10.28444	1.03582	0	0.73039	0.56395	10.92362	1.03582	0	-0.00834	-0.01056	0.68667	0.00204	1	0.05853	-0.01470	0.66214	0.00384	1	1.45898	0.81042	0	
1241135	8371.73047	3304516903169	0.46024	0.29677	8371.63086	0.08691	11026	0	0.46916	0.14939	0	0.45773	0.39604	0	0.45773	0.39604	0	0.46672	0.53878	10.28444	1.03582	0	0.73039	0.56395	10.92362	1.03582	0	-0.00834	-0.01056	0.68667	0.00204	1	0.05853	-0.01470	0.66214	0.00384	1	1.45898	0.81042	0	
1241136	8371.73730	3304516969517	0.46024	0.29677	8371.63086	0.08691	11026	0	0.46916	0.14939	0	0.45773	0.39604	0	0.45773	0.39604	0	0.46672	0.53878	10.28444	1.03582	0	0.73039	0.56395	10.92362	1.03582	0	-0.00834	-0.01056	0.68667	0.00204	1	0.05853	-0.01470	0.66214	0.00384	1	1.45898	0.81042	0	
1241137	8371.74414	3304517036931	0.00000	0.00000	8371.63086	0.08691	11026	0	0.46916	0.14939	0	0.45773	0.39604	0	0.45773	0.39604	0	0.46672	0.53878	10.28444	1.03582	0	0.73039	0.56395	10.92362	1.03582	0	-0.00834	-0.01056	0.68667	0.00204	1	0.05853	-0.01470	0.66214	0.00384	1	1.45898	0.81042	0	
1241138	8371.75098	3304517103803	0.00000	0.00000	8371.63086	0.08691	11026	0	0.46916	0.14939	0	0.45773	0.39604	0	0.45773	0.39604	0	0.46672	0.53878	10.28444	1.03582	0	0.73039	0.56395	10.92362	1.03582	0	-0.00834	-0.01056	0.68667	0.00204	1	0.05853	-0.01470	0.66214	0.00384	1	1.45898	0.81042	0	
1241139	8371.75781	3304517170061	0.00000	0.00000	8371.63086	0.08691	11026	0	0.46916	0.14939	0	0.45773	0.39604	0	0.45773	0.39604	0	0.46672	0.53878	10.28444	1.03582	0	0.73039	0.56395	10.92362	1.03582	0	-0.00834	-0.01056	0.68667	0.00204	1	0.05853	-0.01470	0.66214	0.00384	1	1.45898	0.81042	0	
1241140	8371.76465	3304517237453	0.00000	0.00000	8371.63086	0.08691	11026	0	0.46916	0.14939	0	0.45773	0.39604	0	0.45773	0.39604	0	0.46672	0.53878	10.28444	1.03582	0	0.73039	0.56395	10.92362	1.03582	0	-0.00834	-0.01056	0.68667	0.00204	1	0.05853	-0.01470	0.66214	0.00384	1	1.45898	0.81042	0	
1241141	8371.77051	3304517305022	0.00000	0.00000	8371.63086	0.08691	11026	0	0.46916	0.14939	0	0.45773	0.39604	0	0.45773	0.39604	0	0.46672	0.53878	10.28444	1.03582	0	0.73039	0.56395	10.92362	1.03582	0	-0.00834	-0.01056	0.68667	0.00204	1	0.05853	-0.01470	0.66214	0.00384	1	1.45898	0.81042	0	
1241142	8371.77734	3304517369308	0.00000	0.00000	8371.63086	0.08691	11026	0	0.46916	0.14939	0	0.45773	0.39604	0	0.45773	0.39604	0	0.46672	0.53878	10.28444	1.03582	0	0.73039	0.56395	10.92362	1.03582	0	-0.00834	-0.01056	0.68667	0.00204	1	0.05853	-0.01470	0.66214	0.00384	1	1.45898	0.81042	0	
1241143	8371.78418	3304517438807	0.00000	0.00000	8371.63086	0.08691	11026	0	0.46916	0.14939	0	0.45773	0.39604	0	0.45773	0.39604	0	0.46672	0.53878	10.28444	1.03582	0	0.73039	0.56395	10.92362	1.03582	0	-0.00834	-0.01056	0.68667	0.00204	1	0.05853	-0.01470	0.66214	0.00384	1	1.45898	0.81042	0	
1241144	8371.79102	3304517505384	0.00000	0.00000	8371.63086	0.08691	11026	0	0.46916	0.14939	0	0.45773	0.39604	0	0.45773	0.39604	0	0.46672	0.53878	10.28444	1.03582	0	0.73039	0.56395	10.92362	1.03582	0	-0.00834	-0.01056	0.68667	0.00204	1	0.05853	-0.01470	0.66214	0.00384	1	1.45898	0.81042	0	
1241145	8371.79785	3304517572270	0.00000	0.00000	8371.63086	0.08691	11026	0	0.46916	0.14939	0	0.45773	0.39604	0	0.45773	0.39604	0	0.46672	0.53878	10.28444	1.03582	0	0.73039	0.56395	10.92362	1.03582	0	-0.00834	-0.01056	0.68667	0.00204	1	0.05853	-0.01470	0.66214	0.00384	1	1.45898	0.81042	0	
1241146	8371.80469	3304517639392	0.00000	0.00000	8371.63086	0.08691	11026	0	0.46916	0.14939	0	0.45773	0.39604	0	0.45773	0.39604	0	0.46672	0.53878	10.28444	1.03582	0	0.73039	0.56395	10.92362	1.03582	0	-0.00834	-0.01056	0.68667	0.00204	1	0.05853	-0.01470	0.66214	0.00384	1	1.45898	0.81042	0	
1241147	8371.81152	3304517706004	0.00000	0.00000	8371.63086	0.08691	11026	0	0.46916	0.14939	0	0.45773	0.39604	0	0.45773	0.39604	0	0.46672	0.53878	10.28444	1.03582	0	0.73039	0.56395	10.92362	1.03582	0	-0.00834	-0.01056	0.68667	0.00204	1	0.05853	-0.01470	0.66214	0.00384	1	1.45898	0.81042	0	
1241148	8371.81738	3304517771180	0.00000	0.00000	8371.63086	0.08691	11026	0	0.46916	0.14939	0	0.45773	0.39604	0	0.45773	0.39604	0	0.46672	0.53878	10.28444	1.03582	0	0.73039	0.56395	10.92362	1.03582	0	-0.00834	-0.01056	0.68667	0.00204	1	0.05853	-0.01470	0.66214	0.00384	1	1.45898	0.81042	0	
1241149	8371.82422	3304517840704	0.00000	0.00000	8371.63086	0.08691	11026	0	0.46916	0.14939	0	0.45773	0.39604	0	0.45773	0.39604	0	0.46672	0.53878	10.28444	1.03582	0	0.73039	0.56395	10.92362	1.03582	0	-0.00834	-0.01056	0.68667	0.00204	1	0.05853	-0.01470	0.66214	0.00384	1	1.45898	0.81042	0	
1241150	8371.83105	3304517909121	0.00000	0.00000	8371.63086	0.08691	11026	0	0.46916	0.14939	0	0.45773	0.39604	0	0.45773	0.39604	0	0.46672	0.53878	10.28444	1.03582	0	0.73039	0.56395	10.92362	1.03582	0	-0.00834	-0.01056	0.68667	0.00204	1	0.05853	-0.01470	0.66214	0.00384	1	1.45898	0.81042	0	
1241151	8371.83789	3304517974128	0.00000	0.00000	8371.63086	0.08691	11026	0	0.46916	0.14939	0	0.45773	0.39604	0	0.45773	0.39604	0	0.46672	0.53878	10.28444	1.03582	0	0.73039	0.56395	10.92362	1.03582	0	-0.00834	-0.01056	0.68667	0.00204	1	0.05853	-0.01470	0.66214	0.00384	1	1.45898	0.81042	0	
1241152	8371.84473	3304518040948	0.00000	0.00000	8371.63086	0.08691	11026	0	0.46916	0.14939	0	0.45773	0.39604	0	0.45773	0.39604	0	0.46672	0.53878	10.28444	1.03582	0	0.73039	0.56395	10.92362	1.03582	0	-0.00834	-0.01056	0.68667	0.00204	1	0.05853	-0.01470	0.66214	0.00384	1	1.45898	0.81042	0	
1241153	8371.85156	3304518106619	0.00000	0.00000	8371.63086	0.08691	11026	0	0.46916	0.14939	0	0.45773	0.39604	0	0.45773	0.39604	0	0.46672	0.53878	10.28444	1.03582	0	0.73039	0.56395	10.92362	1.03582	0	-0.00834	-0.01056	0.68667	0.00204	1	0.05853	-0.01470	0.66214	0.00384	1	1.45898	0.81042	0	
1241154	8371.85840	3304518174792	0.25124	0.21428	8371.63086	0.08691	11026	0	0.52787	0.44299	1	0.47711	0.41411	1	0.50249	0.42855	1	0.46788	0.54177	10.81278	1.03582	1	0.73155	0.56419	11.96188	1.03582	1	-0.00834	-0.01056	0.68667	0.00371	1	0.05853	-0.01470	0.66214	0.00395	1	1.45898	0.81042	0	
1241155	8371.86426	3304518242292	0.49856	0.41413	8371.63086	0.08691	11026	0	0.50816	0.44505	1	0.48111	0.35435	1	0.49463	0.39970	1	0.46765	0.54167	10.94742	1.03582	1	0.73164	0.56424	11.84803	1.03582	1	-0.00834	-0.01056	0.68667	0.00366	1	0.05853	-0.01470	0.66214	0.00402	1	1.45898	0.81042	0	
1241156	8371.87109	3304518308779	0.49660	0.40692	8371.63086	0.08691	11026	0	0.50816	0.44505	1	0.48111	0.35435	1	0.49463	0.39970	1	0.46802	0.54189	11.30181	1.03582	1	0.73193	0.56449	11.90362	1.03582	1	-0.00814	-0.01062	0.68711	0.00358	1	0.05893	-0.01497	0.66323	0.00392	1	1.45898	0.81042	0	
1241157	8371.87793	3304518376654	0.50682	0.40037	8371.63086	0.08691	11026	0	0.53994	0.39760	1	0.51458	0.37699	1	0.52726	0.38729	1	0.46822	0.54165	11.01855	1.03582	1	0.73220	0.56442	12.06054	1.03582	1	-0.00814	-0.01062	0.68711	0.00362	1	0.05893	-0.01497	0.66323	0.00406	1	1.45898	0.81042	0	
1241158	8371.88477	3304518443143	0.50768	0.38926	8371.86426	0.02051	11027	1	0.52729	0.43296	1	0.49323	0.27888	1	0.51026	0.35592	1	0.46795	0.54167	12.14684	1.03582	1	0.73213	0.56332	11.88826	1.03582	1	-0.00814	-0.01062	0.68711	0.00353	1	0.05893	-0.01497	0.66323	0.00437	1	1.45898	0.81042	0	
1241159	8371.89160	3304518510210	0.50824	0.38191	8371.86426	0.02734	11027	1	0.52729	0.43296	1	0.49365	0.27205	1	0.51047	0.35250	1	0.46830	0.54149	11.40151	1.03582	1	0.73215	0.56420	11.86234	1.04348	1	-0.00814	-0.01062	0.68711	0.00359	1	0.06038	-0.01528	0.67899	0.00408	1	1.45898	0.81042	0	
1241160	8371.89844	3304518577073	0.51006	0.38249	8371.86426	0.03418	11027	1	0.54488	0.39200	1	0.49350	0.37876	1	0.51919	0.38538	1	0.46820	0.54142	11.12776	1.04348	1	0.73217	0.56477	12.17655	1.05114	1	-0.00814	-0.01062	0.68711	0.00376	1	0.06038	-0.01528	0.67899	0.00384	1	1.45898	0.81042	0	
1241161	8371.90527	3304518644073	0.51076	0.37654	8371.86426	0.04102	11027	1	0.53860	0.35497	1	0.49127	0.32674	1	0.51493	0.34085	1	0.46822	0.54124	10.93835	1.05114	1	0.73220	0.56410	12.09547	1.05880	1	-0.00814	-0.01062	0.68711	0.00381	1	0.06038	-0.01528	0.67899	0.00391	1	1.45898	0.81042	0	
1241162	8371.91113	3304518710984	0.51126	0.37131	8371.86426	0.04688	11027	1	0.53788	0.34896	1	0.49167	0.32040	1	0.51477	0.33468	1	0.46813	0.54167	11.43848	1.05880	1	0.73213	0.56454	12.07248	1.06646	1	-0.00798	-0.01046	0.67361	0.00370	1	0.06038	-0.01528	0.67899	0.00379	1	1.45898	0.81042	0	
1241163	8371.91797	3304518779018	0.51201	0.36840	8371.86426	0.05371	11027	1	0.54004	0.36817	1	0.49601	0.32211	1	0.51802	0.34514	1	0.46818	0.54148	11.15120	1.06646	1	0.73216	0.56479	12.09531	1.06646	1	-0.00798	-0.01046	0.67361	0.00368	1	0.06038	-0.01528	0.67899	0.00381	1	1.45898	0.81042	0	
1241164	8371.92480	3304518845391	0.51257	0.36573	8371.86426	0.06055	11027	1	0.54105	0.37775	1	0.49423	0.30564	1	0.51764	0.34169	1	0.46816	0.54168	11.46468	1.06646	1	0.73214	0.56465	12.11505	1.06646	1	-0.00798	-0.01046	0.67361	0.00361	1	0.06038	-0.01528	0.67899	0.00382	1	1.45898	0.81042	0	
1241165	8371.93164	3304518912027	0.51304	0.36354	8371.86426	0.06738	11027	1	0.54105	0.37775	1	0.49423	0.30564	1	0.51764	0.34169	1	0.46829	0.54181	11.53687	1.06646	1	0.73219	0.56456	12.07687	1.06646	1	-0.00798	-0.01054	0.68201	0.00363	1	0.06038	-0.01528	0.67899	0.00386	1	1.45898	0.81042	0	
1241166	8371.93848	3304518978381	0.51370	0.35754	8371.86426	0.07422	11027	1	0.53482	0.33158	1	0.50720	0.25132	1	0.52101	0.29145	1	0.46812	0.54162	11.39654	1.06646	1	0.73233	0.56395	11.76608	1.06646	1	-0.00798	-0.01054	0.68201	0.00363	1	0.06038	-0.01528	0.67899	0.00403	1	1.45898	0.81042	0	
1241167	8371.94531	3304519046205	0.51381	0.35739	8371.86426	0.08105	11027	1	0.53222	0.38230	1	0.49791	0.32897	1	0.51507	0.35563	1	0.46807	0.54157	11.29067	1.06646	1	0.73220	0.56456	12.10015	1.06646	1	-0.00798	-0.01054	0.68201	0.00363	1	0.06038	-0.01528	0.67899	0.00380	1	1.45898	0.81042	0	
1241168	8371.95215	3304519113400	0.51391	0.35771	8371.86426	0.08789	11027	1	0.53300	0.38829	1	0.49745	0.33554	1	0.51523	0.36191	1	0.46811	0.54184	12.22914	1.05844	1	0.73220	0.56456	12.10015	1.05844	1	-0.00773	-0.01028	0.66542	0.00348	1	0.06038	-0.01528	0.67899	0.00380	1	1.45898	0.81042	0	
1241169	8371.95801	3304519180099	0.51280	0.35838	8371.86426	0.09375	11027	1	0.49491	0.39490	1	0.49959	0.34066	1	0.49725	0.36778	1	0.46781	0.54141	11.50617	1.05042	1	0.73231	0.56461	12.09716	1.05042	1	-0.00773	-0.01028	0.66542	0.00368	1	0.06038	-0.01528	0.67899	0.00378	1	1.45898	0.81042	0	
1241170	8371.96484	3304519246797	0.51216	0.35777	8371.86426	0.10059	11027	1	0.50939	0.36160	1	0.49574	0.33538	1	0.50256	0.34849	1	0.46806	0.54103	11.10741	1.04241	1	0.73220	0.56464	12.14407	1.04241	1	-0.00773	-0.01028	0.66542	0.00388	1	0.06038	-0.01528	0.67899	0.00377	1	1.45898	0.81042	0	
1241171	8371.97168	3304519312450	0.51161	0.35760	8371.86426	0.10742	11027	1	0.51034	0.36790	1	0.49529	0.34205	1	0.50281	0.35498	1	0.46803	0.54088	10.75767	1.03439	1	0.73225	0.56473	12.29724	1.03439	1	-0.00773	-0.01028	0.66542	0.00391	1	0.06038	-0.01528	0.67899	0.00377	1	1.45898	0.81042	0	
1241172	8371.97852	3304519380769	0.51121	0.35751	8371.86426	0.11426	11027	1	0.51242	0.32606	1	0.49665	0.38576	1	0.50454	0.35591	1	0.46814	0.54052	11.17478	1.03439	1	0.73222	0.56448	12.27537	1.03439	1	-0.00773	-0.01028	0.66542	0.00406	1	0.06038	-0.01528	0.67899	0.00399	1	1.45898	0.81042	0	
1241173	8371.98535	3304519447459	0.51051	0.35812	8371.86426	0.12109	11027	1	0.51287	0.32982	1	0.48263	0.40834	1	0.49775	0.36908	1	0.46814	0.54052	11.17478	1.03439	1	0.73209	0.56494	12.48444	1.03439	1	-0.00773	-0.01028	0.66542	0.00407	1	0.06038	-0.01528	0.67899	0.00380	1	1.45898	0.81042	0	
1241174	8371.99219	3304519515253	0.50984	0.35798	8371.86426	0.12793	11027	1	0.51087	0.31575	1	0.48340	0.39521	1	0.49714	0.35548	1	0.46843	0.54152	11.77983	1.05149	1	0.73209	0.56494	12.48444	1.05149	1	-0.00827	-0.01086	0.70287	0.00358	1	0.06038	-0.01528	0.67899	0.00380	1	1.45898	0.81042	0	
1241175	8371.99902	3304519582605	0.51050	0.35906	8371.86426	0.13477	11027	1	0.52881	0.38174	1	0.51854	0.37937	1	0.52368	0.38055	1	0.46841	0.54147	11.71049	1.06860	1	0.73223	0.56481	12.30285	1.06860	1	-0.00827	-0.01086	0.70287	0.00359	1	0.06038	-0.01528	0.67899	0.00408	1	1.45898	0.81042	0	
1241176	8372.00488	3304519647248	0.51028	0.35903	8371.86426	0.14062	11027	1	0.51183	0.37155	1	0.49963	0.34519	1	0.50573	0.35837	1	0.46819	0.54145	11.50588	1.08570	1	0.73222	0.56448	12.27537	1.08570	1	-0.00827	-0.01086	0.70287	0.00362	1	0.06038	-0.01528	0.67899	0.00399	1	1.45898	0.81042	0	
1241177	8372.01172	3304519711823	0.51006	0.35843	8371.86426	0.14746	11027	1	0.50990	0.35880	1	0.50062	0.33167	1	0.50526	0.34523	1	0.46809	0.54168	11.73616	1.10280	1	0.73217	0.56429	12.04374	1.10280	1	-0.00827	-0.01086	0.70287	0.00360	1	0.06070	-0.01541	0.68260	0.00408	1	1.45898	0.81042	0	
1241178	8372.01855	3304519777972	0.51073	0.35797	8371.86426	0.15430	11027	1	0.53103	0.39504	1	0.52121	0.29985	1	0.52612	0.34744	1	0.46810	0.54175	11.90650	1.10280	1	0.73217	0.56429	12.04374	1.10280	1	-0.00827	-0.01086	0.70287	0.00359	1	0.06070	-0.01541	0.68260	0.00408	1	1.45898	0.81042	0	
1241179	8372.02539	3304519847381	0.51162	0.35731	8371.86426	0.16113	11027	1	0.54481	0.33518	1	0.52089	0.34764	1	0.53285	0.34141	1	0.46832	0.54153	11.51047	1.10280	1	0.73217	0.56490	12.33160	1.10280	1	-0.00827	-0.01086	0.70287	0.00361	1	0.06070	-0.01541	0.68260	0.00383	1	1.45898	0.81042	0	
1241180	8372.03223	3304519913280	0.51242	0.35708	8371.86426	0.16797	11027	1	0.54558	0.34213	1	0.51963	0.36066	1	0.53260	0.35140	1	0.46815	0.54176	11.99550	1.09372	1	0.73161	0.56488	13.06934	1.08606	1	-0.00814	-0.01062	0.68711	0.00359	1	0.05893	-0.01497	0.66323	0.00377	1	1.45898	0.81042	0	
1241181	8372.03809	3304519980869	0.51281	0.35730	8371.86426	0.17383	11027	1	0.54485	0.38922	1	0.50074	0.33683	1	0.52279	0.36302	1	0.46831	0.54163	11.94038	1.07697	1	0.73185	0.56445	12.76281	1.06931	1	-0.00814	-0.01062	0.68711	0.00364	1	0.05893	-0.01497	0.66323	0.00384	1	1.45898	0.81042	0	
1241182	8372.04492	3304520046890	0.51301	0.35866	8371.86426	0.18066	11027	1	0.53957	0.43508	1	0.49744	0.35543	1	0.51850	0.39525	1	0.46815	0.54176	11.99550	1.06023	1	0.73182	0.56447	12.78032	1.05257	1	-0.00814	-0.01062	0.68711	0.00359	1	0.05893	-0.01497	0.66323	0.00382	1	1.45898	0.81042	0	
1241183	8372.05176	3304520114168	0.51322	0.36025	8371.86426	0.18750	11027	1	0.54112	0.44682	1	0.49691	0.36275	1	0.51902	0.40479	1	0.46796	0.54156	12.06807	1.04348	1	0.73178	0.56444	12.59647	1.04348	1	-0.00814	-0.01062	0.68711	0.00361	1	0.06037	-0.01530	0.67998	0.00389	1	1.45898	0.81042	0	
1241184	8372.05859	3304520180968	0.51338	0.36159	8371.86426	0.19434	11027	1	0.54364	0.44133	1	0.49229	0.35977	1	0.51796	0.40055	1	0.46782	0.54192	12.55234	1.04348	1	0.73176	0.56440	12.68754	1.05114	1	-0.00814	-0.01062	0.68711	0.00370	1	0.06037	-0.01530	0.67998	0.00389	1	1.45898	0.81042	0	
1241185	8372.06543	3304520248924	0.51270	0.36244	8371.86426	0.20117	11027	1	0.50749	0.41384	1	0.47753	0.36177	1	0.49251	0.38781	1	0.46762	0.54191	11.99659	1.05114	1	0.73149	0.56439	12.00484	1.05880	1	-0.00814	-0.01062	0.68711	0.00378	1	0.06037	-0.01530	0.67998	0.00397	1	1.45898	0.81042	0	
1241186	8372.07227	3304520318829	0.51207	0.36333	8371.86426	0.20801	11027	1	0.50753	0.41410	1	0.47721	0.36813	1	0.49237	0.39112	1	0.46778	0.54172	12.16527	1.05078	1	0.73136	0.56464	12.30098	1.05078	1	-0.00793	-0.01028	0.66554	0.00358	1	0.05831	-0.01479	0.65739	0.00398	1	1.45898	0.81042	0	
1241187	8372.07910	3304520386338	0.51123	0.36495	8371.86426	0.21484	11027	1	0.52751	0.40679	1	0.44112	0.42693	1	0.48431	0.41686	1	0.46779	0.54173	12.32550	1.04277	1	0.73100	0.56508	12.89315	1.03511	1	-0.00793	-0.01028	0.66554	0.00365	1	0.05831	-0.01479	0.65739	0.00398	1	1.45898	0.81042	0	
1241188	8372.08594	3304520452570	0.51036	0.36628	8371.86426	0.22168	11027	1	0.51427	0.40052	1	0.44939	0.41972	1	0.48183	0.41012	1	0.46776	0.54181	12.38586	1.02709	1	0.73109	0.56504	12.84485	1.01943	1	-0.00793	-0.01028	0.66554	0.00363	1	0.05831	-0.01479	0.65739	0.00401	1	1.45898	0.81042	0	
1241189	8372.09277	3304520519784	0.50956	0.36762	8371.86426	0.22852	11027	1	0.51516	0.40634	1	0.44939	0.41972	1	0.48228	0.41303	1	0.46753	0.54170	11.95812	1.01943	1	0.73119	0.56510	12.98978	1.01943	1	-0.00820	-0.01056	0.68364	0.00360	1	0.06047	-0.01535	0.68232	0.00398	1	1.45898	0.81042	0	
1241190	8372.09961	3304520586671	0.50971	0.36806	8371.86426	0.23535	11027	1	0.55032	0.39523	1	0.47953	0.37175	1	0.51493	0.38349	1	0.46794	0.54134	12.04821	1.02745	1	0.73156	0.56435	11.95374	1.03511	1	-0.00820	-0.01056	0.68364	0.00362	1	0.06047	-0.01535	0.68232	0.00425	1	1.45898	0.81042	0	
1241191	8372.10547	3304520653349	0.50963	0.36850	8371.86426	0.24121	11027	1	0.53447	0.40329	1	0.47946	0.36545	1	0.50697	0.38437	1	0.46768	0.54165	11.65419	1.04312	1	0.73156	0.56435	11.95374	1.05078	1	-0.00820	-0.01056	0.68364	0.00373	1	0.06047	-0.01535	0.68232	0.00424	1	1.45898	0.81042	0	
1241192	8372.11230	3304520720366	0.50335	0.39407	8371.86426	0.24121	11027	0	0.53371	0.39759	1	0.47978	0.35935	1	0.50675	0.37847	1	0.46765	0.54170	11.81046	1.05078	1	0.73130	0.56466	12.37624	1.05844	1	-0.00793	-0.01028	0.66554	0.00360	1	0.06047	-0.01530	0.68232	0.00413	1	1.45898	0.81042	0	
1241193	8372.11914	3304520787894	0.49807	0.39232	8371.86426	0.24121	11027	0	0.51039	0.39098	1	0.47520	0.39016	1	0.49280	0.39057	1	0.46731	0.54149	11.07625	1.05042	1	0.73151	0.56486	12.21265	1.05042	1	-0.00793	-0.01028	0.66554	0.00372	1	0.06047	-0.01530	0.68232	0.00393	1	1.45898	0.81042	0	
1241194	8372.12598	3304520854339	0.49352	0.40062	8371.86426	0.24121	11027	0	0.52723	0.40285	1	0.44159	0.43160	1	0.48441	0.41723	1	0.46750	0.54163	11.64024	1.04241	1	0.73102	0.56514	12.72450	1.04241	1	-0.00793	-0.01028	0.66554	0.00364	1	0.06047	-0.01530	0.68232	0.00399	1	1.45898	0.81042	0	
1241195	8372.13281	3304520921243	0.49124	0.40477	8372.11230	0.02051	11028	1	0.52723	0.40285	1	0.44159	0.43160	1	0.48441	0.41723	1	0.46726	0.54105	11.33005	1.04241	1	0.73124	0.56454	12.28445	1.04241	1	-0.00820	-0.01056	0.68364	0.00356	1	0.06047	-0.01530	0.68232	0.00423	1	1.45898	0.81042	0	
1241196	8372.13965	3304520988215	0.49370	0.40597	8372.11230	0.02734	11028	1	0.53571	0.39370	1	0.47129	0.42778	1	0.50350	0.41074	1	0.46732	0.54157	11.85592	1.05042	1	0.73144	0.56476	12.15696	1.05042	1	-0.00820	-0.01056	0.68364	0.00355	1	0.06047	-0.01530	0.68232	0.00386	1	1.45898	0.81042	0	
1241197	8372.14648	3304521055155	0.49499	0.41039	8372.11230	0.03418	11028	1	0.51349	0.40474	1	0.48940	0.46031	1	0.50144	0.43253	1	0.46736	0.54148	11.29648	1.05844	1	0.73137	0.56470	12.71214	1.05844	1	-0.00820	-0.01056	0.68364	0.00358	1	0.06047	-0.01530	0.68232	0.00398	1	1.45898	0.81042	0	
1241198	8372.15234	3304521122611	0.49587	0.41273	8372.11230	0.04004	11028	1	0.51257	0.39886	1	0.48980	0.45469	1	0.50119	0.42678	1	0.46745	0.54130	11.59303	1.06646	1	0.73126	0.56390	12.60238	1.06646	1	-0.00820	-0.01056	0.68364	0.00358	1	0.06047	-0.01530	0.68232	0.00426	1	1.45898	0.81042	0	
1241199	8372.15918	3304521189579	0.50004	0.40172	8372.11230	0.04688	11028	1	0.53406	0.35116	1	0.52433	0.29809	1	0.52920	0.32462	1	0.46730	0.54109	10.92955	1.06646	1	0.73147	0.56283	12.04737	1.06646	1	-0.00820	-0.01056	0.68364	0.00371	1	0.06047	-0.01530	0.68232	0.00428	1	1.45898	0.81042	0	
1241200	8372.16602	3304521256166	0.50210	0.40296	8372.11230	0.05371	11028	1	0.54139	0.39641	1	0.49581	0.42942	1	0.51860	0.41291	1	0.46745	0.54124	11.16092	1.06646	1	0.73105	0.56442	13.08019	1.06646	1	-0.00820	-0.01056	0.68364	0.00370	1	0.06047	-0.01530	0.68232	0.00378	1	1.45898	0.81042	0	
1241201	8372.17285	3304521323718	0.50376	0.40454	8372.11230	0.06055	11028	1	0.54211	0.40230	1	0.49536	0.43523	1	0.51874	0.41876	1	0.46743	0.54079	11.12163	1.05844	1	0.73104	0.56394	12.96624	1.05844	1	-0.00799	-0.01023	0.66206	0.00385	1	0.06047	-0.01530	0.68232	0.00373	1	1.45898	0.81042	0	
1241202	8372.17969	3304521390520	0.50553	0.40187	8372.11230	0.06738	11028	1	0.54631	0.36979	1	0.50011	0.38040	1	0.52321	0.37510	1	0.46755	0.54071	10.99358	1.05042	1	0.73110	0.56389	12.79127	1.05042	1	-0.00799	-0.01023	0.66206	0.00389	1	0.06047	-0.01530	0.68232	0.00374	1	1.45898	0.81042	0	
1241203	8372.18652	3304521457772	0.50723	0.40118	8372.11230	0.07422	11028	1	0.55708	0.38351	1	0.49471	0.40380	1	0.52589	0.39365	1	0.46770	0.54097	11.37206	1.04241	1	0.73108	0.56390	12.70442	1.04241	1	-0.00799	-0.01023	0.66206	0.00386	1	0.06047	-0.01530	0.68232	0.00376	1	1.45898	0.81042	0	
1241204	8372.19336	3304521524833	0.50866	0.40060	8372.11230	0.08105	11028	1	0.55708	0.38351	1	0.49471	0.40380	1	0.52589	0.39365	1	0.46755	0.54071	10.99358	1.04241	1	0.73104	0.56381	12.58700	1.04241	1	-0.00834	-0.01056	0.68667	0.00389	1	0.06047	-0.01520	0.68232	0.00380	1	1.45898	0.81042	0	
1241205	8372.19922	3304521591583	0.50950	0.40055	8372.11230	0.08691	11028	1	0.53986	0.39030	1	0.50094	0.40928	1	0.52040	0.39979	1	0.46736	0.54088	11.29005	1.05042	1	0.73108	0.56400	12.83145	1.05042	1	-0.00834	-0.01056	0.68667	0.00375	1	0.06047	-0.01520	0.68232	0.00365	1	1.45898	0.81042	0	
1241206	8372.20605	3304521658705	0.50997	0.39937	8372.11230	0.09375	11028	1	0.53537	0.37702	1	0.49777	0.38881	1	0.51657	0.38291	1	0.46729	0.54063	11.36272	1.05844	1	0.73109	0.56395	12.82309	1.05844	1	-0.00834	-0.01056	0.68667	0.00360	1	0.06047	-0.01520	0.68232	0.00370	1	1.45898	0.81042	0	
1241207	8372.21289	3304521725207	0.51038	0.39796	8372.11230	0.10059	11028	1	0.53460	0.37094	1	0.49824	0.38263	1	0.51642	0.37679	1	0.46729	0.54040	10.88489	1.06646	1	0.73128	0.56408	12.78332	1.06646	1	-0.00822	-0.01046	0.67677	0.00368	1	0.06047	-0.01520	0.68232	0.00368	1	1.45898	0.81042	0	
1241208	8372.21973	3304521788136	0.51139	0.39735	8372.11230	0.10742	11028	1	0.54985	0.37624	1	0.50544	0.39905	1	0.52765	0.38765	1	0.46759	0.54051	11.11417	1.06646	1	0.73119	0.56411	12.65644	1.06646	1	-0.00822	-0.01046	0.67677	0.00367	1	0.06047	-0.01520	0.68232	0.00366	1	1.45898	0.81042	0	
1241209	8372.22559	3304521855130	0.51233	0.39732	8372.11230	0.11328	11028	1	0.55214	0.39035	1	0.50454	0.40319	1	0.52834	0.39677	1	0.46761	0.54065	11.13225	1.06646	1	0.73116	0.56414	12.88924	1.06646	1	-0.00822	-0.01046	0.67677	0.00368	1	0.06047	-0.01520	0.68232	0.00374	1	1.45898	0.81042	0	
1241210	8372.23340	3304521926175	0.51315	0.39758	8372.11230	0.12109	11028	1	0.55214	0.39035	1	0.50362	0.41406	1	0.52788	0.40220	1	0.46761	0.54065	11.13225	1.06646	1	0.73102	0.56387	12.77433	1.05199	1	-0.00834	-0.01056	0.68667	0.00369	1	0.05707	-0.01437	0.64507	0.00379	1	1.45898	0.81042	0	
1241211	8372.23926	3304521988626	0.51388	0.39653	8372.11230	0.12695	11028	1	0.54264	0.34451	1	0.51291	0.40862	1	0.52778	0.37657	1	0.46756	0.54046	11.08012	1.05199	1	0.73134	0.56383	12.04973	1.03752	1	-0.00834	-0.01056	0.68667	0.00374	1	0.05707	-0.01437	0.64507	0.00386	1	1.45898	0.81042	0	
1241212	8372.24609	3304522056048	0.51452	0.39599	8372.11230	0.13379	11028	1	0.54281	0.35066	1	0.51185	0.41972	1	0.52733	0.38519	1	0.46752	0.54032	11.08533	1.03752	1	0.73134	0.56383	12.04973	1.02306	1	-0.00834	-0.01056	0.68667	0.00376	1	0.05707	-0.01437	0.64507	0.00386	1	1.45898	0.81042	0	
1241213	8372.25293	3304522127648	0.51512	0.39589	8372.11230	0.14062	11028	1	0.54414	0.36221	1	0.51129	0.42559	1	0.52772	0.39390	1	0.46711	0.54032	10.25885	1.02306	1	0.73109	0.56378	11.34747	1.01540	1	-0.00834	-0.01056	0.68667	0.00372	1	0.05807	-0.01456	0.65576	0.00389	1	1.45898	0.81042	0	
1241214	8372.25977	3304522194327	0.51493	0.39677	8372.11230	0.14746	11028	1	0.53694	0.39454	1	0.48454	0.43754	1	0.51074	0.41604	1	0.46728	0.54059	10.88976	1.01540	1	0.73091	0.56412	11.48748	1.02220	1	-0.00834	-0.01056	0.68667	0.00362	1	0.05807	-0.01456	0.65576	0.00388	1	1.45898	0.81042	0	
1241215	8372.26660	3304522261543	0.51453	0.39543	8372.11230	0.15430	11028	1	0.52439	0.34824	1	0.48631	0.38130	1	0.50535	0.36477	1	0.46712	0.54031	10.27114	1.02220	1	0.73087	0.56376	11.56283	1.02901	1	-0.00834	-0.01056	0.68667	0.00368	1	0.05807	-0.01456	0.65576	0.00381	1	1.45898	0.81042	0	
1241216	8372.27344	3304522328256	0.51416	0.39399	8372.11230	0.16113	11028	1	0.52365	0.34270	1	0.48664	0.37587	1	0.50515	0.35928	1	0.46693	0.54034	11.20196	1.02901	1	0.73073	0.56329	11.77100	1.03582	1	-0.00834	-0.01056	0.68667	0.00361	1	0.05853	-0.01470	0.66214	0.00398	1	1.45898	0.81042	0	
1241217	8372.28027	3304522393696	0.51340	0.39351	8372.11230	0.16797	11028	1	0.50637	0.34194	1	0.48270	0.42123	1	0.49454	0.38159	1	0.46681	0.54021	10.83978	1.03582	1	0.73092	0.56390	11.43265	1.03582	1	-0.00834	-0.01056	0.68667	0.00369	1	0.05853	-0.01470	0.66214	0.00383	1	1.45898	0.81042	0	
1241218	8372.28711	3304522462439	0.51272	0.39467	8372.11230	0.17480	11028	1	0.51072	0.41704	1	0.47947	0.43268	1	0.49510	0.42486	1	0.46649	0.54109	11.20043	1.03582	1	0.73082	0.56417	11.91982	1.03582	1	-0.00834	-0.01056	0.68667	0.00367	1	0.05853	-0.01470	0.66214	0.00387	1	1.45898	0.81042	0	
1241219	8372.29297	3304522529551	0.51211	0.39596	8372.11230	0.18066	11028	1	0.51168	0.42294	1	0.47913	0.43864	1	0.49541	0.43079	1	0.46663	0.53848	11.08137	1.02780	1	0.73054	0.56406	12.24739	1.02780	1	-0.00808	-0.01012	0.66149	0.00227	1	0.05853	-0.01470	0.66214	0.00390	1	1.45898	0.81042	0	
1241220	8372.29980	3304522596564	0.51107	0.39516	8372.11230	0.18750	11028	1	0.50655	0.32419	1	0.45772	0.42106	1	0.48213	0.37263	1	0.46645	0.54006	10.98846	1.01979	1	0.73045	0.56400	12.27628	1.01979	1	-0.00808	-0.01012	0.66149	0.00373	1	0.05853	-0.01470	0.66214	0.00389	1	1.45898	0.81042	0	
1241221	8372.30664	3304522663046	0.51021	0.39485	8372.11230	0.19434	11028	1	0.50492	0.37398	1	0.46568	0.39760	1	0.48530	0.38579	1	0.46637	0.54042	11.29200	1.01177	1	0.73059	0.56369	11.92239	1.01177	1	-0.00808	-0.01012	0.66149	0.00369	1	0.05853	-0.01470	0.66214	0.00416	1	1.45898	0.81042	0	
1241222	8372.31348	3304522730250	0.50941	0.39446	8372.11230	0.20117	11028	1	0.50492	0.37398	1	0.46591	0.39152	1	0.48541	0.38275	1	0.46663	0.54069	11.03642	1.01177	1	0.73049	0.56406	12.36518	1.01943	1	-0.00858	-0.01055	0.68925	0.00344	1	0.05978	-0.01502	0.67679	0.00393	1	1.45898	0.81042	0	
1241223	8372.32031	3304522795646	0.50997	0.39442	8372.11230	0.20801	11028	1	0.53915	0.37149	1	0.51495	0.41544	1	0.52705	0.39346	1	0.46661	0.54047	11.07614	1.02745	1	0.73069	0.56386	12.05230	1.03511	1	-0.00858	-0.01055	0.68925	0.00340	1	0.05978	-0.01502	0.67679	0.00399	1	1.45898	0.81042	0	
1241224	8372.32617	3304522861617	0.51037	0.39456	8372.11230	0.21387	11028	1	0.54812	0.36799	1	0.49848	0.42956	1	0.52330	0.39878	1	0.46671	0.54058	11.31590	1.04312	1	0.73027	0.56420	12.89548	1.05078	1	-0.00858	-0.01055	0.68925	0.00367	1	0.05978	-0.01502	0.67679	0.00390	1	1.45898	0.81042	0	
1241225	8372.33398	3304522930793	0.51074	0.39433	8372.11230	0.22168	11028	1	0.54676	0.35581	1	0.49941	0.41802	1	0.52308	0.38691	1	0.46650	0.54061	11.05005	1.05880	1	0.73053	0.56365	11.61492	1.06646	1	-0.00826	-0.01021	0.66402	0.00364	1	0.05978	-0.01502	0.67679	0.00394	1	1.45898	0.81042	0	
1241226	8372.33984	3304522997676	0.51056	0.39301	8372.11230	0.22754	11028	1	0.51843	0.32374	1	0.49029	0.37240	1	0.50436	0.34807	1	0.46634	0.54079	11.12949	1.06646	1	0.73024	0.56388	11.38310	1.06646	1	-0.00826	-0.01021	0.66402	0.00358	1	0.05978	-0.01502	0.67679	0.00394	1	1.45898	0.81042	0	
1241227	8372.34766	3304523067166	0.51034	0.39178	8372.11230	0.23535	11028	1	0.51856	0.32222	1	0.48663	0.37559	1	0.50259	0.34891	1	0.46634	0.54079	11.12949	1.06646	1	0.73025	0.56374	11.10759	1.06646	1	-0.00826	-0.01021	0.66402	0.00358	1	0.05978	-0.01502	0.67679	0.00386	1	1.45898	0.81042	0	
1241228	8372.35352	3304523132051	0.51013	0.39071	8372.11230	0.24121	11028	1	0.51856	0.32222	1	0.48626	0.38153	1	0.50241	0.35188	1	0.46641	0.54088	10.72265	1.06646	1	0.73027	0.56345	11.07425	1.05880	1	-0.00826	-0.01021	0.66402	0.00349	1	0.06238	-0.01569	0.70676	0.00403	1	1.45898	0.81042	0	
1241229	8372.36035	3304523198778	0.51005	0.39056	8372.11230	0.24805	11028	1	0.52111	0.39244	1	0.49316	0.37791	1	0.50713	0.38518	1	0.46630	0.54092	11.02965	1.05880	1	0.73024	0.56364	11.08944	1.05114	1	-0.00826	-0.01021	0.66402	0.00346	1	0.06238	-0.01569	0.70676	0.00391	1	1.45898	0.81042	0	
1241230	8372.36719	3304523265803	0.51000	0.39065	8372.11230	0.25488	11028	1	0.52642	0.40971	1	0.49035	0.37869	1	0.50838	0.39420	1	0.46628	0.54100	10.64535	1.05114	1	0.73019	0.56372	11.09752	1.04348	1	-0.00826	-0.01021	0.66402	0.00361	1	0.06238	-0.01569	0.70676	0.00391	1	1.45898	0.81042	0	
1241231	8372.37402	3304523334123	0.50997	0.39104	8372.11230	0.26172	11028	1	0.52805	0.42119	1	0.48954	0.39107	1	0.50880	0.40613	1	0.46628	0.54100	10.64535	1.03546	1	0.73021	0.56369	11.04122	1.02780	1	-0.00847	-0.01040	0.67674	0.00361	1	0.05878	-0.01481	0.66717	0.00393	1	1.45898	0.81042	0	
1241232	8372.38086	3304523400308	0.50997	0.39163	8372.11230	0.26855	11028	1	0.53058	0.42680	1	0.48902	0.40370	1	0.50980	0.41525	1	0.46640	0.54111	10.74630	1.01979	1	0.73025	0.56370	11.27527	1.01979	1	-0.00847	-0.01040	0.67674	0.00359	1	0.05878	-0.01481	0.66717	0.00394	1	1.45898	0.81042	0	
1241233	8372.38672	3304523466683	0.50978	0.39206	8372.11230	0.27441	11028	1	0.53141	0.43272	1	0.47265	0.38699	1	0.50203	0.40985	1	0.46640	0.54111	10.74630	1.01177	1	0.72991	0.56337	11.93660	1.01177	1	-0.00847	-0.01040	0.67674	0.00360	1	0.05878	-0.01481	0.66717	0.00397	1	1.45898	0.81042	0	
1241234	8372.39355	3304523534229	0.50961	0.39262	8372.11230	0.28125	11028	1	0.53225	0.43863	1	0.47236	0.39344	1	0.50230	0.41604	1	0.46594	0.54138	11.45897	1.00375	1	0.72972	0.56398	12.06966	1.00375	1	-0.00847	-0.01040	0.67674	0.00355	1	0.05878	-0.01481	0.66717	0.00395	1	1.45898	0.81042	0	
1241235	8372.40039	3304523601381	0.50929	0.39352	8372.11230	0.28809	11028	1	0.52139	0.44486	1	0.47015	0.41945	1	0.49577	0.43215	1	0.46579	0.54137	11.24866	1.00375	1	0.72987	0.56384	12.04111	1.00375	1	-0.00847	-0.01040	0.67674	0.00359	1	0.05878	-0.01481	0.66717	0.00381	1	1.45898	0.81042	0	
1241236	8372.40723	3304523663204	0.50905	0.39449	8372.11230	0.29492	11028	1	0.52603	0.45332	1	0.47055	0.42075	1	0.49829	0.43704	1	0.46631	0.54121	10.41140	1.00375	1	0.72989	0.56389	12.07485	1.00375	1	-0.00847	-0.01040	0.67674	0.00363	1	0.05878	-0.01481	0.66717	0.00380	1	1.45898	0.81042	0	
1241237	8372.41406	3304523732375	0.50881	0.39528	8372.11230	0.30176	11028	1	0.52515	0.44752	1	0.47083	0.41452	1	0.49799	0.43102	1	0.46640	0.54111	10.74630	1.01177	1	0.72969	0.56424	12.23598	1.01177	1	-0.00826	-0.01021	0.66402	0.00360	1	0.05878	-0.01481	0.66717	0.00381	1	1.45898	0.81042	0	
1241238	8372.41992	3304523798472	0.50860	0.39581	8372.11230	0.30762	11028	1	0.51783	0.43660	1	0.48015	0.40375	1	0.49899	0.42018	1	0.46628	0.54126	10.82546	1.01979	1	0.72998	0.56378	11.84151	1.01979	1	-0.00826	-0.01021	0.66402	0.00355	1	0.05878	-0.01481	0.66717	0.00379	1	1.45898	0.81042	0	
1241239	8372.42773	3304523867776	0.50827	0.39654	8372.11230	0.31543	11028	1	0.52580	0.44038	1	0.45986	0.42078	1	0.49283	0.43058	1	0.46629	0.54112	10.73574	1.02780	1	0.72977	0.56401	12.01686	1.02780	1	-0.00826	-0.01021	0.66402	0.00360	1	0.05878	-0.01481	0.66717	0.00391	1	1.45898	0.81042	0	
1241240	8372.43457	3304523936545	0.50804	0.39717	8372.11230	0.32227	11028	1	0.52494	0.43461	1	0.46005	0.41470	1	0.49249	0.42466	1	0.46610	0.54128	11.05064	1.03582	1	0.72985	0.56441	12.05802	1.03582	1	-0.00826	-0.01021	0.66402	0.00366	1	0.05831	-0.01474	0.66188	0.00376	1	1.45898	0.81042	0	
1241241	8372.44043	3304523999442	0.50821	0.39743	8372.11230	0.32812	11028	1	0.52114	0.38935	1	0.48089	0.41618	1	0.50102	0.40277	1	0.46627	0.54119	10.71908	1.03582	1	0.73005	0.56400	11.50357	1.03582	1	-0.00826	-0.01021	0.66402	0.00364	1	0.05831	-0.01474	0.66188	0.00375	1	1.45898	0.81042	0	
1241242	8372.44727	3304524066520	0.50862	0.39687	8372.11230	0.33496	11028	1	0.52192	0.37474	1	0.48624	0.40611	1	0.50408	0.39042	1	0.46627	0.54153	10.85171	1.03582	1	0.73012	0.56379	11.42132	1.03582	1	-0.00826	-0.01021	0.66402	0.00365	1	0.05831	-0.01474	0.66188	0.00391	1	1.45898	0.81042	0	
1241243	8372.45410	3304524132074	0.50903	0.39636	8372.11230	0.34180	11028	1	0.52192	0.37474	1	0.48592	0.41134	1	0.50392	0.39304	1	0.46622	0.54134	10.81926	1.03582	1	0.73017	0.56373	11.41106	1.02901	1	-0.00858	-0.01065	0.68925	0.00360	1	0.05537	-0.01403	0.62796	0.00390	1	1.45898	0.81042	0	
1241244	8372.46094	3304524200462	0.50899	0.39672	8372.11230	0.34863	11028	1	0.52415	0.40498	1	0.47866	0.45057	1	0.50140	0.42777	1	0.46631	0.54152	10.68344	1.02901	1	0.73012	0.56410	12.00953	1.02220	1	-0.00858	-0.01065	0.68925	0.00369	1	0.05537	-0.01403	0.62796	0.00372	1	1.45898	0.81042	0	
1241245	8372.46777	3304524268032	0.50898	0.39659	8372.11230	0.35547	11028	1	0.53226	0.42267	1	0.47023	0.42985	1	0.50124	0.42626	1	0.46637	0.54155	10.90868	1.02220	1	0.72996	0.56405	12.19720	1.01540	1	-0.00858	-0.01065	0.68925	0.00359	1	0.05537	-0.01403	0.62796	0.00372	1	1.45898	0.81042	0	
1241246	8372.47461	3304524336967	0.49913	0.42060	8372.11230	0.35547	11028	0	0.53296	0.42771	1	0.47000	0.43503	1	0.50148	0.43137	1	0.46612	0.54149	10.31168	1.01540	1	0.73012	0.56400	12.25680	1.00859	1	-0.00858	-0.01065	0.68925	0.00371	1	0.05537	-0.01408	0.62796	0.00371	1	1.45898	0.81042	0	
1241247	8372.48047	3304524404148	0.49471	0.43257	8372.11230	0.35547	11028	0	0.53296	0.42771	0	0.49030	0.44453	1	0.49030	0.44453	1	0.46612	0.54149	10.31168	1.00859	0	0.73023	0.56400	11.66597	1.00859	1	-0.00858	-0.01065	0.68925	0.00371	1	0.05537	-0.01408	0.62796	0.00373	1	1.45898	0.81042	0	
1241248	8372.48730	3304524471635	0.48825	0.44232	8372.11230	0.35547	11028	0	0.53296	0.42771	0	0.47534	0.46184	1	0.47534	0.46184	1	0.46612	0.54149	10.31168	1.00859	0	0.72996	0.56433	12.10964	1.00859	1	-0.00858	-0.01065	0.68925	0.00371	1	0.05537	-0.01408	0.62796	0.00369	1	1.45898	0.81042	0	
1241249	8372.49414	3304524538663	0.48825	0.44232	8372.47461	0.01953	11029	1	0.53296	0.42771	0	0.47534	0.46184	0	0.47534	0.46184	0	0.46612	0.54149	10.31168	1.00859	0	0.72996	0.56433	12.10964	1.00859	0	-0.00858	-0.01065	0.68925	0.00371	1	0.05537	-0.01408	0.62796	0.00369	1	1.45898	0.81042	0	
1241250	8372.50098	3304524605514	0.48541	0.44598	8372.47461	0.02637	11029	1	0.53296	0.42771	0	0.47688	0.45694	1	0.47688	0.45694	1	0.46612	0.54149	10.31168	1.00859	0	0.73004	0.56427	12.20583	1.00859	1	-0.00858	-0.01065	0.68925	0.00371	1	0.05537	-0.01408	0.62796	0.00365	1	1.45898	0.81042	0	
1241251	8372.50781	3304524672913	0.48541	0.44598	8372.47461	0.03320	11029	1	0.53296	0.42771	0	0.47688	0.45694	0	0.47688	0.45694	0	0.46612	0.54149	10.31168	1.00859	0	0.73004	0.56427	12.20583	1.00859	0	-0.00858	-0.01065	0.68925	0.00371	1	0.05537	-0.01408	0.62796	0.00365	1	1.45898	0.81042	0	
1241252	8372.51465	3304524739584	0.48541	0.44598	8372.47461	0.04004	11029	1	0.53296	0.42771	0	0.47688	0.45694	0	0.47688	0.45694	0	0.46612	0.54149	10.31168	1.00859	0	0.73004	0.56427	12.20583	1.00859	0	-0.00858	-0.01065	0.68925	0.00371	1	0.05537	-0.01408	0.62796	0.00365	1	1.45898	0.81042	0	
1241253	8372.52148	3304524806533	0.48541	0.44598	8372.47461	0.04688	11029	1	0.53296	0.42771	0	0.47688	0.45694	0	0.47688	0.45694	0	0.46612	0.54149	10.31168	1.00859	0	0.73004	0.56427	12.20583	1.00859	0	-0.00858	-0.01065	0.68925	0.00371	1	0.05537	-0.01408	0.62796	0.00365	1	1.45898	0.81042	0	
1241254	8372.52734	3304524873416	0.48084	0.45444	8372.47461	0.04688	11029	0	0.53296	0.42771	0	0.47688	0.45694	0	0.47688	0.45694	0	0.46612	0.54149	10.31168	1.00859	0	0.73004	0.56427	12.20583	1.00859	0	-0.00858	-0.01065	0.68925	0.00371	1	0.05537	-0.01408	0.62796	0.00365	1	1.45898	0.81042	0	
1241255	8372.53418	3304524940287	0.48084	0.45444	8372.47461	0.04688	11029	0	0.53296	0.42771	0	0.47688	0.45694	0	0.47688	0.45694	0	0.46612	0.54149	10.31168	1.00859	0	0.73004	0.56427	12.20583	1.00859	0	-0.00858	-0.01065	0.68925	0.00371	1	0.05537	-0.01408	0.62796	0.00365	1	1.45898	0.81042	0	
1241256	8372.54102	3304525007244	0.48084	0.45444	8372.47461	0.04688	11029	0	0.53296	0.42771	0	0.47688	0.45694	0	0.47688	0.45694	0	0.46612	0.54149	10.31168	1.00859	0	0.73004	0.56427	12.20583	1.00859	0	-0.00858	-0.01065	0.68925	0.00371	1	0.05537	-0.01408	0.62796	0.00365	1	1.45898	0.81042	0	
1241257	8372.54785	3304525074760	0.00000	0.00000	8372.47461	0.04688	11029	0	0.53296	0.42771	0	0.47688	0.45694	0	0.47688	0.45694	0	0.46612	0.54149	10.31168	1.00859	0	0.73004	0.56427	12.20583	1.00859	0	-0.00858	-0.01065	0.68925	0.00371	1	0.05537	-0.01408	0.62796	0.00365	1	1.45898	0.81042	0	
1241258	8372.55469	3304525141908	0.00000	0.00000	8372.47461	0.04688	11029	0	0.53296	0.42771	0	0.47688	0.45694	0	0.47688	0.45694	0	0.46612	0.54149	10.31168	1.00859	0	0.73004	0.56427	12.20583	1.00859	0	-0.00858	-0.01065	0.68925	0.00371	1	0.05537	-0.01408	0.62796	0.00365	1	1.45898	0.81042	0	
1241259	8372.56152	3304525208625	0.00000	0.00000	8372.47461	0.04688	11029	0	0.53296	0.42771	0	0.47688	0.45694	0	0.47688	0.45694	0	0.46612	0.54149	10.31168	1.00859	0	0.73004	0.56427	12.20583	1.00859	0	-0.00858	-0.01065	0.68925	0.00371	1	0.05537	-0.01408	0.62796	0.00365	1	1.45898	0.81042	0	
1241260	8372.56836	3304525274915	0.49690	0.38934	8372.47461	0.04688	11029	0	0.52793	0.41166	1	0.46587	0.36701	1	0.49690	0.38934	1	0.46639	0.54169	11.19634	1.00859	1	0.73057	0.56408	11.96957	1.00859	1	-0.00858	-0.01065	0.68925	0.00363	1	0.05537	-0.01408	0.62796	0.00434	1	1.45898	0.81042	0	
1241261	8372.57520	3304525342803	0.49683	0.38274	8372.47461	0.04688	11029	0	0.52695	0.40474	1	0.46658	0.34754	1	0.49677	0.37614	1	0.46657	0.54143	11.06734	1.01767	1	0.73057	0.56408	11.96957	1.03214	1	-0.00874	-0.01102	0.70638	0.00358	1	0.06074	-0.01542	0.68764	0.00434	1	1.45898	0.81042	0	
1241262	8372.58105	3304525407881	0.48975	0.37259	8372.47461	0.04688	11029	0	0.49691	0.31521	1	0.45424	0.38938	1	0.47558	0.35229	1	0.46636	0.54120	10.82051	1.04123	1	0.73033	0.56471	12.39405	1.05569	1	-0.00874	-0.01102	0.70638	0.00359	1	0.06074	-0.01542	0.68764	0.00413	1	1.45898	0.81042	0	
1241263	8372.58789	3304525475514	0.48767	0.35725	8372.56836	0.01953	11030	1	0.50565	0.29007	1	0.45725	0.33241	1	0.48145	0.31124	1	0.46649	0.54102	11.15250	1.06478	1	0.73042	0.56430	11.80039	1.07925	1	-0.00874	-0.01102	0.70638	0.00376	1	0.06074	-0.01542	0.68764	0.00426	1	1.45898	0.81042	0	
1241264	8372.59473	3304525543499	0.48637	0.34699	8372.56836	0.02637	11030	1	0.50488	0.28467	1	0.45739	0.32722	1	0.48113	0.30594	1	0.46665	0.54120	11.22292	1.07123	1	0.73052	0.56434	11.98612	1.08570	1	-0.00826	-0.01049	0.67595	0.00381	1	0.05978	-0.01523	0.67679	0.00422	1	1.45898	0.81042	0	
1241265	8372.60156	3304525610391	0.48846	0.34865	8372.56836	0.03320	11030	1	0.53392	0.35751	1	0.46400	0.35637	1	0.49896	0.35694	1	0.46694	0.54159	11.88521	1.06860	1	0.73052	0.56446	12.03202	1.06860	1	-0.00826	-0.01049	0.67595	0.00353	1	0.05978	-0.01523	0.67679	0.00414	1	1.45898	0.81042	0	
1241266	8372.60840	3304525677512	0.48762	0.34971	8372.56836	0.04004	11030	1	0.50172	0.34083	1	0.46334	0.37133	1	0.48253	0.35608	1	0.46689	0.54136	11.37515	1.05149	1	0.73047	0.56454	12.08449	1.05149	1	-0.00826	-0.01049	0.67595	0.00373	1	0.05978	-0.01523	0.67679	0.00406	1	1.45898	0.81042	0	
1241267	8372.61426	3304525742491	0.48702	0.35179	8372.56836	0.04590	11030	1	0.50285	0.34809	1	0.46289	0.38453	1	0.48287	0.36631	1	0.46681	0.54122	11.53240	1.04241	1	0.73070	0.56418	11.86640	1.03475	1	-0.00822	-0.01056	0.67676	0.00377	1	0.05853	-0.01490	0.66214	0.00397	1	1.45898	0.81042	0	
1241268	8372.62109	3304525809246	0.48753	0.34986	8372.56836	0.05273	11030	1	0.50958	0.32351	1	0.47367	0.34536	1	0.49162	0.33443	1	0.46687	0.54105	11.50736	1.04277	1	0.73070	0.56417	11.92060	1.03511	1	-0.00822	-0.01056	0.67676	0.00378	1	0.05853	-0.01490	0.66214	0.00400	1	1.45898	0.81042	0	
1241269	8372.62793	3304525874247	0.48679	0.34907	8372.56836	0.05957	11030	1	0.49007	0.32203	1	0.47015	0.36204	1	0.48011	0.34203	1	0.46657	0.54107	10.90807	1.04312	1	0.73064	0.56438	12.03102	1.03546	1	-0.00822	-0.01056	0.67676	0.00386	1	0.05853	-0.01490	0.66214	0.00394	1	1.45898	0.81042	0	
1241270	8372.63477	3304525945178	0.48618	0.34841	8372.56836	0.06641	11030	1	0.49002	0.32173	1	0.47017	0.36175	1	0.48009	0.34174	1	0.46747	0.54149	11.22601	1.04348	1	0.73084	0.56409	11.74761	1.03582	1	-0.00834	-0.01066	0.68667	0.00374	1	0.05853	-0.01490	0.66214	0.00398	1	1.45898	0.81042	0	
1241271	8372.64160	3304526012302	0.48793	0.34817	8372.56836	0.07324	11030	1	0.53468	0.31049	1	0.47970	0.38067	1	0.50719	0.34558	1	0.46734	0.54077	11.09290	1.03582	1	0.73076	0.56468	11.98918	1.03582	1	-0.00834	-0.01066	0.68667	0.00394	1	0.05853	-0.01490	0.66214	0.00377	1	1.45898	0.81042	0	
1241272	8372.64844	3304526078204	0.48940	0.35202	8372.56836	0.08008	11030	1	0.53762	0.39276	1	0.47634	0.40367	1	0.50698	0.39821	1	0.46733	0.54125	11.10594	1.03582	1	0.73073	0.56474	11.69718	1.03582	1	-0.00834	-0.01066	0.68667	0.00375	1	0.05853	-0.01490	0.66214	0.00382	1	1.45898	0.81042	0	
1241273	8372.65527	3304526145691	0.49067	0.35511	8372.56836	0.08691	11030	1	0.53762	0.39276	1	0.47664	0.39776	1	0.50713	0.39526	1	0.46731	0.54108	11.06529	1.03582	1	0.73144	0.56490	12.38007	1.04348	1	-0.00822	-0.01046	0.67677	0.00362	1	0.06047	-0.01535	0.68232	0.00380	1	1.45898	0.81042	0	
1241274	8372.66211	3304526212850	0.49191	0.35360	8372.56836	0.09375	11030	1	0.52820	0.26882	1	0.49051	0.39617	1	0.50936	0.33249	1	0.46730	0.54017	10.84958	1.04348	1	0.73138	0.56481	12.18126	1.05114	1	-0.00822	-0.01046	0.67677	0.00397	1	0.06047	-0.01535	0.68232	0.00382	1	1.45898	0.81042	0	
1241275	8372.66895	3304526279940	0.49256	0.35411	8372.56836	0.10059	11030	1	0.51451	0.39747	1	0.49021	0.32585	1	0.50236	0.36166	1	0.46733	0.54142	11.37521	1.05114	1	0.73135	0.56412	11.72946	1.05880	1	-0.00822	-0.01046	0.67677	0.00356	1	0.06047	-0.01535	0.68232	0.00413	1	1.45898	0.81042	0	
1241276	8372.67480	3304526347296	0.49313	0.35420	8372.56836	0.10645	11030	1	0.51364	0.39176	1	0.49060	0.31951	1	0.50212	0.35564	1	0.46768	0.54147	11.79206	1.05880	1	0.73146	0.56352	11.84084	1.06646	1	-0.00820	-0.01056	0.68364	0.00363	1	0.06047	-0.01535	0.68232	0.00428	1	1.45898	0.81042	0	
1241277	8372.68164	3304526413981	0.49337	0.35589	8372.56836	0.11328	11030	1	0.53702	0.39244	1	0.45805	0.37677	1	0.49753	0.38461	1	0.46771	0.54165	11.81114	1.06646	1	0.73124	0.56473	12.63100	1.06646	1	-0.00820	-0.01056	0.68364	0.00356	1	0.06047	-0.01535	0.68232	0.00404	1	1.45898	0.81042	0	
1241278	8372.68848	3304526481117	0.49303	0.35644	8372.56836	0.12012	11030	1	0.51263	0.35250	1	0.46121	0.38034	1	0.48692	0.36642	1	0.46738	0.54125	11.31420	1.06646	1	0.73123	0.56487	12.19212	1.06646	1	-0.00820	-0.01056	0.68364	0.00384	1	0.06047	-0.01535	0.68232	0.00397	1	1.45898	0.81042	0	
1241279	8372.69531	3304526548104	0.49274	0.35725	8372.56836	0.12695	11030	1	0.51354	0.35873	1	0.46102	0.38651	1	0.48728	0.37262	1	0.46743	0.54069	11.11328	1.05844	1	0.73123	0.56487	12.19212	1.05844	1	-0.00793	-0.01028	0.66554	0.00404	1	0.06047	-0.01535	0.68232	0.00397	1	1.45898	0.81042	0	
1241280	8372.70215	3304526614984	0.49171	0.35774	8372.56836	0.13379	11030	1	0.49139	0.36216	1	0.45085	0.37317	1	0.47112	0.36766	1	0.46741	0.54119	11.12987	1.05042	1	0.73109	0.56472	12.48093	1.05042	1	-0.00793	-0.01028	0.66554	0.00395	1	0.06047	-0.01535	0.68232	0.00414	1	1.45898	0.81042	0	
1241281	8372.70898	3304526681970	0.49154	0.35953	8372.56836	0.14062	11030	1	0.51487	0.42741	1	0.46078	0.36651	1	0.48782	0.39696	1	0.46783	0.54173	12.19219	1.04241	1	0.73134	0.56453	12.05165	1.04241	1	-0.00793	-0.01028	0.66554	0.00354	1	0.06047	-0.01535	0.68232	0.00414	1	1.45898	0.81042	0	
1241282	8372.71582	3304526749354	0.49138	0.36116	8372.56836	0.14746	11030	1	0.51487	0.42741	1	0.46078	0.36651	1	0.48782	0.39696	1	0.46777	0.54113	11.97644	1.04241	1	0.73133	0.56457	12.11579	1.04241	1	-0.00814	-0.01062	0.68711	0.00377	1	0.06047	-0.01535	0.68232	0.00412	1	1.45898	0.81042	0	
1241283	8372.72168	3304526816249	0.49121	0.36093	8372.56836	0.15332	11030	1	0.51396	0.35157	1	0.46097	0.36010	1	0.48747	0.35583	1	0.46780	0.54112	12.04580	1.05042	1	0.73134	0.56453	12.05165	1.05042	1	-0.00814	-0.01062	0.68711	0.00381	1	0.06047	-0.01535	0.68232	0.00414	1	1.45898	0.81042	0	
1241284	8372.72852	3304526882479	0.49126	0.36197	8372.56836	0.16016	11030	1	0.52102	0.40912	1	0.46373	0.36439	1	0.49238	0.38676	1	0.46789	0.54166	11.96533	1.05844	1	0.73130	0.56446	12.03202	1.05844	1	-0.00814	-0.01062	0.68711	0.00355	1	0.06047	-0.01535	0.68232	0.00415	1	1.45898	0.81042	0	
1241285	8372.73535	3304526949880	0.49129	0.36269	8372.56836	0.16699	11030	1	0.52016	0.40328	1	0.46394	0.35806	1	0.49205	0.38067	1	0.46794	0.54156	12.09211	1.06646	1	0.73130	0.56462	12.15876	1.06646	1	-0.00814	-0.01062	0.68711	0.00357	1	0.06047	-0.01535	0.68232	0.00403	1	1.45898	0.81042	0	
1241286	8372.74219	3304527016848	0.49114	0.36348	8372.56836	0.17383	11030	1	0.51527	0.37886	1	0.45930	0.38957	1	0.48728	0.38422	1	0.46781	0.54166	12.12749	1.06646	1	0.73125	0.56496	12.19637	1.06646	1	-0.00814	-0.01062	0.68711	0.00354	1	0.06047	-0.01535	0.68232	0.00391	1	1.45898	0.81042	0	
1241287	8372.74902	3304527084184	0.49151	0.36455	8372.56836	0.18066	11030	1	0.53921	0.40437	1	0.46393	0.38224	1	0.50157	0.39331	1	0.46825	0.54185	11.18714	1.06646	1	0.73128	0.56489	12.30378	1.06646	1	-0.00814	-0.01062	0.68711	0.00361	1	0.06047	-0.01535	0.68232	0.00394	1	1.45898	0.81042	0	
1241288	8372.75586	3304527151023	0.49186	0.36564	8372.56836	0.18750	11030	1	0.53921	0.40437	1	0.46372	0.38812	1	0.50146	0.39625	1	0.46805	0.54148	11.22739	1.06646	1	0.73131	0.56494	12.20334	1.05880	1	-0.00798	-0.01046	0.67361	0.00369	1	0.05831	-0.01479	0.65739	0.00393	1	1.45898	0.81042	0	
1241289	8372.76270	3304527218076	0.49201	0.36645	8372.56836	0.19434	11030	1	0.52655	0.37874	1	0.46649	0.40084	1	0.49652	0.38979	1	0.46798	0.54134	11.90926	1.05880	1	0.73137	0.56492	12.54018	1.05114	1	-0.00798	-0.01046	0.67361	0.00372	1	0.05831	-0.01479	0.65739	0.00393	1	1.45898	0.81042	0	
1241290	8372.76855	3304527284542	0.49180	0.36703	8372.56836	0.20020	11030	1	0.50991	0.34018	1	0.46090	0.42902	1	0.48541	0.38460	1	0.46765	0.54147	11.46557	1.05114	1	0.73128	0.56505	12.41081	1.04348	1	-0.00798	-0.01046	0.67361	0.00369	1	0.05831	-0.01479	0.65739	0.00387	1	1.45898	0.81042	0	
1241291	8372.77539	3304527352288	0.49161	0.36768	8372.56836	0.20703	11030	1	0.51081	0.34631	1	0.46090	0.42902	1	0.48586	0.38766	1	0.46782	0.54148	12.07437	1.04348	1	0.73138	0.56507	12.44876	1.04348	1	-0.00798	-0.01046	0.67361	0.00363	1	0.06047	-0.01540	0.68232	0.00387	1	1.45898	0.81042	0	
1241292	8372.78223	3304527418945	0.49176	0.36746	8372.56836	0.21387	11030	1	0.52473	0.31770	1	0.46842	0.40319	1	0.49657	0.36044	1	0.46804	0.54122	11.08228	1.04348	1	0.73137	0.56520	12.37307	1.05114	1	-0.00798	-0.01046	0.67361	0.00377	1	0.06047	-0.01540	0.68232	0.00384	1	1.45898	0.81042	0	
1241293	8372.78906	3304527485815	0.49149	0.36690	8372.56836	0.22070	11030	1	0.50152	0.31646	1	0.46348	0.38037	1	0.48250	0.34841	1	0.46759	0.54102	11.29708	1.05114	1	0.73137	0.56463	12.26857	1.05880	1	-0.00798	-0.01046	0.67361	0.00386	1	0.06047	-0.01540	0.68232	0.00407	1	1.45898	0.81042	0	
1241294	8372.79590	3304527552770	0.49122	0.36628	8372.56836	0.22754	11030	1	0.50057	0.31016	1	0.46348	0.38037	1	0.48203	0.34526	1	0.46785	0.54123	11.65565	1.05880	1	0.73163	0.56471	11.79567	1.05880	1	-0.00798	-0.01046	0.67361	0.00376	1	0.05831	-0.01479	0.65739	0.00387	1	1.45898	0.81042	0	
1241295	8372.80273	3304527619878	0.49169	0.36613	8372.56836	0.23438	11030	1	0.53703	0.34156	1	0.47944	0.38047	1	0.50823	0.36102	1	0.46817	0.54097	11.24160	1.05880	1	0.73152	0.56475	12.00433	1.05114	1	-0.00798	-0.01046	0.67361	0.00392	1	0.05831	-0.01479	0.65739	0.00382	1	1.45898	0.81042	0	
1241296	8372.80859	3304527685211	0.49213	0.36615	8372.56836	0.24023	11030	1	0.53797	0.33245	1	0.47793	0.40139	1	0.50795	0.36692	1	0.46818	0.54135	11.17069	1.05114	1	0.73158	0.56482	12.30151	1.04348	1	-0.00798	-0.01046	0.67361	0.00380	1	0.05831	-0.01479	0.65739	0.00377	1	1.45898	0.81042	0	
1241297	8372.81543	3304527751857	0.49255	0.36633	8372.56836	0.24707	11030	1	0.53870	0.33862	1	0.47762	0.40726	1	0.50816	0.37294	1	0.46827	0.54116	11.29020	1.04348	1	0.73160	0.56490	12.37896	1.03582	1	-0.00814	-0.01062	0.68711	0.00392	1	0.05891	-0.01499	0.66419	0.00377	1	1.45898	0.81042	0	
1241298	8372.82227	3304527817427	0.49257	0.36614	8372.56836	0.25391	11030	1	0.51205	0.30540	1	0.47444	0.41208	1	0.49324	0.35874	1	0.46777	0.54083	11.95651	1.03582	1	0.73152	0.56498	12.32924	1.03582	1	-0.00814	-0.01062	0.68711	0.00390	1	0.05891	-0.01499	0.66419	0.00392	1	1.45898	0.81042	0	
1241299	8372.82812	3304527880874	0.49279	0.36704	8372.56836	0.25977	11030	1	0.53543	0.38094	1	0.46676	0.42317	1	0.50110	0.40206	1	0.46807	0.54159	11.92331	1.03582	1	0.73139	0.56498	11.97154	1.03582	1	-0.00814	-0.01062	0.68711	0.00359	1	0.05891	-0.01499	0.66419	0.00375	1	1.45898	0.81042	0	
1241300	8372.83594	3304527951501	0.49299	0.36789	8372.56836	0.26758	11030	1	0.53543	0.38094	1	0.46676	0.42317	1	0.50110	0.40206	1	0.46818	0.54169	11.68746	1.03582	1	0.73144	0.56463	12.16865	1.03582	1	-0.00798	-0.01046	0.67361	0.00363	1	0.05831	-0.01479	0.65739	0.00389	1	1.45898	0.81042	0	
1241301	8372.84277	3304528020879	0.49314	0.36764	8372.56836	0.27441	11030	1	0.53424	0.31916	1	0.46484	0.39541	1	0.49954	0.35729	1	0.46811	0.54094	11.19327	1.03582	1	0.73142	0.56485	12.44269	1.03582	1	-0.00798	-0.01046	0.67361	0.00394	1	0.05831	-0.01479	0.65739	0.00381	1	1.45898	0.81042	0	
1241302	8372.84863	3304528086289	0.49327	0.36823	8372.56836	0.28027	11030	1	0.53757	0.39675	1	0.45917	0.38986	1	0.49837	0.39330	1	0.46815	0.54132	11.35651	1.03582	1	0.73128	0.56475	12.12248	1.03582	1	-0.00798	-0.01046	0.67361	0.00385	1	0.05831	-0.01479	0.65739	0.00377	1	1.45898	0.81042	0	
1241303	8372.85547	3304528153458	0.49338	0.36880	8372.56836	0.28711	11030	1	0.53757	0.39675	1	0.45917	0.38986	1	0.49837	0.39330	1	0.46826	0.54145	11.52957	1.03582	1	0.73136	0.56486	12.10878	1.03582	1	-0.00798	-0.01046	0.67361	0.00383	1	0.05831	-0.01479	0.65739	0.00381	1	1.45898	0.81042	0	
1241304	8372.86230	3304528218431	0.49378	0.36970	8372.56836	0.29395	11030	1	0.54848	0.45239	1	0.47424	0.36605	1	0.51136	0.40922	1	0.46826	0.54184	11.54297	1.03582	1	0.73149	0.56446	11.82701	1.03582	1	-0.00798	-0.01046	0.67361	0.00359	1	0.05831	-0.01479	0.65739	0.00394	1	1.45898	0.81042	0	
1241305	8372.86914	3304528286627	0.49413	0.37059	8372.56836	0.30078	11030	1	0.55015	0.43140	1	0.46938	0.38976	1	0.50976	0.41058	1	0.46828	0.54187	11.56635	1.03582	1	0.73139	0.56459	12.02054	1.03582	1	-0.00798	-0.01046	0.67361	0.00360	1	0.05831	-0.01479	0.65739	0.00391	1	1.45898	0.81042	0	
1241306	8372.87598	3304528356256	0.49446	0.37144	8372.56836	0.30762	11030	1	0.55015	0.43140	1	0.46938	0.38976	1	0.50976	0.41058	1	0.46825	0.54174	11.54896	1.03582	1	0.73146	0.56447	11.87593	1.03582	1	-0.00814	-0.01062	0.68711	0.00355	1	0.05831	-0.01479	0.65739	0.00392	1	1.45898	0.81042	0	
1241307	8372.88281	3304528423614	0.49489	0.37146	8372.56836	0.31445	11030	1	0.53657	0.35443	1	0.49344	0.39045	1	0.51500	0.37244	1	0.46812	0.54086	11.20555	1.03582	1	0.73179	0.56470	12.29113	1.03582	1	-0.00814	-0.01062	0.68711	0.00390	1	0.05831	-0.01479	0.65739	0.00378	1	1.45898	0.81042	0	
1241308	8372.88965	3304528489602	0.49529	0.37182	8372.56836	0.32129	11030	1	0.54009	0.41544	1	0.49229	0.39791	1	0.51619	0.40668	1	0.46816	0.54160	11.63145	1.03582	1	0.73180	0.56467	12.71807	1.03582	1	-0.00814	-0.01062	0.68711	0.00359	1	0.05831	-0.01479	0.65739	0.00385	1	1.45898	0.81042	0	
1241309	8372.89648	3304528557441	0.49570	0.37240	8372.56836	0.32812	11030	1	0.54009	0.41544	1	0.49271	0.39195	1	0.51640	0.40370	1	0.46789	0.54153	12.34182	1.03582	1	0.73150	0.56470	12.09889	1.04348	1	-0.00814	-0.01062	0.68711	0.00355	1	0.06037	-0.01530	0.67998	0.00387	1	1.45898	0.81042	0	
1241310	8372.90332	3304528624737	0.49639	0.37245	8372.56836	0.33496	11030	1	0.54035	0.39105	1	0.47715	0.31898	1	0.50875	0.35501	1	0.46817	0.54153	12.28709	1.04348	1	0.73151	0.56407	11.72237	1.05114	1	-0.00814	-0.01062	0.68711	0.00362	1	0.06037	-0.01530	0.67998	0.00411	1	1.45898	0.81042	0	
1241311	8372.90918	3304528691314	0.49697	0.37414	8372.56836	0.34082	11030	1	0.52602	0.39721	1	0.49269	0.38746	1	0.50935	0.39233	1	0.46794	0.54146	11.98883	1.05114	1	0.73182	0.56492	12.60910	1.05880	1	-0.00814	-0.01062	0.68711	0.00366	1	0.06037	-0.01530	0.67998	0.00373	1	1.45898	0.81042	0	
1241312	8372.91602	3304528757679	0.49755	0.37588	8372.56836	0.34766	11030	1	0.52522	0.39151	1	0.49269	0.38746	1	0.50895	0.38948	1	0.46816	0.54136	11.22147	1.05880	1	0.73188	0.56497	12.90234	1.05880	1	-0.00814	-0.01062	0.68711	0.00374	1	0.05867	-0.01486	0.66035	0.00371	1	1.45898	0.81042	0	
1241313	8372.92285	3304528825588	0.49783	0.37633	8372.56836	0.35449	11030	1	0.53510	0.37356	1	0.48932	0.38320	1	0.51221	0.37838	1	0.46811	0.54148	11.21083	1.05880	1	0.73171	0.56464	12.34713	1.05114	1	-0.00814	-0.01062	0.68711	0.00373	1	0.05867	-0.01486	0.66035	0.00379	1	1.45898	0.81042	0	
1241314	8372.92969	3304528892623	0.49862	0.37660	8372.56836	0.36133	11030	1	0.54602	0.35781	1	0.49482	0.38037	1	0.52042	0.36909	1	0.46822	0.54119	11.08534	1.05114	1	0.73177	0.56457	12.40991	1.04348	1	-0.00814	-0.01062	0.68711	0.00375	1	0.05867	-0.01486	0.66035	0.00385	1	1.45898	0.81042	0	
1241315	8372.93652	3304528959921	0.49941	0.37672	8372.56836	0.36816	11030	1	0.54669	0.36379	1	0.49482	0.38037	1	0.52076	0.37208	1	0.46823	0.54159	11.26408	1.04348	1	0.73206	0.56432	12.21019	1.04348	1	-0.00814	-0.01062	0.68711	0.00365	1	0.06037	-0.01530	0.67998	0.00396	1	1.45898	0.81042	0	
1241316	8372.94336	3304529026492	0.50023	0.37798	8372.56836	0.37500	11030	1	0.54430	0.38093	1	0.51809	0.40880	1	0.53119	0.39487	1	0.46819	0.54153	11.33428	1.04348	1	0.73219	0.56489	12.28596	1.05114	1	-0.00814	-0.01062	0.68711	0.00361	1	0.06037	-0.01530	0.67998	0.00384	1	1.45898	0.81042	0	
1241317	8372.95020	3304529093736	0.50113	0.37864	8372.56836	0.38184	11030	1	0.54467	0.39424	1	0.50194	0.35288	1	0.52330	0.37356	1	0.46825	0.54154	11.62799	1.05114	1	0.73196	0.56460	12.71152	1.05880	1	-0.00814	-0.01062	0.68711	0.00360	1	0.06037	-0.01530	0.67998	0.00381	1	1.45898	0.81042	0	
1241318	8372.95605	3304529159967	0.50202	0.37924	8372.56836	0.38770	11030	1	0.54399	0.38852	1	0.50194	0.35288	1	0.52296	0.37070	1	0.46777	0.54177	12.15802	1.05880	1	0.73151	0.56471	12.38666	1.05880	1	-0.00814	-0.01062	0.68711	0.00353	1	0.05867	-0.01486	0.66035	0.00378	1	1.45898	0.81042	0	
1241319	8372.96289	3304529227443	0.50181	0.37987	8372.56836	0.39453	11030	1	0.52222	0.38754	1	0.47170	0.36405	1	0.49696	0.37580	1	0.46790	0.54137	12.16440	1.05880	1	0.73146	0.56470	12.28418	1.05114	1	-0.00814	-0.01062	0.68711	0.00355	1	0.05867	-0.01486	0.66035	0.00382	1	1.45898	0.81042	0	
1241320	8372.96973	3304529294271	0.50185	0.37924	8372.56836	0.40137	11030	1	0.54611	0.36588	1	0.47144	0.37015	1	0.50877	0.36801	1	0.46827	0.54134	11.54084	1.05114	1	0.73146	0.56470	12.28418	1.04348	1	-0.00814	-0.01062	0.68711	0.00368	1	0.05867	-0.01486	0.66035	0.00382	1	1.45898	0.81042	0	
1241321	8372.97656	3304529361288	0.50189	0.37880	8372.56836	0.40820	11030	1	0.54679	0.37180	1	0.47117	0.37625	1	0.50898	0.37403	1	0.46825	0.54159	11.36147	1.04348	1	0.73156	0.56498	12.15307	1.03582	1	-0.00814	-0.01062	0.68711	0.00366	1	0.05831	-0.01479	0.65739	0.00378	1	1.45898	0.81042	0	
1241322	8372.98340	3304529428460	0.50166	0.38007	8372.56836	0.41504	11030	1	0.52276	0.41422	1	0.47379	0.37253	1	0.49828	0.39338	1	0.46788	0.54148	11.97927	1.03582	1	0.73150	0.56449	11.85293	1.03582	1	-0.00814	-0.01062	0.68711	0.00358	1	0.05831	-0.01479	0.65739	0.00389	1	1.45898	0.81042	0	
1241323	8372.99023	3304529495512	0.50150	0.38057	8372.56836	0.42188	11030	1	0.51199	0.39078	1	0.47747	0.38108	1	0.49473	0.38593	1	0.46758	0.54123	11.35657	1.03582	1	0.73153	0.56469	11.80766	1.03582	1	-0.00814	-0.01062	0.68711	0.00368	1	0.05831	-0.01479	0.65739	0.00380	1	1.45898	0.81042	0	
1241324	8372.99707	3304529562444	0.50134	0.38120	8372.56836	0.42871	11030	1	0.51199	0.39078	1	0.47747	0.38108	1	0.49473	0.38593	1	0.46744	0.54150	11.47846	1.03582	1	0.73155	0.56422	11.79025	1.03582	1	-0.00814	-0.01062	0.68711	0.00367	1	0.05831	-0.01479	0.65739	0.00396	1	1.45898	0.81042	0	
1241325	8373.00293	3304529628570	0.50124	0.38137	8372.56836	0.43457	11030	1	0.52811	0.40533	1	0.45729	0.38002	1	0.49270	0.39268	1	0.46795	0.54146	12.01016	1.03582	1	0.73120	0.56469	12.08307	1.03582	1	-0.00814	-0.01062	0.68711	0.00364	1	0.05831	-0.01479	0.65739	0.00398	1	1.45898	0.81042	0	
1241326	8373.00977	3304529696342	0.50106	0.38190	8372.56836	0.44141	11030	1	0.49039	0.43140	1	0.46566	0.35179	1	0.47803	0.39160	1	0.46734	0.54162	11.29139	1.03582	1	0.73135	0.56433	11.89362	1.03582	1	-0.00814	-0.01062	0.68711	0.00371	1	0.05831	-0.01479	0.65739	0.00413	1	1.45898	0.81042	0	
1241327	8373.01660	3304529763436	0.50086	0.38229	8372.56836	0.44824	11030	1	0.49039	0.43140	1	0.46566	0.35179	1	0.47803	0.39160	1	0.46763	0.54160	11.89645	1.03582	1	0.73132	0.56485	12.02107	1.03582	1	-0.00814	-0.01062	0.68711	0.00365	1	0.05831	-0.01479	0.65739	0.00406	1	1.45898	0.81042	0	
1241328	8373.02344	3304529830683	0.50111	0.38356	8372.56836	0.45508	11030	1	0.51046	0.41387	1	0.45542	0.44281	1	0.48294	0.42834	1	0.46766	0.54145	11.91449	1.03582	1	0.73124	0.56479	12.04682	1.03582	1	-0.00814	-0.01062	0.68711	0.00365	1	0.05831	-0.01479	0.65739	0.00398	1	1.45898	0.81042	0	
1241329	8373.03027	3304529897273	0.50111	0.38360	8372.56836	0.46191	11030	1	0.52316	0.39410	1	0.45201	0.40360	1	0.48759	0.39885	1	0.46785	0.54146	11.60079	1.03582	1	0.73119	0.56476	12.29184	1.03582	1	-0.00814	-0.01062	0.68711	0.00367	1	0.05831	-0.01479	0.65739	0.00398	1	1.45898	0.81042	0	
1241330	8373.03711	3304529963366	0.50110	0.38364	8372.56836	0.46875	11030	1	0.52316	0.39410	1	0.45201	0.40360	1	0.48759	0.39885	1	0.46811	0.54154	11.80964	1.03582	1	0.73122	0.56464	12.24411	1.03582	1	-0.00814	-0.01062	0.68711	0.00372	1	0.05831	-0.01479	0.65739	0.00400	1	1.45898	0.81042	0	
1241331	8373.04395	3304530031247	0.50102	0.38361	8372.56836	0.47559	11030	1	0.49463	0.33485	1	0.47227	0.37479	1	0.48345	0.35482	1	0.46744	0.54065	11.30487	1.03582	1	0.73149	0.56398	11.87585	1.03582	1	-0.00814	-0.01062	0.68711	0.00409	1	0.05831	-0.01479	0.65739	0.00409	1	1.45898	0.81042	0	
1241332	8373.04980	3304530097864	0.50112	0.38332	8372.56836	0.48145	11030	1	0.52177	0.39646	1	0.47256	0.34850	1	0.49717	0.37248	1	0.46783	0.54164	11.79170	1.03582	1	0.73148	0.56416	11.85044	1.03582	1	-0.00814	-0.01062	0.68711	0.00365	1	0.05831	-0.01479	0.65739	0.00400	1	1.45898	0.81042	0	
1241333	8373.05664	3304530165053	0.50122	0.38315	8372.56836	0.48828	11030	1	0.52177	0.39646	1	0.47256	0.34850	1	0.49717	0.37248	1	0.46777	0.54126	11.51379	1.03582	1	0.73147	0.56421	11.91779	1.03582	1	-0.00814	-0.01062	0.68711	0.00370	1	0.05831	-0.01479	0.65739	0.00398	1	1.45898	0.81042	0	
1241334	8373.06348	3304530232047	0.50115	0.38303	8372.56836	0.49512	11030	1	0.49393	0.39963	1	0.47350	0.35797	1	0.48372	0.37880	1	0.46745	0.54134	11.29826	1.03582	1	0.73147	0.56421	11.91779	1.03582	1	-0.00814	-0.01062	0.68711	0.00373	1	0.05831	-0.01479	0.65739	0.00398	1	1.45898	0.81042	0	
1241335	8373.07031	3304530299134	0.50082	0.38265	8372.56836	0.50195	11030	1	0.49838	0.39181	1	0.47350	0.35797	1	0.48594	0.37489	1	0.46757	0.54129	11.21353	1.03582	1	0.73147	0.56421	11.91779	1.03582	1	-0.00814	-0.01062	0.68711	0.00371	1	0.05831	-0.01479	0.65739	0.00398	1	1.45898	0.81042	0	
1241336	8373.07715	3304530365551	0.50050	0.38220	8372.56836	0.50879	11030	1	0.49838	0.39181	1	0.47350	0.35797	1	0.48594	0.37489	1	0.46780	0.54130	11.59657	1.03582	1	0.73160	0.56451	11.88672	1.03582	1	-0.00814	-0.01062	0.68711	0.00369	1	0.05831	-0.01479	0.65739	0.00392	1	1.45898	0.81042	0	
1241337	8373.08398	3304530433154	0.50044	0.38208	8372.56836	0.51562	11030	1	0.51588	0.41955	1	0.47152	0.34849	1	0.49370	0.38402	1	0.46776	0.54155	12.10258	1.03582	1	0.73146	0.56411	11.61392	1.03582	1	-0.00814	-0.01062	0.68711	0.00360	1	0.05831	-0.01479	0.65739	0.00401	1	1.45898	0.81042	0	
1241338	8373.08984	3304530497747	0.50066	0.38195	8372.56836	0.52148	11030	1	0.52499	0.39884	1	0.46656	0.35749	1	0.49577	0.37817	1	0.46788	0.54146	11.70638	1.03582	1	0.73137	0.56425	12.08474	1.03582	1	-0.00814	-0.01062	0.68711	0.00374	1	0.05831	-0.01479	0.65739	0.00388	1	1.45898	0.81042	0	
1241339	8373.09668	3304530564816	0.50086	0.38175	8372.56836	0.52832	11030	1	0.52499	0.39884	1	0.46656	0.35749	1	0.49577	0.37817	1	0.46797	0.54149	11.93723	1.03582	1	0.73170	0.56426	12.49686	1.03582	1	-0.00814	-0.01062	0.68711	0.00366	1	0.05831	-0.01479	0.65739	0.00404	1	1.45898	0.81042	0	
1241340	8373.10352	3304530630161	0.50141	0.38157	8372.56836	0.53516	11030	1	0.54605	0.36848	1	0.49929	0.33525	1	0.52267	0.35186	1	0.46823	0.54105	11.15238	1.03582	1	0.73193	0.56404	12.35056	1.03582	1	-0.00814	-0.01062	0.68711	0.00394	1	0.05831	-0.01479	0.65739	0.00412	1	1.45898	0.81042	0	
1241341	8373.11035	3304530698101	0.50216	0.38191	8372.56836	0.54199	11030	1	0.53859	0.35838	1	0.49892	0.37043	1	0.51876	0.36441	1	0.46814	0.54082	11.03083	1.03582	1	0.73193	0.56446	11.97884	1.03582	1	-0.00814	-0.01062	0.68711	0.00399	1	0.05831	-0.01479	0.65739	0.00393	1	1.45898	0.81042	0	
1241342	8373.11719	3304530765910	0.50294	0.38217	8372.56836	0.54883	11030	1	0.53859	0.35838	1	0.49990	0.35729	1	0.51925	0.35784	1	0.46830	0.54155	12.16415	1.03582	1	0.73220	0.56483	12.22660	1.05216	1	-0.00814	-0.01062	0.68711	0.00369	1	0.06235	-0.01579	0.70171	0.00383	1	1.45898	0.81042	0	
1241343	8373.12402	3304530832680	0.50336	0.38186	8372.56836	0.55566	11030	1	0.53893	0.38637	1	0.51774	0.30611	1	0.52833	0.34624	1	0.46809	0.54160	11.27266	1.05216	1	0.73218	0.56397	11.98494	1.06850	1	-0.00814	-0.01062	0.68711	0.00364	1	0.06235	-0.01579	0.70171	0.00416	1	1.45898	0.81042	0	
1241344	8373.13086	3304530899635	0.50376	0.38215	8372.56836	0.56250	11030	1	0.54672	0.39631	1	0.50747	0.36544	1	0.52710	0.38087	1	0.46825	0.54161	12.13403	1.06850	1	0.73203	0.56466	11.72996	1.08484	1	-0.00814	-0.01062	0.68711	0.00361	1	0.06235	-0.01579	0.70171	0.00389	1	1.45898	0.81042	0	
1241345	8373.13672	3304530965875	0.50414	0.38226	8372.56836	0.56836	11030	1	0.54601	0.39021	1	0.50745	0.36572	1	0.52673	0.37796	1	0.46804	0.54187	12.13479	1.07682	1	0.73209	0.56470	12.08988	1.08448	1	-0.00779	-0.01023	0.66202	0.00355	1	0.06038	-0.01528	0.67899	0.00384	1	1.45898	0.81042	0	
1241346	8373.14355	3304531033365	0.50478	0.38259	8372.56836	0.57520	11030	1	0.55732	0.38645	1	0.49076	0.36325	1	0.52404	0.37485	1	0.46849	0.54178	11.82949	1.07647	1	0.73210	0.56459	12.01448	1.06779	1	-0.00779	-0.01023	0.66202	0.00363	1	0.06038	-0.01528	0.67899	0.00388	1	1.45898	0.81042	0	
1241347	8373.15039	3304531100238	0.50500	0.38244	8372.56836	0.58203	11030	1	0.50962	0.40219	1	0.51365	0.38718	1	0.51164	0.39469	1	0.46810	0.54169	11.64478	1.05977	1	0.73212	0.56469	12.12368	1.05109	1	-0.00779	-0.01023	0.66202	0.00356	1	0.06038	-0.01528	0.67899	0.00385	1	1.45898	0.81042	0	
1241348	8373.15723	3304531169963	0.50523	0.38242	8372.56836	0.58887	11030	1	0.51064	0.40857	1	0.51302	0.39393	1	0.51183	0.40125	1	0.46804	0.54162	11.14763	1.05109	1	0.73205	0.56457	12.14900	1.04241	1	-0.00798	-0.01054	0.68201	0.00356	1	0.06038	-0.01528	0.67899	0.00388	1	1.45898	0.81042	0	
1241349	8373.16406	3304531236796	0.50511	0.38358	8372.56836	0.59570	11030	1	0.52969	0.43334	1	0.45854	0.39233	1	0.49411	0.41284	1	0.46836	0.54196	11.64133	1.05042	1	0.73204	0.56479	12.16023	1.05042	1	-0.00798	-0.01054	0.68201	0.00356	1	0.06038	-0.01528	0.67899	0.00385	1	1.45898	0.81042	0	
1241350	8373.17090	3304531303612	0.50522	0.38258	8372.56836	0.60254	11030	1	0.53831	0.40578	1	0.46857	0.28491	1	0.50344	0.34535	1	0.46857	0.54189	12.39154	1.05844	1	0.73218	0.56374	11.72378	1.05844	1	-0.00798	-0.01054	0.68201	0.00354	1	0.06038	-0.01528	0.67899	0.00420	1	1.45898	0.81042	0	
1241351	8373.17773	3304531371602	0.50532	0.38145	8372.56836	0.60938	11030	1	0.53756	0.39992	1	0.46882	0.27797	1	0.50319	0.33895	1	0.46817	0.54142	11.06052	1.06646	1	0.73218	0.56486	12.04171	1.06646	1	-0.00798	-0.01054	0.68201	0.00376	1	0.06038	-0.01528	0.67899	0.00389	1	1.45898	0.81042	0	
1241352	8373.18457	3304531437959	0.50514	0.38081	8372.56836	0.61621	11030	1	0.53946	0.41937	1	0.46555	0.33755	1	0.50250	0.37846	1	0.46852	0.54197	12.40668	1.06646	1	0.73210	0.56424	12.06455	1.06646	1	-0.00798	-0.01054	0.68201	0.00356	1	0.06038	-0.01528	0.67899	0.00418	1	1.45898	0.81042	0	
1241353	8373.19043	3304531503157	0.50493	0.38009	8372.56836	0.62207	11030	1	0.53386	0.41303	1	0.46591	0.33889	1	0.49989	0.37596	1	0.46844	0.54179	11.88875	1.06646	1	0.73213	0.56451	12.12632	1.06646	1	-0.00798	-0.01054	0.68201	0.00363	1	0.06038	-0.01528	0.67899	0.00409	1	1.45898	0.81042	0	
1241354	8373.19727	3304531572032	0.50473	0.37936	8372.56836	0.62891	11030	1	0.53386	0.41303	1	0.46591	0.33889	1	0.49989	0.37596	1	0.46837	0.54141	11.78780	1.06646	1	0.73212	0.56449	12.07469	1.06646	1	-0.00798	-0.01054	0.68201	0.00379	1	0.06070	-0.01541	0.68260	0.00416	1	1.45898	0.81042	0	
1241355	8373.20410	3304531637036	0.50428	0.37889	8372.56836	0.63574	11030	1	0.51864	0.34792	1	0.46910	0.35171	1	0.49387	0.34981	1	0.46824	0.54104	11.38609	1.06646	1	0.73214	0.56441	12.00604	1.06646	1	-0.00798	-0.01054	0.68201	0.00388	1	0.06070	-0.01541	0.68260	0.00419	1	1.45898	0.81042	0	
1241356	8373.21094	3304531704677	0.50383	0.37745	8372.56836	0.64258	11030	1	0.51328	0.31598	1	0.47548	0.35926	1	0.49438	0.33762	1	0.46820	0.54075	11.08618	1.06646	1	0.73225	0.56458	12.20421	1.06646	1	-0.00798	-0.01054	0.68201	0.00393	1	0.06070	-0.01541	0.68260	0.00412	1	1.45898	0.81042	0	
1241357	8373.21777	3304531769065	0.50298	0.37653	8372.56836	0.64941	11030	1	0.51328	0.31598	0	0.47548	0.35926	1	0.47548	0.35926	1	0.46820	0.54075	11.08618	1.06646	0	0.73233	0.56535	12.07132	1.06646	1	-0.00798	-0.01054	0.68201	0.00393	1	0.06070	-0.01541	0.68260	0.00393	1	1.45898	0.81042	0	
1241358	8373.22461	3304531838734	0.50298	0.37653	8372.56836	0.65625	11030	1	0.51328	0.31598	0	0.47548	0.35926	0	0.47548	0.35926	0	0.46820	0.54075	11.08618	1.06646	0	0.73233	0.56535	12.07132	1.06646	0	-0.00798	-0.01054	0.68201	0.00393	1	0.06070	-0.01541	0.68260	0.00393	1	1.45898	0.81042	0	
1241359	8373.23145	3304531904802	0.50298	0.37653	8372.56836	0.66309	11030	1	0.51328	0.31598	0	0.47548	0.35926	0	0.47548	0.35926	0	0.46820	0.54075	11.08618	1.06646	0	0.73233	0.56535	12.07132	1.06646	0	-0.00798	-0.01054	0.68201	0.00393	1	0.06070	-0.01541	0.68260	0.00393	1	1.45898	0.81042	0	
1241360	8373.23828	3304531974121	0.50298	0.37653	8372.56836	0.66992	11030	1	0.51328	0.31598	0	0.47548	0.35926	0	0.47548	0.35926	0	0.46820	0.54075	11.08618	1.06646	0	0.73233	0.56535	12.07132	1.06646	0	-0.00798	-0.01054	0.68201	0.00393	1	0.06070	-0.01541	0.68260	0.00393	1	1.45898	0.81042	0	
1241361	8373.24414	3304532040529	0.50119	0.37042	8372.56836	0.66992	11030	0	0.51328	0.31598	0	0.47548	0.35926	0	0.47548	0.35926	0	0.46820	0.54075	11.08618	1.06646	0	0.73233	0.56535	12.07132	1.06646	0	-0.00798	-0.01054	0.68201	0.00393	1	0.06070	-0.01541	0.68260	0.00393	1	1.45898	0.81042	0	
1241362	8373.25098	3304532104735	0.50119	0.37042	8372.56836	0.66992	11030	0	0.51328	0.31598	0	0.47548	0.35926	0	0.47548	0.35926	0	0.46820	0.54075	11.08618	1.06646	0	0.73233	0.56535	12.07132	1.06646	0	-0.00798	-0.01054	0.68201	0.00393	1	0.06070	-0.01541	0.68260	0.00393	1	1.45898	0.81042	0	
1241363	8373.25781	3304532175144	0.48834	0.36484	8372.56836	0.66992	11030	0	0.51328	0.31598	0	0.47548	0.35926	1	0.47548	0.35926	1	0.46820	0.54075	11.08618	1.06646	0	0.73204	0.56543	12.45843	1.06646	1	-0.00798	-0.01054	0.68201	0.00393	1	0.06070	-0.01541	0.68260	0.00376	1	1.45898	0.81042	0	
1241364	8373.26465	3304532241396	0.48834	0.36484	8373.24414	0.02051	11031	1	0.51328	0.31598	0	0.47548	0.35926	0	0.47548	0.35926	0	0.46820	0.54075	11.08618	1.06646	0	0.73204	0.56543	12.45843	1.06646	0	-0.00798	-0.01054	0.68201	0.00393	1	0.06070	-0.01541	0.68260	0.00376	1	1.45898	0.81042	0	
1241365	8373.27148	3304532308289	0.48834	0.36484	8373.24414	0.02734	11031	1	0.51328	0.31598	0	0.47548	0.35926	0	0.47548	0.35926	0	0.46820	0.54075	11.08618	1.06646	0	0.73204	0.56543	12.45843	1.06646	0	-0.00798	-0.01054	0.68201	0.00393	1	0.06070	-0.01541	0.68260	0.00376	1	1.45898	0.81042	0	SUBJECT_ONSET_LOG
1241366	8373.27832	3304532375171	0.48834	0.36484	8373.24414	0.03418	11031	1	0.51328	0.31598	0	0.47548	0.35926	0	0.47548	0.35926	0	0.46820	0.54075	11.08618	1.06646	0	0.73204	0.56543	12.45843	1.06646	0	-0.00798	-0.01054	0.68201	0.00393	1	0.06070	-0.01541	0.68260	0.00376	1	1.45898	0.81042	0	
1241367	8373.28516	3304532442822	0.47548	0.35926	8373.24414	0.03418	11031	0	0.51328	0.31598	0	0.47548	0.35926	0	0.47548	0.35926	0	0.46820	0.54075	11.08618	1.06646	0	0.73204	0.56543	12.45843	1.06646	0	-0.00798	-0.01054	0.68201	0.00393	1	0.06070	-0.01541	0.68260	0.00376	1	1.45898	0.81042	0	
1241368	8373.29102	3304532509285	0.47548	0.35926	8373.24414	0.03418	11031	0	0.51328	0.31598	0	0.47548	0.35926	0	0.47548	0.35926	0	0.46820	0.54075	11.08618	1.06646	0	0.73204	0.56543	12.45843	1.06646	0	-0.00798	-0.01054	0.68201	0.00393	1	0.06070	-0.01541	0.68260	0.00376	1	1.45898	0.81042	0	AUDIO_FILE_ONSET_LOG
1241369	8373.29785	3304532576048	0.47548	0.35926	8373.24414	0.03418	11031	0	0.51328	0.31598	0	0.47548	0.35926	0	0.47548	0.35926	0	0.46820	0.54075	11.08618	1.06646	0	0.73204	0.56543	12.45843	1.06646	0	-0.00798	-0.01054	0.68201	0.00393	1	0.06070	-0.01541	0.68260	0.00376	1	1.45898	0.81042	0	
1241370	8373.30469	3304532642419	0.00000	0.00000	8373.24414	0.03418	11031	0	0.51328	0.31598	0	0.47548	0.35926	0	0.47548	0.35926	0	0.46820	0.54075	11.08618	1.06646	0	0.73204	0.56543	12.45843	1.06646	0	-0.00798	-0.01054	0.68201	0.00393	1	0.06070	-0.01541	0.68260	0.00376	1	1.45898	0.81042	0	
1241371	8373.31152	3304532710349	0.25755	0.21945	8373.24414	0.03418	11031	0	0.51328	0.31598	0	0.51511	0.43890	1	0.51511	0.43890	1	0.46820	0.54075	11.08618	1.06646	0	0.73372	0.56520	12.00892	1.06646	1	-0.00798	-0.01054	0.68201	0.00393	1	0.06070	-0.01541	0.68260	0.00395	1	1.45898	0.81042	0	
1241372	8373.31836	3304532777470	0.25755	0.21945	8373.24414	0.03418	11031	0	0.51328	0.31598	0	0.51511	0.43890	0	0.51511	0.43890	0	0.46820	0.54075	11.08618	1.06646	0	0.73372	0.56520	12.00892	1.06646	0	-0.00798	-0.01054	0.68201	0.00393	1	0.06070	-0.01541	0.68260	0.00395	1	1.45898	0.81042	0	
1241373	8373.32520	3304532843854	0.51511	0.43890	8373.24414	0.03418	11031	0	0.51328	0.31598	0	0.51511	0.43890	0	0.51511	0.43890	0	0.46820	0.54075	11.08618	1.06646	0	0.73372	0.56520	12.00892	1.06646	0	-0.00798	-0.01054	0.68201	0.00393	1	0.06070	-0.01541	0.68260	0.00395	1	1.45898	0.81042	0	
1241374	8373.33203	3304532911870	0.51511	0.43890	8373.24414	0.03418	11031	0	0.51328	0.31598	0	0.51511	0.43890	0	0.51511	0.43890	0	0.46820	0.54075	11.08618	1.06646	0	0.73372	0.56520	12.00892	1.06646	0	-0.00798	-0.01054	0.68201	0.00393	1	0.06070	-0.01541	0.68260	0.00395	1	1.45898	0.81042	0	
1241375	8373.33789	3304532978286	0.51511	0.43890	8373.24414	0.03418	11031	0	0.51328	0.31598	0	0.51511	0.43890	0	0.51511	0.43890	0	0.46820	0.54075	11.08618	1.06646	0	0.73372	0.56520	12.00892	1.06646	0	-0.00798	-0.01054	0.68201	0.00393	1	0.06070	-0.01541	0.68260	0.00395	1	1.45898	0.81042	0	
1241376	8373.34473	3304533045031	0.00000	0.00000	8373.24414	0.03418	11031	0	0.51328	0.31598	0	0.51511	0.43890	0	0.51511	0.43890	0	0.46820	0.54075	11.08618	1.06646	0	0.73372	0.56520	12.00892	1.06646	0	-0.00798	-0.01054	0.68201	0.00393	1	0.06070	-0.01541	0.68260	0.00395	1	1.45898	0.81042	0	
1241377	8373.35156	3304533112352	0.00000	0.00000	8373.24414	0.03418	11031	0	0.51328	0.31598	0	0.51511	0.43890	0	0.51511	0.43890	0	0.46820	0.54075	11.08618	1.06646	0	0.73372	0.56520	12.00892	1.06646	0	-0.00798	-0.01054	0.68201	0.00393	1	0.06070	-0.01541	0.68260	0.00395	1	1.45898	0.81042	0	
1241378	8373.35840	3304533179606	0.00000	0.00000	8373.24414	0.03418	11031	0	0.51328	0.31598	0	0.51511	0.43890	0	0.51511	0.43890	0	0.46820	0.54075	11.08618	1.06646	0	0.73372	0.56520	12.00892	1.06646	0	-0.00798	-0.01054	0.68201	0.00393	1	0.06070	-0.01541	0.68260	0.00395	1	1.45898	0.81042	0	
1241379	8373.36523	3304533246406	0.00000	0.00000	8373.24414	0.03418	11031	0	0.51328	0.31598	0	0.51511	0.43890	0	0.51511	0.43890	0	0.46820	0.54075	11.08618	1.06646	0	0.73372	0.56520	12.00892	1.06646	0	-0.00798	-0.01054	0.68201	0.00393	1	0.06070	-0.01541	0.68260	0.00395	1	1.45898	0.81042	0	
1241380	8373.37207	3304533312907	0.00000	0.00000	8373.24414	0.03418	11031	0	0.51328	0.31598	0	0.51511	0.43890	0	0.51511	0.43890	0	0.46820	0.54075	11.08618	1.06646	0	0.73372	0.56520	12.00892	1.06646	0	-0.00798	-0.01054	0.68201	0.00393	1	0.06070	-0.01541	0.68260	0.00395	1	1.45898	0.81042	0	
1241381	8373.37793	3304533377804	0.25704	0.19316	8373.24414	0.03418	11031	0	0.51419	0.32248	1	0.51396	0.45016	1	0.51407	0.38632	1	0.47047	0.54148	11.92009	1.05844	1	0.73412	0.56563	11.37407	1.05078	1	-0.00779	-0.01087	0.69692	0.00368	1	0.05938	-0.01513	0.66381	0.00390	1	1.45898	0.81042	0	
1241382	8373.38574	3304533453643	0.53358	0.39816	8373.24414	0.03418	11031	0	0.57044	0.37929	1	0.53572	0.44074	1	0.55308	0.41001	1	0.47059	0.54140	11.80346	1.04277	1	0.73412	0.56563	11.37408	1.03511	1	-0.00779	-0.01087	0.69692	0.00370	1	0.05938	-0.01513	0.66381	0.00390	1	1.45898	0.81042	0	
1241383	8373.39160	3304533513961	0.52438	0.37972	8373.24414	0.03418	11031	0	0.53425	0.28955	1	0.49610	0.43298	1	0.51518	0.36127	1	0.47012	0.54061	11.05316	1.02709	1	0.73383	0.56544	11.91163	1.01943	1	-0.00779	-0.01087	0.69692	0.00390	1	0.05938	-0.01513	0.66381	0.00397	1	1.45898	0.81042	0	
1241384	8373.39844	3304533581091	0.52149	0.37684	8373.24414	0.03418	11031	0	0.53582	0.30313	1	0.49563	0.43904	1	0.51573	0.37109	1	0.47028	0.54087	11.06483	1.01141	1	0.73418	0.56558	11.40993	1.01141	1	-0.00779	-0.01087	0.69692	0.00382	1	0.06042	-0.01534	0.67489	0.00395	1	1.45898	0.81042	0	
1241385	8373.40527	3304533647792	0.52629	0.38022	8373.38574	0.01953	11032	1	0.56448	0.37644	1	0.51689	0.40431	1	0.54068	0.39037	1	0.47042	0.54166	11.93196	1.01141	1	0.73414	0.56557	11.34353	1.01907	1	-0.00779	-0.01087	0.69692	0.00353	1	0.06042	-0.01534	0.67489	0.00394	1	1.45898	0.81042	0	
1241386	8373.41211	3304533716517	0.53125	0.38382	8373.38574	0.02637	11032	1	0.56013	0.36890	1	0.54204	0.42751	1	0.55108	0.39820	1	0.47042	0.54142	11.84674	1.01907	1	0.73423	0.56585	11.58267	1.02673	1	-0.00779	-0.01087	0.69692	0.00373	1	0.06042	-0.01534	0.67489	0.00389	1	1.45898	0.81042	0	
1241387	8373.41895	3304533782100	0.53457	0.38522	8373.38574	0.03320	11032	1	0.55953	0.36282	1	0.54281	0.42169	1	0.55117	0.39225	1	0.47029	0.54095	11.08016	1.02673	1	0.73420	0.56592	11.58611	1.03439	1	-0.00779	-0.01087	0.69692	0.00384	1	0.06042	-0.01539	0.67489	0.00387	1	1.45898	0.81042	0	
1241388	8373.42480	3304533846578	0.53473	0.38288	8373.38574	0.03906	11032	1	0.54769	0.36011	1	0.52371	0.37757	1	0.53570	0.36884	1	0.47021	0.54142	11.14709	1.03439	1	0.73391	0.56552	11.66797	1.03439	1	-0.00779	-0.01087	0.69692	0.00364	1	0.06042	-0.01539	0.67489	0.00392	1	1.45898	0.81042	0	
1241389	8373.43164	3304533911583	0.53596	0.37954	8373.38574	0.04590	11032	1	0.54840	0.28048	1	0.54080	0.43171	1	0.54460	0.35609	1	0.47034	0.54076	10.96385	1.03439	1	0.73420	0.56592	11.58611	1.03439	1	-0.00779	-0.01087	0.69692	0.00381	1	0.06042	-0.01539	0.67489	0.00387	1	1.45898	0.81042	0	
1241390	8373.43848	3304533978480	0.53689	0.37653	8373.38574	0.05273	11032	1	0.54770	0.27351	1	0.54084	0.43145	1	0.54427	0.35248	1	0.47043	0.54098	10.86315	1.04241	1	0.73403	0.56603	12.08077	1.03475	1	-0.00760	-0.01054	0.67581	0.00370	1	0.05938	-0.01513	0.66381	0.00381	1	1.45898	0.81042	0	
1241391	8373.44531	3304534049683	0.53679	0.37497	8373.38574	0.05957	11032	1	0.55442	0.32656	1	0.51743	0.39526	1	0.53593	0.36091	1	0.47007	0.54117	11.56013	1.04277	1	0.73384	0.56567	11.66151	1.03511	1	-0.00760	-0.01054	0.67581	0.00363	1	0.05938	-0.01513	0.66381	0.00383	1	1.45898	0.81042	0	
1241392	8373.45215	3304534117026	0.53863	0.37630	8373.38574	0.06641	11032	1	0.57309	0.38337	1	0.54101	0.39586	1	0.55705	0.38962	1	0.47028	0.54161	11.13731	1.04312	1	0.73414	0.56557	11.34353	1.03546	1	-0.00760	-0.01054	0.67581	0.00355	1	0.05938	-0.01513	0.66381	0.00393	1	1.45898	0.81042	0	
1241393	8373.45898	3304534183886	0.54019	0.37765	8373.38574	0.07324	11032	1	0.57360	0.38920	1	0.54101	0.39586	1	0.55730	0.39253	1	0.47029	0.54151	11.08799	1.03546	1	0.73412	0.56580	11.46403	1.03546	1	-0.00779	-0.01087	0.69692	0.00358	1	0.06094	-0.01555	0.68185	0.00383	1	1.45898	0.81042	0	
1241394	8373.46582	3304534248878	0.53960	0.37818	8373.38574	0.08008	11032	1	0.53695	0.31659	1	0.52809	0.45247	1	0.53252	0.38453	1	0.47013	0.54087	11.51211	1.02745	1	0.73402	0.56616	11.42296	1.03511	1	-0.00779	-0.01087	0.69692	0.00370	1	0.06094	-0.01555	0.68185	0.00376	1	1.45898	0.81042	0	
1241395	8373.47266	3304534317891	0.54112	0.38026	8373.38574	0.08691	11032	1	0.59365	0.37872	1	0.52801	0.43577	1	0.56083	0.40724	1	0.47061	0.54170	11.86765	1.02709	1	0.73400	0.56604	11.58827	1.03475	1	-0.00779	-0.01087	0.69692	0.00369	1	0.06094	-0.01555	0.68185	0.00378	1	1.45898	0.81042	0	
1241396	8373.47852	3304534385174	0.54024	0.38398	8373.38574	0.09277	11032	1	0.59365	0.37872	0	0.52797	0.43603	1	0.52797	0.43603	1	0.47061	0.54170	11.86765	1.02673	0	0.46965	0.54118	11.65634	1.03439	1	-0.00779	-0.01087	0.69692	0.00369	1	-0.00760	-0.01054	0.67581	0.00372	1	1.45898	0.81042	0	
1241397	8373.48535	3304534451751	0.53152	0.37988	8373.38574	0.09961	11032	1	0.59365	0.37872	0	0.40071	0.31844	1	0.40071	0.31844	1	0.47061	0.54170	11.86765	1.03439	0	0.46968	0.54090	11.22472	1.03439	1	-0.00779	-0.01087	0.69692	0.00369	1	-0.00760	-0.01054	0.67581	0.00385	1	1.45898	0.81042	0	
1241398	8373.49219	3304534518646	0.52505	0.37633	8373.38574	0.10645	11032	1	0.59365	0.37872	0	0.42160	0.31957	1	0.42160	0.31957	1	0.47061	0.54170	11.86765	1.03439	0	0.46964	0.54089	11.09208	1.03439	1	-0.00779	-0.01087	0.69692	0.00369	1	-0.00760	-0.01054	0.67581	0.00389	1	1.45898	0.81042	0	
1241399	8373.49902	3304534584499	0.51930	0.37277	8373.38574	0.11328	11032	1	0.59365	0.37872	0	0.42150	0.31221	1	0.42150	0.31221	1	0.47061	0.54170	11.86765	1.03439	0	0.46910	0.53883	11.41137	1.04307	1	-0.00779	-0.01087	0.69692	0.00369	1	-0.00790	-0.01083	0.69763	0.00231	1	1.45898	0.81042	0	
1241400	8373.50586	3304534652546	0.51280	0.35875	8373.38574	0.12012	11032	1	0.59365	0.37872	0	0.39577	0.10637	1	0.39577	0.10637	1	0.47061	0.54170	11.86765	1.04307	0	0.46914	0.53889	11.50435	1.05175	1	-0.00779	-0.01087	0.69692	0.00369	1	-0.00790	-0.01083	0.69763	0.00235	1	1.45898	0.81042	0	
1241401	8373.51270	3304534719942	0.48754	0.32281	8373.38574	0.12012	11032	0	0.59365	0.37872	0	0.39502	0.09383	1	0.39502	0.09383	1	0.47061	0.54170	11.86765	1.05175	0	0.46913	0.53874	11.50748	1.06043	1	-0.00779	-0.01087	0.69692	0.00369	1	-0.00790	-0.01083	0.69763	0.00235	1	1.45898	0.81042	0	
1241402	8373.51855	3304534785222	0.44128	0.20832	8373.38574	0.12012	11032	0	0.59365	0.37872	0	0.39502	0.09383	1	0.39502	0.09383	1	0.47061	0.54170	11.86765	1.06043	0	0.46889	0.53877	11.40894	1.06043	1	-0.00779	-0.01087	0.69692	0.00369	1	-0.00771	-0.01045	0.67659	0.00228	1	1.45898	0.81042	0	
1241403	8373.52539	3304534853611	0.42130	0.17303	8373.38574	0.12012	11032	0	0.59365	0.37872	0	0.38134	0.10243	1	0.38134	0.10243	1	0.47061	0.54170	11.86765	1.06043	0	0.46888	0.53870	11.20129	1.05175	1	-0.00779	-0.01087	0.69692	0.00369	1	-0.00771	-0.01045	0.67659	0.00230	1	1.45898	0.81042	0	
1241404	8373.53223	3304534920854	0.38769	0.09966	8373.38574	0.12012	11032	0	0.59365	0.37872	0	0.38671	0.10272	1	0.38671	0.10272	1	0.47061	0.54170	11.86765	1.05175	0	0.46893	0.53868	10.98175	1.04307	1	-0.00779	-0.01087	0.69692	0.00369	1	-0.00771	-0.01045	0.67659	0.00229	1	1.45898	0.81042	0	
1241405	8373.53906	3304534987783	0.38755	0.10972	8373.38574	0.12012	11032	0	0.59365	0.37872	0	0.38741	0.11978	1	0.38741	0.11978	1	0.47061	0.54170	11.86765	1.04307	0	0.46884	0.53877	11.16520	1.02673	1	-0.00779	-0.01087	0.69692	0.00369	1	-0.00754	-0.01016	0.65733	0.00228	1	1.45898	0.81042	0	
1241406	8373.54590	3304535054379	0.42195	0.19325	8373.38574	0.12012	11032	0	0.50656	0.33408	1	0.47496	0.38655	1	0.49076	0.36032	1	0.46881	0.54052	10.74638	1.02673	1	0.73230	0.56451	11.98067	1.01907	1	-0.00779	-0.01087	0.69692	0.00387	1	-0.00754	-0.01016	0.65733	0.00397	1	1.45898	0.81042	0	
1241407	8373.55273	3304535121573	0.45844	0.26253	8373.38574	0.12012	11032	0	0.52901	0.18326	1	0.46530	0.43171	1	0.49715	0.30749	1	0.46882	0.53876	11.42977	1.01907	1	0.73217	0.56483	12.07206	1.01141	1	-0.00779	-0.01087	0.69692	0.00232	1	-0.00754	-0.01016	0.65733	0.00388	1	1.45898	0.81042	0	
1241408	8373.55957	3304535188797	0.47794	0.28834	8373.38574	0.12012	11032	0	0.52981	0.19075	1	0.46507	0.43753	1	0.49744	0.31414	1	0.46873	0.53882	11.61586	1.01141	1	0.73239	0.56492	11.67809	1.00375	1	-0.00754	-0.01016	0.65733	0.00227	1	0.05853	-0.01490	0.65766	0.00388	1	1.45898	0.81042	0	
1241409	8373.56641	3304535255429	0.48608	0.33944	8373.38574	0.12012	11032	0	0.52699	0.42842	1	0.47774	0.45489	1	0.50237	0.44165	1	0.46866	0.54123	11.38322	1.00375	1	0.73235	0.56509	11.80278	1.00375	1	-0.00754	-0.01016	0.65733	0.00381	1	0.05853	-0.01490	0.65766	0.00380	1	1.45898	0.81042	0	
1241410	8373.57324	3304535322787	0.50602	0.39311	8373.38574	0.12012	11032	0	0.55280	0.39841	1	0.48372	0.44865	1	0.51826	0.42353	1	0.46911	0.54119	11.24590	1.00375	1	0.73245	0.56492	11.67612	1.00375	1	-0.00754	-0.01016	0.65733	0.00380	1	0.05853	-0.01490	0.65766	0.00386	1	1.45898	0.81042	0	
1241411	8373.57910	3304535390360	0.51215	0.40382	8373.38574	0.12012	11032	0	0.55211	0.39218	1	0.48446	0.43688	1	0.51829	0.41453	1	0.46905	0.54084	11.13415	1.01177	1	0.73239	0.56455	11.73960	1.01943	1	-0.00783	-0.01047	0.67781	0.00399	1	0.06038	-0.01538	0.67899	0.00395	1	1.45898	0.81042	0	
1241412	8373.58594	3304535456612	0.51097	0.38659	8373.38574	0.12012	11032	0	0.53922	0.32467	1	0.47801	0.37960	1	0.50861	0.35214	1	0.46892	0.54051	10.88394	1.02745	1	0.73231	0.56466	11.80897	1.03511	1	-0.00783	-0.01047	0.67781	0.00389	1	0.06038	-0.01538	0.67899	0.00392	1	1.45898	0.81042	0	
1241413	8373.59277	3304535520814	0.51116	0.37504	8373.57324	0.01953	11033	1	0.54593	0.33090	1	0.47751	0.34990	1	0.51172	0.34040	1	0.46906	0.54080	11.11398	1.04312	1	0.73236	0.56434	11.70343	1.05078	1	-0.00783	-0.01047	0.67781	0.00388	1	0.06038	-0.01538	0.67899	0.00401	1	1.45898	0.81042	0	
1241414	8373.59961	3304535587331	0.51120	0.36557	8373.57324	0.02637	11033	1	0.54454	0.31816	1	0.47813	0.33719	1	0.51134	0.32767	1	0.46860	0.53859	11.14526	1.05880	1	0.73219	0.56430	11.88969	1.06646	1	-0.00783	-0.01047	0.67781	0.00227	1	0.06038	-0.01538	0.67899	0.00395	1	1.45898	0.81042	0	
1241415	8373.60645	3304535654984	0.50613	0.34561	8373.57324	0.03320	11033	1	0.49630	0.12584	1	0.46528	0.36578	1	0.48079	0.24581	1	0.46846	0.53857	11.18845	1.06646	1	0.73210	0.56458	12.04577	1.06646	1	-0.00783	-0.01047	0.67781	0.00227	1	0.06038	-0.01538	0.67899	0.00394	1	1.45898	0.81042	0	
1241416	8373.61230	3304535719673	0.50317	0.33175	8373.57324	0.03906	11033	1	0.50560	0.13134	1	0.46528	0.36578	1	0.48544	0.24856	1	0.46865	0.53856	11.29643	1.06646	1	0.73210	0.56458	12.04577	1.06646	1	-0.00783	-0.01047	0.67781	0.00228	1	0.06038	-0.01538	0.67899	0.00394	1	1.45898	0.81042	0	
1241417	8373.61914	3304535784698	0.50096	0.32135	8373.57324	0.04590	11033	1	0.50560	0.13134	1	0.46528	0.36578	1	0.48544	0.24856	1	0.46859	0.53854	11.23175	1.06646	1	0.73220	0.56436	12.12570	1.06646	1	-0.00783	-0.01047	0.67781	0.00235	1	0.06038	-0.01538	0.67899	0.00397	1	1.45898	0.81042	0	
1241418	8373.62598	3304535854622	0.49930	0.30811	8373.57324	0.05273	11033	1	0.49867	0.12048	1	0.47336	0.28392	1	0.48602	0.20220	1	0.46845	0.53840	11.62836	1.06646	1	0.73223	0.56385	11.90984	1.06646	1	-0.00783	-0.01047	0.67781	0.00229	1	0.06038	-0.01538	0.67899	0.00403	1	1.45898	0.81042	0	
1241419	8373.63281	3304535918625	0.49810	0.29839	8373.57324	0.05957	11033	1	0.49511	0.12195	1	0.47949	0.29983	1	0.48730	0.21089	1	0.46849	0.53851	11.33446	1.06646	1	0.73232	0.56387	11.76427	1.06646	1	-0.00783	-0.01047	0.67781	0.00226	1	0.06038	-0.01538	0.67899	0.00415	1	1.45898	0.81042	0	
1241420	8373.63965	3304535988609	0.49711	0.29043	8373.57324	0.06641	11033	1	0.49511	0.12195	1	0.47949	0.29983	1	0.48730	0.21089	1	0.46841	0.53814	11.47196	1.06646	1	0.73222	0.56418	12.08545	1.06646	1	-0.00783	-0.01047	0.67781	0.00228	1	0.06038	-0.01528	0.67899	0.00384	1	1.45898	0.81042	0	
1241421	8373.64648	3304536056071	0.49672	0.28607	8373.57324	0.07324	11033	1	0.50080	0.12480	1	0.48406	0.35128	1	0.49243	0.23804	1	0.46852	0.53807	11.36825	1.06646	1	0.73243	0.56452	11.95509	1.06646	1	-0.00783	-0.01047	0.67781	0.00231	1	0.06038	-0.01528	0.67899	0.00397	1	1.45898	0.81042	0	
1241422	8373.65332	3304536123970	0.49599	0.28131	8373.57324	0.08008	11033	1	0.49623	0.14358	1	0.47816	0.30488	1	0.48719	0.22423	1	0.46849	0.53808	11.40709	1.06646	1	0.73234	0.56412	11.81675	1.06646	1	-0.00783	-0.01047	0.67781	0.00226	1	0.06038	-0.01528	0.67899	0.00393	1	1.45898	0.81042	0	
1241423	8373.65918	3304536188692	0.49536	0.27723	8373.57324	0.08594	11033	1	0.49623	0.14358	1	0.47816	0.30488	1	0.48719	0.22423	1	0.46840	0.53785	11.28202	1.06646	1	0.73238	0.56389	12.08116	1.06646	1	-0.00779	-0.01038	0.67499	0.00227	1	0.06070	-0.01531	0.68260	0.00411	1	1.45898	0.81042	0	
1241424	8373.66699	3304536260284	0.49096	0.24258	8373.57324	0.08594	11033	0	0.49749	0.10479	1	0.48133	0.27426	1	0.48941	0.18953	1	0.46841	0.53791	11.48193	1.06646	1	0.73231	0.56347	11.91799	1.06646	1	-0.00779	-0.01038	0.67499	0.00225	1	0.06070	-0.01531	0.68260	0.00424	1	1.45898	0.81042	0	
1241425	8373.67285	3304536326488	0.49421	0.22556	8373.57324	0.08594	11033	0	0.49425	0.12447	1	0.50066	0.29261	1	0.49745	0.20854	1	0.46840	0.53785	11.28202	1.06646	1	0.73229	0.56396	11.83740	1.06646	1	-0.00779	-0.01038	0.67499	0.00227	1	0.06070	-0.01531	0.68260	0.00399	1	1.45898	0.81042	0	
1241426	8373.67969	3304536392483	0.49538	0.22235	8373.57324	0.08594	11033	0	0.49526	0.13242	1	0.50018	0.29946	1	0.49772	0.21594	1	0.46829	0.53789	11.10476	1.05844	1	0.73231	0.56386	11.92087	1.05844	1	-0.00767	-0.01014	0.65978	0.00236	1	0.06038	-0.01528	0.67899	0.00413	1	1.45898	0.81042	0	
1241427	8373.68652	3304536461495	0.49948	0.21801	8373.66699	0.01953	11034	1	0.50886	0.14183	1	0.51466	0.26815	1	0.51176	0.20499	1	0.46835	0.53797	11.34772	1.05042	1	0.73216	0.56338	11.98236	1.05042	1	-0.00767	-0.01014	0.65978	0.00232	1	0.06038	-0.01528	0.67899	0.00429	1	1.45898	0.81042	0	
1241428	8373.69336	3304536527774	0.50293	0.22825	8373.66699	0.02637	11034	1	0.51809	0.15694	1	0.51543	0.38145	1	0.51676	0.26920	1	0.46841	0.53809	11.39968	1.04241	1	0.73218	0.56400	12.30006	1.04241	1	-0.00767	-0.01014	0.65978	0.00232	1	0.06038	-0.01528	0.67899	0.00402	1	1.45898	0.81042	0	
1241429	8373.70020	3304536596230	0.50524	0.23507	8373.66699	0.03320	11034	1	0.51809	0.15694	1	0.51543	0.38145	1	0.51676	0.26920	1	0.46826	0.53794	11.18228	1.04241	1	0.73228	0.56414	12.19313	1.04241	1	-0.00793	-0.01038	0.67820	0.00229	1	0.06077	-0.01535	0.68453	0.00407	1	1.45898	0.81042	0	
1241430	8373.70703	3304536662714	0.50636	0.23756	8373.66699	0.04004	11034	1	0.50900	0.13485	1	0.51718	0.37006	1	0.51309	0.25246	1	0.46827	0.53790	11.04926	1.05042	1	0.73216	0.56399	12.15700	1.05042	1	-0.00793	-0.01038	0.67820	0.00238	1	0.06077	-0.01535	0.68453	0.00408	1	1.45898	0.81042	0	
1241431	8373.71289	3304536728711	0.50736	0.23816	8373.66699	0.04590	11034	1	0.51526	0.12246	1	0.51348	0.36233	1	0.51437	0.24240	1	0.46829	0.53790	11.29163	1.05844	1	0.73208	0.56407	11.97460	1.05844	1	-0.00793	-0.01038	0.67820	0.00233	1	0.06077	-0.01535	0.68453	0.00403	1	1.45898	0.81042	0	
1241432	8373.71973	3304536795932	0.50809	0.23817	8373.66699	0.05273	11034	1	0.51437	0.11444	1	0.51351	0.36205	1	0.51394	0.23825	1	0.46811	0.53779	11.40894	1.06646	1	0.73217	0.56428	11.87385	1.05880	1	-0.00793	-0.01038	0.67820	0.00227	1	0.05831	-0.01469	0.65739	0.00408	1	1.45898	0.81042	0	
1241433	8373.72656	3304536863554	0.50758	0.24220	8373.66699	0.05957	11034	1	0.49386	0.11884	1	0.51222	0.43803	1	0.50304	0.27844	1	0.46808	0.53788	11.60550	1.05880	1	0.73212	0.56419	11.98048	1.05114	1	-0.00793	-0.01038	0.67820	0.00230	1	0.05831	-0.01469	0.65739	0.00404	1	1.45898	0.81042	0	
1241434	8373.73340	3304536928864	0.50696	0.24410	8373.66699	0.06641	11034	1	0.51466	0.11974	1	0.48669	0.40662	1	0.50068	0.26318	1	0.46804	0.53773	10.98792	1.05114	1	0.73172	0.56401	11.51629	1.04348	1	-0.00793	-0.01038	0.67820	0.00228	1	0.05831	-0.01469	0.65739	0.00404	1	1.45898	0.81042	0	
1241435	8373.74023	3304536997154	0.50645	0.24626	8373.66699	0.07324	11034	1	0.51553	0.12747	1	0.48632	0.41246	1	0.50092	0.26996	1	0.46794	0.53774	10.99968	1.04348	1	0.73147	0.56342	11.73192	1.03582	1	-0.00803	-0.01037	0.67762	0.00230	1	0.05831	-0.01469	0.65739	0.00413	1	1.45898	0.81042	0	
1241436	8373.74707	3304537062366	0.50549	0.24603	8373.66699	0.08008	11034	1	0.51556	0.13496	1	0.47235	0.35168	1	0.49395	0.24332	1	0.46793	0.53772	11.07069	1.03582	1	0.73146	0.56320	12.09042	1.03582	1	-0.00803	-0.01037	0.67762	0.00229	1	0.05831	-0.01469	0.65739	0.00392	1	1.45898	0.81042	0	
1241437	8373.75391	3304537129613	0.50489	0.24510	8373.66699	0.08691	11034	1	0.51837	0.12249	1	0.47574	0.34332	1	0.49705	0.23290	1	0.46796	0.53772	11.02976	1.03582	1	0.73143	0.56304	12.12253	1.03582	1	-0.00803	-0.01037	0.67762	0.00232	1	0.05831	-0.01469	0.65739	0.00405	1	1.45898	0.81042	0	
1241438	8373.76074	3304537199186	0.50297	0.25122	8373.66699	0.09375	11034	1	0.51837	0.12249	0	0.47603	0.33697	1	0.47603	0.33697	1	0.46796	0.53772	11.02976	1.03582	0	0.46779	0.53771	10.95384	1.04348	1	-0.00803	-0.01037	0.67762	0.00232	1	-0.00811	-0.01052	0.68453	0.00227	1	1.45898	0.81042	0	
1241439	8373.76660	3304537264641	0.49603	0.23821	8373.66699	0.09961	11034	1	0.51837	0.12249	0	0.39207	0.04299	1	0.39207	0.04299	1	0.46796	0.53772	11.02976	1.04348	0	0.46785	0.53759	11.08889	1.05114	1	-0.00803	-0.01037	0.67762	0.00232	1	-0.00811	-0.01052	0.68453	0.00229	1	1.45898	0.81042	0	
1241440	8373.77344	3304537332220	0.48892	0.22619	8373.66699	0.10645	11034	1	0.51837	0.12249	0	0.37507	0.03391	1	0.37507	0.03391	1	0.46796	0.53772	11.02976	1.05114	0	0.46769	0.53764	10.91314	1.05880	1	-0.00803	-0.01037	0.67762	0.00232	1	-0.00811	-0.01052	0.68453	0.00237	1	1.45898	0.81042	0	
1241441	8373.78027	3304537398895	0.48257	0.21504	8373.66699	0.11328	11034	1	0.51837	0.12249	0	0.37466	0.02556	1	0.37466	0.02556	1	0.46796	0.53772	11.02976	1.05880	0	0.46781	0.53761	11.17065	1.06646	1	-0.00803	-0.01037	0.67762	0.00232	1	-0.00811	-0.01052	0.68453	0.00226	1	1.45898	0.81042	0	
1241442	8373.78711	3304537466410	0.45987	0.18748	8373.66699	0.11328	11034	0	0.51837	0.12249	0	0.37666	0.04184	1	0.37666	0.04184	1	0.46796	0.53772	11.02976	1.06646	0	0.46777	0.53784	11.17577	1.06646	1	-0.00803	-0.01037	0.67762	0.00232	1	-0.00811	-0.01052	0.68453	0.00223	1	1.45898	0.81042	0	
1241443	8373.79395	3304537533211	0.42521	0.11260	8373.66699	0.11328	11034	0	0.51837	0.12249	0	0.39054	0.03772	1	0.39054	0.03772	1	0.46796	0.53772	11.02976	1.06646	0	0.46780	0.53761	11.08541	1.06646	1	-0.00803	-0.01037	0.67762	0.00232	1	-0.00811	-0.01052	0.68453	0.00237	1	1.45898	0.81042	0	
1241444	8373.80078	3304537599348	0.41365	0.08764	8373.66699	0.11328	11034	0	0.51837	0.12249	0	0.39054	0.03772	1	0.39054	0.03772	1	0.46796	0.53772	11.02976	1.06646	0	0.46768	0.53760	11.18845	1.06646	1	-0.00803	-0.01037	0.67762	0.00232	1	-0.00803	-0.01037	0.67762	0.00228	1	1.45898	0.81042	0	
1241445	8373.80762	3304537666714	0.38857	0.04062	8373.66699	0.11328	11034	0	0.51837	0.12249	0	0.38462	0.04643	1	0.38462	0.04643	1	0.46796	0.53772	11.02976	1.06646	0	0.46779	0.53770	11.13879	1.06646	1	-0.00803	-0.01037	0.67762	0.00232	1	-0.00803	-0.01037	0.67762	0.00225	1	1.45898	0.81042	0	
1241446	8373.81348	3304537734145	0.38716	0.04249	8373.66699	0.11328	11034	0	0.51837	0.12249	0	0.38574	0.04436	1	0.38574	0.04436	1	0.46796	0.53772	11.02976	1.06646	0	0.46773	0.53768	11.18194	1.06646	1	-0.00803	-0.01037	0.67762	0.00232	1	-0.00803	-0.01037	0.67762	0.00221	1	1.45898	0.81042	0	
1241447	8373.82031	3304537796555	0.38669	0.04311	8373.66699	0.11328	11034	0	0.51837	0.12249	0	0.38574	0.04436	1	0.38574	0.04436	1	0.46796	0.53772	11.02976	1.06646	0	0.46775	0.53753	11.28520	1.06646	1	-0.00803	-0.01037	0.67762	0.00232	1	-0.00803	-0.01037	0.67762	0.00230	1	1.45898	0.81042	0	
1241448	8373.82715	3304537864864	0.38414	0.03953	8373.80762	0.01953	11035	1	0.51837	0.12249	0	0.37648	0.02877	1	0.37648	0.02877	1	0.46796	0.53772	11.02976	1.06646	0	0.46757	0.53767	11.10366	1.06646	1	-0.00803	-0.01037	0.67762	0.00232	1	-0.00803	-0.01037	0.67762	0.00238	1	1.45898	0.81042	0	
1241449	8373.83398	3304537932752	0.38450	0.03985	8373.80762	0.02637	11035	1	0.51837	0.12249	0	0.38597	0.04115	1	0.38597	0.04115	1	0.46796	0.53772	11.02976	1.06646	0	0.46768	0.53774	11.49162	1.06646	1	-0.00803	-0.01037	0.67762	0.00232	1	-0.00803	-0.01037	0.67762	0.00232	1	1.45898	0.81042	0	
1241450	8373.84082	3304537998691	0.39550	0.04424	8373.80762	0.03320	11035	1	0.51496	0.09119	1	0.38597	0.04115	1	0.45046	0.06617	1	0.46787	0.53758	11.29643	1.06646	1	0.73152	0.56331	12.30181	1.06646	1	-0.00811	-0.01052	0.68453	0.00228	1	0.06047	-0.01525	0.68232	0.00391	1	1.45898	0.81042	0	
1241451	8373.84668	3304538066064	0.40806	0.06656	8373.80762	0.03906	11035	1	0.49882	0.09700	1	0.46804	0.30398	1	0.48343	0.20049	1	0.46768	0.53760	11.00725	1.06646	1	0.73129	0.56327	12.17738	1.06646	1	-0.00811	-0.01052	0.68453	0.00229	1	0.06047	-0.01525	0.68232	0.00384	1	1.45898	0.81042	0	
1241452	8373.85352	3304538132413	0.41799	0.08569	8373.80762	0.04590	11035	1	0.50632	0.08497	1	0.46864	0.35419	1	0.48748	0.21958	1	0.46781	0.53752	11.16679	1.06646	1	0.73144	0.56353	12.32673	1.06646	1	-0.00811	-0.01052	0.68453	0.00225	1	0.06047	-0.01525	0.68232	0.00386	1	1.45898	0.81042	0	
1241453	8373.86035	3304538199219	0.42571	0.10056	8373.80762	0.05273	11035	1	0.50632	0.08497	1	0.46864	0.35419	1	0.48748	0.21958	1	0.46790	0.53757	11.24100	1.06646	1	0.73164	0.56355	12.10333	1.06646	1	-0.00803	-0.01037	0.67762	0.00228	1	0.06047	-0.01525	0.68232	0.00386	1	1.45898	0.81042	0	
1241454	8373.86719	3304538265500	0.43236	0.11309	8373.80762	0.05957	11035	1	0.50685	0.09709	1	0.47752	0.35447	1	0.49219	0.22578	1	0.46782	0.53762	11.06129	1.06646	1	0.73150	0.56354	12.01569	1.06646	1	-0.00803	-0.01037	0.67762	0.00236	1	0.06047	-0.01525	0.68232	0.00380	1	1.45898	0.81042	0	
1241455	8373.87402	3304538332693	0.43705	0.12185	8373.80762	0.06641	11035	1	0.50319	0.08796	1	0.46491	0.33096	1	0.48405	0.20946	1	0.46778	0.53756	11.26172	1.06646	1	0.73133	0.56318	12.21273	1.06646	1	-0.00803	-0.01037	0.67762	0.00232	1	0.06047	-0.01525	0.68232	0.00390	1	1.45898	0.81042	0	
1241456	8373.88086	3304538399488	0.44097	0.12915	8373.80762	0.07324	11035	1	0.50319	0.08796	1	0.46491	0.33096	1	0.48405	0.20946	1	0.46789	0.53762	11.37595	1.06646	1	0.73116	0.56314	12.16904	1.06646	1	-0.00803	-0.01037	0.67762	0.00227	1	0.06047	-0.01525	0.68232	0.00387	1	1.45898	0.81042	0	
1241457	8373.88672	3304538466911	0.43791	0.12215	8373.80762	0.07910	11035	1	0.50319	0.08796	0	0.40123	0.03822	1	0.40123	0.03822	1	0.46789	0.53762	11.37595	1.06646	0	0.46795	0.53773	11.54517	1.06646	1	-0.00803	-0.01037	0.67762	0.00227	1	0.06047	-0.01525	0.68232	0.00237	1	1.45898	0.81042	0	
1241458	8373.89453	3304538537846	0.43497	0.11593	8373.80762	0.08691	11035	1	0.50319	0.08796	0	0.39665	0.03507	1	0.39665	0.03507	1	0.46789	0.53762	11.37595	1.06646	0	0.46786	0.53766	11.62222	1.06646	1	-0.00803	-0.01037	0.67762	0.00227	1	0.06047	-0.01525	0.68232	0.00223	1	1.45898	0.81042	0	
1241459	8373.90137	3304538604522	0.43241	0.11054	8373.80762	0.09375	11035	1	0.50319	0.08796	0	0.39665	0.03507	1	0.39665	0.03507	1	0.46789	0.53762	11.37595	1.06646	0	0.46786	0.53774	11.40390	1.06646	1	-0.00803	-0.01037	0.67762	0.00227	1	-0.00811	-0.01052	0.68453	0.00224	1	1.45898	0.81042	0	
1241460	8373.90723	3304538671746	0.44469	0.12816	8373.80762	0.09375	11035	0	0.50319	0.08796	0	0.38662	0.03792	1	0.38662	0.03792	1	0.46789	0.53762	11.37595	1.06646	0	0.46780	0.53756	11.29104	1.06646	1	-0.00803	-0.01037	0.67762	0.00227	1	-0.00811	-0.01052	0.68453	0.00229	1	1.45898	0.81042	0	
1241461	8373.91406	3304538735853	0.41628	0.08068	8373.80762	0.09375	11035	0	0.50319	0.08796	0	0.38786	0.03320	1	0.38786	0.03320	1	0.46789	0.53762	11.37595	1.06646	0	0.46784	0.53760	11.24337	1.06646	1	-0.00803	-0.01037	0.67762	0.00227	1	-0.00811	-0.01052	0.68453	0.00236	1	1.45898	0.81042	0	
1241462	8373.92090	3304538805771	0.40680	0.06486	8373.80762	0.09375	11035	0	0.50319	0.08796	0	0.38786	0.03320	1	0.38786	0.03320	1	0.46789	0.53762	11.37595	1.06646	0	0.46784	0.53783	11.56316	1.06646	1	-0.00803	-0.01037	0.67762	0.00227	1	-0.00811	-0.01052	0.68453	0.00232	1	1.45898	0.81042	0	
1241463	8373.92773	3304538871542	0.38654	0.04353	8373.80762	0.09375	11035	0	0.50319	0.08796	0	0.38389	0.06419	1	0.38389	0.06419	1	0.46789	0.53762	11.37595	1.06646	0	0.46782	0.53795	11.37530	1.06646	1	-0.00803	-0.01037	0.67762	0.00227	1	-0.00811	-0.01052	0.68453	0.00238	1	1.45898	0.81042	0	
1241464	8373.93457	3304538939331	0.38896	0.05288	8373.80762	0.09375	11035	0	0.50319	0.08796	0	0.39139	0.06222	1	0.39139	0.06222	1	0.46789	0.53762	11.37595	1.06646	0	0.46787	0.53790	11.67426	1.06646	1	-0.00803	-0.01037	0.67762	0.00227	1	-0.00811	-0.01052	0.68453	0.00232	1	1.45898	0.81042	0	
1241465	8373.94141	3304539005425	0.38987	0.05869	8373.80762	0.09375	11035	0	0.50319	0.08796	0	0.39167	0.07033	1	0.39167	0.07033	1	0.46789	0.53762	11.37595	1.06646	0	0.46789	0.53798	11.51947	1.05880	1	-0.00803	-0.01037	0.67762	0.00227	1	-0.00766	-0.01000	0.65052	0.00235	1	1.45898	0.81042	0	
1241466	8373.94824	3304539073606	0.38985	0.06372	8373.92773	0.02051	11036	1	0.50319	0.08796	0	0.38982	0.07882	1	0.38982	0.07882	1	0.46789	0.53762	11.37595	1.05880	0	0.46788	0.53795	11.22490	1.05114	1	-0.00803	-0.01037	0.67762	0.00227	1	-0.00766	-0.01000	0.65052	0.00235	1	1.45898	0.81042	0	
1241467	8373.95410	3304539139716	0.40900	0.09946	8373.92773	0.02637	11036	1	0.50669	0.12371	1	0.46448	0.36110	1	0.48558	0.24240	1	0.46786	0.53790	11.07142	1.05114	1	0.73137	0.56324	12.10905	1.04348	1	-0.00803	-0.01037	0.67762	0.00236	1	-0.00766	-0.01000	0.65052	0.00399	1	1.45898	0.81042	0	
1241468	8373.96094	3304539207707	0.42182	0.12444	8373.92773	0.03320	11036	1	0.50760	0.13142	1	0.46427	0.36726	1	0.48593	0.24934	1	0.46797	0.53810	11.34077	1.04348	1	0.73134	0.56358	12.18651	1.03582	1	-0.00798	-0.01054	0.68201	0.00227	1	0.05831	-0.01469	0.65739	0.00394	1	1.45898	0.81042	0	
1241469	8373.96777	3304539274711	0.43049	0.14261	8373.92773	0.04004	11036	1	0.49259	0.15289	1	0.47244	0.35031	1	0.48251	0.25160	1	0.46790	0.53805	11.66980	1.03582	1	0.73144	0.56317	12.08762	1.03582	1	-0.00798	-0.01054	0.68201	0.00230	1	0.05831	-0.01469	0.65739	0.00410	1	1.45898	0.81042	0	
1241470	8373.97461	3304539342015	0.43743	0.15491	8373.92773	0.04688	11036	1	0.49949	0.16872	1	0.47254	0.31336	1	0.48602	0.24104	1	0.46804	0.53820	11.40749	1.03582	1	0.73145	0.56265	11.99048	1.03582	1	-0.00798	-0.01054	0.68201	0.00240	1	0.05831	-0.01469	0.65739	0.00440	1	1.45898	0.81042	0	
1241471	8373.98145	3304539408392	0.44285	0.16412	8373.92773	0.05371	11036	1	0.49949	0.16872	1	0.47282	0.30679	1	0.48615	0.23776	1	0.46816	0.53811	11.54476	1.03582	1	0.73167	0.56346	12.75262	1.04348	1	-0.00798	-0.01054	0.68201	0.00234	1	0.06037	-0.01520	0.67998	0.00420	1	1.45898	0.81042	0	
1241472	8373.98828	3304539475839	0.44891	0.17253	8373.92773	0.06055	11036	1	0.51359	0.15611	1	0.49327	0.34044	1	0.50343	0.24828	1	0.46832	0.53816	11.53421	1.04348	1	0.73185	0.56330	12.63914	1.05114	1	-0.00798	-0.01054	0.68201	0.00235	1	0.06037	-0.01520	0.67998	0.00427	1	1.45898	0.81042	0	
1241473	8373.99414	3304539541199	0.45248	0.18113	8373.92773	0.06641	11036	1	0.48779	0.15186	1	0.48866	0.38231	1	0.48823	0.26709	1	0.46828	0.53815	11.28724	1.05114	1	0.73172	0.56377	12.71554	1.05880	1	-0.00798	-0.01054	0.68201	0.00232	1	0.06037	-0.01520	0.67998	0.00409	1	1.45898	0.81042	0	
1241474	8374.00195	3304539610204	0.45542	0.18798	8373.92773	0.07422	11036	1	0.48677	0.14435	1	0.48866	0.38231	1	0.48771	0.26333	1	0.46838	0.53807	11.41357	1.05880	1	0.73230	0.56407	12.08237	1.05880	1	-0.00783	-0.01047	0.67781	0.00230	1	0.05867	-0.01476	0.66035	0.00411	1	1.45898	0.81042	0	
1241475	8374.00781	3304539674578	0.45923	0.18976	8373.92773	0.08008	11036	1	0.49271	0.09850	1	0.51718	0.32372	1	0.50494	0.21111	1	0.46839	0.53807	11.64194	1.05880	1	0.73214	0.56351	12.10348	1.05114	1	-0.00783	-0.01047	0.67781	0.00232	1	0.05867	-0.01476	0.66035	0.00430	1	1.45898	0.81042	0	
1241476	8374.01465	3304539744053	0.47434	0.21471	8373.92773	0.08008	11036	0	0.49818	0.10717	1	0.50205	0.32372	1	0.50011	0.21545	1	0.46840	0.53812	11.28904	1.05114	1	0.73229	0.56336	12.00360	1.04348	1	-0.00783	-0.01047	0.67781	0.00232	1	0.05867	-0.01476	0.66035	0.00433	1	1.45898	0.81042	0	
1241477	8374.02148	3304539805892	0.48747	0.21704	8373.92773	0.08008	11036	0	0.49914	0.11501	1	0.50205	0.32372	1	0.50060	0.21936	1	0.46849	0.53809	11.37638	1.04348	1	0.73226	0.56348	11.99255	1.04348	1	-0.00783	-0.01047	0.67781	0.00229	1	0.06038	-0.01528	0.67899	0.00432	1	1.45898	0.81042	0	
1241478	8374.02734	3304539872844	0.48793	0.21353	8373.92773	0.08008	11036	0	0.50233	0.11451	1	0.47539	0.29852	1	0.48886	0.20652	1	0.46849	0.53822	11.40639	1.04348	1	0.73235	0.56369	12.10413	1.05114	1	-0.00783	-0.01047	0.67781	0.00232	1	0.06038	-0.01528	0.67899	0.00421	1	1.45898	0.81042	0	
1241479	8374.03418	3304539937574	0.48977	0.21136	8374.01465	0.01953	11037	1	0.50617	0.10792	1	0.48443	0.30179	1	0.49530	0.20485	1	0.46860	0.53815	11.25911	1.05114	1	0.73236	0.56379	12.34348	1.05880	1	-0.00783	-0.01047	0.67781	0.00234	1	0.06038	-0.01528	0.67899	0.00425	1	1.45898	0.81042	0	
1241480	8374.04102	3304540007202	0.49088	0.21013	8374.01465	0.02637	11037	1	0.50621	0.10828	1	0.48441	0.30209	1	0.49531	0.20519	1	0.46885	0.53826	11.45599	1.05078	1	0.73220	0.56363	12.08968	1.05844	1	-0.00754	-0.01016	0.65733	0.00240	1	0.06038	-0.01528	0.67899	0.00423	1	1.45898	0.81042	0	
1241481	8374.04785	3304540076767	0.49117	0.21665	8374.01465	0.03320	11037	1	0.51736	0.16281	1	0.46787	0.33575	1	0.49261	0.24928	1	0.46876	0.53822	11.53582	1.05042	1	0.73216	0.56401	12.33355	1.05042	1	-0.00754	-0.01016	0.65733	0.00243	1	0.06038	-0.01528	0.67899	0.00402	1	1.45898	0.81042	0	
1241482	8374.05469	3304540141445	0.49057	0.21980	8374.01465	0.04004	11037	1	0.50080	0.16348	1	0.47320	0.31393	1	0.48700	0.23870	1	0.46891	0.53826	11.42385	1.04241	1	0.73222	0.56393	12.13464	1.04241	1	-0.00754	-0.01016	0.65733	0.00233	1	0.06038	-0.01528	0.67899	0.00402	1	1.45898	0.81042	0	
1241483	8374.06152	3304540211134	0.49015	0.22349	8374.01465	0.04688	11037	1	0.50180	0.17131	1	0.47264	0.32727	1	0.48722	0.24929	1	0.46892	0.53824	11.45388	1.03439	1	0.73222	0.56414	12.40202	1.02673	1	-0.00753	-0.01027	0.66472	0.00233	1	0.05853	-0.01480	0.65766	0.00403	1	1.45898	0.81042	0	
1241484	8374.06836	3304540279115	0.48893	0.22886	8374.01465	0.05371	11037	1	0.48347	0.15805	1	0.47483	0.38556	1	0.47915	0.27180	1	0.46894	0.53826	11.12923	1.02673	1	0.73229	0.56435	12.37435	1.01907	1	-0.00753	-0.01027	0.66472	0.00237	1	0.05853	-0.01480	0.65766	0.00400	1	1.45898	0.81042	0	
1241485	8374.07520	3304540346412	0.48799	0.22848	8374.01465	0.06055	11037	1	0.48721	0.12030	1	0.47177	0.32997	1	0.47949	0.22514	1	0.46901	0.53795	11.92664	1.01907	1	0.73224	0.56377	12.09473	1.01141	1	-0.00753	-0.01027	0.66472	0.00230	1	0.05853	-0.01480	0.65766	0.00404	1	1.45898	0.81042	0	
1241486	8374.08203	3304540413170	0.48720	0.22842	8374.01465	0.06738	11037	1	0.48716	0.11993	1	0.47154	0.33553	1	0.47935	0.22773	1	0.46898	0.53806	11.98681	1.01943	1	0.73251	0.56436	11.74069	1.00496	1	-0.00773	-0.01061	0.68701	0.00225	1	0.05753	-0.01453	0.64587	0.00399	1	1.45898	0.81042	0	
1241487	8374.08887	3304540480262	0.48652	0.23192	8374.01465	0.07422	11037	1	0.49283	0.15489	1	0.46512	0.38602	1	0.47898	0.27046	1	0.46901	0.53827	11.33547	1.01298	1	0.73215	0.56440	12.38634	1.00617	1	-0.00773	-0.01061	0.68701	0.00226	1	0.05753	-0.01453	0.64587	0.00396	1	1.45898	0.81042	0	
1241488	8374.09473	3304540545763	0.48647	0.23460	8374.01465	0.08008	11037	1	0.48695	0.14699	1	0.48482	0.38657	1	0.48589	0.26678	1	0.46899	0.53817	11.54735	1.01419	1	0.73248	0.56430	11.78295	1.00738	1	-0.00773	-0.01061	0.68701	0.00232	1	0.05753	-0.01453	0.64587	0.00401	1	1.45898	0.81042	0	
1241489	8374.10156	3304540615070	0.48643	0.23662	8374.01465	0.08691	11037	1	0.48678	0.14575	1	0.48521	0.38008	1	0.48600	0.26292	1	0.46907	0.53820	11.47619	1.01540	1	0.73212	0.56442	12.47232	1.01540	1	-0.00773	-0.01061	0.68701	0.00237	1	0.05853	-0.01490	0.65766	0.00396	1	1.45898	0.81042	0	
1241490	8374.10840	3304540681278	0.48657	0.23881	8374.01465	0.09375	11037	1	0.50070	0.15413	1	0.47628	0.38483	1	0.48849	0.26948	1	0.46919	0.53830	11.37700	1.01540	1	0.73233	0.56432	11.99507	1.02220	1	-0.00773	-0.01061	0.68701	0.00234	1	0.05853	-0.01490	0.65766	0.00394	1	1.45898	0.81042	0	
1241491	8374.11523	3304540748551	0.48560	0.24179	8374.01465	0.10059	11037	1	0.48970	0.15387	1	0.45250	0.41913	1	0.47110	0.28650	1	0.46908	0.53825	11.48672	1.02220	1	0.73195	0.56481	12.49746	1.02901	1	-0.00773	-0.01061	0.68701	0.00227	1	0.05853	-0.01490	0.65766	0.00386	1	1.45898	0.81042	0	
1241492	8374.12207	3304540815194	0.48473	0.24407	8374.01465	0.10742	11037	1	0.48877	0.14701	1	0.45262	0.41396	1	0.47069	0.28049	1	0.46916	0.53818	11.37937	1.02901	1	0.73263	0.56456	12.53124	1.03582	1	-0.00773	-0.01061	0.68701	0.00232	1	0.05853	-0.01490	0.65766	0.00388	1	1.45898	0.81042	0	
1241493	8374.12891	3304540880965	0.48461	0.24502	8374.01465	0.11426	11037	1	0.49355	0.12991	1	0.47172	0.39241	1	0.48264	0.26116	1	0.46916	0.53812	11.54530	1.03582	1	0.73227	0.56462	13.04799	1.03582	1	-0.00773	-0.01061	0.68701	0.00230	1	0.05853	-0.01490	0.65766	0.00384	1	1.45898	0.81042	0	
1241494	8374.13574	3304540948912	0.48384	0.24654	8374.01465	0.12109	11037	1	0.48357	0.14013	1	0.45630	0.40774	1	0.46994	0.27393	1	0.46907	0.53830	11.25584	1.03582	1	0.73202	0.56482	12.34894	1.03582	1	-0.00773	-0.01061	0.68701	0.00232	1	0.05853	-0.01490	0.65766	0.00386	1	1.45898	0.81042	0	
1241495	8374.14160	3304541015704	0.48314	0.24791	8374.01465	0.12695	11037	1	0.48357	0.14013	1	0.45630	0.40774	1	0.46994	0.27393	1	0.46925	0.53834	11.41335	1.03582	1	0.73247	0.56373	12.80164	1.03582	1	-0.00773	-0.01061	0.68701	0.00233	1	0.05941	-0.01509	0.66637	0.00436	1	1.45898	0.81042	0	
1241496	8374.14844	3304541083192	0.48351	0.24861	8374.01465	0.13379	11037	1	0.50074	0.13402	1	0.48098	0.39103	1	0.49086	0.26252	1	0.46920	0.53833	11.53808	1.03582	1	0.73230	0.56459	13.13923	1.03582	1	-0.00773	-0.01061	0.68701	0.00228	1	0.05941	-0.01509	0.66637	0.00390	1	1.45898	0.81042	0	
1241497	8374.15527	3304541150138	0.48449	0.24850	8374.01465	0.14062	11037	1	0.50674	0.14083	1	0.50319	0.35169	1	0.50496	0.24626	1	0.46927	0.53823	11.77312	1.03582	1	0.73278	0.56423	12.33790	1.03582	1	-0.00773	-0.01061	0.68701	0.00229	1	0.05941	-0.01509	0.66637	0.00384	1	1.45898	0.81042	0	
1241498	8374.16211	3304541217073	0.48538	0.24840	8374.01465	0.14746	11037	1	0.50674	0.14083	1	0.50319	0.35169	1	0.50496	0.24626	1	0.46924	0.53840	11.62836	1.03582	1	0.73253	0.56460	12.76314	1.03582	1	-0.00774	-0.01069	0.68828	0.00229	1	0.05941	-0.01509	0.66637	0.00384	1	1.45898	0.81042	0	
1241499	8374.16895	3304541284056	0.48583	0.24830	8374.01465	0.15430	11037	1	0.49979	0.15799	1	0.49263	0.33399	1	0.49621	0.24599	1	0.46925	0.53839	11.61223	1.03582	1	0.73253	0.56398	12.53821	1.03582	1	-0.00774	-0.01069	0.68828	0.00230	1	0.05941	-0.01509	0.66637	0.00413	1	1.45898	0.81042	0	
1241500	8374.17578	3304541351625	0.48641	0.24773	8374.01465	0.16113	11037	1	0.50648	0.15235	1	0.49406	0.31572	1	0.50027	0.23404	1	0.46930	0.53852	11.28798	1.03582	1	0.73258	0.56383	12.59614	1.03582	1	-0.00774	-0.01069	0.68828	0.00229	1	0.05941	-0.01509	0.66637	0.00418	1	1.45898	0.81042	0	
1241501	8374.18262	3304541418169	0.48694	0.24720	8374.01465	0.16797	11037	1	0.50648	0.15235	1	0.49406	0.31572	1	0.50027	0.23404	1	0.46926	0.53873	11.71929	1.03582	1	0.73223	0.56401	11.82726	1.03582	1	-0.00774	-0.01069	0.68828	0.00231	1	0.05941	-0.01509	0.66637	0.00419	1	1.45898	0.81042	0	
1241502	8374.18848	3304541484365	0.48726	0.24777	8374.01465	0.17383	11037	1	0.49945	0.17626	1	0.49162	0.34872	1	0.49553	0.26249	1	0.46921	0.53871	11.29059	1.03582	1	0.73255	0.56416	12.55020	1.03582	1	-0.00774	-0.01069	0.68828	0.00235	1	0.05941	-0.01509	0.66637	0.00409	1	1.45898	0.81042	0	
1241503	8374.19531	3304541552817	0.48748	0.24840	8374.01465	0.18066	11037	1	0.50225	0.17357	1	0.48445	0.35740	1	0.49335	0.26548	1	0.46923	0.53868	11.49333	1.03582	1	0.73245	0.56443	12.71459	1.03582	1	-0.00774	-0.01069	0.68828	0.00233	1	0.05941	-0.01509	0.66637	0.00429	1	1.45898	0.81042	0	
1241504	8374.20215	3304541618719	0.48768	0.24899	8374.01465	0.18750	11037	1	0.50225	0.17357	1	0.48445	0.35740	1	0.49335	0.26548	1	0.46923	0.53868	11.49333	1.03582	1	0.73247	0.56431	13.01249	1.03582	1	-0.00760	-0.01054	0.67581	0.00233	1	0.05941	-0.01509	0.66637	0.00423	1	1.45898	0.81042	0	
1241505	8374.20898	3304541685599	0.48785	0.24912	8374.01465	0.19434	11037	1	0.49624	0.12853	1	0.48927	0.37725	1	0.49276	0.25289	1	0.46923	0.53878	11.82491	1.03582	1	0.73250	0.56437	12.86816	1.03582	1	-0.00760	-0.01054	0.67581	0.00231	1	0.05941	-0.01509	0.66637	0.00428	1	1.45898	0.81042	0	
1241506	8374.21582	3304541752205	0.48758	0.24926	8374.01465	0.20117	11037	1	0.49895	0.12937	1	0.46021	0.37729	1	0.47958	0.25333	1	0.46916	0.53869	11.49635	1.03582	1	0.73207	0.56442	12.10708	1.03582	1	-0.00760	-0.01054	0.67581	0.00234	1	0.05941	-0.01509	0.66637	0.00424	1	1.45898	0.81042	0	
1241507	8374.22266	3304541817327	0.48733	0.24929	8374.01465	0.20801	11037	1	0.49895	0.12937	1	0.46039	0.37120	1	0.47967	0.25029	1	0.46918	0.53867	11.43872	1.03582	1	0.73218	0.56439	11.92015	1.04348	1	-0.00760	-0.01054	0.67581	0.00232	1	0.06070	-0.01543	0.68142	0.00424	1	1.45898	0.81042	0	
1241508	8374.22852	3304541883024	0.48727	0.24869	8374.01465	0.21387	11037	1	0.50372	0.12583	1	0.46691	0.33332	1	0.48531	0.22957	1	0.46926	0.53879	11.57370	1.04348	1	0.73213	0.56454	12.11348	1.05114	1	-0.00760	-0.01054	0.67581	0.00232	1	0.06070	-0.01543	0.68142	0.00420	1	1.45898	0.81042	0	
1241509	8374.23535	3304541947039	0.48747	0.24802	8374.01465	0.22070	11037	1	0.50064	0.11382	1	0.48760	0.33787	1	0.49412	0.22585	1	0.46932	0.53870	11.71544	1.05114	1	0.73247	0.56425	12.78248	1.05880	1	-0.00760	-0.01054	0.67581	0.00230	1	0.06070	-0.01543	0.68142	0.00445	1	1.45898	0.81042	0	
1241510	8374.24219	3304542018266	0.48766	0.24719	8374.01465	0.22754	11037	1	0.49970	0.10604	1	0.48797	0.33162	1	0.49383	0.21883	1	0.46930	0.53867	11.62276	1.05880	1	0.73241	0.56431	12.75462	1.06646	1	-0.00760	-0.01054	0.67581	0.00231	1	0.06070	-0.01543	0.68142	0.00449	1	1.45898	0.81042	0	
1241511	8374.24902	3304542086978	0.48753	0.24726	8374.01465	0.23438	11037	1	0.49207	0.09157	1	0.47431	0.40847	1	0.48319	0.25002	1	0.46918	0.53866	11.33121	1.06646	1	0.73222	0.56499	12.16130	1.06646	1	-0.00760	-0.01054	0.67581	0.00239	1	0.06070	-0.01543	0.68142	0.00406	1	1.45898	0.81042	0	
1241512	8374.25586	3304542154503	0.48750	0.24645	8374.01465	0.24121	11037	1	0.49723	0.09563	1	0.47555	0.33837	1	0.48639	0.21700	1	0.46929	0.53871	11.74367	1.06646	1	0.73227	0.56488	12.96465	1.06646	1	-0.00760	-0.01054	0.67581	0.00231	1	0.06070	-0.01543	0.68142	0.00405	1	1.45898	0.81042	0	
1241513	8374.26270	3304542222678	0.48747	0.24575	8374.01465	0.24805	11037	1	0.49723	0.09563	1	0.47526	0.34457	1	0.48625	0.22010	1	0.46919	0.53856	11.98817	1.06646	1	0.73206	0.56495	12.36424	1.05880	1	-0.00760	-0.01054	0.67581	0.00234	1	0.05853	-0.01490	0.65766	0.00407	1	1.45898	0.81042	0	
1241514	8374.26953	3304542287484	0.48720	0.24588	8374.01465	0.25488	11037	1	0.49206	0.10192	1	0.46211	0.39908	1	0.47708	0.25050	1	0.46928	0.53871	11.75483	1.05880	1	0.73209	0.56489	12.10925	1.05114	1	-0.00760	-0.01054	0.67581	0.00230	1	0.05853	-0.01490	0.65766	0.00405	1	1.45898	0.81042	0	
1241515	8374.27637	3304542356246	0.48697	0.24529	8374.01465	0.26172	11037	1	0.49451	0.11316	1	0.46139	0.33156	1	0.47795	0.22236	1	0.46919	0.53872	11.62873	1.05114	1	0.73202	0.56456	12.21205	1.04348	1	-0.00760	-0.01054	0.67581	0.00237	1	0.05853	-0.01490	0.65766	0.00448	1	1.45898	0.81042	0	
1241516	8374.28320	3304542422771	0.48676	0.24490	8374.01465	0.26855	11037	1	0.49549	0.12095	1	0.46119	0.33794	1	0.47834	0.22944	1	0.46924	0.53857	11.29244	1.04348	1	0.73245	0.56438	12.99369	1.03582	1	-0.00760	-0.01054	0.67581	0.00234	1	0.05941	-0.01509	0.66637	0.00426	1	1.45898	0.81042	0	
1241517	8374.28906	3304542489198	0.48680	0.24513	8374.01465	0.27441	11037	1	0.49914	0.12836	1	0.47777	0.38074	1	0.48845	0.25455	1	0.46927	0.53872	11.68348	1.03582	1	0.73232	0.56439	12.82664	1.03582	1	-0.00760	-0.01054	0.67581	0.00232	1	0.05941	-0.01509	0.66637	0.00427	1	1.45898	0.81042	0	
1241518	8374.29590	3304542556513	0.48699	0.24547	8374.01465	0.28125	11037	1	0.50579	0.13980	1	0.48388	0.37933	1	0.49484	0.25956	1	0.46934	0.53872	11.79296	1.03582	1	0.73247	0.56442	12.99844	1.03582	1	-0.00760	-0.01054	0.67581	0.00228	1	0.05941	-0.01509	0.66637	0.00424	1	1.45898	0.81042	0	
1241519	8374.30273	3304542624050	0.48716	0.24579	8374.01465	0.28809	11037	1	0.50579	0.13980	1	0.48388	0.37933	1	0.49484	0.25956	1	0.46931	0.53851	12.30441	1.03582	1	0.73237	0.56435	12.81249	1.03582	1	-0.00760	-0.01054	0.67581	0.00233	1	0.05941	-0.01509	0.66637	0.00446	1	1.45898	0.81042	0	
1241520	8374.30957	3304542687446	0.48740	0.24610	8374.01465	0.29492	11037	1	0.50594	0.14129	1	0.48940	0.37820	1	0.49767	0.25974	1	0.46918	0.53867	11.34493	1.03582	1	0.73250	0.56450	12.81070	1.03582	1	-0.00760	-0.01054	0.67581	0.00239	1	0.05941	-0.01509	0.66637	0.00424	1	1.45898	0.81042	0	
1241521	8374.31641	3304542755340	0.48745	0.24592	8374.01465	0.30176	11037	1	0.49572	0.11438	1	0.48366	0.36177	1	0.48969	0.23808	1	0.46928	0.53849	12.10295	1.03582	1	0.73242	0.56427	12.84343	1.03582	1	-0.00760	-0.01054	0.67581	0.00243	1	0.05941	-0.01509	0.66637	0.00448	1	1.45898	0.81042	0	
1241522	8374.32227	3304542820652	0.48750	0.24569	8374.01465	0.30762	11037	1	0.49572	0.11438	1	0.48402	0.35555	1	0.48987	0.23497	1	0.46927	0.53861	12.19803	1.03582	1	0.73247	0.56439	12.77173	1.04348	1	-0.00760	-0.01054	0.67581	0.00241	1	0.06070	-0.01543	0.68142	0.00436	1	1.45898	0.81042	0	
1241523	8374.32910	3304542887033	0.48771	0.24584	8374.01465	0.31445	11037	1	0.50646	0.14709	1	0.48863	0.35905	1	0.49754	0.25307	1	0.46936	0.53843	11.83926	1.04348	1	0.73251	0.56442	12.93145	1.05114	1	-0.00760	-0.01054	0.67581	0.00247	1	0.06070	-0.01543	0.68142	0.00436	1	1.45898	0.81042	0	
1241524	8374.33594	3304542955761	0.48815	0.24622	8374.01465	0.32129	11037	1	0.50054	0.11344	1	0.49055	0.35229	1	0.49554	0.23286	1	0.46922	0.53855	11.48852	1.05114	1	0.73249	0.56429	12.84238	1.05880	1	-0.00760	-0.01054	0.67581	0.00241	1	0.06070	-0.01543	0.68142	0.00442	1	1.45898	0.81042	0	
1241525	8374.34277	3304543021306	0.48804	0.24642	8374.01465	0.32812	11037	1	0.49959	0.10565	1	0.49055	0.35229	1	0.49507	0.22897	1	0.46918	0.53843	11.76273	1.05880	1	0.73244	0.56416	12.87025	1.05880	1	-0.00773	-0.01061	0.68701	0.00239	1	0.05941	-0.01509	0.66637	0.00447	1	1.45898	0.81042	0	
1241526	8374.34961	3304543090996	0.48814	0.24717	8374.01465	0.33496	11037	1	0.49667	0.12429	1	0.49097	0.36030	1	0.49382	0.24230	1	0.46921	0.53847	12.15394	1.05880	1	0.73250	0.56438	12.76572	1.05114	1	-0.00773	-0.01061	0.68701	0.00235	1	0.05941	-0.01509	0.66637	0.00441	1	1.45898	0.81042	0	
1241527	8374.35645	3304543156514	0.48807	0.24825	8374.01465	0.34180	11037	1	0.49828	0.14043	1	0.48528	0.37344	1	0.49178	0.25694	1	0.46926	0.53849	12.22689	1.05114	1	0.73247	0.56451	13.01344	1.04348	1	-0.00773	-0.01061	0.68701	0.00234	1	0.05941	-0.01509	0.66637	0.00435	1	1.45898	0.81042	0	
1241528	8374.36230	3304543222627	0.48800	0.24941	8374.01465	0.34766	11037	1	0.49924	0.14802	1	0.48528	0.37344	1	0.49226	0.26073	1	0.46933	0.53845	12.23154	1.04348	1	0.73247	0.56439	13.15612	1.04348	1	-0.00773	-0.01061	0.68701	0.00230	1	0.06045	-0.01535	0.67749	0.00435	1	1.45898	0.81042	0	
1241529	8374.36914	3304543286708	0.48791	0.24928	8374.01465	0.35449	11037	1	0.48948	0.12658	1	0.48682	0.35964	1	0.48815	0.24311	1	0.46917	0.53835	11.73699	1.04348	1	0.73247	0.56439	13.15612	1.05114	1	-0.00773	-0.01061	0.68701	0.00236	1	0.06045	-0.01535	0.67749	0.00435	1	1.45898	0.81042	0	
1241530	8374.37695	3304543360187	0.48801	0.24915	8374.01465	0.36230	11037	1	0.49670	0.13504	1	0.48666	0.32940	1	0.49168	0.23222	1	0.46914	0.53842	12.44049	1.05114	1	0.73245	0.56416	12.85566	1.05880	1	-0.00773	-0.01061	0.68701	0.00237	1	0.06045	-0.01535	0.67749	0.00447	1	1.45898	0.81042	0	
1241531	8374.38281	3304543427593	0.48809	0.24871	8374.01465	0.36816	11037	1	0.49573	0.12741	1	0.48666	0.32940	1	0.49119	0.22840	1	0.46916	0.53840	12.39792	1.05880	1	0.73221	0.56507	13.38953	1.05880	1	-0.00773	-0.01061	0.68701	0.00242	1	0.05941	-0.01509	0.66637	0.00408	1	1.45898	0.81042	0	
1241532	8374.38965	3304543494425	0.48839	0.24826	8374.01465	0.37500	11037	1	0.50768	0.12494	1	0.47907	0.37555	1	0.49337	0.25024	1	0.46928	0.53848	12.24213	1.05880	1	0.73236	0.56452	13.00558	1.05114	1	-0.00773	-0.01061	0.68701	0.00245	1	0.05941	-0.01509	0.66637	0.00424	1	1.45898	0.81042	0	
1241533	8374.39648	3304543561660	0.48857	0.24857	8374.01465	0.38184	11037	1	0.48876	0.12292	1	0.48758	0.35687	1	0.48817	0.23989	1	0.46914	0.53837	11.98211	1.05114	1	0.73246	0.56430	12.97327	1.04348	1	-0.00773	-0.01061	0.68701	0.00242	1	0.05941	-0.01509	0.66637	0.00430	1	1.45898	0.81042	0	
1241534	8374.40332	3304543628877	0.48876	0.24890	8374.01465	0.38867	11037	1	0.48978	0.13064	1	0.48758	0.35687	1	0.48868	0.24375	1	0.46913	0.53841	11.75051	1.04348	1	0.73243	0.56424	13.01470	1.04348	1	-0.00773	-0.01061	0.68701	0.00241	1	0.06070	-0.01543	0.68142	0.00435	1	1.45898	0.81042	0	
1241535	8374.41016	3304543692555	0.48914	0.24846	8374.01465	0.39551	11037	1	0.49884	0.14860	1	0.49543	0.34982	1	0.49714	0.24921	1	0.46910	0.53850	12.27839	1.04348	1	0.73254	0.56456	13.40759	1.05114	1	-0.00773	-0.01061	0.68701	0.00237	1	0.06070	-0.01543	0.68142	0.00377	1	1.45898	0.81042	0	
1241536	8374.41602	3304543760100	0.48934	0.24816	8374.01465	0.40137	11037	1	0.50074	0.12847	1	0.48987	0.37629	1	0.49530	0.25238	1	0.46917	0.53845	12.07013	1.05114	1	0.73257	0.56457	13.38638	1.05880	1	-0.00773	-0.01061	0.68701	0.00243	1	0.06070	-0.01543	0.68142	0.00379	1	1.45898	0.81042	0	
1241537	8374.42285	3304543825096	0.48952	0.24786	8374.01465	0.40820	11037	1	0.49980	0.12080	1	0.48987	0.37629	1	0.49483	0.24854	1	0.46911	0.53842	11.97141	1.05880	1	0.73248	0.56472	13.34128	1.05880	1	-0.00773	-0.01061	0.68701	0.00240	1	0.05941	-0.01509	0.66637	0.00380	1	1.45898	0.81042	0	
1241538	8374.42969	3304543892622	0.48983	0.24962	8374.01465	0.41504	11037	1	0.52122	0.33544	1	0.48581	0.37288	1	0.50351	0.35416	1	0.46946	0.54082	12.05311	1.05880	1	0.73249	0.56461	13.25494	1.05114	1	-0.00773	-0.01061	0.68701	0.00380	1	0.05941	-0.01509	0.66637	0.00385	1	1.45898	0.81042	0	
1241539	8374.43652	3304543959320	0.49042	0.25131	8374.01465	0.42188	11037	1	0.51556	0.34468	1	0.48296	0.39036	1	0.49926	0.36752	1	0.46932	0.54096	12.17771	1.05114	1	0.73245	0.56460	13.35086	1.04348	1	-0.00773	-0.01061	0.68701	0.00382	1	0.05941	-0.01509	0.66637	0.00385	1	1.45898	0.81042	0	
1241540	8374.44336	3304544026236	0.49101	0.25310	8374.01465	0.42871	11037	1	0.51540	0.34355	1	0.48302	0.38926	1	0.49921	0.36640	1	0.46911	0.53822	11.90088	1.05257	1	0.73256	0.56434	13.22316	1.04491	1	-0.00795	-0.01085	0.70195	0.00239	1	0.05853	-0.01490	0.65766	0.00394	1	1.45898	0.81042	0	
1241541	8374.45020	3304544093416	0.49128	0.25227	8374.01465	0.43555	11037	1	0.49764	0.09432	1	0.49364	0.34832	1	0.49564	0.22132	1	0.46920	0.53822	11.65383	1.05399	1	0.73253	0.56436	13.18106	1.05399	1	-0.00795	-0.01085	0.70195	0.00244	1	0.05853	-0.01490	0.65766	0.00393	1	1.45898	0.81042	0	
1241542	8374.45605	3304544157492	0.49170	0.25140	8374.01465	0.44141	11037	1	0.48650	0.10563	1	0.49336	0.35867	1	0.48993	0.23215	1	0.46902	0.53831	12.25798	1.06308	1	0.73253	0.56450	13.27939	1.06308	1	-0.00795	-0.01085	0.70195	0.00242	1	0.05853	-0.01490	0.65766	0.00389	1	1.45898	0.81042	0	
1241543	8374.46289	3304544227710	0.49211	0.25036	8374.01465	0.44824	11037	1	0.48529	0.09642	1	0.49384	0.35146	1	0.48957	0.22394	1	0.46901	0.53835	12.54547	1.07216	1	0.73252	0.56428	13.45596	1.07216	1	-0.00795	-0.01085	0.70195	0.00244	1	0.06533	-0.01657	0.73393	0.00397	1	1.45898	0.81042	0	
1241544	8374.46973	3304544296424	0.49540	0.27677	8374.01465	0.44824	11037	0	0.50823	0.28845	1	0.49901	0.35556	1	0.50362	0.32201	1	0.46928	0.54055	11.90771	1.07216	1	0.73267	0.56452	13.14512	1.07216	1	-0.00795	-0.01085	0.70195	0.00389	1	0.06533	-0.01657	0.73393	0.00391	1	1.45898	0.81042	0	
1241545	8374.47656	3304544363966	0.50133	0.30837	8374.01465	0.44824	11037	0	0.50939	0.37940	1	0.50514	0.30054	1	0.50727	0.33997	1	0.46930	0.54080	12.10919	1.07216	1	0.73272	0.56426	12.94170	1.07216	1	-0.00795	-0.01085	0.70195	0.00375	1	0.06533	-0.01657	0.73393	0.00397	1	1.45898	0.81042	0	
1241546	8374.48340	3304544428938	0.50331	0.31890	8374.01465	0.44824	11037	0	0.50939	0.37940	1	0.50514	0.30054	1	0.50727	0.33997	1	0.46906	0.53820	11.90329	1.07216	1	0.73243	0.56411	12.98295	1.07216	1	-0.00795	-0.01085	0.70195	0.00248	1	0.06533	-0.01657	0.73393	0.00402	1	1.45898	0.81042	0	
1241547	8374.49023	3304544497367	0.50232	0.29086	8374.46973	0.02051	11038	1	0.50791	0.12199	1	0.49075	0.29146	1	0.49933	0.20672	1	0.46899	0.53820	12.05964	1.07216	1	0.73250	0.56409	13.30451	1.07216	1	-0.00795	-0.01085	0.70195	0.00244	1	0.06533	-0.01657	0.73393	0.00402	1	1.45898	0.81042	0	
1241548	8374.49707	3304544563153	0.50177	0.29857	8374.46973	0.02734	11038	1	0.51540	0.33788	1	0.48374	0.32091	1	0.49957	0.32939	1	0.46939	0.54055	12.10336	1.07216	1	0.73247	0.56428	13.32635	1.07216	1	-0.00795	-0.01085	0.70195	0.00378	1	0.06533	-0.01657	0.73393	0.00394	1	1.45898	0.81042	0	
1241549	8374.50391	3304544633270	0.50145	0.30492	8374.46973	0.03418	11038	1	0.51641	0.34502	1	0.48334	0.32838	1	0.49987	0.33670	1	0.46914	0.53810	12.15179	1.06308	1	0.73251	0.56363	13.19702	1.06308	1	-0.00773	-0.01061	0.68701	0.00239	1	0.05853	-0.01480	0.65766	0.00421	1	1.45898	0.81042	0	
1241550	8374.51074	3304544700177	0.49994	0.29420	8374.46973	0.04102	11038	1	0.48593	0.12725	1	0.49587	0.33254	1	0.49090	0.22990	1	0.46917	0.53795	12.40811	1.05399	1	0.73261	0.56421	12.90516	1.05399	1	-0.00773	-0.01061	0.68701	0.00242	1	0.05853	-0.01480	0.65766	0.00396	1	1.45898	0.81042	0	
1241551	8374.51758	3304544767159	0.50070	0.29375	8374.46973	0.04785	11038	1	0.51403	0.28489	1	0.49794	0.29625	1	0.50598	0.29057	1	0.46933	0.53946	12.20654	1.04491	1	0.73263	0.56368	12.73600	1.04491	1	-0.00773	-0.01061	0.68701	0.00386	1	0.05853	-0.01480	0.65766	0.00417	1	1.45898	0.81042	0	
1241552	8374.52344	3304544834384	0.50134	0.29390	8374.46973	0.05371	11038	1	0.51507	0.29268	1	0.49785	0.29748	1	0.50646	0.29508	1	0.46923	0.53979	11.95839	1.03582	1	0.73257	0.56341	12.68749	1.04348	1	-0.00773	-0.01061	0.68701	0.00400	1	0.06070	-0.01533	0.68142	0.00424	1	1.45898	0.81042	0	
1241553	8374.53027	3304544901409	0.50123	0.29120	8374.46973	0.06055	11038	1	0.51216	0.28805	1	0.48839	0.24590	1	0.50027	0.26698	1	0.46938	0.53974	12.16749	1.04348	1	0.73249	0.56316	12.61543	1.05114	1	-0.00773	-0.01061	0.68701	0.00385	1	0.06070	-0.01533	0.68142	0.00442	1	1.45898	0.81042	0	
1241554	8374.53711	3304544967322	0.49984	0.28713	8374.46973	0.06738	11038	1	0.50823	0.24691	1	0.46358	0.24594	1	0.48590	0.24642	1	0.46926	0.53939	12.02618	1.05114	1	0.73241	0.56337	12.86898	1.05880	1	-0.00773	-0.01061	0.68701	0.00404	1	0.06070	-0.01533	0.68142	0.00440	1	1.45898	0.81042	0	
1241555	8374.54395	3304545034731	0.49865	0.28317	8374.46973	0.07422	11038	1	0.50732	0.24010	1	0.46378	0.23903	1	0.48555	0.23957	1	0.46947	0.53779	12.61110	1.05880	1	0.73251	0.56372	13.06153	1.06646	1	-0.00776	-0.01061	0.68978	0.00250	1	0.06045	-0.01524	0.67749	0.00427	1	1.45898	0.81042	0	
1241556	8374.55078	3304545101693	0.49738	0.28124	8374.46973	0.08105	11038	1	0.52145	0.18949	1	0.44293	0.32660	1	0.48219	0.25805	1	0.46958	0.53882	12.03693	1.06646	1	0.73248	0.56359	12.56431	1.06646	1	-0.00776	-0.01061	0.68978	0.00418	1	0.06045	-0.01524	0.67749	0.00442	1	1.45898	0.81042	0	
1241557	8374.55762	3304545168985	0.49636	0.27696	8374.46973	0.08789	11038	1	0.51202	0.14074	1	0.45416	0.30203	1	0.48309	0.22138	1	0.46948	0.53779	12.63090	1.06646	1	0.73271	0.56384	12.49312	1.06646	1	-0.00776	-0.01061	0.68978	0.00249	1	0.06045	-0.01524	0.67749	0.00438	1	1.45898	0.81042	0	
1241558	8374.56445	3304545235908	0.49550	0.27374	8374.46973	0.09473	11038	1	0.51293	0.14856	1	0.45402	0.30878	1	0.48347	0.22867	1	0.46953	0.53761	12.46892	1.05844	1	0.73326	0.56334	12.61013	1.05844	1	-0.00779	-0.01061	0.69691	0.00250	1	0.06045	-0.01524	0.67749	0.00454	1	1.45898	0.81042	0	
1241559	8374.57031	3304545303137	0.49608	0.27967	8374.46973	0.10059	11038	1	0.53107	0.35829	1	0.47854	0.37885	1	0.50481	0.36857	1	0.47000	0.54009	13.34892	1.05042	1	0.73318	0.56428	13.04638	1.05042	1	-0.00779	-0.01061	0.69691	0.00371	1	0.06045	-0.01524	0.67749	0.00407	1	1.45898	0.81042	0	
1241560	8374.57715	3304545369264	0.49662	0.28299	8374.46973	0.10742	11038	1	0.50491	0.35782	1	0.50533	0.31459	1	0.50512	0.33621	1	0.46956	0.54005	12.60145	1.04241	1	0.73346	0.56313	12.67932	1.04241	1	-0.00779	-0.01061	0.69691	0.00366	1	0.06045	-0.01524	0.67749	0.00438	1	1.45898	0.81042	0	
1241561	8374.58398	3304545437825	0.49707	0.28613	8374.46973	0.11426	11038	1	0.50491	0.35782	1	0.50483	0.32113	1	0.50487	0.33947	1	0.46970	0.53767	12.23302	1.04241	1	0.73341	0.56405	13.09811	1.03475	1	-0.00745	-0.01022	0.67107	0.00247	1	0.05910	-0.01489	0.66178	0.00393	1	1.45898	0.81042	0	
1241562	8374.59082	3304545503937	0.49832	0.28844	8374.46973	0.12109	11038	1	0.54074	0.36209	1	0.50060	0.29793	1	0.52067	0.33001	1	0.47013	0.54000	12.08986	1.04277	1	0.73343	0.56291	12.88353	1.03511	1	-0.00745	-0.01022	0.67107	0.00373	1	0.05910	-0.01489	0.66178	0.00429	1	1.45898	0.81042	0	
1241563	8374.59766	3304545571388	0.49819	0.28726	8374.46973	0.12793	11038	1	0.51545	0.14339	1	0.47606	0.38617	1	0.49575	0.26478	1	0.46987	0.53761	12.17562	1.04312	1	0.73306	0.56408	13.22019	1.03546	1	-0.00745	-0.01022	0.67107	0.00257	1	0.05910	-0.01489	0.66178	0.00393	1	1.45898	0.81042	0	
1241564	8374.60449	3304545637460	0.49809	0.28651	8374.46973	0.13477	11038	1	0.51632	0.15101	1	0.47576	0.39220	1	0.49604	0.27160	1	0.46998	0.53760	12.28771	1.03546	1	0.73309	0.56392	13.32873	1.02780	1	-0.00726	-0.00998	0.65889	0.00250	1	0.05938	-0.01494	0.66381	0.00397	1	1.45898	0.81042	0	
1241565	8374.61133	3304545705157	0.49745	0.28574	8374.46973	0.14160	11038	1	0.49758	0.17504	1	0.47082	0.36414	1	0.48420	0.26959	1	0.46990	0.53757	12.28509	1.01979	1	0.73306	0.56387	13.26908	1.01979	1	-0.00726	-0.00998	0.65889	0.00255	1	0.05938	-0.01494	0.66381	0.00405	1	1.45898	0.81042	0	
1241566	8374.61719	3304545771884	0.49631	0.29112	8374.46973	0.14746	11038	1	0.50673	0.38723	1	0.43556	0.43165	1	0.47115	0.40944	1	0.46983	0.54010	12.42948	1.01177	1	0.73284	0.56433	14.07034	1.01177	1	-0.00726	-0.00998	0.65889	0.00388	1	0.05938	-0.01494	0.66381	0.00404	1	1.45898	0.81042	0	
1241567	8374.62402	3304545839020	0.49526	0.29593	8374.46973	0.15430	11038	1	0.50673	0.38723	1	0.43557	0.42584	1	0.47115	0.40653	1	0.47010	0.53952	12.04337	1.01177	1	0.73311	0.56400	13.48026	1.01943	1	-0.00744	-0.01029	0.67930	0.00379	1	0.06042	-0.01519	0.67489	0.00410	1	1.45898	0.81042	0	
1241568	8374.63086	3304545905820	0.49481	0.29919	8374.46973	0.16113	11038	1	0.51610	0.34901	1	0.45188	0.40560	1	0.48399	0.37731	1	0.47010	0.53952	12.04337	1.02745	1	0.73312	0.56432	13.60430	1.03511	1	-0.00744	-0.01029	0.67930	0.00379	1	0.06042	-0.01519	0.67489	0.00414	1	1.45898	0.81042	0	
1241569	8374.63770	3304545972638	0.49098	0.32947	8374.46973	0.16113	11038	0	0.51026	0.32552	1	0.43092	0.37745	1	0.47059	0.35148	1	0.47011	0.53953	12.06432	1.04312	1	0.73315	0.56428	13.59561	1.05078	1	-0.00744	-0.01029	0.67930	0.00378	1	0.06042	-0.01519	0.67489	0.00415	1	1.45898	0.81042	0	
1241570	8374.64453	3304546039824	0.48031	0.33420	8374.46973	0.16113	11038	0	0.50841	0.31267	1	0.43087	0.36521	1	0.46964	0.33894	1	0.47040	0.53753	12.42497	1.05880	1	0.73322	0.56448	13.18594	1.06646	1	-0.00744	-0.01029	0.67930	0.00260	1	0.06042	-0.01519	0.67489	0.00410	1	1.45898	0.81042	0	
1241571	8374.65137	3304546106914	0.48218	0.34846	8374.46973	0.16113	11038	0	0.53347	0.35129	1	0.43838	0.40265	1	0.48593	0.37697	1	0.47041	0.54007	12.79316	1.06646	1	0.73323	0.56458	13.19838	1.06646	1	-0.00744	-0.01029	0.67930	0.00377	1	0.06042	-0.01519	0.67489	0.00412	1	1.45898	0.81042	0	
1241572	8374.65820	3304546173743	0.48642	0.34915	8374.63770	0.02051	11039	1	0.54446	0.32919	1	0.45384	0.37326	1	0.49915	0.35122	1	0.47065	0.53989	13.17941	1.06646	1	0.73354	0.56432	12.88275	1.06646	1	-0.00744	-0.01029	0.67930	0.00379	1	0.06042	-0.01519	0.67489	0.00408	1	1.45898	0.81042	0	
1241573	8374.66504	3304546240762	0.48896	0.35016	8374.63770	0.02734	11039	1	0.54446	0.32919	1	0.45370	0.37920	1	0.49908	0.35419	1	0.47082	0.53982	12.30616	1.06646	1	0.73404	0.56422	13.03105	1.05880	1	-0.00732	-0.01032	0.67797	0.00382	1	0.05913	-0.01485	0.65993	0.00399	1	1.45898	0.81042	0	
1241574	8374.67090	3304546307756	0.49109	0.32486	8374.63770	0.03320	11039	1	0.51018	0.12541	1	0.49338	0.27135	1	0.50178	0.19838	1	0.47051	0.53750	12.63576	1.05880	1	0.73412	0.56338	12.80523	1.05114	1	-0.00732	-0.01032	0.67797	0.00250	1	0.05913	-0.01485	0.65993	0.00421	1	1.45898	0.81042	0	
1241575	8374.67773	3304546374742	0.49123	0.31028	8374.63770	0.04004	11039	1	0.49338	0.13178	1	0.49069	0.31383	1	0.49203	0.22280	1	0.47047	0.53753	12.69129	1.05114	1	0.73407	0.56397	13.24290	1.04348	1	-0.00732	-0.01032	0.67797	0.00247	1	0.05913	-0.01485	0.65993	0.00399	1	1.45898	0.81042	0	
1241576	8374.68457	3304546441933	0.49139	0.29983	8374.63770	0.04688	11039	1	0.49437	0.13944	1	0.49069	0.31383	1	0.49253	0.22663	1	0.47096	0.54003	12.37577	1.04348	1	0.73434	0.56352	12.68979	1.04348	1	-0.00730	-0.01044	0.68572	0.00388	1	0.05910	-0.01480	0.65795	0.00423	1	1.45898	0.81042	0	
1241577	8374.69141	3304546509118	0.49259	0.30002	8374.63770	0.05371	11039	1	0.52404	0.31020	1	0.48028	0.29300	1	0.50216	0.30160	1	0.47110	0.53964	12.83452	1.04348	1	0.73431	0.56357	12.71932	1.05114	1	-0.00730	-0.01044	0.68572	0.00377	1	0.05910	-0.01480	0.65795	0.00421	1	1.45898	0.81042	0	
1241578	8374.69824	3304546575757	0.49295	0.29130	8374.63770	0.06055	11039	1	0.50969	0.13889	1	0.48282	0.28671	1	0.49625	0.21280	1	0.47094	0.53763	12.42941	1.05114	1	0.73426	0.56379	12.98654	1.05880	1	-0.00730	-0.01044	0.68572	0.00254	1	0.05910	-0.01480	0.65795	0.00420	1	1.45898	0.81042	0	
1241579	8374.70508	3304546642320	0.49323	0.28352	8374.63770	0.06738	11039	1	0.50880	0.13129	1	0.48315	0.28009	1	0.49598	0.20569	1	0.47072	0.54001	12.49118	1.05880	1	0.73438	0.56428	12.66755	1.06646	1	-0.00730	-0.01044	0.68572	0.00381	1	0.05910	-0.01485	0.65795	0.00428	1	1.45898	0.81042	0	
1241580	8374.71191	3304546709620	0.49391	0.27978	8374.63770	0.07422	11039	1	0.51022	0.12594	1	0.49270	0.35146	1	0.50146	0.23870	1	0.47101	0.53750	12.29682	1.06646	1	0.73485	0.56435	13.65034	1.06646	1	-0.00730	-0.01044	0.68572	0.00252	1	0.05910	-0.01485	0.65795	0.00424	1	1.45898	0.81042	0	
1241581	8374.71777	3304546776129	0.49425	0.28305	8374.63770	0.08008	11039	1	0.50332	0.31797	1	0.49312	0.32664	1	0.49822	0.32230	1	0.47116	0.53998	12.68966	1.06646	1	0.73494	0.56422	13.64785	1.06646	1	-0.00730	-0.01044	0.68572	0.00373	1	0.05910	-0.01485	0.65795	0.00402	1	1.45898	0.81042	0	
1241582	8374.72461	3304546843593	0.49453	0.28586	8374.63770	0.08691	11039	1	0.50332	0.31797	1	0.49312	0.32664	1	0.49822	0.32230	1	0.47165	0.54031	12.27340	1.06646	1	0.73496	0.56433	13.07287	1.06646	1	-0.00719	-0.01038	0.68506	0.00371	1	0.06078	-0.01530	0.67553	0.00397	1	1.45898	0.81042	0	
1241583	8374.73145	3304546910589	0.49466	0.28823	8374.63770	0.09375	11039	1	0.52193	0.30991	1	0.47116	0.33295	1	0.49655	0.32143	1	0.47178	0.53972	12.27159	1.06646	1	0.73492	0.56430	13.17698	1.06646	1	-0.00719	-0.01038	0.68506	0.00381	1	0.06078	-0.01530	0.67553	0.00399	1	1.45898	0.81042	0	
1241584	8374.73828	3304546977904	0.49452	0.29044	8374.63770	0.10059	11039	1	0.50944	0.31897	1	0.47538	0.32828	1	0.49241	0.32363	1	0.47169	0.53998	12.07647	1.06646	1	0.73494	0.56426	13.08635	1.06646	1	-0.00719	-0.01038	0.68506	0.00388	1	0.06078	-0.01530	0.67553	0.00400	1	1.45898	0.81042	0	
1241585	8374.74512	3304547044514	0.49440	0.29239	8374.63770	0.10742	11039	1	0.50944	0.31897	1	0.47538	0.32828	1	0.49241	0.32363	1	0.47175	0.53760	12.51641	1.06646	1	0.73512	0.56403	12.91868	1.06646	1	-0.00705	-0.01032	0.68113	0.00257	1	0.06078	-0.01528	0.67441	0.00416	1	1.45898	0.81042	0	
1241586	8374.75195	3304547111525	0.49489	0.29570	8374.63770	0.11426	11039	1	0.51408	0.33002	1	0.49243	0.37365	1	0.50326	0.35184	1	0.47175	0.53997	12.90669	1.06646	1	0.73564	0.56463	13.29343	1.06646	1	-0.00705	-0.01032	0.68113	0.00374	1	0.06078	-0.01528	0.67441	0.00408	1	1.45898	0.81042	0	
1241587	8374.75879	3304547178178	0.49459	0.29745	8374.63770	0.12109	11039	1	0.49525	0.30724	1	0.48290	0.35088	1	0.48908	0.32906	1	0.47181	0.53966	12.44061	1.06646	1	0.73554	0.56447	13.53546	1.06646	1	-0.00705	-0.01032	0.68113	0.00385	1	0.06078	-0.01528	0.67441	0.00425	1	1.45898	0.81042	0	
1241588	8374.76465	3304547244367	0.49430	0.29919	8374.63770	0.12695	11039	1	0.49525	0.30724	1	0.48256	0.35699	1	0.48891	0.33212	1	0.47251	0.54007	12.35119	1.06646	1	0.73584	0.56441	13.16225	1.05880	1	-0.00693	-0.01030	0.67992	0.00375	1	0.05936	-0.01491	0.65809	0.00394	1	1.45898	0.81042	0	
1241589	8374.77148	3304547312185	0.49564	0.30183	8374.63770	0.13379	11039	1	0.55067	0.32699	1	0.49430	0.38265	1	0.52249	0.35482	1	0.47255	0.53993	12.00342	1.05880	1	0.73571	0.56461	13.17544	1.05114	1	-0.00693	-0.01030	0.67992	0.00384	1	0.05936	-0.01491	0.65809	0.00403	1	1.45898	0.81042	0	
1241590	8374.77832	3304547379437	0.49558	0.30490	8374.63770	0.14062	11039	1	0.52463	0.34808	1	0.46396	0.39069	1	0.49429	0.36938	1	0.47261	0.54010	12.21395	1.05114	1	0.73559	0.56477	13.04142	1.04348	1	-0.00693	-0.01030	0.67992	0.00390	1	0.05936	-0.01491	0.65809	0.00413	1	1.45898	0.81042	0	
1241591	8374.78516	3304547446294	0.49554	0.30784	8374.63770	0.14746	11039	1	0.52544	0.35414	1	0.46396	0.39069	1	0.49470	0.37241	1	0.47240	0.53749	12.39489	1.04348	1	0.73543	0.56490	13.53333	1.04348	1	-0.00676	-0.01019	0.67253	0.00254	1	0.06005	-0.01509	0.66408	0.00405	1	1.45898	0.81042	0	
1241592	8374.79199	3304547513691	0.49528	0.33106	8374.63770	0.14746	11039	0	0.51492	0.13774	1	0.43078	0.36183	1	0.47285	0.24978	1	0.47251	0.53750	12.44335	1.04348	1	0.73551	0.56497	13.40807	1.05114	1	-0.00676	-0.01019	0.67253	0.00251	1	0.06005	-0.01509	0.66408	0.00412	1	1.45898	0.81042	0	
1241593	8374.79883	3304547579470	0.49144	0.27597	8374.63770	0.14746	11039	0	0.51829	0.13905	1	0.45690	0.30271	1	0.48760	0.22088	1	0.47267	0.53754	12.32380	1.05114	1	0.73581	0.56485	13.18020	1.05880	1	-0.00676	-0.01019	0.67253	0.00261	1	0.06005	-0.01509	0.66408	0.00407	1	1.45898	0.81042	0	
1241594	8374.80566	3304547647483	0.49002	0.25634	8374.63770	0.14746	11039	0	0.51745	0.13146	1	0.45690	0.30271	1	0.48718	0.21708	1	0.47280	0.53756	12.60572	1.05880	1	0.73655	0.56494	13.03599	1.05880	1	-0.00672	-0.01028	0.67855	0.00247	1	0.05946	-0.01498	0.65703	0.00401	1	1.45898	0.81042	0	
1241595	8374.81152	3304547714349	0.49054	0.21716	8374.63770	0.14746	11039	0	0.50059	0.12388	1	0.49307	0.30318	1	0.49683	0.21353	1	0.47275	0.53753	12.66303	1.05880	1	0.73641	0.56485	13.08839	1.05114	1	-0.00672	-0.01028	0.67855	0.00251	1	0.05946	-0.01498	0.65703	0.00389	1	1.45898	0.81042	0	
1241596	8374.81836	3304547778513	0.49736	0.22172	8374.63770	0.14746	11039	0	0.51024	0.13147	1	0.49815	0.32109	1	0.50419	0.22628	1	0.47280	0.53756	12.61397	1.05114	1	0.73652	0.56497	13.11462	1.04348	1	-0.00672	-0.01028	0.67855	0.00247	1	0.05946	-0.01498	0.65703	0.00392	1	1.45898	0.81042	0	
1241597	8374.82520	3304547845048	0.49971	0.22560	8374.63770	0.14746	11039	0	0.51113	0.13912	1	0.49770	0.32757	1	0.50441	0.23334	1	0.47332	0.53985	12.47648	1.04348	1	0.73619	0.56494	13.21710	1.03582	1	-0.00672	-0.01050	0.68946	0.00389	1	0.05844	-0.01470	0.64470	0.00405	1	1.45898	0.81042	0	
1241598	8374.83203	3304547910880	0.49546	0.23048	8374.81152	0.02051	11040	1	0.49812	0.16954	1	0.46732	0.32072	1	0.48272	0.24513	1	0.47303	0.53760	12.38568	1.03582	1	0.73639	0.56484	13.28068	1.03582	1	-0.00672	-0.01050	0.68946	0.00253	1	0.05844	-0.01470	0.64470	0.00401	1	1.45898	0.81042	0	
1241599	8374.83789	3304547978557	0.49373	0.22895	8374.81152	0.02637	11040	1	0.49733	0.16153	1	0.47622	0.28419	1	0.48677	0.22286	1	0.47310	0.53757	12.54115	1.03582	1	0.73652	0.56427	12.74314	1.03582	1	-0.00672	-0.01050	0.68946	0.00254	1	0.05844	-0.01470	0.64470	0.00430	1	1.45898	0.81042	0	
1241600	8374.84473	3304548046252	0.49259	0.22737	8374.81152	0.03320	11040	1	0.49733	0.16153	1	0.47652	0.27740	1	0.48692	0.21947	1	0.47330	0.53993	12.92238	1.03582	1	0.73676	0.56499	13.75731	1.04348	1	-0.00672	-0.01050	0.68946	0.00374	1	0.06164	-0.01549	0.67937	0.00412	1	1.45898	0.81042	0	
1241601	8374.85156	3304548113329	0.49165	0.24353	8374.81152	0.04004	11040	1	0.49927	0.36305	1	0.47277	0.31795	1	0.48602	0.34050	1	0.47296	0.54008	12.35479	1.04348	1	0.73690	0.56495	13.99620	1.05114	1	-0.00672	-0.01050	0.68946	0.00389	1	0.06164	-0.01549	0.67937	0.00408	1	1.45898	0.81042	0	
1241602	8374.85840	3304548178935	0.49214	0.24154	8374.81152	0.04688	11040	1	0.52908	0.14823	1	0.46207	0.30700	1	0.49557	0.22762	1	0.47348	0.53759	12.74280	1.05114	1	0.73675	0.56492	13.85109	1.05880	1	-0.00672	-0.01050	0.68946	0.00256	1	0.06164	-0.01549	0.67937	0.00413	1	1.45898	0.81042	0	
1241603	8374.86523	3304548245776	0.49249	0.23922	8374.81152	0.05371	11040	1	0.52830	0.14071	1	0.46226	0.30054	1	0.49528	0.22063	1	0.47389	0.53979	13.04190	1.05880	1	0.73691	0.56505	13.60969	1.06646	1	-0.00643	-0.01020	0.66970	0.00379	1	0.06164	-0.01559	0.67937	0.00436	1	1.45898	0.81042	0	
1241604	8374.87207	3304548312297	0.49349	0.24953	8374.81152	0.06055	11040	1	0.52074	0.34692	1	0.48425	0.33768	1	0.50250	0.34230	1	0.47377	0.54007	12.96364	1.06646	1	0.73709	0.56514	13.30398	1.06646	1	-0.00643	-0.01020	0.66970	0.00372	1	0.06164	-0.01559	0.67937	0.00401	1	1.45898	0.81042	0	
1241605	8374.87891	3304548380685	0.49477	0.25512	8374.81152	0.06738	11040	1	0.53100	0.31304	1	0.48411	0.30900	1	0.50755	0.31102	1	0.47393	0.54014	12.92841	1.06646	1	0.73701	0.56486	13.81476	1.06646	1	-0.00643	-0.01020	0.66970	0.00373	1	0.06164	-0.01559	0.67937	0.00414	1	1.45898	0.81042	0	
1241606	8374.88574	3304548451940	0.49582	0.26004	8374.81152	0.07422	11040	1	0.53100	0.31304	1	0.48376	0.31541	1	0.50738	0.31423	1	0.47395	0.54018	12.48745	1.06646	1	0.73734	0.56505	13.33730	1.05880	1	-0.00654	-0.01042	0.68105	0.00370	1	0.05938	-0.01501	0.65398	0.00403	1	1.45898	0.81042	0	
1241607	8374.89258	3304548518358	0.49709	0.26274	8374.81152	0.08105	11040	1	0.53160	0.25787	1	0.49316	0.33219	1	0.51238	0.29503	1	0.47402	0.53936	11.97229	1.05880	1	0.73725	0.56501	13.26906	1.05114	1	-0.00654	-0.01042	0.68105	0.00397	1	0.05938	-0.01501	0.65398	0.00403	1	1.45898	0.81042	0	
1241608	8374.89941	3304548585044	0.49680	0.25999	8374.81152	0.08789	11040	1	0.50295	0.08995	1	0.48286	0.35869	1	0.49290	0.22432	1	0.47367	0.53754	12.61740	1.05114	1	0.73710	0.56529	13.87288	1.04348	1	-0.00654	-0.01042	0.68105	0.00261	1	0.05938	-0.01501	0.65398	0.00396	1	1.45898	0.81042	0	
1241609	8374.90625	3304548652847	0.49658	0.25858	8374.81152	0.09473	11040	1	0.50486	0.10623	1	0.48216	0.37136	1	0.49351	0.23879	1	0.47393	0.53908	12.28828	1.03546	1	0.73746	0.56533	13.23274	1.02780	1	-0.00628	-0.01009	0.65972	0.00407	1	0.05938	-0.01501	0.65398	0.00396	1	1.45898	0.81042	0	
1241610	8374.91211	3304548718989	0.49678	0.26098	8374.81152	0.10059	11040	1	0.52712	0.19422	1	0.47257	0.39992	1	0.49984	0.29707	1	0.47390	0.53783	12.29262	1.01979	1	0.73703	0.56562	13.93246	1.01979	1	-0.00628	-0.01009	0.65972	0.00270	1	0.05938	-0.01501	0.65398	0.00407	1	1.45898	0.81042	0	
1241611	8374.91895	3304548786162	0.49640	0.26129	8374.81152	0.10742	11040	1	0.50115	0.14127	1	0.47962	0.39125	1	0.49038	0.26626	1	0.47381	0.53765	12.59770	1.01177	1	0.73704	0.56548	13.82447	1.01177	1	-0.00628	-0.01009	0.65972	0.00264	1	0.05938	-0.01501	0.65398	0.00412	1	1.45898	0.81042	0	
1241612	8374.92578	3304548853037	0.49608	0.26140	8374.81152	0.11426	11040	1	0.50115	0.14127	1	0.47995	0.38511	1	0.49055	0.26319	1	0.47403	0.53995	12.98558	1.01177	1	0.73689	0.56580	13.38087	1.01943	1	-0.00646	-0.01046	0.68385	0.00385	1	0.06155	-0.01552	0.67617	0.00425	1	1.45898	0.81042	0	
1241613	8374.93262	3304548920379	0.49602	0.26693	8374.81152	0.12109	11040	1	0.52487	0.32079	1	0.46518	0.41232	1	0.49502	0.36655	1	0.47419	0.54006	12.56639	1.02745	1	0.73684	0.56590	13.50451	1.03511	1	-0.00646	-0.01046	0.68385	0.00378	1	0.06155	-0.01552	0.67617	0.00422	1	1.45898	0.81042	0	
1241614	8374.93945	3304548987015	0.49665	0.26806	8374.81152	0.12793	11040	1	0.50575	0.27555	1	0.51128	0.30346	1	0.50852	0.28951	1	0.47404	0.53975	12.35397	1.04312	1	0.73747	0.56521	12.62073	1.05078	1	-0.00646	-0.01046	0.68385	0.00398	1	0.06155	-0.01552	0.67617	0.00419	1	1.45898	0.81042	0	
1241615	8374.94629	3304549053555	0.49718	0.26860	8374.81152	0.13477	11040	1	0.50385	0.26194	1	0.51185	0.29658	1	0.50785	0.27926	1	0.47414	0.53971	12.60494	1.05880	1	0.73717	0.56581	13.40517	1.05880	1	-0.00646	-0.01057	0.68384	0.00399	1	0.06006	-0.01520	0.66033	0.00403	1	1.45898	0.81042	0	
1241616	8374.95215	3304549120643	0.49790	0.27088	8374.81152	0.14062	11040	1	0.52098	0.35122	1	0.50484	0.28655	1	0.51291	0.31889	1	0.47414	0.54061	12.87927	1.05880	1	0.73744	0.56562	13.28692	1.05114	1	-0.00646	-0.01057	0.68384	0.00400	1	0.06006	-0.01520	0.66033	0.00408	1	1.45898	0.81042	0	
1241617	8374.95898	3304549187698	0.49832	0.27249	8374.81152	0.14746	11040	1	0.52331	0.33173	1	0.49202	0.28391	1	0.50767	0.30782	1	0.47427	0.54034	12.86868	1.05114	1	0.73725	0.56540	12.87389	1.04348	1	-0.00646	-0.01057	0.68384	0.00409	1	0.06006	-0.01520	0.66033	0.00407	1	1.45898	0.81042	0	
1241618	8374.96582	3304549254592	0.49872	0.27423	8374.81152	0.15430	11040	1	0.52412	0.33791	1	0.49162	0.29066	1	0.50787	0.31429	1	0.47407	0.53957	11.81572	1.04348	1	0.73704	0.56567	13.11941	1.03582	1	-0.00646	-0.01057	0.68384	0.00419	1	0.05978	-0.01518	0.65726	0.00408	1	1.45898	0.81042	0	
1241619	8374.97266	3304549322133	0.49914	0.27346	8374.81152	0.16113	11040	1	0.50768	0.29181	1	0.51085	0.21807	1	0.50926	0.25494	1	0.47395	0.53951	11.89271	1.03582	1	0.73745	0.56430	12.87823	1.03582	1	-0.00646	-0.01057	0.68384	0.00420	1	0.05978	-0.01518	0.65726	0.00461	1	1.45898	0.81042	0	
1241620	8374.97949	3304549388886	0.49911	0.27411	8374.81152	0.16797	11040	1	0.51184	0.25908	1	0.48497	0.32161	1	0.49840	0.29034	1	0.47405	0.53988	11.76821	1.03582	1	0.73707	0.56582	13.13127	1.03582	1	-0.00646	-0.01057	0.68384	0.00429	1	0.05978	-0.01518	0.65726	0.00411	1	1.45898	0.81042	0	
1241621	8374.98633	3304549455496	0.49909	0.27459	8374.81152	0.17480	11040	1	0.51184	0.25908	1	0.48533	0.31510	1	0.49858	0.28709	1	0.47398	0.54010	11.84982	1.03582	1	0.73717	0.56578	13.24347	1.04348	1	-0.00646	-0.01057	0.68384	0.00397	1	0.06155	-0.01562	0.67617	0.00401	1	1.45898	0.81042	0	
1241622	8374.99316	3304549523259	0.49856	0.27496	8374.81152	0.18164	11040	1	0.49897	0.21412	1	0.46922	0.35592	1	0.48409	0.28502	1	0.47386	0.53926	11.74752	1.04348	1	0.73691	0.56625	13.86412	1.05114	1	-0.00646	-0.01057	0.68384	0.00427	1	0.06155	-0.01562	0.67617	0.00410	1	1.45898	0.81042	0	
1241623	8374.99902	3304549588544	0.49790	0.27603	8374.81152	0.18750	11040	1	0.51369	0.28543	1	0.44507	0.32625	1	0.47938	0.30584	1	0.47403	0.54034	11.94085	1.05114	1	0.73683	0.56617	13.71833	1.05880	1	-0.00646	-0.01057	0.68384	0.00395	1	0.06155	-0.01562	0.67617	0.00410	1	1.45898	0.81042	0	
1241624	8375.00586	3304549656601	0.49727	0.27681	8374.81152	0.19434	11040	1	0.51282	0.27891	1	0.44514	0.31994	1	0.47898	0.29942	1	0.47416	0.54056	12.44480	1.05880	1	0.73725	0.56519	13.06140	1.06646	1	-0.00646	-0.01057	0.68384	0.00387	1	0.06155	-0.01562	0.67617	0.00438	1	1.45898	0.81042	0	
1241625	8375.01270	3304549723405	0.49702	0.27581	8374.81152	0.20117	11040	1	0.52234	0.23605	1	0.45726	0.25562	1	0.48980	0.24583	1	0.47440	0.54006	12.57045	1.06646	1	0.73736	0.56514	12.77179	1.06646	1	-0.00646	-0.01057	0.68384	0.00397	1	0.06155	-0.01562	0.67617	0.00433	1	1.45898	0.81042	0	
1241626	8375.01953	3304549790683	0.49654	0.27665	8374.81152	0.20801	11040	1	0.52986	0.29001	1	0.43301	0.31534	1	0.48144	0.30268	1	0.47430	0.54006	12.45954	1.06646	1	0.73707	0.56600	13.52505	1.06646	1	-0.00646	-0.01057	0.68384	0.00397	1	0.06155	-0.01562	0.67617	0.00408	1	1.45898	0.81042	0	
1241627	8375.02637	3304549857625	0.49608	0.27744	8374.81152	0.21484	11040	1	0.52986	0.29001	1	0.43301	0.31534	1	0.48144	0.30268	1	0.47423	0.54004	12.70471	1.06646	1	0.73711	0.56594	13.48812	1.06646	1	-0.00646	-0.01057	0.68384	0.00391	1	0.06155	-0.01562	0.67617	0.00446	1	1.45898	0.81042	0	
1241628	8375.03320	3304549922864	0.49615	0.27841	8374.81152	0.22168	11040	1	0.53946	0.30985	1	0.45774	0.31161	1	0.49860	0.31073	1	0.47448	0.54027	12.78171	1.06646	1	0.73747	0.56574	12.74097	1.06646	1	-0.00646	-0.01057	0.68384	0.00391	1	0.06155	-0.01562	0.67617	0.00437	1	1.45898	0.81042	0	
1241629	8375.03906	3304549987563	0.49588	0.27927	8374.81152	0.22754	11040	1	0.51549	0.32105	1	0.45751	0.29558	1	0.48650	0.30831	1	0.47413	0.54047	12.44450	1.06646	1	0.73735	0.56563	13.07281	1.06646	1	-0.00646	-0.01057	0.68384	0.00390	1	0.06155	-0.01562	0.67617	0.00441	1	1.45898	0.81042	0	
1241630	8375.04590	3304550053969	0.49563	0.28026	8374.81152	0.23438	11040	1	0.51638	0.32751	1	0.45735	0.30237	1	0.48686	0.31494	1	0.47453	0.54050	12.74956	1.05844	1	0.73780	0.56529	13.64064	1.05844	1	-0.00622	-0.01026	0.66382	0.00397	1	0.06155	-0.01562	0.67617	0.00455	1	1.45898	0.81042	0	
1241631	8375.05273	3304550126111	0.49559	0.27982	8374.81152	0.24121	11040	1	0.50949	0.25107	1	0.47880	0.27658	1	0.49415	0.26382	1	0.47430	0.54021	12.60256	1.05042	1	0.73771	0.56524	13.43546	1.05042	1	-0.00622	-0.01026	0.66382	0.00395	1	0.06155	-0.01562	0.67617	0.00456	1	1.45898	0.81042	0	
1241632	8375.05957	3304550193092	0.49600	0.28000	8374.81152	0.24805	11040	1	0.53881	0.29236	1	0.48375	0.28093	1	0.51128	0.28665	1	0.47449	0.54023	12.91310	1.04241	1	0.73777	0.56521	13.56707	1.04241	1	-0.00622	-0.01026	0.66382	0.00388	1	0.06155	-0.01562	0.67617	0.00454	1	1.45898	0.81042	0	
1241633	8375.06641	3304550259202	0.49639	0.28017	8374.81152	0.25488	11040	1	0.53881	0.29236	1	0.48375	0.28093	1	0.51128	0.28665	1	0.47441	0.53994	12.71029	1.04241	1	0.73778	0.56614	13.80497	1.04241	1	-0.00640	-0.01063	0.68795	0.00396	1	0.06155	-0.01562	0.67617	0.00415	1	1.45898	0.81042	0	
1241634	8375.07324	3304550326676	0.49673	0.28045	8374.81152	0.26172	11040	1	0.53831	0.26068	1	0.48184	0.32228	1	0.51007	0.29148	1	0.47453	0.53996	12.80149	1.05042	1	0.73781	0.56588	13.73947	1.05042	1	-0.00640	-0.01063	0.68795	0.00396	1	0.06155	-0.01562	0.67617	0.00433	1	1.45898	0.81042	0	
1241635	8375.08008	3304550393160	0.49684	0.28075	8374.81152	0.26855	11040	1	0.54125	0.23880	1	0.46110	0.34710	1	0.50118	0.29295	1	0.47447	0.53988	12.70812	1.05844	1	0.73750	0.56631	13.91378	1.05844	1	-0.00640	-0.01063	0.68795	0.00396	1	0.06155	-0.01562	0.67617	0.00413	1	1.45898	0.81042	0	
1241636	8375.08691	3304550459782	0.49694	0.28088	8374.81152	0.27539	11040	1	0.54052	0.23168	1	0.46130	0.34064	1	0.50091	0.28616	1	0.47459	0.54071	13.12050	1.06646	1	0.73718	0.56665	13.42265	1.06646	1	-0.00640	-0.01063	0.68795	0.00391	1	0.06125	-0.01559	0.67290	0.00414	1	1.45898	0.81042	0	
1241637	8375.09277	3304550527410	0.49688	0.28086	8374.81152	0.28125	11040	1	0.53547	0.27474	1	0.45306	0.28486	1	0.49426	0.27980	1	0.47446	0.54023	12.78015	1.06646	1	0.73738	0.56581	12.67950	1.06646	1	-0.00640	-0.01063	0.68795	0.00398	1	0.06125	-0.01559	0.67290	0.00436	1	1.45898	0.81042	0	
1241638	8375.09961	3304550594326	0.49684	0.28055	8374.81152	0.28809	11040	1	0.53706	0.24939	1	0.45319	0.28544	1	0.49513	0.26741	1	0.47439	0.54008	12.90160	1.06646	1	0.73737	0.56571	12.71741	1.06646	1	-0.00640	-0.01063	0.68795	0.00405	1	0.06125	-0.01559	0.67290	0.00439	1	1.45898	0.81042	0	
1241639	8375.10645	3304550661694	0.49681	0.28041	8374.81152	0.29492	11040	1	0.53781	0.25638	1	0.45305	0.29231	1	0.49543	0.27434	1	0.47389	0.53972	12.09026	1.05844	1	0.73736	0.56599	13.31205	1.05844	1	-0.00622	-0.01026	0.66382	0.00412	1	0.06125	-0.01559	0.67290	0.00429	1	1.45898	0.81042	0	
1241640	8375.11328	3304550728679	0.49684	0.28106	8374.81152	0.30176	11040	1	0.52798	0.30073	1	0.46891	0.31931	1	0.49845	0.31002	1	0.47427	0.54059	12.59932	1.05042	1	0.73761	0.56579	13.31898	1.05042	1	-0.00622	-0.01026	0.66382	0.00390	1	0.06125	-0.01559	0.67290	0.00431	1	1.45898	0.81042	0	
1241641	8375.12012	3304550795569	0.49664	0.28133	8374.81152	0.30859	11040	1	0.51030	0.26596	1	0.46401	0.32179	1	0.48716	0.29387	1	0.47395	0.54030	12.02028	1.04241	1	0.73752	0.56566	12.91336	1.04241	1	-0.00622	-0.01026	0.66382	0.00395	1	0.06125	-0.01559	0.67290	0.00440	1	1.45898	0.81042	0	
1241642	8375.12695	3304550862659	0.49645	0.28173	8374.81152	0.31543	11040	1	0.51125	0.27300	1	0.46379	0.32854	1	0.48752	0.30077	1	0.47402	0.54030	12.05116	1.03439	1	0.73739	0.56544	13.10246	1.03439	1	-0.00622	-0.01026	0.66382	0.00391	1	0.06155	-0.01562	0.67617	0.00427	1	1.45898	0.81042	0	
1241643	8375.13379	3304550929650	0.49654	0.28372	8374.81152	0.32227	11040	1	0.51425	0.31628	1	0.47566	0.30887	1	0.49495	0.31257	1	0.47396	0.54038	12.12997	1.03439	1	0.73732	0.56562	13.02556	1.03439	1	-0.00622	-0.01026	0.66382	0.00397	1	0.06155	-0.01562	0.67617	0.00421	1	1.45898	0.81042	0	
1241644	8375.13965	3304550996317	0.49616	0.28537	8374.81152	0.32812	11040	1	0.50646	0.30081	1	0.46547	0.31019	1	0.48596	0.30550	1	0.47390	0.54030	11.91153	1.03439	1	0.73716	0.56564	13.22199	1.03439	1	-0.00622	-0.01026	0.66382	0.00402	1	0.06155	-0.01562	0.67617	0.00423	1	1.45898	0.81042	0	
1241645	8375.14648	3304551063023	0.49535	0.28697	8374.81152	0.33496	11040	1	0.50646	0.30081	0	0.46547	0.31019	1	0.46547	0.31019	1	0.47390	0.54030	11.91153	1.03439	0	0.73725	0.56550	13.17189	1.03439	1	-0.00622	-0.01026	0.66382	0.00402	1	0.06155	-0.01562	0.67617	0.00425	1	1.45898	0.81042	0	
1241646	8375.15332	3304551129604	0.49535	0.28697	8374.81152	0.34180	11040	1	0.50646	0.30081	0	0.46547	0.31019	0	0.46547	0.31019	0	0.47390	0.54030	11.91153	1.03439	0	0.73725	0.56550	13.17189	1.03439	0	-0.00622	-0.01026	0.66382	0.00402	1	0.06155	-0.01562	0.67617	0.00425	1	1.45898	0.81042	0	
1241647	8375.16016	3304551197732	0.49535	0.28697	8374.81152	0.34863	11040	1	0.50646	0.30081	0	0.46547	0.31019	0	0.46547	0.31019	0	0.47390	0.54030	11.91153	1.03439	0	0.73725	0.56550	13.17189	1.03439	0	-0.00622	-0.01026	0.66382	0.00402	1	0.06155	-0.01562	0.67617	0.00425	1	1.45898	0.81042	0	
1241648	8375.16699	3304551265321	0.49535	0.28697	8374.81152	0.35547	11040	1	0.50646	0.30081	0	0.46547	0.31019	0	0.46547	0.31019	0	0.47390	0.54030	11.91153	1.03439	0	0.73725	0.56550	13.17189	1.03439	0	-0.00622	-0.01026	0.66382	0.00402	1	0.06155	-0.01562	0.67617	0.00425	1	1.45898	0.81042	0	
1241649	8375.17383	3304551330621	0.49304	0.29376	8374.81152	0.35547	11040	0	0.50646	0.30081	0	0.46547	0.31019	0	0.46547	0.31019	0	0.47390	0.54030	11.91153	1.03439	0	0.73725	0.56550	13.17189	1.03439	0	-0.00622	-0.01026	0.66382	0.00402	1	0.06155	-0.01562	0.67617	0.00425	1	1.45898	0.81042	0	
1241650	8375.18066	3304551398065	0.49304	0.29376	8374.81152	0.35547	11040	0	0.50646	0.30081	0	0.46547	0.31019	0	0.46547	0.31019	0	0.47390	0.54030	11.91153	1.03439	0	0.73725	0.56550	13.17189	1.03439	0	-0.00622	-0.01026	0.66382	0.00402	1	0.06155	-0.01562	0.67617	0.00425	1	1.45898	0.81042	0	
1241651	8375.18750	3304551465529	0.49304	0.29376	8374.81152	0.35547	11040	0	0.50646	0.30081	0	0.46547	0.31019	0	0.46547	0.31019	0	0.47390	0.54030	11.91153	1.03439	0	0.73725	0.56550	13.17189	1.03439	0	-0.00622	-0.01026	0.66382	0.00402	1	0.06155	-0.01562	0.67617	0.00425	1	1.45898	0.81042	0	
1241652	8375.19336	3304551532210	0.00000	0.00000	8374.81152	0.35547	11040	0	0.50646	0.30081	0	0.46547	0.31019	0	0.46547	0.31019	0	0.47390	0.54030	11.91153	1.03439	0	0.73725	0.56550	13.17189	1.03439	0	-0.00622	-0.01026	0.66382	0.00402	1	0.06155	-0.01562	0.67617	0.00425	1	1.45898	0.81042	0	
1241653	8375.20020	3304551599401	0.00000	0.00000	8374.81152	0.35547	11040	0	0.50646	0.30081	0	0.46547	0.31019	0	0.46547	0.31019	0	0.47390	0.54030	11.91153	1.03439	0	0.73725	0.56550	13.17189	1.03439	0	-0.00622	-0.01026	0.66382	0.00402	1	0.06155	-0.01562	0.67617	0.00425	1	1.45898	0.81042	0	
1241654	8375.20703	3304551665438	0.00000	0.00000	8374.81152	0.35547	11040	0	0.50646	0.30081	0	0.46547	0.31019	0	0.46547	0.31019	0	0.47390	0.54030	11.91153	1.03439	0	0.73725	0.56550	13.17189	1.03439	0	-0.00622	-0.01026	0.66382	0.00402	1	0.06155	-0.01562	0.67617	0.00425	1	1.45898	0.81042	0	
1241655	8375.21387	3304551731030	0.49671	0.30687	8374.81152	0.35547	11040	0	0.50875	0.23709	1	0.48466	0.37664	1	0.49671	0.30687	1	0.47397	0.53905	12.08057	1.03439	1	0.73714	0.56549	13.07721	1.03439	1	-0.00622	-0.01026	0.66382	0.00396	1	0.06155	-0.01562	0.67617	0.00413	1	1.45898	0.81042	0	
1241656	8375.22070	3304551800117	0.49984	0.31557	8374.81152	0.35547	11040	0	0.52248	0.29815	1	0.48346	0.35039	1	0.50297	0.32427	1	0.47415	0.53975	12.64666	1.03439	1	0.73711	0.56580	13.11045	1.03439	1	-0.00622	-0.01026	0.66382	0.00397	1	0.06155	-0.01562	0.67617	0.00410	1	1.45898	0.81042	0	
1241657	8375.22656	3304551864948	0.50080	0.31623	8374.81152	0.35547	11040	0	0.52161	0.29132	1	0.48382	0.34379	1	0.50272	0.31755	1	0.47403	0.53977	12.15549	1.04241	1	0.73711	0.56547	13.11688	1.04241	1	-0.00646	-0.01057	0.68384	0.00407	1	0.06125	-0.01549	0.67290	0.00414	1	1.45898	0.81042	0	
1241658	8375.23340	3304551929289	0.50285	0.32025	8375.21387	0.01953	11041	1	0.52854	0.31340	1	0.48944	0.35120	1	0.50899	0.33230	1	0.47429	0.53945	12.56765	1.05042	1	0.73718	0.56524	13.57558	1.05042	1	-0.00646	-0.01057	0.68384	0.00398	1	0.06125	-0.01549	0.67290	0.00396	1	1.45898	0.81042	0	
1241659	8375.24023	3304551998151	0.50051	0.32544	8375.21387	0.02637	11041	1	0.52890	0.32250	1	0.45341	0.36990	1	0.49115	0.34620	1	0.47429	0.53993	13.23731	1.05844	1	0.73703	0.56569	13.91352	1.05844	1	-0.00646	-0.01057	0.68384	0.00368	1	0.06125	-0.01549	0.67290	0.00395	1	1.45898	0.81042	0	
1241660	8375.24707	3304552065844	0.49889	0.32783	8375.21387	0.03320	11041	1	0.52808	0.31601	1	0.45354	0.36361	1	0.49081	0.33981	1	0.47427	0.53970	13.24036	1.06646	1	0.73707	0.56578	13.35827	1.06646	1	-0.00646	-0.01046	0.68385	0.00363	1	0.06155	-0.01552	0.67617	0.00412	1	1.45898	0.81042	0	
1241661	8375.25391	3304552134851	0.49666	0.33199	8375.21387	0.04004	11041	1	0.52438	0.33157	1	0.44215	0.38224	1	0.48327	0.35691	1	0.47416	0.54006	13.32976	1.06646	1	0.73715	0.56585	13.34184	1.06646	1	-0.00646	-0.01046	0.68385	0.00372	1	0.06155	-0.01552	0.67617	0.00410	1	1.45898	0.81042	0	
1241662	8375.25977	3304552197362	0.49571	0.33555	8375.21387	0.04590	11041	1	0.53302	0.34617	1	0.44502	0.37474	1	0.48902	0.36046	1	0.47441	0.54025	13.52107	1.06646	1	0.73725	0.56564	13.38563	1.06646	1	-0.00646	-0.01046	0.68385	0.00370	1	0.06155	-0.01552	0.67617	0.00397	1	1.45898	0.81042	0	
1241663	8375.26758	3304552266306	0.49500	0.33901	8375.21387	0.05371	11041	1	0.53380	0.35243	1	0.44494	0.38094	1	0.48937	0.36669	1	0.47405	0.53983	12.45795	1.05844	1	0.73740	0.56554	14.02662	1.05844	1	-0.00622	-0.01006	0.66382	0.00381	1	0.06155	-0.01552	0.67617	0.00395	1	1.45898	0.81042	0	
1241664	8375.27441	3304552334450	0.49457	0.33831	8375.21387	0.06055	11041	1	0.52989	0.31169	1	0.45152	0.35240	1	0.49070	0.33204	1	0.47428	0.53977	12.65517	1.05042	1	0.73734	0.56531	13.37186	1.05042	1	-0.00622	-0.01006	0.66382	0.00383	1	0.06155	-0.01552	0.67617	0.00416	1	1.45898	0.81042	0	
1241665	8375.28027	3304552400504	0.49329	0.34019	8375.21387	0.06641	11041	1	0.51237	0.34568	1	0.44849	0.37238	1	0.48043	0.35903	1	0.47442	0.53999	12.72829	1.04241	1	0.73732	0.56528	13.33600	1.04241	1	-0.00622	-0.01006	0.66382	0.00387	1	0.06155	-0.01552	0.67617	0.00420	1	1.45898	0.81042	0	
1241666	8375.28711	3304552465842	0.49225	0.34230	8375.21387	0.07324	11041	1	0.51330	0.35210	1	0.44838	0.37874	1	0.48084	0.36542	1	0.47457	0.53972	13.00927	1.03439	1	0.73732	0.56518	13.33155	1.03439	1	-0.00622	-0.01006	0.66382	0.00385	1	0.06155	-0.01552	0.67617	0.00423	1	1.45898	0.81042	0	
1241667	8375.29395	3304552536791	0.49321	0.34411	8375.21387	0.08008	11041	1	0.53967	0.36067	1	0.46983	0.37117	1	0.50475	0.36592	1	0.47478	0.54016	13.18983	1.03439	1	0.73760	0.56536	14.06330	1.03439	1	-0.00622	-0.01006	0.66382	0.00387	1	0.06155	-0.01552	0.67617	0.00409	1	1.45898	0.81042	0	
1241668	8375.30078	3304552604450	0.49287	0.34410	8375.21387	0.08691	11041	1	0.51292	0.34646	1	0.46383	0.34149	1	0.48838	0.34397	1	0.47431	0.53983	12.56857	1.03439	1	0.73754	0.56512	13.83508	1.03439	1	-0.00622	-0.01006	0.66382	0.00387	1	0.06155	-0.01552	0.67617	0.00422	1	1.45898	0.81042	0	
1241669	8375.30762	3304552671200	0.49254	0.34366	8375.21387	0.09375	11041	1	0.51199	0.33999	1	0.46405	0.33483	1	0.48802	0.33741	1	0.47433	0.53965	12.72476	1.04241	1	0.73783	0.56487	13.67099	1.04241	1	-0.00640	-0.01042	0.68795	0.00393	1	0.06125	-0.01539	0.67290	0.00418	1	1.45898	0.81042	0	
1241670	8375.31445	3304552737847	0.49287	0.34288	8375.21387	0.10059	11041	1	0.52593	0.35282	1	0.46956	0.30974	1	0.49774	0.33128	1	0.47454	0.53989	12.87415	1.05042	1	0.73763	0.56477	13.95108	1.05042	1	-0.00640	-0.01042	0.68795	0.00381	1	0.06125	-0.01539	0.67290	0.00438	1	1.45898	0.81042	0	
1241671	8375.32129	3304552804501	0.49254	0.34127	8375.21387	0.10742	11041	1	0.51308	0.29034	1	0.46162	0.34064	1	0.48735	0.31549	1	0.47445	0.53942	12.53740	1.05844	1	0.73759	0.56532	14.00051	1.05844	1	-0.00640	-0.01042	0.68795	0.00398	1	0.06125	-0.01539	0.67290	0.00413	1	1.45898	0.81042	0	
1241672	8375.32812	3304552871894	0.49223	0.33964	8375.21387	0.11426	11041	1	0.51217	0.28360	1	0.46163	0.34035	1	0.48690	0.31197	1	0.47467	0.53952	12.96124	1.06646	1	0.73783	0.56431	13.77738	1.05880	1	-0.00640	-0.01042	0.68795	0.00394	1	0.05973	-0.01495	0.65567	0.00428	1	1.45898	0.81042	0	
1241673	8375.33398	3304552938951	0.49365	0.33835	8375.21387	0.12012	11041	1	0.53227	0.31784	1	0.50602	0.31225	1	0.51915	0.31505	1	0.47468	0.53992	13.72209	1.05880	1	0.73820	0.56464	12.98036	1.05114	1	-0.00640	-0.01042	0.68795	0.00384	1	0.05973	-0.01495	0.65567	0.00419	1	1.45898	0.81042	0	
1241674	8375.34082	3304553005668	0.49533	0.33643	8375.21387	0.12695	11041	1	0.55123	0.30821	1	0.50324	0.29174	1	0.52723	0.29997	1	0.47499	0.53973	13.66892	1.05114	1	0.73820	0.56457	12.97818	1.04348	1	-0.00640	-0.01042	0.68795	0.00395	1	0.05973	-0.01495	0.65567	0.00419	1	1.45898	0.81042	0	
1241675	8375.34766	3304553072614	0.49685	0.33500	8375.21387	0.13379	11041	1	0.55187	0.31455	1	0.50275	0.29844	1	0.52731	0.30649	1	0.47446	0.53915	12.75629	1.04348	1	0.73815	0.56408	13.00656	1.03582	1	-0.00640	-0.01042	0.68795	0.00424	1	0.06042	-0.01517	0.66318	0.00436	1	1.45898	0.81042	0	
1241676	8375.35449	3304553140441	0.49746	0.33345	8375.21387	0.14062	11041	1	0.52027	0.30295	1	0.50055	0.29863	1	0.51041	0.30079	1	0.47489	0.53912	12.13795	1.03582	1	0.73811	0.56439	13.30797	1.03582	1	-0.00640	-0.01042	0.68795	0.00411	1	0.06042	-0.01517	0.66318	0.00427	1	1.45898	0.81042	0	
1241677	8375.36133	3304553207010	0.49749	0.33248	8375.21387	0.14746	11041	1	0.51367	0.28935	1	0.48257	0.33279	1	0.49812	0.31107	1	0.47476	0.53900	12.10433	1.03582	1	0.73784	0.56490	13.56088	1.03582	1	-0.00640	-0.01042	0.68795	0.00415	1	0.06042	-0.01517	0.66318	0.00405	1	1.45898	0.81042	0	
1241678	8375.36816	3304553273873	0.49752	0.33158	8375.21387	0.15430	11041	1	0.51367	0.28935	1	0.48257	0.33279	1	0.49812	0.31107	1	0.47480	0.53878	11.80767	1.03582	1	0.73797	0.56474	13.10467	1.03582	1	-0.00634	-0.01050	0.69338	0.00416	1	0.06067	-0.01521	0.66486	0.00418	1	1.45898	0.81042	0	
1241679	8375.37500	3304553340299	0.49715	0.33117	8375.21387	0.16113	11041	1	0.51401	0.30043	1	0.46257	0.34218	1	0.48829	0.32130	1	0.47473	0.53920	11.91878	1.03582	1	0.73792	0.56513	13.36059	1.03582	1	-0.00634	-0.01050	0.69338	0.00401	1	0.06067	-0.01521	0.66486	0.00399	1	1.45898	0.81042	0	
1241680	8375.38086	3304553407345	0.49646	0.32890	8375.21387	0.16699	11041	1	0.50468	0.24033	1	0.45380	0.30391	1	0.47924	0.27212	1	0.47476	0.53862	11.75359	1.03582	1	0.73778	0.56481	13.66667	1.03582	1	-0.00634	-0.01050	0.69338	0.00425	1	0.06067	-0.01521	0.66486	0.00436	1	1.45898	0.81042	0	
1241681	8375.38770	3304553472879	0.49583	0.32668	8375.21387	0.17383	11041	1	0.50468	0.24033	1	0.45394	0.29729	1	0.47931	0.26881	1	0.47480	0.53890	11.92964	1.03582	1	0.73818	0.56471	12.96090	1.04348	1	-0.00634	-0.01050	0.69338	0.00422	1	0.06190	-0.01550	0.67777	0.00420	1	1.45898	0.81042	0	
1241682	8375.39453	3304553541806	0.49532	0.32584	8375.21387	0.18066	11041	1	0.51208	0.30988	1	0.45131	0.29688	1	0.48170	0.30338	1	0.47487	0.53960	12.06019	1.04348	1	0.73810	0.56465	13.02556	1.05114	1	-0.00634	-0.01050	0.69338	0.00402	1	0.06190	-0.01550	0.67777	0.00422	1	1.45898	0.81042	0	
1241683	8375.40137	3304553608775	0.49474	0.32580	8375.21387	0.18750	11041	1	0.51163	0.32790	1	0.44508	0.32112	1	0.47836	0.32451	1	0.47479	0.53970	12.20873	1.05114	1	0.73806	0.56497	13.23454	1.05880	1	-0.00634	-0.01050	0.69338	0.00396	1	0.06190	-0.01550	0.67777	0.00414	1	1.45898	0.81042	0	
1241684	8375.40820	3304553675489	0.49419	0.32577	8375.21387	0.19434	11041	1	0.51168	0.32819	1	0.44507	0.32142	1	0.47837	0.32480	1	0.47552	0.53946	12.92817	1.05078	1	0.73838	0.56526	14.10807	1.05844	1	-0.00593	-0.00990	0.65327	0.00409	1	0.06190	-0.01550	0.67777	0.00418	1	1.45898	0.81042	0	
1241685	8375.41504	3304553742852	0.49415	0.32538	8375.21387	0.20117	11041	1	0.51258	0.30531	1	0.47340	0.32231	1	0.49299	0.31381	1	0.47516	0.53947	13.01011	1.05042	1	0.73847	0.56506	14.17231	1.05042	1	-0.00593	-0.00990	0.65327	0.00386	1	0.06190	-0.01550	0.67777	0.00407	1	1.45898	0.81042	0	
1241686	8375.42188	3304553809623	0.49433	0.32229	8375.21387	0.20801	11041	1	0.50296	0.10765	1	0.49673	0.34539	1	0.49985	0.22652	1	0.47501	0.53722	12.70911	1.04241	1	0.73888	0.56512	13.31981	1.04241	1	-0.00593	-0.00990	0.65327	0.00255	1	0.06190	-0.01550	0.67777	0.00407	1	1.45898	0.81042	0	
1241687	8375.42773	3304553876816	0.49036	0.29232	8375.21387	0.20801	11041	0	0.50296	0.10765	1	0.49629	0.35169	1	0.49963	0.22967	1	0.47541	0.53926	13.09154	1.04241	1	0.73888	0.56514	13.33127	1.03475	1	-0.00617	-0.01038	0.68528	0.00396	1	0.06017	-0.01511	0.65831	0.00400	1	1.45898	0.81042	0	
1241688	8375.43457	3304553943692	0.49619	0.30881	8375.21387	0.20801	11041	0	0.50935	0.29324	1	0.49470	0.35734	1	0.50202	0.32529	1	0.47544	0.53914	12.70316	1.04277	1	0.73889	0.56522	13.06931	1.03511	1	-0.00617	-0.01038	0.68528	0.00403	1	0.06017	-0.01511	0.65831	0.00406	1	1.45898	0.81042	0	
1241689	8375.44141	3304554008615	0.49193	0.30866	8375.21387	0.20801	11041	0	0.49308	0.28860	1	0.47374	0.32816	1	0.48341	0.30838	1	0.47522	0.53931	13.23300	1.04312	1	0.73891	0.56479	13.01567	1.03546	1	-0.00617	-0.01038	0.68528	0.00407	1	0.06017	-0.01511	0.65831	0.00404	1	1.45898	0.81042	0	
1241690	8375.44824	3304554077744	0.48983	0.30771	8375.42773	0.02051	11042	1	0.49303	0.28830	1	0.47404	0.32140	1	0.48353	0.30485	1	0.47560	0.53869	11.80788	1.04348	1	0.73870	0.56517	13.56217	1.04348	1	-0.00605	-0.01036	0.68372	0.00422	1	0.06248	-0.01565	0.68191	0.00401	1	1.45898	0.81042	0	
1241691	8375.45508	3304554144907	0.48674	0.30757	8375.42773	0.02734	11042	1	0.50938	0.23724	1	0.43940	0.37680	1	0.47439	0.30702	1	0.47559	0.53883	11.99648	1.04348	1	0.73874	0.56546	13.83364	1.05114	1	-0.00605	-0.01036	0.68372	0.00418	1	0.06248	-0.01565	0.68191	0.00403	1	1.45898	0.81042	0	
1241692	8375.46191	3304554211311	0.48292	0.30665	8375.42773	0.03418	11042	1	0.48078	0.28600	1	0.44680	0.31802	1	0.46379	0.30201	1	0.47552	0.53922	12.25424	1.05114	1	0.73883	0.56501	13.21222	1.05880	1	-0.00605	-0.01036	0.68372	0.00396	1	0.06248	-0.01565	0.68191	0.00434	1	1.45898	0.81042	0	
1241693	8375.46875	3304554278810	0.48019	0.30603	8375.42773	0.04102	11042	1	0.48083	0.28630	1	0.44680	0.31832	1	0.46381	0.30231	1	0.47616	0.53908	12.88721	1.05078	1	0.73920	0.56558	14.23448	1.05844	1	-0.00576	-0.00995	0.65709	0.00400	1	0.06248	-0.01565	0.68191	0.00403	1	1.45898	0.81042	0	
1241694	8375.47461	3304554345717	0.48179	0.30882	8375.42773	0.04688	11042	1	0.51598	0.26311	1	0.46995	0.39356	1	0.49296	0.32833	1	0.47607	0.53846	12.80455	1.05042	1	0.73916	0.56573	14.30164	1.05042	1	-0.00576	-0.00995	0.65709	0.00420	1	0.06248	-0.01565	0.68191	0.00407	1	1.45898	0.81042	0	
1241695	8375.48145	3304554412567	0.48313	0.31485	8375.42773	0.05371	11042	1	0.52069	0.33311	1	0.46705	0.39308	1	0.49387	0.36310	1	0.47610	0.53911	12.94000	1.04241	1	0.73919	0.56561	14.05461	1.04241	1	-0.00576	-0.00995	0.65709	0.00398	1	0.06248	-0.01565	0.68191	0.00402	1	1.45898	0.81042	0	
1241696	8375.48828	3304554478934	0.48420	0.31967	8375.42773	0.06055	11042	1	0.52069	0.33311	1	0.46705	0.39308	1	0.49387	0.36310	1	0.47629	0.53833	11.79330	1.04241	1	0.73939	0.56533	13.54244	1.04241	1	-0.00581	-0.01031	0.68021	0.00426	1	0.06304	-0.01576	0.68689	0.00391	1	1.45898	0.81042	0	
1241697	8375.49512	3304554546398	0.48434	0.31761	8375.42773	0.06738	11042	1	0.50164	0.22633	1	0.46974	0.36759	1	0.48569	0.29696	1	0.47621	0.53853	11.95523	1.05042	1	0.73922	0.56541	13.29781	1.05042	1	-0.00581	-0.01031	0.68021	0.00421	1	0.06304	-0.01576	0.68689	0.00422	1	1.45898	0.81042	0	
1241698	8375.50195	3304554613369	0.48486	0.31751	8375.42773	0.07422	11042	1	0.51021	0.27410	1	0.47107	0.35868	1	0.49064	0.31639	1	0.47635	0.53885	11.81554	1.05844	1	0.73920	0.56547	13.25434	1.05844	1	-0.00581	-0.01031	0.68021	0.00427	1	0.06304	-0.01576	0.68689	0.00422	1	1.45898	0.81042	0	
1241699	8375.50879	3304554679845	0.48528	0.31691	8375.42773	0.08105	11042	1	0.50928	0.26723	1	0.47134	0.35230	1	0.49031	0.30976	1	0.47649	0.53901	12.16188	1.06646	1	0.73926	0.56587	13.06960	1.06646	1	-0.00581	-0.01031	0.68021	0.00417	1	0.06277	-0.01567	0.68285	0.00418	1	1.45898	0.81042	0	
1241700	8375.51562	3304554747785	0.48651	0.31861	8375.42773	0.08789	11042	1	0.54178	0.28497	1	0.46331	0.39639	1	0.50254	0.34068	1	0.47693	0.53939	12.87717	1.06646	1	0.73990	0.56592	14.04150	1.06646	1	-0.00581	-0.01031	0.68021	0.00416	1	0.06277	-0.01567	0.68285	0.00408	1	1.45898	0.81042	0	
1241701	8375.52148	3304554814561	0.48731	0.31801	8375.42773	0.09375	11042	1	0.52727	0.31648	1	0.46967	0.30286	1	0.49847	0.30967	1	0.47659	0.53974	12.27473	1.06646	1	0.73997	0.56588	13.77537	1.06646	1	-0.00581	-0.01031	0.68021	0.00394	1	0.06277	-0.01567	0.68285	0.00418	1	1.45898	0.81042	0	
1241702	8375.52832	3304554881316	0.48801	0.31749	8375.42773	0.10059	11042	1	0.52727	0.31648	1	0.46967	0.30286	1	0.49847	0.30967	1	0.47694	0.53913	13.13472	1.06646	1	0.73997	0.56564	13.72030	1.06646	1	-0.00566	-0.01022	0.67443	0.00398	1	0.06277	-0.01577	0.68285	0.00428	1	1.45898	0.81042	0	
1241703	8375.53516	3304554949124	0.48826	0.31707	8375.42773	0.10742	11042	1	0.51921	0.27425	1	0.46538	0.34636	1	0.49230	0.31031	1	0.47691	0.53911	13.07331	1.06646	1	0.73986	0.56629	14.56775	1.06646	1	-0.00566	-0.01022	0.67443	0.00398	1	0.06277	-0.01577	0.68285	0.00405	1	1.45898	0.81042	0	
1241704	8375.54199	3304555015228	0.48889	0.31557	8375.42773	0.11426	11042	1	0.52985	0.28407	1	0.46935	0.29625	1	0.49960	0.29016	1	0.47700	0.53938	13.08541	1.06646	1	0.73994	0.56599	13.87097	1.06646	1	-0.00566	-0.01022	0.67443	0.00395	1	0.06277	-0.01577	0.68285	0.00407	1	1.45898	0.81042	0	
1241705	8375.54883	3304555082173	0.48945	0.31441	8375.42773	0.12109	11042	1	0.52985	0.28407	1	0.46911	0.30275	1	0.49948	0.29341	1	0.47685	0.53886	12.63656	1.06646	1	0.73986	0.56606	13.80883	1.05880	1	-0.00566	-0.01022	0.67443	0.00411	1	0.06067	-0.01523	0.65948	0.00406	1	1.45898	0.81042	0	
1241706	8375.55566	3304555149358	0.48970	0.31424	8375.42773	0.12793	11042	1	0.51824	0.28473	1	0.47059	0.33759	1	0.49442	0.31116	1	0.47682	0.53919	12.82819	1.05880	1	0.74004	0.56618	13.94542	1.05114	1	-0.00566	-0.01022	0.67443	0.00402	1	0.06067	-0.01523	0.65948	0.00389	1	1.45898	0.81042	0	
1241707	8375.56250	3304555216479	0.49018	0.31408	8375.42773	0.13477	11042	1	0.51167	0.28776	1	0.48797	0.33362	1	0.49982	0.31069	1	0.47676	0.53930	13.08723	1.05114	1	0.74025	0.56612	13.76814	1.04348	1	-0.00566	-0.01022	0.67443	0.00401	1	0.06067	-0.01523	0.65948	0.00397	1	1.45898	0.81042	0	
1241708	8375.56836	3304555283428	0.49063	0.31421	8375.42773	0.14062	11042	1	0.51256	0.29426	1	0.48759	0.34000	1	0.50007	0.31713	1	0.47714	0.53917	12.42895	1.04348	1	0.74051	0.56615	13.48411	1.03582	1	-0.00563	-0.01034	0.68232	0.00408	1	0.06067	-0.01523	0.65948	0.00396	1	1.45898	0.81042	0	
1241709	8375.57520	3304555350628	0.49161	0.31365	8375.42773	0.14746	11042	1	0.52822	0.27266	1	0.49825	0.32973	1	0.51324	0.30120	1	0.47699	0.53869	11.83769	1.03582	1	0.74044	0.56594	13.63614	1.03582	1	-0.00563	-0.01034	0.68232	0.00421	1	0.06067	-0.01523	0.65948	0.00400	1	1.45898	0.81042	0	
1241710	8375.58203	3304555417872	0.49224	0.31305	8375.42773	0.15430	11042	1	0.51959	0.29620	1	0.49383	0.30229	1	0.50671	0.29925	1	0.47716	0.53923	12.37596	1.03582	1	0.74036	0.56529	13.73120	1.03582	1	-0.00563	-0.01034	0.68232	0.00409	1	0.06067	-0.01523	0.65948	0.00421	1	1.45898	0.81042	0	
1241711	8375.58887	3304555484131	0.49283	0.31236	8375.42773	0.16113	11042	1	0.51959	0.29620	1	0.49425	0.29563	1	0.50692	0.29592	1	0.47732	0.53986	12.97755	1.03582	1	0.74029	0.56560	14.05604	1.04348	1	-0.00563	-0.01034	0.68232	0.00385	1	0.06301	-0.01586	0.68432	0.00408	1	1.45898	0.81042	0	
1241712	8375.59570	3304555551250	0.49254	0.31298	8375.42773	0.16797	11042	1	0.52557	0.33746	1	0.44494	0.31928	1	0.48525	0.32837	1	0.47738	0.53980	12.79846	1.04348	1	0.73990	0.56574	13.89717	1.05114	1	-0.00563	-0.01034	0.68232	0.00387	1	0.06301	-0.01586	0.68432	0.00446	1	1.45898	0.81042	0	
1241713	8375.60254	3304555618633	0.49261	0.31339	8375.42773	0.17480	11042	1	0.52724	0.33557	1	0.46197	0.31284	1	0.49461	0.32421	1	0.47738	0.53980	12.79846	1.05114	1	0.74024	0.56597	13.91288	1.05880	1	-0.00563	-0.01034	0.68232	0.00386	1	0.06301	-0.01586	0.68432	0.00394	1	1.45898	0.81042	0	
1241714	8375.60938	3304555685244	0.49267	0.31356	8375.42773	0.18164	11042	1	0.52645	0.32942	1	0.46217	0.30642	1	0.49431	0.31792	1	0.47717	0.53968	12.10427	1.05880	1	0.74049	0.56542	13.21544	1.06646	1	-0.00563	-0.01034	0.68232	0.00393	1	0.06224	-0.01569	0.67487	0.00407	1	1.45898	0.81042	0	
1241715	8375.61621	3304555752696	0.49304	0.31358	8375.42773	0.18848	11042	1	0.53460	0.32069	1	0.47219	0.30764	1	0.50339	0.31416	1	0.47747	0.54001	13.26321	1.06646	1	0.74042	0.56589	13.73250	1.06646	1	-0.00563	-0.01034	0.68232	0.00386	1	0.06224	-0.01569	0.67487	0.00393	1	1.45898	0.81042	0	
1241716	8375.62207	3304555818320	0.49323	0.31362	8375.42773	0.19434	11042	1	0.53301	0.31223	1	0.46411	0.31735	1	0.49856	0.31479	1	0.47746	0.53993	13.30389	1.06646	1	0.74024	0.56592	13.79178	1.06646	1	-0.00563	-0.01034	0.68232	0.00382	1	0.06224	-0.01569	0.67487	0.00419	1	1.45898	0.81042	0	
1241717	8375.62891	3304555883212	0.49340	0.31366	8375.42773	0.20117	11042	1	0.53301	0.31223	1	0.46411	0.31735	1	0.49856	0.31479	1	0.47731	0.53971	12.82466	1.06646	1	0.74044	0.56596	14.28356	1.06646	1	-0.00561	-0.01041	0.68055	0.00386	1	0.06224	-0.01569	0.67487	0.00410	1	1.45898	0.81042	0	
1241718	8375.63477	3304555946064	0.49397	0.31309	8375.42773	0.20703	11042	1	0.53835	0.29838	1	0.48483	0.29299	1	0.51159	0.29569	1	0.47760	0.53937	13.21239	1.06646	1	0.74060	0.56563	13.11452	1.06646	1	-0.00561	-0.01041	0.68055	0.00381	1	0.06224	-0.01569	0.67487	0.00419	1	1.45898	0.81042	0	
1241719	8375.64258	3304556016787	0.49365	0.31287	8375.42773	0.21484	11042	1	0.50541	0.31233	1	0.46171	0.29916	1	0.48356	0.30575	1	0.47713	0.53946	12.42706	1.06646	1	0.74015	0.56556	13.51691	1.06646	1	-0.00561	-0.01041	0.68055	0.00385	1	0.06224	-0.01569	0.67487	0.00420	1	1.45898	0.81042	0	
1241720	8375.64844	3304556082539	0.49336	0.31266	8375.42773	0.22070	11042	1	0.50541	0.31233	1	0.46171	0.29916	1	0.48356	0.30575	1	0.47687	0.53973	12.88966	1.06646	1	0.74004	0.56665	14.41930	1.06646	1	-0.00566	-0.01042	0.67443	0.00404	1	0.06316	-0.01602	0.68702	0.00373	1	1.45898	0.81042	0	
1241721	8375.65625	3304556153379	0.49250	0.31035	8375.42773	0.22852	11042	1	0.47680	0.14744	1	0.44976	0.31614	1	0.46328	0.23179	1	0.47564	0.53871	12.63917	1.06646	1	0.73893	0.56707	13.72420	1.06646	1	-0.00566	-0.01042	0.67443	0.00273	1	0.06316	-0.01602	0.68702	0.00421	1	1.45898	0.81042	0	
1241722	8375.66211	3304556218432	0.49388	0.30654	8375.42773	0.23438	11042	1	0.50519	0.08447	1	0.57937	0.26195	1	0.54228	0.17321	1	0.47535	0.53858	11.96306	1.06646	1	0.73935	0.56633	13.51605	1.06646	1	-0.00566	-0.01042	0.67443	0.00279	1	0.06316	-0.01602	0.68702	0.00401	1	1.45898	0.81042	0	
1241723	8375.66895	3304556286274	0.49517	0.30303	8375.42773	0.24121	11042	1	0.50519	0.08447	1	0.57836	0.26877	1	0.54178	0.17662	1	0.47131	0.54228	12.72237	1.06646	1	0.73448	0.56826	14.24388	1.05880	1	-0.00644	-0.01073	0.68135	0.00405	1	0.05938	-0.01550	0.65398	0.00381	1	1.45898	0.81042	0	
1241724	8375.67578	3304556350670	0.49055	0.30389	8375.42773	0.24805	11042	1	0.29527	0.29040	1	0.34367	0.38080	1	0.31947	0.33560	1	0.47013	0.54108	11.95536	1.05880	1	0.73366	0.56866	13.92657	1.05114	1	-0.00644	-0.01073	0.68135	0.00258	1	0.05938	-0.01550	0.65398	0.00374	1	1.45898	0.81042	0	
1241725	8375.68262	3304556419978	0.48666	0.30442	8375.42773	0.25488	11042	1	0.32236	0.24611	1	0.35530	0.40301	1	0.33883	0.32456	1	0.46979	0.54112	12.08879	1.05114	1	0.73337	0.56876	14.03151	1.04348	1	-0.00644	-0.01073	0.68135	0.00266	1	0.05938	-0.01550	0.65398	0.00366	1	1.45898	0.81042	0	
1241726	8375.68945	3304556488129	0.46051	0.28561	8375.42773	0.25488	11042	0	0.32656	0.26023	1	0.35589	0.40908	1	0.34123	0.33466	1	0.46848	0.54179	12.33413	1.03546	1	0.73196	0.56948	14.01489	1.03546	1	-0.00645	-0.01049	0.65649	0.00262	1	0.06078	-0.01603	0.67441	0.00389	1	1.45898	0.81042	0	
1241727	8375.69629	3304556553266	0.36551	0.34409	8375.42773	0.25488	11042	0	0.27086	0.33593	1	0.27017	0.46919	1	0.27052	0.40256	1	0.46852	0.54181	12.13618	1.02745	1	0.73206	0.56963	14.15529	1.03511	1	-0.00645	-0.01049	0.65649	0.00267	1	0.06078	-0.01603	0.67441	0.00388	1	1.45898	0.81042	0	
1241728	8375.70312	3304556623021	0.32887	0.36641	8375.42773	0.25488	11042	0	0.25210	0.35711	1	0.25911	0.46503	1	0.25560	0.41107	1	0.46840	0.54190	12.04935	1.02709	1	0.73197	0.56955	13.95242	1.03475	1	-0.00645	-0.01049	0.65649	0.00267	1	0.06078	-0.01603	0.67441	0.00391	1	1.45898	0.81042	0	
1241729	8375.70898	3304556689251	0.26060	0.40832	8375.42773	0.25488	11042	0	0.25222	0.35740	1	0.25917	0.46527	1	0.25569	0.41134	1	0.46809	0.54205	12.44729	1.02673	1	0.73212	0.56954	14.02136	1.03439	1	-0.00645	-0.01049	0.65649	0.00261	1	0.06078	-0.01608	0.67441	0.00388	1	1.45898	0.81042	0	
1241730	8375.71582	3304556757393	0.25592	0.39933	8375.42773	0.25488	11042	0	0.22243	0.34239	1	0.28007	0.43827	1	0.25125	0.39033	1	0.46794	0.54196	12.00334	1.03439	1	0.73214	0.56940	13.88494	1.03439	1	-0.00645	-0.01049	0.65649	0.00270	1	0.06078	-0.01608	0.67441	0.00391	1	1.45898	0.81042	0	
1241731	8375.72266	3304556824043	0.25724	0.39832	8375.42773	0.25488	11042	0	0.25106	0.34976	1	0.26870	0.44283	1	0.25988	0.39629	1	0.46800	0.54201	12.26192	1.03439	1	0.73204	0.56924	13.84165	1.03439	1	-0.00645	-0.01049	0.65649	0.00268	1	0.06078	-0.01608	0.67441	0.00389	1	1.45898	0.81042	0	
1241732	8375.72949	3304556889805	0.25790	0.39781	8375.70898	0.02051	11043	1	0.25106	0.34976	1	0.26870	0.44283	1	0.25988	0.39629	1	0.46796	0.54202	11.98097	1.03439	1	0.73147	0.56950	13.77521	1.03439	1	-0.00654	-0.01048	0.65581	0.00264	1	0.06078	-0.01608	0.67441	0.00397	1	1.45898	0.81042	0	
1241733	8375.73633	3304556957690	0.25573	0.39933	8375.70898	0.02734	11043	1	0.23802	0.34020	1	0.25605	0.47058	1	0.24704	0.40539	1	0.46787	0.54196	11.96692	1.03439	1	0.73148	0.56959	13.90975	1.03439	1	-0.00654	-0.01048	0.65581	0.00258	1	0.06078	-0.01608	0.67441	0.00373	1	1.45898	0.81042	0	
1241734	8375.74316	3304557024744	0.25426	0.39852	8375.70898	0.03418	11043	1	0.24280	0.33815	1	0.25105	0.45088	1	0.24693	0.39451	1	0.46790	0.54201	12.11180	1.03439	1	0.73134	0.56930	13.75264	1.03439	1	-0.00654	-0.01048	0.65581	0.00257	1	0.06078	-0.01608	0.67441	0.00397	1	1.45898	0.81042	0	
1241735	8375.75000	3304557091485	0.25321	0.39795	8375.70898	0.04102	11043	1	0.24280	0.33815	1	0.25105	0.45088	1	0.24693	0.39451	1	0.46783	0.54190	11.78749	1.03439	1	0.73114	0.56914	13.77881	1.03439	1	-0.00654	-0.01048	0.65581	0.00266	1	0.06078	-0.01608	0.67441	0.00388	1	1.45898	0.81042	0	
1241736	8375.75586	3304557158015	0.25204	0.39843	8375.70898	0.04688	11043	1	0.23959	0.35478	1	0.24804	0.44878	1	0.24382	0.40178	1	0.46783	0.54197	12.16634	1.03439	1	0.73123	0.56940	13.94481	1.03439	1	-0.00654	-0.01048	0.65581	0.00266	1	0.06078	-0.01608	0.67441	0.00389	1	1.45898	0.81042	0	
1241737	8375.76270	3304557225396	0.25368	0.39785	8375.70898	0.05371	11043	1	0.26057	0.35303	1	0.27306	0.43341	1	0.26682	0.39322	1	0.46778	0.54199	12.07375	1.03439	1	0.73138	0.56925	13.58372	1.03439	1	-0.00654	-0.01048	0.65581	0.00266	1	0.06078	-0.01608	0.67441	0.00374	1	1.45898	0.81042	0	
1241738	8375.76953	3304557291822	0.25499	0.39739	8375.70898	0.06055	11043	1	0.26057	0.35303	1	0.27306	0.43341	1	0.26682	0.39322	1	0.46742	0.54221	11.91766	1.03439	1	0.73123	0.56942	14.04380	1.03439	1	-0.00662	-0.01045	0.65395	0.00261	1	0.06078	-0.01608	0.67441	0.00369	1	1.45898	0.81042	0	
1241739	8375.77637	3304557359913	0.25556	0.40034	8375.70898	0.06738	11043	1	0.25964	0.36033	1	0.26273	0.49938	1	0.26118	0.42985	1	0.46734	0.54206	12.62337	1.03439	1	0.73114	0.56986	14.06250	1.03439	1	-0.00662	-0.01045	0.65395	0.00260	1	0.06078	-0.01608	0.67441	0.00374	1	1.45898	0.81042	0	
1241740	8375.78320	3304557426791	0.25537	0.40219	8375.70898	0.07422	11043	1	0.24779	0.36444	1	0.25887	0.48062	1	0.25333	0.42253	1	0.46714	0.54212	11.64325	1.03439	1	0.73119	0.56977	13.92262	1.03439	1	-0.00662	-0.01045	0.65395	0.00271	1	0.06078	-0.01608	0.67441	0.00373	1	1.45898	0.81042	0	
1241741	8375.79004	3304557493495	0.25521	0.40375	8375.70898	0.08105	11043	1	0.24779	0.36444	1	0.25887	0.48062	1	0.25333	0.42253	1	0.46708	0.54218	11.73181	1.03439	1	0.73118	0.56952	13.91350	1.03439	1	-0.00677	-0.01058	0.65935	0.00275	1	0.05910	-0.01564	0.65795	0.00385	1	1.45898	0.81042	0	
1241742	8375.79688	3304557560720	0.25546	0.40304	8375.70898	0.08789	11043	1	0.25813	0.33765	1	0.25917	0.44974	1	0.25865	0.39370	1	0.46724	0.54197	12.18824	1.03439	1	0.73103	0.56933	13.75722	1.03439	1	-0.00677	-0.01058	0.65935	0.00259	1	0.05910	-0.01564	0.65795	0.00391	1	1.45898	0.81042	0	
1241743	8375.80371	3304557627679	0.25568	0.40246	8375.70898	0.09473	11043	1	0.25802	0.36198	1	0.25942	0.42668	1	0.25872	0.39433	1	0.46720	0.54205	12.09293	1.03439	1	0.73109	0.56918	13.63807	1.03439	1	-0.00677	-0.01058	0.65935	0.00263	1	0.05910	-0.01564	0.65795	0.00398	1	1.45898	0.81042	0	
1241744	8375.80957	3304557694689	0.25587	0.40195	8375.70898	0.10059	11043	1	0.25802	0.36198	1	0.25942	0.42668	1	0.25872	0.39433	1	0.46685	0.54196	11.58774	1.03439	1	0.73038	0.56860	13.63787	1.03439	1	-0.00679	-0.01040	0.65127	0.00266	1	0.05910	-0.01559	0.65795	0.00416	1	1.45898	0.81042	0	
1241745	8375.81641	3304557761755	0.25580	0.40118	8375.70898	0.10742	11043	1	0.24769	0.34820	1	0.26182	0.42976	1	0.25476	0.38898	1	0.46674	0.54203	11.76518	1.03439	1	0.73042	0.56912	13.55709	1.03439	1	-0.00679	-0.01040	0.65127	0.00265	1	0.05910	-0.01559	0.65795	0.00368	1	1.45898	0.81042	0	
1241746	8375.82324	3304557828685	0.25640	0.40122	8375.70898	0.11426	11043	1	0.26139	0.33699	1	0.27185	0.46664	1	0.26662	0.40182	1	0.46668	0.54202	11.63585	1.03439	1	0.73056	0.56914	13.92053	1.03439	1	-0.00679	-0.01040	0.65127	0.00258	1	0.05910	-0.01559	0.65795	0.00369	1	1.45898	0.81042	0	
1241747	8375.83008	3304557895655	0.25691	0.40109	8375.70898	0.12109	11043	1	0.26139	0.33699	1	0.27053	0.46059	1	0.26596	0.39879	1	0.46637	0.54198	11.40939	1.03439	1	0.73026	0.56948	13.89526	1.04307	1	-0.00707	-0.01068	0.66850	0.00275	1	0.06352	-0.01675	0.70885	0.00370	1	1.45898	0.81042	0	
1241748	8375.83691	3304557962603	0.25669	0.40275	8375.70898	0.12793	11043	1	0.24306	0.33743	1	0.26211	0.53089	1	0.25259	0.43416	1	0.46642	0.54200	12.26187	1.04307	1	0.73044	0.56932	13.93363	1.05175	1	-0.00707	-0.01068	0.66850	0.00259	1	0.06352	-0.01675	0.70885	0.00371	1	1.45898	0.81042	0	
1241749	8375.84375	3304558029621	0.25694	0.40419	8375.70898	0.13477	11043	1	0.24101	0.35805	1	0.28289	0.50805	1	0.26195	0.43305	1	0.46632	0.54220	12.03737	1.05175	1	0.73041	0.56939	13.94081	1.06043	1	-0.00707	-0.01068	0.66850	0.00258	1	0.06352	-0.01675	0.70885	0.00369	1	1.45898	0.81042	0	
1241750	8375.85059	3304558096698	0.25710	0.40534	8375.70898	0.14160	11043	1	0.23808	0.35113	1	0.28289	0.50805	1	0.26048	0.42959	1	0.46582	0.54197	11.36319	1.06043	1	0.72969	0.56857	13.83472	1.06043	1	-0.00700	-0.01043	0.65260	0.00263	1	0.06042	-0.01594	0.67489	0.00356	1	1.45898	0.81042	0	
1241751	8375.85645	3304558163571	0.25687	0.40436	8375.70898	0.14746	11043	1	0.23718	0.33732	1	0.26637	0.42833	1	0.25177	0.38282	1	0.46583	0.54199	11.69254	1.06043	1	0.72962	0.56825	13.69219	1.05175	1	-0.00700	-0.01043	0.65260	0.00260	1	0.06042	-0.01594	0.67489	0.00374	1	1.45898	0.81042	0	
1241752	8375.86328	3304558230167	0.25703	0.40451	8375.70898	0.15430	11043	1	0.25268	0.33943	1	0.26866	0.47639	1	0.26067	0.40791	1	0.46574	0.54203	11.68173	1.05175	1	0.72973	0.56886	13.99014	1.04307	1	-0.00700	-0.01043	0.65260	0.00264	1	0.06042	-0.01594	0.67489	0.00360	1	1.45898	0.81042	0	
1241753	8375.87012	3304558298298	0.25726	0.40491	8375.70898	0.16113	11043	1	0.25553	0.34650	1	0.27000	0.48230	1	0.26276	0.41440	1	0.46557	0.54179	11.75293	1.04307	1	0.72985	0.56871	13.59059	1.03439	1	-0.00722	-0.01060	0.66384	0.00260	1	0.06045	-0.01595	0.67749	0.00376	1	1.45898	0.81042	0	
1241754	8375.87695	3304558364657	0.25738	0.40562	8375.70898	0.16797	11043	1	0.24208	0.34013	1	0.27852	0.50668	1	0.26030	0.42341	1	0.46556	0.54188	11.92260	1.03439	1	0.72953	0.56893	14.28370	1.03439	1	-0.00722	-0.01060	0.66384	0.00260	1	0.06045	-0.01595	0.67749	0.00371	1	1.45898	0.81042	0	
1241755	8375.88379	3304558431533	0.25814	0.40575	8375.70898	0.17480	11043	1	0.26541	0.33863	1	0.29039	0.47995	1	0.27790	0.40929	1	0.46554	0.54186	12.02036	1.03439	1	0.72960	0.56862	13.22295	1.03439	1	-0.00722	-0.01060	0.66384	0.00258	1	0.06045	-0.01595	0.67749	0.00398	1	1.45898	0.81042	0	
1241756	8375.89062	3304558498716	0.25878	0.40566	8375.70898	0.18164	11043	1	0.26283	0.33199	1	0.28931	0.47446	1	0.27607	0.40322	1	0.46511	0.54196	11.55150	1.04241	1	0.72888	0.56834	13.74561	1.04241	1	-0.00745	-0.01072	0.67107	0.00264	1	0.06045	-0.01595	0.67749	0.00372	1	1.45898	0.81042	0	
1241757	8375.89746	3304558565597	0.25876	0.40502	8375.70898	0.18848	11043	1	0.24987	0.32875	1	0.26700	0.44505	1	0.25844	0.38690	1	0.46490	0.54193	12.01126	1.05042	1	0.72889	0.56848	13.94812	1.05042	1	-0.00745	-0.01072	0.67107	0.00262	1	0.06045	-0.01595	0.67749	0.00367	1	1.45898	0.81042	0	
1241758	8375.90332	3304558632410	0.25860	0.40440	8375.70898	0.19434	11043	1	0.23476	0.32763	1	0.27278	0.44555	1	0.25377	0.38659	1	0.46477	0.54195	12.09461	1.05844	1	0.72897	0.56857	13.95847	1.05844	1	-0.00745	-0.01072	0.67107	0.00265	1	0.06045	-0.01595	0.67749	0.00367	1	1.45898	0.81042	0	
1241759	8375.91016	3304558699197	0.25846	0.40391	8375.70898	0.20117	11043	1	0.23476	0.32763	1	0.27392	0.45091	1	0.25434	0.38927	1	0.46477	0.54180	11.74692	1.05844	1	0.72899	0.56840	13.82694	1.05078	1	-0.00779	-0.01113	0.69691	0.00261	1	0.06533	-0.01723	0.73393	0.00390	1	1.45898	0.81042	0	
1241760	8375.91699	3304558764859	0.25812	0.40324	8375.70898	0.20801	11043	1	0.23640	0.31790	1	0.25862	0.44704	1	0.24751	0.38247	1	0.46471	0.54179	11.84317	1.04277	1	0.72877	0.56839	13.82273	1.03511	1	-0.00779	-0.01113	0.69691	0.00261	1	0.06533	-0.01723	0.73393	0.00382	1	1.45898	0.81042	0	
1241761	8375.92383	3304558833488	0.25845	0.40340	8375.70898	0.21484	11043	1	0.26625	0.33894	1	0.27184	0.47805	1	0.26905	0.40850	1	0.46475	0.54190	11.74174	1.02709	1	0.72885	0.56859	13.96425	1.01943	1	-0.00779	-0.01113	0.69691	0.00260	1	0.06533	-0.01723	0.73393	0.00374	1	1.45898	0.81042	0	
1241762	8375.93066	3304558900331	0.25880	0.40365	8375.70898	0.22168	11043	1	0.26874	0.34533	1	0.27184	0.47805	1	0.27029	0.41169	1	0.46439	0.54177	11.45486	1.01943	1	0.72861	0.56829	13.35665	1.01943	1	-0.00783	-0.01097	0.68674	0.00254	1	0.06070	-0.01602	0.68260	0.00382	1	1.45898	0.81042	0	
1241763	8375.93750	3304558967218	0.25901	0.40296	8375.70898	0.22852	11043	1	0.24773	0.32655	1	0.28496	0.43232	1	0.26635	0.37944	1	0.46438	0.54166	11.73693	1.02745	1	0.72840	0.56822	13.69071	1.03511	1	-0.00783	-0.01097	0.68674	0.00253	1	0.06070	-0.01602	0.68260	0.00369	1	1.45898	0.81042	0	
1241764	8375.94434	3304559035125	0.25909	0.40209	8375.70898	0.23535	11043	1	0.25273	0.32608	1	0.27089	0.41758	1	0.26181	0.37183	1	0.46425	0.54170	11.88470	1.04312	1	0.72824	0.56818	13.90251	1.05078	1	-0.00783	-0.01097	0.68674	0.00253	1	0.06070	-0.01602	0.68260	0.00360	1	1.45898	0.81042	0	
1241765	8375.95020	3304559101378	0.25913	0.40119	8375.70898	0.24121	11043	1	0.25020	0.31969	1	0.27089	0.41758	1	0.26054	0.36863	1	0.46395	0.54171	11.81756	1.05078	1	0.72789	0.56870	13.96455	1.05078	1	-0.00754	-0.01050	0.65733	0.00253	1	0.05893	-0.01547	0.66323	0.00367	1	1.45898	0.81042	0	
1241766	8375.95703	3304559168442	0.25898	0.40198	8375.70898	0.24805	11043	1	0.24661	0.36084	1	0.26001	0.50191	1	0.25331	0.43137	1	0.46408	0.54174	11.69474	1.04277	1	0.72803	0.56850	13.50887	1.03511	1	-0.00754	-0.01050	0.65733	0.00263	1	0.05893	-0.01547	0.66323	0.00384	1	1.45898	0.81042	0	
1241767	8375.96387	3304559234845	0.25872	0.40241	8375.70898	0.25488	11043	1	0.23963	0.33446	1	0.25862	0.50257	1	0.24912	0.41851	1	0.46393	0.54176	11.50946	1.02709	1	0.72794	0.56866	13.97748	1.01943	1	-0.00754	-0.01050	0.65733	0.00270	1	0.05893	-0.01547	0.66323	0.00380	1	1.45898	0.81042	0	
1241768	8375.97070	3304559302258	0.25852	0.40289	8375.70898	0.26172	11043	1	0.24228	0.34089	1	0.25862	0.50257	1	0.25045	0.42173	1	0.46372	0.54155	11.67067	1.01943	1	0.72770	0.56825	13.46680	1.01943	1	-0.00779	-0.01078	0.67499	0.00259	1	0.06047	-0.01592	0.68232	0.00380	1	1.45898	0.81042	0	
1241769	8375.97754	3304559369839	0.25838	0.40282	8375.70898	0.26855	11043	1	0.25075	0.32574	1	0.25490	0.47446	1	0.25283	0.40010	1	0.46359	0.54166	11.73693	1.02745	1	0.72755	0.56798	13.47985	1.03511	1	-0.00779	-0.01078	0.67499	0.00253	1	0.06047	-0.01592	0.68232	0.00372	1	1.45898	0.81042	0	
1241770	8375.98438	3304559436410	0.25855	0.40270	8375.70898	0.27539	11043	1	0.24467	0.30713	1	0.28677	0.48877	1	0.26572	0.39795	1	0.46360	0.54165	11.74510	1.04312	1	0.72761	0.56803	13.37491	1.05078	1	-0.00779	-0.01078	0.67499	0.00253	1	0.06047	-0.01592	0.68232	0.00369	1	1.45898	0.81042	0	
1241771	8375.99121	3304559503351	0.25868	0.40246	8375.70898	0.28223	11043	1	0.24211	0.30058	1	0.28573	0.48367	1	0.26392	0.39213	1	0.46327	0.54165	11.69260	1.05078	1	0.72725	0.56772	13.30387	1.05844	1	-0.00783	-0.01063	0.66538	0.00256	1	0.06047	-0.01592	0.68232	0.00362	1	1.45898	0.81042	0	
1241772	8375.99707	3304559569789	0.25843	0.40177	8375.70898	0.28809	11043	1	0.23342	0.30479	1	0.26195	0.43941	1	0.24769	0.37210	1	0.46317	0.54164	11.42017	1.05042	1	0.72729	0.56804	13.43252	1.05042	1	-0.00783	-0.01063	0.66538	0.00260	1	0.06047	-0.01592	0.68232	0.00361	1	1.45898	0.81042	0	
1241773	8376.00391	3304559637542	0.25820	0.40172	8375.70898	0.29492	11043	1	0.23243	0.30813	1	0.26406	0.49073	1	0.24824	0.39943	1	0.46313	0.54168	11.45023	1.04241	1	0.72731	0.56808	13.36801	1.04241	1	-0.00783	-0.01063	0.66538	0.00253	1	0.06047	-0.01592	0.68232	0.00365	1	1.45898	0.81042	0	
1241774	8376.01074	3304559704075	0.25800	0.40172	8375.70898	0.30176	11043	1	0.23243	0.30813	1	0.26527	0.49585	1	0.24885	0.40199	1	0.46284	0.54172	11.37456	1.04241	1	0.72710	0.56793	13.33463	1.03475	1	-0.00808	-0.01089	0.68189	0.00252	1	0.05765	-0.01521	0.65211	0.00373	1	1.45898	0.81042	0	
1241775	8376.01758	3304559766974	0.25771	0.40144	8375.70898	0.30859	11043	1	0.23673	0.32610	1	0.25200	0.45054	1	0.24436	0.38832	1	0.46277	0.54177	11.23898	1.04277	1	0.72697	0.56752	13.17872	1.03511	1	-0.00808	-0.01089	0.68189	0.00250	1	0.05765	-0.01521	0.65211	0.00364	1	1.45898	0.81042	0	
1241776	8376.02441	3304559835514	0.25751	0.40143	8375.70898	0.31543	11043	1	0.23303	0.32155	1	0.26341	0.48081	1	0.24822	0.40118	1	0.46273	0.54181	11.37395	1.04312	1	0.72686	0.56782	13.16564	1.03546	1	-0.00808	-0.01089	0.68189	0.00248	1	0.05765	-0.01521	0.65211	0.00371	1	1.45898	0.81042	0	
1241777	8376.03027	3304559900480	0.25728	0.40135	8375.70898	0.32129	11043	1	0.23568	0.32798	1	0.26341	0.48081	1	0.24954	0.40440	1	0.46263	0.54160	11.26453	1.03546	1	0.72703	0.56783	12.98752	1.03546	1	-0.00785	-0.01039	0.65045	0.00247	1	0.06074	-0.01604	0.68764	0.00364	1	1.45898	0.81042	0	
1241778	8376.03711	3304559965211	0.25750	0.40102	8375.70898	0.32812	11043	1	0.24896	0.31655	1	0.27505	0.43246	1	0.26201	0.37451	1	0.46251	0.54155	11.58219	1.02745	1	0.72664	0.56714	13.19571	1.03511	1	-0.00785	-0.01039	0.65045	0.00247	1	0.06074	-0.01604	0.68764	0.00374	1	1.45898	0.81042	0	
1241779	8376.04395	3304560035240	0.25763	0.40118	8375.70898	0.33496	11043	1	0.24143	0.32464	1	0.28992	0.48359	1	0.26567	0.40411	1	0.46239	0.54164	11.42017	1.02709	1	0.72688	0.56774	12.66138	1.03475	1	-0.00785	-0.01039	0.65045	0.00259	1	0.06074	-0.01604	0.68764	0.00356	1	1.45898	0.81042	0	
1241780	8376.05078	3304560105587	0.25777	0.40145	8375.70898	0.34180	11043	1	0.24155	0.32494	1	0.29193	0.49369	1	0.26674	0.40932	1	0.46223	0.54176	11.55282	1.02673	1	0.72658	0.56782	13.07879	1.01992	1	-0.00785	-0.01039	0.65045	0.00246	1	0.05537	-0.01455	0.62796	0.00374	1	1.45898	0.81042	0	
1241781	8376.05762	3304560168409	0.25830	0.40188	8375.70898	0.34863	11043	1	0.26101	0.33986	1	0.28378	0.51218	1	0.27240	0.42602	1	0.46223	0.54178	11.41361	1.01992	1	0.72671	0.56787	13.04628	1.00546	1	-0.00785	-0.01039	0.65045	0.00242	1	0.05537	-0.01455	0.62796	0.00376	1	1.45898	0.81042	0	
1241782	8376.06445	3304560237543	0.25887	0.40260	8375.70898	0.35547	11043	1	0.27062	0.34139	1	0.27817	0.51617	1	0.27440	0.42878	1	0.46220	0.54171	11.39480	1.00546	1	0.72662	0.56786	13.10292	0.99099	1	-0.00785	-0.01039	0.65045	0.00246	1	0.05537	-0.01455	0.62796	0.00379	1	1.45898	0.81042	0	
1241783	8376.07129	3304560303365	0.25945	0.40331	8375.70898	0.36230	11043	1	0.27274	0.34687	1	0.27694	0.51073	1	0.27484	0.42880	1	0.46199	0.54182	11.45888	0.99901	1	0.72599	0.56814	13.34128	0.99901	1	-0.00841	-0.01093	0.68428	0.00244	1	0.05945	-0.01560	0.67539	0.00376	1	1.45898	0.81042	0	
1241784	8376.07715	3304560367338	0.25995	0.40361	8375.70898	0.36816	11043	1	0.27567	0.35686	1	0.25974	0.47520	1	0.26771	0.41603	1	0.46194	0.54176	11.24613	1.00702	1	0.72597	0.56760	12.90423	1.02149	1	-0.00841	-0.01093	0.68428	0.00250	1	0.05945	-0.01560	0.67539	0.00367	1	1.45898	0.81042	0	
1241785	8376.08398	3304560438005	0.26004	0.40383	8375.70898	0.37500	11043	1	0.25804	0.35619	1	0.28451	0.45127	1	0.27127	0.40373	1	0.46187	0.54170	11.00593	1.02951	1	0.72608	0.56758	12.92848	1.04397	1	-0.00841	-0.01093	0.68428	0.00251	1	0.05945	-0.01560	0.67539	0.00367	1	1.45898	0.81042	0	
1241786	8376.09082	3304560507961	0.26007	0.40387	8375.70898	0.38184	11043	1	0.25325	0.34438	1	0.28356	0.44647	1	0.26841	0.39542	1	0.46138	0.54145	10.89738	1.04397	1	0.72558	0.56752	13.58481	1.05078	1	-0.00812	-0.01044	0.65639	0.00244	1	0.05149	-0.01355	0.58652	0.00388	1	1.45898	0.81042	0	
1241787	8376.09766	3304560574236	0.25938	0.40320	8375.70898	0.38867	11043	1	0.21101	0.33218	1	0.24511	0.46238	1	0.22806	0.39728	1	0.46116	0.54152	10.64437	1.04277	1	0.72531	0.56769	13.16913	1.03511	1	-0.00812	-0.01044	0.65639	0.00234	1	0.05149	-0.01355	0.58652	0.00403	1	1.45898	0.81042	0	
1241788	8376.10449	3304560641928	0.25930	0.40213	8375.70898	0.39551	11043	1	0.25586	0.33550	1	0.24224	0.40760	1	0.24905	0.37155	1	0.46139	0.54137	10.70020	1.02709	1	0.72527	0.56688	12.71996	1.01943	1	-0.00812	-0.01044	0.65639	0.00248	1	0.05149	-0.01355	0.58652	0.00400	1	1.45898	0.81042	0	
1241789	8376.11133	3304560708488	0.25923	0.40114	8375.70898	0.40234	11043	1	0.25841	0.34192	1	0.24224	0.40760	1	0.25033	0.37476	1	0.46105	0.54146	10.66357	1.01943	1	0.72510	0.56759	12.54562	1.01943	1	-0.00826	-0.01051	0.66401	0.00239	1	0.06001	-0.01575	0.68400	0.00399	1	1.45898	0.81042	0	
1241790	8376.11816	3304560775396	0.25910	0.40139	8375.70898	0.40918	11043	1	0.24227	0.35631	1	0.26262	0.45555	1	0.25244	0.40593	1	0.46117	0.54143	10.70202	1.02745	1	0.72521	0.56759	12.61211	1.03511	1	-0.00826	-0.01051	0.66401	0.00232	1	0.06001	-0.01575	0.68400	0.00388	1	1.45898	0.81042	0	
1241791	8376.12500	3304560842955	0.25860	0.40129	8375.70898	0.41602	11043	1	0.22580	0.33262	1	0.24343	0.44610	1	0.23461	0.38936	1	0.46101	0.54147	10.58470	1.04312	1	0.72505	0.56760	12.72633	1.05078	1	-0.00826	-0.01051	0.66401	0.00250	1	0.06001	-0.01575	0.68400	0.00384	1	1.45898	0.81042	0	
1241792	8376.13184	3304560910084	0.25806	0.40106	8375.70898	0.42285	11043	1	0.22310	0.32626	1	0.24208	0.44072	1	0.23259	0.38349	1	0.46098	0.54145	11.03831	1.05078	1	0.72522	0.56710	12.48803	1.05844	1	-0.00836	-0.01044	0.65955	0.00231	1	0.06001	-0.01575	0.68400	0.00395	1	1.45898	0.81042	0	
1241793	8376.13867	3304560977003	0.25815	0.40084	8375.70898	0.42969	11043	1	0.23788	0.31724	1	0.28078	0.43942	1	0.25933	0.37833	1	0.46092	0.54132	10.85620	1.05042	1	0.72523	0.56688	12.32248	1.05042	1	-0.00836	-0.01044	0.65955	0.00228	1	0.06001	-0.01575	0.68400	0.00405	1	1.45898	0.81042	0	
1241794	8376.14453	3304561044228	0.25812	0.40089	8375.70898	0.43555	11043	1	0.23874	0.34134	1	0.29180	0.46696	1	0.26527	0.40415	1	0.46088	0.54145	10.32826	1.04241	1	0.72536	0.56720	12.59813	1.04241	1	-0.00836	-0.01044	0.65955	0.00227	1	0.06001	-0.01575	0.68400	0.00372	1	1.45898	0.81042	0	
1241795	8376.15137	3304561111454	0.25815	0.40113	8375.70898	0.44238	11043	1	0.24149	0.34793	1	0.29287	0.47251	1	0.26718	0.41022	1	0.46056	0.54141	10.55484	1.03439	1	0.72510	0.56748	13.54008	1.03439	1	-0.00836	-0.01044	0.65955	0.00232	1	0.06011	-0.01580	0.68633	0.00370	1	1.45898	0.81042	0	
1241796	8376.15820	3304561177402	0.25790	0.40028	8375.70898	0.44922	11043	1	0.22780	0.36207	1	0.25356	0.42510	1	0.24068	0.39359	1	0.46056	0.54161	10.40590	1.03439	1	0.72467	0.56660	12.56732	1.03439	1	-0.00836	-0.01044	0.65955	0.00246	1	0.06011	-0.01580	0.68633	0.00407	1	1.45898	0.81042	0	
1241797	8376.16504	3304561244409	0.25755	0.39913	8375.70898	0.45605	11043	1	0.23603	0.35622	1	0.25409	0.39967	1	0.24506	0.37795	1	0.46069	0.54161	10.19676	1.03439	1	0.72469	0.56646	12.46846	1.03439	1	-0.00836	-0.01044	0.65955	0.00241	1	0.06011	-0.01580	0.68633	0.00410	1	1.45898	0.81042	0	
1241798	8376.17188	3304561311691	0.25720	0.39799	8375.70898	0.46289	11043	1	0.23325	0.34970	1	0.25403	0.39940	1	0.24364	0.37455	1	0.46054	0.54147	10.03774	1.04241	1	0.72456	0.56764	12.37569	1.03475	1	-0.00875	-0.01087	0.68670	0.00239	1	0.05762	-0.01516	0.65854	0.00385	1	1.45898	0.81042	0	
1241799	8376.17871	3304561378754	0.25698	0.39843	8375.70898	0.46973	11043	1	0.24129	0.34147	1	0.24120	0.46698	1	0.24124	0.40422	1	0.46046	0.54146	10.03566	1.04277	1	0.72450	0.56729	12.16620	1.03511	1	-0.00875	-0.01087	0.68670	0.00246	1	0.05762	-0.01516	0.65854	0.00387	1	1.45898	0.81042	0	
1241800	8376.18457	3304561445705	0.25655	0.39850	8375.70898	0.47559	11043	1	0.23179	0.33227	1	0.24885	0.49025	1	0.24032	0.41126	1	0.46040	0.54140	9.81765	1.04312	1	0.72427	0.56737	12.42279	1.03546	1	-0.00875	-0.01087	0.68670	0.00247	1	0.05762	-0.01516	0.65854	0.00404	1	1.45898	0.81042	0	
1241801	8376.19141	3304561512237	0.25612	0.39850	8375.70898	0.48242	11043	1	0.23445	0.33862	1	0.24885	0.49025	1	0.24165	0.41443	1	0.46020	0.54145	10.14420	1.03546	1	0.72441	0.56707	12.68116	1.03546	1	-0.00839	-0.01040	0.65409	0.00233	1	0.05918	-0.01559	0.67689	0.00372	1	1.45898	0.81042	0	
1241802	8376.19824	3304561578845	0.25586	0.39859	8375.70898	0.48926	11043	1	0.23761	0.36223	1	0.25818	0.49238	1	0.24790	0.42731	1	0.46024	0.54146	10.26061	1.02745	1	0.72446	0.56750	12.76733	1.03511	1	-0.00839	-0.01040	0.65409	0.00224	1	0.05918	-0.01559	0.67689	0.00365	1	1.45898	0.81042	0	
1241803	8376.20508	3304561646754	0.25515	0.39889	8375.70898	0.49609	11043	1	0.23363	0.36634	1	0.25427	0.48171	1	0.24395	0.42403	1	0.46021	0.54153	10.13091	1.02709	1	0.72439	0.56734	12.61554	1.03475	1	-0.00839	-0.01040	0.65409	0.00227	1	0.05918	-0.01559	0.67689	0.00375	1	1.45898	0.81042	0	
1241804	8376.21191	3304561713748	0.25452	0.39944	8375.70898	0.50293	11043	1	0.23627	0.37239	1	0.25553	0.48681	1	0.24590	0.42960	1	0.46001	0.54157	10.15165	1.01961	1	0.72452	0.56708	12.16867	1.02727	1	-0.00819	-0.01010	0.63525	0.00234	1	0.05918	-0.01559	0.67689	0.00365	1	1.45898	0.81042	0	
1241805	8376.21875	3304561781497	0.25469	0.39987	8375.70898	0.50977	11043	1	0.24357	0.31259	1	0.28987	0.50222	1	0.26672	0.40741	1	0.46000	0.54152	10.24553	1.02014	1	0.72450	0.56740	12.50930	1.02014	1	-0.00819	-0.01010	0.63525	0.00234	1	0.05918	-0.01559	0.67689	0.00372	1	1.45898	0.81042	0	
1241806	8376.22559	3304561848100	0.25497	0.40014	8375.70898	0.51660	11043	1	0.24509	0.37320	1	0.28868	0.42599	1	0.26688	0.39959	1	0.45999	0.54151	10.17775	1.01301	1	0.72438	0.56667	11.97797	1.01301	1	-0.00819	-0.01010	0.63525	0.00232	1	0.05918	-0.01559	0.67689	0.00362	1	1.45898	0.81042	0	
1241807	8376.23145	3304561914405	0.25525	0.40047	8375.70898	0.52246	11043	1	0.24509	0.37320	1	0.29070	0.43686	1	0.26789	0.40503	1	0.45990	0.54166	10.09529	1.01301	1	0.72426	0.56706	11.87532	0.99855	1	-0.00864	-0.01063	0.66573	0.00229	1	0.05621	-0.01483	0.64402	0.00369	1	1.45898	0.81042	0	
1241808	8376.23828	3304561981848	0.25549	0.40142	8375.70898	0.52930	11043	1	0.24024	0.34579	1	0.27798	0.51072	1	0.25911	0.42826	1	0.45983	0.54164	10.09759	1.00567	1	0.72427	0.56735	11.82444	0.99120	1	-0.00864	-0.01063	0.66573	0.00223	1	0.05621	-0.01483	0.64402	0.00382	1	1.45898	0.81042	0	
1241809	8376.24512	3304562046084	0.25534	0.40196	8375.70898	0.53613	11043	1	0.23829	0.35349	1	0.28547	0.51545	1	0.26188	0.43447	1	0.45984	0.54165	10.08490	0.99833	1	0.72435	0.56726	11.90315	0.98386	1	-0.00864	-0.01063	0.66573	0.00228	1	0.05621	-0.01483	0.64402	0.00380	1	1.45898	0.81042	0	
1241810	8376.25195	3304562111065	0.25514	0.40232	8375.70898	0.54297	11043	1	0.23805	0.35292	1	0.28324	0.50509	1	0.26064	0.42901	1	0.45970	0.54171	10.09371	0.99901	1	0.72369	0.56766	12.36468	0.99901	1	-0.00835	-0.01023	0.64016	0.00220	1	0.05852	-0.01546	0.67164	0.00384	1	1.45898	0.81042	0	
1241811	8376.25879	3304562179781	0.25480	0.40336	8375.70898	0.54980	11043	1	0.25254	0.34522	1	0.24702	0.51343	1	0.24978	0.42932	1	0.45975	0.54167	10.12427	1.00702	1	0.72371	0.56754	12.31120	1.02149	1	-0.00835	-0.01023	0.64016	0.00217	1	0.05852	-0.01546	0.67164	0.00381	1	1.45898	0.81042	0	
1241812	8376.26562	3304562250314	0.25452	0.40403	8375.70898	0.55664	11043	1	0.24981	0.31662	1	0.24691	0.49052	1	0.24836	0.40357	1	0.45980	0.54159	9.97256	1.02951	1	0.72387	0.56750	11.99321	1.04397	1	-0.00835	-0.01023	0.64016	0.00228	1	0.05852	-0.01546	0.67164	0.00382	1	1.45898	0.81042	0	
1241813	8376.27246	3304562316470	0.25418	0.40452	8375.70898	0.56348	11043	1	0.24496	0.30424	1	0.24439	0.48089	1	0.24467	0.39257	1	0.45959	0.54164	10.27636	1.04397	1	0.72379	0.56733	12.28021	1.05844	1	-0.00875	-0.01065	0.66685	0.00222	1	0.05852	-0.01546	0.67164	0.00375	1	1.45898	0.81042	0	
1241814	8376.27832	3304562382964	0.25394	0.40274	8375.70898	0.56934	11043	1	0.23680	0.30396	1	0.24594	0.38709	1	0.24137	0.34553	1	0.45959	0.54164	10.27636	1.05042	1	0.72380	0.56697	11.99059	1.05042	1	-0.00875	-0.01065	0.66685	0.00222	1	0.05852	-0.01546	0.67164	0.00405	1	1.45898	0.81042	0	
1241815	8376.28516	3304562449825	0.25383	0.40234	8375.70898	0.57617	11043	1	0.22065	0.33608	1	0.26716	0.46284	1	0.24390	0.39946	1	0.45940	0.54191	9.60368	1.04241	1	0.72379	0.56760	12.44264	1.04241	1	-0.00875	-0.01065	0.66685	0.00228	1	0.05852	-0.01546	0.67164	0.00380	1	1.45898	0.81042	0	
1241816	8376.29199	3304562517604	0.25373	0.40200	8375.70898	0.58301	11043	1	0.22351	0.34271	1	0.26841	0.46840	1	0.24596	0.40555	1	0.45937	0.54199	9.79748	1.03439	1	0.72369	0.56768	12.18973	1.03439	1	-0.00875	-0.01065	0.66685	0.00223	1	0.05928	-0.01572	0.68035	0.00369	1	1.45898	0.81042	0	
1241817	8376.29883	3304562584123	0.25349	0.40233	8375.70898	0.58984	11043	1	0.21739	0.34860	1	0.26518	0.48354	1	0.24128	0.41607	1	0.45932	0.54194	9.67503	1.03439	1	0.72377	0.56785	12.33753	1.03439	1	-0.00875	-0.01065	0.66685	0.00221	1	0.05928	-0.01572	0.68035	0.00369	1	1.45898	0.81042	0	
1241818	8376.30566	3304562651559	0.25312	0.40268	8375.70898	0.59668	11043	1	0.22558	0.33897	1	0.26967	0.49035	1	0.24762	0.41466	1	0.45948	0.54189	9.86264	1.03439	1	0.72382	0.56786	12.29454	1.03439	1	-0.00875	-0.01065	0.66685	0.00221	1	0.05928	-0.01572	0.68035	0.00365	1	1.45898	0.81042	0	
1241819	8376.31250	3304562718379	0.25278	0.40315	8375.70898	0.60352	11043	1	0.22558	0.33897	1	0.26967	0.49035	1	0.24762	0.41466	1	0.45945	0.54190	9.86515	1.03439	1	0.72365	0.56804	12.29216	1.03439	1	-0.00875	-0.01065	0.66685	0.00220	1	0.05852	-0.01546	0.67164	0.00371	1	1.45898	0.81042	0	AUDIO_FILE_OFFSET
1241820	8376.31934	3304562785169	0.25276	0.40381	8375.70898	0.61035	11043	1	0.22921	0.33619	1	0.26503	0.47108	1	0.24712	0.40363	1	0.45944	0.54183	10.08564	1.03439	1	0.72372	0.56791	12.12365	1.03439	1	-0.00875	-0.01065	0.66685	0.00228	1	0.05852	-0.01546	0.67164	0.00374	1	1.45898	0.81042	0	
1241821	8376.32617	3304562853155	0.25285	0.40388	8375.70898	0.61719	11043	1	0.22311	0.29674	1	0.28139	0.50909	1	0.25225	0.40292	1	0.45932	0.54179	10.07620	1.03439	1	0.72366	0.56812	12.90059	1.03439	1	-0.00875	-0.01065	0.66685	0.00221	1	0.05852	-0.01546	0.67164	0.00369	1	1.45898	0.81042	0	
1241822	8376.33203	3304562918903	0.25297	0.40407	8375.70898	0.62305	11043	1	0.22565	0.30296	1	0.28352	0.51880	1	0.25458	0.41088	1	0.45937	0.54198	9.75883	1.02727	1	0.72362	0.56783	12.07554	1.01961	1	-0.00835	-0.01011	0.63273	0.00213	1	0.05788	-0.01536	0.66488	0.00366	1	1.45898	0.81042	0	
1241823	8376.33887	3304562983039	0.25369	0.40456	8375.70898	0.62988	11043	1	0.25735	0.31386	1	0.30087	0.51059	1	0.27911	0.41222	1	0.45946	0.54185	9.81301	1.01248	1	0.72388	0.56788	12.48899	1.00482	1	-0.00835	-0.01011	0.63273	0.00218	1	0.05788	-0.01536	0.66488	0.00362	1	1.45898	0.81042	0	
1241824	8376.34570	3304563049339	0.25424	0.40479	8375.70898	0.63672	11043	1	0.25360	0.33553	1	0.29519	0.48874	1	0.27439	0.41214	1	0.45928	0.54183	10.04883	0.99769	1	0.72373	0.56771	12.61875	0.99004	1	-0.00835	-0.01011	0.63273	0.00225	1	0.05788	-0.01536	0.66488	0.00349	1	1.45898	0.81042	0	STOP_TRIAL
1241976	8377.36426	3304573234410	0.42510	0.49383	8377.09570	0.26855	11047	1	0.45327	0.56920	1	0.41765	0.49926	1	0.43546	0.53423	1	0.46427	0.54575	11.31986	1.05042	1	0.72862	0.56898	11.34813	1.05042	1	-0.00831	-0.01072	0.65545	0.00360	1	0.05945	-0.01580	0.67539	0.00359	1	1.45898	0.81042	0	
1241977	8377.37109	3304573301474	0.42527	0.49344	8377.09570	0.27539	11047	1	0.43666	0.49841	1	0.42715	0.45624	1	0.43191	0.47732	1	0.46405	0.54511	11.03120	1.04241	1	0.72838	0.56847	11.29268	1.04241	1	-0.00831	-0.01072	0.65545	0.00339	1	0.05945	-0.01580	0.67539	0.00372	1	1.45898	0.81042	0	START_TRIAL
1241978	8377.37695	3304573368314	0.42544	0.49319	8377.09570	0.28125	11047	1	0.43813	0.50368	1	0.42720	0.46194	1	0.43266	0.48281	1	0.46399	0.54520	11.01192	1.03439	1	0.72846	0.56839	11.11927	1.03439	1	-0.00831	-0.01072	0.65545	0.00347	1	0.05945	-0.01580	0.67539	0.00380	1	1.45898	0.81042	0	
1241979	8377.38379	3304573435803	0.42569	0.49378	8377.09570	0.28809	11047	1	0.42813	0.50410	1	0.44465	0.53391	1	0.43639	0.51900	1	0.46425	0.54503	11.23964	1.03439	1	0.72874	0.56913	11.42469	1.03439	1	-0.00831	-0.01072	0.65545	0.00331	1	0.05945	-0.01580	0.67539	0.00363	1	1.45898	0.81042	0	
1241980	8377.39062	3304573499728	0.42549	0.49390	8377.09570	0.29492	11047	1	0.42143	0.51178	1	0.41195	0.48633	1	0.41669	0.49906	1	0.46416	0.54521	11.45421	1.03439	1	0.72858	0.56864	11.23140	1.03439	1	-0.00831	-0.01072	0.65545	0.00330	1	0.05945	-0.01580	0.67539	0.00381	1	1.45898	0.81042	0	
1241981	8377.39746	3304573566675	0.42530	0.49401	8377.09570	0.30176	11047	1	0.42143	0.51178	1	0.41195	0.48633	1	0.41669	0.49906	1	0.46409	0.54482	11.14522	1.03439	1	0.72856	0.56798	10.97766	1.03439	1	-0.00831	-0.01072	0.65545	0.00352	1	0.05945	-0.01580	0.67539	0.00408	1	1.45898	0.81042	0	
1241982	8377.40430	3304573634257	0.42517	0.49386	8377.09570	0.30859	11047	1	0.41729	0.51627	1	0.42170	0.45832	1	0.41950	0.48730	1	0.46413	0.54499	10.63358	1.03439	1	0.72870	0.56834	11.32309	1.03439	1	-0.00831	-0.01072	0.65545	0.00393	1	0.05945	-0.01580	0.67539	0.00393	1	1.45898	0.81042	0	
1241983	8377.41113	3304573701934	0.42500	0.49426	8377.09570	0.31543	11047	1	0.41275	0.52681	1	0.42070	0.49922	1	0.41672	0.51302	1	0.46408	0.54537	10.94686	1.03439	1	0.72869	0.56886	11.33377	1.03439	1	-0.00831	-0.01072	0.65545	0.00360	1	0.05945	-0.01580	0.67539	0.00363	1	1.45898	0.81042	0	
1241984	8377.41699	3304573768088	0.42491	0.49480	8377.09570	0.32129	11047	1	0.41110	0.52171	1	0.42059	0.49381	1	0.41585	0.50776	1	0.46453	0.54531	11.39575	1.04241	1	0.72856	0.56900	10.98715	1.04241	1	-0.00858	-0.01113	0.68077	0.00330	1	0.05945	-0.01580	0.67539	0.00365	1	1.45898	0.81042	0	
1241985	8377.42383	3304573837222	0.42455	0.49489	8377.09570	0.32812	11047	1	0.43870	0.54301	1	0.36992	0.43654	1	0.40431	0.48977	1	0.46450	0.54564	11.47669	1.05042	1	0.72828	0.56848	11.19581	1.05042	1	-0.00858	-0.01113	0.68077	0.00344	1	0.05945	-0.01580	0.67539	0.00386	1	1.45898	0.81042	0	
1241986	8377.43066	3304573903329	0.42443	0.49507	8377.09570	0.33496	11047	1	0.43285	0.54250	1	0.39393	0.45288	1	0.41339	0.49769	1	0.46440	0.54569	11.50366	1.05844	1	0.72860	0.56857	11.58193	1.05844	1	-0.00858	-0.01113	0.68077	0.00349	1	0.05945	-0.01580	0.67539	0.00389	1	1.45898	0.81042	0	
1241987	8377.43750	3304573972072	0.42429	0.49504	8377.09570	0.34180	11047	1	0.43138	0.53765	1	0.39363	0.44726	1	0.41251	0.49245	1	0.46441	0.54529	11.42791	1.06646	1	0.72872	0.56854	11.77156	1.06646	1	-0.00858	-0.01113	0.68077	0.00347	1	0.05945	-0.01580	0.67539	0.00386	1	1.45898	0.81042	0	
1241988	8377.44434	3304574039176	0.42392	0.49406	8377.09570	0.34863	11047	1	0.43344	0.51581	1	0.39468	0.42519	1	0.41406	0.47050	1	0.46445	0.54530	11.55837	1.06646	1	0.72863	0.56838	11.66076	1.06646	1	-0.00858	-0.01113	0.68077	0.00337	1	0.05945	-0.01580	0.67539	0.00385	1	1.45898	0.81042	0	
1241989	8377.45117	3304574102820	0.42370	0.49331	8377.09570	0.35547	11047	1	0.42885	0.50394	1	0.39381	0.47542	1	0.41133	0.48968	1	0.46441	0.54517	11.39580	1.06646	1	0.72866	0.56838	11.78043	1.06646	1	-0.00858	-0.01113	0.68077	0.00348	1	0.05945	-0.01580	0.67539	0.00381	1	1.45898	0.81042	0	
1241990	8377.45703	3304574168816	0.42347	0.49252	8377.09570	0.36133	11047	1	0.43034	0.50906	1	0.39411	0.48083	1	0.41222	0.49494	1	0.46449	0.54513	11.18501	1.05844	1	0.72857	0.56889	12.08784	1.05844	1	-0.00847	-0.01106	0.67674	0.00364	1	0.05945	-0.01580	0.67539	0.00354	1	1.45898	0.81042	0	
1241991	8377.46387	3304574238654	0.42318	0.49214	8377.09570	0.36816	11047	1	0.40568	0.58406	1	0.39027	0.45974	1	0.39797	0.52190	1	0.46469	0.54597	10.75572	1.05042	1	0.72861	0.56809	11.74966	1.05042	1	-0.00847	-0.01106	0.67674	0.00356	1	0.05945	-0.01580	0.67539	0.00370	1	1.45898	0.81042	0	
1241992	8377.47070	3304574303557	0.42242	0.49070	8377.09570	0.37500	11047	1	0.37233	0.37194	1	0.39180	0.57617	1	0.38207	0.47406	1	0.46465	0.54343	8.11746	1.04241	1	0.72941	0.56871	11.51347	1.04241	1	-0.00847	-0.01106	0.67674	0.00186	1	0.05945	-0.01580	0.67539	0.00343	1	1.45898	0.81042	0	
1241993	8377.47754	3304574370974	0.42191	0.49174	8377.09570	0.38184	11047	1	0.37233	0.37194	0	0.39213	0.58094	1	0.39213	0.58094	1	0.46465	0.54343	8.11746	1.03439	0	0.73085	0.57100	9.95465	1.03439	1	-0.00847	-0.01106	0.67674	0.00186	1	0.06047	-0.01592	0.68232	0.00268	1	1.45898	0.81042	0	
1241994	8377.48438	3304574436859	0.42191	0.49174	8377.09570	0.38867	11047	1	0.37233	0.37194	0	0.39213	0.58094	0	0.39213	0.58094	0	0.46465	0.54343	8.11746	1.03439	0	0.73085	0.57100	9.95465	1.03439	0	-0.00847	-0.01106	0.67674	0.00186	1	0.06047	-0.01592	0.68232	0.00268	1	1.45898	0.81042	0	
1241995	8377.49121	3304574504350	0.42191	0.49174	8377.09570	0.39551	11047	1	0.37233	0.37194	0	0.39213	0.58094	0	0.39213	0.58094	0	0.46465	0.54343	8.11746	1.03439	0	0.73085	0.57100	9.95465	1.03439	0	-0.00847	-0.01106	0.67674	0.00186	1	0.06047	-0.01592	0.68232	0.00268	1	1.45898	0.81042	0	
1241996	8377.49805	3304574572777	0.42191	0.49174	8377.09570	0.40234	11047	1	0.37233	0.37194	0	0.39213	0.58094	0	0.39213	0.58094	0	0.46465	0.54343	8.11746	1.03439	0	0.73085	0.57100	9.95465	1.03439	0	-0.00847	-0.01106	0.67674	0.00186	1	0.06047	-0.01592	0.68232	0.00268	1	1.45898	0.81042	0	
1241997	8377.50391	3304574639052	0.40767	0.50167	8377.09570	0.40234	11047	0	0.37233	0.37194	0	0.39213	0.58094	0	0.39213	0.58094	0	0.46465	0.54343	8.11746	1.03439	0	0.73085	0.57100	9.95465	1.03439	0	-0.00847	-0.01106	0.67674	0.00186	1	0.06047	-0.01592	0.68232	0.00268	1	1.45898	0.81042	0	
1241998	8377.51172	3304574707866	0.40767	0.50167	8377.09570	0.40234	11047	0	0.37233	0.37194	0	0.39213	0.58094	0	0.39213	0.58094	0	0.46465	0.54343	8.11746	1.03439	0	0.73085	0.57100	9.95465	1.03439	0	-0.00847	-0.01106	0.67674	0.00186	1	0.06047	-0.01592	0.68232	0.00268	1	1.45898	0.81042	0	
1241999	8377.51758	3304574775245	0.40767	0.50167	8377.09570	0.40234	11047	0	0.37233	0.37194	0	0.39213	0.58094	0	0.39213	0.58094	0	0.46465	0.54343	8.11746	1.03439	0	0.73085	0.57100	9.95465	1.03439	0	-0.00847	-0.01106	0.67674	0.00186	1	0.06047	-0.01592	0.68232	0.00268	1	1.45898	0.81042	0	
1242000	8377.52441	3304574842135	0.00000	0.00000	8377.09570	0.40234	11047	0	0.37233	0.37194	0	0.39213	0.58094	0	0.39213	0.58094	0	0.46465	0.54343	8.11746	1.03439	0	0.73085	0.57100	9.95465	1.03439	0	-0.00847	-0.01106	0.67674	0.00186	1	0.06047	-0.01592	0.68232	0.00268	1	1.45898	0.81042	0	
1242001	8377.53125	3304574909793	0.00000	0.00000	8377.09570	0.40234	11047	0	0.37233	0.37194	0	0.39213	0.58094	0	0.39213	0.58094	0	0.46465	0.54343	8.11746	1.03439	0	0.73085	0.57100	9.95465	1.03439	0	-0.00847	-0.01106	0.67674	0.00186	1	0.06047	-0.01592	0.68232	0.00268	1	1.45898	0.81042	0	
1242002	8377.53809	3304574976750	0.00000	0.00000	8377.09570	0.40234	11047	0	0.37233	0.37194	0	0.39213	0.58094	0	0.39213	0.58094	0	0.46465	0.54343	8.11746	1.03439	0	0.73085	0.57100	9.95465	1.03439	0	-0.00847	-0.01106	0.67674	0.00186	1	0.06047	-0.01592	0.68232	0.00268	1	1.45898	0.81042	0	
1242003	8377.54492	3304575043052	0.00000	0.00000	8377.09570	0.40234	11047	0	0.37233	0.37194	0	0.39213	0.58094	0	0.39213	0.58094	0	0.46465	0.54343	8.11746	1.03439	0	0.73085	0.57100	9.95465	1.03439	0	-0.00847	-0.01106	0.67674	0.00186	1	0.06047	-0.01592	0.68232	0.00268	1	1.45898	0.81042	0	
1242004	8377.55176	3304575110089	0.00000	0.00000	8377.09570	0.40234	11047	0	0.37233	0.37194	0	0.39213	0.58094	0	0.39213	0.58094	0	0.46465	0.54343	8.11746	1.03439	0	0.73085	0.57100	9.95465	1.03439	0	-0.00847	-0.01106	0.67674	0.00186	1	0.06047	-0.01592	0.68232	0.00268	1	1.45898	0.81042	0	
1242005	8377.55859	3304575176665	0.00000	0.00000	8377.09570	0.40234	11047	0	0.37233	0.37194	0	0.39213	0.58094	0	0.39213	0.58094	0	0.46465	0.54343	8.11746	1.03439	0	0.73085	0.57100	9.95465	1.03439	0	-0.00847	-0.01106	0.67674	0.00186	1	0.06047	-0.01592	0.68232	0.00268	1	1.45898	0.81042	0	
1242006	8377.56445	3304575243977	0.00000	0.00000	8377.09570	0.40234	11047	0	0.37233	0.37194	0	0.39213	0.58094	0	0.39213	0.58094	0	0.46465	0.54343	8.11746	1.03439	0	0.73085	0.57100	9.95465	1.03439	0	-0.00847	-0.01106	0.67674	0.00186	1	0.06047	-0.01592	0.68232	0.00268	1	1.45898	0.81042	0	
1242007	8377.57129	3304575310588	0.00000	0.00000	8377.09570	0.40234	11047	0	0.37233	0.37194	0	0.39213	0.58094	0	0.39213	0.58094	0	0.46465	0.54343	8.11746	1.03439	0	0.73085	0.57100	9.95465	1.03439	0	-0.00847	-0.01106	0.67674	0.00186	1	0.06047	-0.01592	0.68232	0.00268	1	1.45898	0.81042	0	
1242008	8377.57812	3304575378298	0.00000	0.00000	8377.09570	0.40234	11047	0	0.37233	0.37194	0	0.39213	0.58094	0	0.39213	0.58094	0	0.46465	0.54343	8.11746	1.03439	0	0.73085	0.57100	9.95465	1.03439	0	-0.00847	-0.01106	0.67674	0.00186	1	0.06047	-0.01592	0.68232	0.00268	1	1.45898	0.81042	0	
1242009	8377.58496	3304575445351	0.00000	0.00000	8377.09570	0.40234	11047	0	0.37233	0.37194	0	0.39213	0.58094	0	0.39213	0.58094	0	0.46465	0.54343	8.11746	1.03439	0	0.73085	0.57100	9.95465	1.03439	0	-0.00847	-0.01106	0.67674	0.00186	1	0.06047	-0.01592	0.68232	0.00268	1	1.45898	0.81042	0	
1242010	8377.59180	3304575512625	0.00000	0.00000	8377.09570	0.40234	11047	0	0.37233	0.37194	0	0.39213	0.58094	0	0.39213	0.58094	0	0.46465	0.54343	8.11746	1.03439	0	0.73085	0.57100	9.95465	1.03439	0	-0.00847	-0.01106	0.67674	0.00186	1	0.06047	-0.01592	0.68232	0.00268	1	1.45898	0.81042	0	
1242011	8377.59863	3304575578938	0.00000	0.00000	8377.09570	0.40234	11047	0	0.37233	0.37194	0	0.39213	0.58094	0	0.39213	0.58094	0	0.46465	0.54343	8.11746	1.03439	0	0.73085	0.57100	9.95465	1.03439	0	-0.00847	-0.01106	0.67674	0.00186	1	0.06047	-0.01592	0.68232	0.00268	1	1.45898	0.81042	0	
1242012	8377.60547	3304575645552	0.00000	0.00000	8377.09570	0.40234	11047	0	0.37233	0.37194	0	0.39213	0.58094	0	0.39213	0.58094	0	0.46465	0.54343	8.11746	1.03439	0	0.73085	0.57100	9.95465	1.03439	0	-0.00847	-0.01106	0.67674	0.00186	1	0.06047	-0.01592	0.68232	0.00268	1	1.45898	0.81042	0	
1242013	8377.61230	3304575713388	0.00000	0.00000	8377.09570	0.40234	11047	0	0.37233	0.37194	0	0.39213	0.58094	0	0.39213	0.58094	0	0.46465	0.54343	8.11746	1.03439	0	0.73085	0.57100	9.95465	1.03439	0	-0.00847	-0.01106	0.67674	0.00186	1	0.06047	-0.01592	0.68232	0.00268	1	1.45898	0.81042	0	
1242014	8377.61816	3304575779539	0.00000	0.00000	8377.09570	0.40234	11047	0	0.37233	0.37194	0	0.39213	0.58094	0	0.39213	0.58094	0	0.46465	0.54343	8.11746	1.03439	0	0.73085	0.57100	9.95465	1.03439	0	-0.00847	-0.01106	0.67674	0.00186	1	0.06047	-0.01592	0.68232	0.00268	1	1.45898	0.81042	0	
1242015	8377.62500	3304575846752	0.00000	0.00000	8377.09570	0.40234	11047	0	0.37233	0.37194	0	0.39213	0.58094	0	0.39213	0.58094	0	0.46465	0.54343	8.11746	1.03439	0	0.73085	0.57100	9.95465	1.03439	0	-0.00847	-0.01106	0.67674	0.00186	1	0.06047	-0.01592	0.68232	0.00268	1	1.45898	0.81042	0	
1242016	8377.63184	3304575913695	0.00000	0.00000	8377.09570	0.40234	11047	0	0.37233	0.37194	0	0.39213	0.58094	0	0.39213	0.58094	0	0.46465	0.54343	8.11746	1.03439	0	0.73085	0.57100	9.95465	1.03439	0	-0.00847	-0.01106	0.67674	0.00186	1	0.06047	-0.01592	0.68232	0.00268	1	1.45898	0.81042	0	
1242017	8377.63867	3304575980779	0.00000	0.00000	8377.09570	0.40234	11047	0	0.37233	0.37194	0	0.39213	0.58094	0	0.39213	0.58094	0	0.46465	0.54343	8.11746	1.03439	0	0.73085	0.57100	9.95465	1.03439	0	-0.00847	-0.01106	0.67674	0.00186	1	0.06047	-0.01592	0.68232	0.00268	1	1.45898	0.81042	0	
1242018	8377.64551	3304576049013	0.00000	0.00000	8377.09570	0.40234	11047	0	0.37233	0.37194	0	0.39213	0.58094	0	0.39213	0.58094	0	0.46465	0.54343	8.11746	1.03439	0	0.73085	0.57100	9.95465	1.03439	0	-0.00847	-0.01106	0.67674	0.00186	1	0.06047	-0.01592	0.68232	0.00268	1	1.45898	0.81042	0	
1242019	8377.65234	3304576113827	0.00000	0.00000	8377.09570	0.40234	11047	0	0.37233	0.37194	0	0.39213	0.58094	0	0.39213	0.58094	0	0.46465	0.54343	8.11746	1.03439	0	0.73085	0.57100	9.95465	1.03439	0	-0.00847	-0.01106	0.67674	0.00186	1	0.06047	-0.01592	0.68232	0.00268	1	1.45898	0.81042	0	
1242020	8377.65820	3304576181798	0.19150	0.23850	8377.09570	0.40234	11047	0	0.37421	0.37822	1	0.39178	0.57578	1	0.38299	0.47700	1	0.47298	0.54724	10.24195	1.03439	1	0.73700	0.57210	11.61161	1.04307	1	-0.00638	-0.01004	0.60309	0.00316	1	0.06384	-0.01704	0.70768	0.00315	1	1.45898	0.81042	0	
1242021	8377.66504	3304576248323	0.50027	0.55754	8377.09570	0.40234	11047	0	0.63596	0.60869	1	0.59914	0.66745	1	0.61755	0.63807	1	0.47301	0.54763	10.54665	1.04307	1	0.73717	0.57265	11.35081	1.05175	1	-0.00638	-0.01004	0.60309	0.00326	1	0.06384	-0.01704	0.70768	0.00306	1	1.45898	0.81042	0	
1242022	8377.67188	3304576315756	0.55327	0.57172	8377.09570	0.40234	11047	0	0.61189	0.53330	1	0.60067	0.63850	1	0.60628	0.58590	1	0.47280	0.54749	10.49497	1.05175	1	0.73717	0.57236	11.38964	1.06043	1	-0.00638	-0.01004	0.60309	0.00303	1	0.06384	-0.01704	0.70768	0.00305	1	1.45898	0.81042	0	
1242023	8377.67871	3304576382887	0.57086	0.57471	8377.09570	0.40234	11047	0	0.61135	0.52310	1	0.60073	0.63831	1	0.60604	0.58070	1	0.47286	0.54774	10.74294	1.06845	1	0.73706	0.57254	11.43912	1.06079	1	-0.00719	-0.01141	0.68505	0.00293	1	0.05878	-0.01569	0.65166	0.00311	1	1.45898	0.81042	0	
1242024	8377.68555	3304576449588	0.60331	0.60493	8377.09570	0.40234	11047	0	0.61460	0.62399	1	0.58064	0.67237	1	0.59762	0.64818	1	0.47267	0.54795	10.78450	1.06881	1	0.73705	0.57255	12.09317	1.05247	1	-0.00719	-0.01141	0.68505	0.00301	1	0.05878	-0.01569	0.65166	0.00309	1	1.45898	0.81042	0	
1242025	8377.69238	3304576517067	0.60712	0.62891	8377.09570	0.40234	11047	0	0.61682	0.61046	1	0.60503	0.69531	1	0.61093	0.65288	1	0.47270	0.54806	10.73770	1.06048	1	0.73726	0.57275	11.49809	1.04414	1	-0.00719	-0.01141	0.68505	0.00303	1	0.05878	-0.01569	0.65166	0.00306	1	1.45898	0.81042	0	
1242026	8377.69922	3304576584147	0.60823	0.63906	8377.09570	0.40234	11047	0	0.61727	0.61917	1	0.60365	0.69957	1	0.61046	0.65937	1	0.47267	0.54784	10.45542	1.04414	1	0.73715	0.57248	10.86999	1.03546	1	-0.00638	-0.01004	0.60309	0.00303	1	0.06162	-0.01646	0.68370	0.00300	1	1.45898	0.81042	0	
1242027	8377.70508	3304576647943	0.60690	0.63112	8377.68555	0.01953	11048	1	0.61531	0.59779	1	0.59046	0.61681	1	0.60288	0.60730	1	0.47266	0.54786	10.50240	1.02745	1	0.73701	0.57254	11.19269	1.03511	1	-0.00638	-0.01004	0.60309	0.00300	1	0.06162	-0.01646	0.68370	0.00332	1	1.45898	0.81042	0	
1242028	8377.71191	3304576717505	0.60626	0.63331	8377.68555	0.02637	11048	1	0.62001	0.62630	1	0.58744	0.65786	1	0.60373	0.64208	1	0.47278	0.54789	10.31559	1.02709	1	0.73694	0.57279	11.09568	1.03475	1	-0.00638	-0.01004	0.60309	0.00299	1	0.06162	-0.01646	0.68370	0.00323	1	1.45898	0.81042	0	
1242029	8377.71875	3304576784630	0.60559	0.63608	8377.68555	0.03320	11048	1	0.62020	0.63031	1	0.58428	0.66952	1	0.60224	0.64991	1	0.47266	0.54802	10.56526	1.01961	1	0.73703	0.57290	11.25429	1.01280	1	-0.00520	-0.00825	0.49562	0.00306	1	0.05751	-0.01541	0.63816	0.00316	1	1.45898	0.81042	0	
1242030	8377.72559	3304576852042	0.60435	0.64581	8377.68555	0.04004	11048	1	0.61037	0.67790	1	0.58343	0.73044	1	0.59690	0.70417	1	0.47258	0.54812	10.52945	1.00567	1	0.73706	0.57257	11.56675	0.99120	1	-0.00520	-0.00825	0.49562	0.00309	1	0.05751	-0.01541	0.63816	0.00307	1	1.45898	0.81042	0	
1242031	8377.73242	3304576918557	0.60255	0.65126	8377.68555	0.04688	11048	1	0.62254	0.68856	1	0.55741	0.69038	1	0.58998	0.68947	1	0.47274	0.54807	10.23684	0.98408	1	0.73666	0.57281	11.84983	0.96961	1	-0.00520	-0.00825	0.49562	0.00311	1	0.05751	-0.01541	0.63816	0.00320	1	1.45898	0.81042	0	
1242032	8377.73926	3304576985795	0.60117	0.65568	8377.68555	0.05371	11048	1	0.62269	0.69175	1	0.55746	0.69019	1	0.59008	0.69097	1	0.47281	0.54807	10.27797	0.97763	1	0.73653	0.57248	11.66066	0.96997	1	-0.00730	-0.01142	0.68572	0.00311	1	0.05865	-0.01568	0.65126	0.00335	1	1.45898	0.81042	0	
1242033	8377.74609	3304577052512	0.59885	0.65803	8377.68555	0.06055	11048	1	0.60288	0.65889	1	0.55318	0.69950	1	0.57803	0.67920	1	0.47250	0.54795	10.46020	0.98511	1	0.73652	0.57262	11.84002	0.99192	1	-0.00730	-0.01142	0.68572	0.00307	1	0.05865	-0.01568	0.65126	0.00337	1	1.45898	0.81042	0	
1242034	8377.75195	3304577119502	0.59611	0.65805	8377.68555	0.06641	11048	1	0.60783	0.63013	1	0.52946	0.68635	1	0.56865	0.65824	1	0.47255	0.54788	10.43460	1.00706	1	0.73614	0.57262	11.86865	1.01387	1	-0.00730	-0.01142	0.68572	0.00307	1	0.05865	-0.01568	0.65126	0.00359	1	1.45898	0.81042	0	
1242035	8377.75879	3304577186357	0.59390	0.65694	8377.68555	0.07324	11048	1	0.60703	0.61823	1	0.53216	0.67121	1	0.56959	0.64472	1	0.47284	0.54807	10.48272	1.02901	1	0.73622	0.57279	12.39526	1.04348	1	-0.00730	-0.01142	0.68572	0.00311	1	0.06162	-0.01646	0.68370	0.00324	1	1.45898	0.81042	0	
1242036	8377.76562	3304577253081	0.59393	0.65535	8377.68555	0.08008	11048	1	0.61283	0.60399	1	0.57585	0.66853	1	0.59434	0.63626	1	0.47259	0.54783	10.14213	1.04348	1	0.73678	0.57299	11.89802	1.05114	1	-0.00730	-0.01142	0.68572	0.00308	1	0.06162	-0.01646	0.68370	0.00310	1	1.45898	0.81042	0	
1242037	8377.77246	3304577320150	0.59450	0.65512	8377.68555	0.08691	11048	1	0.64539	0.62645	1	0.55829	0.67780	1	0.60184	0.65213	1	0.47265	0.54804	10.58918	1.05114	1	0.73653	0.57286	12.69780	1.05880	1	-0.00730	-0.01142	0.68572	0.00306	1	0.06162	-0.01646	0.68370	0.00311	1	1.45898	0.81042	0	
1242038	8377.77930	3304577387392	0.59501	0.65466	8377.68555	0.09375	11048	1	0.64537	0.62246	1	0.55917	0.67398	1	0.60227	0.64822	1	0.47252	0.54796	11.19816	1.05880	1	0.73657	0.57308	13.12219	1.06646	1	-0.00724	-0.01138	0.68028	0.00301	1	0.06078	-0.01626	0.67552	0.00310	1	1.45898	0.81042	0	
1242039	8377.78613	3304577454012	0.59644	0.65333	8377.68555	0.10059	11048	1	0.64472	0.59120	1	0.59093	0.67557	1	0.61783	0.63338	1	0.47238	0.54780	10.63771	1.06646	1	0.73647	0.57269	12.08894	1.06646	1	-0.00724	-0.01138	0.68028	0.00308	1	0.06078	-0.01626	0.67552	0.00303	1	1.45898	0.81042	0	
1242040	8377.79297	3304577521606	0.59754	0.65489	8377.68555	0.10742	11048	1	0.61830	0.63610	1	0.61181	0.72357	1	0.61505	0.67983	1	0.47193	0.54830	10.76620	1.06646	1	0.73663	0.57329	12.11724	1.06646	1	-0.00724	-0.01138	0.68028	0.00297	1	0.06078	-0.01626	0.67552	0.00322	1	1.45898	0.81042	0	
1242041	8377.79980	3304577588800	0.59844	0.65646	8377.68555	0.11426	11048	1	0.61830	0.63610	1	0.60946	0.73015	1	0.61388	0.68312	1	0.47137	0.54802	10.25335	1.06646	1	0.73549	0.57240	11.29382	1.05199	1	-0.00744	-0.01131	0.67929	0.00310	1	0.05794	-0.01551	0.64609	0.00323	1	1.45898	0.81042	0	
1242042	8377.80566	3304577655543	0.59648	0.65563	8377.68555	0.12012	11048	1	0.61546	0.58144	1	0.50665	0.70000	1	0.56106	0.64072	1	0.47115	0.54804	9.90747	1.05199	1	0.73445	0.57242	12.56809	1.03752	1	-0.00744	-0.01131	0.67929	0.00318	1	0.05794	-0.01551	0.64609	0.00326	1	1.45898	0.81042	0	
1242043	8377.81250	3304577722889	0.59493	0.65834	8377.68555	0.12695	11048	1	0.61726	0.65698	1	0.51373	0.76294	1	0.56550	0.70996	1	0.47108	0.54817	11.15357	1.03752	1	0.73463	0.57237	12.09213	1.02306	1	-0.00744	-0.01131	0.67929	0.00306	1	0.05794	-0.01551	0.64609	0.00324	1	1.45898	0.81042	0	
1242044	8377.81934	3304577789916	0.59353	0.66115	8377.68555	0.13379	11048	1	0.61787	0.66822	1	0.51312	0.76639	1	0.56550	0.71731	1	0.47099	0.54822	11.14008	1.01504	1	0.73452	0.57253	12.48469	1.01504	1	-0.00727	-0.01098	0.65970	0.00297	1	0.06042	-0.01627	0.67378	0.00311	1	1.45898	0.81042	0	
1242045	8377.82617	3304577856081	0.59145	0.65926	8377.68555	0.14062	11048	1	0.60677	0.60009	1	0.48911	0.63883	1	0.54794	0.61946	1	0.47106	0.54781	10.83848	1.00702	1	0.73426	0.57226	11.72811	1.02149	1	-0.00727	-0.01098	0.65970	0.00305	1	0.06042	-0.01627	0.67378	0.00327	1	1.45898	0.81042	0	
1242046	8377.83301	3304577923563	0.58947	0.65784	8377.68555	0.14746	11048	1	0.60221	0.61804	1	0.48944	0.63527	1	0.54582	0.62665	1	0.47091	0.54777	9.80930	1.01347	1	0.73426	0.57226	11.72811	1.02794	1	-0.00727	-0.01098	0.65970	0.00317	1	0.06042	-0.01627	0.67378	0.00326	1	1.45898	0.81042	0	
1242047	8377.83887	3304577987038	0.58765	0.65609	8377.68555	0.15332	11048	1	0.60123	0.60506	1	0.49027	0.62650	1	0.54575	0.61578	1	0.47089	0.54816	10.51387	1.03703	1	0.73459	0.57213	11.25881	1.04383	1	-0.00776	-0.01173	0.70426	0.00311	1	0.05967	-0.01603	0.66590	0.00333	1	1.45898	0.81042	0	
1242048	8377.84570	3304578054921	0.58630	0.65388	8377.68555	0.16016	11048	1	0.60377	0.59871	1	0.50404	0.60318	1	0.55391	0.60094	1	0.47098	0.54762	10.41179	1.06094	1	0.73444	0.57208	11.03368	1.05328	1	-0.00776	-0.01173	0.70426	0.00316	1	0.05967	-0.01603	0.66590	0.00336	1	1.45898	0.81042	0	
1242049	8377.85254	3304578121498	0.58545	0.65154	8377.68555	0.16699	11048	1	0.61033	0.59559	1	0.51840	0.59038	1	0.56436	0.59299	1	0.47109	0.54777	10.19345	1.07038	1	0.73470	0.57184	11.47297	1.06272	1	-0.00776	-0.01173	0.70426	0.00307	1	0.05967	-0.01603	0.66590	0.00346	1	1.45898	0.81042	0	
1242050	8377.85938	3304578187975	0.58467	0.64936	8377.68555	0.17383	11048	1	0.61032	0.59540	1	0.51843	0.59018	1	0.56437	0.59279	1	0.47103	0.54788	10.12840	1.07074	1	0.73424	0.57231	11.33370	1.06308	1	-0.00745	-0.01117	0.67107	0.00303	1	0.05967	-0.01603	0.66590	0.00321	1	1.45898	0.81042	0	
1242051	8377.86621	3304578255886	0.58305	0.64883	8377.68555	0.18066	11048	1	0.60543	0.60528	1	0.47283	0.66345	1	0.53913	0.63436	1	0.47094	0.54790	10.34362	1.05399	1	0.73394	0.57264	12.20265	1.05399	1	-0.00745	-0.01117	0.67107	0.00307	1	0.05967	-0.01603	0.66590	0.00324	1	1.45898	0.81042	0	
1242052	8377.87207	3304578318272	0.58207	0.64773	8377.68555	0.18652	11048	1	0.60664	0.61391	1	0.50293	0.61999	1	0.55478	0.61695	1	0.47098	0.54811	10.44741	1.04491	1	0.73445	0.57217	11.03679	1.04491	1	-0.00745	-0.01117	0.67107	0.00294	1	0.05967	-0.01603	0.66590	0.00335	1	1.45898	0.81042	0	
1242053	8377.87988	3304578389454	0.55523	0.63249	8377.68555	0.18652	11048	0	0.60697	0.61880	1	0.50235	0.62506	1	0.55466	0.62193	1	0.47102	0.54792	10.34813	1.03582	1	0.73457	0.57195	11.00371	1.03582	1	-0.00745	-0.01122	0.67107	0.00304	1	0.05967	-0.01603	0.66590	0.00337	1	1.45898	0.81042	0	
1242054	8377.88574	3304578457011	0.55173	0.61986	8377.68555	0.18652	11048	0	0.60145	0.59827	1	0.49501	0.61619	1	0.54823	0.60723	1	0.47091	0.54808	10.74934	1.03582	1	0.73428	0.57223	11.19749	1.03582	1	-0.00745	-0.01122	0.67107	0.00300	1	0.05967	-0.01603	0.66590	0.00335	1	1.45898	0.81042	0	
1242055	8377.89258	3304578524609	0.55043	0.62670	8377.68555	0.18652	11048	0	0.60145	0.59827	1	0.49424	0.68248	1	0.54784	0.64037	1	0.47092	0.54806	10.67590	1.03582	1	0.73431	0.57233	11.25639	1.03582	1	-0.00745	-0.01122	0.67107	0.00299	1	0.05967	-0.01603	0.66590	0.00323	1	1.45898	0.81042	0	
1242056	8377.89941	3304578588361	0.54982	0.63070	8377.87988	0.01953	11049	1	0.60178	0.60274	1	0.49422	0.68266	1	0.54800	0.64270	1	0.47063	0.54816	10.55538	1.02780	1	0.73456	0.57235	11.30076	1.03546	1	-0.00779	-0.01160	0.69691	0.00293	1	0.06042	-0.01625	0.67489	0.00326	1	1.45898	0.81042	0	
1242057	8377.90625	3304578660055	0.55429	0.63464	8377.87988	0.02637	11049	1	0.60627	0.64864	1	0.53806	0.65213	1	0.57216	0.65038	1	0.47058	0.54810	9.93831	1.02745	1	0.73460	0.57233	11.30322	1.03511	1	-0.00779	-0.01160	0.69691	0.00301	1	0.06042	-0.01625	0.67489	0.00325	1	1.45898	0.81042	0	
1242058	8377.91309	3304578727234	0.55724	0.63661	8377.87988	0.03320	11049	1	0.60489	0.63864	1	0.53913	0.65431	1	0.57201	0.64648	1	0.47058	0.54807	9.85225	1.02709	1	0.73466	0.57245	11.49409	1.03475	1	-0.00779	-0.01160	0.69691	0.00302	1	0.06042	-0.01625	0.67489	0.00326	1	1.45898	0.81042	0	
1242059	8377.91992	3304578794190	0.55933	0.63773	8377.87988	0.04004	11049	1	0.60460	0.63463	1	0.53913	0.65431	1	0.57186	0.64447	1	0.47041	0.54838	9.71939	1.03475	1	0.73462	0.57251	11.31850	1.03475	1	-0.00768	-0.01137	0.68293	0.00302	1	0.05938	-0.01598	0.66381	0.00318	1	1.45898	0.81042	0	
1242060	8377.92676	3304578860745	0.55916	0.63580	8377.87988	0.04688	11049	1	0.58635	0.54409	1	0.52951	0.70042	1	0.55793	0.62226	1	0.47038	0.54764	9.34006	1.04277	1	0.73446	0.57233	11.19379	1.03511	1	-0.00768	-0.01137	0.68293	0.00341	1	0.05938	-0.01598	0.66381	0.00312	1	1.45898	0.81042	0	
1242061	8377.93359	3304578928049	0.56231	0.63949	8377.87988	0.05371	11049	1	0.62057	0.63031	1	0.55450	0.70772	1	0.58754	0.66902	1	0.47039	0.54844	9.76843	1.04312	1	0.73459	0.57263	11.38094	1.03546	1	-0.00768	-0.01137	0.68293	0.00302	1	0.05938	-0.01598	0.66381	0.00323	1	1.45898	0.81042	0	
1242062	8377.94043	3304578995326	0.56480	0.64283	8377.87988	0.06055	11049	1	0.62076	0.63431	1	0.55364	0.71141	1	0.58720	0.67286	1	0.47011	0.54758	10.13345	1.03546	1	0.73373	0.57205	11.11572	1.02780	1	-0.00753	-0.01107	0.66472	0.00325	1	0.05910	-0.01588	0.66178	0.00325	1	1.45898	0.81042	0	
1242063	8377.94629	3304579062000	0.56387	0.64742	8377.87988	0.06641	11049	1	0.60209	0.69252	1	0.50698	0.69423	1	0.55454	0.69338	1	0.47018	0.54840	10.39802	1.01979	1	0.73372	0.57222	11.61232	1.01979	1	-0.00753	-0.01107	0.66472	0.00308	1	0.05910	-0.01588	0.66178	0.00329	1	1.45898	0.81042	0	
1242064	8377.95312	3304579129032	0.56230	0.65349	8377.87988	0.07324	11049	1	0.60853	0.72434	1	0.48151	0.71620	1	0.54502	0.72027	1	0.47009	0.54857	10.94579	1.01177	1	0.73331	0.57250	11.89539	1.01177	1	-0.00753	-0.01107	0.66472	0.00287	1	0.05910	-0.01588	0.66178	0.00322	1	1.45898	0.81042	0	
1242065	8377.95996	3304579196016	0.56097	0.65863	8377.87988	0.08008	11049	1	0.60853	0.72434	1	0.48151	0.71620	1	0.54502	0.72027	1	0.47000	0.54851	11.28744	1.01177	1	0.73352	0.57215	11.27359	1.01177	1	-0.00783	-0.01143	0.68674	0.00288	1	0.05903	-0.01581	0.66098	0.00343	1	1.45898	0.81042	0	
1242066	8377.96680	3304579263097	0.55994	0.66218	8377.87988	0.08691	11049	1	0.59361	0.69068	1	0.49956	0.72597	1	0.54659	0.70832	1	0.46993	0.54821	10.91153	1.01979	1	0.73369	0.57208	11.25643	1.01979	1	-0.00783	-0.01143	0.68674	0.00313	1	0.05903	-0.01581	0.66098	0.00333	1	1.45898	0.81042	0	
1242067	8377.97363	3304579330302	0.55992	0.66320	8377.87988	0.09375	11049	1	0.60599	0.68783	1	0.51341	0.66709	1	0.55970	0.67746	1	0.47017	0.54843	10.76784	1.02780	1	0.73388	0.57158	11.11200	1.02780	1	-0.00783	-0.01143	0.68674	0.00293	1	0.05903	-0.01581	0.66098	0.00317	1	1.45898	0.81042	0	
1242068	8377.98047	3304579396654	0.55993	0.66396	8377.87988	0.10059	11049	1	0.60599	0.68783	1	0.51398	0.66310	1	0.55998	0.67546	1	0.46984	0.54771	9.97971	1.02780	1	0.73379	0.57224	11.21550	1.03546	1	-0.00760	-0.01103	0.66218	0.00320	1	0.06049	-0.01622	0.67789	0.00328	1	1.45898	0.81042	0	
1242069	8377.98730	3304579463952	0.55998	0.66546	8377.87988	0.10742	11049	1	0.57491	0.71170	1	0.54678	0.66704	1	0.56085	0.68937	1	0.46958	0.54838	11.05477	1.02745	1	0.73397	0.57153	10.98008	1.03511	1	-0.00760	-0.01103	0.66218	0.00290	1	0.06049	-0.01622	0.67789	0.00335	1	1.45898	0.81042	0	
1242070	8377.99316	3304579529528	0.55897	0.66526	8377.87988	0.11328	11049	1	0.56067	0.65330	1	0.52299	0.67053	1	0.54183	0.66191	1	0.46945	0.54801	9.63331	1.02709	1	0.73359	0.57171	10.55906	1.03475	1	-0.00760	-0.01103	0.66218	0.00318	1	0.06049	-0.01622	0.67789	0.00321	1	1.45898	0.81042	0	
1242071	8378.00000	3304579598039	0.55805	0.66520	8377.87988	0.12012	11049	1	0.56070	0.65348	1	0.52232	0.67466	1	0.54151	0.66407	1	0.46967	0.54837	10.06869	1.02673	1	0.73360	0.57188	10.63482	1.02673	1	-0.00760	-0.01103	0.66218	0.00302	1	0.05903	-0.01581	0.66098	0.00314	1	1.45898	0.81042	0	
1242072	8378.00684	3304579664973	0.55846	0.66488	8377.87988	0.12695	11049	1	0.59577	0.61175	1	0.53669	0.70574	1	0.56623	0.65874	1	0.46967	0.54789	9.71306	1.02673	1	0.73384	0.57188	11.20279	1.01907	1	-0.00760	-0.01103	0.66218	0.00319	1	0.05903	-0.01581	0.66098	0.00303	1	1.45898	0.81042	0	
1242073	8378.01367	3304579731649	0.55812	0.66577	8377.87988	0.13379	11049	1	0.58060	0.66555	1	0.52170	0.70163	1	0.55115	0.68359	1	0.46936	0.54845	9.92971	1.01907	1	0.73362	0.57194	10.68869	1.01141	1	-0.00760	-0.01103	0.66218	0.00296	1	0.05903	-0.01581	0.66098	0.00310	1	1.45898	0.81042	0	
1242074	8378.02051	3304579798851	0.55781	0.66666	8377.87988	0.14062	11049	1	0.58107	0.66939	1	0.52170	0.70163	1	0.55138	0.68551	1	0.46960	0.54817	9.66997	1.01141	1	0.73342	0.57176	10.98003	1.01141	1	-0.00760	-0.01103	0.66218	0.00311	1	0.06049	-0.01622	0.67789	0.00308	1	1.45898	0.81042	0	
1242075	8378.02734	3304579866859	0.55815	0.66559	8377.87988	0.14746	11049	1	0.59789	0.61003	1	0.53336	0.67389	1	0.56562	0.64196	1	0.46969	0.54791	9.74946	1.01141	1	0.73383	0.57157	11.37528	1.01907	1	-0.00760	-0.01103	0.66218	0.00313	1	0.06049	-0.01622	0.67789	0.00322	1	1.45898	0.81042	0	
1242076	8378.03418	3304579932927	0.55846	0.66526	8377.87988	0.15430	11049	1	0.60039	0.61532	1	0.53073	0.70003	1	0.56556	0.65768	1	0.46974	0.54791	9.94972	1.01907	1	0.73380	0.57193	11.64630	1.02673	1	-0.00760	-0.01103	0.66218	0.00312	1	0.06049	-0.01622	0.67789	0.00299	1	1.45898	0.81042	0	
1242077	8378.04004	3304579999781	0.55876	0.66463	8377.87988	0.16016	11049	1	0.59972	0.60670	1	0.53216	0.69233	1	0.56594	0.64951	1	0.46982	0.54811	10.16735	1.03475	1	0.73342	0.57165	10.32494	1.04241	1	-0.00779	-0.01119	0.67499	0.00309	1	0.06049	-0.01612	0.67789	0.00328	1	1.45898	0.81042	0	
1242078	8378.04688	3304580067060	0.55844	0.66448	8377.87988	0.16699	11049	1	0.59279	0.64291	1	0.50830	0.67843	1	0.55054	0.66067	1	0.46962	0.54795	10.28257	1.05043	1	0.73341	0.57173	10.16233	1.05043	1	-0.00779	-0.01119	0.67499	0.00292	1	0.06049	-0.01612	0.67789	0.00326	1	1.45898	0.81042	0	
1242079	8378.05371	3304580131837	0.55837	0.66448	8377.87988	0.17383	11049	1	0.61082	0.64394	1	0.50239	0.68486	1	0.55661	0.66440	1	0.46990	0.54809	9.43965	1.05844	1	0.73335	0.57193	10.35394	1.05844	1	-0.00779	-0.01119	0.67499	0.00286	1	0.06049	-0.01612	0.67789	0.00323	1	1.45898	0.81042	0	
1242080	8378.06055	3304580198059	0.55831	0.66433	8377.87988	0.18066	11049	1	0.61057	0.63991	1	0.50289	0.68094	1	0.55673	0.66043	1	0.46966	0.54805	10.02942	1.06646	1	0.73336	0.57178	10.41379	1.06646	1	-0.00783	-0.01129	0.67820	0.00283	1	0.06049	-0.01612	0.67789	0.00313	1	1.45898	0.81042	0	
1242081	8378.06738	3304580265498	0.55801	0.66447	8377.87988	0.18750	11049	1	0.59085	0.67133	1	0.50816	0.66522	1	0.54951	0.66828	1	0.46956	0.54799	10.36843	1.06646	1	0.73340	0.57175	10.89532	1.06646	1	-0.00783	-0.01129	0.67820	0.00280	1	0.06049	-0.01612	0.67789	0.00313	1	1.45898	0.81042	0	
1242082	8378.07422	3304580333932	0.55792	0.66443	8377.87988	0.19434	11049	1	0.59935	0.65589	1	0.51150	0.67077	1	0.55543	0.66333	1	0.46968	0.54794	10.40676	1.06646	1	0.73344	0.57190	10.60986	1.06646	1	-0.00783	-0.01129	0.67820	0.00271	1	0.06049	-0.01612	0.67789	0.00305	1	1.45898	0.81042	0	
1242083	8378.08008	3304580399180	0.55784	0.66452	8377.87988	0.20020	11049	1	0.59969	0.65980	1	0.51093	0.67478	1	0.55531	0.66729	1	0.46976	0.54795	10.14034	1.05844	1	0.73330	0.57197	10.39598	1.05844	1	-0.00760	-0.01103	0.66218	0.00283	1	0.06049	-0.01612	0.67789	0.00313	1	1.45898	0.81042	0	
1242084	8378.08691	3304580468967	0.55810	0.66490	8377.87988	0.20703	11049	1	0.60057	0.68807	1	0.53176	0.66494	1	0.56617	0.67650	1	0.46965	0.54796	10.79655	1.05043	1	0.73377	0.57159	11.10335	1.05043	1	-0.00760	-0.01103	0.66218	0.00279	1	0.06049	-0.01612	0.67789	0.00327	1	1.45898	0.81042	0	
1242085	8378.09375	3304580535582	0.55779	0.66597	8377.87988	0.21387	11049	1	0.57499	0.71312	1	0.52105	0.68765	1	0.54802	0.70038	1	0.46923	0.54794	10.00072	1.04241	1	0.73362	0.57134	10.46918	1.04241	1	-0.00760	-0.01103	0.66218	0.00289	1	0.06049	-0.01612	0.67789	0.00300	1	1.45898	0.81042	0	
1242086	8378.10059	3304580603581	0.55751	0.66698	8377.87988	0.22070	11049	1	0.57499	0.71312	1	0.52105	0.68765	1	0.54802	0.70038	1	0.46882	0.54679	9.55038	1.04241	1	0.73298	0.57035	10.84948	1.04241	1	-0.00783	-0.01109	0.67820	0.00326	1	0.06138	-0.01618	0.68907	0.00327	1	1.45898	0.81042	0	
1242087	8378.10742	3304580669562	0.55698	0.66547	8377.87988	0.22754	11049	1	0.58673	0.58923	1	0.49131	0.63851	1	0.53902	0.61387	1	0.46916	0.54558	9.81386	1.05043	1	0.73224	0.56986	12.17600	1.05043	1	-0.00783	-0.01109	0.67820	0.00324	1	0.06138	-0.01618	0.68907	0.00327	1	1.45898	0.81042	0	
1242088	8378.11426	3304580736726	0.55714	0.66502	8377.87988	0.23438	11049	1	0.56433	0.60171	1	0.56124	0.69688	1	0.56279	0.64930	1	0.46880	0.54535	9.48608	1.05844	1	0.73309	0.56941	11.95189	1.05844	1	-0.00783	-0.01109	0.67820	0.00303	1	0.06138	-0.01618	0.68907	0.00290	1	1.45898	0.81042	0	
1242089	8378.12109	3304580803504	0.55728	0.66464	8377.87988	0.24121	11049	1	0.56433	0.60171	1	0.56034	0.70057	1	0.56234	0.65114	1	0.46864	0.54341	10.25807	1.05844	1	0.73196	0.56677	11.00282	1.05078	1	-0.00779	-0.01043	0.66202	0.00343	1	0.05831	-0.01499	0.65739	0.00356	1	1.45898	0.81042	0	
1242090	8378.12793	3304580871675	0.55549	0.66132	8377.87988	0.24805	11049	1	0.56433	0.60171	0	0.48917	0.53839	1	0.48917	0.53839	1	0.46864	0.54341	10.25807	1.04277	0	0.73186	0.56667	10.55791	1.03511	1	-0.00779	-0.01043	0.66202	0.00343	1	0.05831	-0.01499	0.65739	0.00375	1	1.45898	0.81042	0	
1242091	8378.13379	3304580937498	0.55549	0.66132	8377.87988	0.25391	11049	1	0.56433	0.60171	0	0.48917	0.53839	0	0.48917	0.53839	0	0.46864	0.54341	10.25807	1.02709	0	0.73186	0.56667	10.55791	1.01943	0	-0.00779	-0.01043	0.66202	0.00343	1	0.05831	-0.01499	0.65739	0.00375	1	1.45898	0.81042	0	
1242092	8378.14062	3304581004625	0.55549	0.66132	8377.87988	0.26074	11049	1	0.56433	0.60171	0	0.48917	0.53839	0	0.48917	0.53839	0	0.46864	0.54341	10.25807	1.01141	0	0.73186	0.56667	10.55791	1.00375	0	-0.00779	-0.01043	0.66202	0.00343	1	0.05831	-0.01499	0.65739	0.00375	1	1.45898	0.81042	0	
1242093	8378.14746	3304581071498	0.55549	0.66132	8377.87988	0.26758	11049	1	0.56433	0.60171	0	0.48917	0.53839	0	0.48917	0.53839	0	0.46864	0.54341	10.25807	1.00375	0	0.73186	0.56667	10.55791	1.00375	0	-0.00779	-0.01043	0.66202	0.00343	1	0.05831	-0.01499	0.65739	0.00375	1	1.45898	0.81042	0	
1242094	8378.15430	3304581138599	0.54909	0.65447	8377.87988	0.26758	11049	0	0.56433	0.60171	0	0.48917	0.53839	0	0.48917	0.53839	0	0.46864	0.54341	10.25807	1.00375	0	0.73186	0.56667	10.55791	1.00375	0	-0.00779	-0.01043	0.66202	0.00343	1	0.05831	-0.01499	0.65739	0.00375	1	1.45898	0.81042	0	
1242095	8378.16113	3304581205420	0.54909	0.65447	8377.87988	0.26758	11049	0	0.56433	0.60171	0	0.48917	0.53839	0	0.48917	0.53839	0	0.46864	0.54341	10.25807	1.00375	0	0.73186	0.56667	10.55791	1.00375	0	-0.00779	-0.01043	0.66202	0.00343	1	0.05831	-0.01499	0.65739	0.00375	1	1.45898	0.81042	0	
1242096	8378.16797	3304581272109	0.54909	0.65447	8377.87988	0.26758	11049	0	0.56433	0.60171	0	0.48917	0.53839	0	0.48917	0.53839	0	0.46864	0.54341	10.25807	1.00375	0	0.73186	0.56667	10.55791	1.00375	0	-0.00779	-0.01043	0.66202	0.00343	1	0.05831	-0.01499	0.65739	0.00375	1	1.45898	0.81042	0	
1242097	8378.17480	3304581339428	0.00000	0.00000	8377.87988	0.26758	11049	0	0.56433	0.60171	0	0.48917	0.53839	0	0.48917	0.53839	0	0.46864	0.54341	10.25807	1.00375	0	0.73186	0.56667	10.55791	1.00375	0	-0.00779	-0.01043	0.66202	0.00343	1	0.05831	-0.01499	0.65739	0.00375	1	1.45898	0.81042	0	
1242098	8378.18066	3304581406530	0.00000	0.00000	8377.87988	0.26758	11049	0	0.56433	0.60171	0	0.48917	0.53839	0	0.48917	0.53839	0	0.46864	0.54341	10.25807	1.00375	0	0.73186	0.56667	10.55791	1.00375	0	-0.00779	-0.01043	0.66202	0.00343	1	0.05831	-0.01499	0.65739	0.00375	1	1.45898	0.81042	0	
1242099	8378.18750	3304581473118	0.00000	0.00000	8377.87988	0.26758	11049	0	0.56433	0.60171	0	0.48917	0.53839	0	0.48917	0.53839	0	0.46864	0.54341	10.25807	1.00375	0	0.73186	0.56667	10.55791	1.00375	0	-0.00779	-0.01043	0.66202	0.00343	1	0.05831	-0.01499	0.65739	0.00375	1	1.45898	0.81042	0	
1242100	8378.19434	3304581539726	0.37251	0.46040	8377.87988	0.26758	11049	0	0.56433	0.60171	0	0.37251	0.46040	1	0.37251	0.46040	1	0.46812	0.54272	9.38929	1.00375	0	0.46812	0.54272	9.38929	1.00375	1	-0.00779	-0.01043	0.66202	0.00343	1	0.05831	-0.01499	0.65739	0.00349	1	1.45898	0.81042	0	
1242101	8378.20117	3304581607547	0.37228	0.45760	8377.87988	0.26758	11049	0	0.56433	0.60171	0	0.37205	0.45480	1	0.37205	0.45480	1	0.46812	0.54272	9.38929	1.00375	0	0.46822	0.54252	9.56351	1.01141	1	-0.00779	-0.01043	0.66202	0.00343	1	-0.00814	-0.01072	0.68711	0.00351	1	1.45898	0.81042	0	
1242102	8378.20801	3304581674312	0.38000	0.45355	8377.87988	0.26758	11049	0	0.56433	0.60171	0	0.39545	0.44546	1	0.39545	0.44546	1	0.46812	0.54272	9.38929	1.01141	0	0.46844	0.54226	10.52417	1.01907	1	-0.00779	-0.01043	0.66202	0.00343	1	-0.00814	-0.01072	0.68711	0.00330	1	1.45898	0.81042	0	
1242103	8378.21484	3304581741870	0.38204	0.45339	8378.19434	0.02051	11050	1	0.56433	0.60171	0	0.38815	0.45292	1	0.38815	0.45292	1	0.46812	0.54272	9.38929	1.01907	0	0.46836	0.54266	9.98996	1.02673	1	-0.00779	-0.01043	0.66202	0.00343	1	-0.00814	-0.01072	0.68711	0.00336	1	1.45898	0.81042	0	
1242104	8378.22168	3304581808287	0.38319	0.45219	8378.19434	0.02734	11050	1	0.56433	0.60171	0	0.38782	0.44738	1	0.38782	0.44738	1	0.46812	0.54272	9.38929	1.02673	0	0.46830	0.54271	10.14831	1.03439	1	-0.00779	-0.01043	0.66202	0.00343	1	-0.00798	-0.01074	0.68200	0.00348	1	1.45898	0.81042	0	
1242105	8378.22754	3304581875110	0.38560	0.44901	8378.19434	0.03320	11050	1	0.56433	0.60171	0	0.39763	0.43313	1	0.39763	0.43313	1	0.46812	0.54272	9.38929	1.03439	0	0.46846	0.54267	9.95267	1.03439	1	-0.00779	-0.01043	0.66202	0.00343	1	-0.00798	-0.01074	0.68200	0.00338	1	1.45898	0.81042	0	
1242106	8378.23438	3304581942417	0.38560	0.44901	8378.19434	0.04004	11050	1	0.56433	0.60171	0	0.39763	0.43313	0	0.39763	0.43313	0	0.46812	0.54272	9.38929	1.03439	0	0.46846	0.54267	9.95267	1.03439	0	-0.00779	-0.01043	0.66202	0.00343	1	-0.00798	-0.01074	0.68200	0.00338	1	1.45898	0.81042	0	
1242107	8378.24121	3304582005915	0.38560	0.44901	8378.19434	0.04688	11050	1	0.56433	0.60171	0	0.39763	0.43313	0	0.39763	0.43313	0	0.46812	0.54272	9.38929	1.03439	0	0.46846	0.54267	9.95267	1.03439	0	-0.00779	-0.01043	0.66202	0.00343	1	-0.00798	-0.01074	0.68200	0.00338	1	1.45898	0.81042	0	
1242108	8378.24805	3304582071448	0.38560	0.44901	8378.19434	0.05371	11050	1	0.56433	0.60171	0	0.39763	0.43313	0	0.39763	0.43313	0	0.46812	0.54272	9.38929	1.03439	0	0.46846	0.54267	9.95267	1.03439	0	-0.00779	-0.01043	0.66202	0.00343	1	-0.00798	-0.01074	0.68200	0.00338	1	1.45898	0.81042	0	
1242109	8378.25488	3304582140082	0.38822	0.44674	8378.19434	0.05371	11050	0	0.56433	0.60171	0	0.39763	0.43313	0	0.39763	0.43313	0	0.46812	0.54272	9.38929	1.03439	0	0.46846	0.54267	9.95267	1.03439	0	-0.00779	-0.01043	0.66202	0.00343	1	-0.00798	-0.01074	0.68200	0.00338	1	1.45898	0.81042	0	
1242110	8378.26172	3304582208225	0.38822	0.44674	8378.19434	0.05371	11050	0	0.56433	0.60171	0	0.39763	0.43313	0	0.39763	0.43313	0	0.46812	0.54272	9.38929	1.03439	0	0.46846	0.54267	9.95267	1.03439	0	-0.00779	-0.01043	0.66202	0.00343	1	-0.00798	-0.01074	0.68200	0.00338	1	1.45898	0.81042	0	
1242111	8378.26758	3304582270171	0.38822	0.44674	8378.19434	0.05371	11050	0	0.56433	0.60171	0	0.39763	0.43313	0	0.39763	0.43313	0	0.46812	0.54272	9.38929	1.03439	0	0.46846	0.54267	9.95267	1.03439	0	-0.00779	-0.01043	0.66202	0.00343	1	-0.00798	-0.01074	0.68200	0.00338	1	1.45898	0.81042	0	
1242112	8378.27441	3304582341135	0.00000	0.00000	8378.19434	0.05371	11050	0	0.56433	0.60171	0	0.39763	0.43313	0	0.39763	0.43313	0	0.46812	0.54272	9.38929	1.03439	0	0.46846	0.54267	9.95267	1.03439	0	-0.00779	-0.01043	0.66202	0.00343	1	-0.00798	-0.01074	0.68200	0.00338	1	1.45898	0.81042	0	
1242113	8378.28125	3304582411393	0.00000	0.00000	8378.19434	0.05371	11050	0	0.56433	0.60171	0	0.39763	0.43313	0	0.39763	0.43313	0	0.46812	0.54272	9.38929	1.03439	0	0.46846	0.54267	9.95267	1.03439	0	-0.00779	-0.01043	0.66202	0.00343	1	-0.00798	-0.01074	0.68200	0.00338	1	1.45898	0.81042	0	
1242114	8378.28809	3304582477501	0.00000	0.00000	8378.19434	0.05371	11050	0	0.56433	0.60171	0	0.39763	0.43313	0	0.39763	0.43313	0	0.46812	0.54272	9.38929	1.03439	0	0.46846	0.54267	9.95267	1.03439	0	-0.00779	-0.01043	0.66202	0.00343	1	-0.00798	-0.01074	0.68200	0.00338	1	1.45898	0.81042	0	
1242115	8378.29492	3304582545230	0.00000	0.00000	8378.19434	0.05371	11050	0	0.56433	0.60171	0	0.39763	0.43313	0	0.39763	0.43313	0	0.46812	0.54272	9.38929	1.03439	0	0.46846	0.54267	9.95267	1.03439	0	-0.00779	-0.01043	0.66202	0.00343	1	-0.00798	-0.01074	0.68200	0.00338	1	1.45898	0.81042	0	
1242116	8378.30176	3304582609251	0.00000	0.00000	8378.19434	0.05371	11050	0	0.56433	0.60171	0	0.39763	0.43313	0	0.39763	0.43313	0	0.46812	0.54272	9.38929	1.03439	0	0.46846	0.54267	9.95267	1.03439	0	-0.00779	-0.01043	0.66202	0.00343	1	-0.00798	-0.01074	0.68200	0.00338	1	1.45898	0.81042	0	
1242117	8378.30859	3304582679008	0.00000	0.00000	8378.19434	0.05371	11050	0	0.56433	0.60171	0	0.39763	0.43313	0	0.39763	0.43313	0	0.46812	0.54272	9.38929	1.03439	0	0.46846	0.54267	9.95267	1.03439	0	-0.00779	-0.01043	0.66202	0.00343	1	-0.00798	-0.01074	0.68200	0.00338	1	1.45898	0.81042	0	
1242118	8378.31543	3304582746810	0.00000	0.00000	8378.19434	0.05371	11050	0	0.56433	0.60171	0	0.39763	0.43313	0	0.39763	0.43313	0	0.46812	0.54272	9.38929	1.03439	0	0.46846	0.54267	9.95267	1.03439	0	-0.00779	-0.01043	0.66202	0.00343	1	-0.00798	-0.01074	0.68200	0.00338	1	1.45898	0.81042	0	
1242119	8378.32227	3304582813101	0.00000	0.00000	8378.19434	0.05371	11050	0	0.56433	0.60171	0	0.39763	0.43313	0	0.39763	0.43313	0	0.46812	0.54272	9.38929	1.03439	0	0.46846	0.54267	9.95267	1.03439	0	-0.00779	-0.01043	0.66202	0.00343	1	-0.00798	-0.01074	0.68200	0.00338	1	1.45898	0.81042	0	
1242120	8378.32812	3304582879977	0.00000	0.00000	8378.19434	0.05371	11050	0	0.56433	0.60171	0	0.39763	0.43313	0	0.39763	0.43313	0	0.46812	0.54272	9.38929	1.03439	0	0.46846	0.54267	9.95267	1.03439	0	-0.00779	-0.01043	0.66202	0.00343	1	-0.00798	-0.01074	0.68200	0.00338	1	1.45898	0.81042	0	
1242121	8378.33496	3304582947003	0.51329	0.48995	8378.19434	0.05371	11050	0	0.56433	0.60171	0	0.51329	0.48995	1	0.51329	0.48995	1	0.46812	0.54272	9.38929	1.03439	0	0.73367	0.56670	10.68715	1.03439	1	-0.00779	-0.01043	0.66202	0.00343	1	-0.00798	-0.01074	0.68200	0.00366	1	1.45898	0.81042	0	
1242122	8378.34180	3304583013954	0.51329	0.48995	8378.19434	0.05371	11050	0	0.56433	0.60171	0	0.51329	0.48995	1	0.51329	0.48995	1	0.46812	0.54272	9.38929	1.03439	0	0.73363	0.56672	10.44838	1.03439	1	-0.00779	-0.01043	0.66202	0.00343	1	0.06061	-0.01551	0.67814	0.00359	1	1.45898	0.81042	0	
1242123	8378.34863	3304583081177	0.50734	0.49289	8378.19434	0.05371	11050	0	0.56433	0.60171	0	0.49543	0.49879	1	0.49543	0.49879	1	0.46812	0.54272	9.38929	1.03439	0	0.73352	0.56684	11.07648	1.03439	1	-0.00779	-0.01043	0.66202	0.00343	1	0.06061	-0.01551	0.67814	0.00352	1	1.45898	0.81042	0	
1242124	8378.35547	3304583148063	0.50820	0.48803	8378.33496	0.02051	11051	1	0.56433	0.60171	0	0.51079	0.47343	1	0.51079	0.47343	1	0.46812	0.54272	9.38929	1.03439	0	0.73367	0.56648	10.30416	1.03439	1	-0.00779	-0.01043	0.66202	0.00343	1	0.06061	-0.01551	0.67814	0.00363	1	1.45898	0.81042	0	
1242125	8378.36230	3304583215012	0.50872	0.48511	8378.33496	0.02734	11051	1	0.56433	0.60171	0	0.51079	0.47343	1	0.51079	0.47343	1	0.46812	0.54272	9.38929	1.03439	0	0.73364	0.56629	10.25686	1.03439	1	-0.00779	-0.01043	0.66202	0.00343	1	0.06042	-0.01544	0.67489	0.00373	1	1.45898	0.81042	0	
1242126	8378.36914	3304583281920	0.50600	0.48384	8378.33496	0.03418	11051	1	0.56433	0.60171	0	0.49241	0.47750	1	0.49241	0.47750	1	0.46812	0.54272	9.38929	1.03439	0	0.73373	0.56657	10.46345	1.03439	1	-0.00779	-0.01043	0.66202	0.00343	1	0.06042	-0.01544	0.67489	0.00368	1	1.45898	0.81042	0	
1242127	8378.37500	3304583349055	0.50003	0.47601	8378.33496	0.04004	11051	1	0.56433	0.60171	0	0.46418	0.42905	1	0.46418	0.42905	1	0.46812	0.54272	9.38929	1.03439	0	0.73377	0.56613	10.32543	1.03439	1	-0.00779	-0.01043	0.66202	0.00343	1	0.06042	-0.01544	0.67489	0.00368	1	1.45898	0.81042	0	
1242128	8378.38184	3304583416007	0.50003	0.47601	8378.33496	0.04688	11051	1	0.56433	0.60171	0	0.46418	0.42905	0	0.46418	0.42905	0	0.46812	0.54272	9.38929	1.03439	0	0.73377	0.56613	10.32543	1.03439	0	-0.00779	-0.01043	0.66202	0.00343	1	0.06042	-0.01544	0.67489	0.00368	1	1.45898	0.81042	0	
1242129	8378.38867	3304583482875	0.50003	0.47601	8378.33496	0.05371	11051	1	0.56433	0.60171	0	0.46418	0.42905	0	0.46418	0.42905	0	0.46812	0.54272	9.38929	1.03439	0	0.73377	0.56613	10.32543	1.03439	0	-0.00779	-0.01043	0.66202	0.00343	1	0.06042	-0.01544	0.67489	0.00368	1	1.45898	0.81042	0	
1242130	8378.39551	3304583549813	0.50003	0.47601	8378.33496	0.06055	11051	1	0.56433	0.60171	0	0.46418	0.42905	0	0.46418	0.42905	0	0.46812	0.54272	9.38929	1.03439	0	0.73377	0.56613	10.32543	1.03439	0	-0.00779	-0.01043	0.66202	0.00343	1	0.06042	-0.01544	0.67489	0.00368	1	1.45898	0.81042	0	
1242131	8378.40234	3304583617045	0.49781	0.47369	8378.33496	0.06055	11051	0	0.56433	0.60171	0	0.46418	0.42905	0	0.46418	0.42905	0	0.46812	0.54272	9.38929	1.03439	0	0.73377	0.56613	10.32543	1.03439	0	-0.00779	-0.01043	0.66202	0.00343	1	0.06042	-0.01544	0.67489	0.00368	1	1.45898	0.81042	0	
1242132	8378.40918	3304583683978	0.49781	0.47369	8378.33496	0.06055	11051	0	0.56433	0.60171	0	0.46418	0.42905	0	0.46418	0.42905	0	0.46812	0.54272	9.38929	1.03439	0	0.73377	0.56613	10.32543	1.03439	0	-0.00779	-0.01043	0.66202	0.00343	1	0.06042	-0.01544	0.67489	0.00368	1	1.45898	0.81042	0	
1242133	8378.41504	3304583750387	0.49781	0.47369	8378.33496	0.06055	11051	0	0.56433	0.60171	0	0.46418	0.42905	0	0.46418	0.42905	0	0.46812	0.54272	9.38929	1.03439	0	0.73377	0.56613	10.32543	1.03439	0	-0.00779	-0.01043	0.66202	0.00343	1	0.06042	-0.01544	0.67489	0.00368	1	1.45898	0.81042	0	
1242134	8378.42188	3304583817440	0.00000	0.00000	8378.33496	0.06055	11051	0	0.56433	0.60171	0	0.46418	0.42905	0	0.46418	0.42905	0	0.46812	0.54272	9.38929	1.03439	0	0.73377	0.56613	10.32543	1.03439	0	-0.00779	-0.01043	0.66202	0.00343	1	0.06042	-0.01544	0.67489	0.00368	1	1.45898	0.81042	0	
1242135	8378.42871	3304583884549	0.00000	0.00000	8378.33496	0.06055	11051	0	0.56433	0.60171	0	0.46418	0.42905	0	0.46418	0.42905	0	0.46812	0.54272	9.38929	1.03439	0	0.73377	0.56613	10.32543	1.03439	0	-0.00779	-0.01043	0.66202	0.00343	1	0.06042	-0.01544	0.67489	0.00368	1	1.45898	0.81042	0	
1242136	8378.43555	3304583952141	0.00000	0.00000	8378.33496	0.06055	11051	0	0.56433	0.60171	0	0.46418	0.42905	0	0.46418	0.42905	0	0.46812	0.54272	9.38929	1.03439	0	0.73377	0.56613	10.32543	1.03439	0	-0.00779	-0.01043	0.66202	0.00343	1	0.06042	-0.01544	0.67489	0.00368	1	1.45898	0.81042	0	
1242137	8378.44238	3304584019080	0.00000	0.00000	8378.33496	0.06055	11051	0	0.56433	0.60171	0	0.46418	0.42905	0	0.46418	0.42905	0	0.46812	0.54272	9.38929	1.03439	0	0.73377	0.56613	10.32543	1.03439	0	-0.00779	-0.01043	0.66202	0.00343	1	0.06042	-0.01544	0.67489	0.00368	1	1.45898	0.81042	0	
1242138	8378.44922	3304584084361	0.00000	0.00000	8378.33496	0.06055	11051	0	0.56433	0.60171	0	0.46418	0.42905	0	0.46418	0.42905	0	0.46812	0.54272	9.38929	1.03439	0	0.73377	0.56613	10.32543	1.03439	0	-0.00779	-0.01043	0.66202	0.00343	1	0.06042	-0.01544	0.67489	0.00368	1	1.45898	0.81042	0	
1242139	8378.45605	3304584152269	0.00000	0.00000	8378.33496	0.06055	11051	0	0.56433	0.60171	0	0.46418	0.42905	0	0.46418	0.42905	0	0.46812	0.54272	9.38929	1.03439	0	0.73377	0.56613	10.32543	1.03439	0	-0.00779	-0.01043	0.66202	0.00343	1	0.06042	-0.01544	0.67489	0.00368	1	1.45898	0.81042	0	
1242140	8378.46289	3304584219423	0.00000	0.00000	8378.33496	0.06055	11051	0	0.56433	0.60171	0	0.46418	0.42905	0	0.46418	0.42905	0	0.46812	0.54272	9.38929	1.03439	0	0.73377	0.56613	10.32543	1.03439	0	-0.00779	-0.01043	0.66202	0.00343	1	0.06042	-0.01544	0.67489	0.00368	1	1.45898	0.81042	0	
1242141	8378.46875	3304584286774	0.00000	0.00000	8378.33496	0.06055	11051	0	0.56433	0.60171	0	0.46418	0.42905	0	0.46418	0.42905	0	0.46812	0.54272	9.38929	1.03439	0	0.73377	0.56613	10.32543	1.03439	0	-0.00779	-0.01043	0.66202	0.00343	1	0.06042	-0.01544	0.67489	0.00368	1	1.45898	0.81042	0	
1242142	8378.47559	3304584353152	0.00000	0.00000	8378.33496	0.06055	11051	0	0.56433	0.60171	0	0.46418	0.42905	0	0.46418	0.42905	0	0.46812	0.54272	9.38929	1.03439	0	0.73377	0.56613	10.32543	1.03439	0	-0.00779	-0.01043	0.66202	0.00343	1	0.06042	-0.01544	0.67489	0.00368	1	1.45898	0.81042	0	
1242143	8378.48242	3304584419208	0.00000	0.00000	8378.33496	0.06055	11051	0	0.56433	0.60171	0	0.46418	0.42905	0	0.46418	0.42905	0	0.46812	0.54272	9.38929	1.03439	0	0.73377	0.56613	10.32543	1.03439	0	-0.00779	-0.01043	0.66202	0.00343	1	0.06042	-0.01544	0.67489	0.00368	1	1.45898	0.81042	0	
1242144	8378.48926	3304584487257	0.00000	0.00000	8378.33496	0.06055	11051	0	0.56433	0.60171	0	0.46418	0.42905	0	0.46418	0.42905	0	0.46812	0.54272	9.38929	1.03439	0	0.73377	0.56613	10.32543	1.03439	0	-0.00779	-0.01043	0.66202	0.00343	1	0.06042	-0.01544	0.67489	0.00368	1	1.45898	0.81042	0	
1242145	8378.49609	3304584554148	0.12996	0.19855	8378.33496	0.06055	11051	0	0.24909	0.29927	1	0.27073	0.49491	1	0.25991	0.39709	1	0.46097	0.54185	9.45243	1.03439	1	0.72547	0.56807	11.41685	1.03439	1	-0.00779	-0.01043	0.66202	0.00211	1	0.06042	-0.01544	0.67489	0.00387	1	1.45898	0.81042	0	
1242146	8378.50293	3304584621551	0.25991	0.39709	8378.33496	0.06055	11051	0	0.24909	0.29927	1	0.27073	0.49491	1	0.25991	0.39709	1	0.46093	0.54181	9.35919	1.03439	1	0.72557	0.56790	11.53649	1.03439	1	-0.00854	-0.01069	0.66575	0.00205	1	0.05915	-0.01557	0.67422	0.00374	1	1.45898	0.81042	0	
1242147	8378.50977	3304584688476	0.26479	0.39004	8378.33496	0.06055	11051	0	0.25487	0.29956	1	0.28447	0.46643	1	0.26967	0.38299	1	0.46101	0.54192	9.23410	1.03439	1	0.72563	0.56761	11.28669	1.03439	1	-0.00854	-0.01069	0.66575	0.00212	1	0.05915	-0.01557	0.67422	0.00379	1	1.45898	0.81042	0	
1242148	8378.51562	3304584755262	0.26301	0.39139	8378.33496	0.06055	11051	0	0.24694	0.29077	1	0.27198	0.49741	1	0.25946	0.39409	1	0.46096	0.54174	9.17547	1.03439	1	0.72541	0.56794	10.99581	1.03439	1	-0.00854	-0.01069	0.66575	0.00216	1	0.05915	-0.01557	0.67422	0.00392	1	1.45898	0.81042	0	
1242149	8378.52246	3304584822567	0.26164	0.39052	8378.50293	0.01953	11052	1	0.24425	0.28374	1	0.27076	0.49206	1	0.25750	0.38790	1	0.46082	0.54190	9.23728	1.04241	1	0.72554	0.56800	11.03770	1.04241	1	-0.00861	-0.01084	0.67565	0.00205	1	0.05915	-0.01557	0.67422	0.00364	1	1.45898	0.81042	0	
1242150	8378.52930	3304584889625	0.26124	0.39331	8378.50293	0.02637	11052	1	0.24168	0.27099	1	0.27760	0.53794	1	0.25964	0.40447	1	0.46088	0.54186	9.20721	1.05043	1	0.72557	0.56837	11.49294	1.05043	1	-0.00861	-0.01084	0.67565	0.00210	1	0.05915	-0.01557	0.67422	0.00365	1	1.45898	0.81042	0	
1242151	8378.53613	3304584953956	0.26176	0.39083	8378.50293	0.03320	11052	1	0.25841	0.28164	1	0.27039	0.47519	1	0.26440	0.37842	1	0.46085	0.54192	9.22310	1.05844	1	0.72552	0.56796	11.24291	1.05844	1	-0.00861	-0.01084	0.67565	0.00214	1	0.05915	-0.01557	0.67422	0.00379	1	1.45898	0.81042	0	
1242152	8378.54297	3304585020143	0.26214	0.38905	8378.50293	0.04004	11052	1	0.25841	0.28164	1	0.27039	0.47519	1	0.26440	0.37842	1	0.46090	0.54192	9.41020	1.05844	1	0.72573	0.56800	11.43904	1.05844	1	-0.00854	-0.01069	0.66575	0.00212	1	0.05915	-0.01557	0.67422	0.00357	1	1.45898	0.81042	0	
1242153	8378.54883	3304585086660	0.26453	0.39013	8378.50293	0.04590	11052	1	0.25798	0.29273	1	0.30447	0.50261	1	0.28123	0.39767	1	0.46069	0.54201	9.41426	1.05043	1	0.72556	0.56806	11.61383	1.05043	1	-0.00854	-0.01069	0.66575	0.00215	1	0.05915	-0.01557	0.67422	0.00359	1	1.45898	0.81042	0	
1242154	8378.55566	3304585154626	0.26518	0.39216	8378.50293	0.05273	11052	1	0.26518	0.29618	1	0.27564	0.52063	1	0.27041	0.40841	1	0.46091	0.54205	9.64358	1.04241	1	0.72551	0.56818	11.71301	1.04241	1	-0.00854	-0.01069	0.66575	0.00207	1	0.05915	-0.01557	0.67422	0.00364	1	1.45898	0.81042	0	
1242155	8378.56250	3304585221790	0.26589	0.39439	8378.50293	0.05957	11052	1	0.26773	0.30311	1	0.27683	0.52576	1	0.27228	0.41444	1	0.46073	0.54200	9.62594	1.03439	1	0.72563	0.56802	11.49504	1.03439	1	-0.00854	-0.01069	0.66575	0.00210	1	0.05915	-0.01557	0.67422	0.00363	1	1.45898	0.81042	0	
1242156	8378.56934	3304585288964	0.26673	0.39264	8378.50293	0.06641	11052	1	0.26465	0.30159	1	0.28563	0.44871	1	0.27514	0.37515	1	0.46077	0.54194	9.41239	1.03439	1	0.72559	0.56760	11.26508	1.03439	1	-0.00854	-0.01069	0.66575	0.00224	1	0.05915	-0.01557	0.67422	0.00380	1	1.45898	0.81042	0	
1242157	8378.57617	3304585356137	0.26691	0.39525	8378.50293	0.07324	11052	1	0.25746	0.29752	1	0.28029	0.55036	1	0.26887	0.42394	1	0.46073	0.54190	9.34329	1.03439	1	0.72557	0.56838	11.64056	1.03439	1	-0.00854	-0.01069	0.66575	0.00217	1	0.05915	-0.01557	0.67422	0.00361	1	1.45898	0.81042	0	
1242158	8378.58301	3304585423099	0.26710	0.39764	8378.50293	0.08008	11052	1	0.25746	0.29752	1	0.28140	0.55509	1	0.26943	0.42630	1	0.46060	0.54206	9.40643	1.03439	1	0.72564	0.56802	11.23646	1.02673	1	-0.00854	-0.01069	0.66575	0.00211	1	0.05739	-0.01513	0.65478	0.00359	1	1.45898	0.81042	0	
1242159	8378.58984	3304585489085	0.26855	0.39968	8378.50293	0.08691	11052	1	0.27268	0.31514	1	0.30211	0.53743	1	0.28739	0.42629	1	0.46060	0.54206	9.40643	1.02673	1	0.72551	0.56818	11.71301	1.01907	1	-0.00854	-0.01069	0.66575	0.00211	1	0.05739	-0.01513	0.65478	0.00364	1	1.45898	0.81042	0	
1242160	8378.59570	3304585556368	0.27010	0.40018	8378.50293	0.09277	11052	1	0.27223	0.32488	1	0.31139	0.48933	1	0.29181	0.40710	1	0.46058	0.54215	9.19875	1.01907	1	0.72564	0.56770	11.05061	1.01141	1	-0.00854	-0.01069	0.66575	0.00213	1	0.05739	-0.01513	0.65478	0.00373	1	1.45898	0.81042	0	
1242161	8378.60352	3304585626278	0.27159	0.40113	8378.50293	0.10059	11052	1	0.27469	0.33142	1	0.31310	0.49935	1	0.29390	0.41539	1	0.46039	0.54228	9.50086	1.01141	1	0.72531	0.56773	10.87219	0.99695	1	-0.00855	-0.01058	0.65926	0.00213	1	0.05626	-0.01484	0.64243	0.00371	1	1.45898	0.81042	0	
1242162	8378.60938	3304585690493	0.27205	0.40336	8378.50293	0.10645	11052	1	0.26455	0.36335	1	0.29437	0.51478	1	0.27946	0.43907	1	0.46035	0.54224	9.37128	0.99695	1	0.72527	0.56781	10.86179	0.99014	1	-0.00855	-0.01058	0.65926	0.00215	1	0.05626	-0.01484	0.64243	0.00371	1	1.45898	0.81042	0	
1242163	8378.61621	3304585760471	0.27272	0.40592	8378.50293	0.11328	11052	1	0.27541	0.36207	1	0.29254	0.53674	1	0.28397	0.44941	1	0.46046	0.54225	9.67144	0.99014	1	0.72526	0.56780	10.93544	0.98333	1	-0.00855	-0.01058	0.65926	0.00217	1	0.05626	-0.01484	0.64243	0.00375	1	1.45898	0.81042	0	
1242164	8378.62305	3304585825356	0.27324	0.40791	8378.50293	0.12012	11052	1	0.27501	0.36106	1	0.29034	0.52633	1	0.28267	0.44369	1	0.46053	0.54224	9.61819	0.99135	1	0.72494	0.56848	11.59325	0.99901	1	-0.00885	-0.01089	0.67866	0.00209	1	0.05951	-0.01572	0.68064	0.00382	1	1.45898	0.81042	0	
1242165	8378.62988	3304585891709	0.27295	0.40853	8378.50293	0.12695	11052	1	0.26016	0.34910	1	0.27484	0.49152	1	0.26750	0.42031	1	0.46035	0.54220	9.67677	1.00702	1	0.72503	0.56777	11.30206	1.02149	1	-0.00885	-0.01089	0.67866	0.00218	1	0.05951	-0.01572	0.68064	0.00382	1	1.45898	0.81042	0	
1242166	8378.63672	3304585958351	0.27257	0.40785	8378.50293	0.13379	11052	1	0.25787	0.33387	1	0.27185	0.45489	1	0.26486	0.39438	1	0.46026	0.54219	9.46376	1.02951	1	0.72499	0.56756	11.06577	1.04397	1	-0.00885	-0.01089	0.67866	0.00216	1	0.05951	-0.01572	0.68064	0.00393	1	1.45898	0.81042	0	
1242167	8378.64355	3304586025839	0.27208	0.40686	8378.50293	0.14062	11052	1	0.25310	0.32174	1	0.27082	0.45012	1	0.26196	0.38593	1	0.46057	0.54206	9.56654	1.04397	1	0.72544	0.56738	10.84403	1.05078	1	-0.00855	-0.01058	0.65926	0.00217	1	0.05762	-0.01521	0.65854	0.00387	1	1.45898	0.81042	0	
1242168	8378.64941	3304586090292	0.27246	0.40578	8378.50293	0.14648	11052	1	0.26385	0.30589	1	0.29759	0.45815	1	0.28072	0.38202	1	0.46059	0.54200	8.52436	1.04277	1	0.72544	0.56751	11.09467	1.03511	1	-0.00855	-0.01058	0.65926	0.00218	1	0.05762	-0.01521	0.65854	0.00387	1	1.45898	0.81042	0	
1242169	8378.65625	3304586159622	0.27302	0.40682	8378.50293	0.15332	11052	1	0.27873	0.31102	1	0.29293	0.55071	1	0.28583	0.43086	1	0.46064	0.54200	9.35255	1.02709	1	0.72538	0.56807	11.30274	1.01943	1	-0.00855	-0.01058	0.65926	0.00204	1	0.05762	-0.01521	0.65854	0.00371	1	1.45898	0.81042	0	
1242170	8378.66309	3304586224682	0.27358	0.40791	8378.50293	0.16016	11052	1	0.28113	0.31761	1	0.29293	0.55071	1	0.28703	0.43416	1	0.46043	0.54209	9.38899	1.01943	1	0.72541	0.56775	10.93722	1.01943	1	-0.00885	-0.01089	0.67866	0.00209	1	0.05918	-0.01559	0.67689	0.00385	1	1.45898	0.81042	0	
1242171	8378.66992	3304586295737	0.27398	0.40786	8378.50293	0.16699	11052	1	0.28584	0.31183	1	0.28231	0.50105	1	0.28407	0.40644	1	0.46067	0.54191	9.32324	1.02745	1	0.72526	0.56793	11.12321	1.03511	1	-0.00885	-0.01089	0.67866	0.00214	1	0.05918	-0.01559	0.67689	0.00363	1	1.45898	0.81042	0	
1242172	8378.67676	3304586361129	0.27420	0.40832	8378.50293	0.17383	11052	1	0.27306	0.31182	1	0.28644	0.52896	1	0.27975	0.42039	1	0.46060	0.54216	9.57715	1.04312	1	0.72537	0.56798	11.06818	1.05078	1	-0.00885	-0.01089	0.67866	0.00209	1	0.05918	-0.01559	0.67689	0.00361	1	1.45898	0.81042	0	
1242173	8378.68262	3304586425731	0.27427	0.40834	8378.50293	0.17969	11052	1	0.26817	0.29853	1	0.28428	0.51911	1	0.27623	0.40882	1	0.46052	0.54208	9.37570	1.05880	1	0.72512	0.56812	11.15989	1.06646	1	-0.00885	-0.01089	0.67866	0.00205	1	0.05918	-0.01559	0.67689	0.00364	1	1.45898	0.81042	0	
1242174	8378.69043	3304586495027	0.27409	0.40823	8378.50293	0.18750	11052	1	0.27279	0.28043	1	0.26544	0.53015	1	0.26911	0.40529	1	0.46039	0.54202	9.74502	1.06646	1	0.72510	0.56803	11.25531	1.06646	1	-0.00885	-0.01089	0.67866	0.00203	1	0.05918	-0.01559	0.67689	0.00358	1	1.45898	0.81042	0	
1242175	8378.69629	3304586560648	0.27407	0.40800	8378.50293	0.19336	11052	1	0.27433	0.28213	1	0.27239	0.52013	1	0.27336	0.40113	1	0.46041	0.54201	9.37208	1.06646	1	0.72518	0.56782	10.89366	1.06646	1	-0.00885	-0.01089	0.67866	0.00206	1	0.05918	-0.01559	0.67689	0.00360	1	1.45898	0.81042	0	
1242176	8378.70312	3304586628184	0.27398	0.40756	8378.50293	0.20020	11052	1	0.27158	0.27434	1	0.27105	0.51444	1	0.27131	0.39439	1	0.46034	0.54208	9.31836	1.07554	1	0.72515	0.56774	10.84167	1.07554	1	-0.00911	-0.01114	0.69422	0.00212	1	0.05918	-0.01559	0.67689	0.00357	1	1.45898	0.81042	0	
1242177	8378.70996	3304586696111	0.27417	0.40640	8378.50293	0.20703	11052	1	0.26393	0.27184	1	0.29667	0.46912	1	0.28030	0.37048	1	0.46027	0.54206	9.70906	1.08463	1	0.72518	0.56752	10.68617	1.08463	1	-0.00911	-0.01114	0.69422	0.00216	1	0.05918	-0.01559	0.67689	0.00354	1	1.45898	0.81042	0	
1242178	8378.71680	3304586761369	0.27466	0.40592	8378.50293	0.21387	11052	1	0.26346	0.26117	1	0.31713	0.51982	1	0.29030	0.39049	1	0.46039	0.54214	9.45737	1.09372	1	0.72513	0.56761	10.92841	1.09372	1	-0.00911	-0.01114	0.69422	0.00212	1	0.05918	-0.01559	0.67689	0.00350	1	1.45898	0.81042	0	
1242179	8378.72363	3304586829247	0.27513	0.40553	8378.50293	0.22070	11052	1	0.26346	0.26117	1	0.31793	0.52452	1	0.29070	0.39284	1	0.46018	0.54210	9.41276	1.09372	1	0.72502	0.56732	11.23531	1.08606	1	-0.00902	-0.01097	0.68331	0.00217	1	0.05843	-0.01540	0.66894	0.00350	1	1.45898	0.81042	0	
1242180	8378.73047	3304586897420	0.27547	0.40530	8378.50293	0.22754	11052	1	0.25869	0.27985	1	0.31521	0.51516	1	0.28695	0.39750	1	0.46018	0.54210	9.41276	1.07697	1	0.72492	0.56738	11.58638	1.06931	1	-0.00902	-0.01097	0.68331	0.00217	1	0.05843	-0.01540	0.66894	0.00341	1	1.45898	0.81042	0	
1242181	8378.73730	3304586966520	0.27578	0.40520	8378.50293	0.23438	11052	1	0.26099	0.28512	1	0.31242	0.51835	1	0.28670	0.40173	1	0.46016	0.54207	9.67936	1.06023	1	0.72499	0.56720	11.57213	1.05257	1	-0.00902	-0.01097	0.68331	0.00201	1	0.05843	-0.01540	0.66894	0.00341	1	1.45898	0.81042	0	
1242182	8378.74414	3304587032887	0.27618	0.40545	8378.50293	0.24121	11052	1	0.26629	0.29952	1	0.31431	0.52905	1	0.29030	0.41428	1	0.46000	0.54182	9.93455	1.04348	1	0.72492	0.56699	11.37659	1.03582	1	-0.00902	-0.01097	0.68331	0.00204	1	0.05843	-0.01540	0.66894	0.00350	1	1.45898	0.81042	0	
1242183	8378.75000	3304587099856	0.27684	0.40557	8378.50293	0.24707	11052	1	0.29614	0.29292	1	0.30633	0.52736	1	0.30124	0.41014	1	0.46021	0.54197	9.90884	1.03582	1	0.72484	0.56716	11.64352	1.03582	1	-0.00902	-0.01097	0.68331	0.00210	1	0.05843	-0.01540	0.66894	0.00347	1	1.45898	0.81042	0	
1242184	8378.75684	3304587167051	0.27732	0.40537	8378.50293	0.25391	11052	1	0.28649	0.29251	1	0.30487	0.50302	1	0.29568	0.39777	1	0.46007	0.54188	9.36293	1.03582	1	0.72480	0.56711	11.71935	1.03582	1	-0.00902	-0.01097	0.68331	0.00219	1	0.05843	-0.01540	0.66894	0.00351	1	1.45898	0.81042	0	
1242185	8378.76367	3304587233995	0.27782	0.40534	8378.50293	0.26074	11052	1	0.28892	0.29950	1	0.30584	0.50834	1	0.29738	0.40392	1	0.46008	0.54185	9.28937	1.02780	1	0.72475	0.56715	11.79860	1.02780	1	-0.00914	-0.01105	0.68862	0.00221	1	0.05843	-0.01540	0.66894	0.00357	1	1.45898	0.81042	0	
1242186	8378.77051	3304587300842	0.27837	0.40539	8378.50293	0.26758	11052	1	0.29254	0.30808	1	0.30846	0.50715	1	0.30050	0.40762	1	0.46009	0.54199	9.60843	1.01979	1	0.72481	0.56695	11.21523	1.01979	1	-0.00914	-0.01105	0.68862	0.00221	1	0.05843	-0.01540	0.66894	0.00360	1	1.45898	0.81042	0	
1242187	8378.77734	3304587367854	0.27900	0.40631	8378.50293	0.27441	11052	1	0.30318	0.35456	1	0.30646	0.53366	1	0.30482	0.44411	1	0.46020	0.54190	9.69964	1.01177	1	0.72481	0.56708	11.69914	1.01177	1	-0.00914	-0.01105	0.68862	0.00224	1	0.05843	-0.01540	0.66894	0.00356	1	1.45898	0.81042	0	
1242188	8378.78418	3304587435433	0.27964	0.40733	8378.50293	0.28125	11052	1	0.30558	0.36120	1	0.30745	0.53886	1	0.30652	0.45003	1	0.46008	0.54185	9.28937	1.00375	1	0.72481	0.56703	11.76099	1.00375	1	-0.00914	-0.01105	0.68862	0.00221	1	0.05760	-0.01503	0.65943	0.00344	1	1.45898	0.81042	0	
1242189	8378.79102	3304587502066	0.28006	0.40794	8378.50293	0.28809	11052	1	0.29298	0.30296	1	0.30305	0.56516	1	0.29802	0.43406	1	0.45996	0.54175	9.54374	1.00375	1	0.72480	0.56747	11.99286	1.00375	1	-0.00914	-0.01105	0.68862	0.00220	1	0.05760	-0.01503	0.65943	0.00352	1	1.45898	0.81042	0	
1242190	8378.79688	3304587568757	0.28048	0.40905	8378.50293	0.29395	11052	1	0.29242	0.35321	1	0.30565	0.56274	1	0.29904	0.45798	1	0.45992	0.54179	9.53603	1.00375	1	0.72480	0.56753	12.05227	1.00375	1	-0.00914	-0.01105	0.68862	0.00223	1	0.05760	-0.01503	0.65943	0.00351	1	1.45898	0.81042	0	
1242191	8378.80371	3304587635589	0.28089	0.41011	8378.50293	0.30078	11052	1	0.29242	0.35321	1	0.30565	0.56274	1	0.29904	0.45798	1	0.46003	0.54167	9.61577	1.00375	1	0.72483	0.56688	11.94375	1.00375	1	-0.00914	-0.01105	0.68862	0.00228	1	0.05720	-0.01496	0.65597	0.00378	1	1.45898	0.81042	0	
1242192	8378.81055	3304587702671	0.28160	0.41055	8378.50293	0.30762	11052	1	0.31577	0.35044	1	0.31285	0.51087	1	0.31431	0.43066	1	0.46015	0.54172	10.06981	1.00375	1	0.72482	0.56686	11.81840	1.00375	1	-0.00914	-0.01105	0.68862	0.00218	1	0.05720	-0.01496	0.65597	0.00377	1	1.45898	0.81042	0	
1242193	8378.81738	3304587769327	0.30083	0.42735	8378.50293	0.30762	11052	0	0.29010	0.33611	1	0.31623	0.50321	1	0.30316	0.41966	1	0.46000	0.54168	9.65176	1.00375	1	0.72484	0.56696	11.49220	1.00375	1	-0.00914	-0.01105	0.68862	0.00223	1	0.05720	-0.01496	0.65597	0.00377	1	1.45898	0.81042	0	
1242194	8378.82422	3304587836885	0.30200	0.42350	8378.50293	0.30762	11052	0	0.29010	0.33611	1	0.31623	0.50321	1	0.30316	0.41966	1	0.46001	0.54167	9.73163	1.00375	1	0.72477	0.56691	11.65786	1.00375	1	-0.00914	-0.01105	0.68862	0.00220	1	0.05760	-0.01503	0.65943	0.00372	1	1.45898	0.81042	0	
1242195	8378.83105	3304587903649	0.30298	0.42865	8378.50293	0.30762	11052	0	0.29936	0.34885	1	0.31054	0.52903	1	0.30495	0.43894	1	0.46013	0.54168	9.89010	1.00375	1	0.72479	0.56718	11.75523	1.00375	1	-0.00914	-0.01105	0.68862	0.00218	1	0.05760	-0.01503	0.65943	0.00352	1	1.45898	0.81042	0	
1242196	8378.83789	3304587971056	0.30254	0.43344	8378.81738	0.02051	11053	1	0.29782	0.34669	1	0.30458	0.54896	1	0.30120	0.44783	1	0.46007	0.54171	9.82362	1.00375	1	0.72476	0.56723	11.83730	1.00375	1	-0.00914	-0.01105	0.68862	0.00223	1	0.05760	-0.01503	0.65943	0.00353	1	1.45898	0.81042	0	
1242197	8378.84473	3304588037901	0.30227	0.43632	8378.81738	0.02734	11053	1	0.29782	0.34669	1	0.30458	0.54896	1	0.30120	0.44783	1	0.46019	0.54172	10.02026	1.00375	1	0.72480	0.56736	11.89459	1.00375	1	-0.00914	-0.01105	0.68862	0.00218	1	0.05720	-0.01496	0.65597	0.00358	1	1.45898	0.81042	0	
1242198	8378.85059	3304588104567	0.30200	0.43451	8378.81738	0.03320	11053	1	0.30072	0.34734	1	0.30053	0.50357	1	0.30062	0.42545	1	0.46012	0.54175	10.08574	1.00375	1	0.72470	0.56673	11.81577	1.00375	1	-0.00914	-0.01105	0.68862	0.00220	1	0.05720	-0.01496	0.65597	0.00378	1	1.45898	0.81042	0	
1242199	8378.85742	3304588168873	0.30191	0.43133	8378.81738	0.04004	11053	1	0.29912	0.34068	1	0.30368	0.48377	1	0.30140	0.41223	1	0.46017	0.54161	10.48928	1.00375	1	0.72470	0.56663	11.71990	1.00375	1	-0.00914	-0.01105	0.68862	0.00211	1	0.05720	-0.01496	0.65597	0.00383	1	1.45898	0.81042	0	
1242200	8378.86426	3304588238539	0.30185	0.42894	8378.81738	0.04688	11053	1	0.29912	0.34068	1	0.30368	0.48377	1	0.30140	0.41223	1	0.46010	0.54144	10.39639	1.00375	1	0.72498	0.56698	12.06662	1.00375	1	-0.00914	-0.01105	0.68862	0.00209	1	0.05760	-0.01503	0.65943	0.00355	1	1.45898	0.81042	0	
1242201	8378.87109	3304588306245	0.30264	0.42817	8378.81738	0.05371	11053	1	0.29736	0.34053	1	0.32063	0.50342	1	0.30900	0.42197	1	0.46005	0.54156	9.76212	1.00375	1	0.72498	0.56698	11.96750	1.00375	1	-0.00914	-0.01105	0.68862	0.00217	1	0.05760	-0.01503	0.65943	0.00354	1	1.45898	0.81042	0	
1242202	8378.87695	3304588369395	0.30192	0.42761	8378.81738	0.05957	11053	1	0.27198	0.35636	1	0.31880	0.48881	1	0.29539	0.42258	1	0.46011	0.54170	9.81769	1.00375	1	0.72493	0.56652	11.84662	1.00375	1	-0.00914	-0.01105	0.68862	0.00220	1	0.05760	-0.01503	0.65943	0.00346	1	1.45898	0.81042	0	
1242203	8378.88379	3304588434729	0.30116	0.42659	8378.81738	0.06641	11053	1	0.26936	0.34966	1	0.31790	0.48321	1	0.29363	0.41643	1	0.46004	0.54165	9.97111	1.01177	1	0.72492	0.56664	11.93110	1.01177	1	-0.00902	-0.01097	0.68331	0.00222	1	0.05760	-0.01503	0.65943	0.00345	1	1.45898	0.81042	0	
1242204	8378.89062	3304588503829	0.30041	0.42462	8378.81738	0.07324	11053	1	0.26899	0.33035	1	0.31513	0.47549	1	0.29206	0.40292	1	0.46011	0.54160	10.39560	1.01979	1	0.72489	0.56672	11.83141	1.01979	1	-0.00902	-0.01097	0.68331	0.00217	1	0.05760	-0.01503	0.65943	0.00353	1	1.45898	0.81042	0	
1242205	8378.89746	3304588569590	0.30007	0.42298	8378.81738	0.08008	11053	1	0.27299	0.32372	1	0.31922	0.48294	1	0.29611	0.40333	1	0.46016	0.54171	10.10680	1.02780	1	0.72502	0.56671	11.79397	1.02780	1	-0.00902	-0.01097	0.68331	0.00218	1	0.05760	-0.01503	0.65943	0.00352	1	1.45898	0.81042	0	
1242206	8378.90430	3304588640381	0.29964	0.42095	8378.81738	0.08691	11053	1	0.27044	0.31692	1	0.31752	0.47215	1	0.29398	0.39453	1	0.46010	0.54166	9.80698	1.03582	1	0.72503	0.56691	11.73160	1.04348	1	-0.00902	-0.01097	0.68331	0.00220	1	0.05951	-0.01552	0.68064	0.00359	1	1.45898	0.81042	0	
1242207	8378.91113	3304588707447	0.29935	0.41866	8378.81738	0.09375	11053	1	0.28146	0.32019	1	0.30920	0.45310	1	0.29533	0.38665	1	0.46015	0.54172	10.06981	1.04348	1	0.72487	0.56660	11.86673	1.05114	1	-0.00902	-0.01097	0.68331	0.00218	1	0.05951	-0.01552	0.68064	0.00386	1	1.45898	0.81042	0	
1242208	8378.91797	3304588774622	0.29859	0.41757	8378.81738	0.10059	11053	1	0.25772	0.31555	1	0.31672	0.48698	1	0.28722	0.40127	1	0.46009	0.54178	10.04809	1.05114	1	0.72510	0.56694	12.03998	1.05880	1	-0.00902	-0.01097	0.68331	0.00217	1	0.05951	-0.01552	0.68064	0.00356	1	1.45898	0.81042	0	
1242209	8378.92480	3304588841539	0.29771	0.41588	8378.81738	0.10742	11053	1	0.25233	0.30151	1	0.31491	0.47586	1	0.28362	0.38868	1	0.46021	0.54168	10.06128	1.06788	1	0.72491	0.56618	11.59102	1.07554	1	-0.00911	-0.01114	0.69422	0.00224	1	0.05951	-0.01552	0.68064	0.00392	1	1.45898	0.81042	0	
1242210	8378.93164	3304588908660	0.29586	0.40992	8378.81738	0.11426	11053	1	0.25340	0.26005	1	0.27545	0.35724	1	0.26443	0.30864	1	0.46022	0.54152	9.77769	1.08463	1	0.72480	0.56590	11.60846	1.08463	1	-0.00911	-0.01114	0.69422	0.00226	1	0.05951	-0.01552	0.68064	0.00405	1	1.45898	0.81042	0	
1242211	8378.93848	3304588975440	0.29443	0.40685	8378.81738	0.12109	11053	1	0.24872	0.27346	1	0.28852	0.42998	1	0.26862	0.35172	1	0.46016	0.54160	9.81375	1.09372	1	0.72497	0.56679	11.93549	1.09372	1	-0.00911	-0.01114	0.69422	0.00229	1	0.05951	-0.01552	0.68064	0.00358	1	1.45898	0.81042	0	
1242212	8378.94434	3304589042395	0.29314	0.40410	8378.81738	0.12695	11053	1	0.24872	0.27346	1	0.28852	0.42998	1	0.26862	0.35172	1	0.46040	0.54166	10.35168	1.09372	1	0.72472	0.56747	11.82965	1.09372	1	-0.00885	-0.01089	0.67866	0.00221	1	0.05951	-0.01552	0.68064	0.00368	1	1.45898	0.81042	0	
1242213	8378.95117	3304589109292	0.29122	0.40256	8378.81738	0.13379	11053	1	0.25166	0.26364	1	0.25384	0.47992	1	0.25275	0.37178	1	0.46048	0.54156	10.43280	1.08463	1	0.72491	0.56722	12.20477	1.08463	1	-0.00885	-0.01089	0.67866	0.00220	1	0.05951	-0.01552	0.68064	0.00367	1	1.45898	0.81042	0	
1242214	8378.95801	3304589176174	0.28951	0.40108	8378.81738	0.14062	11053	1	0.25169	0.27711	1	0.25555	0.46283	1	0.25362	0.36997	1	0.46048	0.54158	10.30021	1.07554	1	0.72490	0.56694	11.79538	1.07554	1	-0.00885	-0.01089	0.67866	0.00227	1	0.05951	-0.01552	0.68064	0.00395	1	1.45898	0.81042	0	
1242215	8378.96484	3304589242232	0.27601	0.37568	8378.81738	0.14062	11053	0	0.25458	0.28488	1	0.25701	0.46893	1	0.25580	0.37691	1	0.46067	0.54159	10.13551	1.06646	1	0.72551	0.56717	11.82118	1.06646	1	-0.00885	-0.01089	0.67866	0.00219	1	0.05951	-0.01552	0.68064	0.00368	1	1.45898	0.81042	0	
1242216	8378.97168	3304589310063	0.27897	0.38222	8378.81738	0.14062	11053	0	0.26339	0.28116	1	0.30047	0.49638	1	0.28193	0.38877	1	0.46059	0.54157	10.01981	1.06646	1	0.72560	0.56729	11.98342	1.06646	1	-0.00885	-0.01089	0.67866	0.00211	1	0.05951	-0.01552	0.68064	0.00352	1	1.45898	0.81042	0	
1242217	8378.97852	3304589376201	0.28011	0.38121	8378.81738	0.14062	11053	0	0.26353	0.28122	1	0.30127	0.47712	1	0.28240	0.37917	1	0.46060	0.54155	9.87016	1.06646	1	0.72556	0.56706	11.86266	1.06646	1	-0.00885	-0.01089	0.67866	0.00226	1	0.05951	-0.01552	0.68064	0.00366	1	1.45898	0.81042	0	
1242218	8378.98535	3304589445219	0.28112	0.38223	8378.96484	0.02051	11054	1	0.26603	0.28810	1	0.30225	0.48248	1	0.28414	0.38529	1	0.46067	0.54157	9.99666	1.05844	1	0.72553	0.56704	11.85536	1.05844	1	-0.00855	-0.01058	0.65926	0.00228	1	0.05951	-0.01552	0.68064	0.00367	1	1.45898	0.81042	0	
1242219	8378.99219	3304589512461	0.28203	0.38592	8378.96484	0.02734	11054	1	0.27306	0.30609	1	0.29824	0.49528	1	0.28565	0.40068	1	0.46083	0.54174	9.73015	1.05043	1	0.72546	0.56695	11.68862	1.05043	1	-0.00855	-0.01058	0.65926	0.00227	1	0.05951	-0.01552	0.68064	0.00388	1	1.45898	0.81042	0	
1242220	8378.99805	3304589578029	0.28261	0.39132	8378.96484	0.03320	11054	1	0.27568	0.31583	1	0.29537	0.52077	1	0.28553	0.41830	1	0.46066	0.54162	9.89621	1.04241	1	0.72546	0.56722	11.93556	1.04241	1	-0.00855	-0.01058	0.65926	0.00228	1	0.05951	-0.01552	0.68064	0.00369	1	1.45898	0.81042	0	
1242221	8379.00488	3304589644057	0.28335	0.39637	8378.96484	0.04004	11054	1	0.27817	0.32259	1	0.29741	0.53083	1	0.28779	0.42671	1	0.46096	0.54145	10.59298	1.03439	1	0.72551	0.56714	11.72658	1.02673	1	-0.00855	-0.01058	0.65926	0.00226	1	0.05762	-0.01506	0.65854	0.00373	1	1.45898	0.81042	0	
1242222	8379.01172	3304589712877	0.28400	0.40302	8378.96484	0.04688	11054	1	0.27300	0.34403	1	0.30407	0.55515	1	0.28853	0.44959	1	0.46086	0.54176	10.22170	1.02673	1	0.72557	0.56758	12.14061	1.01907	1	-0.00855	-0.01058	0.65926	0.00220	1	0.05762	-0.01506	0.65854	0.00354	1	1.45898	0.81042	0	
1242223	8379.01855	3304589779124	0.28574	0.40788	8378.96484	0.05371	11054	1	0.29053	0.33809	1	0.30875	0.55532	1	0.29964	0.44671	1	0.46092	0.54169	9.79514	1.01907	1	0.72567	0.56743	11.76054	1.01141	1	-0.00855	-0.01058	0.65926	0.00219	1	0.05762	-0.01506	0.65854	0.00357	1	1.45898	0.81042	0	
1242224	8379.02539	3304589846217	0.28729	0.41232	8378.96484	0.06055	11054	1	0.29288	0.34452	1	0.30968	0.56014	1	0.30128	0.45233	1	0.46096	0.54155	9.78294	1.01141	1	0.72579	0.56716	12.05185	1.00375	1	-0.00855	-0.01058	0.65926	0.00214	1	0.05739	-0.01493	0.65478	0.00357	1	1.45898	0.81042	0	
1242225	8379.03223	3304589912682	0.28772	0.41401	8378.96484	0.06738	11054	1	0.27385	0.31967	1	0.31027	0.54219	1	0.29206	0.43093	1	0.46091	0.54141	9.69667	1.00375	1	0.72569	0.56722	12.20460	1.00375	1	-0.00855	-0.01058	0.65926	0.00239	1	0.05739	-0.01493	0.65478	0.00357	1	1.45898	0.81042	0	
1242226	8379.03809	3304589979179	0.28802	0.41662	8378.96484	0.07324	11054	1	0.27753	0.33053	1	0.30501	0.56000	1	0.29127	0.44527	1	0.46089	0.54153	9.79212	1.00375	1	0.72555	0.56750	11.94334	1.00375	1	-0.00855	-0.01058	0.65926	0.00221	1	0.05739	-0.01493	0.65478	0.00355	1	1.45898	0.81042	0	
1242227	8379.04492	3304590047661	0.28809	0.41818	8378.96484	0.08008	11054	1	0.27496	0.32363	1	0.30303	0.55015	1	0.28900	0.43689	1	0.46100	0.54144	9.90741	1.01177	1	0.72542	0.56728	11.71536	1.01943	1	-0.00883	-0.01098	0.68428	0.00218	1	0.06019	-0.01569	0.68606	0.00375	1	1.45898	0.81042	0	
1242228	8379.05176	3304590112356	0.28793	0.41429	8378.96484	0.08691	11054	1	0.26565	0.31214	1	0.30588	0.41531	1	0.28577	0.36372	1	0.46092	0.54156	10.01627	1.02745	1	0.72556	0.56601	11.80832	1.03511	1	-0.00883	-0.01098	0.68428	0.00223	1	0.06019	-0.01569	0.68606	0.00379	1	1.45898	0.81042	0	
1242229	8379.05859	3304590180591	0.28803	0.41227	8378.96484	0.09375	11054	1	0.26960	0.29658	1	0.30928	0.47155	1	0.28944	0.38406	1	0.46105	0.54152	9.93715	1.04312	1	0.72569	0.56673	12.00434	1.05078	1	-0.00883	-0.01098	0.68428	0.00216	1	0.06019	-0.01569	0.68606	0.00357	1	1.45898	0.81042	0	
1242230	8379.06543	3304590246031	0.28791	0.40975	8378.96484	0.10059	11054	1	0.26468	0.28305	1	0.30747	0.46084	1	0.28607	0.37194	1	0.46083	0.54143	10.08026	1.05880	1	0.72558	0.56702	12.15833	1.06646	1	-0.00883	-0.01098	0.68428	0.00230	1	0.06019	-0.01569	0.68606	0.00355	1	1.45898	0.81042	0	
1242231	8379.07129	3304590312837	0.28746	0.40861	8378.96484	0.10645	11054	1	0.26344	0.27979	1	0.29730	0.50082	1	0.28037	0.39030	1	0.46098	0.54147	10.15013	1.06646	1	0.72552	0.56723	11.90852	1.06646	1	-0.00883	-0.01098	0.68428	0.00226	1	0.06019	-0.01569	0.68606	0.00376	1	1.45898	0.81042	0	
1242232	8379.07812	3304590377973	0.28689	0.40409	8378.96484	0.11328	11054	1	0.26012	0.26919	1	0.29433	0.38534	1	0.27722	0.32727	1	0.46096	0.54148	9.51800	1.06646	1	0.72548	0.56591	11.22209	1.06646	1	-0.00883	-0.01098	0.68428	0.00230	1	0.06019	-0.01569	0.68606	0.00401	1	1.45898	0.81042	0	
1242233	8379.08496	3304590446139	0.28628	0.39966	8378.96484	0.12012	11054	1	0.25727	0.26128	1	0.29318	0.37851	1	0.27522	0.31990	1	0.46099	0.54141	9.64181	1.07554	1	0.72557	0.56630	11.42065	1.07554	1	-0.00898	-0.01124	0.70022	0.00229	1	0.06019	-0.01569	0.68606	0.00398	1	1.45898	0.81042	0	
1242234	8379.09180	3304590513736	0.28511	0.39589	8378.96484	0.12695	11054	1	0.25378	0.25326	1	0.27209	0.39528	1	0.26294	0.32427	1	0.46098	0.54142	9.76104	1.08463	1	0.72555	0.56622	11.30778	1.08463	1	-0.00898	-0.01124	0.70022	0.00228	1	0.06019	-0.01569	0.68606	0.00400	1	1.45898	0.81042	0	
1242235	8379.09863	3304590578667	0.28456	0.39363	8378.96484	0.13379	11054	1	0.25123	0.25127	1	0.29596	0.44575	1	0.27359	0.34851	1	0.46093	0.54152	9.76824	1.09372	1	0.72551	0.56676	11.85155	1.09372	1	-0.00898	-0.01124	0.70022	0.00231	1	0.06019	-0.01569	0.68606	0.00394	1	1.45898	0.81042	0	
1242236	8379.10547	3304590647649	0.28407	0.39158	8378.96484	0.14062	11054	1	0.25123	0.25127	1	0.29596	0.44575	1	0.27359	0.34851	1	0.46097	0.54134	10.20802	1.09372	1	0.72567	0.56701	12.17539	1.09372	1	-0.00883	-0.01098	0.68428	0.00221	1	0.06001	-0.01565	0.68400	0.00354	1	1.45898	0.81042	0	
1242237	8379.11230	3304590717010	0.28397	0.39000	8378.96484	0.14746	11054	1	0.25798	0.24870	1	0.30582	0.46173	1	0.28190	0.35521	1	0.46098	0.54142	10.19060	1.08463	1	0.72568	0.56692	12.09364	1.08463	1	-0.00883	-0.01098	0.68428	0.00223	1	0.06001	-0.01565	0.68400	0.00357	1	1.45898	0.81042	0	
1242238	8379.11914	3304590783872	0.27994	0.36177	8378.96484	0.14746	11054	0	0.26021	0.27122	1	0.30802	0.47008	1	0.28411	0.37065	1	0.46108	0.54148	9.94218	1.07554	1	0.72576	0.56695	12.16127	1.07554	1	-0.00883	-0.01098	0.68428	0.00221	1	0.06001	-0.01565	0.68400	0.00353	1	1.45898	0.81042	0	
1242239	8379.12598	3304590851086	0.28299	0.36969	8378.96484	0.14746	11054	0	0.26304	0.27904	1	0.30905	0.47616	1	0.28605	0.37760	1	0.46101	0.54154	9.92585	1.06646	1	0.72568	0.56688	12.02854	1.06646	1	-0.00861	-0.01079	0.67565	0.00226	1	0.05915	-0.01537	0.67422	0.00357	1	1.45898	0.81042	0	
1242240	8379.13184	3304590918108	0.28222	0.37206	8378.96484	0.14746	11054	0	0.26540	0.26728	1	0.29597	0.48632	1	0.28068	0.37680	1	0.46099	0.54140	10.17690	1.06646	1	0.72557	0.56708	12.13715	1.06646	1	-0.00861	-0.01079	0.67565	0.00223	1	0.05915	-0.01537	0.67422	0.00358	1	1.45898	0.81042	0	
1242241	8379.13867	3304590984336	0.28351	0.37208	8379.11914	0.01953	11055	1	0.26084	0.27913	1	0.31388	0.46513	1	0.28736	0.37213	1	0.46097	0.54150	9.75905	1.06646	1	0.72580	0.56685	11.96395	1.06646	1	-0.00861	-0.01079	0.67565	0.00230	1	0.05915	-0.01537	0.67422	0.00356	1	1.45898	0.81042	0	
1242242	8379.14551	3304591052064	0.28436	0.37261	8379.11914	0.02637	11055	1	0.26084	0.27913	1	0.31472	0.47034	1	0.28778	0.37474	1	0.46107	0.54141	10.18597	1.06646	1	0.72562	0.56670	11.88837	1.05880	1	-0.00883	-0.01098	0.68428	0.00218	1	0.05739	-0.01493	0.65478	0.00366	1	1.45898	0.81042	0	
1242243	8379.15234	3304591118355	0.28457	0.37205	8379.11914	0.03320	11055	1	0.27158	0.27089	1	0.29970	0.46763	1	0.28564	0.36926	1	0.46092	0.54135	10.36971	1.05880	1	0.72552	0.56693	12.07971	1.05114	1	-0.00883	-0.01098	0.68428	0.00231	1	0.05739	-0.01493	0.65478	0.00367	1	1.45898	0.81042	0	
1242244	8379.15918	3304591186031	0.28463	0.37418	8379.11914	0.04004	11055	1	0.27717	0.28268	1	0.29275	0.49125	1	0.28496	0.38697	1	0.46109	0.54137	10.29623	1.05114	1	0.72542	0.56707	12.05676	1.04348	1	-0.00883	-0.01098	0.68428	0.00219	1	0.05739	-0.01493	0.65478	0.00367	1	1.45898	0.81042	0	
1242245	8379.16602	3304591252755	0.28488	0.37652	8379.11914	0.04688	11055	1	0.27951	0.28934	1	0.29376	0.49637	1	0.28664	0.39285	1	0.46093	0.54137	10.04136	1.04348	1	0.72559	0.56660	11.85055	1.03582	1	-0.00883	-0.01088	0.68428	0.00224	1	0.05739	-0.01493	0.65478	0.00375	1	1.45898	0.81042	0	
1242246	8379.17285	3304591319729	0.28485	0.38143	8379.11914	0.05371	11055	1	0.27395	0.31802	1	0.29532	0.52341	1	0.28464	0.42072	1	0.46100	0.54127	10.21444	1.03582	1	0.72558	0.56626	12.03665	1.03582	1	-0.00883	-0.01088	0.68428	0.00226	1	0.05739	-0.01493	0.65478	0.00376	1	1.45898	0.81042	0	
1242247	8379.17871	3304591386583	0.28477	0.38473	8379.11914	0.05957	11055	1	0.27482	0.29311	1	0.29318	0.53574	1	0.28400	0.41442	1	0.46098	0.54132	10.25898	1.03582	1	0.72547	0.56649	11.91253	1.03582	1	-0.00883	-0.01088	0.68428	0.00229	1	0.05739	-0.01493	0.65478	0.00375	1	1.45898	0.81042	0	
1242248	8379.18555	3304591453351	0.28465	0.38721	8379.11914	0.06641	11055	1	0.27482	0.29311	1	0.29216	0.53090	1	0.28349	0.41200	1	0.46107	0.54106	9.96814	1.03582	1	0.72561	0.56609	11.83885	1.04348	1	-0.00872	-0.01071	0.67651	0.00236	1	0.06001	-0.01554	0.68400	0.00381	1	1.45898	0.81042	0	
1242249	8379.19238	3304591520850	0.28510	0.38671	8379.11914	0.07324	11055	1	0.26334	0.32131	1	0.31673	0.44131	1	0.29004	0.38131	1	0.46087	0.54125	10.11937	1.04348	1	0.72577	0.56549	11.79126	1.05114	1	-0.00872	-0.01071	0.67651	0.00232	1	0.06001	-0.01554	0.68400	0.00367	1	1.45898	0.81042	0	
1242250	8379.19922	3304591588072	0.28485	0.38827	8379.11914	0.08008	11055	1	0.26496	0.30875	1	0.29885	0.50520	1	0.28190	0.40698	1	0.46102	0.54120	10.34294	1.05114	1	0.72557	0.56614	11.80118	1.05880	1	-0.00872	-0.01071	0.67651	0.00218	1	0.06001	-0.01554	0.68400	0.00368	1	1.45898	0.81042	0	
1242251	8379.20605	3304591654302	0.28456	0.38938	8379.11914	0.08691	11055	1	0.26253	0.30228	1	0.29885	0.50520	1	0.28069	0.40374	1	0.46095	0.54104	10.55541	1.05880	1	0.72561	0.56617	11.31761	1.05880	1	-0.00876	-0.01069	0.67901	0.00223	1	0.05828	-0.01511	0.66487	0.00372	1	1.45898	0.81042	0	
1242252	8379.21289	3304591721195	0.28498	0.38833	8379.11914	0.09375	11055	1	0.27692	0.28466	1	0.30501	0.46276	1	0.29097	0.37371	1	0.46082	0.54113	10.49818	1.05880	1	0.72569	0.56562	11.84912	1.05114	1	-0.00876	-0.01069	0.67901	0.00231	1	0.05828	-0.01511	0.66487	0.00365	1	1.45898	0.81042	0	
1242253	8379.21973	3304591788783	0.28660	0.38655	8379.11914	0.10059	11055	1	0.29745	0.28690	1	0.32406	0.43284	1	0.31076	0.35987	1	0.46100	0.54099	10.52405	1.05114	1	0.72586	0.56540	11.57912	1.04348	1	-0.00876	-0.01069	0.67901	0.00222	1	0.05828	-0.01511	0.66487	0.00368	1	1.45898	0.81042	0	
1242254	8379.22559	3304591855346	0.28811	0.38534	8379.11914	0.10645	11055	1	0.29967	0.29352	1	0.32484	0.43839	1	0.31226	0.36596	1	0.46115	0.54088	10.30414	1.04348	1	0.72577	0.56497	11.46935	1.03582	1	-0.00876	-0.01069	0.67901	0.00234	1	0.05828	-0.01511	0.66487	0.00387	1	1.45898	0.81042	0	
1242255	8379.23242	3304591923137	0.28939	0.38570	8379.11914	0.11328	11055	1	0.31128	0.33272	1	0.31117	0.45078	1	0.31122	0.39175	1	0.46110	0.54086	10.31722	1.03582	1	0.72574	0.56550	11.58480	1.03582	1	-0.00876	-0.01069	0.67901	0.00229	1	0.05828	-0.01511	0.66487	0.00367	1	1.45898	0.81042	0	
1242256	8379.23926	3304591989722	0.29017	0.38487	8379.11914	0.12012	11055	1	0.29710	0.32798	1	0.31133	0.41191	1	0.30421	0.36994	1	0.46111	0.54085	10.34222	1.03582	1	0.72563	0.56499	11.33608	1.03582	1	-0.00876	-0.01069	0.67901	0.00228	1	0.05828	-0.01511	0.66487	0.00388	1	1.45898	0.81042	0	
1242257	8379.24609	3304592056120	0.29076	0.38362	8379.11914	0.12695	11055	1	0.29441	0.32038	1	0.30940	0.39935	1	0.30191	0.35987	1	0.46108	0.54088	10.34875	1.04491	1	0.72583	0.56565	11.84378	1.05257	1	-0.00908	-0.01116	0.70846	0.00225	1	0.06001	-0.01554	0.68400	0.00383	1	1.45898	0.81042	0	
1242258	8379.25293	3304592124313	0.29085	0.38476	8379.11914	0.13379	11055	1	0.29218	0.30571	1	0.29329	0.50952	1	0.29274	0.40762	1	0.46102	0.54088	10.38559	1.06165	1	0.72545	0.56639	12.07194	1.06931	1	-0.00908	-0.01116	0.70846	0.00223	1	0.06001	-0.01554	0.68400	0.00389	1	1.45898	0.81042	0	
1242259	8379.25977	3304592190641	0.28985	0.38500	8379.11914	0.14062	11055	1	0.26314	0.29798	1	0.27438	0.48182	1	0.26876	0.38990	1	0.46108	0.54088	10.34875	1.07840	1	0.72553	0.56622	12.03865	1.08606	1	-0.00908	-0.01116	0.70846	0.00225	1	0.06001	-0.01554	0.68400	0.00386	1	1.45898	0.81042	0	
1242260	8379.26562	3304592254781	0.28893	0.38522	8379.11914	0.14648	11055	1	0.26325	0.29828	1	0.27443	0.48205	1	0.26884	0.39016	1	0.46113	0.54079	10.51101	1.07804	1	0.72561	0.56651	12.36389	1.08570	1	-0.00839	-0.01030	0.65409	0.00226	1	0.06001	-0.01554	0.68400	0.00359	1	1.45898	0.81042	0	
1242261	8379.27246	3304592321785	0.28838	0.38437	8379.11914	0.15332	11055	1	0.26500	0.29842	1	0.28611	0.43099	1	0.27556	0.36470	1	0.46108	0.54074	10.22038	1.06860	1	0.72572	0.56552	11.81140	1.06860	1	-0.00839	-0.01030	0.65409	0.00229	1	0.06001	-0.01554	0.68400	0.00371	1	1.45898	0.81042	0	
1242262	8379.27930	3304592389150	0.28786	0.38436	8379.11914	0.16016	11055	1	0.26740	0.30383	1	0.28367	0.46441	1	0.27553	0.38412	1	0.46105	0.54072	10.14977	1.05149	1	0.72556	0.56561	12.00010	1.05149	1	-0.00839	-0.01030	0.65409	0.00229	1	0.06001	-0.01554	0.68400	0.00404	1	1.45898	0.81042	0	
1242263	8379.28613	3304592454017	0.28754	0.38485	8379.11914	0.16699	11055	1	0.27278	0.31835	1	0.28605	0.47618	1	0.27942	0.39726	1	0.46113	0.54079	10.51101	1.03439	1	0.72565	0.56619	12.20081	1.03439	1	-0.00839	-0.01030	0.65409	0.00226	1	0.05944	-0.01535	0.67756	0.00362	1	1.45898	0.81042	0	
1242264	8379.29297	3304592523622	0.28748	0.38602	8379.11914	0.17383	11055	1	0.28147	0.32677	1	0.29027	0.50627	1	0.28587	0.41652	1	0.46113	0.54079	10.51101	1.03439	1	0.72578	0.56601	12.06737	1.03439	1	-0.00839	-0.01030	0.65409	0.00226	1	0.05944	-0.01535	0.67756	0.00358	1	1.45898	0.81042	0	
1242265	8379.29980	3304592591299	0.28763	0.38612	8379.11914	0.18066	11055	1	0.28443	0.32858	1	0.29913	0.44901	1	0.29178	0.38879	1	0.46110	0.54075	10.58935	1.03439	1	0.72584	0.56547	11.65692	1.03439	1	-0.00839	-0.01030	0.65409	0.00222	1	0.05944	-0.01535	0.67756	0.00384	1	1.45898	0.81042	0	
1242266	8379.30664	3304592659627	0.28765	0.38576	8379.11914	0.18750	11055	1	0.27920	0.31425	1	0.29697	0.43678	1	0.28808	0.37552	1	0.46110	0.54081	10.44062	1.05149	1	0.72573	0.56481	11.53716	1.05149	1	-0.00908	-0.01116	0.70846	0.00224	1	0.05915	-0.01517	0.67422	0.00410	1	1.45898	0.81042	0	
1242267	8379.31348	3304592726528	0.28748	0.38534	8379.11914	0.19434	11055	1	0.26808	0.28289	1	0.29754	0.46328	1	0.28281	0.37309	1	0.46110	0.54068	10.17011	1.06860	1	0.72593	0.56597	12.21291	1.06860	1	-0.00908	-0.01116	0.70846	0.00233	1	0.05915	-0.01517	0.67422	0.00360	1	1.45898	0.81042	0	
1242268	8379.31934	3304592793339	0.28734	0.38345	8379.11914	0.20020	11055	1	0.28496	0.27542	1	0.28124	0.37830	1	0.28310	0.32686	1	0.46104	0.54078	10.02877	1.08570	1	0.72567	0.56504	11.75118	1.08570	1	-0.00908	-0.01116	0.70846	0.00232	1	0.05915	-0.01517	0.67422	0.00406	1	1.45898	0.81042	0	
1242269	8379.32617	3304592860328	0.28716	0.38148	8379.11914	0.20703	11055	1	0.28265	0.26863	1	0.28015	0.37234	1	0.28140	0.32048	1	0.46100	0.54085	10.08564	1.09372	1	0.72573	0.56614	12.38649	1.09372	1	-0.00876	-0.01069	0.67901	0.00228	1	0.05915	-0.01517	0.67422	0.00363	1	1.45898	0.81042	0	
1242270	8379.33301	3304592927509	0.28720	0.38101	8379.11914	0.21387	11055	1	0.26896	0.27740	1	0.30797	0.45449	1	0.28846	0.36595	1	0.46118	0.54076	10.39063	1.08463	1	0.72571	0.56576	11.93704	1.08463	1	-0.00876	-0.01069	0.67901	0.00224	1	0.05915	-0.01517	0.67422	0.00361	1	1.45898	0.81042	0	
1242271	8379.33984	3304592994451	0.28716	0.38096	8379.11914	0.22070	11055	1	0.26229	0.30987	1	0.30932	0.44875	1	0.28581	0.37931	1	0.46104	0.54086	10.38220	1.07554	1	0.72573	0.56573	12.08242	1.07554	1	-0.00876	-0.01069	0.67901	0.00225	1	0.05915	-0.01517	0.67422	0.00359	1	1.45898	0.81042	0	
1242272	8379.34668	3304593061646	0.28717	0.38111	8379.11914	0.22754	11055	1	0.26513	0.31735	1	0.31035	0.45500	1	0.28774	0.38618	1	0.46105	0.54086	10.34888	1.06646	1	0.72578	0.56590	12.25521	1.06646	1	-0.00876	-0.01069	0.67901	0.00225	1	0.05915	-0.01517	0.67422	0.00354	1	1.45898	0.81042	0	
1242273	8379.35352	3304593128300	0.28744	0.38119	8379.11914	0.23438	11055	1	0.28221	0.30336	1	0.31165	0.46461	1	0.29693	0.38398	1	0.46087	0.54084	10.07656	1.06646	1	0.72577	0.56581	12.28405	1.06646	1	-0.00876	-0.01069	0.67901	0.00235	1	0.05915	-0.01517	0.67422	0.00354	1	1.45898	0.81042	0	
1242274	8379.36035	3304593195321	0.28796	0.38119	8379.11914	0.24121	11055	1	0.29859	0.30912	1	0.31487	0.45303	1	0.30673	0.38107	1	0.46108	0.54082	10.49750	1.06646	1	0.72577	0.56585	12.12892	1.06646	1	-0.00876	-0.01069	0.67901	0.00223	1	0.05915	-0.01517	0.67422	0.00355	1	1.45898	0.81042	0	
1242275	8379.36719	3304593262326	0.28850	0.38134	8379.11914	0.24805	11055	1	0.30088	0.31577	1	0.31574	0.45857	1	0.30831	0.38717	1	0.46109	0.54077	10.52104	1.05844	1	0.72568	0.56582	12.07654	1.05844	1	-0.00859	-0.01043	0.66239	0.00227	1	0.06001	-0.01544	0.68400	0.00361	1	1.45898	0.81042	0	
1242276	8379.37305	3304593329089	0.28897	0.38140	8379.11914	0.25391	11055	1	0.28893	0.33161	1	0.32487	0.43543	1	0.30690	0.38352	1	0.46095	0.54096	10.23405	1.05043	1	0.72589	0.56563	11.76305	1.05043	1	-0.00859	-0.01043	0.66239	0.00233	1	0.06001	-0.01544	0.68400	0.00361	1	1.45898	0.81042	0	
1242277	8379.37988	3304593396463	0.28942	0.38163	8379.11914	0.26074	11055	1	0.29966	0.31736	1	0.31445	0.46406	1	0.30706	0.39071	1	0.46111	0.54080	10.47581	1.04241	1	0.72571	0.56589	12.17217	1.04241	1	-0.00859	-0.01043	0.66239	0.00227	1	0.06001	-0.01544	0.68400	0.00355	1	1.45898	0.81042	0	
1242278	8379.38672	3304593463700	0.28989	0.38200	8379.11914	0.26758	11055	1	0.30200	0.32411	1	0.31535	0.46965	1	0.30867	0.39688	1	0.46107	0.54082	10.17512	1.03439	1	0.72580	0.56598	12.31187	1.03439	1	-0.00859	-0.01043	0.66239	0.00227	1	0.06019	-0.01549	0.68606	0.00353	1	1.45898	0.81042	0	
1242279	8379.39355	3304593530268	0.29035	0.38231	8379.11914	0.27441	11055	1	0.29588	0.31681	1	0.32242	0.47306	1	0.30915	0.39493	1	0.46106	0.54072	10.36455	1.03439	1	0.72585	0.56586	12.40088	1.03439	1	-0.00859	-0.01043	0.66239	0.00225	1	0.06019	-0.01549	0.68606	0.00353	1	1.45898	0.81042	0	
1242280	8379.40039	3304593596994	0.29078	0.38268	8379.11914	0.28125	11055	1	0.29907	0.32477	1	0.31874	0.47152	1	0.30890	0.39815	1	0.46110	0.54084	10.43196	1.03439	1	0.72582	0.56596	12.28226	1.03439	1	-0.00859	-0.01043	0.66239	0.00224	1	0.06019	-0.01549	0.68606	0.00353	1	1.45898	0.81042	0	
1242281	8379.40723	3304593663842	0.29116	0.38289	8379.11914	0.28809	11055	1	0.29671	0.31803	1	0.31787	0.46595	1	0.30729	0.39199	1	0.46111	0.54084	10.35967	1.04241	1	0.72561	0.56512	11.89905	1.04241	1	-0.00876	-0.01069	0.67901	0.00228	1	0.05915	-0.01517	0.67422	0.00392	1	1.45898	0.81042	0	
1242282	8379.41406	3304593731073	0.29148	0.38281	8379.11914	0.29492	11055	1	0.29216	0.29889	1	0.31947	0.45980	1	0.30582	0.37934	1	0.46099	0.54069	10.39218	1.05043	1	0.72593	0.56572	11.77518	1.05043	1	-0.00876	-0.01069	0.67901	0.00232	1	0.05915	-0.01517	0.67422	0.00363	1	1.45898	0.81042	0	
1242283	8379.42090	3304593799983	0.29142	0.38268	8379.11914	0.30176	11055	1	0.27874	0.31120	1	0.29828	0.44207	1	0.28851	0.37663	1	0.46118	0.54075	10.58704	1.05844	1	0.72557	0.56555	11.98783	1.05844	1	-0.00876	-0.01069	0.67901	0.00224	1	0.05915	-0.01517	0.67422	0.00403	1	1.45898	0.81042	0	
1242284	8379.42676	3304593866326	0.29132	0.38242	8379.11914	0.30762	11055	1	0.27631	0.30450	1	0.29728	0.43642	1	0.28679	0.37046	1	0.46114	0.54076	10.61035	1.06646	1	0.72574	0.56624	12.44662	1.06646	1	-0.00875	-0.01082	0.68671	0.00224	1	0.05915	-0.01517	0.67422	0.00359	1	1.45898	0.81042	0	
1242285	8379.43359	3304593931915	0.29140	0.38241	8379.11914	0.31445	11055	1	0.27118	0.30034	1	0.31950	0.46332	1	0.29534	0.38183	1	0.46108	0.54078	10.51650	1.06646	1	0.72586	0.56583	12.36207	1.06646	1	-0.00875	-0.01082	0.68671	0.00224	1	0.05915	-0.01517	0.67422	0.00353	1	1.45898	0.81042	0	
1242286	8379.44043	3304593999148	0.29125	0.38338	8379.11914	0.32129	11055	1	0.26493	0.31565	1	0.27988	0.50169	1	0.27240	0.40867	1	0.46104	0.54089	10.32581	1.06646	1	0.72570	0.56622	12.37059	1.06646	1	-0.00875	-0.01082	0.68671	0.00233	1	0.05915	-0.01517	0.67422	0.00363	1	1.45898	0.81042	0	
1242287	8379.44727	3304594063534	0.29096	0.38403	8379.11914	0.32812	11055	1	0.26493	0.31565	1	0.27988	0.50169	1	0.27240	0.40867	1	0.46100	0.54054	10.52471	1.06646	1	0.72573	0.56569	12.17531	1.06646	1	-0.00875	-0.01082	0.68671	0.00240	1	0.05915	-0.01517	0.67422	0.00366	1	1.45898	0.81042	0	
1242288	8379.45410	3304594133533	0.29090	0.38389	8379.11914	0.33496	11055	1	0.26806	0.27687	1	0.28719	0.46339	1	0.27763	0.37013	1	0.46113	0.54060	10.20968	1.06646	1	0.72576	0.56589	12.30855	1.06646	1	-0.00875	-0.01082	0.68671	0.00223	1	0.05915	-0.01517	0.67422	0.00368	1	1.45898	0.81042	0	
1242289	8379.45996	3304594196118	0.29031	0.38493	8379.11914	0.34082	11055	1	0.26547	0.28545	1	0.25231	0.55865	1	0.25889	0.42205	1	0.46126	0.54047	10.31825	1.06646	1	0.72567	0.56604	12.31641	1.06646	1	-0.00875	-0.01082	0.68671	0.00236	1	0.05915	-0.01517	0.67422	0.00369	1	1.45898	0.81042	0	
1242290	8379.46680	3304594265343	0.28974	0.38604	8379.11914	0.34766	11055	1	0.26796	0.29230	1	0.25365	0.56338	1	0.26080	0.42784	1	0.46237	0.53995	10.57696	1.05844	1	0.72713	0.56527	11.85845	1.05844	1	-0.00847	-0.01046	0.67674	0.00230	1	0.05945	-0.01520	0.67539	0.00375	1	1.45898	0.81042	0	
1242291	8379.47363	3304594330822	0.29051	0.38699	8379.11914	0.35449	11055	1	0.33338	0.33316	1	0.31156	0.49719	1	0.32247	0.41518	1	0.46307	0.53984	10.61610	1.05043	1	0.72731	0.56525	12.65047	1.05043	1	-0.00847	-0.01046	0.67674	0.00233	1	0.05945	-0.01520	0.67539	0.00369	1	1.45898	0.81042	0	
1242292	8379.48047	3304594397862	0.29046	0.38733	8379.11914	0.36133	11055	1	0.28115	0.36748	1	0.28338	0.43907	1	0.28226	0.40328	1	0.46314	0.54043	10.53565	1.04241	1	0.72753	0.56454	12.36675	1.04241	1	-0.00847	-0.01046	0.67674	0.00253	1	0.05945	-0.01520	0.67539	0.00361	1	1.45898	0.81042	0	
1242293	8379.48730	3304594463609	0.29036	0.38755	8379.11914	0.36816	11055	1	0.28115	0.36748	1	0.28338	0.43907	1	0.28226	0.40328	1	0.46605	0.54141	11.35003	1.04241	1	0.73021	0.56338	11.77563	1.04241	1	-0.00814	-0.01062	0.68711	0.00392	1	0.06047	-0.01525	0.68232	0.00388	1	1.45898	0.81042	0	
1242294	8379.49316	3304594531629	0.29326	0.38818	8379.11914	0.37402	11055	1	0.43679	0.46556	1	0.41065	0.43623	1	0.42372	0.45090	1	0.46684	0.54167	11.77442	1.05043	1	0.73046	0.56438	11.87066	1.05043	1	-0.00814	-0.01062	0.68711	0.00359	1	0.06047	-0.01525	0.68232	0.00370	1	1.45898	0.81042	0	
1242295	8379.50000	3304594598620	0.29576	0.38873	8379.11914	0.38086	11055	1	0.41565	0.44954	1	0.39225	0.43215	1	0.40395	0.44085	1	0.46691	0.54150	11.45105	1.05844	1	0.73098	0.56426	11.59603	1.05844	1	-0.00814	-0.01062	0.68711	0.00395	1	0.06047	-0.01525	0.68232	0.00380	1	1.45898	0.81042	0	
1242296	8379.50684	3304594666660	0.31302	0.41469	8379.11914	0.38086	11055	0	0.41565	0.44954	1	0.39255	0.43768	1	0.40410	0.44361	1	0.46831	0.54115	11.65483	1.05844	1	0.73145	0.56499	12.33736	1.05078	1	-0.00754	-0.01011	0.65733	0.00343	1	0.05853	-0.01470	0.65766	0.00381	1	1.45898	0.81042	0	
1242297	8379.51367	3304594736094	0.38967	0.42828	8379.11914	0.38086	11055	0	0.50216	0.40479	1	0.43048	0.47893	1	0.46632	0.44186	1	0.46836	0.54107	11.44773	1.04277	1	0.73158	0.56472	12.19762	1.03511	1	-0.00754	-0.01011	0.65733	0.00344	1	0.05853	-0.01470	0.65766	0.00391	1	1.45898	0.81042	0	
1242298	8379.52051	3304594802820	0.41188	0.44214	8379.11914	0.38086	11055	0	0.48839	0.44005	1	0.42419	0.49967	1	0.45629	0.46986	1	0.46802	0.54121	12.20628	1.02709	1	0.73150	0.56488	12.09581	1.01943	1	-0.00754	-0.01011	0.65733	0.00343	1	0.05853	-0.01470	0.65766	0.00385	1	1.45898	0.81042	0	
1242299	8379.52734	3304594869898	0.46002	0.46420	8379.11914	0.38086	11055	0	0.49058	0.45136	1	0.42434	0.51041	1	0.45746	0.48089	1	0.46811	0.54133	11.28268	1.01141	1	0.73180	0.56504	11.92974	1.00375	1	-0.00754	-0.01016	0.65733	0.00340	1	0.06533	-0.01646	0.73393	0.00375	1	1.45898	0.81042	0	
1242300	8379.53418	3304594936448	0.46255	0.46061	8379.11914	0.38086	11055	0	0.50593	0.43601	1	0.42424	0.47803	1	0.46508	0.45702	1	0.46833	0.54113	11.44387	1.00375	1	0.73146	0.56501	12.34595	1.00375	1	-0.00754	-0.01016	0.65733	0.00343	1	0.06533	-0.01646	0.73393	0.00382	1	1.45898	0.81042	0	
1242301	8379.54102	3304595001855	0.46257	0.46133	8379.11914	0.38086	11055	0	0.50099	0.44750	1	0.42424	0.47803	1	0.46261	0.46276	1	0.46818	0.54111	11.37277	1.00375	1	0.73146	0.56501	12.34595	1.00375	1	-0.00754	-0.01016	0.65733	0.00353	1	0.06533	-0.01646	0.73393	0.00382	1	1.45898	0.81042	0	
1242302	8379.54785	3304595071292	0.46257	0.46100	8379.52734	0.02051	11056	1	0.50099	0.44750	1	0.42416	0.47254	1	0.46257	0.46002	1	0.46826	0.54108	11.47653	1.00375	1	0.73168	0.56516	13.21752	1.01141	1	-0.00754	-0.01016	0.65733	0.00353	1	0.06070	-0.01533	0.68142	0.00366	1	1.45898	0.81042	0	
1242303	8379.55469	3304595138103	0.46439	0.46119	8379.52734	0.02734	11056	1	0.48923	0.48608	1	0.45406	0.43786	1	0.47164	0.46197	1	0.46832	0.54160	11.37461	1.01141	1	0.73198	0.56466	12.51264	1.01907	1	-0.00754	-0.01016	0.65733	0.00365	1	0.06070	-0.01533	0.68142	0.00371	1	1.45898	0.81042	0	
1242304	8379.56055	3304595205136	0.46397	0.46253	8379.52734	0.03320	11056	1	0.48846	0.47360	1	0.43531	0.46478	1	0.46189	0.46919	1	0.46837	0.54168	11.70246	1.01907	1	0.73175	0.56497	11.94638	1.02673	1	-0.00754	-0.01016	0.65733	0.00358	1	0.06070	-0.01533	0.68142	0.00382	1	1.45898	0.81042	0	
1242305	8379.56738	3304595271987	0.46352	0.46146	8379.52734	0.04004	11056	1	0.48625	0.46271	1	0.43533	0.44737	1	0.46079	0.45504	1	0.46827	0.54157	11.50292	1.03475	1	0.73209	0.56526	12.17003	1.05109	1	-0.00771	-0.01045	0.67659	0.00361	1	0.06231	-0.01572	0.69888	0.00375	1	1.45898	0.81042	0	
1242306	8379.57422	3304595338610	0.46415	0.46124	8379.52734	0.04688	11056	1	0.47408	0.44552	1	0.46311	0.47389	1	0.46860	0.45971	1	0.46831	0.54148	11.44470	1.05911	1	0.73219	0.56539	12.06682	1.06779	1	-0.00771	-0.01045	0.67659	0.00370	1	0.06231	-0.01572	0.69888	0.00380	1	1.45898	0.81042	0	
1242307	8379.58105	3304595405655	0.46171	0.45831	8379.52734	0.05371	11056	1	0.47918	0.43254	1	0.40516	0.43730	1	0.44217	0.43492	1	0.46832	0.54146	11.46286	1.07580	1	0.73200	0.56560	12.55343	1.08448	1	-0.00771	-0.01045	0.67659	0.00375	1	0.06231	-0.01572	0.69888	0.00373	1	1.45898	0.81042	0	
1242308	8379.58789	3304595472732	0.45955	0.45448	8379.52734	0.06055	11056	1	0.47556	0.41457	1	0.40471	0.42533	1	0.44014	0.41995	1	0.46827	0.54156	11.59243	1.10159	1	0.73192	0.56566	12.59882	1.10159	1	-0.00795	-0.01085	0.70195	0.00374	1	0.06045	-0.01524	0.67749	0.00374	1	1.45898	0.81042	0	
1242309	8379.59473	3304595539870	0.45762	0.44854	8379.52734	0.06738	11056	1	0.45972	0.38250	1	0.41682	0.39576	1	0.43827	0.38913	1	0.46814	0.54180	11.07072	1.11067	1	0.73214	0.56518	12.24175	1.10199	1	-0.00795	-0.01085	0.70195	0.00394	1	0.06045	-0.01524	0.67749	0.00394	1	1.45898	0.81042	0	
1242310	8379.60156	3304595606710	0.45544	0.44430	8379.52734	0.07422	11056	1	0.45860	0.36263	1	0.40429	0.43280	1	0.43144	0.39771	1	0.46818	0.54162	11.46473	1.11108	1	0.73199	0.56566	12.67602	1.10240	1	-0.00795	-0.01085	0.70195	0.00407	1	0.06045	-0.01524	0.67749	0.00375	1	1.45898	0.81042	0	
1242311	8379.60742	3304595673737	0.45365	0.44120	8379.52734	0.08008	11056	1	0.45992	0.36904	1	0.40452	0.43881	1	0.43222	0.40393	1	0.46830	0.54182	11.68502	1.10240	1	0.73223	0.56494	11.89268	1.09372	1	-0.00773	-0.01061	0.68701	0.00398	1	0.06049	-0.01530	0.67789	0.00405	1	1.45898	0.81042	0	
1242312	8379.61426	3304595740615	0.45110	0.43427	8379.52734	0.08691	11056	1	0.45992	0.36904	0	0.41791	0.34421	1	0.41791	0.34421	1	0.46830	0.54182	11.68502	1.08463	0	0.73220	0.56468	11.86817	1.08463	1	-0.00773	-0.01061	0.68701	0.00398	1	0.06049	-0.01530	0.67789	0.00411	1	1.45898	0.81042	0	
1242313	8379.62109	3304595803065	0.45110	0.43427	8379.52734	0.09375	11056	1	0.45992	0.36904	0	0.41791	0.34421	0	0.41791	0.34421	0	0.46830	0.54182	11.68502	1.07554	0	0.73220	0.56468	11.86817	1.07554	0	-0.00773	-0.01061	0.68701	0.00398	1	0.06049	-0.01530	0.67789	0.00411	1	1.45898	0.81042	0	
1242314	8379.62793	3304595874657	0.45110	0.43427	8379.52734	0.10059	11056	1	0.45992	0.36904	0	0.41791	0.34421	0	0.41791	0.34421	0	0.46830	0.54182	11.68502	1.06646	0	0.73220	0.56468	11.86817	1.06646	0	-0.00773	-0.01061	0.68701	0.00398	1	0.06049	-0.01530	0.67789	0.00411	1	1.45898	0.81042	0	
1242315	8379.63477	3304595941650	0.45110	0.43427	8379.52734	0.10742	11056	1	0.45992	0.36904	0	0.41791	0.34421	0	0.41791	0.34421	0	0.46830	0.54182	11.68502	1.06646	0	0.73220	0.56468	11.86817	1.06646	0	-0.00773	-0.01061	0.68701	0.00398	1	0.06049	-0.01530	0.67789	0.00411	1	1.45898	0.81042	0	
1242316	8379.64160	3304596008311	0.44919	0.42988	8379.52734	0.10742	11056	0	0.45992	0.36904	0	0.41791	0.34421	0	0.41791	0.34421	0	0.46830	0.54182	11.68502	1.06646	0	0.73220	0.56468	11.86817	1.06646	0	-0.00773	-0.01061	0.68701	0.00398	1	0.06049	-0.01530	0.67789	0.00411	1	1.45898	0.81042	0	
1242317	8379.64844	3304596075452	0.44919	0.42988	8379.52734	0.10742	11056	0	0.45992	0.36904	0	0.41791	0.34421	0	0.41791	0.34421	0	0.46830	0.54182	11.68502	1.06646	0	0.73220	0.56468	11.86817	1.06646	0	-0.00773	-0.01061	0.68701	0.00398	1	0.06049	-0.01530	0.67789	0.00411	1	1.45898	0.81042	0	
1242318	8379.65430	3304596140052	0.44919	0.42988	8379.52734	0.10742	11056	0	0.45992	0.36904	0	0.41791	0.34421	0	0.41791	0.34421	0	0.46830	0.54182	11.68502	1.06646	0	0.73220	0.56468	11.86817	1.06646	0	-0.00773	-0.01061	0.68701	0.00398	1	0.06049	-0.01530	0.67789	0.00411	1	1.45898	0.81042	0	
1242319	8379.66113	3304596209072	0.00000	0.00000	8379.52734	0.10742	11056	0	0.45992	0.36904	0	0.41791	0.34421	0	0.41791	0.34421	0	0.46830	0.54182	11.68502	1.06646	0	0.73220	0.56468	11.86817	1.06646	0	-0.00773	-0.01061	0.68701	0.00398	1	0.06049	-0.01530	0.67789	0.00411	1	1.45898	0.81042	0	
1242320	8379.66797	3304596276637	0.00000	0.00000	8379.52734	0.10742	11056	0	0.45992	0.36904	0	0.41791	0.34421	0	0.41791	0.34421	0	0.46830	0.54182	11.68502	1.06646	0	0.73220	0.56468	11.86817	1.06646	0	-0.00773	-0.01061	0.68701	0.00398	1	0.06049	-0.01530	0.67789	0.00411	1	1.45898	0.81042	0	
1242321	8379.67480	3304596343473	0.00000	0.00000	8379.52734	0.10742	11056	0	0.45992	0.36904	0	0.41791	0.34421	0	0.41791	0.34421	0	0.46830	0.54182	11.68502	1.06646	0	0.73220	0.56468	11.86817	1.06646	0	-0.00773	-0.01061	0.68701	0.00398	1	0.06049	-0.01530	0.67789	0.00411	1	1.45898	0.81042	0	
1242322	8379.68164	3304596411586	0.45321	0.42130	8379.52734	0.10742	11056	0	0.49566	0.39456	1	0.41076	0.44804	1	0.45321	0.42130	1	0.46971	0.54193	10.58163	1.06646	1	0.73244	0.56558	11.86367	1.06646	1	-0.00773	-0.01061	0.68701	0.00358	1	0.06049	-0.01530	0.67789	0.00372	1	1.45898	0.81042	0	
1242323	8379.68848	3304596478001	0.45292	0.41937	8379.52734	0.10742	11056	0	0.49450	0.38786	1	0.41073	0.44704	1	0.45262	0.41745	1	0.47019	0.54505	8.88309	1.07554	1	0.73393	0.56745	12.21224	1.06788	1	-0.00765	-0.01108	0.70351	0.00296	1	0.05940	-0.01509	0.66188	0.00314	1	1.45898	0.81042	0	
1242324	8379.69531	3304596544845	0.46379	0.51362	8379.52734	0.10742	11056	0	0.49450	0.38786	0	0.48554	0.70211	1	0.48554	0.70211	1	0.47019	0.54505	8.88309	1.07697	0	0.73450	0.56906	11.46645	1.06931	1	-0.00765	-0.01108	0.70351	0.00296	1	0.05940	-0.01509	0.66188	0.00288	1	1.45898	0.81042	0	
1242325	8379.70117	3304596610996	0.45161	0.52754	8379.52734	0.10742	11056	0	0.49450	0.38786	0	0.41666	0.46307	1	0.41666	0.46307	1	0.47019	0.54505	8.88309	1.07840	0	0.73411	0.56815	8.77072	1.07074	1	-0.00765	-0.01108	0.70351	0.00296	1	0.05940	-0.01509	0.66188	0.00314	1	1.45898	0.81042	0	
1242326	8379.70801	3304596678271	0.43418	0.49715	8379.52734	0.10742	11056	0	0.49450	0.38786	0	0.41675	0.46676	1	0.41675	0.46676	1	0.47019	0.54505	8.88309	1.07982	0	0.73523	0.57097	10.07349	1.06536	1	-0.00765	-0.01108	0.70351	0.00296	1	0.05722	-0.01471	0.63490	0.00234	1	1.45898	0.81042	0	
1242327	8379.71484	3304596745452	0.45243	0.60609	8379.52734	0.10742	11056	0	0.49450	0.38786	0	0.48893	0.82396	1	0.48893	0.82396	1	0.47019	0.54505	8.88309	1.06536	0	0.73579	0.57143	12.17278	1.05855	1	-0.00765	-0.01108	0.70351	0.00296	1	0.05722	-0.01471	0.63490	0.00259	1	1.45898	0.81042	0	
1242328	8379.72168	3304596812999	0.44970	0.69293	8379.52734	0.10742	11056	0	0.49450	0.38786	0	0.44343	0.78806	1	0.44343	0.78806	1	0.47019	0.54505	8.88309	1.05855	0	0.73512	0.57157	11.54888	1.05174	1	-0.00765	-0.01108	0.70351	0.00296	1	0.05722	-0.01471	0.63490	0.00271	1	1.45898	0.81042	0	
1242329	8379.72852	3304596878841	0.44970	0.69293	8379.52734	0.10742	11056	0	0.49450	0.38786	0	0.44343	0.78806	0	0.44343	0.78806	0	0.47019	0.54505	8.88309	1.05174	0	0.73512	0.57157	11.54888	1.04493	0	-0.00765	-0.01108	0.70351	0.00296	1	0.05722	-0.01471	0.63490	0.00271	1	1.45898	0.81042	0	
1242330	8379.73535	3304596946380	0.44970	0.69293	8379.52734	0.10742	11056	0	0.49450	0.38786	0	0.44343	0.78806	0	0.44343	0.78806	0	0.47019	0.54505	8.88309	1.04493	0	0.73512	0.57157	11.54888	1.04493	0	-0.00765	-0.01108	0.70351	0.00296	1	0.05722	-0.01471	0.63490	0.00271	1	1.45898	0.81042	0	
1242331	8379.74219	3304597013427	0.00000	0.00000	8379.52734	0.10742	11056	0	0.49450	0.38786	0	0.44343	0.78806	0	0.44343	0.78806	0	0.47019	0.54505	8.88309	1.04493	0	0.73512	0.57157	11.54888	1.04493	0	-0.00765	-0.01108	0.70351	0.00296	1	0.05722	-0.01471	0.63490	0.00271	1	1.45898	0.81042	0	
1242332	8379.74805	3304597079854	0.00000	0.00000	8379.52734	0.10742	11056	0	0.49450	0.38786	0	0.44343	0.78806	0	0.44343	0.78806	0	0.47019	0.54505	8.88309	1.04493	0	0.73512	0.57157	11.54888	1.04493	0	-0.00765	-0.01108	0.70351	0.00296	1	0.05722	-0.01471	0.63490	0.00271	1	1.45898	0.81042	0	
1242333	8379.75488	3304597147005	0.00000	0.00000	8379.52734	0.10742	11056	0	0.49450	0.38786	0	0.44343	0.78806	0	0.44343	0.78806	0	0.47019	0.54505	8.88309	1.04493	0	0.73512	0.57157	11.54888	1.04493	0	-0.00765	-0.01108	0.70351	0.00296	1	0.05722	-0.01471	0.63490	0.00271	1	1.45898	0.81042	0	
1242334	8379.76172	3304597214609	0.00000	0.00000	8379.52734	0.10742	11056	0	0.49450	0.38786	0	0.44343	0.78806	0	0.44343	0.78806	0	0.47019	0.54505	8.88309	1.04493	0	0.73512	0.57157	11.54888	1.04493	0	-0.00765	-0.01108	0.70351	0.00296	1	0.05722	-0.01471	0.63490	0.00271	1	1.45898	0.81042	0	
1242335	8379.76855	3304597281978	0.00000	0.00000	8379.52734	0.10742	11056	0	0.49450	0.38786	0	0.44343	0.78806	0	0.44343	0.78806	0	0.47019	0.54505	8.88309	1.04493	0	0.73512	0.57157	11.54888	1.04493	0	-0.00765	-0.01108	0.70351	0.00296	1	0.05722	-0.01471	0.63490	0.00271	1	1.45898	0.81042	0	
1242336	8379.77539	3304597347441	0.00000	0.00000	8379.52734	0.10742	11056	0	0.49450	0.38786	0	0.44343	0.78806	0	0.44343	0.78806	0	0.47019	0.54505	8.88309	1.04493	0	0.73512	0.57157	11.54888	1.04493	0	-0.00765	-0.01108	0.70351	0.00296	1	0.05722	-0.01471	0.63490	0.00271	1	1.45898	0.81042	0	
1242337	8379.78223	3304597415689	0.00000	0.00000	8379.52734	0.10742	11056	0	0.49450	0.38786	0	0.44343	0.78806	0	0.44343	0.78806	0	0.47019	0.54505	8.88309	1.04493	0	0.73512	0.57157	11.54888	1.04493	0	-0.00765	-0.01108	0.70351	0.00296	1	0.05722	-0.01471	0.63490	0.00271	1	1.45898	0.81042	0	
1242338	8379.78906	3304597481091	0.23599	0.30370	8379.52734	0.10742	11056	0	0.50063	0.42306	1	0.44335	0.79176	1	0.47199	0.60741	1	0.47335	0.54602	11.07858	1.02783	1	0.73673	0.57130	12.92025	1.04230	1	-0.00677	-0.01078	0.65935	0.00323	1	0.06247	-0.01645	0.69198	0.00309	1	1.45898	0.81042	0	
1242339	8379.79492	3304597547929	0.34679	0.40984	8379.52734	0.10742	11056	0	0.58941	0.59802	1	0.54735	0.64618	1	0.56838	0.62210	1	0.47296	0.54619	11.79873	1.02519	1	0.73672	0.57141	12.77034	1.03966	1	-0.00677	-0.01078	0.65935	0.00332	1	0.06247	-0.01645	0.69198	0.00314	1	1.45898	0.81042	0	
1242340	8379.80176	3304597616462	0.53617	0.61365	8379.52734	0.10742	11056	0	0.59297	0.56730	1	0.54331	0.65558	1	0.56814	0.61144	1	0.47305	0.54641	11.61488	1.02256	1	0.73662	0.57140	12.81579	1.03703	1	-0.00677	-0.01078	0.65935	0.00320	1	0.06247	-0.01645	0.69198	0.00314	1	1.45898	0.81042	0	
1242341	8379.80859	3304597683459	0.55193	0.61430	8379.52734	0.10742	11056	0	0.59310	0.56887	1	0.54226	0.66104	1	0.56768	0.61495	1	0.47293	0.54660	11.79459	1.01992	1	0.73654	0.57117	12.10663	1.02673	1	-0.00677	-0.01083	0.65935	0.00315	1	0.05878	-0.01549	0.65166	0.00335	1	1.45898	0.81042	0	
1242342	8379.81543	3304597750535	0.55506	0.62498	8379.52734	0.10742	11056	0	0.58322	0.63754	1	0.53941	0.65514	1	0.56131	0.64634	1	0.47289	0.54662	11.78533	1.02673	1	0.73663	0.57127	12.32394	1.01907	1	-0.00677	-0.01083	0.65935	0.00312	1	0.05878	-0.01549	0.65166	0.00330	1	1.45898	0.81042	0	
1242343	8379.82227	3304597817558	0.55977	0.62487	8379.80176	0.02051	11057	1	0.60692	0.59067	1	0.54091	0.65837	1	0.57392	0.62452	1	0.47289	0.54656	11.83714	1.01907	1	0.73653	0.57131	12.22719	1.01141	1	-0.00677	-0.01083	0.65935	0.00317	1	0.05878	-0.01549	0.65166	0.00323	1	1.45898	0.81042	0	
1242344	8379.82910	3304597884211	0.56263	0.62524	8379.80176	0.02734	11057	1	0.60720	0.59507	1	0.54091	0.65837	1	0.57406	0.62672	1	0.47283	0.54641	11.67794	1.01141	1	0.73652	0.57102	12.17104	1.01141	1	-0.00677	-0.01083	0.65935	0.00315	1	0.06247	-0.01645	0.69198	0.00324	1	1.45898	0.81042	0	
1242345	8379.83594	3304597951145	0.56370	0.62271	8379.80176	0.03418	11057	1	0.60233	0.56214	1	0.53576	0.65806	1	0.56904	0.61010	1	0.47286	0.54635	11.01176	1.01141	1	0.73669	0.57137	12.75268	1.01907	1	-0.00677	-0.01083	0.65935	0.00320	1	0.06247	-0.01645	0.69198	0.00321	1	1.45898	0.81042	0	
1242346	8379.84277	3304598018086	0.56387	0.61751	8379.80176	0.04102	11057	1	0.59140	0.54217	1	0.53845	0.63041	1	0.56492	0.58629	1	0.47282	0.54615	11.57515	1.01907	1	0.73658	0.57120	12.53167	1.02673	1	-0.00677	-0.01083	0.65935	0.00328	1	0.06247	-0.01645	0.69198	0.00320	1	1.45898	0.81042	0	
1242347	8379.84863	3304598085134	0.56400	0.61272	8379.80176	0.04688	11057	1	0.59060	0.53241	1	0.53923	0.62593	1	0.56492	0.57917	1	0.47268	0.54646	11.18043	1.03475	1	0.73657	0.57109	12.31060	1.03475	1	-0.00709	-0.01120	0.68474	0.00329	1	0.05936	-0.01560	0.65809	0.00319	1	1.45898	0.81042	0	
1242348	8379.85547	3304598153300	0.56455	0.61563	8379.80176	0.05371	11057	1	0.59607	0.61880	1	0.54173	0.65900	1	0.56890	0.63890	1	0.47283	0.54673	11.45619	1.04277	1	0.73666	0.57100	12.62855	1.03511	1	-0.00709	-0.01120	0.68474	0.00309	1	0.05936	-0.01560	0.65809	0.00306	1	1.45898	0.81042	0	
1242349	8379.86230	3304598217395	0.56510	0.61673	8379.80176	0.06055	11057	1	0.59568	0.61733	1	0.54455	0.63588	1	0.57011	0.62661	1	0.47275	0.54628	11.43106	1.04312	1	0.73671	0.57084	12.36770	1.03546	1	-0.00709	-0.01120	0.68474	0.00294	1	0.05936	-0.01560	0.65809	0.00310	1	1.45898	0.81042	0	
1242350	8379.86914	3304598281807	0.56556	0.61761	8379.80176	0.06738	11057	1	0.59566	0.61713	1	0.54459	0.63569	1	0.57012	0.62641	1	0.47277	0.54608	11.63539	1.04348	1	0.73649	0.57051	12.52056	1.03582	1	-0.00709	-0.01120	0.68474	0.00302	1	0.05936	-0.01560	0.65809	0.00316	1	1.45898	0.81042	0	
1242351	8379.87598	3304598350178	0.56535	0.61669	8379.80176	0.07422	11057	1	0.58957	0.57164	1	0.53650	0.64166	1	0.56303	0.60665	1	0.47255	0.54576	11.11146	1.03582	1	0.73656	0.57049	12.32701	1.03582	1	-0.00709	-0.01120	0.68474	0.00315	1	0.05936	-0.01560	0.65809	0.00306	1	1.45898	0.81042	0	
1242352	8379.88184	3304598418381	0.56715	0.61834	8379.80176	0.08008	11057	1	0.64477	0.63707	1	0.53276	0.63902	1	0.58876	0.63804	1	0.47302	0.54633	11.28378	1.03582	1	0.73656	0.57038	12.39726	1.03582	1	-0.00709	-0.01120	0.68474	0.00301	1	0.05936	-0.01560	0.65809	0.00310	1	1.45898	0.81042	0	
1242353	8379.88867	3304598484516	0.56469	0.61981	8379.80176	0.08691	11057	1	0.64477	0.63707	0	0.53276	0.63902	1	0.53276	0.63902	1	0.47302	0.54633	11.28378	1.03582	0	0.73561	0.57249	12.05298	1.03582	1	-0.00709	-0.01120	0.68474	0.00301	1	0.05878	-0.01520	0.65166	0.00297	1	1.45898	0.81042	0	
1242354	8379.89551	3304598549232	0.56152	0.63809	8379.80176	0.09375	11057	1	0.64477	0.63707	0	0.51705	0.89399	1	0.51705	0.89399	1	0.47302	0.54633	11.28378	1.03582	0	0.73667	0.57158	9.47787	1.03582	1	-0.00709	-0.01120	0.68474	0.00301	1	0.05878	-0.01520	0.65166	0.00226	1	1.45898	0.81042	0	
1242355	8379.90234	3304598616016	0.56152	0.63809	8379.80176	0.10059	11057	1	0.64477	0.63707	0	0.51705	0.89399	0	0.51705	0.89399	0	0.47302	0.54633	11.28378	1.03582	0	0.73667	0.57158	9.47787	1.03582	0	-0.00709	-0.01120	0.68474	0.00301	1	0.05878	-0.01520	0.65166	0.00226	1	1.45898	0.81042	0	
1242356	8379.90918	3304598683185	0.56152	0.63809	8379.80176	0.10742	11057	1	0.64477	0.63707	0	0.51705	0.89399	0	0.51705	0.89399	0	0.47302	0.54633	11.28378	1.03582	0	0.73667	0.57158	9.47787	1.03582	0	-0.00709	-0.01120	0.68474	0.00301	1	0.05878	-0.01520	0.65166	0.00226	1	1.45898	0.81042	0	
1242357	8379.91602	3304598752131	0.56152	0.63809	8379.80176	0.11426	11057	1	0.64477	0.63707	0	0.51705	0.89399	0	0.51705	0.89399	0	0.47302	0.54633	11.28378	1.03582	0	0.73667	0.57158	9.47787	1.03582	0	-0.00709	-0.01120	0.68474	0.00301	1	0.05878	-0.01520	0.65166	0.00226	1	1.45898	0.81042	0	
1242358	8379.92285	3304598819369	0.56313	0.64137	8379.80176	0.11426	11057	0	0.64477	0.63707	0	0.51705	0.89399	0	0.51705	0.89399	0	0.47302	0.54633	11.28378	1.03582	0	0.73667	0.57158	9.47787	1.03582	0	-0.00709	-0.01120	0.68474	0.00301	1	0.05878	-0.01520	0.65166	0.00226	1	1.45898	0.81042	0	
1242359	8379.92871	3304598885752	0.56313	0.64137	8379.80176	0.11426	11057	0	0.64477	0.63707	0	0.51705	0.89399	0	0.51705	0.89399	0	0.47302	0.54633	11.28378	1.03582	0	0.73667	0.57158	9.47787	1.03582	0	-0.00709	-0.01120	0.68474	0.00301	1	0.05878	-0.01520	0.65166	0.00226	1	1.45898	0.81042	0	
1242360	8379.93555	3304598951528	0.56313	0.64137	8379.80176	0.11426	11057	0	0.64477	0.63707	0	0.51705	0.89399	0	0.51705	0.89399	0	0.47302	0.54633	11.28378	1.03582	0	0.73667	0.57158	9.47787	1.03582	0	-0.00709	-0.01120	0.68474	0.00301	1	0.05878	-0.01520	0.65166	0.00226	1	1.45898	0.81042	0	
1242361	8379.94238	3304599019452	0.00000	0.00000	8379.80176	0.11426	11057	0	0.64477	0.63707	0	0.51705	0.89399	0	0.51705	0.89399	0	0.47302	0.54633	11.28378	1.03582	0	0.73667	0.57158	9.47787	1.03582	0	-0.00709	-0.01120	0.68474	0.00301	1	0.05878	-0.01520	0.65166	0.00226	1	1.45898	0.81042	0	
1242362	8379.94922	3304599086474	0.00000	0.00000	8379.80176	0.11426	11057	0	0.64477	0.63707	0	0.51705	0.89399	0	0.51705	0.89399	0	0.47302	0.54633	11.28378	1.03582	0	0.73667	0.57158	9.47787	1.03582	0	-0.00709	-0.01120	0.68474	0.00301	1	0.05878	-0.01520	0.65166	0.00226	1	1.45898	0.81042	0	
1242363	8379.95605	3304599154064	0.00000	0.00000	8379.80176	0.11426	11057	0	0.64477	0.63707	0	0.51705	0.89399	0	0.51705	0.89399	0	0.47302	0.54633	11.28378	1.03582	0	0.73667	0.57158	9.47787	1.03582	0	-0.00709	-0.01120	0.68474	0.00301	1	0.05878	-0.01520	0.65166	0.00226	1	1.45898	0.81042	0	
1242364	8379.96191	3304599219115	0.00000	0.00000	8379.80176	0.11426	11057	0	0.64477	0.63707	0	0.51705	0.89399	0	0.51705	0.89399	0	0.47302	0.54633	11.28378	1.03582	0	0.73667	0.57158	9.47787	1.03582	0	-0.00709	-0.01120	0.68474	0.00301	1	0.05878	-0.01520	0.65166	0.00226	1	1.45898	0.81042	0	
1242365	8379.96973	3304599289861	0.00000	0.00000	8379.80176	0.11426	11057	0	0.64477	0.63707	0	0.51705	0.89399	0	0.51705	0.89399	0	0.47302	0.54633	11.28378	1.03582	0	0.73667	0.57158	9.47787	1.03582	0	-0.00709	-0.01120	0.68474	0.00301	1	0.05878	-0.01520	0.65166	0.00226	1	1.45898	0.81042	0	
1242366	8379.97656	3304599357690	0.00000	0.00000	8379.80176	0.11426	11057	0	0.64477	0.63707	0	0.51705	0.89399	0	0.51705	0.89399	0	0.47302	0.54633	11.28378	1.03582	0	0.73667	0.57158	9.47787	1.03582	0	-0.00709	-0.01120	0.68474	0.00301	1	0.05878	-0.01520	0.65166	0.00226	1	1.45898	0.81042	0	
1242367	8379.98340	3304599424820	0.00000	0.00000	8379.80176	0.11426	11057	0	0.64477	0.63707	0	0.51705	0.89399	0	0.51705	0.89399	0	0.47302	0.54633	11.28378	1.03582	0	0.73667	0.57158	9.47787	1.03582	0	-0.00709	-0.01120	0.68474	0.00301	1	0.05878	-0.01520	0.65166	0.00226	1	1.45898	0.81042	0	
1242368	8379.98926	3304599491714	0.00000	0.00000	8379.80176	0.11426	11057	0	0.64477	0.63707	0	0.51705	0.89399	0	0.51705	0.89399	0	0.47302	0.54633	11.28378	1.03582	0	0.73667	0.57158	9.47787	1.03582	0	-0.00709	-0.01120	0.68474	0.00301	1	0.05878	-0.01520	0.65166	0.00226	1	1.45898	0.81042	0	
1242369	8379.99609	3304599558791	0.00000	0.00000	8379.80176	0.11426	11057	0	0.64477	0.63707	0	0.51705	0.89399	0	0.51705	0.89399	0	0.47302	0.54633	11.28378	1.03582	0	0.73667	0.57158	9.47787	1.03582	0	-0.00709	-0.01120	0.68474	0.00301	1	0.05878	-0.01520	0.65166	0.00226	1	1.45898	0.81042	0	
1242370	8380.00293	3304599625617	0.00000	0.00000	8379.80176	0.11426	11057	0	0.64477	0.63707	0	0.51705	0.89399	0	0.51705	0.89399	0	0.47302	0.54633	11.28378	1.03582	0	0.73667	0.57158	9.47787	1.03582	0	-0.00709	-0.01120	0.68474	0.00301	1	0.05878	-0.01520	0.65166	0.00226	1	1.45898	0.81042	0	
1242371	8380.00977	3304599691586	0.00000	0.00000	8379.80176	0.11426	11057	0	0.64477	0.63707	0	0.51705	0.89399	0	0.51705	0.89399	0	0.47302	0.54633	11.28378	1.03582	0	0.73667	0.57158	9.47787	1.03582	0	-0.00709	-0.01120	0.68474	0.00301	1	0.05878	-0.01520	0.65166	0.00226	1	1.45898	0.81042	0	
1242372	8380.01660	3304599759519	0.00000	0.00000	8379.80176	0.11426	11057	0	0.64477	0.63707	0	0.51705	0.89399	0	0.51705	0.89399	0	0.47302	0.54633	11.28378	1.03582	0	0.73667	0.57158	9.47787	1.03582	0	-0.00709	-0.01120	0.68474	0.00301	1	0.05878	-0.01520	0.65166	0.00226	1	1.45898	0.81042	0	
1242373	8380.02344	3304599825974	0.00000	0.00000	8379.80176	0.11426	11057	0	0.64477	0.63707	0	0.51705	0.89399	0	0.51705	0.89399	0	0.47302	0.54633	11.28378	1.03582	0	0.73667	0.57158	9.47787	1.03582	0	-0.00709	-0.01120	0.68474	0.00301	1	0.05878	-0.01520	0.65166	0.00226	1	1.45898	0.81042	0	
1242374	8380.03027	3304599893463	0.00000	0.00000	8379.80176	0.11426	11057	0	0.64477	0.63707	0	0.51705	0.89399	0	0.51705	0.89399	0	0.47302	0.54633	11.28378	1.03582	0	0.73667	0.57158	9.47787	1.03582	0	-0.00709	-0.01120	0.68474	0.00301	1	0.05878	-0.01520	0.65166	0.00226	1	1.45898	0.81042	0	
1242375	8380.03613	3304599960531	0.00000	0.00000	8379.80176	0.11426	11057	0	0.64477	0.63707	0	0.51705	0.89399	0	0.51705	0.89399	0	0.47302	0.54633	11.28378	1.03582	0	0.73667	0.57158	9.47787	1.03582	0	-0.00709	-0.01120	0.68474	0.00301	1	0.05878	-0.01520	0.65166	0.00226	1	1.45898	0.81042	0	
1242376	8380.04395	3304600030127	0.00000	0.00000	8379.80176	0.11426	11057	0	0.64477	0.63707	0	0.51705	0.89399	0	0.51705	0.89399	0	0.47302	0.54633	11.28378	1.03582	0	0.73667	0.57158	9.47787	1.03582	0	-0.00709	-0.01120	0.68474	0.00301	1	0.05878	-0.01520	0.65166	0.00226	1	1.45898	0.81042	0	
1242377	8380.04980	3304600094116	0.00000	0.00000	8379.80176	0.11426	11057	0	0.64477	0.63707	0	0.51705	0.89399	0	0.51705	0.89399	0	0.47302	0.54633	11.28378	1.03582	0	0.73667	0.57158	9.47787	1.03582	0	-0.00709	-0.01120	0.68474	0.00301	1	0.05878	-0.01520	0.65166	0.00226	1	1.45898	0.81042	0	
1242378	8380.05664	3304600160442	0.00000	0.00000	8379.80176	0.11426	11057	0	0.64477	0.63707	0	0.51705	0.89399	0	0.51705	0.89399	0	0.47302	0.54633	11.28378	1.03582	0	0.73667	0.57158	9.47787	1.03582	0	-0.00709	-0.01120	0.68474	0.00301	1	0.05878	-0.01520	0.65166	0.00226	1	1.45898	0.81042	0	
1242379	8380.06348	3304600228363	0.00000	0.00000	8379.80176	0.11426	11057	0	0.64477	0.63707	0	0.51705	0.89399	0	0.51705	0.89399	0	0.47302	0.54633	11.28378	1.03582	0	0.73667	0.57158	9.47787	1.03582	0	-0.00709	-0.01120	0.68474	0.00301	1	0.05878	-0.01520	0.65166	0.00226	1	1.45898	0.81042	0	
1242380	8380.07031	3304600295667	0.29060	0.38219	8379.80176	0.11426	11057	0	0.64477	0.63707	1	0.51765	0.89170	1	0.58121	0.76439	1	0.46940	0.53891	12.49255	1.03582	1	0.73380	0.56255	12.31608	1.04348	1	-0.00774	-0.01027	0.68828	0.00393	1	0.06042	-0.01503	0.67489	0.00422	1	1.45898	0.81042	0	
1242381	8380.07715	3304600362445	0.36738	0.36044	8379.80176	0.11426	11057	0	0.52729	0.30141	1	0.51455	0.33244	1	0.52092	0.31693	1	0.46954	0.53821	12.50611	1.04348	1	0.73409	0.56301	13.19556	1.05114	1	-0.00774	-0.01027	0.68828	0.00404	1	0.06042	-0.01503	0.67489	0.00394	1	1.45898	0.81042	0	
1242382	8380.08301	3304600429291	0.54048	0.47146	8379.80176	0.11426	11057	0	0.52392	0.34461	1	0.51470	0.32150	1	0.51931	0.33306	1	0.46940	0.53891	12.49255	1.05114	1	0.73413	0.56292	13.03488	1.05880	1	-0.00774	-0.01027	0.68828	0.00393	1	0.06042	-0.01503	0.67489	0.00390	1	1.45898	0.81042	0	
1242383	8380.08984	3304600496253	0.52969	0.40074	8379.80176	0.11426	11057	0	0.52311	0.33853	1	0.51470	0.32150	1	0.51891	0.33001	1	0.46924	0.53919	12.06723	1.05880	1	0.73390	0.56287	12.92248	1.05880	1	-0.00760	-0.01014	0.67581	0.00385	1	0.05938	-0.01474	0.66381	0.00360	1	1.45898	0.81042	0	
1242384	8380.09668	3304600563678	0.52361	0.37829	8379.80176	0.11426	11057	0	0.53123	0.38971	1	0.49165	0.27706	1	0.51144	0.33339	1	0.46924	0.53923	12.31687	1.05880	1	0.73366	0.56247	13.19102	1.05114	1	-0.00760	-0.01014	0.67581	0.00383	1	0.05938	-0.01474	0.66381	0.00375	1	1.45898	0.81042	0	
1242385	8380.10352	3304600630191	0.51341	0.31618	8379.80176	0.11426	11057	0	0.52139	0.33438	1	0.49838	0.23588	1	0.50988	0.28513	1	0.46936	0.53875	12.07764	1.05114	1	0.73381	0.56212	13.44317	1.04348	1	-0.00760	-0.01014	0.67581	0.00381	1	0.05938	-0.01474	0.66381	0.00387	1	1.45898	0.81042	0	
1242386	8380.11035	3304600697084	0.51174	0.30397	8379.80176	0.11426	11057	0	0.52222	0.34054	1	0.49793	0.24299	1	0.51007	0.29176	1	0.46921	0.53919	12.00669	1.04348	1	0.73371	0.56283	13.18200	1.03582	1	-0.00760	-0.01014	0.67581	0.00379	1	0.05938	-0.01479	0.66381	0.00376	1	1.45898	0.81042	0	
1242387	8380.11719	3304600763969	0.50816	0.31467	8379.80176	0.11426	11057	0	0.51118	0.35280	1	0.49082	0.31932	1	0.50100	0.33606	1	0.46920	0.53874	11.76558	1.03582	1	0.73371	0.56296	13.32020	1.03582	1	-0.00760	-0.01014	0.67581	0.00398	1	0.05938	-0.01479	0.66381	0.00365	1	1.45898	0.81042	0	
1242388	8380.12402	3304600831364	0.50993	0.31342	8380.10352	0.02051	11058	1	0.53395	0.34637	1	0.49649	0.27301	1	0.51522	0.30969	1	0.46923	0.53920	12.05543	1.03582	1	0.73379	0.56284	12.68654	1.03582	1	-0.00760	-0.01014	0.67581	0.00375	1	0.05938	-0.01479	0.66381	0.00396	1	1.45898	0.81042	0	
1242389	8380.12988	3304600898031	0.51103	0.31199	8380.10352	0.02637	11058	1	0.53395	0.34637	1	0.49693	0.26613	1	0.51544	0.30625	1	0.46944	0.53889	11.98588	1.03582	1	0.73366	0.56331	12.56597	1.04348	1	-0.00760	-0.01024	0.67581	0.00375	1	0.06042	-0.01498	0.67489	0.00392	1	1.45898	0.81042	0	
1242390	8380.13672	3304600965253	0.51301	0.32215	8380.10352	0.03320	11058	1	0.53222	0.40618	1	0.51367	0.33971	1	0.52295	0.37295	1	0.46954	0.53972	12.40809	1.04348	1	0.73409	0.56328	13.29582	1.05114	1	-0.00760	-0.01024	0.67581	0.00393	1	0.06042	-0.01498	0.67489	0.00394	1	1.45898	0.81042	0	
1242391	8380.14355	3304601032111	0.51285	0.32795	8380.10352	0.04004	11058	1	0.52453	0.38191	1	0.49913	0.34367	1	0.51183	0.36279	1	0.46943	0.53942	11.95085	1.05114	1	0.73382	0.56322	12.59925	1.05880	1	-0.00760	-0.01024	0.67581	0.00397	1	0.06042	-0.01498	0.67489	0.00401	1	1.45898	0.81042	0	
1242392	8380.15039	3304601099016	0.51270	0.33156	8380.10352	0.04688	11058	1	0.52372	0.37610	1	0.49959	0.33744	1	0.51165	0.35677	1	0.46934	0.53897	12.14030	1.05880	1	0.73404	0.56347	13.07466	1.06646	1	-0.00760	-0.01014	0.67581	0.00369	1	0.06042	-0.01498	0.67489	0.00397	1	1.45898	0.81042	0	
1242393	8380.15723	3304601166351	0.51517	0.33359	8380.10352	0.05371	11058	1	0.56175	0.34940	1	0.50809	0.35038	1	0.53492	0.34989	1	0.46975	0.53960	11.37709	1.06646	1	0.73400	0.56355	13.40684	1.06646	1	-0.00760	-0.01014	0.67581	0.00399	1	0.06042	-0.01498	0.67489	0.00391	1	1.45898	0.81042	0	
1242394	8380.16406	3304601232665	0.51500	0.33122	8380.10352	0.06055	11058	1	0.50619	0.32977	1	0.52078	0.28992	1	0.51349	0.30985	1	0.46968	0.53940	11.05905	1.06646	1	0.73411	0.56345	13.39167	1.06646	1	-0.00760	-0.01014	0.67581	0.00399	1	0.06042	-0.01498	0.67489	0.00387	1	1.45898	0.81042	0	
1242395	8380.17090	3304601300113	0.51552	0.32746	8380.10352	0.06738	11058	1	0.50619	0.32977	0	0.52078	0.28992	1	0.52078	0.28992	1	0.46968	0.53940	11.05905	1.06646	0	0.73410	0.56344	13.43201	1.06646	1	-0.00760	-0.01014	0.67581	0.00399	1	0.06042	-0.01503	0.67489	0.00383	1	1.45898	0.81042	0	
1242396	8380.17676	3304601366910	0.51552	0.32746	8380.10352	0.07324	11058	1	0.50619	0.32977	0	0.52078	0.28992	0	0.52078	0.28992	0	0.46968	0.53940	11.05905	1.06646	0	0.73410	0.56344	13.43201	1.06646	0	-0.00760	-0.01014	0.67581	0.00399	1	0.06042	-0.01503	0.67489	0.00383	1	1.45898	0.81042	0	
1242397	8380.18359	3304601433977	0.51552	0.32746	8380.10352	0.08008	11058	1	0.50619	0.32977	0	0.52078	0.28992	0	0.52078	0.28992	0	0.46968	0.53940	11.05905	1.06646	0	0.73410	0.56344	13.43201	1.06646	0	-0.00760	-0.01014	0.67581	0.00399	1	0.06042	-0.01503	0.67489	0.00383	1	1.45898	0.81042	0	
1242398	8380.19043	3304601501130	0.51552	0.32746	8380.10352	0.08691	11058	1	0.50619	0.32977	0	0.52078	0.28992	0	0.52078	0.28992	0	0.46968	0.53940	11.05905	1.06646	0	0.73410	0.56344	13.43201	1.06646	0	-0.00760	-0.01014	0.67581	0.00399	1	0.06042	-0.01503	0.67489	0.00383	1	1.45898	0.81042	0	
1242399	8380.19727	3304601569123	0.51573	0.32859	8380.10352	0.08691	11058	0	0.50619	0.32977	0	0.52078	0.28992	0	0.52078	0.28992	0	0.46968	0.53940	11.05905	1.06646	0	0.73410	0.56344	13.43201	1.06646	0	-0.00760	-0.01014	0.67581	0.00399	1	0.06042	-0.01503	0.67489	0.00383	1	1.45898	0.81042	0	
1242400	8380.20410	3304601633856	0.51573	0.32859	8380.10352	0.08691	11058	0	0.50619	0.32977	0	0.52078	0.28992	0	0.52078	0.28992	0	0.46968	0.53940	11.05905	1.06646	0	0.73410	0.56344	13.43201	1.06646	0	-0.00760	-0.01014	0.67581	0.00399	1	0.06042	-0.01503	0.67489	0.00383	1	1.45898	0.81042	0	
1242401	8380.21094	3304601701821	0.51573	0.32859	8380.10352	0.08691	11058	0	0.50619	0.32977	0	0.52078	0.28992	0	0.52078	0.28992	0	0.46968	0.53940	11.05905	1.06646	0	0.73410	0.56344	13.43201	1.06646	0	-0.00760	-0.01014	0.67581	0.00399	1	0.06042	-0.01503	0.67489	0.00383	1	1.45898	0.81042	0	
1242402	8380.21777	3304601768989	0.00000	0.00000	8380.10352	0.08691	11058	0	0.50619	0.32977	0	0.52078	0.28992	0	0.52078	0.28992	0	0.46968	0.53940	11.05905	1.06646	0	0.73410	0.56344	13.43201	1.06646	0	-0.00760	-0.01014	0.67581	0.00399	1	0.06042	-0.01503	0.67489	0.00383	1	1.45898	0.81042	0	
1242403	8380.22363	3304601835152	0.00000	0.00000	8380.10352	0.08691	11058	0	0.50619	0.32977	0	0.52078	0.28992	0	0.52078	0.28992	0	0.46968	0.53940	11.05905	1.06646	0	0.73410	0.56344	13.43201	1.06646	0	-0.00760	-0.01014	0.67581	0.00399	1	0.06042	-0.01503	0.67489	0.00383	1	1.45898	0.81042	0	
1242404	8380.23047	3304601902922	0.00000	0.00000	8380.10352	0.08691	11058	0	0.50619	0.32977	0	0.52078	0.28992	0	0.52078	0.28992	0	0.46968	0.53940	11.05905	1.06646	0	0.73410	0.56344	13.43201	1.06646	0	-0.00760	-0.01014	0.67581	0.00399	1	0.06042	-0.01503	0.67489	0.00383	1	1.45898	0.81042	0	
1242405	8380.23730	3304601969711	0.49506	0.21248	8380.10352	0.08691	11058	0	0.47945	0.14160	1	0.51066	0.28337	1	0.49506	0.21248	1	0.46972	0.53751	12.50099	1.06646	1	0.73434	0.56318	12.97795	1.06646	1	-0.00760	-0.01014	0.67581	0.00259	1	0.06042	-0.01503	0.67489	0.00418	1	1.45898	0.81042	0	
1242406	8380.24414	3304602036866	0.51000	0.27007	8380.10352	0.08691	11058	0	0.55264	0.31979	1	0.49724	0.33551	1	0.52494	0.32765	1	0.47038	0.53998	12.66609	1.06646	1	0.73423	0.56389	13.33073	1.06646	1	-0.00760	-0.01014	0.67581	0.00376	1	0.06042	-0.01503	0.67489	0.00379	1	1.45898	0.81042	0	
1242407	8380.25098	3304602104006	0.51494	0.29246	8380.10352	0.08691	11058	0	0.55329	0.32624	1	0.49634	0.34827	1	0.52482	0.33725	1	0.46990	0.53999	12.24156	1.05844	1	0.73422	0.56371	13.42854	1.05078	1	-0.00722	-0.00988	0.65534	0.00377	1	0.05913	-0.01475	0.65993	0.00374	1	1.45898	0.81042	0	
1242408	8380.25684	3304602167862	0.52212	0.34596	8380.10352	0.08691	11058	0	0.54174	0.38133	1	0.49148	0.36462	1	0.51661	0.37297	1	0.47012	0.54009	12.13442	1.04277	1	0.73410	0.56384	13.42982	1.03511	1	-0.00722	-0.00988	0.65534	0.00378	1	0.05913	-0.01475	0.65993	0.00379	1	1.45898	0.81042	0	
1242409	8380.26465	3304602239166	0.52082	0.36667	8380.10352	0.08691	11058	0	0.55755	0.39782	1	0.48149	0.37693	1	0.51952	0.38737	1	0.47039	0.53988	12.35608	1.02709	1	0.73397	0.56385	13.83719	1.01943	1	-0.00722	-0.00988	0.65534	0.00387	1	0.05913	-0.01475	0.65993	0.00373	1	1.45898	0.81042	0	
1242410	8380.27148	3304602306156	0.52038	0.37649	8380.10352	0.08691	11058	0	0.55817	0.40363	1	0.48084	0.38864	1	0.51950	0.39614	1	0.47039	0.53986	12.30748	1.01943	1	0.73388	0.56344	13.46009	1.00496	1	-0.00740	-0.01019	0.67584	0.00391	1	0.05687	-0.01422	0.63415	0.00394	1	1.45898	0.81042	0	
1242411	8380.27734	3304602371928	0.51600	0.37118	8380.25684	0.02051	11059	1	0.55237	0.35975	1	0.45336	0.35079	1	0.50287	0.35527	1	0.47030	0.53975	12.29064	1.01298	1	0.73387	0.56333	13.35745	1.00617	1	-0.00740	-0.01019	0.67584	0.00386	1	0.05687	-0.01422	0.63415	0.00403	1	1.45898	0.81042	0	
1242412	8380.28418	3304602437128	0.51393	0.36780	8380.25684	0.02734	11059	1	0.55055	0.34055	1	0.46069	0.36796	1	0.50562	0.35425	1	0.47030	0.53962	12.18143	1.01419	1	0.73393	0.56347	12.94065	1.00738	1	-0.00740	-0.01019	0.67584	0.00388	1	0.05687	-0.01422	0.63415	0.00427	1	1.45898	0.81042	0	
1242413	8380.29102	3304602503475	0.51254	0.36537	8380.25684	0.03418	11059	1	0.55045	0.33955	1	0.46072	0.36696	1	0.50559	0.35325	1	0.47051	0.53982	12.61728	1.01540	1	0.73408	0.56402	13.09530	1.00859	1	-0.00744	-0.01029	0.67930	0.00384	1	0.05687	-0.01422	0.63415	0.00423	1	1.45898	0.81042	0	
1242414	8380.29785	3304602569150	0.50975	0.36615	8380.25684	0.04102	11059	1	0.53626	0.36444	1	0.44984	0.37713	1	0.49305	0.37078	1	0.47050	0.53989	12.64636	1.00859	1	0.73377	0.56366	12.84173	1.00859	1	-0.00744	-0.01029	0.67930	0.00376	1	0.05687	-0.01422	0.63415	0.00428	1	1.45898	0.81042	0	
1242415	8380.30371	3304602636617	0.50827	0.36858	8380.25684	0.04688	11059	1	0.52469	0.39431	1	0.47105	0.37699	1	0.49787	0.38565	1	0.47025	0.53990	12.16992	1.00859	1	0.73419	0.56338	13.16746	1.00859	1	-0.00744	-0.01029	0.67930	0.00378	1	0.05687	-0.01422	0.63415	0.00396	1	1.45898	0.81042	0	
1242416	8380.31055	3304602704782	0.50713	0.37017	8380.25684	0.05371	11059	1	0.52469	0.39431	1	0.47129	0.37142	1	0.49799	0.38287	1	0.47016	0.53976	12.02563	1.00859	1	0.73426	0.56335	13.02628	1.01540	1	-0.00744	-0.01029	0.67930	0.00389	1	0.05981	-0.01494	0.66638	0.00394	1	1.45898	0.81042	0	
1242417	8380.31738	3304602771016	0.50654	0.36955	8380.25684	0.06055	11059	1	0.53045	0.38405	1	0.47215	0.34387	1	0.50130	0.36396	1	0.47034	0.54005	12.55089	1.01540	1	0.73412	0.56357	13.08133	1.02220	1	-0.00744	-0.01029	0.67930	0.00380	1	0.05981	-0.01494	0.66638	0.00416	1	1.45898	0.81042	0	
1242418	8380.32422	3304602840990	0.50585	0.36687	8380.25684	0.06738	11059	1	0.49902	0.35787	1	0.49890	0.32215	1	0.49896	0.34001	1	0.47022	0.53980	12.19451	1.02220	1	0.73460	0.56330	12.10847	1.02901	1	-0.00744	-0.01029	0.67930	0.00387	1	0.05981	-0.01494	0.66638	0.00420	1	1.45898	0.81042	0	
1242419	8380.33105	3304602907669	0.50528	0.36388	8380.25684	0.07422	11059	1	0.49814	0.35238	1	0.49977	0.30976	1	0.49895	0.33107	1	0.47069	0.54010	11.90930	1.02901	1	0.73433	0.56388	12.85093	1.04348	1	-0.00740	-0.01019	0.67584	0.00377	1	0.05910	-0.01475	0.65795	0.00399	1	1.45898	0.81042	0	
1242420	8380.33789	3304602974636	0.50638	0.36467	8380.25684	0.08105	11059	1	0.54028	0.36703	1	0.49882	0.38115	1	0.51955	0.37409	1	0.47097	0.54007	11.98299	1.04348	1	0.73468	0.56379	12.52707	1.05114	1	-0.00740	-0.01019	0.67584	0.00378	1	0.05910	-0.01475	0.65795	0.00395	1	1.45898	0.81042	0	
1242421	8380.34473	3304603041739	0.50874	0.36348	8380.25684	0.08789	11059	1	0.57998	0.39506	1	0.49904	0.30089	1	0.53951	0.34797	1	0.47119	0.54011	12.10790	1.05114	1	0.73463	0.56334	12.27878	1.05880	1	-0.00740	-0.01019	0.67584	0.00384	1	0.05910	-0.01475	0.65795	0.00385	1	1.45898	0.81042	0	
1242422	8380.35156	3304603108909	0.51078	0.36225	8380.25684	0.09473	11059	1	0.57953	0.38936	1	0.49904	0.30089	1	0.53929	0.34513	1	0.47109	0.54001	12.01880	1.05880	1	0.73493	0.56363	13.08716	1.05880	1	-0.00732	-0.01022	0.67797	0.00383	1	0.05940	-0.01489	0.66188	0.00390	1	1.45898	0.81042	0	
1242423	8380.35840	3304603175742	0.51152	0.36135	8380.25684	0.10156	11059	1	0.54656	0.37411	1	0.49884	0.32162	1	0.52270	0.34787	1	0.47063	0.53991	11.71091	1.05880	1	0.73497	0.56345	12.91805	1.05114	1	-0.00732	-0.01022	0.67797	0.00380	1	0.05940	-0.01489	0.66188	0.00397	1	1.45898	0.81042	0	
1242424	8380.36426	3304603242122	0.51178	0.36244	8380.25684	0.10742	11059	1	0.55705	0.38655	1	0.47461	0.37317	1	0.51583	0.37986	1	0.47115	0.54006	12.31871	1.05114	1	0.73460	0.56392	12.47828	1.04348	1	-0.00732	-0.01022	0.67797	0.00382	1	0.05940	-0.01489	0.66188	0.00408	1	1.45898	0.81042	0	
1242425	8380.37109	3304603309716	0.51200	0.36335	8380.25684	0.11426	11059	1	0.55694	0.38548	1	0.47466	0.37204	1	0.51580	0.37876	1	0.47061	0.53732	11.92754	1.05257	1	0.73501	0.56377	12.57225	1.04491	1	-0.00753	-0.01058	0.70212	0.00238	1	0.05887	-0.01463	0.65480	0.00413	1	1.45898	0.81042	0	
1242426	8380.37793	3304603376515	0.51126	0.35799	8380.25684	0.12109	11059	1	0.50904	0.14947	1	0.48669	0.37356	1	0.49787	0.26152	1	0.47054	0.53733	11.77207	1.05399	1	0.73483	0.56368	12.65188	1.05399	1	-0.00753	-0.01058	0.70212	0.00244	1	0.05887	-0.01463	0.65480	0.00380	1	1.45898	0.81042	0	
1242427	8380.38477	3304603443595	0.51093	0.35329	8380.25684	0.12793	11059	1	0.51154	0.15075	1	0.49787	0.37720	1	0.50471	0.26398	1	0.47062	0.53726	12.10651	1.06308	1	0.73501	0.56378	12.87289	1.06308	1	-0.00753	-0.01058	0.70212	0.00238	1	0.05887	-0.01463	0.65480	0.00396	1	1.45898	0.81042	0	
1242428	8380.39160	3304603510039	0.51062	0.34866	8380.25684	0.13477	11059	1	0.51051	0.14195	1	0.49840	0.37014	1	0.50445	0.25604	1	0.47063	0.53731	12.33608	1.07216	1	0.73466	0.56384	11.92023	1.07216	1	-0.00753	-0.01058	0.70212	0.00237	1	0.05940	-0.01482	0.66068	0.00392	1	1.45898	0.81042	0	
1242429	8380.39844	3304603577364	0.51074	0.34641	8380.25684	0.14160	11059	1	0.54407	0.32569	1	0.48233	0.27296	1	0.51320	0.29933	1	0.47099	0.53996	12.30676	1.07216	1	0.73468	0.56357	11.83990	1.07216	1	-0.00753	-0.01058	0.70212	0.00377	1	0.05940	-0.01482	0.66068	0.00406	1	1.45898	0.81042	0	
1242430	8380.40527	3304603644031	0.51040	0.34518	8380.25684	0.14844	11059	1	0.51419	0.33983	1	0.49183	0.29620	1	0.50301	0.31802	1	0.47056	0.53955	11.20939	1.07216	1	0.73489	0.56353	12.52989	1.07216	1	-0.00753	-0.01058	0.70212	0.00407	1	0.05940	-0.01482	0.66068	0.00389	1	1.45898	0.81042	0	
1242431	8380.41211	3304603711599	0.51012	0.34449	8380.25684	0.15527	11059	1	0.51611	0.35324	1	0.49134	0.30419	1	0.50372	0.32872	1	0.47065	0.53961	11.37278	1.05506	1	0.73500	0.56381	12.64785	1.06272	1	-0.00715	-0.01010	0.66693	0.00387	1	0.05910	-0.01480	0.65795	0.00397	1	1.45898	0.81042	0	
1242432	8380.41797	3304603778803	0.51002	0.34435	8380.25684	0.16113	11059	1	0.53699	0.29646	1	0.47782	0.38532	1	0.50740	0.34089	1	0.47096	0.53932	11.94863	1.04562	1	0.73469	0.56389	12.14665	1.05328	1	-0.00715	-0.01010	0.66693	0.00390	1	0.05910	-0.01480	0.65795	0.00370	1	1.45898	0.81042	0	
1242433	8380.42480	3304603845605	0.50965	0.34501	8380.25684	0.16797	11059	1	0.52292	0.32324	1	0.47815	0.39952	1	0.50053	0.36138	1	0.47065	0.53961	11.37278	1.03618	1	0.73466	0.56437	12.07978	1.04383	1	-0.00715	-0.01010	0.66693	0.00387	1	0.05910	-0.01480	0.65795	0.00388	1	1.45898	0.81042	0	
1242434	8380.43164	3304603912636	0.50931	0.34565	8380.25684	0.17480	11059	1	0.52308	0.32442	1	0.47809	0.40062	1	0.50058	0.36252	1	0.47107	0.53916	11.62097	1.03475	1	0.73492	0.56421	12.35216	1.04241	1	-0.00730	-0.01039	0.68572	0.00399	1	0.05910	-0.01480	0.65795	0.00380	1	1.45898	0.81042	0	
1242435	8380.43848	3304603979878	0.50954	0.34505	8380.25684	0.18164	11059	1	0.55871	0.30041	1	0.47265	0.35688	1	0.51568	0.32864	1	0.47130	0.53900	11.03987	1.05043	1	0.73460	0.56420	12.51658	1.05043	1	-0.00730	-0.01039	0.68572	0.00411	1	0.05910	-0.01480	0.65795	0.00380	1	1.45898	0.81042	0	
1242436	8380.44531	3304604046990	0.50693	0.31985	8380.25684	0.18164	11059	0	0.54114	0.31775	1	0.49118	0.35916	1	0.51616	0.33846	1	0.47100	0.53928	11.68690	1.05844	1	0.73485	0.56405	11.93520	1.05844	1	-0.00730	-0.01039	0.68572	0.00399	1	0.05910	-0.01480	0.65795	0.00382	1	1.45898	0.81042	0	
1242437	8380.45215	3304604112321	0.49906	0.33937	8380.25684	0.18164	11059	0	0.54114	0.31775	0	0.49120	0.35888	1	0.49120	0.35888	1	0.47100	0.53928	11.68690	1.06646	0	0.73509	0.56409	11.41872	1.05880	1	-0.00730	-0.01039	0.68572	0.00399	1	0.05887	-0.01473	0.65480	0.00394	1	1.45898	0.81042	0	
1242438	8380.45898	3304604180556	0.49906	0.33937	8380.25684	0.18164	11059	0	0.54114	0.31775	0	0.49120	0.35888	0	0.49120	0.35888	0	0.47100	0.53928	11.68690	1.05880	0	0.73509	0.56409	11.41872	1.05114	0	-0.00730	-0.01039	0.68572	0.00399	1	0.05887	-0.01473	0.65480	0.00394	1	1.45898	0.81042	0	
1242439	8380.46484	3304604242838	0.49906	0.33937	8380.44531	0.01953	11060	1	0.54114	0.31775	0	0.49120	0.35888	0	0.49120	0.35888	0	0.47100	0.53928	11.68690	1.05114	0	0.73509	0.56409	11.41872	1.04348	0	-0.00730	-0.01039	0.68572	0.00399	1	0.05887	-0.01473	0.65480	0.00394	1	1.45898	0.81042	0	
1242440	8380.47168	3304604314796	0.49618	0.34994	8380.44531	0.02637	11060	1	0.54114	0.31775	0	0.49041	0.37109	1	0.49041	0.37109	1	0.47100	0.53928	11.68690	1.04348	0	0.73503	0.56432	11.97998	1.04348	1	-0.00730	-0.01039	0.68572	0.00399	1	0.05910	-0.01475	0.65795	0.00391	1	1.45898	0.81042	0	
1242441	8380.47852	3304604381031	0.49618	0.34994	8380.44531	0.03320	11060	1	0.54114	0.31775	0	0.49041	0.37109	0	0.49041	0.37109	0	0.47100	0.53928	11.68690	1.04348	0	0.73503	0.56432	11.97998	1.05114	0	-0.00730	-0.01039	0.68572	0.00399	1	0.05910	-0.01475	0.65795	0.00391	1	1.45898	0.81042	0	
1242442	8380.48535	3304604448228	0.49821	0.36414	8380.44531	0.04004	11060	1	0.54114	0.31775	0	0.50429	0.40675	1	0.50429	0.40675	1	0.47100	0.53928	11.68690	1.05114	0	0.73512	0.56443	12.01448	1.05880	1	-0.00730	-0.01039	0.68572	0.00399	1	0.05910	-0.01475	0.65795	0.00389	1	1.45898	0.81042	0	
1242443	8380.49219	3304604515192	0.49821	0.36414	8380.44531	0.04688	11060	1	0.54114	0.31775	0	0.50429	0.40675	0	0.50429	0.40675	0	0.47100	0.53928	11.68690	1.05880	0	0.73512	0.56443	12.01448	1.06646	0	-0.00730	-0.01039	0.68572	0.00399	1	0.05910	-0.01475	0.65795	0.00389	1	1.45898	0.81042	0	
1242444	8380.49902	3304604582082	0.49821	0.36414	8380.44531	0.05371	11060	1	0.54114	0.31775	0	0.50429	0.40675	0	0.50429	0.40675	0	0.47100	0.53928	11.68690	1.06646	0	0.73512	0.56443	12.01448	1.06646	0	-0.00730	-0.01039	0.68572	0.00399	1	0.05910	-0.01475	0.65795	0.00389	1	1.45898	0.81042	0	
1242445	8380.50488	3304604648815	0.49821	0.36414	8380.44531	0.05957	11060	1	0.54114	0.31775	0	0.50429	0.40675	0	0.50429	0.40675	0	0.47100	0.53928	11.68690	1.06646	0	0.73512	0.56443	12.01448	1.06646	0	-0.00730	-0.01039	0.68572	0.00399	1	0.05910	-0.01475	0.65795	0.00389	1	1.45898	0.81042	0	
1242446	8380.51172	3304604716339	0.49952	0.37151	8380.44531	0.06641	11060	1	0.54114	0.31775	0	0.50478	0.40098	1	0.50478	0.40098	1	0.47100	0.53928	11.68690	1.06646	0	0.73495	0.56401	11.72768	1.06646	1	-0.00730	-0.01039	0.68572	0.00399	1	0.05910	-0.01475	0.65795	0.00398	1	1.45898	0.81042	0	
1242447	8380.51855	3304604783270	0.50152	0.37299	8380.44531	0.07324	11060	1	0.54114	0.31775	0	0.51149	0.38038	1	0.51149	0.38038	1	0.47100	0.53928	11.68690	1.06646	0	0.73522	0.56430	11.66735	1.06646	1	-0.00730	-0.01039	0.68572	0.00399	1	0.05910	-0.01475	0.65795	0.00389	1	1.45898	0.81042	0	
1242448	8380.52539	3304604850300	0.50152	0.37299	8380.44531	0.08008	11060	1	0.54114	0.31775	0	0.51149	0.38038	0	0.51149	0.38038	0	0.47100	0.53928	11.68690	1.06646	0	0.73522	0.56430	11.66735	1.06646	0	-0.00730	-0.01039	0.68572	0.00399	1	0.05910	-0.01475	0.65795	0.00389	1	1.45898	0.81042	0	
1242449	8380.53223	3304604917303	0.50152	0.37299	8380.44531	0.08691	11060	1	0.54114	0.31775	0	0.51149	0.38038	0	0.51149	0.38038	0	0.47100	0.53928	11.68690	1.06646	0	0.73522	0.56430	11.66735	1.06646	0	-0.00730	-0.01039	0.68572	0.00399	1	0.05910	-0.01475	0.65795	0.00389	1	1.45898	0.81042	0	
1242450	8380.53906	3304604984238	0.50152	0.37299	8380.44531	0.09375	11060	1	0.54114	0.31775	0	0.51149	0.38038	0	0.51149	0.38038	0	0.47100	0.53928	11.68690	1.06646	0	0.73522	0.56430	11.66735	1.06646	0	-0.00730	-0.01039	0.68572	0.00399	1	0.05910	-0.01475	0.65795	0.00389	1	1.45898	0.81042	0	
1242451	8380.54492	3304605049095	0.50044	0.38362	8380.44531	0.09375	11060	0	0.54114	0.31775	0	0.51149	0.38038	0	0.51149	0.38038	0	0.47100	0.53928	11.68690	1.06646	0	0.73522	0.56430	11.66735	1.06646	0	-0.00730	-0.01039	0.68572	0.00399	1	0.05910	-0.01475	0.65795	0.00389	1	1.45898	0.81042	0	
1242452	8380.55273	3304605117807	0.50044	0.38362	8380.44531	0.09375	11060	0	0.54114	0.31775	0	0.51149	0.38038	0	0.51149	0.38038	0	0.47100	0.53928	11.68690	1.06646	0	0.73522	0.56430	11.66735	1.06646	0	-0.00730	-0.01039	0.68572	0.00399	1	0.05910	-0.01475	0.65795	0.00389	1	1.45898	0.81042	0	
1242453	8380.55859	3304605185463	0.50044	0.38362	8380.44531	0.09375	11060	0	0.54114	0.31775	0	0.51149	0.38038	0	0.51149	0.38038	0	0.47100	0.53928	11.68690	1.06646	0	0.73522	0.56430	11.66735	1.06646	0	-0.00730	-0.01039	0.68572	0.00399	1	0.05910	-0.01475	0.65795	0.00389	1	1.45898	0.81042	0	
1242454	8380.56543	3304605252326	0.00000	0.00000	8380.44531	0.09375	11060	0	0.54114	0.31775	0	0.51149	0.38038	0	0.51149	0.38038	0	0.47100	0.53928	11.68690	1.06646	0	0.73522	0.56430	11.66735	1.06646	0	-0.00730	-0.01039	0.68572	0.00399	1	0.05910	-0.01475	0.65795	0.00389	1	1.45898	0.81042	0	
1242455	8380.57227	3304605318816	0.00000	0.00000	8380.44531	0.09375	11060	0	0.54114	0.31775	0	0.51149	0.38038	0	0.51149	0.38038	0	0.47100	0.53928	11.68690	1.06646	0	0.73522	0.56430	11.66735	1.06646	0	-0.00730	-0.01039	0.68572	0.00399	1	0.05910	-0.01475	0.65795	0.00389	1	1.45898	0.81042	0	
1242456	8380.57910	3304605385967	0.00000	0.00000	8380.44531	0.09375	11060	0	0.54114	0.31775	0	0.51149	0.38038	0	0.51149	0.38038	0	0.47100	0.53928	11.68690	1.06646	0	0.73522	0.56430	11.66735	1.06646	0	-0.00730	-0.01039	0.68572	0.00399	1	0.05910	-0.01475	0.65795	0.00389	1	1.45898	0.81042	0	
1242457	8380.58594	3304605453772	0.49777	0.34270	8380.44531	0.09375	11060	0	0.51630	0.30244	1	0.47923	0.38296	1	0.49777	0.34270	1	0.47024	0.53940	10.49877	1.06646	1	0.73428	0.56488	12.41006	1.06646	1	-0.00730	-0.01039	0.68572	0.00389	1	0.05910	-0.01475	0.65795	0.00386	1	1.45898	0.81042	0	
1242458	8380.59277	3304605520234	0.49777	0.34270	8380.44531	0.09375	11060	0	0.51630	0.30244	1	0.47923	0.38296	1	0.49777	0.34270	1	0.47061	0.53953	10.89275	1.06646	1	0.73443	0.56433	11.95087	1.06646	1	-0.00744	-0.01029	0.67930	0.00403	1	0.05910	-0.01480	0.65795	0.00396	1	1.45898	0.81042	0	
1242459	8380.59961	3304605587118	0.50666	0.33802	8380.44531	0.09375	11060	0	0.54965	0.30959	1	0.49923	0.34772	1	0.52444	0.32866	1	0.47077	0.53991	11.15538	1.06646	1	0.73463	0.56438	12.06903	1.06646	1	-0.00744	-0.01029	0.67930	0.00377	1	0.05910	-0.01480	0.65795	0.00403	1	1.45898	0.81042	0	
1242460	8380.60547	3304605653905	0.51008	0.33659	8380.58594	0.01953	11061	1	0.56412	0.34469	1	0.47653	0.31993	1	0.52033	0.33231	1	0.47098	0.54021	11.35096	1.06646	1	0.73426	0.56422	12.16443	1.06646	1	-0.00744	-0.01029	0.67930	0.00376	1	0.05910	-0.01480	0.65795	0.00422	1	1.45898	0.81042	0	
1242461	8380.61230	3304605720794	0.51213	0.33574	8380.58594	0.02637	11061	1	0.56412	0.34469	1	0.47653	0.31993	1	0.52033	0.33231	1	0.47070	0.54025	11.24216	1.06646	1	0.73405	0.56484	12.20546	1.06646	1	-0.00744	-0.01029	0.67930	0.00368	1	0.05910	-0.01480	0.65795	0.00391	1	1.45898	0.81042	0	
1242462	8380.61914	3304605787935	0.51247	0.33889	8380.58594	0.03320	11061	1	0.53858	0.33027	1	0.48978	0.37904	1	0.51418	0.35465	1	0.47050	0.53972	10.74874	1.06646	1	0.73443	0.56464	11.92221	1.06646	1	-0.00744	-0.01029	0.67930	0.00379	1	0.05910	-0.01480	0.65795	0.00387	1	1.45898	0.81042	0	
1242463	8380.62598	3304605854420	0.51102	0.34373	8380.58594	0.04004	11061	1	0.55015	0.35786	1	0.45452	0.38770	1	0.50234	0.37278	1	0.47073	0.54023	11.10892	1.06646	1	0.73388	0.56497	11.66050	1.06646	1	-0.00744	-0.01029	0.67930	0.00371	1	0.05910	-0.01480	0.65795	0.00393	1	1.45898	0.81042	0	
1242464	8380.63281	3304605921852	0.50994	0.34736	8380.58594	0.04688	11061	1	0.55015	0.35786	1	0.45452	0.38770	1	0.50234	0.37278	1	0.47043	0.54001	10.96433	1.06646	1	0.73403	0.56457	11.15578	1.06646	1	-0.00744	-0.01029	0.67930	0.00365	1	0.05910	-0.01480	0.65795	0.00396	1	1.45898	0.81042	0	
1242465	8380.63965	3304605988709	0.50674	0.35070	8380.58594	0.05371	11061	1	0.51511	0.37086	1	0.44723	0.38400	1	0.48117	0.37743	1	0.47018	0.54028	10.64316	1.06646	1	0.73380	0.56492	11.66363	1.06646	1	-0.00744	-0.01029	0.67930	0.00361	1	0.05910	-0.01480	0.65795	0.00396	1	1.45898	0.81042	0	
1242466	8380.64648	3304606055384	0.50372	0.34259	8380.58594	0.06055	11061	1	0.50586	0.15523	1	0.44723	0.38400	1	0.47654	0.26962	1	0.47010	0.53792	11.07932	1.06646	1	0.73380	0.56492	11.66363	1.06646	1	-0.00744	-0.01029	0.67930	0.00235	1	0.05910	-0.01480	0.65795	0.00396	1	1.45898	0.81042	0	
1242467	8380.65234	3304606119636	0.50125	0.33566	8380.58594	0.06641	11061	1	0.50586	0.15523	1	0.44733	0.37737	1	0.47660	0.26630	1	0.47019	0.54075	10.62694	1.06646	1	0.73431	0.56461	11.44130	1.07514	1	-0.00744	-0.01029	0.67930	0.00354	1	0.06299	-0.01579	0.70176	0.00397	1	1.45898	0.81042	0	
1242468	8380.65918	3304606189060	0.50270	0.33757	8380.58594	0.07324	11061	1	0.54248	0.35691	1	0.49474	0.36020	1	0.51861	0.35855	1	0.47059	0.54050	11.35168	1.07514	1	0.73421	0.56472	11.50970	1.08382	1	-0.00744	-0.01029	0.67930	0.00355	1	0.06299	-0.01579	0.70176	0.00394	1	1.45898	0.81042	0	
1242469	8380.66602	3304606254810	0.50235	0.33893	8380.58594	0.08008	11061	1	0.50463	0.35147	1	0.49162	0.35921	1	0.49813	0.35534	1	0.47004	0.54064	11.07364	1.08382	1	0.73412	0.56474	11.22783	1.09250	1	-0.00744	-0.01029	0.67930	0.00355	1	0.06299	-0.01579	0.70176	0.00391	1	1.45898	0.81042	0	
1242470	8380.67285	3304606321371	0.50200	0.34008	8380.58594	0.08691	11061	1	0.50361	0.34482	1	0.49123	0.36513	1	0.49742	0.35498	1	0.47010	0.54054	11.17530	1.09250	1	0.73415	0.56461	11.12965	1.08484	1	-0.00744	-0.01029	0.67930	0.00367	1	0.05981	-0.01504	0.66638	0.00391	1	1.45898	0.81042	0	
1242471	8380.67969	3304606388038	0.50330	0.34228	8380.58594	0.09375	11061	1	0.55574	0.37503	1	0.48726	0.37124	1	0.52150	0.37313	1	0.47077	0.54068	11.53798	1.08484	1	0.73402	0.56483	11.21035	1.06850	1	-0.00744	-0.01029	0.67930	0.00380	1	0.05981	-0.01504	0.66638	0.00388	1	1.45898	0.81042	0	
1242472	8380.68555	3304606455084	0.50280	0.34627	8380.58594	0.09961	11061	1	0.55574	0.37503	0	0.49542	0.40610	1	0.49542	0.40610	1	0.47077	0.54068	11.53798	1.06850	0	0.73420	0.56484	11.43139	1.05216	1	-0.00744	-0.01029	0.67930	0.00380	1	0.05981	-0.01504	0.66638	0.00387	1	1.45898	0.81042	0	
1242473	8380.69238	3304606521601	0.50280	0.34627	8380.58594	0.10645	11061	1	0.55574	0.37503	0	0.49542	0.40610	0	0.49542	0.40610	0	0.47077	0.54068	11.53798	1.05216	0	0.73420	0.56484	11.43139	1.03582	0	-0.00744	-0.01029	0.67930	0.00380	1	0.05981	-0.01504	0.66638	0.00387	1	1.45898	0.81042	0	
1242474	8380.69922	3304606588255	0.50280	0.34627	8380.58594	0.11328	11061	1	0.55574	0.37503	0	0.49542	0.40610	0	0.49542	0.40610	0	0.47077	0.54068	11.53798	1.03582	0	0.73420	0.56484	11.43139	1.03582	0	-0.00744	-0.01029	0.67930	0.00380	1	0.05981	-0.01504	0.66638	0.00387	1	1.45898	0.81042	0	
1242475	8380.70605	3304606656229	0.50280	0.34627	8380.58594	0.12012	11061	1	0.55574	0.37503	0	0.49542	0.40610	0	0.49542	0.40610	0	0.47077	0.54068	11.53798	1.03582	0	0.73420	0.56484	11.43139	1.03582	0	-0.00744	-0.01029	0.67930	0.00380	1	0.05981	-0.01504	0.66638	0.00387	1	1.45898	0.81042	0	
1242476	8380.71289	3304606724950	0.50038	0.34950	8380.58594	0.12012	11061	0	0.55574	0.37503	0	0.49542	0.40610	0	0.49542	0.40610	0	0.47077	0.54068	11.53798	1.03582	0	0.73420	0.56484	11.43139	1.03582	0	-0.00744	-0.01029	0.67930	0.00380	1	0.05981	-0.01504	0.66638	0.00387	1	1.45898	0.81042	0	
1242477	8380.71973	3304606790155	0.50038	0.34950	8380.58594	0.12012	11061	0	0.55574	0.37503	0	0.49542	0.40610	0	0.49542	0.40610	0	0.47077	0.54068	11.53798	1.03582	0	0.73420	0.56484	11.43139	1.03582	0	-0.00744	-0.01029	0.67930	0.00380	1	0.05981	-0.01504	0.66638	0.00387	1	1.45898	0.81042	0	
1242478	8380.72656	3304606857555	0.49875	0.36723	8380.58594	0.12012	11061	0	0.55574	0.37503	0	0.49712	0.38496	1	0.49712	0.38496	1	0.47077	0.54068	11.53798	1.03582	0	0.73421	0.56449	11.18274	1.03582	1	-0.00744	-0.01029	0.67930	0.00380	1	0.05981	-0.01504	0.66638	0.00386	1	1.45898	0.81042	0	
1242479	8380.73340	3304606924851	0.49875	0.36723	8380.71289	0.02051	11062	1	0.55574	0.37503	0	0.49712	0.38496	0	0.49712	0.38496	0	0.47077	0.54068	11.53798	1.03582	0	0.73421	0.56449	11.18274	1.03582	0	-0.00744	-0.01029	0.67930	0.00380	1	0.05981	-0.01504	0.66638	0.00386	1	1.45898	0.81042	0	
1242480	8380.73926	3304606989817	0.49875	0.36723	8380.71289	0.02637	11062	1	0.55574	0.37503	0	0.49712	0.38496	0	0.49712	0.38496	0	0.47077	0.54068	11.53798	1.03582	0	0.73421	0.56449	11.18274	1.03582	0	-0.00744	-0.01029	0.67930	0.00380	1	0.05981	-0.01504	0.66638	0.00386	1	1.45898	0.81042	0	
1242481	8380.74609	3304607058630	0.49875	0.36723	8380.71289	0.03320	11062	1	0.55574	0.37503	0	0.49712	0.38496	0	0.49712	0.38496	0	0.47077	0.54068	11.53798	1.03582	0	0.73421	0.56449	11.18274	1.03582	0	-0.00744	-0.01029	0.67930	0.00380	1	0.05981	-0.01504	0.66638	0.00386	1	1.45898	0.81042	0	
1242482	8380.75293	3304607127597	0.49712	0.38496	8380.71289	0.03320	11062	0	0.55574	0.37503	0	0.49712	0.38496	0	0.49712	0.38496	0	0.47077	0.54068	11.53798	1.03582	0	0.73421	0.56449	11.18274	1.03582	0	-0.00744	-0.01029	0.67930	0.00380	1	0.05981	-0.01504	0.66638	0.00386	1	1.45898	0.81042	0	
1242483	8380.75977	3304607192501	0.49712	0.38496	8380.71289	0.03320	11062	0	0.55574	0.37503	0	0.49712	0.38496	0	0.49712	0.38496	0	0.47077	0.54068	11.53798	1.03582	0	0.73421	0.56449	11.18274	1.03582	0	-0.00744	-0.01029	0.67930	0.00380	1	0.05981	-0.01504	0.66638	0.00386	1	1.45898	0.81042	0	
1242484	8380.76660	3304607260401	0.49712	0.38496	8380.71289	0.03320	11062	0	0.55574	0.37503	0	0.49712	0.38496	0	0.49712	0.38496	0	0.47077	0.54068	11.53798	1.03582	0	0.73421	0.56449	11.18274	1.03582	0	-0.00744	-0.01029	0.67930	0.00380	1	0.05981	-0.01504	0.66638	0.00386	1	1.45898	0.81042	0	
1242485	8380.77344	3304607328586	0.00000	0.00000	8380.71289	0.03320	11062	0	0.55574	0.37503	0	0.49712	0.38496	0	0.49712	0.38496	0	0.47077	0.54068	11.53798	1.03582	0	0.73421	0.56449	11.18274	1.03582	0	-0.00744	-0.01029	0.67930	0.00380	1	0.05981	-0.01504	0.66638	0.00386	1	1.45898	0.81042	0	
1242486	8380.78027	3304607395660	0.00000	0.00000	8380.71289	0.03320	11062	0	0.55574	0.37503	0	0.49712	0.38496	0	0.49712	0.38496	0	0.47077	0.54068	11.53798	1.03582	0	0.73421	0.56449	11.18274	1.03582	0	-0.00744	-0.01029	0.67930	0.00380	1	0.05981	-0.01504	0.66638	0.00386	1	1.45898	0.81042	0	
1242487	8380.78711	3304607462204	0.00000	0.00000	8380.71289	0.03320	11062	0	0.55574	0.37503	0	0.49712	0.38496	0	0.49712	0.38496	0	0.47077	0.54068	11.53798	1.03582	0	0.73421	0.56449	11.18274	1.03582	0	-0.00744	-0.01029	0.67930	0.00380	1	0.05981	-0.01504	0.66638	0.00386	1	1.45898	0.81042	0	
1242488	8380.79297	3304607529154	0.52856	0.39511	8380.71289	0.03320	11062	0	0.55955	0.41132	1	0.49757	0.37891	1	0.52856	0.39511	1	0.47046	0.53791	11.50435	1.03582	1	0.73428	0.56507	12.26231	1.04348	1	-0.00733	-0.01029	0.67906	0.00222	1	0.05910	-0.01480	0.65795	0.00388	1	1.45898	0.81042	0	
1242489	8380.79980	3304607596606	0.50654	0.34015	8380.71289	0.03320	11062	0	0.48540	0.21082	1	0.48366	0.35958	1	0.48453	0.28520	1	0.47051	0.53785	11.26429	1.04348	1	0.73477	0.56443	11.83631	1.05114	1	-0.00733	-0.01029	0.67906	0.00226	1	0.05910	-0.01480	0.65795	0.00398	1	1.45898	0.81042	0	
1242490	8380.80664	3304607664317	0.49435	0.32477	8380.71289	0.03320	11062	0	0.47671	0.19504	1	0.46321	0.39297	1	0.46996	0.29401	1	0.47048	0.53777	11.05218	1.05114	1	0.73440	0.56484	12.19705	1.05880	1	-0.00733	-0.01029	0.67906	0.00223	1	0.05910	-0.01480	0.65795	0.00378	1	1.45898	0.81042	0	
1242491	8380.81348	3304607730391	0.47461	0.29073	8380.71289	0.03320	11062	0	0.47562	0.18784	1	0.46303	0.39817	1	0.46933	0.29300	1	0.47051	0.53780	11.45414	1.05880	1	0.73446	0.56471	12.13993	1.05199	1	-0.00730	-0.01039	0.68572	0.00219	1	0.05869	-0.01468	0.65230	0.00389	1	1.45898	0.81042	0	
1242492	8380.82031	3304607797556	0.48100	0.29296	8380.71289	0.03320	11062	0	0.48643	0.19306	1	0.48835	0.39730	1	0.48739	0.29518	1	0.47056	0.53782	11.48752	1.05199	1	0.73482	0.56471	11.52618	1.03752	1	-0.00730	-0.01039	0.68572	0.00227	1	0.05869	-0.01468	0.65230	0.00388	1	1.45898	0.81042	0	
1242493	8380.82715	3304607864312	0.48445	0.30363	8380.71289	0.03320	11062	0	0.50758	0.24318	1	0.47513	0.40677	1	0.49135	0.32497	1	0.47073	0.53800	11.57996	1.03752	1	0.73465	0.56480	11.92816	1.02306	1	-0.00730	-0.01039	0.68572	0.00232	1	0.05869	-0.01468	0.65230	0.00382	1	1.45898	0.81042	0	
1242494	8380.83301	3304607928943	0.48632	0.31201	8380.81348	0.01953	11063	1	0.50932	0.25626	1	0.47457	0.41801	1	0.49195	0.33713	1	0.47066	0.53789	11.29957	1.02306	1	0.73495	0.56481	11.40751	1.00859	1	-0.00730	-0.01039	0.68572	0.00233	1	0.05869	-0.01473	0.65230	0.00384	1	1.45898	0.81042	0	
1242495	8380.83984	3304607998347	0.49207	0.33684	8380.81348	0.02637	11063	1	0.52637	0.43402	1	0.50375	0.43832	1	0.51506	0.43617	1	0.47097	0.54001	10.32784	1.00859	1	0.73517	0.56489	12.01646	1.00859	1	-0.00730	-0.01039	0.68572	0.00359	1	0.05869	-0.01473	0.65230	0.00388	1	1.45898	0.81042	0	
1242496	8380.84668	3304608065437	0.49468	0.34940	8380.81348	0.03320	11063	1	0.52025	0.41231	1	0.49518	0.41206	1	0.50772	0.41218	1	0.47095	0.53978	10.70496	1.00859	1	0.73499	0.56466	11.38386	1.00859	1	-0.00730	-0.01039	0.68572	0.00350	1	0.05869	-0.01473	0.65230	0.00383	1	1.45898	0.81042	0	
1242497	8380.85352	3304608132828	0.49657	0.35655	8380.81348	0.04004	11063	1	0.51922	0.40539	1	0.49655	0.39358	1	0.50788	0.39949	1	0.47088	0.53948	10.51130	1.01767	1	0.73532	0.56441	12.08326	1.03214	1	-0.00741	-0.01056	0.70068	0.00366	1	0.06078	-0.01517	0.67441	0.00383	1	1.45898	0.81042	0	
1242498	8380.86035	3304608199417	0.50015	0.35750	8380.81348	0.04688	11063	1	0.53541	0.36343	1	0.51502	0.36489	1	0.52522	0.36416	1	0.47121	0.53965	11.12381	1.04123	1	0.73531	0.56453	12.13672	1.05569	1	-0.00741	-0.01056	0.70068	0.00349	1	0.06078	-0.01517	0.67441	0.00387	1	1.45898	0.81042	0	
1242499	8380.86719	3304608266245	0.49913	0.34830	8380.81348	0.05371	11063	1	0.50893	0.18517	1	0.47308	0.36428	1	0.49100	0.27472	1	0.47094	0.53786	11.76144	1.06478	1	0.73533	0.56479	12.15564	1.07925	1	-0.00741	-0.01056	0.70068	0.00226	1	0.06078	-0.01517	0.67441	0.00397	1	1.45898	0.81042	0	
1242500	8380.87402	3304608333433	0.49826	0.33971	8380.81348	0.06055	11063	1	0.50725	0.17163	1	0.47358	0.35306	1	0.49042	0.26234	1	0.47090	0.53788	11.45038	1.07925	1	0.73532	0.56454	11.99789	1.09372	1	-0.00710	-0.01019	0.67588	0.00230	1	0.06078	-0.01517	0.67441	0.00408	1	1.45898	0.81042	0	
1242501	8380.88086	3304608400232	0.49697	0.33447	8380.81348	0.06738	11063	1	0.51602	0.16630	1	0.45207	0.39796	1	0.48405	0.28213	1	0.47114	0.53781	11.33723	1.08463	1	0.73505	0.56519	12.62295	1.08463	1	-0.00710	-0.01019	0.67588	0.00230	1	0.06078	-0.01517	0.67441	0.00390	1	1.45898	0.81042	0	
1242502	8380.88672	3304608464723	0.49565	0.32935	8380.81348	0.07324	11063	1	0.50729	0.17356	1	0.45504	0.37242	1	0.48117	0.27299	1	0.47109	0.53779	11.30475	1.07554	1	0.73505	0.56474	12.42342	1.07554	1	-0.00710	-0.01019	0.67588	0.00227	1	0.06078	-0.01517	0.67441	0.00414	1	1.45898	0.81042	0	
1242503	8380.89355	3304608531036	0.49457	0.32561	8380.81348	0.08008	11063	1	0.50835	0.18207	1	0.45487	0.37941	1	0.48161	0.28074	1	0.47118	0.53781	11.35549	1.06646	1	0.73508	0.56503	12.14073	1.06646	1	-0.00719	-0.01038	0.68506	0.00232	1	0.06078	-0.01528	0.67441	0.00387	1	1.45898	0.81042	0	
1242504	8380.90039	3304608598815	0.49329	0.32411	8380.81348	0.08691	11063	1	0.49307	0.18651	1	0.46036	0.42280	1	0.47671	0.30465	1	0.47115	0.53788	11.53146	1.06646	1	0.73516	0.56523	12.51588	1.06646	1	-0.00719	-0.01038	0.68506	0.00225	1	0.06078	-0.01528	0.67441	0.00369	1	1.45898	0.81042	0	
1242505	8380.90723	3304608664509	0.49166	0.32307	8380.81348	0.09375	11063	1	0.47451	0.20285	1	0.46309	0.41407	1	0.46880	0.30846	1	0.47111	0.53799	11.41249	1.06646	1	0.73524	0.56514	12.16123	1.06646	1	-0.00719	-0.01038	0.68506	0.00237	1	0.06078	-0.01528	0.67441	0.00372	1	1.45898	0.81042	0	
1242506	8380.91406	3304608731012	0.49019	0.32186	8380.81348	0.10059	11063	1	0.47321	0.19450	1	0.46312	0.41302	1	0.46817	0.30376	1	0.47149	0.53800	11.54082	1.07554	1	0.73540	0.56490	12.38693	1.06788	1	-0.00730	-0.01061	0.70003	0.00234	1	0.05878	-0.01471	0.65166	0.00377	1	1.45898	0.81042	0	
1242507	8380.92090	3304608802267	0.48991	0.32581	8380.81348	0.10742	11063	1	0.49995	0.39663	1	0.47093	0.38120	1	0.48544	0.38891	1	0.47147	0.54021	11.51643	1.07697	1	0.73531	0.56497	12.43278	1.06931	1	-0.00730	-0.01061	0.70003	0.00358	1	0.05878	-0.01471	0.65166	0.00377	1	1.45898	0.81042	0	
1242508	8380.92773	3304608869273	0.49024	0.32898	8380.81348	0.11426	11063	1	0.52368	0.37365	1	0.46801	0.39210	1	0.49584	0.38287	1	0.47179	0.53994	10.94704	1.07840	1	0.73524	0.56506	12.44812	1.07074	1	-0.00730	-0.01061	0.70003	0.00343	1	0.05878	-0.01471	0.65166	0.00377	1	1.45898	0.81042	0	
1242509	8380.93359	3304608935750	0.49055	0.33212	8380.81348	0.12012	11063	1	0.52447	0.37937	1	0.46777	0.39788	1	0.49612	0.38863	1	0.47205	0.53997	11.17608	1.07074	1	0.73599	0.56470	11.97578	1.06308	1	-0.00705	-0.01032	0.68113	0.00359	1	0.05993	-0.01497	0.66330	0.00381	1	1.45898	0.81042	0	
1242510	8380.94043	3304609003035	0.49054	0.33489	8380.81348	0.12695	11063	1	0.50067	0.39512	1	0.48006	0.37999	1	0.49037	0.38755	1	0.47140	0.54007	10.74438	1.05399	1	0.73585	0.56472	12.52245	1.05399	1	-0.00705	-0.01032	0.68113	0.00362	1	0.05993	-0.01497	0.66330	0.00375	1	1.45898	0.81042	0	
1242511	8380.94727	3304609070320	0.49057	0.33565	8380.81348	0.13379	11063	1	0.51295	0.33121	1	0.46922	0.37055	1	0.49108	0.35088	1	0.47170	0.53931	11.58394	1.04491	1	0.73567	0.56467	11.38110	1.04491	1	-0.00705	-0.01032	0.68113	0.00352	1	0.05993	-0.01497	0.66330	0.00391	1	1.45898	0.81042	0	
1242512	8380.95410	3304609137013	0.49063	0.33683	8380.81348	0.14062	11063	1	0.51493	0.34512	1	0.46891	0.37805	1	0.49192	0.36158	1	0.47180	0.53768	11.38935	1.02780	1	0.73612	0.56450	11.83422	1.03546	1	-0.00683	-0.01002	0.66454	0.00228	1	0.06005	-0.01499	0.66408	0.00390	1	1.45898	0.81042	0	
1242513	8380.96094	3304609203944	0.49101	0.33482	8380.81348	0.14746	11063	1	0.52724	0.21024	1	0.47159	0.37090	1	0.49941	0.29057	1	0.47183	0.53768	11.31077	1.02745	1	0.73614	0.56444	11.82298	1.03511	1	-0.00683	-0.01002	0.66454	0.00228	1	0.06005	-0.01499	0.66408	0.00396	1	1.45898	0.81042	0	
1242514	8380.96777	3304609269704	0.49113	0.33368	8380.81348	0.15430	11063	1	0.51688	0.22070	1	0.47063	0.39443	1	0.49375	0.30756	1	0.47183	0.53769	11.09057	1.02709	1	0.73614	0.56485	11.95110	1.03475	1	-0.00683	-0.01002	0.66454	0.00230	1	0.06005	-0.01499	0.66408	0.00381	1	1.45898	0.81042	0	
1242515	8380.97461	3304609338294	0.49120	0.33218	8380.81348	0.16113	11063	1	0.51497	0.20504	1	0.47094	0.38734	1	0.49296	0.29619	1	0.47190	0.53756	11.52370	1.04383	1	0.73616	0.56517	12.07982	1.04383	1	-0.00709	-0.01057	0.70087	0.00228	1	0.05993	-0.01495	0.66222	0.00371	1	1.45898	0.81042	0	
1242516	8380.98145	3304609405298	0.49069	0.33106	8380.81348	0.16797	11063	1	0.47264	0.18997	1	0.48303	0.41598	1	0.47784	0.30298	1	0.47203	0.53769	11.58201	1.06094	1	0.73629	0.56519	12.16894	1.05328	1	-0.00709	-0.01057	0.70087	0.00224	1	0.05993	-0.01495	0.66222	0.00366	1	1.45898	0.81042	0	
1242517	8380.98730	3304609472731	0.49051	0.33232	8380.81348	0.17383	11063	1	0.49266	0.31011	1	0.47908	0.41998	1	0.48587	0.36504	1	0.47212	0.53938	11.09805	1.07038	1	0.73626	0.56518	12.13208	1.06272	1	-0.00709	-0.01057	0.70087	0.00364	1	0.05993	-0.01495	0.66222	0.00365	1	1.45898	0.81042	0	
1242518	8380.99414	3304609538764	0.49034	0.33348	8380.81348	0.18066	11063	1	0.49261	0.30982	1	0.47910	0.41971	1	0.48585	0.36477	1	0.47257	0.53978	11.04044	1.07074	1	0.73615	0.56503	12.44965	1.06308	1	-0.00676	-0.01019	0.67253	0.00361	1	0.05844	-0.01451	0.64470	0.00369	1	1.45898	0.81042	0	
1242519	8381.00098	3304609606838	0.49093	0.33480	8380.81348	0.18750	11063	1	0.52891	0.34174	1	0.48566	0.40214	1	0.50728	0.37194	1	0.47273	0.53950	11.27054	1.05399	1	0.73641	0.56505	12.00491	1.05399	1	-0.00676	-0.01019	0.67253	0.00367	1	0.05844	-0.01451	0.64470	0.00368	1	1.45898	0.81042	0	
1242520	8381.00781	3304609674078	0.49072	0.33716	8380.81348	0.19434	11063	1	0.51625	0.39336	1	0.45303	0.41762	1	0.48464	0.40549	1	0.47245	0.53980	11.92001	1.04491	1	0.73626	0.56514	12.04595	1.04491	1	-0.00676	-0.01019	0.67253	0.00359	1	0.05844	-0.01451	0.64470	0.00374	1	1.45898	0.81042	0	
1242521	8381.01465	3304609739990	0.49054	0.33949	8380.81348	0.20117	11063	1	0.51728	0.40020	1	0.45301	0.41868	1	0.48514	0.40944	1	0.47288	0.53966	11.35968	1.03582	1	0.73629	0.56483	12.02955	1.04348	1	-0.00676	-0.01014	0.67253	0.00358	1	0.06116	-0.01532	0.67413	0.00382	1	1.45898	0.81042	0	
1242522	8381.02148	3304609807324	0.49080	0.34114	8380.81348	0.20801	11063	1	0.52391	0.37393	1	0.47435	0.41063	1	0.49913	0.39228	1	0.47263	0.53959	11.08046	1.04348	1	0.73658	0.56499	12.53343	1.05114	1	-0.00676	-0.01014	0.67253	0.00356	1	0.06116	-0.01532	0.67413	0.00382	1	1.45898	0.81042	0	
1242523	8381.02734	3304609873403	0.49093	0.34220	8380.81348	0.21387	11063	1	0.53985	0.34512	1	0.45003	0.40702	1	0.49494	0.37607	1	0.47292	0.53951	11.29052	1.05114	1	0.73621	0.56514	12.04317	1.05880	1	-0.00676	-0.01014	0.67253	0.00349	1	0.06116	-0.01532	0.67413	0.00381	1	1.45898	0.81042	0	
1242524	8381.03418	3304609940350	0.49104	0.34302	8380.81348	0.22070	11063	1	0.53914	0.33905	1	0.45014	0.40128	1	0.49464	0.37017	1	0.47307	0.53953	11.44398	1.05880	1	0.73680	0.56506	12.49180	1.06646	1	-0.00679	-0.01014	0.67623	0.00357	1	0.06164	-0.01539	0.67937	0.00371	1	1.45898	0.81042	0	
1242525	8381.04102	3304610007946	0.49129	0.34311	8380.81348	0.22754	11063	1	0.53247	0.31590	1	0.46741	0.37641	1	0.49994	0.34615	1	0.47285	0.53922	11.17806	1.06646	1	0.73683	0.56480	12.42968	1.06646	1	-0.00679	-0.01014	0.67623	0.00357	1	0.06164	-0.01539	0.67937	0.00375	1	1.45898	0.81042	0	
1242526	8381.04785	3304610074556	0.49154	0.34331	8380.81348	0.23438	11063	1	0.53709	0.29675	1	0.46333	0.40408	1	0.50021	0.35041	1	0.47290	0.53933	11.28645	1.06646	1	0.73681	0.56491	12.46361	1.06646	1	-0.00679	-0.01014	0.67623	0.00356	1	0.06164	-0.01539	0.67937	0.00368	1	1.45898	0.81042	0	
1242527	8381.05469	3304610139310	0.49178	0.34351	8380.81348	0.24121	11063	1	0.53709	0.29675	1	0.46333	0.40408	1	0.50021	0.35041	1	0.47314	0.53977	11.73160	1.06646	1	0.73702	0.56428	11.96519	1.06646	1	-0.00679	-0.01014	0.67623	0.00350	1	0.06164	-0.01539	0.67937	0.00410	1	1.45898	0.81042	0	
1242528	8381.06152	3304610206409	0.49511	0.37370	8380.81348	0.24121	11063	0	0.53201	0.32877	1	0.47484	0.43564	1	0.50343	0.38221	1	0.47277	0.53951	11.44225	1.06646	1	0.73699	0.56540	12.42468	1.06646	1	-0.00679	-0.01014	0.67623	0.00347	1	0.06164	-0.01539	0.67937	0.00379	1	1.45898	0.81042	0	
1242529	8381.06738	3304610273526	0.49822	0.35711	8380.81348	0.24121	11063	0	0.52442	0.35649	1	0.47825	0.32454	1	0.50133	0.34051	1	0.47304	0.53961	11.66683	1.06646	1	0.73700	0.56425	12.11926	1.06646	1	-0.00679	-0.01014	0.67623	0.00354	1	0.06164	-0.01539	0.67937	0.00409	1	1.45898	0.81042	0	
1242530	8381.07422	3304610340734	0.49916	0.34916	8380.81348	0.24121	11063	0	0.52347	0.34948	1	0.47861	0.31706	1	0.50104	0.33327	1	0.47258	0.53748	11.80297	1.07554	1	0.73708	0.56545	12.16252	1.07554	1	-0.00707	-0.01063	0.70881	0.00227	1	0.06164	-0.01539	0.67937	0.00375	1	1.45898	0.81042	0	
1242531	8381.08105	3304610408186	0.49618	0.33449	8381.06152	0.01953	11064	1	0.49536	0.16536	1	0.47914	0.41558	1	0.48725	0.29047	1	0.47273	0.53772	11.23364	1.08463	1	0.73705	0.56529	11.91094	1.08463	1	-0.00707	-0.01063	0.70881	0.00225	1	0.06164	-0.01539	0.67937	0.00382	1	1.45898	0.81042	0	
1242532	8381.08789	3304610473861	0.49432	0.32514	8381.06152	0.02637	11064	1	0.48722	0.13323	1	0.48656	0.44229	1	0.48689	0.28776	1	0.47268	0.53753	11.24270	1.09372	1	0.73713	0.56579	12.43214	1.09372	1	-0.00707	-0.01063	0.70881	0.00237	1	0.06164	-0.01539	0.67937	0.00386	1	1.45898	0.81042	0	
1242533	8381.09473	3304610541907	0.49308	0.31891	8381.06152	0.03320	11064	1	0.48722	0.13323	1	0.48656	0.44229	1	0.48689	0.28776	1	0.47271	0.53759	11.05842	1.09372	1	0.73699	0.56494	12.06449	1.09372	1	-0.00672	-0.01018	0.67855	0.00237	1	0.06164	-0.01549	0.67937	0.00425	1	1.45898	0.81042	0	
1242534	8381.10156	3304610607599	0.49317	0.31201	8381.06152	0.04004	11064	1	0.51513	0.14170	1	0.47229	0.39944	1	0.49371	0.27057	1	0.47269	0.53758	11.48798	1.08463	1	0.73694	0.56513	12.10770	1.08463	1	-0.00672	-0.01018	0.67855	0.00226	1	0.06164	-0.01549	0.67937	0.00428	1	1.45898	0.81042	0	
1242535	8381.10742	3304610673440	0.49324	0.31437	8381.06152	0.04590	11064	1	0.52034	0.17887	1	0.46703	0.48302	1	0.49369	0.33094	1	0.47284	0.53786	11.43820	1.07554	1	0.73688	0.56597	12.46349	1.07554	1	-0.00672	-0.01018	0.67855	0.00230	1	0.06164	-0.01549	0.67937	0.00391	1	1.45898	0.81042	0	
1242536	8381.11426	3304610740287	0.49339	0.31837	8381.06152	0.05273	11064	1	0.52292	0.20143	1	0.46633	0.49920	1	0.49462	0.35031	1	0.47283	0.53963	11.23641	1.05132	1	0.73689	0.56603	12.35290	1.05132	1	-0.00640	-0.00979	0.64633	0.00350	1	0.06164	-0.01549	0.67937	0.00386	1	1.45898	0.81042	0	
1242537	8381.12109	3304610807451	0.49432	0.32444	8381.06152	0.05957	11064	1	0.52741	0.29185	1	0.47796	0.46635	1	0.50268	0.37910	1	0.47271	0.53884	10.86556	1.03617	1	0.73702	0.56535	12.22766	1.03617	1	-0.00640	-0.00979	0.64633	0.00376	1	0.06164	-0.01549	0.67937	0.00408	1	1.45898	0.81042	0	
1242538	8381.12793	3304610877100	0.49713	0.33643	8381.06152	0.06641	11064	1	0.57803	0.46506	1	0.47247	0.44764	1	0.52525	0.45635	1	0.47344	0.54057	11.93613	1.02103	1	0.73701	0.56507	12.01064	1.02103	1	-0.00640	-0.00979	0.64633	0.00368	1	0.06164	-0.01549	0.67937	0.00406	1	1.45898	0.81042	0	
1242539	8381.13477	3304610944814	0.49948	0.34643	8381.06152	0.07324	11064	1	0.57803	0.46506	1	0.47247	0.44764	1	0.52525	0.45635	1	0.47300	0.53996	11.29926	1.02103	1	0.73696	0.56568	12.23170	1.02103	1	-0.00679	-0.01014	0.67623	0.00341	1	0.06116	-0.01532	0.67413	0.00374	1	1.45898	0.81042	0	
1242540	8381.14160	3304611012531	0.49964	0.35181	8381.06152	0.08008	11064	1	0.53512	0.34274	1	0.46811	0.49005	1	0.50162	0.41639	1	0.47287	0.53943	11.10444	1.03617	1	0.73702	0.56578	12.29969	1.03617	1	-0.00679	-0.01014	0.67623	0.00376	1	0.06116	-0.01532	0.67413	0.00386	1	1.45898	0.81042	0	
1242541	8381.14844	3304611079871	0.50000	0.35074	8381.06152	0.08691	11064	1	0.51977	0.19778	1	0.48973	0.47606	1	0.50475	0.33692	1	0.47260	0.53765	11.29103	1.05132	1	0.73682	0.56570	12.21320	1.05132	1	-0.00679	-0.01014	0.67623	0.00229	1	0.06116	-0.01532	0.67413	0.00375	1	1.45898	0.81042	0	
1242542	8381.15527	3304611146342	0.50031	0.34944	8381.06152	0.09375	11064	1	0.51899	0.19112	1	0.49009	0.47114	1	0.50454	0.33113	1	0.47312	0.53984	11.30132	1.05844	1	0.73670	0.56542	12.45894	1.05844	1	-0.00662	-0.00995	0.66351	0.00379	1	0.06116	-0.01532	0.67413	0.00384	1	1.45898	0.81042	0	
1242543	8381.16211	3304611213117	0.50123	0.35208	8381.06152	0.10059	11064	1	0.54727	0.36464	1	0.48274	0.41876	1	0.51500	0.39170	1	0.47299	0.53974	11.20048	1.05043	1	0.73677	0.56520	11.92476	1.05043	1	-0.00662	-0.00995	0.66351	0.00387	1	0.06116	-0.01532	0.67413	0.00388	1	1.45898	0.81042	0	
1242544	8381.16895	3304611280569	0.50080	0.34897	8381.06152	0.10742	11064	1	0.50581	0.17981	1	0.48221	0.41872	1	0.49401	0.29926	1	0.47250	0.53758	10.79113	1.04241	1	0.73672	0.56514	12.10208	1.04241	1	-0.00662	-0.00995	0.66351	0.00233	1	0.06116	-0.01532	0.67413	0.00380	1	1.45898	0.81042	0	
1242545	8381.17480	3304611347702	0.50042	0.34621	8381.06152	0.11328	11064	1	0.50581	0.17981	1	0.48221	0.41872	1	0.49401	0.29926	1	0.47229	0.53774	10.95965	1.04241	1	0.73677	0.56530	12.40444	1.04241	1	-0.00676	-0.01019	0.67253	0.00241	1	0.06164	-0.01539	0.67937	0.00379	1	1.45898	0.81042	0	
1242546	8381.18164	3304611414586	0.50117	0.34306	8381.06152	0.12012	11064	1	0.51331	0.19416	1	0.51580	0.37862	1	0.51456	0.28639	1	0.47249	0.53774	11.74931	1.05043	1	0.73683	0.56503	12.03471	1.05043	1	-0.00676	-0.01019	0.67253	0.00224	1	0.06164	-0.01539	0.67937	0.00378	1	1.45898	0.81042	0	
1242547	8381.18848	3304611481124	0.50150	0.34064	8381.06152	0.12695	11064	1	0.50962	0.20356	1	0.50599	0.38563	1	0.50780	0.29460	1	0.47252	0.53790	11.08248	1.05844	1	0.73673	0.56525	12.40750	1.05844	1	-0.00676	-0.01019	0.67253	0.00237	1	0.06164	-0.01539	0.67937	0.00382	1	1.45898	0.81042	0	
1242548	8381.19531	3304611548346	0.50180	0.33796	8381.06152	0.13379	11064	1	0.50869	0.19615	1	0.50708	0.37272	1	0.50788	0.28444	1	0.47244	0.53988	11.35513	1.06646	1	0.73652	0.56540	12.79878	1.07514	1	-0.00676	-0.01019	0.67253	0.00357	1	0.06382	-0.01600	0.70398	0.00378	1	1.45898	0.81042	0	SUBJECT_ONSET_LOG
1242549	8381.20215	3304611615521	0.50169	0.34018	8381.06152	0.14062	11064	1	0.52742	0.36582	1	0.47104	0.40785	1	0.49923	0.38683	1	0.47273	0.53973	11.15234	1.07514	1	0.73617	0.56564	12.39781	1.08382	1	-0.00676	-0.01019	0.67253	0.00372	1	0.06382	-0.01600	0.70398	0.00389	1	1.45898	0.81042	0	
1242550	8381.20898	3304611682156	0.50150	0.34211	8381.06152	0.14746	11064	1	0.48734	0.36118	1	0.50750	0.40804	1	0.49742	0.38461	1	0.47209	0.54027	11.50269	1.08382	1	0.73673	0.56526	12.16774	1.09250	1	-0.00676	-0.01019	0.67253	0.00360	1	0.06382	-0.01600	0.70398	0.00387	1	1.45898	0.81042	0	
1242551	8381.21582	3304611748883	0.50130	0.34386	8381.06152	0.15430	11064	1	0.48619	0.35460	1	0.50700	0.41362	1	0.49659	0.38411	1	0.47212	0.53983	11.21404	1.09250	1	0.73622	0.56504	12.02652	1.08484	1	-0.00676	-0.01019	0.67253	0.00373	1	0.05844	-0.01465	0.64470	0.00391	1	1.45898	0.81042	0	AUDIO_FILE_ONSET_LOG
1242552	8381.22168	3304611816532	0.50099	0.34506	8381.06152	0.16016	11064	1	0.49554	0.34916	1	0.49161	0.39846	1	0.49357	0.37381	1	0.47221	0.53975	11.03765	1.08484	1	0.73648	0.56494	11.42436	1.06850	1	-0.00676	-0.01019	0.67253	0.00374	1	0.05844	-0.01465	0.64470	0.00409	1	1.45898	0.81042	0	
1242553	8381.22852	3304611883655	0.50125	0.34850	8381.06152	0.16699	11064	1	0.51658	0.41061	1	0.49924	0.45824	1	0.50791	0.43443	1	0.47253	0.54019	10.80668	1.06850	1	0.73661	0.56537	11.75683	1.05216	1	-0.00676	-0.01019	0.67253	0.00358	1	0.05844	-0.01465	0.64470	0.00381	1	1.45898	0.81042	0	
1242554	8381.23535	3304611950997	0.50152	0.35233	8381.06152	0.17383	11064	1	0.51928	0.42815	1	0.49779	0.47549	1	0.50853	0.45182	1	0.47243	0.54024	11.29514	1.04414	1	0.73654	0.56528	11.57670	1.02780	1	-0.00668	-0.01000	0.66006	0.00362	1	0.05993	-0.01505	0.66222	0.00382	1	1.45898	0.81042	0	
1242555	8381.24219	3304612017175	0.50128	0.35221	8381.06152	0.18066	11064	1	0.51960	0.22793	1	0.46991	0.47013	1	0.49475	0.34903	1	0.47226	0.53790	11.78270	1.01979	1	0.73617	0.56536	12.14824	1.01979	1	-0.00668	-0.01000	0.66006	0.00231	1	0.05993	-0.01505	0.66222	0.00377	1	1.45898	0.81042	0	
1242556	8381.24902	3304612084198	0.50132	0.35256	8381.06152	0.18750	11064	1	0.52125	0.24011	1	0.48334	0.48441	1	0.50229	0.36226	1	0.47209	0.53788	11.65133	1.01177	1	0.73637	0.56544	11.92384	1.01177	1	-0.00668	-0.01000	0.66006	0.00222	1	0.05993	-0.01505	0.66222	0.00378	1	1.45898	0.81042	0	
1242557	8381.25586	3304612151180	0.50135	0.35288	8381.06152	0.19434	11064	1	0.52125	0.24011	1	0.48334	0.48441	1	0.50229	0.36226	1	0.47207	0.54013	11.03701	1.01177	1	0.73630	0.56548	12.06052	1.01177	1	-0.00693	-0.01030	0.67992	0.00371	1	0.05993	-0.01505	0.66222	0.00375	1	1.45898	0.81042	0	
1242558	8381.26172	3304612215411	0.50137	0.35489	8381.06152	0.20020	11064	1	0.52347	0.44674	1	0.48060	0.38377	1	0.50203	0.41525	1	0.47202	0.54036	11.07605	1.01979	1	0.73629	0.56442	11.84169	1.01979	1	-0.00693	-0.01030	0.67992	0.00369	1	0.05993	-0.01505	0.66222	0.00421	1	1.45898	0.81042	0	
1242559	8381.26855	3304612280398	0.50156	0.35316	8381.06152	0.20703	11064	1	0.53603	0.21861	1	0.47872	0.38038	1	0.50738	0.29949	1	0.47212	0.53773	11.40134	1.02780	1	0.73622	0.56433	11.68823	1.02780	1	-0.00693	-0.01030	0.67992	0.00229	1	0.05993	-0.01505	0.66222	0.00434	1	1.45898	0.81042	0	
1242560	8381.27539	3304612349242	0.50173	0.35123	8381.06152	0.21387	11064	1	0.53525	0.21112	1	0.47937	0.36785	1	0.50731	0.28948	1	0.47189	0.53796	11.59311	1.03582	1	0.73600	0.56578	12.50457	1.04348	1	-0.00693	-0.01030	0.67992	0.00228	1	0.06005	-0.01504	0.66408	0.00387	1	1.45898	0.81042	0	
1242561	8381.28223	3304612415229	0.50191	0.35316	8381.06152	0.22070	11064	1	0.54558	0.35823	1	0.47008	0.47529	1	0.50783	0.41676	1	0.47224	0.54013	10.92758	1.04348	1	0.73610	0.56568	12.45675	1.05114	1	-0.00693	-0.01030	0.67992	0.00369	1	0.06005	-0.01504	0.66408	0.00388	1	1.45898	0.81042	0	
1242562	8381.28809	3304612479209	0.50205	0.35228	8381.06152	0.22656	11064	1	0.54392	0.31550	1	0.46969	0.32972	1	0.50680	0.32261	1	0.47218	0.53974	11.00269	1.05114	1	0.73611	0.56414	11.90606	1.05880	1	-0.00693	-0.01030	0.67992	0.00373	1	0.06005	-0.01504	0.66408	0.00429	1	1.45898	0.81042	0	
1242563	8381.29590	3304612549984	0.50218	0.35129	8381.06152	0.23438	11064	1	0.54323	0.30920	1	0.46994	0.32342	1	0.50658	0.31631	1	0.47172	0.53788	11.76113	1.05880	1	0.73627	0.56444	11.93378	1.06646	1	-0.00705	-0.01032	0.68113	0.00221	1	0.06005	-0.01504	0.66408	0.00422	1	1.45898	0.81042	0	
1242564	8381.30273	3304612619279	0.50148	0.34969	8381.06152	0.24121	11064	1	0.49315	0.16313	1	0.45958	0.42162	1	0.47637	0.29238	1	0.47153	0.53796	11.66448	1.06646	1	0.73561	0.56526	12.61982	1.06646	1	-0.00705	-0.01032	0.68113	0.00222	1	0.06005	-0.01504	0.66408	0.00385	1	1.45898	0.81042	0	
1242565	8381.30859	3304612684093	0.50138	0.34838	8381.06152	0.24707	11064	1	0.49441	0.19470	1	0.50112	0.40519	1	0.49777	0.29995	1	0.47152	0.53803	11.68728	1.06646	1	0.73585	0.56503	12.28336	1.06646	1	-0.00705	-0.01032	0.68113	0.00223	1	0.06005	-0.01504	0.66408	0.00387	1	1.45898	0.81042	0	
1242566	8381.31543	3304612750102	0.50128	0.34722	8381.06152	0.25391	11064	1	0.49441	0.19470	1	0.50066	0.41093	1	0.49753	0.30282	1	0.47132	0.54053	11.44890	1.06646	1	0.73575	0.56533	12.36136	1.05880	1	-0.00705	-0.01032	0.68113	0.00361	1	0.05905	-0.01480	0.65352	0.00383	1	1.45898	0.81042	0	
1242567	8381.32227	3304612820911	0.50093	0.34850	8381.06152	0.26074	11064	1	0.49789	0.36564	1	0.47673	0.43179	1	0.48731	0.39872	1	0.47144	0.54033	11.49136	1.05880	1	0.73544	0.56534	12.12987	1.05114	1	-0.00705	-0.01032	0.68113	0.00364	1	0.05905	-0.01480	0.65352	0.00368	1	1.45898	0.81042	0	
1242568	8381.32910	3304612888042	0.50100	0.35022	8381.06152	0.26758	11064	1	0.49362	0.42440	1	0.51343	0.41318	1	0.50353	0.41879	1	0.47132	0.54014	11.31919	1.05114	1	0.73596	0.56514	11.99157	1.04348	1	-0.00705	-0.01032	0.68113	0.00380	1	0.05905	-0.01480	0.65352	0.00373	1	1.45898	0.81042	0	
1242569	8381.33594	3304612954521	0.50108	0.35206	8381.06152	0.27441	11064	1	0.49569	0.43569	1	0.51285	0.41926	1	0.50427	0.42748	1	0.47166	0.54068	11.42940	1.03546	1	0.73555	0.56490	12.20868	1.03546	1	-0.00691	-0.01004	0.66303	0.00360	1	0.06078	-0.01528	0.67441	0.00372	1	1.45898	0.81042	0	
1242570	8381.34277	3304613021771	0.50143	0.35398	8381.06152	0.28125	11064	1	0.56319	0.43967	1	0.46936	0.42982	1	0.51627	0.43474	1	0.47166	0.54053	12.09525	1.02745	1	0.73539	0.56512	12.10103	1.03511	1	-0.00691	-0.01004	0.66303	0.00364	1	0.06078	-0.01528	0.67441	0.00371	1	1.45898	0.81042	0	
1242571	8381.34961	3304613088931	0.50146	0.35595	8381.06152	0.28809	11064	1	0.54958	0.41758	1	0.45590	0.46395	1	0.50274	0.44076	1	0.47140	0.54018	11.17280	1.02709	1	0.73513	0.56557	12.46664	1.03475	1	-0.00691	-0.01004	0.66303	0.00364	1	0.06078	-0.01528	0.67441	0.00375	1	1.45898	0.81042	0	
1242572	8381.35645	3304613155672	0.50148	0.35757	8381.06152	0.29492	11064	1	0.54812	0.40517	1	0.45624	0.45203	1	0.50218	0.42860	1	0.47134	0.54009	11.86049	1.04384	1	0.73522	0.56523	12.42896	1.05149	1	-0.00748	-0.01071	0.70713	0.00357	1	0.06078	-0.01522	0.67441	0.00385	1	1.45898	0.81042	0	
1242573	8381.36230	3304613222900	0.50176	0.35762	8381.06152	0.30078	11064	1	0.53249	0.33030	1	0.49684	0.38933	1	0.51467	0.35982	1	0.47122	0.53992	10.86187	1.06860	1	0.73537	0.56493	12.20451	1.06860	1	-0.00748	-0.01071	0.70713	0.00368	1	0.06078	-0.01522	0.67441	0.00396	1	1.45898	0.81042	0	
1242574	8381.36914	3304613288625	0.50204	0.35764	8381.06152	0.30762	11064	1	0.52557	0.33066	1	0.50454	0.38681	1	0.51505	0.35874	1	0.47117	0.54004	11.09803	1.08570	1	0.73545	0.56506	12.15721	1.08570	1	-0.00748	-0.01071	0.70713	0.00369	1	0.06078	-0.01522	0.67441	0.00396	1	1.45898	0.81042	0	
1242575	8381.37598	3304613356877	0.50231	0.35759	8381.06152	0.31445	11064	1	0.52475	0.32439	1	0.50456	0.38654	1	0.51466	0.35547	1	0.47110	0.54025	10.71345	1.09372	1	0.73533	0.56483	12.22435	1.08606	1	-0.00730	-0.01039	0.68572	0.00364	1	0.06038	-0.01509	0.67053	0.00383	1	1.45898	0.81042	0	
1242576	8381.38281	3304613423823	0.50275	0.35690	8381.06152	0.32129	11064	1	0.51285	0.33894	1	0.52013	0.34147	1	0.51649	0.34021	1	0.47093	0.54014	11.37038	1.07697	1	0.73532	0.56425	11.90767	1.06931	1	-0.00730	-0.01039	0.68572	0.00360	1	0.06038	-0.01509	0.67053	0.00406	1	1.45898	0.81042	0	
1242577	8381.38965	3304613490723	0.50757	0.38670	8381.06152	0.32129	11064	0	0.53596	0.40118	1	0.49636	0.34742	1	0.51616	0.37430	1	0.47119	0.54062	11.32740	1.06023	1	0.73532	0.56425	11.90767	1.05257	1	-0.00730	-0.01039	0.68572	0.00362	1	0.06038	-0.01509	0.67053	0.00407	1	1.45898	0.81042	0	
1242578	8381.39648	3304613558098	0.51203	0.38698	8381.06152	0.32129	11064	0	0.53756	0.41347	1	0.49541	0.36104	1	0.51649	0.38725	1	0.47106	0.54046	10.89364	1.04348	1	0.73537	0.56409	12.01130	1.03582	1	-0.00730	-0.01039	0.68572	0.00369	1	0.05865	-0.01470	0.65126	0.00413	1	1.45898	0.81042	0	
1242579	8381.40332	3304613625180	0.51336	0.38187	8381.06152	0.32129	11064	0	0.51051	0.41465	1	0.52153	0.32867	1	0.51602	0.37166	1	0.47077	0.54055	11.53467	1.03582	1	0.73538	0.56400	12.00172	1.03582	1	-0.00730	-0.01039	0.68572	0.00371	1	0.05865	-0.01470	0.65126	0.00416	1	1.45898	0.81042	0	
1242580	8381.41016	3304613691881	0.50790	0.37298	8381.38965	0.02051	11065	1	0.51051	0.41465	0	0.49152	0.34630	1	0.49152	0.34630	1	0.47077	0.54055	11.53467	1.03582	0	0.73526	0.56420	11.85444	1.03582	1	-0.00730	-0.01039	0.68572	0.00371	1	0.05865	-0.01470	0.65126	0.00408	1	1.45898	0.81042	0	
1242581	8381.41602	3304613758762	0.50790	0.37298	8381.38965	0.02637	11065	1	0.51051	0.41465	0	0.49152	0.34630	0	0.49152	0.34630	0	0.47077	0.54055	11.53467	1.03582	0	0.73526	0.56420	11.85444	1.03582	0	-0.00730	-0.01039	0.68572	0.00371	1	0.05865	-0.01470	0.65126	0.00408	1	1.45898	0.81042	0	
1242582	8381.42285	3304613825670	0.50790	0.37298	8381.38965	0.03320	11065	1	0.51051	0.41465	0	0.49152	0.34630	0	0.49152	0.34630	0	0.47077	0.54055	11.53467	1.03582	0	0.73526	0.56420	11.85444	1.03582	0	-0.00730	-0.01039	0.68572	0.00371	1	0.05865	-0.01470	0.65126	0.00408	1	1.45898	0.81042	0	
1242583	8381.42969	3304613892227	0.50790	0.37298	8381.38965	0.04004	11065	1	0.51051	0.41465	0	0.49152	0.34630	0	0.49152	0.34630	0	0.47077	0.54055	11.53467	1.03582	0	0.73526	0.56420	11.85444	1.03582	0	-0.00730	-0.01039	0.68572	0.00371	1	0.05865	-0.01470	0.65126	0.00408	1	1.45898	0.81042	0	
1242584	8381.43652	3304613959798	0.50801	0.36840	8381.38965	0.04004	11065	0	0.51051	0.41465	0	0.49152	0.34630	0	0.49152	0.34630	0	0.47077	0.54055	11.53467	1.03582	0	0.73526	0.56420	11.85444	1.03582	0	-0.00730	-0.01039	0.68572	0.00371	1	0.05865	-0.01470	0.65126	0.00408	1	1.45898	0.81042	0	
1242585	8381.44336	3304614025885	0.50801	0.36840	8381.38965	0.04004	11065	0	0.51051	0.41465	0	0.49152	0.34630	0	0.49152	0.34630	0	0.47077	0.54055	11.53467	1.03582	0	0.73526	0.56420	11.85444	1.03582	0	-0.00730	-0.01039	0.68572	0.00371	1	0.05865	-0.01470	0.65126	0.00408	1	1.45898	0.81042	0	
1242586	8381.45020	3304614094159	0.50801	0.36840	8381.38965	0.04004	11065	0	0.51051	0.41465	0	0.49152	0.34630	0	0.49152	0.34630	0	0.47077	0.54055	11.53467	1.03582	0	0.73526	0.56420	11.85444	1.03582	0	-0.00730	-0.01039	0.68572	0.00371	1	0.05865	-0.01470	0.65126	0.00408	1	1.45898	0.81042	0	
1242587	8381.45605	3304614158180	0.00000	0.00000	8381.38965	0.04004	11065	0	0.51051	0.41465	0	0.49152	0.34630	0	0.49152	0.34630	0	0.47077	0.54055	11.53467	1.03582	0	0.73526	0.56420	11.85444	1.03582	0	-0.00730	-0.01039	0.68572	0.00371	1	0.05865	-0.01470	0.65126	0.00408	1	1.45898	0.81042	0	
1242588	8381.46289	3304614225908	0.00000	0.00000	8381.38965	0.04004	11065	0	0.51051	0.41465	0	0.49152	0.34630	0	0.49152	0.34630	0	0.47077	0.54055	11.53467	1.03582	0	0.73526	0.56420	11.85444	1.03582	0	-0.00730	-0.01039	0.68572	0.00371	1	0.05865	-0.01470	0.65126	0.00408	1	1.45898	0.81042	0	
1242589	8381.46973	3304614290415	0.00000	0.00000	8381.38965	0.04004	11065	0	0.51051	0.41465	0	0.49152	0.34630	0	0.49152	0.34630	0	0.47077	0.54055	11.53467	1.03582	0	0.73526	0.56420	11.85444	1.03582	0	-0.00730	-0.01039	0.68572	0.00371	1	0.05865	-0.01470	0.65126	0.00408	1	1.45898	0.81042	0	
1242590	8381.47656	3304614359132	0.00000	0.00000	8381.38965	0.04004	11065	0	0.51051	0.41465	0	0.49152	0.34630	0	0.49152	0.34630	0	0.47077	0.54055	11.53467	1.03582	0	0.73526	0.56420	11.85444	1.03582	0	-0.00730	-0.01039	0.68572	0.00371	1	0.05865	-0.01470	0.65126	0.00408	1	1.45898	0.81042	0	
1242591	8381.48340	3304614426096	0.00000	0.00000	8381.38965	0.04004	11065	0	0.51051	0.41465	0	0.49152	0.34630	0	0.49152	0.34630	0	0.47077	0.54055	11.53467	1.03582	0	0.73526	0.56420	11.85444	1.03582	0	-0.00730	-0.01039	0.68572	0.00371	1	0.05865	-0.01470	0.65126	0.00408	1	1.45898	0.81042	0	
1242592	8381.49023	3304614492704	0.00000	0.00000	8381.38965	0.04004	11065	0	0.51051	0.41465	0	0.49152	0.34630	0	0.49152	0.34630	0	0.47077	0.54055	11.53467	1.03582	0	0.73526	0.56420	11.85444	1.03582	0	-0.00730	-0.01039	0.68572	0.00371	1	0.05865	-0.01470	0.65126	0.00408	1	1.45898	0.81042	0	
1242593	8381.49609	3304614559194	0.00000	0.00000	8381.38965	0.04004	11065	0	0.51051	0.41465	0	0.49152	0.34630	0	0.49152	0.34630	0	0.47077	0.54055	11.53467	1.03582	0	0.73526	0.56420	11.85444	1.03582	0	-0.00730	-0.01039	0.68572	0.00371	1	0.05865	-0.01470	0.65126	0.00408	1	1.45898	0.81042	0	
1242594	8381.50293	3304614625835	0.00000	0.00000	8381.38965	0.04004	11065	0	0.51051	0.41465	0	0.49152	0.34630	0	0.49152	0.34630	0	0.47077	0.54055	11.53467	1.03582	0	0.73526	0.56420	11.85444	1.03582	0	-0.00730	-0.01039	0.68572	0.00371	1	0.05865	-0.01470	0.65126	0.00408	1	1.45898	0.81042	0	
1242595	8381.50977	3304614692335	0.00000	0.00000	8381.38965	0.04004	11065	0	0.51051	0.41465	0	0.49152	0.34630	0	0.49152	0.34630	0	0.47077	0.54055	11.53467	1.03582	0	0.73526	0.56420	11.85444	1.03582	0	-0.00730	-0.01039	0.68572	0.00371	1	0.05865	-0.01470	0.65126	0.00408	1	1.45898	0.81042	0	
1242596	8381.51660	3304614762178	0.00000	0.00000	8381.38965	0.04004	11065	0	0.51051	0.41465	0	0.49152	0.34630	0	0.49152	0.34630	0	0.47077	0.54055	11.53467	1.03582	0	0.73526	0.56420	11.85444	1.03582	0	-0.00730	-0.01039	0.68572	0.00371	1	0.05865	-0.01470	0.65126	0.00408	1	1.45898	0.81042	0	
1242597	8381.52344	3304614830594	0.00000	0.00000	8381.38965	0.04004	11065	0	0.51051	0.41465	0	0.49152	0.34630	0	0.49152	0.34630	0	0.47077	0.54055	11.53467	1.03582	0	0.73526	0.56420	11.85444	1.03582	0	-0.00730	-0.01039	0.68572	0.00371	1	0.05865	-0.01470	0.65126	0.00408	1	1.45898	0.81042	0	
1242598	8381.53027	3304614896923	0.00000	0.00000	8381.38965	0.04004	11065	0	0.51051	0.41465	0	0.49152	0.34630	0	0.49152	0.34630	0	0.47077	0.54055	11.53467	1.03582	0	0.73526	0.56420	11.85444	1.03582	0	-0.00730	-0.01039	0.68572	0.00371	1	0.05865	-0.01470	0.65126	0.00408	1	1.45898	0.81042	0	
1242599	8381.53711	3304614964200	0.00000	0.00000	8381.38965	0.04004	11065	0	0.51051	0.41465	0	0.49152	0.34630	0	0.49152	0.34630	0	0.47077	0.54055	11.53467	1.03582	0	0.73526	0.56420	11.85444	1.03582	0	-0.00730	-0.01039	0.68572	0.00371	1	0.05865	-0.01470	0.65126	0.00408	1	1.45898	0.81042	0	
1242600	8381.54395	3304615031398	0.00000	0.00000	8381.38965	0.04004	11065	0	0.51051	0.41465	0	0.49152	0.34630	0	0.49152	0.34630	0	0.47077	0.54055	11.53467	1.03582	0	0.73526	0.56420	11.85444	1.03582	0	-0.00730	-0.01039	0.68572	0.00371	1	0.05865	-0.01470	0.65126	0.00408	1	1.45898	0.81042	0	
1242601	8381.55078	3304615099879	0.00000	0.00000	8381.38965	0.04004	11065	0	0.51051	0.41465	0	0.49152	0.34630	0	0.49152	0.34630	0	0.47077	0.54055	11.53467	1.03582	0	0.73526	0.56420	11.85444	1.03582	0	-0.00730	-0.01039	0.68572	0.00371	1	0.05865	-0.01470	0.65126	0.00408	1	1.45898	0.81042	0	
1242602	8381.55664	3304615165127	0.00000	0.00000	8381.38965	0.04004	11065	0	0.51051	0.41465	0	0.49152	0.34630	0	0.49152	0.34630	0	0.47077	0.54055	11.53467	1.03582	0	0.73526	0.56420	11.85444	1.03582	0	-0.00730	-0.01039	0.68572	0.00371	1	0.05865	-0.01470	0.65126	0.00408	1	1.45898	0.81042	0	
1242603	8381.56348	3304615231939	0.00000	0.00000	8381.38965	0.04004	11065	0	0.51051	0.41465	0	0.49152	0.34630	0	0.49152	0.34630	0	0.47077	0.54055	11.53467	1.03582	0	0.73526	0.56420	11.85444	1.03582	0	-0.00730	-0.01039	0.68572	0.00371	1	0.05865	-0.01470	0.65126	0.00408	1	1.45898	0.81042	0	
1242604	8381.57031	3304615299197	0.00000	0.00000	8381.38965	0.04004	11065	0	0.51051	0.41465	0	0.49152	0.34630	0	0.49152	0.34630	0	0.47077	0.54055	11.53467	1.03582	0	0.73526	0.56420	11.85444	1.03582	0	-0.00730	-0.01039	0.68572	0.00371	1	0.05865	-0.01470	0.65126	0.00408	1	1.45898	0.81042	0	
1242605	8381.57715	3304615365952	0.00000	0.00000	8381.38965	0.04004	11065	0	0.51051	0.41465	0	0.49152	0.34630	0	0.49152	0.34630	0	0.47077	0.54055	11.53467	1.03582	0	0.73526	0.56420	11.85444	1.03582	0	-0.00730	-0.01039	0.68572	0.00371	1	0.05865	-0.01470	0.65126	0.00408	1	1.45898	0.81042	0	
1242606	8381.58398	3304615433293	0.00000	0.00000	8381.38965	0.04004	11065	0	0.51051	0.41465	0	0.49152	0.34630	0	0.49152	0.34630	0	0.47077	0.54055	11.53467	1.03582	0	0.73526	0.56420	11.85444	1.03582	0	-0.00730	-0.01039	0.68572	0.00371	1	0.05865	-0.01470	0.65126	0.00408	1	1.45898	0.81042	0	
1242607	8381.59082	3304615500719	0.00000	0.00000	8381.38965	0.04004	11065	0	0.51051	0.41465	0	0.49152	0.34630	0	0.49152	0.34630	0	0.47077	0.54055	11.53467	1.03582	0	0.73526	0.56420	11.85444	1.03582	0	-0.00730	-0.01039	0.68572	0.00371	1	0.05865	-0.01470	0.65126	0.00408	1	1.45898	0.81042	0	
1242608	8381.59766	3304615567628	0.00000	0.00000	8381.38965	0.04004	11065	0	0.51051	0.41465	0	0.49152	0.34630	0	0.49152	0.34630	0	0.47077	0.54055	11.53467	1.03582	0	0.73526	0.56420	11.85444	1.03582	0	-0.00730	-0.01039	0.68572	0.00371	1	0.05865	-0.01470	0.65126	0.00408	1	1.45898	0.81042	0	
1242609	8381.60352	3304615634076	0.24312	0.12657	8381.38965	0.04004	11065	0	0.49367	0.16744	1	0.47883	0.33886	1	0.48625	0.25315	1	0.47133	0.53669	12.02527	1.03582	1	0.73547	0.56300	12.31914	1.03582	1	-0.00730	-0.01039	0.68572	0.00232	1	0.05865	-0.01470	0.65126	0.00409	1	1.45898	0.81042	0	
1242610	8381.61035	3304615701231	0.32468	0.16695	8381.38965	0.04004	11065	0	0.50003	0.17553	1	0.47555	0.31985	1	0.48779	0.24769	1	0.47151	0.53672	12.09938	1.03582	1	0.73542	0.56281	12.04503	1.03582	1	-0.00730	-0.01039	0.68572	0.00241	1	0.05865	-0.01470	0.65126	0.00418	1	1.45898	0.81042	0	
1242611	8381.61719	3304615767569	0.48728	0.24951	8381.38965	0.04004	11065	0	0.50003	0.17553	1	0.47555	0.31985	1	0.48779	0.24769	1	0.47152	0.53664	12.29084	1.03582	1	0.73519	0.56361	12.53409	1.03582	1	-0.00705	-0.01011	0.68113	0.00241	1	0.05936	-0.01471	0.65809	0.00392	1	1.45898	0.81042	0	
1242612	8381.62402	3304615835243	0.48465	0.25923	8381.38965	0.04004	11065	0	0.49621	0.15168	1	0.46785	0.38622	1	0.48203	0.26895	1	0.47151	0.53659	12.26541	1.03582	1	0.73529	0.56369	12.37545	1.03582	1	-0.00705	-0.01011	0.68113	0.00236	1	0.05936	-0.01471	0.65809	0.00388	1	1.45898	0.81042	0	
1242613	8381.63086	3304615902166	0.48529	0.25806	8381.38965	0.04004	11065	0	0.50015	0.16594	1	0.47299	0.34549	1	0.48657	0.25571	1	0.47150	0.53662	12.23517	1.03582	1	0.73532	0.56323	12.35285	1.03582	1	-0.00705	-0.01011	0.68113	0.00238	1	0.05936	-0.01471	0.65809	0.00410	1	1.45898	0.81042	0	
1242614	8381.63770	3304615969364	0.48565	0.25668	8381.61719	0.02051	11066	1	0.50015	0.16594	1	0.47327	0.33916	1	0.48671	0.25255	1	0.47180	0.53663	12.37409	1.03582	1	0.73530	0.56352	12.27284	1.04348	1	-0.00705	-0.01011	0.68113	0.00246	1	0.06180	-0.01530	0.68455	0.00406	1	1.45898	0.81042	0	
1242615	8381.64453	3304616036485	0.48839	0.27197	8381.61719	0.02734	11066	1	0.50845	0.31799	1	0.49026	0.34827	1	0.49936	0.33313	1	0.47165	0.53848	12.04499	1.04348	1	0.73566	0.56335	13.13080	1.05114	1	-0.00705	-0.01011	0.68113	0.00400	1	0.06180	-0.01530	0.68455	0.00393	1	1.45898	0.81042	0	
1242616	8381.65039	3304616102642	0.48536	0.27742	8381.61719	0.03320	11066	1	0.50845	0.31799	0	0.47020	0.30464	1	0.47020	0.30464	1	0.47165	0.53848	12.04499	1.05114	0	0.73567	0.56295	12.95168	1.05880	1	-0.00705	-0.01011	0.68113	0.00400	1	0.06180	-0.01530	0.68455	0.00415	1	1.45898	0.81042	0	
1242617	8381.65723	3304616169164	0.48536	0.27742	8381.61719	0.04004	11066	1	0.50845	0.31799	0	0.47020	0.30464	0	0.47020	0.30464	0	0.47165	0.53848	12.04499	1.05880	0	0.73567	0.56295	12.95168	1.06646	0	-0.00705	-0.01011	0.68113	0.00400	1	0.06180	-0.01530	0.68455	0.00415	1	1.45898	0.81042	0	
1242618	8381.66406	3304616237333	0.48536	0.27742	8381.61719	0.04688	11066	1	0.50845	0.31799	0	0.47020	0.30464	0	0.47020	0.30464	0	0.47165	0.53848	12.04499	1.06646	0	0.73567	0.56295	12.95168	1.06646	0	-0.00705	-0.01011	0.68113	0.00400	1	0.06180	-0.01530	0.68455	0.00415	1	1.45898	0.81042	0	
1242619	8381.67090	3304616303518	0.48536	0.27742	8381.61719	0.05371	11066	1	0.50845	0.31799	0	0.47020	0.30464	0	0.47020	0.30464	0	0.47165	0.53848	12.04499	1.06646	0	0.73567	0.56295	12.95168	1.06646	0	-0.00705	-0.01011	0.68113	0.00400	1	0.06180	-0.01530	0.68455	0.00415	1	1.45898	0.81042	0	
1242620	8381.67773	3304616371262	0.48497	0.28300	8381.61719	0.05371	11066	0	0.50845	0.31799	0	0.47020	0.30464	0	0.47020	0.30464	0	0.47165	0.53848	12.04499	1.06646	0	0.73567	0.56295	12.95168	1.06646	0	-0.00705	-0.01011	0.68113	0.00400	1	0.06180	-0.01530	0.68455	0.00415	1	1.45898	0.81042	0	
1242621	8381.68457	3304616438251	0.48497	0.28300	8381.61719	0.05371	11066	0	0.50845	0.31799	0	0.47020	0.30464	0	0.47020	0.30464	0	0.47165	0.53848	12.04499	1.06646	0	0.73567	0.56295	12.95168	1.06646	0	-0.00705	-0.01011	0.68113	0.00400	1	0.06180	-0.01530	0.68455	0.00415	1	1.45898	0.81042	0	
1242622	8381.69141	3304616505374	0.48497	0.28300	8381.61719	0.05371	11066	0	0.50845	0.31799	0	0.47020	0.30464	0	0.47020	0.30464	0	0.47165	0.53848	12.04499	1.06646	0	0.73567	0.56295	12.95168	1.06646	0	-0.00705	-0.01011	0.68113	0.00400	1	0.06180	-0.01530	0.68455	0.00415	1	1.45898	0.81042	0	
1242623	8381.69727	3304616571765	0.00000	0.00000	8381.61719	0.05371	11066	0	0.50845	0.31799	0	0.47020	0.30464	0	0.47020	0.30464	0	0.47165	0.53848	12.04499	1.06646	0	0.73567	0.56295	12.95168	1.06646	0	-0.00705	-0.01011	0.68113	0.00400	1	0.06180	-0.01530	0.68455	0.00415	1	1.45898	0.81042	0	
1242624	8381.70410	3304616639127	0.00000	0.00000	8381.61719	0.05371	11066	0	0.50845	0.31799	0	0.47020	0.30464	0	0.47020	0.30464	0	0.47165	0.53848	12.04499	1.06646	0	0.73567	0.56295	12.95168	1.06646	0	-0.00705	-0.01011	0.68113	0.00400	1	0.06180	-0.01530	0.68455	0.00415	1	1.45898	0.81042	0	
1242625	8381.71094	3304616705796	0.00000	0.00000	8381.61719	0.05371	11066	0	0.50845	0.31799	0	0.47020	0.30464	0	0.47020	0.30464	0	0.47165	0.53848	12.04499	1.06646	0	0.73567	0.56295	12.95168	1.06646	0	-0.00705	-0.01011	0.68113	0.00400	1	0.06180	-0.01530	0.68455	0.00415	1	1.45898	0.81042	0	
1242626	8381.71777	3304616772735	0.47020	0.30464	8381.61719	0.05371	11066	0	0.50845	0.31799	0	0.47020	0.30464	1	0.47020	0.30464	1	0.47165	0.53848	12.04499	1.06646	0	0.47267	0.53825	11.66914	1.05880	1	-0.00705	-0.01011	0.68113	0.00400	1	-0.00668	-0.00980	0.66006	0.00404	1	1.45898	0.81042	0	
1242627	8381.72461	3304616839943	0.42760	0.18816	8381.61719	0.05371	11066	0	0.50845	0.31799	0	0.38500	0.07168	1	0.38500	0.07168	1	0.47165	0.53848	12.04499	1.05880	0	0.47233	0.53660	12.32834	1.05114	1	-0.00705	-0.01011	0.68113	0.00400	1	-0.00668	-0.00980	0.66006	0.00235	1	1.45898	0.81042	0	
1242628	8381.73145	3304616906945	0.41204	0.15416	8381.61719	0.05371	11066	0	0.50845	0.31799	0	0.38091	0.08616	1	0.38091	0.08616	1	0.47165	0.53848	12.04499	1.05114	0	0.47237	0.53649	12.37858	1.04348	1	-0.00705	-0.01011	0.68113	0.00400	1	-0.00668	-0.00980	0.66006	0.00232	1	1.45898	0.81042	0	
1242629	8381.73828	3304616974239	0.38240	0.08403	8381.61719	0.05371	11066	0	0.50845	0.31799	0	0.38128	0.09426	1	0.38128	0.09426	1	0.47165	0.53848	12.04499	1.04348	0	0.47260	0.53846	11.87434	1.03582	1	-0.00705	-0.01011	0.68113	0.00400	1	-0.00668	-0.00980	0.66006	0.00414	1	1.45898	0.81042	0	
1242630	8381.74414	3304617041331	0.38609	0.18645	8381.61719	0.05371	11066	0	0.50845	0.31799	0	0.38979	0.28886	1	0.38979	0.28886	1	0.47165	0.53848	12.04499	1.03582	0	0.47257	0.53865	11.95294	1.03582	1	-0.00705	-0.01011	0.68113	0.00400	1	-0.00668	-0.00980	0.66006	0.00407	1	1.45898	0.81042	0	
1242631	8381.75098	3304617107719	0.38476	0.15965	8381.61719	0.05371	11066	0	0.50845	0.31799	0	0.38208	0.10605	1	0.38208	0.10605	1	0.47165	0.53848	12.04499	1.03582	0	0.47233	0.53671	12.14956	1.03582	1	-0.00705	-0.01011	0.68113	0.00400	1	-0.00668	-0.00980	0.66006	0.00233	1	1.45898	0.81042	0	
1242632	8381.75781	3304617174877	0.38400	0.14424	8381.73828	0.01953	11067	1	0.50845	0.31799	0	0.38172	0.09803	1	0.38172	0.09803	1	0.47165	0.53848	12.04499	1.03582	0	0.47247	0.53680	12.02775	1.04348	1	-0.00705	-0.01011	0.68113	0.00400	1	-0.00679	-0.01014	0.67623	0.00243	1	1.45898	0.81042	0	
1242633	8381.76465	3304617241829	0.38486	0.17718	8381.73828	0.02637	11067	1	0.50845	0.31799	0	0.38830	0.30892	1	0.38830	0.30892	1	0.47165	0.53848	12.04499	1.04348	0	0.47261	0.53899	12.08495	1.05114	1	-0.00705	-0.01011	0.68113	0.00400	1	-0.00679	-0.01014	0.67623	0.00391	1	1.45898	0.81042	0	
1242634	8381.77148	3304617308767	0.38346	0.16207	8381.73828	0.03320	11067	1	0.50845	0.31799	0	0.37649	0.08650	1	0.37649	0.08650	1	0.47165	0.53848	12.04499	1.05114	0	0.47227	0.53672	12.18228	1.05880	1	-0.00705	-0.01011	0.68113	0.00400	1	-0.00679	-0.01014	0.67623	0.00233	1	1.45898	0.81042	0	
1242635	8381.77832	3304617375978	0.38241	0.15013	8381.73828	0.04004	11067	1	0.50845	0.31799	0	0.37610	0.07852	1	0.37610	0.07852	1	0.47165	0.53848	12.04499	1.05880	0	0.47225	0.53680	12.21196	1.06646	1	-0.00705	-0.01011	0.68113	0.00400	1	-0.00682	-0.01023	0.67874	0.00235	1	1.45898	0.81042	0	
1242636	8381.78516	3304617442381	0.39478	0.15575	8381.73828	0.04688	11067	1	0.49481	0.14380	1	0.46792	0.24639	1	0.48137	0.19509	1	0.47229	0.53680	12.15987	1.06646	1	0.73602	0.56343	12.10598	1.06646	1	-0.00705	-0.01011	0.68113	0.00236	1	-0.00682	-0.01023	0.67874	0.00412	1	1.45898	0.81042	0	
1242637	8381.79199	3304617510315	0.40373	0.16173	8381.73828	0.05371	11067	1	0.48658	0.15670	1	0.46399	0.26243	1	0.47528	0.20957	1	0.47242	0.53690	12.30480	1.06646	1	0.73599	0.56355	12.18728	1.06646	1	-0.00705	-0.01011	0.68113	0.00241	1	-0.00682	-0.01023	0.67874	0.00408	1	1.45898	0.81042	0	
1242638	8381.79785	3304617576611	0.41088	0.16651	8381.73828	0.05957	11067	1	0.48658	0.15670	1	0.46399	0.26243	1	0.47528	0.20957	1	0.47269	0.53883	12.49737	1.06646	1	0.73584	0.56387	12.15640	1.06646	1	-0.00682	-0.01023	0.67874	0.00388	1	0.06005	-0.01494	0.66408	0.00400	1	1.45898	0.81042	0	
1242639	8381.80469	3304617643341	0.41660	0.17211	8381.73828	0.06641	11067	1	0.48769	0.14169	1	0.45992	0.31441	1	0.47380	0.22805	1	0.47224	0.53679	12.13026	1.06646	1	0.73596	0.56421	12.46889	1.06646	1	-0.00682	-0.01023	0.67874	0.00236	1	0.06005	-0.01494	0.66408	0.00392	1	1.45898	0.81042	0	
1242640	8381.81152	3304617710781	0.42253	0.18053	8381.73828	0.07324	11067	1	0.52036	0.24217	1	0.45517	0.30428	1	0.48777	0.27322	1	0.47264	0.53851	11.86676	1.06646	1	0.73582	0.56400	12.17692	1.06646	1	-0.00682	-0.01023	0.67874	0.00402	1	0.06005	-0.01494	0.66408	0.00404	1	1.45898	0.81042	0	
1242641	8381.81836	3304617777220	0.42755	0.18766	8381.73828	0.08008	11067	1	0.52036	0.24217	1	0.45517	0.30428	1	0.48777	0.27322	1	0.47255	0.53893	11.93627	1.06646	1	0.73598	0.56373	12.15179	1.06646	1	-0.00682	-0.01023	0.67874	0.00371	1	0.06005	-0.01494	0.66408	0.00402	1	1.45898	0.81042	0	
1242642	8381.82520	3304617845008	0.43157	0.18935	8381.73828	0.08691	11067	1	0.51098	0.10785	1	0.45669	0.31462	1	0.48383	0.21123	1	0.47223	0.53697	11.99234	1.06646	1	0.73586	0.56406	12.69290	1.06646	1	-0.00682	-0.01023	0.67874	0.00234	1	0.06005	-0.01494	0.66408	0.00390	1	1.45898	0.81042	0	
1242643	8381.83203	3304617911760	0.43463	0.19112	8381.73828	0.09375	11067	1	0.48404	0.12128	1	0.47084	0.31054	1	0.47744	0.21591	1	0.47218	0.53707	11.75353	1.06646	1	0.73569	0.56406	12.68291	1.06646	1	-0.00682	-0.01023	0.67874	0.00234	1	0.06005	-0.01494	0.66408	0.00396	1	1.45898	0.81042	0	
1242644	8381.83789	3304617978936	0.43730	0.19267	8381.73828	0.09961	11067	1	0.48404	0.12128	1	0.47084	0.31054	1	0.47744	0.21591	1	0.47228	0.53710	11.85217	1.06646	1	0.73569	0.56406	12.68291	1.06646	1	-0.00682	-0.01023	0.67874	0.00232	1	0.06005	-0.01494	0.66408	0.00396	1	1.45898	0.81042	0	
1242645	8381.84473	3304618045961	0.43992	0.19410	8381.73828	0.10645	11067	1	0.51281	0.12152	1	0.45068	0.31252	1	0.48175	0.21702	1	0.47223	0.53700	11.63930	1.06646	1	0.73581	0.56418	12.31739	1.06646	1	-0.00682	-0.01023	0.67874	0.00232	1	0.06005	-0.01494	0.66408	0.00394	1	1.45898	0.81042	0	
1242646	8381.85156	3304618112261	0.47249	0.21167	8381.73828	0.10645	11067	0	0.49059	0.12668	1	0.49341	0.29882	1	0.49200	0.21275	1	0.47226	0.53700	11.60964	1.06646	1	0.73603	0.56395	12.09649	1.06646	1	-0.00682	-0.01023	0.67874	0.00234	1	0.06005	-0.01494	0.66408	0.00403	1	1.45898	0.81042	0	
1242647	8381.85840	3304618177638	0.48224	0.21221	8381.73828	0.10645	11067	0	0.49059	0.12668	1	0.49341	0.29882	1	0.49200	0.21275	1	0.47215	0.53708	11.71879	1.06646	1	0.73557	0.56409	12.68557	1.06646	1	-0.00682	-0.01023	0.67874	0.00237	1	0.06005	-0.01499	0.66408	0.00404	1	1.45898	0.81042	0	
1242648	8381.86523	3304618243850	0.48270	0.21949	8381.73828	0.10645	11067	0	0.51483	0.12786	1	0.45240	0.34022	1	0.48362	0.23404	1	0.47225	0.53707	11.77242	1.06646	1	0.73578	0.56438	12.84145	1.06646	1	-0.00682	-0.01023	0.67874	0.00234	1	0.06005	-0.01499	0.66408	0.00398	1	1.45898	0.81042	0	
1242649	8381.87109	3304618309491	0.48262	0.21965	8381.85156	0.01953	11068	1	0.48210	0.12700	1	0.48268	0.31331	1	0.48239	0.22015	1	0.47211	0.53709	11.77044	1.06646	1	0.73592	0.56393	12.45471	1.06646	1	-0.00682	-0.01023	0.67874	0.00233	1	0.06005	-0.01499	0.66408	0.00398	1	1.45898	0.81042	0	
1242650	8381.87793	3304618377030	0.48265	0.22122	8381.85156	0.02637	11068	1	0.48320	0.13494	1	0.48233	0.31999	1	0.48276	0.22747	1	0.47209	0.53712	11.58237	1.05844	1	0.73585	0.56408	12.69436	1.05844	1	-0.00662	-0.00986	0.65395	0.00236	1	0.06005	-0.01494	0.66408	0.00393	1	1.45898	0.81042	0	
1242651	8381.88477	3304618445520	0.48311	0.22758	8381.85156	0.03320	11068	1	0.51117	0.15364	1	0.45967	0.36512	1	0.48542	0.25938	1	0.47209	0.53706	11.64677	1.05043	1	0.73558	0.56471	13.23474	1.05043	1	-0.00662	-0.00986	0.65395	0.00235	1	0.06005	-0.01494	0.66408	0.00395	1	1.45898	0.81042	0	
1242652	8381.89160	3304618511387	0.48507	0.22832	8381.85156	0.04004	11068	1	0.50959	0.14448	1	0.48401	0.32113	1	0.49680	0.23280	1	0.47207	0.53701	11.63201	1.04241	1	0.73590	0.56408	12.36320	1.04241	1	-0.00662	-0.00986	0.65395	0.00243	1	0.06005	-0.01494	0.66408	0.00396	1	1.45898	0.81042	0	
1242653	8381.89844	3304618579728	0.48653	0.22888	8381.85156	0.04688	11068	1	0.50959	0.14448	1	0.48401	0.32113	1	0.49680	0.23280	1	0.47199	0.53711	11.63046	1.04241	1	0.73552	0.56464	12.77517	1.04241	1	-0.00693	-0.01030	0.67992	0.00240	1	0.06005	-0.01499	0.66408	0.00393	1	1.45898	0.81042	0	
1242654	8381.90527	3304618644378	0.48830	0.23218	8381.85156	0.05371	11068	1	0.50426	0.14519	1	0.50052	0.37188	1	0.50239	0.25853	1	0.47204	0.53714	11.71745	1.05043	1	0.73624	0.56447	12.06785	1.05043	1	-0.00693	-0.01030	0.67992	0.00242	1	0.06005	-0.01499	0.66408	0.00390	1	1.45898	0.81042	0	
1242655	8381.91211	3304618711904	0.48966	0.23366	8381.85156	0.06055	11068	1	0.51384	0.13024	1	0.48998	0.36380	1	0.50191	0.24702	1	0.47212	0.53709	11.74871	1.05844	1	0.73605	0.56460	12.15806	1.05844	1	-0.00693	-0.01030	0.67992	0.00235	1	0.06005	-0.01499	0.66408	0.00385	1	1.45898	0.81042	0	
1242656	8381.91797	3304618779420	0.49077	0.23488	8381.85156	0.06641	11068	1	0.51384	0.13024	1	0.48998	0.36380	1	0.50191	0.24702	1	0.47213	0.53709	11.75247	1.05844	1	0.73613	0.56463	11.97862	1.05844	1	-0.00668	-0.01000	0.66006	0.00235	1	0.06005	-0.01504	0.66408	0.00382	1	1.45898	0.81042	0	
1242657	8381.92578	3304618849251	0.49144	0.23449	8381.85156	0.07422	11068	1	0.50873	0.14206	1	0.48880	0.31846	1	0.49877	0.23026	1	0.47213	0.53709	11.75247	1.05043	1	0.73599	0.56413	12.27047	1.05043	1	-0.00668	-0.01000	0.66006	0.00235	1	0.06005	-0.01504	0.66408	0.00384	1	1.45898	0.81042	0	
1242658	8381.93164	3304618916217	0.49203	0.23400	8381.85156	0.08008	11068	1	0.50797	0.11659	1	0.49046	0.33955	1	0.49921	0.22807	1	0.47212	0.53714	11.52879	1.04241	1	0.73608	0.56407	12.30861	1.04241	1	-0.00668	-0.01000	0.66006	0.00237	1	0.06005	-0.01504	0.66408	0.00376	1	1.45898	0.81042	0	
1242659	8381.93848	3304618983327	0.49253	0.23380	8381.85156	0.08691	11068	1	0.50797	0.11659	1	0.49006	0.34589	1	0.49901	0.23124	1	0.47195	0.53990	11.31478	1.04241	1	0.73602	0.56388	12.48493	1.03475	1	-0.00693	-0.01030	0.67992	0.00377	1	0.05905	-0.01480	0.65352	0.00411	1	1.45898	0.81042	0	
1242660	8381.94531	3304619047860	0.49281	0.23221	8381.85156	0.09375	11068	1	0.51256	0.10747	1	0.48087	0.31242	1	0.49672	0.20995	1	0.47215	0.53715	11.91838	1.04277	1	0.73592	0.56384	12.28611	1.03511	1	-0.00693	-0.01030	0.67992	0.00241	1	0.05905	-0.01480	0.65352	0.00415	1	1.45898	0.81042	0	
1242661	8381.95215	3304619117383	0.49300	0.23056	8381.85156	0.10059	11068	1	0.51545	0.10786	1	0.47619	0.30367	1	0.49582	0.20577	1	0.47226	0.53717	11.74751	1.04312	1	0.73581	0.56380	12.30606	1.03546	1	-0.00693	-0.01030	0.67992	0.00238	1	0.05905	-0.01480	0.65352	0.00426	1	1.45898	0.81042	0	
1242662	8381.95898	3304619184273	0.49316	0.22925	8381.85156	0.10742	11068	1	0.51541	0.10749	1	0.47593	0.30927	1	0.49567	0.20838	1	0.47208	0.53733	11.65696	1.04348	1	0.73582	0.56343	12.36989	1.02901	1	-0.00693	-0.01030	0.67992	0.00236	1	0.05806	-0.01457	0.64320	0.00421	1	1.45898	0.81042	0	
1242663	8381.96582	3304619251328	0.49332	0.23117	8381.85156	0.11426	11068	1	0.51106	0.13748	1	0.48127	0.39019	1	0.49617	0.26383	1	0.47220	0.53729	11.56732	1.02901	1	0.73559	0.56445	12.54914	1.02220	1	-0.00693	-0.01030	0.67992	0.00244	1	0.05806	-0.01457	0.64320	0.00383	1	1.45898	0.81042	0	
1242664	8381.97266	3304619317372	0.49346	0.23217	8381.85156	0.12109	11068	1	0.49897	0.14460	1	0.49279	0.35558	1	0.49588	0.25009	1	0.47199	0.53724	11.96038	1.02220	1	0.73568	0.56449	12.70297	1.01540	1	-0.00693	-0.01030	0.67992	0.00232	1	0.05806	-0.01457	0.64320	0.00381	1	1.45898	0.81042	0	
1242665	8381.97949	3304619385365	0.49359	0.23338	8381.85156	0.12793	11068	1	0.49985	0.15151	1	0.49241	0.36126	1	0.49613	0.25639	1	0.47202	0.53735	11.58045	1.01540	1	0.73531	0.56380	12.23633	1.00859	1	-0.00693	-0.01030	0.67992	0.00242	1	0.05806	-0.01457	0.64320	0.00433	1	1.45898	0.81042	0	
1242666	8381.98535	3304619451716	0.49421	0.23372	8381.85156	0.13379	11068	1	0.50747	0.14954	1	0.50557	0.33138	1	0.50652	0.24046	1	0.47204	0.53722	11.83106	1.00859	1	0.73589	0.56369	12.47399	1.00859	1	-0.00693	-0.01030	0.67992	0.00242	1	0.05806	-0.01457	0.64320	0.00429	1	1.45898	0.81042	0	
1242667	8381.99219	3304619519306	0.49470	0.23782	8381.85156	0.14062	11068	1	0.51653	0.35397	1	0.49349	0.29384	1	0.50501	0.32390	1	0.47202	0.53953	10.98607	1.00859	1	0.73572	0.56374	12.85930	1.00859	1	-0.00693	-0.01030	0.67992	0.00390	1	0.05806	-0.01457	0.64320	0.00421	1	1.45898	0.81042	0	
1242668	8381.99902	3304619586026	0.49466	0.23999	8381.85156	0.14746	11068	1	0.51653	0.35397	0	0.49388	0.28770	1	0.49388	0.28770	1	0.47202	0.53953	10.98607	1.00859	0	0.73538	0.56404	11.94147	1.01540	1	-0.00693	-0.01030	0.67992	0.00390	1	0.05936	-0.01491	0.65809	0.00415	1	1.45898	0.81042	0	
1242669	8382.00586	3304619652768	0.49466	0.23999	8381.85156	0.15430	11068	1	0.51653	0.35397	0	0.49388	0.28770	0	0.49388	0.28770	0	0.47202	0.53953	10.98607	1.01540	0	0.73538	0.56404	11.94147	1.02220	0	-0.00693	-0.01030	0.67992	0.00390	1	0.05936	-0.01491	0.65809	0.00415	1	1.45898	0.81042	0	
1242670	8382.01270	3304619720217	0.49466	0.23999	8381.85156	0.16113	11068	1	0.51653	0.35397	0	0.49388	0.28770	0	0.49388	0.28770	0	0.47202	0.53953	10.98607	1.02220	0	0.73538	0.56404	11.94147	1.02901	0	-0.00693	-0.01030	0.67992	0.00390	1	0.05936	-0.01491	0.65809	0.00415	1	1.45898	0.81042	0	
1242671	8382.01953	3304619787910	0.49466	0.23999	8381.85156	0.16797	11068	1	0.51653	0.35397	0	0.49388	0.28770	0	0.49388	0.28770	0	0.47202	0.53953	10.98607	1.02901	0	0.73538	0.56404	11.94147	1.03582	0	-0.00693	-0.01030	0.67992	0.00390	1	0.05936	-0.01491	0.65809	0.00415	1	1.45898	0.81042	0	
1242672	8382.02539	3304619853707	0.49823	0.24467	8381.85156	0.16797	11068	0	0.51653	0.35397	0	0.49388	0.28770	0	0.49388	0.28770	0	0.47202	0.53953	10.98607	1.03582	0	0.73538	0.56404	11.94147	1.03582	0	-0.00693	-0.01030	0.67992	0.00390	1	0.05936	-0.01491	0.65809	0.00415	1	1.45898	0.81042	0	
1242673	8382.03223	3304619921045	0.49823	0.24467	8381.85156	0.16797	11068	0	0.51653	0.35397	0	0.49388	0.28770	0	0.49388	0.28770	0	0.47202	0.53953	10.98607	1.03582	0	0.73538	0.56404	11.94147	1.03582	0	-0.00693	-0.01030	0.67992	0.00390	1	0.05936	-0.01491	0.65809	0.00415	1	1.45898	0.81042	0	
1242674	8382.03906	3304619988012	0.49823	0.24467	8381.85156	0.16797	11068	0	0.51653	0.35397	0	0.49388	0.28770	0	0.49388	0.28770	0	0.47202	0.53953	10.98607	1.03582	0	0.73538	0.56404	11.94147	1.03582	0	-0.00693	-0.01030	0.67992	0.00390	1	0.05936	-0.01491	0.65809	0.00415	1	1.45898	0.81042	0	
1242675	8382.04590	3304620054705	0.00000	0.00000	8381.85156	0.16797	11068	0	0.51653	0.35397	0	0.49388	0.28770	0	0.49388	0.28770	0	0.47202	0.53953	10.98607	1.03582	0	0.73538	0.56404	11.94147	1.03582	0	-0.00693	-0.01030	0.67992	0.00390	1	0.05936	-0.01491	0.65809	0.00415	1	1.45898	0.81042	0	
1242676	8382.05273	3304620121929	0.00000	0.00000	8381.85156	0.16797	11068	0	0.51653	0.35397	0	0.49388	0.28770	0	0.49388	0.28770	0	0.47202	0.53953	10.98607	1.03582	0	0.73538	0.56404	11.94147	1.03582	0	-0.00693	-0.01030	0.67992	0.00390	1	0.05936	-0.01491	0.65809	0.00415	1	1.45898	0.81042	0	
1242677	8382.05957	3304620189215	0.00000	0.00000	8381.85156	0.16797	11068	0	0.51653	0.35397	0	0.49388	0.28770	0	0.49388	0.28770	0	0.47202	0.53953	10.98607	1.03582	0	0.73538	0.56404	11.94147	1.03582	0	-0.00693	-0.01030	0.67992	0.00390	1	0.05936	-0.01491	0.65809	0.00415	1	1.45898	0.81042	0	
1242678	8382.06641	3304620254626	0.50654	0.36392	8381.85156	0.16797	11068	0	0.54380	0.33019	1	0.46928	0.39766	1	0.50654	0.36392	1	0.47218	0.53974	11.38181	1.03582	1	0.73535	0.56471	12.21853	1.03582	1	-0.00693	-0.01030	0.67992	0.00398	1	0.05936	-0.01491	0.65809	0.00391	1	1.45898	0.81042	0	
1242679	8382.07227	3304620319598	0.50357	0.35672	8381.85156	0.16797	11068	0	0.52544	0.31025	1	0.47576	0.38879	1	0.50060	0.34952	1	0.47182	0.53940	11.69897	1.03582	1	0.73543	0.56450	12.22354	1.03582	1	-0.00693	-0.01030	0.67992	0.00406	1	0.05936	-0.01491	0.65809	0.00385	1	1.45898	0.81042	0	
1242680	8382.07910	3304620387975	0.50263	0.35332	8381.85156	0.16797	11068	0	0.52544	0.31025	1	0.47605	0.38278	1	0.50075	0.34652	1	0.47170	0.53724	11.80546	1.03582	1	0.73535	0.56460	12.24212	1.04348	1	-0.00705	-0.01032	0.68113	0.00234	1	0.06078	-0.01528	0.67441	0.00384	1	1.45898	0.81042	0	
1242681	8382.08594	3304620452390	0.49816	0.32358	8382.06641	0.01953	11069	1	0.50730	0.12134	1	0.46222	0.34740	1	0.48476	0.23437	1	0.47183	0.53726	11.76597	1.04348	1	0.73527	0.56432	12.49500	1.05114	1	-0.00705	-0.01032	0.68113	0.00241	1	0.06078	-0.01528	0.67441	0.00395	1	1.45898	0.81042	0	
1242682	8382.09277	3304620524023	0.49650	0.31316	8382.06641	0.02637	11069	1	0.51722	0.15662	1	0.46248	0.38627	1	0.48985	0.27145	1	0.47183	0.53729	11.65495	1.05114	1	0.73529	0.56482	12.24951	1.05880	1	-0.00705	-0.01032	0.68113	0.00243	1	0.06078	-0.01528	0.67441	0.00382	1	1.45898	0.81042	0	
1242683	8382.09961	3304620590934	0.49538	0.30675	8382.06641	0.03320	11069	1	0.51726	0.15697	1	0.46227	0.39244	1	0.48977	0.27471	1	0.47179	0.53725	11.64469	1.05078	1	0.73530	0.56468	12.05985	1.05078	1	-0.00677	-0.00999	0.65935	0.00239	1	0.05936	-0.01481	0.65809	0.00385	1	1.45898	0.81042	0	
1242684	8382.10645	3304620657647	0.49467	0.30014	8382.06641	0.04004	11069	1	0.51055	0.15611	1	0.47035	0.36492	1	0.49045	0.26052	1	0.47180	0.53724	11.69776	1.04277	1	0.73535	0.56462	11.95249	1.03511	1	-0.00677	-0.00999	0.65935	0.00237	1	0.05936	-0.01481	0.65809	0.00387	1	1.45898	0.81042	0	
1242685	8382.11328	3304620726348	0.49525	0.29674	8382.06641	0.04688	11069	1	0.51758	0.16664	1	0.48100	0.37922	1	0.49929	0.27293	1	0.47188	0.53724	11.68589	1.02709	1	0.73550	0.56439	12.24898	1.01943	1	-0.00677	-0.00999	0.65935	0.00235	1	0.05936	-0.01481	0.65809	0.00386	1	1.45898	0.81042	0	
1242686	8382.12012	3304620791892	0.49575	0.29452	8382.06641	0.05371	11069	1	0.51844	0.17421	1	0.48100	0.37922	1	0.49972	0.27671	1	0.47207	0.53712	11.60686	1.01943	1	0.73553	0.56437	13.12238	1.01943	1	-0.00697	-0.01030	0.68338	0.00243	1	0.06247	-0.01552	0.69198	0.00389	1	1.45898	0.81042	0	
1242687	8382.12598	3304620859073	0.49580	0.29203	8382.06641	0.05957	11069	1	0.50974	0.16970	1	0.48278	0.36966	1	0.49626	0.26968	1	0.47208	0.53709	11.58556	1.02745	1	0.73554	0.56437	12.94554	1.03511	1	-0.00697	-0.01030	0.68338	0.00235	1	0.06247	-0.01552	0.69198	0.00398	1	1.45898	0.81042	0	
1242688	8382.13281	3304620925675	0.49545	0.28909	8382.06641	0.06641	11069	1	0.50829	0.16463	1	0.47561	0.35466	1	0.49195	0.25964	1	0.47207	0.53718	11.71518	1.04312	1	0.73540	0.56439	13.19809	1.05078	1	-0.00697	-0.01030	0.68338	0.00238	1	0.06247	-0.01552	0.69198	0.00399	1	1.45898	0.81042	0	
1242689	8382.13965	3304620992678	0.49513	0.28607	8382.06641	0.07324	11069	1	0.50738	0.15717	1	0.47590	0.34848	1	0.49164	0.25282	1	0.47214	0.53697	11.68845	1.05078	1	0.73570	0.56396	13.10526	1.05844	1	-0.00669	-0.00997	0.66105	0.00239	1	0.06005	-0.01489	0.66408	0.00396	1	1.45898	0.81042	0	
1242690	8382.14648	3304621059806	0.49460	0.28145	8382.06641	0.08008	11069	1	0.47986	0.13695	1	0.49659	0.31524	1	0.48823	0.22609	1	0.47206	0.53697	11.75690	1.05043	1	0.73608	0.56399	12.13311	1.05043	1	-0.00669	-0.00997	0.66105	0.00243	1	0.06005	-0.01489	0.66408	0.00400	1	1.45898	0.81042	0	
1242691	8382.15332	3304621127856	0.49375	0.27770	8382.06641	0.08691	11069	1	0.49030	0.11399	1	0.47503	0.34387	1	0.48267	0.22893	1	0.47225	0.53668	12.20465	1.04241	1	0.73576	0.56423	12.91288	1.04241	1	-0.00669	-0.00997	0.66105	0.00244	1	0.06005	-0.01489	0.66408	0.00400	1	1.45898	0.81042	0	
1242692	8382.16016	3304621193047	0.49301	0.27445	8382.06641	0.09375	11069	1	0.49030	0.11399	1	0.47503	0.34387	1	0.48267	0.22893	1	0.47229	0.53673	12.13383	1.04241	1	0.73611	0.56334	12.00317	1.04241	1	-0.00679	-0.01014	0.67623	0.00234	1	0.06005	-0.01489	0.66408	0.00422	1	1.45898	0.81042	0	
1242693	8382.16699	3304621261638	0.49290	0.26972	8382.06641	0.10059	11069	1	0.48878	0.13037	1	0.49389	0.26707	1	0.49133	0.19872	1	0.47234	0.53694	11.88484	1.05043	1	0.73609	0.56339	12.01135	1.05043	1	-0.00679	-0.01014	0.67623	0.00239	1	0.06005	-0.01489	0.66408	0.00429	1	1.45898	0.81042	0	
1242694	8382.17285	3304621327863	0.49277	0.26495	8382.06641	0.10645	11069	1	0.50130	0.11154	1	0.47992	0.26578	1	0.49061	0.18866	1	0.47232	0.53685	12.17860	1.05844	1	0.73616	0.56352	11.86963	1.05844	1	-0.00679	-0.01014	0.67623	0.00238	1	0.06005	-0.01489	0.66408	0.00417	1	1.45898	0.81042	0	
1242695	8382.17969	3304621394695	0.49263	0.26029	8382.06641	0.11328	11069	1	0.50032	0.10343	1	0.48025	0.25869	1	0.49029	0.18106	1	0.47232	0.53683	12.19944	1.06646	1	0.73614	0.56339	12.01991	1.06646	1	-0.00679	-0.01014	0.67623	0.00240	1	0.06005	-0.01489	0.66408	0.00416	1	1.45898	0.81042	0	
1242696	8382.18652	3304621461804	0.49087	0.23031	8382.06641	0.11328	11069	0	0.49113	0.10084	1	0.48055	0.25820	1	0.48584	0.17952	1	0.47242	0.53676	12.21388	1.06646	1	0.73625	0.56324	11.90899	1.06646	1	-0.00679	-0.01014	0.67623	0.00232	1	0.06005	-0.01489	0.66408	0.00423	1	1.45898	0.81042	0	
1242697	8382.19336	3304621528701	0.49413	0.22673	8382.06641	0.11328	11069	0	0.50477	0.08597	1	0.48999	0.36034	1	0.49738	0.22316	1	0.47245	0.53665	12.41359	1.06646	1	0.73636	0.56363	11.97924	1.06646	1	-0.00679	-0.01014	0.67623	0.00234	1	0.06005	-0.01489	0.66408	0.00436	1	1.45898	0.81042	0	
1242698	8382.20020	3304621595773	0.49521	0.22554	8382.06641	0.11328	11069	0	0.50477	0.08597	1	0.48999	0.36034	1	0.49738	0.22316	1	0.47250	0.53659	12.37507	1.06646	1	0.73632	0.56328	11.95219	1.06646	1	-0.00679	-0.01014	0.67623	0.00241	1	0.06005	-0.01489	0.66408	0.00413	1	1.45898	0.81042	0	
1242699	8382.20703	3304621662434	0.49456	0.23323	8382.18652	0.02051	11070	1	0.50312	0.13575	1	0.48210	0.37684	1	0.49261	0.25629	1	0.47239	0.53671	12.11814	1.06646	1	0.73622	0.56376	12.12056	1.06646	1	-0.00679	-0.01014	0.67623	0.00235	1	0.06005	-0.01489	0.66408	0.00409	1	1.45898	0.81042	0	
1242700	8382.21387	3304621730534	0.49513	0.23579	8382.18652	0.02734	11070	1	0.50921	0.15009	1	0.48562	0.34196	1	0.49741	0.24603	1	0.47254	0.53685	11.86318	1.06646	1	0.73635	0.56332	12.05341	1.06646	1	-0.00679	-0.01014	0.67623	0.00237	1	0.06005	-0.01489	0.66408	0.00417	1	1.45898	0.81042	0	
1242701	8382.21973	3304621796852	0.49548	0.23801	8382.18652	0.03320	11070	1	0.50921	0.15009	1	0.48526	0.34814	1	0.49723	0.24912	1	0.47270	0.53659	11.63824	1.06646	1	0.73602	0.56399	12.81667	1.05880	1	-0.00679	-0.01009	0.67623	0.00238	1	0.05946	-0.01468	0.65703	0.00398	1	1.45898	0.81042	0	
1242702	8382.22656	3304621863726	0.49438	0.23986	8382.18652	0.04004	11070	1	0.49888	0.14627	1	0.47670	0.35563	1	0.48779	0.25095	1	0.47275	0.53665	11.95625	1.05880	1	0.73620	0.56363	11.97004	1.05114	1	-0.00679	-0.01009	0.67623	0.00232	1	0.05946	-0.01468	0.65703	0.00408	1	1.45898	0.81042	0	
1242703	8382.23340	3304621929509	0.49537	0.24378	8382.18652	0.04688	11070	1	0.51657	0.14079	1	0.48807	0.40166	1	0.50232	0.27123	1	0.47273	0.53656	11.66836	1.05114	1	0.73644	0.56388	13.00558	1.04348	1	-0.00679	-0.01009	0.67623	0.00234	1	0.05946	-0.01468	0.65703	0.00399	1	1.45898	0.81042	0	
1242704	8382.24023	3304621997598	0.49616	0.24636	8382.18652	0.05371	11070	1	0.51641	0.13938	1	0.48852	0.39469	1	0.50247	0.26703	1	0.47273	0.53656	11.66836	1.05257	1	0.73634	0.56388	13.11073	1.05257	1	-0.00707	-0.01053	0.70882	0.00234	1	0.06122	-0.01511	0.67591	0.00402	1	1.45898	0.81042	0	
1242705	8382.24707	3304622063752	0.49472	0.24861	8382.18652	0.06055	11070	1	0.49954	0.14690	1	0.46401	0.39068	1	0.48178	0.26879	1	0.47279	0.53674	11.89632	1.06165	1	0.73603	0.56389	12.55810	1.06931	1	-0.00707	-0.01053	0.70882	0.00242	1	0.06122	-0.01511	0.67591	0.00406	1	1.45898	0.81042	0	
1242706	8382.25391	3304622130410	0.49519	0.24386	8382.18652	0.06738	11070	1	0.50477	0.11783	1	0.49493	0.27498	1	0.49985	0.19641	1	0.47288	0.53667	11.79727	1.07840	1	0.73640	0.56330	13.01544	1.08606	1	-0.00707	-0.01053	0.70882	0.00239	1	0.06122	-0.01511	0.67591	0.00438	1	1.45898	0.81042	0	
1242707	8382.26074	3304622199242	0.49558	0.23901	8382.18652	0.07422	11070	1	0.50387	0.11027	1	0.49581	0.26102	1	0.49984	0.18564	1	0.47294	0.53668	11.75762	1.08606	1	0.73645	0.56321	12.64029	1.10240	1	-0.00669	-0.01004	0.67598	0.00241	1	0.06383	-0.01574	0.70412	0.00447	1	1.45898	0.81042	0	
1242708	8382.26660	3304622264351	0.49467	0.23846	8382.18652	0.08008	11070	1	0.50459	0.09871	1	0.46292	0.36511	1	0.48376	0.23191	1	0.47297	0.53665	11.76131	1.09331	1	0.73638	0.56398	13.12205	1.10199	1	-0.00669	-0.01004	0.67598	0.00245	1	0.06383	-0.01574	0.70412	0.00398	1	1.45898	0.81042	0	
1242709	8382.27344	3304622330909	0.48717	0.22516	8382.18652	0.08691	11070	1	0.50459	0.09871	0	0.38973	0.05222	1	0.38973	0.05222	1	0.47297	0.53665	11.76131	1.09291	0	0.47290	0.53685	12.17091	1.10159	1	-0.00669	-0.01004	0.67598	0.00245	1	0.06383	-0.01574	0.70412	0.00238	1	1.45898	0.81042	0	
1242710	8382.28027	3304622396510	0.48070	0.21426	8382.18652	0.09375	11070	1	0.50459	0.09871	0	0.39008	0.06162	1	0.39008	0.06162	1	0.47297	0.53665	11.76131	1.09250	0	0.47303	0.53665	11.82330	1.09250	1	-0.00669	-0.01004	0.67598	0.00245	1	-0.00669	-0.01004	0.67598	0.00235	1	1.45898	0.81042	0	
1242711	8382.28711	3304622464699	0.47396	0.20408	8382.18652	0.10059	11070	1	0.50459	0.09871	0	0.37283	0.05147	1	0.37283	0.05147	1	0.47297	0.53665	11.76131	1.09250	0	0.47303	0.53661	11.63341	1.08382	1	-0.00669	-0.01004	0.67598	0.00245	1	-0.00669	-0.01004	0.67598	0.00242	1	1.45898	0.81042	0	
1242712	8382.29395	3304622530457	0.46767	0.19506	8382.18652	0.10742	11070	1	0.50459	0.09871	0	0.36703	0.05076	1	0.36703	0.05076	1	0.47297	0.53665	11.76131	1.08382	0	0.47289	0.53652	11.89825	1.07514	1	-0.00669	-0.01004	0.67598	0.00245	1	-0.00669	-0.01004	0.67598	0.00237	1	1.45898	0.81042	0	
1242713	8382.29980	3304622593348	0.44542	0.16233	8382.18652	0.10742	11070	0	0.50459	0.09871	0	0.36754	0.05994	1	0.36754	0.05994	1	0.47297	0.53665	11.76131	1.07514	0	0.47299	0.53654	12.45043	1.06646	1	-0.00669	-0.01004	0.67598	0.00245	1	-0.00664	-0.01011	0.68105	0.00239	1	1.45898	0.81042	0	
1242714	8382.30762	3304622666776	0.41146	0.20332	8382.18652	0.10742	11070	0	0.50459	0.09871	0	0.37750	0.24431	1	0.37750	0.24431	1	0.47297	0.53665	11.76131	1.06646	0	0.47316	0.53838	11.68805	1.06646	1	-0.00669	-0.01004	0.67598	0.00245	1	-0.00664	-0.01011	0.68105	0.00397	1	1.45898	0.81042	0	
1242715	8382.31348	3304622734536	0.39968	0.18182	8382.18652	0.10742	11070	0	0.50459	0.09871	0	0.37611	0.13883	1	0.37611	0.13883	1	0.47297	0.53665	11.76131	1.06646	0	0.47311	0.53749	11.53077	1.06646	1	-0.00669	-0.01004	0.67598	0.00245	1	-0.00664	-0.01011	0.68105	0.00426	1	1.45898	0.81042	0	
1242716	8382.32031	3304622798372	0.39968	0.18182	8382.29980	0.02051	11071	1	0.50459	0.09871	0	0.37611	0.13883	0	0.37611	0.13883	0	0.47297	0.53665	11.76131	1.06646	0	0.47311	0.53749	11.53077	1.06646	0	-0.00669	-0.01004	0.67598	0.00245	1	-0.00664	-0.01011	0.68105	0.00426	1	1.45898	0.81042	0	
1242717	8382.32715	3304622868492	0.39968	0.18182	8382.29980	0.02734	11071	1	0.50459	0.09871	0	0.37611	0.13883	0	0.37611	0.13883	0	0.47297	0.53665	11.76131	1.06646	0	0.47311	0.53749	11.53077	1.06646	0	-0.00669	-0.01004	0.67598	0.00245	1	-0.00664	-0.01011	0.68105	0.00426	1	1.45898	0.81042	0	
1242718	8382.33398	3304622935235	0.39968	0.18182	8382.29980	0.03418	11071	1	0.50459	0.09871	0	0.37611	0.13883	0	0.37611	0.13883	0	0.47297	0.53665	11.76131	1.06646	0	0.47311	0.53749	11.53077	1.06646	0	-0.00669	-0.01004	0.67598	0.00245	1	-0.00664	-0.01011	0.68105	0.00426	1	1.45898	0.81042	0	
1242719	8382.34082	3304623002174	0.39388	0.17296	8382.29980	0.04102	11071	1	0.50459	0.09871	0	0.37650	0.14638	1	0.37650	0.14638	1	0.47297	0.53665	11.76131	1.06646	0	0.73709	0.56401	13.32968	1.05880	1	-0.00669	-0.01004	0.67598	0.00245	1	0.05978	-0.01469	0.65726	0.00406	1	1.45898	0.81042	0	
1242720	8382.34766	3304623069070	0.39388	0.17296	8382.29980	0.04785	11071	1	0.50459	0.09871	0	0.37650	0.14638	0	0.37650	0.14638	0	0.47297	0.53665	11.76131	1.05880	0	0.73709	0.56401	13.32968	1.05114	0	-0.00669	-0.01004	0.67598	0.00245	1	0.05978	-0.01469	0.65726	0.00406	1	1.45898	0.81042	0	
1242721	8382.35449	3304623136385	0.39388	0.17296	8382.29980	0.05469	11071	1	0.50459	0.09871	0	0.37650	0.14638	0	0.37650	0.14638	0	0.47297	0.53665	11.76131	1.05114	0	0.73709	0.56401	13.32968	1.04348	0	-0.00669	-0.01004	0.67598	0.00245	1	0.05978	-0.01469	0.65726	0.00406	1	1.45898	0.81042	0	
1242722	8382.36133	3304623203765	0.39388	0.17296	8382.29980	0.06152	11071	1	0.50459	0.09871	0	0.37650	0.14638	0	0.37650	0.14638	0	0.47297	0.53665	11.76131	1.04348	0	0.73709	0.56401	13.32968	1.03582	0	-0.00669	-0.01004	0.67598	0.00245	1	0.05978	-0.01469	0.65726	0.00406	1	1.45898	0.81042	0	
1242723	8382.36719	3304623270440	0.37670	0.17651	8382.29980	0.06152	11071	0	0.50459	0.09871	0	0.37650	0.14638	0	0.37650	0.14638	0	0.47297	0.53665	11.76131	1.03582	0	0.73709	0.56401	13.32968	1.03582	0	-0.00669	-0.01004	0.67598	0.00245	1	0.05978	-0.01469	0.65726	0.00406	1	1.45898	0.81042	0	
1242724	8382.37402	3304623337847	0.37670	0.17651	8382.29980	0.06152	11071	0	0.50459	0.09871	0	0.37650	0.14638	0	0.37650	0.14638	0	0.47297	0.53665	11.76131	1.03582	0	0.73709	0.56401	13.32968	1.03582	0	-0.00669	-0.01004	0.67598	0.00245	1	0.05978	-0.01469	0.65726	0.00406	1	1.45898	0.81042	0	
1242725	8382.38086	3304623404211	0.37670	0.17651	8382.29980	0.06152	11071	0	0.50459	0.09871	0	0.37650	0.14638	0	0.37650	0.14638	0	0.47297	0.53665	11.76131	1.03582	0	0.73709	0.56401	13.32968	1.03582	0	-0.00669	-0.01004	0.67598	0.00245	1	0.05978	-0.01469	0.65726	0.00406	1	1.45898	0.81042	0	
1242726	8382.38770	3304623471207	0.00000	0.00000	8382.29980	0.06152	11071	0	0.50459	0.09871	0	0.37650	0.14638	0	0.37650	0.14638	0	0.47297	0.53665	11.76131	1.03582	0	0.73709	0.56401	13.32968	1.03582	0	-0.00669	-0.01004	0.67598	0.00245	1	0.05978	-0.01469	0.65726	0.00406	1	1.45898	0.81042	0	
1242727	8382.39453	3304623535592	0.00000	0.00000	8382.29980	0.06152	11071	0	0.50459	0.09871	0	0.37650	0.14638	0	0.37650	0.14638	0	0.47297	0.53665	11.76131	1.03582	0	0.73709	0.56401	13.32968	1.03582	0	-0.00669	-0.01004	0.67598	0.00245	1	0.05978	-0.01469	0.65726	0.00406	1	1.45898	0.81042	0	
1242728	8382.40137	3304623605085	0.00000	0.00000	8382.29980	0.06152	11071	0	0.50459	0.09871	0	0.37650	0.14638	0	0.37650	0.14638	0	0.47297	0.53665	11.76131	1.03582	0	0.73709	0.56401	13.32968	1.03582	0	-0.00669	-0.01004	0.67598	0.00245	1	0.05978	-0.01469	0.65726	0.00406	1	1.45898	0.81042	0	
1242729	8382.40723	3304623671779	0.49407	0.23496	8382.29980	0.06152	11071	0	0.50791	0.15029	1	0.48024	0.31963	1	0.49407	0.23496	1	0.47405	0.53659	12.20254	1.03582	1	0.73775	0.56365	12.18934	1.03582	1	-0.00669	-0.01004	0.67598	0.00244	1	0.05978	-0.01469	0.65726	0.00414	1	1.45898	0.81042	0	
1242730	8382.41406	3304623738989	0.49073	0.22251	8382.29980	0.06152	11071	0	0.50934	0.14404	1	0.46542	0.27609	1	0.48738	0.21006	1	0.47402	0.53654	12.04725	1.03582	1	0.73758	0.56352	12.01895	1.03582	1	-0.00669	-0.01004	0.67598	0.00246	1	0.05978	-0.01469	0.65726	0.00412	1	1.45898	0.81042	0	
1242731	8382.42090	3304623806020	0.48961	0.21836	8382.29980	0.06152	11071	0	0.50934	0.14404	1	0.46542	0.27609	1	0.48738	0.21006	1	0.47410	0.53662	12.51415	1.03582	1	0.73771	0.56381	12.03460	1.03582	1	-0.00644	-0.01012	0.68135	0.00239	1	0.05973	-0.01475	0.65567	0.00409	1	1.45898	0.81042	0	
1242732	8382.42773	3304623873199	0.49043	0.22663	8382.40723	0.02051	11072	1	0.50677	0.16054	1	0.47897	0.34234	1	0.49287	0.25144	1	0.47403	0.53669	12.47419	1.03582	1	0.73778	0.56409	12.10524	1.03582	1	-0.00644	-0.01012	0.68135	0.00245	1	0.05973	-0.01475	0.65567	0.00408	1	1.45898	0.81042	0	
1242733	8382.43457	3304623940026	0.49171	0.22849	8382.40723	0.02734	11072	1	0.51479	0.14484	1	0.47886	0.32704	1	0.49683	0.23594	1	0.47412	0.53655	12.44969	1.03582	1	0.73773	0.56376	12.11776	1.03582	1	-0.00644	-0.01012	0.68135	0.00237	1	0.05973	-0.01475	0.65567	0.00416	1	1.45898	0.81042	0	
1242734	8382.44141	3304624007728	0.49256	0.22974	8382.40723	0.03418	11072	1	0.51479	0.14484	1	0.47886	0.32704	1	0.49683	0.23594	1	0.47418	0.53673	11.98843	1.03582	1	0.73786	0.56431	12.11345	1.03582	1	-0.00644	-0.01018	0.68206	0.00238	1	0.06042	-0.01497	0.66318	0.00397	1	1.45898	0.81042	0	
1242735	8382.44824	3304624073875	0.49053	0.23601	8382.40723	0.04102	11072	1	0.49562	0.16984	1	0.46110	0.37746	1	0.47836	0.27365	1	0.47422	0.53668	11.96409	1.03582	1	0.73754	0.56450	12.40052	1.03582	1	-0.00644	-0.01018	0.68206	0.00236	1	0.06042	-0.01497	0.66318	0.00393	1	1.45898	0.81042	0	
1242736	8382.45508	3304624141288	0.49041	0.24050	8382.40723	0.04785	11072	1	0.50661	0.17836	1	0.47257	0.36547	1	0.48959	0.27191	1	0.47429	0.53687	12.08949	1.03582	1	0.73772	0.56441	12.15198	1.03582	1	-0.00644	-0.01018	0.68206	0.00250	1	0.06042	-0.01497	0.66318	0.00394	1	1.45898	0.81042	0	
1242737	8382.46094	3304624208345	0.49036	0.24478	8382.40723	0.05371	11072	1	0.50758	0.18613	1	0.47228	0.37194	1	0.48993	0.27903	1	0.47446	0.53872	11.73264	1.02780	1	0.73765	0.56446	12.33744	1.02780	1	-0.00617	-0.00987	0.65809	0.00401	1	0.06042	-0.01497	0.66318	0.00392	1	1.45898	0.81042	0	
1242738	8382.46777	3304624275028	0.49025	0.25452	8382.40723	0.06055	11072	1	0.50001	0.32051	1	0.47860	0.36395	1	0.48931	0.34223	1	0.47412	0.53835	11.85273	1.01979	1	0.73783	0.56444	12.89099	1.01979	1	-0.00617	-0.00987	0.65809	0.00405	1	0.06042	-0.01497	0.66318	0.00390	1	1.45898	0.81042	0	
1242739	8382.47461	3304624342314	0.49142	0.26464	8382.40723	0.06738	11072	1	0.52803	0.33917	1	0.47810	0.39233	1	0.50307	0.36575	1	0.47457	0.53845	11.82907	1.01177	1	0.73787	0.56439	13.21342	1.01177	1	-0.00617	-0.00987	0.65809	0.00404	1	0.06042	-0.01497	0.66318	0.00390	1	1.45898	0.81042	0	
1242740	8382.48145	3304624408783	0.49242	0.27335	8382.40723	0.07422	11072	1	0.52889	0.34583	1	0.47809	0.39261	1	0.50349	0.36922	1	0.47430	0.53868	11.07543	1.00375	1	0.73788	0.56458	13.00709	1.01141	1	-0.00617	-0.00987	0.65809	0.00389	1	0.06204	-0.01536	0.68042	0.00385	1	1.45898	0.81042	0	
1242741	8382.48828	3304624475121	0.49273	0.27573	8382.40723	0.08105	11072	1	0.50669	0.21320	1	0.48618	0.39525	1	0.49644	0.30423	1	0.47425	0.53697	11.98084	1.01141	1	0.73802	0.56453	12.90385	1.01907	1	-0.00617	-0.00987	0.65809	0.00240	1	0.06204	-0.01536	0.68042	0.00388	1	1.45898	0.81042	0	
1242742	8382.49512	3304624542713	0.49247	0.27581	8382.40723	0.08789	11072	1	0.49586	0.19326	1	0.48233	0.36064	1	0.48910	0.27695	1	0.47419	0.53690	12.11456	1.01907	1	0.73790	0.56434	13.07306	1.02673	1	-0.00617	-0.00987	0.65809	0.00251	1	0.06204	-0.01536	0.68042	0.00393	1	1.45898	0.81042	0	
1242743	8382.50098	3304624609743	0.49221	0.27564	8382.40723	0.09375	11072	1	0.49485	0.18583	1	0.48233	0.36064	1	0.48859	0.27324	1	0.47437	0.53892	11.30299	1.02673	1	0.73796	0.56431	12.88634	1.02673	1	-0.00622	-0.01006	0.66382	0.00372	1	0.06042	-0.01497	0.66318	0.00396	1	1.45898	0.81042	0	
1242744	8382.50781	3304624676885	0.49219	0.27689	8382.40723	0.10059	11072	1	0.49323	0.18496	1	0.49051	0.40627	1	0.49187	0.29561	1	0.47419	0.53691	12.16973	1.02673	1	0.73800	0.56466	12.96356	1.01907	1	-0.00622	-0.01006	0.66382	0.00249	1	0.06042	-0.01497	0.66318	0.00380	1	1.45898	0.81042	0	
1242745	8382.51465	3304624743820	0.49196	0.27683	8382.40723	0.10742	11072	1	0.49692	0.16315	1	0.47942	0.38845	1	0.48817	0.27580	1	0.47420	0.53704	12.12836	1.01907	1	0.73781	0.56460	12.85024	1.01141	1	-0.00622	-0.01006	0.66382	0.00244	1	0.06042	-0.01497	0.66318	0.00386	1	1.45898	0.81042	0	
1242746	8382.52148	3304624811395	0.49177	0.27698	8382.40723	0.11426	11072	1	0.49792	0.17081	1	0.47942	0.38845	1	0.48867	0.27963	1	0.47443	0.53906	11.89546	1.01141	1	0.73795	0.56459	13.25844	1.01141	1	-0.00622	-0.01006	0.66382	0.00368	1	0.06204	-0.01536	0.68042	0.00383	1	1.45898	0.81042	0	
1242747	8382.52832	3304624878870	0.49361	0.31176	8382.40723	0.11426	11072	0	0.52117	0.39056	1	0.48895	0.42451	1	0.50506	0.40753	1	0.47446	0.53908	12.06774	1.01141	1	0.73803	0.56485	13.28044	1.01907	1	-0.00622	-0.01006	0.66382	0.00371	1	0.06204	-0.01536	0.68042	0.00378	1	1.45898	0.81042	0	
1242748	8382.53516	3304624944642	0.49147	0.29941	8382.40723	0.11426	11072	0	0.49412	0.15281	1	0.48456	0.42132	1	0.48934	0.28707	1	0.47419	0.53691	12.16973	1.01907	1	0.73794	0.56472	13.32034	1.02673	1	-0.00622	-0.01006	0.66382	0.00249	1	0.06204	-0.01536	0.68042	0.00379	1	1.45898	0.81042	0	
1242749	8382.54199	3304625011804	0.49059	0.29401	8382.40723	0.11426	11072	0	0.49310	0.14507	1	0.48456	0.42132	1	0.48883	0.28320	1	0.47419	0.53691	12.16973	1.02673	1	0.73794	0.56476	13.36088	1.02673	1	-0.00622	-0.01006	0.66382	0.00249	1	0.06042	-0.01497	0.66318	0.00378	1	1.45898	0.81042	0	
1242750	8382.54883	3304625078721	0.49225	0.31322	8382.52832	0.02051	11073	1	0.51030	0.33398	1	0.48414	0.40772	1	0.49722	0.37085	1	0.47434	0.53891	11.88034	1.02673	1	0.73796	0.56476	13.33164	1.01907	1	-0.00622	-0.01006	0.66382	0.00373	1	0.06042	-0.01497	0.66318	0.00380	1	1.45898	0.81042	0	
1242751	8382.55469	3304625145671	0.49333	0.32612	8382.52832	0.02637	11073	1	0.51080	0.34446	1	0.48449	0.41102	1	0.49764	0.37774	1	0.47434	0.53890	11.93539	1.01907	1	0.73798	0.56476	13.34954	1.01141	1	-0.00622	-0.01006	0.66382	0.00369	1	0.06042	-0.01497	0.66318	0.00381	1	1.45898	0.81042	0	
1242752	8382.56152	3304625212854	0.49409	0.33575	8382.52832	0.03320	11073	1	0.51173	0.35075	1	0.48412	0.41702	1	0.49792	0.38388	1	0.47424	0.53858	11.33486	1.01141	1	0.73802	0.56386	12.99417	1.00375	1	-0.00622	-0.01006	0.66382	0.00378	1	0.05973	-0.01485	0.65567	0.00419	1	1.45898	0.81042	0	
1242753	8382.56836	3304625279789	0.49329	0.34201	8382.52832	0.04004	11073	1	0.51173	0.35075	0	0.48844	0.37955	1	0.48844	0.37955	1	0.47424	0.53858	11.33486	1.00375	0	0.73800	0.56423	12.83871	1.00375	1	-0.00622	-0.01006	0.66382	0.00378	1	0.05973	-0.01485	0.65567	0.00426	1	1.45898	0.81042	0	
1242754	8382.57520	3304625346675	0.49267	0.34973	8382.52832	0.04688	11073	1	0.51173	0.35075	0	0.48839	0.40382	1	0.48839	0.40382	1	0.47424	0.53858	11.33486	1.00375	0	0.73797	0.56438	12.99417	1.00375	1	-0.00622	-0.01006	0.66382	0.00378	1	0.05973	-0.01485	0.65567	0.00422	1	1.45898	0.81042	0	
1242755	8382.58203	3304625413765	0.49267	0.34973	8382.52832	0.05371	11073	1	0.51173	0.35075	0	0.48839	0.40382	0	0.48839	0.40382	0	0.47424	0.53858	11.33486	1.00375	0	0.73797	0.56438	12.99417	1.00375	0	-0.00622	-0.01006	0.66382	0.00378	1	0.05973	-0.01485	0.65567	0.00422	1	1.45898	0.81042	0	
1242756	8382.58887	3304625481623	0.49267	0.34973	8382.52832	0.06055	11073	1	0.51173	0.35075	0	0.48839	0.40382	0	0.48839	0.40382	0	0.47424	0.53858	11.33486	1.00375	0	0.73797	0.56438	12.99417	1.00375	0	-0.00622	-0.01006	0.66382	0.00378	1	0.05973	-0.01485	0.65567	0.00422	1	1.45898	0.81042	0	
1242757	8382.59570	3304625547643	0.49267	0.34973	8382.52832	0.06738	11073	1	0.51173	0.35075	0	0.48839	0.40382	0	0.48839	0.40382	0	0.47424	0.53858	11.33486	1.00375	0	0.73797	0.56438	12.99417	1.00375	0	-0.00622	-0.01006	0.66382	0.00378	1	0.05973	-0.01485	0.65567	0.00422	1	1.45898	0.81042	0	
1242758	8382.60156	3304625614470	0.49254	0.35516	8382.52832	0.06738	11073	0	0.51173	0.35075	0	0.48839	0.40382	0	0.48839	0.40382	0	0.47424	0.53858	11.33486	1.00375	0	0.73797	0.56438	12.99417	1.00375	0	-0.00622	-0.01006	0.66382	0.00378	1	0.05973	-0.01485	0.65567	0.00422	1	1.45898	0.81042	0	
1242759	8382.60840	3304625681228	0.49254	0.35516	8382.52832	0.06738	11073	0	0.51173	0.35075	0	0.48839	0.40382	0	0.48839	0.40382	0	0.47424	0.53858	11.33486	1.00375	0	0.73797	0.56438	12.99417	1.00375	0	-0.00622	-0.01006	0.66382	0.00378	1	0.05973	-0.01485	0.65567	0.00422	1	1.45898	0.81042	0	
1242760	8382.61523	3304625748245	0.49254	0.35516	8382.52832	0.06738	11073	0	0.51173	0.35075	0	0.48839	0.40382	0	0.48839	0.40382	0	0.47424	0.53858	11.33486	1.00375	0	0.73797	0.56438	12.99417	1.00375	0	-0.00622	-0.01006	0.66382	0.00378	1	0.05973	-0.01485	0.65567	0.00422	1	1.45898	0.81042	0	
1242761	8382.62207	3304625815448	0.00000	0.00000	8382.52832	0.06738	11073	0	0.51173	0.35075	0	0.48839	0.40382	0	0.48839	0.40382	0	0.47424	0.53858	11.33486	1.00375	0	0.73797	0.56438	12.99417	1.00375	0	-0.00622	-0.01006	0.66382	0.00378	1	0.05973	-0.01485	0.65567	0.00422	1	1.45898	0.81042	0	
1242762	8382.62891	3304625882197	0.00000	0.00000	8382.52832	0.06738	11073	0	0.51173	0.35075	0	0.48839	0.40382	0	0.48839	0.40382	0	0.47424	0.53858	11.33486	1.00375	0	0.73797	0.56438	12.99417	1.00375	0	-0.00622	-0.01006	0.66382	0.00378	1	0.05973	-0.01485	0.65567	0.00422	1	1.45898	0.81042	0	
1242763	8382.63477	3304625946395	0.00000	0.00000	8382.52832	0.06738	11073	0	0.51173	0.35075	0	0.48839	0.40382	0	0.48839	0.40382	0	0.47424	0.53858	11.33486	1.00375	0	0.73797	0.56438	12.99417	1.00375	0	-0.00622	-0.01006	0.66382	0.00378	1	0.05973	-0.01485	0.65567	0.00422	1	1.45898	0.81042	0	
1242764	8382.64160	3304626013952	0.50024	0.37395	8382.52832	0.06738	11073	0	0.51168	0.35045	1	0.48881	0.39744	1	0.50024	0.37395	1	0.47408	0.53752	12.16147	1.01177	1	0.73781	0.56495	12.43637	1.01177	1	-0.00646	-0.01036	0.68385	0.00245	1	0.05973	-0.01485	0.65567	0.00404	1	1.45898	0.81042	0	
1242765	8382.64844	3304626079517	0.49818	0.35470	8382.52832	0.06738	11073	0	0.52485	0.33202	1	0.46738	0.33889	1	0.49612	0.33545	1	0.47419	0.53943	11.26458	1.01979	1	0.73758	0.56484	12.18428	1.01979	1	-0.00646	-0.01036	0.68385	0.00390	1	0.05973	-0.01485	0.65567	0.00412	1	1.45898	0.81042	0	
1242766	8382.65527	3304626149903	0.49748	0.31675	8382.52832	0.06738	11073	0	0.51804	0.16491	1	0.47410	0.31677	1	0.49607	0.24084	1	0.47417	0.53756	12.29839	1.02780	1	0.73771	0.56481	12.32202	1.02780	1	-0.00646	-0.01036	0.68385	0.00248	1	0.05973	-0.01485	0.65567	0.00417	1	1.45898	0.81042	0	
1242767	8382.66211	3304626213739	0.49603	0.26881	8382.52832	0.06738	11073	0	0.51713	0.15699	1	0.47469	0.30328	1	0.49591	0.23014	1	0.47392	0.53993	11.76556	1.03582	1	0.73774	0.56451	12.19432	1.04348	1	-0.00646	-0.01036	0.68385	0.00371	1	0.06155	-0.01542	0.67617	0.00430	1	1.45898	0.81042	0	
1242768	8382.66895	3304626281019	0.49218	0.28206	8382.52832	0.06738	11073	0	0.50860	0.27970	1	0.46805	0.31092	1	0.48832	0.29531	1	0.47403	0.53898	11.69074	1.04348	1	0.73762	0.56484	12.23883	1.05114	1	-0.00646	-0.01036	0.68385	0.00406	1	0.06155	-0.01542	0.67617	0.00413	1	1.45898	0.81042	0	
1242769	8382.67480	3304626346586	0.49167	0.28201	8382.52832	0.06738	11073	0	0.51165	0.31208	1	0.46968	0.25176	1	0.49066	0.28192	1	0.47400	0.53943	11.99372	1.05114	1	0.73763	0.56448	12.16952	1.05880	1	-0.00646	-0.01036	0.68385	0.00382	1	0.06155	-0.01542	0.67617	0.00427	1	1.45898	0.81042	0	
1242770	8382.68262	3304626418831	0.49134	0.28034	8382.66211	0.02051	11074	1	0.51076	0.30575	1	0.46993	0.24490	1	0.49034	0.27533	1	0.47384	0.53992	11.90386	1.05880	1	0.73770	0.56413	11.96699	1.06646	1	-0.00646	-0.01036	0.68385	0.00374	1	0.06207	-0.01549	0.68184	0.00428	1	1.45898	0.81042	0	
1242771	8382.68848	3304626483332	0.49090	0.26519	8382.66211	0.02637	11074	1	0.50270	0.12264	1	0.47561	0.28651	1	0.48915	0.20458	1	0.47400	0.53760	12.34375	1.06646	1	0.73772	0.56465	12.17326	1.06646	1	-0.00646	-0.01036	0.68385	0.00242	1	0.06207	-0.01549	0.68184	0.00420	1	1.45898	0.81042	0	
1242772	8382.69531	3304626549928	0.48993	0.26897	8382.66211	0.03320	11074	1	0.50040	0.32041	1	0.46970	0.25538	1	0.48505	0.28789	1	0.47387	0.53982	11.86910	1.06646	1	0.73767	0.56443	12.01069	1.06646	1	-0.00646	-0.01036	0.68385	0.00376	1	0.06207	-0.01549	0.68184	0.00420	1	1.45898	0.81042	0	
1242773	8382.70215	3304626615095	0.48704	0.26703	8382.66211	0.04004	11074	1	0.50040	0.32041	0	0.46970	0.25538	1	0.46970	0.25538	1	0.47387	0.53982	11.86910	1.06646	0	0.73768	0.56456	12.46068	1.06646	1	-0.00646	-0.01036	0.68385	0.00376	1	0.06207	-0.01549	0.68184	0.00418	1	1.45898	0.81042	0	
1242774	8382.70898	3304626682150	0.48591	0.26618	8382.66211	0.04688	11074	1	0.50040	0.32041	0	0.47800	0.26019	1	0.47800	0.26019	1	0.47387	0.53982	11.86910	1.06646	0	0.73735	0.56438	12.52841	1.06646	1	-0.00646	-0.01036	0.68385	0.00376	1	0.06207	-0.01549	0.68184	0.00432	1	1.45898	0.81042	0	
1242775	8382.71582	3304626750216	0.48460	0.26713	8382.66211	0.05371	11074	1	0.50040	0.32041	0	0.47418	0.27475	1	0.47418	0.27475	1	0.47387	0.53982	11.86910	1.06646	0	0.73769	0.56450	12.42490	1.06646	1	-0.00646	-0.01036	0.68385	0.00376	1	0.06207	-0.01549	0.68184	0.00420	1	1.45898	0.81042	0	
1242776	8382.72266	3304626820473	0.48460	0.26713	8382.66211	0.06055	11074	1	0.50040	0.32041	0	0.47418	0.27475	0	0.47418	0.27475	0	0.47387	0.53982	11.86910	1.06646	0	0.73769	0.56450	12.42490	1.06646	0	-0.00646	-0.01036	0.68385	0.00376	1	0.06207	-0.01549	0.68184	0.00420	1	1.45898	0.81042	0	
1242777	8382.72949	3304626886911	0.48460	0.26713	8382.66211	0.06738	11074	1	0.50040	0.32041	0	0.47418	0.27475	0	0.47418	0.27475	0	0.47387	0.53982	11.86910	1.06646	0	0.73769	0.56450	12.42490	1.06646	0	-0.00646	-0.01036	0.68385	0.00376	1	0.06207	-0.01549	0.68184	0.00420	1	1.45898	0.81042	0	
1242778	8382.73633	3304626953888	0.48460	0.26713	8382.66211	0.07422	11074	1	0.50040	0.32041	0	0.47418	0.27475	0	0.47418	0.27475	0	0.47387	0.53982	11.86910	1.06646	0	0.73769	0.56450	12.42490	1.06646	0	-0.00646	-0.01036	0.68385	0.00376	1	0.06207	-0.01549	0.68184	0.00420	1	1.45898	0.81042	0	
1242779	8382.74316	3304627021946	0.48318	0.26692	8382.66211	0.07422	11074	0	0.50040	0.32041	0	0.47418	0.27475	0	0.47418	0.27475	0	0.47387	0.53982	11.86910	1.06646	0	0.73769	0.56450	12.42490	1.06646	0	-0.00646	-0.01036	0.68385	0.00376	1	0.06207	-0.01549	0.68184	0.00420	1	1.45898	0.81042	0	
1242780	8382.74902	3304627086614	0.48318	0.26692	8382.66211	0.07422	11074	0	0.50040	0.32041	0	0.47418	0.27475	0	0.47418	0.27475	0	0.47387	0.53982	11.86910	1.06646	0	0.73769	0.56450	12.42490	1.06646	0	-0.00646	-0.01036	0.68385	0.00376	1	0.06207	-0.01549	0.68184	0.00420	1	1.45898	0.81042	0	
1242781	8382.75586	3304627154746	0.48318	0.26692	8382.66211	0.07422	11074	0	0.50040	0.32041	0	0.47418	0.27475	0	0.47418	0.27475	0	0.47387	0.53982	11.86910	1.06646	0	0.73769	0.56450	12.42490	1.06646	0	-0.00646	-0.01036	0.68385	0.00376	1	0.06207	-0.01549	0.68184	0.00420	1	1.45898	0.81042	0	
1242782	8382.76270	3304627222110	0.00000	0.00000	8382.66211	0.07422	11074	0	0.50040	0.32041	0	0.47418	0.27475	0	0.47418	0.27475	0	0.47387	0.53982	11.86910	1.06646	0	0.73769	0.56450	12.42490	1.06646	0	-0.00646	-0.01036	0.68385	0.00376	1	0.06207	-0.01549	0.68184	0.00420	1	1.45898	0.81042	0	
1242783	8382.76953	3304627288983	0.00000	0.00000	8382.66211	0.07422	11074	0	0.50040	0.32041	0	0.47418	0.27475	0	0.47418	0.27475	0	0.47387	0.53982	11.86910	1.06646	0	0.73769	0.56450	12.42490	1.06646	0	-0.00646	-0.01036	0.68385	0.00376	1	0.06207	-0.01549	0.68184	0.00420	1	1.45898	0.81042	0	
1242784	8382.77637	3304627356456	0.24304	0.14555	8382.66211	0.07422	11074	0	0.50040	0.32041	0	0.48609	0.29110	1	0.48609	0.29110	1	0.47387	0.53982	11.86910	1.06646	0	0.73749	0.56380	12.04967	1.06646	1	-0.00646	-0.01036	0.68385	0.00376	1	0.06207	-0.01549	0.68184	0.00430	1	1.45898	0.81042	0	
1242785	8382.78320	3304627423180	0.48609	0.29110	8382.66211	0.07422	11074	0	0.50040	0.32041	0	0.48609	0.29110	0	0.48609	0.29110	0	0.47387	0.53982	11.86910	1.06646	0	0.73749	0.56380	12.04967	1.06646	0	-0.00646	-0.01036	0.68385	0.00376	1	0.06207	-0.01549	0.68184	0.00430	1	1.45898	0.81042	0	
1242786	8382.78906	3304627490080	0.48609	0.29110	8382.66211	0.07422	11074	0	0.50040	0.32041	0	0.48609	0.29110	0	0.48609	0.29110	0	0.47387	0.53982	11.86910	1.06646	0	0.73749	0.56380	12.04967	1.06646	0	-0.00646	-0.01036	0.68385	0.00376	1	0.06207	-0.01549	0.68184	0.00430	1	1.45898	0.81042	0	
1242787	8382.79590	3304627556960	0.48609	0.29110	8382.66211	0.07422	11074	0	0.50040	0.32041	0	0.48609	0.29110	0	0.48609	0.29110	0	0.47387	0.53982	11.86910	1.06646	0	0.73749	0.56380	12.04967	1.06646	0	-0.00646	-0.01036	0.68385	0.00376	1	0.06207	-0.01549	0.68184	0.00430	1	1.45898	0.81042	0	
1242788	8382.80273	3304627624193	0.00000	0.00000	8382.66211	0.07422	11074	0	0.50040	0.32041	0	0.48609	0.29110	0	0.48609	0.29110	0	0.47387	0.53982	11.86910	1.06646	0	0.73749	0.56380	12.04967	1.06646	0	-0.00646	-0.01036	0.68385	0.00376	1	0.06207	-0.01549	0.68184	0.00430	1	1.45898	0.81042	0	
1242789	8382.80957	3304627688592	0.00000	0.00000	8382.66211	0.07422	11074	0	0.50040	0.32041	0	0.48609	0.29110	0	0.48609	0.29110	0	0.47387	0.53982	11.86910	1.06646	0	0.73749	0.56380	12.04967	1.06646	0	-0.00646	-0.01036	0.68385	0.00376	1	0.06207	-0.01549	0.68184	0.00430	1	1.45898	0.81042	0	
1242790	8382.81641	3304627758460	0.00000	0.00000	8382.66211	0.07422	11074	0	0.50040	0.32041	0	0.48609	0.29110	0	0.48609	0.29110	0	0.47387	0.53982	11.86910	1.06646	0	0.73749	0.56380	12.04967	1.06646	0	-0.00646	-0.01036	0.68385	0.00376	1	0.06207	-0.01549	0.68184	0.00430	1	1.45898	0.81042	0	
1242791	8382.82324	3304627824791	0.00000	0.00000	8382.66211	0.07422	11074	0	0.50040	0.32041	0	0.48609	0.29110	0	0.48609	0.29110	0	0.47387	0.53982	11.86910	1.06646	0	0.73749	0.56380	12.04967	1.06646	0	-0.00646	-0.01036	0.68385	0.00376	1	0.06207	-0.01549	0.68184	0.00430	1	1.45898	0.81042	0	
1242792	8382.83008	3304627892021	0.00000	0.00000	8382.66211	0.07422	11074	0	0.50040	0.32041	0	0.48609	0.29110	0	0.48609	0.29110	0	0.47387	0.53982	11.86910	1.06646	0	0.73749	0.56380	12.04967	1.06646	0	-0.00646	-0.01036	0.68385	0.00376	1	0.06207	-0.01549	0.68184	0.00430	1	1.45898	0.81042	0	
1242793	8382.83594	3304627958936	0.00000	0.00000	8382.66211	0.07422	11074	0	0.50040	0.32041	0	0.48609	0.29110	0	0.48609	0.29110	0	0.47387	0.53982	11.86910	1.06646	0	0.73749	0.56380	12.04967	1.06646	0	-0.00646	-0.01036	0.68385	0.00376	1	0.06207	-0.01549	0.68184	0.00430	1	1.45898	0.81042	0	
1242794	8382.84277	3304628026113	0.48609	0.29110	8382.66211	0.07422	11074	0	0.50040	0.32041	0	0.48609	0.29110	1	0.48609	0.29110	1	0.47459	0.53958	11.27968	1.06646	0	0.47459	0.53958	11.27968	1.06646	1	-0.00646	-0.01036	0.68385	0.00376	1	-0.00646	-0.01036	0.68385	0.00390	1	1.45898	0.81042	0	
1242795	8382.84961	3304628092730	0.43651	0.28585	8382.66211	0.07422	11074	0	0.50040	0.32041	0	0.38693	0.28061	1	0.38693	0.28061	1	0.47459	0.53958	11.27968	1.06646	0	0.47453	0.53983	11.47743	1.06646	1	-0.00646	-0.01036	0.68385	0.00376	1	-0.00646	-0.01036	0.68385	0.00382	1	1.45898	0.81042	0	
1242796	8382.85645	3304628159735	0.41686	0.20367	8382.66211	0.07422	11074	0	0.50040	0.32041	0	0.37755	0.03931	1	0.37755	0.03931	1	0.47459	0.53958	11.27968	1.06646	0	0.47436	0.53735	12.39269	1.06646	1	-0.00646	-0.01036	0.68385	0.00376	1	-0.00646	-0.01036	0.68385	0.00241	1	1.45898	0.81042	0	
1242797	8382.86328	3304628228076	0.38068	0.11974	8382.66211	0.07422	11074	0	0.50040	0.32041	0	0.37755	0.03931	1	0.37755	0.03931	1	0.47459	0.53958	11.27968	1.06646	0	0.47500	0.53966	12.24402	1.06646	1	-0.00646	-0.01036	0.68385	0.00376	1	-0.00640	-0.01042	0.68795	0.00375	1	1.45898	0.81042	0	
1242798	8382.87012	3304628294242	0.39971	0.19571	8382.66211	0.07422	11074	0	0.50040	0.32041	0	0.41874	0.27167	1	0.41874	0.27167	1	0.47459	0.53958	11.27968	1.06646	0	0.47500	0.53969	12.12550	1.06646	1	-0.00646	-0.01036	0.68385	0.00376	1	-0.00640	-0.01042	0.68795	0.00376	1	1.45898	0.81042	0	
1242799	8382.87695	3304628361650	0.39168	0.21668	8382.66211	0.07422	11074	0	0.50040	0.32041	0	0.37561	0.25864	1	0.37561	0.25864	1	0.47459	0.53958	11.27968	1.06646	0	0.47475	0.53952	12.21701	1.06646	1	-0.00646	-0.01036	0.68385	0.00376	1	-0.00640	-0.01042	0.68795	0.00385	1	1.45898	0.81042	0	
1242800	8382.88281	3304628427824	0.41078	0.27328	8382.66211	0.07422	11074	0	0.50040	0.32041	1	0.37561	0.25864	1	0.43801	0.28952	1	0.47495	0.53935	12.22166	1.06646	1	0.73782	0.56476	13.13319	1.06646	1	-0.00634	-0.01050	0.69338	0.00395	1	0.06253	-0.01551	0.68468	0.00407	1	1.45898	0.81042	0	
1242801	8382.88965	3304628494948	0.45310	0.30315	8382.66211	0.07422	11074	0	0.52748	0.28584	1	0.46337	0.38021	1	0.49542	0.33303	1	0.47506	0.53954	12.57434	1.06646	1	0.73833	0.56485	12.61403	1.06646	1	-0.00634	-0.01050	0.69338	0.00388	1	0.06253	-0.01551	0.68468	0.00403	1	1.45898	0.81042	0	
1242802	8382.89648	3304628562256	0.46634	0.31828	8382.66211	0.07422	11074	0	0.54022	0.35032	1	0.44542	0.34673	1	0.49282	0.34853	1	0.47528	0.53969	12.55026	1.06646	1	0.73798	0.56459	13.17300	1.06646	1	-0.00634	-0.01050	0.69338	0.00404	1	0.06253	-0.01551	0.68468	0.00380	1	1.45898	0.81042	0	
1242803	8382.90332	3304628628853	0.49369	0.34336	8382.66211	0.07422	11074	0	0.54022	0.35032	1	0.44542	0.34673	1	0.49282	0.34853	1	0.47481	0.53912	11.97049	1.06646	1	0.73847	0.56499	13.02159	1.06646	1	-0.00634	-0.01050	0.69338	0.00392	1	0.06253	-0.01551	0.68468	0.00381	1	1.45898	0.81042	0	
1242804	8382.91016	3304628696491	0.48975	0.34341	8382.66211	0.07422	11074	0	0.48320	0.31398	1	0.48841	0.37294	1	0.48581	0.34346	1	0.47468	0.53917	12.05634	1.06646	1	0.73879	0.56459	13.49229	1.06646	1	-0.00634	-0.01050	0.69338	0.00389	1	0.06253	-0.01551	0.68468	0.00378	1	1.45898	0.81042	0	
1242805	8382.91699	3304628762728	0.48731	0.32123	8382.66211	0.07422	11074	0	0.47889	0.26208	1	0.48597	0.29164	1	0.48243	0.27686	1	0.47465	0.53879	12.08919	1.06646	1	0.73868	0.56384	12.36406	1.06646	1	-0.00634	-0.01050	0.69338	0.00375	1	0.06253	-0.01551	0.68468	0.00419	1	1.45898	0.81042	0	
1242806	8382.92383	3304628829566	0.48600	0.31168	8382.90332	0.02051	11075	1	0.47889	0.26208	1	0.48530	0.30399	1	0.48209	0.28304	1	0.47551	0.53902	11.87415	1.06646	1	0.73887	0.56478	13.41999	1.05199	1	-0.00617	-0.01033	0.68528	0.00400	1	0.05877	-0.01455	0.64248	0.00381	1	1.45898	0.81042	0	
1242807	8382.93066	3304628897200	0.49003	0.31386	8382.90332	0.02734	11075	1	0.53932	0.27885	1	0.47290	0.36632	1	0.50611	0.32259	1	0.47564	0.53869	12.06499	1.05199	1	0.73883	0.56448	13.42309	1.03752	1	-0.00617	-0.01033	0.68528	0.00388	1	0.05877	-0.01455	0.64248	0.00387	1	1.45898	0.81042	0	
1242808	8382.93652	3304628963764	0.49272	0.31345	8382.90332	0.03320	11075	1	0.54188	0.25215	1	0.47053	0.37070	1	0.50620	0.31142	1	0.47568	0.53847	11.93927	1.03752	1	0.73878	0.56429	13.17299	1.02306	1	-0.00617	-0.01033	0.68528	0.00384	1	0.05877	-0.01455	0.64248	0.00393	1	1.45898	0.81042	0	
1242809	8382.94336	3304629030622	0.49474	0.31409	8382.90332	0.04004	11075	1	0.54322	0.26507	1	0.47053	0.37070	1	0.50687	0.31789	1	0.47587	0.53885	12.50497	1.02306	1	0.73865	0.56474	13.39541	1.02306	1	-0.00593	-0.01011	0.67047	0.00400	1	0.06248	-0.01545	0.68191	0.00390	1	1.45898	0.81042	0	
1242810	8382.95020	3304629096601	0.49297	0.32050	8382.90332	0.04688	11075	1	0.51858	0.34821	1	0.44249	0.38253	1	0.48053	0.36537	1	0.47558	0.53878	12.32445	1.02306	1	0.73875	0.56459	13.21742	1.03752	1	-0.00593	-0.01011	0.67047	0.00394	1	0.06248	-0.01545	0.68191	0.00384	1	1.45898	0.81042	0	
1242811	8382.95703	3304629165414	0.49098	0.32477	8382.90332	0.05371	11075	1	0.50829	0.33230	1	0.44179	0.38566	1	0.47504	0.35898	1	0.47551	0.53869	12.10702	1.03752	1	0.73881	0.56482	13.14522	1.05199	1	-0.00593	-0.01011	0.67047	0.00398	1	0.06248	-0.01545	0.68191	0.00397	1	1.45898	0.81042	0	
1242812	8382.96387	3304629231633	0.48930	0.32734	8382.90332	0.06055	11075	1	0.50655	0.32047	1	0.44184	0.38040	1	0.47419	0.35043	1	0.47567	0.53800	11.92135	1.05199	1	0.73950	0.56443	13.30406	1.05880	1	-0.00601	-0.01014	0.67928	0.00415	1	0.05994	-0.01481	0.65368	0.00386	1	1.45898	0.81042	0	
1242813	8382.97070	3304629298474	0.48946	0.32497	8382.90332	0.06738	11075	1	0.49708	0.22445	1	0.48508	0.37801	1	0.49108	0.30123	1	0.47580	0.53767	11.95812	1.05880	1	0.73949	0.56463	12.88692	1.05114	1	-0.00601	-0.01014	0.67928	0.00410	1	0.05994	-0.01481	0.65368	0.00383	1	1.45898	0.81042	0	
1242814	8382.97656	3304629363591	0.49155	0.32576	8382.90332	0.07324	11075	1	0.53042	0.30862	1	0.49875	0.36032	1	0.51459	0.33447	1	0.47625	0.53844	11.77317	1.05114	1	0.73969	0.56453	12.92832	1.04348	1	-0.00601	-0.01014	0.67928	0.00416	1	0.05994	-0.01481	0.65368	0.00385	1	1.45898	0.81042	0	
1242815	8382.98340	3304629433350	0.49332	0.32712	8382.90332	0.08008	11075	1	0.53119	0.31497	1	0.49789	0.37201	1	0.51454	0.34349	1	0.47591	0.53648	12.76996	1.04348	1	0.73953	0.56440	13.18336	1.02901	1	-0.00595	-0.01016	0.68393	0.00247	1	0.05880	-0.01451	0.64073	0.00394	1	1.45898	0.81042	0	
1242816	8382.99023	3304629499591	0.49426	0.32978	8382.90332	0.08691	11075	1	0.54680	0.37891	1	0.46599	0.34991	1	0.50640	0.36441	1	0.47648	0.53918	12.42562	1.02901	1	0.73955	0.56402	13.12582	1.02220	1	-0.00595	-0.01016	0.68393	0.00378	1	0.05880	-0.01451	0.64073	0.00401	1	1.45898	0.81042	0	
1242817	8382.99707	3304629566834	0.49420	0.33355	8382.90332	0.09375	11075	1	0.52437	0.38570	1	0.46233	0.38697	1	0.49335	0.38634	1	0.47641	0.53916	12.51202	1.02220	1	0.73951	0.56442	13.03067	1.01540	1	-0.00595	-0.01016	0.68393	0.00382	1	0.05880	-0.01451	0.64073	0.00400	1	1.45898	0.81042	0	
1242818	8383.00391	3304629633885	0.49417	0.33683	8382.90332	0.10059	11075	1	0.52512	0.39099	1	0.46254	0.38083	1	0.49383	0.38591	1	0.47654	0.53904	12.11119	1.01540	1	0.73969	0.56427	12.69056	1.02306	1	-0.00584	-0.01015	0.68362	0.00391	1	0.06158	-0.01512	0.66985	0.00399	1	1.45898	0.81042	0	
1242819	8383.01074	3304629700513	0.49348	0.33784	8382.90332	0.10742	11075	1	0.51503	0.32285	1	0.44986	0.38536	1	0.48244	0.35410	1	0.47647	0.53846	12.09829	1.02306	1	0.73967	0.56457	13.07098	1.03752	1	-0.00584	-0.01015	0.68362	0.00389	1	0.06158	-0.01512	0.66985	0.00405	1	1.45898	0.81042	0	
1242820	8383.01758	3304629767961	0.49327	0.33624	8382.90332	0.11426	11075	1	0.51677	0.29640	1	0.46266	0.32165	1	0.48971	0.30902	1	0.47636	0.53833	11.91884	1.03752	1	0.73989	0.56412	12.82921	1.05199	1	-0.00584	-0.01015	0.68362	0.00395	1	0.06158	-0.01512	0.66985	0.00424	1	1.45898	0.81042	0	
1242821	8383.02441	3304629834459	0.49305	0.33417	8382.90332	0.12109	11075	1	0.51513	0.28407	1	0.46303	0.30956	1	0.48908	0.29682	1	0.47646	0.53867	12.10530	1.05199	1	0.74016	0.56410	13.29665	1.06646	1	-0.00584	-0.01015	0.68362	0.00404	1	0.06277	-0.01547	0.68285	0.00414	1	1.45898	0.81042	0	
1242822	8383.03027	3304629901423	0.49404	0.33368	8382.90332	0.12695	11075	1	0.52941	0.32293	1	0.49608	0.32589	1	0.51275	0.32441	1	0.47660	0.53843	12.02329	1.06646	1	0.74042	0.56431	13.28313	1.06646	1	-0.00584	-0.01015	0.68362	0.00400	1	0.06277	-0.01547	0.68285	0.00395	1	1.45898	0.81042	0	
1242823	8383.03711	3304629967467	0.49382	0.33375	8382.90332	0.13379	11075	1	0.49360	0.33150	1	0.48534	0.33862	1	0.48947	0.33506	1	0.47651	0.53833	11.96137	1.06646	1	0.74027	0.56438	13.46093	1.06646	1	-0.00584	-0.01015	0.68362	0.00396	1	0.06277	-0.01547	0.68285	0.00395	1	1.45898	0.81042	0	
1242824	8383.04395	3304630035920	0.49361	0.33395	8382.90332	0.14062	11075	1	0.49360	0.33150	1	0.48498	0.34482	1	0.48929	0.33816	1	0.47666	0.53838	11.73561	1.06646	1	0.74022	0.56436	13.79601	1.05880	1	-0.00584	-0.01015	0.68362	0.00394	1	0.06067	-0.01484	0.65948	0.00393	1	1.45898	0.81042	0	
1242825	8383.05078	3304630102771	0.49370	0.33383	8382.90332	0.14746	11075	1	0.51583	0.32108	1	0.47550	0.34160	1	0.49567	0.33134	1	0.47685	0.53844	11.70494	1.05880	1	0.74011	0.56426	13.94867	1.05114	1	-0.00584	-0.01015	0.68362	0.00395	1	0.06067	-0.01484	0.65948	0.00395	1	1.45898	0.81042	0	
1242826	8383.05762	3304630168448	0.49392	0.33229	8382.90332	0.15430	11075	1	0.50312	0.28212	1	0.49484	0.31170	1	0.49898	0.29691	1	0.47668	0.53776	12.17390	1.05114	1	0.74036	0.56394	13.23085	1.04348	1	-0.00584	-0.01015	0.68362	0.00377	1	0.06067	-0.01484	0.65948	0.00402	1	1.45898	0.81042	0	
1242827	8383.06445	3304630235361	0.49413	0.33126	8382.90332	0.16113	11075	1	0.50406	0.28867	1	0.49403	0.32406	1	0.49905	0.30637	1	0.47691	0.53828	12.50018	1.04348	1	0.74043	0.56433	13.07287	1.02901	1	-0.00566	-0.01002	0.67443	0.00370	1	0.05741	-0.01408	0.62358	0.00396	1	1.45898	0.81042	0	
1242828	8383.07031	3304630301062	0.49473	0.33120	8382.90332	0.16699	11075	1	0.52340	0.30482	1	0.49603	0.35458	1	0.50972	0.32970	1	0.47691	0.53792	11.90157	1.02901	1	0.74046	0.56415	13.04031	1.02220	1	-0.00566	-0.01002	0.67443	0.00393	1	0.05741	-0.01408	0.62358	0.00399	1	1.45898	0.81042	0	
1242829	8383.07715	3304630367228	0.49541	0.33211	8382.90332	0.17383	11075	1	0.53316	0.33707	1	0.49293	0.37478	1	0.51305	0.35592	1	0.47705	0.53804	11.96947	1.02220	1	0.74039	0.56433	13.07302	1.01540	1	-0.00566	-0.01002	0.67443	0.00383	1	0.05741	-0.01408	0.62358	0.00402	1	1.45898	0.81042	0	
1242830	8383.08398	3304630435128	0.49605	0.33306	8382.90332	0.18066	11075	1	0.53385	0.34268	1	0.49293	0.37478	1	0.51339	0.35873	1	0.47716	0.53751	12.06072	1.01540	1	0.74037	0.56427	13.03596	1.01540	1	-0.00566	-0.00996	0.67443	0.00417	1	0.06007	-0.01472	0.65193	0.00398	1	1.45898	0.81042	0	
1242831	8383.09082	3304630501697	0.49629	0.33301	8382.90332	0.18750	11075	1	0.53808	0.30618	1	0.46815	0.35691	1	0.50312	0.33155	1	0.47721	0.53774	12.06466	1.01540	1	0.74031	0.56423	13.10340	1.02220	1	-0.00566	-0.00996	0.67443	0.00399	1	0.06007	-0.01472	0.65193	0.00405	1	1.45898	0.81042	0	
1242832	8383.09766	3304630568324	0.49697	0.33363	8382.90332	0.19434	11075	1	0.55685	0.35430	1	0.47661	0.34903	1	0.51673	0.35167	1	0.47741	0.53823	12.14120	1.02220	1	0.74048	0.56413	12.70167	1.02901	1	-0.00566	-0.00996	0.67443	0.00383	1	0.06007	-0.01472	0.65193	0.00399	1	1.45898	0.81042	0	
1242833	8383.10352	3304630634675	0.49761	0.33393	8382.90332	0.20020	11075	1	0.55630	0.34882	1	0.47718	0.33704	1	0.51674	0.34293	1	0.47729	0.53809	11.88830	1.02901	1	0.74087	0.56391	12.47200	1.04348	1	-0.00556	-0.00996	0.67422	0.00385	1	0.06294	-0.01541	0.68245	0.00405	1	1.45898	0.81042	0	
1242834	8383.11035	3304630702480	0.49770	0.33434	8382.90332	0.20703	11075	1	0.53274	0.35481	1	0.46826	0.33909	1	0.50050	0.34695	1	0.47743	0.53858	12.80023	1.04348	1	0.74078	0.56433	12.29943	1.05114	1	-0.00556	-0.00996	0.67422	0.00373	1	0.06294	-0.01541	0.68245	0.00415	1	1.45898	0.81042	0	
1242835	8383.11719	3304630767409	0.49771	0.33316	8382.90332	0.21387	11075	1	0.51929	0.27323	1	0.47652	0.31737	1	0.49790	0.29530	1	0.47728	0.53767	12.09360	1.05114	1	0.74086	0.56420	12.57787	1.05880	1	-0.00556	-0.00996	0.67422	0.00417	1	0.06294	-0.01541	0.68245	0.00411	1	1.45898	0.81042	0	
1242836	8383.12402	3304630832409	0.49770	0.33185	8382.90332	0.22070	11075	1	0.51845	0.26662	1	0.47681	0.31097	1	0.49763	0.28880	1	0.47709	0.53783	11.88275	1.05880	1	0.74091	0.56460	13.82664	1.06646	1	-0.00561	-0.01011	0.68055	0.00376	1	0.06224	-0.01529	0.67487	0.00408	1	1.45898	0.81042	0	
1242837	8383.13086	3304630903939	0.49799	0.33156	8382.90332	0.22754	11075	1	0.51503	0.33697	1	0.50056	0.30622	1	0.50780	0.32159	1	0.47721	0.53810	11.86764	1.06646	1	0.74131	0.56417	13.13046	1.06646	1	-0.00561	-0.01011	0.68055	0.00387	1	0.06224	-0.01529	0.67487	0.00403	1	1.45898	0.81042	0	
1242838	8383.13770	3304630973067	0.49839	0.33247	8382.90332	0.23438	11075	1	0.54097	0.38308	1	0.48333	0.34534	1	0.51215	0.36421	1	0.47795	0.53861	12.60550	1.06646	1	0.74097	0.56421	13.53903	1.06646	1	-0.00561	-0.01011	0.68055	0.00402	1	0.06224	-0.01529	0.67487	0.00400	1	1.45898	0.81042	0	
1242839	8383.14453	3304631040262	0.49875	0.33341	8382.90332	0.24121	11075	1	0.54097	0.38308	1	0.48299	0.35150	1	0.51198	0.36729	1	0.47741	0.53790	12.32221	1.06646	1	0.74127	0.56443	13.35443	1.05880	1	-0.00561	-0.01011	0.68055	0.00393	1	0.06191	-0.01519	0.67069	0.00394	1	1.45898	0.81042	0	
1242840	8383.15137	3304631105959	0.49850	0.33404	8382.90332	0.24805	11075	1	0.49697	0.38200	1	0.48125	0.33300	1	0.48911	0.35750	1	0.47728	0.53833	11.93437	1.05880	1	0.74099	0.56423	13.84142	1.05114	1	-0.00561	-0.01011	0.68055	0.00391	1	0.06191	-0.01519	0.67069	0.00395	1	1.45898	0.81042	0	
1242841	8383.15820	3304631172991	0.49867	0.33549	8382.90332	0.25488	11075	1	0.52328	0.38493	1	0.48714	0.39625	1	0.50521	0.39059	1	0.47770	0.53844	11.15054	1.05114	1	0.74109	0.56465	13.69390	1.04348	1	-0.00561	-0.01011	0.68055	0.00401	1	0.06191	-0.01519	0.67069	0.00384	1	1.45898	0.81042	0	
1242842	8383.16504	3304631241122	0.49883	0.33684	8382.90332	0.26172	11075	1	0.52313	0.38385	1	0.48721	0.39515	1	0.50517	0.38950	1	0.47814	0.53881	11.97777	1.05257	1	0.74128	0.56444	13.14272	1.04491	1	-0.00580	-0.01053	0.70908	0.00396	1	0.06108	-0.01496	0.66068	0.00384	1	1.45898	0.81042	0	
1242843	8383.17090	3304631307971	0.49880	0.33650	8382.90332	0.26758	11075	1	0.49785	0.29112	1	0.49688	0.35475	1	0.49737	0.32293	1	0.47747	0.53788	12.69687	1.05399	1	0.74128	0.56434	13.23380	1.05399	1	-0.00580	-0.01053	0.70908	0.00393	1	0.06108	-0.01496	0.66068	0.00391	1	1.45898	0.81042	0	
1242844	8383.17773	3304631375160	0.49872	0.33653	8382.90332	0.27441	11075	1	0.51689	0.32464	1	0.47428	0.35068	1	0.49559	0.33766	1	0.47756	0.53834	12.61546	1.06308	1	0.74128	0.56434	13.23380	1.06308	1	-0.00580	-0.01053	0.70908	0.00393	1	0.06108	-0.01496	0.66068	0.00391	1	1.45898	0.81042	0	
1242845	8383.18457	3304631442135	0.49865	0.33656	8382.90332	0.28125	11075	1	0.51689	0.32464	1	0.47428	0.35068	1	0.49559	0.33766	1	0.47795	0.53827	11.94786	1.06308	1	0.74118	0.56450	13.58289	1.06308	1	-0.00550	-0.01008	0.67902	0.00404	1	0.06108	-0.01496	0.66068	0.00385	1	1.45898	0.81042	0	
1242846	8383.19141	3304631508939	0.49866	0.33673	8382.90332	0.28809	11075	1	0.53629	0.34016	1	0.46234	0.34864	1	0.49931	0.34440	1	0.47791	0.53829	12.02406	1.05399	1	0.74103	0.56436	13.29755	1.05399	1	-0.00550	-0.01008	0.67902	0.00398	1	0.06108	-0.01496	0.66068	0.00390	1	1.45898	0.81042	0	
1242847	8383.19824	3304631576157	0.49874	0.33727	8382.90332	0.29492	11075	1	0.54613	0.33768	1	0.45838	0.38355	1	0.50225	0.36062	1	0.47810	0.53833	12.03172	1.04491	1	0.74102	0.56485	13.55903	1.04491	1	-0.00550	-0.01008	0.67902	0.00392	1	0.06108	-0.01496	0.66068	0.00402	1	1.45898	0.81042	0	
1242848	8383.20508	3304631642625	0.49883	0.33793	8382.90332	0.30176	11075	1	0.54693	0.34500	1	0.45818	0.39065	1	0.50255	0.36783	1	0.47808	0.53879	12.15015	1.03582	1	0.74088	0.56483	13.16436	1.03582	1	-0.00550	-0.01008	0.67902	0.00379	1	0.05959	-0.01465	0.64455	0.00398	1	1.45898	0.81042	0	
1242849	8383.21191	3304631710243	0.49887	0.33805	8382.90332	0.30859	11075	1	0.54864	0.35208	1	0.45343	0.33518	1	0.50104	0.34363	1	0.47805	0.53884	12.55586	1.03582	1	0.74095	0.56497	13.21618	1.03582	1	-0.00550	-0.01008	0.67902	0.00375	1	0.05959	-0.01465	0.64455	0.00406	1	1.45898	0.81042	0	
1242850	8383.21875	3304631778301	0.49914	0.33786	8382.90332	0.31543	11075	1	0.55755	0.36723	1	0.46575	0.29097	1	0.51165	0.32910	1	0.47817	0.53918	12.68370	1.03582	1	0.74102	0.56452	12.76856	1.03582	1	-0.00550	-0.01008	0.67902	0.00375	1	0.05959	-0.01465	0.64455	0.00441	1	1.45898	0.81042	0	
1242851	8383.22461	3304631843701	0.49952	0.33750	8382.90332	0.32129	11075	1	0.55755	0.36723	1	0.46597	0.28424	1	0.51176	0.32574	1	0.47799	0.53936	12.53607	1.03582	1	0.74172	0.56459	12.07275	1.04348	1	-0.00544	-0.01016	0.68402	0.00381	1	0.06431	-0.01585	0.69504	0.00435	1	1.45898	0.81042	0	
1242852	8383.23145	3304631911002	0.49992	0.33521	8382.90332	0.32812	11075	1	0.50992	0.14312	1	0.49994	0.32393	1	0.50493	0.23353	1	0.47790	0.53697	12.89710	1.04348	1	0.74205	0.56530	12.98383	1.05114	1	-0.00544	-0.01016	0.68402	0.00257	1	0.06431	-0.01585	0.69504	0.00397	1	1.45898	0.81042	0	
1242853	8383.23828	3304631977852	0.49940	0.33318	8382.90332	0.33496	11075	1	0.45926	0.10032	1	0.45658	0.25852	1	0.45792	0.17942	1	0.47803	0.53700	11.71769	1.05114	1	0.74169	0.56562	13.61212	1.05880	1	-0.00544	-0.01016	0.68402	0.00249	1	0.06431	-0.01585	0.69504	0.00403	1	1.45898	0.81042	0	
1242854	8383.24512	3304632044456	0.49483	0.30519	8382.90332	0.33496	11075	0	0.45932	0.10069	1	0.45657	0.25884	1	0.45795	0.17976	1	0.47989	0.54217	12.82833	1.05078	1	0.74360	0.56822	13.16453	1.05844	1	-0.00494	-0.01028	0.66505	0.00332	1	0.06378	-0.01608	0.68706	0.00356	1	1.45898	0.81042	0	
1242855	8383.25195	3304632111854	0.52895	0.35545	8382.90332	0.33496	11075	0	0.60646	0.35042	1	0.51968	0.46099	1	0.56307	0.40570	1	0.48086	0.54241	12.01315	1.05043	1	0.74361	0.56897	12.54289	1.05043	1	-0.00494	-0.01028	0.66505	0.00369	1	0.06378	-0.01608	0.68706	0.00375	1	1.45898	0.81042	0	
1242856	8383.25879	3304632178416	0.53924	0.38319	8382.90332	0.33496	11075	0	0.56322	0.44347	1	0.55640	0.43387	1	0.55981	0.43867	1	0.48098	0.54334	12.40320	1.04241	1	0.74421	0.56911	12.80326	1.04241	1	-0.00494	-0.01028	0.66505	0.00344	1	0.06378	-0.01608	0.68706	0.00366	1	1.45898	0.81042	0	
1242857	8383.26465	3304632245929	0.56090	0.42768	8382.90332	0.33496	11075	0	0.56322	0.44347	1	0.55640	0.43387	1	0.55981	0.43867	1	0.48140	0.54497	12.73073	1.04241	1	0.74442	0.57150	13.20344	1.04241	1	-0.00473	-0.01082	0.67127	0.00310	1	0.06349	-0.01636	0.68173	0.00319	1	1.45898	0.81042	0	
1242858	8383.27148	3304632312846	0.57319	0.50005	8382.90332	0.33496	11075	0	0.60074	0.55349	1	0.57021	0.59134	1	0.58547	0.57241	1	0.48142	0.54555	12.58364	1.05043	1	0.74450	0.57185	12.69073	1.05043	1	-0.00473	-0.01082	0.67127	0.00327	1	0.06349	-0.01636	0.68173	0.00345	1	1.45898	0.81042	0	
1242859	8383.27832	3304632379921	0.57738	0.51681	8382.90332	0.33496	11075	0	0.60279	0.49927	1	0.56875	0.60142	1	0.58577	0.55035	1	0.48160	0.54532	12.24551	1.05844	1	0.74442	0.57195	13.03283	1.05844	1	-0.00473	-0.01082	0.67127	0.00336	1	0.06349	-0.01636	0.68173	0.00338	1	1.45898	0.81042	0	
1242860	8383.28516	3304632444046	0.58578	0.55608	8382.90332	0.33496	11075	0	0.60247	0.49415	1	0.56974	0.59683	1	0.58610	0.54549	1	0.48145	0.54564	12.24521	1.06646	1	0.74448	0.57242	12.95581	1.06646	1	-0.00489	-0.01099	0.67866	0.00316	1	0.06291	-0.01626	0.67556	0.00324	1	1.45898	0.81042	0	
1242861	8383.29199	3304632512936	0.59719	0.57338	8382.90332	0.33496	11075	0	0.63803	0.52100	1	0.57919	0.66035	1	0.60861	0.59068	1	0.48159	0.54573	12.40382	1.06646	1	0.74463	0.57244	13.00300	1.06646	1	-0.00489	-0.01099	0.67866	0.00309	1	0.06291	-0.01626	0.67556	0.00324	1	1.45898	0.81042	0	
1242862	8383.29883	3304632579955	0.59706	0.57671	8382.90332	0.33496	11075	0	0.62249	0.50399	1	0.57109	0.66273	1	0.59679	0.58336	1	0.48142	0.54558	11.95867	1.06646	1	0.74457	0.57251	13.22893	1.06646	1	-0.00489	-0.01099	0.67866	0.00308	1	0.06291	-0.01626	0.67556	0.00325	1	1.45898	0.81042	0	
1242863	8383.30566	3304632648548	0.59699	0.57837	8383.28516	0.02051	11076	1	0.62249	0.50399	1	0.57109	0.66273	1	0.59679	0.58336	1	0.48136	0.54578	12.56175	1.06646	1	0.74463	0.57250	13.23692	1.06646	1	-0.00484	-0.01094	0.67209	0.00315	1	0.06349	-0.01646	0.68173	0.00337	1	1.45898	0.81042	0	
1242864	8383.31250	3304632715637	0.59572	0.58244	8383.28516	0.02734	11076	1	0.62223	0.57159	1	0.55899	0.62588	1	0.59061	0.59873	1	0.48139	0.54576	12.23891	1.06646	1	0.74430	0.57235	12.87562	1.06646	1	-0.00484	-0.01094	0.67209	0.00317	1	0.06349	-0.01646	0.68173	0.00331	1	1.45898	0.81042	0	
1242865	8383.31836	3304632782340	0.59880	0.58809	8383.28516	0.03320	11076	1	0.63229	0.58626	1	0.59610	0.64640	1	0.61420	0.61633	1	0.48142	0.54580	12.26843	1.06646	1	0.74483	0.57241	13.47781	1.06646	1	-0.00484	-0.01094	0.67209	0.00320	1	0.06349	-0.01646	0.68173	0.00330	1	1.45898	0.81042	0	
1242866	8383.32520	3304632849652	0.60084	0.59303	8383.28516	0.04004	11076	1	0.63240	0.59068	1	0.59379	0.65466	1	0.61309	0.62267	1	0.48118	0.54582	12.44721	1.05844	1	0.74487	0.57260	13.68902	1.05078	1	-0.00481	-0.01076	0.66109	0.00320	1	0.06131	-0.01596	0.65892	0.00325	1	1.45898	0.81042	0	
1242867	8383.33203	3304632916585	0.60073	0.59862	8383.28516	0.04688	11076	1	0.61075	0.59578	1	0.58915	0.67973	1	0.59995	0.63776	1	0.48112	0.54586	12.68166	1.04277	1	0.74482	0.57273	13.55431	1.03511	1	-0.00481	-0.01076	0.66109	0.00311	1	0.06131	-0.01596	0.65892	0.00325	1	1.45898	0.81042	0	
1242868	8383.33887	3304632983384	0.59992	0.60083	8383.28516	0.05371	11076	1	0.61959	0.58597	1	0.56733	0.65101	1	0.59346	0.61849	1	0.48148	0.54570	12.06471	1.02709	1	0.74448	0.57232	13.00595	1.01943	1	-0.00481	-0.01076	0.66109	0.00316	1	0.06131	-0.01596	0.65892	0.00336	1	1.45898	0.81042	0	
1242869	8383.34570	3304633049578	0.59919	0.60347	8383.28516	0.06055	11076	1	0.61999	0.59497	1	0.56534	0.65955	1	0.59267	0.62726	1	0.48146	0.54579	12.02180	1.01141	1	0.74461	0.57255	13.33232	1.00375	1	-0.00479	-0.01078	0.65928	0.00313	1	0.06131	-0.01596	0.65892	0.00326	1	1.45898	0.81042	0	
1242870	8383.35254	3304633116488	0.59970	0.60768	8383.28516	0.06738	11076	1	0.62580	0.62591	1	0.58361	0.67371	1	0.60471	0.64981	1	0.48135	0.54596	12.29189	1.00375	1	0.74479	0.57233	13.42600	1.00375	1	-0.00479	-0.01078	0.65928	0.00312	1	0.06131	-0.01596	0.65892	0.00332	1	1.45898	0.81042	0	
1242871	8383.35840	3304633183318	0.59898	0.60995	8383.28516	0.07324	11076	1	0.61357	0.58129	1	0.56857	0.68852	1	0.59107	0.63491	1	0.48119	0.54601	12.51018	1.00375	1	0.74459	0.57248	13.33383	1.00375	1	-0.00479	-0.01078	0.65928	0.00305	1	0.06131	-0.01596	0.65892	0.00322	1	1.45898	0.81042	0	
1242872	8383.36523	3304633250574	0.59837	0.61187	8383.28516	0.08008	11076	1	0.61357	0.58129	1	0.56857	0.68852	1	0.59107	0.63491	1	0.48085	0.54610	12.07410	1.00375	1	0.74448	0.57257	13.62653	1.00375	1	-0.00481	-0.01086	0.66108	0.00308	1	0.06131	-0.01596	0.65892	0.00315	1	1.45898	0.81042	0	
1242873	8383.37207	3304633318223	0.59925	0.61303	8383.28516	0.08691	11076	1	0.63619	0.56187	1	0.58519	0.69432	1	0.61069	0.62810	1	0.48119	0.54593	12.82757	1.00375	1	0.74478	0.57264	13.82362	1.00375	1	-0.00481	-0.01086	0.66108	0.00297	1	0.06131	-0.01596	0.65892	0.00317	1	1.45898	0.81042	0	
1242874	8383.37891	3304633384500	0.59912	0.61437	8383.28516	0.09375	11076	1	0.63058	0.57842	1	0.56401	0.68778	1	0.59729	0.63310	1	0.48113	0.54576	12.84619	1.00375	1	0.74454	0.57254	13.47196	1.00375	1	-0.00481	-0.01086	0.66108	0.00297	1	0.06131	-0.01596	0.65892	0.00318	1	1.45898	0.81042	0	
1242875	8383.38574	3304633452205	0.59903	0.61542	8383.28516	0.10059	11076	1	0.63058	0.57842	1	0.56497	0.68382	1	0.59778	0.63112	1	0.48090	0.54586	12.90972	1.00375	1	0.74454	0.57254	13.47196	1.01141	1	-0.00479	-0.01078	0.65928	0.00317	1	0.06291	-0.01637	0.67556	0.00317	1	1.45898	0.81042	0	
1242876	8383.39258	3304633519362	0.59913	0.61776	8383.28516	0.10742	11076	1	0.62264	0.62221	1	0.57865	0.68820	1	0.60065	0.65521	1	0.48087	0.54608	12.87288	1.01141	1	0.74481	0.57257	13.86542	1.01907	1	-0.00479	-0.01078	0.65928	0.00305	1	0.06291	-0.01637	0.67556	0.00317	1	1.45898	0.81042	0	
1242877	8383.39941	3304633586853	0.59890	0.61856	8383.28516	0.11426	11076	1	0.61881	0.59416	1	0.57128	0.67026	1	0.59504	0.63221	1	0.48100	0.54561	12.71282	1.01907	1	0.74459	0.57254	13.40331	1.02673	1	-0.00479	-0.01078	0.65928	0.00322	1	0.06291	-0.01637	0.67556	0.00331	1	1.45898	0.81042	0	
1242878	8383.40527	3304633652132	0.59869	0.61916	8383.28516	0.12012	11076	1	0.61861	0.58980	1	0.57128	0.67026	1	0.59494	0.63003	1	0.48073	0.54595	12.76894	1.02673	1	0.74452	0.57262	13.73704	1.02673	1	-0.00479	-0.01078	0.65928	0.00310	1	0.06226	-0.01618	0.66802	0.00311	1	1.45898	0.81042	0	
1242879	8383.41211	3304633719423	0.59865	0.62089	8383.28516	0.12695	11076	1	0.61513	0.62004	1	0.58041	0.68746	1	0.59777	0.65375	1	0.48076	0.54603	12.87827	1.02673	1	0.74469	0.57265	14.13952	1.01907	1	-0.00479	-0.01078	0.65928	0.00303	1	0.06226	-0.01618	0.66802	0.00313	1	1.45898	0.81042	0	
1242880	8383.41895	3304633786266	0.59836	0.62189	8383.28516	0.13379	11076	1	0.59490	0.59672	1	0.59034	0.68689	1	0.59262	0.64180	1	0.48083	0.54596	12.83123	1.01907	1	0.74490	0.57256	13.77239	1.01141	1	-0.00479	-0.01078	0.65928	0.00315	1	0.06226	-0.01618	0.66802	0.00328	1	1.45898	0.81042	0	
1242881	8383.42578	3304633851760	0.59810	0.62278	8383.28516	0.14062	11076	1	0.59489	0.59651	1	0.59039	0.68670	1	0.59264	0.64161	1	0.48093	0.54586	12.88170	1.01943	1	0.74481	0.57256	13.93264	1.01177	1	-0.00498	-0.01108	0.67798	0.00318	1	0.06226	-0.01618	0.66802	0.00326	1	1.45898	0.81042	0	
1242882	8383.43262	3304633920771	0.59828	0.62361	8383.28516	0.14746	11076	1	0.60822	0.59356	1	0.59612	0.69012	1	0.60217	0.64184	1	0.48101	0.54552	12.39579	1.01979	1	0.74494	0.57259	13.76375	1.01979	1	-0.00498	-0.01108	0.67798	0.00322	1	0.06226	-0.01618	0.66802	0.00338	1	1.45898	0.81042	0	
1242883	8383.43945	3304633987220	0.59824	0.62349	8383.28516	0.15430	11076	1	0.60452	0.57805	1	0.59018	0.66311	1	0.59735	0.62058	1	0.48064	0.54591	12.40555	1.02780	1	0.74487	0.57244	13.77621	1.02780	1	-0.00498	-0.01108	0.67798	0.00346	1	0.06226	-0.01618	0.66802	0.00331	1	1.45898	0.81042	0	
1242884	8383.44629	3304634053937	0.59824	0.62311	8383.28516	0.16113	11076	1	0.60421	0.57339	1	0.59249	0.65480	1	0.59835	0.61409	1	0.48122	0.54566	12.84324	1.03582	1	0.74491	0.57248	13.73695	1.04348	1	-0.00498	-0.01108	0.67798	0.00312	1	0.06291	-0.01637	0.67556	0.00335	1	1.45898	0.81042	0	
1242885	8383.45215	3304634121153	0.59846	0.62281	8383.28516	0.16699	11076	1	0.63315	0.56919	1	0.57483	0.66147	1	0.60399	0.61533	1	0.48125	0.54580	12.94340	1.04348	1	0.74496	0.57254	13.80878	1.05114	1	-0.00498	-0.01108	0.67798	0.00309	1	0.06291	-0.01637	0.67556	0.00337	1	1.45898	0.81042	0	
1242886	8383.45898	3304634188180	0.59887	0.62345	8383.28516	0.17383	11076	1	0.62014	0.60784	1	0.59860	0.67201	1	0.60937	0.63992	1	0.48086	0.54596	12.78828	1.05114	1	0.74500	0.57269	14.07646	1.05880	1	-0.00498	-0.01108	0.67798	0.00311	1	0.06291	-0.01637	0.67556	0.00333	1	1.45898	0.81042	0	
1242887	8383.46582	3304634253443	0.59924	0.62396	8383.28516	0.18066	11076	1	0.61995	0.60370	1	0.59860	0.67201	1	0.60928	0.63786	1	0.48114	0.54570	12.53173	1.05880	1	0.74499	0.57276	14.02849	1.05880	1	-0.00498	-0.01108	0.67798	0.00310	1	0.06226	-0.01618	0.66802	0.00334	1	1.45898	0.81042	0	
1242888	8383.47266	3304634319163	0.59974	0.62334	8383.28516	0.18750	11076	1	0.63636	0.55545	1	0.59086	0.65622	1	0.61361	0.60584	1	0.48129	0.54551	12.90098	1.05880	1	0.74490	0.57236	13.69085	1.05114	1	-0.00498	-0.01108	0.67798	0.00326	1	0.06226	-0.01618	0.66802	0.00323	1	1.45898	0.81042	0	
1242889	8383.47949	3304634385510	0.59981	0.62343	8383.28516	0.19434	11076	1	0.61142	0.56341	1	0.59232	0.68901	1	0.60187	0.62621	1	0.48116	0.54594	13.16774	1.05114	1	0.74493	0.57280	13.80115	1.04348	1	-0.00498	-0.01108	0.67798	0.00305	1	0.06226	-0.01618	0.66802	0.00348	1	1.45898	0.81042	0	
1242890	8383.48535	3304634452509	0.59986	0.62373	8383.28516	0.20020	11076	1	0.61193	0.57254	1	0.59114	0.69299	1	0.60153	0.63277	1	0.48122	0.54594	13.05631	1.03546	1	0.74478	0.57248	14.01416	1.03546	1	-0.00481	-0.01086	0.66108	0.00308	1	0.06349	-0.01657	0.68173	0.00316	1	1.45898	0.81042	0	
1242891	8383.49219	3304634519597	0.60009	0.62376	8383.28516	0.20703	11076	1	0.63799	0.56515	1	0.57656	0.68416	1	0.60728	0.62465	1	0.48105	0.54615	13.17457	1.02745	1	0.74467	0.57276	13.79339	1.03511	1	-0.00481	-0.01086	0.66108	0.00300	1	0.06349	-0.01657	0.68173	0.00330	1	1.45898	0.81042	0	
1242892	8383.49902	3304634583330	0.60026	0.62442	8383.28516	0.21387	11076	1	0.63593	0.58481	1	0.57533	0.70624	1	0.60563	0.64553	1	0.48111	0.54595	12.98472	1.02709	1	0.74473	0.57296	14.11699	1.03475	1	-0.00481	-0.01086	0.66108	0.00297	1	0.06349	-0.01657	0.68173	0.00331	1	1.45898	0.81042	0	
1242893	8383.50586	3304634653319	0.60042	0.62505	8383.28516	0.22070	11076	1	0.63594	0.58501	1	0.57528	0.70642	1	0.60561	0.64572	1	0.48111	0.54596	13.00013	1.02673	1	0.74463	0.57291	13.97842	1.03439	1	-0.00481	-0.01086	0.66108	0.00296	1	0.06349	-0.01657	0.68173	0.00330	1	1.45898	0.81042	0	
1242894	8383.51270	3304634723664	0.60060	0.62599	8383.28516	0.22754	11076	1	0.63065	0.60890	1	0.58300	0.70744	1	0.60682	0.65817	1	0.48110	0.54594	12.95633	1.03439	1	0.74475	0.57301	14.23539	1.03439	1	-0.00481	-0.01086	0.66108	0.00297	1	0.06349	-0.01657	0.68173	0.00330	1	1.45898	0.81042	0	
1242895	8383.51953	3304634787763	0.60055	0.62659	8383.28516	0.23438	11076	1	0.64204	0.58098	1	0.55519	0.71429	1	0.59861	0.64763	1	0.48114	0.54608	13.06640	1.03439	1	0.74475	0.57307	14.18905	1.03439	1	-0.00481	-0.01086	0.66108	0.00298	1	0.06349	-0.01657	0.68173	0.00329	1	1.45898	0.81042	0	
1242896	8383.52637	3304634855255	0.60048	0.62721	8383.28516	0.24121	11076	1	0.64204	0.58098	1	0.55431	0.71793	1	0.59818	0.64945	1	0.48111	0.54596	13.00013	1.03439	1	0.74485	0.57320	14.15714	1.02673	1	-0.00479	-0.01078	0.65928	0.00296	1	0.06133	-0.01599	0.65805	0.00331	1	1.45898	0.81042	0	
1242897	8383.53320	3304634926026	0.60054	0.62902	8383.28516	0.24805	11076	1	0.64194	0.64333	1	0.56308	0.74881	1	0.60251	0.69607	1	0.48114	0.54607	13.08711	1.02673	1	0.74490	0.57329	13.80263	1.01907	1	-0.00479	-0.01078	0.65928	0.00299	1	0.06133	-0.01599	0.65805	0.00329	1	1.45898	0.81042	0	
1242898	8383.54004	3304634992928	0.60016	0.63048	8383.28516	0.25488	11076	1	0.61526	0.62939	1	0.55684	0.74253	1	0.58605	0.68596	1	0.48114	0.54607	13.04718	1.01907	1	0.74484	0.57323	14.13511	1.01141	1	-0.00479	-0.01078	0.65928	0.00299	1	0.06133	-0.01599	0.65805	0.00332	1	1.45898	0.81042	0	
1242899	8383.54590	3304635057484	0.59980	0.63197	8383.28516	0.26074	11076	1	0.61548	0.63349	1	0.55594	0.74604	1	0.58571	0.68977	1	0.48124	0.54601	12.90686	1.01141	1	0.74470	0.57304	13.85063	1.00375	1	-0.00479	-0.01078	0.65928	0.00300	1	0.06133	-0.01599	0.65805	0.00328	1	1.45898	0.81042	0	
1242900	8383.55273	3304635125802	0.59972	0.63346	8383.28516	0.26758	11076	1	0.64140	0.64879	1	0.55150	0.73780	1	0.59645	0.69330	1	0.48107	0.54604	13.19667	1.00375	1	0.74478	0.57321	14.30125	1.00375	1	-0.00479	-0.01078	0.65928	0.00303	1	0.06133	-0.01599	0.65805	0.00324	1	1.45898	0.81042	0	
1242901	8383.55957	3304635193795	0.59901	0.66332	8383.28516	0.26758	11076	0	0.59821	0.64316	1	0.58921	0.73838	1	0.59371	0.69077	1	0.48099	0.54610	13.38170	1.00375	1	0.74488	0.57304	14.07571	1.00375	1	-0.00479	-0.01078	0.65928	0.00303	1	0.06133	-0.01599	0.65805	0.00319	1	1.45898	0.81042	0	
1242902	8383.56641	3304635260924	0.59636	0.67704	8383.28516	0.26758	11076	0	0.59821	0.64316	1	0.58921	0.73838	1	0.59371	0.69077	1	0.48124	0.54588	12.96841	1.00375	1	0.74491	0.57284	14.15442	1.00375	1	-0.00479	-0.01068	0.65928	0.00307	1	0.06133	-0.01599	0.65805	0.00320	1	1.45898	0.81042	0	
1242903	8383.57324	3304635326552	0.59710	0.66624	8383.28516	0.26758	11076	0	0.63968	0.61259	1	0.55750	0.67670	1	0.59859	0.64464	1	0.48123	0.54571	12.72311	1.00375	1	0.74480	0.57254	14.10097	1.00375	1	-0.00479	-0.01068	0.65928	0.00309	1	0.06133	-0.01599	0.65805	0.00301	1	1.45898	0.81042	0	
1242904	8383.58008	3304635393781	0.59479	0.66425	8383.55957	0.02051	11077	1	0.62442	0.65656	1	0.55128	0.65995	1	0.58785	0.65825	1	0.48089	0.54612	13.21383	1.00375	1	0.74473	0.57238	14.03386	1.00375	1	-0.00479	-0.01068	0.65928	0.00300	1	0.06133	-0.01599	0.65805	0.00306	1	1.45898	0.81042	0	
1242905	8383.58691	3304635461493	0.59340	0.66305	8383.55957	0.02734	11077	1	0.62442	0.65656	1	0.55128	0.65995	1	0.58785	0.65825	1	0.48107	0.54549	12.46692	1.00375	1	0.74485	0.57279	14.10210	1.00375	1	-0.00479	-0.01068	0.65928	0.00314	1	0.06133	-0.01599	0.65805	0.00315	1	1.45898	0.81042	0	
1242906	8383.59375	3304635527923	0.59403	0.66099	8383.55957	0.03418	11077	1	0.63751	0.61199	1	0.55682	0.68937	1	0.59716	0.65068	1	0.48109	0.54587	12.75574	1.00375	1	0.74483	0.57261	13.96107	1.00375	1	-0.00479	-0.01068	0.65928	0.00316	1	0.06133	-0.01599	0.65805	0.00320	1	1.45898	0.81042	0	
1242907	8383.59961	3304635594962	0.59553	0.65848	8383.55957	0.04004	11077	1	0.64056	0.58791	1	0.56850	0.69897	1	0.60453	0.64344	1	0.48120	0.54568	12.58442	1.00375	1	0.74489	0.57267	13.84115	1.00375	1	-0.00479	-0.01068	0.65928	0.00315	1	0.06133	-0.01599	0.65805	0.00324	1	1.45898	0.81042	0	
1242908	8383.60645	3304635661594	0.59665	0.65660	8383.55957	0.04688	11077	1	0.64056	0.58791	1	0.56850	0.69897	1	0.60453	0.64344	1	0.48125	0.54562	12.38834	1.00375	1	0.74503	0.57273	13.64366	1.00375	1	-0.00479	-0.01068	0.65928	0.00309	1	0.06133	-0.01599	0.65805	0.00304	1	1.45898	0.81042	0	
1242909	8383.61328	3304635724926	0.59777	0.65661	8383.55957	0.05371	11077	1	0.64142	0.61705	1	0.57192	0.69641	1	0.60667	0.65673	1	0.48124	0.54589	12.59288	1.00375	1	0.74502	0.57269	13.37284	1.00375	1	-0.00479	-0.01068	0.65928	0.00314	1	0.06133	-0.01599	0.65805	0.00306	1	1.45898	0.81042	0	
1242910	8383.62012	3304635791869	0.59739	0.65533	8383.55957	0.06055	11077	1	0.60011	0.60756	1	0.58781	0.68000	1	0.59396	0.64378	1	0.48103	0.54573	12.24347	1.00375	1	0.74499	0.57258	13.33601	1.00375	1	-0.00479	-0.01068	0.65928	0.00321	1	0.06133	-0.01599	0.65805	0.00306	1	1.45898	0.81042	0	
1242911	8383.62598	3304635858460	0.59707	0.65428	8383.55957	0.06641	11077	1	0.60011	0.60756	1	0.58781	0.68000	1	0.59396	0.64378	1	0.48108	0.54573	11.47846	1.00375	1	0.74500	0.57289	13.33142	1.00375	1	-0.00479	-0.01068	0.65928	0.00321	1	0.06065	-0.01572	0.65072	0.00320	1	1.45898	0.81042	0	
1242912	8383.63281	3304635922859	0.59791	0.65468	8383.55957	0.07324	11077	1	0.62334	0.60541	1	0.59082	0.71272	1	0.60708	0.65906	1	0.48089	0.54542	11.56946	1.00375	1	0.74504	0.57298	13.38721	1.00375	1	-0.00479	-0.01068	0.65928	0.00324	1	0.06065	-0.01572	0.65072	0.00323	1	1.45898	0.81042	0	
1242913	8383.63965	3304635995932	0.59761	0.65482	8383.55957	0.08008	11077	1	0.62847	0.61800	1	0.55957	0.69496	1	0.59402	0.65648	1	0.48104	0.54564	11.23963	1.00375	1	0.74490	0.57279	13.52318	1.00375	1	-0.00479	-0.01068	0.65928	0.00317	1	0.06065	-0.01572	0.65072	0.00320	1	1.45898	0.81042	0	
1242914	8383.64648	3304636060012	0.59735	0.65494	8383.55957	0.08691	11077	1	0.62847	0.61800	1	0.55957	0.69496	1	0.59402	0.65648	1	0.48104	0.54564	11.23963	1.00375	1	0.74484	0.57252	13.63294	1.00375	1	-0.00479	-0.01068	0.65928	0.00317	1	0.06226	-0.01618	0.66802	0.00306	1	1.45898	0.81042	0	
1242915	8383.65332	3304636128437	0.59597	0.65407	8383.55957	0.09375	11077	1	0.59900	0.60300	1	0.55418	0.68094	1	0.57659	0.64197	1	0.48096	0.54584	11.25251	1.00375	1	0.74472	0.57262	12.99778	1.00375	1	-0.00479	-0.01068	0.65928	0.00312	1	0.06226	-0.01618	0.66802	0.00306	1	1.45898	0.81042	0	
1242916	8383.66016	3304636192868	0.59472	0.65627	8383.55957	0.10059	11077	1	0.61049	0.64230	1	0.54154	0.73612	1	0.57602	0.68921	1	0.48107	0.54609	11.18488	1.00375	1	0.74457	0.57295	12.72590	1.00375	1	-0.00479	-0.01068	0.65928	0.00313	1	0.06226	-0.01618	0.66802	0.00322	1	1.45898	0.81042	0	
1242917	8383.66699	3304636262831	0.59362	0.65821	8383.55957	0.10742	11077	1	0.61049	0.64230	1	0.54154	0.73612	1	0.57602	0.68921	1	0.48141	0.54639	12.16122	1.00375	1	0.74462	0.57328	12.53888	1.00375	1	-0.00481	-0.01076	0.66109	0.00299	1	0.06226	-0.01618	0.66802	0.00296	1	1.45898	0.81042	0	
1242918	8383.67285	3304636328202	0.59258	0.66158	8383.55957	0.11328	11077	1	0.61849	0.67279	1	0.53120	0.76501	1	0.57484	0.71890	1	0.48127	0.54649	11.91232	1.00375	1	0.74451	0.57340	13.28694	1.00375	1	-0.00481	-0.01076	0.66109	0.00294	1	0.06226	-0.01618	0.66802	0.00301	1	1.45898	0.81042	0	
1242919	8383.68066	3304636398671	0.59237	0.66478	8383.55957	0.12109	11077	1	0.63613	0.68990	1	0.54100	0.75487	1	0.58856	0.72239	1	0.48106	0.54656	11.50663	1.00375	1	0.74454	0.57333	13.26175	1.00375	1	-0.00481	-0.01076	0.66109	0.00293	1	0.06226	-0.01618	0.66802	0.00305	1	1.45898	0.81042	0	
1242920	8383.68750	3304636465693	0.59218	0.66766	8383.55957	0.12793	11077	1	0.63613	0.68990	1	0.54100	0.75487	1	0.58856	0.72239	1	0.48102	0.54643	11.42583	1.00375	1	0.74421	0.57351	13.54939	1.00375	1	-0.00479	-0.01078	0.65928	0.00292	1	0.06133	-0.01599	0.65805	0.00313	1	1.45898	0.81042	0	
1242921	8383.69336	3304636532665	0.59229	0.67031	8383.55957	0.13379	11077	1	0.60961	0.63166	1	0.57947	0.81488	1	0.59454	0.72327	1	0.48108	0.54605	11.29392	1.00375	1	0.74473	0.57392	12.90882	1.00375	1	-0.00479	-0.01078	0.65928	0.00310	1	0.06133	-0.01599	0.65805	0.00313	1	1.45898	0.81042	0	
1242922	8383.70020	3304636599522	0.59267	0.67245	8383.55957	0.14062	11077	1	0.63216	0.63133	1	0.56899	0.80361	1	0.60057	0.71747	1	0.48108	0.54605	11.29392	1.00375	1	0.74464	0.57391	13.26851	1.00375	1	-0.00479	-0.01078	0.65928	0.00310	1	0.06133	-0.01599	0.65805	0.00312	1	1.45898	0.81042	0	
1242923	8383.70703	3304636666483	0.59301	0.67441	8383.55957	0.14746	11077	1	0.63216	0.63133	1	0.56899	0.80361	1	0.60057	0.71747	1	0.48111	0.54631	11.41261	1.00375	1	0.74448	0.57381	12.60046	1.00375	1	-0.00481	-0.01066	0.66109	0.00304	1	0.06226	-0.01618	0.66802	0.00315	1	1.45898	0.81042	0	
1242924	8383.71387	3304636733961	0.59332	0.67654	8383.55957	0.15430	11077	1	0.62581	0.65386	1	0.57510	0.79749	1	0.60046	0.72568	1	0.48093	0.54640	11.74082	1.00375	1	0.74475	0.57382	12.51707	1.00375	1	-0.00481	-0.01066	0.66109	0.00301	1	0.06226	-0.01618	0.66802	0.00311	1	1.45898	0.81042	0	
1242925	8383.72070	3304636800715	0.58841	0.70329	8383.55957	0.15430	11077	0	0.61283	0.62932	1	0.56744	0.80083	1	0.59014	0.71507	1	0.48087	0.54611	11.51454	1.00375	1	0.74458	0.57385	12.49991	1.00375	1	-0.00481	-0.01066	0.66109	0.00312	1	0.06226	-0.01618	0.66802	0.00312	1	1.45898	0.81042	0	
1242926	8383.72754	3304636867747	0.58905	0.70987	8383.55957	0.15430	11077	0	0.61283	0.62932	1	0.56656	0.80357	1	0.58970	0.71645	1	0.48093	0.54619	11.75842	1.00375	1	0.74464	0.57402	12.79416	0.99695	1	-0.00494	-0.01077	0.66506	0.00307	1	0.05927	-0.01542	0.63644	0.00303	1	1.45898	0.81042	0	
1242927	8383.73438	3304636934416	0.59011	0.71045	8383.55957	0.15430	11077	0	0.63684	0.62485	1	0.54760	0.79839	1	0.59222	0.71162	1	0.48126	0.54592	11.07596	0.99695	1	0.74430	0.57384	13.30487	0.99014	1	-0.00494	-0.01077	0.66506	0.00315	1	0.05927	-0.01542	0.63644	0.00311	1	1.45898	0.81042	0	
1242928	8383.74023	3304637001400	0.59087	0.71454	8383.72070	0.01953	11078	1	0.62569	0.62569	1	0.56066	0.82788	1	0.59317	0.72678	1	0.48106	0.54603	11.17715	0.99014	1	0.74459	0.57410	12.86453	0.98333	1	-0.00494	-0.01077	0.66506	0.00314	1	0.05927	-0.01542	0.63644	0.00306	1	1.45898	0.81042	0	
1242929	8383.74707	3304637068675	0.59135	0.71736	8383.72070	0.02637	11078	1	0.62583	0.62947	1	0.56066	0.82788	1	0.59325	0.72867	1	0.48109	0.54613	11.57532	0.98333	1	0.74425	0.57369	12.83807	0.98333	1	-0.00494	-0.01087	0.66505	0.00302	1	0.06131	-0.01601	0.65892	0.00311	1	1.45898	0.81042	0	
1242930	8383.75391	3304637135868	0.59196	0.71754	8383.72070	0.03320	11078	1	0.64026	0.65892	1	0.54972	0.77790	1	0.59499	0.71841	1	0.48086	0.54624	12.34690	0.98333	1	0.74401	0.57405	13.28180	0.99014	1	-0.00494	-0.01087	0.66505	0.00288	1	0.06131	-0.01601	0.65892	0.00308	1	1.45898	0.81042	0	
1242931	8383.76074	3304637202118	0.59315	0.71661	8383.72070	0.04004	11078	1	0.63581	0.65534	1	0.56486	0.76676	1	0.60034	0.71105	1	0.48090	0.54639	11.72120	0.99014	1	0.74419	0.57392	12.59367	0.99695	1	-0.00494	-0.01087	0.66505	0.00300	1	0.06131	-0.01601	0.65892	0.00310	1	1.45898	0.81042	0	
1242932	8383.76758	3304637269871	0.59422	0.71481	8383.72070	0.04688	11078	1	0.63565	0.64756	1	0.56773	0.75686	1	0.60169	0.70221	1	0.48084	0.54643	11.96832	1.00496	1	0.74418	0.57388	12.41799	1.01943	1	-0.00508	-0.01107	0.67703	0.00298	1	0.06355	-0.01656	0.68345	0.00311	1	1.45898	0.81042	0	
1242933	8383.77441	3304637336574	0.59571	0.71540	8383.72070	0.05371	11078	1	0.64263	0.68632	1	0.57258	0.75390	1	0.60761	0.72011	1	0.48071	0.54645	12.16280	1.02745	1	0.74427	0.57397	12.71937	1.03511	1	-0.00508	-0.01107	0.67703	0.00296	1	0.06355	-0.01656	0.68345	0.00309	1	1.45898	0.81042	0	
1242934	8383.78125	3304637403368	0.59668	0.71417	8383.72070	0.06055	11078	1	0.63802	0.64584	1	0.57277	0.76038	1	0.60540	0.70311	1	0.48076	0.54653	12.55340	1.04312	1	0.74429	0.57405	13.00682	1.05078	1	-0.00508	-0.01107	0.67703	0.00292	1	0.06355	-0.01656	0.68345	0.00308	1	1.45898	0.81042	0	
1242935	8383.78711	3304637469652	0.59755	0.71250	8383.72070	0.06641	11078	1	0.63789	0.63789	1	0.57478	0.75373	1	0.60634	0.69581	1	0.48066	0.54676	12.41222	1.05880	1	0.74416	0.57394	13.30863	1.06646	1	-0.00516	-0.01119	0.68750	0.00282	1	0.06297	-0.01646	0.67728	0.00305	1	1.45898	0.81042	0	
1242936	8383.79395	3304637537769	0.59796	0.71296	8383.72070	0.07324	11078	1	0.64041	0.66645	1	0.56446	0.76958	1	0.60244	0.71802	1	0.48072	0.54675	12.14713	1.06646	1	0.74397	0.57385	13.38357	1.06646	1	-0.00516	-0.01119	0.68750	0.00284	1	0.06297	-0.01646	0.67728	0.00310	1	1.45898	0.81042	0	
1242937	8383.80078	3304637604381	0.59804	0.71124	8383.72070	0.08008	11078	1	0.63838	0.66815	1	0.55954	0.71301	1	0.59896	0.69058	1	0.48068	0.54649	12.09856	1.06646	1	0.74392	0.57378	12.93549	1.06646	1	-0.00516	-0.01119	0.68750	0.00295	1	0.06297	-0.01646	0.67728	0.00316	1	1.45898	0.81042	0	
1242938	8383.80762	3304637671405	0.59807	0.71003	8383.72070	0.08691	11078	1	0.63845	0.67196	1	0.55862	0.71672	1	0.59853	0.69434	1	0.48044	0.54659	11.48292	1.05844	1	0.74415	0.57389	12.97832	1.05844	1	-0.00497	-0.01069	0.65686	0.00302	1	0.06297	-0.01646	0.67728	0.00311	1	1.45898	0.81042	0	
1242939	8383.81445	3304637738262	0.59753	0.70712	8383.72070	0.09375	11078	1	0.61634	0.65079	1	0.56343	0.68184	1	0.58989	0.66631	1	0.48038	0.54656	11.27944	1.05043	1	0.74404	0.57386	12.78337	1.05043	1	-0.00497	-0.01069	0.65686	0.00306	1	0.06297	-0.01646	0.67728	0.00313	1	1.45898	0.81042	0	
1242940	8383.82031	3304637801471	0.59650	0.70530	8383.72070	0.09961	11078	1	0.61954	0.65435	1	0.54275	0.70162	1	0.58115	0.67799	1	0.48060	0.54648	11.65261	1.04241	1	0.74363	0.57384	12.24466	1.04241	1	-0.00497	-0.01069	0.65686	0.00306	1	0.06297	-0.01646	0.67728	0.00327	1	1.45898	0.81042	0	
1242941	8383.82812	3304637872442	0.59556	0.70403	8383.72070	0.10742	11078	1	0.61974	0.65836	1	0.54117	0.70918	1	0.58045	0.68377	1	0.48033	0.54670	11.28628	1.03439	1	0.74430	0.57359	12.33804	1.02673	1	-0.00504	-0.01088	0.66565	0.00290	1	0.06038	-0.01579	0.64997	0.00297	1	1.45898	0.81042	0	
1242942	8383.83398	3304637939177	0.59513	0.70503	8383.72070	0.11328	11078	1	0.61983	0.68757	1	0.55566	0.75646	1	0.58774	0.72202	1	0.48046	0.54670	11.17805	1.02673	1	0.74407	0.57377	12.70738	1.01907	1	-0.00504	-0.01088	0.66565	0.00286	1	0.06038	-0.01579	0.64997	0.00303	1	1.45898	0.81042	0	
1242943	8383.84082	3304638006164	0.59479	0.70548	8383.72070	0.12012	11078	1	0.63739	0.68376	1	0.54015	0.74341	1	0.58877	0.71359	1	0.48032	0.54684	11.24090	1.01907	1	0.74376	0.57374	12.56882	1.01141	1	-0.00504	-0.01088	0.66565	0.00287	1	0.06038	-0.01579	0.64997	0.00310	1	1.45898	0.81042	0	
1242944	8383.84766	3304638073476	0.59447	0.70607	8383.72070	0.12695	11078	1	0.63746	0.68746	1	0.53937	0.74690	1	0.58842	0.71718	1	0.48031	0.54669	11.10151	1.01141	1	0.74335	0.57381	12.48450	1.00375	1	-0.00504	-0.01088	0.66565	0.00284	1	0.06038	-0.01579	0.64997	0.00320	1	1.45898	0.81042	0	
1242945	8383.85449	3304638140249	0.59387	0.70626	8383.72070	0.13379	11078	1	0.62531	0.66399	1	0.53838	0.75617	1	0.58184	0.71008	1	0.48017	0.54643	11.13675	1.00375	1	0.74373	0.57439	13.07495	1.00375	1	-0.00504	-0.01088	0.66565	0.00286	1	0.06038	-0.01579	0.64997	0.00312	1	1.45898	0.81042	0	
1242946	8383.86133	3304638206754	0.59290	0.70659	8383.72070	0.14062	11078	1	0.62127	0.69795	1	0.52356	0.72921	1	0.57241	0.71358	1	0.48016	0.54670	11.22777	1.00375	1	0.74350	0.57432	12.58211	1.00375	1	-0.00504	-0.01088	0.66565	0.00300	1	0.06038	-0.01579	0.64997	0.00319	1	1.45898	0.81042	0	
1242947	8383.86719	3304638267432	0.59201	0.70689	8383.72070	0.14648	11078	1	0.62127	0.69795	1	0.52356	0.72921	1	0.57241	0.71358	1	0.47980	0.54718	11.52458	1.00375	1	0.74384	0.57433	12.98912	1.00375	1	-0.00512	-0.01089	0.66284	0.00298	1	0.06038	-0.01579	0.64997	0.00297	1	1.45898	0.81042	0	
1242948	8383.87402	3304638334270	0.59130	0.70779	8383.72070	0.15332	11078	1	0.60192	0.67515	1	0.54811	0.78183	1	0.57501	0.72849	1	0.47980	0.54724	11.52226	1.00375	1	0.74388	0.57457	13.13392	1.00375	1	-0.00512	-0.01089	0.66284	0.00303	1	0.06038	-0.01579	0.64997	0.00304	1	1.45898	0.81042	0	
1242949	8383.88086	3304638405720	0.59146	0.70904	8383.72070	0.16016	11078	1	0.61233	0.69387	1	0.57832	0.78406	1	0.59533	0.73897	1	0.47998	0.54735	11.86646	1.00375	1	0.74396	0.57459	12.91881	1.00375	1	-0.00512	-0.01089	0.66284	0.00295	1	0.06038	-0.01579	0.64997	0.00305	1	1.45898	0.81042	0	
1242950	8383.88770	3304638473968	0.59162	0.71005	8383.72070	0.16699	11078	1	0.61207	0.69002	1	0.57945	0.78069	1	0.59576	0.73536	1	0.47985	0.54670	10.77166	1.01177	1	0.74371	0.57385	11.84250	1.01177	1	-0.00520	-0.01096	0.66742	0.00310	1	0.06097	-0.01597	0.65732	0.00314	1	1.45898	0.81042	0	
1242951	8383.89453	3304638539531	0.59173	0.70944	8383.72070	0.17383	11078	1	0.63264	0.64099	1	0.55607	0.74582	1	0.59436	0.69341	1	0.48006	0.54732	11.81915	1.01979	1	0.74362	0.57428	12.78561	1.01979	1	-0.00520	-0.01096	0.66742	0.00289	1	0.06097	-0.01597	0.65732	0.00303	1	1.45898	0.81042	0	
1242952	8383.90137	3304638604957	0.59211	0.70873	8383.72070	0.18066	11078	1	0.63070	0.64534	1	0.57428	0.73405	1	0.60249	0.68970	1	0.47979	0.54749	12.09342	1.02780	1	0.74353	0.57413	12.28583	1.02780	1	-0.00520	-0.01096	0.66742	0.00288	1	0.06097	-0.01597	0.65732	0.00306	1	1.45898	0.81042	0	
1242953	8383.90820	3304638673434	0.59247	0.70807	8383.72070	0.18750	11078	1	0.63070	0.64534	1	0.57428	0.73405	1	0.60249	0.68970	1	0.47973	0.54709	11.19745	1.02780	1	0.74292	0.57455	12.93110	1.02780	1	-0.00517	-0.01078	0.65608	0.00301	1	0.06114	-0.01609	0.66023	0.00306	1	1.45898	0.81042	0	
1242954	8383.91406	3304638739890	0.59269	0.70802	8383.72070	0.19336	11078	1	0.63687	0.63668	1	0.56157	0.77637	1	0.59922	0.70653	1	0.47962	0.54701	10.98019	1.01979	1	0.74332	0.57445	13.05853	1.01979	1	-0.00517	-0.01078	0.65608	0.00304	1	0.06114	-0.01609	0.66023	0.00306	1	1.45898	0.81042	0	AUDIO_FILE_OFFSET
1242955	8383.92090	3304638806384	0.59307	0.70712	8383.72070	0.20020	11078	1	0.63531	0.62283	1	0.57333	0.73722	1	0.60432	0.68002	1	0.47957	0.54699	11.06975	1.01177	1	0.74349	0.57422	12.99365	1.01177	1	-0.00517	-0.01078	0.65608	0.00316	1	0.06114	-0.01609	0.66023	0.00300	1	1.45898	0.81042	0	
1242956	8383.92773	3304638873084	0.59340	0.70640	8383.72070	0.20703	11078	1	0.63540	0.62721	1	0.57226	0.74093	1	0.60383	0.68407	1	0.47929	0.54740	11.54515	1.00375	1	0.74307	0.57450	13.20984	1.00375	1	-0.00520	-0.01090	0.66076	0.00291	1	0.06114	-0.01609	0.66023	0.00305	1	1.45898	0.81042	0	
1242957	8383.93457	3304638943973	0.59312	0.70580	8383.72070	0.21387	11078	1	0.62749	0.62787	1	0.54028	0.74548	1	0.58388	0.68667	1	0.47945	0.54711	11.33268	1.00375	1	0.74309	0.57430	12.92662	1.00375	1	-0.00520	-0.01090	0.66076	0.00311	1	0.06114	-0.01609	0.66023	0.00310	1	1.45898	0.81042	0	STOP_TRIAL
1243109	8384.95312	3304649125592	0.26516	0.42862	8384.76562	0.18066	11081	0	0.24404	0.35948	1	0.24669	0.48450	1	0.24536	0.42199	1	0.46562	0.54293	10.52366	1.06646	1	0.73025	0.56960	11.48988	1.06646	1	-0.00740	-0.01095	0.67584	0.00220	1	0.06042	-0.01599	0.67489	0.00376	1	1.45898	0.81042	0	
1243110	8384.95996	3304649192171	0.26133	0.40258	8384.76562	0.18066	11081	0	0.25284	0.34237	1	0.26216	0.41070	1	0.25750	0.37653	1	0.46586	0.54274	9.85930	1.06646	1	0.73041	0.56920	11.54509	1.06646	1	-0.00740	-0.01095	0.67584	0.00222	1	0.06042	-0.01599	0.67489	0.00385	1	1.45898	0.81042	0	START_TRIAL
1243111	8384.96680	3304649259105	0.25198	0.41195	8384.76562	0.18066	11081	0	0.23206	0.34084	1	0.23451	0.52057	1	0.23329	0.43071	1	0.46564	0.54276	9.88343	1.06646	1	0.73005	0.57040	11.76170	1.06646	1	-0.00740	-0.01095	0.67584	0.00231	1	0.06042	-0.01599	0.67489	0.00390	1	1.45898	0.81042	0	
1243112	8384.97266	3304649326247	0.24731	0.41664	8384.95312	0.01953	11082	1	0.23206	0.34084	1	0.23451	0.52057	1	0.23329	0.43071	1	0.46592	0.54271	9.71145	1.06646	1	0.73087	0.57063	13.39085	1.06646	1	-0.00740	-0.01095	0.67584	0.00231	1	0.06042	-0.01599	0.67489	0.00351	1	1.45898	0.81042	0	
1243113	8384.97949	3304649393262	0.25289	0.41897	8384.95312	0.02637	11082	1	0.26146	0.34089	1	0.28901	0.51571	1	0.27523	0.42830	1	0.46591	0.54280	9.95518	1.06646	1	0.73082	0.57037	11.80877	1.06646	1	-0.00740	-0.01095	0.67584	0.00225	1	0.06042	-0.01599	0.67489	0.00363	1	1.45898	0.81042	0	
1243114	8384.98633	3304649460546	0.25760	0.42052	8384.95312	0.03320	11082	1	0.26205	0.35085	1	0.30024	0.50566	1	0.28114	0.42825	1	0.46593	0.54278	9.97291	1.06646	1	0.73108	0.57026	12.18542	1.06646	1	-0.00740	-0.01095	0.67584	0.00224	1	0.06042	-0.01599	0.67489	0.00368	1	1.45898	0.81042	0	
1243115	8384.99316	3304649527514	0.26114	0.42205	8384.95312	0.04004	11082	1	0.26459	0.35720	1	0.30016	0.50523	1	0.28237	0.43121	1	0.46576	0.54290	9.70984	1.05844	1	0.73088	0.57017	12.30261	1.06712	1	-0.00722	-0.01070	0.66384	0.00229	1	0.06251	-0.01653	0.69766	0.00366	1	1.45898	0.81042	0	
1243116	8385.00000	3304649594378	0.26367	0.42380	8384.95312	0.04688	11082	1	0.23895	0.34970	1	0.32384	0.52240	1	0.28139	0.43605	1	0.46576	0.54281	9.59311	1.05911	1	0.73145	0.57045	13.15456	1.06779	1	-0.00722	-0.01070	0.66384	0.00234	1	0.06251	-0.01653	0.69766	0.00370	1	1.45898	0.81042	0	
1243117	8385.00684	3304649661230	0.26402	0.42543	8384.95312	0.05371	11082	1	0.25796	0.36027	1	0.27573	0.51679	1	0.26684	0.43853	1	0.46589	0.54291	9.71510	1.05977	1	0.73068	0.57029	12.79667	1.06845	1	-0.00722	-0.01070	0.66384	0.00223	1	0.06251	-0.01653	0.69766	0.00359	1	1.45898	0.81042	0	
1243118	8385.01367	3304649728192	0.26435	0.42697	8384.95312	0.06055	11082	1	0.25775	0.35974	1	0.27689	0.52183	1	0.26732	0.44079	1	0.46611	0.54277	9.73689	1.06043	1	0.73109	0.57027	12.82355	1.06043	1	-0.00722	-0.01065	0.66384	0.00238	1	0.06042	-0.01592	0.67378	0.00351	1	1.45898	0.81042	0	
1243119	8385.02051	3304649795453	0.26442	0.42636	8384.95312	0.06738	11082	1	0.24538	0.34385	1	0.28484	0.49661	1	0.26511	0.42023	1	0.46617	0.54269	9.86855	1.06043	1	0.73074	0.56998	12.10473	1.05175	1	-0.00722	-0.01065	0.66384	0.00230	1	0.06042	-0.01592	0.67378	0.00356	1	1.45898	0.81042	0	
1243120	8385.02637	3304649860718	0.26072	0.42767	8384.95312	0.07324	11082	1	0.21264	0.34584	1	0.22736	0.53830	1	0.22000	0.44207	1	0.46634	0.54260	10.05508	1.05175	1	0.73062	0.57010	12.64143	1.04307	1	-0.00722	-0.01065	0.66384	0.00218	1	0.06042	-0.01592	0.67378	0.00360	1	1.45898	0.81042	0	
1243121	8385.03320	3304649927839	0.25777	0.42925	8384.95312	0.08008	11082	1	0.21578	0.35288	1	0.22904	0.54368	1	0.22241	0.44828	1	0.46970	0.54464	10.92090	1.04307	1	0.73416	0.56935	11.92861	1.03439	1	-0.00668	-0.01059	0.66006	0.00373	1	0.06005	-0.01574	0.66408	0.00381	1	1.45898	0.81042	0	
1243122	8385.04004	3304649996247	0.26490	0.43769	8384.95312	0.08691	11082	1	0.38476	0.49272	1	0.33025	0.60204	1	0.35751	0.54738	1	0.47047	0.54400	11.00033	1.03439	1	0.73468	0.57007	12.22091	1.03439	1	-0.00668	-0.01059	0.66006	0.00351	1	0.06005	-0.01574	0.66408	0.00360	1	1.45898	0.81042	0	
1243123	8385.04688	3304650063049	0.26643	0.43853	8384.95312	0.09375	11082	1	0.29767	0.36631	1	0.27808	0.53434	1	0.28787	0.45033	1	0.47038	0.54222	10.27067	1.03439	1	0.73454	0.56925	13.02716	1.03439	1	-0.00668	-0.01059	0.66006	0.00248	1	0.06005	-0.01574	0.66408	0.00324	1	1.45898	0.81042	0	
1243124	8385.05371	3304650130403	0.26766	0.43891	8384.95312	0.10059	11082	1	0.29529	0.35990	1	0.27690	0.52927	1	0.28609	0.44459	1	0.47419	0.54309	11.14074	1.04241	1	0.73815	0.56906	12.22998	1.04241	1	-0.00634	-0.01108	0.69338	0.00358	1	0.06221	-0.01614	0.68121	0.00366	1	1.45898	0.81042	0	
1243125	8385.06055	3304650197040	0.27988	0.44041	8384.95312	0.10742	11082	1	0.48828	0.45380	1	0.46255	0.47501	1	0.47541	0.46441	1	0.47502	0.54307	10.49317	1.05043	1	0.73875	0.56915	11.88960	1.05043	1	-0.00634	-0.01108	0.69338	0.00360	1	0.06221	-0.01614	0.68121	0.00346	1	1.45898	0.81042	0	
1243126	8385.06641	3304650262212	0.28926	0.43987	8384.95312	0.11328	11082	1	0.46383	0.39998	1	0.43371	0.46140	1	0.44877	0.43069	1	0.47514	0.54261	10.48230	1.05844	1	0.73864	0.56853	12.11293	1.05844	1	-0.00634	-0.01108	0.69338	0.00372	1	0.06221	-0.01614	0.68121	0.00355	1	1.45898	0.81042	0	
1243127	8385.07324	3304650330411	0.29762	0.43922	8384.95312	0.12012	11082	1	0.46258	0.39404	1	0.43371	0.46116	1	0.44815	0.42760	1	0.47730	0.54317	11.44065	1.06646	1	0.74063	0.56867	11.81022	1.05880	1	-0.00584	-0.01077	0.68362	0.00340	1	0.06059	-0.01561	0.66071	0.00359	1	1.45898	0.81042	0	
1243128	8385.08008	3304650398371	0.34209	0.44985	8384.95312	0.12012	11082	0	0.58120	0.41114	1	0.53808	0.47542	1	0.55964	0.44328	1	0.47746	0.54307	11.62201	1.05880	1	0.74043	0.56853	11.76459	1.05114	1	-0.00584	-0.01077	0.68362	0.00361	1	0.06059	-0.01561	0.66071	0.00361	1	1.45898	0.81042	0	
1243129	8385.08691	3304650464712	0.45435	0.45315	8384.95312	0.12012	11082	0	0.58935	0.43834	1	0.54386	0.47458	1	0.56661	0.45646	1	0.47756	0.54317	11.77844	1.05114	1	0.74055	0.56865	11.96576	1.04348	1	-0.00584	-0.01077	0.68362	0.00359	1	0.06059	-0.01561	0.66071	0.00360	1	1.45898	0.81042	0	
1243130	8385.09375	3304650531983	0.49171	0.45605	8384.95312	0.12012	11082	0	0.58975	0.44372	1	0.54308	0.47995	1	0.56642	0.46184	1	0.47735	0.54286	11.15219	1.04348	1	0.74047	0.56870	12.07092	1.03582	1	-0.00584	-0.01077	0.68362	0.00367	1	0.05994	-0.01539	0.65368	0.00359	1	1.45898	0.81042	0	
1243131	8385.10059	3304650598995	0.56901	0.46324	8384.95312	0.12012	11082	0	0.60167	0.43304	1	0.54633	0.50978	1	0.57400	0.47141	1	0.47736	0.54296	11.60531	1.03582	1	0.74051	0.56901	12.11554	1.03582	1	-0.00584	-0.01077	0.68362	0.00362	1	0.05994	-0.01539	0.65368	0.00352	1	1.45898	0.81042	0	
1243132	8385.10742	3304650665924	0.56894	0.46173	8384.95312	0.12012	11082	0	0.59910	0.43105	1	0.53864	0.48941	1	0.56887	0.46023	1	0.47730	0.54291	11.27877	1.03582	1	0.74046	0.56883	12.15512	1.03582	1	-0.00584	-0.01077	0.68362	0.00364	1	0.05994	-0.01539	0.65368	0.00355	1	1.45898	0.81042	0	
1243133	8385.11426	3304650733112	0.56899	0.45910	8384.95312	0.12012	11082	0	0.59869	0.42452	1	0.53952	0.48312	1	0.56911	0.45382	1	0.47713	0.54316	11.24664	1.04491	1	0.74058	0.56866	12.06317	1.04491	1	-0.00600	-0.01097	0.69633	0.00353	1	0.06059	-0.01551	0.66071	0.00364	1	1.45898	0.81042	0	
1243134	8385.12012	3304650799748	0.57181	0.46383	8385.10059	0.01953	11083	1	0.60195	0.46309	1	0.55859	0.49299	1	0.58027	0.47804	1	0.47731	0.54302	11.19273	1.05399	1	0.74075	0.56886	12.55711	1.05399	1	-0.00600	-0.01097	0.69633	0.00353	1	0.06059	-0.01551	0.66071	0.00361	1	1.45898	0.81042	0	
1243135	8385.12695	3304650867020	0.57106	0.46494	8385.10059	0.02637	11083	1	0.57683	0.46348	1	0.55926	0.47527	1	0.56804	0.46938	1	0.47692	0.54295	11.31073	1.06308	1	0.74065	0.56875	12.27738	1.06308	1	-0.00600	-0.01097	0.69633	0.00363	1	0.06059	-0.01551	0.66071	0.00358	1	1.45898	0.81042	0	
1243136	8385.13379	3304650933886	0.57056	0.46568	8385.10059	0.03320	11083	1	0.57683	0.46348	1	0.55926	0.47527	1	0.56804	0.46938	1	0.47694	0.54296	10.41330	1.06308	1	0.74061	0.56879	12.38144	1.06308	1	-0.00595	-0.01077	0.68393	0.00362	1	0.05994	-0.01530	0.65368	0.00355	1	1.45898	0.81042	0	
1243137	8385.14062	3304651001009	0.56852	0.46843	8385.10059	0.04004	11083	1	0.55508	0.48624	1	0.55758	0.48367	1	0.55633	0.48495	1	0.47653	0.54301	11.58553	1.05399	1	0.74070	0.56882	12.14701	1.05399	1	-0.00595	-0.01077	0.68393	0.00362	1	0.05994	-0.01530	0.65368	0.00356	1	1.45898	0.81042	0	
1243138	8385.14746	3304651067420	0.56841	0.46825	8385.10059	0.04688	11083	1	0.58083	0.44295	1	0.55438	0.49100	1	0.56761	0.46697	1	0.47666	0.54278	10.66533	1.04491	1	0.74063	0.56859	12.02222	1.04491	1	-0.00595	-0.01077	0.68393	0.00363	1	0.05994	-0.01530	0.65368	0.00365	1	1.45898	0.81042	0	
1243139	8385.15430	3304651134359	0.56829	0.46881	8385.10059	0.05371	11083	1	0.58137	0.44933	1	0.55337	0.49722	1	0.56737	0.47328	1	0.47651	0.54293	11.24669	1.03582	1	0.74058	0.56853	12.31170	1.03582	1	-0.00601	-0.01070	0.67928	0.00348	1	0.06059	-0.01551	0.66071	0.00365	1	1.45898	0.81042	0	
1243140	8385.16113	3304651201973	0.56925	0.46895	8385.10059	0.06055	11083	1	0.60188	0.44227	1	0.55379	0.49810	1	0.57784	0.47019	1	0.47699	0.54267	10.40760	1.03582	1	0.74061	0.56862	12.46451	1.03582	1	-0.00601	-0.01070	0.67928	0.00364	1	0.06059	-0.01551	0.66071	0.00362	1	1.45898	0.81042	0	
1243141	8385.16699	3304651269498	0.57001	0.46920	8385.10059	0.06641	11083	1	0.60463	0.43947	1	0.55058	0.50390	1	0.57760	0.47169	1	0.47705	0.54288	10.15252	1.03582	1	0.74068	0.56869	12.61068	1.03582	1	-0.00601	-0.01070	0.67928	0.00374	1	0.06059	-0.01551	0.66071	0.00366	1	1.45898	0.81042	0	
1243142	8385.17383	3304651335939	0.57064	0.46940	8385.10059	0.07324	11083	1	0.60463	0.43947	1	0.55058	0.50390	1	0.57760	0.47169	1	0.47681	0.54299	11.77413	1.03582	1	0.74055	0.56860	12.44098	1.03582	1	-0.00601	-0.01065	0.67928	0.00347	1	0.05994	-0.01530	0.65368	0.00364	1	1.45898	0.81042	0	
1243143	8385.18066	3304651402793	0.57046	0.46962	8385.10059	0.08008	11083	1	0.58757	0.45088	1	0.54892	0.49346	1	0.56824	0.47217	1	0.47672	0.54266	11.38342	1.03582	1	0.74062	0.56856	12.22447	1.03582	1	-0.00601	-0.01065	0.67928	0.00350	1	0.05994	-0.01530	0.65368	0.00364	1	1.45898	0.81042	0	
1243144	8385.18750	3304651469721	0.57031	0.47095	8385.10059	0.08691	11083	1	0.60982	0.48481	1	0.52688	0.49176	1	0.56835	0.48828	1	0.47702	0.54305	11.59939	1.03582	1	0.74026	0.56862	11.67631	1.03582	1	-0.00601	-0.01065	0.67928	0.00338	1	0.05994	-0.01530	0.65368	0.00363	1	1.45898	0.81042	0	
1243145	8385.19434	3304651536808	0.57018	0.47211	8385.10059	0.09375	11083	1	0.60982	0.48481	1	0.52688	0.49176	1	0.56835	0.48828	1	0.47694	0.54255	11.40936	1.03582	1	0.74033	0.56862	11.73508	1.03582	1	-0.00601	-0.01070	0.67928	0.00364	1	0.05994	-0.01530	0.65368	0.00364	1	1.45898	0.81042	0	
1243146	8385.20117	3304651604041	0.57013	0.47140	8385.10059	0.10059	11083	1	0.59057	0.43543	1	0.54838	0.48627	1	0.56948	0.46085	1	0.47679	0.54259	11.27420	1.03582	1	0.74067	0.56859	12.20779	1.03582	1	-0.00601	-0.01070	0.67928	0.00351	1	0.05994	-0.01530	0.65368	0.00366	1	1.45898	0.81042	0	
1243147	8385.20801	3304651670849	0.56978	0.47030	8385.10059	0.10742	11083	1	0.59972	0.42832	1	0.52851	0.47703	1	0.56412	0.45267	1	0.47688	0.54240	11.22976	1.03582	1	0.74029	0.56857	11.47021	1.03582	1	-0.00601	-0.01070	0.67928	0.00341	1	0.05994	-0.01530	0.65368	0.00365	1	1.45898	0.81042	0	
1243148	8385.21387	3304651738062	0.56948	0.46917	8385.10059	0.11328	11083	1	0.59972	0.42832	1	0.52919	0.47164	1	0.56445	0.44998	1	0.47680	0.54241	11.49403	1.03582	1	0.74046	0.56865	12.11315	1.04348	1	-0.00601	-0.01070	0.67928	0.00340	1	0.06304	-0.01612	0.68689	0.00360	1	1.45898	0.81042	0	
1243149	8385.22070	3304651804291	0.56904	0.46999	8385.10059	0.12012	11083	1	0.58231	0.49430	1	0.53965	0.47530	1	0.56098	0.48480	1	0.47702	0.54309	10.78176	1.04348	1	0.74078	0.56864	12.37950	1.05114	1	-0.00601	-0.01070	0.67928	0.00345	1	0.06304	-0.01612	0.68689	0.00352	1	1.45898	0.81042	0	
1243150	8385.22754	3304651872014	0.56694	0.46914	8385.10059	0.12695	11083	1	0.53488	0.43902	1	0.51949	0.46661	1	0.52719	0.45281	1	0.47706	0.54292	10.29491	1.05114	1	0.74083	0.56904	12.01676	1.05880	1	-0.00601	-0.01070	0.67928	0.00348	1	0.06304	-0.01612	0.68689	0.00368	1	1.45898	0.81042	0	
1243151	8385.23438	3304651938669	0.56504	0.46850	8385.10059	0.13379	11083	1	0.53492	0.43927	1	0.51887	0.47220	1	0.52689	0.45574	1	0.48004	0.54394	11.22462	1.05078	1	0.74382	0.57017	12.12214	1.05078	1	-0.00537	-0.01045	0.65731	0.00348	1	0.06191	-0.01584	0.67069	0.00346	1	1.45898	0.81042	0	
1243152	8385.24121	3304652005142	0.56838	0.47225	8385.10059	0.14062	11083	1	0.66413	0.51902	1	0.61324	0.58301	1	0.63868	0.55101	1	0.48064	0.54393	11.41270	1.04277	1	0.74403	0.57063	11.74364	1.03511	1	-0.00537	-0.01045	0.65731	0.00341	1	0.06191	-0.01584	0.67069	0.00381	1	1.45898	0.81042	0	
1243153	8385.24805	3304652072643	0.57081	0.47476	8385.10059	0.14746	11083	1	0.64228	0.48641	1	0.60598	0.57363	1	0.62413	0.53002	1	0.48068	0.54403	10.27823	1.02709	1	0.74396	0.57043	11.24241	1.01943	1	-0.00537	-0.01045	0.65731	0.00364	1	0.06191	-0.01584	0.67069	0.00390	1	1.45898	0.81042	0	
1243154	8385.25488	3304652139602	0.57303	0.47717	8385.10059	0.15430	11083	1	0.64233	0.49154	1	0.60598	0.57363	1	0.62416	0.53258	1	0.48213	0.54483	11.51307	1.01943	1	0.74727	0.56867	10.63902	1.01943	1	-0.00508	-0.01087	0.67704	0.00351	1	0.06378	-0.01644	0.68706	0.00231	1	1.45898	0.81042	0	
1243155	8385.26074	3304652206343	0.58050	0.47690	8385.10059	0.16016	11083	1	0.75301	0.53286	1	0.76675	0.40791	1	0.75988	0.47039	1	0.48285	0.54454	11.39698	1.02745	1	0.74732	0.56871	10.04136	1.03511	1	-0.00508	-0.01087	0.67704	0.00341	1	0.06378	-0.01644	0.68706	0.00230	1	1.45898	0.81042	0	
1243156	8385.26758	3304652273177	0.58685	0.47516	8385.10059	0.16699	11083	1	0.72367	0.47934	1	0.76747	0.38393	1	0.74557	0.43164	1	0.48242	0.54465	10.53852	1.04312	1	0.74721	0.56863	9.92640	1.05078	1	-0.00508	-0.01087	0.67704	0.00338	1	0.06378	-0.01644	0.68706	0.00228	1	1.45898	0.81042	0	
1243157	8385.27441	3304652340516	0.62104	0.47488	8385.10059	0.16699	11083	0	0.72415	0.47427	1	0.76981	0.37779	1	0.74698	0.42603	1	0.48218	0.54481	10.94890	1.05078	1	0.74705	0.56884	10.24401	1.05844	1	-0.00509	-0.01058	0.65888	0.00348	1	0.06378	-0.01644	0.68706	0.00232	1	1.45898	0.81042	0	
1243158	8385.28125	3304652407971	0.69975	0.47066	8385.10059	0.16699	11083	0	0.74164	0.51967	1	0.81529	0.41322	1	0.77846	0.46645	1	0.48223	0.54517	11.72159	1.05043	1	0.74721	0.56869	9.97810	1.05043	1	-0.00509	-0.01058	0.65888	0.00349	1	0.06378	-0.01644	0.68706	0.00240	1	1.45898	0.81042	0	
1243159	8385.28809	3304652474995	0.72391	0.47204	8385.10059	0.16699	11083	0	0.74580	0.52082	1	0.79863	0.42875	1	0.77221	0.47479	1	0.48233	0.54514	11.43078	1.04241	1	0.74710	0.56876	10.32895	1.04241	1	-0.00509	-0.01058	0.65888	0.00356	1	0.06378	-0.01644	0.68706	0.00226	1	1.45898	0.81042	0	
1243160	8385.29492	3304652541349	0.77292	0.47571	8385.10059	0.16699	11083	0	0.74513	0.52581	1	0.79103	0.44597	1	0.76808	0.48589	1	0.48225	0.54522	11.44255	1.03439	1	0.74697	0.56861	9.99405	1.01992	1	-0.00512	-0.01069	0.66284	0.00348	1	0.05896	-0.01522	0.63620	0.00228	1	1.45898	0.81042	0	
1243161	8385.30078	3304652605983	0.76937	0.48317	8385.10059	0.16699	11083	0	0.75356	0.52613	1	0.77809	0.45515	1	0.76583	0.49064	1	0.48208	0.54505	11.01082	1.01992	1	0.74692	0.56882	10.21251	1.00546	1	-0.00512	-0.01069	0.66284	0.00348	1	0.05896	-0.01522	0.63620	0.00226	1	1.45898	0.81042	0	
1243162	8385.30762	3304652673448	0.77006	0.48543	8385.10059	0.16699	11083	0	0.76068	0.53442	1	0.78219	0.44545	1	0.77144	0.48993	1	0.48219	0.54508	11.33310	1.00546	1	0.74700	0.56865	9.94664	0.99099	1	-0.00512	-0.01069	0.66284	0.00341	1	0.05896	-0.01522	0.63620	0.00229	1	1.45898	0.81042	0	
1243163	8385.31445	3304652739773	0.76990	0.48845	8385.29492	0.01953	11084	1	0.75923	0.54355	1	0.77959	0.45148	1	0.76941	0.49751	1	0.48213	0.54495	11.66727	0.99099	1	0.74684	0.56857	10.07573	0.98333	1	-0.00509	-0.01058	0.65888	0.00337	1	0.06114	-0.01580	0.66023	0.00231	1	1.45898	0.81042	0	
1243164	8385.32129	3304652805014	0.76960	0.49241	8385.29492	0.02637	11084	1	0.75522	0.54915	1	0.78158	0.46731	1	0.76840	0.50823	1	0.48218	0.54513	11.19217	0.98333	1	0.74706	0.56871	10.67134	0.99014	1	-0.00509	-0.01058	0.65888	0.00344	1	0.06114	-0.01580	0.66023	0.00230	1	1.45898	0.81042	0	
1243165	8385.32812	3304652873676	0.76594	0.49103	8385.29492	0.03320	11084	1	0.73301	0.53162	1	0.76224	0.43671	1	0.74762	0.48417	1	0.48185	0.54486	11.27510	0.99014	1	0.74677	0.56859	10.03339	0.99695	1	-0.00509	-0.01058	0.65888	0.00343	1	0.06114	-0.01580	0.66023	0.00227	1	1.45898	0.81042	0	
1243166	8385.33496	3304652940493	0.76607	0.48164	8385.29492	0.04004	11084	1	0.73301	0.53162	0	0.76684	0.42528	1	0.76684	0.42528	1	0.48185	0.54486	11.27510	0.99695	0	0.74667	0.56846	9.93804	1.01141	1	-0.00509	-0.01058	0.65888	0.00343	1	0.06288	-0.01626	0.67958	0.00236	1	1.45898	0.81042	0	
1243167	8385.34082	3304653007690	0.76607	0.48164	8385.29492	0.04590	11084	1	0.73301	0.53162	0	0.76684	0.42528	0	0.76684	0.42528	0	0.48185	0.54486	11.27510	1.01141	0	0.74667	0.56846	9.93804	1.01907	0	-0.00509	-0.01058	0.65888	0.00343	1	0.06288	-0.01626	0.67958	0.00236	1	1.45898	0.81042	0	
1243168	8385.34863	3304653077283	0.76607	0.48164	8385.29492	0.05371	11084	1	0.73301	0.53162	0	0.76684	0.42528	0	0.76684	0.42528	0	0.48185	0.54486	11.27510	1.01907	0	0.74667	0.56846	9.93804	1.02673	0	-0.00509	-0.01058	0.65888	0.00343	1	0.06288	-0.01626	0.67958	0.00236	1	1.45898	0.81042	0	
1243169	8385.35449	3304653144037	0.76607	0.48164	8385.29492	0.05957	11084	1	0.73301	0.53162	0	0.76684	0.42528	0	0.76684	0.42528	0	0.48185	0.54486	11.27510	1.02673	0	0.74667	0.56846	9.93804	1.03439	0	-0.00509	-0.01058	0.65888	0.00343	1	0.06288	-0.01626	0.67958	0.00236	1	1.45898	0.81042	0	
1243170	8385.36133	3304653208444	0.76492	0.48263	8385.29492	0.05957	11084	0	0.73301	0.53162	0	0.76684	0.42528	0	0.76684	0.42528	0	0.48185	0.54486	11.27510	1.03439	0	0.74667	0.56846	9.93804	1.03439	0	-0.00509	-0.01058	0.65888	0.00343	1	0.06288	-0.01626	0.67958	0.00236	1	1.45898	0.81042	0	
1243171	8385.36816	3304653278242	0.76492	0.48263	8385.29492	0.05957	11084	0	0.73301	0.53162	0	0.76684	0.42528	0	0.76684	0.42528	0	0.48185	0.54486	11.27510	1.03439	0	0.74667	0.56846	9.93804	1.03439	0	-0.00509	-0.01058	0.65888	0.00343	1	0.06288	-0.01626	0.67958	0.00236	1	1.45898	0.81042	0	
1243172	8385.37500	3304653345432	0.76492	0.48263	8385.29492	0.05957	11084	0	0.73301	0.53162	0	0.76684	0.42528	0	0.76684	0.42528	0	0.48185	0.54486	11.27510	1.03439	0	0.74667	0.56846	9.93804	1.03439	0	-0.00509	-0.01058	0.65888	0.00343	1	0.06288	-0.01626	0.67958	0.00236	1	1.45898	0.81042	0	
1243173	8385.38184	3304653412308	0.00000	0.00000	8385.29492	0.05957	11084	0	0.73301	0.53162	0	0.76684	0.42528	0	0.76684	0.42528	0	0.48185	0.54486	11.27510	1.03439	0	0.74667	0.56846	9.93804	1.03439	0	-0.00509	-0.01058	0.65888	0.00343	1	0.06288	-0.01626	0.67958	0.00236	1	1.45898	0.81042	0	
1243174	8385.38867	3304653478291	0.00000	0.00000	8385.29492	0.05957	11084	0	0.73301	0.53162	0	0.76684	0.42528	0	0.76684	0.42528	0	0.48185	0.54486	11.27510	1.03439	0	0.74667	0.56846	9.93804	1.03439	0	-0.00509	-0.01058	0.65888	0.00343	1	0.06288	-0.01626	0.67958	0.00236	1	1.45898	0.81042	0	
1243175	8385.39551	3304653545857	0.00000	0.00000	8385.29492	0.05957	11084	0	0.73301	0.53162	0	0.76684	0.42528	0	0.76684	0.42528	0	0.48185	0.54486	11.27510	1.03439	0	0.74667	0.56846	9.93804	1.03439	0	-0.00509	-0.01058	0.65888	0.00343	1	0.06288	-0.01626	0.67958	0.00236	1	1.45898	0.81042	0	
1243176	8385.40234	3304653614661	0.76626	0.46093	8385.29492	0.05957	11084	0	0.74585	0.53447	1	0.78666	0.38740	1	0.76626	0.46093	1	0.48153	0.54530	11.29634	1.03439	1	0.74655	0.56839	9.22258	1.03439	1	-0.00509	-0.01058	0.65888	0.00349	1	0.06288	-0.01626	0.67958	0.00232	1	1.45898	0.81042	0	
1243177	8385.40820	3304653680034	0.75687	0.46603	8385.29492	0.05957	11084	0	0.74553	0.54138	1	0.74942	0.40086	1	0.74748	0.47112	1	0.48149	0.54533	11.42405	1.03439	1	0.74636	0.56863	10.21549	1.03439	1	-0.00509	-0.01058	0.65888	0.00341	1	0.06288	-0.01626	0.67958	0.00219	1	1.45898	0.81042	0	
1243178	8385.41504	3304653746433	0.75424	0.46585	8385.29492	0.05957	11084	0	0.74621	0.53651	1	0.75178	0.39448	1	0.74900	0.46549	1	0.48140	0.54519	11.30151	1.04241	1	0.74668	0.56818	9.89368	1.04241	1	-0.00547	-0.01104	0.68793	0.00344	1	0.06431	-0.01647	0.69504	0.00246	1	1.45898	0.81042	0	
1243179	8385.42188	3304653813767	0.75890	0.45951	8385.40234	0.01953	11085	1	0.73726	0.49871	1	0.80849	0.38223	1	0.77287	0.44047	1	0.48135	0.54499	11.11465	1.05043	1	0.74644	0.56840	9.84977	1.05043	1	-0.00547	-0.01104	0.68793	0.00339	1	0.06431	-0.01647	0.69504	0.00225	1	1.45898	0.81042	0	
1243180	8385.42871	3304653881229	0.76179	0.46662	8385.40234	0.02637	11085	1	0.73812	0.55649	1	0.80853	0.43371	1	0.77332	0.49510	1	0.48132	0.54524	11.06992	1.05844	1	0.74633	0.56811	9.69201	1.05844	1	-0.00547	-0.01104	0.68793	0.00329	1	0.06431	-0.01647	0.69504	0.00216	1	1.45898	0.81042	0	
1243181	8385.43555	3304653948261	0.76179	0.46662	8385.40234	0.03320	11085	1	0.73812	0.55649	0	0.80853	0.43371	0	0.77332	0.49510	0	0.48132	0.54524	11.06992	1.06646	0	0.74633	0.56811	9.69201	1.06646	0	-0.00547	-0.01104	0.68793	0.00329	1	0.06431	-0.01647	0.69504	0.00216	1	1.45898	0.81042	0	
1243182	8385.44238	3304654014621	0.76179	0.46662	8385.40234	0.04004	11085	1	0.73812	0.55649	0	0.80853	0.43371	0	0.77332	0.49510	0	0.48132	0.54524	11.06992	1.06646	0	0.74633	0.56811	9.69201	1.06646	0	-0.00547	-0.01104	0.68793	0.00329	1	0.06431	-0.01647	0.69504	0.00216	1	1.45898	0.81042	0	
1243183	8385.44824	3304654082109	0.76179	0.46662	8385.40234	0.04590	11085	1	0.73812	0.55649	0	0.80853	0.43371	0	0.77332	0.49510	0	0.48132	0.54524	11.06992	1.06646	0	0.74633	0.56811	9.69201	1.06646	0	-0.00547	-0.01104	0.68793	0.00329	1	0.06431	-0.01647	0.69504	0.00216	1	1.45898	0.81042	0	
1243184	8385.45508	3304654149115	0.76067	0.46805	8385.40234	0.04590	11085	0	0.73812	0.55649	0	0.80853	0.43371	0	0.77332	0.49510	0	0.48132	0.54524	11.06992	1.06646	0	0.74633	0.56811	9.69201	1.06646	0	-0.00547	-0.01104	0.68793	0.00329	1	0.06431	-0.01647	0.69504	0.00216	1	1.45898	0.81042	0	
1243185	8385.46191	3304654216009	0.76067	0.46805	8385.40234	0.04590	11085	0	0.73812	0.55649	0	0.80853	0.43371	0	0.77332	0.49510	0	0.48132	0.54524	11.06992	1.06646	0	0.74633	0.56811	9.69201	1.06646	0	-0.00547	-0.01104	0.68793	0.00329	1	0.06431	-0.01647	0.69504	0.00216	1	1.45898	0.81042	0	
1243186	8385.46875	3304654283178	0.76067	0.46805	8385.40234	0.04590	11085	0	0.73812	0.55649	0	0.80853	0.43371	0	0.77332	0.49510	0	0.48132	0.54524	11.06992	1.06646	0	0.74633	0.56811	9.69201	1.06646	0	-0.00547	-0.01104	0.68793	0.00329	1	0.06431	-0.01647	0.69504	0.00216	1	1.45898	0.81042	0	
1243187	8385.47559	3304654349547	0.00000	0.00000	8385.40234	0.04590	11085	0	0.73812	0.55649	0	0.80853	0.43371	0	0.77332	0.49510	0	0.48132	0.54524	11.06992	1.06646	0	0.74633	0.56811	9.69201	1.06646	0	-0.00547	-0.01104	0.68793	0.00329	1	0.06431	-0.01647	0.69504	0.00216	1	1.45898	0.81042	0	
1243188	8385.48242	3304654417304	0.00000	0.00000	8385.40234	0.04590	11085	0	0.73812	0.55649	0	0.80853	0.43371	0	0.77332	0.49510	0	0.48132	0.54524	11.06992	1.06646	0	0.74633	0.56811	9.69201	1.06646	0	-0.00547	-0.01104	0.68793	0.00329	1	0.06431	-0.01647	0.69504	0.00216	1	1.45898	0.81042	0	
1243189	8385.48828	3304654482548	0.00000	0.00000	8385.40234	0.04590	11085	0	0.73812	0.55649	0	0.80853	0.43371	0	0.77332	0.49510	0	0.48132	0.54524	11.06992	1.06646	0	0.74633	0.56811	9.69201	1.06646	0	-0.00547	-0.01104	0.68793	0.00329	1	0.06431	-0.01647	0.69504	0.00216	1	1.45898	0.81042	0	
1243190	8385.49512	3304654551160	0.00000	0.00000	8385.40234	0.04590	11085	0	0.73812	0.55649	0	0.80853	0.43371	0	0.77332	0.49510	0	0.48132	0.54524	11.06992	1.06646	0	0.74633	0.56811	9.69201	1.06646	0	-0.00547	-0.01104	0.68793	0.00329	1	0.06431	-0.01647	0.69504	0.00216	1	1.45898	0.81042	0	
1243191	8385.50195	3304654617786	0.00000	0.00000	8385.40234	0.04590	11085	0	0.73812	0.55649	0	0.80853	0.43371	0	0.77332	0.49510	0	0.48132	0.54524	11.06992	1.06646	0	0.74633	0.56811	9.69201	1.06646	0	-0.00547	-0.01104	0.68793	0.00329	1	0.06431	-0.01647	0.69504	0.00216	1	1.45898	0.81042	0	
1243192	8385.50879	3304654684881	0.00000	0.00000	8385.40234	0.04590	11085	0	0.73812	0.55649	0	0.80853	0.43371	0	0.77332	0.49510	0	0.48132	0.54524	11.06992	1.06646	0	0.74633	0.56811	9.69201	1.06646	0	-0.00547	-0.01104	0.68793	0.00329	1	0.06431	-0.01647	0.69504	0.00216	1	1.45898	0.81042	0	
1243193	8385.51562	3304654752060	0.00000	0.00000	8385.40234	0.04590	11085	0	0.73812	0.55649	0	0.80853	0.43371	0	0.77332	0.49510	0	0.48132	0.54524	11.06992	1.06646	0	0.74633	0.56811	9.69201	1.06646	0	-0.00547	-0.01104	0.68793	0.00329	1	0.06431	-0.01647	0.69504	0.00216	1	1.45898	0.81042	0	
1243194	8385.52246	3304654818542	0.00000	0.00000	8385.40234	0.04590	11085	0	0.73812	0.55649	0	0.80853	0.43371	0	0.77332	0.49510	0	0.48132	0.54524	11.06992	1.06646	0	0.74633	0.56811	9.69201	1.06646	0	-0.00547	-0.01104	0.68793	0.00329	1	0.06431	-0.01647	0.69504	0.00216	1	1.45898	0.81042	0	
1243195	8385.52930	3304654885535	0.00000	0.00000	8385.40234	0.04590	11085	0	0.73812	0.55649	0	0.80853	0.43371	0	0.77332	0.49510	0	0.48132	0.54524	11.06992	1.06646	0	0.74633	0.56811	9.69201	1.06646	0	-0.00547	-0.01104	0.68793	0.00329	1	0.06431	-0.01647	0.69504	0.00216	1	1.45898	0.81042	0	
1243196	8385.53613	3304654952547	0.00000	0.00000	8385.40234	0.04590	11085	0	0.73812	0.55649	0	0.80853	0.43371	0	0.77332	0.49510	0	0.48132	0.54524	11.06992	1.06646	0	0.74633	0.56811	9.69201	1.06646	0	-0.00547	-0.01104	0.68793	0.00329	1	0.06431	-0.01647	0.69504	0.00216	1	1.45898	0.81042	0	
1243197	8385.54199	3304655019774	0.00000	0.00000	8385.40234	0.04590	11085	0	0.73812	0.55649	0	0.80853	0.43371	0	0.77332	0.49510	0	0.48132	0.54524	11.06992	1.06646	0	0.74633	0.56811	9.69201	1.06646	0	-0.00547	-0.01104	0.68793	0.00329	1	0.06431	-0.01647	0.69504	0.00216	1	1.45898	0.81042	0	
1243198	8385.54883	3304655086504	0.00000	0.00000	8385.40234	0.04590	11085	0	0.73812	0.55649	0	0.80853	0.43371	0	0.77332	0.49510	0	0.48132	0.54524	11.06992	1.06646	0	0.74633	0.56811	9.69201	1.06646	0	-0.00547	-0.01104	0.68793	0.00329	1	0.06431	-0.01647	0.69504	0.00216	1	1.45898	0.81042	0	
1243199	8385.55566	3304655153305	0.00000	0.00000	8385.40234	0.04590	11085	0	0.73812	0.55649	0	0.80853	0.43371	0	0.77332	0.49510	0	0.48132	0.54524	11.06992	1.06646	0	0.74633	0.56811	9.69201	1.06646	0	-0.00547	-0.01104	0.68793	0.00329	1	0.06431	-0.01647	0.69504	0.00216	1	1.45898	0.81042	0	
1243200	8385.56250	3304655220624	0.00000	0.00000	8385.40234	0.04590	11085	0	0.73812	0.55649	0	0.80853	0.43371	0	0.77332	0.49510	0	0.48132	0.54524	11.06992	1.06646	0	0.74633	0.56811	9.69201	1.06646	0	-0.00547	-0.01104	0.68793	0.00329	1	0.06431	-0.01647	0.69504	0.00216	1	1.45898	0.81042	0	
1243201	8385.56934	3304655287652	0.00000	0.00000	8385.40234	0.04590	11085	0	0.73812	0.55649	0	0.80853	0.43371	0	0.77332	0.49510	0	0.48132	0.54524	11.06992	1.06646	0	0.74633	0.56811	9.69201	1.06646	0	-0.00547	-0.01104	0.68793	0.00329	1	0.06431	-0.01647	0.69504	0.00216	1	1.45898	0.81042	0	
1243202	8385.57617	3304655354450	0.00000	0.00000	8385.40234	0.04590	11085	0	0.73812	0.55649	0	0.80853	0.43371	0	0.77332	0.49510	0	0.48132	0.54524	11.06992	1.06646	0	0.74633	0.56811	9.69201	1.06646	0	-0.00547	-0.01104	0.68793	0.00329	1	0.06431	-0.01647	0.69504	0.00216	1	1.45898	0.81042	0	
1243203	8385.58301	3304655422584	0.00000	0.00000	8385.40234	0.04590	11085	0	0.73812	0.55649	0	0.80853	0.43371	0	0.77332	0.49510	0	0.48132	0.54524	11.06992	1.06646	0	0.74633	0.56811	9.69201	1.06646	0	-0.00547	-0.01104	0.68793	0.00329	1	0.06431	-0.01647	0.69504	0.00216	1	1.45898	0.81042	0	
1243204	8385.58984	3304655489273	0.00000	0.00000	8385.40234	0.04590	11085	0	0.73812	0.55649	0	0.80853	0.43371	0	0.77332	0.49510	0	0.48132	0.54524	11.06992	1.06646	0	0.74633	0.56811	9.69201	1.06646	0	-0.00547	-0.01104	0.68793	0.00329	1	0.06431	-0.01647	0.69504	0.00216	1	1.45898	0.81042	0	
1243205	8385.59570	3304655555201	0.00000	0.00000	8385.40234	0.04590	11085	0	0.73812	0.55649	0	0.80853	0.43371	0	0.77332	0.49510	0	0.48132	0.54524	11.06992	1.06646	0	0.74633	0.56811	9.69201	1.06646	0	-0.00547	-0.01104	0.68793	0.00329	1	0.06431	-0.01647	0.69504	0.00216	1	1.45898	0.81042	0	
1243206	8385.60254	3304655622721	0.00000	0.00000	8385.40234	0.04590	11085	0	0.73812	0.55649	0	0.80853	0.43371	0	0.77332	0.49510	0	0.48132	0.54524	11.06992	1.06646	0	0.74633	0.56811	9.69201	1.06646	0	-0.00547	-0.01104	0.68793	0.00329	1	0.06431	-0.01647	0.69504	0.00216	1	1.45898	0.81042	0	
1243207	8385.60938	3304655689772	0.00000	0.00000	8385.40234	0.04590	11085	0	0.73812	0.55649	0	0.80853	0.43371	0	0.77332	0.49510	0	0.48132	0.54524	11.06992	1.06646	0	0.74633	0.56811	9.69201	1.06646	0	-0.00547	-0.01104	0.68793	0.00329	1	0.06431	-0.01647	0.69504	0.00216	1	1.45898	0.81042	0	
1243208	8385.61621	3304655756880	0.81126	0.42769	8385.40234	0.04590	11085	0	0.73812	0.55649	0	0.81126	0.42769	1	0.81126	0.42769	1	0.47171	0.53731	11.50733	1.06646	0	0.47171	0.53731	11.50733	1.06646	1	-0.00547	-0.01104	0.68793	0.00329	1	-0.00676	-0.01014	0.67253	0.00220	1	1.45898	0.81042	0	
1243209	8385.62305	3304655823877	0.57910	0.36712	8385.40234	0.04590	11085	0	0.73812	0.55649	0	0.34694	0.30655	1	0.34694	0.30655	1	0.47171	0.53731	11.50733	1.06646	0	0.47200	0.53971	11.08768	1.06646	1	-0.00547	-0.01104	0.68793	0.00329	1	-0.00676	-0.01014	0.67253	0.00361	1	1.45898	0.81042	0	
1243210	8385.62988	3304655890865	0.50597	0.33892	8385.40234	0.04590	11085	0	0.73812	0.55649	0	0.35970	0.28253	1	0.35970	0.28253	1	0.47171	0.53731	11.50733	1.06646	0	0.47210	0.53937	11.07182	1.06646	1	-0.00547	-0.01104	0.68793	0.00329	1	-0.00676	-0.01014	0.67253	0.00377	1	1.45898	0.81042	0	
1243211	8385.63672	3304655957595	0.35545	0.29053	8385.40234	0.04590	11085	0	0.73812	0.55649	0	0.35970	0.28253	1	0.35970	0.28253	1	0.47171	0.53731	11.50733	1.06646	0	0.47191	0.53739	10.89785	1.06646	1	-0.00547	-0.01104	0.68793	0.00329	1	-0.00679	-0.01014	0.67623	0.00216	1	1.45898	0.81042	0	
1243212	8385.64258	3304656024513	0.35200	0.20333	8385.40234	0.04590	11085	0	0.73812	0.55649	0	0.34855	0.11613	1	0.34855	0.11613	1	0.47171	0.53731	11.50733	1.06646	0	0.47190	0.53745	11.02670	1.06646	1	-0.00547	-0.01104	0.68793	0.00329	1	-0.00679	-0.01014	0.67623	0.00218	1	1.45898	0.81042	0	
1243213	8385.64941	3304656091599	0.35111	0.18643	8385.40234	0.04590	11085	0	0.73812	0.55649	0	0.34932	0.15263	1	0.34932	0.15263	1	0.47171	0.53731	11.50733	1.06646	0	0.47188	0.53743	10.95272	1.06646	1	-0.00547	-0.01104	0.68793	0.00329	1	-0.00679	-0.01014	0.67623	0.00218	1	1.45898	0.81042	0	
1243214	8385.65625	3304656158434	0.34926	0.14294	8385.40234	0.04590	11085	0	0.73812	0.55649	0	0.34990	0.16006	1	0.34990	0.16006	1	0.47171	0.53731	11.50733	1.06646	0	0.47215	0.53708	11.02360	1.05880	1	-0.00547	-0.01104	0.68793	0.00329	1	-0.00654	-0.00974	0.65623	0.00220	1	1.45898	0.81042	0	
1243215	8385.66309	3304656225161	0.34859	0.13466	8385.40234	0.04590	11085	0	0.73812	0.55649	0	0.34792	0.12638	1	0.34792	0.12638	1	0.47171	0.53731	11.50733	1.05880	0	0.47233	0.53719	11.01753	1.05114	1	-0.00547	-0.01104	0.68793	0.00329	1	-0.00654	-0.00974	0.65623	0.00227	1	1.45898	0.81042	0	
1243216	8385.66992	3304656291993	0.39125	0.17482	8385.40234	0.04590	11085	0	0.46563	0.17073	1	0.48750	0.33952	1	0.47657	0.25513	1	0.47222	0.53690	10.86277	1.05114	1	0.73676	0.56419	11.51491	1.04348	1	-0.00547	-0.01104	0.68793	0.00225	1	-0.00654	-0.00974	0.65623	0.00378	1	1.45898	0.81042	0	
1243217	8385.67676	3304656360538	0.43379	0.20953	8385.40234	0.04590	11085	0	0.46541	0.16936	1	0.48837	0.32482	1	0.47689	0.24709	1	0.47218	0.53688	11.06048	1.05257	1	0.73631	0.56373	11.83552	1.06125	1	-0.00692	-0.01046	0.70468	0.00223	1	0.06331	-0.01569	0.69722	0.00377	1	1.45898	0.81042	0	
1243218	8385.68359	3304656427476	0.45766	0.26920	8385.40234	0.04590	11085	0	0.50543	0.36122	1	0.45761	0.29653	1	0.48152	0.32888	1	0.47269	0.53949	11.11007	1.07033	1	0.73661	0.56379	11.18703	1.08667	1	-0.00692	-0.01046	0.70468	0.00364	1	0.06331	-0.01569	0.69722	0.00406	1	1.45898	0.81042	0	
1243219	8385.68945	3304656493771	0.46632	0.29502	8385.40234	0.04590	11085	0	0.51033	0.41272	1	0.45695	0.28058	1	0.48364	0.34665	1	0.47279	0.53954	11.11026	1.09576	1	0.73659	0.56367	11.20108	1.11210	1	-0.00692	-0.01046	0.70468	0.00362	1	0.06331	-0.01569	0.69722	0.00402	1	1.45898	0.81042	0	
1243220	8385.69629	3304656557816	0.48263	0.33882	8385.40234	0.04590	11085	0	0.50848	0.40127	1	0.45695	0.28058	1	0.48271	0.34093	1	0.47227	0.53657	10.97514	1.11210	1	0.73633	0.56409	11.68913	1.11210	1	-0.00664	-0.01001	0.68106	0.00223	1	0.05995	-0.01481	0.66023	0.00359	1	1.45898	0.81042	0	
1243221	8385.70312	3304656625069	0.47218	0.36704	8385.40234	0.04590	11085	0	0.50304	0.34311	1	0.42043	0.44741	1	0.46174	0.39526	1	0.47272	0.53889	10.54571	1.10301	1	0.73618	0.56473	12.17245	1.08667	1	-0.00664	-0.01001	0.68106	0.00361	1	0.05995	-0.01481	0.66023	0.00371	1	1.45898	0.81042	0	
1243222	8385.70996	3304656692629	0.46368	0.34405	8385.40234	0.04590	11085	0	0.46405	0.17480	1	0.42927	0.42133	1	0.44666	0.29807	1	0.47223	0.53654	11.11360	1.07759	1	0.73630	0.56432	12.10845	1.06125	1	-0.00664	-0.01001	0.68106	0.00225	1	0.05995	-0.01481	0.66023	0.00370	1	1.45898	0.81042	0	
1243223	8385.71582	3304656758051	0.45991	0.33786	8385.69629	0.01953	11086	1	0.46786	0.19862	1	0.42939	0.43994	1	0.44862	0.31928	1	0.47245	0.53657	11.11317	1.05216	1	0.73657	0.56419	11.50288	1.03582	1	-0.00669	-0.00994	0.67598	0.00238	1	0.06021	-0.01477	0.66304	0.00379	1	1.45898	0.81042	0	
1243224	8385.72266	3304656825623	0.45946	0.35143	8385.69629	0.02637	11086	1	0.47362	0.35555	1	0.44167	0.45591	1	0.45764	0.40573	1	0.47218	0.53836	11.10210	1.03582	1	0.73643	0.56437	11.46012	1.03582	1	-0.00669	-0.00994	0.67598	0.00380	1	0.06021	-0.01477	0.66304	0.00374	1	1.45898	0.81042	0	
1243225	8385.72949	3304656893185	0.46027	0.34194	8385.69629	0.03320	11086	1	0.48003	0.17579	1	0.44865	0.41318	1	0.46434	0.29449	1	0.47232	0.53642	11.40773	1.03582	1	0.73660	0.56380	11.18465	1.03582	1	-0.00669	-0.00994	0.67598	0.00229	1	0.06021	-0.01477	0.66304	0.00370	1	1.45898	0.81042	0	
1243226	8385.73633	3304656959500	0.46086	0.33475	8385.69629	0.04004	11086	1	0.48003	0.17579	1	0.44875	0.40737	1	0.46439	0.29158	1	0.47226	0.53631	11.29123	1.03582	1	0.73644	0.56391	11.86749	1.04348	1	-0.00664	-0.01001	0.68106	0.00227	1	0.06116	-0.01502	0.67413	0.00375	1	1.45898	0.81042	0	
1243227	8385.74316	3304657028187	0.46094	0.32654	8385.69629	0.04688	11086	1	0.47472	0.16675	1	0.44833	0.37148	1	0.46153	0.26912	1	0.47235	0.53635	11.25163	1.04348	1	0.73651	0.56378	11.03404	1.05114	1	-0.00664	-0.01001	0.68106	0.00230	1	0.06116	-0.01502	0.67413	0.00404	1	1.45898	0.81042	0	
1243228	8385.75000	3304657096236	0.46451	0.32688	8385.69629	0.05371	11086	1	0.51519	0.29310	1	0.47083	0.36604	1	0.49301	0.32957	1	0.47291	0.53795	10.74974	1.05114	1	0.73652	0.56379	11.04915	1.05880	1	-0.00664	-0.01001	0.68106	0.00389	1	0.06116	-0.01502	0.67413	0.00401	1	1.45898	0.81042	0	
1243229	8385.75684	3304657163199	0.46733	0.32652	8385.69629	0.06055	11086	1	0.51433	0.28663	1	0.47109	0.36000	1	0.49271	0.32332	1	0.47267	0.53854	10.79677	1.05880	1	0.73636	0.56409	11.81671	1.06646	1	-0.00664	-0.01001	0.68106	0.00381	1	0.06116	-0.01502	0.67413	0.00395	1	1.45898	0.81042	0	
1243230	8385.76367	3304657230401	0.46765	0.33034	8385.69629	0.06738	11086	1	0.50219	0.35068	1	0.43949	0.38645	1	0.47084	0.36856	1	0.47264	0.53832	10.57939	1.06646	1	0.73601	0.56385	12.04646	1.06646	1	-0.00664	-0.01001	0.68106	0.00382	1	0.06116	-0.01502	0.67413	0.00394	1	1.45898	0.81042	0	
1243231	8385.77051	3304657297154	0.46710	0.33612	8385.69629	0.07422	11086	1	0.48436	0.33822	1	0.43792	0.46103	1	0.46114	0.39963	1	0.47240	0.53819	11.18138	1.06646	1	0.73596	0.56418	11.91167	1.06646	1	-0.00664	-0.01001	0.68106	0.00384	1	0.06116	-0.01502	0.67413	0.00398	1	1.45898	0.81042	0	
1243232	8385.77734	3304657364320	0.46669	0.34146	8385.69629	0.08105	11086	1	0.48546	0.34457	1	0.43789	0.46657	1	0.46168	0.40557	1	0.47241	0.53825	10.99599	1.05844	1	0.73618	0.56319	11.92414	1.05844	1	-0.00658	-0.00985	0.67020	0.00395	1	0.06116	-0.01492	0.67413	0.00389	1	1.45898	0.81042	0	
1243233	8385.78320	3304657430027	0.46755	0.34111	8385.69629	0.08691	11086	1	0.50620	0.39473	1	0.45143	0.27846	1	0.47882	0.33660	1	0.47267	0.53843	11.94590	1.05043	1	0.73611	0.56308	11.50408	1.05043	1	-0.00658	-0.00985	0.67020	0.00377	1	0.06116	-0.01492	0.67413	0.00413	1	1.45898	0.81042	0	
1243234	8385.79004	3304657498738	0.46815	0.34257	8385.69629	0.09375	11086	1	0.50620	0.39473	0	0.47650	0.36296	1	0.47650	0.36296	1	0.47267	0.53843	11.94590	1.04241	0	0.73658	0.56356	11.23849	1.04241	1	-0.00658	-0.00985	0.67020	0.00377	1	0.06116	-0.01492	0.67413	0.00402	1	1.45898	0.81042	0	
1243235	8385.79688	3304657565338	0.46815	0.34257	8385.69629	0.10059	11086	1	0.50620	0.39473	0	0.47650	0.36296	0	0.47650	0.36296	0	0.47267	0.53843	11.94590	1.03439	0	0.73658	0.56356	11.23849	1.03439	0	-0.00658	-0.00985	0.67020	0.00377	1	0.06116	-0.01492	0.67413	0.00402	1	1.45898	0.81042	0	
1243236	8385.80371	3304657633437	0.46815	0.34257	8385.69629	0.10742	11086	1	0.50620	0.39473	0	0.47650	0.36296	0	0.47650	0.36296	0	0.47267	0.53843	11.94590	1.03439	0	0.73658	0.56356	11.23849	1.03439	0	-0.00658	-0.00985	0.67020	0.00377	1	0.06116	-0.01492	0.67413	0.00402	1	1.45898	0.81042	0	
1243237	8385.81055	3304657700748	0.46815	0.34257	8385.69629	0.11426	11086	1	0.50620	0.39473	0	0.47650	0.36296	0	0.47650	0.36296	0	0.47267	0.53843	11.94590	1.03439	0	0.73658	0.56356	11.23849	1.03439	0	-0.00658	-0.00985	0.67020	0.00377	1	0.06116	-0.01492	0.67413	0.00402	1	1.45898	0.81042	0	
1243238	8385.81738	3304657766104	0.46927	0.34220	8385.69629	0.11426	11086	0	0.50620	0.39473	0	0.47650	0.36296	0	0.47650	0.36296	0	0.47267	0.53843	11.94590	1.03439	0	0.73658	0.56356	11.23849	1.03439	0	-0.00658	-0.00985	0.67020	0.00377	1	0.06116	-0.01492	0.67413	0.00402	1	1.45898	0.81042	0	
1243239	8385.82422	3304657833502	0.46927	0.34220	8385.69629	0.11426	11086	0	0.50620	0.39473	0	0.47650	0.36296	0	0.47650	0.36296	0	0.47267	0.53843	11.94590	1.03439	0	0.73658	0.56356	11.23849	1.03439	0	-0.00658	-0.00985	0.67020	0.00377	1	0.06116	-0.01492	0.67413	0.00402	1	1.45898	0.81042	0	
1243240	8385.83008	3304657900291	0.46927	0.34220	8385.69629	0.11426	11086	0	0.50620	0.39473	0	0.47650	0.36296	0	0.47650	0.36296	0	0.47267	0.53843	11.94590	1.03439	0	0.73658	0.56356	11.23849	1.03439	0	-0.00658	-0.00985	0.67020	0.00377	1	0.06116	-0.01492	0.67413	0.00402	1	1.45898	0.81042	0	
1243241	8385.83691	3304657965711	0.00000	0.00000	8385.69629	0.11426	11086	0	0.50620	0.39473	0	0.47650	0.36296	0	0.47650	0.36296	0	0.47267	0.53843	11.94590	1.03439	0	0.73658	0.56356	11.23849	1.03439	0	-0.00658	-0.00985	0.67020	0.00377	1	0.06116	-0.01492	0.67413	0.00402	1	1.45898	0.81042	0	
1243242	8385.84375	3304658033813	0.24428	0.17141	8385.69629	0.11426	11086	0	0.50620	0.39473	0	0.48856	0.34282	1	0.48856	0.34282	1	0.47267	0.53843	11.94590	1.03439	0	0.73760	0.56270	11.90485	1.03439	1	-0.00658	-0.00985	0.67020	0.00377	1	0.06116	-0.01492	0.67413	0.00380	1	1.45898	0.81042	0	
1243243	8385.85059	3304658100998	0.24428	0.17141	8385.69629	0.11426	11086	0	0.50620	0.39473	0	0.48856	0.34282	0	0.48856	0.34282	0	0.47267	0.53843	11.94590	1.03439	0	0.73760	0.56270	11.90485	1.03439	0	-0.00658	-0.00985	0.67020	0.00377	1	0.06116	-0.01492	0.67413	0.00380	1	1.45898	0.81042	0	
1243244	8385.85742	3304658167758	0.48856	0.34282	8385.69629	0.11426	11086	0	0.50620	0.39473	0	0.48856	0.34282	0	0.48856	0.34282	0	0.47267	0.53843	11.94590	1.03439	0	0.73760	0.56270	11.90485	1.03439	0	-0.00658	-0.00985	0.67020	0.00377	1	0.06116	-0.01492	0.67413	0.00380	1	1.45898	0.81042	0	
1243245	8385.86426	3304658234961	0.48856	0.34282	8385.69629	0.11426	11086	0	0.50620	0.39473	0	0.48856	0.34282	0	0.48856	0.34282	0	0.47267	0.53843	11.94590	1.03439	0	0.73760	0.56270	11.90485	1.03439	0	-0.00658	-0.00985	0.67020	0.00377	1	0.06116	-0.01492	0.67413	0.00380	1	1.45898	0.81042	0	
1243246	8385.87012	3304658301140	0.48856	0.34282	8385.69629	0.11426	11086	0	0.50620	0.39473	0	0.48856	0.34282	0	0.48856	0.34282	0	0.47267	0.53843	11.94590	1.03439	0	0.73760	0.56270	11.90485	1.03439	0	-0.00658	-0.00985	0.67020	0.00377	1	0.06116	-0.01492	0.67413	0.00380	1	1.45898	0.81042	0	
1243247	8385.87695	3304658368437	0.00000	0.00000	8385.69629	0.11426	11086	0	0.50620	0.39473	0	0.48856	0.34282	0	0.48856	0.34282	0	0.47267	0.53843	11.94590	1.03439	0	0.73760	0.56270	11.90485	1.03439	0	-0.00658	-0.00985	0.67020	0.00377	1	0.06116	-0.01492	0.67413	0.00380	1	1.45898	0.81042	0	
1243248	8385.88379	3304658435611	0.00000	0.00000	8385.69629	0.11426	11086	0	0.50620	0.39473	0	0.48856	0.34282	0	0.48856	0.34282	0	0.47267	0.53843	11.94590	1.03439	0	0.73760	0.56270	11.90485	1.03439	0	-0.00658	-0.00985	0.67020	0.00377	1	0.06116	-0.01492	0.67413	0.00380	1	1.45898	0.81042	0	
1243249	8385.89062	3304658502952	0.00000	0.00000	8385.69629	0.11426	11086	0	0.50620	0.39473	0	0.48856	0.34282	0	0.48856	0.34282	0	0.47267	0.53843	11.94590	1.03439	0	0.73760	0.56270	11.90485	1.03439	0	-0.00658	-0.00985	0.67020	0.00377	1	0.06116	-0.01492	0.67413	0.00380	1	1.45898	0.81042	0	
1243250	8385.89746	3304658566012	0.00000	0.00000	8385.69629	0.11426	11086	0	0.50620	0.39473	0	0.48856	0.34282	0	0.48856	0.34282	0	0.47267	0.53843	11.94590	1.03439	0	0.73760	0.56270	11.90485	1.03439	0	-0.00658	-0.00985	0.67020	0.00377	1	0.06116	-0.01492	0.67413	0.00380	1	1.45898	0.81042	0	
1243251	8385.90430	3304658634887	0.00000	0.00000	8385.69629	0.11426	11086	0	0.50620	0.39473	0	0.48856	0.34282	0	0.48856	0.34282	0	0.47267	0.53843	11.94590	1.03439	0	0.73760	0.56270	11.90485	1.03439	0	-0.00658	-0.00985	0.67020	0.00377	1	0.06116	-0.01492	0.67413	0.00380	1	1.45898	0.81042	0	
1243252	8385.91113	3304658702895	0.25204	0.18976	8385.69629	0.11426	11086	0	0.53751	0.35742	1	0.47063	0.40161	1	0.50407	0.37952	1	0.47358	0.53760	11.19371	1.03439	1	0.73738	0.56280	11.89832	1.03439	1	-0.00658	-0.00985	0.67020	0.00360	1	0.06116	-0.01492	0.67413	0.00391	1	1.45898	0.81042	0	
1243253	8385.91699	3304658768619	0.50374	0.37430	8385.69629	0.11426	11086	0	0.53587	0.34383	1	0.47095	0.39431	1	0.50341	0.36907	1	0.47354	0.53738	11.08800	1.05149	1	0.73780	0.56170	11.74447	1.04384	1	-0.00675	-0.00995	0.69806	0.00362	1	0.06006	-0.01441	0.66033	0.00432	1	1.45898	0.81042	0	
1243254	8385.92383	3304658838291	0.50678	0.34235	8385.69629	0.11426	11086	0	0.52723	0.29839	1	0.49239	0.32240	1	0.50981	0.31040	1	0.47358	0.53707	10.97596	1.06094	1	0.73761	0.56184	12.02168	1.05328	1	-0.00675	-0.00995	0.69806	0.00376	1	0.06006	-0.01441	0.66033	0.00421	1	1.45898	0.81042	0	
1243255	8385.93066	3304658905260	0.50637	0.34073	8385.69629	0.11426	11086	0	0.52382	0.32794	1	0.48729	0.34704	1	0.50556	0.33749	1	0.47345	0.53763	11.55227	1.07038	1	0.73754	0.56192	11.86009	1.06272	1	-0.00675	-0.00995	0.69806	0.00360	1	0.06006	-0.01441	0.66033	0.00409	1	1.45898	0.81042	0	
1243256	8385.93750	3304658971563	0.50180	0.33886	8385.91699	0.02051	11087	1	0.52382	0.32794	0	0.48811	0.33327	1	0.48811	0.33327	1	0.47345	0.53763	11.55227	1.07982	0	0.47345	0.53497	11.12593	1.07982	1	-0.00675	-0.00995	0.69806	0.00360	1	-0.00667	-0.00975	0.68391	0.00222	1	1.45898	0.81042	0	
1243257	8385.94434	3304659038535	0.48118	0.31826	8385.91699	0.02734	11087	1	0.52382	0.32794	0	0.39870	0.23586	1	0.39870	0.23586	1	0.47345	0.53763	11.55227	1.07982	0	0.47355	0.53673	10.99179	1.08748	1	-0.00675	-0.00995	0.69806	0.00360	1	-0.00667	-0.00975	0.68391	0.00392	1	1.45898	0.81042	0	
1243258	8385.95117	3304659105951	0.46895	0.30706	8385.91699	0.03418	11087	1	0.52382	0.32794	0	0.40778	0.25103	1	0.40778	0.25103	1	0.47345	0.53763	11.55227	1.08748	0	0.47368	0.53688	10.76891	1.09514	1	-0.00675	-0.00995	0.69806	0.00360	1	-0.00667	-0.00975	0.68391	0.00394	1	1.45898	0.81042	0	
1243259	8385.95801	3304659172534	0.46895	0.30706	8385.91699	0.04102	11087	1	0.52382	0.32794	0	0.40778	0.25103	0	0.40778	0.25103	0	0.47345	0.53763	11.55227	1.09514	0	0.47368	0.53688	10.76891	1.10280	0	-0.00675	-0.00995	0.69806	0.00360	1	-0.00667	-0.00975	0.68391	0.00394	1	1.45898	0.81042	0	
1243260	8385.96484	3304659240178	0.46895	0.30706	8385.91699	0.04785	11087	1	0.52382	0.32794	0	0.40778	0.25103	0	0.40778	0.25103	0	0.47345	0.53763	11.55227	1.10280	0	0.47368	0.53688	10.76891	1.10280	0	-0.00675	-0.00995	0.69806	0.00360	1	-0.00667	-0.00975	0.68391	0.00394	1	1.45898	0.81042	0	
1243261	8385.97070	3304659306311	0.46895	0.30706	8385.91699	0.05371	11087	1	0.52382	0.32794	0	0.40778	0.25103	0	0.40778	0.25103	0	0.47345	0.53763	11.55227	1.10280	0	0.47368	0.53688	10.76891	1.10280	0	-0.00675	-0.00995	0.69806	0.00360	1	-0.00667	-0.00975	0.68391	0.00394	1	1.45898	0.81042	0	
1243262	8385.97754	3304659373602	0.46199	0.29361	8385.91699	0.05371	11087	0	0.52382	0.32794	0	0.40778	0.25103	0	0.40778	0.25103	0	0.47345	0.53763	11.55227	1.10280	0	0.47368	0.53688	10.76891	1.10280	0	-0.00675	-0.00995	0.69806	0.00360	1	-0.00667	-0.00975	0.68391	0.00394	1	1.45898	0.81042	0	
1243263	8385.98438	3304659440934	0.46199	0.29361	8385.91699	0.05371	11087	0	0.52382	0.32794	0	0.40778	0.25103	0	0.40778	0.25103	0	0.47345	0.53763	11.55227	1.10280	0	0.47368	0.53688	10.76891	1.10280	0	-0.00675	-0.00995	0.69806	0.00360	1	-0.00667	-0.00975	0.68391	0.00394	1	1.45898	0.81042	0	
1243264	8385.99121	3304659507651	0.46199	0.29361	8385.91699	0.05371	11087	0	0.52382	0.32794	0	0.40778	0.25103	0	0.40778	0.25103	0	0.47345	0.53763	11.55227	1.10280	0	0.47368	0.53688	10.76891	1.10280	0	-0.00675	-0.00995	0.69806	0.00360	1	-0.00667	-0.00975	0.68391	0.00394	1	1.45898	0.81042	0	
1243265	8385.99805	3304659574511	0.00000	0.00000	8385.91699	0.05371	11087	0	0.52382	0.32794	0	0.40778	0.25103	0	0.40778	0.25103	0	0.47345	0.53763	11.55227	1.10280	0	0.47368	0.53688	10.76891	1.10280	0	-0.00675	-0.00995	0.69806	0.00360	1	-0.00667	-0.00975	0.68391	0.00394	1	1.45898	0.81042	0	
1243266	8386.00488	3304659641522	0.24149	0.19868	8385.91699	0.05371	11087	0	0.52382	0.32794	0	0.48297	0.39736	1	0.48297	0.39736	1	0.47345	0.53763	11.55227	1.10280	0	0.73709	0.56236	11.44904	1.10280	1	-0.00675	-0.00995	0.69806	0.00360	1	-0.00667	-0.00975	0.68391	0.00372	1	1.45898	0.81042	0	
1243267	8386.01172	3304659709023	0.24149	0.19868	8385.91699	0.05371	11087	0	0.52382	0.32794	0	0.48297	0.39736	0	0.48297	0.39736	0	0.47345	0.53763	11.55227	1.10280	0	0.73709	0.56236	11.44904	1.10280	0	-0.00675	-0.00995	0.69806	0.00360	1	-0.00667	-0.00975	0.68391	0.00372	1	1.45898	0.81042	0	
1243268	8386.01758	3304659775381	0.48297	0.39736	8385.91699	0.05371	11087	0	0.52382	0.32794	0	0.48297	0.39736	0	0.48297	0.39736	0	0.47345	0.53763	11.55227	1.10280	0	0.73709	0.56236	11.44904	1.10280	0	-0.00675	-0.00995	0.69806	0.00360	1	-0.00667	-0.00975	0.68391	0.00372	1	1.45898	0.81042	0	
1243269	8386.02441	3304659842409	0.48297	0.39736	8385.91699	0.05371	11087	0	0.52382	0.32794	0	0.48297	0.39736	0	0.48297	0.39736	0	0.47345	0.53763	11.55227	1.10280	0	0.73709	0.56236	11.44904	1.10280	0	-0.00675	-0.00995	0.69806	0.00360	1	-0.00667	-0.00975	0.68391	0.00372	1	1.45898	0.81042	0	
1243270	8386.03125	3304659909344	0.48297	0.39736	8385.91699	0.05371	11087	0	0.52382	0.32794	0	0.48297	0.39736	0	0.48297	0.39736	0	0.47345	0.53763	11.55227	1.10280	0	0.73709	0.56236	11.44904	1.10280	0	-0.00675	-0.00995	0.69806	0.00360	1	-0.00667	-0.00975	0.68391	0.00372	1	1.45898	0.81042	0	
1243271	8386.03809	3304659976768	0.00000	0.00000	8385.91699	0.05371	11087	0	0.52382	0.32794	0	0.48297	0.39736	0	0.48297	0.39736	0	0.47345	0.53763	11.55227	1.10280	0	0.73709	0.56236	11.44904	1.10280	0	-0.00675	-0.00995	0.69806	0.00360	1	-0.00667	-0.00975	0.68391	0.00372	1	1.45898	0.81042	0	
1243272	8386.04492	3304660043566	0.00000	0.00000	8385.91699	0.05371	11087	0	0.52382	0.32794	0	0.48297	0.39736	0	0.48297	0.39736	0	0.47345	0.53763	11.55227	1.10280	0	0.73709	0.56236	11.44904	1.10280	0	-0.00675	-0.00995	0.69806	0.00360	1	-0.00667	-0.00975	0.68391	0.00372	1	1.45898	0.81042	0	
1243273	8386.05176	3304660110480	0.00000	0.00000	8385.91699	0.05371	11087	0	0.52382	0.32794	0	0.48297	0.39736	0	0.48297	0.39736	0	0.47345	0.53763	11.55227	1.10280	0	0.73709	0.56236	11.44904	1.10280	0	-0.00675	-0.00995	0.69806	0.00360	1	-0.00667	-0.00975	0.68391	0.00372	1	1.45898	0.81042	0	
1243274	8386.05859	3304660177507	0.00000	0.00000	8385.91699	0.05371	11087	0	0.52382	0.32794	0	0.48297	0.39736	0	0.48297	0.39736	0	0.47345	0.53763	11.55227	1.10280	0	0.73709	0.56236	11.44904	1.10280	0	-0.00675	-0.00995	0.69806	0.00360	1	-0.00667	-0.00975	0.68391	0.00372	1	1.45898	0.81042	0	
1243275	8386.06445	3304660244487	0.00000	0.00000	8385.91699	0.05371	11087	0	0.52382	0.32794	0	0.48297	0.39736	0	0.48297	0.39736	0	0.47345	0.53763	11.55227	1.10280	0	0.73709	0.56236	11.44904	1.10280	0	-0.00675	-0.00995	0.69806	0.00360	1	-0.00667	-0.00975	0.68391	0.00372	1	1.45898	0.81042	0	
1243276	8386.07129	3304660311358	0.20045	0.15537	8385.91699	0.05371	11087	0	0.52382	0.32794	0	0.40091	0.31074	1	0.40091	0.31074	1	0.47331	0.53675	10.39693	1.10280	0	0.47331	0.53675	10.39693	1.10280	1	-0.00675	-0.00995	0.69806	0.00360	1	-0.00667	-0.00975	0.68391	0.00357	1	1.45898	0.81042	0	
1243277	8386.07812	3304660378404	0.40102	0.31381	8385.91699	0.05371	11087	0	0.52382	0.32794	0	0.40113	0.31688	1	0.40113	0.31688	1	0.47331	0.53675	10.39693	1.10280	0	0.47320	0.53451	10.98762	1.09514	1	-0.00675	-0.00995	0.69806	0.00360	1	-0.00653	-0.00938	0.66495	0.00219	1	1.45898	0.81042	0	
1243278	8386.08496	3304660445043	0.45179	0.35569	8385.91699	0.05371	11087	0	0.53259	0.38295	1	0.47252	0.41219	1	0.50255	0.39757	1	0.47326	0.53700	10.24139	1.09514	1	0.73656	0.56133	11.60010	1.08748	1	-0.00675	-0.00995	0.69806	0.00368	1	-0.00653	-0.00938	0.66495	0.00374	1	1.45898	0.81042	0	
1243279	8386.09180	3304660511290	0.47137	0.36335	8385.91699	0.05371	11087	0	0.53690	0.38225	1	0.48420	0.37512	1	0.51055	0.37868	1	0.47320	0.53706	10.43588	1.08748	1	0.73673	0.56093	11.60740	1.07982	1	-0.00675	-0.00995	0.69806	0.00357	1	-0.00653	-0.00938	0.66495	0.00387	1	1.45898	0.81042	0	
1243280	8386.09766	3304660576519	0.50814	0.39019	8385.91699	0.05371	11087	0	0.53919	0.40039	1	0.48343	0.38822	1	0.51131	0.39431	1	0.47305	0.53435	10.91250	1.06272	1	0.73624	0.56129	11.37437	1.06272	1	-0.00658	-0.00935	0.67020	0.00213	1	0.06164	-0.01447	0.67937	0.00394	1	1.45898	0.81042	0	
1243281	8386.10449	3304660643786	0.50344	0.40705	8385.91699	0.05371	11087	0	0.53588	0.41166	1	0.46160	0.43618	1	0.49874	0.42392	1	0.47352	0.53673	10.51194	1.04562	1	0.73637	0.56139	11.65976	1.05328	1	-0.00658	-0.00935	0.67020	0.00372	1	0.06164	-0.01447	0.67937	0.00381	1	1.45898	0.81042	0	
1243282	8386.11133	3304660710427	0.50593	0.41786	8385.91699	0.05371	11087	0	0.56061	0.43160	1	0.46119	0.44732	1	0.51090	0.43946	1	0.47354	0.53715	10.72745	1.03618	1	0.73638	0.56144	11.64188	1.04384	1	-0.00658	-0.00935	0.67020	0.00362	1	0.06164	-0.01447	0.67937	0.00380	1	1.45898	0.81042	0	
1243283	8386.11816	3304660777829	0.50723	0.42496	8386.09766	0.02051	11088	1	0.56133	0.43840	1	0.46095	0.45414	1	0.51114	0.44627	1	0.47296	0.53391	10.49012	1.02673	1	0.73654	0.56093	11.35144	1.03439	1	-0.00658	-0.00935	0.67020	0.00214	1	0.06164	-0.01447	0.67937	0.00385	1	1.45898	0.81042	0	
1243284	8386.12500	3304660844228	0.49872	0.42649	8386.09766	0.02734	11088	1	0.56133	0.43840	0	0.46467	0.43260	1	0.46467	0.43260	1	0.47296	0.53391	10.49012	1.03439	0	0.73646	0.56078	10.91954	1.03439	1	-0.00658	-0.00935	0.67020	0.00214	1	0.06164	-0.01447	0.67937	0.00379	1	1.45898	0.81042	0	
1243285	8386.13184	3304660911296	0.49456	0.42517	8386.09766	0.03418	11088	1	0.56133	0.43840	0	0.47377	0.41856	1	0.47377	0.41856	1	0.47296	0.53391	10.49012	1.03439	0	0.73661	0.56068	11.05281	1.03439	1	-0.00658	-0.00935	0.67020	0.00214	1	0.06164	-0.01447	0.67937	0.00386	1	1.45898	0.81042	0	
1243286	8386.13770	3304660974315	0.49155	0.42505	8386.09766	0.04004	11088	1	0.56133	0.43840	0	0.47349	0.42435	1	0.47349	0.42435	1	0.47296	0.53391	10.49012	1.03439	0	0.73630	0.56077	11.37867	1.02673	1	-0.00658	-0.00935	0.67020	0.00214	1	0.05844	-0.01368	0.64470	0.00418	1	1.45898	0.81042	0	
1243287	8386.14453	3304661045283	0.49155	0.42505	8386.09766	0.04688	11088	1	0.56133	0.43840	0	0.47349	0.42435	0	0.47349	0.42435	0	0.47296	0.53391	10.49012	1.02673	0	0.73630	0.56077	11.37867	1.01907	0	-0.00658	-0.00935	0.67020	0.00214	1	0.05844	-0.01368	0.64470	0.00418	1	1.45898	0.81042	0	
1243288	8386.15137	3304661112389	0.48664	0.43272	8386.09766	0.05371	11088	1	0.56133	0.43840	0	0.45222	0.48644	1	0.45222	0.48644	1	0.47296	0.53391	10.49012	1.01907	0	0.73626	0.56068	11.36932	1.01141	1	-0.00658	-0.00935	0.67020	0.00214	1	0.05844	-0.01368	0.64470	0.00389	1	1.45898	0.81042	0	
1243289	8386.15820	3304661181430	0.48280	0.43929	8386.09766	0.06055	11088	1	0.56133	0.43840	0	0.45209	0.49184	1	0.45209	0.49184	1	0.47296	0.53391	10.49012	1.01141	0	0.73670	0.56054	11.90074	1.00375	1	-0.00658	-0.00935	0.67020	0.00214	1	0.05844	-0.01373	0.64470	0.00387	1	1.45898	0.81042	0	
1243290	8386.16504	3304661250057	0.48506	0.43861	8386.09766	0.06738	11088	1	0.56133	0.43840	0	0.50539	0.43252	1	0.50539	0.43252	1	0.47296	0.53391	10.49012	1.00375	0	0.73718	0.56002	11.01908	1.00375	1	-0.00658	-0.00935	0.67020	0.00214	1	0.05844	-0.01373	0.64470	0.00409	1	1.45898	0.81042	0	
1243291	8386.17188	3304661315914	0.48264	0.44399	8386.09766	0.07422	11088	1	0.56133	0.43840	0	0.45845	0.49773	1	0.45845	0.49773	1	0.47296	0.53391	10.49012	1.00375	0	0.73643	0.56070	11.09959	1.00375	1	-0.00658	-0.00935	0.67020	0.00214	1	0.05844	-0.01373	0.64470	0.00389	1	1.45898	0.81042	0	
1243292	8386.17871	3304661383059	0.48062	0.44847	8386.09766	0.08105	11088	1	0.56133	0.43840	0	0.45845	0.49773	1	0.45845	0.49773	1	0.47296	0.53391	10.49012	1.00375	0	0.73657	0.56068	11.02575	1.00375	1	-0.00658	-0.00935	0.67020	0.00214	1	0.05844	-0.01373	0.64470	0.00390	1	1.45898	0.81042	0	
1243293	8386.18555	3304661449376	0.48062	0.44847	8386.09766	0.08789	11088	1	0.56133	0.43840	0	0.45845	0.49773	0	0.45845	0.49773	0	0.47296	0.53391	10.49012	1.00375	0	0.73657	0.56068	11.02575	1.00375	0	-0.00658	-0.00935	0.67020	0.00214	1	0.05844	-0.01373	0.64470	0.00390	1	1.45898	0.81042	0	
1243294	8386.19238	3304661516924	0.48062	0.44847	8386.09766	0.09473	11088	1	0.56133	0.43840	0	0.45845	0.49773	0	0.45845	0.49773	0	0.47296	0.53391	10.49012	1.00375	0	0.73657	0.56068	11.02575	1.00375	0	-0.00658	-0.00935	0.67020	0.00214	1	0.05844	-0.01373	0.64470	0.00390	1	1.45898	0.81042	0	
1243295	8386.19922	3304661583959	0.48062	0.44847	8386.09766	0.10156	11088	1	0.56133	0.43840	0	0.45845	0.49773	0	0.45845	0.49773	0	0.47296	0.53391	10.49012	1.00375	0	0.73657	0.56068	11.02575	1.00375	0	-0.00658	-0.00935	0.67020	0.00214	1	0.05844	-0.01373	0.64470	0.00390	1	1.45898	0.81042	0	
1243296	8386.20605	3304661651429	0.47812	0.45376	8386.09766	0.10156	11088	0	0.56133	0.43840	0	0.45845	0.49773	0	0.45845	0.49773	0	0.47296	0.53391	10.49012	1.00375	0	0.73657	0.56068	11.02575	1.00375	0	-0.00658	-0.00935	0.67020	0.00214	1	0.05844	-0.01373	0.64470	0.00390	1	1.45898	0.81042	0	
1243297	8386.21191	3304661717979	0.47812	0.45376	8386.09766	0.10156	11088	0	0.56133	0.43840	0	0.45845	0.49773	0	0.45845	0.49773	0	0.47296	0.53391	10.49012	1.00375	0	0.73657	0.56068	11.02575	1.00375	0	-0.00658	-0.00935	0.67020	0.00214	1	0.05844	-0.01373	0.64470	0.00390	1	1.45898	0.81042	0	
1243298	8386.21875	3304661784824	0.47812	0.45376	8386.09766	0.10156	11088	0	0.56133	0.43840	0	0.45845	0.49773	0	0.45845	0.49773	0	0.47296	0.53391	10.49012	1.00375	0	0.73657	0.56068	11.02575	1.00375	0	-0.00658	-0.00935	0.67020	0.00214	1	0.05844	-0.01373	0.64470	0.00390	1	1.45898	0.81042	0	
1243299	8386.22559	3304661851514	0.00000	0.00000	8386.09766	0.10156	11088	0	0.56133	0.43840	0	0.45845	0.49773	0	0.45845	0.49773	0	0.47296	0.53391	10.49012	1.00375	0	0.73657	0.56068	11.02575	1.00375	0	-0.00658	-0.00935	0.67020	0.00214	1	0.05844	-0.01373	0.64470	0.00390	1	1.45898	0.81042	0	
1243300	8386.23242	3304661918778	0.00000	0.00000	8386.09766	0.10156	11088	0	0.56133	0.43840	0	0.45845	0.49773	0	0.45845	0.49773	0	0.47296	0.53391	10.49012	1.00375	0	0.73657	0.56068	11.02575	1.00375	0	-0.00658	-0.00935	0.67020	0.00214	1	0.05844	-0.01373	0.64470	0.00390	1	1.45898	0.81042	0	
1243301	8386.23926	3304661985622	0.00000	0.00000	8386.09766	0.10156	11088	0	0.56133	0.43840	0	0.45845	0.49773	0	0.45845	0.49773	0	0.47296	0.53391	10.49012	1.00375	0	0.73657	0.56068	11.02575	1.00375	0	-0.00658	-0.00935	0.67020	0.00214	1	0.05844	-0.01373	0.64470	0.00390	1	1.45898	0.81042	0	
1243302	8386.24609	3304662054072	0.00000	0.00000	8386.09766	0.10156	11088	0	0.56133	0.43840	0	0.45845	0.49773	0	0.45845	0.49773	0	0.47296	0.53391	10.49012	1.00375	0	0.73657	0.56068	11.02575	1.00375	0	-0.00658	-0.00935	0.67020	0.00214	1	0.05844	-0.01373	0.64470	0.00390	1	1.45898	0.81042	0	
1243303	8386.25293	3304662121427	0.00000	0.00000	8386.09766	0.10156	11088	0	0.56133	0.43840	0	0.45845	0.49773	0	0.45845	0.49773	0	0.47296	0.53391	10.49012	1.00375	0	0.73657	0.56068	11.02575	1.00375	0	-0.00658	-0.00935	0.67020	0.00214	1	0.05844	-0.01373	0.64470	0.00390	1	1.45898	0.81042	0	
1243304	8386.25879	3304662186602	0.00000	0.00000	8386.09766	0.10156	11088	0	0.56133	0.43840	0	0.45845	0.49773	0	0.45845	0.49773	0	0.47296	0.53391	10.49012	1.00375	0	0.73657	0.56068	11.02575	1.00375	0	-0.00658	-0.00935	0.67020	0.00214	1	0.05844	-0.01373	0.64470	0.00390	1	1.45898	0.81042	0	
1243305	8386.26562	3304662253471	0.00000	0.00000	8386.09766	0.10156	11088	0	0.56133	0.43840	0	0.45845	0.49773	0	0.45845	0.49773	0	0.47296	0.53391	10.49012	1.00375	0	0.73657	0.56068	11.02575	1.00375	0	-0.00658	-0.00935	0.67020	0.00214	1	0.05844	-0.01373	0.64470	0.00390	1	1.45898	0.81042	0	
1243306	8386.27246	3304662320935	0.00000	0.00000	8386.09766	0.10156	11088	0	0.56133	0.43840	0	0.45845	0.49773	0	0.45845	0.49773	0	0.47296	0.53391	10.49012	1.00375	0	0.73657	0.56068	11.02575	1.00375	0	-0.00658	-0.00935	0.67020	0.00214	1	0.05844	-0.01373	0.64470	0.00390	1	1.45898	0.81042	0	
1243307	8386.27930	3304662387982	0.00000	0.00000	8386.09766	0.10156	11088	0	0.56133	0.43840	0	0.45845	0.49773	0	0.45845	0.49773	0	0.47296	0.53391	10.49012	1.00375	0	0.73657	0.56068	11.02575	1.00375	0	-0.00658	-0.00935	0.67020	0.00214	1	0.05844	-0.01373	0.64470	0.00390	1	1.45898	0.81042	0	
1243308	8386.28613	3304662454398	0.00000	0.00000	8386.09766	0.10156	11088	0	0.56133	0.43840	0	0.45845	0.49773	0	0.45845	0.49773	0	0.47296	0.53391	10.49012	1.00375	0	0.73657	0.56068	11.02575	1.00375	0	-0.00658	-0.00935	0.67020	0.00214	1	0.05844	-0.01373	0.64470	0.00390	1	1.45898	0.81042	0	
1243309	8386.29297	3304662522197	0.19327	0.20412	8386.09766	0.10156	11088	0	0.56133	0.43840	0	0.38654	0.40825	1	0.38654	0.40825	1	0.47333	0.53635	10.44682	1.00375	0	0.47333	0.53635	10.44682	1.00375	1	-0.00658	-0.00935	0.67020	0.00214	1	0.05844	-0.01373	0.64470	0.00353	1	1.45898	0.81042	0	
1243310	8386.29980	3304662588866	0.25758	0.27016	8386.09766	0.10156	11088	0	0.56133	0.43840	0	0.38619	0.40225	1	0.38619	0.40225	1	0.47333	0.53635	10.44682	1.00375	0	0.47344	0.53589	10.38862	1.01141	1	-0.00658	-0.00935	0.67020	0.00214	1	-0.00672	-0.00957	0.68946	0.00362	1	1.45898	0.81042	0	
1243311	8386.30566	3304662652550	0.38805	0.33626	8386.09766	0.10156	11088	0	0.56133	0.43840	0	0.39142	0.19829	1	0.39142	0.19829	1	0.47333	0.53635	10.44682	1.01141	0	0.47340	0.53369	10.58595	1.01907	1	-0.00658	-0.00935	0.67020	0.00214	1	-0.00672	-0.00957	0.68946	0.00216	1	1.45898	0.81042	0	
1243312	8386.31250	3304662720564	0.38472	0.24838	8386.09766	0.10156	11088	0	0.56133	0.43840	0	0.38139	0.16050	1	0.38139	0.16050	1	0.47333	0.53635	10.44682	1.01907	0	0.47320	0.53371	10.69503	1.02673	1	-0.00658	-0.00935	0.67020	0.00214	1	-0.00672	-0.00957	0.68946	0.00212	1	1.45898	0.81042	0	
1243313	8386.31934	3304662789512	0.41337	0.26182	8386.09766	0.10156	11088	0	0.56072	0.43263	1	0.38062	0.14476	1	0.47067	0.28870	1	0.47281	0.53360	10.82533	1.03475	1	0.73625	0.55986	11.38288	1.04241	1	-0.00659	-0.00932	0.67565	0.00214	1	0.06116	-0.01416	0.67413	0.00398	1	1.45898	0.81042	0	
1243314	8386.32617	3304662856543	0.44274	0.24997	8386.09766	0.10156	11088	0	0.49299	0.21197	1	0.45933	0.38948	1	0.47616	0.30072	1	0.47289	0.53352	10.76673	1.05043	1	0.73634	0.55980	11.36570	1.05043	1	-0.00659	-0.00932	0.67565	0.00210	1	0.06116	-0.01416	0.67413	0.00398	1	1.45898	0.81042	0	
1243315	8386.33301	3304662923499	0.45752	0.26128	8386.09766	0.10156	11088	0	0.48527	0.15502	1	0.45932	0.39014	1	0.47230	0.27258	1	0.47291	0.53347	10.78708	1.05844	1	0.73631	0.56004	11.71169	1.05844	1	-0.00659	-0.00932	0.67565	0.00225	1	0.06116	-0.01416	0.67413	0.00393	1	1.45898	0.81042	0	
1243316	8386.33984	3304662990670	0.46229	0.26272	8386.09766	0.10156	11088	0	0.48419	0.14724	1	0.45950	0.38400	1	0.47185	0.26562	1	0.47299	0.53321	10.90775	1.06646	1	0.73623	0.55991	11.95814	1.06646	1	-0.00659	-0.00932	0.67565	0.00225	1	0.06116	-0.01416	0.67413	0.00392	1	1.45898	0.81042	0	
1243317	8386.34570	3304663055273	0.46548	0.26002	8386.32617	0.01953	11089	1	0.48621	0.13926	1	0.46384	0.36459	1	0.47503	0.25192	1	0.47301	0.53323	10.87270	1.06646	1	0.73638	0.55968	11.34859	1.06646	1	-0.00659	-0.00932	0.67565	0.00224	1	0.06116	-0.01416	0.67413	0.00402	1	1.45898	0.81042	0	
1243318	8386.35254	3304663124048	0.46689	0.25287	8386.32617	0.02637	11089	1	0.48797	0.11056	1	0.45710	0.33796	1	0.47253	0.22426	1	0.47297	0.53310	10.53053	1.06646	1	0.73628	0.55941	11.55073	1.06646	1	-0.00659	-0.00932	0.67565	0.00230	1	0.06116	-0.01416	0.67413	0.00408	1	1.45898	0.81042	0	
1243319	8386.35938	3304663191356	0.46783	0.24810	8386.32617	0.03320	11089	1	0.48797	0.11056	1	0.45710	0.33796	1	0.47253	0.22426	1	0.47314	0.53332	10.59124	1.06646	1	0.73633	0.55991	11.42823	1.06646	1	-0.00659	-0.00932	0.67565	0.00220	1	0.06116	-0.01421	0.67413	0.00394	1	1.45898	0.81042	0	
1243320	8386.36621	3304663259402	0.46846	0.25140	8386.32617	0.04004	11089	1	0.48209	0.15501	1	0.46236	0.38730	1	0.47223	0.27116	1	0.47289	0.53343	10.44208	1.06646	1	0.73633	0.55991	11.42823	1.06646	1	-0.00659	-0.00932	0.67565	0.00216	1	0.06116	-0.01421	0.67413	0.00394	1	1.45898	0.81042	0	
1243321	8386.37305	3304663325769	0.46968	0.25012	8386.32617	0.04688	11089	1	0.48152	0.13234	1	0.47487	0.34997	1	0.47820	0.24116	1	0.47296	0.53324	10.12315	1.06646	1	0.73654	0.55959	11.38475	1.06646	1	-0.00659	-0.00932	0.67565	0.00227	1	0.06116	-0.01421	0.67413	0.00384	1	1.45898	0.81042	0	
1243322	8386.37988	3304663392798	0.47062	0.24912	8386.32617	0.05371	11089	1	0.48152	0.13234	1	0.47487	0.34997	1	0.47820	0.24116	1	0.47305	0.53367	10.84774	1.06646	1	0.73667	0.56010	11.56174	1.06646	1	-0.00672	-0.00957	0.68946	0.00222	1	0.06164	-0.01437	0.67937	0.00374	1	1.45898	0.81042	0	
1243323	8386.38672	3304663459413	0.47237	0.25167	8386.32617	0.06055	11089	1	0.50585	0.17598	1	0.47044	0.37322	1	0.48814	0.27460	1	0.47323	0.53357	10.99140	1.06646	1	0.73654	0.56001	11.48817	1.06646	1	-0.00672	-0.00957	0.68946	0.00225	1	0.06164	-0.01437	0.67937	0.00380	1	1.45898	0.81042	0	
1243324	8386.39355	3304663526402	0.47345	0.25089	8386.32617	0.06738	11089	1	0.49652	0.17026	1	0.47199	0.31603	1	0.48426	0.24315	1	0.47312	0.53368	10.83482	1.06646	1	0.73660	0.55978	11.49092	1.06646	1	-0.00672	-0.00957	0.68946	0.00222	1	0.06164	-0.01437	0.67937	0.00374	1	1.45898	0.81042	0	
1243325	8386.39941	3304663593370	0.47435	0.25025	8386.32617	0.07324	11089	1	0.49652	0.17026	1	0.47199	0.31603	1	0.48426	0.24315	1	0.47320	0.53379	10.88312	1.06646	1	0.73636	0.56024	11.59085	1.06646	1	-0.00659	-0.00943	0.67565	0.00224	1	0.06164	-0.01437	0.67937	0.00366	1	1.45898	0.81042	0	
1243326	8386.40625	3304663657869	0.47384	0.25145	8386.32617	0.08008	11089	1	0.49051	0.13560	1	0.44477	0.39629	1	0.46764	0.26594	1	0.47308	0.53373	10.86777	1.06646	1	0.73648	0.56033	12.01894	1.06646	1	-0.00659	-0.00943	0.67565	0.00217	1	0.06164	-0.01437	0.67937	0.00374	1	1.45898	0.81042	0	
1243327	8386.41309	3304663727567	0.46698	0.23952	8386.32617	0.08691	11089	1	0.49051	0.13560	0	0.37787	0.08436	1	0.37787	0.08436	1	0.47308	0.53373	10.86777	1.06646	0	0.47310	0.53386	10.75782	1.06646	1	-0.00659	-0.00943	0.67565	0.00217	1	0.06164	-0.01437	0.67937	0.00217	1	1.45898	0.81042	0	
1243328	8386.41992	3304663794566	0.46104	0.22918	8386.32617	0.09375	11089	1	0.49051	0.13560	0	0.37787	0.08436	1	0.37787	0.08436	1	0.47308	0.53373	10.86777	1.06646	0	0.47311	0.53641	10.41985	1.06646	1	-0.00659	-0.00943	0.67565	0.00217	1	-0.00659	-0.00943	0.67565	0.00361	1	1.45898	0.81042	0	
1243329	8386.42676	3304663861436	0.45598	0.22084	8386.32617	0.10059	11089	1	0.49051	0.13560	0	0.38005	0.09583	1	0.38005	0.09583	1	0.47308	0.53373	10.86777	1.06646	0	0.47315	0.53393	11.00317	1.06646	1	-0.00659	-0.00943	0.67565	0.00217	1	-0.00659	-0.00943	0.67565	0.00218	1	1.45898	0.81042	0	
1243330	8386.43359	3304663928703	0.45161	0.21337	8386.32617	0.10742	11089	1	0.49051	0.13560	0	0.38162	0.09392	1	0.38162	0.09392	1	0.47308	0.53373	10.86777	1.06646	0	0.47316	0.53388	10.90151	1.06646	1	-0.00659	-0.00943	0.67565	0.00217	1	-0.00659	-0.00943	0.67565	0.00227	1	1.45898	0.81042	0	
1243331	8386.44043	3304663995562	0.45161	0.21337	8386.32617	0.11426	11089	1	0.49051	0.13560	0	0.38162	0.09392	0	0.38162	0.09392	0	0.47308	0.53373	10.86777	1.06646	0	0.47316	0.53388	10.90151	1.06646	0	-0.00659	-0.00943	0.67565	0.00217	1	-0.00659	-0.00943	0.67565	0.00227	1	1.45898	0.81042	0	
1243332	8386.44629	3304664061295	0.45161	0.21337	8386.32617	0.12012	11089	1	0.49051	0.13560	0	0.38162	0.09392	0	0.38162	0.09392	0	0.47308	0.53373	10.86777	1.06646	0	0.47316	0.53388	10.90151	1.06646	0	-0.00659	-0.00943	0.67565	0.00217	1	-0.00659	-0.00943	0.67565	0.00227	1	1.45898	0.81042	0	
1243333	8386.45312	3304664128080	0.45161	0.21337	8386.32617	0.12695	11089	1	0.49051	0.13560	0	0.38162	0.09392	0	0.38162	0.09392	0	0.47308	0.53373	10.86777	1.06646	0	0.47316	0.53388	10.90151	1.06646	0	-0.00659	-0.00943	0.67565	0.00217	1	-0.00659	-0.00943	0.67565	0.00227	1	1.45898	0.81042	0	
1243334	8386.45996	3304664196145	0.44524	0.19692	8386.32617	0.12695	11089	0	0.49051	0.13560	0	0.38162	0.09392	0	0.38162	0.09392	0	0.47308	0.53373	10.86777	1.06646	0	0.47316	0.53388	10.90151	1.06646	0	-0.00659	-0.00943	0.67565	0.00217	1	-0.00659	-0.00943	0.67565	0.00227	1	1.45898	0.81042	0	
1243335	8386.46680	3304664261615	0.44524	0.19692	8386.32617	0.12695	11089	0	0.49051	0.13560	0	0.38162	0.09392	0	0.38162	0.09392	0	0.47308	0.53373	10.86777	1.06646	0	0.47316	0.53388	10.90151	1.06646	0	-0.00659	-0.00943	0.67565	0.00217	1	-0.00659	-0.00943	0.67565	0.00227	1	1.45898	0.81042	0	
1243336	8386.47363	3304664331795	0.44524	0.19692	8386.32617	0.12695	11089	0	0.49051	0.13560	0	0.38162	0.09392	0	0.38162	0.09392	0	0.47308	0.53373	10.86777	1.06646	0	0.47316	0.53388	10.90151	1.06646	0	-0.00659	-0.00943	0.67565	0.00217	1	-0.00659	-0.00943	0.67565	0.00227	1	1.45898	0.81042	0	
1243337	8386.48047	3304664396398	0.00000	0.00000	8386.32617	0.12695	11089	0	0.49051	0.13560	0	0.38162	0.09392	0	0.38162	0.09392	0	0.47308	0.53373	10.86777	1.06646	0	0.47316	0.53388	10.90151	1.06646	0	-0.00659	-0.00943	0.67565	0.00217	1	-0.00659	-0.00943	0.67565	0.00227	1	1.45898	0.81042	0	
1243338	8386.48730	3304664463947	0.00000	0.00000	8386.32617	0.12695	11089	0	0.49051	0.13560	0	0.38162	0.09392	0	0.38162	0.09392	0	0.47308	0.53373	10.86777	1.06646	0	0.47316	0.53388	10.90151	1.06646	0	-0.00659	-0.00943	0.67565	0.00217	1	-0.00659	-0.00943	0.67565	0.00227	1	1.45898	0.81042	0	
1243339	8386.49316	3304664528487	0.00000	0.00000	8386.32617	0.12695	11089	0	0.49051	0.13560	0	0.38162	0.09392	0	0.38162	0.09392	0	0.47308	0.53373	10.86777	1.06646	0	0.47316	0.53388	10.90151	1.06646	0	-0.00659	-0.00943	0.67565	0.00217	1	-0.00659	-0.00943	0.67565	0.00227	1	1.45898	0.81042	0	
1243340	8386.50000	3304664595308	0.00000	0.00000	8386.32617	0.12695	11089	0	0.49051	0.13560	0	0.38162	0.09392	0	0.38162	0.09392	0	0.47308	0.53373	10.86777	1.06646	0	0.47316	0.53388	10.90151	1.06646	0	-0.00659	-0.00943	0.67565	0.00217	1	-0.00659	-0.00943	0.67565	0.00227	1	1.45898	0.81042	0	
1243341	8386.50684	3304664660840	0.24777	0.12329	8386.32617	0.12695	11089	0	0.50381	0.13448	1	0.48729	0.35870	1	0.49555	0.24659	1	0.47323	0.53431	10.83001	1.06646	1	0.73707	0.56072	12.06133	1.06646	1	-0.00659	-0.00943	0.67565	0.00224	1	-0.00659	-0.00943	0.67565	0.00386	1	1.45898	0.81042	0	
1243342	8386.51367	3304664731410	0.32922	0.17002	8386.32617	0.12695	11089	0	0.50045	0.14166	1	0.48380	0.38527	1	0.49212	0.26347	1	0.47330	0.53435	11.04178	1.06646	1	0.73711	0.56092	12.15817	1.06646	1	-0.00659	-0.00943	0.67565	0.00224	1	-0.00659	-0.00943	0.67565	0.00393	1	1.45898	0.81042	0	
1243343	8386.52051	3304664797203	0.49315	0.25520	8386.32617	0.12695	11089	0	0.49934	0.13280	1	0.48420	0.37830	1	0.49177	0.25555	1	0.47304	0.53436	11.44641	1.07554	1	0.73709	0.56075	11.68374	1.07554	1	-0.00673	-0.00987	0.69598	0.00225	1	0.06116	-0.01441	0.67413	0.00398	1	1.45898	0.81042	0	
1243344	8386.52637	3304664863116	0.48997	0.28740	8386.32617	0.12695	11089	0	0.50935	0.31464	1	0.46425	0.32454	1	0.48680	0.31959	1	0.47320	0.53629	10.46729	1.08463	1	0.73676	0.56067	12.45787	1.08463	1	-0.00673	-0.00987	0.69598	0.00378	1	0.06116	-0.01441	0.67413	0.00378	1	1.45898	0.81042	0	
1243345	8386.53320	3304664931086	0.48518	0.26520	8386.32617	0.12695	11089	0	0.49297	0.13063	1	0.45819	0.31096	1	0.47558	0.22079	1	0.47313	0.53444	11.34768	1.09372	1	0.73667	0.56052	12.23532	1.09372	1	-0.00673	-0.00987	0.69598	0.00234	1	0.06116	-0.01441	0.67413	0.00381	1	1.45898	0.81042	0	
1243346	8386.54004	3304664996903	0.48278	0.25410	8386.52051	0.01953	11090	1	0.49297	0.13063	1	0.45819	0.31096	1	0.47558	0.22079	1	0.47313	0.53444	11.34768	1.09372	1	0.73700	0.56092	12.17778	1.09372	1	-0.00662	-0.00963	0.67956	0.00233	1	0.06116	-0.01446	0.67413	0.00384	1	1.45898	0.81042	0	
1243347	8386.54688	3304665064144	0.48333	0.25263	8386.52051	0.02637	11090	1	0.49342	0.14382	1	0.47769	0.34969	1	0.48556	0.24676	1	0.47306	0.53446	10.81585	1.08463	1	0.73692	0.56061	12.04366	1.08463	1	-0.00662	-0.00963	0.67956	0.00230	1	0.06116	-0.01446	0.67413	0.00383	1	1.45898	0.81042	0	
1243348	8386.55371	3304665132783	0.48196	0.25556	8386.52051	0.03320	11090	1	0.48281	0.13254	1	0.46733	0.40796	1	0.47507	0.27025	1	0.47298	0.53430	11.10067	1.07554	1	0.73683	0.56117	12.22555	1.07554	1	-0.00662	-0.00963	0.67956	0.00228	1	0.06116	-0.01446	0.67413	0.00380	1	1.45898	0.81042	0	
1243349	8386.56055	3304665200914	0.48104	0.25877	8386.52051	0.04004	11090	1	0.48403	0.14141	1	0.46706	0.41466	1	0.47555	0.27804	1	0.47306	0.53446	10.81585	1.06646	1	0.73691	0.56110	12.11049	1.06646	1	-0.00662	-0.00963	0.67956	0.00230	1	0.06116	-0.01446	0.67413	0.00385	1	1.45898	0.81042	0	
1243350	8386.56738	3304665268047	0.48068	0.25874	8386.52051	0.04688	11090	1	0.49787	0.16449	1	0.45837	0.35251	1	0.47812	0.25850	1	0.47314	0.53453	10.98693	1.06646	1	0.73662	0.56066	11.92108	1.06646	1	-0.00662	-0.00963	0.67956	0.00228	1	0.06116	-0.01446	0.67413	0.00388	1	1.45898	0.81042	0	
1243351	8386.57422	3304665335322	0.48279	0.26808	8386.52051	0.05371	11090	1	0.51828	0.28230	1	0.48117	0.40327	1	0.49972	0.34279	1	0.47337	0.53597	10.35151	1.06646	1	0.73671	0.56120	12.09157	1.06646	1	-0.00662	-0.00963	0.67956	0.00382	1	0.06116	-0.01446	0.67413	0.00389	1	1.45898	0.81042	0	
1243352	8386.58105	3304665402025	0.48263	0.28160	8386.52051	0.06055	11090	1	0.51828	0.28230	0	0.48117	0.40327	1	0.48117	0.40327	1	0.47337	0.53597	10.35151	1.06646	0	0.73668	0.56103	11.74074	1.06646	1	-0.00662	-0.00963	0.67956	0.00382	1	0.06116	-0.01441	0.67413	0.00397	1	1.45898	0.81042	0	
1243353	8386.58789	3304665469206	0.48263	0.28160	8386.52051	0.06738	11090	1	0.51828	0.28230	0	0.48117	0.40327	0	0.48117	0.40327	0	0.47337	0.53597	10.35151	1.06646	0	0.73668	0.56103	11.74074	1.06646	0	-0.00662	-0.00963	0.67956	0.00382	1	0.06116	-0.01441	0.67413	0.00397	1	1.45898	0.81042	0	
1243354	8386.59375	3304665534047	0.48263	0.28160	8386.52051	0.07324	11090	1	0.51828	0.28230	0	0.48117	0.40327	0	0.48117	0.40327	0	0.47337	0.53597	10.35151	1.06646	0	0.73668	0.56103	11.74074	1.06646	0	-0.00662	-0.00963	0.67956	0.00382	1	0.06116	-0.01441	0.67413	0.00397	1	1.45898	0.81042	0	
1243355	8386.60059	3304665601478	0.48263	0.28160	8386.52051	0.08008	11090	1	0.51828	0.28230	0	0.48117	0.40327	0	0.48117	0.40327	0	0.47337	0.53597	10.35151	1.06646	0	0.73668	0.56103	11.74074	1.06646	0	-0.00662	-0.00963	0.67956	0.00382	1	0.06116	-0.01441	0.67413	0.00397	1	1.45898	0.81042	0	
1243356	8386.60742	3304665670061	0.48146	0.28453	8386.52051	0.08008	11090	0	0.51828	0.28230	0	0.48117	0.40327	0	0.48117	0.40327	0	0.47337	0.53597	10.35151	1.06646	0	0.73668	0.56103	11.74074	1.06646	0	-0.00662	-0.00963	0.67956	0.00382	1	0.06116	-0.01441	0.67413	0.00397	1	1.45898	0.81042	0	
1243357	8386.61426	3304665737183	0.48146	0.28453	8386.52051	0.08008	11090	0	0.51828	0.28230	0	0.48117	0.40327	0	0.48117	0.40327	0	0.47337	0.53597	10.35151	1.06646	0	0.73668	0.56103	11.74074	1.06646	0	-0.00662	-0.00963	0.67956	0.00382	1	0.06116	-0.01441	0.67413	0.00397	1	1.45898	0.81042	0	
1243358	8386.62109	3304665804408	0.48146	0.28453	8386.52051	0.08008	11090	0	0.51828	0.28230	0	0.48117	0.40327	0	0.48117	0.40327	0	0.47337	0.53597	10.35151	1.06646	0	0.73668	0.56103	11.74074	1.06646	0	-0.00662	-0.00963	0.67956	0.00382	1	0.06116	-0.01441	0.67413	0.00397	1	1.45898	0.81042	0	
1243359	8386.62793	3304665870870	0.00000	0.00000	8386.52051	0.08008	11090	0	0.51828	0.28230	0	0.48117	0.40327	0	0.48117	0.40327	0	0.47337	0.53597	10.35151	1.06646	0	0.73668	0.56103	11.74074	1.06646	0	-0.00662	-0.00963	0.67956	0.00382	1	0.06116	-0.01441	0.67413	0.00397	1	1.45898	0.81042	0	
1243360	8386.63379	3304665937910	0.00000	0.00000	8386.52051	0.08008	11090	0	0.51828	0.28230	0	0.48117	0.40327	0	0.48117	0.40327	0	0.47337	0.53597	10.35151	1.06646	0	0.73668	0.56103	11.74074	1.06646	0	-0.00662	-0.00963	0.67956	0.00382	1	0.06116	-0.01441	0.67413	0.00397	1	1.45898	0.81042	0	
1243361	8386.64062	3304666005068	0.00000	0.00000	8386.52051	0.08008	11090	0	0.51828	0.28230	0	0.48117	0.40327	0	0.48117	0.40327	0	0.47337	0.53597	10.35151	1.06646	0	0.73668	0.56103	11.74074	1.06646	0	-0.00662	-0.00963	0.67956	0.00382	1	0.06116	-0.01441	0.67413	0.00397	1	1.45898	0.81042	0	
1243362	8386.64746	3304666072371	0.47374	0.38390	8386.52051	0.08008	11090	0	0.50522	0.40916	1	0.44226	0.35864	1	0.47374	0.38390	1	0.47279	0.53678	11.27881	1.06646	1	0.73603	0.56054	12.14772	1.06646	1	-0.00662	-0.00963	0.67956	0.00376	1	0.06116	-0.01441	0.67413	0.00402	1	1.45898	0.81042	0	
1243363	8386.65430	3304666139171	0.48029	0.35868	8386.52051	0.08008	11090	0	0.51240	0.32402	1	0.46128	0.34290	1	0.48684	0.33346	1	0.47291	0.53654	11.28716	1.06646	1	0.73595	0.56052	12.12362	1.06646	1	-0.00662	-0.00963	0.67956	0.00373	1	0.06116	-0.01441	0.67413	0.00400	1	1.45898	0.81042	0	
1243364	8386.66113	3304666206076	0.48256	0.35345	8386.52051	0.08008	11090	0	0.51331	0.33046	1	0.46090	0.35551	1	0.48711	0.34298	1	0.47312	0.53667	11.35661	1.05844	1	0.73604	0.55951	11.77816	1.05078	1	-0.00658	-0.00925	0.65938	0.00369	1	0.05993	-0.01406	0.66222	0.00428	1	1.45898	0.81042	0	
1243365	8386.66797	3304666273108	0.48316	0.35133	8386.64746	0.02051	11091	1	0.50499	0.28794	1	0.46492	0.40203	1	0.48496	0.34499	1	0.47275	0.53572	10.98884	1.04277	1	0.73606	0.56041	12.30253	1.03511	1	-0.00658	-0.00925	0.65938	0.00388	1	0.05993	-0.01406	0.66222	0.00392	1	1.45898	0.81042	0	
1243366	8386.67480	3304666340380	0.48804	0.36747	8386.64746	0.02734	11091	1	0.53836	0.40553	1	0.47678	0.45849	1	0.50757	0.43201	1	0.47280	0.53653	11.38023	1.02709	1	0.73628	0.56088	12.43571	1.01943	1	-0.00658	-0.00925	0.65938	0.00361	1	0.05993	-0.01406	0.66222	0.00373	1	1.45898	0.81042	0	
1243367	8386.68164	3304666407107	0.49136	0.37871	8386.64746	0.03418	11091	1	0.53910	0.41129	1	0.47678	0.45849	1	0.50794	0.43489	1	0.47223	0.53655	11.91104	1.01943	1	0.73610	0.56070	12.65765	1.01943	1	-0.00679	-0.00953	0.67623	0.00366	1	0.06005	-0.01410	0.66408	0.00384	1	1.45898	0.81042	0	
1243368	8386.68750	3304666474591	0.49176	0.37960	8386.64746	0.04004	11091	1	0.51089	0.37170	1	0.47750	0.39823	1	0.49419	0.38496	1	0.47239	0.53642	10.69432	1.02745	1	0.73627	0.56032	12.10428	1.03511	1	-0.00679	-0.00953	0.67623	0.00396	1	0.06005	-0.01410	0.66408	0.00383	1	1.45898	0.81042	0	
1243369	8386.69434	3304666540794	0.49192	0.38012	8386.64746	0.04688	11091	1	0.51560	0.40316	1	0.47050	0.36442	1	0.49305	0.38379	1	0.47241	0.53659	12.07141	1.04312	1	0.73609	0.56039	12.63944	1.05078	1	-0.00679	-0.00953	0.67623	0.00360	1	0.06005	-0.01410	0.66408	0.00375	1	1.45898	0.81042	0	
1243370	8386.70117	3304666607242	0.49198	0.37919	8386.64746	0.05371	11091	1	0.51381	0.39148	1	0.47102	0.35193	1	0.49242	0.37171	1	0.47208	0.53592	11.64081	1.05880	1	0.73549	0.56022	11.88275	1.06646	1	-0.00679	-0.00953	0.67623	0.00388	1	0.06005	-0.01405	0.66408	0.00392	1	1.45898	0.81042	0	
1243371	8386.70801	3304666675360	0.48885	0.37306	8386.64746	0.06055	11091	1	0.48185	0.22730	1	0.43956	0.40853	1	0.46071	0.31792	1	0.47210	0.53541	10.93458	1.06646	1	0.73523	0.56028	12.51291	1.06646	1	-0.00679	-0.00953	0.67623	0.00405	1	0.06005	-0.01405	0.66408	0.00383	1	1.45898	0.81042	0	
1243372	8386.71484	3304666738905	0.48653	0.37284	8386.64746	0.06738	11091	1	0.49266	0.34159	1	0.43395	0.39964	1	0.46331	0.37062	1	0.47210	0.53645	11.40720	1.06646	1	0.73515	0.56025	11.92063	1.06646	1	-0.00679	-0.00953	0.67623	0.00384	1	0.06005	-0.01405	0.66408	0.00393	1	1.45898	0.81042	0	
1243373	8386.72070	3304666804725	0.48459	0.37265	8386.64746	0.07324	11091	1	0.49266	0.34159	1	0.43395	0.39964	1	0.46331	0.37062	1	0.47236	0.53682	12.41628	1.06646	1	0.73523	0.56012	12.27329	1.06646	1	-0.00679	-0.00943	0.67623	0.00352	1	0.06005	-0.01405	0.66408	0.00390	1	1.45898	0.81042	0	
1243374	8386.72754	3304666873025	0.48287	0.36652	8386.64746	0.08008	11091	1	0.48029	0.18940	1	0.44412	0.39643	1	0.46220	0.29292	1	0.47216	0.53431	11.24497	1.06646	1	0.73523	0.56012	12.27329	1.06646	1	-0.00679	-0.00943	0.67623	0.00241	1	0.06005	-0.01405	0.66408	0.00390	1	1.45898	0.81042	0	
1243375	8386.73438	3304666940002	0.48091	0.36152	8386.64746	0.08691	11091	1	0.48042	0.18858	1	0.43045	0.40446	1	0.45544	0.29652	1	0.47211	0.53430	11.37231	1.06646	1	0.73551	0.56010	11.95965	1.06646	1	-0.00679	-0.00943	0.67623	0.00234	1	0.06005	-0.01405	0.66408	0.00386	1	1.45898	0.81042	0	
1243376	8386.74121	3304667007531	0.47921	0.35719	8386.64746	0.09375	11091	1	0.48042	0.18858	1	0.43045	0.40446	1	0.45544	0.29652	1	0.47257	0.53416	11.08452	1.06646	1	0.73582	0.56065	12.85909	1.06646	1	-0.00679	-0.00943	0.67623	0.00227	1	0.06005	-0.01400	0.66408	0.00385	1	1.45898	0.81042	0	
1243377	8386.74805	3304667074881	0.48047	0.35090	8386.64746	0.10059	11091	1	0.52345	0.12106	1	0.47505	0.39212	1	0.49925	0.25659	1	0.47281	0.53417	11.25590	1.06646	1	0.73623	0.56015	12.06035	1.06646	1	-0.00679	-0.00943	0.67623	0.00242	1	0.06005	-0.01400	0.66408	0.00378	1	1.45898	0.81042	0	
1243378	8386.75488	3304667139960	0.48068	0.34656	8386.64746	0.10742	11091	1	0.51028	0.14510	1	0.45789	0.40899	1	0.48408	0.27704	1	0.47259	0.53402	11.96208	1.06646	1	0.73604	0.56032	12.15917	1.06646	1	-0.00679	-0.00943	0.67623	0.00228	1	0.06005	-0.01400	0.66408	0.00373	1	1.45898	0.81042	0	
1243379	8386.76172	3304667208519	0.48087	0.34269	8386.64746	0.11426	11091	1	0.51028	0.14510	1	0.45789	0.40899	1	0.48408	0.27704	1	0.47254	0.53411	11.85675	1.06646	1	0.73629	0.55971	11.88809	1.06646	1	-0.00679	-0.00948	0.67623	0.00225	1	0.06005	-0.01400	0.66408	0.00389	1	1.45898	0.81042	0	
1243380	8386.76758	3304667274721	0.48263	0.34367	8386.64746	0.12012	11091	1	0.54502	0.37840	1	0.48348	0.34397	1	0.51425	0.36119	1	0.47293	0.53667	11.26340	1.06646	1	0.73626	0.55964	11.92290	1.06646	1	-0.00679	-0.00948	0.67623	0.00358	1	0.06005	-0.01400	0.66408	0.00376	1	1.45898	0.81042	0	
1243381	8386.77441	3304667342409	0.47757	0.31464	8386.64746	0.12012	11091	0	0.52008	0.16332	1	0.47257	0.41067	1	0.49632	0.28699	1	0.47274	0.53411	11.47356	1.06646	1	0.73611	0.56034	12.44224	1.06646	1	-0.00679	-0.00948	0.67623	0.00222	1	0.06005	-0.01400	0.66408	0.00384	1	1.45898	0.81042	0	
1243382	8386.78125	3304667408198	0.48695	0.30082	8386.64746	0.12012	11091	0	0.52008	0.16332	1	0.47257	0.41067	1	0.49632	0.28699	1	0.47291	0.53558	10.91893	1.06646	1	0.73623	0.56015	12.06035	1.06646	1	-0.00679	-0.00948	0.67623	0.00401	1	0.06005	-0.01400	0.66408	0.00378	1	1.45898	0.81042	0	
1243383	8386.78809	3304667479159	0.49508	0.31286	8386.64746	0.12012	11091	0	0.54704	0.31317	1	0.47567	0.36074	1	0.51136	0.33695	1	0.47298	0.53592	11.25187	1.06646	1	0.73618	0.55993	12.29815	1.06646	1	-0.00679	-0.00948	0.67623	0.00388	1	0.06005	-0.01400	0.66408	0.00383	1	1.45898	0.81042	0	
1243384	8386.79492	3304667546142	0.49642	0.32458	8386.77441	0.02051	11092	1	0.53132	0.35052	1	0.46957	0.36897	1	0.50044	0.35974	1	0.47279	0.53604	11.07444	1.06646	1	0.73616	0.55985	12.02793	1.06646	1	-0.00679	-0.00948	0.67623	0.00384	1	0.06005	-0.01400	0.66408	0.00374	1	1.45898	0.81042	0	
1243385	8386.80176	3304667612694	0.49723	0.33162	8386.77441	0.02734	11092	1	0.53132	0.35052	1	0.46957	0.36897	1	0.50044	0.35974	1	0.47284	0.53584	11.02381	1.06646	1	0.73603	0.55975	12.38916	1.06646	1	-0.00679	-0.00948	0.67623	0.00391	1	0.06005	-0.01400	0.66408	0.00385	1	1.45898	0.81042	0	
1243386	8386.80859	3304667679077	0.49856	0.33973	8386.77441	0.03418	11092	1	0.53951	0.41180	1	0.47094	0.34879	1	0.50522	0.38029	1	0.47291	0.53683	11.37262	1.06646	1	0.73607	0.55970	12.24719	1.06646	1	-0.00679	-0.00948	0.67623	0.00354	1	0.06005	-0.01400	0.66408	0.00417	1	1.45898	0.81042	0	
1243387	8386.81543	3304667745606	0.49726	0.34259	8386.77441	0.04102	11092	1	0.52527	0.31518	1	0.45360	0.40430	1	0.48944	0.35974	1	0.47272	0.53590	11.09177	1.06646	1	0.73585	0.56023	12.85300	1.06646	1	-0.00679	-0.00948	0.67623	0.00386	1	0.06005	-0.01400	0.66408	0.00396	1	1.45898	0.81042	0	
1243388	8386.82227	3304667814927	0.49628	0.34473	8386.77441	0.04785	11092	1	0.52527	0.31518	1	0.45360	0.40430	1	0.48944	0.35974	1	0.47281	0.53586	11.07007	1.06646	1	0.73617	0.55974	12.32474	1.06646	1	-0.00679	-0.00943	0.67623	0.00399	1	0.06005	-0.01400	0.66408	0.00398	1	1.45898	0.81042	0	
1243389	8386.82812	3304667880630	0.49706	0.34159	8386.77441	0.05371	11092	1	0.53293	0.33399	1	0.47364	0.29886	1	0.50329	0.31643	1	0.47279	0.53582	11.02671	1.06646	1	0.73615	0.55899	11.79166	1.06646	1	-0.00679	-0.00943	0.67623	0.00399	1	0.06005	-0.01400	0.66408	0.00416	1	1.45898	0.81042	0	
1243390	8386.83496	3304667947493	0.49898	0.33591	8386.77441	0.06055	11092	1	0.53260	0.25743	1	0.50002	0.31212	1	0.51631	0.28477	1	0.47286	0.53565	10.93876	1.06646	1	0.73618	0.55927	11.90363	1.06646	1	-0.00679	-0.00943	0.67623	0.00395	1	0.06005	-0.01400	0.66408	0.00417	1	1.45898	0.81042	0	
1243391	8386.84180	3304668014047	0.49908	0.33374	8386.77441	0.06738	11092	1	0.53260	0.25743	0	0.50002	0.31212	1	0.50002	0.31212	1	0.47286	0.53565	10.93876	1.06646	0	0.73616	0.55937	11.77938	1.06646	1	-0.00679	-0.00943	0.67623	0.00395	1	0.06005	-0.01395	0.66408	0.00423	1	1.45898	0.81042	0	
1243392	8386.84863	3304668081473	0.49908	0.33374	8386.77441	0.07422	11092	1	0.53260	0.25743	0	0.50002	0.31212	0	0.50002	0.31212	0	0.47286	0.53565	10.93876	1.06646	0	0.73616	0.55937	11.77938	1.06646	0	-0.00679	-0.00943	0.67623	0.00395	1	0.06005	-0.01395	0.66408	0.00423	1	1.45898	0.81042	0	
1243393	8386.85547	3304668148637	0.49908	0.33374	8386.77441	0.08105	11092	1	0.53260	0.25743	0	0.50002	0.31212	0	0.50002	0.31212	0	0.47286	0.53565	10.93876	1.06646	0	0.73616	0.55937	11.77938	1.06646	0	-0.00679	-0.00943	0.67623	0.00395	1	0.06005	-0.01395	0.66408	0.00423	1	1.45898	0.81042	0	
1243394	8386.86230	3304668215342	0.49908	0.33374	8386.77441	0.08789	11092	1	0.53260	0.25743	0	0.50002	0.31212	0	0.50002	0.31212	0	0.47286	0.53565	10.93876	1.06646	0	0.73616	0.55937	11.77938	1.06646	0	-0.00679	-0.00943	0.67623	0.00395	1	0.06005	-0.01395	0.66408	0.00423	1	1.45898	0.81042	0	
1243395	8386.86914	3304668282008	0.50123	0.33565	8386.77441	0.08789	11092	0	0.53260	0.25743	0	0.50002	0.31212	0	0.50002	0.31212	0	0.47286	0.53565	10.93876	1.06646	0	0.73616	0.55937	11.77938	1.06646	0	-0.00679	-0.00943	0.67623	0.00395	1	0.06005	-0.01395	0.66408	0.00423	1	1.45898	0.81042	0	
1243396	8386.87500	3304668349202	0.50123	0.33565	8386.77441	0.08789	11092	0	0.53260	0.25743	0	0.50002	0.31212	0	0.50002	0.31212	0	0.47286	0.53565	10.93876	1.06646	0	0.73616	0.55937	11.77938	1.06646	0	-0.00679	-0.00943	0.67623	0.00395	1	0.06005	-0.01395	0.66408	0.00423	1	1.45898	0.81042	0	
1243397	8386.88184	3304668416302	0.50123	0.33565	8386.77441	0.08789	11092	0	0.53260	0.25743	0	0.50002	0.31212	0	0.50002	0.31212	0	0.47286	0.53565	10.93876	1.06646	0	0.73616	0.55937	11.77938	1.06646	0	-0.00679	-0.00943	0.67623	0.00395	1	0.06005	-0.01395	0.66408	0.00423	1	1.45898	0.81042	0	
1243398	8386.88867	3304668482065	0.00000	0.00000	8386.77441	0.08789	11092	0	0.53260	0.25743	0	0.50002	0.31212	0	0.50002	0.31212	0	0.47286	0.53565	10.93876	1.06646	0	0.73616	0.55937	11.77938	1.06646	0	-0.00679	-0.00943	0.67623	0.00395	1	0.06005	-0.01395	0.66408	0.00423	1	1.45898	0.81042	0	
1243399	8386.89551	3304668548393	0.00000	0.00000	8386.77441	0.08789	11092	0	0.53260	0.25743	0	0.50002	0.31212	0	0.50002	0.31212	0	0.47286	0.53565	10.93876	1.06646	0	0.73616	0.55937	11.77938	1.06646	0	-0.00679	-0.00943	0.67623	0.00395	1	0.06005	-0.01395	0.66408	0.00423	1	1.45898	0.81042	0	
1243400	8386.90234	3304668613786	0.00000	0.00000	8386.77441	0.08789	11092	0	0.53260	0.25743	0	0.50002	0.31212	0	0.50002	0.31212	0	0.47286	0.53565	10.93876	1.06646	0	0.73616	0.55937	11.77938	1.06646	0	-0.00679	-0.00943	0.67623	0.00395	1	0.06005	-0.01395	0.66408	0.00423	1	1.45898	0.81042	0	
1243401	8386.90820	3304668681950	0.48768	0.36386	8386.77441	0.08789	11092	0	0.51283	0.31510	1	0.46252	0.41263	1	0.48768	0.36386	1	0.47243	0.53630	12.10124	1.06646	1	0.73598	0.56018	12.36203	1.06646	1	-0.00679	-0.00943	0.67623	0.00373	1	0.06005	-0.01395	0.66408	0.00392	1	1.45898	0.81042	0	
1243402	8386.91504	3304668748490	0.48782	0.36761	8386.77441	0.08789	11092	0	0.51022	0.32880	1	0.46571	0.41393	1	0.48797	0.37136	1	0.47243	0.53632	12.19956	1.06646	1	0.73604	0.56028	12.38351	1.06646	1	-0.00679	-0.00943	0.67623	0.00383	1	0.06005	-0.01395	0.66408	0.00392	1	1.45898	0.81042	0	
1243403	8386.92188	3304668816904	0.48787	0.36886	8386.77441	0.08789	11092	0	0.51022	0.32880	1	0.46571	0.41393	1	0.48797	0.37136	1	0.47286	0.53628	11.38022	1.06646	1	0.73620	0.55974	12.27824	1.06646	1	-0.00679	-0.00948	0.67623	0.00378	1	0.06005	-0.01405	0.66408	0.00407	1	1.45898	0.81042	0	
1243404	8386.92871	3304668884956	0.49235	0.36409	8386.90820	0.02051	11093	1	0.54094	0.31457	1	0.47064	0.38499	1	0.50579	0.34978	1	0.47294	0.53627	11.47627	1.06646	1	0.73607	0.55994	12.36650	1.06646	1	-0.00679	-0.00948	0.67623	0.00375	1	0.06005	-0.01405	0.66408	0.00400	1	1.45898	0.81042	0	
1243405	8386.93555	3304668947676	0.49527	0.35991	8386.90820	0.02734	11093	1	0.53555	0.29361	1	0.47833	0.39273	1	0.50694	0.34317	1	0.47292	0.53610	11.32535	1.06646	1	0.73629	0.56016	12.19266	1.06646	1	-0.00679	-0.00948	0.67623	0.00386	1	0.06005	-0.01405	0.66408	0.00384	1	1.45898	0.81042	0	
1243406	8386.94238	3304669015433	0.49721	0.35712	8386.90820	0.03418	11093	1	0.53555	0.29361	1	0.47833	0.39273	1	0.50694	0.34317	1	0.47313	0.53707	12.04287	1.06646	1	0.73638	0.55999	12.00930	1.06646	1	-0.00679	-0.00953	0.67623	0.00359	1	0.06005	-0.01405	0.66408	0.00380	1	1.45898	0.81042	0	
1243407	8386.94922	3304669084926	0.49933	0.35972	8386.90820	0.04102	11093	1	0.54697	0.35783	1	0.47711	0.39278	1	0.51204	0.37530	1	0.47305	0.53692	11.57158	1.06646	1	0.73624	0.56017	12.16129	1.06646	1	-0.00679	-0.00953	0.67623	0.00364	1	0.06005	-0.01405	0.66408	0.00373	1	1.45898	0.81042	0	
1243408	8386.95605	3304669151039	0.50123	0.36645	8386.90820	0.04785	11093	1	0.54895	0.40621	1	0.48005	0.42095	1	0.51450	0.41358	1	0.47306	0.53699	11.61629	1.06646	1	0.73625	0.56032	12.44068	1.06646	1	-0.00679	-0.00953	0.67623	0.00362	1	0.06005	-0.01405	0.66408	0.00367	1	1.45898	0.81042	0	
1243409	8386.96289	3304669220139	0.50268	0.37200	8386.90820	0.05469	11093	1	0.54895	0.40621	1	0.47973	0.42656	1	0.51434	0.41639	1	0.47308	0.53596	11.18854	1.06646	1	0.73638	0.56010	12.39541	1.05880	1	-0.00679	-0.00953	0.67623	0.00405	1	0.05844	-0.01368	0.64470	0.00371	1	1.45898	0.81042	0	
1243410	8386.96875	3304669286555	0.50490	0.37185	8386.90820	0.06055	11093	1	0.55144	0.34429	1	0.49819	0.39674	1	0.52482	0.37052	1	0.47308	0.53656	11.91607	1.05880	1	0.73654	0.56021	12.73294	1.05114	1	-0.00679	-0.00953	0.67623	0.00381	1	0.05844	-0.01368	0.64470	0.00370	1	1.45898	0.81042	0	
1243411	8386.97559	3304669353602	0.50603	0.37161	8386.90820	0.06738	11093	1	0.54551	0.36572	1	0.48926	0.37279	1	0.51738	0.36925	1	0.47302	0.53671	11.57775	1.05114	1	0.73637	0.56026	12.23830	1.04348	1	-0.00679	-0.00953	0.67623	0.00379	1	0.05844	-0.01368	0.64470	0.00386	1	1.45898	0.81042	0	
1243412	8386.98242	3304669420919	0.50701	0.37166	8386.90820	0.07422	11093	1	0.54619	0.37164	1	0.48926	0.37279	1	0.51772	0.37221	1	0.47276	0.53639	11.33520	1.04348	1	0.73630	0.56053	12.40229	1.04348	1	-0.00679	-0.00953	0.67623	0.00369	1	0.06098	-0.01429	0.67318	0.00383	1	1.45898	0.81042	0	
1243413	8386.98926	3304669487928	0.50691	0.36581	8386.90820	0.08105	11093	1	0.52603	0.21190	1	0.48534	0.37933	1	0.50569	0.29562	1	0.47277	0.53506	11.03495	1.04348	1	0.73633	0.56016	12.53105	1.05114	1	-0.00679	-0.00953	0.67623	0.00396	1	0.06098	-0.01429	0.67318	0.00394	1	1.45898	0.81042	0	
1243414	8386.99609	3304669555141	0.50662	0.36421	8386.90820	0.08789	11093	1	0.53038	0.25752	1	0.47551	0.42911	1	0.50295	0.34332	1	0.47283	0.53549	11.01022	1.05114	1	0.73620	0.56048	12.62532	1.05880	1	-0.00679	-0.00953	0.67623	0.00383	1	0.06098	-0.01429	0.67318	0.00386	1	1.45898	0.81042	0	
1243415	8387.00293	3304669622435	0.50635	0.36259	8386.90820	0.09473	11093	1	0.52961	0.25080	1	0.47551	0.42911	1	0.50256	0.33996	1	0.47285	0.53555	11.11006	1.05880	1	0.73670	0.56054	12.29756	1.05880	1	-0.00672	-0.00957	0.67855	0.00381	1	0.05844	-0.01373	0.64470	0.00382	1	1.45898	0.81042	0	
1243416	8387.00977	3304669688378	0.50628	0.35690	8386.90820	0.10156	11093	1	0.49896	0.20281	1	0.51130	0.34032	1	0.50513	0.27156	1	0.47280	0.53489	10.85730	1.05880	1	0.73674	0.56039	12.21944	1.05114	1	-0.00672	-0.00957	0.67855	0.00394	1	0.05844	-0.01373	0.64470	0.00384	1	1.45898	0.81042	0	
1243417	8387.01562	3304669754007	0.50640	0.35341	8386.90820	0.10742	11093	1	0.50628	0.23868	1	0.51047	0.35638	1	0.50838	0.29753	1	0.47276	0.53524	10.82540	1.05114	1	0.73674	0.56034	12.20934	1.04348	1	-0.00672	-0.00957	0.67855	0.00389	1	0.05844	-0.01373	0.64470	0.00388	1	1.45898	0.81042	0	
1243418	8387.02246	3304669822784	0.50652	0.35067	8386.90820	0.11426	11093	1	0.50720	0.24555	1	0.50994	0.36261	1	0.50857	0.30408	1	0.47274	0.53483	10.90099	1.04348	1	0.73630	0.56043	12.58333	1.03582	1	-0.00672	-0.00957	0.67855	0.00388	1	0.05844	-0.01373	0.64470	0.00395	1	1.45898	0.81042	0	
1243419	8387.02930	3304669890114	0.50617	0.34867	8386.90820	0.12109	11093	1	0.50330	0.26867	1	0.49663	0.35676	1	0.49996	0.31272	1	0.47267	0.53557	11.36447	1.03582	1	0.73648	0.56041	12.83759	1.03582	1	-0.00672	-0.00957	0.67855	0.00370	1	0.05844	-0.01373	0.64470	0.00378	1	1.45898	0.81042	0	
1243420	8387.03613	3304669956768	0.50547	0.34580	8386.90820	0.12793	11093	1	0.50858	0.32565	1	0.47551	0.25669	1	0.49204	0.29117	1	0.47274	0.53594	11.42532	1.03582	1	0.73652	0.55926	12.47889	1.03582	1	-0.00672	-0.00957	0.67855	0.00366	1	0.05844	-0.01373	0.64470	0.00440	1	1.45898	0.81042	0	
1243421	8387.04297	3304670023889	0.50482	0.34265	8386.90820	0.13477	11093	1	0.50749	0.31815	1	0.47615	0.24142	1	0.49182	0.27978	1	0.47304	0.53596	11.42397	1.04491	1	0.73690	0.56021	11.98151	1.05257	1	-0.00688	-0.00992	0.69995	0.00363	1	0.06164	-0.01447	0.67937	0.00410	1	1.45898	0.81042	0	
1243422	8387.04980	3304670088539	0.50498	0.34247	8386.90820	0.14160	11093	1	0.52237	0.29212	1	0.49430	0.38514	1	0.50834	0.33863	1	0.47305	0.53614	11.43635	1.06165	1	0.73687	0.56091	12.14724	1.06931	1	-0.00688	-0.00992	0.69995	0.00364	1	0.06164	-0.01447	0.67937	0.00381	1	1.45898	0.81042	0	
1243423	8387.05566	3304670156291	0.50367	0.30829	8386.90820	0.14160	11093	0	0.50291	0.20416	1	0.49889	0.30168	1	0.50090	0.25292	1	0.47282	0.53527	10.98615	1.07840	1	0.73693	0.56020	11.97551	1.08606	1	-0.00688	-0.00992	0.69995	0.00377	1	0.06164	-0.01447	0.67937	0.00411	1	1.45898	0.81042	0	
1243424	8387.06250	3304670224701	0.50203	0.27333	8386.90820	0.14160	11093	0	0.50092	0.18898	1	0.49985	0.28778	1	0.50038	0.23838	1	0.47313	0.53659	11.98363	1.09514	1	0.73670	0.55982	12.20996	1.10280	1	-0.00688	-0.00987	0.69999	0.00360	1	0.06164	-0.01447	0.67937	0.00426	1	1.45898	0.81042	0	
1243425	8387.06934	3304670291744	0.50680	0.26583	8386.90820	0.14160	11093	0	0.53129	0.28686	1	0.50142	0.21478	1	0.51636	0.25082	1	0.47318	0.53635	11.75547	1.10280	1	0.73689	0.55927	11.97424	1.10280	1	-0.00688	-0.00987	0.69999	0.00365	1	0.06164	-0.01447	0.67937	0.00442	1	1.45898	0.81042	0	
1243426	8387.07617	3304670358837	0.48058	0.26435	8387.05566	0.02051	11094	1	0.53129	0.28686	0	0.40190	0.25993	1	0.40190	0.25993	1	0.47318	0.53635	11.75547	1.10280	0	0.47330	0.53670	12.11336	1.10280	1	-0.00688	-0.00987	0.69999	0.00365	1	0.06164	-0.01447	0.67937	0.00349	1	1.45898	0.81042	0	
1243427	8387.08301	3304670425962	0.46488	0.26477	8387.05566	0.02734	11094	1	0.53129	0.28686	0	0.40211	0.26642	1	0.40211	0.26642	1	0.47318	0.53635	11.75547	1.10280	0	0.47326	0.53649	11.70156	1.09514	1	-0.00688	-0.00987	0.69999	0.00365	1	-0.00645	-0.00931	0.65648	0.00367	1	1.45898	0.81042	0	
1243428	8387.08984	3304670492499	0.45476	0.26423	8387.05566	0.03418	11094	1	0.53129	0.28686	0	0.40414	0.26155	1	0.40414	0.26155	1	0.47318	0.53635	11.75547	1.09514	0	0.47320	0.53641	11.61949	1.08748	1	-0.00688	-0.00987	0.69999	0.00365	1	-0.00645	-0.00931	0.65648	0.00369	1	1.45898	0.81042	0	
1243429	8387.09668	3304670560399	0.44650	0.25286	8387.05566	0.04102	11094	1	0.53129	0.28686	0	0.39691	0.18462	1	0.39691	0.18462	1	0.47318	0.53635	11.75547	1.08748	0	0.47309	0.53556	11.72172	1.07982	1	-0.00688	-0.00987	0.69999	0.00365	1	-0.00645	-0.00931	0.65648	0.00380	1	1.45898	0.81042	0	
1243430	8387.10254	3304670623655	0.44033	0.24522	8387.05566	0.04688	11094	1	0.53129	0.28686	0	0.39716	0.19177	1	0.39716	0.19177	1	0.47318	0.53635	11.75547	1.07982	0	0.47281	0.53624	11.61578	1.07216	1	-0.00688	-0.00987	0.69999	0.00365	1	-0.00654	-0.00924	0.65559	0.00357	1	1.45898	0.81042	0	
1243431	8387.10938	3304670693758	0.43319	0.25077	8387.05566	0.05371	11094	1	0.53129	0.28686	0	0.37609	0.29516	1	0.37609	0.29516	1	0.47318	0.53635	11.75547	1.07216	0	0.47284	0.53692	11.99798	1.07216	1	-0.00688	-0.00987	0.69999	0.00365	1	-0.00654	-0.00924	0.65559	0.00356	1	1.45898	0.81042	0	
1243432	8387.11621	3304670760761	0.42797	0.25395	8387.05566	0.06055	11094	1	0.53129	0.28686	0	0.38103	0.28258	1	0.38103	0.28258	1	0.47318	0.53635	11.75547	1.07216	0	0.47285	0.53677	11.91629	1.07216	1	-0.00688	-0.00987	0.69999	0.00365	1	-0.00654	-0.00924	0.65559	0.00352	1	1.45898	0.81042	0	
1243433	8387.12305	3304670827764	0.42367	0.25596	8387.05566	0.06738	11094	1	0.53129	0.28686	0	0.38067	0.27608	1	0.38067	0.27608	1	0.47318	0.53635	11.75547	1.07216	0	0.47273	0.53647	11.10788	1.07982	1	-0.00688	-0.00987	0.69999	0.00365	1	-0.00679	-0.00953	0.67623	0.00365	1	1.45898	0.81042	0	
1243434	8387.12988	3304670894279	0.42167	0.25974	8387.05566	0.07422	11094	1	0.53129	0.28686	0	0.39968	0.30133	1	0.39968	0.30133	1	0.47318	0.53635	11.75547	1.07982	0	0.47286	0.53659	11.91175	1.08748	1	-0.00688	-0.00987	0.69999	0.00365	1	-0.00679	-0.00953	0.67623	0.00367	1	1.45898	0.81042	0	
1243435	8387.13672	3304670961910	0.41898	0.25833	8387.05566	0.08105	11094	1	0.53129	0.28686	0	0.38666	0.24133	1	0.38666	0.24133	1	0.47318	0.53635	11.75547	1.08748	0	0.47261	0.53628	10.99609	1.09514	1	-0.00688	-0.00987	0.69999	0.00365	1	-0.00679	-0.00953	0.67623	0.00367	1	1.45898	0.81042	0	
1243436	8387.14355	3304671029261	0.42192	0.25972	8387.05566	0.08789	11094	1	0.53289	0.30042	1	0.38732	0.25514	1	0.46011	0.27778	1	0.47279	0.53659	11.62186	1.08606	1	0.73649	0.56015	12.85704	1.07925	1	-0.00679	-0.00953	0.67623	0.00357	1	0.05777	-0.01359	0.63783	0.00403	1	1.45898	0.81042	0	
1243437	8387.15039	3304671095415	0.42803	0.26633	8387.05566	0.09473	11094	1	0.53495	0.33626	1	0.49210	0.38148	1	0.51352	0.35887	1	0.47288	0.53677	11.87397	1.07016	1	0.73641	0.56085	13.28963	1.05569	1	-0.00679	-0.00953	0.67623	0.00354	1	0.05777	-0.01359	0.63783	0.00374	1	1.45898	0.81042	0	
1243438	8387.15723	3304671162620	0.43312	0.27160	8387.05566	0.10156	11094	1	0.52900	0.32704	1	0.49018	0.37426	1	0.50959	0.35065	1	0.47269	0.53641	11.11148	1.04661	1	0.73649	0.56047	13.02646	1.03214	1	-0.00679	-0.00953	0.67623	0.00371	1	0.05777	-0.01359	0.63783	0.00390	1	1.45898	0.81042	0	
1243439	8387.16309	3304671229506	0.43767	0.27721	8387.05566	0.10742	11094	1	0.53141	0.34623	1	0.48930	0.38770	1	0.51036	0.36697	1	0.47294	0.53674	11.15578	1.02306	1	0.73652	0.56025	12.82931	1.01540	1	-0.00676	-0.00958	0.67253	0.00362	1	0.05844	-0.01373	0.64470	0.00400	1	1.45898	0.81042	0	
1243440	8387.16992	3304671296352	0.44239	0.28183	8387.05566	0.11426	11094	1	0.55032	0.37734	1	0.49510	0.34362	1	0.52271	0.36048	1	0.47305	0.53674	11.56753	1.01540	1	0.73649	0.56019	12.81782	1.02220	1	-0.00676	-0.00958	0.67253	0.00375	1	0.05844	-0.01373	0.64470	0.00401	1	1.45898	0.81042	0	
1243441	8387.17676	3304671363987	0.44628	0.28632	8387.05566	0.12109	11094	1	0.54343	0.36856	1	0.48901	0.36567	1	0.51622	0.36711	1	0.47291	0.53657	11.15501	1.02220	1	0.73644	0.56035	12.93153	1.02901	1	-0.00676	-0.00958	0.67253	0.00368	1	0.05844	-0.01373	0.64470	0.00389	1	1.45898	0.81042	0	
1243442	8387.18359	3304671429573	0.45606	0.32000	8387.05566	0.12109	11094	0	0.54280	0.36316	1	0.48936	0.36013	1	0.51608	0.36165	1	0.47282	0.53661	11.25181	1.02901	1	0.73646	0.56036	13.09770	1.03582	1	-0.00676	-0.00953	0.67253	0.00367	1	0.05844	-0.01373	0.64470	0.00395	1	1.45898	0.81042	0	
1243443	8387.19043	3304671497589	0.48428	0.32763	8387.05566	0.12109	11094	0	0.53489	0.32315	1	0.49012	0.34737	1	0.51250	0.33526	1	0.47277	0.53622	11.07216	1.03582	1	0.73642	0.56029	13.08525	1.03582	1	-0.00676	-0.00953	0.67253	0.00366	1	0.05844	-0.01373	0.64470	0.00401	1	1.45898	0.81042	0	
1243444	8387.19727	3304671565146	0.49585	0.34290	8387.05566	0.12109	11094	0	0.54850	0.38622	1	0.48949	0.36064	1	0.51900	0.37343	1	0.47298	0.53691	11.41336	1.03582	1	0.73646	0.56047	12.99278	1.03582	1	-0.00676	-0.00953	0.67253	0.00365	1	0.05844	-0.01373	0.64470	0.00392	1	1.45898	0.81042	0	
1243445	8387.20410	3304671631776	0.50169	0.34975	8387.18359	0.02051	11095	1	0.54850	0.38622	1	0.48989	0.35442	1	0.51919	0.37032	1	0.47294	0.53674	11.15016	1.03582	1	0.73642	0.56019	12.90500	1.04348	1	-0.00676	-0.00953	0.67253	0.00367	1	0.06122	-0.01440	0.67591	0.00400	1	1.45898	0.81042	0	
1243446	8387.20996	3304671698393	0.50538	0.34926	8387.18359	0.02637	11095	1	0.54207	0.40051	1	0.49824	0.29409	1	0.52016	0.34730	1	0.47287	0.53704	11.53389	1.04348	1	0.73655	0.55998	12.77348	1.05114	1	-0.00676	-0.00953	0.67253	0.00368	1	0.06122	-0.01440	0.67591	0.00400	1	1.45898	0.81042	0	
1243447	8387.21680	3304671765676	0.50707	0.34352	8387.18359	0.03320	11095	1	0.53681	0.34710	1	0.49418	0.28256	1	0.51550	0.31483	1	0.47288	0.53663	11.00531	1.05114	1	0.73653	0.55980	12.51354	1.05880	1	-0.00676	-0.00953	0.67253	0.00377	1	0.06122	-0.01440	0.67591	0.00404	1	1.45898	0.81042	0	
1243448	8387.22363	3304671832803	0.50822	0.33899	8387.18359	0.04004	11095	1	0.53608	0.34104	1	0.49418	0.28256	1	0.51513	0.31180	1	0.47296	0.53642	10.80897	1.05880	1	0.73657	0.56007	12.70651	1.05880	1	-0.00676	-0.00958	0.67253	0.00385	1	0.05946	-0.01399	0.65703	0.00403	1	1.45898	0.81042	0	
1243449	8387.23047	3304671900920	0.50996	0.34165	8387.18359	0.04688	11095	1	0.54821	0.34919	1	0.49615	0.37140	1	0.52218	0.36030	1	0.47297	0.53683	11.08378	1.05880	1	0.73649	0.56075	13.03614	1.05114	1	-0.00676	-0.00958	0.67253	0.00383	1	0.05946	-0.01399	0.65703	0.00378	1	1.45898	0.81042	0	
1243450	8387.23730	3304671967735	0.51098	0.34664	8387.18359	0.05371	11095	1	0.54585	0.38803	1	0.49235	0.38500	1	0.51910	0.38651	1	0.47296	0.53707	11.48923	1.05114	1	0.73655	0.56073	13.02559	1.04348	1	-0.00676	-0.00958	0.67253	0.00372	1	0.05946	-0.01399	0.65703	0.00368	1	1.45898	0.81042	0	
1243451	8387.24414	3304672033284	0.51180	0.35121	8387.18359	0.06055	11095	1	0.54652	0.39379	1	0.49194	0.39100	1	0.51923	0.39240	1	0.47310	0.53693	11.52358	1.04348	1	0.73645	0.56059	13.10411	1.03582	1	-0.00676	-0.00958	0.67253	0.00363	1	0.05946	-0.01399	0.65703	0.00376	1	1.45898	0.81042	0	
1243452	8387.25098	3304672100104	0.51144	0.35097	8387.18359	0.06738	11095	1	0.53938	0.34870	1	0.47618	0.34834	1	0.50778	0.34852	1	0.47290	0.53702	11.00847	1.03582	1	0.73621	0.56016	11.95245	1.03582	1	-0.00676	-0.00958	0.67253	0.00384	1	0.05946	-0.01399	0.65703	0.00402	1	1.45898	0.81042	0	
1243453	8387.25684	3304672167722	0.51045	0.35156	8387.18359	0.07324	11095	1	0.53255	0.36317	1	0.46654	0.35304	1	0.49954	0.35811	1	0.47271	0.53706	11.72298	1.03582	1	0.73608	0.56033	12.30163	1.03582	1	-0.00676	-0.00958	0.67253	0.00380	1	0.05946	-0.01399	0.65703	0.00401	1	1.45898	0.81042	0	
1243454	8387.26367	3304672234521	0.50962	0.35183	8387.18359	0.08008	11095	1	0.53255	0.36317	1	0.46677	0.34677	1	0.49966	0.35497	1	0.47253	0.53694	11.95835	1.03582	1	0.73618	0.56021	11.96024	1.04348	1	-0.00676	-0.00958	0.67253	0.00374	1	0.06005	-0.01414	0.66408	0.00402	1	1.45898	0.81042	0	
1243455	8387.27051	3304672301300	0.50877	0.35132	8387.18359	0.08691	11095	1	0.52146	0.34512	1	0.47400	0.34445	1	0.49773	0.34479	1	0.47252	0.53700	11.76201	1.04348	1	0.73617	0.56027	11.98161	1.05114	1	-0.00676	-0.00958	0.67253	0.00380	1	0.06005	-0.01414	0.66408	0.00405	1	1.45898	0.81042	0	
1243456	8387.27734	3304672368190	0.50716	0.35135	8387.18359	0.09375	11095	1	0.50460	0.36347	1	0.46477	0.33985	1	0.48469	0.35166	1	0.47229	0.53716	11.38643	1.05114	1	0.73604	0.56030	12.27280	1.05880	1	-0.00676	-0.00958	0.67253	0.00376	1	0.06005	-0.01414	0.66408	0.00420	1	1.45898	0.81042	0	
1243457	8387.28418	3304672432800	0.50574	0.35098	8387.18359	0.10059	11095	1	0.50367	0.35751	1	0.46498	0.33363	1	0.48433	0.34557	1	0.47242	0.53736	11.49654	1.05880	1	0.73608	0.56029	12.23560	1.06646	1	-0.00676	-0.00958	0.67253	0.00369	1	0.06005	-0.01414	0.66408	0.00430	1	1.45898	0.81042	0	
1243458	8387.29004	3304672497470	0.50432	0.35045	8387.18359	0.10645	11095	1	0.50780	0.33618	1	0.45564	0.34757	1	0.48172	0.34188	1	0.47242	0.53718	11.57110	1.06646	1	0.73590	0.56060	12.72878	1.06646	1	-0.00676	-0.00958	0.67253	0.00372	1	0.06005	-0.01414	0.66408	0.00429	1	1.45898	0.81042	0	
1243459	8387.29688	3304672564688	0.50309	0.34905	8387.18359	0.11328	11095	1	0.48680	0.34336	1	0.47736	0.30730	1	0.48208	0.32533	1	0.47210	0.53731	10.91649	1.06646	1	0.73617	0.56005	12.13964	1.06646	1	-0.00676	-0.00958	0.67253	0.00377	1	0.06005	-0.01414	0.66408	0.00439	1	1.45898	0.81042	0	
1243460	8387.30371	3304672631159	0.50198	0.34780	8387.18359	0.12012	11095	1	0.48680	0.34336	1	0.47736	0.30730	1	0.48208	0.32533	1	0.47202	0.53750	11.15966	1.06646	1	0.73624	0.56047	12.18775	1.06646	1	-0.00676	-0.00958	0.67253	0.00378	1	0.06005	-0.01414	0.66408	0.00424	1	1.45898	0.81042	0	
1243461	8387.31055	3304672701679	0.50115	0.34952	8387.18359	0.12695	11095	1	0.50074	0.37191	1	0.46985	0.39216	1	0.48530	0.38203	1	0.47224	0.53745	11.85301	1.06646	1	0.73609	0.56096	12.84574	1.06646	1	-0.00676	-0.00958	0.67253	0.00371	1	0.06005	-0.01414	0.66408	0.00407	1	1.45898	0.81042	0	
1243462	8387.31738	3304672770008	0.49975	0.35061	8387.18359	0.13379	11095	1	0.48295	0.36792	1	0.46075	0.37698	1	0.47185	0.37245	1	0.47202	0.53731	10.87534	1.06646	1	0.73601	0.56083	12.48202	1.06646	1	-0.00676	-0.00958	0.67253	0.00380	1	0.06005	-0.01414	0.66408	0.00411	1	1.45898	0.81042	0	
1243463	8387.32422	3304672838757	0.49848	0.35160	8387.18359	0.14062	11095	1	0.48295	0.36792	1	0.46075	0.37698	1	0.47185	0.37245	1	0.47227	0.53764	11.86403	1.06646	1	0.73588	0.56096	12.59813	1.06646	1	-0.00676	-0.00958	0.67253	0.00365	1	0.06005	-0.01414	0.66408	0.00409	1	1.45898	0.81042	0	
1243464	8387.33105	3304672901112	0.49856	0.35308	8387.18359	0.14746	11095	1	0.51933	0.36087	1	0.48136	0.41028	1	0.50034	0.38557	1	0.47253	0.53744	12.36762	1.06646	1	0.73626	0.56122	12.58896	1.06646	1	-0.00676	-0.00958	0.67253	0.00369	1	0.06005	-0.01414	0.66408	0.00387	1	1.45898	0.81042	0	
1243465	8387.33789	3304672969599	0.49785	0.35494	8387.18359	0.15430	11095	1	0.51407	0.38148	1	0.44872	0.41414	1	0.48140	0.39781	1	0.47245	0.53754	12.60568	1.06646	1	0.73571	0.56128	12.87098	1.06646	1	-0.00676	-0.00958	0.67253	0.00369	1	0.06005	-0.01414	0.66408	0.00391	1	1.45898	0.81042	0	
1243466	8387.34473	3304673039211	0.49719	0.35677	8387.18359	0.16113	11095	1	0.51407	0.38148	1	0.44863	0.41978	1	0.48135	0.40063	1	0.47252	0.53738	11.89751	1.06646	1	0.73592	0.56093	12.39221	1.05880	1	-0.00676	-0.00958	0.67253	0.00373	1	0.05946	-0.01399	0.65703	0.00391	1	1.45898	0.81042	0	
1243467	8387.35156	3304673106137	0.49674	0.35757	8387.18359	0.16797	11095	1	0.51147	0.33685	1	0.45938	0.41840	1	0.48542	0.37762	1	0.47243	0.53697	11.42678	1.05880	1	0.73603	0.56118	12.64453	1.05114	1	-0.00676	-0.00958	0.67253	0.00388	1	0.05946	-0.01399	0.65703	0.00388	1	1.45898	0.81042	0	
1243468	8387.35742	3304673172803	0.49655	0.35914	8387.18359	0.17383	11095	1	0.52959	0.38705	1	0.45370	0.41289	1	0.49164	0.39997	1	0.47273	0.53752	11.69082	1.05114	1	0.73588	0.56105	12.41177	1.04348	1	-0.00676	-0.00958	0.67253	0.00372	1	0.05946	-0.01399	0.65703	0.00390	1	1.45898	0.81042	0	
1243469	8387.36426	3304673238832	0.49638	0.36081	8387.18359	0.18066	11095	1	0.53037	0.39283	1	0.45356	0.41867	1	0.49196	0.40575	1	0.47288	0.53707	10.97024	1.04348	1	0.73646	0.56054	12.89230	1.03582	1	-0.00676	-0.00958	0.67253	0.00376	1	0.05946	-0.01399	0.65703	0.00381	1	1.45898	0.81042	0	
1243470	8387.37109	3304673306557	0.49708	0.35865	8387.18359	0.18750	11095	1	0.53347	0.35195	1	0.49991	0.24432	1	0.51669	0.29813	1	0.47272	0.53718	12.01893	1.03582	1	0.73659	0.55911	12.57616	1.03582	1	-0.00676	-0.00958	0.67253	0.00362	1	0.05946	-0.01399	0.65703	0.00421	1	1.45898	0.81042	0	
1243471	8387.37793	3304673373032	0.49793	0.35814	8387.18359	0.19434	11095	1	0.55171	0.40538	1	0.49345	0.28144	1	0.52258	0.34341	1	0.47298	0.53732	11.45274	1.03582	1	0.73642	0.55945	12.57039	1.03582	1	-0.00676	-0.00958	0.67253	0.00360	1	0.05946	-0.01399	0.65703	0.00417	1	1.45898	0.81042	0	
1243472	8387.38477	3304673439796	0.49873	0.35766	8387.18359	0.20117	11095	1	0.55171	0.40538	1	0.49345	0.28144	1	0.52258	0.34341	1	0.47291	0.53678	11.12717	1.03582	1	0.73646	0.56047	12.78083	1.03582	1	-0.00676	-0.00958	0.67253	0.00393	1	0.05946	-0.01399	0.65703	0.00375	1	1.45898	0.81042	0	
1243473	8387.39160	3304673506892	0.49920	0.35824	8387.18359	0.20801	11095	1	0.54662	0.38644	1	0.48071	0.36618	1	0.51367	0.37631	1	0.47297	0.53699	11.17766	1.03582	1	0.73631	0.56049	13.09346	1.03582	1	-0.00676	-0.00958	0.67253	0.00384	1	0.05946	-0.01399	0.65703	0.00378	1	1.45898	0.81042	0	
1243474	8387.39746	3304673573825	0.50000	0.35795	8387.18359	0.21387	11095	1	0.54949	0.39349	1	0.50197	0.30365	1	0.52573	0.34857	1	0.47295	0.53692	11.19980	1.03582	1	0.73665	0.55962	12.31688	1.03582	1	-0.00676	-0.00958	0.67253	0.00377	1	0.05946	-0.01399	0.65703	0.00422	1	1.45898	0.81042	0	
1243475	8387.40430	3304673641078	0.50077	0.35777	8387.18359	0.22070	11095	1	0.55019	0.39956	1	0.50195	0.30396	1	0.52607	0.35176	1	0.47285	0.53698	11.13269	1.02780	1	0.73673	0.55992	11.90935	1.03546	1	-0.00654	-0.00934	0.65559	0.00382	1	0.06164	-0.01447	0.67937	0.00414	1	1.45898	0.81042	0	
1243476	8387.41113	3304673707687	0.50115	0.35822	8387.18359	0.22754	11095	1	0.54149	0.43491	1	0.48687	0.31230	1	0.51418	0.37361	1	0.47323	0.53745	11.62261	1.02745	1	0.73678	0.55984	11.94138	1.03511	1	-0.00654	-0.00934	0.65559	0.00386	1	0.06164	-0.01447	0.67937	0.00418	1	1.45898	0.81042	0	
1243477	8387.41797	3304673774962	0.50165	0.35920	8387.18359	0.23438	11095	1	0.54729	0.45529	1	0.49100	0.33189	1	0.51915	0.39359	1	0.47326	0.53769	11.74627	1.02709	1	0.73684	0.56006	11.98560	1.03475	1	-0.00654	-0.00934	0.65559	0.00367	1	0.06164	-0.01447	0.67937	0.00410	1	1.45898	0.81042	0	
1243478	8387.42480	3304673841811	0.50212	0.35978	8387.18359	0.24121	11095	1	0.54580	0.44350	1	0.49188	0.31780	1	0.51884	0.38065	1	0.47307	0.53689	11.44643	1.04384	1	0.73702	0.56057	12.43772	1.05149	1	-0.00688	-0.00997	0.69999	0.00389	1	0.06164	-0.01447	0.67937	0.00400	1	1.45898	0.81042	0	
1243479	8387.43164	3304673908782	0.50201	0.36007	8387.18359	0.24805	11095	1	0.52386	0.36981	1	0.47256	0.37116	1	0.49821	0.37048	1	0.47299	0.53692	11.39821	1.06860	1	0.73689	0.56092	12.20813	1.06860	1	-0.00688	-0.00997	0.69999	0.00395	1	0.06164	-0.01447	0.67937	0.00386	1	1.45898	0.81042	0	
1243480	8387.43848	3304673975889	0.50191	0.35938	8387.18359	0.25488	11095	1	0.52921	0.30883	1	0.46706	0.35787	1	0.49814	0.33335	1	0.47318	0.53643	11.52974	1.08570	1	0.73685	0.56086	12.20177	1.08570	1	-0.00688	-0.00997	0.69999	0.00406	1	0.06164	-0.01447	0.67937	0.00385	1	1.45898	0.81042	0	
1243481	8387.44434	3304674042606	0.50181	0.35857	8387.18359	0.26074	11095	1	0.52842	0.30240	1	0.46729	0.35165	1	0.49786	0.32702	1	0.47306	0.53686	11.19044	1.09372	1	0.73699	0.56100	12.20199	1.09372	1	-0.00667	-0.00975	0.68391	0.00377	1	0.06164	-0.01447	0.67937	0.00392	1	1.45898	0.81042	0	
1243482	8387.45117	3304674108942	0.50124	0.35848	8387.18359	0.26758	11095	1	0.49587	0.34665	1	0.46119	0.36295	1	0.47853	0.35480	1	0.47297	0.53694	11.30908	1.08463	1	0.73679	0.56083	12.48202	1.08463	1	-0.00667	-0.00975	0.68391	0.00386	1	0.06164	-0.01447	0.67937	0.00411	1	1.45898	0.81042	0	
1243483	8387.45801	3304674177236	0.50060	0.35835	8387.18359	0.27441	11095	1	0.48788	0.33588	1	0.46097	0.36996	1	0.47442	0.35292	1	0.47286	0.53653	11.28854	1.07554	1	0.73679	0.56083	12.48202	1.07554	1	-0.00667	-0.00975	0.68391	0.00394	1	0.06164	-0.01447	0.67937	0.00411	1	1.45898	0.81042	0	
1243484	8387.46484	3304674244270	0.50001	0.35839	8387.18359	0.28125	11095	1	0.48908	0.34303	1	0.46075	0.37698	1	0.47492	0.36000	1	0.47338	0.53685	12.05782	1.06646	1	0.73689	0.56045	12.00392	1.06646	1	-0.00667	-0.00975	0.68391	0.00367	1	0.06116	-0.01441	0.67413	0.00427	1	1.45898	0.81042	0	
1243485	8387.47168	3304674310907	0.50003	0.35738	8387.18359	0.28809	11095	1	0.51869	0.31978	1	0.48292	0.30888	1	0.50081	0.31433	1	0.47327	0.53689	11.97670	1.06646	1	0.73704	0.56020	11.95905	1.06646	1	-0.00667	-0.00975	0.68391	0.00393	1	0.06116	-0.01441	0.67413	0.00439	1	1.45898	0.81042	0	
1243486	8387.47852	3304674377760	0.50008	0.35784	8387.18359	0.29492	11095	1	0.53535	0.38269	1	0.46960	0.37311	1	0.50248	0.37790	1	0.47358	0.53699	12.17517	1.06646	1	0.73687	0.56077	12.39109	1.06646	1	-0.00667	-0.00975	0.68391	0.00375	1	0.06116	-0.01441	0.67413	0.00407	1	1.45898	0.81042	0	
1243487	8387.48535	3304674444541	0.50013	0.35834	8387.18359	0.30176	11095	1	0.53535	0.38269	1	0.46936	0.37906	1	0.50236	0.38087	1	0.47357	0.53697	11.84620	1.06646	1	0.73738	0.56003	12.76932	1.05880	1	-0.00667	-0.00975	0.68391	0.00374	1	0.05938	-0.01393	0.65398	0.00409	1	1.45898	0.81042	0	
1243488	8387.49121	3304674511613	0.50044	0.35835	8387.18359	0.30762	11095	1	0.53170	0.38517	1	0.49740	0.33240	1	0.51455	0.35878	1	0.47348	0.53709	11.81829	1.05880	1	0.73726	0.56022	12.97998	1.05114	1	-0.00667	-0.00975	0.68391	0.00373	1	0.05938	-0.01393	0.65398	0.00405	1	1.45898	0.81042	0	
1243489	8387.49805	3304674579065	0.50084	0.35860	8387.18359	0.31445	11095	1	0.54931	0.39256	1	0.49068	0.34782	1	0.52000	0.37019	1	0.47378	0.53705	11.22015	1.05114	1	0.73721	0.56026	13.00685	1.04348	1	-0.00667	-0.00975	0.68391	0.00382	1	0.05938	-0.01393	0.65398	0.00403	1	1.45898	0.81042	0	
1243490	8387.50488	3304674643050	0.50219	0.35983	8387.18359	0.32129	11095	1	0.55065	0.40428	1	0.49026	0.35439	1	0.52046	0.37934	1	0.47376	0.53716	11.42025	1.03546	1	0.73736	0.56056	13.04534	1.03546	1	-0.00639	-0.00942	0.66093	0.00378	1	0.06125	-0.01438	0.67290	0.00383	1	1.45898	0.81042	0	
1243491	8387.51172	3304674710619	0.50224	0.36090	8387.18359	0.32812	11095	1	0.54707	0.40525	1	0.48315	0.36798	1	0.51511	0.38661	1	0.47370	0.53711	11.58128	1.02745	1	0.73745	0.56048	13.08719	1.03511	1	-0.00639	-0.00942	0.66093	0.00372	1	0.06125	-0.01438	0.67290	0.00375	1	1.45898	0.81042	0	
1243492	8387.51855	3304674780354	0.50186	0.36088	8387.18359	0.33496	11095	1	0.52201	0.39589	1	0.47968	0.34863	1	0.50084	0.37226	1	0.47373	0.53707	11.48203	1.02709	1	0.73742	0.56046	12.87265	1.03475	1	-0.00639	-0.00942	0.66093	0.00373	1	0.06125	-0.01438	0.67290	0.00391	1	1.45898	0.81042	0	
1243493	8387.52539	3304674846724	0.50147	0.36079	8387.18359	0.34180	11095	1	0.52116	0.39004	1	0.48000	0.34231	1	0.50058	0.36618	1	0.47357	0.53688	11.49691	1.03475	1	0.73749	0.56000	12.77351	1.04241	1	-0.00659	-0.00979	0.68670	0.00380	1	0.06125	-0.01438	0.67290	0.00420	1	1.45898	0.81042	0	
1243494	8387.53223	3304674912591	0.50094	0.36137	8387.18359	0.34863	11095	1	0.51958	0.40772	1	0.46905	0.34233	1	0.49432	0.37502	1	0.47376	0.53731	11.57602	1.05043	1	0.73724	0.56046	13.06901	1.05043	1	-0.00659	-0.00979	0.68670	0.00366	1	0.06125	-0.01438	0.67290	0.00399	1	1.45898	0.81042	0	
1243495	8387.53906	3304674980988	0.50055	0.36246	8387.18359	0.35547	11095	1	0.50411	0.36408	1	0.48987	0.37045	1	0.49699	0.36726	1	0.47350	0.53682	10.92321	1.05844	1	0.73759	0.56079	12.82981	1.05844	1	-0.00659	-0.00979	0.68670	0.00389	1	0.06125	-0.01438	0.67290	0.00391	1	1.45898	0.81042	0	
1243496	8387.54492	3304675047403	0.50017	0.36349	8387.18359	0.36133	11095	1	0.50313	0.35789	1	0.49027	0.36414	1	0.49670	0.36101	1	0.47369	0.53701	11.33887	1.06646	1	0.73766	0.56047	12.22531	1.06646	1	-0.00646	-0.00974	0.68384	0.00384	1	0.06125	-0.01438	0.67290	0.00395	1	1.45898	0.81042	0	
1243497	8387.55176	3304675114369	0.49920	0.36462	8387.18359	0.36816	11095	1	0.48294	0.43982	1	0.46846	0.38947	1	0.47570	0.41464	1	0.47340	0.53763	11.42907	1.06646	1	0.73766	0.56093	12.85942	1.06646	1	-0.00646	-0.00974	0.68384	0.00387	1	0.06125	-0.01438	0.67290	0.00406	1	1.45898	0.81042	0	
1243498	8387.55859	3304675182097	0.49850	0.36400	8387.18359	0.37500	11095	1	0.49671	0.34413	1	0.47437	0.36975	1	0.48554	0.35694	1	0.47380	0.53709	12.01823	1.06646	1	0.73775	0.56088	12.36395	1.06646	1	-0.00646	-0.00974	0.68384	0.00375	1	0.06125	-0.01438	0.67290	0.00405	1	1.45898	0.81042	0	
1243499	8387.56543	3304675247647	0.49780	0.36327	8387.18359	0.38184	11095	1	0.49671	0.34413	1	0.47437	0.36975	1	0.48554	0.35694	1	0.47394	0.53652	11.97844	1.06646	1	0.73800	0.56104	12.98088	1.06646	1	-0.00646	-0.00974	0.68384	0.00387	1	0.06125	-0.01438	0.67290	0.00409	1	1.45898	0.81042	0	
1243500	8387.57227	3304675315378	0.49752	0.36341	8387.18359	0.38867	11095	1	0.51345	0.34425	1	0.47552	0.36658	1	0.49448	0.35542	1	0.47403	0.53660	12.06292	1.06646	1	0.73773	0.56077	12.40640	1.06646	1	-0.00646	-0.00974	0.68384	0.00387	1	0.06125	-0.01438	0.67290	0.00418	1	1.45898	0.81042	0	
1243501	8387.57910	3304675383814	0.49737	0.36300	8387.18359	0.39551	11095	1	0.51734	0.31339	1	0.46693	0.36385	1	0.49213	0.33862	1	0.47412	0.53632	12.19169	1.06646	1	0.73764	0.56072	12.36038	1.06646	1	-0.00646	-0.00974	0.68384	0.00371	1	0.06125	-0.01438	0.67290	0.00404	1	1.45898	0.81042	0	
1243502	8387.58496	3304675449186	0.49721	0.36273	8387.18359	0.40137	11095	1	0.51734	0.31339	1	0.46671	0.36986	1	0.49202	0.34163	1	0.47420	0.53708	12.01227	1.06646	1	0.73769	0.56041	12.20629	1.05880	1	-0.00646	-0.00974	0.68384	0.00371	1	0.06042	-0.01418	0.66318	0.00415	1	1.45898	0.81042	0	
1243503	8387.59180	3304675515805	0.49740	0.36269	8387.18359	0.40820	11095	1	0.52000	0.38369	1	0.49406	0.30299	1	0.50703	0.34334	1	0.47416	0.53706	11.96638	1.05880	1	0.73800	0.55988	12.66628	1.05114	1	-0.00646	-0.00974	0.68384	0.00369	1	0.06042	-0.01418	0.66318	0.00429	1	1.45898	0.81042	0	
1243504	8387.59863	3304675582807	0.49759	0.36338	8387.18359	0.41504	11095	1	0.51544	0.39276	1	0.47192	0.37640	1	0.49368	0.38458	1	0.47399	0.53702	12.08602	1.05114	1	0.73768	0.56077	13.26488	1.04348	1	-0.00646	-0.00974	0.68384	0.00354	1	0.06042	-0.01418	0.66318	0.00405	1	1.45898	0.81042	0	
1243505	8387.60547	3304675649961	0.49779	0.36432	8387.18359	0.42188	11095	1	0.51631	0.39850	1	0.47165	0.38245	1	0.49398	0.39047	1	0.47439	0.53689	11.28552	1.04348	1	0.73815	0.56001	12.71435	1.03582	1	-0.00646	-0.00974	0.68384	0.00369	1	0.06042	-0.01418	0.66318	0.00407	1	1.45898	0.81042	0	
1243506	8387.61230	3304675717159	0.49865	0.36514	8387.18359	0.42871	11095	1	0.54850	0.39385	1	0.49742	0.36880	1	0.52296	0.38132	1	0.47450	0.53708	11.34050	1.03582	1	0.73812	0.56034	13.10782	1.03582	1	-0.00646	-0.00974	0.68384	0.00372	1	0.06042	-0.01418	0.66318	0.00397	1	1.45898	0.81042	0	
1243507	8387.61914	3304675784507	0.49948	0.36642	8387.18359	0.43555	11095	1	0.54850	0.39385	1	0.49548	0.37996	1	0.52199	0.38690	1	0.47450	0.53708	11.34050	1.03582	1	0.73812	0.56060	13.01116	1.03582	1	-0.00646	-0.00974	0.68384	0.00372	1	0.06042	-0.01418	0.66318	0.00388	1	1.45898	0.81042	0	
1243508	8387.62598	3304675851245	0.50031	0.36789	8387.18359	0.44238	11095	1	0.54920	0.39992	1	0.49464	0.39174	1	0.52192	0.39583	1	0.47444	0.53676	11.56618	1.02780	1	0.73816	0.56084	13.12494	1.02100	1	-0.00622	-0.00946	0.66382	0.00363	1	0.05934	-0.01391	0.65087	0.00369	1	1.45898	0.81042	0	
1243509	8387.63184	3304675918318	0.50118	0.36771	8387.18359	0.44824	11095	1	0.55303	0.38983	1	0.50079	0.35663	1	0.52691	0.37323	1	0.47461	0.53662	11.74080	1.01298	1	0.73821	0.56004	12.76227	1.00617	1	-0.00622	-0.00946	0.66382	0.00366	1	0.05934	-0.01391	0.65087	0.00402	1	1.45898	0.81042	0	
1243510	8387.63867	3304675985482	0.50210	0.36867	8387.18359	0.45508	11095	1	0.53735	0.41487	1	0.49491	0.42248	1	0.51613	0.41868	1	0.47465	0.53675	12.11364	0.99815	1	0.73809	0.56072	13.08788	0.99135	1	-0.00622	-0.00946	0.66382	0.00361	1	0.05934	-0.01391	0.65087	0.00378	1	1.45898	0.81042	0	
1243511	8387.64551	3304676052754	0.50304	0.36975	8387.18359	0.46191	11095	1	0.53884	0.42622	1	0.49489	0.42276	1	0.51687	0.42449	1	0.47454	0.53663	11.96182	0.98333	1	0.73818	0.56000	12.82118	0.99099	1	-0.00622	-0.00941	0.66382	0.00362	1	0.06190	-0.01449	0.67777	0.00410	1	1.45898	0.81042	0	
1243512	8387.65234	3304676119155	0.50306	0.36941	8387.18359	0.46875	11095	1	0.52692	0.36529	1	0.47647	0.37246	1	0.50170	0.36888	1	0.47451	0.53619	11.64600	0.99099	1	0.73820	0.56017	12.73224	1.00546	1	-0.00622	-0.00941	0.66382	0.00389	1	0.06190	-0.01449	0.67777	0.00402	1	1.45898	0.81042	0	
1243513	8387.65918	3304676186643	0.50377	0.36889	8387.18359	0.47559	11095	1	0.53266	0.37086	1	0.49789	0.37555	1	0.51528	0.37320	1	0.47462	0.53640	11.98188	1.00546	1	0.73816	0.56027	12.67518	1.01992	1	-0.00622	-0.00941	0.66382	0.00380	1	0.06190	-0.01449	0.67777	0.00401	1	1.45898	0.81042	0	
1243514	8387.66602	3304676253303	0.50447	0.36808	8387.18359	0.48242	11095	1	0.53116	0.35923	1	0.49876	0.36380	1	0.51496	0.36151	1	0.47455	0.53654	11.54237	1.01992	1	0.73822	0.56076	12.97416	1.03439	1	-0.00622	-0.00941	0.66382	0.00380	1	0.06206	-0.01447	0.67948	0.00377	1	1.45898	0.81042	0	
1243515	8387.67285	3304676320307	0.50472	0.36699	8387.18359	0.48926	11095	1	0.51982	0.30099	1	0.47545	0.34945	1	0.49764	0.32522	1	0.47452	0.53590	11.37050	1.03439	1	0.73814	0.56046	13.24874	1.03439	1	-0.00622	-0.00941	0.66382	0.00385	1	0.06206	-0.01447	0.67948	0.00377	1	1.45898	0.81042	0	
1243516	8387.67969	3304676387169	0.50488	0.36609	8387.18359	0.49609	11095	1	0.52310	0.35894	1	0.47515	0.35486	1	0.49913	0.35690	1	0.47459	0.53654	11.70261	1.03439	1	0.73814	0.56045	13.00573	1.03439	1	-0.00622	-0.00941	0.66382	0.00367	1	0.06206	-0.01447	0.67948	0.00380	1	1.45898	0.81042	0	
1243517	8387.68555	3304676453710	0.50502	0.36494	8387.18359	0.50195	11095	1	0.52223	0.35257	1	0.47545	0.34830	1	0.49884	0.35043	1	0.47450	0.53581	11.61146	1.04241	1	0.73825	0.56003	12.75728	1.04241	1	-0.00625	-0.00948	0.67260	0.00392	1	0.06206	-0.01447	0.67948	0.00405	1	1.45898	0.81042	0	
1243518	8387.69238	3304676519759	0.50508	0.36524	8387.18359	0.50879	11095	1	0.53280	0.32108	1	0.50604	0.30411	1	0.51942	0.31259	1	0.47469	0.53583	11.47932	1.05043	1	0.73818	0.56001	12.75191	1.05043	1	-0.00625	-0.00948	0.67260	0.00390	1	0.06206	-0.01447	0.67948	0.00421	1	1.45898	0.81042	0	
1243519	8387.69922	3304676586558	0.50447	0.36511	8387.18359	0.51562	11095	1	0.51310	0.29743	1	0.47358	0.37702	1	0.49334	0.33722	1	0.47439	0.53591	11.46170	1.05844	1	0.73812	0.56085	13.13541	1.05844	1	-0.00625	-0.00948	0.67260	0.00383	1	0.06206	-0.01447	0.67948	0.00402	1	1.45898	0.81042	0	
1243520	8387.70605	3304676651692	0.50386	0.36485	8387.18359	0.52246	11095	1	0.51219	0.29074	1	0.47387	0.37077	1	0.49303	0.33076	1	0.47454	0.53601	11.71447	1.06646	1	0.73830	0.56100	12.91781	1.06646	1	-0.00625	-0.00948	0.67260	0.00377	1	0.06206	-0.01447	0.67948	0.00394	1	1.45898	0.81042	0	
1243521	8387.71191	3304676717760	0.50356	0.36540	8387.18359	0.52832	11095	1	0.52749	0.41722	1	0.47150	0.38840	1	0.49949	0.40281	1	0.47461	0.53686	12.40810	1.06646	1	0.73810	0.56099	13.34161	1.06646	1	-0.00625	-0.00948	0.67260	0.00349	1	0.06206	-0.01447	0.67948	0.00392	1	1.45898	0.81042	0	
1243522	8387.71875	3304676785866	0.50276	0.36572	8387.18359	0.53516	11095	1	0.51325	0.33851	1	0.46093	0.39006	1	0.48709	0.36429	1	0.47442	0.53659	12.07924	1.06646	1	0.73794	0.56101	13.47010	1.06646	1	-0.00625	-0.00948	0.67260	0.00348	1	0.06206	-0.01447	0.67948	0.00393	1	1.45898	0.81042	0	
1243523	8387.72559	3304676854244	0.50194	0.36599	8387.18359	0.54199	11095	1	0.51325	0.33851	1	0.46093	0.39006	1	0.48709	0.36429	1	0.47479	0.53696	12.40947	1.06646	1	0.73794	0.56093	13.30236	1.06646	1	-0.00625	-0.00943	0.67260	0.00351	1	0.06190	-0.01439	0.67777	0.00399	1	1.45898	0.81042	0	
1243524	8387.73242	3304676921550	0.50196	0.36620	8387.18359	0.54883	11095	1	0.53110	0.39485	1	0.49851	0.37298	1	0.51481	0.38391	1	0.47474	0.53687	12.10522	1.06646	1	0.73849	0.56091	12.72958	1.06646	1	-0.00625	-0.00943	0.67260	0.00352	1	0.06190	-0.01439	0.67777	0.00400	1	1.45898	0.81042	0	
1243525	8387.73926	3304676987533	0.50168	0.36588	8387.18359	0.55566	11095	1	0.53648	0.42051	1	0.47481	0.33598	1	0.50565	0.37825	1	0.47476	0.53712	12.47656	1.06646	1	0.73815	0.56057	12.83963	1.06646	1	-0.00625	-0.00943	0.67260	0.00353	1	0.06190	-0.01439	0.67777	0.00394	1	1.45898	0.81042	0	
1243526	8387.74609	3304677054551	0.50140	0.36583	8387.18359	0.56250	11095	1	0.53648	0.42051	1	0.47481	0.33598	1	0.50565	0.37825	1	0.47476	0.53691	12.28859	1.06646	1	0.73811	0.56067	12.83265	1.06646	1	-0.00625	-0.00938	0.67260	0.00360	1	0.06190	-0.01439	0.67777	0.00399	1	1.45898	0.81042	0	
1243527	8387.75293	3304677120285	0.50151	0.36573	8387.18359	0.56934	11095	1	0.54368	0.37912	1	0.46359	0.35187	1	0.50364	0.36549	1	0.47496	0.53673	12.48980	1.06646	1	0.73831	0.56070	12.45795	1.06646	1	-0.00625	-0.00938	0.67260	0.00363	1	0.06190	-0.01439	0.67777	0.00402	1	1.45898	0.81042	0	
1243528	8387.75977	3304677191446	0.50166	0.36653	8387.18359	0.57617	11095	1	0.54467	0.38377	1	0.46554	0.36040	1	0.50510	0.37209	1	0.47497	0.53668	12.26296	1.06646	1	0.73832	0.56068	12.34041	1.06646	1	-0.00625	-0.00938	0.67260	0.00359	1	0.06190	-0.01439	0.67777	0.00401	1	1.45898	0.81042	0	
1243529	8387.76660	3304677256440	0.50181	0.36747	8387.18359	0.58301	11095	1	0.54467	0.38377	1	0.46554	0.36040	1	0.50510	0.37209	1	0.47492	0.53660	12.28448	1.06646	1	0.73830	0.56052	12.23881	1.06646	1	-0.00625	-0.00938	0.67260	0.00361	1	0.06206	-0.01447	0.67948	0.00414	1	1.45898	0.81042	0	
1243530	8387.77344	3304677324703	0.50202	0.36699	8387.18359	0.58984	11095	1	0.51798	0.31129	1	0.45950	0.35159	1	0.48874	0.33144	1	0.47456	0.53580	11.45722	1.06646	1	0.73827	0.56069	12.32372	1.06646	1	-0.00625	-0.00938	0.67260	0.00377	1	0.06206	-0.01447	0.67948	0.00404	1	1.45898	0.81042	0	
1243531	8387.77930	3304677391937	0.50280	0.36724	8387.18359	0.59570	11095	1	0.55362	0.36010	1	0.46987	0.36988	1	0.51175	0.36499	1	0.47508	0.53648	12.35570	1.06646	1	0.73842	0.56085	12.44011	1.06646	1	-0.00625	-0.00938	0.67260	0.00366	1	0.06206	-0.01447	0.67948	0.00405	1	1.45898	0.81042	0	
1243532	8387.78613	3304677458695	0.50356	0.36720	8387.18359	0.60254	11095	1	0.55289	0.35313	1	0.47016	0.36280	1	0.51153	0.35796	1	0.47495	0.53596	12.15900	1.07554	1	0.73850	0.56087	12.39426	1.07554	1	-0.00650	-0.00984	0.70507	0.00377	1	0.06190	-0.01439	0.67777	0.00407	1	1.45898	0.81042	0	
1243533	8387.79297	3304677525803	0.50371	0.36780	8387.18359	0.60938	11095	1	0.54264	0.31498	1	0.47326	0.37181	1	0.50795	0.34339	1	0.47495	0.53596	12.15900	1.08463	1	0.73848	0.56073	12.63307	1.08463	1	-0.00650	-0.00984	0.70507	0.00377	1	0.06190	-0.01439	0.67777	0.00395	1	1.45898	0.81042	0	
1243534	8387.79980	3304677592973	0.50335	0.36633	8387.18359	0.61621	11095	1	0.50373	0.30611	1	0.46692	0.30812	1	0.48532	0.30712	1	0.47473	0.53598	11.85756	1.09372	1	0.73841	0.56035	12.15980	1.09372	1	-0.00650	-0.00984	0.70507	0.00385	1	0.06190	-0.01439	0.67777	0.00407	1	1.45898	0.81042	0	
1243535	8387.80664	3304677659881	0.50299	0.36464	8387.18359	0.62305	11095	1	0.50266	0.29884	1	0.46718	0.30071	1	0.48492	0.29978	1	0.47490	0.53606	12.11938	1.10280	1	0.73835	0.56029	12.19425	1.10280	1	-0.00650	-0.00984	0.70507	0.00389	1	0.06206	-0.01447	0.67948	0.00406	1	1.45898	0.81042	0	
1243536	8387.81348	3304677726746	0.50239	0.36389	8387.18359	0.62988	11095	1	0.52455	0.33414	1	0.44643	0.31130	1	0.48549	0.32272	1	0.47506	0.53642	12.43481	1.10280	1	0.73806	0.56061	12.84136	1.10280	1	-0.00650	-0.00984	0.70507	0.00368	1	0.06206	-0.01447	0.67948	0.00405	1	1.45898	0.81042	0	
1243537	8387.82031	3304677794443	0.50147	0.36296	8387.18359	0.63672	11095	1	0.50436	0.32975	1	0.44747	0.32165	1	0.47592	0.32570	1	0.47479	0.53635	12.34758	1.10280	1	0.73806	0.56061	12.84136	1.10280	1	-0.00650	-0.00984	0.70507	0.00371	1	0.06206	-0.01447	0.67948	0.00405	1	1.45898	0.81042	0	
1243538	8387.82617	3304677860964	0.50054	0.36184	8387.18359	0.64258	11095	1	0.50436	0.32975	1	0.44747	0.32165	1	0.47592	0.32570	1	0.47479	0.53660	12.22518	1.10280	1	0.73839	0.56011	12.20895	1.10280	1	-0.00650	-0.00984	0.70507	0.00370	1	0.06190	-0.01439	0.67777	0.00414	1	1.45898	0.81042	0	
1243539	8387.83301	3304677927828	0.50007	0.36023	8387.18359	0.64941	11095	1	0.51303	0.32481	1	0.47176	0.29381	1	0.49240	0.30931	1	0.47488	0.53630	12.39062	1.10280	1	0.73845	0.56035	12.36321	1.10280	1	-0.00650	-0.00984	0.70507	0.00372	1	0.06190	-0.01439	0.67777	0.00411	1	1.45898	0.81042	0	
1243540	8387.83984	3304677995095	0.49221	0.33609	8387.18359	0.64941	11095	0	0.51265	0.36701	1	0.45029	0.37870	1	0.48147	0.37286	1	0.47480	0.53666	12.29414	1.10280	1	0.73816	0.56060	12.99022	1.10280	1	-0.00650	-0.00984	0.70507	0.00363	1	0.06190	-0.01439	0.67777	0.00400	1	1.45898	0.81042	0	
1243541	8387.84668	3304678061978	0.48706	0.35784	8387.18359	0.64941	11095	0	0.51365	0.37372	1	0.45017	0.38546	1	0.48191	0.37959	1	0.47490	0.53651	12.14988	1.09372	1	0.73848	0.56102	13.22000	1.09372	1	-0.00630	-0.00960	0.68827	0.00363	1	0.06206	-0.01447	0.67948	0.00390	1	1.45898	0.81042	0	
1243542	8387.85352	3304678127635	0.49282	0.35579	8387.18359	0.64941	11095	0	0.55741	0.33994	1	0.45130	0.36342	1	0.50435	0.35168	1	0.47509	0.53657	12.23848	1.08463	1	0.73811	0.56077	12.91881	1.08463	1	-0.00630	-0.00960	0.68827	0.00368	1	0.06206	-0.01447	0.67948	0.00399	1	1.45898	0.81042	0	
1243543	8387.86035	3304678194643	0.49469	0.36700	8387.83984	0.02051	11096	1	0.55021	0.36847	1	0.45035	0.43280	1	0.50028	0.40063	1	0.47502	0.53653	12.20905	1.07554	1	0.73817	0.56059	12.86340	1.07554	1	-0.00630	-0.00960	0.68827	0.00363	1	0.06206	-0.01447	0.67948	0.00400	1	1.45898	0.81042	0	
1243544	8387.86621	3304678261689	0.49587	0.37506	8387.83984	0.02637	11096	1	0.55096	0.37531	1	0.45022	0.43928	1	0.50059	0.40729	1	0.47494	0.53649	12.15015	1.06646	1	0.73820	0.56095	12.69747	1.06646	1	-0.00625	-0.00938	0.67260	0.00367	1	0.06190	-0.01439	0.67777	0.00396	1	1.45898	0.81042	0	
1243545	8387.87305	3304678329495	0.49829	0.37587	8387.83984	0.03320	11096	1	0.56109	0.33582	1	0.45975	0.42404	1	0.51042	0.37993	1	0.47519	0.53629	11.92830	1.06646	1	0.73826	0.56096	13.21919	1.06646	1	-0.00625	-0.00938	0.67260	0.00385	1	0.06190	-0.01439	0.67777	0.00393	1	1.45898	0.81042	0	
1243546	8387.87988	3304678396643	0.49711	0.37616	8387.83984	0.04004	11096	1	0.53950	0.29290	1	0.44054	0.46296	1	0.49002	0.37793	1	0.47492	0.53585	11.95812	1.06646	1	0.73804	0.56074	12.95472	1.06646	1	-0.00625	-0.00938	0.67260	0.00390	1	0.06190	-0.01439	0.67777	0.00400	1	1.45898	0.81042	0	
1243547	8387.88672	3304678463440	0.49627	0.37715	8387.83984	0.04688	11096	1	0.54024	0.29957	1	0.44049	0.46850	1	0.49037	0.38403	1	0.47500	0.53672	12.19684	1.05844	1	0.73835	0.56029	12.19425	1.05844	1	-0.00595	-0.00905	0.64537	0.00366	1	0.06206	-0.01447	0.67948	0.00407	1	1.45898	0.81042	0	
1243548	8387.89355	3304678530588	0.49689	0.38063	8387.83984	0.05371	11096	1	0.54852	0.39761	1	0.45526	0.41941	1	0.50189	0.40851	1	0.47495	0.53678	12.28814	1.05043	1	0.73819	0.56029	12.79313	1.05043	1	-0.00595	-0.00905	0.64537	0.00364	1	0.06206	-0.01447	0.67948	0.00401	1	1.45898	0.81042	0	
1243549	8387.90039	3304678597554	0.49699	0.38382	8387.83984	0.06055	11096	1	0.52978	0.39415	1	0.46597	0.43098	1	0.49787	0.41256	1	0.47466	0.53655	11.78775	1.04241	1	0.73842	0.56023	11.87317	1.04241	1	-0.00595	-0.00905	0.64537	0.00362	1	0.06206	-0.01447	0.67948	0.00413	1	1.45898	0.81042	0	
1243550	8387.90723	3304678664037	0.49704	0.38582	8387.83984	0.06738	11096	1	0.52885	0.38730	1	0.46623	0.42427	1	0.49754	0.40579	1	0.47492	0.53652	12.09279	1.05149	1	0.73835	0.56049	12.28276	1.05149	1	-0.00650	-0.00984	0.70507	0.00362	1	0.06190	-0.01439	0.67777	0.00397	1	1.45898	0.81042	0	
1243551	8387.91309	3304678729280	0.49825	0.38568	8387.83984	0.07324	11096	1	0.55833	0.38514	1	0.46484	0.38319	1	0.51158	0.38416	1	0.47512	0.53677	12.20362	1.06860	1	0.73835	0.56053	12.35595	1.06860	1	-0.00650	-0.00984	0.70507	0.00358	1	0.06190	-0.01439	0.67777	0.00397	1	1.45898	0.81042	0	
1243552	8387.91992	3304678796004	0.49813	0.38533	8387.83984	0.08008	11096	1	0.53190	0.35080	1	0.46151	0.41148	1	0.49671	0.38114	1	0.47478	0.53653	12.13962	1.08570	1	0.73835	0.56044	12.29398	1.08570	1	-0.00650	-0.00984	0.70507	0.00356	1	0.06190	-0.01439	0.67777	0.00400	1	1.45898	0.81042	0	
1243553	8387.92676	3304678863186	0.49799	0.38412	8387.83984	0.08691	11096	1	0.53026	0.33774	1	0.46192	0.39905	1	0.49609	0.36840	1	0.47499	0.53681	12.56316	1.10280	1	0.73835	0.56029	12.19425	1.10280	1	-0.00646	-0.00982	0.70010	0.00359	1	0.06206	-0.01447	0.67948	0.00407	1	1.45898	0.81042	0	
1243554	8387.93359	3304678929791	0.49780	0.38341	8387.83984	0.09375	11096	1	0.53893	0.36374	1	0.45145	0.38303	1	0.49519	0.37338	1	0.47486	0.53680	12.35340	1.10280	1	0.73811	0.56026	12.75185	1.10280	1	-0.00646	-0.00982	0.70010	0.00365	1	0.06206	-0.01447	0.67948	0.00430	1	1.45898	0.81042	0	
1243555	8387.94043	3304678998631	0.49903	0.38353	8387.83984	0.10059	11096	1	0.54422	0.35193	1	0.49056	0.41893	1	0.51739	0.38543	1	0.47495	0.53666	12.36749	1.10280	1	0.73874	0.56065	12.70228	1.10280	1	-0.00646	-0.00982	0.70010	0.00362	1	0.06206	-0.01447	0.67948	0.00384	1	1.45898	0.81042	0	
1243556	8387.94727	3304679065987	0.50012	0.38404	8387.83984	0.10742	11096	1	0.54499	0.35874	1	0.49011	0.42539	1	0.51755	0.39207	1	0.47493	0.53685	12.40168	1.09372	1	0.73822	0.56079	12.61225	1.09372	1	-0.00630	-0.00965	0.68827	0.00357	1	0.06206	-0.01447	0.67948	0.00415	1	1.45898	0.81042	0	
1243557	8387.95410	3304679133695	0.50052	0.38425	8387.83984	0.11426	11096	1	0.54718	0.35329	1	0.46749	0.42260	1	0.50734	0.38794	1	0.47492	0.53657	12.18658	1.08463	1	0.73845	0.56055	12.09436	1.08463	1	-0.00630	-0.00965	0.68827	0.00365	1	0.06206	-0.01447	0.67948	0.00405	1	1.45898	0.81042	0	
1243558	8387.96094	3304679201149	0.50005	0.38440	8387.83984	0.12109	11096	1	0.51771	0.35835	1	0.46549	0.41590	1	0.49160	0.38713	1	0.47496	0.53643	12.16597	1.07554	1	0.73842	0.56082	12.22648	1.07554	1	-0.00630	-0.00965	0.68827	0.00364	1	0.06206	-0.01447	0.67948	0.00404	1	1.45898	0.81042	0	
1243559	8387.96680	3304679267510	0.49964	0.38488	8387.83984	0.12695	11096	1	0.51870	0.36530	1	0.46524	0.42253	1	0.49197	0.39391	1	0.47491	0.53650	12.16193	1.06646	1	0.73871	0.56013	11.94241	1.06646	1	-0.00630	-0.00970	0.68827	0.00357	1	0.06206	-0.01447	0.67948	0.00398	1	1.45898	0.81042	0	
1243560	8387.97363	3304679334136	0.49955	0.38360	8387.83984	0.13379	11096	1	0.51197	0.37520	1	0.48355	0.34096	1	0.49776	0.35808	1	0.47475	0.53677	12.27445	1.06646	1	0.73865	0.56040	12.25931	1.06646	1	-0.00630	-0.00970	0.68827	0.00356	1	0.06206	-0.01447	0.67948	0.00382	1	1.45898	0.81042	0	
1243561	8387.98047	3304679401131	0.49966	0.38342	8387.83984	0.14062	11096	1	0.51904	0.40709	1	0.48480	0.35214	1	0.50192	0.37961	1	0.47475	0.53695	12.33509	1.06646	1	0.73871	0.56008	12.02659	1.06646	1	-0.00630	-0.00970	0.68827	0.00356	1	0.06206	-0.01447	0.67948	0.00385	1	1.45898	0.81042	0	
1243562	8387.98730	3304679469184	0.49975	0.38339	8387.83984	0.14746	11096	1	0.51904	0.40709	1	0.48445	0.35825	1	0.50174	0.38267	1	0.47496	0.53679	12.25367	1.06646	1	0.73906	0.56036	12.96957	1.05880	1	-0.00630	-0.00970	0.68827	0.00360	1	0.06010	-0.01396	0.65749	0.00377	1	1.45898	0.81042	0	
1243563	8387.99414	3304679537588	0.50053	0.38240	8387.83984	0.15430	11096	1	0.52776	0.40421	1	0.50905	0.31483	1	0.51840	0.35952	1	0.47497	0.53671	11.19157	1.05880	1	0.73899	0.56029	12.95398	1.05114	1	-0.00630	-0.00970	0.68827	0.00367	1	0.06010	-0.01396	0.65749	0.00378	1	1.45898	0.81042	0	
1243564	8388.00098	3304679602265	0.50104	0.38264	8387.83984	0.16113	11096	1	0.52910	0.40213	1	0.49761	0.37496	1	0.51335	0.38855	1	0.47504	0.53665	11.07409	1.05114	1	0.73889	0.56080	13.27769	1.04348	1	-0.00630	-0.00970	0.68827	0.00361	1	0.06010	-0.01396	0.65749	0.00373	1	1.45898	0.81042	0	
1243565	8388.00781	3304679669258	0.50154	0.38284	8387.83984	0.16797	11096	1	0.52988	0.40780	1	0.49812	0.36807	1	0.51400	0.38793	1	0.47507	0.53663	11.06527	1.04348	1	0.73878	0.56055	13.23643	1.05216	1	-0.00630	-0.00970	0.68827	0.00363	1	0.06473	-0.01506	0.70701	0.00381	1	1.45898	0.81042	0	
1243566	8388.01367	3304679736727	0.50150	0.38223	8387.83984	0.17383	11096	1	0.51872	0.39232	1	0.48243	0.34004	1	0.50057	0.36618	1	0.47486	0.53647	11.95945	1.05216	1	0.73865	0.56054	13.19974	1.06850	1	-0.00630	-0.00970	0.68827	0.00362	1	0.06473	-0.01506	0.70701	0.00389	1	1.45898	0.81042	0	
1243567	8388.02051	3304679803824	0.50124	0.38122	8387.83984	0.18066	11096	1	0.52688	0.38496	1	0.46158	0.32313	1	0.49423	0.35405	1	0.47497	0.53671	12.31979	1.06850	1	0.73869	0.56052	13.15598	1.08484	1	-0.00630	-0.00970	0.68827	0.00361	1	0.06473	-0.01506	0.70701	0.00385	1	1.45898	0.81042	0	
1243568	8388.02734	3304679870521	0.50098	0.37997	8387.83984	0.18750	11096	1	0.52521	0.37281	1	0.46177	0.31694	1	0.49349	0.34487	1	0.47567	0.53693	12.06162	1.08484	1	0.73881	0.56035	12.95621	1.09250	1	-0.00630	-0.00965	0.68827	0.00364	1	0.06145	-0.01423	0.67062	0.00388	1	1.45898	0.81042	0	
1243569	8388.03418	3304679937004	0.50111	0.37882	8387.83984	0.19434	11096	1	0.53882	0.35954	1	0.47109	0.33161	1	0.50496	0.34558	1	0.47528	0.53675	11.64390	1.09250	1	0.73887	0.56053	12.96642	1.08382	1	-0.00630	-0.00965	0.68827	0.00357	1	0.06145	-0.01423	0.67062	0.00394	1	1.45898	0.81042	0	
1243570	8388.04102	3304680004372	0.50086	0.37634	8387.83984	0.20117	11096	1	0.50967	0.28080	1	0.47687	0.32314	1	0.49327	0.30197	1	0.47523	0.53604	11.31108	1.08382	1	0.73890	0.56029	12.89745	1.07514	1	-0.00630	-0.00965	0.68827	0.00390	1	0.06145	-0.01423	0.67062	0.00397	1	1.45898	0.81042	0	
1243571	8388.04785	3304680071566	0.50063	0.37424	8387.83984	0.20801	11096	1	0.51066	0.28801	1	0.47654	0.33023	1	0.49360	0.30912	1	0.47523	0.53612	11.86924	1.07514	1	0.73904	0.56031	12.45306	1.06646	1	-0.00614	-0.00962	0.68257	0.00388	1	0.06261	-0.01455	0.68326	0.00395	1	1.45898	0.81042	0	
1243572	8388.05469	3304680138366	0.50086	0.37462	8387.83984	0.21484	11096	1	0.54531	0.41545	1	0.47140	0.35810	1	0.50836	0.38677	1	0.47569	0.53701	12.64425	1.06646	1	0.73918	0.56083	12.71603	1.06646	1	-0.00614	-0.00962	0.68257	0.00359	1	0.06261	-0.01455	0.68326	0.00399	1	1.45898	0.81042	0	
1243573	8388.06055	3304680204958	0.50064	0.37452	8387.83984	0.22070	11096	1	0.53145	0.36993	1	0.45486	0.37219	1	0.49316	0.37106	1	0.47555	0.53699	12.45996	1.06646	1	0.73901	0.56080	12.46531	1.06646	1	-0.00614	-0.00962	0.68257	0.00352	1	0.06261	-0.01455	0.68326	0.00400	1	1.45898	0.81042	0	
1243574	8388.06738	3304680271945	0.50042	0.37442	8387.83984	0.22754	11096	1	0.53145	0.36993	1	0.45486	0.37219	1	0.49316	0.37106	1	0.47571	0.53676	12.40453	1.06646	1	0.73925	0.55985	12.18374	1.06646	1	-0.00603	-0.00961	0.68150	0.00354	1	0.06261	-0.01455	0.68326	0.00445	1	1.45898	0.81042	0	
1243575	8388.07422	3304680339218	0.50071	0.37305	8387.83984	0.23438	11096	1	0.53757	0.24830	1	0.48364	0.40172	1	0.51061	0.32501	1	0.47562	0.53550	12.03425	1.06646	1	0.73934	0.56118	12.58683	1.06646	1	-0.00603	-0.00961	0.68150	0.00393	1	0.06261	-0.01455	0.68326	0.00389	1	1.45898	0.81042	0	
1243576	8388.08105	3304680406802	0.50041	0.37317	8387.83984	0.24121	11096	1	0.51947	0.34029	1	0.46000	0.41475	1	0.48973	0.37752	1	0.47568	0.53665	11.95716	1.06646	1	0.73904	0.56134	13.28050	1.06646	1	-0.00603	-0.00961	0.68150	0.00360	1	0.06261	-0.01455	0.68326	0.00387	1	1.45898	0.81042	0	
1243577	8388.08691	3304680468804	0.50013	0.37328	8387.83984	0.24707	11096	1	0.51947	0.34029	1	0.46000	0.41475	1	0.48973	0.37752	1	0.47594	0.53700	12.53097	1.06646	1	0.73927	0.56107	12.56671	1.06646	1	-0.00603	-0.00961	0.68150	0.00355	1	0.06261	-0.01455	0.68326	0.00384	1	1.45898	0.81042	0	
1243578	8388.09375	3304680536746	0.49993	0.37230	8387.83984	0.25391	11096	1	0.51411	0.34199	1	0.47068	0.32824	1	0.49239	0.33511	1	0.47564	0.53659	12.13382	1.06646	1	0.73925	0.56036	11.90171	1.06646	1	-0.00603	-0.00961	0.68150	0.00353	1	0.06261	-0.01455	0.68326	0.00408	1	1.45898	0.81042	0	
1243579	8388.10156	3304680606985	0.49980	0.37146	8387.83984	0.26172	11096	1	0.51211	0.29723	1	0.47734	0.37998	1	0.49473	0.33861	1	0.47571	0.53634	11.85007	1.06646	1	0.73935	0.56089	12.72343	1.06646	1	-0.00603	-0.00961	0.68150	0.00370	1	0.06261	-0.01455	0.68326	0.00375	1	1.45898	0.81042	0	
1243580	8388.10742	3304680670711	0.49967	0.37073	8387.83984	0.26758	11096	1	0.51211	0.29723	1	0.47705	0.38588	1	0.49458	0.34156	1	0.47604	0.53636	11.40774	1.06646	1	0.73976	0.55979	12.81490	1.05880	1	-0.00603	-0.00961	0.68150	0.00384	1	0.06059	-0.01407	0.66071	0.00420	1	1.45898	0.81042	0	
1243581	8388.11426	3304680741225	0.49984	0.36959	8387.83984	0.27441	11096	1	0.51613	0.30934	1	0.49702	0.33641	1	0.50657	0.32287	1	0.47566	0.53563	11.41382	1.05880	1	0.73961	0.56037	13.12110	1.05114	1	-0.00603	-0.00961	0.68150	0.00400	1	0.06059	-0.01407	0.66071	0.00401	1	1.45898	0.81042	0	
1243582	8388.12109	3304680804909	0.49997	0.36808	8387.83984	0.28125	11096	1	0.50850	0.30954	1	0.50227	0.29982	1	0.50538	0.30468	1	0.47559	0.53627	11.77088	1.05114	1	0.73974	0.55982	12.82281	1.04348	1	-0.00603	-0.00961	0.68150	0.00377	1	0.06059	-0.01407	0.66071	0.00419	1	1.45898	0.81042	0	
1243583	8388.12793	3304680871086	0.50010	0.36671	8387.83984	0.28809	11096	1	0.50941	0.31589	1	0.50227	0.29982	1	0.50584	0.30786	1	0.47578	0.53668	11.74489	1.04348	1	0.73975	0.56009	12.90877	1.04348	1	-0.00603	-0.00961	0.68150	0.00365	1	0.06277	-0.01454	0.68285	0.00400	1	1.45898	0.81042	0	
1243584	8388.13477	3304680942877	0.49848	0.34001	8387.83984	0.28809	11096	0	0.50941	0.31589	0	0.50586	0.30732	1	0.50586	0.30732	1	0.47578	0.53668	11.74489	1.04348	0	0.73982	0.56010	12.75460	1.05114	1	-0.00603	-0.00961	0.68150	0.00365	1	0.06277	-0.01454	0.68285	0.00396	1	1.45898	0.81042	0	
1243585	8388.14062	3304681005854	0.49848	0.34001	8387.83984	0.28809	11096	0	0.50941	0.31589	0	0.50586	0.30732	0	0.50586	0.30732	0	0.47578	0.53668	11.74489	1.05114	0	0.73982	0.56010	12.75460	1.05880	0	-0.00603	-0.00961	0.68150	0.00365	1	0.06277	-0.01454	0.68285	0.00396	1	1.45898	0.81042	0	
1243586	8388.14746	3304681072716	0.49848	0.34001	8387.83984	0.28809	11096	0	0.50941	0.31589	0	0.50586	0.30732	0	0.50586	0.30732	0	0.47578	0.53668	11.74489	1.05880	0	0.73982	0.56010	12.75460	1.06646	0	-0.00603	-0.00961	0.68150	0.00365	1	0.06277	-0.01454	0.68285	0.00396	1	1.45898	0.81042	0	
1243587	8388.15430	3304681142875	0.00000	0.00000	8387.83984	0.28809	11096	0	0.50941	0.31589	0	0.50586	0.30732	0	0.50586	0.30732	0	0.47578	0.53668	11.74489	1.06646	0	0.73982	0.56010	12.75460	1.06646	0	-0.00603	-0.00961	0.68150	0.00365	1	0.06277	-0.01454	0.68285	0.00396	1	1.45898	0.81042	0	
1243588	8388.16113	3304681209802	0.00000	0.00000	8387.83984	0.28809	11096	0	0.50941	0.31589	0	0.50586	0.30732	0	0.50586	0.30732	0	0.47578	0.53668	11.74489	1.06646	0	0.73982	0.56010	12.75460	1.06646	0	-0.00603	-0.00961	0.68150	0.00365	1	0.06277	-0.01454	0.68285	0.00396	1	1.45898	0.81042	0	
1243589	8388.16797	3304681277257	0.00000	0.00000	8387.83984	0.28809	11096	0	0.50941	0.31589	0	0.50586	0.30732	0	0.50586	0.30732	0	0.47578	0.53668	11.74489	1.06646	0	0.73982	0.56010	12.75460	1.06646	0	-0.00603	-0.00961	0.68150	0.00365	1	0.06277	-0.01454	0.68285	0.00396	1	1.45898	0.81042	0	
1243590	8388.17480	3304681344206	0.00000	0.00000	8387.83984	0.28809	11096	0	0.50941	0.31589	0	0.50586	0.30732	0	0.50586	0.30732	0	0.47578	0.53668	11.74489	1.06646	0	0.73982	0.56010	12.75460	1.06646	0	-0.00603	-0.00961	0.68150	0.00365	1	0.06277	-0.01454	0.68285	0.00396	1	1.45898	0.81042	0	
1243591	8388.18164	3304681410894	0.00000	0.00000	8387.83984	0.28809	11096	0	0.50941	0.31589	0	0.50586	0.30732	0	0.50586	0.30732	0	0.47578	0.53668	11.74489	1.06646	0	0.73982	0.56010	12.75460	1.06646	0	-0.00603	-0.00961	0.68150	0.00365	1	0.06277	-0.01454	0.68285	0.00396	1	1.45898	0.81042	0	
1243592	8388.18848	3304681477504	0.00000	0.00000	8387.83984	0.28809	11096	0	0.50941	0.31589	0	0.50586	0.30732	0	0.50586	0.30732	0	0.47578	0.53668	11.74489	1.06646	0	0.73982	0.56010	12.75460	1.06646	0	-0.00603	-0.00961	0.68150	0.00365	1	0.06277	-0.01454	0.68285	0.00396	1	1.45898	0.81042	0	
1243593	8388.19531	3304681545150	0.00000	0.00000	8387.83984	0.28809	11096	0	0.50941	0.31589	0	0.50586	0.30732	0	0.50586	0.30732	0	0.47578	0.53668	11.74489	1.06646	0	0.73982	0.56010	12.75460	1.06646	0	-0.00603	-0.00961	0.68150	0.00365	1	0.06277	-0.01454	0.68285	0.00396	1	1.45898	0.81042	0	
1243594	8388.20117	3304681611363	0.24636	0.20287	8387.83984	0.28809	11096	0	0.51275	0.39862	1	0.47270	0.41288	1	0.49273	0.40575	1	0.47630	0.53672	12.29531	1.06646	1	0.74010	0.56114	12.63571	1.06646	1	-0.00603	-0.00961	0.68150	0.00361	1	0.06277	-0.01454	0.68285	0.00394	1	1.45898	0.81042	0	
1243595	8388.20801	3304681678487	0.32848	0.27050	8387.83984	0.28809	11096	0	0.51275	0.39862	1	0.47270	0.41288	1	0.49273	0.40575	1	0.47644	0.53620	12.18073	1.06646	1	0.74000	0.56118	12.60980	1.06646	1	-0.00584	-0.00954	0.68362	0.00376	1	0.06277	-0.01454	0.68285	0.00392	1	1.45898	0.81042	0	
1243596	8388.21484	3304681745737	0.49276	0.39739	8387.83984	0.28809	11096	0	0.51626	0.34806	1	0.46943	0.41330	1	0.49284	0.38068	1	0.47646	0.53618	12.19651	1.06646	1	0.74010	0.56114	12.58367	1.06646	1	-0.00584	-0.00954	0.68362	0.00376	1	0.06277	-0.01454	0.68285	0.00392	1	1.45898	0.81042	0	
1243597	8388.22168	3304681813122	0.49254	0.39058	8387.83984	0.28809	11096	0	0.51759	0.35279	1	0.46704	0.41475	1	0.49231	0.38377	1	0.47647	0.53626	12.19428	1.06646	1	0.74002	0.56120	12.62309	1.06646	1	-0.00584	-0.00954	0.68362	0.00379	1	0.06277	-0.01454	0.68285	0.00389	1	1.45898	0.81042	0	
1243598	8388.22852	3304681880164	0.49243	0.38925	8387.83984	0.28809	11096	0	0.51759	0.35279	1	0.46681	0.42039	1	0.49220	0.38659	1	0.47648	0.53639	12.03870	1.06646	1	0.73994	0.56099	12.43589	1.05880	1	-0.00584	-0.00954	0.68362	0.00378	1	0.06067	-0.01405	0.65948	0.00387	1	1.45898	0.81042	0	
1243599	8388.23535	3304681946607	0.49838	0.38619	8388.21484	0.02051	11097	1	0.54080	0.37083	1	0.49171	0.38323	1	0.51625	0.37703	1	0.47679	0.53654	11.63238	1.05880	1	0.74042	0.56085	13.07656	1.05114	1	-0.00584	-0.00954	0.68362	0.00374	1	0.06067	-0.01405	0.65948	0.00379	1	1.45898	0.81042	0	
1243600	8388.24219	3304682013532	0.50088	0.38436	8388.21484	0.02734	11097	1	0.55468	0.36196	1	0.46708	0.39210	1	0.51088	0.37703	1	0.47695	0.53642	12.00736	1.05114	1	0.74006	0.56095	12.40522	1.04348	1	-0.00584	-0.00954	0.68362	0.00373	1	0.06067	-0.01405	0.65948	0.00386	1	1.45898	0.81042	0	
1243601	8388.24902	3304682080632	0.50258	0.38413	8388.21484	0.03418	11097	1	0.55530	0.36791	1	0.46684	0.39804	1	0.51107	0.38298	1	0.47665	0.53626	12.30069	1.04348	1	0.74054	0.56071	12.86429	1.03582	1	-0.00584	-0.00954	0.68362	0.00374	1	0.06067	-0.01405	0.65948	0.00374	1	1.45898	0.81042	0	
1243602	8388.25488	3304682148380	0.50380	0.38457	8388.21484	0.04004	11097	1	0.53101	0.38968	1	0.49122	0.38473	1	0.51111	0.38721	1	0.47656	0.53636	12.60026	1.03582	1	0.74036	0.56074	13.43380	1.03582	1	-0.00584	-0.00954	0.68362	0.00369	1	0.06067	-0.01405	0.65948	0.00376	1	1.45898	0.81042	0	
1243603	8388.26172	3304682214332	0.50568	0.38231	8388.21484	0.04688	11097	1	0.53419	0.42902	1	0.50344	0.30393	1	0.51881	0.36647	1	0.47656	0.53636	12.60026	1.03582	1	0.74057	0.55979	12.89438	1.03582	1	-0.00584	-0.00954	0.68362	0.00369	1	0.06067	-0.01405	0.65948	0.00409	1	1.45898	0.81042	0	
1243604	8388.26855	3304682281197	0.50714	0.38055	8388.21484	0.05371	11097	1	0.53419	0.42902	1	0.50344	0.30393	1	0.51881	0.36647	1	0.47686	0.53630	11.96296	1.03582	1	0.74056	0.56056	13.14714	1.03582	1	-0.00584	-0.00954	0.68362	0.00376	1	0.06067	-0.01405	0.65948	0.00371	1	1.45898	0.81042	0	
1243605	8388.27539	3304682348667	0.50869	0.38135	8388.21484	0.06055	11097	1	0.54753	0.39518	1	0.49792	0.38184	1	0.52272	0.38851	1	0.47688	0.53616	11.59424	1.03582	1	0.74054	0.56067	13.29598	1.03582	1	-0.00584	-0.00954	0.68362	0.00369	1	0.06067	-0.01405	0.65948	0.00368	1	1.45898	0.81042	0	
1243606	8388.28223	3304682415576	0.51034	0.38190	8388.21484	0.06738	11097	1	0.55194	0.39948	1	0.50163	0.37535	1	0.52678	0.38741	1	0.47689	0.53611	11.64037	1.03582	1	0.74054	0.56059	13.19268	1.03582	1	-0.00584	-0.00954	0.68362	0.00374	1	0.06067	-0.01405	0.65948	0.00368	1	1.45898	0.81042	0	
1243607	8388.28809	3304682478642	0.51171	0.38236	8388.21484	0.07324	11097	1	0.55194	0.39948	1	0.50163	0.37535	1	0.52678	0.38741	1	0.47689	0.53619	11.60067	1.03582	1	0.74040	0.56024	12.95708	1.03582	1	-0.00584	-0.00954	0.68362	0.00381	1	0.06067	-0.01405	0.65948	0.00379	1	1.45898	0.81042	0	
1243608	8388.29492	3304682548231	0.51241	0.38304	8388.21484	0.08008	11097	1	0.54621	0.41713	1	0.49542	0.36523	1	0.52082	0.39118	1	0.47684	0.53627	11.85807	1.03582	1	0.74042	0.56059	13.35287	1.03582	1	-0.00584	-0.00954	0.68362	0.00378	1	0.06067	-0.01405	0.65948	0.00375	1	1.45898	0.81042	0	
1243609	8388.30176	3304682616263	0.51305	0.38346	8388.21484	0.08691	11097	1	0.54852	0.41236	1	0.49427	0.36567	1	0.52140	0.38901	1	0.47686	0.53622	11.65780	1.03582	1	0.74048	0.56059	13.09952	1.03582	1	-0.00584	-0.00954	0.68362	0.00380	1	0.06067	-0.01405	0.65948	0.00376	1	1.45898	0.81042	0	
1243610	8388.30859	3304682683403	0.51361	0.38383	8388.21484	0.09375	11097	1	0.54852	0.41236	1	0.49427	0.36567	1	0.52140	0.38901	1	0.47684	0.53614	11.48691	1.03582	1	0.74049	0.55980	12.72848	1.03582	1	-0.00584	-0.00954	0.68362	0.00383	1	0.06008	-0.01386	0.65305	0.00410	1	1.45898	0.81042	0	
1243611	8388.31543	3304682750245	0.51449	0.38139	8388.21484	0.10059	11097	1	0.55383	0.37720	1	0.50160	0.31229	1	0.52771	0.34474	1	0.47701	0.53583	11.70161	1.03582	1	0.74054	0.55983	12.79160	1.03582	1	-0.00584	-0.00954	0.68362	0.00382	1	0.06008	-0.01386	0.65305	0.00407	1	1.45898	0.81042	0	
1243612	8388.32227	3304682817750	0.51453	0.37778	8388.21484	0.10742	11097	1	0.53001	0.33311	1	0.50032	0.30688	1	0.51517	0.32000	1	0.47661	0.53536	11.13686	1.03582	1	0.74047	0.55975	12.70713	1.03582	1	-0.00584	-0.00954	0.68362	0.00404	1	0.06008	-0.01386	0.65305	0.00411	1	1.45898	0.81042	0	
1243613	8388.32910	3304682884494	0.51457	0.37494	8388.21484	0.11426	11097	1	0.53083	0.33967	1	0.49983	0.31382	1	0.51533	0.32674	1	0.47687	0.53612	11.44670	1.02780	1	0.74042	0.56043	13.22108	1.02780	1	-0.00567	-0.00933	0.66876	0.00383	1	0.06067	-0.01405	0.65948	0.00371	1	1.45898	0.81042	0	
1243614	8388.33594	3304682951730	0.51495	0.37590	8388.21484	0.12109	11097	1	0.53835	0.40982	1	0.50505	0.37660	1	0.52170	0.39321	1	0.47669	0.53593	11.22990	1.01979	1	0.74058	0.56059	13.21045	1.01979	1	-0.00567	-0.00933	0.66876	0.00384	1	0.06067	-0.01405	0.65948	0.00370	1	1.45898	0.81042	0	
1243615	8388.34277	3304683018421	0.51535	0.37754	8388.21484	0.12793	11097	1	0.55436	0.43073	1	0.49164	0.38667	1	0.52300	0.40870	1	0.47689	0.53619	11.60067	1.01177	1	0.74038	0.56055	13.21186	1.01177	1	-0.00567	-0.00933	0.66876	0.00381	1	0.06067	-0.01405	0.65948	0.00374	1	1.45898	0.81042	0	
1243616	8388.34863	3304683084551	0.51573	0.37918	8388.21484	0.13379	11097	1	0.55504	0.43666	1	0.49162	0.38696	1	0.52333	0.41181	1	0.47689	0.53619	11.60067	1.00375	1	0.74048	0.56062	12.95096	1.01141	1	-0.00567	-0.00933	0.66876	0.00381	1	0.06301	-0.01458	0.68432	0.00380	1	1.45898	0.81042	0	
1243617	8388.35547	3304683152103	0.51558	0.38029	8388.21484	0.14062	11097	1	0.52805	0.40909	1	0.49666	0.39827	1	0.51236	0.40368	1	0.47646	0.53598	11.55130	1.01141	1	0.74052	0.56066	13.13376	1.01907	1	-0.00567	-0.00933	0.66876	0.00384	1	0.06301	-0.01458	0.68432	0.00375	1	1.45898	0.81042	0	
1243618	8388.36230	3304683219675	0.51523	0.37934	8388.21484	0.14746	11097	1	0.51877	0.34204	1	0.49639	0.37470	1	0.50758	0.35837	1	0.47641	0.53516	11.47412	1.01907	1	0.74046	0.56055	13.09588	1.02673	1	-0.00567	-0.00933	0.66876	0.00404	1	0.06301	-0.01458	0.68432	0.00376	1	1.45898	0.81042	0	
1243619	8388.36914	3304683286512	0.51488	0.37806	8388.21484	0.15430	11097	1	0.51699	0.32915	1	0.49686	0.36823	1	0.50692	0.34869	1	0.47652	0.53536	11.95827	1.03475	1	0.74053	0.56049	12.97845	1.03475	1	-0.00584	-0.00954	0.68362	0.00378	1	0.06067	-0.01405	0.65948	0.00378	1	1.45898	0.81042	0	
1243620	8388.37598	3304683353062	0.51507	0.37643	8388.21484	0.16113	11097	1	0.53089	0.32728	1	0.50815	0.34742	1	0.51952	0.33735	1	0.47663	0.53514	12.18531	1.04277	1	0.74055	0.56037	12.91939	1.03511	1	-0.00584	-0.00954	0.68362	0.00384	1	0.06067	-0.01405	0.65948	0.00374	1	1.45898	0.81042	0	
1243621	8388.38281	3304683420633	0.51482	0.37673	8388.21484	0.16797	11097	1	0.51480	0.39142	1	0.50240	0.37681	1	0.50860	0.38412	1	0.47640	0.53606	12.51211	1.04312	1	0.74058	0.56060	13.21598	1.03546	1	-0.00584	-0.00954	0.68362	0.00355	1	0.06067	-0.01405	0.65948	0.00370	1	1.45898	0.81042	0	
1243622	8388.38965	3304683487624	0.51459	0.37699	8388.21484	0.17480	11097	1	0.51476	0.39115	1	0.50242	0.37652	1	0.50859	0.38384	1	0.47643	0.53535	12.13562	1.04348	1	0.74055	0.56054	13.07706	1.03582	1	-0.00584	-0.00954	0.68362	0.00377	1	0.06008	-0.01386	0.65305	0.00370	1	1.45898	0.81042	0	
1243623	8388.39551	3304683553689	0.51419	0.37675	8388.21484	0.18066	11097	1	0.51134	0.32795	1	0.49560	0.41266	1	0.50347	0.37030	1	0.47629	0.53517	12.07827	1.03582	1	0.74048	0.56039	13.06051	1.03582	1	-0.00584	-0.00954	0.68362	0.00380	1	0.06008	-0.01386	0.65305	0.00375	1	1.45898	0.81042	0	
1243624	8388.40234	3304683621436	0.51389	0.37582	8388.21484	0.18750	11097	1	0.52051	0.34667	1	0.49028	0.35271	1	0.50540	0.34969	1	0.47643	0.53540	12.11914	1.03582	1	0.74035	0.56028	13.03860	1.03582	1	-0.00584	-0.00954	0.68362	0.00379	1	0.06008	-0.01386	0.65305	0.00382	1	1.45898	0.81042	0	
1243625	8388.40918	3304683688162	0.51361	0.37495	8388.21484	0.19434	11097	1	0.52051	0.34667	1	0.49028	0.35271	1	0.50540	0.34969	1	0.47687	0.53532	11.79094	1.03582	1	0.74053	0.56016	12.93131	1.03582	1	-0.00584	-0.00949	0.68362	0.00384	1	0.06067	-0.01405	0.65948	0.00381	1	1.45898	0.81042	0	
1243626	8388.41602	3304683754705	0.51403	0.37491	8388.21484	0.20117	11097	1	0.55809	0.38100	1	0.49517	0.36645	1	0.52663	0.37373	1	0.47708	0.53598	12.23872	1.03582	1	0.74046	0.56039	12.98720	1.03582	1	-0.00584	-0.00949	0.68362	0.00357	1	0.06067	-0.01405	0.65948	0.00381	1	1.45898	0.81042	0	
1243627	8388.42285	3304683821844	0.51418	0.37575	8388.21484	0.20801	11097	1	0.53865	0.39487	1	0.49901	0.40852	1	0.51883	0.40170	1	0.47702	0.53569	11.99018	1.03582	1	0.74052	0.56037	13.14543	1.03582	1	-0.00584	-0.00949	0.68362	0.00355	1	0.06067	-0.01405	0.65948	0.00385	1	1.45898	0.81042	0	
1243628	8388.42969	3304683889051	0.51433	0.37663	8388.21484	0.21484	11097	1	0.53941	0.40094	1	0.49899	0.40880	1	0.51920	0.40487	1	0.47700	0.53508	11.81793	1.02780	1	0.74085	0.55975	12.40983	1.03546	1	-0.00556	-0.00927	0.66846	0.00363	1	0.06294	-0.01448	0.68245	0.00412	1	1.45898	0.81042	0	
1243629	8388.43652	3304683955631	0.51476	0.37579	8388.21484	0.22168	11097	1	0.53129	0.32397	1	0.52651	0.37239	1	0.52890	0.34818	1	0.47701	0.53512	11.79881	1.02745	1	0.74095	0.55990	12.43511	1.03511	1	-0.00556	-0.00927	0.66846	0.00367	1	0.06294	-0.01448	0.68245	0.00410	1	1.45898	0.81042	0	
1243630	8388.44238	3304684022464	0.51515	0.37499	8388.21484	0.22754	11097	1	0.53498	0.33526	1	0.52183	0.36054	1	0.52841	0.34790	1	0.47706	0.53516	11.96073	1.02709	1	0.74085	0.55975	12.40983	1.03475	1	-0.00556	-0.00927	0.66846	0.00365	1	0.06294	-0.01448	0.68245	0.00412	1	1.45898	0.81042	0	
1243631	8388.44922	3304684089371	0.51550	0.37423	8388.21484	0.23438	11097	1	0.53422	0.32897	1	0.52127	0.36610	1	0.52775	0.34754	1	0.47695	0.53535	11.99226	1.03475	1	0.74090	0.55979	12.34085	1.02794	1	-0.00584	-0.00954	0.68362	0.00359	1	0.05741	-0.01324	0.62358	0.00413	1	1.45898	0.81042	0	
1243632	8388.45605	3304684155974	0.51591	0.37394	8388.21484	0.24121	11097	1	0.55896	0.34418	1	0.50282	0.38243	1	0.53089	0.36330	1	0.47708	0.53553	11.87342	1.03596	1	0.74058	0.55999	12.80951	1.02149	1	-0.00584	-0.00954	0.68362	0.00361	1	0.05741	-0.01324	0.62358	0.00405	1	1.45898	0.81042	0	SUBJECT_ONSET_LOG
1243633	8388.46289	3304684224305	0.51609	0.37386	8388.21484	0.24805	11097	1	0.55191	0.38190	1	0.49349	0.36025	1	0.52270	0.37108	1	0.47690	0.53563	11.92442	1.02951	1	0.74049	0.55989	12.99997	1.01504	1	-0.00584	-0.00954	0.68362	0.00362	1	0.05741	-0.01324	0.62358	0.00386	1	1.45898	0.81042	0	
1243634	8388.46973	3304684290851	0.51627	0.37385	8388.21484	0.25488	11097	1	0.55246	0.38690	1	0.49351	0.35996	1	0.52299	0.37343	1	0.47705	0.53548	12.14745	1.02306	1	0.74046	0.55975	12.84033	1.01540	1	-0.00584	-0.00949	0.68362	0.00360	1	0.06008	-0.01386	0.65305	0.00415	1	1.45898	0.81042	0	
1243635	8388.47656	3304684357564	0.51658	0.37384	8388.21484	0.26172	11097	1	0.56015	0.37878	1	0.49712	0.36778	1	0.52864	0.37328	1	0.47710	0.53546	11.85015	1.01540	1	0.74047	0.55990	13.35852	1.02220	1	-0.00584	-0.00949	0.68362	0.00361	1	0.06008	-0.01386	0.65305	0.00408	1	1.45898	0.81042	0	AUDIO_FILE_ONSET_LOG
1243636	8388.48340	3304684424579	0.51711	0.37354	8388.21484	0.26855	11097	1	0.55932	0.36967	1	0.51720	0.35385	1	0.53826	0.36176	1	0.47705	0.53548	12.14745	1.02220	1	0.74079	0.55982	12.69905	1.02901	1	-0.00584	-0.00949	0.68362	0.00359	1	0.06008	-0.01386	0.65305	0.00392	1	1.45898	0.81042	0	
1243637	8388.48926	3304684490202	0.51761	0.37313	8388.21484	0.27441	11097	1	0.55878	0.36428	1	0.51773	0.34822	1	0.53825	0.35625	1	0.47721	0.53568	12.31351	1.02901	1	0.74075	0.55979	12.43059	1.03582	1	-0.00584	-0.00949	0.68362	0.00362	1	0.06008	-0.01386	0.65305	0.00390	1	1.45898	0.81042	0	
1243638	8388.49609	3304684554804	0.51798	0.37262	8388.21484	0.28125	11097	1	0.56716	0.35729	1	0.49981	0.34542	1	0.53349	0.35135	1	0.47724	0.53565	12.43681	1.03582	1	0.74052	0.55978	12.87916	1.03582	1	-0.00584	-0.00949	0.68362	0.00361	1	0.06008	-0.01386	0.65305	0.00386	1	1.45898	0.81042	0	
1243639	8388.50293	3304684621461	0.51832	0.37318	8388.21484	0.28809	11097	1	0.57006	0.38379	1	0.49544	0.41083	1	0.53275	0.39731	1	0.47725	0.53576	12.44102	1.03582	1	0.74048	0.56007	12.86333	1.03582	1	-0.00584	-0.00949	0.68362	0.00364	1	0.06008	-0.01386	0.65305	0.00373	1	1.45898	0.81042	0	
1243640	8388.50977	3304684688556	0.51864	0.37372	8388.21484	0.29492	11097	1	0.57006	0.38379	1	0.49544	0.41083	1	0.53275	0.39731	1	0.47712	0.53566	12.55484	1.03582	1	0.74054	0.55909	12.82745	1.03582	1	-0.00584	-0.00949	0.68362	0.00363	1	0.06008	-0.01386	0.65305	0.00409	1	1.45898	0.81042	0	
1243641	8388.51660	3304684760873	0.51909	0.37384	8388.21484	0.30176	11097	1	0.57975	0.38260	1	0.49915	0.37620	1	0.53945	0.37940	1	0.47738	0.53592	12.72014	1.03582	1	0.74052	0.55968	12.99640	1.03582	1	-0.00584	-0.00949	0.68362	0.00364	1	0.06008	-0.01386	0.65305	0.00400	1	1.45898	0.81042	0	
1243642	8388.52246	3304684820012	0.51948	0.37354	8388.21484	0.30762	11097	1	0.57304	0.38103	1	0.50202	0.33822	1	0.53753	0.35962	1	0.47729	0.53578	12.53082	1.03582	1	0.74052	0.55907	12.74793	1.03582	1	-0.00584	-0.00949	0.68362	0.00364	1	0.06008	-0.01386	0.65305	0.00405	1	1.45898	0.81042	0	
1243643	8388.52930	3304684892313	0.51986	0.37325	8388.21484	0.31445	11097	1	0.57304	0.38103	1	0.50202	0.33822	1	0.53753	0.35962	1	0.47724	0.53579	12.46964	1.03582	1	0.74046	0.55907	12.97183	1.03582	1	-0.00584	-0.00949	0.68362	0.00363	1	0.06008	-0.01386	0.65305	0.00401	1	1.45898	0.81042	0	
1243644	8388.53613	3304684958443	0.52055	0.37267	8388.21484	0.32129	11097	1	0.56464	0.36451	1	0.48767	0.37467	1	0.52616	0.36959	1	0.47715	0.53576	12.32361	1.03582	1	0.74031	0.55946	13.18180	1.03582	1	-0.00584	-0.00949	0.68362	0.00365	1	0.06008	-0.01386	0.65305	0.00414	1	1.45898	0.81042	0	
1243645	8388.54297	3304685025314	0.52124	0.37236	8388.21484	0.32812	11097	1	0.55773	0.36404	1	0.49308	0.37315	1	0.52541	0.36859	1	0.47703	0.53557	12.48438	1.03582	1	0.74042	0.55955	13.13156	1.03582	1	-0.00584	-0.00949	0.68362	0.00369	1	0.06008	-0.01386	0.65305	0.00410	1	1.45898	0.81042	0	
1243646	8388.54980	3304685092728	0.52193	0.37198	8388.21484	0.33496	11097	1	0.55773	0.36404	1	0.49308	0.37315	1	0.52541	0.36859	1	0.47714	0.53554	12.45541	1.03582	1	0.74019	0.55999	13.34496	1.03582	1	-0.00584	-0.00949	0.68362	0.00371	1	0.06067	-0.01395	0.65948	0.00385	1	1.45898	0.81042	0	
1243647	8388.55664	3304685157651	0.52194	0.37183	8388.21484	0.34180	11097	1	0.55063	0.35565	1	0.48199	0.38343	1	0.51631	0.36954	1	0.47691	0.53564	13.02562	1.03582	1	0.74025	0.55991	13.69812	1.03582	1	-0.00584	-0.00949	0.68362	0.00359	1	0.06067	-0.01395	0.65948	0.00400	1	1.45898	0.81042	0	
1243648	8388.56348	3304685228681	0.52219	0.37143	8388.21484	0.34863	11097	1	0.55042	0.32198	1	0.49575	0.39433	1	0.52308	0.35816	1	0.47690	0.53545	12.87939	1.03582	1	0.74040	0.55970	13.45510	1.03582	1	-0.00584	-0.00949	0.68362	0.00366	1	0.06067	-0.01395	0.65948	0.00400	1	1.45898	0.81042	0	
1243649	8388.57031	3304685295853	0.52244	0.37091	8388.21484	0.35547	11097	1	0.55042	0.32198	1	0.49575	0.39433	1	0.52308	0.35816	1	0.47689	0.53558	12.96591	1.03582	1	0.74050	0.55944	12.98510	1.03582	1	-0.00584	-0.00949	0.68362	0.00360	1	0.06008	-0.01376	0.65305	0.00412	1	1.45898	0.81042	0	
1243650	8388.57715	3304685362681	0.52250	0.37094	8388.21484	0.36230	11097	1	0.54623	0.39070	1	0.48194	0.38618	1	0.51409	0.38844	1	0.47686	0.53535	12.82747	1.03582	1	0.74019	0.55986	13.72886	1.03582	1	-0.00584	-0.00949	0.68362	0.00373	1	0.06008	-0.01376	0.65305	0.00399	1	1.45898	0.81042	0	
1243651	8388.58301	3304685429663	0.52264	0.37121	8388.21484	0.36816	11097	1	0.55388	0.39764	1	0.49659	0.36072	1	0.52523	0.37918	1	0.47696	0.53559	12.82222	1.03582	1	0.74046	0.55930	12.95184	1.03582	1	-0.00584	-0.00949	0.68362	0.00363	1	0.06008	-0.01376	0.65305	0.00405	1	1.45898	0.81042	0	
1243652	8388.58984	3304685494130	0.52277	0.37147	8388.21484	0.37500	11097	1	0.55388	0.39764	1	0.49659	0.36072	1	0.52523	0.37918	1	0.47723	0.53545	12.18001	1.03582	1	0.74053	0.55847	12.59134	1.03582	1	-0.00584	-0.00943	0.68362	0.00376	1	0.06008	-0.01376	0.65305	0.00431	1	1.45898	0.81042	0	
1243653	8388.59668	3304685563806	0.52296	0.37061	8388.21484	0.38184	11097	1	0.55871	0.36356	1	0.50523	0.33062	1	0.53197	0.34709	1	0.47705	0.53504	12.20045	1.03582	1	0.74057	0.55897	12.94249	1.03582	1	-0.00584	-0.00943	0.68362	0.00390	1	0.06008	-0.01376	0.65305	0.00414	1	1.45898	0.81042	0	
1243654	8388.60352	3304685629357	0.52308	0.36999	8388.21484	0.38867	11097	1	0.56469	0.34818	1	0.50041	0.36762	1	0.53255	0.35790	1	0.47710	0.53521	12.45687	1.03582	1	0.74057	0.55936	12.97680	1.03582	1	-0.00584	-0.00943	0.68362	0.00381	1	0.06008	-0.01376	0.65305	0.00400	1	1.45898	0.81042	0	
1243655	8388.61035	3304685697626	0.52321	0.36931	8388.21484	0.39551	11097	1	0.56469	0.34818	1	0.50088	0.36143	1	0.53278	0.35481	1	0.47719	0.53482	12.09065	1.03582	1	0.74054	0.55921	13.28838	1.04348	1	-0.00584	-0.00938	0.68362	0.00393	1	0.06301	-0.01437	0.68432	0.00399	1	1.45898	0.81042	0	
1243656	8388.61719	3304685763858	0.52332	0.36862	8388.21484	0.40234	11097	1	0.55035	0.33147	1	0.50190	0.38459	1	0.52613	0.35803	1	0.47701	0.53498	12.70304	1.04348	1	0.74060	0.55989	14.19916	1.05114	1	-0.00584	-0.00938	0.68362	0.00383	1	0.06301	-0.01437	0.68432	0.00376	1	1.45898	0.81042	0	
1243657	8388.62305	3304685828251	0.52345	0.36787	8388.21484	0.40820	11097	1	0.57324	0.33039	1	0.48219	0.37565	1	0.52771	0.35302	1	0.47729	0.53507	12.05337	1.05114	1	0.74064	0.55989	14.23153	1.05880	1	-0.00584	-0.00938	0.68362	0.00387	1	0.06301	-0.01437	0.68432	0.00381	1	1.45898	0.81042	0	
1243658	8388.62988	3304685896236	0.52358	0.36700	8388.21484	0.41504	11097	1	0.57274	0.32423	1	0.48252	0.36967	1	0.52763	0.34695	1	0.47742	0.53539	12.51678	1.05880	1	0.74087	0.55969	13.92189	1.06646	1	-0.00584	-0.00933	0.68362	0.00397	1	0.06224	-0.01417	0.67488	0.00382	1	1.45898	0.81042	0	
1243659	8388.63672	3304685962622	0.52363	0.36688	8388.21484	0.42188	11097	1	0.56807	0.31606	1	0.49272	0.36205	1	0.53040	0.33906	1	0.47734	0.53506	12.44803	1.06646	1	0.74079	0.55974	14.09565	1.06646	1	-0.00584	-0.00933	0.68362	0.00393	1	0.06224	-0.01417	0.67488	0.00385	1	1.45898	0.81042	0	
1243660	8388.64355	3304686030529	0.52412	0.36708	8388.21484	0.42871	11097	1	0.56903	0.31086	1	0.50802	0.34814	1	0.53853	0.32950	1	0.47734	0.53506	12.44803	1.06646	1	0.74101	0.55947	13.55396	1.06646	1	-0.00584	-0.00933	0.68362	0.00393	1	0.06224	-0.01417	0.67488	0.00388	1	1.45898	0.81042	0	
1243661	8388.65039	3304686095892	0.52460	0.36727	8388.21484	0.43555	11097	1	0.56958	0.31738	1	0.50749	0.35457	1	0.53853	0.33598	1	0.47721	0.53541	12.66731	1.05844	1	0.74101	0.55943	13.53463	1.05844	1	-0.00552	-0.00905	0.66305	0.00383	1	0.06294	-0.01438	0.68245	0.00390	1	1.45898	0.81042	0	
1243662	8388.65723	3304686162650	0.52459	0.36716	8388.21484	0.44238	11097	1	0.52788	0.37187	1	0.51455	0.40435	1	0.52121	0.38811	1	0.47698	0.53530	12.05921	1.05043	1	0.74111	0.56013	13.32438	1.05043	1	-0.00552	-0.00905	0.66305	0.00373	1	0.06294	-0.01438	0.68245	0.00394	1	1.45898	0.81042	0	
1243663	8388.66309	3304686228897	0.52467	0.36650	8388.21484	0.44824	11097	1	0.53943	0.36295	1	0.51415	0.39062	1	0.52679	0.37678	1	0.47720	0.53537	12.66841	1.04241	1	0.74117	0.55994	13.28566	1.04241	1	-0.00552	-0.00905	0.66305	0.00374	1	0.06294	-0.01438	0.68245	0.00389	1	1.45898	0.81042	0	
1243664	8388.66992	3304686298449	0.52475	0.36590	8388.21484	0.45508	11097	1	0.54019	0.36922	1	0.51356	0.39688	1	0.52687	0.38305	1	0.47709	0.53504	12.22179	1.03439	1	0.74043	0.55901	12.85487	1.03439	1	-0.00567	-0.00913	0.66876	0.00372	1	0.06224	-0.01417	0.67488	0.00417	1	1.45898	0.81042	0	
1243665	8388.67676	3304686365146	0.52538	0.36569	8388.21484	0.46191	11097	1	0.58683	0.42176	1	0.49835	0.36538	1	0.54259	0.39357	1	0.47750	0.53545	12.71980	1.03439	1	0.74045	0.55892	13.09233	1.03439	1	-0.00567	-0.00913	0.66876	0.00385	1	0.06224	-0.01417	0.67488	0.00413	1	1.45898	0.81042	0	
1243666	8388.68359	3304686431429	0.52584	0.36623	8388.21484	0.46875	11097	1	0.58265	0.41795	1	0.47698	0.35098	1	0.52981	0.38447	1	0.47748	0.53524	12.47470	1.03439	1	0.74046	0.55883	13.12277	1.03439	1	-0.00567	-0.00913	0.66876	0.00389	1	0.06224	-0.01417	0.67488	0.00406	1	1.45898	0.81042	0	
1243667	8388.69043	3304686501830	0.52632	0.36709	8388.21484	0.47559	11097	1	0.58307	0.42318	1	0.47669	0.35684	1	0.52988	0.39001	1	0.47712	0.53475	12.16474	1.02727	1	0.74034	0.55844	13.11985	1.02727	1	-0.00537	-0.00873	0.63938	0.00396	1	0.06224	-0.01417	0.67488	0.00415	1	1.45898	0.81042	0	
1243668	8388.69727	3304686567119	0.52610	0.36696	8388.21484	0.48242	11097	1	0.54592	0.38129	1	0.47194	0.28078	1	0.50893	0.33104	1	0.47725	0.53471	12.20976	1.02014	1	0.74033	0.55816	13.09361	1.02014	1	-0.00537	-0.00873	0.63938	0.00382	1	0.06224	-0.01417	0.67488	0.00449	1	1.45898	0.81042	0	
1243669	8388.70410	3304686633578	0.52579	0.36522	8388.21484	0.48926	11097	1	0.51483	0.30042	1	0.47316	0.30035	1	0.49399	0.30038	1	0.47715	0.53418	11.80445	1.01301	1	0.74040	0.55828	13.00940	1.01301	1	-0.00537	-0.00873	0.63938	0.00403	1	0.06224	-0.01417	0.67488	0.00438	1	1.45898	0.81042	0	
1243670	8388.71094	3304686699912	0.52548	0.36333	8388.21484	0.49609	11097	1	0.51389	0.29346	1	0.47345	0.29322	1	0.49367	0.29334	1	0.47721	0.53475	12.35219	1.02103	1	0.74082	0.55890	13.89988	1.02103	1	-0.00565	-0.00935	0.68473	0.00384	1	0.06224	-0.01417	0.67488	0.00412	1	1.45898	0.81042	0	
1243671	8388.71777	3304686769572	0.52523	0.36234	8388.21484	0.50293	11097	1	0.52048	0.32041	1	0.46174	0.32539	1	0.49111	0.32290	1	0.47722	0.53460	12.07609	1.03617	1	0.74061	0.55907	13.88579	1.03617	1	-0.00565	-0.00935	0.68473	0.00387	1	0.06224	-0.01417	0.67488	0.00423	1	1.45898	0.81042	0	
1243672	8388.72461	3304686836667	0.52506	0.36190	8388.21484	0.50977	11097	1	0.51512	0.29078	1	0.47988	0.36616	1	0.49750	0.32847	1	0.47720	0.53461	12.10045	1.05132	1	0.74095	0.55959	14.05305	1.05132	1	-0.00565	-0.00935	0.68473	0.00383	1	0.06224	-0.01417	0.67488	0.00402	1	1.45898	0.81042	0	
1243673	8388.73047	3304686903407	0.52489	0.36120	8388.21484	0.51562	11097	1	0.51341	0.27796	1	0.48051	0.35412	1	0.49696	0.31604	1	0.47720	0.53461	12.10045	1.06646	1	0.74130	0.55940	13.64314	1.06646	1	-0.00565	-0.00935	0.68473	0.00383	1	0.06224	-0.01417	0.67488	0.00393	1	1.45898	0.81042	0	
1243674	8388.73730	3304686968285	0.52447	0.35933	8388.21484	0.52246	11097	1	0.52636	0.30011	1	0.48748	0.26818	1	0.50692	0.28414	1	0.47737	0.53469	12.33608	1.06646	1	0.74101	0.55897	13.53525	1.06646	1	-0.00565	-0.00935	0.68473	0.00380	1	0.06224	-0.01417	0.67488	0.00393	1	1.45898	0.81042	0	
1243675	8388.74414	3304687037535	0.51015	0.33655	8388.21484	0.52246	11097	0	0.51436	0.30233	1	0.49274	0.31992	1	0.50355	0.31112	1	0.47714	0.53468	12.29657	1.06646	1	0.74112	0.55930	13.87729	1.06646	1	-0.00565	-0.00935	0.68473	0.00374	1	0.06224	-0.01417	0.67488	0.00383	1	1.45898	0.81042	0	
1243676	8388.75098	3304687104113	0.50675	0.32542	8388.21484	0.52246	11097	0	0.51436	0.30233	1	0.49233	0.32627	1	0.50335	0.31430	1	0.47757	0.53486	12.67897	1.06646	1	0.74100	0.55940	13.88389	1.05880	1	-0.00565	-0.00935	0.68473	0.00390	1	0.06191	-0.01408	0.67069	0.00394	1	1.45898	0.81042	0	
1243677	8388.75781	3304687170759	0.50266	0.32754	8388.21484	0.52246	11097	0	0.53981	0.33346	1	0.44915	0.33011	1	0.49448	0.33178	1	0.47760	0.53451	12.83990	1.05880	1	0.74081	0.55921	13.86071	1.05114	1	-0.00565	-0.00935	0.68473	0.00391	1	0.06191	-0.01408	0.67069	0.00429	1	1.45898	0.81042	0	
1243678	8388.76465	3304687238183	0.50279	0.32950	8388.74414	0.02051	11098	1	0.54979	0.34701	1	0.45655	0.32374	1	0.50317	0.33538	1	0.47772	0.53463	12.98125	1.05114	1	0.74092	0.55916	13.90975	1.04348	1	-0.00565	-0.00935	0.68473	0.00395	1	0.06191	-0.01408	0.67069	0.00425	1	1.45898	0.81042	0	
1243679	8388.77051	3304687304978	0.50293	0.33128	8388.74414	0.02637	11098	1	0.55044	0.35307	1	0.45655	0.32374	1	0.50350	0.33841	1	0.47784	0.53454	12.36552	1.04348	1	0.74125	0.55893	13.25438	1.04348	1	-0.00552	-0.00930	0.68150	0.00400	1	0.06431	-0.01460	0.69504	0.00415	1	1.45898	0.81042	0	
1243680	8388.77734	3304687371933	0.50223	0.33280	8388.74414	0.03320	11098	1	0.54400	0.34250	1	0.45352	0.33828	1	0.49876	0.34039	1	0.47807	0.53473	12.27212	1.04348	1	0.74088	0.55933	13.92208	1.05114	1	-0.00552	-0.00930	0.68150	0.00390	1	0.06431	-0.01460	0.69504	0.00425	1	1.45898	0.81042	0	
1243681	8388.78418	3304687439761	0.50190	0.32803	8388.74414	0.04004	11098	1	0.52530	0.30416	1	0.47454	0.29461	1	0.49992	0.29939	1	0.47776	0.53408	11.80745	1.05114	1	0.74125	0.55893	13.25438	1.05880	1	-0.00552	-0.00930	0.68150	0.00417	1	0.06431	-0.01460	0.69504	0.00415	1	1.45898	0.81042	0	
1243682	8388.79102	3304687506083	0.50162	0.32364	8388.74414	0.04688	11098	1	0.52450	0.29778	1	0.47482	0.28805	1	0.49966	0.29292	1	0.47848	0.53477	13.17053	1.05880	1	0.74139	0.55874	13.15400	1.06646	1	-0.00547	-0.00939	0.68793	0.00402	1	0.06431	-0.01460	0.69504	0.00423	1	1.45898	0.81042	0	
1243683	8388.79785	3304687573081	0.50054	0.32118	8388.74414	0.05371	11098	1	0.51464	0.30537	1	0.46918	0.29767	1	0.49191	0.30152	1	0.47798	0.53396	12.20181	1.06646	1	0.74153	0.55893	13.89662	1.06646	1	-0.00547	-0.00939	0.68793	0.00376	1	0.06431	-0.01460	0.69504	0.00408	1	1.45898	0.81042	0	
1243684	8388.80469	3304687639966	0.50145	0.31949	8388.74414	0.06055	11098	1	0.53810	0.28823	1	0.48111	0.32032	1	0.50961	0.30427	1	0.47835	0.53402	12.75999	1.06646	1	0.74169	0.55928	13.94637	1.06646	1	-0.00547	-0.00939	0.68793	0.00386	1	0.06431	-0.01460	0.69504	0.00425	1	1.45898	0.81042	0	
1243685	8388.81152	3304687708316	0.50219	0.31811	8388.74414	0.06738	11098	1	0.53810	0.28823	1	0.48111	0.32032	1	0.50961	0.30427	1	0.47789	0.53347	11.80106	1.06646	1	0.74170	0.55917	13.79850	1.06646	1	-0.00536	-0.00915	0.67428	0.00411	1	0.06431	-0.01460	0.69504	0.00428	1	1.45898	0.81042	0	
1243686	8388.81836	3304687774844	0.50134	0.31608	8388.74414	0.07422	11098	1	0.50286	0.26239	1	0.48108	0.32515	1	0.49197	0.29377	1	0.47780	0.53358	11.79374	1.06646	1	0.74172	0.55925	13.78929	1.06646	1	-0.00536	-0.00915	0.67428	0.00391	1	0.06431	-0.01460	0.69504	0.00425	1	1.45898	0.81042	0	
1243687	8388.82422	3304687841606	0.50090	0.31338	8388.74414	0.08008	11098	1	0.51161	0.23700	1	0.47957	0.32505	1	0.49559	0.28103	1	0.47790	0.53377	12.07554	1.06646	1	0.74171	0.55917	13.85127	1.06646	1	-0.00536	-0.00915	0.67428	0.00393	1	0.06431	-0.01460	0.69504	0.00426	1	1.45898	0.81042	0	
1243688	8388.83105	3304687905296	0.50052	0.31107	8388.74414	0.08691	11098	1	0.51161	0.23700	1	0.47957	0.32505	1	0.49559	0.28103	1	0.47791	0.53374	11.93672	1.06646	1	0.74192	0.55877	13.38133	1.06646	1	-0.00536	-0.00915	0.67428	0.00398	1	0.06431	-0.01460	0.69504	0.00425	1	1.45898	0.81042	0	
1243689	8388.83789	3304687972634	0.50001	0.30582	8388.74414	0.09375	11098	1	0.49912	0.21824	1	0.48654	0.24626	1	0.49283	0.23225	1	0.47783	0.53292	11.76844	1.06646	1	0.74177	0.55840	13.59147	1.06646	1	-0.00536	-0.00915	0.67428	0.00427	1	0.06431	-0.01460	0.69504	0.00438	1	1.45898	0.81042	0	
1243690	8388.84473	3304688040365	0.49963	0.30195	8388.74414	0.10059	11098	1	0.49936	0.25494	1	0.48877	0.23298	1	0.49407	0.24396	1	0.47776	0.53369	11.81984	1.06646	1	0.74180	0.55824	13.61163	1.06646	1	-0.00536	-0.00915	0.67428	0.00398	1	0.06431	-0.01460	0.69504	0.00437	1	1.45898	0.81042	0	
1243691	8388.85059	3304688105435	0.49931	0.29854	8388.74414	0.10645	11098	1	0.49936	0.25494	1	0.48877	0.23298	1	0.49407	0.24396	1	0.47805	0.53416	12.49405	1.06646	1	0.74183	0.55810	13.63420	1.06646	1	-0.00547	-0.00929	0.68793	0.00387	1	0.06431	-0.01460	0.69504	0.00448	1	1.45898	0.81042	0	
1243692	8388.85840	3304688175670	0.49908	0.29805	8388.74414	0.11426	11098	1	0.50846	0.28253	1	0.48186	0.29701	1	0.49516	0.28977	1	0.47796	0.53402	12.60272	1.06646	1	0.74175	0.55911	13.93614	1.06646	1	-0.00547	-0.00929	0.68793	0.00391	1	0.06431	-0.01460	0.69504	0.00409	1	1.45898	0.81042	0	
1243693	8388.86426	3304688242523	0.49916	0.29211	8388.74414	0.12012	11098	1	0.51500	0.10260	1	0.48637	0.26771	1	0.50069	0.18515	1	0.47791	0.53205	12.61630	1.06646	1	0.74182	0.55796	13.54731	1.06646	1	-0.00547	-0.00929	0.68793	0.00259	1	0.06431	-0.01460	0.69504	0.00453	1	1.45898	0.81042	0	
1243694	8388.87109	3304688310031	0.49924	0.28676	8388.74414	0.12695	11098	1	0.51500	0.10260	1	0.48637	0.26771	1	0.50069	0.18515	1	0.47791	0.53197	12.48655	1.06646	1	0.74177	0.55898	14.13707	1.06646	1	-0.00547	-0.00929	0.68793	0.00256	1	0.06431	-0.01460	0.69504	0.00399	1	1.45898	0.81042	0	
1243695	8388.87793	3304688376915	0.49796	0.25204	8388.74414	0.12695	11098	0	0.51197	0.09196	1	0.47937	0.26769	1	0.49567	0.17983	1	0.47790	0.53195	12.70475	1.06646	1	0.74163	0.55874	13.76822	1.06646	1	-0.00547	-0.00929	0.68793	0.00259	1	0.06431	-0.01460	0.69504	0.00396	1	1.45898	0.81042	0	
1243696	8388.88477	3304688441959	0.49669	0.26684	8388.74414	0.12695	11098	0	0.50997	0.27542	1	0.48086	0.28787	1	0.49542	0.28165	1	0.47796	0.53402	12.60272	1.06646	1	0.74166	0.55882	13.77619	1.06646	1	-0.00547	-0.00929	0.68793	0.00391	1	0.06431	-0.01460	0.69504	0.00400	1	1.45898	0.81042	0	
1243697	8388.89160	3304688510840	0.49626	0.27178	8388.74414	0.12695	11098	0	0.50997	0.27542	1	0.48086	0.28787	1	0.49542	0.28165	1	0.47775	0.53377	12.03386	1.06646	1	0.74160	0.55920	14.17163	1.06646	1	-0.00547	-0.00929	0.68793	0.00402	1	0.06431	-0.01460	0.69504	0.00415	1	1.45898	0.81042	0	
1243698	8388.89844	3304688576349	0.49636	0.27354	8388.87793	0.02051	11099	1	0.50287	0.27465	1	0.49040	0.28304	1	0.49664	0.27885	1	0.47780	0.53372	11.89172	1.06646	1	0.74187	0.55873	13.48522	1.06646	1	-0.00547	-0.00929	0.68793	0.00400	1	0.06431	-0.01460	0.69504	0.00436	1	1.45898	0.81042	0	
1243699	8388.90430	3304688642207	0.49497	0.25940	8388.87793	0.02637	11099	1	0.49594	0.09907	1	0.48292	0.30655	1	0.48943	0.20281	1	0.47784	0.53197	12.73107	1.06646	1	0.74179	0.55908	13.68369	1.06646	1	-0.00547	-0.00929	0.68793	0.00258	1	0.06431	-0.01460	0.69504	0.00434	1	1.45898	0.81042	0	
1243700	8388.91113	3304688709562	0.49405	0.24997	8388.87793	0.03320	11099	1	0.49594	0.09907	1	0.48292	0.30655	1	0.48943	0.20281	1	0.47787	0.53196	12.77321	1.06646	1	0.74178	0.55845	13.53637	1.06646	1	-0.00547	-0.00929	0.68793	0.00257	1	0.06431	-0.01460	0.69504	0.00455	1	1.45898	0.81042	0	
1243701	8388.91797	3304688774858	0.49400	0.24201	8388.87793	0.04004	11099	1	0.50197	0.08578	1	0.48538	0.30273	1	0.49367	0.19426	1	0.47781	0.53203	12.26724	1.06646	1	0.74177	0.55905	13.74540	1.06646	1	-0.00547	-0.00929	0.68793	0.00259	1	0.06431	-0.01460	0.69504	0.00423	1	1.45898	0.81042	0	
1243702	8388.92480	3304688844041	0.49389	0.23427	8388.87793	0.04688	11099	1	0.50774	0.09541	1	0.47864	0.26479	1	0.49319	0.18010	1	0.47796	0.53202	12.47809	1.06646	1	0.74168	0.55863	13.59114	1.06646	1	-0.00547	-0.00929	0.68793	0.00257	1	0.06431	-0.01460	0.69504	0.00416	1	1.45898	0.81042	0	
1243703	8388.93164	3304688911146	0.49382	0.22825	8388.87793	0.05371	11099	1	0.50774	0.09541	1	0.47864	0.26479	1	0.49319	0.18010	1	0.47797	0.53206	12.64532	1.06646	1	0.74154	0.55889	13.26062	1.06646	1	-0.00536	-0.00915	0.67428	0.00256	1	0.06431	-0.01460	0.69504	0.00432	1	1.45898	0.81042	0	
1243704	8388.93848	3304688977124	0.49520	0.23645	8388.87793	0.06055	11099	1	0.52288	0.30782	1	0.49249	0.31262	1	0.50769	0.31022	1	0.47821	0.53431	13.09218	1.06646	1	0.74147	0.55923	13.80456	1.06646	1	-0.00536	-0.00915	0.67428	0.00368	1	0.06431	-0.01460	0.69504	0.00423	1	1.45898	0.81042	0	
1243705	8388.94531	3304689045367	0.49431	0.23410	8388.87793	0.06738	11099	1	0.49401	0.12224	1	0.47672	0.29902	1	0.48536	0.21063	1	0.47789	0.53224	12.36186	1.06646	1	0.74126	0.55890	13.28590	1.06646	1	-0.00536	-0.00915	0.67428	0.00256	1	0.06431	-0.01460	0.69504	0.00418	1	1.45898	0.81042	0	
1243706	8388.95117	3304689111740	0.49356	0.23214	8388.87793	0.07324	11099	1	0.49401	0.12224	1	0.47672	0.29902	1	0.48536	0.21063	1	0.47828	0.53436	12.99675	1.06646	1	0.74139	0.55860	12.94461	1.06646	1	-0.00536	-0.00915	0.67428	0.00379	1	0.06431	-0.01460	0.69504	0.00428	1	1.45898	0.81042	0	
1243707	8388.95801	3304689176076	0.49297	0.22991	8388.87793	0.08008	11099	1	0.49416	0.12495	1	0.47761	0.28138	1	0.48588	0.20317	1	0.47781	0.53214	12.49419	1.06646	1	0.74120	0.55867	13.02617	1.06646	1	-0.00536	-0.00915	0.67428	0.00260	1	0.06431	-0.01460	0.69504	0.00426	1	1.45898	0.81042	0	
1243708	8388.96484	3304689247653	0.49253	0.22829	8388.87793	0.08691	11099	1	0.49651	0.13552	1	0.47702	0.27890	1	0.48677	0.20721	1	0.47784	0.53227	12.21935	1.06646	1	0.74123	0.55879	13.05047	1.06646	1	-0.00536	-0.00915	0.67428	0.00256	1	0.06431	-0.01460	0.69504	0.00422	1	1.45898	0.81042	0	
1243709	8388.97168	3304689314331	0.49215	0.22689	8388.87793	0.09375	11099	1	0.49651	0.13552	1	0.47702	0.27890	1	0.48677	0.20721	1	0.47797	0.53460	12.38823	1.06646	1	0.74123	0.55871	13.31220	1.06646	1	-0.00547	-0.00939	0.68793	0.00379	1	0.06431	-0.01460	0.69504	0.00424	1	1.45898	0.81042	0	
1243710	8388.97852	3304689381633	0.49307	0.23153	8388.87793	0.10059	11099	1	0.53495	0.33283	1	0.47898	0.26947	1	0.50697	0.30115	1	0.47828	0.53464	12.82264	1.06646	1	0.74123	0.55869	13.22264	1.06646	1	-0.00547	-0.00939	0.68793	0.00377	1	0.06431	-0.01460	0.69504	0.00424	1	1.45898	0.81042	0	
1243711	8388.98535	3304689448155	0.49392	0.23652	8388.87793	0.10742	11099	1	0.53379	0.33764	1	0.48104	0.29516	1	0.50742	0.31640	1	0.47828	0.53464	12.82264	1.06646	1	0.74136	0.55893	13.14120	1.06646	1	-0.00547	-0.00939	0.68793	0.00376	1	0.06431	-0.01460	0.69504	0.00418	1	1.45898	0.81042	0	
1243712	8388.99219	3304689515588	0.49466	0.24114	8388.87793	0.11426	11099	1	0.53379	0.33764	1	0.48072	0.30168	1	0.50725	0.31966	1	0.47760	0.53212	12.41566	1.06646	1	0.74117	0.55884	13.19136	1.05880	1	-0.00547	-0.00939	0.68793	0.00251	1	0.06108	-0.01387	0.66068	0.00418	1	1.45898	0.81042	0	
1243713	8388.99902	3304689582683	0.49396	0.23898	8388.87793	0.12109	11099	1	0.48828	0.11033	1	0.47457	0.28978	1	0.48142	0.20005	1	0.47760	0.53212	12.41566	1.05880	1	0.74115	0.55879	13.35355	1.05114	1	-0.00547	-0.00939	0.68793	0.00251	1	0.06108	-0.01387	0.66068	0.00426	1	1.45898	0.81042	0	
1243714	8389.00586	3304689649673	0.49373	0.23804	8388.87793	0.12793	11099	1	0.50493	0.13010	1	0.47365	0.31045	1	0.48929	0.22028	1	0.47762	0.53214	12.36353	1.05114	1	0.74112	0.55883	13.07368	1.04348	1	-0.00547	-0.00939	0.68793	0.00251	1	0.06108	-0.01387	0.66068	0.00419	1	1.45898	0.81042	0	
1243715	8389.01172	3304689716356	0.49353	0.23753	8388.87793	0.13379	11099	1	0.50586	0.13776	1	0.47337	0.31699	1	0.48961	0.22738	1	0.47799	0.53375	11.99993	1.04348	1	0.74112	0.55871	13.19272	1.03582	1	-0.00552	-0.00920	0.68150	0.00405	1	0.05959	-0.01358	0.64455	0.00432	1	1.45898	0.81042	0	
1243716	8389.01855	3304689783136	0.49376	0.24051	8388.87793	0.14062	11099	1	0.54125	0.28865	1	0.45607	0.31753	1	0.49866	0.30309	1	0.47804	0.53378	12.10916	1.03582	1	0.74094	0.55903	13.57142	1.03582	1	-0.00552	-0.00920	0.68150	0.00402	1	0.05959	-0.01358	0.64455	0.00426	1	1.45898	0.81042	0	
1243717	8389.02539	3304689849142	0.49320	0.24125	8388.87793	0.14746	11099	1	0.51261	0.15874	1	0.44881	0.35603	1	0.48071	0.25738	1	0.47753	0.53219	12.11380	1.03582	1	0.74085	0.55940	13.76984	1.03582	1	-0.00552	-0.00920	0.68150	0.00254	1	0.05959	-0.01358	0.64455	0.00404	1	1.45898	0.81042	0	
1243718	8389.03223	3304689917494	0.49269	0.24234	8388.87793	0.15430	11099	1	0.51354	0.16665	1	0.44862	0.36810	1	0.48108	0.26737	1	0.47802	0.53475	12.31717	1.02781	1	0.74087	0.55931	13.74673	1.02100	1	-0.00537	-0.00897	0.65731	0.00381	1	0.05904	-0.01347	0.63911	0.00404	1	1.45898	0.81042	0	
1243719	8389.03906	3304689984679	0.49350	0.24752	8388.87793	0.16113	11099	1	0.54853	0.37866	1	0.47737	0.36515	1	0.51295	0.37190	1	0.47807	0.53459	12.21829	1.01298	1	0.74096	0.55933	13.79049	1.00617	1	-0.00537	-0.00897	0.65731	0.00406	1	0.05904	-0.01347	0.63911	0.00395	1	1.45898	0.81042	0	
1243720	8389.04590	3304690051435	0.49382	0.24910	8388.87793	0.16797	11099	1	0.52550	0.18949	1	0.47810	0.38778	1	0.50180	0.28864	1	0.47744	0.53221	12.92012	0.99816	1	0.74091	0.55951	13.79578	0.99135	1	-0.00537	-0.00897	0.65731	0.00243	1	0.05904	-0.01347	0.63911	0.00395	1	1.45898	0.81042	0	
1243721	8389.05273	3304690118388	0.49663	0.28105	8388.87793	0.16797	11099	0	0.52713	0.20420	1	0.47776	0.39437	1	0.50244	0.29928	1	0.47748	0.53249	12.30656	0.98333	1	0.74112	0.55955	13.42249	0.98333	1	-0.00537	-0.00897	0.65731	0.00255	1	0.06191	-0.01419	0.67069	0.00392	1	1.45898	0.81042	0	
1243722	8389.05859	3304690185579	0.50330	0.28972	8388.87793	0.16797	11099	0	0.53169	0.19028	1	0.48822	0.40649	1	0.50996	0.29839	1	0.47743	0.53255	12.26024	0.98333	1	0.74111	0.55946	13.49794	0.99014	1	-0.00537	-0.00897	0.65731	0.00255	1	0.06191	-0.01419	0.67069	0.00381	1	1.45898	0.81042	0	
1243723	8389.06543	3304690252828	0.50432	0.27709	8388.87793	0.16797	11099	0	0.52149	0.15879	1	0.49123	0.34490	1	0.50636	0.25184	1	0.47740	0.53239	12.25925	0.99014	1	0.74115	0.55902	13.38105	0.99695	1	-0.00537	-0.00897	0.65731	0.00258	1	0.06191	-0.01419	0.67069	0.00387	1	1.45898	0.81042	0	
1243724	8389.07227	3304690318500	0.50477	0.26645	8389.05273	0.01953	11100	1	0.51980	0.14349	1	0.49246	0.32554	1	0.50613	0.23452	1	0.47725	0.53271	12.40173	1.00496	1	0.74088	0.55936	13.40180	1.01943	1	-0.00565	-0.00935	0.68473	0.00248	1	0.06224	-0.01427	0.67487	0.00389	1	1.45898	0.81042	0	
1243725	8389.07910	3304690386660	0.49950	0.25779	8389.05273	0.02637	11100	1	0.51684	0.12148	1	0.44003	0.32488	1	0.47843	0.22318	1	0.47729	0.53271	12.22143	1.02745	1	0.74030	0.55955	13.25001	1.03511	1	-0.00565	-0.00935	0.68473	0.00249	1	0.06224	-0.01427	0.67487	0.00391	1	1.45898	0.81042	0	
1243726	8389.08594	3304690452945	0.49638	0.25309	8389.05273	0.03320	11100	1	0.50353	0.08245	1	0.45801	0.37666	1	0.48077	0.22955	1	0.47716	0.53253	12.43404	1.04312	1	0.74023	0.55972	13.33541	1.05078	1	-0.00565	-0.00935	0.68473	0.00246	1	0.06224	-0.01427	0.67487	0.00394	1	1.45898	0.81042	0	
1243727	8389.09277	3304690520189	0.49404	0.24767	8389.05273	0.04004	11100	1	0.50162	0.06592	1	0.45835	0.36437	1	0.47998	0.21515	1	0.47704	0.53278	12.35211	1.05880	1	0.74037	0.55969	13.56444	1.06646	1	-0.00556	-0.00925	0.67422	0.00251	1	0.06224	-0.01427	0.67487	0.00388	1	1.45898	0.81042	0	
1243728	8389.09961	3304690587415	0.49129	0.24274	8389.05273	0.04688	11100	1	0.48188	0.09659	1	0.46221	0.31991	1	0.47205	0.20825	1	0.47690	0.53281	12.40709	1.06646	1	0.74029	0.55972	13.59567	1.06646	1	-0.00556	-0.00925	0.67422	0.00250	1	0.06224	-0.01427	0.67487	0.00386	1	1.45898	0.81042	0	
1243729	8389.10547	3304690653858	0.49051	0.23645	8389.05273	0.05273	11100	1	0.49661	0.08339	1	0.47200	0.28887	1	0.48431	0.18613	1	0.47704	0.53269	12.33335	1.06646	1	0.74041	0.55955	13.36294	1.06646	1	-0.00556	-0.00925	0.67422	0.00248	1	0.06224	-0.01427	0.67487	0.00384	1	1.45898	0.81042	0	
1243730	8389.11230	3304690716712	0.48988	0.23175	8389.05273	0.05957	11100	1	0.49661	0.08339	1	0.47174	0.29543	1	0.48417	0.18941	1	0.47677	0.53287	12.06516	1.06646	1	0.74049	0.55958	13.20348	1.05880	1	-0.00565	-0.00945	0.68473	0.00245	1	0.06067	-0.01395	0.65948	0.00378	1	1.45898	0.81042	0	
1243731	8389.11914	3304690788302	0.49059	0.23219	8389.05273	0.06641	11100	1	0.50474	0.11466	1	0.49074	0.35870	1	0.49774	0.23668	1	0.47676	0.53283	12.16458	1.05880	1	0.74037	0.55997	13.18216	1.05114	1	-0.00565	-0.00945	0.68473	0.00244	1	0.06067	-0.01395	0.65948	0.00378	1	1.45898	0.81042	0	
1243732	8389.12598	3304690854798	0.49170	0.23034	8389.05273	0.07324	11100	1	0.50638	0.12611	1	0.50142	0.29375	1	0.50390	0.20993	1	0.47680	0.53291	12.14289	1.05114	1	0.74044	0.55922	13.01681	1.04348	1	-0.00565	-0.00945	0.68473	0.00242	1	0.06067	-0.01395	0.65948	0.00408	1	1.45898	0.81042	0	
1243733	8389.13281	3304690922217	0.49268	0.22907	8389.05273	0.08008	11100	1	0.50730	0.13380	1	0.50142	0.29375	1	0.50436	0.21378	1	0.47670	0.53296	12.13264	1.04348	1	0.73997	0.55864	12.19516	1.04348	1	-0.00584	-0.00943	0.68362	0.00244	1	0.06277	-0.01444	0.68285	0.00423	1	1.45898	0.81042	0	
1243734	8389.13965	3304690989025	0.49322	0.22699	8389.05273	0.08691	11100	1	0.52566	0.13672	1	0.47501	0.26324	1	0.50034	0.19998	1	0.47666	0.53312	12.03760	1.04348	1	0.74000	0.55889	12.15927	1.05114	1	-0.00584	-0.00943	0.68362	0.00243	1	0.06277	-0.01444	0.68285	0.00451	1	1.45898	0.81042	0	
1243735	8389.14648	3304691055763	0.49439	0.22613	8389.05273	0.09375	11100	1	0.52476	0.12462	1	0.49675	0.30374	1	0.51075	0.21418	1	0.47666	0.53312	12.03760	1.05114	1	0.74009	0.55955	12.75093	1.05880	1	-0.00584	-0.00943	0.68362	0.00243	1	0.06277	-0.01444	0.68285	0.00422	1	1.45898	0.81042	0	
1243736	8389.15234	3304691123187	0.49540	0.22494	8389.05273	0.09961	11100	1	0.52396	0.11693	1	0.49718	0.29723	1	0.51057	0.20708	1	0.47630	0.53304	11.90295	1.05880	1	0.73940	0.55944	13.15849	1.06646	1	-0.00584	-0.00949	0.68362	0.00240	1	0.06277	-0.01444	0.68285	0.00401	1	1.45898	0.81042	0	
1243737	8389.15918	3304691190502	0.49465	0.22412	8389.05273	0.10645	11100	1	0.49653	0.11941	1	0.46857	0.30259	1	0.48255	0.21100	1	0.47628	0.53304	11.88357	1.06646	1	0.73953	0.55955	13.19605	1.06646	1	-0.00584	-0.00949	0.68362	0.00241	1	0.06277	-0.01444	0.68285	0.00416	1	1.45898	0.81042	0	
1243738	8389.16602	3304691258082	0.49403	0.22313	8389.05273	0.11328	11100	1	0.49836	0.10900	1	0.46861	0.30332	1	0.48348	0.20616	1	0.47629	0.53307	11.87866	1.06646	1	0.73953	0.55955	13.19605	1.06646	1	-0.00584	-0.00949	0.68362	0.00239	1	0.06277	-0.01444	0.68285	0.00416	1	1.45898	0.81042	0	
1243739	8389.17285	3304691323926	0.49347	0.22240	8389.05273	0.12012	11100	1	0.49836	0.10900	1	0.46837	0.30977	1	0.48336	0.20938	1	0.47609	0.53321	11.75332	1.06646	1	0.73965	0.55981	13.03916	1.05880	1	-0.00584	-0.00949	0.68362	0.00238	1	0.06059	-0.01397	0.66071	0.00415	1	1.45898	0.81042	0	
1243740	8389.17969	3304691391153	0.49356	0.22219	8389.05273	0.12695	11100	1	0.48744	0.13152	1	0.50339	0.30494	1	0.49541	0.21823	1	0.47609	0.53321	11.75332	1.05880	1	0.73978	0.55958	12.77265	1.05114	1	-0.00584	-0.00949	0.68362	0.00238	1	0.06059	-0.01397	0.66071	0.00432	1	1.45898	0.81042	0	
1243741	8389.18652	3304691458400	0.49316	0.22472	8389.05273	0.13379	11100	1	0.47783	0.15277	1	0.49219	0.39790	1	0.48501	0.27533	1	0.47605	0.53324	11.70947	1.05114	1	0.73961	0.56039	13.30171	1.04348	1	-0.00584	-0.00949	0.68362	0.00235	1	0.06059	-0.01397	0.66071	0.00390	1	1.45898	0.81042	0	
1243742	8389.19336	3304691525779	0.49281	0.22719	8389.05273	0.14062	11100	1	0.47891	0.16028	1	0.49219	0.39790	1	0.48555	0.27909	1	0.47588	0.53325	12.03396	1.04348	1	0.73939	0.55940	12.34990	1.04348	1	-0.00595	-0.00954	0.68393	0.00238	1	0.06261	-0.01445	0.68326	0.00425	1	1.45898	0.81042	0	
1243743	8389.19922	3304691592152	0.49264	0.22656	8389.05273	0.14648	11100	1	0.49919	0.15117	1	0.47860	0.27421	1	0.48889	0.21269	1	0.47591	0.53331	11.99748	1.04348	1	0.73933	0.55916	12.24916	1.05114	1	-0.00595	-0.00954	0.68393	0.00238	1	0.06261	-0.01445	0.68326	0.00431	1	1.45898	0.81042	0	
1243744	8389.20605	3304691659096	0.49264	0.22567	8389.05273	0.15332	11100	1	0.50696	0.14386	1	0.47857	0.26652	1	0.49276	0.20519	1	0.47600	0.53321	11.72037	1.05114	1	0.73933	0.55916	12.24916	1.05880	1	-0.00595	-0.00954	0.68393	0.00252	1	0.06261	-0.01445	0.68326	0.00431	1	1.45898	0.81042	0	
1243745	8389.21289	3304691726583	0.49265	0.22487	8389.05273	0.16016	11100	1	0.50700	0.14421	1	0.47855	0.26684	1	0.49278	0.20552	1	0.47583	0.53327	11.69779	1.05078	1	0.73896	0.55864	12.49895	1.05844	1	-0.00576	-0.00917	0.65709	0.00247	1	0.06261	-0.01445	0.68326	0.00429	1	1.45898	0.81042	0	
1243746	8389.21973	3304691793094	0.49226	0.22359	8389.05273	0.16699	11100	1	0.49206	0.15154	1	0.47321	0.23201	1	0.48263	0.19178	1	0.47577	0.53333	11.76779	1.05043	1	0.73923	0.55847	12.44665	1.05043	1	-0.00576	-0.00917	0.65709	0.00242	1	0.06261	-0.01445	0.68326	0.00454	1	1.45898	0.81042	0	
1243747	8389.22656	3304691859946	0.49225	0.22266	8389.05273	0.17383	11100	1	0.51933	0.16089	1	0.46420	0.23565	1	0.49176	0.19827	1	0.47586	0.53333	11.80872	1.04241	1	0.73908	0.55883	12.50533	1.04241	1	-0.00576	-0.00917	0.65709	0.00247	1	0.06261	-0.01445	0.68326	0.00419	1	1.45898	0.81042	0	
1243748	8389.23340	3304691926828	0.49224	0.22206	8389.05273	0.18066	11100	1	0.52021	0.16873	1	0.46398	0.24307	1	0.49209	0.20590	1	0.47581	0.53338	11.58327	1.03439	1	0.73867	0.55963	13.12287	1.03439	1	-0.00576	-0.00917	0.65709	0.00249	1	0.06145	-0.01423	0.67062	0.00386	1	1.45898	0.81042	0	
1243749	8389.24023	3304691993582	0.49228	0.22264	8389.05273	0.18750	11100	1	0.52075	0.13989	1	0.46624	0.33803	1	0.49350	0.23896	1	0.47579	0.53332	11.59863	1.03439	1	0.73873	0.55970	13.07515	1.03439	1	-0.00576	-0.00917	0.65709	0.00242	1	0.06145	-0.01423	0.67062	0.00383	1	1.45898	0.81042	0	
1243750	8389.24707	3304692061048	0.49195	0.22343	8389.05273	0.19434	11100	1	0.51330	0.12849	1	0.45138	0.36441	1	0.48234	0.24645	1	0.47575	0.53343	11.53251	1.03439	1	0.73852	0.55999	13.14271	1.03439	1	-0.00576	-0.00917	0.65709	0.00243	1	0.06145	-0.01423	0.67062	0.00403	1	1.45898	0.81042	0	
1243751	8389.25293	3304692127362	0.49163	0.22394	8389.05273	0.20020	11100	1	0.51238	0.12033	1	0.45150	0.35794	1	0.48194	0.23914	1	0.47571	0.53337	11.54874	1.04241	1	0.73876	0.55966	13.08266	1.04241	1	-0.00603	-0.00951	0.68150	0.00244	1	0.06261	-0.01445	0.68326	0.00424	1	1.45898	0.81042	0	
1243752	8389.25977	3304692194881	0.49159	0.22394	8389.05273	0.20703	11100	1	0.50697	0.12465	1	0.47361	0.32299	1	0.49029	0.22382	1	0.47558	0.53326	11.43538	1.05043	1	0.73882	0.55971	12.96520	1.05043	1	-0.00603	-0.00951	0.68150	0.00237	1	0.06261	-0.01445	0.68326	0.00426	1	1.45898	0.81042	0	
1243753	8389.26660	3304692261902	0.49153	0.22356	8389.05273	0.21387	11100	1	0.50744	0.09921	1	0.47173	0.32346	1	0.48959	0.21134	1	0.47571	0.53337	11.54874	1.05844	1	0.73882	0.55981	13.00189	1.05844	1	-0.00603	-0.00951	0.68150	0.00244	1	0.06261	-0.01445	0.68326	0.00419	1	1.45898	0.81042	0	
1243754	8389.27344	3304692328727	0.49146	0.22298	8389.05273	0.22070	11100	1	0.50650	0.09101	1	0.47200	0.31682	1	0.48925	0.20391	1	0.47574	0.53344	11.84115	1.06646	1	0.73889	0.55985	12.96709	1.06646	1	-0.00603	-0.00951	0.68150	0.00242	1	0.06261	-0.01445	0.68326	0.00424	1	1.45898	0.81042	0	
1243755	8389.28027	3304692395944	0.49136	0.22251	8389.05273	0.22754	11100	1	0.50563	0.09784	1	0.47056	0.31553	1	0.48810	0.20669	1	0.47556	0.53334	11.72289	1.06646	1	0.73881	0.55960	12.94978	1.06646	1	-0.00603	-0.00951	0.68150	0.00238	1	0.06261	-0.01445	0.68326	0.00432	1	1.45898	0.81042	0	
1243756	8389.28711	3304692462828	0.49118	0.22125	8389.05273	0.23438	11100	1	0.49771	0.08465	1	0.47155	0.26941	1	0.48463	0.17703	1	0.47551	0.53335	11.73558	1.06646	1	0.73879	0.55970	12.81706	1.06646	1	-0.00603	-0.00951	0.68150	0.00230	1	0.06261	-0.01445	0.68326	0.00433	1	1.45898	0.81042	0	
1243757	8389.29395	3304692529800	0.49100	0.22014	8389.05273	0.24121	11100	1	0.49771	0.08465	1	0.47129	0.27610	1	0.48450	0.18037	1	0.47552	0.53337	11.65031	1.06646	1	0.73896	0.55927	12.79628	1.05880	1	-0.00603	-0.00951	0.68150	0.00230	1	0.05994	-0.01394	0.65467	0.00431	1	1.45898	0.81042	0	
1243758	8389.29980	3304692593489	0.49078	0.21940	8389.05273	0.24707	11100	1	0.49900	0.11081	1	0.46646	0.27298	1	0.48273	0.19190	1	0.47552	0.53348	11.38974	1.05880	1	0.73875	0.55961	13.12994	1.05114	1	-0.00603	-0.00951	0.68150	0.00232	1	0.05994	-0.01394	0.65467	0.00430	1	1.45898	0.81042	0	
1243759	8389.30664	3304692659936	0.49073	0.21879	8389.05273	0.25391	11100	1	0.49794	0.11585	1	0.47963	0.27503	1	0.48878	0.19544	1	0.47549	0.53340	11.77603	1.05114	1	0.73860	0.55961	13.03685	1.04348	1	-0.00603	-0.00951	0.68150	0.00233	1	0.05994	-0.01394	0.65467	0.00437	1	1.45898	0.81042	0	
1243760	8389.31348	3304692726069	0.49069	0.21838	8389.05273	0.26074	11100	1	0.49890	0.12362	1	0.47931	0.28184	1	0.48911	0.20273	1	0.47550	0.53352	12.03172	1.04348	1	0.73797	0.56049	12.94020	1.03582	1	-0.00593	-0.00940	0.67047	0.00236	1	0.06010	-0.01396	0.65749	0.00420	1	1.45898	0.81042	0	
1243761	8389.32031	3304692795633	0.49030	0.21848	8389.05273	0.26758	11100	1	0.49511	0.11570	1	0.45453	0.32925	1	0.47482	0.22247	1	0.47544	0.53378	11.63702	1.03582	1	0.73820	0.56028	12.90588	1.03582	1	-0.00593	-0.00940	0.67047	0.00235	1	0.06010	-0.01396	0.65749	0.00401	1	1.45898	0.81042	0	
1243762	8389.32617	3304692860994	0.49022	0.21867	8389.05273	0.27344	11100	1	0.49634	0.15365	1	0.47749	0.29890	1	0.48691	0.22628	1	0.47532	0.53361	11.59370	1.03582	1	0.73847	0.55976	12.05259	1.03582	1	-0.00593	-0.00940	0.67047	0.00234	1	0.06010	-0.01396	0.65749	0.00407	1	1.45898	0.81042	0	
1243763	8389.33398	3304692931383	0.49014	0.21885	8389.05273	0.28125	11100	1	0.49634	0.15365	1	0.47749	0.29890	1	0.48691	0.22628	1	0.47527	0.53355	11.44228	1.03582	1	0.73854	0.55990	12.11053	1.03582	1	-0.00603	-0.00961	0.68150	0.00234	1	0.06017	-0.01402	0.65831	0.00398	1	1.45898	0.81042	0	
1243764	8389.33984	3304692995925	0.49045	0.21885	8389.05273	0.28711	11100	1	0.52740	0.13006	1	0.47963	0.30795	1	0.50351	0.21901	1	0.47542	0.53367	11.15922	1.03582	1	0.73856	0.55979	12.38302	1.03582	1	-0.00603	-0.00961	0.68150	0.00238	1	0.06017	-0.01402	0.65831	0.00402	1	1.45898	0.81042	0	
1243765	8389.34668	3304693063419	0.49056	0.21850	8389.05273	0.29395	11100	1	0.51169	0.10006	1	0.47940	0.30602	1	0.49554	0.20304	1	0.47530	0.53351	11.53404	1.03582	1	0.73859	0.55989	12.41136	1.03582	1	-0.00603	-0.00961	0.68150	0.00239	1	0.06017	-0.01402	0.65831	0.00396	1	1.45898	0.81042	0	
1243766	8389.35352	3304693129378	0.49068	0.21826	8389.05273	0.30078	11100	1	0.51263	0.10843	1	0.47938	0.30633	1	0.49600	0.20738	1	0.47529	0.53365	10.98326	1.02781	1	0.73851	0.55983	12.33716	1.03546	1	-0.00588	-0.00929	0.65870	0.00242	1	0.06206	-0.01447	0.67948	0.00405	1	1.45898	0.81042	0	
1243767	8389.36035	3304693197721	0.49061	0.21836	8389.05273	0.30762	11100	1	0.50672	0.11260	1	0.46830	0.33312	1	0.48751	0.22286	1	0.47525	0.53370	11.10644	1.02745	1	0.73843	0.55994	12.34682	1.03511	1	-0.00588	-0.00929	0.65870	0.00239	1	0.06206	-0.01447	0.67948	0.00408	1	1.45898	0.81042	0	
1243768	8389.36719	3304693264618	0.49043	0.21851	8389.05273	0.31445	11100	1	0.50256	0.12697	1	0.46149	0.32419	1	0.48202	0.22558	1	0.47520	0.53356	11.33543	1.02709	1	0.73828	0.56006	12.20565	1.03475	1	-0.00588	-0.00929	0.65870	0.00230	1	0.06206	-0.01447	0.67948	0.00402	1	1.45898	0.81042	0	
1243769	8389.37402	3304693333565	0.49012	0.21720	8389.05273	0.32129	11100	1	0.50160	0.11910	1	0.46168	0.31771	1	0.48164	0.21841	1	0.47525	0.53364	11.43970	1.03475	1	0.73836	0.56026	12.43811	1.04241	1	-0.00603	-0.00961	0.68150	0.00232	1	0.06206	-0.01447	0.67948	0.00393	1	1.45898	0.81042	0	
1243770	8389.38086	3304693400461	0.48973	0.21532	8389.05273	0.32812	11100	1	0.51467	0.11515	1	0.46812	0.30084	1	0.49139	0.20799	1	0.47535	0.53381	11.45570	1.05043	1	0.73841	0.55995	12.29115	1.05043	1	-0.00603	-0.00961	0.68150	0.00236	1	0.06206	-0.01447	0.67948	0.00405	1	1.45898	0.81042	0	
1243771	8389.38770	3304693467424	0.48939	0.21417	8389.05273	0.33496	11100	1	0.51446	0.09636	1	0.46530	0.29673	1	0.48988	0.19654	1	0.47538	0.53383	11.40285	1.05844	1	0.73835	0.55985	12.25698	1.05844	1	-0.00603	-0.00961	0.68150	0.00236	1	0.06206	-0.01447	0.67948	0.00406	1	1.45898	0.81042	0	
1243772	8389.39355	3304693534582	0.48904	0.21322	8389.05273	0.34082	11100	1	0.51357	0.08814	1	0.46553	0.28988	1	0.48955	0.18901	1	0.47542	0.53371	11.23677	1.06646	1	0.73825	0.55990	12.13682	1.06646	1	-0.00603	-0.00961	0.68150	0.00236	1	0.06206	-0.01447	0.67948	0.00405	1	1.45898	0.81042	0	
1243773	8389.40039	3304693601180	0.48906	0.21222	8389.05273	0.34766	11100	1	0.49603	0.08768	1	0.46221	0.26250	1	0.47912	0.17509	1	0.47521	0.53364	11.65770	1.06646	1	0.73834	0.55975	12.05020	1.06646	1	-0.00603	-0.00961	0.68150	0.00230	1	0.06206	-0.01447	0.67948	0.00415	1	1.45898	0.81042	0	
1243774	8389.40723	3304693667777	0.48913	0.21111	8389.05273	0.35449	11100	1	0.50703	0.07963	1	0.46101	0.27304	1	0.48402	0.17633	1	0.47522	0.53364	11.81618	1.06646	1	0.73824	0.55993	12.00750	1.06646	1	-0.00603	-0.00961	0.68150	0.00227	1	0.06206	-0.01447	0.67948	0.00409	1	1.45898	0.81042	0	
1243775	8389.41406	3304693734984	0.48921	0.21030	8389.05273	0.36133	11100	1	0.50703	0.07963	1	0.46101	0.27304	1	0.48402	0.17633	1	0.47521	0.53364	11.65770	1.06646	1	0.73829	0.55996	12.19865	1.06646	1	-0.00603	-0.00961	0.68150	0.00230	1	0.06206	-0.01447	0.67948	0.00407	1	1.45898	0.81042	0	
1243776	8389.42090	3304693802289	0.48926	0.20999	8389.05273	0.36816	11100	1	0.48941	0.06228	1	0.45966	0.32488	1	0.47454	0.19358	1	0.47517	0.53365	11.40936	1.06646	1	0.73827	0.56034	12.44811	1.06646	1	-0.00603	-0.00961	0.68150	0.00236	1	0.06206	-0.01447	0.67948	0.00391	1	1.45898	0.81042	0	
1243777	8389.42773	3304693869456	0.48901	0.20982	8389.05273	0.37500	11100	1	0.47858	0.08886	1	0.46625	0.26701	1	0.47241	0.17793	1	0.47531	0.53374	11.08335	1.06646	1	0.73833	0.55969	12.06380	1.06646	1	-0.00603	-0.00961	0.68150	0.00236	1	0.06206	-0.01447	0.67948	0.00412	1	1.45898	0.81042	0	
1243778	8389.43457	3304693936818	0.48877	0.20965	8389.05273	0.38184	11100	1	0.47858	0.08886	1	0.46603	0.27371	1	0.47230	0.18129	1	0.47538	0.53364	10.93100	1.06646	1	0.73833	0.55969	12.06380	1.05880	1	-0.00603	-0.00961	0.68150	0.00235	1	0.06017	-0.01402	0.65831	0.00412	1	1.45898	0.81042	0	
1243779	8389.44043	3304694003347	0.48833	0.20859	8389.05273	0.38770	11100	1	0.49095	0.09603	1	0.46212	0.27513	1	0.47654	0.18558	1	0.47539	0.53377	11.25159	1.05880	1	0.73834	0.55968	12.05118	1.05114	1	-0.00603	-0.00961	0.68150	0.00235	1	0.06017	-0.01402	0.65831	0.00413	1	1.45898	0.81042	0	
1243780	8389.44727	3304694068267	0.48805	0.20822	8389.05273	0.39453	11100	1	0.48966	0.10496	1	0.49146	0.27983	1	0.49056	0.19240	1	0.47538	0.53368	11.06030	1.05114	1	0.73877	0.55967	12.47231	1.04348	1	-0.00603	-0.00961	0.68150	0.00231	1	0.06017	-0.01402	0.65831	0.00408	1	1.45898	0.81042	0	
1243781	8389.45410	3304694134748	0.48777	0.20793	8389.05273	0.40137	11100	1	0.49068	0.11281	1	0.49105	0.28661	1	0.49086	0.19971	1	0.47552	0.53375	11.46354	1.04348	1	0.73867	0.55997	11.99574	1.03582	1	-0.00593	-0.00940	0.67047	0.00231	1	0.06017	-0.01402	0.65831	0.00408	1	1.45898	0.81042	0	
1243782	8389.46094	3304694202235	0.48717	0.20852	8389.05273	0.40820	11100	1	0.49281	0.12546	1	0.45061	0.33142	1	0.47171	0.22844	1	0.47548	0.53367	11.35103	1.03582	1	0.73855	0.56000	11.87635	1.03582	1	-0.00593	-0.00940	0.67047	0.00228	1	0.06017	-0.01402	0.65831	0.00411	1	1.45898	0.81042	0	
1243783	8389.46680	3304694266739	0.48666	0.20835	8389.05273	0.41406	11100	1	0.50588	0.11118	1	0.46710	0.30034	1	0.48649	0.20576	1	0.47552	0.53367	11.29413	1.03582	1	0.73840	0.55971	11.56218	1.03582	1	-0.00593	-0.00940	0.67047	0.00232	1	0.06017	-0.01402	0.65831	0.00422	1	1.45898	0.81042	0	
1243784	8389.47363	3304694335826	0.48616	0.20832	8389.05273	0.42090	11100	1	0.50588	0.11118	1	0.46710	0.30034	1	0.48649	0.20576	1	0.47563	0.53349	11.82608	1.03582	1	0.73867	0.56021	12.94498	1.03582	1	-0.00603	-0.00951	0.68150	0.00236	1	0.06017	-0.01402	0.65831	0.00405	1	1.45898	0.81042	0	
1243785	8389.48047	3304694398456	0.48614	0.20866	8389.05273	0.42773	11100	1	0.50995	0.13084	1	0.45325	0.32338	1	0.48160	0.22711	1	0.47554	0.53335	11.72534	1.03582	1	0.73860	0.56013	12.90366	1.03582	1	-0.00603	-0.00951	0.68150	0.00231	1	0.06017	-0.01402	0.65831	0.00409	1	1.45898	0.81042	0	
1243786	8389.48730	3304694467321	0.48623	0.20865	8389.05273	0.43457	11100	1	0.50874	0.13025	1	0.46617	0.28125	1	0.48745	0.20575	1	0.47555	0.53339	11.89104	1.03582	1	0.73874	0.55952	12.81635	1.03582	1	-0.00603	-0.00951	0.68150	0.00230	1	0.06017	-0.01402	0.65831	0.00439	1	1.45898	0.81042	0	
1243787	8389.49414	3304694537063	0.48631	0.20850	8389.05273	0.44141	11100	1	0.50874	0.13025	1	0.46639	0.27445	1	0.48756	0.20235	1	0.47584	0.53345	11.30534	1.03582	1	0.73861	0.55993	12.77598	1.04348	1	-0.00603	-0.00951	0.68150	0.00236	1	0.06261	-0.01445	0.68326	0.00435	1	1.45898	0.81042	0	
1243788	8389.50098	3304694601920	0.48605	0.20899	8389.05273	0.44824	11100	1	0.51452	0.12886	1	0.45110	0.35435	1	0.48281	0.24160	1	0.47578	0.53333	11.75049	1.04348	1	0.73856	0.56045	13.09848	1.05114	1	-0.00603	-0.00951	0.68150	0.00236	1	0.06261	-0.01445	0.68326	0.00409	1	1.45898	0.81042	0	
1243789	8389.50781	3304694674175	0.48599	0.20796	8389.05273	0.45508	11100	1	0.51096	0.10016	1	0.45299	0.35166	1	0.48197	0.22591	1	0.47578	0.53319	11.45730	1.05114	1	0.73858	0.56058	12.88453	1.05880	1	-0.00603	-0.00951	0.68150	0.00236	1	0.06261	-0.01445	0.68326	0.00411	1	1.45898	0.81042	0	
1243790	8389.51465	3304694741086	0.48591	0.20686	8389.05273	0.46191	11100	1	0.51100	0.10053	1	0.45299	0.35195	1	0.48199	0.22624	1	0.47576	0.53324	11.46027	1.05078	1	0.73897	0.56050	12.59246	1.05844	1	-0.00576	-0.00917	0.65709	0.00238	1	0.06261	-0.01455	0.68326	0.00403	1	1.45898	0.81042	0	
1243791	8389.52148	3304694807255	0.48615	0.20687	8389.05273	0.46875	11100	1	0.51911	0.11715	1	0.48149	0.30985	1	0.50030	0.21350	1	0.47590	0.53341	11.09394	1.05043	1	0.73900	0.56009	12.47699	1.05043	1	-0.00576	-0.00917	0.65709	0.00232	1	0.06261	-0.01455	0.68326	0.00397	1	1.45898	0.81042	0	
1243792	8389.52832	3304694874124	0.48623	0.20740	8389.05273	0.47559	11100	1	0.49780	0.12204	1	0.49506	0.33917	1	0.49643	0.23060	1	0.47587	0.53328	11.29677	1.04241	1	0.73928	0.56026	12.50783	1.04241	1	-0.00576	-0.00917	0.65709	0.00231	1	0.06261	-0.01455	0.68326	0.00398	1	1.45898	0.81042	0	
1243793	8389.53418	3304694940181	0.48631	0.20808	8389.05273	0.48145	11100	1	0.49882	0.13019	1	0.49460	0.34582	1	0.49671	0.23800	1	0.47607	0.53345	11.28993	1.03439	1	0.73925	0.55963	12.43687	1.03439	1	-0.00576	-0.00917	0.65709	0.00239	1	0.06261	-0.01455	0.68326	0.00418	1	1.45898	0.81042	0	
1243794	8389.54102	3304695009337	0.48658	0.20913	8389.05273	0.48828	11100	1	0.50120	0.14162	1	0.49031	0.34307	1	0.49576	0.24234	1	0.47594	0.53341	11.19419	1.03439	1	0.73923	0.56013	12.62891	1.03439	1	-0.00576	-0.00917	0.65709	0.00238	1	0.06261	-0.01455	0.68326	0.00399	1	1.45898	0.81042	0	
1243795	8389.54785	3304695076061	0.48665	0.21007	8389.05273	0.49512	11100	1	0.50791	0.14651	1	0.48233	0.34013	1	0.49512	0.24332	1	0.47604	0.53349	11.41427	1.03439	1	0.73907	0.56018	12.50069	1.03439	1	-0.00576	-0.00917	0.65709	0.00237	1	0.06261	-0.01455	0.68326	0.00395	1	1.45898	0.81042	0	
1243796	8389.55469	3304695143339	0.48672	0.21099	8389.05273	0.50195	11100	1	0.50877	0.15364	1	0.48201	0.34607	1	0.49539	0.24985	1	0.47595	0.53335	11.55842	1.02727	1	0.73916	0.56004	12.09753	1.02727	1	-0.00557	-0.00893	0.63992	0.00230	1	0.06145	-0.01423	0.67062	0.00399	1	1.45898	0.81042	0	
1243797	8389.56152	3304695209076	0.48637	0.21133	8389.05273	0.50879	11100	1	0.48813	0.15132	1	0.46520	0.35938	1	0.47666	0.25535	1	0.47606	0.53342	11.18710	1.02014	1	0.73920	0.56029	12.32562	1.02014	1	-0.00557	-0.00893	0.63992	0.00239	1	0.06145	-0.01423	0.67062	0.00397	1	1.45898	0.81042	0	
1243798	8389.56836	3304695275933	0.48646	0.21179	8389.05273	0.51562	11100	1	0.51328	0.16030	1	0.46012	0.37722	1	0.48670	0.26876	1	0.47608	0.53338	11.36031	1.01301	1	0.73907	0.56038	12.30843	1.01301	1	-0.00557	-0.00893	0.63992	0.00232	1	0.06145	-0.01423	0.67062	0.00389	1	1.45898	0.81042	0	
1243799	8389.57520	3304695342856	0.48971	0.24202	8389.05273	0.51562	11100	0	0.51328	0.16030	1	0.46012	0.37722	1	0.48670	0.26876	1	0.47613	0.53349	11.30989	1.01301	1	0.73907	0.56029	12.28958	1.01301	1	-0.00573	-0.00926	0.66408	0.00239	1	0.06261	-0.01455	0.68326	0.00391	1	1.45898	0.81042	0	
1243800	8389.58105	3304695410563	0.48524	0.23234	8389.05273	0.51562	11100	0	0.48851	0.13610	1	0.47304	0.30920	1	0.48077	0.22265	1	0.47610	0.53309	11.94380	1.02014	1	0.73929	0.55980	12.04688	1.02014	1	-0.00573	-0.00926	0.66408	0.00230	1	0.06261	-0.01455	0.68326	0.00404	1	1.45898	0.81042	0	
1243801	8389.58789	3304695477881	0.48539	0.23800	8389.05273	0.51562	11100	0	0.49174	0.15754	1	0.47965	0.34110	1	0.48570	0.24932	1	0.47604	0.53337	11.13299	1.02727	1	0.73939	0.56012	12.43930	1.02727	1	-0.00573	-0.00926	0.66408	0.00233	1	0.06261	-0.01455	0.68326	0.00403	1	1.45898	0.81042	0	
1243802	8389.59473	3304695544096	0.48530	0.23735	8389.57520	0.01953	11101	1	0.48972	0.14243	1	0.48029	0.32841	1	0.48501	0.23542	1	0.47613	0.53329	11.43892	1.04241	1	0.73914	0.55943	12.04206	1.04241	1	-0.00595	-0.00954	0.68393	0.00237	1	0.06145	-0.01423	0.67062	0.00420	1	1.45898	0.81042	0	
1243803	8389.60156	3304695610982	0.48224	0.23253	8389.57520	0.02637	11101	1	0.48905	0.11091	1	0.45100	0.31554	1	0.47003	0.21322	1	0.47611	0.53327	11.40059	1.05043	1	0.73893	0.56011	12.23296	1.05043	1	-0.00595	-0.00954	0.68393	0.00237	1	0.06145	-0.01423	0.67062	0.00396	1	1.45898	0.81042	0	
1243804	8389.60840	3304695677779	0.48248	0.22745	8389.57520	0.03320	11101	1	0.49386	0.11201	1	0.47348	0.29210	1	0.48367	0.20205	1	0.47621	0.53340	11.15241	1.05844	1	0.73925	0.55968	12.21077	1.05844	1	-0.00595	-0.00954	0.68393	0.00240	1	0.06145	-0.01423	0.67062	0.00417	1	1.45898	0.81042	0	
1243805	8389.61523	3304695744432	0.48260	0.22275	8389.57520	0.04004	11101	1	0.49284	0.10390	1	0.47377	0.28521	1	0.48330	0.19455	1	0.47623	0.53340	11.19620	1.06646	1	0.73914	0.55949	12.05257	1.06646	1	-0.00584	-0.00954	0.68362	0.00238	1	0.06261	-0.01455	0.68326	0.00417	1	1.45898	0.81042	0	
1243806	8389.62207	3304695811602	0.48209	0.21772	8389.57520	0.04688	11101	1	0.47973	0.10420	1	0.47736	0.26077	1	0.47854	0.18249	1	0.47613	0.53342	11.31714	1.06646	1	0.73928	0.55968	12.01299	1.06646	1	-0.00584	-0.00954	0.68362	0.00235	1	0.06261	-0.01455	0.68326	0.00407	1	1.45898	0.81042	0	
1243807	8389.62891	3304695880022	0.48226	0.21298	8389.57520	0.05371	11101	1	0.50192	0.09382	1	0.46524	0.25643	1	0.48358	0.17512	1	0.47634	0.53338	11.58361	1.06646	1	0.73914	0.55968	12.06186	1.06646	1	-0.00584	-0.00954	0.68362	0.00239	1	0.06261	-0.01455	0.68326	0.00402	1	1.45898	0.81042	0	
1243808	8389.63477	3304695946149	0.48238	0.20954	8389.57520	0.05957	11101	1	0.50192	0.09382	1	0.46502	0.26321	1	0.48347	0.17851	1	0.47635	0.53337	11.60553	1.06646	1	0.73928	0.55988	12.26497	1.05880	1	-0.00584	-0.00954	0.68362	0.00238	1	0.06059	-0.01407	0.66071	0.00403	1	1.45898	0.81042	0	
1243809	8389.64160	3304696012870	0.48264	0.20694	8389.57520	0.06641	11101	1	0.49837	0.08835	1	0.47218	0.27359	1	0.48528	0.18097	1	0.47629	0.53334	11.50307	1.05880	1	0.73921	0.55985	12.32179	1.05114	1	-0.00584	-0.00954	0.68362	0.00237	1	0.06059	-0.01407	0.66071	0.00401	1	1.45898	0.81042	0	
1243810	8389.64844	3304696077082	0.48316	0.20794	8389.57520	0.07324	11101	1	0.49798	0.12159	1	0.47967	0.31640	1	0.48883	0.21899	1	0.47625	0.53332	11.63290	1.05114	1	0.73937	0.55981	12.37661	1.04348	1	-0.00584	-0.00954	0.68362	0.00229	1	0.06059	-0.01407	0.66071	0.00400	1	1.45898	0.81042	0	
1243811	8389.65527	3304696146626	0.48362	0.20934	8389.57520	0.08008	11101	1	0.49894	0.12932	1	0.47935	0.32290	1	0.48915	0.22611	1	0.47623	0.53327	11.58876	1.04348	1	0.73942	0.56000	12.79812	1.03582	1	-0.00584	-0.00954	0.68362	0.00230	1	0.06059	-0.01407	0.66071	0.00403	1	1.45898	0.81042	0	
1243812	8389.66211	3304696213938	0.48401	0.20899	8389.57520	0.08691	11101	1	0.49871	0.10906	1	0.47944	0.29993	1	0.48908	0.20449	1	0.47626	0.53335	11.63035	1.03582	1	0.73938	0.55982	12.64520	1.03582	1	-0.00584	-0.00954	0.68362	0.00235	1	0.06059	-0.01407	0.66071	0.00412	1	1.45898	0.81042	0	
1243813	8389.66895	3304696280783	0.48472	0.20990	8389.57520	0.09375	11101	1	0.49589	0.12120	1	0.49345	0.32387	1	0.49467	0.22254	1	0.47626	0.53333	11.71025	1.03582	1	0.73958	0.56009	12.62592	1.03582	1	-0.00584	-0.00954	0.68362	0.00232	1	0.06059	-0.01407	0.66071	0.00405	1	1.45898	0.81042	0	
1243814	8389.67480	3304696347898	0.48534	0.21069	8389.57520	0.09961	11101	1	0.49589	0.12120	1	0.49345	0.32387	1	0.49467	0.22254	1	0.47631	0.53332	11.43037	1.03582	1	0.73935	0.56063	13.19708	1.03582	1	-0.00584	-0.00954	0.68362	0.00232	1	0.06059	-0.01407	0.66071	0.00389	1	1.45898	0.81042	0	
1243815	8389.68164	3304696415201	0.48641	0.21206	8389.57520	0.10645	11101	1	0.50513	0.11085	1	0.50208	0.35717	1	0.50361	0.23401	1	0.47631	0.53332	11.43855	1.03582	1	0.73975	0.56047	12.96746	1.03582	1	-0.00584	-0.00954	0.68362	0.00232	1	0.06059	-0.01407	0.66071	0.00398	1	1.45898	0.81042	0	
1243816	8389.68848	3304696482917	0.48667	0.21459	8389.57520	0.11328	11101	1	0.50096	0.13439	1	0.48106	0.38095	1	0.49101	0.25767	1	0.47628	0.53332	11.45826	1.03582	1	0.73945	0.56055	12.80680	1.03582	1	-0.00584	-0.00954	0.68362	0.00231	1	0.06059	-0.01407	0.66071	0.00392	1	1.45898	0.81042	0	
1243817	8389.69531	3304696547775	0.48690	0.21686	8389.57520	0.12012	11101	1	0.50096	0.13439	1	0.48106	0.38095	1	0.49101	0.25767	1	0.47630	0.53337	11.65031	1.03582	1	0.73945	0.56044	13.03779	1.03582	1	-0.00584	-0.00954	0.68362	0.00230	1	0.06059	-0.01407	0.66071	0.00394	1	1.45898	0.81042	0	
1243818	8389.70215	3304696614137	0.48609	0.21835	8389.57520	0.12695	11101	1	0.49557	0.13914	1	0.44586	0.35407	1	0.47072	0.24661	1	0.47616	0.53334	11.41575	1.03582	1	0.73927	0.56046	12.04269	1.03582	1	-0.00584	-0.00954	0.68362	0.00233	1	0.06059	-0.01407	0.66071	0.00401	1	1.45898	0.81042	0	
1243819	8389.70801	3304696678250	0.48646	0.21994	8389.57520	0.13281	11101	1	0.51092	0.12498	1	0.47687	0.37876	1	0.49390	0.25187	1	0.47640	0.53338	11.65072	1.03582	1	0.73936	0.56057	12.87848	1.03582	1	-0.00584	-0.00954	0.68362	0.00234	1	0.06059	-0.01407	0.66071	0.00391	1	1.45898	0.81042	0	
1243820	8389.71484	3304696747173	0.48680	0.22140	8389.57520	0.13965	11101	1	0.51092	0.12498	1	0.47687	0.37876	1	0.49390	0.25187	1	0.47628	0.53332	11.45826	1.03582	1	0.73961	0.56048	12.80605	1.03582	1	-0.00584	-0.00954	0.68362	0.00231	1	0.06059	-0.01412	0.66071	0.00388	1	1.45898	0.81042	0	
1243821	8389.72168	3304696812037	0.48708	0.22207	8389.57520	0.14648	11101	1	0.49992	0.13002	1	0.48657	0.34381	1	0.49325	0.23691	1	0.47625	0.53353	11.49405	1.03582	1	0.73955	0.56029	12.79556	1.03582	1	-0.00584	-0.00954	0.68362	0.00232	1	0.06059	-0.01412	0.66071	0.00388	1	1.45898	0.81042	0	
1243822	8389.72852	3304696881134	0.48740	0.22249	8389.57520	0.15332	11101	1	0.49666	0.13131	1	0.49277	0.33313	1	0.49472	0.23222	1	0.47626	0.53342	11.25401	1.03582	1	0.73964	0.56003	12.60381	1.03582	1	-0.00584	-0.00954	0.68362	0.00231	1	0.06059	-0.01412	0.66071	0.00395	1	1.45898	0.81042	0	
1243823	8389.73535	3304696947983	0.48769	0.22288	8389.57520	0.16016	11101	1	0.49666	0.13131	1	0.49277	0.33313	1	0.49472	0.23222	1	0.47620	0.53355	11.31322	1.03582	1	0.73968	0.56059	12.81482	1.03582	1	-0.00584	-0.00954	0.68362	0.00234	1	0.06059	-0.01407	0.66071	0.00383	1	1.45898	0.81042	0	
1243824	8389.74219	3304697018000	0.48772	0.22407	8389.57520	0.16699	11101	1	0.50200	0.13719	1	0.47506	0.37050	1	0.48853	0.25385	1	0.47627	0.53357	11.49574	1.03582	1	0.73935	0.56052	12.31756	1.03582	1	-0.00584	-0.00954	0.68362	0.00237	1	0.06059	-0.01407	0.66071	0.00391	1	1.45898	0.81042	0	
1243825	8389.74902	3304697082809	0.48776	0.22568	8389.57520	0.17383	11101	1	0.50277	0.15012	1	0.47453	0.38489	1	0.48865	0.26751	1	0.47621	0.53364	11.49799	1.03582	1	0.73931	0.56092	12.21544	1.03582	1	-0.00584	-0.00954	0.68362	0.00240	1	0.06059	-0.01407	0.66071	0.00383	1	1.45898	0.81042	0	
1243826	8389.75488	3304697148142	0.48779	0.22707	8389.57520	0.17969	11101	1	0.50277	0.15012	1	0.47481	0.37886	1	0.48879	0.26449	1	0.47610	0.53367	11.60186	1.03582	1	0.73920	0.56092	12.31642	1.04348	1	-0.00584	-0.00959	0.68361	0.00233	1	0.06261	-0.01466	0.68326	0.00383	1	1.45898	0.81042	0	
1243827	8389.76172	3304697216055	0.48798	0.22807	8389.57520	0.18652	11101	1	0.51773	0.14127	1	0.46886	0.37075	1	0.49329	0.25601	1	0.47616	0.53360	11.62924	1.04348	1	0.73923	0.56068	12.31418	1.05114	1	-0.00584	-0.00959	0.68361	0.00231	1	0.06261	-0.01466	0.68326	0.00381	1	1.45898	0.81042	0	
1243828	8389.76855	3304697285529	0.48800	0.22903	8389.57520	0.19336	11101	1	0.50878	0.13931	1	0.46830	0.37487	1	0.48854	0.25709	1	0.47610	0.53367	11.60186	1.05114	1	0.73922	0.56074	12.36224	1.05880	1	-0.00584	-0.00959	0.68361	0.00233	1	0.06261	-0.01466	0.68326	0.00379	1	1.45898	0.81042	0	
1243829	8389.77539	3304697352663	0.48801	0.22972	8389.57520	0.20020	11101	1	0.50788	0.13172	1	0.46854	0.36889	1	0.48821	0.25030	1	0.47593	0.53383	11.43483	1.05880	1	0.73923	0.56068	12.24435	1.06646	1	-0.00595	-0.00964	0.68393	0.00235	1	0.06261	-0.01466	0.68326	0.00373	1	1.45898	0.81042	0	
1243830	8389.78223	3304697419368	0.48770	0.22871	8389.57520	0.20703	11101	1	0.50013	0.08151	1	0.45584	0.31335	1	0.47798	0.19743	1	0.47592	0.53376	11.21082	1.06646	1	0.73895	0.56035	12.86322	1.06646	1	-0.00595	-0.00964	0.68393	0.00238	1	0.06261	-0.01466	0.68326	0.00379	1	1.45898	0.81042	0	
1243831	8389.78906	3304697486439	0.48732	0.22831	8389.57520	0.21387	11101	1	0.48666	0.10238	1	0.46425	0.32845	1	0.47546	0.21541	1	0.47578	0.53387	11.62182	1.06646	1	0.73911	0.56020	12.38577	1.06646	1	-0.00595	-0.00964	0.68393	0.00241	1	0.06261	-0.01466	0.68326	0.00385	1	1.45898	0.81042	0	
1243832	8389.79590	3304697553064	0.48699	0.22814	8389.57520	0.22070	11101	1	0.48773	0.11051	1	0.46403	0.33500	1	0.47588	0.22275	1	0.47592	0.53389	11.69781	1.05844	1	0.73913	0.56018	12.47570	1.05844	1	-0.00576	-0.00926	0.65709	0.00245	1	0.06261	-0.01466	0.68326	0.00382	1	1.45898	0.81042	0	
1243833	8389.80273	3304697620737	0.48724	0.22832	8389.57520	0.22754	11101	1	0.50050	0.13197	1	0.49099	0.33663	1	0.49575	0.23430	1	0.47602	0.53397	11.74272	1.05043	1	0.73921	0.56023	12.39231	1.05043	1	-0.00576	-0.00926	0.65709	0.00241	1	0.06261	-0.01466	0.68326	0.00388	1	1.45898	0.81042	0	
1243834	8389.80957	3304697687399	0.48773	0.22873	8389.57520	0.23438	11101	1	0.52259	0.14671	1	0.48704	0.33966	1	0.50482	0.24319	1	0.47593	0.53406	11.55526	1.04241	1	0.73907	0.56034	12.67688	1.04241	1	-0.00576	-0.00926	0.65709	0.00241	1	0.06261	-0.01466	0.68326	0.00386	1	1.45898	0.81042	0	
1243835	8389.81641	3304697755042	0.48819	0.22912	8389.57520	0.24121	11101	1	0.52259	0.14671	1	0.48704	0.33966	1	0.50482	0.24319	1	0.47586	0.53397	11.82651	1.04241	1	0.73922	0.56020	12.41801	1.04241	1	-0.00593	-0.00950	0.67046	0.00239	1	0.06261	-0.01466	0.68326	0.00390	1	1.45898	0.81042	0	
1243836	8389.82227	3304697821060	0.48827	0.22966	8389.57520	0.24707	11101	1	0.51288	0.12888	1	0.46960	0.36992	1	0.49124	0.24940	1	0.47576	0.53392	11.65611	1.05043	1	0.73881	0.56062	12.93830	1.05043	1	-0.00593	-0.00950	0.67046	0.00235	1	0.06261	-0.01466	0.68326	0.00398	1	1.45898	0.81042	0	
1243837	8389.82910	3304697888137	0.48860	0.22943	8389.57520	0.25391	11101	1	0.51354	0.11015	1	0.48854	0.33154	1	0.50104	0.22085	1	0.47583	0.53386	11.87368	1.05844	1	0.73914	0.56033	12.52281	1.05844	1	-0.00593	-0.00950	0.67046	0.00229	1	0.06261	-0.01466	0.68326	0.00389	1	1.45898	0.81042	0	
1243838	8389.83594	3304697954913	0.48860	0.23182	8389.57520	0.26074	11101	1	0.51354	0.11015	0	0.48893	0.32494	1	0.48893	0.32494	1	0.47583	0.53386	11.87368	1.06646	0	0.47568	0.53400	11.96732	1.06646	1	-0.00593	-0.00950	0.67046	0.00229	1	-0.00593	-0.00950	0.67046	0.00232	1	1.45898	0.81042	0	
1243839	8389.84277	3304698022289	0.48620	0.22780	8389.57520	0.26758	11101	1	0.51354	0.11015	0	0.38993	0.06707	1	0.38993	0.06707	1	0.47583	0.53386	11.87368	1.06646	0	0.47565	0.53400	11.58478	1.06646	1	-0.00593	-0.00950	0.67046	0.00229	1	-0.00593	-0.00950	0.67046	0.00236	1	1.45898	0.81042	0	
1243840	8389.84961	3304698089465	0.48402	0.22418	8389.57520	0.27441	11101	1	0.51354	0.11015	0	0.39480	0.07588	1	0.39480	0.07588	1	0.47583	0.53386	11.87368	1.06646	0	0.47566	0.53402	11.68105	1.06646	1	-0.00593	-0.00950	0.67046	0.00229	1	-0.00593	-0.00950	0.67046	0.00234	1	1.45898	0.81042	0	
1243841	8389.85645	3304698155957	0.46629	0.19752	8389.57520	0.27441	11101	0	0.51354	0.11015	0	0.39480	0.07588	1	0.39480	0.07588	1	0.47583	0.53386	11.87368	1.06646	0	0.47566	0.53402	11.68105	1.06646	1	-0.00593	-0.00950	0.67046	0.00229	1	-0.00593	-0.00950	0.67046	0.00234	1	1.45898	0.81042	0	
1243842	8389.86230	3304698220873	0.42868	0.12425	8389.57520	0.27441	11101	0	0.51354	0.11015	0	0.39107	0.05098	1	0.39107	0.05098	1	0.47583	0.53386	11.87368	1.06646	0	0.47572	0.53409	11.54217	1.06646	1	-0.00593	-0.00950	0.67046	0.00229	1	-0.00593	-0.00950	0.67046	0.00243	1	1.45898	0.81042	0	
1243843	8389.86914	3304698290374	0.41774	0.10615	8389.57520	0.27441	11101	0	0.51354	0.11015	0	0.39586	0.06995	1	0.39586	0.06995	1	0.47583	0.53386	11.87368	1.06646	0	0.47568	0.53412	11.44128	1.06646	1	-0.00593	-0.00950	0.67046	0.00229	1	-0.00593	-0.00950	0.67046	0.00244	1	1.45898	0.81042	0	
1243844	8389.87598	3304698357400	0.39426	0.06363	8389.57520	0.27441	11101	0	0.51354	0.11015	0	0.39586	0.06995	1	0.39586	0.06995	1	0.47583	0.53386	11.87368	1.06646	0	0.47583	0.53406	11.64440	1.06646	1	-0.00593	-0.00950	0.67046	0.00229	1	-0.00603	-0.00961	0.68150	0.00233	1	1.45898	0.81042	0	
1243845	8389.88281	3304698421978	0.39457	0.06302	8389.57520	0.27441	11101	0	0.51354	0.11015	0	0.39487	0.06241	1	0.39487	0.06241	1	0.47583	0.53386	11.87368	1.06646	0	0.47571	0.53402	12.04146	1.06646	1	-0.00593	-0.00950	0.67046	0.00229	1	-0.00603	-0.00961	0.68150	0.00242	1	1.45898	0.81042	0	
1243846	8389.88867	3304698486716	0.38676	0.06188	8389.57520	0.27441	11101	0	0.51354	0.11015	0	0.37116	0.05961	1	0.37116	0.05961	1	0.47583	0.53386	11.87368	1.06646	0	0.47570	0.53397	11.63968	1.06646	1	-0.00593	-0.00950	0.67046	0.00229	1	-0.00603	-0.00961	0.68150	0.00232	1	1.45898	0.81042	0	
1243847	8389.89648	3304698558165	0.38286	0.06131	8389.87598	0.02051	11102	1	0.51354	0.11015	0	0.37116	0.05961	1	0.37116	0.05961	1	0.47583	0.53386	11.87368	1.06646	0	0.47573	0.53395	11.57804	1.06646	1	-0.00593	-0.00950	0.67046	0.00229	1	-0.00593	-0.00950	0.67046	0.00237	1	1.45898	0.81042	0	
1243848	8389.90332	3304698625156	0.40200	0.09261	8389.87598	0.02734	11102	1	0.49824	0.09682	1	0.45889	0.33872	1	0.47856	0.21777	1	0.47592	0.53380	11.89821	1.06646	1	0.73905	0.56040	12.53826	1.06646	1	-0.00593	-0.00950	0.67046	0.00242	1	-0.00593	-0.00950	0.67046	0.00381	1	1.45898	0.81042	0	
1243849	8389.90918	3304698690800	0.41544	0.11407	8389.87598	0.03320	11102	1	0.50269	0.11632	1	0.46259	0.32643	1	0.48264	0.22137	1	0.47594	0.53407	11.96954	1.06646	1	0.73912	0.56035	12.69524	1.06646	1	-0.00593	-0.00950	0.67046	0.00239	1	-0.00593	-0.00950	0.67046	0.00378	1	1.45898	0.81042	0	
1243850	8389.91602	3304698754807	0.42504	0.12940	8389.87598	0.04004	11102	1	0.50269	0.11632	1	0.46259	0.32643	1	0.48264	0.22137	1	0.47598	0.53413	11.74013	1.06646	1	0.73914	0.56043	12.70792	1.06646	1	-0.00587	-0.00957	0.67537	0.00241	1	0.06261	-0.01466	0.68326	0.00374	1	1.45898	0.81042	0	
1243851	8389.92285	3304698823129	0.43288	0.13583	8389.87598	0.04688	11102	1	0.50081	0.12087	1	0.47472	0.24084	1	0.48776	0.18085	1	0.47598	0.53413	11.74013	1.06646	1	0.73925	0.55991	12.35997	1.06646	1	-0.00587	-0.00957	0.67537	0.00241	1	0.06261	-0.01466	0.68326	0.00401	1	1.45898	0.81042	0	
1243852	8389.92871	3304698886253	0.43843	0.14241	8389.87598	0.05273	11102	1	0.50595	0.12699	1	0.45963	0.26321	1	0.48279	0.19510	1	0.47598	0.53413	11.74599	1.06646	1	0.73896	0.56032	12.59645	1.06646	1	-0.00587	-0.00957	0.67537	0.00242	1	0.06261	-0.01466	0.68326	0.00373	1	1.45898	0.81042	0	
1243853	8389.93652	3304698960130	0.44286	0.14768	8389.87598	0.06055	11102	1	0.50595	0.12699	1	0.45963	0.26321	1	0.48279	0.19510	1	0.47603	0.53405	11.85665	1.06646	1	0.73921	0.56052	12.72941	1.06646	1	-0.00587	-0.00957	0.67538	0.00242	1	0.06261	-0.01466	0.68326	0.00384	1	1.45898	0.81042	0	
1243854	8389.94336	3304699027080	0.44670	0.14933	8389.87598	0.06738	11102	1	0.49652	0.10766	1	0.47356	0.22403	1	0.48504	0.16585	1	0.47594	0.53387	12.35371	1.06646	1	0.73923	0.55958	12.25966	1.06646	1	-0.00587	-0.00957	0.67538	0.00241	1	0.06261	-0.01466	0.68326	0.00425	1	1.45898	0.81042	0	
1243855	8389.95020	3304699094047	0.45040	0.15209	8389.87598	0.07422	11102	1	0.50071	0.13126	1	0.48156	0.23367	1	0.49113	0.18246	1	0.47604	0.53416	11.73340	1.06646	1	0.73932	0.55973	12.06436	1.06646	1	-0.00587	-0.00957	0.67538	0.00237	1	0.06261	-0.01466	0.68326	0.00442	1	1.45898	0.81042	0	
1243856	8389.95703	3304699161477	0.45356	0.15501	8389.87598	0.08105	11102	1	0.50169	0.13916	1	0.48121	0.24095	1	0.49145	0.19005	1	0.47589	0.53415	11.73166	1.05844	1	0.73933	0.56014	12.24916	1.05844	1	-0.00573	-0.00943	0.66498	0.00240	1	0.06261	-0.01466	0.68326	0.00431	1	1.45898	0.81042	0	
1243857	8389.96289	3304699228131	0.45599	0.15849	8389.87598	0.08691	11102	1	0.50088	0.13548	1	0.47422	0.27185	1	0.48755	0.20366	1	0.47598	0.53413	11.74013	1.05043	1	0.73926	0.56007	12.89059	1.05043	1	-0.00573	-0.00943	0.66498	0.00241	1	0.06261	-0.01466	0.68326	0.00401	1	1.45898	0.81042	0	
1243858	8389.96973	3304699294613	0.47598	0.18997	8389.87598	0.08691	11102	0	0.50001	0.14208	1	0.47649	0.35073	1	0.48825	0.24641	1	0.47595	0.53413	11.75867	1.04241	1	0.73934	0.56082	12.57613	1.04241	1	-0.00573	-0.00943	0.66498	0.00240	1	0.06261	-0.01466	0.68326	0.00379	1	1.45898	0.81042	0	
1243859	8389.97656	3304699361318	0.48212	0.21819	8389.87598	0.08691	11102	0	0.50001	0.14208	1	0.47649	0.35073	1	0.48825	0.24641	1	0.47601	0.53415	11.73267	1.04241	1	0.73940	0.55977	12.18592	1.04241	1	-0.00579	-0.00966	0.67783	0.00243	1	0.06145	-0.01444	0.67062	0.00424	1	1.45898	0.81042	0	
1243860	8389.98340	3304699428625	0.48781	0.22018	8389.87598	0.08691	11102	0	0.50563	0.13576	1	0.49280	0.31258	1	0.49921	0.22417	1	0.47588	0.53410	11.72866	1.05043	1	0.73960	0.56048	12.74180	1.05043	1	-0.00579	-0.00966	0.67783	0.00250	1	0.06145	-0.01444	0.67062	0.00405	1	1.45898	0.81042	0	
1243861	8389.99023	3304699495923	0.48925	0.21141	8389.96973	0.02051	11103	1	0.49360	0.13899	1	0.49350	0.23120	1	0.49355	0.18509	1	0.47586	0.53420	11.70115	1.05844	1	0.73955	0.55945	12.71381	1.05844	1	-0.00579	-0.00966	0.67783	0.00248	1	0.06145	-0.01444	0.67062	0.00411	1	1.45898	0.81042	0	
1243862	8389.99707	3304699562924	0.49005	0.20462	8389.96973	0.02734	11103	1	0.49257	0.13108	1	0.49393	0.22384	1	0.49325	0.17746	1	0.47581	0.53419	11.73662	1.06646	1	0.73935	0.56050	12.40407	1.06646	1	-0.00579	-0.00966	0.67783	0.00246	1	0.06261	-0.01476	0.68326	0.00401	1	1.45898	0.81042	0	
1243863	8390.00391	3304699630033	0.47145	0.18134	8389.96973	0.03418	11103	1	0.49257	0.13108	0	0.37845	0.06497	1	0.37845	0.06497	1	0.47581	0.53419	11.73662	1.06646	0	0.47591	0.53412	11.77186	1.06646	1	-0.00579	-0.00966	0.67783	0.00246	1	0.06261	-0.01476	0.68326	0.00251	1	1.45898	0.81042	0	
1243864	8390.00977	3304699696489	0.46050	0.16501	8389.96973	0.04004	11103	1	0.49257	0.13108	0	0.39483	0.06701	1	0.39483	0.06701	1	0.47581	0.53419	11.73662	1.06646	0	0.47602	0.53408	11.93595	1.06646	1	-0.00579	-0.00966	0.67783	0.00246	1	0.06261	-0.01476	0.68326	0.00240	1	1.45898	0.81042	0	
1243865	8390.01660	3304699763824	0.45229	0.15276	8389.96973	0.04688	11103	1	0.49257	0.13108	0	0.39483	0.06701	1	0.39483	0.06701	1	0.47581	0.53419	11.73662	1.06646	0	0.47600	0.53412	11.99955	1.06646	1	-0.00579	-0.00966	0.67783	0.00246	1	-0.00579	-0.00966	0.67783	0.00239	1	1.45898	0.81042	0	
1243866	8390.02344	3304699830810	0.44502	0.14291	8389.96973	0.05371	11103	1	0.49257	0.13108	0	0.38679	0.06411	1	0.38679	0.06411	1	0.47581	0.53419	11.73662	1.06646	0	0.47605	0.53409	11.87552	1.06646	1	-0.00579	-0.00966	0.67783	0.00246	1	-0.00579	-0.00966	0.67783	0.00243	1	1.45898	0.81042	0	
1243867	8390.03027	3304699897877	0.43798	0.13527	8389.96973	0.06055	11103	1	0.49257	0.13108	0	0.37463	0.06652	1	0.37463	0.06652	1	0.47581	0.53419	11.73662	1.06646	0	0.47606	0.53412	11.93686	1.06646	1	-0.00579	-0.00966	0.67783	0.00246	1	-0.00579	-0.00966	0.67783	0.00244	1	1.45898	0.81042	0	
1243868	8390.03711	3304699964823	0.43222	0.12902	8389.96973	0.06738	11103	1	0.49257	0.13108	0	0.37463	0.06652	1	0.37463	0.06652	1	0.47581	0.53419	11.73662	1.06646	0	0.47607	0.53412	11.93469	1.06646	1	-0.00579	-0.00966	0.67783	0.00246	1	-0.00576	-0.00955	0.67357	0.00243	1	1.45898	0.81042	0	
1243869	8390.04395	3304700031658	0.42748	0.12356	8389.96973	0.07422	11103	1	0.49257	0.13108	0	0.37537	0.06347	1	0.37537	0.06347	1	0.47581	0.53419	11.73662	1.06646	0	0.47608	0.53408	11.89729	1.06646	1	-0.00579	-0.00966	0.67783	0.00246	1	-0.00576	-0.00955	0.67357	0.00244	1	1.45898	0.81042	0	
1243870	8390.05078	3304700098785	0.42307	0.11861	8389.96973	0.08105	11103	1	0.49257	0.13108	0	0.37017	0.05929	1	0.37017	0.05929	1	0.47581	0.53419	11.73662	1.06646	0	0.47611	0.53407	11.94424	1.06646	1	-0.00579	-0.00966	0.67783	0.00246	1	-0.00576	-0.00955	0.67357	0.00247	1	1.45898	0.81042	0	
1243871	8390.05664	3304700165340	0.41929	0.11438	8389.96973	0.08691	11103	1	0.49257	0.13108	0	0.37017	0.05929	1	0.37017	0.05929	1	0.47581	0.53419	11.73662	1.06646	0	0.47625	0.53391	12.20104	1.06646	1	-0.00579	-0.00966	0.67783	0.00246	1	-0.00576	-0.00955	0.67357	0.00239	1	1.45898	0.81042	0	
1243872	8390.06348	3304700232620	0.39830	0.08417	8389.96973	0.08691	11103	0	0.49257	0.13108	0	0.37291	0.06927	1	0.37291	0.06927	1	0.47581	0.53419	11.73662	1.06646	0	0.47617	0.53407	11.97858	1.06646	1	-0.00579	-0.00966	0.67783	0.00246	1	-0.00576	-0.00955	0.67357	0.00248	1	1.45898	0.81042	0	
1243873	8390.07031	3304700300344	0.44234	0.19150	8389.96973	0.08691	11103	0	0.51064	0.26030	1	0.46210	0.33736	1	0.48637	0.29883	1	0.47642	0.53553	12.06865	1.06646	1	0.73952	0.56100	13.26706	1.06646	1	-0.00579	-0.00966	0.67783	0.00392	1	-0.00576	-0.00955	0.67357	0.00407	1	1.45898	0.81042	0	
1243874	8390.07715	3304700366183	0.45698	0.22831	8389.96973	0.08691	11103	0	0.51064	0.26030	1	0.46191	0.34356	1	0.48628	0.30193	1	0.47642	0.53412	12.09735	1.06646	1	0.73969	0.55987	12.65059	1.05880	1	-0.00576	-0.00955	0.67357	0.00243	1	0.05999	-0.01411	0.65312	0.00441	1	1.45898	0.81042	0	
1243875	8390.08398	3304700433287	0.49042	0.25500	8389.96973	0.08691	11103	0	0.51944	0.12411	1	0.47777	0.20436	1	0.49860	0.16424	1	0.47657	0.53412	12.13282	1.05880	1	0.73967	0.55972	12.83158	1.05114	1	-0.00576	-0.00955	0.67357	0.00247	1	0.05999	-0.01411	0.65312	0.00449	1	1.45898	0.81042	0	
1243876	8390.09082	3304700500223	0.48592	0.23800	8389.96973	0.08691	11103	0	0.51493	0.14508	1	0.44793	0.29691	1	0.48143	0.22100	1	0.47649	0.53414	12.17112	1.05114	1	0.73920	0.56079	13.36046	1.04348	1	-0.00576	-0.00955	0.67357	0.00242	1	0.05999	-0.01411	0.65312	0.00444	1	1.45898	0.81042	0	
1243877	8390.09766	3304700567854	0.48457	0.23359	8389.96973	0.08691	11103	0	0.51579	0.15263	1	0.44793	0.29691	1	0.48186	0.22477	1	0.47651	0.53401	11.85941	1.04348	1	0.73961	0.56066	12.69373	1.04348	1	-0.00584	-0.00964	0.68361	0.00246	1	0.06277	-0.01475	0.68285	0.00433	1	1.45898	0.81042	0	
1243878	8390.10352	3304700633752	0.48721	0.22182	8390.08398	0.01953	11104	1	0.51735	0.13649	1	0.47291	0.23651	1	0.49513	0.18650	1	0.47656	0.53409	12.05027	1.04348	1	0.73959	0.55987	12.54838	1.05114	1	-0.00584	-0.00964	0.68361	0.00247	1	0.06277	-0.01475	0.68285	0.00444	1	1.45898	0.81042	0	
1243879	8390.11035	3304700698905	0.48533	0.21924	8390.08398	0.02637	11104	1	0.48768	0.13293	1	0.46796	0.28497	1	0.47782	0.20895	1	0.47656	0.53409	12.05027	1.05114	1	0.73956	0.56093	12.81303	1.05880	1	-0.00584	-0.00964	0.68361	0.00247	1	0.06277	-0.01475	0.68285	0.00431	1	1.45898	0.81042	0	
1243880	8390.11719	3304700764662	0.48408	0.21758	8390.08398	0.03320	11104	1	0.48772	0.13329	1	0.46795	0.28527	1	0.47784	0.20928	1	0.47673	0.53390	12.05789	1.05078	1	0.73961	0.56082	13.08736	1.05844	1	-0.00567	-0.00943	0.66876	0.00257	1	0.06158	-0.01442	0.66985	0.00422	1	1.45898	0.81042	0	
1243881	8390.12402	3304700831963	0.48497	0.21317	8390.08398	0.04004	11104	1	0.50051	0.15226	1	0.48007	0.22119	1	0.49029	0.18673	1	0.47662	0.53376	12.48275	1.05043	1	0.73970	0.55980	12.37790	1.05043	1	-0.00567	-0.00943	0.66876	0.00246	1	0.06158	-0.01442	0.66985	0.00449	1	1.45898	0.81042	0	
1243882	8390.13086	3304700899586	0.48643	0.20992	8390.08398	0.04688	11104	1	0.50590	0.12323	1	0.48745	0.25107	1	0.49667	0.18715	1	0.47671	0.53390	12.19516	1.04241	1	0.73978	0.56012	12.57813	1.04241	1	-0.00567	-0.00943	0.66876	0.00245	1	0.06158	-0.01442	0.66985	0.00436	1	1.45898	0.81042	0	
1243883	8390.13672	3304700964816	0.48757	0.20739	8390.08398	0.05273	11104	1	0.50590	0.12323	1	0.48745	0.25107	1	0.49667	0.18715	1	0.47721	0.53639	12.39709	1.04241	1	0.73966	0.56071	12.95083	1.04241	1	-0.00566	-0.00951	0.67442	0.00381	1	0.06277	-0.01475	0.68285	0.00428	1	1.45898	0.81042	0	
1243884	8390.14355	3304701032365	0.48644	0.20865	8390.08398	0.05957	11104	1	0.50209	0.15992	1	0.45047	0.28012	1	0.47628	0.22002	1	0.47670	0.53391	12.19633	1.05043	1	0.73969	0.56082	12.81145	1.05043	1	-0.00566	-0.00951	0.67442	0.00245	1	0.06277	-0.01475	0.68285	0.00423	1	1.45898	0.81042	0	
1243885	8390.15039	3304701102713	0.48636	0.20655	8390.08398	0.06641	11104	1	0.50348	0.14894	1	0.46771	0.22216	1	0.48560	0.18555	1	0.47665	0.53387	12.15085	1.05844	1	0.73987	0.56008	12.59458	1.05844	1	-0.00566	-0.00951	0.67442	0.00241	1	0.06277	-0.01475	0.68285	0.00427	1	1.45898	0.81042	0	
1243886	8390.15723	3304701167340	0.48630	0.20480	8390.08398	0.07324	11104	1	0.50348	0.14894	1	0.46771	0.22216	1	0.48560	0.18555	1	0.47676	0.53392	12.20595	1.05844	1	0.74002	0.56063	13.19426	1.05844	1	-0.00556	-0.00943	0.66847	0.00240	1	0.06277	-0.01475	0.68285	0.00416	1	1.45898	0.81042	0	
1243887	8390.16406	3304701232784	0.48589	0.20489	8390.08398	0.08008	11104	1	0.51072	0.10493	1	0.45125	0.30687	1	0.48099	0.20590	1	0.47680	0.53363	12.54777	1.05043	1	0.73970	0.56079	12.97840	1.05043	1	-0.00556	-0.00943	0.66847	0.00246	1	0.06277	-0.01475	0.68285	0.00416	1	1.45898	0.81042	0	
1243888	8390.17090	3304701304389	0.48608	0.20616	8390.08398	0.08691	11104	1	0.50579	0.12039	1	0.47124	0.32503	1	0.48852	0.22271	1	0.47673	0.53382	12.25868	1.04241	1	0.73999	0.56093	12.57812	1.04241	1	-0.00556	-0.00943	0.66847	0.00240	1	0.06277	-0.01475	0.68285	0.00414	1	1.45898	0.81042	0	
1243889	8390.17773	3304701371564	0.48624	0.20726	8390.08398	0.09375	11104	1	0.50579	0.12039	1	0.47124	0.32503	1	0.48852	0.22271	1	0.47693	0.53377	12.31818	1.04241	1	0.74007	0.56091	12.46842	1.04241	1	-0.00561	-0.00960	0.68055	0.00250	1	0.06277	-0.01475	0.68285	0.00425	1	1.45898	0.81042	0	
1243890	8390.18457	3304701438160	0.48612	0.20883	8390.08398	0.10059	11104	1	0.51096	0.16776	1	0.45773	0.29683	1	0.48434	0.23230	1	0.47685	0.53384	12.39274	1.05043	1	0.73983	0.56077	12.86308	1.05043	1	-0.00561	-0.00960	0.68055	0.00244	1	0.06277	-0.01475	0.68285	0.00424	1	1.45898	0.81042	0	
1243891	8390.19141	3304701505393	0.48708	0.21326	8390.08398	0.10742	11104	1	0.52694	0.26660	1	0.47781	0.30184	1	0.50237	0.28422	1	0.47709	0.53530	11.82826	1.05844	1	0.74009	0.56116	12.90040	1.05844	1	-0.00561	-0.00960	0.68055	0.00407	1	0.06277	-0.01475	0.68285	0.00405	1	1.45898	0.81042	0	
1243892	8390.19824	3304701572799	0.48793	0.21720	8390.08398	0.11426	11104	1	0.52694	0.26660	1	0.47781	0.30184	1	0.50237	0.28422	1	0.47709	0.53528	11.90175	1.05844	1	0.74052	0.56122	12.69792	1.05844	1	-0.00556	-0.00943	0.66847	0.00404	1	0.06277	-0.01475	0.68285	0.00419	1	1.45898	0.81042	0	
1243893	8390.20410	3304701639379	0.48823	0.21771	8390.08398	0.12012	11104	1	0.49275	0.11538	1	0.49450	0.33818	1	0.49362	0.22678	1	0.47693	0.53387	12.25187	1.05043	1	0.74041	0.56124	13.09870	1.05043	1	-0.00556	-0.00943	0.66847	0.00248	1	0.06277	-0.01475	0.68285	0.00406	1	1.45898	0.81042	0	
1243894	8390.21094	3304701706344	0.48833	0.21858	8390.08398	0.12695	11104	1	0.49890	0.12621	1	0.48166	0.34389	1	0.49028	0.23505	1	0.47689	0.53381	12.25322	1.04241	1	0.74020	0.56116	13.24201	1.04241	1	-0.00556	-0.00943	0.66847	0.00248	1	0.06277	-0.01475	0.68285	0.00397	1	1.45898	0.81042	0	
1243895	8390.21777	3304701773712	0.48842	0.21951	8390.08398	0.13379	11104	1	0.49890	0.12621	1	0.48132	0.35019	1	0.49011	0.23820	1	0.47686	0.53389	12.09338	1.04241	1	0.74029	0.56129	13.53478	1.03475	1	-0.00561	-0.00960	0.68055	0.00248	1	0.06067	-0.01424	0.65948	0.00394	1	1.45898	0.81042	0	
1243896	8390.22461	3304701840700	0.48874	0.22438	8390.08398	0.14062	11104	1	0.52067	0.30316	1	0.47031	0.34994	1	0.49549	0.32655	1	0.47720	0.53598	12.30923	1.04277	1	0.74001	0.56135	13.14580	1.03511	1	-0.00561	-0.00960	0.68055	0.00389	1	0.06067	-0.01424	0.65948	0.00403	1	1.45898	0.81042	0	
1243897	8390.23145	3304701907426	0.48973	0.22887	8390.08398	0.14746	11104	1	0.53988	0.28328	1	0.48315	0.37197	1	0.51151	0.32763	1	0.47720	0.53582	12.14499	1.04312	1	0.74027	0.56146	13.75443	1.03546	1	-0.00561	-0.00960	0.68055	0.00387	1	0.06067	-0.01424	0.65948	0.00395	1	1.45898	0.81042	0	
1243898	8390.23828	3304701974078	0.49498	0.26088	8390.08398	0.14746	11104	0	0.53984	0.28298	1	0.48351	0.36555	1	0.51168	0.32426	1	0.47710	0.53572	12.10170	1.04348	1	0.74033	0.56141	13.64723	1.04348	1	-0.00561	-0.00960	0.68055	0.00394	1	0.06158	-0.01452	0.66985	0.00397	1	1.45898	0.81042	0	
1243899	8390.24512	3304702041807	0.49503	0.29296	8390.08398	0.14746	11104	0	0.50991	0.29768	1	0.48023	0.35240	1	0.49507	0.32504	1	0.47712	0.53577	12.09238	1.04348	1	0.74018	0.56136	13.68907	1.05114	1	-0.00561	-0.00960	0.68055	0.00399	1	0.06158	-0.01452	0.66985	0.00398	1	1.45898	0.81042	0	
1243900	8390.25098	3304702108454	0.49475	0.31038	8390.08398	0.14746	11104	0	0.51194	0.31827	1	0.47646	0.37221	1	0.49420	0.34524	1	0.47714	0.53570	12.28842	1.05114	1	0.74016	0.56169	14.25887	1.05880	1	-0.00561	-0.00960	0.68055	0.00389	1	0.06158	-0.01452	0.66985	0.00388	1	1.45898	0.81042	0	
1243901	8390.25781	3304702175194	0.49447	0.31898	8390.23828	0.01953	11105	1	0.51105	0.31198	1	0.47620	0.37754	1	0.49363	0.34476	1	0.47726	0.53386	12.61918	1.05880	1	0.74042	0.56145	13.09738	1.05199	1	-0.00561	-0.00960	0.68055	0.00252	1	0.05741	-0.01352	0.62358	0.00388	1	1.45898	0.81042	0	
1243902	8390.26465	3304702241986	0.49310	0.31240	8390.23828	0.02637	11105	1	0.50448	0.23040	1	0.47078	0.34173	1	0.48763	0.28606	1	0.47712	0.53522	12.00942	1.05199	1	0.74038	0.56131	13.34503	1.03752	1	-0.00561	-0.00960	0.68055	0.00411	1	0.05741	-0.01352	0.62358	0.00394	1	1.45898	0.81042	0	
1243903	8390.27148	3304702309767	0.49267	0.30147	8390.23828	0.03320	11105	1	0.51202	0.14574	1	0.46899	0.34799	1	0.49050	0.24687	1	0.47722	0.53378	12.38671	1.03752	1	0.74029	0.56121	13.29796	1.02306	1	-0.00561	-0.00960	0.68055	0.00252	1	0.05741	-0.01352	0.62358	0.00398	1	1.45898	0.81042	0	
1243904	8390.27832	3304702376690	0.49246	0.29516	8390.23828	0.04004	11105	1	0.51371	0.16018	1	0.46874	0.35438	1	0.49122	0.25728	1	0.47717	0.53602	12.77753	1.02306	1	0.74038	0.56050	13.10438	1.01540	1	-0.00561	-0.00960	0.68055	0.00387	1	0.06007	-0.01413	0.65193	0.00429	1	1.45898	0.81042	0	
1243905	8390.28516	3304702443094	0.49330	0.30104	8390.23828	0.04688	11105	1	0.52672	0.30448	1	0.47158	0.37992	1	0.49915	0.34220	1	0.47730	0.53529	12.46449	1.01540	1	0.74047	0.56147	13.24458	1.02221	1	-0.00561	-0.00960	0.68055	0.00408	1	0.06007	-0.01413	0.65193	0.00391	1	1.45898	0.81042	0	
1243906	8390.29199	3304702510250	0.49460	0.30583	8390.23828	0.05371	11105	1	0.53803	0.34944	1	0.47207	0.33885	1	0.50505	0.34415	1	0.47755	0.53584	13.00275	1.02221	1	0.74040	0.56106	13.35395	1.02901	1	-0.00561	-0.00960	0.68055	0.00403	1	0.06007	-0.01413	0.65193	0.00403	1	1.45898	0.81042	0	
1243907	8390.29785	3304702576981	0.49563	0.30910	8390.23828	0.05957	11105	1	0.53737	0.34392	1	0.47231	0.33314	1	0.50484	0.33853	1	0.47743	0.53528	12.78740	1.02901	1	0.74041	0.56161	13.28505	1.03582	1	-0.00561	-0.00960	0.68055	0.00402	1	0.06007	-0.01413	0.65193	0.00394	1	1.45898	0.81042	0	
1243908	8390.30469	3304702643989	0.49715	0.31208	8390.23828	0.06641	11105	1	0.55634	0.34470	1	0.46849	0.33905	1	0.51242	0.34188	1	0.47783	0.53606	13.33676	1.03582	1	0.74036	0.56105	13.32337	1.03582	1	-0.00561	-0.00960	0.68055	0.00378	1	0.06007	-0.01413	0.65193	0.00422	1	1.45898	0.81042	0	
1243909	8390.31152	3304702711080	0.49645	0.30750	8390.23828	0.07324	11105	1	0.51423	0.12719	1	0.46328	0.38698	1	0.48876	0.25709	1	0.47725	0.53387	12.62208	1.03582	1	0.74030	0.56159	13.44613	1.03582	1	-0.00561	-0.00960	0.68055	0.00249	1	0.06007	-0.01413	0.65193	0.00394	1	1.45898	0.81042	0	
1243910	8390.31836	3304702778056	0.49586	0.30362	8390.23828	0.08008	11105	1	0.51423	0.12719	1	0.46328	0.38698	1	0.48876	0.25709	1	0.47717	0.53385	12.66031	1.03582	1	0.74030	0.56159	13.44613	1.03582	1	-0.00561	-0.00960	0.68055	0.00257	1	0.06152	-0.01452	0.66762	0.00394	1	1.45898	0.81042	0	
1243911	8390.32422	3304702840293	0.49573	0.30661	8390.23828	0.08594	11105	1	0.52250	0.36698	1	0.46566	0.32406	1	0.49408	0.34552	1	0.47725	0.53609	12.40875	1.03582	1	0.74032	0.56147	13.42828	1.03582	1	-0.00561	-0.00960	0.68055	0.00379	1	0.06152	-0.01452	0.66762	0.00393	1	1.45898	0.81042	0	
1243912	8390.33203	3304702912191	0.49517	0.30759	8390.23828	0.09375	11105	1	0.51024	0.27378	1	0.46427	0.36877	1	0.48725	0.32128	1	0.47724	0.53542	12.56676	1.03582	1	0.74032	0.56147	13.42828	1.03582	1	-0.00561	-0.00960	0.68055	0.00389	1	0.06152	-0.01452	0.66762	0.00393	1	1.45898	0.81042	0	
1243913	8390.33887	3304702979014	0.49468	0.30825	8390.23828	0.10059	11105	1	0.51024	0.27378	1	0.46448	0.36261	1	0.48736	0.31820	1	0.47705	0.53452	11.95794	1.03582	1	0.74032	0.56147	13.42828	1.04348	1	-0.00561	-0.00960	0.68055	0.00426	1	0.06224	-0.01468	0.67487	0.00393	1	1.45898	0.81042	0	
1243914	8390.34473	3304703046001	0.49456	0.30697	8390.23828	0.10645	11105	1	0.52346	0.22279	1	0.46187	0.34999	1	0.49267	0.28639	1	0.47738	0.53417	12.58563	1.04348	1	0.74028	0.56143	13.39925	1.05114	1	-0.00561	-0.00960	0.68055	0.00431	1	0.06224	-0.01468	0.67487	0.00396	1	1.45898	0.81042	0	
1243915	8390.35156	3304703112809	0.49364	0.30929	8390.23828	0.11328	11105	1	0.50553	0.33955	1	0.45048	0.35804	1	0.47800	0.34879	1	0.47711	0.53593	12.47034	1.05114	1	0.74008	0.56148	13.21265	1.05880	1	-0.00561	-0.00960	0.68055	0.00367	1	0.06224	-0.01468	0.67487	0.00403	1	1.45898	0.81042	0	
1243916	8390.35840	3304703179764	0.49280	0.31105	8390.23828	0.12012	11105	1	0.50460	0.33341	1	0.45059	0.35196	1	0.47760	0.34268	1	0.47761	0.53583	12.84276	1.05880	1	0.74045	0.56142	13.81712	1.06646	1	-0.00561	-0.00960	0.68055	0.00365	1	0.06224	-0.01468	0.67487	0.00394	1	1.45898	0.81042	0	
1243917	8390.36523	3304703247128	0.49279	0.31181	8390.23828	0.12695	11105	1	0.50839	0.31873	1	0.47690	0.33404	1	0.49265	0.32639	1	0.47742	0.53578	13.01900	1.06646	1	0.74057	0.56141	14.01891	1.06646	1	-0.00561	-0.00960	0.68055	0.00362	1	0.06224	-0.01468	0.67487	0.00391	1	1.45898	0.81042	0	
1243918	8390.37207	3304703313554	0.49289	0.30878	8390.23828	0.13379	11105	1	0.50018	0.19831	1	0.48938	0.29798	1	0.49478	0.24814	1	0.47740	0.53463	12.77584	1.06646	1	0.74063	0.56133	14.00964	1.06646	1	-0.00561	-0.00960	0.68055	0.00407	1	0.06224	-0.01468	0.67487	0.00387	1	1.45898	0.81042	0	
1243919	8390.37891	3304703380903	0.49298	0.30635	8390.23828	0.14062	11105	1	0.50117	0.20571	1	0.48898	0.30478	1	0.49508	0.25524	1	0.47787	0.53585	12.04472	1.05844	1	0.74071	0.56082	13.70914	1.05844	1	-0.00537	-0.00927	0.65732	0.00370	1	0.06224	-0.01468	0.67487	0.00426	1	1.45898	0.81042	0	
1243920	8390.38574	3304703447739	0.49318	0.30431	8390.23828	0.14746	11105	1	0.51711	0.16875	1	0.47790	0.35013	1	0.49750	0.25944	1	0.47779	0.53450	11.80815	1.05043	1	0.74054	0.56142	13.90280	1.05043	1	-0.00537	-0.00927	0.65732	0.00409	1	0.06224	-0.01468	0.67487	0.00393	1	1.45898	0.81042	0	
1243921	8390.39160	3304703514812	0.49398	0.30495	8390.23828	0.15332	11105	1	0.54354	0.28774	1	0.48126	0.35155	1	0.51240	0.31964	1	0.47803	0.53594	12.62068	1.04241	1	0.74058	0.56179	13.94842	1.04241	1	-0.00537	-0.00927	0.65732	0.00368	1	0.06224	-0.01468	0.67487	0.00392	1	1.45898	0.81042	0	
1243922	8390.39844	3304703581860	0.49472	0.30554	8390.23828	0.16016	11105	1	0.54354	0.28774	1	0.48126	0.35155	1	0.51240	0.31964	1	0.47789	0.53586	12.28584	1.04241	1	0.74035	0.56172	13.93546	1.04241	1	-0.00561	-0.00960	0.68055	0.00364	1	0.06224	-0.01468	0.67487	0.00393	1	1.45898	0.81042	0	
1243923	8390.40527	3304703648829	0.49451	0.30421	8390.23828	0.16699	11105	1	0.49566	0.19664	1	0.48306	0.34528	1	0.48936	0.27096	1	0.47738	0.53420	12.57809	1.05043	1	0.74064	0.56179	14.17654	1.05043	1	-0.00561	-0.00960	0.68055	0.00420	1	0.06224	-0.01468	0.67487	0.00390	1	1.45898	0.81042	0	
1243924	8390.41211	3304703715784	0.49425	0.30389	8390.23828	0.17383	11105	1	0.49629	0.26394	1	0.47858	0.32743	1	0.48744	0.29568	1	0.47738	0.53565	12.81697	1.05844	1	0.74055	0.56170	13.95693	1.05844	1	-0.00561	-0.00960	0.68055	0.00370	1	0.06224	-0.01468	0.67487	0.00388	1	1.45898	0.81042	0	
1243925	8390.41895	3304703782333	0.49401	0.30360	8390.23828	0.18066	11105	1	0.49629	0.26394	1	0.47858	0.32743	1	0.48744	0.29568	1	0.47743	0.53620	13.09069	1.05844	1	0.74030	0.56171	13.33489	1.05844	1	-0.00537	-0.00927	0.65732	0.00367	1	0.06224	-0.01468	0.67487	0.00399	1	1.45898	0.81042	0	
1243926	8390.42578	3304703849999	0.49437	0.30134	8390.23828	0.18750	11105	1	0.51824	0.19197	1	0.49101	0.28450	1	0.50463	0.23823	1	0.47734	0.53441	12.66310	1.05043	1	0.74072	0.56123	13.95960	1.05043	1	-0.00537	-0.00927	0.65732	0.00414	1	0.06224	-0.01468	0.67487	0.00415	1	1.45898	0.81042	0	
1243927	8390.43262	3304703916990	0.49445	0.29972	8390.23828	0.19434	11105	1	0.52096	0.17318	1	0.47267	0.33211	1	0.49681	0.25264	1	0.47739	0.53455	12.68434	1.04241	1	0.74040	0.56170	13.51653	1.04241	1	-0.00537	-0.00927	0.65732	0.00408	1	0.06224	-0.01468	0.67487	0.00396	1	1.45898	0.81042	0	
1243928	8390.43848	3304703983805	0.49453	0.29820	8390.23828	0.20020	11105	1	0.52096	0.17318	1	0.47267	0.33211	1	0.49681	0.25264	1	0.47748	0.53577	12.94149	1.04241	1	0.74012	0.56143	13.14120	1.04241	1	-0.00561	-0.00960	0.68055	0.00364	1	0.06224	-0.01468	0.67487	0.00402	1	1.45898	0.81042	0	
1243929	8390.44531	3304704050846	0.49448	0.29847	8390.23828	0.20703	11105	1	0.52919	0.26163	1	0.45694	0.35215	1	0.49306	0.30689	1	0.47745	0.53566	12.89629	1.05043	1	0.74016	0.56135	13.16169	1.05043	1	-0.00561	-0.00960	0.68055	0.00367	1	0.06224	-0.01468	0.67487	0.00399	1	1.45898	0.81042	0	
1243930	8390.45215	3304704117697	0.49463	0.29857	8390.23828	0.21387	11105	1	0.54460	0.26110	1	0.45396	0.34234	1	0.49928	0.30172	1	0.47766	0.53568	13.18098	1.05844	1	0.74013	0.56145	13.23282	1.05844	1	-0.00561	-0.00960	0.68055	0.00403	1	0.06224	-0.01468	0.67487	0.00398	1	1.45898	0.81042	0	
1243931	8390.45898	3304704184222	0.49476	0.29847	8390.23828	0.22070	11105	1	0.54389	0.25414	1	0.45410	0.33584	1	0.49900	0.29499	1	0.47776	0.53555	12.58166	1.06646	1	0.74016	0.56135	13.16169	1.06646	1	-0.00556	-0.00956	0.67423	0.00426	1	0.06224	-0.01468	0.67487	0.00400	1	1.45898	0.81042	0	
1243932	8390.46484	3304704247676	0.49458	0.29781	8390.23828	0.22656	11105	1	0.51310	0.25752	1	0.46365	0.29372	1	0.48838	0.27562	1	0.47715	0.53555	11.96257	1.06646	1	0.74026	0.56141	13.16304	1.06646	1	-0.00556	-0.00956	0.67423	0.00424	1	0.06224	-0.01468	0.67487	0.00396	1	1.45898	0.81042	0	
1243933	8390.47266	3304704319172	0.49466	0.29743	8390.23828	0.23438	11105	1	0.50240	0.20820	1	0.49294	0.35961	1	0.49767	0.28390	1	0.47707	0.53511	11.82915	1.06646	1	0.74051	0.56157	13.50904	1.06646	1	-0.00556	-0.00956	0.67423	0.00407	1	0.06224	-0.01468	0.67487	0.00385	1	1.45898	0.81042	0	
1243934	8390.47949	3304704385867	0.49473	0.29722	8390.23828	0.24121	11105	1	0.50240	0.20820	1	0.49217	0.37105	1	0.49729	0.28962	1	0.47742	0.53605	13.01972	1.06646	1	0.74038	0.56134	13.48487	1.05199	1	-0.00556	-0.00956	0.67423	0.00378	1	0.05907	-0.01395	0.64156	0.00399	1	1.45898	0.81042	0	
1243935	8390.48535	3304704453386	0.49497	0.29776	8390.23828	0.24707	11105	1	0.51598	0.31186	1	0.49139	0.32408	1	0.50369	0.31797	1	0.47720	0.53616	12.63562	1.05199	1	0.74038	0.56150	13.59217	1.03752	1	-0.00556	-0.00956	0.67423	0.00391	1	0.05907	-0.01395	0.64156	0.00394	1	1.45898	0.81042	0	
1243936	8390.49219	3304704519368	0.49502	0.29799	8390.23828	0.25391	11105	1	0.50981	0.29166	1	0.48382	0.32145	1	0.49682	0.30655	1	0.47704	0.53580	12.27076	1.03752	1	0.74028	0.56136	13.43388	1.02306	1	-0.00556	-0.00956	0.67423	0.00409	1	0.05907	-0.01395	0.64156	0.00391	1	1.45898	0.81042	0	
1243937	8390.49902	3304704586494	0.49507	0.29851	8390.23828	0.26074	11105	1	0.51154	0.30406	1	0.48314	0.33391	1	0.49734	0.31898	1	0.47721	0.53603	12.34209	1.02306	1	0.74024	0.56122	13.45671	1.00859	1	-0.00561	-0.00970	0.68055	0.00398	1	0.05907	-0.01395	0.64156	0.00393	1	1.45898	0.81042	0	
1243938	8390.50586	3304704650295	0.49494	0.30013	8390.23828	0.26758	11105	1	0.51626	0.36997	1	0.46257	0.35989	1	0.48942	0.36493	1	0.47707	0.53632	11.77696	1.00859	1	0.73992	0.56157	14.02083	1.00859	1	-0.00561	-0.00970	0.68055	0.00391	1	0.05907	-0.01395	0.64156	0.00398	1	1.45898	0.81042	0	
1243939	8390.51172	3304704715785	0.49508	0.30135	8390.23828	0.27344	11105	1	0.51481	0.31875	1	0.48708	0.38354	1	0.50094	0.35114	1	0.47709	0.53573	11.98960	1.00859	1	0.74036	0.56177	12.96177	1.00859	1	-0.00561	-0.00970	0.68055	0.00407	1	0.05907	-0.01395	0.64156	0.00407	1	1.45898	0.81042	0	
1243940	8390.51855	3304704784286	0.49522	0.30251	8390.23828	0.28027	11105	1	0.51481	0.31875	1	0.48708	0.38354	1	0.50094	0.35114	1	0.47721	0.53612	12.09442	1.00859	1	0.74038	0.56128	12.98743	1.00859	1	-0.00561	-0.00970	0.68055	0.00369	1	0.05907	-0.01395	0.64156	0.00392	1	1.45898	0.81042	0	
1243941	8390.52539	3304704849775	0.49531	0.30257	8390.23828	0.28711	11105	1	0.50723	0.27947	1	0.49137	0.33134	1	0.49930	0.30540	1	0.47711	0.53574	11.85430	1.00859	1	0.74046	0.56132	13.14783	1.00859	1	-0.00561	-0.00970	0.68055	0.00411	1	0.05907	-0.01395	0.64156	0.00385	1	1.45898	0.81042	0	
1243942	8390.53223	3304704918335	0.49529	0.30367	8390.23828	0.29395	11105	1	0.52240	0.32641	1	0.46703	0.37745	1	0.49471	0.35193	1	0.47718	0.53647	11.88801	1.00859	1	0.74031	0.56191	13.07582	1.00859	1	-0.00561	-0.00970	0.68055	0.00394	1	0.05907	-0.01395	0.64156	0.00401	1	1.45898	0.81042	0	
1243943	8390.53906	3304704986209	0.49529	0.30459	8390.23828	0.30078	11105	1	0.52240	0.32641	1	0.46748	0.36563	1	0.49494	0.34602	1	0.47735	0.53520	12.18717	1.00859	1	0.74039	0.56186	13.13042	1.02306	1	-0.00561	-0.00970	0.68055	0.00423	1	0.06224	-0.01468	0.67487	0.00399	1	1.45898	0.81042	0	
1243944	8390.54590	3304705051919	0.49516	0.30502	8390.23828	0.30762	11105	1	0.50471	0.29375	1	0.47424	0.35569	1	0.48948	0.32472	1	0.47703	0.53609	11.84261	1.02306	1	0.74043	0.56169	12.84631	1.03752	1	-0.00561	-0.00970	0.68055	0.00399	1	0.06224	-0.01468	0.67487	0.00399	1	1.45898	0.81042	0	
1243945	8390.55273	3304705120169	0.49510	0.30473	8390.23828	0.31445	11105	1	0.52821	0.25598	1	0.45571	0.32642	1	0.49196	0.29120	1	0.47745	0.53568	12.36795	1.03752	1	0.74021	0.56174	13.18788	1.05199	1	-0.00561	-0.00970	0.68055	0.00415	1	0.06224	-0.01468	0.67487	0.00401	1	1.45898	0.81042	0	
1243946	8390.55859	3304705184586	0.49502	0.30510	8390.23828	0.32031	11105	1	0.52671	0.24309	1	0.45599	0.31441	1	0.49135	0.27875	1	0.47781	0.53671	13.07095	1.05199	1	0.74002	0.56201	13.18766	1.06646	1	-0.00561	-0.00970	0.68055	0.00403	1	0.06294	-0.01489	0.68245	0.00409	1	1.45898	0.81042	0	
1243947	8390.56543	3304705254016	0.49530	0.30547	8390.23828	0.32715	11105	1	0.52756	0.30069	1	0.48944	0.38431	1	0.50850	0.34250	1	0.47742	0.53665	12.46735	1.06646	1	0.74079	0.56224	13.23221	1.06646	1	-0.00561	-0.00970	0.68055	0.00393	1	0.06294	-0.01489	0.68245	0.00408	1	1.45898	0.81042	0	
1243948	8390.57324	3304705323406	0.49525	0.30503	8390.23828	0.33496	11105	1	0.55094	0.32715	1	0.43269	0.32154	1	0.49182	0.32434	1	0.47778	0.53659	13.09022	1.06646	1	0.74022	0.56218	13.60158	1.06646	1	-0.00561	-0.00970	0.68055	0.00398	1	0.06294	-0.01489	0.68245	0.00404	1	1.45898	0.81042	0	
1243949	8390.57910	3304705390520	0.49543	0.32970	8390.23828	0.33496	11105	0	0.55094	0.32715	1	0.43269	0.32154	1	0.49182	0.32434	1	0.47770	0.53614	12.92649	1.06646	1	0.74000	0.56219	13.22360	1.06646	1	-0.00550	-0.00968	0.67903	0.00401	1	0.06224	-0.01478	0.67487	0.00412	1	1.45898	0.81042	0	
1243950	8390.58594	3304705455608	0.50117	0.31660	8390.23828	0.33496	11105	0	0.57293	0.32490	1	0.44089	0.28211	1	0.50691	0.30350	1	0.47812	0.53640	12.33390	1.06646	1	0.74028	0.56185	13.05066	1.06646	1	-0.00550	-0.00968	0.67903	0.00410	1	0.06224	-0.01478	0.67487	0.00429	1	1.45898	0.81042	0	
1243951	8390.59277	3304705524480	0.50149	0.31012	8390.23828	0.33496	11105	0	0.55156	0.31399	1	0.45267	0.28034	1	0.50211	0.29716	1	0.47784	0.53624	12.80203	1.06646	1	0.74041	0.56187	13.10413	1.06646	1	-0.00550	-0.00968	0.67903	0.00401	1	0.06224	-0.01478	0.67487	0.00394	1	1.45898	0.81042	0	
1243952	8390.59961	3304705591273	0.50164	0.30688	8390.57910	0.02051	11106	1	0.55156	0.31399	1	0.45267	0.28034	1	0.50211	0.29716	1	0.47771	0.53598	12.67544	1.06646	1	0.74082	0.56199	13.78127	1.06646	1	-0.00550	-0.00968	0.67903	0.00404	1	0.06224	-0.01478	0.67487	0.00393	1	1.45898	0.81042	0	
1243953	8390.60645	3304705658010	0.49963	0.30267	8390.57910	0.02734	11106	1	0.51124	0.29635	1	0.47195	0.27528	1	0.49159	0.28582	1	0.47765	0.53673	12.94525	1.06646	1	0.74078	0.56172	13.99339	1.06646	1	-0.00550	-0.00968	0.67903	0.00386	1	0.06224	-0.01478	0.67487	0.00441	1	1.45898	0.81042	0	
1243954	8390.61328	3304705725271	0.49983	0.29597	8390.57910	0.03418	11106	1	0.52054	0.29316	1	0.48114	0.23183	1	0.50084	0.26249	1	0.47769	0.53660	13.18572	1.06646	1	0.74091	0.56094	13.53452	1.06646	1	-0.00550	-0.00968	0.67903	0.00392	1	0.06224	-0.01478	0.67487	0.00450	1	1.45898	0.81042	0	
1243955	8390.62012	3304705792056	0.49998	0.29119	8390.57910	0.04102	11106	1	0.52054	0.29316	1	0.48114	0.23183	1	0.50084	0.26249	1	0.47801	0.53683	13.44275	1.06646	1	0.74087	0.56093	13.41321	1.06646	1	-0.00550	-0.00968	0.67903	0.00383	1	0.06224	-0.01478	0.67487	0.00459	1	1.45898	0.81042	0	
1243956	8390.62598	3304705859254	0.50023	0.29187	8390.57910	0.04688	11106	1	0.51509	0.28474	1	0.48894	0.30844	1	0.50202	0.29659	1	0.47764	0.53651	12.86430	1.06646	1	0.74104	0.56198	13.75317	1.06646	1	-0.00550	-0.00968	0.67903	0.00397	1	0.06224	-0.01478	0.67487	0.00425	1	1.45898	0.81042	0	
1243957	8390.63281	3304705925973	0.50157	0.29010	8390.57910	0.05371	11106	1	0.53764	0.31866	1	0.48690	0.23332	1	0.51227	0.27599	1	0.47784	0.53683	12.98541	1.06646	1	0.74100	0.56125	13.80089	1.06646	1	-0.00550	-0.00968	0.67903	0.00389	1	0.06224	-0.01478	0.67487	0.00432	1	1.45898	0.81042	0	
1243958	8390.63965	3304705993307	0.50264	0.28973	8390.57910	0.06055	11106	1	0.53839	0.32513	1	0.48616	0.24757	1	0.51227	0.28635	1	0.47774	0.53676	12.65650	1.05844	1	0.74083	0.56203	14.06398	1.05078	1	-0.00536	-0.00951	0.66759	0.00388	1	0.06191	-0.01474	0.67069	0.00401	1	1.45898	0.81042	0	
1243959	8390.64648	3304706060196	0.50335	0.29294	8390.57910	0.06738	11106	1	0.51952	0.30207	1	0.50142	0.34812	1	0.51047	0.32510	1	0.47800	0.53653	12.13163	1.04277	1	0.74129	0.56218	13.23516	1.03511	1	-0.00536	-0.00951	0.66759	0.00393	1	0.06191	-0.01474	0.67069	0.00402	1	1.45898	0.81042	0	
1243960	8390.65332	3304706126911	0.50311	0.29052	8390.57910	0.07422	11106	1	0.51199	0.13528	1	0.48892	0.39245	1	0.50046	0.26387	1	0.47765	0.53461	12.68923	1.02709	1	0.74111	0.56239	13.64723	1.01943	1	-0.00536	-0.00951	0.66759	0.00254	1	0.06191	-0.01474	0.67069	0.00396	1	1.45898	0.81042	0	
1243961	8390.66016	3304706194329	0.50295	0.28956	8390.57910	0.08105	11106	1	0.51383	0.15124	1	0.48811	0.40491	1	0.50097	0.27808	1	0.47802	0.53720	12.33925	1.01141	1	0.74126	0.56210	13.30638	1.00376	1	-0.00526	-0.00939	0.65576	0.00373	1	0.06191	-0.01469	0.67069	0.00405	1	1.45898	0.81042	0	
1243962	8390.66699	3304706261262	0.50326	0.29532	8390.57910	0.08789	11106	1	0.52754	0.35380	1	0.48721	0.38662	1	0.50738	0.37021	1	0.47804	0.53712	12.41746	1.00376	1	0.74109	0.56213	13.28117	1.00376	1	-0.00526	-0.00939	0.65576	0.00377	1	0.06191	-0.01469	0.67069	0.00404	1	1.45898	0.81042	0	
1243963	8390.67285	3304706328206	0.50368	0.29904	8390.57910	0.09375	11106	1	0.52762	0.34485	1	0.49134	0.35731	1	0.50948	0.35108	1	0.47808	0.53689	12.52272	1.00376	1	0.74115	0.56205	13.23771	1.00376	1	-0.00526	-0.00939	0.65576	0.00381	1	0.06191	-0.01469	0.67069	0.00404	1	1.45898	0.81042	0	
1243964	8390.67969	3304706394931	0.50403	0.30187	8390.57910	0.10059	11106	1	0.52676	0.33819	1	0.49178	0.35055	1	0.50927	0.34437	1	0.47783	0.53596	12.03015	1.01177	1	0.74125	0.56199	13.10325	1.01177	1	-0.00544	-0.00985	0.68403	0.00408	1	0.06191	-0.01474	0.67069	0.00407	1	1.45898	0.81042	0	
1243965	8390.68652	3304706462011	0.50297	0.29897	8390.57910	0.10742	11106	1	0.49345	0.14551	1	0.47863	0.35961	1	0.48604	0.25256	1	0.47774	0.53483	12.63667	1.01979	1	0.74091	0.56236	13.91848	1.01979	1	-0.00544	-0.00985	0.68403	0.00250	1	0.06191	-0.01474	0.67069	0.00396	1	1.45898	0.81042	0	
1243966	8390.69336	3304706529167	0.50225	0.29570	8390.57910	0.11426	11106	1	0.49631	0.13696	1	0.48378	0.34333	1	0.49004	0.24015	1	0.47773	0.53481	12.55210	1.02781	1	0.74102	0.56221	13.85027	1.02781	1	-0.00544	-0.00985	0.68403	0.00253	1	0.06191	-0.01474	0.67069	0.00394	1	1.45898	0.81042	0	
1243967	8390.70020	3304706595968	0.50158	0.29254	8390.57910	0.12109	11106	1	0.49527	0.12880	1	0.48383	0.34232	1	0.48955	0.23556	1	0.47817	0.53705	12.37576	1.03582	1	0.74101	0.56252	13.86763	1.02901	1	-0.00544	-0.00985	0.68403	0.00393	1	0.05904	-0.01409	0.63911	0.00392	1	1.45898	0.81042	0	
1243968	8390.70703	3304706662123	0.50128	0.29489	8390.57910	0.12793	11106	1	0.53393	0.32845	1	0.45718	0.35071	1	0.49555	0.33958	1	0.47820	0.53727	12.51796	1.02901	1	0.74099	0.56219	13.83765	1.02221	1	-0.00544	-0.00985	0.68403	0.00377	1	0.05904	-0.01409	0.63911	0.00401	1	1.45898	0.81042	0	
1243969	8390.71387	3304706730285	0.50023	0.29260	8390.57910	0.13477	11106	1	0.50151	0.12595	1	0.45690	0.36761	1	0.47921	0.24678	1	0.47793	0.53488	12.46789	1.02221	1	0.74098	0.56237	13.80441	1.01540	1	-0.00544	-0.00985	0.68403	0.00260	1	0.05904	-0.01409	0.63911	0.00399	1	1.45898	0.81042	0	
1243970	8390.71973	3304706792856	0.49929	0.29068	8390.57910	0.14062	11106	1	0.50237	0.13298	1	0.45690	0.36761	1	0.47964	0.25030	1	0.47806	0.53631	12.46471	1.01540	1	0.74084	0.56276	14.05209	1.01540	1	-0.00536	-0.00976	0.67428	0.00407	1	0.05959	-0.01426	0.64455	0.00395	1	1.45898	0.81042	0	
1243971	8390.72656	3304706859241	0.49863	0.29040	8390.57910	0.14746	11106	1	0.51178	0.23528	1	0.45648	0.33346	1	0.48413	0.28437	1	0.47794	0.53568	12.08389	1.01540	1	0.74092	0.56252	13.09967	1.02221	1	-0.00536	-0.00976	0.67428	0.00409	1	0.05959	-0.01426	0.64455	0.00415	1	1.45898	0.81042	0	
1243972	8390.73340	3304706927043	0.49831	0.29139	8390.57910	0.15430	11106	1	0.51071	0.28215	1	0.47111	0.34593	1	0.49091	0.31404	1	0.47792	0.53642	11.99132	1.02221	1	0.74116	0.56220	12.89158	1.02901	1	-0.00536	-0.00976	0.67428	0.00399	1	0.05959	-0.01426	0.64455	0.00408	1	1.45898	0.81042	0	
1243973	8390.74023	3304706994428	0.49799	0.29162	8390.57910	0.16113	11106	1	0.50881	0.26817	1	0.47192	0.32636	1	0.49037	0.29727	1	0.47860	0.53654	12.04153	1.03810	1	0.74107	0.56264	13.41538	1.05257	1	-0.00543	-0.00999	0.68983	0.00394	1	0.06431	-0.01538	0.69504	0.00397	1	1.45898	0.81042	0	
1243974	8390.74707	3304707064844	0.49682	0.29131	8390.57910	0.16797	11106	1	0.49600	0.20730	1	0.43908	0.35966	1	0.46754	0.28348	1	0.47815	0.53600	12.55014	1.06165	1	0.74106	0.56306	13.61734	1.06931	1	-0.00543	-0.00999	0.68983	0.00397	1	0.06431	-0.01538	0.69504	0.00402	1	1.45898	0.81042	0	
1243975	8390.75293	3304707129164	0.49573	0.28984	8390.57910	0.17383	11106	1	0.48075	0.20510	1	0.45377	0.29800	1	0.46726	0.25155	1	0.47791	0.53603	12.16083	1.07840	1	0.74133	0.56270	13.55230	1.08606	1	-0.00543	-0.00999	0.68983	0.00398	1	0.06431	-0.01538	0.69504	0.00393	1	1.45898	0.81042	0	
1243976	8390.76074	3304707198666	0.49471	0.28848	8390.57910	0.18164	11106	1	0.48079	0.20542	1	0.45376	0.29829	1	0.46728	0.25186	1	0.47878	0.53666	12.17076	1.07804	1	0.74108	0.56317	13.45614	1.08570	1	-0.00512	-0.00959	0.66264	0.00390	1	0.06431	-0.01538	0.69504	0.00394	1	1.45898	0.81042	0	
1243977	8390.76660	3304707265703	0.49476	0.28784	8390.57910	0.18750	11106	1	0.54519	0.20995	1	0.44703	0.32988	1	0.49611	0.26991	1	0.47892	0.53638	12.22626	1.06860	1	0.74126	0.56284	13.14479	1.06860	1	-0.00512	-0.00959	0.66264	0.00398	1	0.06431	-0.01538	0.69504	0.00395	1	1.45898	0.81042	0	
1243978	8390.77344	3304707332723	0.49460	0.28902	8390.57910	0.19434	11106	1	0.53372	0.28024	1	0.44628	0.36630	1	0.49000	0.32327	1	0.47913	0.53673	12.75398	1.05149	1	0.74117	0.56306	13.14995	1.05149	1	-0.00512	-0.00959	0.66264	0.00397	1	0.06431	-0.01538	0.69504	0.00400	1	1.45898	0.81042	0	
1243979	8390.78027	3304707399937	0.49446	0.29047	8390.57910	0.20117	11106	1	0.53461	0.28801	1	0.44610	0.37957	1	0.49035	0.33379	1	0.47875	0.53672	12.51211	1.04241	1	0.74202	0.56305	13.24687	1.03475	1	-0.00515	-0.00974	0.67319	0.00380	1	0.06114	-0.01466	0.66023	0.00394	1	1.45898	0.81042	0	
1243980	8390.78711	3304707466343	0.49467	0.29088	8390.57910	0.20801	11106	1	0.50612	0.28856	1	0.49577	0.31917	1	0.50094	0.30387	1	0.47861	0.53681	12.26393	1.04277	1	0.74196	0.56244	12.88980	1.03511	1	-0.00515	-0.00974	0.67319	0.00393	1	0.06114	-0.01466	0.66023	0.00418	1	1.45898	0.81042	0	
1243981	8390.79395	3304707532854	0.49481	0.29132	8390.57910	0.21484	11106	1	0.50719	0.30202	1	0.49174	0.30834	1	0.49946	0.30518	1	0.47867	0.53677	12.23607	1.04312	1	0.74197	0.56219	12.86266	1.03546	1	-0.00515	-0.00974	0.67319	0.00393	1	0.06114	-0.01466	0.66023	0.00429	1	1.45898	0.81042	0	
1243982	8390.80078	3304707599824	0.49494	0.29180	8390.57910	0.22168	11106	1	0.50714	0.30172	1	0.49139	0.31392	1	0.49927	0.30782	1	0.47868	0.53484	12.44530	1.04348	1	0.74185	0.56238	12.91162	1.02901	1	-0.00518	-0.00975	0.67718	0.00258	1	0.05896	-0.01412	0.63620	0.00427	1	1.45898	0.81042	0	
1243983	8390.80762	3304707667762	0.49467	0.29201	8390.57910	0.22852	11106	1	0.50664	0.31380	1	0.46387	0.28416	1	0.48526	0.29898	1	0.47866	0.53692	12.81629	1.02901	1	0.74178	0.56232	12.85337	1.02221	1	-0.00518	-0.00975	0.67718	0.00387	1	0.05896	-0.01412	0.63620	0.00430	1	1.45898	0.81042	0	
1243984	8390.81348	3304707734755	0.49453	0.28954	8390.57910	0.23438	11106	1	0.50969	0.13183	1	0.47015	0.27469	1	0.48992	0.20326	1	0.47881	0.53489	12.49617	1.02221	1	0.74192	0.56224	12.82875	1.01540	1	-0.00518	-0.00975	0.67718	0.00254	1	0.05896	-0.01412	0.63620	0.00444	1	1.45898	0.81042	0	
1243985	8390.82031	3304707799650	0.49442	0.28721	8390.57910	0.24121	11106	1	0.51051	0.13882	1	0.47042	0.26770	1	0.49046	0.20326	1	0.47887	0.53642	12.51482	1.01540	1	0.74194	0.56236	13.14944	1.02306	1	-0.00518	-0.00975	0.67718	0.00395	1	0.06378	-0.01525	0.68706	0.00432	1	1.45898	0.81042	0	
1243986	8390.82715	3304707865672	0.49455	0.28656	8390.57910	0.24805	11106	1	0.53136	0.28529	1	0.46706	0.23939	1	0.49921	0.26234	1	0.47943	0.53658	13.02066	1.02306	1	0.74185	0.56199	12.77907	1.03752	1	-0.00518	-0.00975	0.67718	0.00406	1	0.06378	-0.01525	0.68706	0.00460	1	1.45898	0.81042	0	
1243987	8390.83398	3304707930970	0.49416	0.28654	8390.57910	0.25488	11106	1	0.50002	0.25929	1	0.45831	0.31273	1	0.47916	0.28601	1	0.47902	0.53619	12.81002	1.03752	1	0.74170	0.56289	13.64256	1.05199	1	-0.00518	-0.00975	0.67718	0.00397	1	0.06378	-0.01525	0.68706	0.00423	1	1.45898	0.81042	0	
1243988	8390.83984	3304707997888	0.49377	0.28639	8390.57910	0.26074	11106	1	0.49920	0.25355	1	0.45845	0.30728	1	0.47883	0.28042	1	0.47890	0.53584	12.54840	1.04397	1	0.74220	0.56229	12.68349	1.05844	1	-0.00486	-0.00949	0.65532	0.00396	1	0.06378	-0.01525	0.68706	0.00432	1	1.45898	0.81042	0	
1243989	8390.84766	3304708067901	0.49341	0.28495	8390.57910	0.26855	11106	1	0.49806	0.20893	1	0.46006	0.24547	1	0.47906	0.22720	1	0.47894	0.53578	12.49189	1.05043	1	0.74215	0.56194	12.73248	1.05043	1	-0.00486	-0.00949	0.65532	0.00402	1	0.06378	-0.01525	0.68706	0.00457	1	1.45898	0.81042	0	
1243990	8390.85352	3304708132731	0.49300	0.28310	8390.57910	0.27441	11106	1	0.49181	0.12115	1	0.45982	0.29347	1	0.47582	0.20731	1	0.47887	0.53480	12.45746	1.04241	1	0.74213	0.56243	12.69885	1.04241	1	-0.00486	-0.00949	0.65532	0.00253	1	0.06378	-0.01525	0.68706	0.00437	1	1.45898	0.81042	0	
1243991	8390.86035	3304708202060	0.49261	0.28151	8390.57910	0.28125	11106	1	0.49287	0.12931	1	0.45963	0.30045	1	0.47625	0.21488	1	0.47916	0.53469	12.77022	1.03439	1	0.74193	0.56323	13.04399	1.03439	1	-0.00490	-0.00951	0.66034	0.00260	1	0.06378	-0.01525	0.68706	0.00425	1	1.45898	0.81042	0	
1243992	8390.86719	3304708267381	0.48781	0.25143	8390.57910	0.28125	11106	0	0.51208	0.14374	1	0.48986	0.29727	1	0.50097	0.22051	1	0.47911	0.53491	12.36506	1.03439	1	0.74263	0.56248	13.56639	1.03439	1	-0.00490	-0.00951	0.66034	0.00256	1	0.06378	-0.01525	0.68706	0.00424	1	1.45898	0.81042	0	
1243993	8390.87402	3304708335210	0.48123	0.24376	8390.57910	0.28125	11106	0	0.48545	0.10821	1	0.46384	0.36396	1	0.47465	0.23609	1	0.47910	0.53469	12.74386	1.03439	1	0.74226	0.56329	13.97814	1.03439	1	-0.00490	-0.00951	0.66034	0.00263	1	0.06378	-0.01525	0.68706	0.00395	1	1.45898	0.81042	0	
1243994	8390.88086	3304708400976	0.47885	0.23976	8390.57910	0.28125	11106	0	0.48435	0.09988	1	0.46385	0.36367	1	0.47410	0.23177	1	0.47920	0.53460	12.85071	1.04241	1	0.74256	0.56335	13.58425	1.03475	1	-0.00506	-0.00992	0.68899	0.00255	1	0.06038	-0.01443	0.64997	0.00396	1	1.45898	0.81042	0	
1243995	8390.88770	3304708470637	0.48696	0.26928	8390.86719	0.02051	11107	1	0.52892	0.36458	1	0.49368	0.35111	1	0.51130	0.35785	1	0.47967	0.53714	12.55738	1.04277	1	0.74278	0.56322	13.07933	1.03511	1	-0.00506	-0.00992	0.68899	0.00369	1	0.06038	-0.01443	0.64997	0.00404	1	1.45898	0.81042	0	
1243996	8390.89453	3304708539331	0.48756	0.26297	8390.86719	0.02734	11107	1	0.50261	0.12904	1	0.47732	0.34640	1	0.48997	0.23772	1	0.47945	0.53480	12.28262	1.04312	1	0.74242	0.56333	13.80796	1.03546	1	-0.00506	-0.00992	0.68899	0.00260	1	0.06038	-0.01443	0.64997	0.00397	1	1.45898	0.81042	0	
1243997	8390.90039	3304708603118	0.48794	0.25918	8390.86719	0.03320	11107	1	0.50257	0.12868	1	0.47706	0.35173	1	0.48981	0.24021	1	0.47943	0.53672	12.29641	1.04348	1	0.74280	0.56329	13.33071	1.02901	1	-0.00506	-0.00992	0.68899	0.00392	1	0.05856	-0.01403	0.62985	0.00395	1	1.45898	0.81042	0	
1243998	8390.90723	3304708669498	0.48926	0.27058	8390.86719	0.04004	11107	1	0.51839	0.31973	1	0.47596	0.35826	1	0.49717	0.33900	1	0.47965	0.53701	13.02671	1.02901	1	0.74282	0.56316	13.05456	1.02221	1	-0.00506	-0.00992	0.68899	0.00382	1	0.05856	-0.01403	0.62985	0.00401	1	1.45898	0.81042	0	
1243999	8390.91406	3304708737891	0.49040	0.28201	8390.86719	0.04688	11107	1	0.52493	0.34942	1	0.47190	0.37465	1	0.49841	0.36203	1	0.47973	0.53720	13.05198	1.02221	1	0.74280	0.56328	13.06255	1.01540	1	-0.00506	-0.00992	0.68899	0.00384	1	0.05856	-0.01403	0.62985	0.00402	1	1.45898	0.81042	0	
1244000	8390.92090	3304708803694	0.49135	0.29086	8390.86719	0.05371	11107	1	0.52566	0.35495	1	0.47217	0.36842	1	0.49892	0.36168	1	0.47946	0.53560	11.95409	1.01540	1	0.74283	0.56333	13.38129	1.02306	1	-0.00506	-0.00992	0.68899	0.00418	1	0.06349	-0.01524	0.68173	0.00391	1	1.45898	0.81042	0	
1244001	8390.92773	3304708871475	0.48984	0.29142	8390.86719	0.06055	11107	1	0.48647	0.23056	1	0.46602	0.36232	1	0.47624	0.29644	1	0.47943	0.53561	11.91311	1.02306	1	0.74264	0.56336	13.38481	1.03752	1	-0.00506	-0.00992	0.68899	0.00411	1	0.06349	-0.01524	0.68173	0.00394	1	1.45898	0.81042	0	
1244002	8390.93457	3304708937763	0.48773	0.29258	8390.86719	0.06738	11107	1	0.48757	0.22315	1	0.44584	0.38512	1	0.46670	0.30413	1	0.47945	0.53573	11.98769	1.03752	1	0.74271	0.56356	13.43062	1.05199	1	-0.00506	-0.00992	0.68899	0.00405	1	0.06349	-0.01524	0.68173	0.00393	1	1.45898	0.81042	0	
1244003	8390.94141	3304709005080	0.48591	0.29252	8390.86719	0.07422	11107	1	0.48559	0.20977	1	0.44599	0.37393	1	0.46579	0.29185	1	0.47983	0.53675	12.96386	1.05199	1	0.74259	0.56352	13.47419	1.06646	1	-0.00490	-0.00981	0.68138	0.00372	1	0.06349	-0.01524	0.68173	0.00397	1	1.45898	0.81042	0	
1244004	8390.94727	3304709071102	0.48476	0.29291	8390.86719	0.08008	11107	1	0.51137	0.28485	1	0.43068	0.31034	1	0.47102	0.29760	1	0.47989	0.53686	13.01359	1.06646	1	0.74245	0.56302	13.23580	1.06646	1	-0.00490	-0.00981	0.68138	0.00384	1	0.06349	-0.01524	0.68173	0.00428	1	1.45898	0.81042	0	
1244005	8390.95410	3304709137502	0.48398	0.29297	8390.86719	0.08691	11107	1	0.51553	0.28955	1	0.43225	0.29788	1	0.47389	0.29371	1	0.47999	0.53702	13.06229	1.06646	1	0.74251	0.56296	13.13681	1.06646	1	-0.00490	-0.00981	0.68138	0.00380	1	0.06349	-0.01524	0.68173	0.00426	1	1.45898	0.81042	0	
1244006	8390.96094	3304709208361	0.48334	0.29346	8390.86719	0.09375	11107	1	0.51642	0.29625	1	0.43226	0.30465	1	0.47434	0.30045	1	0.48038	0.53644	12.24335	1.05844	1	0.74301	0.56324	13.91616	1.05844	1	-0.00471	-0.00958	0.66155	0.00392	1	0.06349	-0.01524	0.68173	0.00411	1	1.45898	0.81042	0	
1244007	8390.96777	3304709275270	0.48514	0.29402	8390.86719	0.10059	11107	1	0.54579	0.25045	1	0.47844	0.35434	1	0.51212	0.30239	1	0.48038	0.53644	12.24335	1.05043	1	0.74329	0.56381	14.06796	1.05043	1	-0.00471	-0.00958	0.66155	0.00391	1	0.06349	-0.01524	0.68173	0.00390	1	1.45898	0.81042	0	
1244008	8390.97461	3304709341418	0.48620	0.29576	8390.86719	0.10742	11107	1	0.51385	0.28001	1	0.49252	0.36718	1	0.50318	0.32359	1	0.48038	0.53655	12.16590	1.04241	1	0.74344	0.56393	13.62475	1.04241	1	-0.00471	-0.00958	0.66155	0.00382	1	0.06349	-0.01524	0.68173	0.00394	1	1.45898	0.81042	0	
1244009	8390.98145	3304709405052	0.48715	0.29785	8390.86719	0.11426	11107	1	0.51477	0.28694	1	0.49167	0.37975	1	0.50322	0.33334	1	0.48037	0.53647	12.21463	1.03439	1	0.74337	0.56381	13.41214	1.02673	1	-0.00469	-0.00949	0.65872	0.00388	1	0.06133	-0.01471	0.65805	0.00391	1	1.45898	0.81042	0	
1244010	8390.98828	3304709476270	0.48742	0.29906	8390.86719	0.12109	11107	1	0.51354	0.29691	1	0.47114	0.34496	1	0.49234	0.32094	1	0.48029	0.53661	12.30054	1.02673	1	0.74314	0.56359	12.68449	1.01907	1	-0.00469	-0.00949	0.65872	0.00385	1	0.06133	-0.01471	0.65805	0.00398	1	1.45898	0.81042	0	
1244011	8390.99512	3304709542357	0.48808	0.29944	8390.86719	0.12793	11107	1	0.51002	0.28809	1	0.49132	0.32492	1	0.50067	0.30651	1	0.48024	0.53665	12.14711	1.01907	1	0.74350	0.56299	12.65156	1.01141	1	-0.00469	-0.00949	0.65872	0.00390	1	0.06133	-0.01471	0.65805	0.00428	1	1.45898	0.81042	0	
1244012	8391.00098	3304709608788	0.48868	0.29976	8390.86719	0.13379	11107	1	0.50998	0.28778	1	0.49134	0.32461	1	0.50066	0.30620	1	0.48030	0.53692	12.49414	1.01943	1	0.74357	0.56422	13.30161	1.01177	1	-0.00473	-0.00972	0.67128	0.00377	1	0.06133	-0.01471	0.65805	0.00392	1	1.45898	0.81042	0	
1244013	8391.00781	3304709675867	0.48971	0.30172	8390.86719	0.14062	11107	1	0.53452	0.30328	1	0.48806	0.38245	1	0.51129	0.34286	1	0.48062	0.53672	12.56197	1.01979	1	0.74343	0.56387	13.50047	1.01979	1	-0.00473	-0.00972	0.67128	0.00387	1	0.06133	-0.01471	0.65805	0.00397	1	1.45898	0.81042	0	
1244014	8391.01465	3304709744874	0.48999	0.29881	8390.86719	0.14746	11107	1	0.50720	0.13359	1	0.48514	0.33615	1	0.49617	0.23487	1	0.48022	0.53492	12.55136	1.02781	1	0.74338	0.56346	13.36406	1.02781	1	-0.00473	-0.00972	0.67128	0.00261	1	0.06133	-0.01471	0.65805	0.00384	1	1.45898	0.81042	0	
1244015	8391.02148	3304709811182	0.49024	0.29584	8390.86719	0.15430	11107	1	0.50623	0.12541	1	0.48553	0.32939	1	0.49588	0.22740	1	0.48022	0.53492	12.55136	1.03582	1	0.74348	0.56363	13.92087	1.03582	1	-0.00473	-0.00972	0.67128	0.00261	1	0.06154	-0.01473	0.65922	0.00386	1	1.45898	0.81042	0	
1244016	8391.02832	3304709878165	0.49116	0.29665	8390.86719	0.16113	11107	1	0.51798	0.33834	1	0.50896	0.29382	1	0.51347	0.31608	1	0.48032	0.53723	12.66324	1.03582	1	0.74379	0.56313	12.90247	1.03582	1	-0.00473	-0.00972	0.67128	0.00371	1	0.06154	-0.01473	0.65922	0.00396	1	1.45898	0.81042	0	
1244017	8391.03516	3304709945389	0.49138	0.29839	8390.86719	0.16797	11107	1	0.50315	0.30106	1	0.49049	0.38312	1	0.49682	0.34209	1	0.48015	0.53682	12.48367	1.03582	1	0.74346	0.56367	14.00458	1.03582	1	-0.00473	-0.00972	0.67128	0.00392	1	0.06154	-0.01473	0.65922	0.00384	1	1.45898	0.81042	0	
1244018	8391.04199	3304710011993	0.49159	0.29990	8390.86719	0.17480	11107	1	0.50315	0.30106	1	0.49089	0.37706	1	0.49702	0.33906	1	0.48045	0.53665	12.53283	1.03582	1	0.74360	0.56345	13.29090	1.04348	1	-0.00473	-0.00972	0.67128	0.00393	1	0.06349	-0.01519	0.67958	0.00390	1	1.45898	0.81042	0	
1244019	8391.04883	3304710079048	0.49169	0.30019	8390.86719	0.18164	11107	1	0.51519	0.29092	1	0.47371	0.32506	1	0.49445	0.30799	1	0.48032	0.53698	12.35568	1.04348	1	0.74354	0.56321	13.05923	1.05114	1	-0.00473	-0.00972	0.67128	0.00387	1	0.06349	-0.01519	0.67958	0.00393	1	1.45898	0.81042	0	
1244020	8391.05469	3304710146897	0.49190	0.29970	8390.86719	0.18750	11107	1	0.51978	0.27255	1	0.47563	0.29929	1	0.49770	0.28592	1	0.48046	0.53655	12.46629	1.05114	1	0.74353	0.56336	13.12811	1.05880	1	-0.00473	-0.00972	0.67128	0.00386	1	0.06349	-0.01519	0.67958	0.00383	1	1.45898	0.81042	0	
1244021	8391.06152	3304710211940	0.49209	0.29902	8390.86719	0.19434	11107	1	0.51894	0.26594	1	0.47592	0.29277	1	0.49743	0.27935	1	0.48063	0.53706	13.16849	1.05880	1	0.74370	0.56325	13.13830	1.06646	1	-0.00473	-0.00972	0.67128	0.00370	1	0.06349	-0.01519	0.67958	0.00379	1	1.45898	0.81042	0	
1244022	8391.06836	3304710280033	0.49206	0.29961	8390.86719	0.20117	11107	1	0.52085	0.28341	1	0.46169	0.35144	1	0.49127	0.31743	1	0.48043	0.53650	12.59029	1.06646	1	0.74336	0.56353	13.48750	1.06646	1	-0.00473	-0.00972	0.67128	0.00392	1	0.06349	-0.01519	0.67958	0.00390	1	1.45898	0.81042	0	
1244023	8391.07520	3304710346777	0.49179	0.30008	8390.86719	0.20801	11107	1	0.50755	0.27212	1	0.45964	0.35711	1	0.48359	0.31461	1	0.48017	0.53639	12.15328	1.06646	1	0.74343	0.56361	13.72276	1.06646	1	-0.00473	-0.00972	0.67128	0.00396	1	0.06349	-0.01519	0.67958	0.00389	1	1.45898	0.81042	0	
1244024	8391.08203	3304710414298	0.49155	0.30052	8390.86719	0.21484	11107	1	0.50755	0.27212	1	0.45964	0.35711	1	0.48359	0.31461	1	0.48046	0.53558	12.76390	1.06646	1	0.74360	0.56342	13.44961	1.06646	1	-0.00479	-0.00978	0.67914	0.00426	1	0.06349	-0.01519	0.67958	0.00389	1	1.45898	0.81042	0	
1244025	8391.08887	3304710481593	0.49163	0.30087	8390.86719	0.22168	11107	1	0.51831	0.31477	1	0.47033	0.31005	1	0.49432	0.31241	1	0.48036	0.53704	12.89038	1.06646	1	0.74340	0.56310	13.11433	1.06646	1	-0.00479	-0.00978	0.67914	0.00373	1	0.06349	-0.01519	0.67958	0.00397	1	1.45898	0.81042	0	
1244026	8391.09570	3304710548147	0.49178	0.30230	8390.86719	0.22852	11107	1	0.52193	0.33169	1	0.47212	0.37037	1	0.49702	0.35103	1	0.48042	0.53697	12.81563	1.06646	1	0.74358	0.56359	13.42321	1.06646	1	-0.00479	-0.00978	0.67914	0.00379	1	0.06349	-0.01519	0.67958	0.00392	1	1.45898	0.81042	0	
1244027	8391.10156	3304710615118	0.49193	0.30366	8390.86719	0.23438	11107	1	0.52193	0.33169	1	0.47212	0.37037	1	0.49702	0.35103	1	0.48049	0.53698	13.02490	1.06646	1	0.74352	0.56344	13.36805	1.06646	1	-0.00479	-0.00968	0.67915	0.00373	1	0.06349	-0.01519	0.67958	0.00397	1	1.45898	0.81042	0	
1244028	8391.10840	3304710680103	0.49176	0.30509	8390.86719	0.24121	11107	1	0.52440	0.36781	1	0.44680	0.34520	1	0.48560	0.35651	1	0.48055	0.53726	13.51339	1.06646	1	0.74354	0.56344	13.37468	1.06646	1	-0.00479	-0.00968	0.67915	0.00365	1	0.06349	-0.01519	0.67958	0.00397	1	1.45898	0.81042	0	
1244029	8391.11523	3304710746180	0.49151	0.30565	8390.86719	0.24805	11107	1	0.51719	0.30422	1	0.44749	0.34899	1	0.48234	0.32661	1	0.48036	0.53717	13.07389	1.06646	1	0.74351	0.56355	13.39293	1.06646	1	-0.00479	-0.00968	0.67915	0.00373	1	0.06349	-0.01519	0.67958	0.00398	1	1.45898	0.81042	0	
1244030	8391.12207	3304710813234	0.49127	0.30619	8390.86719	0.25488	11107	1	0.51719	0.30422	1	0.44749	0.34899	1	0.48234	0.32661	1	0.48069	0.53694	12.93645	1.06646	1	0.74351	0.56366	13.48886	1.06646	1	-0.00479	-0.00968	0.67915	0.00379	1	0.06349	-0.01519	0.67958	0.00394	1	1.45898	0.81042	0	
1244031	8391.12891	3304710882879	0.49144	0.30627	8390.86719	0.26172	11107	1	0.54967	0.32773	1	0.44637	0.29101	1	0.49802	0.30937	1	0.48085	0.53709	12.96685	1.06646	1	0.74344	0.56298	13.12902	1.06646	1	-0.00479	-0.00968	0.67915	0.00388	1	0.06349	-0.01519	0.67958	0.00398	1	1.45898	0.81042	0	
1244032	8391.13574	3304710949899	0.49135	0.30708	8390.86719	0.26855	11107	1	0.54504	0.33018	1	0.43054	0.34877	1	0.48779	0.33948	1	0.48079	0.53706	12.91185	1.06646	1	0.74324	0.56351	13.22261	1.06646	1	-0.00479	-0.00968	0.67915	0.00382	1	0.06349	-0.01519	0.67958	0.00398	1	1.45898	0.81042	0	
1244033	8391.14258	3304711016391	0.49127	0.30785	8390.86719	0.27539	11107	1	0.54504	0.33018	1	0.43054	0.34877	1	0.48779	0.33948	1	0.48049	0.53468	12.45188	1.06646	1	0.74339	0.56367	13.43433	1.06646	1	-0.00479	-0.00968	0.67915	0.00253	1	0.06349	-0.01519	0.67958	0.00392	1	1.45898	0.81042	0	
1244034	8391.14844	3304711083836	0.49105	0.30887	8390.86719	0.28125	11107	1	0.52143	0.32995	1	0.44267	0.37314	1	0.48205	0.35155	1	0.48081	0.53699	13.07922	1.06646	1	0.74346	0.56366	13.56220	1.06646	1	-0.00479	-0.00968	0.67915	0.00384	1	0.06349	-0.01519	0.67958	0.00392	1	1.45898	0.81042	0	
1244035	8391.15527	3304711150824	0.49106	0.30940	8390.86719	0.28809	11107	1	0.53771	0.33951	1	0.44492	0.32546	1	0.49131	0.33249	1	0.48068	0.53713	13.38638	1.06646	1	0.74343	0.56335	13.38781	1.06646	1	-0.00479	-0.00968	0.67915	0.00373	1	0.06349	-0.01519	0.67958	0.00394	1	1.45898	0.81042	0	
1244036	8391.16211	3304711217820	0.48977	0.33629	8390.86719	0.28809	11107	0	0.53845	0.34582	1	0.44485	0.33203	1	0.49165	0.33892	1	0.48093	0.53718	13.45942	1.05844	1	0.74343	0.56363	13.38760	1.05844	1	-0.00457	-0.00935	0.65593	0.00375	1	0.06349	-0.01519	0.67958	0.00399	1	1.45898	0.81042	0	
1244037	8391.16895	3304711285686	0.48720	0.34691	8390.86719	0.28809	11107	0	0.52421	0.32387	1	0.44504	0.39118	1	0.48462	0.35753	1	0.48085	0.53666	12.90177	1.05043	1	0.74343	0.56363	13.38760	1.05043	1	-0.00457	-0.00935	0.65593	0.00386	1	0.06349	-0.01519	0.67958	0.00399	1	1.45898	0.81042	0	
1244038	8391.17578	3304711350771	0.48606	0.35359	8390.86719	0.28809	11107	0	0.52750	0.33247	1	0.44008	0.40143	1	0.48379	0.36695	1	0.48088	0.53677	12.98585	1.04241	1	0.74342	0.56374	13.48013	1.04241	1	-0.00457	-0.00935	0.65593	0.00381	1	0.06349	-0.01519	0.67958	0.00394	1	1.45898	0.81042	0	
1244039	8391.18262	3304711418916	0.48549	0.35693	8391.16211	0.02051	11108	1	0.52750	0.33247	1	0.44008	0.40143	1	0.48379	0.36695	1	0.48081	0.53703	13.11217	1.04241	1	0.74345	0.56363	13.46394	1.04241	1	-0.00479	-0.00968	0.67915	0.00385	1	0.06349	-0.01519	0.67958	0.00392	1	1.45898	0.81042	0	
1244040	8391.18945	3304711485738	0.48528	0.35487	8391.16211	0.02734	11108	1	0.53324	0.30898	1	0.43559	0.38426	1	0.48442	0.34662	1	0.48063	0.53658	12.65260	1.05043	1	0.74339	0.56365	13.45951	1.05043	1	-0.00479	-0.00968	0.67915	0.00388	1	0.06349	-0.01519	0.67958	0.00399	1	1.45898	0.81042	0	
1244041	8391.19629	3304711553255	0.48644	0.35500	8391.16211	0.03418	11108	1	0.52533	0.33385	1	0.45922	0.37753	1	0.49227	0.35569	1	0.48053	0.53704	12.66626	1.05844	1	0.74339	0.56365	13.45951	1.05844	1	-0.00479	-0.00968	0.67915	0.00386	1	0.06349	-0.01519	0.67958	0.00398	1	1.45898	0.81042	0	
1244042	8391.20215	3304711619682	0.48723	0.35420	8391.16211	0.04004	11108	1	0.52449	0.32744	1	0.45940	0.37130	1	0.49195	0.34937	1	0.48063	0.53691	12.57627	1.06646	1	0.74320	0.56343	13.21265	1.06646	1	-0.00479	-0.00968	0.67915	0.00385	1	0.06349	-0.01519	0.67958	0.00404	1	1.45898	0.81042	0	
1244043	8391.20898	3304711686702	0.48325	0.35067	8391.16211	0.04688	11108	1	0.48499	0.30702	1	0.42575	0.34491	1	0.45537	0.32596	1	0.48027	0.53678	12.37701	1.06646	1	0.74320	0.56343	13.21265	1.06646	1	-0.00479	-0.00968	0.67915	0.00379	1	0.06349	-0.01519	0.67958	0.00403	1	1.45898	0.81042	0	
1244044	8391.21582	3304711753366	0.48210	0.33323	8391.16211	0.05371	11108	1	0.48041	0.07938	1	0.46547	0.30797	1	0.47294	0.19368	1	0.48064	0.53464	12.67195	1.06646	1	0.74378	0.56354	14.16714	1.06646	1	-0.00479	-0.00968	0.67915	0.00263	1	0.06349	-0.01519	0.67958	0.00397	1	1.45898	0.81042	0	
1244045	8391.22266	3304711820641	0.48118	0.31959	8391.16211	0.06055	11108	1	0.48041	0.07938	1	0.46526	0.31438	1	0.47284	0.19688	1	0.48270	0.53729	12.84853	1.06646	1	0.74591	0.56447	13.67223	1.05880	1	-0.00446	-0.01000	0.69111	0.00393	1	0.06183	-0.01483	0.65917	0.00374	1	1.45898	0.81042	0	
1244046	8391.22949	3304711888005	0.48669	0.32366	8391.16211	0.06738	11108	1	0.55518	0.31515	1	0.52853	0.41344	1	0.54185	0.36429	1	0.48361	0.53774	12.71370	1.05880	1	0.74648	0.56491	12.97437	1.05114	1	-0.00446	-0.01000	0.69111	0.00376	1	0.06183	-0.01483	0.65917	0.00412	1	1.45898	0.81042	0	
1244047	8391.23633	3304711954666	0.48735	0.30507	8391.16211	0.07422	11108	1	0.49242	0.10283	1	0.49675	0.09835	1	0.49458	0.10059	1	0.48356	0.53567	12.15125	1.05114	1	0.74662	0.56259	12.31724	1.04348	1	-0.00446	-0.01000	0.69111	0.00257	1	0.06183	-0.01483	0.65917	0.00286	1	1.45898	0.81042	0	
1244048	8391.24219	3304712021629	0.48794	0.28964	8391.16211	0.08008	11108	1	0.49342	0.11070	1	0.49675	0.09835	1	0.49508	0.10452	1	0.48710	0.53935	12.48536	1.04348	1	0.75013	0.56688	13.77147	1.04348	1	-0.00365	-0.01003	0.67573	0.00378	1	0.06486	-0.01578	0.68546	0.00380	1	1.45898	0.81042	0	
1244049	8391.24902	3304712088711	0.50217	0.30138	8391.16211	0.08691	11108	1	0.71289	0.42274	1	0.66128	0.48533	1	0.68708	0.45403	1	0.48806	0.54001	12.95720	1.04348	1	0.75069	0.56775	12.64739	1.05114	1	-0.00365	-0.01003	0.67573	0.00387	1	0.06486	-0.01578	0.68546	0.00395	1	1.45898	0.81042	0	
1244050	8391.25586	3304712155246	0.51366	0.31048	8391.16211	0.09375	11108	1	0.68572	0.40988	1	0.66323	0.46593	1	0.67447	0.43791	1	0.48806	0.54041	13.17289	1.05114	1	0.75059	0.56745	12.72383	1.05880	1	-0.00365	-0.01003	0.67573	0.00366	1	0.06486	-0.01578	0.68546	0.00398	1	1.45898	0.81042	0	
1244051	8391.26270	3304712223002	0.52376	0.31811	8391.16211	0.10059	11108	1	0.68594	0.40434	1	0.66483	0.46051	1	0.67538	0.43242	1	0.48872	0.54041	12.92888	1.05880	1	0.75087	0.56801	13.82619	1.06646	1	-0.00357	-0.01021	0.68058	0.00396	1	0.06421	-0.01578	0.67644	0.00386	1	1.45898	0.81042	0	
1244052	8391.26953	3304712289612	0.53435	0.32904	8391.16211	0.10742	11108	1	0.72622	0.46614	1	0.68112	0.54199	1	0.70367	0.50407	1	0.48830	0.54070	12.38633	1.06646	1	0.75092	0.56831	13.64603	1.06646	1	-0.00357	-0.01021	0.68058	0.00356	1	0.06421	-0.01578	0.67644	0.00379	1	1.45898	0.81042	0	
1244053	8391.27637	3304712356373	0.57279	0.33091	8391.16211	0.10742	11108	0	0.73257	0.48928	1	0.68384	0.52504	1	0.70820	0.50716	1	0.48842	0.54085	12.68596	1.06646	1	0.75097	0.56821	13.63703	1.06646	1	-0.00357	-0.01021	0.68058	0.00357	1	0.06421	-0.01578	0.67644	0.00374	1	1.45898	0.81042	0	
1244054	8391.28320	3304712423382	0.64049	0.41903	8391.16211	0.10742	11108	0	0.73257	0.48928	1	0.68384	0.52504	1	0.70820	0.50716	1	0.48862	0.54077	13.04644	1.06646	1	0.75112	0.56889	13.37913	1.06646	1	-0.00357	-0.01021	0.68058	0.00357	1	0.06421	-0.01573	0.67644	0.00384	1	1.45898	0.81042	0	
1244055	8391.29004	3304712491277	0.65988	0.44230	8391.16211	0.10742	11108	0	0.73381	0.40801	1	0.66348	0.56967	1	0.69865	0.48884	1	0.48878	0.54010	12.90606	1.06646	1	0.75101	0.56862	13.35921	1.06646	1	-0.00357	-0.01021	0.68058	0.00391	1	0.06421	-0.01573	0.67644	0.00379	1	1.45898	0.81042	0	
1244056	8391.29590	3304712557573	0.70494	0.50331	8391.16211	0.10742	11108	0	0.75096	0.48507	1	0.66495	0.54281	1	0.70796	0.51394	1	0.48862	0.54084	13.09443	1.06646	1	0.75105	0.56856	13.32840	1.06646	1	-0.00357	-0.01021	0.68058	0.00357	1	0.06421	-0.01573	0.67644	0.00381	1	1.45898	0.81042	0	
1244057	8391.30273	3304712623980	0.70645	0.50863	8391.16211	0.10742	11108	0	0.75096	0.48507	1	0.66495	0.54281	1	0.70796	0.51394	1	0.48823	0.54075	12.91519	1.06646	1	0.75108	0.56882	13.61666	1.06646	1	-0.00353	-0.01013	0.67175	0.00356	1	0.06421	-0.01573	0.67644	0.00392	1	1.45898	0.81042	0	
1244058	8391.30957	3304712689519	0.69977	0.51230	8391.16211	0.10742	11108	0	0.71666	0.48751	1	0.65619	0.55177	1	0.68643	0.51964	1	0.48842	0.54082	12.56335	1.06646	1	0.75097	0.56832	13.48933	1.06646	1	-0.00353	-0.01013	0.67175	0.00378	1	0.06421	-0.01573	0.67644	0.00362	1	1.45898	0.81042	0	
1244059	8391.31641	3304712758178	0.69595	0.50881	8391.29590	0.02051	11109	1	0.70852	0.45131	1	0.66046	0.54541	1	0.68449	0.49836	1	0.48830	0.54068	12.78569	1.06646	1	0.75105	0.56844	13.38518	1.06646	1	-0.00353	-0.01013	0.67175	0.00368	1	0.06421	-0.01573	0.67644	0.00361	1	1.45898	0.81042	0	
1244060	8391.32227	3304712822127	0.69366	0.50672	8391.29590	0.02637	11109	1	0.70852	0.45131	1	0.66046	0.54541	1	0.68449	0.49836	1	0.48849	0.54038	12.82670	1.06646	1	0.75109	0.56860	13.60693	1.06646	1	-0.00353	-0.01013	0.67175	0.00390	1	0.06421	-0.01578	0.67644	0.00364	1	1.45898	0.81042	0	
1244061	8391.32910	3304712890037	0.69385	0.51009	8391.29590	0.03320	11109	1	0.70955	0.46665	1	0.68002	0.58719	1	0.69478	0.52692	1	0.48840	0.54066	12.57150	1.06646	1	0.75130	0.56863	13.76882	1.06646	1	-0.00353	-0.01013	0.67175	0.00376	1	0.06421	-0.01578	0.67644	0.00370	1	1.45898	0.81042	0	
1244062	8391.33594	3304712954616	0.69451	0.51061	8391.29590	0.04004	11109	1	0.73143	0.45982	1	0.66551	0.56771	1	0.69847	0.51376	1	0.48820	0.54093	13.16333	1.06646	1	0.75111	0.56859	13.45702	1.06646	1	-0.00353	-0.01013	0.67175	0.00366	1	0.06421	-0.01578	0.67644	0.00364	1	1.45898	0.81042	0	
1244063	8391.34277	3304713022264	0.69500	0.51101	8391.29590	0.04688	11109	1	0.73143	0.45982	1	0.66551	0.56771	1	0.69847	0.51376	1	0.48820	0.54093	13.16333	1.06646	1	0.75111	0.56859	13.45702	1.06646	1	-0.00353	-0.01013	0.67175	0.00366	1	0.06421	-0.01573	0.67644	0.00364	1	1.45898	0.81042	0	
1244064	8391.34961	3304713091831	0.69529	0.51147	8391.29590	0.05371	11109	1	0.73337	0.44148	1	0.66171	0.58879	1	0.69754	0.51513	1	0.48828	0.54054	13.01550	1.06646	1	0.75104	0.56884	13.49423	1.06646	1	-0.00353	-0.01013	0.67175	0.00384	1	0.06421	-0.01573	0.67644	0.00387	1	1.45898	0.81042	0	
1244065	8391.35645	3304713156446	0.69616	0.51390	8391.29590	0.06055	11109	1	0.74955	0.48606	1	0.65847	0.58550	1	0.70401	0.53578	1	0.48850	0.54093	12.78630	1.06646	1	0.75102	0.56884	13.66678	1.06646	1	-0.00353	-0.01013	0.67175	0.00376	1	0.06421	-0.01573	0.67644	0.00386	1	1.45898	0.81042	0	
1244066	8391.36328	3304713224546	0.69687	0.51589	8391.29590	0.06738	11109	1	0.74955	0.48606	1	0.65847	0.58550	1	0.70401	0.53578	1	0.48808	0.54088	12.98643	1.06646	1	0.75107	0.56883	13.58967	1.06646	1	-0.00357	-0.01031	0.68058	0.00358	1	0.06421	-0.01573	0.67644	0.00385	1	1.45898	0.81042	0	
1244067	8391.37012	3304713292260	0.69714	0.51647	8391.29590	0.07422	11109	1	0.73509	0.47077	1	0.66512	0.57493	1	0.70011	0.52285	1	0.48819	0.54085	13.02636	1.06646	1	0.75104	0.56877	13.65905	1.06646	1	-0.00357	-0.01031	0.68058	0.00357	1	0.06421	-0.01573	0.67644	0.00398	1	1.45898	0.81042	0	
1244068	8391.37695	3304713360048	0.69822	0.51748	8391.29590	0.08105	11109	1	0.75463	0.45938	1	0.66777	0.59983	1	0.71120	0.52960	1	0.48819	0.54085	13.02636	1.06646	1	0.75111	0.56899	13.72448	1.06646	1	-0.00357	-0.01031	0.68058	0.00357	1	0.06421	-0.01573	0.67644	0.00379	1	1.45898	0.81042	0	
1244069	8391.38379	3304713428330	0.69915	0.51834	8391.29590	0.08789	11109	1	0.75463	0.45938	1	0.66777	0.59983	1	0.71120	0.52960	1	0.48804	0.54077	13.15190	1.06646	1	0.75105	0.56883	13.47742	1.06646	1	-0.00357	-0.01031	0.68058	0.00365	1	0.06421	-0.01578	0.67644	0.00382	1	1.45898	0.81042	0	
1244070	8391.38965	3304713494860	0.69953	0.51873	8391.29590	0.09375	11109	1	0.74511	0.45872	1	0.66460	0.58947	1	0.70485	0.52410	1	0.48811	0.54092	13.10337	1.06646	1	0.75104	0.56884	13.64011	1.06646	1	-0.00357	-0.01031	0.68058	0.00385	1	0.06421	-0.01578	0.67644	0.00381	1	1.45898	0.81042	0	
1244071	8391.39648	3304713562022	0.70014	0.51792	8391.29590	0.10059	11109	1	0.74402	0.44784	1	0.67440	0.56376	1	0.70921	0.50580	1	0.48806	0.54099	12.99234	1.06646	1	0.75112	0.56869	13.29554	1.06646	1	-0.00357	-0.01031	0.68058	0.00378	1	0.06421	-0.01578	0.67644	0.00379	1	1.45898	0.81042	0	
1244072	8391.40332	3304713629318	0.70060	0.51751	8391.29590	0.10742	11109	1	0.74340	0.45326	1	0.67264	0.56865	1	0.70802	0.51096	1	0.48792	0.54122	13.20094	1.05844	1	0.75119	0.56850	13.15858	1.05844	1	-0.00350	-0.00997	0.65797	0.00362	1	0.06421	-0.01573	0.67644	0.00394	1	1.45898	0.81042	0	
1244073	8391.41016	3304713696210	0.70183	0.51743	8391.29590	0.11426	11109	1	0.74024	0.46859	1	0.70524	0.56371	1	0.72274	0.51615	1	0.48792	0.54153	13.29368	1.05043	1	0.75136	0.56843	13.03266	1.05043	1	-0.00350	-0.00997	0.65797	0.00371	1	0.06421	-0.01573	0.67644	0.00385	1	1.45898	0.81042	0	
1244074	8391.41699	3304713762747	0.70291	0.51816	8391.29590	0.12109	11109	1	0.74825	0.44519	1	0.69662	0.61722	1	0.72243	0.53121	1	0.48787	0.54148	13.32487	1.04241	1	0.75090	0.56996	12.96557	1.04241	1	-0.00350	-0.00997	0.65797	0.00355	1	0.06421	-0.01573	0.67644	0.00416	1	1.45898	0.81042	0	
1244075	8391.42383	3304713829592	0.70384	0.51892	8391.29590	0.12793	11109	1	0.74825	0.44519	1	0.69474	0.62161	1	0.72150	0.53340	1	0.48647	0.54254	12.83825	1.04241	1	0.74908	0.57010	13.77615	1.03475	1	-0.00382	-0.01042	0.67117	0.00323	1	0.06236	-0.01556	0.66058	0.00344	1	1.45898	0.81042	0	
1244076	8391.43066	3304713897100	0.70202	0.52116	8391.29590	0.13477	11109	1	0.66742	0.51791	1	0.66380	0.61414	1	0.66561	0.56603	1	0.48544	0.54319	12.70206	1.04277	1	0.74879	0.57039	13.23867	1.03511	1	-0.00382	-0.01042	0.67117	0.00347	1	0.06236	-0.01556	0.66058	0.00385	1	1.45898	0.81042	0	
1244077	8391.43652	3304713963892	0.70196	0.52120	8391.29590	0.14062	11109	1	0.70822	0.47469	1	0.69320	0.56940	1	0.70071	0.52205	1	0.48573	0.54323	12.69486	1.04312	1	0.74855	0.57046	13.24966	1.03546	1	-0.00382	-0.01042	0.67117	0.00317	1	0.06236	-0.01556	0.66058	0.00382	1	1.45898	0.81042	0	
1244078	8391.44336	3304714031282	0.70191	0.52123	8391.29590	0.14746	11109	1	0.70824	0.47445	1	0.69328	0.56918	1	0.70076	0.52182	1	0.48384	0.54447	12.75493	1.04348	1	0.74642	0.57143	13.64689	1.03582	1	-0.00428	-0.01076	0.68008	0.00298	1	0.06183	-0.01567	0.65917	0.00317	1	1.45898	0.81042	0	
1244079	8391.45020	3304714098008	0.69779	0.52470	8391.29590	0.15430	11109	1	0.63825	0.54902	1	0.56802	0.66014	1	0.60313	0.60458	1	0.48363	0.54442	12.86999	1.03582	1	0.74607	0.57143	13.52524	1.03582	1	-0.00428	-0.01076	0.68008	0.00320	1	0.06183	-0.01567	0.65917	0.00309	1	1.45898	0.81042	0	
1244080	8391.45703	3304714165324	0.69344	0.52779	8391.29590	0.16113	11109	1	0.63662	0.55606	1	0.54128	0.64790	1	0.58895	0.60198	1	0.48359	0.54446	12.80002	1.03582	1	0.74607	0.57132	13.22782	1.03582	1	-0.00428	-0.01076	0.68008	0.00319	1	0.06183	-0.01567	0.65917	0.00314	1	1.45898	0.81042	0	
1244081	8391.46387	3304714231999	0.68942	0.53065	8391.29590	0.16797	11109	1	0.63662	0.55606	1	0.54128	0.64790	1	0.58895	0.60198	1	0.48323	0.54483	12.17277	1.03582	1	0.74618	0.57134	13.13533	1.03582	1	-0.00427	-0.01067	0.67726	0.00309	1	0.06183	-0.01567	0.65917	0.00314	1	1.45898	0.81042	0	
1244082	8391.47070	3304714298989	0.66688	0.55407	8391.29590	0.16797	11109	0	0.59257	0.61150	1	0.54856	0.65440	1	0.57056	0.63295	1	0.48319	0.54488	12.27329	1.03582	1	0.74611	0.57141	13.20439	1.03582	1	-0.00427	-0.01067	0.67726	0.00310	1	0.06183	-0.01567	0.65917	0.00315	1	1.45898	0.81042	0	
1244083	8391.47754	3304714365921	0.61982	0.59641	8391.29590	0.16797	11109	0	0.59494	0.63491	1	0.55060	0.64256	1	0.57277	0.63874	1	0.48320	0.54490	12.06136	1.03582	1	0.74616	0.57140	13.40696	1.03582	1	-0.00427	-0.01067	0.67726	0.00303	1	0.06183	-0.01567	0.65917	0.00308	1	1.45898	0.81042	0	
1244084	8391.48340	3304714432865	0.60414	0.61052	8391.29590	0.16797	11109	0	0.59494	0.63491	1	0.55060	0.64256	1	0.57277	0.63874	1	0.48330	0.54496	12.28347	1.03582	1	0.74601	0.57139	13.41219	1.03582	1	-0.00428	-0.01076	0.68008	0.00300	1	0.06183	-0.01567	0.65917	0.00314	1	1.45898	0.81042	0	
1244085	8391.49023	3304714499858	0.57487	0.63667	8391.29590	0.16797	11109	0	0.61596	0.59542	1	0.54217	0.66965	1	0.57907	0.63254	1	0.48323	0.54494	12.11231	1.03582	1	0.74608	0.57152	13.61193	1.03582	1	-0.00428	-0.01076	0.68008	0.00300	1	0.06183	-0.01567	0.65917	0.00311	1	1.45898	0.81042	0	
1244086	8391.49707	3304714566574	0.57682	0.63666	8391.29590	0.16797	11109	0	0.61793	0.61204	1	0.53961	0.66125	1	0.57877	0.63665	1	0.48320	0.54497	12.09311	1.03582	1	0.74598	0.57153	13.49361	1.03582	1	-0.00428	-0.01076	0.68008	0.00302	1	0.06183	-0.01567	0.65917	0.00304	1	1.45898	0.81042	0	
1244087	8391.50391	3304714632899	0.57737	0.63808	8391.29590	0.16797	11109	0	0.61815	0.61640	1	0.53882	0.66546	1	0.57848	0.64093	1	0.48312	0.54494	12.42423	1.02781	1	0.74590	0.57156	13.71078	1.02781	1	-0.00419	-0.01045	0.65706	0.00307	1	0.06183	-0.01567	0.65917	0.00301	1	1.45898	0.81042	0	
1244088	8391.51074	3304714699922	0.57954	0.64121	8391.49023	0.02051	11110	1	0.61491	0.62776	1	0.55716	0.67342	1	0.58603	0.65059	1	0.48312	0.54494	12.42423	1.01979	1	0.74585	0.57163	13.89884	1.01979	1	-0.00419	-0.01045	0.65706	0.00307	1	0.06183	-0.01567	0.65917	0.00299	1	1.45898	0.81042	0	
1244089	8391.51660	3304714764905	0.57891	0.64221	8391.49023	0.02637	11110	1	0.59551	0.60497	1	0.55728	0.68745	1	0.57639	0.64621	1	0.48296	0.54470	12.10097	1.01177	1	0.74597	0.57166	13.76655	1.01177	1	-0.00419	-0.01045	0.65706	0.00316	1	0.06183	-0.01567	0.65917	0.00300	1	1.45898	0.81042	0	
1244090	8391.52344	3304714831724	0.57838	0.64389	8391.49023	0.03320	11110	1	0.59589	0.60950	1	0.55553	0.69504	1	0.57571	0.65227	1	0.48311	0.54488	12.17358	1.00376	1	0.74604	0.57184	13.25668	0.99695	1	-0.00447	-0.01090	0.68549	0.00312	1	0.05920	-0.01502	0.63169	0.00312	1	1.45898	0.81042	0	
1244091	8391.53027	3304714902265	0.57786	0.64875	8391.49023	0.04004	11110	1	0.59150	0.64103	1	0.55807	0.71477	1	0.57479	0.67790	1	0.48289	0.54515	12.76349	0.99695	1	0.74596	0.57184	13.44721	0.99014	1	-0.00447	-0.01090	0.68549	0.00303	1	0.05920	-0.01502	0.63169	0.00309	1	1.45898	0.81042	0	
1244092	8391.53711	3304714969458	0.58072	0.65162	8391.49023	0.04688	11110	1	0.63131	0.62213	1	0.57008	0.72139	1	0.60070	0.67176	1	0.48308	0.54493	12.59810	0.99014	1	0.74588	0.57190	13.81048	0.98333	1	-0.00447	-0.01090	0.68549	0.00303	1	0.05920	-0.01502	0.63169	0.00306	1	1.45898	0.81042	0	
1244093	8391.54395	3304715031238	0.58300	0.65360	8391.49023	0.05371	11110	1	0.63129	0.62146	1	0.57116	0.71744	1	0.60123	0.66945	1	0.48256	0.54512	12.42228	0.99135	1	0.74577	0.57179	13.49750	0.99135	1	-0.00446	-0.01075	0.67623	0.00301	1	0.06074	-0.01545	0.64967	0.00313	1	1.45898	0.81042	0	
1244094	8391.55078	3304715102651	0.58356	0.65657	8391.49023	0.06055	11110	1	0.61296	0.64275	1	0.56438	0.72375	1	0.58867	0.68325	1	0.48242	0.54512	12.26431	0.99936	1	0.74570	0.57190	13.49353	1.00617	1	-0.00446	-0.01075	0.67623	0.00307	1	0.06074	-0.01545	0.64967	0.00317	1	1.45898	0.81042	0	
1244095	8391.55762	3304715170635	0.58419	0.65701	8391.49023	0.06738	11110	1	0.61581	0.62403	1	0.56516	0.69870	1	0.59048	0.66137	1	0.48238	0.54504	12.19003	1.01419	1	0.74564	0.57182	13.35704	1.02100	1	-0.00446	-0.01075	0.67623	0.00306	1	0.06074	-0.01545	0.64967	0.00313	1	1.45898	0.81042	0	
1244096	8391.56445	3304715237576	0.58474	0.65707	8391.49023	0.07422	11110	1	0.61561	0.62033	1	0.56601	0.69532	1	0.59081	0.65782	1	0.48240	0.54528	12.30081	1.02100	1	0.74532	0.57142	13.13251	1.02781	1	-0.00435	-0.01013	0.63697	0.00296	1	0.06074	-0.01545	0.64967	0.00312	1	1.45898	0.81042	0	
1244097	8391.57129	3304715303838	0.58559	0.65626	8391.49023	0.08105	11110	1	0.63033	0.63474	1	0.56112	0.65835	1	0.59572	0.64655	1	0.48229	0.54531	12.36303	1.01979	1	0.74526	0.57141	13.41864	1.01979	1	-0.00435	-0.01013	0.63697	0.00296	1	0.06074	-0.01545	0.64967	0.00311	1	1.45898	0.81042	0	
1244098	8391.57715	3304715367607	0.58624	0.65619	8391.49023	0.08691	11110	1	0.62729	0.62676	1	0.56219	0.68384	1	0.59474	0.65530	1	0.48221	0.54526	12.49047	1.01177	1	0.74526	0.57173	13.42920	1.01177	1	-0.00435	-0.01013	0.63697	0.00299	1	0.06074	-0.01545	0.64967	0.00315	1	1.45898	0.81042	0	
1244099	8391.58398	3304715437762	0.58681	0.65629	8391.49023	0.09375	11110	1	0.62744	0.63110	1	0.56215	0.68402	1	0.59479	0.65756	1	0.48142	0.54543	12.15191	1.00376	1	0.74496	0.57172	13.39735	1.01141	1	-0.00457	-0.01043	0.65593	0.00296	1	0.06295	-0.01599	0.67483	0.00319	1	1.45898	0.81042	0	
1244100	8391.59082	3304715504633	0.58674	0.65837	8391.49023	0.10059	11110	1	0.60562	0.65736	1	0.56561	0.72185	1	0.58562	0.68960	1	0.48144	0.54535	12.18694	1.01141	1	0.74491	0.57144	13.67536	1.01907	1	-0.00457	-0.01043	0.65593	0.00292	1	0.06295	-0.01599	0.67483	0.00328	1	1.45898	0.81042	0	
1244101	8391.59766	3304715570191	0.58656	0.65835	8391.49023	0.10742	11110	1	0.61106	0.61231	1	0.55622	0.70393	1	0.58364	0.65812	1	0.48160	0.54539	12.36493	1.01907	1	0.74491	0.57094	13.20223	1.02673	1	-0.00457	-0.01043	0.65593	0.00290	1	0.06295	-0.01599	0.67483	0.00314	1	1.45898	0.81042	0	
1244102	8391.60449	3304715638459	0.58638	0.65808	8391.49023	0.11426	11110	1	0.61053	0.60364	1	0.55636	0.70334	1	0.58345	0.65349	1	0.48096	0.54539	12.06600	1.03475	1	0.74432	0.57138	13.39066	1.02794	1	-0.00489	-0.01079	0.67867	0.00291	1	0.05927	-0.01504	0.63644	0.00313	1	1.45898	0.81042	0	
1244103	8391.61133	3304715704310	0.58625	0.65924	8391.49023	0.12109	11110	1	0.60814	0.63586	1	0.55944	0.72439	1	0.58379	0.68012	1	0.48070	0.54525	11.87967	1.03596	1	0.74395	0.57107	13.07590	1.02149	1	-0.00489	-0.01079	0.67867	0.00293	1	0.05927	-0.01504	0.63644	0.00309	1	1.45898	0.81042	0	
1244104	8391.61816	3304715772435	0.58750	0.65949	8391.49023	0.12793	11110	1	0.63387	0.63700	1	0.58869	0.69146	1	0.61128	0.66423	1	0.48081	0.54534	12.28864	1.02951	1	0.74405	0.57066	13.11444	1.01504	1	-0.00489	-0.01079	0.67867	0.00290	1	0.05927	-0.01504	0.63644	0.00304	1	1.45898	0.81042	0	
1244105	8391.62402	3304715839644	0.58858	0.66007	8391.49023	0.13379	11110	1	0.63405	0.64456	1	0.58654	0.69882	1	0.61030	0.67169	1	0.47904	0.54538	11.87793	1.01504	1	0.74213	0.56965	12.66028	1.00057	1	-0.00520	-0.01051	0.66085	0.00298	1	0.05904	-0.01496	0.63911	0.00329	1	1.45898	0.81042	0	
1244106	8391.63086	3304715906631	0.58756	0.66076	8391.49023	0.14062	11110	1	0.60083	0.65930	1	0.53129	0.69108	1	0.56606	0.67519	1	0.47791	0.54521	11.64221	0.99256	1	0.74125	0.56977	12.84641	0.99256	1	-0.00520	-0.01051	0.66085	0.00288	1	0.05904	-0.01496	0.63911	0.00292	1	1.45898	0.81042	0	
1244107	8391.63770	3304715973524	0.59020	0.66107	8391.49023	0.14746	11110	1	0.66870	0.58659	1	0.62786	0.74899	1	0.64828	0.66779	1	0.47755	0.54396	10.85998	0.98454	1	0.74149	0.56899	12.19552	0.98454	1	-0.00520	-0.01051	0.66085	0.00306	1	0.05904	-0.01496	0.63911	0.00311	1	1.45898	0.81042	0	
1244108	8391.64453	3304716040725	0.59268	0.66121	8391.49023	0.15430	11110	1	0.66870	0.58659	1	0.63064	0.74224	1	0.64967	0.66442	1	0.47233	0.54375	11.62387	0.98454	1	0.73527	0.56663	12.45916	0.99901	1	-0.00652	-0.01071	0.68998	0.00345	1	0.06164	-0.01549	0.67937	0.00346	1	1.45898	0.81042	0	
1244109	8391.65137	3304716107561	0.58653	0.65695	8391.49023	0.16113	11110	1	0.44127	0.58646	1	0.43664	0.52292	1	0.43895	0.55469	1	0.47140	0.54285	11.78786	1.00702	1	0.73478	0.56572	12.09270	1.02149	1	-0.00652	-0.01071	0.68998	0.00331	1	0.06164	-0.01549	0.67937	0.00333	1	1.45898	0.81042	0	
1244110	8391.65820	3304716174612	0.58292	0.65159	8391.49023	0.16797	11110	1	0.48597	0.48827	1	0.49929	0.54731	1	0.49263	0.51779	1	0.47098	0.54234	11.99725	1.02951	1	0.73439	0.56540	13.83497	1.04397	1	-0.00652	-0.01071	0.68998	0.00297	1	0.06164	-0.01549	0.67937	0.00272	1	1.45898	0.81042	0	
1244111	8391.66504	3304716241575	0.57955	0.64629	8391.49023	0.17480	11110	1	0.48392	0.47853	1	0.50016	0.53822	1	0.49204	0.50837	1	0.46668	0.54024	11.02540	1.04397	1	0.73050	0.56519	12.24140	1.05844	1	-0.00695	-0.01016	0.65737	0.00251	1	0.06042	-0.01503	0.67489	0.00365	1	1.45898	0.81042	0	
1244112	8391.67090	3304716308333	0.54765	0.62249	8391.49023	0.17480	11110	0	0.34355	0.58447	1	0.27995	0.52336	1	0.31175	0.55392	1	0.46769	0.54299	12.12629	1.05043	1	0.72999	0.56444	13.06334	1.05043	1	-0.00695	-0.01016	0.65737	0.00396	1	0.06042	-0.01503	0.67489	0.00376	1	1.45898	0.81042	0	
1244113	8391.67773	3304716375427	0.43987	0.57380	8391.49023	0.17480	11110	0	0.33398	0.53524	1	0.33021	0.51498	1	0.33209	0.52511	1	0.46745	0.54286	11.71071	1.04241	1	0.72996	0.56423	13.03560	1.04241	1	-0.00695	-0.01016	0.65737	0.00393	1	0.06042	-0.01503	0.67489	0.00351	1	1.45898	0.81042	0	
1244114	8391.68457	3304716442740	0.40430	0.55833	8391.49023	0.17480	11110	0	0.33616	0.54026	1	0.33014	0.51455	1	0.33315	0.52740	1	0.46664	0.54316	11.99251	1.03439	1	0.72929	0.56410	13.27356	1.04307	1	-0.00727	-0.01019	0.65940	0.00408	1	0.06152	-0.01524	0.69119	0.00363	1	1.45898	0.81042	0	
1244115	8391.69141	3304716509112	0.32973	0.52799	8391.49023	0.17480	11110	0	0.34637	0.58476	1	0.30155	0.47818	1	0.32396	0.53147	1	0.46643	0.54299	11.85398	1.04307	1	0.72910	0.56406	13.19171	1.05175	1	-0.00727	-0.01019	0.65940	0.00402	1	0.06152	-0.01524	0.69119	0.00364	1	1.45898	0.81042	0	
1244116	8391.69824	3304716576392	0.33281	0.52049	8391.49023	0.17480	11110	0	0.35318	0.59037	1	0.31857	0.43560	1	0.33588	0.51298	1	0.46621	0.54311	12.30574	1.05175	1	0.72895	0.56341	12.37676	1.06043	1	-0.00727	-0.01019	0.65940	0.00389	1	0.06152	-0.01524	0.69119	0.00353	1	1.45898	0.81042	0	
1244117	8391.70508	3304716643514	0.33312	0.51637	8391.49023	0.17480	11110	0	0.34894	0.58090	1	0.31854	0.43535	1	0.33374	0.50812	1	0.46503	0.54375	12.37726	1.06845	1	0.72772	0.56256	12.62621	1.06079	1	-0.00783	-0.01047	0.67781	0.00415	1	0.05807	-0.01436	0.65576	0.00420	1	1.45898	0.81042	0	
1244118	8391.71094	3304716705821	0.32700	0.51237	8391.69141	0.01953	11111	1	0.32888	0.49968	1	0.28845	0.50104	1	0.30866	0.50036	1	0.46521	0.54269	12.18048	1.06881	1	0.72766	0.56327	12.72518	1.05247	1	-0.00783	-0.01047	0.67781	0.00373	1	0.05807	-0.01436	0.65576	0.00368	1	1.45898	0.81042	0	
1244119	8391.71777	3304716774474	0.32934	0.51121	8391.69141	0.02637	11111	1	0.36645	0.50592	1	0.31091	0.50722	1	0.33868	0.50657	1	0.46497	0.54269	12.09037	1.06049	1	0.72741	0.56337	12.86248	1.04415	1	-0.00783	-0.01047	0.67781	0.00379	1	0.05807	-0.01436	0.65576	0.00365	1	1.45898	0.81042	0	
1244120	8391.72461	3304716841013	0.33107	0.51092	8391.69141	0.03320	11111	1	0.36844	0.51127	1	0.31099	0.50765	1	0.33971	0.50946	1	0.46304	0.54035	11.50787	1.05216	1	0.72729	0.56283	12.76290	1.04348	1	-0.00822	-0.01046	0.67677	0.00256	1	0.05945	-0.01459	0.67539	0.00365	1	1.45898	0.81042	0	
1244121	8391.73145	3304716908832	0.33015	0.51153	8391.69141	0.04004	11111	1	0.35030	0.53938	1	0.29898	0.49109	1	0.32464	0.51523	1	0.46384	0.54297	12.48982	1.04348	1	0.72670	0.56215	13.14285	1.05114	1	-0.00822	-0.01046	0.67677	0.00368	1	0.05945	-0.01459	0.67539	0.00358	1	1.45898	0.81042	0	
1244122	8391.73828	3304716973656	0.33127	0.51226	8391.69141	0.04688	11111	1	0.37387	0.53607	1	0.30440	0.49857	1	0.33913	0.51732	1	0.46380	0.54302	12.07919	1.05114	1	0.72643	0.56220	12.79837	1.05880	1	-0.00822	-0.01046	0.67677	0.00367	1	0.05945	-0.01459	0.67539	0.00353	1	1.45898	0.81042	0	
1244123	8391.74414	3304717038921	0.33215	0.51284	8391.69141	0.05273	11111	1	0.37395	0.53629	1	0.30444	0.49881	1	0.33920	0.51755	1	0.46273	0.54322	12.30649	1.05078	1	0.72533	0.56210	13.46746	1.05844	1	-0.00847	-0.01046	0.67674	0.00393	1	0.06001	-0.01462	0.68400	0.00363	1	1.45898	0.81042	0	
1244124	8391.75195	3304717112370	0.33070	0.51131	8391.69141	0.06055	11111	1	0.33969	0.53615	1	0.29553	0.45894	1	0.31761	0.49754	1	0.46251	0.54297	11.91493	1.05043	1	0.72535	0.56187	13.22706	1.05043	1	-0.00847	-0.01046	0.67674	0.00393	1	0.06001	-0.01462	0.68400	0.00358	1	1.45898	0.81042	0	
1244125	8391.75781	3304717176478	0.32987	0.51348	8391.69141	0.06641	11111	1	0.34618	0.56801	1	0.29706	0.50228	1	0.32162	0.53515	1	0.46219	0.54310	12.29812	1.04241	1	0.72519	0.56166	13.08414	1.04241	1	-0.00847	-0.01046	0.67674	0.00379	1	0.06001	-0.01462	0.68400	0.00348	1	1.45898	0.81042	0	
1244126	8391.76562	3304717246590	0.32919	0.51529	8391.69141	0.07422	11111	1	0.34618	0.56801	1	0.29706	0.50228	1	0.32162	0.53515	1	0.46135	0.54312	12.64938	1.04241	1	0.72445	0.56137	12.61149	1.04241	1	-0.00891	-0.01055	0.68306	0.00374	1	0.05928	-0.01439	0.68035	0.00365	1	1.45898	0.81042	0	
1244127	8391.77148	3304717313587	0.33055	0.51374	8391.69141	0.08008	11111	1	0.37525	0.51070	1	0.31854	0.47974	1	0.34689	0.49522	1	0.46162	0.54258	12.72085	1.05043	1	0.72470	0.56107	12.46241	1.05043	1	-0.00891	-0.01055	0.68306	0.00360	1	0.05928	-0.01439	0.68035	0.00371	1	1.45898	0.81042	0	
1244128	8391.77832	3304717379995	0.33186	0.51061	8391.69141	0.08691	11111	1	0.38704	0.53173	1	0.31084	0.40803	1	0.34894	0.46988	1	0.46126	0.54296	13.30829	1.05844	1	0.72414	0.56014	12.01374	1.05844	1	-0.00891	-0.01055	0.68306	0.00357	1	0.05928	-0.01439	0.68035	0.00378	1	1.45898	0.81042	0	
1244129	8391.78516	3304717445881	0.33291	0.50753	8391.69141	0.09375	11111	1	0.38526	0.52678	1	0.30993	0.40212	1	0.34760	0.46445	1	0.45905	0.54014	11.09681	1.06646	1	0.72301	0.56087	12.67268	1.06646	1	-0.00935	-0.01058	0.68490	0.00248	1	0.05897	-0.01426	0.67916	0.00377	1	1.45898	0.81042	0	
1244130	8391.79199	3304717515888	0.33156	0.50831	8391.69141	0.10059	11111	1	0.34163	0.53604	1	0.28111	0.50389	1	0.31137	0.51996	1	0.45983	0.54308	12.30298	1.06646	1	0.72294	0.56038	13.12648	1.06646	1	-0.00935	-0.01058	0.68490	0.00391	1	0.05897	-0.01426	0.67916	0.00367	1	1.45898	0.81042	0	
1244131	8391.79883	3304717581250	0.33150	0.50934	8391.69141	0.10742	11111	1	0.33273	0.56376	1	0.32820	0.48786	1	0.33046	0.52581	1	0.45931	0.54332	12.34107	1.06646	1	0.72283	0.56025	12.89889	1.06646	1	-0.00935	-0.01058	0.68490	0.00404	1	0.05897	-0.01426	0.67916	0.00370	1	1.45898	0.81042	0	
1244132	8391.80566	3304717648948	0.33160	0.51078	8391.69141	0.11426	11111	1	0.33679	0.57262	1	0.32966	0.49785	1	0.33323	0.53523	1	0.45885	0.54297	12.17223	1.05132	1	0.72211	0.56045	13.12030	1.05132	1	-0.00903	-0.00990	0.64085	0.00424	1	0.05804	-0.01403	0.67304	0.00363	1	1.45898	0.81042	0	
1244133	8391.81152	3304717715037	0.33071	0.50943	8391.69141	0.12012	11111	1	0.31626	0.46959	1	0.31331	0.50073	1	0.31479	0.48516	1	0.45811	0.54208	12.16612	1.03617	1	0.72177	0.56011	12.70660	1.03617	1	-0.00903	-0.00990	0.64085	0.00423	1	0.05804	-0.01403	0.67304	0.00353	1	1.45898	0.81042	0	
1244134	8391.81836	3304717782792	0.33037	0.50966	8391.69141	0.12695	11111	1	0.34228	0.51857	1	0.30568	0.50938	1	0.32398	0.51398	1	0.45804	0.54247	12.07102	1.02103	1	0.72170	0.55993	12.78502	1.02103	1	-0.00903	-0.00990	0.64085	0.00406	1	0.05804	-0.01403	0.67304	0.00353	1	1.45898	0.81042	0	
1244135	8391.82520	3304717849889	0.33009	0.50998	8391.69141	0.13379	11111	1	0.34228	0.51857	1	0.30662	0.51449	1	0.32445	0.51653	1	0.45663	0.54025	11.06948	1.02103	1	0.72074	0.55981	12.75562	1.01337	1	-0.00989	-0.01051	0.68022	0.00244	1	0.05684	-0.01375	0.66202	0.00375	1	1.45898	0.81042	0	
1244136	8391.83203	3304717916760	0.32973	0.51047	8391.69141	0.14062	11111	1	0.34389	0.52799	1	0.30041	0.51350	1	0.32215	0.52075	1	0.45727	0.54283	12.69285	1.02851	1	0.72079	0.55975	12.70798	1.02086	1	-0.00989	-0.01051	0.68022	0.00371	1	0.05684	-0.01375	0.66202	0.00367	1	1.45898	0.81042	0	
1244137	8391.83887	3304717984046	0.33000	0.51195	8391.69141	0.14746	11111	1	0.34360	0.56619	1	0.32822	0.52276	1	0.33591	0.54447	1	0.45701	0.54317	12.49355	1.03600	1	0.72050	0.55971	13.01965	1.02834	1	-0.00989	-0.01051	0.68022	0.00385	1	0.05684	-0.01375	0.66202	0.00349	1	1.45898	0.81042	0	
1244138	8391.84570	3304718049946	0.33023	0.51322	8391.69141	0.15430	11111	1	0.34374	0.56651	1	0.32750	0.51812	1	0.33562	0.54232	1	0.45545	0.54046	11.32518	1.03546	1	0.71968	0.55923	12.53610	1.03546	1	-0.00989	-0.01024	0.66264	0.00253	1	0.05715	-0.01381	0.66977	0.00374	1	1.45898	0.81042	0	
1244139	8391.85254	3304718116854	0.33029	0.51289	8391.69141	0.16113	11111	1	0.35132	0.51939	1	0.31183	0.49069	1	0.33157	0.50504	1	0.45637	0.54258	12.17326	1.02745	1	0.71982	0.55904	12.43869	1.03511	1	-0.00989	-0.01024	0.66264	0.00375	1	0.05715	-0.01381	0.66977	0.00366	1	1.45898	0.81042	0	
1244140	8391.85938	3304718184135	0.33105	0.51327	8391.69141	0.16797	11111	1	0.37677	0.55944	1	0.32336	0.48634	1	0.35006	0.52289	1	0.45637	0.54258	12.17326	1.02709	1	0.71962	0.55904	12.05647	1.03475	1	-0.00989	-0.01024	0.66264	0.00375	1	0.05715	-0.01381	0.66977	0.00373	1	1.45898	0.81042	0	AUDIO_FILE_OFFSET
1244141	8391.86523	3304718249602	0.33175	0.51364	8391.69141	0.17383	11111	1	0.37685	0.55966	1	0.32339	0.48658	1	0.35012	0.52312	1	0.45479	0.54034	11.33405	1.02673	1	0.71906	0.55943	13.34516	1.03439	1	-0.01008	-0.01018	0.66237	0.00263	1	0.05790	-0.01394	0.68094	0.00360	1	1.45898	0.81042	0	
1244142	8391.87207	3304718317512	0.33163	0.51376	8391.69141	0.18066	11111	1	0.34101	0.53440	1	0.31539	0.49957	1	0.32820	0.51699	1	0.45551	0.54234	11.79076	1.03439	1	0.71908	0.55911	13.08351	1.03439	1	-0.01008	-0.01018	0.66237	0.00377	1	0.05790	-0.01394	0.68094	0.00364	1	1.45898	0.81042	0	
1244143	8391.87891	3304718384740	0.33173	0.51460	8391.69141	0.18750	11111	1	0.36451	0.60566	1	0.30479	0.47055	1	0.33465	0.53811	1	0.45534	0.54311	11.42100	1.03439	1	0.71847	0.55889	12.87261	1.03439	1	-0.01008	-0.01018	0.66237	0.00412	1	0.05790	-0.01394	0.68094	0.00352	1	1.45898	0.81042	0	
1244144	8391.88574	3304718448447	0.33183	0.51538	8391.69141	0.19434	11111	1	0.36451	0.60566	1	0.30479	0.47055	1	0.33465	0.53811	1	0.45310	0.54056	11.51063	1.03439	1	0.71739	0.55930	12.45753	1.03439	1	-0.01032	-0.01017	0.65838	0.00246	1	0.05692	-0.01376	0.67182	0.00370	1	1.45898	0.81042	0	STOP_TRIAL
1244445	8393.90234	3304738613920	0.67536	0.59011	8393.62695	0.09375	11118	0	0.71574	0.56647	1	0.67960	0.63821	1	0.69767	0.60234	1	0.47986	0.54537	11.85200	1.01142	1	0.74403	0.56854	11.61365	1.01907	1	-0.00548	-0.01062	0.65884	0.00342	1	0.06276	-0.01574	0.68158	0.00342	1	1.45898	0.81042	0	
1244446	8393.90820	3304738679660	0.68296	0.58189	8393.88867	0.01953	11119	1	0.73072	0.48039	1	0.68082	0.63407	1	0.70577	0.55723	1	0.48019	0.54448	11.05441	1.01907	1	0.74406	0.56853	11.60090	1.02673	1	-0.00548	-0.01062	0.65884	0.00347	1	0.06276	-0.01574	0.68158	0.00344	1	1.45898	0.81042	0	START_TRIAL
1244447	8393.91504	3304738745414	0.68782	0.57545	8393.88867	0.02637	11119	1	0.73183	0.46979	1	0.68269	0.62954	1	0.70726	0.54967	1	0.47977	0.54547	12.39233	1.03475	1	0.74382	0.56900	11.49745	1.03475	1	-0.00566	-0.01088	0.67443	0.00324	1	0.06007	-0.01511	0.65193	0.00364	1	1.45898	0.81042	0	
1244448	8393.92188	3304738816337	0.69683	0.55753	8393.88867	0.03320	11119	1	0.71923	0.53900	1	0.76450	0.39688	1	0.74187	0.46794	1	0.47991	0.54528	12.08445	1.04277	1	0.74538	0.56646	9.98533	1.03511	1	-0.00566	-0.01088	0.67443	0.00339	1	0.06007	-0.01511	0.65193	0.00259	1	1.45898	0.81042	0	
1244449	8393.92871	3304738881082	0.69524	0.55628	8393.88867	0.04004	11119	1	0.71206	0.53581	1	0.65931	0.56167	1	0.68568	0.54874	1	0.47986	0.54525	12.11794	1.04312	1	0.74359	0.56903	12.16003	1.03547	1	-0.00566	-0.01088	0.67443	0.00338	1	0.06007	-0.01511	0.65193	0.00349	1	1.45898	0.81042	0	
1244450	8393.93555	3304738947984	0.69391	0.55593	8393.88867	0.04688	11119	1	0.71164	0.54048	1	0.65769	0.56650	1	0.68467	0.55349	1	0.47959	0.54540	12.22565	1.03547	1	0.74510	0.56661	10.10980	1.02781	1	-0.00552	-0.01064	0.66305	0.00353	1	0.06007	-0.01506	0.65193	0.00247	1	1.45898	0.81042	0	
1244451	8393.94238	3304739015401	0.69958	0.54637	8393.88867	0.05371	11119	1	0.73372	0.54836	1	0.75613	0.39146	1	0.74493	0.46991	1	0.48059	0.54577	10.94445	1.01979	1	0.74527	0.56642	9.70132	1.01979	1	-0.00552	-0.01064	0.66305	0.00371	1	0.06007	-0.01506	0.65193	0.00254	1	1.45898	0.81042	0	
1244452	8393.94922	3304739082590	0.70591	0.53873	8393.88867	0.06055	11119	1	0.76565	0.56879	1	0.76000	0.37125	1	0.76283	0.47002	1	0.48058	0.54523	10.94271	1.01177	1	0.74525	0.56660	10.04933	1.01177	1	-0.00552	-0.01064	0.66305	0.00344	1	0.06007	-0.01506	0.65193	0.00254	1	1.45898	0.81042	0	
1244453	8393.95508	3304739149485	0.71119	0.53219	8393.88867	0.06641	11119	1	0.76565	0.56879	1	0.76238	0.36478	1	0.76401	0.46678	1	0.48045	0.54548	11.07518	1.01177	1	0.74373	0.56913	11.47913	1.01943	1	-0.00566	-0.01088	0.67443	0.00356	1	0.06142	-0.01548	0.66594	0.00355	1	1.45898	0.81042	0	
1244454	8393.96191	3304739216431	0.70944	0.53743	8393.88867	0.07324	11119	1	0.72216	0.56758	1	0.65817	0.62249	1	0.69017	0.59503	1	0.47999	0.54564	12.01663	1.02745	1	0.74360	0.56897	11.64418	1.03511	1	-0.00566	-0.01088	0.67443	0.00339	1	0.06142	-0.01548	0.66594	0.00358	1	1.45898	0.81042	0	
1244455	8393.96875	3304739283818	0.70845	0.54242	8393.88867	0.08008	11119	1	0.72796	0.55833	1	0.66529	0.64630	1	0.69662	0.60231	1	0.48001	0.54567	12.13735	1.04312	1	0.74380	0.56933	11.31341	1.05078	1	-0.00566	-0.01088	0.67443	0.00334	1	0.06142	-0.01548	0.66594	0.00355	1	1.45898	0.81042	0	
1244456	8393.97559	3304739350466	0.70763	0.54654	8393.88867	0.08691	11119	1	0.72848	0.55383	1	0.66529	0.64630	1	0.69689	0.60006	1	0.47996	0.54579	11.94402	1.05078	1	0.74367	0.56915	11.68151	1.05078	1	-0.00548	-0.01062	0.65884	0.00326	1	0.06152	-0.01542	0.66762	0.00353	1	1.45898	0.81042	0	
1244457	8393.98242	3304739417182	0.70924	0.54858	8393.88867	0.09375	11119	1	0.75473	0.53262	1	0.70882	0.62164	1	0.73177	0.57713	1	0.48048	0.54533	11.04665	1.04277	1	0.74410	0.56889	11.65530	1.03511	1	-0.00548	-0.01062	0.65884	0.00351	1	0.06152	-0.01542	0.66762	0.00368	1	1.45898	0.81042	0	
1244458	8393.98926	3304739484831	0.70830	0.55103	8393.88867	0.10059	11119	1	0.72685	0.56774	1	0.66160	0.60778	1	0.69423	0.58776	1	0.48001	0.54567	12.13735	1.02709	1	0.74382	0.56876	11.39871	1.01943	1	-0.00548	-0.01062	0.65884	0.00334	1	0.06152	-0.01542	0.66762	0.00377	1	1.45898	0.81042	0	
1244459	8393.99609	3304739551657	0.70739	0.55360	8393.88867	0.10742	11119	1	0.72577	0.57695	1	0.65986	0.61254	1	0.69282	0.59475	1	0.47989	0.54522	12.13758	1.01142	1	0.74371	0.56925	11.81721	1.01142	1	-0.00552	-0.01064	0.66305	0.00333	1	0.06301	-0.01581	0.68432	0.00382	1	1.45898	0.81042	0	
1244460	8394.00195	3304739619097	0.70787	0.55856	8393.88867	0.11328	11119	1	0.74937	0.56701	1	0.68267	0.71894	1	0.71602	0.64297	1	0.48004	0.54537	11.63930	1.01142	1	0.74374	0.56890	12.01954	1.01907	1	-0.00552	-0.01064	0.66305	0.00352	1	0.06301	-0.01581	0.68432	0.00362	1	1.45898	0.81042	0	
1244461	8394.00879	3304739684803	0.70995	0.56239	8393.88867	0.12012	11119	1	0.76377	0.55568	1	0.73100	0.70695	1	0.74739	0.63131	1	0.47992	0.54491	11.17015	1.01907	1	0.74381	0.56886	12.31998	1.02673	1	-0.00552	-0.01064	0.66305	0.00328	1	0.06301	-0.01581	0.68432	0.00352	1	1.45898	0.81042	0	
1244462	8394.01562	3304739752132	0.71191	0.56550	8393.88867	0.12695	11119	1	0.76537	0.54623	1	0.73327	0.70298	1	0.74932	0.62461	1	0.47665	0.54320	10.67365	1.03475	1	0.74098	0.56695	11.41940	1.03475	1	-0.00634	-0.01097	0.69338	0.00342	1	0.06017	-0.01501	0.65831	0.00378	1	1.45898	0.81042	0	
1244463	8394.02246	3304739819081	0.70881	0.56170	8393.88867	0.13379	11119	1	0.66446	0.47609	1	0.62906	0.49507	1	0.64676	0.48558	1	0.47637	0.54353	11.40161	1.04277	1	0.74047	0.56616	12.33127	1.03511	1	-0.00634	-0.01097	0.69338	0.00344	1	0.06017	-0.01501	0.65831	0.00359	1	1.45898	0.81042	0	
1244464	8394.02930	3304739886058	0.70758	0.56174	8393.88867	0.14062	11119	1	0.69126	0.51540	1	0.67223	0.60964	1	0.68174	0.56252	1	0.47631	0.54312	11.12788	1.04312	1	0.74041	0.56636	12.34309	1.03547	1	-0.00634	-0.01097	0.69338	0.00342	1	0.06017	-0.01501	0.65831	0.00345	1	1.45898	0.81042	0	
1244465	8394.03613	3304739953009	0.70204	0.58927	8393.88867	0.14062	11119	0	0.69098	0.52023	1	0.67052	0.61411	1	0.68075	0.56717	1	0.47339	0.54170	10.51537	1.03547	1	0.73709	0.56391	12.23951	1.02781	1	-0.00658	-0.01046	0.67020	0.00363	1	0.05993	-0.01475	0.66222	0.00403	1	1.45898	0.81042	0	
1244466	8394.04297	3304740020451	0.61884	0.51728	8393.88867	0.14062	11119	0	0.54593	0.41953	1	0.52534	0.47105	1	0.53564	0.44529	1	0.47288	0.54186	11.35331	1.01979	1	0.73672	0.56446	12.70493	1.01979	1	-0.00658	-0.01046	0.67020	0.00352	1	0.05993	-0.01475	0.66222	0.00383	1	1.45898	0.81042	0	
1244467	8394.04883	3304740086207	0.59035	0.49305	8393.88867	0.14062	11119	0	0.53782	0.41770	1	0.52893	0.47145	1	0.53337	0.44458	1	0.47280	0.54146	11.14488	1.01177	1	0.73675	0.56443	12.56343	1.01177	1	-0.00658	-0.01046	0.67020	0.00375	1	0.05993	-0.01475	0.66222	0.00380	1	1.45898	0.81042	0	
1244468	8394.05566	3304740153703	0.53424	0.44389	8393.88867	0.14062	11119	0	0.53782	0.41770	1	0.52962	0.46589	1	0.53372	0.44180	1	0.47288	0.54175	11.28048	1.01177	1	0.73617	0.56364	11.99677	1.01943	1	-0.00676	-0.01039	0.67253	0.00354	1	0.06005	-0.01479	0.66408	0.00383	1	1.45898	0.81042	0	
1244469	8394.06250	3304740221090	0.52111	0.44515	8393.88867	0.14062	11119	0	0.52223	0.45097	1	0.49374	0.44187	1	0.50798	0.44642	1	0.47288	0.54183	11.34339	1.02745	1	0.73612	0.56413	12.28927	1.03511	1	-0.00676	-0.01039	0.67253	0.00356	1	0.06005	-0.01479	0.66408	0.00394	1	1.45898	0.81042	0	
1244470	8394.06934	3304740287354	0.51892	0.43353	8393.88867	0.14062	11119	0	0.53834	0.40786	1	0.49075	0.41271	1	0.51454	0.41028	1	0.47284	0.54163	11.16940	1.04312	1	0.73606	0.56403	12.31551	1.05078	1	-0.00676	-0.01039	0.67253	0.00371	1	0.06005	-0.01479	0.66408	0.00395	1	1.45898	0.81042	0	
1244471	8394.07617	3304740352423	0.51774	0.42480	8394.05566	0.02051	11120	1	0.53685	0.39627	1	0.49156	0.40092	1	0.51420	0.39859	1	0.47280	0.54144	11.05303	1.05880	1	0.73608	0.56366	12.06187	1.06646	1	-0.00676	-0.01039	0.67253	0.00370	1	0.06005	-0.01479	0.66408	0.00394	1	1.45898	0.81042	0	
1244472	8394.08301	3304740422099	0.51242	0.41467	8394.05566	0.02734	11120	1	0.51273	0.38494	1	0.46953	0.36337	1	0.49113	0.37415	1	0.47283	0.54155	11.06048	1.06646	1	0.73610	0.56371	11.83648	1.06646	1	-0.00676	-0.01039	0.67253	0.00373	1	0.06005	-0.01479	0.66408	0.00405	1	1.45898	0.81042	0	
1244473	8394.08984	3304740489122	0.50920	0.40808	8394.05566	0.03418	11120	1	0.52067	0.39181	1	0.46555	0.35843	1	0.49311	0.37512	1	0.47297	0.54168	11.28816	1.06646	1	0.73604	0.56376	12.08345	1.06646	1	-0.00676	-0.01039	0.67253	0.00362	1	0.06005	-0.01479	0.66408	0.00399	1	1.45898	0.81042	0	
1244474	8394.09570	3304740556390	0.50695	0.40424	8394.05566	0.04004	11120	1	0.52154	0.39773	1	0.46532	0.36476	1	0.49343	0.38125	1	0.47317	0.54142	11.36535	1.05844	1	0.73592	0.56449	12.12122	1.05844	1	-0.00654	-0.01009	0.65623	0.00363	1	0.06005	-0.01484	0.66408	0.00385	1	1.45898	0.81042	0	
1244475	8394.10254	3304740623018	0.50612	0.40926	8394.05566	0.04688	11120	1	0.54234	0.48252	1	0.45823	0.40616	1	0.50028	0.44434	1	0.47321	0.54147	11.19790	1.05043	1	0.73595	0.56400	12.40056	1.05043	1	-0.00654	-0.01009	0.65623	0.00361	1	0.06005	-0.01484	0.66408	0.00390	1	1.45898	0.81042	0	
1244476	8394.10938	3304740689927	0.50660	0.41444	8394.05566	0.05371	11120	1	0.54638	0.50986	1	0.47454	0.40192	1	0.51046	0.45589	1	0.47326	0.54175	11.31736	1.04241	1	0.73622	0.56380	11.99057	1.04241	1	-0.00654	-0.01009	0.65623	0.00366	1	0.06005	-0.01484	0.66408	0.00373	1	1.45898	0.81042	0	
1244477	8394.11621	3304740757209	0.50697	0.41888	8394.05566	0.06055	11120	1	0.54638	0.50986	1	0.47426	0.40779	1	0.51032	0.45882	1	0.47301	0.54144	11.35306	1.04241	1	0.73654	0.56392	11.96125	1.03475	1	-0.00667	-0.01046	0.68391	0.00361	1	0.05844	-0.01431	0.64470	0.00375	1	1.45898	0.81042	0	
1244478	8394.12305	3304740821273	0.50598	0.41785	8394.05566	0.06738	11120	1	0.52622	0.39127	1	0.46585	0.42399	1	0.49604	0.40763	1	0.47302	0.54093	11.33821	1.04277	1	0.73645	0.56404	12.02472	1.03511	1	-0.00667	-0.01046	0.68391	0.00353	1	0.05844	-0.01431	0.64470	0.00381	1	1.45898	0.81042	0	
1244479	8394.12891	3304740886340	0.50617	0.41583	8394.05566	0.07324	11120	1	0.52653	0.37299	1	0.49005	0.41414	1	0.50829	0.39357	1	0.47303	0.54078	11.21411	1.04312	1	0.73644	0.56399	11.97424	1.03547	1	-0.00667	-0.01046	0.68391	0.00349	1	0.05844	-0.01431	0.64470	0.00382	1	1.45898	0.81042	0	
1244480	8394.13574	3304740954979	0.50633	0.41410	8394.05566	0.08008	11120	1	0.52650	0.37272	1	0.49007	0.41387	1	0.50828	0.39329	1	0.47295	0.54070	10.86122	1.04348	1	0.73651	0.56366	11.11744	1.03582	1	-0.00667	-0.01046	0.68391	0.00376	1	0.05844	-0.01431	0.64470	0.00390	1	1.45898	0.81042	0	
1244481	8394.14258	3304741023000	0.50667	0.41510	8394.05566	0.08691	11120	1	0.55907	0.42093	1	0.46307	0.43538	1	0.51107	0.42816	1	0.47353	0.54087	10.82553	1.03582	1	0.73638	0.56419	12.22580	1.03582	1	-0.00667	-0.01046	0.68391	0.00355	1	0.05844	-0.01431	0.64470	0.00395	1	1.45898	0.81042	0	
1244482	8394.14941	3304741089411	0.50704	0.41525	8394.05566	0.09375	11120	1	0.52991	0.45069	1	0.49445	0.38399	1	0.51218	0.41734	1	0.47302	0.54103	10.86631	1.03582	1	0.73693	0.56353	11.54691	1.03582	1	-0.00667	-0.01046	0.68391	0.00362	1	0.05844	-0.01431	0.64470	0.00414	1	1.45898	0.81042	0	
1244483	8394.15625	3304741156460	0.50737	0.41519	8394.05566	0.10059	11120	1	0.52991	0.45069	1	0.49488	0.37793	1	0.51240	0.41431	1	0.47340	0.54077	10.24920	1.03582	1	0.73679	0.56330	11.96434	1.04348	1	-0.00672	-0.01060	0.68946	0.00358	1	0.06116	-0.01497	0.67413	0.00417	1	1.45898	0.81042	0	
1244484	8394.16309	3304741221720	0.50628	0.41539	8394.05566	0.10742	11120	1	0.52200	0.44568	1	0.45564	0.39151	1	0.48882	0.41860	1	0.47331	0.54116	10.57607	1.04348	1	0.73664	0.56377	12.19121	1.05114	1	-0.00672	-0.01060	0.68946	0.00355	1	0.06116	-0.01497	0.67413	0.00407	1	1.45898	0.81042	0	
1244485	8394.16992	3304741289573	0.50562	0.41478	8394.05566	0.11426	11120	1	0.52192	0.43778	1	0.46685	0.37108	1	0.49438	0.40443	1	0.47330	0.54109	10.60543	1.05114	1	0.73678	0.56381	12.18503	1.05880	1	-0.00672	-0.01060	0.68946	0.00351	1	0.06116	-0.01497	0.67413	0.00394	1	1.45898	0.81042	0	
1244486	8394.17578	3304741357473	0.50501	0.41394	8394.05566	0.12012	11120	1	0.52109	0.43237	1	0.46708	0.36507	1	0.49408	0.39872	1	0.47337	0.54090	11.07619	1.05880	1	0.73667	0.56407	12.17280	1.06646	1	-0.00667	-0.01046	0.68391	0.00354	1	0.06158	-0.01504	0.67765	0.00389	1	1.45898	0.81042	0	
1244487	8394.18262	3304741423265	0.50420	0.41141	8394.05566	0.12695	11120	1	0.52140	0.33955	1	0.45598	0.38728	1	0.48869	0.36341	1	0.47343	0.54053	10.84132	1.06646	1	0.73669	0.56399	12.11017	1.06646	1	-0.00667	-0.01046	0.68391	0.00366	1	0.06158	-0.01504	0.67765	0.00386	1	1.45898	0.81042	0	
1244488	8394.18945	3304741494165	0.50334	0.41126	8394.05566	0.13379	11120	1	0.51553	0.42257	1	0.45687	0.39411	1	0.48620	0.40834	1	0.47321	0.54087	10.59912	1.06646	1	0.73665	0.56399	11.87078	1.06646	1	-0.00667	-0.01046	0.68391	0.00353	1	0.06158	-0.01504	0.67765	0.00384	1	1.45898	0.81042	0	
1244489	8394.19629	3304741560793	0.50257	0.41098	8394.05566	0.14062	11120	1	0.51553	0.42257	1	0.45705	0.38755	1	0.48629	0.40506	1	0.47342	0.54088	11.11001	1.06646	1	0.73724	0.56390	11.10292	1.07514	1	-0.00667	-0.01046	0.68391	0.00347	1	0.06331	-0.01548	0.69722	0.00377	1	1.45898	0.81042	0	
1244490	8394.20312	3304741627669	0.50264	0.40972	8394.05566	0.14746	11120	1	0.52908	0.41317	1	0.47936	0.35080	1	0.50422	0.38199	1	0.47341	0.54108	10.60495	1.07514	1	0.73707	0.56389	11.54316	1.08382	1	-0.00667	-0.01046	0.68391	0.00347	1	0.06331	-0.01548	0.69722	0.00378	1	1.45898	0.81042	0	
1244491	8394.20996	3304741694690	0.50262	0.40854	8394.05566	0.15430	11120	1	0.50535	0.38503	1	0.49909	0.37777	1	0.50222	0.38140	1	0.47310	0.54075	10.13629	1.08382	1	0.73733	0.56405	11.17196	1.09250	1	-0.00667	-0.01046	0.68391	0.00348	1	0.06331	-0.01548	0.69722	0.00374	1	1.45898	0.81042	0	
1244492	8394.21680	3304741761631	0.50258	0.40733	8394.05566	0.16113	11120	1	0.50433	0.37865	1	0.49909	0.37777	1	0.50171	0.37821	1	0.47321	0.54103	10.50963	1.09250	1	0.73715	0.56444	11.55470	1.09250	1	-0.00667	-0.01046	0.68391	0.00353	1	0.06158	-0.01504	0.67765	0.00376	1	1.45898	0.81042	0	
1244493	8394.22363	3304741829285	0.50234	0.40601	8394.05566	0.16797	11120	1	0.50376	0.39507	1	0.48850	0.35106	1	0.49613	0.37306	1	0.47341	0.54083	10.61324	1.09250	1	0.73716	0.56389	11.03913	1.08382	1	-0.00667	-0.01046	0.68391	0.00344	1	0.06158	-0.01504	0.67765	0.00382	1	1.45898	0.81042	0	
1244494	8394.22949	3304741894244	0.50163	0.40666	8394.05566	0.17383	11120	1	0.49551	0.42719	1	0.47105	0.41981	1	0.48328	0.42350	1	0.47327	0.54116	10.92170	1.08382	1	0.73694	0.56417	11.07543	1.07514	1	-0.00667	-0.01046	0.68391	0.00338	1	0.06158	-0.01504	0.67765	0.00387	1	1.45898	0.81042	0	
1244495	8394.23633	3304741960439	0.50100	0.40778	8394.05566	0.18066	11120	1	0.49762	0.43881	1	0.47025	0.43751	1	0.48393	0.43816	1	0.47364	0.54111	10.25879	1.06712	1	0.73740	0.56422	11.30350	1.05078	1	-0.00642	-0.01016	0.66416	0.00336	1	0.06006	-0.01471	0.66033	0.00375	1	1.45898	0.81042	0	
1244496	8394.24316	3304742027328	0.50129	0.40984	8394.05566	0.18750	11120	1	0.53373	0.43889	1	0.48527	0.49574	1	0.50950	0.46731	1	0.47388	0.54121	10.58531	1.04277	1	0.73728	0.56427	11.39475	1.03511	1	-0.00642	-0.01016	0.66416	0.00343	1	0.06006	-0.01471	0.66033	0.00375	1	1.45898	0.81042	0	
1244497	8394.25000	3304742093238	0.50160	0.41063	8394.05566	0.19434	11120	1	0.53128	0.41551	1	0.48989	0.45192	1	0.51059	0.43371	1	0.47383	0.54104	10.02933	1.02709	1	0.73725	0.56420	11.77579	1.01943	1	-0.00642	-0.01016	0.66416	0.00349	1	0.06006	-0.01471	0.66033	0.00364	1	1.45898	0.81042	0	
1244498	8394.25684	3304742162895	0.50189	0.41134	8394.05566	0.20117	11120	1	0.53114	0.41444	1	0.48997	0.45087	1	0.51055	0.43266	1	0.47418	0.54098	10.30677	1.02852	1	0.73710	0.56402	11.28835	1.02086	1	-0.00673	-0.01081	0.70633	0.00355	1	0.06060	-0.01484	0.66626	0.00366	1	1.45898	0.81042	0	
1244499	8394.26367	3304742227476	0.50205	0.41187	8394.05566	0.20801	11120	1	0.54988	0.45973	1	0.46399	0.39671	1	0.50693	0.42822	1	0.47416	0.54116	10.42338	1.03796	1	0.73717	0.56386	11.34735	1.03796	1	-0.00673	-0.01081	0.70633	0.00347	1	0.06060	-0.01484	0.66626	0.00380	1	1.45898	0.81042	0	
1244500	8394.26953	3304742293491	0.49924	0.41093	8394.05566	0.21387	11120	1	0.54988	0.45973	0	0.40958	0.38084	1	0.40958	0.38084	1	0.47416	0.54116	10.42338	1.05506	0	0.47418	0.54077	10.12825	1.05506	1	-0.00673	-0.01081	0.70633	0.00347	1	0.06060	-0.01484	0.66626	0.00357	1	1.45898	0.81042	0	
1244501	8394.27637	3304742360300	0.49659	0.40948	8394.05566	0.22070	11120	1	0.54988	0.45973	0	0.40902	0.36171	1	0.40902	0.36171	1	0.47416	0.54116	10.42338	1.07217	0	0.47382	0.53838	10.77274	1.07982	1	-0.00673	-0.01081	0.70633	0.00347	1	-0.00646	-0.01046	0.68385	0.00206	1	1.45898	0.81042	0	
1244502	8394.28320	3304742428421	0.49324	0.40826	8394.05566	0.22754	11120	1	0.54988	0.45973	0	0.37947	0.36677	1	0.37947	0.36677	1	0.47416	0.54116	10.42338	1.07982	0	0.47408	0.54112	10.71577	1.08748	1	-0.00673	-0.01081	0.70633	0.00347	1	-0.00646	-0.01046	0.68385	0.00356	1	1.45898	0.81042	0	
1244503	8394.29004	3304742495901	0.49031	0.40689	8394.05566	0.23438	11120	1	0.54988	0.45973	0	0.38742	0.35875	1	0.38742	0.35875	1	0.47416	0.54116	10.42338	1.08748	0	0.47423	0.54101	11.03457	1.09514	1	-0.00673	-0.01081	0.70633	0.00347	1	-0.00646	-0.01046	0.68385	0.00349	1	1.45898	0.81042	0	
1244504	8394.29688	3304742562338	0.45613	0.40147	8394.05566	0.23438	11120	0	0.54988	0.45973	0	0.38711	0.35290	1	0.38711	0.35290	1	0.47416	0.54116	10.42338	1.09514	0	0.47395	0.54060	10.11878	1.10280	1	-0.00673	-0.01081	0.70633	0.00347	1	-0.00646	-0.01046	0.68385	0.00360	1	1.45898	0.81042	0	
1244505	8394.30371	3304742633001	0.40888	0.36515	8394.05566	0.23438	11120	0	0.54988	0.45973	0	0.36163	0.32884	1	0.36163	0.32884	1	0.47416	0.54116	10.42338	1.10280	0	0.47391	0.54085	10.00909	1.10280	1	-0.00673	-0.01081	0.70633	0.00347	1	-0.00646	-0.01046	0.68385	0.00370	1	1.45898	0.81042	0	
1244506	8394.31055	3304742699663	0.39342	0.36266	8394.05566	0.23438	11120	0	0.54988	0.45973	0	0.36251	0.35768	1	0.36251	0.35768	1	0.47416	0.54116	10.42338	1.10280	0	0.47386	0.54089	10.31005	1.10280	1	-0.00673	-0.01081	0.70633	0.00347	1	-0.00646	-0.01046	0.68385	0.00358	1	1.45898	0.81042	0	
1244507	8394.31738	3304742765649	0.36222	0.34806	8394.05566	0.23438	11120	0	0.54988	0.45973	0	0.36251	0.35768	1	0.36251	0.35768	1	0.47416	0.54116	10.42338	1.10280	0	0.47403	0.54107	10.26132	1.10280	1	-0.00673	-0.01081	0.70633	0.00347	1	-0.00652	-0.01050	0.68998	0.00371	1	1.45898	0.81042	0	
1244508	8394.32422	3304742834033	0.36434	0.34011	8394.05566	0.23438	11120	0	0.54988	0.45973	0	0.36646	0.33216	1	0.36646	0.33216	1	0.47416	0.54116	10.42338	1.10280	0	0.47428	0.54089	10.94002	1.10280	1	-0.00673	-0.01081	0.70633	0.00347	1	-0.00652	-0.01050	0.68998	0.00353	1	1.45898	0.81042	0	
1244509	8394.33008	3304742898969	0.36010	0.33072	8394.05566	0.23438	11120	0	0.54988	0.45973	0	0.35163	0.31194	1	0.35163	0.31194	1	0.47416	0.54116	10.42338	1.10280	0	0.47411	0.54066	10.52438	1.10280	1	-0.00673	-0.01081	0.70633	0.00347	1	-0.00652	-0.01050	0.68998	0.00361	1	1.45898	0.81042	0	
1244510	8394.33691	3304742965824	0.35798	0.32602	8394.31738	0.01953	11121	1	0.54988	0.45973	0	0.35163	0.31194	1	0.35163	0.31194	1	0.47416	0.54116	10.42338	1.10280	0	0.47465	0.54122	9.70585	1.10280	1	-0.00673	-0.01081	0.70633	0.00347	1	-0.00634	-0.01050	0.69338	0.00356	1	1.45898	0.81042	0	
1244511	8394.34375	3304743035277	0.36721	0.33543	8394.31738	0.02637	11121	1	0.54988	0.45973	0	0.40413	0.37304	1	0.40413	0.37304	1	0.47416	0.54116	10.42338	1.10280	0	0.47486	0.54112	10.06743	1.10280	1	-0.00673	-0.01081	0.70633	0.00347	1	-0.00634	-0.01050	0.69338	0.00357	1	1.45898	0.81042	0	
1244512	8394.35059	3304743101267	0.37442	0.33860	8394.31738	0.03320	11121	1	0.54988	0.45973	0	0.41045	0.35445	1	0.41045	0.35445	1	0.47416	0.54116	10.42338	1.10280	0	0.47505	0.54096	10.57341	1.10280	1	-0.00673	-0.01081	0.70633	0.00347	1	-0.00634	-0.01050	0.69338	0.00354	1	1.45898	0.81042	0	
1244513	8394.35742	3304743168310	0.37957	0.34086	8394.31738	0.04004	11121	1	0.54988	0.45973	0	0.41045	0.35445	1	0.41045	0.35445	1	0.47416	0.54116	10.42338	1.10280	0	0.47472	0.54070	10.40364	1.10280	1	-0.00673	-0.01081	0.70633	0.00347	1	-0.00634	-0.01050	0.69338	0.00369	1	1.45898	0.81042	0	
1244514	8394.36426	3304743235091	0.37957	0.34086	8394.31738	0.04688	11121	1	0.54988	0.45973	0	0.41045	0.35445	0	0.41045	0.35445	0	0.47416	0.54116	10.42338	1.10280	0	0.47472	0.54070	10.40364	1.10280	0	-0.00673	-0.01081	0.70633	0.00347	1	-0.00634	-0.01050	0.69338	0.00369	1	1.45898	0.81042	0	
1244515	8394.37109	3304743302972	0.37957	0.34086	8394.31738	0.05371	11121	1	0.54988	0.45973	0	0.41045	0.35445	0	0.41045	0.35445	0	0.47416	0.54116	10.42338	1.10280	0	0.47472	0.54070	10.40364	1.10280	0	-0.00673	-0.01081	0.70633	0.00347	1	-0.00634	-0.01050	0.69338	0.00369	1	1.45898	0.81042	0	
1244516	8394.37695	3304743369552	0.37957	0.34086	8394.31738	0.05957	11121	1	0.54988	0.45973	0	0.41045	0.35445	0	0.41045	0.35445	0	0.47416	0.54116	10.42338	1.10280	0	0.47472	0.54070	10.40364	1.10280	0	-0.00673	-0.01081	0.70633	0.00347	1	-0.00634	-0.01050	0.69338	0.00369	1	1.45898	0.81042	0	
1244517	8394.38379	3304743436068	0.38246	0.33966	8394.31738	0.05957	11121	0	0.54988	0.45973	0	0.41045	0.35445	0	0.41045	0.35445	0	0.47416	0.54116	10.42338	1.10280	0	0.47472	0.54070	10.40364	1.10280	0	-0.00673	-0.01081	0.70633	0.00347	1	-0.00634	-0.01050	0.69338	0.00369	1	1.45898	0.81042	0	
1244518	8394.39062	3304743503016	0.38246	0.33966	8394.31738	0.05957	11121	0	0.54988	0.45973	0	0.41045	0.35445	0	0.41045	0.35445	0	0.47416	0.54116	10.42338	1.10280	0	0.47472	0.54070	10.40364	1.10280	0	-0.00673	-0.01081	0.70633	0.00347	1	-0.00634	-0.01050	0.69338	0.00369	1	1.45898	0.81042	0	
1244519	8394.39746	3304743570444	0.38246	0.33966	8394.31738	0.05957	11121	0	0.54988	0.45973	0	0.41045	0.35445	0	0.41045	0.35445	0	0.47416	0.54116	10.42338	1.10280	0	0.47472	0.54070	10.40364	1.10280	0	-0.00673	-0.01081	0.70633	0.00347	1	-0.00634	-0.01050	0.69338	0.00369	1	1.45898	0.81042	0	
1244520	8394.40430	3304743637433	0.00000	0.00000	8394.31738	0.05957	11121	0	0.54988	0.45973	0	0.41045	0.35445	0	0.41045	0.35445	0	0.47416	0.54116	10.42338	1.10280	0	0.47472	0.54070	10.40364	1.10280	0	-0.00673	-0.01081	0.70633	0.00347	1	-0.00634	-0.01050	0.69338	0.00369	1	1.45898	0.81042	0	
1244521	8394.41113	3304743704272	0.00000	0.00000	8394.31738	0.05957	11121	0	0.54988	0.45973	0	0.41045	0.35445	0	0.41045	0.35445	0	0.47416	0.54116	10.42338	1.10280	0	0.47472	0.54070	10.40364	1.10280	0	-0.00673	-0.01081	0.70633	0.00347	1	-0.00634	-0.01050	0.69338	0.00369	1	1.45898	0.81042	0	
1244522	8394.41699	3304743769576	0.00000	0.00000	8394.31738	0.05957	11121	0	0.54988	0.45973	0	0.41045	0.35445	0	0.41045	0.35445	0	0.47416	0.54116	10.42338	1.10280	0	0.47472	0.54070	10.40364	1.10280	0	-0.00673	-0.01081	0.70633	0.00347	1	-0.00634	-0.01050	0.69338	0.00369	1	1.45898	0.81042	0	
1244523	8394.42480	3304743838916	0.00000	0.00000	8394.31738	0.05957	11121	0	0.54988	0.45973	0	0.41045	0.35445	0	0.41045	0.35445	0	0.47416	0.54116	10.42338	1.10280	0	0.47472	0.54070	10.40364	1.10280	0	-0.00673	-0.01081	0.70633	0.00347	1	-0.00634	-0.01050	0.69338	0.00369	1	1.45898	0.81042	0	
1244524	8394.43066	3304743905743	0.00000	0.00000	8394.31738	0.05957	11121	0	0.54988	0.45973	0	0.41045	0.35445	0	0.41045	0.35445	0	0.47416	0.54116	10.42338	1.10280	0	0.47472	0.54070	10.40364	1.10280	0	-0.00673	-0.01081	0.70633	0.00347	1	-0.00634	-0.01050	0.69338	0.00369	1	1.45898	0.81042	0	
1244525	8394.43750	3304743969449	0.00000	0.00000	8394.31738	0.05957	11121	0	0.54988	0.45973	0	0.41045	0.35445	0	0.41045	0.35445	0	0.47416	0.54116	10.42338	1.10280	0	0.47472	0.54070	10.40364	1.10280	0	-0.00673	-0.01081	0.70633	0.00347	1	-0.00634	-0.01050	0.69338	0.00369	1	1.45898	0.81042	0	
1244526	8394.44434	3304744038926	0.00000	0.00000	8394.31738	0.05957	11121	0	0.54988	0.45973	0	0.41045	0.35445	0	0.41045	0.35445	0	0.47416	0.54116	10.42338	1.10280	0	0.47472	0.54070	10.40364	1.10280	0	-0.00673	-0.01081	0.70633	0.00347	1	-0.00634	-0.01050	0.69338	0.00369	1	1.45898	0.81042	0	
1244527	8394.45117	3304744106062	0.00000	0.00000	8394.31738	0.05957	11121	0	0.54988	0.45973	0	0.41045	0.35445	0	0.41045	0.35445	0	0.47416	0.54116	10.42338	1.10280	0	0.47472	0.54070	10.40364	1.10280	0	-0.00673	-0.01081	0.70633	0.00347	1	-0.00634	-0.01050	0.69338	0.00369	1	1.45898	0.81042	0	
1244528	8394.45801	3304744171339	0.00000	0.00000	8394.31738	0.05957	11121	0	0.54988	0.45973	0	0.41045	0.35445	0	0.41045	0.35445	0	0.47416	0.54116	10.42338	1.10280	0	0.47472	0.54070	10.40364	1.10280	0	-0.00673	-0.01081	0.70633	0.00347	1	-0.00634	-0.01050	0.69338	0.00369	1	1.45898	0.81042	0	
1244529	8394.46484	3304744240176	0.00000	0.00000	8394.31738	0.05957	11121	0	0.54988	0.45973	0	0.41045	0.35445	0	0.41045	0.35445	0	0.47416	0.54116	10.42338	1.10280	0	0.47472	0.54070	10.40364	1.10280	0	-0.00673	-0.01081	0.70633	0.00347	1	-0.00634	-0.01050	0.69338	0.00369	1	1.45898	0.81042	0	
1244530	8394.47070	3304744306706	0.00000	0.00000	8394.31738	0.05957	11121	0	0.54988	0.45973	0	0.41045	0.35445	0	0.41045	0.35445	0	0.47416	0.54116	10.42338	1.10280	0	0.47472	0.54070	10.40364	1.10280	0	-0.00673	-0.01081	0.70633	0.00347	1	-0.00634	-0.01050	0.69338	0.00369	1	1.45898	0.81042	0	
1244531	8394.47754	3304744373060	0.00000	0.00000	8394.31738	0.05957	11121	0	0.54988	0.45973	0	0.41045	0.35445	0	0.41045	0.35445	0	0.47416	0.54116	10.42338	1.10280	0	0.47472	0.54070	10.40364	1.10280	0	-0.00673	-0.01081	0.70633	0.00347	1	-0.00634	-0.01050	0.69338	0.00369	1	1.45898	0.81042	0	
1244532	8394.48438	3304744440887	0.00000	0.00000	8394.31738	0.05957	11121	0	0.54988	0.45973	0	0.41045	0.35445	0	0.41045	0.35445	0	0.47416	0.54116	10.42338	1.10280	0	0.47472	0.54070	10.40364	1.10280	0	-0.00673	-0.01081	0.70633	0.00347	1	-0.00634	-0.01050	0.69338	0.00369	1	1.45898	0.81042	0	
1244533	8394.49121	3304744507758	0.00000	0.00000	8394.31738	0.05957	11121	0	0.54988	0.45973	0	0.41045	0.35445	0	0.41045	0.35445	0	0.47416	0.54116	10.42338	1.10280	0	0.47472	0.54070	10.40364	1.10280	0	-0.00673	-0.01081	0.70633	0.00347	1	-0.00634	-0.01050	0.69338	0.00369	1	1.45898	0.81042	0	
1244534	8394.49805	3304744574883	0.00000	0.00000	8394.31738	0.05957	11121	0	0.54988	0.45973	0	0.41045	0.35445	0	0.41045	0.35445	0	0.47416	0.54116	10.42338	1.10280	0	0.47472	0.54070	10.40364	1.10280	0	-0.00673	-0.01081	0.70633	0.00347	1	-0.00634	-0.01050	0.69338	0.00369	1	1.45898	0.81042	0	
1244535	8394.50488	3304744642386	0.00000	0.00000	8394.31738	0.05957	11121	0	0.54988	0.45973	0	0.41045	0.35445	0	0.41045	0.35445	0	0.47416	0.54116	10.42338	1.10280	0	0.47472	0.54070	10.40364	1.10280	0	-0.00673	-0.01081	0.70633	0.00347	1	-0.00634	-0.01050	0.69338	0.00369	1	1.45898	0.81042	0	
1244536	8394.51172	3304744708136	0.00000	0.00000	8394.31738	0.05957	11121	0	0.54988	0.45973	0	0.41045	0.35445	0	0.41045	0.35445	0	0.47416	0.54116	10.42338	1.10280	0	0.47472	0.54070	10.40364	1.10280	0	-0.00673	-0.01081	0.70633	0.00347	1	-0.00634	-0.01050	0.69338	0.00369	1	1.45898	0.81042	0	
1244537	8394.51758	3304744775515	0.00000	0.00000	8394.31738	0.05957	11121	0	0.54988	0.45973	0	0.41045	0.35445	0	0.41045	0.35445	0	0.47416	0.54116	10.42338	1.10280	0	0.47472	0.54070	10.40364	1.10280	0	-0.00673	-0.01081	0.70633	0.00347	1	-0.00634	-0.01050	0.69338	0.00369	1	1.45898	0.81042	0	
1244538	8394.52441	3304744843250	0.00000	0.00000	8394.31738	0.05957	11121	0	0.54988	0.45973	0	0.41045	0.35445	0	0.41045	0.35445	0	0.47416	0.54116	10.42338	1.10280	0	0.47472	0.54070	10.40364	1.10280	0	-0.00673	-0.01081	0.70633	0.00347	1	-0.00634	-0.01050	0.69338	0.00369	1	1.45898	0.81042	0	
1244539	8394.53125	3304744905796	0.00000	0.00000	8394.31738	0.05957	11121	0	0.54988	0.45973	0	0.41045	0.35445	0	0.41045	0.35445	0	0.47416	0.54116	10.42338	1.10280	0	0.47472	0.54070	10.40364	1.10280	0	-0.00673	-0.01081	0.70633	0.00347	1	-0.00634	-0.01050	0.69338	0.00369	1	1.45898	0.81042	0	
1244540	8394.53809	3304744974436	0.00000	0.00000	8394.31738	0.05957	11121	0	0.54988	0.45973	0	0.41045	0.35445	0	0.41045	0.35445	0	0.47416	0.54116	10.42338	1.10280	0	0.47472	0.54070	10.40364	1.10280	0	-0.00673	-0.01081	0.70633	0.00347	1	-0.00634	-0.01050	0.69338	0.00369	1	1.45898	0.81042	0	
1244541	8394.54492	3304745040001	0.00000	0.00000	8394.31738	0.05957	11121	0	0.54988	0.45973	0	0.41045	0.35445	0	0.41045	0.35445	0	0.47416	0.54116	10.42338	1.10280	0	0.47472	0.54070	10.40364	1.10280	0	-0.00673	-0.01081	0.70633	0.00347	1	-0.00634	-0.01050	0.69338	0.00369	1	1.45898	0.81042	0	
1244542	8394.55176	3304745110229	0.00000	0.00000	8394.31738	0.05957	11121	0	0.54988	0.45973	0	0.41045	0.35445	0	0.41045	0.35445	0	0.47416	0.54116	10.42338	1.10280	0	0.47472	0.54070	10.40364	1.10280	0	-0.00673	-0.01081	0.70633	0.00347	1	-0.00634	-0.01050	0.69338	0.00369	1	1.45898	0.81042	0	
1244543	8394.55859	3304745176275	0.00000	0.00000	8394.31738	0.05957	11121	0	0.54988	0.45973	0	0.41045	0.35445	0	0.41045	0.35445	0	0.47416	0.54116	10.42338	1.10280	0	0.47472	0.54070	10.40364	1.10280	0	-0.00673	-0.01081	0.70633	0.00347	1	-0.00634	-0.01050	0.69338	0.00369	1	1.45898	0.81042	0	
1244544	8394.56445	3304745240918	0.00000	0.00000	8394.31738	0.05957	11121	0	0.54988	0.45973	0	0.41045	0.35445	0	0.41045	0.35445	0	0.47416	0.54116	10.42338	1.10280	0	0.47472	0.54070	10.40364	1.10280	0	-0.00673	-0.01081	0.70633	0.00347	1	-0.00634	-0.01050	0.69338	0.00369	1	1.45898	0.81042	0	
1244545	8394.57129	3304745308979	0.00000	0.00000	8394.31738	0.05957	11121	0	0.54988	0.45973	0	0.41045	0.35445	0	0.41045	0.35445	0	0.47416	0.54116	10.42338	1.10280	0	0.47472	0.54070	10.40364	1.10280	0	-0.00673	-0.01081	0.70633	0.00347	1	-0.00634	-0.01050	0.69338	0.00369	1	1.45898	0.81042	0	
1244546	8394.57812	3304745375747	0.00000	0.00000	8394.31738	0.05957	11121	0	0.54988	0.45973	0	0.41045	0.35445	0	0.41045	0.35445	0	0.47416	0.54116	10.42338	1.10280	0	0.47472	0.54070	10.40364	1.10280	0	-0.00673	-0.01081	0.70633	0.00347	1	-0.00634	-0.01050	0.69338	0.00369	1	1.45898	0.81042	0	
1244547	8394.58496	3304745443363	0.49958	0.39471	8394.31738	0.05957	11121	0	0.51513	0.36365	1	0.48402	0.42577	1	0.49958	0.39471	1	0.47486	0.53986	10.46203	1.10280	1	0.73875	0.56420	11.44795	1.10280	1	-0.00673	-0.01081	0.70633	0.00359	1	-0.00634	-0.01050	0.69338	0.00369	1	1.45898	0.81042	0	
1244548	8394.59277	3304745518679	0.49942	0.34292	8394.31738	0.05957	11121	0	0.50839	0.18158	1	0.49016	0.40066	1	0.49927	0.29112	1	0.47491	0.53750	10.54992	1.10280	1	0.73881	0.56418	11.45472	1.10280	1	-0.00673	-0.01081	0.70633	0.00215	1	-0.00634	-0.01050	0.69338	0.00369	1	1.45898	0.81042	0	
1244549	8394.59863	3304745579659	0.49947	0.32812	8394.31738	0.05957	11121	0	0.50941	0.18981	1	0.48971	0.40727	1	0.49956	0.29854	1	0.47482	0.53757	10.55492	1.09372	1	0.73877	0.56411	11.25239	1.09372	1	-0.00630	-0.01032	0.68827	0.00215	1	0.06157	-0.01494	0.67308	0.00372	1	1.45898	0.81042	0	
1244550	8394.60547	3304745646703	0.46778	0.33006	8394.58496	0.02051	11122	1	0.50941	0.18981	0	0.37272	0.33588	1	0.37272	0.33588	1	0.47482	0.53757	10.55492	1.08463	0	0.47477	0.53984	10.02053	1.08463	1	-0.00630	-0.01032	0.68827	0.00215	1	0.06157	-0.01494	0.67308	0.00357	1	1.45898	0.81042	0	
1244551	8394.61230	3304745714064	0.44956	0.32591	8394.58496	0.02734	11122	1	0.50941	0.18981	0	0.37667	0.30930	1	0.37667	0.30930	1	0.47482	0.53757	10.55492	1.07555	0	0.47481	0.53969	10.36185	1.07555	1	-0.00630	-0.01032	0.68827	0.00215	1	0.06157	-0.01494	0.67308	0.00366	1	1.45898	0.81042	0	
1244552	8394.61816	3304745780873	0.43749	0.32439	8394.58496	0.03320	11122	1	0.50941	0.18981	0	0.37714	0.31676	1	0.37714	0.31676	1	0.47482	0.53757	10.55492	1.06646	0	0.47505	0.53973	10.52117	1.06646	1	-0.00630	-0.01032	0.68827	0.00215	1	-0.00630	-0.01032	0.68827	0.00357	1	1.45898	0.81042	0	
1244553	8394.62500	3304745847444	0.42745	0.32245	8394.58496	0.04004	11122	1	0.50941	0.18981	0	0.36723	0.31082	1	0.36723	0.31082	1	0.47482	0.53757	10.55492	1.06646	0	0.47471	0.53996	10.17956	1.06646	1	-0.00630	-0.01032	0.68827	0.00215	1	-0.00630	-0.01032	0.68827	0.00350	1	1.45898	0.81042	0	
1244554	8394.63184	3304745914503	0.42216	0.32339	8394.58496	0.04688	11122	1	0.50941	0.18981	0	0.38508	0.33001	1	0.38508	0.33001	1	0.47482	0.53757	10.55492	1.06646	0	0.47495	0.54003	10.78716	1.06646	1	-0.00630	-0.01032	0.68827	0.00215	1	-0.00630	-0.01032	0.68827	0.00340	1	1.45898	0.81042	0	
1244555	8394.63867	3304745981501	0.41804	0.32413	8394.58496	0.05371	11122	1	0.50941	0.18981	0	0.38508	0.33001	1	0.38508	0.33001	1	0.47482	0.53757	10.55492	1.06646	0	0.47501	0.54004	10.67162	1.06646	1	-0.00630	-0.01032	0.68827	0.00215	1	-0.00630	-0.01032	0.68827	0.00349	1	1.45898	0.81042	0	
1244556	8394.64551	3304746048890	0.41280	0.30403	8394.58496	0.06055	11122	1	0.50941	0.18981	0	0.36566	0.12312	1	0.36566	0.12312	1	0.47482	0.53757	10.55492	1.06646	0	0.47443	0.53761	10.51361	1.06646	1	-0.00630	-0.01032	0.68827	0.00215	1	-0.00630	-0.01032	0.68827	0.00214	1	1.45898	0.81042	0	
1244557	8394.65234	3304746115795	0.41003	0.28737	8394.58496	0.06738	11122	1	0.50941	0.18981	0	0.38231	0.12081	1	0.38231	0.12081	1	0.47482	0.53757	10.55492	1.06646	0	0.47448	0.53763	10.42131	1.06646	1	-0.00630	-0.01032	0.68827	0.00215	1	-0.00630	-0.01032	0.68827	0.00211	1	1.45898	0.81042	0	
1244558	8394.65918	3304746182581	0.40772	0.27349	8394.58496	0.07422	11122	1	0.50941	0.18981	0	0.38231	0.12081	1	0.38231	0.12081	1	0.47482	0.53757	10.55492	1.06646	0	0.47441	0.53779	10.39013	1.06646	1	-0.00630	-0.01032	0.68827	0.00215	1	-0.00630	-0.01032	0.68827	0.00205	1	1.45898	0.81042	0	
1244559	8394.66504	3304746249435	0.40560	0.26145	8394.58496	0.08008	11122	1	0.50941	0.18981	0	0.38013	0.11695	1	0.38013	0.11695	1	0.47482	0.53757	10.55492	1.06646	0	0.47442	0.53751	10.93933	1.06646	1	-0.00630	-0.01032	0.68827	0.00215	1	-0.00630	-0.01032	0.68827	0.00209	1	1.45898	0.81042	0	
1244560	8394.67188	3304746316996	0.40420	0.25090	8394.58496	0.08691	11122	1	0.50941	0.18981	0	0.38609	0.11376	1	0.38609	0.11376	1	0.47482	0.53757	10.55492	1.06646	0	0.47446	0.53758	10.66849	1.06646	1	-0.00630	-0.01032	0.68827	0.00215	1	-0.00630	-0.01032	0.68827	0.00211	1	1.45898	0.81042	0	
1244561	8394.67871	3304746383637	0.37888	0.22017	8394.58496	0.08691	11122	0	0.50941	0.18981	0	0.38609	0.11376	1	0.38609	0.11376	1	0.47482	0.53757	10.55492	1.06646	0	0.47422	0.53773	10.65084	1.06646	1	-0.00630	-0.01032	0.68827	0.00215	1	-0.00644	-0.01028	0.68205	0.00217	1	1.45898	0.81042	0	
1244562	8394.68555	3304746450604	0.43721	0.31512	8394.58496	0.08691	11122	0	0.51761	0.35771	1	0.47349	0.46246	1	0.49555	0.41008	1	0.47409	0.53987	10.69410	1.06646	1	0.73772	0.56469	11.80283	1.06646	1	-0.00630	-0.01032	0.68827	0.00373	1	-0.00644	-0.01028	0.68205	0.00376	1	1.45898	0.81042	0	
1244563	8394.69238	3304746516944	0.45700	0.31043	8394.58496	0.08691	11122	0	0.51390	0.18470	1	0.47925	0.41741	1	0.49657	0.30105	1	0.47417	0.53778	10.76760	1.06646	1	0.73784	0.56434	12.18123	1.06646	1	-0.00630	-0.01032	0.68827	0.00217	1	-0.00644	-0.01028	0.68205	0.00359	1	1.45898	0.81042	0	
1244564	8394.69922	3304746584503	0.49618	0.33834	8394.58496	0.08691	11122	0	0.51390	0.18470	1	0.47893	0.42304	1	0.49642	0.30387	1	0.47416	0.53776	10.69582	1.06646	1	0.73794	0.56422	11.38776	1.05880	1	-0.00644	-0.01028	0.68205	0.00217	1	0.06042	-0.01477	0.66318	0.00369	1	1.45898	0.81042	0	
1244565	8394.70605	3304746651809	0.49548	0.32184	8394.58496	0.08691	11122	0	0.49729	0.16255	1	0.49229	0.44814	1	0.49479	0.30535	1	0.47383	0.53789	11.07467	1.05880	1	0.73806	0.56430	11.35398	1.05114	1	-0.00644	-0.01028	0.68205	0.00213	1	0.06042	-0.01477	0.66318	0.00371	1	1.45898	0.81042	0	
1244566	8394.71191	3304746718539	0.49366	0.31362	8394.58496	0.08691	11122	0	0.49411	0.17170	1	0.48590	0.42266	1	0.49000	0.29718	1	0.47387	0.53785	10.37565	1.05114	1	0.73799	0.56410	11.05106	1.04348	1	-0.00644	-0.01028	0.68205	0.00224	1	0.06042	-0.01477	0.66318	0.00374	1	1.45898	0.81042	0	
1244567	8394.71875	3304746785388	0.49172	0.34088	8394.69922	0.01953	11123	1	0.49411	0.17170	0	0.48590	0.42266	1	0.48590	0.42266	1	0.47387	0.53785	10.37565	1.04348	0	0.73808	0.56403	10.84309	1.04348	1	-0.00644	-0.01028	0.68205	0.00224	1	0.06155	-0.01501	0.67617	0.00380	1	1.45898	0.81042	0	
1244568	8394.72559	3304746852033	0.49172	0.34088	8394.69922	0.02637	11123	1	0.49411	0.17170	0	0.48590	0.42266	0	0.48590	0.42266	0	0.47387	0.53785	10.37565	1.04348	0	0.73808	0.56403	10.84309	1.05114	0	-0.00644	-0.01028	0.68205	0.00224	1	0.06155	-0.01501	0.67617	0.00380	1	1.45898	0.81042	0	
1244569	8394.73242	3304746919146	0.49057	0.35317	8394.69922	0.03320	11123	1	0.49411	0.17170	0	0.48600	0.40232	1	0.48600	0.40232	1	0.47387	0.53785	10.37565	1.05114	0	0.73793	0.56389	11.21678	1.05880	1	-0.00644	-0.01028	0.68205	0.00224	1	0.06155	-0.01501	0.67617	0.00375	1	1.45898	0.81042	0	
1244570	8394.73926	3304746985778	0.49057	0.35317	8394.69922	0.04004	11123	1	0.49411	0.17170	0	0.48600	0.40232	0	0.48600	0.40232	0	0.47387	0.53785	10.37565	1.05880	0	0.73793	0.56389	11.21678	1.06646	0	-0.00644	-0.01028	0.68205	0.00224	1	0.06155	-0.01501	0.67617	0.00375	1	1.45898	0.81042	0	
1244571	8394.74512	3304747050180	0.49057	0.35317	8394.69922	0.04590	11123	1	0.49411	0.17170	0	0.48600	0.40232	0	0.48600	0.40232	0	0.47387	0.53785	10.37565	1.06646	0	0.73793	0.56389	11.21678	1.06646	0	-0.00644	-0.01028	0.68205	0.00224	1	0.06155	-0.01501	0.67617	0.00375	1	1.45898	0.81042	0	
1244572	8394.75195	3304747117418	0.49057	0.35317	8394.69922	0.05273	11123	1	0.49411	0.17170	0	0.48600	0.40232	0	0.48600	0.40232	0	0.47387	0.53785	10.37565	1.06646	0	0.73793	0.56389	11.21678	1.06646	0	-0.00644	-0.01028	0.68205	0.00224	1	0.06155	-0.01501	0.67617	0.00375	1	1.45898	0.81042	0	
1244573	8394.75879	3304747185876	0.48917	0.35688	8394.69922	0.05273	11123	0	0.49411	0.17170	0	0.48600	0.40232	0	0.48600	0.40232	0	0.47387	0.53785	10.37565	1.06646	0	0.73793	0.56389	11.21678	1.06646	0	-0.00644	-0.01028	0.68205	0.00224	1	0.06155	-0.01501	0.67617	0.00375	1	1.45898	0.81042	0	
1244574	8394.76562	3304747254008	0.48917	0.35688	8394.69922	0.05273	11123	0	0.49411	0.17170	0	0.48600	0.40232	0	0.48600	0.40232	0	0.47387	0.53785	10.37565	1.06646	0	0.73793	0.56389	11.21678	1.06646	0	-0.00644	-0.01028	0.68205	0.00224	1	0.06155	-0.01501	0.67617	0.00375	1	1.45898	0.81042	0	
1244575	8394.77246	3304747321421	0.48917	0.35688	8394.69922	0.05273	11123	0	0.49411	0.17170	0	0.48600	0.40232	0	0.48600	0.40232	0	0.47387	0.53785	10.37565	1.06646	0	0.73793	0.56389	11.21678	1.06646	0	-0.00644	-0.01028	0.68205	0.00224	1	0.06155	-0.01501	0.67617	0.00375	1	1.45898	0.81042	0	
1244576	8394.77930	3304747387929	0.00000	0.00000	8394.69922	0.05273	11123	0	0.49411	0.17170	0	0.48600	0.40232	0	0.48600	0.40232	0	0.47387	0.53785	10.37565	1.06646	0	0.73793	0.56389	11.21678	1.06646	0	-0.00644	-0.01028	0.68205	0.00224	1	0.06155	-0.01501	0.67617	0.00375	1	1.45898	0.81042	0	
1244577	8394.78613	3304747454816	0.00000	0.00000	8394.69922	0.05273	11123	0	0.49411	0.17170	0	0.48600	0.40232	0	0.48600	0.40232	0	0.47387	0.53785	10.37565	1.06646	0	0.73793	0.56389	11.21678	1.06646	0	-0.00644	-0.01028	0.68205	0.00224	1	0.06155	-0.01501	0.67617	0.00375	1	1.45898	0.81042	0	
1244578	8394.79297	3304747523351	0.00000	0.00000	8394.69922	0.05273	11123	0	0.49411	0.17170	0	0.48600	0.40232	0	0.48600	0.40232	0	0.47387	0.53785	10.37565	1.06646	0	0.73793	0.56389	11.21678	1.06646	0	-0.00644	-0.01028	0.68205	0.00224	1	0.06155	-0.01501	0.67617	0.00375	1	1.45898	0.81042	0	
1244579	8394.79980	3304747591030	0.48636	0.39653	8394.69922	0.05273	11123	0	0.49411	0.17170	0	0.48636	0.39653	1	0.48636	0.39653	1	0.47333	0.54061	10.79424	1.06646	0	0.47333	0.54061	10.79424	1.06646	1	-0.00644	-0.01028	0.68205	0.00224	1	-0.00667	-0.01036	0.68391	0.00362	1	1.45898	0.81042	0	
1244580	8394.80664	3304747656918	0.44161	0.35699	8394.69922	0.05273	11123	0	0.49411	0.17170	0	0.39687	0.31744	1	0.39687	0.31744	1	0.47333	0.54061	10.79424	1.06646	0	0.47355	0.54039	11.13318	1.06646	1	-0.00644	-0.01028	0.68205	0.00224	1	-0.00667	-0.01036	0.68391	0.00358	1	1.45898	0.81042	0	
1244581	8394.81250	3304747722620	0.41663	0.35434	8394.69922	0.05273	11123	0	0.49411	0.17170	0	0.36665	0.34904	1	0.36665	0.34904	1	0.47333	0.54061	10.79424	1.06646	0	0.47309	0.54073	10.57034	1.06646	1	-0.00644	-0.01028	0.68205	0.00224	1	-0.00667	-0.01036	0.68391	0.00351	1	1.45898	0.81042	0	
1244582	8394.81934	3304747790196	0.37672	0.33851	8394.69922	0.05273	11123	0	0.49411	0.17170	0	0.36665	0.34904	1	0.36665	0.34904	1	0.47333	0.54061	10.79424	1.06646	0	0.47333	0.54073	10.83906	1.06646	1	-0.00644	-0.01028	0.68205	0.00224	1	-0.00667	-0.01046	0.68391	0.00345	1	1.45898	0.81042	0	
1244583	8394.82617	3304747857048	0.38797	0.32031	8394.69922	0.05273	11123	0	0.49411	0.17170	0	0.39921	0.30212	1	0.39921	0.30212	1	0.47333	0.54061	10.79424	1.06646	0	0.47358	0.54029	10.84809	1.06646	1	-0.00644	-0.01028	0.68205	0.00224	1	-0.00667	-0.01046	0.68391	0.00352	1	1.45898	0.81042	0	
1244584	8394.83301	3304747924024	0.38728	0.31077	8394.69922	0.05273	11123	0	0.49411	0.17170	0	0.38592	0.29169	1	0.38592	0.29169	1	0.47333	0.54061	10.79424	1.06646	0	0.47338	0.54022	10.57612	1.06646	1	-0.00644	-0.01028	0.68205	0.00224	1	-0.00667	-0.01046	0.68391	0.00360	1	1.45898	0.81042	0	
1244585	8394.83984	3304747991688	0.38694	0.30600	8394.81934	0.02051	11124	1	0.49411	0.17170	0	0.38592	0.29169	1	0.38592	0.29169	1	0.47333	0.54061	10.79424	1.06646	0	0.47317	0.54081	10.90404	1.06646	1	-0.00644	-0.01028	0.68205	0.00224	1	-0.00672	-0.01060	0.68946	0.00352	1	1.45898	0.81042	0	
1244586	8394.84570	3304748056964	0.38608	0.31131	8394.81934	0.02637	11124	1	0.49411	0.17170	0	0.38265	0.33255	1	0.38265	0.33255	1	0.47333	0.54061	10.79424	1.06646	0	0.47334	0.54099	11.04742	1.06646	1	-0.00644	-0.01028	0.68205	0.00224	1	-0.00672	-0.01060	0.68946	0.00356	1	1.45898	0.81042	0	
1244587	8394.85254	3304748125009	0.38376	0.30592	8394.81934	0.03320	11124	1	0.49411	0.17170	0	0.37215	0.27895	1	0.37215	0.27895	1	0.47333	0.54061	10.79424	1.06646	0	0.47308	0.54056	10.23706	1.06646	1	-0.00644	-0.01028	0.68205	0.00224	1	-0.00672	-0.01060	0.68946	0.00368	1	1.45898	0.81042	0	
1244588	8394.85938	3304748191507	0.38210	0.30206	8394.81934	0.04004	11124	1	0.49411	0.17170	0	0.37215	0.27895	1	0.37215	0.27895	1	0.47333	0.54061	10.79424	1.06646	0	0.47302	0.54090	10.52604	1.06646	1	-0.00644	-0.01028	0.68205	0.00224	1	-0.00672	-0.01060	0.68946	0.00378	1	1.45898	0.81042	0	
1244589	8394.86621	3304748258978	0.38089	0.30324	8394.81934	0.04688	11124	1	0.49411	0.17170	0	0.37238	0.31144	1	0.37238	0.31144	1	0.47333	0.54061	10.79424	1.06646	0	0.47318	0.54071	10.45881	1.06646	1	-0.00644	-0.01028	0.68205	0.00224	1	-0.00672	-0.01060	0.68946	0.00367	1	1.45898	0.81042	0	
1244590	8394.87305	3304748325935	0.37981	0.30462	8394.81934	0.05371	11124	1	0.49411	0.17170	0	0.37123	0.31566	1	0.37123	0.31566	1	0.47333	0.54061	10.79424	1.06646	0	0.47314	0.54069	10.41767	1.06646	1	-0.00644	-0.01028	0.68205	0.00224	1	-0.00672	-0.01060	0.68946	0.00368	1	1.45898	0.81042	0	
1244591	8394.87988	3304748393101	0.37896	0.30572	8394.81934	0.06055	11124	1	0.49411	0.17170	0	0.37123	0.31566	1	0.37123	0.31566	1	0.47333	0.54061	10.79424	1.06646	0	0.47338	0.54084	10.50878	1.06646	1	-0.00644	-0.01028	0.68205	0.00224	1	-0.00672	-0.01060	0.68946	0.00353	1	1.45898	0.81042	0	
1244592	8394.88672	3304748460652	0.37911	0.30745	8394.81934	0.06738	11124	1	0.49411	0.17170	0	0.38070	0.32470	1	0.38070	0.32470	1	0.47333	0.54061	10.79424	1.06646	0	0.47327	0.54101	10.62358	1.06646	1	-0.00644	-0.01028	0.68205	0.00224	1	-0.00672	-0.01060	0.68946	0.00345	1	1.45898	0.81042	0	
1244593	8394.89355	3304748526820	0.37906	0.30602	8394.81934	0.07422	11124	1	0.49411	0.17170	0	0.37846	0.29033	1	0.37846	0.29033	1	0.47333	0.54061	10.79424	1.06646	0	0.47321	0.54081	10.46861	1.06646	1	-0.00644	-0.01028	0.68205	0.00224	1	-0.00672	-0.01060	0.68946	0.00354	1	1.45898	0.81042	0	
1244594	8394.89941	3304748591137	0.37901	0.30481	8394.81934	0.08008	11124	1	0.49411	0.17170	0	0.37846	0.29033	1	0.37846	0.29033	1	0.47333	0.54061	10.79424	1.06646	0	0.47315	0.54100	10.62796	1.06646	1	-0.00644	-0.01028	0.68205	0.00224	1	-0.00672	-0.01060	0.68946	0.00348	1	1.45898	0.81042	0	
1244595	8394.90625	3304748658588	0.37993	0.30361	8394.81934	0.08691	11124	1	0.49411	0.17170	0	0.39191	0.28803	1	0.39191	0.28803	1	0.47333	0.54061	10.79424	1.06646	0	0.47339	0.54051	10.24893	1.06646	1	-0.00644	-0.01028	0.68205	0.00224	1	-0.00672	-0.01060	0.68946	0.00354	1	1.45898	0.81042	0	
1244596	8394.91309	3304748728953	0.38073	0.30258	8394.81934	0.09375	11124	1	0.49411	0.17170	0	0.39191	0.28803	1	0.39191	0.28803	1	0.47333	0.54061	10.79424	1.06646	0	0.47339	0.54051	10.24893	1.06646	1	-0.00644	-0.01028	0.68205	0.00224	1	-0.00672	-0.01060	0.68946	0.00354	1	1.45898	0.81042	0	
1244597	8394.91992	3304748793367	0.38143	0.30167	8394.81934	0.10059	11124	1	0.49411	0.17170	0	0.39191	0.28803	1	0.39191	0.28803	1	0.47333	0.54061	10.79424	1.06646	0	0.47342	0.54085	10.34818	1.06646	1	-0.00644	-0.01028	0.68205	0.00224	1	-0.00672	-0.01060	0.68946	0.00352	1	1.45898	0.81042	0	
1244598	8394.92676	3304748859873	0.38193	0.30177	8394.81934	0.10742	11124	1	0.49411	0.17170	0	0.38982	0.30345	1	0.38982	0.30345	1	0.47333	0.54061	10.79424	1.06646	0	0.47345	0.54062	10.25318	1.06646	1	-0.00644	-0.01028	0.68205	0.00224	1	-0.00672	-0.01060	0.68946	0.00360	1	1.45898	0.81042	0	
1244599	8394.93262	3304748925624	0.38816	0.30625	8394.81934	0.11328	11124	1	0.52251	0.36421	1	0.46575	0.40041	1	0.49413	0.38231	1	0.47342	0.54085	10.34818	1.06646	1	0.73682	0.56396	11.81140	1.06646	1	-0.00644	-0.01028	0.68205	0.00353	1	-0.00672	-0.01060	0.68946	0.00408	1	1.45898	0.81042	0	
1244600	8394.93945	3304748994180	0.39374	0.31025	8394.81934	0.12012	11124	1	0.52251	0.36421	1	0.46575	0.40041	1	0.49413	0.38231	1	0.47342	0.54085	10.34818	1.06646	1	0.73687	0.56392	11.72753	1.06646	1	-0.00667	-0.01046	0.68391	0.00353	1	0.06116	-0.01502	0.67413	0.00409	1	1.45898	0.81042	0	
1244601	8394.94629	3304749059727	0.39882	0.31303	8394.81934	0.12695	11124	1	0.52251	0.36421	1	0.46808	0.36754	1	0.49530	0.36587	1	0.47342	0.54085	10.34818	1.06646	1	0.73688	0.56367	11.77995	1.06646	1	-0.00667	-0.01046	0.68391	0.00353	1	0.06116	-0.01502	0.67413	0.00416	1	1.45898	0.81042	0	
1244602	8394.95312	3304749124843	0.40329	0.31721	8394.81934	0.13379	11124	1	0.52251	0.36421	1	0.46298	0.43736	1	0.49275	0.40078	1	0.47342	0.54085	10.34818	1.06646	1	0.73678	0.56451	12.00432	1.06646	1	-0.00667	-0.01046	0.68391	0.00353	1	0.06116	-0.01502	0.67413	0.00383	1	1.45898	0.81042	0	
1244603	8394.95996	3304749194050	0.43102	0.33375	8394.81934	0.13379	11124	0	0.52251	0.36421	1	0.46298	0.43736	1	0.49275	0.40078	1	0.47316	0.54091	10.22165	1.06646	1	0.73666	0.56455	12.33644	1.06646	1	-0.00672	-0.01060	0.68946	0.00358	1	0.06116	-0.01497	0.67413	0.00378	1	1.45898	0.81042	0	
1244604	8394.96680	3304749259353	0.45628	0.36011	8394.81934	0.13379	11124	0	0.49828	0.38301	1	0.46481	0.38996	1	0.48155	0.38648	1	0.47303	0.54092	11.01376	1.06646	1	0.73680	0.56391	11.90694	1.06646	1	-0.00672	-0.01060	0.68946	0.00354	1	0.06116	-0.01497	0.67413	0.00408	1	1.45898	0.81042	0	
1244605	8394.97363	3304749328579	0.46777	0.37685	8394.81934	0.13379	11124	0	0.52583	0.37871	1	0.45566	0.44190	1	0.49074	0.41031	1	0.47345	0.54095	10.43173	1.06646	1	0.73672	0.56451	12.24568	1.06646	1	-0.00672	-0.01060	0.68946	0.00350	1	0.06116	-0.01497	0.67413	0.00378	1	1.45898	0.81042	0	
1244606	8394.98047	3304749396053	0.47351	0.38521	8394.95996	0.02051	11125	1	0.52583	0.37871	1	0.45566	0.44190	1	0.49074	0.41031	1	0.47327	0.54094	10.60106	1.06646	1	0.73658	0.56447	12.08629	1.06646	1	-0.00672	-0.01060	0.68946	0.00358	1	0.06116	-0.01502	0.67413	0.00389	1	1.45898	0.81042	0	
1244607	8394.98730	3304749465352	0.47750	0.38106	8394.95996	0.02734	11125	1	0.52242	0.37238	1	0.46445	0.35655	1	0.49343	0.36447	1	0.47327	0.54094	10.60106	1.06646	1	0.73681	0.56355	11.90218	1.06646	1	-0.00672	-0.01060	0.68946	0.00358	1	0.06116	-0.01502	0.67413	0.00421	1	1.45898	0.81042	0	
1244608	8394.99316	3304749531579	0.48025	0.38551	8394.95996	0.03320	11125	1	0.52242	0.37238	1	0.46556	0.44316	1	0.49399	0.40777	1	0.47327	0.54094	10.60106	1.06646	1	0.73677	0.56455	12.12304	1.06646	1	-0.00672	-0.01060	0.68946	0.00358	1	0.06116	-0.01502	0.67413	0.00381	1	1.45898	0.81042	0	
1244609	8395.00000	3304749598354	0.48221	0.38869	8394.95996	0.04004	11125	1	0.52242	0.37238	1	0.46556	0.44316	1	0.49399	0.40777	1	0.47329	0.54082	10.44184	1.06646	1	0.73697	0.56409	11.91534	1.06646	1	-0.00667	-0.01046	0.68391	0.00358	1	0.06116	-0.01502	0.67413	0.00372	1	1.45898	0.81042	0	
1244610	8395.00684	3304749665879	0.48398	0.39128	8394.95996	0.04688	11125	1	0.53117	0.37676	1	0.46166	0.44206	1	0.49641	0.40941	1	0.47352	0.54105	10.74195	1.06646	1	0.73675	0.56451	12.00959	1.06646	1	-0.00667	-0.01046	0.68391	0.00361	1	0.06116	-0.01502	0.67413	0.00385	1	1.45898	0.81042	0	
1244611	8395.01367	3304749732588	0.48398	0.39450	8394.95996	0.05371	11125	1	0.50990	0.40341	1	0.45803	0.43709	1	0.48396	0.42025	1	0.47310	0.54094	11.28871	1.06646	1	0.73671	0.56444	12.16760	1.06646	1	-0.00667	-0.01046	0.68391	0.00353	1	0.06116	-0.01502	0.67413	0.00380	1	1.45898	0.81042	0	
1244612	8395.02051	3304749799569	0.48398	0.39708	8394.95996	0.06055	11125	1	0.50990	0.40341	1	0.45803	0.43709	1	0.48396	0.42025	1	0.47273	0.54051	11.07879	1.06646	1	0.73692	0.56392	11.72870	1.06646	1	-0.00667	-0.01046	0.68391	0.00385	1	0.06116	-0.01497	0.67413	0.00376	1	1.45898	0.81042	0	
1244613	8395.02734	3304749866493	0.48416	0.39721	8394.95996	0.06738	11125	1	0.49379	0.39397	1	0.47824	0.40322	1	0.48601	0.39860	1	0.47289	0.54114	11.72078	1.06646	1	0.73700	0.56395	12.05728	1.06646	1	-0.00667	-0.01046	0.68391	0.00356	1	0.06116	-0.01497	0.67413	0.00371	1	1.45898	0.81042	0	
1244614	8395.03418	3304749933472	0.48283	0.39724	8394.95996	0.07422	11125	1	0.48321	0.36548	1	0.45297	0.42950	1	0.46809	0.39749	1	0.47278	0.54030	10.94257	1.06646	1	0.73662	0.56450	11.94198	1.06646	1	-0.00667	-0.01046	0.68391	0.00395	1	0.06116	-0.01497	0.67413	0.00381	1	1.45898	0.81042	0	
1244615	8395.04102	3304750000532	0.48169	0.39726	8394.95996	0.08105	11125	1	0.48321	0.36548	1	0.45297	0.42950	1	0.46809	0.39749	1	0.47294	0.54072	11.51742	1.06646	1	0.73662	0.56423	12.20304	1.06646	1	-0.00667	-0.01036	0.68391	0.00374	1	0.06116	-0.01492	0.67413	0.00384	1	1.45898	0.81042	0	
1244616	8395.04688	3304750066747	0.48158	0.39785	8394.95996	0.08691	11125	1	0.49542	0.37295	1	0.46494	0.43810	1	0.48018	0.40552	1	0.47302	0.54067	11.27416	1.06646	1	0.73684	0.56444	12.31735	1.06646	1	-0.00667	-0.01036	0.68391	0.00367	1	0.06116	-0.01492	0.67413	0.00374	1	1.45898	0.81042	0	
1244617	8395.05371	3304750135916	0.48116	0.39771	8394.95996	0.09375	11125	1	0.49135	0.39942	1	0.45915	0.39209	1	0.47525	0.39575	1	0.47282	0.54077	11.04029	1.06646	1	0.73669	0.56412	12.47396	1.06646	1	-0.00667	-0.01036	0.68391	0.00382	1	0.06116	-0.01492	0.67413	0.00381	1	1.45898	0.81042	0	
1244618	8395.06055	3304750202139	0.48082	0.39796	8394.95996	0.10059	11125	1	0.49241	0.40530	1	0.45897	0.39816	1	0.47569	0.40173	1	0.47277	0.54004	10.92312	1.05844	1	0.73662	0.56438	11.94273	1.05844	1	-0.00658	-0.01015	0.67021	0.00395	1	0.06116	-0.01497	0.67413	0.00384	1	1.45898	0.81042	0	
1244619	8395.06738	3304750268213	0.47932	0.40233	8394.95996	0.10742	11125	1	0.49241	0.40530	0	0.45528	0.47234	1	0.45528	0.47234	1	0.47277	0.54004	10.92312	1.05043	0	0.73674	0.56422	12.42389	1.05043	1	-0.00658	-0.01015	0.67021	0.00395	1	0.06116	-0.01497	0.67413	0.00389	1	1.45898	0.81042	0	
1244620	8395.07422	3304750335475	0.47932	0.40233	8394.95996	0.11426	11125	1	0.49241	0.40530	0	0.45528	0.47234	0	0.45528	0.47234	0	0.47277	0.54004	10.92312	1.04241	0	0.73674	0.56422	12.42389	1.04241	0	-0.00658	-0.01015	0.67021	0.00395	1	0.06116	-0.01497	0.67413	0.00389	1	1.45898	0.81042	0	
1244621	8395.08105	3304750402353	0.47932	0.40233	8394.95996	0.12109	11125	1	0.49241	0.40530	0	0.45528	0.47234	0	0.45528	0.47234	0	0.47277	0.54004	10.92312	1.03439	0	0.73674	0.56422	12.42389	1.03439	0	-0.00658	-0.01015	0.67021	0.00395	1	0.06116	-0.01497	0.67413	0.00389	1	1.45898	0.81042	0	
1244622	8395.08691	3304750468875	0.47932	0.40233	8394.95996	0.12695	11125	1	0.49241	0.40530	0	0.45528	0.47234	0	0.45528	0.47234	0	0.47277	0.54004	10.92312	1.03439	0	0.73674	0.56422	12.42389	1.03439	0	-0.00658	-0.01015	0.67021	0.00395	1	0.06116	-0.01497	0.67413	0.00389	1	1.45898	0.81042	0	
1244623	8395.09375	3304750536206	0.48008	0.41120	8394.95996	0.12695	11125	0	0.49241	0.40530	0	0.45528	0.47234	0	0.45528	0.47234	0	0.47277	0.54004	10.92312	1.03439	0	0.73674	0.56422	12.42389	1.03439	0	-0.00658	-0.01015	0.67021	0.00395	1	0.06116	-0.01497	0.67413	0.00389	1	1.45898	0.81042	0	
1244624	8395.10059	3304750603204	0.48008	0.41120	8394.95996	0.12695	11125	0	0.49241	0.40530	0	0.45528	0.47234	0	0.45528	0.47234	0	0.47277	0.54004	10.92312	1.03439	0	0.73674	0.56422	12.42389	1.03439	0	-0.00658	-0.01015	0.67021	0.00395	1	0.06116	-0.01497	0.67413	0.00389	1	1.45898	0.81042	0	
1244625	8395.10742	3304750670136	0.48008	0.41120	8394.95996	0.12695	11125	0	0.49241	0.40530	0	0.45528	0.47234	0	0.45528	0.47234	0	0.47277	0.54004	10.92312	1.03439	0	0.73674	0.56422	12.42389	1.03439	0	-0.00658	-0.01015	0.67021	0.00395	1	0.06116	-0.01497	0.67413	0.00389	1	1.45898	0.81042	0	
1244626	8395.11426	3304750735968	0.00000	0.00000	8394.95996	0.12695	11125	0	0.49241	0.40530	0	0.45528	0.47234	0	0.45528	0.47234	0	0.47277	0.54004	10.92312	1.03439	0	0.73674	0.56422	12.42389	1.03439	0	-0.00658	-0.01015	0.67021	0.00395	1	0.06116	-0.01497	0.67413	0.00389	1	1.45898	0.81042	0	
1244627	8395.12109	3304750804430	0.22749	0.24172	8394.95996	0.12695	11125	0	0.49241	0.40530	0	0.45497	0.48345	1	0.45497	0.48345	1	0.47277	0.54004	10.92312	1.03439	0	0.73677	0.56397	11.96638	1.03439	1	-0.00658	-0.01015	0.67021	0.00395	1	0.06116	-0.01492	0.67413	0.00391	1	1.45898	0.81042	0	
1244628	8395.12695	3304750868740	0.30526	0.30278	8394.95996	0.12695	11125	0	0.49241	0.40530	0	0.46080	0.42488	1	0.46080	0.42488	1	0.47277	0.54004	10.92312	1.03439	0	0.73638	0.56363	11.87799	1.03439	1	-0.00658	-0.01015	0.67021	0.00395	1	0.06116	-0.01492	0.67413	0.00410	1	1.45898	0.81042	0	
1244629	8395.13379	3304750934950	0.45789	0.45417	8394.95996	0.12695	11125	0	0.49241	0.40530	0	0.46080	0.42488	0	0.46080	0.42488	0	0.47277	0.54004	10.92312	1.03439	0	0.73638	0.56363	11.87799	1.03439	0	-0.00658	-0.01015	0.67021	0.00395	1	0.06116	-0.01492	0.67413	0.00410	1	1.45898	0.81042	0	
1244630	8395.14062	3304751002426	0.45789	0.45417	8394.95996	0.12695	11125	0	0.49241	0.40530	0	0.46080	0.42488	0	0.46080	0.42488	0	0.47277	0.54004	10.92312	1.03439	0	0.73638	0.56363	11.87799	1.03439	0	-0.00658	-0.01015	0.67021	0.00395	1	0.06116	-0.01492	0.67413	0.00410	1	1.45898	0.81042	0	
1244631	8395.14746	3304751073109	0.45789	0.45417	8394.95996	0.12695	11125	0	0.49241	0.40530	0	0.46080	0.42488	0	0.46080	0.42488	0	0.47277	0.54004	10.92312	1.03439	0	0.73638	0.56363	11.87799	1.03439	0	-0.00658	-0.01015	0.67021	0.00395	1	0.06116	-0.01492	0.67413	0.00410	1	1.45898	0.81042	0	
1244632	8395.15430	3304751139228	0.00000	0.00000	8394.95996	0.12695	11125	0	0.49241	0.40530	0	0.46080	0.42488	0	0.46080	0.42488	0	0.47277	0.54004	10.92312	1.03439	0	0.73638	0.56363	11.87799	1.03439	0	-0.00658	-0.01015	0.67021	0.00395	1	0.06116	-0.01492	0.67413	0.00410	1	1.45898	0.81042	0	
1244633	8395.16113	3304751206182	0.00000	0.00000	8394.95996	0.12695	11125	0	0.49241	0.40530	0	0.46080	0.42488	0	0.46080	0.42488	0	0.47277	0.54004	10.92312	1.03439	0	0.73638	0.56363	11.87799	1.03439	0	-0.00658	-0.01015	0.67021	0.00395	1	0.06116	-0.01492	0.67413	0.00410	1	1.45898	0.81042	0	
1244634	8395.16797	3304751273171	0.00000	0.00000	8394.95996	0.12695	11125	0	0.49241	0.40530	0	0.46080	0.42488	0	0.46080	0.42488	0	0.47277	0.54004	10.92312	1.03439	0	0.73638	0.56363	11.87799	1.03439	0	-0.00658	-0.01015	0.67021	0.00395	1	0.06116	-0.01492	0.67413	0.00410	1	1.45898	0.81042	0	
1244635	8395.17480	3304751340490	0.00000	0.00000	8394.95996	0.12695	11125	0	0.49241	0.40530	0	0.46080	0.42488	0	0.46080	0.42488	0	0.47277	0.54004	10.92312	1.03439	0	0.73638	0.56363	11.87799	1.03439	0	-0.00658	-0.01015	0.67021	0.00395	1	0.06116	-0.01492	0.67413	0.00410	1	1.45898	0.81042	0	
1244636	8395.18164	3304751407435	0.00000	0.00000	8394.95996	0.12695	11125	0	0.49241	0.40530	0	0.46080	0.42488	0	0.46080	0.42488	0	0.47277	0.54004	10.92312	1.03439	0	0.73638	0.56363	11.87799	1.03439	0	-0.00658	-0.01015	0.67021	0.00395	1	0.06116	-0.01492	0.67413	0.00410	1	1.45898	0.81042	0	
1244637	8395.18750	3304751474576	0.00000	0.00000	8394.95996	0.12695	11125	0	0.49241	0.40530	0	0.46080	0.42488	0	0.46080	0.42488	0	0.47277	0.54004	10.92312	1.03439	0	0.73638	0.56363	11.87799	1.03439	0	-0.00658	-0.01015	0.67021	0.00395	1	0.06116	-0.01492	0.67413	0.00410	1	1.45898	0.81042	0	
1244638	8395.19434	3304751541486	0.36896	0.36215	8394.95996	0.12695	11125	0	0.49241	0.40530	0	0.36896	0.36215	1	0.36896	0.36215	1	0.47234	0.53996	10.39120	1.03439	0	0.47234	0.53996	10.39120	1.03439	1	-0.00658	-0.01015	0.67021	0.00395	1	0.06116	-0.01492	0.67413	0.00361	1	1.45898	0.81042	0	
1244639	8395.20117	3304751608316	0.36896	0.36215	8394.95996	0.12695	11125	0	0.49241	0.40530	0	0.36896	0.36215	1	0.36896	0.36215	1	0.47234	0.53996	10.39120	1.03439	0	0.47236	0.53988	10.58505	1.03439	1	-0.00658	-0.01015	0.67021	0.00395	1	-0.00682	-0.01023	0.67874	0.00353	1	1.45898	0.81042	0	
1244640	8395.20801	3304751675867	0.36598	0.37469	8394.95996	0.12695	11125	0	0.49241	0.40530	0	0.36003	0.39975	1	0.36003	0.39975	1	0.47234	0.53996	10.39120	1.03439	0	0.47214	0.54032	11.19512	1.03439	1	-0.00658	-0.01015	0.67021	0.00395	1	-0.00682	-0.01023	0.67874	0.00355	1	1.45898	0.81042	0	
1244641	8395.21484	3304751742322	0.36932	0.37967	8395.19434	0.02051	11126	1	0.49241	0.40530	0	0.37933	0.39462	1	0.37933	0.39462	1	0.47234	0.53996	10.39120	1.03439	0	0.47253	0.54025	10.83162	1.03439	1	-0.00658	-0.01015	0.67021	0.00395	1	-0.00682	-0.01023	0.67874	0.00359	1	1.45898	0.81042	0	
1244642	8395.22168	3304751809011	0.37132	0.38266	8395.19434	0.02734	11126	1	0.49241	0.40530	0	0.37933	0.39462	1	0.37933	0.39462	1	0.47234	0.53996	10.39120	1.03439	0	0.47213	0.54008	11.05697	1.03439	1	-0.00658	-0.01015	0.67021	0.00395	1	-0.00682	-0.01023	0.67874	0.00367	1	1.45898	0.81042	0	
1244643	8395.22852	3304751875636	0.37390	0.38388	8395.19434	0.03418	11126	1	0.49241	0.40530	0	0.38682	0.38998	1	0.38682	0.38998	1	0.47234	0.53996	10.39120	1.03439	0	0.47225	0.54023	11.31539	1.03439	1	-0.00658	-0.01015	0.67021	0.00395	1	-0.00682	-0.01023	0.67874	0.00365	1	1.45898	0.81042	0	
1244644	8395.23438	3304751943090	0.39148	0.39298	8395.19434	0.04004	11126	1	0.52771	0.44054	1	0.46613	0.45468	1	0.49692	0.44761	1	0.47220	0.54035	11.16809	1.03439	1	0.73610	0.56347	12.11198	1.03439	1	-0.00658	-0.01015	0.67021	0.00363	1	-0.00682	-0.01023	0.67874	0.00372	1	1.45898	0.81042	0	
1244645	8395.24121	3304752010134	0.40462	0.39909	8395.19434	0.04688	11126	1	0.52686	0.43481	1	0.46636	0.44889	1	0.49661	0.44185	1	0.47243	0.54037	11.23897	1.04241	1	0.73616	0.56351	11.89246	1.04241	1	-0.00697	-0.01030	0.68338	0.00370	1	0.06005	-0.01459	0.66408	0.00377	1	1.45898	0.81042	0	
1244646	8395.24805	3304752076658	0.41446	0.40214	8395.19434	0.05371	11126	1	0.53457	0.41442	1	0.45185	0.43856	1	0.49321	0.42649	1	0.47233	0.54023	11.15247	1.05043	1	0.73582	0.56341	12.78120	1.05043	1	-0.00697	-0.01030	0.68338	0.00372	1	0.06005	-0.01459	0.66408	0.00384	1	1.45898	0.81042	0	
1244647	8395.25488	3304752144294	0.42485	0.39940	8395.19434	0.06055	11126	1	0.54521	0.34628	1	0.49155	0.40328	1	0.51838	0.37478	1	0.47217	0.53970	11.21349	1.05844	1	0.73610	0.56289	11.94826	1.05844	1	-0.00697	-0.01030	0.68338	0.00354	1	0.06005	-0.01459	0.66408	0.00398	1	1.45898	0.81042	0	
1244648	8395.26172	3304752211457	0.43334	0.39660	8395.19434	0.06738	11126	1	0.54451	0.33998	1	0.49197	0.39722	1	0.51824	0.36860	1	0.47214	0.53977	11.02082	1.06646	1	0.73610	0.56273	11.94113	1.06646	1	-0.00693	-0.01030	0.67992	0.00354	1	0.06005	-0.01454	0.66408	0.00392	1	1.45898	0.81042	0	
1244649	8395.26855	3304752277204	0.43987	0.39489	8395.19434	0.07422	11126	1	0.52889	0.38538	1	0.49433	0.36675	1	0.51161	0.37606	1	0.47189	0.54003	10.68551	1.06646	1	0.73607	0.56282	12.17655	1.06646	1	-0.00693	-0.01030	0.67992	0.00371	1	0.06005	-0.01454	0.66408	0.00383	1	1.45898	0.81042	0	
1244650	8395.27539	3304752344760	0.44553	0.39456	8395.19434	0.08105	11126	1	0.53719	0.40216	1	0.48978	0.37904	1	0.51348	0.39060	1	0.47200	0.53990	11.62531	1.06646	1	0.73599	0.56268	11.92221	1.06646	1	-0.00693	-0.01030	0.67992	0.00343	1	0.06005	-0.01454	0.66408	0.00387	1	1.45898	0.81042	0	
1244651	8395.28125	3304752411701	0.45038	0.39428	8395.19434	0.08691	11126	1	0.53719	0.40216	1	0.48978	0.37904	1	0.51348	0.39060	1	0.47199	0.53979	11.41290	1.06646	1	0.73572	0.56258	11.18814	1.06646	1	-0.00705	-0.01032	0.68113	0.00353	1	0.06005	-0.01454	0.66408	0.00400	1	1.45898	0.81042	0	
1244652	8395.28809	3304752478701	0.45406	0.39461	8395.19434	0.09375	11126	1	0.53005	0.40551	1	0.48092	0.39320	1	0.50549	0.39935	1	0.47182	0.54008	10.70612	1.06646	1	0.73547	0.56303	11.71146	1.06646	1	-0.00705	-0.01032	0.68113	0.00357	1	0.06005	-0.01454	0.66408	0.00389	1	1.45898	0.81042	0	
1244653	8395.29492	3304752545494	0.48606	0.39765	8395.19434	0.09375	11126	0	0.52696	0.36283	1	0.47131	0.37979	1	0.49914	0.37131	1	0.47188	0.53992	11.11307	1.06646	1	0.73538	0.56280	11.90529	1.06646	1	-0.00705	-0.01032	0.68113	0.00360	1	0.06005	-0.01454	0.66408	0.00399	1	1.45898	0.81042	0	
1244654	8395.30176	3304752613324	0.49253	0.38596	8395.19434	0.09375	11126	0	0.52696	0.36283	1	0.47105	0.38569	1	0.49901	0.37426	1	0.47196	0.53977	10.97652	1.06646	1	0.73544	0.56277	12.38725	1.05880	1	-0.00706	-0.01028	0.68217	0.00356	1	0.05878	-0.01422	0.65166	0.00381	1	1.45898	0.81042	0	
1244655	8395.30859	3304752679862	0.49297	0.38473	8395.19434	0.09375	11126	0	0.50273	0.40462	1	0.48495	0.35995	1	0.49384	0.38229	1	0.47148	0.54014	11.52602	1.05880	1	0.73555	0.56243	12.11542	1.05114	1	-0.00706	-0.01028	0.68217	0.00351	1	0.05878	-0.01422	0.65166	0.00380	1	1.45898	0.81042	0	
1244656	8395.31543	3304752745478	0.49344	0.37584	8395.29492	0.02051	11127	1	0.50262	0.36681	1	0.48709	0.33151	1	0.49485	0.34916	1	0.47153	0.53987	11.43106	1.05114	1	0.73557	0.56215	11.94374	1.04348	1	-0.00706	-0.01028	0.68217	0.00364	1	0.05878	-0.01422	0.65166	0.00394	1	1.45898	0.81042	0	
1244657	8395.32129	3304752812258	0.49378	0.37174	8395.29492	0.02637	11127	1	0.50356	0.37274	1	0.48671	0.33791	1	0.49514	0.35532	1	0.47167	0.53945	11.63956	1.04348	1	0.73548	0.56209	11.85917	1.03582	1	-0.00706	-0.01028	0.68217	0.00354	1	0.05878	-0.01422	0.65166	0.00392	1	1.45898	0.81042	0	
1244658	8395.32812	3304752878920	0.49331	0.38503	8395.29492	0.03320	11127	1	0.52084	0.42512	1	0.46110	0.47789	1	0.49097	0.45150	1	0.47132	0.54013	11.31925	1.03582	1	0.73523	0.56260	12.11115	1.03582	1	-0.00706	-0.01028	0.68217	0.00355	1	0.05878	-0.01422	0.65166	0.00395	1	1.45898	0.81042	0	
1244659	8395.33496	3304752944264	0.49360	0.39416	8395.29492	0.04004	11127	1	0.52084	0.42512	1	0.46977	0.47271	1	0.49531	0.44892	1	0.47132	0.54013	11.31925	1.03582	1	0.73532	0.56255	12.26781	1.03582	1	-0.00706	-0.01028	0.68217	0.00355	1	0.05878	-0.01422	0.65166	0.00392	1	1.45898	0.81042	0	
1244660	8395.34180	3304753012448	0.49383	0.40067	8395.29492	0.04688	11127	1	0.52084	0.42512	1	0.47002	0.46732	1	0.49543	0.44622	1	0.47128	0.53940	10.94220	1.03582	1	0.73532	0.56237	12.15552	1.04348	1	-0.00706	-0.01028	0.68217	0.00368	1	0.06132	-0.01480	0.68039	0.00403	1	1.45898	0.81042	0	
1244661	8395.34863	3304753078321	0.49356	0.40040	8395.29492	0.05371	11127	1	0.51590	0.37503	1	0.46699	0.42143	1	0.49145	0.39823	1	0.47127	0.53968	11.16088	1.04348	1	0.73530	0.56220	12.23511	1.05114	1	-0.00706	-0.01028	0.68217	0.00369	1	0.06132	-0.01480	0.68039	0.00389	1	1.45898	0.81042	0	
1244662	8395.35547	3304753146301	0.49312	0.40096	8395.29492	0.06055	11127	1	0.51245	0.40878	1	0.46584	0.40334	1	0.48915	0.40606	1	0.47125	0.53960	11.14157	1.05114	1	0.73533	0.56205	12.13439	1.05880	1	-0.00706	-0.01028	0.68217	0.00382	1	0.06132	-0.01480	0.68039	0.00402	1	1.45898	0.81042	0	
1244663	8395.36133	3304753212071	0.49273	0.40091	8395.29492	0.06641	11127	1	0.51157	0.40315	1	0.46606	0.39757	1	0.48881	0.40036	1	0.47120	0.53917	11.24508	1.05880	1	0.73533	0.56262	12.24840	1.06646	1	-0.00705	-0.01022	0.68113	0.00366	1	0.06132	-0.01480	0.68039	0.00371	1	1.45898	0.81042	0	
1244664	8395.36816	3304753278053	0.49137	0.39882	8395.29492	0.07324	11127	1	0.49002	0.33119	1	0.46272	0.42059	1	0.47637	0.37589	1	0.47099	0.53914	11.02683	1.06646	1	0.73525	0.56236	12.64169	1.06646	1	-0.00705	-0.01022	0.68113	0.00366	1	0.06132	-0.01480	0.68039	0.00382	1	1.45898	0.81042	0	
1244665	8395.37500	3304753346602	0.49052	0.39667	8395.29492	0.08008	11127	1	0.49891	0.29692	1	0.46185	0.44482	1	0.48038	0.37087	1	0.47112	0.53883	10.83471	1.06646	1	0.73525	0.56262	12.09801	1.06646	1	-0.00705	-0.01022	0.68113	0.00376	1	0.06132	-0.01480	0.68039	0.00371	1	1.45898	0.81042	0	
1244666	8395.38184	3304753416922	0.48980	0.39483	8395.29492	0.08691	11127	1	0.49891	0.29692	1	0.46185	0.44482	1	0.48038	0.37087	1	0.47122	0.53914	10.98075	1.06646	1	0.73531	0.56221	12.28180	1.06646	1	-0.00719	-0.01017	0.68505	0.00374	1	0.06078	-0.01462	0.67441	0.00374	1	1.45898	0.81042	0	
1244667	8395.38867	3304753483456	0.49071	0.39464	8395.29492	0.09375	11127	1	0.53805	0.35080	1	0.46896	0.43320	1	0.50351	0.39200	1	0.47133	0.53921	11.08765	1.06646	1	0.73533	0.56241	12.42576	1.06646	1	-0.00719	-0.01017	0.68505	0.00381	1	0.06078	-0.01462	0.67441	0.00383	1	1.45898	0.81042	0	
1244668	8395.39551	3304753550893	0.49110	0.39321	8395.29492	0.10059	11127	1	0.52219	0.30501	1	0.47155	0.43857	1	0.49687	0.37179	1	0.47107	0.53863	10.81983	1.06646	1	0.73534	0.56257	12.21872	1.06646	1	-0.00719	-0.01017	0.68505	0.00400	1	0.06078	-0.01462	0.67441	0.00378	1	1.45898	0.81042	0	
1244669	8395.40234	3304753617719	0.49144	0.39195	8395.29492	0.10742	11127	1	0.52219	0.30501	1	0.47155	0.43857	1	0.49687	0.37179	1	0.47121	0.53884	11.03595	1.06646	1	0.73529	0.56243	12.01269	1.06646	1	-0.00719	-0.01017	0.68505	0.00383	1	0.06078	-0.01457	0.67441	0.00382	1	1.45898	0.81042	0	
1244670	8395.40918	3304753684563	0.49097	0.39170	8395.29492	0.11426	11127	1	0.50552	0.36693	1	0.46045	0.40784	1	0.48299	0.38739	1	0.47119	0.53972	11.04634	1.06646	1	0.73518	0.56222	12.21339	1.06646	1	-0.00719	-0.01017	0.68505	0.00355	1	0.06078	-0.01457	0.67441	0.00385	1	1.45898	0.81042	0	
1244671	8395.41602	3304753752008	0.49158	0.39229	8395.29492	0.12109	11127	1	0.53941	0.41257	1	0.46601	0.39319	1	0.50271	0.40288	1	0.47131	0.53993	11.23134	1.06646	1	0.73529	0.56203	12.16245	1.06646	1	-0.00719	-0.01017	0.68505	0.00356	1	0.06078	-0.01457	0.67441	0.00391	1	1.45898	0.81042	0	
1244672	8395.42188	3304753818595	0.49214	0.39282	8395.29492	0.12695	11127	1	0.53941	0.41257	1	0.46601	0.39319	1	0.50271	0.40288	1	0.47137	0.53984	11.69495	1.06646	1	0.73492	0.56216	12.65732	1.06646	1	-0.00705	-0.01011	0.68113	0.00364	1	0.06078	-0.01457	0.67441	0.00394	1	1.45898	0.81042	0	
1244673	8395.42871	3304753885464	0.49191	0.39288	8395.29492	0.13379	11127	1	0.52267	0.42426	1	0.45186	0.36386	1	0.48726	0.39406	1	0.47144	0.53970	11.32035	1.06646	1	0.73501	0.56179	12.45914	1.06646	1	-0.00705	-0.01011	0.68113	0.00365	1	0.06078	-0.01457	0.67441	0.00409	1	1.45898	0.81042	0	
1244674	8395.43555	3304753952529	0.49198	0.39512	8395.29492	0.14062	11127	1	0.54132	0.42290	1	0.44573	0.46181	1	0.49352	0.44235	1	0.47167	0.53951	11.31026	1.06646	1	0.73494	0.56225	12.69057	1.06646	1	-0.00705	-0.01011	0.68113	0.00361	1	0.06078	-0.01457	0.67441	0.00390	1	1.45898	0.81042	0	
1244675	8395.44238	3304754018984	0.49205	0.39718	8395.29492	0.14746	11127	1	0.54132	0.42290	1	0.44573	0.46181	1	0.49352	0.44235	1	0.47144	0.53939	11.45042	1.06646	1	0.73502	0.56220	12.60424	1.06646	1	-0.00705	-0.01011	0.68113	0.00360	1	0.06078	-0.01457	0.67441	0.00391	1	1.45898	0.81042	0	
1244676	8395.44922	3304754086978	0.49138	0.39841	8395.29492	0.15430	11127	1	0.50462	0.41478	1	0.44743	0.43886	1	0.47603	0.42682	1	0.47153	0.53935	11.66528	1.06646	1	0.73503	0.56211	12.29066	1.06646	1	-0.00705	-0.01011	0.68113	0.00357	1	0.06078	-0.01457	0.67441	0.00387	1	1.45898	0.81042	0	
1244677	8395.45605	3304754153831	0.49113	0.39803	8395.29492	0.16113	11127	1	0.50011	0.39466	1	0.47017	0.38316	1	0.48514	0.38891	1	0.47136	0.53911	11.15678	1.06646	1	0.73534	0.56182	11.90680	1.06646	1	-0.00705	-0.01011	0.68113	0.00360	1	0.06078	-0.01457	0.67441	0.00401	1	1.45898	0.81042	0	
1244678	8395.46289	3304754220477	0.49090	0.39780	8395.29492	0.16797	11127	1	0.50011	0.39466	1	0.46992	0.38903	1	0.48501	0.39185	1	0.47156	0.53913	10.74417	1.06646	1	0.73548	0.56137	11.82338	1.05880	1	-0.00705	-0.01011	0.68113	0.00369	1	0.05905	-0.01412	0.65352	0.00399	1	1.45898	0.81042	0	
1244679	8395.46875	3304754287421	0.49088	0.39725	8395.29492	0.17383	11127	1	0.50124	0.42715	1	0.47953	0.33878	1	0.49039	0.38296	1	0.47146	0.53929	11.42076	1.05880	1	0.73548	0.56128	11.77455	1.05114	1	-0.00705	-0.01011	0.68113	0.00364	1	0.05905	-0.01412	0.65352	0.00398	1	1.45898	0.81042	0	
1244680	8395.47559	3304754354029	0.49124	0.39638	8395.29492	0.18066	11127	1	0.52654	0.39306	1	0.47568	0.35298	1	0.50111	0.37302	1	0.47180	0.53923	11.12417	1.05114	1	0.73541	0.56141	11.93265	1.04348	1	-0.00705	-0.01011	0.68113	0.00352	1	0.05905	-0.01412	0.65352	0.00392	1	1.45898	0.81042	0	
1244681	8395.48242	3304754420963	0.49160	0.39567	8395.29492	0.18750	11127	1	0.52734	0.39879	1	0.47568	0.35298	1	0.50151	0.37588	1	0.47175	0.53897	10.81567	1.04348	1	0.73543	0.56179	12.03651	1.04348	1	-0.00709	-0.01012	0.68474	0.00353	1	0.06005	-0.01434	0.66408	0.00392	1	1.45898	0.81042	0	
1244682	8395.48926	3304754487980	0.49191	0.39643	8395.29492	0.19434	11127	1	0.52238	0.43920	1	0.47940	0.39753	1	0.50089	0.41837	1	0.47179	0.53943	10.82162	1.04348	1	0.73546	0.56219	12.11672	1.05114	1	-0.00709	-0.01012	0.68474	0.00362	1	0.06005	-0.01434	0.66408	0.00382	1	1.45898	0.81042	0	
1244683	8395.49609	3304754555390	0.49178	0.39650	8395.29492	0.20117	11127	1	0.51327	0.40159	1	0.46252	0.39587	1	0.48789	0.39873	1	0.47171	0.53925	10.53870	1.05114	1	0.73558	0.56207	11.98637	1.05880	1	-0.00709	-0.01012	0.68474	0.00364	1	0.06005	-0.01434	0.66408	0.00381	1	1.45898	0.81042	0	
1244684	8395.50293	3304754622742	0.49165	0.39639	8395.29492	0.20801	11127	1	0.51238	0.39592	1	0.46272	0.39005	1	0.48755	0.39298	1	0.47200	0.53890	10.98857	1.05880	1	0.73578	0.56172	11.35438	1.06646	1	-0.00709	-0.01012	0.68474	0.00366	1	0.06005	-0.01434	0.66408	0.00390	1	1.45898	0.81042	0	
1244685	8395.50977	3304754690888	0.49222	0.39591	8395.29492	0.21484	11127	1	0.53943	0.37294	1	0.48156	0.38768	1	0.51050	0.38031	1	0.47204	0.53875	10.83651	1.06646	1	0.73591	0.56202	11.91417	1.06646	1	-0.00709	-0.01012	0.68474	0.00377	1	0.06005	-0.01434	0.66408	0.00396	1	1.45898	0.81042	0	
1244686	8395.51562	3304754755773	0.49216	0.39594	8395.29492	0.22070	11127	1	0.51394	0.38403	1	0.46689	0.41015	1	0.49041	0.39709	1	0.47208	0.53908	11.28903	1.06646	1	0.73601	0.56225	12.00524	1.06646	1	-0.00709	-0.01012	0.68474	0.00365	1	0.06005	-0.01434	0.66408	0.00389	1	1.45898	0.81042	0	
1244687	8395.52246	3304754823561	0.49212	0.39615	8395.29492	0.22754	11127	1	0.51484	0.39002	1	0.46665	0.41610	1	0.49075	0.40306	1	0.47214	0.53922	11.57577	1.05844	1	0.73597	0.56205	12.24097	1.05844	1	-0.00662	-0.00966	0.65394	0.00362	1	0.06005	-0.01434	0.66408	0.00392	1	1.45898	0.81042	0	
1244688	8395.52930	3304754887193	0.49219	0.39659	8395.29492	0.23438	11127	1	0.52582	0.41983	1	0.46346	0.40429	1	0.49464	0.41206	1	0.47227	0.53956	11.42326	1.05043	1	0.73600	0.56200	12.18571	1.05043	1	-0.00662	-0.00966	0.65394	0.00358	1	0.06005	-0.01434	0.66408	0.00390	1	1.45898	0.81042	0	
1244689	8395.53613	3304754957004	0.49222	0.39742	8395.29492	0.24121	11127	1	0.52499	0.42140	1	0.46176	0.43304	1	0.49337	0.42722	1	0.47226	0.53917	11.31242	1.04241	1	0.73596	0.56218	12.25588	1.04241	1	-0.00662	-0.00966	0.65394	0.00365	1	0.06005	-0.01434	0.66408	0.00382	1	1.45898	0.81042	0	
1244690	8395.54297	3304755023865	0.49225	0.39827	8395.29492	0.24805	11127	1	0.52499	0.42140	1	0.46157	0.43868	1	0.49328	0.43004	1	0.47220	0.53924	11.39452	1.04241	1	0.73621	0.56249	12.52171	1.03475	1	-0.00679	-0.00999	0.67623	0.00361	1	0.05946	-0.01429	0.65703	0.00367	1	1.45898	0.81042	0	
1244691	8395.54980	3304755091029	0.49196	0.39838	8395.29492	0.25488	11127	1	0.49575	0.37164	1	0.46603	0.43300	1	0.48089	0.40232	1	0.47220	0.53945	11.76675	1.04277	1	0.73615	0.56229	12.45096	1.03511	1	-0.00679	-0.00999	0.67623	0.00365	1	0.05946	-0.01429	0.65703	0.00364	1	1.45898	0.81042	0	
1244692	8395.55664	3304755159092	0.49175	0.39955	8395.29492	0.26172	11127	1	0.49069	0.41280	1	0.47595	0.47761	1	0.48332	0.44520	1	0.47208	0.53966	11.62671	1.04312	1	0.73629	0.56257	12.42319	1.03547	1	-0.00679	-0.00999	0.67623	0.00368	1	0.05946	-0.01429	0.65703	0.00361	1	1.45898	0.81042	0	
1244693	8395.56348	3304755225510	0.49154	0.40059	8395.29492	0.26855	11127	1	0.49064	0.41254	1	0.47626	0.47200	1	0.48345	0.44227	1	0.47249	0.53959	10.98381	1.04348	1	0.73630	0.56213	11.97460	1.04348	1	-0.00679	-0.01004	0.67623	0.00364	1	0.06116	-0.01466	0.67413	0.00381	1	1.45898	0.81042	0	
1244694	8395.56934	3304755292145	0.49178	0.39975	8395.29492	0.27441	11127	1	0.51798	0.40508	1	0.48518	0.32542	1	0.50158	0.36525	1	0.47242	0.53941	10.66337	1.04348	1	0.73634	0.56123	11.98794	1.05114	1	-0.00679	-0.01004	0.67623	0.00363	1	0.06116	-0.01466	0.67413	0.00403	1	1.45898	0.81042	0	
1244695	8395.57617	3304755359233	0.48906	0.39765	8395.29492	0.28125	11127	1	0.51798	0.40508	0	0.37464	0.30968	1	0.37464	0.30968	1	0.47242	0.53941	10.66337	1.05114	0	0.47240	0.53923	10.11512	1.05880	1	-0.00679	-0.01004	0.67623	0.00363	1	0.06116	-0.01466	0.67413	0.00365	1	1.45898	0.81042	0	
1244696	8395.58301	3304755426251	0.48645	0.39551	8395.29492	0.28809	11127	1	0.51798	0.40508	0	0.37422	0.30330	1	0.37422	0.30330	1	0.47242	0.53941	10.66337	1.05880	0	0.47294	0.53980	11.44642	1.06646	1	-0.00679	-0.01004	0.67623	0.00363	1	-0.00679	-0.01004	0.67623	0.00361	1	1.45898	0.81042	0	
1244697	8395.58984	3304755493116	0.48474	0.39422	8395.29492	0.29492	11127	1	0.51798	0.40508	0	0.40957	0.33729	1	0.40957	0.33729	1	0.47242	0.53941	10.66337	1.06646	0	0.47303	0.53957	11.30000	1.06646	1	-0.00679	-0.01004	0.67623	0.00363	1	-0.00679	-0.01004	0.67623	0.00359	1	1.45898	0.81042	0	
1244698	8395.59668	3304755559662	0.45743	0.38433	8395.29492	0.29492	11127	0	0.51798	0.40508	0	0.40949	0.33431	1	0.40949	0.33431	1	0.47242	0.53941	10.66337	1.06646	0	0.47293	0.53961	11.26624	1.06646	1	-0.00679	-0.01004	0.67623	0.00363	1	-0.00679	-0.01004	0.67623	0.00356	1	1.45898	0.81042	0	
1244699	8395.60352	3304755627069	0.43346	0.35932	8395.29492	0.29492	11127	0	0.51798	0.40508	0	0.40949	0.33431	1	0.40949	0.33431	1	0.47242	0.53941	10.66337	1.06646	0	0.47294	0.53952	11.63042	1.06646	1	-0.00679	-0.01004	0.67623	0.00363	1	-0.00664	-0.01011	0.68105	0.00355	1	1.45898	0.81042	0	
1244700	8395.60938	3304755693499	0.41904	0.35517	8395.29492	0.29492	11127	0	0.51798	0.40508	0	0.39020	0.34686	1	0.39020	0.34686	1	0.47242	0.53941	10.66337	1.06646	0	0.47312	0.53961	11.73606	1.06646	1	-0.00679	-0.01004	0.67623	0.00363	1	-0.00664	-0.01011	0.68105	0.00360	1	1.45898	0.81042	0	
1244701	8395.61621	3304755760934	0.40756	0.35403	8395.59668	0.01953	11128	1	0.51798	0.40508	0	0.37312	0.35061	1	0.37312	0.35061	1	0.47242	0.53941	10.66337	1.06646	0	0.47322	0.53971	11.87842	1.06646	1	-0.00679	-0.01004	0.67623	0.00363	1	-0.00664	-0.01011	0.68105	0.00359	1	1.45898	0.81042	0	
1244702	8395.62305	3304755827720	0.40067	0.35335	8395.59668	0.02637	11128	1	0.51798	0.40508	0	0.37312	0.35061	1	0.37312	0.35061	1	0.47242	0.53941	10.66337	1.06646	0	0.47297	0.53951	11.45761	1.06646	1	-0.00679	-0.01004	0.67623	0.00363	1	-0.00664	-0.01011	0.68105	0.00362	1	1.45898	0.81042	0	
1244703	8395.62988	3304755894428	0.39243	0.34345	8395.59668	0.03320	11128	1	0.51798	0.40508	0	0.35124	0.29394	1	0.35124	0.29394	1	0.47242	0.53941	10.66337	1.06646	0	0.47283	0.53918	11.01083	1.06646	1	-0.00679	-0.01004	0.67623	0.00363	1	-0.00664	-0.01011	0.68105	0.00395	1	1.45898	0.81042	0	
1244704	8395.63672	3304755961974	0.38883	0.34543	8395.59668	0.04004	11128	1	0.51798	0.40508	0	0.36723	0.35736	1	0.36723	0.35736	1	0.47242	0.53941	10.66337	1.06646	0	0.47307	0.53990	12.01140	1.06646	1	-0.00679	-0.01004	0.67623	0.00363	1	-0.00664	-0.01011	0.68105	0.00355	1	1.45898	0.81042	0	
1244705	8395.64355	3304756028783	0.39540	0.34884	8395.59668	0.04688	11128	1	0.51540	0.38801	1	0.36723	0.35736	1	0.44132	0.37269	1	0.47326	0.53913	10.82808	1.06646	1	0.73704	0.56214	11.80939	1.06646	1	-0.00664	-0.01011	0.68105	0.00388	1	0.06214	-0.01495	0.68266	0.00394	1	1.45898	0.81042	0	
1244706	8395.65039	3304756097319	0.40564	0.34481	8395.59668	0.05371	11128	1	0.51540	0.38801	0	0.48764	0.31255	1	0.48764	0.31255	1	0.47326	0.53913	10.82808	1.06646	0	0.73711	0.56229	12.08541	1.06646	1	-0.00664	-0.01011	0.68105	0.00388	1	0.06214	-0.01495	0.68266	0.00390	1	1.45898	0.81042	0	
1244707	8395.65723	3304756163172	0.40564	0.34481	8395.59668	0.06055	11128	1	0.51540	0.38801	0	0.48764	0.31255	0	0.48764	0.31255	0	0.47326	0.53913	10.82808	1.06646	0	0.73711	0.56229	12.08541	1.06646	0	-0.00664	-0.01011	0.68105	0.00388	1	0.06214	-0.01495	0.68266	0.00390	1	1.45898	0.81042	0	
1244708	8395.66309	3304756230744	0.40564	0.34481	8395.59668	0.06641	11128	1	0.51540	0.38801	0	0.48764	0.31255	0	0.48764	0.31255	0	0.47326	0.53913	10.82808	1.06646	0	0.73711	0.56229	12.08541	1.06646	0	-0.00664	-0.01011	0.68105	0.00388	1	0.06214	-0.01495	0.68266	0.00390	1	1.45898	0.81042	0	
1244709	8395.66992	3304756298289	0.40564	0.34481	8395.59668	0.07324	11128	1	0.51540	0.38801	0	0.48764	0.31255	0	0.48764	0.31255	0	0.47326	0.53913	10.82808	1.06646	0	0.73711	0.56229	12.08541	1.06646	0	-0.00664	-0.01011	0.68105	0.00388	1	0.06214	-0.01495	0.68266	0.00390	1	1.45898	0.81042	0	
1244710	8395.67676	3304756364074	0.39917	0.33987	8395.59668	0.07324	11128	0	0.51540	0.38801	0	0.48764	0.31255	0	0.48764	0.31255	0	0.47326	0.53913	10.82808	1.06646	0	0.73711	0.56229	12.08541	1.06646	0	-0.00664	-0.01011	0.68105	0.00388	1	0.06214	-0.01495	0.68266	0.00390	1	1.45898	0.81042	0	
1244711	8395.68359	3304756431752	0.39917	0.33987	8395.59668	0.07324	11128	0	0.51540	0.38801	0	0.48764	0.31255	0	0.48764	0.31255	0	0.47326	0.53913	10.82808	1.06646	0	0.73711	0.56229	12.08541	1.06646	0	-0.00664	-0.01011	0.68105	0.00388	1	0.06214	-0.01495	0.68266	0.00390	1	1.45898	0.81042	0	
1244712	8395.69043	3304756498046	0.39917	0.33987	8395.59668	0.07324	11128	0	0.51540	0.38801	0	0.48764	0.31255	0	0.48764	0.31255	0	0.47326	0.53913	10.82808	1.06646	0	0.73711	0.56229	12.08541	1.06646	0	-0.00664	-0.01011	0.68105	0.00388	1	0.06214	-0.01495	0.68266	0.00390	1	1.45898	0.81042	0	
1244713	8395.69727	3304756565077	0.00000	0.00000	8395.59668	0.07324	11128	0	0.51540	0.38801	0	0.48764	0.31255	0	0.48764	0.31255	0	0.47326	0.53913	10.82808	1.06646	0	0.73711	0.56229	12.08541	1.06646	0	-0.00664	-0.01011	0.68105	0.00388	1	0.06214	-0.01495	0.68266	0.00390	1	1.45898	0.81042	0	
1244714	8395.70410	3304756631463	0.00000	0.00000	8395.59668	0.07324	11128	0	0.51540	0.38801	0	0.48764	0.31255	0	0.48764	0.31255	0	0.47326	0.53913	10.82808	1.06646	0	0.73711	0.56229	12.08541	1.06646	0	-0.00664	-0.01011	0.68105	0.00388	1	0.06214	-0.01495	0.68266	0.00390	1	1.45898	0.81042	0	
1244715	8395.70996	3304756697255	0.00000	0.00000	8395.59668	0.07324	11128	0	0.51540	0.38801	0	0.48764	0.31255	0	0.48764	0.31255	0	0.47326	0.53913	10.82808	1.06646	0	0.73711	0.56229	12.08541	1.06646	0	-0.00664	-0.01011	0.68105	0.00388	1	0.06214	-0.01495	0.68266	0.00390	1	1.45898	0.81042	0	
1244716	8395.71680	3304756765545	0.47709	0.42158	8395.59668	0.07324	11128	0	0.48992	0.40152	1	0.46427	0.44164	1	0.47709	0.42158	1	0.47373	0.53975	11.24053	1.06646	1	0.73763	0.56341	12.32717	1.06646	1	-0.00664	-0.01011	0.68105	0.00370	1	0.06214	-0.01495	0.68266	0.00372	1	1.45898	0.81042	0	
1244717	8395.72363	3304756832889	0.47704	0.42294	8395.59668	0.07324	11128	0	0.48992	0.40152	1	0.46406	0.44709	1	0.47699	0.42431	1	0.47434	0.53918	10.83958	1.06646	1	0.73775	0.56319	12.30311	1.05880	1	-0.00644	-0.01018	0.68206	0.00392	1	0.05973	-0.01446	0.65567	0.00372	1	1.45898	0.81042	0	
1244718	8395.73047	3304756899301	0.48450	0.39876	8395.59668	0.07324	11128	0	0.51739	0.34760	1	0.48145	0.35317	1	0.49942	0.35038	1	0.47415	0.53930	11.01715	1.05880	1	0.73783	0.56240	11.80465	1.05114	1	-0.00644	-0.01018	0.68206	0.00382	1	0.05973	-0.01446	0.65567	0.00428	1	1.45898	0.81042	0	
1244719	8395.73730	3304756966388	0.48900	0.40191	8395.71680	0.02051	11129	1	0.53971	0.36440	1	0.46526	0.45832	1	0.50249	0.41136	1	0.47445	0.53927	11.03254	1.05114	1	0.73762	0.56359	12.43701	1.04348	1	-0.00644	-0.01018	0.68206	0.00390	1	0.05973	-0.01446	0.65567	0.00376	1	1.45898	0.81042	0	
1244720	8395.74414	3304757032943	0.49177	0.40439	8395.71680	0.02734	11129	1	0.54042	0.37034	1	0.46526	0.45832	1	0.50284	0.41433	1	0.47448	0.53965	11.31384	1.04348	1	0.73779	0.56309	12.01895	1.04348	1	-0.00644	-0.01018	0.68206	0.00371	1	0.06190	-0.01500	0.67777	0.00401	1	1.45898	0.81042	0	
1244721	8395.75000	3304757098602	0.49155	0.40298	8395.71680	0.03320	11129	1	0.51132	0.42373	1	0.46957	0.36813	1	0.49045	0.39593	1	0.47432	0.53965	11.47904	1.04348	1	0.73771	0.56264	11.74275	1.05114	1	-0.00644	-0.01018	0.68206	0.00366	1	0.06190	-0.01500	0.67777	0.00426	1	1.45898	0.81042	0	
1244722	8395.75684	3304757164995	0.49355	0.40033	8395.71680	0.04004	11129	1	0.53730	0.37125	1	0.47383	0.39764	1	0.50556	0.38445	1	0.47438	0.53939	11.39562	1.05114	1	0.73778	0.56304	11.99049	1.05880	1	-0.00644	-0.01018	0.68206	0.00380	1	0.06190	-0.01500	0.67777	0.00413	1	1.45898	0.81042	0	
1244723	8395.76367	3304757229983	0.49502	0.39762	8395.71680	0.04688	11129	1	0.53657	0.36537	1	0.47410	0.39183	1	0.50534	0.37860	1	0.47434	0.53953	11.43406	1.05880	1	0.73833	0.56351	12.31691	1.06646	1	-0.00625	-0.01004	0.67260	0.00359	1	0.06190	-0.01500	0.67777	0.00408	1	1.45898	0.81042	0	
1244724	8395.77051	3304757298486	0.49319	0.38986	8395.71680	0.05371	11129	1	0.50144	0.32422	1	0.45565	0.33136	1	0.47854	0.32779	1	0.47421	0.53898	11.05423	1.06646	1	0.73815	0.56270	12.20504	1.06646	1	-0.00625	-0.01004	0.67260	0.00382	1	0.06190	-0.01500	0.67777	0.00423	1	1.45898	0.81042	0	
1244725	8395.77734	3304757366170	0.49217	0.39156	8395.71680	0.06055	11129	1	0.51726	0.38874	1	0.44871	0.42505	1	0.48298	0.40690	1	0.47446	0.53972	11.47906	1.06646	1	0.73812	0.56324	12.29553	1.06646	1	-0.00625	-0.01004	0.67260	0.00364	1	0.06190	-0.01500	0.67777	0.00421	1	1.45898	0.81042	0	
1244726	8395.78418	3304757433906	0.49134	0.39296	8395.71680	0.06738	11129	1	0.51726	0.38874	1	0.44871	0.42505	1	0.48298	0.40690	1	0.47437	0.53940	10.85088	1.06646	1	0.73825	0.56348	12.50884	1.06646	1	-0.00630	-0.01027	0.68827	0.00386	1	0.06221	-0.01512	0.68121	0.00423	1	1.45898	0.81042	0	
1244727	8395.79004	3304757499066	0.49023	0.39499	8395.71680	0.07324	11129	1	0.49092	0.36396	1	0.46525	0.47071	1	0.47808	0.41733	1	0.47440	0.53927	10.82581	1.06646	1	0.73839	0.56387	12.38055	1.06646	1	-0.00630	-0.01027	0.68827	0.00392	1	0.06221	-0.01512	0.68121	0.00411	1	1.45898	0.81042	0	
1244728	8395.79785	3304757569818	0.48963	0.39563	8395.71680	0.08105	11129	1	0.49984	0.37254	1	0.46490	0.43409	1	0.48237	0.40332	1	0.47456	0.53942	11.38655	1.06646	1	0.73839	0.56369	12.31177	1.06646	1	-0.00630	-0.01027	0.68827	0.00374	1	0.06221	-0.01512	0.68121	0.00420	1	1.45898	0.81042	0	
1244729	8395.80371	3304757636694	0.48911	0.39618	8395.71680	0.08691	11129	1	0.49984	0.37254	1	0.46490	0.43409	1	0.48237	0.40332	1	0.47456	0.53938	11.47611	1.06646	1	0.73843	0.56319	11.77724	1.06646	1	-0.00630	-0.01027	0.68827	0.00377	1	0.06221	-0.01512	0.68121	0.00428	1	1.45898	0.81042	0	
1244730	8395.81055	3304757703012	0.48889	0.39621	8395.71680	0.09375	11129	1	0.49881	0.35735	1	0.47282	0.43599	1	0.48582	0.39667	1	0.47460	0.53918	11.31549	1.06646	1	0.73856	0.56342	11.97497	1.06646	1	-0.00630	-0.01027	0.68827	0.00386	1	0.06221	-0.01512	0.68121	0.00409	1	1.45898	0.81042	0	
1244731	8395.81738	3304757769553	0.48797	0.39622	8395.71680	0.10059	11129	1	0.47952	0.35837	1	0.46891	0.43440	1	0.47421	0.39639	1	0.47433	0.53921	11.19311	1.06646	1	0.73847	0.56349	12.02295	1.06646	1	-0.00630	-0.01027	0.68827	0.00390	1	0.06221	-0.01512	0.68121	0.00391	1	1.45898	0.81042	0	
1244732	8395.82422	3304757837419	0.48716	0.39623	8395.71680	0.10742	11129	1	0.47952	0.35837	1	0.46891	0.43440	1	0.47421	0.39639	1	0.47436	0.53979	11.38309	1.06646	1	0.73841	0.56356	12.20781	1.06646	1	-0.00630	-0.01022	0.68827	0.00372	1	0.06221	-0.01502	0.68121	0.00396	1	1.45898	0.81042	0	
1244733	8395.83105	3304757904498	0.48793	0.39735	8395.71680	0.11426	11129	1	0.53400	0.39990	1	0.46801	0.43298	1	0.50101	0.41644	1	0.47506	0.53988	11.15769	1.06646	1	0.73849	0.56343	12.15633	1.06646	1	-0.00630	-0.01022	0.68827	0.00364	1	0.06221	-0.01502	0.68121	0.00397	1	1.45898	0.81042	0	
1244734	8395.83789	3304757971648	0.48883	0.39902	8395.71680	0.12109	11129	1	0.54077	0.40914	1	0.46922	0.44886	1	0.50499	0.42900	1	0.47520	0.53977	11.31919	1.06646	1	0.73844	0.56360	12.16546	1.06646	1	-0.00630	-0.01022	0.68827	0.00360	1	0.06221	-0.01502	0.68121	0.00393	1	1.45898	0.81042	0	
1244735	8395.84473	3304758038787	0.48964	0.40052	8395.71680	0.12793	11129	1	0.54077	0.40914	1	0.46922	0.44886	1	0.50499	0.42900	1	0.47499	0.53901	11.58754	1.06646	1	0.73844	0.56360	12.16546	1.06646	1	-0.00630	-0.01022	0.68827	0.00386	1	0.06190	-0.01500	0.67777	0.00392	1	1.45898	0.81042	0	
1244736	8395.85059	3304758105335	0.49018	0.40121	8395.71680	0.13379	11129	1	0.54330	0.39389	1	0.45870	0.43615	1	0.50100	0.41502	1	0.47521	0.53979	10.96525	1.06646	1	0.73832	0.56344	12.10182	1.06646	1	-0.00630	-0.01022	0.68827	0.00363	1	0.06190	-0.01500	0.67777	0.00402	1	1.45898	0.81042	0	
1244737	8395.85742	3304758172068	0.49067	0.40111	8395.71680	0.14062	11129	1	0.51665	0.38430	1	0.48552	0.41386	1	0.50109	0.39908	1	0.47485	0.53963	10.37765	1.06646	1	0.73867	0.56328	11.98439	1.06646	1	-0.00630	-0.01022	0.68827	0.00374	1	0.06190	-0.01500	0.67777	0.00389	1	1.45898	0.81042	0	
1244738	8395.86426	3304758239648	0.49044	0.40191	8395.71680	0.14746	11129	1	0.51665	0.38430	0	0.48517	0.41953	1	0.48517	0.41953	1	0.47485	0.53963	10.37765	1.06646	0	0.73860	0.56315	11.95704	1.05880	1	-0.00630	-0.01022	0.68827	0.00374	1	0.06010	-0.01455	0.65749	0.00392	1	1.45898	0.81042	0	
1244739	8395.87109	3304758306220	0.49044	0.40191	8395.71680	0.15430	11129	1	0.51665	0.38430	0	0.48517	0.41953	0	0.48517	0.41953	0	0.47485	0.53963	10.37765	1.05880	0	0.73860	0.56315	11.95704	1.05114	0	-0.00630	-0.01022	0.68827	0.00374	1	0.06010	-0.01455	0.65749	0.00392	1	1.45898	0.81042	0	
1244740	8395.87793	3304758372739	0.48973	0.40440	8395.71680	0.16113	11129	1	0.51665	0.38430	0	0.47359	0.46171	1	0.47359	0.46171	1	0.47485	0.53963	10.37765	1.05114	0	0.73860	0.56346	12.26742	1.04348	1	-0.00630	-0.01022	0.68827	0.00374	1	0.06010	-0.01455	0.65749	0.00369	1	1.45898	0.81042	0	
1244741	8395.88477	3304758440338	0.48973	0.40440	8395.71680	0.16797	11129	1	0.51665	0.38430	0	0.47359	0.46171	0	0.47359	0.46171	0	0.47485	0.53963	10.37765	1.04348	0	0.73860	0.56346	12.26742	1.03582	0	-0.00630	-0.01022	0.68827	0.00374	1	0.06010	-0.01455	0.65749	0.00369	1	1.45898	0.81042	0	
1244742	8395.89160	3304758507435	0.48973	0.40440	8395.71680	0.17480	11129	1	0.51665	0.38430	0	0.47359	0.46171	0	0.47359	0.46171	0	0.47485	0.53963	10.37765	1.03582	0	0.73860	0.56346	12.26742	1.03582	0	-0.00630	-0.01022	0.68827	0.00374	1	0.06010	-0.01455	0.65749	0.00369	1	1.45898	0.81042	0	
1244743	8395.89746	3304758573809	0.48947	0.40434	8395.71680	0.18066	11129	1	0.51665	0.38430	0	0.48322	0.40285	1	0.48322	0.40285	1	0.47485	0.53963	10.37765	1.03582	0	0.73863	0.56279	11.83114	1.03582	1	-0.00630	-0.01022	0.68827	0.00374	1	0.06010	-0.01455	0.65749	0.00410	1	1.45898	0.81042	0	
1244744	8395.90430	3304758641029	0.48947	0.40434	8395.71680	0.18750	11129	1	0.51665	0.38430	0	0.48322	0.40285	0	0.48322	0.40285	0	0.47485	0.53963	10.37765	1.03582	0	0.73863	0.56279	11.83114	1.03582	0	-0.00630	-0.01022	0.68827	0.00374	1	0.06010	-0.01455	0.65749	0.00410	1	1.45898	0.81042	0	
1244745	8395.91113	3304758708067	0.48864	0.40593	8395.71680	0.19434	11129	1	0.51665	0.38430	0	0.46790	0.44557	1	0.46790	0.44557	1	0.47485	0.53963	10.37765	1.03582	0	0.73844	0.56331	11.75690	1.03582	1	-0.00630	-0.01022	0.68827	0.00374	1	0.06010	-0.01455	0.65749	0.00390	1	1.45898	0.81042	0	
1244746	8395.91797	3304758775683	0.48864	0.40593	8395.71680	0.20117	11129	1	0.51665	0.38430	0	0.46790	0.44557	0	0.46790	0.44557	0	0.47485	0.53963	10.37765	1.03582	0	0.73844	0.56331	11.75690	1.03582	0	-0.00630	-0.01022	0.68827	0.00374	1	0.06010	-0.01455	0.65749	0.00390	1	1.45898	0.81042	0	
1244747	8395.92480	3304758842659	0.48864	0.40593	8395.71680	0.20801	11129	1	0.51665	0.38430	0	0.46790	0.44557	0	0.46790	0.44557	0	0.47485	0.53963	10.37765	1.03582	0	0.73844	0.56331	11.75690	1.03582	0	-0.00630	-0.01022	0.68827	0.00374	1	0.06010	-0.01455	0.65749	0.00390	1	1.45898	0.81042	0	
1244748	8395.93164	3304758909220	0.48864	0.40593	8395.71680	0.21484	11129	1	0.51665	0.38430	0	0.46790	0.44557	0	0.46790	0.44557	0	0.47485	0.53963	10.37765	1.03582	0	0.73844	0.56331	11.75690	1.03582	0	-0.00630	-0.01022	0.68827	0.00374	1	0.06010	-0.01455	0.65749	0.00390	1	1.45898	0.81042	0	
1244749	8395.93750	3304758972005	0.48810	0.41730	8395.71680	0.21484	11129	0	0.51665	0.38430	0	0.46790	0.44557	0	0.46790	0.44557	0	0.47485	0.53963	10.37765	1.03582	0	0.73844	0.56331	11.75690	1.03582	0	-0.00630	-0.01022	0.68827	0.00374	1	0.06010	-0.01455	0.65749	0.00390	1	1.45898	0.81042	0	
1244750	8395.94434	3304759038526	0.48810	0.41730	8395.71680	0.21484	11129	0	0.51665	0.38430	0	0.46790	0.44557	0	0.46790	0.44557	0	0.47485	0.53963	10.37765	1.03582	0	0.73844	0.56331	11.75690	1.03582	0	-0.00630	-0.01022	0.68827	0.00374	1	0.06010	-0.01455	0.65749	0.00390	1	1.45898	0.81042	0	
1244751	8395.95117	3304759107834	0.48810	0.41730	8395.71680	0.21484	11129	0	0.51665	0.38430	0	0.46790	0.44557	0	0.46790	0.44557	0	0.47485	0.53963	10.37765	1.03582	0	0.73844	0.56331	11.75690	1.03582	0	-0.00630	-0.01022	0.68827	0.00374	1	0.06010	-0.01455	0.65749	0.00390	1	1.45898	0.81042	0	
1244752	8395.95801	3304759174504	0.00000	0.00000	8395.71680	0.21484	11129	0	0.51665	0.38430	0	0.46790	0.44557	0	0.46790	0.44557	0	0.47485	0.53963	10.37765	1.03582	0	0.73844	0.56331	11.75690	1.03582	0	-0.00630	-0.01022	0.68827	0.00374	1	0.06010	-0.01455	0.65749	0.00390	1	1.45898	0.81042	0	
1244753	8395.96484	3304759241439	0.00000	0.00000	8395.71680	0.21484	11129	0	0.51665	0.38430	0	0.46790	0.44557	0	0.46790	0.44557	0	0.47485	0.53963	10.37765	1.03582	0	0.73844	0.56331	11.75690	1.03582	0	-0.00630	-0.01022	0.68827	0.00374	1	0.06010	-0.01455	0.65749	0.00390	1	1.45898	0.81042	0	
1244754	8395.97168	3304759311529	0.00000	0.00000	8395.71680	0.21484	11129	0	0.51665	0.38430	0	0.46790	0.44557	0	0.46790	0.44557	0	0.47485	0.53963	10.37765	1.03582	0	0.73844	0.56331	11.75690	1.03582	0	-0.00630	-0.01022	0.68827	0.00374	1	0.06010	-0.01455	0.65749	0.00390	1	1.45898	0.81042	0	
1244755	8395.97852	3304759378355	0.51453	0.42262	8395.71680	0.21484	11129	0	0.54326	0.39562	1	0.48581	0.44962	1	0.51453	0.42262	1	0.47530	0.53952	11.17103	1.03582	1	0.73872	0.56339	11.81478	1.03582	1	-0.00630	-0.01022	0.68827	0.00375	1	0.06010	-0.01455	0.65749	0.00388	1	1.45898	0.81042	0	
1244756	8395.98535	3304759444883	0.51453	0.42262	8395.71680	0.21484	11129	0	0.54326	0.39562	1	0.48581	0.44962	1	0.51453	0.42262	1	0.47530	0.53918	11.16773	1.03582	1	0.73846	0.56342	12.37138	1.03582	1	-0.00630	-0.01022	0.68827	0.00392	1	0.06017	-0.01452	0.65831	0.00377	1	1.45898	0.81042	0	
1244757	8395.99121	3304759510578	0.50951	0.41594	8395.71680	0.21484	11129	0	0.53455	0.32832	1	0.46435	0.47684	1	0.49945	0.40258	1	0.47517	0.53869	10.93254	1.03582	1	0.73847	0.56359	12.37422	1.03582	1	-0.00630	-0.01022	0.68827	0.00396	1	0.06017	-0.01452	0.65831	0.00381	1	1.45898	0.81042	0	
1244758	8395.99805	3304759578884	0.50806	0.40928	8395.97852	0.01953	11130	1	0.53717	0.37356	1	0.47029	0.40501	1	0.50373	0.38928	1	0.47515	0.53903	10.84548	1.03582	1	0.73843	0.56305	12.10709	1.03582	1	-0.00630	-0.01022	0.68827	0.00381	1	0.06017	-0.01452	0.65831	0.00399	1	1.45898	0.81042	0	
1244759	8396.00488	3304759646094	0.50056	0.40724	8395.97852	0.02637	11130	1	0.53717	0.37356	0	0.47054	0.39912	1	0.47054	0.39912	1	0.47515	0.53903	10.84548	1.03582	0	0.73854	0.56332	12.34747	1.04348	1	-0.00630	-0.01022	0.68827	0.00381	1	0.06221	-0.01502	0.68121	0.00386	1	1.45898	0.81042	0	
1244760	8396.01172	3304759713222	0.49790	0.39841	8395.97852	0.03320	11130	1	0.53717	0.37356	0	0.48463	0.35424	1	0.48463	0.35424	1	0.47515	0.53903	10.84548	1.04348	0	0.73866	0.56232	11.76304	1.05114	1	-0.00630	-0.01022	0.68827	0.00381	1	0.06221	-0.01502	0.68121	0.00437	1	1.45898	0.81042	0	
1244761	8396.01855	3304759780399	0.49520	0.39790	8395.97852	0.04004	11130	1	0.53717	0.37356	0	0.47901	0.39481	1	0.47901	0.39481	1	0.47515	0.53903	10.84548	1.05114	0	0.73858	0.56281	11.85960	1.05880	1	-0.00630	-0.01022	0.68827	0.00381	1	0.06221	-0.01502	0.68121	0.00414	1	1.45898	0.81042	0	
1244762	8396.02539	3304759846668	0.49520	0.39790	8395.97852	0.04688	11130	1	0.53717	0.37356	0	0.47901	0.39481	0	0.47901	0.39481	0	0.47515	0.53903	10.84548	1.05880	0	0.73858	0.56281	11.85960	1.06646	0	-0.00630	-0.01022	0.68827	0.00381	1	0.06221	-0.01502	0.68121	0.00414	1	1.45898	0.81042	0	
1244763	8396.03223	3304759913666	0.49520	0.39790	8395.97852	0.05371	11130	1	0.53717	0.37356	0	0.47901	0.39481	0	0.47901	0.39481	0	0.47515	0.53903	10.84548	1.06646	0	0.73858	0.56281	11.85960	1.06646	0	-0.00630	-0.01022	0.68827	0.00381	1	0.06221	-0.01502	0.68121	0.00414	1	1.45898	0.81042	0	
1244764	8396.03906	3304759982227	0.49520	0.39790	8395.97852	0.06055	11130	1	0.53717	0.37356	0	0.47901	0.39481	0	0.47901	0.39481	0	0.47515	0.53903	10.84548	1.06646	0	0.73858	0.56281	11.85960	1.06646	0	-0.00630	-0.01022	0.68827	0.00381	1	0.06221	-0.01502	0.68121	0.00414	1	1.45898	0.81042	0	
1244765	8396.04492	3304760047826	0.49198	0.39378	8395.97852	0.06055	11130	0	0.53717	0.37356	0	0.47901	0.39481	0	0.47901	0.39481	0	0.47515	0.53903	10.84548	1.06646	0	0.73858	0.56281	11.85960	1.06646	0	-0.00630	-0.01022	0.68827	0.00381	1	0.06221	-0.01502	0.68121	0.00414	1	1.45898	0.81042	0	
1244766	8396.05176	3304760114928	0.49198	0.39378	8395.97852	0.06055	11130	0	0.53717	0.37356	0	0.47901	0.39481	0	0.47901	0.39481	0	0.47515	0.53903	10.84548	1.06646	0	0.73858	0.56281	11.85960	1.06646	0	-0.00630	-0.01022	0.68827	0.00381	1	0.06221	-0.01502	0.68121	0.00414	1	1.45898	0.81042	0	
1244767	8396.05859	3304760181722	0.49198	0.39378	8395.97852	0.06055	11130	0	0.53717	0.37356	0	0.47901	0.39481	0	0.47901	0.39481	0	0.47515	0.53903	10.84548	1.06646	0	0.73858	0.56281	11.85960	1.06646	0	-0.00630	-0.01022	0.68827	0.00381	1	0.06221	-0.01502	0.68121	0.00414	1	1.45898	0.81042	0	
1244768	8396.06543	3304760248773	0.00000	0.00000	8395.97852	0.06055	11130	0	0.53717	0.37356	0	0.47901	0.39481	0	0.47901	0.39481	0	0.47515	0.53903	10.84548	1.06646	0	0.73858	0.56281	11.85960	1.06646	0	-0.00630	-0.01022	0.68827	0.00381	1	0.06221	-0.01502	0.68121	0.00414	1	1.45898	0.81042	0	
1244769	8396.07227	3304760316002	0.00000	0.00000	8395.97852	0.06055	11130	0	0.53717	0.37356	0	0.47901	0.39481	0	0.47901	0.39481	0	0.47515	0.53903	10.84548	1.06646	0	0.73858	0.56281	11.85960	1.06646	0	-0.00630	-0.01022	0.68827	0.00381	1	0.06221	-0.01502	0.68121	0.00414	1	1.45898	0.81042	0	
1244770	8396.07910	3304760381699	0.00000	0.00000	8395.97852	0.06055	11130	0	0.53717	0.37356	0	0.47901	0.39481	0	0.47901	0.39481	0	0.47515	0.53903	10.84548	1.06646	0	0.73858	0.56281	11.85960	1.06646	0	-0.00630	-0.01022	0.68827	0.00381	1	0.06221	-0.01502	0.68121	0.00414	1	1.45898	0.81042	0	
1244771	8396.08496	3304760449569	0.47901	0.39481	8395.97852	0.06055	11130	0	0.53717	0.37356	0	0.47901	0.39481	1	0.47901	0.39481	1	0.47422	0.53917	10.75662	1.06646	0	0.47422	0.53917	10.75662	1.05880	1	-0.00630	-0.01022	0.68827	0.00381	1	-0.00617	-0.00977	0.65810	0.00384	1	1.45898	0.81042	0	
1244772	8396.09180	3304760516764	0.42910	0.34437	8395.97852	0.06055	11130	0	0.53717	0.37356	0	0.37918	0.29393	1	0.37918	0.29393	1	0.47422	0.53917	10.75662	1.05880	0	0.47437	0.53887	10.96110	1.05114	1	-0.00630	-0.01022	0.68827	0.00381	1	-0.00617	-0.00977	0.65810	0.00391	1	1.45898	0.81042	0	
1244773	8396.09863	3304760583862	0.41205	0.35268	8395.97852	0.06055	11130	0	0.53717	0.37356	0	0.37796	0.36931	1	0.37796	0.36931	1	0.47422	0.53917	10.75662	1.05114	0	0.47443	0.53956	11.15262	1.04348	1	-0.00630	-0.01022	0.68827	0.00381	1	-0.00617	-0.00977	0.65810	0.00369	1	1.45898	0.81042	0	
1244774	8396.10547	3304760650630	0.37837	0.34418	8395.97852	0.06055	11130	0	0.53717	0.37356	0	0.37796	0.36931	1	0.37796	0.36931	1	0.47422	0.53917	10.75662	1.04348	0	0.47435	0.53952	11.10390	1.04348	1	-0.00630	-0.01022	0.68827	0.00381	1	-0.00625	-0.00999	0.67260	0.00368	1	1.45898	0.81042	0	
1244775	8396.11230	3304760717815	0.37776	0.32437	8395.97852	0.06055	11130	0	0.53717	0.37356	0	0.37716	0.30457	1	0.37716	0.30457	1	0.47422	0.53917	10.75662	1.04348	0	0.47441	0.53912	11.01209	1.05114	1	-0.00630	-0.01022	0.68827	0.00381	1	-0.00625	-0.00999	0.67260	0.00385	1	1.45898	0.81042	0	
1244776	8396.11914	3304760784605	0.37782	0.31397	8395.97852	0.06055	11130	0	0.53717	0.37356	0	0.37793	0.29316	1	0.37793	0.29316	1	0.47422	0.53917	10.75662	1.05114	0	0.47441	0.53912	11.01209	1.05880	1	-0.00630	-0.01022	0.68827	0.00381	1	-0.00625	-0.00999	0.67260	0.00385	1	1.45898	0.81042	0	
1244777	8396.12598	3304760851544	0.39757	0.31740	8396.10547	0.02051	11131	1	0.53572	0.36192	1	0.37795	0.29346	1	0.45683	0.32769	1	0.47446	0.53939	11.32161	1.05078	1	0.73830	0.56296	12.08286	1.05844	1	-0.00595	-0.00958	0.64537	0.00373	1	0.06190	-0.01489	0.67777	0.00365	1	1.45898	0.81042	0	
1244778	8396.13184	3304760916397	0.39531	0.32964	8396.10547	0.02637	11131	1	0.53572	0.36192	0	0.38628	0.37859	1	0.38628	0.37859	1	0.47446	0.53939	11.32161	1.05043	0	0.47457	0.53968	11.46202	1.05043	1	-0.00595	-0.00958	0.64537	0.00373	1	0.06190	-0.01489	0.67777	0.00365	1	1.45898	0.81042	0	
1244779	8396.13867	3304760980730	0.39383	0.33570	8396.10547	0.03320	11131	1	0.53572	0.36192	0	0.38644	0.36600	1	0.38644	0.36600	1	0.47446	0.53939	11.32161	1.04241	0	0.47452	0.53952	11.07701	1.04241	1	-0.00595	-0.00958	0.64537	0.00373	1	0.06190	-0.01489	0.67777	0.00372	1	1.45898	0.81042	0	
1244780	8396.14551	3304761047902	0.39283	0.34094	8396.10547	0.04004	11131	1	0.53572	0.36192	0	0.38679	0.37237	1	0.38679	0.37237	1	0.47446	0.53939	11.32161	1.03439	0	0.47466	0.53913	11.07171	1.03439	1	-0.00595	-0.00958	0.64537	0.00373	1	-0.00630	-0.01022	0.68827	0.00380	1	1.45898	0.81042	0	
1244781	8396.15234	3304761119633	0.38724	0.34571	8396.10547	0.04688	11131	1	0.53572	0.36192	0	0.34809	0.37908	1	0.34809	0.37908	1	0.47446	0.53939	11.32161	1.03439	0	0.47434	0.53971	11.47516	1.03439	1	-0.00595	-0.00958	0.64537	0.00373	1	-0.00630	-0.01022	0.68827	0.00375	1	1.45898	0.81042	0	
1244782	8396.15820	3304761181513	0.38424	0.33765	8396.10547	0.05273	11131	1	0.53572	0.36192	0	0.36028	0.27317	1	0.36028	0.27317	1	0.47446	0.53939	11.32161	1.03439	0	0.47442	0.53847	10.96684	1.03439	1	-0.00595	-0.00958	0.64537	0.00373	1	-0.00630	-0.01022	0.68827	0.00407	1	1.45898	0.81042	0	
1244783	8396.16602	3304761253499	0.38185	0.33120	8396.10547	0.06055	11131	1	0.53572	0.36192	0	0.36028	0.27317	1	0.36028	0.27317	1	0.47446	0.53939	11.32161	1.03439	0	0.47449	0.53875	11.17708	1.03439	1	-0.00595	-0.00958	0.64537	0.00373	1	-0.00630	-0.01022	0.68827	0.00396	1	1.45898	0.81042	0	
1244784	8396.17188	3304761317841	0.38185	0.33120	8396.10547	0.06641	11131	1	0.53572	0.36192	0	0.36028	0.27317	0	0.36028	0.27317	0	0.47446	0.53939	11.32161	1.03439	0	0.47449	0.53875	11.17708	1.03439	0	-0.00595	-0.00958	0.64537	0.00373	1	-0.00630	-0.01022	0.68827	0.00396	1	1.45898	0.81042	0	
1244785	8396.17871	3304761384457	0.38185	0.33120	8396.10547	0.07324	11131	1	0.53572	0.36192	0	0.36028	0.27317	0	0.36028	0.27317	0	0.47446	0.53939	11.32161	1.03439	0	0.47449	0.53875	11.17708	1.03439	0	-0.00595	-0.00958	0.64537	0.00373	1	-0.00630	-0.01022	0.68827	0.00396	1	1.45898	0.81042	0	
1244786	8396.18555	3304761449810	0.38185	0.33120	8396.10547	0.08008	11131	1	0.53572	0.36192	0	0.36028	0.27317	0	0.36028	0.27317	0	0.47446	0.53939	11.32161	1.03439	0	0.47449	0.53875	11.17708	1.03439	0	-0.00595	-0.00958	0.64537	0.00373	1	-0.00630	-0.01022	0.68827	0.00396	1	1.45898	0.81042	0	
1244787	8396.19238	3304761517647	0.38223	0.32976	8396.10547	0.08008	11131	0	0.53572	0.36192	0	0.36028	0.27317	0	0.36028	0.27317	0	0.47446	0.53939	11.32161	1.03439	0	0.47449	0.53875	11.17708	1.03439	0	-0.00595	-0.00958	0.64537	0.00373	1	-0.00630	-0.01022	0.68827	0.00396	1	1.45898	0.81042	0	
1244788	8396.19922	3304761588106	0.38223	0.32976	8396.10547	0.08008	11131	0	0.53572	0.36192	0	0.36028	0.27317	0	0.36028	0.27317	0	0.47446	0.53939	11.32161	1.03439	0	0.47449	0.53875	11.17708	1.03439	0	-0.00595	-0.00958	0.64537	0.00373	1	-0.00630	-0.01022	0.68827	0.00396	1	1.45898	0.81042	0	
1244789	8396.20605	3304761653548	0.37126	0.30146	8396.10547	0.08008	11131	0	0.53572	0.36192	0	0.36028	0.27317	1	0.36028	0.27317	1	0.47446	0.53939	11.32161	1.03439	0	0.73854	0.56380	12.20064	1.03439	1	-0.00595	-0.00958	0.64537	0.00373	1	0.06221	-0.01502	0.68121	0.00400	1	1.45898	0.81042	0	
1244790	8396.21289	3304761722610	0.36028	0.27317	8396.10547	0.08008	11131	0	0.53572	0.36192	0	0.36028	0.27317	0	0.36028	0.27317	0	0.47446	0.53939	11.32161	1.03439	0	0.73854	0.56380	12.20064	1.03439	0	-0.00595	-0.00958	0.64537	0.00373	1	0.06221	-0.01502	0.68121	0.00400	1	1.45898	0.81042	0	
1244791	8396.21973	3304761789767	0.41424	0.37232	8396.10547	0.08008	11131	0	0.53572	0.36192	0	0.46820	0.47148	1	0.46820	0.47148	1	0.47446	0.53939	11.32161	1.03439	0	0.73844	0.56360	12.16546	1.03439	1	-0.00595	-0.00958	0.64537	0.00373	1	0.06221	-0.01502	0.68121	0.00392	1	1.45898	0.81042	0	
1244792	8396.22656	3304761856438	0.41424	0.37232	8396.10547	0.08008	11131	0	0.53572	0.36192	0	0.46820	0.47148	0	0.46820	0.47148	0	0.47446	0.53939	11.32161	1.03439	0	0.73844	0.56360	12.16546	1.03439	0	-0.00595	-0.00958	0.64537	0.00373	1	0.06221	-0.01502	0.68121	0.00392	1	1.45898	0.81042	0	
1244793	8396.23242	3304761923171	0.46820	0.47148	8396.10547	0.08008	11131	0	0.53572	0.36192	0	0.46820	0.47148	0	0.46820	0.47148	0	0.47446	0.53939	11.32161	1.03439	0	0.73844	0.56360	12.16546	1.03439	0	-0.00595	-0.00958	0.64537	0.00373	1	0.06221	-0.01502	0.68121	0.00392	1	1.45898	0.81042	0	
1244794	8396.23926	3304761990347	0.46820	0.47148	8396.10547	0.08008	11131	0	0.53572	0.36192	0	0.46820	0.47148	0	0.46820	0.47148	0	0.47446	0.53939	11.32161	1.03439	0	0.73844	0.56360	12.16546	1.03439	0	-0.00595	-0.00958	0.64537	0.00373	1	0.06221	-0.01502	0.68121	0.00392	1	1.45898	0.81042	0	
1244795	8396.24609	3304762057735	0.46820	0.47148	8396.10547	0.08008	11131	0	0.53572	0.36192	0	0.46820	0.47148	0	0.46820	0.47148	0	0.47446	0.53939	11.32161	1.03439	0	0.73844	0.56360	12.16546	1.03439	0	-0.00595	-0.00958	0.64537	0.00373	1	0.06221	-0.01502	0.68121	0.00392	1	1.45898	0.81042	0	
1244796	8396.25293	3304762124675	0.00000	0.00000	8396.10547	0.08008	11131	0	0.53572	0.36192	0	0.46820	0.47148	0	0.46820	0.47148	0	0.47446	0.53939	11.32161	1.03439	0	0.73844	0.56360	12.16546	1.03439	0	-0.00595	-0.00958	0.64537	0.00373	1	0.06221	-0.01502	0.68121	0.00392	1	1.45898	0.81042	0	
1244797	8396.25977	3304762191074	0.00000	0.00000	8396.10547	0.08008	11131	0	0.53572	0.36192	0	0.46820	0.47148	0	0.46820	0.47148	0	0.47446	0.53939	11.32161	1.03439	0	0.73844	0.56360	12.16546	1.03439	0	-0.00595	-0.00958	0.64537	0.00373	1	0.06221	-0.01502	0.68121	0.00392	1	1.45898	0.81042	0	
1244798	8396.26660	3304762258202	0.00000	0.00000	8396.10547	0.08008	11131	0	0.53572	0.36192	0	0.46820	0.47148	0	0.46820	0.47148	0	0.47446	0.53939	11.32161	1.03439	0	0.73844	0.56360	12.16546	1.03439	0	-0.00595	-0.00958	0.64537	0.00373	1	0.06221	-0.01502	0.68121	0.00392	1	1.45898	0.81042	0	
1244799	8396.27344	3304762324974	0.00000	0.00000	8396.10547	0.08008	11131	0	0.53572	0.36192	0	0.46820	0.47148	0	0.46820	0.47148	0	0.47446	0.53939	11.32161	1.03439	0	0.73844	0.56360	12.16546	1.03439	0	-0.00595	-0.00958	0.64537	0.00373	1	0.06221	-0.01502	0.68121	0.00392	1	1.45898	0.81042	0	
1244800	8396.27930	3304762392134	0.00000	0.00000	8396.10547	0.08008	11131	0	0.53572	0.36192	0	0.46820	0.47148	0	0.46820	0.47148	0	0.47446	0.53939	11.32161	1.03439	0	0.73844	0.56360	12.16546	1.03439	0	-0.00595	-0.00958	0.64537	0.00373	1	0.06221	-0.01502	0.68121	0.00392	1	1.45898	0.81042	0	
1244801	8396.28613	3304762459159	0.25132	0.20703	8396.10547	0.08008	11131	0	0.53653	0.36844	1	0.46873	0.45970	1	0.50263	0.41407	1	0.47505	0.53944	11.12006	1.04241	1	0.73826	0.56387	12.12813	1.05109	1	-0.00614	-0.01014	0.68257	0.00373	1	0.06388	-0.01549	0.69771	0.00401	1	1.45898	0.81042	0	
1244802	8396.29297	3304762525997	0.49744	0.41949	8396.10547	0.08008	11131	0	0.51917	0.41016	1	0.46533	0.43968	1	0.49225	0.42492	1	0.47525	0.53979	11.39194	1.05911	1	0.73840	0.56375	12.23459	1.06779	1	-0.00614	-0.01014	0.68257	0.00370	1	0.06388	-0.01549	0.69771	0.00395	1	1.45898	0.81042	0	
1244803	8396.29980	3304762593062	0.48608	0.40779	8396.10547	0.08008	11131	0	0.52420	0.38737	1	0.42524	0.40479	1	0.47472	0.39608	1	0.47530	0.53980	11.52333	1.07580	1	0.73821	0.56377	12.08326	1.08448	1	-0.00614	-0.01014	0.68257	0.00368	1	0.06388	-0.01549	0.69771	0.00400	1	1.45898	0.81042	0	
1244804	8396.30664	3304762660414	0.46575	0.40272	8396.10547	0.08008	11131	0	0.52420	0.38737	0	0.42510	0.39258	1	0.42510	0.39258	1	0.47530	0.53980	11.52333	1.09250	0	0.47511	0.53952	11.02922	1.10118	1	-0.00614	-0.01014	0.68257	0.00368	1	-0.00624	-0.01038	0.69899	0.00378	1	1.45898	0.81042	0	
1244805	8396.31250	3304762724503	0.44438	0.38515	8396.29297	0.01953	11132	1	0.52420	0.38737	0	0.38026	0.33245	1	0.38026	0.33245	1	0.47530	0.53980	11.52333	1.10118	0	0.47519	0.53985	11.65908	1.10118	1	-0.00614	-0.01014	0.68257	0.00368	1	-0.00624	-0.01038	0.69899	0.00360	1	1.45898	0.81042	0	
1244806	8396.32031	3304762794076	0.43012	0.36882	8396.29297	0.02734	11132	1	0.52420	0.38737	0	0.37311	0.30352	1	0.37311	0.30352	1	0.47530	0.53980	11.52333	1.10118	0	0.47511	0.53959	10.88306	1.10118	1	-0.00614	-0.01014	0.68257	0.00368	1	-0.00624	-0.01038	0.69899	0.00374	1	1.45898	0.81042	0	
1244807	8396.32617	3304762861428	0.42070	0.35911	8396.29297	0.03320	11132	1	0.52420	0.38737	0	0.37357	0.31052	1	0.37357	0.31052	1	0.47530	0.53980	11.52333	1.10118	0	0.47507	0.53967	10.91371	1.09250	1	-0.00614	-0.01014	0.68257	0.00368	1	-0.00602	-0.01011	0.68070	0.00397	1	1.45898	0.81042	0	
1244808	8396.33301	3304762928612	0.41383	0.35423	8396.29297	0.04004	11132	1	0.52420	0.38737	0	0.37262	0.32500	1	0.37262	0.32500	1	0.47530	0.53980	11.52333	1.09250	0	0.47517	0.53957	11.07760	1.08382	1	-0.00614	-0.01014	0.68257	0.00368	1	-0.00602	-0.01011	0.68070	0.00379	1	1.45898	0.81042	0	
1244809	8396.33984	3304762995725	0.40879	0.35171	8396.29297	0.04688	11132	1	0.52420	0.38737	0	0.37354	0.33404	1	0.37354	0.33404	1	0.47530	0.53980	11.52333	1.08382	0	0.47509	0.53959	10.91439	1.07514	1	-0.00614	-0.01014	0.68257	0.00368	1	-0.00602	-0.01011	0.68070	0.00392	1	1.45898	0.81042	0	
1244810	8396.34668	3304763060061	0.40488	0.34975	8396.29297	0.05371	11132	1	0.52420	0.38737	0	0.37354	0.33404	1	0.37354	0.33404	1	0.47530	0.53980	11.52333	1.07514	0	0.47509	0.53959	10.91439	1.07514	1	-0.00614	-0.01014	0.68257	0.00368	1	-0.00624	-0.01038	0.69899	0.00392	1	1.45898	0.81042	0	
1244811	8396.35352	3304763129494	0.40161	0.35054	8396.29297	0.06055	11132	1	0.52420	0.38737	0	0.37223	0.35766	1	0.37223	0.35766	1	0.47530	0.53980	11.52333	1.07514	0	0.47518	0.53982	11.52312	1.08382	1	-0.00614	-0.01014	0.68257	0.00368	1	-0.00624	-0.01038	0.69899	0.00375	1	1.45898	0.81042	0	
1244812	8396.36035	3304763196320	0.39904	0.34548	8396.29297	0.06738	11132	1	0.52420	0.38737	0	0.37334	0.29495	1	0.37334	0.29495	1	0.47530	0.53980	11.52333	1.08382	0	0.47514	0.53945	11.04652	1.09250	1	-0.00614	-0.01014	0.68257	0.00368	1	-0.00624	-0.01038	0.69899	0.00372	1	1.45898	0.81042	0	
1244813	8396.36719	3304763263090	0.39686	0.34068	8396.29297	0.07422	11132	1	0.52420	0.38737	0	0.37287	0.28782	1	0.37287	0.28782	1	0.47530	0.53980	11.52333	1.09250	0	0.47510	0.53961	11.04206	1.10118	1	-0.00614	-0.01014	0.68257	0.00368	1	-0.00624	-0.01038	0.69899	0.00380	1	1.45898	0.81042	0	
1244814	8396.37305	3304763329908	0.39457	0.33919	8396.29297	0.08008	11132	1	0.52420	0.38737	0	0.36714	0.32128	1	0.36714	0.32128	1	0.47530	0.53980	11.52333	1.10118	0	0.47511	0.53965	11.03301	1.10118	1	-0.00614	-0.01014	0.68257	0.00368	1	-0.00624	-0.01038	0.69899	0.00382	1	1.45898	0.81042	0	
1244815	8396.37988	3304763396882	0.39312	0.33826	8396.29297	0.08691	11132	1	0.52420	0.38737	0	0.37422	0.32625	1	0.37422	0.32625	1	0.47530	0.53980	11.52333	1.10118	0	0.47521	0.53956	11.14979	1.10118	1	-0.00614	-0.01014	0.68257	0.00368	1	-0.00624	-0.01038	0.69899	0.00380	1	1.45898	0.81042	0	
1244816	8396.38672	3304763463099	0.39674	0.33864	8396.29297	0.09375	11132	1	0.52063	0.36198	1	0.37420	0.32593	1	0.44742	0.34395	1	0.47514	0.53981	11.10229	1.11027	1	0.73912	0.56412	12.00733	1.10159	1	-0.00624	-0.01038	0.69899	0.00370	1	0.06261	-0.01517	0.68326	0.00390	1	1.45898	0.81042	0	
1244817	8396.39355	3304763529469	0.40200	0.33969	8396.29297	0.10059	11132	1	0.50491	0.33062	1	0.45680	0.38017	1	0.48085	0.35540	1	0.47511	0.53928	10.99364	1.11067	1	0.73872	0.56414	11.98113	1.10199	1	-0.00624	-0.01038	0.69899	0.00376	1	0.06261	-0.01517	0.68326	0.00388	1	1.45898	0.81042	0	
1244818	8396.40039	3304763598099	0.40769	0.34288	8396.29297	0.10742	11132	1	0.50469	0.36815	1	0.49301	0.41966	1	0.49885	0.39390	1	0.47507	0.53971	10.79810	1.11108	1	0.73912	0.56416	12.81250	1.10240	1	-0.00624	-0.01038	0.69899	0.00374	1	0.06261	-0.01517	0.68326	0.00387	1	1.45898	0.81042	0	
1244819	8396.40723	3304763664565	0.41276	0.34570	8396.29297	0.11426	11132	1	0.50465	0.36785	1	0.49303	0.41937	1	0.49884	0.39361	1	0.47529	0.53996	11.16633	1.11148	1	0.73896	0.56414	12.40304	1.10280	1	-0.00624	-0.01038	0.69899	0.00358	1	0.06261	-0.01517	0.68326	0.00385	1	1.45898	0.81042	0	
1244820	8396.41406	3304763731958	0.41659	0.34583	8396.29297	0.12109	11132	1	0.50567	0.32440	1	0.46535	0.37207	1	0.48551	0.34824	1	0.47516	0.53923	11.03154	1.10280	1	0.73871	0.56403	11.98372	1.10280	1	-0.00624	-0.01038	0.69899	0.00387	1	0.06261	-0.01517	0.68326	0.00385	1	1.45898	0.81042	0	
1244821	8396.41992	3304763798821	0.42102	0.34607	8396.29297	0.12695	11132	1	0.51118	0.34633	1	0.49918	0.35494	1	0.50518	0.35064	1	0.47525	0.53956	11.12351	1.10280	1	0.73888	0.56384	11.44131	1.10280	1	-0.00624	-0.01038	0.69899	0.00372	1	0.06261	-0.01517	0.68326	0.00389	1	1.45898	0.81042	0	
1244822	8396.42676	3304763865771	0.42504	0.34662	8396.29297	0.13379	11132	1	0.51219	0.35321	1	0.49866	0.36193	1	0.50543	0.35757	1	0.47514	0.53952	11.21899	1.09372	1	0.73892	0.56370	11.42797	1.09372	1	-0.00614	-0.01014	0.68257	0.00375	1	0.06261	-0.01517	0.68326	0.00397	1	1.45898	0.81042	0	
1244823	8396.43359	3304763932734	0.42866	0.34769	8396.29297	0.14062	11132	1	0.51876	0.36889	1	0.49082	0.37135	1	0.50479	0.37012	1	0.47525	0.53953	11.11678	1.08463	1	0.73877	0.56397	11.89893	1.08463	1	-0.00614	-0.01014	0.68257	0.00366	1	0.06261	-0.01517	0.68326	0.00382	1	1.45898	0.81042	0	
1244824	8396.44043	3304764000391	0.46227	0.35185	8396.29297	0.14062	11132	0	0.50594	0.37483	1	0.50631	0.37211	1	0.50612	0.37347	1	0.47507	0.53960	11.28209	1.07555	1	0.73902	0.56395	12.38438	1.07555	1	-0.00614	-0.01014	0.68257	0.00356	1	0.06261	-0.01517	0.68326	0.00382	1	1.45898	0.81042	0	
1244825	8396.44727	3304764066362	0.48446	0.36444	8396.29297	0.14062	11132	0	0.50701	0.38164	1	0.50628	0.37242	1	0.50665	0.37703	1	0.47520	0.53939	11.20943	1.06646	1	0.73842	0.56388	12.36968	1.07514	1	-0.00614	-0.01014	0.68257	0.00361	1	0.06388	-0.01549	0.69771	0.00392	1	1.45898	0.81042	0	
1244826	8396.45410	3304764133470	0.48579	0.37045	8396.29297	0.14062	11132	0	0.50587	0.36783	1	0.47105	0.39712	1	0.48846	0.38248	1	0.47512	0.53965	11.30376	1.07514	1	0.73847	0.56413	12.25876	1.08382	1	-0.00614	-0.01014	0.68257	0.00362	1	0.06388	-0.01549	0.69771	0.00386	1	1.45898	0.81042	0	
1244827	8396.46094	3304764200857	0.48621	0.37340	8396.44043	0.02051	11133	1	0.50392	0.34785	1	0.47098	0.41665	1	0.48745	0.38225	1	0.47510	0.53939	10.92109	1.08382	1	0.73845	0.56401	12.46526	1.09250	1	-0.00614	-0.01014	0.68257	0.00363	1	0.06388	-0.01549	0.69771	0.00384	1	1.45898	0.81042	0	
1244828	8396.46680	3304764267508	0.48635	0.37450	8396.44043	0.02637	11133	1	0.50289	0.34117	1	0.47098	0.41665	1	0.48693	0.37891	1	0.47518	0.53924	11.09074	1.09250	1	0.73828	0.56388	12.24589	1.09250	1	-0.00630	-0.01022	0.68827	0.00377	1	0.06157	-0.01494	0.67308	0.00382	1	1.45898	0.81042	0	
1244829	8396.47363	3304764334470	0.48966	0.37074	8396.44043	0.03320	11133	1	0.53440	0.32783	1	0.47797	0.37604	1	0.50618	0.35193	1	0.47520	0.53940	11.20874	1.09250	1	0.73854	0.56352	11.96610	1.08382	1	-0.00630	-0.01022	0.68827	0.00373	1	0.06157	-0.01494	0.67308	0.00375	1	1.45898	0.81042	0	
1244830	8396.48047	3304764401186	0.49076	0.37247	8396.44043	0.04004	11133	1	0.52024	0.38028	1	0.47450	0.38541	1	0.49737	0.38284	1	0.47490	0.53952	10.43814	1.08382	1	0.73852	0.56349	12.00751	1.07514	1	-0.00630	-0.01022	0.68827	0.00377	1	0.06157	-0.01494	0.67308	0.00378	1	1.45898	0.81042	0	
1244831	8396.48730	3304764468989	0.48865	0.37564	8396.44043	0.04688	11133	1	0.52024	0.38028	0	0.47391	0.39781	1	0.47391	0.39781	1	0.47490	0.53952	10.43814	1.07514	0	0.73857	0.56329	12.30600	1.05880	1	-0.00630	-0.01022	0.68827	0.00377	1	0.06017	-0.01461	0.65831	0.00385	1	1.45898	0.81042	0	
1244832	8396.49414	3304764535476	0.48865	0.37564	8396.44043	0.05371	11133	1	0.52024	0.38028	0	0.47391	0.39781	0	0.47391	0.39781	0	0.47490	0.53952	10.43814	1.05880	0	0.73857	0.56329	12.30600	1.05114	0	-0.00630	-0.01022	0.68827	0.00377	1	0.06017	-0.01461	0.65831	0.00385	1	1.45898	0.81042	0	
1244833	8396.50098	3304764602459	0.48865	0.37564	8396.44043	0.06055	11133	1	0.52024	0.38028	0	0.47391	0.39781	0	0.47391	0.39781	0	0.47490	0.53952	10.43814	1.05114	0	0.73857	0.56329	12.30600	1.04348	0	-0.00630	-0.01022	0.68827	0.00377	1	0.06017	-0.01461	0.65831	0.00385	1	1.45898	0.81042	0	
1244834	8396.50781	3304764669290	0.48865	0.37564	8396.44043	0.06738	11133	1	0.52024	0.38028	0	0.47391	0.39781	0	0.47391	0.39781	0	0.47490	0.53952	10.43814	1.04348	0	0.73857	0.56329	12.30600	1.03582	0	-0.00630	-0.01022	0.68827	0.00377	1	0.06017	-0.01461	0.65831	0.00385	1	1.45898	0.81042	0	
1244835	8396.51465	3304764737545	0.48677	0.38746	8396.44043	0.07422	11133	1	0.52024	0.38028	0	0.47175	0.48198	1	0.47175	0.48198	1	0.47490	0.53952	10.43814	1.03582	0	0.73853	0.56371	12.18955	1.03582	1	-0.00630	-0.01022	0.68827	0.00377	1	0.06017	-0.01461	0.65831	0.00390	1	1.45898	0.81042	0	
1244836	8396.52148	3304764805630	0.48677	0.38746	8396.44043	0.08105	11133	1	0.52024	0.38028	0	0.47175	0.48198	0	0.47175	0.48198	0	0.47490	0.53952	10.43814	1.03582	0	0.73853	0.56371	12.18955	1.03582	0	-0.00630	-0.01022	0.68827	0.00377	1	0.06017	-0.01461	0.65831	0.00390	1	1.45898	0.81042	0	
1244837	8396.52734	3304764870424	0.48677	0.38746	8396.44043	0.08691	11133	1	0.52024	0.38028	0	0.47175	0.48198	0	0.47175	0.48198	0	0.47490	0.53952	10.43814	1.03582	0	0.73853	0.56371	12.18955	1.03582	0	-0.00630	-0.01022	0.68827	0.00377	1	0.06017	-0.01461	0.65831	0.00390	1	1.45898	0.81042	0	
1244838	8396.53418	3304764935669	0.48677	0.38746	8396.44043	0.09375	11133	1	0.52024	0.38028	0	0.47175	0.48198	0	0.47175	0.48198	0	0.47490	0.53952	10.43814	1.03582	0	0.73853	0.56371	12.18955	1.03582	0	-0.00630	-0.01022	0.68827	0.00377	1	0.06017	-0.01461	0.65831	0.00390	1	1.45898	0.81042	0	
1244839	8396.54102	3304765001989	0.48984	0.39191	8396.44043	0.09375	11133	0	0.52024	0.38028	0	0.47175	0.48198	0	0.47175	0.48198	0	0.47490	0.53952	10.43814	1.03582	0	0.73853	0.56371	12.18955	1.03582	0	-0.00630	-0.01022	0.68827	0.00377	1	0.06017	-0.01461	0.65831	0.00390	1	1.45898	0.81042	0	
1244840	8396.54785	3304765069633	0.48984	0.39191	8396.44043	0.09375	11133	0	0.52024	0.38028	0	0.47175	0.48198	0	0.47175	0.48198	0	0.47490	0.53952	10.43814	1.03582	0	0.73853	0.56371	12.18955	1.03582	0	-0.00630	-0.01022	0.68827	0.00377	1	0.06017	-0.01461	0.65831	0.00390	1	1.45898	0.81042	0	
1244841	8396.55371	3304765135250	0.48984	0.39191	8396.44043	0.09375	11133	0	0.52024	0.38028	0	0.47175	0.48198	0	0.47175	0.48198	0	0.47490	0.53952	10.43814	1.03582	0	0.73853	0.56371	12.18955	1.03582	0	-0.00630	-0.01022	0.68827	0.00377	1	0.06017	-0.01461	0.65831	0.00390	1	1.45898	0.81042	0	
1244842	8396.56055	3304765203452	0.00000	0.00000	8396.44043	0.09375	11133	0	0.52024	0.38028	0	0.47175	0.48198	0	0.47175	0.48198	0	0.47490	0.53952	10.43814	1.03582	0	0.73853	0.56371	12.18955	1.03582	0	-0.00630	-0.01022	0.68827	0.00377	1	0.06017	-0.01461	0.65831	0.00390	1	1.45898	0.81042	0	
1244843	8396.56738	3304765269666	0.00000	0.00000	8396.44043	0.09375	11133	0	0.52024	0.38028	0	0.47175	0.48198	0	0.47175	0.48198	0	0.47490	0.53952	10.43814	1.03582	0	0.73853	0.56371	12.18955	1.03582	0	-0.00630	-0.01022	0.68827	0.00377	1	0.06017	-0.01461	0.65831	0.00390	1	1.45898	0.81042	0	
1244844	8396.57422	3304765338140	0.00000	0.00000	8396.44043	0.09375	11133	0	0.52024	0.38028	0	0.47175	0.48198	0	0.47175	0.48198	0	0.47490	0.53952	10.43814	1.03582	0	0.73853	0.56371	12.18955	1.03582	0	-0.00630	-0.01022	0.68827	0.00377	1	0.06017	-0.01461	0.65831	0.00390	1	1.45898	0.81042	0	
1244845	8396.58105	3304765404646	0.39124	0.29849	8396.44043	0.09375	11133	0	0.52024	0.38028	0	0.39124	0.29849	1	0.39124	0.29849	1	0.47490	0.53952	10.43814	1.03582	0	0.47455	0.53884	10.85614	1.03582	1	-0.00630	-0.01022	0.68827	0.00377	1	0.06017	-0.01461	0.65831	0.00398	1	1.45898	0.81042	0	
1244846	8396.58789	3304765469571	0.39109	0.29518	8396.44043	0.09375	11133	0	0.52024	0.38028	0	0.39093	0.29187	1	0.39093	0.29187	1	0.47490	0.53952	10.43814	1.03582	0	0.47458	0.53897	10.85196	1.04348	1	-0.00630	-0.01022	0.68827	0.00377	1	-0.00644	-0.01012	0.68135	0.00402	1	1.45898	0.81042	0	
1244847	8396.59473	3304765538128	0.39419	0.30545	8396.44043	0.09375	11133	0	0.52024	0.38028	0	0.40040	0.32598	1	0.40040	0.32598	1	0.47490	0.53952	10.43814	1.04348	0	0.47443	0.53915	10.99397	1.05114	1	-0.00630	-0.01022	0.68827	0.00377	1	-0.00644	-0.01012	0.68135	0.00392	1	1.45898	0.81042	0	
1244848	8396.60156	3304765608421	0.39813	0.31384	8396.58105	0.02051	11134	1	0.52024	0.38028	0	0.40996	0.33902	1	0.40996	0.33902	1	0.47490	0.53952	10.43814	1.05114	0	0.47452	0.53939	11.18899	1.05880	1	-0.00630	-0.01022	0.68827	0.00377	1	-0.00644	-0.01012	0.68135	0.00384	1	1.45898	0.81042	0	
1244849	8396.60840	3304765674735	0.40047	0.31764	8396.58105	0.02734	11134	1	0.52024	0.38028	0	0.40979	0.33282	1	0.40979	0.33282	1	0.47490	0.53952	10.43814	1.05880	0	0.47427	0.53899	10.83132	1.06646	1	-0.00630	-0.01022	0.68827	0.00377	1	-0.00644	-0.01012	0.68135	0.00396	1	1.45898	0.81042	0	
1244850	8396.61426	3304765741307	0.40047	0.31764	8396.58105	0.03320	11134	1	0.52024	0.38028	0	0.40979	0.33282	0	0.40979	0.33282	0	0.47490	0.53952	10.43814	1.06646	0	0.47427	0.53899	10.83132	1.06646	0	-0.00630	-0.01022	0.68827	0.00377	1	-0.00644	-0.01012	0.68135	0.00396	1	1.45898	0.81042	0	
1244851	8396.62109	3304765808305	0.40047	0.31764	8396.58105	0.04004	11134	1	0.52024	0.38028	0	0.40979	0.33282	0	0.40979	0.33282	0	0.47490	0.53952	10.43814	1.06646	0	0.47427	0.53899	10.83132	1.06646	0	-0.00630	-0.01022	0.68827	0.00377	1	-0.00644	-0.01012	0.68135	0.00396	1	1.45898	0.81042	0	
1244852	8396.62793	3304765875103	0.40047	0.31764	8396.58105	0.04688	11134	1	0.52024	0.38028	0	0.40979	0.33282	0	0.40979	0.33282	0	0.47490	0.53952	10.43814	1.06646	0	0.47427	0.53899	10.83132	1.06646	0	-0.00630	-0.01022	0.68827	0.00377	1	-0.00644	-0.01012	0.68135	0.00396	1	1.45898	0.81042	0	
1244853	8396.63477	3304765942504	0.40277	0.32242	8396.58105	0.04688	11134	0	0.52024	0.38028	0	0.40979	0.33282	0	0.40979	0.33282	0	0.47490	0.53952	10.43814	1.06646	0	0.47427	0.53899	10.83132	1.06646	0	-0.00630	-0.01022	0.68827	0.00377	1	-0.00644	-0.01012	0.68135	0.00396	1	1.45898	0.81042	0	
1244854	8396.64160	3304766008783	0.40277	0.32242	8396.58105	0.04688	11134	0	0.52024	0.38028	0	0.40979	0.33282	0	0.40979	0.33282	0	0.47490	0.53952	10.43814	1.06646	0	0.47427	0.53899	10.83132	1.06646	0	-0.00630	-0.01022	0.68827	0.00377	1	-0.00644	-0.01012	0.68135	0.00396	1	1.45898	0.81042	0	
1244855	8396.64844	3304766075969	0.40277	0.32242	8396.58105	0.04688	11134	0	0.52024	0.38028	0	0.40979	0.33282	0	0.40979	0.33282	0	0.47490	0.53952	10.43814	1.06646	0	0.47427	0.53899	10.83132	1.06646	0	-0.00630	-0.01022	0.68827	0.00377	1	-0.00644	-0.01012	0.68135	0.00396	1	1.45898	0.81042	0	
1244856	8396.65527	3304766143876	0.00000	0.00000	8396.58105	0.04688	11134	0	0.52024	0.38028	0	0.40979	0.33282	0	0.40979	0.33282	0	0.47490	0.53952	10.43814	1.06646	0	0.47427	0.53899	10.83132	1.06646	0	-0.00630	-0.01022	0.68827	0.00377	1	-0.00644	-0.01012	0.68135	0.00396	1	1.45898	0.81042	0	
1244857	8396.66113	3304766210525	0.00000	0.00000	8396.58105	0.04688	11134	0	0.52024	0.38028	0	0.40979	0.33282	0	0.40979	0.33282	0	0.47490	0.53952	10.43814	1.06646	0	0.47427	0.53899	10.83132	1.06646	0	-0.00630	-0.01022	0.68827	0.00377	1	-0.00644	-0.01012	0.68135	0.00396	1	1.45898	0.81042	0	
1244858	8396.66797	3304766277326	0.00000	0.00000	8396.58105	0.04688	11134	0	0.52024	0.38028	0	0.40979	0.33282	0	0.40979	0.33282	0	0.47490	0.53952	10.43814	1.06646	0	0.47427	0.53899	10.83132	1.06646	0	-0.00630	-0.01022	0.68827	0.00377	1	-0.00644	-0.01012	0.68135	0.00396	1	1.45898	0.81042	0	
1244859	8396.67480	3304766341668	0.00000	0.00000	8396.58105	0.04688	11134	0	0.52024	0.38028	0	0.40979	0.33282	0	0.40979	0.33282	0	0.47490	0.53952	10.43814	1.06646	0	0.47427	0.53899	10.83132	1.06646	0	-0.00630	-0.01022	0.68827	0.00377	1	-0.00644	-0.01012	0.68135	0.00396	1	1.45898	0.81042	0	
1244860	8396.68164	3304766407336	0.00000	0.00000	8396.58105	0.04688	11134	0	0.52024	0.38028	0	0.40979	0.33282	0	0.40979	0.33282	0	0.47490	0.53952	10.43814	1.06646	0	0.47427	0.53899	10.83132	1.06646	0	-0.00630	-0.01022	0.68827	0.00377	1	-0.00644	-0.01012	0.68135	0.00396	1	1.45898	0.81042	0	
1244861	8396.68848	3304766476617	0.23301	0.18303	8396.58105	0.04688	11134	0	0.52208	0.39309	1	0.40996	0.33902	1	0.46602	0.36605	1	0.47376	0.53954	11.11026	1.06646	1	0.73686	0.56279	12.07916	1.05880	1	-0.00664	-0.01011	0.68105	0.00358	1	0.05978	-0.01439	0.65726	0.00392	1	1.45898	0.81042	0	
1244862	8396.69531	3304766546036	0.48600	0.37248	8396.58105	0.04688	11134	0	0.53063	0.36337	1	0.48131	0.39444	1	0.50597	0.37891	1	0.47355	0.53944	11.18056	1.05880	1	0.73713	0.56289	12.17431	1.05114	1	-0.00664	-0.01011	0.68105	0.00363	1	0.05978	-0.01439	0.65726	0.00373	1	1.45898	0.81042	0	
1244863	8396.70215	3304766612470	0.50307	0.37172	8396.58105	0.04688	11134	0	0.54887	0.34541	1	0.49140	0.39650	1	0.52014	0.37096	1	0.47379	0.53903	11.17273	1.05114	1	0.73725	0.56306	12.12978	1.04348	1	-0.00664	-0.01011	0.68105	0.00392	1	0.05978	-0.01439	0.65726	0.00371	1	1.45898	0.81042	0	
1244864	8396.70801	3304766679355	0.49918	0.37998	8396.58105	0.04688	11134	0	0.54887	0.34541	0	0.49140	0.39650	1	0.49140	0.39650	1	0.47379	0.53903	11.17273	1.04348	0	0.73705	0.56255	11.90715	1.04348	1	-0.00664	-0.01011	0.68105	0.00392	1	0.06177	-0.01491	0.68081	0.00393	1	1.45898	0.81042	0	
1244865	8396.71484	3304766745936	0.49918	0.37998	8396.69531	0.01953	11135	1	0.54887	0.34541	0	0.49140	0.39650	0	0.49140	0.39650	0	0.47379	0.53903	11.17273	1.04348	0	0.73705	0.56255	11.90715	1.05114	0	-0.00664	-0.01011	0.68105	0.00392	1	0.06177	-0.01491	0.68081	0.00393	1	1.45898	0.81042	0	
1244866	8396.72168	3304766813161	0.48692	0.37467	8396.69531	0.02637	11135	1	0.54887	0.34541	0	0.45017	0.35873	1	0.45017	0.35873	1	0.47379	0.53903	11.17273	1.05114	0	0.73653	0.56262	12.48128	1.05880	1	-0.00664	-0.01011	0.68105	0.00392	1	0.06177	-0.01491	0.68081	0.00414	1	1.45898	0.81042	0	
1244867	8396.72852	3304766879804	0.48692	0.37467	8396.69531	0.03320	11135	1	0.54887	0.34541	0	0.45017	0.35873	0	0.45017	0.35873	0	0.47379	0.53903	11.17273	1.05880	0	0.73653	0.56262	12.48128	1.06646	0	-0.00664	-0.01011	0.68105	0.00392	1	0.06177	-0.01491	0.68081	0.00414	1	1.45898	0.81042	0	
1244868	8396.73535	3304766946864	0.48692	0.37467	8396.69531	0.04004	11135	1	0.54887	0.34541	0	0.45017	0.35873	0	0.45017	0.35873	0	0.47379	0.53903	11.17273	1.06646	0	0.73653	0.56262	12.48128	1.06646	0	-0.00664	-0.01011	0.68105	0.00392	1	0.06177	-0.01491	0.68081	0.00414	1	1.45898	0.81042	0	
1244869	8396.74219	3304767013496	0.48692	0.37467	8396.69531	0.04688	11135	1	0.54887	0.34541	0	0.45017	0.35873	0	0.45017	0.35873	0	0.47379	0.53903	11.17273	1.06646	0	0.73653	0.56262	12.48128	1.06646	0	-0.00664	-0.01011	0.68105	0.00392	1	0.06177	-0.01491	0.68081	0.00414	1	1.45898	0.81042	0	
1244870	8396.74902	3304767080939	0.48723	0.37540	8396.69531	0.04688	11135	0	0.54887	0.34541	0	0.45017	0.35873	0	0.45017	0.35873	0	0.47379	0.53903	11.17273	1.06646	0	0.73653	0.56262	12.48128	1.06646	0	-0.00664	-0.01011	0.68105	0.00392	1	0.06177	-0.01491	0.68081	0.00414	1	1.45898	0.81042	0	
1244871	8396.75488	3304767148273	0.48723	0.37540	8396.69531	0.04688	11135	0	0.54887	0.34541	0	0.45017	0.35873	0	0.45017	0.35873	0	0.47379	0.53903	11.17273	1.06646	0	0.73653	0.56262	12.48128	1.06646	0	-0.00664	-0.01011	0.68105	0.00392	1	0.06177	-0.01491	0.68081	0.00414	1	1.45898	0.81042	0	
1244872	8396.76172	3304767214658	0.48723	0.37540	8396.69531	0.04688	11135	0	0.54887	0.34541	0	0.45017	0.35873	0	0.45017	0.35873	0	0.47379	0.53903	11.17273	1.06646	0	0.73653	0.56262	12.48128	1.06646	0	-0.00664	-0.01011	0.68105	0.00392	1	0.06177	-0.01491	0.68081	0.00414	1	1.45898	0.81042	0	
1244873	8396.76855	3304767281743	0.00000	0.00000	8396.69531	0.04688	11135	0	0.54887	0.34541	0	0.45017	0.35873	0	0.45017	0.35873	0	0.47379	0.53903	11.17273	1.06646	0	0.73653	0.56262	12.48128	1.06646	0	-0.00664	-0.01011	0.68105	0.00392	1	0.06177	-0.01491	0.68081	0.00414	1	1.45898	0.81042	0	
1244874	8396.77539	3304767348573	0.00000	0.00000	8396.69531	0.04688	11135	0	0.54887	0.34541	0	0.45017	0.35873	0	0.45017	0.35873	0	0.47379	0.53903	11.17273	1.06646	0	0.73653	0.56262	12.48128	1.06646	0	-0.00664	-0.01011	0.68105	0.00392	1	0.06177	-0.01491	0.68081	0.00414	1	1.45898	0.81042	0	
1244875	8396.78223	3304767415880	0.00000	0.00000	8396.69531	0.04688	11135	0	0.54887	0.34541	0	0.45017	0.35873	0	0.45017	0.35873	0	0.47379	0.53903	11.17273	1.06646	0	0.73653	0.56262	12.48128	1.06646	0	-0.00664	-0.01011	0.68105	0.00392	1	0.06177	-0.01491	0.68081	0.00414	1	1.45898	0.81042	0	
1244876	8396.78809	3304767480406	0.49892	0.34296	8396.69531	0.04688	11135	0	0.54756	0.33327	1	0.45028	0.35265	1	0.49892	0.34296	1	0.47347	0.53924	11.06321	1.06646	1	0.73694	0.56174	11.67154	1.06646	1	-0.00672	-0.01019	0.68946	0.00350	1	0.06210	-0.01491	0.68331	0.00394	1	1.45898	0.81042	0	
1244877	8396.79590	3304767549996	0.49909	0.37993	8396.69531	0.04688	11135	0	0.51627	0.38965	1	0.48225	0.44417	1	0.49926	0.41691	1	0.47325	0.53900	10.51973	1.06646	1	0.73710	0.56261	12.23905	1.06646	1	-0.00672	-0.01019	0.68946	0.00355	1	0.06210	-0.01491	0.68331	0.00377	1	1.45898	0.81042	0	
1244878	8396.80176	3304767616742	0.49778	0.37882	8396.69531	0.04688	11135	0	0.51431	0.37703	1	0.47604	0.37617	1	0.49517	0.37660	1	0.47331	0.53903	10.47928	1.06646	1	0.73705	0.56173	11.87926	1.06646	1	-0.00672	-0.01019	0.68946	0.00357	1	0.06210	-0.01491	0.68331	0.00406	1	1.45898	0.81042	0	
1244879	8396.80859	3304767683957	0.49709	0.37901	8396.78809	0.02051	11136	1	0.51431	0.37703	1	0.47575	0.38210	1	0.49503	0.37956	1	0.47358	0.53896	10.80161	1.06646	1	0.73697	0.56192	11.87463	1.05880	1	-0.00664	-0.01011	0.68105	0.00350	1	0.06021	-0.01447	0.66304	0.00400	1	1.45898	0.81042	0	
1244880	8396.81543	3304767751676	0.49805	0.38057	8396.78809	0.02734	11136	1	0.53331	0.37361	1	0.47038	0.40001	1	0.50185	0.38681	1	0.47360	0.53896	11.23921	1.05880	1	0.73688	0.56194	11.58816	1.05114	1	-0.00664	-0.01011	0.68105	0.00357	1	0.06021	-0.01447	0.66304	0.00400	1	1.45898	0.81042	0	
1244881	8396.82227	3304767817856	0.49952	0.38707	8396.78809	0.03418	11136	1	0.54061	0.42402	1	0.47317	0.41513	1	0.50689	0.41958	1	0.47367	0.53923	11.48050	1.05114	1	0.73697	0.56191	11.57568	1.04348	1	-0.00664	-0.01011	0.68105	0.00346	1	0.06021	-0.01447	0.66304	0.00408	1	1.45898	0.81042	0	
1244882	8396.82910	3304767884829	0.50062	0.39211	8396.78809	0.04102	11136	1	0.54132	0.42952	1	0.47317	0.41513	1	0.50724	0.42233	1	0.47330	0.53911	11.04945	1.04348	1	0.73702	0.56239	11.72311	1.04348	1	-0.00664	-0.01011	0.68105	0.00340	1	0.06210	-0.01491	0.68331	0.00390	1	1.45898	0.81042	0	
1244883	8396.83594	3304767951735	0.50084	0.39834	8396.78809	0.04785	11136	1	0.55003	0.42377	1	0.45473	0.46019	1	0.50238	0.44198	1	0.47380	0.53931	11.04250	1.04348	1	0.73671	0.56260	12.14369	1.05114	1	-0.00664	-0.01011	0.68105	0.00369	1	0.06210	-0.01491	0.68331	0.00386	1	1.45898	0.81042	0	
1244884	8396.84277	3304768019026	0.50099	0.39904	8396.78809	0.05469	11136	1	0.52960	0.36542	1	0.47480	0.44393	1	0.50220	0.40468	1	0.47350	0.53928	10.70200	1.05114	1	0.73702	0.56237	11.80445	1.05880	1	-0.00664	-0.01011	0.68105	0.00357	1	0.06210	-0.01491	0.68331	0.00392	1	1.45898	0.81042	0	
1244885	8396.84863	3304768085809	0.50109	0.39904	8396.78809	0.06055	11136	1	0.52883	0.35949	1	0.47508	0.43845	1	0.50195	0.39897	1	0.47358	0.53923	10.92418	1.05880	1	0.73693	0.56217	11.67771	1.06646	1	-0.00664	-0.01011	0.68105	0.00357	1	0.06214	-0.01495	0.68266	0.00403	1	1.45898	0.81042	0	
1244886	8396.85547	3304768152709	0.50231	0.39903	8396.78809	0.06738	11136	1	0.55296	0.40633	1	0.47616	0.39161	1	0.51456	0.39897	1	0.47384	0.53933	11.11729	1.06646	1	0.73697	0.56228	11.87656	1.06646	1	-0.00664	-0.01011	0.68105	0.00362	1	0.06214	-0.01495	0.68266	0.00397	1	1.45898	0.81042	0	
1244887	8396.86230	3304768221230	0.49917	0.39611	8396.78809	0.07422	11136	1	0.48945	0.41527	1	0.43975	0.31265	1	0.46460	0.36396	1	0.47329	0.53928	10.18362	1.06646	1	0.73674	0.56210	11.47564	1.06646	1	-0.00664	-0.01011	0.68105	0.00364	1	0.06214	-0.01495	0.68266	0.00408	1	1.45898	0.81042	0	
1244888	8396.86914	3304768286633	0.49647	0.39309	8396.78809	0.08105	11136	1	0.48824	0.40874	1	0.43980	0.30511	1	0.46402	0.35692	1	0.47387	0.53950	11.17706	1.07555	1	0.73714	0.56206	11.26542	1.07555	1	-0.00678	-0.01041	0.70085	0.00357	1	0.06214	-0.01495	0.68266	0.00403	1	1.45898	0.81042	0	
1244889	8396.87598	3304768353531	0.49726	0.39288	8396.78809	0.08789	11136	1	0.53244	0.41086	1	0.48270	0.36931	1	0.50757	0.39009	1	0.47395	0.53952	11.02692	1.08463	1	0.73745	0.56280	11.36875	1.08463	1	-0.00678	-0.01041	0.70085	0.00368	1	0.06214	-0.01495	0.68266	0.00400	1	1.45898	0.81042	0	
1244890	8396.88281	3304768420473	0.49755	0.39042	8396.78809	0.09473	11136	1	0.52040	0.39884	1	0.48272	0.31316	1	0.50156	0.35600	1	0.47376	0.53963	11.59180	1.09372	1	0.73745	0.56234	11.30953	1.09372	1	-0.00678	-0.01041	0.70085	0.00354	1	0.06214	-0.01495	0.68266	0.00417	1	1.45898	0.81042	0	
1244891	8396.88965	3304768487472	0.49780	0.38827	8396.78809	0.10156	11136	1	0.52040	0.39884	1	0.48272	0.31316	1	0.50156	0.35600	1	0.47371	0.53931	11.58288	1.09372	1	0.73779	0.56265	11.89874	1.09372	1	-0.00652	-0.01010	0.67980	0.00349	1	0.06214	-0.01495	0.68266	0.00417	1	1.45898	0.81042	0	
1244892	8396.89551	3304768554306	0.49726	0.38750	8396.78809	0.10742	11136	1	0.51811	0.37303	1	0.45931	0.37738	1	0.48871	0.37520	1	0.47375	0.53913	11.04177	1.08463	1	0.73749	0.56296	12.42422	1.08463	1	-0.00652	-0.01010	0.67980	0.00364	1	0.06214	-0.01495	0.68266	0.00409	1	1.45898	0.81042	0	
1244893	8396.90234	3304768621792	0.49706	0.38872	8396.78809	0.11426	11136	1	0.51944	0.41457	1	0.46762	0.40439	1	0.49353	0.40948	1	0.47379	0.53940	11.45847	1.07555	1	0.73767	0.56316	12.21232	1.07555	1	-0.00652	-0.01010	0.67980	0.00360	1	0.06214	-0.01495	0.68266	0.00395	1	1.45898	0.81042	0	
1244894	8396.90918	3304768688691	0.49687	0.38981	8396.78809	0.12109	11136	1	0.51944	0.41457	1	0.46762	0.40439	1	0.49353	0.40948	1	0.47372	0.53940	11.55147	1.07555	1	0.73752	0.56288	12.16498	1.07555	1	-0.00673	-0.01049	0.70632	0.00367	1	0.06214	-0.01495	0.68266	0.00396	1	1.45898	0.81042	0	
1244895	8396.91602	3304768755109	0.49602	0.38843	8396.78809	0.12793	11136	1	0.49934	0.37456	1	0.46049	0.34972	1	0.47992	0.36214	1	0.47376	0.53925	11.35826	1.08463	1	0.73752	0.56276	11.99913	1.08463	1	-0.00673	-0.01049	0.70632	0.00363	1	0.06214	-0.01495	0.68266	0.00395	1	1.45898	0.81042	0	
1244896	8396.92285	3304768822383	0.49546	0.38814	8396.78809	0.13477	11136	1	0.50626	0.39488	1	0.46211	0.36999	1	0.48418	0.38244	1	0.47390	0.53922	11.56358	1.09372	1	0.73756	0.56302	11.96732	1.09372	1	-0.00673	-0.01049	0.70632	0.00363	1	0.06214	-0.01495	0.68266	0.00397	1	1.45898	0.81042	0	
1244897	8396.92969	3304768889755	0.49494	0.38802	8396.78809	0.14160	11136	1	0.50626	0.39488	1	0.46192	0.37581	1	0.48409	0.38535	1	0.47373	0.53927	10.89947	1.09372	1	0.73768	0.56225	11.88664	1.08606	1	-0.00644	-0.01012	0.68135	0.00365	1	0.05973	-0.01436	0.65567	0.00401	1	1.45898	0.81042	0	
1244898	8396.93555	3304768953178	0.49433	0.38699	8396.78809	0.14746	11136	1	0.48802	0.39653	1	0.47376	0.33242	1	0.48089	0.36447	1	0.47367	0.53925	10.91539	1.07697	1	0.73772	0.56237	11.84933	1.06931	1	-0.00644	-0.01012	0.68135	0.00372	1	0.05973	-0.01436	0.65567	0.00398	1	1.45898	0.81042	0	
1244899	8396.94238	3304769020209	0.49390	0.38755	8396.78809	0.15430	11136	1	0.48973	0.40223	1	0.47810	0.39862	1	0.48391	0.40043	1	0.47370	0.53923	11.01245	1.06023	1	0.73787	0.56277	11.85780	1.05257	1	-0.00644	-0.01012	0.68135	0.00364	1	0.05973	-0.01436	0.65567	0.00374	1	1.45898	0.81042	0	
1244900	8396.94922	3304769088552	0.49354	0.38832	8396.78809	0.16113	11136	1	0.49197	0.41454	1	0.47808	0.39893	1	0.48502	0.40674	1	0.47423	0.53926	10.72107	1.04348	1	0.73751	0.56322	12.27588	1.05216	1	-0.00644	-0.01012	0.68135	0.00361	1	0.06341	-0.01522	0.69486	0.00381	1	1.45898	0.81042	0	
1244901	8396.95605	3304769154264	0.49385	0.38868	8396.78809	0.16797	11136	1	0.53529	0.41692	1	0.46790	0.37853	1	0.50159	0.39772	1	0.47437	0.53924	11.02428	1.05216	1	0.73764	0.56292	12.12774	1.06850	1	-0.00644	-0.01012	0.68135	0.00365	1	0.06341	-0.01522	0.69486	0.00387	1	1.45898	0.81042	0	
1244902	8396.96289	3304769222679	0.49359	0.38848	8396.78809	0.17480	11136	1	0.52387	0.39784	1	0.44963	0.36859	1	0.48675	0.38322	1	0.47455	0.53929	10.95504	1.06850	1	0.73772	0.56293	11.93945	1.08484	1	-0.00644	-0.01012	0.68135	0.00366	1	0.06341	-0.01522	0.69486	0.00391	1	1.45898	0.81042	0	
1244903	8396.96973	3304769289839	0.49332	0.38797	8396.78809	0.18164	11136	1	0.52216	0.38588	1	0.44973	0.36272	1	0.48595	0.37430	1	0.47452	0.53955	11.17061	1.08484	1	0.73790	0.56301	11.64123	1.09250	1	-0.00625	-0.00999	0.67260	0.00364	1	0.06190	-0.01489	0.67777	0.00384	1	1.45898	0.81042	0	
1244904	8396.97656	3304769356187	0.49344	0.38772	8396.78809	0.18848	11136	1	0.51668	0.38946	1	0.47704	0.37176	1	0.49686	0.38061	1	0.47453	0.53926	11.36693	1.09250	1	0.73818	0.56287	12.24159	1.08382	1	-0.00625	-0.00999	0.67260	0.00363	1	0.06190	-0.01489	0.67777	0.00381	1	1.45898	0.81042	0	
1244905	8396.98242	3304769423256	0.49315	0.38787	8396.78809	0.19434	11136	1	0.52517	0.40933	1	0.44450	0.37502	1	0.48484	0.39218	1	0.47463	0.53945	11.42366	1.08382	1	0.73769	0.56289	11.86176	1.07514	1	-0.00625	-0.00999	0.67260	0.00361	1	0.06190	-0.01489	0.67777	0.00393	1	1.45898	0.81042	0	
1244906	8396.98926	3304769489298	0.49290	0.38821	8396.78809	0.20117	11136	1	0.52606	0.41550	1	0.44442	0.38167	1	0.48524	0.39859	1	0.47458	0.53909	11.17069	1.07514	1	0.73811	0.56301	12.61017	1.06646	1	-0.00625	-0.00999	0.67260	0.00365	1	0.06190	-0.01489	0.67777	0.00378	1	1.45898	0.81042	0	
1244907	8396.99609	3304769554398	0.49315	0.38841	8396.78809	0.20801	11136	1	0.52305	0.41184	1	0.47919	0.37726	1	0.50112	0.39455	1	0.47448	0.53928	11.07451	1.06646	1	0.73821	0.56305	12.69435	1.06646	1	-0.00625	-0.00999	0.67260	0.00367	1	0.06190	-0.01489	0.67777	0.00377	1	1.45898	0.81042	0	
1244908	8397.00293	3304769626630	0.49299	0.38932	8396.78809	0.21484	11136	1	0.52970	0.41171	1	0.44588	0.42520	1	0.48779	0.41845	1	0.47467	0.53946	11.68719	1.06646	1	0.73803	0.56324	12.68449	1.06646	1	-0.00625	-0.00999	0.67260	0.00361	1	0.06190	-0.01489	0.67777	0.00367	1	1.45898	0.81042	0	
1244909	8397.00977	3304769692859	0.49284	0.39018	8396.78809	0.22168	11136	1	0.52970	0.41171	1	0.44588	0.42520	1	0.48779	0.41845	1	0.47470	0.53936	11.46804	1.06646	1	0.73798	0.56318	12.58651	1.06646	1	-0.00625	-0.00999	0.67260	0.00363	1	0.06190	-0.01489	0.67777	0.00369	1	1.45898	0.81042	0	
1244910	8397.01660	3304769760439	0.49246	0.39038	8396.78809	0.22852	11136	1	0.49819	0.40128	1	0.46103	0.39304	1	0.47961	0.39716	1	0.47457	0.53925	11.21286	1.06646	1	0.73830	0.56291	12.24786	1.06646	1	-0.00625	-0.00999	0.67260	0.00367	1	0.06190	-0.01489	0.67777	0.00378	1	1.45898	0.81042	0	
1244911	8397.02344	3304769827368	0.49219	0.39040	8396.78809	0.23535	11136	1	0.50236	0.40578	1	0.46323	0.37684	1	0.48279	0.39131	1	0.47449	0.53924	11.22093	1.06646	1	0.73833	0.56300	12.23854	1.06646	1	-0.00625	-0.00999	0.67260	0.00368	1	0.06190	-0.01489	0.67777	0.00383	1	1.45898	0.81042	0	
1244912	8397.03027	3304769893783	0.49194	0.39043	8396.78809	0.24219	11136	1	0.50236	0.40578	1	0.46323	0.37684	1	0.48279	0.39131	1	0.47449	0.53931	11.19501	1.06646	1	0.73830	0.56312	12.26251	1.06646	1	-0.00625	-0.00999	0.67260	0.00368	1	0.06190	-0.01489	0.67777	0.00377	1	1.45898	0.81042	0	
1244913	8397.03613	3304769961232	0.49166	0.39079	8396.78809	0.24805	11136	1	0.50031	0.39105	1	0.46229	0.41742	1	0.48130	0.40424	1	0.47462	0.53914	11.34627	1.06646	1	0.73839	0.56324	12.38861	1.06646	1	-0.00625	-0.00999	0.67260	0.00369	1	0.06190	-0.01489	0.67777	0.00385	1	1.45898	0.81042	0	
1244914	8397.04297	3304770028261	0.49131	0.39157	8396.78809	0.25488	11136	1	0.49640	0.41136	1	0.45949	0.43098	1	0.47795	0.42117	1	0.47448	0.53939	11.47588	1.06646	1	0.73829	0.56326	12.27748	1.06646	1	-0.00625	-0.00999	0.67260	0.00369	1	0.06190	-0.01489	0.67777	0.00382	1	1.45898	0.81042	0	
1244915	8397.04980	3304770095548	0.49096	0.39215	8396.78809	0.26172	11136	1	0.49524	0.40480	1	0.45970	0.42442	1	0.47747	0.41461	1	0.47446	0.53957	11.54132	1.07555	1	0.73841	0.56336	12.02016	1.07555	1	-0.00650	-0.01047	0.70507	0.00362	1	0.06190	-0.01489	0.67777	0.00383	1	1.45898	0.81042	0	
1244916	8397.05664	3304770161762	0.49075	0.39240	8396.78809	0.26855	11136	1	0.49515	0.39479	1	0.46991	0.41044	1	0.48253	0.40261	1	0.47446	0.53949	11.42723	1.08463	1	0.73849	0.56345	12.20331	1.08463	1	-0.00650	-0.01047	0.70507	0.00364	1	0.06190	-0.01489	0.67777	0.00381	1	1.45898	0.81042	0	
1244917	8397.06348	3304770229300	0.49045	0.39216	8396.78809	0.27539	11136	1	0.48583	0.36666	1	0.46975	0.39746	1	0.47779	0.38206	1	0.47444	0.53925	11.24547	1.09372	1	0.73843	0.56334	12.03958	1.09372	1	-0.00650	-0.01047	0.70507	0.00365	1	0.06190	-0.01489	0.67777	0.00382	1	1.45898	0.81042	0	
1244918	8397.07031	3304770295827	0.49015	0.39192	8396.78809	0.28223	11136	1	0.48583	0.36666	1	0.46975	0.39746	1	0.47779	0.38206	1	0.47438	0.53945	11.46079	1.09372	1	0.73839	0.56323	12.43724	1.09372	1	-0.00630	-0.01022	0.68827	0.00370	1	0.06221	-0.01502	0.68121	0.00382	1	1.45898	0.81042	0	
1244919	8397.07715	3304770362023	0.48991	0.39188	8396.78809	0.28906	11136	1	0.49066	0.34919	1	0.46825	0.43118	1	0.47945	0.39019	1	0.47447	0.53946	11.50153	1.08463	1	0.73841	0.56336	12.48198	1.08463	1	-0.00630	-0.01022	0.68827	0.00370	1	0.06221	-0.01502	0.68121	0.00377	1	1.45898	0.81042	0	SUBJECT_ONSET_LOG
1244920	8397.08301	3304770429948	0.48980	0.39171	8396.78809	0.29492	11136	1	0.50224	0.35484	1	0.46826	0.41380	1	0.48525	0.38432	1	0.47465	0.53931	11.42524	1.07555	1	0.73850	0.56344	12.22818	1.07555	1	-0.00630	-0.01022	0.68827	0.00370	1	0.06221	-0.01502	0.68121	0.00380	1	1.45898	0.81042	0	
1244921	8397.08984	3304770497087	0.48971	0.39170	8396.78809	0.30176	11136	1	0.50335	0.36182	1	0.46798	0.42045	1	0.48567	0.39113	1	0.47452	0.53899	11.33394	1.06646	1	0.73851	0.56353	12.27651	1.06646	1	-0.00630	-0.01022	0.68827	0.00398	1	0.06221	-0.01502	0.68121	0.00374	1	1.45898	0.81042	0	
1244922	8397.09668	3304770563984	0.48944	0.39238	8396.78809	0.30859	11136	1	0.49072	0.39236	1	0.46337	0.45457	1	0.47704	0.42346	1	0.47445	0.53962	11.32598	1.06646	1	0.73834	0.56367	12.75070	1.06646	1	-0.00630	-0.01022	0.68827	0.00368	1	0.06221	-0.01502	0.68121	0.00368	1	1.45898	0.81042	0	
1244923	8397.10352	3304770631305	0.48953	0.39231	8396.78809	0.31543	11136	1	0.51767	0.33690	1	0.46934	0.44146	1	0.49351	0.38918	1	0.47491	0.53914	11.00938	1.06646	1	0.73843	0.56351	12.31584	1.06646	1	-0.00630	-0.01022	0.68827	0.00383	1	0.06221	-0.01502	0.68121	0.00376	1	1.45898	0.81042	0	AUDIO_FILE_ONSET_LOG
1244924	8397.11035	3304770698239	0.48942	0.39327	8396.78809	0.32227	11136	1	0.51767	0.33690	1	0.46934	0.44146	1	0.49351	0.38918	1	0.47440	0.53901	11.02709	1.06646	1	0.73852	0.56266	11.87751	1.06646	1	-0.00625	-0.00999	0.67260	0.00396	1	0.06221	-0.01502	0.68121	0.00435	1	1.45898	0.81042	0	
1244925	8397.11719	3304770764819	0.48908	0.39213	8396.78809	0.32910	11136	1	0.48772	0.29340	1	0.47885	0.43070	1	0.48328	0.36205	1	0.47445	0.53849	11.24825	1.06646	1	0.73860	0.56334	12.08374	1.06646	1	-0.00625	-0.00999	0.67260	0.00410	1	0.06221	-0.01502	0.68121	0.00413	1	1.45898	0.81042	0	
1244926	8397.12402	3304770831863	0.48877	0.39251	8396.78809	0.33594	11136	1	0.48772	0.29340	0	0.48009	0.39484	1	0.48009	0.39484	1	0.47445	0.53849	11.24825	1.06646	0	0.73861	0.56303	12.00928	1.06646	1	-0.00625	-0.00999	0.67260	0.00410	1	0.06221	-0.01502	0.68121	0.00404	1	1.45898	0.81042	0	
1244927	8397.12988	3304770898755	0.48877	0.39251	8396.78809	0.34180	11136	1	0.48772	0.29340	0	0.48009	0.39484	0	0.48009	0.39484	0	0.47445	0.53849	11.24825	1.06646	0	0.73861	0.56303	12.00928	1.06646	0	-0.00625	-0.00999	0.67260	0.00410	1	0.06221	-0.01502	0.68121	0.00404	1	1.45898	0.81042	0	
1244928	8397.13672	3304770966644	0.48877	0.39251	8396.78809	0.34863	11136	1	0.48772	0.29340	0	0.48009	0.39484	0	0.48009	0.39484	0	0.47445	0.53849	11.24825	1.06646	0	0.73861	0.56303	12.00928	1.06646	0	-0.00625	-0.00999	0.67260	0.00410	1	0.06221	-0.01502	0.68121	0.00404	1	1.45898	0.81042	0	
1244929	8397.14355	3304771032852	0.48877	0.39251	8396.78809	0.35547	11136	1	0.48772	0.29340	0	0.48009	0.39484	0	0.48009	0.39484	0	0.47445	0.53849	11.24825	1.06646	0	0.73861	0.56303	12.00928	1.06646	0	-0.00625	-0.00999	0.67260	0.00410	1	0.06221	-0.01502	0.68121	0.00404	1	1.45898	0.81042	0	
1244930	8397.15039	3304771099613	0.48278	0.39214	8396.78809	0.35547	11136	0	0.48772	0.29340	0	0.48009	0.39484	0	0.48009	0.39484	0	0.47445	0.53849	11.24825	1.06646	0	0.73861	0.56303	12.00928	1.06646	0	-0.00625	-0.00999	0.67260	0.00410	1	0.06221	-0.01502	0.68121	0.00404	1	1.45898	0.81042	0	
1244931	8397.15723	3304771165824	0.48278	0.39214	8396.78809	0.35547	11136	0	0.48772	0.29340	0	0.48009	0.39484	0	0.48009	0.39484	0	0.47445	0.53849	11.24825	1.06646	0	0.73861	0.56303	12.00928	1.06646	0	-0.00625	-0.00999	0.67260	0.00410	1	0.06221	-0.01502	0.68121	0.00404	1	1.45898	0.81042	0	
1244932	8397.16406	3304771233658	0.48278	0.39214	8396.78809	0.35547	11136	0	0.48772	0.29340	0	0.48009	0.39484	0	0.48009	0.39484	0	0.47445	0.53849	11.24825	1.06646	0	0.73861	0.56303	12.00928	1.06646	0	-0.00625	-0.00999	0.67260	0.00410	1	0.06221	-0.01502	0.68121	0.00404	1	1.45898	0.81042	0	
1244933	8397.17090	3304771299710	0.00000	0.00000	8396.78809	0.35547	11136	0	0.48772	0.29340	0	0.48009	0.39484	0	0.48009	0.39484	0	0.47445	0.53849	11.24825	1.06646	0	0.73861	0.56303	12.00928	1.06646	0	-0.00625	-0.00999	0.67260	0.00410	1	0.06221	-0.01502	0.68121	0.00404	1	1.45898	0.81042	0	
1244934	8397.17773	3304771367896	0.00000	0.00000	8396.78809	0.35547	11136	0	0.48772	0.29340	0	0.48009	0.39484	0	0.48009	0.39484	0	0.47445	0.53849	11.24825	1.06646	0	0.73861	0.56303	12.00928	1.06646	0	-0.00625	-0.00999	0.67260	0.00410	1	0.06221	-0.01502	0.68121	0.00404	1	1.45898	0.81042	0	
1244935	8397.18359	3304771434871	0.00000	0.00000	8396.78809	0.35547	11136	0	0.48772	0.29340	0	0.48009	0.39484	0	0.48009	0.39484	0	0.47445	0.53849	11.24825	1.06646	0	0.73861	0.56303	12.00928	1.06646	0	-0.00625	-0.00999	0.67260	0.00410	1	0.06221	-0.01502	0.68121	0.00404	1	1.45898	0.81042	0	
1244936	8397.19043	3304771501852	0.48427	0.35049	8396.78809	0.35547	11136	0	0.48879	0.30008	1	0.47976	0.40090	1	0.48427	0.35049	1	0.47439	0.53974	10.95694	1.05844	1	0.73849	0.56338	12.28583	1.05844	1	-0.00595	-0.00958	0.64537	0.00394	1	0.06221	-0.01502	0.68121	0.00414	1	1.45898	0.81042	0	
1244937	8397.19727	3304771569111	0.47527	0.39786	8396.78809	0.35547	11136	0	0.49680	0.42959	1	0.43574	0.46086	1	0.46627	0.44523	1	0.47448	0.53999	11.70161	1.05043	1	0.73793	0.56356	11.64476	1.05043	1	-0.00595	-0.00958	0.64537	0.00367	1	0.06221	-0.01502	0.68121	0.00419	1	1.45898	0.81042	0	
1244938	8397.20410	3304771635856	0.48170	0.41963	8396.78809	0.35547	11136	0	0.52459	0.45517	1	0.46455	0.47115	1	0.49457	0.46316	1	0.47451	0.54022	11.44336	1.04241	1	0.73839	0.56358	12.20391	1.04241	1	-0.00595	-0.00958	0.64537	0.00358	1	0.06221	-0.01502	0.68121	0.00405	1	1.45898	0.81042	0	
1244939	8397.21094	3304771701881	0.48514	0.45718	8396.78809	0.35547	11136	0	0.52459	0.45517	1	0.46455	0.47115	1	0.49457	0.46316	1	0.47438	0.53934	10.85825	1.04241	1	0.73826	0.56341	11.94252	1.04241	1	-0.00625	-0.00999	0.67260	0.00388	1	0.06221	-0.01502	0.68121	0.00409	1	1.45898	0.81042	0	
1244940	8397.21777	3304771769253	0.48559	0.45217	8396.78809	0.35547	11136	0	0.50890	0.41411	1	0.46319	0.48019	1	0.48605	0.44715	1	0.47430	0.53970	11.15041	1.05043	1	0.73838	0.56387	12.72231	1.05043	1	-0.00625	-0.00999	0.67260	0.00382	1	0.06221	-0.01502	0.68121	0.00391	1	1.45898	0.81042	0	
1244941	8397.22461	3304771837056	0.48014	0.46380	8396.78809	0.35547	11136	0	0.50890	0.41411	0	0.46922	0.48707	1	0.46922	0.48707	1	0.47430	0.53970	11.15041	1.05844	0	0.73849	0.56391	12.19466	1.05844	1	-0.00625	-0.00999	0.67260	0.00382	1	0.06221	-0.01502	0.68121	0.00384	1	1.45898	0.81042	0	
1244942	8397.23047	3304771903736	0.48014	0.46380	8397.21094	0.01953	11137	1	0.50890	0.41411	0	0.46922	0.48707	0	0.46922	0.48707	0	0.47430	0.53970	11.15041	1.06646	0	0.73849	0.56391	12.19466	1.06646	0	-0.00625	-0.00999	0.67260	0.00382	1	0.06221	-0.01502	0.68121	0.00384	1	1.45898	0.81042	0	
1244943	8397.23730	3304771970695	0.48014	0.46380	8397.21094	0.02637	11137	1	0.50890	0.41411	0	0.46922	0.48707	0	0.46922	0.48707	0	0.47430	0.53970	11.15041	1.06646	0	0.73849	0.56391	12.19466	1.06646	0	-0.00625	-0.00999	0.67260	0.00382	1	0.06221	-0.01502	0.68121	0.00384	1	1.45898	0.81042	0	
1244944	8397.24414	3304772037853	0.48014	0.46380	8397.21094	0.03320	11137	1	0.50890	0.41411	0	0.46922	0.48707	0	0.46922	0.48707	0	0.47430	0.53970	11.15041	1.06646	0	0.73849	0.56391	12.19466	1.06646	0	-0.00625	-0.00999	0.67260	0.00382	1	0.06221	-0.01502	0.68121	0.00384	1	1.45898	0.81042	0	
1244945	8397.25098	3304772104946	0.47764	0.46711	8397.21094	0.03320	11137	0	0.50890	0.41411	0	0.46922	0.48707	0	0.46922	0.48707	0	0.47430	0.53970	11.15041	1.06646	0	0.73849	0.56391	12.19466	1.06646	0	-0.00625	-0.00999	0.67260	0.00382	1	0.06221	-0.01502	0.68121	0.00384	1	1.45898	0.81042	0	
1244946	8397.25781	3304772172421	0.47764	0.46711	8397.21094	0.03320	11137	0	0.50890	0.41411	0	0.46922	0.48707	0	0.46922	0.48707	0	0.47430	0.53970	11.15041	1.06646	0	0.73849	0.56391	12.19466	1.06646	0	-0.00625	-0.00999	0.67260	0.00382	1	0.06221	-0.01502	0.68121	0.00384	1	1.45898	0.81042	0	
1244947	8397.26465	3304772238782	0.47764	0.46711	8397.21094	0.03320	11137	0	0.50890	0.41411	0	0.46922	0.48707	0	0.46922	0.48707	0	0.47430	0.53970	11.15041	1.06646	0	0.73849	0.56391	12.19466	1.06646	0	-0.00625	-0.00999	0.67260	0.00382	1	0.06221	-0.01502	0.68121	0.00384	1	1.45898	0.81042	0	
1244948	8397.27148	3304772305344	0.00000	0.00000	8397.21094	0.03320	11137	0	0.50890	0.41411	0	0.46922	0.48707	0	0.46922	0.48707	0	0.47430	0.53970	11.15041	1.06646	0	0.73849	0.56391	12.19466	1.06646	0	-0.00625	-0.00999	0.67260	0.00382	1	0.06221	-0.01502	0.68121	0.00384	1	1.45898	0.81042	0	
1244949	8397.27734	3304772372723	0.00000	0.00000	8397.21094	0.03320	11137	0	0.50890	0.41411	0	0.46922	0.48707	0	0.46922	0.48707	0	0.47430	0.53970	11.15041	1.06646	0	0.73849	0.56391	12.19466	1.06646	0	-0.00625	-0.00999	0.67260	0.00382	1	0.06221	-0.01502	0.68121	0.00384	1	1.45898	0.81042	0	
1244950	8397.28418	3304772439422	0.00000	0.00000	8397.21094	0.03320	11137	0	0.50890	0.41411	0	0.46922	0.48707	0	0.46922	0.48707	0	0.47430	0.53970	11.15041	1.06646	0	0.73849	0.56391	12.19466	1.06646	0	-0.00625	-0.00999	0.67260	0.00382	1	0.06221	-0.01502	0.68121	0.00384	1	1.45898	0.81042	0	
1244951	8397.29102	3304772506880	0.48824	0.44204	8397.21094	0.03320	11137	0	0.50700	0.40241	1	0.46948	0.48166	1	0.48824	0.44204	1	0.47446	0.53942	10.88972	1.06646	1	0.73826	0.56337	11.99874	1.06646	1	-0.00625	-0.00999	0.67260	0.00377	1	0.06221	-0.01502	0.68121	0.00410	1	1.45898	0.81042	0	
1244952	8397.29785	3304772573607	0.48692	0.41607	8397.21094	0.03320	11137	0	0.51468	0.37886	1	0.45652	0.40136	1	0.48560	0.39011	1	0.47438	0.53954	11.47152	1.06646	1	0.73826	0.56316	11.93450	1.06646	1	-0.00625	-0.00999	0.67260	0.00378	1	0.06221	-0.01502	0.68121	0.00406	1	1.45898	0.81042	0	
1244953	8397.30469	3304772639230	0.49124	0.40798	8397.21094	0.03320	11137	0	0.50905	0.37152	1	0.49073	0.41208	1	0.49989	0.39180	1	0.47430	0.53938	10.92862	1.06646	1	0.73837	0.56322	12.13275	1.06646	1	-0.00625	-0.00999	0.67260	0.00372	1	0.06221	-0.01502	0.68121	0.00402	1	1.45898	0.81042	0	
1244954	8397.31152	3304772708233	0.49341	0.40394	8397.29102	0.02051	11138	1	0.50905	0.37152	1	0.49073	0.41208	1	0.49989	0.39180	1	0.47451	0.53928	11.23900	1.06646	1	0.73782	0.56341	12.06998	1.06646	1	-0.00625	-0.00999	0.67260	0.00372	1	0.06221	-0.01502	0.68121	0.00414	1	1.45898	0.81042	0	
1244955	8397.31836	3304772774578	0.49160	0.40343	8397.29102	0.02734	11138	1	0.50677	0.35398	1	0.46199	0.44881	1	0.48438	0.40140	1	0.47438	0.53920	10.84066	1.06646	1	0.73796	0.56353	12.00955	1.06646	1	-0.00625	-0.00999	0.67260	0.00381	1	0.06221	-0.01502	0.68121	0.00397	1	1.45898	0.81042	0	
1244956	8397.32422	3304772841355	0.49175	0.40196	8397.29102	0.03320	11138	1	0.51506	0.38115	1	0.46997	0.40806	1	0.49251	0.39460	1	0.47441	0.53940	11.35998	1.06646	1	0.73773	0.56319	11.81910	1.06646	1	-0.00625	-0.00999	0.67260	0.00378	1	0.06221	-0.01502	0.68121	0.00426	1	1.45898	0.81042	0	
1244957	8397.33105	3304772908593	0.49188	0.40045	8397.29102	0.04004	11138	1	0.51506	0.38115	1	0.47025	0.40161	1	0.49265	0.39138	1	0.47439	0.53931	10.98756	1.06646	1	0.73788	0.56352	11.56109	1.07514	1	-0.00625	-0.00999	0.67260	0.00379	1	0.06341	-0.01532	0.69486	0.00382	1	1.45898	0.81042	0	
1244958	8397.33789	3304772972692	0.49396	0.39687	8397.29102	0.04688	11138	1	0.53345	0.33022	1	0.48358	0.41346	1	0.50852	0.37184	1	0.47438	0.53884	10.93080	1.07514	1	0.73787	0.56317	11.24890	1.08382	1	-0.00625	-0.00999	0.67260	0.00398	1	0.06341	-0.01532	0.69486	0.00405	1	1.45898	0.81042	0	
1244959	8397.34473	3304773040891	0.49616	0.38971	8397.29102	0.05371	11138	1	0.53969	0.32131	1	0.48783	0.34349	1	0.51376	0.33240	1	0.47445	0.53906	11.06782	1.08382	1	0.73794	0.56310	11.24449	1.09250	1	-0.00625	-0.00999	0.67260	0.00394	1	0.06341	-0.01532	0.69486	0.00404	1	1.45898	0.81042	0	
1244960	8397.35156	3304773110320	0.49786	0.38393	8397.29102	0.06055	11138	1	0.53891	0.31444	1	0.48747	0.34951	1	0.51319	0.33198	1	0.47450	0.53913	11.12341	1.09250	1	0.73778	0.56310	11.81968	1.08484	1	-0.00644	-0.01012	0.68135	0.00393	1	0.05973	-0.01446	0.65567	0.00404	1	1.45898	0.81042	0	
1244961	8397.35742	3304773171409	0.49847	0.38077	8397.29102	0.06641	11138	1	0.52926	0.33463	1	0.47984	0.36353	1	0.50455	0.34908	1	0.47437	0.53925	11.09270	1.08484	1	0.73784	0.56273	11.80720	1.06850	1	-0.00644	-0.01012	0.68135	0.00389	1	0.05973	-0.01446	0.65567	0.00391	1	1.45898	0.81042	0	
1244962	8397.36426	3304773240605	0.49937	0.37767	8397.29102	0.07324	11138	1	0.53416	0.33514	1	0.48435	0.35202	1	0.50925	0.34358	1	0.47436	0.53895	10.89702	1.06850	1	0.73791	0.56235	11.56456	1.05216	1	-0.00644	-0.01012	0.68135	0.00392	1	0.05973	-0.01446	0.65567	0.00406	1	1.45898	0.81042	0	
1244963	8397.37109	3304773308873	0.50017	0.37581	8397.29102	0.08008	11138	1	0.53573	0.34805	1	0.48395	0.35904	1	0.50984	0.35354	1	0.47411	0.53982	10.89145	1.05216	1	0.73781	0.56279	12.02933	1.04348	1	-0.00644	-0.01012	0.68135	0.00373	1	0.06155	-0.01491	0.67617	0.00384	1	1.45898	0.81042	0	
1244964	8397.37793	3304773374887	0.49943	0.37515	8397.29102	0.08691	11138	1	0.50487	0.36268	1	0.47466	0.37041	1	0.48976	0.36654	1	0.47391	0.53919	11.27795	1.04348	1	0.73777	0.56276	11.77679	1.05114	1	-0.00644	-0.01012	0.68135	0.00381	1	0.06155	-0.01491	0.67617	0.00396	1	1.45898	0.81042	0	
1244965	8397.38477	3304773440638	0.49814	0.37828	8397.29102	0.09375	11138	1	0.50210	0.40080	1	0.45814	0.44339	1	0.48012	0.42210	1	0.47373	0.53952	11.05852	1.05114	1	0.73756	0.56363	12.42947	1.05880	1	-0.00644	-0.01012	0.68135	0.00382	1	0.06155	-0.01491	0.67617	0.00366	1	1.45898	0.81042	0	
1244966	8397.39160	3304773507958	0.49699	0.38067	8397.29102	0.10059	11138	1	0.50115	0.39512	1	0.45831	0.43792	1	0.47973	0.41652	1	0.47382	0.53917	11.40308	1.05880	1	0.73772	0.56344	12.16837	1.06646	1	-0.00644	-0.01012	0.68135	0.00389	1	0.06155	-0.01491	0.67617	0.00382	1	1.45898	0.81042	0	
1244967	8397.39844	3304773575315	0.49609	0.38091	8397.29102	0.10742	11138	1	0.49465	0.35001	1	0.46861	0.41964	1	0.48163	0.38482	1	0.47373	0.53919	11.03018	1.06646	1	0.73771	0.56332	12.36786	1.06646	1	-0.00644	-0.01012	0.68135	0.00389	1	0.06155	-0.01491	0.67617	0.00375	1	1.45898	0.81042	0	
1244968	8397.40430	3304773642940	0.49510	0.38279	8397.29102	0.11328	11138	1	0.49030	0.40885	1	0.46642	0.42047	1	0.47836	0.41466	1	0.47364	0.53994	11.80334	1.06646	1	0.73770	0.56343	12.16160	1.06646	1	-0.00644	-0.01012	0.68135	0.00398	1	0.06155	-0.01491	0.67617	0.00378	1	1.45898	0.81042	0	
1244969	8397.41211	3304773712133	0.49422	0.38447	8397.29102	0.12109	11138	1	0.49030	0.40885	1	0.46642	0.42047	1	0.47836	0.41466	1	0.47392	0.53622	11.48829	1.06646	1	0.73749	0.56204	11.96372	1.06646	1	-0.00652	-0.01019	0.68998	0.00231	1	0.06214	-0.01495	0.68266	0.00392	1	1.45898	0.81042	0	
1244970	8397.41797	3304773778987	0.49442	0.38327	8397.29102	0.12695	11138	1	0.54408	0.37960	1	0.45211	0.34157	1	0.49809	0.36058	1	0.47447	0.53856	11.29384	1.06646	1	0.73737	0.56155	12.20971	1.06646	1	-0.00652	-0.01019	0.68998	0.00362	1	0.06214	-0.01495	0.68266	0.00384	1	1.45898	0.81042	0	
1244971	8397.42480	3304773846210	0.49447	0.38257	8397.29102	0.13379	11138	1	0.53356	0.35162	1	0.45731	0.38533	1	0.49544	0.36848	1	0.47438	0.53839	11.22498	1.06646	1	0.73747	0.56206	12.45085	1.06646	1	-0.00652	-0.01019	0.68998	0.00360	1	0.06214	-0.01495	0.68266	0.00385	1	1.45898	0.81042	0	
1244972	8397.43164	3304773913099	0.49451	0.38193	8397.29102	0.14062	11138	1	0.53356	0.35162	1	0.45731	0.38533	1	0.49544	0.36848	1	0.47403	0.53556	11.17056	1.06646	1	0.73776	0.56099	11.87333	1.06646	1	-0.00637	-0.00992	0.67462	0.00234	1	0.06155	-0.01471	0.67617	0.00405	1	1.45898	0.81042	0	
1244973	8397.43848	3304773980178	0.49457	0.37377	8397.29102	0.14746	11138	1	0.50947	0.11666	1	0.48212	0.27200	1	0.49580	0.19433	1	0.47422	0.53556	11.62357	1.06646	1	0.73777	0.56065	11.83527	1.06646	1	-0.00637	-0.00992	0.67462	0.00238	1	0.06155	-0.01471	0.67617	0.00435	1	1.45898	0.81042	0	
1244974	8397.44531	3304774047099	0.49454	0.36745	8397.29102	0.15430	11138	1	0.51125	0.14473	1	0.47658	0.29940	1	0.49391	0.22207	1	0.47420	0.53578	11.60491	1.06646	1	0.73775	0.56106	12.07953	1.06646	1	-0.00637	-0.00992	0.67462	0.00234	1	0.06155	-0.01471	0.67617	0.00420	1	1.45898	0.81042	0	
1244975	8397.45215	3304774114048	0.49451	0.36163	8397.29102	0.16113	11138	1	0.51125	0.14473	1	0.47658	0.29940	1	0.49391	0.22207	1	0.47418	0.53584	11.74053	1.06646	1	0.73777	0.56010	11.99065	1.06646	1	-0.00637	-0.00992	0.67462	0.00233	1	0.06155	-0.01471	0.67617	0.00430	1	1.45898	0.81042	0	
1244976	8397.45898	3304774181092	0.49459	0.35596	8397.29102	0.16797	11138	1	0.51175	0.15377	1	0.48109	0.27463	1	0.49642	0.21420	1	0.47407	0.53578	11.88006	1.06646	1	0.73779	0.56086	11.95981	1.06646	1	-0.00637	-0.00992	0.67462	0.00235	1	0.06155	-0.01471	0.67617	0.00406	1	1.45898	0.81042	0	
1244977	8397.46484	3304774247975	0.49007	0.31510	8397.29102	0.16797	11138	0	0.50606	0.13859	1	0.48151	0.26217	1	0.49378	0.20038	1	0.47402	0.53576	11.78760	1.06646	1	0.73773	0.56072	11.94526	1.06646	1	-0.00637	-0.00992	0.67462	0.00234	1	0.06155	-0.01471	0.67617	0.00408	1	1.45898	0.81042	0	
1244978	8397.47168	3304774315547	0.49193	0.25774	8397.29102	0.16797	11138	0	0.50606	0.13859	1	0.48151	0.26217	1	0.49378	0.20038	1	0.47416	0.53569	11.91035	1.06646	1	0.73772	0.56078	12.00931	1.06646	1	-0.00637	-0.00992	0.67462	0.00229	1	0.06155	-0.01471	0.67617	0.00407	1	1.45898	0.81042	0	
1244979	8397.47852	3304774381892	0.49273	0.25286	8397.29102	0.16797	11138	0	0.52060	0.14092	1	0.46806	0.34528	1	0.49433	0.24310	1	0.47424	0.53573	11.99687	1.06646	1	0.73766	0.56157	12.07779	1.06646	1	-0.00637	-0.00992	0.67462	0.00225	1	0.06155	-0.01471	0.67617	0.00401	1	1.45898	0.81042	0	
1244980	8397.48535	3304774448759	0.49300	0.25281	8397.46484	0.02051	11139	1	0.51414	0.14495	1	0.47352	0.36033	1	0.49383	0.25264	1	0.47410	0.53578	11.90725	1.06646	1	0.73774	0.56189	12.43241	1.06646	1	-0.00637	-0.00992	0.67462	0.00234	1	0.06155	-0.01471	0.67617	0.00384	1	1.45898	0.81042	0	
1244981	8397.49219	3304774516011	0.49314	0.25338	8397.46484	0.02734	11139	1	0.51414	0.14495	1	0.47324	0.36638	1	0.49369	0.25566	1	0.47425	0.53580	11.67035	1.06646	1	0.73766	0.56144	12.16695	1.05880	1	-0.00637	-0.00992	0.67462	0.00238	1	0.05973	-0.01426	0.65567	0.00401	1	1.45898	0.81042	0	
1244982	8397.49902	3304774582132	0.49194	0.25560	8397.46484	0.03418	11139	1	0.49634	0.15920	1	0.47553	0.37423	1	0.48594	0.26671	1	0.47423	0.53573	11.80029	1.05880	1	0.73777	0.56174	12.33388	1.05114	1	-0.00637	-0.00992	0.67462	0.00240	1	0.05973	-0.01426	0.65567	0.00406	1	1.45898	0.81042	0	
1244983	8397.50586	3304774649829	0.49024	0.25669	8397.46484	0.04102	11139	1	0.49709	0.15222	1	0.46296	0.37421	1	0.48002	0.26321	1	0.47430	0.53592	11.82712	1.05114	1	0.73754	0.56166	12.16920	1.04348	1	-0.00637	-0.00992	0.67462	0.00239	1	0.05973	-0.01426	0.65567	0.00402	1	1.45898	0.81042	0	
1244984	8397.51270	3304774717679	0.48901	0.25835	8397.46484	0.04785	11139	1	0.49806	0.15972	1	0.46276	0.38027	1	0.48041	0.27000	1	0.47430	0.53592	11.82712	1.04348	1	0.73761	0.56186	12.36308	1.03582	1	-0.00637	-0.00992	0.67462	0.00239	1	0.05973	-0.01426	0.65567	0.00399	1	1.45898	0.81042	0	
1244985	8397.51855	3304774784459	0.48727	0.27092	8397.46484	0.05371	11139	1	0.49215	0.36799	1	0.45461	0.37491	1	0.47338	0.37145	1	0.47403	0.53790	11.76089	1.03582	1	0.73746	0.56214	12.39493	1.03582	1	-0.00637	-0.00992	0.67462	0.00384	1	0.05973	-0.01426	0.65567	0.00389	1	1.45898	0.81042	0	
1244986	8397.52539	3304774850843	0.48707	0.27255	8397.46484	0.06055	11139	1	0.50590	0.18558	1	0.46450	0.38877	1	0.48520	0.28718	1	0.47437	0.53579	12.01532	1.03582	1	0.73760	0.56176	12.26867	1.03582	1	-0.00637	-0.00992	0.67462	0.00241	1	0.05973	-0.01426	0.65567	0.00417	1	1.45898	0.81042	0	
1244987	8397.53223	3304774917832	0.48693	0.27451	8397.46484	0.06738	11139	1	0.50687	0.19329	1	0.46427	0.39506	1	0.48557	0.29417	1	0.47431	0.53576	11.91753	1.02781	1	0.73763	0.56171	12.08316	1.02781	1	-0.00621	-0.00975	0.66299	0.00241	1	0.05973	-0.01426	0.65567	0.00420	1	1.45898	0.81042	0	
1244988	8397.53906	3304774985418	0.48795	0.27589	8397.46484	0.07422	11139	1	0.50857	0.18907	1	0.48973	0.39306	1	0.49915	0.29106	1	0.47437	0.53579	12.01532	1.01979	1	0.73802	0.56151	12.95224	1.01979	1	-0.00621	-0.00975	0.66299	0.00240	1	0.05973	-0.01426	0.65567	0.00420	1	1.45898	0.81042	0	
1244989	8397.54590	3304775050397	0.48798	0.27701	8397.46484	0.08105	11139	1	0.51147	0.21325	1	0.46533	0.36755	1	0.48840	0.29040	1	0.47437	0.53599	11.97802	1.01177	1	0.73760	0.56176	12.26867	1.01177	1	-0.00621	-0.00975	0.66299	0.00240	1	0.05973	-0.01426	0.65567	0.00417	1	1.45898	0.81042	0	
1244990	8397.55273	3304775118870	0.48804	0.27847	8397.46484	0.08789	11139	1	0.51243	0.22092	1	0.46509	0.37415	1	0.48876	0.29754	1	0.47430	0.53592	11.82712	1.00376	1	0.73760	0.56229	12.45768	1.00376	1	-0.00621	-0.00975	0.66299	0.00239	1	0.05973	-0.01426	0.65567	0.00389	1	1.45898	0.81042	0	
1244991	8397.55957	3304775186310	0.48897	0.27963	8397.46484	0.09473	11139	1	0.51327	0.20133	1	0.49064	0.39039	1	0.50195	0.29586	1	0.47440	0.53587	12.21483	1.00376	1	0.73808	0.56143	12.82919	1.00376	1	-0.00621	-0.00975	0.66299	0.00240	1	0.05973	-0.01426	0.65567	0.00425	1	1.45898	0.81042	0	
1244992	8397.56543	3304775253159	0.48881	0.28295	8397.46484	0.10059	11139	1	0.51044	0.20247	1	0.46261	0.46297	1	0.48652	0.33272	1	0.47439	0.53581	11.52829	1.00376	1	0.73760	0.56238	12.45456	1.00376	1	-0.00621	-0.00975	0.66299	0.00240	1	0.05973	-0.01426	0.65567	0.00392	1	1.45898	0.81042	0	
1244993	8397.57227	3304775319746	0.48866	0.28547	8397.46484	0.10742	11139	1	0.50946	0.19465	1	0.46283	0.45708	1	0.48614	0.32586	1	0.47447	0.53574	11.95627	1.01177	1	0.73760	0.56182	12.24148	1.01177	1	-0.00640	-0.01011	0.68795	0.00237	1	0.05973	-0.01426	0.65567	0.00416	1	1.45898	0.81042	0	
1244994	8397.57910	3304775386676	0.48906	0.28480	8397.46484	0.11426	11139	1	0.51015	0.18914	1	0.48180	0.35748	1	0.49597	0.27331	1	0.47446	0.53578	12.00133	1.01979	1	0.73788	0.56162	12.79459	1.01979	1	-0.00640	-0.01011	0.68795	0.00236	1	0.05973	-0.01426	0.65567	0.00417	1	1.45898	0.81042	0	
1244995	8397.58594	3304775453242	0.48900	0.28302	8397.46484	0.12109	11139	1	0.49721	0.14414	1	0.47858	0.35777	1	0.48790	0.25095	1	0.47439	0.53582	11.93211	1.02781	1	0.73784	0.56166	12.82805	1.02781	1	-0.00640	-0.01011	0.68795	0.00241	1	0.05973	-0.01426	0.65567	0.00420	1	1.45898	0.81042	0	
1244996	8397.59277	3304775520562	0.48895	0.28141	8397.46484	0.12793	11139	1	0.49721	0.14414	1	0.47858	0.35777	1	0.48790	0.25095	1	0.47434	0.53588	11.87655	1.02781	1	0.73789	0.56146	12.89473	1.02781	1	-0.00595	-0.00949	0.64537	0.00241	1	0.05973	-0.01426	0.65567	0.00443	1	1.45898	0.81042	0	
1244997	8397.59961	3304775587679	0.48943	0.28108	8397.46484	0.13477	11139	1	0.51560	0.15760	1	0.48277	0.39110	1	0.49919	0.27435	1	0.47441	0.53601	11.93790	1.01979	1	0.73789	0.56205	13.08015	1.01979	1	-0.00595	-0.00949	0.64537	0.00240	1	0.05973	-0.01426	0.65567	0.00409	1	1.45898	0.81042	0	
1244998	8397.60547	3304775654159	0.48996	0.28116	8397.46484	0.14062	11139	1	0.51970	0.16592	1	0.48239	0.39997	1	0.50105	0.28294	1	0.47451	0.53589	11.86013	1.01177	1	0.73789	0.56209	13.08235	1.01177	1	-0.00595	-0.00949	0.64537	0.00241	1	0.05973	-0.01426	0.65567	0.00407	1	1.45898	0.81042	0	
1244999	8397.61230	3304775721599	0.49046	0.28155	8397.46484	0.14746	11139	1	0.52061	0.17396	1	0.48202	0.40632	1	0.50132	0.29014	1	0.47502	0.53779	11.90712	1.00376	1	0.73793	0.56224	13.21156	1.00376	1	-0.00595	-0.00954	0.64537	0.00382	1	0.05970	-0.01423	0.65420	0.00403	1	1.45898	0.81042	0	
1245000	8397.61914	3304775789283	0.49148	0.28459	8397.46484	0.15430	11139	1	0.53945	0.33935	1	0.49067	0.36945	1	0.51506	0.35440	1	0.47472	0.53788	11.76954	1.00376	1	0.73799	0.56231	13.25513	1.00376	1	-0.00595	-0.00954	0.64537	0.00384	1	0.05970	-0.01423	0.65420	0.00405	1	1.45898	0.81042	0	
1245001	8397.62598	3304775855175	0.49151	0.28463	8397.46484	0.16113	11139	1	0.50921	0.18505	1	0.47517	0.38639	1	0.49219	0.28572	1	0.47474	0.53595	11.89181	1.00376	1	0.73814	0.56232	12.96647	1.00376	1	-0.00595	-0.00954	0.64537	0.00243	1	0.05970	-0.01423	0.65420	0.00406	1	1.45898	0.81042	0	
1245002	8397.63281	3304775920167	0.49153	0.28428	8397.46484	0.16797	11139	1	0.50822	0.17709	1	0.47578	0.37366	1	0.49200	0.27538	1	0.47478	0.53604	11.79258	1.01177	1	0.73838	0.56236	12.29848	1.01943	1	-0.00630	-0.01017	0.68827	0.00236	1	0.06221	-0.01482	0.68121	0.00405	1	1.45898	0.81042	0	
1245003	8397.63867	3304775985859	0.49115	0.28305	8397.46484	0.17383	11139	1	0.49503	0.15993	1	0.46749	0.34258	1	0.48126	0.25126	1	0.47472	0.53594	11.81814	1.02745	1	0.73844	0.56226	12.24842	1.03511	1	-0.00630	-0.01017	0.68827	0.00240	1	0.06221	-0.01482	0.68121	0.00402	1	1.45898	0.81042	0	
1245004	8397.64551	3304776053819	0.49082	0.28159	8397.46484	0.18066	11139	1	0.49298	0.14433	1	0.47116	0.33990	1	0.48207	0.24212	1	0.47470	0.53597	11.81670	1.04312	1	0.73848	0.56220	12.20725	1.05078	1	-0.00630	-0.01017	0.68827	0.00238	1	0.06221	-0.01482	0.68121	0.00400	1	1.45898	0.81042	0	
1245005	8397.65234	3304776118609	0.49050	0.27974	8397.46484	0.18750	11139	1	0.49093	0.12873	1	0.47169	0.32705	1	0.48131	0.22789	1	0.47487	0.53593	11.82091	1.05880	1	0.73850	0.56181	12.05000	1.06646	1	-0.00630	-0.01017	0.68827	0.00233	1	0.06221	-0.01492	0.68121	0.00405	1	1.45898	0.81042	0	
1245006	8397.65918	3304776190812	0.49033	0.27753	8397.46484	0.19434	11139	1	0.50298	0.10288	1	0.46790	0.32413	1	0.48544	0.21351	1	0.47493	0.53589	11.89445	1.06646	1	0.73841	0.56245	12.37231	1.06646	1	-0.00630	-0.01017	0.68827	0.00229	1	0.06221	-0.01492	0.68121	0.00399	1	1.45898	0.81042	0	
1245007	8397.66602	3304776258328	0.48997	0.27569	8397.46484	0.20117	11139	1	0.48890	0.11458	1	0.46961	0.32596	1	0.47926	0.22027	1	0.47500	0.53594	11.86883	1.06646	1	0.73844	0.56228	12.19224	1.06646	1	-0.00630	-0.01017	0.68827	0.00233	1	0.06221	-0.01492	0.68121	0.00404	1	1.45898	0.81042	0	
1245008	8397.67285	3304776321260	0.48963	0.27405	8397.46484	0.20801	11139	1	0.48890	0.11458	1	0.46937	0.33224	1	0.47913	0.22341	1	0.47505	0.53589	11.86996	1.06646	1	0.73864	0.56220	12.09795	1.05880	1	-0.00614	-0.01008	0.68257	0.00241	1	0.06017	-0.01442	0.65831	0.00402	1	1.45898	0.81042	0	
1245009	8397.67969	3304776390056	0.48968	0.27298	8397.46484	0.21484	11139	1	0.49833	0.12584	1	0.48434	0.35144	1	0.49134	0.23864	1	0.47520	0.53609	11.74681	1.05880	1	0.73868	0.56233	11.98251	1.05114	1	-0.00614	-0.01008	0.68257	0.00242	1	0.06017	-0.01442	0.65831	0.00390	1	1.45898	0.81042	0	
1245010	8397.68652	3304776456260	0.48966	0.27279	8397.46484	0.22168	11139	1	0.50387	0.16247	1	0.47397	0.37082	1	0.48892	0.26664	1	0.47504	0.53585	11.74182	1.05114	1	0.73856	0.56245	12.05769	1.04348	1	-0.00614	-0.01008	0.68257	0.00242	1	0.06017	-0.01442	0.65831	0.00396	1	1.45898	0.81042	0	
1245011	8397.69238	3304776523354	0.48966	0.27301	8397.46484	0.22754	11139	1	0.50577	0.17767	1	0.47340	0.38330	1	0.48959	0.28048	1	0.47528	0.53599	12.00433	1.03547	1	0.73842	0.56245	12.38796	1.02781	1	-0.00588	-0.00968	0.65857	0.00231	1	0.06017	-0.01442	0.65831	0.00395	1	1.45898	0.81042	0	
1245012	8397.70020	3304776592477	0.48986	0.27274	8397.46484	0.23535	11139	1	0.51499	0.15073	1	0.47916	0.37562	1	0.49708	0.26317	1	0.47532	0.53592	11.36762	1.01979	1	0.73862	0.56243	11.95278	1.01979	1	-0.00588	-0.00968	0.65857	0.00233	1	0.06017	-0.01442	0.65831	0.00396	1	1.45898	0.81042	0	
1245013	8397.70605	3304776659424	0.48940	0.27314	8397.46484	0.24121	11139	1	0.49278	0.17846	1	0.45237	0.39703	1	0.47257	0.28775	1	0.47536	0.53606	11.71171	1.01177	1	0.73850	0.56252	12.58307	1.01177	1	-0.00588	-0.00968	0.65857	0.00235	1	0.06017	-0.01442	0.65831	0.00402	1	1.45898	0.81042	0	
1245014	8397.71289	3304776726528	0.48895	0.27353	8397.46484	0.24805	11139	1	0.49278	0.17846	1	0.45237	0.39703	1	0.47257	0.28775	1	0.47539	0.53599	11.25831	1.01177	1	0.73901	0.56283	12.94719	1.01177	1	-0.00602	-0.01001	0.68070	0.00246	1	0.05994	-0.01434	0.65467	0.00383	1	1.45898	0.81042	0	
1245015	8397.71973	3304776794138	0.48896	0.27360	8397.46484	0.25488	11139	1	0.49638	0.20438	1	0.48196	0.34792	1	0.48917	0.27615	1	0.47553	0.53605	11.69058	1.01979	1	0.73899	0.56229	12.50435	1.01979	1	-0.00602	-0.01001	0.68070	0.00237	1	0.05994	-0.01434	0.65467	0.00403	1	1.45898	0.81042	0	
1245016	8397.72656	3304776860512	0.48918	0.27347	8397.46484	0.26172	11139	1	0.51164	0.19842	1	0.48387	0.33863	1	0.49776	0.26853	1	0.47561	0.53599	11.76660	1.02781	1	0.73904	0.56217	12.37208	1.02781	1	-0.00602	-0.01001	0.68070	0.00234	1	0.05994	-0.01434	0.65467	0.00408	1	1.45898	0.81042	0	
1245017	8397.73340	3304776926128	0.48939	0.27309	8397.46484	0.26855	11139	1	0.51070	0.19075	1	0.48460	0.32546	1	0.49765	0.25811	1	0.47563	0.53587	11.63900	1.03582	1	0.73903	0.56218	12.28824	1.04348	1	-0.00602	-0.01001	0.68070	0.00233	1	0.06145	-0.01474	0.67062	0.00402	1	1.45898	0.81042	0	
1245018	8397.73926	3304776991440	0.48943	0.27233	8397.46484	0.27441	11139	1	0.50155	0.13785	1	0.48059	0.34424	1	0.49107	0.24105	1	0.47559	0.53596	11.57073	1.04348	1	0.73902	0.56225	12.19532	1.05114	1	-0.00602	-0.01001	0.68070	0.00236	1	0.06145	-0.01474	0.67062	0.00401	1	1.45898	0.81042	0	
1245019	8397.74609	3304777059649	0.48968	0.27005	8397.46484	0.28125	11139	1	0.50488	0.11552	1	0.49566	0.23260	1	0.50027	0.17406	1	0.47563	0.53583	11.84004	1.05114	1	0.73924	0.56104	11.79375	1.05880	1	-0.00602	-0.01001	0.68070	0.00232	1	0.06145	-0.01474	0.67062	0.00435	1	1.45898	0.81042	0	
1245020	8397.75293	3304777124963	0.48991	0.26770	8397.46484	0.28809	11139	1	0.50396	0.10775	1	0.49609	0.22558	1	0.50003	0.16666	1	0.47580	0.53599	11.73044	1.05880	1	0.73923	0.56137	11.86417	1.06646	1	-0.00602	-0.01001	0.68070	0.00235	1	0.06261	-0.01507	0.68326	0.00421	1	1.45898	0.81042	0	
1245021	8397.75977	3304777192920	0.48991	0.26692	8397.46484	0.29492	11139	1	0.51380	0.14461	1	0.46526	0.32046	1	0.48953	0.23253	1	0.47567	0.53585	11.80631	1.06646	1	0.73907	0.56218	12.38433	1.06646	1	-0.00602	-0.01001	0.68070	0.00228	1	0.06261	-0.01507	0.68326	0.00386	1	1.45898	0.81042	0	
1245022	8397.76660	3304777257340	0.48983	0.26584	8397.46484	0.30176	11139	1	0.51294	0.11164	1	0.45982	0.32357	1	0.48638	0.21761	1	0.47580	0.53594	11.42357	1.06646	1	0.73908	0.56219	12.30534	1.06646	1	-0.00602	-0.01001	0.68070	0.00236	1	0.06261	-0.01507	0.68326	0.00387	1	1.45898	0.81042	0	
1245023	8397.77344	3304777327028	0.48976	0.26482	8397.46484	0.30859	11139	1	0.51294	0.11164	1	0.45982	0.32357	1	0.48638	0.21761	1	0.47579	0.53604	11.38019	1.06646	1	0.73923	0.56233	12.04635	1.06646	1	-0.00601	-0.01004	0.67928	0.00238	1	0.06261	-0.01507	0.68326	0.00387	1	1.45898	0.81042	0	
1245024	8397.77930	3304777392911	0.48876	0.23834	8397.46484	0.30859	11139	0	0.48730	0.11395	1	0.47623	0.35069	1	0.48176	0.23232	1	0.47576	0.53602	11.24795	1.06646	1	0.73934	0.56237	12.30953	1.06646	1	-0.00601	-0.01004	0.67928	0.00239	1	0.06261	-0.01507	0.68326	0.00382	1	1.45898	0.81042	0	
1245025	8397.78613	3304777458891	0.49194	0.22450	8397.46484	0.30859	11139	0	0.51665	0.10028	1	0.47359	0.32102	1	0.49512	0.21065	1	0.47583	0.53582	11.03326	1.06646	1	0.73925	0.56225	12.05340	1.06646	1	-0.00601	-0.01004	0.67928	0.00236	1	0.06261	-0.01507	0.68326	0.00378	1	1.45898	0.81042	0	
1245026	8397.79297	3304777529066	0.49300	0.21988	8397.46484	0.30859	11139	0	0.51665	0.10028	1	0.47359	0.32102	1	0.49512	0.21065	1	0.47577	0.53604	11.42795	1.06646	1	0.73938	0.56264	12.49526	1.06646	1	-0.00601	-0.01004	0.67928	0.00237	1	0.06261	-0.01507	0.68326	0.00377	1	1.45898	0.81042	0	
1245027	8397.79980	3304777597803	0.49425	0.21699	8397.77930	0.02051	11140	1	0.52074	0.11135	1	0.47525	0.30530	1	0.49799	0.20832	1	0.47580	0.53603	11.61808	1.06646	1	0.73926	0.56210	11.85248	1.06646	1	-0.00601	-0.01004	0.67928	0.00235	1	0.06261	-0.01507	0.68326	0.00387	1	1.45898	0.81042	0	
1245028	8397.80664	3304777662642	0.49255	0.21214	8397.77930	0.02734	11140	1	0.49481	0.12296	1	0.47674	0.26254	1	0.48578	0.19275	1	0.47583	0.53607	11.52040	1.06646	1	0.73930	0.56161	11.86387	1.06646	1	-0.00601	-0.01004	0.67928	0.00236	1	0.06261	-0.01507	0.68326	0.00411	1	1.45898	0.81042	0	
1245029	8397.81348	3304777730921	0.49142	0.20891	8397.77930	0.03418	11140	1	0.49481	0.12296	1	0.47674	0.26254	1	0.48578	0.19275	1	0.47587	0.53618	11.38111	1.06646	1	0.73932	0.56146	11.68876	1.06646	1	-0.00602	-0.01011	0.68070	0.00230	1	0.06261	-0.01507	0.68326	0.00415	1	1.45898	0.81042	0	
1245030	8397.82031	3304777798110	0.49208	0.21401	8397.77930	0.04102	11140	1	0.51348	0.12270	1	0.47857	0.36651	1	0.49603	0.24460	1	0.47579	0.53609	11.51491	1.06646	1	0.73940	0.56262	11.95528	1.06646	1	-0.00602	-0.01011	0.68070	0.00235	1	0.06261	-0.01507	0.68326	0.00391	1	1.45898	0.81042	0	
1245031	8397.82715	3304777865126	0.49219	0.20957	8397.77930	0.04785	11140	1	0.51350	0.12625	1	0.47248	0.23069	1	0.49299	0.17847	1	0.47588	0.53617	11.38403	1.06646	1	0.73920	0.56141	11.74889	1.06646	1	-0.00602	-0.01011	0.68070	0.00230	1	0.06261	-0.01507	0.68326	0.00414	1	1.45898	0.81042	0	
1245032	8397.83398	3304777930155	0.49228	0.20611	8397.77930	0.05469	11140	1	0.51350	0.12625	1	0.47248	0.23069	1	0.49299	0.17847	1	0.47596	0.53625	11.52942	1.06646	1	0.73926	0.56178	12.10075	1.06646	1	-0.00602	-0.01011	0.68070	0.00232	1	0.06261	-0.01507	0.68326	0.00406	1	1.45898	0.81042	0	
1245033	8397.84082	3304777999045	0.49246	0.20586	8397.77930	0.06152	11140	1	0.50657	0.14510	1	0.48151	0.26217	1	0.49404	0.20364	1	0.47594	0.53636	11.17251	1.06646	1	0.73929	0.56170	11.94526	1.06646	1	-0.00602	-0.01011	0.68070	0.00238	1	0.06261	-0.01507	0.68326	0.00408	1	1.45898	0.81042	0	
1245034	8397.84668	3304778066566	0.49220	0.20549	8397.77930	0.06738	11140	1	0.50020	0.14026	1	0.47891	0.26334	1	0.48956	0.20180	1	0.47594	0.53626	11.52673	1.06646	1	0.73932	0.56161	11.89343	1.06646	1	-0.00602	-0.01011	0.68070	0.00232	1	0.06261	-0.01507	0.68326	0.00412	1	1.45898	0.81042	0	
1245035	8397.85352	3304778132943	0.49198	0.20519	8397.77930	0.07422	11140	1	0.50020	0.14026	1	0.47891	0.26334	1	0.48956	0.20180	1	0.47600	0.53616	11.24088	1.06646	1	0.73929	0.56189	11.93388	1.06646	1	-0.00595	-0.01016	0.68393	0.00240	1	0.06261	-0.01507	0.68326	0.00398	1	1.45898	0.81042	0	
1245036	8397.86035	3304778199859	0.49198	0.20362	8397.77930	0.08105	11140	1	0.50332	0.12645	1	0.48084	0.24320	1	0.49208	0.18482	1	0.47593	0.53618	11.69969	1.06646	1	0.73926	0.56196	11.98803	1.06646	1	-0.00595	-0.01016	0.68393	0.00243	1	0.06261	-0.01507	0.68326	0.00395	1	1.45898	0.81042	0	
1245037	8397.86719	3304778268446	0.49164	0.20354	8397.77930	0.08789	11140	1	0.49488	0.11716	1	0.47958	0.28782	1	0.48723	0.20249	1	0.47586	0.53607	11.14233	1.06646	1	0.73926	0.56196	11.98803	1.06646	1	-0.00595	-0.01016	0.68393	0.00236	1	0.06261	-0.01507	0.68326	0.00395	1	1.45898	0.81042	0	
1245038	8397.87402	3304778333896	0.49135	0.20347	8397.77930	0.09473	11140	1	0.49488	0.11716	1	0.47958	0.28782	1	0.48723	0.20249	1	0.47587	0.53625	11.10346	1.06646	1	0.73937	0.56103	11.91462	1.06646	1	-0.00595	-0.01016	0.68393	0.00237	1	0.06261	-0.01507	0.68326	0.00434	1	1.45898	0.81042	0	
1245039	8397.88086	3304778400856	0.49137	0.20337	8397.77930	0.10156	11140	1	0.50407	0.13509	1	0.47933	0.26875	1	0.49170	0.20192	1	0.47595	0.53618	11.25829	1.06646	1	0.73929	0.56165	11.97301	1.06646	1	-0.00595	-0.01016	0.68393	0.00236	1	0.06261	-0.01507	0.68326	0.00409	1	1.45898	0.81042	0	
1245040	8397.88770	3304778467889	0.49201	0.20154	8397.77930	0.10840	11140	1	0.53012	0.14025	1	0.47441	0.20434	1	0.50227	0.17229	1	0.47606	0.53635	11.18710	1.06646	1	0.73920	0.56136	11.75701	1.06646	1	-0.00595	-0.01016	0.68393	0.00239	1	0.06261	-0.01507	0.68326	0.00418	1	1.45898	0.81042	0	
1245041	8397.89355	3304778535485	0.49258	0.19992	8397.77930	0.11426	11140	1	0.53012	0.14025	1	0.47441	0.20434	1	0.50227	0.17229	1	0.47595	0.53626	11.50267	1.06646	1	0.73928	0.56189	11.99477	1.06646	1	-0.00595	-0.01016	0.68393	0.00232	1	0.06261	-0.01507	0.68326	0.00424	1	1.45898	0.81042	0	
1245042	8397.90039	3304778602039	0.49245	0.19812	8397.77930	0.12109	11140	1	0.49951	0.09513	1	0.48074	0.23627	1	0.49013	0.16570	1	0.47593	0.53628	11.50053	1.06646	1	0.73934	0.56185	11.85826	1.06646	1	-0.00595	-0.01016	0.68393	0.00232	1	0.06261	-0.01507	0.68326	0.00427	1	1.45898	0.81042	0	
1245043	8397.90723	3304778669355	0.49236	0.19828	8397.77930	0.12793	11140	1	0.50444	0.09896	1	0.47681	0.30379	1	0.49062	0.20138	1	0.47601	0.53626	11.47123	1.06646	1	0.73931	0.56216	11.90724	1.06646	1	-0.00595	-0.01016	0.68393	0.00237	1	0.06261	-0.01507	0.68326	0.00412	1	1.45898	0.81042	0	
1245044	8397.91406	3304778735900	0.49228	0.19843	8397.77930	0.13477	11140	1	0.50444	0.09896	1	0.47681	0.30379	1	0.49062	0.20138	1	0.47584	0.53627	11.19101	1.06646	1	0.73931	0.56216	11.90724	1.06646	1	-0.00595	-0.01016	0.68393	0.00227	1	0.06261	-0.01507	0.68326	0.00412	1	1.45898	0.81042	0	
1245045	8397.92090	3304778802835	0.49213	0.19780	8397.77930	0.14160	11140	1	0.49833	0.09755	1	0.47967	0.27166	1	0.48900	0.18460	1	0.47594	0.53626	11.52673	1.06646	1	0.73934	0.56163	11.83832	1.06646	1	-0.00595	-0.01016	0.68393	0.00232	1	0.06261	-0.01507	0.68326	0.00435	1	1.45898	0.81042	0	
1245046	8397.92773	3304778870686	0.49195	0.19704	8397.77930	0.14844	11140	1	0.49540	0.12585	1	0.48070	0.23487	1	0.48805	0.18036	1	0.47579	0.53615	11.42837	1.06646	1	0.73934	0.56185	11.85826	1.06646	1	-0.00595	-0.01016	0.68393	0.00236	1	0.06261	-0.01507	0.68326	0.00427	1	1.45898	0.81042	0	
1245047	8397.93457	3304778937494	0.49179	0.19635	8397.77930	0.15527	11140	1	0.49540	0.12585	1	0.48070	0.23487	1	0.48805	0.18036	1	0.47578	0.53614	11.35456	1.06646	1	0.73940	0.56246	12.21869	1.06646	1	-0.00595	-0.01016	0.68393	0.00237	1	0.06261	-0.01507	0.68326	0.00405	1	1.45898	0.81042	0	
1245048	8397.94043	3304779003873	0.49172	0.19639	8397.77930	0.16113	11140	1	0.50090	0.11253	1	0.47899	0.28225	1	0.48994	0.19739	1	0.47598	0.53637	11.21612	1.06646	1	0.73935	0.56188	11.92984	1.06646	1	-0.00595	-0.01016	0.68393	0.00234	1	0.06261	-0.01507	0.68326	0.00427	1	1.45898	0.81042	0	
1245049	8397.94727	3304779068332	0.49141	0.19744	8397.77930	0.16797	11140	1	0.50281	0.15518	1	0.46488	0.29243	1	0.48384	0.22381	1	0.47598	0.53637	11.21936	1.06646	1	0.73910	0.56236	12.11920	1.06646	1	-0.00595	-0.01016	0.68393	0.00234	1	0.06261	-0.01507	0.68326	0.00410	1	1.45898	0.81042	0	
1245050	8397.95410	3304779136410	0.49113	0.19842	8397.77930	0.17480	11140	1	0.50281	0.15518	1	0.46488	0.29243	1	0.48384	0.22381	1	0.47581	0.53619	11.48589	1.06646	1	0.73921	0.56245	12.04969	1.06646	1	-0.00595	-0.01016	0.68393	0.00226	1	0.06261	-0.01507	0.68326	0.00403	1	1.45898	0.81042	0	
1245051	8397.96094	3304779200236	0.49118	0.19985	8397.77930	0.18164	11140	1	0.51429	0.14931	1	0.47035	0.32786	1	0.49232	0.23858	1	0.47577	0.53629	11.39991	1.06646	1	0.73925	0.56235	11.86801	1.06646	1	-0.00595	-0.01016	0.68393	0.00230	1	0.06261	-0.01507	0.68326	0.00407	1	1.45898	0.81042	0	
1245052	8397.96777	3304779271699	0.49081	0.20028	8397.77930	0.18848	11140	1	0.48832	0.12479	1	0.47264	0.29977	1	0.48048	0.21228	1	0.47571	0.53613	11.44149	1.06646	1	0.73923	0.56243	11.99375	1.06646	1	-0.00595	-0.01016	0.68393	0.00233	1	0.06261	-0.01507	0.68326	0.00404	1	1.45898	0.81042	0	
1245053	8397.97461	3304779338824	0.49046	0.20068	8397.77930	0.19531	11140	1	0.48832	0.12479	1	0.47264	0.29977	1	0.48048	0.21228	1	0.47578	0.53611	11.27433	1.06646	1	0.73933	0.56218	11.96728	1.06646	1	-0.00602	-0.01011	0.68070	0.00229	1	0.06261	-0.01507	0.68326	0.00412	1	1.45898	0.81042	0	
1245054	8397.98145	3304779405767	0.49033	0.20047	8397.77930	0.20215	11140	1	0.49402	0.12382	1	0.47856	0.26442	1	0.48629	0.19412	1	0.47590	0.53620	11.36512	1.06646	1	0.73933	0.56208	11.85007	1.06646	1	-0.00602	-0.01011	0.68070	0.00233	1	0.06261	-0.01507	0.68326	0.00426	1	1.45898	0.81042	0	
1245055	8397.98730	3304779470425	0.49027	0.20154	8397.77930	0.20801	11140	1	0.51342	0.13248	1	0.46360	0.33685	1	0.48851	0.23466	1	0.47579	0.53612	11.35005	1.06646	1	0.73910	0.56236	12.11920	1.06646	1	-0.00602	-0.01011	0.68070	0.00228	1	0.06261	-0.01507	0.68326	0.00409	1	1.45898	0.81042	0	
1245056	8397.99414	3304779539110	0.49022	0.20254	8397.77930	0.21484	11140	1	0.51342	0.13248	1	0.46360	0.33685	1	0.48851	0.23466	1	0.47579	0.53612	11.35005	1.06646	1	0.73928	0.56284	12.23698	1.06646	1	-0.00602	-0.01011	0.68070	0.00228	1	0.06261	-0.01507	0.68326	0.00400	1	1.45898	0.81042	0	
1245057	8398.00098	3304779607935	0.49038	0.20147	8397.77930	0.22168	11140	1	0.51303	0.07719	1	0.47876	0.25520	1	0.49589	0.16619	1	0.47578	0.53614	11.34077	1.06646	1	0.73933	0.56170	11.85815	1.06646	1	-0.00602	-0.01011	0.68070	0.00227	1	0.06261	-0.01507	0.68326	0.00433	1	1.45898	0.81042	0	
1245058	8398.00781	3304779674480	0.49045	0.20161	8397.77930	0.22852	11140	1	0.51546	0.10317	1	0.46994	0.30946	1	0.49270	0.20631	1	0.47580	0.53626	11.01800	1.06646	1	0.73923	0.56218	11.97284	1.06646	1	-0.00602	-0.01011	0.68070	0.00231	1	0.06261	-0.01507	0.68326	0.00415	1	1.45898	0.81042	0	
1245059	8398.01465	3304779740651	0.49051	0.20174	8397.77930	0.23535	11140	1	0.51546	0.10317	1	0.46994	0.30946	1	0.49270	0.20631	1	0.47566	0.53605	11.40628	1.06646	1	0.73917	0.56274	12.02793	1.06646	1	-0.00602	-0.01011	0.68070	0.00232	1	0.06261	-0.01507	0.68326	0.00393	1	1.45898	0.81042	0	
1245060	8398.02148	3304779807510	0.49040	0.20286	8397.77930	0.24219	11140	1	0.49605	0.08089	1	0.47645	0.40502	1	0.48625	0.24296	1	0.47566	0.53605	11.40628	1.06646	1	0.73932	0.56303	12.75806	1.06646	1	-0.00602	-0.01011	0.68070	0.00232	1	0.06261	-0.01507	0.68326	0.00386	1	1.45898	0.81042	0	
1245061	8398.02832	3304779874616	0.49027	0.20341	8397.77930	0.24902	11140	1	0.50083	0.09089	1	0.47020	0.35664	1	0.48552	0.22377	1	0.47564	0.53606	11.37866	1.06646	1	0.73921	0.56298	12.31685	1.06646	1	-0.00602	-0.01011	0.68070	0.00233	1	0.06261	-0.01507	0.68326	0.00403	1	1.45898	0.81042	0	
1245062	8398.03418	3304779941795	0.49015	0.20393	8397.77930	0.25488	11140	1	0.50083	0.09089	1	0.47020	0.35664	1	0.48552	0.22377	1	0.47560	0.53609	11.45107	1.06646	1	0.73923	0.56300	12.45537	1.06646	1	-0.00602	-0.01011	0.68070	0.00223	1	0.06261	-0.01507	0.68326	0.00398	1	1.45898	0.81042	0	
1245063	8398.04102	3304780008672	0.49032	0.20283	8397.77930	0.26172	11140	1	0.49629	0.08445	1	0.49746	0.23518	1	0.49687	0.15981	1	0.47558	0.53610	11.53500	1.06646	1	0.73921	0.56193	11.86017	1.06646	1	-0.00602	-0.01011	0.68070	0.00223	1	0.06261	-0.01507	0.68326	0.00424	1	1.45898	0.81042	0	
1245064	8398.04785	3304780075603	0.49014	0.20338	8397.77930	0.26855	11140	1	0.49150	0.09953	1	0.47490	0.35156	1	0.48320	0.22555	1	0.47556	0.53623	11.17853	1.06646	1	0.73889	0.56261	12.31166	1.06646	1	-0.00602	-0.01011	0.68070	0.00226	1	0.06261	-0.01507	0.68326	0.00429	1	1.45898	0.81042	0	
1245065	8398.05469	3304780142550	0.48998	0.20391	8397.77930	0.27539	11140	1	0.49150	0.09953	1	0.47490	0.35156	1	0.48320	0.22555	1	0.47554	0.53628	11.05572	1.06646	1	0.73889	0.56287	12.24045	1.06646	1	-0.00602	-0.01011	0.68070	0.00236	1	0.06261	-0.01507	0.68326	0.00418	1	1.45898	0.81042	0	
1245066	8398.06152	3304780209414	0.48991	0.20393	8397.77930	0.28223	11140	1	0.50235	0.10807	1	0.47203	0.30119	1	0.48719	0.20463	1	0.47558	0.53629	11.02010	1.06646	1	0.73886	0.56193	11.25630	1.06646	1	-0.00602	-0.01011	0.68070	0.00227	1	0.06261	-0.01507	0.68326	0.00398	1	1.45898	0.81042	0	
1245067	8398.06836	3304780276206	0.48760	0.19992	8397.77930	0.28906	11140	1	0.50235	0.10807	0	0.38820	0.02791	1	0.38820	0.02791	1	0.47558	0.53629	11.02010	1.06646	0	0.47561	0.53616	11.56176	1.06646	1	-0.00602	-0.01011	0.68070	0.00227	1	0.06261	-0.01507	0.68326	0.00228	1	1.45898	0.81042	0	
1245068	8398.07520	3304780342878	0.48539	0.19610	8397.77930	0.29590	11140	1	0.50235	0.10807	0	0.38820	0.02791	1	0.38820	0.02791	1	0.47558	0.53629	11.02010	1.06646	0	0.47538	0.53621	11.07801	1.06646	1	-0.00602	-0.01011	0.68070	0.00227	1	-0.00602	-0.01011	0.68070	0.00229	1	1.45898	0.81042	0	
1245069	8398.08105	3304780408942	0.46397	0.16595	8397.77930	0.29590	11140	0	0.50235	0.10807	0	0.39814	0.01686	1	0.39814	0.01686	1	0.47558	0.53629	11.02010	1.06646	0	0.47537	0.53620	10.95895	1.06646	1	-0.00602	-0.01011	0.68070	0.00227	1	-0.00602	-0.01011	0.68070	0.00228	1	1.45898	0.81042	0	
1245070	8398.08789	3304780478624	0.43282	0.12125	8397.77930	0.29590	11140	0	0.50235	0.10807	0	0.40167	0.07655	1	0.40167	0.07655	1	0.47558	0.53629	11.02010	1.06646	0	0.47542	0.53608	11.08085	1.06646	1	-0.00602	-0.01011	0.68070	0.00227	1	-0.00602	-0.01011	0.68070	0.00232	1	1.45898	0.81042	0	
1245071	8398.09473	3304780545072	0.42244	0.10635	8397.77930	0.29590	11140	0	0.50235	0.10807	0	0.40167	0.07655	1	0.40167	0.07655	1	0.47558	0.53629	11.02010	1.06646	0	0.47513	0.53621	11.46990	1.06646	1	-0.00602	-0.01011	0.68070	0.00227	1	-0.00614	-0.01014	0.68257	0.00228	1	1.45898	0.81042	0	
1245072	8398.10156	3304780611140	0.39784	0.06695	8397.77930	0.29590	11140	0	0.50235	0.10807	0	0.39017	0.04777	1	0.39017	0.04777	1	0.47558	0.53629	11.02010	1.06646	0	0.47529	0.53634	11.32275	1.06646	1	-0.00602	-0.01011	0.68070	0.00227	1	-0.00614	-0.01014	0.68257	0.00228	1	1.45898	0.81042	0	
1245073	8398.10840	3304780678307	0.39509	0.07603	8397.77930	0.29590	11140	0	0.50235	0.10807	0	0.39234	0.08511	1	0.39234	0.08511	1	0.47558	0.53629	11.02010	1.06646	0	0.47518	0.53626	11.10637	1.06646	1	-0.00602	-0.01011	0.68070	0.00227	1	-0.00614	-0.01014	0.68257	0.00231	1	1.45898	0.81042	0	
1245074	8398.11523	3304780745563	0.39417	0.07906	8397.77930	0.29590	11140	0	0.50235	0.10807	0	0.39234	0.08511	1	0.39234	0.08511	1	0.47558	0.53629	11.02010	1.06646	0	0.47513	0.53626	11.28385	1.06646	1	-0.00602	-0.01011	0.68070	0.00227	1	-0.00614	-0.01014	0.68257	0.00221	1	1.45898	0.81042	0	
1245075	8398.12207	3304780812397	0.39164	0.07989	8398.10156	0.02051	11141	1	0.50235	0.10807	0	0.38403	0.08239	1	0.38403	0.08239	1	0.47558	0.53629	11.02010	1.06646	0	0.47512	0.53619	11.14016	1.06646	1	-0.00602	-0.01011	0.68070	0.00227	1	-0.00614	-0.01014	0.68257	0.00222	1	1.45898	0.81042	0	
1245076	8398.12891	3304780879585	0.39000	0.07603	8398.10156	0.02734	11141	1	0.50235	0.10807	0	0.38347	0.06057	1	0.38347	0.06057	1	0.47558	0.53629	11.02010	1.06646	0	0.47513	0.53601	11.32762	1.06646	1	-0.00602	-0.01011	0.68070	0.00227	1	-0.00614	-0.01014	0.68257	0.00225	1	1.45898	0.81042	0	
1245077	8398.13477	3304780946793	0.38891	0.07345	8398.10156	0.03320	11141	1	0.50235	0.10807	0	0.38347	0.06057	1	0.38347	0.06057	1	0.47558	0.53629	11.02010	1.06646	0	0.47537	0.53631	11.32089	1.06646	1	-0.00602	-0.01011	0.68070	0.00227	1	-0.00614	-0.01014	0.68257	0.00233	1	1.45898	0.81042	0	
1245078	8398.14160	3304781010614	0.38897	0.07488	8398.10156	0.04004	11141	1	0.50235	0.10807	0	0.38931	0.08343	1	0.38931	0.08343	1	0.47558	0.53629	11.02010	1.06646	0	0.47529	0.53634	11.32275	1.06646	1	-0.00602	-0.01011	0.68070	0.00227	1	-0.00614	-0.01014	0.68257	0.00228	1	1.45898	0.81042	0	
1245079	8398.14844	3304781076770	0.38877	0.07694	8398.10156	0.04688	11141	1	0.50235	0.10807	0	0.38740	0.09137	1	0.38740	0.09137	1	0.47558	0.53629	11.02010	1.06646	0	0.47523	0.53628	11.30234	1.06646	1	-0.00602	-0.01011	0.68070	0.00227	1	-0.00614	-0.01014	0.68257	0.00225	1	1.45898	0.81042	0	
1245080	8398.15527	3304781144665	0.39501	0.07947	8398.10156	0.05371	11141	1	0.50235	0.10807	1	0.38740	0.09137	1	0.44487	0.09972	1	0.47535	0.53613	10.81627	1.06646	1	0.73858	0.56208	11.91186	1.06646	1	-0.00614	-0.01014	0.68257	0.00225	1	0.06221	-0.01502	0.68121	0.00405	1	1.45898	0.81042	0	
1245081	8398.16113	3304781210357	0.40443	0.09008	8398.10156	0.05957	11141	1	0.50257	0.07384	1	0.47594	0.29728	1	0.48925	0.18556	1	0.47519	0.53601	10.69239	1.06646	1	0.73851	0.56205	11.99611	1.06646	1	-0.00614	-0.01014	0.68257	0.00228	1	0.06221	-0.01502	0.68121	0.00404	1	1.45898	0.81042	0	
1245082	8398.16895	3304781280462	0.41265	0.10333	8398.10156	0.06738	11141	1	0.51849	0.13727	1	0.47120	0.33447	1	0.49484	0.23587	1	0.47541	0.53626	11.18323	1.06646	1	0.73842	0.56225	11.62129	1.06646	1	-0.00614	-0.01014	0.68257	0.00229	1	0.06221	-0.01502	0.68121	0.00394	1	1.45898	0.81042	0	
1245083	8398.17480	3304781347592	0.41949	0.11464	8398.10156	0.07324	11141	1	0.51849	0.13727	1	0.47095	0.34069	1	0.49472	0.23898	1	0.47538	0.53616	11.10652	1.06646	1	0.73843	0.56261	11.77979	1.05880	1	-0.00602	-0.01011	0.68070	0.00219	1	0.06017	-0.01452	0.65831	0.00392	1	1.45898	0.81042	0	
1245084	8398.18164	3304781414356	0.42418	0.12378	8398.10156	0.08008	11141	1	0.49273	0.14671	1	0.46829	0.32024	1	0.48051	0.23348	1	0.47518	0.53623	10.95781	1.05880	1	0.73840	0.56207	11.95443	1.05114	1	-0.00602	-0.01011	0.68070	0.00231	1	0.06017	-0.01452	0.65831	0.00407	1	1.45898	0.81042	0	
1245085	8398.18848	3304781479198	0.42922	0.13231	8398.10156	0.08691	11141	1	0.50933	0.14263	1	0.47994	0.34393	1	0.49464	0.24328	1	0.47524	0.53621	11.01821	1.05114	1	0.73858	0.56224	11.52644	1.04348	1	-0.00602	-0.01011	0.68070	0.00236	1	0.06017	-0.01452	0.65831	0.00403	1	1.45898	0.81042	0	
1245086	8398.19531	3304781545774	0.43362	0.14066	8398.10156	0.09375	11141	1	0.51117	0.15812	1	0.47928	0.35682	1	0.49522	0.25747	1	0.47532	0.53586	11.34666	1.03547	1	0.73852	0.56250	11.73246	1.02781	1	-0.00588	-0.00978	0.65857	0.00234	1	0.06017	-0.01452	0.65831	0.00390	1	1.45898	0.81042	0	
1245087	8398.20215	3304781612107	0.45304	0.17269	8398.10156	0.09375	11141	0	0.52456	0.17741	1	0.47307	0.38655	1	0.49882	0.28198	1	0.47544	0.53618	11.39421	1.01979	1	0.73856	0.56243	11.55828	1.01979	1	-0.00588	-0.00978	0.65857	0.00227	1	0.06017	-0.01452	0.65831	0.00397	1	1.45898	0.81042	0	
1245088	8398.20898	3304781681889	0.47809	0.22545	8398.10156	0.09375	11141	0	0.52374	0.16780	1	0.48255	0.38862	1	0.50314	0.27821	1	0.47548	0.53604	11.05040	1.01177	1	0.73867	0.56244	11.62465	1.01177	1	-0.00588	-0.00978	0.65857	0.00230	1	0.06017	-0.01452	0.65831	0.00392	1	1.45898	0.81042	0	
1245089	8398.21582	3304781749693	0.48644	0.24304	8398.10156	0.09375	11141	0	0.52374	0.16780	1	0.48255	0.38862	1	0.50314	0.27821	1	0.47527	0.53618	11.18280	1.01177	1	0.73863	0.56199	11.37088	1.01177	1	-0.00602	-0.01001	0.68070	0.00227	1	0.06017	-0.01452	0.65831	0.00416	1	1.45898	0.81042	0	
1245090	8398.22266	3304781816896	0.50289	0.27664	8398.10156	0.09375	11141	0	0.51969	0.17463	1	0.48509	0.37237	1	0.50239	0.27350	1	0.47534	0.53619	10.89126	1.01979	1	0.73872	0.56231	11.83007	1.01979	1	-0.00602	-0.01001	0.68070	0.00223	1	0.06017	-0.01452	0.65831	0.00405	1	1.45898	0.81042	0	
1245091	8398.22852	3304781884115	0.50068	0.28032	8398.10156	0.09375	11141	0	0.51225	0.17050	1	0.48469	0.39751	1	0.49847	0.28400	1	0.47527	0.53607	11.31308	1.02781	1	0.73870	0.56258	11.53201	1.02781	1	-0.00602	-0.01001	0.68070	0.00224	1	0.06017	-0.01452	0.65831	0.00395	1	1.45898	0.81042	0	
1245092	8398.23535	3304781951099	0.49985	0.27919	8398.10156	0.09375	11141	0	0.51131	0.16262	1	0.48506	0.39123	1	0.49819	0.27692	1	0.47547	0.53602	10.94539	1.03582	1	0.73866	0.56253	11.43429	1.03582	1	-0.00614	-0.01014	0.68257	0.00231	1	0.06010	-0.01445	0.65749	0.00401	1	1.45898	0.81042	0	
1245093	8398.24219	3304782017963	0.49887	0.27291	8398.22266	0.01953	11142	1	0.51035	0.14617	1	0.48153	0.36201	1	0.49594	0.25409	1	0.47529	0.53600	10.94176	1.03582	1	0.73862	0.56226	11.77437	1.03582	1	-0.00614	-0.01014	0.68257	0.00238	1	0.06010	-0.01445	0.65749	0.00409	1	1.45898	0.81042	0	
1245094	8398.24902	3304782084787	0.49936	0.27090	8398.22266	0.02637	11142	1	0.51686	0.16433	1	0.48582	0.36135	1	0.50134	0.26284	1	0.47541	0.53615	10.74687	1.03582	1	0.73871	0.56227	11.78141	1.03582	1	-0.00614	-0.01014	0.68257	0.00230	1	0.06010	-0.01445	0.65749	0.00406	1	1.45898	0.81042	0	
1245095	8398.25586	3304782152122	0.49969	0.26956	8398.22266	0.03320	11142	1	0.51686	0.16433	1	0.48582	0.36135	1	0.50134	0.26284	1	0.47534	0.53612	10.87018	1.03582	1	0.73870	0.56219	11.87305	1.03582	1	-0.00614	-0.01014	0.68257	0.00234	1	0.06017	-0.01452	0.65831	0.00411	1	1.45898	0.81042	0	
1245096	8398.26270	3304782219603	0.49850	0.26674	8398.22266	0.04004	11142	1	0.51126	0.15858	1	0.47137	0.34114	1	0.49132	0.24986	1	0.47530	0.53608	11.04738	1.03582	1	0.73845	0.56224	11.98959	1.03582	1	-0.00614	-0.01014	0.68257	0.00228	1	0.06017	-0.01452	0.65831	0.00407	1	1.45898	0.81042	0	
1245097	8398.26953	3304782286459	0.49752	0.26483	8398.22266	0.04688	11142	1	0.51010	0.17441	1	0.47133	0.32841	1	0.49071	0.25141	1	0.47530	0.53620	11.25798	1.03582	1	0.73842	0.56187	11.75835	1.03582	1	-0.00614	-0.01014	0.68257	0.00229	1	0.06017	-0.01452	0.65831	0.00422	1	1.45898	0.81042	0	
1245098	8398.27539	3304782352482	0.49677	0.26333	8398.22266	0.05273	11142	1	0.51010	0.17441	1	0.47133	0.32841	1	0.49071	0.25141	1	0.47535	0.53604	11.19733	1.03582	1	0.73850	0.56166	11.68444	1.03582	1	-0.00602	-0.01011	0.68070	0.00223	1	0.06010	-0.01445	0.65749	0.00426	1	1.45898	0.81042	0	
1245099	8398.28223	3304782419629	0.49627	0.25983	8398.22266	0.05957	11142	1	0.51102	0.15306	1	0.47267	0.30347	1	0.49184	0.22827	1	0.47528	0.53609	11.08234	1.03582	1	0.73848	0.56175	11.85707	1.03582	1	-0.00602	-0.01011	0.68070	0.00227	1	0.06010	-0.01445	0.65749	0.00422	1	1.45898	0.81042	0	
1245100	8398.28906	3304782486832	0.49602	0.25774	8398.22266	0.06641	11142	1	0.51565	0.14531	1	0.47133	0.32841	1	0.49349	0.23686	1	0.47534	0.53611	11.60609	1.03582	1	0.73842	0.56187	11.75835	1.03582	1	-0.00602	-0.01011	0.68070	0.00224	1	0.06010	-0.01445	0.65749	0.00422	1	1.45898	0.81042	0	
1245101	8398.29590	3304782553471	0.49581	0.25600	8398.22266	0.07324	11142	1	0.51565	0.14531	1	0.47133	0.32841	1	0.49349	0.23686	1	0.47551	0.53612	11.47298	1.03582	1	0.73868	0.56230	11.85347	1.03582	1	-0.00602	-0.01011	0.68070	0.00224	1	0.06017	-0.01452	0.65831	0.00414	1	1.45898	0.81042	0	
1245102	8398.30273	3304782620787	0.49535	0.25485	8398.22266	0.08008	11142	1	0.51285	0.11832	1	0.46680	0.36384	1	0.48983	0.24108	1	0.47534	0.53612	11.11829	1.03582	1	0.73838	0.56242	12.13764	1.03582	1	-0.00602	-0.01011	0.68070	0.00219	1	0.06017	-0.01452	0.65831	0.00403	1	1.45898	0.81042	0	
1245103	8398.30957	3304782687922	0.49549	0.25362	8398.22266	0.08691	11142	1	0.52565	0.11097	1	0.46908	0.36431	1	0.49736	0.23764	1	0.47549	0.53610	11.38877	1.03582	1	0.73846	0.56243	11.69985	1.03582	1	-0.00602	-0.01011	0.68070	0.00227	1	0.06017	-0.01452	0.65831	0.00412	1	1.45898	0.81042	0	
1245104	8398.31543	3304782754286	0.49563	0.25235	8398.22266	0.09277	11142	1	0.52565	0.11097	1	0.46933	0.35812	1	0.49749	0.23455	1	0.47553	0.53613	11.42624	1.03582	1	0.73871	0.56265	11.72157	1.04348	1	-0.00602	-0.01011	0.68070	0.00227	1	0.06157	-0.01484	0.67308	0.00396	1	1.45898	0.81042	0	
1245105	8398.32227	3304782822648	0.48870	0.24171	8398.22266	0.09961	11142	1	0.52565	0.11097	0	0.38472	0.08210	1	0.38472	0.08210	1	0.47553	0.53613	11.42624	1.04348	0	0.47557	0.53606	11.58509	1.05114	1	-0.00602	-0.01011	0.68070	0.00227	1	0.06157	-0.01484	0.67308	0.00223	1	1.45898	0.81042	0	
1245106	8398.32910	3304782888734	0.48207	0.22963	8398.22266	0.10645	11142	1	0.52565	0.11097	0	0.37613	0.03642	1	0.37613	0.03642	1	0.47553	0.53613	11.42624	1.05114	0	0.47537	0.53608	11.54479	1.05880	1	-0.00602	-0.01011	0.68070	0.00227	1	0.06157	-0.01484	0.67308	0.00218	1	1.45898	0.81042	0	
1245107	8398.33594	3304782955360	0.46440	0.19288	8398.22266	0.10645	11142	0	0.52565	0.11097	0	0.37573	0.02808	1	0.37573	0.02808	1	0.47553	0.53613	11.42624	1.05880	0	0.47567	0.53614	11.42153	1.06646	1	-0.00602	-0.01011	0.68070	0.00227	1	-0.00602	-0.01011	0.68070	0.00229	1	1.45898	0.81042	0	
1245108	8398.34277	3304783022472	0.42793	0.11334	8398.22266	0.10645	11142	0	0.52565	0.11097	0	0.39146	0.03380	1	0.39146	0.03380	1	0.47553	0.53613	11.42624	1.06646	0	0.47560	0.53608	11.44424	1.06646	1	-0.00602	-0.01011	0.68070	0.00227	1	-0.00602	-0.01011	0.68070	0.00225	1	1.45898	0.81042	0	
1245109	8398.34961	3304783087172	0.41030	0.08609	8398.22266	0.10645	11142	0	0.52565	0.11097	0	0.37505	0.03161	1	0.37505	0.03161	1	0.47553	0.53613	11.42624	1.06646	0	0.47550	0.53610	11.46796	1.06646	1	-0.00602	-0.01011	0.68070	0.00227	1	-0.00602	-0.01011	0.68070	0.00227	1	1.45898	0.81042	0	
1245110	8398.35645	3304783156370	0.38052	0.03234	8398.22266	0.10645	11142	0	0.52565	0.11097	0	0.37505	0.03161	1	0.37505	0.03161	1	0.47553	0.53613	11.42624	1.06646	0	0.47579	0.53612	11.35005	1.06646	1	-0.00602	-0.01011	0.68070	0.00227	1	-0.00602	-0.01011	0.68070	0.00228	1	1.45898	0.81042	0	
1245111	8398.36230	3304783218793	0.39009	0.05241	8398.22266	0.10645	11142	0	0.52565	0.11097	0	0.39965	0.07248	1	0.39965	0.07248	1	0.47553	0.53613	11.42624	1.06646	0	0.47575	0.53610	11.45947	1.06646	1	-0.00602	-0.01011	0.68070	0.00227	1	-0.00602	-0.01011	0.68070	0.00226	1	1.45898	0.81042	0	
1245112	8398.36914	3304783289427	0.38258	0.05598	8398.22266	0.10645	11142	0	0.52565	0.11097	0	0.36758	0.06312	1	0.36758	0.06312	1	0.47553	0.53613	11.42624	1.06646	0	0.47568	0.53608	11.49777	1.06646	1	-0.00602	-0.01011	0.68070	0.00227	1	-0.00602	-0.01011	0.68070	0.00231	1	1.45898	0.81042	0	
1245113	8398.37598	3304783357607	0.37894	0.05978	8398.35645	0.01953	11143	1	0.52565	0.11097	0	0.36803	0.07120	1	0.36803	0.07120	1	0.47553	0.53613	11.42624	1.06646	0	0.47588	0.53616	11.02547	1.05880	1	-0.00602	-0.01011	0.68070	0.00227	1	-0.00588	-0.00990	0.67006	0.00224	1	1.45898	0.81042	0	
1245114	8398.38281	3304783424244	0.37932	0.06420	8398.35645	0.02637	11143	1	0.52565	0.11097	0	0.38080	0.08188	1	0.38080	0.08188	1	0.47553	0.53613	11.42624	1.05880	0	0.47588	0.53611	11.66750	1.05114	1	-0.00602	-0.01011	0.68070	0.00227	1	-0.00588	-0.00990	0.67006	0.00220	1	1.45898	0.81042	0	
1245115	8398.38965	3304783491527	0.37988	0.06863	8398.35645	0.03320	11143	1	0.52565	0.11097	0	0.38271	0.09075	1	0.38271	0.09075	1	0.47553	0.53613	11.42624	1.05114	0	0.47588	0.53616	11.02325	1.04348	1	-0.00602	-0.01011	0.68070	0.00227	1	-0.00588	-0.00990	0.67006	0.00224	1	1.45898	0.81042	0	
1245116	8398.39648	3304783558125	0.38029	0.07179	8398.35645	0.04004	11143	1	0.52565	0.11097	0	0.38271	0.09075	1	0.38271	0.09075	1	0.47553	0.53613	11.42624	1.04348	0	0.47606	0.53596	11.66887	1.04348	1	-0.00602	-0.01011	0.68070	0.00227	1	-0.00584	-0.01015	0.68362	0.00232	1	1.45898	0.81042	0	
1245117	8398.40332	3304783625761	0.38225	0.07251	8398.35645	0.04688	11143	1	0.52565	0.11097	0	0.39597	0.07753	1	0.39597	0.07753	1	0.47553	0.53613	11.42624	1.04348	0	0.47604	0.53613	11.31320	1.05114	1	-0.00602	-0.01011	0.68070	0.00227	1	-0.00584	-0.01015	0.68362	0.00237	1	1.45898	0.81042	0	
1245118	8398.40918	3304783691452	0.38428	0.07216	8398.35645	0.05273	11143	1	0.52565	0.11097	0	0.40053	0.06940	1	0.40053	0.06940	1	0.47553	0.53613	11.42624	1.05114	0	0.47614	0.53599	11.96004	1.05880	1	-0.00602	-0.01011	0.68070	0.00227	1	-0.00584	-0.01015	0.68362	0.00227	1	1.45898	0.81042	0	
1245119	8398.41602	3304783759301	0.39204	0.07278	8398.35645	0.05957	11143	1	0.52323	0.08725	1	0.40053	0.06940	1	0.46188	0.07832	1	0.47625	0.53599	11.77885	1.05880	1	0.73938	0.56262	11.83975	1.05880	1	-0.00584	-0.01010	0.68362	0.00224	1	0.05994	-0.01441	0.65368	0.00391	1	1.45898	0.81042	0	
1245120	8398.42285	3304783824650	0.40084	0.09040	8398.35645	0.06641	11143	1	0.49352	0.13050	1	0.48419	0.40265	1	0.48885	0.26658	1	0.47621	0.53605	11.48617	1.05880	1	0.73949	0.56290	11.54960	1.05114	1	-0.00584	-0.01010	0.68362	0.00224	1	0.05994	-0.01441	0.65368	0.00416	1	1.45898	0.81042	0	
1245121	8398.42969	3304783893196	0.39973	0.09131	8398.35645	0.07324	11143	1	0.49352	0.13050	0	0.38750	0.10132	1	0.38750	0.10132	1	0.47621	0.53605	11.48617	1.05114	0	0.47630	0.53605	11.29727	1.04348	1	-0.00584	-0.01010	0.68362	0.00224	1	0.05994	-0.01441	0.65368	0.00229	1	1.45898	0.81042	0	
1245122	8398.43652	3304783960275	0.39879	0.09208	8398.35645	0.08008	11143	1	0.49352	0.13050	0	0.38750	0.10132	1	0.38750	0.10132	1	0.47621	0.53605	11.48617	1.04348	0	0.47642	0.53610	11.52944	1.04348	1	-0.00584	-0.01010	0.68362	0.00224	1	-0.00584	-0.01005	0.68362	0.00226	1	1.45898	0.81042	0	
1245123	8398.44336	3304784028578	0.39763	0.09240	8398.35645	0.08691	11143	1	0.49352	0.13050	0	0.38258	0.09659	1	0.38258	0.09659	1	0.47621	0.53605	11.48617	1.04348	0	0.47637	0.53617	11.43875	1.05114	1	-0.00584	-0.01010	0.68362	0.00224	1	-0.00584	-0.01005	0.68362	0.00238	1	1.45898	0.81042	0	
1245124	8398.45020	3304784094478	0.39707	0.09027	8398.35645	0.09375	11143	1	0.49352	0.13050	0	0.38928	0.06046	1	0.38928	0.06046	1	0.47621	0.53605	11.48617	1.05114	0	0.47644	0.53604	11.56730	1.05880	1	-0.00584	-0.01010	0.68362	0.00224	1	-0.00584	-0.01005	0.68362	0.00229	1	1.45898	0.81042	0	
1245125	8398.45605	3304784159062	0.39657	0.08789	8398.35645	0.09961	11143	1	0.49352	0.13050	0	0.38897	0.05229	1	0.38897	0.05229	1	0.47621	0.53605	11.48617	1.05880	0	0.47656	0.53611	11.43783	1.06646	1	-0.00584	-0.01010	0.68362	0.00224	1	-0.00584	-0.01010	0.68362	0.00236	1	1.45898	0.81042	0	
1245126	8398.46289	3304784228751	0.39510	0.08982	8398.35645	0.10645	11143	1	0.49352	0.13050	0	0.37170	0.12069	1	0.37170	0.12069	1	0.47621	0.53605	11.48617	1.06646	0	0.47657	0.53614	11.38838	1.06646	1	-0.00584	-0.01010	0.68362	0.00224	1	-0.00584	-0.01010	0.68362	0.00237	1	1.45898	0.81042	0	
1245127	8398.46973	3304784295284	0.39373	0.08883	8398.35645	0.11328	11143	1	0.49352	0.13050	0	0.37045	0.07202	1	0.37045	0.07202	1	0.47621	0.53605	11.48617	1.06646	0	0.47656	0.53610	11.26816	1.06646	1	-0.00584	-0.01010	0.68362	0.00224	1	-0.00584	-0.01010	0.68362	0.00236	1	1.45898	0.81042	0	
1245128	8398.47656	3304784362330	0.39251	0.08795	8398.35645	0.12012	11143	1	0.49352	0.13050	0	0.37045	0.07202	1	0.37045	0.07202	1	0.47621	0.53605	11.48617	1.06646	0	0.47666	0.53614	11.67810	1.06646	1	-0.00584	-0.01010	0.68362	0.00224	1	-0.00584	-0.01010	0.68362	0.00237	1	1.45898	0.81042	0	
1245129	8398.48340	3304784427738	0.39240	0.08665	8398.35645	0.12695	11143	1	0.49352	0.13050	0	0.39038	0.06189	1	0.39038	0.06189	1	0.47621	0.53605	11.48617	1.06646	0	0.47669	0.53602	11.54842	1.06646	1	-0.00584	-0.01010	0.68362	0.00224	1	-0.00584	-0.01010	0.68362	0.00242	1	1.45898	0.81042	0	
1245130	8398.49023	3304784496146	0.39213	0.08524	8398.35645	0.13379	11143	1	0.49352	0.13050	0	0.38682	0.05718	1	0.38682	0.05718	1	0.47621	0.53605	11.48617	1.06646	0	0.47677	0.53604	11.49662	1.06646	1	-0.00584	-0.01010	0.68362	0.00224	1	-0.00584	-0.01010	0.68362	0.00237	1	1.45898	0.81042	0	
1245131	8398.49707	3304784562284	0.39189	0.08397	8398.35645	0.14062	11143	1	0.49352	0.13050	0	0.38682	0.05718	1	0.38682	0.05718	1	0.47621	0.53605	11.48617	1.06646	0	0.47679	0.53608	11.38347	1.06646	1	-0.00584	-0.01010	0.68362	0.00224	1	-0.00566	-0.00991	0.67443	0.00239	1	1.45898	0.81042	0	
1245132	8398.50391	3304784631525	0.39157	0.08317	8398.35645	0.14746	11143	1	0.49352	0.13050	0	0.38447	0.06551	1	0.38447	0.06551	1	0.47621	0.53605	11.48617	1.06646	0	0.47674	0.53608	11.73253	1.06646	1	-0.00584	-0.01010	0.68362	0.00224	1	-0.00566	-0.00991	0.67443	0.00242	1	1.45898	0.81042	0	
1245133	8398.51074	3304784698663	0.39148	0.08286	8398.35645	0.15430	11143	1	0.49352	0.13050	0	0.38932	0.07587	1	0.38932	0.07587	1	0.47621	0.53605	11.48617	1.06646	0	0.47683	0.53611	11.74201	1.06646	1	-0.00584	-0.01010	0.68362	0.00224	1	-0.00566	-0.00991	0.67443	0.00236	1	1.45898	0.81042	0	
1245134	8398.51660	3304784764072	0.39345	0.08352	8398.35645	0.16016	11143	1	0.49254	0.12289	1	0.38932	0.07587	1	0.44093	0.09938	1	0.47691	0.53613	11.75446	1.06646	1	0.74024	0.56240	11.98956	1.06646	1	-0.00561	-0.01000	0.68055	0.00231	1	0.06277	-0.01506	0.68285	0.00421	1	1.45898	0.81042	0	
1245135	8398.52344	3304784831226	0.39740	0.08961	8398.35645	0.16699	11143	1	0.50600	0.13144	1	0.48626	0.35229	1	0.49613	0.24186	1	0.47683	0.53611	11.74201	1.06646	1	0.74026	0.56263	12.24109	1.06646	1	-0.00561	-0.01000	0.68055	0.00236	1	0.06277	-0.01506	0.68285	0.00414	1	1.45898	0.81042	0	
1245136	8398.53027	3304784898050	0.40105	0.09365	8398.35645	0.17383	11143	1	0.50406	0.13488	1	0.48743	0.26262	1	0.49574	0.19875	1	0.47691	0.53612	11.71530	1.06646	1	0.74021	0.56223	12.14939	1.06646	1	-0.00561	-0.01000	0.68055	0.00233	1	0.06277	-0.01506	0.68285	0.00430	1	1.45898	0.81042	0	
1245137	8398.53711	3304784964788	0.40442	0.09753	8398.35645	0.18066	11143	1	0.50406	0.13488	1	0.48706	0.26937	1	0.49556	0.20213	1	0.47686	0.53614	11.60449	1.06646	1	0.74011	0.56245	12.01319	1.05880	1	-0.00556	-0.00996	0.67422	0.00232	1	0.06067	-0.01454	0.65948	0.00417	1	1.45898	0.81042	0	
1245138	8398.54395	3304785033152	0.42423	0.12141	8398.35645	0.18066	11143	0	0.49866	0.13440	1	0.46875	0.37178	1	0.48371	0.25309	1	0.47695	0.53602	11.56598	1.05880	1	0.74000	0.56251	12.11946	1.05114	1	-0.00556	-0.00996	0.67422	0.00238	1	0.06067	-0.01454	0.65948	0.00410	1	1.45898	0.81042	0	
1245139	8398.54980	3304785096626	0.45363	0.17296	8398.35645	0.18066	11143	0	0.49243	0.15077	1	0.47365	0.29826	1	0.48304	0.22451	1	0.47692	0.53601	11.66087	1.05114	1	0.74001	0.56238	11.93139	1.04348	1	-0.00556	-0.00996	0.67422	0.00230	1	0.06067	-0.01454	0.65948	0.00416	1	1.45898	0.81042	0	
1245140	8398.55664	3304785162717	0.46356	0.19250	8398.35645	0.18066	11143	0	0.49343	0.15829	1	0.47337	0.30489	1	0.48340	0.23159	1	0.47705	0.53605	11.66477	1.04348	1	0.74013	0.56306	12.36595	1.03582	1	-0.00561	-0.01000	0.68055	0.00232	1	0.06067	-0.01454	0.65948	0.00400	1	1.45898	0.81042	0	
1245141	8398.56348	3304785229229	0.48228	0.25464	8398.35645	0.18066	11143	0	0.49844	0.18772	1	0.46235	0.42790	1	0.48039	0.30781	1	0.47702	0.53599	11.66234	1.03582	1	0.73994	0.56323	12.37361	1.03582	1	-0.00561	-0.01000	0.68055	0.00234	1	0.06067	-0.01454	0.65948	0.00392	1	1.45898	0.81042	0	
1245142	8398.57031	3304785295947	0.48106	0.27026	8398.35645	0.18066	11143	0	0.49453	0.15587	1	0.46517	0.41589	1	0.47985	0.28588	1	0.47700	0.53608	11.81749	1.03582	1	0.73995	0.56311	12.29438	1.03582	1	-0.00561	-0.01000	0.68055	0.00236	1	0.06067	-0.01454	0.65948	0.00401	1	1.45898	0.81042	0	
1245143	8398.57715	3304785362756	0.48070	0.27450	8398.35645	0.18066	11143	0	0.49453	0.15587	1	0.46539	0.41008	1	0.47996	0.28298	1	0.47712	0.53613	11.61562	1.03582	1	0.74002	0.56334	12.14031	1.04348	1	-0.00561	-0.01000	0.68055	0.00236	1	0.06301	-0.01509	0.68432	0.00392	1	1.45898	0.81042	0	
1245144	8398.58398	3304785432403	0.48147	0.27240	8398.56348	0.02051	11144	1	0.50388	0.15468	1	0.46366	0.37753	1	0.48377	0.26611	1	0.47716	0.53617	11.46564	1.04348	1	0.73990	0.56320	12.34634	1.05114	1	-0.00561	-0.01000	0.68055	0.00237	1	0.06301	-0.01509	0.68432	0.00403	1	1.45898	0.81042	0	
1245145	8398.59082	3304785501578	0.48289	0.26333	8398.56348	0.02734	11144	1	0.51201	0.12715	1	0.46516	0.32698	1	0.48859	0.22707	1	0.47717	0.53607	11.53806	1.05114	1	0.73990	0.56320	12.34634	1.05880	1	-0.00561	-0.01000	0.68055	0.00234	1	0.06301	-0.01509	0.68432	0.00403	1	1.45898	0.81042	0	
1245146	8398.59668	3304785563203	0.48378	0.25612	8398.56348	0.03320	11144	1	0.51114	0.11947	1	0.46538	0.32066	1	0.48826	0.22007	1	0.47717	0.53606	11.53731	1.05880	1	0.74011	0.56327	12.93627	1.06646	1	-0.00561	-0.01000	0.68055	0.00234	1	0.06301	-0.01514	0.68432	0.00406	1	1.45898	0.81042	0	
1245147	8398.60352	3304785632955	0.48616	0.25458	8398.56348	0.04004	11144	1	0.50704	0.16080	1	0.49378	0.32981	1	0.50041	0.24531	1	0.47720	0.53601	11.71455	1.06646	1	0.74037	0.56325	12.83590	1.06646	1	-0.00561	-0.01000	0.68055	0.00233	1	0.06301	-0.01514	0.68432	0.00400	1	1.45898	0.81042	0	
1245148	8398.61035	3304785698558	0.48786	0.25545	8398.56348	0.04688	11144	1	0.51478	0.16922	1	0.48479	0.35389	1	0.49979	0.26156	1	0.47729	0.53605	11.79540	1.06646	1	0.74026	0.56317	13.02643	1.06646	1	-0.00561	-0.01000	0.68055	0.00246	1	0.06301	-0.01514	0.68432	0.00405	1	1.45898	0.81042	0	
1245149	8398.61719	3304785767428	0.48919	0.25613	8398.56348	0.05371	11144	1	0.51478	0.16922	1	0.48479	0.35389	1	0.49979	0.26156	1	0.47738	0.53604	11.74490	1.06646	1	0.74054	0.56208	12.40452	1.06646	1	-0.00561	-0.01000	0.68055	0.00253	1	0.06224	-0.01488	0.67487	0.00443	1	1.45898	0.81042	0	
1245150	8398.62402	3304785836045	0.48876	0.25438	8398.56348	0.06055	11144	1	0.49381	0.16682	1	0.47597	0.31049	1	0.48489	0.23866	1	0.47730	0.53596	11.83485	1.06646	1	0.74045	0.56256	12.47093	1.06646	1	-0.00561	-0.01000	0.68055	0.00236	1	0.06224	-0.01488	0.67487	0.00429	1	1.45898	0.81042	0	
1245151	8398.63086	3304785902447	0.48862	0.25493	8398.56348	0.06738	11144	1	0.48405	0.15443	1	0.49037	0.36648	1	0.48721	0.26045	1	0.47726	0.53589	12.00900	1.06646	1	0.74074	0.56252	11.86059	1.06646	1	-0.00561	-0.01000	0.68055	0.00233	1	0.06224	-0.01488	0.67487	0.00430	1	1.45898	0.81042	0	
1245152	8398.63770	3304785969967	0.48850	0.25539	8398.56348	0.07422	11144	1	0.48405	0.15443	1	0.49037	0.36648	1	0.48721	0.26045	1	0.47750	0.53599	11.97802	1.06646	1	0.74091	0.56261	12.03059	1.06646	1	-0.00561	-0.01000	0.68055	0.00240	1	0.06224	-0.01488	0.67487	0.00426	1	1.45898	0.81042	0	
1245153	8398.64355	3304786034227	0.48909	0.25452	8398.56348	0.08008	11144	1	0.50382	0.15861	1	0.48865	0.32934	1	0.49623	0.24398	1	0.47748	0.53600	11.98577	1.06646	1	0.74109	0.56220	11.93818	1.06646	1	-0.00561	-0.01000	0.68055	0.00240	1	0.06224	-0.01488	0.67487	0.00430	1	1.45898	0.81042	0	
1245154	8398.65039	3304786101502	0.49042	0.26121	8398.56348	0.08691	11144	1	0.52253	0.35529	1	0.49280	0.34128	1	0.50766	0.34828	1	0.47774	0.53854	12.22931	1.06646	1	0.74112	0.56232	11.74269	1.06646	1	-0.00561	-0.01000	0.68055	0.00369	1	0.06224	-0.01488	0.67487	0.00419	1	1.45898	0.81042	0	
1245155	8398.65723	3304786166842	0.49157	0.26702	8398.56348	0.09375	11144	1	0.52253	0.35529	1	0.49280	0.34128	1	0.50766	0.34828	1	0.47764	0.53587	12.26463	1.06646	1	0.74103	0.56185	11.72490	1.06646	1	-0.00544	-0.01006	0.68402	0.00234	1	0.06224	-0.01488	0.67487	0.00429	1	1.45898	0.81042	0	
1245156	8398.66406	3304786235026	0.49147	0.26462	8398.56348	0.10059	11144	1	0.50165	0.15437	1	0.47832	0.30285	1	0.48998	0.22861	1	0.47749	0.53583	12.16574	1.06646	1	0.74087	0.56193	12.02979	1.06646	1	-0.00544	-0.01006	0.68402	0.00239	1	0.06224	-0.01488	0.67487	0.00447	1	1.45898	0.81042	0	
1245157	8398.67090	3304786301697	0.49156	0.26145	8398.56348	0.10742	11144	1	0.50649	0.14966	1	0.47959	0.27179	1	0.49304	0.21073	1	0.47751	0.53589	12.14915	1.06646	1	0.74092	0.56183	12.35641	1.06646	1	-0.00544	-0.01006	0.68402	0.00238	1	0.06224	-0.01488	0.67487	0.00431	1	1.45898	0.81042	0	
1245158	8398.67773	3304786369358	0.49090	0.26202	8398.56348	0.11426	11144	1	0.50649	0.14966	0	0.47959	0.27179	1	0.47959	0.27179	1	0.47751	0.53589	12.14915	1.06646	0	0.47763	0.53575	12.10092	1.06646	1	-0.00544	-0.01006	0.68402	0.00238	1	-0.00550	-0.00998	0.67902	0.00237	1	1.45898	0.81042	0	
1245159	8398.68457	3304786439973	0.48563	0.25326	8398.56348	0.12109	11144	1	0.50649	0.14966	0	0.39085	0.09554	1	0.39085	0.09554	1	0.47751	0.53589	12.14915	1.06646	0	0.47757	0.53584	12.15902	1.06646	1	-0.00544	-0.01006	0.68402	0.00238	1	-0.00550	-0.00998	0.67902	0.00251	1	1.45898	0.81042	0	
1245160	8398.69141	3304786506653	0.48188	0.25581	8398.56348	0.12793	11144	1	0.50649	0.14966	0	0.41060	0.30426	1	0.41060	0.30426	1	0.47751	0.53589	12.14915	1.06646	0	0.47804	0.53819	11.87479	1.06646	1	-0.00544	-0.01006	0.68402	0.00238	1	-0.00550	-0.00998	0.67902	0.00384	1	1.45898	0.81042	0	
1245161	8398.69824	3304786573479	0.47848	0.25777	8398.56348	0.13477	11144	1	0.50649	0.14966	0	0.41041	0.29700	1	0.41041	0.29700	1	0.47751	0.53589	12.14915	1.06646	0	0.47747	0.53567	11.80470	1.07514	1	-0.00544	-0.01006	0.68402	0.00238	1	-0.00580	-0.01037	0.70909	0.00241	1	1.45898	0.81042	0	
1245162	8398.70410	3304786637071	0.47417	0.24797	8398.56348	0.14062	11144	1	0.50649	0.14966	0	0.38358	0.04211	1	0.38358	0.04211	1	0.47751	0.53589	12.14915	1.07514	0	0.47751	0.53552	12.02564	1.08382	1	-0.00544	-0.01006	0.68402	0.00238	1	-0.00580	-0.01037	0.70909	0.00251	1	1.45898	0.81042	0	
1245163	8398.71094	3304786704659	0.47084	0.23978	8398.56348	0.14746	11144	1	0.50649	0.14966	0	0.39769	0.05957	1	0.39769	0.05957	1	0.47751	0.53589	12.14915	1.08382	0	0.47766	0.53571	11.93845	1.09250	1	-0.00544	-0.01006	0.68402	0.00238	1	-0.00580	-0.01037	0.70909	0.00244	1	1.45898	0.81042	0	
1245164	8398.71777	3304786773775	0.44708	0.20914	8398.56348	0.14746	11144	0	0.50649	0.14966	0	0.39769	0.05957	1	0.39769	0.05957	1	0.47751	0.53589	12.14915	1.09250	0	0.47772	0.53576	12.04566	1.09250	1	-0.00544	-0.01006	0.68402	0.00238	1	-0.00536	-0.00986	0.67428	0.00245	1	1.45898	0.81042	0	
1245165	8398.72461	3304786840743	0.41909	0.13408	8398.56348	0.14746	11144	0	0.50649	0.14966	0	0.39109	0.05901	1	0.39109	0.05901	1	0.47751	0.53589	12.14915	1.09250	0	0.47766	0.53572	12.07743	1.08382	1	-0.00544	-0.01006	0.68402	0.00238	1	-0.00536	-0.00986	0.67428	0.00241	1	1.45898	0.81042	0	
1245166	8398.73145	3304786907301	0.41080	0.11436	8398.56348	0.14746	11144	0	0.50649	0.14966	0	0.39422	0.07492	1	0.39422	0.07492	1	0.47751	0.53589	12.14915	1.08382	0	0.47774	0.53577	12.04508	1.07514	1	-0.00544	-0.01006	0.68402	0.00238	1	-0.00536	-0.00986	0.67428	0.00244	1	1.45898	0.81042	0	
1245167	8398.73828	3304786974518	0.39328	0.07263	8398.56348	0.14746	11144	0	0.50649	0.14966	0	0.39452	0.08394	1	0.39452	0.08394	1	0.47751	0.53589	12.14915	1.07514	0	0.47777	0.53574	12.13680	1.06646	1	-0.00544	-0.01006	0.68402	0.00238	1	-0.00544	-0.01006	0.68402	0.00235	1	1.45898	0.81042	0	
1245168	8398.74512	3304787041475	0.38191	0.15716	8398.56348	0.14746	11144	0	0.50649	0.14966	0	0.37055	0.24168	1	0.37055	0.24168	1	0.47751	0.53589	12.14915	1.06646	0	0.47782	0.53757	11.64408	1.06646	1	-0.00544	-0.01006	0.68402	0.00238	1	-0.00544	-0.01006	0.68402	0.00395	1	1.45898	0.81042	0	
1245169	8398.75098	3304787108453	0.38324	0.13185	8398.56348	0.14746	11144	0	0.50649	0.14966	0	0.38589	0.08125	1	0.38589	0.08125	1	0.47751	0.53589	12.14915	1.06646	0	0.47784	0.53575	12.01021	1.06646	1	-0.00544	-0.01006	0.68402	0.00238	1	-0.00544	-0.01006	0.68402	0.00240	1	1.45898	0.81042	0	
1245170	8398.75781	3304787175359	0.38390	0.11920	8398.73828	0.01953	11145	1	0.50649	0.14966	0	0.38589	0.08125	1	0.38589	0.08125	1	0.47751	0.53589	12.14915	1.06646	0	0.47774	0.53732	11.53139	1.06646	1	-0.00544	-0.01006	0.68402	0.00238	1	-0.00544	-0.01006	0.68402	0.00399	1	1.45898	0.81042	0	
1245171	8398.76465	3304787242470	0.38246	0.12258	8398.73828	0.02637	11145	1	0.50649	0.14966	0	0.37671	0.13608	1	0.37671	0.13608	1	0.47751	0.53589	12.14915	1.06646	0	0.47784	0.53637	11.64541	1.06646	1	-0.00544	-0.01006	0.68402	0.00238	1	-0.00544	-0.01006	0.68402	0.00417	1	1.45898	0.81042	0	
1245172	8398.77148	3304787309679	0.40007	0.14905	8398.73828	0.03320	11145	1	0.49976	0.25310	1	0.47644	0.30965	1	0.48810	0.28138	1	0.47777	0.53703	11.64174	1.06646	1	0.74170	0.56212	12.11232	1.06646	1	-0.00544	-0.01006	0.68402	0.00410	1	-0.00544	-0.01006	0.68402	0.00410	1	1.45898	0.81042	0	
1245173	8398.77832	3304787376647	0.41265	0.16795	8398.73828	0.04004	11145	1	0.49976	0.25310	1	0.47644	0.30965	1	0.48810	0.28138	1	0.47771	0.53740	11.97993	1.06646	1	0.74160	0.56180	12.14185	1.06646	1	-0.00536	-0.00986	0.67428	0.00409	1	0.06431	-0.01533	0.69504	0.00417	1	1.45898	0.81042	0	
1245174	8398.78516	3304787442568	0.42210	0.17588	8398.73828	0.04688	11145	1	0.51043	0.20846	1	0.46610	0.25432	1	0.48826	0.23139	1	0.47799	0.53680	11.48850	1.06646	1	0.74148	0.56153	12.05105	1.06646	1	-0.00536	-0.00986	0.67428	0.00416	1	0.06431	-0.01533	0.69504	0.00416	1	1.45898	0.81042	0	
1245175	8398.79102	3304787510179	0.42699	0.19425	8398.73828	0.05273	11145	1	0.51043	0.20846	0	0.46615	0.34117	1	0.46615	0.34117	1	0.47799	0.53680	11.48850	1.06646	0	0.74154	0.56246	12.67243	1.06646	1	-0.00536	-0.00986	0.67428	0.00416	1	0.06431	-0.01533	0.69504	0.00384	1	1.45898	0.81042	0	
1245176	8398.79785	3304787577465	0.42699	0.19425	8398.73828	0.05957	11145	1	0.51043	0.20846	0	0.46615	0.34117	0	0.46615	0.34117	0	0.47799	0.53680	11.48850	1.06646	0	0.74154	0.56246	12.67243	1.06646	0	-0.00536	-0.00986	0.67428	0.00416	1	0.06431	-0.01533	0.69504	0.00384	1	1.45898	0.81042	0	
1245177	8398.80469	3304787644218	0.42699	0.19425	8398.73828	0.06641	11145	1	0.51043	0.20846	0	0.46615	0.34117	0	0.46615	0.34117	0	0.47799	0.53680	11.48850	1.06646	0	0.74154	0.56246	12.67243	1.06646	0	-0.00536	-0.00986	0.67428	0.00416	1	0.06431	-0.01533	0.69504	0.00384	1	1.45898	0.81042	0	
1245178	8398.81152	3304787711421	0.42699	0.19425	8398.73828	0.07324	11145	1	0.51043	0.20846	0	0.46615	0.34117	0	0.46615	0.34117	0	0.47799	0.53680	11.48850	1.06646	0	0.74154	0.56246	12.67243	1.06646	0	-0.00536	-0.00986	0.67428	0.00416	1	0.06431	-0.01533	0.69504	0.00384	1	1.45898	0.81042	0	
1245179	8398.81836	3304787778667	0.43121	0.20945	8398.73828	0.07324	11145	0	0.51043	0.20846	0	0.46615	0.34117	0	0.46615	0.34117	0	0.47799	0.53680	11.48850	1.06646	0	0.74154	0.56246	12.67243	1.06646	0	-0.00536	-0.00986	0.67428	0.00416	1	0.06431	-0.01533	0.69504	0.00384	1	1.45898	0.81042	0	
1245180	8398.82520	3304787845750	0.43121	0.20945	8398.73828	0.07324	11145	0	0.51043	0.20846	0	0.46615	0.34117	0	0.46615	0.34117	0	0.47799	0.53680	11.48850	1.06646	0	0.74154	0.56246	12.67243	1.06646	0	-0.00536	-0.00986	0.67428	0.00416	1	0.06431	-0.01533	0.69504	0.00384	1	1.45898	0.81042	0	
1245181	8398.83203	3304787912222	0.43121	0.20945	8398.73828	0.07324	11145	0	0.51043	0.20846	0	0.46615	0.34117	0	0.46615	0.34117	0	0.47799	0.53680	11.48850	1.06646	0	0.74154	0.56246	12.67243	1.06646	0	-0.00536	-0.00986	0.67428	0.00416	1	0.06431	-0.01533	0.69504	0.00384	1	1.45898	0.81042	0	
1245182	8398.83887	3304787979675	0.00000	0.00000	8398.73828	0.07324	11145	0	0.51043	0.20846	0	0.46615	0.34117	0	0.46615	0.34117	0	0.47799	0.53680	11.48850	1.06646	0	0.74154	0.56246	12.67243	1.06646	0	-0.00536	-0.00986	0.67428	0.00416	1	0.06431	-0.01533	0.69504	0.00384	1	1.45898	0.81042	0	
1245183	8398.84473	3304788044906	0.00000	0.00000	8398.73828	0.07324	11145	0	0.51043	0.20846	0	0.46615	0.34117	0	0.46615	0.34117	0	0.47799	0.53680	11.48850	1.06646	0	0.74154	0.56246	12.67243	1.06646	0	-0.00536	-0.00986	0.67428	0.00416	1	0.06431	-0.01533	0.69504	0.00384	1	1.45898	0.81042	0	
1245184	8398.85156	3304788113191	0.00000	0.00000	8398.73828	0.07324	11145	0	0.51043	0.20846	0	0.46615	0.34117	0	0.46615	0.34117	0	0.47799	0.53680	11.48850	1.06646	0	0.74154	0.56246	12.67243	1.06646	0	-0.00536	-0.00986	0.67428	0.00416	1	0.06431	-0.01533	0.69504	0.00384	1	1.45898	0.81042	0	
1245185	8398.85840	3304788179003	0.48829	0.27481	8398.73828	0.07324	11145	0	0.51043	0.20846	1	0.46615	0.34117	1	0.48829	0.27481	1	0.47909	0.53803	12.22967	1.06646	1	0.74189	0.56230	13.06690	1.06646	1	-0.00518	-0.00985	0.67718	0.00380	1	0.06323	-0.01504	0.68224	0.00407	1	1.45898	0.81042	0	
1245186	8398.86523	3304788243446	0.49750	0.29986	8398.73828	0.07324	11145	0	0.53858	0.26820	1	0.47483	0.38162	1	0.50670	0.32491	1	0.47878	0.53726	12.18039	1.06646	1	0.74162	0.56293	13.30599	1.06646	1	-0.00518	-0.00985	0.67718	0.00418	1	0.06323	-0.01504	0.68224	0.00408	1	1.45898	0.81042	0	
1245187	8398.87207	3304788312350	0.50217	0.30051	8398.73828	0.07324	11145	0	0.52211	0.33218	1	0.50090	0.27141	1	0.51151	0.30179	1	0.47881	0.53799	12.28743	1.06646	1	0.74200	0.56164	12.84043	1.06646	1	-0.00518	-0.00985	0.67718	0.00375	1	0.06323	-0.01504	0.68224	0.00429	1	1.45898	0.81042	0	
1245188	8398.87891	3304788381249	0.50457	0.29988	8398.85840	0.02051	11146	1	0.52211	0.33218	1	0.50142	0.26382	1	0.51177	0.29800	1	0.47891	0.53811	12.48546	1.06646	1	0.74205	0.56266	13.15643	1.07514	1	-0.00518	-0.00985	0.67718	0.00372	1	0.06475	-0.01539	0.69804	0.00382	1	1.45898	0.81042	0	
1245189	8398.88574	3304788448216	0.50134	0.29798	8398.85840	0.02734	11146	1	0.49584	0.25466	1	0.48105	0.32614	1	0.48844	0.29040	1	0.47853	0.53727	11.69817	1.07514	1	0.74215	0.56240	12.95023	1.08382	1	-0.00518	-0.00985	0.67718	0.00417	1	0.06475	-0.01539	0.69804	0.00386	1	1.45898	0.81042	0	
1245190	8398.89160	3304788513219	0.49789	0.30198	8398.85840	0.03320	11146	1	0.49779	0.31633	1	0.46345	0.32760	1	0.48062	0.32196	1	0.47857	0.53796	11.78123	1.08382	1	0.74185	0.56262	13.21706	1.09250	1	-0.00518	-0.00985	0.67718	0.00378	1	0.06475	-0.01539	0.69804	0.00383	1	1.45898	0.81042	0	
1245191	8398.89844	3304788581946	0.49535	0.30434	8398.85840	0.04004	11146	1	0.49672	0.30940	1	0.46345	0.32760	1	0.48009	0.31850	1	0.47853	0.53806	11.74151	1.09250	1	0.74190	0.56260	13.23464	1.09250	1	-0.00518	-0.00985	0.67718	0.00382	1	0.06323	-0.01504	0.68224	0.00383	1	1.45898	0.81042	0	
1245192	8398.90527	3304788649259	0.49580	0.30243	8398.85840	0.04688	11146	1	0.51172	0.32821	1	0.48626	0.24994	1	0.49899	0.28908	1	0.47871	0.53822	12.33519	1.09250	1	0.74216	0.56152	12.69779	1.08382	1	-0.00518	-0.00985	0.67718	0.00375	1	0.06323	-0.01504	0.68224	0.00423	1	1.45898	0.81042	0	
1245193	8398.91211	3304788716226	0.49539	0.30050	8398.85840	0.05371	11146	1	0.52037	0.30851	1	0.46388	0.26157	1	0.49212	0.28504	1	0.47890	0.53782	11.07010	1.08382	1	0.74220	0.56158	12.04365	1.07514	1	-0.00518	-0.00985	0.67718	0.00377	1	0.06323	-0.01504	0.68224	0.00441	1	1.45898	0.81042	0	
1245194	8398.91895	3304788783192	0.49510	0.29968	8398.85840	0.06055	11146	1	0.52129	0.31549	1	0.46365	0.26915	1	0.49247	0.29232	1	0.47905	0.53778	11.87725	1.07514	1	0.74235	0.56151	12.08199	1.06646	1	-0.00518	-0.00985	0.67718	0.00377	1	0.06378	-0.01515	0.68706	0.00429	1	1.45898	0.81042	0	
1245195	8398.92578	3304788850559	0.49574	0.30258	8398.85840	0.06738	11146	1	0.53216	0.31141	1	0.47217	0.35178	1	0.50216	0.33160	1	0.47910	0.53791	12.21734	1.06646	1	0.74240	0.56258	12.27284	1.06646	1	-0.00518	-0.00985	0.67718	0.00377	1	0.06378	-0.01515	0.68706	0.00395	1	1.45898	0.81042	0	
1245196	8398.93262	3304788917792	0.49728	0.30408	8398.85840	0.07422	11146	1	0.55233	0.37004	1	0.47619	0.27104	1	0.51426	0.32054	1	0.47932	0.53837	12.11653	1.06646	1	0.74244	0.56150	12.12300	1.06646	1	-0.00518	-0.00985	0.67718	0.00381	1	0.06378	-0.01515	0.68706	0.00446	1	1.45898	0.81042	0	
1245197	8398.93848	3304788984432	0.49859	0.30611	8398.85840	0.08008	11146	1	0.55298	0.37612	1	0.47560	0.28472	1	0.51429	0.33042	1	0.47926	0.53734	11.73270	1.05844	1	0.74239	0.56275	12.16101	1.05078	1	-0.00502	-0.00965	0.66333	0.00411	1	0.06038	-0.01433	0.64997	0.00390	1	1.45898	0.81042	0	
1245198	8398.94531	3304789048584	0.49902	0.31142	8398.85840	0.08691	11146	1	0.53746	0.32138	1	0.47172	0.43953	1	0.50459	0.38045	1	0.47945	0.53771	11.98277	1.04277	1	0.74244	0.56325	12.51593	1.03511	1	-0.00502	-0.00965	0.66333	0.00412	1	0.06038	-0.01433	0.64997	0.00402	1	1.45898	0.81042	0	
1245199	8398.95215	3304789115182	0.50044	0.31433	8398.85840	0.09375	11146	1	0.55644	0.37681	1	0.48423	0.33348	1	0.52034	0.35514	1	0.47983	0.53810	12.15604	1.02709	1	0.74258	0.56181	11.89858	1.01943	1	-0.00502	-0.00965	0.66333	0.00386	1	0.06038	-0.01433	0.64997	0.00430	1	1.45898	0.81042	0	
1245200	8398.95898	3304789181260	0.50170	0.31768	8398.85840	0.10059	11146	1	0.55771	0.38904	1	0.48349	0.34684	1	0.52060	0.36794	1	0.47903	0.53544	12.28805	1.01142	1	0.74242	0.56264	12.77738	1.00376	1	-0.00488	-0.00957	0.65783	0.00242	1	0.06038	-0.01433	0.64997	0.00410	1	1.45898	0.81042	0	
1245201	8398.96582	3304789250589	0.50294	0.32289	8398.85840	0.10742	11146	1	0.57059	0.39312	1	0.47481	0.41940	1	0.52270	0.40626	1	0.47991	0.53818	12.27910	1.00376	1	0.74251	0.56282	13.69779	1.00376	1	-0.00488	-0.00957	0.65783	0.00388	1	0.06038	-0.01433	0.64997	0.00381	1	1.45898	0.81042	0	
1245202	8398.97168	3304789316412	0.50374	0.32649	8398.85840	0.11328	11146	1	0.55110	0.31368	1	0.48375	0.46160	1	0.51743	0.38764	1	0.47970	0.53711	11.85479	1.00376	1	0.74268	0.56321	13.56737	1.00376	1	-0.00488	-0.00957	0.65783	0.00425	1	0.06038	-0.01433	0.64997	0.00389	1	1.45898	0.81042	0	
1245203	8398.97852	3304789381940	0.50446	0.32922	8398.85840	0.12012	11146	1	0.55040	0.30678	1	0.48450	0.45003	1	0.51745	0.37840	1	0.47925	0.53551	12.45818	1.01177	1	0.74265	0.56257	13.28278	1.01943	1	-0.00498	-0.00986	0.67766	0.00237	1	0.06297	-0.01493	0.67728	0.00386	1	1.45898	0.81042	0	
1245204	8398.98535	3304789449323	0.50354	0.32712	8398.85840	0.12695	11146	1	0.49107	0.16964	1	0.48081	0.40470	1	0.48594	0.28717	1	0.47917	0.53551	12.39510	1.02745	1	0.74254	0.56288	13.21139	1.03511	1	-0.00498	-0.00986	0.67766	0.00240	1	0.06297	-0.01493	0.67728	0.00409	1	1.45898	0.81042	0	
1245205	8398.99219	3304789516653	0.50292	0.32319	8398.85840	0.13379	11146	1	0.49776	0.11122	1	0.48330	0.37794	1	0.49053	0.24458	1	0.47927	0.53554	12.55069	1.04312	1	0.74257	0.56281	13.24721	1.05078	1	-0.00498	-0.00986	0.67766	0.00237	1	0.06297	-0.01493	0.67728	0.00403	1	1.45898	0.81042	0	
1245206	8398.99902	3304789585008	0.50233	0.31897	8398.85840	0.14062	11146	1	0.49578	0.09512	1	0.48400	0.36565	1	0.48989	0.23038	1	0.47934	0.53791	11.80706	1.05880	1	0.74263	0.56291	13.45333	1.06646	1	-0.00498	-0.00986	0.67766	0.00383	1	0.06349	-0.01503	0.68173	0.00395	1	1.45898	0.81042	0	
1245207	8399.00586	3304789651136	0.50177	0.31589	8398.85840	0.14746	11146	1	0.50303	0.12258	1	0.47593	0.37353	1	0.48948	0.24805	1	0.47943	0.53557	12.30103	1.06646	1	0.74248	0.56282	13.20445	1.06646	1	-0.00498	-0.00986	0.67766	0.00245	1	0.06349	-0.01503	0.68173	0.00415	1	1.45898	0.81042	0	
1245208	8399.01270	3304789720745	0.50079	0.31657	8398.85840	0.15430	11146	1	0.49826	0.31166	1	0.45842	0.35294	1	0.47834	0.33230	1	0.47931	0.53793	11.86604	1.06646	1	0.74254	0.56302	13.27848	1.06646	1	-0.00498	-0.00986	0.67766	0.00376	1	0.06349	-0.01503	0.68173	0.00408	1	1.45898	0.81042	0	
1245209	8399.01953	3304789787919	0.49989	0.31720	8398.85840	0.16113	11146	1	0.49826	0.31166	1	0.45842	0.35294	1	0.47834	0.33230	1	0.47933	0.53736	11.67103	1.06646	1	0.74235	0.56294	13.09340	1.06646	1	-0.00505	-0.01006	0.68779	0.00408	1	0.06291	-0.01495	0.67556	0.00411	1	1.45898	0.81042	0	
1245210	8399.02539	3304789852526	0.49867	0.31574	8398.85840	0.16699	11146	1	0.50451	0.22056	1	0.43186	0.33812	1	0.46819	0.27934	1	0.47948	0.53645	11.87006	1.06646	1	0.74247	0.56297	13.14092	1.06646	1	-0.00505	-0.01006	0.68779	0.00430	1	0.06291	-0.01495	0.67556	0.00417	1	1.45898	0.81042	0	
1245211	8399.03223	3304789921409	0.49747	0.31518	8398.85840	0.17383	11146	1	0.49366	0.34286	1	0.43892	0.25795	1	0.46629	0.30040	1	0.47956	0.53815	12.09263	1.06646	1	0.74257	0.56248	12.73981	1.06646	1	-0.00505	-0.01006	0.68779	0.00375	1	0.06291	-0.01495	0.67556	0.00437	1	1.45898	0.81042	0	
1245212	8399.03906	3304789988536	0.49636	0.31465	8398.85840	0.18066	11146	1	0.49366	0.34286	1	0.43892	0.25795	1	0.46629	0.30040	1	0.47972	0.53723	12.33196	1.06646	1	0.74254	0.56317	12.70748	1.06646	1	-0.00505	-0.01006	0.68779	0.00414	1	0.06349	-0.01513	0.68173	0.00422	1	1.45898	0.81042	0	
1245213	8399.04590	3304790055456	0.49536	0.31104	8398.85840	0.18750	11146	1	0.49133	0.14292	1	0.44336	0.27685	1	0.46735	0.20988	1	0.47977	0.53573	12.41319	1.06646	1	0.74265	0.56262	12.60320	1.06646	1	-0.00505	-0.01006	0.68779	0.00255	1	0.06349	-0.01513	0.68173	0.00454	1	1.45898	0.81042	0	
1245214	8399.05273	3304790122711	0.48223	0.28853	8398.85840	0.18750	11146	0	0.52005	0.34174	1	0.45740	0.29648	1	0.48872	0.31911	1	0.47996	0.53815	12.70290	1.06646	1	0.74288	0.56280	12.85611	1.06646	1	-0.00505	-0.01006	0.68779	0.00381	1	0.06349	-0.01513	0.68173	0.00414	1	1.45898	0.81042	0	
1245215	8399.05957	3304790189887	0.48544	0.30544	8398.85840	0.18750	11146	0	0.52005	0.34174	1	0.45724	0.30297	1	0.48864	0.32235	1	0.48025	0.53751	11.79904	1.06646	1	0.74343	0.56292	13.00901	1.05880	1	-0.00480	-0.01000	0.68047	0.00388	1	0.06133	-0.01461	0.65805	0.00404	1	1.45898	0.81042	0	
1245216	8399.06641	3304790256490	0.49476	0.28953	8398.85840	0.18750	11146	0	0.53729	0.23593	1	0.48950	0.27947	1	0.51340	0.25770	1	0.48034	0.53685	12.05913	1.05880	1	0.74343	0.56242	12.97391	1.05114	1	-0.00480	-0.01000	0.68047	0.00423	1	0.06133	-0.01461	0.65805	0.00429	1	1.45898	0.81042	0	
1245217	8399.07324	3304790323714	0.49309	0.27516	8399.05273	0.02051	11147	1	0.48732	0.15244	1	0.48882	0.31166	1	0.48807	0.23205	1	0.48004	0.53579	12.33729	1.05114	1	0.74339	0.56291	13.14156	1.04348	1	-0.00480	-0.01000	0.68047	0.00248	1	0.06133	-0.01461	0.65805	0.00403	1	1.45898	0.81042	0	
1245218	8399.07910	3304790390686	0.49219	0.26729	8399.05273	0.02637	11147	1	0.48835	0.15994	1	0.48882	0.31166	1	0.48858	0.23580	1	0.48030	0.53740	11.91232	1.04348	1	0.74336	0.56317	12.58986	1.04348	1	-0.00480	-0.01000	0.68047	0.00392	1	0.06339	-0.01511	0.67850	0.00405	1	1.45898	0.81042	0	
1245219	8399.08594	3304790457806	0.49050	0.28126	8399.05273	0.03320	11147	1	0.51673	0.35718	1	0.44745	0.34514	1	0.48209	0.35116	1	0.48036	0.53813	12.88474	1.04348	1	0.74318	0.56335	12.91814	1.05114	1	-0.00480	-0.01000	0.68047	0.00390	1	0.06339	-0.01511	0.67850	0.00415	1	1.45898	0.81042	0	
1245220	8399.09277	3304790524702	0.48701	0.27423	8399.05273	0.04004	11147	1	0.48846	0.12826	1	0.44366	0.33584	1	0.46606	0.23205	1	0.48025	0.53563	12.39693	1.05114	1	0.74349	0.56310	12.85515	1.05880	1	-0.00480	-0.01000	0.68047	0.00244	1	0.06339	-0.01511	0.67850	0.00407	1	1.45898	0.81042	0	
1245221	8399.09961	3304790591462	0.48433	0.26809	8399.05273	0.04688	11147	1	0.48744	0.12057	1	0.44373	0.32960	1	0.46558	0.22509	1	0.48100	0.53828	12.49183	1.05880	1	0.74401	0.56287	12.02153	1.06646	1	-0.00480	-0.01000	0.68047	0.00381	1	0.06349	-0.01519	0.67958	0.00415	1	1.45898	0.81042	0	
1245222	8399.10645	3304790658646	0.48525	0.26960	8399.05273	0.05371	11147	1	0.52157	0.23960	1	0.46356	0.32367	1	0.49256	0.28164	1	0.48089	0.53701	11.72571	1.06646	1	0.74374	0.56328	12.76275	1.06646	1	-0.00480	-0.01000	0.68047	0.00423	1	0.06349	-0.01519	0.67958	0.00405	1	1.45898	0.81042	0	
1245223	8399.11328	3304790725285	0.48553	0.27202	8399.05273	0.06055	11147	1	0.49661	0.24652	1	0.47949	0.34122	1	0.48805	0.29387	1	0.48043	0.53696	11.62669	1.06646	1	0.74399	0.56309	13.35163	1.06646	1	-0.00480	-0.01000	0.68047	0.00427	1	0.06349	-0.01519	0.67958	0.00397	1	1.45898	0.81042	0	
1245224	8399.12012	3304790791878	0.48574	0.27429	8399.05273	0.06738	11147	1	0.49661	0.24652	1	0.47918	0.34740	1	0.48790	0.29696	1	0.48100	0.53662	11.95050	1.06646	1	0.74446	0.56364	13.21494	1.05880	1	-0.00458	-0.00999	0.67939	0.00421	1	0.06153	-0.01471	0.65808	0.00388	1	1.45898	0.81042	0	
1245225	8399.12598	3304790859749	0.48718	0.27744	8399.05273	0.07324	11147	1	0.49966	0.25035	1	0.50643	0.37378	1	0.50304	0.31206	1	0.48093	0.53685	11.88748	1.05880	1	0.74445	0.56356	12.97932	1.05114	1	-0.00458	-0.00999	0.67939	0.00428	1	0.06153	-0.01471	0.65808	0.00388	1	1.45898	0.81042	0	
1245226	8399.13281	3304790927367	0.48833	0.28046	8399.05273	0.08008	11147	1	0.50610	0.26100	1	0.49793	0.37237	1	0.50202	0.31668	1	0.48092	0.53690	12.00604	1.05114	1	0.74435	0.56353	13.25182	1.04348	1	-0.00458	-0.00999	0.67939	0.00425	1	0.06153	-0.01471	0.65808	0.00386	1	1.45898	0.81042	0	
1245227	8399.13965	3304790993526	0.48934	0.28328	8399.05273	0.08691	11147	1	0.50702	0.26770	1	0.49793	0.37237	1	0.50248	0.32004	1	0.48099	0.53757	12.31907	1.04348	1	0.74433	0.56330	13.28539	1.04348	1	-0.00458	-0.00999	0.67939	0.00389	1	0.06338	-0.01514	0.67731	0.00393	1	1.45898	0.81042	0	
1245228	8399.14648	3304791060682	0.48861	0.28704	8399.05273	0.09375	11147	1	0.48680	0.33343	1	0.46996	0.34586	1	0.47838	0.33965	1	0.48099	0.53780	12.79655	1.04348	1	0.74426	0.56338	13.31958	1.05114	1	-0.00458	-0.00999	0.67939	0.00381	1	0.06338	-0.01514	0.67731	0.00394	1	1.45898	0.81042	0	
1245229	8399.15332	3304791125932	0.48814	0.29095	8399.05273	0.10059	11147	1	0.49751	0.33357	1	0.46479	0.36571	1	0.48115	0.34964	1	0.48128	0.53780	12.47947	1.05114	1	0.74423	0.56360	13.28269	1.05880	1	-0.00458	-0.00999	0.67939	0.00391	1	0.06338	-0.01514	0.67731	0.00409	1	1.45898	0.81042	0	
1245230	8399.16016	3304791194664	0.48771	0.29405	8399.05273	0.10742	11147	1	0.49654	0.32739	1	0.46501	0.35967	1	0.48077	0.34353	1	0.48129	0.53743	12.53674	1.05880	1	0.74389	0.56387	13.26190	1.06646	1	-0.00458	-0.00999	0.67939	0.00413	1	0.06327	-0.01509	0.67501	0.00409	1	1.45898	0.81042	0	
1245231	8399.16699	3304791261650	0.48603	0.29505	8399.05273	0.11426	11147	1	0.49348	0.25277	1	0.42160	0.37161	1	0.45754	0.31219	1	0.48113	0.53707	12.50617	1.06646	1	0.74388	0.56376	13.16105	1.06646	1	-0.00458	-0.00999	0.67939	0.00395	1	0.06327	-0.01509	0.67501	0.00415	1	1.45898	0.81042	0	
1245232	8399.17285	3304791328443	0.48470	0.29808	8399.05273	0.12012	11147	1	0.48660	0.32901	1	0.43506	0.37610	1	0.46083	0.35255	1	0.48113	0.53787	12.23304	1.06646	1	0.74412	0.56387	13.41118	1.06646	1	-0.00458	-0.00999	0.67939	0.00372	1	0.06327	-0.01509	0.67501	0.00419	1	1.45898	0.81042	0	
1245233	8399.17969	3304791395374	0.48351	0.30080	8399.05273	0.12695	11147	1	0.48660	0.32901	1	0.43506	0.37610	1	0.46083	0.35255	1	0.48194	0.53804	12.05574	1.06646	1	0.74427	0.56355	12.85489	1.06646	1	-0.00458	-0.00999	0.67939	0.00381	1	0.06327	-0.01509	0.67501	0.00413	1	1.45898	0.81042	0	
1245234	8399.18652	3304791462278	0.48394	0.30224	8399.05273	0.13379	11147	1	0.53119	0.26697	1	0.45366	0.39472	1	0.49243	0.33085	1	0.48186	0.53744	12.05026	1.06646	1	0.74442	0.56405	13.00974	1.06646	1	-0.00458	-0.00999	0.67939	0.00403	1	0.06327	-0.01509	0.67501	0.00408	1	1.45898	0.81042	0	
1245235	8399.19336	3304791529945	0.48374	0.32810	8399.05273	0.13379	11147	0	0.53253	0.26065	1	0.46258	0.36043	1	0.49755	0.31054	1	0.48182	0.53723	11.87033	1.06646	1	0.74450	0.56408	13.13933	1.06646	1	-0.00458	-0.00999	0.67939	0.00412	1	0.06327	-0.01509	0.67501	0.00408	1	1.45898	0.81042	0	
1245236	8399.20020	3304791596251	0.49074	0.32414	8399.05273	0.13379	11147	0	0.53331	0.26756	1	0.46218	0.37278	1	0.49774	0.32017	1	0.48186	0.53766	12.13783	1.05844	1	0.74502	0.56404	13.01612	1.05078	1	-0.00431	-0.00972	0.66136	0.00396	1	0.06183	-0.01473	0.65917	0.00402	1	1.45898	0.81042	0	
1245237	8399.20703	3304791661251	0.49749	0.32971	8399.05273	0.13379	11147	0	0.53699	0.30571	1	0.48497	0.37600	1	0.51098	0.34085	1	0.48180	0.53751	12.07293	1.04277	1	0.74497	0.56392	13.77768	1.03511	1	-0.00431	-0.00972	0.66136	0.00399	1	0.06183	-0.01473	0.65917	0.00397	1	1.45898	0.81042	0	
1245238	8399.21387	3304791729879	0.49789	0.33203	8399.19336	0.02051	11148	1	0.51075	0.25048	1	0.48745	0.42750	1	0.49910	0.33899	1	0.48183	0.53657	12.04513	1.02709	1	0.74502	0.56393	13.34526	1.01943	1	-0.00431	-0.00972	0.66136	0.00429	1	0.06183	-0.01473	0.65917	0.00395	1	1.45898	0.81042	0	
1245239	8399.21973	3304791797297	0.49819	0.33470	8399.19336	0.02637	11148	1	0.51166	0.25742	1	0.48707	0.43332	1	0.49937	0.34537	1	0.48216	0.53783	12.45354	1.01943	1	0.74495	0.56391	13.44415	1.01177	1	-0.00446	-0.01016	0.69111	0.00385	1	0.06183	-0.01478	0.65917	0.00390	1	1.45898	0.81042	0	
1245240	8399.22656	3304791864187	0.49830	0.31809	8399.19336	0.03320	11148	1	0.50690	0.10347	1	0.49082	0.36658	1	0.49886	0.23503	1	0.48184	0.53590	12.60685	1.01979	1	0.74507	0.56415	13.02994	1.01979	1	-0.00446	-0.01016	0.69111	0.00258	1	0.06183	-0.01478	0.65917	0.00403	1	1.45898	0.81042	0	
1245241	8399.23340	3304791928941	0.49902	0.30653	8399.19336	0.04004	11148	1	0.49845	0.13390	1	0.50825	0.34047	1	0.50335	0.23718	1	0.48146	0.53616	12.08229	1.02781	1	0.74497	0.56395	13.03406	1.02781	1	-0.00446	-0.01016	0.69111	0.00253	1	0.06183	-0.01478	0.65917	0.00443	1	1.45898	0.81042	0	
1245242	8399.24023	3304791998784	0.49953	0.29693	8399.19336	0.04688	11148	1	0.49742	0.12572	1	0.50881	0.33373	1	0.50311	0.22972	1	0.48063	0.54066	12.55652	1.03582	1	0.74353	0.56554	13.51349	1.03582	1	-0.00458	-0.01029	0.67939	0.00347	1	0.06074	-0.01486	0.64967	0.00362	1	1.45898	0.81042	0	
1245243	8399.24707	3304792065131	0.49590	0.30867	8399.19336	0.05371	11148	1	0.45738	0.47510	1	0.47625	0.33009	1	0.46682	0.40259	1	0.48018	0.54192	12.50817	1.03582	1	0.74325	0.56595	12.05672	1.03582	1	-0.00458	-0.01029	0.67939	0.00373	1	0.06074	-0.01486	0.64967	0.00411	1	1.45898	0.81042	0	
1245244	8399.25391	3304792132075	0.49404	0.30804	8399.19336	0.06055	11148	1	0.46464	0.17946	1	0.49008	0.42527	1	0.47736	0.30236	1	0.47996	0.53928	11.47513	1.03582	1	0.74313	0.56700	12.23294	1.03582	1	-0.00458	-0.01029	0.67939	0.00249	1	0.06074	-0.01486	0.64967	0.00418	1	1.45898	0.81042	0	
1245245	8399.26074	3304792199334	0.49250	0.30655	8399.19336	0.06738	11148	1	0.46323	0.17064	1	0.49095	0.41270	1	0.47709	0.29167	1	0.47885	0.54405	12.16389	1.04491	1	0.74124	0.56945	12.61532	1.05257	1	-0.00498	-0.01141	0.71421	0.00325	1	0.06297	-0.01605	0.67728	0.00328	1	1.45898	0.81042	0	
1245246	8399.26758	3304792266151	0.48723	0.32869	8399.19336	0.07422	11148	1	0.44761	0.56876	1	0.41078	0.57580	1	0.42919	0.57228	1	0.47907	0.54527	12.52851	1.06165	1	0.74108	0.57042	12.23539	1.06931	1	-0.00498	-0.01141	0.71421	0.00355	1	0.06297	-0.01605	0.67728	0.00343	1	1.45898	0.81042	0	
1245247	8399.27344	3304792333299	0.48146	0.34466	8399.19336	0.08008	11148	1	0.42798	0.57700	1	0.39661	0.49558	1	0.41230	0.53629	1	0.47885	0.54567	12.12141	1.07840	1	0.74090	0.57021	13.04398	1.08606	1	-0.00498	-0.01141	0.71421	0.00334	1	0.06297	-0.01605	0.67728	0.00341	1	1.45898	0.81042	0	
1245248	8399.28027	3304792399943	0.47641	0.35796	8399.19336	0.08691	11148	1	0.42488	0.56758	1	0.39654	0.49411	1	0.41071	0.53085	1	0.47899	0.54682	11.95804	1.09514	1	0.74081	0.57140	13.05274	1.08833	1	-0.00493	-0.01157	0.70758	0.00305	1	0.05973	-0.01540	0.64351	0.00301	1	1.45898	0.81042	0	
1245249	8399.28711	3304792466716	0.47046	0.37554	8399.19336	0.09375	11148	1	0.43273	0.61862	1	0.34151	0.62472	1	0.38712	0.62167	1	0.47886	0.54689	12.10495	1.08833	1	0.74074	0.57130	13.09209	1.07387	1	-0.00493	-0.01157	0.70758	0.00306	1	0.05973	-0.01540	0.64351	0.00287	1	1.45898	0.81042	0	
1245250	8399.29395	3304792534216	0.46625	0.39147	8399.19336	0.10059	11148	1	0.44364	0.64992	1	0.36273	0.61100	1	0.40318	0.63046	1	0.47901	0.54691	12.18822	1.07387	1	0.74080	0.57134	13.07210	1.05940	1	-0.00493	-0.01157	0.70758	0.00307	1	0.05973	-0.01540	0.64351	0.00292	1	1.45898	0.81042	0	
1245251	8399.30078	3304792601239	0.44797	0.43609	8399.19336	0.10059	11148	0	0.44916	0.66555	1	0.36386	0.62043	1	0.40651	0.64299	1	0.47940	0.54709	12.89174	1.04230	1	0.74076	0.57153	13.04034	1.04230	1	-0.00467	-0.01073	0.65627	0.00317	1	0.06297	-0.01625	0.67727	0.00287	1	1.45898	0.81042	0	
1245252	8399.30762	3304792668242	0.42896	0.55005	8399.19336	0.10059	11148	0	0.46520	0.68880	1	0.35472	0.63921	1	0.40996	0.66401	1	0.47925	0.54720	12.60531	1.02520	1	0.74079	0.57145	12.98033	1.03966	1	-0.00467	-0.01073	0.65627	0.00314	1	0.06297	-0.01625	0.67727	0.00289	1	1.45898	0.81042	0	
1245253	8399.31348	3304792732657	0.42173	0.59290	8399.19336	0.10059	11148	0	0.44824	0.73322	1	0.36626	0.62398	1	0.40725	0.67860	1	0.47888	0.54713	12.39741	1.02256	1	0.74074	0.57150	12.84324	1.03703	1	-0.00467	-0.01073	0.65627	0.00308	1	0.06297	-0.01625	0.67727	0.00288	1	1.45898	0.81042	0	
1245254	8399.32031	3304792802458	0.40835	0.67487	8399.19336	0.10059	11148	0	0.44872	0.73437	1	0.36693	0.62965	1	0.40782	0.68201	1	0.47851	0.54734	13.44924	1.01993	1	0.74071	0.57140	12.91966	1.02673	1	-0.00467	-0.01073	0.65627	0.00304	1	0.06038	-0.01545	0.64997	0.00290	1	1.45898	0.81042	0	
1245255	8399.32715	3304792868001	0.41234	0.67067	8399.19336	0.10059	11148	0	0.46219	0.68916	1	0.37048	0.64377	1	0.41634	0.66647	1	0.47875	0.54714	12.83007	1.02673	1	0.74075	0.57139	12.92908	1.01907	1	-0.00467	-0.01073	0.65627	0.00310	1	0.06038	-0.01545	0.64997	0.00295	1	1.45898	0.81042	0	
1245256	8399.33398	3304792936059	0.41514	0.66678	8399.19336	0.10059	11148	0	0.46317	0.70577	1	0.37830	0.61225	1	0.42073	0.65901	1	0.47882	0.54733	12.73461	1.01907	1	0.74076	0.57124	13.03247	1.01142	1	-0.00467	-0.01073	0.65627	0.00321	1	0.06038	-0.01545	0.64997	0.00287	1	1.45898	0.81042	0	
1245257	8399.34082	3304793002684	0.41653	0.66479	8399.32031	0.02051	11149	1	0.46311	0.70560	1	0.37828	0.61204	1	0.42069	0.65882	1	0.47814	0.54723	12.61927	1.01943	1	0.74079	0.57121	12.94387	1.01177	1	-0.00489	-0.01110	0.67866	0.00298	1	0.06038	-0.01545	0.64997	0.00299	1	1.45898	0.81042	0	
1245258	8399.34668	3304793065827	0.41470	0.66657	8399.32031	0.02637	11149	1	0.43025	0.71605	1	0.38451	0.63130	1	0.40738	0.67367	1	0.47821	0.54724	12.75346	1.01979	1	0.74076	0.57138	13.06098	1.01979	1	-0.00489	-0.01110	0.67866	0.00294	1	0.06038	-0.01545	0.64997	0.00299	1	1.45898	0.81042	0	
1245259	8399.35352	3304793134276	0.41395	0.66479	8399.32031	0.03320	11149	1	0.44184	0.68211	1	0.37861	0.62964	1	0.41023	0.65588	1	0.47812	0.54714	12.75679	1.02781	1	0.74074	0.57138	13.05013	1.02781	1	-0.00489	-0.01110	0.67866	0.00289	1	0.06038	-0.01545	0.64997	0.00300	1	1.45898	0.81042	0	
1245260	8399.36035	3304793199940	0.41313	0.66225	8399.32031	0.04004	11149	1	0.43869	0.67380	1	0.37769	0.62021	1	0.40819	0.64701	1	0.47800	0.54701	12.33771	1.04491	1	0.74080	0.57141	13.05644	1.04491	1	-0.00514	-0.01156	0.70711	0.00301	1	0.06038	-0.01545	0.64997	0.00301	1	1.45898	0.81042	0	
1245261	8399.36719	3304793268054	0.41094	0.66395	8399.32031	0.04688	11149	1	0.40849	0.72306	1	0.38270	0.62877	1	0.39559	0.67591	1	0.47801	0.54713	12.88387	1.05399	1	0.74075	0.57144	13.09508	1.05399	1	-0.00514	-0.01156	0.70711	0.00297	1	0.06038	-0.01545	0.64997	0.00298	1	1.45898	0.81042	0	
1245262	8399.37402	3304793334450	0.40858	0.66387	8399.32031	0.05371	11149	1	0.39856	0.69819	1	0.38092	0.62823	1	0.38974	0.66321	1	0.47787	0.54692	12.73116	1.06308	1	0.74075	0.57144	13.09508	1.06308	1	-0.00514	-0.01156	0.70711	0.00310	1	0.06038	-0.01545	0.64997	0.00297	1	1.45898	0.81042	0	
1245263	8399.38086	3304793402832	0.40658	0.66335	8399.32031	0.06055	11149	1	0.39660	0.69405	1	0.38047	0.62337	1	0.38853	0.65871	1	0.47794	0.54695	12.82978	1.07217	1	0.74084	0.57136	12.90889	1.07217	1	-0.00531	-0.01189	0.73038	0.00312	1	0.06038	-0.01545	0.64997	0.00301	1	1.45898	0.81042	0	
1245264	8399.38770	3304793468877	0.40535	0.66115	8399.32031	0.06738	11149	1	0.43761	0.69192	1	0.34864	0.58619	1	0.39313	0.63905	1	0.47804	0.54686	12.44652	1.07217	1	0.74069	0.57136	13.01512	1.07217	1	-0.00531	-0.01189	0.73038	0.00311	1	0.06038	-0.01545	0.64997	0.00291	1	1.45898	0.81042	0	
1245265	8399.39453	3304793538834	0.40423	0.65898	8399.32031	0.07422	11149	1	0.43371	0.68262	1	0.35012	0.58779	1	0.39192	0.63521	1	0.47814	0.54687	12.31371	1.07217	1	0.74069	0.57136	13.01512	1.07217	1	-0.00531	-0.01189	0.73038	0.00299	1	0.06038	-0.01545	0.64997	0.00291	1	1.45898	0.81042	0	
1245266	8399.40039	3304793602051	0.40338	0.65752	8399.32031	0.08008	11149	1	0.43539	0.68685	1	0.35082	0.59293	1	0.39310	0.63989	1	0.47800	0.54704	12.87993	1.06308	1	0.74083	0.57127	12.78341	1.06308	1	-0.00503	-0.01115	0.68498	0.00298	1	0.06038	-0.01545	0.64997	0.00295	1	1.45898	0.81042	0	
1245267	8399.40723	3304793669797	0.40429	0.65766	8399.32031	0.08691	11149	1	0.43163	0.70167	1	0.40062	0.61753	1	0.41612	0.65960	1	0.47795	0.54693	12.25544	1.05399	1	0.74093	0.57136	13.03734	1.05399	1	-0.00503	-0.01115	0.68498	0.00304	1	0.06038	-0.01545	0.64997	0.00304	1	1.45898	0.81042	0	
1245268	8399.41406	3304793739842	0.40483	0.65853	8399.32031	0.09375	11149	1	0.43189	0.70399	1	0.39291	0.63727	1	0.41240	0.67063	1	0.47794	0.54694	12.41741	1.04491	1	0.74082	0.57146	13.02981	1.04491	1	-0.00503	-0.01115	0.68498	0.00302	1	0.06038	-0.01545	0.64997	0.00302	1	1.45898	0.81042	0	
1245269	8399.42090	3304793806786	0.40537	0.65957	8399.32031	0.10059	11149	1	0.43363	0.70815	1	0.39326	0.64214	1	0.41344	0.67514	1	0.47792	0.54682	13.18865	1.03582	1	0.74068	0.57126	12.88793	1.03582	1	-0.00508	-0.01097	0.67703	0.00307	1	0.06150	-0.01577	0.66309	0.00315	1	1.45898	0.81042	0	
1245270	8399.42773	3304793873934	0.40670	0.65997	8399.32031	0.10742	11149	1	0.45316	0.72437	1	0.40298	0.60841	1	0.42807	0.66639	1	0.47793	0.54703	13.14708	1.03582	1	0.74063	0.57127	13.08879	1.03582	1	-0.00508	-0.01097	0.67703	0.00308	1	0.06150	-0.01577	0.66309	0.00312	1	1.45898	0.81042	0	
1245271	8399.43457	3304793940199	0.40827	0.66110	8399.32031	0.11426	11149	1	0.46956	0.72093	1	0.40011	0.63981	1	0.43483	0.68037	1	0.47811	0.54705	13.39910	1.03582	1	0.74067	0.57138	12.73511	1.03582	1	-0.00508	-0.01097	0.67703	0.00314	1	0.06150	-0.01577	0.66309	0.00317	1	1.45898	0.81042	0	
1245272	8399.44141	3304794007774	0.40966	0.66201	8399.32031	0.12109	11149	1	0.46956	0.72093	1	0.39986	0.63569	1	0.43471	0.67831	1	0.47802	0.54700	13.06934	1.03582	1	0.74022	0.57104	12.74281	1.04348	1	-0.00516	-0.01109	0.68750	0.00318	1	0.06266	-0.01608	0.67616	0.00324	1	1.45898	0.81042	0	
1245273	8399.44824	3304794074688	0.40900	0.66384	8399.32031	0.12793	11149	1	0.42893	0.75576	1	0.36397	0.64173	1	0.39645	0.69874	1	0.47740	0.54729	12.92780	1.04348	1	0.74006	0.57097	13.11415	1.05114	1	-0.00516	-0.01109	0.68750	0.00297	1	0.06266	-0.01608	0.67616	0.00318	1	1.45898	0.81042	0	
1245274	8399.45508	3304794141594	0.40872	0.66461	8399.32031	0.13477	11149	1	0.43783	0.71431	1	0.36837	0.64542	1	0.40310	0.67986	1	0.47716	0.54721	13.03125	1.05114	1	0.74011	0.57065	12.50627	1.05880	1	-0.00516	-0.01109	0.68750	0.00294	1	0.06266	-0.01608	0.67616	0.00330	1	1.45898	0.81042	0	
1245275	8399.46094	3304794208590	0.40842	0.66513	8399.32031	0.14062	11149	1	0.43641	0.71090	1	0.36790	0.64144	1	0.40216	0.67617	1	0.47706	0.54706	13.03524	1.05880	1	0.74008	0.57067	12.90249	1.06646	1	-0.00515	-0.01086	0.67320	0.00303	1	0.06266	-0.01608	0.67616	0.00316	1	1.45898	0.81042	0	
1245276	8399.46777	3304794275838	0.40786	0.66473	8399.32031	0.14746	11149	1	0.42609	0.69315	1	0.36510	0.61882	1	0.39559	0.65598	1	0.47706	0.54692	12.93011	1.06646	1	0.74001	0.57065	12.88401	1.06646	1	-0.00515	-0.01086	0.67320	0.00299	1	0.06266	-0.01608	0.67616	0.00315	1	1.45898	0.81042	0	
1245277	8399.47461	3304794343053	0.40864	0.66486	8399.32031	0.15430	11149	1	0.47123	0.70436	1	0.38207	0.63129	1	0.42665	0.66783	1	0.47775	0.54703	13.00037	1.06646	1	0.73996	0.57058	12.74179	1.06646	1	-0.00515	-0.01086	0.67320	0.00311	1	0.06266	-0.01608	0.67616	0.00322	1	1.45898	0.81042	0	
1245278	8399.48145	3304794408543	0.40941	0.66529	8399.32031	0.16113	11149	1	0.47246	0.70794	1	0.38316	0.64320	1	0.42781	0.67557	1	0.47705	0.54682	12.95889	1.05844	1	0.74013	0.57116	13.40822	1.04398	1	-0.00509	-0.01067	0.65888	0.00305	1	0.06000	-0.01542	0.64844	0.00307	1	1.45898	0.81042	0	
1245279	8399.48828	3304794476384	0.40982	0.66729	8399.32031	0.16797	11149	1	0.44551	0.72974	1	0.39486	0.70487	1	0.42018	0.71730	1	0.47692	0.54717	13.06185	1.03596	1	0.74010	0.57115	13.31941	1.02149	1	-0.00509	-0.01067	0.65888	0.00303	1	0.06000	-0.01542	0.64844	0.00308	1	1.45898	0.81042	0	
1245280	8399.49512	3304794542641	0.41062	0.66938	8399.32031	0.17480	11149	1	0.45120	0.73953	1	0.41150	0.70766	1	0.43135	0.72359	1	0.47692	0.54719	13.05367	1.01347	1	0.74004	0.57100	13.22258	0.99901	1	-0.00509	-0.01067	0.65888	0.00302	1	0.06000	-0.01542	0.64844	0.00309	1	1.45898	0.81042	0	
1245281	8399.50195	3304794611210	0.41141	0.67149	8399.32031	0.18164	11149	1	0.45381	0.74583	1	0.41168	0.71142	1	0.43274	0.72862	1	0.47659	0.54711	12.42674	0.99901	1	0.73984	0.57099	13.06322	0.99135	1	-0.00535	-0.01111	0.68573	0.00304	1	0.06108	-0.01566	0.66068	0.00305	1	1.45898	0.81042	0	
1245282	8399.50781	3304794677580	0.41136	0.67331	8399.32031	0.18750	11149	1	0.43564	0.73462	1	0.38431	0.71353	1	0.40998	0.72408	1	0.47657	0.54723	12.58741	0.99936	1	0.73956	0.57093	12.63721	1.00617	1	-0.00535	-0.01111	0.68573	0.00296	1	0.06108	-0.01566	0.66068	0.00297	1	1.45898	0.81042	0	
1245283	8399.51465	3304794743344	0.41159	0.67365	8399.32031	0.19434	11149	1	0.45093	0.70824	1	0.38568	0.65903	1	0.41831	0.68363	1	0.47664	0.54680	12.60435	1.01419	1	0.73946	0.57076	13.28208	1.02100	1	-0.00535	-0.01111	0.68573	0.00301	1	0.06108	-0.01566	0.66068	0.00298	1	1.45898	0.81042	0	
1245284	8399.52148	3304794807755	0.41175	0.67367	8399.32031	0.20117	11149	1	0.44827	0.70132	1	0.38462	0.64719	1	0.41645	0.67425	1	0.47653	0.54688	12.51753	1.02901	1	0.73920	0.57088	12.98985	1.04348	1	-0.00536	-0.01087	0.67428	0.00304	1	0.06289	-0.01603	0.68080	0.00295	1	1.45898	0.81042	0	
1245285	8399.52832	3304794878560	0.41141	0.67318	8399.32031	0.20801	11149	1	0.44102	0.71708	1	0.36094	0.59896	1	0.40098	0.65802	1	0.47639	0.54699	12.58751	1.04348	1	0.73922	0.57024	12.57504	1.05114	1	-0.00536	-0.01087	0.67428	0.00304	1	0.06289	-0.01603	0.68080	0.00300	1	1.45898	0.81042	0	
1245286	8399.53516	3304794945382	0.41161	0.67336	8399.32031	0.21484	11149	1	0.45521	0.70059	1	0.38035	0.65727	1	0.41778	0.67893	1	0.47630	0.54687	13.26978	1.05114	1	0.73911	0.57028	12.93886	1.05880	1	-0.00536	-0.01087	0.67428	0.00301	1	0.06289	-0.01603	0.68080	0.00293	1	1.45898	0.81042	0	
1245287	8399.54199	3304795012782	0.41177	0.67347	8399.32031	0.22168	11149	1	0.45392	0.69709	1	0.38035	0.65727	1	0.41714	0.67718	1	0.47579	0.54640	12.34201	1.05880	1	0.73871	0.57022	12.91131	1.05880	1	-0.00552	-0.01099	0.68176	0.00325	1	0.06152	-0.01572	0.66762	0.00317	1	1.45898	0.81042	0	AUDIO_FILE_OFFSET
1245288	8399.54785	3304795078410	0.41093	0.67305	8399.32031	0.22754	11149	1	0.40895	0.65303	1	0.35550	0.66467	1	0.38222	0.65885	1	0.47566	0.54643	12.36983	1.05880	1	0.73841	0.56964	12.77273	1.05114	1	-0.00552	-0.01099	0.68176	0.00319	1	0.06152	-0.01572	0.66762	0.00332	1	1.45898	0.81042	0	
1245289	8399.55469	3304795146399	0.41066	0.67193	8399.32031	0.23438	11149	1	0.44355	0.65609	1	0.35940	0.60917	1	0.40147	0.63263	1	0.47571	0.54642	12.39772	1.05114	1	0.73841	0.56964	12.77273	1.04348	1	-0.00552	-0.01099	0.68176	0.00313	1	0.06152	-0.01572	0.66762	0.00333	1	1.45898	0.81042	0	
1245290	8399.56152	3304795212378	0.41043	0.67092	8399.32031	0.24121	11149	1	0.44491	0.65992	1	0.35940	0.60917	1	0.40215	0.63454	1	0.47583	0.54659	12.41245	1.04348	1	0.73841	0.56964	12.77273	1.04348	1	-0.00552	-0.01099	0.68176	0.00306	1	0.06301	-0.01606	0.68432	0.00333	1	1.45898	0.81042	0	
1245291	8399.56836	3304795277722	0.41025	0.67031	8399.32031	0.24805	11149	1	0.44190	0.70446	1	0.36544	0.59103	1	0.40367	0.64775	1	0.47576	0.54638	12.13410	1.04348	1	0.73856	0.56967	12.86905	1.05114	1	-0.00552	-0.01099	0.68176	0.00317	1	0.06301	-0.01606	0.68432	0.00332	1	1.45898	0.81042	0	
1245292	8399.57520	3304795344844	0.41004	0.66987	8399.32031	0.25488	11149	1	0.44508	0.72067	1	0.35892	0.58614	1	0.40200	0.65341	1	0.47578	0.54665	12.67465	1.05114	1	0.73845	0.56951	12.77940	1.05880	1	-0.00552	-0.01099	0.68176	0.00307	1	0.06301	-0.01606	0.68432	0.00335	1	1.45898	0.81042	0	
1245293	8399.58203	3304795411216	0.40983	0.66942	8399.32031	0.26172	11149	1	0.44371	0.71732	1	0.35892	0.58614	1	0.40132	0.65173	1	0.47596	0.54670	12.91700	1.05880	1	0.73856	0.56983	13.00033	1.05880	1	-0.00552	-0.01099	0.68176	0.00313	1	0.06081	-0.01549	0.65992	0.00324	1	1.45898	0.81042	0	
1245445	8400.59961	3304805595519	0.44082	0.49197	8400.49316	0.10059	11152	0	0.45889	0.53215	0	0.41580	0.46279	0	0.41580	0.46279	0	0.47402	0.54180	10.64902	1.03439	0	0.73797	0.56625	12.23236	1.03439	0	-0.00593	-0.01004	0.65327	0.00338	1	0.06145	-0.01524	0.67062	0.00349	1	1.45898	0.81042	0	STOP_TRIAL
1245446	8400.60645	3304805662730	0.44082	0.49197	8400.49316	0.10059	11152	0	0.45889	0.53215	0	0.41580	0.46279	0	0.41580	0.46279	0	0.47402	0.54180	10.64902	1.03439	0	0.73797	0.56625	12.23236	1.03439	0	-0.00593	-0.01004	0.65327	0.00338	1	0.06145	-0.01524	0.67062	0.00349	1	1.45898	0.81042	0	START_TRIAL
1245447	8400.61328	3304805729642	0.44082	0.49197	8400.49316	0.10059	11152	0	0.45889	0.53215	0	0.41580	0.46279	0	0.41580	0.46279	0	0.47402	0.54180	10.64902	1.03439	0	0.73797	0.56625	12.23236	1.03439	0	-0.00593	-0.01004	0.65327	0.00338	1	0.06145	-0.01524	0.67062	0.00349	1	1.45898	0.81042	0	
1245448	8400.62012	3304805796934	0.00000	0.00000	8400.49316	0.10059	11152	0	0.45889	0.53215	0	0.41580	0.46279	0	0.41580	0.46279	0	0.47402	0.54180	10.64902	1.03439	0	0.73797	0.56625	12.23236	1.03439	0	-0.00593	-0.01004	0.65327	0.00338	1	0.06145	-0.01524	0.67062	0.00349	1	1.45898	0.81042	0	
1245449	8400.62695	3304805863951	0.00000	0.00000	8400.49316	0.10059	11152	0	0.45889	0.53215	0	0.41580	0.46279	0	0.41580	0.46279	0	0.47402	0.54180	10.64902	1.03439	0	0.73797	0.56625	12.23236	1.03439	0	-0.00593	-0.01004	0.65327	0.00338	1	0.06145	-0.01524	0.67062	0.00349	1	1.45898	0.81042	0	
1245450	8400.63379	3304805928899	0.00000	0.00000	8400.49316	0.10059	11152	0	0.45889	0.53215	0	0.41580	0.46279	0	0.41580	0.46279	0	0.47402	0.54180	10.64902	1.03439	0	0.73797	0.56625	12.23236	1.03439	0	-0.00593	-0.01004	0.65327	0.00338	1	0.06145	-0.01524	0.67062	0.00349	1	1.45898	0.81042	0	
1245451	8400.64062	3304805997570	0.44548	0.51187	8400.49316	0.10059	11152	0	0.47277	0.49342	1	0.41818	0.53033	1	0.44548	0.51187	1	0.47444	0.54200	11.37690	1.03439	1	0.73842	0.56623	12.71720	1.03439	1	-0.00593	-0.01004	0.65327	0.00364	1	0.06145	-0.01524	0.67062	0.00349	1	1.45898	0.81042	0	
1245452	8400.64746	3304806065423	0.44476	0.50627	8400.49316	0.10059	11152	0	0.47016	0.48203	1	0.41792	0.51929	1	0.44404	0.50066	1	0.47434	0.54223	11.43669	1.05150	1	0.73842	0.56620	12.08514	1.05150	1	-0.00630	-0.01091	0.70608	0.00376	1	0.06261	-0.01558	0.68326	0.00371	1	1.45898	0.81042	0	
1245453	8400.65332	3304806130802	0.44077	0.50080	8400.49316	0.10059	11152	0	0.45127	0.48402	1	0.41434	0.49570	1	0.43281	0.48986	1	0.47443	0.54187	11.41031	1.06860	1	0.73840	0.56615	12.03436	1.06860	1	-0.00630	-0.01091	0.70608	0.00378	1	0.06261	-0.01558	0.68326	0.00374	1	1.45898	0.81042	0	
1245454	8400.66016	3304806198485	0.43620	0.50035	8400.64062	0.01953	11153	1	0.43725	0.51716	1	0.40768	0.48082	1	0.42246	0.49899	1	0.47434	0.54208	11.43655	1.08570	1	0.73824	0.56606	12.35913	1.08570	1	-0.00630	-0.01091	0.70608	0.00367	1	0.06261	-0.01558	0.68326	0.00365	1	1.45898	0.81042	0	
1245455	8400.66699	3304806265436	0.43327	0.49848	8400.64062	0.02637	11153	1	0.43585	0.51224	1	0.40728	0.46981	1	0.42156	0.49103	1	0.47430	0.54221	11.49010	1.09372	1	0.73821	0.56618	12.66463	1.10240	1	-0.00605	-0.01056	0.68372	0.00371	1	0.06503	-0.01612	0.70917	0.00363	1	1.45898	0.81042	0	
1245456	8400.67383	3304806332659	0.42911	0.49801	8400.64062	0.03320	11153	1	0.41450	0.49321	1	0.40218	0.49811	1	0.40834	0.49566	1	0.47435	0.54231	11.35980	1.09331	1	0.73821	0.56632	12.72459	1.10199	1	-0.00605	-0.01056	0.68372	0.00357	1	0.06503	-0.01612	0.70917	0.00347	1	1.45898	0.81042	0	
1245457	8400.68066	3304806400895	0.42612	0.49437	8400.64062	0.04004	11153	1	0.41114	0.46457	1	0.40512	0.48049	1	0.40813	0.47253	1	0.47432	0.54199	11.27821	1.09291	1	0.73826	0.56612	12.67153	1.10159	1	-0.00605	-0.01056	0.68372	0.00374	1	0.06503	-0.01612	0.70917	0.00354	1	1.45898	0.81042	0	
1245458	8400.68750	3304806467365	0.42390	0.49234	8400.64062	0.04688	11153	1	0.41122	0.46484	1	0.40555	0.49137	1	0.40839	0.47811	1	0.47457	0.54210	12.23115	1.09250	1	0.73857	0.56614	12.63346	1.08484	1	-0.00605	-0.01056	0.68372	0.00320	1	0.06035	-0.01493	0.65707	0.00357	1	1.45898	0.81042	0	
1245459	8400.69434	3304806534492	0.42553	0.49102	8400.64062	0.05371	11153	1	0.43386	0.49373	1	0.44330	0.46716	1	0.43858	0.48044	1	0.47466	0.54189	11.66945	1.08484	1	0.73887	0.56589	12.25987	1.06850	1	-0.00605	-0.01056	0.68372	0.00338	1	0.06035	-0.01493	0.65707	0.00358	1	1.45898	0.81042	0	
1245460	8400.70020	3304806600408	0.42456	0.48952	8400.64062	0.05957	11153	1	0.42602	0.45637	1	0.40556	0.49574	1	0.41579	0.47605	1	0.47449	0.54174	11.75411	1.06850	1	0.73864	0.56598	12.53904	1.05216	1	-0.00605	-0.01056	0.68372	0.00353	1	0.06035	-0.01493	0.65707	0.00354	1	1.45898	0.81042	0	
1245461	8400.70703	3304806667368	0.42392	0.48930	8400.64062	0.06641	11153	1	0.42906	0.46750	1	0.40600	0.50663	1	0.41753	0.48707	1	0.47485	0.54157	10.79844	1.05216	1	0.73888	0.56591	12.11226	1.03582	1	-0.00593	-0.01031	0.67047	0.00348	1	0.05999	-0.01489	0.65312	0.00338	1	1.45898	0.81042	0	
1245462	8400.71387	3304806734771	0.42488	0.48883	8400.64062	0.07324	11153	1	0.45401	0.54086	1	0.41679	0.42641	1	0.43540	0.48364	1	0.47483	0.54206	10.95280	1.03582	1	0.73876	0.56550	11.89739	1.03582	1	-0.00593	-0.01031	0.67047	0.00338	1	0.05999	-0.01489	0.65312	0.00358	1	1.45898	0.81042	0	
1245463	8400.72070	3304806801589	0.42593	0.48522	8400.64062	0.08008	11153	1	0.44967	0.46353	1	0.42741	0.42036	1	0.43854	0.44195	1	0.47479	0.54160	10.72681	1.03582	1	0.73892	0.56553	11.95560	1.03582	1	-0.00593	-0.01031	0.67047	0.00348	1	0.05999	-0.01489	0.65312	0.00370	1	1.45898	0.81042	0	
1245464	8400.72754	3304806868290	0.42682	0.48169	8400.64062	0.08691	11153	1	0.44967	0.46353	1	0.42730	0.40810	1	0.43849	0.43581	1	0.47488	0.54121	10.24398	1.03582	1	0.73925	0.56603	11.38241	1.05216	1	-0.00587	-0.01038	0.67537	0.00365	1	0.06437	-0.01595	0.69961	0.00352	1	1.45898	0.81042	0	
1245465	8400.73438	3304806935430	0.42848	0.48108	8400.64062	0.09375	11153	1	0.45953	0.52332	1	0.44393	0.42170	1	0.45173	0.47251	1	0.47499	0.54244	10.73545	1.05216	1	0.73922	0.56588	11.33787	1.06850	1	-0.00587	-0.01038	0.67537	0.00370	1	0.06437	-0.01595	0.69961	0.00349	1	1.45898	0.81042	0	
1245466	8400.74121	3304807002419	0.42877	0.48015	8400.64062	0.10059	11153	1	0.47323	0.49623	1	0.39286	0.43625	1	0.43305	0.46624	1	0.47521	0.54225	11.23662	1.06850	1	0.73882	0.56624	12.04783	1.08484	1	-0.00587	-0.01038	0.67537	0.00345	1	0.06437	-0.01595	0.69961	0.00349	1	1.45898	0.81042	0	
1245467	8400.74707	3304807069431	0.42894	0.47887	8400.64062	0.10645	11153	1	0.47083	0.48574	1	0.39258	0.43089	1	0.43170	0.45831	1	0.47523	0.54221	11.36178	1.08484	1	0.73905	0.56675	12.39285	1.09250	1	-0.00587	-0.01038	0.67537	0.00335	1	0.06277	-0.01557	0.68285	0.00330	1	1.45898	0.81042	0	
1245468	8400.75391	3304807136369	0.42983	0.48083	8400.64062	0.11328	11153	1	0.46969	0.56092	1	0.42006	0.46761	1	0.44488	0.51426	1	0.47520	0.54272	11.52775	1.09250	1	0.73927	0.56641	12.04099	1.08382	1	-0.00587	-0.01038	0.67537	0.00340	1	0.06277	-0.01557	0.68285	0.00334	1	1.45898	0.81042	0	
1245469	8400.76074	3304807201638	0.43073	0.48357	8400.64062	0.12012	11153	1	0.46686	0.56371	1	0.42725	0.50194	1	0.44705	0.53283	1	0.47514	0.54269	11.42560	1.08382	1	0.73934	0.56621	11.94840	1.07514	1	-0.00587	-0.01038	0.67537	0.00345	1	0.06277	-0.01557	0.68285	0.00341	1	1.45898	0.81042	0	
1245470	8400.76758	3304807268520	0.43155	0.48588	8400.64062	0.12695	11153	1	0.46679	0.56348	1	0.42719	0.49605	1	0.44699	0.52977	1	0.47526	0.54252	11.51166	1.08423	1	0.73892	0.56645	12.61460	1.08423	1	-0.00600	-0.01071	0.69633	0.00345	1	0.06437	-0.01595	0.69961	0.00339	1	1.45898	0.81042	0	
1245471	8400.77344	3304807332379	0.43191	0.48632	8400.64062	0.13281	11153	1	0.47567	0.50741	1	0.40280	0.48306	1	0.43923	0.49524	1	0.47524	0.54222	11.36191	1.09331	1	0.73900	0.56713	12.34888	1.10199	1	-0.00600	-0.01071	0.69633	0.00358	1	0.06437	-0.01595	0.69961	0.00348	1	1.45898	0.81042	0	
1245472	8400.78027	3304807402412	0.43263	0.48634	8400.64062	0.13965	11153	1	0.46467	0.54112	1	0.43089	0.43214	1	0.44778	0.48663	1	0.47510	0.54317	11.33036	1.11108	1	0.73900	0.56669	11.58968	1.11976	1	-0.00600	-0.01071	0.69633	0.00354	1	0.06437	-0.01595	0.69961	0.00381	1	1.45898	0.81042	0	
1245473	8400.78711	3304807468753	0.43326	0.48624	8400.64062	0.14648	11153	1	0.46338	0.53611	1	0.43089	0.43214	1	0.44713	0.48412	1	0.47376	0.54280	10.75521	1.11976	1	0.73808	0.56632	11.85208	1.11976	1	-0.00605	-0.01056	0.68372	0.00351	1	0.06145	-0.01534	0.67062	0.00372	1	1.45898	0.81042	0	
1245474	8400.79395	3304807535654	0.43274	0.48472	8400.64062	0.15332	11153	1	0.43541	0.46097	1	0.40583	0.43851	1	0.42062	0.44974	1	0.47357	0.54263	10.58646	1.11067	1	0.73740	0.56637	11.85457	1.10199	1	-0.00605	-0.01056	0.68372	0.00336	1	0.06145	-0.01534	0.67062	0.00354	1	1.45898	0.81042	0	
1245475	8400.80078	3304807602349	0.43427	0.48178	8400.64062	0.16016	11153	1	0.47855	0.42354	1	0.46349	0.39866	1	0.47102	0.41110	1	0.47345	0.54205	9.97918	1.09291	1	0.73753	0.56583	11.09704	1.08423	1	-0.00605	-0.01056	0.68372	0.00371	1	0.06145	-0.01534	0.67062	0.00364	1	1.45898	0.81042	0	
1245476	8400.80762	3304807671186	0.43572	0.47955	8400.64062	0.16699	11153	1	0.48102	0.43587	1	0.46303	0.41180	1	0.47203	0.42383	1	0.46903	0.54033	9.71614	1.07514	1	0.73396	0.56618	12.28360	1.06646	1	-0.00654	-0.01052	0.68105	0.00216	1	0.06164	-0.01549	0.67937	0.00348	1	1.45898	0.81042	0	
1245477	8400.81445	3304807736583	0.42923	0.47604	8400.64062	0.17383	11153	1	0.24026	0.30076	1	0.28075	0.46870	1	0.26051	0.38473	1	0.46888	0.54035	9.78558	1.06646	1	0.73349	0.56648	12.29359	1.06646	1	-0.00654	-0.01052	0.68105	0.00231	1	0.06164	-0.01549	0.67937	0.00338	1	1.45898	0.81042	0	
1245478	8400.82031	3304807802838	0.42353	0.47307	8400.64062	0.17969	11153	1	0.24953	0.29998	1	0.28941	0.48611	1	0.26947	0.39304	1	0.46890	0.54032	9.89410	1.06646	1	0.73359	0.56658	12.26473	1.06646	1	-0.00654	-0.01052	0.68105	0.00222	1	0.06164	-0.01549	0.67937	0.00343	1	1.45898	0.81042	0	
1245479	8400.82812	3304807873225	0.41823	0.47040	8400.64062	0.18750	11153	1	0.24953	0.29998	1	0.29042	0.49115	1	0.26997	0.39557	1	0.46850	0.54037	10.03489	1.06646	1	0.73272	0.56576	11.92232	1.05880	1	-0.00667	-0.01057	0.68391	0.00230	1	0.05844	-0.01465	0.64470	0.00387	1	1.45898	0.81042	0	
1245480	8400.83496	3304807940292	0.38625	0.44796	8400.64062	0.18750	11153	0	0.23688	0.30188	1	0.24948	0.47603	1	0.24318	0.38895	1	0.46864	0.54038	10.20414	1.05880	1	0.73302	0.56634	12.20020	1.05114	1	-0.00667	-0.01057	0.68391	0.00226	1	0.05844	-0.01465	0.64470	0.00348	1	1.45898	0.81042	0	
1245481	8400.84082	3304808006980	0.31275	0.43511	8400.64062	0.18750	11153	0	0.23787	0.33457	1	0.24062	0.50993	1	0.23925	0.42225	1	0.46864	0.54034	10.00597	1.05114	1	0.73280	0.56676	12.18550	1.04348	1	-0.00667	-0.01057	0.68391	0.00223	1	0.05844	-0.01465	0.64470	0.00356	1	1.45898	0.81042	0	
1245482	8400.84766	3304808074117	0.28891	0.43270	8400.64062	0.18750	11153	0	0.24048	0.34086	1	0.24201	0.51490	1	0.24124	0.42788	1	0.46848	0.54043	9.82018	1.04348	1	0.73290	0.56677	12.25431	1.03582	1	-0.00667	-0.01057	0.68391	0.00216	1	0.05844	-0.01470	0.64470	0.00349	1	1.45898	0.81042	0	
1245483	8400.85449	3304808141500	0.24181	0.42606	8400.64062	0.18750	11153	0	0.25305	0.31421	1	0.23683	0.54190	1	0.24494	0.42806	1	0.46848	0.54016	9.62287	1.03582	1	0.73264	0.56746	11.97953	1.03582	1	-0.00667	-0.01057	0.68391	0.00231	1	0.05844	-0.01470	0.64470	0.00371	1	1.45898	0.81042	0	
1245484	8400.86133	3304808207925	0.24397	0.41547	8400.64062	0.18750	11153	0	0.24749	0.33876	1	0.24477	0.47099	1	0.24613	0.40487	1	0.46846	0.54040	9.73515	1.03582	1	0.73278	0.56632	11.99735	1.03582	1	-0.00667	-0.01057	0.68391	0.00217	1	0.05844	-0.01470	0.64470	0.00389	1	1.45898	0.81042	0	
1245485	8400.86816	3304808274818	0.24469	0.41193	8400.64062	0.18750	11153	0	0.24749	0.33876	1	0.24477	0.47099	1	0.24613	0.40487	1	0.46838	0.54049	9.86661	1.03582	1	0.73276	0.56651	11.55397	1.03582	1	-0.00672	-0.01070	0.68946	0.00212	1	0.05979	-0.01504	0.65956	0.00361	1	1.45898	0.81042	0	
1245486	8400.87500	3304808341860	0.24507	0.41289	8400.85449	0.02051	11154	1	0.24721	0.34904	1	0.24520	0.48250	1	0.24621	0.41577	1	0.46837	0.54056	9.78281	1.03582	1	0.73278	0.56641	11.62489	1.03582	1	-0.00672	-0.01070	0.68946	0.00211	1	0.05979	-0.01504	0.65956	0.00361	1	1.45898	0.81042	0	
1245487	8400.88086	3304808407329	0.24552	0.40891	8400.85449	0.02637	11154	1	0.25384	0.34059	1	0.24078	0.44536	1	0.24731	0.39297	1	0.46843	0.54060	9.29374	1.03582	1	0.73273	0.56642	11.60513	1.03582	1	-0.00672	-0.01070	0.68946	0.00214	1	0.05979	-0.01504	0.65956	0.00391	1	1.45898	0.81042	0	
1245488	8400.88770	3304808476046	0.24570	0.40580	8400.85449	0.03320	11154	1	0.25384	0.34059	1	0.23939	0.43989	1	0.24662	0.39024	1	0.46838	0.54049	9.34857	1.03582	1	0.73265	0.56589	11.49826	1.04348	1	-0.00672	-0.01070	0.68946	0.00211	1	0.06098	-0.01530	0.67318	0.00377	1	1.45898	0.81042	0	
1245489	8400.89453	3304808542443	0.24634	0.40650	8400.85449	0.04004	11154	1	0.24421	0.32731	1	0.25608	0.49411	1	0.25014	0.41071	1	0.46835	0.54042	9.73440	1.04348	1	0.73269	0.56717	11.47458	1.05114	1	-0.00672	-0.01070	0.68946	0.00213	1	0.06098	-0.01530	0.67318	0.00349	1	1.45898	0.81042	0	
1245490	8400.90137	3304808607911	0.24686	0.40534	8400.85449	0.04688	11154	1	0.24246	0.33667	1	0.25857	0.45775	1	0.25051	0.39721	1	0.46834	0.54050	9.73473	1.05114	1	0.73273	0.56631	11.52185	1.05880	1	-0.00672	-0.01070	0.68946	0.00216	1	0.06098	-0.01530	0.67318	0.00368	1	1.45898	0.81042	0	
1245491	8400.90820	3304808676793	0.24705	0.40380	8400.85449	0.05371	11154	1	0.23988	0.33040	1	0.25733	0.45249	1	0.24861	0.39145	1	0.46834	0.54060	9.48123	1.05880	1	0.73274	0.56703	12.17228	1.06646	1	-0.00672	-0.01070	0.68946	0.00219	1	0.06199	-0.01560	0.68433	0.00350	1	1.45898	0.81042	0	
1245492	8400.91504	3304808744998	0.24696	0.40770	8400.85449	0.06055	11154	1	0.23052	0.33894	1	0.26178	0.54677	1	0.24615	0.44286	1	0.46826	0.54064	9.32412	1.06646	1	0.73281	0.56714	11.66244	1.06646	1	-0.00672	-0.01070	0.68946	0.00208	1	0.06199	-0.01560	0.68433	0.00344	1	1.45898	0.81042	0	
1245493	8400.92188	3304808811109	0.24682	0.41051	8400.85449	0.06738	11154	1	0.23639	0.33756	1	0.25430	0.53973	1	0.24535	0.43864	1	0.46833	0.54076	9.27413	1.06646	1	0.73269	0.56727	11.82902	1.06646	1	-0.00672	-0.01070	0.68946	0.00213	1	0.06199	-0.01560	0.68433	0.00344	1	1.45898	0.81042	0	
1245494	8400.92773	3304808876905	0.24696	0.41370	8400.85449	0.07324	11154	1	0.23909	0.34402	1	0.25800	0.55339	1	0.24855	0.44871	1	0.46815	0.54080	9.41577	1.05844	1	0.73271	0.56736	11.59588	1.04398	1	-0.00648	-0.01024	0.65949	0.00217	1	0.05722	-0.01440	0.63175	0.00354	1	1.45898	0.81042	0	
1245495	8400.93457	3304808944967	0.24738	0.41975	8400.85449	0.08008	11154	1	0.24151	0.37745	1	0.26341	0.60739	1	0.25246	0.49242	1	0.46827	0.54073	9.60577	1.03596	1	0.73273	0.56764	11.46766	1.02149	1	-0.00648	-0.01024	0.65949	0.00207	1	0.05722	-0.01440	0.63175	0.00373	1	1.45898	0.81042	0	
1245496	8400.94141	3304809012685	0.24860	0.42230	8400.85449	0.08691	11154	1	0.25570	0.35993	1	0.27308	0.55096	1	0.26439	0.45545	1	0.46837	0.54062	9.46691	1.01347	1	0.73283	0.56698	11.46719	0.99901	1	-0.00648	-0.01024	0.65949	0.00213	1	0.05722	-0.01440	0.63175	0.00376	1	1.45898	0.81042	0	
1245497	8400.94824	3304809080255	0.24989	0.42522	8400.85449	0.09375	11154	1	0.26061	0.37185	1	0.27536	0.56020	1	0.26799	0.46603	1	0.46843	0.54064	9.27703	0.99901	1	0.73270	0.56720	11.79569	0.98454	1	-0.00672	-0.01081	0.68946	0.00215	1	0.05874	-0.01474	0.64854	0.00365	1	1.45898	0.81042	0	
1245498	8400.95508	3304809146325	0.25080	0.43035	8400.85449	0.10059	11154	1	0.26154	0.40687	1	0.26725	0.60773	1	0.26440	0.50730	1	0.46837	0.54073	9.36713	0.99256	1	0.73267	0.56744	11.63952	0.99256	1	-0.00672	-0.01081	0.68946	0.00206	1	0.05874	-0.01474	0.64854	0.00355	1	1.45898	0.81042	0	
1245499	8400.96191	3304809212670	0.25061	0.43482	8400.85449	0.10742	11154	1	0.25844	0.39212	1	0.23675	0.62071	1	0.24759	0.50641	1	0.46835	0.54073	9.29684	1.00057	1	0.73257	0.56761	11.94428	1.00057	1	-0.00672	-0.01081	0.68946	0.00207	1	0.05874	-0.01474	0.64854	0.00366	1	1.45898	0.81042	0	
1245500	8400.96875	3304809280124	0.25032	0.43849	8400.85449	0.11426	11154	1	0.25569	0.38569	1	0.23520	0.61616	1	0.24544	0.50092	1	0.46835	0.54063	9.50911	1.00859	1	0.73254	0.56755	11.64676	1.00859	1	-0.00672	-0.01070	0.68946	0.00206	1	0.05874	-0.01474	0.64854	0.00370	1	1.45898	0.81042	0	
1245501	8400.97559	3304809347248	0.25038	0.44080	8400.85449	0.12109	11154	1	0.25683	0.38383	1	0.24611	0.58087	1	0.25147	0.48235	1	0.46834	0.54064	9.32336	1.00859	1	0.73266	0.56722	11.51849	1.00859	1	-0.00672	-0.01070	0.68946	0.00206	1	0.05874	-0.01474	0.64854	0.00359	1	1.45898	0.81042	0	
1245502	8400.98145	3304809413551	0.25042	0.44167	8400.85449	0.12695	11154	1	0.25786	0.37152	1	0.24427	0.54480	1	0.25106	0.45816	1	0.46841	0.54065	9.24258	1.00859	1	0.73268	0.56681	11.60493	1.00859	1	-0.00672	-0.01070	0.68946	0.00204	1	0.05874	-0.01474	0.64854	0.00357	1	1.45898	0.81042	0	
1245503	8400.98828	3304809480660	0.25294	0.47127	8400.85449	0.12695	11154	0	0.25786	0.37152	1	0.24302	0.54046	1	0.25044	0.45599	1	0.46830	0.54069	9.37704	1.00859	1	0.73290	0.56730	11.11863	1.01540	1	-0.00667	-0.01067	0.68391	0.00204	1	0.05844	-0.01465	0.64470	0.00382	1	1.45898	0.81042	0	
1245504	8400.99512	3304809547760	0.25938	0.46606	8400.85449	0.12695	11154	0	0.24578	0.38898	1	0.28586	0.53271	1	0.26582	0.46084	1	0.46827	0.54075	9.33559	1.01540	1	0.73300	0.56689	10.88782	1.02221	1	-0.00667	-0.01067	0.68391	0.00208	1	0.05844	-0.01465	0.64470	0.00353	1	1.45898	0.81042	0	
1245505	8401.00195	3304809614119	0.26125	0.47245	8400.85449	0.12695	11154	0	0.25028	0.38733	1	0.27971	0.58317	1	0.26500	0.48525	1	0.46825	0.54085	9.10312	1.02221	1	0.73295	0.56737	11.06894	1.02901	1	-0.00667	-0.01067	0.68391	0.00202	1	0.05844	-0.01465	0.64470	0.00359	1	1.45898	0.81042	0	
1245506	8401.00879	3304809682121	0.26177	0.47448	8400.98828	0.02051	11155	1	0.24796	0.38195	1	0.27871	0.57915	1	0.26334	0.48055	1	0.46830	0.54083	9.16332	1.02901	1	0.73276	0.56700	11.27464	1.03582	1	-0.00667	-0.01067	0.68391	0.00197	1	0.05844	-0.01470	0.64470	0.00346	1	1.45898	0.81042	0	
1245507	8401.01562	3304809749060	0.25969	0.47360	8400.98828	0.02734	11155	1	0.23924	0.36739	1	0.26347	0.57278	1	0.25136	0.47009	1	0.46823	0.54071	9.21501	1.03582	1	0.73272	0.56720	11.26508	1.03582	1	-0.00667	-0.01067	0.68391	0.00208	1	0.05844	-0.01470	0.64470	0.00364	1	1.45898	0.81042	0	
1245508	8401.02246	3304809815988	0.25815	0.47114	8400.98828	0.03418	11155	1	0.24257	0.37498	1	0.25838	0.54268	1	0.25048	0.45883	1	0.46830	0.54076	9.26066	1.03582	1	0.73267	0.56720	11.50806	1.03582	1	-0.00667	-0.01067	0.68391	0.00212	1	0.05844	-0.01470	0.64470	0.00347	1	1.45898	0.81042	0	
1245509	8401.02832	3304809882073	0.25735	0.47019	8400.98828	0.04004	11155	1	0.24532	0.38134	1	0.25971	0.54768	1	0.25252	0.46451	1	0.46828	0.54094	9.62478	1.02781	1	0.73272	0.56732	11.19334	1.02781	1	-0.00658	-0.01046	0.67020	0.00207	1	0.05844	-0.01475	0.64470	0.00366	1	1.45898	0.81042	0	
1245510	8401.03516	3304809949764	0.25746	0.46877	8400.98828	0.04688	11155	1	0.24580	0.37320	1	0.27069	0.54447	1	0.25825	0.45883	1	0.46830	0.54070	9.37485	1.01979	1	0.73277	0.56711	11.09936	1.01979	1	-0.00658	-0.01046	0.67020	0.00205	1	0.05844	-0.01475	0.64470	0.00378	1	1.45898	0.81042	0	
1245511	8401.04199	3304810016490	0.25888	0.46720	8400.98828	0.05371	11155	1	0.24983	0.39645	1	0.29055	0.51278	1	0.27019	0.45461	1	0.46817	0.54089	9.76721	1.01177	1	0.73311	0.56691	10.33615	1.01177	1	-0.00658	-0.01046	0.67020	0.00200	1	0.05844	-0.01475	0.64470	0.00368	1	1.45898	0.81042	0	
1245512	8401.04883	3304810083466	0.26015	0.46627	8400.98828	0.06055	11155	1	0.25260	0.40278	1	0.29060	0.51302	1	0.27160	0.45790	1	0.46828	0.54077	9.19152	1.00376	1	0.73295	0.56732	10.61895	1.01142	1	-0.00658	-0.01046	0.67020	0.00197	1	0.06098	-0.01540	0.67318	0.00366	1	1.45898	0.81042	0	
1245513	8401.05566	3304810150316	0.25980	0.46853	8400.98828	0.06738	11155	1	0.24984	0.40406	1	0.26286	0.57825	1	0.25635	0.49116	1	0.46822	0.54094	8.87900	1.01142	1	0.73267	0.56728	11.47482	1.01907	1	-0.00658	-0.01046	0.67020	0.00207	1	0.06098	-0.01540	0.67318	0.00369	1	1.45898	0.81042	0	
1245514	8401.06250	3304810217660	0.25975	0.46459	8400.98828	0.07422	11155	1	0.25361	0.36435	1	0.26474	0.47813	1	0.25917	0.42124	1	0.46829	0.54065	9.22566	1.01907	1	0.73269	0.56667	10.99418	1.02673	1	-0.00658	-0.01046	0.67020	0.00209	1	0.06098	-0.01540	0.67318	0.00378	1	1.45898	0.81042	0	
1245515	8401.06934	3304810284201	0.25965	0.46120	8400.98828	0.08105	11155	1	0.25102	0.35810	1	0.26583	0.48283	1	0.25842	0.42046	1	0.46815	0.54065	9.50350	1.02673	1	0.73275	0.56735	11.49379	1.01993	1	-0.00658	-0.01035	0.67020	0.00210	1	0.05874	-0.01474	0.64854	0.00356	1	1.45898	0.81042	0	
1245516	8401.07520	3304810351280	0.25931	0.46080	8400.98828	0.08691	11155	1	0.25295	0.36895	1	0.25677	0.54233	1	0.25486	0.45564	1	0.46830	0.54065	9.11752	1.01993	1	0.73258	0.56685	11.18960	1.00546	1	-0.00658	-0.01035	0.67020	0.00209	1	0.05874	-0.01474	0.64854	0.00395	1	1.45898	0.81042	0	
1245517	8401.08203	3304810418218	0.25919	0.46348	8400.98828	0.09375	11155	1	0.25310	0.40887	1	0.26203	0.59308	1	0.25756	0.50098	1	0.46822	0.54073	9.29259	1.00546	1	0.73263	0.56724	11.34522	0.99099	1	-0.00658	-0.01035	0.67020	0.00212	1	0.05874	-0.01474	0.64854	0.00381	1	1.45898	0.81042	0	
1245518	8401.08887	3304810485597	0.25925	0.46617	8400.98828	0.10059	11155	1	0.25811	0.42017	1	0.26203	0.59308	1	0.26007	0.50663	1	0.46817	0.54065	9.18316	0.99099	1	0.73264	0.56728	11.57413	0.99099	1	-0.00648	-0.01024	0.65949	0.00215	1	0.06005	-0.01514	0.66408	0.00372	1	1.45898	0.81042	0	
1245519	8401.09570	3304810552071	0.25889	0.46836	8400.98828	0.10742	11155	1	0.24589	0.40403	1	0.26064	0.60272	1	0.25326	0.50338	1	0.46815	0.54067	9.65300	0.99099	1	0.73258	0.56707	11.55562	1.00546	1	-0.00648	-0.01024	0.65949	0.00210	1	0.06005	-0.01514	0.66408	0.00384	1	1.45898	0.81042	0	
1245520	8401.10254	3304810619457	0.25834	0.47078	8400.98828	0.11426	11155	1	0.23790	0.37374	1	0.25990	0.65005	1	0.24890	0.51189	1	0.46798	0.54058	9.07941	1.00546	1	0.73264	0.56762	11.77702	1.01993	1	-0.00648	-0.01024	0.65949	0.00204	1	0.06005	-0.01514	0.66408	0.00371	1	1.45898	0.81042	0	
1245521	8401.10938	3304810685829	0.25753	0.47215	8400.98828	0.12109	11155	1	0.22989	0.35533	1	0.25613	0.63815	1	0.24301	0.49674	1	0.46784	0.54076	9.03799	1.02794	1	0.73276	0.56742	11.55903	1.04241	1	-0.00672	-0.01059	0.67854	0.00210	1	0.06005	-0.01509	0.66408	0.00367	1	1.45898	0.81042	0	
1245522	8401.11621	3304810753364	0.25713	0.47117	8400.98828	0.12793	11155	1	0.23841	0.37815	1	0.26039	0.52709	1	0.24940	0.45262	1	0.46826	0.54087	9.29222	1.05043	1	0.73279	0.56689	11.00653	1.05043	1	-0.00672	-0.01059	0.67854	0.00198	1	0.06005	-0.01509	0.66408	0.00349	1	1.45898	0.81042	0	
1245523	8401.12207	3304810820460	0.25415	0.47088	8400.98828	0.13379	11155	1	0.19026	0.33494	1	0.19896	0.59520	1	0.19461	0.46507	1	0.46841	0.54062	8.77516	1.05844	1	0.73263	0.56782	11.86138	1.05844	1	-0.00672	-0.01059	0.67854	0.00186	1	0.06005	-0.01509	0.66408	0.00384	1	1.45898	0.81042	0	
1245524	8401.12891	3304810887520	0.25156	0.47633	8400.98828	0.14062	11155	1	0.19026	0.33494	0	0.19721	0.59073	1	0.19721	0.59073	1	0.46841	0.54062	8.77516	1.06646	0	0.73698	0.56728	10.58701	1.06646	1	-0.00672	-0.01059	0.67854	0.00186	1	0.06221	-0.01553	0.68121	0.00350	1	1.45898	0.81042	0	
1245525	8401.13574	3304810953861	0.25156	0.47633	8400.98828	0.14746	11155	1	0.19026	0.33494	0	0.19721	0.59073	0	0.19721	0.59073	0	0.46841	0.54062	8.77516	1.06646	0	0.73698	0.56728	10.58701	1.06646	0	-0.00672	-0.01059	0.67854	0.00186	1	0.06221	-0.01553	0.68121	0.00350	1	1.45898	0.81042	0	
1245526	8401.14258	3304811021226	0.25156	0.47633	8400.98828	0.15430	11155	1	0.19026	0.33494	0	0.19721	0.59073	0	0.19721	0.59073	0	0.46841	0.54062	8.77516	1.06646	0	0.73698	0.56728	10.58701	1.06646	0	-0.00672	-0.01059	0.67854	0.00186	1	0.06221	-0.01553	0.68121	0.00350	1	1.45898	0.81042	0	
1245527	8401.14941	3304811088002	0.25156	0.47633	8400.98828	0.16113	11155	1	0.19026	0.33494	0	0.19721	0.59073	0	0.19721	0.59073	0	0.46841	0.54062	8.77516	1.06646	0	0.73698	0.56728	10.58701	1.06646	0	-0.00672	-0.01059	0.67854	0.00186	1	0.06221	-0.01553	0.68121	0.00350	1	1.45898	0.81042	0	
1245528	8401.15625	3304811155111	0.26237	0.47694	8400.98828	0.16797	11155	1	0.19026	0.33494	0	0.50008	0.49044	1	0.50008	0.49044	1	0.46841	0.54062	8.77516	1.06646	0	0.74321	0.56720	10.60881	1.06646	1	-0.00672	-0.01059	0.67854	0.00186	1	0.06221	-0.01553	0.68121	0.00376	1	1.45898	0.81042	0	
1245529	8401.16309	3304811222696	0.26237	0.47694	8400.98828	0.17480	11155	1	0.19026	0.33494	0	0.50008	0.49044	0	0.50008	0.49044	0	0.46841	0.54062	8.77516	1.06646	0	0.74321	0.56720	10.60881	1.06646	0	-0.00672	-0.01059	0.67854	0.00186	1	0.06221	-0.01553	0.68121	0.00376	1	1.45898	0.81042	0	
1245530	8401.16895	3304811285291	0.26237	0.47694	8400.98828	0.18066	11155	1	0.19026	0.33494	0	0.50008	0.49044	0	0.50008	0.49044	0	0.46841	0.54062	8.77516	1.06646	0	0.74321	0.56720	10.60881	1.06646	0	-0.00672	-0.01059	0.67854	0.00186	1	0.06221	-0.01553	0.68121	0.00376	1	1.45898	0.81042	0	
1245531	8401.17578	3304811352787	0.26237	0.47694	8400.98828	0.18750	11155	1	0.19026	0.33494	0	0.50008	0.49044	0	0.50008	0.49044	0	0.46841	0.54062	8.77516	1.06646	0	0.74321	0.56720	10.60881	1.06646	0	-0.00672	-0.01059	0.67854	0.00186	1	0.06221	-0.01553	0.68121	0.00376	1	1.45898	0.81042	0	
1245532	8401.18262	3304811422277	0.26471	0.48465	8400.98828	0.18750	11155	0	0.19026	0.33494	0	0.50008	0.49044	0	0.50008	0.49044	0	0.46841	0.54062	8.77516	1.06646	0	0.74321	0.56720	10.60881	1.06646	0	-0.00672	-0.01059	0.67854	0.00186	1	0.06221	-0.01553	0.68121	0.00376	1	1.45898	0.81042	0	
1245533	8401.18945	3304811488698	0.26471	0.48465	8400.98828	0.18750	11155	0	0.19026	0.33494	0	0.50008	0.49044	0	0.50008	0.49044	0	0.46841	0.54062	8.77516	1.06646	0	0.74321	0.56720	10.60881	1.06646	0	-0.00672	-0.01059	0.67854	0.00186	1	0.06221	-0.01553	0.68121	0.00376	1	1.45898	0.81042	0	
1245534	8401.19629	3304811554085	0.26471	0.48465	8400.98828	0.18750	11155	0	0.19026	0.33494	0	0.50008	0.49044	0	0.50008	0.49044	0	0.46841	0.54062	8.77516	1.06646	0	0.74321	0.56720	10.60881	1.06646	0	-0.00672	-0.01059	0.67854	0.00186	1	0.06221	-0.01553	0.68121	0.00376	1	1.45898	0.81042	0	
1245535	8401.20312	3304811623012	0.00000	0.00000	8400.98828	0.18750	11155	0	0.19026	0.33494	0	0.50008	0.49044	0	0.50008	0.49044	0	0.46841	0.54062	8.77516	1.06646	0	0.74321	0.56720	10.60881	1.06646	0	-0.00672	-0.01059	0.67854	0.00186	1	0.06221	-0.01553	0.68121	0.00376	1	1.45898	0.81042	0	
1245536	8401.20898	3304811688002	0.00000	0.00000	8400.98828	0.18750	11155	0	0.19026	0.33494	0	0.50008	0.49044	0	0.50008	0.49044	0	0.46841	0.54062	8.77516	1.06646	0	0.74321	0.56720	10.60881	1.06646	0	-0.00672	-0.01059	0.67854	0.00186	1	0.06221	-0.01553	0.68121	0.00376	1	1.45898	0.81042	0	
1245537	8401.21582	3304811754891	0.00000	0.00000	8400.98828	0.18750	11155	0	0.19026	0.33494	0	0.50008	0.49044	0	0.50008	0.49044	0	0.46841	0.54062	8.77516	1.06646	0	0.74321	0.56720	10.60881	1.06646	0	-0.00672	-0.01059	0.67854	0.00186	1	0.06221	-0.01553	0.68121	0.00376	1	1.45898	0.81042	0	
1245538	8401.22266	3304811820775	0.64955	0.55718	8400.98828	0.18750	11155	0	0.68052	0.48247	1	0.61858	0.63189	1	0.64955	0.55718	1	0.48360	0.54297	10.42074	1.06646	1	0.74644	0.56883	10.45407	1.06646	1	-0.00672	-0.01059	0.67854	0.00337	1	0.06221	-0.01553	0.68121	0.00340	1	1.45898	0.81042	0	
1245539	8401.22949	3304811891858	0.64923	0.55822	8400.98828	0.18750	11155	0	0.68052	0.48247	1	0.61729	0.63604	1	0.64891	0.55926	1	0.48360	0.54291	10.40414	1.06646	1	0.74639	0.56891	11.03013	1.05880	1	-0.00458	-0.01050	0.67940	0.00338	1	0.06074	-0.01496	0.64967	0.00335	1	1.45898	0.81042	0	
1245540	8401.23633	3304811958978	0.64814	0.54673	8400.98828	0.18750	11155	0	0.68048	0.42805	1	0.61145	0.61945	1	0.64596	0.52375	1	0.48370	0.54273	10.14942	1.05880	1	0.74637	0.56854	11.12093	1.05114	1	-0.00458	-0.01050	0.67940	0.00343	1	0.06074	-0.01496	0.64967	0.00335	1	1.45898	0.81042	0	
1245541	8401.24316	3304812026216	0.65193	0.54995	8401.22266	0.02051	11156	1	0.70961	0.48055	1	0.61696	0.63871	1	0.66328	0.55963	1	0.48370	0.54282	10.32141	1.05114	1	0.74647	0.56870	10.60707	1.04348	1	-0.00458	-0.01050	0.67940	0.00345	1	0.06074	-0.01496	0.64967	0.00333	1	1.45898	0.81042	0	
1245542	8401.25000	3304812093181	0.65398	0.55336	8401.22266	0.02734	11156	1	0.70881	0.49085	1	0.61559	0.64309	1	0.66220	0.56697	1	0.48376	0.54273	9.99639	1.03547	1	0.74645	0.56867	11.15974	1.03547	1	-0.00429	-0.00976	0.62857	0.00348	1	0.06349	-0.01570	0.67958	0.00334	1	1.45898	0.81042	0	
1245543	8401.25684	3304812159898	0.65367	0.55290	8401.22266	0.03418	11156	1	0.68362	0.45633	1	0.62056	0.64488	1	0.65209	0.55060	1	0.48331	0.54225	10.32645	1.02745	1	0.74653	0.56883	11.03044	1.03511	1	-0.00429	-0.00976	0.62857	0.00373	1	0.06349	-0.01570	0.67958	0.00332	1	1.45898	0.81042	0	
1245544	8401.26367	3304812227798	0.65413	0.55504	8401.22266	0.04102	11156	1	0.69620	0.51887	1	0.61762	0.61688	1	0.65691	0.56788	1	0.48345	0.54312	10.28804	1.02709	1	0.74649	0.56850	10.19572	1.03475	1	-0.00429	-0.00976	0.62857	0.00338	1	0.06349	-0.01570	0.67958	0.00351	1	1.45898	0.81042	0	
1245545	8401.26953	3304812293661	0.65450	0.55634	8401.22266	0.04688	11156	1	0.69651	0.51400	1	0.61762	0.61688	1	0.65706	0.56544	1	0.48299	0.54278	9.62672	1.03475	1	0.74641	0.56844	10.08830	1.03475	1	-0.00468	-0.01053	0.67855	0.00355	1	0.06074	-0.01496	0.64967	0.00343	1	1.45898	0.81042	0	
1245546	8401.27637	3304812361047	0.65400	0.56002	8401.22266	0.05371	11156	1	0.67868	0.51347	1	0.62134	0.66552	1	0.65001	0.58949	1	0.48318	0.54302	10.22729	1.04277	1	0.74661	0.56901	10.77021	1.03511	1	-0.00468	-0.01053	0.67855	0.00350	1	0.06074	-0.01496	0.64967	0.00344	1	1.45898	0.81042	0	
1245547	8401.28320	3304812427855	0.65428	0.56479	8401.22266	0.06055	11156	1	0.69231	0.53413	1	0.62129	0.68125	1	0.65680	0.60769	1	0.48345	0.54329	10.72479	1.04312	1	0.74661	0.56937	10.95559	1.03547	1	-0.00468	-0.01053	0.67855	0.00361	1	0.06074	-0.01496	0.64967	0.00362	1	1.45898	0.81042	0	
1245548	8401.29004	3304812494721	0.65443	0.56908	8401.22266	0.06738	11156	1	0.69202	0.53882	1	0.61994	0.68516	1	0.65598	0.61199	1	0.48348	0.54267	10.36938	1.03547	1	0.74626	0.56902	10.63691	1.02781	1	-0.00465	-0.01035	0.66641	0.00373	1	0.06074	-0.01496	0.64967	0.00350	1	1.45898	0.81042	0	
1245549	8401.29688	3304812562527	0.65324	0.56978	8401.22266	0.07422	11156	1	0.67698	0.51784	1	0.60331	0.63708	1	0.64015	0.57746	1	0.48321	0.54283	10.38470	1.01979	1	0.74628	0.56856	10.67508	1.01979	1	-0.00465	-0.01035	0.66641	0.00348	1	0.06074	-0.01496	0.64967	0.00369	1	1.45898	0.81042	0	
1245550	8401.30371	3304812630255	0.65191	0.57251	8401.22266	0.08105	11156	1	0.66492	0.54314	1	0.60685	0.66736	1	0.63589	0.60525	1	0.48295	0.54307	10.26121	1.01177	1	0.74642	0.56882	10.37216	1.01177	1	-0.00465	-0.01035	0.66641	0.00352	1	0.06074	-0.01496	0.64967	0.00355	1	1.45898	0.81042	0	
1245551	8401.31055	3304812696528	0.65076	0.57485	8401.22266	0.08789	11156	1	0.66492	0.54314	1	0.60685	0.66736	1	0.63589	0.60525	1	0.48299	0.54292	9.96144	1.01177	1	0.74639	0.56888	10.40701	1.01177	1	-0.00473	-0.01047	0.67128	0.00359	1	0.06074	-0.01501	0.64967	0.00349	1	1.45898	0.81042	0	
1245552	8401.31641	3304812762938	0.65020	0.57662	8401.22266	0.09375	11156	1	0.68737	0.52408	1	0.59713	0.67887	1	0.64225	0.60148	1	0.48297	0.54292	9.97295	1.01979	1	0.74631	0.56868	10.11415	1.01979	1	-0.00473	-0.01047	0.67128	0.00355	1	0.06074	-0.01501	0.64967	0.00352	1	1.45898	0.81042	0	
1245553	8401.32324	3304812829814	0.65069	0.57893	8401.22266	0.10059	11156	1	0.68736	0.52389	1	0.62892	0.70318	1	0.65814	0.61354	1	0.48294	0.54302	10.19360	1.02781	1	0.74639	0.56899	10.51179	1.02781	1	-0.00473	-0.01047	0.67128	0.00348	1	0.06074	-0.01501	0.64967	0.00346	1	1.45898	0.81042	0	
1245554	8401.33008	3304812896540	0.65122	0.58059	8401.22266	0.10742	11156	1	0.68763	0.51883	1	0.63181	0.69546	1	0.65972	0.60714	1	0.48289	0.54258	10.28059	1.03582	1	0.74605	0.56861	10.96334	1.04348	1	-0.00483	-0.01064	0.68560	0.00364	1	0.06422	-0.01588	0.68740	0.00367	1	1.45898	0.81042	0	
1245555	8401.33691	3304812964006	0.65245	0.57992	8401.22266	0.11426	11156	1	0.70516	0.47555	1	0.64153	0.66171	1	0.67335	0.56863	1	0.48289	0.54249	9.88891	1.04348	1	0.74607	0.56862	11.51412	1.05114	1	-0.00483	-0.01064	0.68560	0.00363	1	0.06422	-0.01588	0.68740	0.00348	1	1.45898	0.81042	0	
1245556	8401.34375	3304813030710	0.65541	0.58003	8401.22266	0.12109	11156	1	0.72219	0.50316	1	0.69504	0.66080	1	0.70861	0.58198	1	0.48271	0.54252	10.03903	1.05114	1	0.74617	0.56864	12.41726	1.05880	1	-0.00483	-0.01064	0.68560	0.00346	1	0.06422	-0.01588	0.68740	0.00348	1	1.45898	0.81042	0	
1245557	8401.35059	3304813097665	0.65748	0.58387	8401.22266	0.12793	11156	1	0.72219	0.50316	0	0.69687	0.65680	1	0.69687	0.65680	1	0.48271	0.54252	10.03903	1.05880	0	0.48015	0.54061	10.08867	1.06646	1	-0.00483	-0.01064	0.68560	0.00346	1	-0.00515	-0.01025	0.67320	0.00366	1	1.45898	0.81042	0	
1245558	8401.35645	3304813162222	0.64911	0.57522	8401.22266	0.13379	11156	1	0.72219	0.50316	0	0.48161	0.40213	1	0.48161	0.40213	1	0.48271	0.54252	10.03903	1.06646	0	0.47963	0.54112	10.57020	1.06646	1	-0.00483	-0.01064	0.68560	0.00346	1	-0.00515	-0.01025	0.67320	0.00388	1	1.45898	0.81042	0	
1245559	8401.36328	3304813231892	0.64276	0.56635	8401.22266	0.14062	11156	1	0.72219	0.50316	0	0.50942	0.38012	1	0.50942	0.38012	1	0.48271	0.54252	10.03903	1.06646	0	0.47931	0.54037	10.29242	1.06646	1	-0.00483	-0.01064	0.68560	0.00346	1	-0.00515	-0.01025	0.67320	0.00352	1	1.45898	0.81042	0	
1245560	8401.37012	3304813298765	0.63696	0.55825	8401.22266	0.14746	11156	1	0.72219	0.50316	0	0.50942	0.38012	1	0.50942	0.38012	1	0.48271	0.54252	10.03903	1.06646	0	0.47664	0.53739	10.40310	1.06646	1	-0.00483	-0.01064	0.68560	0.00346	1	-0.00563	-0.01023	0.68232	0.00207	1	1.45898	0.81042	0	
1245561	8401.37695	3304813363452	0.60019	0.51057	8401.22266	0.14746	11156	0	0.72219	0.50316	0	0.39116	0.12448	1	0.39116	0.12448	1	0.48271	0.54252	10.03903	1.06646	0	0.47642	0.53715	10.91347	1.06646	1	-0.00483	-0.01064	0.68560	0.00346	1	-0.00563	-0.01023	0.68232	0.00214	1	1.45898	0.81042	0	
1245562	8401.38379	3304813429121	0.48540	0.42805	8401.22266	0.14746	11156	0	0.72219	0.50316	0	0.37062	0.34553	1	0.37062	0.34553	1	0.48271	0.54252	10.03903	1.06646	0	0.47627	0.53964	10.24631	1.06646	1	-0.00483	-0.01064	0.68560	0.00346	1	-0.00563	-0.01023	0.68232	0.00372	1	1.45898	0.81042	0	
1245563	8401.39062	3304813497599	0.44714	0.40055	8401.22266	0.14746	11156	0	0.72219	0.50316	0	0.37062	0.34553	1	0.37062	0.34553	1	0.48271	0.54252	10.03903	1.06646	0	0.47599	0.53687	10.55413	1.06646	1	-0.00483	-0.01064	0.68560	0.00346	1	-0.00584	-0.01020	0.68362	0.00214	1	1.45898	0.81042	0	
1245564	8401.39746	3304813566174	0.36880	0.26922	8401.22266	0.14746	11156	0	0.72219	0.50316	0	0.36517	0.11658	1	0.36517	0.11658	1	0.48271	0.54252	10.03903	1.06646	0	0.47605	0.53709	10.28970	1.06646	1	-0.00483	-0.01064	0.68560	0.00346	1	-0.00584	-0.01020	0.68362	0.00213	1	1.45898	0.81042	0	
1245565	8401.40430	3304813633807	0.36221	0.18132	8401.22266	0.14746	11156	0	0.72219	0.50316	0	0.35562	0.09343	1	0.35562	0.09343	1	0.48271	0.54252	10.03903	1.06646	0	0.47593	0.53690	10.42158	1.06646	1	-0.00483	-0.01064	0.68560	0.00346	1	-0.00584	-0.01020	0.68362	0.00213	1	1.45898	0.81042	0	
1245566	8401.41016	3304813700348	0.36001	0.15202	8401.22266	0.14746	11156	0	0.72219	0.50316	0	0.35562	0.09343	1	0.35562	0.09343	1	0.48271	0.54252	10.03903	1.06646	0	0.47579	0.53675	10.69714	1.06646	1	-0.00483	-0.01064	0.68560	0.00346	1	-0.00584	-0.01020	0.68362	0.00216	1	1.45898	0.81042	0	
1245567	8401.41699	3304813766960	0.36113	0.09618	8401.22266	0.14746	11156	0	0.72219	0.50316	0	0.37216	0.10170	1	0.37216	0.10170	1	0.48271	0.54252	10.03903	1.06646	0	0.47573	0.53688	10.61462	1.06646	1	-0.00483	-0.01064	0.68560	0.00346	1	-0.00584	-0.01020	0.68362	0.00213	1	1.45898	0.81042	0	
1245568	8401.42383	3304813837335	0.36915	0.09657	8401.22266	0.14746	11156	0	0.72219	0.50316	0	0.37717	0.09695	1	0.37717	0.09695	1	0.48271	0.54252	10.03903	1.06646	0	0.47586	0.53688	10.32296	1.06646	1	-0.00483	-0.01064	0.68560	0.00346	1	-0.00584	-0.01020	0.68362	0.00218	1	1.45898	0.81042	0	
1245569	8401.43066	3304813903351	0.37195	0.09931	8401.22266	0.14746	11156	0	0.72219	0.50316	0	0.37755	0.10480	1	0.37755	0.10480	1	0.48271	0.54252	10.03903	1.06646	0	0.47566	0.53715	10.37309	1.05880	1	-0.00483	-0.01064	0.68560	0.00346	1	-0.00568	-0.00978	0.65853	0.00211	1	1.45898	0.81042	0	
1245570	8401.43750	3304813968284	0.37123	0.10844	8401.41699	0.02051	11157	1	0.72219	0.50316	0	0.36906	0.13584	1	0.36906	0.13584	1	0.48271	0.54252	10.03903	1.05880	0	0.47568	0.53718	10.64962	1.05114	1	-0.00483	-0.01064	0.68560	0.00346	1	-0.00568	-0.00978	0.65853	0.00216	1	1.45898	0.81042	0	
1245571	8401.44434	3304814035288	0.36910	0.11173	8401.41699	0.02734	11157	1	0.72219	0.50316	0	0.36056	0.12488	1	0.36056	0.12488	1	0.48271	0.54252	10.03903	1.05114	0	0.47559	0.53703	10.69800	1.04348	1	-0.00483	-0.01064	0.68560	0.00346	1	-0.00568	-0.00978	0.65853	0.00211	1	1.45898	0.81042	0	
1245572	8401.45117	3304814102303	0.36767	0.11392	8401.41699	0.03418	11157	1	0.72219	0.50316	0	0.36056	0.12488	1	0.36056	0.12488	1	0.48271	0.54252	10.03903	1.04348	0	0.47561	0.53712	10.37020	1.04348	1	-0.00483	-0.01064	0.68560	0.00346	1	-0.00595	-0.01016	0.68393	0.00216	1	1.45898	0.81042	0	
1245573	8401.45703	3304814168755	0.36626	0.11334	8401.41699	0.04004	11157	1	0.72219	0.50316	0	0.35779	0.10987	1	0.35779	0.10987	1	0.48271	0.54252	10.03903	1.04348	0	0.47550	0.53693	10.29217	1.05114	1	-0.00483	-0.01064	0.68560	0.00346	1	-0.00595	-0.01016	0.68393	0.00219	1	1.45898	0.81042	0	
1245574	8401.46387	3304814236253	0.38081	0.13566	8401.41699	0.04688	11157	1	0.50342	0.18474	1	0.46188	0.39907	1	0.48265	0.29191	1	0.47556	0.53701	10.09624	1.05114	1	0.73909	0.56404	10.62258	1.05880	1	-0.00483	-0.01064	0.68560	0.00217	1	-0.00595	-0.01016	0.68393	0.00381	1	1.45898	0.81042	0	
1245575	8401.47070	3304814303227	0.39207	0.15262	8401.41699	0.05371	11157	1	0.50248	0.17747	1	0.46188	0.39907	1	0.48218	0.28827	1	0.47548	0.53705	10.30290	1.05880	1	0.73902	0.56407	10.96190	1.05880	1	-0.00602	-0.01011	0.68070	0.00210	1	0.05994	-0.01446	0.65368	0.00377	1	1.45898	0.81042	0	
1245576	8401.47754	3304814369472	0.40030	0.16563	8401.41699	0.06055	11157	1	0.49840	0.18720	1	0.45022	0.37830	1	0.47431	0.28275	1	0.47536	0.53719	10.40800	1.05880	1	0.73891	0.56397	11.03300	1.05114	1	-0.00602	-0.01011	0.68070	0.00206	1	0.05994	-0.01446	0.65368	0.00372	1	1.45898	0.81042	0	
1245577	8401.48438	3304814437676	0.40628	0.17672	8401.41699	0.06738	11157	1	0.48208	0.19530	1	0.45023	0.37989	1	0.46616	0.28760	1	0.47522	0.53708	11.06244	1.05114	1	0.73894	0.56359	10.87208	1.04348	1	-0.00602	-0.01011	0.68070	0.00208	1	0.05994	-0.01446	0.65368	0.00391	1	1.45898	0.81042	0	
1245578	8401.49121	3304814503718	0.41132	0.18626	8401.41699	0.07422	11157	1	0.48315	0.20250	1	0.45023	0.37989	1	0.46669	0.29120	1	0.47520	0.53716	10.37780	1.04348	1	0.73899	0.56374	10.99346	1.04348	1	-0.00601	-0.01014	0.67928	0.00206	1	0.06145	-0.01484	0.67062	0.00384	1	1.45898	0.81042	0	
1245579	8401.49707	3304814566862	0.41613	0.19399	8401.41699	0.08008	11157	1	0.48790	0.21198	1	0.45990	0.36158	1	0.47390	0.28678	1	0.47516	0.53728	10.18525	1.04348	1	0.73906	0.56357	10.91884	1.05114	1	-0.00601	-0.01014	0.67928	0.00217	1	0.06145	-0.01484	0.67062	0.00391	1	1.45898	0.81042	0	
1245580	8401.50391	3304814638322	0.41971	0.19776	8401.41699	0.08691	11157	1	0.47484	0.17883	1	0.45755	0.31455	1	0.46620	0.24669	1	0.47516	0.53711	10.22333	1.05114	1	0.73899	0.56317	10.76204	1.05880	1	-0.00601	-0.01014	0.67928	0.00207	1	0.06145	-0.01484	0.67062	0.00397	1	1.45898	0.81042	0	
1245581	8401.51074	3304814702493	0.43548	0.22587	8401.41699	0.08691	11157	0	0.47373	0.17151	1	0.45772	0.30814	1	0.46573	0.23982	1	0.47516	0.53690	10.53817	1.05880	1	0.73884	0.56325	11.11248	1.06646	1	-0.00602	-0.01021	0.68070	0.00208	1	0.06145	-0.01484	0.67062	0.00398	1	1.45898	0.81042	0	
1245582	8401.51758	3304814772599	0.40408	0.17115	8401.41699	0.08691	11157	0	0.47373	0.17151	0	0.37268	0.11643	1	0.37268	0.11643	1	0.47516	0.53690	10.53817	1.06646	0	0.47500	0.53703	10.13635	1.06646	1	-0.00602	-0.01021	0.68070	0.00208	1	0.06145	-0.01484	0.67062	0.00215	1	1.45898	0.81042	0	
1245583	8401.52441	3304814839342	0.39799	0.15427	8401.41699	0.08691	11157	0	0.47373	0.17151	0	0.38580	0.12051	1	0.38580	0.12051	1	0.47516	0.53690	10.53817	1.06646	0	0.47519	0.53714	10.24523	1.06646	1	-0.00602	-0.01021	0.68070	0.00208	1	0.06145	-0.01484	0.67062	0.00216	1	1.45898	0.81042	0	
1245584	8401.53125	3304814906117	0.38154	0.12172	8401.41699	0.08691	11157	0	0.47373	0.17151	0	0.38613	0.12821	1	0.38613	0.12821	1	0.47516	0.53690	10.53817	1.06646	0	0.47494	0.53727	10.30626	1.05880	1	-0.00602	-0.01021	0.68070	0.00208	1	-0.00588	-0.00988	0.65857	0.00213	1	1.45898	0.81042	0	
1245585	8401.53809	3304814973109	0.37324	0.12953	8401.41699	0.08691	11157	0	0.47373	0.17151	0	0.36494	0.13735	1	0.36494	0.13735	1	0.47516	0.53690	10.53817	1.05880	0	0.47491	0.53721	10.10935	1.05114	1	-0.00602	-0.01021	0.68070	0.00208	1	-0.00588	-0.00988	0.65857	0.00213	1	1.45898	0.81042	0	
1245586	8401.54492	3304815039791	0.37006	0.13032	8401.41699	0.08691	11157	0	0.47373	0.17151	0	0.36370	0.13188	1	0.36370	0.13188	1	0.47516	0.53690	10.53817	1.05114	0	0.47483	0.53712	10.37020	1.04348	1	-0.00602	-0.01021	0.68070	0.00208	1	-0.00588	-0.00988	0.65857	0.00216	1	1.45898	0.81042	0	
1245587	8401.55078	3304815106659	0.36847	0.13071	8401.53125	0.01953	11158	1	0.47373	0.17151	0	0.36370	0.13188	1	0.36370	0.13188	1	0.47516	0.53690	10.53817	1.04348	0	0.47461	0.53722	10.44176	1.04348	1	-0.00602	-0.01021	0.68070	0.00208	1	-0.00617	-0.01033	0.68528	0.00217	1	1.45898	0.81042	0	
1245588	8401.55762	3304815173931	0.36410	0.13289	8401.53125	0.02637	11158	1	0.47373	0.17151	0	0.34662	0.14162	1	0.34662	0.14162	1	0.47516	0.53690	10.53817	1.04348	0	0.47463	0.53716	10.30017	1.05114	1	-0.00602	-0.01021	0.68070	0.00208	1	-0.00617	-0.01033	0.68528	0.00204	1	1.45898	0.81042	0	
1245589	8401.56445	3304815237988	0.36214	0.12451	8401.53125	0.03320	11158	1	0.47373	0.17151	0	0.35236	0.08261	1	0.35236	0.08261	1	0.47516	0.53690	10.53817	1.05114	0	0.47454	0.53718	10.44457	1.05880	1	-0.00602	-0.01021	0.68070	0.00208	1	-0.00617	-0.01033	0.68528	0.00209	1	1.45898	0.81042	0	
1245590	8401.57129	3304815308085	0.36067	0.11738	8401.53125	0.04004	11158	1	0.47373	0.17151	0	0.35181	0.07462	1	0.35181	0.07462	1	0.47516	0.53690	10.53817	1.05880	0	0.47464	0.53741	10.44366	1.06646	1	-0.00602	-0.01021	0.68070	0.00208	1	-0.00634	-0.01045	0.69338	0.00203	1	1.45898	0.81042	0	
1245591	8401.57715	3304815368153	0.36253	0.12399	8401.53125	0.04590	11158	1	0.47373	0.17151	0	0.37558	0.17024	1	0.37558	0.17024	1	0.47516	0.53690	10.53817	1.06646	0	0.47460	0.53753	10.39807	1.06646	1	-0.00602	-0.01021	0.68070	0.00208	1	-0.00634	-0.01045	0.69338	0.00212	1	1.45898	0.81042	0	
1245592	8401.58398	3304815438319	0.37502	0.14339	8401.53125	0.05273	11158	1	0.49525	0.18544	1	0.45452	0.41181	1	0.47488	0.29862	1	0.47454	0.53734	10.49842	1.06646	1	0.73815	0.56366	10.96089	1.06646	1	-0.00602	-0.01021	0.68070	0.00205	1	-0.00634	-0.01045	0.69338	0.00383	1	1.45898	0.81042	0	
1245593	8401.59082	3304815507099	0.38500	0.15920	8401.53125	0.05957	11158	1	0.49525	0.18544	1	0.45438	0.41747	1	0.47481	0.30145	1	0.47454	0.53734	10.49842	1.06646	1	0.73841	0.56330	10.73472	1.05880	1	-0.00630	-0.01032	0.68827	0.00205	1	0.06010	-0.01455	0.65749	0.00399	1	1.45898	0.81042	0	
1245594	8401.59766	3304815573003	0.38111	0.15913	8401.53125	0.06641	11158	1	0.49525	0.18544	0	0.34229	0.15845	1	0.34229	0.15845	1	0.47454	0.53734	10.49842	1.05880	0	0.47451	0.53733	9.42099	1.05114	1	-0.00630	-0.01032	0.68827	0.00205	1	0.06010	-0.01455	0.65749	0.00197	1	1.45898	0.81042	0	
1245595	8401.60449	3304815641649	0.37910	0.15691	8401.53125	0.07324	11158	1	0.49525	0.18544	0	0.35693	0.13252	1	0.35693	0.13252	1	0.47454	0.53734	10.49842	1.05114	0	0.47468	0.53745	9.09817	1.04348	1	-0.00630	-0.01032	0.68827	0.00205	1	0.06010	-0.01455	0.65749	0.00188	1	1.45898	0.81042	0	
1245596	8401.61133	3304815707941	0.37910	0.15691	8401.53125	0.08008	11158	1	0.49525	0.18544	0	0.35693	0.13252	0	0.35693	0.13252	0	0.47454	0.53734	10.49842	1.04348	0	0.47468	0.53745	9.09817	1.03582	0	-0.00630	-0.01032	0.68827	0.00205	1	0.06010	-0.01455	0.65749	0.00188	1	1.45898	0.81042	0	
1245597	8401.61816	3304815774353	0.37910	0.15691	8401.53125	0.08691	11158	1	0.49525	0.18544	0	0.35693	0.13252	0	0.35693	0.13252	0	0.47454	0.53734	10.49842	1.03582	0	0.47468	0.53745	9.09817	1.03582	0	-0.00630	-0.01032	0.68827	0.00205	1	0.06010	-0.01455	0.65749	0.00188	1	1.45898	0.81042	0	
1245598	8401.62402	3304815839093	0.37910	0.15691	8401.53125	0.09277	11158	1	0.49525	0.18544	0	0.35693	0.13252	0	0.35693	0.13252	0	0.47454	0.53734	10.49842	1.03582	0	0.47468	0.53745	9.09817	1.03582	0	-0.00630	-0.01032	0.68827	0.00205	1	0.06010	-0.01455	0.65749	0.00188	1	1.45898	0.81042	0	
1245599	8401.63184	3304815916568	0.37888	0.16011	8401.53125	0.09277	11158	0	0.49525	0.18544	0	0.35693	0.13252	0	0.35693	0.13252	0	0.47454	0.53734	10.49842	1.03582	0	0.47468	0.53745	9.09817	1.03582	0	-0.00630	-0.01032	0.68827	0.00205	1	0.06010	-0.01455	0.65749	0.00188	1	1.45898	0.81042	0	
1245600	8401.63867	3304815978046	0.37888	0.16011	8401.53125	0.09277	11158	0	0.49525	0.18544	0	0.35693	0.13252	0	0.35693	0.13252	0	0.47454	0.53734	10.49842	1.03582	0	0.47468	0.53745	9.09817	1.03582	0	-0.00630	-0.01032	0.68827	0.00205	1	0.06010	-0.01455	0.65749	0.00188	1	1.45898	0.81042	0	
1245601	8401.64453	3304816044498	0.37888	0.16011	8401.53125	0.09277	11158	0	0.49525	0.18544	0	0.35693	0.13252	0	0.35693	0.13252	0	0.47454	0.53734	10.49842	1.03582	0	0.47468	0.53745	9.09817	1.03582	0	-0.00630	-0.01032	0.68827	0.00205	1	0.06010	-0.01455	0.65749	0.00188	1	1.45898	0.81042	0	
1245602	8401.65137	3304816109933	0.00000	0.00000	8401.53125	0.09277	11158	0	0.49525	0.18544	0	0.35693	0.13252	0	0.35693	0.13252	0	0.47454	0.53734	10.49842	1.03582	0	0.47468	0.53745	9.09817	1.03582	0	-0.00630	-0.01032	0.68827	0.00205	1	0.06010	-0.01455	0.65749	0.00188	1	1.45898	0.81042	0	
1245603	8401.65820	3304816178919	0.00000	0.00000	8401.53125	0.09277	11158	0	0.49525	0.18544	0	0.35693	0.13252	0	0.35693	0.13252	0	0.47454	0.53734	10.49842	1.03582	0	0.47468	0.53745	9.09817	1.03582	0	-0.00630	-0.01032	0.68827	0.00205	1	0.06010	-0.01455	0.65749	0.00188	1	1.45898	0.81042	0	
1245604	8401.66504	3304816245854	0.00000	0.00000	8401.53125	0.09277	11158	0	0.49525	0.18544	0	0.35693	0.13252	0	0.35693	0.13252	0	0.47454	0.53734	10.49842	1.03582	0	0.47468	0.53745	9.09817	1.03582	0	-0.00630	-0.01032	0.68827	0.00205	1	0.06010	-0.01455	0.65749	0.00188	1	1.45898	0.81042	0	
1245605	8401.67188	3304816312741	0.00000	0.00000	8401.53125	0.09277	11158	0	0.49525	0.18544	0	0.35693	0.13252	0	0.35693	0.13252	0	0.47454	0.53734	10.49842	1.03582	0	0.47468	0.53745	9.09817	1.03582	0	-0.00630	-0.01032	0.68827	0.00205	1	0.06010	-0.01455	0.65749	0.00188	1	1.45898	0.81042	0	
1245606	8401.67871	3304816379511	0.00000	0.00000	8401.53125	0.09277	11158	0	0.49525	0.18544	0	0.35693	0.13252	0	0.35693	0.13252	0	0.47454	0.53734	10.49842	1.03582	0	0.47468	0.53745	9.09817	1.03582	0	-0.00630	-0.01032	0.68827	0.00205	1	0.06010	-0.01455	0.65749	0.00188	1	1.45898	0.81042	0	
1245607	8401.68555	3304816446474	0.00000	0.00000	8401.53125	0.09277	11158	0	0.49525	0.18544	0	0.35693	0.13252	0	0.35693	0.13252	0	0.47454	0.53734	10.49842	1.03582	0	0.47468	0.53745	9.09817	1.03582	0	-0.00630	-0.01032	0.68827	0.00205	1	0.06010	-0.01455	0.65749	0.00188	1	1.45898	0.81042	0	
1245608	8401.69141	3304816513825	0.00000	0.00000	8401.53125	0.09277	11158	0	0.49525	0.18544	0	0.35693	0.13252	0	0.35693	0.13252	0	0.47454	0.53734	10.49842	1.03582	0	0.47468	0.53745	9.09817	1.03582	0	-0.00630	-0.01032	0.68827	0.00205	1	0.06010	-0.01455	0.65749	0.00188	1	1.45898	0.81042	0	
1245609	8401.69824	3304816580717	0.00000	0.00000	8401.53125	0.09277	11158	0	0.49525	0.18544	0	0.35693	0.13252	0	0.35693	0.13252	0	0.47454	0.53734	10.49842	1.03582	0	0.47468	0.53745	9.09817	1.03582	0	-0.00630	-0.01032	0.68827	0.00205	1	0.06010	-0.01455	0.65749	0.00188	1	1.45898	0.81042	0	
1245610	8401.70508	3304816647808	0.00000	0.00000	8401.53125	0.09277	11158	0	0.49525	0.18544	0	0.35693	0.13252	0	0.35693	0.13252	0	0.47454	0.53734	10.49842	1.03582	0	0.47468	0.53745	9.09817	1.03582	0	-0.00630	-0.01032	0.68827	0.00205	1	0.06010	-0.01455	0.65749	0.00188	1	1.45898	0.81042	0	
1245611	8401.71191	3304816712808	0.00000	0.00000	8401.53125	0.09277	11158	0	0.49525	0.18544	0	0.35693	0.13252	0	0.35693	0.13252	0	0.47454	0.53734	10.49842	1.03582	0	0.47468	0.53745	9.09817	1.03582	0	-0.00630	-0.01032	0.68827	0.00205	1	0.06010	-0.01455	0.65749	0.00188	1	1.45898	0.81042	0	
1245612	8401.71875	3304816781651	0.00000	0.00000	8401.53125	0.09277	11158	0	0.49525	0.18544	0	0.35693	0.13252	0	0.35693	0.13252	0	0.47454	0.53734	10.49842	1.03582	0	0.47468	0.53745	9.09817	1.03582	0	-0.00630	-0.01032	0.68827	0.00205	1	0.06010	-0.01455	0.65749	0.00188	1	1.45898	0.81042	0	
1245613	8401.72559	3304816849533	0.00000	0.00000	8401.53125	0.09277	11158	0	0.49525	0.18544	0	0.35693	0.13252	0	0.35693	0.13252	0	0.47454	0.53734	10.49842	1.03582	0	0.47468	0.53745	9.09817	1.03582	0	-0.00630	-0.01032	0.68827	0.00205	1	0.06010	-0.01455	0.65749	0.00188	1	1.45898	0.81042	0	
1245614	8401.73242	3304816917505	0.00000	0.00000	8401.53125	0.09277	11158	0	0.49525	0.18544	0	0.35693	0.13252	0	0.35693	0.13252	0	0.47454	0.53734	10.49842	1.03582	0	0.47468	0.53745	9.09817	1.03582	0	-0.00630	-0.01032	0.68827	0.00205	1	0.06010	-0.01455	0.65749	0.00188	1	1.45898	0.81042	0	
1245615	8401.73926	3304816983566	0.00000	0.00000	8401.53125	0.09277	11158	0	0.49525	0.18544	0	0.35693	0.13252	0	0.35693	0.13252	0	0.47454	0.53734	10.49842	1.03582	0	0.47468	0.53745	9.09817	1.03582	0	-0.00630	-0.01032	0.68827	0.00205	1	0.06010	-0.01455	0.65749	0.00188	1	1.45898	0.81042	0	
1245616	8401.74512	3304817050353	0.00000	0.00000	8401.53125	0.09277	11158	0	0.49525	0.18544	0	0.35693	0.13252	0	0.35693	0.13252	0	0.47454	0.53734	10.49842	1.03582	0	0.47468	0.53745	9.09817	1.03582	0	-0.00630	-0.01032	0.68827	0.00205	1	0.06010	-0.01455	0.65749	0.00188	1	1.45898	0.81042	0	
1245617	8401.75195	3304817116556	0.00000	0.00000	8401.53125	0.09277	11158	0	0.49525	0.18544	0	0.35693	0.13252	0	0.35693	0.13252	0	0.47454	0.53734	10.49842	1.03582	0	0.47468	0.53745	9.09817	1.03582	0	-0.00630	-0.01032	0.68827	0.00205	1	0.06010	-0.01455	0.65749	0.00188	1	1.45898	0.81042	0	
1245618	8401.75879	3304817183801	0.00000	0.00000	8401.53125	0.09277	11158	0	0.49525	0.18544	0	0.35693	0.13252	0	0.35693	0.13252	0	0.47454	0.53734	10.49842	1.03582	0	0.47468	0.53745	9.09817	1.03582	0	-0.00630	-0.01032	0.68827	0.00205	1	0.06010	-0.01455	0.65749	0.00188	1	1.45898	0.81042	0	
1245619	8401.76562	3304817250688	0.00000	0.00000	8401.53125	0.09277	11158	0	0.49525	0.18544	0	0.35693	0.13252	0	0.35693	0.13252	0	0.47454	0.53734	10.49842	1.03582	0	0.47468	0.53745	9.09817	1.03582	0	-0.00630	-0.01032	0.68827	0.00205	1	0.06010	-0.01455	0.65749	0.00188	1	1.45898	0.81042	0	
1245620	8401.77148	3304817313690	0.00000	0.00000	8401.53125	0.09277	11158	0	0.49525	0.18544	0	0.35693	0.13252	0	0.35693	0.13252	0	0.47454	0.53734	10.49842	1.03582	0	0.47468	0.53745	9.09817	1.03582	0	-0.00630	-0.01032	0.68827	0.00205	1	0.06010	-0.01455	0.65749	0.00188	1	1.45898	0.81042	0	
1245621	8401.77930	3304817384237	0.00000	0.00000	8401.53125	0.09277	11158	0	0.49525	0.18544	0	0.35693	0.13252	0	0.35693	0.13252	0	0.47454	0.53734	10.49842	1.03582	0	0.47468	0.53745	9.09817	1.03582	0	-0.00630	-0.01032	0.68827	0.00205	1	0.06010	-0.01455	0.65749	0.00188	1	1.45898	0.81042	0	
1245622	8401.78516	3304817448998	0.00000	0.00000	8401.53125	0.09277	11158	0	0.49525	0.18544	0	0.35693	0.13252	0	0.35693	0.13252	0	0.47454	0.53734	10.49842	1.03582	0	0.47468	0.53745	9.09817	1.03582	0	-0.00630	-0.01032	0.68827	0.00205	1	0.06010	-0.01455	0.65749	0.00188	1	1.45898	0.81042	0	
1245623	8401.79199	3304817518982	0.00000	0.00000	8401.53125	0.09277	11158	0	0.49525	0.18544	0	0.35693	0.13252	0	0.35693	0.13252	0	0.47454	0.53734	10.49842	1.03582	0	0.47468	0.53745	9.09817	1.03582	0	-0.00630	-0.01032	0.68827	0.00205	1	0.06010	-0.01455	0.65749	0.00188	1	1.45898	0.81042	0	
1245624	8401.79883	3304817585503	0.00000	0.00000	8401.53125	0.09277	11158	0	0.49525	0.18544	0	0.35693	0.13252	0	0.35693	0.13252	0	0.47454	0.53734	10.49842	1.03582	0	0.47468	0.53745	9.09817	1.03582	0	-0.00630	-0.01032	0.68827	0.00205	1	0.06010	-0.01455	0.65749	0.00188	1	1.45898	0.81042	0	
1245625	8401.80566	3304817650525	0.00000	0.00000	8401.53125	0.09277	11158	0	0.49525	0.18544	0	0.35693	0.13252	0	0.35693	0.13252	0	0.47454	0.53734	10.49842	1.03582	0	0.47468	0.53745	9.09817	1.03582	0	-0.00630	-0.01032	0.68827	0.00205	1	0.06010	-0.01455	0.65749	0.00188	1	1.45898	0.81042	0	
1245626	8401.81250	3304817719420	0.00000	0.00000	8401.53125	0.09277	11158	0	0.49525	0.18544	0	0.35693	0.13252	0	0.35693	0.13252	0	0.47454	0.53734	10.49842	1.03582	0	0.47468	0.53745	9.09817	1.03582	0	-0.00630	-0.01032	0.68827	0.00205	1	0.06010	-0.01455	0.65749	0.00188	1	1.45898	0.81042	0	
1245627	8401.81934	3304817786556	0.00000	0.00000	8401.53125	0.09277	11158	0	0.49525	0.18544	0	0.35693	0.13252	0	0.35693	0.13252	0	0.47454	0.53734	10.49842	1.03582	0	0.47468	0.53745	9.09817	1.03582	0	-0.00630	-0.01032	0.68827	0.00205	1	0.06010	-0.01455	0.65749	0.00188	1	1.45898	0.81042	0	
1245628	8401.82617	3304817852971	0.00000	0.00000	8401.53125	0.09277	11158	0	0.49525	0.18544	0	0.35693	0.13252	0	0.35693	0.13252	0	0.47454	0.53734	10.49842	1.03582	0	0.47468	0.53745	9.09817	1.03582	0	-0.00630	-0.01032	0.68827	0.00205	1	0.06010	-0.01455	0.65749	0.00188	1	1.45898	0.81042	0	
1245629	8401.83203	3304817917771	0.42683	0.16007	8401.53125	0.09277	11158	0	0.49798	0.20558	1	0.35568	0.11455	1	0.42683	0.16007	1	0.47515	0.53674	10.55838	1.04491	1	0.73918	0.56286	11.34488	1.06125	1	-0.00633	-0.01047	0.70894	0.00205	1	0.06503	-0.01558	0.70917	0.00380	1	1.45898	0.81042	0	
1245630	8401.84082	3304818008022	0.45485	0.18504	8401.53125	0.09277	11158	0	0.49586	0.13202	1	0.46989	0.28803	1	0.48287	0.21002	1	0.47508	0.53671	10.61923	1.07033	1	0.73912	0.56268	12.04058	1.08667	1	-0.00633	-0.01047	0.70894	0.00212	1	0.06503	-0.01558	0.70917	0.00376	1	1.45898	0.81042	0	
1245631	8401.84570	3304818053891	0.46391	0.20019	8401.53125	0.09277	11158	0	0.50344	0.11511	1	0.46060	0.34586	1	0.48202	0.23048	1	0.47521	0.53672	10.50521	1.09576	1	0.73907	0.56298	12.62847	1.11210	1	-0.00633	-0.01047	0.70894	0.00209	1	0.06503	-0.01558	0.70917	0.00362	1	1.45898	0.81042	0	
1245632	8401.85254	3304818119757	0.46822	0.20504	8401.83203	0.02051	11159	1	0.50154	0.09920	1	0.46078	0.33998	1	0.48116	0.21959	1	0.47570	0.53970	11.12507	1.11210	1	0.73924	0.56293	12.28284	1.11976	1	-0.00602	-0.01011	0.68070	0.00356	1	0.06261	-0.01496	0.68326	0.00367	1	1.45898	0.81042	0	
1245633	8401.85938	3304818188412	0.47227	0.22596	8401.83203	0.02734	11159	1	0.50313	0.34639	1	0.47385	0.27287	1	0.48849	0.30963	1	0.47549	0.53919	10.52317	1.11067	1	0.73923	0.56252	12.08805	1.10199	1	-0.00602	-0.01011	0.68070	0.00345	1	0.06261	-0.01496	0.68326	0.00374	1	1.45898	0.81042	0	
1245634	8401.86621	3304818254859	0.47109	0.22460	8401.83203	0.03418	11159	1	0.48682	0.15736	1	0.44357	0.27826	1	0.46519	0.21781	1	0.47538	0.53674	10.95029	1.09291	1	0.73915	0.56246	12.05593	1.08423	1	-0.00602	-0.01011	0.68070	0.00219	1	0.06261	-0.01496	0.68326	0.00382	1	1.45898	0.81042	0	
1245635	8401.87305	3304818322220	0.47041	0.22590	8401.83203	0.04102	11159	1	0.48913	0.17403	1	0.44342	0.29334	1	0.46627	0.23368	1	0.47551	0.53666	10.64331	1.07514	1	0.73939	0.56310	11.71039	1.06646	1	-0.00602	-0.01001	0.68070	0.00225	1	0.06145	-0.01474	0.67062	0.00370	1	1.45898	0.81042	0	
1245636	8401.87988	3304818389605	0.47358	0.24681	8401.83203	0.04785	11159	1	0.52378	0.38277	1	0.46786	0.40360	1	0.49582	0.39319	1	0.47569	0.53911	11.08068	1.06646	1	0.73927	0.56319	12.15967	1.06646	1	-0.00602	-0.01001	0.68070	0.00339	1	0.06145	-0.01474	0.67062	0.00369	1	1.45898	0.81042	0	
1245637	8401.88574	3304818455783	0.47448	0.24907	8401.83203	0.05371	11159	1	0.49259	0.17147	1	0.47077	0.36293	1	0.48168	0.26720	1	0.47541	0.53663	10.72351	1.06646	1	0.73934	0.56279	12.11628	1.06646	1	-0.00602	-0.01001	0.68070	0.00218	1	0.06145	-0.01474	0.67062	0.00373	1	1.45898	0.81042	0	
1245638	8401.89258	3304818521499	0.47526	0.25250	8401.83203	0.06055	11159	1	0.49454	0.18583	1	0.47002	0.38085	1	0.48228	0.28334	1	0.47560	0.53667	10.99879	1.05132	1	0.73932	0.56265	12.23419	1.04366	1	-0.00568	-0.00961	0.65359	0.00220	1	0.05999	-0.01430	0.65312	0.00388	1	1.45898	0.81042	0	
1245639	8401.89941	3304818590248	0.47504	0.26779	8401.83203	0.06738	11159	1	0.50698	0.39945	1	0.43856	0.44190	1	0.47277	0.42067	1	0.47587	0.53846	10.93200	1.02852	1	0.73911	0.56315	12.39934	1.02086	1	-0.00568	-0.00961	0.65359	0.00355	1	0.05999	-0.01430	0.65312	0.00374	1	1.45898	0.81042	0	
1245640	8401.90625	3304818657269	0.47574	0.28269	8401.83203	0.07422	11159	1	0.52076	0.45638	1	0.44626	0.43677	1	0.48351	0.44657	1	0.47597	0.53902	11.28404	1.00571	1	0.73924	0.56278	12.30285	0.99805	1	-0.00568	-0.00961	0.65359	0.00362	1	0.05999	-0.01430	0.65312	0.00392	1	1.45898	0.81042	0	
1245641	8401.91309	3304818724207	0.47634	0.29499	8401.83203	0.08105	11159	1	0.52060	0.45535	1	0.44636	0.42983	1	0.48348	0.44259	1	0.47618	0.53888	11.21154	1.00714	1	0.73973	0.56236	10.98805	1.00714	1	-0.00616	-0.01032	0.70212	0.00355	1	0.06277	-0.01495	0.68285	0.00399	1	1.45898	0.81042	0	
1245642	8401.91992	3304818791131	0.47654	0.29546	8401.83203	0.08789	11159	1	0.49065	0.23006	1	0.46759	0.37318	1	0.47912	0.30162	1	0.47572	0.53640	11.25670	1.03137	1	0.73959	0.56267	11.16370	1.03903	1	-0.00616	-0.01032	0.70212	0.00224	1	0.06277	-0.01495	0.68285	0.00394	1	1.45898	0.81042	0	
1245643	8401.92676	3304818858069	0.48162	0.32649	8401.83203	0.08789	11159	0	0.53012	0.38782	1	0.46925	0.37610	1	0.49968	0.38196	1	0.47619	0.53867	11.21255	1.06326	1	0.73956	0.56272	11.15030	1.07092	1	-0.00616	-0.01032	0.70212	0.00366	1	0.06277	-0.01495	0.68285	0.00394	1	1.45898	0.81042	0	
1245644	8401.93262	3304818925386	0.49011	0.34215	8401.83203	0.08789	11159	0	0.52694	0.36408	1	0.47025	0.35154	1	0.49859	0.35781	1	0.47587	0.53878	11.09410	1.09514	1	0.74002	0.56234	11.99027	1.10280	1	-0.00600	-0.01024	0.69633	0.00380	1	0.06277	-0.01495	0.68285	0.00405	1	1.45898	0.81042	0	
1245645	8401.93945	3304818992252	0.49003	0.32650	8401.83203	0.08789	11159	0	0.49645	0.31746	1	0.48333	0.27293	1	0.48989	0.29519	1	0.47579	0.53871	11.35513	1.10280	1	0.73976	0.56222	11.41236	1.10280	1	-0.00600	-0.01024	0.69633	0.00381	1	0.06277	-0.01495	0.68285	0.00415	1	1.45898	0.81042	0	
1245646	8401.94629	3304819059898	0.49211	0.32987	8401.92676	0.01953	11160	1	0.49740	0.35532	1	0.49924	0.32468	1	0.49832	0.34000	1	0.47580	0.53860	11.01373	1.10280	1	0.74007	0.56258	12.05403	1.10280	1	-0.00600	-0.01024	0.69633	0.00386	1	0.06277	-0.01495	0.68285	0.00394	1	1.45898	0.81042	0	
1245647	8401.95312	3304819126060	0.49341	0.33330	8401.92676	0.02637	11160	1	0.49851	0.36212	1	0.49873	0.33192	1	0.49862	0.34702	1	0.47619	0.53802	11.14542	1.09372	1	0.73996	0.56273	12.07406	1.09372	1	-0.00584	-0.01005	0.68362	0.00381	1	0.06277	-0.01495	0.68285	0.00387	1	1.45898	0.81042	0	
1245648	8401.95996	3304819193215	0.49614	0.33332	8401.92676	0.03320	11160	1	0.52192	0.31552	1	0.49769	0.35129	1	0.50981	0.33340	1	0.47611	0.53805	11.12797	1.08463	1	0.73996	0.56273	12.07406	1.08463	1	-0.00584	-0.01005	0.68362	0.00383	1	0.06277	-0.01495	0.68285	0.00386	1	1.45898	0.81042	0	
1245649	8401.96582	3304819257167	0.49695	0.33927	8401.92676	0.03906	11160	1	0.51642	0.37387	1	0.48717	0.37605	1	0.50179	0.37496	1	0.47601	0.53840	11.21231	1.07555	1	0.73988	0.56288	12.43794	1.07555	1	-0.00584	-0.01005	0.68362	0.00382	1	0.06277	-0.01495	0.68285	0.00386	1	1.45898	0.81042	0	
1245650	8401.97363	3304819326751	0.49762	0.34417	8401.92676	0.04688	11160	1	0.51742	0.38068	1	0.48715	0.37636	1	0.50228	0.37852	1	0.47605	0.53845	11.32710	1.06646	1	0.74016	0.56191	11.81458	1.07514	1	-0.00584	-0.01005	0.68362	0.00380	1	0.06446	-0.01534	0.70058	0.00420	1	1.45898	0.81042	0	
1245651	8401.97949	3304819389528	0.49772	0.32952	8401.92676	0.05273	11160	1	0.48847	0.17045	1	0.50868	0.25418	1	0.49858	0.21232	1	0.47611	0.53625	11.52286	1.07514	1	0.74017	0.56217	11.89204	1.08382	1	-0.00584	-0.01005	0.68362	0.00235	1	0.06446	-0.01534	0.70058	0.00409	1	1.45898	0.81042	0	
1245652	8401.98633	3304819459254	0.49837	0.31786	8401.92676	0.05957	11160	1	0.49287	0.13551	1	0.51543	0.29028	1	0.50415	0.21290	1	0.47614	0.53627	11.48347	1.08382	1	0.74029	0.56200	12.00148	1.09250	1	-0.00584	-0.01005	0.68362	0.00235	1	0.06446	-0.01534	0.70058	0.00407	1	1.45898	0.81042	0	
1245653	8401.99316	3304819526454	0.49884	0.30794	8401.92676	0.06641	11160	1	0.49178	0.12713	1	0.51543	0.29028	1	0.50360	0.20870	1	0.47600	0.53840	11.30862	1.09250	1	0.74022	0.56229	12.05198	1.09250	1	-0.00584	-0.01000	0.68362	0.00384	1	0.06277	-0.01495	0.68285	0.00409	1	1.45898	0.81042	0	
1245654	8402.00000	3304819590903	0.49889	0.30937	8401.92676	0.07324	11160	1	0.50145	0.36398	1	0.49740	0.28634	1	0.49942	0.32516	1	0.47617	0.53842	11.42727	1.09250	1	0.74031	0.56204	12.07438	1.08382	1	-0.00584	-0.01000	0.68362	0.00377	1	0.06277	-0.01495	0.68285	0.00404	1	1.45898	0.81042	0	
1245655	8402.00684	3304819659247	0.49806	0.31368	8401.92676	0.08008	11160	1	0.52053	0.35579	1	0.45554	0.37498	1	0.48804	0.36538	1	0.47644	0.53854	12.22433	1.08382	1	0.74023	0.56235	11.90139	1.07514	1	-0.00584	-0.01000	0.68362	0.00352	1	0.06277	-0.01495	0.68285	0.00406	1	1.45898	0.81042	0	
1245656	8402.01367	3304819728288	0.49737	0.31785	8401.92676	0.08691	11160	1	0.52145	0.36239	1	0.45538	0.38164	1	0.48841	0.37201	1	0.47679	0.53771	10.97237	1.07514	1	0.74035	0.56198	12.22586	1.06646	1	-0.00584	-0.01005	0.68362	0.00395	1	0.06277	-0.01495	0.68285	0.00438	1	1.45898	0.81042	0	
1245657	8402.01953	3304819793704	0.49716	0.31720	8401.92676	0.09277	11160	1	0.53141	0.30910	1	0.45725	0.30715	1	0.49433	0.30813	1	0.47665	0.53790	11.03334	1.06646	1	0.74015	0.56213	12.69841	1.06646	1	-0.00584	-0.01005	0.68362	0.00404	1	0.06277	-0.01495	0.68285	0.00408	1	1.45898	0.81042	0	
1245658	8402.02637	3304819859662	0.49756	0.31573	8401.92676	0.09961	11160	1	0.52805	0.25400	1	0.47885	0.33338	1	0.50345	0.29369	1	0.47673	0.53745	10.86957	1.06646	1	0.74020	0.56239	12.79785	1.06646	1	-0.00584	-0.01005	0.68362	0.00401	1	0.06277	-0.01495	0.68285	0.00390	1	1.45898	0.81042	0	
1245659	8402.03320	3304819930522	0.49790	0.31443	8401.92676	0.10645	11160	1	0.52805	0.25400	1	0.47885	0.33338	1	0.50345	0.29369	1	0.47646	0.53732	11.70835	1.06646	1	0.74033	0.56236	12.14686	1.06646	1	-0.00584	-0.01005	0.68362	0.00389	1	0.06301	-0.01499	0.68432	0.00421	1	1.45898	0.81042	0	
1245660	8402.04004	3304819997015	0.49788	0.31499	8401.92676	0.11328	11160	1	0.51376	0.30848	1	0.48122	0.34041	1	0.49749	0.32445	1	0.47644	0.53765	11.96942	1.06646	1	0.74012	0.56223	12.10398	1.06646	1	-0.00584	-0.01005	0.68362	0.00392	1	0.06301	-0.01499	0.68432	0.00399	1	1.45898	0.81042	0	
1245661	8402.04688	3304820062181	0.49777	0.31685	8401.92676	0.12012	11160	1	0.51947	0.37075	1	0.47204	0.32977	1	0.49576	0.35026	1	0.47647	0.53838	11.81941	1.06646	1	0.73999	0.56233	11.92786	1.06646	1	-0.00584	-0.01005	0.68362	0.00351	1	0.06301	-0.01499	0.68432	0.00407	1	1.45898	0.81042	0	
1245662	8402.05371	3304820130795	0.49767	0.31852	8401.92676	0.12695	11160	1	0.51947	0.37075	1	0.47204	0.32977	1	0.49576	0.35026	1	0.47669	0.53785	11.16711	1.06646	1	0.73983	0.56212	12.32651	1.06646	1	-0.00584	-0.01005	0.68362	0.00394	1	0.06301	-0.01504	0.68432	0.00429	1	1.45898	0.81042	0	
1245663	8402.06055	3304820198159	0.49753	0.31992	8401.92676	0.13379	11160	1	0.54160	0.32225	1	0.44789	0.37391	1	0.49474	0.34808	1	0.47685	0.53811	11.25503	1.06646	1	0.73968	0.56296	13.00705	1.06646	1	-0.00584	-0.01005	0.68362	0.00376	1	0.06301	-0.01504	0.68432	0.00386	1	1.45898	0.81042	0	
1245664	8402.06738	3304820264896	0.49680	0.32297	8401.92676	0.14062	11160	1	0.53584	0.35948	1	0.42723	0.41454	1	0.48153	0.38701	1	0.47673	0.53841	11.39562	1.06646	1	0.73974	0.56299	12.81698	1.06646	1	-0.00584	-0.01005	0.68362	0.00381	1	0.06301	-0.01504	0.68432	0.00376	1	1.45898	0.81042	0	
1245665	8402.07324	3304820328075	0.49615	0.32588	8401.92676	0.14648	11160	1	0.53660	0.36564	1	0.42722	0.41406	1	0.48191	0.38985	1	0.47677	0.53808	11.11441	1.05844	1	0.73988	0.56275	12.36491	1.06712	1	-0.00567	-0.00983	0.66876	0.00380	1	0.06472	-0.01538	0.70230	0.00381	1	1.45898	0.81042	0	
1245666	8402.08008	3304820398813	0.49478	0.32403	8401.92676	0.15332	11160	1	0.48538	0.19188	1	0.44077	0.37094	1	0.46308	0.28141	1	0.47638	0.53621	11.60670	1.05911	1	0.73990	0.56226	12.03498	1.06779	1	-0.00567	-0.00983	0.66876	0.00237	1	0.06472	-0.01538	0.70230	0.00405	1	1.45898	0.81042	0	
1245667	8402.08691	3304820465695	0.49441	0.32601	8401.92676	0.16016	11160	1	0.51225	0.36565	1	0.45900	0.38175	1	0.48563	0.37370	1	0.47677	0.53832	11.40523	1.05977	1	0.73987	0.56285	12.20307	1.06845	1	-0.00567	-0.00983	0.66876	0.00368	1	0.06472	-0.01538	0.70230	0.00389	1	1.45898	0.81042	0	
1245668	8402.09375	3304820533002	0.49403	0.32767	8401.92676	0.16699	11160	1	0.51022	0.35199	1	0.45888	0.38587	1	0.48455	0.36893	1	0.47635	0.53619	11.53800	1.07754	1	0.74000	0.56175	12.05569	1.06307	1	-0.00606	-0.01046	0.71539	0.00230	1	0.05907	-0.01405	0.64156	0.00416	1	1.45898	0.81042	0	
1245669	8402.10059	3304820599615	0.49398	0.32824	8401.92676	0.17383	11160	1	0.51259	0.33516	1	0.47271	0.35102	1	0.49265	0.34309	1	0.47673	0.53817	11.24193	1.08017	1	0.74004	0.56227	12.13250	1.05702	1	-0.00606	-0.01046	0.71539	0.00381	1	0.05907	-0.01405	0.64156	0.00399	1	1.45898	0.81042	0	
1245670	8402.10742	3304820665408	0.48924	0.32218	8401.92676	0.18066	11160	1	0.51259	0.33516	0	0.36122	0.15862	1	0.36122	0.15862	1	0.47673	0.53817	11.24193	1.07413	0	0.47634	0.53618	11.58390	1.05098	1	-0.00606	-0.01046	0.71539	0.00381	1	0.05907	-0.01405	0.64156	0.00229	1	1.45898	0.81042	0	
1245671	8402.11426	3304820733929	0.48480	0.31625	8401.92676	0.18750	11160	1	0.51259	0.33516	0	0.36067	0.15036	1	0.36067	0.15036	1	0.47673	0.53817	11.24193	1.06808	0	0.47638	0.53620	11.79435	1.05940	1	-0.00606	-0.01046	0.71539	0.00381	1	-0.00566	-0.00986	0.67443	0.00225	1	1.45898	0.81042	0	
1245672	8402.12012	3304820800722	0.48136	0.31544	8401.92676	0.19336	11160	1	0.51259	0.33516	0	0.38144	0.29196	1	0.38144	0.29196	1	0.47673	0.53817	11.24193	1.05940	0	0.47681	0.53828	11.27748	1.07387	1	-0.00606	-0.01046	0.71539	0.00381	1	-0.00566	-0.00986	0.67443	0.00384	1	1.45898	0.81042	0	
1245673	8402.12695	3304820867382	0.44639	0.31110	8401.92676	0.19336	11160	0	0.51259	0.33516	0	0.37346	0.29000	1	0.37346	0.29000	1	0.47673	0.53817	11.24193	1.07387	0	0.47673	0.53815	11.15380	1.08834	1	-0.00606	-0.01046	0.71539	0.00381	1	-0.00566	-0.00986	0.67443	0.00386	1	1.45898	0.81042	0	
1245674	8402.13379	3304820934745	0.40954	0.29455	8401.92676	0.19336	11160	0	0.51259	0.33516	0	0.37269	0.27800	1	0.37269	0.27800	1	0.47673	0.53817	11.24193	1.08834	0	0.47681	0.53853	11.13543	1.10280	1	-0.00606	-0.01046	0.71539	0.00381	1	-0.00566	-0.00986	0.67443	0.00370	1	1.45898	0.81042	0	
1245675	8402.14062	3304821001515	0.40026	0.28618	8401.92676	0.19336	11160	0	0.51259	0.33516	0	0.38172	0.26945	1	0.38172	0.26945	1	0.47673	0.53817	11.24193	1.10280	0	0.47679	0.53808	11.04779	1.10280	1	-0.00606	-0.01046	0.71539	0.00381	1	-0.00566	-0.00986	0.67443	0.00392	1	1.45898	0.81042	0	
1245676	8402.14746	3304821068590	0.39538	0.28222	8402.12695	0.02051	11161	1	0.51259	0.33516	0	0.38074	0.27034	1	0.38074	0.27034	1	0.47673	0.53817	11.24193	1.10280	0	0.47684	0.53828	11.30016	1.10280	1	-0.00606	-0.01046	0.71539	0.00381	1	-0.00566	-0.00986	0.67443	0.00380	1	1.45898	0.81042	0	
1245677	8402.15430	3304821135345	0.39238	0.27839	8402.12695	0.02734	11161	1	0.51259	0.33516	0	0.38034	0.26308	1	0.38034	0.26308	1	0.47673	0.53817	11.24193	1.10280	0	0.47706	0.53882	11.39561	1.11148	1	-0.00606	-0.01046	0.71539	0.00381	1	-0.00588	-0.01038	0.70619	0.00363	1	1.45898	0.81042	0	
1245678	8402.16113	3304821202500	0.39153	0.28108	8402.12695	0.03418	11161	1	0.51259	0.33516	0	0.38730	0.29451	1	0.38730	0.29451	1	0.47673	0.53817	11.24193	1.11148	0	0.47682	0.53848	11.02742	1.12016	1	-0.00606	-0.01046	0.71539	0.00381	1	-0.00588	-0.01038	0.70619	0.00374	1	1.45898	0.81042	0	
1245679	8402.16699	3304821269346	0.38823	0.25269	8402.12695	0.04004	11161	1	0.51259	0.33516	0	0.36842	0.08238	1	0.36842	0.08238	1	0.47673	0.53817	11.24193	1.12016	0	0.47658	0.53647	11.05716	1.12884	1	-0.00606	-0.01046	0.71539	0.00381	1	-0.00588	-0.01038	0.70619	0.00217	1	1.45898	0.81042	0	
1245680	8402.17383	3304821335771	0.39452	0.24582	8402.12695	0.04688	11161	1	0.50816	0.30416	1	0.36892	0.09128	1	0.43854	0.19772	1	0.47663	0.53644	11.05563	1.11976	1	0.74043	0.56271	11.44501	1.11976	1	-0.00561	-0.01000	0.68055	0.00217	1	0.06294	-0.01500	0.68245	0.00389	1	1.45898	0.81042	0	
1245681	8402.18066	3304821402776	0.40483	0.24076	8402.12695	0.05371	11161	1	0.50114	0.12427	1	0.47353	0.27623	1	0.48733	0.20025	1	0.47671	0.53630	11.09423	1.11067	1	0.74039	0.56270	11.22517	1.10199	1	-0.00561	-0.01000	0.68055	0.00225	1	0.06294	-0.01500	0.68245	0.00394	1	1.45898	0.81042	0	
1245682	8402.18750	3304821470592	0.41262	0.24282	8402.12695	0.06055	11161	1	0.49646	0.17122	1	0.46905	0.35155	1	0.48275	0.26139	1	0.47663	0.53637	11.10513	1.09291	1	0.74038	0.56265	11.26724	1.08423	1	-0.00561	-0.01000	0.68055	0.00222	1	0.06294	-0.01500	0.68245	0.00397	1	1.45898	0.81042	0	
1245683	8402.19434	3304821537763	0.41906	0.24616	8402.12695	0.06738	11161	1	0.49864	0.18766	1	0.46826	0.37147	1	0.48345	0.27956	1	0.47699	0.53894	11.66403	1.07514	1	0.74037	0.56273	11.28005	1.05880	1	-0.00566	-0.00991	0.67443	0.00352	1	0.06152	-0.01462	0.66762	0.00394	1	1.45898	0.81042	0	
1245684	8402.20117	3304821603427	0.42425	0.24901	8402.12695	0.07422	11161	1	0.49893	0.20732	1	0.46379	0.35339	1	0.48136	0.28035	1	0.47660	0.53647	11.02485	1.05880	1	0.74032	0.56243	11.06325	1.05114	1	-0.00566	-0.00991	0.67443	0.00218	1	0.06152	-0.01462	0.66762	0.00402	1	1.45898	0.81042	0	
1245685	8402.20801	3304821671347	0.42870	0.24974	8402.12695	0.08105	11161	1	0.48855	0.21693	1	0.47566	0.29997	1	0.48211	0.25845	1	0.47649	0.53642	11.18365	1.05114	1	0.74048	0.56242	11.38944	1.04348	1	-0.00566	-0.00991	0.67443	0.00215	1	0.06152	-0.01462	0.66762	0.00384	1	1.45898	0.81042	0	
1245686	8402.21387	3304821738502	0.43252	0.25003	8402.12695	0.08691	11161	1	0.48836	0.21562	1	0.47601	0.29212	1	0.48218	0.25387	1	0.47658	0.53653	10.87629	1.05257	1	0.74046	0.56252	11.23051	1.05257	1	-0.00588	-0.01038	0.70619	0.00218	1	0.06294	-0.01500	0.68245	0.00388	1	1.45898	0.81042	0	
1245687	8402.22070	3304821805640	0.43612	0.24719	8402.12695	0.09375	11161	1	0.49181	0.14918	1	0.48123	0.26560	1	0.48652	0.20739	1	0.47661	0.53637	10.52221	1.06165	1	0.74054	0.56212	11.04950	1.06931	1	-0.00588	-0.01038	0.70619	0.00217	1	0.06294	-0.01500	0.68245	0.00397	1	1.45898	0.81042	0	
1245688	8402.22754	3304821872326	0.43907	0.24449	8402.12695	0.10059	11161	1	0.49798	0.14002	1	0.46845	0.26806	1	0.48321	0.20404	1	0.47669	0.53648	10.61729	1.07840	1	0.74036	0.56255	11.38505	1.08606	1	-0.00588	-0.01038	0.70619	0.00215	1	0.06294	-0.01500	0.68245	0.00382	1	1.45898	0.81042	0	
1245689	8402.23438	3304821939260	0.46220	0.22702	8402.12695	0.10059	11161	0	0.49802	0.14037	1	0.46844	0.26837	1	0.48323	0.20437	1	0.47665	0.53650	10.45255	1.07804	1	0.74062	0.56252	11.50110	1.08570	1	-0.00552	-0.00975	0.66305	0.00225	1	0.06224	-0.01478	0.67487	0.00380	1	1.45898	0.81042	0	
1245690	8402.24121	3304822006276	0.46657	0.24823	8402.12695	0.10059	11161	0	0.49124	0.15765	1	0.45063	0.38123	1	0.47094	0.26944	1	0.47654	0.53648	10.54619	1.06860	1	0.74012	0.56290	11.70291	1.06860	1	-0.00552	-0.00975	0.66305	0.00222	1	0.06224	-0.01478	0.67487	0.00387	1	1.45898	0.81042	0	
1245691	8402.24805	3304822073455	0.47078	0.26118	8402.12695	0.10059	11161	0	0.49933	0.17121	1	0.45909	0.40293	1	0.47921	0.28707	1	0.47659	0.53640	10.75810	1.05150	1	0.74020	0.56300	11.71744	1.05150	1	-0.00552	-0.00975	0.66305	0.00221	1	0.06224	-0.01478	0.67487	0.00388	1	1.45898	0.81042	0	
1245692	8402.25488	3304822140648	0.47309	0.27205	8402.23438	0.02051	11162	1	0.50147	0.18765	1	0.45853	0.42171	1	0.48000	0.30468	1	0.47659	0.53640	10.75810	1.03439	1	0.74021	0.56295	11.56310	1.02673	1	-0.00552	-0.00975	0.66305	0.00221	1	0.06152	-0.01462	0.66762	0.00390	1	1.45898	0.81042	0	
1245693	8402.26172	3304822207664	0.47322	0.27578	8402.23438	0.02734	11162	1	0.48590	0.18030	1	0.46156	0.40102	1	0.47373	0.29066	1	0.47644	0.53639	10.78838	1.02673	1	0.74026	0.56270	11.48192	1.01907	1	-0.00552	-0.00975	0.66305	0.00213	1	0.06152	-0.01462	0.66762	0.00391	1	1.45898	0.81042	0	
1245694	8402.26758	3304822275201	0.47157	0.28255	8402.23438	0.03320	11162	1	0.49284	0.19341	1	0.43388	0.43940	1	0.46336	0.31640	1	0.47648	0.53640	10.88751	1.01907	1	0.73986	0.56306	11.50820	1.01142	1	-0.00552	-0.00975	0.66305	0.00215	1	0.06152	-0.01462	0.66762	0.00400	1	1.45898	0.81042	0	
1245695	8402.27441	3304822341458	0.47040	0.28646	8402.23438	0.04004	11162	1	0.49279	0.19306	1	0.43387	0.42687	1	0.46333	0.30996	1	0.47656	0.53649	10.61134	1.01943	1	0.74024	0.56295	11.81728	1.02811	1	-0.00561	-0.01000	0.68055	0.00213	1	0.06472	-0.01538	0.70230	0.00383	1	1.45898	0.81042	0	
1245696	8402.28125	3304822407605	0.47267	0.28419	8402.23438	0.04688	11162	1	0.49465	0.17996	1	0.48259	0.35662	1	0.48862	0.26829	1	0.47650	0.53639	10.84073	1.03613	1	0.74058	0.56248	11.16508	1.05247	1	-0.00561	-0.01000	0.68055	0.00216	1	0.06472	-0.01538	0.70230	0.00384	1	1.45898	0.81042	0	
1245697	8402.28809	3304822473032	0.47289	0.28359	8402.23438	0.05371	11162	1	0.50462	0.20344	1	0.44468	0.35407	1	0.47465	0.27875	1	0.47670	0.53643	10.64346	1.06049	1	0.74000	0.56281	11.35968	1.07683	1	-0.00561	-0.01000	0.68055	0.00221	1	0.06472	-0.01538	0.70230	0.00397	1	1.45898	0.81042	0	
1245698	8402.29492	3304822540821	0.47288	0.28059	8402.23438	0.06055	11162	1	0.50063	0.17259	1	0.44491	0.33464	1	0.47277	0.25361	1	0.47659	0.53648	10.40068	1.09393	1	0.74026	0.56274	11.67907	1.10159	1	-0.00584	-0.01036	0.70122	0.00217	1	0.06224	-0.01478	0.67487	0.00391	1	1.45898	0.81042	0	
1245699	8402.30176	3304822609583	0.47428	0.27612	8402.23438	0.06738	11162	1	0.49047	0.14547	1	0.48609	0.31730	1	0.48828	0.23139	1	0.47655	0.53633	10.83925	1.11067	1	0.74063	0.56211	11.14807	1.10199	1	-0.00584	-0.01036	0.70122	0.00210	1	0.06224	-0.01478	0.67487	0.00391	1	1.45898	0.81042	0	
1245700	8402.30762	3304822675456	0.47608	0.28299	8402.23438	0.07324	11162	1	0.51130	0.40818	1	0.48039	0.30891	1	0.49584	0.35855	1	0.47675	0.53914	11.26139	1.11108	1	0.74049	0.56222	11.24072	1.10240	1	-0.00584	-0.01036	0.70122	0.00355	1	0.06224	-0.01478	0.67487	0.00396	1	1.45898	0.81042	0	
1245701	8402.31445	3304822743191	0.47762	0.28930	8402.23438	0.08008	11162	1	0.51226	0.41421	1	0.48004	0.31594	1	0.49615	0.36508	1	0.47666	0.53642	10.53801	1.10240	1	0.74051	0.56246	11.20919	1.09372	1	-0.00561	-0.01000	0.68055	0.00218	1	0.06224	-0.01478	0.67487	0.00383	1	1.45898	0.81042	0	
1245702	8402.32129	3304822810057	0.47760	0.28601	8402.23438	0.08691	11162	1	0.48716	0.11969	1	0.46740	0.36665	1	0.47728	0.24317	1	0.47660	0.53618	10.64840	1.08463	1	0.74036	0.56254	11.24542	1.08463	1	-0.00561	-0.01000	0.68055	0.00211	1	0.06224	-0.01478	0.67487	0.00384	1	1.45898	0.81042	0	
1245703	8402.32812	3304822877163	0.47750	0.28494	8402.23438	0.09375	11162	1	0.49559	0.17940	1	0.45675	0.36079	1	0.47617	0.27009	1	0.47665	0.53623	10.73446	1.07555	1	0.74028	0.56232	11.13608	1.07555	1	-0.00561	-0.01000	0.68055	0.00213	1	0.06224	-0.01478	0.67487	0.00388	1	1.45898	0.81042	0	
1245704	8402.33496	3304822944242	0.47745	0.28450	8402.23438	0.10059	11162	1	0.49673	0.18787	1	0.45657	0.36788	1	0.47665	0.27788	1	0.47669	0.53609	10.59200	1.06646	1	0.74029	0.56216	11.23512	1.06646	1	-0.00556	-0.00986	0.67423	0.00215	1	0.06224	-0.01478	0.67487	0.00374	1	1.45898	0.81042	0	
1245705	8402.34180	3304823011300	0.47807	0.28266	8402.23438	0.10742	11162	1	0.50019	0.16508	1	0.47567	0.34124	1	0.48793	0.25316	1	0.47677	0.53606	11.01592	1.06646	1	0.74046	0.56179	10.98633	1.06646	1	-0.00556	-0.00986	0.67423	0.00207	1	0.06224	-0.01478	0.67487	0.00366	1	1.45898	0.81042	0	
1245706	8402.34863	3304823078104	0.47827	0.28071	8402.23438	0.11426	11162	1	0.50564	0.14899	1	0.45787	0.34614	1	0.48176	0.24756	1	0.47681	0.53600	10.91789	1.06646	1	0.74022	0.56190	10.96241	1.06646	1	-0.00556	-0.00986	0.67423	0.00212	1	0.06224	-0.01478	0.67487	0.00404	1	1.45898	0.81042	0	
1245707	8402.35547	3304823145463	0.47846	0.27896	8402.23438	0.12109	11162	1	0.50564	0.14899	1	0.45787	0.34614	1	0.48176	0.24756	1	0.47719	0.53892	10.23896	1.06646	1	0.74033	0.56192	11.32243	1.06646	1	-0.00561	-0.01000	0.68055	0.00375	1	0.06294	-0.01489	0.68245	0.00385	1	1.45898	0.81042	0	
1245708	8402.36133	3304823211592	0.47846	0.27687	8402.23438	0.12695	11162	1	0.48624	0.16906	1	0.47091	0.30498	1	0.47858	0.23702	1	0.47686	0.53603	10.99529	1.06646	1	0.74041	0.56210	11.62527	1.06646	1	-0.00561	-0.01000	0.68055	0.00213	1	0.06294	-0.01489	0.68245	0.00403	1	1.45898	0.81042	0	
1245709	8402.36816	3304823279103	0.47282	0.26983	8402.23438	0.13379	11162	1	0.48624	0.16906	0	0.36007	0.12906	1	0.36007	0.12906	1	0.47686	0.53603	10.99529	1.06646	0	0.47679	0.53626	10.89664	1.06646	1	-0.00561	-0.01000	0.68055	0.00213	1	0.06294	-0.01489	0.68245	0.00212	1	1.45898	0.81042	0	
1245710	8402.37500	3304823342215	0.46770	0.26343	8402.23438	0.14062	11162	1	0.48624	0.16906	0	0.36007	0.12906	1	0.36007	0.12906	1	0.47686	0.53603	10.99529	1.06646	0	0.47697	0.53610	10.72668	1.06646	1	-0.00561	-0.01000	0.68055	0.00213	1	-0.00556	-0.00986	0.67423	0.00214	1	1.45898	0.81042	0	
1245711	8402.38184	3304823410188	0.46770	0.26343	8402.23438	0.14746	11162	1	0.48624	0.16906	0	0.36007	0.12906	0	0.36007	0.12906	0	0.47686	0.53603	10.99529	1.06646	0	0.47697	0.53610	10.72668	1.06646	0	-0.00561	-0.01000	0.68055	0.00213	1	-0.00556	-0.00986	0.67423	0.00214	1	1.45898	0.81042	0	
1245712	8402.38867	3304823477736	0.46770	0.26343	8402.23438	0.15430	11162	1	0.48624	0.16906	0	0.36007	0.12906	0	0.36007	0.12906	0	0.47686	0.53603	10.99529	1.06646	0	0.47697	0.53610	10.72668	1.06646	0	-0.00561	-0.01000	0.68055	0.00213	1	-0.00556	-0.00986	0.67423	0.00214	1	1.45898	0.81042	0	
1245713	8402.39453	3304823543601	0.46770	0.26343	8402.23438	0.16016	11162	1	0.48624	0.16906	0	0.36007	0.12906	0	0.36007	0.12906	0	0.47686	0.53603	10.99529	1.06646	0	0.47697	0.53610	10.72668	1.06646	0	-0.00561	-0.01000	0.68055	0.00213	1	-0.00556	-0.00986	0.67423	0.00214	1	1.45898	0.81042	0	
1245714	8402.40137	3304823611420	0.46338	0.24913	8402.23438	0.16016	11162	0	0.48624	0.16906	0	0.36007	0.12906	0	0.36007	0.12906	0	0.47686	0.53603	10.99529	1.06646	0	0.47697	0.53610	10.72668	1.06646	0	-0.00561	-0.01000	0.68055	0.00213	1	-0.00556	-0.00986	0.67423	0.00214	1	1.45898	0.81042	0	
1245715	8402.40820	3304823678894	0.46338	0.24913	8402.23438	0.16016	11162	0	0.48624	0.16906	0	0.36007	0.12906	0	0.36007	0.12906	0	0.47686	0.53603	10.99529	1.06646	0	0.47697	0.53610	10.72668	1.06646	0	-0.00561	-0.01000	0.68055	0.00213	1	-0.00556	-0.00986	0.67423	0.00214	1	1.45898	0.81042	0	
1245716	8402.41504	3304823744685	0.46338	0.24913	8402.23438	0.16016	11162	0	0.48624	0.16906	0	0.36007	0.12906	0	0.36007	0.12906	0	0.47686	0.53603	10.99529	1.06646	0	0.47697	0.53610	10.72668	1.06646	0	-0.00561	-0.01000	0.68055	0.00213	1	-0.00556	-0.00986	0.67423	0.00214	1	1.45898	0.81042	0	
1245717	8402.42188	3304823812204	0.00000	0.00000	8402.23438	0.16016	11162	0	0.48624	0.16906	0	0.36007	0.12906	0	0.36007	0.12906	0	0.47686	0.53603	10.99529	1.06646	0	0.47697	0.53610	10.72668	1.06646	0	-0.00561	-0.01000	0.68055	0.00213	1	-0.00556	-0.00986	0.67423	0.00214	1	1.45898	0.81042	0	
1245718	8402.42871	3304823879339	0.00000	0.00000	8402.23438	0.16016	11162	0	0.48624	0.16906	0	0.36007	0.12906	0	0.36007	0.12906	0	0.47686	0.53603	10.99529	1.06646	0	0.47697	0.53610	10.72668	1.06646	0	-0.00561	-0.01000	0.68055	0.00213	1	-0.00556	-0.00986	0.67423	0.00214	1	1.45898	0.81042	0	
1245719	8402.43555	3304823948647	0.00000	0.00000	8402.23438	0.16016	11162	0	0.48624	0.16906	0	0.36007	0.12906	0	0.36007	0.12906	0	0.47686	0.53603	10.99529	1.06646	0	0.47697	0.53610	10.72668	1.06646	0	-0.00561	-0.01000	0.68055	0.00213	1	-0.00556	-0.00986	0.67423	0.00214	1	1.45898	0.81042	0	
1245720	8402.44238	3304824014378	0.00000	0.00000	8402.23438	0.16016	11162	0	0.48624	0.16906	0	0.36007	0.12906	0	0.36007	0.12906	0	0.47686	0.53603	10.99529	1.06646	0	0.47697	0.53610	10.72668	1.06646	0	-0.00561	-0.01000	0.68055	0.00213	1	-0.00556	-0.00986	0.67423	0.00214	1	1.45898	0.81042	0	
1245721	8402.44922	3304824082540	0.00000	0.00000	8402.23438	0.16016	11162	0	0.48624	0.16906	0	0.36007	0.12906	0	0.36007	0.12906	0	0.47686	0.53603	10.99529	1.06646	0	0.47697	0.53610	10.72668	1.06646	0	-0.00561	-0.01000	0.68055	0.00213	1	-0.00556	-0.00986	0.67423	0.00214	1	1.45898	0.81042	0	
1245722	8402.45508	3304824150588	0.00000	0.00000	8402.23438	0.16016	11162	0	0.48624	0.16906	0	0.36007	0.12906	0	0.36007	0.12906	0	0.47686	0.53603	10.99529	1.06646	0	0.47697	0.53610	10.72668	1.06646	0	-0.00561	-0.01000	0.68055	0.00213	1	-0.00556	-0.00986	0.67423	0.00214	1	1.45898	0.81042	0	
1245723	8402.46191	3304824217903	0.00000	0.00000	8402.23438	0.16016	11162	0	0.48624	0.16906	0	0.36007	0.12906	0	0.36007	0.12906	0	0.47686	0.53603	10.99529	1.06646	0	0.47697	0.53610	10.72668	1.06646	0	-0.00561	-0.01000	0.68055	0.00213	1	-0.00556	-0.00986	0.67423	0.00214	1	1.45898	0.81042	0	
1245724	8402.46875	3304824283320	0.23761	0.14584	8402.23438	0.16016	11162	0	0.49466	0.18098	1	0.45577	0.40237	1	0.47521	0.29167	1	0.47738	0.53624	10.68289	1.06646	1	0.74093	0.56318	11.85197	1.06646	1	-0.00561	-0.01000	0.68055	0.00212	1	-0.00556	-0.00986	0.67423	0.00382	1	1.45898	0.81042	0	
1245725	8402.47559	3304824350717	0.31695	0.19670	8402.23438	0.16016	11162	0	0.49568	0.18851	1	0.45562	0.40836	1	0.47565	0.29844	1	0.47743	0.53603	10.65776	1.05844	1	0.74116	0.56271	11.15792	1.05844	1	-0.00526	-0.00959	0.65575	0.00211	1	0.06431	-0.01522	0.69504	0.00393	1	1.45898	0.81042	0	
1245726	8402.48242	3304824417606	0.47675	0.29019	8402.23438	0.16016	11162	0	0.49958	0.16142	1	0.45919	0.39951	1	0.47939	0.28047	1	0.47747	0.53589	10.30965	1.05043	1	0.74099	0.56294	11.66949	1.05043	1	-0.00526	-0.00959	0.65575	0.00220	1	0.06431	-0.01522	0.69504	0.00389	1	1.45898	0.81042	0	
1245727	8402.48926	3304824484379	0.47695	0.28130	8402.23438	0.16016	11162	0	0.47217	0.18011	1	0.48215	0.36470	1	0.47716	0.27240	1	0.47736	0.53594	10.49741	1.04241	1	0.74135	0.56250	11.16021	1.04241	1	-0.00526	-0.00959	0.65575	0.00211	1	0.06431	-0.01522	0.69504	0.00384	1	1.45898	0.81042	0	
1245728	8402.49609	3304824551625	0.47702	0.27833	8402.23438	0.16016	11162	0	0.47217	0.18011	1	0.48215	0.36470	1	0.47716	0.27240	1	0.47755	0.53592	10.37728	1.04241	1	0.74128	0.56223	10.94759	1.04241	1	-0.00544	-0.00995	0.68403	0.00224	1	0.06431	-0.01522	0.69504	0.00392	1	1.45898	0.81042	0	
1245729	8402.50195	3304824618457	0.47712	0.26831	8402.48242	0.01953	11163	1	0.49194	0.17504	1	0.46288	0.30145	1	0.47741	0.23825	1	0.47765	0.53600	10.95928	1.05043	1	0.74108	0.56245	11.20147	1.05043	1	-0.00544	-0.00995	0.68403	0.00213	1	0.06431	-0.01522	0.69504	0.00388	1	1.45898	0.81042	0	
1245730	8402.50879	3304824685765	0.47618	0.26985	8402.48242	0.02637	11163	1	0.49078	0.16818	1	0.45411	0.38381	1	0.47244	0.27599	1	0.47762	0.53588	10.45081	1.05844	1	0.74093	0.56278	11.79166	1.05844	1	-0.00544	-0.00995	0.68403	0.00219	1	0.06431	-0.01522	0.69504	0.00381	1	1.45898	0.81042	0	
1245731	8402.51562	3304824750488	0.47253	0.28781	8402.48242	0.03320	11163	1	0.49078	0.16818	0	0.45425	0.37763	1	0.45425	0.37763	1	0.47762	0.53588	10.45081	1.06646	0	0.74112	0.56294	11.18596	1.06646	1	-0.00544	-0.00995	0.68403	0.00219	1	0.06431	-0.01533	0.69504	0.00373	1	1.45898	0.81042	0	
1245732	8402.52246	3304824820718	0.46771	0.29686	8402.48242	0.04004	11163	1	0.49078	0.16818	0	0.43881	0.35118	1	0.43881	0.35118	1	0.47762	0.53588	10.45081	1.06646	0	0.74107	0.56275	11.32307	1.06646	1	-0.00544	-0.00995	0.68403	0.00219	1	0.06431	-0.01533	0.69504	0.00379	1	1.45898	0.81042	0	
1245733	8402.52930	3304824887167	0.46771	0.29686	8402.48242	0.04688	11163	1	0.49078	0.16818	0	0.43881	0.35118	0	0.43881	0.35118	0	0.47762	0.53588	10.45081	1.06646	0	0.74107	0.56275	11.32307	1.06646	0	-0.00544	-0.00995	0.68403	0.00219	1	0.06431	-0.01533	0.69504	0.00379	1	1.45898	0.81042	0	
1245734	8402.53613	3304824952325	0.46410	0.30365	8402.48242	0.05371	11163	1	0.49078	0.16818	0	0.43881	0.35118	1	0.43881	0.35118	1	0.47762	0.53588	10.45081	1.06646	0	0.74133	0.56308	12.09023	1.06646	1	-0.00544	-0.00995	0.68403	0.00219	1	0.06431	-0.01527	0.69504	0.00369	1	1.45898	0.81042	0	
1245735	8402.54297	3304825020281	0.46187	0.31255	8402.48242	0.06055	11163	1	0.49078	0.16818	0	0.44402	0.38372	1	0.44402	0.38372	1	0.47762	0.53588	10.45081	1.06646	0	0.74119	0.56302	11.35038	1.06646	1	-0.00544	-0.00995	0.68403	0.00219	1	0.06431	-0.01527	0.69504	0.00368	1	1.45898	0.81042	0	
1245736	8402.54883	3304825087121	0.46187	0.31255	8402.48242	0.06641	11163	1	0.49078	0.16818	0	0.44402	0.38372	0	0.44402	0.38372	0	0.47762	0.53588	10.45081	1.06646	0	0.74119	0.56302	11.35038	1.06646	0	-0.00544	-0.00995	0.68403	0.00219	1	0.06431	-0.01527	0.69504	0.00368	1	1.45898	0.81042	0	
1245737	8402.55566	3304825152277	0.46187	0.31255	8402.48242	0.07324	11163	1	0.49078	0.16818	0	0.44402	0.38372	0	0.44402	0.38372	0	0.47762	0.53588	10.45081	1.06646	0	0.74119	0.56302	11.35038	1.06646	0	-0.00544	-0.00995	0.68403	0.00219	1	0.06431	-0.01527	0.69504	0.00368	1	1.45898	0.81042	0	
1245738	8402.56250	3304825221530	0.46187	0.31255	8402.48242	0.08008	11163	1	0.49078	0.16818	0	0.44402	0.38372	0	0.44402	0.38372	0	0.47762	0.53588	10.45081	1.06646	0	0.74119	0.56302	11.35038	1.06646	0	-0.00544	-0.00995	0.68403	0.00219	1	0.06431	-0.01527	0.69504	0.00368	1	1.45898	0.81042	0	
1245739	8402.56934	3304825288252	0.46001	0.31534	8402.48242	0.08008	11163	0	0.49078	0.16818	0	0.44402	0.38372	0	0.44402	0.38372	0	0.47762	0.53588	10.45081	1.06646	0	0.74119	0.56302	11.35038	1.06646	0	-0.00544	-0.00995	0.68403	0.00219	1	0.06431	-0.01527	0.69504	0.00368	1	1.45898	0.81042	0	
1245740	8402.57617	3304825355087	0.46001	0.31534	8402.48242	0.08008	11163	0	0.49078	0.16818	0	0.44402	0.38372	0	0.44402	0.38372	0	0.47762	0.53588	10.45081	1.06646	0	0.74119	0.56302	11.35038	1.06646	0	-0.00544	-0.00995	0.68403	0.00219	1	0.06431	-0.01527	0.69504	0.00368	1	1.45898	0.81042	0	
1245741	8402.58301	3304825422260	0.46892	0.36503	8402.48242	0.08008	11163	0	0.49078	0.16818	0	0.47783	0.41471	1	0.47783	0.41471	1	0.47762	0.53588	10.45081	1.06646	0	0.74169	0.56322	11.67194	1.06646	1	-0.00544	-0.00995	0.68403	0.00219	1	0.06431	-0.01527	0.69504	0.00372	1	1.45898	0.81042	0	
1245742	8402.58887	3304825485116	0.47783	0.41471	8402.48242	0.08008	11163	0	0.49078	0.16818	0	0.47783	0.41471	0	0.47783	0.41471	0	0.47762	0.53588	10.45081	1.06646	0	0.74169	0.56322	11.67194	1.06646	0	-0.00544	-0.00995	0.68403	0.00219	1	0.06431	-0.01527	0.69504	0.00372	1	1.45898	0.81042	0	
1245743	8402.59570	3304825555992	0.47783	0.41471	8402.48242	0.08008	11163	0	0.49078	0.16818	0	0.47783	0.41471	0	0.47783	0.41471	0	0.47762	0.53588	10.45081	1.06646	0	0.74169	0.56322	11.67194	1.06646	0	-0.00544	-0.00995	0.68403	0.00219	1	0.06431	-0.01527	0.69504	0.00372	1	1.45898	0.81042	0	
1245744	8402.60254	3304825623433	0.47783	0.41471	8402.48242	0.08008	11163	0	0.49078	0.16818	0	0.47783	0.41471	0	0.47783	0.41471	0	0.47762	0.53588	10.45081	1.06646	0	0.74169	0.56322	11.67194	1.06646	0	-0.00544	-0.00995	0.68403	0.00219	1	0.06431	-0.01527	0.69504	0.00372	1	1.45898	0.81042	0	
1245745	8402.60938	3304825687618	0.00000	0.00000	8402.48242	0.08008	11163	0	0.49078	0.16818	0	0.47783	0.41471	0	0.47783	0.41471	0	0.47762	0.53588	10.45081	1.06646	0	0.74169	0.56322	11.67194	1.06646	0	-0.00544	-0.00995	0.68403	0.00219	1	0.06431	-0.01527	0.69504	0.00372	1	1.45898	0.81042	0	
1245746	8402.61621	3304825757253	0.23892	0.20735	8402.48242	0.08008	11163	0	0.49078	0.16818	0	0.47783	0.41471	1	0.47783	0.41471	1	0.47762	0.53588	10.45081	1.06646	0	0.74188	0.56313	11.23877	1.06646	1	-0.00544	-0.00995	0.68403	0.00219	1	0.06266	-0.01486	0.67616	0.00371	1	1.45898	0.81042	0	
1245747	8402.62305	3304825824414	0.23892	0.20735	8402.48242	0.08008	11163	0	0.49078	0.16818	0	0.47783	0.41471	0	0.47783	0.41471	0	0.47762	0.53588	10.45081	1.06646	0	0.74188	0.56313	11.23877	1.06646	0	-0.00544	-0.00995	0.68403	0.00219	1	0.06266	-0.01486	0.67616	0.00371	1	1.45898	0.81042	0	
1245748	8402.62988	3304825891371	0.47783	0.41471	8402.48242	0.08008	11163	0	0.49078	0.16818	0	0.47783	0.41471	0	0.47783	0.41471	0	0.47762	0.53588	10.45081	1.06646	0	0.74188	0.56313	11.23877	1.06646	0	-0.00544	-0.00995	0.68403	0.00219	1	0.06266	-0.01486	0.67616	0.00371	1	1.45898	0.81042	0	
1245749	8402.63672	3304825958164	0.47783	0.41471	8402.48242	0.08008	11163	0	0.49078	0.16818	0	0.47783	0.41471	0	0.47783	0.41471	0	0.47762	0.53588	10.45081	1.06646	0	0.74188	0.56313	11.23877	1.06646	0	-0.00544	-0.00995	0.68403	0.00219	1	0.06266	-0.01486	0.67616	0.00371	1	1.45898	0.81042	0	
1245750	8402.64258	3304826025255	0.47783	0.41471	8402.48242	0.08008	11163	0	0.49078	0.16818	0	0.47783	0.41471	0	0.47783	0.41471	0	0.47762	0.53588	10.45081	1.06646	0	0.74188	0.56313	11.23877	1.06646	0	-0.00544	-0.00995	0.68403	0.00219	1	0.06266	-0.01486	0.67616	0.00371	1	1.45898	0.81042	0	
1245751	8402.64941	3304826090249	0.47709	0.39170	8402.62988	0.01953	11164	1	0.49078	0.16818	0	0.47635	0.36869	1	0.47635	0.36869	1	0.47762	0.53588	10.45081	1.06646	0	0.74200	0.56268	11.26869	1.06646	1	-0.00544	-0.00995	0.68403	0.00219	1	0.06266	-0.01486	0.67616	0.00387	1	1.45898	0.81042	0	
1245752	8402.65625	3304826158979	0.47709	0.39170	8402.62988	0.02637	11164	1	0.49078	0.16818	0	0.47635	0.36869	0	0.47635	0.36869	0	0.47762	0.53588	10.45081	1.06646	0	0.74200	0.56268	11.26869	1.06646	0	-0.00544	-0.00995	0.68403	0.00219	1	0.06266	-0.01486	0.67616	0.00387	1	1.45898	0.81042	0	
1245753	8402.66309	3304826226021	0.47709	0.39170	8402.62988	0.03320	11164	1	0.49078	0.16818	0	0.47635	0.36869	0	0.47635	0.36869	0	0.47762	0.53588	10.45081	1.06646	0	0.74200	0.56268	11.26869	1.06646	0	-0.00544	-0.00995	0.68403	0.00219	1	0.06266	-0.01486	0.67616	0.00387	1	1.45898	0.81042	0	
1245754	8402.66992	3304826293137	0.47709	0.39170	8402.62988	0.04004	11164	1	0.49078	0.16818	0	0.47635	0.36869	0	0.47635	0.36869	0	0.47762	0.53588	10.45081	1.06646	0	0.74200	0.56268	11.26869	1.06646	0	-0.00544	-0.00995	0.68403	0.00219	1	0.06266	-0.01486	0.67616	0.00387	1	1.45898	0.81042	0	
1245755	8402.67676	3304826360722	0.47635	0.36869	8402.62988	0.04004	11164	0	0.49078	0.16818	0	0.47635	0.36869	0	0.47635	0.36869	0	0.47762	0.53588	10.45081	1.06646	0	0.74200	0.56268	11.26869	1.06646	0	-0.00544	-0.00995	0.68403	0.00219	1	0.06266	-0.01486	0.67616	0.00387	1	1.45898	0.81042	0	
1245756	8402.68359	3304826427400	0.47635	0.36869	8402.62988	0.04004	11164	0	0.49078	0.16818	0	0.47635	0.36869	0	0.47635	0.36869	0	0.47762	0.53588	10.45081	1.06646	0	0.74200	0.56268	11.26869	1.06646	0	-0.00544	-0.00995	0.68403	0.00219	1	0.06266	-0.01486	0.67616	0.00387	1	1.45898	0.81042	0	
1245757	8402.68945	3304826494140	0.47635	0.36869	8402.62988	0.04004	11164	0	0.49078	0.16818	0	0.47635	0.36869	0	0.47635	0.36869	0	0.47762	0.53588	10.45081	1.06646	0	0.74200	0.56268	11.26869	1.06646	0	-0.00544	-0.00995	0.68403	0.00219	1	0.06266	-0.01486	0.67616	0.00387	1	1.45898	0.81042	0	
1245758	8402.69629	3304826561237	0.00000	0.00000	8402.62988	0.04004	11164	0	0.49078	0.16818	0	0.47635	0.36869	0	0.47635	0.36869	0	0.47762	0.53588	10.45081	1.06646	0	0.74200	0.56268	11.26869	1.06646	0	-0.00544	-0.00995	0.68403	0.00219	1	0.06266	-0.01486	0.67616	0.00387	1	1.45898	0.81042	0	
1245759	8402.70312	3304826628156	0.00000	0.00000	8402.62988	0.04004	11164	0	0.49078	0.16818	0	0.47635	0.36869	0	0.47635	0.36869	0	0.47762	0.53588	10.45081	1.06646	0	0.74200	0.56268	11.26869	1.06646	0	-0.00544	-0.00995	0.68403	0.00219	1	0.06266	-0.01486	0.67616	0.00387	1	1.45898	0.81042	0	
1245760	8402.70996	3304826695328	0.00000	0.00000	8402.62988	0.04004	11164	0	0.49078	0.16818	0	0.47635	0.36869	0	0.47635	0.36869	0	0.47762	0.53588	10.45081	1.06646	0	0.74200	0.56268	11.26869	1.06646	0	-0.00544	-0.00995	0.68403	0.00219	1	0.06266	-0.01486	0.67616	0.00387	1	1.45898	0.81042	0	
1245761	8402.71680	3304826761028	0.48289	0.26758	8402.62988	0.04004	11164	0	0.48973	0.16050	1	0.47605	0.37467	1	0.48289	0.26758	1	0.47822	0.53769	10.91826	1.06646	1	0.74189	0.56307	12.08167	1.05880	1	-0.00518	-0.00975	0.67718	0.00389	1	0.06150	-0.01447	0.66309	0.00386	1	1.45898	0.81042	0	
1245762	8402.72363	3304826828932	0.49317	0.33234	8402.62988	0.04004	11164	0	0.52347	0.37770	1	0.48341	0.41649	1	0.50344	0.39709	1	0.47844	0.53779	11.05962	1.05880	1	0.74184	0.56267	11.98730	1.05114	1	-0.00518	-0.00975	0.67718	0.00351	1	0.06150	-0.01447	0.66309	0.00406	1	1.45898	0.81042	0	
1245763	8402.73047	3304826895872	0.49494	0.35520	8402.62988	0.04004	11164	0	0.52669	0.38729	1	0.47026	0.41458	1	0.49848	0.40093	1	0.47850	0.53801	11.27957	1.05114	1	0.74197	0.56215	11.97499	1.04348	1	-0.00518	-0.00975	0.67718	0.00353	1	0.06150	-0.01447	0.66309	0.00389	1	1.45898	0.81042	0	
1245764	8402.73730	3304826963734	0.50026	0.40062	8402.62988	0.04004	11164	0	0.52749	0.39306	1	0.47026	0.41458	1	0.49888	0.40382	1	0.47823	0.53532	11.14118	1.04348	1	0.74191	0.56201	11.16415	1.04348	1	-0.00518	-0.00975	0.67718	0.00227	1	0.06378	-0.01494	0.68706	0.00415	1	1.45898	0.81042	0	
1245765	8402.74316	3304827031490	0.49586	0.34732	8402.62988	0.04004	11164	0	0.49986	0.22807	1	0.48307	0.35997	1	0.49146	0.29402	1	0.47819	0.53548	10.98333	1.04348	1	0.74216	0.56151	11.21305	1.05114	1	-0.00518	-0.00975	0.67718	0.00221	1	0.06378	-0.01494	0.68706	0.00399	1	1.45898	0.81042	0	
1245766	8402.75000	3304827098280	0.49485	0.36997	8402.62988	0.04004	11164	0	0.51165	0.41517	1	0.47402	0.41538	1	0.49283	0.41527	1	0.47832	0.53787	11.46461	1.05114	1	0.74208	0.56224	11.43742	1.05880	1	-0.00518	-0.00975	0.67718	0.00369	1	0.06378	-0.01494	0.68706	0.00364	1	1.45898	0.81042	0	
1245767	8402.75684	3304827163893	0.49427	0.37989	8402.73730	0.01953	11165	1	0.51075	0.40959	1	0.47430	0.40969	1	0.49253	0.40964	1	0.47810	0.53517	11.32165	1.05880	1	0.74205	0.56217	11.40412	1.06646	1	-0.00515	-0.00964	0.67320	0.00220	1	0.06378	-0.01494	0.68706	0.00369	1	1.45898	0.81042	0	
1245768	8402.76367	3304827230955	0.49068	0.36041	8402.73730	0.02637	11165	1	0.49759	0.18005	1	0.45501	0.38496	1	0.47630	0.28250	1	0.47815	0.53518	11.55249	1.06646	1	0.74176	0.56212	11.99207	1.06646	1	-0.00515	-0.00964	0.67320	0.00226	1	0.06378	-0.01494	0.68706	0.00375	1	1.45898	0.81042	0	
1245769	8402.76953	3304827294967	0.49303	0.35847	8402.73730	0.03223	11165	1	0.51245	0.28685	1	0.49714	0.41069	1	0.50479	0.34877	1	0.47842	0.53649	10.80312	1.06646	1	0.74205	0.56220	11.38638	1.06646	1	-0.00515	-0.00964	0.67320	0.00398	1	0.06378	-0.01494	0.68706	0.00375	1	1.45898	0.81042	0	
1245770	8402.77734	3304827364833	0.49471	0.35709	8402.73730	0.04004	11165	1	0.51245	0.28685	1	0.49714	0.41069	1	0.50479	0.34877	1	0.47826	0.53495	11.08032	1.06646	1	0.74164	0.56205	11.90763	1.06646	1	-0.00515	-0.00954	0.67320	0.00228	1	0.06378	-0.01479	0.68706	0.00392	1	1.45898	0.81042	0	
1245771	8402.78320	3304827427231	0.49347	0.36379	8402.73730	0.04590	11165	1	0.51939	0.39313	1	0.45021	0.42839	1	0.48480	0.41076	1	0.47846	0.53750	11.30010	1.06646	1	0.74201	0.56188	11.05044	1.06646	1	-0.00515	-0.00954	0.67320	0.00365	1	0.06378	-0.01479	0.68706	0.00403	1	1.45898	0.81042	0	
1245772	8402.79004	3304827496012	0.48183	0.36357	8402.73730	0.05273	11165	1	0.51939	0.39313	0	0.38869	0.36181	1	0.38869	0.36181	1	0.47846	0.53750	11.30010	1.06646	0	0.47848	0.53745	11.41966	1.06646	1	-0.00515	-0.00954	0.67320	0.00365	1	0.06378	-0.01479	0.68706	0.00359	1	1.45898	0.81042	0	
1245773	8402.79688	3304827561808	0.47248	0.36272	8402.73730	0.05957	11165	1	0.51939	0.39313	0	0.38834	0.35503	1	0.38834	0.35503	1	0.47846	0.53750	11.30010	1.06646	0	0.47812	0.53481	11.16030	1.07514	1	-0.00515	-0.00954	0.67320	0.00365	1	-0.00540	-0.00991	0.69943	0.00222	1	1.45898	0.81042	0	
1245774	8402.80371	3304827630080	0.46434	0.35216	8402.73730	0.06641	11165	1	0.51939	0.39313	0	0.38291	0.24651	1	0.38291	0.24651	1	0.47846	0.53750	11.30010	1.07514	0	0.47839	0.53613	11.14683	1.08382	1	-0.00515	-0.00954	0.67320	0.00365	1	-0.00540	-0.00991	0.69943	0.00360	1	1.45898	0.81042	0	
1245775	8402.81055	3304827699109	0.45735	0.34082	8402.73730	0.07324	11165	1	0.51939	0.39313	0	0.38045	0.21614	1	0.38045	0.21614	1	0.47846	0.53750	11.30010	1.08382	0	0.47833	0.53598	11.06165	1.09250	1	-0.00515	-0.00954	0.67320	0.00365	1	-0.00540	-0.00991	0.69943	0.00354	1	1.45898	0.81042	0	
1245776	8402.81641	3304827763562	0.45143	0.33123	8402.73730	0.07910	11165	1	0.51939	0.39313	0	0.38045	0.21614	1	0.38045	0.21614	1	0.47846	0.53750	11.30010	1.09250	0	0.47812	0.53448	11.08864	1.09250	1	-0.00515	-0.00954	0.67320	0.00365	1	-0.00537	-0.00976	0.68881	0.00224	1	1.45898	0.81042	0	
1245777	8402.82324	3304827829296	0.44697	0.33291	8402.73730	0.08594	11165	1	0.51939	0.39313	0	0.38894	0.35474	1	0.38894	0.35474	1	0.47846	0.53750	11.30010	1.09250	0	0.47854	0.53686	11.29022	1.08382	1	-0.00515	-0.00954	0.67320	0.00365	1	-0.00537	-0.00976	0.68881	0.00359	1	1.45898	0.81042	0	
1245778	8402.83008	3304827900390	0.44294	0.32775	8402.73730	0.09277	11165	1	0.51939	0.39313	0	0.38655	0.25558	1	0.38655	0.25558	1	0.47846	0.53750	11.30010	1.08382	0	0.47835	0.53645	11.30301	1.07514	1	-0.00515	-0.00954	0.67320	0.00365	1	-0.00537	-0.00976	0.68881	0.00352	1	1.45898	0.81042	0	
1245779	8402.83691	3304827967883	0.42119	0.30555	8402.73730	0.09277	11165	0	0.51939	0.39313	0	0.38725	0.26983	1	0.38725	0.26983	1	0.47846	0.53750	11.30010	1.07514	0	0.47811	0.53439	11.21587	1.05880	1	-0.00515	-0.00954	0.67320	0.00365	1	-0.00512	-0.00934	0.66264	0.00222	1	1.45898	0.81042	0	
1245780	8402.84375	3304828034846	0.39828	0.31052	8402.73730	0.09277	11165	0	0.51939	0.39313	0	0.37538	0.31549	1	0.37538	0.31549	1	0.47846	0.53750	11.30010	1.05880	0	0.47830	0.53629	11.06549	1.05114	1	-0.00515	-0.00954	0.67320	0.00365	1	-0.00512	-0.00934	0.66264	0.00371	1	1.45898	0.81042	0	
1245781	8402.85059	3304828101796	0.39079	0.31430	8402.73730	0.09277	11165	0	0.51939	0.39313	0	0.37579	0.32188	1	0.37579	0.32188	1	0.47846	0.53750	11.30010	1.05114	0	0.47830	0.53629	11.06549	1.04348	1	-0.00515	-0.00954	0.67320	0.00365	1	-0.00512	-0.00934	0.66264	0.00371	1	1.45898	0.81042	0	
1245782	8402.85742	3304828167504	0.40561	0.33020	8402.83691	0.02051	11166	1	0.52355	0.42126	1	0.37661	0.33452	1	0.45008	0.37789	1	0.47796	0.53419	11.62614	1.02834	1	0.74204	0.56061	10.94947	1.02834	1	-0.00499	-0.00892	0.63942	0.00225	1	0.06378	-0.01469	0.68706	0.00393	1	1.45898	0.81042	0	
1245783	8402.86426	3304828235585	0.42209	0.32460	8402.83691	0.02734	11166	1	0.48560	0.22472	1	0.49043	0.37964	1	0.48802	0.30218	1	0.47786	0.53417	11.33809	1.01320	1	0.74193	0.56050	11.12181	1.02086	1	-0.00499	-0.00892	0.63942	0.00229	1	0.06378	-0.01469	0.68706	0.00409	1	1.45898	0.81042	0	
1245784	8402.87109	3304828302927	0.43333	0.33884	8402.83691	0.03418	11166	1	0.48560	0.22472	0	0.48952	0.41003	1	0.48952	0.41003	1	0.47786	0.53417	11.33809	1.00571	0	0.74196	0.56071	11.12965	1.01337	1	-0.00499	-0.00892	0.63942	0.00229	1	0.06378	-0.01469	0.68706	0.00391	1	1.45898	0.81042	0	
1245785	8402.87793	3304828370312	0.43333	0.33884	8402.83691	0.04102	11166	1	0.48560	0.22472	0	0.48952	0.41003	0	0.48952	0.41003	0	0.47786	0.53417	11.33809	0.99823	0	0.74196	0.56071	11.12965	1.00589	0	-0.00499	-0.00892	0.63942	0.00229	1	0.06378	-0.01469	0.68706	0.00391	1	1.45898	0.81042	0	
1245786	8402.88379	3304828436566	0.43333	0.33884	8402.83691	0.04688	11166	1	0.48560	0.22472	0	0.48952	0.41003	0	0.48952	0.41003	0	0.47786	0.53417	11.33809	1.00589	0	0.74196	0.56071	11.12965	1.00589	0	-0.00499	-0.00892	0.63942	0.00229	1	0.06378	-0.01469	0.68706	0.00391	1	1.45898	0.81042	0	
1245787	8402.89062	3304828503681	0.43333	0.33884	8402.83691	0.05371	11166	1	0.48560	0.22472	0	0.48952	0.41003	0	0.48952	0.41003	0	0.47786	0.53417	11.33809	1.00589	0	0.74196	0.56071	11.12965	1.00589	0	-0.00499	-0.00892	0.63942	0.00229	1	0.06378	-0.01469	0.68706	0.00391	1	1.45898	0.81042	0	
1245788	8402.89746	3304828569635	0.43576	0.34549	8402.83691	0.05371	11166	0	0.48560	0.22472	0	0.48952	0.41003	0	0.48952	0.41003	0	0.47786	0.53417	11.33809	1.00589	0	0.74196	0.56071	11.12965	1.00589	0	-0.00499	-0.00892	0.63942	0.00229	1	0.06378	-0.01469	0.68706	0.00391	1	1.45898	0.81042	0	
1245789	8402.90430	3304828637093	0.43576	0.34549	8402.83691	0.05371	11166	0	0.48560	0.22472	0	0.48952	0.41003	0	0.48952	0.41003	0	0.47786	0.53417	11.33809	1.00589	0	0.74196	0.56071	11.12965	1.00589	0	-0.00499	-0.00892	0.63942	0.00229	1	0.06378	-0.01469	0.68706	0.00391	1	1.45898	0.81042	0	
1245790	8402.91113	3304828704617	0.43576	0.34549	8402.83691	0.05371	11166	0	0.48560	0.22472	0	0.48952	0.41003	0	0.48952	0.41003	0	0.47786	0.53417	11.33809	1.00589	0	0.74196	0.56071	11.12965	1.00589	0	-0.00499	-0.00892	0.63942	0.00229	1	0.06378	-0.01469	0.68706	0.00391	1	1.45898	0.81042	0	
1245791	8402.91797	3304828771131	0.00000	0.00000	8402.83691	0.05371	11166	0	0.48560	0.22472	0	0.48952	0.41003	0	0.48952	0.41003	0	0.47786	0.53417	11.33809	1.00589	0	0.74196	0.56071	11.12965	1.00589	0	-0.00499	-0.00892	0.63942	0.00229	1	0.06378	-0.01469	0.68706	0.00391	1	1.45898	0.81042	0	
1245792	8402.92480	3304828839243	0.00000	0.00000	8402.83691	0.05371	11166	0	0.48560	0.22472	0	0.48952	0.41003	0	0.48952	0.41003	0	0.47786	0.53417	11.33809	1.00589	0	0.74196	0.56071	11.12965	1.00589	0	-0.00499	-0.00892	0.63942	0.00229	1	0.06378	-0.01469	0.68706	0.00391	1	1.45898	0.81042	0	
1245793	8402.93066	3304828905683	0.00000	0.00000	8402.83691	0.05371	11166	0	0.48560	0.22472	0	0.48952	0.41003	0	0.48952	0.41003	0	0.47786	0.53417	11.33809	1.00589	0	0.74196	0.56071	11.12965	1.00589	0	-0.00499	-0.00892	0.63942	0.00229	1	0.06378	-0.01469	0.68706	0.00391	1	1.45898	0.81042	0	
1245794	8402.93750	3304828972397	0.48872	0.42188	8402.83691	0.05371	11166	0	0.48560	0.22472	0	0.48872	0.42188	1	0.48872	0.42188	1	0.47852	0.53616	11.28926	1.00589	0	0.47852	0.53616	11.28926	0.99823	1	-0.00499	-0.00892	0.63942	0.00229	1	-0.00520	-0.00922	0.66108	0.00388	1	1.45898	0.81042	0	
1245795	8402.94434	3304829039239	0.48872	0.42188	8402.83691	0.05371	11166	0	0.48560	0.22472	0	0.48872	0.42188	0	0.48872	0.42188	0	0.47852	0.53616	11.28926	0.99823	0	0.47852	0.53616	11.28926	0.99057	0	-0.00499	-0.00892	0.63942	0.00229	1	-0.00520	-0.00922	0.66108	0.00388	1	1.45898	0.81042	0	
1245796	8402.95117	3304829106543	0.48872	0.42188	8402.83691	0.05371	11166	0	0.48560	0.22472	0	0.48872	0.42188	0	0.48872	0.42188	0	0.47852	0.53616	11.28926	0.99057	0	0.47852	0.53616	11.28926	0.98291	0	-0.00499	-0.00892	0.63942	0.00229	1	-0.00520	-0.00922	0.66108	0.00388	1	1.45898	0.81042	0	
1245797	8402.95801	3304829173616	0.00000	0.00000	8402.83691	0.05371	11166	0	0.48560	0.22472	0	0.48872	0.42188	0	0.48872	0.42188	0	0.47852	0.53616	11.28926	0.98291	0	0.47852	0.53616	11.28926	0.97525	0	-0.00499	-0.00892	0.63942	0.00229	1	-0.00520	-0.00922	0.66108	0.00388	1	1.45898	0.81042	0	
1245798	8402.96484	3304829240357	0.00000	0.00000	8402.83691	0.05371	11166	0	0.48560	0.22472	0	0.48872	0.42188	0	0.48872	0.42188	0	0.47852	0.53616	11.28926	0.97525	0	0.47852	0.53616	11.28926	0.97525	0	-0.00499	-0.00892	0.63942	0.00229	1	-0.00520	-0.00922	0.66108	0.00388	1	1.45898	0.81042	0	
1245799	8402.97168	3304829307655	0.00000	0.00000	8402.83691	0.05371	11166	0	0.48560	0.22472	0	0.48872	0.42188	0	0.48872	0.42188	0	0.47852	0.53616	11.28926	0.97525	0	0.47852	0.53616	11.28926	0.97525	0	-0.00499	-0.00892	0.63942	0.00229	1	-0.00520	-0.00922	0.66108	0.00388	1	1.45898	0.81042	0	
1245800	8402.97754	3304829374435	0.00000	0.00000	8402.83691	0.05371	11166	0	0.48560	0.22472	0	0.48872	0.42188	0	0.48872	0.42188	0	0.47852	0.53616	11.28926	0.97525	0	0.47852	0.53616	11.28926	0.97525	0	-0.00499	-0.00892	0.63942	0.00229	1	-0.00520	-0.00922	0.66108	0.00388	1	1.45898	0.81042	0	
1245801	8402.98438	3304829441051	0.00000	0.00000	8402.83691	0.05371	11166	0	0.48560	0.22472	0	0.48872	0.42188	0	0.48872	0.42188	0	0.47852	0.53616	11.28926	0.97525	0	0.47852	0.53616	11.28926	0.97525	0	-0.00499	-0.00892	0.63942	0.00229	1	-0.00520	-0.00922	0.66108	0.00388	1	1.45898	0.81042	0	
1245802	8402.99121	3304829508470	0.00000	0.00000	8402.83691	0.05371	11166	0	0.48560	0.22472	0	0.48872	0.42188	0	0.48872	0.42188	0	0.47852	0.53616	11.28926	0.97525	0	0.47852	0.53616	11.28926	0.97525	0	-0.00499	-0.00892	0.63942	0.00229	1	-0.00520	-0.00922	0.66108	0.00388	1	1.45898	0.81042	0	
1245803	8402.99805	3304829575408	0.00000	0.00000	8402.83691	0.05371	11166	0	0.48560	0.22472	0	0.48872	0.42188	0	0.48872	0.42188	0	0.47852	0.53616	11.28926	0.97525	0	0.47852	0.53616	11.28926	0.97525	0	-0.00499	-0.00892	0.63942	0.00229	1	-0.00520	-0.00922	0.66108	0.00388	1	1.45898	0.81042	0	
1245804	8403.00488	3304829641018	0.00000	0.00000	8402.83691	0.05371	11166	0	0.48560	0.22472	0	0.48872	0.42188	0	0.48872	0.42188	0	0.47852	0.53616	11.28926	0.97525	0	0.47852	0.53616	11.28926	0.97525	0	-0.00499	-0.00892	0.63942	0.00229	1	-0.00520	-0.00922	0.66108	0.00388	1	1.45898	0.81042	0	
1245805	8403.01074	3304829707248	0.18815	0.10417	8402.83691	0.05371	11166	0	0.48560	0.22472	0	0.37629	0.20834	1	0.37629	0.20834	1	0.47840	0.53423	11.22172	0.97525	0	0.47840	0.53423	11.22172	0.97525	1	-0.00499	-0.00892	0.63942	0.00229	1	-0.00520	-0.00922	0.66108	0.00214	1	1.45898	0.81042	0	
1245806	8403.01855	3304829777672	0.37629	0.20834	8402.83691	0.05371	11166	0	0.48560	0.22472	0	0.37629	0.20834	0	0.37629	0.20834	0	0.47840	0.53423	11.22172	0.97525	0	0.47840	0.53423	11.22172	0.97525	0	-0.00499	-0.00892	0.63942	0.00229	1	-0.00520	-0.00922	0.66108	0.00214	1	1.45898	0.81042	0	
1245807	8403.02441	3304829843441	0.37629	0.20834	8402.83691	0.05371	11166	0	0.48560	0.22472	0	0.37629	0.20834	0	0.37629	0.20834	0	0.47840	0.53423	11.22172	0.97525	0	0.47840	0.53423	11.22172	0.97525	0	-0.00499	-0.00892	0.63942	0.00229	1	-0.00520	-0.00922	0.66108	0.00214	1	1.45898	0.81042	0	
1245808	8403.03125	3304829910013	0.37629	0.20834	8402.83691	0.05371	11166	0	0.48560	0.22472	0	0.37629	0.20834	0	0.37629	0.20834	0	0.47840	0.53423	11.22172	0.97525	0	0.47840	0.53423	11.22172	0.97525	0	-0.00499	-0.00892	0.63942	0.00229	1	-0.00520	-0.00922	0.66108	0.00214	1	1.45898	0.81042	0	
1245809	8403.03809	3304829977258	0.00000	0.00000	8402.83691	0.05371	11166	0	0.48560	0.22472	0	0.37629	0.20834	0	0.37629	0.20834	0	0.47840	0.53423	11.22172	0.97525	0	0.47840	0.53423	11.22172	0.97525	0	-0.00499	-0.00892	0.63942	0.00229	1	-0.00520	-0.00922	0.66108	0.00214	1	1.45898	0.81042	0	
1245810	8403.04492	3304830043898	0.00000	0.00000	8402.83691	0.05371	11166	0	0.48560	0.22472	0	0.37629	0.20834	0	0.37629	0.20834	0	0.47840	0.53423	11.22172	0.97525	0	0.47840	0.53423	11.22172	0.97525	0	-0.00499	-0.00892	0.63942	0.00229	1	-0.00520	-0.00922	0.66108	0.00214	1	1.45898	0.81042	0	
1245811	8403.05176	3304830110782	0.00000	0.00000	8402.83691	0.05371	11166	0	0.48560	0.22472	0	0.37629	0.20834	0	0.37629	0.20834	0	0.47840	0.53423	11.22172	0.97525	0	0.47840	0.53423	11.22172	0.97525	0	-0.00499	-0.00892	0.63942	0.00229	1	-0.00520	-0.00922	0.66108	0.00214	1	1.45898	0.81042	0	
1245812	8403.05859	3304830178119	0.00000	0.00000	8402.83691	0.05371	11166	0	0.48560	0.22472	0	0.37629	0.20834	0	0.37629	0.20834	0	0.47840	0.53423	11.22172	0.97525	0	0.47840	0.53423	11.22172	0.97525	0	-0.00499	-0.00892	0.63942	0.00229	1	-0.00520	-0.00922	0.66108	0.00214	1	1.45898	0.81042	0	
1245813	8403.06543	3304830244749	0.00000	0.00000	8402.83691	0.05371	11166	0	0.48560	0.22472	0	0.37629	0.20834	0	0.37629	0.20834	0	0.47840	0.53423	11.22172	0.97525	0	0.47840	0.53423	11.22172	0.97525	0	-0.00499	-0.00892	0.63942	0.00229	1	-0.00520	-0.00922	0.66108	0.00214	1	1.45898	0.81042	0	
1245814	8403.07129	3304830310441	0.00000	0.00000	8402.83691	0.05371	11166	0	0.48560	0.22472	0	0.37629	0.20834	0	0.37629	0.20834	0	0.47840	0.53423	11.22172	0.97525	0	0.47840	0.53423	11.22172	0.97525	0	-0.00499	-0.00892	0.63942	0.00229	1	-0.00520	-0.00922	0.66108	0.00214	1	1.45898	0.81042	0	
1245815	8403.07812	3304830375714	0.00000	0.00000	8402.83691	0.05371	11166	0	0.48560	0.22472	0	0.37629	0.20834	0	0.37629	0.20834	0	0.47840	0.53423	11.22172	0.97525	0	0.47840	0.53423	11.22172	0.97525	0	-0.00499	-0.00892	0.63942	0.00229	1	-0.00520	-0.00922	0.66108	0.00214	1	1.45898	0.81042	0	
1245816	8403.08496	3304830442394	0.18562	0.09623	8402.83691	0.05371	11166	0	0.48560	0.22472	0	0.37124	0.19246	1	0.37124	0.19246	1	0.47882	0.53498	10.89220	0.97525	0	0.47882	0.53498	10.89220	0.97525	1	-0.00499	-0.00892	0.63942	0.00229	1	-0.00520	-0.00922	0.66108	0.00218	1	1.45898	0.81042	0	
1245817	8403.09180	3304830510592	0.24990	0.12074	8402.83691	0.05371	11166	0	0.48560	0.22472	0	0.37846	0.16974	1	0.37846	0.16974	1	0.47882	0.53498	10.89220	0.97525	0	0.47890	0.53480	10.70264	0.97525	1	-0.00499	-0.00892	0.63942	0.00229	1	-0.00520	-0.00922	0.66108	0.00220	1	1.45898	0.81042	0	
1245818	8403.09863	3304830577155	0.37592	0.17464	8402.83691	0.05371	11166	0	0.48560	0.22472	0	0.37805	0.16172	1	0.37805	0.16172	1	0.47882	0.53498	10.89220	0.97525	0	0.47911	0.53511	11.03001	0.98291	1	-0.00499	-0.00892	0.63942	0.00229	1	-0.00506	-0.00982	0.68899	0.00218	1	1.45898	0.81042	0	
1245819	8403.10449	3304830644928	0.37974	0.18421	8402.83691	0.05371	11166	0	0.48560	0.22472	0	0.38356	0.19379	1	0.38356	0.19379	1	0.47882	0.53498	10.89220	0.98291	0	0.47906	0.53507	10.78260	0.99057	1	-0.00499	-0.00892	0.63942	0.00229	1	-0.00506	-0.00982	0.68899	0.00222	1	1.45898	0.81042	0	
1245820	8403.11133	3304830710947	0.37202	0.18010	8402.83691	0.05371	11166	0	0.48560	0.22472	0	0.35659	0.17186	1	0.35659	0.17186	1	0.47882	0.53498	10.89220	0.99057	0	0.47909	0.53499	10.63868	0.99823	1	-0.00499	-0.00892	0.63942	0.00229	1	-0.00506	-0.00982	0.68899	0.00221	1	1.45898	0.81042	0	
1245821	8403.11816	3304830779577	0.36802	0.17609	8403.09863	0.01953	11167	1	0.48560	0.22472	0	0.35602	0.16406	1	0.35602	0.16406	1	0.47882	0.53498	10.89220	0.99823	0	0.47937	0.53767	10.52435	1.00589	1	-0.00499	-0.00892	0.63942	0.00229	1	-0.00493	-0.00962	0.67141	0.00386	1	1.45898	0.81042	0	
1245822	8403.12500	3304830842972	0.36720	0.17861	8403.09863	0.02637	11167	1	0.48560	0.22472	0	0.36392	0.18868	1	0.36392	0.18868	1	0.47882	0.53498	10.89220	1.00589	0	0.47912	0.53526	11.21806	1.00589	1	-0.00499	-0.00892	0.63942	0.00229	1	-0.00493	-0.00962	0.67141	0.00220	1	1.45898	0.81042	0	
1245823	8403.13184	3304830915320	0.36940	0.17375	8403.09863	0.03320	11167	1	0.48560	0.22472	0	0.38040	0.14949	1	0.38040	0.14949	1	0.47882	0.53498	10.89220	1.00589	0	0.47932	0.53531	11.19161	1.00589	1	-0.00499	-0.00892	0.63942	0.00229	1	-0.00493	-0.00962	0.67141	0.00221	1	1.45898	0.81042	0	
1245824	8403.13867	3304830982666	0.37838	0.17458	8403.09863	0.04004	11167	1	0.48450	0.21731	1	0.38002	0.14174	1	0.43226	0.17952	1	0.47967	0.53794	11.07486	1.02103	1	0.74327	0.56218	11.82059	1.01337	1	-0.00506	-0.00992	0.68899	0.00372	1	0.06133	-0.01431	0.65805	0.00389	1	1.45898	0.81042	0	
1245825	8403.14551	3304831048723	0.39177	0.19448	8403.09863	0.04688	11167	1	0.49187	0.21877	1	0.47921	0.44887	1	0.48554	0.33382	1	0.47922	0.53535	11.36612	1.02852	1	0.74332	0.56244	12.10351	1.02086	1	-0.00506	-0.00992	0.68899	0.00223	1	0.06133	-0.01431	0.65805	0.00373	1	1.45898	0.81042	0	
1245826	8403.15234	3304831115843	0.40277	0.20494	8403.09863	0.05371	11167	1	0.49942	0.17828	1	0.48213	0.39899	1	0.49078	0.28864	1	0.47931	0.53550	11.00642	1.03600	1	0.74334	0.56241	12.10452	1.02834	1	-0.00506	-0.00992	0.68899	0.00224	1	0.06133	-0.01431	0.65805	0.00378	1	1.45898	0.81042	0	
1245827	8403.15918	3304831182946	0.41156	0.21236	8403.09863	0.06055	11167	1	0.49848	0.17103	1	0.48281	0.38716	1	0.49064	0.27910	1	0.47955	0.53724	10.44893	1.04348	1	0.74330	0.56156	11.69765	1.04348	1	-0.00493	-0.00972	0.67141	0.00362	1	0.06295	-0.01468	0.67483	0.00409	1	1.45898	0.81042	0	
1245828	8403.16504	3304831246925	0.41940	0.22742	8403.09863	0.06641	11167	1	0.52275	0.37197	1	0.47276	0.38411	1	0.49775	0.37804	1	0.47963	0.53748	11.05064	1.04348	1	0.74314	0.56223	12.04114	1.05114	1	-0.00493	-0.00972	0.67141	0.00354	1	0.06295	-0.01468	0.67483	0.00403	1	1.45898	0.81042	0	
1245829	8403.17188	3304831314925	0.42549	0.23810	8403.09863	0.07324	11167	1	0.49860	0.34524	1	0.48654	0.36583	1	0.49257	0.35553	1	0.47966	0.53744	10.89936	1.05114	1	0.74341	0.56201	11.04838	1.05880	1	-0.00493	-0.00972	0.67141	0.00355	1	0.06295	-0.01468	0.67483	0.00402	1	1.45898	0.81042	0	
1245830	8403.17871	3304831379654	0.43066	0.24715	8403.09863	0.08008	11167	1	0.49864	0.34552	1	0.48652	0.36611	1	0.49258	0.35582	1	0.47961	0.53764	11.08596	1.05078	1	0.74357	0.56263	11.07198	1.05844	1	-0.00481	-0.00957	0.66109	0.00346	1	0.06295	-0.01473	0.67483	0.00392	1	1.45898	0.81042	0	
1245831	8403.18555	3304831448388	0.43534	0.25828	8403.09863	0.08691	11167	1	0.51698	0.39592	1	0.47550	0.40996	1	0.49624	0.40294	1	0.47988	0.53810	11.51364	1.05043	1	0.74366	0.56256	11.12388	1.05043	1	-0.00481	-0.00957	0.66109	0.00346	1	0.06295	-0.01473	0.67483	0.00388	1	1.45898	0.81042	0	
1245832	8403.19238	3304831514896	0.45536	0.28048	8403.09863	0.08691	11167	0	0.49331	0.19524	1	0.47805	0.38488	1	0.48568	0.29006	1	0.47961	0.53563	10.90213	1.04241	1	0.74366	0.56217	11.03703	1.04241	1	-0.00481	-0.00957	0.66109	0.00221	1	0.06295	-0.01473	0.67483	0.00410	1	1.45898	0.81042	0	
1245833	8403.19824	3304831582157	0.47052	0.28527	8403.09863	0.08691	11167	0	0.49331	0.19524	1	0.47805	0.38488	1	0.48568	0.29006	1	0.47971	0.53565	10.73304	1.04241	1	0.74339	0.56300	11.93895	1.04241	1	-0.00479	-0.00978	0.67914	0.00223	1	0.06349	-0.01488	0.67958	0.00405	1	1.45898	0.81042	0	
1245834	8403.20508	3304831648811	0.47479	0.32457	8403.09863	0.08691	11167	0	0.52620	0.38606	1	0.44046	0.42027	1	0.48333	0.40317	1	0.48007	0.53798	11.46137	1.05043	1	0.74342	0.56279	11.76193	1.05043	1	-0.00479	-0.00978	0.67914	0.00351	1	0.06349	-0.01488	0.67958	0.00423	1	1.45898	0.81042	0	
1245835	8403.21191	3304831718010	0.44914	0.32851	8403.19238	0.01953	11168	1	0.52620	0.38606	0	0.37217	0.34034	1	0.37217	0.34034	1	0.48007	0.53798	11.46137	1.05844	0	0.48016	0.53792	11.58382	1.05844	1	-0.00479	-0.00978	0.67914	0.00351	1	0.06349	-0.01488	0.67958	0.00347	1	1.45898	0.81042	0	
1245836	8403.21875	3304831783420	0.43365	0.32959	8403.19238	0.02637	11168	1	0.52620	0.38606	0	0.37172	0.33389	1	0.37172	0.33389	1	0.48007	0.53798	11.46137	1.06646	0	0.48000	0.53803	10.92580	1.06646	1	-0.00479	-0.00978	0.67914	0.00351	1	-0.00479	-0.00978	0.67914	0.00356	1	1.45898	0.81042	0	
1245837	8403.22559	3304831852387	0.42309	0.28980	8403.19238	0.03320	11168	1	0.52620	0.38606	0	0.37030	0.09088	1	0.37030	0.09088	1	0.48007	0.53798	11.46137	1.06646	0	0.48001	0.53538	11.39079	1.06646	1	-0.00479	-0.00978	0.67914	0.00351	1	-0.00479	-0.00978	0.67914	0.00227	1	1.45898	0.81042	0	
1245838	8403.23242	3304831919826	0.41709	0.29409	8403.19238	0.04004	11168	1	0.52620	0.38606	0	0.38106	0.31980	1	0.38106	0.31980	1	0.48007	0.53798	11.46137	1.06646	0	0.48031	0.53793	10.36934	1.06646	1	-0.00479	-0.00978	0.67914	0.00351	1	-0.00479	-0.00978	0.67914	0.00359	1	1.45898	0.81042	0	
1245839	8403.23926	3304831986858	0.41259	0.29730	8403.19238	0.04688	11168	1	0.52620	0.38606	0	0.38106	0.31980	1	0.38106	0.31980	1	0.48007	0.53798	11.46137	1.06646	0	0.48021	0.53776	10.51901	1.06646	1	-0.00479	-0.00978	0.67914	0.00351	1	-0.00479	-0.00978	0.67914	0.00358	1	1.45898	0.81042	0	
1245840	8403.24609	3304832053346	0.40834	0.27410	8403.19238	0.05371	11168	1	0.52620	0.38606	0	0.37440	0.08846	1	0.37440	0.08846	1	0.48007	0.53798	11.46137	1.06646	0	0.48016	0.53550	10.92154	1.06646	1	-0.00479	-0.00978	0.67914	0.00351	1	-0.00479	-0.00978	0.67914	0.00222	1	1.45898	0.81042	0	
1245841	8403.25293	3304832120598	0.40644	0.27427	8403.19238	0.06055	11168	1	0.52620	0.38606	0	0.38933	0.27584	1	0.38933	0.27584	1	0.48007	0.53798	11.46137	1.06646	0	0.48046	0.53733	10.62875	1.06646	1	-0.00479	-0.00978	0.67914	0.00351	1	-0.00479	-0.00978	0.67914	0.00359	1	1.45898	0.81042	0	
1245842	8403.25879	3304832187784	0.40489	0.27441	8403.19238	0.06641	11168	1	0.52620	0.38606	0	0.38933	0.27584	1	0.38933	0.27584	1	0.48007	0.53798	11.46137	1.06646	0	0.48044	0.53550	10.96517	1.06646	1	-0.00479	-0.00978	0.67914	0.00351	1	-0.00479	-0.00978	0.67914	0.00230	1	1.45898	0.81042	0	
1245843	8403.26562	3304832254212	0.40125	0.26405	8403.19238	0.07324	11168	1	0.52620	0.38606	0	0.36119	0.15008	1	0.36119	0.15008	1	0.48007	0.53798	11.46137	1.06646	0	0.48038	0.53539	11.16064	1.06646	1	-0.00479	-0.00978	0.67914	0.00351	1	-0.00479	-0.00978	0.67914	0.00224	1	1.45898	0.81042	0	
1245844	8403.27246	3304832321669	0.39863	0.25420	8403.19238	0.08008	11168	1	0.52620	0.38606	0	0.36723	0.13601	1	0.36723	0.13601	1	0.48007	0.53798	11.46137	1.06646	0	0.48039	0.53543	11.19628	1.06646	1	-0.00479	-0.00978	0.67914	0.00351	1	-0.00479	-0.00978	0.67914	0.00228	1	1.45898	0.81042	0	
1245845	8403.27930	3304832388489	0.40207	0.25503	8403.19238	0.08691	11168	1	0.52536	0.38000	1	0.36816	0.15150	1	0.44676	0.26575	1	0.48050	0.53541	11.06967	1.05844	1	0.74396	0.56213	12.01856	1.05078	1	-0.00457	-0.00935	0.65593	0.00219	1	0.06153	-0.01441	0.65808	0.00410	1	1.45898	0.81042	0	
1245846	8403.28613	3304832452929	0.38133	0.23122	8403.19238	0.08691	11168	0	0.52536	0.38000	0	0.37139	0.17800	1	0.37139	0.17800	1	0.48050	0.53541	11.06967	1.04277	0	0.48044	0.53540	11.03280	1.03511	1	-0.00457	-0.00935	0.65593	0.00219	1	0.06153	-0.01441	0.65808	0.00220	1	1.45898	0.81042	0	
1245847	8403.29297	3304832522340	0.37979	0.17928	8403.19238	0.08691	11168	0	0.52536	0.38000	0	0.37826	0.12734	1	0.37826	0.12734	1	0.48050	0.53541	11.06967	1.02709	0	0.48052	0.53528	11.27733	1.01943	1	-0.00457	-0.00935	0.65593	0.00219	1	0.06153	-0.01441	0.65808	0.00217	1	1.45898	0.81042	0	
1245848	8403.29980	3304832590483	0.37942	0.16476	8403.19238	0.08691	11168	0	0.52536	0.38000	0	0.37867	0.13571	1	0.37867	0.13571	1	0.48050	0.53541	11.06967	1.01142	0	0.48059	0.53526	11.32234	1.01142	1	-0.00457	-0.00935	0.65593	0.00219	1	-0.00464	-0.00980	0.68744	0.00222	1	1.45898	0.81042	0	
1245849	8403.30566	3304832656184	0.37331	0.15726	8403.28613	0.01953	11169	1	0.52536	0.38000	0	0.35499	0.13475	1	0.35499	0.13475	1	0.48050	0.53541	11.06967	1.01142	0	0.48060	0.53530	11.19857	1.01908	1	-0.00457	-0.00935	0.65593	0.00219	1	-0.00464	-0.00980	0.68744	0.00222	1	1.45898	0.81042	0	
1245850	8403.31250	3304832722336	0.37582	0.15141	8403.28613	0.02637	11169	1	0.52536	0.38000	0	0.38584	0.12802	1	0.38584	0.12802	1	0.48050	0.53541	11.06967	1.01908	0	0.48061	0.53529	11.19744	1.02673	1	-0.00457	-0.00935	0.65593	0.00219	1	-0.00464	-0.00980	0.68744	0.00223	1	1.45898	0.81042	0	
1245851	8403.31934	3304832790153	0.37743	0.14619	8403.28613	0.03320	11169	1	0.52536	0.38000	0	0.38550	0.12008	1	0.38550	0.12008	1	0.48050	0.53541	11.06967	1.02673	0	0.48088	0.53522	11.38183	1.03439	1	-0.00457	-0.00935	0.65593	0.00219	1	-0.00464	-0.00980	0.68744	0.00222	1	1.45898	0.81042	0	
1245852	8403.32617	3304832857064	0.37858	0.16794	8403.28613	0.04004	11169	1	0.52536	0.38000	0	0.38546	0.29849	1	0.38546	0.29849	1	0.48050	0.53541	11.06967	1.03439	0	0.48114	0.53688	10.65742	1.03439	1	-0.00457	-0.00935	0.65593	0.00219	1	-0.00464	-0.00980	0.68744	0.00392	1	1.45898	0.81042	0	
1245853	8403.33301	3304832924563	0.37552	0.18672	8403.28613	0.04688	11169	1	0.52536	0.38000	0	0.35414	0.31819	1	0.35414	0.31819	1	0.48050	0.53541	11.06967	1.03439	0	0.48064	0.53709	10.94716	1.03439	1	-0.00457	-0.00935	0.65593	0.00219	1	-0.00464	-0.00980	0.68744	0.00393	1	1.45898	0.81042	0	
1245854	8403.33984	3304832991537	0.37552	0.18672	8403.28613	0.05371	11169	1	0.52536	0.38000	0	0.35414	0.31819	0	0.35414	0.31819	0	0.48050	0.53541	11.06967	1.03439	0	0.48064	0.53709	10.94716	1.03439	0	-0.00457	-0.00935	0.65593	0.00219	1	-0.00464	-0.00980	0.68744	0.00393	1	1.45898	0.81042	0	
1245855	8403.34668	3304833058491	0.37552	0.18672	8403.28613	0.06055	11169	1	0.52536	0.38000	0	0.35414	0.31819	0	0.35414	0.31819	0	0.48050	0.53541	11.06967	1.03439	0	0.48064	0.53709	10.94716	1.03439	0	-0.00457	-0.00935	0.65593	0.00219	1	-0.00464	-0.00980	0.68744	0.00393	1	1.45898	0.81042	0	
1245856	8403.35254	3304833124848	0.37552	0.18672	8403.28613	0.06641	11169	1	0.52536	0.38000	0	0.35414	0.31819	0	0.35414	0.31819	0	0.48050	0.53541	11.06967	1.03439	0	0.48064	0.53709	10.94716	1.03439	0	-0.00457	-0.00935	0.65593	0.00219	1	-0.00464	-0.00980	0.68744	0.00393	1	1.45898	0.81042	0	
1245857	8403.35938	3304833192111	0.37469	0.18037	8403.28613	0.06641	11169	0	0.52536	0.38000	0	0.35414	0.31819	0	0.35414	0.31819	0	0.48050	0.53541	11.06967	1.03439	0	0.48064	0.53709	10.94716	1.03439	0	-0.00457	-0.00935	0.65593	0.00219	1	-0.00464	-0.00980	0.68744	0.00393	1	1.45898	0.81042	0	
1245858	8403.36621	3304833258457	0.37469	0.18037	8403.28613	0.06641	11169	0	0.52536	0.38000	0	0.35414	0.31819	0	0.35414	0.31819	0	0.48050	0.53541	11.06967	1.03439	0	0.48064	0.53709	10.94716	1.03439	0	-0.00457	-0.00935	0.65593	0.00219	1	-0.00464	-0.00980	0.68744	0.00393	1	1.45898	0.81042	0	
1245859	8403.37305	3304833324891	0.37469	0.18037	8403.28613	0.06641	11169	0	0.52536	0.38000	0	0.35414	0.31819	0	0.35414	0.31819	0	0.48050	0.53541	11.06967	1.03439	0	0.48064	0.53709	10.94716	1.03439	0	-0.00457	-0.00935	0.65593	0.00219	1	-0.00464	-0.00980	0.68744	0.00393	1	1.45898	0.81042	0	
1245860	8403.37988	3304833389585	0.00000	0.00000	8403.28613	0.06641	11169	0	0.52536	0.38000	0	0.35414	0.31819	0	0.35414	0.31819	0	0.48050	0.53541	11.06967	1.03439	0	0.48064	0.53709	10.94716	1.03439	0	-0.00457	-0.00935	0.65593	0.00219	1	-0.00464	-0.00980	0.68744	0.00393	1	1.45898	0.81042	0	
1245861	8403.38672	3304833457844	0.00000	0.00000	8403.28613	0.06641	11169	0	0.52536	0.38000	0	0.35414	0.31819	0	0.35414	0.31819	0	0.48050	0.53541	11.06967	1.03439	0	0.48064	0.53709	10.94716	1.03439	0	-0.00457	-0.00935	0.65593	0.00219	1	-0.00464	-0.00980	0.68744	0.00393	1	1.45898	0.81042	0	
1245862	8403.39355	3304833526823	0.00000	0.00000	8403.28613	0.06641	11169	0	0.52536	0.38000	0	0.35414	0.31819	0	0.35414	0.31819	0	0.48050	0.53541	11.06967	1.03439	0	0.48064	0.53709	10.94716	1.03439	0	-0.00457	-0.00935	0.65593	0.00219	1	-0.00464	-0.00980	0.68744	0.00393	1	1.45898	0.81042	0	
1245863	8403.40039	3304833594179	0.00000	0.00000	8403.28613	0.06641	11169	0	0.52536	0.38000	0	0.35414	0.31819	0	0.35414	0.31819	0	0.48050	0.53541	11.06967	1.03439	0	0.48064	0.53709	10.94716	1.03439	0	-0.00457	-0.00935	0.65593	0.00219	1	-0.00464	-0.00980	0.68744	0.00393	1	1.45898	0.81042	0	
1245864	8403.40625	3304833661143	0.00000	0.00000	8403.28613	0.06641	11169	0	0.52536	0.38000	0	0.35414	0.31819	0	0.35414	0.31819	0	0.48050	0.53541	11.06967	1.03439	0	0.48064	0.53709	10.94716	1.03439	0	-0.00457	-0.00935	0.65593	0.00219	1	-0.00464	-0.00980	0.68744	0.00393	1	1.45898	0.81042	0	
1245865	8403.41309	3304833727390	0.00000	0.00000	8403.28613	0.06641	11169	0	0.52536	0.38000	0	0.35414	0.31819	0	0.35414	0.31819	0	0.48050	0.53541	11.06967	1.03439	0	0.48064	0.53709	10.94716	1.03439	0	-0.00457	-0.00935	0.65593	0.00219	1	-0.00464	-0.00980	0.68744	0.00393	1	1.45898	0.81042	0	
1245866	8403.41992	3304833793851	0.35471	0.32465	8403.28613	0.06641	11169	0	0.52536	0.38000	0	0.35471	0.32465	1	0.35471	0.32465	1	0.48136	0.53646	11.14258	1.03439	0	0.48136	0.53646	11.14258	1.02673	1	-0.00457	-0.00935	0.65593	0.00219	1	-0.00441	-0.00941	0.66024	0.00352	1	1.45898	0.81042	0	
1245867	8403.42676	3304833862398	0.36669	0.33492	8403.28613	0.06641	11169	0	0.52536	0.38000	0	0.37867	0.34519	1	0.37867	0.34519	1	0.48136	0.53646	11.14258	1.02673	0	0.48141	0.53683	10.87610	1.01908	1	-0.00457	-0.00935	0.65593	0.00219	1	-0.00441	-0.00941	0.66024	0.00364	1	1.45898	0.81042	0	
1245868	8403.43359	3304833928058	0.36953	0.36232	8403.28613	0.06641	11169	0	0.52536	0.38000	0	0.37522	0.41711	1	0.37522	0.41711	1	0.48136	0.53646	11.14258	1.01908	0	0.48137	0.53700	10.88926	1.01142	1	-0.00457	-0.00935	0.65593	0.00219	1	-0.00441	-0.00941	0.66024	0.00364	1	1.45898	0.81042	0	
1245869	8403.44043	3304833996219	0.39017	0.37429	8403.41992	0.02051	11170	1	0.52945	0.40947	1	0.37476	0.41095	1	0.45210	0.41021	1	0.48152	0.53434	11.31016	1.01943	1	0.74541	0.56226	12.33988	1.01943	1	-0.00439	-0.00959	0.68045	0.00221	1	0.06291	-0.01457	0.67009	0.00384	1	1.45898	0.81042	0	
1245870	8403.44629	3304834062599	0.41898	0.38258	8403.41992	0.02637	11170	1	0.55015	0.41172	1	0.51822	0.41977	1	0.53419	0.41574	1	0.48202	0.53664	10.83443	1.02745	1	0.74552	0.56193	12.02271	1.03511	1	-0.00439	-0.00959	0.68045	0.00356	1	0.06291	-0.01457	0.67009	0.00379	1	1.45898	0.81042	0	
1245871	8403.45312	3304834130288	0.43831	0.38987	8403.41992	0.03320	11170	1	0.56241	0.41838	1	0.50752	0.43420	1	0.53496	0.42629	1	0.48220	0.53684	11.36486	1.04313	1	0.74537	0.56239	11.93973	1.05078	1	-0.00439	-0.00959	0.68045	0.00354	1	0.06291	-0.01457	0.67009	0.00371	1	1.45898	0.81042	0	
1245872	8403.45996	3304834196980	0.45211	0.39343	8403.41992	0.04004	11170	1	0.56124	0.40696	1	0.50857	0.42271	1	0.53490	0.41484	1	0.48200	0.53686	11.31297	1.05880	1	0.74540	0.56166	12.21609	1.06646	1	-0.00439	-0.00959	0.68045	0.00360	1	0.06291	-0.01457	0.67009	0.00385	1	1.45898	0.81042	0	
1245873	8403.46680	3304834263992	0.46071	0.39098	8403.41992	0.04688	11170	1	0.54076	0.36775	1	0.50107	0.37979	1	0.52091	0.37377	1	0.48188	0.53656	10.70362	1.06646	1	0.74522	0.56200	12.39610	1.06646	1	-0.00439	-0.00959	0.68045	0.00368	1	0.06291	-0.01457	0.67009	0.00379	1	1.45898	0.81042	0	
1245874	8403.47363	3304834328434	0.46859	0.39105	8403.41992	0.05371	11170	1	0.56106	0.38575	1	0.50230	0.39756	1	0.53168	0.39165	1	0.48216	0.53688	10.98532	1.06646	1	0.74521	0.56217	12.64523	1.06646	1	-0.00439	-0.00959	0.68045	0.00369	1	0.06291	-0.01457	0.67009	0.00394	1	1.45898	0.81042	0	
1245875	8403.48047	3304834398267	0.47490	0.39111	8403.41992	0.06055	11170	1	0.56106	0.38575	1	0.50230	0.39756	1	0.53168	0.39165	1	0.48204	0.53664	10.78308	1.06646	1	0.74504	0.56201	11.36726	1.06646	1	-0.00439	-0.00959	0.68045	0.00358	1	0.06291	-0.01457	0.67009	0.00402	1	1.45898	0.81042	0	
1245876	8403.48730	3304834464819	0.47591	0.39049	8403.41992	0.06738	11170	1	0.56106	0.38575	0	0.48594	0.38430	1	0.48594	0.38430	1	0.48204	0.53664	10.78308	1.06646	0	0.74497	0.56199	11.29654	1.06646	1	-0.00439	-0.00959	0.68045	0.00358	1	0.06291	-0.01457	0.67009	0.00402	1	1.45898	0.81042	0	
1245877	8403.49414	3304834531833	0.47669	0.39187	8403.41992	0.07422	11170	1	0.56106	0.38575	0	0.48528	0.40699	1	0.48528	0.40699	1	0.48204	0.53664	10.78308	1.06646	0	0.74498	0.56221	11.50298	1.06646	1	-0.00439	-0.00959	0.68045	0.00358	1	0.06291	-0.01457	0.67009	0.00395	1	1.45898	0.81042	0	
1245878	8403.50000	3304834598969	0.47669	0.39187	8403.41992	0.08008	11170	1	0.56106	0.38575	0	0.48528	0.40699	0	0.48528	0.40699	0	0.48204	0.53664	10.78308	1.06646	0	0.74498	0.56221	11.50298	1.06646	0	-0.00439	-0.00959	0.68045	0.00358	1	0.06291	-0.01457	0.67009	0.00395	1	1.45898	0.81042	0	
1245879	8403.50684	3304834665721	0.47669	0.39187	8403.41992	0.08691	11170	1	0.56106	0.38575	0	0.48528	0.40699	0	0.48528	0.40699	0	0.48204	0.53664	10.78308	1.06646	0	0.74498	0.56221	11.50298	1.06646	0	-0.00439	-0.00959	0.68045	0.00358	1	0.06291	-0.01457	0.67009	0.00395	1	1.45898	0.81042	0	
1245880	8403.51367	3304834736589	0.47669	0.39187	8403.41992	0.09375	11170	1	0.56106	0.38575	0	0.48528	0.40699	0	0.48528	0.40699	0	0.48204	0.53664	10.78308	1.06646	0	0.74498	0.56221	11.50298	1.06646	0	-0.00439	-0.00959	0.68045	0.00358	1	0.06291	-0.01457	0.67009	0.00395	1	1.45898	0.81042	0	
1245881	8403.52051	3304834799463	0.47735	0.39303	8403.41992	0.10059	11170	1	0.56106	0.38575	0	0.48528	0.40699	1	0.48528	0.40699	1	0.48204	0.53664	10.78308	1.06646	0	0.74513	0.56223	11.44944	1.06646	1	-0.00439	-0.00959	0.68045	0.00358	1	0.06291	-0.01457	0.67009	0.00392	1	1.45898	0.81042	0	
1245882	8403.52734	3304834866642	0.47735	0.39303	8403.41992	0.10742	11170	1	0.56106	0.38575	0	0.48528	0.40699	0	0.48528	0.40699	0	0.48204	0.53664	10.78308	1.06646	0	0.74513	0.56223	11.44944	1.06646	0	-0.00439	-0.00959	0.68045	0.00358	1	0.06291	-0.01457	0.67009	0.00392	1	1.45898	0.81042	0	
1245883	8403.53418	3304834934787	0.47866	0.39429	8403.41992	0.11426	11170	1	0.56106	0.38575	0	0.49566	0.41066	1	0.49566	0.41066	1	0.48204	0.53664	10.78308	1.06646	0	0.74516	0.56224	11.45722	1.06646	1	-0.00439	-0.00959	0.68045	0.00358	1	0.06291	-0.01457	0.67009	0.00386	1	1.45898	0.81042	0	
1245884	8403.54102	3304835000945	0.47866	0.39429	8403.41992	0.12109	11170	1	0.56106	0.38575	0	0.49566	0.41066	0	0.49566	0.41066	0	0.48204	0.53664	10.78308	1.06646	0	0.74516	0.56224	11.45722	1.06646	0	-0.00439	-0.00959	0.68045	0.00358	1	0.06291	-0.01457	0.67009	0.00386	1	1.45898	0.81042	0	
1245885	8403.54688	3304835068133	0.47866	0.39429	8403.41992	0.12695	11170	1	0.56106	0.38575	0	0.49566	0.41066	0	0.49566	0.41066	0	0.48204	0.53664	10.78308	1.06646	0	0.74516	0.56224	11.45722	1.06646	0	-0.00439	-0.00959	0.68045	0.00358	1	0.06291	-0.01457	0.67009	0.00386	1	1.45898	0.81042	0	
1245886	8403.55371	3304835134556	0.50552	0.40479	8403.41992	0.12695	11170	0	0.56106	0.38575	0	0.47370	0.42433	1	0.47370	0.42433	1	0.48204	0.53664	10.78308	1.06646	0	0.74481	0.56225	12.09707	1.06646	1	-0.00439	-0.00959	0.68045	0.00358	1	0.06291	-0.01457	0.67009	0.00381	1	1.45898	0.81042	0	
1245887	8403.56055	3304835201101	0.48961	0.41456	8403.41992	0.12695	11170	0	0.56106	0.38575	0	0.47370	0.42433	1	0.47370	0.42433	1	0.48204	0.53664	10.78308	1.06646	0	0.74444	0.56267	12.19827	1.06646	1	-0.00439	-0.00959	0.68045	0.00358	1	0.06327	-0.01468	0.67501	0.00403	1	1.45898	0.81042	0	
1245888	8403.56738	3304835268145	0.48961	0.41456	8403.41992	0.12695	11170	0	0.56106	0.38575	0	0.47370	0.42433	0	0.47370	0.42433	0	0.48204	0.53664	10.78308	1.06646	0	0.74444	0.56267	12.19827	1.06646	0	-0.00439	-0.00959	0.68045	0.00358	1	0.06327	-0.01468	0.67501	0.00403	1	1.45898	0.81042	0	
1245889	8403.57422	3304835334515	0.48961	0.41456	8403.55371	0.02051	11171	1	0.56106	0.38575	0	0.47370	0.42433	0	0.47370	0.42433	0	0.48204	0.53664	10.78308	1.06646	0	0.74444	0.56267	12.19827	1.06646	0	-0.00439	-0.00959	0.68045	0.00358	1	0.06327	-0.01468	0.67501	0.00403	1	1.45898	0.81042	0	
1245890	8403.58105	3304835402440	0.48441	0.41570	8403.55371	0.02734	11171	1	0.56106	0.38575	0	0.47401	0.41800	1	0.47401	0.41800	1	0.48204	0.53664	10.78308	1.06646	0	0.74440	0.56227	12.25832	1.07514	1	-0.00439	-0.00959	0.68045	0.00358	1	0.06564	-0.01524	0.70083	0.00401	1	1.45898	0.81042	0	
1245891	8403.58691	3304835466739	0.48441	0.41570	8403.55371	0.03320	11171	1	0.56106	0.38575	0	0.47401	0.41800	0	0.47401	0.41800	0	0.48204	0.53664	10.78308	1.07514	0	0.74440	0.56227	12.25832	1.08382	0	-0.00439	-0.00959	0.68045	0.00358	1	0.06564	-0.01524	0.70083	0.00401	1	1.45898	0.81042	0	
1245892	8403.59375	3304835534887	0.48441	0.41570	8403.55371	0.04004	11171	1	0.56106	0.38575	0	0.47401	0.41800	0	0.47401	0.41800	0	0.48204	0.53664	10.78308	1.08382	0	0.74440	0.56227	12.25832	1.09250	0	-0.00439	-0.00959	0.68045	0.00358	1	0.06564	-0.01524	0.70083	0.00401	1	1.45898	0.81042	0	
1245893	8403.60059	3304835599654	0.48441	0.41570	8403.55371	0.04688	11171	1	0.56106	0.38575	0	0.47401	0.41800	0	0.47401	0.41800	0	0.48204	0.53664	10.78308	1.09250	0	0.74440	0.56227	12.25832	1.10118	0	-0.00439	-0.00959	0.68045	0.00358	1	0.06564	-0.01524	0.70083	0.00401	1	1.45898	0.81042	0	
1245894	8403.60742	3304835668499	0.47385	0.42116	8403.55371	0.04688	11171	0	0.56106	0.38575	0	0.47401	0.41800	0	0.47401	0.41800	0	0.48204	0.53664	10.78308	1.10118	0	0.74440	0.56227	12.25832	1.10118	0	-0.00439	-0.00959	0.68045	0.00358	1	0.06564	-0.01524	0.70083	0.00401	1	1.45898	0.81042	0	
1245895	8403.61328	3304835732716	0.47385	0.42116	8403.55371	0.04688	11171	0	0.56106	0.38575	0	0.47401	0.41800	0	0.47401	0.41800	0	0.48204	0.53664	10.78308	1.10118	0	0.74440	0.56227	12.25832	1.10118	0	-0.00439	-0.00959	0.68045	0.00358	1	0.06564	-0.01524	0.70083	0.00401	1	1.45898	0.81042	0	
1245896	8403.62012	3304835797858	0.47385	0.42116	8403.55371	0.04688	11171	0	0.56106	0.38575	0	0.47401	0.41800	0	0.47401	0.41800	0	0.48204	0.53664	10.78308	1.10118	0	0.74440	0.56227	12.25832	1.10118	0	-0.00439	-0.00959	0.68045	0.00358	1	0.06564	-0.01524	0.70083	0.00401	1	1.45898	0.81042	0	
1245897	8403.62695	3304835868952	0.00000	0.00000	8403.55371	0.04688	11171	0	0.56106	0.38575	0	0.47401	0.41800	0	0.47401	0.41800	0	0.48204	0.53664	10.78308	1.10118	0	0.74440	0.56227	12.25832	1.10118	0	-0.00439	-0.00959	0.68045	0.00358	1	0.06564	-0.01524	0.70083	0.00401	1	1.45898	0.81042	0	
1245898	8403.63379	3304835936141	0.00000	0.00000	8403.55371	0.04688	11171	0	0.56106	0.38575	0	0.47401	0.41800	0	0.47401	0.41800	0	0.48204	0.53664	10.78308	1.10118	0	0.74440	0.56227	12.25832	1.10118	0	-0.00439	-0.00959	0.68045	0.00358	1	0.06564	-0.01524	0.70083	0.00401	1	1.45898	0.81042	0	
1245899	8403.64062	3304836005390	0.00000	0.00000	8403.55371	0.04688	11171	0	0.56106	0.38575	0	0.47401	0.41800	0	0.47401	0.41800	0	0.48204	0.53664	10.78308	1.10118	0	0.74440	0.56227	12.25832	1.10118	0	-0.00439	-0.00959	0.68045	0.00358	1	0.06564	-0.01524	0.70083	0.00401	1	1.45898	0.81042	0	
1245900	8403.64746	3304836072388	0.51142	0.39331	8403.55371	0.04688	11171	0	0.55733	0.35197	1	0.46551	0.43466	1	0.51142	0.39331	1	0.48102	0.53755	11.51209	1.10118	1	0.74390	0.56267	11.86592	1.10118	1	-0.00439	-0.00959	0.68045	0.00375	1	0.06564	-0.01524	0.70083	0.00397	1	1.45898	0.81042	0	
1245901	8403.65430	3304836139516	0.51155	0.38236	8403.55371	0.04688	11171	0	0.55601	0.35028	1	0.46733	0.39253	1	0.51167	0.37141	1	0.48096	0.53745	11.29131	1.10118	1	0.74387	0.56246	12.12594	1.10118	1	-0.00439	-0.00959	0.68045	0.00363	1	0.06564	-0.01524	0.70083	0.00388	1	1.45898	0.81042	0	
1245902	8403.66113	3304836202699	0.51155	0.37977	8403.55371	0.04688	11171	0	0.55601	0.35028	1	0.46708	0.39891	1	0.51155	0.37459	1	0.48031	0.53504	11.31474	1.10118	1	0.74377	0.56232	12.17630	1.09250	1	-0.00479	-0.00968	0.67915	0.00221	1	0.06349	-0.01478	0.67958	0.00388	1	1.45898	0.81042	0	
1245903	8403.66797	3304836271661	0.50853	0.34998	8403.64746	0.02051	11172	1	0.51540	0.12361	1	0.48356	0.39763	1	0.49948	0.26062	1	0.48041	0.53490	11.47249	1.09250	1	0.74409	0.56224	12.25454	1.08382	1	-0.00479	-0.00968	0.67915	0.00224	1	0.06349	-0.01478	0.67958	0.00389	1	1.45898	0.81042	0	
1245904	8403.67383	3304836336366	0.50578	0.33394	8403.64746	0.02637	11172	1	0.53236	0.13043	1	0.45716	0.40916	1	0.49476	0.26979	1	0.48043	0.53499	11.42188	1.08382	1	0.74379	0.56238	12.09141	1.07514	1	-0.00479	-0.00968	0.67915	0.00224	1	0.06349	-0.01478	0.67958	0.00390	1	1.45898	0.81042	0	
1245905	8403.68066	3304836404821	0.50399	0.32449	8403.64746	0.03320	11172	1	0.53319	0.13884	1	0.45698	0.41554	1	0.49509	0.27719	1	0.48036	0.53504	11.44717	1.07514	1	0.74365	0.56318	12.62411	1.06646	1	-0.00479	-0.00978	0.67914	0.00227	1	0.06299	-0.01471	0.67420	0.00399	1	1.45898	0.81042	0	
1245906	8403.68750	3304836471359	0.50333	0.33394	8403.64746	0.04004	11172	1	0.53085	0.38206	1	0.46779	0.39922	1	0.49932	0.39064	1	0.48057	0.53750	11.30120	1.06646	1	0.74387	0.56259	12.10392	1.06646	1	-0.00479	-0.00978	0.67914	0.00364	1	0.06299	-0.01471	0.67420	0.00394	1	1.45898	0.81042	0	
1245907	8403.69434	3304836539956	0.50427	0.33943	8403.64746	0.04688	11172	1	0.55594	0.36663	1	0.46580	0.38914	1	0.51087	0.37788	1	0.48058	0.53744	11.17871	1.06646	1	0.74387	0.56247	12.01966	1.06646	1	-0.00479	-0.00978	0.67914	0.00364	1	0.06299	-0.01471	0.67420	0.00399	1	1.45898	0.81042	0	
1245908	8403.70117	3304836607668	0.50500	0.34370	8403.64746	0.05371	11172	1	0.55594	0.36663	1	0.46580	0.38914	1	0.51087	0.37788	1	0.48087	0.53794	11.79232	1.06646	1	0.74373	0.56255	12.31401	1.06646	1	-0.00479	-0.00978	0.67914	0.00356	1	0.06299	-0.01471	0.67420	0.00401	1	1.45898	0.81042	0	
1245909	8403.70801	3304836670655	0.50770	0.34935	8403.64746	0.06055	11172	1	0.59215	0.39239	1	0.47168	0.40802	1	0.53192	0.40020	1	0.48109	0.53785	11.62036	1.06646	1	0.74391	0.56261	12.40535	1.06646	1	-0.00479	-0.00978	0.67914	0.00364	1	0.06299	-0.01471	0.67420	0.00396	1	1.45898	0.81042	0	
1245910	8403.71484	3304836741820	0.50442	0.35469	8403.64746	0.06738	11172	1	0.59215	0.39239	0	0.47168	0.40802	1	0.47168	0.40802	1	0.48109	0.53785	11.62036	1.06646	0	0.74391	0.56261	12.40535	1.06646	1	-0.00479	-0.00978	0.67914	0.00364	1	0.06299	-0.01471	0.67420	0.00396	1	1.45898	0.81042	0	
1245911	8403.72168	3304836809049	0.50169	0.35913	8403.64746	0.07422	11172	1	0.59215	0.39239	0	0.47168	0.40802	1	0.47168	0.40802	1	0.48109	0.53785	11.62036	1.06646	0	0.74408	0.56258	12.28397	1.06646	1	-0.00479	-0.00978	0.67914	0.00364	1	0.06299	-0.01471	0.67420	0.00397	1	1.45898	0.81042	0	
1245912	8403.72852	3304836876670	0.50169	0.35913	8403.64746	0.08105	11172	1	0.59215	0.39239	0	0.47168	0.40802	0	0.47168	0.40802	0	0.48109	0.53785	11.62036	1.06646	0	0.74408	0.56258	12.28397	1.06646	0	-0.00479	-0.00978	0.67914	0.00364	1	0.06299	-0.01471	0.67420	0.00397	1	1.45898	0.81042	0	
1245913	8403.73438	3304836943443	0.50169	0.35913	8403.64746	0.08691	11172	1	0.59215	0.39239	0	0.47168	0.40802	0	0.47168	0.40802	0	0.48109	0.53785	11.62036	1.06646	0	0.74408	0.56258	12.28397	1.06646	0	-0.00479	-0.00978	0.67914	0.00364	1	0.06299	-0.01471	0.67420	0.00397	1	1.45898	0.81042	0	
1245914	8403.74121	3304837010177	0.49938	0.36289	8403.64746	0.09375	11172	1	0.59215	0.39239	0	0.47168	0.40802	1	0.47168	0.40802	1	0.48109	0.53785	11.62036	1.06646	0	0.74390	0.56212	11.97619	1.06646	1	-0.00479	-0.00978	0.67914	0.00364	1	0.06349	-0.01478	0.67958	0.00412	1	1.45898	0.81042	0	
1245915	8403.74805	3304837077245	0.49895	0.36740	8403.64746	0.10059	11172	1	0.59215	0.39239	0	0.49328	0.42602	1	0.49328	0.42602	1	0.48109	0.53785	11.62036	1.06646	0	0.74394	0.56281	12.49120	1.06646	1	-0.00479	-0.00978	0.67914	0.00364	1	0.06349	-0.01478	0.67958	0.00388	1	1.45898	0.81042	0	
1245916	8403.75488	3304837143814	0.49895	0.36740	8403.64746	0.10742	11172	1	0.59215	0.39239	0	0.49328	0.42602	0	0.49328	0.42602	0	0.48109	0.53785	11.62036	1.06646	0	0.74394	0.56281	12.49120	1.06646	0	-0.00479	-0.00978	0.67914	0.00364	1	0.06349	-0.01478	0.67958	0.00388	1	1.45898	0.81042	0	
1245917	8403.76172	3304837208347	0.49857	0.37131	8403.64746	0.11426	11172	1	0.59215	0.39239	0	0.49328	0.42602	1	0.49328	0.42602	1	0.48109	0.53785	11.62036	1.06646	0	0.74385	0.56256	12.25299	1.06646	1	-0.00479	-0.00978	0.67914	0.00364	1	0.06299	-0.01471	0.67420	0.00396	1	1.45898	0.81042	0	
1245918	8403.76855	3304837278174	0.49975	0.37087	8403.64746	0.12109	11172	1	0.59215	0.39239	0	0.51752	0.36431	1	0.51752	0.36431	1	0.48109	0.53785	11.62036	1.06646	0	0.74392	0.56263	12.16595	1.06646	1	-0.00479	-0.00978	0.67914	0.00364	1	0.06299	-0.01471	0.67420	0.00396	1	1.45898	0.81042	0	
1245919	8403.77539	3304837345016	0.49975	0.37087	8403.64746	0.12793	11172	1	0.59215	0.39239	0	0.51752	0.36431	0	0.51752	0.36431	0	0.48109	0.53785	11.62036	1.06646	0	0.74392	0.56263	12.16595	1.06646	0	-0.00479	-0.00978	0.67914	0.00364	1	0.06299	-0.01471	0.67420	0.00396	1	1.45898	0.81042	0	
1245920	8403.78125	3304837412270	0.49975	0.37087	8403.64746	0.13379	11172	1	0.59215	0.39239	0	0.51752	0.36431	0	0.51752	0.36431	0	0.48109	0.53785	11.62036	1.06646	0	0.74392	0.56263	12.16595	1.06646	0	-0.00479	-0.00978	0.67914	0.00364	1	0.06299	-0.01471	0.67420	0.00396	1	1.45898	0.81042	0	
1245921	8403.78809	3304837479128	0.50093	0.36627	8403.64746	0.14062	11172	1	0.59215	0.39239	0	0.51974	0.29275	1	0.51974	0.29275	1	0.48109	0.53785	11.62036	1.06646	0	0.74392	0.56185	11.78980	1.06646	1	-0.00479	-0.00978	0.67914	0.00364	1	0.06299	-0.01471	0.67420	0.00424	1	1.45898	0.81042	0	
1245922	8403.79492	3304837546844	0.50093	0.36627	8403.64746	0.14746	11172	1	0.59215	0.39239	0	0.51974	0.29275	0	0.51974	0.29275	0	0.48109	0.53785	11.62036	1.06646	0	0.74392	0.56185	11.78980	1.06646	0	-0.00479	-0.00978	0.67914	0.00364	1	0.06299	-0.01471	0.67420	0.00424	1	1.45898	0.81042	0	
1245923	8403.80176	3304837613168	0.50093	0.36627	8403.64746	0.15430	11172	1	0.59215	0.39239	0	0.51974	0.29275	0	0.51974	0.29275	0	0.48109	0.53785	11.62036	1.06646	0	0.74392	0.56185	11.78980	1.06646	0	-0.00479	-0.00978	0.67914	0.00364	1	0.06299	-0.01471	0.67420	0.00424	1	1.45898	0.81042	0	
1245924	8403.80859	3304837680230	0.50093	0.36627	8403.64746	0.16113	11172	1	0.59215	0.39239	0	0.51974	0.29275	0	0.51974	0.29275	0	0.48109	0.53785	11.62036	1.06646	0	0.74392	0.56185	11.78980	1.06646	0	-0.00479	-0.00978	0.67914	0.00364	1	0.06299	-0.01471	0.67420	0.00424	1	1.45898	0.81042	0	
1245925	8403.81543	3304837747048	0.49891	0.37975	8403.64746	0.16113	11172	0	0.59215	0.39239	0	0.51974	0.29275	0	0.51974	0.29275	0	0.48109	0.53785	11.62036	1.06646	0	0.74392	0.56185	11.78980	1.06646	0	-0.00479	-0.00978	0.67914	0.00364	1	0.06299	-0.01471	0.67420	0.00424	1	1.45898	0.81042	0	
1245926	8403.82129	3304837811368	0.49891	0.37975	8403.64746	0.16113	11172	0	0.59215	0.39239	0	0.51974	0.29275	0	0.51974	0.29275	0	0.48109	0.53785	11.62036	1.06646	0	0.74392	0.56185	11.78980	1.06646	0	-0.00479	-0.00978	0.67914	0.00364	1	0.06299	-0.01471	0.67420	0.00424	1	1.45898	0.81042	0	
1245927	8403.82812	3304837881148	0.49891	0.37975	8403.64746	0.16113	11172	0	0.59215	0.39239	0	0.51974	0.29275	0	0.51974	0.29275	0	0.48109	0.53785	11.62036	1.06646	0	0.74392	0.56185	11.78980	1.06646	0	-0.00479	-0.00978	0.67914	0.00364	1	0.06299	-0.01471	0.67420	0.00424	1	1.45898	0.81042	0	
1245928	8403.83496	3304837948071	0.00000	0.00000	8403.64746	0.16113	11172	0	0.59215	0.39239	0	0.51974	0.29275	0	0.51974	0.29275	0	0.48109	0.53785	11.62036	1.06646	0	0.74392	0.56185	11.78980	1.06646	0	-0.00479	-0.00978	0.67914	0.00364	1	0.06299	-0.01471	0.67420	0.00424	1	1.45898	0.81042	0	
1245929	8403.84180	3304838015050	0.00000	0.00000	8403.64746	0.16113	11172	0	0.59215	0.39239	0	0.51974	0.29275	0	0.51974	0.29275	0	0.48109	0.53785	11.62036	1.06646	0	0.74392	0.56185	11.78980	1.06646	0	-0.00479	-0.00978	0.67914	0.00364	1	0.06299	-0.01471	0.67420	0.00424	1	1.45898	0.81042	0	
1245930	8403.84863	3304838081718	0.25951	0.18865	8403.64746	0.16113	11172	0	0.59215	0.39239	0	0.51902	0.37730	1	0.51902	0.37730	1	0.48109	0.53785	11.62036	1.06646	0	0.74402	0.56234	12.04131	1.06646	1	-0.00479	-0.00978	0.67914	0.00364	1	0.06299	-0.01471	0.67420	0.00413	1	1.45898	0.81042	0	
1245931	8403.85547	3304838149514	0.51902	0.37730	8403.64746	0.16113	11172	0	0.59215	0.39239	0	0.51902	0.37730	0	0.51902	0.37730	0	0.48109	0.53785	11.62036	1.06646	0	0.74402	0.56234	12.04131	1.06646	0	-0.00479	-0.00978	0.67914	0.00364	1	0.06299	-0.01471	0.67420	0.00413	1	1.45898	0.81042	0	
1245932	8403.86230	3304838216738	0.51935	0.37393	8403.64746	0.16113	11172	0	0.59215	0.39239	0	0.51968	0.37056	1	0.51968	0.37056	1	0.48109	0.53785	11.62036	1.06646	0	0.74401	0.56239	12.26622	1.07514	1	-0.00479	-0.00978	0.67914	0.00364	1	0.06563	-0.01540	0.70305	0.00411	1	1.45898	0.81042	0	
1245933	8403.86816	3304838278171	0.51467	0.36169	8403.64746	0.16113	11172	0	0.59215	0.39239	0	0.50530	0.33720	1	0.50530	0.33720	1	0.48109	0.53785	11.62036	1.07514	0	0.74372	0.56261	12.08746	1.08382	1	-0.00479	-0.00978	0.67914	0.00364	1	0.06563	-0.01540	0.70305	0.00390	1	1.45898	0.81042	0	
1245934	8403.87500	3304838349769	0.50528	0.35184	8403.85547	0.01953	11173	1	0.59215	0.39239	0	0.47713	0.32228	1	0.47713	0.32228	1	0.48109	0.53785	11.62036	1.08382	0	0.74366	0.56246	12.39903	1.09250	1	-0.00479	-0.00978	0.67914	0.00364	1	0.06563	-0.01540	0.70305	0.00387	1	1.45898	0.81042	0	
1245935	8403.88184	3304838416852	0.50528	0.35184	8403.85547	0.02637	11173	1	0.59215	0.39239	0	0.47713	0.32228	0	0.47713	0.32228	0	0.48109	0.53785	11.62036	1.09250	0	0.74366	0.56246	12.39903	1.10118	0	-0.00479	-0.00978	0.67914	0.00364	1	0.06563	-0.01540	0.70305	0.00387	1	1.45898	0.81042	0	
1245936	8403.88867	3304838484092	0.50528	0.35184	8403.85547	0.03320	11173	1	0.59215	0.39239	0	0.47713	0.32228	0	0.47713	0.32228	0	0.48109	0.53785	11.62036	1.10118	0	0.74366	0.56246	12.39903	1.10118	0	-0.00479	-0.00978	0.67914	0.00364	1	0.06563	-0.01540	0.70305	0.00387	1	1.45898	0.81042	0	
1245937	8403.89551	3304838550673	0.50528	0.35184	8403.85547	0.04004	11173	1	0.59215	0.39239	0	0.47713	0.32228	0	0.47713	0.32228	0	0.48109	0.53785	11.62036	1.10118	0	0.74366	0.56246	12.39903	1.10118	0	-0.00479	-0.00978	0.67914	0.00364	1	0.06563	-0.01540	0.70305	0.00387	1	1.45898	0.81042	0	
1245938	8403.90234	3304838617579	0.50070	0.34335	8403.85547	0.04004	11173	0	0.59215	0.39239	0	0.47713	0.32228	0	0.47713	0.32228	0	0.48109	0.53785	11.62036	1.10118	0	0.74366	0.56246	12.39903	1.10118	0	-0.00479	-0.00978	0.67914	0.00364	1	0.06563	-0.01540	0.70305	0.00387	1	1.45898	0.81042	0	
1245939	8403.90918	3304838685945	0.50070	0.34335	8403.85547	0.04004	11173	0	0.59215	0.39239	0	0.47713	0.32228	0	0.47713	0.32228	0	0.48109	0.53785	11.62036	1.10118	0	0.74366	0.56246	12.39903	1.10118	0	-0.00479	-0.00978	0.67914	0.00364	1	0.06563	-0.01540	0.70305	0.00387	1	1.45898	0.81042	0	
1245940	8403.91602	3304838752023	0.50070	0.34335	8403.85547	0.04004	11173	0	0.59215	0.39239	0	0.47713	0.32228	0	0.47713	0.32228	0	0.48109	0.53785	11.62036	1.10118	0	0.74366	0.56246	12.39903	1.10118	0	-0.00479	-0.00978	0.67914	0.00364	1	0.06563	-0.01540	0.70305	0.00387	1	1.45898	0.81042	0	
1245941	8403.92285	3304838818836	0.00000	0.00000	8403.85547	0.04004	11173	0	0.59215	0.39239	0	0.47713	0.32228	0	0.47713	0.32228	0	0.48109	0.53785	11.62036	1.10118	0	0.74366	0.56246	12.39903	1.10118	0	-0.00479	-0.00978	0.67914	0.00364	1	0.06563	-0.01540	0.70305	0.00387	1	1.45898	0.81042	0	
1245942	8403.92871	3304838885814	0.00000	0.00000	8403.85547	0.04004	11173	0	0.59215	0.39239	0	0.47713	0.32228	0	0.47713	0.32228	0	0.48109	0.53785	11.62036	1.10118	0	0.74366	0.56246	12.39903	1.10118	0	-0.00479	-0.00978	0.67914	0.00364	1	0.06563	-0.01540	0.70305	0.00387	1	1.45898	0.81042	0	
1245943	8403.93555	3304838952342	0.00000	0.00000	8403.85547	0.04004	11173	0	0.59215	0.39239	0	0.47713	0.32228	0	0.47713	0.32228	0	0.48109	0.53785	11.62036	1.10118	0	0.74366	0.56246	12.39903	1.10118	0	-0.00479	-0.00978	0.67914	0.00364	1	0.06563	-0.01540	0.70305	0.00387	1	1.45898	0.81042	0	
1245944	8403.94238	3304839019645	0.00000	0.00000	8403.85547	0.04004	11173	0	0.59215	0.39239	0	0.47713	0.32228	0	0.47713	0.32228	0	0.48109	0.53785	11.62036	1.10118	0	0.74366	0.56246	12.39903	1.10118	0	-0.00479	-0.00978	0.67914	0.00364	1	0.06563	-0.01540	0.70305	0.00387	1	1.45898	0.81042	0	
1245945	8403.94922	3304839087054	0.00000	0.00000	8403.85547	0.04004	11173	0	0.59215	0.39239	0	0.47713	0.32228	0	0.47713	0.32228	0	0.48109	0.53785	11.62036	1.10118	0	0.74366	0.56246	12.39903	1.10118	0	-0.00479	-0.00978	0.67914	0.00364	1	0.06563	-0.01540	0.70305	0.00387	1	1.45898	0.81042	0	
1245946	8403.95605	3304839153744	0.00000	0.00000	8403.85547	0.04004	11173	0	0.59215	0.39239	0	0.47713	0.32228	0	0.47713	0.32228	0	0.48109	0.53785	11.62036	1.10118	0	0.74366	0.56246	12.39903	1.10118	0	-0.00479	-0.00978	0.67914	0.00364	1	0.06563	-0.01540	0.70305	0.00387	1	1.45898	0.81042	0	
1245947	8403.96289	3304839220248	0.00000	0.00000	8403.85547	0.04004	11173	0	0.59215	0.39239	0	0.47713	0.32228	0	0.47713	0.32228	0	0.48109	0.53785	11.62036	1.10118	0	0.74366	0.56246	12.39903	1.10118	0	-0.00479	-0.00978	0.67914	0.00364	1	0.06563	-0.01540	0.70305	0.00387	1	1.45898	0.81042	0	
1245948	8403.96973	3304839287656	0.00000	0.00000	8403.85547	0.04004	11173	0	0.59215	0.39239	0	0.47713	0.32228	0	0.47713	0.32228	0	0.48109	0.53785	11.62036	1.10118	0	0.74366	0.56246	12.39903	1.10118	0	-0.00479	-0.00978	0.67914	0.00364	1	0.06563	-0.01540	0.70305	0.00387	1	1.45898	0.81042	0	
1245949	8403.97559	3304839354341	0.00000	0.00000	8403.85547	0.04004	11173	0	0.59215	0.39239	0	0.47713	0.32228	0	0.47713	0.32228	0	0.48109	0.53785	11.62036	1.10118	0	0.74366	0.56246	12.39903	1.10118	0	-0.00479	-0.00978	0.67914	0.00364	1	0.06563	-0.01540	0.70305	0.00387	1	1.45898	0.81042	0	
1245950	8403.98242	3304839418518	0.00000	0.00000	8403.85547	0.04004	11173	0	0.59215	0.39239	0	0.47713	0.32228	0	0.47713	0.32228	0	0.48109	0.53785	11.62036	1.10118	0	0.74366	0.56246	12.39903	1.10118	0	-0.00479	-0.00978	0.67914	0.00364	1	0.06563	-0.01540	0.70305	0.00387	1	1.45898	0.81042	0	
1245951	8403.98926	3304839484179	0.00000	0.00000	8403.85547	0.04004	11173	0	0.59215	0.39239	0	0.47713	0.32228	0	0.47713	0.32228	0	0.48109	0.53785	11.62036	1.10118	0	0.74366	0.56246	12.39903	1.10118	0	-0.00479	-0.00978	0.67914	0.00364	1	0.06563	-0.01540	0.70305	0.00387	1	1.45898	0.81042	0	
1245952	8403.99609	3304839552202	0.00000	0.00000	8403.85547	0.04004	11173	0	0.59215	0.39239	0	0.47713	0.32228	0	0.47713	0.32228	0	0.48109	0.53785	11.62036	1.10118	0	0.74366	0.56246	12.39903	1.10118	0	-0.00479	-0.00978	0.67914	0.00364	1	0.06563	-0.01540	0.70305	0.00387	1	1.45898	0.81042	0	
1245953	8404.00195	3304839618170	0.00000	0.00000	8403.85547	0.04004	11173	0	0.59215	0.39239	0	0.47713	0.32228	0	0.47713	0.32228	0	0.48109	0.53785	11.62036	1.10118	0	0.74366	0.56246	12.39903	1.10118	0	-0.00479	-0.00978	0.67914	0.00364	1	0.06563	-0.01540	0.70305	0.00387	1	1.45898	0.81042	0	
1245954	8404.00879	3304839682469	0.25340	0.18386	8403.85547	0.04004	11173	0	0.53140	0.34056	1	0.48221	0.39490	1	0.50681	0.36773	1	0.47993	0.53730	11.01073	1.10118	1	0.74333	0.56214	12.17781	1.10118	1	-0.00479	-0.00978	0.67914	0.00360	1	0.06563	-0.01540	0.70305	0.00394	1	1.45898	0.81042	0	
1245955	8404.01660	3304839756797	0.33868	0.24670	8403.85547	0.04004	11173	0	0.52130	0.34044	1	0.49715	0.40431	1	0.50923	0.37238	1	0.47970	0.53742	11.05625	1.10118	1	0.74352	0.56240	11.94450	1.10118	1	-0.00479	-0.00978	0.67914	0.00357	1	0.06563	-0.01540	0.70305	0.00403	1	1.45898	0.81042	0	
1245956	8404.02246	3304839822568	0.50834	0.37188	8403.85547	0.04004	11173	0	0.52130	0.34044	1	0.49667	0.41061	1	0.50899	0.37553	1	0.47963	0.53747	11.04592	1.10118	1	0.74325	0.56190	11.97235	1.09250	1	-0.00493	-0.00962	0.67141	0.00367	1	0.06349	-0.01483	0.68173	0.00410	1	1.45898	0.81042	0	
1245957	8404.02930	3304839887406	0.51125	0.36495	8403.85547	0.04004	11173	0	0.54507	0.30945	1	0.48324	0.40659	1	0.51416	0.35802	1	0.47971	0.53724	10.94094	1.09250	1	0.74338	0.56219	12.42937	1.08382	1	-0.00493	-0.00962	0.67141	0.00373	1	0.06349	-0.01483	0.68173	0.00404	1	1.45898	0.81042	0	
1245958	8404.03613	3304839955600	0.51023	0.36962	8403.85547	0.04004	11173	0	0.55938	0.32807	1	0.45698	0.42985	1	0.50818	0.37896	1	0.47982	0.53733	10.97538	1.08382	1	0.74261	0.56258	12.80395	1.07514	1	-0.00493	-0.00962	0.67141	0.00372	1	0.06349	-0.01483	0.68173	0.00425	1	1.45898	0.81042	0	
1245959	8404.04297	3304840023704	0.50977	0.37358	8404.02246	0.02051	11174	1	0.56003	0.33488	1	0.45680	0.43607	1	0.50842	0.38547	1	0.47935	0.53512	11.51395	1.07514	1	0.74306	0.56168	12.28802	1.06646	1	-0.00493	-0.00962	0.67141	0.00230	1	0.06349	-0.01483	0.68173	0.00411	1	1.45898	0.81042	0	
1245960	8404.04980	3304840091669	0.51237	0.37252	8404.02246	0.02734	11174	1	0.52633	0.39540	1	0.51916	0.34116	1	0.52274	0.36828	1	0.47928	0.53779	12.00821	1.06646	1	0.74311	0.56132	12.24920	1.06646	1	-0.00493	-0.00962	0.67141	0.00363	1	0.06349	-0.01483	0.68173	0.00401	1	1.45898	0.81042	0	
1245961	8404.05664	3304840158512	0.51428	0.37523	8404.02246	0.03418	11174	1	0.53450	0.39942	1	0.51315	0.37813	1	0.52383	0.38877	1	0.47939	0.53785	11.51682	1.06646	1	0.74311	0.56163	12.23249	1.06646	1	-0.00493	-0.00962	0.67141	0.00358	1	0.06349	-0.01483	0.68173	0.00399	1	1.45898	0.81042	0	
1245962	8404.06348	3304840225455	0.51566	0.37803	8404.02246	0.04102	11174	1	0.53528	0.40528	1	0.51258	0.38434	1	0.52393	0.39481	1	0.47925	0.53765	11.23333	1.05844	1	0.74268	0.56150	13.05173	1.05844	1	-0.00497	-0.00941	0.65686	0.00366	1	0.06355	-0.01481	0.68345	0.00397	1	1.45898	0.81042	0	
1245963	8404.06934	3304840292510	0.51644	0.37668	8404.02246	0.04688	11174	1	0.53521	0.39181	1	0.50858	0.34266	1	0.52189	0.36723	1	0.47939	0.53752	11.36428	1.05043	1	0.74298	0.56117	12.40079	1.05043	1	-0.00497	-0.00941	0.65686	0.00370	1	0.06355	-0.01481	0.68345	0.00411	1	1.45898	0.81042	0	
1245964	8404.07617	3304840359743	0.51760	0.38063	8404.02246	0.05371	11174	1	0.54255	0.40320	1	0.51135	0.42126	1	0.52695	0.41223	1	0.47915	0.53778	11.78566	1.04241	1	0.74311	0.56210	12.54835	1.04241	1	-0.00497	-0.00941	0.65686	0.00358	1	0.06355	-0.01481	0.68345	0.00382	1	1.45898	0.81042	0	
1245965	8404.08301	3304840426257	0.51857	0.38346	8404.02246	0.06055	11174	1	0.54255	0.40320	1	0.51197	0.41473	1	0.52726	0.40897	1	0.47900	0.53724	11.23064	1.04241	1	0.74243	0.56115	12.01222	1.05109	1	-0.00515	-0.00964	0.67320	0.00380	1	0.06565	-0.01532	0.70667	0.00415	1	1.45898	0.81042	0	
1245966	8404.08984	3304840491298	0.51662	0.38184	8404.02246	0.06738	11174	1	0.53083	0.38096	1	0.46350	0.35022	1	0.49717	0.36559	1	0.47903	0.53756	11.30237	1.05911	1	0.74229	0.56160	12.04885	1.06779	1	-0.00515	-0.00964	0.67320	0.00362	1	0.06565	-0.01532	0.70667	0.00413	1	1.45898	0.81042	0	
1245967	8404.09668	3304840559918	0.51579	0.37851	8404.02246	0.07422	11174	1	0.55057	0.34327	1	0.46257	0.34057	1	0.50657	0.34192	1	0.47895	0.53735	11.25549	1.07581	1	0.74227	0.56164	12.11579	1.08449	1	-0.00515	-0.00964	0.67320	0.00364	1	0.06565	-0.01532	0.70667	0.00412	1	1.45898	0.81042	0	
1245968	8404.10352	3304840627997	0.51503	0.37495	8404.02246	0.08105	11174	1	0.54920	0.33031	1	0.46277	0.33421	1	0.50598	0.33226	1	0.47887	0.53740	10.75986	1.09250	1	0.74223	0.56142	12.07543	1.09250	1	-0.00518	-0.00965	0.67718	0.00370	1	0.06378	-0.01489	0.68706	0.00408	1	1.45898	0.81042	0	
1245969	8404.11035	3304840694505	0.51414	0.37102	8404.02246	0.08789	11174	1	0.51620	0.33137	1	0.48888	0.30846	1	0.50254	0.31992	1	0.47844	0.53723	10.81369	1.09250	1	0.74225	0.56128	12.01502	1.08382	1	-0.00518	-0.00965	0.67718	0.00375	1	0.06378	-0.01489	0.68706	0.00405	1	1.45898	0.81042	0	
1245970	8404.11621	3304840761526	0.51509	0.36919	8404.02246	0.09375	11174	1	0.53961	0.36752	1	0.51714	0.31950	1	0.52837	0.34351	1	0.47882	0.53758	10.87288	1.08382	1	0.74233	0.56140	11.99451	1.07514	1	-0.00518	-0.00965	0.67718	0.00371	1	0.06378	-0.01489	0.68706	0.00402	1	1.45898	0.81042	0	
1245971	8404.12305	3304840828434	0.51594	0.36779	8404.02246	0.10059	11174	1	0.54039	0.37402	1	0.51714	0.31950	1	0.52876	0.34676	1	0.47859	0.53774	11.66535	1.07514	1	0.74229	0.56149	12.29882	1.07514	1	-0.00544	-0.00975	0.68403	0.00369	1	0.06512	-0.01522	0.70203	0.00399	1	1.45898	0.81042	0	
1245972	8404.12988	3304840894803	0.51630	0.36455	8404.02246	0.10742	11174	1	0.52573	0.32333	1	0.51816	0.30218	1	0.52195	0.31276	1	0.47817	0.53705	10.91689	1.07514	1	0.74229	0.56111	12.12166	1.08382	1	-0.00544	-0.00975	0.68403	0.00373	1	0.06512	-0.01522	0.70203	0.00409	1	1.45898	0.81042	0	
1245973	8404.13672	3304840962460	0.51661	0.36339	8404.02246	0.11426	11174	1	0.54192	0.33854	1	0.50213	0.34895	1	0.52202	0.34374	1	0.47841	0.53724	11.08379	1.08382	1	0.74210	0.56191	12.40584	1.09250	1	-0.00544	-0.00975	0.68403	0.00381	1	0.06512	-0.01522	0.70203	0.00382	1	1.45898	0.81042	0	
1245974	8404.14355	3304841029305	0.51688	0.36218	8404.02246	0.12109	11174	1	0.54115	0.33181	1	0.50213	0.34895	1	0.52164	0.34038	1	0.47835	0.53670	10.94539	1.09250	1	0.74217	0.56157	12.36884	1.09250	1	-0.00544	-0.00975	0.68403	0.00387	1	0.06323	-0.01474	0.68224	0.00386	1	1.45898	0.81042	0	
1245975	8404.15039	3304841096660	0.51710	0.36021	8404.02246	0.12793	11174	1	0.53389	0.29978	1	0.50887	0.34552	1	0.52138	0.32265	1	0.47837	0.53675	10.78858	1.09250	1	0.74218	0.56161	12.33453	1.08382	1	-0.00544	-0.00975	0.68403	0.00389	1	0.06323	-0.01474	0.68224	0.00385	1	1.45898	0.81042	0	
1245976	8404.15723	3304841163316	0.51172	0.35596	8404.02246	0.13477	11174	1	0.53389	0.29978	0	0.40399	0.27101	1	0.40399	0.27101	1	0.47837	0.53675	10.78858	1.08382	0	0.47837	0.53675	10.78858	1.07514	1	-0.00544	-0.00975	0.68403	0.00389	1	0.06323	-0.01474	0.68224	0.00389	1	1.45898	0.81042	0	
1245977	8404.16309	3304841230409	0.49705	0.32658	8404.02246	0.13477	11174	0	0.53389	0.29978	0	0.40423	0.27847	1	0.40423	0.27847	1	0.47837	0.53675	10.78858	1.07514	0	0.47833	0.53696	10.72365	1.06646	1	-0.00544	-0.00975	0.68403	0.00389	1	-0.00544	-0.00975	0.68403	0.00383	1	1.45898	0.81042	0	
1245978	8404.16992	3304841297456	0.45796	0.29377	8404.02246	0.13477	11174	0	0.53389	0.29978	0	0.41888	0.26096	1	0.41888	0.26096	1	0.47837	0.53675	10.78858	1.06646	0	0.47819	0.53684	11.75593	1.06646	1	-0.00544	-0.00975	0.68403	0.00389	1	-0.00544	-0.00975	0.68403	0.00380	1	1.45898	0.81042	0	
1245979	8404.17676	3304841363895	0.43786	0.28560	8404.02246	0.13477	11174	0	0.53389	0.29978	0	0.39764	0.26927	1	0.39764	0.26927	1	0.47837	0.53675	10.78858	1.06646	0	0.47831	0.53703	10.93269	1.06646	1	-0.00544	-0.00975	0.68403	0.00389	1	-0.00544	-0.00975	0.68403	0.00381	1	1.45898	0.81042	0	
1245980	8404.18359	3304841431017	0.40472	0.26650	8404.02246	0.13477	11174	0	0.53389	0.29978	0	0.39764	0.26927	1	0.39764	0.26927	1	0.47837	0.53675	10.78858	1.06646	0	0.47809	0.53717	11.74236	1.06646	1	-0.00544	-0.00975	0.68403	0.00389	1	-0.00544	-0.00975	0.68403	0.00375	1	1.45898	0.81042	0	
1245981	8404.19043	3304841498048	0.40521	0.26371	8404.02246	0.13477	11174	0	0.53389	0.29978	0	0.40570	0.26093	1	0.40570	0.26093	1	0.47837	0.53675	10.78858	1.06646	0	0.47796	0.53673	11.53740	1.06646	1	-0.00544	-0.00975	0.68403	0.00389	1	-0.00544	-0.00975	0.68403	0.00380	1	1.45898	0.81042	0	
1245982	8404.19727	3304841564789	0.40253	0.25940	8404.02246	0.13477	11174	0	0.53389	0.29978	0	0.39718	0.25076	1	0.39718	0.25076	1	0.47837	0.53675	10.78858	1.06646	0	0.47785	0.53688	11.75253	1.06646	1	-0.00544	-0.00975	0.68403	0.00389	1	-0.00544	-0.00975	0.68403	0.00373	1	1.45898	0.81042	0	
1245983	8404.20410	3304841631899	0.40120	0.25724	8404.18359	0.02051	11175	1	0.53389	0.29978	0	0.39718	0.25076	1	0.39718	0.25076	1	0.47837	0.53675	10.78858	1.06646	0	0.47744	0.53644	10.77723	1.06646	1	-0.00544	-0.00975	0.68403	0.00389	1	-0.00550	-0.00968	0.67903	0.00396	1	1.45898	0.81042	0	
1245984	8404.20996	3304841698886	0.39872	0.26199	8404.18359	0.02637	11175	1	0.53389	0.29978	0	0.38883	0.28101	1	0.38883	0.28101	1	0.47837	0.53675	10.78858	1.06646	0	0.47766	0.53705	11.22414	1.06646	1	-0.00544	-0.00975	0.68403	0.00389	1	-0.00550	-0.00968	0.67903	0.00376	1	1.45898	0.81042	0	
1245985	8404.21680	3304841765697	0.39521	0.25923	8404.18359	0.03320	11175	1	0.53389	0.29978	0	0.37767	0.24541	1	0.37767	0.24541	1	0.47837	0.53675	10.78858	1.06646	0	0.47751	0.53657	10.89692	1.06646	1	-0.00544	-0.00975	0.68403	0.00389	1	-0.00550	-0.00968	0.67903	0.00390	1	1.45898	0.81042	0	
1245986	8404.22363	3304841832743	0.39271	0.25726	8404.18359	0.04004	11175	1	0.53389	0.29978	0	0.37767	0.24541	1	0.37767	0.24541	1	0.47837	0.53675	10.78858	1.06646	0	0.47742	0.53455	11.42472	1.06646	1	-0.00544	-0.00975	0.68403	0.00389	1	-0.00561	-0.00970	0.68055	0.00237	1	1.45898	0.81042	0	
1245987	8404.23047	3304841900158	0.39271	0.25726	8404.18359	0.04688	11175	1	0.53389	0.29978	0	0.37767	0.24541	0	0.37767	0.24541	0	0.47837	0.53675	10.78858	1.06646	0	0.47742	0.53455	11.42472	1.06646	0	-0.00544	-0.00975	0.68403	0.00389	1	-0.00561	-0.00970	0.68055	0.00237	1	1.45898	0.81042	0	
1245988	8404.23730	3304841966693	0.39271	0.25726	8404.18359	0.05371	11175	1	0.53389	0.29978	0	0.37767	0.24541	0	0.37767	0.24541	0	0.47837	0.53675	10.78858	1.06646	0	0.47742	0.53455	11.42472	1.06646	0	-0.00544	-0.00975	0.68403	0.00389	1	-0.00561	-0.00970	0.68055	0.00237	1	1.45898	0.81042	0	
1245989	8404.24414	3304842033791	0.39083	0.25578	8404.18359	0.06055	11175	1	0.53389	0.29978	0	0.37767	0.24541	1	0.37767	0.24541	1	0.47837	0.53675	10.78858	1.06646	0	0.74137	0.56121	12.38474	1.06646	1	-0.00544	-0.00975	0.68403	0.00389	1	0.06289	-0.01460	0.68080	0.00391	1	1.45898	0.81042	0	
1245990	8404.25098	3304842100995	0.39083	0.25578	8404.18359	0.06738	11175	1	0.53389	0.29978	0	0.37767	0.24541	0	0.37767	0.24541	0	0.47837	0.53675	10.78858	1.06646	0	0.74137	0.56121	12.38474	1.06646	0	-0.00544	-0.00975	0.68403	0.00389	1	0.06289	-0.01460	0.68080	0.00391	1	1.45898	0.81042	0	
1245991	8404.25684	3304842168074	0.39083	0.25578	8404.18359	0.07324	11175	1	0.53389	0.29978	0	0.37767	0.24541	0	0.37767	0.24541	0	0.47837	0.53675	10.78858	1.06646	0	0.74137	0.56121	12.38474	1.06646	0	-0.00544	-0.00975	0.68403	0.00389	1	0.06289	-0.01460	0.68080	0.00391	1	1.45898	0.81042	0	
1245992	8404.26367	3304842234930	0.39083	0.25578	8404.18359	0.08008	11175	1	0.53389	0.29978	0	0.37767	0.24541	0	0.37767	0.24541	0	0.47837	0.53675	10.78858	1.06646	0	0.74137	0.56121	12.38474	1.06646	0	-0.00544	-0.00975	0.68403	0.00389	1	0.06289	-0.01460	0.68080	0.00391	1	1.45898	0.81042	0	
1245993	8404.27051	3304842301828	0.38884	0.25424	8404.18359	0.08008	11175	0	0.53389	0.29978	0	0.37767	0.24541	0	0.37767	0.24541	0	0.47837	0.53675	10.78858	1.06646	0	0.74137	0.56121	12.38474	1.06646	0	-0.00544	-0.00975	0.68403	0.00389	1	0.06289	-0.01460	0.68080	0.00391	1	1.45898	0.81042	0	
1245994	8404.27734	3304842368978	0.44252	0.31939	8404.18359	0.08008	11175	0	0.53389	0.29978	0	0.49620	0.38454	1	0.49620	0.38454	1	0.47837	0.53675	10.78858	1.06646	0	0.74119	0.56097	12.69213	1.06646	1	-0.00544	-0.00975	0.68403	0.00389	1	0.06289	-0.01460	0.68080	0.00378	1	1.45898	0.81042	0	
1245995	8404.28418	3304842436372	0.46041	0.34111	8404.18359	0.08008	11175	0	0.53389	0.29978	0	0.49620	0.38454	1	0.49620	0.38454	1	0.47837	0.53675	10.78858	1.06646	0	0.74106	0.56050	11.94637	1.06646	1	-0.00544	-0.00975	0.68403	0.00389	1	0.06294	-0.01459	0.68245	0.00409	1	1.45898	0.81042	0	
1245996	8404.29102	3304842503094	0.49620	0.38454	8404.18359	0.08008	11175	0	0.53389	0.29978	0	0.49620	0.38454	0	0.49620	0.38454	0	0.47837	0.53675	10.78858	1.06646	0	0.74106	0.56050	11.94637	1.06646	0	-0.00544	-0.00975	0.68403	0.00389	1	0.06294	-0.01459	0.68245	0.00409	1	1.45898	0.81042	0	
1245997	8404.29785	3304842569396	0.49620	0.38454	8404.18359	0.08008	11175	0	0.53389	0.29978	0	0.49620	0.38454	0	0.49620	0.38454	0	0.47837	0.53675	10.78858	1.06646	0	0.74106	0.56050	11.94637	1.06646	0	-0.00544	-0.00975	0.68403	0.00389	1	0.06294	-0.01459	0.68245	0.00409	1	1.45898	0.81042	0	
1245998	8404.30371	3304842636631	0.49620	0.38454	8404.18359	0.08008	11175	0	0.53389	0.29978	0	0.49620	0.38454	0	0.49620	0.38454	0	0.47837	0.53675	10.78858	1.06646	0	0.74106	0.56050	11.94637	1.06646	0	-0.00544	-0.00975	0.68403	0.00389	1	0.06294	-0.01459	0.68245	0.00409	1	1.45898	0.81042	0	
1245999	8404.31055	3304842704095	0.00000	0.00000	8404.18359	0.08008	11175	0	0.53389	0.29978	0	0.49620	0.38454	0	0.49620	0.38454	0	0.47837	0.53675	10.78858	1.06646	0	0.74106	0.56050	11.94637	1.06646	0	-0.00544	-0.00975	0.68403	0.00389	1	0.06294	-0.01459	0.68245	0.00409	1	1.45898	0.81042	0	
1246000	8404.31738	3304842768927	0.00000	0.00000	8404.18359	0.08008	11175	0	0.53389	0.29978	0	0.49620	0.38454	0	0.49620	0.38454	0	0.47837	0.53675	10.78858	1.06646	0	0.74106	0.56050	11.94637	1.06646	0	-0.00544	-0.00975	0.68403	0.00389	1	0.06294	-0.01459	0.68245	0.00409	1	1.45898	0.81042	0	
1246001	8404.32422	3304842837879	0.00000	0.00000	8404.18359	0.08008	11175	0	0.53389	0.29978	0	0.49620	0.38454	0	0.49620	0.38454	0	0.47837	0.53675	10.78858	1.06646	0	0.74106	0.56050	11.94637	1.06646	0	-0.00544	-0.00975	0.68403	0.00389	1	0.06294	-0.01459	0.68245	0.00409	1	1.45898	0.81042	0	
1246002	8404.33105	3304842905299	0.00000	0.00000	8404.18359	0.08008	11175	0	0.53389	0.29978	0	0.49620	0.38454	0	0.49620	0.38454	0	0.47837	0.53675	10.78858	1.06646	0	0.74106	0.56050	11.94637	1.06646	0	-0.00544	-0.00975	0.68403	0.00389	1	0.06294	-0.01459	0.68245	0.00409	1	1.45898	0.81042	0	
1246003	8404.33789	3304842971456	0.00000	0.00000	8404.18359	0.08008	11175	0	0.53389	0.29978	0	0.49620	0.38454	0	0.49620	0.38454	0	0.47837	0.53675	10.78858	1.06646	0	0.74106	0.56050	11.94637	1.06646	0	-0.00544	-0.00975	0.68403	0.00389	1	0.06294	-0.01459	0.68245	0.00409	1	1.45898	0.81042	0	
1246004	8404.34375	3304843036636	0.00000	0.00000	8404.18359	0.08008	11175	0	0.53389	0.29978	0	0.49620	0.38454	0	0.49620	0.38454	0	0.47837	0.53675	10.78858	1.06646	0	0.74106	0.56050	11.94637	1.06646	0	-0.00544	-0.00975	0.68403	0.00389	1	0.06294	-0.01459	0.68245	0.00409	1	1.45898	0.81042	0	
1246005	8404.35156	3304843106119	0.49064	0.39091	8404.18359	0.08008	11175	0	0.51418	0.40761	1	0.46710	0.37420	1	0.49064	0.39091	1	0.47678	0.53677	11.02841	1.06646	1	0.74070	0.56082	12.41647	1.06646	1	-0.00544	-0.00975	0.68403	0.00366	1	0.06294	-0.01459	0.68245	0.00397	1	1.45898	0.81042	0	
1246006	8404.35742	3304843173058	0.49569	0.38317	8404.18359	0.08008	11175	0	0.52980	0.37999	1	0.47169	0.37085	1	0.50075	0.37542	1	0.47708	0.53640	11.36588	1.06646	1	0.74077	0.56069	12.16683	1.06646	1	-0.00544	-0.00975	0.68403	0.00360	1	0.06294	-0.01459	0.68245	0.00420	1	1.45898	0.81042	0	
1246007	8404.36426	3304843239669	0.49743	0.37946	8404.18359	0.08008	11175	0	0.52980	0.37999	1	0.47199	0.36409	1	0.50089	0.37204	1	0.47708	0.53623	11.58653	1.06646	1	0.74074	0.56045	12.24907	1.07514	1	-0.00561	-0.00960	0.68055	0.00362	1	0.06611	-0.01531	0.71621	0.00427	1	1.45898	0.81042	0	
1246008	8404.37109	3304843306570	0.49406	0.37134	8404.35156	0.01953	11176	1	0.50389	0.34196	1	0.46404	0.35197	1	0.48396	0.34697	1	0.47668	0.53628	11.04725	1.07514	1	0.74067	0.56081	12.43056	1.08382	1	-0.00561	-0.00960	0.68055	0.00374	1	0.06611	-0.01531	0.71621	0.00404	1	1.45898	0.81042	0	
1246009	8404.37695	3304843369440	0.49663	0.36965	8404.35156	0.02539	11176	1	0.55284	0.35621	1	0.46097	0.36957	1	0.50691	0.36289	1	0.47744	0.53660	11.48688	1.08382	1	0.74069	0.56100	12.36567	1.09250	1	-0.00561	-0.00960	0.68055	0.00360	1	0.06611	-0.01531	0.71621	0.00400	1	1.45898	0.81042	0	
1246010	8404.38477	3304843438236	0.49827	0.36846	8404.35156	0.03320	11176	1	0.55215	0.34963	1	0.46079	0.37539	1	0.50647	0.36251	1	0.47706	0.53629	11.36203	1.09250	1	0.74082	0.56048	12.29190	1.08484	1	-0.00561	-0.00960	0.68055	0.00369	1	0.06191	-0.01434	0.67069	0.00401	1	1.45898	0.81042	0	
1246011	8404.39062	3304843505340	0.49936	0.36289	8404.35156	0.03906	11176	1	0.53118	0.37788	1	0.48065	0.28105	1	0.50592	0.32947	1	0.47708	0.53672	12.24588	1.08484	1	0.74093	0.55979	11.99642	1.06850	1	-0.00561	-0.00960	0.68055	0.00357	1	0.06191	-0.01434	0.67069	0.00426	1	1.45898	0.81042	0	
1246012	8404.39746	3304843571073	0.49872	0.36058	8404.35156	0.04590	11176	1	0.51314	0.36040	1	0.47531	0.32845	1	0.49422	0.34443	1	0.47678	0.53638	11.34942	1.06850	1	0.74089	0.56034	12.04691	1.05216	1	-0.00561	-0.00960	0.68055	0.00372	1	0.06191	-0.01434	0.67069	0.00406	1	1.45898	0.81042	0	
1246013	8404.40430	3304843638921	0.49830	0.35988	8404.35156	0.05273	11176	1	0.51499	0.37294	1	0.47498	0.33565	1	0.49498	0.35430	1	0.47726	0.53676	12.30873	1.05216	1	0.74119	0.56071	13.03803	1.04348	1	-0.00561	-0.00960	0.68055	0.00358	1	0.06256	-0.01448	0.67721	0.00387	1	1.45898	0.81042	0	
1246014	8404.41113	3304843705762	0.50055	0.36235	8404.35156	0.05957	11176	1	0.53791	0.38938	1	0.50365	0.37977	1	0.52078	0.38457	1	0.47752	0.53661	12.14269	1.04348	1	0.74134	0.56074	12.66154	1.05114	1	-0.00561	-0.00960	0.68055	0.00364	1	0.06256	-0.01448	0.67721	0.00388	1	1.45898	0.81042	0	
1246015	8404.41797	3304843775766	0.50222	0.36383	8404.35156	0.06641	11176	1	0.54776	0.39690	1	0.49011	0.36035	1	0.51893	0.37863	1	0.47728	0.53675	12.28595	1.05114	1	0.74115	0.56070	13.04223	1.05880	1	-0.00561	-0.00960	0.68055	0.00361	1	0.06256	-0.01448	0.67721	0.00386	1	1.45898	0.81042	0	
1246016	8404.42480	3304843840252	0.50360	0.36457	8404.35156	0.07324	11176	1	0.54710	0.39121	1	0.49050	0.35425	1	0.51880	0.37273	1	0.47762	0.53661	11.42668	1.05880	1	0.74087	0.56043	12.14377	1.06646	1	-0.00561	-0.00960	0.68055	0.00366	1	0.06256	-0.01448	0.67721	0.00404	1	1.45898	0.81042	0	
1246017	8404.43066	3304843904591	0.50508	0.36399	8404.35156	0.07910	11176	1	0.53589	0.39966	1	0.50964	0.31446	1	0.52276	0.35706	1	0.47758	0.53681	11.73361	1.06646	1	0.74143	0.56017	12.45693	1.06646	1	-0.00561	-0.00960	0.68055	0.00362	1	0.06256	-0.01448	0.67721	0.00411	1	1.45898	0.81042	0	
1246018	8404.43750	3304843973857	0.50588	0.36127	8404.35156	0.08594	11176	1	0.53293	0.35055	1	0.49969	0.30122	1	0.51631	0.32589	1	0.47749	0.53631	11.29201	1.06646	1	0.74121	0.56003	12.46235	1.06646	1	-0.00561	-0.00960	0.68055	0.00364	1	0.06256	-0.01448	0.67721	0.00413	1	1.45898	0.81042	0	
1246019	8404.44531	3304844043700	0.50658	0.35891	8404.35156	0.09375	11176	1	0.53293	0.35055	1	0.49969	0.30122	1	0.51631	0.32589	1	0.47773	0.53687	11.36434	1.06646	1	0.74141	0.56028	12.36726	1.06646	1	-0.00561	-0.00960	0.68055	0.00373	1	0.06256	-0.01448	0.67721	0.00408	1	1.45898	0.81042	0	
1246020	8404.45117	3304844110669	0.50811	0.35926	8404.35156	0.09961	11176	1	0.54420	0.42902	1	0.51799	0.29987	1	0.53109	0.36445	1	0.47763	0.53701	11.65732	1.06646	1	0.74153	0.55991	12.04746	1.06646	1	-0.00561	-0.00960	0.68055	0.00357	1	0.06256	-0.01448	0.67721	0.00421	1	1.45898	0.81042	0	
1246021	8404.45801	3304844177363	0.50934	0.35784	8404.35156	0.10645	11176	1	0.54568	0.38859	1	0.51233	0.28184	1	0.52901	0.33522	1	0.47769	0.53657	11.45094	1.06646	1	0.74146	0.55991	11.88682	1.06646	1	-0.00561	-0.00960	0.68055	0.00364	1	0.06256	-0.01448	0.67721	0.00426	1	1.45898	0.81042	0	
1246022	8404.46484	3304844244075	0.51043	0.35659	8404.35156	0.11328	11176	1	0.54568	0.38859	1	0.51233	0.28184	1	0.52901	0.33522	1	0.47798	0.53691	11.90214	1.06646	1	0.74161	0.56037	12.06112	1.06646	1	-0.00561	-0.00960	0.68055	0.00367	1	0.06256	-0.01448	0.67721	0.00409	1	1.45898	0.81042	0	
1246023	8404.47168	3304844311356	0.51161	0.35835	8404.35156	0.12012	11176	1	0.55559	0.39505	1	0.51007	0.38496	1	0.53283	0.39000	1	0.47783	0.53681	11.98126	1.06646	1	0.74147	0.56096	12.19330	1.06646	1	-0.00561	-0.00960	0.68055	0.00366	1	0.06256	-0.01448	0.67721	0.00381	1	1.45898	0.81042	0	
1246024	8404.47852	3304844377978	0.51312	0.35774	8404.35156	0.12695	11176	1	0.55370	0.38132	1	0.52985	0.31122	1	0.54177	0.34627	1	0.47783	0.53670	11.82225	1.06646	1	0.74174	0.55992	11.87179	1.06646	1	-0.00561	-0.00960	0.68055	0.00361	1	0.06256	-0.01448	0.67721	0.00415	1	1.45898	0.81042	0	
1246025	8404.48535	3304844444194	0.51448	0.35720	8404.35156	0.13379	11176	1	0.55370	0.38132	1	0.52985	0.31122	1	0.54177	0.34627	1	0.47746	0.53611	10.87284	1.06646	1	0.74180	0.56008	12.02400	1.06646	1	-0.00561	-0.00960	0.68055	0.00363	1	0.06288	-0.01453	0.67958	0.00409	1	1.45898	0.81042	0	
1246026	8404.49121	3304844511934	0.51372	0.35647	8404.35156	0.13965	11176	1	0.51345	0.34668	1	0.48184	0.33588	1	0.49764	0.34128	1	0.47758	0.53601	11.00592	1.06646	1	0.74173	0.56045	12.01408	1.06646	1	-0.00561	-0.00960	0.68055	0.00364	1	0.06288	-0.01453	0.67958	0.00406	1	1.45898	0.81042	0	
1246027	8404.49805	3304844579184	0.51340	0.35673	8404.35156	0.14648	11176	1	0.54135	0.37120	1	0.47155	0.35368	1	0.50645	0.36244	1	0.47799	0.53679	11.87869	1.06646	1	0.74160	0.56057	12.49341	1.06646	1	-0.00561	-0.00960	0.68055	0.00364	1	0.06288	-0.01453	0.67958	0.00400	1	1.45898	0.81042	0	
1246028	8404.50488	3304844646011	0.51312	0.35723	8404.35156	0.15332	11176	1	0.54207	0.37728	1	0.47128	0.36005	1	0.50668	0.36866	1	0.47778	0.53688	12.28008	1.05844	1	0.74141	0.56062	12.13913	1.05844	1	-0.00536	-0.00941	0.66759	0.00355	1	0.06288	-0.01453	0.67958	0.00406	1	1.45898	0.81042	0	
1246029	8404.51172	3304844714133	0.51220	0.35805	8404.35156	0.16016	11176	1	0.51300	0.39366	1	0.46703	0.36180	1	0.49001	0.37773	1	0.47746	0.53662	11.33902	1.05043	1	0.74152	0.56055	12.07024	1.05043	1	-0.00536	-0.00941	0.66759	0.00367	1	0.06288	-0.01453	0.67958	0.00414	1	1.45898	0.81042	0	
1246030	8404.51855	3304844780177	0.51177	0.35813	8404.35156	0.16699	11176	1	0.51999	0.36003	1	0.48234	0.36003	1	0.50117	0.36003	1	0.47764	0.53625	11.26159	1.04241	1	0.74178	0.56049	12.11904	1.04241	1	-0.00536	-0.00941	0.66759	0.00362	1	0.06288	-0.01453	0.67958	0.00402	1	1.45898	0.81042	0	
1246031	8404.52441	3304844842347	0.51138	0.35820	8404.35156	0.17285	11176	1	0.51999	0.36003	1	0.48234	0.36003	1	0.50117	0.36003	1	0.47797	0.53427	11.65324	1.04241	1	0.74157	0.56074	12.33592	1.04241	1	-0.00544	-0.00964	0.68403	0.00234	1	0.06266	-0.01445	0.67616	0.00390	1	1.45898	0.81042	0	
1246032	8404.53125	3304844910903	0.51128	0.35844	8404.35156	0.17969	11176	1	0.54718	0.37166	1	0.47017	0.35868	1	0.50868	0.36517	1	0.47844	0.53633	11.69541	1.05043	1	0.74160	0.56053	12.44011	1.05043	1	-0.00544	-0.00964	0.68403	0.00366	1	0.06266	-0.01445	0.67616	0.00401	1	1.45898	0.81042	0	
1246033	8404.53809	3304844980788	0.51079	0.35841	8404.35156	0.18652	11176	1	0.51497	0.36535	1	0.47921	0.34932	1	0.49709	0.35734	1	0.47839	0.53643	12.21337	1.05844	1	0.74173	0.56052	12.14373	1.05844	1	-0.00544	-0.00964	0.68403	0.00364	1	0.06266	-0.01445	0.67616	0.00403	1	1.45898	0.81042	0	
1246034	8404.54492	3304845046407	0.51033	0.35804	8404.35156	0.19336	11176	1	0.51406	0.35918	1	0.47989	0.33587	1	0.49698	0.34752	1	0.47841	0.53645	11.65074	1.06646	1	0.74232	0.56035	12.27377	1.07514	1	-0.00536	-0.00946	0.67428	0.00361	1	0.06512	-0.01501	0.70203	0.00409	1	1.45898	0.81042	0	SUBJECT_ONSET_LOG
1246035	8404.55176	3304845114380	0.50954	0.35746	8404.35156	0.20020	11176	1	0.50575	0.35461	1	0.46608	0.32549	1	0.48591	0.34005	1	0.47825	0.53637	11.20715	1.07514	1	0.74227	0.56051	12.30556	1.08382	1	-0.00536	-0.00946	0.67428	0.00377	1	0.06512	-0.01501	0.70203	0.00396	1	1.45898	0.81042	0	
1246036	8404.55859	3304845179119	0.50884	0.35368	8404.35156	0.20703	11176	1	0.50545	0.14830	1	0.46855	0.32427	1	0.48700	0.23628	1	0.47834	0.53400	11.55921	1.08382	1	0.74231	0.56049	12.30629	1.09250	1	-0.00536	-0.00946	0.67428	0.00236	1	0.06512	-0.01501	0.70203	0.00402	1	1.45898	0.81042	0	
1246037	8404.56543	3304845245235	0.50816	0.34999	8404.35156	0.21387	11176	1	0.50444	0.14002	1	0.46855	0.32427	1	0.48650	0.23214	1	0.47861	0.53395	11.80603	1.09250	1	0.74240	0.56052	12.10921	1.09250	1	-0.00518	-0.00945	0.67718	0.00233	1	0.06378	-0.01469	0.68706	0.00403	1	1.45898	0.81042	0	AUDIO_FILE_ONSET_LOG
1246038	8404.57227	3304845313277	0.50758	0.34947	8404.35156	0.22070	11176	1	0.50014	0.30187	1	0.47665	0.36265	1	0.48839	0.33226	1	0.47863	0.53622	11.63264	1.09250	1	0.74242	0.56090	12.19748	1.08382	1	-0.00518	-0.00945	0.67718	0.00381	1	0.06378	-0.01469	0.68706	0.00404	1	1.45898	0.81042	0	
1246039	8404.57812	3304845378814	0.50740	0.34899	8404.35156	0.22656	11176	1	0.53171	0.29745	1	0.47088	0.36791	1	0.50129	0.33268	1	0.47912	0.53590	10.89183	1.08382	1	0.74237	0.56088	12.22685	1.07514	1	-0.00518	-0.00945	0.67718	0.00382	1	0.06378	-0.01469	0.68706	0.00400	1	1.45898	0.81042	0	
1246040	8404.58496	3304845449162	0.50724	0.34873	8404.35156	0.23340	11176	1	0.53255	0.30451	1	0.47060	0.37463	1	0.50157	0.33957	1	0.47900	0.53592	10.98425	1.07514	1	0.74280	0.56092	12.75298	1.06646	1	-0.00518	-0.00945	0.67718	0.00375	1	0.06297	-0.01453	0.67728	0.00377	1	1.45898	0.81042	0	
1246041	8404.59180	3304845517714	0.50756	0.35001	8404.35156	0.24023	11176	1	0.52556	0.35360	1	0.51240	0.43845	1	0.51898	0.39602	1	0.47888	0.53619	11.34138	1.06646	1	0.74305	0.56140	12.62960	1.06646	1	-0.00518	-0.00945	0.67718	0.00371	1	0.06297	-0.01453	0.67728	0.00397	1	1.45898	0.81042	0	
1246042	8404.59863	3304845583499	0.50769	0.35005	8404.35156	0.24707	11176	1	0.53426	0.29506	1	0.49107	0.40794	1	0.51266	0.35150	1	0.47908	0.53569	10.91565	1.06646	1	0.74272	0.56116	12.79104	1.06646	1	-0.00518	-0.00945	0.67718	0.00381	1	0.06297	-0.01453	0.67728	0.00387	1	1.45898	0.81042	0	
1246043	8404.60547	3304845652043	0.50781	0.34990	8404.35156	0.25391	11176	1	0.53339	0.28752	1	0.49153	0.40117	1	0.51246	0.34435	1	0.47957	0.53635	11.66203	1.07555	1	0.74317	0.56040	12.24463	1.07555	1	-0.00541	-0.00996	0.71371	0.00397	1	0.06349	-0.01462	0.68173	0.00400	1	1.45898	0.81042	0	
1246044	8404.61230	3304845717698	0.50809	0.35008	8404.35156	0.26074	11176	1	0.54968	0.33096	1	0.48839	0.38271	1	0.51903	0.35684	1	0.47931	0.53615	11.51120	1.08463	1	0.74307	0.56112	12.40296	1.08463	1	-0.00541	-0.00996	0.71371	0.00375	1	0.06349	-0.01462	0.68173	0.00395	1	1.45898	0.81042	0	
1246045	8404.61914	3304845785376	0.50061	0.31877	8404.35156	0.26074	11176	0	0.49567	0.09978	1	0.49729	0.33237	1	0.49648	0.21607	1	0.47907	0.53365	11.77368	1.09372	1	0.74317	0.56075	12.24953	1.09372	1	-0.00541	-0.00996	0.71371	0.00242	1	0.06349	-0.01462	0.68173	0.00381	1	1.45898	0.81042	0	
1246046	8404.62598	3304845850963	0.49868	0.27100	8404.35156	0.26074	11176	0	0.49665	0.10771	1	0.49685	0.33875	1	0.49675	0.22323	1	0.47902	0.53343	11.72098	1.08570	1	0.74300	0.55985	12.37278	1.08570	1	-0.00497	-0.00911	0.65686	0.00231	1	0.06297	-0.01453	0.67728	0.00425	1	1.45898	0.81042	0	
1246047	8404.63281	3304845919000	0.46168	0.20833	8404.35156	0.26074	11176	0	0.49665	0.10771	0	0.38768	0.08297	1	0.38768	0.08297	1	0.47902	0.53343	11.72098	1.06860	0	0.47871	0.53325	11.44741	1.06860	1	-0.00497	-0.00911	0.65686	0.00231	1	0.06297	-0.01453	0.67728	0.00237	1	1.45898	0.81042	0	
1246048	8404.63867	3304845983174	0.42690	0.12899	8404.35156	0.26074	11176	0	0.49665	0.10771	0	0.39627	0.08075	1	0.39627	0.08075	1	0.47902	0.53343	11.72098	1.05150	0	0.47883	0.53314	11.56333	1.05150	1	-0.00497	-0.00911	0.65686	0.00231	1	0.06297	-0.01453	0.67728	0.00228	1	1.45898	0.81042	0	
1246049	8404.64551	3304846052697	0.41188	0.11391	8404.35156	0.26074	11176	0	0.49665	0.10771	0	0.39685	0.09883	1	0.39685	0.09883	1	0.47902	0.53343	11.72098	1.03439	0	0.47867	0.53305	11.08573	1.03439	1	-0.00497	-0.00911	0.65686	0.00231	1	-0.00528	-0.00952	0.68986	0.00235	1	1.45898	0.81042	0	
1246050	8404.65234	3304846120193	0.40279	0.11103	8404.35156	0.26074	11176	0	0.49665	0.10771	0	0.38463	0.10527	1	0.38463	0.10527	1	0.47902	0.53343	11.72098	1.03439	0	0.47864	0.53308	11.22222	1.03439	1	-0.00497	-0.00911	0.65686	0.00231	1	-0.00528	-0.00952	0.68986	0.00236	1	1.45898	0.81042	0	
1246051	8404.65918	3304846187091	0.39758	0.10580	8404.63867	0.02051	11177	1	0.49665	0.10771	0	0.38194	0.09011	1	0.38194	0.09011	1	0.47902	0.53343	11.72098	1.03439	0	0.47859	0.53303	11.29335	1.03439	1	-0.00497	-0.00911	0.65686	0.00231	1	-0.00528	-0.00952	0.68986	0.00241	1	1.45898	0.81042	0	
1246052	8404.66602	3304846253489	0.39437	0.10081	8404.63867	0.02734	11177	1	0.49665	0.10771	0	0.38152	0.08087	1	0.38152	0.08087	1	0.47902	0.53343	11.72098	1.03439	0	0.47868	0.53317	11.57020	1.04307	1	-0.00497	-0.00911	0.65686	0.00231	1	-0.00541	-0.00990	0.71371	0.00229	1	1.45898	0.81042	0	
1246053	8404.67285	3304846320779	0.38873	0.09523	8404.63867	0.03418	11177	1	0.49665	0.10771	0	0.36054	0.06729	1	0.36054	0.06729	1	0.47902	0.53343	11.72098	1.04307	0	0.47867	0.53307	11.05778	1.05176	1	-0.00497	-0.00911	0.65686	0.00231	1	-0.00541	-0.00990	0.71371	0.00233	1	1.45898	0.81042	0	
1246054	8404.67969	3304846387778	0.38876	0.09171	8404.63867	0.04102	11177	1	0.49665	0.10771	0	0.38896	0.07061	1	0.38896	0.07061	1	0.47902	0.53343	11.72098	1.05176	0	0.47867	0.53311	11.14535	1.06044	1	-0.00497	-0.00911	0.65686	0.00231	1	-0.00541	-0.00990	0.71371	0.00231	1	1.45898	0.81042	0	
1246055	8404.68555	3304846454450	0.38879	0.08907	8404.63867	0.04688	11177	1	0.49665	0.10771	0	0.38896	0.07061	1	0.38896	0.07061	1	0.47902	0.53343	11.72098	1.06044	0	0.47864	0.53317	11.44467	1.06044	1	-0.00497	-0.00911	0.65686	0.00231	1	-0.00528	-0.00952	0.68986	0.00229	1	1.45898	0.81042	0	
1246056	8404.69238	3304846521752	0.38749	0.09147	8404.63867	0.05371	11177	1	0.49665	0.10771	0	0.37711	0.11068	1	0.37711	0.11068	1	0.47902	0.53343	11.72098	1.06044	0	0.47858	0.53332	11.26740	1.05176	1	-0.00497	-0.00911	0.65686	0.00231	1	-0.00528	-0.00952	0.68986	0.00232	1	1.45898	0.81042	0	
1246057	8404.69922	3304846588731	0.39633	0.10962	8404.63867	0.06055	11177	1	0.48119	0.15456	1	0.47061	0.39138	1	0.47590	0.27297	1	0.47871	0.53323	11.29477	1.05176	1	0.74242	0.56071	13.13757	1.04307	1	-0.00497	-0.00911	0.65686	0.00224	1	-0.00528	-0.00952	0.68986	0.00389	1	1.45898	0.81042	0	
1246058	8404.70605	3304846655676	0.40357	0.12452	8404.63867	0.06738	11177	1	0.48128	0.15521	1	0.47059	0.39189	1	0.47593	0.27355	1	0.47863	0.53327	11.35779	1.05109	1	0.74212	0.56082	12.46403	1.04241	1	-0.00528	-0.00952	0.68986	0.00234	1	0.06297	-0.01453	0.67728	0.00415	1	1.45898	0.81042	0	
1246059	8404.71289	3304846722238	0.41010	0.13522	8404.63867	0.07422	11177	1	0.50444	0.15410	1	0.45936	0.35168	1	0.48190	0.25289	1	0.47867	0.53334	11.31482	1.05043	1	0.74216	0.56044	12.07654	1.05043	1	-0.00528	-0.00952	0.68986	0.00237	1	0.06297	-0.01453	0.67728	0.00419	1	1.45898	0.81042	0	
1246060	8404.71973	3304846789633	0.41515	0.14525	8404.63867	0.08105	11177	1	0.49698	0.13882	1	0.45456	0.39231	1	0.47577	0.26557	1	0.47859	0.53324	11.21337	1.05844	1	0.74213	0.56076	12.20555	1.05844	1	-0.00528	-0.00952	0.68986	0.00232	1	0.06297	-0.01453	0.67728	0.00429	1	1.45898	0.81042	0	
1246061	8404.72656	3304846856495	0.41945	0.15334	8404.63867	0.08789	11177	1	0.49597	0.13092	1	0.45471	0.38619	1	0.47534	0.25856	1	0.47864	0.53317	11.32391	1.06646	1	0.74218	0.56085	12.45432	1.06646	1	-0.00515	-0.00934	0.67320	0.00228	1	0.06297	-0.01453	0.67728	0.00396	1	1.45898	0.81042	0	
1246062	8404.73242	3304846923461	0.42303	0.15778	8404.63867	0.09375	11177	1	0.49261	0.08102	1	0.45387	0.35872	1	0.47324	0.21987	1	0.47858	0.53308	11.10450	1.06646	1	0.74214	0.56070	12.30452	1.06646	1	-0.00515	-0.00934	0.67320	0.00229	1	0.06297	-0.01453	0.67728	0.00401	1	1.45898	0.81042	0	
1246063	8404.73926	3304846986727	0.42601	0.16329	8404.63867	0.10059	11177	1	0.50047	0.11051	1	0.44099	0.38131	1	0.47073	0.24591	1	0.47865	0.53312	10.97470	1.06646	1	0.74188	0.56096	12.31755	1.06646	1	-0.00515	-0.00934	0.67320	0.00225	1	0.06297	-0.01453	0.67728	0.00412	1	1.45898	0.81042	0	
1246064	8404.74609	3304847057253	0.44293	0.19620	8404.63867	0.10059	11177	0	0.50047	0.11051	1	0.44099	0.38131	1	0.47073	0.24591	1	0.47858	0.53318	11.15330	1.06646	1	0.74220	0.56086	12.56747	1.06646	1	-0.00515	-0.00934	0.67320	0.00233	1	0.06297	-0.01453	0.67728	0.00396	1	1.45898	0.81042	0	
1246065	8404.75293	3304847123525	0.46136	0.22781	8404.63867	0.10059	11177	0	0.50160	0.13982	1	0.45800	0.37901	1	0.47980	0.25942	1	0.47859	0.53331	11.48307	1.06646	1	0.74217	0.56079	12.42326	1.06646	1	-0.00515	-0.00934	0.67320	0.00228	1	0.06297	-0.01453	0.67728	0.00398	1	1.45898	0.81042	0	
1246066	8404.75977	3304847191635	0.46708	0.23678	8404.63867	0.10059	11177	0	0.49976	0.15320	1	0.45726	0.35627	1	0.47851	0.25474	1	0.47862	0.53331	11.43908	1.06646	1	0.74210	0.56080	12.11297	1.06646	1	-0.00515	-0.00934	0.67320	0.00231	1	0.06297	-0.01453	0.67728	0.00405	1	1.45898	0.81042	0	
1246067	8404.76660	3304847258712	0.46994	0.24127	8404.74609	0.02051	11178	1	0.49976	0.15320	1	0.45726	0.35627	1	0.47851	0.25474	1	0.47866	0.53323	11.49618	1.06646	1	0.74217	0.56079	12.42326	1.06646	1	-0.00515	-0.00934	0.67320	0.00228	1	0.06297	-0.01453	0.67728	0.00398	1	1.45898	0.81042	0	
1246068	8404.77344	3304847325927	0.47167	0.24377	8404.74609	0.02734	11178	1	0.49921	0.12847	1	0.45800	0.37901	1	0.47861	0.25374	1	0.47866	0.53322	11.44907	1.06646	1	0.74217	0.56079	12.42326	1.06646	1	-0.00515	-0.00934	0.67320	0.00229	1	0.06297	-0.01453	0.67728	0.00398	1	1.45898	0.81042	0	
1246069	8404.77930	3304847388297	0.47237	0.24655	8404.74609	0.03320	11178	1	0.49375	0.14192	1	0.45800	0.37901	1	0.47588	0.26047	1	0.47857	0.53326	11.42417	1.06646	1	0.74217	0.56079	12.42326	1.06646	1	-0.00515	-0.00934	0.67320	0.00230	1	0.06297	-0.01453	0.67728	0.00398	1	1.45898	0.81042	0	
1246070	8404.78613	3304847457638	0.47280	0.24740	8404.74609	0.04004	11178	1	0.49259	0.13305	1	0.45820	0.37202	1	0.47540	0.25253	1	0.47874	0.53323	11.56176	1.07555	1	0.74217	0.56086	12.24502	1.07555	1	-0.00541	-0.00990	0.71371	0.00228	1	0.06297	-0.01453	0.67728	0.00402	1	1.45898	0.81042	0	
1246071	8404.79297	3304847524818	0.47321	0.24477	8404.74609	0.04688	11178	1	0.48498	0.11296	1	0.46719	0.33976	1	0.47608	0.22636	1	0.47880	0.53323	11.23719	1.08463	1	0.74266	0.56052	12.95628	1.08463	1	-0.00541	-0.00990	0.71371	0.00224	1	0.06297	-0.01453	0.67728	0.00396	1	1.45898	0.81042	0	
1246072	8404.79980	3304847590594	0.47151	0.24117	8404.74609	0.05371	11178	1	0.48788	0.06034	1	0.42781	0.36434	1	0.45784	0.21234	1	0.47882	0.53319	11.22478	1.09372	1	0.74241	0.56085	12.47442	1.09372	1	-0.00541	-0.00990	0.71371	0.00221	1	0.06297	-0.01453	0.67728	0.00389	1	1.45898	0.81042	0	
1246073	8404.80664	3304847659875	0.47014	0.23829	8404.74609	0.06055	11178	1	0.48788	0.06034	1	0.42781	0.36434	1	0.45784	0.21234	1	0.47923	0.53335	11.07234	1.09372	1	0.74311	0.56040	12.07648	1.09372	1	-0.00493	-0.00932	0.67141	0.00229	1	0.06349	-0.01462	0.68173	0.00381	1	1.45898	0.81042	0	
1246074	8404.81250	3304847723209	0.47080	0.23438	8404.74609	0.06641	11178	1	0.47572	0.08790	1	0.47902	0.30265	1	0.47737	0.19527	1	0.47917	0.53328	11.10413	1.08463	1	0.74331	0.56015	12.14804	1.08463	1	-0.00493	-0.00932	0.67141	0.00230	1	0.06349	-0.01462	0.68173	0.00410	1	1.45898	0.81042	0	
1246075	8404.81934	3304847789667	0.47250	0.23222	8404.74609	0.07324	11178	1	0.50768	0.12576	1	0.47482	0.29126	1	0.49125	0.20851	1	0.47918	0.53334	11.35952	1.07555	1	0.74318	0.56000	11.98651	1.07555	1	-0.00493	-0.00932	0.67141	0.00228	1	0.06349	-0.01462	0.68173	0.00409	1	1.45898	0.81042	0	
1246076	8404.82617	3304847859341	0.47397	0.23104	8404.74609	0.08008	11178	1	0.50873	0.13468	1	0.47449	0.29895	1	0.49161	0.21681	1	0.47926	0.53316	11.33720	1.06646	1	0.74319	0.55941	11.87403	1.06646	1	-0.00493	-0.00932	0.67141	0.00231	1	0.06349	-0.01462	0.68173	0.00431	1	1.45898	0.81042	0	
1246077	8404.83301	3304847928577	0.46649	0.21939	8404.74609	0.08691	11178	1	0.50873	0.13468	0	0.36918	0.06794	1	0.36918	0.06794	1	0.47926	0.53316	11.33720	1.06646	0	0.47921	0.53319	11.28009	1.06646	1	-0.00493	-0.00932	0.67141	0.00231	1	0.06349	-0.01462	0.68173	0.00234	1	1.45898	0.81042	0	
1246078	8404.83984	3304847995798	0.46209	0.21018	8404.74609	0.09375	11178	1	0.50873	0.13468	0	0.40055	0.08134	1	0.40055	0.08134	1	0.47926	0.53316	11.33720	1.06646	0	0.47924	0.53329	10.89482	1.06646	1	-0.00493	-0.00932	0.67141	0.00231	1	0.06349	-0.01462	0.68173	0.00230	1	1.45898	0.81042	0	
1246079	8404.84668	3304848063127	0.45824	0.20213	8404.74609	0.10059	11178	1	0.50873	0.13468	0	0.40055	0.08134	1	0.40055	0.08134	1	0.47926	0.53316	11.33720	1.06646	0	0.47924	0.53327	11.11253	1.06646	1	-0.00493	-0.00932	0.67141	0.00231	1	-0.00506	-0.00951	0.68899	0.00229	1	1.45898	0.81042	0	
1246080	8404.85352	3304848129597	0.45464	0.19471	8404.74609	0.10742	11178	1	0.50873	0.13468	0	0.39694	0.07605	1	0.39694	0.07605	1	0.47926	0.53316	11.33720	1.06646	0	0.47924	0.53328	11.17654	1.06646	1	-0.00493	-0.00932	0.67141	0.00231	1	-0.00506	-0.00951	0.68899	0.00228	1	1.45898	0.81042	0	
1246081	8404.86035	3304848196423	0.44101	0.15908	8404.74609	0.10742	11178	0	0.50873	0.13468	0	0.39753	0.07817	1	0.39753	0.07817	1	0.47926	0.53316	11.33720	1.06646	0	0.47921	0.53330	11.12261	1.06646	1	-0.00493	-0.00932	0.67141	0.00231	1	-0.00506	-0.00951	0.68899	0.00231	1	1.45898	0.81042	0	
1246082	8404.86719	3304848262187	0.41927	0.11862	8404.74609	0.10742	11178	0	0.50873	0.13468	0	0.39753	0.07817	1	0.39753	0.07817	1	0.47926	0.53316	11.33720	1.06646	0	0.47920	0.53311	11.07145	1.06646	1	-0.00493	-0.00932	0.67141	0.00231	1	-0.00493	-0.00932	0.67141	0.00233	1	1.45898	0.81042	0	
1246083	8404.87305	3304848329606	0.41187	0.09930	8404.74609	0.10742	11178	0	0.50873	0.13468	0	0.39707	0.06066	1	0.39707	0.06066	1	0.47926	0.53316	11.33720	1.06646	0	0.47934	0.53307	11.11479	1.06646	1	-0.00493	-0.00932	0.67141	0.00231	1	-0.00493	-0.00932	0.67141	0.00230	1	1.45898	0.81042	0	
1246084	8404.87988	3304848397284	0.39618	0.06558	8404.74609	0.10742	11178	0	0.50873	0.13468	0	0.39394	0.05793	1	0.39394	0.05793	1	0.47926	0.53316	11.33720	1.06646	0	0.47919	0.53300	11.52143	1.06646	1	-0.00493	-0.00932	0.67141	0.00231	1	-0.00493	-0.00932	0.67141	0.00233	1	1.45898	0.81042	0	
1246085	8404.88672	3304848464495	0.39506	0.06176	8404.74609	0.10742	11178	0	0.50873	0.13468	0	0.39394	0.05793	1	0.39394	0.05793	1	0.47926	0.53316	11.33720	1.06646	0	0.47912	0.53314	11.23447	1.06646	1	-0.00493	-0.00932	0.67141	0.00231	1	-0.00506	-0.00951	0.68899	0.00239	1	1.45898	0.81042	0	
1246086	8404.89355	3304848531143	0.39328	0.06432	8404.74609	0.10742	11178	0	0.50873	0.13468	0	0.38971	0.06944	1	0.38971	0.06944	1	0.47926	0.53316	11.33720	1.06646	0	0.47920	0.53311	11.48162	1.06646	1	-0.00493	-0.00932	0.67141	0.00231	1	-0.00506	-0.00951	0.68899	0.00232	1	1.45898	0.81042	0	
1246087	8404.90039	3304848598202	0.39073	0.06681	8404.87988	0.02051	11179	1	0.50873	0.13468	0	0.38309	0.07428	1	0.38309	0.07428	1	0.47926	0.53316	11.33720	1.06646	0	0.47903	0.53313	11.13415	1.06646	1	-0.00493	-0.00932	0.67141	0.00231	1	-0.00506	-0.00951	0.68899	0.00233	1	1.45898	0.81042	0	
1246088	8404.90723	3304848665024	0.38927	0.06991	8404.87988	0.02734	11179	1	0.50873	0.13468	0	0.38344	0.08230	1	0.38344	0.08230	1	0.47926	0.53316	11.33720	1.06646	0	0.47900	0.53315	10.63120	1.05880	1	-0.00493	-0.00932	0.67141	0.00231	1	-0.00504	-0.00919	0.66565	0.00228	1	1.45898	0.81042	0	
1246089	8404.91406	3304848731075	0.38762	0.06614	8404.87988	0.03418	11179	1	0.50873	0.13468	0	0.37936	0.04729	1	0.37936	0.04729	1	0.47926	0.53316	11.33720	1.05880	0	0.47908	0.53291	10.95400	1.05114	1	-0.00493	-0.00932	0.67141	0.00231	1	-0.00504	-0.00919	0.66565	0.00227	1	1.45898	0.81042	0	
1246090	8404.91992	3304848796940	0.39139	0.06981	8404.87988	0.04004	11179	1	0.50873	0.13468	0	0.41400	0.09185	1	0.41400	0.09185	1	0.47926	0.53316	11.33720	1.05114	0	0.47908	0.53307	11.26937	1.04348	1	-0.00493	-0.00932	0.67141	0.00231	1	-0.00504	-0.00919	0.66565	0.00228	1	1.45898	0.81042	0	
1246091	8404.92676	3304848865849	0.39422	0.07257	8404.87988	0.04688	11179	1	0.50873	0.13468	0	0.41400	0.09185	1	0.41400	0.09185	1	0.47926	0.53316	11.33720	1.04348	0	0.47894	0.53324	11.31314	1.04348	1	-0.00493	-0.00932	0.67141	0.00231	1	-0.00528	-0.00952	0.68986	0.00225	1	1.45898	0.81042	0	
1246092	8404.93359	3304848931138	0.39487	0.07418	8404.87988	0.05371	11179	1	0.50873	0.13468	0	0.40014	0.08710	1	0.40014	0.08710	1	0.47926	0.53316	11.33720	1.04348	0	0.47889	0.53327	11.17033	1.05114	1	-0.00493	-0.00932	0.67141	0.00231	1	-0.00528	-0.00952	0.68986	0.00229	1	1.45898	0.81042	0	
1246093	8404.94043	3304849000139	0.40659	0.09128	8404.87988	0.06055	11179	1	0.51611	0.13285	1	0.50788	0.35751	1	0.51200	0.24518	1	0.47887	0.53313	10.90396	1.05114	1	0.74296	0.56055	11.95553	1.05880	1	-0.00493	-0.00932	0.67141	0.00229	1	-0.00528	-0.00952	0.68986	0.00386	1	1.45898	0.81042	0	
1246094	8404.94727	3304849067103	0.41615	0.10465	8404.87988	0.06738	11179	1	0.51526	0.12522	1	0.50840	0.35139	1	0.51183	0.23830	1	0.47884	0.53315	10.99871	1.05880	1	0.74243	0.56075	12.16034	1.06646	1	-0.00528	-0.00952	0.68986	0.00227	1	0.06291	-0.01441	0.67664	0.00393	1	1.45898	0.81042	0	
1246095	8404.95410	3304849134132	0.42316	0.11568	8404.87988	0.07422	11179	1	0.50923	0.11817	1	0.49117	0.35602	1	0.50020	0.23709	1	0.47883	0.53312	11.12062	1.06646	1	0.74273	0.56050	11.52908	1.06646	1	-0.00528	-0.00952	0.68986	0.00225	1	0.06291	-0.01441	0.67664	0.00401	1	1.45898	0.81042	0	
1246096	8404.96094	3304849201124	0.42893	0.12546	8404.87988	0.08105	11179	1	0.50223	0.11845	1	0.49408	0.36707	1	0.49815	0.24276	1	0.47875	0.53306	10.97133	1.06646	1	0.74274	0.56066	11.63834	1.06646	1	-0.00528	-0.00952	0.68986	0.00234	1	0.06291	-0.01441	0.67664	0.00394	1	1.45898	0.81042	0	
1246097	8404.96680	3304849267218	0.43387	0.13384	8404.87988	0.08691	11179	1	0.50223	0.11845	1	0.49408	0.36707	1	0.49815	0.24276	1	0.47863	0.53311	10.94949	1.06646	1	0.74268	0.56033	11.45765	1.06646	1	-0.00528	-0.00952	0.68986	0.00227	1	0.06355	-0.01451	0.68345	0.00391	1	1.45898	0.81042	0	
1246098	8404.97363	3304849335107	0.43783	0.14098	8404.87988	0.09375	11179	1	0.50307	0.13177	1	0.48338	0.35027	1	0.49322	0.24102	1	0.47864	0.53314	11.12594	1.06646	1	0.74254	0.56080	12.07778	1.06646	1	-0.00528	-0.00952	0.68986	0.00225	1	0.06355	-0.01451	0.68345	0.00384	1	1.45898	0.81042	0	
1246099	8404.98047	3304849402084	0.45757	0.17450	8404.87988	0.09375	11179	0	0.49464	0.11773	1	0.47812	0.37517	1	0.48638	0.24645	1	0.47861	0.53309	11.10280	1.06646	1	0.74248	0.56075	12.07927	1.06646	1	-0.00528	-0.00952	0.68986	0.00224	1	0.06355	-0.01451	0.68345	0.00383	1	1.45898	0.81042	0	
1246100	8404.98730	3304849468061	0.47198	0.21047	8404.87988	0.09375	11179	0	0.49464	0.11773	1	0.47812	0.37517	1	0.48638	0.24645	1	0.47859	0.53313	10.86078	1.06646	1	0.74248	0.56049	12.18400	1.06646	1	-0.00528	-0.00952	0.68986	0.00231	1	0.06378	-0.01458	0.68706	0.00389	1	1.45898	0.81042	0	
1246101	8404.99414	3304849533867	0.47576	0.22150	8404.87988	0.09375	11179	0	0.49515	0.11690	1	0.47150	0.37020	1	0.48333	0.24355	1	0.47859	0.53300	11.06715	1.06646	1	0.74241	0.56036	12.16862	1.06646	1	-0.00528	-0.00952	0.68986	0.00227	1	0.06378	-0.01458	0.68706	0.00392	1	1.45898	0.81042	0	
1246102	8405.00098	3304849600718	0.48220	0.22168	8404.98047	0.02051	11180	1	0.52384	0.13182	1	0.47923	0.31265	1	0.50154	0.22223	1	0.47865	0.53311	10.95422	1.06646	1	0.74253	0.56021	11.79804	1.06646	1	-0.00528	-0.00952	0.68986	0.00225	1	0.06378	-0.01458	0.68706	0.00410	1	1.45898	0.81042	0	
1246103	8405.00781	3304849669693	0.48612	0.22325	8404.98047	0.02734	11180	1	0.52468	0.13970	1	0.47891	0.31933	1	0.50179	0.22952	1	0.47843	0.53314	11.08544	1.05844	1	0.74231	0.56000	12.07703	1.05844	1	-0.00512	-0.00919	0.66265	0.00226	1	0.06378	-0.01453	0.68706	0.00408	1	1.45898	0.81042	0	
1246104	8405.01465	3304849737820	0.48868	0.22807	8404.98047	0.03418	11180	1	0.51375	0.14227	1	0.48917	0.36209	1	0.50146	0.25218	1	0.47845	0.53328	11.57864	1.05043	1	0.74232	0.56001	12.04041	1.05043	1	-0.00512	-0.00919	0.66265	0.00224	1	0.06378	-0.01453	0.68706	0.00412	1	1.45898	0.81042	0	
1246105	8405.02051	3304849804342	0.49313	0.23232	8404.98047	0.04004	11180	1	0.50696	0.15094	1	0.53278	0.36466	1	0.51987	0.25780	1	0.47831	0.53325	11.07364	1.04241	1	0.74262	0.56055	12.09831	1.04241	1	-0.00512	-0.00919	0.66265	0.00232	1	0.06378	-0.01453	0.68706	0.00399	1	1.45898	0.81042	0	
1246106	8405.02734	3304849871658	0.49648	0.23550	8404.98047	0.04688	11180	1	0.50696	0.15094	1	0.53278	0.36466	1	0.51987	0.25780	1	0.47813	0.53331	10.92379	1.04241	1	0.74250	0.56043	12.27158	1.04241	1	-0.00531	-0.00949	0.68037	0.00231	1	0.06323	-0.01443	0.68224	0.00396	1	1.45898	0.81042	0	
1246107	8405.03418	3304849937566	0.49808	0.23897	8404.98047	0.05371	11180	1	0.50768	0.15114	1	0.51412	0.38220	1	0.51090	0.26667	1	0.47811	0.53323	11.29583	1.05043	1	0.74232	0.56027	12.20416	1.05043	1	-0.00531	-0.00949	0.68037	0.00227	1	0.06323	-0.01443	0.68224	0.00395	1	1.45898	0.81042	0	
1246108	8405.04102	3304850004718	0.50068	0.24029	8404.98047	0.06055	11180	1	0.53426	0.13575	1	0.51384	0.36865	1	0.52405	0.25220	1	0.47831	0.53320	11.44253	1.05844	1	0.74236	0.56021	11.79393	1.05844	1	-0.00531	-0.00949	0.68037	0.00227	1	0.06323	-0.01443	0.68224	0.00408	1	1.45898	0.81042	0	
1246109	8405.04785	3304850071134	0.50280	0.24137	8404.98047	0.06738	11180	1	0.53426	0.13575	1	0.51384	0.36865	1	0.52405	0.25220	1	0.47814	0.53339	11.01496	1.05844	1	0.74187	0.56074	11.62618	1.05844	1	-0.00520	-0.00922	0.66108	0.00221	1	0.06266	-0.01435	0.67616	0.00394	1	1.45898	0.81042	0	
1246110	8405.05469	3304850138699	0.50256	0.24215	8404.98047	0.07422	11180	1	0.50757	0.10811	1	0.49222	0.39339	1	0.49989	0.25075	1	0.47809	0.53338	11.05596	1.05043	1	0.74195	0.56047	11.64283	1.05043	1	-0.00520	-0.00922	0.66108	0.00223	1	0.06266	-0.01435	0.67616	0.00400	1	1.45898	0.81042	0	
1246111	8405.06152	3304850205763	0.50281	0.24412	8404.98047	0.08105	11180	1	0.52687	0.16372	1	0.48472	0.37171	1	0.50580	0.26771	1	0.47823	0.53335	10.85957	1.04241	1	0.74178	0.56084	11.61112	1.04241	1	-0.00520	-0.00922	0.66108	0.00231	1	0.06266	-0.01435	0.67616	0.00384	1	1.45898	0.81042	0	
1246112	8405.06738	3304850272641	0.50301	0.24602	8404.98047	0.08691	11180	1	0.52687	0.16372	1	0.48436	0.37781	1	0.50562	0.27077	1	0.47820	0.53330	11.05206	1.04241	1	0.74182	0.56077	11.52729	1.03475	1	-0.00542	-0.00951	0.68174	0.00227	1	0.06061	-0.01389	0.65454	0.00393	1	1.45898	0.81042	0	
1246113	8405.07422	3304850339768	0.50245	0.24828	8404.98047	0.09375	11180	1	0.51338	0.11903	1	0.47597	0.44084	1	0.49468	0.27994	1	0.47806	0.53327	11.43486	1.04277	1	0.74172	0.56083	12.02807	1.03511	1	-0.00542	-0.00951	0.68174	0.00221	1	0.06061	-0.01389	0.65454	0.00388	1	1.45898	0.81042	0	
1246114	8405.08105	3304850404974	0.50223	0.24838	8404.98047	0.10059	11180	1	0.51329	0.10934	1	0.48439	0.39030	1	0.49884	0.24982	1	0.47805	0.53322	11.30654	1.04313	1	0.74185	0.56073	11.46371	1.03547	1	-0.00542	-0.00951	0.68174	0.00222	1	0.06061	-0.01389	0.65454	0.00393	1	1.45898	0.81042	0	
1246115	8405.08789	3304850472361	0.50204	0.24827	8404.98047	0.10742	11180	1	0.51325	0.10897	1	0.48477	0.38401	1	0.49901	0.24649	1	0.47803	0.53318	11.00558	1.04348	1	0.74195	0.56041	11.22314	1.04348	1	-0.00542	-0.00951	0.68174	0.00224	1	0.06323	-0.01453	0.68224	0.00406	1	1.45898	0.81042	0	
1246116	8405.09473	3304850540567	0.50188	0.24691	8404.98047	0.11426	11180	1	0.50575	0.09526	1	0.49253	0.35240	1	0.49914	0.22383	1	0.47806	0.53304	10.85522	1.04348	1	0.74194	0.56048	11.58602	1.05114	1	-0.00542	-0.00951	0.68174	0.00220	1	0.06323	-0.01453	0.68224	0.00390	1	1.45898	0.81042	0	
1246117	8405.10156	3304850608162	0.50203	0.24594	8404.98047	0.12109	11180	1	0.51847	0.10143	1	0.49099	0.35560	1	0.50473	0.22851	1	0.47809	0.53316	10.63423	1.05114	1	0.74196	0.56049	11.51721	1.05880	1	-0.00542	-0.00951	0.68174	0.00217	1	0.06323	-0.01453	0.68224	0.00393	1	1.45898	0.81042	0	
1246118	8405.10840	3304850675044	0.50214	0.24488	8404.98047	0.12793	11180	1	0.51763	0.09356	1	0.49099	0.35560	1	0.50431	0.22458	1	0.47811	0.53322	10.72741	1.05880	1	0.74179	0.56091	11.71252	1.05880	1	-0.00542	-0.00951	0.68174	0.00220	1	0.06114	-0.01411	0.66023	0.00388	1	1.45898	0.81042	0	
1246119	8405.11426	3304850741842	0.50148	0.24558	8404.98047	0.13379	11180	1	0.50237	0.09959	1	0.47401	0.41981	1	0.48819	0.25970	1	0.47802	0.53337	11.14812	1.05880	1	0.74168	0.56070	11.64463	1.05114	1	-0.00542	-0.00951	0.68174	0.00220	1	0.06114	-0.01411	0.66023	0.00384	1	1.45898	0.81042	0	
1246120	8405.12109	3304850808087	0.50122	0.24384	8404.98047	0.14062	11180	1	0.50273	0.10886	1	0.48893	0.30579	1	0.49583	0.20732	1	0.47802	0.53345	10.93383	1.05114	1	0.74185	0.55988	11.29526	1.04348	1	-0.00542	-0.00951	0.68174	0.00220	1	0.06114	-0.01411	0.66023	0.00417	1	1.45898	0.81042	0	
1246121	8405.12793	3304850875652	0.50069	0.24654	8404.98047	0.14746	11180	1	0.50273	0.10886	0	0.48893	0.30579	1	0.48893	0.30579	1	0.47802	0.53345	10.93383	1.04348	0	0.47797	0.53340	10.61771	1.04348	1	-0.00542	-0.00951	0.68174	0.00220	1	-0.00542	-0.00951	0.68174	0.00226	1	1.45898	0.81042	0	
1246122	8405.13477	3304850942601	0.49614	0.23855	8404.98047	0.15430	11180	1	0.50273	0.10886	0	0.39163	0.05492	1	0.39163	0.05492	1	0.47802	0.53345	10.93383	1.04348	0	0.47808	0.53332	10.78601	1.05114	1	-0.00542	-0.00951	0.68174	0.00220	1	-0.00542	-0.00951	0.68174	0.00224	1	1.45898	0.81042	0	
1246123	8405.14160	3304851008431	0.49212	0.23010	8404.98047	0.16113	11180	1	0.50273	0.10886	0	0.39571	0.02733	1	0.39571	0.02733	1	0.47802	0.53345	10.93383	1.05114	0	0.47800	0.53327	10.75314	1.05880	1	-0.00542	-0.00951	0.68174	0.00220	1	-0.00542	-0.00951	0.68174	0.00222	1	1.45898	0.81042	0	
1246124	8405.14844	3304851076814	0.47137	0.19393	8404.98047	0.16113	11180	0	0.50273	0.10886	0	0.39545	0.01891	1	0.39545	0.01891	1	0.47802	0.53345	10.93383	1.05880	0	0.47801	0.53348	10.93833	1.06646	1	-0.00542	-0.00951	0.68174	0.00220	1	-0.00546	-0.00964	0.68757	0.00219	1	1.45898	0.81042	0	
1246125	8405.15527	3304851143190	0.42882	0.12606	8404.98047	0.16113	11180	0	0.50273	0.10886	0	0.38627	0.05819	1	0.38627	0.05819	1	0.47802	0.53345	10.93383	1.06646	0	0.47803	0.53346	10.84312	1.06646	1	-0.00542	-0.00951	0.68174	0.00220	1	-0.00546	-0.00964	0.68757	0.00231	1	1.45898	0.81042	0	
1246126	8405.16113	3304851209462	0.41518	0.09825	8404.98047	0.16113	11180	0	0.50273	0.10886	0	0.38790	0.04264	1	0.38790	0.04264	1	0.47802	0.53345	10.93383	1.06646	0	0.47800	0.53357	10.66488	1.06646	1	-0.00542	-0.00951	0.68174	0.00220	1	-0.00546	-0.00964	0.68757	0.00222	1	1.45898	0.81042	0	
1246127	8405.16797	3304851277510	0.38735	0.04782	8404.98047	0.16113	11180	0	0.50273	0.10886	0	0.38790	0.04264	1	0.38790	0.04264	1	0.47802	0.53345	10.93383	1.06646	0	0.47796	0.53369	10.54489	1.06646	1	-0.00542	-0.00951	0.68174	0.00220	1	-0.00544	-0.00964	0.68403	0.00221	1	1.45898	0.81042	0	
1246128	8405.17480	3304851342358	0.38701	0.06604	8404.98047	0.16113	11180	0	0.50273	0.10886	0	0.38666	0.08426	1	0.38666	0.08426	1	0.47802	0.53345	10.93383	1.06646	0	0.47796	0.53374	10.62471	1.06646	1	-0.00542	-0.00951	0.68174	0.00220	1	-0.00544	-0.00964	0.68403	0.00219	1	1.45898	0.81042	0	
1246129	8405.18164	3304851408299	0.38469	0.05518	8404.98047	0.16113	11180	0	0.50273	0.10886	0	0.38007	0.03346	1	0.38007	0.03346	1	0.47802	0.53345	10.93383	1.06646	0	0.47783	0.53368	10.54276	1.06646	1	-0.00542	-0.00951	0.68174	0.00220	1	-0.00544	-0.00964	0.68403	0.00213	1	1.45898	0.81042	0	
1246130	8405.18848	3304851475277	0.38354	0.04975	8405.16797	0.02051	11181	1	0.50273	0.10886	0	0.38007	0.03346	1	0.38007	0.03346	1	0.47802	0.53345	10.93383	1.06646	0	0.47785	0.53371	10.63549	1.06646	1	-0.00542	-0.00951	0.68174	0.00220	1	-0.00544	-0.00964	0.68403	0.00214	1	1.45898	0.81042	0	
1246131	8405.19434	3304851538558	0.38604	0.04654	8405.16797	0.02637	11181	1	0.50273	0.10886	0	0.39606	0.03370	1	0.39606	0.03370	1	0.47802	0.53345	10.93383	1.06646	0	0.47809	0.53367	10.63950	1.06646	1	-0.00542	-0.00951	0.68174	0.00220	1	-0.00544	-0.00964	0.68403	0.00220	1	1.45898	0.81042	0	
1246132	8405.20117	3304851609806	0.38678	0.04618	8405.16797	0.03320	11181	1	0.50273	0.10886	0	0.39050	0.04435	1	0.39050	0.04435	1	0.47802	0.53345	10.93383	1.06646	0	0.47790	0.53376	10.56628	1.06646	1	-0.00542	-0.00951	0.68174	0.00220	1	-0.00544	-0.00964	0.68403	0.00224	1	1.45898	0.81042	0	
1246133	8405.20801	3304851675032	0.38731	0.04591	8405.16797	0.04004	11181	1	0.50273	0.10886	0	0.39050	0.04435	1	0.39050	0.04435	1	0.47802	0.53345	10.93383	1.06646	0	0.47804	0.53396	10.84081	1.06646	1	-0.00542	-0.00951	0.68174	0.00220	1	-0.00544	-0.00964	0.68403	0.00219	1	1.45898	0.81042	0	
1246134	8405.21484	3304851743485	0.38663	0.04474	8405.16797	0.04688	11181	1	0.50273	0.10886	0	0.38187	0.03652	1	0.38187	0.03652	1	0.47802	0.53345	10.93383	1.06646	0	0.47793	0.53385	10.68751	1.06646	1	-0.00542	-0.00951	0.68174	0.00220	1	-0.00544	-0.00964	0.68403	0.00227	1	1.45898	0.81042	0	
1246135	8405.22168	3304851811937	0.38707	0.04460	8405.16797	0.05371	11181	1	0.50273	0.10886	0	0.39060	0.04349	1	0.39060	0.04349	1	0.47802	0.53345	10.93383	1.06646	0	0.47800	0.53383	10.40193	1.06646	1	-0.00542	-0.00951	0.68174	0.00220	1	-0.00544	-0.00964	0.68403	0.00222	1	1.45898	0.81042	0	
1246136	8405.22852	3304851877237	0.38743	0.04449	8405.16797	0.06055	11181	1	0.50273	0.10886	0	0.39060	0.04349	1	0.39060	0.04349	1	0.47802	0.53345	10.93383	1.06646	0	0.47799	0.53410	10.58423	1.06646	1	-0.00542	-0.00951	0.68174	0.00220	1	-0.00536	-0.00956	0.67428	0.00218	1	1.45898	0.81042	0	
1246137	8405.23535	3304851944360	0.38807	0.04495	8405.16797	0.06738	11181	1	0.50273	0.10886	0	0.39452	0.04951	1	0.39452	0.04951	1	0.47802	0.53345	10.93383	1.06646	0	0.47804	0.53396	10.84081	1.06646	1	-0.00542	-0.00951	0.68174	0.00220	1	-0.00536	-0.00956	0.67428	0.00219	1	1.45898	0.81042	0	
1246138	8405.24121	3304852010760	0.38833	0.04812	8405.16797	0.07324	11181	1	0.50273	0.10886	0	0.39122	0.08299	1	0.39122	0.08299	1	0.47802	0.53345	10.93383	1.06646	0	0.47792	0.53432	10.56154	1.06646	1	-0.00542	-0.00951	0.68174	0.00220	1	-0.00536	-0.00956	0.67428	0.00222	1	1.45898	0.81042	0	
1246139	8405.24902	3304852081369	0.38856	0.05080	8405.16797	0.08105	11181	1	0.50273	0.10886	0	0.39122	0.08299	1	0.39122	0.08299	1	0.47802	0.53345	10.93383	1.06646	0	0.47797	0.53422	10.62495	1.06646	1	-0.00542	-0.00951	0.68174	0.00220	1	-0.00536	-0.00956	0.67428	0.00226	1	1.45898	0.81042	0	
1246140	8405.25488	3304852148106	0.38869	0.04980	8405.16797	0.08691	11181	1	0.50273	0.10886	0	0.39042	0.03679	1	0.39042	0.03679	1	0.47802	0.53345	10.93383	1.06646	0	0.47786	0.53433	10.65733	1.06646	1	-0.00542	-0.00951	0.68174	0.00220	1	-0.00536	-0.00956	0.67428	0.00226	1	1.45898	0.81042	0	
1246141	8405.26172	3304852215490	0.38862	0.04789	8405.16797	0.09375	11181	1	0.50273	0.10886	0	0.38765	0.02123	1	0.38765	0.02123	1	0.47802	0.53345	10.93383	1.06646	0	0.47797	0.53416	10.35208	1.06646	1	-0.00542	-0.00951	0.68174	0.00220	1	-0.00536	-0.00956	0.67428	0.00222	1	1.45898	0.81042	0	
1246142	8405.26855	3304852282578	0.38856	0.04623	8405.16797	0.10059	11181	1	0.50273	0.10886	0	0.38765	0.02123	1	0.38765	0.02123	1	0.47802	0.53345	10.93383	1.06646	0	0.47807	0.53414	10.87265	1.06646	1	-0.00542	-0.00951	0.68174	0.00220	1	-0.00544	-0.00975	0.68403	0.00216	1	1.45898	0.81042	0	
1246143	8405.27539	3304852347183	0.38905	0.04523	8405.16797	0.10742	11181	1	0.50273	0.10886	0	0.39699	0.02920	1	0.39699	0.02920	1	0.47802	0.53345	10.93383	1.06646	0	0.47807	0.53425	10.57244	1.06646	1	-0.00542	-0.00951	0.68174	0.00220	1	-0.00544	-0.00975	0.68403	0.00218	1	1.45898	0.81042	0	
1246144	8405.28223	3304852416191	0.38968	0.04385	8405.16797	0.11426	11181	1	0.50273	0.10886	0	0.40037	0.02052	1	0.40037	0.02052	1	0.47802	0.53345	10.93383	1.06646	0	0.47813	0.53400	11.08448	1.06646	1	-0.00542	-0.00951	0.68174	0.00220	1	-0.00544	-0.00975	0.68403	0.00218	1	1.45898	0.81042	0	
1246145	8405.28906	3304852483242	0.39025	0.04262	8405.16797	0.12109	11181	1	0.50273	0.10886	0	0.40037	0.02052	1	0.40037	0.02052	1	0.47802	0.53345	10.93383	1.06646	0	0.47818	0.53437	10.70037	1.06646	1	-0.00542	-0.00951	0.68174	0.00220	1	-0.00536	-0.00956	0.67428	0.00221	1	1.45898	0.81042	0	
1246146	8405.29590	3304852550131	0.39049	0.04181	8405.16797	0.12793	11181	1	0.50273	0.10886	0	0.39521	0.02638	1	0.39521	0.02638	1	0.47802	0.53345	10.93383	1.06646	0	0.47803	0.53417	10.70834	1.06646	1	-0.00542	-0.00951	0.68174	0.00220	1	-0.00536	-0.00956	0.67428	0.00219	1	1.45898	0.81042	0	
1246147	8405.30176	3304852617097	0.39571	0.05070	8405.16797	0.13379	11181	1	0.50816	0.09775	1	0.49208	0.35929	1	0.50012	0.22852	1	0.47808	0.53432	10.97422	1.06646	1	0.74194	0.56172	11.44781	1.06646	1	-0.00542	-0.00951	0.68174	0.00219	1	-0.00536	-0.00956	0.67428	0.00385	1	1.45898	0.81042	0	
1246148	8405.30859	3304852683914	0.40047	0.05955	8405.16797	0.14062	11181	1	0.50992	0.11314	1	0.49089	0.37733	1	0.50040	0.24523	1	0.47818	0.53443	10.92625	1.05132	1	0.74164	0.56178	12.30584	1.04366	1	-0.00492	-0.00899	0.63076	0.00216	1	0.06114	-0.01431	0.66023	0.00378	1	1.45898	0.81042	0	
1246149	8405.31543	3304852752215	0.41940	0.09115	8405.16797	0.14062	11181	0	0.50992	0.13790	1	0.47247	0.41853	1	0.49120	0.27822	1	0.47825	0.53438	10.84928	1.02852	1	0.74165	0.56190	12.51731	1.02086	1	-0.00492	-0.00899	0.63076	0.00209	1	0.06114	-0.01431	0.66023	0.00375	1	1.45898	0.81042	0	
1246150	8405.32227	3304852817798	0.45691	0.17984	8405.16797	0.14062	11181	0	0.49807	0.17268	1	0.49078	0.36437	1	0.49442	0.26852	1	0.47817	0.53443	10.93355	1.00571	1	0.74194	0.56095	11.28761	0.99805	1	-0.00492	-0.00899	0.63076	0.00214	1	0.06114	-0.01431	0.66023	0.00415	1	1.45898	0.81042	0	
1246151	8405.32910	3304852884594	0.46958	0.21068	8405.16797	0.14062	11181	0	0.49908	0.18037	1	0.49078	0.36437	1	0.49493	0.27237	1	0.47824	0.53448	10.67922	0.99805	1	0.74179	0.56082	11.49818	0.99805	1	-0.00531	-0.00970	0.68037	0.00219	1	0.06323	-0.01484	0.68224	0.00422	1	1.45898	0.81042	0	
1246152	8405.33594	3304852952184	0.49489	0.27142	8405.16797	0.14062	11181	0	0.50014	0.15502	1	0.49047	0.39174	1	0.49531	0.27338	1	0.47824	0.53445	10.58897	1.01320	1	0.74191	0.56159	11.60593	1.02086	1	-0.00531	-0.00970	0.68037	0.00219	1	0.06323	-0.01484	0.68224	0.00402	1	1.45898	0.81042	0	
1246153	8405.34277	3304853019126	0.49504	0.26688	8405.16797	0.14062	11181	0	0.51288	0.12496	1	0.47750	0.39973	1	0.49519	0.26234	1	0.47832	0.53424	11.02179	1.03600	1	0.74171	0.56199	11.95198	1.04366	1	-0.00531	-0.00970	0.68037	0.00222	1	0.06323	-0.01484	0.68224	0.00374	1	1.45898	0.81042	0	
1246154	8405.34863	3304853085702	0.49490	0.26096	8405.16797	0.14062	11181	0	0.51117	0.10988	1	0.47809	0.38837	1	0.49463	0.24913	1	0.47834	0.53428	11.21806	1.05078	1	0.74192	0.56120	11.26977	1.05844	1	-0.00512	-0.00944	0.66264	0.00220	1	0.06323	-0.01484	0.68224	0.00393	1	1.45898	0.81042	0	
1246155	8405.35547	3304853152911	0.49811	0.25245	8405.33594	0.01953	11182	1	0.51088	0.12778	1	0.50457	0.32606	1	0.50773	0.22692	1	0.47841	0.53453	11.04168	1.05043	1	0.74216	0.56118	11.28730	1.05043	1	-0.00512	-0.00944	0.66264	0.00226	1	0.06323	-0.01484	0.68224	0.00395	1	1.45898	0.81042	0	
1246156	8405.36230	3304853221206	0.49904	0.24594	8405.33594	0.02637	11182	1	0.51628	0.12398	1	0.48926	0.31582	1	0.50277	0.21990	1	0.47854	0.53434	10.58223	1.04241	1	0.74192	0.56091	11.04265	1.04241	1	-0.00512	-0.00944	0.66264	0.00225	1	0.06323	-0.01484	0.68224	0.00408	1	1.45898	0.81042	0	
1246157	8405.36914	3304853286318	0.49734	0.25873	8405.33594	0.03320	11182	1	0.51628	0.12398	0	0.48885	0.32264	1	0.48885	0.32264	1	0.47854	0.53434	10.58223	1.03439	0	0.47853	0.53438	10.72038	1.03439	1	-0.00512	-0.00944	0.66264	0.00225	1	-0.00518	-0.00965	0.67718	0.00222	1	1.45898	0.81042	0	
1246158	8405.37598	3304853353606	0.48016	0.23173	8405.33594	0.04004	11182	1	0.51628	0.12398	0	0.37703	0.06975	1	0.37703	0.06975	1	0.47854	0.53434	10.58223	1.03439	0	0.47847	0.53437	11.43382	1.03439	1	-0.00512	-0.00944	0.66264	0.00225	1	-0.00518	-0.00965	0.67718	0.00224	1	1.45898	0.81042	0	
1246159	8405.38281	3304853421707	0.46727	0.21148	8405.33594	0.04688	11182	1	0.51628	0.12398	0	0.37703	0.06975	1	0.37703	0.06975	1	0.47854	0.53434	10.58223	1.03439	0	0.47847	0.53437	11.43382	1.03439	1	-0.00512	-0.00944	0.66264	0.00225	1	-0.00518	-0.00965	0.67718	0.00224	1	1.45898	0.81042	0	
1246160	8405.38965	3304853488682	0.45724	0.19573	8405.33594	0.05371	11182	1	0.51628	0.12398	0	0.37703	0.06975	1	0.37703	0.06975	1	0.47854	0.53434	10.58223	1.03439	0	0.47839	0.53451	11.00726	1.03439	1	-0.00512	-0.00944	0.66264	0.00225	1	-0.00518	-0.00965	0.67718	0.00227	1	1.45898	0.81042	0	
1246161	8405.39551	3304853554816	0.44718	0.18527	8405.33594	0.05957	11182	1	0.51628	0.12398	0	0.35665	0.09111	1	0.35665	0.09111	1	0.47854	0.53434	10.58223	1.03439	0	0.47838	0.53450	10.48475	1.03439	1	-0.00512	-0.00944	0.66264	0.00225	1	-0.00518	-0.00965	0.67718	0.00227	1	1.45898	0.81042	0	
1246162	8405.40234	3304853619046	0.43967	0.17837	8405.33594	0.06641	11182	1	0.51628	0.12398	0	0.36451	0.10941	1	0.36451	0.10941	1	0.47854	0.53434	10.58223	1.03439	0	0.47839	0.53451	11.00726	1.03439	1	-0.00512	-0.00944	0.66264	0.00225	1	-0.00518	-0.00965	0.67718	0.00227	1	1.45898	0.81042	0	
1246163	8405.40918	3304853688816	0.43340	0.17263	8405.33594	0.07324	11182	1	0.51628	0.12398	0	0.36451	0.10941	1	0.36451	0.10941	1	0.47854	0.53434	10.58223	1.03439	0	0.47840	0.53458	10.75972	1.03439	1	-0.00512	-0.00944	0.66264	0.00225	1	-0.00518	-0.00965	0.67718	0.00223	1	1.45898	0.81042	0	
1246164	8405.41602	3304853755384	0.42857	0.16660	8405.33594	0.08008	11182	1	0.51628	0.12398	0	0.37061	0.09422	1	0.37061	0.09422	1	0.47854	0.53434	10.58223	1.03439	0	0.47848	0.53457	10.85282	1.03439	1	-0.00512	-0.00944	0.66264	0.00225	1	-0.00518	-0.00965	0.67718	0.00225	1	1.45898	0.81042	0	
1246165	8405.42285	3304853822859	0.42503	0.16241	8405.33594	0.08691	11182	1	0.51628	0.12398	0	0.37901	0.10800	1	0.37901	0.10800	1	0.47854	0.53434	10.58223	1.03439	0	0.47852	0.53452	10.99660	1.03439	1	-0.00512	-0.00944	0.66264	0.00225	1	-0.00518	-0.00965	0.67718	0.00224	1	1.45898	0.81042	0	
1246166	8405.42969	3304853889844	0.40373	0.13324	8405.33594	0.08691	11182	0	0.51628	0.12398	0	0.37901	0.10800	1	0.37901	0.10800	1	0.47854	0.53434	10.58223	1.03439	0	0.47856	0.53438	10.69292	1.03439	1	-0.00512	-0.00944	0.66264	0.00225	1	-0.00518	-0.00965	0.67718	0.00224	1	1.45898	0.81042	0	
1246167	8405.43652	3304853956617	0.39078	0.10485	8405.33594	0.08691	11182	0	0.51628	0.12398	0	0.37784	0.07646	1	0.37784	0.07646	1	0.47854	0.53434	10.58223	1.03439	0	0.47858	0.53450	10.85645	1.03439	1	-0.00512	-0.00944	0.66264	0.00225	1	-0.00518	-0.00965	0.67718	0.00223	1	1.45898	0.81042	0	
1246168	8405.44238	3304854022433	0.38625	0.10026	8405.33594	0.08691	11182	0	0.51628	0.12398	0	0.37717	0.09108	1	0.37717	0.09108	1	0.47854	0.53434	10.58223	1.03439	0	0.47856	0.53445	11.16575	1.03439	1	-0.00512	-0.00944	0.66264	0.00225	1	-0.00518	-0.00965	0.67718	0.00219	1	1.45898	0.81042	0	
1246169	8405.44922	3304854088376	0.38398	0.09797	8405.42969	0.01953	11183	1	0.51628	0.12398	0	0.37717	0.09108	1	0.37717	0.09108	1	0.47854	0.53434	10.58223	1.03439	0	0.47874	0.53444	10.87893	1.03439	1	-0.00512	-0.00944	0.66264	0.00225	1	-0.00515	-0.00954	0.67320	0.00224	1	1.45898	0.81042	0	
1246170	8405.45605	3304854156415	0.38648	0.09243	8405.42969	0.02637	11183	1	0.51628	0.12398	0	0.39650	0.07028	1	0.39650	0.07028	1	0.47854	0.53434	10.58223	1.03439	0	0.47869	0.53443	10.87347	1.03439	1	-0.00512	-0.00944	0.66264	0.00225	1	-0.00515	-0.00954	0.67320	0.00229	1	1.45898	0.81042	0	
1246171	8405.46289	3304854225282	0.38659	0.09022	8405.42969	0.03320	11183	1	0.51628	0.12398	0	0.38711	0.07920	1	0.38711	0.07920	1	0.47854	0.53434	10.58223	1.03439	0	0.47863	0.53437	10.85081	1.03439	1	-0.00512	-0.00944	0.66264	0.00225	1	-0.00515	-0.00954	0.67320	0.00223	1	1.45898	0.81042	0	
1246172	8405.46973	3304854291666	0.38666	0.08865	8405.42969	0.04004	11183	1	0.51628	0.12398	0	0.38711	0.07920	1	0.38711	0.07920	1	0.47854	0.53434	10.58223	1.03439	0	0.47862	0.53430	10.54316	1.03439	1	-0.00512	-0.00944	0.66264	0.00225	1	-0.00515	-0.00954	0.67320	0.00227	1	1.45898	0.81042	0	
1246173	8405.47656	3304854358535	0.38618	0.08524	8405.42969	0.04688	11183	1	0.51628	0.12398	0	0.38277	0.06137	1	0.38277	0.06137	1	0.47854	0.53434	10.58223	1.03439	0	0.47863	0.53414	11.49182	1.03439	1	-0.00512	-0.00944	0.66264	0.00225	1	-0.00515	-0.00954	0.67320	0.00224	1	1.45898	0.81042	0	
1246174	8405.48340	3304854424734	0.38459	0.08220	8405.42969	0.05371	11183	1	0.51628	0.12398	0	0.37193	0.05789	1	0.37193	0.05789	1	0.47854	0.53434	10.58223	1.03439	0	0.47843	0.53421	10.89136	1.03439	1	-0.00512	-0.00944	0.66264	0.00225	1	-0.00515	-0.00954	0.67320	0.00224	1	1.45898	0.81042	0	
1246175	8405.48926	3304854492339	0.38333	0.07977	8405.42969	0.05957	11183	1	0.51628	0.12398	0	0.37193	0.05789	1	0.37193	0.05789	1	0.47854	0.53434	10.58223	1.03439	0	0.47854	0.53424	11.06552	1.03439	1	-0.00512	-0.00944	0.66264	0.00225	1	-0.00518	-0.00955	0.67718	0.00227	1	1.45898	0.81042	0	
1246176	8405.49707	3304854561304	0.38363	0.07723	8405.42969	0.06738	11183	1	0.51628	0.12398	0	0.38671	0.05180	1	0.38671	0.05180	1	0.47854	0.53434	10.58223	1.03439	0	0.47870	0.53412	11.62826	1.03439	1	-0.00512	-0.00944	0.66264	0.00225	1	-0.00518	-0.00955	0.67718	0.00222	1	1.45898	0.81042	0	
1246177	8405.50293	3304854628068	0.38425	0.07526	8405.42969	0.07324	11183	1	0.51628	0.12398	0	0.39107	0.05364	1	0.39107	0.05364	1	0.47854	0.53434	10.58223	1.03439	0	0.47865	0.53409	11.49418	1.03439	1	-0.00512	-0.00944	0.66264	0.00225	1	-0.00518	-0.00955	0.67718	0.00223	1	1.45898	0.81042	0	
1246178	8405.50977	3304854693668	0.38478	0.07360	8405.42969	0.08008	11183	1	0.51628	0.12398	0	0.39107	0.05364	1	0.39107	0.05364	1	0.47854	0.53434	10.58223	1.03439	0	0.47892	0.53401	10.75732	1.03439	1	-0.00512	-0.00944	0.66264	0.00225	1	-0.00518	-0.00955	0.67718	0.00225	1	1.45898	0.81042	0	
1246179	8405.51660	3304854760228	0.38570	0.07439	8405.42969	0.08691	11183	1	0.51628	0.12398	0	0.39777	0.08467	1	0.39777	0.08467	1	0.47854	0.53434	10.58223	1.03439	0	0.47881	0.53392	10.99135	1.03439	1	-0.00512	-0.00944	0.66264	0.00225	1	-0.00518	-0.00955	0.67718	0.00213	1	1.45898	0.81042	0	
1246180	8405.52344	3304854826965	0.38625	0.07632	8405.42969	0.09375	11183	1	0.51628	0.12398	0	0.39389	0.10333	1	0.39389	0.10333	1	0.47854	0.53434	10.58223	1.03439	0	0.47876	0.53414	10.81743	1.03439	1	-0.00512	-0.00944	0.66264	0.00225	1	-0.00518	-0.00955	0.67718	0.00216	1	1.45898	0.81042	0	
1246181	8405.53027	3304854894556	0.38673	0.07801	8405.42969	0.10059	11183	1	0.51628	0.12398	0	0.39389	0.10333	1	0.39389	0.10333	1	0.47854	0.53434	10.58223	1.03439	0	0.47865	0.53388	10.93053	1.03439	1	-0.00512	-0.00944	0.66264	0.00225	1	-0.00518	-0.00955	0.67718	0.00222	1	1.45898	0.81042	0	
1246182	8405.53711	3304854961706	0.38736	0.07911	8405.42969	0.10742	11183	1	0.51628	0.12398	0	0.39755	0.09676	1	0.39755	0.09676	1	0.47854	0.53434	10.58223	1.03439	0	0.47892	0.53413	11.18110	1.03439	1	-0.00512	-0.00944	0.66264	0.00225	1	-0.00518	-0.00955	0.67718	0.00217	1	1.45898	0.81042	0	
1246183	8405.54297	3304855029277	0.38626	0.08331	8405.42969	0.11328	11183	1	0.51628	0.12398	0	0.36744	0.15477	1	0.36744	0.15477	1	0.47854	0.53434	10.58223	1.03439	0	0.47874	0.53414	10.71170	1.03439	1	-0.00512	-0.00944	0.66264	0.00225	1	-0.00518	-0.00955	0.67718	0.00219	1	1.45898	0.81042	0	
1246184	8405.54980	3304855092664	0.38527	0.08707	8405.42969	0.12012	11183	1	0.51628	0.12398	0	0.36744	0.15477	1	0.36744	0.15477	1	0.47854	0.53434	10.58223	1.03439	0	0.47891	0.53380	10.71729	1.03439	1	-0.00512	-0.00944	0.66264	0.00225	1	-0.00518	-0.00955	0.67718	0.00221	1	1.45898	0.81042	0	
1246185	8405.55664	3304855160618	0.38515	0.08892	8405.42969	0.12695	11183	1	0.51628	0.12398	0	0.38300	0.12390	1	0.38300	0.12390	1	0.47854	0.53434	10.58223	1.03439	0	0.47901	0.53394	10.86375	1.03439	1	-0.00512	-0.00944	0.66264	0.00225	1	-0.00518	-0.00955	0.67718	0.00224	1	1.45898	0.81042	0	
1246186	8405.56348	3304855230402	0.38486	0.09091	8405.42969	0.13379	11183	1	0.51628	0.12398	0	0.37909	0.13075	1	0.37909	0.13075	1	0.47854	0.53434	10.58223	1.03439	0	0.47897	0.53391	10.94540	1.03439	1	-0.00512	-0.00944	0.66264	0.00225	1	-0.00518	-0.00955	0.67718	0.00222	1	1.45898	0.81042	0	
1246187	8405.57031	3304855297322	0.38462	0.09308	8405.42969	0.14062	11183	1	0.51628	0.12398	0	0.37948	0.13860	1	0.37948	0.13860	1	0.47854	0.53434	10.58223	1.03439	0	0.47903	0.53385	11.00471	1.02673	1	-0.00512	-0.00944	0.66264	0.00225	1	-0.00490	-0.00931	0.66034	0.00223	1	1.45898	0.81042	0	
1246188	8405.57715	3304855363289	0.38490	0.09425	8405.42969	0.14746	11183	1	0.51628	0.12398	0	0.39099	0.12011	1	0.39099	0.12011	1	0.47854	0.53434	10.58223	1.02673	0	0.47906	0.53376	10.79351	1.01908	1	-0.00512	-0.00944	0.66264	0.00225	1	-0.00490	-0.00931	0.66034	0.00224	1	1.45898	0.81042	0	
1246189	8405.58301	3304855427927	0.38523	0.09570	8405.42969	0.15332	11183	1	0.51628	0.12398	0	0.39285	0.12897	1	0.39285	0.12897	1	0.47854	0.53434	10.58223	1.01908	0	0.47909	0.53372	10.74538	1.01142	1	-0.00512	-0.00944	0.66264	0.00225	1	-0.00490	-0.00931	0.66034	0.00223	1	1.45898	0.81042	0	
1246190	8405.58984	3304855492507	0.38635	0.12241	8405.42969	0.15332	11183	0	0.51628	0.12398	0	0.39285	0.12897	1	0.39285	0.12897	1	0.47854	0.53434	10.58223	1.01142	0	0.47919	0.53360	10.76783	1.01142	1	-0.00512	-0.00944	0.66264	0.00225	1	-0.00506	-0.00961	0.68899	0.00221	1	1.45898	0.81042	0	
1246191	8405.59668	3304855562027	0.39437	0.12366	8405.42969	0.15332	11183	0	0.51628	0.12398	0	0.40238	0.12491	1	0.40238	0.12491	1	0.47854	0.53434	10.58223	1.01142	0	0.47930	0.53354	10.99660	1.01908	1	-0.00512	-0.00944	0.66264	0.00225	1	-0.00506	-0.00961	0.68899	0.00224	1	1.45898	0.81042	0	
1246192	8405.60352	3304855629494	0.39569	0.12132	8405.42969	0.15332	11183	0	0.51628	0.12398	0	0.39834	0.11663	1	0.39834	0.11663	1	0.47854	0.53434	10.58223	1.01908	0	0.47926	0.53365	10.84670	1.02673	1	-0.00512	-0.00944	0.66264	0.00225	1	-0.00506	-0.00961	0.68899	0.00225	1	1.45898	0.81042	0	
1246193	8405.61035	3304855698109	0.41117	0.12099	8405.58984	0.02051	11184	1	0.51714	0.13175	1	0.39808	0.10823	1	0.45761	0.11999	1	0.47922	0.53339	11.40883	1.03475	1	0.74275	0.56100	11.30031	1.03475	1	-0.00506	-0.00961	0.68899	0.00221	1	0.06131	-0.01413	0.65892	0.00408	1	1.45898	0.81042	0	
1246194	8405.61719	3304855764969	0.42786	0.14934	8405.58984	0.02734	11184	1	0.49521	0.15026	1	0.49406	0.37528	1	0.49463	0.26277	1	0.47928	0.53353	10.94000	1.04277	1	0.74279	0.56099	11.42002	1.03511	1	-0.00506	-0.00961	0.68899	0.00224	1	0.06131	-0.01413	0.65892	0.00407	1	1.45898	0.81042	0	
1246195	8405.62305	3304855830310	0.43622	0.16820	8405.58984	0.03320	11184	1	0.48802	0.14406	1	0.46793	0.38091	1	0.47798	0.26249	1	0.47918	0.53360	10.77593	1.04313	1	0.74278	0.56110	11.54701	1.03547	1	-0.00506	-0.00961	0.68899	0.00222	1	0.06131	-0.01413	0.65892	0.00401	1	1.45898	0.81042	0	
1246196	8405.62988	3304855895372	0.44220	0.18119	8405.58984	0.04004	11184	1	0.48797	0.14371	1	0.46818	0.37456	1	0.47808	0.25914	1	0.47938	0.53342	10.92241	1.04348	1	0.74322	0.56116	12.07454	1.04348	1	-0.00506	-0.00961	0.68899	0.00219	1	0.06349	-0.01462	0.68173	0.00399	1	1.45898	0.81042	0	
1246197	8405.63672	3304855959408	0.44783	0.19227	8405.58984	0.04688	11184	1	0.49967	0.14396	1	0.47493	0.39576	1	0.48730	0.26986	1	0.47947	0.53351	10.99697	1.04348	1	0.74329	0.56131	12.19132	1.05114	1	-0.00506	-0.00961	0.68899	0.00223	1	0.06349	-0.01462	0.68173	0.00394	1	1.45898	0.81042	0	
1246198	8405.64355	3304856029385	0.45139	0.19860	8405.58984	0.05371	11184	1	0.49887	0.12098	1	0.46082	0.37746	1	0.47984	0.24922	1	0.47941	0.53342	10.90903	1.05114	1	0.74299	0.56136	12.39371	1.05880	1	-0.00506	-0.00961	0.68899	0.00222	1	0.06349	-0.01462	0.68173	0.00386	1	1.45898	0.81042	0	
1246199	8405.65039	3304856098668	0.45420	0.20298	8405.58984	0.06055	11184	1	0.49791	0.11325	1	0.46101	0.37151	1	0.47946	0.24238	1	0.47941	0.53343	10.99108	1.05880	1	0.74322	0.56095	12.03684	1.06646	1	-0.00506	-0.00961	0.68899	0.00232	1	0.06349	-0.01462	0.68173	0.00410	1	1.45898	0.81042	0	
1246200	8405.65723	3304856165642	0.45691	0.20471	8405.58984	0.06738	11184	1	0.49946	0.12380	1	0.46862	0.32015	1	0.48404	0.22197	1	0.47945	0.53355	10.94451	1.06646	1	0.74310	0.56078	12.00698	1.06646	1	-0.00506	-0.00961	0.68899	0.00225	1	0.06349	-0.01462	0.68173	0.00409	1	1.45898	0.81042	0	
1246201	8405.66406	3304856233790	0.45908	0.20675	8405.58984	0.07422	11184	1	0.49848	0.11877	1	0.46737	0.33978	1	0.48292	0.22928	1	0.47944	0.53345	10.99938	1.06646	1	0.74313	0.56107	12.14156	1.06646	1	-0.00506	-0.00961	0.68899	0.00222	1	0.06349	-0.01462	0.68173	0.00400	1	1.45898	0.81042	0	
1246202	8405.66992	3304856298300	0.46090	0.20872	8405.58984	0.08008	11184	1	0.49848	0.11877	1	0.46714	0.34596	1	0.48281	0.23237	1	0.47965	0.53341	10.68747	1.06646	1	0.74311	0.56122	12.04236	1.05880	1	-0.00506	-0.00961	0.68899	0.00227	1	0.06133	-0.01412	0.65805	0.00403	1	1.45898	0.81042	0	
1246203	8405.67773	3304856368248	0.46336	0.21141	8405.58984	0.08789	11184	1	0.51158	0.11316	1	0.47912	0.37961	1	0.49535	0.24638	1	0.47958	0.53335	10.55284	1.05880	1	0.74323	0.56113	11.89109	1.05114	1	-0.00506	-0.00961	0.68899	0.00225	1	0.06133	-0.01412	0.65805	0.00405	1	1.45898	0.81042	0	
1246204	8405.68359	3304856435224	0.48278	0.23749	8405.58984	0.08789	11184	0	0.51129	0.11398	1	0.47529	0.39408	1	0.49329	0.25403	1	0.47957	0.53334	10.49240	1.05114	1	0.74321	0.56112	11.96288	1.04348	1	-0.00506	-0.00961	0.68899	0.00225	1	0.06133	-0.01412	0.65805	0.00404	1	1.45898	0.81042	0	
1246205	8405.69043	3304856502801	0.48818	0.24919	8405.58984	0.08789	11184	0	0.51217	0.12176	1	0.47500	0.40001	1	0.49359	0.26089	1	0.47963	0.53343	10.75809	1.04348	1	0.74336	0.56125	11.49686	1.03582	1	-0.00506	-0.00961	0.68899	0.00228	1	0.06133	-0.01412	0.65805	0.00401	1	1.45898	0.81042	0	
1246206	8405.69727	3304856569051	0.44975	0.18934	8405.58984	0.08789	11184	0	0.51217	0.12176	0	0.37289	0.06966	1	0.37289	0.06966	1	0.47963	0.53343	10.75809	1.03582	0	0.47963	0.53336	10.95000	1.03582	1	-0.00506	-0.00961	0.68899	0.00228	1	0.06133	-0.01412	0.65805	0.00225	1	1.45898	0.81042	0	
1246207	8405.70410	3304856636195	0.41506	0.13203	8405.58984	0.08789	11184	0	0.51217	0.12176	0	0.37871	0.06554	1	0.37871	0.06554	1	0.47963	0.53343	10.75809	1.03582	0	0.47968	0.53322	10.72741	1.03582	1	-0.00506	-0.00961	0.68899	0.00228	1	0.06133	-0.01412	0.65805	0.00220	1	1.45898	0.81042	0	
1246208	8405.71094	3304856703896	0.39669	0.09463	8405.58984	0.08789	11184	0	0.51217	0.12176	0	0.37832	0.05722	1	0.37832	0.05722	1	0.47963	0.53343	10.75809	1.03582	0	0.47971	0.53333	11.01800	1.04348	1	-0.00506	-0.00961	0.68899	0.00228	1	-0.00506	-0.00961	0.68899	0.00230	1	1.45898	0.81042	0	
1246209	8405.71777	3304856770030	0.38686	0.08436	8405.58984	0.08789	11184	0	0.51217	0.12176	0	0.36721	0.06382	1	0.36721	0.06382	1	0.47963	0.53343	10.75809	1.04348	0	0.47965	0.53339	11.09777	1.05114	1	-0.00506	-0.00961	0.68899	0.00228	1	-0.00506	-0.00961	0.68899	0.00222	1	1.45898	0.81042	0	
1246210	8405.72363	3304856836125	0.38417	0.07598	8405.70410	0.01953	11185	1	0.51217	0.12176	0	0.37607	0.05085	1	0.37607	0.05085	1	0.47963	0.53343	10.75809	1.05114	0	0.47968	0.53337	11.08053	1.05880	1	-0.00506	-0.00961	0.68899	0.00228	1	-0.00506	-0.00961	0.68899	0.00221	1	1.45898	0.81042	0	
1246211	8405.73047	3304856903963	0.38255	0.07095	8405.70410	0.02637	11185	1	0.51217	0.12176	0	0.37607	0.05085	1	0.37607	0.05085	1	0.47963	0.53343	10.75809	1.05880	0	0.47981	0.53324	11.33893	1.05880	1	-0.00506	-0.00961	0.68899	0.00228	1	-0.00477	-0.00915	0.65568	0.00232	1	1.45898	0.81042	0	
1246212	8405.73730	3304856967442	0.38384	0.07171	8405.70410	0.03320	11185	1	0.51217	0.12176	0	0.39028	0.07551	1	0.39028	0.07551	1	0.47963	0.53343	10.75809	1.05880	0	0.47983	0.53336	11.02950	1.05114	1	-0.00506	-0.00961	0.68899	0.00228	1	-0.00477	-0.00915	0.65568	0.00234	1	1.45898	0.81042	0	
1246213	8405.74414	3304857037933	0.38407	0.07031	8405.70410	0.04004	11185	1	0.51217	0.12176	0	0.38544	0.06187	1	0.38544	0.06187	1	0.47963	0.53343	10.75809	1.05114	0	0.47980	0.53334	10.88434	1.04348	1	-0.00506	-0.00961	0.68899	0.00228	1	-0.00477	-0.00915	0.65568	0.00229	1	1.45898	0.81042	0	
1246214	8405.75098	3304857104744	0.38428	0.07029	8405.70410	0.04688	11185	1	0.51217	0.12176	0	0.38578	0.07015	1	0.38578	0.07015	1	0.47963	0.53343	10.75809	1.04348	0	0.47985	0.53353	10.78053	1.03582	1	-0.00506	-0.00961	0.68899	0.00228	1	-0.00477	-0.00915	0.65568	0.00228	1	1.45898	0.81042	0	
1246215	8405.75781	3304857172072	0.38476	0.07078	8405.70410	0.05371	11185	1	0.51217	0.12176	0	0.38861	0.07467	1	0.38861	0.07467	1	0.47963	0.53343	10.75809	1.03582	0	0.47989	0.53343	11.27131	1.03582	1	-0.00506	-0.00961	0.68899	0.00228	1	-0.00477	-0.00915	0.65568	0.00228	1	1.45898	0.81042	0	
1246216	8405.76465	3304857238287	0.38467	0.07408	8405.70410	0.06055	11185	1	0.51217	0.12176	0	0.38381	0.10387	1	0.38381	0.10387	1	0.47963	0.53343	10.75809	1.03582	0	0.47993	0.53352	11.06819	1.03582	1	-0.00506	-0.00961	0.68899	0.00228	1	-0.00477	-0.00915	0.65568	0.00233	1	1.45898	0.81042	0	
1246217	8405.77148	3304857305875	0.38462	0.07744	8405.70410	0.06738	11185	1	0.51217	0.12176	0	0.38412	0.11102	1	0.38412	0.11102	1	0.47963	0.53343	10.75809	1.03582	0	0.47996	0.53357	11.09280	1.02902	1	-0.00506	-0.00961	0.68899	0.00228	1	-0.00460	-0.00892	0.63909	0.00229	1	1.45898	0.81042	0	
1246218	8405.77734	3304857372810	0.38448	0.07897	8405.70410	0.07324	11185	1	0.51217	0.12176	0	0.38301	0.09579	1	0.38301	0.09579	1	0.47963	0.53343	10.75809	1.02902	0	0.47995	0.53337	11.28953	1.02221	1	-0.00506	-0.00961	0.68899	0.00228	1	-0.00460	-0.00892	0.63909	0.00224	1	1.45898	0.81042	0	
1246219	8405.78418	3304857438998	0.38448	0.08206	8405.70410	0.08008	11185	1	0.51217	0.12176	0	0.38450	0.11915	1	0.38450	0.11915	1	0.47963	0.53343	10.75809	1.02221	0	0.47984	0.53359	11.03872	1.01540	1	-0.00506	-0.00961	0.68899	0.00228	1	-0.00460	-0.00892	0.63909	0.00225	1	1.45898	0.81042	0	
1246220	8405.79102	3304857504038	0.38446	0.08413	8405.70410	0.08691	11185	1	0.51217	0.12176	0	0.38415	0.11106	1	0.38415	0.11106	1	0.47963	0.53343	10.75809	1.01540	0	0.47990	0.53358	11.14807	1.02306	1	-0.00506	-0.00961	0.68899	0.00228	1	-0.00473	-0.00941	0.67127	0.00220	1	1.45898	0.81042	0	
1246221	8405.79785	3304857569681	0.38495	0.08423	8405.70410	0.09375	11185	1	0.51217	0.12176	0	0.39175	0.08561	1	0.39175	0.08561	1	0.47963	0.53343	10.75809	1.02306	0	0.47988	0.53347	11.22858	1.03753	1	-0.00506	-0.00961	0.68899	0.00228	1	-0.00473	-0.00941	0.67127	0.00233	1	1.45898	0.81042	0	
1246222	8405.80469	3304857637665	0.38571	0.08407	8405.70410	0.10059	11185	1	0.51217	0.12176	0	0.39715	0.08168	1	0.39715	0.08168	1	0.47963	0.53343	10.75809	1.03753	0	0.48005	0.53356	10.92529	1.05199	1	-0.00506	-0.00961	0.68899	0.00228	1	-0.00473	-0.00941	0.67127	0.00226	1	1.45898	0.81042	0	
1246223	8405.81055	3304857704998	0.38635	0.08303	8405.70410	0.10645	11185	1	0.51217	0.12176	0	0.39667	0.06641	1	0.39667	0.06641	1	0.47963	0.53343	10.75809	1.05199	0	0.48009	0.53356	11.01884	1.06646	1	-0.00506	-0.00961	0.68899	0.00228	1	-0.00483	-0.00967	0.68560	0.00226	1	1.45898	0.81042	0	
1246224	8405.81738	3304857769844	0.38735	0.08154	8405.70410	0.11328	11185	1	0.51217	0.12176	0	0.40435	0.05614	1	0.40435	0.05614	1	0.47963	0.53343	10.75809	1.06646	0	0.48022	0.53363	11.13550	1.06646	1	-0.00506	-0.00961	0.68899	0.00228	1	-0.00483	-0.00967	0.68560	0.00229	1	1.45898	0.81042	0	
1246225	8405.82422	3304857838692	0.39210	0.08935	8405.70410	0.12012	11185	1	0.49110	0.13107	1	0.46388	0.32865	1	0.47749	0.22986	1	0.48010	0.53370	10.72351	1.06646	1	0.74375	0.56123	12.02191	1.06646	1	-0.00506	-0.00961	0.68899	0.00218	1	-0.00483	-0.00967	0.68560	0.00398	1	1.45898	0.81042	0	
1246226	8405.83105	3304857909242	0.39637	0.09637	8405.70410	0.12695	11185	1	0.49110	0.13107	1	0.46388	0.32865	1	0.47749	0.22986	1	0.48020	0.53371	10.68260	1.06646	1	0.74372	0.56102	12.01704	1.06646	1	-0.00483	-0.00967	0.68560	0.00225	1	0.06349	-0.01478	0.67958	0.00400	1	1.45898	0.81042	0	
1246227	8405.83789	3304857973172	0.41297	0.12643	8405.70410	0.12695	11185	0	0.50379	0.12465	1	0.47843	0.32873	1	0.49111	0.22669	1	0.48031	0.53367	11.30620	1.06646	1	0.74405	0.56142	11.93633	1.06646	1	-0.00483	-0.00967	0.68560	0.00224	1	0.06349	-0.01478	0.67958	0.00385	1	1.45898	0.81042	0	
1246228	8405.84473	3304858038902	0.45347	0.18104	8405.70410	0.12695	11185	0	0.50385	0.13851	1	0.48410	0.33281	1	0.49397	0.23566	1	0.48025	0.53375	11.21892	1.06646	1	0.74410	0.56137	11.91976	1.06646	1	-0.00483	-0.00967	0.68560	0.00220	1	0.06349	-0.01478	0.67958	0.00383	1	1.45898	0.81042	0	
1246229	8405.85156	3304858106394	0.46697	0.19925	8405.70410	0.12695	11185	0	0.50385	0.13851	1	0.48410	0.33281	1	0.49397	0.23566	1	0.48022	0.53401	11.12231	1.06646	1	0.74412	0.56063	11.62996	1.06646	1	-0.00483	-0.00967	0.68560	0.00227	1	0.06349	-0.01478	0.67958	0.00432	1	1.45898	0.81042	0	
1246230	8405.85742	3304858174067	0.49403	0.21608	8405.70410	0.12695	11185	0	0.50247	0.13316	1	0.48579	0.22070	1	0.49413	0.17693	1	0.48033	0.53380	10.86915	1.06646	1	0.74410	0.56020	11.76158	1.06646	1	-0.00483	-0.00967	0.68560	0.00226	1	0.06349	-0.01478	0.67958	0.00433	1	1.45898	0.81042	0	
1246231	8405.86523	3304858243645	0.49139	0.19957	8405.70410	0.12695	11185	0	0.48880	0.13748	1	0.48869	0.22864	1	0.48874	0.18306	1	0.48031	0.53381	11.00083	1.06646	1	0.74412	0.56023	11.63692	1.06646	1	-0.00483	-0.00967	0.68560	0.00223	1	0.06349	-0.01478	0.67958	0.00433	1	1.45898	0.81042	0	
1246232	8405.87109	3304858310864	0.49049	0.20926	8405.70410	0.12695	11185	0	0.48880	0.13748	0	0.48869	0.22864	1	0.48869	0.22864	1	0.48031	0.53381	11.00083	1.06646	0	0.48041	0.53395	11.30817	1.06646	1	-0.00483	-0.00967	0.68560	0.00223	1	-0.00483	-0.00967	0.68560	0.00224	1	1.45898	0.81042	0	
1246233	8405.87793	3304858377154	0.46252	0.18453	8405.85742	0.02051	11186	1	0.48880	0.13748	0	0.37861	0.11031	1	0.37861	0.11031	1	0.48031	0.53381	11.00083	1.06646	0	0.48051	0.53401	11.13442	1.06646	1	-0.00483	-0.00967	0.68560	0.00223	1	-0.00483	-0.00967	0.68560	0.00233	1	1.45898	0.81042	0	
1246234	8405.88477	3304858444132	0.44506	0.15420	8405.85742	0.02734	11186	1	0.48880	0.13748	0	0.37522	0.03289	1	0.37522	0.03289	1	0.48031	0.53381	11.00083	1.06646	0	0.48041	0.53382	10.88144	1.06646	1	-0.00483	-0.00967	0.68560	0.00223	1	-0.00483	-0.00967	0.68560	0.00223	1	1.45898	0.81042	0	
1246235	8405.89160	3304858511593	0.43348	0.13536	8405.85742	0.03418	11186	1	0.48880	0.13748	0	0.37561	0.04119	1	0.37561	0.04119	1	0.48031	0.53381	11.00083	1.06646	0	0.48062	0.53398	11.21305	1.05880	1	-0.00483	-0.00967	0.68560	0.00223	1	-0.00457	-0.00925	0.65594	0.00229	1	1.45898	0.81042	0	
1246236	8405.89844	3304858578236	0.42601	0.13204	8405.85742	0.04102	11186	1	0.48880	0.13748	0	0.38118	0.11212	1	0.38118	0.11212	1	0.48031	0.53381	11.00083	1.05880	0	0.48058	0.53401	11.29148	1.05114	1	-0.00483	-0.00967	0.68560	0.00223	1	-0.00457	-0.00925	0.65594	0.00224	1	1.45898	0.81042	0	
1246237	8405.90527	3304858645107	0.42117	0.12537	8405.85742	0.04785	11186	1	0.48880	0.13748	0	0.38726	0.07863	1	0.38726	0.07863	1	0.48031	0.53381	11.00083	1.05114	0	0.48076	0.53394	11.23855	1.04348	1	-0.00483	-0.00967	0.68560	0.00223	1	-0.00457	-0.00925	0.65594	0.00236	1	1.45898	0.81042	0	
1246238	8405.91211	3304858712496	0.41744	0.12108	8405.85742	0.05469	11186	1	0.48880	0.13748	0	0.38758	0.08679	1	0.38758	0.08679	1	0.48031	0.53381	11.00083	1.04348	0	0.48083	0.53399	11.30819	1.03582	1	-0.00483	-0.00967	0.68560	0.00223	1	-0.00435	-0.00898	0.63697	0.00231	1	1.45898	0.81042	0	
1246239	8405.91797	3304858779332	0.41527	0.12333	8405.85742	0.06055	11186	1	0.48880	0.13748	0	0.39582	0.14358	1	0.39582	0.14358	1	0.48031	0.53381	11.00083	1.03582	0	0.48088	0.53415	11.50408	1.03582	1	-0.00483	-0.00967	0.68560	0.00223	1	-0.00435	-0.00898	0.63697	0.00233	1	1.45898	0.81042	0	
1246240	8405.92480	3304858846267	0.41338	0.12118	8405.85742	0.06738	11186	1	0.48880	0.13748	0	0.39447	0.09968	1	0.39447	0.09968	1	0.48031	0.53381	11.00083	1.03582	0	0.48082	0.53416	11.34153	1.03582	1	-0.00483	-0.00967	0.68560	0.00223	1	-0.00435	-0.00898	0.63697	0.00230	1	1.45898	0.81042	0	
1246241	8405.93164	3304858913436	0.41178	0.11872	8405.85742	0.07422	11186	1	0.48880	0.13748	0	0.39420	0.09161	1	0.39420	0.09161	1	0.48031	0.53381	11.00083	1.03582	0	0.48082	0.53392	11.35682	1.04348	1	-0.00483	-0.00967	0.68560	0.00223	1	-0.00464	-0.00969	0.68745	0.00232	1	1.45898	0.81042	0	
1246242	8405.93848	3304858980087	0.40906	0.11307	8405.85742	0.08105	11186	1	0.48880	0.13748	0	0.37640	0.04536	1	0.37640	0.04536	1	0.48031	0.53381	11.00083	1.04348	0	0.48088	0.53421	11.30597	1.05114	1	-0.00483	-0.00967	0.68560	0.00223	1	-0.00464	-0.00969	0.68745	0.00227	1	1.45898	0.81042	0	
1246243	8405.94531	3304859047417	0.40673	0.10757	8405.85742	0.08789	11186	1	0.48880	0.13748	0	0.37635	0.03606	1	0.37635	0.03606	1	0.48031	0.53381	11.00083	1.05114	0	0.48079	0.53407	11.91356	1.05880	1	-0.00483	-0.00967	0.68560	0.00223	1	-0.00464	-0.00969	0.68745	0.00230	1	1.45898	0.81042	0	
1246244	8405.95215	3304859114493	0.38322	0.07550	8405.85742	0.08789	11186	0	0.48880	0.13748	0	0.37596	0.02772	1	0.37596	0.02772	1	0.48031	0.53381	11.00083	1.05880	0	0.48111	0.53416	11.49972	1.06646	1	-0.00483	-0.00967	0.68560	0.00223	1	-0.00464	-0.00969	0.68745	0.00224	1	1.45898	0.81042	0	
1246245	8405.95898	3304859181570	0.38582	0.07565	8405.85742	0.08789	11186	0	0.48880	0.13748	0	0.38842	0.07581	1	0.38842	0.07581	1	0.48031	0.53381	11.00083	1.06646	0	0.48111	0.53419	11.22301	1.06646	1	-0.00483	-0.00967	0.68560	0.00223	1	-0.00464	-0.00969	0.68745	0.00227	1	1.45898	0.81042	0	
1246246	8405.96484	3304859246095	0.38558	0.07158	8405.85742	0.08789	11186	0	0.48880	0.13748	0	0.38511	0.06344	1	0.38511	0.06344	1	0.48031	0.53381	11.00083	1.06646	0	0.48108	0.53420	11.39255	1.06646	1	-0.00483	-0.00967	0.68560	0.00223	1	-0.00464	-0.00969	0.68745	0.00225	1	1.45898	0.81042	0	
1246247	8405.97168	3304859315343	0.38546	0.06955	8405.95215	0.01953	11187	1	0.48880	0.13748	0	0.38511	0.06344	1	0.38511	0.06344	1	0.48031	0.53381	11.00083	1.06646	0	0.48128	0.53414	11.30227	1.06646	1	-0.00483	-0.00967	0.68560	0.00223	1	-0.00464	-0.00969	0.68745	0.00225	1	1.45898	0.81042	0	
1246248	8405.97852	3304859378740	0.38292	0.07077	8405.95215	0.02637	11187	1	0.48880	0.13748	0	0.37272	0.07568	1	0.37272	0.07568	1	0.48031	0.53381	11.00083	1.06646	0	0.48122	0.53421	11.32174	1.06646	1	-0.00483	-0.00967	0.68560	0.00223	1	-0.00464	-0.00969	0.68745	0.00239	1	1.45898	0.81042	0	
1246249	8405.98535	3304859447811	0.38483	0.06936	8405.95215	0.03320	11187	1	0.48880	0.13748	0	0.39441	0.06231	1	0.39441	0.06231	1	0.48031	0.53381	11.00083	1.06646	0	0.48145	0.53416	11.23763	1.06646	1	-0.00483	-0.00967	0.68560	0.00223	1	-0.00464	-0.00969	0.68745	0.00228	1	1.45898	0.81042	0	
1246250	8405.99121	3304859512052	0.39304	0.07489	8405.95215	0.03906	11187	1	0.48985	0.14534	1	0.39469	0.07080	1	0.44227	0.10807	1	0.48160	0.53422	11.61857	1.05844	1	0.74538	0.56248	12.02991	1.05844	1	-0.00433	-0.00937	0.66438	0.00228	1	0.06291	-0.01457	0.67009	0.00399	1	1.45898	0.81042	0	
1246251	8405.99902	3304859581266	0.40813	0.09628	8405.95215	0.04688	11187	1	0.51009	0.09755	1	0.51747	0.39446	1	0.51378	0.24601	1	0.48159	0.53419	11.41374	1.05043	1	0.74551	0.56233	12.32214	1.05043	1	-0.00433	-0.00937	0.66438	0.00231	1	0.06291	-0.01457	0.67009	0.00401	1	1.45898	0.81042	0	
1246252	8406.00488	3304859645904	0.41644	0.11249	8405.95215	0.05273	11187	1	0.48912	0.10433	1	0.47674	0.38001	1	0.48293	0.24217	1	0.48157	0.53397	11.79245	1.04241	1	0.74563	0.56215	12.03566	1.04241	1	-0.00433	-0.00937	0.66438	0.00227	1	0.06291	-0.01457	0.67009	0.00407	1	1.45898	0.81042	0	
1246253	8406.01270	3304859718062	0.42309	0.12546	8405.95215	0.06055	11187	1	0.48912	0.10433	1	0.47674	0.38001	1	0.48293	0.24217	1	0.48175	0.53418	11.32653	1.04241	1	0.74547	0.56173	12.02028	1.04241	1	-0.00439	-0.00959	0.68045	0.00231	1	0.06346	-0.01468	0.67489	0.00407	1	1.45898	0.81042	0	
1246254	8406.01855	3304859784230	0.42913	0.13554	8405.95215	0.06641	11187	1	0.50188	0.14325	1	0.47709	0.32935	1	0.48949	0.23630	1	0.48177	0.53414	11.44467	1.05043	1	0.74556	0.56163	11.99780	1.05043	1	-0.00439	-0.00959	0.68045	0.00229	1	0.06346	-0.01468	0.67489	0.00408	1	1.45898	0.81042	0	
1246255	8406.02539	3304859846525	0.43410	0.14298	8405.95215	0.07324	11187	1	0.50020	0.13639	1	0.47739	0.31326	1	0.48879	0.22482	1	0.48178	0.53419	11.44907	1.05844	1	0.74554	0.56154	11.78845	1.05844	1	-0.00439	-0.00959	0.68045	0.00228	1	0.06346	-0.01468	0.67489	0.00411	1	1.45898	0.81042	0	
1246256	8406.03223	3304859916368	0.43827	0.14896	8405.95215	0.08008	11187	1	0.49921	0.12847	1	0.47740	0.31296	1	0.48830	0.22071	1	0.48194	0.53409	11.36132	1.06646	1	0.74539	0.56225	12.20870	1.05880	1	-0.00439	-0.00959	0.68045	0.00231	1	0.06166	-0.01425	0.65522	0.00406	1	1.45898	0.81042	0	
1246257	8406.03809	3304859980476	0.44123	0.15765	8405.95215	0.08594	11187	1	0.49215	0.16304	1	0.46738	0.37820	1	0.47976	0.27062	1	0.48207	0.53406	11.41596	1.05880	1	0.74544	0.56219	12.05902	1.05114	1	-0.00439	-0.00959	0.68045	0.00235	1	0.06166	-0.01425	0.65522	0.00397	1	1.45898	0.81042	0	
1246258	8406.04590	3304860051430	0.45854	0.19038	8405.95215	0.08594	11187	0	0.49403	0.16510	1	0.47001	0.41932	1	0.48202	0.29221	1	0.48203	0.53396	11.64717	1.05114	1	0.74555	0.56272	12.41788	1.04348	1	-0.00439	-0.00959	0.68045	0.00237	1	0.06166	-0.01425	0.65522	0.00389	1	1.45898	0.81042	0	
1246259	8406.05273	3304860120300	0.47047	0.24458	8405.95215	0.08594	11187	0	0.49502	0.17251	1	0.46976	0.42506	1	0.48239	0.29878	1	0.48241	0.53422	11.52495	1.04348	1	0.74577	0.56243	12.73170	1.03582	1	-0.00417	-0.00956	0.67814	0.00234	1	0.06166	-0.01435	0.65522	0.00394	1	1.45898	0.81042	0	
1246260	8406.05957	3304860186279	0.47890	0.25796	8405.95215	0.08594	11187	0	0.51620	0.19637	1	0.47534	0.37304	1	0.49577	0.28471	1	0.48247	0.53416	11.43364	1.03582	1	0.74557	0.56211	12.13776	1.03582	1	-0.00417	-0.00956	0.67814	0.00234	1	0.06166	-0.01435	0.65522	0.00413	1	1.45898	0.81042	0	
1246261	8406.06543	3304860253276	0.49273	0.28509	8405.95215	0.08594	11187	0	0.51956	0.19840	1	0.48051	0.34514	1	0.50004	0.27177	1	0.48241	0.53422	11.52495	1.03582	1	0.74564	0.56240	11.66705	1.03582	1	-0.00417	-0.00956	0.67814	0.00235	1	0.06166	-0.01435	0.65522	0.00404	1	1.45898	0.81042	0	
1246262	8406.07227	3304860319696	0.49638	0.27843	8405.95215	0.08594	11187	0	0.51956	0.19840	1	0.48051	0.34514	1	0.50004	0.27177	1	0.48240	0.53408	11.58213	1.03582	1	0.74609	0.56254	12.65179	1.03582	1	-0.00417	-0.00956	0.67814	0.00230	1	0.06185	-0.01442	0.65619	0.00394	1	1.45898	0.81042	0	
1246263	8406.07910	3304860385892	0.49743	0.28149	8405.95215	0.08594	11187	0	0.51440	0.20007	1	0.48466	0.37513	1	0.49953	0.28760	1	0.48245	0.53411	11.41770	1.03582	1	0.74576	0.56253	12.18746	1.03582	1	-0.00417	-0.00956	0.67814	0.00226	1	0.06185	-0.01442	0.65619	0.00404	1	1.45898	0.81042	0	
1246264	8406.08594	3304860453376	0.49967	0.28015	8406.06543	0.02051	11188	1	0.49750	0.19168	1	0.51522	0.36063	1	0.50636	0.27616	1	0.48244	0.53410	11.56361	1.03582	1	0.74626	0.56229	12.21800	1.03582	1	-0.00417	-0.00956	0.67814	0.00232	1	0.06185	-0.01442	0.65619	0.00405	1	1.45898	0.81042	0	
1246265	8406.09277	3304860521239	0.50113	0.27802	8406.06543	0.02734	11188	1	0.49750	0.19168	1	0.51645	0.34731	1	0.50698	0.26950	1	0.48244	0.53388	11.42231	1.03582	1	0.74615	0.56194	12.15519	1.05216	1	-0.00417	-0.00956	0.67814	0.00235	1	0.06648	-0.01550	0.70533	0.00401	1	1.45898	0.81042	0	
1246266	8406.09961	3304860588837	0.49871	0.27581	8406.06543	0.03418	11188	1	0.50520	0.16057	1	0.46801	0.36888	1	0.48660	0.26473	1	0.48259	0.53386	11.37327	1.05216	1	0.74625	0.56222	12.28653	1.06850	1	-0.00417	-0.00956	0.67814	0.00231	1	0.06648	-0.01550	0.70533	0.00399	1	1.45898	0.81042	0	
1246267	8406.10645	3304860654807	0.49713	0.26508	8406.06543	0.04102	11188	1	0.50852	0.15183	1	0.46679	0.24965	1	0.48765	0.20074	1	0.48262	0.53384	11.38918	1.06850	1	0.74616	0.56179	12.10245	1.08484	1	-0.00417	-0.00956	0.67814	0.00229	1	0.06648	-0.01550	0.70533	0.00407	1	1.45898	0.81042	0	
1246268	8406.11230	3304860722909	0.49584	0.25564	8406.06543	0.04688	11188	1	0.50663	0.13608	1	0.46701	0.24293	1	0.48682	0.18951	1	0.48271	0.53388	11.65782	1.08484	1	0.74619	0.56199	12.18872	1.09250	1	-0.00417	-0.00956	0.67814	0.00235	1	0.06503	-0.01505	0.68940	0.00402	1	1.45898	0.81042	0	
1246269	8406.11914	3304860788914	0.49349	0.25031	8406.06543	0.05371	11188	1	0.48816	0.12244	1	0.46123	0.29294	1	0.47469	0.20769	1	0.48281	0.53382	11.73285	1.09250	1	0.74609	0.56197	12.24524	1.08382	1	-0.00417	-0.00956	0.67814	0.00233	1	0.06503	-0.01505	0.68940	0.00401	1	1.45898	0.81042	0	
1246270	8406.12598	3304860855607	0.49159	0.24850	8406.06543	0.06055	11188	1	0.48360	0.14126	1	0.46538	0.32309	1	0.47449	0.23218	1	0.48270	0.53392	11.61528	1.08382	1	0.74616	0.56193	12.16780	1.07514	1	-0.00417	-0.00956	0.67814	0.00231	1	0.06503	-0.01505	0.68940	0.00402	1	1.45898	0.81042	0	
1246271	8406.13281	3304860922834	0.49008	0.24771	8406.06543	0.06738	11188	1	0.48476	0.14961	1	0.46514	0.33018	1	0.47495	0.23989	1	0.48287	0.53385	11.71545	1.07514	1	0.74628	0.56212	12.28412	1.06646	1	-0.00417	-0.00956	0.67814	0.00229	1	0.06369	-0.01468	0.67516	0.00406	1	1.45898	0.81042	0	
1246272	8406.13965	3304860989889	0.48954	0.24592	8406.06543	0.07422	11188	1	0.50020	0.14638	1	0.46706	0.30595	1	0.48363	0.22616	1	0.48284	0.53378	11.99687	1.06646	1	0.74621	0.56168	12.06856	1.06646	1	-0.00417	-0.00956	0.67814	0.00225	1	0.06369	-0.01468	0.67516	0.00405	1	1.45898	0.81042	0	
1246273	8406.14648	3304861057064	0.48948	0.24386	8406.06543	0.08105	11188	1	0.49283	0.13721	1	0.48473	0.30122	1	0.48878	0.21922	1	0.48285	0.53380	11.63803	1.06646	1	0.74648	0.56203	12.05639	1.06646	1	-0.00417	-0.00956	0.67814	0.00231	1	0.06369	-0.01468	0.67516	0.00403	1	1.45898	0.81042	0	
1246274	8406.15332	3304861123724	0.48944	0.24286	8406.06543	0.08789	11188	1	0.49385	0.14507	1	0.48402	0.31447	1	0.48893	0.22977	1	0.48291	0.53383	11.63858	1.05844	1	0.74628	0.56232	12.18975	1.05078	1	-0.00403	-0.00935	0.66282	0.00227	1	0.06175	-0.01423	0.65418	0.00386	1	1.45898	0.81042	0	
1246275	8406.15918	3304861191575	0.48885	0.24253	8406.06543	0.09375	11188	1	0.50006	0.17002	1	0.46114	0.30601	1	0.48060	0.23802	1	0.48281	0.53398	11.92065	1.04277	1	0.74608	0.56185	12.02846	1.03511	1	-0.00403	-0.00935	0.66282	0.00232	1	0.06175	-0.01423	0.65418	0.00397	1	1.45898	0.81042	0	
1246276	8406.16602	3304861257955	0.48833	0.24546	8406.06543	0.10059	11188	1	0.49406	0.17588	1	0.46692	0.40286	1	0.48049	0.28937	1	0.48279	0.53381	11.89130	1.02709	1	0.74626	0.56223	11.88463	1.01943	1	-0.00403	-0.00935	0.66282	0.00225	1	0.06175	-0.01423	0.65418	0.00389	1	1.45898	0.81042	0	
1246277	8406.17285	3304861324639	0.48792	0.24886	8406.06543	0.10742	11188	1	0.49613	0.19124	1	0.46644	0.41513	1	0.48129	0.30318	1	0.48280	0.53371	11.60143	1.01142	1	0.74616	0.56188	11.95199	1.00376	1	-0.00403	-0.00935	0.66282	0.00228	1	0.06221	-0.01438	0.65901	0.00392	1	1.45898	0.81042	0	
1246278	8406.17969	3304861391232	0.48743	0.25261	8406.06543	0.11426	11188	1	0.50049	0.19569	1	0.45787	0.43712	1	0.47918	0.31641	1	0.48289	0.53383	11.12356	1.00376	1	0.74610	0.56242	12.47535	1.00376	1	-0.00403	-0.00935	0.66282	0.00235	1	0.06221	-0.01438	0.65901	0.00386	1	1.45898	0.81042	0	
1246279	8406.18652	3304861459030	0.48738	0.25474	8406.06543	0.12109	11188	1	0.49559	0.18049	1	0.47727	0.40583	1	0.48643	0.29316	1	0.48279	0.53371	11.50518	1.00376	1	0.74638	0.56196	12.04842	1.00376	1	-0.00403	-0.00935	0.66282	0.00234	1	0.06221	-0.01438	0.65901	0.00409	1	1.45898	0.81042	0	
1246280	8406.19336	3304861525742	0.48733	0.25666	8406.06543	0.12793	11188	1	0.49559	0.18049	1	0.47727	0.40583	1	0.48643	0.29316	1	0.48290	0.53363	11.63495	1.00376	1	0.74645	0.56207	12.14845	1.00376	1	-0.00386	-0.00913	0.65089	0.00234	1	0.06175	-0.01423	0.65418	0.00409	1	1.45898	0.81042	0	
1246281	8406.19922	3304861591060	0.48746	0.25787	8406.06543	0.13379	11188	1	0.51233	0.17325	1	0.46772	0.39076	1	0.49002	0.28201	1	0.48296	0.53355	11.55448	1.00376	1	0.74627	0.56188	12.15755	1.00376	1	-0.00386	-0.00913	0.65089	0.00231	1	0.06175	-0.01423	0.65418	0.00412	1	1.45898	0.81042	0	
1246282	8406.20605	3304861659071	0.48788	0.25963	8406.06543	0.14062	11188	1	0.51219	0.19330	1	0.48106	0.39988	1	0.49663	0.29659	1	0.48300	0.53367	11.15589	1.00376	1	0.74643	0.56199	12.29138	1.00376	1	-0.00386	-0.00913	0.65089	0.00234	1	0.06175	-0.01423	0.65418	0.00405	1	1.45898	0.81042	0	
1246283	8406.21289	3304861726679	0.48823	0.26057	8406.06543	0.14746	11188	1	0.51013	0.17647	1	0.48183	0.38621	1	0.49598	0.28134	1	0.48289	0.53357	11.42472	1.02086	1	0.74643	0.56184	12.11574	1.02086	1	-0.00418	-0.00960	0.68786	0.00237	1	0.06175	-0.01423	0.65418	0.00411	1	1.45898	0.81042	0	
1246284	8406.21973	3304861793795	0.48830	0.26014	8406.06543	0.15430	11188	1	0.50101	0.16110	1	0.47904	0.33919	1	0.49003	0.25014	1	0.48294	0.53371	11.73807	1.03796	1	0.74639	0.56151	11.93010	1.03796	1	-0.00418	-0.00960	0.68786	0.00233	1	0.06175	-0.01423	0.65418	0.00420	1	1.45898	0.81042	0	
1246285	8406.22656	3304861860448	0.48815	0.25906	8406.06543	0.16113	11188	1	0.49261	0.14384	1	0.47646	0.32245	1	0.48453	0.23315	1	0.48293	0.53371	11.73613	1.05506	1	0.74639	0.56163	11.97350	1.05506	1	-0.00418	-0.00960	0.68786	0.00233	1	0.06175	-0.01423	0.65418	0.00417	1	1.45898	0.81042	0	
1246286	8406.23340	3304861927181	0.48801	0.25806	8406.06543	0.16797	11188	1	0.49261	0.14384	1	0.47646	0.32245	1	0.48453	0.23315	1	0.48307	0.53372	11.85690	1.05506	1	0.74617	0.56145	12.04503	1.05506	1	-0.00405	-0.00930	0.66699	0.00236	1	0.06175	-0.01423	0.65418	0.00414	1	1.45898	0.81042	0	
1246287	8406.24023	3304861994740	0.48820	0.25805	8406.06543	0.17480	11188	1	0.50567	0.16281	1	0.48066	0.35239	1	0.49317	0.25760	1	0.48300	0.53370	11.62709	1.03796	1	0.74646	0.56121	11.97716	1.03796	1	-0.00405	-0.00930	0.66699	0.00246	1	0.06175	-0.01423	0.65418	0.00424	1	1.45898	0.81042	0	
1246288	8406.24707	3304862061262	0.48817	0.25895	8406.06543	0.18164	11188	1	0.49887	0.17404	1	0.47580	0.39251	1	0.48733	0.28328	1	0.48292	0.53367	11.83226	1.02086	1	0.74636	0.56163	12.25774	1.02086	1	-0.00405	-0.00930	0.66699	0.00233	1	0.06175	-0.01423	0.65418	0.00406	1	1.45898	0.81042	0	
1246289	8406.25293	3304862129253	0.48816	0.26006	8406.06543	0.18750	11188	1	0.50004	0.18301	1	0.47544	0.39971	1	0.48774	0.29136	1	0.48286	0.53351	11.22568	1.01177	1	0.74626	0.56177	12.26984	1.01177	1	-0.00411	-0.00934	0.66924	0.00237	1	0.06175	-0.01423	0.65418	0.00403	1	1.45898	0.81042	0	
1246290	8406.25977	3304862196531	0.48787	0.26092	8406.06543	0.19434	11188	1	0.48770	0.16509	1	0.47145	0.40607	1	0.47957	0.28558	1	0.48279	0.53349	11.19275	1.01979	1	0.74628	0.56167	12.21150	1.01979	1	-0.00411	-0.00934	0.66924	0.00242	1	0.06175	-0.01423	0.65418	0.00414	1	1.45898	0.81042	0	
1246291	8406.26660	3304862262032	0.48806	0.26028	8406.06543	0.20117	11188	1	0.51267	0.14000	1	0.47496	0.34263	1	0.49381	0.24132	1	0.48272	0.53334	11.62089	1.02781	1	0.74631	0.56114	11.93844	1.02781	1	-0.00411	-0.00934	0.66924	0.00241	1	0.06175	-0.01423	0.65418	0.00426	1	1.45898	0.81042	0	
1246292	8406.27344	3304862328703	0.48821	0.25880	8406.06543	0.20801	11188	1	0.50947	0.11216	1	0.47630	0.31326	1	0.49288	0.21271	1	0.48181	0.53680	11.96338	1.05529	1	0.74503	0.56237	13.01169	1.06295	1	-0.00461	-0.01031	0.73152	0.00369	1	0.06485	-0.01503	0.68858	0.00395	1	1.45898	0.81042	0	
1246293	8406.28027	3304862396370	0.48790	0.25682	8406.06543	0.21484	11188	1	0.47877	0.08277	1	0.47697	0.30470	1	0.47787	0.19373	1	0.48121	0.53423	11.80501	1.08242	1	0.74483	0.56244	12.29252	1.09008	1	-0.00461	-0.01031	0.73152	0.00242	1	0.06485	-0.01503	0.68858	0.00384	1	1.45898	0.81042	0	
1246294	8406.28711	3304862463323	0.48973	0.25087	8406.06543	0.22168	11188	1	0.52593	0.05127	1	0.57425	0.05737	1	0.55009	0.05432	1	0.48113	0.53426	10.67744	1.10955	1	0.74537	0.55986	12.08262	1.11721	1	-0.00461	-0.01031	0.73152	0.00248	1	0.06485	-0.01503	0.68858	0.00258	1	1.45898	0.81042	0	
1246295	8406.29395	3304862530712	0.49764	0.21523	8406.06543	0.22168	11188	0	0.52517	0.04347	1	0.57517	0.04945	1	0.55017	0.04646	1	0.47649	0.53642	11.24860	1.11721	1	0.74020	0.56380	13.05526	1.12487	1	-0.00493	-0.00972	0.67141	0.00226	1	0.06291	-0.01495	0.67556	0.00363	1	1.45898	0.81042	0	
1246296	8406.29980	3304862597852	0.42074	0.26493	8406.06543	0.22168	11188	0	0.31322	0.23348	1	0.37445	0.39576	1	0.34383	0.31462	1	0.47609	0.53645	10.70276	1.10540	1	0.74012	0.56392	11.35933	1.10540	1	-0.00493	-0.00972	0.67141	0.00231	1	0.06291	-0.01495	0.67556	0.00392	1	1.45898	0.81042	0	
1246297	8406.30664	3304862664589	0.39290	0.28034	8406.06543	0.22168	11188	0	0.32630	0.17874	1	0.34816	0.44361	1	0.33723	0.31117	1	0.47592	0.53640	10.92005	1.08593	1	0.73972	0.56419	12.45859	1.08593	1	-0.00493	-0.00972	0.67141	0.00231	1	0.06291	-0.01495	0.67556	0.00373	1	1.45898	0.81042	0	
1246298	8406.31348	3304862727300	0.34051	0.31759	8406.06543	0.22168	11188	0	0.33125	0.19695	1	0.34967	0.45703	1	0.34046	0.32699	1	0.47464	0.53712	10.82903	1.06646	1	0.73816	0.56446	12.21261	1.06646	1	-0.00518	-0.00985	0.67718	0.00245	1	0.06431	-0.01538	0.69504	0.00399	1	1.45898	0.81042	0	
1246299	8406.32031	3304862798200	0.30472	0.33842	8406.06543	0.22168	11188	0	0.28102	0.27881	1	0.25685	0.43967	1	0.26894	0.35924	1	0.47457	0.53713	10.81728	1.06646	1	0.73807	0.56462	12.34219	1.06646	1	-0.00518	-0.00985	0.67718	0.00240	1	0.06431	-0.01538	0.69504	0.00401	1	1.45898	0.81042	0	
1246300	8406.32715	3304862865511	0.29064	0.35735	8406.06543	0.22168	11188	0	0.27729	0.29051	1	0.24764	0.49993	1	0.26247	0.39522	1	0.47449	0.53715	11.02799	1.06646	1	0.73804	0.56474	12.22101	1.06646	1	-0.00518	-0.00985	0.67718	0.00228	1	0.06431	-0.01538	0.69504	0.00397	1	1.45898	0.81042	0	
1246301	8406.33398	3304862932406	0.26462	0.38323	8406.06543	0.22168	11188	0	0.27729	0.29051	1	0.24764	0.49993	1	0.26247	0.39522	1	0.47432	0.53711	10.87979	1.06646	1	0.73811	0.56480	12.25539	1.06646	1	-0.00515	-0.00974	0.67319	0.00233	1	0.06431	-0.01538	0.69504	0.00386	1	1.45898	0.81042	0	
1246302	8406.34082	3304862999456	0.26452	0.36789	8406.06543	0.22168	11188	0	0.26218	0.27641	1	0.26663	0.42870	1	0.26441	0.35256	1	0.47426	0.53709	10.80834	1.06646	1	0.73827	0.56402	11.90111	1.06646	1	-0.00515	-0.00974	0.67319	0.00234	1	0.06431	-0.01538	0.69504	0.00390	1	1.45898	0.81042	0	
1246303	8406.34668	3304863066505	0.26201	0.37393	8406.06543	0.22168	11188	0	0.26142	0.28495	1	0.25258	0.48706	1	0.25700	0.38601	1	0.47420	0.53716	10.77220	1.06646	1	0.73803	0.56461	12.21314	1.06646	1	-0.00515	-0.00974	0.67319	0.00236	1	0.06431	-0.01538	0.69504	0.00387	1	1.45898	0.81042	0	
1246304	8406.35352	3304863132505	0.26124	0.37846	8406.33398	0.01953	11189	1	0.26393	0.29181	1	0.25391	0.49231	1	0.25892	0.39206	1	0.47401	0.53731	10.74169	1.05844	1	0.73813	0.56465	12.29764	1.05844	1	-0.00512	-0.00959	0.66264	0.00237	1	0.06431	-0.01538	0.69504	0.00382	1	1.45898	0.81042	0	
1246305	8406.36035	3304863200519	0.26328	0.37881	8406.33398	0.02637	11189	1	0.25822	0.30086	1	0.28468	0.45958	1	0.27145	0.38022	1	0.47410	0.53717	10.92445	1.05043	1	0.73818	0.56426	12.18845	1.05043	1	-0.00512	-0.00959	0.66264	0.00243	1	0.06431	-0.01538	0.69504	0.00394	1	1.45898	0.81042	0	
1246306	8406.36719	3304863267288	0.26710	0.38312	8406.33398	0.03320	11189	1	0.25780	0.32203	1	0.31461	0.48727	1	0.28620	0.40465	1	0.47410	0.53721	10.89370	1.04241	1	0.73828	0.56445	11.88855	1.04241	1	-0.00512	-0.00959	0.66264	0.00231	1	0.06431	-0.01538	0.69504	0.00391	1	1.45898	0.81042	0	
1246307	8406.37402	3304863334579	0.27008	0.38706	8406.33398	0.04004	11189	1	0.26041	0.32876	1	0.31551	0.49268	1	0.28796	0.41072	1	0.47391	0.53725	10.69030	1.03439	1	0.73804	0.56401	11.99987	1.03439	1	-0.00517	-0.00950	0.65608	0.00244	1	0.06431	-0.01543	0.69504	0.00393	1	1.45898	0.81042	0	
1246308	8406.38086	3304863401365	0.27222	0.38821	8406.33398	0.04688	11189	1	0.26842	0.31596	1	0.30601	0.47645	1	0.28721	0.39621	1	0.47384	0.53727	11.40161	1.03439	1	0.73803	0.56425	12.09539	1.03439	1	-0.00517	-0.00950	0.65608	0.00245	1	0.06431	-0.01543	0.69504	0.00401	1	1.45898	0.81042	0	
1246309	8406.38672	3304863465324	0.27351	0.38817	8406.33398	0.05273	11189	1	0.26297	0.31670	1	0.30463	0.45902	1	0.28380	0.38786	1	0.47380	0.53721	10.95849	1.03439	1	0.73805	0.56408	12.02585	1.03439	1	-0.00517	-0.00950	0.65608	0.00239	1	0.06431	-0.01543	0.69504	0.00400	1	1.45898	0.81042	0	
1246310	8406.39355	3304863531268	0.27436	0.38751	8406.33398	0.05957	11189	1	0.26038	0.30988	1	0.30366	0.45336	1	0.28202	0.38162	1	0.47375	0.53716	10.97762	1.04241	1	0.73804	0.56390	12.10363	1.04241	1	-0.00536	-0.00976	0.67428	0.00251	1	0.06431	-0.01538	0.69504	0.00388	1	1.45898	0.81042	0	
1246311	8406.40039	3304863600854	0.27428	0.38969	8406.33398	0.06641	11189	1	0.26673	0.30184	1	0.28035	0.52100	1	0.27354	0.41142	1	0.47379	0.53724	11.02144	1.05043	1	0.73772	0.56428	12.50197	1.05043	1	-0.00536	-0.00976	0.67428	0.00249	1	0.06431	-0.01538	0.69504	0.00363	1	1.45898	0.81042	0	
1246312	8406.40723	3304863666566	0.27355	0.39072	8406.33398	0.07324	11189	1	0.25860	0.28884	1	0.27235	0.51539	1	0.26548	0.40212	1	0.47381	0.53713	11.12445	1.05844	1	0.73767	0.56460	12.57513	1.05844	1	-0.00536	-0.00976	0.67428	0.00241	1	0.06431	-0.01538	0.69504	0.00373	1	1.45898	0.81042	0	
1246313	8406.41406	3304863732419	0.27283	0.39132	8406.33398	0.08008	11189	1	0.25605	0.28196	1	0.27230	0.51516	1	0.26417	0.39856	1	0.47347	0.53727	10.78026	1.06646	1	0.73762	0.56464	12.65902	1.05880	1	-0.00536	-0.00986	0.67428	0.00238	1	0.06114	-0.01463	0.66135	0.00376	1	1.45898	0.81042	0	
1246314	8406.42090	3304863801839	0.27269	0.39315	8406.33398	0.08691	11189	1	0.26989	0.29748	1	0.27196	0.53636	1	0.27092	0.41692	1	0.47358	0.53730	11.02684	1.05880	1	0.73760	0.56463	12.58594	1.05114	1	-0.00536	-0.00986	0.67428	0.00234	1	0.06114	-0.01463	0.66135	0.00389	1	1.45898	0.81042	0	
1246315	8406.42773	3304863868810	0.27286	0.39579	8406.33398	0.09375	11189	1	0.27306	0.31103	1	0.27737	0.55436	1	0.27522	0.43269	1	0.47365	0.53730	11.08114	1.05114	1	0.73761	0.56476	12.60881	1.04348	1	-0.00536	-0.00986	0.67428	0.00233	1	0.06114	-0.01463	0.66135	0.00387	1	1.45898	0.81042	0	
1246316	8406.43457	3304863937207	0.27312	0.39844	8406.33398	0.10059	11189	1	0.27544	0.31748	1	0.27850	0.55902	1	0.27697	0.43825	1	0.47363	0.53722	10.89625	1.04348	1	0.73764	0.56460	12.64653	1.03582	1	-0.00544	-0.00995	0.68403	0.00234	1	0.06191	-0.01484	0.67069	0.00386	1	1.45898	0.81042	0	
1246317	8406.44043	3304864002237	0.27338	0.40086	8406.33398	0.10645	11189	1	0.27024	0.31519	1	0.28496	0.56372	1	0.27760	0.43945	1	0.47350	0.53731	11.13932	1.03582	1	0.73771	0.56472	12.72019	1.03582	1	-0.00544	-0.00995	0.68403	0.00229	1	0.06191	-0.01484	0.67069	0.00368	1	1.45898	0.81042	0	
1246318	8406.44727	3304864067560	0.27389	0.40348	8406.33398	0.11328	11189	1	0.28272	0.32385	1	0.28245	0.57220	1	0.28258	0.44802	1	0.47362	0.53728	10.88265	1.03582	1	0.73774	0.56484	12.74979	1.03582	1	-0.00544	-0.00995	0.68403	0.00236	1	0.06191	-0.01484	0.67069	0.00371	1	1.45898	0.81042	0	
1246319	8406.45410	3304864133475	0.27445	0.40612	8406.33398	0.12012	11189	1	0.28518	0.33059	1	0.28360	0.57698	1	0.28439	0.45378	1	0.47348	0.53737	10.91956	1.02781	1	0.73769	0.56480	12.90602	1.02781	1	-0.00526	-0.00959	0.65575	0.00237	1	0.06191	-0.01484	0.67069	0.00384	1	1.45898	0.81042	0	
1246320	8406.46094	3304864204862	0.27367	0.40686	8406.33398	0.12695	11189	1	0.26369	0.32035	1	0.25438	0.52137	1	0.25903	0.42086	1	0.47329	0.53731	10.66140	1.01979	1	0.73727	0.56424	12.52897	1.01979	1	-0.00526	-0.00959	0.65575	0.00250	1	0.06191	-0.01484	0.67069	0.00415	1	1.45898	0.81042	0	
1246321	8406.46777	3304864272255	0.27407	0.40711	8406.33398	0.13379	11189	1	0.25502	0.34613	1	0.30913	0.47820	1	0.28208	0.41217	1	0.47311	0.53735	10.89194	1.01177	1	0.73726	0.56455	12.29381	1.01177	1	-0.00526	-0.00959	0.65575	0.00242	1	0.06191	-0.01484	0.67069	0.00408	1	1.45898	0.81042	0	
1246322	8406.47461	3304864338986	0.27452	0.40762	8406.33398	0.14062	11189	1	0.25775	0.35287	1	0.31009	0.48384	1	0.28392	0.41835	1	0.47276	0.53751	10.84476	1.00376	1	0.73695	0.56417	12.36508	1.00376	1	-0.00537	-0.00966	0.65731	0.00247	1	0.06081	-0.01460	0.65992	0.00380	1	1.45898	0.81042	0	
1246323	8406.48145	3304864405788	0.27426	0.40787	8406.33398	0.14746	11189	1	0.24746	0.36659	1	0.28957	0.45990	1	0.26851	0.41325	1	0.47254	0.53765	10.86982	1.00376	1	0.73701	0.56436	12.39585	1.00376	1	-0.00537	-0.00966	0.65731	0.00229	1	0.06081	-0.01460	0.65992	0.00381	1	1.45898	0.81042	0	
1246324	8406.48730	3304864472823	0.27390	0.40835	8406.33398	0.15332	11189	1	0.24535	0.37580	1	0.28573	0.46309	1	0.26554	0.41945	1	0.47245	0.53755	11.28933	1.00376	1	0.73694	0.56440	12.44431	1.00376	1	-0.00537	-0.00966	0.65731	0.00237	1	0.06081	-0.01460	0.65992	0.00382	1	1.45898	0.81042	0	
1246325	8406.49414	3304864540257	0.27348	0.40855	8406.33398	0.16016	11189	1	0.24253	0.36925	1	0.28458	0.45730	1	0.26356	0.41328	1	0.47261	0.53765	10.50978	1.01177	1	0.73694	0.56440	12.44431	1.01177	1	-0.00561	-0.01000	0.68055	0.00240	1	0.06081	-0.01460	0.65992	0.00382	1	1.45898	0.81042	0	
1246326	8406.50098	3304864607571	0.27328	0.40768	8406.33398	0.16699	11189	1	0.24138	0.35609	1	0.29511	0.41594	1	0.26824	0.38601	1	0.47254	0.53745	11.10080	1.01979	1	0.73703	0.56411	12.37866	1.01979	1	-0.00561	-0.01000	0.68055	0.00244	1	0.06081	-0.01460	0.65992	0.00374	1	1.45898	0.81042	0	
1246327	8406.50781	3304864674238	0.27309	0.40752	8406.33398	0.17383	11189	1	0.24284	0.35211	1	0.29321	0.45432	1	0.26802	0.40322	1	0.47255	0.53753	10.66597	1.02781	1	0.73704	0.56412	12.36003	1.02781	1	-0.00561	-0.01000	0.68055	0.00238	1	0.06081	-0.01460	0.65992	0.00375	1	1.45898	0.81042	0	
1246328	8406.51465	3304864741462	0.27289	0.40726	8406.33398	0.18066	11189	1	0.24284	0.35211	1	0.29219	0.44885	1	0.26751	0.40048	1	0.47239	0.53742	10.80953	1.02781	1	0.73704	0.56412	12.36003	1.03547	1	-0.00537	-0.00966	0.65731	0.00239	1	0.06301	-0.01514	0.68432	0.00375	1	1.45898	0.81042	0	
1246329	8406.52148	3304864807934	0.27243	0.40724	8406.33398	0.18750	11189	1	0.23421	0.33439	1	0.28506	0.47893	1	0.25964	0.40666	1	0.47242	0.53746	10.69178	1.02745	1	0.73698	0.56422	12.22594	1.03511	1	-0.00537	-0.00966	0.65731	0.00240	1	0.06301	-0.01514	0.68432	0.00374	1	1.45898	0.81042	0	
1246330	8406.52832	3304864875011	0.27232	0.40774	8406.33398	0.19434	11189	1	0.24707	0.35124	1	0.29085	0.49331	1	0.26896	0.42227	1	0.47242	0.53750	11.26227	1.02709	1	0.73707	0.56438	12.48572	1.03475	1	-0.00537	-0.00966	0.65731	0.00235	1	0.06301	-0.01514	0.68432	0.00369	1	1.45898	0.81042	0	
1246331	8406.53418	3304864941784	0.27215	0.40803	8406.33398	0.20020	11189	1	0.24446	0.34493	1	0.28982	0.48816	1	0.26714	0.41655	1	0.47244	0.53764	10.98763	1.03475	1	0.73704	0.56436	12.41058	1.04241	1	-0.00561	-0.01000	0.68055	0.00233	1	0.06301	-0.01514	0.68432	0.00375	1	1.45898	0.81042	0	
1246332	8406.54102	3304865008675	0.27154	0.40816	8406.33398	0.20703	11189	1	0.21226	0.34804	1	0.29301	0.47622	1	0.25264	0.41213	1	0.47229	0.53765	10.27066	1.05043	1	0.73713	0.56430	12.47875	1.05043	1	-0.00561	-0.01000	0.68055	0.00245	1	0.06301	-0.01514	0.68432	0.00372	1	1.45898	0.81042	0	
1246333	8406.54785	3304865075660	0.27095	0.40827	8406.33398	0.21387	11189	1	0.21360	0.31354	1	0.29031	0.51051	1	0.25195	0.41202	1	0.47224	0.53744	10.73458	1.05844	1	0.73713	0.56430	12.47875	1.05844	1	-0.00561	-0.01000	0.68055	0.00243	1	0.06301	-0.01514	0.68432	0.00371	1	1.45898	0.81042	0	
1246334	8406.55469	3304865142514	0.27033	0.40821	8406.33398	0.22070	11189	1	0.21075	0.30683	1	0.28925	0.50537	1	0.25000	0.40610	1	0.47248	0.53763	10.50867	1.06646	1	0.73707	0.56442	12.18432	1.06646	1	-0.00561	-0.01000	0.68055	0.00239	1	0.06301	-0.01514	0.68432	0.00374	1	1.45898	0.81042	0	
1246335	8406.56152	3304865208643	0.26993	0.40858	8406.33398	0.22754	11189	1	0.23385	0.32592	1	0.27881	0.51658	1	0.25633	0.42125	1	0.47225	0.53760	10.60220	1.06646	1	0.73697	0.56452	12.34163	1.06646	1	-0.00561	-0.01000	0.68055	0.00244	1	0.06301	-0.01514	0.68432	0.00372	1	1.45898	0.81042	0	
1246336	8406.56836	3304865276849	0.26988	0.40752	8406.33398	0.23438	11189	1	0.25246	0.28949	1	0.28408	0.45107	1	0.26827	0.37028	1	0.47248	0.53763	10.50867	1.06646	1	0.73713	0.56426	12.15665	1.06646	1	-0.00561	-0.01000	0.68055	0.00239	1	0.06301	-0.01514	0.68432	0.00368	1	1.45898	0.81042	0	
1246337	8406.57520	3304865344463	0.26984	0.40651	8406.33398	0.24121	11189	1	0.25246	0.28949	1	0.28408	0.45107	1	0.26827	0.37028	1	0.47222	0.53754	10.60446	1.06646	1	0.73696	0.56410	11.96106	1.06646	1	-0.00561	-0.01000	0.68055	0.00244	1	0.06301	-0.01514	0.68432	0.00395	1	1.45898	0.81042	0	
1246338	8406.58203	3304865411626	0.26945	0.40537	8406.33398	0.24805	11189	1	0.23784	0.31745	1	0.27194	0.40910	1	0.25489	0.36328	1	0.47231	0.53766	11.44329	1.06646	1	0.73680	0.56386	11.67519	1.06646	1	-0.00561	-0.01000	0.68055	0.00235	1	0.06301	-0.01514	0.68432	0.00396	1	1.45898	0.81042	0	
1246339	8406.58789	3304865477552	0.26929	0.40507	8406.33398	0.25391	11189	1	0.23957	0.33526	1	0.28732	0.45156	1	0.26344	0.39341	1	0.47227	0.53769	10.48979	1.06646	1	0.73710	0.56427	12.11426	1.06646	1	-0.00561	-0.01000	0.68055	0.00239	1	0.06301	-0.01514	0.68432	0.00389	1	1.45898	0.81042	0	
1246340	8406.59473	3304865543517	0.26916	0.40484	8406.33398	0.26074	11189	1	0.23957	0.33526	1	0.28834	0.45685	1	0.26396	0.39606	1	0.47221	0.53778	10.53175	1.06646	1	0.73667	0.56455	12.57401	1.05880	1	-0.00561	-0.01000	0.68055	0.00237	1	0.06081	-0.01462	0.66098	0.00383	1	1.45898	0.81042	0	
1246341	8406.60156	3304865612490	0.26878	0.40583	8406.33398	0.26758	11189	1	0.23257	0.34614	1	0.27471	0.54453	1	0.25364	0.44533	1	0.47216	0.53774	10.31034	1.05880	1	0.73693	0.56469	11.93493	1.05114	1	-0.00561	-0.01000	0.68055	0.00236	1	0.06081	-0.01462	0.66098	0.00379	1	1.45898	0.81042	0	
1246342	8406.60840	3304865678705	0.26849	0.40641	8406.33398	0.27441	11189	1	0.24059	0.34095	1	0.27238	0.51925	1	0.25649	0.43010	1	0.47228	0.53763	10.30294	1.05114	1	0.73676	0.56485	11.79583	1.04348	1	-0.00561	-0.01000	0.68055	0.00245	1	0.06081	-0.01462	0.66098	0.00385	1	1.45898	0.81042	0	
1246343	8406.61523	3304865744665	0.26825	0.40709	8406.33398	0.28125	11189	1	0.24319	0.34719	1	0.27354	0.52416	1	0.25836	0.43568	1	0.47222	0.53769	10.33698	1.04348	1	0.73663	0.56508	11.73219	1.03582	1	-0.00561	-0.01000	0.68055	0.00239	1	0.06081	-0.01462	0.66098	0.00389	1	1.45898	0.81042	0	
1246344	8406.62207	3304865813160	0.26772	0.40748	8406.33398	0.28809	11189	1	0.24096	0.36275	1	0.24905	0.48629	1	0.24500	0.42452	1	0.47220	0.53768	10.35950	1.03582	1	0.73636	0.56443	12.02696	1.03582	1	-0.00561	-0.01000	0.68055	0.00240	1	0.06081	-0.01462	0.66098	0.00402	1	1.45898	0.81042	0	
1246345	8406.62793	3304865878322	0.26744	0.40775	8406.33398	0.29395	11189	1	0.23560	0.31369	1	0.27437	0.52543	1	0.25498	0.41956	1	0.47221	0.53763	10.41320	1.03582	1	0.73681	0.56484	11.76628	1.03582	1	-0.00561	-0.01000	0.68055	0.00249	1	0.06081	-0.01462	0.66098	0.00375	1	1.45898	0.81042	0	
1246346	8406.63477	3304865947160	0.26717	0.40801	8406.33398	0.30078	11189	1	0.23560	0.31369	1	0.27437	0.52543	1	0.25498	0.41956	1	0.47227	0.53758	10.09624	1.03582	1	0.73671	0.56493	11.63210	1.03582	1	-0.00561	-0.01000	0.68055	0.00251	1	0.06081	-0.01462	0.66098	0.00383	1	1.45898	0.81042	0	
1246347	8406.64160	3304866013226	0.26669	0.40763	8406.33398	0.30762	11189	1	0.23483	0.35079	1	0.25444	0.42942	1	0.24463	0.39011	1	0.47214	0.53765	10.16881	1.03582	1	0.73641	0.56412	12.08096	1.03582	1	-0.00561	-0.01000	0.68055	0.00242	1	0.06081	-0.01462	0.66098	0.00404	1	1.45898	0.81042	0	
1246348	8406.64844	3304866080458	0.26650	0.40779	8406.33398	0.31445	11189	1	0.25097	0.36584	1	0.26392	0.46501	1	0.25745	0.41542	1	0.47226	0.53773	10.26601	1.03582	1	0.73657	0.56470	11.54179	1.03582	1	-0.00561	-0.01000	0.68055	0.00245	1	0.06081	-0.01462	0.66098	0.00387	1	1.45898	0.81042	0	
1246349	8406.65527	3304866147987	0.26635	0.40846	8406.33398	0.32129	11189	1	0.25097	0.36584	1	0.26392	0.46501	1	0.25745	0.41542	1	0.47226	0.53768	10.37058	1.03582	1	0.73659	0.56474	11.62098	1.03582	1	-0.00556	-0.00996	0.67422	0.00244	1	0.06081	-0.01462	0.66098	0.00375	1	1.45898	0.81042	0	
1246350	8406.66211	3304866214391	0.26622	0.41048	8406.33398	0.32812	11189	1	0.24222	0.36743	1	0.27408	0.53181	1	0.25815	0.44962	1	0.47216	0.53778	10.37068	1.03582	1	0.73679	0.56483	11.80431	1.03582	1	-0.00556	-0.00996	0.67422	0.00237	1	0.06081	-0.01462	0.66098	0.00375	1	1.45898	0.81042	0	
1246351	8406.66895	3304866281449	0.26597	0.41147	8406.33398	0.33496	11189	1	0.23918	0.35989	1	0.25075	0.50652	1	0.24496	0.43321	1	0.47216	0.53773	10.31997	1.03582	1	0.73648	0.56525	12.23229	1.03582	1	-0.00556	-0.00996	0.67422	0.00239	1	0.06081	-0.01462	0.66098	0.00382	1	1.45898	0.81042	0	
1246352	8406.67480	3304866345036	0.26568	0.41232	8406.33398	0.34082	11189	1	0.23918	0.35989	1	0.25075	0.50652	1	0.24496	0.43321	1	0.47214	0.53777	10.46777	1.03582	1	0.73633	0.56453	12.17513	1.03582	1	-0.00561	-0.01000	0.68055	0.00234	1	0.06081	-0.01462	0.66098	0.00381	1	1.45898	0.81042	0	
1246353	8406.68164	3304866413111	0.26498	0.41320	8406.33398	0.34766	11189	1	0.23516	0.37535	1	0.24096	0.46894	1	0.23806	0.42215	1	0.47212	0.53790	10.22716	1.03582	1	0.73625	0.56464	12.42414	1.03582	1	-0.00561	-0.01000	0.68055	0.00249	1	0.06081	-0.01462	0.66098	0.00378	1	1.45898	0.81042	0	
1246354	8406.68848	3304866478923	0.26402	0.41331	8406.33398	0.35449	11189	1	0.23586	0.36631	1	0.24460	0.45355	1	0.24023	0.40993	1	0.47202	0.53779	10.30400	1.03582	1	0.73625	0.56459	12.39639	1.03582	1	-0.00561	-0.01000	0.68055	0.00229	1	0.06081	-0.01462	0.66098	0.00379	1	1.45898	0.81042	0	
1246355	8406.69531	3304866544721	0.26302	0.41324	8406.33398	0.36133	11189	1	0.23586	0.36631	1	0.24323	0.44814	1	0.23955	0.40723	1	0.47206	0.53777	10.47330	1.03582	1	0.73609	0.56512	12.31377	1.04348	1	-0.00556	-0.00996	0.67422	0.00229	1	0.06316	-0.01520	0.68702	0.00369	1	1.45898	0.81042	0	
1246356	8406.70215	3304866614347	0.26193	0.41398	8406.33398	0.36816	11189	1	0.23745	0.35901	1	0.23301	0.50534	1	0.23523	0.43218	1	0.47215	0.53783	10.23308	1.04348	1	0.73619	0.56529	12.32883	1.05114	1	-0.00556	-0.00996	0.67422	0.00241	1	0.06316	-0.01520	0.68702	0.00360	1	1.45898	0.81042	0	
1246357	8406.70801	3304866679801	0.26081	0.41461	8406.33398	0.37402	11189	1	0.23031	0.35773	1	0.22939	0.47789	1	0.22985	0.41781	1	0.47204	0.53786	10.23592	1.05114	1	0.73610	0.56510	12.08819	1.05880	1	-0.00556	-0.00996	0.67422	0.00232	1	0.06316	-0.01520	0.68702	0.00373	1	1.45898	0.81042	0	
1246358	8406.71484	3304866746071	0.25969	0.41530	8406.33398	0.38086	11189	1	0.22766	0.35161	1	0.22939	0.47789	1	0.22852	0.41475	1	0.47225	0.53789	10.25124	1.05880	1	0.73633	0.56492	12.46987	1.05880	1	-0.00561	-0.01000	0.68055	0.00221	1	0.06067	-0.01464	0.65948	0.00362	1	1.45898	0.81042	0	
1246359	8406.72266	3304866818252	0.25907	0.41516	8406.33398	0.38867	11189	1	0.23792	0.34800	1	0.24886	0.46142	1	0.24339	0.40471	1	0.47231	0.53784	10.36470	1.05880	1	0.73646	0.56490	12.57034	1.05114	1	-0.00561	-0.01000	0.68055	0.00225	1	0.06067	-0.01464	0.65948	0.00369	1	1.45898	0.81042	0	
1246360	8406.72852	3304866881736	0.25852	0.41548	8406.33398	0.39453	11189	1	0.23012	0.34108	1	0.24851	0.49436	1	0.23932	0.41772	1	0.47218	0.53775	10.22202	1.05114	1	0.73639	0.56503	12.48107	1.04348	1	-0.00561	-0.01000	0.68055	0.00241	1	0.06067	-0.01464	0.65948	0.00360	1	1.45898	0.81042	0	
1246361	8406.73535	3304866949134	0.25804	0.41600	8406.33398	0.40137	11189	1	0.23278	0.34732	1	0.24984	0.49944	1	0.24131	0.42338	1	0.47218	0.53775	10.22202	1.04348	1	0.73657	0.56494	12.40835	1.03582	1	-0.00561	-0.01000	0.68055	0.00241	1	0.06081	-0.01462	0.66098	0.00367	1	1.45898	0.81042	0	
1246362	8406.74219	3304867017792	0.25765	0.41602	8406.33398	0.40820	11189	1	0.24642	0.36496	1	0.25772	0.47048	1	0.25207	0.41772	1	0.47224	0.53783	9.90289	1.03582	1	0.73647	0.56481	12.52484	1.03582	1	-0.00561	-0.01000	0.68055	0.00233	1	0.06081	-0.01462	0.66098	0.00369	1	1.45898	0.81042	0	
1246363	8406.74902	3304867085302	0.25736	0.41579	8406.33398	0.41504	11189	1	0.24568	0.37297	1	0.27655	0.47090	1	0.26112	0.42194	1	0.47228	0.53789	10.13481	1.03582	1	0.73677	0.56481	11.78335	1.03582	1	-0.00561	-0.01000	0.68055	0.00230	1	0.06081	-0.01462	0.66098	0.00366	1	1.45898	0.81042	0	
1246364	8406.75586	3304867152607	0.25703	0.41545	8406.33398	0.42188	11189	1	0.24568	0.37297	1	0.27655	0.47090	1	0.26112	0.42194	1	0.47230	0.53780	9.96300	1.03582	1	0.73668	0.56505	11.73485	1.03582	1	-0.00561	-0.01000	0.68055	0.00226	1	0.06081	-0.01462	0.66098	0.00368	1	1.45898	0.81042	0	
1246365	8406.76270	3304867219215	0.25654	0.41484	8406.33398	0.42871	11189	1	0.24484	0.36345	1	0.26341	0.45644	1	0.25413	0.40994	1	0.47230	0.53780	9.96300	1.03582	1	0.73656	0.56474	12.22358	1.03582	1	-0.00561	-0.01000	0.68055	0.00227	1	0.06081	-0.01462	0.66098	0.00372	1	1.45898	0.81042	0	
1246366	8406.76855	3304867284524	0.25605	0.41453	8406.33398	0.43457	11189	1	0.25081	0.36705	1	0.26724	0.49911	1	0.25903	0.43308	1	0.47233	0.53783	9.77600	1.03582	1	0.73670	0.56516	11.60102	1.03582	1	-0.00561	-0.01000	0.68055	0.00229	1	0.06081	-0.01462	0.66098	0.00362	1	1.45898	0.81042	0	
1246367	8406.77539	3304867352772	0.25552	0.41410	8406.33398	0.44141	11189	1	0.25081	0.36705	1	0.26724	0.49911	1	0.25903	0.43308	1	0.47221	0.53786	10.16447	1.03582	1	0.73671	0.56504	11.50761	1.03582	1	-0.00561	-0.01000	0.68055	0.00220	1	0.06081	-0.01462	0.66098	0.00366	1	1.45898	0.81042	0	
1246368	8406.78223	3304867417232	0.25546	0.41429	8406.33398	0.44824	11189	1	0.23975	0.37341	1	0.27272	0.48647	1	0.25623	0.42994	1	0.47216	0.53801	9.98251	1.03582	1	0.73676	0.56496	11.69312	1.03582	1	-0.00561	-0.01000	0.68055	0.00223	1	0.06081	-0.01462	0.66098	0.00363	1	1.45898	0.81042	0	
1246369	8406.78906	3304867483924	0.25489	0.41468	8406.33398	0.45508	11189	1	0.24121	0.37096	1	0.26847	0.49113	1	0.25484	0.43105	1	0.47215	0.53793	10.08910	1.03582	1	0.73667	0.56503	11.48762	1.03582	1	-0.00561	-0.01000	0.68055	0.00225	1	0.06081	-0.01462	0.66098	0.00363	1	1.45898	0.81042	0	
1246370	8406.79590	3304867549728	0.25428	0.41489	8406.33398	0.46191	11189	1	0.24121	0.37096	1	0.26728	0.48599	1	0.25424	0.42847	1	0.47211	0.53798	9.93452	1.03582	1	0.73665	0.56490	11.26464	1.04348	1	-0.00561	-0.01000	0.68055	0.00222	1	0.06277	-0.01516	0.68285	0.00360	1	1.45898	0.81042	0	
1246371	8406.80273	3304867619581	0.25360	0.41541	8406.33398	0.46875	11189	1	0.22597	0.37082	1	0.24615	0.50557	1	0.23606	0.43820	1	0.47194	0.53792	10.08564	1.04348	1	0.73644	0.56529	11.69382	1.05114	1	-0.00561	-0.01000	0.68055	0.00228	1	0.06277	-0.01516	0.68285	0.00362	1	1.45898	0.81042	0	
1246372	8406.80859	3304867684835	0.25319	0.41561	8406.33398	0.47461	11189	1	0.23385	0.36987	1	0.25760	0.48810	1	0.24572	0.42898	1	0.47198	0.53795	10.08934	1.05114	1	0.73653	0.56511	11.83461	1.05880	1	-0.00561	-0.01000	0.68055	0.00231	1	0.06277	-0.01516	0.68285	0.00359	1	1.45898	0.81042	0	
1246373	8406.81543	3304867753653	0.25277	0.41582	8406.33398	0.48145	11189	1	0.23121	0.36384	1	0.25636	0.48305	1	0.24378	0.42345	1	0.47216	0.53796	10.09251	1.05880	1	0.73644	0.56486	11.58580	1.06646	1	-0.00556	-0.00996	0.67422	0.00217	1	0.06277	-0.01516	0.68285	0.00375	1	1.45898	0.81042	0	
1246374	8406.82324	3304867822811	0.25201	0.41652	8406.33398	0.48926	11189	1	0.23071	0.34653	1	0.23200	0.49245	1	0.23135	0.41949	1	0.47215	0.53793	10.08910	1.06646	1	0.73624	0.56514	11.86229	1.06646	1	-0.00556	-0.00996	0.67422	0.00226	1	0.06277	-0.01516	0.68285	0.00366	1	1.45898	0.81042	0	
1246375	8406.82910	3304867888322	0.25134	0.41683	8406.33398	0.49512	11189	1	0.22968	0.35537	1	0.24236	0.48102	1	0.23602	0.41820	1	0.47218	0.53794	9.76102	1.06646	1	0.73638	0.56507	11.43688	1.06646	1	-0.00556	-0.00996	0.67422	0.00220	1	0.06277	-0.01516	0.68285	0.00385	1	1.45898	0.81042	0	
1246376	8406.83594	3304867952581	0.25068	0.41720	8406.33398	0.50195	11189	1	0.22968	0.35537	1	0.24236	0.48102	1	0.23602	0.41820	1	0.47211	0.53787	9.55711	1.06646	1	0.73617	0.56453	11.90610	1.06646	1	-0.00556	-0.00996	0.67422	0.00220	1	0.06277	-0.01516	0.68285	0.00390	1	1.45898	0.81042	0	
1246377	8406.84277	3304868022498	0.24980	0.41746	8406.33398	0.50879	11189	1	0.20750	0.35806	1	0.22707	0.48039	1	0.21729	0.41922	1	0.47190	0.53797	9.59548	1.06646	1	0.73616	0.56505	11.97739	1.06646	1	-0.00556	-0.00996	0.67422	0.00229	1	0.06277	-0.01516	0.68285	0.00369	1	1.45898	0.81042	0	
1246378	8406.84961	3304868090958	0.24893	0.41727	8406.33398	0.51562	11189	1	0.22173	0.35493	1	0.23262	0.47150	1	0.22718	0.41321	1	0.47208	0.53791	9.46352	1.06646	1	0.73619	0.56514	12.14054	1.06646	1	-0.00556	-0.00996	0.67422	0.00230	1	0.06277	-0.01516	0.68285	0.00370	1	1.45898	0.81042	0	
1246379	8406.85645	3304868157192	0.24810	0.41720	8406.33398	0.52246	11189	1	0.22173	0.35493	1	0.23262	0.47150	1	0.22718	0.41321	1	0.47217	0.53794	9.99684	1.06646	1	0.73614	0.56492	11.97416	1.06646	1	-0.00556	-0.00996	0.67422	0.00228	1	0.06158	-0.01492	0.66985	0.00386	1	1.45898	0.81042	0	
1246380	8406.86328	3304868224352	0.24741	0.41648	8406.33398	0.52930	11189	1	0.21288	0.35407	1	0.22598	0.40038	1	0.21943	0.37722	1	0.47190	0.53795	10.22688	1.06646	1	0.73605	0.56430	11.65743	1.06646	1	-0.00556	-0.00996	0.67422	0.00225	1	0.06158	-0.01492	0.66985	0.00408	1	1.45898	0.81042	0	
1246381	8406.86914	3304868290184	0.24695	0.41640	8406.33398	0.53516	11189	1	0.21823	0.36774	1	0.24210	0.44931	1	0.23017	0.40853	1	0.47202	0.53797	10.41247	1.06646	1	0.73629	0.56489	11.82357	1.06646	1	-0.00556	-0.00996	0.67422	0.00228	1	0.06158	-0.01492	0.66985	0.00382	1	1.45898	0.81042	0	
1246382	8406.87598	3304868357891	0.24654	0.41645	8406.33398	0.54199	11189	1	0.21823	0.36774	1	0.24210	0.44931	1	0.23017	0.40853	1	0.47182	0.53794	10.28132	1.06646	1	0.73617	0.56495	12.02756	1.06646	1	-0.00556	-0.00996	0.67422	0.00218	1	0.06277	-0.01516	0.68285	0.00383	1	1.45898	0.81042	0	
1246383	8406.88281	3304868424828	0.24610	0.41656	8406.33398	0.54883	11189	1	0.23002	0.36379	1	0.24070	0.48878	1	0.23536	0.42629	1	0.47216	0.53803	9.78074	1.06646	1	0.73630	0.56513	12.16444	1.06646	1	-0.00556	-0.00996	0.67422	0.00230	1	0.06277	-0.01516	0.68285	0.00361	1	1.45898	0.81042	0	
1246384	8406.88965	3304868492509	0.24513	0.41724	8406.33398	0.55566	11189	1	0.20945	0.37168	1	0.23413	0.43467	1	0.22179	0.40317	1	0.47187	0.53816	9.93415	1.06646	1	0.73616	0.56465	11.86886	1.06646	1	-0.00556	-0.00996	0.67422	0.00224	1	0.06277	-0.01516	0.68285	0.00391	1	1.45898	0.81042	0	
1246385	8406.89648	3304868558807	0.24416	0.41793	8406.33398	0.56250	11189	1	0.20945	0.37168	1	0.23413	0.43467	1	0.22179	0.40317	1	0.47199	0.53831	9.70987	1.06646	1	0.73640	0.56490	11.53373	1.06646	1	-0.00556	-0.00996	0.67422	0.00220	1	0.06158	-0.01492	0.66985	0.00389	1	1.45898	0.81042	0	
1246386	8406.90332	3304868625538	0.24363	0.41804	8406.33398	0.56934	11189	1	0.23084	0.29158	1	0.22798	0.44607	1	0.22941	0.36883	1	0.47212	0.53815	9.71117	1.06646	1	0.73614	0.56487	12.02506	1.06646	1	-0.00556	-0.00996	0.67422	0.00218	1	0.06158	-0.01492	0.66985	0.00392	1	1.45898	0.81042	0	
1246387	8406.91016	3304868692660	0.24323	0.41798	8406.33398	0.57617	11189	1	0.24069	0.29752	1	0.24736	0.48346	1	0.24402	0.39049	1	0.47219	0.53825	9.40097	1.06646	1	0.73639	0.56512	11.55699	1.06646	1	-0.00556	-0.00996	0.67422	0.00224	1	0.06158	-0.01492	0.66985	0.00383	1	1.45898	0.81042	0	
1246388	8406.91699	3304868760586	0.24281	0.41787	8406.33398	0.58301	11189	1	0.24069	0.29752	1	0.24736	0.48346	1	0.24402	0.39049	1	0.47212	0.53845	9.83277	1.06646	1	0.73634	0.56561	11.75182	1.06646	1	-0.00556	-0.00996	0.67422	0.00217	1	0.06277	-0.01526	0.68285	0.00362	1	1.45898	0.81042	0	
1246389	8406.92285	3304868825139	0.24226	0.41781	8406.33398	0.58887	11189	1	0.21170	0.39788	1	0.24255	0.48747	1	0.22712	0.44268	1	0.47196	0.53840	10.19778	1.06646	1	0.73638	0.56524	11.97808	1.06646	1	-0.00556	-0.00996	0.67422	0.00220	1	0.06277	-0.01526	0.68285	0.00372	1	1.45898	0.81042	0	
1246390	8406.92969	3304868893899	0.24161	0.41777	8406.33398	0.59570	11189	1	0.22043	0.34574	1	0.23035	0.51044	1	0.22539	0.42809	1	0.47198	0.53843	10.09067	1.06646	1	0.73620	0.56537	12.35614	1.06646	1	-0.00556	-0.00996	0.67422	0.00220	1	0.06277	-0.01526	0.68285	0.00368	1	1.45898	0.81042	0	
1246391	8406.93652	3304868960569	0.24097	0.41773	8406.33398	0.60254	11189	1	0.22323	0.35215	1	0.23184	0.51552	1	0.22754	0.43383	1	0.47187	0.53848	10.06392	1.05844	1	0.73617	0.56564	12.71706	1.05844	1	-0.00552	-0.00985	0.66305	0.00228	1	0.06277	-0.01526	0.68285	0.00355	1	1.45898	0.81042	0	
1246392	8406.94336	3304869027531	0.24105	0.41790	8406.33398	0.60938	11189	1	0.22503	0.36332	1	0.27220	0.50148	1	0.24862	0.43240	1	0.47197	0.53829	9.91244	1.05043	1	0.73607	0.56515	12.33347	1.05043	1	-0.00552	-0.00985	0.66305	0.00219	1	0.06277	-0.01526	0.68285	0.00380	1	1.45898	0.81042	0	
1246393	8406.95020	3304869094270	0.24103	0.41876	8406.33398	0.61621	11189	1	0.22359	0.41131	1	0.28488	0.51100	1	0.25423	0.46116	1	0.47187	0.53844	10.04136	1.04241	1	0.73620	0.56519	12.52959	1.04241	1	-0.00552	-0.00985	0.66305	0.00224	1	0.06277	-0.01526	0.68285	0.00350	1	1.45898	0.81042	0	
1246394	8406.95703	3304869162154	0.24106	0.41975	8406.33398	0.62305	11189	1	0.22647	0.41735	1	0.28600	0.51622	1	0.25623	0.46678	1	0.47175	0.53849	10.39314	1.03439	1	0.73612	0.56524	12.23951	1.03439	1	-0.00567	-0.00988	0.66876	0.00226	1	0.06277	-0.01526	0.68285	0.00355	1	1.45898	0.81042	0	
1246395	8406.96387	3304869229201	0.24097	0.42054	8406.33398	0.62988	11189	1	0.20575	0.33242	1	0.27476	0.52414	1	0.24026	0.42828	1	0.47162	0.53837	9.93488	1.03439	1	0.73611	0.56533	12.22406	1.03439	1	-0.00567	-0.00988	0.66876	0.00225	1	0.06277	-0.01526	0.68285	0.00351	1	1.45898	0.81042	0	
1246396	8406.96973	3304869295784	0.24087	0.42131	8406.33398	0.63574	11189	1	0.23235	0.38613	1	0.27330	0.51883	1	0.25282	0.45248	1	0.47162	0.53850	9.90748	1.03439	1	0.73615	0.56533	12.25687	1.03439	1	-0.00567	-0.00988	0.66876	0.00226	1	0.06277	-0.01526	0.68285	0.00351	1	1.45898	0.81042	0	
1246397	8406.97656	3304869362468	0.24074	0.42202	8406.33398	0.64258	11189	1	0.22952	0.37985	1	0.27324	0.51859	1	0.25138	0.44922	1	0.47177	0.53843	10.20414	1.04241	1	0.73625	0.56527	12.11696	1.03475	1	-0.00584	-0.01015	0.68362	0.00226	1	0.06088	-0.01486	0.66281	0.00347	1	1.45898	0.81042	0	
1246398	8406.98340	3304869429771	0.24088	0.42191	8406.33398	0.64941	11189	1	0.24339	0.33357	1	0.28597	0.55546	1	0.26468	0.44452	1	0.47172	0.53850	10.14266	1.04277	1	0.73627	0.56576	12.66432	1.03511	1	-0.00584	-0.01015	0.68362	0.00222	1	0.06088	-0.01486	0.66281	0.00346	1	1.45898	0.81042	0	
1246399	8406.99023	3304869495596	0.24138	0.42222	8406.33398	0.65625	11189	1	0.25771	0.32704	1	0.28036	0.56906	1	0.26903	0.44805	1	0.47177	0.53852	10.41612	1.04313	1	0.73622	0.56584	12.70707	1.03547	1	-0.00584	-0.01015	0.68362	0.00224	1	0.06088	-0.01486	0.66281	0.00346	1	1.45898	0.81042	0	
1246400	8406.99609	3304869559832	0.24188	0.42252	8406.33398	0.66211	11189	1	0.25759	0.32674	1	0.28031	0.56885	1	0.26895	0.44779	1	0.47170	0.53837	9.89407	1.04348	1	0.73639	0.56581	13.14082	1.03582	1	-0.00584	-0.01015	0.68362	0.00231	1	0.05994	-0.01461	0.65368	0.00342	1	1.45898	0.81042	0	
1246401	8407.00391	3304869630769	0.24246	0.42314	8406.33398	0.66992	11189	1	0.24967	0.34398	1	0.28255	0.55928	1	0.26611	0.45163	1	0.47158	0.53841	9.63052	1.03582	1	0.73632	0.56560	12.55117	1.03582	1	-0.00584	-0.01015	0.68362	0.00218	1	0.05994	-0.01461	0.65368	0.00360	1	1.45898	0.81042	0	
1246402	8407.00977	3304869697573	0.25541	0.44660	8406.33398	0.66992	11189	0	0.26310	0.31840	1	0.26709	0.56762	1	0.26509	0.44301	1	0.47172	0.53834	10.00533	1.03582	1	0.73595	0.56587	12.26767	1.03582	1	-0.00584	-0.01015	0.68362	0.00223	1	0.05994	-0.01461	0.65368	0.00354	1	1.45898	0.81042	0	
1246403	8407.01660	3304869764327	0.25995	0.44365	8406.33398	0.66992	11189	0	0.26310	0.31840	1	0.26588	0.56302	1	0.26449	0.44071	1	0.47125	0.53858	9.99362	1.03582	1	0.73579	0.56570	11.98946	1.04348	1	-0.00584	-0.01015	0.68362	0.00223	1	0.06261	-0.01527	0.68326	0.00365	1	1.45898	0.81042	0	
1246404	8407.02344	3304869831571	0.25080	0.44109	8406.33398	0.66992	11189	0	0.22318	0.34309	1	0.24183	0.52884	1	0.23250	0.43597	1	0.47111	0.53857	9.82694	1.04348	1	0.73558	0.56552	11.81839	1.05114	1	-0.00584	-0.01015	0.68362	0.00232	1	0.06261	-0.01527	0.68326	0.00364	1	1.45898	0.81042	0	
1246405	8407.03027	3304869898783	0.24486	0.44185	8407.00977	0.02051	11190	1	0.22039	0.32992	1	0.23372	0.55833	1	0.22705	0.44413	1	0.47110	0.53857	9.78072	1.05114	1	0.73550	0.56584	11.68444	1.05880	1	-0.00584	-0.01015	0.68362	0.00231	1	0.06261	-0.01527	0.68326	0.00361	1	1.45898	0.81042	0	
1246406	8407.03711	3304869965643	0.24171	0.44337	8407.00977	0.02734	11190	1	0.22304	0.33611	1	0.23510	0.56277	1	0.22907	0.44944	1	0.47108	0.53853	9.56707	1.04366	1	0.73548	0.56551	11.94811	1.05132	1	-0.00568	-0.00971	0.65358	0.00229	1	0.06261	-0.01527	0.68326	0.00358	1	1.45898	0.81042	0	
1246407	8407.04395	3304870032209	0.24454	0.44547	8407.00977	0.03418	11190	1	0.23621	0.35242	1	0.28126	0.55954	1	0.25873	0.45598	1	0.47093	0.53867	9.87900	1.03618	1	0.73537	0.56580	12.38968	1.03618	1	-0.00568	-0.00971	0.65358	0.00221	1	0.06261	-0.01527	0.68326	0.00354	1	1.45898	0.81042	0	
1246408	8407.05078	3304870099617	0.24705	0.44314	8407.00977	0.04102	11190	1	0.24177	0.34447	1	0.28236	0.51382	1	0.26207	0.42915	1	0.47091	0.53853	9.79659	1.02103	1	0.73535	0.56512	11.57386	1.02103	1	-0.00568	-0.00971	0.65358	0.00223	1	0.06261	-0.01527	0.68326	0.00368	1	1.45898	0.81042	0	
1246409	8407.05664	3304870164324	0.24899	0.44171	8407.00977	0.04688	11190	1	0.24177	0.34447	1	0.28347	0.51889	1	0.26262	0.43168	1	0.47074	0.53861	9.59727	1.02103	1	0.73540	0.56544	12.01368	1.01337	1	-0.00602	-0.01011	0.68070	0.00224	1	0.06010	-0.01465	0.65749	0.00361	1	1.45898	0.81042	0	
1246410	8407.06348	3304870233441	0.25001	0.44378	8407.00977	0.05371	11190	1	0.25214	0.36110	1	0.26419	0.55973	1	0.25816	0.46042	1	0.47078	0.53858	9.98579	1.02852	1	0.73503	0.56569	12.08667	1.02086	1	-0.00602	-0.01011	0.68070	0.00223	1	0.06010	-0.01465	0.65749	0.00364	1	1.45898	0.81042	0	
1246411	8407.07031	3304870300232	0.25069	0.44383	8407.00977	0.06055	11190	1	0.25057	0.34382	1	0.26304	0.54462	1	0.25681	0.44422	1	0.47077	0.53860	9.87543	1.03600	1	0.73507	0.56553	11.78402	1.02834	1	-0.00602	-0.01011	0.68070	0.00226	1	0.06010	-0.01465	0.65749	0.00357	1	1.45898	0.81042	0	
1246412	8407.07715	3304870368285	0.25102	0.44315	8407.00977	0.06738	11190	1	0.24807	0.33766	1	0.26058	0.53515	1	0.25432	0.43641	1	0.47030	0.53864	9.63309	1.04348	1	0.73503	0.56536	11.32994	1.04348	1	-0.00602	-0.01011	0.68070	0.00232	1	0.06221	-0.01512	0.68121	0.00370	1	1.45898	0.81042	0	
1246413	8407.08398	3304870434120	0.24991	0.44264	8407.00977	0.07422	11190	1	0.22212	0.36248	1	0.25331	0.51157	1	0.23771	0.43702	1	0.47031	0.53866	9.80460	1.04348	1	0.73493	0.56469	11.55474	1.05114	1	-0.00602	-0.01011	0.68070	0.00229	1	0.06221	-0.01512	0.68121	0.00382	1	1.45898	0.81042	0	
1246414	8407.09082	3304870500268	0.25141	0.44094	8407.00977	0.08105	11190	1	0.24314	0.35421	1	0.29551	0.48670	1	0.26932	0.42046	1	0.47031	0.53866	9.80460	1.05114	1	0.73487	0.56508	11.23380	1.05880	1	-0.00602	-0.01011	0.68070	0.00229	1	0.06221	-0.01512	0.68121	0.00376	1	1.45898	0.81042	0	
1246415	8407.09668	3304870566262	0.25269	0.43949	8407.00977	0.08691	11190	1	0.24326	0.35449	1	0.29555	0.48694	1	0.26941	0.42072	1	0.47022	0.53878	9.78886	1.05079	1	0.73458	0.56486	11.82838	1.05844	1	-0.00593	-0.00970	0.65327	0.00224	1	0.06190	-0.01500	0.67777	0.00384	1	1.45898	0.81042	0	AUDIO_FILE_OFFSET
1246416	8407.10449	3304870635408	0.25306	0.43735	8407.00977	0.09473	11190	1	0.23508	0.33659	1	0.28139	0.47810	1	0.25823	0.40734	1	0.47018	0.53863	9.92970	1.05043	1	0.73468	0.56487	11.98155	1.05043	1	-0.00593	-0.00970	0.65327	0.00223	1	0.06190	-0.01500	0.67777	0.00357	1	1.45898	0.81042	0	
1246417	8407.11035	3304870702396	0.25342	0.43821	8407.00977	0.10059	11190	1	0.23500	0.34624	1	0.28272	0.55599	1	0.25886	0.45111	1	0.47018	0.53861	9.95608	1.04241	1	0.73464	0.56500	12.09979	1.04241	1	-0.00593	-0.00970	0.65327	0.00222	1	0.06190	-0.01500	0.67777	0.00357	1	1.45898	0.81042	0	
1246418	8407.11719	3304870769252	0.25378	0.43910	8407.00977	0.10742	11190	1	0.23500	0.34624	1	0.28381	0.56064	1	0.25940	0.45344	1	0.46999	0.53851	9.91762	1.04241	1	0.73427	0.56531	11.44289	1.03475	1	-0.00630	-0.01022	0.68827	0.00225	1	0.06042	-0.01467	0.66318	0.00367	1	1.45898	0.81042	0	
1246419	8407.12402	3304870836435	0.25341	0.43935	8407.00977	0.11426	11190	1	0.23441	0.33843	1	0.25982	0.54878	1	0.24711	0.44361	1	0.46979	0.53858	9.55819	1.04277	1	0.73422	0.56462	11.34730	1.03511	1	-0.00630	-0.01022	0.68827	0.00220	1	0.06042	-0.01467	0.66318	0.00397	1	1.45898	0.81042	0	
1246420	8407.12988	3304870896438	0.25302	0.44100	8407.00977	0.12012	11190	1	0.23479	0.33018	1	0.25730	0.61118	1	0.24605	0.47068	1	0.46980	0.53855	9.51932	1.04313	1	0.73423	0.56545	11.25819	1.03547	1	-0.00630	-0.01022	0.68827	0.00219	1	0.06042	-0.01467	0.66318	0.00373	1	1.45898	0.81042	0	
1246421	8407.13770	3304870969937	0.25266	0.44247	8407.00977	0.12793	11190	1	0.23466	0.32988	1	0.25724	0.61098	1	0.24595	0.47043	1	0.46981	0.53856	9.45247	1.04348	1	0.73400	0.56534	11.84156	1.03582	1	-0.00630	-0.01022	0.68827	0.00221	1	0.06042	-0.01467	0.66318	0.00390	1	1.45898	0.81042	0	STOP_TRIAL
1246573	8408.15527	3304881151835	0.00000	0.00000	8407.85449	0.26758	11193	0	0.30328	0.30549	0	0.32748	0.50512	0	0.32748	0.50512	0	0.47646	0.53740	9.39266	1.10118	0	0.48054	0.53617	9.66643	1.10118	0	-0.00536	-0.00996	0.67428	0.00204	1	-0.00489	-0.01037	0.71627	0.00205	1	1.45898	0.81042	0	START_TRIAL
1246574	8408.16211	3304881218512	0.00000	0.00000	8407.85449	0.26758	11193	0	0.30328	0.30549	0	0.32748	0.50512	0	0.32748	0.50512	0	0.47646	0.53740	9.39266	1.10118	0	0.48054	0.53617	9.66643	1.10118	0	-0.00536	-0.00996	0.67428	0.00204	1	-0.00489	-0.01037	0.71627	0.00205	1	1.45898	0.81042	0	
1246575	8408.16895	3304881285240	0.00000	0.00000	8407.85449	0.26758	11193	0	0.30328	0.30549	0	0.32748	0.50512	0	0.32748	0.50512	0	0.47646	0.53740	9.39266	1.10118	0	0.48054	0.53617	9.66643	1.10118	0	-0.00536	-0.00996	0.67428	0.00204	1	-0.00489	-0.01037	0.71627	0.00205	1	1.45898	0.81042	0	
1246576	8408.17578	3304881352056	0.00000	0.00000	8407.85449	0.26758	11193	0	0.30328	0.30549	0	0.32748	0.50512	0	0.32748	0.50512	0	0.47646	0.53740	9.39266	1.10118	0	0.48054	0.53617	9.66643	1.10118	0	-0.00536	-0.00996	0.67428	0.00204	1	-0.00489	-0.01037	0.71627	0.00205	1	1.45898	0.81042	0	
1246577	8408.18262	3304881419634	0.00000	0.00000	8407.85449	0.26758	11193	0	0.30328	0.30549	0	0.32748	0.50512	0	0.32748	0.50512	0	0.47646	0.53740	9.39266	1.10118	0	0.48054	0.53617	9.66643	1.10118	0	-0.00536	-0.00996	0.67428	0.00204	1	-0.00489	-0.01037	0.71627	0.00205	1	1.45898	0.81042	0	
1246578	8408.18945	3304881486578	0.00000	0.00000	8407.85449	0.26758	11193	0	0.30328	0.30549	0	0.32748	0.50512	0	0.32748	0.50512	0	0.47646	0.53740	9.39266	1.10118	0	0.48054	0.53617	9.66643	1.10118	0	-0.00536	-0.00996	0.67428	0.00204	1	-0.00489	-0.01037	0.71627	0.00205	1	1.45898	0.81042	0	
1246579	8408.19531	3304881553011	0.00000	0.00000	8407.85449	0.26758	11193	0	0.30328	0.30549	0	0.32748	0.50512	0	0.32748	0.50512	0	0.47646	0.53740	9.39266	1.10118	0	0.48054	0.53617	9.66643	1.10118	0	-0.00536	-0.00996	0.67428	0.00204	1	-0.00489	-0.01037	0.71627	0.00205	1	1.45898	0.81042	0	
1246580	8408.20215	3304881617788	0.16290	0.24702	8407.85449	0.26758	11193	0	0.30328	0.30549	0	0.32580	0.49403	1	0.32580	0.49403	1	0.47646	0.53740	9.39266	1.10118	0	0.48151	0.53603	9.83521	1.09250	1	-0.00536	-0.00996	0.67428	0.00204	1	-0.00458	-0.00978	0.67940	0.00196	1	1.45898	0.81042	0	
1246581	8408.20898	3304881685167	0.36722	0.31790	8407.85449	0.26758	11193	0	0.30328	0.30549	0	0.40864	0.14177	1	0.40864	0.14177	1	0.47646	0.53740	9.39266	1.09250	0	0.48154	0.53603	9.80084	1.08382	1	-0.00536	-0.00996	0.67428	0.00204	1	-0.00458	-0.00978	0.67940	0.00199	1	1.45898	0.81042	0	
1246582	8408.21582	3304881752105	0.38910	0.22625	8407.85449	0.26758	11193	0	0.30328	0.30549	0	0.41099	0.13461	1	0.41099	0.13461	1	0.47646	0.53740	9.39266	1.08382	0	0.48159	0.53606	9.97186	1.07514	1	-0.00536	-0.00996	0.67428	0.00204	1	-0.00458	-0.00978	0.67940	0.00198	1	1.45898	0.81042	0	
1246583	8408.22266	3304881822019	0.39646	0.19856	8407.85449	0.26758	11193	0	0.30328	0.30549	0	0.41116	0.14316	1	0.41116	0.14316	1	0.47646	0.53740	9.39266	1.07514	0	0.48151	0.53826	9.77765	1.06646	1	-0.00536	-0.00996	0.67428	0.00204	1	-0.00460	-0.00987	0.68213	0.00337	1	1.45898	0.81042	0	
1246584	8408.22852	3304881883696	0.41056	0.14254	8407.85449	0.26758	11193	0	0.30328	0.30549	0	0.40955	0.14985	1	0.40955	0.14985	1	0.47646	0.53740	9.39266	1.06646	0	0.48151	0.53595	9.75205	1.06646	1	-0.00536	-0.00996	0.67428	0.00204	1	-0.00460	-0.00987	0.68213	0.00192	1	1.45898	0.81042	0	
1246585	8408.23535	3304881950411	0.40935	0.26160	8407.85449	0.26758	11193	0	0.30328	0.30549	0	0.40814	0.38065	1	0.40814	0.38065	1	0.47646	0.53740	9.39266	1.06646	0	0.48157	0.53838	9.91381	1.06646	1	-0.00536	-0.00996	0.67428	0.00204	1	-0.00460	-0.00987	0.68213	0.00359	1	1.45898	0.81042	0	
1246586	8408.24316	3304882023248	0.40935	0.26160	8407.85449	0.26758	11193	0	0.30328	0.30549	0	0.40814	0.38065	0	0.40814	0.38065	0	0.47646	0.53740	9.39266	1.06646	0	0.48157	0.53838	9.91381	1.06646	0	-0.00536	-0.00996	0.67428	0.00204	1	-0.00460	-0.00987	0.68213	0.00359	1	1.45898	0.81042	0	
1246587	8408.25000	3304882090289	0.40814	0.38065	8407.85449	0.26758	11193	0	0.30328	0.30549	0	0.40814	0.38065	0	0.40814	0.38065	0	0.47646	0.53740	9.39266	1.06646	0	0.48157	0.53838	9.91381	1.06646	0	-0.00536	-0.00996	0.67428	0.00204	1	-0.00460	-0.00987	0.68213	0.00359	1	1.45898	0.81042	0	
1246588	8408.25586	3304882152319	0.40814	0.38065	8407.85449	0.26758	11193	0	0.30328	0.30549	0	0.40814	0.38065	0	0.40814	0.38065	0	0.47646	0.53740	9.39266	1.06646	0	0.48157	0.53838	9.91381	1.06646	0	-0.00536	-0.00996	0.67428	0.00204	1	-0.00460	-0.00987	0.68213	0.00359	1	1.45898	0.81042	0	
1246589	8408.26270	3304882223409	0.40814	0.38065	8407.85449	0.26758	11193	0	0.30328	0.30549	0	0.40814	0.38065	0	0.40814	0.38065	0	0.47646	0.53740	9.39266	1.06646	0	0.48157	0.53838	9.91381	1.06646	0	-0.00536	-0.00996	0.67428	0.00204	1	-0.00460	-0.00987	0.68213	0.00359	1	1.45898	0.81042	0	
1246590	8408.26953	3304882290682	0.00000	0.00000	8407.85449	0.26758	11193	0	0.30328	0.30549	0	0.40814	0.38065	0	0.40814	0.38065	0	0.47646	0.53740	9.39266	1.06646	0	0.48157	0.53838	9.91381	1.06646	0	-0.00536	-0.00996	0.67428	0.00204	1	-0.00460	-0.00987	0.68213	0.00359	1	1.45898	0.81042	0	
1246591	8408.27637	3304882358245	0.00000	0.00000	8407.85449	0.26758	11193	0	0.30328	0.30549	0	0.40814	0.38065	0	0.40814	0.38065	0	0.47646	0.53740	9.39266	1.06646	0	0.48157	0.53838	9.91381	1.06646	0	-0.00536	-0.00996	0.67428	0.00204	1	-0.00460	-0.00987	0.68213	0.00359	1	1.45898	0.81042	0	
1246592	8408.28320	3304882424332	0.00000	0.00000	8407.85449	0.26758	11193	0	0.30328	0.30549	0	0.40814	0.38065	0	0.40814	0.38065	0	0.47646	0.53740	9.39266	1.06646	0	0.48157	0.53838	9.91381	1.06646	0	-0.00536	-0.00996	0.67428	0.00204	1	-0.00460	-0.00987	0.68213	0.00359	1	1.45898	0.81042	0	
1246593	8408.28906	3304882487411	0.00000	0.00000	8407.85449	0.26758	11193	0	0.30328	0.30549	0	0.40814	0.38065	0	0.40814	0.38065	0	0.47646	0.53740	9.39266	1.06646	0	0.48157	0.53838	9.91381	1.06646	0	-0.00536	-0.00996	0.67428	0.00204	1	-0.00460	-0.00987	0.68213	0.00359	1	1.45898	0.81042	0	
1246594	8408.29590	3304882556219	0.00000	0.00000	8407.85449	0.26758	11193	0	0.30328	0.30549	0	0.40814	0.38065	0	0.40814	0.38065	0	0.47646	0.53740	9.39266	1.06646	0	0.48157	0.53838	9.91381	1.06646	0	-0.00536	-0.00996	0.67428	0.00204	1	-0.00460	-0.00987	0.68213	0.00359	1	1.45898	0.81042	0	
1246595	8408.30273	3304882625247	0.00000	0.00000	8407.85449	0.26758	11193	0	0.30328	0.30549	0	0.40814	0.38065	0	0.40814	0.38065	0	0.47646	0.53740	9.39266	1.06646	0	0.48157	0.53838	9.91381	1.06646	0	-0.00536	-0.00996	0.67428	0.00204	1	-0.00460	-0.00987	0.68213	0.00359	1	1.45898	0.81042	0	
1246596	8408.30957	3304882692607	0.55197	0.45637	8407.85449	0.26758	11193	0	0.30328	0.30549	0	0.55197	0.45637	1	0.55197	0.45637	1	0.48758	0.54109	9.69825	1.06646	0	0.48758	0.54109	9.69825	1.06646	1	-0.00536	-0.00996	0.67428	0.00204	1	-0.00460	-0.00987	0.68213	0.00321	1	1.45898	0.81042	0	
1246597	8408.31641	3304882758957	0.60909	0.52807	8407.85449	0.26758	11193	0	0.70792	0.53170	1	0.62450	0.66786	1	0.66621	0.59978	1	0.48790	0.54188	10.13195	1.06646	1	0.75051	0.56881	10.60069	1.06646	1	-0.00536	-0.00996	0.67428	0.00312	1	-0.00460	-0.00987	0.68213	0.00376	1	1.45898	0.81042	0	
1246598	8408.32324	3304882826578	0.62813	0.55197	8407.85449	0.26758	11193	0	0.70792	0.53170	1	0.62450	0.66786	1	0.66621	0.59978	1	0.48771	0.54181	9.94998	1.06646	1	0.75044	0.56831	10.18529	1.06646	1	-0.00357	-0.01031	0.68058	0.00314	1	0.06421	-0.01557	0.67644	0.00341	1	1.45898	0.81042	0	
1246599	8408.33008	3304882893317	0.66589	0.59378	8407.85449	0.26758	11193	0	0.70412	0.49698	1	0.62639	0.66661	1	0.66525	0.58179	1	0.48750	0.54148	9.88237	1.06646	1	0.75045	0.56860	10.49880	1.06646	1	-0.00357	-0.01031	0.68058	0.00309	1	0.06421	-0.01557	0.67644	0.00338	1	1.45898	0.81042	0	
1246600	8408.33691	3304882959839	0.69293	0.52743	8407.85449	0.26758	11193	0	0.72021	0.52593	1	0.71975	0.39622	1	0.71998	0.46108	1	0.48770	0.54182	9.92218	1.06646	1	0.75193	0.56581	8.87486	1.06646	1	-0.00357	-0.01031	0.68058	0.00301	1	0.06421	-0.01557	0.67644	0.00246	1	1.45898	0.81042	0	
1246601	8408.34277	3304883027003	0.70195	0.50531	8407.85449	0.26758	11193	0	0.72021	0.52593	1	0.71975	0.39622	1	0.71998	0.46108	1	0.48772	0.54194	10.19490	1.06646	1	0.75043	0.56854	10.35378	1.06646	1	-0.00365	-0.01024	0.67573	0.00301	1	0.06421	-0.01557	0.67644	0.00334	1	1.45898	0.81042	0	
1246602	8408.34961	3304883094117	0.69666	0.52790	8408.33008	0.01953	11194	1	0.71110	0.49048	1	0.65049	0.70088	1	0.68080	0.59568	1	0.48760	0.54159	10.08058	1.06646	1	0.75086	0.56910	11.32685	1.06646	1	-0.00365	-0.01024	0.67573	0.00341	1	0.06421	-0.01557	0.67644	0.00335	1	1.45898	0.81042	0	
1246603	8408.35645	3304883160996	0.69274	0.53416	8408.33008	0.02637	11194	1	0.70631	0.49693	1	0.64782	0.62140	1	0.67706	0.55917	1	0.48756	0.54136	9.99981	1.06646	1	0.75082	0.56876	10.71558	1.06646	1	-0.00365	-0.01024	0.67573	0.00342	1	0.06421	-0.01557	0.67644	0.00340	1	1.45898	0.81042	0	
1246604	8408.36328	3304883228351	0.69031	0.53743	8408.33008	0.03320	11194	1	0.70674	0.49119	1	0.64959	0.61637	1	0.67816	0.55378	1	0.48741	0.54235	10.29797	1.07555	1	0.75073	0.56885	11.13701	1.07555	1	-0.00375	-0.01068	0.70478	0.00322	1	0.06421	-0.01557	0.67644	0.00334	1	1.45898	0.81042	0	
1246605	8408.37012	3304883294979	0.68839	0.54368	8408.33008	0.04004	11194	1	0.70230	0.50500	1	0.65135	0.65745	1	0.67683	0.58122	1	0.48739	0.54223	10.09575	1.08463	1	0.75083	0.56919	11.04771	1.08463	1	-0.00375	-0.01068	0.70478	0.00317	1	0.06421	-0.01557	0.67644	0.00361	1	1.45898	0.81042	0	
1246606	8408.37695	3304883361952	0.69448	0.52422	8408.33008	0.04688	11194	1	0.72067	0.49069	1	0.75363	0.28527	1	0.73715	0.38798	1	0.48733	0.54231	10.08151	1.09372	1	0.75197	0.56581	8.95259	1.09372	1	-0.00375	-0.01068	0.70478	0.00333	1	0.06421	-0.01557	0.67644	0.00232	1	1.45898	0.81042	0	
1246607	8408.38379	3304883428954	0.69907	0.50974	8408.33008	0.05371	11194	1	0.72021	0.49567	1	0.75138	0.29218	1	0.73580	0.39392	1	0.48589	0.54374	9.82139	1.08570	1	0.74831	0.57014	10.74081	1.08570	1	-0.00381	-0.01024	0.65932	0.00299	1	0.06486	-0.01599	0.68546	0.00306	1	1.45898	0.81042	0	
1246608	8408.38965	3304883496112	0.69481	0.51966	8408.33008	0.05957	11194	1	0.67558	0.54173	1	0.63723	0.67602	1	0.65641	0.60888	1	0.48546	0.54405	9.61333	1.06860	1	0.74865	0.57083	10.62791	1.06860	1	-0.00381	-0.01024	0.65932	0.00309	1	0.06486	-0.01599	0.68546	0.00348	1	1.45898	0.81042	0	
1246609	8408.39648	3304883563086	0.69183	0.53262	8408.33008	0.06641	11194	1	0.67558	0.54173	0	0.66203	0.66229	1	0.66203	0.66229	1	0.48546	0.54405	9.61333	1.05150	0	0.74876	0.57067	10.75007	1.05150	1	-0.00381	-0.01024	0.65932	0.00309	1	0.06486	-0.01599	0.68546	0.00326	1	1.45898	0.81042	0	
1246610	8408.40332	3304883629797	0.69183	0.53262	8408.33008	0.07324	11194	1	0.67558	0.54173	0	0.66203	0.66229	0	0.66203	0.66229	0	0.48546	0.54405	9.61333	1.03440	0	0.74876	0.57067	10.75007	1.03440	0	-0.00381	-0.01024	0.65932	0.00309	1	0.06486	-0.01599	0.68546	0.00326	1	1.45898	0.81042	0	
1246611	8408.41016	3304883696821	0.69183	0.53262	8408.33008	0.08008	11194	1	0.67558	0.54173	0	0.66203	0.66229	0	0.66203	0.66229	0	0.48546	0.54405	9.61333	1.03440	0	0.74876	0.57067	10.75007	1.03440	0	-0.00381	-0.01024	0.65932	0.00309	1	0.06486	-0.01599	0.68546	0.00326	1	1.45898	0.81042	0	
1246612	8408.41699	3304883763879	0.69183	0.53262	8408.33008	0.08691	11194	1	0.67558	0.54173	0	0.66203	0.66229	0	0.66203	0.66229	0	0.48546	0.54405	9.61333	1.03440	0	0.74876	0.57067	10.75007	1.03440	0	-0.00381	-0.01024	0.65932	0.00309	1	0.06486	-0.01599	0.68546	0.00326	1	1.45898	0.81042	0	
1246613	8408.42285	3304883828493	0.69442	0.52651	8408.33008	0.08691	11194	0	0.67558	0.54173	0	0.66203	0.66229	0	0.66203	0.66229	0	0.48546	0.54405	9.61333	1.03440	0	0.74876	0.57067	10.75007	1.03440	0	-0.00381	-0.01024	0.65932	0.00309	1	0.06486	-0.01599	0.68546	0.00326	1	1.45898	0.81042	0	
1246614	8408.42969	3304883896254	0.69442	0.52651	8408.33008	0.08691	11194	0	0.67558	0.54173	0	0.66203	0.66229	0	0.66203	0.66229	0	0.48546	0.54405	9.61333	1.03440	0	0.74876	0.57067	10.75007	1.03440	0	-0.00381	-0.01024	0.65932	0.00309	1	0.06486	-0.01599	0.68546	0.00326	1	1.45898	0.81042	0	
1246615	8408.43652	3304883962143	0.69442	0.52651	8408.33008	0.08691	11194	0	0.67558	0.54173	0	0.66203	0.66229	0	0.66203	0.66229	0	0.48546	0.54405	9.61333	1.03440	0	0.74876	0.57067	10.75007	1.03440	0	-0.00381	-0.01024	0.65932	0.00309	1	0.06486	-0.01599	0.68546	0.00326	1	1.45898	0.81042	0	
1246616	8408.44336	3304884029692	0.00000	0.00000	8408.33008	0.08691	11194	0	0.67558	0.54173	0	0.66203	0.66229	0	0.66203	0.66229	0	0.48546	0.54405	9.61333	1.03440	0	0.74876	0.57067	10.75007	1.03440	0	-0.00381	-0.01024	0.65932	0.00309	1	0.06486	-0.01599	0.68546	0.00326	1	1.45898	0.81042	0	
1246617	8408.45020	3304884098564	0.00000	0.00000	8408.33008	0.08691	11194	0	0.67558	0.54173	0	0.66203	0.66229	0	0.66203	0.66229	0	0.48546	0.54405	9.61333	1.03440	0	0.74876	0.57067	10.75007	1.03440	0	-0.00381	-0.01024	0.65932	0.00309	1	0.06486	-0.01599	0.68546	0.00326	1	1.45898	0.81042	0	
1246618	8408.45703	3304884166237	0.00000	0.00000	8408.33008	0.08691	11194	0	0.67558	0.54173	0	0.66203	0.66229	0	0.66203	0.66229	0	0.48546	0.54405	9.61333	1.03440	0	0.74876	0.57067	10.75007	1.03440	0	-0.00381	-0.01024	0.65932	0.00309	1	0.06486	-0.01599	0.68546	0.00326	1	1.45898	0.81042	0	
1246619	8408.46387	3304884232997	0.66580	0.61859	8408.33008	0.08691	11194	0	0.67481	0.56194	1	0.65680	0.67523	1	0.66580	0.61859	1	0.48326	0.54618	9.96243	1.03440	1	0.74650	0.57231	11.41091	1.02674	1	-0.00419	-0.01055	0.65706	0.00283	1	0.06183	-0.01555	0.65813	0.00283	1	1.45898	0.81042	0	
1246620	8408.47070	3304884298761	0.61837	0.66877	8408.33008	0.08691	11194	0	0.59698	0.66973	1	0.54488	0.76819	1	0.57093	0.71896	1	0.48320	0.54567	9.25331	1.02674	1	0.74619	0.57219	9.91644	1.01908	1	-0.00419	-0.01055	0.65706	0.00295	1	0.06183	-0.01555	0.65813	0.00285	1	1.45898	0.81042	0	
1246621	8408.47754	3304884366694	0.61312	0.68544	8408.33008	0.08691	11194	0	0.62823	0.69952	1	0.57701	0.73802	1	0.60262	0.71877	1	0.48330	0.54578	9.40068	1.01908	1	0.74663	0.57217	10.61063	1.01142	1	-0.00419	-0.01055	0.65706	0.00289	1	0.06183	-0.01555	0.65813	0.00295	1	1.45898	0.81042	0	
1246622	8408.48340	3304884433970	0.59191	0.71930	8408.33008	0.08691	11194	0	0.62823	0.69936	1	0.57612	0.74100	1	0.60217	0.72018	1	0.48290	0.54623	9.85498	1.01943	1	0.74645	0.57245	10.74959	1.00497	1	-0.00446	-0.01109	0.69110	0.00306	1	0.05997	-0.01514	0.63879	0.00290	1	1.45898	0.81042	0	
1246623	8408.49023	3304884498662	0.58496	0.74198	8408.33008	0.08691	11194	0	0.62521	0.74195	1	0.53082	0.78735	1	0.57801	0.76465	1	0.48287	0.54653	10.17792	1.01298	1	0.74601	0.57253	10.27712	1.00617	1	-0.00446	-0.01109	0.69110	0.00291	1	0.05997	-0.01514	0.63879	0.00286	1	1.45898	0.81042	0	
1246624	8408.49707	3304884567607	0.58314	0.73405	8408.33008	0.08691	11194	0	0.64047	0.68590	1	0.51853	0.75051	1	0.57950	0.71820	1	0.48318	0.54593	10.45851	1.01419	1	0.74577	0.57243	9.98752	1.00738	1	-0.00446	-0.01109	0.69110	0.00289	1	0.05997	-0.01514	0.63879	0.00283	1	1.45898	0.81042	0	
1246625	8408.50391	3304884634210	0.58231	0.72957	8408.48340	0.02051	11195	1	0.64047	0.68532	1	0.51919	0.74690	1	0.57983	0.71611	1	0.48301	0.54576	10.06576	1.01540	1	0.74573	0.57216	10.00466	1.01540	1	-0.00446	-0.01109	0.69110	0.00298	1	0.06183	-0.01562	0.65917	0.00290	1	1.45898	0.81042	0	
1246626	8408.51074	3304884702555	0.57747	0.73497	8408.48340	0.02734	11195	1	0.59589	0.68611	1	0.52034	0.82707	1	0.55812	0.75659	1	0.48287	0.54568	10.03334	1.01540	1	0.74579	0.57225	10.28628	1.02221	1	-0.00446	-0.01109	0.69110	0.00302	1	0.06183	-0.01562	0.65917	0.00288	1	1.45898	0.81042	0	
1246627	8408.51758	3304884770381	0.57546	0.73503	8408.48340	0.03418	11195	1	0.61161	0.69842	1	0.51914	0.77226	1	0.56538	0.73534	1	0.48308	0.54589	10.32453	1.02221	1	0.74569	0.57221	10.45151	1.02902	1	-0.00446	-0.01109	0.69110	0.00291	1	0.06183	-0.01562	0.65917	0.00286	1	1.45898	0.81042	0	
1246628	8408.52344	3304884834234	0.57401	0.73515	8408.48340	0.04004	11195	1	0.61165	0.69899	1	0.51904	0.77277	1	0.56535	0.73588	1	0.48308	0.54561	9.68794	1.02100	1	0.74602	0.57204	9.87071	1.02781	1	-0.00447	-0.01100	0.68549	0.00314	1	0.06183	-0.01557	0.65917	0.00302	1	1.45898	0.81042	0	
1246629	8408.53027	3304884899495	0.57560	0.73336	8408.48340	0.04688	11195	1	0.64168	0.69068	1	0.53175	0.75084	1	0.58671	0.72076	1	0.48315	0.54605	11.17600	1.01979	1	0.74602	0.57201	11.04109	1.01979	1	-0.00447	-0.01100	0.68549	0.00290	1	0.06183	-0.01557	0.65917	0.00286	1	1.45898	0.81042	0	
1246630	8408.53711	3304884965285	0.57582	0.73425	8408.48340	0.05371	11195	1	0.61927	0.68859	1	0.53583	0.79427	1	0.57755	0.74143	1	0.48287	0.54580	10.10111	1.01177	1	0.74595	0.57220	10.63641	1.01177	1	-0.00447	-0.01100	0.68549	0.00300	1	0.06183	-0.01557	0.65917	0.00287	1	1.45898	0.81042	0	
1246631	8408.54395	3304885037407	0.57596	0.73533	8408.48340	0.06055	11195	1	0.61947	0.69245	1	0.53504	0.79751	1	0.57726	0.74498	1	0.48311	0.54605	10.94654	1.00376	1	0.74583	0.57220	11.03522	1.00376	1	-0.00447	-0.01100	0.68549	0.00282	1	0.06183	-0.01562	0.65917	0.00285	1	1.45898	0.81042	0	
1246632	8408.55078	3304885103388	0.57516	0.73564	8408.48340	0.06738	11195	1	0.59020	0.70481	1	0.54418	0.77274	1	0.56719	0.73878	1	0.48279	0.54589	10.12720	1.00376	1	0.74620	0.57220	10.80751	1.00376	1	-0.00447	-0.01100	0.68549	0.00307	1	0.06183	-0.01562	0.65917	0.00294	1	1.45898	0.81042	0	
1246633	8408.55762	3304885167954	0.57538	0.73547	8408.48340	0.07422	11195	1	0.61863	0.69750	1	0.53697	0.76963	1	0.57780	0.73356	1	0.48295	0.54609	10.81660	1.00376	1	0.74602	0.57208	10.74794	1.00376	1	-0.00447	-0.01100	0.68549	0.00289	1	0.06183	-0.01562	0.65917	0.00288	1	1.45898	0.81042	0	
1246634	8408.56348	3304885234666	0.57560	0.73519	8408.48340	0.08008	11195	1	0.61863	0.69750	1	0.53773	0.76631	1	0.57818	0.73190	1	0.48309	0.54587	10.31349	1.00376	1	0.74587	0.57191	10.81371	1.01142	1	-0.00447	-0.01090	0.68549	0.00303	1	0.06291	-0.01588	0.67008	0.00297	1	1.45898	0.81042	0	
1246635	8408.57031	3304885301835	0.57681	0.73492	8408.48340	0.08691	11195	1	0.63494	0.68350	1	0.55024	0.77931	1	0.59259	0.73140	1	0.48317	0.54564	9.97502	1.01142	1	0.74628	0.57185	11.10138	1.01908	1	-0.00447	-0.01090	0.68549	0.00291	1	0.06291	-0.01588	0.67008	0.00283	1	1.45898	0.81042	0	
1246636	8408.57715	3304885368808	0.57713	0.73343	8408.48340	0.09375	11195	1	0.62974	0.68992	1	0.53345	0.73528	1	0.58160	0.71260	1	0.48312	0.54592	10.25524	1.01908	1	0.74591	0.57185	10.68172	1.02674	1	-0.00447	-0.01090	0.68549	0.00284	1	0.06291	-0.01588	0.67008	0.00277	1	1.45898	0.81042	0	
1246637	8408.58398	3304885435755	0.57743	0.73178	8408.48340	0.10059	11195	1	0.62949	0.68245	1	0.53420	0.73162	1	0.58185	0.70703	1	0.48295	0.54577	9.27813	1.03475	1	0.74561	0.57141	11.55415	1.03475	1	-0.00446	-0.01065	0.67623	0.00298	1	0.06183	-0.01547	0.65917	0.00290	1	1.45898	0.81042	0	
1246638	8408.59082	3304885505347	0.57698	0.73232	8408.48340	0.10742	11195	1	0.61667	0.69425	1	0.52320	0.78753	1	0.56993	0.74089	1	0.48237	0.54515	10.06278	1.04277	1	0.74538	0.57096	10.67462	1.03511	1	-0.00446	-0.01065	0.67623	0.00274	1	0.06183	-0.01547	0.65917	0.00289	1	1.45898	0.81042	0	
1246639	8408.59766	3304885569061	0.57841	0.73487	8408.48340	0.11426	11195	1	0.63838	0.75822	1	0.56696	0.79823	1	0.60267	0.77823	1	0.48241	0.54487	9.89472	1.04313	1	0.74562	0.57059	10.91592	1.03547	1	-0.00446	-0.01065	0.67623	0.00245	1	0.06183	-0.01547	0.65917	0.00262	1	1.45898	0.81042	0	
1246640	8408.60449	3304885636717	0.57786	0.73804	8408.48340	0.12109	11195	1	0.63838	0.75822	0	0.56796	0.79508	1	0.56796	0.79508	1	0.48241	0.54487	9.89472	1.04348	0	0.48056	0.54140	9.66720	1.04348	1	-0.00446	-0.01065	0.67623	0.00245	1	-0.00473	-0.01012	0.67127	0.00357	1	1.45898	0.81042	0	
1246641	8408.61133	3304885703862	0.56909	0.72402	8408.48340	0.12793	11195	1	0.63838	0.75822	0	0.40247	0.45772	1	0.40247	0.45772	1	0.48241	0.54487	9.89472	1.04348	0	0.48036	0.54091	9.96277	1.05114	1	-0.00446	-0.01065	0.67623	0.00245	1	-0.00473	-0.01012	0.67127	0.00324	1	1.45898	0.81042	0	
1246642	8408.61719	3304885769125	0.56079	0.71579	8408.48340	0.13379	11195	1	0.63838	0.75822	0	0.39473	0.55115	1	0.39473	0.55115	1	0.48241	0.54487	9.89472	1.05114	0	0.48029	0.54087	10.15688	1.05880	1	-0.00446	-0.01065	0.67623	0.00245	1	-0.00473	-0.01012	0.67127	0.00316	1	1.45898	0.81042	0	
1246643	8408.62402	3304885837022	0.53428	0.68540	8408.48340	0.13379	11195	0	0.63838	0.75822	0	0.39445	0.54648	1	0.39445	0.54648	1	0.48241	0.54487	9.89472	1.05880	0	0.47881	0.53609	10.26452	1.06646	1	-0.00446	-0.01065	0.67623	0.00245	1	-0.00493	-0.00972	0.67141	0.00210	1	1.45898	0.81042	0	
1246644	8408.63086	3304885906931	0.43323	0.54535	8408.48340	0.13379	11195	0	0.63838	0.75822	0	0.33217	0.40529	1	0.33217	0.40529	1	0.48241	0.54487	9.89472	1.06646	0	0.47911	0.53867	10.97463	1.06646	1	-0.00446	-0.01065	0.67623	0.00245	1	-0.00493	-0.00972	0.67141	0.00349	1	1.45898	0.81042	0	
1246645	8408.63770	3304885972570	0.40328	0.48018	8408.48340	0.13379	11195	0	0.63838	0.75822	0	0.34339	0.34985	1	0.34339	0.34985	1	0.48241	0.54487	9.89472	1.06646	0	0.47895	0.53796	10.43900	1.06646	1	-0.00446	-0.01065	0.67623	0.00245	1	-0.00493	-0.00972	0.67141	0.00352	1	1.45898	0.81042	0	
1246646	8408.64453	3304886039622	0.33965	0.36833	8408.48340	0.13379	11195	0	0.63838	0.75822	0	0.34339	0.34985	1	0.34339	0.34985	1	0.48241	0.54487	9.89472	1.06646	0	0.47864	0.53559	10.68638	1.06646	1	-0.00446	-0.01065	0.67623	0.00245	1	-0.00506	-0.00992	0.68899	0.00213	1	1.45898	0.81042	0	
1246647	8408.65137	3304886106226	0.34867	0.26247	8408.48340	0.13379	11195	0	0.63838	0.75822	0	0.35769	0.15661	1	0.35769	0.15661	1	0.48241	0.54487	9.89472	1.06646	0	0.47862	0.53558	10.70936	1.06646	1	-0.00446	-0.01065	0.67623	0.00245	1	-0.00506	-0.00992	0.68899	0.00213	1	1.45898	0.81042	0	
1246648	8408.65723	3304886172225	0.35174	0.22629	8408.48340	0.13379	11195	0	0.63838	0.75822	0	0.35788	0.15393	1	0.35788	0.15393	1	0.48241	0.54487	9.89472	1.06646	0	0.47867	0.53559	10.80949	1.06646	1	-0.00446	-0.01065	0.67623	0.00245	1	-0.00506	-0.00992	0.68899	0.00219	1	1.45898	0.81042	0	
1246649	8408.66504	3304886242292	0.35782	0.15482	8408.48340	0.13379	11195	0	0.63838	0.75822	0	0.35788	0.15393	1	0.35788	0.15393	1	0.48241	0.54487	9.89472	1.06646	0	0.47870	0.53543	10.86089	1.06646	1	-0.00446	-0.01065	0.67623	0.00245	1	-0.00506	-0.00992	0.68899	0.00222	1	1.45898	0.81042	0	
1246650	8408.67188	3304886309424	0.35971	0.14832	8408.48340	0.13379	11195	0	0.63838	0.75822	0	0.36160	0.14182	1	0.36160	0.14182	1	0.48241	0.54487	9.89472	1.06646	0	0.47867	0.53531	10.88041	1.06646	1	-0.00446	-0.01065	0.67623	0.00245	1	-0.00506	-0.00992	0.68899	0.00220	1	1.45898	0.81042	0	
1246651	8408.67773	3304886373371	0.36362	0.13987	8408.48340	0.13379	11195	0	0.63838	0.75822	0	0.37144	0.12296	1	0.37144	0.12296	1	0.48241	0.54487	9.89472	1.06646	0	0.47877	0.53545	10.92273	1.06646	1	-0.00446	-0.01065	0.67623	0.00245	1	-0.00506	-0.00992	0.68899	0.00219	1	1.45898	0.81042	0	
1246652	8408.68457	3304886442265	0.36557	0.13564	8408.66504	0.01953	11196	1	0.63838	0.75822	0	0.37144	0.12296	1	0.37144	0.12296	1	0.48241	0.54487	9.89472	1.06646	0	0.47876	0.53527	10.65606	1.06646	1	-0.00446	-0.01065	0.67623	0.00245	1	-0.00506	-0.00992	0.68899	0.00214	1	1.45898	0.81042	0	
1246653	8408.69141	3304886506238	0.36418	0.13554	8408.66504	0.02637	11196	1	0.63838	0.75822	0	0.35860	0.13515	1	0.35860	0.13515	1	0.48241	0.54487	9.89472	1.06646	0	0.47867	0.53534	11.30059	1.06646	1	-0.00446	-0.01065	0.67623	0.00245	1	-0.00506	-0.00992	0.68899	0.00213	1	1.45898	0.81042	0	
1246654	8408.69824	3304886574168	0.36391	0.13780	8408.66504	0.03320	11196	1	0.63838	0.75822	0	0.36259	0.14906	1	0.36259	0.14906	1	0.48241	0.54487	9.89472	1.06646	0	0.47870	0.53543	11.07108	1.06646	1	-0.00446	-0.01065	0.67623	0.00245	1	-0.00506	-0.00992	0.68899	0.00213	1	1.45898	0.81042	0	
1246655	8408.70410	3304886639266	0.36372	0.13941	8408.66504	0.03906	11196	1	0.63838	0.75822	0	0.36259	0.14906	1	0.36259	0.14906	1	0.48241	0.54487	9.89472	1.06646	0	0.47872	0.53537	10.82645	1.06646	1	-0.00446	-0.01065	0.67623	0.00245	1	-0.00506	-0.00982	0.68899	0.00222	1	1.45898	0.81042	0	
1246656	8408.71191	3304886710224	0.36009	0.13632	8408.66504	0.04688	11196	1	0.63838	0.75822	0	0.33464	0.11470	1	0.33464	0.11470	1	0.48241	0.54487	9.89472	1.06646	0	0.47868	0.53521	10.80834	1.06646	1	-0.00446	-0.01065	0.67623	0.00245	1	-0.00506	-0.00982	0.68899	0.00220	1	1.45898	0.81042	0	
1246657	8408.71777	3304886775049	0.35770	0.13513	8408.66504	0.05273	11196	1	0.63838	0.75822	0	0.33856	0.12559	1	0.33856	0.12559	1	0.48241	0.54487	9.89472	1.06646	0	0.47872	0.53520	10.67874	1.06646	1	-0.00446	-0.01065	0.67623	0.00245	1	-0.00506	-0.00982	0.68899	0.00233	1	1.45898	0.81042	0	
1246658	8408.72461	3304886840884	0.35578	0.13417	8408.66504	0.05957	11196	1	0.63838	0.75822	0	0.33856	0.12559	1	0.33856	0.12559	1	0.48241	0.54487	9.89472	1.06646	0	0.47882	0.53493	10.84081	1.06646	1	-0.00446	-0.01065	0.67623	0.00245	1	-0.00493	-0.00952	0.67141	0.00220	1	1.45898	0.81042	0	
1246659	8408.73145	3304886909365	0.35437	0.15384	8408.66504	0.06641	11196	1	0.63838	0.75822	0	0.34026	0.35048	1	0.34026	0.35048	1	0.48241	0.54487	9.89472	1.06646	0	0.47886	0.53761	11.00778	1.06646	1	-0.00446	-0.01065	0.67623	0.00245	1	-0.00493	-0.00952	0.67141	0.00388	1	1.45898	0.81042	0	
1246660	8408.73828	3304886979136	0.35852	0.17662	8408.66504	0.07324	11196	1	0.63838	0.75822	0	0.40412	0.42723	1	0.40412	0.42723	1	0.48241	0.54487	9.89472	1.06646	0	0.74209	0.56330	11.34985	1.06646	1	-0.00446	-0.01065	0.67623	0.00245	1	-0.00493	-0.00952	0.67141	0.00379	1	1.45898	0.81042	0	
1246661	8408.74512	3304887046443	0.35852	0.17662	8408.66504	0.08008	11196	1	0.63838	0.75822	0	0.40412	0.42723	0	0.40412	0.42723	0	0.48241	0.54487	9.89472	1.06646	0	0.74209	0.56330	11.34985	1.06646	0	-0.00446	-0.01065	0.67623	0.00245	1	-0.00493	-0.00952	0.67141	0.00379	1	1.45898	0.81042	0	
1246662	8408.75195	3304887113329	0.35852	0.17662	8408.66504	0.08691	11196	1	0.63838	0.75822	0	0.40412	0.42723	0	0.40412	0.42723	0	0.48241	0.54487	9.89472	1.06646	0	0.74209	0.56330	11.34985	1.06646	0	-0.00446	-0.01065	0.67623	0.00245	1	-0.00493	-0.00952	0.67141	0.00379	1	1.45898	0.81042	0	
1246663	8408.75879	3304887180310	0.36406	0.19645	8408.66504	0.09375	11196	1	0.63838	0.75822	0	0.43055	0.43443	1	0.43055	0.43443	1	0.48241	0.54487	9.89472	1.06646	0	0.74253	0.56337	11.89807	1.06646	1	-0.00446	-0.01065	0.67623	0.00245	1	-0.00493	-0.00952	0.67141	0.00373	1	1.45898	0.81042	0	
1246664	8408.76465	3304887246458	0.36406	0.19645	8408.66504	0.09961	11196	1	0.63838	0.75822	0	0.43055	0.43443	0	0.43055	0.43443	0	0.48241	0.54487	9.89472	1.06646	0	0.74253	0.56337	11.89807	1.06646	0	-0.00446	-0.01065	0.67623	0.00245	1	-0.00493	-0.00952	0.67141	0.00373	1	1.45898	0.81042	0	
1246665	8408.77148	3304887313856	0.36406	0.19645	8408.66504	0.10645	11196	1	0.63838	0.75822	0	0.43055	0.43443	0	0.43055	0.43443	0	0.48241	0.54487	9.89472	1.06646	0	0.74253	0.56337	11.89807	1.06646	0	-0.00446	-0.01065	0.67623	0.00245	1	-0.00493	-0.00952	0.67141	0.00373	1	1.45898	0.81042	0	
1246666	8408.77832	3304887380945	0.36406	0.19645	8408.66504	0.11328	11196	1	0.63838	0.75822	0	0.43055	0.43443	0	0.43055	0.43443	0	0.48241	0.54487	9.89472	1.06646	0	0.74253	0.56337	11.89807	1.06646	0	-0.00446	-0.01065	0.67623	0.00245	1	-0.00493	-0.00952	0.67141	0.00373	1	1.45898	0.81042	0	
1246667	8408.78516	3304887448278	0.36458	0.19992	8408.66504	0.11328	11196	0	0.63838	0.75822	0	0.43055	0.43443	0	0.43055	0.43443	0	0.48241	0.54487	9.89472	1.06646	0	0.74253	0.56337	11.89807	1.06646	0	-0.00446	-0.01065	0.67623	0.00245	1	-0.00493	-0.00952	0.67141	0.00373	1	1.45898	0.81042	0	
1246668	8408.79199	3304887515651	0.36458	0.19992	8408.66504	0.11328	11196	0	0.63838	0.75822	0	0.43055	0.43443	0	0.43055	0.43443	0	0.48241	0.54487	9.89472	1.06646	0	0.74253	0.56337	11.89807	1.06646	0	-0.00446	-0.01065	0.67623	0.00245	1	-0.00493	-0.00952	0.67141	0.00373	1	1.45898	0.81042	0	
1246669	8408.79883	3304887580478	0.36458	0.19992	8408.66504	0.11328	11196	0	0.63838	0.75822	0	0.43055	0.43443	0	0.43055	0.43443	0	0.48241	0.54487	9.89472	1.06646	0	0.74253	0.56337	11.89807	1.06646	0	-0.00446	-0.01065	0.67623	0.00245	1	-0.00493	-0.00952	0.67141	0.00373	1	1.45898	0.81042	0	
1246670	8408.80566	3304887648752	0.00000	0.00000	8408.66504	0.11328	11196	0	0.63838	0.75822	0	0.43055	0.43443	0	0.43055	0.43443	0	0.48241	0.54487	9.89472	1.06646	0	0.74253	0.56337	11.89807	1.06646	0	-0.00446	-0.01065	0.67623	0.00245	1	-0.00493	-0.00952	0.67141	0.00373	1	1.45898	0.81042	0	
1246671	8408.81250	3304887716672	0.00000	0.00000	8408.66504	0.11328	11196	0	0.63838	0.75822	0	0.43055	0.43443	0	0.43055	0.43443	0	0.48241	0.54487	9.89472	1.06646	0	0.74253	0.56337	11.89807	1.06646	0	-0.00446	-0.01065	0.67623	0.00245	1	-0.00493	-0.00952	0.67141	0.00373	1	1.45898	0.81042	0	
1246672	8408.81836	3304887782922	0.00000	0.00000	8408.66504	0.11328	11196	0	0.63838	0.75822	0	0.43055	0.43443	0	0.43055	0.43443	0	0.48241	0.54487	9.89472	1.06646	0	0.74253	0.56337	11.89807	1.06646	0	-0.00446	-0.01065	0.67623	0.00245	1	-0.00493	-0.00952	0.67141	0.00373	1	1.45898	0.81042	0	
1246673	8408.82520	3304887848417	0.53437	0.59166	8408.66504	0.11328	11196	0	0.63820	0.74889	1	0.43055	0.43443	1	0.53437	0.59166	1	0.47936	0.53466	10.85815	1.06646	1	0.74275	0.56321	10.99646	1.06646	1	-0.00483	-0.00967	0.68560	0.00221	1	0.06339	-0.01481	0.67850	0.00398	1	1.45898	0.81042	0	
1246674	8408.83203	3304887916703	0.50229	0.50132	8408.66504	0.11328	11196	0	0.50877	0.39931	1	0.43166	0.42267	1	0.47022	0.41099	1	0.47972	0.53682	10.77533	1.06646	1	0.74295	0.56239	11.05924	1.06646	1	-0.00483	-0.00967	0.68560	0.00367	1	0.06339	-0.01481	0.67850	0.00397	1	1.45898	0.81042	0	
1246675	8408.83887	3304887983794	0.48058	0.47725	8408.66504	0.11328	11196	0	0.47906	0.42349	1	0.39523	0.43473	1	0.43714	0.42911	1	0.47969	0.53722	10.64831	1.06646	1	0.74272	0.56298	11.40090	1.06646	1	-0.00483	-0.00967	0.68560	0.00357	1	0.06339	-0.01481	0.67850	0.00416	1	1.45898	0.81042	0	
1246676	8408.84570	3304888050655	0.44817	0.42307	8408.66504	0.11328	11196	0	0.47906	0.42349	1	0.39523	0.43473	1	0.43714	0.42911	1	0.47948	0.53456	10.71343	1.06646	1	0.74270	0.56281	11.41185	1.06646	1	-0.00483	-0.00967	0.68560	0.00228	1	0.06339	-0.01481	0.67850	0.00418	1	1.45898	0.81042	0	
1246677	8408.85254	3304888117922	0.43932	0.37789	8408.66504	0.11328	11196	0	0.45721	0.21346	1	0.40375	0.45196	1	0.43048	0.33271	1	0.47941	0.53456	10.83488	1.06646	1	0.74290	0.56307	10.97898	1.06646	1	-0.00483	-0.00967	0.68560	0.00212	1	0.06339	-0.01481	0.67850	0.00393	1	1.45898	0.81042	0	
1246678	8408.85938	3304888184656	0.43334	0.36310	8408.66504	0.11328	11196	0	0.45276	0.20572	1	0.38997	0.46132	1	0.42136	0.33352	1	0.47953	0.53459	10.66502	1.06646	1	0.74266	0.56318	11.86827	1.06646	1	-0.00483	-0.00967	0.68560	0.00218	1	0.06339	-0.01481	0.67850	0.00385	1	1.45898	0.81042	0	
1246679	8408.86523	3304888251829	0.43034	0.35570	8408.84570	0.01953	11197	1	0.45276	0.20572	1	0.38997	0.46132	1	0.42136	0.33352	1	0.47974	0.53462	10.84617	1.06646	1	0.74343	0.56326	12.06325	1.06646	1	-0.00483	-0.00967	0.68560	0.00212	1	0.06339	-0.01481	0.67850	0.00372	1	1.45898	0.81042	0	
1246680	8408.87207	3304888319041	0.43533	0.33698	8408.84570	0.02637	11197	1	0.45948	0.18243	1	0.45107	0.34169	1	0.45528	0.26206	1	0.47990	0.53435	10.38696	1.06646	1	0.74362	0.56262	11.58146	1.06646	1	-0.00483	-0.00967	0.68560	0.00216	1	0.06339	-0.01481	0.67850	0.00376	1	1.45898	0.81042	0	
1246681	8408.87891	3304888381572	0.43603	0.33335	8408.84570	0.03320	11197	1	0.46884	0.21551	1	0.41023	0.41490	1	0.43954	0.31521	1	0.48002	0.53457	10.68436	1.06646	1	0.74340	0.56328	12.08556	1.06646	1	-0.00483	-0.00967	0.68560	0.00219	1	0.06339	-0.01481	0.67850	0.00386	1	1.45898	0.81042	0	
1246682	8408.88574	3304888452314	0.43653	0.33076	8408.84570	0.04004	11197	1	0.46884	0.21551	1	0.41023	0.41490	1	0.43954	0.31521	1	0.48130	0.53692	10.55312	1.06646	1	0.74393	0.56308	11.59422	1.06646	1	-0.00464	-0.00969	0.68745	0.00356	1	0.06393	-0.01489	0.68212	0.00398	1	1.45898	0.81042	0	
1246683	8408.89258	3304888519675	0.43990	0.32617	8408.84570	0.04688	11197	1	0.48185	0.21531	1	0.44509	0.37287	1	0.46347	0.29409	1	0.48071	0.53465	10.61420	1.06646	1	0.74426	0.56280	11.44103	1.06646	1	-0.00464	-0.00969	0.68745	0.00212	1	0.06393	-0.01489	0.68212	0.00392	1	1.45898	0.81042	0	
1246684	8408.89941	3304888586087	0.44338	0.32095	8408.84570	0.05371	11197	1	0.50441	0.21127	1	0.43799	0.34705	1	0.47120	0.27916	1	0.48072	0.53464	10.63951	1.06646	1	0.74420	0.56251	11.02081	1.06646	1	-0.00464	-0.00969	0.68745	0.00211	1	0.06393	-0.01489	0.68212	0.00404	1	1.45898	0.81042	0	
1246685	8408.90527	3304888652337	0.44616	0.31677	8408.84570	0.05957	11197	1	0.50441	0.21127	1	0.43799	0.34705	1	0.47120	0.27916	1	0.48132	0.53672	10.37167	1.06646	1	0.74410	0.56282	11.33718	1.06646	1	-0.00454	-0.00953	0.67259	0.00357	1	0.06393	-0.01494	0.68212	0.00395	1	1.45898	0.81042	0	
1246686	8408.91211	3304888720689	0.44871	0.31447	8408.84570	0.06641	11197	1	0.51242	0.21024	1	0.43602	0.37268	1	0.47422	0.29146	1	0.48071	0.53454	10.68426	1.06646	1	0.74412	0.56267	11.24930	1.06646	1	-0.00454	-0.00953	0.67259	0.00211	1	0.06393	-0.01494	0.68212	0.00399	1	1.45898	0.81042	0	
1246687	8408.91895	3304888788051	0.45112	0.31203	8408.84570	0.07324	11197	1	0.51554	0.21394	1	0.43972	0.35635	1	0.47763	0.28514	1	0.48082	0.53462	10.65323	1.06646	1	0.74417	0.56253	11.33148	1.06646	1	-0.00454	-0.00953	0.67259	0.00220	1	0.06393	-0.01494	0.68212	0.00401	1	1.45898	0.81042	0	
1246688	8408.92578	3304888854102	0.45316	0.30996	8408.84570	0.08008	11197	1	0.51554	0.21394	1	0.43972	0.35635	1	0.47763	0.28514	1	0.48089	0.53473	10.55013	1.06646	1	0.74421	0.56267	11.38307	1.06646	1	-0.00454	-0.00953	0.67259	0.00226	1	0.06393	-0.01494	0.68212	0.00379	1	1.45898	0.81042	0	
1246689	8408.93262	3304888921095	0.45340	0.30621	8408.84570	0.08691	11197	1	0.47136	0.17175	1	0.44165	0.34336	1	0.45650	0.25756	1	0.48067	0.53460	10.65627	1.06646	1	0.74424	0.56247	11.20472	1.06646	1	-0.00454	-0.00953	0.67259	0.00218	1	0.06393	-0.01494	0.68212	0.00386	1	1.45898	0.81042	0	
1246690	8408.93945	3304888988899	0.45560	0.30445	8408.84570	0.09375	11197	1	0.51342	0.21463	1	0.45934	0.34475	1	0.48638	0.27969	1	0.48075	0.53469	10.67369	1.06646	1	0.74453	0.56238	11.75814	1.06646	1	-0.00454	-0.00953	0.67259	0.00214	1	0.06393	-0.01494	0.68212	0.00386	1	1.45898	0.81042	0	
1246691	8408.94629	3304889055065	0.45752	0.30290	8408.84570	0.10059	11197	1	0.51342	0.21463	1	0.45934	0.34475	1	0.48638	0.27969	1	0.48084	0.53477	10.96540	1.06646	1	0.74431	0.56228	11.08600	1.06646	1	-0.00464	-0.00969	0.68745	0.00213	1	0.06393	-0.01489	0.68212	0.00392	1	1.45898	0.81042	0	
1246692	8408.95312	3304889122425	0.45978	0.30649	8408.84570	0.10742	11197	1	0.53903	0.39839	1	0.45269	0.32965	1	0.49586	0.36402	1	0.48107	0.53718	10.57508	1.06646	1	0.74446	0.56227	11.17754	1.06646	1	-0.00464	-0.00969	0.68745	0.00362	1	0.06393	-0.01489	0.68212	0.00407	1	1.45898	0.81042	0	
1246693	8408.95996	3304889190450	0.46234	0.31026	8408.84570	0.11426	11197	1	0.55361	0.41519	1	0.45841	0.33335	1	0.50601	0.37427	1	0.48124	0.53748	11.05484	1.06646	1	0.74449	0.56242	11.11031	1.06646	1	-0.00464	-0.00969	0.68745	0.00355	1	0.06393	-0.01489	0.68212	0.00397	1	1.45898	0.81042	0	
1246694	8408.96582	3304889256719	0.46464	0.31363	8408.84570	0.12012	11197	1	0.55361	0.41519	1	0.45841	0.33335	1	0.50601	0.37427	1	0.48059	0.53478	10.60434	1.06646	1	0.74437	0.56271	11.24755	1.06646	1	-0.00454	-0.00953	0.67259	0.00207	1	0.06393	-0.01489	0.68212	0.00384	1	1.45898	0.81042	0	
1246695	8408.97266	3304889321322	0.46516	0.31046	8408.84570	0.12695	11197	1	0.49820	0.16519	1	0.45198	0.33528	1	0.47509	0.25023	1	0.48057	0.53466	10.72484	1.06646	1	0.74439	0.56264	11.32008	1.06646	1	-0.00454	-0.00953	0.67259	0.00210	1	0.06393	-0.01489	0.68212	0.00391	1	1.45898	0.81042	0	
1246696	8408.97949	3304889390099	0.46624	0.30866	8408.84570	0.13379	11197	1	0.50551	0.16838	1	0.46979	0.37713	1	0.48765	0.27275	1	0.48067	0.53473	10.61555	1.06646	1	0.74422	0.56278	11.43731	1.06646	1	-0.00454	-0.00953	0.67259	0.00214	1	0.06393	-0.01489	0.68212	0.00394	1	1.45898	0.81042	0	
1246697	8408.98633	3304889457137	0.46722	0.30735	8408.84570	0.14062	11197	1	0.50646	0.17599	1	0.46953	0.38333	1	0.48800	0.27966	1	0.48055	0.53483	10.55774	1.05845	1	0.74423	0.56294	11.51268	1.05845	1	-0.00429	-0.00891	0.62857	0.00220	1	0.06393	-0.01499	0.68212	0.00380	1	1.45898	0.81042	0	
1246698	8408.99316	3304889524729	0.46834	0.31116	8408.84570	0.14746	11197	1	0.52484	0.44058	1	0.46108	0.34966	1	0.49296	0.39512	1	0.48085	0.53760	11.19732	1.05043	1	0.74410	0.56251	10.98217	1.05043	1	-0.00429	-0.00891	0.62857	0.00357	1	0.06393	-0.01499	0.68212	0.00405	1	1.45898	0.81042	0	
1246699	8409.00000	3304889592600	0.46863	0.31078	8408.84570	0.15430	11197	1	0.48269	0.21425	1	0.46771	0.38966	1	0.47520	0.30196	1	0.48037	0.53491	10.63403	1.04241	1	0.74423	0.56280	11.40098	1.04241	1	-0.00429	-0.00891	0.62857	0.00214	1	0.06393	-0.01499	0.68212	0.00392	1	1.45898	0.81042	0	
1246700	8409.00586	3304889657908	0.46891	0.31070	8408.84570	0.16016	11197	1	0.48381	0.22170	1	0.46746	0.39590	1	0.47564	0.30880	1	0.48029	0.53766	10.64563	1.03440	1	0.74419	0.56259	11.22421	1.03440	1	-0.00465	-0.00945	0.66640	0.00357	1	0.06393	-0.01489	0.68212	0.00396	1	1.45898	0.81042	0	
1246701	8409.01270	3304889722639	0.46967	0.31005	8408.84570	0.16699	11197	1	0.49293	0.17595	1	0.48419	0.41166	1	0.48856	0.29380	1	0.48042	0.53485	10.76760	1.03440	1	0.74414	0.56298	11.93222	1.03440	1	-0.00465	-0.00945	0.66640	0.00217	1	0.06393	-0.01489	0.68212	0.00385	1	1.45898	0.81042	0	
1246702	8409.01953	3304889789697	0.47036	0.30862	8408.84570	0.17383	11197	1	0.49327	0.17673	1	0.48354	0.36624	1	0.48840	0.27149	1	0.48039	0.53488	10.66052	1.03440	1	0.74410	0.56251	10.98217	1.03440	1	-0.00465	-0.00945	0.66640	0.00220	1	0.06393	-0.01489	0.68212	0.00404	1	1.45898	0.81042	0	
1246703	8409.02637	3304889855956	0.47100	0.30741	8408.84570	0.18066	11197	1	0.49327	0.17673	1	0.48319	0.37243	1	0.48823	0.27458	1	0.48040	0.53709	10.49383	1.03440	1	0.74443	0.56283	11.40143	1.02674	1	-0.00457	-0.00935	0.65593	0.00388	1	0.06173	-0.01444	0.65914	0.00383	1	1.45898	0.81042	0	
1246704	8409.03320	3304889924470	0.47061	0.31251	8408.84570	0.18750	11197	1	0.49327	0.17673	0	0.45989	0.45540	1	0.45989	0.45540	1	0.48040	0.53709	10.49383	1.02674	0	0.74380	0.56334	11.87258	1.01908	1	-0.00457	-0.00935	0.65593	0.00388	1	0.06173	-0.01444	0.65914	0.00384	1	1.45898	0.81042	0	
1246705	8409.03906	3304889990609	0.47165	0.31672	8408.84570	0.19336	11197	1	0.49327	0.17673	0	0.50177	0.43900	1	0.50177	0.43900	1	0.48040	0.53709	10.49383	1.01908	0	0.74450	0.56295	11.42586	1.01142	1	-0.00457	-0.00935	0.65593	0.00388	1	0.06173	-0.01444	0.65914	0.00382	1	1.45898	0.81042	0	
1246706	8409.04688	3304890059357	0.47165	0.31672	8408.84570	0.20117	11197	1	0.49327	0.17673	0	0.50177	0.43900	0	0.50177	0.43900	0	0.48040	0.53709	10.49383	1.01142	0	0.74450	0.56295	11.42586	1.00376	0	-0.00457	-0.00935	0.65593	0.00388	1	0.06173	-0.01444	0.65914	0.00382	1	1.45898	0.81042	0	
1246707	8409.05273	3304890124579	0.47165	0.31672	8408.84570	0.20703	11197	1	0.49327	0.17673	0	0.50177	0.43900	0	0.50177	0.43900	0	0.48040	0.53709	10.49383	1.00376	0	0.74450	0.56295	11.42586	1.00376	0	-0.00457	-0.00935	0.65593	0.00388	1	0.06173	-0.01444	0.65914	0.00382	1	1.45898	0.81042	0	
1246708	8409.05957	3304890190863	0.47165	0.31672	8408.84570	0.21387	11197	1	0.49327	0.17673	0	0.50177	0.43900	0	0.50177	0.43900	0	0.48040	0.53709	10.49383	1.00376	0	0.74450	0.56295	11.42586	1.00376	0	-0.00457	-0.00935	0.65593	0.00388	1	0.06173	-0.01444	0.65914	0.00382	1	1.45898	0.81042	0	
1246709	8409.06641	3304890259850	0.48562	0.32642	8408.84570	0.21387	11197	0	0.49327	0.17673	0	0.50177	0.43900	0	0.50177	0.43900	0	0.48040	0.53709	10.49383	1.00376	0	0.74450	0.56295	11.42586	1.00376	0	-0.00457	-0.00935	0.65593	0.00388	1	0.06173	-0.01444	0.65914	0.00382	1	1.45898	0.81042	0	
1246710	8409.07324	3304890327566	0.48562	0.32642	8408.84570	0.21387	11197	0	0.49327	0.17673	0	0.50177	0.43900	0	0.50177	0.43900	0	0.48040	0.53709	10.49383	1.00376	0	0.74450	0.56295	11.42586	1.00376	0	-0.00457	-0.00935	0.65593	0.00388	1	0.06173	-0.01444	0.65914	0.00382	1	1.45898	0.81042	0	
1246711	8409.08008	3304890395230	0.48562	0.32642	8408.84570	0.21387	11197	0	0.49327	0.17673	0	0.50177	0.43900	0	0.50177	0.43900	0	0.48040	0.53709	10.49383	1.00376	0	0.74450	0.56295	11.42586	1.00376	0	-0.00457	-0.00935	0.65593	0.00388	1	0.06173	-0.01444	0.65914	0.00382	1	1.45898	0.81042	0	
1246712	8409.08691	3304890462238	0.00000	0.00000	8408.84570	0.21387	11197	0	0.49327	0.17673	0	0.50177	0.43900	0	0.50177	0.43900	0	0.48040	0.53709	10.49383	1.00376	0	0.74450	0.56295	11.42586	1.00376	0	-0.00457	-0.00935	0.65593	0.00388	1	0.06173	-0.01444	0.65914	0.00382	1	1.45898	0.81042	0	
1246713	8409.09375	3304890528387	0.00000	0.00000	8408.84570	0.21387	11197	0	0.49327	0.17673	0	0.50177	0.43900	0	0.50177	0.43900	0	0.48040	0.53709	10.49383	1.00376	0	0.74450	0.56295	11.42586	1.00376	0	-0.00457	-0.00935	0.65593	0.00388	1	0.06173	-0.01444	0.65914	0.00382	1	1.45898	0.81042	0	
1246714	8409.09961	3304890596074	0.00000	0.00000	8408.84570	0.21387	11197	0	0.49327	0.17673	0	0.50177	0.43900	0	0.50177	0.43900	0	0.48040	0.53709	10.49383	1.00376	0	0.74450	0.56295	11.42586	1.00376	0	-0.00457	-0.00935	0.65593	0.00388	1	0.06173	-0.01444	0.65914	0.00382	1	1.45898	0.81042	0	
1246715	8409.10645	3304890662657	0.49928	0.31583	8408.84570	0.21387	11197	0	0.49626	0.19872	1	0.50229	0.43294	1	0.49928	0.31583	1	0.47980	0.53543	11.17218	1.01177	1	0.74339	0.56269	11.17893	1.01943	1	-0.00479	-0.00978	0.67914	0.00213	1	0.06349	-0.01488	0.67958	0.00398	1	1.45898	0.81042	0	
1246716	8409.11328	3304890729621	0.49101	0.32677	8408.84570	0.21387	11197	0	0.50867	0.24540	1	0.45681	0.43000	1	0.48274	0.33770	1	0.47983	0.53556	10.87718	1.02745	1	0.74332	0.56303	11.36685	1.03511	1	-0.00479	-0.00978	0.67914	0.00211	1	0.06349	-0.01488	0.67958	0.00387	1	1.45898	0.81042	0	
1246717	8409.12012	3304890796995	0.49084	0.32227	8408.84570	0.21387	11197	0	0.51734	0.23836	1	0.46364	0.38818	1	0.49049	0.31327	1	0.47997	0.53562	10.88675	1.04313	1	0.74338	0.56277	11.25542	1.05079	1	-0.00479	-0.00978	0.67914	0.00219	1	0.06349	-0.01488	0.67958	0.00396	1	1.45898	0.81042	0	
1246718	8409.12695	3304890863817	0.49067	0.31841	8409.10645	0.02051	11198	1	0.51648	0.23144	1	0.46385	0.38226	1	0.49017	0.30685	1	0.47976	0.53565	10.76376	1.05079	1	0.74334	0.56295	11.56310	1.05845	1	-0.00481	-0.00957	0.66109	0.00225	1	0.06295	-0.01478	0.67483	0.00390	1	1.45898	0.81042	0	
1246719	8409.13379	3304890930901	0.49017	0.31431	8409.10645	0.02734	11198	1	0.48570	0.21883	1	0.49060	0.37696	1	0.48815	0.29789	1	0.47949	0.53553	10.65999	1.05043	1	0.74346	0.56258	11.28858	1.05043	1	-0.00481	-0.00957	0.66109	0.00213	1	0.06295	-0.01478	0.67483	0.00393	1	1.45898	0.81042	0	
1246720	8409.14062	3304890997997	0.48974	0.31288	8409.10645	0.03418	11198	1	0.49030	0.22803	1	0.48489	0.38337	1	0.48759	0.30570	1	0.47953	0.53544	10.85039	1.04241	1	0.74340	0.56278	11.49523	1.04241	1	-0.00481	-0.00957	0.66109	0.00219	1	0.06295	-0.01478	0.67483	0.00380	1	1.45898	0.81042	0	
1246721	8409.14746	3304891064897	0.48940	0.31228	8409.10645	0.04102	11198	1	0.49030	0.22803	1	0.48453	0.38939	1	0.48741	0.30871	1	0.47939	0.53553	10.82538	1.04241	1	0.74337	0.56289	11.65768	1.03475	1	-0.00493	-0.00972	0.67141	0.00211	1	0.06133	-0.01441	0.65805	0.00376	1	1.45898	0.81042	0	
1246722	8409.15332	3304891131677	0.47523	0.31940	8409.10645	0.04688	11198	1	0.49030	0.22803	0	0.37601	0.36927	1	0.37601	0.36927	1	0.47939	0.53553	10.82538	1.04277	0	0.47947	0.53772	10.46755	1.03511	1	-0.00493	-0.00972	0.67141	0.00211	1	0.06133	-0.01441	0.65805	0.00360	1	1.45898	0.81042	0	
1246723	8409.16016	3304891199077	0.46674	0.30420	8409.10645	0.05371	11198	1	0.49030	0.22803	0	0.39881	0.18257	1	0.39881	0.18257	1	0.47939	0.53553	10.82538	1.04313	0	0.47943	0.53553	10.88685	1.03547	1	-0.00493	-0.00972	0.67141	0.00211	1	0.06133	-0.01441	0.65805	0.00215	1	1.45898	0.81042	0	
1246724	8409.16699	3304891266142	0.45992	0.29126	8409.10645	0.06055	11198	1	0.49030	0.22803	0	0.39855	0.17475	1	0.39855	0.17475	1	0.47939	0.53553	10.82538	1.04348	0	0.47919	0.53560	10.65536	1.04348	1	-0.00493	-0.00972	0.67141	0.00211	1	-0.00493	-0.00972	0.67141	0.00223	1	1.45898	0.81042	0	
1246725	8409.17383	3304891332837	0.45484	0.30297	8409.10645	0.06738	11198	1	0.49030	0.22803	0	0.40407	0.42014	1	0.40407	0.42014	1	0.47939	0.53553	10.82538	1.04348	0	0.47962	0.53820	11.21254	1.05114	1	-0.00493	-0.00972	0.67141	0.00211	1	-0.00493	-0.00972	0.67141	0.00340	1	1.45898	0.81042	0	
1246726	8409.18066	3304891399755	0.44922	0.29084	8409.10645	0.07422	11198	1	0.49030	0.22803	0	0.38742	0.15737	1	0.38742	0.15737	1	0.47939	0.53553	10.82538	1.05114	0	0.47913	0.53562	10.72333	1.05880	1	-0.00493	-0.00972	0.67141	0.00211	1	-0.00493	-0.00972	0.67141	0.00218	1	1.45898	0.81042	0	
1246727	8409.18750	3304891466625	0.44447	0.28057	8409.10645	0.08105	11198	1	0.49030	0.22803	0	0.38742	0.15737	1	0.38742	0.15737	1	0.47939	0.53553	10.82538	1.05880	0	0.47915	0.53561	10.73820	1.05880	1	-0.00493	-0.00972	0.67141	0.00211	1	-0.00486	-0.00949	0.65532	0.00219	1	1.45898	0.81042	0	
1246728	8409.19434	3304891533639	0.44197	0.28953	8409.10645	0.08789	11198	1	0.49030	0.22803	0	0.40942	0.40600	1	0.40942	0.40600	1	0.47939	0.53553	10.82538	1.05880	0	0.47961	0.53810	10.73124	1.05114	1	-0.00493	-0.00972	0.67141	0.00211	1	-0.00486	-0.00949	0.65532	0.00350	1	1.45898	0.81042	0	
1246729	8409.20020	3304891600656	0.43977	0.29820	8409.10645	0.09375	11198	1	0.49030	0.22803	0	0.40907	0.41957	1	0.40907	0.41957	1	0.47939	0.53553	10.82538	1.05114	0	0.47965	0.53835	10.96006	1.04348	1	-0.00493	-0.00972	0.67141	0.00211	1	-0.00486	-0.00949	0.65532	0.00343	1	1.45898	0.81042	0	
1246730	8409.20703	3304891668439	0.43787	0.30614	8409.10645	0.10059	11198	1	0.49030	0.22803	0	0.40925	0.42527	1	0.40925	0.42527	1	0.47939	0.53553	10.82538	1.04348	0	0.47931	0.53824	11.55240	1.03582	1	-0.00493	-0.00972	0.67141	0.00211	1	-0.00486	-0.00949	0.65532	0.00344	1	1.45898	0.81042	0	
1246731	8409.21387	3304891735678	0.43539	0.31150	8409.10645	0.10742	11198	1	0.49030	0.22803	0	0.39572	0.39721	1	0.39572	0.39721	1	0.47939	0.53553	10.82538	1.03582	0	0.47938	0.53799	11.30255	1.03582	1	-0.00493	-0.00972	0.67141	0.00211	1	-0.00486	-0.00949	0.65532	0.00352	1	1.45898	0.81042	0	
1246732	8409.22070	3304891800211	0.40365	0.30001	8409.10645	0.10742	11198	0	0.49030	0.22803	0	0.38066	0.18182	1	0.38066	0.18182	1	0.47939	0.53553	10.82538	1.03582	0	0.47899	0.53548	11.23458	1.03582	1	-0.00493	-0.00972	0.67141	0.00211	1	-0.00486	-0.00949	0.65532	0.00214	1	1.45898	0.81042	0	
1246733	8409.22656	3304891864863	0.39216	0.24091	8409.10645	0.10742	11198	0	0.49030	0.22803	0	0.38066	0.18182	1	0.38066	0.18182	1	0.47939	0.53553	10.82538	1.03582	0	0.47902	0.53559	10.70680	1.03582	1	-0.00493	-0.00972	0.67141	0.00211	1	-0.00486	-0.00949	0.65532	0.00216	1	1.45898	0.81042	0	
1246734	8409.23340	3304891932947	0.39175	0.29558	8409.10645	0.10742	11198	0	0.49030	0.22803	0	0.39095	0.40491	1	0.39095	0.40491	1	0.47939	0.53553	10.82538	1.03582	0	0.47939	0.53816	11.54056	1.03582	1	-0.00493	-0.00972	0.67141	0.00211	1	-0.00486	-0.00949	0.65532	0.00345	1	1.45898	0.81042	0	
1246735	8409.24023	3304891999238	0.39187	0.32443	8409.22070	0.01953	11199	1	0.49030	0.22803	0	0.39221	0.41099	1	0.39221	0.41099	1	0.47939	0.53553	10.82538	1.03582	0	0.47935	0.53812	11.54280	1.03582	1	-0.00493	-0.00972	0.67141	0.00211	1	-0.00486	-0.00949	0.65532	0.00348	1	1.45898	0.81042	0	
1246736	8409.24707	3304892068112	0.39193	0.34174	8409.22070	0.02637	11199	1	0.49030	0.22803	0	0.39221	0.41099	1	0.39221	0.41099	1	0.47939	0.53553	10.82538	1.03582	0	0.47942	0.53798	11.38044	1.03582	1	-0.00493	-0.00972	0.67141	0.00211	1	-0.00486	-0.00949	0.65532	0.00356	1	1.45898	0.81042	0	
1246737	8409.25391	3304892136175	0.39222	0.34599	8409.22070	0.03320	11199	1	0.49030	0.22803	0	0.39363	0.36721	1	0.39363	0.36721	1	0.47939	0.53553	10.82538	1.03582	0	0.47933	0.53766	11.20471	1.03582	1	-0.00493	-0.00972	0.67141	0.00211	1	-0.00486	-0.00949	0.65532	0.00363	1	1.45898	0.81042	0	
1246738	8409.26074	3304892203702	0.39313	0.35644	8409.22070	0.04004	11199	1	0.49030	0.22803	0	0.39864	0.41914	1	0.39864	0.41914	1	0.47939	0.53553	10.82538	1.03582	0	0.47949	0.53829	11.38247	1.03582	1	-0.00493	-0.00972	0.67141	0.00211	1	-0.00486	-0.00949	0.65532	0.00345	1	1.45898	0.81042	0	
1246739	8409.26758	3304892270933	0.39382	0.36427	8409.22070	0.04688	11199	1	0.49030	0.22803	0	0.39864	0.41914	1	0.39864	0.41914	1	0.47939	0.53553	10.82538	1.03582	0	0.47937	0.53823	11.43903	1.03582	1	-0.00493	-0.00972	0.67141	0.00211	1	-0.00486	-0.00949	0.65532	0.00340	1	1.45898	0.81042	0	
1246740	8409.27441	3304892337076	0.40647	0.37466	8409.22070	0.05371	11199	1	0.53157	0.42736	1	0.48379	0.48807	1	0.50768	0.45772	1	0.47934	0.53792	11.11491	1.03582	1	0.74261	0.56274	11.67907	1.03582	1	-0.00493	-0.00972	0.67141	0.00355	1	-0.00486	-0.00949	0.65532	0.00391	1	1.45898	0.81042	0	
1246741	8409.28125	3304892405021	0.41693	0.38153	8409.22070	0.06055	11199	1	0.53661	0.45667	1	0.48547	0.43018	1	0.51104	0.44343	1	0.47936	0.53823	11.59747	1.03582	1	0.74265	0.56209	11.78484	1.03582	1	-0.00493	-0.00972	0.67141	0.00347	1	-0.00486	-0.00949	0.65532	0.00377	1	1.45898	0.81042	0	
1246742	8409.28809	3304892471575	0.42550	0.38690	8409.22070	0.06738	11199	1	0.53661	0.45667	1	0.48583	0.42447	1	0.51122	0.44057	1	0.47889	0.53567	10.75280	1.03582	1	0.74257	0.56228	11.99990	1.04348	1	-0.00513	-0.00991	0.68450	0.00220	1	0.06297	-0.01473	0.67728	0.00373	1	1.45898	0.81042	0	
1246743	8409.29395	3304892538479	0.43105	0.38170	8409.22070	0.07324	11199	1	0.49145	0.19449	1	0.49272	0.45438	1	0.49209	0.32443	1	0.47887	0.53582	11.08703	1.04348	1	0.74279	0.56252	11.26244	1.05114	1	-0.00513	-0.00991	0.68450	0.00217	1	0.06297	-0.01473	0.67728	0.00395	1	1.45898	0.81042	0	
1246744	8409.30078	3304892605917	0.43524	0.37463	8409.22070	0.08008	11199	1	0.49712	0.18571	1	0.47387	0.39395	1	0.48549	0.28983	1	0.47897	0.53562	10.76619	1.05114	1	0.74247	0.56243	12.16089	1.05880	1	-0.00513	-0.00991	0.68450	0.00225	1	0.06297	-0.01473	0.67728	0.00385	1	1.45898	0.81042	0	
1246745	8409.30762	3304892673468	0.43883	0.36859	8409.22070	0.08691	11199	1	0.49716	0.18605	1	0.47385	0.39423	1	0.48551	0.29014	1	0.47934	0.53804	11.40032	1.05079	1	0.74243	0.56268	12.40421	1.05845	1	-0.00486	-0.00949	0.65532	0.00351	1	0.06297	-0.01473	0.67728	0.00382	1	1.45898	0.81042	0	
1246746	8409.31445	3304892739484	0.44311	0.37126	8409.22070	0.09375	11199	1	0.52403	0.39602	1	0.48207	0.42112	1	0.50305	0.40857	1	0.47924	0.53801	11.23281	1.05043	1	0.74261	0.56219	11.72199	1.05043	1	-0.00486	-0.00949	0.65532	0.00349	1	0.06297	-0.01473	0.67728	0.00399	1	1.45898	0.81042	0	
1246747	8409.32129	3304892806577	0.46542	0.39317	8409.22070	0.09375	11199	0	0.53433	0.45287	1	0.47736	0.44087	1	0.50585	0.44687	1	0.47925	0.53834	11.03323	1.04241	1	0.74251	0.56224	11.78034	1.04241	1	-0.00486	-0.00949	0.65532	0.00353	1	0.06297	-0.01473	0.67728	0.00397	1	1.45898	0.81042	0	
1246748	8409.32812	3304892873550	0.48563	0.42002	8409.22070	0.09375	11199	0	0.53433	0.45287	1	0.47736	0.44087	1	0.50585	0.44687	1	0.47920	0.53810	10.97753	1.04241	1	0.74241	0.56214	11.57867	1.04241	1	-0.00513	-0.00991	0.68450	0.00346	1	0.06297	-0.01473	0.67728	0.00395	1	1.45898	0.81042	0	
1246749	8409.33496	3304892941205	0.49140	0.42468	8409.22070	0.09375	11199	0	0.52573	0.42548	1	0.48012	0.44252	1	0.50293	0.43400	1	0.47925	0.53803	11.35588	1.05043	1	0.74254	0.56242	11.99632	1.05043	1	-0.00513	-0.00991	0.68450	0.00350	1	0.06297	-0.01473	0.67728	0.00390	1	1.45898	0.81042	0	
1246750	8409.34082	3304893007318	0.49176	0.42620	8409.32129	0.01953	11200	1	0.50819	0.42639	1	0.47752	0.43511	1	0.49286	0.43075	1	0.47902	0.53778	10.96583	1.05845	1	0.74252	0.56245	11.90857	1.05845	1	-0.00513	-0.00991	0.68450	0.00341	1	0.06297	-0.01473	0.67728	0.00388	1	1.45898	0.81042	0	
1246751	8409.34766	3304893074585	0.49189	0.42651	8409.32129	0.02637	11200	1	0.50724	0.42068	1	0.47754	0.43485	1	0.49239	0.42776	1	0.47933	0.53830	11.22048	1.06646	1	0.74273	0.56277	11.73619	1.05880	1	-0.00513	-0.00991	0.68450	0.00350	1	0.06038	-0.01419	0.64997	0.00383	1	1.45898	0.81042	0	
1246752	8409.35449	3304893141779	0.49332	0.41615	8409.32129	0.03320	11200	1	0.51513	0.33738	1	0.48586	0.39136	1	0.50050	0.36437	1	0.47915	0.53774	11.15319	1.05880	1	0.74262	0.56189	11.66038	1.05114	1	-0.00513	-0.00991	0.68450	0.00348	1	0.06038	-0.01419	0.64997	0.00411	1	1.45898	0.81042	0	
1246753	8409.36133	3304893208311	0.49480	0.41158	8409.32129	0.04004	11200	1	0.50888	0.36791	1	0.49844	0.40039	1	0.50366	0.38415	1	0.47900	0.53739	10.82929	1.05114	1	0.74284	0.56223	11.23521	1.04348	1	-0.00513	-0.00991	0.68450	0.00368	1	0.06038	-0.01419	0.64997	0.00407	1	1.45898	0.81042	0	
1246754	8409.36816	3304893275367	0.49597	0.40966	8409.32129	0.04688	11200	1	0.51074	0.38003	1	0.49752	0.41245	1	0.50413	0.39624	1	0.47918	0.53748	11.11956	1.03547	1	0.74256	0.56252	12.08507	1.02781	1	-0.00486	-0.00949	0.65532	0.00374	1	0.06038	-0.01419	0.64997	0.00388	1	1.45898	0.81042	0	
1246755	8409.37500	3304893342084	0.49665	0.40960	8409.32129	0.05371	11200	1	0.52653	0.41667	1	0.47775	0.40157	1	0.50214	0.40912	1	0.47916	0.53763	10.80022	1.01979	1	0.74251	0.56225	11.76097	1.01979	1	-0.00486	-0.00949	0.65532	0.00384	1	0.06038	-0.01419	0.64997	0.00392	1	1.45898	0.81042	0	
1246756	8409.38184	3304893409372	0.49713	0.41334	8409.32129	0.06055	11200	1	0.53249	0.43060	1	0.47036	0.46324	1	0.50143	0.44692	1	0.47923	0.53782	11.06369	1.01177	1	0.74244	0.56227	11.75636	1.01177	1	-0.00486	-0.00949	0.65532	0.00365	1	0.06038	-0.01419	0.64997	0.00391	1	1.45898	0.81042	0	
1246757	8409.38770	3304893475919	0.49753	0.41613	8409.32129	0.06641	11200	1	0.53249	0.43060	1	0.47063	0.45765	1	0.50156	0.44413	1	0.47928	0.53791	11.40893	1.01177	1	0.74261	0.56202	11.08221	1.01943	1	-0.00513	-0.00991	0.68450	0.00345	1	0.06297	-0.01473	0.67728	0.00402	1	1.45898	0.81042	0	
1246758	8409.39453	3304893543383	0.49721	0.41404	8409.32129	0.07324	11200	1	0.51426	0.36886	1	0.47309	0.41312	1	0.49368	0.39099	1	0.47918	0.53767	11.22377	1.02745	1	0.74243	0.56202	11.52236	1.03511	1	-0.00513	-0.00991	0.68450	0.00347	1	0.06297	-0.01473	0.67728	0.00397	1	1.45898	0.81042	0	
1246759	8409.40137	3304893609256	0.49750	0.41306	8409.32129	0.08008	11200	1	0.52880	0.40604	1	0.47312	0.39656	1	0.50096	0.40130	1	0.47928	0.53768	11.19580	1.04313	1	0.74242	0.56250	12.01980	1.05079	1	-0.00513	-0.00991	0.68450	0.00361	1	0.06297	-0.01473	0.67728	0.00382	1	1.45898	0.81042	0	
1246760	8409.40820	3304893672873	0.49769	0.41089	8409.32129	0.08691	11200	1	0.52625	0.38768	1	0.47401	0.37759	1	0.50013	0.38263	1	0.47927	0.53767	11.26567	1.06789	1	0.74244	0.56232	12.12350	1.07555	1	-0.00521	-0.01017	0.70227	0.00365	1	0.06297	-0.01473	0.67728	0.00398	1	1.45898	0.81042	0	
1246761	8409.41504	3304893741567	0.49806	0.40557	8409.32129	0.09375	11200	1	0.52170	0.37805	1	0.48487	0.28428	1	0.50328	0.33116	1	0.47915	0.53775	11.29707	1.08463	1	0.74254	0.56092	11.79594	1.08463	1	-0.00521	-0.01017	0.70227	0.00362	1	0.06297	-0.01473	0.67728	0.00409	1	1.45898	0.81042	0	
1246762	8409.42090	3304893807116	0.49797	0.40090	8409.32129	0.09961	11200	1	0.51931	0.35054	1	0.47399	0.31115	1	0.49665	0.33084	1	0.47921	0.53761	11.18462	1.09372	1	0.74238	0.56139	11.60578	1.09372	1	-0.00521	-0.01017	0.70227	0.00365	1	0.06297	-0.01473	0.67728	0.00402	1	1.45898	0.81042	0	
1246763	8409.42773	3304893876454	0.49791	0.39715	8409.32129	0.10645	11200	1	0.52016	0.35662	1	0.47371	0.31767	1	0.49694	0.33715	1	0.47916	0.53772	11.16768	1.08570	1	0.74229	0.56240	12.78984	1.08570	1	-0.00490	-0.00951	0.66034	0.00370	1	0.06297	-0.01473	0.67728	0.00368	1	1.45898	0.81042	0	
1246764	8409.43457	3304893940860	0.49789	0.39625	8409.32129	0.11328	11200	1	0.52035	0.40748	1	0.47469	0.35451	1	0.49752	0.38100	1	0.47927	0.53795	11.44311	1.06860	1	0.74243	0.56163	12.09153	1.06860	1	-0.00490	-0.00951	0.66034	0.00358	1	0.06297	-0.01473	0.67728	0.00411	1	1.45898	0.81042	0	
1246765	8409.44141	3304894012164	0.49779	0.39837	8409.32129	0.12012	11200	1	0.52247	0.40257	1	0.46950	0.47050	1	0.49599	0.43653	1	0.47917	0.53778	11.16544	1.05150	1	0.74233	0.56255	12.62561	1.05150	1	-0.00490	-0.00951	0.66034	0.00366	1	0.06297	-0.01473	0.67728	0.00364	1	1.45898	0.81042	0	
1246766	8409.44824	3304894076092	0.49773	0.40103	8409.32129	0.12695	11200	1	0.52432	0.41521	1	0.46870	0.48771	1	0.49651	0.45146	1	0.47915	0.53776	11.21008	1.03440	1	0.74240	0.56225	12.57202	1.02674	1	-0.00490	-0.00941	0.66034	0.00366	1	0.06131	-0.01433	0.65892	0.00368	1	1.45898	0.81042	0	
1246767	8409.45508	3304894141519	0.49728	0.40184	8409.32129	0.13379	11200	1	0.49616	0.42419	1	0.48057	0.41206	1	0.48837	0.41813	1	0.47911	0.53764	11.21217	1.02674	1	0.74259	0.56170	11.85684	1.01908	1	-0.00490	-0.00941	0.66034	0.00378	1	0.06131	-0.01433	0.65892	0.00404	1	1.45898	0.81042	0	
1246768	8409.46191	3304894210242	0.49644	0.40282	8409.32129	0.14062	11200	1	0.49616	0.42419	0	0.47875	0.42336	1	0.47875	0.42336	1	0.47911	0.53764	11.21217	1.01908	0	0.74258	0.56182	11.88339	1.01142	1	-0.00490	-0.00941	0.66034	0.00378	1	0.06131	-0.01433	0.65892	0.00399	1	1.45898	0.81042	0	
1246769	8409.46875	3304894277793	0.49644	0.40282	8409.32129	0.14746	11200	1	0.49616	0.42419	0	0.47875	0.42336	0	0.47875	0.42336	0	0.47911	0.53764	11.21217	1.01142	0	0.74258	0.56182	11.88339	1.00376	0	-0.00490	-0.00941	0.66034	0.00378	1	0.06131	-0.01433	0.65892	0.00399	1	1.45898	0.81042	0	
1246770	8409.47461	3304894345997	0.49644	0.40282	8409.32129	0.15332	11200	1	0.49616	0.42419	0	0.47875	0.42336	0	0.47875	0.42336	0	0.47911	0.53764	11.21217	1.00376	0	0.74258	0.56182	11.88339	1.00376	0	-0.00490	-0.00941	0.66034	0.00378	1	0.06131	-0.01433	0.65892	0.00399	1	1.45898	0.81042	0	
1246771	8409.48145	3304894411213	0.49644	0.40282	8409.32129	0.16016	11200	1	0.49616	0.42419	0	0.47875	0.42336	0	0.47875	0.42336	0	0.47911	0.53764	11.21217	1.00376	0	0.74258	0.56182	11.88339	1.00376	0	-0.00490	-0.00941	0.66034	0.00378	1	0.06131	-0.01433	0.65892	0.00399	1	1.45898	0.81042	0	
1246772	8409.48828	3304894480749	0.49586	0.39406	8409.32129	0.16016	11200	0	0.49616	0.42419	0	0.47875	0.42336	0	0.47875	0.42336	0	0.47911	0.53764	11.21217	1.00376	0	0.74258	0.56182	11.88339	1.00376	0	-0.00490	-0.00941	0.66034	0.00378	1	0.06131	-0.01433	0.65892	0.00399	1	1.45898	0.81042	0	
1246773	8409.49512	3304894547984	0.49586	0.39406	8409.32129	0.16016	11200	0	0.49616	0.42419	0	0.47875	0.42336	0	0.47875	0.42336	0	0.47911	0.53764	11.21217	1.00376	0	0.74258	0.56182	11.88339	1.00376	0	-0.00490	-0.00941	0.66034	0.00378	1	0.06131	-0.01433	0.65892	0.00399	1	1.45898	0.81042	0	
1246774	8409.50195	3304894614585	0.49586	0.39406	8409.32129	0.16016	11200	0	0.49616	0.42419	0	0.47875	0.42336	0	0.47875	0.42336	0	0.47911	0.53764	11.21217	1.00376	0	0.74258	0.56182	11.88339	1.00376	0	-0.00490	-0.00941	0.66034	0.00378	1	0.06131	-0.01433	0.65892	0.00399	1	1.45898	0.81042	0	
1246775	8409.50879	3304894682842	0.00000	0.00000	8409.32129	0.16016	11200	0	0.49616	0.42419	0	0.47875	0.42336	0	0.47875	0.42336	0	0.47911	0.53764	11.21217	1.00376	0	0.74258	0.56182	11.88339	1.00376	0	-0.00490	-0.00941	0.66034	0.00378	1	0.06131	-0.01433	0.65892	0.00399	1	1.45898	0.81042	0	
1246776	8409.51562	3304894750251	0.00000	0.00000	8409.32129	0.16016	11200	0	0.49616	0.42419	0	0.47875	0.42336	0	0.47875	0.42336	0	0.47911	0.53764	11.21217	1.00376	0	0.74258	0.56182	11.88339	1.00376	0	-0.00490	-0.00941	0.66034	0.00378	1	0.06131	-0.01433	0.65892	0.00399	1	1.45898	0.81042	0	
1246777	8409.52246	3304894815996	0.00000	0.00000	8409.32129	0.16016	11200	0	0.49616	0.42419	0	0.47875	0.42336	0	0.47875	0.42336	0	0.47911	0.53764	11.21217	1.00376	0	0.74258	0.56182	11.88339	1.00376	0	-0.00490	-0.00941	0.66034	0.00378	1	0.06131	-0.01433	0.65892	0.00399	1	1.45898	0.81042	0	
1246778	8409.52832	3304894882979	0.00000	0.00000	8409.32129	0.16016	11200	0	0.49616	0.42419	0	0.47875	0.42336	0	0.47875	0.42336	0	0.47911	0.53764	11.21217	1.00376	0	0.74258	0.56182	11.88339	1.00376	0	-0.00490	-0.00941	0.66034	0.00378	1	0.06131	-0.01433	0.65892	0.00399	1	1.45898	0.81042	0	
1246779	8409.53516	3304894950286	0.00000	0.00000	8409.32129	0.16016	11200	0	0.49616	0.42419	0	0.47875	0.42336	0	0.47875	0.42336	0	0.47911	0.53764	11.21217	1.00376	0	0.74258	0.56182	11.88339	1.00376	0	-0.00490	-0.00941	0.66034	0.00378	1	0.06131	-0.01433	0.65892	0.00399	1	1.45898	0.81042	0	
1246780	8409.54199	3304895016973	0.00000	0.00000	8409.32129	0.16016	11200	0	0.49616	0.42419	0	0.47875	0.42336	0	0.47875	0.42336	0	0.47911	0.53764	11.21217	1.00376	0	0.74258	0.56182	11.88339	1.00376	0	-0.00490	-0.00941	0.66034	0.00378	1	0.06131	-0.01433	0.65892	0.00399	1	1.45898	0.81042	0	
1246781	8409.54883	3304895083997	0.00000	0.00000	8409.32129	0.16016	11200	0	0.49616	0.42419	0	0.47875	0.42336	0	0.47875	0.42336	0	0.47911	0.53764	11.21217	1.00376	0	0.74258	0.56182	11.88339	1.00376	0	-0.00490	-0.00941	0.66034	0.00378	1	0.06131	-0.01433	0.65892	0.00399	1	1.45898	0.81042	0	
1246782	8409.55566	3304895150618	0.00000	0.00000	8409.32129	0.16016	11200	0	0.49616	0.42419	0	0.47875	0.42336	0	0.47875	0.42336	0	0.47911	0.53764	11.21217	1.00376	0	0.74258	0.56182	11.88339	1.00376	0	-0.00490	-0.00941	0.66034	0.00378	1	0.06131	-0.01433	0.65892	0.00399	1	1.45898	0.81042	0	
1246783	8409.56250	3304895218571	0.00000	0.00000	8409.32129	0.16016	11200	0	0.49616	0.42419	0	0.47875	0.42336	0	0.47875	0.42336	0	0.47911	0.53764	11.21217	1.00376	0	0.74258	0.56182	11.88339	1.00376	0	-0.00490	-0.00941	0.66034	0.00378	1	0.06131	-0.01433	0.65892	0.00399	1	1.45898	0.81042	0	
1246784	8409.56934	3304895286465	0.00000	0.00000	8409.32129	0.16016	11200	0	0.49616	0.42419	0	0.47875	0.42336	0	0.47875	0.42336	0	0.47911	0.53764	11.21217	1.00376	0	0.74258	0.56182	11.88339	1.00376	0	-0.00490	-0.00941	0.66034	0.00378	1	0.06131	-0.01433	0.65892	0.00399	1	1.45898	0.81042	0	
1246785	8409.57520	3304895351912	0.00000	0.00000	8409.32129	0.16016	11200	0	0.49616	0.42419	0	0.47875	0.42336	0	0.47875	0.42336	0	0.47911	0.53764	11.21217	1.00376	0	0.74258	0.56182	11.88339	1.00376	0	-0.00490	-0.00941	0.66034	0.00378	1	0.06131	-0.01433	0.65892	0.00399	1	1.45898	0.81042	0	
1246786	8409.58203	3304895418878	0.00000	0.00000	8409.32129	0.16016	11200	0	0.49616	0.42419	0	0.47875	0.42336	0	0.47875	0.42336	0	0.47911	0.53764	11.21217	1.00376	0	0.74258	0.56182	11.88339	1.00376	0	-0.00490	-0.00941	0.66034	0.00378	1	0.06131	-0.01433	0.65892	0.00399	1	1.45898	0.81042	0	
1246787	8409.58887	3304895485744	0.00000	0.00000	8409.32129	0.16016	11200	0	0.49616	0.42419	0	0.47875	0.42336	0	0.47875	0.42336	0	0.47911	0.53764	11.21217	1.00376	0	0.74258	0.56182	11.88339	1.00376	0	-0.00490	-0.00941	0.66034	0.00378	1	0.06131	-0.01433	0.65892	0.00399	1	1.45898	0.81042	0	
1246788	8409.59570	3304895552711	0.00000	0.00000	8409.32129	0.16016	11200	0	0.49616	0.42419	0	0.47875	0.42336	0	0.47875	0.42336	0	0.47911	0.53764	11.21217	1.00376	0	0.74258	0.56182	11.88339	1.00376	0	-0.00490	-0.00941	0.66034	0.00378	1	0.06131	-0.01433	0.65892	0.00399	1	1.45898	0.81042	0	
1246789	8409.60254	3304895619847	0.00000	0.00000	8409.32129	0.16016	11200	0	0.49616	0.42419	0	0.47875	0.42336	0	0.47875	0.42336	0	0.47911	0.53764	11.21217	1.00376	0	0.74258	0.56182	11.88339	1.00376	0	-0.00490	-0.00941	0.66034	0.00378	1	0.06131	-0.01433	0.65892	0.00399	1	1.45898	0.81042	0	
1246790	8409.60938	3304895685374	0.00000	0.00000	8409.32129	0.16016	11200	0	0.49616	0.42419	0	0.47875	0.42336	0	0.47875	0.42336	0	0.47911	0.53764	11.21217	1.00376	0	0.74258	0.56182	11.88339	1.00376	0	-0.00490	-0.00941	0.66034	0.00378	1	0.06131	-0.01433	0.65892	0.00399	1	1.45898	0.81042	0	
1246791	8409.61621	3304895753323	0.00000	0.00000	8409.32129	0.16016	11200	0	0.49616	0.42419	0	0.47875	0.42336	0	0.47875	0.42336	0	0.47911	0.53764	11.21217	1.00376	0	0.74258	0.56182	11.88339	1.00376	0	-0.00490	-0.00941	0.66034	0.00378	1	0.06131	-0.01433	0.65892	0.00399	1	1.45898	0.81042	0	
1246792	8409.62207	3304895820394	0.00000	0.00000	8409.32129	0.16016	11200	0	0.49616	0.42419	0	0.47875	0.42336	0	0.47875	0.42336	0	0.47911	0.53764	11.21217	1.00376	0	0.74258	0.56182	11.88339	1.00376	0	-0.00490	-0.00941	0.66034	0.00378	1	0.06131	-0.01433	0.65892	0.00399	1	1.45898	0.81042	0	
1246793	8409.62891	3304895887146	0.00000	0.00000	8409.32129	0.16016	11200	0	0.49616	0.42419	0	0.47875	0.42336	0	0.47875	0.42336	0	0.47911	0.53764	11.21217	1.00376	0	0.74258	0.56182	11.88339	1.00376	0	-0.00490	-0.00941	0.66034	0.00378	1	0.06131	-0.01433	0.65892	0.00399	1	1.45898	0.81042	0	
1246794	8409.63574	3304895954808	0.00000	0.00000	8409.32129	0.16016	11200	0	0.49616	0.42419	0	0.47875	0.42336	0	0.47875	0.42336	0	0.47911	0.53764	11.21217	1.00376	0	0.74258	0.56182	11.88339	1.00376	0	-0.00490	-0.00941	0.66034	0.00378	1	0.06131	-0.01433	0.65892	0.00399	1	1.45898	0.81042	0	
1246795	8409.64258	3304896019971	0.00000	0.00000	8409.32129	0.16016	11200	0	0.49616	0.42419	0	0.47875	0.42336	0	0.47875	0.42336	0	0.47911	0.53764	11.21217	1.00376	0	0.74258	0.56182	11.88339	1.00376	0	-0.00490	-0.00941	0.66034	0.00378	1	0.06131	-0.01433	0.65892	0.00399	1	1.45898	0.81042	0	
1246796	8409.64941	3304896087150	0.00000	0.00000	8409.32129	0.16016	11200	0	0.49616	0.42419	0	0.47875	0.42336	0	0.47875	0.42336	0	0.47911	0.53764	11.21217	1.00376	0	0.74258	0.56182	11.88339	1.00376	0	-0.00490	-0.00941	0.66034	0.00378	1	0.06131	-0.01433	0.65892	0.00399	1	1.45898	0.81042	0	
1246797	8409.65625	3304896155125	0.00000	0.00000	8409.32129	0.16016	11200	0	0.49616	0.42419	0	0.47875	0.42336	0	0.47875	0.42336	0	0.47911	0.53764	11.21217	1.00376	0	0.74258	0.56182	11.88339	1.00376	0	-0.00490	-0.00941	0.66034	0.00378	1	0.06131	-0.01433	0.65892	0.00399	1	1.45898	0.81042	0	
1246798	8409.66309	3304896222678	0.00000	0.00000	8409.32129	0.16016	11200	0	0.49616	0.42419	0	0.47875	0.42336	0	0.47875	0.42336	0	0.47911	0.53764	11.21217	1.00376	0	0.74258	0.56182	11.88339	1.00376	0	-0.00490	-0.00941	0.66034	0.00378	1	0.06131	-0.01433	0.65892	0.00399	1	1.45898	0.81042	0	
1246799	8409.66895	3304896289215	0.48862	0.42621	8409.32129	0.16016	11200	0	0.49815	0.43522	1	0.47909	0.41719	1	0.48862	0.42621	1	0.47915	0.53550	10.92139	1.01177	1	0.74302	0.56075	12.38533	1.01943	1	-0.00493	-0.00932	0.67141	0.00372	1	0.06295	-0.01437	0.67483	0.00404	1	1.45898	0.81042	0	
1246800	8409.67578	3304896356521	0.48369	0.40398	8409.32129	0.16016	11200	0	0.49748	0.36066	1	0.46002	0.40283	1	0.47875	0.38174	1	0.47917	0.53540	10.95970	1.02745	1	0.74300	0.56081	12.36165	1.03511	1	-0.00493	-0.00932	0.67141	0.00374	1	0.06295	-0.01437	0.67483	0.00406	1	1.45898	0.81042	0	
1246801	8409.68262	3304896423630	0.48703	0.40589	8409.32129	0.16016	11200	0	0.52388	0.45529	1	0.46358	0.36413	1	0.49373	0.40971	1	0.47918	0.53607	11.17919	1.04313	1	0.74301	0.56068	12.26735	1.05079	1	-0.00493	-0.00932	0.67141	0.00386	1	0.06295	-0.01437	0.67483	0.00408	1	1.45898	0.81042	0	
1246802	8409.68945	3304896490397	0.48858	0.40306	8409.66895	0.02051	11201	1	0.52220	0.44440	1	0.46423	0.34474	1	0.49321	0.39457	1	0.47924	0.53608	11.42304	1.05880	1	0.74301	0.56118	12.32560	1.07514	1	-0.00506	-0.00951	0.68899	0.00351	1	0.06563	-0.01513	0.70305	0.00386	1	1.45898	0.81042	0	
1246803	8409.69629	3304896557438	0.48514	0.38805	8409.66895	0.02734	11201	1	0.49579	0.32735	1	0.44694	0.32868	1	0.47136	0.32801	1	0.47924	0.53591	11.33501	1.07514	1	0.74316	0.56057	12.28463	1.08382	1	-0.00506	-0.00951	0.68899	0.00357	1	0.06563	-0.01513	0.70305	0.00391	1	1.45898	0.81042	0	
1246804	8409.70312	3304896624395	0.48483	0.37414	8409.66895	0.03418	11201	1	0.52020	0.34984	1	0.44635	0.25932	1	0.48328	0.30458	1	0.47927	0.53615	11.47154	1.08382	1	0.74311	0.56034	12.28169	1.09250	1	-0.00506	-0.00951	0.68899	0.00360	1	0.06563	-0.01513	0.70305	0.00397	1	1.45898	0.81042	0	
1246805	8409.70996	3304896691769	0.48454	0.36373	8409.66895	0.04102	11201	1	0.51928	0.34319	1	0.44635	0.25932	1	0.48282	0.30126	1	0.47914	0.53667	11.61950	1.09250	1	0.74302	0.56109	12.46070	1.09250	1	-0.00493	-0.00932	0.67141	0.00370	1	0.06374	-0.01461	0.68334	0.00378	1	1.45898	0.81042	0	
1246806	8409.71680	3304896758657	0.48555	0.36230	8409.66895	0.04785	11201	1	0.52334	0.34097	1	0.46198	0.36369	1	0.49266	0.35233	1	0.47931	0.53646	11.41637	1.09250	1	0.74337	0.56065	12.29800	1.08382	1	-0.00493	-0.00932	0.67141	0.00367	1	0.06374	-0.01461	0.68334	0.00378	1	1.45898	0.81042	0	
1246807	8409.72266	3304896825751	0.48563	0.36118	8409.66895	0.05371	11201	1	0.52406	0.37860	1	0.44849	0.32579	1	0.48627	0.35220	1	0.47970	0.53659	12.14534	1.08382	1	0.74314	0.56093	12.46266	1.07514	1	-0.00493	-0.00932	0.67141	0.00366	1	0.06374	-0.01461	0.68334	0.00386	1	1.45898	0.81042	0	
1246808	8409.72949	3304896892217	0.48573	0.36127	8409.66895	0.06055	11201	1	0.52495	0.38502	1	0.44828	0.33907	1	0.48662	0.36204	1	0.47912	0.53634	11.39744	1.07514	1	0.74313	0.56109	12.26341	1.05880	1	-0.00493	-0.00932	0.67141	0.00347	1	0.06154	-0.01414	0.65922	0.00373	1	1.45898	0.81042	0	
1246809	8409.73633	3304896959291	0.48477	0.35937	8409.66895	0.06738	11201	1	0.52495	0.38502	0	0.47519	0.34037	1	0.47519	0.34037	1	0.47912	0.53634	11.39744	1.05880	0	0.74368	0.56100	12.75237	1.05114	1	-0.00493	-0.00932	0.67141	0.00347	1	0.06154	-0.01414	0.65922	0.00362	1	1.45898	0.81042	0	
1246810	8409.74316	3304897026292	0.48174	0.35920	8409.66895	0.07422	11201	1	0.52495	0.38502	0	0.44835	0.35738	1	0.44835	0.35738	1	0.47912	0.53634	11.39744	1.05114	0	0.74317	0.56098	12.13307	1.04348	1	-0.00493	-0.00932	0.67141	0.00347	1	0.06154	-0.01414	0.65922	0.00367	1	1.45898	0.81042	0	
1246811	8409.75000	3304897093237	0.47917	0.35906	8409.66895	0.08105	11201	1	0.52495	0.38502	0	0.44835	0.35738	1	0.44835	0.35738	1	0.47912	0.53634	11.39744	1.04348	0	0.74335	0.56115	12.61759	1.04348	1	-0.00493	-0.00932	0.67141	0.00347	1	0.06295	-0.01442	0.67483	0.00367	1	1.45898	0.81042	0	
1246812	8409.75684	3304897160533	0.47917	0.35906	8409.66895	0.08789	11201	1	0.52495	0.38502	0	0.44835	0.35738	0	0.44835	0.35738	0	0.47912	0.53634	11.39744	1.04348	0	0.74335	0.56115	12.61759	1.05114	0	-0.00493	-0.00932	0.67141	0.00347	1	0.06295	-0.01442	0.67483	0.00367	1	1.45898	0.81042	0	
1246813	8409.76367	3304897227996	0.47917	0.35906	8409.66895	0.09473	11201	1	0.52495	0.38502	0	0.44835	0.35738	0	0.44835	0.35738	0	0.47912	0.53634	11.39744	1.05114	0	0.74335	0.56115	12.61759	1.05880	0	-0.00493	-0.00932	0.67141	0.00347	1	0.06295	-0.01442	0.67483	0.00367	1	1.45898	0.81042	0	
1246814	8409.76953	3304897294550	0.47917	0.35906	8409.66895	0.10059	11201	1	0.52495	0.38502	0	0.44835	0.35738	0	0.44835	0.35738	0	0.47912	0.53634	11.39744	1.05880	0	0.74335	0.56115	12.61759	1.06646	0	-0.00493	-0.00932	0.67141	0.00347	1	0.06295	-0.01442	0.67483	0.00367	1	1.45898	0.81042	0	
1246815	8409.77637	3304897360469	0.47838	0.35346	8409.66895	0.10059	11201	0	0.52495	0.38502	0	0.44835	0.35738	0	0.44835	0.35738	0	0.47912	0.53634	11.39744	1.06646	0	0.74335	0.56115	12.61759	1.06646	0	-0.00493	-0.00932	0.67141	0.00347	1	0.06295	-0.01442	0.67483	0.00367	1	1.45898	0.81042	0	
1246816	8409.78320	3304897429672	0.47838	0.35346	8409.66895	0.10059	11201	0	0.52495	0.38502	0	0.44835	0.35738	0	0.44835	0.35738	0	0.47912	0.53634	11.39744	1.06646	0	0.74335	0.56115	12.61759	1.06646	0	-0.00493	-0.00932	0.67141	0.00347	1	0.06295	-0.01442	0.67483	0.00367	1	1.45898	0.81042	0	
1246817	8409.79004	3304897496590	0.47838	0.35346	8409.66895	0.10059	11201	0	0.52495	0.38502	0	0.44835	0.35738	0	0.44835	0.35738	0	0.47912	0.53634	11.39744	1.06646	0	0.74335	0.56115	12.61759	1.06646	0	-0.00493	-0.00932	0.67141	0.00347	1	0.06295	-0.01442	0.67483	0.00367	1	1.45898	0.81042	0	
1246818	8409.79688	3304897562410	0.00000	0.00000	8409.66895	0.10059	11201	0	0.52495	0.38502	0	0.44835	0.35738	0	0.44835	0.35738	0	0.47912	0.53634	11.39744	1.06646	0	0.74335	0.56115	12.61759	1.06646	0	-0.00493	-0.00932	0.67141	0.00347	1	0.06295	-0.01442	0.67483	0.00367	1	1.45898	0.81042	0	
1246819	8409.80371	3304897629153	0.00000	0.00000	8409.66895	0.10059	11201	0	0.52495	0.38502	0	0.44835	0.35738	0	0.44835	0.35738	0	0.47912	0.53634	11.39744	1.06646	0	0.74335	0.56115	12.61759	1.06646	0	-0.00493	-0.00932	0.67141	0.00347	1	0.06295	-0.01442	0.67483	0.00367	1	1.45898	0.81042	0	
1246820	8409.80957	3304897693596	0.00000	0.00000	8409.66895	0.10059	11201	0	0.52495	0.38502	0	0.44835	0.35738	0	0.44835	0.35738	0	0.47912	0.53634	11.39744	1.06646	0	0.74335	0.56115	12.61759	1.06646	0	-0.00493	-0.00932	0.67141	0.00347	1	0.06295	-0.01442	0.67483	0.00367	1	1.45898	0.81042	0	
1246821	8409.81641	3304897758987	0.49597	0.42328	8409.66895	0.10059	11201	0	0.52618	0.36529	1	0.46576	0.48127	1	0.49597	0.42328	1	0.47925	0.53655	11.53992	1.06646	1	0.74312	0.56196	12.56263	1.06646	1	-0.00493	-0.00932	0.67141	0.00377	1	0.06295	-0.01442	0.67483	0.00377	1	1.45898	0.81042	0	
1246822	8409.82324	3304897827518	0.49677	0.38251	8409.66895	0.10059	11201	0	0.52738	0.31015	1	0.46777	0.37331	1	0.49758	0.34173	1	0.47942	0.53580	11.70841	1.06646	1	0.74312	0.56153	12.82657	1.06646	1	-0.00493	-0.00932	0.67141	0.00390	1	0.06295	-0.01442	0.67483	0.00372	1	1.45898	0.81042	0	
1246823	8409.83008	3304897895196	0.49700	0.36990	8409.66895	0.10059	11201	0	0.52738	0.31015	1	0.46754	0.37925	1	0.49746	0.34470	1	0.47939	0.53640	12.04285	1.06646	1	0.74306	0.56155	12.58091	1.05880	1	-0.00506	-0.00971	0.68899	0.00376	1	0.06226	-0.01438	0.66802	0.00376	1	1.45898	0.81042	0	
1246824	8409.83594	3304897959145	0.49581	0.37809	8409.81641	0.01953	11202	1	0.52166	0.35211	1	0.46282	0.45319	1	0.49224	0.40265	1	0.47964	0.53622	12.05863	1.05880	1	0.74306	0.56215	13.08780	1.05114	1	-0.00506	-0.00971	0.68899	0.00380	1	0.06226	-0.01438	0.66802	0.00389	1	1.45898	0.81042	0	
1246825	8409.84277	3304898027319	0.49575	0.38214	8409.81641	0.02637	11202	1	0.52176	0.39763	1	0.46924	0.39910	1	0.49550	0.39836	1	0.47960	0.53668	12.21102	1.05114	1	0.74314	0.56179	12.80555	1.04348	1	-0.00506	-0.00971	0.68899	0.00353	1	0.06226	-0.01438	0.66802	0.00385	1	1.45898	0.81042	0	
1246826	8409.85059	3304898097080	0.49581	0.38682	8409.81641	0.03418	11202	1	0.52346	0.40930	1	0.46873	0.41115	1	0.49609	0.41022	1	0.47940	0.53606	11.62377	1.03547	1	0.74331	0.56179	12.36185	1.02781	1	-0.00477	-0.00924	0.65567	0.00382	1	0.06133	-0.01421	0.65805	0.00372	1	1.45898	0.81042	0	
1246827	8409.85645	3304898162191	0.49415	0.38236	8409.81641	0.04004	11202	1	0.50925	0.33335	1	0.45924	0.37787	1	0.48424	0.35561	1	0.47938	0.53578	11.60865	1.01979	1	0.74295	0.56169	12.48976	1.01979	1	-0.00477	-0.00924	0.65567	0.00396	1	0.06133	-0.01421	0.65805	0.00386	1	1.45898	0.81042	0	
1246828	8409.86328	3304898229340	0.49484	0.38548	8409.81641	0.04688	11202	1	0.53267	0.42091	1	0.46655	0.39368	1	0.49961	0.40730	1	0.47968	0.53655	12.38984	1.01177	1	0.74307	0.56149	12.21870	1.01177	1	-0.00477	-0.00924	0.65567	0.00363	1	0.06133	-0.01421	0.65805	0.00380	1	1.45898	0.81042	0	
1246829	8409.87012	3304898297100	0.49539	0.38718	8409.81641	0.05371	11202	1	0.53267	0.42091	1	0.46705	0.38065	1	0.49986	0.40078	1	0.47963	0.53644	12.30255	1.01177	1	0.74315	0.56188	12.47765	1.02811	1	-0.00493	-0.00952	0.67141	0.00379	1	0.06501	-0.01507	0.69753	0.00382	1	1.45898	0.81042	0	
1246830	8409.87695	3304898365493	0.49460	0.38881	8409.81641	0.06055	11202	1	0.50260	0.40925	1	0.47225	0.39777	1	0.48743	0.40351	1	0.47929	0.53715	11.47714	1.03613	1	0.74325	0.56187	12.32593	1.05247	1	-0.00493	-0.00952	0.67141	0.00375	1	0.06501	-0.01507	0.69753	0.00379	1	1.45898	0.81042	0	
1246831	8409.88379	3304898433210	0.49387	0.38543	8409.81641	0.06738	11202	1	0.50596	0.32687	1	0.46713	0.37623	1	0.48655	0.35155	1	0.47936	0.53583	11.73935	1.06049	1	0.74305	0.56193	12.41784	1.07683	1	-0.00493	-0.00952	0.67141	0.00394	1	0.06501	-0.01507	0.69753	0.00386	1	1.45898	0.81042	0	
1246832	8409.89062	3304898499760	0.49318	0.38181	8409.81641	0.07422	11202	1	0.50401	0.31371	1	0.46735	0.37036	1	0.48568	0.34203	1	0.47943	0.53571	11.63571	1.07683	1	0.74306	0.56203	12.47440	1.08449	1	-0.00486	-0.00947	0.66776	0.00400	1	0.06295	-0.01458	0.67483	0.00386	1	1.45898	0.81042	0	
1246833	8409.89746	3304898566960	0.49200	0.37685	8409.81641	0.08105	11202	1	0.47816	0.33734	1	0.47735	0.29727	1	0.47776	0.31730	1	0.47938	0.53621	11.85155	1.07647	1	0.74325	0.56091	12.21539	1.06779	1	-0.00486	-0.00947	0.66776	0.00378	1	0.06295	-0.01458	0.67483	0.00415	1	1.45898	0.81042	0	
1246834	8409.90430	3304898633915	0.49156	0.37340	8409.81641	0.08789	11202	1	0.49316	0.36202	1	0.47857	0.29526	1	0.48586	0.32864	1	0.47953	0.53630	11.50455	1.05977	1	0.74325	0.56070	11.94818	1.05109	1	-0.00486	-0.00947	0.66776	0.00407	1	0.06295	-0.01458	0.67483	0.00422	1	1.45898	0.81042	0	
1246835	8409.91016	3304898701033	0.49119	0.37111	8409.81641	0.09375	11202	1	0.49429	0.36874	1	0.47790	0.30935	1	0.48610	0.33904	1	0.47990	0.53721	11.40738	1.05109	1	0.74349	0.56163	12.97127	1.03475	1	-0.00489	-0.00957	0.67905	0.00378	1	0.06154	-0.01424	0.65922	0.00385	1	1.45898	0.81042	0	
1246836	8409.91699	3304898768217	0.49212	0.37336	8409.81641	0.10059	11202	1	0.51564	0.43624	1	0.49635	0.37798	1	0.50599	0.40711	1	0.47980	0.53716	11.48385	1.04277	1	0.74352	0.56098	12.45474	1.03511	1	-0.00489	-0.00957	0.67905	0.00380	1	0.06154	-0.01424	0.65922	0.00446	1	1.45898	0.81042	0	
1246837	8409.92383	3304898834819	0.49305	0.37599	8409.81641	0.10742	11202	1	0.53362	0.41277	1	0.48223	0.42322	1	0.50792	0.41800	1	0.48011	0.53731	11.58043	1.04313	1	0.74336	0.56159	12.79402	1.03547	1	-0.00489	-0.00957	0.67905	0.00368	1	0.06154	-0.01424	0.65922	0.00418	1	1.45898	0.81042	0	
1246838	8409.93066	3304898901955	0.49388	0.37831	8409.81641	0.11426	11202	1	0.53358	0.41250	1	0.48225	0.42296	1	0.50791	0.41773	1	0.47993	0.53738	11.61466	1.04348	1	0.74309	0.56174	12.07257	1.03582	1	-0.00484	-0.00953	0.67209	0.00364	1	0.06154	-0.01424	0.65922	0.00420	1	1.45898	0.81042	0	
1246839	8409.93750	3304898969169	0.49395	0.38016	8409.81641	0.12109	11202	1	0.51910	0.41860	1	0.47160	0.40831	1	0.49535	0.41345	1	0.47991	0.53715	11.09040	1.03582	1	0.74317	0.56137	11.71050	1.03582	1	-0.00484	-0.00953	0.67209	0.00374	1	0.06154	-0.01424	0.65922	0.00398	1	1.45898	0.81042	0	
1246840	8409.94434	3304899035915	0.49450	0.38295	8409.81641	0.12793	11202	1	0.52861	0.42424	1	0.48102	0.44768	1	0.50482	0.43596	1	0.48008	0.53743	11.38016	1.03582	1	0.74336	0.56178	12.96840	1.03582	1	-0.00484	-0.00953	0.67209	0.00360	1	0.06154	-0.01424	0.65922	0.00394	1	1.45898	0.81042	0	
1246841	8409.95117	3304899102391	0.49498	0.38502	8409.81641	0.13477	11202	1	0.52767	0.41762	1	0.48175	0.43548	1	0.50471	0.42655	1	0.48004	0.53736	11.31274	1.04491	1	0.74302	0.56176	12.14842	1.05257	1	-0.00501	-0.01002	0.70318	0.00359	1	0.06295	-0.01463	0.67483	0.00402	1	1.45898	0.81042	0	
1246842	8409.95703	3304899169881	0.49521	0.38631	8409.81641	0.14062	11202	1	0.53984	0.42454	1	0.46015	0.40220	1	0.50000	0.41337	1	0.48023	0.53752	11.31202	1.06166	1	0.74302	0.56173	12.24082	1.06931	1	-0.00501	-0.01002	0.70318	0.00357	1	0.06295	-0.01463	0.67483	0.00403	1	1.45898	0.81042	0	
1246843	8409.96387	3304899236972	0.49565	0.38504	8409.81641	0.14746	11202	1	0.52787	0.38019	1	0.48274	0.33393	1	0.50531	0.35706	1	0.48008	0.53717	11.25242	1.07840	1	0.74333	0.56110	11.95283	1.08606	1	-0.00501	-0.01002	0.70318	0.00369	1	0.06295	-0.01463	0.67483	0.00400	1	1.45898	0.81042	0	
1246844	8409.97070	3304899304219	0.49604	0.38376	8409.81641	0.15430	11202	1	0.52710	0.37451	1	0.48274	0.33393	1	0.50492	0.35422	1	0.47994	0.53730	11.51204	1.08606	1	0.74307	0.56175	12.07871	1.08606	1	-0.00484	-0.00953	0.67209	0.00364	1	0.06154	-0.01424	0.65922	0.00390	1	1.45898	0.81042	0	
1246845	8409.97754	3304899368553	0.49636	0.38199	8409.81641	0.16113	11202	1	0.52588	0.36789	1	0.48236	0.31115	1	0.50412	0.33952	1	0.48008	0.53755	11.34021	1.07697	1	0.74329	0.56116	11.74093	1.06931	1	-0.00484	-0.00953	0.67209	0.00358	1	0.06154	-0.01424	0.65922	0.00404	1	1.45898	0.81042	0	
1246846	8409.98438	3304899437660	0.49655	0.38216	8409.81641	0.16797	11202	1	0.52484	0.42544	1	0.47805	0.34775	1	0.50144	0.38659	1	0.47998	0.53762	11.02161	1.06023	1	0.74332	0.56136	11.93750	1.05257	1	-0.00484	-0.00953	0.67209	0.00358	1	0.06154	-0.01424	0.65922	0.00402	1	1.45898	0.81042	0	
1246847	8409.99121	3304899504618	0.49676	0.38269	8409.81641	0.17480	11202	1	0.52659	0.43735	1	0.47769	0.35512	1	0.50214	0.39624	1	0.48026	0.53793	11.67539	1.04348	1	0.74312	0.56168	12.06035	1.04348	1	-0.00484	-0.00953	0.67209	0.00354	1	0.06295	-0.01458	0.67483	0.00411	1	1.45898	0.81042	0	
1246848	8409.99805	3304899571317	0.49680	0.38465	8409.81641	0.18164	11202	1	0.53165	0.45510	1	0.46420	0.42047	1	0.49792	0.43778	1	0.48012	0.53792	11.61105	1.04348	1	0.74309	0.56167	11.91939	1.05114	1	-0.00484	-0.00953	0.67209	0.00358	1	0.06295	-0.01458	0.67483	0.00407	1	1.45898	0.81042	0	
1246849	8410.00391	3304899638383	0.49674	0.38620	8409.81641	0.18750	11202	1	0.52401	0.41205	1	0.46601	0.44725	1	0.49501	0.42965	1	0.48005	0.53785	11.30495	1.05114	1	0.74308	0.56208	12.21642	1.05880	1	-0.00484	-0.00953	0.67209	0.00354	1	0.06295	-0.01458	0.67483	0.00389	1	1.45898	0.81042	0	
1246850	8410.01074	3304899705626	0.49668	0.38766	8409.81641	0.19434	11202	1	0.52405	0.41231	1	0.46600	0.44751	1	0.49502	0.42991	1	0.47994	0.53754	11.19953	1.05079	1	0.74290	0.56218	12.13927	1.05845	1	-0.00466	-0.00928	0.65463	0.00358	1	0.06295	-0.01458	0.67483	0.00399	1	1.45898	0.81042	0	
1246851	8410.01758	3304899772174	0.49674	0.38835	8409.81641	0.20117	11202	1	0.52667	0.43034	1	0.47030	0.38795	1	0.49849	0.40914	1	0.48004	0.53753	11.11978	1.05043	1	0.74317	0.56196	11.90768	1.05043	1	-0.00466	-0.00928	0.65463	0.00363	1	0.06295	-0.01458	0.67483	0.00376	1	1.45898	0.81042	0	
1246852	8410.02441	3304899839774	0.49707	0.38903	8409.81641	0.20801	11202	1	0.53407	0.44753	1	0.48045	0.37212	1	0.50726	0.40982	1	0.48012	0.53772	11.15180	1.04241	1	0.74328	0.56173	11.74587	1.04241	1	-0.00466	-0.00928	0.65463	0.00361	1	0.06295	-0.01458	0.67483	0.00384	1	1.45898	0.81042	0	
1246853	8410.03125	3304899903555	0.49738	0.38955	8409.81641	0.21484	11202	1	0.53407	0.44753	1	0.48082	0.36521	1	0.50744	0.40637	1	0.48001	0.53798	11.56431	1.04241	1	0.74355	0.56167	11.14382	1.05109	1	-0.00473	-0.00952	0.67127	0.00354	1	0.06563	-0.01524	0.70305	0.00391	1	1.45898	0.81042	0	
1246854	8410.03809	3304899971155	0.49772	0.39034	8409.81641	0.22168	11202	1	0.53848	0.43146	1	0.47894	0.40098	1	0.50871	0.41622	1	0.48019	0.53747	11.48600	1.05911	1	0.74328	0.56164	11.67310	1.06779	1	-0.00473	-0.00952	0.67127	0.00351	1	0.06563	-0.01524	0.70305	0.00388	1	1.45898	0.81042	0	
1246855	8410.04492	3304900040377	0.49755	0.39129	8409.81641	0.22852	11202	1	0.51401	0.43536	1	0.46938	0.41205	1	0.49169	0.42370	1	0.47978	0.53794	11.18919	1.07581	1	0.74318	0.56186	11.78243	1.08449	1	-0.00473	-0.00952	0.67127	0.00375	1	0.06563	-0.01524	0.70305	0.00390	1	1.45898	0.81042	0	
1246856	8410.05078	3304900105169	0.49676	0.39200	8409.81641	0.23438	11202	1	0.51401	0.43536	0	0.46918	0.41674	1	0.46918	0.41674	1	0.47978	0.53794	11.18919	1.09250	0	0.74357	0.56192	11.72078	1.07804	1	-0.00473	-0.00952	0.67127	0.00375	1	0.05996	-0.01389	0.64286	0.00381	1	1.45898	0.81042	0	
1246857	8410.05762	3304900174688	0.49676	0.39200	8409.81641	0.24121	11202	1	0.51401	0.43536	0	0.46918	0.41674	0	0.46918	0.41674	0	0.47978	0.53794	11.18919	1.07804	0	0.74357	0.56192	11.72078	1.05489	0	-0.00473	-0.00952	0.67127	0.00375	1	0.05996	-0.01389	0.64286	0.00381	1	1.45898	0.81042	0	
1246858	8410.06445	3304900241567	0.49676	0.39200	8409.81641	0.24805	11202	1	0.51401	0.43536	0	0.46918	0.41674	0	0.46918	0.41674	0	0.47978	0.53794	11.18919	1.05489	0	0.74357	0.56192	11.72078	1.03174	0	-0.00473	-0.00952	0.67127	0.00375	1	0.05996	-0.01389	0.64286	0.00381	1	1.45898	0.81042	0	
1246859	8410.07129	3304900308413	0.49676	0.39200	8409.81641	0.25488	11202	1	0.51401	0.43536	0	0.46918	0.41674	0	0.46918	0.41674	0	0.47978	0.53794	11.18919	1.03174	0	0.74357	0.56192	11.72078	1.00859	0	-0.00473	-0.00952	0.67127	0.00375	1	0.05996	-0.01389	0.64286	0.00381	1	1.45898	0.81042	0	
1246860	8410.07812	3304900375656	0.49820	0.40847	8409.81641	0.25488	11202	0	0.51401	0.43536	0	0.46918	0.41674	0	0.46918	0.41674	0	0.47978	0.53794	11.18919	1.00859	0	0.74357	0.56192	11.72078	1.00859	0	-0.00473	-0.00952	0.67127	0.00375	1	0.05996	-0.01389	0.64286	0.00381	1	1.45898	0.81042	0	
1246861	8410.08496	3304900443001	0.49820	0.40847	8409.81641	0.25488	11202	0	0.51401	0.43536	0	0.46918	0.41674	0	0.46918	0.41674	0	0.47978	0.53794	11.18919	1.00859	0	0.74357	0.56192	11.72078	1.00859	0	-0.00473	-0.00952	0.67127	0.00375	1	0.05996	-0.01389	0.64286	0.00381	1	1.45898	0.81042	0	
1246862	8410.09180	3304900509296	0.49820	0.40847	8409.81641	0.25488	11202	0	0.51401	0.43536	0	0.46918	0.41674	0	0.46918	0.41674	0	0.47978	0.53794	11.18919	1.00859	0	0.74357	0.56192	11.72078	1.00859	0	-0.00473	-0.00952	0.67127	0.00375	1	0.05996	-0.01389	0.64286	0.00381	1	1.45898	0.81042	0	
1246863	8410.09766	3304900576350	0.00000	0.00000	8409.81641	0.25488	11202	0	0.51401	0.43536	0	0.46918	0.41674	0	0.46918	0.41674	0	0.47978	0.53794	11.18919	1.00859	0	0.74357	0.56192	11.72078	1.00859	0	-0.00473	-0.00952	0.67127	0.00375	1	0.05996	-0.01389	0.64286	0.00381	1	1.45898	0.81042	0	
1246864	8410.10449	3304900643049	0.00000	0.00000	8409.81641	0.25488	11202	0	0.51401	0.43536	0	0.46918	0.41674	0	0.46918	0.41674	0	0.47978	0.53794	11.18919	1.00859	0	0.74357	0.56192	11.72078	1.00859	0	-0.00473	-0.00952	0.67127	0.00375	1	0.05996	-0.01389	0.64286	0.00381	1	1.45898	0.81042	0	
1246865	8410.11133	3304900711114	0.00000	0.00000	8409.81641	0.25488	11202	0	0.51401	0.43536	0	0.46918	0.41674	0	0.46918	0.41674	0	0.47978	0.53794	11.18919	1.00859	0	0.74357	0.56192	11.72078	1.00859	0	-0.00473	-0.00952	0.67127	0.00375	1	0.05996	-0.01389	0.64286	0.00381	1	1.45898	0.81042	0	
1246866	8410.11816	3304900777735	0.50407	0.40635	8409.81641	0.25488	11202	0	0.52573	0.46397	1	0.48240	0.34873	1	0.50407	0.40635	1	0.47993	0.53717	10.88261	1.00859	1	0.74331	0.56098	11.65588	1.00859	1	-0.00473	-0.00952	0.67127	0.00341	1	0.05996	-0.01389	0.64286	0.00402	1	1.45898	0.81042	0	
1246867	8410.12500	3304900844605	0.49979	0.43495	8409.81641	0.25488	11202	0	0.51443	0.48012	1	0.47661	0.44700	1	0.49552	0.46356	1	0.47956	0.53722	10.77833	1.00859	1	0.74329	0.56157	11.77548	1.00859	1	-0.00473	-0.00952	0.67127	0.00334	1	0.05996	-0.01389	0.64286	0.00379	1	1.45898	0.81042	0	
1246868	8410.13184	3304900911315	0.49857	0.44461	8409.81641	0.25488	11202	0	0.51539	0.48568	1	0.47687	0.44217	1	0.49613	0.46392	1	0.47972	0.53469	10.70086	1.00057	1	0.74327	0.56102	11.67269	1.01504	1	-0.00477	-0.00924	0.65567	0.00218	1	0.06295	-0.01448	0.67483	0.00396	1	1.45898	0.81042	0	
1246869	8410.13770	3304900976256	0.49648	0.44494	8410.11816	0.01953	11203	1	0.50182	0.46713	1	0.47858	0.42474	1	0.49020	0.44594	1	0.47953	0.53707	10.63104	1.00703	1	0.74330	0.56115	11.73705	1.02149	1	-0.00477	-0.00924	0.65567	0.00335	1	0.06295	-0.01448	0.67483	0.00389	1	1.45898	0.81042	0	
1246870	8410.14551	3304901045916	0.49480	0.41928	8410.11816	0.02734	11203	1	0.49893	0.22663	1	0.47724	0.40667	1	0.48809	0.31665	1	0.47974	0.53473	10.58444	1.01348	1	0.74328	0.56162	11.66672	1.02794	1	-0.00477	-0.00924	0.65567	0.00214	1	0.06295	-0.01448	0.67483	0.00377	1	1.45898	0.81042	0	
1246871	8410.15137	3304901113644	0.49355	0.40060	8410.11816	0.03320	11203	1	0.49704	0.21299	1	0.47752	0.40140	1	0.48728	0.30720	1	0.47977	0.53715	10.67092	1.02794	1	0.74314	0.56166	11.79959	1.03475	1	-0.00506	-0.00971	0.68899	0.00342	1	0.06133	-0.01421	0.65805	0.00377	1	1.45898	0.81042	0	
1246872	8410.15820	3304901180400	0.49207	0.38577	8410.11816	0.04004	11203	1	0.50579	0.20968	1	0.46066	0.38390	1	0.48323	0.29679	1	0.47953	0.53475	10.89886	1.04277	1	0.74300	0.56165	11.74682	1.03511	1	-0.00506	-0.00971	0.68899	0.00221	1	0.06133	-0.01421	0.65805	0.00401	1	1.45898	0.81042	0	
1246873	8410.16504	3304901246152	0.49364	0.38447	8410.11816	0.04688	11203	1	0.53278	0.38810	1	0.47647	0.36260	1	0.50462	0.37535	1	0.47977	0.53718	11.22983	1.04313	1	0.74323	0.56162	11.89163	1.03547	1	-0.00506	-0.00971	0.68899	0.00335	1	0.06133	-0.01421	0.65805	0.00392	1	1.45898	0.81042	0	
1246874	8410.17188	3304901313145	0.49488	0.38308	8410.11816	0.05371	11203	1	0.53274	0.38783	1	0.47678	0.35611	1	0.50476	0.37197	1	0.47953	0.53709	10.58546	1.04348	1	0.74289	0.56229	12.66221	1.04348	1	-0.00506	-0.00971	0.68899	0.00347	1	0.06349	-0.01473	0.68173	0.00386	1	1.45898	0.81042	0	
1246875	8410.17871	3304901380390	0.49395	0.38260	8410.11816	0.06055	11203	1	0.51373	0.37747	1	0.45743	0.37908	1	0.48558	0.37827	1	0.47951	0.53684	10.52504	1.04348	1	0.74292	0.56177	12.01036	1.05114	1	-0.00506	-0.00971	0.68899	0.00351	1	0.06349	-0.01473	0.68173	0.00392	1	1.45898	0.81042	0	
1246876	8410.18555	3304901447085	0.49416	0.38299	8410.11816	0.06738	11203	1	0.52779	0.38535	1	0.46475	0.38850	1	0.49627	0.38692	1	0.47967	0.53696	10.94956	1.05114	1	0.74303	0.56194	12.19089	1.05880	1	-0.00506	-0.00971	0.68899	0.00341	1	0.06349	-0.01473	0.68173	0.00392	1	1.45898	0.81042	0	
1246877	8410.19141	3304901513787	0.49431	0.38283	8410.11816	0.07324	11203	1	0.52700	0.37956	1	0.46496	0.38262	1	0.49598	0.38109	1	0.47957	0.53655	10.52002	1.05880	1	0.74266	0.56206	11.81533	1.06646	1	-0.00506	-0.00971	0.68899	0.00364	1	0.06349	-0.01473	0.68173	0.00393	1	1.45898	0.81042	0	
1246878	8410.19824	3304901581226	0.49259	0.38029	8410.11816	0.08008	11203	1	0.50382	0.28334	1	0.44002	0.41618	1	0.47192	0.34976	1	0.47945	0.53622	10.26165	1.06646	1	0.74258	0.56230	11.99511	1.06646	1	-0.00506	-0.00971	0.68899	0.00375	1	0.06349	-0.01473	0.68173	0.00383	1	1.45898	0.81042	0	
1246879	8410.20508	3304901646090	0.49095	0.37405	8410.11816	0.08691	11203	1	0.47663	0.19581	1	0.46272	0.39005	1	0.46967	0.29293	1	0.47909	0.53492	10.67111	1.06646	1	0.74260	0.56209	11.98331	1.06646	1	-0.00506	-0.00971	0.68899	0.00220	1	0.06349	-0.01473	0.68173	0.00382	1	1.45898	0.81042	0	
1246880	8410.21191	3304901711144	0.48953	0.36864	8410.11816	0.09375	11203	1	0.47663	0.19581	1	0.46272	0.39005	1	0.46967	0.29293	1	0.47906	0.53498	10.50327	1.06646	1	0.74240	0.56249	11.87254	1.06646	1	-0.00506	-0.00971	0.68899	0.00214	1	0.06349	-0.01473	0.68173	0.00381	1	1.45898	0.81042	0	
1246881	8410.21875	3304901779698	0.48707	0.33508	8410.11816	0.09375	11203	0	0.48118	0.19347	1	0.49443	0.34863	1	0.48780	0.27105	1	0.47905	0.53490	10.76420	1.06646	1	0.74275	0.56159	11.22296	1.06646	1	-0.00506	-0.00971	0.68899	0.00217	1	0.06349	-0.01473	0.68173	0.00380	1	1.45898	0.81042	0	
1246882	8410.22461	3304901845901	0.49011	0.30140	8410.11816	0.09375	11203	0	0.49818	0.18610	1	0.48813	0.34936	1	0.49315	0.26773	1	0.47900	0.53482	10.76312	1.06646	1	0.74268	0.56167	11.20998	1.06646	1	-0.00506	-0.00971	0.68899	0.00213	1	0.06349	-0.01473	0.68173	0.00382	1	1.45898	0.81042	0	
1246883	8410.23145	3304901913205	0.49120	0.28902	8410.11816	0.09375	11203	0	0.49818	0.18610	1	0.48855	0.34241	1	0.49336	0.26426	1	0.47891	0.53706	10.49550	1.06646	1	0.74242	0.56198	11.60351	1.07514	1	-0.00493	-0.00952	0.67141	0.00385	1	0.06606	-0.01539	0.70991	0.00379	1	1.45898	0.81042	0	
1246884	8410.23828	3304901976056	0.48812	0.28885	8410.21875	0.01953	11204	1	0.48371	0.18837	1	0.47410	0.38832	1	0.47890	0.28834	1	0.47883	0.53497	11.29571	1.07514	1	0.74241	0.56204	11.91671	1.08382	1	-0.00493	-0.00952	0.67141	0.00212	1	0.06606	-0.01539	0.70991	0.00366	1	1.45898	0.81042	0	
1246885	8410.24512	3304902048530	0.48728	0.28856	8410.21875	0.02637	11204	1	0.49714	0.19373	1	0.47071	0.38101	1	0.48392	0.28737	1	0.47894	0.53522	11.10271	1.08382	1	0.74235	0.56215	11.91845	1.09250	1	-0.00493	-0.00952	0.67141	0.00216	1	0.06606	-0.01539	0.70991	0.00363	1	1.45898	0.81042	0	
1246886	8410.25195	3304902115562	0.48655	0.28692	8410.21875	0.03320	11204	1	0.49495	0.17753	1	0.47076	0.37994	1	0.48286	0.27873	1	0.47877	0.53516	10.86894	1.10159	1	0.74228	0.56226	12.11907	1.09393	1	-0.00541	-0.01017	0.71371	0.00218	1	0.06038	-0.01409	0.64997	0.00368	1	1.45898	0.81042	0	
1246887	8410.25879	3304902181601	0.48527	0.28181	8410.21875	0.04004	11204	1	0.49205	0.11145	1	0.46324	0.39086	1	0.47765	0.25116	1	0.47869	0.53490	11.23646	1.10302	1	0.74228	0.56223	12.13984	1.08668	1	-0.00541	-0.01017	0.71371	0.00220	1	0.06038	-0.01409	0.64997	0.00369	1	1.45898	0.81042	0	
1246888	8410.26562	3304902247407	0.48541	0.28147	8410.21875	0.04688	11204	1	0.49967	0.12105	1	0.47306	0.43707	1	0.48637	0.27906	1	0.47871	0.53487	10.87647	1.09576	1	0.74246	0.56252	11.73243	1.07942	1	-0.00541	-0.01017	0.71371	0.00225	1	0.06038	-0.01409	0.64997	0.00374	1	1.45898	0.81042	0	
1246889	8410.27246	3304902315934	0.48559	0.28272	8410.21875	0.05371	11204	1	0.50163	0.13687	1	0.47249	0.44864	1	0.48706	0.29276	1	0.47880	0.53684	10.53189	1.07942	1	0.74219	0.56250	12.05916	1.06308	1	-0.00518	-0.00965	0.67718	0.00388	1	0.06038	-0.01409	0.64997	0.00376	1	1.45898	0.81042	0	
1246890	8410.27930	3304902384451	0.48250	0.29533	8410.21875	0.06055	11204	1	0.50163	0.13687	0	0.45462	0.40886	1	0.45462	0.40886	1	0.47880	0.53684	10.53189	1.05400	0	0.74209	0.56212	11.94253	1.05400	1	-0.00518	-0.00965	0.67718	0.00388	1	0.06038	-0.01409	0.64997	0.00392	1	1.45898	0.81042	0	
1246891	8410.28516	3304902449676	0.48250	0.29533	8410.21875	0.06641	11204	1	0.50163	0.13687	0	0.45462	0.40886	0	0.45462	0.40886	0	0.47880	0.53684	10.53189	1.04491	0	0.74209	0.56212	11.94253	1.04491	0	-0.00518	-0.00965	0.67718	0.00388	1	0.06038	-0.01409	0.64997	0.00392	1	1.45898	0.81042	0	
1246892	8410.29199	3304902519239	0.48250	0.29533	8410.21875	0.07324	11204	1	0.50163	0.13687	0	0.45462	0.40886	0	0.45462	0.40886	0	0.47880	0.53684	10.53189	1.03582	0	0.74209	0.56212	11.94253	1.03582	0	-0.00518	-0.00965	0.67718	0.00388	1	0.06038	-0.01409	0.64997	0.00392	1	1.45898	0.81042	0	
1246893	8410.29883	3304902586000	0.48250	0.29533	8410.21875	0.08008	11204	1	0.50163	0.13687	0	0.45462	0.40886	0	0.45462	0.40886	0	0.47880	0.53684	10.53189	1.03582	0	0.74209	0.56212	11.94253	1.03582	0	-0.00518	-0.00965	0.67718	0.00388	1	0.06038	-0.01409	0.64997	0.00392	1	1.45898	0.81042	0	
1246894	8410.30566	3304902652898	0.48199	0.29092	8410.21875	0.08008	11204	0	0.50163	0.13687	0	0.45462	0.40886	0	0.45462	0.40886	0	0.47880	0.53684	10.53189	1.03582	0	0.74209	0.56212	11.94253	1.03582	0	-0.00518	-0.00965	0.67718	0.00388	1	0.06038	-0.01409	0.64997	0.00392	1	1.45898	0.81042	0	
1246895	8410.31250	3304902719652	0.48199	0.29092	8410.21875	0.08008	11204	0	0.50163	0.13687	0	0.45462	0.40886	0	0.45462	0.40886	0	0.47880	0.53684	10.53189	1.03582	0	0.74209	0.56212	11.94253	1.03582	0	-0.00518	-0.00965	0.67718	0.00388	1	0.06038	-0.01409	0.64997	0.00392	1	1.45898	0.81042	0	
1246896	8410.31934	3304902786791	0.48199	0.29092	8410.21875	0.08008	11204	0	0.50163	0.13687	0	0.45462	0.40886	0	0.45462	0.40886	0	0.47880	0.53684	10.53189	1.03582	0	0.74209	0.56212	11.94253	1.03582	0	-0.00518	-0.00965	0.67718	0.00388	1	0.06038	-0.01409	0.64997	0.00392	1	1.45898	0.81042	0	
1246897	8410.32617	3304902853300	0.00000	0.00000	8410.21875	0.08008	11204	0	0.50163	0.13687	0	0.45462	0.40886	0	0.45462	0.40886	0	0.47880	0.53684	10.53189	1.03582	0	0.74209	0.56212	11.94253	1.03582	0	-0.00518	-0.00965	0.67718	0.00388	1	0.06038	-0.01409	0.64997	0.00392	1	1.45898	0.81042	0	
1246898	8410.33301	3304902921252	0.00000	0.00000	8410.21875	0.08008	11204	0	0.50163	0.13687	0	0.45462	0.40886	0	0.45462	0.40886	0	0.47880	0.53684	10.53189	1.03582	0	0.74209	0.56212	11.94253	1.03582	0	-0.00518	-0.00965	0.67718	0.00388	1	0.06038	-0.01409	0.64997	0.00392	1	1.45898	0.81042	0	
1246899	8410.33887	3304902988037	0.00000	0.00000	8410.21875	0.08008	11204	0	0.50163	0.13687	0	0.45462	0.40886	0	0.45462	0.40886	0	0.47880	0.53684	10.53189	1.03582	0	0.74209	0.56212	11.94253	1.03582	0	-0.00518	-0.00965	0.67718	0.00388	1	0.06038	-0.01409	0.64997	0.00392	1	1.45898	0.81042	0	
1246900	8410.34570	3304903054260	0.36456	0.36079	8410.21875	0.08008	11204	0	0.50163	0.13687	0	0.36456	0.36079	1	0.36456	0.36079	1	0.47810	0.53765	10.79707	1.03582	0	0.47810	0.53765	10.79707	1.03582	1	-0.00518	-0.00965	0.67718	0.00388	1	0.06038	-0.01409	0.64997	0.00359	1	1.45898	0.81042	0	
1246901	8410.35254	3304903121652	0.36431	0.35771	8410.21875	0.08008	11204	0	0.50163	0.13687	0	0.36406	0.35464	1	0.36406	0.35464	1	0.47810	0.53765	10.79707	1.03582	0	0.47799	0.53766	10.32879	1.04348	1	-0.00518	-0.00965	0.67718	0.00388	1	-0.00537	-0.00987	0.68881	0.00367	1	1.45898	0.81042	0	
1246902	8410.35938	3304903188593	0.37018	0.34332	8410.21875	0.08008	11204	0	0.50163	0.13687	0	0.38194	0.31454	1	0.38194	0.31454	1	0.47810	0.53765	10.79707	1.04348	0	0.47796	0.53730	10.59347	1.05114	1	-0.00518	-0.00965	0.67718	0.00388	1	-0.00537	-0.00987	0.68881	0.00375	1	1.45898	0.81042	0	
1246903	8410.36621	3304903255178	0.37337	0.33790	8410.34570	0.02051	11205	1	0.50163	0.13687	0	0.38294	0.32163	1	0.38294	0.32163	1	0.47810	0.53765	10.79707	1.05114	0	0.47800	0.53747	10.42241	1.05880	1	-0.00518	-0.00965	0.67718	0.00388	1	-0.00537	-0.00987	0.68881	0.00361	1	1.45898	0.81042	0	
1246904	8410.37305	3304903322610	0.37522	0.33338	8410.34570	0.02734	11205	1	0.50163	0.13687	0	0.38258	0.31532	1	0.38258	0.31532	1	0.47810	0.53765	10.79707	1.05880	0	0.47801	0.53799	10.70439	1.06646	1	-0.00518	-0.00965	0.67718	0.00388	1	-0.00536	-0.00966	0.67428	0.00353	1	1.45898	0.81042	0	
1246905	8410.37988	3304903390879	0.39343	0.34877	8410.34570	0.03418	11205	1	0.51964	0.39565	1	0.44936	0.45574	1	0.48450	0.42570	1	0.47794	0.53780	11.05962	1.06646	1	0.74131	0.56277	12.16950	1.06646	1	-0.00518	-0.00965	0.67718	0.00364	1	-0.00536	-0.00966	0.67428	0.00393	1	1.45898	0.81042	0	
1246906	8410.38672	3304903458510	0.40619	0.36305	8410.34570	0.04102	11205	1	0.50757	0.43005	1	0.45796	0.46742	1	0.48277	0.44874	1	0.47783	0.53800	10.48051	1.06646	1	0.74147	0.56276	12.51681	1.06646	1	-0.00518	-0.00965	0.67718	0.00363	1	-0.00536	-0.00966	0.67428	0.00377	1	1.45898	0.81042	0	
1246907	8410.39258	3304903523315	0.41576	0.37376	8410.34570	0.04688	11205	1	0.50757	0.43005	1	0.45796	0.46742	1	0.48277	0.44874	1	0.47791	0.53771	10.60611	1.06646	1	0.74156	0.56253	12.33571	1.06646	1	-0.00544	-0.00985	0.68403	0.00379	1	0.06431	-0.01512	0.69504	0.00384	1	1.45898	0.81042	0	
1246908	8410.39941	3304903590834	0.42111	0.37473	8410.34570	0.05371	11205	1	0.48190	0.34783	1	0.44592	0.41706	1	0.46391	0.38244	1	0.47742	0.53715	10.85021	1.06646	1	0.74131	0.56228	11.71085	1.06646	1	-0.00544	-0.00985	0.68403	0.00395	1	0.06431	-0.01512	0.69504	0.00383	1	1.45898	0.81042	0	
1246909	8410.40625	3304903657598	0.42957	0.37767	8410.34570	0.06055	11205	1	0.52144	0.37962	1	0.48998	0.42876	1	0.50571	0.40419	1	0.47759	0.53755	11.18518	1.06646	1	0.74156	0.56236	11.92303	1.06646	1	-0.00544	-0.00985	0.68403	0.00361	1	0.06431	-0.01512	0.69504	0.00384	1	1.45898	0.81042	0	
1246910	8410.41309	3304903724503	0.43652	0.38062	8410.34570	0.06738	11205	1	0.52230	0.38564	1	0.48958	0.43457	1	0.50594	0.41011	1	0.47770	0.53729	10.91687	1.05845	1	0.74094	0.56243	12.15390	1.05845	1	-0.00536	-0.00961	0.66759	0.00370	1	0.06431	-0.01512	0.69504	0.00377	1	1.45898	0.81042	0	
1246911	8410.41992	3304903791204	0.44144	0.38290	8410.34570	0.07422	11205	1	0.52282	0.37181	1	0.46850	0.44408	1	0.49566	0.40794	1	0.47764	0.53746	10.95168	1.05043	1	0.74118	0.56235	12.19669	1.05043	1	-0.00536	-0.00961	0.66759	0.00363	1	0.06431	-0.01512	0.69504	0.00386	1	1.45898	0.81042	0	
1246912	8410.42676	3304903858897	0.44574	0.38846	8410.34570	0.08105	11205	1	0.53124	0.40021	1	0.46327	0.51017	1	0.49726	0.45519	1	0.47779	0.53762	11.34548	1.04241	1	0.74082	0.56263	12.27891	1.04241	1	-0.00536	-0.00961	0.66759	0.00356	1	0.06431	-0.01512	0.69504	0.00378	1	1.45898	0.81042	0	
1246913	8410.43262	3304903925586	0.44941	0.39341	8410.34570	0.08691	11205	1	0.53124	0.40021	1	0.46307	0.51525	1	0.49716	0.45773	1	0.47768	0.53731	11.19563	1.04241	1	0.74067	0.56250	12.38521	1.03475	1	-0.00550	-0.00978	0.67903	0.00371	1	0.05959	-0.01397	0.64455	0.00385	1	1.45898	0.81042	0	
1246914	8410.43945	3304903992066	0.45233	0.39468	8410.34570	0.09375	11205	1	0.51350	0.37202	1	0.47287	0.45301	1	0.49319	0.41252	1	0.47752	0.53744	11.20519	1.04277	1	0.74090	0.56201	12.40900	1.03511	1	-0.00550	-0.00978	0.67903	0.00352	1	0.05959	-0.01397	0.64455	0.00383	1	1.45898	0.81042	0	
1246915	8410.44629	3304904059410	0.48140	0.41297	8410.34570	0.09375	11205	0	0.50995	0.37247	1	0.46080	0.40168	1	0.48538	0.38707	1	0.47749	0.53735	11.06379	1.04313	1	0.74067	0.56196	11.99444	1.03547	1	-0.00550	-0.00978	0.67903	0.00355	1	0.05959	-0.01397	0.64455	0.00385	1	1.45898	0.81042	0	
1246916	8410.45312	3304904126553	0.48343	0.39841	8410.34570	0.09375	11205	0	0.50991	0.37219	1	0.46100	0.39550	1	0.48546	0.38384	1	0.47737	0.53764	11.20119	1.04348	1	0.74075	0.56192	11.75103	1.04348	1	-0.00561	-0.00980	0.68055	0.00348	1	0.06256	-0.01468	0.67721	0.00372	1	1.45898	0.81042	0	
1246917	8410.45996	3304904193360	0.48664	0.39794	8410.34570	0.09375	11205	0	0.51953	0.40869	1	0.46663	0.38532	1	0.49308	0.39701	1	0.47758	0.53757	11.22234	1.04348	1	0.74076	0.56191	11.92805	1.05114	1	-0.00561	-0.00980	0.68055	0.00351	1	0.06256	-0.01468	0.67721	0.00372	1	1.45898	0.81042	0	
1246918	8410.46680	3304904260453	0.49168	0.39221	8410.44629	0.02051	11206	1	0.53296	0.38632	1	0.48062	0.36374	1	0.50679	0.37503	1	0.47747	0.53742	10.82917	1.05114	1	0.74090	0.56182	11.92851	1.05880	1	-0.00561	-0.00980	0.68055	0.00354	1	0.06256	-0.01468	0.67721	0.00376	1	1.45898	0.81042	0	
1246919	8410.47363	3304904327377	0.49461	0.38619	8410.44629	0.02734	11206	1	0.53131	0.37368	1	0.48133	0.35048	1	0.50632	0.36208	1	0.47766	0.53767	11.25829	1.06789	1	0.74087	0.56211	12.03550	1.07555	1	-0.00580	-0.01021	0.70909	0.00357	1	0.06256	-0.01468	0.67721	0.00370	1	1.45898	0.81042	0	
1246920	8410.47949	3304904394563	0.49507	0.38288	8410.44629	0.03320	11206	1	0.52392	0.33893	1	0.47078	0.39383	1	0.49735	0.36638	1	0.47771	0.53735	11.39666	1.08463	1	0.74089	0.56228	12.09069	1.08463	1	-0.00580	-0.01021	0.70909	0.00366	1	0.06256	-0.01468	0.67721	0.00369	1	1.45898	0.81042	0	
1246921	8410.48633	3304904459848	0.49458	0.37743	8410.44629	0.04004	11206	1	0.51556	0.30529	1	0.46775	0.38410	1	0.49165	0.34469	1	0.47762	0.53747	11.30966	1.09372	1	0.74085	0.56207	12.38995	1.09372	1	-0.00580	-0.01021	0.70909	0.00357	1	0.06256	-0.01468	0.67721	0.00371	1	1.45898	0.81042	0	
1246922	8410.49316	3304904528243	0.49424	0.37447	8410.44629	0.04688	11206	1	0.51643	0.31170	1	0.46729	0.39581	1	0.49186	0.35376	1	0.47754	0.53740	11.29579	1.08570	1	0.74098	0.56186	12.16402	1.07804	1	-0.00537	-0.00947	0.65731	0.00352	1	0.05959	-0.01397	0.64455	0.00374	1	1.45898	0.81042	0	
1246923	8410.50000	3304904595343	0.49454	0.37498	8410.44629	0.05371	11206	1	0.51563	0.36987	1	0.47834	0.38824	1	0.49699	0.37906	1	0.47754	0.53740	11.29579	1.06094	1	0.74099	0.56187	12.12359	1.05328	1	-0.00537	-0.00947	0.65731	0.00352	1	0.05959	-0.01397	0.64455	0.00375	1	1.45898	0.81042	0	
1246924	8410.50684	3304904662196	0.49496	0.37818	8410.44629	0.06055	11206	1	0.52014	0.40814	1	0.47720	0.40590	1	0.49867	0.40702	1	0.47749	0.53778	11.64708	1.03618	1	0.74098	0.56186	12.16402	1.02852	1	-0.00537	-0.00947	0.65731	0.00349	1	0.05959	-0.01397	0.64455	0.00374	1	1.45898	0.81042	0	
1246925	8410.51367	3304904728954	0.49534	0.38220	8410.44629	0.06738	11206	1	0.52201	0.42061	1	0.47625	0.42413	1	0.49913	0.42237	1	0.47758	0.53781	11.43727	1.01943	1	0.74077	0.56220	12.21265	1.00497	1	-0.00550	-0.00978	0.67903	0.00358	1	0.05904	-0.01385	0.63911	0.00367	1	1.45898	0.81042	0	
1246926	8410.52051	3304904796336	0.49502	0.38551	8410.44629	0.07422	11206	1	0.51240	0.41422	1	0.47067	0.42953	1	0.49154	0.42187	1	0.47746	0.53786	11.31313	1.01298	1	0.74076	0.56198	11.88872	1.00617	1	-0.00550	-0.00978	0.67903	0.00350	1	0.05904	-0.01385	0.63911	0.00370	1	1.45898	0.81042	0	
1246927	8410.52637	3304904863383	0.49547	0.38761	8410.44629	0.08008	11206	1	0.52242	0.42569	1	0.47923	0.40007	1	0.50083	0.41288	1	0.47756	0.53764	11.28324	1.01419	1	0.74088	0.56164	11.84594	1.00738	1	-0.00550	-0.00978	0.67903	0.00353	1	0.05904	-0.01385	0.63911	0.00370	1	1.45898	0.81042	0	
1246928	8410.53320	3304904930246	0.49587	0.38894	8410.44629	0.08691	11206	1	0.52229	0.42479	1	0.47991	0.38759	1	0.50110	0.40619	1	0.47757	0.53758	11.16332	1.01540	1	0.74093	0.56207	11.94032	1.02306	1	-0.00550	-0.00978	0.67903	0.00361	1	0.06431	-0.01512	0.69504	0.00377	1	1.45898	0.81042	0	
1246929	8410.54004	3304904997232	0.49592	0.38934	8410.44629	0.09375	11206	1	0.53449	0.37882	1	0.45870	0.41109	1	0.49659	0.39496	1	0.47779	0.53757	11.30316	1.02306	1	0.74106	0.56206	12.23211	1.03753	1	-0.00550	-0.00978	0.67903	0.00356	1	0.06431	-0.01512	0.69504	0.00383	1	1.45898	0.81042	0	
1246930	8410.54688	3304905061942	0.49521	0.38956	8410.44629	0.10059	11206	1	0.52182	0.39110	1	0.44754	0.39456	1	0.48468	0.39283	1	0.47763	0.53739	10.85018	1.03753	1	0.74123	0.56205	11.39043	1.05199	1	-0.00550	-0.00978	0.67903	0.00369	1	0.06431	-0.01512	0.69504	0.00398	1	1.45898	0.81042	0	
1246931	8410.55371	3304905131313	0.49455	0.38910	8410.44629	0.10742	11206	1	0.52024	0.38010	1	0.44772	0.38349	1	0.48398	0.38180	1	0.47757	0.53753	10.86649	1.05199	1	0.74152	0.56244	12.21172	1.06646	1	-0.00544	-0.00985	0.68403	0.00367	1	0.06288	-0.01473	0.67958	0.00378	1	1.45898	0.81042	0	
1246932	8410.56055	3304905197948	0.49438	0.39098	8410.44629	0.11426	11206	1	0.52881	0.39418	1	0.45419	0.45162	1	0.49150	0.42290	1	0.47768	0.53781	11.30231	1.06646	1	0.74131	0.56256	12.72090	1.06646	1	-0.00544	-0.00985	0.68403	0.00361	1	0.06288	-0.01473	0.67958	0.00373	1	1.45898	0.81042	0	
1246933	8410.56738	3304905265046	0.49302	0.39245	8410.44629	0.12109	11206	1	0.48497	0.38377	1	0.45200	0.45411	1	0.46848	0.41894	1	0.47754	0.53771	10.90040	1.06646	1	0.74140	0.56262	12.88726	1.06646	1	-0.00544	-0.00985	0.68403	0.00363	1	0.06288	-0.01473	0.67958	0.00372	1	1.45898	0.81042	0	
1246934	8410.57422	3304905332704	0.49179	0.39378	8410.44629	0.12793	11206	1	0.48497	0.38377	1	0.45200	0.45411	1	0.46848	0.41894	1	0.47759	0.53781	11.53916	1.06646	1	0.74145	0.56217	12.23342	1.06646	1	-0.00544	-0.00985	0.68403	0.00372	1	0.06288	-0.01473	0.67958	0.00388	1	1.45898	0.81042	0	
1246935	8410.58008	3304905399193	0.49142	0.39448	8410.44629	0.13379	11206	1	0.51915	0.42059	1	0.44880	0.39644	1	0.48398	0.40852	1	0.47799	0.53800	11.27958	1.06646	1	0.74127	0.56222	12.60968	1.06646	1	-0.00544	-0.00985	0.68403	0.00367	1	0.06288	-0.01473	0.67958	0.00399	1	1.45898	0.81042	0	
1246936	8410.58691	3304905466235	0.49114	0.39437	8410.44629	0.14062	11206	1	0.50613	0.40554	1	0.46451	0.37855	1	0.48532	0.39204	1	0.47778	0.53797	11.43968	1.06646	1	0.74151	0.56190	12.19958	1.06646	1	-0.00544	-0.00985	0.68403	0.00363	1	0.06288	-0.01473	0.67958	0.00381	1	1.45898	0.81042	0	
1246937	8410.59375	3304905533029	0.49089	0.39439	8410.44629	0.14746	11206	1	0.50613	0.40554	1	0.46430	0.38445	1	0.48522	0.39499	1	0.47808	0.53794	11.35464	1.06646	1	0.74179	0.56208	12.21859	1.05880	1	-0.00544	-0.00985	0.68403	0.00358	1	0.06114	-0.01436	0.66023	0.00375	1	1.45898	0.81042	0	
1246938	8410.60059	3304905600161	0.49113	0.39525	8410.44629	0.15430	11206	1	0.50755	0.43363	1	0.48595	0.39619	1	0.49675	0.41491	1	0.47771	0.53807	11.32782	1.05880	1	0.74184	0.56218	12.34821	1.05114	1	-0.00544	-0.00985	0.68403	0.00357	1	0.06114	-0.01436	0.66023	0.00374	1	1.45898	0.81042	0	
1246939	8410.60742	3304905666648	0.49171	0.39647	8410.44629	0.16113	11206	1	0.52971	0.39987	1	0.48163	0.45146	1	0.50567	0.42567	1	0.47817	0.53769	11.01082	1.05114	1	0.74181	0.56235	12.22969	1.04348	1	-0.00544	-0.00985	0.68403	0.00358	1	0.06114	-0.01436	0.66023	0.00365	1	1.45898	0.81042	0	
1246940	8410.61328	3304905731318	0.49226	0.39780	8410.44629	0.16699	11206	1	0.53049	0.40555	1	0.48129	0.45697	1	0.50589	0.43126	1	0.47829	0.53761	10.73566	1.04348	1	0.74175	0.56219	12.23679	1.03582	1	-0.00544	-0.00985	0.68403	0.00366	1	0.06114	-0.01436	0.66023	0.00368	1	1.45898	0.81042	0	
1246941	8410.62109	3304905801572	0.49241	0.39869	8410.44629	0.17480	11206	1	0.51193	0.42136	1	0.48082	0.42227	1	0.49638	0.42182	1	0.47817	0.53772	10.85576	1.03582	1	0.74171	0.56217	12.10789	1.03582	1	-0.00544	-0.00985	0.68403	0.00364	1	0.06114	-0.01436	0.66023	0.00369	1	1.45898	0.81042	0	
1246942	8410.62695	3304905863441	0.49251	0.39958	8410.44629	0.18066	11206	1	0.51374	0.41000	1	0.47651	0.43685	1	0.49513	0.42342	1	0.47823	0.53785	11.29790	1.03582	1	0.74163	0.56224	12.15448	1.03582	1	-0.00544	-0.00985	0.68403	0.00362	1	0.06114	-0.01436	0.66023	0.00365	1	1.45898	0.81042	0	
1246943	8410.63379	3304905932900	0.49262	0.40069	8410.44629	0.18750	11206	1	0.51551	0.42126	1	0.47622	0.44238	1	0.49587	0.43182	1	0.47821	0.53756	10.67869	1.02068	1	0.74163	0.56224	12.15448	1.02834	1	-0.00492	-0.00908	0.63076	0.00361	1	0.06323	-0.01484	0.68224	0.00365	1	1.45898	0.81042	0	
1246944	8410.64062	3304905998062	0.49275	0.40200	8410.44629	0.19434	11206	1	0.53085	0.43132	1	0.46193	0.44850	1	0.49639	0.43991	1	0.47850	0.53776	11.08432	1.01320	1	0.74149	0.56226	12.42026	1.02086	1	-0.00492	-0.00908	0.63076	0.00366	1	0.06323	-0.01484	0.68224	0.00362	1	1.45898	0.81042	0	
1246945	8410.64746	3304906065534	0.49306	0.40290	8410.44629	0.20117	11206	1	0.52793	0.43771	1	0.47692	0.42263	1	0.50243	0.43017	1	0.47843	0.53755	10.92456	1.00572	1	0.74176	0.56200	12.15196	1.01337	1	-0.00492	-0.00908	0.63076	0.00375	1	0.06323	-0.01484	0.68224	0.00368	1	1.45898	0.81042	0	
1246946	8410.65430	3304906134239	0.49335	0.40358	8410.44629	0.20801	11206	1	0.52710	0.43206	1	0.47723	0.41674	1	0.50217	0.42440	1	0.47864	0.53784	11.27556	1.01337	1	0.74196	0.56191	12.19131	1.02103	1	-0.00515	-0.00974	0.67319	0.00350	1	0.06378	-0.01494	0.68706	0.00369	1	1.45898	0.81042	0	
1246947	8410.66113	3304906202361	0.49321	0.40451	8410.44629	0.21484	11206	1	0.53543	0.39963	1	0.44229	0.46911	1	0.48886	0.43437	1	0.47863	0.53766	11.22250	1.03618	1	0.74152	0.56276	12.40703	1.03618	1	-0.00515	-0.00974	0.67319	0.00361	1	0.06378	-0.01494	0.68706	0.00382	1	1.45898	0.81042	0	
1246948	8410.66699	3304906268784	0.49281	0.40570	8410.44629	0.22070	11206	1	0.53395	0.38823	1	0.42510	0.50141	1	0.47952	0.44482	1	0.47863	0.53766	11.22250	1.05132	1	0.74171	0.56308	12.55114	1.05132	1	-0.00515	-0.00974	0.67319	0.00361	1	0.06378	-0.01494	0.68706	0.00385	1	1.45898	0.81042	0	
1246949	8410.67383	3304906333662	0.49240	0.40651	8410.44629	0.22754	11206	1	0.53247	0.37684	1	0.42496	0.49138	1	0.47871	0.43411	1	0.47847	0.53754	11.05556	1.06646	1	0.74201	0.56261	12.94438	1.06646	1	-0.00515	-0.00974	0.67319	0.00375	1	0.06378	-0.01494	0.68706	0.00367	1	1.45898	0.81042	0	
1246950	8410.68066	3304906402007	0.49203	0.40770	8410.44629	0.23438	11206	1	0.49735	0.42656	1	0.46016	0.47263	1	0.47876	0.44960	1	0.47846	0.53800	11.15587	1.06646	1	0.74221	0.56289	12.55605	1.06646	1	-0.00515	-0.00974	0.67319	0.00355	1	0.06378	-0.01494	0.68706	0.00384	1	1.45898	0.81042	0	
1246951	8410.68750	3304906471742	0.49178	0.43496	8410.44629	0.23438	11206	0	0.50150	0.41637	1	0.46108	0.49130	1	0.48129	0.45383	1	0.47848	0.53809	11.19882	1.06646	1	0.74227	0.56302	12.60921	1.06646	1	-0.00515	-0.00974	0.67319	0.00354	1	0.06378	-0.01494	0.68706	0.00378	1	1.45898	0.81042	0	
1246952	8410.69434	3304906538476	0.48649	0.44567	8410.44629	0.23438	11206	0	0.50150	0.41637	1	0.46090	0.49639	1	0.48120	0.45638	1	0.47862	0.53790	11.57313	1.06646	1	0.74235	0.56278	12.34089	1.05880	1	-0.00518	-0.00975	0.67718	0.00358	1	0.06038	-0.01419	0.64997	0.00380	1	1.45898	0.81042	0	
1246953	8410.70117	3304906604414	0.48856	0.43416	8410.44629	0.23438	11206	0	0.52741	0.37386	1	0.45799	0.44840	1	0.49270	0.41113	1	0.47891	0.53786	10.95005	1.05880	1	0.74221	0.56249	11.90557	1.05114	1	-0.00518	-0.00975	0.67718	0.00363	1	0.06038	-0.01419	0.64997	0.00395	1	1.45898	0.81042	0	
1246954	8410.70801	3304906671712	0.48804	0.43466	8410.68750	0.02051	11207	1	0.49918	0.40412	1	0.47381	0.46823	1	0.48650	0.43617	1	0.47884	0.53779	10.93145	1.05114	1	0.74255	0.56252	12.10965	1.04348	1	-0.00518	-0.00975	0.67718	0.00365	1	0.06038	-0.01419	0.64997	0.00375	1	1.45898	0.81042	0	
1246955	8410.71484	3304906739137	0.48791	0.43668	8410.68750	0.02734	11207	1	0.50118	0.41570	1	0.47352	0.47386	1	0.48735	0.44478	1	0.47888	0.53749	10.66174	1.03547	1	0.74241	0.56248	12.65102	1.03547	1	-0.00497	-0.00951	0.65686	0.00368	1	0.06297	-0.01473	0.67728	0.00360	1	1.45898	0.81042	0	
1246956	8410.72168	3304906807516	0.48957	0.43543	8410.68750	0.03418	11207	1	0.52729	0.44090	1	0.46852	0.41736	1	0.49790	0.42913	1	0.47918	0.53800	11.01028	1.02745	1	0.74235	0.56204	12.01481	1.03511	1	-0.00497	-0.00951	0.65686	0.00363	1	0.06297	-0.01473	0.67728	0.00367	1	1.45898	0.81042	0	
1246957	8410.72754	3304906872948	0.49004	0.43334	8410.68750	0.04004	11207	1	0.52228	0.41911	1	0.46335	0.42257	1	0.49282	0.42084	1	0.47915	0.53768	10.91568	1.02709	1	0.74227	0.56217	12.11993	1.03475	1	-0.00497	-0.00951	0.65686	0.00368	1	0.06297	-0.01473	0.67728	0.00367	1	1.45898	0.81042	0	
1246958	8410.73438	3304906939763	0.49030	0.43022	8410.68750	0.04688	11207	1	0.52044	0.40671	1	0.46381	0.40998	1	0.49212	0.40834	1	0.47910	0.53783	11.30821	1.04384	1	0.74252	0.56194	11.69291	1.05150	1	-0.00521	-0.01011	0.70227	0.00365	1	0.06349	-0.01483	0.68173	0.00435	1	1.45898	0.81042	0	
1246959	8410.74121	3304907006598	0.49012	0.42778	8410.68750	0.05371	11207	1	0.51292	0.38944	1	0.46453	0.42718	1	0.48872	0.40831	1	0.47905	0.53770	11.18866	1.06860	1	0.74268	0.56238	12.73720	1.06860	1	-0.00521	-0.01011	0.70227	0.00397	1	0.06349	-0.01483	0.68173	0.00374	1	1.45898	0.81042	0	
1246960	8410.74805	3304907073614	0.48797	0.42242	8410.68750	0.06055	11207	1	0.50765	0.33849	1	0.42963	0.40975	1	0.46864	0.37412	1	0.47907	0.53731	11.14901	1.08570	1	0.74252	0.56226	11.98547	1.08570	1	-0.00521	-0.01011	0.70227	0.00396	1	0.06349	-0.01483	0.68173	0.00412	1	1.45898	0.81042	0	
1246961	8410.75391	3304907137632	0.48617	0.41748	8410.68750	0.06641	11207	1	0.50672	0.33227	1	0.42960	0.40393	1	0.46816	0.36810	1	0.47906	0.53789	11.44756	1.09372	1	0.74311	0.56231	12.24476	1.09372	1	-0.00493	-0.00962	0.67141	0.00374	1	0.06349	-0.01483	0.68173	0.00415	1	1.45898	0.81042	0	
1246962	8410.76172	3304907207979	0.48589	0.41765	8410.68750	0.07422	11207	1	0.48772	0.37671	1	0.47783	0.46235	1	0.48277	0.41953	1	0.47912	0.53766	10.97024	1.08463	1	0.74324	0.56282	12.33972	1.08463	1	-0.00493	-0.00962	0.67141	0.00384	1	0.06349	-0.01483	0.68173	0.00410	1	1.45898	0.81042	0	
1246963	8410.76758	3304907274858	0.48517	0.41865	8410.68750	0.08008	11207	1	0.49775	0.39385	1	0.45536	0.46736	1	0.47656	0.43060	1	0.47914	0.53772	11.00035	1.07555	1	0.74302	0.56288	12.84731	1.07555	1	-0.00493	-0.00962	0.67141	0.00366	1	0.06349	-0.01483	0.68173	0.00385	1	1.45898	0.81042	0	
1246964	8410.77441	3304907340771	0.48459	0.41996	8410.68750	0.08691	11207	1	0.49889	0.40050	1	0.45519	0.47355	1	0.47704	0.43703	1	0.47953	0.53746	11.53799	1.06646	1	0.74306	0.56293	12.92849	1.06646	1	-0.00493	-0.00962	0.67141	0.00371	1	0.06349	-0.01483	0.68173	0.00379	1	1.45898	0.81042	0	
1246965	8410.78125	3304907409324	0.48463	0.41975	8410.68750	0.09375	11207	1	0.51125	0.34499	1	0.45899	0.48856	1	0.48512	0.41677	1	0.47945	0.53713	11.47449	1.06646	1	0.74302	0.56307	12.93720	1.06646	1	-0.00493	-0.00962	0.67141	0.00381	1	0.06349	-0.01483	0.68173	0.00381	1	1.45898	0.81042	0	
1246966	8410.78809	3304907476073	0.48487	0.41854	8410.68750	0.10059	11207	1	0.50728	0.34035	1	0.46983	0.46050	1	0.48856	0.40043	1	0.47943	0.53715	11.52518	1.06646	1	0.74315	0.56283	12.42711	1.06646	1	-0.00493	-0.00962	0.67141	0.00390	1	0.06349	-0.01483	0.68173	0.00371	1	1.45898	0.81042	0	
1246967	8410.79492	3304907540233	0.48508	0.41763	8410.68750	0.10742	11207	1	0.50728	0.34035	1	0.46959	0.46582	1	0.48843	0.40309	1	0.47990	0.53730	11.14996	1.06646	1	0.74295	0.56282	12.42038	1.05880	1	-0.00506	-0.00982	0.68899	0.00389	1	0.06133	-0.01431	0.65805	0.00381	1	1.45898	0.81042	0	
1246968	8410.80176	3304907609066	0.48570	0.41672	8410.68750	0.11426	11207	1	0.52498	0.33389	1	0.46744	0.46869	1	0.49621	0.40129	1	0.47963	0.53705	11.74494	1.05880	1	0.74320	0.56281	12.37910	1.05114	1	-0.00506	-0.00982	0.68899	0.00392	1	0.06133	-0.01431	0.65805	0.00382	1	1.45898	0.81042	0	
1246969	8410.80859	3304907676800	0.48680	0.41725	8410.68750	0.12109	11207	1	0.54623	0.39035	1	0.46689	0.46319	1	0.50656	0.42677	1	0.48001	0.53764	11.33324	1.05114	1	0.74320	0.56268	12.35021	1.04348	1	-0.00506	-0.00982	0.68899	0.00377	1	0.06133	-0.01431	0.65805	0.00385	1	1.45898	0.81042	0	
1246970	8410.81445	3304907742973	0.48780	0.41801	8410.68750	0.12695	11207	1	0.54690	0.39610	1	0.46666	0.46860	1	0.50678	0.43235	1	0.47999	0.53767	11.38897	1.04348	1	0.74314	0.56265	12.52313	1.03583	1	-0.00506	-0.00982	0.68899	0.00376	1	0.06133	-0.01431	0.65805	0.00385	1	1.45898	0.81042	0	
1246971	8410.82129	3304907810060	0.48836	0.41915	8410.68750	0.13379	11207	1	0.54316	0.40684	1	0.45598	0.47716	1	0.49957	0.44200	1	0.47995	0.53750	11.57169	1.03583	1	0.74306	0.56274	12.58866	1.03583	1	-0.00506	-0.00982	0.68899	0.00380	1	0.06133	-0.01431	0.65805	0.00381	1	1.45898	0.81042	0	
1246972	8410.82812	3304907875011	0.48870	0.41980	8410.68750	0.14062	11207	1	0.52772	0.39748	1	0.46424	0.46946	1	0.49598	0.43347	1	0.47966	0.53749	10.91585	1.03583	1	0.74314	0.56267	12.56204	1.03583	1	-0.00506	-0.00982	0.68899	0.00382	1	0.06133	-0.01431	0.65805	0.00379	1	1.45898	0.81042	0	
1246973	8410.83496	3304907944360	0.48902	0.42028	8410.68750	0.14746	11207	1	0.52772	0.39748	1	0.46445	0.46405	1	0.49608	0.43076	1	0.47934	0.53781	11.86243	1.03583	1	0.74320	0.56280	12.50286	1.04348	1	-0.00506	-0.00982	0.68899	0.00366	1	0.06295	-0.01468	0.67483	0.00382	1	1.45898	0.81042	0	
1246974	8410.84180	3304908011526	0.48903	0.42141	8410.68750	0.15430	11207	1	0.51226	0.41768	1	0.46599	0.47706	1	0.48912	0.44737	1	0.47939	0.53765	11.41145	1.04348	1	0.74312	0.56284	12.39050	1.05114	1	-0.00506	-0.00982	0.68899	0.00372	1	0.06295	-0.01468	0.67483	0.00385	1	1.45898	0.81042	0	
1246975	8410.84863	3304908078808	0.48888	0.42180	8410.68750	0.16113	11207	1	0.50058	0.38796	1	0.47009	0.47436	1	0.48534	0.43116	1	0.47930	0.53756	11.17842	1.05114	1	0.74318	0.56277	12.35839	1.05880	1	-0.00506	-0.00982	0.68899	0.00385	1	0.06295	-0.01468	0.67483	0.00384	1	1.45898	0.81042	0	
1246976	8410.85547	3304908145292	0.48873	0.42204	8410.68750	0.16797	11207	1	0.49962	0.38218	1	0.47009	0.47436	1	0.48486	0.42827	1	0.47971	0.53686	11.05171	1.05880	1	0.74320	0.56271	12.32112	1.05880	1	-0.00506	-0.00982	0.68899	0.00399	1	0.06133	-0.01431	0.65805	0.00386	1	1.45898	0.81042	0	
1246977	8410.86133	3304908212269	0.48887	0.42097	8410.68750	0.17383	11207	1	0.51915	0.32377	1	0.46608	0.46250	1	0.49262	0.39314	1	0.47960	0.53709	11.83106	1.05880	1	0.74314	0.56263	12.27642	1.05114	1	-0.00506	-0.00982	0.68899	0.00382	1	0.06133	-0.01431	0.65805	0.00383	1	1.45898	0.81042	0	
1246978	8410.86816	3304908279363	0.48919	0.42049	8410.68750	0.18066	11207	1	0.52287	0.37667	1	0.47268	0.43801	1	0.49777	0.40734	1	0.47955	0.53733	10.83171	1.05114	1	0.74320	0.56247	12.37248	1.04348	1	-0.00506	-0.00982	0.68899	0.00386	1	0.06133	-0.01431	0.65805	0.00373	1	1.45898	0.81042	0	
1246979	8410.87500	3304908344317	0.48949	0.42023	8410.68750	0.18750	11207	1	0.52369	0.38252	1	0.47241	0.44362	1	0.49805	0.41307	1	0.47938	0.53742	11.18315	1.04348	1	0.74313	0.56251	12.34586	1.03583	1	-0.00506	-0.00982	0.68899	0.00376	1	0.06133	-0.01431	0.65805	0.00373	1	1.45898	0.81042	0	
1246980	8410.88184	3304908413641	0.48936	0.41927	8410.68750	0.19434	11207	1	0.50298	0.42000	1	0.46821	0.36261	1	0.48559	0.39130	1	0.47926	0.53765	11.82064	1.03583	1	0.74311	0.56143	12.08274	1.03583	1	-0.00506	-0.00982	0.68899	0.00377	1	0.06133	-0.01431	0.65805	0.00416	1	1.45898	0.81042	0	
1246981	8410.88867	3304908480231	0.48916	0.41913	8410.68750	0.20117	11207	1	0.50420	0.38829	1	0.46207	0.44204	1	0.48313	0.41516	1	0.47927	0.53729	11.28930	1.03583	1	0.74303	0.56224	12.46348	1.03583	1	-0.00506	-0.00982	0.68899	0.00382	1	0.06133	-0.01431	0.65805	0.00378	1	1.45898	0.81042	0	
1246982	8410.89551	3304908546892	0.48898	0.41892	8410.68750	0.20801	11207	1	0.50420	0.38829	1	0.46227	0.43643	1	0.48323	0.41236	1	0.47951	0.53787	11.54810	1.03583	1	0.74299	0.56209	12.31883	1.04348	1	-0.00493	-0.00962	0.67141	0.00356	1	0.06349	-0.01483	0.68173	0.00386	1	1.45898	0.81042	0	
1246983	8410.90234	3304908614475	0.48872	0.41862	8410.68750	0.21484	11207	1	0.50214	0.40907	1	0.45900	0.40887	1	0.48057	0.40897	1	0.47923	0.53791	11.86895	1.04348	1	0.74296	0.56215	12.42144	1.05114	1	-0.00493	-0.00962	0.67141	0.00357	1	0.06349	-0.01483	0.68173	0.00384	1	1.45898	0.81042	0	
1246984	8410.90820	3304908681471	0.48883	0.41834	8410.68750	0.22070	11207	1	0.51498	0.38613	1	0.46971	0.43186	1	0.49235	0.40899	1	0.47947	0.53736	11.14396	1.05114	1	0.74323	0.56238	12.36623	1.05880	1	-0.00493	-0.00962	0.67141	0.00381	1	0.06349	-0.01483	0.68173	0.00377	1	1.45898	0.81042	0	
1246985	8410.91504	3304908748153	0.48892	0.41791	8410.68750	0.22754	11207	1	0.51411	0.38034	1	0.46996	0.42629	1	0.49203	0.40332	1	0.47957	0.53786	12.09590	1.05880	1	0.74288	0.56232	13.05649	1.06646	1	-0.00506	-0.00982	0.68899	0.00357	1	0.06349	-0.01483	0.68173	0.00380	1	1.45898	0.81042	0	
1246986	8410.92188	3304908815190	0.48876	0.41770	8410.68750	0.23438	11207	1	0.51011	0.39273	1	0.45635	0.42820	1	0.48323	0.41047	1	0.47945	0.53766	11.83241	1.06646	1	0.74290	0.56234	12.99348	1.06646	1	-0.00506	-0.00982	0.68899	0.00367	1	0.06349	-0.01483	0.68173	0.00379	1	1.45898	0.81042	0	
1246987	8410.92871	3304908882342	0.48876	0.41719	8410.68750	0.24121	11207	1	0.52072	0.36970	1	0.45635	0.42820	1	0.48854	0.39895	1	0.47960	0.53757	11.86023	1.06646	1	0.74290	0.56234	12.99348	1.06646	1	-0.00506	-0.00982	0.68899	0.00363	1	0.06349	-0.01483	0.68173	0.00379	1	1.45898	0.81042	0	
1246988	8410.93555	3304908949386	0.48875	0.41671	8410.68750	0.24805	11207	1	0.52072	0.36970	1	0.45635	0.42820	1	0.48854	0.39895	1	0.47920	0.53772	11.38471	1.06646	1	0.74284	0.56246	13.10203	1.06646	1	-0.00506	-0.00982	0.68899	0.00361	1	0.06349	-0.01483	0.68173	0.00381	1	1.45898	0.81042	0	
1246989	8410.94238	3304909016380	0.48862	0.41665	8410.68750	0.25488	11207	1	0.50131	0.41420	1	0.46571	0.41392	1	0.48351	0.41406	1	0.47922	0.53789	11.90083	1.06646	1	0.74307	0.56223	12.38351	1.06646	1	-0.00506	-0.00982	0.68899	0.00365	1	0.06349	-0.01483	0.68173	0.00391	1	1.45898	0.81042	0	
1246990	8410.94922	3304909083097	0.48816	0.41556	8410.68750	0.26172	11207	1	0.49206	0.34546	1	0.44833	0.40089	1	0.47020	0.37317	1	0.47919	0.53714	11.16457	1.06646	1	0.74281	0.56222	12.59246	1.06646	1	-0.00506	-0.00982	0.68899	0.00387	1	0.06349	-0.01483	0.68173	0.00389	1	1.45898	0.81042	0	
1246991	8410.95508	3304909150030	0.48772	0.41453	8410.68750	0.26758	11207	1	0.49206	0.34546	1	0.44833	0.40089	1	0.47020	0.37317	1	0.47926	0.53672	11.14277	1.06646	1	0.74292	0.56231	12.75265	1.06646	1	-0.00506	-0.00982	0.68899	0.00398	1	0.06349	-0.01483	0.68173	0.00387	1	1.45898	0.81042	0	
1246992	8410.96191	3304909217304	0.48742	0.41395	8410.68750	0.27441	11207	1	0.49525	0.34908	1	0.45541	0.43168	1	0.47533	0.39038	1	0.47920	0.53722	11.21366	1.06646	1	0.74292	0.56239	12.92788	1.06646	1	-0.00506	-0.00982	0.68899	0.00402	1	0.06349	-0.01483	0.68173	0.00383	1	1.45898	0.81042	0	
1246993	8410.96875	3304909284207	0.48737	0.41344	8410.68750	0.28125	11207	1	0.51352	0.35097	1	0.45650	0.43280	1	0.48501	0.39188	1	0.47913	0.53724	11.31744	1.06646	1	0.74296	0.56240	12.98300	1.06646	1	-0.00506	-0.00982	0.68899	0.00401	1	0.06349	-0.01483	0.68173	0.00384	1	1.45898	0.81042	0	
1246994	8410.97559	3304909351075	0.48732	0.41308	8410.68750	0.28809	11207	1	0.51443	0.35721	1	0.45634	0.43857	1	0.48538	0.39789	1	0.47941	0.53779	11.63260	1.05845	1	0.74292	0.56236	12.98312	1.05845	1	-0.00490	-0.00941	0.66034	0.00353	1	0.06349	-0.01483	0.68173	0.00384	1	1.45898	0.81042	0	
1246995	8410.98242	3304909417966	0.48719	0.41317	8410.68750	0.29492	11207	1	0.50741	0.40276	1	0.45542	0.43140	1	0.48141	0.41708	1	0.47933	0.53771	11.50985	1.05043	1	0.74297	0.56228	12.93123	1.05043	1	-0.00490	-0.00941	0.66034	0.00357	1	0.06349	-0.01483	0.68173	0.00386	1	1.45898	0.81042	0	
1246996	8410.98926	3304909484982	0.48710	0.41320	8410.68750	0.30176	11207	1	0.49288	0.39661	1	0.47301	0.43213	1	0.48294	0.41437	1	0.47906	0.53751	11.25745	1.04241	1	0.74316	0.56219	12.53849	1.04241	1	-0.00490	-0.00941	0.66034	0.00398	1	0.06349	-0.01483	0.68173	0.00385	1	1.45898	0.81042	0	
1246997	8410.99609	3304909552046	0.48701	0.41328	8410.68750	0.30859	11207	1	0.49288	0.39661	1	0.47273	0.43779	1	0.48280	0.41720	1	0.48026	0.53774	11.91008	1.04241	1	0.74384	0.56208	12.28882	1.03475	1	-0.00506	-0.00982	0.68899	0.00367	1	0.06133	-0.01431	0.65805	0.00388	1	1.45898	0.81042	0	
1246998	8411.00195	3304909619390	0.48773	0.41296	8410.68750	0.31445	11207	1	0.55071	0.35948	1	0.49291	0.43588	1	0.52181	0.39768	1	0.48007	0.53708	11.48366	1.04277	1	0.74360	0.56228	12.84927	1.03511	1	-0.00506	-0.00982	0.68899	0.00394	1	0.06133	-0.01431	0.65805	0.00381	1	1.45898	0.81042	0	
1246999	8411.00879	3304909685023	0.48834	0.41221	8410.68750	0.32129	11207	1	0.54893	0.36260	1	0.49293	0.43561	1	0.52093	0.39911	1	0.48005	0.53740	11.25089	1.04313	1	0.74360	0.56228	12.84927	1.03547	1	-0.00506	-0.00982	0.68899	0.00374	1	0.06133	-0.01431	0.65805	0.00381	1	1.45898	0.81042	0	
1247000	8411.01562	3304909750310	0.48917	0.41101	8410.68750	0.32812	11207	1	0.54890	0.36232	1	0.49295	0.43535	1	0.52092	0.39884	1	0.48008	0.53746	11.30939	1.04348	1	0.74346	0.56216	13.11721	1.03583	1	-0.00506	-0.00982	0.68899	0.00373	1	0.06226	-0.01448	0.66802	0.00382	1	1.45898	0.81042	0	
1247001	8411.02246	3304909817344	0.48980	0.41126	8410.68750	0.33496	11207	1	0.55750	0.40682	1	0.48914	0.43864	1	0.52332	0.42273	1	0.48008	0.53771	11.64338	1.03583	1	0.74350	0.56215	13.11825	1.03583	1	-0.00506	-0.00982	0.68899	0.00367	1	0.06226	-0.01448	0.66802	0.00398	1	1.45898	0.81042	0	
1247002	8411.02930	3304909884122	0.49072	0.41110	8410.68750	0.34180	11207	1	0.57186	0.40673	1	0.48879	0.45061	1	0.53032	0.42867	1	0.47998	0.53784	11.24781	1.03583	1	0.74351	0.56232	13.15993	1.03583	1	-0.00506	-0.00982	0.68899	0.00367	1	0.06226	-0.01448	0.66802	0.00391	1	1.45898	0.81042	0	
1247003	8411.03516	3304909951416	0.49162	0.41071	8410.68750	0.34766	11207	1	0.57186	0.40673	1	0.48918	0.44505	1	0.53052	0.42589	1	0.47961	0.53692	11.67639	1.03583	1	0.74339	0.56206	12.24310	1.04348	1	-0.00506	-0.00982	0.68899	0.00390	1	0.06349	-0.01483	0.68173	0.00401	1	1.45898	0.81042	0	
1247004	8411.04199	3304910018259	0.49214	0.41068	8410.68750	0.35449	11207	1	0.56316	0.41798	1	0.48254	0.43773	1	0.52285	0.42785	1	0.47983	0.53785	11.57960	1.04348	1	0.74337	0.56232	12.31962	1.05114	1	-0.00506	-0.00982	0.68899	0.00363	1	0.06349	-0.01483	0.68173	0.00385	1	1.45898	0.81042	0	
1247005	8411.04883	3304910084561	0.49252	0.41028	8410.68750	0.36133	11207	1	0.54172	0.36408	1	0.48040	0.43977	1	0.51106	0.40193	1	0.47959	0.53716	11.81551	1.05114	1	0.74333	0.56236	12.53365	1.05880	1	-0.00506	-0.00982	0.68899	0.00373	1	0.06349	-0.01483	0.68173	0.00381	1	1.45898	0.81042	0	
1247006	8411.05566	3304910149918	0.49291	0.41003	8410.68750	0.36816	11207	1	0.54102	0.35815	1	0.48073	0.43426	1	0.51087	0.39620	1	0.47952	0.53768	12.01721	1.05880	1	0.74322	0.56238	12.55986	1.06646	1	-0.00513	-0.00975	0.68450	0.00372	1	0.06349	-0.01483	0.68173	0.00381	1	1.45898	0.81042	0	
1247007	8411.06250	3304910217691	0.49366	0.40956	8410.68750	0.37500	11207	1	0.52329	0.37163	1	0.52629	0.39959	1	0.52479	0.38561	1	0.47931	0.53769	11.74372	1.06646	1	0.74322	0.56214	12.43271	1.06646	1	-0.00513	-0.00975	0.68450	0.00353	1	0.06349	-0.01483	0.68173	0.00395	1	1.45898	0.81042	0	
1247008	8411.06934	3304910285134	0.49470	0.40943	8410.68750	0.38184	11207	1	0.51819	0.35236	1	0.51899	0.38351	1	0.51859	0.36793	1	0.47920	0.53727	11.38504	1.06646	1	0.74318	0.56201	12.77374	1.06646	1	-0.00513	-0.00975	0.68450	0.00374	1	0.06349	-0.01483	0.68173	0.00370	1	1.45898	0.81042	0	
1247009	8411.07520	3304910351657	0.52121	0.40170	8410.68750	0.38184	11207	0	0.51819	0.35236	1	0.51899	0.38351	1	0.51859	0.36793	1	0.47900	0.53754	11.13998	1.06646	1	0.74311	0.56243	12.64642	1.06646	1	-0.00515	-0.00974	0.67319	0.00375	1	0.06297	-0.01473	0.67728	0.00365	1	1.45898	0.81042	0	
1247010	8411.08301	3304910422555	0.52288	0.38831	8410.68750	0.38184	11207	0	0.53541	0.33596	1	0.51368	0.41387	1	0.52454	0.37492	1	0.47908	0.53695	10.99958	1.06646	1	0.74313	0.56210	12.44623	1.06646	1	-0.00515	-0.00974	0.67319	0.00391	1	0.06297	-0.01473	0.67728	0.00375	1	1.45898	0.81042	0	
1247011	8411.08887	3304910487208	0.52207	0.38213	8410.68750	0.38184	11207	0	0.52401	0.34531	1	0.51688	0.39425	1	0.52045	0.36978	1	0.47891	0.53712	11.09894	1.06646	1	0.74317	0.56204	12.35652	1.06646	1	-0.00515	-0.00974	0.67319	0.00391	1	0.06297	-0.01473	0.67728	0.00376	1	1.45898	0.81042	0	
1247012	8411.09570	3304910556509	0.52162	0.38132	8411.07520	0.02051	11208	1	0.52485	0.35158	1	0.51571	0.40617	1	0.52028	0.37887	1	0.47915	0.53748	11.23386	1.05845	1	0.74285	0.56218	12.64364	1.05079	1	-0.00512	-0.00959	0.66264	0.00381	1	0.06038	-0.01414	0.64997	0.00382	1	1.45898	0.81042	0	
1247013	8411.10254	3304910623652	0.52540	0.38741	8411.07520	0.02734	11208	1	0.57884	0.37608	1	0.50220	0.44744	1	0.54052	0.41176	1	0.47933	0.53730	11.09363	1.04277	1	0.74292	0.56236	12.82791	1.03511	1	-0.00512	-0.00959	0.66264	0.00387	1	0.06038	-0.01414	0.64997	0.00387	1	1.45898	0.81042	0	
1247014	8411.10938	3304910690233	0.52571	0.39296	8411.07520	0.03418	11208	1	0.57102	0.41688	1	0.48344	0.42457	1	0.52723	0.42072	1	0.47911	0.53769	11.41246	1.02709	1	0.74262	0.56207	12.31858	1.01943	1	-0.00512	-0.00959	0.66264	0.00369	1	0.06038	-0.01414	0.64997	0.00381	1	1.45898	0.81042	0	
1247015	8411.11621	3304910757749	0.52596	0.39733	8411.07520	0.04102	11208	1	0.57155	0.42255	1	0.48344	0.42457	1	0.52750	0.42356	1	0.47869	0.53764	11.76639	1.01943	1	0.74235	0.56150	12.40105	1.01943	1	-0.00537	-0.00997	0.68881	0.00374	1	0.06378	-0.01494	0.68706	0.00377	1	1.45898	0.81042	0	
1247016	8411.12305	3304910824738	0.52600	0.39541	8411.07520	0.04785	11208	1	0.54125	0.39750	1	0.51120	0.36640	1	0.52623	0.38195	1	0.47865	0.53736	11.78587	1.02745	1	0.74226	0.56144	12.26344	1.03511	1	-0.00537	-0.00997	0.68881	0.00382	1	0.06378	-0.01494	0.68706	0.00409	1	1.45898	0.81042	0	
1247017	8411.12988	3304910891583	0.52502	0.39574	8411.07520	0.05469	11208	1	0.51045	0.38149	1	0.52405	0.41537	1	0.51725	0.39843	1	0.47829	0.53740	11.16230	1.04313	1	0.74240	0.56205	12.43283	1.05079	1	-0.00537	-0.00997	0.68881	0.00374	1	0.06378	-0.01494	0.68706	0.00373	1	1.45898	0.81042	0	
1247018	8411.13672	3304910959087	0.52425	0.39450	8411.07520	0.06152	11208	1	0.50860	0.36948	1	0.52606	0.39706	1	0.51733	0.38327	1	0.47841	0.53761	11.37534	1.05880	1	0.74232	0.56170	12.38692	1.07514	1	-0.00536	-0.00976	0.67428	0.00373	1	0.06475	-0.01518	0.69804	0.00382	1	1.45898	0.81042	0	
1247019	8411.14258	3304911025767	0.52487	0.39324	8411.07520	0.06738	11208	1	0.54317	0.40655	1	0.51898	0.35481	1	0.53108	0.38068	1	0.47839	0.53796	11.39769	1.07514	1	0.74239	0.56179	12.27775	1.08382	1	-0.00536	-0.00976	0.67428	0.00377	1	0.06475	-0.01518	0.69804	0.00380	1	1.45898	0.81042	0	
1247020	8411.14941	3304911092717	0.52573	0.39523	8411.07520	0.07422	11208	1	0.55885	0.43709	1	0.51135	0.39724	1	0.53510	0.41716	1	0.47860	0.53825	11.18090	1.08382	1	0.74225	0.56215	12.57358	1.09250	1	-0.00536	-0.00976	0.67428	0.00365	1	0.06475	-0.01518	0.69804	0.00380	1	1.45898	0.81042	0	
1247021	8411.15625	3304911157917	0.52640	0.39691	8411.07520	0.08105	11208	1	0.55820	0.43116	1	0.51083	0.40290	1	0.53452	0.41703	1	0.47826	0.53792	11.14512	1.09250	1	0.74231	0.56201	12.31354	1.08484	1	-0.00536	-0.00976	0.67428	0.00370	1	0.06114	-0.01436	0.66023	0.00382	1	1.45898	0.81042	0	
1247022	8411.16309	3304911226644	0.52601	0.39636	8411.07520	0.08789	11208	1	0.52979	0.37334	1	0.51211	0.40508	1	0.52095	0.38921	1	0.47823	0.53810	11.36949	1.08484	1	0.74235	0.56210	12.42468	1.06850	1	-0.00536	-0.00976	0.67428	0.00375	1	0.06114	-0.01436	0.66023	0.00377	1	1.45898	0.81042	0	
1247023	8411.16992	3304911293884	0.52561	0.39398	8411.07520	0.09473	11208	1	0.53124	0.30353	1	0.50860	0.41785	1	0.51992	0.36069	1	0.47826	0.53776	10.92114	1.06850	1	0.74218	0.56212	12.77172	1.05216	1	-0.00536	-0.00976	0.67428	0.00385	1	0.06114	-0.01436	0.66023	0.00376	1	1.45898	0.81042	0	
1247024	8411.17676	3304911360661	0.52527	0.39270	8411.07520	0.10156	11208	1	0.53285	0.31693	1	0.50749	0.43007	1	0.52017	0.37350	1	0.47839	0.53780	11.07209	1.05216	1	0.74211	0.56197	12.86388	1.03583	1	-0.00536	-0.00976	0.67428	0.00386	1	0.06114	-0.01436	0.66023	0.00374	1	1.45898	0.81042	0	
1247025	8411.18359	3304911427631	0.52565	0.39332	8411.07520	0.10840	11208	1	0.55055	0.38939	1	0.51309	0.41693	1	0.53182	0.40316	1	0.47853	0.53783	11.18886	1.03583	1	0.74227	0.56192	12.47363	1.03583	1	-0.00536	-0.00976	0.67428	0.00387	1	0.06114	-0.01436	0.66023	0.00376	1	1.45898	0.81042	0	
1247026	8411.18945	3304911494454	0.52578	0.39399	8411.07520	0.11426	11208	1	0.54071	0.37635	1	0.51527	0.43458	1	0.52799	0.40547	1	0.47828	0.53770	11.01138	1.03583	1	0.74232	0.56219	12.43885	1.03583	1	-0.00536	-0.00976	0.67428	0.00391	1	0.06114	-0.01436	0.66023	0.00369	1	1.45898	0.81042	0	
1247027	8411.19629	3304911562264	0.52590	0.39460	8411.07520	0.12109	11208	1	0.54071	0.37635	1	0.51527	0.43458	1	0.52799	0.40547	1	0.47838	0.53768	11.03488	1.03583	1	0.74232	0.56225	12.45234	1.03583	1	-0.00536	-0.00976	0.67428	0.00392	1	0.06114	-0.01436	0.66023	0.00370	1	1.45898	0.81042	0	
1247028	8411.20312	3304911629184	0.52607	0.39560	8411.07520	0.12793	11208	1	0.54363	0.39826	1	0.51518	0.43102	1	0.52941	0.41464	1	0.47832	0.53790	11.04231	1.03583	1	0.74234	0.56209	12.58638	1.03583	1	-0.00536	-0.00976	0.67428	0.00383	1	0.06114	-0.01436	0.66023	0.00379	1	1.45898	0.81042	0	
1247029	8411.20996	3304911695884	0.52612	0.39573	8411.07520	0.13477	11208	1	0.54488	0.36934	1	0.50927	0.42745	1	0.52708	0.39840	1	0.47842	0.53768	11.15219	1.03583	1	0.74236	0.56203	12.35818	1.03583	1	-0.00536	-0.00976	0.67428	0.00397	1	0.06114	-0.01436	0.66023	0.00381	1	1.45898	0.81042	0	
1247030	8411.21680	3304911762554	0.52618	0.39572	8411.07520	0.14160	11208	1	0.54488	0.36934	1	0.50981	0.42171	1	0.52734	0.39553	1	0.47842	0.53768	11.15219	1.03583	1	0.74214	0.56188	12.45625	1.04348	1	-0.00544	-0.00995	0.68403	0.00398	1	0.06323	-0.01484	0.68224	0.00373	1	1.45898	0.81042	0	
1247031	8411.22363	3304911829322	0.52633	0.39519	8411.07520	0.14844	11208	1	0.55554	0.38044	1	0.50400	0.38665	1	0.52977	0.38355	1	0.47859	0.53797	11.55107	1.04348	1	0.74213	0.56182	12.44072	1.05114	1	-0.00544	-0.00995	0.68403	0.00397	1	0.06323	-0.01484	0.68224	0.00375	1	1.45898	0.81042	0	
1247032	8411.23047	3304911896342	0.52606	0.39548	8411.07520	0.15527	11208	1	0.54854	0.36296	1	0.49090	0.44122	1	0.51972	0.40209	1	0.47848	0.53816	11.69828	1.05114	1	0.74190	0.56243	12.78995	1.05880	1	-0.00544	-0.00995	0.68403	0.00376	1	0.06323	-0.01484	0.68224	0.00382	1	1.45898	0.81042	0	
1247033	8411.23633	3304911959171	0.52580	0.39551	8411.07520	0.16113	11208	1	0.54788	0.35701	1	0.49130	0.43571	1	0.51959	0.39636	1	0.47861	0.53849	11.94538	1.05880	1	0.74217	0.56225	12.67484	1.06646	1	-0.00544	-0.00995	0.68403	0.00367	1	0.06323	-0.01484	0.68224	0.00370	1	1.45898	0.81042	0	
1247034	8411.24316	3304912028353	0.52620	0.39520	8411.07520	0.16797	11208	1	0.56427	0.35359	1	0.50826	0.42093	1	0.53626	0.38726	1	0.47874	0.53823	11.79498	1.06646	1	0.74223	0.56237	12.57002	1.06646	1	-0.00544	-0.00995	0.68403	0.00393	1	0.06323	-0.01484	0.68224	0.00393	1	1.45898	0.81042	0	
1247035	8411.25000	3304912093116	0.52648	0.39593	8411.07520	0.17480	11208	1	0.57152	0.40012	1	0.49611	0.42980	1	0.53381	0.41496	1	0.47885	0.53864	12.03397	1.06646	1	0.74200	0.56246	13.05174	1.06646	1	-0.00544	-0.00995	0.68403	0.00367	1	0.06323	-0.01484	0.68224	0.00378	1	1.45898	0.81042	0	
1247036	8411.25586	3304912157325	0.52674	0.39637	8411.07520	0.18066	11208	1	0.57092	0.39350	1	0.49662	0.42321	1	0.53377	0.40835	1	0.47873	0.53870	12.11593	1.07555	1	0.74201	0.56252	13.00811	1.07555	1	-0.00554	-0.01023	0.70303	0.00362	1	0.06323	-0.01484	0.68224	0.00382	1	1.45898	0.81042	0	
1247037	8411.26367	3304912230644	0.52597	0.39584	8411.07520	0.18848	11208	1	0.52330	0.35868	1	0.48532	0.40324	1	0.50431	0.38096	1	0.47852	0.53810	11.52367	1.08463	1	0.74181	0.56240	12.77545	1.08463	1	-0.00554	-0.01023	0.70303	0.00390	1	0.06323	-0.01484	0.68224	0.00386	1	1.45898	0.81042	0	
1247038	8411.27051	3304912297804	0.52584	0.39576	8411.07520	0.19531	11208	1	0.55992	0.34979	1	0.48441	0.43700	1	0.52217	0.39340	1	0.47874	0.53858	12.02443	1.09372	1	0.74182	0.56262	13.09242	1.09372	1	-0.00554	-0.01023	0.70303	0.00367	1	0.06323	-0.01484	0.68224	0.00394	1	1.45898	0.81042	0	
1247039	8411.27637	3304912362419	0.52572	0.39547	8411.07520	0.20117	11208	1	0.55926	0.34291	1	0.48481	0.43064	1	0.52203	0.38678	1	0.47818	0.53836	10.89526	1.10280	1	0.74240	0.56100	11.94261	1.10280	1	-0.00554	-0.01023	0.70303	0.00367	1	0.06323	-0.01484	0.68224	0.00436	1	1.45898	0.81042	0	
1247040	8411.28320	3304912429034	0.52500	0.39305	8411.07520	0.20801	11208	1	0.53306	0.30504	1	0.47236	0.33083	1	0.50271	0.31793	1	0.47869	0.53851	12.03523	1.10280	1	0.74234	0.56275	12.63704	1.10280	1	-0.00554	-0.01023	0.70303	0.00347	1	0.06323	-0.01484	0.68224	0.00396	1	1.45898	0.81042	0	
1247041	8411.29004	3304912497776	0.52367	0.38751	8411.07520	0.21484	11208	1	0.47691	0.08233	1	0.48542	0.33845	1	0.48116	0.21039	1	0.47845	0.53638	11.29831	1.10280	1	0.74262	0.56256	12.19182	1.10280	1	-0.00554	-0.01023	0.70303	0.00230	1	0.06323	-0.01484	0.68224	0.00441	1	1.45898	0.81042	0	
1247042	8411.29688	3304912564202	0.52243	0.38263	8411.07520	0.22168	11208	1	0.47814	0.09140	1	0.48467	0.35157	1	0.48140	0.22149	1	0.48014	0.54107	11.73286	1.09372	1	0.74359	0.56475	12.14540	1.08606	1	-0.00505	-0.01037	0.68778	0.00339	1	0.06038	-0.01448	0.64997	0.00353	1	1.45898	0.81042	0	
1247043	8411.30273	3304912626319	0.52373	0.38363	8411.07520	0.22754	11208	1	0.57317	0.34982	1	0.56281	0.48520	1	0.56799	0.41751	1	0.48045	0.54022	10.75726	1.07697	1	0.74385	0.56492	12.14370	1.06931	1	-0.00505	-0.01037	0.68778	0.00399	1	0.06038	-0.01448	0.64997	0.00347	1	1.45898	0.81042	0	
1247044	8411.30957	3304912695229	0.52429	0.38373	8411.07520	0.23438	11208	1	0.57460	0.37685	1	0.51342	0.39818	1	0.54401	0.38751	1	0.48050	0.54058	10.71426	1.06023	1	0.74344	0.56483	11.21205	1.05257	1	-0.00505	-0.01037	0.68778	0.00389	1	0.06038	-0.01448	0.64997	0.00398	1	1.45898	0.81042	0	
1247045	8411.31738	3304912765081	0.52483	0.38410	8411.07520	0.24219	11208	1	0.57567	0.38949	1	0.51276	0.40514	1	0.54421	0.39731	1	0.48079	0.54198	11.73492	1.04348	1	0.74386	0.56658	11.99684	1.04348	1	-0.00499	-0.01029	0.67896	0.00355	1	0.06291	-0.01525	0.67556	0.00343	1	1.45898	0.81042	0	
1247046	8411.32324	3304912829836	0.52562	0.38791	8411.07520	0.24805	11208	1	0.59567	0.50164	1	0.51402	0.55635	1	0.55485	0.52900	1	0.48064	0.54194	11.35677	1.04348	1	0.74362	0.56660	12.19222	1.05114	1	-0.00499	-0.01029	0.67896	0.00359	1	0.06291	-0.01525	0.67556	0.00347	1	1.45898	0.81042	0	
1247047	8411.33105	3304912901249	0.52626	0.39162	8411.07520	0.25586	11208	1	0.60085	0.51590	1	0.50012	0.54926	1	0.55048	0.53258	1	0.48081	0.54185	11.54329	1.05114	1	0.74377	0.56648	12.14859	1.05880	1	-0.00499	-0.01029	0.67896	0.00358	1	0.06291	-0.01525	0.67556	0.00349	1	1.45898	0.81042	0	
1247048	8411.33691	3304912967976	0.52687	0.39503	8411.07520	0.26172	11208	1	0.60053	0.51109	1	0.50058	0.54453	1	0.55055	0.52781	1	0.48064	0.54194	11.42728	1.05880	1	0.74384	0.56665	12.08458	1.06646	1	-0.00499	-0.01029	0.67896	0.00356	1	0.06349	-0.01534	0.68173	0.00347	1	1.45898	0.81042	0	
1247049	8411.34375	3304913035131	0.52718	0.39822	8411.07520	0.26855	11208	1	0.57633	0.47967	1	0.50284	0.57245	1	0.53958	0.52606	1	0.48043	0.54180	11.38112	1.06646	1	0.74377	0.56683	12.22259	1.06646	1	-0.00499	-0.01029	0.67896	0.00357	1	0.06349	-0.01534	0.68173	0.00344	1	1.45898	0.81042	0	
1247050	8411.35059	3304913102216	0.52776	0.40104	8411.07520	0.27539	11208	1	0.58577	0.47320	1	0.51728	0.56013	1	0.55153	0.51666	1	0.48057	0.54179	11.10561	1.06646	1	0.74391	0.56670	12.13656	1.06646	1	-0.00499	-0.01029	0.67896	0.00355	1	0.06349	-0.01534	0.68173	0.00340	1	1.45898	0.81042	0	
1247051	8411.35742	3304913168757	0.52830	0.40379	8411.07520	0.28223	11208	1	0.58577	0.47320	1	0.51670	0.56475	1	0.55124	0.51898	1	0.48083	0.54184	11.91699	1.06646	1	0.74371	0.56651	11.98949	1.05880	1	-0.00484	-0.01023	0.67209	0.00349	1	0.06133	-0.01481	0.65805	0.00342	1	1.45898	0.81042	0	
1247052	8411.36426	3304913236010	0.54009	0.44093	8411.07520	0.28223	11208	0	0.59365	0.45242	1	0.53456	0.55941	1	0.56411	0.50591	1	0.48072	0.54145	11.73694	1.05880	1	0.74433	0.56668	12.43694	1.05114	1	-0.00484	-0.01023	0.67209	0.00347	1	0.06133	-0.01481	0.65805	0.00332	1	1.45898	0.81042	0	
1247053	8411.37109	3304913303162	0.54713	0.47796	8411.07520	0.28223	11208	0	0.58236	0.48646	1	0.52596	0.54350	1	0.55416	0.51498	1	0.48055	0.54160	11.07079	1.05114	1	0.74415	0.56649	11.96224	1.04348	1	-0.00484	-0.01023	0.67209	0.00346	1	0.06133	-0.01481	0.65805	0.00338	1	1.45898	0.81042	0	
1247054	8411.37695	3304913367964	0.54943	0.49195	8411.07520	0.28223	11208	0	0.58280	0.49149	1	0.52531	0.54836	1	0.55405	0.51993	1	0.48068	0.54190	12.14046	1.04348	1	0.74424	0.56647	12.25470	1.03583	1	-0.00489	-0.01028	0.67866	0.00343	1	0.06133	-0.01481	0.65805	0.00346	1	1.45898	0.81042	0	
1247055	8411.38379	3304913437434	0.55577	0.49506	8411.36426	0.01953	11209	1	0.60151	0.45964	1	0.54806	0.54916	1	0.57478	0.50440	1	0.48082	0.54068	11.58500	1.03583	1	0.74454	0.56646	12.38190	1.03583	1	-0.00489	-0.01028	0.67866	0.00375	1	0.06133	-0.01481	0.65805	0.00336	1	1.45898	0.81042	0	
1247056	8411.39062	3304913503965	0.55751	0.49461	8411.36426	0.02637	11209	1	0.59388	0.46287	1	0.53507	0.52280	1	0.56447	0.49283	1	0.48068	0.54144	12.08396	1.03583	1	0.74434	0.56610	12.44649	1.03583	1	-0.00489	-0.01028	0.67866	0.00362	1	0.06133	-0.01481	0.65805	0.00344	1	1.45898	0.81042	0	
1247057	8411.39746	3304913570964	0.55867	0.49432	8411.36426	0.03320	11209	1	0.59388	0.46287	1	0.53507	0.52280	1	0.56447	0.49283	1	0.48089	0.54152	11.87690	1.03583	1	0.74424	0.56669	12.41980	1.03583	1	-0.00489	-0.01028	0.67866	0.00343	1	0.06164	-0.01486	0.66030	0.00340	1	1.45898	0.81042	0	
1247058	8411.40430	3304913635741	0.55825	0.50136	8411.36426	0.04004	11209	1	0.57294	0.53530	1	0.53848	0.55195	1	0.55571	0.54362	1	0.48065	0.54192	11.92444	1.03583	1	0.74437	0.56653	12.00402	1.03583	1	-0.00489	-0.01028	0.67866	0.00321	1	0.06164	-0.01486	0.66030	0.00337	1	1.45898	0.81042	0	
1247059	8411.41016	3304913700483	0.55799	0.50518	8411.36426	0.04590	11209	1	0.56643	0.47882	1	0.54591	0.58502	1	0.55617	0.53192	1	0.48098	0.54177	11.78708	1.03583	1	0.74450	0.56665	12.38413	1.03583	1	-0.00489	-0.01028	0.67866	0.00330	1	0.06164	-0.01486	0.66030	0.00337	1	1.45898	0.81042	0	SUBJECT_ONSET_LOG
1247060	8411.41699	3304913768865	0.55782	0.50846	8411.36426	0.05273	11209	1	0.56701	0.48423	1	0.54587	0.58523	1	0.55644	0.53473	1	0.48081	0.54193	12.14828	1.02781	1	0.74452	0.56652	12.27232	1.03547	1	-0.00467	-0.00994	0.65627	0.00323	1	0.06349	-0.01529	0.67958	0.00339	1	1.45898	0.81042	0	
1247061	8411.42383	3304913835495	0.55752	0.51244	8411.36426	0.05957	11209	1	0.58701	0.52745	1	0.52267	0.56889	1	0.55484	0.54817	1	0.48090	0.54208	12.08527	1.02745	1	0.74451	0.56661	12.15949	1.03511	1	-0.00467	-0.00994	0.65627	0.00329	1	0.06349	-0.01529	0.67958	0.00343	1	1.45898	0.81042	0	
1247062	8411.43066	3304913904446	0.55843	0.52078	8411.36426	0.06641	11209	1	0.60184	0.60208	1	0.53334	0.60637	1	0.56759	0.60423	1	0.48111	0.54185	12.59873	1.02709	1	0.74428	0.56597	12.56069	1.03475	1	-0.00467	-0.00994	0.65627	0.00316	1	0.06349	-0.01529	0.67958	0.00350	1	1.45898	0.81042	0	AUDIO_FILE_ONSET_LOG
1247063	8411.43750	3304913969880	0.55921	0.52737	8411.36426	0.07324	11209	1	0.60152	0.59780	1	0.53405	0.60194	1	0.56779	0.59987	1	0.47957	0.54035	12.86319	1.03475	1	0.74300	0.56477	13.24692	1.04241	1	-0.00499	-0.01008	0.67897	0.00338	1	0.06349	-0.01513	0.68173	0.00367	1	1.45898	0.81042	0	
1247064	8411.44434	3304914037139	0.55678	0.52385	8411.36426	0.08008	11209	1	0.53597	0.43536	1	0.51923	0.52789	1	0.52760	0.48162	1	0.47934	0.53917	11.79437	1.05043	1	0.74324	0.56424	12.66466	1.05043	1	-0.00499	-0.01008	0.67897	0.00357	1	0.06349	-0.01513	0.68173	0.00347	1	1.45898	0.81042	0	
1247065	8411.45117	3304914103641	0.55418	0.51939	8411.36426	0.08691	11209	1	0.53036	0.43514	1	0.51039	0.48769	1	0.52037	0.46141	1	0.47930	0.53914	11.63722	1.05845	1	0.74309	0.56348	12.69188	1.05845	1	-0.00499	-0.01008	0.67897	0.00367	1	0.06349	-0.01513	0.68173	0.00369	1	1.45898	0.81042	0	
1247066	8411.45703	3304914170199	0.55192	0.51516	8411.36426	0.09277	11209	1	0.52955	0.42950	1	0.51094	0.48226	1	0.52025	0.45588	1	0.47879	0.53820	12.22705	1.06646	1	0.74225	0.56260	12.88235	1.06646	1	-0.00515	-0.00974	0.67319	0.00379	1	0.06378	-0.01494	0.68706	0.00405	1	1.45898	0.81042	0	
1247067	8411.46484	3304914239710	0.54730	0.50959	8411.36426	0.10059	11209	1	0.50168	0.38000	1	0.45434	0.47213	1	0.47801	0.42606	1	0.47891	0.53802	12.55058	1.06646	1	0.74214	0.56289	13.33021	1.06646	1	-0.00515	-0.00974	0.67319	0.00370	1	0.06378	-0.01494	0.68706	0.00397	1	1.45898	0.81042	0	
1247068	8411.47168	3304914308090	0.54238	0.50183	8411.36426	0.10742	11209	1	0.47941	0.33053	1	0.44781	0.42489	1	0.46361	0.37771	1	0.47859	0.53754	11.81530	1.06646	1	0.74203	0.56231	12.82642	1.06646	1	-0.00515	-0.00974	0.67319	0.00396	1	0.06378	-0.01494	0.68706	0.00396	1	1.45898	0.81042	0	
1247069	8411.47852	3304914375518	0.53803	0.49528	8411.36426	0.11426	11209	1	0.48054	0.33693	1	0.44771	0.43071	1	0.46413	0.38382	1	0.47869	0.53818	12.12601	1.05845	1	0.74230	0.56204	12.45285	1.05845	1	-0.00502	-0.00965	0.66333	0.00378	1	0.06378	-0.01494	0.68706	0.00413	1	1.45898	0.81042	0	
1247070	8411.48438	3304914441370	0.53489	0.49108	8411.36426	0.12012	11209	1	0.49400	0.42756	1	0.46281	0.40370	1	0.47840	0.41563	1	0.47869	0.53842	12.37052	1.05043	1	0.74222	0.56250	12.62253	1.05043	1	-0.00502	-0.00965	0.66333	0.00379	1	0.06378	-0.01494	0.68706	0.00388	1	1.45898	0.81042	0	
1247071	8411.49121	3304914508458	0.53215	0.48651	8411.36426	0.12695	11209	1	0.50192	0.40238	1	0.45821	0.39674	1	0.48007	0.39956	1	0.47886	0.53824	12.38153	1.04241	1	0.74218	0.56231	12.31702	1.04241	1	-0.00502	-0.00965	0.66333	0.00374	1	0.06378	-0.01494	0.68706	0.00397	1	1.45898	0.81042	0	
1247072	8411.49805	3304914574379	0.50859	0.46355	8411.36426	0.12695	11209	0	0.50293	0.40837	1	0.45787	0.40882	1	0.48040	0.40860	1	0.47895	0.53816	12.51073	1.03440	1	0.74228	0.56183	12.19574	1.02674	1	-0.00502	-0.00965	0.66333	0.00374	1	0.06038	-0.01414	0.64997	0.00421	1	1.45898	0.81042	0	
1247073	8411.50488	3304914642162	0.49655	0.43028	8411.36426	0.12695	11209	0	0.50354	0.37200	1	0.46550	0.42203	1	0.48452	0.39702	1	0.47886	0.53808	12.26420	1.02674	1	0.74236	0.56186	12.32339	1.01908	1	-0.00502	-0.00965	0.66333	0.00376	1	0.06038	-0.01414	0.64997	0.00413	1	1.45898	0.81042	0	
1247074	8411.51172	3304914709232	0.49986	0.43272	8411.36426	0.12695	11209	0	0.52085	0.38328	1	0.49207	0.49188	1	0.50646	0.43758	1	0.47878	0.53805	12.25106	1.01908	1	0.74281	0.56250	12.87955	1.01142	1	-0.00502	-0.00965	0.66333	0.00376	1	0.06038	-0.01414	0.64997	0.00384	1	1.45898	0.81042	0	
1247075	8411.51855	3304914776452	0.50156	0.43319	8411.49805	0.02051	11210	1	0.52081	0.38301	1	0.49251	0.48625	1	0.50666	0.43463	1	0.47873	0.53743	12.10206	1.01943	1	0.74257	0.56212	12.78298	1.01943	1	-0.00518	-0.00985	0.67718	0.00395	1	0.06378	-0.01494	0.68706	0.00393	1	1.45898	0.81042	0	
1247076	8411.52441	3304914843358	0.50132	0.42259	8411.49805	0.02637	11210	1	0.51955	0.30546	1	0.48123	0.45491	1	0.50039	0.38019	1	0.47874	0.53730	11.97579	1.02745	1	0.74253	0.56237	13.12803	1.03511	1	-0.00518	-0.00985	0.67718	0.00394	1	0.06378	-0.01494	0.68706	0.00385	1	1.45898	0.81042	0	
1247077	8411.53125	3304914910678	0.50088	0.42159	8411.49805	0.03320	11210	1	0.52556	0.36360	1	0.47176	0.46952	1	0.49866	0.41656	1	0.47887	0.53809	12.28819	1.04313	1	0.74242	0.56278	13.24465	1.05079	1	-0.00518	-0.00985	0.67718	0.00374	1	0.06378	-0.01494	0.68706	0.00388	1	1.45898	0.81042	0	
1247078	8411.53809	3304914977652	0.50046	0.41959	8411.49805	0.04004	11210	1	0.52390	0.35134	1	0.47204	0.46394	1	0.49797	0.40764	1	0.47884	0.53778	12.10025	1.05880	1	0.74202	0.56279	13.30738	1.05880	1	-0.00518	-0.00985	0.67718	0.00374	1	0.06038	-0.01414	0.64997	0.00390	1	1.45898	0.81042	0	
1247079	8411.54492	3304915043934	0.49882	0.41688	8411.49805	0.04688	11210	1	0.51135	0.33068	1	0.46328	0.46507	1	0.48731	0.39787	1	0.47859	0.53813	11.99349	1.05880	1	0.74234	0.56266	12.65511	1.05114	1	-0.00518	-0.00985	0.67718	0.00385	1	0.06038	-0.01414	0.64997	0.00387	1	1.45898	0.81042	0	
1247080	8411.55176	3304915111295	0.49844	0.41252	8411.49805	0.05371	11210	1	0.51707	0.29884	1	0.47373	0.45645	1	0.49540	0.37765	1	0.47876	0.53735	11.90135	1.05114	1	0.74246	0.56260	13.62400	1.04348	1	-0.00518	-0.00985	0.67718	0.00405	1	0.06038	-0.01414	0.64997	0.00391	1	1.45898	0.81042	0	
1247081	8411.55859	3304915178981	0.49816	0.40963	8411.49805	0.06055	11210	1	0.51793	0.30527	1	0.47345	0.46192	1	0.49569	0.38360	1	0.47879	0.53850	12.28858	1.04348	1	0.74238	0.56231	12.17560	1.03583	1	-0.00518	-0.00985	0.67718	0.00387	1	0.06038	-0.01414	0.64997	0.00400	1	1.45898	0.81042	0	
1247082	8411.56543	3304915245549	0.49770	0.41135	8411.49805	0.06738	11210	1	0.51397	0.40359	1	0.47209	0.45354	1	0.49303	0.42857	1	0.47862	0.53868	11.93694	1.03583	1	0.74241	0.56245	12.09566	1.03583	1	-0.00518	-0.00985	0.67718	0.00389	1	0.06038	-0.01414	0.64997	0.00395	1	1.45898	0.81042	0	
1247083	8411.57129	3304915312495	0.49703	0.41318	8411.49805	0.07324	11210	1	0.53001	0.43227	1	0.44931	0.43428	1	0.48966	0.43327	1	0.47879	0.53879	12.24096	1.03583	1	0.74210	0.56232	12.61733	1.03583	1	-0.00518	-0.00985	0.67718	0.00375	1	0.06038	-0.01414	0.64997	0.00402	1	1.45898	0.81042	0	
1247084	8411.57812	3304915379399	0.49647	0.41450	8411.49805	0.08008	11210	1	0.53001	0.43227	1	0.44942	0.42862	1	0.48972	0.43044	1	0.47878	0.53886	12.22409	1.03583	1	0.74197	0.56237	12.78904	1.04348	1	-0.00518	-0.00985	0.67718	0.00372	1	0.06378	-0.01494	0.68706	0.00403	1	1.45898	0.81042	0	
1247085	8411.58496	3304915446179	0.49616	0.41374	8411.49805	0.08691	11210	1	0.53608	0.36301	1	0.44837	0.44450	1	0.49222	0.40376	1	0.47905	0.53821	12.20740	1.04348	1	0.74207	0.56243	12.53011	1.05114	1	-0.00518	-0.00985	0.67718	0.00388	1	0.06378	-0.01494	0.68706	0.00404	1	1.45898	0.81042	0	
1247086	8411.59180	3304915513120	0.49611	0.41450	8411.49805	0.09375	11210	1	0.52838	0.41050	1	0.46243	0.44000	1	0.49540	0.42525	1	0.47882	0.53869	12.24690	1.05114	1	0.74225	0.56244	12.26946	1.05880	1	-0.00518	-0.00985	0.67718	0.00379	1	0.06378	-0.01494	0.68706	0.00405	1	1.45898	0.81042	0	
1247087	8411.59863	3304915580352	0.49605	0.41483	8411.49805	0.10059	11210	1	0.52759	0.40490	1	0.46263	0.43450	1	0.49511	0.41970	1	0.47878	0.53893	12.39971	1.05880	1	0.74226	0.56259	12.34587	1.06646	1	-0.00518	-0.00985	0.67718	0.00370	1	0.06378	-0.01494	0.68706	0.00399	1	1.45898	0.81042	0	
1247088	8411.60547	3304915647728	0.49530	0.41625	8411.49805	0.10742	11210	1	0.52352	0.41412	1	0.44317	0.46371	1	0.48335	0.43892	1	0.47880	0.53892	12.36593	1.06646	1	0.74196	0.56270	12.91897	1.06646	1	-0.00518	-0.00985	0.67718	0.00371	1	0.06378	-0.01494	0.68706	0.00399	1	1.45898	0.81042	0	
1247089	8411.61230	3304915714477	0.49441	0.41505	8411.49805	0.11426	11210	1	0.50983	0.40221	1	0.44882	0.38714	1	0.47933	0.39468	1	0.47858	0.53902	12.08989	1.06646	1	0.74200	0.56251	12.76427	1.06646	1	-0.00518	-0.00985	0.67718	0.00373	1	0.06378	-0.01494	0.68706	0.00398	1	1.45898	0.81042	0	
1247090	8411.61816	3304915780518	0.49364	0.41429	8411.49805	0.12012	11210	1	0.51077	0.40806	1	0.44871	0.39324	1	0.47974	0.40065	1	0.47878	0.53885	11.86663	1.05845	1	0.74198	0.56250	13.02400	1.05845	1	-0.00512	-0.00964	0.66264	0.00371	1	0.06378	-0.01494	0.68706	0.00408	1	1.45898	0.81042	0	
1247091	8411.62500	3304915848690	0.49343	0.41410	8411.49805	0.12695	11210	1	0.54121	0.39245	1	0.43747	0.42869	1	0.48934	0.41057	1	0.47878	0.53859	11.91889	1.05043	1	0.74179	0.56272	13.20849	1.05043	1	-0.00512	-0.00964	0.66264	0.00376	1	0.06378	-0.01494	0.68706	0.00406	1	1.45898	0.81042	0	
1247092	8411.63184	3304915911628	0.49372	0.41363	8411.49805	0.13379	11210	1	0.54859	0.39507	1	0.45076	0.41342	1	0.49967	0.40425	1	0.47890	0.53876	11.91686	1.04241	1	0.74200	0.56236	12.86808	1.04241	1	-0.00512	-0.00964	0.66264	0.00373	1	0.06378	-0.01494	0.68706	0.00410	1	1.45898	0.81042	0	
1247093	8411.63867	3304915981936	0.49401	0.41348	8411.49805	0.14062	11210	1	0.54928	0.40109	1	0.45064	0.41947	1	0.49996	0.41028	1	0.47862	0.53801	11.39534	1.03440	1	0.74181	0.56257	13.17704	1.03440	1	-0.00512	-0.00964	0.66264	0.00402	1	0.06378	-0.01494	0.68706	0.00409	1	1.45898	0.81042	0	
1247094	8411.64551	3304916047564	0.49443	0.41206	8411.49805	0.14746	11210	1	0.53531	0.34896	1	0.47193	0.41241	1	0.50362	0.38068	1	0.47861	0.53795	11.39638	1.03440	1	0.74166	0.56256	12.97171	1.03440	1	-0.00512	-0.00964	0.66264	0.00401	1	0.06378	-0.01494	0.68706	0.00405	1	1.45898	0.81042	0	
1247095	8411.65234	3304916116218	0.49515	0.41228	8411.49805	0.15430	11210	1	0.53996	0.38223	1	0.48366	0.45268	1	0.51181	0.41746	1	0.47863	0.53855	11.79554	1.03440	1	0.74184	0.56241	13.25734	1.03440	1	-0.00512	-0.00964	0.66264	0.00368	1	0.06378	-0.01494	0.68706	0.00396	1	1.45898	0.81042	0	
1247096	8411.65918	3304916183178	0.49581	0.41225	8411.49805	0.16113	11210	1	0.53921	0.37606	1	0.48403	0.44687	1	0.51162	0.41147	1	0.47875	0.53816	12.48405	1.04241	1	0.74180	0.56164	13.01740	1.04241	1	-0.00518	-0.00985	0.67718	0.00373	1	0.06378	-0.01494	0.68706	0.00414	1	1.45898	0.81042	0	
1247097	8411.66504	3304916248174	0.49665	0.40901	8411.49805	0.16699	11210	1	0.54384	0.29983	1	0.49137	0.35638	1	0.51760	0.32810	1	0.47878	0.53645	11.88511	1.05043	1	0.74192	0.56151	13.35177	1.05043	1	-0.00518	-0.00985	0.67718	0.00404	1	0.06378	-0.01494	0.68706	0.00394	1	1.45898	0.81042	0	
1247098	8411.67188	3304916316799	0.49728	0.40711	8411.49805	0.17383	11210	1	0.55266	0.35960	1	0.47497	0.35590	1	0.51381	0.35775	1	0.47886	0.53759	12.02017	1.05845	1	0.74171	0.56149	13.35547	1.05845	1	-0.00518	-0.00985	0.67718	0.00364	1	0.06378	-0.01494	0.68706	0.00387	1	1.45898	0.81042	0	
1247099	8411.67871	3304916384010	0.49787	0.40513	8411.49805	0.18066	11210	1	0.55200	0.35340	1	0.47527	0.34949	1	0.51363	0.35145	1	0.47844	0.53481	12.35351	1.06646	1	0.74172	0.56061	12.99458	1.06646	1	-0.00518	-0.00975	0.67718	0.00247	1	0.06323	-0.01463	0.68224	0.00444	1	1.45898	0.81042	0	
1247100	8411.68555	3304916450804	0.49841	0.39904	8411.49805	0.18750	11210	1	0.52458	0.28095	1	0.50254	0.17651	1	0.51356	0.22873	1	0.47858	0.53636	12.04228	1.06646	1	0.74207	0.55943	12.66845	1.06646	1	-0.00518	-0.00975	0.67718	0.00418	1	0.06323	-0.01463	0.68224	0.00456	1	1.45898	0.81042	0	
1247101	8411.69238	3304916518089	0.50514	0.35747	8411.49805	0.18750	11210	0	0.50837	0.15608	1	0.50627	0.22040	1	0.50732	0.18824	1	0.47839	0.53489	12.11436	1.06646	1	0.74207	0.56008	12.68572	1.06646	1	-0.00518	-0.00975	0.67718	0.00244	1	0.06323	-0.01463	0.68224	0.00439	1	1.45898	0.81042	0	
1247102	8411.69922	3304916585050	0.50623	0.27285	8411.49805	0.18750	11210	0	0.50837	0.15608	1	0.50627	0.22040	1	0.50732	0.18824	1	0.47864	0.53686	11.72899	1.06646	1	0.74196	0.56073	12.62326	1.06646	1	-0.00518	-0.00975	0.67718	0.00389	1	0.06266	-0.01455	0.67616	0.00416	1	1.45898	0.81042	0	
1247103	8411.70508	3304916650664	0.50735	0.28930	8411.49805	0.18750	11210	0	0.54095	0.32190	1	0.47823	0.32248	1	0.50959	0.32219	1	0.47877	0.53682	11.78265	1.06646	1	0.74167	0.56119	13.33387	1.06646	1	-0.00518	-0.00975	0.67718	0.00389	1	0.06266	-0.01455	0.67616	0.00403	1	1.45898	0.81042	0	
1247104	8411.71191	3304916719039	0.50879	0.30085	8411.69238	0.01953	11211	1	0.54095	0.32190	1	0.48528	0.34910	1	0.51312	0.33550	1	0.47877	0.53682	11.78265	1.06646	1	0.74182	0.56108	13.03967	1.06646	1	-0.00518	-0.00975	0.67718	0.00389	1	0.06266	-0.01455	0.67616	0.00406	1	1.45898	0.81042	0	
1247105	8411.71875	3304916785723	0.50969	0.30907	8411.69238	0.02637	11211	1	0.54168	0.32835	1	0.48491	0.35552	1	0.51330	0.34193	1	0.47896	0.53707	12.30021	1.05845	1	0.74188	0.56092	13.05154	1.05845	1	-0.00520	-0.00952	0.66085	0.00384	1	0.06323	-0.01474	0.68224	0.00403	1	1.45898	0.81042	0	
1247106	8411.72559	3304916852716	0.50897	0.31195	8411.69238	0.03320	11211	1	0.52672	0.34117	1	0.48397	0.31156	1	0.50535	0.32637	1	0.47854	0.53690	11.87211	1.05043	1	0.74179	0.56104	13.13261	1.05043	1	-0.00520	-0.00952	0.66085	0.00384	1	0.06323	-0.01474	0.68224	0.00405	1	1.45898	0.81042	0	
1247107	8411.73242	3304916919872	0.50832	0.31465	8411.69238	0.04004	11211	1	0.52493	0.34384	1	0.48398	0.31782	1	0.50445	0.33083	1	0.47851	0.53684	11.63887	1.04241	1	0.74183	0.56093	12.99069	1.04241	1	-0.00520	-0.00952	0.66085	0.00395	1	0.06323	-0.01474	0.68224	0.00408	1	1.45898	0.81042	0	
1247108	8411.73926	3304916986668	0.50782	0.31708	8411.69238	0.04688	11211	1	0.52493	0.34384	1	0.48362	0.32432	1	0.50428	0.33408	1	0.47814	0.53706	12.21854	1.04241	1	0.74177	0.56097	12.79102	1.03475	1	-0.00544	-0.00985	0.68403	0.00367	1	0.06114	-0.01426	0.66023	0.00410	1	1.45898	0.81042	0	
1247109	8411.74609	3304917052599	0.50555	0.31851	8411.69238	0.05371	11211	1	0.49210	0.31895	1	0.48281	0.34107	1	0.48745	0.33001	1	0.47795	0.53657	12.03662	1.04277	1	0.74182	0.56123	13.11463	1.03511	1	-0.00544	-0.00985	0.68403	0.00382	1	0.06114	-0.01426	0.66023	0.00398	1	1.45898	0.81042	0	
1247110	8411.75293	3304917120931	0.50518	0.32158	8411.69238	0.06055	11211	1	0.51615	0.34172	1	0.48743	0.35659	1	0.50179	0.34915	1	0.47791	0.53690	12.43655	1.04313	1	0.74183	0.56087	12.67415	1.03547	1	-0.00544	-0.00985	0.68403	0.00376	1	0.06114	-0.01426	0.66023	0.00407	1	1.45898	0.81042	0	
1247111	8411.75879	3304917187468	0.50489	0.32377	8411.69238	0.06641	11211	1	0.51611	0.34143	1	0.48783	0.35004	1	0.50197	0.34573	1	0.47801	0.53719	12.58449	1.04348	1	0.74144	0.56114	12.50112	1.04348	1	-0.00544	-0.00985	0.68403	0.00365	1	0.06431	-0.01501	0.69504	0.00405	1	1.45898	0.81042	0	
1247112	8411.76562	3304917254510	0.50548	0.32497	8411.69238	0.07324	11211	1	0.54830	0.38111	1	0.47568	0.29508	1	0.51199	0.33810	1	0.47811	0.53752	12.83206	1.04348	1	0.74158	0.56070	12.05781	1.05114	1	-0.00544	-0.00985	0.68403	0.00375	1	0.06431	-0.01501	0.69504	0.00426	1	1.45898	0.81042	0	
1247113	8411.77246	3304917321767	0.50513	0.32647	8411.69238	0.08008	11211	1	0.54375	0.37264	1	0.45821	0.31650	1	0.50098	0.34457	1	0.47796	0.53739	12.55456	1.05114	1	0.74140	0.56110	12.65150	1.05880	1	-0.00544	-0.00985	0.68403	0.00390	1	0.06431	-0.01501	0.69504	0.00412	1	1.45898	0.81042	0	
1247114	8411.77930	3304917388909	0.50481	0.32756	8411.69238	0.08691	11211	1	0.54306	0.36676	1	0.45821	0.31650	1	0.50064	0.34163	1	0.47802	0.53745	12.12087	1.05880	1	0.74099	0.56120	13.14176	1.05880	1	-0.00544	-0.00985	0.68403	0.00382	1	0.05959	-0.01397	0.64455	0.00432	1	1.45898	0.81042	0	
1247115	8411.78613	3304917455552	0.50574	0.32905	8411.69238	0.09375	11211	1	0.54227	0.37514	1	0.49519	0.32463	1	0.51873	0.34989	1	0.47797	0.53738	12.00061	1.05880	1	0.74123	0.56112	12.86881	1.05114	1	-0.00544	-0.00985	0.68403	0.00388	1	0.05959	-0.01397	0.64455	0.00409	1	1.45898	0.81042	0	
1247116	8411.79297	3304917522829	0.50637	0.33273	8411.69238	0.10059	11211	1	0.54682	0.42113	1	0.48486	0.35482	1	0.51584	0.38798	1	0.47797	0.53790	12.23814	1.05114	1	0.74105	0.56137	13.16919	1.04348	1	-0.00544	-0.00985	0.68403	0.00373	1	0.05959	-0.01397	0.64455	0.00403	1	1.45898	0.81042	0	
1247117	8411.79883	3304917588239	0.50694	0.33573	8411.69238	0.10645	11211	1	0.54670	0.42010	1	0.48528	0.34744	1	0.51599	0.38377	1	0.47795	0.53730	11.90179	1.05257	1	0.74075	0.56134	13.61594	1.05257	1	-0.00580	-0.01026	0.70909	0.00394	1	0.06256	-0.01458	0.67721	0.00411	1	1.45898	0.81042	0	
1247118	8411.80664	3304917656687	0.50701	0.33544	8411.69238	0.11426	11211	1	0.52269	0.35668	1	0.49371	0.30447	1	0.50820	0.33057	1	0.47765	0.53722	11.16905	1.06166	1	0.74114	0.56092	12.82018	1.06931	1	-0.00580	-0.01026	0.70909	0.00405	1	0.06256	-0.01458	0.67721	0.00410	1	1.45898	0.81042	0	
1247119	8411.81250	3304917723771	0.50656	0.32563	8411.69238	0.12012	11211	1	0.49364	0.10405	1	0.50330	0.19385	1	0.49847	0.14895	1	0.47738	0.53505	12.14125	1.07840	1	0.74120	0.55993	12.60800	1.08606	1	-0.00580	-0.01026	0.70909	0.00236	1	0.06256	-0.01458	0.67721	0.00436	1	1.45898	0.81042	0	
1247120	8411.81934	3304917787617	0.50613	0.31660	8411.69238	0.12695	11211	1	0.49267	0.09638	1	0.50330	0.19385	1	0.49799	0.14512	1	0.47723	0.53517	12.26814	1.08606	1	0.74071	0.56094	12.66452	1.08606	1	-0.00556	-0.00976	0.67423	0.00244	1	0.06191	-0.01439	0.67069	0.00414	1	1.45898	0.81042	0	
1247121	8411.82617	3304917855401	0.50587	0.31716	8411.69238	0.13379	11211	1	0.52638	0.34086	1	0.47517	0.31582	1	0.50077	0.32834	1	0.47736	0.53785	12.60420	1.07697	1	0.74084	0.56109	12.65015	1.06931	1	-0.00556	-0.00976	0.67423	0.00394	1	0.06191	-0.01439	0.67069	0.00428	1	1.45898	0.81042	0	
1247122	8411.83301	3304917920540	0.50549	0.31583	8411.69238	0.14062	11211	1	0.51063	0.30151	1	0.48406	0.27410	1	0.49735	0.28781	1	0.47714	0.53748	11.95842	1.06023	1	0.74094	0.56052	12.48397	1.05257	1	-0.00556	-0.00976	0.67423	0.00406	1	0.06191	-0.01439	0.67069	0.00444	1	1.45898	0.81042	0	
1247123	8411.83984	3304917990174	0.50517	0.31509	8411.69238	0.14746	11211	1	0.51257	0.31540	1	0.48365	0.28211	1	0.49811	0.29876	1	0.47697	0.53758	12.05894	1.04348	1	0.74040	0.56063	12.65952	1.04348	1	-0.00556	-0.00976	0.67423	0.00397	1	0.06224	-0.01448	0.67487	0.00431	1	1.45898	0.81042	0	
1247124	8411.84570	3304918055675	0.50516	0.31500	8411.69238	0.15332	11211	1	0.53625	0.29451	1	0.47392	0.33165	1	0.50508	0.31308	1	0.47716	0.53739	12.19030	1.04348	1	0.74044	0.56070	12.88561	1.05114	1	-0.00556	-0.00976	0.67423	0.00380	1	0.06224	-0.01448	0.67487	0.00440	1	1.45898	0.81042	0	
1247125	8411.85254	3304918122420	0.50453	0.31593	8411.69238	0.16016	11211	1	0.53211	0.31738	1	0.44639	0.35886	1	0.48925	0.33812	1	0.47707	0.53769	12.09760	1.05114	1	0.74001	0.56107	12.97792	1.05880	1	-0.00556	-0.00976	0.67423	0.00378	1	0.06224	-0.01448	0.67487	0.00454	1	1.45898	0.81042	0	
1247126	8411.85938	3304918192424	0.50393	0.31641	8411.69238	0.16699	11211	1	0.53135	0.31109	1	0.44657	0.34589	1	0.48896	0.32849	1	0.47737	0.53781	12.16610	1.05880	1	0.74025	0.56064	12.82783	1.07514	1	-0.00556	-0.00976	0.67423	0.00384	1	0.06472	-0.01506	0.70230	0.00444	1	1.45898	0.81042	0	
1247127	8411.86621	3304918255864	0.50412	0.31649	8411.69238	0.17383	11211	1	0.53769	0.31571	1	0.48056	0.32119	1	0.50912	0.31845	1	0.47718	0.53798	12.21058	1.07514	1	0.74019	0.56091	13.20789	1.08382	1	-0.00556	-0.00976	0.67423	0.00371	1	0.06472	-0.01506	0.70230	0.00438	1	1.45898	0.81042	0	
1247128	8411.87305	3304918321785	0.50394	0.31671	8411.69238	0.18066	11211	1	0.53442	0.29935	1	0.46357	0.34632	1	0.49899	0.32284	1	0.47720	0.53795	12.07973	1.08382	1	0.73995	0.56127	12.98349	1.09250	1	-0.00556	-0.00976	0.67423	0.00384	1	0.06472	-0.01506	0.70230	0.00455	1	1.45898	0.81042	0	
1247129	8411.87891	3304918388756	0.49923	0.29024	8411.69238	0.18066	11211	0	0.53361	0.29230	1	0.46337	0.35231	1	0.49849	0.32231	1	0.47724	0.53781	12.09458	1.09250	1	0.74029	0.56069	12.89262	1.08484	1	-0.00561	-0.00990	0.68055	0.00376	1	0.06007	-0.01403	0.65193	0.00441	1	1.45898	0.81042	0	
1247130	8411.88672	3304918460824	0.50548	0.28397	8411.69238	0.18066	11211	0	0.53816	0.27846	1	0.48530	0.27694	1	0.51173	0.27770	1	0.47727	0.53764	12.11589	1.08484	1	0.74027	0.56069	12.89785	1.06850	1	-0.00561	-0.00990	0.68055	0.00379	1	0.06007	-0.01403	0.65193	0.00449	1	1.45898	0.81042	0	
1247131	8411.89355	3304918527559	0.50861	0.29827	8411.69238	0.18066	11211	0	0.54083	0.32953	1	0.48893	0.32422	1	0.51488	0.32687	1	0.47720	0.53762	11.88682	1.06850	1	0.74035	0.56071	12.84780	1.05216	1	-0.00561	-0.00990	0.68055	0.00381	1	0.06007	-0.01403	0.65193	0.00428	1	1.45898	0.81042	0	
1247132	8411.90039	3304918594567	0.51031	0.30795	8411.87891	0.02148	11212	1	0.54231	0.34252	1	0.48850	0.33147	1	0.51540	0.33699	1	0.47738	0.53761	11.87507	1.05216	1	0.74019	0.56066	12.76947	1.04348	1	-0.00556	-0.00976	0.67423	0.00383	1	0.06224	-0.01448	0.67487	0.00436	1	1.45898	0.81042	0	
1247133	8411.90625	3304918661321	0.51051	0.31998	8411.87891	0.02734	11212	1	0.54792	0.39859	1	0.47474	0.33760	1	0.51133	0.36809	1	0.47730	0.53753	12.08271	1.04348	1	0.74010	0.56076	12.92001	1.05114	1	-0.00556	-0.00976	0.67423	0.00382	1	0.06224	-0.01448	0.67487	0.00430	1	1.45898	0.81042	0	
1247134	8411.91309	3304918726291	0.51251	0.31790	8411.87891	0.03418	11212	1	0.54684	0.33852	1	0.49814	0.27645	1	0.52249	0.30749	1	0.47729	0.53746	12.03761	1.05114	1	0.74039	0.56075	12.97931	1.05880	1	-0.00556	-0.00976	0.67423	0.00380	1	0.06224	-0.01448	0.67487	0.00425	1	1.45898	0.81042	0	
1247135	8411.91992	3304918795026	0.51392	0.31549	8411.87891	0.04102	11212	1	0.54617	0.33240	1	0.49858	0.26974	1	0.52238	0.30107	1	0.47734	0.53745	12.14466	1.05880	1	0.74045	0.56067	12.88662	1.06646	1	-0.00556	-0.00976	0.67423	0.00380	1	0.06294	-0.01469	0.68245	0.00426	1	1.45898	0.81042	0	
1247136	8411.92676	3304918862724	0.51153	0.31528	8411.87891	0.04785	11212	1	0.54946	0.37225	1	0.44015	0.25532	1	0.49481	0.31379	1	0.47734	0.53749	12.30632	1.06646	1	0.74027	0.56066	12.89743	1.06646	1	-0.00556	-0.00976	0.67423	0.00374	1	0.06294	-0.01469	0.68245	0.00432	1	1.45898	0.81042	0	
1247137	8411.93359	3304918929700	0.50976	0.31286	8411.87891	0.05469	11212	1	0.54805	0.35672	1	0.44306	0.23032	1	0.49555	0.29352	1	0.47732	0.53732	12.15499	1.06646	1	0.74026	0.56042	12.81835	1.06646	1	-0.00556	-0.00976	0.67423	0.00386	1	0.06294	-0.01469	0.68245	0.00446	1	1.45898	0.81042	0	
1247138	8411.94043	3304918996576	0.50834	0.31093	8411.87891	0.06152	11212	1	0.54805	0.35672	1	0.44306	0.23032	1	0.49555	0.29352	1	0.47724	0.53705	12.04536	1.06646	1	0.74048	0.56039	12.66925	1.06646	1	-0.00556	-0.00976	0.67423	0.00389	1	0.06224	-0.01448	0.67487	0.00427	1	1.45898	0.81042	0	
1247139	8411.94629	3304919062122	0.50714	0.30899	8411.87891	0.06738	11212	1	0.54247	0.34606	1	0.44780	0.23316	1	0.49514	0.28961	1	0.47726	0.53721	12.20163	1.06646	1	0.74038	0.56030	12.81627	1.06646	1	-0.00556	-0.00976	0.67423	0.00390	1	0.06224	-0.01448	0.67487	0.00430	1	1.45898	0.81042	0	
1247140	8411.95312	3304919129982	0.50565	0.30736	8411.87891	0.07422	11212	1	0.51819	0.30385	1	0.46048	0.27490	1	0.48933	0.28937	1	0.47724	0.53728	12.14282	1.06646	1	0.74059	0.56075	12.91691	1.06646	1	-0.00556	-0.00976	0.67423	0.00392	1	0.06224	-0.01448	0.67487	0.00426	1	1.45898	0.81042	0	
1247141	8411.95996	3304919196915	0.50440	0.30597	8411.87891	0.08105	11212	1	0.51819	0.30385	1	0.46048	0.27490	1	0.48933	0.28937	1	0.47732	0.53742	12.28500	1.06646	1	0.74076	0.56101	12.71080	1.06646	1	-0.00556	-0.00976	0.67423	0.00388	1	0.06224	-0.01448	0.67487	0.00419	1	1.45898	0.81042	0	
1247142	8411.96680	3304919264362	0.50379	0.30500	8411.87891	0.08789	11212	1	0.51894	0.30223	1	0.47284	0.28240	1	0.49589	0.29231	1	0.47725	0.53742	12.41090	1.06646	1	0.74072	0.56077	12.43989	1.06646	1	-0.00556	-0.00976	0.67423	0.00387	1	0.06224	-0.01448	0.67487	0.00424	1	1.45898	0.81042	0	
1247143	8411.97363	3304919331638	0.50357	0.30442	8411.87891	0.09473	11212	1	0.53963	0.31776	1	0.46135	0.27493	1	0.50049	0.29634	1	0.47757	0.53736	12.15924	1.06646	1	0.74063	0.56083	12.31361	1.06646	1	-0.00556	-0.00976	0.67423	0.00392	1	0.06224	-0.01448	0.67487	0.00424	1	1.45898	0.81042	0	
1247144	8411.98047	3304919398335	0.50338	0.30391	8411.87891	0.10156	11212	1	0.53963	0.31776	1	0.46135	0.27493	1	0.50049	0.29634	1	0.47733	0.53711	12.18302	1.06646	1	0.74065	0.56128	12.73641	1.06646	1	-0.00556	-0.00976	0.67423	0.00387	1	0.06294	-0.01469	0.68245	0.00417	1	1.45898	0.81042	0	
1247145	8411.98730	3304919465344	0.50278	0.30133	8411.87891	0.10840	11212	1	0.51595	0.28450	1	0.47041	0.23552	1	0.49318	0.26001	1	0.47728	0.53739	12.00018	1.06646	1	0.74073	0.56047	12.33242	1.06646	1	-0.00556	-0.00976	0.67423	0.00395	1	0.06294	-0.01469	0.68245	0.00428	1	1.45898	0.81042	0	
1247146	8411.99414	3304919532168	0.50289	0.30052	8411.87891	0.11523	11212	1	0.53149	0.30455	1	0.47813	0.26870	1	0.50481	0.28663	1	0.47746	0.53724	12.22672	1.06646	1	0.74086	0.56063	12.45469	1.06646	1	-0.00556	-0.00976	0.67423	0.00399	1	0.06294	-0.01469	0.68245	0.00417	1	1.45898	0.81042	0	
1247147	8412.00000	3304919599320	0.50299	0.29978	8411.87891	0.12109	11212	1	0.53149	0.30455	1	0.47813	0.26870	1	0.50481	0.28663	1	0.47751	0.53734	12.36353	1.06646	1	0.74086	0.56063	12.45469	1.06646	1	-0.00556	-0.00976	0.67423	0.00399	1	0.06224	-0.01448	0.67487	0.00417	1	1.45898	0.81042	0	
1247148	8412.00684	3304919665791	0.49876	0.29897	8411.87891	0.12793	11212	1	0.53149	0.30455	0	0.41846	0.28349	1	0.41846	0.28349	1	0.47751	0.53734	12.36353	1.06646	0	0.47784	0.53737	11.58894	1.06646	1	-0.00556	-0.00976	0.67423	0.00399	1	0.06224	-0.01448	0.67487	0.00402	1	1.45898	0.81042	0	
1247149	8412.01367	3304919732882	0.49362	0.29784	8411.87891	0.13477	11212	1	0.53149	0.30455	0	0.39073	0.27532	1	0.39073	0.27532	1	0.47751	0.53734	12.36353	1.06646	0	0.47744	0.53726	12.23403	1.06646	1	-0.00556	-0.00976	0.67423	0.00399	1	0.06224	-0.01448	0.67487	0.00399	1	1.45898	0.81042	0	
1247150	8412.02051	3304919800259	0.48894	0.29682	8411.87891	0.14160	11212	1	0.53149	0.30455	0	0.39073	0.27532	1	0.39073	0.27532	1	0.47751	0.53734	12.36353	1.06646	0	0.47710	0.53700	11.71441	1.06646	1	-0.00556	-0.00976	0.67423	0.00399	1	-0.00561	-0.00990	0.68055	0.00399	1	1.45898	0.81042	0	
1247151	8412.02734	3304919867366	0.48497	0.29827	8411.87891	0.14844	11212	1	0.53149	0.30455	0	0.39752	0.33019	1	0.39752	0.33019	1	0.47751	0.53734	12.36353	1.06646	0	0.47786	0.53747	11.74218	1.06646	1	-0.00556	-0.00976	0.67423	0.00399	1	-0.00561	-0.00990	0.68055	0.00384	1	1.45898	0.81042	0	
1247152	8412.03418	3304919934924	0.45583	0.28934	8411.87891	0.14844	11212	0	0.53149	0.30455	0	0.38347	0.30012	1	0.38347	0.30012	1	0.47751	0.53734	12.36353	1.06646	0	0.47762	0.53766	11.56240	1.06646	1	-0.00556	-0.00976	0.67423	0.00399	1	-0.00561	-0.00990	0.68055	0.00380	1	1.45898	0.81042	0	
1247153	8412.04004	3304920000152	0.41965	0.29473	8411.87891	0.14844	11212	0	0.53149	0.30455	0	0.38347	0.30012	1	0.38347	0.30012	1	0.47751	0.53734	12.36353	1.06646	0	0.47744	0.53523	11.87325	1.06646	1	-0.00556	-0.00976	0.67423	0.00399	1	-0.00549	-0.00982	0.67808	0.00245	1	1.45898	0.81042	0	
1247154	8412.04688	3304920065532	0.41635	0.29704	8411.87891	0.14844	11212	0	0.53149	0.30455	0	0.40977	0.30166	1	0.40977	0.30166	1	0.47751	0.53734	12.36353	1.06646	0	0.47799	0.53762	11.97841	1.06646	1	-0.00556	-0.00976	0.67423	0.00399	1	-0.00549	-0.00982	0.67808	0.00373	1	1.45898	0.81042	0	
1247155	8412.05371	3304920132262	0.41633	0.29214	8412.03418	0.01953	11213	1	0.53149	0.30455	0	0.41624	0.27745	1	0.41624	0.27745	1	0.47751	0.53734	12.36353	1.06646	0	0.47812	0.53789	12.26881	1.06646	1	-0.00556	-0.00976	0.67423	0.00399	1	-0.00549	-0.00982	0.67808	0.00374	1	1.45898	0.81042	0	
1247156	8412.06055	3304920202225	0.41631	0.28920	8412.03418	0.02637	11213	1	0.53149	0.30455	0	0.41624	0.27745	1	0.41624	0.27745	1	0.47751	0.53734	12.36353	1.06646	0	0.47802	0.53753	12.29163	1.06646	1	-0.00556	-0.00976	0.67423	0.00399	1	-0.00536	-0.00976	0.67428	0.00379	1	1.45898	0.81042	0	
1247157	8412.06738	3304920269138	0.41000	0.24522	8412.03418	0.03320	11213	1	0.53149	0.30455	0	0.37847	0.02533	1	0.37847	0.02533	1	0.47751	0.53734	12.36353	1.06646	0	0.47772	0.53527	12.00158	1.06646	1	-0.00556	-0.00976	0.67423	0.00399	1	-0.00536	-0.00976	0.67428	0.00244	1	1.45898	0.81042	0	
1247158	8412.07422	3304920335298	0.41817	0.25778	8412.03418	0.04004	11213	1	0.50392	0.35004	1	0.43042	0.31621	1	0.46717	0.33312	1	0.47819	0.53769	12.28611	1.06646	1	0.74086	0.56098	12.90442	1.06646	1	-0.00556	-0.00976	0.67423	0.00395	1	-0.00536	-0.00976	0.67428	0.00452	1	1.45898	0.81042	0	
1247159	8412.08105	3304920403320	0.42429	0.26720	8412.03418	0.04688	11213	1	0.50392	0.35004	1	0.43042	0.31621	1	0.46717	0.33312	1	0.47806	0.53747	11.71942	1.06646	1	0.74159	0.56099	12.16905	1.06646	1	-0.00544	-0.00985	0.68403	0.00391	1	0.06288	-0.01473	0.67958	0.00423	1	1.45898	0.81042	0	
1247160	8412.08789	3304920469919	0.43300	0.27059	8412.03418	0.05371	11213	1	0.51127	0.30727	1	0.49410	0.28822	1	0.50269	0.29774	1	0.47833	0.53715	10.90634	1.06646	1	0.74196	0.56089	12.53034	1.06646	1	-0.00544	-0.00985	0.68403	0.00395	1	0.06288	-0.01473	0.67958	0.00422	1	1.45898	0.81042	0	
1247161	8412.09375	3304920537347	0.43964	0.26738	8412.03418	0.05957	11213	1	0.50470	0.17140	1	0.49401	0.30555	1	0.49935	0.23847	1	0.47826	0.53518	11.90450	1.06646	1	0.74194	0.56090	12.82427	1.06646	1	-0.00544	-0.00985	0.68403	0.00251	1	0.06288	-0.01473	0.67958	0.00408	1	1.45898	0.81042	0	
1247162	8412.10059	3304920603814	0.44507	0.26570	8412.03418	0.06641	11213	1	0.50566	0.17899	1	0.49316	0.31874	1	0.49941	0.24887	1	0.47866	0.53705	11.83508	1.05845	1	0.74183	0.56148	13.74481	1.05079	1	-0.00512	-0.00959	0.66264	0.00390	1	0.06114	-0.01436	0.66023	0.00387	1	1.45898	0.81042	0	
1247163	8412.10742	3304920671022	0.45125	0.27255	8412.03418	0.07324	11213	1	0.55317	0.31072	1	0.48532	0.38506	1	0.51925	0.34789	1	0.47889	0.53758	11.88926	1.04277	1	0.74187	0.56159	13.50123	1.03511	1	-0.00512	-0.00959	0.66264	0.00384	1	0.06114	-0.01436	0.66023	0.00392	1	1.45898	0.81042	0	
1247164	8412.11426	3304920735404	0.45437	0.27964	8412.03418	0.08008	11213	1	0.51510	0.37043	1	0.46849	0.35921	1	0.49180	0.36482	1	0.47862	0.53736	11.72611	1.02709	1	0.74192	0.56121	13.36885	1.01943	1	-0.00512	-0.00959	0.66264	0.00380	1	0.06114	-0.01436	0.66023	0.00398	1	1.45898	0.81042	0	
1247165	8412.12109	3304920803053	0.45708	0.28594	8412.03418	0.08691	11213	1	0.51599	0.37647	1	0.46849	0.35921	1	0.49224	0.36784	1	0.47876	0.53744	12.36953	1.01943	1	0.74217	0.56113	12.63754	1.01943	1	-0.00518	-0.00975	0.67718	0.00377	1	0.06378	-0.01494	0.68706	0.00400	1	1.45898	0.81042	0	
1247166	8412.12793	3304920872783	0.45955	0.29299	8412.03418	0.09375	11213	1	0.55074	0.40148	1	0.43742	0.38187	1	0.49408	0.39168	1	0.47929	0.53748	12.51680	1.02745	1	0.74185	0.56163	13.34162	1.03511	1	-0.00518	-0.00975	0.67718	0.00397	1	0.06378	-0.01494	0.68706	0.00400	1	1.45898	0.81042	0	
1247167	8412.13477	3304920939904	0.46091	0.29704	8412.03418	0.10059	11213	1	0.49580	0.35449	1	0.46707	0.36108	1	0.48143	0.35778	1	0.47880	0.53702	11.94748	1.04313	1	0.74232	0.56135	12.25207	1.05079	1	-0.00518	-0.00975	0.67718	0.00394	1	0.06378	-0.01494	0.68706	0.00398	1	1.45898	0.81042	0	
1247168	8412.14160	3304921006805	0.46207	0.30006	8412.03418	0.10742	11213	1	0.49376	0.34206	1	0.46731	0.35467	1	0.48054	0.34836	1	0.47912	0.53660	11.20490	1.05880	1	0.74191	0.56166	13.38188	1.05880	1	-0.00518	-0.00975	0.67718	0.00417	1	0.06038	-0.01414	0.64997	0.00390	1	1.45898	0.81042	0	
1247169	8412.14746	3304921072948	0.49242	0.33242	8412.03418	0.10742	11213	0	0.53119	0.34276	1	0.49661	0.37597	1	0.51390	0.35937	1	0.47947	0.53703	12.06570	1.05880	1	0.74275	0.56168	13.42221	1.05114	1	-0.00518	-0.00975	0.67718	0.00382	1	0.06038	-0.01414	0.64997	0.00389	1	1.45898	0.81042	0	
1247170	8412.15430	3304921140691	0.48961	0.30462	8412.03418	0.10742	11213	0	0.50685	0.16942	1	0.46675	0.38420	1	0.48680	0.27681	1	0.47908	0.53499	12.23090	1.05114	1	0.74225	0.56158	13.26670	1.04348	1	-0.00518	-0.00975	0.67718	0.00245	1	0.06038	-0.01414	0.64997	0.00389	1	1.45898	0.81042	0	
1247171	8412.16113	3304921206849	0.48883	0.29658	8412.03418	0.10742	11213	0	0.50776	0.17679	1	0.46675	0.38420	1	0.48726	0.28050	1	0.47927	0.53510	12.07043	1.04348	1	0.74267	0.56169	13.17397	1.04348	1	-0.00493	-0.00972	0.67141	0.00246	1	0.06297	-0.01473	0.67728	0.00383	1	1.45898	0.81042	0	
1247172	8412.16797	3304921273944	0.49377	0.31942	8412.14746	0.02051	11214	1	0.53907	0.34838	1	0.47814	0.42750	1	0.50861	0.38794	1	0.47957	0.53698	11.96857	1.04348	1	0.74262	0.56217	13.42415	1.05114	1	-0.00493	-0.00972	0.67141	0.00388	1	0.06297	-0.01473	0.67728	0.00390	1	1.45898	0.81042	0	
1247173	8412.17480	3304921341535	0.49547	0.33213	8412.14746	0.02734	11214	1	0.52008	0.38183	1	0.48443	0.38416	1	0.50226	0.38300	1	0.47960	0.53733	12.17133	1.05114	1	0.74256	0.56187	13.19296	1.05880	1	-0.00493	-0.00972	0.67141	0.00386	1	0.06297	-0.01473	0.67728	0.00409	1	1.45898	0.81042	0	
1247174	8412.18164	3304921407931	0.49656	0.33963	8412.14746	0.03418	11214	1	0.51924	0.37602	1	0.48478	0.37824	1	0.50201	0.37713	1	0.47956	0.53730	12.24301	1.05880	1	0.74263	0.56203	13.43058	1.06646	1	-0.00493	-0.00972	0.67141	0.00391	1	0.06349	-0.01483	0.68173	0.00393	1	1.45898	0.81042	0	
1247175	8412.18750	3304921474514	0.49508	0.33835	8412.14746	0.04004	11214	1	0.52928	0.30599	1	0.44313	0.35526	1	0.48621	0.33063	1	0.47976	0.53680	12.17816	1.06646	1	0.74271	0.56209	13.01460	1.06646	1	-0.00493	-0.00972	0.67141	0.00428	1	0.06349	-0.01483	0.68173	0.00407	1	1.45898	0.81042	0	
1247176	8412.19434	3304921541735	0.49387	0.34047	8412.14746	0.04688	11214	1	0.52209	0.34720	1	0.44869	0.36347	1	0.48539	0.35533	1	0.47962	0.53723	11.63711	1.06646	1	0.74276	0.56221	13.42064	1.06646	1	-0.00493	-0.00972	0.67141	0.00401	1	0.06349	-0.01483	0.68173	0.00404	1	1.45898	0.81042	0	
1247177	8412.20117	3304921608447	0.49293	0.34212	8412.14746	0.05371	11214	1	0.52209	0.34720	1	0.44869	0.36347	1	0.48539	0.35533	1	0.47995	0.53723	10.99877	1.06646	1	0.74316	0.56223	12.52570	1.06646	1	-0.00506	-0.00992	0.68899	0.00395	1	0.06349	-0.01483	0.68173	0.00408	1	1.45898	0.81042	0	
1247178	8412.20801	3304921675875	0.49237	0.34392	8412.14746	0.06055	11214	1	0.51751	0.34595	1	0.45727	0.37425	1	0.48739	0.36010	1	0.47986	0.53716	11.07129	1.06646	1	0.74294	0.56234	12.15634	1.06646	1	-0.00506	-0.00992	0.68899	0.00391	1	0.06349	-0.01483	0.68173	0.00407	1	1.45898	0.81042	0	
1247179	8412.21484	3304921742319	0.49064	0.34552	8412.14746	0.06738	11214	1	0.49000	0.35125	1	0.45671	0.37177	1	0.47336	0.36151	1	0.47950	0.53716	11.69500	1.06646	1	0.74292	0.56232	12.13860	1.06646	1	-0.00506	-0.00992	0.68899	0.00391	1	0.06349	-0.01483	0.68173	0.00406	1	1.45898	0.81042	0	
1247180	8412.22168	3304921807990	0.48924	0.34737	8412.14746	0.07422	11214	1	0.49106	0.35749	1	0.45655	0.37799	1	0.47381	0.36774	1	0.48030	0.53724	12.19352	1.05845	1	0.74300	0.56204	12.10312	1.05845	1	-0.00481	-0.00952	0.66112	0.00385	1	0.06349	-0.01493	0.68173	0.00400	1	1.45898	0.81042	0	
1247181	8412.22754	3304921874768	0.48972	0.34626	8412.14746	0.08008	11214	1	0.52987	0.35175	1	0.46097	0.31402	1	0.49542	0.33288	1	0.48011	0.53711	11.81553	1.05043	1	0.74296	0.56220	12.18040	1.05043	1	-0.00481	-0.00952	0.66112	0.00395	1	0.06349	-0.01493	0.68173	0.00403	1	1.45898	0.81042	0	
1247182	8412.23438	3304921939754	0.48977	0.34045	8412.14746	0.08691	11214	1	0.50447	0.19171	1	0.47653	0.33826	1	0.49050	0.26499	1	0.47986	0.53510	12.51047	1.04241	1	0.74319	0.56169	12.20933	1.04241	1	-0.00481	-0.00952	0.66112	0.00245	1	0.06349	-0.01493	0.68173	0.00420	1	1.45898	0.81042	0	
1247183	8412.24121	3304922008063	0.48985	0.33653	8412.14746	0.09375	11214	1	0.50632	0.20609	1	0.47564	0.35715	1	0.49098	0.28162	1	0.48036	0.53756	12.11757	1.02727	1	0.74349	0.56201	13.02274	1.01961	1	-0.00465	-0.00930	0.64582	0.00389	1	0.06133	-0.01441	0.65805	0.00408	1	1.45898	0.81042	0	
1247184	8412.24805	3304922075039	0.49208	0.33925	8412.14746	0.10059	11214	1	0.55695	0.43241	1	0.49413	0.32762	1	0.52554	0.38001	1	0.48041	0.53776	12.17394	1.01248	1	0.74353	0.56115	12.90370	1.00482	1	-0.00465	-0.00930	0.64582	0.00380	1	0.06133	-0.01441	0.65805	0.00433	1	1.45898	0.81042	0	
1247185	8412.25488	3304922141483	0.49324	0.34033	8412.14746	0.10742	11214	1	0.53679	0.35893	1	0.48680	0.35642	1	0.51180	0.35767	1	0.48025	0.53765	12.11166	0.99770	1	0.74344	0.56195	13.06604	0.99004	1	-0.00465	-0.00930	0.64582	0.00385	1	0.06133	-0.01441	0.65805	0.00405	1	1.45898	0.81042	0	
1247186	8412.26172	3304922208838	0.49427	0.34128	8412.14746	0.11426	11214	1	0.53675	0.35863	1	0.48682	0.35612	1	0.51179	0.35737	1	0.48010	0.53773	12.16819	0.99806	1	0.74360	0.56121	12.58807	0.99040	1	-0.00480	-0.00990	0.68048	0.00397	1	0.06226	-0.01468	0.66802	0.00431	1	1.45898	0.81042	0	
1247187	8412.26855	3304922275959	0.49552	0.34053	8412.14746	0.12109	11214	1	0.54106	0.32608	1	0.49485	0.32802	1	0.51796	0.32705	1	0.48030	0.53758	11.94728	1.00554	1	0.74351	0.56159	12.87148	1.00554	1	-0.00480	-0.00990	0.68048	0.00385	1	0.06226	-0.01468	0.66802	0.00426	1	1.45898	0.81042	0	
1247188	8412.27539	3304922345819	0.49648	0.33998	8412.14746	0.12793	11214	1	0.53553	0.32223	1	0.49393	0.33702	1	0.51473	0.32963	1	0.48021	0.53729	11.97903	1.02068	1	0.74351	0.56202	12.82423	1.02068	1	-0.00480	-0.00990	0.68048	0.00393	1	0.06226	-0.01468	0.66802	0.00409	1	1.45898	0.81042	0	
1247189	8412.28223	3304922412754	0.49733	0.33888	8412.14746	0.13477	11214	1	0.53403	0.30951	1	0.49478	0.32417	1	0.51441	0.31684	1	0.48029	0.53754	12.08473	1.03583	1	0.74347	0.56210	12.96278	1.03583	1	-0.00473	-0.00972	0.67128	0.00381	1	0.06226	-0.01468	0.66802	0.00405	1	1.45898	0.81042	0	
1247190	8412.28809	3304922479361	0.49847	0.33665	8412.14746	0.14062	11214	1	0.54843	0.29408	1	0.49643	0.28534	1	0.52243	0.28971	1	0.48043	0.53735	12.19112	1.03583	1	0.74351	0.56141	12.77110	1.03583	1	-0.00473	-0.00972	0.67128	0.00388	1	0.06226	-0.01468	0.66802	0.00424	1	1.45898	0.81042	0	
1247191	8412.29492	3304922546834	0.49950	0.33567	8412.14746	0.14746	11214	1	0.54717	0.30112	1	0.49686	0.32722	1	0.52202	0.31417	1	0.48046	0.53732	12.08779	1.03583	1	0.74353	0.56196	12.91544	1.03583	1	-0.00473	-0.00972	0.67128	0.00397	1	0.06226	-0.01468	0.66802	0.00402	1	1.45898	0.81042	0	
1247192	8412.30176	3304922613093	0.50045	0.33464	8412.14746	0.15430	11214	1	0.54717	0.30112	1	0.49731	0.32074	1	0.52224	0.31093	1	0.48057	0.53748	12.43850	1.03583	1	0.74362	0.56197	13.08157	1.04348	1	-0.00480	-0.00990	0.68048	0.00392	1	0.06295	-0.01483	0.67483	0.00402	1	1.45898	0.81042	0	
1247193	8412.30859	3304922680453	0.50107	0.33307	8412.14746	0.16113	11214	1	0.52809	0.31648	1	0.50386	0.27448	1	0.51598	0.29548	1	0.48053	0.53769	12.69463	1.04348	1	0.74363	0.56154	12.48139	1.05114	1	-0.00480	-0.00990	0.68048	0.00384	1	0.06295	-0.01483	0.67483	0.00414	1	1.45898	0.81042	0	
1247194	8412.31543	3304922748054	0.50160	0.33079	8412.14746	0.16797	11214	1	0.52834	0.29757	1	0.50140	0.25014	1	0.51487	0.27385	1	0.48061	0.53765	12.57358	1.05114	1	0.74357	0.56124	12.56818	1.05880	1	-0.00480	-0.00990	0.68048	0.00398	1	0.06295	-0.01483	0.67483	0.00441	1	1.45898	0.81042	0	
1247195	8412.32227	3304922814464	0.50209	0.32829	8412.14746	0.17480	11214	1	0.52756	0.29114	1	0.50240	0.23541	1	0.51498	0.26328	1	0.48038	0.53746	12.07430	1.05880	1	0.74361	0.56117	12.61796	1.07514	1	-0.00480	-0.00990	0.68048	0.00402	1	0.06563	-0.01545	0.70305	0.00438	1	1.45898	0.81042	0	
1247196	8412.32812	3304922881238	0.50219	0.32637	8412.14746	0.18066	11214	1	0.51295	0.28159	1	0.49648	0.26719	1	0.50471	0.27439	1	0.48033	0.53761	12.26341	1.07514	1	0.74351	0.56161	12.62500	1.08382	1	-0.00480	-0.00990	0.68048	0.00401	1	0.06563	-0.01545	0.70305	0.00416	1	1.45898	0.81042	0	
1247197	8412.33496	3304922948848	0.51538	0.30013	8412.14746	0.18066	11214	0	0.51392	0.23415	1	0.50293	0.26367	1	0.50843	0.24891	1	0.48041	0.53714	11.89386	1.08382	1	0.74358	0.56181	12.72974	1.09250	1	-0.00480	-0.00990	0.68048	0.00408	1	0.06563	-0.01545	0.70305	0.00412	1	1.45898	0.81042	0	
1247198	8412.34180	3304923016130	0.51179	0.27076	8412.14746	0.18066	11214	0	0.51296	0.22657	1	0.50346	0.25620	1	0.50821	0.24138	1	0.48056	0.53758	12.47699	1.09250	1	0.74348	0.56234	13.06100	1.10118	1	-0.00473	-0.00972	0.67128	0.00391	1	0.06563	-0.01545	0.70305	0.00402	1	1.45898	0.81042	0	
1247199	8412.34863	3304923082478	0.50906	0.22968	8412.14746	0.18066	11214	0	0.50696	0.04684	1	0.50025	0.24817	1	0.50360	0.14751	1	0.48036	0.53523	12.05505	1.10118	1	0.74358	0.56162	12.65539	1.10118	1	-0.00473	-0.00972	0.67128	0.00253	1	0.06563	-0.01545	0.70305	0.00421	1	1.45898	0.81042	0	
1247200	8412.35547	3304923149026	0.50388	0.24124	8412.33496	0.02051	11215	1	0.50701	0.27726	1	0.46964	0.27459	1	0.48833	0.27593	1	0.48028	0.53750	12.30307	1.10118	1	0.74307	0.56202	13.41975	1.10118	1	-0.00473	-0.00972	0.67128	0.00392	1	0.06563	-0.01545	0.70305	0.00442	1	1.45898	0.81042	0	
1247201	8412.36230	3304923216748	0.50072	0.24955	8412.33496	0.02734	11215	1	0.50701	0.27726	1	0.46914	0.28834	1	0.48807	0.28280	1	0.48036	0.53731	12.07287	1.10118	1	0.74320	0.56178	13.16050	1.08485	1	-0.00480	-0.00990	0.68048	0.00396	1	0.06154	-0.01444	0.65922	0.00447	1	1.45898	0.81042	0	
1247202	8412.36914	3304923283304	0.50077	0.25115	8412.33496	0.03418	11215	1	0.52803	0.29075	1	0.47403	0.22748	1	0.50103	0.25911	1	0.48058	0.53761	12.55580	1.08485	1	0.74346	0.56108	12.58323	1.06851	1	-0.00480	-0.00990	0.68048	0.00397	1	0.06154	-0.01444	0.65922	0.00445	1	1.45898	0.81042	0	
1247203	8412.37598	3304923350368	0.49854	0.25589	8412.33496	0.04102	11215	1	0.50628	0.29348	1	0.46398	0.27531	1	0.48513	0.28439	1	0.48019	0.53754	11.85326	1.06851	1	0.74338	0.56162	12.82783	1.05217	1	-0.00480	-0.00990	0.68048	0.00388	1	0.06154	-0.01444	0.65922	0.00443	1	1.45898	0.81042	0	
1247204	8412.38184	3304923417248	0.49697	0.26078	8412.33496	0.04688	11215	1	0.50822	0.30705	1	0.46374	0.28294	1	0.48598	0.29500	1	0.48039	0.53763	12.46155	1.05217	1	0.74329	0.56204	12.76105	1.04348	1	-0.00473	-0.00972	0.67128	0.00388	1	0.06422	-0.01505	0.68740	0.00449	1	1.45898	0.81042	0	
1247205	8412.38867	3304923483518	0.49680	0.26805	8412.33496	0.05371	11215	1	0.52778	0.32713	1	0.46309	0.32517	1	0.49543	0.32615	1	0.48051	0.53740	12.45696	1.04348	1	0.74340	0.56206	12.88409	1.05114	1	-0.00473	-0.00972	0.67128	0.00387	1	0.06422	-0.01505	0.68740	0.00415	1	1.45898	0.81042	0	
1247206	8412.39551	3304923550287	0.49489	0.27384	8412.33496	0.06055	11215	1	0.52730	0.33138	1	0.42812	0.32064	1	0.47771	0.32601	1	0.48045	0.53741	12.56188	1.05114	1	0.74328	0.56214	13.20047	1.05880	1	-0.00473	-0.00972	0.67128	0.00385	1	0.06422	-0.01505	0.68740	0.00413	1	1.45898	0.81042	0	
1247207	8412.40234	3304923618250	0.49329	0.27801	8412.33496	0.06738	11215	1	0.52650	0.32519	1	0.42808	0.31429	1	0.47729	0.31974	1	0.48047	0.53738	12.60041	1.05880	1	0.74337	0.56153	12.72987	1.06646	1	-0.00473	-0.00972	0.67128	0.00379	1	0.06349	-0.01488	0.67958	0.00437	1	1.45898	0.81042	0	
1247208	8412.40918	3304923685267	0.49191	0.28374	8412.33496	0.07422	11215	1	0.52020	0.35348	1	0.43329	0.33997	1	0.47675	0.34673	1	0.48044	0.53734	12.77531	1.06646	1	0.74330	0.56230	13.03144	1.06646	1	-0.00473	-0.00972	0.67128	0.00365	1	0.06349	-0.01488	0.67958	0.00410	1	1.45898	0.81042	0	
1247209	8412.41602	3304923750960	0.49092	0.28434	8412.33496	0.08105	11215	1	0.51540	0.32731	1	0.44262	0.25574	1	0.47901	0.29153	1	0.48025	0.53695	11.99134	1.06646	1	0.74344	0.56162	12.80558	1.06646	1	-0.00473	-0.00972	0.67128	0.00368	1	0.06349	-0.01488	0.67958	0.00432	1	1.45898	0.81042	0	
1247210	8412.42285	3304923819268	0.49007	0.28485	8412.33496	0.08789	11215	1	0.51540	0.32731	1	0.44262	0.25574	1	0.47901	0.29153	1	0.48041	0.53486	12.61110	1.06646	1	0.74356	0.56163	12.91280	1.06646	1	-0.00479	-0.00978	0.67914	0.00250	1	0.06349	-0.01488	0.67958	0.00432	1	1.45898	0.81042	0	
1247211	8412.42871	3304923886270	0.49051	0.27951	8412.33496	0.09375	11215	1	0.50742	0.16236	1	0.48606	0.24694	1	0.49674	0.20465	1	0.48036	0.53505	11.98367	1.06646	1	0.74405	0.56133	11.99310	1.06646	1	-0.00479	-0.00978	0.67914	0.00248	1	0.06349	-0.01488	0.67958	0.00435	1	1.45898	0.81042	0	
1247212	8412.43555	3304923952907	0.48977	0.27670	8412.33496	0.10059	11215	1	0.50152	0.25983	1	0.45580	0.20940	1	0.47866	0.23461	1	0.48020	0.53657	12.35865	1.06646	1	0.74362	0.56097	12.68135	1.06646	1	-0.00479	-0.00978	0.67914	0.00393	1	0.06349	-0.01488	0.67958	0.00428	1	1.45898	0.81042	0	
1247213	8412.44238	3304924019497	0.48912	0.27422	8412.33496	0.10742	11215	1	0.50152	0.25983	1	0.45580	0.20940	1	0.47866	0.23461	1	0.48018	0.53708	12.50569	1.06646	1	0.74375	0.56181	12.31361	1.06646	1	-0.00479	-0.00978	0.67914	0.00373	1	0.06349	-0.01488	0.67958	0.00423	1	1.45898	0.81042	0	
1247214	8412.44922	3304924084639	0.48856	0.27746	8412.33496	0.11426	11215	1	0.51862	0.34466	1	0.43965	0.32025	1	0.47914	0.33245	1	0.48036	0.53709	12.38220	1.06646	1	0.74339	0.56211	13.11826	1.06646	1	-0.00479	-0.00978	0.67914	0.00374	1	0.06349	-0.01488	0.67958	0.00417	1	1.45898	0.81042	0	
1247215	8412.45508	3304924150137	0.48928	0.27794	8412.33496	0.12012	11215	1	0.53509	0.27868	1	0.46949	0.29459	1	0.50229	0.28664	1	0.48065	0.53701	11.98442	1.06646	1	0.74387	0.56210	12.71609	1.06646	1	-0.00479	-0.00978	0.67914	0.00373	1	0.06349	-0.01488	0.67958	0.00425	1	1.45898	0.81042	0	
1247216	8412.46191	3304924216331	0.48993	0.27838	8412.33496	0.12695	11215	1	0.53509	0.27868	1	0.46949	0.29459	1	0.50229	0.28664	1	0.48065	0.53701	11.98442	1.06646	1	0.74394	0.56214	12.72186	1.06646	1	-0.00479	-0.00978	0.67914	0.00373	1	0.06349	-0.01488	0.67958	0.00425	1	1.45898	0.81042	0	
1247217	8412.46973	3304924288898	0.48914	0.27932	8412.33496	0.13477	11215	1	0.50750	0.29129	1	0.43912	0.30487	1	0.47331	0.29808	1	0.48020	0.53658	12.34828	1.06646	1	0.74339	0.56216	12.64609	1.06646	1	-0.00479	-0.00978	0.67914	0.00383	1	0.06349	-0.01488	0.67958	0.00427	1	1.45898	0.81042	0	
1247218	8412.47559	3304924353439	0.48779	0.28125	8412.33496	0.14062	11215	1	0.47957	0.33009	1	0.43898	0.31379	1	0.45928	0.32194	1	0.48013	0.53727	12.57121	1.06646	1	0.74338	0.56216	13.09766	1.06646	1	-0.00479	-0.00978	0.67914	0.00380	1	0.06349	-0.01488	0.67958	0.00426	1	1.45898	0.81042	0	
1247219	8412.48242	3304924422116	0.48655	0.28302	8412.33496	0.14746	11215	1	0.47957	0.33009	1	0.43898	0.31379	1	0.45928	0.32194	1	0.48018	0.53708	12.50569	1.06646	1	0.74360	0.56150	12.99407	1.06646	1	-0.00479	-0.00978	0.67914	0.00373	1	0.06339	-0.01481	0.67850	0.00423	1	1.45898	0.81042	0	
1247220	8412.48926	3304924488477	0.48650	0.28337	8412.33496	0.15430	11215	1	0.52018	0.32686	1	0.45088	0.25583	1	0.48553	0.29134	1	0.48032	0.53696	12.22864	1.06646	1	0.74357	0.56153	12.98183	1.06646	1	-0.00479	-0.00978	0.67914	0.00375	1	0.06339	-0.01481	0.67850	0.00428	1	1.45898	0.81042	0	
1247221	8412.49609	3304924555006	0.48646	0.28395	8412.33496	0.16113	11215	1	0.50221	0.31140	1	0.46858	0.28456	1	0.48540	0.29798	1	0.48017	0.53687	12.32284	1.06646	1	0.74385	0.56186	12.45505	1.06646	1	-0.00479	-0.00978	0.67914	0.00391	1	0.06339	-0.01481	0.67850	0.00419	1	1.45898	0.81042	0	
1247222	8412.50293	3304924622856	0.48642	0.28449	8412.33496	0.16797	11215	1	0.50221	0.31140	1	0.46858	0.28456	1	0.48540	0.29798	1	0.48022	0.53689	12.38440	1.06646	1	0.74355	0.56183	12.86941	1.06646	1	-0.00479	-0.00978	0.67914	0.00392	1	0.06349	-0.01488	0.67958	0.00432	1	1.45898	0.81042	0	
1247223	8412.50977	3304924690105	0.48629	0.28259	8412.33496	0.17480	11215	1	0.51626	0.14435	1	0.44960	0.32172	1	0.48293	0.23304	1	0.48041	0.53486	12.61110	1.06646	1	0.74355	0.56171	12.85406	1.06646	1	-0.00479	-0.00978	0.67914	0.00250	1	0.06349	-0.01488	0.67958	0.00427	1	1.45898	0.81042	0	
1247224	8412.51660	3304924757618	0.48634	0.28402	8412.33496	0.18164	11215	1	0.51026	0.29053	1	0.46503	0.35466	1	0.48764	0.32259	1	0.48027	0.53674	12.05905	1.06646	1	0.74344	0.56219	13.46014	1.06646	1	-0.00479	-0.00978	0.67914	0.00393	1	0.06349	-0.01488	0.67958	0.00403	1	1.45898	0.81042	0	
1247225	8412.52344	3304924824815	0.48638	0.28535	8412.33496	0.18848	11215	1	0.51026	0.29053	1	0.46503	0.35466	1	0.48764	0.32259	1	0.48026	0.53620	11.81954	1.06646	1	0.74334	0.56163	12.85956	1.06646	1	-0.00479	-0.00978	0.67914	0.00407	1	0.06349	-0.01478	0.67958	0.00432	1	1.45898	0.81042	0	
1247226	8412.52930	3304924888527	0.48641	0.28652	8412.33496	0.19434	11215	1	0.51201	0.33168	1	0.46260	0.30922	1	0.48731	0.32045	1	0.48026	0.53713	12.51034	1.06646	1	0.74334	0.56158	12.84776	1.06646	1	-0.00479	-0.00978	0.67914	0.00385	1	0.06349	-0.01478	0.67958	0.00435	1	1.45898	0.81042	0	
1247227	8412.53613	3304924956603	0.48632	0.28569	8412.33496	0.20117	11215	1	0.50609	0.26711	1	0.46075	0.25492	1	0.48342	0.26102	1	0.48024	0.53624	11.78962	1.06646	1	0.74327	0.56144	12.90323	1.06646	1	-0.00479	-0.00978	0.67914	0.00408	1	0.06349	-0.01478	0.67958	0.00431	1	1.45898	0.81042	0	
1247228	8412.54297	3304925024645	0.48623	0.28480	8412.33496	0.20801	11215	1	0.50609	0.26711	1	0.46096	0.24723	1	0.48352	0.25717	1	0.48018	0.53629	11.64098	1.06646	1	0.74328	0.56191	13.21286	1.07514	1	-0.00479	-0.00978	0.67914	0.00396	1	0.06563	-0.01529	0.70305	0.00404	1	1.45898	0.81042	0	
1247229	8412.54980	3304925091807	0.48663	0.28568	8412.33496	0.21484	11215	1	0.52023	0.30495	1	0.47837	0.32242	1	0.49930	0.31369	1	0.48043	0.53676	11.93133	1.07514	1	0.74326	0.56193	13.23429	1.08382	1	-0.00479	-0.00978	0.67914	0.00406	1	0.06563	-0.01529	0.70305	0.00407	1	1.45898	0.81042	0	
1247230	8412.55664	3304925158679	0.48700	0.28435	8412.33496	0.22168	11215	1	0.52243	0.12469	1	0.47633	0.35638	1	0.49938	0.24053	1	0.48022	0.53482	12.07978	1.08382	1	0.74326	0.56193	13.23429	1.09250	1	-0.00479	-0.00978	0.67914	0.00242	1	0.06563	-0.01529	0.70305	0.00406	1	1.45898	0.81042	0	
1247231	8412.56348	3304925225706	0.48735	0.28288	8412.33496	0.22852	11215	1	0.52153	0.11623	1	0.47666	0.34966	1	0.49910	0.23295	1	0.48014	0.53462	12.37349	1.09250	1	0.74352	0.56131	13.04024	1.10118	1	-0.00479	-0.00978	0.67914	0.00250	1	0.06563	-0.01529	0.70305	0.00433	1	1.45898	0.81042	0	
1247232	8412.57031	3304925293535	0.48761	0.28178	8412.33496	0.23535	11215	1	0.50328	0.11094	1	0.49026	0.37555	1	0.49677	0.24325	1	0.47998	0.53486	12.23041	1.10118	1	0.74342	0.56206	13.08133	1.10118	1	-0.00479	-0.00978	0.67914	0.00249	1	0.06563	-0.01529	0.70305	0.00405	1	1.45898	0.81042	0	
1247233	8412.57617	3304925360260	0.48824	0.27964	8412.33496	0.24121	11215	1	0.51710	0.09427	1	0.50470	0.31100	1	0.51090	0.20264	1	0.48006	0.53485	12.25536	1.10118	1	0.74361	0.56137	13.04710	1.10118	1	-0.00479	-0.00978	0.67914	0.00248	1	0.06563	-0.01529	0.70305	0.00422	1	1.45898	0.81042	0	
1247234	8412.58301	3304925426992	0.48883	0.27771	8412.33496	0.24805	11215	1	0.51710	0.09427	1	0.50417	0.31804	1	0.51063	0.20616	1	0.47997	0.53487	12.08167	1.10118	1	0.74329	0.56188	13.20792	1.09250	1	-0.00479	-0.00978	0.67914	0.00248	1	0.06295	-0.01468	0.67483	0.00399	1	1.45898	0.81042	0	
1247235	8412.58984	3304925494005	0.48912	0.27687	8412.33496	0.25488	11215	1	0.52102	0.10730	1	0.47956	0.38276	1	0.50029	0.24503	1	0.48018	0.53481	12.03551	1.09250	1	0.74329	0.56198	13.14727	1.08382	1	-0.00479	-0.00978	0.67914	0.00245	1	0.06295	-0.01468	0.67483	0.00406	1	1.45898	0.81042	0	
1247236	8412.59668	3304925560994	0.48923	0.27588	8412.33496	0.26172	11215	1	0.49122	0.13312	1	0.49565	0.34113	1	0.49343	0.23713	1	0.48005	0.53485	12.23801	1.08382	1	0.74348	0.56149	13.10722	1.07514	1	-0.00479	-0.00978	0.67914	0.00248	1	0.06295	-0.01468	0.67483	0.00384	1	1.45898	0.81042	0	
1247237	8412.60352	3304925627629	0.49648	0.25040	8412.33496	0.26172	11215	0	0.49232	0.14153	1	0.49517	0.34809	1	0.49375	0.24481	1	0.48005	0.53485	12.23801	1.07514	1	0.74354	0.56145	12.98657	1.06646	1	-0.00479	-0.00978	0.67914	0.00248	1	0.06295	-0.01468	0.67483	0.00388	1	1.45898	0.81042	0	
1247238	8412.61035	3304925694737	0.49722	0.24504	8412.33496	0.26172	11215	0	0.50057	0.13488	1	0.49535	0.34447	1	0.49796	0.23967	1	0.48013	0.53482	12.31102	1.06646	1	0.74356	0.56149	13.24939	1.06646	1	-0.00479	-0.00978	0.67914	0.00242	1	0.06295	-0.01468	0.67483	0.00385	1	1.45898	0.81042	0	
1247239	8412.61621	3304925761319	0.49644	0.24437	8412.33496	0.26172	11215	0	0.49506	0.14056	1	0.49472	0.34549	1	0.49489	0.24302	1	0.48010	0.53483	12.22543	1.06646	1	0.74353	0.56149	13.08970	1.06646	1	-0.00479	-0.00978	0.67914	0.00246	1	0.06295	-0.01468	0.67483	0.00391	1	1.45898	0.81042	0	
1247240	8412.62305	3304925824895	0.49606	0.24403	8412.60352	0.01953	11216	1	0.49506	0.14056	1	0.49472	0.34549	1	0.49489	0.24302	1	0.48022	0.53470	12.25383	1.06646	1	0.74346	0.56139	13.19006	1.06646	1	-0.00479	-0.00978	0.67914	0.00248	1	0.06295	-0.01468	0.67483	0.00394	1	1.45898	0.81042	0	
1247241	8412.62988	3304925891915	0.49374	0.25922	8412.60352	0.02637	11216	1	0.50477	0.30598	1	0.46414	0.33401	1	0.48446	0.31999	1	0.48014	0.53667	11.91602	1.06646	1	0.74342	0.56142	13.24929	1.06646	1	-0.00479	-0.00978	0.67914	0.00418	1	0.06295	-0.01468	0.67483	0.00395	1	1.45898	0.81042	0	
1247242	8412.63672	3304925959295	0.49198	0.25420	8412.60352	0.03320	11216	1	0.49977	0.13479	1	0.46666	0.32343	1	0.48321	0.22911	1	0.48021	0.53473	12.37915	1.06646	1	0.74345	0.56133	13.18370	1.06646	1	-0.00479	-0.00978	0.67914	0.00248	1	0.06295	-0.01468	0.67483	0.00397	1	1.45898	0.81042	0	
1247243	8412.64355	3304926028447	0.49075	0.25011	8412.60352	0.04004	11216	1	0.49977	0.13479	1	0.46691	0.31629	1	0.48334	0.22554	1	0.48019	0.53459	12.44056	1.06646	1	0.74345	0.56133	13.18370	1.07514	1	-0.00479	-0.00978	0.67914	0.00247	1	0.06563	-0.01529	0.70305	0.00397	1	1.45898	0.81042	0	
1247244	8412.64941	3304926093006	0.49032	0.24453	8412.60352	0.04590	11216	1	0.49854	0.10704	1	0.47617	0.30387	1	0.48735	0.20545	1	0.48019	0.53459	12.44056	1.07514	1	0.74360	0.56116	12.86484	1.08382	1	-0.00479	-0.00978	0.67914	0.00247	1	0.06563	-0.01529	0.70305	0.00395	1	1.45898	0.81042	0	
1247245	8412.65625	3304926161380	0.48946	0.25100	8412.60352	0.05273	11216	1	0.49765	0.30350	1	0.46742	0.30201	1	0.48254	0.30275	1	0.48008	0.53699	11.86765	1.08382	1	0.74345	0.56133	13.18370	1.09250	1	-0.00479	-0.00978	0.67914	0.00376	1	0.06563	-0.01529	0.70305	0.00397	1	1.45898	0.81042	0	
1247246	8412.66309	3304926226058	0.48873	0.25546	8412.60352	0.05957	11216	1	0.49658	0.29647	1	0.46767	0.29486	1	0.48213	0.29566	1	0.48020	0.53690	11.61568	1.09250	1	0.74362	0.56121	12.76330	1.10118	1	-0.00479	-0.00978	0.67914	0.00373	1	0.06563	-0.01529	0.70305	0.00400	1	1.45898	0.81042	0	
1247247	8412.66992	3304926294528	0.48702	0.25133	8412.60352	0.06641	11216	1	0.49458	0.09250	1	0.44542	0.32752	1	0.47000	0.21001	1	0.48024	0.53468	12.19449	1.10118	1	0.74351	0.56149	13.21914	1.10118	1	-0.00479	-0.00978	0.67914	0.00249	1	0.06563	-0.01529	0.70305	0.00398	1	1.45898	0.81042	0	
1247248	8412.67676	3304926361566	0.48521	0.24613	8412.60352	0.07324	11216	1	0.47374	0.08901	1	0.45687	0.28871	1	0.46530	0.18886	1	0.48030	0.53466	12.31320	1.10118	1	0.74362	0.56117	12.60842	1.10118	1	-0.00479	-0.00978	0.67914	0.00243	1	0.06563	-0.01529	0.70305	0.00400	1	1.45898	0.81042	0	
1247249	8412.68359	3304926428731	0.48368	0.24200	8412.60352	0.08008	11216	1	0.47374	0.08901	1	0.45670	0.29589	1	0.46522	0.19245	1	0.48079	0.53662	11.88670	1.10118	1	0.74396	0.56086	12.34969	1.09250	1	-0.00483	-0.00982	0.68555	0.00409	1	0.06349	-0.01478	0.67958	0.00402	1	1.45898	0.81042	0	
1247250	8412.69043	3304926498212	0.48387	0.24470	8412.60352	0.08691	11216	1	0.51487	0.26674	1	0.45791	0.29296	1	0.48639	0.27985	1	0.48080	0.53648	11.76720	1.09250	1	0.74367	0.56120	13.11012	1.08382	1	-0.00483	-0.00982	0.68555	0.00406	1	0.06349	-0.01478	0.67958	0.00386	1	1.45898	0.81042	0	
1247251	8412.69727	3304926565457	0.48410	0.24873	8412.60352	0.09375	11216	1	0.51620	0.27740	1	0.45856	0.33294	1	0.48738	0.30517	1	0.48088	0.53681	12.33197	1.08382	1	0.74374	0.56134	12.91366	1.07514	1	-0.00483	-0.00982	0.68555	0.00395	1	0.06349	-0.01478	0.67958	0.00382	1	1.45898	0.81042	0	
1247252	8412.70410	3304926632602	0.48435	0.25331	8412.60352	0.10059	11216	1	0.51802	0.29131	1	0.45803	0.35258	1	0.48802	0.32195	1	0.48080	0.53470	12.32591	1.06713	1	0.74369	0.56107	12.43691	1.05079	1	-0.00457	-0.00945	0.65593	0.00243	1	0.06153	-0.01431	0.65808	0.00389	1	1.45898	0.81042	0	
1247253	8412.70996	3304926698070	0.48466	0.25464	8412.60352	0.10645	11216	1	0.50929	0.15283	1	0.47005	0.39918	1	0.48967	0.27601	1	0.48066	0.53468	12.06025	1.04277	1	0.74385	0.56159	13.28162	1.03511	1	-0.00457	-0.00945	0.65593	0.00245	1	0.06153	-0.01431	0.65808	0.00387	1	1.45898	0.81042	0	
1247254	8412.71680	3304926766266	0.48483	0.25586	8412.60352	0.11328	11216	1	0.50873	0.15311	1	0.46659	0.40006	1	0.48766	0.27658	1	0.48062	0.53453	12.05527	1.02709	1	0.74385	0.56170	12.62246	1.01943	1	-0.00457	-0.00945	0.65593	0.00249	1	0.06153	-0.01431	0.65808	0.00390	1	1.45898	0.81042	0	
1247255	8412.72363	3304926833258	0.48500	0.25715	8412.60352	0.12012	11216	1	0.50965	0.16078	1	0.46659	0.40006	1	0.48812	0.28042	1	0.48078	0.53462	12.06854	1.01943	1	0.74433	0.56182	13.23235	1.01943	1	-0.00458	-0.00978	0.67940	0.00243	1	0.06338	-0.01473	0.67731	0.00379	1	1.45898	0.81042	0	
1247256	8412.73047	3304926900433	0.48576	0.25876	8412.60352	0.12695	11216	1	0.51886	0.16799	1	0.48151	0.41060	1	0.50019	0.28929	1	0.48079	0.53463	12.18119	1.02745	1	0.74417	0.56201	13.55449	1.03511	1	-0.00458	-0.00978	0.67940	0.00242	1	0.06338	-0.01473	0.67731	0.00394	1	1.45898	0.81042	0	
1247257	8412.73730	3304926967776	0.48617	0.26061	8412.60352	0.13379	11216	1	0.52006	0.16522	1	0.46868	0.43011	1	0.49437	0.29767	1	0.48080	0.53479	12.25434	1.04313	1	0.74391	0.56217	12.47532	1.05079	1	-0.00458	-0.00978	0.67940	0.00248	1	0.06338	-0.01473	0.67731	0.00396	1	1.45898	0.81042	0	
1247258	8412.74414	3304927035135	0.48652	0.26169	8412.60352	0.14062	11216	1	0.51835	0.14996	1	0.46918	0.41861	1	0.49377	0.28429	1	0.48094	0.53465	12.33335	1.05880	1	0.74420	0.56154	13.16706	1.06646	1	-0.00458	-0.00978	0.67940	0.00248	1	0.06338	-0.01473	0.67731	0.00385	1	1.45898	0.81042	0	
1247259	8412.75098	3304927101469	0.48694	0.26426	8412.60352	0.14746	11216	1	0.50757	0.26167	1	0.48486	0.37989	1	0.49622	0.32078	1	0.48104	0.53621	11.75301	1.06646	1	0.74414	0.56191	13.46802	1.06646	1	-0.00458	-0.00978	0.67940	0.00409	1	0.06338	-0.01473	0.67731	0.00401	1	1.45898	0.81042	0	
1247260	8412.75684	3304927168355	0.48653	0.26374	8412.60352	0.15332	11216	1	0.49724	0.11771	1	0.45686	0.38587	1	0.47705	0.25179	1	0.48090	0.53466	12.23975	1.06646	1	0.74411	0.56193	13.27328	1.06646	1	-0.00458	-0.00978	0.67940	0.00242	1	0.06338	-0.01473	0.67731	0.00395	1	1.45898	0.81042	0	
1247261	8412.76367	3304927235343	0.48615	0.26326	8412.60352	0.16016	11216	1	0.49724	0.11771	1	0.45686	0.38587	1	0.47705	0.25179	1	0.48107	0.53616	11.87501	1.06646	1	0.74431	0.56186	12.89293	1.06646	1	-0.00458	-0.00978	0.67940	0.00418	1	0.06327	-0.01468	0.67501	0.00396	1	1.45898	0.81042	0	
1247262	8412.77051	3304927302189	0.48674	0.29120	8412.60352	0.16016	11216	0	0.50499	0.28905	1	0.41784	0.38836	1	0.46141	0.33870	1	0.48094	0.53643	12.11316	1.06646	1	0.74387	0.56201	13.04138	1.06646	1	-0.00458	-0.00978	0.67940	0.00408	1	0.06327	-0.01468	0.67501	0.00415	1	1.45898	0.81042	0	
1247263	8412.77734	3304927368848	0.47706	0.23143	8412.60352	0.16016	11216	0	0.48440	0.11814	1	0.45034	0.22516	1	0.46737	0.17165	1	0.48107	0.53466	12.54550	1.06646	1	0.74423	0.56036	12.59294	1.06646	1	-0.00458	-0.00978	0.67940	0.00242	1	0.06327	-0.01468	0.67501	0.00466	1	1.45898	0.81042	0	
1247264	8412.78418	3304927436738	0.47383	0.21150	8412.60352	0.16016	11216	0	0.48440	0.11814	1	0.45034	0.22516	1	0.46737	0.17165	1	0.48137	0.53675	11.86476	1.06646	1	0.74482	0.56184	12.25478	1.06646	1	-0.00458	-0.00978	0.67940	0.00391	1	0.06327	-0.01468	0.67501	0.00433	1	1.45898	0.81042	0	
1247265	8412.79102	3304927503155	0.47547	0.21811	8412.77051	0.02051	11217	1	0.49202	0.13868	1	0.46876	0.33719	1	0.48039	0.23793	1	0.48124	0.53474	12.50721	1.06646	1	0.74463	0.56183	12.49125	1.06646	1	-0.00458	-0.00978	0.67940	0.00249	1	0.06327	-0.01468	0.67501	0.00419	1	1.45898	0.81042	0	
1247266	8412.79785	3304927570163	0.48172	0.23418	8412.77051	0.02734	11217	1	0.52646	0.34475	1	0.48702	0.25220	1	0.50674	0.29847	1	0.48162	0.53719	11.86819	1.06646	1	0.74484	0.56083	12.15846	1.06646	1	-0.00458	-0.00978	0.67940	0.00388	1	0.06327	-0.01468	0.67501	0.00451	1	1.45898	0.81042	0	
1247267	8412.80371	3304927636833	0.48593	0.24602	8412.77051	0.03320	11217	1	0.52728	0.35102	1	0.48664	0.25935	1	0.50696	0.30518	1	0.48188	0.53689	11.66540	1.05845	1	0.74532	0.56220	12.89607	1.05845	1	-0.00431	-0.00952	0.66136	0.00387	1	0.06291	-0.01457	0.67009	0.00399	1	1.45898	0.81042	0	
1247268	8412.81055	3304927703791	0.49036	0.25008	8412.77051	0.04004	11217	1	0.52756	0.30193	1	0.50634	0.24696	1	0.51695	0.27445	1	0.48178	0.53638	11.77240	1.05043	1	0.74521	0.56124	12.54029	1.05043	1	-0.00431	-0.00952	0.66136	0.00401	1	0.06291	-0.01457	0.67009	0.00434	1	1.45898	0.81042	0	
1247269	8412.81738	3304927768261	0.49353	0.25717	8412.77051	0.04688	11217	1	0.54745	0.34900	1	0.48399	0.26465	1	0.51572	0.30682	1	0.48202	0.53689	12.17447	1.04241	1	0.74484	0.56127	12.32042	1.04241	1	-0.00431	-0.00952	0.66136	0.00386	1	0.06291	-0.01457	0.67009	0.00430	1	1.45898	0.81042	0	
1247270	8412.82422	3304927838228	0.49600	0.26269	8412.77051	0.05371	11217	1	0.54745	0.34900	1	0.48399	0.26465	1	0.51572	0.30682	1	0.48160	0.53480	12.21785	1.04241	1	0.74519	0.56060	12.57942	1.04241	1	-0.00446	-0.00995	0.69111	0.00248	1	0.06291	-0.01457	0.67009	0.00450	1	1.45898	0.81042	0	
1247271	8412.83105	3304927902544	0.49556	0.25951	8412.77051	0.06055	11217	1	0.50507	0.15916	1	0.47819	0.30256	1	0.49163	0.23086	1	0.48171	0.53484	12.08145	1.05043	1	0.74474	0.56188	13.38221	1.05043	1	-0.00446	-0.00995	0.69111	0.00242	1	0.06291	-0.01457	0.67009	0.00441	1	1.45898	0.81042	0	
1247272	8412.83789	3304927972106	0.49376	0.25396	8412.77051	0.06738	11217	1	0.49253	0.13998	1	0.45899	0.25712	1	0.47576	0.19855	1	0.48169	0.53476	12.41301	1.05845	1	0.74485	0.56149	12.95192	1.05845	1	-0.00446	-0.00995	0.69111	0.00242	1	0.06291	-0.01457	0.67009	0.00447	1	1.45898	0.81042	0	
1247273	8412.84473	3304928039016	0.49222	0.24872	8412.77051	0.07422	11217	1	0.49150	0.13208	1	0.45918	0.24998	1	0.47534	0.19103	1	0.48199	0.53471	12.29961	1.06646	1	0.74485	0.56198	12.82825	1.06646	1	-0.00446	-0.00995	0.69111	0.00249	1	0.06346	-0.01478	0.67490	0.00424	1	1.45898	0.81042	0	
1247274	8412.85156	3304928106015	0.49087	0.24602	8412.77051	0.08105	11217	1	0.49357	0.13243	1	0.45574	0.29486	1	0.47466	0.21365	1	0.48197	0.53472	12.24753	1.06646	1	0.74519	0.56188	12.94138	1.06646	1	-0.00446	-0.00995	0.69111	0.00250	1	0.06346	-0.01478	0.67490	0.00422	1	1.45898	0.81042	0	
1247275	8412.85742	3304928172790	0.48927	0.24749	8412.77051	0.08691	11217	1	0.47193	0.28517	1	0.46494	0.24787	1	0.46844	0.26652	1	0.48163	0.53641	11.83333	1.06646	1	0.74535	0.56146	12.94872	1.06646	1	-0.00446	-0.00995	0.69111	0.00400	1	0.06346	-0.01478	0.67490	0.00420	1	1.45898	0.81042	0	
1247276	8412.86426	3304928239954	0.48791	0.24945	8412.77051	0.09375	11217	1	0.47311	0.29192	1	0.46451	0.26187	1	0.46881	0.27690	1	0.48279	0.53689	12.09157	1.05845	1	0.74590	0.56191	12.90216	1.05079	1	-0.00411	-0.00952	0.66117	0.00399	1	0.06183	-0.01434	0.65710	0.00427	1	1.45898	0.81042	0	
1247277	8412.87109	3304928307054	0.48933	0.25271	8412.77051	0.10059	11217	1	0.53051	0.26684	1	0.49081	0.33662	1	0.51066	0.30173	1	0.48259	0.53593	11.22933	1.04277	1	0.74584	0.56204	12.98238	1.03511	1	-0.00411	-0.00952	0.66117	0.00414	1	0.06183	-0.01434	0.65710	0.00405	1	1.45898	0.81042	0	
1247278	8412.87793	3304928374653	0.49081	0.25935	8412.77051	0.10742	11217	1	0.56365	0.33083	1	0.46548	0.40028	1	0.51456	0.36556	1	0.48303	0.53664	12.01359	1.02709	1	0.74548	0.56212	12.25463	1.01943	1	-0.00411	-0.00952	0.66117	0.00415	1	0.06183	-0.01434	0.65710	0.00410	1	1.45898	0.81042	0	
1247279	8412.88477	3304928441650	0.49215	0.26543	8412.77051	0.11426	11217	1	0.56422	0.33715	1	0.46548	0.40028	1	0.51485	0.36871	1	0.48234	0.53467	12.72946	1.01943	1	0.74574	0.56207	13.15921	1.01943	1	-0.00417	-0.00977	0.67813	0.00244	1	0.06426	-0.01494	0.68228	0.00404	1	1.45898	0.81042	0	
1247280	8412.89160	3304928508011	0.49231	0.26292	8412.77051	0.12109	11217	1	0.49915	0.16899	1	0.49143	0.26647	1	0.49529	0.21773	1	0.48256	0.53468	12.42616	1.02745	1	0.74580	0.56131	12.90699	1.03511	1	-0.00417	-0.00977	0.67813	0.00247	1	0.06426	-0.01494	0.68228	0.00438	1	1.45898	0.81042	0	
1247281	8412.89746	3304928574445	0.49243	0.25917	8412.77051	0.12695	11217	1	0.50887	0.14670	1	0.48030	0.22919	1	0.49459	0.18795	1	0.48259	0.53464	12.36410	1.04313	1	0.74597	0.56100	12.63245	1.05079	1	-0.00417	-0.00977	0.67813	0.00244	1	0.06426	-0.01494	0.68228	0.00441	1	1.45898	0.81042	0	
1247282	8412.90430	3304928641861	0.49250	0.25506	8412.77051	0.13379	11217	1	0.50702	0.13115	1	0.48096	0.21468	1	0.49399	0.17292	1	0.48268	0.53465	12.52986	1.05880	1	0.74587	0.56188	13.01080	1.06646	1	-0.00417	-0.00977	0.67813	0.00241	1	0.06503	-0.01515	0.68940	0.00419	1	1.45898	0.81042	0	
1247283	8412.91113	3304928708941	0.49203	0.25623	8412.77051	0.14062	11217	1	0.51375	0.27426	1	0.45035	0.28733	1	0.48205	0.28079	1	0.48309	0.53628	11.35540	1.06646	1	0.74592	0.56199	12.82557	1.06646	1	-0.00417	-0.00977	0.67813	0.00418	1	0.06503	-0.01515	0.68940	0.00418	1	1.45898	0.81042	0	
1247284	8412.91797	3304928775657	0.49149	0.25774	8412.77051	0.14746	11217	1	0.51576	0.29733	1	0.44340	0.28465	1	0.47958	0.29099	1	0.48315	0.53664	11.50108	1.06646	1	0.74579	0.56184	12.96937	1.06646	1	-0.00417	-0.00977	0.67813	0.00413	1	0.06503	-0.01515	0.68940	0.00422	1	1.45898	0.81042	0	
1247285	8412.92480	3304928842616	0.49099	0.25913	8412.77051	0.15430	11217	1	0.51576	0.29733	1	0.44340	0.28465	1	0.47958	0.29099	1	0.48324	0.53629	11.80171	1.06646	1	0.74622	0.56193	12.56964	1.06646	1	-0.00452	-0.01086	0.75415	0.00412	1	0.06369	-0.01479	0.67516	0.00419	1	1.45898	0.81042	0	
1247286	8412.93164	3304928910358	0.49133	0.26053	8412.77051	0.16113	11217	1	0.53217	0.29549	1	0.46693	0.29303	1	0.49955	0.29426	1	0.48335	0.53662	12.11940	1.06646	1	0.74620	0.56187	12.55061	1.06646	1	-0.00452	-0.01086	0.75415	0.00394	1	0.06369	-0.01479	0.67516	0.00407	1	1.45898	0.81042	0	
1247287	8412.93848	3304928977099	0.49160	0.26068	8412.77051	0.16797	11217	1	0.52360	0.22334	1	0.47299	0.30559	1	0.49829	0.26446	1	0.48326	0.53555	11.75514	1.06646	1	0.74626	0.56195	12.34864	1.06646	1	-0.00452	-0.01086	0.75415	0.00437	1	0.06369	-0.01479	0.67516	0.00405	1	1.45898	0.81042	0	
1247288	8412.94531	3304929043615	0.49184	0.26094	8412.77051	0.17480	11217	1	0.52360	0.22334	1	0.47272	0.31202	1	0.49816	0.26768	1	0.48330	0.53622	11.77582	1.06646	1	0.74631	0.56188	12.22283	1.05880	1	-0.00400	-0.00985	0.68384	0.00407	1	0.06221	-0.01448	0.65901	0.00416	1	1.45898	0.81042	0	
1247289	8412.95117	3304929110782	0.49191	0.26389	8412.77051	0.18066	11217	1	0.50314	0.36665	1	0.48416	0.32041	1	0.49365	0.34353	1	0.48314	0.53714	12.36769	1.05880	1	0.74645	0.56203	12.77991	1.05114	1	-0.00400	-0.00985	0.68384	0.00378	1	0.06221	-0.01448	0.65901	0.00408	1	1.45898	0.81042	0	
1247290	8412.95801	3304929177659	0.49175	0.26437	8412.77051	0.18750	11217	1	0.49956	0.23014	1	0.47485	0.32504	1	0.48720	0.27759	1	0.48326	0.53533	11.64674	1.05114	1	0.74629	0.56193	12.25792	1.04348	1	-0.00400	-0.00985	0.68384	0.00424	1	0.06221	-0.01448	0.65901	0.00416	1	1.45898	0.81042	0	
1247291	8412.96484	3304929244109	0.49161	0.26492	8412.77051	0.19434	11217	1	0.50052	0.23707	1	0.47485	0.32504	1	0.48768	0.28106	1	0.48334	0.53596	11.66009	1.04348	1	0.74658	0.56234	13.19507	1.04348	1	-0.00400	-0.00985	0.68384	0.00411	1	0.06490	-0.01509	0.68692	0.00399	1	1.45898	0.81042	0	
1247292	8412.97168	3304929311688	0.49209	0.26564	8412.77051	0.20117	11217	1	0.50825	0.24991	1	0.50457	0.32456	1	0.50641	0.28724	1	0.48335	0.53558	11.70939	1.04348	1	0.74674	0.56217	13.12278	1.05114	1	-0.00400	-0.00985	0.68384	0.00425	1	0.06490	-0.01509	0.68692	0.00400	1	1.45898	0.81042	0	
1247293	8412.97852	3304929378802	0.49243	0.26683	8412.77051	0.20801	11217	1	0.51384	0.27655	1	0.49214	0.33098	1	0.50299	0.30377	1	0.48347	0.53611	11.90592	1.05114	1	0.74660	0.56226	13.14715	1.05880	1	-0.00400	-0.00985	0.68384	0.00407	1	0.06490	-0.01509	0.68692	0.00397	1	1.45898	0.81042	0	
1247294	8412.98535	3304929445767	0.49274	0.26776	8412.77051	0.21484	11217	1	0.51297	0.26996	1	0.49255	0.32467	1	0.50276	0.29732	1	0.48363	0.53711	12.16683	1.05880	1	0.74674	0.56204	12.80255	1.06646	1	-0.00394	-0.00965	0.67387	0.00372	1	0.06649	-0.01549	0.70259	0.00399	1	1.45898	0.81042	0	
1247295	8412.99219	3304929512918	0.49249	0.26817	8412.77051	0.22168	11217	1	0.50042	0.25109	1	0.46820	0.31268	1	0.48431	0.28188	1	0.48360	0.53623	12.32600	1.06646	1	0.74660	0.56221	13.10197	1.06646	1	-0.00394	-0.00965	0.67387	0.00413	1	0.06649	-0.01549	0.70259	0.00398	1	1.45898	0.81042	0	
1247296	8412.99805	3304929580372	0.49238	0.27020	8412.77051	0.22754	11217	1	0.50218	0.34238	1	0.47479	0.33605	1	0.48848	0.33922	1	0.48369	0.53720	13.05514	1.06646	1	0.74666	0.56225	12.82846	1.06646	1	-0.00394	-0.00965	0.67387	0.00373	1	0.06649	-0.01549	0.70259	0.00400	1	1.45898	0.81042	0	
1247297	8413.00488	3304929646537	0.49483	0.29810	8412.77051	0.22754	11217	0	0.50218	0.34238	1	0.47479	0.33605	1	0.48848	0.33922	1	0.48408	0.53688	11.98968	1.06646	1	0.74674	0.56221	12.61739	1.06646	1	-0.00394	-0.00965	0.67387	0.00379	1	0.06649	-0.01549	0.70259	0.00402	1	1.45898	0.81042	0	
1247298	8413.01172	3304929711368	0.48935	0.30673	8412.77051	0.22754	11217	0	0.51651	0.29616	1	0.45122	0.33454	1	0.48387	0.31535	1	0.48390	0.53653	11.68268	1.06646	1	0.74666	0.56225	12.82846	1.06646	1	-0.00394	-0.00965	0.67387	0.00411	1	0.06649	-0.01549	0.70259	0.00400	1	1.45898	0.81042	0	
1247299	8413.01855	3304929781241	0.49160	0.30015	8412.77051	0.22754	11217	0	0.52899	0.25727	1	0.46325	0.31672	1	0.49612	0.28699	1	0.48404	0.53638	11.96548	1.06646	1	0.74681	0.56217	12.63737	1.06646	1	-0.00394	-0.00965	0.67387	0.00407	1	0.06649	-0.01549	0.70259	0.00402	1	1.45898	0.81042	0	
1247300	8413.02539	3304929848287	0.49273	0.29686	8413.00488	0.02051	11218	1	0.52899	0.25727	1	0.46325	0.31672	1	0.49612	0.28699	1	0.48438	0.53727	12.48733	1.06646	1	0.74710	0.56219	12.31184	1.06646	1	-0.00382	-0.00956	0.67118	0.00381	1	0.06649	-0.01549	0.70259	0.00402	1	1.45898	0.81042	0	
1247301	8413.03223	3304929913876	0.49407	0.30178	8413.00488	0.02734	11218	1	0.53575	0.33415	1	0.46306	0.30879	1	0.49940	0.32147	1	0.48418	0.53716	12.13651	1.06646	1	0.74687	0.56215	12.83882	1.06646	1	-0.00382	-0.00956	0.67118	0.00377	1	0.06649	-0.01549	0.70259	0.00400	1	1.45898	0.81042	0	
1247302	8413.03809	3304929977567	0.49453	0.30530	8413.00488	0.03320	11218	1	0.53637	0.32342	1	0.45736	0.32235	1	0.49686	0.32288	1	0.48418	0.53685	11.92425	1.06646	1	0.74683	0.56240	12.94389	1.06646	1	-0.00382	-0.00956	0.67118	0.00380	1	0.06649	-0.01549	0.70259	0.00397	1	1.45898	0.81042	0	
1247303	8413.04492	3304930044163	0.49485	0.30826	8413.00488	0.04004	11218	1	0.53637	0.32342	1	0.45720	0.32865	1	0.49678	0.32603	1	0.48381	0.53466	12.47616	1.06646	1	0.74705	0.56214	12.30750	1.05880	1	-0.00376	-0.00965	0.67736	0.00254	1	0.06223	-0.01449	0.65710	0.00399	1	1.45898	0.81042	0	
1247304	8413.05176	3304930114745	0.49635	0.31108	8413.00488	0.04688	11218	1	0.54315	0.36827	1	0.47057	0.29335	1	0.50686	0.33081	1	0.48420	0.53734	12.48473	1.05880	1	0.74704	0.56164	12.18996	1.05114	1	-0.00376	-0.00965	0.67736	0.00383	1	0.06223	-0.01449	0.65710	0.00426	1	1.45898	0.81042	0	
1247305	8413.05859	3304930178959	0.49546	0.30277	8413.00488	0.05371	11218	1	0.50965	0.14414	1	0.46696	0.32844	1	0.48831	0.23629	1	0.48384	0.53465	12.44681	1.05114	1	0.74700	0.56217	12.04636	1.04348	1	-0.00376	-0.00965	0.67736	0.00256	1	0.06223	-0.01449	0.65710	0.00402	1	1.45898	0.81042	0	
1247306	8413.06543	3304930246313	0.49478	0.29682	8413.00488	0.06055	11218	1	0.51054	0.15170	1	0.46673	0.33484	1	0.48864	0.24327	1	0.48395	0.53454	12.68085	1.04348	1	0.74702	0.56208	12.41593	1.03583	1	-0.00376	-0.00965	0.67736	0.00247	1	0.06192	-0.01437	0.65382	0.00398	1	1.45898	0.81042	0	
1247307	8413.07129	3304930311663	0.49539	0.30039	8413.00488	0.06641	11218	1	0.53266	0.34812	1	0.47043	0.32400	1	0.50154	0.33606	1	0.48412	0.53689	11.86607	1.03583	1	0.74707	0.56177	12.21905	1.03583	1	-0.00376	-0.00965	0.67736	0.00383	1	0.06192	-0.01437	0.65382	0.00423	1	1.45898	0.81042	0	
1247308	8413.07910	3304930382391	0.49518	0.30170	8413.00488	0.07422	11218	1	0.52365	0.32570	1	0.46208	0.30669	1	0.49287	0.31620	1	0.48435	0.53672	12.03919	1.03583	1	0.74692	0.56186	12.60816	1.03583	1	-0.00376	-0.00965	0.67736	0.00390	1	0.06192	-0.01437	0.65382	0.00413	1	1.45898	0.81042	0	
1247309	8413.08594	3304930451013	0.49500	0.30282	8413.00488	0.08105	11218	1	0.52365	0.32570	1	0.46208	0.30669	1	0.49287	0.31620	1	0.48425	0.53702	12.06009	1.03583	1	0.74724	0.56215	12.88858	1.03583	1	-0.00376	-0.00965	0.67736	0.00383	1	0.06192	-0.01437	0.65382	0.00403	1	1.45898	0.81042	0	
1247310	8413.09277	3304930518134	0.49561	0.30574	8413.00488	0.08789	11218	1	0.51967	0.35782	1	0.48725	0.32948	1	0.50346	0.34365	1	0.48420	0.53701	12.29247	1.03583	1	0.74731	0.56202	13.03304	1.03583	1	-0.00376	-0.00965	0.67736	0.00382	1	0.06192	-0.01437	0.65382	0.00408	1	1.45898	0.81042	0	
1247311	8413.09863	3304930585009	0.49641	0.30918	8413.00488	0.09375	11218	1	0.52790	0.38729	1	0.48735	0.32746	1	0.50762	0.35738	1	0.48433	0.53728	12.62467	1.03583	1	0.74733	0.56201	12.99743	1.03583	1	-0.00376	-0.00965	0.67736	0.00374	1	0.06192	-0.01437	0.65382	0.00409	1	1.45898	0.81042	0	
1247312	8413.10547	3304930648459	0.49711	0.31219	8413.00488	0.10059	11218	1	0.52790	0.38729	1	0.48735	0.32746	1	0.50762	0.35738	1	0.48419	0.53699	12.14339	1.03583	1	0.74720	0.56202	12.82446	1.03583	1	-0.00382	-0.00975	0.68777	0.00382	1	0.06192	-0.01437	0.65382	0.00408	1	1.45898	0.81042	0	
1247313	8413.11230	3304930716584	0.49765	0.31312	8413.00488	0.10742	11218	1	0.52724	0.32233	1	0.48546	0.33363	1	0.50635	0.32798	1	0.48440	0.53648	12.31895	1.03583	1	0.74726	0.56205	13.07290	1.03583	1	-0.00382	-0.00975	0.68777	0.00393	1	0.06192	-0.01437	0.65382	0.00406	1	1.45898	0.81042	0	
1247314	8413.11914	3304930786320	0.49818	0.31524	8413.00488	0.11426	11218	1	0.51671	0.34281	1	0.49764	0.35988	1	0.50717	0.35135	1	0.48415	0.53690	12.17873	1.03583	1	0.74751	0.56229	12.74598	1.03583	1	-0.00382	-0.00975	0.68777	0.00384	1	0.06192	-0.01437	0.65382	0.00400	1	1.45898	0.81042	0	
1247315	8413.12598	3304930851852	0.49868	0.31679	8413.00488	0.12109	11218	1	0.51671	0.34281	1	0.49860	0.34658	1	0.50765	0.34469	1	0.48443	0.53657	12.59619	1.03583	1	0.74753	0.56142	12.66510	1.05217	1	-0.00382	-0.00975	0.68777	0.00390	1	0.06707	-0.01554	0.70703	0.00422	1	1.45898	0.81042	0	
1247316	8413.13281	3304930919056	0.49902	0.31381	8413.00488	0.12793	11218	1	0.51619	0.25855	1	0.49491	0.25587	1	0.50555	0.25721	1	0.48428	0.53625	12.41879	1.05217	1	0.74733	0.56140	12.95085	1.06851	1	-0.00382	-0.00975	0.68777	0.00381	1	0.06707	-0.01554	0.70703	0.00440	1	1.45898	0.81042	0	
1247317	8413.13867	3304930986457	0.49973	0.31174	8413.00488	0.13379	11218	1	0.53107	0.31114	1	0.49664	0.22920	1	0.51385	0.27017	1	0.48457	0.53575	12.36906	1.06851	1	0.74738	0.56128	12.88000	1.08485	1	-0.00382	-0.00975	0.68777	0.00394	1	0.06707	-0.01554	0.70703	0.00444	1	1.45898	0.81042	0	
1247318	8413.14551	3304931052878	0.50035	0.30939	8413.00488	0.14062	11218	1	0.52946	0.29786	1	0.49706	0.22232	1	0.51326	0.26009	1	0.48486	0.53669	12.60432	1.08485	1	0.74739	0.56181	12.79893	1.09250	1	-0.00376	-0.00955	0.67736	0.00429	1	0.06435	-0.01492	0.67891	0.00414	1	1.45898	0.81042	0	
1247319	8413.15234	3304931120331	0.50088	0.30696	8413.00488	0.14746	11218	1	0.53449	0.29302	1	0.49061	0.21428	1	0.51255	0.25365	1	0.48464	0.53641	12.72740	1.09250	1	0.74736	0.56132	12.69264	1.08382	1	-0.00376	-0.00955	0.67736	0.00389	1	0.06435	-0.01492	0.67891	0.00441	1	1.45898	0.81042	0	
1247320	8413.15918	3304931187343	0.50083	0.30545	8413.00488	0.15430	11218	1	0.51162	0.33302	1	0.48772	0.20842	1	0.49967	0.27072	1	0.48417	0.53623	11.99529	1.08382	1	0.74762	0.56091	12.39865	1.07514	1	-0.00376	-0.00955	0.67736	0.00392	1	0.06435	-0.01492	0.67891	0.00444	1	1.45898	0.81042	0	
1247321	8413.16602	3304931253882	0.50080	0.30420	8413.00488	0.16113	11218	1	0.51260	0.33981	1	0.48772	0.20842	1	0.50016	0.27412	1	0.48410	0.53625	12.04242	1.07514	1	0.74751	0.56114	12.55763	1.07514	1	-0.00376	-0.00955	0.67736	0.00399	1	0.06584	-0.01520	0.69413	0.00439	1	1.45898	0.81042	0	
1247322	8413.17285	3304931321340	0.50052	0.30219	8413.00488	0.16797	11218	1	0.50467	0.29108	1	0.48252	0.21291	1	0.49360	0.25200	1	0.48411	0.53586	11.99083	1.07514	1	0.74754	0.56119	12.58927	1.08382	1	-0.00376	-0.00955	0.67736	0.00382	1	0.06584	-0.01520	0.69413	0.00437	1	1.45898	0.81042	0	
1247323	8413.17969	3304931388123	0.49932	0.30185	8413.00488	0.17480	11218	1	0.47838	0.29527	1	0.45756	0.29044	1	0.46797	0.29286	1	0.48411	0.53622	12.04766	1.08382	1	0.74720	0.56210	13.27145	1.09250	1	-0.00376	-0.00955	0.67736	0.00400	1	0.06584	-0.01520	0.69413	0.00438	1	1.45898	0.81042	0	
1247324	8413.18555	3304931454647	0.49818	0.30140	8413.00488	0.18066	11218	1	0.47718	0.28816	1	0.45756	0.29044	1	0.46737	0.28930	1	0.48417	0.53624	12.18829	1.09250	1	0.74722	0.56206	13.21467	1.09250	1	-0.00376	-0.00955	0.67736	0.00396	1	0.06421	-0.01486	0.67644	0.00434	1	1.45898	0.81042	0	
1247325	8413.19238	3304931522149	0.49687	0.29795	8413.00488	0.18750	11218	1	0.48687	0.12503	1	0.43390	0.27775	1	0.46038	0.20139	1	0.48441	0.53397	12.07094	1.09250	1	0.74716	0.56191	12.72707	1.08382	1	-0.00376	-0.00955	0.67736	0.00253	1	0.06421	-0.01486	0.67644	0.00455	1	1.45898	0.81042	0	
1247326	8413.19922	3304931589084	0.49241	0.27272	8413.00488	0.18750	11218	0	0.48651	0.33844	1	0.44737	0.27434	1	0.46694	0.30639	1	0.48417	0.53623	11.99529	1.08382	1	0.74740	0.56180	13.05476	1.07514	1	-0.00376	-0.00955	0.67736	0.00392	1	0.06421	-0.01486	0.67644	0.00430	1	1.45898	0.81042	0	
1247327	8413.20605	3304931654976	0.47994	0.29311	8413.00488	0.18750	11218	0	0.48766	0.34520	1	0.44727	0.28180	1	0.46747	0.31350	1	0.48411	0.53637	11.73988	1.07514	1	0.74775	0.56198	12.64868	1.06646	1	-0.00376	-0.00955	0.67736	0.00397	1	0.06421	-0.01481	0.67644	0.00423	1	1.45898	0.81042	0	
1247328	8413.21289	3304931723041	0.47673	0.31400	8413.00488	0.18750	11218	0	0.50288	0.36826	1	0.43772	0.34330	1	0.47030	0.35578	1	0.48437	0.53640	12.53472	1.06646	1	0.74730	0.56251	12.66507	1.06646	1	-0.00376	-0.00955	0.67736	0.00386	1	0.06421	-0.01481	0.67644	0.00407	1	1.45898	0.81042	0	
1247329	8413.21973	3304931790216	0.47511	0.31563	8413.19922	0.02051	11219	1	0.48909	0.30183	1	0.45147	0.33926	1	0.47028	0.32054	1	0.48420	0.53573	11.57527	1.06646	1	0.74757	0.56246	12.73533	1.06646	1	-0.00376	-0.00955	0.67736	0.00383	1	0.06421	-0.01481	0.67644	0.00403	1	1.45898	0.81042	0	
1247330	8413.22656	3304931857223	0.47415	0.31662	8413.19922	0.02734	11219	1	0.48909	0.30183	1	0.45147	0.33926	1	0.47028	0.32054	1	0.48427	0.53617	12.54346	1.06646	1	0.74711	0.56195	12.90442	1.06646	1	-0.00376	-0.00955	0.67736	0.00368	1	0.06421	-0.01486	0.67644	0.00452	1	1.45898	0.81042	0	
1247331	8413.23242	3304931923601	0.47346	0.32018	8413.19922	0.03320	11219	1	0.50304	0.37449	1	0.43695	0.30152	1	0.47000	0.33801	1	0.48437	0.53644	12.58757	1.06646	1	0.74728	0.56204	12.83931	1.06646	1	-0.00376	-0.00955	0.67736	0.00377	1	0.06421	-0.01486	0.67644	0.00427	1	1.45898	0.81042	0	
1247332	8413.23926	3304931990333	0.47394	0.32075	8413.19922	0.04004	11219	1	0.52076	0.34793	1	0.43297	0.30035	1	0.47687	0.32414	1	0.48419	0.53629	11.99079	1.06646	1	0.74722	0.56209	12.97754	1.06646	1	-0.00376	-0.00955	0.67736	0.00390	1	0.06421	-0.01486	0.67644	0.00416	1	1.45898	0.81042	0	
1247333	8413.24609	3304932055494	0.47431	0.32117	8413.19922	0.04688	11219	1	0.52076	0.34793	1	0.43297	0.30035	1	0.47687	0.32414	1	0.48422	0.53633	11.65764	1.06646	1	0.74716	0.56245	12.78109	1.06646	1	-0.00376	-0.00955	0.67736	0.00401	1	0.06421	-0.01486	0.67644	0.00413	1	1.45898	0.81042	0	
1247334	8413.25293	3304932122115	0.47755	0.32144	8413.19922	0.05371	11219	1	0.54137	0.38600	1	0.46558	0.26113	1	0.50347	0.32357	1	0.48505	0.53663	11.86520	1.06646	1	0.74729	0.56161	12.75377	1.06646	1	-0.00376	-0.00955	0.67736	0.00405	1	0.06421	-0.01486	0.67644	0.00445	1	1.45898	0.81042	0	
1247335	8413.25977	3304932188350	0.48100	0.31614	8413.19922	0.06055	11219	1	0.54006	0.29924	1	0.48398	0.23775	1	0.51202	0.26850	1	0.48464	0.53633	11.14160	1.06646	1	0.74762	0.56102	12.21449	1.06646	1	-0.00376	-0.00955	0.67736	0.00401	1	0.06421	-0.01486	0.67644	0.00445	1	1.45898	0.81042	0	
1247336	8413.26660	3304932258892	0.48382	0.31181	8413.19922	0.06738	11219	1	0.54006	0.29924	1	0.48398	0.23775	1	0.51202	0.26850	1	0.48427	0.53413	12.12905	1.06646	1	0.74757	0.56206	12.98225	1.06646	1	-0.00376	-0.00955	0.67736	0.00246	1	0.06421	-0.01486	0.67644	0.00403	1	1.45898	0.81042	0	
1247337	8413.27344	3304932326244	0.48407	0.30207	8413.19922	0.07422	11219	1	0.50201	0.09508	1	0.47170	0.29478	1	0.48685	0.19493	1	0.48423	0.53433	11.97578	1.06646	1	0.74743	0.56202	12.64216	1.06646	1	-0.00376	-0.00955	0.67736	0.00245	1	0.06421	-0.01486	0.67644	0.00405	1	1.45898	0.81042	0	
1247338	8413.28027	3304932393049	0.48466	0.30368	8413.19922	0.08105	11219	1	0.52623	0.29457	1	0.45721	0.35151	1	0.49172	0.32304	1	0.48443	0.53649	12.44480	1.06646	1	0.74722	0.56246	13.36696	1.06646	1	-0.00376	-0.00955	0.67736	0.00387	1	0.06421	-0.01486	0.67644	0.00402	1	1.45898	0.81042	0	
1247339	8413.28613	3304932460155	0.48516	0.30507	8413.19922	0.08691	11219	1	0.52623	0.29457	1	0.45721	0.35151	1	0.49172	0.32304	1	0.48458	0.53701	12.62342	1.06646	1	0.74758	0.56211	12.83741	1.06646	1	-0.00382	-0.00975	0.68777	0.00386	1	0.06421	-0.01486	0.67644	0.00402	1	1.45898	0.81042	0	
1247340	8413.29297	3304932526783	0.48581	0.30395	8413.19922	0.09375	11219	1	0.51620	0.27001	1	0.47344	0.30661	1	0.49482	0.28831	1	0.48427	0.53640	11.90391	1.06646	1	0.74745	0.56201	12.66848	1.06646	1	-0.00382	-0.00975	0.68777	0.00402	1	0.06421	-0.01486	0.67644	0.00405	1	1.45898	0.81042	0	
1247341	8413.29980	3304932594284	0.48656	0.30615	8413.19922	0.10059	11219	1	0.51288	0.34065	1	0.48280	0.33762	1	0.49784	0.33914	1	0.48416	0.53688	12.48895	1.06646	1	0.74758	0.56229	12.96147	1.06646	1	-0.00382	-0.00975	0.68777	0.00384	1	0.06421	-0.01486	0.67644	0.00397	1	1.45898	0.81042	0	
1247342	8413.30664	3304932661094	0.48722	0.30809	8413.19922	0.10742	11219	1	0.51288	0.34065	1	0.48280	0.33762	1	0.49784	0.33914	1	0.48411	0.53660	11.93567	1.06646	1	0.74749	0.56222	12.93125	1.06646	1	-0.00376	-0.00965	0.67736	0.00396	1	0.06421	-0.01486	0.67644	0.00398	1	1.45898	0.81042	0	
1247343	8413.31348	3304932725953	0.48799	0.30826	8413.19922	0.11426	11219	1	0.52098	0.29317	1	0.48126	0.32899	1	0.50112	0.31108	1	0.48430	0.53648	11.75590	1.06646	1	0.74755	0.56227	12.98385	1.06646	1	-0.00376	-0.00965	0.67736	0.00399	1	0.06421	-0.01486	0.67644	0.00396	1	1.45898	0.81042	0	
1247344	8413.32031	3304932795588	0.48913	0.30804	8413.19922	0.12109	11219	1	0.54720	0.29692	1	0.47193	0.31146	1	0.50956	0.30419	1	0.48480	0.53670	11.96881	1.06646	1	0.74743	0.56206	12.63559	1.06646	1	-0.00376	-0.00965	0.67736	0.00388	1	0.06421	-0.01486	0.67644	0.00404	1	1.45898	0.81042	0	
1247345	8413.32715	3304932862738	0.49016	0.30767	8413.19922	0.12793	11219	1	0.54720	0.29692	1	0.47223	0.30422	1	0.50971	0.30057	1	0.48436	0.53693	11.88341	1.06646	1	0.74740	0.56204	12.68636	1.07514	1	-0.00376	-0.00965	0.67736	0.00376	1	0.06707	-0.01554	0.70703	0.00405	1	1.45898	0.81042	0	
1247346	8413.33301	3304932928737	0.49070	0.30225	8413.19922	0.13379	11219	1	0.49637	0.10606	1	0.50687	0.28153	1	0.50162	0.19379	1	0.48417	0.53452	12.18093	1.07514	1	0.74754	0.56183	12.74598	1.08382	1	-0.00376	-0.00965	0.67736	0.00243	1	0.06707	-0.01554	0.70703	0.00408	1	1.45898	0.81042	0	
1247347	8413.33984	3304932994840	0.49063	0.29727	8413.19922	0.14062	11219	1	0.50562	0.10440	1	0.47235	0.28095	1	0.48898	0.19268	1	0.48420	0.53456	12.15530	1.08382	1	0.74741	0.56196	12.54337	1.09250	1	-0.00376	-0.00965	0.67736	0.00236	1	0.06707	-0.01554	0.70703	0.00403	1	1.45898	0.81042	0	
1247348	8413.34668	3304933063463	0.49053	0.29253	8413.19922	0.14746	11219	1	0.50462	0.09577	1	0.47235	0.28095	1	0.48848	0.18836	1	0.48410	0.53624	11.83012	1.09250	1	0.74734	0.56229	13.13286	1.09250	1	-0.00376	-0.00965	0.67736	0.00417	1	0.06421	-0.01492	0.67644	0.00398	1	1.45898	0.81042	0	
1247349	8413.35352	3304933131121	0.49109	0.29252	8413.19922	0.15430	11219	1	0.51813	0.28542	1	0.48955	0.29937	1	0.50384	0.29240	1	0.48431	0.53672	12.27847	1.09250	1	0.74735	0.56221	13.15762	1.08382	1	-0.00376	-0.00965	0.67736	0.00374	1	0.06421	-0.01492	0.67644	0.00399	1	1.45898	0.81042	0	
1247350	8413.36035	3304933197551	0.49123	0.28945	8413.19922	0.16113	11219	1	0.50308	0.10272	1	0.48613	0.32882	1	0.49460	0.21577	1	0.48414	0.53454	12.08884	1.08382	1	0.74725	0.56227	12.76416	1.07514	1	-0.00376	-0.00965	0.67736	0.00254	1	0.06421	-0.01492	0.67644	0.00399	1	1.45898	0.81042	0	
1247351	8413.36719	3304933263475	0.49138	0.28679	8413.19922	0.16797	11219	1	0.50410	0.11136	1	0.48613	0.32882	1	0.49512	0.22009	1	0.48406	0.53647	11.62325	1.07514	1	0.74747	0.56203	12.73495	1.07514	1	-0.00376	-0.00965	0.67736	0.00412	1	0.06584	-0.01531	0.69413	0.00396	1	1.45898	0.81042	0	
1247352	8413.37402	3304933330741	0.49154	0.28794	8413.19922	0.17480	11219	1	0.49844	0.31987	1	0.49299	0.31618	1	0.49571	0.31803	1	0.48399	0.53709	11.80426	1.07514	1	0.74738	0.56229	13.13060	1.08382	1	-0.00376	-0.00965	0.67736	0.00382	1	0.06584	-0.01531	0.69413	0.00395	1	1.45898	0.81042	0	
1247353	8413.37988	3304933397484	0.49888	0.25747	8413.19922	0.17480	11219	0	0.49815	0.11388	1	0.50175	0.31335	1	0.49995	0.21361	1	0.48416	0.53462	12.16221	1.08382	1	0.74752	0.56226	12.83831	1.09250	1	-0.00376	-0.00965	0.67736	0.00244	1	0.06584	-0.01531	0.69413	0.00391	1	1.45898	0.81042	0	
1247354	8413.38672	3304933464067	0.49915	0.23340	8413.19922	0.17480	11219	0	0.49709	0.10532	1	0.50175	0.31335	1	0.49942	0.20933	1	0.48406	0.53622	11.69386	1.09250	1	0.74721	0.56235	12.97383	1.09250	1	-0.00376	-0.00975	0.67736	0.00417	1	0.06435	-0.01497	0.67891	0.00395	1	1.45898	0.81042	0	
1247355	8413.39355	3304933527405	0.49905	0.22999	8413.19922	0.17480	11219	0	0.51116	0.12373	1	0.48657	0.32262	1	0.49886	0.22318	1	0.48408	0.53482	12.26897	1.09250	1	0.74728	0.56236	12.96499	1.08382	1	-0.00376	-0.00975	0.67736	0.00241	1	0.06435	-0.01497	0.67891	0.00396	1	1.45898	0.81042	0	
1247356	8413.40039	3304933596905	0.49700	0.22873	8413.37988	0.02051	11220	1	0.49531	0.12200	1	0.48636	0.32784	1	0.49083	0.22492	1	0.48406	0.53475	12.25339	1.08382	1	0.74726	0.56232	13.03338	1.07514	1	-0.00376	-0.00975	0.67736	0.00242	1	0.06435	-0.01497	0.67891	0.00399	1	1.45898	0.81042	0	
1247357	8413.40723	3304933666389	0.49587	0.22882	8413.37988	0.02734	11220	1	0.49639	0.13050	1	0.48636	0.32784	1	0.49137	0.22917	1	0.48407	0.53470	12.22117	1.07514	1	0.74726	0.56247	12.95530	1.07514	1	-0.00376	-0.00975	0.67736	0.00237	1	0.06584	-0.01531	0.69413	0.00386	1	1.45898	0.81042	0	
1247358	8413.41406	3304933732642	0.49450	0.22885	8413.37988	0.03418	11220	1	0.48335	0.12387	1	0.49188	0.33419	1	0.48762	0.22903	1	0.48400	0.53465	12.29595	1.07514	1	0.74737	0.56257	13.36484	1.08382	1	-0.00376	-0.00975	0.67736	0.00239	1	0.06584	-0.01531	0.69413	0.00379	1	1.45898	0.81042	0	
1247359	8413.42090	3304933799609	0.49407	0.23060	8413.37988	0.04102	11220	1	0.49731	0.13112	1	0.48573	0.35112	1	0.49152	0.24112	1	0.48399	0.53484	12.22820	1.08382	1	0.74731	0.56256	13.31573	1.09250	1	-0.00376	-0.00975	0.67736	0.00243	1	0.06584	-0.01531	0.69413	0.00385	1	1.45898	0.81042	0	
1247360	8413.42676	3304933862995	0.49369	0.23139	8413.37988	0.04688	11220	1	0.49624	0.12270	1	0.48573	0.35112	1	0.49099	0.23691	1	0.48419	0.53659	11.84032	1.09250	1	0.74730	0.56264	13.38011	1.09250	1	-0.00376	-0.00975	0.67736	0.00396	1	0.06435	-0.01497	0.67891	0.00379	1	1.45898	0.81042	0	
1247361	8413.43359	3304933931696	0.49463	0.23245	8413.37988	0.05371	11220	1	0.52003	0.11643	1	0.48441	0.36536	1	0.50222	0.24090	1	0.48407	0.53477	12.34525	1.09250	1	0.74729	0.56284	13.36779	1.08382	1	-0.00376	-0.00975	0.67736	0.00241	1	0.06435	-0.01497	0.67891	0.00381	1	1.45898	0.81042	0	
1247362	8413.44043	3304933999413	0.49431	0.23155	8413.37988	0.06055	11220	1	0.49039	0.11721	1	0.49241	0.32982	1	0.49140	0.22352	1	0.48402	0.53484	12.27087	1.08382	1	0.74736	0.56264	13.18948	1.07514	1	-0.00376	-0.00975	0.67736	0.00240	1	0.06435	-0.01497	0.67891	0.00376	1	1.45898	0.81042	0	
1247363	8413.44727	3304934065409	0.49408	0.23153	8413.37988	0.06738	11220	1	0.49150	0.12574	1	0.49195	0.33687	1	0.49173	0.23131	1	0.48432	0.53634	11.82257	1.07514	1	0.74725	0.56302	13.07888	1.06646	1	-0.00376	-0.00975	0.67736	0.00411	1	0.06435	-0.01497	0.67891	0.00396	1	1.45898	0.81042	0	
1247364	8413.45410	3304934132646	0.49617	0.23911	8413.37988	0.07422	11220	1	0.54717	0.30736	1	0.49121	0.33751	1	0.51919	0.32243	1	0.48436	0.53686	12.33152	1.06646	1	0.74736	0.56248	12.79694	1.06646	1	-0.00376	-0.00975	0.67736	0.00379	1	0.06435	-0.01497	0.67891	0.00425	1	1.45898	0.81042	0	
1247365	8413.45996	3304934198381	0.49669	0.24743	8413.37988	0.08008	11220	1	0.52307	0.29787	1	0.48295	0.39670	1	0.50301	0.34728	1	0.48432	0.53675	11.97211	1.06646	1	0.74728	0.56313	13.34923	1.06646	1	-0.00376	-0.00975	0.67736	0.00374	1	0.06435	-0.01497	0.67891	0.00393	1	1.45898	0.81042	0	
1247366	8413.46680	3304934265214	0.49715	0.25456	8413.37988	0.08691	11220	1	0.52307	0.29787	1	0.48295	0.39670	1	0.50301	0.34728	1	0.48401	0.53509	11.98582	1.06646	1	0.74743	0.56201	12.90438	1.06646	1	-0.00376	-0.00975	0.67736	0.00241	1	0.06435	-0.01497	0.67891	0.00437	1	1.45898	0.81042	0	
1247367	8413.47363	3304934332930	0.49894	0.25866	8413.37988	0.09375	11220	1	0.54698	0.32454	1	0.50115	0.30748	1	0.52407	0.31601	1	0.48438	0.53694	12.31862	1.06646	1	0.74751	0.56182	12.68395	1.06646	1	-0.00376	-0.00975	0.67736	0.00377	1	0.06435	-0.01497	0.67891	0.00447	1	1.45898	0.81042	0	
1247368	8413.48047	3304934398467	0.49916	0.26078	8413.37988	0.10059	11220	1	0.50786	0.25983	1	0.49699	0.32535	1	0.50243	0.29259	1	0.48419	0.53620	11.84883	1.06646	1	0.74742	0.56224	12.86973	1.06646	1	-0.00376	-0.00975	0.67736	0.00406	1	0.06435	-0.01497	0.67891	0.00429	1	1.45898	0.81042	0	
1247369	8413.48633	3304934462717	0.49934	0.26284	8413.37988	0.10645	11220	1	0.50786	0.25983	1	0.49655	0.33165	1	0.50221	0.29574	1	0.48429	0.53679	11.96304	1.06646	1	0.74749	0.56194	12.81091	1.05880	1	-0.00376	-0.00975	0.67736	0.00381	1	0.06223	-0.01449	0.65710	0.00440	1	1.45898	0.81042	0	
1247370	8413.49414	3304934534876	0.49913	0.26112	8413.37988	0.11426	11220	1	0.49822	0.08633	1	0.49297	0.37744	1	0.49559	0.23189	1	0.48407	0.53509	12.05251	1.05880	1	0.74746	0.56305	13.10391	1.05114	1	-0.00376	-0.00975	0.67736	0.00245	1	0.06223	-0.01449	0.65710	0.00408	1	1.45898	0.81042	0	
1247371	8413.50098	3304934603140	0.49833	0.26022	8413.37988	0.12109	11220	1	0.50535	0.13241	1	0.46264	0.35570	1	0.48400	0.24406	1	0.48387	0.53532	11.52470	1.05114	1	0.74681	0.56332	12.89805	1.04348	1	-0.00376	-0.00975	0.67736	0.00247	1	0.06223	-0.01449	0.65710	0.00433	1	1.45898	0.81042	0	
1247372	8413.50781	3304934670316	0.49765	0.25943	8413.37988	0.12793	11220	1	0.50627	0.14006	1	0.46287	0.34867	1	0.48457	0.24436	1	0.48323	0.53927	11.46493	1.04348	1	0.74629	0.56489	12.97641	1.05217	1	-0.00382	-0.01002	0.67118	0.00369	1	0.06622	-0.01581	0.70035	0.00348	1	1.45898	0.81042	0	
1247373	8413.51465	3304934737240	0.49637	0.26540	8413.37988	0.13477	11220	1	0.48825	0.39430	1	0.45361	0.37551	1	0.47093	0.38490	1	0.48294	0.54049	11.37301	1.05217	1	0.74596	0.56524	12.42102	1.06851	1	-0.00382	-0.01002	0.67118	0.00386	1	0.06622	-0.01581	0.70035	0.00430	1	1.45898	0.81042	0	
1247374	8413.52051	3304934804374	0.49788	0.28960	8413.37988	0.13477	11220	0	0.47758	0.17462	1	0.50997	0.25995	1	0.49378	0.21729	1	0.48292	0.53852	10.91493	1.06851	1	0.74614	0.56473	12.45924	1.08485	1	-0.00382	-0.01002	0.67118	0.00235	1	0.06622	-0.01581	0.70035	0.00404	1	1.45898	0.81042	0	
1247375	8413.52734	3304934871315	0.49553	0.25155	8413.37988	0.13477	11220	0	0.47641	0.16676	1	0.50995	0.26026	1	0.49318	0.21351	1	0.48267	0.54338	11.77652	1.07683	1	0.74430	0.56837	12.59626	1.08449	1	-0.00386	-0.01011	0.65089	0.00309	1	0.06346	-0.01559	0.67489	0.00314	1	1.45898	0.81042	0	
1247376	8413.53418	3304934938212	0.48052	0.35261	8413.37988	0.13477	11220	0	0.48440	0.59414	1	0.41661	0.51530	1	0.45051	0.55472	1	0.48245	0.54389	11.52815	1.07647	1	0.74434	0.56834	11.89063	1.06779	1	-0.00386	-0.01011	0.65089	0.00344	1	0.06346	-0.01559	0.67489	0.00349	1	1.45898	0.81042	0	
1247377	8413.54102	3304935003195	0.46434	0.44135	8413.37988	0.13477	11220	0	0.48067	0.57493	1	0.41802	0.53669	1	0.44934	0.55581	1	0.48238	0.54370	11.35558	1.05977	1	0.74430	0.56845	11.90150	1.05109	1	-0.00386	-0.01011	0.65089	0.00343	1	0.06346	-0.01559	0.67489	0.00339	1	1.45898	0.81042	0	
1247378	8413.54785	3304935072245	0.45719	0.50119	8413.37988	0.13477	11220	0	0.48192	0.57990	1	0.41815	0.54215	1	0.45003	0.56103	1	0.48253	0.54448	11.92266	1.05109	1	0.74415	0.56854	11.78872	1.04241	1	-0.00406	-0.01066	0.67712	0.00325	1	0.06346	-0.01579	0.67489	0.00334	1	1.45898	0.81042	0	
1247379	8413.55469	3304935139237	0.45062	0.53979	8413.37988	0.13477	11220	0	0.48706	0.66708	1	0.38790	0.56690	1	0.43748	0.61699	1	0.48238	0.54452	11.95754	1.05043	1	0.74424	0.56858	12.00697	1.05043	1	-0.00406	-0.01066	0.67712	0.00322	1	0.06346	-0.01579	0.67489	0.00319	1	1.45898	0.81042	0	
1247380	8413.56152	3304935206206	0.44597	0.59659	8413.37988	0.13477	11220	0	0.51777	0.67154	1	0.38301	0.55198	1	0.45039	0.61176	1	0.48286	0.54471	12.75816	1.05845	1	0.74418	0.56870	11.81410	1.05845	1	-0.00406	-0.01066	0.67712	0.00332	1	0.06346	-0.01579	0.67489	0.00316	1	1.45898	0.81042	0	
1247381	8413.56738	3304935272967	0.44786	0.60200	8413.37988	0.13477	11220	0	0.51686	0.66770	1	0.38263	0.54710	1	0.44975	0.60740	1	0.48198	0.54441	11.73986	1.06646	1	0.74420	0.56917	11.87854	1.06646	1	-0.00406	-0.01051	0.67712	0.00303	1	0.06346	-0.01579	0.67489	0.00302	1	1.45898	0.81042	0	
1247382	8413.57422	3304935338222	0.43872	0.60736	8413.37988	0.13477	11220	0	0.45632	0.66515	1	0.38456	0.57102	1	0.42044	0.61808	1	0.48195	0.54448	12.10695	1.06646	1	0.74422	0.56888	11.83475	1.06646	1	-0.00406	-0.01051	0.67712	0.00303	1	0.06346	-0.01579	0.67489	0.00313	1	1.45898	0.81042	0	
1247383	8413.58105	3304935405246	0.43502	0.60914	8413.56152	0.01953	11221	1	0.45809	0.63742	1	0.38975	0.59152	1	0.42392	0.61447	1	0.48193	0.54445	12.01890	1.06646	1	0.74422	0.56913	11.93518	1.06646	1	-0.00406	-0.01051	0.67712	0.00301	1	0.06346	-0.01579	0.67489	0.00307	1	1.45898	0.81042	0	
1247384	8413.58789	3304935474331	0.43280	0.61020	8413.56152	0.02637	11221	1	0.45809	0.63742	1	0.38975	0.59152	1	0.42392	0.61447	1	0.48186	0.54455	12.00574	1.06646	1	0.74431	0.56889	11.93672	1.06646	1	-0.00406	-0.01056	0.67712	0.00302	1	0.06346	-0.01579	0.67489	0.00323	1	1.45898	0.81042	0	
1247385	8413.59473	3304935541282	0.43045	0.61067	8413.56152	0.03320	11221	1	0.44926	0.65464	1	0.38808	0.57136	1	0.41867	0.61300	1	0.48176	0.54425	12.01344	1.06646	1	0.74426	0.56888	11.88212	1.06646	1	-0.00406	-0.01056	0.67712	0.00314	1	0.06346	-0.01579	0.67489	0.00323	1	1.45898	0.81042	0	
1247386	8413.60156	3304935609058	0.42937	0.60899	8413.56152	0.04004	11221	1	0.45827	0.64973	1	0.38751	0.54809	1	0.42289	0.59891	1	0.48192	0.54456	12.13600	1.06646	1	0.74424	0.56878	11.77866	1.06646	1	-0.00406	-0.01056	0.67712	0.00302	1	0.06346	-0.01579	0.67489	0.00324	1	1.45898	0.81042	0	
1247387	8413.60742	3304935674181	0.42856	0.60773	8413.56152	0.04590	11221	1	0.45827	0.64973	1	0.38751	0.54809	1	0.42289	0.59891	1	0.48163	0.54436	11.64261	1.06646	1	0.74428	0.56884	11.75167	1.06646	1	-0.00406	-0.01061	0.67712	0.00318	1	0.06399	-0.01587	0.68053	0.00318	1	1.45898	0.81042	0	
1247388	8413.61426	3304935740492	0.42884	0.60605	8413.56152	0.05273	11221	1	0.47347	0.64147	1	0.38881	0.54377	1	0.43114	0.59262	1	0.48177	0.54453	11.62909	1.06646	1	0.74428	0.56880	11.82818	1.06646	1	-0.00406	-0.01061	0.67712	0.00307	1	0.06399	-0.01587	0.68053	0.00326	1	1.45898	0.81042	0	
1247389	8413.62109	3304935809661	0.43018	0.60639	8413.56152	0.05957	11221	1	0.46765	0.61148	1	0.41674	0.60743	1	0.44220	0.60945	1	0.48180	0.54405	11.72534	1.06646	1	0.74434	0.56918	11.89282	1.06646	1	-0.00406	-0.01061	0.67712	0.00327	1	0.06399	-0.01587	0.68053	0.00307	1	1.45898	0.81042	0	
1247390	8413.62793	3304935876174	0.43127	0.60667	8413.56152	0.06641	11221	1	0.46765	0.61148	1	0.41674	0.60743	1	0.44220	0.60945	1	0.48173	0.54408	11.75615	1.06646	1	0.74437	0.56918	12.12397	1.06646	1	-0.00418	-0.01070	0.67925	0.00325	1	0.06346	-0.01579	0.67489	0.00311	1	1.45898	0.81042	0	
1247391	8413.63477	3304935942766	0.43170	0.60748	8413.56152	0.07324	11221	1	0.47014	0.64689	1	0.40278	0.58598	1	0.43646	0.61644	1	0.48184	0.54453	11.51812	1.06646	1	0.74413	0.56909	11.94591	1.06646	1	-0.00418	-0.01070	0.67925	0.00317	1	0.06346	-0.01579	0.67489	0.00314	1	1.45898	0.81042	0	
1247392	8413.64160	3304936008120	0.43199	0.60843	8413.56152	0.08008	11221	1	0.45772	0.64028	1	0.41322	0.59932	1	0.43547	0.61980	1	0.48164	0.54439	11.58271	1.06646	1	0.74436	0.56924	12.16944	1.06646	1	-0.00418	-0.01070	0.67925	0.00328	1	0.06346	-0.01579	0.67489	0.00313	1	1.45898	0.81042	0	
1247393	8413.64844	3304936076877	0.43230	0.60970	8413.56152	0.08691	11221	1	0.45903	0.64435	1	0.41353	0.60812	1	0.43628	0.62623	1	0.48154	0.54438	12.02499	1.05845	1	0.74439	0.56950	12.43257	1.05079	1	-0.00406	-0.01028	0.65254	0.00306	1	0.06183	-0.01540	0.65813	0.00306	1	1.45898	0.81042	0	
1247394	8413.65527	3304936143465	0.43353	0.61243	8413.56152	0.09375	11221	1	0.48218	0.65292	1	0.41928	0.64817	1	0.45073	0.65055	1	0.48155	0.54446	11.88502	1.04277	1	0.74400	0.56955	12.00030	1.03511	1	-0.00406	-0.01028	0.65254	0.00306	1	0.06183	-0.01540	0.65813	0.00306	1	1.45898	0.81042	0	
1247395	8413.66113	3304936210794	0.43518	0.61376	8413.56152	0.09961	11221	1	0.49611	0.61482	1	0.42392	0.65268	1	0.46002	0.63375	1	0.48167	0.54448	11.67542	1.02709	1	0.74405	0.56947	12.03529	1.01943	1	-0.00406	-0.01028	0.65254	0.00329	1	0.06183	-0.01540	0.65813	0.00310	1	1.45898	0.81042	0	
1247396	8413.66797	3304936277858	0.43671	0.61544	8413.56152	0.10645	11221	1	0.49824	0.62345	1	0.42409	0.66108	1	0.46116	0.64227	1	0.48232	0.54500	11.89667	1.01142	1	0.74401	0.56928	12.17250	1.00376	1	-0.00410	-0.01037	0.65851	0.00331	1	0.06183	-0.01540	0.65813	0.00319	1	1.45898	0.81042	0	
1247397	8413.67480	3304936345094	0.43607	0.61662	8413.56152	0.11328	11221	1	0.45528	0.65525	1	0.39514	0.61812	1	0.42521	0.63668	1	0.48095	0.54510	11.69963	1.00376	1	0.74360	0.56953	11.31797	1.00376	1	-0.00410	-0.01037	0.65851	0.00319	1	0.06183	-0.01540	0.65813	0.00328	1	1.45898	0.81042	0	
1247398	8413.68164	3304936407597	0.43726	0.61728	8413.56152	0.12012	11221	1	0.48026	0.63117	1	0.43691	0.62719	1	0.45858	0.62918	1	0.48102	0.54501	11.52149	1.00376	1	0.74355	0.56960	11.99862	1.00376	1	-0.00410	-0.01037	0.65851	0.00317	1	0.06183	-0.01540	0.65813	0.00328	1	1.45898	0.81042	0	
1247399	8413.68848	3304936478605	0.43829	0.61754	8413.56152	0.12695	11221	1	0.47904	0.62678	1	0.43694	0.61825	1	0.45799	0.62251	1	0.48102	0.54593	11.94177	1.01178	1	0.74262	0.57019	12.80248	1.01943	1	-0.00446	-0.01094	0.69111	0.00335	1	0.06339	-0.01590	0.67743	0.00320	1	1.45898	0.81042	0	
1247400	8413.69434	3304936542610	0.43694	0.61977	8413.56152	0.13281	11221	1	0.44644	0.71943	1	0.37339	0.60917	1	0.40991	0.66430	1	0.48049	0.54592	12.74280	1.02745	1	0.74246	0.56972	12.53468	1.03511	1	-0.00446	-0.01094	0.69111	0.00318	1	0.06339	-0.01590	0.67743	0.00337	1	1.45898	0.81042	0	
1247401	8413.70117	3304936610285	0.43594	0.62054	8413.56152	0.13965	11221	1	0.45675	0.68199	1	0.37277	0.59181	1	0.41476	0.63690	1	0.48026	0.54567	12.51279	1.04313	1	0.74250	0.56971	12.82959	1.05079	1	-0.00446	-0.01094	0.69111	0.00315	1	0.06339	-0.01590	0.67743	0.00333	1	1.45898	0.81042	0	
1247402	8413.70801	3304936675289	0.43494	0.62090	8413.56152	0.14648	11221	1	0.45411	0.67448	1	0.37187	0.58281	1	0.41299	0.62865	1	0.47980	0.54533	12.02857	1.05880	1	0.74244	0.56958	12.77715	1.06646	1	-0.00450	-0.01080	0.68223	0.00321	1	0.06339	-0.01590	0.67743	0.00325	1	1.45898	0.81042	0	
1247403	8413.71484	3304936743945	0.43293	0.62130	8413.56152	0.15332	11221	1	0.41668	0.65275	1	0.35678	0.60865	1	0.38673	0.63070	1	0.47983	0.54544	12.09644	1.06646	1	0.74227	0.56983	12.89104	1.06646	1	-0.00450	-0.01080	0.68223	0.00313	1	0.06339	-0.01590	0.67743	0.00318	1	1.45898	0.81042	0	
1247404	8413.72168	3304936809900	0.43119	0.62111	8413.56152	0.16016	11221	1	0.42223	0.64661	1	0.35691	0.58602	1	0.38957	0.61631	1	0.47974	0.54553	12.09697	1.06646	1	0.74244	0.56959	12.83325	1.06646	1	-0.00450	-0.01080	0.68223	0.00313	1	0.06339	-0.01590	0.67743	0.00318	1	1.45898	0.81042	0	
1247405	8413.72852	3304936878295	0.42959	0.62092	8413.56152	0.16699	11221	1	0.42223	0.64661	1	0.35691	0.58602	1	0.38957	0.61631	1	0.47988	0.54576	11.64449	1.06646	1	0.74222	0.56964	12.57219	1.06646	1	-0.00450	-0.01080	0.68223	0.00304	1	0.06339	-0.01590	0.67743	0.00317	1	1.45898	0.81042	0	
1247406	8413.73535	3304936943798	0.42840	0.62121	8413.56152	0.17383	11221	1	0.43915	0.68084	1	0.35575	0.57639	1	0.39745	0.62861	1	0.47963	0.54573	12.08603	1.06646	1	0.74225	0.56947	12.59977	1.06646	1	-0.00450	-0.01080	0.68223	0.00307	1	0.06339	-0.01590	0.67743	0.00336	1	1.45898	0.81042	0	
1247407	8413.74219	3304937012610	0.42764	0.62288	8413.56152	0.18066	11221	1	0.44175	0.69983	1	0.37239	0.63644	1	0.40707	0.66814	1	0.47965	0.54598	12.67038	1.06646	1	0.74250	0.57015	13.10468	1.06646	1	-0.00450	-0.01080	0.68223	0.00302	1	0.06339	-0.01590	0.67743	0.00318	1	1.45898	0.81042	0	
1247408	8413.74805	3304937076756	0.42690	0.62436	8413.56152	0.18652	11221	1	0.44013	0.69573	1	0.37231	0.63569	1	0.40622	0.66571	1	0.47971	0.54599	12.70117	1.07555	1	0.74233	0.57003	12.75872	1.06789	1	-0.00472	-0.01126	0.70789	0.00307	1	0.06164	-0.01550	0.66030	0.00319	1	1.45898	0.81042	0	
1247409	8413.75488	3304937147325	0.42681	0.62465	8413.56152	0.19336	11221	1	0.44981	0.67986	1	0.39819	0.58639	1	0.42400	0.63313	1	0.47991	0.54598	12.74102	1.07697	1	0.74221	0.57013	12.57830	1.06932	1	-0.00472	-0.01126	0.70789	0.00311	1	0.06164	-0.01550	0.66030	0.00318	1	1.45898	0.81042	0	
1247410	8413.76172	3304937215427	0.42674	0.62484	8413.56152	0.20020	11221	1	0.44957	0.67920	1	0.39975	0.58185	1	0.42466	0.63053	1	0.47991	0.54598	12.74102	1.07840	1	0.74223	0.57005	12.64093	1.07074	1	-0.00472	-0.01126	0.70789	0.00311	1	0.06164	-0.01550	0.66030	0.00319	1	1.45898	0.81042	0	
1247411	8413.76855	3304937282665	0.42670	0.62514	8413.56152	0.20703	11221	1	0.45087	0.68277	1	0.40000	0.58625	1	0.42543	0.63451	1	0.48001	0.54595	12.61846	1.07074	1	0.74206	0.57015	12.26092	1.06308	1	-0.00468	-0.01074	0.67854	0.00333	1	0.06164	-0.01550	0.66030	0.00325	1	1.45898	0.81042	0	
1247412	8413.77539	3304937349543	0.42668	0.62508	8413.56152	0.21387	11221	1	0.46007	0.68100	1	0.39240	0.56522	1	0.42623	0.62311	1	0.47953	0.54577	12.38746	1.05400	1	0.74200	0.56990	12.21587	1.05400	1	-0.00468	-0.01074	0.67854	0.00328	1	0.06164	-0.01550	0.66030	0.00339	1	1.45898	0.81042	0	
1247413	8413.78223	3304937416642	0.42597	0.62606	8413.56152	0.22070	11221	1	0.42741	0.69018	1	0.37729	0.62622	1	0.40235	0.65820	1	0.47910	0.54572	12.43730	1.04491	1	0.74177	0.56987	12.66596	1.04491	1	-0.00468	-0.01074	0.67854	0.00298	1	0.06164	-0.01550	0.66030	0.00338	1	1.45898	0.81042	0	
1247414	8413.78906	3304937483404	0.42532	0.62711	8413.56152	0.22754	11221	1	0.42918	0.69446	1	0.37778	0.63118	1	0.40348	0.66282	1	0.47899	0.54575	12.51580	1.03583	1	0.74174	0.57010	12.94643	1.03583	1	-0.00468	-0.01079	0.67854	0.00304	1	0.06164	-0.01550	0.66030	0.00325	1	1.45898	0.81042	0	
1247415	8413.79590	3304937550548	0.42454	0.62840	8413.56152	0.23438	11221	1	0.42619	0.68323	1	0.36811	0.66383	1	0.39715	0.67353	1	0.47897	0.54569	12.29428	1.03583	1	0.74166	0.57013	13.23497	1.03583	1	-0.00468	-0.01079	0.67854	0.00310	1	0.06164	-0.01550	0.66030	0.00324	1	1.45898	0.81042	0	
1247416	8413.80176	3304937617476	0.42385	0.62922	8413.56152	0.24023	11221	1	0.42426	0.68947	1	0.37371	0.62857	1	0.39899	0.65902	1	0.47902	0.54571	12.61463	1.03583	1	0.74173	0.56987	12.84555	1.03583	1	-0.00468	-0.01079	0.67854	0.00307	1	0.06164	-0.01550	0.66030	0.00330	1	1.45898	0.81042	0	
1247417	8413.80859	3304937684045	0.42317	0.62988	8413.56152	0.24707	11221	1	0.42246	0.68515	1	0.37319	0.62359	1	0.39782	0.65437	1	0.47914	0.54595	12.77810	1.04491	1	0.74158	0.56951	12.52484	1.04491	1	-0.00498	-0.01141	0.71421	0.00308	1	0.06226	-0.01568	0.66802	0.00324	1	1.45898	0.81042	0	
1247418	8413.81543	3304937751338	0.42280	0.63043	8413.56152	0.25391	11221	1	0.46288	0.68646	1	0.35465	0.61558	1	0.40877	0.65102	1	0.47908	0.54598	13.00383	1.05400	1	0.74152	0.56970	12.62938	1.05400	1	-0.00498	-0.01141	0.71421	0.00304	1	0.06226	-0.01568	0.66802	0.00317	1	1.45898	0.81042	0	
1247419	8413.82227	3304937814608	0.42269	0.63113	8413.56152	0.26074	11221	1	0.44310	0.69052	1	0.39389	0.62646	1	0.41849	0.65849	1	0.47902	0.54591	12.55176	1.06308	1	0.74165	0.56970	12.62984	1.06308	1	-0.00498	-0.01141	0.71421	0.00305	1	0.06226	-0.01568	0.66802	0.00317	1	1.45898	0.81042	0	
1247420	8413.82910	3304937883293	0.42261	0.63189	8413.56152	0.26758	11221	1	0.44452	0.69423	1	0.39419	0.63076	1	0.41936	0.66249	1	0.47909	0.54598	12.42916	1.05507	1	0.74163	0.56994	13.18264	1.05507	1	-0.00467	-0.01053	0.65627	0.00315	1	0.06133	-0.01540	0.65805	0.00309	1	1.45898	0.81042	0	
1247421	8413.83594	3304937952628	0.42204	0.63303	8413.56152	0.27441	11221	1	0.43512	0.70791	1	0.36244	0.65144	1	0.39878	0.67968	1	0.47882	0.54591	12.54809	1.03796	1	0.74116	0.56991	12.04246	1.03796	1	-0.00467	-0.01053	0.65627	0.00312	1	0.06133	-0.01540	0.65805	0.00321	1	1.45898	0.81042	0	
1247422	8413.84277	3304938019390	0.41137	0.65754	8413.56152	0.27441	11221	0	0.47850	0.68596	1	0.40064	0.66040	1	0.43957	0.67318	1	0.47894	0.54573	12.30849	1.02086	1	0.74152	0.57013	12.94622	1.02086	1	-0.00467	-0.01053	0.65627	0.00304	1	0.06133	-0.01540	0.65805	0.00317	1	1.45898	0.81042	0	
1247423	8413.84863	3304938083395	0.42589	0.66765	8413.56152	0.27441	11221	0	0.47989	0.69036	1	0.40094	0.66518	1	0.44041	0.67777	1	0.47866	0.54581	12.71775	1.01178	1	0.74128	0.57015	12.26092	1.01178	1	-0.00489	-0.01089	0.67866	0.00321	1	0.06131	-0.01547	0.65892	0.00324	1	1.45898	0.81042	0	
1247424	8413.85547	3304938150339	0.42096	0.67947	8413.56152	0.27441	11221	0	0.42687	0.71885	1	0.39536	0.68739	1	0.41111	0.70312	1	0.47823	0.54590	12.66514	1.01979	1	0.74130	0.57031	12.28548	1.01979	1	-0.00489	-0.01089	0.67866	0.00295	1	0.06131	-0.01547	0.65892	0.00318	1	1.45898	0.81042	0	
1247425	8413.86230	3304938217955	0.41701	0.67851	8413.84277	0.01953	11222	1	0.42514	0.66551	1	0.38512	0.68575	1	0.40513	0.67563	1	0.47812	0.54573	12.26609	1.02781	1	0.74107	0.57036	13.08206	1.02781	1	-0.00489	-0.01089	0.67866	0.00316	1	0.06131	-0.01547	0.65892	0.00313	1	1.45898	0.81042	0	
1247426	8413.86914	3304938285513	0.41443	0.67714	8413.84277	0.02637	11222	1	0.42354	0.66148	1	0.38474	0.68176	1	0.40414	0.67162	1	0.47828	0.54606	12.15823	1.03583	1	0.74106	0.56994	12.78015	1.03583	1	-0.00489	-0.01089	0.67866	0.00308	1	0.06131	-0.01547	0.65892	0.00336	1	1.45898	0.81042	0	
1247427	8413.87598	3304938351169	0.41266	0.67410	8413.84277	0.03320	11222	1	0.43846	0.66705	1	0.36919	0.65076	1	0.40382	0.65890	1	0.47844	0.54606	12.50838	1.03583	1	0.74085	0.57008	13.22764	1.03583	1	-0.00489	-0.01089	0.67866	0.00333	1	0.06131	-0.01547	0.65892	0.00324	1	1.45898	0.81042	0	
1247428	8413.88281	3304938421126	0.41546	0.67445	8413.84277	0.04004	11222	1	0.48635	0.70274	1	0.37817	0.65033	1	0.43226	0.67654	1	0.47879	0.54622	12.42928	1.03583	1	0.74098	0.57026	13.24267	1.03583	1	-0.00489	-0.01089	0.67866	0.00354	1	0.06131	-0.01547	0.65892	0.00309	1	1.45898	0.81042	0	
1247429	8413.88965	3304938487788	0.41751	0.67417	8413.84277	0.04688	11222	1	0.48635	0.70274	1	0.37730	0.64172	1	0.43182	0.67223	1	0.47867	0.54625	12.30575	1.03583	1	0.74047	0.56991	13.00221	1.05217	1	-0.00498	-0.01088	0.67798	0.00321	1	0.06565	-0.01659	0.70667	0.00326	1	1.45898	0.81042	0	
1247430	8413.89551	3304938554859	0.41620	0.67109	8413.84277	0.05273	11222	1	0.46875	0.68191	1	0.34267	0.61094	1	0.40571	0.64642	1	0.47856	0.54627	12.34897	1.05217	1	0.74058	0.56990	12.83562	1.06851	1	-0.00498	-0.01088	0.67798	0.00324	1	0.06565	-0.01659	0.70667	0.00322	1	1.45898	0.81042	0	
1247431	8413.90234	3304938622315	0.41583	0.66718	8413.84277	0.05957	11222	1	0.46665	0.67556	1	0.35830	0.58857	1	0.41247	0.63206	1	0.47837	0.54611	12.31251	1.06851	1	0.74073	0.56978	12.48802	1.08485	1	-0.00498	-0.01088	0.67798	0.00314	1	0.06565	-0.01659	0.70667	0.00325	1	1.45898	0.81042	0	
1247432	8413.90918	3304938689181	0.41541	0.66364	8413.84277	0.06641	11222	1	0.46410	0.66783	1	0.35830	0.58857	1	0.41120	0.62820	1	0.47826	0.54623	12.23004	1.08485	1	0.74049	0.56989	12.34547	1.08485	1	-0.00508	-0.01087	0.67704	0.00325	1	0.06150	-0.01557	0.66309	0.00333	1	1.45898	0.81042	0	
1247433	8413.91602	3304938756213	0.41454	0.66466	8413.84277	0.07324	11222	1	0.42439	0.69164	1	0.38567	0.66016	1	0.40503	0.67590	1	0.47762	0.54642	12.62597	1.08485	1	0.74050	0.57015	12.26092	1.06851	1	-0.00508	-0.01087	0.67704	0.00314	1	0.06150	-0.01557	0.66309	0.00324	1	1.45898	0.81042	0	
1247434	8413.92285	3304938823133	0.41498	0.66399	8413.84277	0.08008	11222	1	0.44674	0.68591	1	0.39379	0.62585	1	0.42027	0.65588	1	0.47785	0.54636	12.66992	1.06851	1	0.74043	0.56978	12.20889	1.05217	1	-0.00508	-0.01087	0.67704	0.00318	1	0.06150	-0.01557	0.66309	0.00334	1	1.45898	0.81042	0	
1247435	8413.92969	3304938890292	0.41548	0.66399	8413.84277	0.08691	11222	1	0.44958	0.69348	1	0.39442	0.63472	1	0.42200	0.66410	1	0.47749	0.54628	11.96829	1.05217	1	0.74026	0.57007	12.89067	1.03583	1	-0.00508	-0.01087	0.67704	0.00309	1	0.06150	-0.01557	0.66309	0.00314	1	1.45898	0.81042	0	
1247436	8413.93555	3304938955270	0.41697	0.66696	8413.84277	0.09277	11222	1	0.51549	0.75793	1	0.36015	0.65917	1	0.43782	0.70855	1	0.47843	0.54660	12.47239	1.03583	1	0.74000	0.56984	12.94499	1.03583	1	-0.00508	-0.01087	0.67704	0.00342	1	0.06150	-0.01557	0.66309	0.00325	1	1.45898	0.81042	0	
1247437	8413.94336	3304939024115	0.41892	0.66572	8413.84277	0.10059	11222	1	0.48369	0.65961	1	0.41265	0.63463	1	0.44817	0.64712	1	0.47759	0.54592	12.01790	1.03583	1	0.73997	0.56947	12.57456	1.03583	1	-0.00508	-0.01087	0.67704	0.00313	1	0.06150	-0.01557	0.66309	0.00297	1	1.45898	0.81042	0	
1247438	8413.94922	3304939091177	0.42064	0.66463	8413.84277	0.10645	11222	1	0.48369	0.65961	1	0.41265	0.63463	1	0.44817	0.64712	1	0.47529	0.54524	12.07806	1.03583	1	0.73830	0.56909	12.94708	1.03583	1	-0.00536	-0.01067	0.67428	0.00322	1	0.06081	-0.01529	0.65992	0.00334	1	1.45898	0.81042	0	
1247439	8413.95605	3304939158269	0.41728	0.66236	8413.84277	0.11328	11222	1	0.36866	0.67425	1	0.35156	0.57337	1	0.36011	0.62381	1	0.47502	0.54503	12.10519	1.03583	1	0.73773	0.56788	12.70038	1.03583	1	-0.00536	-0.01067	0.67428	0.00319	1	0.06081	-0.01529	0.65992	0.00320	1	1.45898	0.81042	0	
1247440	8413.96289	3304939225094	0.41524	0.66135	8413.84277	0.12012	11222	1	0.40312	0.67572	1	0.35394	0.61062	1	0.37853	0.64317	1	0.47481	0.54453	11.86613	1.03583	1	0.73748	0.56809	12.45515	1.03583	1	-0.00536	-0.01067	0.67428	0.00325	1	0.06081	-0.01529	0.65992	0.00308	1	1.45898	0.81042	0	
1247441	8413.96973	3304939291668	0.41350	0.66073	8413.84277	0.12695	11222	1	0.40642	0.68314	1	0.35451	0.61484	1	0.38046	0.64899	1	0.47185	0.54090	10.70078	1.02068	1	0.73541	0.56690	12.62623	1.02834	1	-0.00553	-0.01017	0.65856	0.00232	1	0.06107	-0.01517	0.66759	0.00364	1	1.45898	0.81042	0	
1247442	8413.97656	3304939358878	0.40576	0.65367	8413.84277	0.13379	11222	1	0.24529	0.48427	1	0.25654	0.54041	1	0.25091	0.51234	1	0.47162	0.54096	11.55987	1.01320	1	0.73499	0.56641	13.38247	1.02086	1	-0.00553	-0.01017	0.65856	0.00246	1	0.06107	-0.01517	0.66759	0.00359	1	1.45898	0.81042	0	
1247443	8413.98340	3304939426115	0.40113	0.65137	8413.84277	0.14062	11222	1	0.31719	0.65241	1	0.29066	0.55370	1	0.30393	0.60306	1	0.47284	0.54300	11.87033	1.00572	1	0.73505	0.56639	13.19980	1.01338	1	-0.00553	-0.01017	0.65856	0.00351	1	0.06107	-0.01517	0.66759	0.00361	1	1.45898	0.81042	0	
1247444	8413.99023	3304939493133	0.39691	0.64928	8413.84277	0.14746	11222	1	0.31730	0.65260	1	0.29071	0.55393	1	0.30401	0.60326	1	0.47156	0.54045	10.60247	1.00536	1	0.73466	0.56559	12.66807	1.01302	1	-0.00563	-0.01021	0.66402	0.00245	1	0.06221	-0.01533	0.68121	0.00364	1	1.45898	0.81042	0	
1247445	8413.99609	3304939559483	0.37059	0.62051	8413.84277	0.14746	11222	0	0.25884	0.41833	1	0.32658	0.55912	1	0.29271	0.48872	1	0.47161	0.54033	10.93373	1.02014	1	0.73616	0.56644	13.72781	1.02014	1	-0.00563	-0.01021	0.66402	0.00245	1	0.06221	-0.01533	0.68121	0.00429	1	1.45898	0.81042	0	
1247446	8414.00293	3304939626787	0.33153	0.55737	8413.84277	0.14746	11222	0	0.23611	0.42764	1	0.34885	0.56083	1	0.29248	0.49423	1	0.47131	0.54037	10.90003	1.02727	1	0.73656	0.56656	14.26003	1.02727	1	-0.00563	-0.01021	0.66402	0.00252	1	0.06221	-0.01533	0.68121	0.00404	1	1.45898	0.81042	0	
1247447	8414.00977	3304939694020	0.31742	0.53289	8413.84277	0.14746	11222	0	0.23075	0.41632	1	0.34762	0.55150	1	0.28919	0.48391	1	0.47123	0.54033	10.73916	1.04241	1	0.73509	0.56598	13.13371	1.04241	1	-0.00584	-0.01051	0.68361	0.00252	1	0.06253	-0.01551	0.68468	0.00363	1	1.45898	0.81042	0	
1247448	8414.01660	3304939761035	0.28376	0.47638	8413.84277	0.14746	11222	0	0.22668	0.38121	1	0.31252	0.52081	1	0.26960	0.45101	1	0.47123	0.54019	11.12767	1.05043	1	0.73593	0.56626	14.16563	1.05043	1	-0.00584	-0.01051	0.68361	0.00245	1	0.06253	-0.01551	0.68468	0.00391	1	1.45898	0.81042	0	
1247449	8414.02344	3304939827886	0.27065	0.47036	8413.84277	0.14746	11222	0	0.22804	0.40699	1	0.28704	0.52166	1	0.25754	0.46433	1	0.47128	0.54037	11.01422	1.05845	1	0.73554	0.56643	13.74237	1.05845	1	-0.00584	-0.01051	0.68361	0.00248	1	0.06253	-0.01551	0.68468	0.00382	1	1.45898	0.81042	0	
1247450	8414.03027	3304939894912	0.26563	0.46651	8413.84277	0.14746	11222	0	0.22524	0.40101	1	0.28596	0.51660	1	0.25560	0.45881	1	0.47149	0.54011	10.87716	1.06646	1	0.73577	0.56644	13.91796	1.06646	1	-0.00581	-0.01041	0.68021	0.00245	1	0.06221	-0.01533	0.68121	0.00389	1	1.45898	0.81042	0	
1247451	8414.03613	3304939960145	0.26502	0.46298	8414.01660	0.01953	11223	1	0.22295	0.39178	1	0.30341	0.51299	1	0.26318	0.45239	1	0.47128	0.54034	10.90659	1.06646	1	0.73577	0.56644	13.91796	1.06646	1	-0.00581	-0.01041	0.68021	0.00234	1	0.06221	-0.01533	0.68121	0.00389	1	1.45898	0.81042	0	
1247452	8414.04297	3304940027138	0.26512	0.46205	8414.01660	0.02637	11223	1	0.22687	0.38650	1	0.30421	0.53018	1	0.26554	0.45834	1	0.47132	0.54037	10.47748	1.06646	1	0.73575	0.56655	14.07837	1.06646	1	-0.00581	-0.01041	0.68021	0.00239	1	0.06221	-0.01533	0.68121	0.00376	1	1.45898	0.81042	0	
1247453	8414.04980	3304940091135	0.26550	0.46235	8414.01660	0.03320	11223	1	0.22965	0.39259	1	0.30516	0.53515	1	0.26741	0.46387	1	0.47122	0.54036	11.03575	1.05845	1	0.73474	0.56615	13.03441	1.05845	1	-0.00573	-0.01022	0.66498	0.00233	1	0.06253	-0.01551	0.68468	0.00361	1	1.45898	0.81042	0	
1247454	8414.05566	3304940155746	0.26673	0.46329	8414.01660	0.03906	11223	1	0.22914	0.40610	1	0.31910	0.53174	1	0.27412	0.46892	1	0.47124	0.54028	10.59589	1.05043	1	0.73598	0.56655	14.05230	1.05043	1	-0.00573	-0.01022	0.66498	0.00255	1	0.06253	-0.01551	0.68468	0.00384	1	1.45898	0.81042	0	
1247455	8414.06348	3304940229669	0.26269	0.46087	8414.01660	0.04688	11223	1	0.22579	0.40749	1	0.24299	0.48034	1	0.23439	0.44392	1	0.47124	0.54031	10.68126	1.04241	1	0.73474	0.56582	12.96420	1.04241	1	-0.00573	-0.01022	0.66498	0.00235	1	0.06253	-0.01551	0.68468	0.00358	1	1.45898	0.81042	0	
1247456	8414.07031	3304940297109	0.26000	0.46019	8414.01660	0.05371	11223	1	0.23120	0.41895	1	0.24569	0.49058	1	0.23845	0.45476	1	0.47122	0.54019	10.65098	1.02727	1	0.73453	0.56615	12.40822	1.02727	1	-0.00554	-0.00980	0.63718	0.00246	1	0.06190	-0.01530	0.67777	0.00370	1	1.45898	0.81042	0	
1247457	8414.07715	3304940363729	0.25991	0.46047	8414.01660	0.06055	11223	1	0.24828	0.43290	1	0.26999	0.49298	1	0.25913	0.46294	1	0.47127	0.54037	11.10152	1.02014	1	0.73473	0.56581	13.02430	1.02014	1	-0.00554	-0.00980	0.63718	0.00244	1	0.06190	-0.01530	0.67777	0.00361	1	1.45898	0.81042	0	
1247458	8414.08301	3304940426778	0.26060	0.45672	8414.01660	0.06641	11223	1	0.26000	0.33989	1	0.27487	0.49854	1	0.26744	0.41921	1	0.47121	0.54022	10.68201	1.01302	1	0.73480	0.56578	12.88376	1.01302	1	-0.00554	-0.00980	0.63718	0.00246	1	0.06190	-0.01530	0.67777	0.00361	1	1.45898	0.81042	0	
1247459	8414.08984	3304940498021	0.26117	0.45359	8414.01660	0.07324	11223	1	0.26000	0.33989	1	0.27487	0.49854	1	0.26744	0.41921	1	0.47091	0.54046	10.25762	1.01302	1	0.73466	0.56596	12.59515	1.01302	1	-0.00588	-0.01030	0.67006	0.00237	1	0.06221	-0.01533	0.68121	0.00362	1	1.45898	0.81042	0	
1247460	8414.09668	3304940565258	0.26052	0.45249	8414.01660	0.08008	11223	1	0.24432	0.36300	1	0.26124	0.51546	1	0.25278	0.43923	1	0.47098	0.54045	10.63267	1.02014	1	0.73459	0.56607	12.60595	1.02014	1	-0.00588	-0.01030	0.67006	0.00235	1	0.06221	-0.01533	0.68121	0.00359	1	1.45898	0.81042	0	
1247461	8414.10352	3304940631201	0.25945	0.45053	8414.01660	0.08691	11223	1	0.23541	0.35143	1	0.25559	0.49890	1	0.24550	0.42516	1	0.47091	0.54046	10.25762	1.02727	1	0.73453	0.56597	12.54671	1.02727	1	-0.00588	-0.01030	0.67006	0.00237	1	0.06221	-0.01533	0.68121	0.00364	1	1.45898	0.81042	0	
1247462	8414.11035	3304940698973	0.25826	0.44809	8414.01660	0.09375	11223	1	0.23011	0.33895	1	0.25303	0.48876	1	0.24157	0.41386	1	0.47077	0.54051	10.85931	1.04241	1	0.73467	0.56596	12.59630	1.04241	1	-0.00605	-0.01056	0.68372	0.00236	1	0.06221	-0.01533	0.68121	0.00361	1	1.45898	0.81042	0	
1247463	8414.11719	3304940763956	0.25874	0.44464	8414.01660	0.10059	11223	1	0.24318	0.32425	1	0.28897	0.46157	1	0.26607	0.39291	1	0.47070	0.54043	10.56912	1.05043	1	0.73467	0.56590	12.59186	1.05043	1	-0.00605	-0.01056	0.68372	0.00252	1	0.06221	-0.01533	0.68121	0.00362	1	1.45898	0.81042	0	
1247464	8414.12402	3304940833327	0.25896	0.44153	8414.01660	0.10742	11223	1	0.23915	0.31566	1	0.28554	0.46774	1	0.26235	0.39170	1	0.47072	0.54039	10.78188	1.05845	1	0.73471	0.56597	12.54483	1.05845	1	-0.00605	-0.01056	0.68372	0.00238	1	0.06221	-0.01533	0.68121	0.00358	1	1.45898	0.81042	0	
1247465	8414.13086	3304940899576	0.25901	0.43826	8414.01660	0.11426	11223	1	0.23647	0.30897	1	0.28326	0.45639	1	0.25986	0.38268	1	0.47068	0.54047	10.85221	1.06646	1	0.73479	0.56611	12.61184	1.07514	1	-0.00605	-0.01056	0.68372	0.00244	1	0.06341	-0.01563	0.69486	0.00360	1	1.45898	0.81042	0	
1247466	8414.13672	3304940966981	0.25864	0.43611	8414.01660	0.12012	11223	1	0.23755	0.31935	1	0.26663	0.47570	1	0.25209	0.39753	1	0.47067	0.54052	10.48927	1.07514	1	0.73448	0.56617	13.14637	1.08382	1	-0.00605	-0.01056	0.68372	0.00244	1	0.06341	-0.01563	0.69486	0.00360	1	1.45898	0.81042	0	
1247467	8414.14355	3304941033863	0.25847	0.43332	8414.01660	0.12695	11223	1	0.22759	0.30411	1	0.28271	0.45654	1	0.25515	0.38033	1	0.47054	0.54044	10.57489	1.08382	1	0.73473	0.56608	12.75874	1.09250	1	-0.00605	-0.01056	0.68372	0.00239	1	0.06341	-0.01563	0.69486	0.00361	1	1.45898	0.81042	0	
1247468	8414.15039	3304941100397	0.25826	0.43075	8414.01660	0.13379	11223	1	0.22467	0.29694	1	0.28374	0.46167	1	0.25421	0.37931	1	0.47056	0.54076	10.43004	1.09250	1	0.73428	0.56630	13.54003	1.08485	1	-0.00605	-0.01056	0.68372	0.00241	1	0.06042	-0.01497	0.66318	0.00365	1	1.45898	0.81042	0	
1247469	8414.15723	3304941167934	0.25556	0.40346	8414.01660	0.13379	11223	0	0.21572	0.32241	1	0.26884	0.47845	1	0.24228	0.40043	1	0.47047	0.54083	10.88524	1.08485	1	0.73439	0.56614	13.21054	1.06851	1	-0.00605	-0.01056	0.68372	0.00238	1	0.06042	-0.01497	0.66318	0.00366	1	1.45898	0.81042	0	
1247470	8414.16406	3304941234583	0.25240	0.41473	8414.01660	0.13379	11223	0	0.22898	0.34652	1	0.26951	0.50546	1	0.24924	0.42599	1	0.47063	0.54080	10.48376	1.06851	1	0.73438	0.56626	13.37460	1.05217	1	-0.00605	-0.01056	0.68372	0.00251	1	0.06042	-0.01497	0.66318	0.00363	1	1.45898	0.81042	0	
1247471	8414.17090	3304941301156	0.25287	0.42315	8414.01660	0.13379	11223	0	0.23458	0.35953	1	0.27305	0.52048	1	0.25381	0.44001	1	0.47056	0.54082	10.41463	1.05217	1	0.73438	0.56629	13.40511	1.02902	1	-0.00601	-0.01055	0.67929	0.00251	1	0.05880	-0.01451	0.64497	0.00362	1	1.45898	0.81042	0	
1247472	8414.17773	3304941368315	0.25444	0.42734	8414.15723	0.02051	11224	1	0.23438	0.38112	1	0.28388	0.49871	1	0.25913	0.43991	1	0.47048	0.54090	10.57367	1.02902	1	0.73463	0.56587	12.49342	1.02221	1	-0.00601	-0.01055	0.67929	0.00243	1	0.05880	-0.01451	0.64497	0.00380	1	1.45898	0.81042	0	
1247473	8414.18359	3304941435461	0.25734	0.43356	8414.15723	0.02637	11224	1	0.24468	0.39445	1	0.29324	0.52244	1	0.26896	0.45845	1	0.47062	0.54077	10.40289	1.02221	1	0.73476	0.56620	12.63522	1.01540	1	-0.00601	-0.01055	0.67929	0.00251	1	0.05880	-0.01451	0.64497	0.00361	1	1.45898	0.81042	0	
1247474	8414.19043	3304941499994	0.25939	0.43774	8414.15723	0.03320	11224	1	0.24704	0.39978	1	0.29220	0.51741	1	0.26962	0.45860	1	0.47061	0.54082	10.67307	1.01540	1	0.73479	0.56624	12.71448	1.02306	1	-0.00601	-0.01060	0.67929	0.00236	1	0.06253	-0.01551	0.68468	0.00350	1	1.45898	0.81042	0	
1247475	8414.19727	3304941569874	0.25892	0.43617	8414.15723	0.04004	11224	1	0.23500	0.38163	1	0.27728	0.47190	1	0.25614	0.42677	1	0.47051	0.54088	10.48233	1.02306	1	0.73454	0.56563	12.62610	1.03753	1	-0.00601	-0.01060	0.67929	0.00243	1	0.06253	-0.01551	0.68468	0.00378	1	1.45898	0.81042	0	AUDIO_FILE_OFFSET
1247476	8414.20410	3304941636617	0.25880	0.43573	8414.15723	0.04688	11224	1	0.23623	0.38621	1	0.27960	0.47917	1	0.25792	0.43269	1	0.47060	0.54091	11.43636	1.03753	1	0.73457	0.56582	12.57832	1.05200	1	-0.00601	-0.01060	0.67929	0.00235	1	0.06253	-0.01551	0.68468	0.00364	1	1.45898	0.81042	0	
1247477	8414.21094	3304941703424	0.25831	0.43423	8414.15723	0.05371	11224	1	0.23120	0.37490	1	0.27753	0.46943	1	0.25437	0.42217	1	0.47075	0.54074	10.66034	1.05200	1	0.73460	0.56572	12.44203	1.06646	1	-0.00601	-0.01060	0.67929	0.00242	1	0.06253	-0.01551	0.68468	0.00367	1	1.45898	0.81042	0	
1247478	8414.21777	3304941768816	0.25582	0.43096	8414.15723	0.06055	11224	1	0.23920	0.31708	1	0.22767	0.48609	1	0.23344	0.40159	1	0.47118	0.54055	10.58124	1.06646	1	0.73451	0.56614	12.45213	1.06646	1	-0.00601	-0.01060	0.67929	0.00246	1	0.06253	-0.01551	0.68468	0.00377	1	1.45898	0.81042	0	
1247479	8414.22461	3304941837271	0.25047	0.42952	8414.15723	0.06738	11224	1	0.20037	0.34484	1	0.19368	0.48543	1	0.19703	0.41513	1	0.47132	0.54072	9.78904	1.06646	1	0.73478	0.56629	12.49542	1.06646	1	-0.00601	-0.01060	0.67929	0.00242	1	0.06253	-0.01551	0.68468	0.00362	1	1.45898	0.81042	0	
1247480	8414.23047	3304941900263	0.24609	0.42853	8414.15723	0.07324	11224	1	0.20037	0.34484	1	0.19536	0.49043	1	0.19787	0.41764	1	0.47492	0.54283	11.24479	1.06646	1	0.73838	0.56597	12.79740	1.05880	1	-0.00556	-0.01047	0.67423	0.00352	1	0.06008	-0.01484	0.65305	0.00328	1	1.45898	0.81042	0	
1247481	8414.23730	3304941966664	0.25164	0.43672	8414.15723	0.08008	11224	1	0.32422	0.55793	1	0.31229	0.51212	1	0.31825	0.53502	1	0.47564	0.54332	11.92112	1.05880	1	0.73905	0.56641	13.59551	1.05114	1	-0.00556	-0.01047	0.67423	0.00356	1	0.06008	-0.01484	0.65305	0.00348	1	1.45898	0.81042	0	STOP_TRIAL
1247783	8416.26074	3304962201156	0.57510	0.70875	8415.94531	0.31543	11231	1	0.61306	0.70061	1	0.53630	0.74908	1	0.57468	0.72484	1	0.48125	0.54652	10.85622	1.02781	1	0.74369	0.57041	12.29861	1.02781	1	-0.00479	-0.01078	0.65928	0.00296	1	0.06038	-0.01511	0.64997	0.00294	1	1.45898	0.81042	0	START_TRIAL
1247784	8416.26758	3304962267452	0.57567	0.70899	8415.94531	0.32227	11231	1	0.61651	0.70158	1	0.53998	0.74621	1	0.57824	0.72390	1	0.48126	0.54699	11.05786	1.01979	1	0.74369	0.57042	12.28540	1.01979	1	-0.00479	-0.01078	0.65928	0.00274	1	0.06038	-0.01511	0.64997	0.00293	1	1.45898	0.81042	0	
1247785	8416.27344	3304962334130	0.57613	0.70852	8415.94531	0.32812	11231	1	0.61586	0.68692	1	0.54005	0.75126	1	0.57795	0.71909	1	0.48119	0.54692	10.79186	1.01178	1	0.74372	0.57041	12.29952	1.01178	1	-0.00479	-0.01078	0.65928	0.00276	1	0.06038	-0.01511	0.64997	0.00292	1	1.45898	0.81042	0	
1247786	8416.28027	3304962401432	0.57658	0.70812	8415.94531	0.33496	11231	1	0.61609	0.69080	1	0.53923	0.75485	1	0.57766	0.72283	1	0.48105	0.54707	11.24247	1.00376	1	0.74363	0.57040	12.09914	1.00376	1	-0.00479	-0.01078	0.65928	0.00276	1	0.06038	-0.01516	0.64997	0.00296	1	1.45898	0.81042	0	
1247787	8416.28711	3304962467644	0.57693	0.70789	8415.94531	0.34180	11231	1	0.61327	0.69471	1	0.53549	0.76088	1	0.57438	0.72780	1	0.48114	0.54699	10.88653	1.00376	1	0.74367	0.57048	12.37786	1.00376	1	-0.00479	-0.01078	0.65928	0.00304	1	0.06038	-0.01516	0.64997	0.00294	1	1.45898	0.81042	0	
1247788	8416.29395	3304962534647	0.57716	0.70737	8415.94531	0.34863	11231	1	0.61302	0.72047	1	0.53020	0.74826	1	0.57161	0.73437	1	0.48111	0.54720	11.15106	1.00376	1	0.74361	0.57043	12.16233	1.00376	1	-0.00479	-0.01078	0.65928	0.00293	1	0.06038	-0.01516	0.64997	0.00297	1	1.45898	0.81042	0	
1247789	8416.30078	3304962602154	0.57738	0.70689	8415.94531	0.35547	11231	1	0.61277	0.71684	1	0.53095	0.74462	1	0.57186	0.73073	1	0.48125	0.54711	10.98043	1.01178	1	0.74377	0.57076	11.77333	1.01178	1	-0.00489	-0.01110	0.67866	0.00303	1	0.06038	-0.01516	0.64997	0.00298	1	1.45898	0.81042	0	
1247790	8416.30762	3304962668813	0.57675	0.70656	8415.94531	0.36230	11231	1	0.60871	0.67800	1	0.52216	0.79517	1	0.56543	0.73659	1	0.48119	0.54667	10.81182	1.01979	1	0.74334	0.57095	12.22307	1.01979	1	-0.00489	-0.01110	0.67866	0.00320	1	0.06038	-0.01516	0.64997	0.00304	1	1.45898	0.81042	0	
1247791	8416.31445	3304962735781	0.57644	0.70723	8415.94531	0.36914	11231	1	0.61625	0.66959	1	0.55246	0.81338	1	0.58435	0.74148	1	0.48118	0.54671	10.83346	1.02781	1	0.74387	0.57109	12.34501	1.02781	1	-0.00489	-0.01110	0.67866	0.00318	1	0.06038	-0.01516	0.64997	0.00294	1	1.45898	0.81042	0	
1247792	8416.32031	3304962802944	0.57611	0.70798	8415.94531	0.37500	11231	1	0.61602	0.66564	1	0.55336	0.81033	1	0.58469	0.73798	1	0.48111	0.54690	11.05940	1.03583	1	0.74364	0.57123	12.56442	1.03583	1	-0.00489	-0.01110	0.67866	0.00313	1	0.06038	-0.01516	0.64997	0.00292	1	1.45898	0.81042	0	
1247793	8416.32715	3304962870048	0.57536	0.70941	8415.94531	0.38184	11231	1	0.60680	0.69472	1	0.54270	0.81302	1	0.57475	0.75387	1	0.48111	0.54690	11.05940	1.03583	1	0.74373	0.57136	12.40985	1.03583	1	-0.00489	-0.01110	0.67866	0.00313	1	0.06038	-0.01516	0.64997	0.00307	1	1.45898	0.81042	0	
1247794	8416.33398	3304962936740	0.57488	0.71105	8415.94531	0.38867	11231	1	0.61519	0.71607	1	0.54257	0.83724	1	0.57888	0.77665	1	0.48109	0.54715	11.09048	1.03583	1	0.74373	0.57147	12.96611	1.03583	1	-0.00489	-0.01110	0.67866	0.00304	1	0.06038	-0.01516	0.64997	0.00302	1	1.45898	0.81042	0	
1247795	8416.34082	3304963003565	0.57650	0.74053	8415.94531	0.38867	11231	0	0.61542	0.71963	1	0.54105	0.84248	1	0.57823	0.78105	1	0.48107	0.54716	11.11289	1.02781	1	0.74371	0.57134	12.35503	1.02100	1	-0.00467	-0.01073	0.65627	0.00306	1	0.05856	-0.01469	0.62985	0.00299	1	1.45898	0.81042	0	
1247796	8416.34766	3304963070589	0.57286	0.74930	8415.94531	0.38867	11231	0	0.61211	0.68571	1	0.52631	0.83042	1	0.56921	0.75807	1	0.48118	0.54736	11.02852	1.01298	1	0.74361	0.57128	12.04472	1.00618	1	-0.00467	-0.01073	0.65627	0.00307	1	0.05856	-0.01469	0.62985	0.00296	1	1.45898	0.81042	0	
1247797	8416.35449	3304963138260	0.57181	0.74773	8415.94531	0.38867	11231	0	0.61051	0.69629	1	0.52892	0.79288	1	0.56971	0.74459	1	0.48114	0.54732	11.42027	0.99816	1	0.74365	0.57139	12.18095	0.99135	1	-0.00467	-0.01073	0.65627	0.00294	1	0.05856	-0.01469	0.62985	0.00294	1	1.45898	0.81042	0	
1247798	8416.36133	3304963204921	0.57135	0.74785	8416.34082	0.02051	11232	1	0.61102	0.70342	1	0.52889	0.79302	1	0.56995	0.74822	1	0.48150	0.54729	10.48546	0.98333	1	0.74412	0.57162	11.95441	0.99099	1	-0.00467	-0.01073	0.65627	0.00303	1	0.06291	-0.01576	0.67556	0.00290	1	1.45898	0.81042	0	
1247799	8416.36719	3304963270592	0.57492	0.74899	8416.34082	0.02637	11232	1	0.63213	0.70463	1	0.54627	0.80248	1	0.58920	0.75355	1	0.48150	0.54729	10.48546	0.99099	1	0.74405	0.57137	11.92713	1.00546	1	-0.00467	-0.01073	0.65627	0.00303	1	0.06291	-0.01576	0.67556	0.00302	1	1.45898	0.81042	0	
1247800	8416.37402	3304963336869	0.57909	0.74573	8416.34082	0.03320	11232	1	0.63829	0.66353	1	0.56167	0.79535	1	0.59998	0.72944	1	0.48165	0.54714	10.04072	1.00546	1	0.74414	0.57144	11.94400	1.01993	1	-0.00467	-0.01073	0.65627	0.00311	1	0.06291	-0.01576	0.67556	0.00299	1	1.45898	0.81042	0	
1247801	8416.38086	3304963406323	0.58226	0.74194	8416.34082	0.04004	11232	1	0.63810	0.65210	1	0.56442	0.78631	1	0.60126	0.71920	1	0.48159	0.54705	10.05907	1.02795	1	0.74424	0.57166	11.89206	1.04241	1	-0.00473	-0.01098	0.67127	0.00301	1	0.06349	-0.01595	0.68173	0.00299	1	1.45898	0.81042	0	
1247802	8416.38770	3304963473910	0.57946	0.74012	8416.34082	0.04688	11232	1	0.57735	0.65119	1	0.54236	0.80358	1	0.55986	0.72739	1	0.48137	0.54712	10.41763	1.05043	1	0.74448	0.57162	11.84574	1.05043	1	-0.00473	-0.01098	0.67127	0.00312	1	0.06349	-0.01595	0.68173	0.00294	1	1.45898	0.81042	0	
1247803	8416.39453	3304963541444	0.57511	0.74083	8416.34082	0.05371	11232	1	0.57816	0.70086	1	0.50254	0.79209	1	0.54035	0.74647	1	0.48134	0.54742	10.48781	1.05845	1	0.74387	0.57154	11.77205	1.05845	1	-0.00473	-0.01098	0.67127	0.00301	1	0.06349	-0.01595	0.68173	0.00309	1	1.45898	0.81042	0	
1247804	8416.40137	3304963606776	0.57161	0.74154	8416.34082	0.06055	11232	1	0.57816	0.70086	1	0.50206	0.79506	1	0.54011	0.74796	1	0.48138	0.54752	10.64540	1.05845	1	0.74438	0.57139	11.94682	1.05079	1	-0.00457	-0.01072	0.65593	0.00301	1	0.06133	-0.01540	0.65805	0.00310	1	1.45898	0.81042	0	
1247805	8416.40820	3304963673493	0.56968	0.73715	8416.34082	0.06738	11232	1	0.59347	0.66758	1	0.50730	0.71887	1	0.55039	0.69322	1	0.48172	0.54730	10.06065	1.04277	1	0.74401	0.57129	11.69128	1.03511	1	-0.00457	-0.01072	0.65593	0.00304	1	0.06133	-0.01540	0.65805	0.00319	1	1.45898	0.81042	0	
1247806	8416.41406	3304963740602	0.57126	0.73464	8416.34082	0.07324	11232	1	0.61755	0.67868	1	0.55968	0.73546	1	0.58862	0.70707	1	0.48135	0.54762	10.44741	1.02709	1	0.74403	0.57152	11.98377	1.01944	1	-0.00457	-0.01072	0.65593	0.00299	1	0.06133	-0.01540	0.65805	0.00301	1	1.45898	0.81042	0	
1247807	8416.42090	3304963807665	0.57254	0.73292	8416.34082	0.08008	11232	1	0.61776	0.68239	1	0.55795	0.74213	1	0.58785	0.71226	1	0.47949	0.54757	10.58079	1.01944	1	0.74254	0.57016	11.00955	1.00497	1	-0.00498	-0.01108	0.67798	0.00303	1	0.05896	-0.01489	0.63620	0.00309	1	1.45898	0.81042	0	
1247808	8416.42773	3304963874499	0.57236	0.73213	8416.34082	0.08691	11232	1	0.59397	0.69647	1	0.54602	0.74734	1	0.57000	0.72191	1	0.47931	0.54712	10.30957	1.01298	1	0.74230	0.57032	11.90910	1.00618	1	-0.00498	-0.01108	0.67798	0.00269	1	0.05896	-0.01489	0.63620	0.00286	1	1.45898	0.81042	0	
1247809	8416.43457	3304963941560	0.57515	0.73156	8416.34082	0.09375	11232	1	0.64452	0.71127	1	0.58393	0.73583	1	0.61422	0.72355	1	0.47934	0.54704	10.23110	1.01419	1	0.74219	0.57021	11.97333	1.00738	1	-0.00498	-0.01108	0.67798	0.00262	1	0.05896	-0.01489	0.63620	0.00280	1	1.45898	0.81042	0	
1247810	8416.44141	3304964009005	0.57763	0.73093	8416.34082	0.10059	11232	1	0.64451	0.71072	1	0.58509	0.73208	1	0.61480	0.72140	1	0.47604	0.54721	10.50613	1.01540	1	0.73841	0.56940	11.37539	1.01540	1	-0.00556	-0.01087	0.67422	0.00294	1	0.06088	-0.01536	0.66281	0.00316	1	1.45898	0.81042	0	
1247811	8416.44824	3304964075651	0.56903	0.72809	8416.34082	0.10742	11232	1	0.46094	0.70641	1	0.40214	0.65913	1	0.43154	0.68277	1	0.47569	0.54672	10.71181	1.01540	1	0.73786	0.56962	10.59111	1.02221	1	-0.00556	-0.01087	0.67422	0.00297	1	0.06088	-0.01536	0.66281	0.00311	1	1.45898	0.81042	0	
1247812	8416.45508	3304964142498	0.56185	0.72406	8416.34082	0.11426	11232	1	0.45691	0.68083	1	0.42267	0.63002	1	0.43979	0.65542	1	0.47556	0.54660	10.96661	1.02221	1	0.73777	0.56939	11.04256	1.02902	1	-0.00556	-0.01087	0.67422	0.00293	1	0.06088	-0.01536	0.66281	0.00308	1	1.45898	0.81042	0	
1247813	8416.46191	3304964209434	0.55539	0.72026	8416.34082	0.12109	11232	1	0.45574	0.67750	1	0.42259	0.62625	1	0.43916	0.65188	1	0.47530	0.54679	10.50283	1.02902	1	0.73727	0.56941	11.40853	1.03583	1	-0.00566	-0.01088	0.67443	0.00299	1	0.06023	-0.01525	0.65793	0.00312	1	1.45898	0.81042	0	
1247814	8416.46777	3304964276373	0.52730	0.70294	8416.34082	0.12109	11232	0	0.45040	0.70394	1	0.37120	0.63885	1	0.41080	0.67139	1	0.47541	0.54689	10.55052	1.03583	1	0.73727	0.56950	11.56569	1.03583	1	-0.00566	-0.01088	0.67443	0.00302	1	0.06023	-0.01525	0.65793	0.00314	1	1.45898	0.81042	0	
1247815	8416.47461	3304964343469	0.45980	0.68134	8416.34082	0.12109	11232	0	0.44307	0.69466	1	0.34154	0.62481	1	0.39230	0.65974	1	0.47538	0.54678	10.47518	1.03583	1	0.73724	0.56931	11.42514	1.03583	1	-0.00566	-0.01088	0.67443	0.00314	1	0.06023	-0.01525	0.65793	0.00318	1	1.45898	0.81042	0	
1247816	8416.48145	3304964408029	0.43755	0.67480	8416.34082	0.12109	11232	0	0.44453	0.69843	1	0.34157	0.62500	1	0.39305	0.66172	1	0.47537	0.54680	10.68885	1.02781	1	0.73722	0.56944	11.63962	1.03547	1	-0.00548	-0.01062	0.65884	0.00299	1	0.06145	-0.01554	0.67062	0.00314	1	1.45898	0.81042	0	
1247817	8416.48828	3304964477393	0.39540	0.66086	8416.34082	0.12109	11232	0	0.45904	0.68449	1	0.34267	0.63778	1	0.40085	0.66114	1	0.47554	0.54669	10.48183	1.02745	1	0.73725	0.56957	11.72119	1.03511	1	-0.00548	-0.01062	0.65884	0.00299	1	0.06145	-0.01554	0.67062	0.00307	1	1.45898	0.81042	0	
1247818	8416.49512	3304964544322	0.39351	0.66611	8416.34082	0.12109	11232	0	0.44051	0.70475	1	0.34270	0.63798	1	0.39161	0.67136	1	0.47534	0.54687	10.66529	1.02709	1	0.73723	0.56949	11.69603	1.03475	1	-0.00548	-0.01062	0.65884	0.00296	1	0.06145	-0.01554	0.67062	0.00308	1	1.45898	0.81042	0	
1247819	8416.50195	3304964611830	0.39289	0.66792	8416.34082	0.12109	11232	0	0.44058	0.70492	1	0.34273	0.63817	1	0.39166	0.67154	1	0.47531	0.54668	10.35278	1.02674	1	0.73726	0.56899	10.61370	1.03440	1	-0.00548	-0.01062	0.65884	0.00297	1	0.06145	-0.01554	0.67062	0.00338	1	1.45898	0.81042	0	
1247820	8416.50879	3304964678615	0.39689	0.66321	8416.48828	0.02051	11233	1	0.44923	0.72214	1	0.36852	0.57597	1	0.40887	0.64905	1	0.47547	0.54711	10.31147	1.03440	1	0.73766	0.56883	10.32624	1.03440	1	-0.00548	-0.01062	0.65884	0.00304	1	0.06145	-0.01554	0.67062	0.00343	1	1.45898	0.81042	0	
1247821	8416.51465	3304964745240	0.39773	0.66250	8416.48828	0.02637	11233	1	0.44400	0.69763	1	0.35826	0.62169	1	0.40113	0.65966	1	0.47539	0.54677	9.92030	1.03440	1	0.73742	0.56919	10.23525	1.03440	1	-0.00548	-0.01062	0.65884	0.00299	1	0.06145	-0.01554	0.67062	0.00325	1	1.45898	0.81042	0	
1247822	8416.52148	3304964811234	0.39813	0.66134	8416.48828	0.03320	11233	1	0.44254	0.69388	1	0.35768	0.61724	1	0.40011	0.65556	1	0.47525	0.54668	10.14132	1.04241	1	0.73776	0.56947	10.66287	1.04241	1	-0.00566	-0.01088	0.67443	0.00296	1	0.06145	-0.01554	0.67062	0.00318	1	1.45898	0.81042	0	
1247823	8416.52832	3304964879193	0.39864	0.65831	8416.48828	0.04004	11233	1	0.45192	0.67320	1	0.35154	0.60701	1	0.40173	0.64010	1	0.47550	0.54657	10.37751	1.05043	1	0.73744	0.56942	11.55871	1.05043	1	-0.00566	-0.01088	0.67443	0.00302	1	0.06145	-0.01554	0.67062	0.00299	1	1.45898	0.81042	0	
1247824	8416.53516	3304964946887	0.39844	0.65954	8416.48828	0.04688	11233	1	0.43068	0.69474	1	0.36342	0.64159	1	0.39705	0.66816	1	0.47522	0.54699	10.24013	1.05845	1	0.73757	0.56940	10.54710	1.05845	1	-0.00566	-0.01088	0.67443	0.00299	1	0.06145	-0.01554	0.67062	0.00316	1	1.45898	0.81042	0	
1247825	8416.54199	3304965015069	0.39829	0.66050	8416.48828	0.05371	11233	1	0.43068	0.69474	1	0.36342	0.64159	1	0.39705	0.66816	1	0.47547	0.54689	10.79232	1.05845	1	0.73744	0.56933	10.23843	1.05845	1	-0.00548	-0.01062	0.65884	0.00296	1	0.06145	-0.01554	0.67062	0.00313	1	1.45898	0.81042	0	
1247826	8416.54883	3304965080217	0.39793	0.65857	8416.48828	0.06055	11233	1	0.43112	0.68054	1	0.35818	0.60192	1	0.39465	0.64123	1	0.47526	0.54652	9.83486	1.05043	1	0.73749	0.56929	10.44240	1.05043	1	-0.00548	-0.01062	0.65884	0.00302	1	0.06145	-0.01554	0.67062	0.00310	1	1.45898	0.81042	0	
1247827	8416.55566	3304965147486	0.39703	0.65838	8416.48828	0.06738	11233	1	0.42374	0.69622	1	0.35250	0.61683	1	0.38812	0.65652	1	0.47515	0.54668	9.83010	1.04241	1	0.73744	0.56935	10.26307	1.04241	1	-0.00548	-0.01062	0.65884	0.00309	1	0.06145	-0.01554	0.67062	0.00312	1	1.45898	0.81042	0	
1247828	8416.56152	3304965214124	0.39629	0.65823	8416.48828	0.07324	11233	1	0.42374	0.69622	1	0.35250	0.61683	1	0.38812	0.65652	1	0.47521	0.54688	9.87635	1.04241	1	0.73766	0.56936	10.45212	1.04241	1	-0.00566	-0.01088	0.67443	0.00301	1	0.06145	-0.01554	0.67062	0.00333	1	1.45898	0.81042	0	
1247829	8416.56836	3304965281749	0.39584	0.65990	8416.48828	0.08008	11233	1	0.42379	0.69668	1	0.35703	0.66327	1	0.39041	0.67998	1	0.47516	0.54703	10.15336	1.05043	1	0.73747	0.56950	11.12067	1.05043	1	-0.00566	-0.01088	0.67443	0.00300	1	0.06145	-0.01554	0.67062	0.00313	1	1.45898	0.81042	0	
1247830	8416.57520	3304965349023	0.39550	0.66123	8416.48828	0.08691	11233	1	0.42902	0.71482	1	0.35313	0.64224	1	0.39107	0.67853	1	0.47524	0.54716	10.18423	1.05845	1	0.73737	0.56928	11.11956	1.05845	1	-0.00566	-0.01088	0.67443	0.00303	1	0.06145	-0.01554	0.67062	0.00330	1	1.45898	0.81042	0	
1247831	8416.58203	3304965415566	0.39513	0.66213	8416.48828	0.09375	11233	1	0.42748	0.71128	1	0.35253	0.63805	1	0.39001	0.67467	1	0.47527	0.54713	10.12856	1.06646	1	0.73727	0.56912	11.08028	1.06646	1	-0.00566	-0.01088	0.67443	0.00303	1	0.06145	-0.01554	0.67062	0.00335	1	1.45898	0.81042	0	
1247832	8416.58887	3304965483513	0.39455	0.66226	8416.48828	0.10059	11233	1	0.43697	0.69210	1	0.33468	0.63626	1	0.38583	0.66418	1	0.47534	0.54683	10.56891	1.06646	1	0.73721	0.56916	11.25368	1.06646	1	-0.00566	-0.01088	0.67443	0.00310	1	0.06145	-0.01554	0.67062	0.00330	1	1.45898	0.81042	0	
1247833	8416.59570	3304965549289	0.39411	0.66323	8416.48828	0.10742	11233	1	0.42637	0.73195	1	0.34769	0.62559	1	0.38703	0.67877	1	0.47510	0.54723	10.48170	1.06646	1	0.73740	0.56957	11.57976	1.06646	1	-0.00566	-0.01088	0.67443	0.00308	1	0.06145	-0.01554	0.67062	0.00312	1	1.45898	0.81042	0	
1247834	8416.60254	3304965616277	0.39372	0.66409	8416.48828	0.11426	11233	1	0.42637	0.73195	1	0.34769	0.62559	1	0.38703	0.67877	1	0.47480	0.54703	10.46964	1.06646	1	0.73737	0.56952	11.43802	1.06646	1	-0.00566	-0.01088	0.67443	0.00310	1	0.06145	-0.01554	0.67062	0.00314	1	1.45898	0.81042	0	
1247835	8416.60840	3304965683314	0.39321	0.66421	8416.48828	0.12012	11233	1	0.43509	0.70303	1	0.33304	0.62951	1	0.38407	0.66627	1	0.47494	0.54704	10.13585	1.06646	1	0.73728	0.56907	10.91663	1.06646	1	-0.00566	-0.01088	0.67443	0.00306	1	0.06145	-0.01554	0.67062	0.00335	1	1.45898	0.81042	0	
1247836	8416.61523	3304965750069	0.39341	0.66484	8416.48828	0.12695	11233	1	0.44101	0.68431	1	0.35350	0.66938	1	0.39725	0.67685	1	0.47502	0.54687	10.05249	1.06646	1	0.73747	0.56949	11.18562	1.06646	1	-0.00566	-0.01088	0.67443	0.00305	1	0.06145	-0.01554	0.67062	0.00313	1	1.45898	0.81042	0	
1247837	8416.62207	3304965816905	0.39359	0.66541	8416.48828	0.13379	11233	1	0.44101	0.68431	1	0.35350	0.66938	1	0.39725	0.67685	1	0.47462	0.54702	10.85309	1.06646	1	0.73734	0.56932	11.30636	1.06646	1	-0.00566	-0.01088	0.67443	0.00298	1	0.06248	-0.01575	0.68191	0.00319	1	1.45898	0.81042	0	
1247838	8416.62891	3304965884389	0.39379	0.66528	8416.48828	0.14062	11233	1	0.41346	0.65460	1	0.38246	0.67045	1	0.39796	0.66253	1	0.47461	0.54648	10.37483	1.06646	1	0.73716	0.56913	11.51121	1.06646	1	-0.00566	-0.01088	0.67443	0.00312	1	0.06248	-0.01575	0.68191	0.00295	1	1.45898	0.81042	0	
1247839	8416.63574	3304965951574	0.39450	0.66535	8416.48828	0.14746	11233	1	0.44448	0.67776	1	0.37580	0.65598	1	0.41014	0.66687	1	0.47469	0.54627	10.15021	1.06646	1	0.73667	0.56882	10.97973	1.06646	1	-0.00566	-0.01088	0.67443	0.00287	1	0.06248	-0.01575	0.68191	0.00292	1	1.45898	0.81042	0	
1247840	8416.64258	3304966017509	0.39515	0.66541	8416.48828	0.15430	11233	1	0.44448	0.67776	1	0.37580	0.65598	1	0.41014	0.66687	1	0.47142	0.54278	8.53689	1.06646	1	0.73490	0.56745	11.29619	1.06646	1	-0.00601	-0.01070	0.67928	0.00228	1	0.06207	-0.01549	0.68184	0.00356	1	1.45898	0.81042	0	
1247841	8416.64844	3304966083857	0.39383	0.66509	8416.48828	0.16016	11233	1	0.37243	0.74227	1	0.35191	0.57234	1	0.36217	0.65731	1	0.47285	0.54539	9.83935	1.06646	1	0.73511	0.56708	11.66117	1.06646	1	-0.00601	-0.01070	0.67928	0.00330	1	0.06207	-0.01549	0.68184	0.00326	1	1.45898	0.81042	0	
1247842	8416.65527	3304966148215	0.39238	0.66492	8416.48828	0.16699	11233	1	0.36265	0.70881	1	0.34918	0.61264	1	0.35592	0.66073	1	0.47275	0.54502	10.46249	1.06646	1	0.73501	0.56683	11.05452	1.06646	1	-0.00601	-0.01070	0.67928	0.00316	1	0.06207	-0.01549	0.68184	0.00313	1	1.45898	0.81042	0	
1247843	8416.66211	3304966217768	0.39103	0.66476	8416.48828	0.17383	11233	1	0.36265	0.70881	1	0.34918	0.61264	1	0.35592	0.66073	1	0.47026	0.54089	9.23667	1.06646	1	0.73318	0.56666	11.79336	1.06646	1	-0.00634	-0.01076	0.69338	0.00219	1	0.06116	-0.01512	0.67413	0.00381	1	1.45898	0.81042	0	
1247844	8416.66895	3304966281145	0.38631	0.65725	8416.48828	0.18066	11233	1	0.25388	0.40161	1	0.26432	0.50699	1	0.25910	0.45430	1	0.47025	0.54098	9.47569	1.06646	1	0.73328	0.56577	11.59419	1.06646	1	-0.00634	-0.01076	0.69338	0.00229	1	0.06116	-0.01512	0.67413	0.00363	1	1.45898	0.81042	0	
1247845	8416.67578	3304966349850	0.36491	0.63123	8416.48828	0.18066	11233	0	0.25777	0.40490	1	0.26627	0.48845	1	0.26202	0.44667	1	0.47017	0.54095	9.37241	1.06646	1	0.73326	0.56516	11.54591	1.06646	1	-0.00634	-0.01076	0.69338	0.00224	1	0.06116	-0.01512	0.67413	0.00366	1	1.45898	0.81042	0	
1247846	8416.68262	3304966417141	0.31347	0.53895	8416.48828	0.18066	11233	0	0.25777	0.40490	1	0.26627	0.48845	1	0.26202	0.44667	1	0.46998	0.54064	9.21166	1.06646	1	0.73320	0.56584	11.66722	1.06646	1	-0.00634	-0.01066	0.69338	0.00209	1	0.06116	-0.01512	0.67413	0.00369	1	1.45898	0.81042	0	
1247847	8416.68945	3304966485415	0.29620	0.50539	8416.48828	0.18066	11233	0	0.23974	0.38342	1	0.28361	0.49314	1	0.26168	0.43828	1	0.47008	0.54064	9.75021	1.06646	1	0.73349	0.56528	11.26338	1.06646	1	-0.00634	-0.01066	0.69338	0.00210	1	0.06116	-0.01512	0.67413	0.00359	1	1.45898	0.81042	0	
1247848	8416.69531	3304966549282	0.26070	0.44677	8416.48828	0.18066	11233	0	0.24029	0.38246	1	0.27651	0.52828	1	0.25840	0.45537	1	0.47005	0.54067	9.84172	1.06646	1	0.73342	0.56570	11.61512	1.06646	1	-0.00634	-0.01066	0.69338	0.00206	1	0.06116	-0.01512	0.67413	0.00359	1	1.45898	0.81042	0	
1247849	8416.70215	3304966615967	0.25955	0.45107	8416.48828	0.18066	11233	0	0.24029	0.38246	1	0.27651	0.52828	1	0.25840	0.45537	1	0.46978	0.54054	9.47506	1.06646	1	0.73349	0.56594	11.64068	1.06646	1	-0.00634	-0.01071	0.69338	0.00223	1	0.06116	-0.01512	0.67413	0.00341	1	1.45898	0.81042	0	
1247850	8416.70898	3304966685466	0.25561	0.45502	8416.48828	0.18066	11233	0	0.21439	0.38326	1	0.28104	0.54255	1	0.24772	0.46291	1	0.46965	0.54075	9.60654	1.06646	1	0.73350	0.56582	11.38017	1.06646	1	-0.00634	-0.01071	0.69338	0.00222	1	0.06116	-0.01512	0.67413	0.00344	1	1.45898	0.81042	0	
1247851	8416.71582	3304966754421	0.25204	0.45645	8416.69531	0.02051	11234	1	0.22026	0.36616	1	0.26242	0.55532	1	0.24134	0.46074	1	0.46971	0.54049	9.31637	1.06646	1	0.73328	0.56598	11.55198	1.06646	1	-0.00634	-0.01071	0.69338	0.00222	1	0.06116	-0.01512	0.67413	0.00346	1	1.45898	0.81042	0	
1247852	8416.72266	3304966821631	0.25067	0.45939	8416.69531	0.02734	11234	1	0.22558	0.37797	1	0.26481	0.56431	1	0.24520	0.47114	1	0.46983	0.54051	9.42653	1.05132	1	0.73363	0.56578	11.69112	1.05132	1	-0.00596	-0.00990	0.64053	0.00210	1	0.06116	-0.01512	0.67413	0.00341	1	1.45898	0.81042	0	
1247853	8416.72949	3304966888049	0.25348	0.46337	8416.69531	0.03418	11234	1	0.24622	0.39430	1	0.28888	0.57230	1	0.26755	0.48330	1	0.46992	0.54068	9.22728	1.03618	1	0.73355	0.56578	11.64183	1.03618	1	-0.00596	-0.00990	0.64053	0.00210	1	0.06116	-0.01512	0.67413	0.00351	1	1.45898	0.81042	0	
1247854	8416.73633	3304966955353	0.25394	0.46632	8416.69531	0.04102	11234	1	0.23385	0.40908	1	0.27947	0.55890	1	0.25666	0.48399	1	0.46978	0.54065	9.50986	1.02104	1	0.73347	0.56554	11.19800	1.02104	1	-0.00596	-0.00990	0.64053	0.00215	1	0.06116	-0.01512	0.67413	0.00342	1	1.45898	0.81042	0	
1247855	8416.74316	3304967023094	0.25453	0.46922	8416.69531	0.04785	11234	1	0.23671	0.41526	1	0.28066	0.56385	1	0.25869	0.48955	1	0.46969	0.54064	9.50642	1.01302	1	0.73358	0.56570	11.68370	1.01302	1	-0.00622	-0.01026	0.66382	0.00215	1	0.06116	-0.01512	0.67413	0.00349	1	1.45898	0.81042	0	
1247856	8416.74902	3304967089490	0.25493	0.47137	8416.69531	0.05371	11234	1	0.23720	0.41125	1	0.27911	0.56592	1	0.25815	0.48859	1	0.46966	0.54064	9.53754	1.02014	1	0.73344	0.56569	11.23917	1.02014	1	-0.00622	-0.01026	0.66382	0.00213	1	0.06116	-0.01512	0.67413	0.00350	1	1.45898	0.81042	0	
1247857	8416.75586	3304967156411	0.25704	0.47280	8416.69531	0.06055	11234	1	0.26147	0.41708	1	0.29058	0.55415	1	0.27603	0.48562	1	0.46978	0.54071	9.53135	1.02727	1	0.73357	0.56551	11.58759	1.02727	1	-0.00622	-0.01026	0.66382	0.00206	1	0.06116	-0.01512	0.67413	0.00343	1	1.45898	0.81042	0	
1247858	8416.76270	3304967223583	0.25845	0.47302	8416.69531	0.06738	11234	1	0.25645	0.40562	1	0.28852	0.54478	1	0.27248	0.47520	1	0.46960	0.54054	9.81361	1.04241	1	0.73345	0.56546	11.11516	1.04241	1	-0.00646	-0.01057	0.68384	0.00212	1	0.06098	-0.01500	0.67318	0.00348	1	1.45898	0.81042	0	
1247859	8416.76953	3304967288079	0.26001	0.46979	8416.69531	0.07422	11234	1	0.24906	0.35979	1	0.30542	0.50876	1	0.27724	0.43428	1	0.46962	0.54033	9.98024	1.05043	1	0.73349	0.56530	10.91127	1.05043	1	-0.00646	-0.01057	0.68384	0.00218	1	0.06098	-0.01500	0.67318	0.00346	1	1.45898	0.81042	0	
1247860	8416.77637	3304967358125	0.26243	0.46707	8416.69531	0.08105	11234	1	0.25778	0.35099	1	0.32503	0.51787	1	0.29140	0.43443	1	0.46960	0.54043	9.64070	1.05845	1	0.73376	0.56545	11.60431	1.05845	1	-0.00646	-0.01057	0.68384	0.00214	1	0.06098	-0.01500	0.67318	0.00345	1	1.45898	0.81042	0	
1247861	8416.78320	3304967424464	0.26440	0.46450	8416.69531	0.08789	11234	1	0.25520	0.34459	1	0.32499	0.51764	1	0.29010	0.43112	1	0.46967	0.54034	9.64209	1.06646	1	0.73317	0.56498	10.36758	1.05880	1	-0.00646	-0.01057	0.68384	0.00214	1	0.05993	-0.01465	0.66222	0.00361	1	1.45898	0.81042	0	
1247862	8416.79004	3304967491622	0.26501	0.46277	8416.69531	0.09473	11234	1	0.25803	0.35005	1	0.28909	0.52703	1	0.27356	0.43854	1	0.46954	0.54035	9.66870	1.05880	1	0.73314	0.56547	10.83920	1.05114	1	-0.00646	-0.01057	0.68384	0.00222	1	0.05993	-0.01465	0.66222	0.00346	1	1.45898	0.81042	0	
1247863	8416.79590	3304967556947	0.26519	0.46122	8416.69531	0.10059	11234	1	0.27951	0.38710	1	0.25621	0.48874	1	0.26786	0.43792	1	0.46962	0.54042	9.78193	1.05114	1	0.73265	0.56500	10.96877	1.04349	1	-0.00646	-0.01057	0.68384	0.00214	1	0.05993	-0.01465	0.66222	0.00386	1	1.45898	0.81042	0	
1247864	8416.80273	3304967625617	0.26546	0.46017	8416.69531	0.10742	11234	1	0.28188	0.39298	1	0.25749	0.49386	1	0.26968	0.44342	1	0.46950	0.54054	9.28840	1.04349	1	0.73281	0.56564	11.41285	1.03583	1	-0.00646	-0.01057	0.68384	0.00231	1	0.05993	-0.01465	0.66222	0.00358	1	1.45898	0.81042	0	
1247865	8416.80957	3304967691919	0.26433	0.46206	8416.69531	0.11426	11234	1	0.24319	0.37016	1	0.24733	0.61842	1	0.24526	0.49429	1	0.46918	0.54039	9.56772	1.03583	1	0.73250	0.56592	11.84639	1.03583	1	-0.00646	-0.01057	0.68384	0.00231	1	0.05993	-0.01465	0.66222	0.00362	1	1.45898	0.81042	0	
1247866	8416.81641	3304967759612	0.26409	0.46237	8416.69531	0.12109	11234	1	0.25567	0.39096	1	0.26382	0.54493	1	0.25974	0.46795	1	0.46930	0.54060	9.37268	1.03583	1	0.73273	0.56515	11.08859	1.03583	1	-0.00646	-0.01057	0.68384	0.00214	1	0.05993	-0.01465	0.66222	0.00361	1	1.45898	0.81042	0	
1247867	8416.82324	3304967826580	0.26384	0.46253	8416.69531	0.12793	11234	1	0.25567	0.39096	1	0.26259	0.54017	1	0.25913	0.46557	1	0.46912	0.54037	9.16005	1.03583	1	0.73252	0.56522	11.43849	1.04349	1	-0.00646	-0.01057	0.68384	0.00213	1	0.06005	-0.01469	0.66408	0.00377	1	1.45898	0.81042	0	
1247868	8416.83008	3304967894009	0.26313	0.46205	8416.69531	0.13477	11234	1	0.25051	0.36787	1	0.24700	0.53669	1	0.24876	0.45228	1	0.46913	0.54035	9.40854	1.04349	1	0.73258	0.56508	11.21776	1.05114	1	-0.00646	-0.01057	0.68384	0.00214	1	0.06005	-0.01469	0.66408	0.00361	1	1.45898	0.81042	0	
1247869	8416.83691	3304967960823	0.26236	0.46148	8416.69531	0.14160	11234	1	0.25215	0.39937	1	0.24037	0.49965	1	0.24626	0.44951	1	0.46923	0.54026	9.54309	1.05114	1	0.73245	0.56479	11.54313	1.05880	1	-0.00646	-0.01057	0.68384	0.00217	1	0.06005	-0.01469	0.66408	0.00355	1	1.45898	0.81042	0	
1247870	8416.84277	3304968027359	0.26169	0.46107	8416.69531	0.14746	11234	1	0.25227	0.39964	1	0.24180	0.50484	1	0.24704	0.45224	1	0.46925	0.54021	9.15050	1.05079	1	0.73249	0.56539	11.69670	1.05079	1	-0.00628	-0.01019	0.65972	0.00214	1	0.05993	-0.01465	0.66222	0.00369	1	1.45898	0.81042	0	
1247871	8416.84961	3304968094320	0.26118	0.46081	8416.69531	0.15430	11234	1	0.24952	0.37602	1	0.24900	0.53333	1	0.24926	0.45468	1	0.46919	0.54002	9.27479	1.04277	1	0.73244	0.56498	11.72042	1.03511	1	-0.00628	-0.01019	0.65972	0.00231	1	0.05993	-0.01465	0.66222	0.00352	1	1.45898	0.81042	0	
1247872	8416.85645	3304968161272	0.26083	0.46217	8416.69531	0.16113	11234	1	0.25074	0.40445	1	0.25411	0.58544	1	0.25242	0.49494	1	0.46919	0.54015	9.31032	1.02709	1	0.73249	0.56497	11.70773	1.01944	1	-0.00628	-0.01019	0.65972	0.00216	1	0.05993	-0.01465	0.66222	0.00343	1	1.45898	0.81042	0	
1247873	8416.86328	3304968225991	0.26058	0.46363	8416.69531	0.16797	11234	1	0.25335	0.41034	1	0.25543	0.58997	1	0.25439	0.50016	1	0.46921	0.54010	9.30733	1.01944	1	0.73241	0.56502	11.78044	1.01178	1	-0.00652	-0.01061	0.68998	0.00214	1	0.05993	-0.01465	0.66222	0.00347	1	1.45898	0.81042	0	
1247874	8416.87012	3304968292978	0.26029	0.46452	8416.69531	0.17480	11234	1	0.25336	0.40394	1	0.25203	0.57117	1	0.25270	0.48756	1	0.46915	0.54011	9.15250	1.01979	1	0.73245	0.56481	11.93019	1.01979	1	-0.00652	-0.01061	0.68998	0.00233	1	0.05993	-0.01465	0.66222	0.00352	1	1.45898	0.81042	0	
1247875	8416.87598	3304968358455	0.26021	0.46400	8416.69531	0.18066	11234	1	0.26673	0.38813	1	0.24955	0.51154	1	0.25814	0.44984	1	0.46940	0.53996	9.45282	1.02781	1	0.73252	0.56462	11.14712	1.02781	1	-0.00652	-0.01061	0.68998	0.00221	1	0.05993	-0.01465	0.66222	0.00348	1	1.45898	0.81042	0	
1247876	8416.88281	3304968425181	0.26007	0.46331	8416.69531	0.18750	11234	1	0.26412	0.38184	1	0.24815	0.50628	1	0.25613	0.44406	1	0.46929	0.53982	9.73809	1.03583	1	0.73270	0.56448	11.40840	1.03583	1	-0.00652	-0.01050	0.68998	0.00215	1	0.05993	-0.01465	0.66222	0.00354	1	1.45898	0.81042	0	
1247877	8416.88965	3304968496231	0.25994	0.46187	8416.69531	0.19434	11234	1	0.26363	0.36904	1	0.24873	0.47154	1	0.25618	0.42029	1	0.46936	0.53981	9.68239	1.03583	1	0.73250	0.56436	11.53628	1.03583	1	-0.00652	-0.01050	0.68998	0.00213	1	0.05993	-0.01465	0.66222	0.00371	1	1.45898	0.81042	0	
1247878	8416.89648	3304968563534	0.25970	0.46232	8416.69531	0.20117	11234	1	0.24997	0.38149	1	0.25516	0.56996	1	0.25257	0.47573	1	0.46915	0.53999	9.62846	1.03583	1	0.73267	0.56498	12.10675	1.03583	1	-0.00652	-0.01050	0.68998	0.00210	1	0.05993	-0.01465	0.66222	0.00351	1	1.45898	0.81042	0	
1247879	8416.90332	3304968630348	0.25948	0.46274	8416.69531	0.20801	11234	1	0.24997	0.38149	1	0.25516	0.56996	1	0.25257	0.47573	1	0.46928	0.53996	9.31106	1.03583	1	0.73282	0.56437	11.82662	1.03583	1	-0.00646	-0.01036	0.68385	0.00219	1	0.05993	-0.01465	0.66222	0.00344	1	1.45898	0.81042	0	
1247880	8416.91016	3304968697639	0.25959	0.46304	8416.69531	0.21484	11234	1	0.26358	0.37439	1	0.26279	0.57088	1	0.26318	0.47263	1	0.46946	0.53983	9.23520	1.03583	1	0.73276	0.56491	12.01433	1.03583	1	-0.00646	-0.01036	0.68385	0.00233	1	0.05993	-0.01465	0.66222	0.00342	1	1.45898	0.81042	0	
1247881	8416.91699	3304968764331	0.25970	0.46275	8416.69531	0.22168	11234	1	0.26372	0.36204	1	0.26269	0.54415	1	0.26320	0.45309	1	0.46940	0.53971	9.75514	1.03583	1	0.73272	0.56466	11.94124	1.03583	1	-0.00646	-0.01036	0.68385	0.00210	1	0.05993	-0.01465	0.66222	0.00341	1	1.45898	0.81042	0	
1247882	8416.92383	3304968831304	0.25980	0.46247	8416.69531	0.22852	11234	1	0.26372	0.36204	1	0.26269	0.54415	1	0.26320	0.45309	1	0.46916	0.53949	9.73516	1.03583	1	0.73285	0.56405	11.32331	1.03583	1	-0.00652	-0.01040	0.68998	0.00211	1	0.05946	-0.01439	0.65703	0.00361	1	1.45898	0.81042	0	
1247883	8416.93066	3304968898246	0.25951	0.46265	8416.69531	0.23535	11234	1	0.24648	0.34641	1	0.25216	0.59170	1	0.24932	0.46906	1	0.46909	0.53947	9.82501	1.03583	1	0.73263	0.56471	11.86032	1.03583	1	-0.00652	-0.01040	0.68998	0.00219	1	0.05946	-0.01439	0.65703	0.00362	1	1.45898	0.81042	0	
1247884	8416.93652	3304968962627	0.25918	0.46188	8416.69531	0.24121	11234	1	0.24117	0.32518	1	0.25357	0.54281	1	0.24737	0.43399	1	0.46909	0.53936	9.57524	1.03583	1	0.73258	0.56416	11.19788	1.03583	1	-0.00652	-0.01040	0.68998	0.00210	1	0.05946	-0.01439	0.65703	0.00369	1	1.45898	0.81042	0	
1247885	8416.94336	3304969031914	0.25885	0.46108	8416.69531	0.24805	11234	1	0.24117	0.32518	1	0.25227	0.53805	1	0.24672	0.43161	1	0.46912	0.53887	9.57118	1.03583	1	0.73278	0.56440	12.15785	1.04349	1	-0.00644	-0.01022	0.68135	0.00217	1	0.06005	-0.01449	0.66408	0.00362	1	1.45898	0.81042	0	
1247886	8416.95020	3304969099577	0.25893	0.46047	8416.69531	0.25488	11234	1	0.25388	0.33745	1	0.27020	0.53682	1	0.26204	0.43713	1	0.46924	0.53898	9.56075	1.04349	1	0.73288	0.56409	11.89062	1.05114	1	-0.00644	-0.01022	0.68135	0.00212	1	0.06005	-0.01449	0.66408	0.00371	1	1.45898	0.81042	0	
1247887	8416.95703	3304969166356	0.25866	0.45894	8416.69531	0.26172	11234	1	0.23862	0.32208	1	0.25769	0.47624	1	0.24815	0.39916	1	0.46923	0.53891	9.73108	1.05114	1	0.73266	0.56406	12.05144	1.05880	1	-0.00644	-0.01022	0.68135	0.00211	1	0.06005	-0.01449	0.66408	0.00375	1	1.45898	0.81042	0	
1247888	8416.96387	3304969233171	0.25842	0.45755	8416.69531	0.26855	11234	1	0.23874	0.32238	1	0.25899	0.48161	1	0.24886	0.40200	1	0.46940	0.53887	9.87439	1.05079	1	0.73257	0.56377	11.82605	1.05079	1	-0.00621	-0.00999	0.66299	0.00213	1	0.05993	-0.01445	0.66222	0.00410	1	1.45898	0.81042	0	
1247889	8416.97070	3304969300004	0.25853	0.45635	8416.69531	0.27539	11234	1	0.26453	0.30622	1	0.26162	0.50857	1	0.26308	0.40740	1	0.46928	0.53900	9.85205	1.04277	1	0.73266	0.56358	11.61341	1.03511	1	-0.00621	-0.00999	0.66299	0.00212	1	0.05993	-0.01445	0.66222	0.00397	1	1.45898	0.81042	0	
1247890	8416.97754	3304969366995	0.25837	0.45555	8416.69531	0.28223	11234	1	0.23521	0.30209	1	0.26780	0.54147	1	0.25150	0.42178	1	0.46930	0.53890	9.72350	1.02709	1	0.73270	0.56396	11.41970	1.01944	1	-0.00621	-0.00999	0.66299	0.00207	1	0.05993	-0.01445	0.66222	0.00405	1	1.45898	0.81042	0	
1247891	8416.98438	3304969434056	0.25829	0.45500	8416.69531	0.28906	11234	1	0.24068	0.31576	1	0.26908	0.54656	1	0.25488	0.43116	1	0.46922	0.53891	9.74833	1.01142	1	0.73275	0.56412	11.62754	1.01142	1	-0.00621	-0.00999	0.66299	0.00211	1	0.06098	-0.01469	0.67318	0.00382	1	1.45898	0.81042	0	
1247892	8416.99023	3304969500866	0.25861	0.45480	8416.69531	0.29492	11234	1	0.24190	0.35759	1	0.30352	0.53453	1	0.27271	0.44606	1	0.46932	0.53894	9.75158	1.01142	1	0.73336	0.56394	12.36106	1.01908	1	-0.00621	-0.00999	0.66299	0.00219	1	0.06098	-0.01469	0.67318	0.00359	1	1.45898	0.81042	0	
1247893	8416.99707	3304969567408	0.25407	0.42861	8416.69531	0.29492	11234	0	0.21067	0.31443	1	0.27136	0.50743	1	0.24101	0.41093	1	0.46921	0.53895	9.78433	1.01908	1	0.73285	0.56412	11.86089	1.02674	1	-0.00621	-0.00999	0.66299	0.00211	1	0.06098	-0.01469	0.67318	0.00361	1	1.45898	0.81042	0	
1247894	8417.00391	3304969634927	0.24654	0.41684	8416.69531	0.29492	11234	0	0.20782	0.30778	1	0.27018	0.50235	1	0.23900	0.40507	1	0.46948	0.53914	9.63278	1.02674	1	0.73309	0.56350	11.53984	1.03440	1	-0.00621	-0.00999	0.66299	0.00209	1	0.06177	-0.01491	0.68081	0.00391	1	1.45898	0.81042	0	
1247895	8417.01074	3304969701816	0.24034	0.42367	8416.69531	0.29492	11234	0	0.22716	0.36072	1	0.22872	0.51392	1	0.22794	0.43732	1	0.46948	0.53914	9.63278	1.03440	1	0.73303	0.56424	11.94496	1.03440	1	-0.00621	-0.00999	0.66299	0.00209	1	0.06177	-0.01491	0.68081	0.00359	1	1.45898	0.81042	0	
1247896	8417.01758	3304969769159	0.23800	0.41940	8416.99707	0.02051	11235	1	0.22219	0.30010	1	0.23978	0.51309	1	0.23099	0.40660	1	0.46956	0.53902	9.63220	1.03440	1	0.73306	0.56430	12.50020	1.03440	1	-0.00621	-0.00999	0.66299	0.00208	1	0.06177	-0.01491	0.68081	0.00377	1	1.45898	0.81042	0	
1247897	8417.02441	3304969836126	0.23660	0.41684	8416.99707	0.02734	11235	1	0.22219	0.30010	1	0.23978	0.51309	1	0.23099	0.40660	1	0.46981	0.53917	9.69126	1.03440	1	0.73354	0.56359	11.07288	1.03440	1	-0.00595	-0.00973	0.64537	0.00210	1	0.06177	-0.01491	0.68081	0.00386	1	1.45898	0.81042	0	
1247898	8417.03027	3304969902502	0.23859	0.41247	8416.99707	0.03320	11235	1	0.23445	0.32612	1	0.26268	0.45519	1	0.24857	0.39066	1	0.46974	0.53919	9.64819	1.03440	1	0.73345	0.56348	10.98434	1.03440	1	-0.00595	-0.00973	0.64537	0.00213	1	0.06177	-0.01491	0.68081	0.00396	1	1.45898	0.81042	0	
1247899	8417.03711	3304969969965	0.23895	0.40817	8416.99707	0.04004	11235	1	0.23048	0.30688	1	0.25166	0.45785	1	0.24107	0.38236	1	0.46966	0.53909	9.79136	1.03440	1	0.73329	0.56349	11.13553	1.03440	1	-0.00595	-0.00973	0.64537	0.00211	1	0.06177	-0.01491	0.68081	0.00401	1	1.45898	0.81042	0	
1247900	8417.04395	3304970037159	0.23903	0.40450	8416.99707	0.04688	11235	1	0.22768	0.29997	1	0.25160	0.45759	1	0.23964	0.37878	1	0.46990	0.53900	10.12120	1.04241	1	0.73349	0.56430	11.32165	1.03475	1	-0.00634	-0.01045	0.69338	0.00221	1	0.05938	-0.01442	0.65398	0.00391	1	1.45898	0.81042	0	
1247901	8417.05078	3304970102353	0.24130	0.40546	8416.99707	0.05371	11235	1	0.25430	0.31066	1	0.26467	0.51565	1	0.25948	0.41315	1	0.47001	0.53914	9.69265	1.04277	1	0.73349	0.56431	11.54295	1.03511	1	-0.00634	-0.01045	0.69338	0.00222	1	0.05938	-0.01442	0.65398	0.00379	1	1.45898	0.81042	0	
1247902	8417.05664	3304970165981	0.24290	0.40639	8416.99707	0.05957	11235	1	0.24803	0.31179	1	0.26646	0.51773	1	0.25724	0.41476	1	0.47006	0.53916	9.55476	1.04313	1	0.73351	0.56451	11.43129	1.03547	1	-0.00634	-0.01045	0.69338	0.00223	1	0.05938	-0.01442	0.65398	0.00369	1	1.45898	0.81042	0	
1247903	8417.06348	3304970232931	0.24414	0.40690	8416.99707	0.06641	11235	1	0.24791	0.31148	1	0.26519	0.51254	1	0.25655	0.41201	1	0.47009	0.53888	9.71608	1.04349	1	0.73353	0.56345	11.47163	1.04349	1	-0.00634	-0.01045	0.69338	0.00215	1	0.06125	-0.01479	0.67290	0.00387	1	1.45898	0.81042	0	
1247904	8417.07129	3304970304776	0.24140	0.41302	8416.99707	0.07422	11235	1	0.20106	0.39809	1	0.22158	0.56253	1	0.21132	0.48031	1	0.47009	0.53922	7.16016	1.04349	1	0.73378	0.56497	11.46624	1.05114	1	-0.00634	-0.01045	0.69338	0.00154	1	0.06125	-0.01479	0.67290	0.00366	1	1.45898	0.81042	0	
1247905	8417.07715	3304970369728	0.23602	0.42172	8416.99707	0.08008	11235	1	0.20106	0.39809	0	0.17137	0.52609	1	0.17137	0.52609	1	0.48468	0.51527	8.07226	1.05114	1	0.73365	0.56410	10.16139	1.05880	1	-0.00634	-0.01045	0.69338	0.00310	1	0.06125	-0.01479	0.67290	0.00365	1	1.45898	0.81042	0	
1247906	8417.08398	3304970434124	0.23602	0.42172	8416.99707	0.08691	11235	1	0.20106	0.39809	0	0.17137	0.52609	0	0.17137	0.52609	0	0.48468	0.51527	8.07226	1.05880	0	0.73365	0.56410	10.16139	1.06646	0	-0.00634	-0.01045	0.69338	0.00310	1	0.06125	-0.01479	0.67290	0.00365	1	1.45898	0.81042	0	
1247907	8417.09082	3304970504150	0.23602	0.42172	8416.99707	0.09375	11235	1	0.20106	0.39809	0	0.17137	0.52609	0	0.17137	0.52609	0	0.48468	0.51527	8.07226	1.06646	0	0.73365	0.56410	10.16139	1.06646	0	-0.00634	-0.01045	0.69338	0.00310	1	0.06125	-0.01479	0.67290	0.00365	1	1.45898	0.81042	0	
1247908	8417.09766	3304970568746	0.23602	0.42172	8416.99707	0.10059	11235	1	0.20106	0.39809	0	0.17137	0.52609	0	0.17137	0.52609	0	0.48468	0.51527	8.07226	1.06646	0	0.73365	0.56410	10.16139	1.06646	0	-0.00634	-0.01045	0.69338	0.00310	1	0.06125	-0.01479	0.67290	0.00365	1	1.45898	0.81042	0	
1247909	8417.10449	3304970637458	0.23451	0.42114	8416.99707	0.10059	11235	0	0.20106	0.39809	0	0.17137	0.52609	0	0.17137	0.52609	0	0.48468	0.51527	8.07226	1.06646	0	0.73365	0.56410	10.16139	1.06646	0	-0.00634	-0.01045	0.69338	0.00310	1	0.06125	-0.01479	0.67290	0.00365	1	1.45898	0.81042	0	
1247910	8417.11133	3304970706037	0.23451	0.42114	8416.99707	0.10059	11235	0	0.20106	0.39809	0	0.17137	0.52609	0	0.17137	0.52609	0	0.48468	0.51527	8.07226	1.06646	0	0.73365	0.56410	10.16139	1.06646	0	-0.00634	-0.01045	0.69338	0.00310	1	0.06125	-0.01479	0.67290	0.00365	1	1.45898	0.81042	0	
1247911	8417.11816	3304970772535	0.23451	0.42114	8416.99707	0.10059	11235	0	0.20106	0.39809	0	0.17137	0.52609	0	0.17137	0.52609	0	0.48468	0.51527	8.07226	1.06646	0	0.73365	0.56410	10.16139	1.06646	0	-0.00634	-0.01045	0.69338	0.00310	1	0.06125	-0.01479	0.67290	0.00365	1	1.45898	0.81042	0	
1247912	8417.12500	3304970840429	0.00000	0.00000	8416.99707	0.10059	11235	0	0.20106	0.39809	0	0.17137	0.52609	0	0.17137	0.52609	0	0.48468	0.51527	8.07226	1.06646	0	0.73365	0.56410	10.16139	1.06646	0	-0.00634	-0.01045	0.69338	0.00310	1	0.06125	-0.01479	0.67290	0.00365	1	1.45898	0.81042	0	
1247913	8417.13086	3304970908168	0.00000	0.00000	8416.99707	0.10059	11235	0	0.20106	0.39809	0	0.17137	0.52609	0	0.17137	0.52609	0	0.48468	0.51527	8.07226	1.06646	0	0.73365	0.56410	10.16139	1.06646	0	-0.00634	-0.01045	0.69338	0.00310	1	0.06125	-0.01479	0.67290	0.00365	1	1.45898	0.81042	0	
1247914	8417.13770	3304970974723	0.00000	0.00000	8416.99707	0.10059	11235	0	0.20106	0.39809	0	0.17137	0.52609	0	0.17137	0.52609	0	0.48468	0.51527	8.07226	1.06646	0	0.73365	0.56410	10.16139	1.06646	0	-0.00634	-0.01045	0.69338	0.00310	1	0.06125	-0.01479	0.67290	0.00365	1	1.45898	0.81042	0	
1247915	8417.14453	3304971041795	0.00000	0.00000	8416.99707	0.10059	11235	0	0.20106	0.39809	0	0.17137	0.52609	0	0.17137	0.52609	0	0.48468	0.51527	8.07226	1.06646	0	0.73365	0.56410	10.16139	1.06646	0	-0.00634	-0.01045	0.69338	0.00310	1	0.06125	-0.01479	0.67290	0.00365	1	1.45898	0.81042	0	
1247916	8417.15137	3304971108307	0.00000	0.00000	8416.99707	0.10059	11235	0	0.20106	0.39809	0	0.17137	0.52609	0	0.17137	0.52609	0	0.48468	0.51527	8.07226	1.06646	0	0.73365	0.56410	10.16139	1.06646	0	-0.00634	-0.01045	0.69338	0.00310	1	0.06125	-0.01479	0.67290	0.00365	1	1.45898	0.81042	0	
1247917	8417.15820	3304971175576	0.00000	0.00000	8416.99707	0.10059	11235	0	0.20106	0.39809	0	0.17137	0.52609	0	0.17137	0.52609	0	0.48468	0.51527	8.07226	1.06646	0	0.73365	0.56410	10.16139	1.06646	0	-0.00634	-0.01045	0.69338	0.00310	1	0.06125	-0.01479	0.67290	0.00365	1	1.45898	0.81042	0	
1247918	8417.16504	3304971243148	0.00000	0.00000	8416.99707	0.10059	11235	0	0.20106	0.39809	0	0.17137	0.52609	0	0.17137	0.52609	0	0.48468	0.51527	8.07226	1.06646	0	0.73365	0.56410	10.16139	1.06646	0	-0.00634	-0.01045	0.69338	0.00310	1	0.06125	-0.01479	0.67290	0.00365	1	1.45898	0.81042	0	
1247919	8417.17188	3304971311389	0.00000	0.00000	8416.99707	0.10059	11235	0	0.20106	0.39809	0	0.17137	0.52609	0	0.17137	0.52609	0	0.48468	0.51527	8.07226	1.06646	0	0.73365	0.56410	10.16139	1.06646	0	-0.00634	-0.01045	0.69338	0.00310	1	0.06125	-0.01479	0.67290	0.00365	1	1.45898	0.81042	0	
1247920	8417.17773	3304971375645	0.00000	0.00000	8416.99707	0.10059	11235	0	0.20106	0.39809	0	0.17137	0.52609	0	0.17137	0.52609	0	0.48468	0.51527	8.07226	1.06646	0	0.73365	0.56410	10.16139	1.06646	0	-0.00634	-0.01045	0.69338	0.00310	1	0.06125	-0.01479	0.67290	0.00365	1	1.45898	0.81042	0	
1247921	8417.18457	3304971443965	0.00000	0.00000	8416.99707	0.10059	11235	0	0.20106	0.39809	0	0.17137	0.52609	0	0.17137	0.52609	0	0.48468	0.51527	8.07226	1.06646	0	0.73365	0.56410	10.16139	1.06646	0	-0.00634	-0.01045	0.69338	0.00310	1	0.06125	-0.01479	0.67290	0.00365	1	1.45898	0.81042	0	
1247922	8417.19141	3304971510415	0.00000	0.00000	8416.99707	0.10059	11235	0	0.20106	0.39809	0	0.17137	0.52609	0	0.17137	0.52609	0	0.48468	0.51527	8.07226	1.06646	0	0.73365	0.56410	10.16139	1.06646	0	-0.00634	-0.01045	0.69338	0.00310	1	0.06125	-0.01479	0.67290	0.00365	1	1.45898	0.81042	0	
1247923	8417.19824	3304971577989	0.00000	0.00000	8416.99707	0.10059	11235	0	0.20106	0.39809	0	0.17137	0.52609	0	0.17137	0.52609	0	0.48468	0.51527	8.07226	1.06646	0	0.73365	0.56410	10.16139	1.06646	0	-0.00634	-0.01045	0.69338	0.00310	1	0.06125	-0.01479	0.67290	0.00365	1	1.45898	0.81042	0	
1247924	8417.20508	3304971643936	0.00000	0.00000	8416.99707	0.10059	11235	0	0.20106	0.39809	0	0.17137	0.52609	0	0.17137	0.52609	0	0.48468	0.51527	8.07226	1.06646	0	0.73365	0.56410	10.16139	1.06646	0	-0.00634	-0.01045	0.69338	0.00310	1	0.06125	-0.01479	0.67290	0.00365	1	1.45898	0.81042	0	
1247925	8417.21191	3304971711149	0.00000	0.00000	8416.99707	0.10059	11235	0	0.20106	0.39809	0	0.17137	0.52609	0	0.17137	0.52609	0	0.48468	0.51527	8.07226	1.06646	0	0.73365	0.56410	10.16139	1.06646	0	-0.00634	-0.01045	0.69338	0.00310	1	0.06125	-0.01479	0.67290	0.00365	1	1.45898	0.81042	0	
1247926	8417.21875	3304971778360	0.00000	0.00000	8416.99707	0.10059	11235	0	0.20106	0.39809	0	0.17137	0.52609	0	0.17137	0.52609	0	0.48468	0.51527	8.07226	1.06646	0	0.73365	0.56410	10.16139	1.06646	0	-0.00634	-0.01045	0.69338	0.00310	1	0.06125	-0.01479	0.67290	0.00365	1	1.45898	0.81042	0	
1247927	8417.22461	3304971845193	0.00000	0.00000	8416.99707	0.10059	11235	0	0.20106	0.39809	0	0.17137	0.52609	0	0.17137	0.52609	0	0.48468	0.51527	8.07226	1.06646	0	0.73365	0.56410	10.16139	1.06646	0	-0.00634	-0.01045	0.69338	0.00310	1	0.06125	-0.01479	0.67290	0.00365	1	1.45898	0.81042	0	
1247928	8417.23145	3304971912697	0.00000	0.00000	8416.99707	0.10059	11235	0	0.20106	0.39809	0	0.17137	0.52609	0	0.17137	0.52609	0	0.48468	0.51527	8.07226	1.06646	0	0.73365	0.56410	10.16139	1.06646	0	-0.00634	-0.01045	0.69338	0.00310	1	0.06125	-0.01479	0.67290	0.00365	1	1.45898	0.81042	0	
1247929	8417.23828	3304971979465	0.00000	0.00000	8416.99707	0.10059	11235	0	0.20106	0.39809	0	0.17137	0.52609	0	0.17137	0.52609	0	0.48468	0.51527	8.07226	1.06646	0	0.73365	0.56410	10.16139	1.06646	0	-0.00634	-0.01045	0.69338	0.00310	1	0.06125	-0.01479	0.67290	0.00365	1	1.45898	0.81042	0	
1247930	8417.24512	3304972046746	0.00000	0.00000	8416.99707	0.10059	11235	0	0.20106	0.39809	0	0.17137	0.52609	0	0.17137	0.52609	0	0.48468	0.51527	8.07226	1.06646	0	0.73365	0.56410	10.16139	1.06646	0	-0.00634	-0.01045	0.69338	0.00310	1	0.06125	-0.01479	0.67290	0.00365	1	1.45898	0.81042	0	
1247931	8417.25195	3304972113570	0.00000	0.00000	8416.99707	0.10059	11235	0	0.20106	0.39809	0	0.17137	0.52609	0	0.17137	0.52609	0	0.48468	0.51527	8.07226	1.06646	0	0.73365	0.56410	10.16139	1.06646	0	-0.00634	-0.01045	0.69338	0.00310	1	0.06125	-0.01479	0.67290	0.00365	1	1.45898	0.81042	0	
1247932	8417.25879	3304972180522	0.00000	0.00000	8416.99707	0.10059	11235	0	0.20106	0.39809	0	0.17137	0.52609	0	0.17137	0.52609	0	0.48468	0.51527	8.07226	1.06646	0	0.73365	0.56410	10.16139	1.06646	0	-0.00634	-0.01045	0.69338	0.00310	1	0.06125	-0.01479	0.67290	0.00365	1	1.45898	0.81042	0	
1247933	8417.26562	3304972247144	0.17145	0.52631	8416.99707	0.10059	11235	0	0.20106	0.39809	0	0.17145	0.52631	1	0.17145	0.52631	1	0.47742	0.54503	10.48736	1.05845	1	0.74053	0.56862	10.75769	1.05845	1	-0.00634	-0.01045	0.69338	0.00299	1	0.06266	-0.01557	0.67616	0.00307	1	1.45898	0.81042	0	
1247934	8417.27148	3304972309277	0.30426	0.58954	8416.99707	0.10059	11235	0	0.44207	0.65661	1	0.43206	0.64892	1	0.43707	0.65277	1	0.47742	0.54491	10.34678	1.05043	1	0.74070	0.56858	10.25354	1.05043	1	-0.00634	-0.01045	0.69338	0.00304	1	0.06266	-0.01557	0.67616	0.00307	1	1.45898	0.81042	0	
1247935	8417.27832	3304972378579	0.33889	0.59480	8416.99707	0.10059	11235	0	0.44249	0.65720	1	0.37379	0.55348	1	0.40814	0.60534	1	0.47740	0.54498	10.30783	1.04241	1	0.74004	0.56811	10.64570	1.04241	1	-0.00634	-0.01045	0.69338	0.00310	1	0.06266	-0.01557	0.67616	0.00300	1	1.45898	0.81042	0	
1247936	8417.28516	3304972443973	0.41749	0.62024	8416.99707	0.10059	11235	0	0.44085	0.65262	1	0.37370	0.55260	1	0.40728	0.60261	1	0.47747	0.54495	10.64553	1.05150	1	0.74034	0.56848	11.46461	1.04384	1	-0.00539	-0.01093	0.69728	0.00297	1	0.06061	-0.01512	0.65454	0.00293	1	1.45898	0.81042	0	
1247937	8417.29199	3304972516372	0.42898	0.62785	8416.99707	0.10059	11235	0	0.47403	0.69724	1	0.40692	0.57369	1	0.44047	0.63546	1	0.47746	0.54494	10.67219	1.06094	1	0.74028	0.56833	10.95614	1.05328	1	-0.00539	-0.01093	0.69728	0.00301	1	0.06061	-0.01512	0.65454	0.00310	1	1.45898	0.81042	0	
1247938	8417.29883	3304972582579	0.43382	0.62792	8416.99707	0.10059	11235	0	0.46923	0.67221	1	0.41778	0.58391	1	0.44350	0.62806	1	0.47742	0.54467	10.33220	1.07038	1	0.74043	0.56845	11.25732	1.06273	1	-0.00539	-0.01093	0.69728	0.00305	1	0.06061	-0.01512	0.65454	0.00323	1	1.45898	0.81042	0	
1247939	8417.30566	3304972650086	0.43623	0.62791	8417.28516	0.02051	11236	1	0.46917	0.67204	1	0.41777	0.58370	1	0.44347	0.62787	1	0.47760	0.54474	11.00848	1.07074	1	0.74037	0.56855	11.19307	1.06308	1	-0.00537	-0.01080	0.68881	0.00304	1	0.06061	-0.01507	0.65454	0.00327	1	1.45898	0.81042	0	
1247940	8417.31250	3304972717167	0.43872	0.62786	8417.28516	0.02734	11236	1	0.48673	0.68356	1	0.41059	0.57174	1	0.44866	0.62765	1	0.47776	0.54480	11.20675	1.05400	1	0.74033	0.56832	11.37146	1.05400	1	-0.00537	-0.01080	0.68881	0.00295	1	0.06061	-0.01507	0.65454	0.00322	1	1.45898	0.81042	0	
1247941	8417.31836	3304972783077	0.44027	0.62720	8417.28516	0.03320	11236	1	0.48963	0.68836	1	0.40645	0.55943	1	0.44804	0.62390	1	0.47769	0.54487	10.94658	1.04491	1	0.74018	0.56810	11.02479	1.04491	1	-0.00537	-0.01080	0.68881	0.00298	1	0.06061	-0.01507	0.65454	0.00325	1	1.45898	0.81042	0	
1247942	8417.32520	3304972849926	0.44149	0.62743	8417.28516	0.04004	11236	1	0.49090	0.69264	1	0.40669	0.56497	1	0.44880	0.62881	1	0.47734	0.54479	11.85860	1.03583	1	0.74002	0.56839	11.22335	1.03583	1	-0.00529	-0.01069	0.67846	0.00290	1	0.06108	-0.01516	0.66068	0.00317	1	1.45898	0.81042	0	
1247943	8417.33203	3304972917065	0.43852	0.62460	8417.28516	0.04688	11236	1	0.44727	0.63448	1	0.38819	0.57521	1	0.41773	0.60484	1	0.47719	0.54449	11.42959	1.03583	1	0.73988	0.56839	11.22451	1.03583	1	-0.00529	-0.01069	0.67846	0.00300	1	0.06108	-0.01516	0.66068	0.00317	1	1.45898	0.81042	0	
1247944	8417.33887	3304972984096	0.43821	0.62480	8417.28516	0.05371	11236	1	0.48149	0.68691	1	0.38987	0.56577	1	0.43568	0.62634	1	0.47753	0.54480	10.88985	1.03583	1	0.73994	0.56827	11.13789	1.03583	1	-0.00529	-0.01069	0.67846	0.00296	1	0.06108	-0.01516	0.66068	0.00323	1	1.45898	0.81042	0	
1247945	8417.34570	3304973047671	0.43794	0.62472	8417.28516	0.06055	11236	1	0.48149	0.68691	1	0.38955	0.56111	1	0.43552	0.62401	1	0.47774	0.54467	10.58705	1.03583	1	0.74014	0.56815	11.01098	1.04349	1	-0.00537	-0.01080	0.68881	0.00299	1	0.06289	-0.01562	0.68080	0.00303	1	1.45898	0.81042	0	
1247946	8417.35254	3304973118176	0.43770	0.62296	8417.28516	0.06738	11236	1	0.47185	0.66942	1	0.39886	0.54126	1	0.43535	0.60534	1	0.47740	0.54465	10.84578	1.04349	1	0.74008	0.56808	11.14518	1.05114	1	-0.00537	-0.01080	0.68881	0.00305	1	0.06289	-0.01562	0.68080	0.00311	1	1.45898	0.81042	0	
1247947	8417.35938	3304973185288	0.43649	0.61936	8417.28516	0.07422	11236	1	0.45962	0.64047	1	0.38659	0.51919	1	0.42311	0.57983	1	0.47732	0.54433	10.60523	1.05114	1	0.73991	0.56805	11.13566	1.05880	1	-0.00537	-0.01080	0.68881	0.00320	1	0.06289	-0.01562	0.68080	0.00303	1	1.45898	0.81042	0	
1247948	8417.36523	3304973251333	0.43541	0.61617	8417.28516	0.08008	11236	1	0.45837	0.63653	1	0.38659	0.51919	1	0.42248	0.57786	1	0.47751	0.54454	11.67891	1.05880	1	0.74019	0.56781	11.10828	1.05880	1	-0.00529	-0.01058	0.67845	0.00305	1	0.06108	-0.01516	0.66068	0.00324	1	1.45898	0.81042	0	
1247949	8417.37207	3304973318860	0.43386	0.61687	8417.28516	0.08691	11236	1	0.45809	0.65606	1	0.36947	0.59586	1	0.41378	0.62596	1	0.47764	0.54446	10.30269	1.05880	1	0.74004	0.56761	11.30451	1.05114	1	-0.00529	-0.01058	0.67845	0.00318	1	0.06108	-0.01516	0.66068	0.00309	1	1.45898	0.81042	0	
1247950	8417.37891	3304973385955	0.43234	0.62060	8417.28516	0.09375	11236	1	0.45460	0.70014	1	0.36733	0.64549	1	0.41097	0.67281	1	0.47791	0.54404	10.92029	1.05114	1	0.74043	0.56749	11.68426	1.04349	1	-0.00529	-0.01058	0.67845	0.00307	1	0.06108	-0.01516	0.66068	0.00294	1	1.45898	0.81042	0	
1247951	8417.38574	3304973452454	0.43098	0.62369	8417.28516	0.10059	11236	1	0.45436	0.69948	1	0.36676	0.64070	1	0.41056	0.67009	1	0.47946	0.54167	10.37578	1.05257	1	0.74218	0.56513	12.05290	1.05257	1	-0.00514	-0.01071	0.70711	0.00347	1	0.06378	-0.01536	0.68706	0.00364	1	1.45898	0.81042	0	
1247952	8417.39258	3304973518661	0.43507	0.61635	8417.28516	0.10742	11236	1	0.53493	0.53308	1	0.46613	0.46457	1	0.50053	0.49882	1	0.48008	0.54120	10.73401	1.06166	1	0.74237	0.56448	11.98117	1.06932	1	-0.00514	-0.01071	0.70711	0.00339	1	0.06378	-0.01536	0.68706	0.00334	1	1.45898	0.81042	0	
1247953	8417.39941	3304973586858	0.43618	0.60959	8417.28516	0.11426	11236	1	0.46491	0.45724	1	0.44543	0.53213	1	0.45517	0.49469	1	0.47985	0.54068	10.46629	1.07840	1	0.74245	0.56452	12.10026	1.08606	1	-0.00514	-0.01071	0.70711	0.00336	1	0.06378	-0.01536	0.68706	0.00339	1	1.45898	0.81042	0	
1247954	8417.40527	3304973652421	0.43668	0.60522	8417.28516	0.12012	11236	1	0.46491	0.45724	0	0.44552	0.52655	1	0.44552	0.52655	1	0.47985	0.54068	10.46629	1.09515	0	0.74308	0.56303	12.19070	1.09515	1	-0.00514	-0.01071	0.70711	0.00336	1	0.06038	-0.01423	0.64997	0.00376	1	1.45898	0.81042	0	
1247955	8417.41211	3304973720879	0.43668	0.60522	8417.28516	0.12695	11236	1	0.46491	0.45724	0	0.44552	0.52655	0	0.44552	0.52655	0	0.47985	0.54068	10.46629	1.09515	0	0.74308	0.56303	12.19070	1.08749	0	-0.00514	-0.01071	0.70711	0.00336	1	0.06038	-0.01423	0.64997	0.00376	1	1.45898	0.81042	0	
1247956	8417.41895	3304973787374	0.43668	0.60522	8417.28516	0.13379	11236	1	0.46491	0.45724	0	0.44552	0.52655	0	0.44552	0.52655	0	0.47985	0.54068	10.46629	1.08749	0	0.74308	0.56303	12.19070	1.07983	0	-0.00514	-0.01071	0.70711	0.00336	1	0.06038	-0.01423	0.64997	0.00376	1	1.45898	0.81042	0	
1247957	8417.42578	3304973855167	0.43668	0.60522	8417.28516	0.14062	11236	1	0.46491	0.45724	0	0.44552	0.52655	0	0.44552	0.52655	0	0.47985	0.54068	10.46629	1.07983	0	0.74308	0.56303	12.19070	1.07217	0	-0.00514	-0.01071	0.70711	0.00336	1	0.06038	-0.01423	0.64997	0.00376	1	1.45898	0.81042	0	
1247958	8417.43262	3304973921749	0.43387	0.59226	8417.28516	0.14062	11236	0	0.46491	0.45724	0	0.44552	0.52655	0	0.44552	0.52655	0	0.47985	0.54068	10.46629	1.07217	0	0.74308	0.56303	12.19070	1.07217	0	-0.00514	-0.01071	0.70711	0.00336	1	0.06038	-0.01423	0.64997	0.00376	1	1.45898	0.81042	0	
1247959	8417.43945	3304973988498	0.43387	0.59226	8417.28516	0.14062	11236	0	0.46491	0.45724	0	0.44552	0.52655	0	0.44552	0.52655	0	0.47985	0.54068	10.46629	1.07217	0	0.74308	0.56303	12.19070	1.07217	0	-0.00514	-0.01071	0.70711	0.00336	1	0.06038	-0.01423	0.64997	0.00376	1	1.45898	0.81042	0	
1247960	8417.44629	3304974055409	0.43387	0.59226	8417.28516	0.14062	11236	0	0.46491	0.45724	0	0.44552	0.52655	0	0.44552	0.52655	0	0.47985	0.54068	10.46629	1.07217	0	0.74308	0.56303	12.19070	1.07217	0	-0.00514	-0.01071	0.70711	0.00336	1	0.06038	-0.01423	0.64997	0.00376	1	1.45898	0.81042	0	
1247961	8417.45312	3304974122294	0.00000	0.00000	8417.28516	0.14062	11236	0	0.46491	0.45724	0	0.44552	0.52655	0	0.44552	0.52655	0	0.47985	0.54068	10.46629	1.07217	0	0.74308	0.56303	12.19070	1.07217	0	-0.00514	-0.01071	0.70711	0.00336	1	0.06038	-0.01423	0.64997	0.00376	1	1.45898	0.81042	0	
1247962	8417.45898	3304974186760	0.00000	0.00000	8417.28516	0.14062	11236	0	0.46491	0.45724	0	0.44552	0.52655	0	0.44552	0.52655	0	0.47985	0.54068	10.46629	1.07217	0	0.74308	0.56303	12.19070	1.07217	0	-0.00514	-0.01071	0.70711	0.00336	1	0.06038	-0.01423	0.64997	0.00376	1	1.45898	0.81042	0	
1247963	8417.46582	3304974254297	0.00000	0.00000	8417.28516	0.14062	11236	0	0.46491	0.45724	0	0.44552	0.52655	0	0.44552	0.52655	0	0.47985	0.54068	10.46629	1.07217	0	0.74308	0.56303	12.19070	1.07217	0	-0.00514	-0.01071	0.70711	0.00336	1	0.06038	-0.01423	0.64997	0.00376	1	1.45898	0.81042	0	
1247964	8417.47266	3304974321471	0.53134	0.38374	8417.28516	0.14062	11236	0	0.56349	0.33308	1	0.49918	0.43440	1	0.53134	0.38374	1	0.47994	0.53867	11.06415	1.07217	1	0.74244	0.56319	12.04333	1.07217	1	-0.00514	-0.01071	0.70711	0.00369	1	0.06038	-0.01423	0.64997	0.00368	1	1.45898	0.81042	0	
1247965	8417.47949	3304974387037	0.53655	0.36690	8417.28516	0.14062	11236	0	0.56222	0.30169	1	0.52130	0.39843	1	0.54176	0.35006	1	0.47998	0.53881	11.06935	1.07217	1	0.74242	0.56265	12.04136	1.07217	1	-0.00514	-0.01071	0.70711	0.00370	1	0.06038	-0.01423	0.64997	0.00345	1	1.45898	0.81042	0	
1247966	8417.48633	3304974455863	0.53837	0.36480	8417.28516	0.14062	11236	0	0.56347	0.31566	1	0.52056	0.40553	1	0.54202	0.36060	1	0.47919	0.53837	10.76982	1.05507	1	0.74195	0.56261	12.48386	1.06273	1	-0.00486	-0.00968	0.65533	0.00371	1	0.06266	-0.01476	0.67616	0.00362	1	1.45898	0.81042	0	
1247967	8417.49219	3304974521495	0.53662	0.38476	8417.47266	0.01953	11237	1	0.54939	0.39678	1	0.51339	0.49249	1	0.53139	0.44463	1	0.47922	0.53902	11.48919	1.04562	1	0.74235	0.56286	12.72284	1.05328	1	-0.00486	-0.00968	0.65533	0.00345	1	0.06266	-0.01476	0.67616	0.00354	1	1.45898	0.81042	0	
1247968	8417.49902	3304974590175	0.53162	0.39693	8417.47266	0.02637	11237	1	0.53234	0.39701	1	0.49083	0.49418	1	0.51159	0.44560	1	0.47899	0.53901	10.95603	1.03618	1	0.74198	0.56303	13.02957	1.04384	1	-0.00486	-0.00968	0.65533	0.00365	1	0.06266	-0.01476	0.67616	0.00364	1	1.45898	0.81042	0	
1247969	8417.50586	3304974654593	0.52828	0.40521	8417.47266	0.03320	11237	1	0.53249	0.39809	1	0.49075	0.49515	1	0.51162	0.44662	1	0.47908	0.53955	11.86111	1.03475	1	0.74196	0.56301	11.80658	1.04241	1	-0.00518	-0.00995	0.67717	0.00345	1	0.06431	-0.01512	0.69504	0.00373	1	1.45898	0.81042	0	
1247970	8417.51270	3304974722459	0.52761	0.40910	8417.47266	0.04004	11237	1	0.54512	0.40004	1	0.50196	0.46491	1	0.52354	0.43248	1	0.47919	0.53915	11.33788	1.05043	1	0.74174	0.56272	12.21073	1.05043	1	-0.00518	-0.00995	0.67717	0.00352	1	0.06431	-0.01512	0.69504	0.00359	1	1.45898	0.81042	0	
1247971	8417.51953	3304974790703	0.53037	0.41103	8417.47266	0.04688	11237	1	0.55991	0.38279	1	0.53956	0.46626	1	0.54973	0.42452	1	0.47903	0.53954	11.62966	1.05845	1	0.74198	0.56269	11.66674	1.05845	1	-0.00518	-0.00995	0.67717	0.00380	1	0.06431	-0.01512	0.69504	0.00380	1	1.45898	0.81042	0	
1247972	8417.52637	3304974860267	0.53253	0.41188	8417.47266	0.05371	11237	1	0.55930	0.37677	1	0.54033	0.46065	1	0.54981	0.41871	1	0.47909	0.53943	11.19477	1.06646	1	0.74180	0.56251	11.83177	1.06646	1	-0.00537	-0.01018	0.68881	0.00377	1	0.06431	-0.01512	0.69504	0.00381	1	1.45898	0.81042	0	
1247973	8417.53320	3304974927715	0.53311	0.41690	8417.47266	0.06055	11237	1	0.55930	0.37677	0	0.53834	0.46210	1	0.53834	0.46210	1	0.47909	0.53943	11.19477	1.06646	0	0.74194	0.56281	12.15596	1.06646	1	-0.00537	-0.01018	0.68881	0.00377	1	0.06431	-0.01512	0.69504	0.00358	1	1.45898	0.81042	0	
1247974	8417.54004	3304974993746	0.53311	0.41690	8417.47266	0.06738	11237	1	0.55930	0.37677	0	0.53834	0.46210	0	0.53834	0.46210	0	0.47909	0.53943	11.19477	1.06646	0	0.74194	0.56281	12.15596	1.06646	0	-0.00537	-0.01018	0.68881	0.00377	1	0.06431	-0.01512	0.69504	0.00358	1	1.45898	0.81042	0	
1247975	8417.54688	3304975060373	0.53352	0.42150	8417.47266	0.07422	11237	1	0.55930	0.37677	0	0.53762	0.46744	1	0.53762	0.46744	1	0.47909	0.53943	11.19477	1.06646	0	0.74168	0.56292	11.90914	1.05880	1	-0.00537	-0.01018	0.68881	0.00377	1	0.06191	-0.01459	0.67069	0.00357	1	1.45898	0.81042	0	
1247976	8417.55371	3304975127705	0.53352	0.42150	8417.47266	0.08105	11237	1	0.55930	0.37677	0	0.53762	0.46744	0	0.53762	0.46744	0	0.47909	0.53943	11.19477	1.05880	0	0.74168	0.56292	11.90914	1.05114	0	-0.00537	-0.01018	0.68881	0.00377	1	0.06191	-0.01459	0.67069	0.00357	1	1.45898	0.81042	0	
1247977	8417.55957	3304975194051	0.53352	0.42150	8417.47266	0.08691	11237	1	0.55930	0.37677	0	0.53762	0.46744	0	0.53762	0.46744	0	0.47909	0.53943	11.19477	1.05114	0	0.74168	0.56292	11.90914	1.04349	0	-0.00537	-0.01018	0.68881	0.00377	1	0.06191	-0.01459	0.67069	0.00357	1	1.45898	0.81042	0	
1247978	8417.56641	3304975261643	0.53352	0.42150	8417.47266	0.09375	11237	1	0.55930	0.37677	0	0.53762	0.46744	0	0.53762	0.46744	0	0.47909	0.53943	11.19477	1.04349	0	0.74168	0.56292	11.90914	1.03583	0	-0.00537	-0.01018	0.68881	0.00377	1	0.06191	-0.01459	0.67069	0.00357	1	1.45898	0.81042	0	
1247979	8417.57324	3304975328177	0.53374	0.42527	8417.47266	0.09375	11237	0	0.55930	0.37677	0	0.53762	0.46744	0	0.53762	0.46744	0	0.47909	0.53943	11.19477	1.03583	0	0.74168	0.56292	11.90914	1.03583	0	-0.00537	-0.01018	0.68881	0.00377	1	0.06191	-0.01459	0.67069	0.00357	1	1.45898	0.81042	0	
1247980	8417.58008	3304975395822	0.53374	0.42527	8417.47266	0.09375	11237	0	0.55930	0.37677	0	0.53762	0.46744	0	0.53762	0.46744	0	0.47909	0.53943	11.19477	1.03583	0	0.74168	0.56292	11.90914	1.03583	0	-0.00537	-0.01018	0.68881	0.00377	1	0.06191	-0.01459	0.67069	0.00357	1	1.45898	0.81042	0	
1247981	8417.58691	3304975462117	0.53374	0.42527	8417.47266	0.09375	11237	0	0.55930	0.37677	0	0.53762	0.46744	0	0.53762	0.46744	0	0.47909	0.53943	11.19477	1.03583	0	0.74168	0.56292	11.90914	1.03583	0	-0.00537	-0.01018	0.68881	0.00377	1	0.06191	-0.01459	0.67069	0.00357	1	1.45898	0.81042	0	
1247982	8417.59375	3304975529474	0.00000	0.00000	8417.47266	0.09375	11237	0	0.55930	0.37677	0	0.53762	0.46744	0	0.53762	0.46744	0	0.47909	0.53943	11.19477	1.03583	0	0.74168	0.56292	11.90914	1.03583	0	-0.00537	-0.01018	0.68881	0.00377	1	0.06191	-0.01459	0.67069	0.00357	1	1.45898	0.81042	0	
1247983	8417.60059	3304975597831	0.00000	0.00000	8417.47266	0.09375	11237	0	0.55930	0.37677	0	0.53762	0.46744	0	0.53762	0.46744	0	0.47909	0.53943	11.19477	1.03583	0	0.74168	0.56292	11.90914	1.03583	0	-0.00537	-0.01018	0.68881	0.00377	1	0.06191	-0.01459	0.67069	0.00357	1	1.45898	0.81042	0	
1247984	8417.60645	3304975663263	0.00000	0.00000	8417.47266	0.09375	11237	0	0.55930	0.37677	0	0.53762	0.46744	0	0.53762	0.46744	0	0.47909	0.53943	11.19477	1.03583	0	0.74168	0.56292	11.90914	1.03583	0	-0.00537	-0.01018	0.68881	0.00377	1	0.06191	-0.01459	0.67069	0.00357	1	1.45898	0.81042	0	
1247985	8417.61328	3304975730202	0.54436	0.39386	8417.47266	0.09375	11237	0	0.54783	0.44466	1	0.54088	0.34306	1	0.54436	0.39386	1	0.47796	0.54015	10.74906	1.03583	1	0.74116	0.56203	11.20233	1.03583	1	-0.00537	-0.01018	0.68881	0.00362	1	0.06191	-0.01459	0.67069	0.00410	1	1.45898	0.81042	0	
1247986	8417.62012	3304975797508	0.54613	0.40541	8417.47266	0.09375	11237	0	0.55258	0.46514	1	0.54323	0.36880	1	0.54791	0.41697	1	0.47805	0.54027	11.01715	1.03583	1	0.74119	0.56233	11.24233	1.03583	1	-0.00537	-0.01018	0.68881	0.00357	1	0.06191	-0.01459	0.67069	0.00413	1	1.45898	0.81042	0	
1247987	8417.62695	3304975864522	0.54673	0.40927	8417.47266	0.09375	11237	0	0.55258	0.46514	1	0.54323	0.36880	1	0.54791	0.41697	1	0.47795	0.53983	10.76228	1.03583	1	0.74091	0.56288	11.22185	1.03583	1	-0.00552	-0.01022	0.68150	0.00368	1	0.06152	-0.01462	0.66762	0.00383	1	1.45898	0.81042	0	
1247988	8417.63379	3304975929783	0.54148	0.40960	8417.61328	0.02051	11238	1	0.53464	0.39748	1	0.51682	0.42368	1	0.52573	0.41058	1	0.47783	0.53961	10.58209	1.03583	1	0.74083	0.56304	11.57246	1.03583	1	-0.00552	-0.01022	0.68150	0.00371	1	0.06152	-0.01462	0.66762	0.00375	1	1.45898	0.81042	0	
1247989	8417.64062	3304975998330	0.53939	0.41166	8417.61328	0.02734	11238	1	0.53893	0.40685	1	0.52312	0.43294	1	0.53102	0.41990	1	0.47794	0.53962	10.51458	1.03583	1	0.74094	0.56315	11.73871	1.03583	1	-0.00552	-0.01022	0.68150	0.00372	1	0.06152	-0.01462	0.66762	0.00381	1	1.45898	0.81042	0	
1247990	8417.64746	3304976065311	0.53809	0.41088	8417.61328	0.03418	11238	1	0.53806	0.40008	1	0.52522	0.41398	1	0.53164	0.40703	1	0.47793	0.53986	10.58051	1.04491	1	0.74065	0.56247	11.36884	1.06125	1	-0.00572	-0.01050	0.70012	0.00364	1	0.06472	-0.01538	0.70230	0.00394	1	1.45898	0.81042	0	
1247991	8417.65332	3304976132259	0.53744	0.40937	8417.61328	0.04004	11238	1	0.55480	0.44214	1	0.51229	0.35840	1	0.53354	0.40027	1	0.47774	0.54031	10.11436	1.07034	1	0.74066	0.56284	11.49019	1.08668	1	-0.00572	-0.01050	0.70012	0.00352	1	0.06472	-0.01538	0.70230	0.00381	1	1.45898	0.81042	0	
1247992	8417.66016	3304976195017	0.53822	0.40646	8417.61328	0.04688	11238	1	0.56568	0.41325	1	0.52164	0.35895	1	0.54366	0.38610	1	0.47795	0.54021	10.74598	1.09576	1	0.74084	0.56293	11.45883	1.11210	1	-0.00572	-0.01050	0.70012	0.00357	1	0.06472	-0.01538	0.70230	0.00379	1	1.45898	0.81042	0	
1247993	8417.66699	3304976266625	0.53876	0.40421	8417.61328	0.05371	11238	1	0.56511	0.40744	1	0.52104	0.36506	1	0.54307	0.38625	1	0.47789	0.54023	10.28760	1.10409	1	0.74111	0.56323	11.14391	1.10409	1	-0.00537	-0.00986	0.65731	0.00354	1	0.06008	-0.01435	0.65305	0.00384	1	1.45898	0.81042	0	
1247994	8417.67383	3304976333152	0.53911	0.40987	8417.61328	0.06055	11238	1	0.58131	0.47157	1	0.50321	0.44990	1	0.54226	0.46074	1	0.47810	0.54066	10.40703	1.08698	1	0.74053	0.56370	11.26435	1.07064	1	-0.00537	-0.00986	0.65731	0.00365	1	0.06008	-0.01435	0.65305	0.00365	1	1.45898	0.81042	0	
1247995	8417.68066	3304976399964	0.53885	0.41356	8417.61328	0.06738	11238	1	0.55373	0.44099	1	0.51865	0.46001	1	0.53619	0.45050	1	0.47808	0.54059	10.23743	1.05354	1	0.74085	0.56339	10.58065	1.03720	1	-0.00537	-0.00986	0.65731	0.00378	1	0.06008	-0.01435	0.65305	0.00382	1	1.45898	0.81042	0	
1247996	8417.68750	3304976467208	0.53860	0.41834	8417.61328	0.07422	11238	1	0.55580	0.45878	1	0.51612	0.48316	1	0.53596	0.47097	1	0.47812	0.54087	10.86182	1.02812	1	0.74076	0.56383	10.69556	1.00497	1	-0.00563	-0.01023	0.68232	0.00369	1	0.05907	-0.01405	0.64156	0.00366	1	1.45898	0.81042	0	
1247997	8417.69336	3304976532236	0.53833	0.42230	8417.61328	0.08008	11238	1	0.56187	0.43485	1	0.50822	0.50472	1	0.53505	0.46979	1	0.47783	0.54053	10.46428	1.01298	1	0.74071	0.56374	11.89243	1.00618	1	-0.00563	-0.01023	0.68232	0.00339	1	0.05907	-0.01405	0.64156	0.00355	1	1.45898	0.81042	0	
1247998	8417.70020	3304976601118	0.53846	0.42688	8417.61328	0.08691	11238	1	0.57956	0.44901	1	0.50071	0.52376	1	0.54014	0.48639	1	0.47779	0.54037	10.81413	1.01419	1	0.74065	0.56383	11.33494	1.00738	1	-0.00563	-0.01023	0.68232	0.00340	1	0.05907	-0.01405	0.64156	0.00382	1	1.45898	0.81042	0	
1247999	8417.70703	3304976667723	0.53860	0.43046	8417.61328	0.09375	11238	1	0.57949	0.44815	1	0.50170	0.51318	1	0.54060	0.48067	1	0.47682	0.54020	10.70969	1.01540	1	0.73967	0.56338	11.73399	1.02306	1	-0.00566	-0.01017	0.67443	0.00377	1	0.06277	-0.01495	0.68285	0.00375	1	1.45898	0.81042	0	
1248000	8417.71387	3304976735239	0.53609	0.43250	8417.61328	0.10059	11238	1	0.51141	0.48258	1	0.48553	0.44341	1	0.49847	0.46299	1	0.47648	0.54022	10.51877	1.02306	1	0.73956	0.56329	11.77130	1.03753	1	-0.00566	-0.01017	0.67443	0.00391	1	0.06277	-0.01495	0.68285	0.00377	1	1.45898	0.81042	0	
1248001	8417.72070	3304976799704	0.53317	0.43377	8417.61328	0.10742	11238	1	0.51141	0.48258	0	0.48633	0.45408	1	0.48633	0.45408	1	0.47648	0.54022	10.51877	1.03753	0	0.73956	0.56344	11.74224	1.05200	1	-0.00566	-0.01017	0.67443	0.00391	1	0.06277	-0.01495	0.68285	0.00367	1	1.45898	0.81042	0	
1248002	8417.72754	3304976868920	0.53317	0.43377	8417.61328	0.11426	11238	1	0.51141	0.48258	0	0.48633	0.45408	0	0.48633	0.45408	0	0.47648	0.54022	10.51877	1.05200	0	0.73956	0.56344	11.74224	1.06646	0	-0.00566	-0.01017	0.67443	0.00391	1	0.06277	-0.01495	0.68285	0.00367	1	1.45898	0.81042	0	
1248003	8417.73438	3304976935794	0.53090	0.43151	8417.61328	0.12109	11238	1	0.51141	0.48258	0	0.49230	0.39321	1	0.49230	0.39321	1	0.47648	0.54022	10.51877	1.06646	0	0.73960	0.56291	11.18853	1.06646	1	-0.00566	-0.01017	0.67443	0.00391	1	0.06277	-0.01495	0.68285	0.00387	1	1.45898	0.81042	0	
1248004	8417.74121	3304977002637	0.53090	0.43151	8417.61328	0.12793	11238	1	0.51141	0.48258	0	0.49230	0.39321	0	0.49230	0.39321	0	0.47648	0.54022	10.51877	1.06646	0	0.73960	0.56291	11.18853	1.06646	0	-0.00566	-0.01017	0.67443	0.00391	1	0.06277	-0.01495	0.68285	0.00387	1	1.45898	0.81042	0	
1248005	8417.74707	3304977070035	0.53090	0.43151	8417.61328	0.13379	11238	1	0.51141	0.48258	0	0.49230	0.39321	0	0.49230	0.39321	0	0.47648	0.54022	10.51877	1.06646	0	0.73960	0.56291	11.18853	1.06646	0	-0.00566	-0.01017	0.67443	0.00391	1	0.06277	-0.01495	0.68285	0.00387	1	1.45898	0.81042	0	
1248006	8417.75391	3304977136775	0.52811	0.43199	8417.61328	0.14062	11238	1	0.51141	0.48258	0	0.47789	0.44059	1	0.47789	0.44059	1	0.47648	0.54022	10.51877	1.06646	0	0.73942	0.56342	11.29067	1.06646	1	-0.00566	-0.01017	0.67443	0.00391	1	0.06277	-0.01495	0.68285	0.00373	1	1.45898	0.81042	0	
1248007	8417.76074	3304977203900	0.52570	0.43230	8417.61328	0.14746	11238	1	0.51141	0.48258	0	0.47994	0.43820	1	0.47994	0.43820	1	0.47648	0.54022	10.51877	1.06646	0	0.73942	0.56350	11.34847	1.06646	1	-0.00566	-0.01017	0.67443	0.00391	1	0.06277	-0.01495	0.68285	0.00369	1	1.45898	0.81042	0	
1248008	8417.76758	3304977271402	0.52354	0.43229	8417.61328	0.15430	11238	1	0.51141	0.48258	0	0.48029	0.43198	1	0.48029	0.43198	1	0.47648	0.54022	10.51877	1.06646	0	0.73942	0.56350	11.34847	1.07514	1	-0.00566	-0.01017	0.67443	0.00391	1	0.06478	-0.01550	0.70527	0.00369	1	1.45898	0.81042	0	
1248009	8417.77441	3304977337909	0.52253	0.42899	8417.61328	0.16113	11238	1	0.51141	0.48258	0	0.50147	0.35985	1	0.50147	0.35985	1	0.47648	0.54022	10.51877	1.07514	0	0.73975	0.56276	10.93983	1.08382	1	-0.00566	-0.01017	0.67443	0.00391	1	0.06478	-0.01550	0.70527	0.00387	1	1.45898	0.81042	0	
1248010	8417.78125	3304977404972	0.52148	0.42662	8417.61328	0.16797	11238	1	0.51141	0.48258	0	0.49834	0.37450	1	0.49834	0.37450	1	0.47648	0.54022	10.51877	1.08382	0	0.73969	0.56293	11.04439	1.09251	1	-0.00566	-0.01017	0.67443	0.00391	1	0.06478	-0.01550	0.70527	0.00387	1	1.45898	0.81042	0	
1248011	8417.78809	3304977471962	0.52148	0.42662	8417.61328	0.17480	11238	1	0.51141	0.48258	0	0.49834	0.37450	0	0.49834	0.37450	0	0.47648	0.54022	10.51877	1.09251	0	0.73969	0.56293	11.04439	1.10119	0	-0.00566	-0.01017	0.67443	0.00391	1	0.06478	-0.01550	0.70527	0.00387	1	1.45898	0.81042	0	
1248012	8417.79395	3304977538829	0.52148	0.42662	8417.61328	0.18066	11238	1	0.51141	0.48258	0	0.49834	0.37450	0	0.49834	0.37450	0	0.47648	0.54022	10.51877	1.10119	0	0.73969	0.56293	11.04439	1.10119	0	-0.00566	-0.01017	0.67443	0.00391	1	0.06478	-0.01550	0.70527	0.00387	1	1.45898	0.81042	0	
1248013	8417.80078	3304977606111	0.52148	0.42662	8417.61328	0.18750	11238	1	0.51141	0.48258	0	0.49834	0.37450	0	0.49834	0.37450	0	0.47648	0.54022	10.51877	1.10119	0	0.73969	0.56293	11.04439	1.10119	0	-0.00566	-0.01017	0.67443	0.00391	1	0.06478	-0.01550	0.70527	0.00387	1	1.45898	0.81042	0	
1248014	8417.80762	3304977672951	0.50556	0.43860	8417.61328	0.18750	11238	0	0.51141	0.48258	0	0.49834	0.37450	0	0.49834	0.37450	0	0.47648	0.54022	10.51877	1.10119	0	0.73969	0.56293	11.04439	1.10119	0	-0.00566	-0.01017	0.67443	0.00391	1	0.06478	-0.01550	0.70527	0.00387	1	1.45898	0.81042	0	
1248015	8417.81445	3304977739688	0.50556	0.43860	8417.61328	0.18750	11238	0	0.51141	0.48258	0	0.49834	0.37450	0	0.49834	0.37450	0	0.47648	0.54022	10.51877	1.10119	0	0.73969	0.56293	11.04439	1.10119	0	-0.00566	-0.01017	0.67443	0.00391	1	0.06478	-0.01550	0.70527	0.00387	1	1.45898	0.81042	0	
1248016	8417.82129	3304977806626	0.50556	0.43860	8417.61328	0.18750	11238	0	0.51141	0.48258	0	0.49834	0.37450	0	0.49834	0.37450	0	0.47648	0.54022	10.51877	1.10119	0	0.73969	0.56293	11.04439	1.10119	0	-0.00566	-0.01017	0.67443	0.00391	1	0.06478	-0.01550	0.70527	0.00387	1	1.45898	0.81042	0	
1248017	8417.82812	3304977872793	0.00000	0.00000	8417.61328	0.18750	11238	0	0.51141	0.48258	0	0.49834	0.37450	0	0.49834	0.37450	0	0.47648	0.54022	10.51877	1.10119	0	0.73969	0.56293	11.04439	1.10119	0	-0.00566	-0.01017	0.67443	0.00391	1	0.06478	-0.01550	0.70527	0.00387	1	1.45898	0.81042	0	
1248018	8417.83496	3304977941441	0.00000	0.00000	8417.61328	0.18750	11238	0	0.51141	0.48258	0	0.49834	0.37450	0	0.49834	0.37450	0	0.47648	0.54022	10.51877	1.10119	0	0.73969	0.56293	11.04439	1.10119	0	-0.00566	-0.01017	0.67443	0.00391	1	0.06478	-0.01550	0.70527	0.00387	1	1.45898	0.81042	0	
1248019	8417.84082	3304978007933	0.00000	0.00000	8417.61328	0.18750	11238	0	0.51141	0.48258	0	0.49834	0.37450	0	0.49834	0.37450	0	0.47648	0.54022	10.51877	1.10119	0	0.73969	0.56293	11.04439	1.10119	0	-0.00566	-0.01017	0.67443	0.00391	1	0.06478	-0.01550	0.70527	0.00387	1	1.45898	0.81042	0	
1248020	8417.84766	3304978074650	0.50019	0.40189	8417.61328	0.18750	11238	0	0.50204	0.42928	1	0.49834	0.37450	1	0.50019	0.40189	1	0.47659	0.54072	10.66187	1.10119	1	0.73939	0.56356	11.17898	1.09251	1	-0.00566	-0.01017	0.67443	0.00365	1	0.06158	-0.01472	0.66985	0.00366	1	1.45898	0.81042	0	
1248021	8417.85449	3304978141826	0.47624	0.41979	8417.61328	0.18750	11238	0	0.50204	0.42928	0	0.45230	0.43768	1	0.45230	0.43768	1	0.47659	0.54072	10.66187	1.09251	0	0.73937	0.56354	11.24268	1.08382	1	-0.00566	-0.01017	0.67443	0.00365	1	0.06158	-0.01472	0.66985	0.00369	1	1.45898	0.81042	0	
1248022	8417.86133	3304978205109	0.47624	0.41979	8417.61328	0.18750	11238	0	0.50204	0.42928	0	0.45230	0.43768	0	0.45230	0.43768	0	0.47659	0.54072	10.66187	1.08382	0	0.73937	0.56354	11.24268	1.07514	0	-0.00566	-0.01017	0.67443	0.00365	1	0.06158	-0.01472	0.66985	0.00369	1	1.45898	0.81042	0	
1248023	8417.86816	3304978272646	0.45230	0.43768	8417.61328	0.18750	11238	0	0.50204	0.42928	0	0.45230	0.43768	0	0.45230	0.43768	0	0.47659	0.54072	10.66187	1.07514	0	0.73937	0.56354	11.24268	1.06646	0	-0.00566	-0.01017	0.67443	0.00365	1	0.06158	-0.01472	0.66985	0.00369	1	1.45898	0.81042	0	
1248024	8417.87402	3304978339863	0.45944	0.42327	8417.61328	0.18750	11238	0	0.50204	0.42928	0	0.46658	0.40886	1	0.46658	0.40886	1	0.47659	0.54072	10.66187	1.06646	0	0.73954	0.56310	11.02559	1.06646	1	-0.00566	-0.01017	0.67443	0.00365	1	0.06158	-0.01472	0.66985	0.00381	1	1.45898	0.81042	0	
1248025	8417.88086	3304978408058	0.45775	0.42959	8417.61328	0.18750	11238	0	0.50204	0.42928	0	0.45437	0.44222	1	0.45437	0.44222	1	0.47659	0.54072	10.66187	1.06646	0	0.73938	0.56369	11.26180	1.06646	1	-0.00566	-0.01017	0.67443	0.00365	1	0.06158	-0.01472	0.66985	0.00360	1	1.45898	0.81042	0	
1248026	8417.88770	3304978475541	0.45690	0.43275	8417.86816	0.01953	11239	1	0.50204	0.42928	0	0.45437	0.44222	1	0.45437	0.44222	1	0.47659	0.54072	10.66187	1.06646	0	0.73953	0.56328	11.13787	1.06646	1	-0.00566	-0.01017	0.67443	0.00365	1	0.06277	-0.01495	0.68285	0.00373	1	1.45898	0.81042	0	
1248027	8417.89453	3304978541361	0.45690	0.43275	8417.86816	0.02637	11239	1	0.50204	0.42928	0	0.45437	0.44222	0	0.45437	0.44222	0	0.47659	0.54072	10.66187	1.06646	0	0.73953	0.56328	11.13787	1.06646	0	-0.00566	-0.01017	0.67443	0.00365	1	0.06277	-0.01495	0.68285	0.00373	1	1.45898	0.81042	0	
1248028	8417.90137	3304978607687	0.45690	0.43275	8417.86816	0.03320	11239	1	0.50204	0.42928	0	0.45437	0.44222	0	0.45437	0.44222	0	0.47659	0.54072	10.66187	1.06646	0	0.73953	0.56328	11.13787	1.06646	0	-0.00566	-0.01017	0.67443	0.00365	1	0.06277	-0.01495	0.68285	0.00373	1	1.45898	0.81042	0	
1248029	8417.90820	3304978673322	0.45690	0.43275	8417.86816	0.04004	11239	1	0.50204	0.42928	0	0.45437	0.44222	0	0.45437	0.44222	0	0.47659	0.54072	10.66187	1.06646	0	0.73953	0.56328	11.13787	1.06646	0	-0.00566	-0.01017	0.67443	0.00365	1	0.06277	-0.01495	0.68285	0.00373	1	1.45898	0.81042	0	
1248030	8417.91406	3304978737601	0.45844	0.43110	8417.86816	0.04004	11239	0	0.50204	0.42928	0	0.45437	0.44222	0	0.45437	0.44222	0	0.47659	0.54072	10.66187	1.06646	0	0.73953	0.56328	11.13787	1.06646	0	-0.00566	-0.01017	0.67443	0.00365	1	0.06277	-0.01495	0.68285	0.00373	1	1.45898	0.81042	0	
1248031	8417.92188	3304978811682	0.45424	0.42178	8417.86816	0.04004	11239	0	0.50204	0.42928	0	0.45005	0.41246	1	0.45005	0.41246	1	0.47659	0.54072	10.66187	1.06646	0	0.73965	0.56322	10.96832	1.06646	1	-0.00566	-0.01017	0.67443	0.00365	1	0.06277	-0.01495	0.68285	0.00389	1	1.45898	0.81042	0	
1248032	8417.92871	3304978879090	0.45424	0.42178	8417.86816	0.04004	11239	0	0.50204	0.42928	0	0.45005	0.41246	0	0.45005	0.41246	0	0.47659	0.54072	10.66187	1.06646	0	0.73965	0.56322	10.96832	1.06646	0	-0.00566	-0.01017	0.67443	0.00365	1	0.06277	-0.01495	0.68285	0.00389	1	1.45898	0.81042	0	
1248033	8417.93457	3304978945549	0.45424	0.42178	8417.91406	0.02051	11240	1	0.50204	0.42928	0	0.45005	0.41246	0	0.45005	0.41246	0	0.47659	0.54072	10.66187	1.06646	0	0.73965	0.56322	10.96832	1.06646	0	-0.00566	-0.01017	0.67443	0.00365	1	0.06277	-0.01495	0.68285	0.00389	1	1.45898	0.81042	0	
1248034	8417.94141	3304979012419	0.45424	0.42178	8417.91406	0.02734	11240	1	0.50204	0.42928	0	0.45005	0.41246	0	0.45005	0.41246	0	0.47659	0.54072	10.66187	1.06646	0	0.73965	0.56322	10.96832	1.06646	0	-0.00566	-0.01017	0.67443	0.00365	1	0.06277	-0.01495	0.68285	0.00389	1	1.45898	0.81042	0	
1248035	8417.94824	3304979079544	0.45005	0.41246	8417.91406	0.02734	11240	0	0.50204	0.42928	0	0.45005	0.41246	0	0.45005	0.41246	0	0.47659	0.54072	10.66187	1.06646	0	0.73965	0.56322	10.96832	1.06646	0	-0.00566	-0.01017	0.67443	0.00365	1	0.06277	-0.01495	0.68285	0.00389	1	1.45898	0.81042	0	
1248036	8417.95508	3304979146792	0.45005	0.41246	8417.91406	0.02734	11240	0	0.50204	0.42928	0	0.45005	0.41246	0	0.45005	0.41246	0	0.47659	0.54072	10.66187	1.06646	0	0.73965	0.56322	10.96832	1.06646	0	-0.00566	-0.01017	0.67443	0.00365	1	0.06277	-0.01495	0.68285	0.00389	1	1.45898	0.81042	0	
1248037	8417.96191	3304979213301	0.45005	0.41246	8417.91406	0.02734	11240	0	0.50204	0.42928	0	0.45005	0.41246	0	0.45005	0.41246	0	0.47659	0.54072	10.66187	1.06646	0	0.73965	0.56322	10.96832	1.06646	0	-0.00566	-0.01017	0.67443	0.00365	1	0.06277	-0.01495	0.68285	0.00389	1	1.45898	0.81042	0	
1248038	8417.96875	3304979279231	0.00000	0.00000	8417.91406	0.02734	11240	0	0.50204	0.42928	0	0.45005	0.41246	0	0.45005	0.41246	0	0.47659	0.54072	10.66187	1.06646	0	0.73965	0.56322	10.96832	1.06646	0	-0.00566	-0.01017	0.67443	0.00365	1	0.06277	-0.01495	0.68285	0.00389	1	1.45898	0.81042	0	
1248039	8417.97559	3304979346261	0.00000	0.00000	8417.91406	0.02734	11240	0	0.50204	0.42928	0	0.45005	0.41246	0	0.45005	0.41246	0	0.47659	0.54072	10.66187	1.06646	0	0.73965	0.56322	10.96832	1.06646	0	-0.00566	-0.01017	0.67443	0.00365	1	0.06277	-0.01495	0.68285	0.00389	1	1.45898	0.81042	0	
1248040	8417.98145	3304979414175	0.00000	0.00000	8417.91406	0.02734	11240	0	0.50204	0.42928	0	0.45005	0.41246	0	0.45005	0.41246	0	0.47659	0.54072	10.66187	1.06646	0	0.73965	0.56322	10.96832	1.06646	0	-0.00566	-0.01017	0.67443	0.00365	1	0.06277	-0.01495	0.68285	0.00389	1	1.45898	0.81042	0	
1248041	8417.98828	3304979481730	0.00000	0.00000	8417.91406	0.02734	11240	0	0.50204	0.42928	0	0.45005	0.41246	0	0.45005	0.41246	0	0.47659	0.54072	10.66187	1.06646	0	0.73965	0.56322	10.96832	1.06646	0	-0.00566	-0.01017	0.67443	0.00365	1	0.06277	-0.01495	0.68285	0.00389	1	1.45898	0.81042	0	
1248042	8417.99512	3304979549098	0.00000	0.00000	8417.91406	0.02734	11240	0	0.50204	0.42928	0	0.45005	0.41246	0	0.45005	0.41246	0	0.47659	0.54072	10.66187	1.06646	0	0.73965	0.56322	10.96832	1.06646	0	-0.00566	-0.01017	0.67443	0.00365	1	0.06277	-0.01495	0.68285	0.00389	1	1.45898	0.81042	0	
1248043	8418.00195	3304979615209	0.19900	0.20696	8417.91406	0.02734	11240	0	0.50204	0.42928	0	0.39801	0.41392	1	0.39801	0.41392	1	0.47751	0.54015	11.02706	1.06646	0	0.47751	0.54015	11.02706	1.06646	1	-0.00566	-0.01017	0.67443	0.00365	1	0.06277	-0.01495	0.68285	0.00358	1	1.45898	0.81042	0	
1248044	8418.00879	3304979681305	0.39801	0.41392	8417.91406	0.02734	11240	0	0.50204	0.42928	0	0.39801	0.41392	1	0.39801	0.41392	1	0.47751	0.54015	11.02706	1.06646	0	0.47705	0.53999	10.39659	1.06646	1	-0.00566	-0.01017	0.67443	0.00365	1	-0.00558	-0.01009	0.67607	0.00356	1	1.45898	0.81042	0	
1248045	8418.01562	3304979749513	0.39153	0.39174	8417.91406	0.02734	11240	0	0.50204	0.42928	0	0.38506	0.36956	1	0.38506	0.36956	1	0.47751	0.54015	11.02706	1.06646	0	0.47732	0.53988	10.32544	1.06646	1	-0.00566	-0.01017	0.67443	0.00365	1	-0.00558	-0.01009	0.67607	0.00361	1	1.45898	0.81042	0	
1248046	8418.02148	3304979814381	0.38574	0.38628	8417.91406	0.02734	11240	0	0.50204	0.42928	0	0.37414	0.37537	1	0.37414	0.37537	1	0.47751	0.54015	11.02706	1.06646	0	0.47708	0.54009	10.50093	1.06646	1	-0.00566	-0.01017	0.67443	0.00365	1	-0.00558	-0.01009	0.67607	0.00349	1	1.45898	0.81042	0	
1248047	8418.02930	3304979883446	0.38284	0.38355	8418.00879	0.02051	11241	1	0.50204	0.42928	0	0.37414	0.37537	1	0.37414	0.37537	1	0.47751	0.54015	11.02706	1.06646	0	0.47713	0.54000	10.61821	1.06646	1	-0.00566	-0.01017	0.67443	0.00365	1	-0.00558	-0.01009	0.67607	0.00344	1	1.45898	0.81042	0	
1248048	8418.03516	3304979950298	0.38208	0.38661	8418.00879	0.02637	11241	1	0.50204	0.42928	0	0.37905	0.39883	1	0.37905	0.39883	1	0.47751	0.54015	11.02706	1.06646	0	0.47711	0.54017	10.72746	1.06646	1	-0.00566	-0.01017	0.67443	0.00365	1	-0.00558	-0.01009	0.67607	0.00353	1	1.45898	0.81042	0	
1248049	8418.04199	3304980017587	0.38005	0.38386	8418.00879	0.03320	11241	1	0.50204	0.42928	0	0.36993	0.37013	1	0.36993	0.37013	1	0.47751	0.54015	11.02706	1.06646	0	0.47709	0.53987	10.49216	1.06646	1	-0.00566	-0.01017	0.67443	0.00365	1	-0.00558	-0.01009	0.67607	0.00363	1	1.45898	0.81042	0	
1248050	8418.04883	3304980084146	0.37861	0.38190	8418.00879	0.04004	11241	1	0.50204	0.42928	0	0.36993	0.37013	1	0.36993	0.37013	1	0.47751	0.54015	11.02706	1.06646	0	0.47690	0.53981	10.25933	1.06646	1	-0.00566	-0.01017	0.67443	0.00365	1	-0.00558	-0.01009	0.67607	0.00372	1	1.45898	0.81042	0	
1248051	8418.05566	3304980151234	0.37727	0.38430	8418.00879	0.04688	11241	1	0.50204	0.42928	0	0.36789	0.40111	1	0.36789	0.40111	1	0.47751	0.54015	11.02706	1.06646	0	0.47704	0.54014	10.74618	1.06646	1	-0.00566	-0.01017	0.67443	0.00365	1	-0.00558	-0.01009	0.67607	0.00347	1	1.45898	0.81042	0	
1248052	8418.06250	3304980218109	0.37775	0.38155	8418.00879	0.05371	11241	1	0.50204	0.42928	0	0.38163	0.35957	1	0.38163	0.35957	1	0.47751	0.54015	11.02706	1.06646	0	0.47725	0.53995	10.16509	1.06646	1	-0.00566	-0.01017	0.67443	0.00365	1	-0.00558	-0.01009	0.67607	0.00348	1	1.45898	0.81042	0	
1248053	8418.06836	3304980281937	0.37814	0.37935	8418.00879	0.05957	11241	1	0.50204	0.42928	0	0.38163	0.35957	1	0.38163	0.35957	1	0.47751	0.54015	11.02706	1.06646	0	0.47712	0.53980	10.55545	1.06646	1	-0.00566	-0.01017	0.67443	0.00365	1	-0.00556	-0.01006	0.67422	0.00358	1	1.45898	0.81042	0	
1248054	8418.07520	3304980350279	0.37809	0.37663	8418.00879	0.06641	11241	1	0.50204	0.42928	0	0.37759	0.34936	1	0.37759	0.34936	1	0.47751	0.54015	11.02706	1.06646	0	0.47717	0.53982	10.40183	1.06646	1	-0.00566	-0.01017	0.67443	0.00365	1	-0.00556	-0.01006	0.67422	0.00360	1	1.45898	0.81042	0	
1248055	8418.08203	3304980416603	0.37868	0.37500	8418.00879	0.07324	11241	1	0.50204	0.42928	0	0.38512	0.35712	1	0.38512	0.35712	1	0.47751	0.54015	11.02706	1.06646	0	0.47722	0.53978	10.39344	1.06646	1	-0.00566	-0.01017	0.67443	0.00365	1	-0.00556	-0.01006	0.67422	0.00366	1	1.45898	0.81042	0	
1248056	8418.08887	3304980483283	0.37917	0.37363	8418.00879	0.08008	11241	1	0.50204	0.42928	0	0.38512	0.35712	1	0.38512	0.35712	1	0.47751	0.54015	11.02706	1.06646	0	0.47697	0.53977	11.03836	1.06646	1	-0.00566	-0.01017	0.67443	0.00365	1	-0.00558	-0.01009	0.67607	0.00359	1	1.45898	0.81042	0	
1248057	8418.09570	3304980548629	0.37936	0.37392	8418.00879	0.08691	11241	1	0.50204	0.42928	0	0.38178	0.37771	1	0.38178	0.37771	1	0.47751	0.54015	11.02706	1.06646	0	0.47726	0.53997	10.41657	1.06646	1	-0.00566	-0.01017	0.67443	0.00365	1	-0.00558	-0.01009	0.67607	0.00362	1	1.45898	0.81042	0	
1248058	8418.10254	3304980617502	0.37943	0.37397	8418.00879	0.09375	11241	1	0.50204	0.42928	0	0.38035	0.37473	1	0.38035	0.37473	1	0.47751	0.54015	11.02706	1.06646	0	0.47725	0.53989	10.43136	1.06646	1	-0.00566	-0.01017	0.67443	0.00365	1	-0.00558	-0.01009	0.67607	0.00358	1	1.45898	0.81042	0	
1248059	8418.10938	3304980685825	0.37948	0.37402	8418.00879	0.10059	11241	1	0.50204	0.42928	0	0.38035	0.37473	1	0.38035	0.37473	1	0.47751	0.54015	11.02706	1.06646	0	0.47723	0.53989	10.65028	1.06646	1	-0.00566	-0.01017	0.67443	0.00365	1	-0.00558	-0.01009	0.67607	0.00354	1	1.45898	0.81042	0	
1248060	8418.11621	3304980752866	0.37805	0.37443	8418.00879	0.10742	11241	1	0.50204	0.42928	0	0.35509	0.38091	1	0.35509	0.38091	1	0.47751	0.54015	11.02706	1.06646	0	0.47686	0.53995	10.93454	1.06646	1	-0.00566	-0.01017	0.67443	0.00365	1	-0.00558	-0.01009	0.67607	0.00359	1	1.45898	0.81042	0	
1248061	8418.12207	3304980817984	0.37805	0.37443	8418.00879	0.11328	11241	1	0.50204	0.42928	0	0.35509	0.38091	0	0.35509	0.38091	0	0.47751	0.54015	11.02706	1.06646	0	0.47686	0.53995	10.93454	1.06646	0	-0.00566	-0.01017	0.67443	0.00365	1	-0.00558	-0.01009	0.67607	0.00359	1	1.45898	0.81042	0	
1248062	8418.12891	3304980887837	0.37805	0.37443	8418.00879	0.12012	11241	1	0.50204	0.42928	0	0.35509	0.38091	0	0.35509	0.38091	0	0.47751	0.54015	11.02706	1.06646	0	0.47686	0.53995	10.93454	1.06646	0	-0.00566	-0.01017	0.67443	0.00365	1	-0.00558	-0.01009	0.67607	0.00359	1	1.45898	0.81042	0	
1248063	8418.13574	3304980952461	0.37805	0.37443	8418.00879	0.12695	11241	1	0.50204	0.42928	0	0.35509	0.38091	0	0.35509	0.38091	0	0.47751	0.54015	11.02706	1.06646	0	0.47686	0.53995	10.93454	1.06646	0	-0.00566	-0.01017	0.67443	0.00365	1	-0.00558	-0.01009	0.67607	0.00359	1	1.45898	0.81042	0	
1248064	8418.14258	3304981021282	0.37637	0.36935	8418.00879	0.12695	11241	0	0.50204	0.42928	0	0.35509	0.38091	0	0.35509	0.38091	0	0.47751	0.54015	11.02706	1.06646	0	0.47686	0.53995	10.93454	1.06646	0	-0.00566	-0.01017	0.67443	0.00365	1	-0.00558	-0.01009	0.67607	0.00359	1	1.45898	0.81042	0	
1248065	8418.14941	3304981087862	0.37637	0.36935	8418.00879	0.12695	11241	0	0.50204	0.42928	0	0.35509	0.38091	0	0.35509	0.38091	0	0.47751	0.54015	11.02706	1.06646	0	0.47686	0.53995	10.93454	1.06646	0	-0.00566	-0.01017	0.67443	0.00365	1	-0.00558	-0.01009	0.67607	0.00359	1	1.45898	0.81042	0	
1248066	8418.15527	3304981149504	0.43025	0.39974	8418.00879	0.12695	11241	0	0.50204	0.42928	0	0.48413	0.43013	1	0.48413	0.43013	1	0.47751	0.54015	11.02706	1.06646	0	0.74111	0.56283	11.50822	1.06646	1	-0.00566	-0.01017	0.67443	0.00365	1	-0.00558	-0.01009	0.67607	0.00381	1	1.45898	0.81042	0	
1248067	8418.16309	3304981224034	0.48413	0.43013	8418.00879	0.12695	11241	0	0.50204	0.42928	0	0.48413	0.43013	0	0.48413	0.43013	0	0.47751	0.54015	11.02706	1.06646	0	0.74111	0.56283	11.50822	1.06646	0	-0.00566	-0.01017	0.67443	0.00365	1	-0.00558	-0.01009	0.67607	0.00381	1	1.45898	0.81042	0	
1248068	8418.16992	3304981289876	0.48413	0.43013	8418.00879	0.12695	11241	0	0.50204	0.42928	0	0.48413	0.43013	0	0.48413	0.43013	0	0.47751	0.54015	11.02706	1.06646	0	0.74111	0.56283	11.50822	1.06646	0	-0.00566	-0.01017	0.67443	0.00365	1	-0.00558	-0.01009	0.67607	0.00381	1	1.45898	0.81042	0	
1248069	8418.17578	3304981357006	0.48413	0.43013	8418.00879	0.12695	11241	0	0.50204	0.42928	0	0.48413	0.43013	0	0.48413	0.43013	0	0.47751	0.54015	11.02706	1.06646	0	0.74111	0.56283	11.50822	1.06646	0	-0.00566	-0.01017	0.67443	0.00365	1	-0.00558	-0.01009	0.67607	0.00381	1	1.45898	0.81042	0	
1248070	8418.18262	3304981424085	0.00000	0.00000	8418.00879	0.12695	11241	0	0.50204	0.42928	0	0.48413	0.43013	0	0.48413	0.43013	0	0.47751	0.54015	11.02706	1.06646	0	0.74111	0.56283	11.50822	1.06646	0	-0.00566	-0.01017	0.67443	0.00365	1	-0.00558	-0.01009	0.67607	0.00381	1	1.45898	0.81042	0	
1248071	8418.18945	3304981490773	0.24206	0.21506	8418.00879	0.12695	11241	0	0.50204	0.42928	0	0.48413	0.43013	1	0.48413	0.43013	1	0.47751	0.54015	11.02706	1.06646	0	0.74108	0.56305	11.91923	1.06646	1	-0.00566	-0.01017	0.67443	0.00365	1	0.06431	-0.01517	0.69504	0.00391	1	1.45898	0.81042	0	
1248072	8418.19629	3304981557303	0.24206	0.21506	8418.00879	0.12695	11241	0	0.50204	0.42928	0	0.48413	0.43013	0	0.48413	0.43013	0	0.47751	0.54015	11.02706	1.06646	0	0.74108	0.56305	11.91923	1.06646	0	-0.00566	-0.01017	0.67443	0.00365	1	0.06431	-0.01517	0.69504	0.00391	1	1.45898	0.81042	0	
1248073	8418.20312	3304981624938	0.47201	0.41359	8418.00879	0.12695	11241	0	0.50204	0.42928	0	0.45989	0.39705	1	0.45989	0.39705	1	0.47751	0.54015	11.02706	1.06646	0	0.74142	0.56304	12.12919	1.06646	1	-0.00566	-0.01017	0.67443	0.00365	1	0.06431	-0.01517	0.69504	0.00389	1	1.45898	0.81042	0	
1248074	8418.20996	3304981691180	0.46595	0.40532	8418.00879	0.12695	11241	0	0.50204	0.42928	0	0.45989	0.39705	1	0.45989	0.39705	1	0.47751	0.54015	11.02706	1.06646	0	0.74194	0.56258	11.50286	1.06646	1	-0.00566	-0.01017	0.67443	0.00365	1	0.06431	-0.01522	0.69504	0.00407	1	1.45898	0.81042	0	
1248075	8418.21680	3304981759133	0.46595	0.40532	8418.00879	0.12695	11241	0	0.50204	0.42928	0	0.45989	0.39705	0	0.45989	0.39705	0	0.47751	0.54015	11.02706	1.06646	0	0.74194	0.56258	11.50286	1.06646	0	-0.00566	-0.01017	0.67443	0.00365	1	0.06431	-0.01522	0.69504	0.00407	1	1.45898	0.81042	0	
1248076	8418.22266	3304981826063	0.47396	0.40192	8418.20312	0.01953	11242	1	0.50204	0.42928	0	0.48999	0.39511	1	0.48999	0.39511	1	0.47751	0.54015	11.02706	1.06646	0	0.74188	0.56297	11.05495	1.06646	1	-0.00566	-0.01017	0.67443	0.00365	1	0.06431	-0.01522	0.69504	0.00378	1	1.45898	0.81042	0	
1248077	8418.22949	3304981892874	0.47396	0.40192	8418.20312	0.02637	11242	1	0.50204	0.42928	0	0.48999	0.39511	0	0.48999	0.39511	0	0.47751	0.54015	11.02706	1.06646	0	0.74188	0.56297	11.05495	1.06646	0	-0.00566	-0.01017	0.67443	0.00365	1	0.06431	-0.01522	0.69504	0.00378	1	1.45898	0.81042	0	
1248078	8418.23633	3304981959806	0.47396	0.40192	8418.20312	0.03320	11242	1	0.50204	0.42928	0	0.48999	0.39511	0	0.48999	0.39511	0	0.47751	0.54015	11.02706	1.06646	0	0.74188	0.56297	11.05495	1.06646	0	-0.00566	-0.01017	0.67443	0.00365	1	0.06431	-0.01522	0.69504	0.00378	1	1.45898	0.81042	0	
1248079	8418.24316	3304982026995	0.47396	0.40192	8418.20312	0.04004	11242	1	0.50204	0.42928	0	0.48999	0.39511	0	0.48999	0.39511	0	0.47751	0.54015	11.02706	1.06646	0	0.74188	0.56297	11.05495	1.06646	0	-0.00566	-0.01017	0.67443	0.00365	1	0.06431	-0.01522	0.69504	0.00378	1	1.45898	0.81042	0	
1248080	8418.25000	3304982093474	0.47494	0.39608	8418.20312	0.04004	11242	0	0.50204	0.42928	0	0.48999	0.39511	0	0.48999	0.39511	0	0.47751	0.54015	11.02706	1.06646	0	0.74188	0.56297	11.05495	1.06646	0	-0.00566	-0.01017	0.67443	0.00365	1	0.06431	-0.01522	0.69504	0.00378	1	1.45898	0.81042	0	
1248081	8418.25586	3304982157445	0.48622	0.35804	8418.20312	0.04004	11242	0	0.50204	0.42928	0	0.49750	0.31999	1	0.49750	0.31999	1	0.47751	0.54015	11.02706	1.06646	0	0.74202	0.56227	11.19976	1.06646	1	-0.00566	-0.01017	0.67443	0.00365	1	0.06431	-0.01522	0.69504	0.00415	1	1.45898	0.81042	0	
1248082	8418.26367	3304982227192	0.48622	0.35804	8418.20312	0.04004	11242	0	0.50204	0.42928	0	0.49750	0.31999	0	0.49750	0.31999	0	0.47751	0.54015	11.02706	1.06646	0	0.74202	0.56227	11.19976	1.06646	0	-0.00566	-0.01017	0.67443	0.00365	1	0.06431	-0.01522	0.69504	0.00415	1	1.45898	0.81042	0	
1248083	8418.26953	3304982292490	0.49750	0.31999	8418.20312	0.04004	11242	0	0.50204	0.42928	0	0.49750	0.31999	0	0.49750	0.31999	0	0.47751	0.54015	11.02706	1.06646	0	0.74202	0.56227	11.19976	1.06646	0	-0.00566	-0.01017	0.67443	0.00365	1	0.06431	-0.01522	0.69504	0.00415	1	1.45898	0.81042	0	
1248084	8418.27637	3304982360986	0.49750	0.31999	8418.20312	0.04004	11242	0	0.50204	0.42928	0	0.49750	0.31999	0	0.49750	0.31999	0	0.47751	0.54015	11.02706	1.06646	0	0.74202	0.56227	11.19976	1.06646	0	-0.00566	-0.01017	0.67443	0.00365	1	0.06431	-0.01522	0.69504	0.00415	1	1.45898	0.81042	0	
1248085	8418.28320	3304982425819	0.49750	0.31999	8418.20312	0.04004	11242	0	0.50204	0.42928	0	0.49750	0.31999	0	0.49750	0.31999	0	0.47751	0.54015	11.02706	1.06646	0	0.74202	0.56227	11.19976	1.06646	0	-0.00566	-0.01017	0.67443	0.00365	1	0.06431	-0.01522	0.69504	0.00415	1	1.45898	0.81042	0	
1248086	8418.29004	3304982493267	0.00000	0.00000	8418.20312	0.04004	11242	0	0.50204	0.42928	0	0.49750	0.31999	0	0.49750	0.31999	0	0.47751	0.54015	11.02706	1.06646	0	0.74202	0.56227	11.19976	1.06646	0	-0.00566	-0.01017	0.67443	0.00365	1	0.06431	-0.01522	0.69504	0.00415	1	1.45898	0.81042	0	
1248087	8418.29688	3304982561259	0.00000	0.00000	8418.20312	0.04004	11242	0	0.50204	0.42928	0	0.49750	0.31999	0	0.49750	0.31999	0	0.47751	0.54015	11.02706	1.06646	0	0.74202	0.56227	11.19976	1.06646	0	-0.00566	-0.01017	0.67443	0.00365	1	0.06431	-0.01522	0.69504	0.00415	1	1.45898	0.81042	0	
1248088	8418.30273	3304982626259	0.00000	0.00000	8418.20312	0.04004	11242	0	0.50204	0.42928	0	0.49750	0.31999	0	0.49750	0.31999	0	0.47751	0.54015	11.02706	1.06646	0	0.74202	0.56227	11.19976	1.06646	0	-0.00566	-0.01017	0.67443	0.00365	1	0.06431	-0.01522	0.69504	0.00415	1	1.45898	0.81042	0	
1248089	8418.30957	3304982693246	0.00000	0.00000	8418.20312	0.04004	11242	0	0.50204	0.42928	0	0.49750	0.31999	0	0.49750	0.31999	0	0.47751	0.54015	11.02706	1.06646	0	0.74202	0.56227	11.19976	1.06646	0	-0.00566	-0.01017	0.67443	0.00365	1	0.06431	-0.01522	0.69504	0.00415	1	1.45898	0.81042	0	
1248090	8418.31641	3304982761979	0.00000	0.00000	8418.20312	0.04004	11242	0	0.50204	0.42928	0	0.49750	0.31999	0	0.49750	0.31999	0	0.47751	0.54015	11.02706	1.06646	0	0.74202	0.56227	11.19976	1.06646	0	-0.00566	-0.01017	0.67443	0.00365	1	0.06431	-0.01522	0.69504	0.00415	1	1.45898	0.81042	0	
1248091	8418.32324	3304982830809	0.26548	0.19805	8418.20312	0.04004	11242	0	0.57179	0.37691	1	0.49013	0.41530	1	0.53096	0.39610	1	0.47919	0.53966	10.75289	1.06646	1	0.74187	0.56323	11.27650	1.06646	1	-0.00566	-0.01017	0.67443	0.00366	1	0.06431	-0.01522	0.69504	0.00375	1	1.45898	0.81042	0	
1248092	8418.33008	3304982897116	0.53107	0.39450	8418.20312	0.04004	11242	0	0.57179	0.37691	1	0.49057	0.40889	1	0.53118	0.39290	1	0.47869	0.53930	10.25657	1.06646	1	0.74216	0.56311	11.64545	1.07514	1	-0.00515	-0.01005	0.67320	0.00377	1	0.06512	-0.01543	0.70203	0.00368	1	1.45898	0.81042	0	
1248093	8418.33691	3304982964254	0.52389	0.39197	8418.20312	0.04004	11242	0	0.57179	0.37691	0	0.51672	0.38944	1	0.51672	0.38944	1	0.47869	0.53930	10.25657	1.07514	0	0.74228	0.56311	12.19010	1.08382	1	-0.00515	-0.01005	0.67320	0.00377	1	0.06512	-0.01543	0.70203	0.00382	1	1.45898	0.81042	0	
1248094	8418.34375	3304983031031	0.52389	0.39197	8418.20312	0.04004	11242	0	0.57179	0.37691	0	0.51672	0.38944	0	0.51672	0.38944	0	0.47869	0.53930	10.25657	1.08382	0	0.74228	0.56311	12.19010	1.09251	0	-0.00515	-0.01005	0.67320	0.00377	1	0.06512	-0.01543	0.70203	0.00382	1	1.45898	0.81042	0	
1248095	8418.35059	3304983098690	0.52193	0.38677	8418.33008	0.02051	11243	1	0.57179	0.37691	0	0.51799	0.37638	1	0.51799	0.37638	1	0.47869	0.53930	10.25657	1.09251	0	0.74222	0.56298	11.99752	1.10119	1	-0.00515	-0.01005	0.67320	0.00377	1	0.06512	-0.01543	0.70203	0.00389	1	1.45898	0.81042	0	
1248096	8418.35742	3304983165369	0.52193	0.38677	8418.33008	0.02734	11243	1	0.57179	0.37691	0	0.51799	0.37638	0	0.51799	0.37638	0	0.47869	0.53930	10.25657	1.10119	0	0.74222	0.56298	11.99752	1.10119	0	-0.00515	-0.01005	0.67320	0.00377	1	0.06512	-0.01543	0.70203	0.00389	1	1.45898	0.81042	0	
1248097	8418.36328	3304983232375	0.52193	0.38677	8418.33008	0.03320	11243	1	0.57179	0.37691	0	0.51799	0.37638	0	0.51799	0.37638	0	0.47869	0.53930	10.25657	1.10119	0	0.74222	0.56298	11.99752	1.10119	0	-0.00515	-0.01005	0.67320	0.00377	1	0.06512	-0.01543	0.70203	0.00389	1	1.45898	0.81042	0	
1248098	8418.37012	3304983299219	0.52193	0.38677	8418.33008	0.04004	11243	1	0.57179	0.37691	0	0.51799	0.37638	0	0.51799	0.37638	0	0.47869	0.53930	10.25657	1.10119	0	0.74222	0.56298	11.99752	1.10119	0	-0.00515	-0.01005	0.67320	0.00377	1	0.06512	-0.01543	0.70203	0.00389	1	1.45898	0.81042	0	
1248099	8418.37695	3304983366230	0.51736	0.38291	8418.33008	0.04004	11243	0	0.57179	0.37691	0	0.51799	0.37638	0	0.51799	0.37638	0	0.47869	0.53930	10.25657	1.10119	0	0.74222	0.56298	11.99752	1.10119	0	-0.00515	-0.01005	0.67320	0.00377	1	0.06512	-0.01543	0.70203	0.00389	1	1.45898	0.81042	0	
1248100	8418.38379	3304983433575	0.51736	0.38291	8418.33008	0.04004	11243	0	0.57179	0.37691	0	0.51799	0.37638	0	0.51799	0.37638	0	0.47869	0.53930	10.25657	1.10119	0	0.74222	0.56298	11.99752	1.10119	0	-0.00515	-0.01005	0.67320	0.00377	1	0.06512	-0.01543	0.70203	0.00389	1	1.45898	0.81042	0	
1248101	8418.39062	3304983500204	0.51736	0.38291	8418.33008	0.04004	11243	0	0.57179	0.37691	0	0.51799	0.37638	0	0.51799	0.37638	0	0.47869	0.53930	10.25657	1.10119	0	0.74222	0.56298	11.99752	1.10119	0	-0.00515	-0.01005	0.67320	0.00377	1	0.06512	-0.01543	0.70203	0.00389	1	1.45898	0.81042	0	
1248102	8418.39746	3304983566856	0.00000	0.00000	8418.33008	0.04004	11243	0	0.57179	0.37691	0	0.51799	0.37638	0	0.51799	0.37638	0	0.47869	0.53930	10.25657	1.10119	0	0.74222	0.56298	11.99752	1.10119	0	-0.00515	-0.01005	0.67320	0.00377	1	0.06512	-0.01543	0.70203	0.00389	1	1.45898	0.81042	0	
1248103	8418.40430	3304983634133	0.00000	0.00000	8418.33008	0.04004	11243	0	0.57179	0.37691	0	0.51799	0.37638	0	0.51799	0.37638	0	0.47869	0.53930	10.25657	1.10119	0	0.74222	0.56298	11.99752	1.10119	0	-0.00515	-0.01005	0.67320	0.00377	1	0.06512	-0.01543	0.70203	0.00389	1	1.45898	0.81042	0	
1248104	8418.41113	3304983701896	0.00000	0.00000	8418.33008	0.04004	11243	0	0.57179	0.37691	0	0.51799	0.37638	0	0.51799	0.37638	0	0.47869	0.53930	10.25657	1.10119	0	0.74222	0.56298	11.99752	1.10119	0	-0.00515	-0.01005	0.67320	0.00377	1	0.06512	-0.01543	0.70203	0.00389	1	1.45898	0.81042	0	
1248105	8418.41699	3304983768425	0.37715	0.26021	8418.33008	0.04004	11243	0	0.57179	0.37691	0	0.37715	0.26021	1	0.37715	0.26021	1	0.47944	0.53903	10.53609	1.10119	0	0.47944	0.53903	10.53609	1.10119	1	-0.00515	-0.01005	0.67320	0.00377	1	0.06512	-0.01543	0.70203	0.00392	1	1.45898	0.81042	0	
1248106	8418.42383	3304983835123	0.38548	0.26473	8418.33008	0.04004	11243	0	0.57179	0.37691	0	0.39380	0.26925	1	0.39380	0.26925	1	0.47944	0.53903	10.53609	1.10119	0	0.47975	0.53905	10.66960	1.10119	1	-0.00515	-0.01005	0.67320	0.00377	1	0.06512	-0.01543	0.70203	0.00368	1	1.45898	0.81042	0	
1248107	8418.43066	3304983902175	0.38836	0.26867	8418.33008	0.04004	11243	0	0.57179	0.37691	0	0.39411	0.27654	1	0.39411	0.27654	1	0.47944	0.53903	10.53609	1.10119	0	0.47978	0.53801	10.66620	1.09251	1	-0.00515	-0.01005	0.67320	0.00377	1	-0.00505	-0.01016	0.68778	0.00369	1	1.45898	0.81042	0	
1248108	8418.43750	3304983968965	0.38836	0.26867	8418.41699	0.02051	11244	1	0.57179	0.37691	0	0.39411	0.27654	0	0.39411	0.27654	0	0.47944	0.53903	10.53609	1.09251	0	0.47978	0.53801	10.66620	1.08382	0	-0.00515	-0.01005	0.67320	0.00377	1	-0.00505	-0.01016	0.68778	0.00369	1	1.45898	0.81042	0	
1248109	8418.44434	3304984036301	0.38836	0.26867	8418.41699	0.02734	11244	1	0.57179	0.37691	0	0.39411	0.27654	0	0.39411	0.27654	0	0.47944	0.53903	10.53609	1.08382	0	0.47978	0.53801	10.66620	1.07514	0	-0.00515	-0.01005	0.67320	0.00377	1	-0.00505	-0.01016	0.68778	0.00369	1	1.45898	0.81042	0	
1248110	8418.45117	3304984103210	0.38836	0.26867	8418.41699	0.03418	11244	1	0.57179	0.37691	0	0.39411	0.27654	0	0.39411	0.27654	0	0.47944	0.53903	10.53609	1.07514	0	0.47978	0.53801	10.66620	1.06646	0	-0.00515	-0.01005	0.67320	0.00377	1	-0.00505	-0.01016	0.68778	0.00369	1	1.45898	0.81042	0	
1248111	8418.45703	3304984169543	0.39396	0.27289	8418.41699	0.03418	11244	0	0.57179	0.37691	0	0.39411	0.27654	0	0.39411	0.27654	0	0.47944	0.53903	10.53609	1.06646	0	0.47978	0.53801	10.66620	1.06646	0	-0.00515	-0.01005	0.67320	0.00377	1	-0.00505	-0.01016	0.68778	0.00369	1	1.45898	0.81042	0	
1248112	8418.46387	3304984235237	0.39396	0.27289	8418.41699	0.03418	11244	0	0.57179	0.37691	0	0.39411	0.27654	0	0.39411	0.27654	0	0.47944	0.53903	10.53609	1.06646	0	0.47978	0.53801	10.66620	1.06646	0	-0.00515	-0.01005	0.67320	0.00377	1	-0.00505	-0.01016	0.68778	0.00369	1	1.45898	0.81042	0	
1248113	8418.47070	3304984303873	0.39396	0.27289	8418.41699	0.03418	11244	0	0.57179	0.37691	0	0.39411	0.27654	0	0.39411	0.27654	0	0.47944	0.53903	10.53609	1.06646	0	0.47978	0.53801	10.66620	1.06646	0	-0.00515	-0.01005	0.67320	0.00377	1	-0.00505	-0.01016	0.68778	0.00369	1	1.45898	0.81042	0	
1248114	8418.47754	3304984370796	0.49755	0.41825	8418.41699	0.03418	11244	0	0.57179	0.37691	0	0.49755	0.41825	1	0.49755	0.41825	1	0.47944	0.53903	10.53609	1.06646	0	0.74311	0.56327	12.40645	1.06646	1	-0.00515	-0.01005	0.67320	0.00377	1	-0.00505	-0.01016	0.68778	0.00372	1	1.45898	0.81042	0	
1248115	8418.48438	3304984437538	0.49298	0.42021	8418.41699	0.03418	11244	0	0.57179	0.37691	0	0.48841	0.42217	1	0.48841	0.42217	1	0.47944	0.53903	10.53609	1.06646	0	0.74306	0.56328	12.27441	1.06646	1	-0.00515	-0.01005	0.67320	0.00377	1	-0.00505	-0.01016	0.68778	0.00367	1	1.45898	0.81042	0	
1248116	8418.49121	3304984504884	0.49146	0.42086	8418.41699	0.03418	11244	0	0.57179	0.37691	0	0.48841	0.42217	1	0.48841	0.42217	1	0.47944	0.53903	10.53609	1.06646	0	0.74324	0.56323	12.04094	1.06646	1	-0.00515	-0.01005	0.67320	0.00377	1	0.06349	-0.01503	0.68173	0.00365	1	1.45898	0.81042	0	
1248117	8418.49707	3304984570273	0.49146	0.42086	8418.47754	0.01953	11245	1	0.57179	0.37691	0	0.48841	0.42217	0	0.48841	0.42217	0	0.47944	0.53903	10.53609	1.06646	0	0.74324	0.56323	12.04094	1.06646	0	-0.00515	-0.01005	0.67320	0.00377	1	0.06349	-0.01503	0.68173	0.00365	1	1.45898	0.81042	0	
1248118	8418.50488	3304984640800	0.49146	0.42086	8418.47754	0.02734	11245	1	0.57179	0.37691	0	0.48841	0.42217	0	0.48841	0.42217	0	0.47944	0.53903	10.53609	1.06646	0	0.74324	0.56323	12.04094	1.06646	0	-0.00515	-0.01005	0.67320	0.00377	1	0.06349	-0.01503	0.68173	0.00365	1	1.45898	0.81042	0	
1248119	8418.51074	3304984706794	0.49146	0.42086	8418.47754	0.03320	11245	1	0.57179	0.37691	0	0.48841	0.42217	0	0.48841	0.42217	0	0.47944	0.53903	10.53609	1.06646	0	0.74324	0.56323	12.04094	1.06646	0	-0.00515	-0.01005	0.67320	0.00377	1	0.06349	-0.01503	0.68173	0.00365	1	1.45898	0.81042	0	
1248120	8418.51758	3304984774173	0.48841	0.42217	8418.47754	0.03320	11245	0	0.57179	0.37691	0	0.48841	0.42217	0	0.48841	0.42217	0	0.47944	0.53903	10.53609	1.06646	0	0.74324	0.56323	12.04094	1.06646	0	-0.00515	-0.01005	0.67320	0.00377	1	0.06349	-0.01503	0.68173	0.00365	1	1.45898	0.81042	0	
1248121	8418.52441	3304984839594	0.48841	0.42217	8418.47754	0.03320	11245	0	0.57179	0.37691	0	0.48841	0.42217	0	0.48841	0.42217	0	0.47944	0.53903	10.53609	1.06646	0	0.74324	0.56323	12.04094	1.06646	0	-0.00515	-0.01005	0.67320	0.00377	1	0.06349	-0.01503	0.68173	0.00365	1	1.45898	0.81042	0	
1248122	8418.53125	3304984907117	0.48841	0.42217	8418.47754	0.03320	11245	0	0.57179	0.37691	0	0.48841	0.42217	0	0.48841	0.42217	0	0.47944	0.53903	10.53609	1.06646	0	0.74324	0.56323	12.04094	1.06646	0	-0.00515	-0.01005	0.67320	0.00377	1	0.06349	-0.01503	0.68173	0.00365	1	1.45898	0.81042	0	
1248123	8418.53809	3304984973810	0.00000	0.00000	8418.47754	0.03320	11245	0	0.57179	0.37691	0	0.48841	0.42217	0	0.48841	0.42217	0	0.47944	0.53903	10.53609	1.06646	0	0.74324	0.56323	12.04094	1.06646	0	-0.00515	-0.01005	0.67320	0.00377	1	0.06349	-0.01503	0.68173	0.00365	1	1.45898	0.81042	0	
1248124	8418.54492	3304985040849	0.00000	0.00000	8418.47754	0.03320	11245	0	0.57179	0.37691	0	0.48841	0.42217	0	0.48841	0.42217	0	0.47944	0.53903	10.53609	1.06646	0	0.74324	0.56323	12.04094	1.06646	0	-0.00515	-0.01005	0.67320	0.00377	1	0.06349	-0.01503	0.68173	0.00365	1	1.45898	0.81042	0	
1248125	8418.55078	3304985107366	0.00000	0.00000	8418.47754	0.03320	11245	0	0.57179	0.37691	0	0.48841	0.42217	0	0.48841	0.42217	0	0.47944	0.53903	10.53609	1.06646	0	0.74324	0.56323	12.04094	1.06646	0	-0.00515	-0.01005	0.67320	0.00377	1	0.06349	-0.01503	0.68173	0.00365	1	1.45898	0.81042	0	
1248126	8418.55762	3304985175303	0.39733	0.24978	8418.47754	0.03320	11245	0	0.57179	0.37691	0	0.39733	0.24978	1	0.39733	0.24978	1	0.47944	0.53903	10.53609	1.06646	0	0.47972	0.53847	10.61131	1.06646	1	-0.00515	-0.01005	0.67320	0.00377	1	0.06349	-0.01503	0.68173	0.00395	1	1.45898	0.81042	0	
1248127	8418.56445	3304985241717	0.39864	0.25025	8418.47754	0.03320	11245	0	0.57179	0.37691	0	0.39996	0.25072	1	0.39996	0.25072	1	0.47944	0.53903	10.53609	1.06646	0	0.47982	0.53865	10.80728	1.06646	1	-0.00515	-0.01005	0.67320	0.00377	1	0.06349	-0.01503	0.68173	0.00393	1	1.45898	0.81042	0	
1248128	8418.57129	3304985309030	0.39908	0.25041	8418.47754	0.03320	11245	0	0.57179	0.37691	0	0.39996	0.25072	1	0.39996	0.25072	1	0.47944	0.53903	10.53609	1.06646	0	0.47974	0.53914	10.79208	1.06646	1	-0.00515	-0.01005	0.67320	0.00377	1	-0.00499	-0.01008	0.67897	0.00377	1	1.45898	0.81042	0	
1248129	8418.57812	3304985376128	0.39966	0.21508	8418.55762	0.02051	11246	1	0.57179	0.37691	0	0.40140	0.10911	1	0.40140	0.10911	1	0.47944	0.53903	10.53609	1.06646	0	0.47989	0.53701	10.48454	1.06646	1	-0.00515	-0.01005	0.67320	0.00377	1	-0.00499	-0.01008	0.67897	0.00228	1	1.45898	0.81042	0	
1248130	8418.58496	3304985442739	0.39908	0.23471	8418.55762	0.02734	11246	1	0.57179	0.37691	0	0.39675	0.31321	1	0.39675	0.31321	1	0.47944	0.53903	10.53609	1.06646	0	0.47974	0.53915	10.83060	1.06646	1	-0.00515	-0.01005	0.67320	0.00377	1	-0.00499	-0.01008	0.67897	0.00373	1	1.45898	0.81042	0	
1248131	8418.59180	3304985509720	0.39869	0.24779	8418.55762	0.03418	11246	1	0.57179	0.37691	0	0.39675	0.31321	1	0.39675	0.31321	1	0.47944	0.53903	10.53609	1.06646	0	0.47984	0.53893	10.74352	1.06646	1	-0.00515	-0.01005	0.67320	0.00377	1	-0.00499	-0.01008	0.67897	0.00377	1	1.45898	0.81042	0	
1248132	8418.59766	3304985576513	0.39802	0.25655	8418.55762	0.04004	11246	1	0.57179	0.37691	0	0.39399	0.30911	1	0.39399	0.30911	1	0.47944	0.53903	10.53609	1.06646	0	0.47973	0.53917	10.94258	1.06646	1	-0.00515	-0.01005	0.67320	0.00377	1	-0.00499	-0.01008	0.67897	0.00371	1	1.45898	0.81042	0	
1248133	8418.60449	3304985643764	0.39772	0.25692	8418.55762	0.04688	11246	1	0.57179	0.37691	0	0.39564	0.25947	1	0.39564	0.25947	1	0.47944	0.53903	10.53609	1.06646	0	0.47974	0.53899	10.75870	1.06646	1	-0.00515	-0.01005	0.67320	0.00377	1	-0.00499	-0.01008	0.67897	0.00380	1	1.45898	0.81042	0	
1248134	8418.61133	3304985710661	0.39749	0.25720	8418.55762	0.05371	11246	1	0.57179	0.37691	0	0.39564	0.25947	1	0.39564	0.25947	1	0.47944	0.53903	10.53609	1.06646	0	0.47981	0.53864	10.80138	1.06646	1	-0.00515	-0.01005	0.67320	0.00377	1	-0.00499	-0.01008	0.67897	0.00386	1	1.45898	0.81042	0	
1248135	8418.61816	3304985777439	0.39749	0.25720	8418.55762	0.06055	11246	1	0.57179	0.37691	0	0.39564	0.25947	0	0.39564	0.25947	0	0.47944	0.53903	10.53609	1.06646	0	0.47981	0.53864	10.80138	1.06646	0	-0.00515	-0.01005	0.67320	0.00377	1	-0.00499	-0.01008	0.67897	0.00386	1	1.45898	0.81042	0	
1248136	8418.62500	3304985844793	0.40504	0.27348	8418.55762	0.06738	11246	1	0.57179	0.37691	0	0.47303	0.42003	1	0.47303	0.42003	1	0.47944	0.53903	10.53609	1.06646	0	0.74323	0.56327	12.08918	1.06646	1	-0.00515	-0.01005	0.67320	0.00377	1	-0.00499	-0.01008	0.67897	0.00405	1	1.45898	0.81042	0	
1248137	8418.63184	3304985911360	0.40504	0.27348	8418.55762	0.07422	11246	1	0.57179	0.37691	0	0.47303	0.42003	0	0.47303	0.42003	0	0.47944	0.53903	10.53609	1.06646	0	0.74323	0.56327	12.08918	1.06646	0	-0.00515	-0.01005	0.67320	0.00377	1	-0.00499	-0.01008	0.67897	0.00405	1	1.45898	0.81042	0	
1248138	8418.63867	3304985978123	0.40504	0.27348	8418.55762	0.08105	11246	1	0.57179	0.37691	0	0.47303	0.42003	0	0.47303	0.42003	0	0.47944	0.53903	10.53609	1.06646	0	0.74323	0.56327	12.08918	1.06646	0	-0.00515	-0.01005	0.67320	0.00377	1	-0.00499	-0.01008	0.67897	0.00405	1	1.45898	0.81042	0	
1248139	8418.64551	3304986045660	0.40504	0.27348	8418.55762	0.08789	11246	1	0.57179	0.37691	0	0.47303	0.42003	0	0.47303	0.42003	0	0.47944	0.53903	10.53609	1.06646	0	0.74323	0.56327	12.08918	1.06646	0	-0.00515	-0.01005	0.67320	0.00377	1	-0.00499	-0.01008	0.67897	0.00405	1	1.45898	0.81042	0	
1248140	8418.65137	3304986113105	0.40590	0.27612	8418.55762	0.08789	11246	0	0.57179	0.37691	0	0.47303	0.42003	0	0.47303	0.42003	0	0.47944	0.53903	10.53609	1.06646	0	0.74323	0.56327	12.08918	1.06646	0	-0.00515	-0.01005	0.67320	0.00377	1	-0.00499	-0.01008	0.67897	0.00405	1	1.45898	0.81042	0	
1248141	8418.65820	3304986179937	0.40590	0.27612	8418.55762	0.08789	11246	0	0.57179	0.37691	0	0.47303	0.42003	0	0.47303	0.42003	0	0.47944	0.53903	10.53609	1.06646	0	0.74323	0.56327	12.08918	1.06646	0	-0.00515	-0.01005	0.67320	0.00377	1	-0.00499	-0.01008	0.67897	0.00405	1	1.45898	0.81042	0	
1248142	8418.66504	3304986243958	0.40590	0.27612	8418.55762	0.08789	11246	0	0.57179	0.37691	0	0.47303	0.42003	0	0.47303	0.42003	0	0.47944	0.53903	10.53609	1.06646	0	0.74323	0.56327	12.08918	1.06646	0	-0.00515	-0.01005	0.67320	0.00377	1	-0.00499	-0.01008	0.67897	0.00405	1	1.45898	0.81042	0	
1248143	8418.67090	3304986308578	0.00000	0.00000	8418.55762	0.08789	11246	0	0.57179	0.37691	0	0.47303	0.42003	0	0.47303	0.42003	0	0.47944	0.53903	10.53609	1.06646	0	0.74323	0.56327	12.08918	1.06646	0	-0.00515	-0.01005	0.67320	0.00377	1	-0.00499	-0.01008	0.67897	0.00405	1	1.45898	0.81042	0	
1248144	8418.67773	3304986376018	0.00000	0.00000	8418.55762	0.08789	11246	0	0.57179	0.37691	0	0.47303	0.42003	0	0.47303	0.42003	0	0.47944	0.53903	10.53609	1.06646	0	0.74323	0.56327	12.08918	1.06646	0	-0.00515	-0.01005	0.67320	0.00377	1	-0.00499	-0.01008	0.67897	0.00405	1	1.45898	0.81042	0	
1248145	8418.68555	3304986445864	0.00000	0.00000	8418.55762	0.08789	11246	0	0.57179	0.37691	0	0.47303	0.42003	0	0.47303	0.42003	0	0.47944	0.53903	10.53609	1.06646	0	0.74323	0.56327	12.08918	1.06646	0	-0.00515	-0.01005	0.67320	0.00377	1	-0.00499	-0.01008	0.67897	0.00405	1	1.45898	0.81042	0	
1248146	8418.69238	3304986514459	0.52241	0.39847	8418.55762	0.08789	11246	0	0.57179	0.37691	1	0.47303	0.42003	1	0.52241	0.39847	1	0.47902	0.53682	11.27534	1.06646	1	0.74249	0.56299	11.52247	1.06646	1	-0.00505	-0.01016	0.68778	0.00223	1	0.06349	-0.01503	0.68173	0.00422	1	1.45898	0.81042	0	
1248147	8418.69824	3304986577068	0.50660	0.41849	8418.55762	0.08789	11246	0	0.52756	0.39045	1	0.45402	0.48658	1	0.49079	0.43851	1	0.47973	0.53968	11.79620	1.06646	1	0.74212	0.56396	12.66644	1.06646	1	-0.00505	-0.01016	0.68778	0.00379	1	0.06349	-0.01503	0.68173	0.00392	1	1.45898	0.81042	0	
1248148	8418.70508	3304986645234	0.49649	0.36374	8418.55762	0.08789	11246	0	0.47556	0.13853	1	0.47701	0.36995	1	0.47628	0.25424	1	0.47911	0.53691	11.61590	1.06646	1	0.74251	0.56273	11.81946	1.06646	1	-0.00505	-0.01016	0.68778	0.00224	1	0.06349	-0.01503	0.68173	0.00407	1	1.45898	0.81042	0	
1248149	8418.71191	3304986712756	0.49154	0.33813	8418.69238	0.01953	11247	1	0.47669	0.14639	1	0.47670	0.37620	1	0.47670	0.26129	1	0.47935	0.53919	11.11777	1.05845	1	0.74224	0.56340	12.25313	1.05845	1	-0.00486	-0.00968	0.65533	0.00380	1	0.06349	-0.01503	0.68173	0.00376	1	1.45898	0.81042	0	
1248150	8418.71875	3304986779627	0.49058	0.35503	8418.69238	0.02637	11247	1	0.52017	0.40174	1	0.45325	0.44352	1	0.48671	0.42263	1	0.47951	0.53972	11.75636	1.05043	1	0.74214	0.56329	12.26770	1.05043	1	-0.00486	-0.00968	0.65533	0.00362	1	0.06349	-0.01503	0.68173	0.00376	1	1.45898	0.81042	0	
1248151	8418.72559	3304986846208	0.48891	0.36809	8418.69238	0.03320	11247	1	0.51220	0.37235	1	0.44894	0.49439	1	0.48057	0.43337	1	0.47942	0.53927	11.21894	1.04241	1	0.74212	0.56386	12.63116	1.04241	1	-0.00486	-0.00968	0.65533	0.00377	1	0.06349	-0.01503	0.68173	0.00392	1	1.45898	0.81042	0	
1248152	8418.73145	3304986911526	0.48777	0.37861	8418.69238	0.03906	11247	1	0.51314	0.37857	1	0.44874	0.50500	1	0.48094	0.44178	1	0.47944	0.53941	11.29931	1.03440	1	0.74216	0.56372	12.63054	1.02674	1	-0.00486	-0.00968	0.65533	0.00367	1	0.06131	-0.01453	0.65892	0.00384	1	1.45898	0.81042	0	
1248153	8418.73926	3304986983395	0.48797	0.38244	8418.69238	0.04688	11247	1	0.50514	0.37525	1	0.47356	0.44323	1	0.48935	0.40924	1	0.47931	0.53918	10.91440	1.02674	1	0.74243	0.56309	12.27663	1.01908	1	-0.00486	-0.00968	0.65533	0.00372	1	0.06131	-0.01453	0.65892	0.00362	1	1.45898	0.81042	0	
1248154	8418.74512	3304987048294	0.48870	0.38948	8418.69238	0.05273	11247	1	0.51077	0.43839	1	0.47843	0.45320	1	0.49460	0.44579	1	0.47929	0.53959	11.41213	1.01908	1	0.74254	0.56315	12.37711	1.01142	1	-0.00486	-0.00968	0.65533	0.00366	1	0.06131	-0.01453	0.65892	0.00361	1	1.45898	0.81042	0	
1248155	8418.75195	3304987117667	0.48934	0.39539	8418.69238	0.05957	11247	1	0.51170	0.44397	1	0.47843	0.45320	1	0.49507	0.44858	1	0.47937	0.53975	11.40465	1.01142	1	0.74256	0.56307	12.30686	1.01142	1	-0.00494	-0.00988	0.66506	0.00365	1	0.06297	-0.01493	0.67728	0.00364	1	1.45898	0.81042	0	
1248156	8418.75879	3304987181087	0.49034	0.40143	8418.69238	0.06641	11247	1	0.51943	0.43978	1	0.48118	0.48375	1	0.50030	0.46177	1	0.47943	0.53953	11.35957	1.01142	1	0.74259	0.56343	12.51125	1.01908	1	-0.00494	-0.00988	0.66506	0.00368	1	0.06297	-0.01493	0.67728	0.00363	1	1.45898	0.81042	0	
1248157	8418.76562	3304987251306	0.49005	0.40481	8418.69238	0.07324	11247	1	0.50483	0.42038	1	0.46897	0.46358	1	0.48690	0.44198	1	0.47925	0.53952	11.64732	1.01908	1	0.74235	0.56341	12.47020	1.02674	1	-0.00494	-0.00988	0.66506	0.00362	1	0.06297	-0.01493	0.67728	0.00367	1	1.45898	0.81042	0	
1248158	8418.77246	3304987318108	0.48976	0.40763	8418.69238	0.08008	11247	1	0.50386	0.41466	1	0.46875	0.46847	1	0.48630	0.44157	1	0.47930	0.53917	11.25416	1.02674	1	0.74214	0.56331	12.45457	1.01993	1	-0.00486	-0.00968	0.65533	0.00370	1	0.05856	-0.01389	0.62985	0.00375	1	1.45898	0.81042	0	
1248159	8418.77930	3304987385445	0.48853	0.40268	8418.69238	0.08691	11247	1	0.48527	0.19526	1	0.45975	0.48128	1	0.47251	0.33827	1	0.47897	0.53687	11.28214	1.01993	1	0.74222	0.56334	12.45823	1.00546	1	-0.00486	-0.00968	0.65533	0.00226	1	0.05856	-0.01389	0.62985	0.00372	1	1.45898	0.81042	0	
1248160	8418.78516	3304987450091	0.48684	0.39845	8418.69238	0.09277	11247	1	0.47892	0.19653	1	0.44758	0.48181	1	0.46325	0.33917	1	0.47902	0.53682	11.27534	1.00546	1	0.74206	0.56332	12.17480	0.99099	1	-0.00486	-0.00968	0.65533	0.00223	1	0.05856	-0.01389	0.62985	0.00380	1	1.45898	0.81042	0	
1248161	8418.79199	3304987516538	0.48540	0.39476	8418.69238	0.09961	11247	1	0.47987	0.20286	1	0.44769	0.47600	1	0.46378	0.33943	1	0.47909	0.53690	11.51019	0.99901	1	0.74243	0.56319	12.32674	0.99901	1	-0.00505	-0.01016	0.68778	0.00224	1	0.06349	-0.01503	0.68173	0.00371	1	1.45898	0.81042	0	
1248162	8418.79883	3304987586076	0.48519	0.39209	8418.69238	0.10645	11247	1	0.49731	0.25756	1	0.46638	0.44132	1	0.48184	0.34944	1	0.47928	0.53699	11.62739	1.00703	1	0.74232	0.56318	12.57645	1.02149	1	-0.00505	-0.01016	0.68778	0.00234	1	0.06349	-0.01503	0.68173	0.00371	1	1.45898	0.81042	0	
1248163	8418.80566	3304987651127	0.48503	0.39334	8418.69238	0.11328	11247	1	0.49938	0.41943	1	0.46498	0.40970	1	0.48218	0.41456	1	0.47908	0.53915	11.07762	1.02951	1	0.74263	0.56299	12.00674	1.04398	1	-0.00505	-0.01016	0.68778	0.00366	1	0.06349	-0.01503	0.68173	0.00379	1	1.45898	0.81042	0	
1248164	8418.81250	3304987719013	0.48482	0.39357	8418.69238	0.12012	11247	1	0.49647	0.40279	1	0.46562	0.39266	1	0.48105	0.39773	1	0.47948	0.53905	10.47826	1.05200	1	0.74292	0.56299	12.52319	1.06646	1	-0.00505	-0.01016	0.68778	0.00370	1	0.06349	-0.01503	0.68173	0.00372	1	1.45898	0.81042	0	
1248165	8418.81934	3304987786679	0.48484	0.39378	8418.69238	0.12695	11247	1	0.50158	0.38807	1	0.46885	0.40751	1	0.48522	0.39779	1	0.47921	0.53927	11.30866	1.06646	1	0.74265	0.56315	13.06179	1.06646	1	-0.00505	-0.01016	0.68778	0.00362	1	0.06349	-0.01503	0.68173	0.00370	1	1.45898	0.81042	0	
1248166	8418.82617	3304987852489	0.48435	0.39236	8418.69238	0.13379	11247	1	0.49075	0.31420	1	0.45859	0.41358	1	0.47467	0.36389	1	0.47916	0.53824	11.07130	1.06646	1	0.74263	0.56322	13.36649	1.06646	1	-0.00505	-0.01016	0.68778	0.00377	1	0.06349	-0.01503	0.68173	0.00371	1	1.45898	0.81042	0	
1248167	8418.83301	3304987921704	0.48391	0.39106	8418.69238	0.14062	11247	1	0.49075	0.31420	1	0.45859	0.41358	1	0.47467	0.36389	1	0.47930	0.53780	11.22193	1.06646	1	0.74287	0.56298	12.69559	1.06646	1	-0.00505	-0.01016	0.68778	0.00388	1	0.06349	-0.01503	0.68173	0.00380	1	1.45898	0.81042	0	
1248168	8418.83984	3304987989292	0.48414	0.38979	8418.69238	0.14746	11247	1	0.49377	0.33654	1	0.48443	0.38695	1	0.48910	0.36175	1	0.47920	0.53853	11.15983	1.06646	1	0.74308	0.56291	12.28449	1.06646	1	-0.00505	-0.01016	0.68778	0.00373	1	0.06349	-0.01503	0.68173	0.00374	1	1.45898	0.81042	0	
1248169	8418.84570	3304988054850	0.48464	0.38858	8418.69238	0.15332	11247	1	0.51723	0.34971	1	0.47493	0.37170	1	0.49608	0.36071	1	0.47959	0.53866	10.47835	1.06646	1	0.74274	0.56282	11.53218	1.06646	1	-0.00505	-0.01016	0.68778	0.00368	1	0.06349	-0.01503	0.68173	0.00388	1	1.45898	0.81042	0	
1248170	8418.85254	3304988121978	0.48509	0.38746	8418.69238	0.16016	11247	1	0.51723	0.34971	1	0.47493	0.37170	1	0.49608	0.36071	1	0.47989	0.53845	10.69858	1.06646	1	0.74277	0.56294	11.34146	1.06646	1	-0.00505	-0.01016	0.68778	0.00376	1	0.06349	-0.01503	0.68173	0.00393	1	1.45898	0.81042	0	
1248171	8418.85938	3304988189862	0.48526	0.38655	8418.69238	0.16699	11247	1	0.51385	0.32985	1	0.46488	0.39742	1	0.48937	0.36364	1	0.47949	0.53834	11.11332	1.06646	1	0.74311	0.56307	12.31322	1.06646	1	-0.00505	-0.01016	0.68778	0.00381	1	0.06349	-0.01503	0.68173	0.00383	1	1.45898	0.81042	0	
1248172	8418.86621	3304988255693	0.48562	0.38511	8418.69238	0.17383	11247	1	0.53475	0.33741	1	0.45551	0.35825	1	0.49513	0.34783	1	0.47980	0.53870	10.85646	1.06646	1	0.74293	0.56260	12.09653	1.06646	1	-0.00505	-0.01016	0.68778	0.00369	1	0.06349	-0.01503	0.68173	0.00386	1	1.45898	0.81042	0	
1248173	8418.87305	3304988323147	0.48596	0.38378	8418.69238	0.18066	11247	1	0.53475	0.33741	1	0.45551	0.35825	1	0.49513	0.34783	1	0.48018	0.53885	10.99330	1.06646	1	0.74315	0.56277	12.29340	1.06646	1	-0.00505	-0.01016	0.68778	0.00373	1	0.06349	-0.01503	0.68173	0.00384	1	1.45898	0.81042	0	
1248174	8418.87988	3304988389964	0.48656	0.38249	8418.69238	0.18750	11247	1	0.54034	0.29392	1	0.46613	0.39905	1	0.50323	0.34649	1	0.47995	0.53823	11.07882	1.06646	1	0.74309	0.56305	12.12783	1.06646	1	-0.00505	-0.01016	0.68778	0.00408	1	0.06349	-0.01503	0.68173	0.00396	1	1.45898	0.81042	0	
1248175	8418.88574	3304988457412	0.48710	0.38203	8418.69238	0.19336	11247	1	0.54477	0.36564	1	0.46086	0.37143	1	0.50281	0.36854	1	0.48002	0.53897	11.40061	1.06646	1	0.74300	0.56271	12.32428	1.06646	1	-0.00505	-0.01016	0.68778	0.00369	1	0.06349	-0.01503	0.68173	0.00384	1	1.45898	0.81042	0	
1248176	8418.89258	3304988523982	0.48761	0.38159	8418.69238	0.20020	11247	1	0.54477	0.36564	1	0.46086	0.37143	1	0.50281	0.36854	1	0.48006	0.53878	11.37875	1.06646	1	0.74302	0.56263	12.25607	1.06646	1	-0.00505	-0.01016	0.68778	0.00373	1	0.06291	-0.01485	0.67556	0.00387	1	1.45898	0.81042	0	
1248177	8418.89941	3304988590586	0.49169	0.35252	8418.69238	0.20020	11247	0	0.49652	0.16307	1	0.46586	0.38970	1	0.48119	0.27639	1	0.47944	0.53660	11.26461	1.06646	1	0.74312	0.56297	12.15144	1.06646	1	-0.00505	-0.01016	0.68778	0.00232	1	0.06291	-0.01485	0.67556	0.00396	1	1.45898	0.81042	0	
1248178	8418.90625	3304988657482	0.49977	0.36238	8418.69238	0.20020	11247	0	0.55922	0.36146	1	0.45648	0.38302	1	0.50785	0.37224	1	0.48023	0.53883	11.10606	1.06646	1	0.74288	0.56306	12.76321	1.06646	1	-0.00505	-0.01016	0.68778	0.00384	1	0.06291	-0.01485	0.67556	0.00387	1	1.45898	0.81042	0	
1248179	8418.91309	3304988724687	0.50246	0.36567	8418.69238	0.20020	11247	0	0.55922	0.36146	1	0.45648	0.38302	1	0.50785	0.37224	1	0.48002	0.53885	11.36388	1.06646	1	0.74315	0.56228	12.11400	1.06646	1	-0.00505	-0.01016	0.68778	0.00374	1	0.06291	-0.01485	0.67556	0.00413	1	1.45898	0.81042	0	
1248180	8418.91992	3304988789503	0.50351	0.36435	8418.89941	0.02051	11248	1	0.54906	0.33487	1	0.46425	0.38591	1	0.50666	0.36039	1	0.48009	0.53867	10.92383	1.06646	1	0.74304	0.56291	12.29543	1.06646	1	-0.00505	-0.01016	0.68778	0.00385	1	0.06291	-0.01485	0.67556	0.00404	1	1.45898	0.81042	0	
1248181	8418.92578	3304988855571	0.50218	0.36090	8418.89941	0.02637	11248	1	0.53079	0.34093	1	0.46294	0.35331	1	0.49686	0.34712	1	0.48020	0.53857	11.13060	1.06646	1	0.74305	0.56258	12.12586	1.06646	1	-0.00505	-0.01016	0.68778	0.00412	1	0.06291	-0.01485	0.67556	0.00403	1	1.45898	0.81042	0	
1248182	8418.93262	3304988923981	0.49564	0.35964	8418.89941	0.03320	11248	1	0.53079	0.34093	0	0.46294	0.35331	1	0.46294	0.35331	1	0.48020	0.53857	11.13060	1.06646	0	0.74304	0.56289	12.19130	1.06646	1	-0.00505	-0.01016	0.68778	0.00412	1	0.06349	-0.01503	0.68173	0.00398	1	1.45898	0.81042	0	
1248183	8418.93945	3304988991335	0.49564	0.35964	8418.89941	0.04004	11248	1	0.53079	0.34093	0	0.46294	0.35331	0	0.46294	0.35331	0	0.48020	0.53857	11.13060	1.06646	0	0.74304	0.56289	12.19130	1.06646	0	-0.00505	-0.01016	0.68778	0.00412	1	0.06349	-0.01503	0.68173	0.00398	1	1.45898	0.81042	0	
1248184	8418.94629	3304989059693	0.49564	0.35964	8418.89941	0.04688	11248	1	0.53079	0.34093	0	0.46294	0.35331	0	0.46294	0.35331	0	0.48020	0.53857	11.13060	1.06646	0	0.74304	0.56289	12.19130	1.06646	0	-0.00505	-0.01016	0.68778	0.00412	1	0.06349	-0.01503	0.68173	0.00398	1	1.45898	0.81042	0	
1248185	8418.95312	3304989126560	0.49564	0.35964	8418.89941	0.05371	11248	1	0.53079	0.34093	0	0.46294	0.35331	0	0.46294	0.35331	0	0.48020	0.53857	11.13060	1.06646	0	0.74304	0.56289	12.19130	1.06646	0	-0.00505	-0.01016	0.68778	0.00412	1	0.06349	-0.01503	0.68173	0.00398	1	1.45898	0.81042	0	
1248186	8418.95996	3304989193519	0.49643	0.36106	8418.89941	0.05371	11248	0	0.53079	0.34093	0	0.46294	0.35331	0	0.46294	0.35331	0	0.48020	0.53857	11.13060	1.06646	0	0.74304	0.56289	12.19130	1.06646	0	-0.00505	-0.01016	0.68778	0.00412	1	0.06349	-0.01503	0.68173	0.00398	1	1.45898	0.81042	0	
1248187	8418.96680	3304989259844	0.49643	0.36106	8418.89941	0.05371	11248	0	0.53079	0.34093	0	0.46294	0.35331	0	0.46294	0.35331	0	0.48020	0.53857	11.13060	1.06646	0	0.74304	0.56289	12.19130	1.06646	0	-0.00505	-0.01016	0.68778	0.00412	1	0.06349	-0.01503	0.68173	0.00398	1	1.45898	0.81042	0	
1248188	8418.97363	3304989327545	0.49643	0.36106	8418.89941	0.05371	11248	0	0.53079	0.34093	0	0.46294	0.35331	0	0.46294	0.35331	0	0.48020	0.53857	11.13060	1.06646	0	0.74304	0.56289	12.19130	1.06646	0	-0.00505	-0.01016	0.68778	0.00412	1	0.06349	-0.01503	0.68173	0.00398	1	1.45898	0.81042	0	
1248189	8418.98047	3304989395234	0.00000	0.00000	8418.89941	0.05371	11248	0	0.53079	0.34093	0	0.46294	0.35331	0	0.46294	0.35331	0	0.48020	0.53857	11.13060	1.06646	0	0.74304	0.56289	12.19130	1.06646	0	-0.00505	-0.01016	0.68778	0.00412	1	0.06349	-0.01503	0.68173	0.00398	1	1.45898	0.81042	0	
1248190	8418.98633	3304989462163	0.00000	0.00000	8418.89941	0.05371	11248	0	0.53079	0.34093	0	0.46294	0.35331	0	0.46294	0.35331	0	0.48020	0.53857	11.13060	1.06646	0	0.74304	0.56289	12.19130	1.06646	0	-0.00505	-0.01016	0.68778	0.00412	1	0.06349	-0.01503	0.68173	0.00398	1	1.45898	0.81042	0	
1248191	8418.99316	3304989527645	0.00000	0.00000	8418.89941	0.05371	11248	0	0.53079	0.34093	0	0.46294	0.35331	0	0.46294	0.35331	0	0.48020	0.53857	11.13060	1.06646	0	0.74304	0.56289	12.19130	1.06646	0	-0.00505	-0.01016	0.68778	0.00412	1	0.06349	-0.01503	0.68173	0.00398	1	1.45898	0.81042	0	
1248192	8419.00000	3304989595405	0.50089	0.36442	8418.89941	0.05371	11248	0	0.51618	0.35982	1	0.48561	0.36902	1	0.50089	0.36442	1	0.47993	0.53929	11.62223	1.06646	1	0.74333	0.56290	12.18502	1.06646	1	-0.00505	-0.01016	0.68778	0.00369	1	0.06349	-0.01503	0.68173	0.00374	1	1.45898	0.81042	0	
1248193	8419.00684	3304989662259	0.50063	0.36246	8418.89941	0.05371	11248	0	0.51728	0.33287	1	0.48347	0.38812	1	0.50037	0.36050	1	0.47997	0.53895	11.71666	1.06646	1	0.74334	0.56292	12.13282	1.06646	1	-0.00505	-0.01016	0.68778	0.00388	1	0.06349	-0.01503	0.68173	0.00381	1	1.45898	0.81042	0	
1248194	8419.01367	3304989729422	0.50049	0.36278	8418.89941	0.05371	11248	0	0.51728	0.33287	1	0.48313	0.39397	1	0.50020	0.36342	1	0.47977	0.53903	11.86645	1.06646	1	0.74332	0.56287	12.17372	1.05880	1	-0.00480	-0.01011	0.68047	0.00388	1	0.06164	-0.01456	0.66030	0.00376	1	1.45898	0.81042	0	
1248195	8419.02051	3304989797725	0.49785	0.36238	8419.00000	0.02051	11249	1	0.49638	0.33966	1	0.48350	0.38270	1	0.48994	0.36118	1	0.47998	0.53902	11.41365	1.05880	1	0.74344	0.56282	12.37699	1.05114	1	-0.00480	-0.01011	0.68047	0.00392	1	0.06164	-0.01456	0.66030	0.00370	1	1.45898	0.81042	0	
1248196	8419.02734	3304989864236	0.49402	0.36400	8419.00000	0.02734	11249	1	0.48393	0.35531	1	0.47345	0.38569	1	0.47869	0.37050	1	0.47978	0.53898	11.44967	1.05114	1	0.74321	0.56279	12.41621	1.04349	1	-0.00480	-0.01011	0.68047	0.00389	1	0.06164	-0.01456	0.66030	0.00372	1	1.45898	0.81042	0	
1248197	8419.03320	3304989931552	0.49153	0.36609	8419.00000	0.03320	11249	1	0.48500	0.36133	1	0.47317	0.39168	1	0.47908	0.37650	1	0.48005	0.53917	11.36151	1.04349	1	0.74357	0.56267	12.65057	1.03583	1	-0.00480	-0.01011	0.68047	0.00376	1	0.06164	-0.01456	0.66030	0.00374	1	1.45898	0.81042	0	
1248198	8419.04004	3304989997489	0.49114	0.37117	8419.00000	0.04004	11249	1	0.51013	0.40832	1	0.46752	0.39510	1	0.48883	0.40171	1	0.48015	0.53948	11.59405	1.03583	1	0.74355	0.56275	12.80583	1.03583	1	-0.00480	-0.01011	0.68047	0.00366	1	0.06164	-0.01456	0.66030	0.00368	1	1.45898	0.81042	0	
1248199	8419.04688	3304990064331	0.49226	0.37293	8419.00000	0.04688	11249	1	0.50309	0.35495	1	0.49702	0.41549	1	0.50006	0.38522	1	0.48008	0.53900	11.37647	1.03583	1	0.74364	0.56285	12.88749	1.03583	1	-0.00480	-0.01011	0.68047	0.00383	1	0.06164	-0.01456	0.66030	0.00371	1	1.45898	0.81042	0	
1248200	8419.05371	3304990131779	0.49318	0.37361	8419.00000	0.05371	11249	1	0.50309	0.35495	1	0.49798	0.40306	1	0.50053	0.37900	1	0.48008	0.53951	11.46268	1.03583	1	0.74370	0.56286	12.91505	1.05217	1	-0.00473	-0.00992	0.67127	0.00371	1	0.06563	-0.01550	0.70305	0.00365	1	1.45898	0.81042	0	
1248201	8419.05957	3304990193771	0.49344	0.37531	8419.00000	0.05957	11249	1	0.49657	0.39927	1	0.49494	0.38197	1	0.49575	0.39062	1	0.48000	0.53965	11.81108	1.05217	1	0.74389	0.56289	12.30827	1.06851	1	-0.00473	-0.00992	0.67127	0.00371	1	0.06563	-0.01550	0.70305	0.00374	1	1.45898	0.81042	0	
1248202	8419.06641	3304990260621	0.49314	0.37475	8419.00000	0.06641	11249	1	0.49307	0.37496	1	0.48737	0.36336	1	0.49022	0.36916	1	0.47994	0.53947	11.40825	1.06851	1	0.74341	0.56296	12.94884	1.08485	1	-0.00473	-0.00992	0.67127	0.00377	1	0.06563	-0.01550	0.70305	0.00369	1	1.45898	0.81042	0	
1248203	8419.07422	3304990332875	0.49281	0.37377	8419.00000	0.07422	11249	1	0.49095	0.36262	1	0.48737	0.36336	1	0.48916	0.36299	1	0.48002	0.53945	11.54838	1.08485	1	0.74362	0.56258	12.74767	1.08485	1	-0.00480	-0.01011	0.68047	0.00369	1	0.06164	-0.01456	0.66030	0.00367	1	1.45898	0.81042	0	
1248204	8419.08008	3304990399669	0.49250	0.37429	8419.00000	0.08008	11249	1	0.48533	0.37320	1	0.49229	0.38783	1	0.48881	0.38051	1	0.47983	0.53948	11.20595	1.08485	1	0.74347	0.56297	12.58261	1.06851	1	-0.00480	-0.01011	0.68047	0.00384	1	0.06164	-0.01456	0.66030	0.00393	1	1.45898	0.81042	0	
1248205	8419.08691	3304990465613	0.49279	0.37436	8419.00000	0.08691	11249	1	0.49279	0.36345	1	0.50033	0.38704	1	0.49656	0.37525	1	0.48003	0.53941	11.42084	1.06851	1	0.74367	0.56289	12.56118	1.05217	1	-0.00480	-0.01011	0.68047	0.00370	1	0.06164	-0.01456	0.66030	0.00370	1	1.45898	0.81042	0	
1248206	8419.09375	3304990529238	0.49310	0.37506	8419.00000	0.09375	11249	1	0.49491	0.37597	1	0.49981	0.39378	1	0.49736	0.38487	1	0.48009	0.53908	11.33126	1.05217	1	0.74373	0.56309	12.72771	1.04349	1	-0.00480	-0.01011	0.68047	0.00383	1	0.06295	-0.01488	0.67483	0.00361	1	1.45898	0.81042	0	
1248207	8419.09961	3304990595364	0.49371	0.37607	8419.00000	0.09961	11249	1	0.50557	0.36388	1	0.50015	0.41856	1	0.50286	0.39122	1	0.48009	0.53908	11.33126	1.04349	1	0.74364	0.56310	12.87840	1.05114	1	-0.00480	-0.01011	0.68047	0.00383	1	0.06295	-0.01488	0.67483	0.00362	1	1.45898	0.81042	0	
1248208	8419.10742	3304990668698	0.49417	0.37780	8419.00000	0.10742	11249	1	0.50469	0.37427	1	0.49839	0.43671	1	0.50154	0.40549	1	0.48004	0.53922	11.64315	1.05114	1	0.74360	0.56334	12.91934	1.05880	1	-0.00480	-0.01011	0.68047	0.00379	1	0.06295	-0.01488	0.67483	0.00376	1	1.45898	0.81042	0	
1248209	8419.11426	3304990735130	0.49457	0.37902	8419.00000	0.11426	11249	1	0.50376	0.36839	1	0.49884	0.43116	1	0.50130	0.39978	1	0.47995	0.53919	11.49341	1.05880	1	0.74357	0.56337	12.87708	1.06646	1	-0.00480	-0.01011	0.68047	0.00381	1	0.06295	-0.01493	0.67483	0.00384	1	1.45898	0.81042	0	
1248210	8419.12012	3304990799582	0.49429	0.38105	8419.00000	0.12012	11249	1	0.50223	0.38054	1	0.47639	0.45480	1	0.48931	0.41767	1	0.48009	0.53957	11.66655	1.06646	1	0.74336	0.56355	13.20901	1.06646	1	-0.00480	-0.01011	0.68047	0.00366	1	0.06295	-0.01493	0.67483	0.00382	1	1.45898	0.81042	0	
1248211	8419.12695	3304990866120	0.49516	0.38236	8419.00000	0.12695	11249	1	0.52638	0.39009	1	0.49702	0.42430	1	0.51170	0.40719	1	0.48009	0.53960	11.74326	1.06646	1	0.74360	0.56332	12.80782	1.06646	1	-0.00480	-0.01011	0.68047	0.00371	1	0.06295	-0.01493	0.67483	0.00377	1	1.45898	0.81042	0	
1248212	8419.13379	3304990934859	0.49594	0.38368	8419.00000	0.13379	11249	1	0.52638	0.39009	1	0.49658	0.42989	1	0.51148	0.40999	1	0.48015	0.53958	11.74030	1.06646	1	0.74330	0.56279	12.12722	1.05880	1	-0.00480	-0.01011	0.68047	0.00370	1	0.06226	-0.01478	0.66802	0.00368	1	1.45898	0.81042	0	
1248213	8419.14062	3304991002247	0.49616	0.38485	8419.00000	0.14062	11249	1	0.53496	0.36562	1	0.46670	0.45340	1	0.50083	0.40951	1	0.48017	0.53954	11.78414	1.05880	1	0.74315	0.56348	12.05394	1.05114	1	-0.00480	-0.01011	0.68047	0.00369	1	0.06226	-0.01478	0.66802	0.00378	1	1.45898	0.81042	0	
1248214	8419.14746	3304991069387	0.49623	0.38720	8419.00000	0.14746	11249	1	0.53412	0.41273	1	0.46154	0.46530	1	0.49783	0.43902	1	0.48016	0.53970	12.29367	1.05114	1	0.74303	0.56364	12.33743	1.04349	1	-0.00480	-0.01011	0.68047	0.00360	1	0.06226	-0.01478	0.66802	0.00375	1	1.45898	0.81042	0	
1248215	8419.15430	3304991136232	0.49630	0.38932	8419.00000	0.15430	11249	1	0.53398	0.41169	1	0.46158	0.46430	1	0.49778	0.43800	1	0.47998	0.53948	11.31720	1.05257	1	0.74297	0.56366	12.24381	1.04491	1	-0.00506	-0.01061	0.71065	0.00372	1	0.06133	-0.01451	0.65805	0.00377	1	1.45898	0.81042	0	
1248216	8419.16113	3304991202918	0.49614	0.39071	8419.00000	0.16113	11249	1	0.52188	0.39918	1	0.46303	0.44869	1	0.49245	0.42394	1	0.47997	0.53954	11.24998	1.05400	1	0.74310	0.56353	12.20135	1.05400	1	-0.00506	-0.01061	0.71065	0.00370	1	0.06133	-0.01451	0.65805	0.00375	1	1.45898	0.81042	0	
1248217	8419.16797	3304991270073	0.49623	0.39183	8419.00000	0.16797	11249	1	0.52343	0.40348	1	0.47340	0.43635	1	0.49841	0.41991	1	0.48004	0.53977	11.80225	1.06308	1	0.74317	0.56337	12.06859	1.06308	1	-0.00506	-0.01061	0.71065	0.00360	1	0.06133	-0.01451	0.65805	0.00370	1	1.45898	0.81042	0	
1248218	8419.17383	3304991337748	0.49632	0.39308	8419.00000	0.17383	11249	1	0.52427	0.40933	1	0.47311	0.44212	1	0.49869	0.42572	1	0.48020	0.53968	11.75767	1.05507	1	0.74327	0.56347	12.03044	1.05507	1	-0.00466	-0.00977	0.65464	0.00358	1	0.06226	-0.01478	0.66802	0.00372	1	1.45898	0.81042	0	
1248219	8419.18066	3304991404068	0.49955	0.42090	8419.00000	0.17383	11249	0	0.53474	0.41124	1	0.45191	0.49796	1	0.49333	0.45460	1	0.48021	0.53973	11.91027	1.03796	1	0.74292	0.56389	12.38212	1.03796	1	-0.00466	-0.00977	0.65464	0.00359	1	0.06226	-0.01478	0.66802	0.00389	1	1.45898	0.81042	0	
1248220	8419.18750	3304991471280	0.50063	0.43645	8419.00000	0.17383	11249	0	0.53920	0.44500	1	0.46422	0.45900	1	0.50171	0.45200	1	0.48025	0.53987	11.99468	1.02086	1	0.74306	0.56372	12.06947	1.02086	1	-0.00466	-0.00977	0.65464	0.00361	1	0.06226	-0.01478	0.66802	0.00388	1	1.45898	0.81042	0	
1248221	8419.19434	3304991538074	0.50103	0.44071	8419.00000	0.17383	11249	0	0.53920	0.44500	1	0.46443	0.45343	1	0.50182	0.44922	1	0.47994	0.53997	11.70313	1.02086	1	0.74303	0.56337	12.04019	1.02852	1	-0.00531	-0.01090	0.73038	0.00356	1	0.06291	-0.01495	0.67556	0.00406	1	1.45898	0.81042	0	
1248222	8419.20117	3304991605653	0.50263	0.43489	8419.18066	0.02051	11250	1	0.53349	0.43072	1	0.48142	0.40411	1	0.50746	0.41742	1	0.48015	0.53979	12.27416	1.04562	1	0.74333	0.56298	11.89303	1.05328	1	-0.00531	-0.01090	0.73038	0.00359	1	0.06291	-0.01495	0.67556	0.00405	1	1.45898	0.81042	0	
1248223	8419.20801	3304991672737	0.50234	0.42483	8419.18066	0.02734	11250	1	0.52724	0.39343	1	0.47508	0.37582	1	0.50116	0.38462	1	0.48013	0.53978	12.15321	1.07038	1	0.74323	0.56291	11.75172	1.07804	1	-0.00531	-0.01090	0.73038	0.00359	1	0.06291	-0.01495	0.67556	0.00407	1	1.45898	0.81042	0	
1248224	8419.21484	3304991739019	0.50201	0.41503	8419.18066	0.03418	11250	1	0.52472	0.37523	1	0.47598	0.35685	1	0.50035	0.36604	1	0.48010	0.53978	11.73032	1.09515	1	0.74307	0.56358	12.34952	1.10281	1	-0.00514	-0.01061	0.70711	0.00365	1	0.06349	-0.01513	0.68173	0.00398	1	1.45898	0.81042	0	
1248225	8419.22070	3304991806539	0.50060	0.40941	8419.18066	0.04004	11250	1	0.52679	0.35297	1	0.45754	0.39843	1	0.49217	0.37570	1	0.48020	0.53959	11.64784	1.10281	1	0.74298	0.56390	12.54041	1.10281	1	-0.00514	-0.01061	0.70711	0.00372	1	0.06349	-0.01513	0.68173	0.00396	1	1.45898	0.81042	0	
1248226	8419.22754	3304991871730	0.50008	0.41036	8419.18066	0.04688	11250	1	0.53097	0.38032	1	0.46185	0.45357	1	0.49641	0.41695	1	0.48017	0.53981	11.93803	1.10281	1	0.74300	0.56397	12.71081	1.10281	1	-0.00514	-0.01061	0.70711	0.00363	1	0.06349	-0.01513	0.68173	0.00390	1	1.45898	0.81042	0	
1248227	8419.23438	3304991940420	0.49974	0.41242	8419.18066	0.05371	11250	1	0.53261	0.39272	1	0.46144	0.46516	1	0.49703	0.42894	1	0.47989	0.53947	11.79513	1.08570	1	0.74295	0.56384	12.65114	1.08570	1	-0.00483	-0.00996	0.66376	0.00376	1	0.06291	-0.01495	0.67556	0.00379	1	1.45898	0.81042	0	
1248228	8419.24121	3304992007142	0.49867	0.41162	8419.18066	0.06055	11250	1	0.51691	0.38819	1	0.46120	0.42062	1	0.48906	0.40441	1	0.47987	0.53975	11.49554	1.06860	1	0.74300	0.56335	12.22327	1.06860	1	-0.00483	-0.00996	0.66376	0.00358	1	0.06291	-0.01495	0.67556	0.00405	1	1.45898	0.81042	0	
1248229	8419.24805	3304992073956	0.49802	0.41072	8419.18066	0.06738	11250	1	0.52080	0.41237	1	0.46218	0.39114	1	0.49149	0.40176	1	0.47993	0.53976	11.47569	1.05150	1	0.74300	0.56335	12.22327	1.05150	1	-0.00483	-0.00996	0.66376	0.00360	1	0.06291	-0.01495	0.67556	0.00406	1	1.45898	0.81042	0	
1248230	8419.25488	3304992140350	0.49751	0.41054	8419.18066	0.07422	11250	1	0.52179	0.41900	1	0.46195	0.39814	1	0.49187	0.40857	1	0.47988	0.53961	11.31130	1.04241	1	0.74312	0.56283	11.91215	1.04241	1	-0.00499	-0.01018	0.67896	0.00361	1	0.06291	-0.01495	0.67556	0.00440	1	1.45898	0.81042	0	
1248231	8419.26172	3304992208211	0.49717	0.41092	8419.18066	0.08105	11250	1	0.54329	0.38636	1	0.44293	0.44444	1	0.49311	0.41540	1	0.47994	0.53938	11.86525	1.05043	1	0.74274	0.56349	12.67773	1.05043	1	-0.00499	-0.01018	0.67896	0.00365	1	0.06291	-0.01495	0.67556	0.00384	1	1.45898	0.81042	0	
1248232	8419.26758	3304992275335	0.49685	0.40780	8419.18066	0.08691	11250	1	0.52656	0.33904	1	0.45878	0.39540	1	0.49267	0.36722	1	0.47972	0.53899	11.21789	1.05845	1	0.74296	0.56349	12.23688	1.05845	1	-0.00499	-0.01018	0.67896	0.00395	1	0.06291	-0.01495	0.67556	0.00407	1	1.45898	0.81042	0	
1248233	8419.27441	3304992338356	0.49655	0.40468	8419.18066	0.09375	11250	1	0.52573	0.33268	1	0.45896	0.38930	1	0.49234	0.36099	1	0.47948	0.53912	11.99035	1.06646	1	0.74279	0.56292	12.35384	1.06646	1	-0.00499	-0.01018	0.67896	0.00382	1	0.06291	-0.01495	0.67556	0.00447	1	1.45898	0.81042	0	
1248234	8419.28125	3304992409016	0.49609	0.40111	8419.18066	0.10059	11250	1	0.51433	0.35458	1	0.46408	0.34061	1	0.48920	0.34760	1	0.47947	0.53918	11.94855	1.06646	1	0.74304	0.56279	11.75876	1.06646	1	-0.00499	-0.01018	0.67896	0.00380	1	0.06291	-0.01495	0.67556	0.00424	1	1.45898	0.81042	0	
1248235	8419.28809	3304992473745	0.49626	0.39886	8419.18066	0.10742	11250	1	0.51832	0.38486	1	0.47963	0.34097	1	0.49897	0.36292	1	0.47953	0.53960	12.15314	1.06646	1	0.74287	0.56306	12.40053	1.06646	1	-0.00499	-0.01018	0.67896	0.00359	1	0.06291	-0.01495	0.67556	0.00414	1	1.45898	0.81042	0	
1248236	8419.29492	3304992543155	0.49641	0.39686	8419.18066	0.11426	11250	1	0.51832	0.38486	1	0.47963	0.34097	1	0.49897	0.36292	1	0.47912	0.53974	11.37691	1.06646	1	0.74248	0.56393	12.88292	1.06646	1	-0.00499	-0.01018	0.67896	0.00365	1	0.06291	-0.01495	0.67556	0.00386	1	1.45898	0.81042	0	
1248237	8419.30176	3304992609515	0.49671	0.39527	8419.18066	0.12109	11250	1	0.50559	0.41285	1	0.49866	0.32015	1	0.50212	0.36650	1	0.47930	0.53997	12.14154	1.06646	1	0.74318	0.56316	11.98738	1.06646	1	-0.00499	-0.01018	0.67896	0.00356	1	0.06291	-0.01495	0.67556	0.00412	1	1.45898	0.81042	0	
1248238	8419.30762	3304992674538	0.49684	0.39528	8419.18066	0.12695	11250	1	0.50516	0.39895	1	0.49344	0.39215	1	0.49930	0.39555	1	0.47936	0.53983	11.57206	1.06646	1	0.74309	0.56385	12.20368	1.06646	1	-0.00499	-0.01018	0.67896	0.00362	1	0.06291	-0.01495	0.67556	0.00381	1	1.45898	0.81042	0	
1248239	8419.31445	3304992742136	0.49695	0.39543	8419.18066	0.13379	11250	1	0.50516	0.39895	1	0.49303	0.39797	1	0.49909	0.39846	1	0.47897	0.53945	11.22739	1.06646	1	0.74281	0.56352	12.06641	1.05880	1	-0.00505	-0.01027	0.68778	0.00401	1	0.06131	-0.01463	0.65892	0.00390	1	1.45898	0.81042	0	
1248240	8419.32129	3304992810154	0.49719	0.39076	8419.18066	0.14062	11250	1	0.50516	0.39895	0	0.50241	0.29257	1	0.50241	0.29257	1	0.47897	0.53945	11.22739	1.05880	0	0.74288	0.56261	12.21640	1.05114	1	-0.00505	-0.01027	0.68778	0.00401	1	0.06131	-0.01463	0.65892	0.00428	1	1.45898	0.81042	0	SUBJECT_ONSET_LOG
1248241	8419.32812	3304992876400	0.49719	0.39076	8419.18066	0.14746	11250	1	0.50516	0.39895	0	0.50241	0.29257	0	0.50241	0.29257	0	0.47897	0.53945	11.22739	1.05114	0	0.74288	0.56261	12.21640	1.04349	0	-0.00505	-0.01027	0.68778	0.00401	1	0.06131	-0.01463	0.65892	0.00428	1	1.45898	0.81042	0	
1248242	8419.33496	3304992944430	0.49719	0.39076	8419.18066	0.15430	11250	1	0.50516	0.39895	0	0.50241	0.29257	0	0.50241	0.29257	0	0.47897	0.53945	11.22739	1.04349	0	0.74288	0.56261	12.21640	1.03583	0	-0.00505	-0.01027	0.68778	0.00401	1	0.06131	-0.01463	0.65892	0.00428	1	1.45898	0.81042	0	
1248243	8419.34180	3304993011857	0.49552	0.39092	8419.18066	0.16113	11250	1	0.50516	0.39895	0	0.45856	0.39462	1	0.45856	0.39462	1	0.47897	0.53945	11.22739	1.03583	0	0.74215	0.56327	11.96927	1.03583	1	-0.00505	-0.01027	0.68778	0.00401	1	0.06131	-0.01463	0.65892	0.00434	1	1.45898	0.81042	0	AUDIO_FILE_ONSET_LOG
1248244	8419.34863	3304993078918	0.49552	0.39092	8419.18066	0.16797	11250	1	0.50516	0.39895	0	0.45856	0.39462	0	0.45856	0.39462	0	0.47897	0.53945	11.22739	1.03583	0	0.74215	0.56327	11.96927	1.03583	0	-0.00505	-0.01027	0.68778	0.00401	1	0.06131	-0.01463	0.65892	0.00434	1	1.45898	0.81042	0	
1248245	8419.35547	3304993145435	0.49398	0.39083	8419.18066	0.17480	11250	1	0.50516	0.39895	0	0.45874	0.38867	1	0.45874	0.38867	1	0.47897	0.53945	11.22739	1.03583	0	0.74234	0.56282	11.82238	1.04349	1	-0.00505	-0.01027	0.68778	0.00401	1	0.06355	-0.01512	0.68345	0.00422	1	1.45898	0.81042	0	
1248246	8419.36133	3304993213030	0.49398	0.39083	8419.18066	0.18066	11250	1	0.50516	0.39895	0	0.45874	0.38867	0	0.45874	0.38867	0	0.47897	0.53945	11.22739	1.04349	0	0.74234	0.56282	11.82238	1.05114	0	-0.00505	-0.01027	0.68778	0.00401	1	0.06355	-0.01512	0.68345	0.00422	1	1.45898	0.81042	0	
1248247	8419.36816	3304993280012	0.49398	0.39083	8419.18066	0.18750	11250	1	0.50516	0.39895	0	0.45874	0.38867	0	0.45874	0.38867	0	0.47897	0.53945	11.22739	1.05114	0	0.74234	0.56282	11.82238	1.05880	0	-0.00505	-0.01027	0.68778	0.00401	1	0.06355	-0.01512	0.68345	0.00422	1	1.45898	0.81042	0	
1248248	8419.37500	3304993346523	0.49398	0.39083	8419.18066	0.19434	11250	1	0.50516	0.39895	0	0.45874	0.38867	0	0.45874	0.38867	0	0.47897	0.53945	11.22739	1.05880	0	0.74234	0.56282	11.82238	1.06646	0	-0.00505	-0.01027	0.68778	0.00401	1	0.06355	-0.01512	0.68345	0.00422	1	1.45898	0.81042	0	
1248249	8419.38184	3304993413717	0.49046	0.37112	8419.18066	0.19434	11250	0	0.50516	0.39895	0	0.45874	0.38867	0	0.45874	0.38867	0	0.47897	0.53945	11.22739	1.06646	0	0.74234	0.56282	11.82238	1.06646	0	-0.00505	-0.01027	0.68778	0.00401	1	0.06355	-0.01512	0.68345	0.00422	1	1.45898	0.81042	0	
1248250	8419.38867	3304993480625	0.48589	0.40748	8419.18066	0.19434	11250	0	0.50516	0.39895	0	0.48133	0.44384	1	0.48133	0.44384	1	0.47897	0.53945	11.22739	1.06646	0	0.74253	0.56351	12.15893	1.06646	1	-0.00505	-0.01027	0.68778	0.00401	1	0.06355	-0.01512	0.68345	0.00382	1	1.45898	0.81042	0	
1248251	8419.39551	3304993547188	0.48589	0.40748	8419.18066	0.19434	11250	0	0.50516	0.39895	0	0.48133	0.44384	0	0.48133	0.44384	0	0.47897	0.53945	11.22739	1.06646	0	0.74253	0.56351	12.15893	1.06646	0	-0.00505	-0.01027	0.68778	0.00401	1	0.06355	-0.01512	0.68345	0.00382	1	1.45898	0.81042	0	
1248252	8419.40234	3304993614342	0.48133	0.44384	8419.18066	0.19434	11250	0	0.50516	0.39895	0	0.48133	0.44384	0	0.48133	0.44384	0	0.47897	0.53945	11.22739	1.06646	0	0.74253	0.56351	12.15893	1.06646	0	-0.00505	-0.01027	0.68778	0.00401	1	0.06355	-0.01512	0.68345	0.00382	1	1.45898	0.81042	0	
1248253	8419.40820	3304993681423	0.48133	0.44384	8419.18066	0.19434	11250	0	0.50516	0.39895	0	0.48133	0.44384	0	0.48133	0.44384	0	0.47897	0.53945	11.22739	1.06646	0	0.74253	0.56351	12.15893	1.06646	0	-0.00505	-0.01027	0.68778	0.00401	1	0.06355	-0.01512	0.68345	0.00382	1	1.45898	0.81042	0	
1248254	8419.41504	3304993748587	0.48133	0.44384	8419.18066	0.19434	11250	0	0.50516	0.39895	0	0.48133	0.44384	0	0.48133	0.44384	0	0.47897	0.53945	11.22739	1.06646	0	0.74253	0.56351	12.15893	1.06646	0	-0.00505	-0.01027	0.68778	0.00401	1	0.06355	-0.01512	0.68345	0.00382	1	1.45898	0.81042	0	
1248255	8419.42188	3304993815354	0.00000	0.00000	8419.18066	0.19434	11250	0	0.50516	0.39895	0	0.48133	0.44384	0	0.48133	0.44384	0	0.47897	0.53945	11.22739	1.06646	0	0.74253	0.56351	12.15893	1.06646	0	-0.00505	-0.01027	0.68778	0.00401	1	0.06355	-0.01512	0.68345	0.00382	1	1.45898	0.81042	0	
1248256	8419.42871	3304993882273	0.00000	0.00000	8419.18066	0.19434	11250	0	0.50516	0.39895	0	0.48133	0.44384	0	0.48133	0.44384	0	0.47897	0.53945	11.22739	1.06646	0	0.74253	0.56351	12.15893	1.06646	0	-0.00505	-0.01027	0.68778	0.00401	1	0.06355	-0.01512	0.68345	0.00382	1	1.45898	0.81042	0	
1248257	8419.43555	3304993946900	0.00000	0.00000	8419.18066	0.19434	11250	0	0.50516	0.39895	0	0.48133	0.44384	0	0.48133	0.44384	0	0.47897	0.53945	11.22739	1.06646	0	0.74253	0.56351	12.15893	1.06646	0	-0.00505	-0.01027	0.68778	0.00401	1	0.06355	-0.01512	0.68345	0.00382	1	1.45898	0.81042	0	
1248258	8419.44238	3304994014241	0.00000	0.00000	8419.18066	0.19434	11250	0	0.50516	0.39895	0	0.48133	0.44384	0	0.48133	0.44384	0	0.47897	0.53945	11.22739	1.06646	0	0.74253	0.56351	12.15893	1.06646	0	-0.00505	-0.01027	0.68778	0.00401	1	0.06355	-0.01512	0.68345	0.00382	1	1.45898	0.81042	0	
1248259	8419.44824	3304994081401	0.00000	0.00000	8419.18066	0.19434	11250	0	0.50516	0.39895	0	0.48133	0.44384	0	0.48133	0.44384	0	0.47897	0.53945	11.22739	1.06646	0	0.74253	0.56351	12.15893	1.06646	0	-0.00505	-0.01027	0.68778	0.00401	1	0.06355	-0.01512	0.68345	0.00382	1	1.45898	0.81042	0	
1248260	8419.45508	3304994147826	0.24644	0.20742	8419.18066	0.19434	11250	0	0.50406	0.39229	1	0.48171	0.43738	1	0.49289	0.41483	1	0.47911	0.53886	10.93727	1.07555	1	0.74250	0.56232	12.19545	1.07555	1	-0.00541	-0.01049	0.71370	0.00382	1	0.06378	-0.01494	0.68706	0.00412	1	1.45898	0.81042	0	
1248261	8419.46191	3304994214513	0.49088	0.38232	8419.18066	0.19434	11250	0	0.50548	0.30112	1	0.47225	0.39848	1	0.48886	0.34980	1	0.47901	0.53771	11.09171	1.08463	1	0.74245	0.56218	12.19395	1.08463	1	-0.00541	-0.01049	0.71370	0.00394	1	0.06378	-0.01494	0.68706	0.00403	1	1.45898	0.81042	0	
1248262	8419.46875	3304994282404	0.48962	0.38341	8419.18066	0.19434	11250	0	0.50603	0.38060	1	0.47070	0.38843	1	0.48837	0.38451	1	0.47902	0.53861	11.13763	1.09372	1	0.74244	0.56211	12.02296	1.09372	1	-0.00541	-0.01049	0.71370	0.00371	1	0.06378	-0.01494	0.68706	0.00405	1	1.45898	0.81042	0	
1248263	8419.47559	3304994347850	0.48920	0.38378	8419.18066	0.19434	11250	0	0.50603	0.38060	1	0.47070	0.38843	1	0.48837	0.38451	1	0.47904	0.53804	11.15024	1.09372	1	0.74233	0.56215	11.95695	1.09372	1	-0.00518	-0.00995	0.67717	0.00385	1	0.06378	-0.01494	0.68706	0.00378	1	1.45898	0.81042	0	
1248264	8419.48242	3304994415190	0.48940	0.37631	8419.46191	0.02051	11251	1	0.51834	0.33399	1	0.46169	0.37383	1	0.49001	0.35391	1	0.47918	0.53811	11.23868	1.08463	1	0.74222	0.56197	12.13928	1.08463	1	-0.00518	-0.00995	0.67717	0.00400	1	0.06378	-0.01494	0.68706	0.00396	1	1.45898	0.81042	0	
1248265	8419.48926	3304994484262	0.48905	0.37349	8419.46191	0.02734	11251	1	0.51359	0.33821	1	0.46166	0.38615	1	0.48762	0.36218	1	0.47911	0.53811	11.17723	1.07555	1	0.74221	0.56199	12.22488	1.07555	1	-0.00518	-0.00995	0.67717	0.00394	1	0.06378	-0.01494	0.68706	0.00384	1	1.45898	0.81042	0	
1248266	8419.49512	3304994548724	0.48888	0.37277	8419.46191	0.03320	11251	1	0.51461	0.34533	1	0.46144	0.39303	1	0.48802	0.36918	1	0.47893	0.53856	11.03030	1.06646	1	0.74231	0.56179	12.11253	1.06646	1	-0.00518	-0.00995	0.67717	0.00379	1	0.06378	-0.01489	0.68706	0.00386	1	1.45898	0.81042	0	
1248267	8419.50195	3304994612396	0.49014	0.37351	8419.46191	0.04004	11251	1	0.52967	0.38752	1	0.46569	0.36837	1	0.49768	0.37795	1	0.47892	0.53864	11.13935	1.06646	1	0.74224	0.56168	12.15109	1.06646	1	-0.00518	-0.00995	0.67717	0.00377	1	0.06378	-0.01489	0.68706	0.00388	1	1.45898	0.81042	0	
1248268	8419.50879	3304994683375	0.49224	0.37244	8419.46191	0.04688	11251	1	0.51724	0.36440	1	0.49667	0.36556	1	0.50695	0.36498	1	0.47879	0.53841	11.07713	1.06646	1	0.74230	0.56175	12.07406	1.06646	1	-0.00518	-0.00995	0.67717	0.00381	1	0.06378	-0.01489	0.68706	0.00387	1	1.45898	0.81042	0	
1248269	8419.51562	3304994748495	0.49387	0.37161	8419.46191	0.05371	11251	1	0.51724	0.36440	1	0.49667	0.36556	1	0.50695	0.36498	1	0.47870	0.53802	10.54493	1.06646	1	0.74216	0.56174	11.72895	1.06646	1	-0.00518	-0.00995	0.67717	0.00392	1	0.06378	-0.01489	0.68706	0.00388	1	1.45898	0.81042	0	
1248270	8419.52246	3304994819942	0.49332	0.37003	8419.46191	0.06055	11251	1	0.50450	0.36446	1	0.47222	0.34717	1	0.48836	0.35582	1	0.47862	0.53846	11.73373	1.06646	1	0.74195	0.56158	11.13144	1.06646	1	-0.00518	-0.00995	0.67717	0.00357	1	0.06378	-0.01489	0.68706	0.00401	1	1.45898	0.81042	0	
1248271	8419.52930	3304994885601	0.49250	0.37028	8419.46191	0.06738	11251	1	0.50450	0.36446	0	0.48425	0.37275	1	0.48425	0.37275	1	0.47862	0.53846	11.73373	1.06646	0	0.74216	0.56174	11.72895	1.06646	1	-0.00518	-0.00995	0.67717	0.00357	1	0.06378	-0.01489	0.68706	0.00389	1	1.45898	0.81042	0	
1248272	8419.53613	3304994954190	0.49250	0.37028	8419.46191	0.07422	11251	1	0.50450	0.36446	0	0.48425	0.37275	0	0.48425	0.37275	0	0.47862	0.53846	11.73373	1.06646	0	0.74216	0.56174	11.72895	1.06646	0	-0.00518	-0.00995	0.67717	0.00357	1	0.06378	-0.01489	0.68706	0.00389	1	1.45898	0.81042	0	
1248273	8419.54297	3304995021694	0.49250	0.37028	8419.46191	0.08105	11251	1	0.50450	0.36446	0	0.48425	0.37275	0	0.48425	0.37275	0	0.47862	0.53846	11.73373	1.06646	0	0.74216	0.56174	11.72895	1.06646	0	-0.00518	-0.00995	0.67717	0.00357	1	0.06378	-0.01489	0.68706	0.00389	1	1.45898	0.81042	0	
1248274	8419.54883	3304995088151	0.49250	0.37028	8419.46191	0.08691	11251	1	0.50450	0.36446	0	0.48425	0.37275	0	0.48425	0.37275	0	0.47862	0.53846	11.73373	1.06646	0	0.74216	0.56174	11.72895	1.06646	0	-0.00518	-0.00995	0.67717	0.00357	1	0.06378	-0.01489	0.68706	0.00389	1	1.45898	0.81042	0	
1248275	8419.55566	3304995154779	0.49266	0.36908	8419.46191	0.08691	11251	0	0.50450	0.36446	0	0.48425	0.37275	0	0.48425	0.37275	0	0.47862	0.53846	11.73373	1.06646	0	0.74216	0.56174	11.72895	1.06646	0	-0.00518	-0.00995	0.67717	0.00357	1	0.06378	-0.01489	0.68706	0.00389	1	1.45898	0.81042	0	
1248276	8419.56250	3304995222588	0.49266	0.36908	8419.46191	0.08691	11251	0	0.50450	0.36446	0	0.48425	0.37275	0	0.48425	0.37275	0	0.47862	0.53846	11.73373	1.06646	0	0.74216	0.56174	11.72895	1.06646	0	-0.00518	-0.00995	0.67717	0.00357	1	0.06378	-0.01489	0.68706	0.00389	1	1.45898	0.81042	0	
1248277	8419.56934	3304995289195	0.49266	0.36908	8419.46191	0.08691	11251	0	0.50450	0.36446	0	0.48425	0.37275	0	0.48425	0.37275	0	0.47862	0.53846	11.73373	1.06646	0	0.74216	0.56174	11.72895	1.06646	0	-0.00518	-0.00995	0.67717	0.00357	1	0.06378	-0.01489	0.68706	0.00389	1	1.45898	0.81042	0	
1248278	8419.57617	3304995355968	0.00000	0.00000	8419.46191	0.08691	11251	0	0.50450	0.36446	0	0.48425	0.37275	0	0.48425	0.37275	0	0.47862	0.53846	11.73373	1.06646	0	0.74216	0.56174	11.72895	1.06646	0	-0.00518	-0.00995	0.67717	0.00357	1	0.06378	-0.01489	0.68706	0.00389	1	1.45898	0.81042	0	
1248279	8419.58301	3304995421766	0.00000	0.00000	8419.46191	0.08691	11251	0	0.50450	0.36446	0	0.48425	0.37275	0	0.48425	0.37275	0	0.47862	0.53846	11.73373	1.06646	0	0.74216	0.56174	11.72895	1.06646	0	-0.00518	-0.00995	0.67717	0.00357	1	0.06378	-0.01489	0.68706	0.00389	1	1.45898	0.81042	0	
1248280	8419.58984	3304995490296	0.00000	0.00000	8419.46191	0.08691	11251	0	0.50450	0.36446	0	0.48425	0.37275	0	0.48425	0.37275	0	0.47862	0.53846	11.73373	1.06646	0	0.74216	0.56174	11.72895	1.06646	0	-0.00518	-0.00995	0.67717	0.00357	1	0.06378	-0.01489	0.68706	0.00389	1	1.45898	0.81042	0	
1248281	8419.59668	3304995557458	0.00000	0.00000	8419.46191	0.08691	11251	0	0.50450	0.36446	0	0.48425	0.37275	0	0.48425	0.37275	0	0.47862	0.53846	11.73373	1.06646	0	0.74216	0.56174	11.72895	1.06646	0	-0.00518	-0.00995	0.67717	0.00357	1	0.06378	-0.01489	0.68706	0.00389	1	1.45898	0.81042	0	
1248282	8419.60254	3304995624208	0.19437	0.06147	8419.46191	0.08691	11251	0	0.50450	0.36446	0	0.38875	0.12294	1	0.38875	0.12294	1	0.47909	0.53528	11.49320	1.06646	0	0.47909	0.53528	11.49320	1.06646	1	-0.00518	-0.00995	0.67717	0.00357	1	0.06378	-0.01489	0.68706	0.00230	1	1.45898	0.81042	0	
1248283	8419.60938	3304995688239	0.25950	0.16196	8419.46191	0.08691	11251	0	0.50450	0.36446	0	0.38976	0.36293	1	0.38976	0.36293	1	0.47909	0.53528	11.49320	1.06646	0	0.47931	0.53779	11.63386	1.06646	1	-0.00518	-0.00995	0.67717	0.00357	1	0.06378	-0.01489	0.68706	0.00356	1	1.45898	0.81042	0	
1248284	8419.61621	3304995756364	0.38942	0.28293	8419.46191	0.08691	11251	0	0.50450	0.36446	0	0.38976	0.36293	1	0.38976	0.36293	1	0.47909	0.53528	11.49320	1.06646	0	0.47928	0.53509	11.17360	1.06646	1	-0.00518	-0.00995	0.67717	0.00357	1	-0.00506	-0.00992	0.68899	0.00231	1	1.45898	0.81042	0	
1248285	8419.62305	3304995824955	0.37856	0.19845	8419.46191	0.08691	11251	0	0.50450	0.36446	0	0.36769	0.11396	1	0.36769	0.11396	1	0.47909	0.53528	11.49320	1.06646	0	0.47927	0.53505	11.41149	1.06646	1	-0.00518	-0.00995	0.67717	0.00357	1	-0.00506	-0.00992	0.68899	0.00231	1	1.45898	0.81042	0	
1248286	8419.62988	3304995891951	0.38028	0.17157	8419.46191	0.08691	11251	0	0.50450	0.36446	0	0.38373	0.11781	1	0.38373	0.11781	1	0.47909	0.53528	11.49320	1.06646	0	0.47946	0.53507	11.09026	1.06646	1	-0.00518	-0.00995	0.67717	0.00357	1	-0.00506	-0.00992	0.68899	0.00233	1	1.45898	0.81042	0	
1248287	8419.63672	3304995959255	0.37838	0.11653	8419.46191	0.08691	11251	0	0.50450	0.36446	0	0.38373	0.11781	1	0.38373	0.11781	1	0.47909	0.53528	11.49320	1.06646	0	0.47961	0.53504	11.59587	1.06646	1	-0.00518	-0.00995	0.67717	0.00357	1	-0.00506	-0.00992	0.68899	0.00227	1	1.45898	0.81042	0	
1248288	8419.64355	3304996026044	0.37937	0.11321	8419.46191	0.08691	11251	0	0.50450	0.36446	0	0.38036	0.10989	1	0.38036	0.10989	1	0.47909	0.53528	11.49320	1.06646	0	0.47963	0.53503	11.48708	1.06646	1	-0.00518	-0.00995	0.67717	0.00357	1	-0.00506	-0.00992	0.68899	0.00230	1	1.45898	0.81042	0	
1248289	8419.64941	3304996092735	0.37771	0.11254	8419.46191	0.08691	11251	0	0.50450	0.36446	0	0.37437	0.11119	1	0.37437	0.11119	1	0.47909	0.53528	11.49320	1.06646	0	0.47971	0.53509	11.49263	1.06646	1	-0.00518	-0.00995	0.67717	0.00357	1	-0.00506	-0.00992	0.68899	0.00229	1	1.45898	0.81042	0	
1248290	8419.65625	3304996159482	0.37687	0.11220	8419.63672	0.01953	11252	1	0.50450	0.36446	0	0.37437	0.11119	1	0.37437	0.11119	1	0.47909	0.53528	11.49320	1.06646	0	0.48010	0.53504	11.68512	1.06646	1	-0.00518	-0.00995	0.67717	0.00357	1	-0.00479	-0.00978	0.67914	0.00230	1	1.45898	0.81042	0	
1248291	8419.66309	3304996224100	0.38231	0.10927	8419.63672	0.02637	11252	1	0.50450	0.36446	0	0.40407	0.09753	1	0.40407	0.09753	1	0.47909	0.53528	11.49320	1.06646	0	0.48013	0.53487	11.36662	1.06646	1	-0.00518	-0.00995	0.67717	0.00357	1	-0.00479	-0.00978	0.67914	0.00232	1	1.45898	0.81042	0	
1248292	8419.66992	3304996289541	0.38054	0.10967	8419.63672	0.03320	11252	1	0.50450	0.36446	0	0.37167	0.11166	1	0.37167	0.11166	1	0.47909	0.53528	11.49320	1.06646	0	0.48016	0.53494	11.89927	1.06646	1	-0.00518	-0.00995	0.67717	0.00357	1	-0.00479	-0.00978	0.67914	0.00229	1	1.45898	0.81042	0	
1248293	8419.67676	3304996358438	0.37927	0.10995	8419.63672	0.04004	11252	1	0.50450	0.36446	0	0.37167	0.11166	1	0.37167	0.11166	1	0.47909	0.53528	11.49320	1.06646	0	0.48030	0.53489	11.75299	1.06646	1	-0.00518	-0.00995	0.67717	0.00357	1	-0.00479	-0.00978	0.67914	0.00229	1	1.45898	0.81042	0	
1248294	8419.68262	3304996425986	0.37690	0.10600	8419.63672	0.04590	11252	1	0.50450	0.36446	0	0.36034	0.07831	1	0.36034	0.07831	1	0.47909	0.53528	11.49320	1.06646	0	0.48030	0.53483	11.60610	1.06646	1	-0.00518	-0.00995	0.67717	0.00357	1	-0.00479	-0.00978	0.67914	0.00230	1	1.45898	0.81042	0	
1248295	8419.69043	3304996495241	0.37651	0.10404	8419.63672	0.05371	11252	1	0.50450	0.36446	0	0.37337	0.08838	1	0.37337	0.08838	1	0.47909	0.53528	11.49320	1.06646	0	0.48047	0.53490	11.50894	1.06646	1	-0.00518	-0.00995	0.67717	0.00357	1	-0.00479	-0.00978	0.67914	0.00240	1	1.45898	0.81042	0	
1248296	8419.69629	3304996561510	0.37624	0.10326	8419.63672	0.05957	11252	1	0.50450	0.36446	0	0.37378	0.09629	1	0.37378	0.09629	1	0.47909	0.53528	11.49320	1.06646	0	0.48064	0.53457	11.88478	1.05880	1	-0.00518	-0.00995	0.67717	0.00357	1	-0.00465	-0.00955	0.66640	0.00235	1	1.45898	0.81042	0	
1248297	8419.70312	3304996628872	0.37561	0.10340	8419.63672	0.06641	11252	1	0.50450	0.36446	0	0.36933	0.10473	1	0.36933	0.10473	1	0.47909	0.53528	11.49320	1.05880	0	0.48055	0.53475	11.67925	1.05114	1	-0.00518	-0.00995	0.67717	0.00357	1	-0.00465	-0.00955	0.66640	0.00228	1	1.45898	0.81042	0	
1248298	8419.70996	3304996694177	0.37519	0.10413	8419.63672	0.07324	11252	1	0.50450	0.36446	0	0.37062	0.11219	1	0.37062	0.11219	1	0.47909	0.53528	11.49320	1.05114	0	0.48051	0.53471	11.71398	1.04349	1	-0.00518	-0.00995	0.67717	0.00357	1	-0.00465	-0.00955	0.66640	0.00229	1	1.45898	0.81042	0	
1248299	8419.71680	3304996762426	0.37484	0.10475	8419.63672	0.08008	11252	1	0.50450	0.36446	0	0.37062	0.11219	1	0.37062	0.11219	1	0.47909	0.53528	11.49320	1.04349	0	0.48139	0.53700	12.01011	1.04349	1	-0.00518	-0.00995	0.67717	0.00357	1	-0.00458	-0.00978	0.67940	0.00384	1	1.45898	0.81042	0	
1248300	8419.72363	3304996829671	0.37500	0.10551	8419.63672	0.08691	11252	1	0.50450	0.36446	0	0.37711	0.11537	1	0.37711	0.11537	1	0.47909	0.53528	11.49320	1.04349	0	0.48081	0.53491	11.89912	1.05114	1	-0.00518	-0.00995	0.67717	0.00357	1	-0.00458	-0.00978	0.67940	0.00232	1	1.45898	0.81042	0	
1248301	8419.73047	3304996897054	0.37499	0.11981	8419.63672	0.09375	11252	1	0.50450	0.36446	0	0.37482	0.32006	1	0.37482	0.32006	1	0.47909	0.53528	11.49320	1.05114	0	0.48106	0.53737	11.85637	1.05880	1	-0.00518	-0.00995	0.67717	0.00357	1	-0.00458	-0.00978	0.67940	0.00370	1	1.45898	0.81042	0	
1248302	8419.73633	3304996962535	0.37906	0.13390	8419.63672	0.09961	11252	1	0.50543	0.37033	1	0.37482	0.32006	1	0.44012	0.34519	1	0.48139	0.53668	10.97728	1.05880	1	0.74459	0.56099	12.06495	1.05880	1	-0.00460	-0.00977	0.68214	0.00380	1	0.06187	-0.01417	0.66060	0.00400	1	1.45898	0.81042	0	
1248303	8419.74316	3304997030597	0.38717	0.14590	8419.63672	0.10645	11252	1	0.52930	0.29567	1	0.50444	0.38021	1	0.51687	0.33794	1	0.48142	0.53673	10.97191	1.05880	1	0.74488	0.56079	11.79332	1.05114	1	-0.00460	-0.00977	0.68214	0.00381	1	0.06187	-0.01417	0.66060	0.00403	1	1.45898	0.81042	0	
1248304	8419.75000	3304997097603	0.39274	0.15034	8419.63672	0.11328	11252	1	0.51049	0.14196	1	0.46429	0.30959	1	0.48739	0.22577	1	0.48112	0.53471	11.84211	1.05114	1	0.74464	0.56092	12.00043	1.04349	1	-0.00460	-0.00977	0.68214	0.00227	1	0.06187	-0.01417	0.66060	0.00403	1	1.45898	0.81042	0	
1248305	8419.75684	3304997164601	0.40848	0.17980	8419.63672	0.11328	11252	0	0.51032	0.14055	1	0.46454	0.30183	1	0.48743	0.22119	1	0.48125	0.53473	11.51163	1.05257	1	0.74470	0.56046	11.85908	1.05257	1	-0.00478	-0.01027	0.71676	0.00231	1	0.06327	-0.01448	0.67501	0.00398	1	1.45898	0.81042	0	
1248306	8419.76367	3304997229575	0.44446	0.20728	8419.63672	0.11328	11252	0	0.49239	0.15502	1	0.46846	0.31450	1	0.48043	0.23476	1	0.48127	0.53475	11.80029	1.06166	1	0.74466	0.56085	11.99986	1.06932	1	-0.00478	-0.01027	0.71676	0.00240	1	0.06327	-0.01448	0.67501	0.00401	1	1.45898	0.81042	0	
1248307	8419.77051	3304997299037	0.45553	0.21357	8419.63672	0.11328	11252	0	0.49397	0.12002	1	0.46141	0.33226	1	0.47769	0.22614	1	0.48137	0.53479	11.42446	1.07840	1	0.74454	0.56074	11.93797	1.08606	1	-0.00478	-0.01027	0.71676	0.00236	1	0.06327	-0.01448	0.67501	0.00403	1	1.45898	0.81042	0	
1248308	8419.77734	3304997366543	0.46108	0.21679	8419.75684	0.02051	11253	1	0.49401	0.12037	1	0.46140	0.33254	1	0.47771	0.22646	1	0.48137	0.53452	11.51784	1.07804	1	0.74467	0.56068	11.55166	1.08570	1	-0.00443	-0.00950	0.66322	0.00232	1	0.06327	-0.01448	0.67501	0.00401	1	1.45898	0.81042	0	
1248309	8419.78418	3304997433071	0.46757	0.21016	8419.75684	0.02734	11253	1	0.49957	0.11652	1	0.48749	0.25077	1	0.49353	0.18365	1	0.48138	0.53448	11.38931	1.06860	1	0.74495	0.56053	11.97182	1.06860	1	-0.00443	-0.00950	0.66322	0.00232	1	0.06327	-0.01448	0.67501	0.00409	1	1.45898	0.81042	0	
1248310	8419.79004	3304997499456	0.46971	0.21233	8419.75684	0.03320	11253	1	0.49082	0.13230	1	0.47006	0.31406	1	0.48044	0.22318	1	0.48139	0.53450	11.53973	1.05150	1	0.74468	0.56096	12.40136	1.05150	1	-0.00443	-0.00950	0.66322	0.00230	1	0.06327	-0.01448	0.67501	0.00388	1	1.45898	0.81042	0	
1248311	8419.79688	3304997567304	0.47131	0.21508	8419.75684	0.04004	11253	1	0.49202	0.14137	1	0.46976	0.32172	1	0.48089	0.23155	1	0.48159	0.53469	11.96465	1.04241	1	0.74489	0.56160	12.70389	1.04241	1	-0.00446	-0.00974	0.67624	0.00228	1	0.06327	-0.01448	0.67501	0.00381	1	1.45898	0.81042	0	
1248312	8419.80371	3304997634568	0.47438	0.21943	8419.75684	0.04688	11253	1	0.51920	0.16903	1	0.47252	0.33085	1	0.49586	0.24994	1	0.48160	0.53488	11.68449	1.05043	1	0.74478	0.56123	11.99834	1.05043	1	-0.00446	-0.00974	0.67624	0.00230	1	0.06327	-0.01448	0.67501	0.00390	1	1.45898	0.81042	0	
1248313	8419.81055	3304997701476	0.47629	0.22426	8419.75684	0.05371	11253	1	0.51331	0.15018	1	0.46985	0.37554	1	0.49158	0.26286	1	0.48164	0.53483	11.54072	1.05845	1	0.74476	0.56128	12.35772	1.05845	1	-0.00446	-0.00974	0.67624	0.00234	1	0.06327	-0.01448	0.67501	0.00384	1	1.45898	0.81042	0	
1248314	8419.81738	3304997766983	0.47777	0.22771	8419.75684	0.06055	11253	1	0.51241	0.14238	1	0.46986	0.37526	1	0.49113	0.25882	1	0.48163	0.53484	11.50748	1.06646	1	0.74467	0.56084	12.00100	1.05880	1	-0.00446	-0.00995	0.69111	0.00235	1	0.06183	-0.01419	0.65917	0.00402	1	1.45898	0.81042	0	
1248315	8419.82422	3304997834525	0.47907	0.22990	8419.75684	0.06738	11253	1	0.51442	0.15165	1	0.46957	0.35180	1	0.49200	0.25173	1	0.48164	0.53483	11.53155	1.05880	1	0.74471	0.56138	12.40015	1.05114	1	-0.00446	-0.00995	0.69111	0.00233	1	0.06183	-0.01419	0.65917	0.00383	1	1.45898	0.81042	0	
1248316	8419.83105	3304997901656	0.47914	0.23130	8419.75684	0.07422	11253	1	0.49266	0.15139	1	0.46718	0.34212	1	0.47992	0.24676	1	0.48169	0.53484	11.55359	1.05114	1	0.74464	0.56129	12.16630	1.04349	1	-0.00446	-0.00995	0.69111	0.00230	1	0.06183	-0.01419	0.65917	0.00395	1	1.45898	0.81042	0	
1248317	8419.83691	3304997968686	0.47923	0.23302	8419.75684	0.08008	11253	1	0.49366	0.15891	1	0.46695	0.34843	1	0.48030	0.25367	1	0.48164	0.53482	11.45875	1.04349	1	0.74492	0.56158	12.96204	1.03583	1	-0.00446	-0.00995	0.69111	0.00233	1	0.06183	-0.01419	0.65917	0.00386	1	1.45898	0.81042	0	
1248318	8419.84375	3304998035552	0.48039	0.23558	8419.75684	0.08691	11253	1	0.51891	0.16962	1	0.47210	0.36812	1	0.49550	0.26887	1	0.48163	0.53489	11.38868	1.03583	1	0.74475	0.56150	12.56145	1.03583	1	-0.00446	-0.00995	0.69111	0.00233	1	0.06183	-0.01419	0.65917	0.00385	1	1.45898	0.81042	0	
1248319	8419.85059	3304998101451	0.48136	0.23879	8419.75684	0.09375	11253	1	0.52099	0.17000	1	0.46876	0.39730	1	0.49488	0.28365	1	0.48170	0.53484	11.33756	1.03583	1	0.74474	0.56167	12.64154	1.03583	1	-0.00446	-0.00995	0.69111	0.00230	1	0.06183	-0.01419	0.65917	0.00383	1	1.45898	0.81042	0	
1248320	8419.85742	3304998169448	0.48221	0.24141	8419.75684	0.10059	11253	1	0.52099	0.17000	1	0.46901	0.39135	1	0.49500	0.28068	1	0.48163	0.53500	11.42107	1.03583	1	0.74458	0.56200	11.91670	1.04349	1	-0.00446	-0.00995	0.69111	0.00233	1	0.06291	-0.01452	0.67009	0.00399	1	1.45898	0.81042	0	
1248321	8419.86328	3304998232385	0.48327	0.24421	8419.75684	0.10645	11253	1	0.52853	0.18532	1	0.47209	0.39293	1	0.50031	0.28912	1	0.48174	0.53509	11.57998	1.04349	1	0.74472	0.56181	11.94668	1.05114	1	-0.00446	-0.00995	0.69111	0.00227	1	0.06291	-0.01452	0.67009	0.00398	1	1.45898	0.81042	0	
1248322	8419.87012	3304998299141	0.48329	0.24638	8419.75684	0.11328	11253	1	0.49506	0.18150	1	0.47205	0.38486	1	0.48355	0.28318	1	0.48162	0.53497	11.61176	1.05114	1	0.74474	0.56172	11.92948	1.05880	1	-0.00446	-0.00995	0.69111	0.00226	1	0.06291	-0.01452	0.67009	0.00399	1	1.45898	0.81042	0	
1248323	8419.87695	3304998368016	0.48328	0.24797	8419.75684	0.12012	11253	1	0.49408	0.17420	1	0.47231	0.37895	1	0.48319	0.27658	1	0.48167	0.53481	11.50773	1.05880	1	0.74455	0.56184	12.62766	1.06646	1	-0.00446	-0.01000	0.69111	0.00232	1	0.06291	-0.01452	0.67009	0.00381	1	1.45898	0.81042	0	
1248324	8419.88379	3304998434267	0.48380	0.24701	8419.75684	0.12695	11253	1	0.51371	0.09943	1	0.47362	0.35828	1	0.49367	0.22885	1	0.48167	0.53482	11.30397	1.06646	1	0.74475	0.56175	12.46489	1.06646	1	-0.00446	-0.01000	0.69111	0.00231	1	0.06291	-0.01452	0.67009	0.00386	1	1.45898	0.81042	0	
1248325	8419.89062	3304998501600	0.48437	0.24827	8419.75684	0.13379	11253	1	0.51611	0.16545	1	0.47532	0.38144	1	0.49572	0.27345	1	0.48167	0.53500	11.35709	1.06646	1	0.74474	0.56194	12.26907	1.06646	1	-0.00446	-0.01000	0.69111	0.00234	1	0.06291	-0.01452	0.67009	0.00390	1	1.45898	0.81042	0	
1248326	8419.89746	3304998569144	0.48489	0.24941	8419.75684	0.14062	11253	1	0.51611	0.16545	1	0.47532	0.38144	1	0.49572	0.27345	1	0.48169	0.53512	10.94104	1.06646	1	0.74478	0.56176	11.89186	1.06646	1	-0.00446	-0.00995	0.69111	0.00240	1	0.06291	-0.01457	0.67009	0.00383	1	1.45898	0.81042	0	
1248327	8419.90430	3304998634935	0.48505	0.24906	8419.75684	0.14746	11253	1	0.49783	0.12490	1	0.47926	0.35784	1	0.48855	0.24137	1	0.48173	0.53512	11.36418	1.06646	1	0.74485	0.56159	11.93560	1.06646	1	-0.00446	-0.00995	0.69111	0.00233	1	0.06291	-0.01457	0.67009	0.00393	1	1.45898	0.81042	0	
1248328	8419.91113	3304998702579	0.48484	0.24891	8419.75684	0.15430	11253	1	0.49912	0.11792	1	0.46121	0.37260	1	0.48016	0.24526	1	0.48184	0.53501	11.74319	1.06646	1	0.74459	0.56187	12.21904	1.06646	1	-0.00446	-0.00995	0.69111	0.00225	1	0.06291	-0.01457	0.67009	0.00387	1	1.45898	0.81042	0	
1248329	8419.91699	3304998767629	0.48465	0.24888	8419.75684	0.16016	11253	1	0.49912	0.11792	1	0.46103	0.37855	1	0.48007	0.24823	1	0.48179	0.53510	11.68559	1.06646	1	0.74473	0.56092	11.81006	1.05880	1	-0.00446	-0.01000	0.69111	0.00221	1	0.06183	-0.01434	0.65917	0.00424	1	1.45898	0.81042	0	
1248330	8419.92383	3304998836521	0.48464	0.24890	8419.75684	0.16699	11253	1	0.51638	0.09511	1	0.45252	0.40386	1	0.48445	0.24949	1	0.48172	0.53515	11.41162	1.05880	1	0.74447	0.56198	12.52001	1.05114	1	-0.00446	-0.01000	0.69111	0.00224	1	0.06183	-0.01434	0.65917	0.00384	1	1.45898	0.81042	0	
1248331	8419.93066	3304998905963	0.48423	0.24719	8419.75684	0.17383	11253	1	0.48738	0.08213	1	0.45964	0.32344	1	0.47351	0.20279	1	0.48171	0.53505	11.04313	1.05114	1	0.74451	0.56103	12.03644	1.04349	1	-0.00446	-0.01000	0.69111	0.00231	1	0.06183	-0.01434	0.65917	0.00421	1	1.45898	0.81042	0	
1248332	8419.93750	3304998972781	0.48386	0.24587	8419.75684	0.18066	11253	1	0.48841	0.09016	1	0.45946	0.32988	1	0.47394	0.21002	1	0.48164	0.53513	11.31265	1.04349	1	0.74469	0.56106	11.99518	1.03583	1	-0.00446	-0.01006	0.69111	0.00229	1	0.06183	-0.01434	0.65917	0.00420	1	1.45898	0.81042	0	
1248333	8419.94434	3304999039408	0.48398	0.24544	8419.75684	0.18750	11253	1	0.49773	0.12470	1	0.47691	0.34212	1	0.48732	0.23341	1	0.48176	0.53523	11.39214	1.03583	1	0.74481	0.56110	11.77163	1.03583	1	-0.00446	-0.01006	0.69111	0.00233	1	0.06183	-0.01434	0.65917	0.00412	1	1.45898	0.81042	0	
1248334	8419.95117	3304999107183	0.48417	0.24522	8419.75684	0.19434	11253	1	0.50645	0.12355	1	0.47269	0.35444	1	0.48957	0.23899	1	0.48182	0.53517	11.36179	1.03583	1	0.74479	0.56128	11.75766	1.03583	1	-0.00446	-0.01006	0.69111	0.00230	1	0.06183	-0.01434	0.65917	0.00407	1	1.45898	0.81042	0	
1248335	8419.95801	3304999174055	0.48434	0.24502	8419.75684	0.20117	11253	1	0.50645	0.12355	1	0.47269	0.35444	1	0.48957	0.23899	1	0.48162	0.53515	11.42879	1.03583	1	0.74465	0.56172	12.31742	1.03583	1	-0.00446	-0.01006	0.69111	0.00231	1	0.06183	-0.01434	0.65917	0.00390	1	1.45898	0.81042	0	
1248336	8419.96484	3304999241136	0.48450	0.24453	8419.75684	0.20801	11253	1	0.49217	0.12071	1	0.48629	0.33778	1	0.48923	0.22924	1	0.48174	0.53512	11.51512	1.03583	1	0.74498	0.56122	11.43542	1.03583	1	-0.00446	-0.01006	0.69111	0.00225	1	0.06183	-0.01434	0.65917	0.00414	1	1.45898	0.81042	0	
1248337	8419.97168	3304999307839	0.48506	0.24471	8419.75684	0.21484	11253	1	0.51743	0.12777	1	0.48879	0.37294	1	0.50311	0.25036	1	0.48169	0.53519	11.50882	1.03583	1	0.74501	0.56130	11.32012	1.03583	1	-0.00446	-0.01006	0.69111	0.00229	1	0.06183	-0.01434	0.65917	0.00402	1	1.45898	0.81042	0	
1248338	8419.97754	3304999375174	0.48559	0.24487	8419.75684	0.22070	11253	1	0.51743	0.12777	1	0.48879	0.37294	1	0.50311	0.25036	1	0.48171	0.53520	11.53493	1.03583	1	0.74477	0.56123	11.88483	1.03583	1	-0.00446	-0.01006	0.69111	0.00230	1	0.06183	-0.01434	0.65917	0.00399	1	1.45898	0.81042	0	
1248339	8419.98438	3304999441357	0.48582	0.24491	8419.75684	0.22754	11253	1	0.51392	0.12009	1	0.47331	0.37249	1	0.49361	0.24629	1	0.48165	0.53514	11.15798	1.03583	1	0.74475	0.56144	11.92774	1.03583	1	-0.00446	-0.01006	0.69111	0.00232	1	0.06183	-0.01434	0.65917	0.00395	1	1.45898	0.81042	0	
1248340	8419.99121	3304999509118	0.48617	0.24501	8419.75684	0.23438	11253	1	0.51674	0.14023	1	0.48017	0.35656	1	0.49845	0.24839	1	0.48166	0.53535	11.35515	1.03583	1	0.74490	0.56128	11.57511	1.03583	1	-0.00446	-0.01006	0.69111	0.00229	1	0.06183	-0.01434	0.65917	0.00399	1	1.45898	0.81042	0	
1248341	8419.99805	3304999575960	0.48651	0.24502	8419.75684	0.24121	11253	1	0.51674	0.14023	1	0.48049	0.35031	1	0.49862	0.24527	1	0.48158	0.53535	11.39842	1.03583	1	0.74477	0.56149	11.69491	1.04349	1	-0.00446	-0.01006	0.69111	0.00225	1	0.06327	-0.01468	0.67501	0.00391	1	1.45898	0.81042	0	
1248342	8420.00488	3304999641811	0.48653	0.24492	8419.75684	0.24805	11253	1	0.50261	0.13453	1	0.47208	0.34845	1	0.48735	0.24149	1	0.48151	0.53535	11.21216	1.04349	1	0.74475	0.56155	12.12100	1.05114	1	-0.00446	-0.01006	0.69111	0.00224	1	0.06327	-0.01468	0.67501	0.00385	1	1.45898	0.81042	0	
1248343	8420.01172	3304999709589	0.48666	0.24427	8419.75684	0.25488	11253	1	0.51328	0.11634	1	0.46986	0.32265	1	0.49157	0.21950	1	0.48162	0.53528	11.06516	1.05114	1	0.74470	0.56113	12.08225	1.05880	1	-0.00446	-0.01006	0.69111	0.00228	1	0.06327	-0.01468	0.67501	0.00389	1	1.45898	0.81042	0	
1248344	8420.01758	3304999775457	0.48678	0.24366	8419.75684	0.26074	11253	1	0.51332	0.11670	1	0.46985	0.32295	1	0.49159	0.21983	1	0.48155	0.53527	11.06669	1.05079	1	0.74473	0.56100	12.01687	1.05845	1	-0.00438	-0.00954	0.65562	0.00233	1	0.06327	-0.01468	0.67501	0.00397	1	1.45898	0.81042	0	
1248345	8420.02441	3304999843753	0.48691	0.24267	8419.75684	0.26758	11253	1	0.50661	0.12096	1	0.47722	0.28557	1	0.49191	0.20327	1	0.48154	0.53536	11.32377	1.05043	1	0.74479	0.56075	11.93615	1.05043	1	-0.00438	-0.00954	0.65562	0.00228	1	0.06327	-0.01468	0.67501	0.00406	1	1.45898	0.81042	0	
1248346	8420.03125	3304999911757	0.48691	0.24208	8419.75684	0.27441	11253	1	0.50365	0.14276	1	0.47034	0.29244	1	0.48700	0.21760	1	0.48149	0.53542	11.39447	1.04241	1	0.74467	0.56074	11.94249	1.04241	1	-0.00438	-0.00954	0.65562	0.00231	1	0.06327	-0.01468	0.67501	0.00407	1	1.45898	0.81042	0	
1248347	8420.03809	3304999977720	0.48691	0.24151	8419.75684	0.28125	11253	1	0.50365	0.14276	1	0.47034	0.29244	1	0.48700	0.21760	1	0.48153	0.53550	11.18809	1.04241	1	0.74473	0.56085	11.89539	1.04241	1	-0.00458	-0.00989	0.67939	0.00231	1	0.06327	-0.01468	0.67501	0.00409	1	1.45898	0.81042	0	
1248348	8420.04492	3305000044518	0.48693	0.24110	8419.75684	0.28809	11253	1	0.50964	0.13813	1	0.46595	0.30893	1	0.48780	0.22353	1	0.48158	0.53539	11.28302	1.05043	1	0.74461	0.56095	11.99506	1.05043	1	-0.00458	-0.00989	0.67939	0.00226	1	0.06327	-0.01468	0.67501	0.00403	1	1.45898	0.81042	0	
1248349	8420.05176	3305000111802	0.48716	0.24024	8419.75684	0.29492	11253	1	0.50187	0.12057	1	0.49254	0.28408	1	0.49721	0.20232	1	0.48145	0.53539	11.21936	1.05845	1	0.74468	0.56077	11.76340	1.05845	1	-0.00458	-0.00989	0.67939	0.00234	1	0.06327	-0.01468	0.67501	0.00411	1	1.45898	0.81042	0	
1248350	8420.05859	3305000178638	0.48737	0.23932	8419.75684	0.30176	11253	1	0.50090	0.11253	1	0.49256	0.28377	1	0.49673	0.19815	1	0.48117	0.53542	11.25811	1.06646	1	0.74421	0.56192	11.56638	1.05880	1	-0.00458	-0.00989	0.67939	0.00224	1	0.06187	-0.01437	0.66060	0.00395	1	1.45898	0.81042	0	
1248351	8420.06543	3305000245691	0.48760	0.23984	8419.75684	0.30859	11253	1	0.51362	0.12466	1	0.48266	0.40215	1	0.49814	0.26340	1	0.48113	0.53546	11.01195	1.05880	1	0.74409	0.56198	11.71710	1.05114	1	-0.00458	-0.00989	0.67939	0.00223	1	0.06187	-0.01437	0.66060	0.00393	1	1.45898	0.81042	0	
1248352	8420.07129	3305000312731	0.48782	0.24034	8419.75684	0.31445	11253	1	0.51013	0.13941	1	0.48674	0.38909	1	0.49843	0.26425	1	0.48106	0.53551	10.94541	1.05114	1	0.74420	0.56183	11.64341	1.04349	1	-0.00458	-0.00989	0.67939	0.00227	1	0.06187	-0.01437	0.66060	0.00396	1	1.45898	0.81042	0	
1248353	8420.07812	3305000377158	0.48971	0.24218	8419.75684	0.32129	11253	1	0.51102	0.14700	1	0.48674	0.38909	1	0.49888	0.26805	1	0.48105	0.53548	10.85575	1.04349	1	0.74429	0.56165	11.52304	1.04349	1	-0.00458	-0.00989	0.67939	0.00229	1	0.06338	-0.01473	0.67731	0.00396	1	1.45898	0.81042	0	
1248354	8420.08496	3305000443978	0.49013	0.24270	8419.75684	0.32812	11253	1	0.50594	0.13879	1	0.49560	0.38017	1	0.50077	0.25948	1	0.48101	0.53543	11.22077	1.04349	1	0.74436	0.56177	11.34072	1.05114	1	-0.00458	-0.00989	0.67939	0.00223	1	0.06338	-0.01473	0.67731	0.00389	1	1.45898	0.81042	0	
1248355	8420.09180	3305000513447	0.49047	0.24312	8419.75684	0.33496	11253	1	0.50230	0.10976	1	0.48559	0.38278	1	0.49395	0.24627	1	0.48099	0.53548	10.89675	1.05114	1	0.74423	0.56180	11.66789	1.05880	1	-0.00458	-0.00989	0.67939	0.00225	1	0.06338	-0.01473	0.67731	0.00384	1	1.45898	0.81042	0	
1248356	8420.09863	3305000580650	0.49080	0.24339	8419.75684	0.34180	11253	1	0.50137	0.10194	1	0.48595	0.37685	1	0.49366	0.23940	1	0.48081	0.53556	10.81946	1.05880	1	0.74385	0.56131	11.73098	1.06646	1	-0.00458	-0.00989	0.67939	0.00229	1	0.06349	-0.01478	0.67958	0.00410	1	1.45898	0.81042	0	
1248357	8420.10547	3305000646776	0.49081	0.24410	8419.75684	0.34863	11253	1	0.51244	0.13123	1	0.47564	0.30434	1	0.49404	0.21778	1	0.48078	0.53559	10.83347	1.06646	1	0.74397	0.56108	11.59852	1.06646	1	-0.00458	-0.00989	0.67939	0.00222	1	0.06349	-0.01478	0.67958	0.00404	1	1.45898	0.81042	0	
1248358	8420.11230	3305000713797	0.49116	0.24333	8419.75684	0.35547	11253	1	0.51536	0.10183	1	0.47934	0.27099	1	0.49735	0.18641	1	0.48081	0.53537	11.45901	1.06646	1	0.74402	0.56058	11.70066	1.06646	1	-0.00458	-0.00989	0.67939	0.00224	1	0.06349	-0.01478	0.67958	0.00409	1	1.45898	0.81042	0	
1248359	8420.11816	3305000781569	0.49150	0.24221	8419.75684	0.36133	11253	1	0.51436	0.09264	1	0.47971	0.26306	1	0.49703	0.17785	1	0.48071	0.53548	11.05440	1.07555	1	0.74393	0.56070	11.76041	1.07555	1	-0.00483	-0.01030	0.70758	0.00223	1	0.06349	-0.01478	0.67958	0.00403	1	1.45898	0.81042	0	
1248360	8420.12500	3305000848648	0.49155	0.24115	8419.75684	0.36816	11253	1	0.50641	0.10024	1	0.48998	0.29791	1	0.49820	0.19907	1	0.48069	0.53546	11.03275	1.08463	1	0.74385	0.56106	11.68280	1.08463	1	-0.00483	-0.01030	0.70758	0.00221	1	0.06349	-0.01478	0.67958	0.00400	1	1.45898	0.81042	0	
1248361	8420.13184	3305000915575	0.49173	0.23928	8419.75684	0.37500	11253	1	0.50463	0.09569	1	0.49637	0.25013	1	0.50050	0.17291	1	0.48075	0.53559	10.86666	1.09372	1	0.74392	0.56061	11.71096	1.09372	1	-0.00483	-0.01030	0.70758	0.00220	1	0.06349	-0.01478	0.67958	0.00417	1	1.45898	0.81042	0	
1248362	8420.13867	3305000982606	0.49193	0.23756	8419.75684	0.38184	11253	1	0.50463	0.09569	1	0.49595	0.25681	1	0.50029	0.17625	1	0.48054	0.53561	10.81861	1.09372	1	0.74357	0.56147	11.16555	1.08606	1	-0.00473	-0.00982	0.67128	0.00227	1	0.06154	-0.01434	0.65922	0.00400	1	1.45898	0.81042	0	
1248363	8420.14551	3305001047651	0.49180	0.23730	8419.75684	0.38867	11253	1	0.48388	0.11770	1	0.48827	0.36117	1	0.48608	0.23943	1	0.48056	0.53562	10.96389	1.07698	1	0.74341	0.56155	11.67158	1.06932	1	-0.00473	-0.00982	0.67128	0.00231	1	0.06154	-0.01434	0.65922	0.00420	1	1.45898	0.81042	0	
1248364	8420.15234	3305001116178	0.49203	0.23730	8419.75684	0.39551	11253	1	0.51590	0.11862	1	0.46609	0.37463	1	0.49099	0.24663	1	0.48049	0.53551	11.12841	1.06023	1	0.74348	0.56170	11.28480	1.05257	1	-0.00473	-0.00982	0.67128	0.00234	1	0.06154	-0.01434	0.65922	0.00396	1	1.45898	0.81042	0	
1248365	8420.15918	3305001183775	0.49227	0.23747	8419.75684	0.40234	11253	1	0.51775	0.13540	1	0.46560	0.38777	1	0.49168	0.26159	1	0.48039	0.53542	11.21182	1.04349	1	0.74349	0.56139	11.34894	1.03583	1	-0.00473	-0.00982	0.67128	0.00224	1	0.06133	-0.01431	0.65805	0.00394	1	1.45898	0.81042	0	
1248366	8420.16602	3305001251533	0.49239	0.23758	8419.75684	0.40918	11253	1	0.51185	0.14835	1	0.49036	0.40008	1	0.50110	0.27422	1	0.48034	0.53556	11.12765	1.03583	1	0.74343	0.56182	11.49923	1.03583	1	-0.00473	-0.00982	0.67128	0.00227	1	0.06133	-0.01431	0.65805	0.00390	1	1.45898	0.81042	0	
1248367	8420.17188	3305001317764	0.49250	0.23745	8419.75684	0.41504	11253	1	0.51705	0.16286	1	0.48407	0.39239	1	0.50056	0.27762	1	0.48037	0.53554	11.25597	1.03583	1	0.74338	0.56169	11.42619	1.03583	1	-0.00473	-0.00982	0.67128	0.00221	1	0.06133	-0.01431	0.65805	0.00389	1	1.45898	0.81042	0	
1248368	8420.17871	3305001384338	0.49262	0.23739	8419.75684	0.42188	11253	1	0.51705	0.16286	1	0.48407	0.39239	1	0.50056	0.27762	1	0.48038	0.53558	11.13648	1.03583	1	0.74343	0.56107	11.42264	1.03583	1	-0.00473	-0.00982	0.67128	0.00230	1	0.06133	-0.01431	0.65805	0.00415	1	1.45898	0.81042	0	
1248369	8420.18555	3305001451253	0.49261	0.23663	8419.75684	0.42871	11253	1	0.51021	0.14521	1	0.48973	0.36063	1	0.49997	0.25292	1	0.48039	0.53548	11.49575	1.03583	1	0.74346	0.56145	11.35882	1.03583	1	-0.00473	-0.00982	0.67128	0.00223	1	0.06133	-0.01431	0.65805	0.00399	1	1.45898	0.81042	0	
1248370	8420.19238	3305001518523	0.49306	0.23626	8419.75684	0.43555	11253	1	0.51725	0.14855	1	0.49245	0.38197	1	0.50485	0.26526	1	0.48043	0.53555	11.22786	1.03583	1	0.74346	0.56166	11.85103	1.03583	1	-0.00473	-0.00982	0.67128	0.00225	1	0.06133	-0.01431	0.65805	0.00401	1	1.45898	0.81042	0	
1248371	8420.19922	3305001585774	0.49351	0.23596	8419.75684	0.44238	11253	1	0.51725	0.14855	1	0.49286	0.37590	1	0.50505	0.26222	1	0.48006	0.53533	11.33242	1.03583	1	0.74348	0.56142	11.54274	1.04349	1	-0.00473	-0.00982	0.67128	0.00226	1	0.06291	-0.01464	0.67556	0.00402	1	1.45898	0.81042	0	
1248372	8420.20605	3305001652898	0.49335	0.23610	8419.75684	0.44922	11253	1	0.50297	0.13518	1	0.46895	0.33604	1	0.48596	0.23561	1	0.48025	0.53550	10.88715	1.04349	1	0.74310	0.56135	12.00830	1.05114	1	-0.00473	-0.00982	0.67128	0.00237	1	0.06291	-0.01464	0.67556	0.00382	1	1.45898	0.81042	0	
1248373	8420.21289	3305001719394	0.49330	0.23475	8419.75684	0.45605	11253	1	0.51793	0.10129	1	0.46895	0.31579	1	0.49344	0.20854	1	0.48006	0.53533	11.33242	1.05114	1	0.74309	0.56095	11.57333	1.05880	1	-0.00473	-0.00982	0.67128	0.00227	1	0.06291	-0.01464	0.67556	0.00405	1	1.45898	0.81042	0	
1248374	8420.21875	3305001786279	0.49325	0.23325	8419.75684	0.46191	11253	1	0.51709	0.09343	1	0.46919	0.30938	1	0.49314	0.20141	1	0.48005	0.53532	11.24086	1.05880	1	0.74323	0.56067	11.60154	1.06646	1	-0.00480	-0.00990	0.68048	0.00229	1	0.06291	-0.01464	0.67556	0.00417	1	1.45898	0.81042	0	
1248375	8420.22559	3305001852049	0.49338	0.23186	8419.75684	0.46875	11253	1	0.50975	0.10633	1	0.47965	0.24355	1	0.49470	0.17494	1	0.48000	0.53535	11.40883	1.06646	1	0.74319	0.56038	11.61540	1.06646	1	-0.00480	-0.00990	0.68048	0.00222	1	0.06291	-0.01464	0.67556	0.00424	1	1.45898	0.81042	0	
1248376	8420.23242	3305001920371	0.49377	0.23134	8419.75684	0.47559	11253	1	0.51889	0.11169	1	0.47892	0.32827	1	0.49891	0.21998	1	0.48016	0.53553	10.95572	1.06646	1	0.74322	0.56120	11.85857	1.06646	1	-0.00480	-0.00990	0.68048	0.00229	1	0.06291	-0.01464	0.67556	0.00388	1	1.45898	0.81042	0	
1248377	8420.23926	3305001986892	0.49375	0.23301	8419.75684	0.48242	11253	1	0.51889	0.11169	0	0.47892	0.32827	1	0.47892	0.32827	1	0.48016	0.53553	10.95572	1.06646	0	0.48016	0.53553	10.95572	1.06646	1	-0.00480	-0.00990	0.68048	0.00229	1	-0.00480	-0.00990	0.68048	0.00229	1	1.45898	0.81042	0	
1248378	8420.24609	3305002054043	0.49209	0.22898	8419.75684	0.48926	11253	1	0.51889	0.11169	0	0.40491	0.05608	1	0.40491	0.05608	1	0.48016	0.53553	10.95572	1.06646	0	0.48017	0.53547	10.95109	1.06646	1	-0.00480	-0.00990	0.68048	0.00229	1	-0.00480	-0.00990	0.68048	0.00231	1	1.45898	0.81042	0	
1248379	8420.25293	3305002121287	0.49061	0.22580	8419.75684	0.49609	11253	1	0.51889	0.11169	0	0.40239	0.05022	1	0.40239	0.05022	1	0.48016	0.53553	10.95572	1.06646	0	0.48011	0.53539	11.08826	1.06646	1	-0.00480	-0.00990	0.68048	0.00229	1	-0.00480	-0.00990	0.68048	0.00222	1	1.45898	0.81042	0	
1248380	8420.25977	3305002188806	0.47207	0.19282	8419.75684	0.49609	11253	0	0.51889	0.11169	0	0.40260	0.05843	1	0.40260	0.05843	1	0.48016	0.53553	10.95572	1.06646	0	0.47998	0.53533	11.42586	1.05880	1	-0.00480	-0.00990	0.68048	0.00229	1	-0.00469	-0.00958	0.65872	0.00222	1	1.45898	0.81042	0	
1248381	8420.26562	3305002250835	0.43309	0.12704	8419.75684	0.49609	11253	0	0.51889	0.11169	0	0.39411	0.06125	1	0.39411	0.06125	1	0.48016	0.53553	10.95572	1.05880	0	0.48001	0.53533	11.42517	1.05114	1	-0.00480	-0.00990	0.68048	0.00229	1	-0.00469	-0.00958	0.65872	0.00222	1	1.45898	0.81042	0	
1248382	8420.27246	3305002319662	0.41928	0.10882	8419.75684	0.49609	11253	0	0.51889	0.11169	0	0.39165	0.07238	1	0.39165	0.07238	1	0.48016	0.53553	10.95572	1.05114	0	0.47997	0.53535	11.42556	1.04349	1	-0.00480	-0.00990	0.68048	0.00229	1	-0.00469	-0.00958	0.65872	0.00221	1	1.45898	0.81042	0	
1248383	8420.27930	3305002388196	0.39247	0.06867	8419.75684	0.49609	11253	0	0.51889	0.11169	0	0.39165	0.07238	1	0.39165	0.07238	1	0.48016	0.53553	10.95572	1.04349	0	0.47989	0.53524	11.00362	1.04349	1	-0.00480	-0.00990	0.68048	0.00229	1	-0.00490	-0.00991	0.68138	0.00223	1	1.45898	0.81042	0	
1248384	8420.28516	3305002451479	0.38940	0.07012	8419.75684	0.49609	11253	0	0.51889	0.11169	0	0.38634	0.07156	1	0.38634	0.07156	1	0.48016	0.53553	10.95572	1.04349	0	0.47982	0.53549	10.82603	1.05114	1	-0.00480	-0.00990	0.68048	0.00229	1	-0.00490	-0.00991	0.68138	0.00224	1	1.45898	0.81042	0	
1248385	8420.29297	3305002520310	0.39020	0.06932	8419.75684	0.49609	11253	0	0.51889	0.11169	0	0.39179	0.06773	1	0.39179	0.06773	1	0.48016	0.53553	10.95572	1.05114	0	0.47993	0.53540	10.62197	1.05880	1	-0.00480	-0.00990	0.68048	0.00229	1	-0.00490	-0.00991	0.68138	0.00224	1	1.45898	0.81042	0	
1248386	8420.29883	3305002588166	0.39060	0.06892	8420.27930	0.01953	11254	1	0.51889	0.11169	0	0.39179	0.06773	1	0.39179	0.06773	1	0.48016	0.53553	10.95572	1.05880	0	0.47984	0.53536	11.26236	1.05880	1	-0.00480	-0.00990	0.68048	0.00229	1	-0.00469	-0.00958	0.65872	0.00217	1	1.45898	0.81042	0	
1248387	8420.30566	3305002650217	0.39182	0.06964	8420.27930	0.02637	11254	1	0.51889	0.11169	0	0.39670	0.07249	1	0.39670	0.07249	1	0.48016	0.53553	10.95572	1.05880	0	0.47999	0.53544	11.37745	1.05114	1	-0.00480	-0.00990	0.68048	0.00229	1	-0.00469	-0.00958	0.65872	0.00227	1	1.45898	0.81042	0	
1248388	8420.31250	3305002721179	0.39073	0.06695	8420.27930	0.03320	11254	1	0.51889	0.11169	0	0.38530	0.05353	1	0.38530	0.05353	1	0.48016	0.53553	10.95572	1.05114	0	0.47985	0.53535	11.20148	1.04349	1	-0.00480	-0.00990	0.68048	0.00229	1	-0.00469	-0.00958	0.65872	0.00215	1	1.45898	0.81042	0	
1248389	8420.31934	3305002789875	0.38990	0.06368	8420.27930	0.04004	11254	1	0.51889	0.11169	0	0.38492	0.04407	1	0.38492	0.04407	1	0.48016	0.53553	10.95572	1.04349	0	0.47974	0.53543	10.80824	1.05217	1	-0.00480	-0.00990	0.68048	0.00229	1	-0.00506	-0.01034	0.71065	0.00223	1	1.45898	0.81042	0	
1248390	8420.32617	3305002855218	0.38923	0.06058	8420.27930	0.04688	11254	1	0.51889	0.11169	0	0.38451	0.03889	1	0.38451	0.03889	1	0.48016	0.53553	10.95572	1.05217	0	0.47981	0.53532	11.08648	1.06851	1	-0.00480	-0.00990	0.68048	0.00229	1	-0.00506	-0.01034	0.71065	0.00228	1	1.45898	0.81042	0	
1248391	8420.33301	3305002925192	0.38882	0.06010	8420.27930	0.05371	11254	1	0.51889	0.11169	0	0.38559	0.05620	1	0.38559	0.05620	1	0.48016	0.53553	10.95572	1.06851	0	0.47997	0.53552	11.02230	1.08485	1	-0.00480	-0.00990	0.68048	0.00229	1	-0.00506	-0.01034	0.71065	0.00227	1	1.45898	0.81042	0	
1248392	8420.33984	3305002992412	0.38843	0.05800	8420.27930	0.06055	11254	1	0.51889	0.11169	0	0.38491	0.03911	1	0.38491	0.03911	1	0.48016	0.53553	10.95572	1.08485	0	0.47994	0.53525	11.11714	1.10119	1	-0.00480	-0.00990	0.68048	0.00229	1	-0.00506	-0.01034	0.71065	0.00237	1	1.45898	0.81042	0	
1248393	8420.34668	3305003059173	0.39883	0.07087	8420.27930	0.06738	11254	1	0.49626	0.06337	1	0.50932	0.33581	1	0.50279	0.19959	1	0.47986	0.53530	11.13926	1.10119	1	0.74330	0.56170	12.38343	1.10119	1	-0.00480	-0.00990	0.68048	0.00222	1	-0.00506	-0.01034	0.71065	0.00390	1	1.45898	0.81042	0	
1248394	8420.35352	3305003126002	0.40597	0.08130	8420.27930	0.07422	11254	1	0.49377	0.08642	1	0.47532	0.30577	1	0.48454	0.19609	1	0.47974	0.53550	10.59042	1.10119	1	0.74319	0.56135	11.87001	1.10119	1	-0.00480	-0.00990	0.68048	0.00224	1	-0.00506	-0.01034	0.71065	0.00400	1	1.45898	0.81042	0	
1248395	8420.35938	3305003192988	0.41197	0.08977	8420.27930	0.08008	11254	1	0.49265	0.07737	1	0.47533	0.30544	1	0.48399	0.19140	1	0.48010	0.53532	10.57453	1.11027	1	0.74329	0.56154	12.24206	1.10159	1	-0.00510	-0.01020	0.70103	0.00226	1	0.06349	-0.01462	0.68173	0.00402	1	1.45898	0.81042	0	
1248396	8420.36621	3305003261057	0.41770	0.09777	8420.27930	0.08691	11254	1	0.50184	0.05351	1	0.48246	0.34989	1	0.49215	0.20170	1	0.48007	0.53531	11.24315	1.11068	1	0.74329	0.56136	11.68377	1.10200	1	-0.00510	-0.01020	0.70103	0.00225	1	0.06349	-0.01462	0.68173	0.00412	1	1.45898	0.81042	0	
1248397	8420.37305	3305003326879	0.42282	0.10351	8420.27930	0.09375	11254	1	0.50272	0.05016	1	0.48633	0.31773	1	0.49452	0.18394	1	0.48006	0.53533	10.51625	1.11108	1	0.74334	0.56151	11.85124	1.10240	1	-0.00510	-0.01020	0.70103	0.00229	1	0.06349	-0.01462	0.68173	0.00413	1	1.45898	0.81042	0	
1248398	8420.37988	3305003393910	0.42734	0.10949	8420.27930	0.10059	11254	1	0.50464	0.06717	1	0.48557	0.33113	1	0.49511	0.19915	1	0.48005	0.53531	10.47897	1.09438	1	0.74309	0.56117	11.98586	1.08570	1	-0.00469	-0.00958	0.65872	0.00229	1	0.06349	-0.01462	0.68173	0.00398	1	1.45898	0.81042	0	
1248399	8420.38672	3305003460671	0.44698	0.13478	8420.27930	0.10059	11254	0	0.50010	0.10100	1	0.47078	0.32635	1	0.48544	0.21368	1	0.47996	0.53528	11.10396	1.06860	1	0.74317	0.56122	12.01323	1.06860	1	-0.00469	-0.00958	0.65872	0.00227	1	0.06349	-0.01462	0.68173	0.00400	1	1.45898	0.81042	0	
1248400	8420.39355	3305003527911	0.47066	0.18586	8420.27930	0.10059	11254	0	0.51129	0.10267	1	0.47739	0.37122	1	0.49434	0.23694	1	0.48002	0.53517	10.92366	1.05150	1	0.74322	0.56113	12.12728	1.05150	1	-0.00469	-0.00958	0.65872	0.00224	1	0.06349	-0.01462	0.68173	0.00389	1	1.45898	0.81042	0	
1248401	8420.40039	3305003596110	0.47862	0.20665	8420.27930	0.10059	11254	0	0.51234	0.11199	1	0.47672	0.38445	1	0.49453	0.24822	1	0.48003	0.53518	10.97255	1.04241	1	0.74332	0.56077	11.66495	1.03475	1	-0.00480	-0.00990	0.68048	0.00222	1	0.06133	-0.01412	0.65805	0.00411	1	1.45898	0.81042	0	
1248402	8420.40723	3305003662832	0.49358	0.25029	8420.27930	0.10059	11254	0	0.49709	0.12031	1	0.48668	0.41108	1	0.49188	0.26570	1	0.48016	0.53521	11.11097	1.04277	1	0.74338	0.56112	11.78258	1.03511	1	-0.00480	-0.00990	0.68048	0.00227	1	0.06133	-0.01412	0.65805	0.00385	1	1.45898	0.81042	0	
1248403	8420.41309	3305003728934	0.48658	0.26496	8420.27930	0.10059	11254	0	0.49834	0.15236	1	0.46082	0.40692	1	0.47958	0.27964	1	0.48014	0.53515	10.90775	1.04313	1	0.74301	0.56127	12.17295	1.03547	1	-0.00480	-0.00990	0.68048	0.00226	1	0.06133	-0.01412	0.65805	0.00383	1	1.45898	0.81042	0	
1248404	8420.41992	3305003795855	0.48424	0.26975	8420.27930	0.10059	11254	0	0.49830	0.15200	1	0.46083	0.40664	1	0.47956	0.27932	1	0.48034	0.53484	11.01820	1.04349	1	0.74346	0.56123	11.20826	1.03583	1	-0.00479	-0.00978	0.67914	0.00220	1	0.06133	-0.01412	0.65805	0.00380	1	1.45898	0.81042	0	
1248405	8420.42676	3305003858629	0.48380	0.27779	8420.40723	0.01953	11255	1	0.49783	0.14249	1	0.46712	0.46134	1	0.48248	0.30192	1	0.48034	0.53484	11.01820	1.03583	1	0.74311	0.56144	11.88536	1.03583	1	-0.00479	-0.00978	0.67914	0.00220	1	0.06133	-0.01412	0.65805	0.00382	1	1.45898	0.81042	0	
1248406	8420.43359	3305003929672	0.46401	0.25223	8420.40723	0.02637	11255	1	0.49783	0.14249	0	0.38484	0.14997	1	0.38484	0.14997	1	0.48034	0.53484	11.01820	1.03583	0	0.48022	0.53500	10.55665	1.03583	1	-0.00479	-0.00978	0.67914	0.00220	1	0.06133	-0.01412	0.65805	0.00227	1	1.45898	0.81042	0	
1248407	8420.44043	3305003997658	0.45076	0.23390	8420.40723	0.03320	11255	1	0.49783	0.14249	0	0.38449	0.14227	1	0.38449	0.14227	1	0.48034	0.53484	11.01820	1.03583	0	0.48037	0.53499	10.71383	1.04349	1	-0.00479	-0.00978	0.67914	0.00220	1	-0.00479	-0.00978	0.67914	0.00220	1	1.45898	0.81042	0	
1248408	8420.44727	3305004063883	0.43871	0.21019	8420.40723	0.04004	11255	1	0.49783	0.14249	0	0.36643	0.06793	1	0.36643	0.06793	1	0.48034	0.53484	11.01820	1.04349	0	0.48025	0.53487	10.85622	1.05114	1	-0.00479	-0.00978	0.67914	0.00220	1	-0.00479	-0.00978	0.67914	0.00225	1	1.45898	0.81042	0	
1248409	8420.45312	3305004130880	0.43001	0.19665	8420.40723	0.04590	11255	1	0.49783	0.14249	0	0.36911	0.10182	1	0.36911	0.10182	1	0.48034	0.53484	11.01820	1.05114	0	0.48043	0.53491	10.81419	1.05880	1	-0.00479	-0.00978	0.67914	0.00220	1	-0.00479	-0.00978	0.67914	0.00223	1	1.45898	0.81042	0	
1248410	8420.45996	3305004197725	0.42319	0.18524	8420.40723	0.05273	11255	1	0.49783	0.14249	0	0.36866	0.09396	1	0.36866	0.09396	1	0.48034	0.53484	11.01820	1.05880	0	0.48052	0.53483	11.11329	1.06646	1	-0.00479	-0.00978	0.67914	0.00220	1	-0.00479	-0.00978	0.67914	0.00221	1	1.45898	0.81042	0	
1248411	8420.46680	3305004265269	0.41862	0.17650	8420.40723	0.05957	11255	1	0.49783	0.14249	0	0.37748	0.09789	1	0.37748	0.09789	1	0.48034	0.53484	11.01820	1.06646	0	0.48053	0.53489	10.94540	1.06646	1	-0.00479	-0.00978	0.67914	0.00220	1	-0.00479	-0.00978	0.67914	0.00223	1	1.45898	0.81042	0	
1248412	8420.47363	3305004332297	0.41475	0.16716	8420.40723	0.06641	11255	1	0.49783	0.14249	0	0.37604	0.07377	1	0.37604	0.07377	1	0.48034	0.53484	11.01820	1.06646	0	0.48047	0.53480	10.79024	1.06646	1	-0.00479	-0.00978	0.67914	0.00220	1	-0.00479	-0.00978	0.67914	0.00220	1	1.45898	0.81042	0	
1248413	8420.48047	3305004395377	0.41156	0.16005	8420.40723	0.07324	11255	1	0.49783	0.14249	0	0.37644	0.08179	1	0.37644	0.08179	1	0.48034	0.53484	11.01820	1.06646	0	0.48065	0.53479	10.94802	1.05880	1	-0.00479	-0.00978	0.67914	0.00220	1	-0.00435	-0.00917	0.63697	0.00221	1	1.45898	0.81042	0	
1248414	8420.48633	3305004462054	0.40974	0.15546	8420.40723	0.07910	11255	1	0.49783	0.14249	0	0.38799	0.10038	1	0.38799	0.10038	1	0.48034	0.53484	11.01820	1.05880	0	0.48068	0.53477	11.07374	1.05114	1	-0.00479	-0.00978	0.67914	0.00220	1	-0.00435	-0.00917	0.63697	0.00228	1	1.45898	0.81042	0	
1248415	8420.49414	3305004532829	0.40842	0.15156	8420.40723	0.08691	11255	1	0.49783	0.14249	0	0.39122	0.10082	1	0.39122	0.10082	1	0.48034	0.53484	11.01820	1.05114	0	0.48064	0.53481	10.87215	1.04349	1	-0.00479	-0.00978	0.67914	0.00220	1	-0.00435	-0.00917	0.63697	0.00231	1	1.45898	0.81042	0	
1248416	8420.50000	3305004599492	0.38806	0.11845	8420.40723	0.08691	11255	0	0.49783	0.14249	0	0.39152	0.10883	1	0.39152	0.10883	1	0.48034	0.53484	11.01820	1.04349	0	0.48074	0.53477	10.93945	1.03583	1	-0.00479	-0.00978	0.67914	0.00220	1	-0.00435	-0.00917	0.63697	0.00224	1	1.45898	0.81042	0	
1248417	8420.50684	3305004666406	0.39330	0.13070	8420.40723	0.08691	11255	0	0.49783	0.14249	0	0.39854	0.14295	1	0.39854	0.14295	1	0.48034	0.53484	11.01820	1.03583	0	0.48088	0.53490	11.44957	1.03583	1	-0.00479	-0.00978	0.67914	0.00220	1	-0.00435	-0.00917	0.63697	0.00226	1	1.45898	0.81042	0	
1248418	8420.51367	3305004733454	0.39220	0.13663	8420.40723	0.08691	11255	0	0.49783	0.14249	0	0.39002	0.14851	1	0.39002	0.14851	1	0.48034	0.53484	11.01820	1.03583	0	0.48078	0.53502	11.20376	1.03583	1	-0.00479	-0.00978	0.67914	0.00220	1	-0.00435	-0.00917	0.63697	0.00226	1	1.45898	0.81042	0	
1248419	8420.52051	3305004800774	0.39166	0.13960	8420.50000	0.02051	11256	1	0.49783	0.14249	0	0.39002	0.14851	1	0.39002	0.14851	1	0.48034	0.53484	11.01820	1.03583	0	0.48083	0.53489	10.73727	1.03583	1	-0.00479	-0.00978	0.67914	0.00220	1	-0.00435	-0.00917	0.63697	0.00226	1	1.45898	0.81042	0	
1248420	8420.52734	3305004867999	0.39515	0.13649	8420.50000	0.02734	11256	1	0.49783	0.14249	0	0.40910	0.12402	1	0.40910	0.12402	1	0.48034	0.53484	11.01820	1.03583	0	0.48101	0.53488	10.82517	1.03583	1	-0.00479	-0.00978	0.67914	0.00220	1	-0.00435	-0.00917	0.63697	0.00229	1	1.45898	0.81042	0	
1248421	8420.53418	3305004934794	0.41251	0.16151	8420.50000	0.03418	11256	1	0.52489	0.17743	1	0.47378	0.39578	1	0.49934	0.28661	1	0.48092	0.53498	11.29391	1.03583	1	0.74396	0.56075	11.97558	1.03583	1	-0.00479	-0.00978	0.67914	0.00226	1	-0.00435	-0.00917	0.63697	0.00404	1	1.45898	0.81042	0	
1248422	8420.54102	3305005001688	0.42493	0.17895	8420.50000	0.04102	11256	1	0.52489	0.17743	1	0.47406	0.38982	1	0.49948	0.28363	1	0.48080	0.53504	11.09283	1.03583	1	0.74400	0.56121	11.86609	1.04349	1	-0.00458	-0.00978	0.67940	0.00237	1	0.06349	-0.01458	0.67958	0.00383	1	1.45898	0.81042	0	
1248423	8420.54688	3305005068612	0.43383	0.19210	8420.50000	0.04688	11256	1	0.51715	0.18903	1	0.47511	0.37917	1	0.49613	0.28410	1	0.48089	0.53502	11.13764	1.04349	1	0.74395	0.56084	11.91271	1.05114	1	-0.00458	-0.00978	0.67940	0.00230	1	0.06349	-0.01458	0.67958	0.00396	1	1.45898	0.81042	0	
1248424	8420.55371	3305005135576	0.44096	0.20153	8420.50000	0.05371	11256	1	0.52146	0.15165	1	0.47442	0.40238	1	0.49794	0.27702	1	0.48097	0.53483	10.59713	1.05114	1	0.74399	0.56108	11.95752	1.05880	1	-0.00458	-0.00978	0.67940	0.00227	1	0.06349	-0.01458	0.67958	0.00389	1	1.45898	0.81042	0	
1248425	8420.56055	3305005202533	0.44661	0.20871	8420.50000	0.06055	11256	1	0.52064	0.14416	1	0.47442	0.40238	1	0.49753	0.27327	1	0.48099	0.53503	11.11824	1.05880	1	0.74406	0.56125	12.06056	1.05880	1	-0.00458	-0.00978	0.67940	0.00224	1	0.06153	-0.01412	0.65808	0.00385	1	1.45898	0.81042	0	
1248426	8420.56738	3305005269010	0.45107	0.21619	8420.50000	0.06738	11256	1	0.52038	0.17573	1	0.47092	0.40644	1	0.49565	0.29109	1	0.48090	0.53492	11.28202	1.05880	1	0.74395	0.56162	12.52983	1.05114	1	-0.00458	-0.00978	0.67940	0.00228	1	0.06153	-0.01412	0.65808	0.00377	1	1.45898	0.81042	0	
1248427	8420.57422	3305005337045	0.45442	0.21982	8420.50000	0.07422	11256	1	0.52077	0.12041	1	0.46174	0.39900	1	0.49125	0.25970	1	0.48094	0.53483	10.85387	1.05114	1	0.74386	0.56137	12.07952	1.04349	1	-0.00458	-0.00978	0.67940	0.00232	1	0.06153	-0.01412	0.65808	0.00382	1	1.45898	0.81042	0	
1248428	8420.58105	3305005402200	0.45729	0.22319	8420.50000	0.08105	11256	1	0.52160	0.12814	1	0.46174	0.39900	1	0.49167	0.26357	1	0.48108	0.53497	11.06497	1.04349	1	0.74402	0.56142	12.32273	1.04349	1	-0.00458	-0.00989	0.67939	0.00222	1	0.06349	-0.01458	0.67958	0.00382	1	1.45898	0.81042	0	
1248429	8420.58789	3305005470434	0.46051	0.22466	8420.50000	0.08789	11256	1	0.52762	0.12573	1	0.47728	0.36185	1	0.50245	0.24379	1	0.48101	0.53490	10.98847	1.04349	1	0.74399	0.56162	12.27969	1.05114	1	-0.00458	-0.00989	0.67939	0.00225	1	0.06349	-0.01458	0.67958	0.00382	1	1.45898	0.81042	0	
1248430	8420.59375	3305005537329	0.48056	0.24759	8420.50000	0.08789	11256	0	0.52761	0.13226	1	0.46462	0.33935	1	0.49611	0.23581	1	0.48104	0.53498	11.08071	1.05114	1	0.74380	0.56132	12.26448	1.05880	1	-0.00458	-0.00989	0.67939	0.00224	1	0.06349	-0.01458	0.67958	0.00387	1	1.45898	0.81042	0	
1248431	8420.60059	3305005604730	0.48814	0.23979	8420.50000	0.08789	11256	0	0.52682	0.12463	1	0.46462	0.33935	1	0.49572	0.23199	1	0.48105	0.53516	11.48482	1.05880	1	0.74378	0.56144	12.25240	1.05880	1	-0.00458	-0.00989	0.67939	0.00222	1	0.06153	-0.01421	0.65808	0.00386	1	1.45898	0.81042	0	
1248432	8420.60742	3305005671388	0.48578	0.23422	8420.50000	0.08789	11256	0	0.49074	0.08666	1	0.47140	0.35953	1	0.48107	0.22309	1	0.48092	0.53512	11.08689	1.05880	1	0.74393	0.56160	12.28435	1.05114	1	-0.00458	-0.00989	0.67939	0.00228	1	0.06153	-0.01421	0.65808	0.00385	1	1.45898	0.81042	0	
1248433	8420.61426	3305005738735	0.48479	0.23459	8420.59375	0.02051	11257	1	0.50088	0.11333	1	0.46278	0.35807	1	0.48183	0.23570	1	0.48094	0.53520	11.31961	1.05114	1	0.74384	0.56140	12.10232	1.04349	1	-0.00458	-0.00989	0.67939	0.00223	1	0.06153	-0.01421	0.65808	0.00377	1	1.45898	0.81042	0	
1248434	8420.62109	3305005805320	0.48428	0.23621	8420.59375	0.02734	11257	1	0.50182	0.12112	1	0.46258	0.36425	1	0.48220	0.24269	1	0.48086	0.53519	11.26723	1.04349	1	0.74396	0.56163	12.07595	1.03583	1	-0.00458	-0.00989	0.67939	0.00216	1	0.06153	-0.01421	0.65808	0.00383	1	1.45898	0.81042	0	
1248435	8420.62793	3305005871452	0.48459	0.23727	8420.59375	0.03418	11257	1	0.50186	0.11370	1	0.47045	0.37138	1	0.48616	0.24254	1	0.48104	0.53508	11.58509	1.03583	1	0.74392	0.56157	12.16213	1.03583	1	-0.00458	-0.00989	0.67939	0.00223	1	0.06153	-0.01421	0.65808	0.00382	1	1.45898	0.81042	0	
1248436	8420.63477	3305005939099	0.48421	0.24222	8420.59375	0.04102	11257	1	0.49668	0.12970	1	0.46725	0.41419	1	0.48197	0.27194	1	0.48099	0.53523	10.72478	1.03583	1	0.74392	0.56183	12.19479	1.03583	1	-0.00458	-0.00989	0.67939	0.00226	1	0.06153	-0.01421	0.65808	0.00383	1	1.45898	0.81042	0	
1248437	8420.64160	3305006006418	0.48212	0.26299	8420.59375	0.04785	11257	1	0.49668	0.12970	0	0.46749	0.40837	1	0.46749	0.40837	1	0.48099	0.53523	10.72478	1.03583	0	0.48088	0.53523	11.19521	1.04349	1	-0.00458	-0.00989	0.67939	0.00226	1	-0.00458	-0.00989	0.67939	0.00223	1	1.45898	0.81042	0	
1248438	8420.64746	3305006074002	0.47071	0.23987	8420.59375	0.05371	11257	1	0.49668	0.12970	0	0.37937	0.05489	1	0.37937	0.05489	1	0.48099	0.53523	10.72478	1.04349	0	0.48097	0.53528	11.27784	1.05114	1	-0.00458	-0.00989	0.67939	0.00226	1	-0.00458	-0.00989	0.67939	0.00225	1	1.45898	0.81042	0	
1248439	8420.65430	3305006139594	0.46207	0.21990	8420.59375	0.06055	11257	1	0.49668	0.12970	0	0.38436	0.04016	1	0.38436	0.04016	1	0.48099	0.53523	10.72478	1.05114	0	0.48107	0.53527	11.10590	1.05880	1	-0.00458	-0.00989	0.67939	0.00226	1	-0.00458	-0.00989	0.67939	0.00230	1	1.45898	0.81042	0	
1248440	8420.66113	3305006206536	0.45498	0.20280	8420.59375	0.06738	11257	1	0.49668	0.12970	0	0.38402	0.03184	1	0.38402	0.03184	1	0.48099	0.53523	10.72478	1.05880	0	0.48092	0.53533	11.26412	1.06646	1	-0.00458	-0.00989	0.67939	0.00226	1	-0.00458	-0.00989	0.67939	0.00224	1	1.45898	0.81042	0	
1248441	8420.66699	3305006269745	0.44866	0.18988	8420.59375	0.07324	11257	1	0.49668	0.12970	0	0.37924	0.04782	1	0.37924	0.04782	1	0.48099	0.53523	10.72478	1.06646	0	0.48089	0.53534	11.21003	1.06646	1	-0.00458	-0.00989	0.67939	0.00226	1	-0.00458	-0.00989	0.67939	0.00232	1	1.45898	0.81042	0	
1248442	8420.67480	3305006341765	0.44346	0.17893	8420.59375	0.08105	11257	1	0.49668	0.12970	0	0.38097	0.04751	1	0.38097	0.04751	1	0.48099	0.53523	10.72478	1.06646	0	0.48107	0.53538	11.36261	1.06646	1	-0.00458	-0.00989	0.67939	0.00226	1	-0.00458	-0.00989	0.67939	0.00231	1	1.45898	0.81042	0	
1248443	8420.68164	3305006408456	0.43899	0.16954	8420.59375	0.08789	11257	1	0.49668	0.12970	0	0.38097	0.04751	1	0.38097	0.04751	1	0.48099	0.53523	10.72478	1.06646	0	0.48103	0.53533	11.30650	1.06646	1	-0.00458	-0.00989	0.67939	0.00226	1	-0.00458	-0.00989	0.67939	0.00228	1	1.45898	0.81042	0	
1248444	8420.68750	3305006473546	0.43471	0.16158	8420.59375	0.09375	11257	1	0.49668	0.12970	0	0.37473	0.05003	1	0.37473	0.05003	1	0.48099	0.53523	10.72478	1.06646	0	0.48087	0.53533	11.21781	1.06646	1	-0.00458	-0.00989	0.67939	0.00226	1	-0.00458	-0.00989	0.67939	0.00231	1	1.45898	0.81042	0	
1248445	8420.69434	3305006538813	0.41424	0.12815	8420.59375	0.09375	11257	0	0.49668	0.12970	0	0.38944	0.05256	1	0.38944	0.05256	1	0.48099	0.53523	10.72478	1.06646	0	0.48101	0.53542	11.02009	1.06646	1	-0.00458	-0.00989	0.67939	0.00226	1	-0.00458	-0.00989	0.67939	0.00223	1	1.45898	0.81042	0	
1248446	8420.70117	3305006609560	0.40184	0.09036	8420.59375	0.09375	11257	0	0.49668	0.12970	0	0.38944	0.05256	1	0.38944	0.05256	1	0.48099	0.53523	10.72478	1.06646	0	0.48107	0.53545	11.03065	1.06646	1	-0.00458	-0.00989	0.67939	0.00226	1	-0.00458	-0.00989	0.67939	0.00226	1	1.45898	0.81042	0	
1248447	8420.70801	3305006675888	0.39734	0.08483	8420.59375	0.09375	11257	0	0.49668	0.12970	0	0.38835	0.07378	1	0.38835	0.07378	1	0.48099	0.53523	10.72478	1.06646	0	0.48107	0.53549	11.12226	1.06646	1	-0.00458	-0.00989	0.67939	0.00226	1	-0.00458	-0.00989	0.67939	0.00225	1	1.45898	0.81042	0	
1248448	8420.71484	3305006740884	0.39170	0.07517	8420.69434	0.02051	11258	1	0.49668	0.12970	0	0.37477	0.04621	1	0.37477	0.04621	1	0.48099	0.53523	10.72478	1.06646	0	0.48089	0.53535	11.20525	1.06646	1	-0.00458	-0.00989	0.67939	0.00226	1	-0.00458	-0.00989	0.67939	0.00232	1	1.45898	0.81042	0	
1248449	8420.72168	3305006807132	0.38831	0.06938	8420.69434	0.02734	11258	1	0.49668	0.12970	0	0.37477	0.04621	1	0.37477	0.04621	1	0.48099	0.53523	10.72478	1.06646	0	0.48103	0.53533	11.30650	1.06646	1	-0.00458	-0.00989	0.67939	0.00226	1	-0.00458	-0.00989	0.67939	0.00228	1	1.45898	0.81042	0	
1248450	8420.72754	3305006875221	0.38790	0.06780	8420.69434	0.03320	11258	1	0.49668	0.12970	0	0.38583	0.05992	1	0.38583	0.05992	1	0.48099	0.53523	10.72478	1.06646	0	0.48101	0.53544	11.17772	1.06646	1	-0.00458	-0.00989	0.67939	0.00226	1	-0.00458	-0.00989	0.67939	0.00220	1	1.45898	0.81042	0	
1248451	8420.73438	3305006941932	0.38748	0.06597	8420.69434	0.04004	11258	1	0.49668	0.12970	0	0.38495	0.05498	1	0.38495	0.05498	1	0.48099	0.53523	10.72478	1.06646	0	0.48104	0.53550	10.88715	1.06646	1	-0.00458	-0.00989	0.67939	0.00226	1	-0.00458	-0.00989	0.67939	0.00237	1	1.45898	0.81042	0	
1248452	8420.74121	3305007011082	0.38716	0.06460	8420.69434	0.04688	11258	1	0.49668	0.12970	0	0.38495	0.05498	1	0.38495	0.05498	1	0.48099	0.53523	10.72478	1.06646	0	0.48091	0.53540	11.33801	1.06646	1	-0.00458	-0.00989	0.67939	0.00226	1	-0.00458	-0.00989	0.67939	0.00232	1	1.45898	0.81042	0	
1248453	8420.74805	3305007076456	0.38713	0.06518	8420.69434	0.05371	11258	1	0.49668	0.12970	0	0.38689	0.06981	1	0.38689	0.06981	1	0.48099	0.53523	10.72478	1.06646	0	0.48098	0.53553	11.19440	1.06646	1	-0.00458	-0.00989	0.67939	0.00226	1	-0.00458	-0.00989	0.67939	0.00227	1	1.45898	0.81042	0	
1248454	8420.75488	3305007143915	0.38680	0.06460	8420.69434	0.06055	11258	1	0.49668	0.12970	0	0.38376	0.05942	1	0.38376	0.05942	1	0.48099	0.53523	10.72478	1.06646	0	0.48100	0.53549	11.57579	1.06646	1	-0.00458	-0.00989	0.67939	0.00226	1	-0.00458	-0.00989	0.67939	0.00234	1	1.45898	0.81042	0	
1248455	8420.76172	3305007213056	0.38652	0.06413	8420.69434	0.06738	11258	1	0.49668	0.12970	0	0.38376	0.05942	1	0.38376	0.05942	1	0.48099	0.53523	10.72478	1.06646	0	0.48084	0.53533	11.33242	1.06646	1	-0.00458	-0.00989	0.67939	0.00226	1	-0.00458	-0.00989	0.67939	0.00227	1	1.45898	0.81042	0	
1248456	8420.76855	3305007277377	0.39395	0.08182	8420.69434	0.07422	11258	1	0.49033	0.12721	1	0.46112	0.42558	1	0.47573	0.27640	1	0.48092	0.53546	10.93280	1.06646	1	0.74384	0.56231	12.09111	1.06646	1	-0.00458	-0.00989	0.67939	0.00229	1	-0.00458	-0.00989	0.67939	0.00388	1	1.45898	0.81042	0	
1248457	8420.77539	3305007345661	0.40112	0.09695	8420.69434	0.08105	11258	1	0.49280	0.12744	1	0.48153	0.42956	1	0.48717	0.27850	1	0.48091	0.53546	10.91506	1.06646	1	0.74412	0.56252	11.99508	1.06646	1	-0.00458	-0.00989	0.67939	0.00230	1	-0.00458	-0.00989	0.67939	0.00392	1	1.45898	0.81042	0	
1248458	8420.78223	3305007412744	0.40727	0.10992	8420.69434	0.08789	11258	1	0.49280	0.12744	1	0.48153	0.42956	1	0.48717	0.27850	1	0.48078	0.53533	11.39215	1.06646	1	0.74408	0.56173	12.00262	1.06646	1	-0.00458	-0.00989	0.67939	0.00223	1	0.06349	-0.01478	0.67958	0.00403	1	1.45898	0.81042	0	
1248459	8420.78809	3305007479990	0.41273	0.11771	8420.69434	0.09375	11258	1	0.50853	0.10790	1	0.46978	0.34574	1	0.48916	0.22682	1	0.48077	0.53534	11.29227	1.06646	1	0.74393	0.56147	11.93676	1.06646	1	-0.00458	-0.00989	0.67939	0.00221	1	0.06349	-0.01478	0.67958	0.00406	1	1.45898	0.81042	0	
1248460	8420.79492	3305007546754	0.41796	0.12390	8420.69434	0.10059	11258	1	0.51352	0.11003	1	0.47949	0.32343	1	0.49651	0.21673	1	0.48078	0.53532	11.29831	1.06646	1	0.74405	0.56132	11.83117	1.06646	1	-0.00458	-0.00989	0.67939	0.00222	1	0.06349	-0.01478	0.67958	0.00412	1	1.45898	0.81042	0	
1248461	8420.80176	3305007613814	0.43686	0.15435	8420.69434	0.10059	11258	0	0.51352	0.11003	1	0.47949	0.32343	1	0.49651	0.21673	1	0.48072	0.53535	11.37354	1.06646	1	0.74397	0.56161	11.95663	1.06646	1	-0.00467	-0.00985	0.67667	0.00224	1	0.06349	-0.01478	0.67958	0.00399	1	1.45898	0.81042	0	
1248462	8420.80859	3305007678833	0.46471	0.19850	8420.69434	0.10059	11258	0	0.50920	0.11174	1	0.47590	0.37354	1	0.49255	0.24264	1	0.48080	0.53544	11.40527	1.06646	1	0.74403	0.56164	11.95936	1.06646	1	-0.00467	-0.00985	0.67667	0.00226	1	0.06349	-0.01478	0.67958	0.00399	1	1.45898	0.81042	0	
1248463	8420.81543	3305007747389	0.47543	0.20388	8420.69434	0.10059	11258	0	0.49096	0.09606	1	0.50281	0.33324	1	0.49689	0.21465	1	0.48053	0.53534	11.20664	1.06646	1	0.74400	0.56128	11.82709	1.06646	1	-0.00467	-0.00985	0.67667	0.00228	1	0.06349	-0.01478	0.67958	0.00387	1	1.45898	0.81042	0	
1248464	8420.82227	3305007815389	0.48074	0.20735	8420.80176	0.02051	11259	1	0.49096	0.09606	1	0.50234	0.33949	1	0.49665	0.21777	1	0.48042	0.53544	11.05540	1.06646	1	0.74368	0.56168	12.14209	1.05880	1	-0.00480	-0.00990	0.68048	0.00228	1	0.06154	-0.01434	0.65922	0.00424	1	1.45898	0.81042	0	
1248465	8420.82910	3305007884532	0.47949	0.21418	8420.80176	0.02734	11259	1	0.49646	0.10334	1	0.45252	0.37961	1	0.47449	0.24147	1	0.48055	0.53531	11.33867	1.05880	1	0.74324	0.56180	11.85050	1.05114	1	-0.00480	-0.00990	0.68048	0.00224	1	0.06154	-0.01434	0.65922	0.00417	1	1.45898	0.81042	0	
1248466	8420.83496	3305007948143	0.48494	0.22144	8420.80176	0.03320	11259	1	0.52296	0.11179	1	0.50148	0.40371	1	0.51222	0.25775	1	0.48063	0.53529	11.52673	1.05114	1	0.74370	0.56187	12.41883	1.04349	1	-0.00480	-0.00990	0.68048	0.00233	1	0.06154	-0.01434	0.65922	0.00416	1	1.45898	0.81042	0	
1248467	8420.84180	3305008015353	0.48731	0.24748	8420.80176	0.04004	11259	1	0.52296	0.11179	0	0.50148	0.40371	1	0.50148	0.40371	1	0.48063	0.53529	11.52673	1.04349	0	0.48038	0.53506	11.37168	1.04349	1	-0.00480	-0.00990	0.68048	0.00233	1	-0.00480	-0.00990	0.68048	0.00231	1	1.45898	0.81042	0	
1248468	8420.84863	3305008081467	0.47606	0.22005	8420.80176	0.04688	11259	1	0.52296	0.11179	0	0.39733	0.02806	1	0.39733	0.02806	1	0.48063	0.53529	11.52673	1.04349	0	0.48039	0.53508	11.50965	1.05114	1	-0.00480	-0.00990	0.68048	0.00233	1	-0.00480	-0.00990	0.68048	0.00230	1	1.45898	0.81042	0	
1248469	8420.85547	3305008150522	0.46736	0.19864	8420.80176	0.05371	11259	1	0.52296	0.11179	0	0.39772	0.02731	1	0.39772	0.02731	1	0.48063	0.53529	11.52673	1.05114	0	0.48039	0.53509	11.56333	1.05880	1	-0.00480	-0.00990	0.68048	0.00233	1	-0.00480	-0.00990	0.68048	0.00229	1	1.45898	0.81042	0	
1248470	8420.86230	3305008217497	0.46037	0.18066	8420.80176	0.06055	11259	1	0.52296	0.11179	0	0.39747	0.01889	1	0.39747	0.01889	1	0.48063	0.53529	11.52673	1.05880	0	0.48015	0.53525	11.57401	1.06646	1	-0.00480	-0.00990	0.68048	0.00233	1	-0.00480	-0.00990	0.68048	0.00229	1	1.45898	0.81042	0	
1248471	8420.86914	3305008283492	0.45314	0.16648	8420.80176	0.06738	11259	1	0.52296	0.11179	0	0.38086	0.02472	1	0.38086	0.02472	1	0.48063	0.53529	11.52673	1.06646	0	0.48021	0.53529	11.77171	1.06646	1	-0.00480	-0.00990	0.68048	0.00233	1	-0.00480	-0.00990	0.68048	0.00229	1	1.45898	0.81042	0	
1248472	8420.87598	3305008350500	0.44705	0.15526	8420.80176	0.07422	11259	1	0.52296	0.11179	0	0.38006	0.03178	1	0.38006	0.03178	1	0.48063	0.53529	11.52673	1.06646	0	0.48022	0.53518	11.43430	1.06646	1	-0.00480	-0.00990	0.68048	0.00233	1	-0.00480	-0.00990	0.68048	0.00229	1	1.45898	0.81042	0	
1248473	8420.88281	3305008418414	0.44190	0.14576	8420.80176	0.08105	11259	1	0.52296	0.11179	0	0.38006	0.03178	1	0.38006	0.03178	1	0.48063	0.53529	11.52673	1.06646	0	0.48006	0.53533	11.30181	1.06646	1	-0.00480	-0.00990	0.68048	0.00233	1	-0.00480	-0.00990	0.68048	0.00228	1	1.45898	0.81042	0	
1248474	8420.88867	3305008482499	0.43875	0.13793	8420.80176	0.08691	11259	1	0.52296	0.11179	0	0.39790	0.03614	1	0.39790	0.03614	1	0.48063	0.53529	11.52673	1.06646	0	0.48008	0.53533	11.33241	1.06646	1	-0.00480	-0.00990	0.68048	0.00233	1	-0.00480	-0.00990	0.68048	0.00226	1	1.45898	0.81042	0	
1248475	8420.89551	3305008548198	0.43638	0.13135	8420.80176	0.09375	11259	1	0.52296	0.11179	0	0.40311	0.03928	1	0.40311	0.03928	1	0.48063	0.53529	11.52673	1.06646	0	0.48004	0.53534	11.28302	1.06646	1	-0.00480	-0.00990	0.68048	0.00233	1	-0.00480	-0.00990	0.68048	0.00229	1	1.45898	0.81042	0	
1248476	8420.90234	3305008617257	0.41882	0.09835	8420.80176	0.09375	11259	0	0.52296	0.11179	0	0.40311	0.03928	1	0.40311	0.03928	1	0.48063	0.53529	11.52673	1.06646	0	0.47999	0.53541	11.25381	1.06646	1	-0.00480	-0.00990	0.68048	0.00233	1	-0.00480	-0.00990	0.68048	0.00233	1	1.45898	0.81042	0	
1248477	8420.90820	3305008681023	0.45313	0.16097	8420.80176	0.09375	11259	0	0.49662	0.11934	1	0.47828	0.32783	1	0.48745	0.22359	1	0.47996	0.53544	11.26873	1.06646	1	0.74325	0.56124	11.90320	1.06646	1	-0.00480	-0.00990	0.68048	0.00231	1	-0.00480	-0.00990	0.68048	0.00396	1	1.45898	0.81042	0	
1248478	8420.91602	3305008752104	0.46953	0.18210	8420.80176	0.09375	11259	0	0.50038	0.11426	1	0.50429	0.33447	1	0.50233	0.22437	1	0.47989	0.53538	11.22568	1.06646	1	0.74325	0.56114	11.88342	1.06646	1	-0.00480	-0.00990	0.68048	0.00235	1	-0.00480	-0.00990	0.68048	0.00401	1	1.45898	0.81042	0	
1248479	8420.92285	3305008819402	0.49729	0.22515	8420.80176	0.09375	11259	0	0.50038	0.11426	1	0.50380	0.34072	1	0.50209	0.22749	1	0.47987	0.53539	11.23804	1.06646	1	0.74323	0.56058	11.73056	1.05880	1	-0.00498	-0.00986	0.67766	0.00233	1	0.06131	-0.01433	0.65892	0.00420	1	1.45898	0.81042	0	
1248480	8420.92871	3305008885687	0.50074	0.23025	8420.80176	0.09375	11259	0	0.51666	0.11060	1	0.49173	0.36011	1	0.50420	0.23535	1	0.47977	0.53529	11.50603	1.05880	1	0.74309	0.56141	12.03232	1.05114	1	-0.00498	-0.00986	0.67766	0.00233	1	0.06131	-0.01433	0.65892	0.00404	1	1.45898	0.81042	0	
1248481	8420.93555	3305008953218	0.50636	0.23489	8420.80176	0.09375	11259	0	0.52124	0.12921	1	0.51395	0.35913	1	0.51759	0.24417	1	0.47985	0.53539	11.26561	1.05114	1	0.74309	0.56133	12.03625	1.04349	1	-0.00498	-0.00986	0.67766	0.00232	1	0.06131	-0.01433	0.65892	0.00401	1	1.45898	0.81042	0	
1248482	8420.94238	3305009020458	0.50927	0.23817	8420.92285	0.01953	11260	1	0.52206	0.13687	1	0.51395	0.35913	1	0.51801	0.24800	1	0.47960	0.53551	11.56602	1.04349	1	0.74243	0.56051	11.97273	1.04349	1	-0.00498	-0.00986	0.67766	0.00234	1	0.06297	-0.01473	0.67728	0.00440	1	1.45898	0.81042	0	
1248483	8420.94922	3305009087394	0.50673	0.23494	8420.92285	0.02637	11260	1	0.51664	0.13119	1	0.47645	0.31287	1	0.49654	0.22203	1	0.47966	0.53537	11.31025	1.04349	1	0.74244	0.56096	11.77355	1.05114	1	-0.00498	-0.00986	0.67766	0.00231	1	0.06297	-0.01473	0.67728	0.00424	1	1.45898	0.81042	0	
1248484	8420.95605	3305009153634	0.50454	0.23179	8420.92285	0.03320	11260	1	0.51341	0.10625	1	0.47385	0.32585	1	0.49363	0.21605	1	0.47951	0.53524	11.67627	1.05114	1	0.74238	0.56117	11.86933	1.05880	1	-0.00498	-0.00986	0.67766	0.00236	1	0.06297	-0.01473	0.67728	0.00412	1	1.45898	0.81042	0	
1248485	8420.96289	3305009220955	0.50292	0.22898	8420.92285	0.04004	11260	1	0.51254	0.09842	1	0.47385	0.32585	1	0.49319	0.21214	1	0.47950	0.53541	12.14632	1.05880	1	0.74220	0.56195	12.44043	1.05880	1	-0.00498	-0.00986	0.67766	0.00230	1	0.06038	-0.01414	0.64997	0.00383	1	1.45898	0.81042	0	
1248486	8420.96875	3305009287012	0.50148	0.22981	8420.92285	0.04590	11260	1	0.50553	0.12045	1	0.47730	0.35077	1	0.49141	0.23561	1	0.47955	0.53533	12.02816	1.05880	1	0.74248	0.56161	12.20371	1.05114	1	-0.00498	-0.00986	0.67766	0.00232	1	0.06038	-0.01414	0.64997	0.00389	1	1.45898	0.81042	0	
1248487	8420.97559	3305009355029	0.50058	0.23439	8420.92285	0.05273	11260	1	0.52693	0.13623	1	0.45986	0.40576	1	0.49340	0.27100	1	0.47951	0.53551	11.36844	1.05114	1	0.74221	0.56185	12.50662	1.04349	1	-0.00498	-0.00986	0.67766	0.00231	1	0.06038	-0.01414	0.64997	0.00378	1	1.45898	0.81042	0	
1248488	8420.98242	3305009422377	0.49990	0.23872	8420.92285	0.05957	11260	1	0.52772	0.14384	1	0.45968	0.41159	1	0.49370	0.27771	1	0.47942	0.53552	10.98328	1.04349	1	0.74238	0.56167	12.37956	1.03583	1	-0.00505	-0.01006	0.68779	0.00234	1	0.06038	-0.01414	0.64997	0.00383	1	1.45898	0.81042	0	
1248489	8420.98926	3305009489400	0.49920	0.23924	8420.92285	0.06641	11260	1	0.52135	0.12763	1	0.46322	0.36113	1	0.49228	0.24438	1	0.47937	0.53548	11.49405	1.03583	1	0.74228	0.56149	12.24805	1.03583	1	-0.00505	-0.01006	0.68779	0.00233	1	0.06038	-0.01414	0.64997	0.00385	1	1.45898	0.81042	0	
1248490	8420.99609	3305009554586	0.49933	0.23615	8420.92285	0.07324	11260	1	0.52008	0.13668	1	0.48133	0.26776	1	0.50071	0.20222	1	0.47938	0.53540	11.34784	1.03583	1	0.74251	0.56020	11.92081	1.03583	1	-0.00505	-0.01006	0.68779	0.00230	1	0.06038	-0.01414	0.64997	0.00429	1	1.45898	0.81042	0	
1248491	8421.00293	3305009624028	0.49945	0.23328	8420.92285	0.08008	11260	1	0.52008	0.13668	1	0.48166	0.26085	1	0.50087	0.19877	1	0.47918	0.53550	11.65321	1.03583	1	0.74242	0.56138	12.10070	1.04349	1	-0.00498	-0.00986	0.67766	0.00231	1	0.06378	-0.01494	0.68706	0.00406	1	1.45898	0.81042	0	
1248492	8421.00977	3305009688917	0.49946	0.23419	8420.92285	0.08691	11260	1	0.52082	0.15346	1	0.47840	0.33864	1	0.49961	0.24605	1	0.47932	0.53569	11.75891	1.04349	1	0.74241	0.56124	11.97885	1.05114	1	-0.00498	-0.00986	0.67766	0.00241	1	0.06378	-0.01494	0.68706	0.00410	1	1.45898	0.81042	0	
1248493	8421.01660	3305009757014	0.49915	0.23444	8420.92285	0.09375	11260	1	0.51089	0.14370	1	0.47871	0.33235	1	0.49480	0.23803	1	0.47926	0.53566	11.78033	1.05114	1	0.74241	0.56124	11.97885	1.05880	1	-0.00498	-0.00986	0.67766	0.00230	1	0.06378	-0.01494	0.68706	0.00410	1	1.45898	0.81042	0	
1248494	8421.02246	3305009824331	0.49886	0.23424	8420.92285	0.09961	11260	1	0.51001	0.13614	1	0.47902	0.32606	1	0.49451	0.23110	1	0.47911	0.53562	11.74915	1.05880	1	0.74242	0.56130	12.17972	1.06646	1	-0.00506	-0.00992	0.67474	0.00229	1	0.06378	-0.01494	0.68706	0.00402	1	1.45898	0.81042	0	
1248495	8421.02930	3305009890802	0.49816	0.23440	8420.92285	0.10645	11260	1	0.49120	0.11538	1	0.48275	0.35864	1	0.48697	0.23701	1	0.47905	0.53559	11.91613	1.06646	1	0.74220	0.56164	12.29314	1.06646	1	-0.00506	-0.00992	0.67474	0.00229	1	0.06378	-0.01494	0.68706	0.00397	1	1.45898	0.81042	0	
1248496	8421.03613	3305009956214	0.49829	0.23449	8420.92285	0.11328	11260	1	0.50948	0.12537	1	0.49164	0.34660	1	0.50056	0.23599	1	0.47917	0.53564	11.77099	1.06646	1	0.74231	0.56147	12.30629	1.06646	1	-0.00506	-0.00992	0.67474	0.00237	1	0.06378	-0.01494	0.68706	0.00403	1	1.45898	0.81042	0	
1248497	8421.04297	3305010025602	0.49841	0.23457	8420.92285	0.12012	11260	1	0.50948	0.12537	1	0.49164	0.34660	1	0.50056	0.23599	1	0.47904	0.53581	11.99858	1.06646	1	0.74237	0.56118	12.05458	1.06646	1	-0.00518	-0.00995	0.67717	0.00242	1	0.06378	-0.01494	0.68706	0.00416	1	1.45898	0.81042	0	
1248498	8421.04980	3305010092749	0.49862	0.23409	8420.92285	0.12695	11260	1	0.50617	0.12960	1	0.49889	0.32066	1	0.50253	0.22513	1	0.47913	0.53569	11.79727	1.06646	1	0.74243	0.56131	11.95465	1.06646	1	-0.00518	-0.00995	0.67717	0.00240	1	0.06378	-0.01494	0.68706	0.00428	1	1.45898	0.81042	0	
1248499	8421.05664	3305010158703	0.49931	0.23420	8420.92285	0.13379	11260	1	0.52354	0.15359	1	0.50268	0.31884	1	0.51311	0.23622	1	0.47905	0.53580	12.00922	1.06646	1	0.74248	0.56121	11.83831	1.06646	1	-0.00518	-0.00995	0.67717	0.00241	1	0.06378	-0.01494	0.68706	0.00431	1	1.45898	0.81042	0	
1248500	8421.06348	3305010226233	0.49992	0.23443	8420.92285	0.14062	11260	1	0.52354	0.15359	1	0.50221	0.32520	1	0.51287	0.23940	1	0.47899	0.53592	11.82712	1.06646	1	0.74238	0.56129	11.93523	1.05880	1	-0.00515	-0.00995	0.67320	0.00239	1	0.06096	-0.01429	0.65721	0.00429	1	1.45898	0.81042	0	
1248501	8421.06934	3305010288619	0.50054	0.23429	8420.92285	0.14648	11260	1	0.53377	0.15191	1	0.49432	0.31055	1	0.51405	0.23123	1	0.47908	0.53585	11.68029	1.05880	1	0.74236	0.56140	11.95043	1.05114	1	-0.00515	-0.00995	0.67320	0.00239	1	0.06096	-0.01429	0.65721	0.00436	1	1.45898	0.81042	0	
1248502	8421.07617	3305010356593	0.50135	0.23410	8420.92285	0.15332	11260	1	0.52850	0.17104	1	0.51159	0.28845	1	0.52004	0.22974	1	0.47901	0.53594	11.77671	1.05114	1	0.74223	0.56164	12.17106	1.04349	1	-0.00515	-0.00995	0.67320	0.00238	1	0.06096	-0.01429	0.65721	0.00432	1	1.45898	0.81042	0	
1248503	8421.08203	3305010420175	0.50210	0.23421	8420.92285	0.15918	11260	1	0.52928	0.17839	1	0.51104	0.29518	1	0.52016	0.23678	1	0.47892	0.53597	11.53204	1.04349	1	0.74221	0.56233	12.68790	1.03583	1	-0.00518	-0.00995	0.67717	0.00234	1	0.06096	-0.01429	0.65721	0.00401	1	1.45898	0.81042	0	
1248504	8421.08984	3305010489735	0.50210	0.23544	8420.92285	0.16699	11260	1	0.51429	0.17291	1	0.48973	0.35967	1	0.50201	0.26629	1	0.47885	0.53585	11.92433	1.03583	1	0.74228	0.56244	12.69348	1.03583	1	-0.00518	-0.00995	0.67717	0.00232	1	0.06096	-0.01429	0.65721	0.00402	1	1.45898	0.81042	0	
1248505	8421.09668	3305010558702	0.50186	0.23620	8420.92285	0.17383	11260	1	0.51753	0.17622	1	0.47362	0.33524	1	0.49558	0.25573	1	0.47879	0.53592	11.89858	1.03583	1	0.74207	0.56211	12.85248	1.03583	1	-0.00518	-0.00995	0.67717	0.00240	1	0.06096	-0.01429	0.65721	0.00409	1	1.45898	0.81042	0	
1248506	8421.10352	3305010625590	0.50163	0.23689	8420.92285	0.18066	11260	1	0.51753	0.17622	1	0.47362	0.33524	1	0.49558	0.25573	1	0.47905	0.53601	11.55526	1.03583	1	0.74207	0.56237	12.54591	1.03583	1	-0.00518	-0.00995	0.67717	0.00241	1	0.06150	-0.01447	0.66309	0.00401	1	1.45898	0.81042	0	
1248507	8421.10938	3305010692862	0.50161	0.24210	8420.92285	0.18652	11260	1	0.52551	0.41967	1	0.47633	0.35597	1	0.50092	0.38782	1	0.47914	0.53864	11.61818	1.03583	1	0.74207	0.56237	12.54591	1.03583	1	-0.00518	-0.00995	0.67717	0.00376	1	0.06150	-0.01447	0.66309	0.00402	1	1.45898	0.81042	0	
1248508	8421.11621	3305010760312	0.50135	0.24273	8420.92285	0.19336	11260	1	0.50453	0.19523	1	0.48340	0.32668	1	0.49396	0.26096	1	0.47911	0.53616	11.74366	1.03583	1	0.74215	0.56201	12.34119	1.03583	1	-0.00518	-0.00995	0.67717	0.00242	1	0.06150	-0.01447	0.66309	0.00424	1	1.45898	0.81042	0	
1248509	8421.12305	3305010829070	0.50112	0.24331	8420.92285	0.20020	11260	1	0.50453	0.19523	1	0.48340	0.32668	1	0.49396	0.26096	1	0.47916	0.53603	11.95141	1.03583	1	0.74191	0.56212	12.77028	1.03583	1	-0.00518	-0.00995	0.67717	0.00242	1	0.06097	-0.01440	0.65732	0.00407	1	1.45898	0.81042	0	
1248510	8421.12988	3305010893029	0.50079	0.24379	8420.92285	0.20703	11260	1	0.51576	0.15167	1	0.46550	0.36557	1	0.49063	0.25862	1	0.47916	0.53603	11.95141	1.03583	1	0.74186	0.56229	12.82139	1.03583	1	-0.00518	-0.00995	0.67717	0.00242	1	0.06097	-0.01440	0.65732	0.00408	1	1.45898	0.81042	0	
1248511	8421.13672	3305010963094	0.50013	0.24461	8420.92285	0.21387	11260	1	0.49642	0.18021	1	0.46150	0.36121	1	0.47896	0.27071	1	0.47901	0.53597	11.68078	1.03583	1	0.74177	0.56234	12.86264	1.03583	1	-0.00518	-0.00995	0.67717	0.00241	1	0.06097	-0.01440	0.65732	0.00409	1	1.45898	0.81042	0	
1248512	8421.14355	3305011030320	0.49951	0.24528	8420.92285	0.22070	11260	1	0.49642	0.18021	1	0.46169	0.35501	1	0.47906	0.26761	1	0.47907	0.53605	11.84807	1.03583	1	0.74194	0.56213	12.80494	1.04349	1	-0.00518	-0.00995	0.67717	0.00242	1	0.06266	-0.01476	0.67616	0.00411	1	1.45898	0.81042	0	
1248513	8421.15039	3305011097950	0.49891	0.24530	8420.92285	0.22754	11260	1	0.50213	0.14431	1	0.45510	0.34731	1	0.47861	0.24581	1	0.47908	0.53606	12.07764	1.04349	1	0.74170	0.56237	13.02746	1.05114	1	-0.00518	-0.00995	0.67717	0.00239	1	0.06266	-0.01476	0.67616	0.00410	1	1.45898	0.81042	0	
1248514	8421.15723	3305011163465	0.49854	0.24481	8420.92285	0.23438	11260	1	0.49835	0.14380	1	0.47263	0.31123	1	0.48549	0.22752	1	0.47908	0.53606	12.07764	1.05114	1	0.74194	0.56213	12.80494	1.05880	1	-0.00518	-0.00995	0.67717	0.00239	1	0.06266	-0.01476	0.67616	0.00411	1	1.45898	0.81042	0	
1248515	8421.16406	3305011230943	0.49818	0.24443	8420.92285	0.24121	11260	1	0.49840	0.14416	1	0.47235	0.31797	1	0.48538	0.23106	1	0.47897	0.53595	12.03224	1.05079	1	0.74212	0.56225	12.51343	1.05079	1	-0.00497	-0.00966	0.65686	0.00241	1	0.06150	-0.01457	0.66309	0.00405	1	1.45898	0.81042	0	
1248516	8421.16992	3305011297817	0.49749	0.24447	8420.92285	0.24707	11260	1	0.50865	0.14110	1	0.43538	0.35015	1	0.47201	0.24562	1	0.47908	0.53588	12.19699	1.04277	1	0.74181	0.56221	12.86226	1.03511	1	-0.00497	-0.00966	0.65686	0.00238	1	0.06150	-0.01457	0.66309	0.00413	1	1.45898	0.81042	0	
1248517	8421.17676	3305011364850	0.49703	0.24438	8420.92285	0.25391	11260	1	0.50448	0.13679	1	0.45403	0.34537	1	0.47926	0.24108	1	0.47910	0.53587	12.23450	1.02709	1	0.74209	0.56197	12.45930	1.01944	1	-0.00497	-0.00966	0.65686	0.00240	1	0.06150	-0.01457	0.66309	0.00427	1	1.45898	0.81042	0	
1248518	8421.18359	3305011431975	0.49659	0.24439	8420.92285	0.26074	11260	1	0.50543	0.14458	1	0.45403	0.34537	1	0.47973	0.24498	1	0.47915	0.53595	12.20294	1.01944	1	0.74209	0.56205	12.30025	1.01944	1	-0.00514	-0.01013	0.68542	0.00244	1	0.06378	-0.01500	0.68706	0.00414	1	1.45898	0.81042	0	
1248519	8421.19043	3305011497982	0.49624	0.24481	8420.92285	0.26758	11260	1	0.51738	0.18741	1	0.44660	0.33579	1	0.48199	0.26160	1	0.47912	0.53595	11.77674	1.02745	1	0.74198	0.56216	12.38164	1.03511	1	-0.00514	-0.01013	0.68542	0.00242	1	0.06378	-0.01500	0.68706	0.00415	1	1.45898	0.81042	0	
1248520	8421.19727	3305011565957	0.49576	0.24494	8420.92285	0.27441	11260	1	0.50770	0.17281	1	0.44439	0.32749	1	0.47605	0.25015	1	0.47908	0.53588	12.03621	1.04313	1	0.74192	0.56213	12.49955	1.05079	1	-0.00514	-0.01013	0.68542	0.00242	1	0.06378	-0.01500	0.68706	0.00438	1	1.45898	0.81042	0	
1248521	8421.20410	3305011632702	0.49528	0.24473	8420.92285	0.28125	11260	1	0.50583	0.15765	1	0.44454	0.31449	1	0.47519	0.23607	1	0.47907	0.53582	12.24409	1.05880	1	0.74229	0.56175	12.18390	1.06646	1	-0.00505	-0.01016	0.68778	0.00243	1	0.06378	-0.01505	0.68706	0.00430	1	1.45898	0.81042	0	
1248522	8421.20996	3305011697754	0.49479	0.24424	8420.92285	0.28711	11260	1	0.50702	0.11980	1	0.44051	0.32661	1	0.47377	0.22320	1	0.47923	0.53599	11.88329	1.06646	1	0.74189	0.56223	12.86350	1.06646	1	-0.00505	-0.01016	0.68778	0.00249	1	0.06378	-0.01505	0.68706	0.00412	1	1.45898	0.81042	0	
1248523	8421.21680	3305011766188	0.49464	0.24384	8420.92285	0.29395	11260	1	0.50879	0.15484	1	0.46765	0.29711	1	0.48822	0.22597	1	0.47920	0.53596	11.79013	1.06646	1	0.74228	0.56177	12.05052	1.06646	1	-0.00505	-0.01016	0.68778	0.00249	1	0.06378	-0.01505	0.68706	0.00419	1	1.45898	0.81042	0	
1248524	8421.22363	3305011834123	0.49450	0.24345	8420.92285	0.30078	11260	1	0.50879	0.15484	1	0.46765	0.29711	1	0.48822	0.22597	1	0.47919	0.53585	12.09218	1.06646	1	0.74234	0.56159	12.07395	1.06646	1	-0.00499	-0.00998	0.67897	0.00246	1	0.06378	-0.01505	0.68706	0.00425	1	1.45898	0.81042	0	
1248525	8421.23047	3305011900778	0.49452	0.24281	8420.92285	0.30762	11260	1	0.52064	0.14244	1	0.46979	0.28393	1	0.49522	0.21319	1	0.47933	0.53596	12.33551	1.06646	1	0.74229	0.56176	12.35180	1.06646	1	-0.00499	-0.00998	0.67897	0.00241	1	0.06378	-0.01505	0.68706	0.00421	1	1.45898	0.81042	0	
1248526	8421.23730	3305011967856	0.49445	0.24217	8420.92285	0.31445	11260	1	0.50701	0.14057	1	0.47523	0.28377	1	0.49112	0.21217	1	0.47916	0.53583	12.29520	1.06646	1	0.74242	0.56161	12.05469	1.06646	1	-0.00499	-0.00998	0.67897	0.00247	1	0.06378	-0.01505	0.68706	0.00421	1	1.45898	0.81042	0	
1248527	8421.24414	3305012034537	0.49432	0.24190	8420.92285	0.32129	11260	1	0.50701	0.14057	1	0.47523	0.28377	1	0.49112	0.21217	1	0.47983	0.53754	12.09850	1.06646	1	0.74237	0.56163	12.13425	1.06646	1	-0.00499	-0.00998	0.67897	0.00395	1	0.06378	-0.01505	0.68706	0.00420	1	1.45898	0.81042	0	
1248528	8421.25098	3305012101609	0.49435	0.24334	8420.92285	0.32812	11260	1	0.54214	0.30267	1	0.46938	0.30665	1	0.50576	0.30466	1	0.47958	0.53759	12.10057	1.06646	1	0.74232	0.56193	12.23176	1.06646	1	-0.00499	-0.00998	0.67897	0.00410	1	0.06378	-0.01505	0.68706	0.00406	1	1.45898	0.81042	0	
1248529	8421.25684	3305012167214	0.49348	0.24288	8420.92285	0.33398	11260	1	0.47986	0.16215	1	0.47168	0.28158	1	0.47577	0.22187	1	0.47922	0.53586	12.38273	1.06646	1	0.74233	0.56176	12.20917	1.06646	1	-0.00499	-0.00998	0.67897	0.00249	1	0.06378	-0.01505	0.68706	0.00417	1	1.45898	0.81042	0	
1248530	8421.26367	3305012235747	0.49260	0.24240	8420.92285	0.34082	11260	1	0.47986	0.16215	1	0.47142	0.28818	1	0.47564	0.22517	1	0.47922	0.53586	12.38273	1.06646	1	0.74240	0.56196	12.23091	1.05880	1	-0.00499	-0.00998	0.67897	0.00249	1	0.06038	-0.01419	0.64997	0.00410	1	1.45898	0.81042	0	
1248531	8421.27051	3305012301802	0.49309	0.24383	8420.92285	0.34766	11260	1	0.55604	0.32203	1	0.48405	0.25885	1	0.52005	0.29044	1	0.47984	0.53768	12.19565	1.05880	1	0.74262	0.56139	12.67087	1.05114	1	-0.00499	-0.00998	0.67897	0.00401	1	0.06038	-0.01419	0.64997	0.00428	1	1.45898	0.81042	0	
1248532	8421.27734	3305012369830	0.49311	0.24405	8420.92285	0.35449	11260	1	0.50902	0.15151	1	0.48001	0.30246	1	0.49451	0.22699	1	0.47920	0.53583	12.23041	1.05114	1	0.74248	0.56174	12.17736	1.04349	1	-0.00499	-0.00998	0.67897	0.00249	1	0.06038	-0.01419	0.64997	0.00406	1	1.45898	0.81042	0	
1248533	8421.28418	3305012436562	0.49314	0.24451	8420.92285	0.36133	11260	1	0.50992	0.15902	1	0.47969	0.30906	1	0.49480	0.23404	1	0.47948	0.53570	12.31356	1.04349	1	0.74220	0.56202	12.65987	1.03583	1	-0.00499	-0.00998	0.67897	0.00247	1	0.06038	-0.01423	0.64997	0.00402	1	1.45898	0.81042	0	
1248534	8421.29102	3305012503554	0.49295	0.24469	8420.92285	0.36816	11260	1	0.50481	0.15623	1	0.45983	0.33183	1	0.48232	0.24403	1	0.47946	0.53568	12.38732	1.03583	1	0.74216	0.56217	12.86445	1.03583	1	-0.00499	-0.00998	0.67897	0.00247	1	0.06038	-0.01423	0.64997	0.00403	1	1.45898	0.81042	0	
1248535	8421.29688	3305012567684	0.49301	0.24390	8420.92285	0.37402	11260	1	0.51441	0.16092	1	0.47793	0.30533	1	0.49617	0.23312	1	0.47956	0.53578	12.29280	1.03583	1	0.74247	0.56190	12.83904	1.03583	1	-0.00499	-0.00998	0.67897	0.00254	1	0.06038	-0.01423	0.64997	0.00408	1	1.45898	0.81042	0	
1248536	8421.30469	3305012637464	0.49306	0.24297	8420.92285	0.38184	11260	1	0.51441	0.16092	1	0.47793	0.30533	1	0.49617	0.23312	1	0.47956	0.53792	12.60162	1.03583	1	0.74264	0.56159	12.95511	1.03583	1	-0.00499	-0.00998	0.67897	0.00391	1	0.06038	-0.01419	0.64997	0.00403	1	1.45898	0.81042	0	
1248537	8421.31055	3305012704440	0.49337	0.24228	8420.92285	0.38770	11260	1	0.53024	0.15873	1	0.48403	0.26375	1	0.50713	0.21124	1	0.47968	0.53578	12.51575	1.03583	1	0.74255	0.56131	12.69968	1.03583	1	-0.00499	-0.00998	0.67897	0.00250	1	0.06038	-0.01419	0.64997	0.00424	1	1.45898	0.81042	0	
1248538	8421.31738	3305012770509	0.49336	0.24417	8420.92285	0.39453	11260	1	0.51342	0.29298	1	0.48752	0.29301	1	0.50047	0.29299	1	0.47946	0.53727	12.05300	1.03583	1	0.74258	0.56130	12.66647	1.03583	1	-0.00499	-0.00998	0.67897	0.00391	1	0.06038	-0.01419	0.64997	0.00425	1	1.45898	0.81042	0	
1248539	8421.32422	3305012839855	0.49336	0.24606	8420.92285	0.40137	11260	1	0.51342	0.29298	1	0.48790	0.28628	1	0.50066	0.28963	1	0.47955	0.53565	12.58884	1.03583	1	0.74260	0.56201	13.01568	1.04349	1	-0.00499	-0.00998	0.67897	0.00240	1	0.06355	-0.01492	0.68345	0.00410	1	1.45898	0.81042	0	
1248540	8421.33105	3305012905570	0.49321	0.24719	8420.92285	0.40820	11260	1	0.49831	0.28012	1	0.48668	0.32042	1	0.49249	0.30027	1	0.47964	0.53715	12.29196	1.04349	1	0.74264	0.56204	12.97469	1.05114	1	-0.00499	-0.00998	0.67897	0.00405	1	0.06355	-0.01492	0.68345	0.00410	1	1.45898	0.81042	0	
1248541	8421.33789	3305012972139	0.49325	0.24615	8420.92285	0.41504	11260	1	0.49548	0.15373	1	0.49814	0.22233	1	0.49681	0.18803	1	0.47965	0.53582	12.67110	1.05114	1	0.74274	0.56096	12.83003	1.05880	1	-0.00499	-0.00998	0.67897	0.00249	1	0.06355	-0.01492	0.68345	0.00440	1	1.45898	0.81042	0	
1248542	8421.34473	3305013038045	0.49329	0.24517	8420.92285	0.42188	11260	1	0.49450	0.14623	1	0.49814	0.22233	1	0.49632	0.18428	1	0.47977	0.53573	12.41319	1.05880	1	0.74253	0.56148	13.05343	1.05880	1	-0.00499	-0.00998	0.67897	0.00255	1	0.06131	-0.01433	0.65892	0.00454	1	1.45898	0.81042	0	
1248543	8421.35156	3305013106389	0.49327	0.24566	8420.92285	0.42871	11260	1	0.49866	0.27150	1	0.47288	0.24956	1	0.48577	0.26053	1	0.47972	0.53720	12.11889	1.05880	1	0.74267	0.56113	12.49630	1.05114	1	-0.00499	-0.00998	0.67897	0.00417	1	0.06131	-0.01433	0.65892	0.00441	1	1.45898	0.81042	0	
1248544	8421.35742	3305013173334	0.49286	0.24661	8420.92285	0.43457	11260	1	0.50222	0.26937	1	0.45969	0.29295	1	0.48095	0.28116	1	0.47973	0.53714	12.05719	1.05114	1	0.74254	0.56153	12.94591	1.04349	1	-0.00499	-0.00998	0.67897	0.00420	1	0.06131	-0.01433	0.65892	0.00435	1	1.45898	0.81042	0	
1248545	8421.36426	3305013240326	0.49246	0.24768	8420.92285	0.44141	11260	1	0.50317	0.27602	1	0.45951	0.29961	1	0.48134	0.28781	1	0.48003	0.53708	11.46311	1.04349	1	0.74253	0.56163	12.76947	1.03583	1	-0.00499	-0.00998	0.67897	0.00418	1	0.06131	-0.01438	0.65892	0.00437	1	1.45898	0.81042	0	
1248546	8421.37109	3305013307785	0.49171	0.24814	8420.92285	0.44824	11260	1	0.49732	0.17070	1	0.43575	0.32350	1	0.46654	0.24710	1	0.47966	0.53581	12.47344	1.03583	1	0.74249	0.56136	12.64094	1.03583	1	-0.00499	-0.00998	0.67897	0.00254	1	0.06131	-0.01438	0.65892	0.00447	1	1.45898	0.81042	0	
1248547	8421.37793	3305013374262	0.49093	0.25012	8420.92285	0.45508	11260	1	0.52868	0.28710	1	0.42294	0.37520	1	0.47581	0.33115	1	0.48014	0.53725	11.65075	1.03583	1	0.74236	0.56201	12.99417	1.03583	1	-0.00499	-0.00998	0.67897	0.00410	1	0.06131	-0.01438	0.65892	0.00413	1	1.45898	0.81042	0	
1248548	8421.38477	3305013440923	0.49016	0.25197	8420.92285	0.46191	11260	1	0.52868	0.28710	1	0.42286	0.36912	1	0.47577	0.32811	1	0.48042	0.53791	12.38238	1.03583	1	0.74291	0.56164	12.69201	1.04349	1	-0.00505	-0.01006	0.68779	0.00396	1	0.06349	-0.01483	0.68173	0.00427	1	1.45898	0.81042	0	
1248549	8421.39160	3305013508106	0.48919	0.25171	8420.92285	0.46875	11260	1	0.49357	0.15578	1	0.44126	0.28227	1	0.46741	0.21903	1	0.47975	0.53570	12.45851	1.04349	1	0.74255	0.56164	12.83316	1.05114	1	-0.00505	-0.01006	0.68779	0.00252	1	0.06349	-0.01483	0.68173	0.00441	1	1.45898	0.81042	0	
1248550	8421.39844	3305013575220	0.48872	0.25339	8420.92285	0.47559	11260	1	0.54722	0.33643	1	0.44767	0.28384	1	0.49745	0.31013	1	0.48045	0.53796	12.48636	1.05114	1	0.74269	0.56167	12.98869	1.05880	1	-0.00505	-0.01006	0.68779	0.00395	1	0.06349	-0.01483	0.68173	0.00435	1	1.45898	0.81042	0	
1248551	8421.40430	3305013642735	0.48824	0.25492	8420.92285	0.48145	11260	1	0.54725	0.33672	1	0.44767	0.28415	1	0.49746	0.31043	1	0.48045	0.53772	12.47066	1.05079	1	0.74315	0.56110	13.20765	1.05845	1	-0.00477	-0.00960	0.65631	0.00403	1	0.06291	-0.01474	0.67556	0.00449	1	1.45898	0.81042	0	
1248552	8421.41113	3305013709611	0.48819	0.25597	8420.92285	0.48828	11260	1	0.54067	0.34244	1	0.45815	0.29033	1	0.49941	0.31639	1	0.48031	0.53814	12.32094	1.05043	1	0.74286	0.56093	12.66835	1.05043	1	-0.00477	-0.00960	0.65631	0.00374	1	0.06291	-0.01474	0.67556	0.00463	1	1.45898	0.81042	0	
1248553	8421.41797	3305013776053	0.48565	0.28543	8420.92285	0.48828	11260	0	0.54976	0.36904	1	0.45730	0.32906	1	0.50353	0.34905	1	0.48045	0.53820	12.54670	1.04241	1	0.74289	0.56193	13.03332	1.04241	1	-0.00477	-0.00960	0.65631	0.00378	1	0.06291	-0.01474	0.67556	0.00426	1	1.45898	0.81042	0	
1248554	8421.42480	3305013843320	0.49472	0.32047	8420.92285	0.48828	11260	0	0.55044	0.37526	1	0.45713	0.33575	1	0.50379	0.35551	1	0.48027	0.53730	12.15125	1.03440	1	0.74297	0.56215	12.53979	1.03440	1	-0.00477	-0.00960	0.65631	0.00411	1	0.06349	-0.01493	0.68173	0.00416	1	1.45898	0.81042	0	
1248555	8421.43164	3305013908705	0.49704	0.32969	8420.92285	0.48828	11260	0	0.54373	0.31605	1	0.45965	0.38024	1	0.50169	0.34815	1	0.48038	0.53748	12.41411	1.03440	1	0.74297	0.56215	12.53979	1.03440	1	-0.00477	-0.00960	0.65631	0.00404	1	0.06349	-0.01493	0.68173	0.00417	1	1.45898	0.81042	0	
1248556	8421.43848	3305013975895	0.49928	0.32100	8421.41797	0.02051	11261	1	0.54006	0.27995	1	0.47190	0.30985	1	0.50598	0.29490	1	0.48028	0.53693	11.67342	1.03440	1	0.74311	0.56150	12.33669	1.03440	1	-0.00477	-0.00960	0.65631	0.00418	1	0.06349	-0.01493	0.68173	0.00448	1	1.45898	0.81042	0	
1248557	8421.44531	3305014044354	0.50052	0.31282	8421.41797	0.02734	11261	1	0.53845	0.26508	1	0.47250	0.29511	1	0.50548	0.28010	1	0.48039	0.53796	12.19973	1.05150	1	0.74314	0.56150	12.32425	1.05150	1	-0.00506	-0.01045	0.71065	0.00370	1	0.06291	-0.01474	0.67556	0.00448	1	1.45898	0.81042	0	
1248558	8421.45117	3305014111239	0.49860	0.31284	8421.41797	0.03320	11261	1	0.53915	0.24437	1	0.43887	0.38160	1	0.48901	0.31298	1	0.48038	0.53700	12.17437	1.06860	1	0.74266	0.56231	13.15845	1.06860	1	-0.00506	-0.01045	0.71065	0.00410	1	0.06291	-0.01474	0.67556	0.00420	1	1.45898	0.81042	0	
1248559	8421.45801	3305014178201	0.49876	0.31343	8421.41797	0.04004	11261	1	0.54468	0.33076	1	0.45475	0.30314	1	0.49971	0.31695	1	0.48043	0.53818	12.27217	1.08570	1	0.74281	0.56206	12.91666	1.08570	1	-0.00506	-0.01045	0.71065	0.00375	1	0.06291	-0.01474	0.67556	0.00429	1	1.45898	0.81042	0	
1248560	8421.46484	3305014243809	0.49891	0.31459	8421.41797	0.04688	11261	1	0.54529	0.33633	1	0.45462	0.30902	1	0.49995	0.32268	1	0.48031	0.53761	11.86894	1.07858	1	0.74274	0.56190	12.87271	1.07858	1	-0.00462	-0.00943	0.64125	0.00394	1	0.06291	-0.01474	0.67556	0.00433	1	1.45898	0.81042	0	
1248561	8421.47070	3305014305669	0.50025	0.31565	8421.41797	0.05273	11261	1	0.54033	0.31976	1	0.48168	0.32862	1	0.51101	0.32419	1	0.48031	0.53763	11.97087	1.05435	1	0.74331	0.56183	12.83928	1.05435	1	-0.00462	-0.00943	0.64125	0.00391	1	0.06291	-0.01474	0.67556	0.00441	1	1.45898	0.81042	0	
1248562	8421.47852	3305014377559	0.49933	0.31479	8421.41797	0.06055	11261	1	0.52781	0.29446	1	0.45416	0.31962	1	0.49099	0.30704	1	0.48011	0.53717	11.74493	1.03012	1	0.74282	0.56190	12.82929	1.03012	1	-0.00462	-0.00943	0.64125	0.00419	1	0.06291	-0.01474	0.67556	0.00425	1	1.45898	0.81042	0	
1248563	8421.48438	3305014443614	0.49860	0.31479	8421.41797	0.06641	11261	1	0.52877	0.30227	1	0.45399	0.32738	1	0.49138	0.31482	1	0.48017	0.53729	11.78211	1.02104	1	0.74294	0.56122	12.55893	1.02104	1	-0.00489	-0.00998	0.67867	0.00406	1	0.06291	-0.01474	0.67556	0.00444	1	1.45898	0.81042	0	
1248564	8421.49121	3305014510116	0.49722	0.31664	8421.41797	0.07324	11261	1	0.50880	0.28897	1	0.45521	0.38481	1	0.48201	0.33689	1	0.47980	0.53717	12.59061	1.03618	1	0.74290	0.56192	13.38521	1.03618	1	-0.00489	-0.00998	0.67867	0.00405	1	0.06291	-0.01474	0.67556	0.00430	1	1.45898	0.81042	0	
1248565	8421.49805	3305014578159	0.49531	0.31403	8421.41797	0.08008	11261	1	0.50106	0.26572	1	0.44368	0.29980	1	0.47237	0.28276	1	0.47976	0.53691	12.77089	1.05132	1	0.74267	0.56173	12.94061	1.05132	1	-0.00489	-0.00998	0.67867	0.00390	1	0.06291	-0.01474	0.67556	0.00433	1	1.45898	0.81042	0	
1248566	8421.50488	3305014642795	0.49361	0.31086	8421.41797	0.08691	11261	1	0.49918	0.25253	1	0.44381	0.28686	1	0.47149	0.26969	1	0.47982	0.53746	12.91062	1.06646	1	0.74263	0.56161	12.73804	1.06646	1	-0.00499	-0.00998	0.67897	0.00378	1	0.06291	-0.01474	0.67556	0.00434	1	1.45898	0.81042	0	
1248567	8421.51172	3305014711078	0.49380	0.30919	8421.41797	0.09375	11261	1	0.51524	0.29967	1	0.47768	0.27195	1	0.49646	0.28581	1	0.47996	0.53761	12.76777	1.06646	1	0.74280	0.56111	12.33987	1.06646	1	-0.00499	-0.00998	0.67897	0.00402	1	0.06291	-0.01474	0.67556	0.00437	1	1.45898	0.81042	0	
1248568	8421.51855	3305014778439	0.49420	0.31004	8421.41797	0.10059	11261	1	0.53841	0.32259	1	0.46219	0.32275	1	0.50030	0.32267	1	0.48032	0.53796	12.17714	1.06646	1	0.74261	0.56213	13.27601	1.06646	1	-0.00499	-0.00998	0.67897	0.00414	1	0.06291	-0.01474	0.67556	0.00402	1	1.45898	0.81042	0	
1248569	8421.52539	3305014848424	0.49456	0.31096	8421.41797	0.10742	11261	1	0.53841	0.32259	1	0.46200	0.32906	1	0.50020	0.32582	1	0.47968	0.53690	12.42822	1.06646	1	0.74273	0.56136	13.04803	1.05880	1	-0.00499	-0.00998	0.67897	0.00409	1	0.06131	-0.01438	0.65892	0.00423	1	1.45898	0.81042	0	
1248570	8421.53125	3305014912100	0.49435	0.30678	8421.41797	0.11328	11261	1	0.53841	0.32259	0	0.49082	0.23569	1	0.49082	0.23569	1	0.47968	0.53690	12.42822	1.05880	0	0.74265	0.56105	12.94465	1.05115	1	-0.00499	-0.00998	0.67897	0.00409	1	0.06131	-0.01438	0.65892	0.00425	1	1.45898	0.81042	0	
1248571	8421.53906	3305014982355	0.49435	0.30678	8421.41797	0.12109	11261	1	0.53841	0.32259	0	0.49082	0.23569	0	0.49082	0.23569	0	0.47968	0.53690	12.42822	1.05115	0	0.74265	0.56105	12.94465	1.04349	0	-0.00499	-0.00998	0.67897	0.00409	1	0.06131	-0.01438	0.65892	0.00425	1	1.45898	0.81042	0	
1248572	8421.54492	3305015048929	0.49435	0.30678	8421.41797	0.12695	11261	1	0.53841	0.32259	0	0.49082	0.23569	0	0.49082	0.23569	0	0.47968	0.53690	12.42822	1.04349	0	0.74265	0.56105	12.94465	1.03583	0	-0.00499	-0.00998	0.67897	0.00409	1	0.06131	-0.01438	0.65892	0.00425	1	1.45898	0.81042	0	
1248573	8421.55176	3305015115926	0.49435	0.30678	8421.41797	0.13379	11261	1	0.53841	0.32259	0	0.49082	0.23569	0	0.49082	0.23569	0	0.47968	0.53690	12.42822	1.03583	0	0.74265	0.56105	12.94465	1.03583	0	-0.00499	-0.00998	0.67897	0.00409	1	0.06131	-0.01438	0.65892	0.00425	1	1.45898	0.81042	0	
1248574	8421.55859	3305015182849	0.49222	0.30375	8421.41797	0.13379	11261	0	0.53841	0.32259	0	0.49082	0.23569	0	0.49082	0.23569	0	0.47968	0.53690	12.42822	1.03583	0	0.74265	0.56105	12.94465	1.03583	0	-0.00499	-0.00998	0.67897	0.00409	1	0.06131	-0.01438	0.65892	0.00425	1	1.45898	0.81042	0	
1248575	8421.56543	3305015249799	0.49222	0.30375	8421.41797	0.13379	11261	0	0.53841	0.32259	0	0.49082	0.23569	0	0.49082	0.23569	0	0.47968	0.53690	12.42822	1.03583	0	0.74265	0.56105	12.94465	1.03583	0	-0.00499	-0.00998	0.67897	0.00409	1	0.06131	-0.01438	0.65892	0.00425	1	1.45898	0.81042	0	
1248576	8421.57227	3305015315372	0.49222	0.30375	8421.41797	0.13379	11261	0	0.53841	0.32259	0	0.49082	0.23569	0	0.49082	0.23569	0	0.47968	0.53690	12.42822	1.03583	0	0.74265	0.56105	12.94465	1.03583	0	-0.00499	-0.00998	0.67897	0.00409	1	0.06131	-0.01438	0.65892	0.00425	1	1.45898	0.81042	0	
1248577	8421.57910	3305015383858	0.00000	0.00000	8421.41797	0.13379	11261	0	0.53841	0.32259	0	0.49082	0.23569	0	0.49082	0.23569	0	0.47968	0.53690	12.42822	1.03583	0	0.74265	0.56105	12.94465	1.03583	0	-0.00499	-0.00998	0.67897	0.00409	1	0.06131	-0.01438	0.65892	0.00425	1	1.45898	0.81042	0	
1248578	8421.58496	3305015447298	0.00000	0.00000	8421.41797	0.13379	11261	0	0.53841	0.32259	0	0.49082	0.23569	0	0.49082	0.23569	0	0.47968	0.53690	12.42822	1.03583	0	0.74265	0.56105	12.94465	1.03583	0	-0.00499	-0.00998	0.67897	0.00409	1	0.06131	-0.01438	0.65892	0.00425	1	1.45898	0.81042	0	
1248579	8421.59180	3305015516639	0.00000	0.00000	8421.41797	0.13379	11261	0	0.53841	0.32259	0	0.49082	0.23569	0	0.49082	0.23569	0	0.47968	0.53690	12.42822	1.03583	0	0.74265	0.56105	12.94465	1.03583	0	-0.00499	-0.00998	0.67897	0.00409	1	0.06131	-0.01438	0.65892	0.00425	1	1.45898	0.81042	0	
1248580	8421.59863	3305015585578	0.26097	0.41768	8421.41797	0.13379	11261	0	0.25546	0.31711	1	0.26648	0.51824	1	0.26097	0.41768	1	0.47089	0.54018	11.43696	1.03583	1	0.73431	0.56538	13.55794	1.03583	1	-0.00499	-0.00998	0.67897	0.00256	1	0.06131	-0.01438	0.65892	0.00380	1	1.45898	0.81042	0	
1248581	8421.60547	3305015651659	0.26066	0.41644	8421.41797	0.13379	11261	0	0.25546	0.31711	1	0.26527	0.51329	1	0.26036	0.41520	1	0.47077	0.54035	11.38644	1.03583	1	0.73432	0.56558	13.71305	1.04349	1	-0.00605	-0.01056	0.68372	0.00260	1	0.06207	-0.01529	0.68184	0.00368	1	1.45898	0.81042	0	
1248582	8421.61230	3305015719096	0.25781	0.41900	8421.41797	0.13379	11261	0	0.24708	0.31007	1	0.25715	0.53819	1	0.25211	0.42413	1	0.47074	0.54029	11.41160	1.04349	1	0.73424	0.56567	13.95229	1.05115	1	-0.00605	-0.01056	0.68372	0.00257	1	0.06207	-0.01529	0.68184	0.00368	1	1.45898	0.81042	0	
1248583	8421.61914	3305015786007	0.25449	0.41904	8421.59863	0.02051	11262	1	0.24363	0.32266	1	0.24539	0.51565	1	0.24451	0.41916	1	0.47073	0.54034	11.52000	1.05115	1	0.73404	0.56552	13.70331	1.05880	1	-0.00605	-0.01056	0.68372	0.00257	1	0.06207	-0.01529	0.68184	0.00391	1	1.45898	0.81042	0	
1248584	8421.62500	3305015849204	0.25251	0.41912	8421.59863	0.02637	11262	1	0.24375	0.32296	1	0.24546	0.51588	1	0.24460	0.41942	1	0.47073	0.54049	11.78398	1.05079	1	0.73419	0.56512	13.51685	1.05845	1	-0.00593	-0.01009	0.65327	0.00261	1	0.06207	-0.01529	0.68184	0.00396	1	1.45898	0.81042	0	
1248585	8421.63281	3305015919734	0.25222	0.42037	8421.59863	0.03418	11262	1	0.24222	0.33523	1	0.25935	0.51811	1	0.25079	0.42667	1	0.47066	0.54049	11.84242	1.05043	1	0.73430	0.56540	13.66210	1.05043	1	-0.00593	-0.01009	0.65327	0.00260	1	0.06207	-0.01529	0.68184	0.00382	1	1.45898	0.81042	0	
1248586	8421.63867	3305015985353	0.25441	0.42097	8421.59863	0.04004	11262	1	0.26669	0.32524	1	0.26836	0.52389	1	0.26753	0.42456	1	0.47069	0.54046	11.90512	1.04241	1	0.73445	0.56551	13.70686	1.04241	1	-0.00593	-0.01009	0.65327	0.00260	1	0.06207	-0.01529	0.68184	0.00382	1	1.45898	0.81042	0	
1248587	8421.64551	3305016053905	0.25629	0.42216	8421.59863	0.04688	11262	1	0.26925	0.33193	1	0.26960	0.52899	1	0.26943	0.43046	1	0.47063	0.54034	11.80321	1.03440	1	0.73439	0.56551	13.72632	1.03440	1	-0.00593	-0.01009	0.65327	0.00263	1	0.06207	-0.01529	0.68184	0.00372	1	1.45898	0.81042	0	
1248588	8421.65234	3305016121146	0.25764	0.42348	8421.59863	0.05371	11262	1	0.26977	0.32672	1	0.26717	0.54146	1	0.26847	0.43409	1	0.47062	0.54035	11.80215	1.03440	1	0.73443	0.56560	13.78170	1.03440	1	-0.00593	-0.01009	0.65327	0.00263	1	0.06207	-0.01529	0.68184	0.00369	1	1.45898	0.81042	0	
1248589	8421.65918	3305016187622	0.25779	0.42390	8421.59863	0.06055	11262	1	0.26484	0.34164	1	0.25350	0.51372	1	0.25917	0.42768	1	0.47056	0.54040	11.65514	1.03440	1	0.73412	0.56533	13.89561	1.03440	1	-0.00593	-0.01009	0.65327	0.00256	1	0.06207	-0.01529	0.68184	0.00359	1	1.45898	0.81042	0	
1248590	8421.66602	3305016254403	0.25792	0.42425	8421.59863	0.06738	11262	1	0.26484	0.34164	1	0.25350	0.51372	1	0.25917	0.42768	1	0.47039	0.54034	11.36974	1.03440	1	0.73415	0.56519	13.94807	1.03440	1	-0.00593	-0.01009	0.65327	0.00259	1	0.06207	-0.01529	0.68184	0.00361	1	1.45898	0.81042	0	
1248591	8421.67285	3305016321209	0.25702	0.42394	8421.59863	0.07422	11262	1	0.25735	0.33992	1	0.23697	0.50113	1	0.24716	0.42052	1	0.47043	0.54046	11.88651	1.03440	1	0.73388	0.56519	13.51692	1.03440	1	-0.00593	-0.01009	0.65327	0.00262	1	0.06207	-0.01529	0.68184	0.00364	1	1.45898	0.81042	0	
1248592	8421.67969	3305016388122	0.25698	0.42431	8421.59863	0.08105	11262	1	0.24726	0.34953	1	0.26574	0.50810	1	0.25650	0.42882	1	0.47034	0.54046	11.47417	1.03440	1	0.73394	0.56508	13.36882	1.03440	1	-0.00593	-0.01009	0.65327	0.00264	1	0.06207	-0.01529	0.68184	0.00359	1	1.45898	0.81042	0	
1248593	8421.68555	3305016455089	0.25680	0.42421	8421.59863	0.08691	11262	1	0.24455	0.34297	1	0.26447	0.50283	1	0.25451	0.42290	1	0.47016	0.54043	11.76907	1.04241	1	0.73402	0.56495	13.21265	1.04241	1	-0.00634	-0.01071	0.69338	0.00269	1	0.06207	-0.01529	0.68184	0.00357	1	1.45898	0.81042	0	
1248594	8421.69238	3305016519435	0.25735	0.42237	8421.59863	0.09375	11262	1	0.26135	0.31727	1	0.26866	0.47579	1	0.26500	0.39653	1	0.47022	0.54034	11.74039	1.05043	1	0.73400	0.56492	13.30930	1.05043	1	-0.00634	-0.01071	0.69338	0.00268	1	0.06207	-0.01529	0.68184	0.00358	1	1.45898	0.81042	0	
1248595	8421.69922	3305016587419	0.25816	0.42036	8421.59863	0.10059	11262	1	0.26824	0.31941	1	0.27223	0.46126	1	0.27024	0.39034	1	0.47024	0.54039	11.86667	1.05845	1	0.73403	0.56484	13.18416	1.05845	1	-0.00634	-0.01071	0.69338	0.00261	1	0.06207	-0.01529	0.68184	0.00359	1	1.45898	0.81042	0	
1248596	8421.70605	3305016653135	0.25887	0.41860	8421.59863	0.10742	11262	1	0.26824	0.31941	1	0.27223	0.46126	1	0.27024	0.39034	1	0.46996	0.54052	11.73089	1.05845	1	0.73409	0.56454	12.85654	1.05845	1	-0.00595	-0.00997	0.64537	0.00260	1	0.06207	-0.01529	0.68184	0.00360	1	1.45898	0.81042	0	
1248597	8421.71289	3305016720285	0.25995	0.41686	8421.59863	0.11426	11262	1	0.25523	0.33460	1	0.30138	0.44007	1	0.27830	0.38734	1	0.47011	0.54063	11.90980	1.05043	1	0.73411	0.56454	12.88818	1.05043	1	-0.00595	-0.00997	0.64537	0.00263	1	0.06207	-0.01529	0.68184	0.00361	1	1.45898	0.81042	0	
1248598	8421.71973	3305016790544	0.26062	0.41645	8421.59863	0.12109	11262	1	0.25000	0.33197	1	0.29562	0.48624	1	0.27281	0.40911	1	0.47001	0.54056	11.60771	1.04241	1	0.73404	0.56497	12.99961	1.04241	1	-0.00595	-0.00997	0.64537	0.00262	1	0.06207	-0.01529	0.68184	0.00362	1	1.45898	0.81042	0	
1248599	8421.72656	3305016857253	0.26135	0.41652	8421.59863	0.12793	11262	1	0.25267	0.33862	1	0.29765	0.49681	1	0.27516	0.41772	1	0.46966	0.54116	11.84924	1.03440	1	0.73341	0.56493	13.62894	1.02674	1	-0.00621	-0.01039	0.66299	0.00253	1	0.05995	-0.01481	0.66023	0.00378	1	1.45898	0.81042	0	
1248600	8421.73340	3305016924413	0.26083	0.42023	8421.59863	0.13477	11262	1	0.23699	0.43790	1	0.26386	0.55128	1	0.25043	0.49459	1	0.46962	0.54153	12.07321	1.02674	1	0.73349	0.56604	13.60165	1.01908	1	-0.00621	-0.01039	0.66299	0.00261	1	0.05995	-0.01481	0.66023	0.00367	1	1.45898	0.81042	0	
1248601	8421.73926	3305016990853	0.26014	0.42311	8421.59863	0.14062	11262	1	0.23243	0.43412	1	0.25869	0.53287	1	0.24556	0.48350	1	0.46956	0.54125	11.64800	1.01908	1	0.73335	0.56582	13.47738	1.01142	1	-0.00621	-0.01039	0.66299	0.00256	1	0.05995	-0.01481	0.66023	0.00382	1	1.45898	0.81042	0	
1248602	8421.74609	3305017058397	0.25947	0.42562	8421.59863	0.14746	11262	1	0.23231	0.43385	1	0.25733	0.52769	1	0.24482	0.48077	1	0.47094	0.54361	12.61995	1.01944	1	0.73335	0.56587	13.44866	1.01944	1	-0.00652	-0.01082	0.68998	0.00373	1	0.06116	-0.01512	0.67413	0.00381	1	1.45898	0.81042	0	
1248603	8421.75293	3305017122548	0.26061	0.43226	8421.59863	0.15430	11262	1	0.30633	0.63672	1	0.26723	0.53362	1	0.28678	0.58517	1	0.47041	0.54394	12.39082	1.02745	1	0.73363	0.56594	13.95409	1.03511	1	-0.00652	-0.01082	0.68998	0.00384	1	0.06116	-0.01512	0.67413	0.00369	1	1.45898	0.81042	0	
1248604	8421.75977	3305017192488	0.26157	0.43669	8421.59863	0.16113	11262	1	0.31968	0.58108	1	0.24939	0.50469	1	0.28453	0.54289	1	0.47070	0.54354	12.21272	1.04313	1	0.73336	0.56570	13.34232	1.05079	1	-0.00652	-0.01082	0.68998	0.00370	1	0.06116	-0.01512	0.67413	0.00389	1	1.45898	0.81042	0	
1248605	8421.76660	3305017258239	0.26231	0.44040	8421.59863	0.16797	11262	1	0.31522	0.57196	1	0.24670	0.49453	1	0.28096	0.53325	1	0.46941	0.54142	11.33415	1.05880	1	0.73352	0.56597	13.51775	1.06646	1	-0.00652	-0.01082	0.68998	0.00259	1	0.06116	-0.01512	0.67413	0.00370	1	1.45898	0.81042	0	
1248606	8421.77344	3305017326319	0.26961	0.47369	8421.59863	0.16797	11262	0	0.29284	0.61878	1	0.25814	0.51983	1	0.27549	0.56930	1	0.47041	0.54394	12.30731	1.06646	1	0.73350	0.56599	13.51480	1.06646	1	-0.00652	-0.01082	0.68998	0.00383	1	0.06116	-0.01512	0.67413	0.00374	1	1.45898	0.81042	0	
1248607	8421.78027	3305017393398	0.27449	0.50969	8421.59863	0.16797	11262	0	0.30061	0.57157	1	0.25814	0.51983	1	0.27937	0.54570	1	0.47049	0.54343	12.42340	1.06646	1	0.73350	0.56599	13.51480	1.06646	1	-0.00652	-0.01082	0.68998	0.00375	1	0.06116	-0.01512	0.67413	0.00374	1	1.45898	0.81042	0	
1248608	8421.78613	3305017459635	0.26904	0.51307	8421.59863	0.16797	11262	0	0.30061	0.57157	0	0.25814	0.51983	1	0.25814	0.51983	1	0.47049	0.54343	12.42340	1.06646	0	0.73353	0.56603	13.39632	1.06646	1	-0.00652	-0.01082	0.68998	0.00375	1	0.06116	-0.01512	0.67413	0.00382	1	1.45898	0.81042	0	
1248609	8421.79297	3305017527183	0.26904	0.51307	8421.77344	0.01953	11263	1	0.30061	0.57157	0	0.25814	0.51983	0	0.25814	0.51983	0	0.47049	0.54343	12.42340	1.06646	0	0.73353	0.56603	13.39632	1.06646	0	-0.00652	-0.01082	0.68998	0.00375	1	0.06116	-0.01512	0.67413	0.00382	1	1.45898	0.81042	0	
1248610	8421.79980	3305017594167	0.26904	0.51307	8421.77344	0.02637	11263	1	0.30061	0.57157	0	0.25814	0.51983	0	0.25814	0.51983	0	0.47049	0.54343	12.42340	1.06646	0	0.73353	0.56603	13.39632	1.06646	0	-0.00652	-0.01082	0.68998	0.00375	1	0.06116	-0.01512	0.67413	0.00382	1	1.45898	0.81042	0	
1248611	8421.80664	3305017661304	0.26904	0.51307	8421.77344	0.03320	11263	1	0.30061	0.57157	0	0.25814	0.51983	0	0.25814	0.51983	0	0.47049	0.54343	12.42340	1.06646	0	0.73353	0.56603	13.39632	1.06646	0	-0.00652	-0.01082	0.68998	0.00375	1	0.06116	-0.01512	0.67413	0.00382	1	1.45898	0.81042	0	
1248612	8421.81348	3305017726443	0.26876	0.53276	8421.77344	0.03320	11263	0	0.30061	0.57157	0	0.25814	0.51983	0	0.25814	0.51983	0	0.47049	0.54343	12.42340	1.06646	0	0.73353	0.56603	13.39632	1.06646	0	-0.00652	-0.01082	0.68998	0.00375	1	0.06116	-0.01512	0.67413	0.00382	1	1.45898	0.81042	0	
1248613	8421.82031	3305017795081	0.26876	0.53276	8421.77344	0.03320	11263	0	0.30061	0.57157	0	0.25814	0.51983	0	0.25814	0.51983	0	0.47049	0.54343	12.42340	1.06646	0	0.73353	0.56603	13.39632	1.06646	0	-0.00652	-0.01082	0.68998	0.00375	1	0.06116	-0.01512	0.67413	0.00382	1	1.45898	0.81042	0	
1248614	8421.82715	3305017862215	0.26876	0.53276	8421.77344	0.03320	11263	0	0.30061	0.57157	0	0.25814	0.51983	0	0.25814	0.51983	0	0.47049	0.54343	12.42340	1.06646	0	0.73353	0.56603	13.39632	1.06646	0	-0.00652	-0.01082	0.68998	0.00375	1	0.06116	-0.01512	0.67413	0.00382	1	1.45898	0.81042	0	
1248615	8421.83301	3305017928501	0.00000	0.00000	8421.77344	0.03320	11263	0	0.30061	0.57157	0	0.25814	0.51983	0	0.25814	0.51983	0	0.47049	0.54343	12.42340	1.06646	0	0.73353	0.56603	13.39632	1.06646	0	-0.00652	-0.01082	0.68998	0.00375	1	0.06116	-0.01512	0.67413	0.00382	1	1.45898	0.81042	0	
1248616	8421.83984	3305017996100	0.00000	0.00000	8421.77344	0.03320	11263	0	0.30061	0.57157	0	0.25814	0.51983	0	0.25814	0.51983	0	0.47049	0.54343	12.42340	1.06646	0	0.73353	0.56603	13.39632	1.06646	0	-0.00652	-0.01082	0.68998	0.00375	1	0.06116	-0.01512	0.67413	0.00382	1	1.45898	0.81042	0	
1248617	8421.84668	3305018063312	0.00000	0.00000	8421.77344	0.03320	11263	0	0.30061	0.57157	0	0.25814	0.51983	0	0.25814	0.51983	0	0.47049	0.54343	12.42340	1.06646	0	0.73353	0.56603	13.39632	1.06646	0	-0.00652	-0.01082	0.68998	0.00375	1	0.06116	-0.01512	0.67413	0.00382	1	1.45898	0.81042	0	
1248618	8421.85352	3305018130031	0.25466	0.41552	8421.77344	0.03320	11263	0	0.25115	0.37016	1	0.25818	0.46089	1	0.25466	0.41552	1	0.46934	0.54115	11.00411	1.06646	1	0.73307	0.56540	12.74955	1.06646	1	-0.00652	-0.01082	0.68998	0.00256	1	0.06116	-0.01512	0.67413	0.00373	1	1.45898	0.81042	0	
1248619	8421.86035	3305018196547	0.25750	0.43271	8421.77344	0.03320	11263	0	0.25712	0.38582	1	0.26354	0.51397	1	0.26033	0.44990	1	0.46928	0.54113	10.60099	1.06646	1	0.73310	0.56537	12.81365	1.06646	1	-0.00652	-0.01082	0.68998	0.00264	1	0.06116	-0.01512	0.67413	0.00367	1	1.45898	0.81042	0	
1248620	8421.86719	3305018263525	0.25844	0.43844	8421.77344	0.03320	11263	0	0.25712	0.38582	1	0.26354	0.51397	1	0.26033	0.44990	1	0.46930	0.54118	11.34227	1.06646	1	0.73308	0.56562	13.22415	1.06646	1	-0.00646	-0.01067	0.68384	0.00255	1	0.06116	-0.01512	0.67413	0.00348	1	1.45898	0.81042	0	
1248621	8421.87402	3305018331616	0.25465	0.44311	8421.85352	0.02051	11264	1	0.24460	0.37934	1	0.24195	0.53490	1	0.24327	0.45712	1	0.46912	0.54109	11.11851	1.06646	1	0.73288	0.56573	12.56340	1.06646	1	-0.00646	-0.01067	0.68384	0.00245	1	0.06116	-0.01512	0.67413	0.00350	1	1.45898	0.81042	0	
1248622	8421.87988	3305018396675	0.25495	0.44380	8421.85352	0.02637	11264	1	0.23568	0.37400	1	0.27666	0.51913	1	0.25617	0.44657	1	0.46915	0.54111	11.22373	1.06646	1	0.73301	0.56556	12.98832	1.06646	1	-0.00646	-0.01067	0.68384	0.00240	1	0.06116	-0.01512	0.67413	0.00354	1	1.45898	0.81042	0	
1248623	8421.88672	3305018461493	0.25516	0.44426	8421.85352	0.03320	11264	1	0.23568	0.37400	1	0.27666	0.51913	1	0.25617	0.44657	1	0.46912	0.54127	10.58203	1.06646	1	0.73290	0.56539	13.35917	1.06646	1	-0.00646	-0.01067	0.68384	0.00246	1	0.06116	-0.01512	0.67413	0.00357	1	1.45898	0.81042	0	
1248624	8421.89355	3305018529520	0.25597	0.44345	8421.85352	0.04004	11264	1	0.25176	0.36906	1	0.26998	0.50810	1	0.26087	0.43858	1	0.46925	0.54104	10.74510	1.06646	1	0.73292	0.56523	13.58454	1.06646	1	-0.00646	-0.01067	0.68384	0.00254	1	0.06116	-0.01512	0.67413	0.00342	1	1.45898	0.81042	0	
1248625	8421.90039	3305018595707	0.25679	0.44211	8421.85352	0.04688	11264	1	0.24474	0.39154	1	0.28036	0.47389	1	0.26255	0.43271	1	0.46911	0.54119	10.88062	1.06646	1	0.73309	0.56499	12.89278	1.06646	1	-0.00646	-0.01067	0.68384	0.00246	1	0.06116	-0.01512	0.67413	0.00364	1	1.45898	0.81042	0	
1248626	8421.90625	3305018661429	0.25789	0.44255	8421.85352	0.05273	11264	1	0.24978	0.40295	1	0.28356	0.48916	1	0.26667	0.44605	1	0.46909	0.54112	10.81586	1.05132	1	0.73270	0.56540	12.88118	1.04366	1	-0.00614	-0.00998	0.63996	0.00244	1	0.05844	-0.01446	0.64470	0.00365	1	1.45898	0.81042	0	
1248627	8421.91309	3305018730358	0.25813	0.44646	8421.85352	0.05957	11264	1	0.25048	0.40030	1	0.27012	0.56302	1	0.26030	0.48166	1	0.46912	0.54111	10.78476	1.02852	1	0.73272	0.56565	13.11183	1.02086	1	-0.00614	-0.00998	0.63996	0.00249	1	0.05844	-0.01446	0.64470	0.00355	1	1.45898	0.81042	0	
1248628	8421.91992	3305018798446	0.25885	0.45146	8421.85352	0.06641	11264	1	0.25055	0.43677	1	0.28149	0.56624	1	0.26602	0.50150	1	0.46906	0.54127	11.15278	1.00572	1	0.73286	0.56561	13.04372	0.99806	1	-0.00614	-0.00998	0.63996	0.00247	1	0.05844	-0.01446	0.64470	0.00350	1	1.45898	0.81042	0	
1248629	8421.92676	3305018866899	0.25992	0.45694	8421.85352	0.07324	11264	1	0.25855	0.45393	1	0.28491	0.58049	1	0.27173	0.51721	1	0.46906	0.54126	11.15722	0.98291	1	0.73272	0.56580	13.10897	0.97526	1	-0.00614	-0.00998	0.63996	0.00248	1	0.05993	-0.01485	0.66222	0.00365	1	1.45898	0.81042	0	
1248630	8421.93359	3305018928857	0.26080	0.46213	8421.85352	0.08008	11264	1	0.26872	0.44142	1	0.27405	0.60736	1	0.27138	0.52439	1	0.46912	0.54111	10.78476	0.97526	1	0.73277	0.56583	13.15202	0.97526	1	-0.00614	-0.00998	0.63996	0.00249	1	0.05993	-0.01485	0.66222	0.00364	1	1.45898	0.81042	0	
1248631	8421.94043	3305019000904	0.26145	0.46584	8421.85352	0.08691	11264	1	0.26578	0.43050	1	0.27389	0.59773	1	0.26984	0.51412	1	0.46903	0.54102	10.79706	0.97526	1	0.73276	0.56580	13.13995	0.97526	1	-0.00614	-0.00998	0.63996	0.00244	1	0.05993	-0.01485	0.66222	0.00366	1	1.45898	0.81042	0	
1248632	8421.94727	3305019067825	0.26201	0.46906	8421.85352	0.09375	11264	1	0.26578	0.43050	1	0.27389	0.59773	1	0.26984	0.51412	1	0.46898	0.54133	10.64393	0.97526	1	0.73309	0.56605	12.74877	0.97526	1	-0.00622	-0.01015	0.64761	0.00247	1	0.05993	-0.01485	0.66222	0.00356	1	1.45898	0.81042	0	
1248633	8421.95410	3305019134830	0.26286	0.47240	8421.85352	0.10059	11264	1	0.25774	0.45801	1	0.29344	0.58708	1	0.27559	0.52254	1	0.46898	0.54131	10.61235	0.97526	1	0.73306	0.56611	12.87175	0.97526	1	-0.00622	-0.01015	0.64761	0.00247	1	0.05993	-0.01485	0.66222	0.00354	1	1.45898	0.81042	0	
1248634	8421.96094	3305019201742	0.26371	0.47540	8421.85352	0.10742	11264	1	0.26117	0.45913	1	0.29356	0.58765	1	0.27736	0.52339	1	0.46903	0.54124	10.67746	0.97526	1	0.73313	0.56577	12.67851	0.97526	1	-0.00622	-0.01015	0.64761	0.00243	1	0.05993	-0.01485	0.66222	0.00349	1	1.45898	0.81042	0	
1248635	8421.96777	3305019268833	0.26426	0.47749	8421.85352	0.11426	11264	1	0.25584	0.44773	1	0.29142	0.57829	1	0.27363	0.51301	1	0.46889	0.54132	11.04113	0.99040	1	0.73292	0.56577	13.14310	0.99040	1	-0.00672	-0.01081	0.68946	0.00233	1	0.05993	-0.01485	0.66222	0.00347	1	1.45898	0.81042	0	
1248636	8421.97363	3305019335664	0.26375	0.47926	8421.85352	0.12012	11264	1	0.23072	0.43435	1	0.27852	0.58786	1	0.25462	0.51110	1	0.46874	0.54132	10.64795	1.00554	1	0.73293	0.56584	12.78561	1.00554	1	-0.00672	-0.01081	0.68946	0.00244	1	0.05993	-0.01485	0.66222	0.00357	1	1.45898	0.81042	0	
1248637	8421.98047	3305019402775	0.26745	0.50629	8421.85352	0.12012	11264	0	0.23367	0.42916	1	0.27108	0.58371	1	0.25238	0.50644	1	0.46882	0.54121	11.21329	1.02068	1	0.73291	0.56594	12.76322	1.02068	1	-0.00672	-0.01081	0.68946	0.00237	1	0.05993	-0.01485	0.66222	0.00363	1	1.45898	0.81042	0	
1248638	8421.98730	3305019470245	0.25767	0.50014	8421.85352	0.12012	11264	0	0.22825	0.41779	1	0.26752	0.57018	1	0.24789	0.49399	1	0.46870	0.54129	11.04837	1.03583	1	0.73248	0.56576	12.77270	1.04349	1	-0.00672	-0.01081	0.68946	0.00247	1	0.06005	-0.01489	0.66408	0.00363	1	1.45898	0.81042	0	
1248639	8421.99414	3305019536727	0.25278	0.49245	8421.85352	0.12012	11264	0	0.25240	0.40843	1	0.23360	0.54574	1	0.24300	0.47708	1	0.46885	0.54128	10.48448	1.04349	1	0.73233	0.56580	12.64149	1.05115	1	-0.00672	-0.01081	0.68946	0.00252	1	0.06005	-0.01489	0.66408	0.00365	1	1.45898	0.81042	0	
1248640	8422.00098	3305019603377	0.24952	0.48140	8421.98047	0.02051	11265	1	0.24397	0.35156	1	0.23552	0.54489	1	0.23974	0.44822	1	0.46872	0.54122	10.62554	1.05115	1	0.73242	0.56576	12.83876	1.05880	1	-0.00672	-0.01081	0.68946	0.00252	1	0.06005	-0.01489	0.66408	0.00363	1	1.45898	0.81042	0	
1248641	8422.00781	3305019670648	0.24717	0.47368	8421.98047	0.02734	11265	1	0.24140	0.34540	1	0.23412	0.54025	1	0.23776	0.44282	1	0.46852	0.54132	10.39718	1.05880	1	0.73216	0.56620	12.43949	1.06646	1	-0.00672	-0.01081	0.68946	0.00246	1	0.06005	-0.01489	0.66408	0.00365	1	1.45898	0.81042	0	
1248642	8422.01465	3305019737603	0.24457	0.47256	8421.98047	0.03418	11265	1	0.22822	0.40091	1	0.23496	0.53301	1	0.23159	0.46696	1	0.46856	0.54136	10.71742	1.06646	1	0.73242	0.56567	12.64443	1.06646	1	-0.00672	-0.01081	0.68946	0.00244	1	0.06005	-0.01489	0.66408	0.00359	1	1.45898	0.81042	0	
1248643	8422.02051	3305019804491	0.24434	0.47060	8421.98047	0.04004	11265	1	0.24594	0.39910	1	0.24003	0.51857	1	0.24299	0.45883	1	0.46852	0.54142	10.09772	1.06646	1	0.73211	0.56560	12.17543	1.06646	1	-0.00672	-0.01081	0.68946	0.00247	1	0.06005	-0.01489	0.66408	0.00353	1	1.45898	0.81042	0	
1248644	8422.02734	3305019869926	0.24417	0.46913	8421.98047	0.04688	11265	1	0.24594	0.39910	1	0.24003	0.51857	1	0.24299	0.45883	1	0.46849	0.54148	10.33560	1.06646	1	0.73207	0.56540	12.00218	1.06646	1	-0.00672	-0.01081	0.68946	0.00241	1	0.06005	-0.01489	0.66408	0.00384	1	1.45898	0.81042	0	
1248645	8422.03418	3305019938799	0.24443	0.46449	8421.98047	0.05371	11265	1	0.24476	0.41260	1	0.24814	0.44213	1	0.24645	0.42736	1	0.46857	0.54148	10.08787	1.06646	1	0.73210	0.56493	12.38365	1.06646	1	-0.00672	-0.01081	0.68946	0.00238	1	0.06005	-0.01489	0.66408	0.00382	1	1.45898	0.81042	0	
1248646	8422.04102	3305020003610	0.24439	0.46358	8421.98047	0.06055	11265	1	0.24489	0.36530	1	0.24317	0.54559	1	0.24403	0.45545	1	0.46848	0.54144	10.33920	1.06646	1	0.73220	0.56586	12.07534	1.06646	1	-0.00672	-0.01081	0.68946	0.00238	1	0.06005	-0.01489	0.66408	0.00356	1	1.45898	0.81042	0	
1248647	8422.04785	3305020072909	0.24435	0.46285	8421.98047	0.06738	11265	1	0.24489	0.36530	1	0.24317	0.54559	1	0.24403	0.45545	1	0.46839	0.54154	10.29626	1.06646	1	0.73220	0.56576	12.39598	1.06646	1	-0.00672	-0.01081	0.68946	0.00249	1	0.06005	-0.01489	0.66408	0.00348	1	1.45898	0.81042	0	
1248648	8422.05469	3305020140609	0.24509	0.46238	8421.98047	0.07422	11265	1	0.22955	0.37400	1	0.27678	0.54055	1	0.25317	0.45728	1	0.46838	0.54155	10.33139	1.06646	1	0.73225	0.56568	12.46512	1.06646	1	-0.00672	-0.01081	0.68946	0.00246	1	0.06005	-0.01489	0.66408	0.00350	1	1.45898	0.81042	0	
1248649	8422.06152	3305020207332	0.24586	0.46027	8421.98047	0.08105	11265	1	0.25870	0.34731	1	0.25146	0.52254	1	0.25508	0.43493	1	0.46869	0.54133	9.91287	1.06646	1	0.73229	0.56564	12.15442	1.06646	1	-0.00672	-0.01081	0.68946	0.00258	1	0.06005	-0.01489	0.66408	0.00350	1	1.45898	0.81042	0	
1248650	8422.06738	3305020273255	0.24652	0.45846	8421.98047	0.08691	11265	1	0.25870	0.34731	1	0.25146	0.52254	1	0.25508	0.43493	1	0.46844	0.54157	10.09376	1.06646	1	0.73225	0.56564	12.40466	1.06646	1	-0.00672	-0.01081	0.68946	0.00230	1	0.06005	-0.01489	0.66408	0.00355	1	1.45898	0.81042	0	
1248651	8422.07422	3305020340445	0.24603	0.45900	8421.98047	0.09375	11265	1	0.23463	0.36357	1	0.24377	0.56967	1	0.23920	0.46662	1	0.46827	0.54148	10.37378	1.06646	1	0.73216	0.56589	12.58508	1.06646	1	-0.00672	-0.01081	0.68946	0.00238	1	0.06005	-0.01489	0.66408	0.00352	1	1.45898	0.81042	0	
1248652	8422.08105	3305020407240	0.24736	0.45814	8421.98047	0.10059	11265	1	0.25017	0.36239	1	0.28459	0.52795	1	0.26738	0.44517	1	0.46855	0.54144	10.06723	1.06646	1	0.73233	0.56568	12.33603	1.06646	1	-0.00672	-0.01081	0.68946	0.00238	1	0.06005	-0.01489	0.66408	0.00350	1	1.45898	0.81042	0	
1248653	8422.08789	3305020474260	0.24865	0.45771	8421.98047	0.10742	11265	1	0.25279	0.36866	1	0.28568	0.53292	1	0.26923	0.45079	1	0.46843	0.54148	10.23875	1.05845	1	0.73219	0.56573	12.47583	1.05845	1	-0.00648	-0.01034	0.65949	0.00251	1	0.06005	-0.01489	0.66408	0.00349	1	1.45898	0.81042	0	
1248654	8422.09473	3305020538872	0.24926	0.45668	8421.98047	0.11426	11265	1	0.23982	0.31528	1	0.27954	0.56335	1	0.25968	0.43931	1	0.46829	0.54131	10.41908	1.05043	1	0.73230	0.56579	12.38643	1.05043	1	-0.00648	-0.01034	0.65949	0.00248	1	0.06005	-0.01489	0.66408	0.00353	1	1.45898	0.81042	0	
1248655	8422.10156	3305020607636	0.24980	0.45438	8421.98047	0.12109	11265	1	0.24636	0.34220	1	0.27269	0.48375	1	0.25952	0.41298	1	0.46834	0.54153	10.11731	1.04241	1	0.73206	0.56558	12.56721	1.04241	1	-0.00648	-0.01034	0.65949	0.00247	1	0.06005	-0.01489	0.66408	0.00376	1	1.45898	0.81042	0	
1248656	8422.10840	3305020675355	0.25039	0.45261	8421.98047	0.12793	11265	1	0.24906	0.34878	1	0.27390	0.48916	1	0.26148	0.41897	1	0.46831	0.54159	10.21677	1.03440	1	0.73206	0.56604	12.81445	1.03440	1	-0.00648	-0.01034	0.65949	0.00245	1	0.06005	-0.01489	0.66408	0.00356	1	1.45898	0.81042	0	
1248657	8422.11426	3305020742304	0.25088	0.45197	8421.98047	0.13379	11265	1	0.24261	0.39820	1	0.27892	0.48001	1	0.26076	0.43910	1	0.46822	0.54157	10.15433	1.03440	1	0.73216	0.56591	12.64622	1.03440	1	-0.00648	-0.01034	0.65949	0.00243	1	0.06005	-0.01489	0.66408	0.00356	1	1.45898	0.81042	0	
1248658	8422.12109	3305020808305	0.25130	0.45243	8421.98047	0.14062	11265	1	0.24261	0.39820	1	0.27773	0.52581	1	0.26017	0.46200	1	0.46822	0.54157	10.15433	1.03440	1	0.73216	0.56583	12.54330	1.03440	1	-0.00648	-0.01034	0.65949	0.00243	1	0.06005	-0.01489	0.66408	0.00362	1	1.45898	0.81042	0	
1248659	8422.12793	3305020876447	0.25160	0.45260	8421.98047	0.14746	11265	1	0.23984	0.39201	1	0.27655	0.52068	1	0.25820	0.45635	1	0.46822	0.54157	10.15433	1.04241	1	0.73214	0.56583	12.57030	1.04241	1	-0.00667	-0.01077	0.68390	0.00243	1	0.06005	-0.01489	0.66408	0.00363	1	1.45898	0.81042	0	
1248660	8422.13477	3305020943741	0.25168	0.45030	8421.98047	0.15430	11265	1	0.22982	0.32934	1	0.27727	0.46584	1	0.25355	0.39759	1	0.46815	0.54150	10.45209	1.05043	1	0.73216	0.56569	12.21589	1.05043	1	-0.00667	-0.01077	0.68390	0.00240	1	0.06005	-0.01489	0.66408	0.00365	1	1.45898	0.81042	0	
1248661	8422.14160	3305021010122	0.25169	0.44877	8421.98047	0.16113	11265	1	0.23678	0.33985	1	0.26703	0.48405	1	0.25190	0.41195	1	0.46834	0.54162	10.47822	1.05845	1	0.73236	0.56600	12.37583	1.05845	1	-0.00667	-0.01077	0.68390	0.00231	1	0.06005	-0.01489	0.66408	0.00360	1	1.45898	0.81042	0	
1248662	8422.14844	3305021077378	0.25162	0.44713	8421.98047	0.16797	11265	1	0.23406	0.33335	1	0.26579	0.47873	1	0.24993	0.40604	1	0.46840	0.54159	10.03142	1.06646	1	0.73218	0.56582	12.37163	1.06646	1	-0.00672	-0.01081	0.68946	0.00236	1	0.06005	-0.01494	0.66408	0.00372	1	1.45898	0.81042	0	
1248663	8422.15527	3305021144597	0.25138	0.44561	8421.98047	0.17480	11265	1	0.22144	0.32644	1	0.26874	0.48610	1	0.24509	0.40627	1	0.46824	0.54160	10.05444	1.06646	1	0.73214	0.56602	12.44133	1.06646	1	-0.00672	-0.01081	0.68946	0.00245	1	0.06005	-0.01494	0.66408	0.00370	1	1.45898	0.81042	0	
1248664	8422.16113	3305021207644	0.25114	0.44359	8421.98047	0.18066	11265	1	0.22840	0.33012	1	0.26063	0.44760	1	0.24451	0.38886	1	0.46824	0.54165	10.36364	1.06646	1	0.73234	0.56577	12.46335	1.06646	1	-0.00672	-0.01081	0.68946	0.00240	1	0.06005	-0.01494	0.66408	0.00370	1	1.45898	0.81042	0	
1248665	8422.16797	3305021275239	0.25091	0.44170	8421.98047	0.18750	11265	1	0.22840	0.33012	1	0.26063	0.44760	1	0.24451	0.38886	1	0.46816	0.54162	9.91554	1.06646	1	0.73228	0.56613	12.57480	1.06646	1	-0.00667	-0.01077	0.68390	0.00242	1	0.06005	-0.01494	0.66408	0.00358	1	1.45898	0.81042	0	
1248666	8422.17480	3305021341439	0.25068	0.44071	8421.98047	0.19434	11265	1	0.23570	0.33509	1	0.25232	0.48922	1	0.24401	0.41215	1	0.46822	0.54166	9.93098	1.06646	1	0.73214	0.56613	12.41854	1.06646	1	-0.00667	-0.01077	0.68390	0.00247	1	0.06005	-0.01494	0.66408	0.00381	1	1.45898	0.81042	0	
1248667	8422.18164	3305021409679	0.25081	0.43994	8421.98047	0.20117	11265	1	0.23055	0.33722	1	0.27896	0.49624	1	0.25476	0.41673	1	0.46817	0.54160	9.96369	1.06646	1	0.73227	0.56618	12.60672	1.06646	1	-0.00667	-0.01077	0.68390	0.00240	1	0.06005	-0.01494	0.66408	0.00354	1	1.45898	0.81042	0	
1248668	8422.18848	3305021476927	0.25093	0.43922	8421.98047	0.20801	11265	1	0.23055	0.33722	1	0.27896	0.49624	1	0.25476	0.41673	1	0.46840	0.54168	9.82347	1.06646	1	0.73235	0.56607	12.33874	1.06646	1	-0.00667	-0.01077	0.68390	0.00238	1	0.06005	-0.01494	0.66408	0.00355	1	1.45898	0.81042	0	
1248669	8422.19531	3305021544028	0.25135	0.43831	8421.98047	0.21484	11265	1	0.24361	0.33295	1	0.28593	0.48571	1	0.26477	0.40933	1	0.46840	0.54168	9.81399	1.06646	1	0.73232	0.56605	12.39534	1.06646	1	-0.00667	-0.01077	0.68390	0.00239	1	0.06005	-0.01494	0.66408	0.00356	1	1.45898	0.81042	0	
1248670	8422.20215	3305021613866	0.25066	0.41275	8421.98047	0.21484	11265	0	0.24361	0.33295	1	0.24016	0.55132	1	0.24189	0.44213	1	0.46840	0.54168	9.81399	1.06646	1	0.73215	0.56681	12.99840	1.06646	1	-0.00667	-0.01077	0.68390	0.00239	1	0.06005	-0.01494	0.66408	0.00361	1	1.45898	0.81042	0	
1248671	8422.20801	3305021677853	0.24627	0.42744	8421.98047	0.21484	11265	0	0.24361	0.33295	1	0.24016	0.55132	1	0.24189	0.44213	1	0.46834	0.54166	9.78712	1.06646	1	0.73226	0.56622	12.50168	1.06646	1	-0.00672	-0.01081	0.68946	0.00247	1	0.06005	-0.01494	0.66408	0.00355	1	1.45898	0.81042	0	
1248672	8422.21484	3305021743885	0.24825	0.42137	8421.98047	0.21484	11265	0	0.22144	0.32644	1	0.28297	0.49199	1	0.25220	0.40921	1	0.46824	0.54160	10.05444	1.06646	1	0.73231	0.56615	12.26281	1.06646	1	-0.00672	-0.01081	0.68946	0.00244	1	0.06005	-0.01494	0.66408	0.00355	1	1.45898	0.81042	0	
1248673	8422.22168	3305021810483	0.24771	0.42005	8422.20215	0.01953	11266	1	0.22977	0.34243	1	0.26243	0.48982	1	0.24610	0.41612	1	0.46824	0.54172	10.16189	1.06646	1	0.73233	0.56621	12.56111	1.06646	1	-0.00672	-0.01081	0.68946	0.00243	1	0.06005	-0.01494	0.66408	0.00354	1	1.45898	0.81042	0	
1248674	8422.22852	3305021876795	0.24739	0.41927	8422.20215	0.02637	11266	1	0.22977	0.34243	1	0.26243	0.48982	1	0.24610	0.41612	1	0.46822	0.54166	9.93098	1.06646	1	0.73215	0.56581	12.42982	1.06646	1	-0.00667	-0.01077	0.68390	0.00247	1	0.06005	-0.01489	0.66408	0.00378	1	1.45898	0.81042	0	
1248675	8422.23535	3305021947738	0.24943	0.41753	8422.20215	0.03320	11266	1	0.23570	0.33509	1	0.28358	0.48259	1	0.25964	0.40884	1	0.46822	0.54166	9.93098	1.06646	1	0.73229	0.56609	12.56916	1.06646	1	-0.00667	-0.01077	0.68390	0.00247	1	0.06005	-0.01489	0.66408	0.00356	1	1.45898	0.81042	0	
1248676	8422.24219	3305022015002	0.24881	0.41323	8422.20215	0.04004	11266	1	0.22185	0.32792	1	0.26838	0.44696	1	0.24511	0.38744	1	0.46812	0.54164	10.22785	1.06646	1	0.73208	0.56569	12.44006	1.06646	1	-0.00667	-0.01077	0.68390	0.00233	1	0.06005	-0.01489	0.66408	0.00370	1	1.45898	0.81042	0	
1248677	8422.24902	3305022081966	0.24860	0.41076	8422.20215	0.04688	11266	1	0.22464	0.33446	1	0.26959	0.45251	1	0.24711	0.39349	1	0.46812	0.54160	10.29797	1.05845	1	0.73243	0.56598	12.27803	1.05845	1	-0.00658	-0.01056	0.67020	0.00231	1	0.06005	-0.01489	0.66408	0.00365	1	1.45898	0.81042	0	
1248678	8422.25488	3305022148735	0.24975	0.41101	8422.20215	0.05273	11266	1	0.23081	0.34890	1	0.28703	0.47700	1	0.25892	0.41295	1	0.46817	0.54162	10.09345	1.05043	1	0.73233	0.56586	12.28677	1.05043	1	-0.00658	-0.01056	0.67020	0.00224	1	0.06005	-0.01489	0.66408	0.00361	1	1.45898	0.81042	0	
1248679	8422.26172	3305022215028	0.25083	0.41444	8422.20215	0.05957	11266	1	0.24109	0.35494	1	0.28007	0.53577	1	0.26058	0.44536	1	0.46810	0.54168	9.89889	1.04241	1	0.73222	0.56600	12.39113	1.04241	1	-0.00658	-0.01056	0.67020	0.00238	1	0.06005	-0.01489	0.66408	0.00360	1	1.45898	0.81042	0	
1248680	8422.26855	3305022279422	0.25189	0.41777	8422.20215	0.06641	11266	1	0.24383	0.36142	1	0.28123	0.54080	1	0.26253	0.45111	1	0.46812	0.54170	9.74804	1.03440	1	0.73242	0.56586	11.95681	1.03440	1	-0.00648	-0.01034	0.65949	0.00244	1	0.06084	-0.01511	0.67395	0.00371	1	1.45898	0.81042	0	
1248681	8422.27539	3305022347352	0.25337	0.41924	8422.20215	0.07324	11266	1	0.24383	0.36142	1	0.29539	0.50919	1	0.26961	0.43530	1	0.46810	0.54168	9.89889	1.03440	1	0.73239	0.56615	12.00812	1.03440	1	-0.00648	-0.01034	0.65949	0.00238	1	0.06084	-0.01511	0.67395	0.00363	1	1.45898	0.81042	0	
1248682	8422.28223	3305022412604	0.25431	0.42127	8422.20215	0.08008	11266	1	0.23543	0.37317	1	0.29568	0.51823	1	0.26556	0.44570	1	0.46814	0.54171	10.53594	1.03440	1	0.73242	0.56577	11.80436	1.03440	1	-0.00648	-0.01034	0.65949	0.00229	1	0.06084	-0.01511	0.67395	0.00373	1	1.45898	0.81042	0	
1248683	8422.28809	3305022478915	0.25523	0.42338	8422.20215	0.08594	11266	1	0.23793	0.37884	1	0.29661	0.52286	1	0.26727	0.45085	1	0.46816	0.54169	10.56975	1.02727	1	0.73235	0.56589	11.84512	1.02727	1	-0.00640	-0.01018	0.64632	0.00229	1	0.06084	-0.01511	0.67395	0.00360	1	1.45898	0.81042	0	
1248684	8422.29590	3305022551978	0.25581	0.42498	8422.20215	0.09375	11266	1	0.24452	0.37409	1	0.28330	0.52059	1	0.26391	0.44734	1	0.46819	0.54161	10.11132	1.02015	1	0.73228	0.56618	11.94215	1.02015	1	-0.00640	-0.01018	0.64632	0.00229	1	0.06084	-0.01511	0.67395	0.00354	1	1.45898	0.81042	0	
1248685	8422.30176	3305022613413	0.25672	0.42674	8422.20215	0.09961	11266	1	0.25079	0.37897	1	0.28997	0.52735	1	0.27038	0.45316	1	0.46811	0.54158	10.11969	1.01302	1	0.73231	0.56598	12.10515	1.01302	1	-0.00640	-0.01018	0.64632	0.00235	1	0.06084	-0.01511	0.67395	0.00357	1	1.45898	0.81042	0	
1248686	8422.30859	3305022682310	0.25744	0.42810	8422.20215	0.10645	11266	1	0.24804	0.37250	1	0.28992	0.52711	1	0.26898	0.44981	1	0.46810	0.54167	10.39437	1.02104	1	0.73233	0.56597	12.02361	1.01338	1	-0.00667	-0.01077	0.68390	0.00228	1	0.06020	-0.01494	0.66624	0.00358	1	1.45898	0.81042	0	
1248687	8422.31543	3305022751949	0.25781	0.42817	8422.20215	0.11328	11266	1	0.23917	0.36810	1	0.28896	0.49050	1	0.26406	0.42930	1	0.46817	0.54166	9.59743	1.02852	1	0.73230	0.56572	12.32565	1.02086	1	-0.00667	-0.01077	0.68390	0.00228	1	0.06020	-0.01494	0.66624	0.00369	1	1.45898	0.81042	0	
1248688	8422.32227	3305022816418	0.25772	0.42849	8422.20215	0.12012	11266	1	0.22088	0.35905	1	0.29120	0.50978	1	0.25604	0.43442	1	0.46800	0.54160	9.83216	1.03600	1	0.73241	0.56599	12.30386	1.02834	1	-0.00667	-0.01077	0.68390	0.00231	1	0.06020	-0.01494	0.66624	0.00351	1	1.45898	0.81042	0	
1248689	8422.32910	3305022885753	0.25752	0.42839	8422.20215	0.12695	11266	1	0.21819	0.35299	1	0.28915	0.49978	1	0.25367	0.42638	1	0.46829	0.54164	9.81272	1.04349	1	0.73217	0.56550	11.91290	1.04349	1	-0.00667	-0.01077	0.68390	0.00223	1	0.06005	-0.01489	0.66408	0.00373	1	1.45898	0.81042	0	
1248690	8422.33594	3305022952896	0.25803	0.42755	8422.20215	0.13379	11266	1	0.25069	0.35090	1	0.28609	0.47058	1	0.26839	0.41074	1	0.46848	0.54158	9.83716	1.04349	1	0.73234	0.56593	12.20912	1.05115	1	-0.00667	-0.01077	0.68390	0.00231	1	0.06005	-0.01489	0.66408	0.00362	1	1.45898	0.81042	0	
1248691	8422.34277	3305023018842	0.25743	0.42730	8422.20215	0.14062	11266	1	0.23476	0.34537	1	0.25485	0.49891	1	0.24480	0.42214	1	0.46829	0.54172	9.79573	1.05115	1	0.73227	0.56629	12.41211	1.05881	1	-0.00667	-0.01077	0.68390	0.00229	1	0.06005	-0.01489	0.66408	0.00367	1	1.45898	0.81042	0	
1248692	8422.34961	3305023086851	0.25680	0.42684	8422.20215	0.14746	11266	1	0.23214	0.33916	1	0.25358	0.49393	1	0.24286	0.41655	1	0.46843	0.54178	9.87449	1.05881	1	0.73233	0.56591	11.91855	1.06646	1	-0.00667	-0.01077	0.68390	0.00239	1	0.06005	-0.01489	0.66408	0.00380	1	1.45898	0.81042	0	
1248693	8422.35547	3305023153698	0.25588	0.42621	8422.20215	0.15332	11266	1	0.23111	0.33611	1	0.23858	0.48777	1	0.23484	0.41194	1	0.46861	0.54179	9.87811	1.06646	1	0.73234	0.56627	12.30866	1.06646	1	-0.00667	-0.01077	0.68390	0.00228	1	0.06005	-0.01489	0.66408	0.00364	1	1.45898	0.81042	0	
1248694	8422.36230	3305023221398	0.25545	0.42602	8422.20215	0.16016	11266	1	0.23133	0.33587	1	0.25886	0.50664	1	0.24510	0.42125	1	0.46861	0.54164	10.11325	1.06646	1	0.73271	0.56634	11.65498	1.06646	1	-0.00667	-0.01077	0.68390	0.00223	1	0.06005	-0.01489	0.66408	0.00360	1	1.45898	0.81042	0	
1248695	8422.36914	3305023286873	0.25505	0.42583	8422.20215	0.16699	11266	1	0.23133	0.33587	1	0.25886	0.50664	1	0.24510	0.42125	1	0.46860	0.54159	9.85314	1.06646	1	0.73251	0.56650	11.79692	1.06646	1	-0.00667	-0.01077	0.68390	0.00226	1	0.06005	-0.01489	0.66408	0.00363	1	1.45898	0.81042	0	
1248696	8422.37598	3305023354384	0.25448	0.42571	8422.20215	0.17383	11266	1	0.23376	0.31987	1	0.24530	0.52500	1	0.23953	0.42243	1	0.46868	0.54151	9.99622	1.06646	1	0.73257	0.56651	11.84085	1.06646	1	-0.00667	-0.01077	0.68390	0.00218	1	0.06005	-0.01489	0.66408	0.00362	1	1.45898	0.81042	0	
1248697	8422.38281	3305023422199	0.25401	0.42571	8422.20215	0.18066	11266	1	0.22713	0.33588	1	0.25564	0.51575	1	0.24139	0.42582	1	0.46855	0.54170	10.07323	1.06646	1	0.73262	0.56640	11.76580	1.06646	1	-0.00667	-0.01077	0.68390	0.00228	1	0.06005	-0.01489	0.66408	0.00362	1	1.45898	0.81042	0	
1248698	8422.38965	3305023489496	0.25360	0.42580	8422.20215	0.18750	11266	1	0.22713	0.33588	1	0.25689	0.52057	1	0.24201	0.42823	1	0.46864	0.54163	9.53758	1.06646	1	0.73261	0.56600	11.57367	1.05881	1	-0.00672	-0.01081	0.68946	0.00230	1	0.05993	-0.01485	0.66222	0.00356	1	1.45898	0.81042	0	
1248699	8422.39551	3305023555108	0.25307	0.42574	8422.20215	0.19336	11266	1	0.23279	0.32686	1	0.24255	0.52104	1	0.23767	0.42395	1	0.46870	0.54155	9.50907	1.05881	1	0.73247	0.56650	11.98078	1.05115	1	-0.00672	-0.01081	0.68946	0.00234	1	0.05993	-0.01485	0.66222	0.00360	1	1.45898	0.81042	0	
1248700	8422.40234	3305023622460	0.25302	0.42622	8422.20215	0.20020	11266	1	0.23688	0.35355	1	0.26630	0.52820	1	0.25159	0.44087	1	0.46861	0.54163	9.59353	1.05115	1	0.73274	0.56647	11.71921	1.04349	1	-0.00672	-0.01081	0.68946	0.00224	1	0.05993	-0.01485	0.66222	0.00356	1	1.45898	0.81042	0	
1248701	8422.40918	3305023689159	0.25303	0.42685	8422.20215	0.20703	11266	1	0.23950	0.35969	1	0.26750	0.53304	1	0.25350	0.44637	1	0.46868	0.54159	9.46230	1.04349	1	0.73269	0.56656	11.72336	1.03583	1	-0.00672	-0.01081	0.68946	0.00225	1	0.05993	-0.01485	0.66222	0.00360	1	1.45898	0.81042	0	
1248702	8422.41602	3305023756195	0.25300	0.42795	8422.20215	0.21387	11266	1	0.24388	0.38764	1	0.25982	0.53851	1	0.25185	0.46308	1	0.46866	0.54153	9.62328	1.03583	1	0.73262	0.56670	12.18898	1.03583	1	-0.00672	-0.01081	0.68946	0.00224	1	0.05993	-0.01485	0.66222	0.00356	1	1.45898	0.81042	0	
1248703	8422.42285	3305023823462	0.25330	0.42898	8422.20215	0.22070	11266	1	0.24032	0.35411	1	0.28586	0.57154	1	0.26309	0.46283	1	0.46871	0.54166	9.86695	1.03583	1	0.73315	0.56654	12.64023	1.03583	1	-0.00672	-0.01081	0.68946	0.00221	1	0.05993	-0.01485	0.66222	0.00346	1	1.45898	0.81042	0	
1248704	8422.42969	3305023888019	0.25363	0.43011	8422.20215	0.22754	11266	1	0.24308	0.36063	1	0.28699	0.57633	1	0.26503	0.46848	1	0.46894	0.54165	9.70006	1.02781	1	0.73311	0.56620	11.95265	1.02781	1	-0.00639	-0.01036	0.66093	0.00226	1	0.05993	-0.01485	0.66222	0.00366	1	1.45898	0.81042	0	
1248705	8422.43652	3305023957449	0.25383	0.43099	8422.20215	0.23438	11266	1	0.22476	0.36816	1	0.29705	0.55567	1	0.26090	0.46191	1	0.46870	0.54155	9.67817	1.01979	1	0.73329	0.56648	12.30875	1.01979	1	-0.00639	-0.01036	0.66093	0.00229	1	0.05993	-0.01485	0.66222	0.00346	1	1.45898	0.81042	0	
1248706	8422.44336	3305024025055	0.25402	0.43162	8422.20215	0.24121	11266	1	0.23038	0.37810	1	0.29130	0.53063	1	0.26084	0.45436	1	0.46880	0.54173	9.40054	1.01178	1	0.73317	0.56627	12.00325	1.01178	1	-0.00639	-0.01036	0.66093	0.00234	1	0.05993	-0.01485	0.66222	0.00361	1	1.45898	0.81042	0	
1248707	8422.44922	3305024087900	0.25427	0.43237	8422.20215	0.24707	11266	1	0.23587	0.39035	1	0.29113	0.52985	1	0.26350	0.46010	1	0.46868	0.54161	9.75759	0.99663	1	0.73334	0.56651	12.33428	1.01297	1	-0.00615	-0.01009	0.64042	0.00225	1	0.06382	-0.01579	0.70398	0.00344	1	1.45898	0.81042	0	
1248708	8422.45605	3305024158677	0.25448	0.43342	8422.20215	0.25391	11266	1	0.23085	0.39142	1	0.29400	0.55545	1	0.26242	0.47344	1	0.46864	0.54170	9.62862	1.00585	1	0.73322	0.56652	11.81674	1.02219	1	-0.00615	-0.01009	0.64042	0.00229	1	0.06382	-0.01579	0.70398	0.00351	1	1.45898	0.81042	0	
1248709	8422.46289	3305024225226	0.25466	0.43394	8422.20215	0.26074	11266	1	0.22718	0.36820	1	0.29630	0.54010	1	0.26174	0.45415	1	0.46876	0.54160	9.55288	1.01506	1	0.73326	0.56642	11.77733	1.03140	1	-0.00615	-0.01009	0.64042	0.00240	1	0.06382	-0.01579	0.70398	0.00353	1	1.45898	0.81042	0	
1248710	8422.46973	3305024292426	0.25479	0.43434	8422.20215	0.26758	11266	1	0.22384	0.36067	1	0.29623	0.53976	1	0.26004	0.45021	1	0.46896	0.54155	10.00387	1.02428	1	0.73314	0.56641	12.11264	1.03194	1	-0.00615	-0.01009	0.64042	0.00224	1	0.06116	-0.01512	0.67413	0.00349	1	1.45898	0.81042	0	
1248711	8422.47656	3305024356652	0.25492	0.43489	8422.20215	0.27441	11266	1	0.23659	0.35692	1	0.28330	0.55794	1	0.25995	0.45743	1	0.46910	0.54159	9.78867	1.03194	1	0.73303	0.56661	12.34197	1.02325	1	-0.00615	-0.01009	0.64042	0.00220	1	0.06116	-0.01512	0.67413	0.00348	1	1.45898	0.81042	0	
1248712	8422.48242	3305024422944	0.25502	0.43524	8422.20215	0.28027	11266	1	0.25116	0.36806	1	0.26750	0.53161	1	0.25933	0.44983	1	0.46907	0.54164	9.81272	1.02325	1	0.73312	0.56622	12.14182	1.01457	1	-0.00615	-0.01009	0.64042	0.00223	1	0.06116	-0.01512	0.67413	0.00354	1	1.45898	0.81042	0	
1248713	8422.48926	3305024488514	0.25508	0.43546	8422.20215	0.28711	11266	1	0.24896	0.36283	1	0.26646	0.52743	1	0.25771	0.44513	1	0.46917	0.54149	9.27119	1.02972	1	0.73347	0.56658	11.88641	1.02104	1	-0.00644	-0.01073	0.68135	0.00228	1	0.06116	-0.01512	0.67413	0.00349	1	1.45898	0.81042	0	
1248714	8422.49609	3305024557475	0.25523	0.43591	8422.20215	0.29395	11266	1	0.24448	0.35851	1	0.27927	0.55326	1	0.26187	0.45588	1	0.46914	0.54153	9.32024	1.03618	1	0.73340	0.56661	11.79207	1.03618	1	-0.00644	-0.01073	0.68135	0.00230	1	0.06116	-0.01512	0.67413	0.00353	1	1.45898	0.81042	0	
1248715	8422.50293	3305024627920	0.25507	0.43619	8422.20215	0.30078	11266	1	0.23874	0.36416	1	0.25735	0.53293	1	0.24805	0.44855	1	0.46911	0.54178	9.91764	1.05132	1	0.73340	0.56645	11.69575	1.05132	1	-0.00644	-0.01073	0.68135	0.00221	1	0.06116	-0.01512	0.67413	0.00360	1	1.45898	0.81042	0	
1248716	8422.50977	3305024692425	0.25484	0.43622	8422.20215	0.30762	11266	1	0.23359	0.35216	1	0.25487	0.52351	1	0.24423	0.43784	1	0.46940	0.54168	10.05429	1.06646	1	0.73340	0.56640	11.76580	1.06646	1	-0.00652	-0.01082	0.68998	0.00222	1	0.06116	-0.01512	0.67413	0.00362	1	1.45898	0.81042	0	
1248717	8422.51660	3305024761076	0.25446	0.43647	8422.20215	0.31445	11266	1	0.21936	0.37226	1	0.25348	0.52391	1	0.23642	0.44809	1	0.46925	0.54147	9.74084	1.06646	1	0.73341	0.56652	11.84953	1.06646	1	-0.00652	-0.01082	0.68998	0.00235	1	0.06116	-0.01512	0.67413	0.00356	1	1.45898	0.81042	0	
1248718	8422.52344	3305024828100	0.25399	0.43733	8422.20215	0.32129	11266	1	0.22297	0.39055	1	0.23369	0.51750	1	0.22833	0.45402	1	0.46919	0.54141	9.75333	1.06646	1	0.73317	0.56649	12.29472	1.06646	1	-0.00652	-0.01082	0.68998	0.00228	1	0.06116	-0.01512	0.67413	0.00357	1	1.45898	0.81042	0	AUDIO_FILE_OFFSET
1248719	8422.53027	3305024894939	0.25373	0.43763	8422.20215	0.32812	11266	1	0.22297	0.39055	1	0.23510	0.52230	1	0.22903	0.45642	1	0.46944	0.54162	10.11016	1.06646	1	0.73459	0.56685	13.09828	1.05881	1	-0.00652	-0.01082	0.68998	0.00217	1	0.05938	-0.01471	0.65398	0.00369	1	1.45898	0.81042	0	
1248720	8422.53711	3305024962309	0.25385	0.43881	8422.20215	0.33496	11266	1	0.22243	0.40226	1	0.29420	0.52990	1	0.25831	0.46608	1	0.46963	0.54137	9.71224	1.05881	1	0.73409	0.56645	12.35339	1.05115	1	-0.00652	-0.01082	0.68998	0.00227	1	0.05938	-0.01471	0.65398	0.00353	1	1.45898	0.81042	0	
1248721	8422.54395	3305025030087	0.25421	0.44032	8422.20215	0.34180	11266	1	0.22350	0.42596	1	0.30324	0.55068	1	0.26337	0.48832	1	0.46959	0.54150	9.93425	1.05115	1	0.73432	0.56650	12.51069	1.04349	1	-0.00652	-0.01082	0.68998	0.00224	1	0.05938	-0.01471	0.65398	0.00349	1	1.45898	0.81042	0	
1248722	8422.54980	3305025095172	0.25465	0.44204	8422.20215	0.34766	11266	1	0.22910	0.43744	1	0.30517	0.56030	1	0.26713	0.49887	1	0.46960	0.54128	9.53085	1.03547	1	0.73404	0.56653	12.63834	1.02781	1	-0.00621	-0.01039	0.66299	0.00222	1	0.05995	-0.01481	0.66023	0.00341	1	1.45898	0.81042	0	
1248723	8422.55664	3305025159944	0.25474	0.44384	8422.20215	0.35449	11266	1	0.24233	0.42537	1	0.28521	0.56473	1	0.26377	0.49505	1	0.46976	0.54135	9.38678	1.01979	1	0.73391	0.56664	12.24341	1.01979	1	-0.00621	-0.01039	0.66299	0.00221	1	0.05995	-0.01481	0.66023	0.00345	1	1.45898	0.81042	0	
1248875	8423.57422	3305035340288	0.48340	0.60165	8423.41406	0.16016	11271	1	0.55419	0.56931	1	0.52895	0.59618	1	0.54157	0.58274	1	0.47353	0.54047	10.61028	1.05881	1	0.73784	0.56530	10.82490	1.06646	1	-0.00584	-0.01056	0.68362	0.00205	1	0.06145	-0.01504	0.67062	0.00378	1	1.45898	0.81042	0	START_TRIAL
1248876	8423.58105	3305035404556	0.48041	0.59892	8423.41406	0.16699	11271	1	0.40635	0.55548	1	0.40490	0.50588	1	0.40562	0.53068	1	0.47423	0.54233	10.57888	1.06646	1	0.73741	0.56528	10.91911	1.06646	1	-0.00584	-0.01056	0.68362	0.00348	1	0.06145	-0.01504	0.67062	0.00332	1	1.45898	0.81042	0	
1248877	8423.58887	3305035478993	0.47832	0.59664	8423.41406	0.17480	11271	1	0.45019	0.53259	1	0.39759	0.54217	1	0.42389	0.53738	1	0.47409	0.54215	10.79051	1.06646	1	0.73736	0.56519	11.68081	1.06646	1	-0.00584	-0.01056	0.68362	0.00353	1	0.06145	-0.01504	0.67062	0.00336	1	1.45898	0.81042	0	
1248878	8423.59473	3305035546457	0.47640	0.59470	8423.41406	0.18066	11271	1	0.45153	0.53748	1	0.39786	0.54709	1	0.42470	0.54228	1	0.47306	0.54209	10.78040	1.05845	1	0.73624	0.56457	11.04867	1.05845	1	-0.00592	-0.01004	0.66294	0.00355	1	0.06190	-0.01500	0.67777	0.00360	1	1.45898	0.81042	0	
1248879	8423.60156	3305035612692	0.46883	0.58969	8423.41406	0.18750	11271	1	0.45153	0.53748	0	0.25670	0.44960	1	0.25670	0.44960	1	0.47306	0.54209	10.78040	1.05043	0	0.47326	0.54176	10.99304	1.05043	1	-0.00592	-0.01004	0.66294	0.00355	1	0.06190	-0.01500	0.67777	0.00365	1	1.45898	0.81042	0	
1248880	8423.60840	3305035679148	0.43715	0.56578	8423.41406	0.18750	11271	0	0.45153	0.53748	0	0.25175	0.49791	1	0.25175	0.49791	1	0.47306	0.54209	10.78040	1.04241	0	0.47318	0.54215	10.61860	1.04241	1	-0.00592	-0.01004	0.66294	0.00355	1	0.06190	-0.01500	0.67777	0.00359	1	1.45898	0.81042	0	
1248881	8423.61523	3305035746369	0.34579	0.53702	8423.41406	0.18750	11271	0	0.45153	0.53748	0	0.25442	0.50826	1	0.25442	0.50826	1	0.47306	0.54209	10.78040	1.03440	0	0.47306	0.54235	10.94842	1.02674	1	-0.00592	-0.01004	0.66294	0.00355	1	-0.00592	-0.01004	0.66294	0.00359	1	1.45898	0.81042	0	
1248882	8423.62207	3305035813432	0.31470	0.53109	8423.41406	0.18750	11271	0	0.45153	0.53748	0	0.25252	0.51923	1	0.25252	0.51923	1	0.47306	0.54209	10.78040	1.02674	0	0.47307	0.54226	10.80767	1.01908	1	-0.00592	-0.01004	0.66294	0.00355	1	-0.00592	-0.01004	0.66294	0.00362	1	1.45898	0.81042	0	
1248883	8423.62891	3305035880601	0.25355	0.51776	8423.41406	0.18750	11271	0	0.45153	0.53748	0	0.25370	0.52579	1	0.25370	0.52579	1	0.47306	0.54209	10.78040	1.01908	0	0.47306	0.54235	11.13849	1.01142	1	-0.00592	-0.01004	0.66294	0.00355	1	-0.00592	-0.01004	0.66294	0.00362	1	1.45898	0.81042	0	
1248884	8423.63574	3305035947740	0.25429	0.52428	8423.41406	0.18750	11271	0	0.45153	0.53748	0	0.25503	0.53080	1	0.25503	0.53080	1	0.47306	0.54209	10.78040	1.01142	0	0.47322	0.54158	11.08514	1.00376	1	-0.00592	-0.01004	0.66294	0.00355	1	-0.00592	-0.01004	0.66294	0.00369	1	1.45898	0.81042	0	
1248885	8423.64160	3305036014349	0.25299	0.52196	8423.41406	0.18750	11271	0	0.45153	0.53748	0	0.25039	0.51732	1	0.25039	0.51732	1	0.47306	0.54209	10.78040	1.00376	0	0.47307	0.54208	11.08367	1.00376	1	-0.00592	-0.01004	0.66294	0.00355	1	-0.00592	-0.01004	0.66294	0.00352	1	1.45898	0.81042	0	
1248886	8423.64844	3305036080777	0.25177	0.51655	8423.62891	0.01953	11272	1	0.45153	0.53748	0	0.24810	0.50031	1	0.24810	0.50031	1	0.47306	0.54209	10.78040	1.00376	0	0.47296	0.54184	11.00118	1.00376	1	-0.00592	-0.01004	0.66294	0.00355	1	-0.00592	-0.01004	0.66294	0.00367	1	1.45898	0.81042	0	
1248887	8423.65527	3305036148282	0.25103	0.51330	8423.62891	0.02637	11272	1	0.45153	0.53748	0	0.24810	0.50031	1	0.24810	0.50031	1	0.47306	0.54209	10.78040	1.00376	0	0.47317	0.54162	10.92514	1.00376	1	-0.00592	-0.01004	0.66294	0.00355	1	-0.00592	-0.01004	0.66294	0.00365	1	1.45898	0.81042	0	
1248888	8423.66211	3305036215097	0.25188	0.50717	8423.62891	0.03320	11272	1	0.45153	0.53748	0	0.25608	0.47650	1	0.25608	0.47650	1	0.47306	0.54209	10.78040	1.00376	0	0.47308	0.54161	10.94609	1.00376	1	-0.00592	-0.01004	0.66294	0.00355	1	-0.00592	-0.01004	0.66294	0.00381	1	1.45898	0.81042	0	
1248889	8423.66895	3305036282229	0.25279	0.50167	8423.62891	0.04004	11272	1	0.45153	0.53748	0	0.25830	0.46869	1	0.25830	0.46869	1	0.47306	0.54209	10.78040	1.00376	0	0.47313	0.54158	10.94285	1.00376	1	-0.00592	-0.01004	0.66294	0.00355	1	-0.00592	-0.01004	0.66294	0.00360	1	1.45898	0.81042	0	
1248890	8423.67578	3305036348904	0.25332	0.49686	8423.62891	0.04688	11272	1	0.45153	0.53748	0	0.25700	0.46321	1	0.25700	0.46321	1	0.47306	0.54209	10.78040	1.00376	0	0.47309	0.54184	10.65859	1.01142	1	-0.00592	-0.01004	0.66294	0.00355	1	-0.00617	-0.01038	0.68528	0.00367	1	1.45898	0.81042	0	
1248891	8423.68164	3305036413127	0.26693	0.50338	8423.62891	0.05273	11272	1	0.39849	0.54798	1	0.35316	0.56297	1	0.37582	0.55547	1	0.47300	0.54186	11.05282	1.01142	1	0.73659	0.56503	11.35155	1.01908	1	-0.00592	-0.01004	0.66294	0.00363	1	-0.00617	-0.01038	0.68528	0.00377	1	1.45898	0.81042	0	
1248892	8423.68848	3305036479784	0.27527	0.50341	8423.62891	0.05957	11272	1	0.37194	0.55008	1	0.32869	0.45725	1	0.35031	0.50367	1	0.47267	0.54195	10.92605	1.01908	1	0.73610	0.56465	10.95285	1.02674	1	-0.00592	-0.01004	0.66294	0.00380	1	-0.00617	-0.01038	0.68528	0.00361	1	1.45898	0.81042	0	
1248893	8423.69531	3305036545675	0.28185	0.50248	8423.62891	0.06641	11272	1	0.36811	0.54030	1	0.32712	0.44605	1	0.34761	0.49318	1	0.47209	0.54274	11.27030	1.03476	1	0.73564	0.56459	11.26053	1.04241	1	-0.00634	-0.01050	0.69338	0.00374	1	0.06204	-0.01505	0.68042	0.00351	1	1.45898	0.81042	0	
1248894	8423.70215	3305036616781	0.28815	0.49162	8423.62891	0.07324	11272	1	0.33523	0.32230	1	0.37976	0.42224	1	0.35750	0.37227	1	0.47114	0.53964	10.90952	1.05043	1	0.73546	0.56423	11.05280	1.05043	1	-0.00634	-0.01050	0.69338	0.00220	1	0.06204	-0.01505	0.68042	0.00399	1	1.45898	0.81042	0	
1248895	8423.70898	3305036684567	0.29312	0.48281	8423.62891	0.08008	11272	1	0.33334	0.28178	1	0.37225	0.47229	1	0.35279	0.37704	1	0.47101	0.53957	10.31161	1.05845	1	0.73530	0.56488	11.53871	1.05845	1	-0.00634	-0.01050	0.69338	0.00225	1	0.06204	-0.01505	0.68042	0.00355	1	1.45898	0.81042	0	
1248896	8423.71582	3305036749409	0.29740	0.47544	8423.62891	0.08691	11272	1	0.33334	0.28178	1	0.37268	0.47752	1	0.35301	0.37965	1	0.46872	0.53981	9.75388	1.05845	1	0.73316	0.56523	12.27761	1.05079	1	-0.00642	-0.01016	0.66416	0.00226	1	0.05993	-0.01465	0.66222	0.00364	1	1.45898	0.81042	0	
1248897	8423.72168	3305036815961	0.29398	0.47013	8423.62891	0.09277	11272	1	0.22965	0.32075	1	0.26259	0.47093	1	0.24612	0.39584	1	0.46855	0.53982	10.15531	1.04277	1	0.73270	0.56479	11.83716	1.03511	1	-0.00642	-0.01016	0.66416	0.00229	1	0.05993	-0.01465	0.66222	0.00399	1	1.45898	0.81042	0	
1248898	8423.72852	3305036881635	0.29159	0.46716	8423.62891	0.09961	11272	1	0.24986	0.33016	1	0.26144	0.51496	1	0.25565	0.42256	1	0.46869	0.53982	9.77518	1.02710	1	0.73266	0.56475	11.81140	1.01944	1	-0.00642	-0.01016	0.66416	0.00222	1	0.05993	-0.01465	0.66222	0.00401	1	1.45898	0.81042	0	
1248899	8423.73535	3305036947904	0.30565	0.44470	8423.62891	0.09961	11272	0	0.25245	0.33662	1	0.26270	0.52001	1	0.25758	0.42831	1	0.46861	0.53984	9.81517	1.01944	1	0.73274	0.56479	11.58910	1.01178	1	-0.00667	-0.01046	0.68391	0.00228	1	0.05993	-0.01465	0.66222	0.00366	1	1.45898	0.81042	0	
1248900	8423.74219	3305037016484	0.27493	0.44050	8423.62891	0.09961	11272	0	0.23834	0.33847	1	0.25009	0.53413	1	0.24421	0.43630	1	0.46856	0.53981	9.80417	1.01979	1	0.73243	0.56530	12.26624	1.01979	1	-0.00667	-0.01046	0.68391	0.00230	1	0.05993	-0.01465	0.66222	0.00361	1	1.45898	0.81042	0	
1248901	8423.74902	3305037082338	0.26724	0.43394	8423.62891	0.09961	11272	0	0.23678	0.33376	1	0.26695	0.50791	1	0.25187	0.42084	1	0.46850	0.53981	9.83404	1.02781	1	0.73279	0.56499	11.28385	1.02781	1	-0.00667	-0.01046	0.68391	0.00232	1	0.05993	-0.01465	0.66222	0.00362	1	1.45898	0.81042	0	
1248902	8423.75586	3305037151237	0.26274	0.42853	8423.73535	0.02051	11273	1	0.23399	0.32702	1	0.26446	0.49755	1	0.24923	0.41228	1	0.46842	0.53993	9.87562	1.03583	1	0.73244	0.56506	11.82589	1.04349	1	-0.00667	-0.01046	0.68391	0.00222	1	0.06005	-0.01469	0.66408	0.00372	1	1.45898	0.81042	0	
1248903	8423.76172	3305037216327	0.25506	0.43029	8423.73535	0.02637	11273	1	0.21724	0.33113	1	0.23145	0.54352	1	0.22435	0.43732	1	0.46831	0.53992	10.08213	1.04349	1	0.73228	0.56571	12.51666	1.05115	1	-0.00667	-0.01046	0.68391	0.00219	1	0.06005	-0.01469	0.66408	0.00379	1	1.45898	0.81042	0	
1248904	8423.76953	3305037286984	0.25046	0.43053	8423.73535	0.03418	11273	1	0.22165	0.32362	1	0.23320	0.53989	1	0.22743	0.43176	1	0.46832	0.53993	9.88230	1.05115	1	0.73242	0.56530	12.76196	1.05881	1	-0.00667	-0.01046	0.68391	0.00231	1	0.06005	-0.01469	0.66408	0.00368	1	1.45898	0.81042	0	
1248905	8423.77539	3305037353097	0.24687	0.42992	8423.73535	0.04004	11273	1	0.21896	0.31724	1	0.23178	0.53522	1	0.22537	0.42623	1	0.46829	0.53991	10.16164	1.05881	1	0.73221	0.56523	12.31982	1.06646	1	-0.00667	-0.01046	0.68391	0.00226	1	0.06005	-0.01469	0.66408	0.00364	1	1.45898	0.81042	0	
1248906	8423.78223	3305037421848	0.24405	0.42697	8423.73535	0.04688	11273	1	0.20799	0.30454	1	0.24059	0.50818	1	0.22429	0.40636	1	0.46830	0.53987	10.09082	1.06646	1	0.73243	0.56547	12.12030	1.06646	1	-0.00667	-0.01046	0.68391	0.00226	1	0.06005	-0.01469	0.66408	0.00363	1	1.45898	0.81042	0	
1248907	8423.78906	3305037487841	0.24105	0.42411	8423.73535	0.05371	11273	1	0.21794	0.30489	1	0.21625	0.49747	1	0.21709	0.40118	1	0.46835	0.53982	10.19282	1.06646	1	0.73209	0.56481	12.14793	1.06646	1	-0.00667	-0.01046	0.68391	0.00221	1	0.06005	-0.01469	0.66408	0.00392	1	1.45898	0.81042	0	
1248908	8423.79590	3305037554713	0.23866	0.42181	8423.73535	0.06055	11273	1	0.21794	0.30489	1	0.21625	0.49747	1	0.21709	0.40118	1	0.46833	0.53964	10.07354	1.06646	1	0.73227	0.56461	12.40593	1.06646	1	-0.00667	-0.01046	0.68391	0.00236	1	0.06005	-0.01469	0.66408	0.00376	1	1.45898	0.81042	0	
1248909	8423.80273	3305037623274	0.23910	0.42144	8423.73535	0.06738	11273	1	0.23921	0.31780	1	0.24779	0.51770	1	0.24350	0.41775	1	0.46833	0.53997	9.67920	1.06646	1	0.73260	0.56508	12.41702	1.06646	1	-0.00667	-0.01046	0.68391	0.00233	1	0.06005	-0.01469	0.66408	0.00361	1	1.45898	0.81042	0	
1248910	8423.80957	3305037688809	0.23843	0.42095	8423.73535	0.07422	11273	1	0.22339	0.30124	1	0.23868	0.52982	1	0.23103	0.41553	1	0.46850	0.53981	9.83404	1.06646	1	0.73251	0.56522	12.86784	1.06646	1	-0.00667	-0.01046	0.68391	0.00232	1	0.06005	-0.01469	0.66408	0.00363	1	1.45898	0.81042	0	
1248911	8423.81641	3305037756190	0.23791	0.42072	8423.73535	0.08105	11273	1	0.22339	0.30124	1	0.24005	0.53454	1	0.23172	0.41789	1	0.46836	0.53974	9.95329	1.06646	1	0.73290	0.56509	11.65023	1.05881	1	-0.00667	-0.01046	0.68391	0.00233	1	0.05993	-0.01465	0.66222	0.00364	1	1.45898	0.81042	0	
1248912	8423.82227	3305037821526	0.23798	0.42155	8423.73535	0.08691	11273	1	0.21491	0.32078	1	0.26280	0.54397	1	0.23885	0.43238	1	0.46830	0.53991	9.82536	1.05881	1	0.73280	0.56511	11.24726	1.05115	1	-0.00667	-0.01046	0.68391	0.00225	1	0.05993	-0.01465	0.66222	0.00366	1	1.45898	0.81042	0	
1248913	8423.82910	3305037890707	0.23796	0.42137	8423.73535	0.09375	11273	1	0.20937	0.30630	1	0.26616	0.53147	1	0.23777	0.41889	1	0.46823	0.53992	10.13158	1.05115	1	0.73282	0.56499	11.42152	1.04349	1	-0.00667	-0.01046	0.68391	0.00227	1	0.05993	-0.01465	0.66222	0.00370	1	1.45898	0.81042	0	
1248914	8423.83594	3305037953802	0.23808	0.42157	8423.73535	0.10059	11273	1	0.21214	0.31282	1	0.26737	0.53629	1	0.23975	0.42455	1	0.46843	0.53979	10.29040	1.04349	1	0.73304	0.56487	11.91030	1.03583	1	-0.00667	-0.01046	0.68391	0.00230	1	0.05993	-0.01465	0.66222	0.00358	1	1.45898	0.81042	0	
1248915	8423.84277	3305038024139	0.23891	0.42199	8423.73535	0.10742	11273	1	0.22853	0.32588	1	0.27590	0.53155	1	0.25222	0.42872	1	0.46843	0.53979	10.29040	1.03583	1	0.73298	0.56491	11.74754	1.03583	1	-0.00667	-0.01046	0.68391	0.00230	1	0.05993	-0.01465	0.66222	0.00359	1	1.45898	0.81042	0	
1248916	8423.84961	3305038086524	0.24035	0.42294	8423.73535	0.11426	11273	1	0.22745	0.33572	1	0.30224	0.54228	1	0.26485	0.43900	1	0.46845	0.53981	9.68335	1.03583	1	0.73345	0.56502	12.40923	1.03583	1	-0.00667	-0.01046	0.68391	0.00229	1	0.05993	-0.01465	0.66222	0.00362	1	1.45898	0.81042	0	
1248917	8423.85645	3305038157599	0.24161	0.42366	8423.73535	0.12109	11273	1	0.22745	0.33572	1	0.30129	0.53749	1	0.26437	0.43661	1	0.46845	0.53997	9.91466	1.03583	1	0.73338	0.56503	12.74213	1.04349	1	-0.00667	-0.01046	0.68391	0.00221	1	0.06098	-0.01489	0.67318	0.00356	1	1.45898	0.81042	0	
1248918	8423.86328	3305038225584	0.24270	0.42530	8423.73535	0.12793	11273	1	0.22591	0.32025	1	0.30078	0.59299	1	0.26335	0.45662	1	0.46853	0.53983	9.93749	1.04349	1	0.73353	0.56511	12.85194	1.05115	1	-0.00667	-0.01046	0.68391	0.00228	1	0.06098	-0.01489	0.67318	0.00358	1	1.45898	0.81042	0	
1248919	8423.87012	3305038292890	0.24356	0.42677	8423.73535	0.13477	11273	1	0.22776	0.33008	1	0.29391	0.58195	1	0.26083	0.45602	1	0.46862	0.53986	9.63755	1.05115	1	0.73347	0.56502	12.66862	1.05881	1	-0.00667	-0.01046	0.68391	0.00230	1	0.06098	-0.01489	0.67318	0.00357	1	1.45898	0.81042	0	
1248920	8423.87598	3305038358338	0.24426	0.42785	8423.73535	0.14062	11273	1	0.22510	0.32375	1	0.29292	0.57755	1	0.25901	0.45065	1	0.46860	0.53983	9.73528	1.05881	1	0.73337	0.56495	12.66050	1.06646	1	-0.00667	-0.01046	0.68391	0.00229	1	0.06098	-0.01489	0.67318	0.00361	1	1.45898	0.81042	0	
1248921	8423.88281	3305038424598	0.24479	0.42891	8423.73535	0.14746	11273	1	0.22568	0.34049	1	0.28709	0.56405	1	0.25638	0.45227	1	0.46862	0.53979	9.76455	1.06646	1	0.73325	0.56488	12.37731	1.06646	1	-0.00667	-0.01046	0.68391	0.00227	1	0.06098	-0.01489	0.67318	0.00341	1	1.45898	0.81042	0	
1248922	8423.88965	3305038490752	0.24585	0.43364	8423.73535	0.15430	11273	1	0.22568	0.34049	0	0.27015	0.54226	1	0.27015	0.54226	1	0.48148	0.51227	7.19078	1.06646	1	0.73333	0.56470	11.73346	1.06646	1	-0.00667	-0.01046	0.68391	0.00222	1	0.06098	-0.01489	0.67318	0.00353	1	1.45898	0.81042	0	
1248923	8423.89648	3305038559835	0.24687	0.43817	8423.73535	0.16113	11273	1	0.22568	0.34049	0	0.27130	0.54690	1	0.27130	0.54690	1	0.48148	0.51227	7.19078	1.06646	0	0.73446	0.56785	9.28701	1.05881	1	-0.00667	-0.01046	0.68391	0.00222	1	0.06060	-0.01464	0.66626	0.00269	1	1.45898	0.81042	0	
1248924	8423.90332	3305038625979	0.24687	0.43817	8423.73535	0.16797	11273	1	0.22568	0.34049	0	0.27130	0.54690	0	0.27130	0.54690	0	0.48148	0.51227	7.19078	1.05881	0	0.73446	0.56785	9.28701	1.05115	0	-0.00667	-0.01046	0.68391	0.00222	1	0.06060	-0.01464	0.66626	0.00269	1	1.45898	0.81042	0	
1248925	8423.91016	3305038693959	0.24687	0.43817	8423.73535	0.17480	11273	1	0.22568	0.34049	0	0.27130	0.54690	0	0.27130	0.54690	0	0.48148	0.51227	7.19078	1.05115	0	0.73446	0.56785	9.28701	1.04349	0	-0.00667	-0.01046	0.68391	0.00222	1	0.06060	-0.01464	0.66626	0.00269	1	1.45898	0.81042	0	
1248926	8423.91699	3305038760654	0.24687	0.43817	8423.73535	0.18164	11273	1	0.22568	0.34049	0	0.27130	0.54690	0	0.27130	0.54690	0	0.48148	0.51227	7.19078	1.04349	0	0.73446	0.56785	9.28701	1.03583	0	-0.00667	-0.01046	0.68391	0.00222	1	0.06060	-0.01464	0.66626	0.00269	1	1.45898	0.81042	0	
1248927	8423.92285	3305038823575	0.25657	0.45707	8423.73535	0.18164	11273	0	0.22568	0.34049	0	0.27130	0.54690	0	0.27130	0.54690	0	0.48148	0.51227	7.19078	1.03583	0	0.73446	0.56785	9.28701	1.03583	0	-0.00667	-0.01046	0.68391	0.00222	1	0.06060	-0.01464	0.66626	0.00269	1	1.45898	0.81042	0	
1248928	8423.92969	3305038894465	0.25657	0.45707	8423.73535	0.18164	11273	0	0.22568	0.34049	0	0.27130	0.54690	0	0.27130	0.54690	0	0.48148	0.51227	7.19078	1.03583	0	0.73446	0.56785	9.28701	1.03583	0	-0.00667	-0.01046	0.68391	0.00222	1	0.06060	-0.01464	0.66626	0.00269	1	1.45898	0.81042	0	
1248929	8423.93652	3305038961471	0.25657	0.45707	8423.73535	0.18164	11273	0	0.22568	0.34049	0	0.27130	0.54690	0	0.27130	0.54690	0	0.48148	0.51227	7.19078	1.03583	0	0.73446	0.56785	9.28701	1.03583	0	-0.00667	-0.01046	0.68391	0.00222	1	0.06060	-0.01464	0.66626	0.00269	1	1.45898	0.81042	0	
1248930	8423.94336	3305039028074	0.00000	0.00000	8423.73535	0.18164	11273	0	0.22568	0.34049	0	0.27130	0.54690	0	0.27130	0.54690	0	0.48148	0.51227	7.19078	1.03583	0	0.73446	0.56785	9.28701	1.03583	0	-0.00667	-0.01046	0.68391	0.00222	1	0.06060	-0.01464	0.66626	0.00269	1	1.45898	0.81042	0	
1248931	8423.95020	3305039095878	0.00000	0.00000	8423.73535	0.18164	11273	0	0.22568	0.34049	0	0.27130	0.54690	0	0.27130	0.54690	0	0.48148	0.51227	7.19078	1.03583	0	0.73446	0.56785	9.28701	1.03583	0	-0.00667	-0.01046	0.68391	0.00222	1	0.06060	-0.01464	0.66626	0.00269	1	1.45898	0.81042	0	
1248932	8423.95703	3305039162579	0.00000	0.00000	8423.73535	0.18164	11273	0	0.22568	0.34049	0	0.27130	0.54690	0	0.27130	0.54690	0	0.48148	0.51227	7.19078	1.03583	0	0.73446	0.56785	9.28701	1.03583	0	-0.00667	-0.01046	0.68391	0.00222	1	0.06060	-0.01464	0.66626	0.00269	1	1.45898	0.81042	0	
1248933	8423.96387	3305039230378	0.00000	0.00000	8423.73535	0.18164	11273	0	0.22568	0.34049	0	0.27130	0.54690	0	0.27130	0.54690	0	0.48148	0.51227	7.19078	1.03583	0	0.73446	0.56785	9.28701	1.03583	0	-0.00667	-0.01046	0.68391	0.00222	1	0.06060	-0.01464	0.66626	0.00269	1	1.45898	0.81042	0	
1248934	8423.96973	3305039295996	0.00000	0.00000	8423.73535	0.18164	11273	0	0.22568	0.34049	0	0.27130	0.54690	0	0.27130	0.54690	0	0.48148	0.51227	7.19078	1.03583	0	0.73446	0.56785	9.28701	1.03583	0	-0.00667	-0.01046	0.68391	0.00222	1	0.06060	-0.01464	0.66626	0.00269	1	1.45898	0.81042	0	
1248935	8423.97656	3305039363340	0.00000	0.00000	8423.73535	0.18164	11273	0	0.22568	0.34049	0	0.27130	0.54690	0	0.27130	0.54690	0	0.48148	0.51227	7.19078	1.03583	0	0.73446	0.56785	9.28701	1.03583	0	-0.00667	-0.01046	0.68391	0.00222	1	0.06060	-0.01464	0.66626	0.00269	1	1.45898	0.81042	0	
1248936	8423.98340	3305039430066	0.00000	0.00000	8423.73535	0.18164	11273	0	0.22568	0.34049	0	0.27130	0.54690	0	0.27130	0.54690	0	0.48148	0.51227	7.19078	1.03583	0	0.73446	0.56785	9.28701	1.03583	0	-0.00667	-0.01046	0.68391	0.00222	1	0.06060	-0.01464	0.66626	0.00269	1	1.45898	0.81042	0	
1248937	8423.99023	3305039497358	0.00000	0.00000	8423.73535	0.18164	11273	0	0.22568	0.34049	0	0.27130	0.54690	0	0.27130	0.54690	0	0.48148	0.51227	7.19078	1.03583	0	0.73446	0.56785	9.28701	1.03583	0	-0.00667	-0.01046	0.68391	0.00222	1	0.06060	-0.01464	0.66626	0.00269	1	1.45898	0.81042	0	
1248938	8423.99707	3305039564387	0.00000	0.00000	8423.73535	0.18164	11273	0	0.22568	0.34049	0	0.27130	0.54690	0	0.27130	0.54690	0	0.48148	0.51227	7.19078	1.03583	0	0.73446	0.56785	9.28701	1.03583	0	-0.00667	-0.01046	0.68391	0.00222	1	0.06060	-0.01464	0.66626	0.00269	1	1.45898	0.81042	0	
1248939	8424.00391	3305039631677	0.00000	0.00000	8423.73535	0.18164	11273	0	0.22568	0.34049	0	0.27130	0.54690	0	0.27130	0.54690	0	0.48148	0.51227	7.19078	1.03583	0	0.73446	0.56785	9.28701	1.03583	0	-0.00667	-0.01046	0.68391	0.00222	1	0.06060	-0.01464	0.66626	0.00269	1	1.45898	0.81042	0	
1248940	8424.01074	3305039698554	0.00000	0.00000	8423.73535	0.18164	11273	0	0.22568	0.34049	0	0.27130	0.54690	0	0.27130	0.54690	0	0.48148	0.51227	7.19078	1.03583	0	0.73446	0.56785	9.28701	1.03583	0	-0.00667	-0.01046	0.68391	0.00222	1	0.06060	-0.01464	0.66626	0.00269	1	1.45898	0.81042	0	
1248941	8424.01660	3305039765589	0.00000	0.00000	8423.73535	0.18164	11273	0	0.22568	0.34049	0	0.27130	0.54690	0	0.27130	0.54690	0	0.48148	0.51227	7.19078	1.03583	0	0.73446	0.56785	9.28701	1.03583	0	-0.00667	-0.01046	0.68391	0.00222	1	0.06060	-0.01464	0.66626	0.00269	1	1.45898	0.81042	0	
1248942	8424.02344	3305039832347	0.00000	0.00000	8423.73535	0.18164	11273	0	0.22568	0.34049	0	0.27130	0.54690	0	0.27130	0.54690	0	0.48148	0.51227	7.19078	1.03583	0	0.73446	0.56785	9.28701	1.03583	0	-0.00667	-0.01046	0.68391	0.00222	1	0.06060	-0.01464	0.66626	0.00269	1	1.45898	0.81042	0	
1248943	8424.03027	3305039899237	0.00000	0.00000	8423.73535	0.18164	11273	0	0.22568	0.34049	0	0.27130	0.54690	0	0.27130	0.54690	0	0.48148	0.51227	7.19078	1.03583	0	0.73446	0.56785	9.28701	1.03583	0	-0.00667	-0.01046	0.68391	0.00222	1	0.06060	-0.01464	0.66626	0.00269	1	1.45898	0.81042	0	
1248944	8424.03711	3305039965071	0.00000	0.00000	8423.73535	0.18164	11273	0	0.22568	0.34049	0	0.27130	0.54690	0	0.27130	0.54690	0	0.48148	0.51227	7.19078	1.03583	0	0.73446	0.56785	9.28701	1.03583	0	-0.00667	-0.01046	0.68391	0.00222	1	0.06060	-0.01464	0.66626	0.00269	1	1.45898	0.81042	0	
1248945	8424.04395	3305040033467	0.00000	0.00000	8423.73535	0.18164	11273	0	0.22568	0.34049	0	0.27130	0.54690	0	0.27130	0.54690	0	0.48148	0.51227	7.19078	1.03583	0	0.73446	0.56785	9.28701	1.03583	0	-0.00667	-0.01046	0.68391	0.00222	1	0.06060	-0.01464	0.66626	0.00269	1	1.45898	0.81042	0	
1248946	8424.05078	3305040100255	0.00000	0.00000	8423.73535	0.18164	11273	0	0.22568	0.34049	0	0.27130	0.54690	0	0.27130	0.54690	0	0.48148	0.51227	7.19078	1.03583	0	0.73446	0.56785	9.28701	1.03583	0	-0.00667	-0.01046	0.68391	0.00222	1	0.06060	-0.01464	0.66626	0.00269	1	1.45898	0.81042	0	
1248947	8424.05762	3305040167612	0.00000	0.00000	8423.73535	0.18164	11273	0	0.22568	0.34049	0	0.27130	0.54690	0	0.27130	0.54690	0	0.48148	0.51227	7.19078	1.03583	0	0.73446	0.56785	9.28701	1.03583	0	-0.00667	-0.01046	0.68391	0.00222	1	0.06060	-0.01464	0.66626	0.00269	1	1.45898	0.81042	0	
1248948	8424.06348	3305040233947	0.00000	0.00000	8423.73535	0.18164	11273	0	0.22568	0.34049	0	0.27130	0.54690	0	0.27130	0.54690	0	0.48148	0.51227	7.19078	1.03583	0	0.73446	0.56785	9.28701	1.03583	0	-0.00667	-0.01046	0.68391	0.00222	1	0.06060	-0.01464	0.66626	0.00269	1	1.45898	0.81042	0	
1248949	8424.07031	3305040301180	0.00000	0.00000	8423.73535	0.18164	11273	0	0.22568	0.34049	0	0.27130	0.54690	0	0.27130	0.54690	0	0.48148	0.51227	7.19078	1.03583	0	0.73446	0.56785	9.28701	1.03583	0	-0.00667	-0.01046	0.68391	0.00222	1	0.06060	-0.01464	0.66626	0.00269	1	1.45898	0.81042	0	
1248950	8424.07715	3305040368229	0.13741	0.28053	8423.73535	0.18164	11273	0	0.22568	0.34049	0	0.27481	0.56105	1	0.27481	0.56105	1	0.48264	0.54543	11.34761	1.02781	1	0.74629	0.57031	12.27896	1.03547	1	-0.00667	-0.01046	0.68391	0.00304	1	0.06291	-0.01558	0.67009	0.00298	1	1.45898	0.81042	0	
1248951	8424.08398	3305040434882	0.43996	0.61921	8423.73535	0.18164	11273	0	0.65853	0.68279	1	0.55167	0.67194	1	0.60510	0.67736	1	0.48265	0.54536	11.30809	1.02745	1	0.74624	0.57028	12.21906	1.03511	1	-0.00667	-0.01046	0.68391	0.00305	1	0.06291	-0.01558	0.67009	0.00305	1	1.45898	0.81042	0	
1248952	8424.09082	3305040502394	0.51194	0.64037	8423.73535	0.18164	11273	0	0.64014	0.59721	1	0.52771	0.72586	1	0.58393	0.66154	1	0.48264	0.54515	11.25257	1.02710	1	0.74630	0.57024	12.53342	1.03476	1	-0.00667	-0.01046	0.68391	0.00314	1	0.06291	-0.01558	0.67009	0.00289	1	1.45898	0.81042	0	
1248953	8424.09668	3305040566549	0.53604	0.64612	8423.73535	0.18164	11273	0	0.64009	0.59291	1	0.52838	0.72232	1	0.58423	0.65762	1	0.48284	0.54540	11.62991	1.03476	1	0.74672	0.57029	12.99562	1.04241	1	-0.00456	-0.01080	0.67576	0.00292	1	0.06291	-0.01563	0.67008	0.00282	1	1.45898	0.81042	0	
1248954	8424.10449	3305040636196	0.59114	0.65595	8423.73535	0.18164	11273	0	0.63336	0.57359	1	0.57715	0.72382	1	0.60525	0.64871	1	0.48293	0.54554	12.21215	1.05043	1	0.74672	0.57031	12.44458	1.05043	1	-0.00456	-0.01080	0.67576	0.00282	1	0.06291	-0.01563	0.67008	0.00305	1	1.45898	0.81042	0	
1248955	8424.11035	3305040699982	0.59732	0.64972	8423.73535	0.18164	11273	0	0.63863	0.55578	1	0.56839	0.73118	1	0.60351	0.64348	1	0.48259	0.54502	10.93711	1.05845	1	0.74645	0.57044	12.55809	1.05845	1	-0.00456	-0.01080	0.67576	0.00292	1	0.06291	-0.01563	0.67008	0.00291	1	1.45898	0.81042	0	
1248956	8424.11719	3305040767273	0.59939	0.64764	8423.73535	0.18164	11273	0	0.63863	0.55578	1	0.56839	0.73118	1	0.60351	0.64348	1	0.48298	0.54518	12.01696	1.05845	1	0.74649	0.56996	11.87524	1.05845	1	-0.00438	-0.01052	0.65561	0.00290	1	0.06291	-0.01553	0.67009	0.00290	1	1.45898	0.81042	0	
1248957	8424.12402	3305040834262	0.60167	0.64862	8424.10449	0.01953	11274	1	0.65299	0.60960	1	0.56408	0.69356	1	0.60853	0.65158	1	0.48295	0.54516	12.08459	1.05043	1	0.74640	0.57000	12.10468	1.05043	1	-0.00438	-0.01052	0.65561	0.00293	1	0.06291	-0.01553	0.67009	0.00286	1	1.45898	0.81042	0	
1248958	8424.13086	3305040902444	0.59991	0.65139	8424.10449	0.02637	11274	1	0.63587	0.62697	1	0.54985	0.69796	1	0.59286	0.66246	1	0.48283	0.54538	12.13296	1.04241	1	0.74659	0.56999	12.15809	1.04241	1	-0.00438	-0.01052	0.65561	0.00282	1	0.06291	-0.01553	0.67009	0.00296	1	1.45898	0.81042	0	
1248959	8424.13770	3305040970560	0.59861	0.65382	8424.10449	0.03320	11274	1	0.63587	0.62697	1	0.54829	0.70500	1	0.59208	0.66598	1	0.48290	0.54533	12.13835	1.04241	1	0.74688	0.56982	12.45892	1.02795	1	-0.00450	-0.01090	0.68223	0.00305	1	0.06021	-0.01491	0.64138	0.00299	1	1.45898	0.81042	0	
1248960	8424.14355	3305041034032	0.59829	0.65727	8424.10449	0.03906	11274	1	0.63838	0.63637	1	0.55447	0.71952	1	0.59642	0.67794	1	0.48303	0.54526	11.99670	1.03596	1	0.74631	0.57045	12.86511	1.02150	1	-0.00450	-0.01090	0.68223	0.00301	1	0.06021	-0.01491	0.64138	0.00305	1	1.45898	0.81042	0	
1248961	8424.15039	3305041102220	0.59825	0.65869	8424.10449	0.04590	11274	1	0.62949	0.64584	1	0.56644	0.69150	1	0.59796	0.66867	1	0.48291	0.54543	12.17446	1.02951	1	0.74648	0.57038	12.96998	1.01505	1	-0.00450	-0.01090	0.68223	0.00295	1	0.06021	-0.01491	0.64138	0.00300	1	1.45898	0.81042	0	
1248962	8424.15723	3305041169442	0.59823	0.66022	8424.10449	0.05273	11274	1	0.62973	0.65328	1	0.56644	0.69150	1	0.59808	0.67239	1	0.48296	0.54546	12.64692	1.01505	1	0.74621	0.57040	12.83234	1.01505	1	-0.00440	-0.01053	0.65891	0.00289	1	0.06291	-0.01563	0.67008	0.00305	1	1.45898	0.81042	0	
1248963	8424.16406	3305041239127	0.59766	0.66305	8424.10449	0.05957	11274	1	0.62962	0.69016	1	0.55527	0.68699	1	0.59245	0.68858	1	0.48286	0.54558	12.63537	1.00703	1	0.74633	0.57026	12.78122	1.02150	1	-0.00440	-0.01053	0.65891	0.00300	1	0.06291	-0.01563	0.67008	0.00296	1	1.45898	0.81042	0	
1248964	8424.17090	3305041305371	0.59882	0.66669	8424.10449	0.06641	11274	1	0.64354	0.71029	1	0.57739	0.69588	1	0.61046	0.70308	1	0.48284	0.54553	12.50566	1.01348	1	0.74668	0.57032	13.15253	1.02795	1	-0.00440	-0.01053	0.65891	0.00303	1	0.06291	-0.01563	0.67008	0.00291	1	1.45898	0.81042	0	
1248965	8424.17773	3305041372886	0.59983	0.66947	8424.10449	0.07324	11274	1	0.64352	0.70733	1	0.57827	0.69267	1	0.61089	0.70000	1	0.48287	0.54549	12.35197	1.01993	1	0.74661	0.57022	13.05917	1.03440	1	-0.00438	-0.01052	0.65561	0.00302	1	0.06291	-0.01568	0.67008	0.00286	1	1.45898	0.81042	0	
1248966	8424.18457	3305041439149	0.59968	0.66823	8424.10449	0.08008	11274	1	0.63164	0.68166	1	0.56424	0.62512	1	0.59794	0.65339	1	0.48288	0.54556	12.56826	1.03440	1	0.74636	0.57015	12.40436	1.03440	1	-0.00438	-0.01052	0.65561	0.00290	1	0.06291	-0.01568	0.67008	0.00319	1	1.45898	0.81042	0	
1248967	8424.19141	3305041506902	0.60094	0.66708	8424.10449	0.08691	11274	1	0.67073	0.60699	1	0.56387	0.69713	1	0.61730	0.65206	1	0.48293	0.54523	12.16022	1.03440	1	0.74647	0.57033	13.09104	1.03440	1	-0.00438	-0.01052	0.65561	0.00290	1	0.06291	-0.01568	0.67008	0.00292	1	1.45898	0.81042	0	
1248968	8424.19824	3305041573924	0.60200	0.66620	8424.10449	0.09375	11274	1	0.67073	0.60699	1	0.56294	0.70090	1	0.61683	0.65394	1	0.48302	0.54550	12.41942	1.03440	1	0.74585	0.56990	12.61344	1.02674	1	-0.00440	-0.01053	0.65891	0.00286	1	0.06183	-0.01528	0.65917	0.00316	1	1.45898	0.81042	0	
1248969	8424.20410	3305041639400	0.60172	0.66966	8424.10449	0.09961	11274	1	0.65625	0.70482	1	0.53877	0.73815	1	0.59751	0.72148	1	0.48268	0.54545	12.17810	1.02674	1	0.74600	0.57003	12.74061	1.01908	1	-0.00440	-0.01053	0.65891	0.00283	1	0.06183	-0.01528	0.65917	0.00287	1	1.45898	0.81042	0	
1248970	8424.21094	3305041707046	0.60115	0.67218	8424.10449	0.10645	11274	1	0.61162	0.71548	1	0.57233	0.70984	1	0.59197	0.71266	1	0.48232	0.54572	7.34508	1.01908	1	0.74618	0.56908	9.78956	1.01142	1	-0.00440	-0.01053	0.65891	0.00270	1	0.06183	-0.01528	0.65917	0.00321	1	1.45898	0.81042	0	
1248971	8424.21777	3305041774534	0.60115	0.67218	8424.10449	0.11328	11274	1	0.61162	0.71548	0	0.57233	0.70984	0	0.59197	0.71266	0	0.48232	0.54572	7.34508	1.01142	0	0.74618	0.56908	9.78956	1.00376	0	-0.00440	-0.01053	0.65891	0.00270	1	0.06183	-0.01528	0.65917	0.00321	1	1.45898	0.81042	0	
1248972	8424.22461	3305041841534	0.60115	0.67218	8424.10449	0.12012	11274	1	0.61162	0.71548	0	0.57233	0.70984	0	0.59197	0.71266	0	0.48232	0.54572	7.34508	1.00376	0	0.74618	0.56908	9.78956	1.00376	0	-0.00440	-0.01053	0.65891	0.00270	1	0.06183	-0.01528	0.65917	0.00321	1	1.45898	0.81042	0	
1248973	8424.23145	3305041908736	0.60115	0.67218	8424.10449	0.12695	11274	1	0.61162	0.71548	0	0.57233	0.70984	0	0.59197	0.71266	0	0.48232	0.54572	7.34508	1.00376	0	0.74618	0.56908	9.78956	1.00376	0	-0.00440	-0.01053	0.65891	0.00270	1	0.06183	-0.01528	0.65917	0.00321	1	1.45898	0.81042	0	
1248974	8424.23828	3305041975415	0.60166	0.68085	8424.10449	0.12695	11274	0	0.61162	0.71548	0	0.57233	0.70984	0	0.59197	0.71266	0	0.48232	0.54572	7.34508	1.00376	0	0.74618	0.56908	9.78956	1.00376	0	-0.00440	-0.01053	0.65891	0.00270	1	0.06183	-0.01528	0.65917	0.00321	1	1.45898	0.81042	0	
1248975	8424.24512	3305042042712	0.60166	0.68085	8424.10449	0.12695	11274	0	0.61162	0.71548	0	0.57233	0.70984	0	0.59197	0.71266	0	0.48232	0.54572	7.34508	1.00376	0	0.74618	0.56908	9.78956	1.00376	0	-0.00440	-0.01053	0.65891	0.00270	1	0.06183	-0.01528	0.65917	0.00321	1	1.45898	0.81042	0	
1248976	8424.25098	3305042108863	0.60166	0.68085	8424.10449	0.12695	11274	0	0.61162	0.71548	0	0.57233	0.70984	0	0.59197	0.71266	0	0.48232	0.54572	7.34508	1.00376	0	0.74618	0.56908	9.78956	1.00376	0	-0.00440	-0.01053	0.65891	0.00270	1	0.06183	-0.01528	0.65917	0.00321	1	1.45898	0.81042	0	
1248977	8424.25781	3305042176825	0.00000	0.00000	8424.10449	0.12695	11274	0	0.61162	0.71548	0	0.57233	0.70984	0	0.59197	0.71266	0	0.48232	0.54572	7.34508	1.00376	0	0.74618	0.56908	9.78956	1.00376	0	-0.00440	-0.01053	0.65891	0.00270	1	0.06183	-0.01528	0.65917	0.00321	1	1.45898	0.81042	0	
1248978	8424.26465	3305042243410	0.00000	0.00000	8424.10449	0.12695	11274	0	0.61162	0.71548	0	0.57233	0.70984	0	0.59197	0.71266	0	0.48232	0.54572	7.34508	1.00376	0	0.74618	0.56908	9.78956	1.00376	0	-0.00440	-0.01053	0.65891	0.00270	1	0.06183	-0.01528	0.65917	0.00321	1	1.45898	0.81042	0	
1248979	8424.27148	3305042310517	0.00000	0.00000	8424.10449	0.12695	11274	0	0.61162	0.71548	0	0.57233	0.70984	0	0.59197	0.71266	0	0.48232	0.54572	7.34508	1.00376	0	0.74618	0.56908	9.78956	1.00376	0	-0.00440	-0.01053	0.65891	0.00270	1	0.06183	-0.01528	0.65917	0.00321	1	1.45898	0.81042	0	
1248980	8424.27832	3305042377254	0.00000	0.00000	8424.10449	0.12695	11274	0	0.61162	0.71548	0	0.57233	0.70984	0	0.59197	0.71266	0	0.48232	0.54572	7.34508	1.00376	0	0.74618	0.56908	9.78956	1.00376	0	-0.00440	-0.01053	0.65891	0.00270	1	0.06183	-0.01528	0.65917	0.00321	1	1.45898	0.81042	0	
1248981	8424.28516	3305042444512	0.00000	0.00000	8424.10449	0.12695	11274	0	0.61162	0.71548	0	0.57233	0.70984	0	0.59197	0.71266	0	0.48232	0.54572	7.34508	1.00376	0	0.74618	0.56908	9.78956	1.00376	0	-0.00440	-0.01053	0.65891	0.00270	1	0.06183	-0.01528	0.65917	0.00321	1	1.45898	0.81042	0	
1248982	8424.29199	3305042511516	0.00000	0.00000	8424.10449	0.12695	11274	0	0.61162	0.71548	0	0.57233	0.70984	0	0.59197	0.71266	0	0.48232	0.54572	7.34508	1.00376	0	0.74618	0.56908	9.78956	1.00376	0	-0.00440	-0.01053	0.65891	0.00270	1	0.06183	-0.01528	0.65917	0.00321	1	1.45898	0.81042	0	
1248983	8424.29785	3305042578509	0.00000	0.00000	8424.10449	0.12695	11274	0	0.61162	0.71548	0	0.57233	0.70984	0	0.59197	0.71266	0	0.48232	0.54572	7.34508	1.00376	0	0.74618	0.56908	9.78956	1.00376	0	-0.00440	-0.01053	0.65891	0.00270	1	0.06183	-0.01528	0.65917	0.00321	1	1.45898	0.81042	0	
1248984	8424.30469	3305042645714	0.00000	0.00000	8424.10449	0.12695	11274	0	0.61162	0.71548	0	0.57233	0.70984	0	0.59197	0.71266	0	0.48232	0.54572	7.34508	1.00376	0	0.74618	0.56908	9.78956	1.00376	0	-0.00440	-0.01053	0.65891	0.00270	1	0.06183	-0.01528	0.65917	0.00321	1	1.45898	0.81042	0	
1248985	8424.31152	3305042712245	0.00000	0.00000	8424.10449	0.12695	11274	0	0.61162	0.71548	0	0.57233	0.70984	0	0.59197	0.71266	0	0.48232	0.54572	7.34508	1.00376	0	0.74618	0.56908	9.78956	1.00376	0	-0.00440	-0.01053	0.65891	0.00270	1	0.06183	-0.01528	0.65917	0.00321	1	1.45898	0.81042	0	
1248986	8424.31836	3305042778881	0.00000	0.00000	8424.10449	0.12695	11274	0	0.61162	0.71548	0	0.57233	0.70984	0	0.59197	0.71266	0	0.48232	0.54572	7.34508	1.00376	0	0.74618	0.56908	9.78956	1.00376	0	-0.00440	-0.01053	0.65891	0.00270	1	0.06183	-0.01528	0.65917	0.00321	1	1.45898	0.81042	0	
1248987	8424.32520	3305042843924	0.00000	0.00000	8424.10449	0.12695	11274	0	0.61162	0.71548	0	0.57233	0.70984	0	0.59197	0.71266	0	0.48232	0.54572	7.34508	1.00376	0	0.74618	0.56908	9.78956	1.00376	0	-0.00440	-0.01053	0.65891	0.00270	1	0.06183	-0.01528	0.65917	0.00321	1	1.45898	0.81042	0	
1248988	8424.33105	3305042909274	0.00000	0.00000	8424.10449	0.12695	11274	0	0.61162	0.71548	0	0.57233	0.70984	0	0.59197	0.71266	0	0.48232	0.54572	7.34508	1.00376	0	0.74618	0.56908	9.78956	1.00376	0	-0.00440	-0.01053	0.65891	0.00270	1	0.06183	-0.01528	0.65917	0.00321	1	1.45898	0.81042	0	
1248989	8424.33789	3305042978663	0.00000	0.00000	8424.10449	0.12695	11274	0	0.61162	0.71548	0	0.57233	0.70984	0	0.59197	0.71266	0	0.48232	0.54572	7.34508	1.00376	0	0.74618	0.56908	9.78956	1.00376	0	-0.00440	-0.01053	0.65891	0.00270	1	0.06183	-0.01528	0.65917	0.00321	1	1.45898	0.81042	0	
1248990	8424.34570	3305043047362	0.00000	0.00000	8424.10449	0.12695	11274	0	0.61162	0.71548	0	0.57233	0.70984	0	0.59197	0.71266	0	0.48232	0.54572	7.34508	1.00376	0	0.74618	0.56908	9.78956	1.00376	0	-0.00440	-0.01053	0.65891	0.00270	1	0.06183	-0.01528	0.65917	0.00321	1	1.45898	0.81042	0	
1248991	8424.35156	3305043115108	0.00000	0.00000	8424.10449	0.12695	11274	0	0.61162	0.71548	0	0.57233	0.70984	0	0.59197	0.71266	0	0.48232	0.54572	7.34508	1.00376	0	0.74618	0.56908	9.78956	1.00376	0	-0.00440	-0.01053	0.65891	0.00270	1	0.06183	-0.01528	0.65917	0.00321	1	1.45898	0.81042	0	
1248992	8424.35840	3305043181332	0.00000	0.00000	8424.10449	0.12695	11274	0	0.61162	0.71548	0	0.57233	0.70984	0	0.59197	0.71266	0	0.48232	0.54572	7.34508	1.00376	0	0.74618	0.56908	9.78956	1.00376	0	-0.00440	-0.01053	0.65891	0.00270	1	0.06183	-0.01528	0.65917	0.00321	1	1.45898	0.81042	0	
1248993	8424.36523	3305043248224	0.00000	0.00000	8424.10449	0.12695	11274	0	0.61162	0.71548	0	0.57233	0.70984	0	0.59197	0.71266	0	0.48232	0.54572	7.34508	1.00376	0	0.74618	0.56908	9.78956	1.00376	0	-0.00440	-0.01053	0.65891	0.00270	1	0.06183	-0.01528	0.65917	0.00321	1	1.45898	0.81042	0	
1248994	8424.37207	3305043315188	0.00000	0.00000	8424.10449	0.12695	11274	0	0.61162	0.71548	0	0.57233	0.70984	0	0.59197	0.71266	0	0.48232	0.54572	7.34508	1.00376	0	0.74618	0.56908	9.78956	1.00376	0	-0.00440	-0.01053	0.65891	0.00270	1	0.06183	-0.01528	0.65917	0.00321	1	1.45898	0.81042	0	
1248995	8424.37891	3305043382909	0.00000	0.00000	8424.10449	0.12695	11274	0	0.61162	0.71548	0	0.57233	0.70984	0	0.59197	0.71266	0	0.48232	0.54572	7.34508	1.00376	0	0.74618	0.56908	9.78956	1.00376	0	-0.00440	-0.01053	0.65891	0.00270	1	0.06183	-0.01528	0.65917	0.00321	1	1.45898	0.81042	0	
1248996	8424.38574	3305043449308	0.00000	0.00000	8424.10449	0.12695	11274	0	0.61162	0.71548	0	0.57233	0.70984	0	0.59197	0.71266	0	0.48232	0.54572	7.34508	1.00376	0	0.74618	0.56908	9.78956	1.00376	0	-0.00440	-0.01053	0.65891	0.00270	1	0.06183	-0.01528	0.65917	0.00321	1	1.45898	0.81042	0	
1248997	8424.39160	3305043515427	0.00000	0.00000	8424.10449	0.12695	11274	0	0.61162	0.71548	0	0.57233	0.70984	0	0.59197	0.71266	0	0.48232	0.54572	7.34508	1.00376	0	0.74618	0.56908	9.78956	1.00376	0	-0.00440	-0.01053	0.65891	0.00270	1	0.06183	-0.01528	0.65917	0.00321	1	1.45898	0.81042	0	
1248998	8424.39844	3305043583193	0.00000	0.00000	8424.10449	0.12695	11274	0	0.61162	0.71548	0	0.57233	0.70984	0	0.59197	0.71266	0	0.48232	0.54572	7.34508	1.00376	0	0.74618	0.56908	9.78956	1.00376	0	-0.00440	-0.01053	0.65891	0.00270	1	0.06183	-0.01528	0.65917	0.00321	1	1.45898	0.81042	0	
1248999	8424.40527	3305043650263	0.23905	0.22173	8424.10449	0.12695	11274	0	0.50888	0.44638	1	0.44731	0.44054	1	0.47810	0.44346	1	0.47656	0.53779	12.02993	1.00376	1	0.74008	0.56149	12.99557	1.00376	1	-0.00440	-0.01053	0.65891	0.00362	1	0.06183	-0.01528	0.65917	0.00368	1	1.45898	0.81042	0	
1249000	8424.41211	3305043717325	0.32260	0.27375	8424.10449	0.12695	11274	0	0.50656	0.40534	1	0.47284	0.35022	1	0.48970	0.37778	1	0.47614	0.53786	11.65438	1.00376	1	0.74047	0.56110	12.30824	1.00376	1	-0.00440	-0.01053	0.65891	0.00356	1	0.06183	-0.01528	0.65917	0.00359	1	1.45898	0.81042	0	
1249001	8424.41895	3305043783848	0.48588	0.39859	8424.10449	0.12695	11274	0	0.50656	0.40534	1	0.47313	0.34373	1	0.48984	0.37454	1	0.47594	0.53813	11.17730	1.00376	1	0.74007	0.56127	12.13758	1.01142	1	-0.00567	-0.00968	0.66876	0.00354	1	0.06294	-0.01469	0.68245	0.00359	1	1.45898	0.81042	0	
1249002	8424.42578	3305043851225	0.47532	0.41416	8424.10449	0.12695	11274	0	0.48209	0.43678	1	0.44744	0.42269	1	0.46477	0.42973	1	0.47615	0.53823	11.36184	1.01142	1	0.74006	0.56143	11.96629	1.01908	1	-0.00567	-0.00968	0.66876	0.00355	1	0.06294	-0.01469	0.68245	0.00373	1	1.45898	0.81042	0	
1249003	8424.43262	3305043918162	0.47594	0.41080	8424.10449	0.12695	11274	0	0.50866	0.42278	1	0.44567	0.38538	1	0.47717	0.40408	1	0.47616	0.53780	11.57471	1.01908	1	0.74004	0.56055	12.01933	1.02674	1	-0.00567	-0.00968	0.66876	0.00351	1	0.06294	-0.01469	0.68245	0.00421	1	1.45898	0.81042	0	
1249004	8424.43945	3305043984816	0.47601	0.40754	8424.41895	0.02051	11275	1	0.50673	0.41112	1	0.44569	0.38442	1	0.47621	0.39777	1	0.47613	0.53808	11.55813	1.03476	1	0.74004	0.56068	12.12791	1.02795	1	-0.00584	-0.00990	0.68362	0.00351	1	0.05923	-0.01378	0.64220	0.00419	1	1.45898	0.81042	0	
1249005	8424.44531	3305044052371	0.47572	0.41897	8424.41895	0.02637	11275	1	0.50793	0.45543	1	0.44126	0.47394	1	0.47460	0.46469	1	0.47615	0.53821	11.51849	1.03596	1	0.73996	0.56168	12.44786	1.02150	1	-0.00584	-0.00990	0.68362	0.00363	1	0.05923	-0.01378	0.64220	0.00373	1	1.45898	0.81042	0	
1249006	8424.45215	3305044119195	0.47512	0.42379	8424.41895	0.03320	11275	1	0.49742	0.41533	1	0.44683	0.48043	1	0.47213	0.44788	1	0.47602	0.53804	11.23290	1.02951	1	0.74001	0.56148	12.47318	1.01505	1	-0.00584	-0.00990	0.68362	0.00353	1	0.05923	-0.01378	0.64220	0.00361	1	1.45898	0.81042	0	
1249007	8424.45898	3305044185647	0.47476	0.42756	8424.41895	0.04004	11275	1	0.49827	0.42013	1	0.44683	0.48018	1	0.47255	0.45015	1	0.47598	0.53843	11.11225	1.02306	1	0.74004	0.56017	12.02177	1.01540	1	-0.00584	-0.00990	0.68362	0.00370	1	0.06152	-0.01432	0.66762	0.00411	1	1.45898	0.81042	0	
1249008	8424.46582	3305044252954	0.47500	0.42093	8424.41895	0.04688	11275	1	0.50654	0.45313	1	0.44685	0.29589	1	0.47670	0.37451	1	0.47615	0.53830	11.74060	1.01540	1	0.73999	0.56013	11.97206	1.02221	1	-0.00584	-0.00990	0.68362	0.00354	1	0.06152	-0.01432	0.66762	0.00405	1	1.45898	0.81042	0	
1249009	8424.47266	3305044320310	0.47480	0.41877	8424.41895	0.05371	11275	1	0.50441	0.40674	1	0.44200	0.39634	1	0.47321	0.40154	1	0.47618	0.53796	11.54206	1.02221	1	0.73989	0.56125	12.58854	1.02902	1	-0.00584	-0.00990	0.68362	0.00380	1	0.06152	-0.01432	0.66762	0.00367	1	1.45898	0.81042	0	
1249010	8424.47949	3305044387696	0.47460	0.41623	8424.41895	0.06055	11275	1	0.50355	0.40159	1	0.44211	0.38506	1	0.47283	0.39332	1	0.47606	0.53747	11.23312	1.02902	1	0.73997	0.56138	12.04392	1.04349	1	-0.00584	-0.00990	0.68362	0.00378	1	0.06301	-0.01473	0.68432	0.00366	1	1.45898	0.81042	0	
1249011	8424.48633	3305044453572	0.47405	0.41278	8424.41895	0.06738	11275	1	0.48721	0.41233	1	0.44974	0.34433	1	0.46848	0.37833	1	0.47590	0.53810	11.18032	1.04349	1	0.74006	0.56103	12.01192	1.05115	1	-0.00584	-0.00990	0.68362	0.00375	1	0.06301	-0.01473	0.68432	0.00360	1	1.45898	0.81042	0	
1249012	8424.49219	3305044518010	0.47242	0.41093	8424.41895	0.07324	11275	1	0.48486	0.38331	1	0.42427	0.39790	1	0.45456	0.39060	1	0.47590	0.53800	11.40068	1.05115	1	0.73965	0.56153	12.44578	1.05881	1	-0.00584	-0.00990	0.68362	0.00380	1	0.06301	-0.01473	0.68432	0.00370	1	1.45898	0.81042	0	
1249013	8424.49902	3305044586533	0.47095	0.40839	8424.41895	0.08008	11275	1	0.48254	0.37058	1	0.42412	0.38525	1	0.45333	0.37792	1	0.47596	0.53814	11.51903	1.06789	1	0.73988	0.56129	12.58611	1.07555	1	-0.00600	-0.01008	0.69633	0.00375	1	0.06301	-0.01468	0.68432	0.00361	1	1.45898	0.81042	0	
1249014	8424.50586	3305044652437	0.47272	0.40423	8424.41895	0.08691	11275	1	0.51145	0.33714	1	0.47995	0.36312	1	0.49570	0.35013	1	0.47598	0.53829	11.89310	1.08464	1	0.74014	0.56142	12.29203	1.08464	1	-0.00600	-0.01008	0.69633	0.00371	1	0.06301	-0.01468	0.68432	0.00360	1	1.45898	0.81042	0	
1249015	8424.51270	3305044717506	0.47349	0.39947	8424.41895	0.09375	11275	1	0.47834	0.31122	1	0.49016	0.35447	1	0.48425	0.33285	1	0.47592	0.53828	11.78685	1.09372	1	0.74030	0.56143	12.20646	1.09372	1	-0.00600	-0.01008	0.69633	0.00370	1	0.06301	-0.01468	0.68432	0.00358	1	1.45898	0.81042	0	
1249016	8424.51953	3305044788585	0.47414	0.39486	8424.41895	0.10059	11275	1	0.47709	0.30398	1	0.49061	0.34743	1	0.48385	0.32570	1	0.47593	0.53835	11.20028	1.10281	1	0.73982	0.56176	12.68979	1.10281	1	-0.00600	-0.01008	0.69633	0.00377	1	0.06301	-0.01473	0.68432	0.00362	1	1.45898	0.81042	0	
1249017	8424.52539	3305044851565	0.47435	0.39193	8424.41895	0.10645	11275	1	0.49551	0.33365	1	0.45985	0.35625	1	0.47768	0.34495	1	0.47609	0.53842	11.56849	1.10281	1	0.74026	0.56137	12.54144	1.10281	1	-0.00600	-0.01008	0.69633	0.00366	1	0.06301	-0.01473	0.68432	0.00352	1	1.45898	0.81042	0	
1249018	8424.53320	3305044922399	0.47389	0.38842	8424.41895	0.11426	11275	1	0.49188	0.34332	1	0.44051	0.31412	1	0.46619	0.32872	1	0.47607	0.53858	11.84951	1.10281	1	0.73989	0.56121	12.33993	1.10281	1	-0.00600	-0.01008	0.69633	0.00366	1	0.06301	-0.01473	0.68432	0.00380	1	1.45898	0.81042	0	
1249019	8424.53906	3305044986568	0.47352	0.38581	8424.41895	0.12012	11275	1	0.49303	0.35023	1	0.44042	0.32755	1	0.46672	0.33889	1	0.47617	0.53883	11.62523	1.09372	1	0.73988	0.56153	12.73663	1.08606	1	-0.00584	-0.00990	0.68362	0.00362	1	0.06007	-0.01403	0.65193	0.00369	1	1.45898	0.81042	0	
1249020	8424.54590	3305045052033	0.47369	0.38423	8424.41895	0.12695	11275	1	0.49167	0.32193	1	0.46227	0.38667	1	0.47697	0.35430	1	0.47609	0.53784	11.50605	1.07698	1	0.73990	0.56154	12.73129	1.06932	1	-0.00584	-0.00990	0.68362	0.00404	1	0.06007	-0.01403	0.65193	0.00357	1	1.45898	0.81042	0	
1249021	8424.55273	3305045121663	0.47459	0.35821	8424.41895	0.12695	11275	0	0.50970	0.39323	1	0.47922	0.37239	1	0.49446	0.38281	1	0.47621	0.53847	11.55144	1.06023	1	0.74016	0.56111	12.04508	1.05257	1	-0.00584	-0.00990	0.68362	0.00362	1	0.06007	-0.01403	0.65193	0.00368	1	1.45898	0.81042	0	
1249022	8424.55957	3305045190944	0.48516	0.37677	8424.41895	0.12695	11275	0	0.51261	0.41162	1	0.47887	0.37903	1	0.49574	0.39532	1	0.47609	0.53766	11.10279	1.03547	1	0.73989	0.56174	12.22387	1.04415	1	-0.00567	-0.00978	0.66876	0.00396	1	0.06446	-0.01513	0.70058	0.00359	1	1.45898	0.81042	0	
1249023	8424.56641	3305045258021	0.48218	0.37070	8424.41895	0.12695	11275	0	0.49992	0.37379	1	0.45249	0.34333	1	0.47621	0.35856	1	0.47611	0.53869	11.71056	1.03613	1	0.74009	0.56157	11.87997	1.05247	1	-0.00567	-0.00978	0.66876	0.00361	1	0.06446	-0.01513	0.70058	0.00377	1	1.45898	0.81042	0	
1249024	8424.57324	3305045325007	0.47872	0.36845	8424.55273	0.02051	11276	1	0.49772	0.37915	1	0.43899	0.34428	1	0.46836	0.36171	1	0.47608	0.53818	11.24164	1.04446	1	0.73992	0.56150	12.12055	1.06080	1	-0.00567	-0.00978	0.66876	0.00382	1	0.06446	-0.01513	0.70058	0.00402	1	1.45898	0.81042	0	
1249025	8424.58008	3305045391874	0.47633	0.36380	8424.55273	0.02734	11276	1	0.49446	0.35961	1	0.43906	0.33080	1	0.46676	0.34521	1	0.47674	0.53857	11.31937	1.06988	1	0.74093	0.56250	12.37256	1.07754	1	-0.00588	-0.01038	0.70619	0.00362	1	0.06224	-0.01468	0.67487	0.00375	1	1.45898	0.81042	0	
1249026	8424.58594	3305045458936	0.48060	0.35644	8424.55273	0.03320	11276	1	0.51819	0.31724	1	0.48577	0.32197	1	0.50198	0.31961	1	0.47726	0.53846	11.98934	1.09464	1	0.74097	0.56187	11.97708	1.08596	1	-0.00588	-0.01038	0.70619	0.00370	1	0.06224	-0.01468	0.67487	0.00399	1	1.45898	0.81042	0	
1249027	8424.59277	3305045524371	0.48176	0.35142	8424.55273	0.04004	11276	1	0.49534	0.33071	1	0.48198	0.31191	1	0.48866	0.32131	1	0.47698	0.53885	11.53256	1.10307	1	0.74090	0.56179	12.14059	1.09439	1	-0.00588	-0.01038	0.70619	0.00359	1	0.06224	-0.01468	0.67487	0.00411	1	1.45898	0.81042	0	
1249028	8424.59961	3305045592702	0.48256	0.34721	8424.55273	0.04688	11276	1	0.49430	0.32421	1	0.48201	0.31129	1	0.48815	0.31775	1	0.47760	0.53911	11.18431	1.11149	1	0.74078	0.56210	11.97047	1.09515	1	-0.00584	-0.01036	0.70122	0.00353	1	0.05959	-0.01407	0.64455	0.00394	1	1.45898	0.81042	0	
1249029	8424.60645	3305045659794	0.48355	0.34836	8424.55273	0.05371	11276	1	0.51813	0.34815	1	0.46488	0.36705	1	0.49150	0.35760	1	0.47731	0.53883	12.07198	1.09515	1	0.74068	0.56246	12.01686	1.08749	1	-0.00584	-0.01036	0.70122	0.00361	1	0.05959	-0.01407	0.64455	0.00380	1	1.45898	0.81042	0	
1249030	8424.61328	3305045726942	0.48440	0.35185	8424.55273	0.06055	11276	1	0.52351	0.35999	1	0.46067	0.40652	1	0.49209	0.38326	1	0.47739	0.53887	11.93744	1.08749	1	0.74064	0.56232	12.20031	1.07983	1	-0.00584	-0.01036	0.70122	0.00360	1	0.05959	-0.01407	0.64455	0.00383	1	1.45898	0.81042	0	
1249031	8424.62012	3305045794164	0.48516	0.35584	8424.55273	0.06738	11276	1	0.52524	0.37262	1	0.46028	0.41883	1	0.49276	0.39573	1	0.47769	0.53906	11.48923	1.07074	1	0.74072	0.56289	12.50374	1.06308	1	-0.00561	-0.01000	0.68055	0.00348	1	0.05959	-0.01407	0.64455	0.00377	1	1.45898	0.81042	0	
1249032	8424.62695	3305045860816	0.48694	0.34860	8424.55273	0.07422	11276	1	0.51162	0.17118	1	0.50132	0.36668	1	0.50647	0.26893	1	0.47724	0.53690	11.54162	1.05400	1	0.74128	0.56212	12.65580	1.05400	1	-0.00561	-0.01000	0.68055	0.00234	1	0.05959	-0.01407	0.64455	0.00366	1	1.45898	0.81042	0	
1249033	8424.63281	3305045927646	0.48950	0.35113	8424.55273	0.08008	11276	1	0.54009	0.35729	1	0.50035	0.40560	1	0.52022	0.38145	1	0.47760	0.53922	11.53013	1.04491	1	0.74133	0.56251	12.12828	1.04491	1	-0.00561	-0.01000	0.68055	0.00343	1	0.05959	-0.01407	0.64455	0.00356	1	1.45898	0.81042	0	
1249034	8424.63965	3305045994926	0.49171	0.35424	8424.55273	0.08691	11276	1	0.54169	0.37074	1	0.49931	0.41866	1	0.52050	0.39470	1	0.47781	0.53957	11.77816	1.02781	1	0.74142	0.56258	12.22115	1.02781	1	-0.00546	-0.00987	0.66800	0.00337	1	0.06064	-0.01436	0.65588	0.00348	1	1.45898	0.81042	0	
1249035	8424.64648	3305046062091	0.49257	0.35985	8424.55273	0.09375	11276	1	0.55600	0.42833	1	0.45322	0.44858	1	0.50461	0.43845	1	0.47777	0.53984	11.38216	1.01979	1	0.74097	0.56269	12.17393	1.01979	1	-0.00546	-0.00987	0.66800	0.00359	1	0.06064	-0.01436	0.65588	0.00359	1	1.45898	0.81042	0	
1249036	8424.65332	3305046128614	0.49393	0.36350	8424.55273	0.10059	11276	1	0.56099	0.42286	1	0.46766	0.41341	1	0.51433	0.41814	1	0.47779	0.53952	11.57044	1.01178	1	0.74121	0.56235	11.46816	1.01178	1	-0.00546	-0.00987	0.66800	0.00344	1	0.06064	-0.01436	0.65588	0.00364	1	1.45898	0.81042	0	
1249037	8424.66016	3305046195589	0.49515	0.36689	8424.55273	0.10742	11276	1	0.56162	0.42884	1	0.46765	0.41369	1	0.51464	0.42127	1	0.47785	0.53992	11.75806	1.00376	1	0.74129	0.56270	11.75109	1.01142	1	-0.00546	-0.00987	0.66800	0.00358	1	0.06256	-0.01488	0.67721	0.00360	1	1.45898	0.81042	0	
1249038	8424.66699	3305046262838	0.49591	0.37071	8424.55273	0.11426	11276	1	0.54641	0.44225	1	0.47118	0.42873	1	0.50880	0.43549	1	0.47752	0.53931	12.07901	1.01142	1	0.74122	0.56262	11.82478	1.01908	1	-0.00546	-0.00987	0.66800	0.00349	1	0.06256	-0.01488	0.67721	0.00351	1	1.45898	0.81042	0	
1249039	8424.67383	3305046329516	0.49698	0.37686	8424.55273	0.12109	11276	1	0.56364	0.50050	1	0.46881	0.47494	1	0.51623	0.48772	1	0.47782	0.53994	11.78236	1.01908	1	0.74120	0.56306	11.68024	1.02674	1	-0.00546	-0.00987	0.66800	0.00352	1	0.06256	-0.01488	0.67721	0.00381	1	1.45898	0.81042	0	
1249040	8424.67969	3305046396469	0.50815	0.40446	8424.55273	0.12109	11276	0	0.56177	0.48404	1	0.46961	0.45742	1	0.51569	0.47073	1	0.47790	0.53949	11.59467	1.04384	1	0.74146	0.56269	12.37053	1.05150	1	-0.00580	-0.01053	0.70908	0.00371	1	0.06431	-0.01522	0.69504	0.00370	1	1.45898	0.81042	0	
1249041	8424.68652	3305046461292	0.51343	0.39549	8424.55273	0.12109	11276	0	0.55502	0.32998	1	0.48239	0.44305	1	0.51870	0.38652	1	0.47784	0.53954	11.75461	1.06860	1	0.74145	0.56310	12.35415	1.06860	1	-0.00580	-0.01053	0.70908	0.00367	1	0.06431	-0.01522	0.69504	0.00382	1	1.45898	0.81042	0	
1249042	8424.69336	3305046530321	0.51266	0.38792	8424.55273	0.12109	11276	0	0.51933	0.37900	1	0.50291	0.36659	1	0.51112	0.37280	1	0.47760	0.53967	11.50039	1.08571	1	0.74169	0.56291	12.04100	1.08571	1	-0.00580	-0.01053	0.70908	0.00363	1	0.06431	-0.01522	0.69504	0.00394	1	1.45898	0.81042	0	
1249043	8424.70020	3305046597221	0.51048	0.37929	8424.67969	0.02051	11277	1	0.51933	0.37900	0	0.50395	0.35340	1	0.50395	0.35340	1	0.47760	0.53967	11.50039	1.10281	0	0.74166	0.56337	12.18240	1.10281	1	-0.00580	-0.01053	0.70908	0.00363	1	0.06431	-0.01522	0.69504	0.00382	1	1.45898	0.81042	0	
1249044	8424.70703	3305046662490	0.51048	0.37929	8424.67969	0.02734	11277	1	0.51933	0.37900	0	0.50395	0.35340	0	0.50395	0.35340	0	0.47760	0.53967	11.50039	1.10281	0	0.74166	0.56337	12.18240	1.10281	0	-0.00580	-0.01053	0.70908	0.00363	1	0.06431	-0.01522	0.69504	0.00382	1	1.45898	0.81042	0	
1249045	8424.71289	3305046728902	0.51048	0.37929	8424.67969	0.03320	11277	1	0.51933	0.37900	0	0.50395	0.35340	0	0.50395	0.35340	0	0.47760	0.53967	11.50039	1.10281	0	0.74166	0.56337	12.18240	1.10281	0	-0.00580	-0.01053	0.70908	0.00363	1	0.06431	-0.01522	0.69504	0.00382	1	1.45898	0.81042	0	
1249046	8424.72070	3305046798092	0.51048	0.37929	8424.67969	0.04102	11277	1	0.51933	0.37900	0	0.50395	0.35340	0	0.50395	0.35340	0	0.47760	0.53967	11.50039	1.10281	0	0.74166	0.56337	12.18240	1.10281	0	-0.00580	-0.01053	0.70908	0.00363	1	0.06431	-0.01522	0.69504	0.00382	1	1.45898	0.81042	0	
1249047	8424.72656	3305046865212	0.51126	0.37090	8424.67969	0.04102	11277	0	0.51933	0.37900	0	0.50395	0.35340	0	0.50395	0.35340	0	0.47760	0.53967	11.50039	1.10281	0	0.74166	0.56337	12.18240	1.10281	0	-0.00580	-0.01053	0.70908	0.00363	1	0.06431	-0.01522	0.69504	0.00382	1	1.45898	0.81042	0	
1249048	8424.73340	3305046931907	0.49086	0.39693	8424.67969	0.04102	11277	0	0.51933	0.37900	0	0.47047	0.42296	1	0.47047	0.42296	1	0.47760	0.53967	11.50039	1.10281	0	0.74165	0.56293	12.19026	1.10281	1	-0.00580	-0.01053	0.70908	0.00363	1	0.06431	-0.01522	0.69504	0.00344	1	1.45898	0.81042	0	
1249049	8424.74023	3305046999320	0.48399	0.40741	8424.67969	0.04102	11277	0	0.51933	0.37900	0	0.47023	0.42836	1	0.47023	0.42836	1	0.47760	0.53967	11.50039	1.10281	0	0.74165	0.56288	12.23827	1.09515	1	-0.00580	-0.01053	0.70908	0.00363	1	0.06114	-0.01451	0.66023	0.00343	1	1.45898	0.81042	0	
1249050	8424.74707	3305047066444	0.48399	0.40741	8424.72656	0.02051	11278	1	0.51933	0.37900	0	0.47023	0.42836	0	0.47023	0.42836	0	0.47760	0.53967	11.50039	1.09515	0	0.74165	0.56288	12.23827	1.08749	0	-0.00580	-0.01053	0.70908	0.00363	1	0.06114	-0.01451	0.66023	0.00343	1	1.45898	0.81042	0	
1249051	8424.75391	3305047133496	0.48399	0.40741	8424.72656	0.02734	11278	1	0.51933	0.37900	0	0.47023	0.42836	0	0.47023	0.42836	0	0.47760	0.53967	11.50039	1.08749	0	0.74165	0.56288	12.23827	1.07983	0	-0.00580	-0.01053	0.70908	0.00363	1	0.06114	-0.01451	0.66023	0.00343	1	1.45898	0.81042	0	
1249052	8424.76074	3305047200362	0.48399	0.40741	8424.72656	0.03418	11278	1	0.51933	0.37900	0	0.47023	0.42836	0	0.47023	0.42836	0	0.47760	0.53967	11.50039	1.07983	0	0.74165	0.56288	12.23827	1.07217	0	-0.00580	-0.01053	0.70908	0.00363	1	0.06114	-0.01451	0.66023	0.00343	1	1.45898	0.81042	0	
1249053	8424.76758	3305047267358	0.47035	0.42566	8424.72656	0.03418	11278	0	0.51933	0.37900	0	0.47023	0.42836	0	0.47023	0.42836	0	0.47760	0.53967	11.50039	1.07217	0	0.74165	0.56288	12.23827	1.07217	0	-0.00580	-0.01053	0.70908	0.00363	1	0.06114	-0.01451	0.66023	0.00343	1	1.45898	0.81042	0	
1249054	8424.77441	3305047334449	0.47035	0.42566	8424.72656	0.03418	11278	0	0.51933	0.37900	0	0.47023	0.42836	0	0.47023	0.42836	0	0.47760	0.53967	11.50039	1.07217	0	0.74165	0.56288	12.23827	1.07217	0	-0.00580	-0.01053	0.70908	0.00363	1	0.06114	-0.01451	0.66023	0.00343	1	1.45898	0.81042	0	
1249055	8424.78027	3305047400829	0.47035	0.42566	8424.72656	0.03418	11278	0	0.51933	0.37900	0	0.47023	0.42836	0	0.47023	0.42836	0	0.47760	0.53967	11.50039	1.07217	0	0.74165	0.56288	12.23827	1.07217	0	-0.00580	-0.01053	0.70908	0.00363	1	0.06114	-0.01451	0.66023	0.00343	1	1.45898	0.81042	0	
1249056	8424.78711	3305047468531	0.00000	0.00000	8424.72656	0.03418	11278	0	0.51933	0.37900	0	0.47023	0.42836	0	0.47023	0.42836	0	0.47760	0.53967	11.50039	1.07217	0	0.74165	0.56288	12.23827	1.07217	0	-0.00580	-0.01053	0.70908	0.00363	1	0.06114	-0.01451	0.66023	0.00343	1	1.45898	0.81042	0	
1249057	8424.79395	3305047535182	0.00000	0.00000	8424.72656	0.03418	11278	0	0.51933	0.37900	0	0.47023	0.42836	0	0.47023	0.42836	0	0.47760	0.53967	11.50039	1.07217	0	0.74165	0.56288	12.23827	1.07217	0	-0.00580	-0.01053	0.70908	0.00363	1	0.06114	-0.01451	0.66023	0.00343	1	1.45898	0.81042	0	
1249058	8424.80078	3305047601796	0.00000	0.00000	8424.72656	0.03418	11278	0	0.51933	0.37900	0	0.47023	0.42836	0	0.47023	0.42836	0	0.47760	0.53967	11.50039	1.07217	0	0.74165	0.56288	12.23827	1.07217	0	-0.00580	-0.01053	0.70908	0.00363	1	0.06114	-0.01451	0.66023	0.00343	1	1.45898	0.81042	0	
1249059	8424.80762	3305047669001	0.49407	0.40859	8424.72656	0.03418	11278	0	0.52349	0.41759	1	0.46465	0.39960	1	0.49407	0.40859	1	0.47844	0.53930	11.30431	1.07217	1	0.74186	0.56195	11.01632	1.07217	1	-0.00580	-0.01053	0.70908	0.00354	1	0.06114	-0.01451	0.66023	0.00373	1	1.45898	0.81042	0	
1249060	8424.81445	3305047736216	0.49804	0.41521	8424.72656	0.03418	11278	0	0.53336	0.43718	1	0.47065	0.40646	1	0.50201	0.42182	1	0.47859	0.53937	10.34582	1.07217	1	0.74203	0.56227	11.41577	1.07217	1	-0.00580	-0.01053	0.70908	0.00356	1	0.06114	-0.01451	0.66023	0.00368	1	1.45898	0.81042	0	
1249061	8424.82031	3305047802654	0.49946	0.41958	8424.72656	0.03418	11278	0	0.53424	0.44347	1	0.47036	0.41320	1	0.50230	0.42833	1	0.47884	0.53944	10.58451	1.06308	1	0.74200	0.56208	11.27476	1.06308	1	-0.00537	-0.01007	0.68881	0.00356	1	0.06097	-0.01420	0.65732	0.00389	1	1.45898	0.81042	0	
1249062	8424.82715	3305047870038	0.49859	0.42437	8424.80762	0.01953	11279	1	0.53139	0.44514	1	0.46054	0.43230	1	0.49596	0.43872	1	0.47855	0.53918	11.10734	1.05400	1	0.74188	0.56246	11.31036	1.05400	1	-0.00537	-0.01007	0.68881	0.00348	1	0.06097	-0.01420	0.65732	0.00370	1	1.45898	0.81042	0	
1249063	8424.83398	3305047937237	0.50019	0.42496	8424.80762	0.02637	11279	1	0.54396	0.44536	1	0.46926	0.40931	1	0.50661	0.42734	1	0.47872	0.53928	10.56346	1.04491	1	0.74195	0.56220	11.27875	1.04491	1	-0.00537	-0.01007	0.68881	0.00347	1	0.06097	-0.01420	0.65732	0.00386	1	1.45898	0.81042	0	
1249064	8424.84082	3305048003889	0.50128	0.42487	8424.80762	0.03320	11279	1	0.54396	0.44536	1	0.46950	0.40351	1	0.50673	0.42443	1	0.47865	0.53917	10.21525	1.04491	1	0.74203	0.56183	10.97287	1.05257	1	-0.00540	-0.01023	0.69943	0.00359	1	0.06378	-0.01484	0.68706	0.00391	1	1.45898	0.81042	0	
1249065	8424.84766	3305048070648	0.50192	0.41344	8424.80762	0.04004	11279	1	0.54051	0.34498	1	0.47104	0.34466	1	0.50577	0.34482	1	0.47880	0.53824	10.46887	1.06166	1	0.74199	0.56146	11.14861	1.06932	1	-0.00540	-0.01023	0.69943	0.00366	1	0.06378	-0.01484	0.68706	0.00390	1	1.45898	0.81042	0	
1249066	8424.85449	3305048137826	0.50183	0.41252	8424.80762	0.04688	11279	1	0.54957	0.36879	1	0.45278	0.44335	1	0.50117	0.40607	1	0.47886	0.53867	10.32650	1.07840	1	0.74173	0.56214	11.30827	1.08606	1	-0.00540	-0.01023	0.69943	0.00363	1	0.06378	-0.01484	0.68706	0.00397	1	1.45898	0.81042	0	
1249067	8424.86133	3305048204810	0.49639	0.41524	8424.80762	0.05371	11279	1	0.54957	0.36879	0	0.45292	0.43702	1	0.45292	0.43702	1	0.47886	0.53867	10.32650	1.09515	0	0.74200	0.56146	10.89739	1.09515	1	-0.00540	-0.01023	0.69943	0.00363	1	0.06150	-0.01427	0.66309	0.00381	1	1.45898	0.81042	0	
1249068	8424.86816	3305048272161	0.49639	0.41524	8424.80762	0.06055	11279	1	0.54957	0.36879	0	0.45292	0.43702	0	0.45292	0.43702	0	0.47886	0.53867	10.32650	1.09515	0	0.74200	0.56146	10.89739	1.08749	0	-0.00540	-0.01023	0.69943	0.00363	1	0.06150	-0.01427	0.66309	0.00381	1	1.45898	0.81042	0	
1249069	8424.87402	3305048339148	0.49393	0.40977	8424.80762	0.06641	11279	1	0.54957	0.36879	0	0.47173	0.36053	1	0.47173	0.36053	1	0.47886	0.53867	10.32650	1.08749	0	0.74198	0.56112	10.99456	1.07983	1	-0.00540	-0.01023	0.69943	0.00363	1	0.06150	-0.01427	0.66309	0.00391	1	1.45898	0.81042	0	
1249070	8424.88086	3305048405589	0.49393	0.40977	8424.80762	0.07324	11279	1	0.54957	0.36879	0	0.47173	0.36053	0	0.47173	0.36053	0	0.47886	0.53867	10.32650	1.07983	0	0.74198	0.56112	10.99456	1.07217	0	-0.00540	-0.01023	0.69943	0.00363	1	0.06150	-0.01427	0.66309	0.00391	1	1.45898	0.81042	0	
1249071	8424.88770	3305048471422	0.49393	0.40977	8424.80762	0.08008	11279	1	0.54957	0.36879	0	0.47173	0.36053	0	0.47173	0.36053	0	0.47886	0.53867	10.32650	1.07217	0	0.74198	0.56112	10.99456	1.07217	0	-0.00540	-0.01023	0.69943	0.00363	1	0.06150	-0.01427	0.66309	0.00391	1	1.45898	0.81042	0	
1249072	8424.89453	3305048536385	0.49393	0.40977	8424.80762	0.08691	11279	1	0.54957	0.36879	0	0.47173	0.36053	0	0.47173	0.36053	0	0.47886	0.53867	10.32650	1.07217	0	0.74198	0.56112	10.99456	1.07217	0	-0.00540	-0.01023	0.69943	0.00363	1	0.06150	-0.01427	0.66309	0.00391	1	1.45898	0.81042	0	
1249073	8424.90137	3305048607193	0.49191	0.40529	8424.80762	0.09375	11279	1	0.54957	0.36879	0	0.47173	0.36053	1	0.47173	0.36053	1	0.47886	0.53867	10.32650	1.07217	0	0.74208	0.56080	10.93323	1.07983	1	-0.00540	-0.01023	0.69943	0.00363	1	0.06378	-0.01479	0.68706	0.00378	1	1.45898	0.81042	0	
1249074	8424.90723	3305048670036	0.49121	0.40972	8424.80762	0.09961	11279	1	0.54957	0.36879	0	0.48349	0.45847	1	0.48349	0.45847	1	0.47886	0.53867	10.32650	1.07983	0	0.74221	0.56178	11.16131	1.08749	1	-0.00540	-0.01023	0.69943	0.00363	1	0.06378	-0.01479	0.68706	0.00363	1	1.45898	0.81042	0	
1249075	8424.91406	3305048738129	0.49010	0.41399	8424.80762	0.10645	11279	1	0.54957	0.36879	0	0.47685	0.46523	1	0.47685	0.46523	1	0.47886	0.53867	10.32650	1.08749	0	0.74215	0.56199	11.46071	1.09515	1	-0.00540	-0.01023	0.69943	0.00363	1	0.06378	-0.01479	0.68706	0.00357	1	1.45898	0.81042	0	
1249076	8424.92090	3305048805225	0.49010	0.41399	8424.80762	0.11328	11279	1	0.54957	0.36879	0	0.47685	0.46523	0	0.47685	0.46523	0	0.47886	0.53867	10.32650	1.09515	0	0.74215	0.56199	11.46071	1.10281	0	-0.00540	-0.01023	0.69943	0.00363	1	0.06378	-0.01479	0.68706	0.00357	1	1.45898	0.81042	0	
1249077	8424.92773	3305048871926	0.49010	0.41399	8424.80762	0.12012	11279	1	0.54957	0.36879	0	0.47685	0.46523	0	0.47685	0.46523	0	0.47886	0.53867	10.32650	1.10281	0	0.74215	0.56199	11.46071	1.10281	0	-0.00540	-0.01023	0.69943	0.00363	1	0.06378	-0.01479	0.68706	0.00357	1	1.45898	0.81042	0	
1249078	8424.93457	3305048942494	0.49010	0.41399	8424.80762	0.12695	11279	1	0.54957	0.36879	0	0.47685	0.46523	0	0.47685	0.46523	0	0.47886	0.53867	10.32650	1.10281	0	0.74215	0.56199	11.46071	1.10281	0	-0.00540	-0.01023	0.69943	0.00363	1	0.06378	-0.01479	0.68706	0.00357	1	1.45898	0.81042	0	
1249079	8424.94141	3305049006418	0.48977	0.41444	8424.80762	0.12695	11279	0	0.54957	0.36879	0	0.47685	0.46523	0	0.47685	0.46523	0	0.47886	0.53867	10.32650	1.10281	0	0.74215	0.56199	11.46071	1.10281	0	-0.00540	-0.01023	0.69943	0.00363	1	0.06378	-0.01479	0.68706	0.00357	1	1.45898	0.81042	0	
1249080	8424.94824	3305049073307	0.48977	0.41444	8424.80762	0.12695	11279	0	0.54957	0.36879	0	0.47685	0.46523	0	0.47685	0.46523	0	0.47886	0.53867	10.32650	1.10281	0	0.74215	0.56199	11.46071	1.10281	0	-0.00540	-0.01023	0.69943	0.00363	1	0.06378	-0.01479	0.68706	0.00357	1	1.45898	0.81042	0	
1249081	8424.95508	3305049142578	0.48977	0.41444	8424.80762	0.12695	11279	0	0.54957	0.36879	0	0.47685	0.46523	0	0.47685	0.46523	0	0.47886	0.53867	10.32650	1.10281	0	0.74215	0.56199	11.46071	1.10281	0	-0.00540	-0.01023	0.69943	0.00363	1	0.06378	-0.01479	0.68706	0.00357	1	1.45898	0.81042	0	
1249082	8424.96191	3305049211269	0.00000	0.00000	8424.80762	0.12695	11279	0	0.54957	0.36879	0	0.47685	0.46523	0	0.47685	0.46523	0	0.47886	0.53867	10.32650	1.10281	0	0.74215	0.56199	11.46071	1.10281	0	-0.00540	-0.01023	0.69943	0.00363	1	0.06378	-0.01479	0.68706	0.00357	1	1.45898	0.81042	0	
1249083	8424.96777	3305049275418	0.00000	0.00000	8424.80762	0.12695	11279	0	0.54957	0.36879	0	0.47685	0.46523	0	0.47685	0.46523	0	0.47886	0.53867	10.32650	1.10281	0	0.74215	0.56199	11.46071	1.10281	0	-0.00540	-0.01023	0.69943	0.00363	1	0.06378	-0.01479	0.68706	0.00357	1	1.45898	0.81042	0	
1249084	8424.97461	3305049343732	0.00000	0.00000	8424.80762	0.12695	11279	0	0.54957	0.36879	0	0.47685	0.46523	0	0.47685	0.46523	0	0.47886	0.53867	10.32650	1.10281	0	0.74215	0.56199	11.46071	1.10281	0	-0.00540	-0.01023	0.69943	0.00363	1	0.06378	-0.01479	0.68706	0.00357	1	1.45898	0.81042	0	
1249085	8424.98145	3305049410253	0.47713	0.46008	8424.80762	0.12695	11279	0	0.54957	0.36879	0	0.47713	0.46008	1	0.47713	0.46008	1	0.47844	0.53789	10.95010	1.10281	0	0.47844	0.53789	10.95010	1.10281	1	-0.00540	-0.01023	0.69943	0.00363	1	-0.00531	-0.00970	0.68037	0.00357	1	1.45898	0.81042	0	
1249086	8424.98828	3305049477997	0.42402	0.41089	8424.80762	0.12695	11279	0	0.54957	0.36879	0	0.37091	0.36171	1	0.37091	0.36171	1	0.47844	0.53789	10.95010	1.10281	0	0.47826	0.53811	10.48250	1.10281	1	-0.00540	-0.01023	0.69943	0.00363	1	-0.00531	-0.00970	0.68037	0.00365	1	1.45898	0.81042	0	
1249087	8424.99512	3305049544854	0.40727	0.40577	8424.80762	0.12695	11279	0	0.54957	0.36879	0	0.37377	0.39553	1	0.37377	0.39553	1	0.47844	0.53789	10.95010	1.10281	0	0.47839	0.53797	10.64094	1.10281	1	-0.00540	-0.01023	0.69943	0.00363	1	-0.00531	-0.00970	0.68037	0.00358	1	1.45898	0.81042	0	
1249088	8425.00195	3305049611789	0.37282	0.38426	8424.80762	0.12695	11279	0	0.54957	0.36879	0	0.37377	0.39553	1	0.37377	0.39553	1	0.47844	0.53789	10.95010	1.10281	0	0.47828	0.53689	10.59345	1.10281	1	-0.00540	-0.01023	0.69943	0.00363	1	-0.00536	-0.00956	0.67428	0.00387	1	1.45898	0.81042	0	
1249089	8425.00879	3305049678607	0.37469	0.35267	8424.80762	0.12695	11279	0	0.54957	0.36879	0	0.37657	0.32108	1	0.37657	0.32108	1	0.47844	0.53789	10.95010	1.10281	0	0.47834	0.53723	10.67566	1.10281	1	-0.00540	-0.01023	0.69943	0.00363	1	-0.00536	-0.00956	0.67428	0.00373	1	1.45898	0.81042	0	
1249090	8425.01465	3305049745600	0.37082	0.36254	8424.80762	0.12695	11279	0	0.54957	0.36879	0	0.36309	0.38228	1	0.36309	0.38228	1	0.47844	0.53789	10.95010	1.10281	0	0.47818	0.53733	10.40945	1.10281	1	-0.00540	-0.01023	0.69943	0.00363	1	-0.00536	-0.00956	0.67428	0.00379	1	1.45898	0.81042	0	
1249091	8425.02148	3305049813154	0.36889	0.36747	8425.00195	0.01953	11280	1	0.54957	0.36879	0	0.36309	0.38228	1	0.36309	0.38228	1	0.47844	0.53789	10.95010	1.10281	0	0.47798	0.53738	10.27286	1.10281	1	-0.00540	-0.01023	0.69943	0.00363	1	-0.00536	-0.00956	0.67428	0.00383	1	1.45898	0.81042	0	
1249092	8425.02832	3305049879526	0.36983	0.36312	8425.00195	0.02637	11280	1	0.54957	0.36879	0	0.37359	0.34571	1	0.37359	0.34571	1	0.47844	0.53789	10.95010	1.10281	0	0.47787	0.53690	10.17317	1.10281	1	-0.00540	-0.01023	0.69943	0.00363	1	-0.00536	-0.00956	0.67428	0.00370	1	1.45898	0.81042	0	
1249093	8425.03516	3305049946560	0.37111	0.36168	8425.00195	0.03320	11280	1	0.54957	0.36879	0	0.37750	0.35447	1	0.37750	0.35447	1	0.47844	0.53789	10.95010	1.10281	0	0.47804	0.53710	10.16650	1.10281	1	-0.00540	-0.01023	0.69943	0.00363	1	-0.00536	-0.00956	0.67428	0.00373	1	1.45898	0.81042	0	
1249094	8425.04199	3305050014011	0.38425	0.36134	8425.00195	0.04004	11280	1	0.54830	0.35729	1	0.37795	0.36138	1	0.46313	0.35934	1	0.47827	0.53727	10.65392	1.09372	1	0.74207	0.55997	10.81287	1.09372	1	-0.00536	-0.00956	0.67428	0.00389	1	0.06431	-0.01460	0.69504	0.00376	1	1.45898	0.81042	0	
1249095	8425.04883	3305050080524	0.40069	0.37386	8425.00195	0.04688	11280	1	0.53578	0.41646	1	0.49574	0.50646	1	0.51576	0.46146	1	0.47827	0.53766	10.99970	1.08464	1	0.74206	0.56083	11.34549	1.08464	1	-0.00536	-0.00956	0.67428	0.00358	1	0.06431	-0.01460	0.69504	0.00393	1	1.45898	0.81042	0	
1249096	8425.05566	3305050147757	0.41254	0.38489	8425.00195	0.05371	11280	1	0.52110	0.48200	1	0.49362	0.46422	1	0.50736	0.47311	1	0.47796	0.53770	10.91924	1.07555	1	0.74199	0.56031	10.97109	1.07555	1	-0.00536	-0.00956	0.67428	0.00366	1	0.06431	-0.01460	0.69504	0.00391	1	1.45898	0.81042	0	
1249097	8425.06152	3305050213937	0.42060	0.39344	8425.00195	0.05957	11280	1	0.52110	0.48200	0	0.49314	0.47046	1	0.49314	0.47046	1	0.47796	0.53770	10.91924	1.06646	0	0.47793	0.53710	10.20883	1.06646	1	-0.00536	-0.00956	0.67428	0.00366	1	-0.00536	-0.00956	0.67428	0.00373	1	1.45898	0.81042	0	
1249098	8425.06836	3305050281419	0.41909	0.40016	8425.00195	0.06641	11280	1	0.52110	0.48200	0	0.40398	0.46728	1	0.40398	0.46728	1	0.47796	0.53770	10.91924	1.06646	0	0.47802	0.53785	10.85173	1.06646	1	-0.00536	-0.00956	0.67428	0.00366	1	-0.00536	-0.00956	0.67428	0.00372	1	1.45898	0.81042	0	
1249099	8425.07520	3305050348397	0.41728	0.40232	8425.00195	0.07324	11280	1	0.52110	0.48200	0	0.39738	0.42608	1	0.39738	0.42608	1	0.47796	0.53770	10.91924	1.06646	0	0.47793	0.53748	10.40681	1.06646	1	-0.00536	-0.00956	0.67428	0.00366	1	-0.00536	-0.00956	0.67428	0.00384	1	1.45898	0.81042	0	
1249100	8425.08203	3305050415755	0.41575	0.40415	8425.00195	0.08008	11280	1	0.52110	0.48200	0	0.39738	0.42608	1	0.39738	0.42608	1	0.47796	0.53770	10.91924	1.06646	0	0.47763	0.53765	10.89410	1.06646	1	-0.00536	-0.00956	0.67428	0.00366	1	-0.00561	-0.00960	0.68055	0.00366	1	1.45898	0.81042	0	
1249101	8425.08887	3305050482684	0.41575	0.40415	8425.00195	0.08691	11280	1	0.52110	0.48200	0	0.39738	0.42608	0	0.39738	0.42608	0	0.47796	0.53770	10.91924	1.06646	0	0.47763	0.53765	10.89410	1.06646	0	-0.00536	-0.00956	0.67428	0.00366	1	-0.00561	-0.00960	0.68055	0.00366	1	1.45898	0.81042	0	
1249102	8425.09473	3305050547260	0.41575	0.40415	8425.00195	0.09277	11280	1	0.52110	0.48200	0	0.39738	0.42608	0	0.39738	0.42608	0	0.47796	0.53770	10.91924	1.06646	0	0.47763	0.53765	10.89410	1.06646	0	-0.00536	-0.00956	0.67428	0.00366	1	-0.00561	-0.00960	0.68055	0.00366	1	1.45898	0.81042	0	
1249103	8425.10156	3305050614359	0.41575	0.40415	8425.00195	0.09961	11280	1	0.52110	0.48200	0	0.39738	0.42608	0	0.39738	0.42608	0	0.47796	0.53770	10.91924	1.06646	0	0.47763	0.53765	10.89410	1.06646	0	-0.00536	-0.00956	0.67428	0.00366	1	-0.00561	-0.00960	0.68055	0.00366	1	1.45898	0.81042	0	
1249104	8425.10840	3305050678731	0.41933	0.40580	8425.00195	0.09961	11280	0	0.52110	0.48200	0	0.39738	0.42608	0	0.39738	0.42608	0	0.47796	0.53770	10.91924	1.06646	0	0.47763	0.53765	10.89410	1.06646	0	-0.00536	-0.00956	0.67428	0.00366	1	-0.00561	-0.00960	0.68055	0.00366	1	1.45898	0.81042	0	
1249105	8425.11523	3305050749753	0.41933	0.40580	8425.00195	0.09961	11280	0	0.52110	0.48200	0	0.39738	0.42608	0	0.39738	0.42608	0	0.47796	0.53770	10.91924	1.06646	0	0.47763	0.53765	10.89410	1.06646	0	-0.00536	-0.00956	0.67428	0.00366	1	-0.00561	-0.00960	0.68055	0.00366	1	1.45898	0.81042	0	
1249106	8425.12207	3305050817295	0.41933	0.40580	8425.00195	0.09961	11280	0	0.52110	0.48200	0	0.39738	0.42608	0	0.39738	0.42608	0	0.47796	0.53770	10.91924	1.06646	0	0.47763	0.53765	10.89410	1.06646	0	-0.00536	-0.00956	0.67428	0.00366	1	-0.00561	-0.00960	0.68055	0.00366	1	1.45898	0.81042	0	
1249107	8425.12891	3305050883827	0.48386	0.47225	8425.00195	0.09961	11280	0	0.52110	0.48200	0	0.48386	0.47225	1	0.48386	0.47225	1	0.47796	0.53770	10.91924	1.06646	0	0.74108	0.56015	11.44994	1.06646	1	-0.00536	-0.00956	0.67428	0.00366	1	-0.00561	-0.00960	0.68055	0.00363	1	1.45898	0.81042	0	
1249108	8425.13574	3305050951543	0.48386	0.47225	8425.00195	0.09961	11280	0	0.52110	0.48200	0	0.48386	0.47225	0	0.48386	0.47225	0	0.47796	0.53770	10.91924	1.06646	0	0.74108	0.56015	11.44994	1.06646	0	-0.00536	-0.00956	0.67428	0.00366	1	-0.00561	-0.00960	0.68055	0.00363	1	1.45898	0.81042	0	
1249109	8425.14258	3305051018107	0.48386	0.47225	8425.00195	0.09961	11280	0	0.52110	0.48200	0	0.48386	0.47225	0	0.48386	0.47225	0	0.47796	0.53770	10.91924	1.06646	0	0.74108	0.56015	11.44994	1.06646	0	-0.00536	-0.00956	0.67428	0.00366	1	-0.00561	-0.00960	0.68055	0.00363	1	1.45898	0.81042	0	
1249110	8425.14941	3305051085417	0.48309	0.47460	8425.12891	0.02051	11281	1	0.52110	0.48200	0	0.48232	0.47695	1	0.48232	0.47695	1	0.47796	0.53770	10.91924	1.06646	0	0.74107	0.56006	11.12055	1.06646	1	-0.00536	-0.00956	0.67428	0.00366	1	-0.00561	-0.00960	0.68055	0.00372	1	1.45898	0.81042	0	
1249111	8425.15527	3305051151644	0.48309	0.47460	8425.12891	0.02637	11281	1	0.52110	0.48200	0	0.48232	0.47695	0	0.48232	0.47695	0	0.47796	0.53770	10.91924	1.06646	0	0.74107	0.56006	11.12055	1.06646	0	-0.00536	-0.00956	0.67428	0.00366	1	-0.00561	-0.00960	0.68055	0.00372	1	1.45898	0.81042	0	
1249112	8425.16211	3305051219038	0.48309	0.47460	8425.12891	0.03320	11281	1	0.52110	0.48200	0	0.48232	0.47695	0	0.48232	0.47695	0	0.47796	0.53770	10.91924	1.06646	0	0.74107	0.56006	11.12055	1.06646	0	-0.00536	-0.00956	0.67428	0.00366	1	-0.00561	-0.00960	0.68055	0.00372	1	1.45898	0.81042	0	
1249113	8425.16895	3305051286222	0.48309	0.47460	8425.12891	0.04004	11281	1	0.52110	0.48200	0	0.48232	0.47695	0	0.48232	0.47695	0	0.47796	0.53770	10.91924	1.06646	0	0.74107	0.56006	11.12055	1.06646	0	-0.00536	-0.00956	0.67428	0.00366	1	-0.00561	-0.00960	0.68055	0.00372	1	1.45898	0.81042	0	
1249114	8425.17578	3305051352843	0.48232	0.47695	8425.12891	0.04004	11281	0	0.52110	0.48200	0	0.48232	0.47695	0	0.48232	0.47695	0	0.47796	0.53770	10.91924	1.06646	0	0.74107	0.56006	11.12055	1.06646	0	-0.00536	-0.00956	0.67428	0.00366	1	-0.00561	-0.00960	0.68055	0.00372	1	1.45898	0.81042	0	
1249115	8425.18262	3305051420117	0.48232	0.47695	8425.12891	0.04004	11281	0	0.52110	0.48200	0	0.48232	0.47695	0	0.48232	0.47695	0	0.47796	0.53770	10.91924	1.06646	0	0.74107	0.56006	11.12055	1.06646	0	-0.00536	-0.00956	0.67428	0.00366	1	-0.00561	-0.00960	0.68055	0.00372	1	1.45898	0.81042	0	
1249116	8425.18945	3305051487480	0.48232	0.47695	8425.12891	0.04004	11281	0	0.52110	0.48200	0	0.48232	0.47695	0	0.48232	0.47695	0	0.47796	0.53770	10.91924	1.06646	0	0.74107	0.56006	11.12055	1.06646	0	-0.00536	-0.00956	0.67428	0.00366	1	-0.00561	-0.00960	0.68055	0.00372	1	1.45898	0.81042	0	
1249117	8425.19629	3305051553800	0.00000	0.00000	8425.12891	0.04004	11281	0	0.52110	0.48200	0	0.48232	0.47695	0	0.48232	0.47695	0	0.47796	0.53770	10.91924	1.06646	0	0.74107	0.56006	11.12055	1.06646	0	-0.00536	-0.00956	0.67428	0.00366	1	-0.00561	-0.00960	0.68055	0.00372	1	1.45898	0.81042	0	
1249118	8425.20215	3305051620076	0.00000	0.00000	8425.12891	0.04004	11281	0	0.52110	0.48200	0	0.48232	0.47695	0	0.48232	0.47695	0	0.47796	0.53770	10.91924	1.06646	0	0.74107	0.56006	11.12055	1.06646	0	-0.00536	-0.00956	0.67428	0.00366	1	-0.00561	-0.00960	0.68055	0.00372	1	1.45898	0.81042	0	
1249119	8425.20898	3305051688053	0.00000	0.00000	8425.12891	0.04004	11281	0	0.52110	0.48200	0	0.48232	0.47695	0	0.48232	0.47695	0	0.47796	0.53770	10.91924	1.06646	0	0.74107	0.56006	11.12055	1.06646	0	-0.00536	-0.00956	0.67428	0.00366	1	-0.00561	-0.00960	0.68055	0.00372	1	1.45898	0.81042	0	
1249120	8425.21582	3305051754622	0.37614	0.33788	8425.12891	0.04004	11281	0	0.52110	0.48200	0	0.37614	0.33788	1	0.37614	0.33788	1	0.47638	0.53647	10.31192	1.06646	0	0.47638	0.53647	10.31192	1.06646	1	-0.00536	-0.00956	0.67428	0.00366	1	-0.00561	-0.00960	0.68055	0.00383	1	1.45898	0.81042	0	
1249121	8425.22266	3305051822034	0.37614	0.33788	8425.12891	0.04004	11281	0	0.52110	0.48200	0	0.37614	0.33788	1	0.37614	0.33788	1	0.47638	0.53647	10.31192	1.06646	0	0.47645	0.53647	10.41238	1.06646	1	-0.00536	-0.00956	0.67428	0.00366	1	-0.00584	-0.00964	0.68361	0.00383	1	1.45898	0.81042	0	
1249122	8425.22949	3305051889236	0.38574	0.35494	8425.12891	0.04004	11281	0	0.52110	0.48200	0	0.40495	0.38907	1	0.40495	0.38907	1	0.47638	0.53647	10.31192	1.06646	0	0.47681	0.53713	9.74911	1.06646	1	-0.00536	-0.00956	0.67428	0.00366	1	-0.00584	-0.00964	0.68361	0.00362	1	1.45898	0.81042	0	
1249123	8425.23633	3305051956237	0.38574	0.35494	8425.21582	0.02051	11282	1	0.52110	0.48200	0	0.40495	0.38907	0	0.40495	0.38907	0	0.47638	0.53647	10.31192	1.06646	0	0.48166	0.50126	7.97192	1.06646	1	-0.00536	-0.00956	0.67428	0.00366	1	-0.00584	-0.00964	0.68361	0.00271	1	1.45898	0.81042	0	
1249124	8425.24316	3305052023136	0.38574	0.35494	8425.21582	0.02734	11282	1	0.52110	0.48200	0	0.40495	0.38907	0	0.40495	0.38907	0	0.47638	0.53647	10.31192	1.06646	0	0.48166	0.50126	7.97192	1.06646	0	-0.00536	-0.00956	0.67428	0.00366	1	-0.00584	-0.00964	0.68361	0.00271	1	1.45898	0.81042	0	
1249125	8425.24902	3305052089774	0.38574	0.35494	8425.21582	0.03320	11282	1	0.52110	0.48200	0	0.40495	0.38907	0	0.40495	0.38907	0	0.47638	0.53647	10.31192	1.06646	0	0.48166	0.50126	7.97192	1.06646	0	-0.00536	-0.00956	0.67428	0.00366	1	-0.00584	-0.00964	0.68361	0.00271	1	1.45898	0.81042	0	
1249126	8425.25586	3305052156822	0.39054	0.36347	8425.21582	0.03320	11282	0	0.52110	0.48200	0	0.40495	0.38907	0	0.40495	0.38907	0	0.47638	0.53647	10.31192	1.06646	0	0.48166	0.50126	7.97192	1.06646	0	-0.00536	-0.00956	0.67428	0.00366	1	-0.00584	-0.00964	0.68361	0.00271	1	1.45898	0.81042	0	
1249127	8425.26270	3305052224067	0.39054	0.36347	8425.21582	0.03320	11282	0	0.52110	0.48200	0	0.40495	0.38907	0	0.40495	0.38907	0	0.47638	0.53647	10.31192	1.06646	0	0.48166	0.50126	7.97192	1.06646	0	-0.00536	-0.00956	0.67428	0.00366	1	-0.00584	-0.00964	0.68361	0.00271	1	1.45898	0.81042	0	
1249128	8425.26953	3305052291523	0.39054	0.36347	8425.21582	0.03320	11282	0	0.52110	0.48200	0	0.40495	0.38907	0	0.40495	0.38907	0	0.47638	0.53647	10.31192	1.06646	0	0.48166	0.50126	7.97192	1.06646	0	-0.00536	-0.00956	0.67428	0.00366	1	-0.00584	-0.00964	0.68361	0.00271	1	1.45898	0.81042	0	
1249129	8425.27637	3305052358422	0.00000	0.00000	8425.21582	0.03320	11282	0	0.52110	0.48200	0	0.40495	0.38907	0	0.40495	0.38907	0	0.47638	0.53647	10.31192	1.06646	0	0.48166	0.50126	7.97192	1.06646	0	-0.00536	-0.00956	0.67428	0.00366	1	-0.00584	-0.00964	0.68361	0.00271	1	1.45898	0.81042	0	
1249130	8425.28320	3305052423855	0.00000	0.00000	8425.21582	0.03320	11282	0	0.52110	0.48200	0	0.40495	0.38907	0	0.40495	0.38907	0	0.47638	0.53647	10.31192	1.06646	0	0.48166	0.50126	7.97192	1.06646	0	-0.00536	-0.00956	0.67428	0.00366	1	-0.00584	-0.00964	0.68361	0.00271	1	1.45898	0.81042	0	
1249131	8425.28906	3305052490109	0.00000	0.00000	8425.21582	0.03320	11282	0	0.52110	0.48200	0	0.40495	0.38907	0	0.40495	0.38907	0	0.47638	0.53647	10.31192	1.06646	0	0.48166	0.50126	7.97192	1.06646	0	-0.00536	-0.00956	0.67428	0.00366	1	-0.00584	-0.00964	0.68361	0.00271	1	1.45898	0.81042	0	
1249132	8425.29590	3305052555570	0.00000	0.00000	8425.21582	0.03320	11282	0	0.52110	0.48200	0	0.40495	0.38907	0	0.40495	0.38907	0	0.47638	0.53647	10.31192	1.06646	0	0.48166	0.50126	7.97192	1.06646	0	-0.00536	-0.00956	0.67428	0.00366	1	-0.00584	-0.00964	0.68361	0.00271	1	1.45898	0.81042	0	
1249133	8425.30273	3305052625241	0.00000	0.00000	8425.21582	0.03320	11282	0	0.52110	0.48200	0	0.40495	0.38907	0	0.40495	0.38907	0	0.47638	0.53647	10.31192	1.06646	0	0.48166	0.50126	7.97192	1.06646	0	-0.00536	-0.00956	0.67428	0.00366	1	-0.00584	-0.00964	0.68361	0.00271	1	1.45898	0.81042	0	
1249134	8425.30957	3305052690740	0.00000	0.00000	8425.21582	0.03320	11282	0	0.52110	0.48200	0	0.40495	0.38907	0	0.40495	0.38907	0	0.47638	0.53647	10.31192	1.06646	0	0.48166	0.50126	7.97192	1.06646	0	-0.00536	-0.00956	0.67428	0.00366	1	-0.00584	-0.00964	0.68361	0.00271	1	1.45898	0.81042	0	
1249135	8425.31641	3305052756325	0.00000	0.00000	8425.21582	0.03320	11282	0	0.52110	0.48200	0	0.40495	0.38907	0	0.40495	0.38907	0	0.47638	0.53647	10.31192	1.06646	0	0.48166	0.50126	7.97192	1.06646	0	-0.00536	-0.00956	0.67428	0.00366	1	-0.00584	-0.00964	0.68361	0.00271	1	1.45898	0.81042	0	
1249136	8425.32324	3305052824280	0.00000	0.00000	8425.21582	0.03320	11282	0	0.52110	0.48200	0	0.40495	0.38907	0	0.40495	0.38907	0	0.47638	0.53647	10.31192	1.06646	0	0.48166	0.50126	7.97192	1.06646	0	-0.00536	-0.00956	0.67428	0.00366	1	-0.00584	-0.00964	0.68361	0.00271	1	1.45898	0.81042	0	
1249137	8425.32910	3305052890889	0.00000	0.00000	8425.21582	0.03320	11282	0	0.52110	0.48200	0	0.40495	0.38907	0	0.40495	0.38907	0	0.47638	0.53647	10.31192	1.06646	0	0.48166	0.50126	7.97192	1.06646	0	-0.00536	-0.00956	0.67428	0.00366	1	-0.00584	-0.00964	0.68361	0.00271	1	1.45898	0.81042	0	
1249138	8425.33691	3305052959818	0.00000	0.00000	8425.21582	0.03320	11282	0	0.52110	0.48200	0	0.40495	0.38907	0	0.40495	0.38907	0	0.47638	0.53647	10.31192	1.06646	0	0.48166	0.50126	7.97192	1.06646	0	-0.00536	-0.00956	0.67428	0.00366	1	-0.00584	-0.00964	0.68361	0.00271	1	1.45898	0.81042	0	
1249139	8425.34277	3305053025370	0.00000	0.00000	8425.21582	0.03320	11282	0	0.52110	0.48200	0	0.40495	0.38907	0	0.40495	0.38907	0	0.47638	0.53647	10.31192	1.06646	0	0.48166	0.50126	7.97192	1.06646	0	-0.00536	-0.00956	0.67428	0.00366	1	-0.00584	-0.00964	0.68361	0.00271	1	1.45898	0.81042	0	
1249140	8425.34961	3305053092062	0.00000	0.00000	8425.21582	0.03320	11282	0	0.52110	0.48200	0	0.40495	0.38907	0	0.40495	0.38907	0	0.47638	0.53647	10.31192	1.06646	0	0.48166	0.50126	7.97192	1.06646	0	-0.00536	-0.00956	0.67428	0.00366	1	-0.00584	-0.00964	0.68361	0.00271	1	1.45898	0.81042	0	
1249141	8425.35645	3305053157776	0.00000	0.00000	8425.21582	0.03320	11282	0	0.52110	0.48200	0	0.40495	0.38907	0	0.40495	0.38907	0	0.47638	0.53647	10.31192	1.06646	0	0.48166	0.50126	7.97192	1.06646	0	-0.00536	-0.00956	0.67428	0.00366	1	-0.00584	-0.00964	0.68361	0.00271	1	1.45898	0.81042	0	
1249142	8425.36328	3305053226218	0.00000	0.00000	8425.21582	0.03320	11282	0	0.52110	0.48200	0	0.40495	0.38907	0	0.40495	0.38907	0	0.47638	0.53647	10.31192	1.06646	0	0.48166	0.50126	7.97192	1.06646	0	-0.00536	-0.00956	0.67428	0.00366	1	-0.00584	-0.00964	0.68361	0.00271	1	1.45898	0.81042	0	
1249143	8425.37012	3305053295527	0.00000	0.00000	8425.21582	0.03320	11282	0	0.52110	0.48200	0	0.40495	0.38907	0	0.40495	0.38907	0	0.47638	0.53647	10.31192	1.06646	0	0.48166	0.50126	7.97192	1.06646	0	-0.00536	-0.00956	0.67428	0.00366	1	-0.00584	-0.00964	0.68361	0.00271	1	1.45898	0.81042	0	
1249144	8425.37695	3305053362639	0.00000	0.00000	8425.21582	0.03320	11282	0	0.52110	0.48200	0	0.40495	0.38907	0	0.40495	0.38907	0	0.47638	0.53647	10.31192	1.06646	0	0.48166	0.50126	7.97192	1.06646	0	-0.00536	-0.00956	0.67428	0.00366	1	-0.00584	-0.00964	0.68361	0.00271	1	1.45898	0.81042	0	
1249145	8425.38379	3305053429581	0.00000	0.00000	8425.21582	0.03320	11282	0	0.52110	0.48200	0	0.40495	0.38907	0	0.40495	0.38907	0	0.47638	0.53647	10.31192	1.06646	0	0.48166	0.50126	7.97192	1.06646	0	-0.00536	-0.00956	0.67428	0.00366	1	-0.00584	-0.00964	0.68361	0.00271	1	1.45898	0.81042	0	
1249146	8425.38965	3305053496326	0.00000	0.00000	8425.21582	0.03320	11282	0	0.52110	0.48200	0	0.40495	0.38907	0	0.40495	0.38907	0	0.47638	0.53647	10.31192	1.06646	0	0.48166	0.50126	7.97192	1.06646	0	-0.00536	-0.00956	0.67428	0.00366	1	-0.00584	-0.00964	0.68361	0.00271	1	1.45898	0.81042	0	
1249147	8425.39648	3305053564695	0.00000	0.00000	8425.21582	0.03320	11282	0	0.52110	0.48200	0	0.40495	0.38907	0	0.40495	0.38907	0	0.47638	0.53647	10.31192	1.06646	0	0.48166	0.50126	7.97192	1.06646	0	-0.00536	-0.00956	0.67428	0.00366	1	-0.00584	-0.00964	0.68361	0.00271	1	1.45898	0.81042	0	
1249148	8425.40332	3305053631903	0.00000	0.00000	8425.21582	0.03320	11282	0	0.52110	0.48200	0	0.40495	0.38907	0	0.40495	0.38907	0	0.47638	0.53647	10.31192	1.06646	0	0.48166	0.50126	7.97192	1.06646	0	-0.00536	-0.00956	0.67428	0.00366	1	-0.00584	-0.00964	0.68361	0.00271	1	1.45898	0.81042	0	
1249149	8425.41016	3305053698566	0.00000	0.00000	8425.21582	0.03320	11282	0	0.52110	0.48200	0	0.40495	0.38907	0	0.40495	0.38907	0	0.47638	0.53647	10.31192	1.06646	0	0.48166	0.50126	7.97192	1.06646	0	-0.00536	-0.00956	0.67428	0.00366	1	-0.00584	-0.00964	0.68361	0.00271	1	1.45898	0.81042	0	
1249150	8425.41699	3305053765909	0.00000	0.00000	8425.21582	0.03320	11282	0	0.52110	0.48200	0	0.40495	0.38907	0	0.40495	0.38907	0	0.47638	0.53647	10.31192	1.06646	0	0.48166	0.50126	7.97192	1.06646	0	-0.00536	-0.00956	0.67428	0.00366	1	-0.00584	-0.00964	0.68361	0.00271	1	1.45898	0.81042	0	
1249151	8425.42383	3305053832446	0.00000	0.00000	8425.21582	0.03320	11282	0	0.52110	0.48200	0	0.40495	0.38907	0	0.40495	0.38907	0	0.47638	0.53647	10.31192	1.06646	0	0.48166	0.50126	7.97192	1.06646	0	-0.00536	-0.00956	0.67428	0.00366	1	-0.00584	-0.00964	0.68361	0.00271	1	1.45898	0.81042	0	
1249152	8425.43066	3305053899463	0.00000	0.00000	8425.21582	0.03320	11282	0	0.52110	0.48200	0	0.40495	0.38907	0	0.40495	0.38907	0	0.47638	0.53647	10.31192	1.06646	0	0.48166	0.50126	7.97192	1.06646	0	-0.00536	-0.00956	0.67428	0.00366	1	-0.00584	-0.00964	0.68361	0.00271	1	1.45898	0.81042	0	
1249153	8425.43750	3305053965555	0.00000	0.00000	8425.21582	0.03320	11282	0	0.52110	0.48200	0	0.40495	0.38907	0	0.40495	0.38907	0	0.47638	0.53647	10.31192	1.06646	0	0.48166	0.50126	7.97192	1.06646	0	-0.00536	-0.00956	0.67428	0.00366	1	-0.00584	-0.00964	0.68361	0.00271	1	1.45898	0.81042	0	
1249154	8425.44336	3305054030956	0.00000	0.00000	8425.21582	0.03320	11282	0	0.52110	0.48200	0	0.40495	0.38907	0	0.40495	0.38907	0	0.47638	0.53647	10.31192	1.06646	0	0.48166	0.50126	7.97192	1.06646	0	-0.00536	-0.00956	0.67428	0.00366	1	-0.00584	-0.00964	0.68361	0.00271	1	1.45898	0.81042	0	
1249155	8425.45020	3305054099486	0.00000	0.00000	8425.21582	0.03320	11282	0	0.52110	0.48200	0	0.40495	0.38907	0	0.40495	0.38907	0	0.47638	0.53647	10.31192	1.06646	0	0.48166	0.50126	7.97192	1.06646	0	-0.00536	-0.00956	0.67428	0.00366	1	-0.00584	-0.00964	0.68361	0.00271	1	1.45898	0.81042	0	
1249156	8425.45703	3305054166686	0.00000	0.00000	8425.21582	0.03320	11282	0	0.52110	0.48200	0	0.40495	0.38907	0	0.40495	0.38907	0	0.47638	0.53647	10.31192	1.06646	0	0.48166	0.50126	7.97192	1.06646	0	-0.00536	-0.00956	0.67428	0.00366	1	-0.00584	-0.00964	0.68361	0.00271	1	1.45898	0.81042	0	
1249157	8425.46387	3305054233977	0.00000	0.00000	8425.21582	0.03320	11282	0	0.52110	0.48200	0	0.40495	0.38907	0	0.40495	0.38907	0	0.47638	0.53647	10.31192	1.06646	0	0.48166	0.50126	7.97192	1.06646	0	-0.00536	-0.00956	0.67428	0.00366	1	-0.00584	-0.00964	0.68361	0.00271	1	1.45898	0.81042	0	
1249158	8425.47070	3305054300196	0.00000	0.00000	8425.21582	0.03320	11282	0	0.52110	0.48200	0	0.40495	0.38907	0	0.40495	0.38907	0	0.47638	0.53647	10.31192	1.06646	0	0.48166	0.50126	7.97192	1.06646	0	-0.00536	-0.00956	0.67428	0.00366	1	-0.00584	-0.00964	0.68361	0.00271	1	1.45898	0.81042	0	
1249159	8425.47656	3305054365054	0.00000	0.00000	8425.21582	0.03320	11282	0	0.52110	0.48200	0	0.40495	0.38907	0	0.40495	0.38907	0	0.47638	0.53647	10.31192	1.06646	0	0.48166	0.50126	7.97192	1.06646	0	-0.00536	-0.00956	0.67428	0.00366	1	-0.00584	-0.00964	0.68361	0.00271	1	1.45898	0.81042	0	
1249160	8425.48438	3305054434691	0.26104	0.24395	8425.21582	0.03320	11282	0	0.52207	0.48789	1	0.40495	0.38907	0	0.52207	0.48789	1	0.47497	0.53534	10.72599	1.06646	1	0.73874	0.55626	11.72087	1.06646	1	-0.00630	-0.00939	0.68827	0.00366	1	-0.00584	-0.00964	0.68361	0.00395	1	1.45898	0.81042	0	
1249161	8425.49121	3305054502511	0.32508	0.26589	8425.21582	0.03320	11282	0	0.52207	0.48789	0	0.45318	0.30977	1	0.45318	0.30977	1	0.47497	0.53534	10.72599	1.06646	0	0.73853	0.55623	11.92800	1.06646	1	-0.00630	-0.00939	0.68827	0.00366	1	-0.00584	-0.00964	0.68361	0.00398	1	1.45898	0.81042	0	
1249162	8425.49707	3305054569555	0.48762	0.39883	8425.21582	0.03320	11282	0	0.52207	0.48789	0	0.45318	0.30977	0	0.45318	0.30977	0	0.47497	0.53534	10.72599	1.06646	0	0.73853	0.55623	11.92800	1.06646	0	-0.00630	-0.00939	0.68827	0.00366	1	-0.00584	-0.00964	0.68361	0.00398	1	1.45898	0.81042	0	
1249163	8425.50391	3305054635097	0.48762	0.39883	8425.21582	0.03320	11282	0	0.52207	0.48789	0	0.45318	0.30977	0	0.45318	0.30977	0	0.47497	0.53534	10.72599	1.06646	0	0.73853	0.55623	11.92800	1.06646	0	-0.00630	-0.00939	0.68827	0.00366	1	-0.00584	-0.00964	0.68361	0.00398	1	1.45898	0.81042	0	
1249164	8425.51074	3305054701951	0.48762	0.39883	8425.21582	0.03320	11282	0	0.52207	0.48789	0	0.45318	0.30977	0	0.45318	0.30977	0	0.47497	0.53534	10.72599	1.06646	0	0.73853	0.55623	11.92800	1.06646	0	-0.00630	-0.00939	0.68827	0.00366	1	-0.00584	-0.00964	0.68361	0.00398	1	1.45898	0.81042	0	
1249165	8425.51758	3305054766093	0.00000	0.00000	8425.21582	0.03320	11282	0	0.52207	0.48789	0	0.45318	0.30977	0	0.45318	0.30977	0	0.47497	0.53534	10.72599	1.06646	0	0.73853	0.55623	11.92800	1.06646	0	-0.00630	-0.00939	0.68827	0.00366	1	-0.00584	-0.00964	0.68361	0.00398	1	1.45898	0.81042	0	
1249166	8425.52344	3305054833251	0.00000	0.00000	8425.21582	0.03320	11282	0	0.52207	0.48789	0	0.45318	0.30977	0	0.45318	0.30977	0	0.47497	0.53534	10.72599	1.06646	0	0.73853	0.55623	11.92800	1.06646	0	-0.00630	-0.00939	0.68827	0.00366	1	-0.00584	-0.00964	0.68361	0.00398	1	1.45898	0.81042	0	
1249167	8425.53027	3305054900939	0.00000	0.00000	8425.21582	0.03320	11282	0	0.52207	0.48789	0	0.45318	0.30977	0	0.45318	0.30977	0	0.47497	0.53534	10.72599	1.06646	0	0.73853	0.55623	11.92800	1.06646	0	-0.00630	-0.00939	0.68827	0.00366	1	-0.00584	-0.00964	0.68361	0.00398	1	1.45898	0.81042	0	
1249168	8425.53711	3305054968864	0.00000	0.00000	8425.21582	0.03320	11282	0	0.52207	0.48789	0	0.45318	0.30977	0	0.45318	0.30977	0	0.47497	0.53534	10.72599	1.06646	0	0.73853	0.55623	11.92800	1.06646	0	-0.00630	-0.00939	0.68827	0.00366	1	-0.00584	-0.00964	0.68361	0.00398	1	1.45898	0.81042	0	
1249169	8425.54395	3305055037243	0.00000	0.00000	8425.21582	0.03320	11282	0	0.52207	0.48789	0	0.45318	0.30977	0	0.45318	0.30977	0	0.47497	0.53534	10.72599	1.06646	0	0.73853	0.55623	11.92800	1.06646	0	-0.00630	-0.00939	0.68827	0.00366	1	-0.00584	-0.00964	0.68361	0.00398	1	1.45898	0.81042	0	
1249170	8425.55078	3305055104136	0.00000	0.00000	8425.21582	0.03320	11282	0	0.52207	0.48789	0	0.45318	0.30977	0	0.45318	0.30977	0	0.47497	0.53534	10.72599	1.06646	0	0.73853	0.55623	11.92800	1.06646	0	-0.00630	-0.00939	0.68827	0.00366	1	-0.00584	-0.00964	0.68361	0.00398	1	1.45898	0.81042	0	
1249171	8425.55762	3305055171397	0.38742	0.35733	8425.21582	0.03320	11282	0	0.52207	0.48789	0	0.38742	0.35733	1	0.38742	0.35733	1	0.47417	0.53489	11.47755	1.06646	0	0.47417	0.53489	11.47755	1.06646	1	-0.00630	-0.00939	0.68827	0.00366	1	-0.00584	-0.00964	0.68361	0.00386	1	1.45898	0.81042	0	
1249172	8425.56445	3305055238273	0.38742	0.35733	8425.21582	0.03320	11282	0	0.52207	0.48789	0	0.38742	0.35733	1	0.38742	0.35733	1	0.47417	0.53489	11.47755	1.06646	0	0.47412	0.53503	11.46137	1.06646	1	-0.00630	-0.00939	0.68827	0.00366	1	-0.00652	-0.00937	0.68998	0.00388	1	1.45898	0.81042	0	
1249173	8425.57129	3305055305062	0.37906	0.34486	8425.21582	0.03320	11282	0	0.52207	0.48789	0	0.36234	0.31993	1	0.36234	0.31993	1	0.47417	0.53489	11.47755	1.06646	0	0.47378	0.53495	11.14039	1.06646	1	-0.00630	-0.00939	0.68827	0.00366	1	-0.00652	-0.00937	0.68998	0.00385	1	1.45898	0.81042	0	
1249174	8425.57812	3305055371547	0.38003	0.33724	8425.55762	0.02051	11283	1	0.52207	0.48789	0	0.38295	0.31439	1	0.38295	0.31439	1	0.47417	0.53489	11.47755	1.06646	0	0.47408	0.53492	11.71451	1.06646	1	-0.00630	-0.00939	0.68827	0.00366	1	-0.00652	-0.00937	0.68998	0.00379	1	1.45898	0.81042	0	
1249175	8425.58398	3305055439309	0.38069	0.33394	8425.55762	0.02637	11283	1	0.52207	0.48789	0	0.38331	0.32070	1	0.38331	0.32070	1	0.47417	0.53489	11.47755	1.06646	0	0.47407	0.53535	11.64726	1.05881	1	-0.00630	-0.00939	0.68827	0.00366	1	-0.00634	-0.00914	0.66589	0.00385	1	1.45898	0.81042	0	
1249176	8425.59082	3305055506511	0.38235	0.33664	8425.55762	0.03320	11283	1	0.52207	0.48789	0	0.39065	0.35013	1	0.39065	0.35013	1	0.47417	0.53489	11.47755	1.05881	0	0.47412	0.53569	11.93660	1.05115	1	-0.00630	-0.00939	0.68827	0.00366	1	-0.00634	-0.00914	0.66589	0.00369	1	1.45898	0.81042	0	
1249177	8425.59766	3305055572923	0.39795	0.34897	8425.55762	0.04004	11283	1	0.49428	0.40351	1	0.48877	0.44245	1	0.49153	0.42298	1	0.47366	0.53572	11.15302	1.05115	1	0.73838	0.55639	12.43045	1.04349	1	-0.00630	-0.00939	0.68827	0.00373	1	-0.00634	-0.00914	0.66589	0.00379	1	1.45898	0.81042	0	
1249178	8425.60449	3305055640446	0.40966	0.35774	8425.55762	0.04688	11283	1	0.49410	0.40246	1	0.48923	0.43584	1	0.49166	0.41915	1	0.47373	0.53512	11.62300	1.05257	1	0.73803	0.55660	12.86625	1.05257	1	-0.00673	-0.00954	0.70632	0.00362	1	0.06190	-0.01357	0.67777	0.00377	1	1.45898	0.81042	0	
1249179	8425.61133	3305055707283	0.41904	0.36061	8425.55762	0.05371	11283	1	0.51372	0.38340	1	0.47441	0.38375	1	0.49406	0.38358	1	0.47364	0.53561	11.19865	1.06166	1	0.73808	0.55659	12.88996	1.06932	1	-0.00673	-0.00954	0.70632	0.00375	1	0.06190	-0.01357	0.67777	0.00375	1	1.45898	0.81042	0	
1249180	8425.61816	3305055774130	0.42748	0.35976	8425.55762	0.06055	11283	1	0.52479	0.36861	1	0.48222	0.33562	1	0.50351	0.35211	1	0.47386	0.53549	11.72953	1.07840	1	0.73822	0.55629	12.88926	1.08606	1	-0.00673	-0.00954	0.70632	0.00370	1	0.06190	-0.01357	0.67777	0.00358	1	1.45898	0.81042	0	
1249181	8425.62500	3305055840929	0.43432	0.35716	8425.55762	0.06738	11283	1	0.52200	0.34819	1	0.48338	0.31397	1	0.50269	0.33108	1	0.47381	0.53572	11.73753	1.10553	1	0.73801	0.55564	12.76287	1.11319	1	-0.00694	-0.00987	0.72311	0.00358	1	0.06204	-0.01368	0.68042	0.00399	1	1.45898	0.81042	0	
1249182	8425.63086	3305055908023	0.43732	0.35284	8425.55762	0.07324	11283	1	0.49724	0.31468	1	0.44341	0.29610	1	0.47033	0.30539	1	0.47353	0.53532	11.26656	1.12357	1	0.73758	0.55604	12.08201	1.12357	1	-0.00694	-0.00987	0.72311	0.00358	1	0.06204	-0.01368	0.68042	0.00439	1	1.45898	0.81042	0	
1249183	8425.63770	3305055974896	0.43953	0.35096	8425.55762	0.08008	11283	1	0.49960	0.33483	1	0.43234	0.32185	1	0.46597	0.32834	1	0.47353	0.53536	11.44547	1.13396	1	0.73748	0.55705	12.42849	1.13396	1	-0.00694	-0.00987	0.72311	0.00356	1	0.06204	-0.01368	0.68042	0.00398	1	1.45898	0.81042	0	
1249184	8425.64453	3305056041571	0.44145	0.35005	8425.55762	0.08691	11283	1	0.50066	0.34161	1	0.43237	0.33478	1	0.46652	0.33820	1	0.47376	0.53541	11.42026	1.12487	1	0.73776	0.55685	12.80980	1.11721	1	-0.00672	-0.00957	0.68946	0.00365	1	0.05973	-0.01318	0.65567	0.00396	1	1.45898	0.81042	0	
1249185	8425.65137	3305056109162	0.44572	0.34168	8425.55762	0.09375	11283	1	0.50688	0.21426	1	0.50413	0.23480	1	0.50550	0.22453	1	0.47321	0.53401	11.51080	1.09774	1	0.73777	0.55620	12.08954	1.09008	1	-0.00672	-0.00957	0.68946	0.00410	1	0.05973	-0.01318	0.65567	0.00402	1	1.45898	0.81042	0	
1249186	8425.65820	3305056176269	0.44924	0.34238	8425.55762	0.10059	11283	1	0.50084	0.34089	1	0.50327	0.36483	1	0.50205	0.35286	1	0.47310	0.53503	11.83864	1.07062	1	0.73778	0.55682	12.37150	1.06296	1	-0.00672	-0.00957	0.68946	0.00377	1	0.05973	-0.01318	0.65567	0.00416	1	1.45898	0.81042	0	
1249187	8425.66504	3305056242814	0.48228	0.34855	8425.55762	0.10059	11283	0	0.50418	0.36218	1	0.50157	0.38624	1	0.50287	0.37421	1	0.47329	0.53525	11.86092	1.04349	1	0.73748	0.55630	12.68316	1.03583	1	-0.00672	-0.00957	0.68946	0.00374	1	0.06006	-0.01332	0.66033	0.00410	1	1.45898	0.81042	0	
1249188	8425.67188	3305056309376	0.49679	0.35056	8425.55762	0.10059	11283	0	0.54239	0.35671	1	0.48021	0.34844	1	0.51130	0.35258	1	0.47326	0.53512	11.85439	1.03583	1	0.73747	0.55635	12.69779	1.03583	1	-0.00672	-0.00957	0.68946	0.00370	1	0.06006	-0.01332	0.66033	0.00406	1	1.45898	0.81042	0	
1249189	8425.67773	3305056377128	0.50039	0.35402	8425.55762	0.10059	11283	0	0.54752	0.37150	1	0.46763	0.35034	1	0.50758	0.36092	1	0.47338	0.53527	12.02172	1.03583	1	0.73727	0.55645	13.03391	1.03583	1	-0.00672	-0.00957	0.68946	0.00368	1	0.06006	-0.01332	0.66033	0.00406	1	1.45898	0.81042	0	
1249190	8425.68457	3305056443740	0.50215	0.35314	8425.66504	0.01953	11284	1	0.54672	0.36442	1	0.46815	0.33659	1	0.50744	0.35051	1	0.47315	0.53536	11.63819	1.04491	1	0.73700	0.55618	12.28170	1.05257	1	-0.00692	-0.00972	0.70468	0.00381	1	0.06210	-0.01373	0.68331	0.00409	1	1.45898	0.81042	0	
1249191	8425.69141	3305056510787	0.50087	0.35367	8425.66504	0.02637	11284	1	0.53429	0.36918	1	0.45723	0.34245	1	0.49576	0.35582	1	0.47318	0.53544	11.64416	1.06166	1	0.73705	0.55600	11.96420	1.06932	1	-0.00692	-0.00972	0.70468	0.00386	1	0.06210	-0.01373	0.68331	0.00415	1	1.45898	0.81042	0	
1249192	8425.69824	3305056575343	0.49706	0.35479	8425.66504	0.03320	11284	1	0.50621	0.32327	1	0.44986	0.39748	1	0.47803	0.36038	1	0.47281	0.53554	11.84355	1.07840	1	0.73699	0.55687	12.22758	1.08606	1	-0.00692	-0.00972	0.70468	0.00367	1	0.06210	-0.01373	0.68331	0.00385	1	1.45898	0.81042	0	
1249193	8425.70410	3305056640169	0.49429	0.35475	8425.66504	0.03906	11284	1	0.50531	0.31718	1	0.44996	0.39183	1	0.47763	0.35450	1	0.47278	0.53486	11.13772	1.08606	1	0.73680	0.55661	12.44083	1.09372	1	-0.00679	-0.00943	0.67623	0.00393	1	0.06116	-0.01355	0.67413	0.00384	1	1.45898	0.81042	0	
1249194	8425.71094	3305056707868	0.49287	0.35549	8425.66504	0.04590	11284	1	0.52011	0.35679	1	0.44573	0.36451	1	0.48292	0.36065	1	0.47259	0.53543	11.75462	1.08464	1	0.73645	0.55648	13.01924	1.08464	1	-0.00679	-0.00943	0.67623	0.00375	1	0.06116	-0.01355	0.67413	0.00378	1	1.45898	0.81042	0	
1249195	8425.71777	3305056776029	0.49446	0.34960	8425.66504	0.05273	11284	1	0.51194	0.28054	1	0.50247	0.32453	1	0.50721	0.30254	1	0.47251	0.53505	11.52763	1.07555	1	0.73700	0.55619	12.25807	1.07555	1	-0.00679	-0.00943	0.67623	0.00391	1	0.06116	-0.01355	0.67413	0.00363	1	1.45898	0.81042	0	
1249196	8425.72461	3305056841551	0.49576	0.34565	8425.66504	0.05957	11284	1	0.51297	0.28815	1	0.50191	0.33196	1	0.50744	0.31005	1	0.47255	0.53513	11.63497	1.06646	1	0.73668	0.55625	12.94581	1.06646	1	-0.00679	-0.00943	0.67623	0.00383	1	0.06116	-0.01345	0.67413	0.00361	1	1.45898	0.81042	0	
1249197	8425.73145	3305056912106	0.49448	0.34465	8425.66504	0.06641	11284	1	0.51220	0.32053	1	0.45125	0.34875	1	0.48173	0.33464	1	0.47247	0.53533	12.01027	1.06646	1	0.73620	0.55634	13.10546	1.06646	1	-0.00679	-0.00943	0.67623	0.00369	1	0.06116	-0.01345	0.67413	0.00379	1	1.45898	0.81042	0	
1249198	8425.73828	3305056978069	0.49447	0.34541	8425.66504	0.07324	11284	1	0.51511	0.32559	1	0.47347	0.38198	1	0.49429	0.35378	1	0.47251	0.53551	12.15244	1.06646	1	0.73656	0.55641	12.98284	1.06646	1	-0.00679	-0.00943	0.67623	0.00370	1	0.06116	-0.01345	0.67413	0.00370	1	1.45898	0.81042	0	
1249199	8425.74512	3305057042487	0.49444	0.34628	8425.66504	0.08008	11284	1	0.51511	0.32559	1	0.47320	0.38786	1	0.49416	0.35673	1	0.47244	0.53462	11.79375	1.06646	1	0.73665	0.55637	12.58045	1.05881	1	-0.00679	-0.00933	0.67623	0.00385	1	0.05814	-0.01280	0.64136	0.00369	1	1.45898	0.81042	0	
1249200	8425.75195	3305057110424	0.49501	0.34902	8425.66504	0.08691	11284	1	0.52271	0.37721	1	0.48212	0.39208	1	0.50242	0.38464	1	0.47262	0.53552	12.09322	1.05881	1	0.73672	0.55624	12.72805	1.05115	1	-0.00679	-0.00933	0.67623	0.00362	1	0.05814	-0.01280	0.64136	0.00376	1	1.45898	0.81042	0	
1249201	8425.75879	3305057178196	0.49603	0.35065	8425.66504	0.09375	11284	1	0.54602	0.37546	1	0.47466	0.37141	1	0.51034	0.37343	1	0.47259	0.53564	11.85745	1.05115	1	0.73656	0.55639	12.43379	1.04349	1	-0.00679	-0.00933	0.67623	0.00361	1	0.05814	-0.01280	0.64136	0.00369	1	1.45898	0.81042	0	
1249202	8425.76562	3305057247420	0.49696	0.35204	8425.66504	0.10059	11284	1	0.54669	0.38131	1	0.47499	0.36450	1	0.51084	0.37291	1	0.47245	0.53579	11.99959	1.04349	1	0.73655	0.55600	11.42695	1.05217	1	-0.00679	-0.00933	0.67623	0.00356	1	0.06436	-0.01411	0.70997	0.00390	1	1.45898	0.81042	0	
1249203	8425.77148	3305057314665	0.49711	0.35394	8425.66504	0.10645	11284	1	0.51062	0.36201	1	0.48854	0.40655	1	0.49958	0.38428	1	0.47238	0.53526	11.80372	1.05217	1	0.73681	0.55625	12.77913	1.06851	1	-0.00679	-0.00933	0.67623	0.00386	1	0.06436	-0.01411	0.70997	0.00378	1	1.45898	0.81042	0	
1249204	8425.77832	3305057381538	0.49800	0.35577	8425.66504	0.11328	11284	1	0.54774	0.40196	1	0.47840	0.37211	1	0.51307	0.38704	1	0.47256	0.53589	12.24699	1.06851	1	0.73664	0.55591	12.57727	1.08485	1	-0.00679	-0.00933	0.67623	0.00362	1	0.06436	-0.01411	0.70997	0.00382	1	1.45898	0.81042	0	
1249205	8425.78516	3305057448918	0.49877	0.35678	8425.66504	0.12012	11284	1	0.54635	0.39009	1	0.47904	0.35962	1	0.51270	0.37485	1	0.47222	0.53588	11.21190	1.08485	1	0.73654	0.55579	12.38455	1.10119	1	-0.00679	-0.00928	0.67623	0.00372	1	0.06383	-0.01394	0.70412	0.00381	1	1.45898	0.81042	0	
1249206	8425.79199	3305057515836	0.49783	0.35596	8425.66504	0.12695	11284	1	0.47490	0.37502	1	0.48484	0.30593	1	0.47987	0.34048	1	0.47193	0.53586	11.11990	1.10119	1	0.73669	0.55591	12.35037	1.10119	1	-0.00679	-0.00928	0.67623	0.00369	1	0.06383	-0.01394	0.70412	0.00370	1	1.45898	0.81042	0	
1249207	8425.79883	3305057582007	0.49678	0.35562	8425.66504	0.13379	11284	1	0.50149	0.34560	1	0.45004	0.35183	1	0.47577	0.34871	1	0.47234	0.53560	10.98435	1.10119	1	0.73625	0.55607	11.67193	1.10119	1	-0.00679	-0.00928	0.67623	0.00361	1	0.06383	-0.01394	0.70412	0.00386	1	1.45898	0.81042	0	
1249208	8425.80566	3305057649470	0.49582	0.35546	8425.66504	0.14062	11284	1	0.50149	0.34560	1	0.44992	0.35851	1	0.47571	0.35205	1	0.47228	0.53495	11.01392	1.10119	1	0.73615	0.55580	11.81444	1.09251	1	-0.00679	-0.00928	0.67623	0.00396	1	0.06116	-0.01340	0.67413	0.00386	1	1.45898	0.81042	0	
1249209	8425.81250	3305057716582	0.49438	0.35469	8425.66504	0.14746	11284	1	0.50149	0.34560	0	0.46259	0.33779	1	0.46259	0.33779	1	0.47228	0.53495	11.01392	1.09251	0	0.73635	0.55623	11.70038	1.08383	1	-0.00679	-0.00928	0.67623	0.00396	1	0.06116	-0.01340	0.67413	0.00385	1	1.45898	0.81042	0	
1249210	8425.81836	3305057783158	0.49438	0.35469	8425.66504	0.15332	11284	1	0.50149	0.34560	0	0.46259	0.33779	0	0.46259	0.33779	0	0.47228	0.53495	11.01392	1.08383	0	0.73635	0.55623	11.70038	1.07515	0	-0.00679	-0.00928	0.67623	0.00396	1	0.06116	-0.01340	0.67413	0.00385	1	1.45898	0.81042	0	
1249211	8425.82520	3305057849731	0.49438	0.35469	8425.66504	0.16016	11284	1	0.50149	0.34560	0	0.46259	0.33779	0	0.46259	0.33779	0	0.47228	0.53495	11.01392	1.07515	0	0.73635	0.55623	11.70038	1.06646	0	-0.00679	-0.00928	0.67623	0.00396	1	0.06116	-0.01340	0.67413	0.00385	1	1.45898	0.81042	0	
1249212	8425.83203	3305057917479	0.49438	0.35469	8425.66504	0.16699	11284	1	0.50149	0.34560	0	0.46259	0.33779	0	0.46259	0.33779	0	0.47228	0.53495	11.01392	1.06646	0	0.73635	0.55623	11.70038	1.06646	0	-0.00679	-0.00928	0.67623	0.00396	1	0.06116	-0.01340	0.67413	0.00385	1	1.45898	0.81042	0	
1249213	8425.83887	3305057984534	0.49428	0.36389	8425.66504	0.16699	11284	0	0.50149	0.34560	0	0.46259	0.33779	0	0.46259	0.33779	0	0.47228	0.53495	11.01392	1.06646	0	0.73635	0.55623	11.70038	1.06646	0	-0.00679	-0.00928	0.67623	0.00396	1	0.06116	-0.01340	0.67413	0.00385	1	1.45898	0.81042	0	
1249214	8425.84570	3305058051725	0.49428	0.36389	8425.66504	0.16699	11284	0	0.50149	0.34560	0	0.46259	0.33779	0	0.46259	0.33779	0	0.47228	0.53495	11.01392	1.06646	0	0.73635	0.55623	11.70038	1.06646	0	-0.00679	-0.00928	0.67623	0.00396	1	0.06116	-0.01340	0.67413	0.00385	1	1.45898	0.81042	0	
1249215	8425.85254	3305058118329	0.49428	0.36389	8425.66504	0.16699	11284	0	0.50149	0.34560	0	0.46259	0.33779	0	0.46259	0.33779	0	0.47228	0.53495	11.01392	1.06646	0	0.73635	0.55623	11.70038	1.06646	0	-0.00679	-0.00928	0.67623	0.00396	1	0.06116	-0.01340	0.67413	0.00385	1	1.45898	0.81042	0	
1249216	8425.85938	3305058184944	0.46544	0.43590	8425.66504	0.16699	11284	0	0.50149	0.34560	0	0.46544	0.43590	1	0.46544	0.43590	1	0.47228	0.53495	11.01392	1.06646	0	0.73603	0.55660	12.34046	1.06646	1	-0.00679	-0.00928	0.67623	0.00396	1	0.06116	-0.01340	0.67413	0.00363	1	1.45898	0.81042	0	
1249217	8425.86523	3305058250162	0.46544	0.43590	8425.66504	0.16699	11284	0	0.50149	0.34560	0	0.46544	0.43590	0	0.46544	0.43590	0	0.47228	0.53495	11.01392	1.06646	0	0.73603	0.55660	12.34046	1.06646	0	-0.00679	-0.00928	0.67623	0.00396	1	0.06116	-0.01340	0.67413	0.00363	1	1.45898	0.81042	0	
1249218	8425.87207	3305058319708	0.46544	0.43590	8425.66504	0.16699	11284	0	0.50149	0.34560	0	0.46544	0.43590	0	0.46544	0.43590	0	0.47228	0.53495	11.01392	1.06646	0	0.73603	0.55660	12.34046	1.06646	0	-0.00679	-0.00928	0.67623	0.00396	1	0.06116	-0.01340	0.67413	0.00363	1	1.45898	0.81042	0	
1249219	8425.87891	3305058386592	0.00000	0.00000	8425.66504	0.16699	11284	0	0.50149	0.34560	0	0.46544	0.43590	0	0.46544	0.43590	0	0.47228	0.53495	11.01392	1.06646	0	0.73603	0.55660	12.34046	1.06646	0	-0.00679	-0.00928	0.67623	0.00396	1	0.06116	-0.01340	0.67413	0.00363	1	1.45898	0.81042	0	
1249220	8425.88574	3305058453131	0.00000	0.00000	8425.66504	0.16699	11284	0	0.50149	0.34560	0	0.46544	0.43590	0	0.46544	0.43590	0	0.47228	0.53495	11.01392	1.06646	0	0.73603	0.55660	12.34046	1.06646	0	-0.00679	-0.00928	0.67623	0.00396	1	0.06116	-0.01340	0.67413	0.00363	1	1.45898	0.81042	0	
1249221	8425.89258	3305058520544	0.00000	0.00000	8425.66504	0.16699	11284	0	0.50149	0.34560	0	0.46544	0.43590	0	0.46544	0.43590	0	0.47228	0.53495	11.01392	1.06646	0	0.73603	0.55660	12.34046	1.06646	0	-0.00679	-0.00928	0.67623	0.00396	1	0.06116	-0.01340	0.67413	0.00363	1	1.45898	0.81042	0	
1249222	8425.89941	3305058587223	0.00000	0.00000	8425.66504	0.16699	11284	0	0.50149	0.34560	0	0.46544	0.43590	0	0.46544	0.43590	0	0.47228	0.53495	11.01392	1.06646	0	0.73603	0.55660	12.34046	1.06646	0	-0.00679	-0.00928	0.67623	0.00396	1	0.06116	-0.01340	0.67413	0.00363	1	1.45898	0.81042	0	
1249223	8425.90625	3305058653899	0.00000	0.00000	8425.66504	0.16699	11284	0	0.50149	0.34560	0	0.46544	0.43590	0	0.46544	0.43590	0	0.47228	0.53495	11.01392	1.06646	0	0.73603	0.55660	12.34046	1.06646	0	-0.00679	-0.00928	0.67623	0.00396	1	0.06116	-0.01340	0.67413	0.00363	1	1.45898	0.81042	0	
1249224	8425.91211	3305058716955	0.00000	0.00000	8425.66504	0.16699	11284	0	0.50149	0.34560	0	0.46544	0.43590	0	0.46544	0.43590	0	0.47228	0.53495	11.01392	1.06646	0	0.73603	0.55660	12.34046	1.06646	0	-0.00679	-0.00928	0.67623	0.00396	1	0.06116	-0.01340	0.67413	0.00363	1	1.45898	0.81042	0	
1249225	8425.91895	3305058788720	0.00000	0.00000	8425.66504	0.16699	11284	0	0.50149	0.34560	0	0.46544	0.43590	0	0.46544	0.43590	0	0.47228	0.53495	11.01392	1.06646	0	0.73603	0.55660	12.34046	1.06646	0	-0.00679	-0.00928	0.67623	0.00396	1	0.06116	-0.01340	0.67413	0.00363	1	1.45898	0.81042	0	
1249226	8425.92578	3305058851298	0.23272	0.21795	8425.66504	0.16699	11284	0	0.50149	0.34560	0	0.46544	0.43590	1	0.46544	0.43590	1	0.47253	0.53635	10.37083	1.06646	0	0.47253	0.53635	10.37083	1.06646	1	-0.00679	-0.00928	0.67623	0.00396	1	-0.00679	-0.00943	0.67623	0.00358	1	1.45898	0.81042	0	
1249227	8425.93262	3305058919274	0.28398	0.26576	8425.66504	0.16699	11284	0	0.50149	0.34560	0	0.38650	0.36136	1	0.38650	0.36136	1	0.47253	0.53635	10.37083	1.06646	0	0.47261	0.53644	10.96191	1.06646	1	-0.00679	-0.00928	0.67623	0.00396	1	-0.00679	-0.00943	0.67623	0.00358	1	1.45898	0.81042	0	
1249228	8425.93945	3305058988988	0.41298	0.30243	8425.66504	0.16699	11284	0	0.50149	0.34560	0	0.38701	0.11002	1	0.38701	0.11002	1	0.47253	0.53635	10.37083	1.06646	0	0.47246	0.53402	11.23717	1.06646	1	-0.00679	-0.00928	0.67623	0.00396	1	-0.00679	-0.00943	0.67623	0.00233	1	1.45898	0.81042	0	
1249229	8425.94629	3305059056149	0.40000	0.20622	8425.66504	0.16699	11284	0	0.50149	0.34560	0	0.38701	0.11002	1	0.38701	0.11002	1	0.47253	0.53635	10.37083	1.06646	0	0.47265	0.53634	10.55525	1.06646	1	-0.00679	-0.00928	0.67623	0.00396	1	-0.00679	-0.00943	0.67623	0.00363	1	1.45898	0.81042	0	
1249230	8425.95312	3305059123286	0.43359	0.22482	8425.66504	0.16699	11284	0	0.50676	0.16207	1	0.49477	0.36194	1	0.50077	0.26201	1	0.47242	0.53400	11.19796	1.06646	1	0.73648	0.55680	11.26295	1.06646	1	-0.00679	-0.00928	0.67623	0.00220	1	-0.00679	-0.00943	0.67623	0.00388	1	1.45898	0.81042	0	
1249231	8425.95898	3305059188428	0.45148	0.26109	8425.93945	0.01953	11285	1	0.52860	0.37998	1	0.48169	0.35983	1	0.50514	0.36991	1	0.47273	0.53676	11.01600	1.06646	1	0.73663	0.55681	11.25890	1.06646	1	-0.00679	-0.00928	0.67623	0.00362	1	-0.00679	-0.00943	0.67623	0.00392	1	1.45898	0.81042	0	
1249232	8425.96582	3305059256571	0.46215	0.28400	8425.93945	0.02637	11285	1	0.52860	0.37998	1	0.48107	0.37125	1	0.50484	0.37562	1	0.47254	0.53613	10.59025	1.06646	1	0.73653	0.55708	11.45307	1.05200	1	-0.00679	-0.00943	0.67623	0.00390	1	0.05777	-0.01282	0.63783	0.00376	1	1.45898	0.81042	0	
1249233	8425.97266	3305059324142	0.46793	0.30111	8425.93945	0.03320	11285	1	0.53694	0.36620	1	0.45678	0.40713	1	0.49686	0.38667	1	0.47282	0.53633	10.70869	1.05200	1	0.73631	0.55709	11.56310	1.03753	1	-0.00679	-0.00943	0.67623	0.00389	1	0.05777	-0.01282	0.63783	0.00391	1	1.45898	0.81042	0	
1249234	8425.97949	3305059391165	0.47202	0.31323	8425.93945	0.04004	11285	1	0.53694	0.36620	0	0.49656	0.38597	1	0.49656	0.38597	1	0.47282	0.53633	10.70869	1.03753	0	0.73658	0.55671	11.04974	1.02306	1	-0.00679	-0.00943	0.67623	0.00389	1	0.05777	-0.01282	0.63783	0.00397	1	1.45898	0.81042	0	
1249235	8425.98633	3305059457678	0.47509	0.32232	8425.93945	0.04688	11285	1	0.53694	0.36620	0	0.49656	0.38597	1	0.49656	0.38597	1	0.47282	0.53633	10.70869	1.02306	0	0.73648	0.55692	11.23162	1.02306	1	-0.00679	-0.00943	0.67623	0.00389	1	0.06122	-0.01359	0.67591	0.00380	1	1.45898	0.81042	0	
1249236	8425.99316	3305059524989	0.47509	0.32232	8425.93945	0.05371	11285	1	0.53694	0.36620	0	0.49656	0.38597	0	0.49656	0.38597	0	0.47282	0.53633	10.70869	1.02306	0	0.73648	0.55692	11.23162	1.03753	0	-0.00679	-0.00943	0.67623	0.00389	1	0.06122	-0.01359	0.67591	0.00380	1	1.45898	0.81042	0	
1249237	8426.00000	3305059591946	0.47509	0.32232	8425.93945	0.06055	11285	1	0.53694	0.36620	0	0.49656	0.38597	0	0.49656	0.38597	0	0.47282	0.53633	10.70869	1.03753	0	0.73648	0.55692	11.23162	1.05200	0	-0.00679	-0.00943	0.67623	0.00389	1	0.06122	-0.01359	0.67591	0.00380	1	1.45898	0.81042	0	
1249238	8426.00586	3305059658563	0.47509	0.32232	8425.93945	0.06641	11285	1	0.53694	0.36620	0	0.49656	0.38597	0	0.49656	0.38597	0	0.47282	0.53633	10.70869	1.05200	0	0.73648	0.55692	11.23162	1.06646	0	-0.00679	-0.00943	0.67623	0.00389	1	0.06122	-0.01359	0.67591	0.00380	1	1.45898	0.81042	0	
1249239	8426.01270	3305059726196	0.48396	0.32516	8425.93945	0.06641	11285	0	0.53694	0.36620	0	0.49656	0.38597	0	0.49656	0.38597	0	0.47282	0.53633	10.70869	1.06646	0	0.73648	0.55692	11.23162	1.06646	0	-0.00679	-0.00943	0.67623	0.00389	1	0.06122	-0.01359	0.67591	0.00380	1	1.45898	0.81042	0	
1249240	8426.01953	3305059792905	0.48396	0.32516	8425.93945	0.06641	11285	0	0.53694	0.36620	0	0.49656	0.38597	0	0.49656	0.38597	0	0.47282	0.53633	10.70869	1.06646	0	0.73648	0.55692	11.23162	1.06646	0	-0.00679	-0.00943	0.67623	0.00389	1	0.06122	-0.01359	0.67591	0.00380	1	1.45898	0.81042	0	
1249241	8426.02637	3305059858702	0.49111	0.34401	8425.93945	0.06641	11285	0	0.53694	0.36620	0	0.49826	0.36285	1	0.49826	0.36285	1	0.47282	0.53633	10.70869	1.06646	0	0.73641	0.55743	11.62045	1.05200	1	-0.00679	-0.00943	0.67623	0.00389	1	0.05722	-0.01279	0.63175	0.00364	1	1.45898	0.81042	0	
1249242	8426.03320	3305059926981	0.48975	0.36237	8426.01270	0.02051	11286	1	0.53694	0.36620	0	0.48702	0.39910	1	0.48702	0.39910	1	0.47282	0.53633	10.70869	1.05200	0	0.73635	0.55686	11.81234	1.03753	1	-0.00679	-0.00943	0.67623	0.00389	1	0.05722	-0.01279	0.63175	0.00394	1	1.45898	0.81042	0	
1249243	8426.04004	3305059993942	0.48493	0.38702	8426.01270	0.02734	11286	1	0.53694	0.36620	0	0.47047	0.46098	1	0.47047	0.46098	1	0.47282	0.53633	10.70869	1.03753	0	0.73615	0.55764	12.34174	1.02306	1	-0.00679	-0.00943	0.67623	0.00389	1	0.05722	-0.01279	0.63175	0.00359	1	1.45898	0.81042	0	
1249244	8426.04688	3305060060861	0.48204	0.40181	8426.01270	0.03418	11286	1	0.53694	0.36620	0	0.47047	0.46098	1	0.47047	0.46098	1	0.47282	0.53633	10.70869	1.02306	0	0.73632	0.55678	11.42131	1.02306	1	-0.00679	-0.00943	0.67623	0.00389	1	0.06122	-0.01369	0.67591	0.00397	1	1.45898	0.81042	0	
1249245	8426.05273	3305060126160	0.48010	0.41300	8426.01270	0.04004	11286	1	0.53694	0.36620	0	0.47040	0.46890	1	0.47040	0.46890	1	0.47282	0.53633	10.70869	1.02306	0	0.73615	0.55771	12.20124	1.03753	1	-0.00679	-0.00943	0.67623	0.00389	1	0.06122	-0.01369	0.67591	0.00371	1	1.45898	0.81042	0	
1249246	8426.05957	3305060195104	0.48010	0.41300	8426.01270	0.04688	11286	1	0.53694	0.36620	0	0.47040	0.46890	0	0.47040	0.46890	0	0.47282	0.53633	10.70869	1.03753	0	0.73615	0.55771	12.20124	1.05200	0	-0.00679	-0.00943	0.67623	0.00389	1	0.06122	-0.01369	0.67591	0.00371	1	1.45898	0.81042	0	
1249247	8426.06641	3305060261969	0.48010	0.41300	8426.01270	0.05371	11286	1	0.53694	0.36620	0	0.47040	0.46890	0	0.47040	0.46890	0	0.47282	0.53633	10.70869	1.05200	0	0.73615	0.55771	12.20124	1.06646	0	-0.00679	-0.00943	0.67623	0.00389	1	0.06122	-0.01369	0.67591	0.00371	1	1.45898	0.81042	0	
1249248	8426.07324	3305060328345	0.48010	0.41300	8426.01270	0.06055	11286	1	0.53694	0.36620	0	0.47040	0.46890	0	0.47040	0.46890	0	0.47282	0.53633	10.70869	1.06646	0	0.73615	0.55771	12.20124	1.06646	0	-0.00679	-0.00943	0.67623	0.00389	1	0.06122	-0.01369	0.67591	0.00371	1	1.45898	0.81042	0	
1249249	8426.08008	3305060396029	0.47932	0.43056	8426.01270	0.06055	11286	0	0.53694	0.36620	0	0.47040	0.46890	0	0.47040	0.46890	0	0.47282	0.53633	10.70869	1.06646	0	0.73615	0.55771	12.20124	1.06646	0	-0.00679	-0.00943	0.67623	0.00389	1	0.06122	-0.01369	0.67591	0.00371	1	1.45898	0.81042	0	
1249250	8426.08691	3305060463132	0.47932	0.43056	8426.01270	0.06055	11286	0	0.53694	0.36620	0	0.47040	0.46890	0	0.47040	0.46890	0	0.47282	0.53633	10.70869	1.06646	0	0.73615	0.55771	12.20124	1.06646	0	-0.00679	-0.00943	0.67623	0.00389	1	0.06122	-0.01369	0.67591	0.00371	1	1.45898	0.81042	0	
1249251	8426.09375	3305060530103	0.47133	0.43386	8426.01270	0.06055	11286	0	0.53694	0.36620	0	0.46333	0.43715	1	0.46333	0.43715	1	0.47282	0.53633	10.70869	1.06646	0	0.73601	0.55767	12.52126	1.06646	1	-0.00679	-0.00943	0.67623	0.00389	1	0.06122	-0.01369	0.67591	0.00374	1	1.45898	0.81042	0	
1249252	8426.10059	3305060597156	0.47133	0.43386	8426.08008	0.02051	11287	1	0.53694	0.36620	0	0.46333	0.43715	0	0.46333	0.43715	0	0.47282	0.53633	10.70869	1.06646	0	0.73601	0.55767	12.52126	1.06646	0	-0.00679	-0.00943	0.67623	0.00389	1	0.06122	-0.01369	0.67591	0.00374	1	1.45898	0.81042	0	
1249253	8426.10645	3305060660067	0.47133	0.43386	8426.08008	0.02637	11287	1	0.53694	0.36620	0	0.46333	0.43715	0	0.46333	0.43715	0	0.47282	0.53633	10.70869	1.06646	0	0.73601	0.55767	12.52126	1.06646	0	-0.00679	-0.00943	0.67623	0.00389	1	0.06122	-0.01369	0.67591	0.00374	1	1.45898	0.81042	0	
1249254	8426.11328	3305060727921	0.47133	0.43386	8426.08008	0.03320	11287	1	0.53694	0.36620	0	0.46333	0.43715	0	0.46333	0.43715	0	0.47282	0.53633	10.70869	1.06646	0	0.73601	0.55767	12.52126	1.06646	0	-0.00679	-0.00943	0.67623	0.00389	1	0.06122	-0.01369	0.67591	0.00374	1	1.45898	0.81042	0	
1249255	8426.12012	3305060795316	0.46333	0.43715	8426.08008	0.03320	11287	0	0.53694	0.36620	0	0.46333	0.43715	0	0.46333	0.43715	0	0.47282	0.53633	10.70869	1.06646	0	0.73601	0.55767	12.52126	1.06646	0	-0.00679	-0.00943	0.67623	0.00389	1	0.06122	-0.01369	0.67591	0.00374	1	1.45898	0.81042	0	
1249256	8426.12695	3305060861679	0.46333	0.43715	8426.08008	0.03320	11287	0	0.53694	0.36620	0	0.46333	0.43715	0	0.46333	0.43715	0	0.47282	0.53633	10.70869	1.06646	0	0.73601	0.55767	12.52126	1.06646	0	-0.00679	-0.00943	0.67623	0.00389	1	0.06122	-0.01369	0.67591	0.00374	1	1.45898	0.81042	0	
1249257	8426.13379	3305060928340	0.46333	0.43715	8426.08008	0.03320	11287	0	0.53694	0.36620	0	0.46333	0.43715	0	0.46333	0.43715	0	0.47282	0.53633	10.70869	1.06646	0	0.73601	0.55767	12.52126	1.06646	0	-0.00679	-0.00943	0.67623	0.00389	1	0.06122	-0.01369	0.67591	0.00374	1	1.45898	0.81042	0	
1249258	8426.14062	3305060996872	0.00000	0.00000	8426.08008	0.03320	11287	0	0.53694	0.36620	0	0.46333	0.43715	0	0.46333	0.43715	0	0.47282	0.53633	10.70869	1.06646	0	0.73601	0.55767	12.52126	1.06646	0	-0.00679	-0.00943	0.67623	0.00389	1	0.06122	-0.01369	0.67591	0.00374	1	1.45898	0.81042	0	
1249259	8426.14648	3305061063116	0.00000	0.00000	8426.08008	0.03320	11287	0	0.53694	0.36620	0	0.46333	0.43715	0	0.46333	0.43715	0	0.47282	0.53633	10.70869	1.06646	0	0.73601	0.55767	12.52126	1.06646	0	-0.00679	-0.00943	0.67623	0.00389	1	0.06122	-0.01369	0.67591	0.00374	1	1.45898	0.81042	0	
1249260	8426.15332	3305061129707	0.00000	0.00000	8426.08008	0.03320	11287	0	0.53694	0.36620	0	0.46333	0.43715	0	0.46333	0.43715	0	0.47282	0.53633	10.70869	1.06646	0	0.73601	0.55767	12.52126	1.06646	0	-0.00679	-0.00943	0.67623	0.00389	1	0.06122	-0.01369	0.67591	0.00374	1	1.45898	0.81042	0	
1249261	8426.16016	3305061197133	0.41552	0.29255	8426.08008	0.03320	11287	0	0.53694	0.36620	0	0.41552	0.29255	1	0.41552	0.29255	1	0.47305	0.53601	11.05175	1.06646	0	0.47305	0.53601	11.05175	1.06646	1	-0.00679	-0.00943	0.67623	0.00389	1	0.06122	-0.01369	0.67591	0.00399	1	1.45898	0.81042	0	
1249262	8426.16699	3305061265650	0.41552	0.29255	8426.08008	0.03320	11287	0	0.53694	0.36620	0	0.41552	0.29255	1	0.41552	0.29255	1	0.47305	0.53601	11.05175	1.06646	0	0.47290	0.53592	10.78716	1.06646	1	-0.00679	-0.00943	0.67623	0.00389	1	-0.00679	-0.00948	0.67623	0.00383	1	1.45898	0.81042	0	
1249263	8426.17383	3305061333544	0.41552	0.29255	8426.08008	0.03320	11287	0	0.53694	0.36620	0	0.41552	0.29255	0	0.41552	0.29255	0	0.47305	0.53601	11.05175	1.06646	0	0.47290	0.53592	10.78716	1.06646	0	-0.00679	-0.00943	0.67623	0.00389	1	-0.00679	-0.00948	0.67623	0.00383	1	1.45898	0.81042	0	
1249264	8426.18066	3305061401477	0.41552	0.29255	8426.16016	0.02051	11288	1	0.53694	0.36620	0	0.41552	0.29255	0	0.41552	0.29255	0	0.47305	0.53601	11.05175	1.06646	0	0.47290	0.53592	10.78716	1.06646	0	-0.00679	-0.00943	0.67623	0.00389	1	-0.00679	-0.00948	0.67623	0.00383	1	1.45898	0.81042	0	
1249265	8426.18750	3305061468841	0.41552	0.29255	8426.16016	0.02734	11288	1	0.53694	0.36620	0	0.41552	0.29255	0	0.41552	0.29255	0	0.47305	0.53601	11.05175	1.06646	0	0.47290	0.53592	10.78716	1.06646	0	-0.00679	-0.00943	0.67623	0.00389	1	-0.00679	-0.00948	0.67623	0.00383	1	1.45898	0.81042	0	
1249266	8426.19434	3305061535198	0.41552	0.29255	8426.16016	0.02734	11288	0	0.53694	0.36620	0	0.41552	0.29255	0	0.41552	0.29255	0	0.47305	0.53601	11.05175	1.06646	0	0.47290	0.53592	10.78716	1.06646	0	-0.00679	-0.00943	0.67623	0.00389	1	-0.00679	-0.00948	0.67623	0.00383	1	1.45898	0.81042	0	
1249267	8426.20020	3305061601406	0.41552	0.29255	8426.16016	0.02734	11288	0	0.53694	0.36620	0	0.41552	0.29255	0	0.41552	0.29255	0	0.47305	0.53601	11.05175	1.06646	0	0.47290	0.53592	10.78716	1.06646	0	-0.00679	-0.00943	0.67623	0.00389	1	-0.00679	-0.00948	0.67623	0.00383	1	1.45898	0.81042	0	
1249268	8426.20703	3305061669098	0.41552	0.29255	8426.16016	0.02734	11288	0	0.53694	0.36620	0	0.41552	0.29255	0	0.41552	0.29255	0	0.47305	0.53601	11.05175	1.06646	0	0.47290	0.53592	10.78716	1.06646	0	-0.00679	-0.00943	0.67623	0.00389	1	-0.00679	-0.00948	0.67623	0.00383	1	1.45898	0.81042	0	
1249269	8426.21387	3305061735694	0.00000	0.00000	8426.16016	0.02734	11288	0	0.53694	0.36620	0	0.41552	0.29255	0	0.41552	0.29255	0	0.47305	0.53601	11.05175	1.06646	0	0.47290	0.53592	10.78716	1.06646	0	-0.00679	-0.00943	0.67623	0.00389	1	-0.00679	-0.00948	0.67623	0.00383	1	1.45898	0.81042	0	
1249270	8426.22070	3305061802872	0.00000	0.00000	8426.16016	0.02734	11288	0	0.53694	0.36620	0	0.41552	0.29255	0	0.41552	0.29255	0	0.47305	0.53601	11.05175	1.06646	0	0.47290	0.53592	10.78716	1.06646	0	-0.00679	-0.00943	0.67623	0.00389	1	-0.00679	-0.00948	0.67623	0.00383	1	1.45898	0.81042	0	
1249271	8426.22754	3305061869119	0.00000	0.00000	8426.16016	0.02734	11288	0	0.53694	0.36620	0	0.41552	0.29255	0	0.41552	0.29255	0	0.47305	0.53601	11.05175	1.06646	0	0.47290	0.53592	10.78716	1.06646	0	-0.00679	-0.00943	0.67623	0.00389	1	-0.00679	-0.00948	0.67623	0.00383	1	1.45898	0.81042	0	
1249272	8426.23438	3305061936359	0.00000	0.00000	8426.16016	0.02734	11288	0	0.53694	0.36620	0	0.41552	0.29255	0	0.41552	0.29255	0	0.47305	0.53601	11.05175	1.06646	0	0.47290	0.53592	10.78716	1.06646	0	-0.00679	-0.00943	0.67623	0.00389	1	-0.00679	-0.00948	0.67623	0.00383	1	1.45898	0.81042	0	
1249273	8426.24121	3305062003596	0.25756	0.18463	8426.16016	0.02734	11288	0	0.51788	0.33006	1	0.51237	0.40848	1	0.51512	0.36927	1	0.47215	0.53645	11.34891	1.06646	1	0.73605	0.55776	12.33571	1.06646	1	-0.00679	-0.00943	0.67623	0.00381	1	-0.00679	-0.00948	0.67623	0.00385	1	1.45898	0.81042	0	
1249274	8426.24707	3305062070511	0.34336	0.24384	8426.16016	0.02734	11288	0	0.51689	0.32281	1	0.51301	0.40169	1	0.51495	0.36225	1	0.47252	0.53683	11.81421	1.07555	1	0.73611	0.55762	11.75433	1.07555	1	-0.00717	-0.00989	0.69752	0.00385	1	0.06180	-0.01396	0.68455	0.00382	1	1.45898	0.81042	0	
1249275	8426.25391	3305062137530	0.51382	0.35840	8426.16016	0.02734	11288	0	0.50110	0.30221	1	0.52165	0.38514	1	0.51138	0.34367	1	0.47194	0.53687	11.13830	1.08464	1	0.73611	0.55764	11.69353	1.08464	1	-0.00717	-0.00989	0.69752	0.00385	1	0.06180	-0.01396	0.68455	0.00375	1	1.45898	0.81042	0	
1249276	8426.26074	3305062204389	0.51056	0.34406	8426.16016	0.02734	11288	0	0.50701	0.29978	1	0.50760	0.35968	1	0.50731	0.32973	1	0.47203	0.53678	11.12824	1.09372	1	0.73595	0.55740	12.11529	1.09372	1	-0.00717	-0.00989	0.69752	0.00393	1	0.06180	-0.01396	0.68455	0.00376	1	1.45898	0.81042	0	
1249277	8426.26758	3305062271333	0.50939	0.34027	8426.16016	0.02734	11288	0	0.50701	0.29978	1	0.50711	0.36559	1	0.50706	0.33269	1	0.47213	0.53743	11.62469	1.09372	1	0.73532	0.55803	12.13066	1.08606	1	-0.00709	-0.00976	0.68475	0.00375	1	0.05936	-0.01343	0.65809	0.00386	1	1.45898	0.81042	0	
1249278	8426.27441	3305062338067	0.50658	0.35074	8426.25391	0.02051	11289	1	0.53199	0.33215	1	0.46428	0.43217	1	0.49813	0.38216	1	0.47199	0.53722	11.21164	1.07698	1	0.73528	0.55823	12.04339	1.06932	1	-0.00709	-0.00976	0.68475	0.00386	1	0.05936	-0.01343	0.65809	0.00397	1	1.45898	0.81042	0	
1249279	8426.28125	3305062405519	0.48747	0.34802	8426.25391	0.02734	11289	1	0.53199	0.33215	0	0.41104	0.33712	1	0.41104	0.33712	1	0.47199	0.53722	11.21164	1.06023	0	0.47223	0.53738	12.11716	1.05257	1	-0.00709	-0.00976	0.68475	0.00386	1	0.05936	-0.01343	0.65809	0.00372	1	1.45898	0.81042	0	
1249280	8426.28809	3305062472201	0.47476	0.34744	8426.25391	0.03418	11289	1	0.53199	0.33215	0	0.41123	0.34453	1	0.41123	0.34453	1	0.47199	0.53722	11.21164	1.04349	0	0.47216	0.53705	11.11371	1.04349	1	-0.00709	-0.00976	0.68475	0.00386	1	-0.00709	-0.00981	0.68475	0.00390	1	1.45898	0.81042	0	
1249281	8426.29395	3305062539218	0.46614	0.34660	8426.25391	0.04004	11289	1	0.53199	0.33215	0	0.41438	0.34154	1	0.41438	0.34154	1	0.47199	0.53722	11.21164	1.04349	0	0.47188	0.53750	12.54837	1.05115	1	-0.00709	-0.00976	0.68475	0.00386	1	-0.00709	-0.00981	0.68475	0.00365	1	1.45898	0.81042	0	
1249282	8426.30078	3305062606212	0.46173	0.34092	8426.25391	0.04688	11289	1	0.53199	0.33215	0	0.43091	0.30120	1	0.43091	0.30120	1	0.47199	0.53722	11.21164	1.05115	0	0.47213	0.53728	11.36467	1.05881	1	-0.00709	-0.00976	0.68475	0.00386	1	-0.00709	-0.00981	0.68475	0.00378	1	1.45898	0.81042	0	
1249283	8426.30762	3305062673037	0.45831	0.33579	8426.25391	0.05371	11289	1	0.53199	0.33215	0	0.43089	0.29471	1	0.43089	0.29471	1	0.47199	0.53722	11.21164	1.05881	0	0.47217	0.53751	11.17610	1.06646	1	-0.00709	-0.00976	0.68475	0.00386	1	-0.00705	-0.00981	0.68113	0.00376	1	1.45898	0.81042	0	
1249284	8426.31445	3305062740797	0.45555	0.33466	8426.25391	0.06055	11289	1	0.53199	0.33215	0	0.43075	0.32449	1	0.43075	0.32449	1	0.47199	0.53722	11.21164	1.06646	0	0.47214	0.53745	11.49689	1.06646	1	-0.00709	-0.00976	0.68475	0.00386	1	-0.00705	-0.00981	0.68113	0.00362	1	1.45898	0.81042	0	
1249285	8426.32129	3305062803613	0.45165	0.33249	8426.25391	0.06738	11289	1	0.53199	0.33215	0	0.41267	0.31078	1	0.41267	0.31078	1	0.47199	0.53722	11.21164	1.06646	0	0.47182	0.53752	12.06846	1.06646	1	-0.00709	-0.00976	0.68475	0.00386	1	-0.00705	-0.00981	0.68113	0.00353	1	1.45898	0.81042	0	
1249286	8426.32812	3305062871618	0.44841	0.33068	8426.25391	0.07422	11289	1	0.53199	0.33215	0	0.41267	0.31078	1	0.41267	0.31078	1	0.47199	0.53722	11.21164	1.06646	0	0.47185	0.53665	11.51426	1.06646	1	-0.00709	-0.00976	0.68475	0.00386	1	-0.00705	-0.00981	0.68113	0.00392	1	1.45898	0.81042	0	
1249287	8426.33398	3305062939366	0.44460	0.32999	8426.25391	0.08008	11289	1	0.53199	0.33215	0	0.39891	0.32170	1	0.39891	0.32170	1	0.47199	0.53722	11.21164	1.06646	0	0.47165	0.53734	11.94953	1.06646	1	-0.00709	-0.00976	0.68475	0.00386	1	-0.00705	-0.00981	0.68113	0.00402	1	1.45898	0.81042	0	
1249288	8426.34082	3305063005533	0.44203	0.32665	8426.25391	0.08691	11289	1	0.53199	0.33215	0	0.40864	0.28331	1	0.40864	0.28331	1	0.47199	0.53722	11.21164	1.06646	0	0.47177	0.53687	11.50276	1.06646	1	-0.00709	-0.00976	0.68475	0.00386	1	-0.00705	-0.00981	0.68113	0.00408	1	1.45898	0.81042	0	
1249289	8426.34766	3305063074053	0.44397	0.32586	8426.25391	0.09375	11289	1	0.53379	0.34673	1	0.40862	0.28274	1	0.47121	0.31474	1	0.47167	0.53780	12.15218	1.05845	1	0.73532	0.55728	12.21838	1.06713	1	-0.00679	-0.00943	0.65127	0.00379	1	0.06348	-0.01449	0.70491	0.00410	1	1.45898	0.81042	0	
1249290	8426.35449	3305063142237	0.44988	0.32590	8426.25391	0.10059	11289	1	0.54416	0.34734	1	0.53291	0.30571	1	0.53854	0.32652	1	0.47172	0.53772	11.87321	1.05911	1	0.73554	0.55704	11.99632	1.06779	1	-0.00679	-0.00943	0.65127	0.00387	1	0.06348	-0.01449	0.70491	0.00416	1	1.45898	0.81042	0	
1249291	8426.36133	3305063209007	0.45381	0.32787	8426.25391	0.10742	11289	1	0.53512	0.34252	1	0.49820	0.37630	1	0.51666	0.35941	1	0.47163	0.53771	11.86752	1.05978	1	0.73508	0.55799	12.50793	1.06846	1	-0.00679	-0.00943	0.65127	0.00384	1	0.06348	-0.01449	0.70491	0.00383	1	1.45898	0.81042	0	
1249292	8426.36816	3305063276343	0.45726	0.32920	8426.25391	0.11426	11289	1	0.53342	0.32849	1	0.49828	0.37519	1	0.51585	0.35184	1	0.47170	0.53751	11.79736	1.07754	1	0.73516	0.55772	12.16454	1.06988	1	-0.00741	-0.01029	0.71119	0.00394	1	0.06038	-0.01378	0.67053	0.00386	1	1.45898	0.81042	0	
1249293	8426.37500	3305063342993	0.45887	0.33056	8426.25391	0.12109	11289	1	0.53195	0.31900	1	0.44390	0.39081	1	0.48792	0.35491	1	0.47168	0.53807	12.02307	1.08699	1	0.73488	0.55805	12.76878	1.07065	1	-0.00741	-0.01029	0.71119	0.00397	1	0.06038	-0.01378	0.67053	0.00386	1	1.45898	0.81042	0	
1249294	8426.38184	3305063410067	0.46129	0.33068	8426.25391	0.12793	11289	1	0.53636	0.34402	1	0.47818	0.32190	1	0.50727	0.33296	1	0.47173	0.53839	12.21224	1.08775	1	0.73537	0.55727	11.94160	1.07141	1	-0.00741	-0.01029	0.71119	0.00384	1	0.06038	-0.01378	0.67053	0.00404	1	1.45898	0.81042	0	
1249295	8426.38770	3305063476005	0.46350	0.33095	8426.25391	0.13379	11289	1	0.53713	0.35041	1	0.47815	0.32245	1	0.50764	0.33643	1	0.47170	0.53839	12.25956	1.07942	1	0.73544	0.55735	11.98946	1.07074	1	-0.00705	-0.00991	0.68113	0.00384	1	0.06078	-0.01386	0.67441	0.00404	1	1.45898	0.81042	0	
1249296	8426.39453	3305063543946	0.46470	0.33035	8426.25391	0.14062	11289	1	0.53753	0.24313	1	0.44237	0.39246	1	0.48995	0.31780	1	0.47179	0.53696	11.56197	1.06166	1	0.73483	0.55810	12.30579	1.06932	1	-0.00705	-0.00991	0.68113	0.00426	1	0.06078	-0.01386	0.67441	0.00432	1	1.45898	0.81042	0	
1249297	8426.40137	3305063610235	0.46548	0.33288	8426.25391	0.14746	11289	1	0.50591	0.37449	1	0.45907	0.40258	1	0.48249	0.38854	1	0.47154	0.53840	11.96179	1.06023	1	0.73520	0.55818	12.14178	1.06789	1	-0.00705	-0.00991	0.68113	0.00397	1	0.06078	-0.01386	0.67441	0.00394	1	1.45898	0.81042	0	
1249298	8426.40820	3305063677921	0.46619	0.33525	8426.25391	0.15430	11289	1	0.50608	0.37558	1	0.45904	0.40364	1	0.48256	0.38961	1	0.47184	0.53753	11.63677	1.05881	1	0.73510	0.55830	12.38838	1.06646	1	-0.00705	-0.00991	0.68113	0.00406	1	0.06078	-0.01386	0.67441	0.00391	1	1.45898	0.81042	0	
1249299	8426.41504	3305063744962	0.49464	0.34191	8426.25391	0.15430	11289	0	0.54190	0.31219	1	0.51206	0.38160	1	0.52698	0.34690	1	0.47174	0.53778	12.01741	1.06646	1	0.73521	0.55793	12.23762	1.06646	1	-0.00705	-0.00991	0.68113	0.00398	1	0.06078	-0.01386	0.67441	0.00381	1	1.45898	0.81042	0	
1249300	8426.42188	3305063811907	0.50278	0.32831	8426.25391	0.15430	11289	0	0.50417	0.26100	1	0.51768	0.36843	1	0.51092	0.31471	1	0.47157	0.53714	11.57902	1.06646	1	0.73535	0.55789	12.27775	1.06646	1	-0.00705	-0.00991	0.68113	0.00398	1	0.06078	-0.01386	0.67441	0.00380	1	1.45898	0.81042	0	
1249301	8426.42773	3305063877362	0.50540	0.32478	8426.25391	0.15430	11289	0	0.50417	0.26100	1	0.51710	0.37444	1	0.51063	0.31772	1	0.47141	0.53755	11.52899	1.06646	1	0.73490	0.55782	13.02459	1.05881	1	-0.00705	-0.00991	0.68113	0.00391	1	0.06038	-0.01378	0.67053	0.00385	1	1.45898	0.81042	0	
1249302	8426.43555	3305063946100	0.49802	0.33775	8426.41504	0.02051	11290	1	0.50085	0.35691	1	0.45090	0.39640	1	0.47587	0.37666	1	0.47151	0.53814	12.36318	1.05881	1	0.73466	0.55810	12.73922	1.05115	1	-0.00705	-0.00991	0.68113	0.00376	1	0.06038	-0.01378	0.67053	0.00402	1	1.45898	0.81042	0	
1249303	8426.44141	3305064012332	0.49287	0.34078	8426.41504	0.02637	11290	1	0.49226	0.29429	1	0.45231	0.41154	1	0.47229	0.35291	1	0.47141	0.53755	11.52899	1.05115	1	0.73466	0.55820	12.88896	1.04349	1	-0.00705	-0.00991	0.68113	0.00391	1	0.06038	-0.01378	0.67053	0.00401	1	1.45898	0.81042	0	
1249304	8426.44824	3305064080192	0.48951	0.34383	8426.41504	0.03320	11290	1	0.49327	0.30076	1	0.45218	0.41733	1	0.47273	0.35904	1	0.47166	0.53690	11.72656	1.04349	1	0.73513	0.55778	12.46554	1.03583	1	-0.00705	-0.00991	0.68113	0.00379	1	0.06038	-0.01378	0.67053	0.00382	1	1.45898	0.81042	0	
1249305	8426.45508	3305064146991	0.48840	0.34897	8426.41504	0.04004	11290	1	0.51538	0.30591	1	0.44811	0.45377	1	0.48175	0.37984	1	0.47175	0.53696	11.91312	1.03583	1	0.73502	0.55851	12.97317	1.03583	1	-0.00705	-0.00991	0.68113	0.00406	1	0.06038	-0.01378	0.67053	0.00399	1	1.45898	0.81042	0	
1249306	8426.46191	3305064214057	0.48846	0.34879	8426.41504	0.04688	11290	1	0.51164	0.27028	1	0.46598	0.42475	1	0.48881	0.34751	1	0.47170	0.53665	11.68661	1.03583	1	0.73524	0.55851	12.59548	1.03583	1	-0.00705	-0.00991	0.68113	0.00425	1	0.06038	-0.01378	0.67053	0.00400	1	1.45898	0.81042	0	
1249307	8426.46875	3305064280778	0.48851	0.34833	8426.41504	0.05371	11290	1	0.51164	0.27028	1	0.46621	0.41901	1	0.48892	0.34464	1	0.47162	0.53728	11.85350	1.03583	1	0.73524	0.55875	12.90147	1.04349	1	-0.00705	-0.00991	0.68113	0.00402	1	0.06078	-0.01386	0.67441	0.00402	1	1.45898	0.81042	0	
1249308	8426.47559	3305064347710	0.48835	0.35267	8426.41504	0.06055	11290	1	0.52119	0.35020	1	0.45269	0.43338	1	0.48694	0.39179	1	0.47176	0.53732	11.74571	1.04349	1	0.73503	0.55882	13.01968	1.05115	1	-0.00705	-0.00991	0.68113	0.00402	1	0.06078	-0.01386	0.67441	0.00395	1	1.45898	0.81042	0	
1249309	8426.48242	3305064414629	0.48748	0.35285	8426.41504	0.06738	11290	1	0.48477	0.32051	1	0.47281	0.38870	1	0.47879	0.35461	1	0.47162	0.53695	11.53245	1.05115	1	0.73541	0.55850	12.46940	1.05881	1	-0.00705	-0.00991	0.68113	0.00405	1	0.06078	-0.01386	0.67441	0.00390	1	1.45898	0.81042	0	
1249310	8426.48828	3305064481838	0.48672	0.35249	8426.41504	0.07324	11290	1	0.48371	0.31423	1	0.47308	0.38282	1	0.47839	0.34853	1	0.47196	0.53786	11.82082	1.05881	1	0.73531	0.55822	12.06551	1.06646	1	-0.00691	-0.00987	0.67808	0.00392	1	0.06247	-0.01427	0.69198	0.00379	1	1.45898	0.81042	0	
1249311	8426.49512	3305064548951	0.48713	0.35141	8426.41504	0.08008	11290	1	0.52342	0.30780	1	0.46057	0.36898	1	0.49200	0.33839	1	0.47222	0.53732	11.39245	1.06646	1	0.73516	0.55828	12.18001	1.06646	1	-0.00691	-0.00987	0.67808	0.00407	1	0.06247	-0.01427	0.69198	0.00388	1	1.45898	0.81042	0	
1249312	8426.50195	3305064613111	0.48765	0.34951	8426.41504	0.08691	11290	1	0.51512	0.30090	1	0.47358	0.34886	1	0.49435	0.32488	1	0.47216	0.53713	11.34490	1.06646	1	0.73529	0.55856	12.13764	1.06646	1	-0.00691	-0.00987	0.67808	0.00400	1	0.06247	-0.01427	0.69198	0.00395	1	1.45898	0.81042	0	
1249313	8426.50781	3305064678037	0.48808	0.34807	8426.41504	0.09277	11290	1	0.51512	0.30090	1	0.47331	0.35498	1	0.49421	0.32794	1	0.47243	0.53778	11.97523	1.06646	1	0.73554	0.55812	12.47129	1.05881	1	-0.00679	-0.00979	0.67624	0.00370	1	0.05993	-0.01368	0.66330	0.00401	1	1.45898	0.81042	0	
1249314	8426.51465	3305064745473	0.48768	0.34777	8426.41504	0.09961	11290	1	0.49437	0.31237	1	0.46893	0.37411	1	0.48165	0.34324	1	0.47220	0.53736	11.61878	1.05881	1	0.73573	0.55831	12.84999	1.05115	1	-0.00679	-0.00979	0.67624	0.00373	1	0.05993	-0.01368	0.66330	0.00394	1	1.45898	0.81042	0	
1249315	8426.52148	3305064813202	0.48694	0.34766	8426.41504	0.10645	11290	1	0.51797	0.31745	1	0.43215	0.37448	1	0.47506	0.34596	1	0.47256	0.53714	12.06072	1.05115	1	0.73537	0.55879	12.67746	1.04349	1	-0.00679	-0.00979	0.67624	0.00382	1	0.05993	-0.01368	0.66330	0.00392	1	1.45898	0.81042	0	
1249316	8426.52832	3305064879237	0.48630	0.34774	8426.41504	0.11328	11290	1	0.51882	0.32374	1	0.43215	0.37448	1	0.47549	0.34911	1	0.47257	0.53745	12.21228	1.04349	1	0.73553	0.55867	12.83897	1.04349	1	-0.00679	-0.00984	0.67623	0.00371	1	0.06005	-0.01370	0.66408	0.00409	1	1.45898	0.81042	0	
1249317	8426.53516	3305064946755	0.48674	0.34891	8426.41504	0.12012	11290	1	0.52440	0.40613	1	0.46482	0.33374	1	0.49461	0.36993	1	0.47260	0.53771	12.29999	1.04349	1	0.73595	0.55841	13.10360	1.05115	1	-0.00679	-0.00984	0.67623	0.00344	1	0.06005	-0.01370	0.66408	0.00397	1	1.45898	0.81042	0	
1249318	8426.54199	3305065016724	0.48640	0.34934	8426.41504	0.12695	11290	1	0.48527	0.39980	1	0.47439	0.31513	1	0.47983	0.35747	1	0.47241	0.53754	11.89129	1.05115	1	0.73616	0.55825	12.19699	1.05881	1	-0.00679	-0.00984	0.67623	0.00356	1	0.06005	-0.01370	0.66408	0.00398	1	1.45898	0.81042	0	
1249319	8426.54883	3305065082309	0.48606	0.34944	8426.41504	0.13379	11290	1	0.48421	0.39410	1	0.47467	0.30872	1	0.47944	0.35141	1	0.47295	0.53698	11.21338	1.05881	1	0.73616	0.55787	11.83514	1.06646	1	-0.00669	-0.00973	0.67599	0.00355	1	0.06005	-0.01370	0.66408	0.00410	1	1.45898	0.81042	0	
1249320	8426.55566	3305065147769	0.48660	0.34990	8426.41504	0.14062	11290	1	0.53286	0.38952	1	0.46300	0.32966	1	0.49793	0.35959	1	0.47314	0.53758	11.66679	1.06646	1	0.73598	0.55834	12.25819	1.06646	1	-0.00669	-0.00973	0.67599	0.00357	1	0.06005	-0.01370	0.66408	0.00394	1	1.45898	0.81042	0	
1249321	8426.56250	3305065216317	0.48677	0.34938	8426.41504	0.14746	11290	1	0.51187	0.33743	1	0.46891	0.33843	1	0.49039	0.33793	1	0.47322	0.53759	11.62738	1.06646	1	0.73608	0.55861	12.17132	1.06646	1	-0.00669	-0.00973	0.67599	0.00360	1	0.06005	-0.01370	0.66408	0.00382	1	1.45898	0.81042	0	
1249322	8426.56934	3305065286025	0.48692	0.34890	8426.41504	0.15430	11290	1	0.51187	0.33743	1	0.46891	0.33843	1	0.49039	0.33793	1	0.47315	0.53744	11.61709	1.06646	1	0.73603	0.55854	12.29556	1.06646	1	-0.00664	-0.00981	0.68106	0.00365	1	0.06098	-0.01388	0.67318	0.00395	1	1.45898	0.81042	0	
1249323	8426.57617	3305065352152	0.48746	0.34894	8426.41504	0.16113	11290	1	0.50661	0.37661	1	0.49410	0.32289	1	0.50035	0.34975	1	0.47313	0.53760	11.75024	1.06646	1	0.73649	0.55842	12.74228	1.06646	1	-0.00664	-0.00981	0.68106	0.00370	1	0.06098	-0.01388	0.67318	0.00392	1	1.45898	0.81042	0	
1249324	8426.58203	3305065419611	0.48779	0.34821	8426.41504	0.16699	11290	1	0.50115	0.33027	1	0.49105	0.32985	1	0.49610	0.33006	1	0.47304	0.53739	11.63825	1.06646	1	0.73648	0.55834	12.72609	1.06646	1	-0.00664	-0.00981	0.68106	0.00366	1	0.06098	-0.01388	0.67318	0.00395	1	1.45898	0.81042	0	
1249325	8426.58887	3305065486040	0.48810	0.34754	8426.41504	0.17383	11290	1	0.50115	0.33027	1	0.49105	0.32985	1	0.49610	0.33006	1	0.47317	0.53503	12.08316	1.06646	1	0.73647	0.55875	12.88269	1.06646	1	-0.00672	-0.00988	0.68946	0.00237	1	0.06116	-0.01390	0.67413	0.00396	1	1.45898	0.81042	0	
1249326	8426.59570	3305065553039	0.48753	0.34443	8426.41504	0.18066	11290	1	0.49677	0.16060	1	0.44758	0.36037	1	0.47217	0.26048	1	0.47318	0.53505	12.06087	1.06646	1	0.73654	0.55882	13.39101	1.06646	1	-0.00672	-0.00988	0.68946	0.00240	1	0.06116	-0.01390	0.67413	0.00387	1	1.45898	0.81042	0	
1249327	8426.60254	3305065620317	0.48740	0.34495	8426.41504	0.18750	11290	1	0.52883	0.37053	1	0.43903	0.34840	1	0.48393	0.35946	1	0.47381	0.53747	11.86929	1.06646	1	0.73634	0.55868	12.95085	1.06646	1	-0.00672	-0.00988	0.68946	0.00375	1	0.06116	-0.01390	0.67413	0.00399	1	1.45898	0.81042	0	
1249328	8426.60938	3305065687606	0.48729	0.34543	8426.41504	0.19434	11290	1	0.52883	0.37053	1	0.43903	0.34840	1	0.48393	0.35946	1	0.47350	0.53493	11.82445	1.06646	1	0.73656	0.55863	12.81096	1.06646	1	-0.00659	-0.00979	0.68670	0.00239	1	0.06116	-0.01390	0.67413	0.00393	1	1.45898	0.81042	0	
1249329	8426.61621	3305065754177	0.48732	0.34650	8426.41504	0.20117	11290	1	0.52236	0.33207	1	0.45392	0.42478	1	0.48814	0.37843	1	0.47380	0.53697	11.53312	1.06646	1	0.73665	0.55897	12.55615	1.06646	1	-0.00659	-0.00979	0.68670	0.00383	1	0.06116	-0.01390	0.67413	0.00398	1	1.45898	0.81042	0	
1249330	8426.62305	3305065821255	0.48693	0.34362	8426.41504	0.20801	11290	1	0.47912	0.16775	1	0.47092	0.34132	1	0.47502	0.25454	1	0.47358	0.53502	11.98577	1.06646	1	0.73691	0.55868	12.16755	1.06646	1	-0.00659	-0.00979	0.68670	0.00240	1	0.06116	-0.01390	0.67413	0.00383	1	1.45898	0.81042	0	
1249331	8426.62988	3305065889268	0.48657	0.34092	8426.41504	0.21484	11290	1	0.47912	0.16775	1	0.47092	0.34132	1	0.47502	0.25454	1	0.47355	0.53492	11.81603	1.06646	1	0.73689	0.55886	12.23646	1.06646	1	-0.00646	-0.00974	0.68384	0.00238	1	0.06210	-0.01409	0.68331	0.00379	1	1.45898	0.81042	0	
1249332	8426.63574	3305065954947	0.48635	0.33899	8426.41504	0.22070	11290	1	0.48766	0.15016	1	0.47029	0.39998	1	0.47897	0.27507	1	0.47367	0.53487	12.01697	1.06646	1	0.73688	0.55883	12.19071	1.06646	1	-0.00646	-0.00974	0.68384	0.00241	1	0.06210	-0.01409	0.68331	0.00378	1	1.45898	0.81042	0	
1249333	8426.64258	3305066022898	0.48576	0.33867	8426.41504	0.22754	11290	1	0.48596	0.28841	1	0.44564	0.36762	1	0.46580	0.32801	1	0.47360	0.53656	10.98204	1.06646	1	0.73657	0.55878	13.03275	1.06646	1	-0.00646	-0.00974	0.68384	0.00389	1	0.06210	-0.01409	0.68331	0.00377	1	1.45898	0.81042	0	
1249334	8426.64941	3305066088097	0.48521	0.33838	8426.41504	0.23438	11290	1	0.48596	0.28841	1	0.44564	0.36762	1	0.46580	0.32801	1	0.47380	0.53473	12.13748	1.06646	1	0.73708	0.55848	12.65514	1.06646	1	-0.00646	-0.00974	0.68384	0.00239	1	0.06210	-0.01404	0.68331	0.00393	1	1.45898	0.81042	0	
1249335	8426.65625	3305066156002	0.48536	0.33748	8426.41504	0.24121	11290	1	0.53051	0.27163	1	0.45163	0.33855	1	0.49107	0.30509	1	0.47431	0.53637	12.10546	1.06646	1	0.73698	0.55854	12.92183	1.06646	1	-0.00646	-0.00974	0.68384	0.00384	1	0.06210	-0.01404	0.68331	0.00397	1	1.45898	0.81042	0	
1249336	8426.66309	3305066224006	0.48007	0.31010	8426.41504	0.24121	11290	0	0.51405	0.25037	1	0.45564	0.32575	1	0.48485	0.28806	1	0.47415	0.53619	12.25907	1.06646	1	0.73707	0.55845	12.97046	1.06646	1	-0.00646	-0.00974	0.68384	0.00373	1	0.06210	-0.01404	0.68331	0.00387	1	1.45898	0.81042	0	
1249337	8426.66992	3305066290081	0.48242	0.30065	8426.41504	0.24121	11290	0	0.51405	0.25037	1	0.45550	0.33203	1	0.48477	0.29120	1	0.47401	0.53610	11.87803	1.06646	1	0.73725	0.55820	12.75194	1.05881	1	-0.00646	-0.00964	0.68385	0.00373	1	0.06021	-0.01361	0.66206	0.00389	1	1.45898	0.81042	0	
1249338	8426.67676	3305066358063	0.48423	0.28400	8426.41504	0.24121	11290	0	0.50920	0.17131	1	0.46653	0.33010	1	0.48786	0.25070	1	0.47405	0.53458	12.32674	1.05881	1	0.73715	0.55821	12.78830	1.05115	1	-0.00646	-0.00964	0.68385	0.00231	1	0.06021	-0.01361	0.66206	0.00402	1	1.45898	0.81042	0	
1249339	8426.68262	3305066424061	0.48085	0.29647	8426.66309	0.01953	11291	1	0.50799	0.30391	1	0.43338	0.36383	1	0.47068	0.33387	1	0.47396	0.53594	11.41417	1.05115	1	0.73708	0.55851	13.08204	1.04349	1	-0.00646	-0.00964	0.68385	0.00377	1	0.06021	-0.01361	0.66206	0.00396	1	1.45898	0.81042	0	
1249340	8426.68945	3305066491246	0.47880	0.30310	8426.66309	0.02637	11291	1	0.50782	0.30272	1	0.43337	0.35657	1	0.47060	0.32964	1	0.47433	0.53604	11.23192	1.05257	1	0.73736	0.55896	13.32936	1.05257	1	-0.00646	-0.00992	0.70010	0.00370	1	0.06155	-0.01390	0.67617	0.00391	1	1.45898	0.81042	0	
1249341	8426.69629	3305066557988	0.48051	0.29430	8426.66309	0.03320	11291	1	0.48735	0.17622	1	0.49083	0.32433	1	0.48909	0.25028	1	0.47456	0.53457	11.80388	1.06166	1	0.73793	0.55799	12.46097	1.06932	1	-0.00646	-0.00992	0.70010	0.00233	1	0.06155	-0.01390	0.67617	0.00379	1	1.45898	0.81042	0	
1249342	8426.70312	3305066625242	0.48193	0.28890	8426.66309	0.04004	11291	1	0.49063	0.14814	1	0.49028	0.36482	1	0.49046	0.25648	1	0.47461	0.53448	11.93976	1.07840	1	0.73805	0.55832	13.03030	1.08606	1	-0.00646	-0.00992	0.70010	0.00237	1	0.06155	-0.01390	0.67617	0.00370	1	1.45898	0.81042	0	
1249343	8426.70898	3305066687970	0.48294	0.28438	8426.66309	0.04590	11291	1	0.48965	0.14079	1	0.49028	0.36482	1	0.48997	0.25280	1	0.47468	0.53424	11.41627	1.08606	1	0.73821	0.55791	12.95362	1.08606	1	-0.00630	-0.00970	0.68827	0.00246	1	0.05973	-0.01347	0.65567	0.00392	1	1.45898	0.81042	0	
1249344	8426.71680	3305066758730	0.48485	0.27369	8426.66309	0.05371	11291	1	0.49126	0.12417	1	0.50898	0.25217	1	0.50012	0.18817	1	0.47473	0.53425	11.62088	1.07698	1	0.73824	0.55711	12.82209	1.06932	1	-0.00630	-0.00970	0.68827	0.00240	1	0.05973	-0.01347	0.65567	0.00379	1	1.45898	0.81042	0	
1249345	8426.72363	3305066826709	0.48660	0.26746	8426.66309	0.06055	11291	1	0.50581	0.14209	1	0.49902	0.28065	1	0.50241	0.21137	1	0.47478	0.53435	11.42193	1.06023	1	0.73812	0.55728	12.94905	1.05257	1	-0.00630	-0.00970	0.68827	0.00238	1	0.05973	-0.01347	0.65567	0.00388	1	1.45898	0.81042	0	
1249346	8426.72949	3305066892614	0.48811	0.26347	8426.66309	0.06641	11291	1	0.50780	0.15850	1	0.49848	0.28862	1	0.50314	0.22356	1	0.47472	0.53410	11.69671	1.04349	1	0.73820	0.55757	13.05516	1.04349	1	-0.00630	-0.00970	0.68827	0.00242	1	0.06204	-0.01398	0.68042	0.00378	1	1.45898	0.81042	0	
1249347	8426.73633	3305066960022	0.48881	0.26241	8426.66309	0.07324	11291	1	0.49801	0.14350	1	0.49512	0.35797	1	0.49657	0.25073	1	0.47470	0.53420	11.76637	1.04349	1	0.73806	0.55774	13.16903	1.05115	1	-0.00630	-0.00970	0.68827	0.00240	1	0.06204	-0.01398	0.68042	0.00387	1	1.45898	0.81042	0	
1249348	8426.74316	3305067027001	0.48949	0.26147	8426.66309	0.08008	11291	1	0.49870	0.14806	1	0.49646	0.35245	1	0.49758	0.25025	1	0.47466	0.53421	11.79779	1.05115	1	0.73806	0.55802	13.14736	1.05881	1	-0.00630	-0.00970	0.68827	0.00238	1	0.06204	-0.01398	0.68042	0.00392	1	1.45898	0.81042	0	
1249349	8426.75000	3305067093936	0.49004	0.26018	8426.66309	0.08691	11291	1	0.49774	0.14052	1	0.49689	0.34629	1	0.49731	0.24341	1	0.47468	0.53411	11.72268	1.05881	1	0.73815	0.55759	12.82245	1.06646	1	-0.00630	-0.00965	0.68827	0.00240	1	0.06204	-0.01398	0.68042	0.00385	1	1.45898	0.81042	0	
1249350	8426.75684	3305067160588	0.49066	0.25867	8426.66309	0.09375	11291	1	0.49996	0.12444	1	0.49871	0.35043	1	0.49934	0.23743	1	0.47473	0.53411	11.93447	1.06646	1	0.73813	0.55809	12.98361	1.06646	1	-0.00630	-0.00965	0.68827	0.00241	1	0.06204	-0.01398	0.68042	0.00391	1	1.45898	0.81042	0	
1249351	8426.76367	3305067227963	0.49128	0.25730	8426.66309	0.10059	11291	1	0.49685	0.13349	1	0.50424	0.34018	1	0.50054	0.23684	1	0.47469	0.53417	11.86441	1.06646	1	0.73818	0.55749	12.82229	1.06646	1	-0.00630	-0.00965	0.68827	0.00239	1	0.06204	-0.01398	0.68042	0.00380	1	1.45898	0.81042	0	
1249352	8426.76953	3305067294498	0.49183	0.25610	8426.66309	0.10645	11291	1	0.49685	0.13349	1	0.50424	0.34018	1	0.50054	0.23684	1	0.47472	0.53400	11.89716	1.06646	1	0.73813	0.55681	12.84578	1.06646	1	-0.00630	-0.00970	0.68827	0.00237	1	0.06204	-0.01398	0.68042	0.00408	1	1.45898	0.81042	0	
1249353	8426.77637	3305067362017	0.49099	0.25581	8426.66309	0.11328	11291	1	0.48923	0.10981	1	0.46424	0.39212	1	0.47673	0.25096	1	0.47466	0.53398	11.79208	1.06646	1	0.73799	0.55786	13.04058	1.06646	1	-0.00630	-0.00970	0.68827	0.00240	1	0.06204	-0.01398	0.68042	0.00385	1	1.45898	0.81042	0	
1249354	8426.78320	3305067429641	0.49148	0.25508	8426.66309	0.12012	11291	1	0.50613	0.13465	1	0.49474	0.34924	1	0.50043	0.24194	1	0.47477	0.53405	12.10034	1.06646	1	0.73806	0.55811	13.06702	1.06646	1	-0.00630	-0.00970	0.68827	0.00235	1	0.06204	-0.01398	0.68042	0.00375	1	1.45898	0.81042	0	
1249355	8426.79004	3305067496163	0.49193	0.25443	8426.66309	0.12695	11291	1	0.50613	0.13465	1	0.49474	0.34924	1	0.50043	0.24194	1	0.47477	0.53403	12.03628	1.06646	1	0.73805	0.55779	13.05270	1.06646	1	-0.00630	-0.00965	0.68827	0.00241	1	0.06204	-0.01398	0.68042	0.00393	1	1.45898	0.81042	0	
1249356	8426.79688	3305067562777	0.49233	0.25251	8426.66309	0.13379	11291	1	0.49513	0.10799	1	0.50535	0.32017	1	0.50024	0.21408	1	0.47471	0.53387	12.24688	1.06646	1	0.73818	0.55797	13.16232	1.06646	1	-0.00630	-0.00965	0.68827	0.00241	1	0.06204	-0.01398	0.68042	0.00384	1	1.45898	0.81042	0	
1249357	8426.80371	3305067629800	0.49245	0.25068	8426.66309	0.14062	11291	1	0.49374	0.11403	1	0.49645	0.31082	1	0.49510	0.21243	1	0.47463	0.53403	11.84439	1.06646	1	0.73809	0.55712	13.04237	1.06646	1	-0.00630	-0.00965	0.68827	0.00236	1	0.06204	-0.01398	0.68042	0.00414	1	1.45898	0.81042	0	
1249358	8426.81055	3305067697168	0.49257	0.24902	8426.66309	0.14746	11291	1	0.49374	0.11403	1	0.49645	0.31082	1	0.49510	0.21243	1	0.47477	0.53636	11.82854	1.06646	1	0.73807	0.55686	12.85149	1.06646	1	-0.00630	-0.00960	0.68827	0.00376	1	0.06204	-0.01398	0.68042	0.00415	1	1.45898	0.81042	0	
1249359	8426.81641	3305067762603	0.49289	0.24758	8426.66309	0.15332	11291	1	0.50720	0.16987	1	0.49343	0.25920	1	0.50032	0.21454	1	0.47474	0.53399	11.87155	1.06646	1	0.73797	0.55702	12.90738	1.06646	1	-0.00630	-0.00960	0.68827	0.00243	1	0.06204	-0.01398	0.68042	0.00392	1	1.45898	0.81042	0	
1249360	8426.82324	3305067831524	0.49400	0.24689	8426.66309	0.16016	11291	1	0.52239	0.16214	1	0.51858	0.29846	1	0.52049	0.23030	1	0.47468	0.53401	11.78806	1.06646	1	0.73800	0.55758	13.15358	1.06646	1	-0.00630	-0.00960	0.68827	0.00240	1	0.06204	-0.01398	0.68042	0.00382	1	1.45898	0.81042	0	
1249361	8426.83008	3305067897594	0.49501	0.24625	8426.66309	0.16699	11291	1	0.52239	0.16214	1	0.51858	0.29846	1	0.52049	0.23030	1	0.47462	0.53402	11.85678	1.06646	1	0.73798	0.55727	13.07236	1.06646	1	-0.00625	-0.00938	0.67260	0.00237	1	0.06204	-0.01398	0.68042	0.00403	1	1.45898	0.81042	0	
1249362	8426.83691	3305067964688	0.49588	0.24545	8426.66309	0.17383	11291	1	0.52131	0.16344	1	0.51528	0.28563	1	0.51830	0.22453	1	0.47455	0.53411	11.87579	1.06646	1	0.73798	0.55730	13.02774	1.06646	1	-0.00625	-0.00938	0.67260	0.00239	1	0.06204	-0.01398	0.68042	0.00402	1	1.45898	0.81042	0	
1249363	8426.84375	3305068031557	0.49699	0.24671	8426.66309	0.18066	11291	1	0.52850	0.28518	1	0.52587	0.27637	1	0.52718	0.28078	1	0.47471	0.53567	12.06651	1.06646	1	0.73809	0.55727	13.13318	1.06646	1	-0.00625	-0.00938	0.67260	0.00375	1	0.06204	-0.01398	0.68042	0.00403	1	1.45898	0.81042	0	
1249364	8426.85059	3305068098305	0.49804	0.24789	8426.66309	0.18750	11291	1	0.52850	0.28518	1	0.52587	0.27637	1	0.52718	0.28078	1	0.47458	0.53638	11.77072	1.06646	1	0.73795	0.55770	13.50882	1.06646	1	-0.00652	-0.00968	0.68998	0.00364	1	0.06155	-0.01390	0.67617	0.00387	1	1.45898	0.81042	0	
1249365	8426.85742	3305068165553	0.49801	0.24644	8426.66309	0.19434	11291	1	0.49656	0.11657	1	0.49805	0.29237	1	0.49730	0.20447	1	0.47441	0.53412	11.73057	1.06646	1	0.73764	0.55748	12.35863	1.06646	1	-0.00652	-0.00968	0.68998	0.00241	1	0.06155	-0.01390	0.67617	0.00395	1	1.45898	0.81042	0	
1249366	8426.86328	3305068232505	0.49808	0.24498	8426.66309	0.20020	11291	1	0.49507	0.12941	1	0.50506	0.27315	1	0.50007	0.20128	1	0.47427	0.53408	12.27592	1.06646	1	0.73778	0.55669	11.96299	1.06646	1	-0.00652	-0.00968	0.68998	0.00239	1	0.06155	-0.01390	0.67617	0.00424	1	1.45898	0.81042	0	
1249367	8426.87012	3305068300237	0.49813	0.24372	8426.66309	0.20703	11291	1	0.49507	0.12941	1	0.50457	0.27984	1	0.49982	0.20462	1	0.47441	0.53643	11.56163	1.06646	1	0.73782	0.55760	12.42819	1.05881	1	-0.00646	-0.00964	0.68385	0.00356	1	0.06021	-0.01361	0.66206	0.00396	1	1.45898	0.81042	0	
1249368	8426.87695	3305068367080	0.49917	0.24690	8426.66309	0.21387	11291	1	0.55027	0.35876	1	0.51447	0.33874	1	0.53237	0.34875	1	0.47464	0.53652	12.32061	1.05881	1	0.73796	0.55746	12.39934	1.05115	1	-0.00646	-0.00964	0.68385	0.00349	1	0.06021	-0.01361	0.66206	0.00407	1	1.45898	0.81042	0	
1249369	8426.88379	3305068433479	0.50006	0.25011	8426.66309	0.22070	11291	1	0.54527	0.36711	1	0.51391	0.34506	1	0.52959	0.35608	1	0.47455	0.53643	11.90540	1.05115	1	0.73796	0.55746	12.39934	1.04349	1	-0.00646	-0.00964	0.68385	0.00352	1	0.06021	-0.01361	0.66206	0.00407	1	1.45898	0.81042	0	
1249370	8426.89062	3305068500411	0.50092	0.25323	8426.66309	0.22754	11291	1	0.54595	0.37303	1	0.51391	0.34506	1	0.52993	0.35904	1	0.47466	0.53698	12.42919	1.04349	1	0.73790	0.55734	12.29801	1.04349	1	-0.00646	-0.00964	0.68385	0.00362	1	0.06155	-0.01390	0.67617	0.00405	1	1.45898	0.81042	0	
1249371	8426.89746	3305068567322	0.51861	0.27709	8426.66309	0.22754	11291	0	0.53764	0.42217	1	0.50367	0.38619	1	0.52065	0.40418	1	0.47439	0.53672	11.30478	1.04349	1	0.73789	0.55783	12.56843	1.05115	1	-0.00646	-0.00964	0.68385	0.00367	1	0.06155	-0.01390	0.67617	0.00377	1	1.45898	0.81042	0	
1249372	8426.90332	3305068631012	0.52628	0.31409	8426.66309	0.22754	11291	0	0.53890	0.37029	1	0.52899	0.33191	1	0.53395	0.35110	1	0.47438	0.53645	11.50713	1.05115	1	0.73790	0.55734	12.29801	1.05881	1	-0.00646	-0.00964	0.68385	0.00370	1	0.06155	-0.01390	0.67617	0.00405	1	1.45898	0.81042	0	
1249373	8426.91016	3305068698612	0.52872	0.32545	8426.66309	0.22754	11291	0	0.53818	0.36439	1	0.52899	0.33191	1	0.53359	0.34815	1	0.47464	0.53684	11.72095	1.05881	1	0.73729	0.55758	13.06941	1.05881	1	-0.00646	-0.00964	0.68385	0.00370	1	0.06006	-0.01352	0.66033	0.00396	1	1.45898	0.81042	0	
1249374	8426.91699	3305068765648	0.52872	0.33712	8426.89746	0.01953	11292	1	0.55359	0.38662	1	0.50390	0.35770	1	0.52875	0.37216	1	0.47464	0.53643	11.70462	1.05881	1	0.73742	0.55755	13.31432	1.05115	1	-0.00646	-0.00964	0.68385	0.00366	1	0.06006	-0.01352	0.66033	0.00396	1	1.45898	0.81042	0	
1249375	8426.92383	3305068831020	0.52528	0.34151	8426.89746	0.02637	11292	1	0.52736	0.34933	1	0.49562	0.36877	1	0.51149	0.35905	1	0.47428	0.53654	11.17803	1.05115	1	0.73732	0.55765	13.10471	1.04349	1	-0.00646	-0.00964	0.68385	0.00364	1	0.06006	-0.01352	0.66033	0.00394	1	1.45898	0.81042	0	
1249376	8426.93066	3305068897639	0.52304	0.34494	8426.89746	0.03320	11292	1	0.52815	0.35538	1	0.49562	0.36877	1	0.51188	0.36208	1	0.47444	0.53627	11.36442	1.04349	1	0.73750	0.55796	12.66544	1.04349	1	-0.00646	-0.00964	0.68385	0.00364	1	0.06210	-0.01404	0.68331	0.00374	1	1.45898	0.81042	0	
1249377	8426.93750	3305068969635	0.52567	0.35008	8426.89746	0.04004	11292	1	0.55771	0.41282	1	0.52520	0.34898	1	0.54145	0.38090	1	0.47472	0.53681	12.21150	1.04349	1	0.73779	0.55733	12.17163	1.05115	1	-0.00646	-0.00964	0.68385	0.00357	1	0.06210	-0.01404	0.68331	0.00405	1	1.45898	0.81042	0	
1249378	8426.94434	3305069036858	0.52707	0.34963	8426.89746	0.04688	11292	1	0.55057	0.36953	1	0.52315	0.32344	1	0.53686	0.34648	1	0.47460	0.53627	11.40600	1.05115	1	0.73778	0.55723	12.12973	1.05881	1	-0.00646	-0.00964	0.68385	0.00370	1	0.06210	-0.01404	0.68331	0.00412	1	1.45898	0.81042	0	
1249379	8426.95020	3305069100687	0.52812	0.34895	8426.89746	0.05273	11292	1	0.54992	0.36363	1	0.52315	0.32344	1	0.53654	0.34354	1	0.47454	0.53677	11.64392	1.05881	1	0.73752	0.55721	12.60915	1.05881	1	-0.00646	-0.00964	0.68385	0.00363	1	0.06021	-0.01361	0.66206	0.00412	1	1.45898	0.81042	0	
1249380	8426.95703	3305069169692	0.52813	0.34895	8426.89746	0.05957	11292	1	0.53026	0.37415	1	0.52607	0.32371	1	0.52816	0.34893	1	0.47431	0.53637	11.06468	1.05881	1	0.73775	0.55726	12.27808	1.05115	1	-0.00646	-0.00964	0.68385	0.00360	1	0.06021	-0.01361	0.66206	0.00410	1	1.45898	0.81042	0	
1249381	8426.96387	3305069233772	0.52713	0.34999	8426.89746	0.06641	11292	1	0.54531	0.39534	1	0.48901	0.32553	1	0.51716	0.36044	1	0.47447	0.53689	11.19719	1.05115	1	0.73756	0.55702	12.52639	1.04349	1	-0.00646	-0.00964	0.68385	0.00373	1	0.06021	-0.01361	0.66206	0.00415	1	1.45898	0.81042	0	
1249382	8426.97070	3305069304186	0.52633	0.35110	8426.89746	0.07324	11292	1	0.54599	0.40105	1	0.48901	0.32553	1	0.51750	0.36329	1	0.47469	0.53660	11.21132	1.04349	1	0.73778	0.55714	12.11151	1.04349	1	-0.00652	-0.00978	0.68998	0.00377	1	0.06210	-0.01404	0.68331	0.00415	1	1.45898	0.81042	0	
1249383	8426.97754	3305069371105	0.52672	0.35294	8426.89746	0.08008	11292	1	0.53955	0.40429	1	0.52335	0.34582	1	0.53145	0.37506	1	0.47442	0.53663	12.03953	1.04349	1	0.73778	0.55736	12.07580	1.05115	1	-0.00652	-0.00978	0.68998	0.00378	1	0.06210	-0.01404	0.68331	0.00404	1	1.45898	0.81042	0	
1249384	8426.98438	3305069436303	0.52747	0.35336	8426.89746	0.08691	11292	1	0.55338	0.37268	1	0.52106	0.34497	1	0.53722	0.35883	1	0.47460	0.53650	11.05558	1.05115	1	0.73771	0.55749	12.29602	1.05881	1	-0.00652	-0.00978	0.68998	0.00377	1	0.06210	-0.01404	0.68331	0.00400	1	1.45898	0.81042	0	
1249385	8426.99121	3305069504955	0.52812	0.35332	8426.89746	0.09375	11292	1	0.55276	0.36681	1	0.52166	0.33875	1	0.53721	0.35278	1	0.47462	0.53649	11.19442	1.05881	1	0.73772	0.55759	12.14030	1.06646	1	-0.00646	-0.00974	0.68384	0.00374	1	0.06210	-0.01404	0.68331	0.00404	1	1.45898	0.81042	0	
1249386	8426.99805	3305069572186	0.52910	0.35466	8426.89746	0.10059	11292	1	0.56012	0.40548	1	0.52739	0.34403	1	0.54376	0.37475	1	0.47472	0.53684	11.43351	1.06646	1	0.73777	0.55759	12.26359	1.06646	1	-0.00646	-0.00974	0.68384	0.00385	1	0.06210	-0.01404	0.68331	0.00405	1	1.45898	0.81042	0	
1249387	8427.00488	3305069639792	0.52896	0.35605	8426.89746	0.10742	11292	1	0.53018	0.40778	1	0.52343	0.34865	1	0.52681	0.37821	1	0.47465	0.53694	11.62025	1.06646	1	0.73778	0.55751	12.36162	1.06646	1	-0.00646	-0.00974	0.68384	0.00374	1	0.06210	-0.01404	0.68331	0.00406	1	1.45898	0.81042	0	
1249388	8427.01074	3305069706740	0.52883	0.35745	8426.89746	0.11328	11292	1	0.53018	0.40778	1	0.52281	0.35480	1	0.52650	0.38129	1	0.47452	0.53604	11.20733	1.06646	1	0.73768	0.55772	12.82155	1.05881	1	-0.00646	-0.00974	0.68384	0.00412	1	0.06021	-0.01361	0.66206	0.00397	1	1.45898	0.81042	0	
1249389	8427.01758	3305069773802	0.52899	0.35860	8426.89746	0.12012	11292	1	0.54164	0.39697	1	0.52218	0.36171	1	0.53191	0.37934	1	0.47476	0.53680	11.42816	1.05881	1	0.73778	0.55751	12.36162	1.05115	1	-0.00646	-0.00974	0.68384	0.00380	1	0.06021	-0.01361	0.66206	0.00406	1	1.45898	0.81042	0	SUBJECT_ONSET_LOG
1249390	8427.02441	3305069838658	0.52633	0.35985	8426.89746	0.12695	11292	1	0.54164	0.39697	0	0.47580	0.38344	1	0.47580	0.38344	1	0.47476	0.53680	11.42816	1.05115	0	0.73743	0.55780	12.93631	1.04349	1	-0.00646	-0.00974	0.68384	0.00380	1	0.06021	-0.01361	0.66206	0.00402	1	1.45898	0.81042	0	
1249391	8427.03125	3305069908421	0.52633	0.35985	8426.89746	0.13379	11292	1	0.54164	0.39697	0	0.47580	0.38344	0	0.47580	0.38344	0	0.47476	0.53680	11.42816	1.04349	0	0.73743	0.55780	12.93631	1.03583	0	-0.00646	-0.00974	0.68384	0.00380	1	0.06021	-0.01361	0.66206	0.00402	1	1.45898	0.81042	0	
1249392	8427.03809	3305069973422	0.52611	0.36009	8426.89746	0.14062	11292	1	0.54164	0.39697	0	0.52164	0.36506	1	0.52164	0.36506	1	0.47476	0.53680	11.42816	1.03583	0	0.73779	0.55733	12.34081	1.03583	1	-0.00646	-0.00974	0.68384	0.00380	1	0.06021	-0.01361	0.66206	0.00405	1	1.45898	0.81042	0	AUDIO_FILE_ONSET_LOG
1249393	8427.04492	3305070040160	0.52379	0.36015	8426.89746	0.14746	11292	1	0.54164	0.39697	0	0.47521	0.36133	1	0.47521	0.36133	1	0.47476	0.53680	11.42816	1.03583	0	0.73779	0.55733	12.34081	1.03583	1	-0.00646	-0.00974	0.68384	0.00380	1	0.06021	-0.01361	0.66206	0.00405	1	1.45898	0.81042	0	
1249394	8427.05176	3305070107946	0.52169	0.35993	8426.89746	0.15430	11292	1	0.54164	0.39697	0	0.47551	0.35512	1	0.47551	0.35512	1	0.47476	0.53680	11.42816	1.03583	0	0.73775	0.55763	12.29803	1.04349	1	-0.00646	-0.00974	0.68384	0.00380	1	0.06155	-0.01390	0.67617	0.00409	1	1.45898	0.81042	0	
1249395	8427.05762	3305070175878	0.52169	0.35993	8426.89746	0.16016	11292	1	0.54164	0.39697	0	0.47551	0.35512	0	0.47551	0.35512	0	0.47476	0.53680	11.42816	1.04349	0	0.73775	0.55763	12.29803	1.05115	0	-0.00646	-0.00974	0.68384	0.00380	1	0.06155	-0.01390	0.67617	0.00409	1	1.45898	0.81042	0	
1249396	8427.06445	3305070242961	0.52169	0.35993	8426.89746	0.16699	11292	1	0.54164	0.39697	0	0.47551	0.35512	0	0.47551	0.35512	0	0.47476	0.53680	11.42816	1.05115	0	0.73775	0.55763	12.29803	1.05881	0	-0.00646	-0.00974	0.68384	0.00380	1	0.06155	-0.01390	0.67617	0.00409	1	1.45898	0.81042	0	
1249397	8427.07129	3305070308866	0.52169	0.35993	8426.89746	0.17383	11292	1	0.54164	0.39697	0	0.47551	0.35512	0	0.47551	0.35512	0	0.47476	0.53680	11.42816	1.05881	0	0.73775	0.55763	12.29803	1.06646	0	-0.00646	-0.00974	0.68384	0.00380	1	0.06155	-0.01390	0.67617	0.00409	1	1.45898	0.81042	0	
1249398	8427.07812	3305070376103	0.51671	0.36904	8426.89746	0.17383	11292	0	0.54164	0.39697	0	0.47551	0.35512	0	0.47551	0.35512	0	0.47476	0.53680	11.42816	1.06646	0	0.73775	0.55763	12.29803	1.06646	0	-0.00646	-0.00974	0.68384	0.00380	1	0.06155	-0.01390	0.67617	0.00409	1	1.45898	0.81042	0	
1249399	8427.08496	3305070443073	0.51671	0.36904	8426.89746	0.17383	11292	0	0.54164	0.39697	0	0.47551	0.35512	0	0.47551	0.35512	0	0.47476	0.53680	11.42816	1.06646	0	0.73775	0.55763	12.29803	1.06646	0	-0.00646	-0.00974	0.68384	0.00380	1	0.06155	-0.01390	0.67617	0.00409	1	1.45898	0.81042	0	
1249400	8427.09180	3305070510070	0.51671	0.36904	8426.89746	0.17383	11292	0	0.54164	0.39697	0	0.47551	0.35512	0	0.47551	0.35512	0	0.47476	0.53680	11.42816	1.06646	0	0.73775	0.55763	12.29803	1.06646	0	-0.00646	-0.00974	0.68384	0.00380	1	0.06155	-0.01390	0.67617	0.00409	1	1.45898	0.81042	0	
1249401	8427.09863	3305070576784	0.00000	0.00000	8426.89746	0.17383	11292	0	0.54164	0.39697	0	0.47551	0.35512	0	0.47551	0.35512	0	0.47476	0.53680	11.42816	1.06646	0	0.73775	0.55763	12.29803	1.06646	0	-0.00646	-0.00974	0.68384	0.00380	1	0.06155	-0.01390	0.67617	0.00409	1	1.45898	0.81042	0	
1249402	8427.10449	3305070643875	0.00000	0.00000	8426.89746	0.17383	11292	0	0.54164	0.39697	0	0.47551	0.35512	0	0.47551	0.35512	0	0.47476	0.53680	11.42816	1.06646	0	0.73775	0.55763	12.29803	1.06646	0	-0.00646	-0.00974	0.68384	0.00380	1	0.06155	-0.01390	0.67617	0.00409	1	1.45898	0.81042	0	
1249403	8427.11133	3305070711669	0.23819	0.16824	8426.89746	0.17383	11292	0	0.54164	0.39697	0	0.47638	0.33648	1	0.47638	0.33648	1	0.47476	0.53680	11.42816	1.06646	0	0.73774	0.55798	12.33587	1.06646	1	-0.00646	-0.00974	0.68384	0.00380	1	0.06155	-0.01390	0.67617	0.00425	1	1.45898	0.81042	0	
1249404	8427.11816	3305070777385	0.47346	0.37745	8426.89746	0.17383	11292	0	0.54164	0.39697	0	0.47054	0.41843	1	0.47054	0.41843	1	0.47476	0.53680	11.42816	1.06646	0	0.73776	0.55841	12.63446	1.06646	1	-0.00646	-0.00974	0.68384	0.00380	1	0.06155	-0.01390	0.67617	0.00406	1	1.45898	0.81042	0	
1249405	8427.12500	3305070840505	0.47346	0.37745	8426.89746	0.17383	11292	0	0.54164	0.39697	0	0.47054	0.41843	0	0.47054	0.41843	0	0.47476	0.53680	11.42816	1.06646	0	0.73776	0.55841	12.63446	1.06646	0	-0.00646	-0.00974	0.68384	0.00380	1	0.06155	-0.01390	0.67617	0.00406	1	1.45898	0.81042	0	
1249406	8427.13184	3305070909461	0.47346	0.37745	8426.89746	0.17383	11292	0	0.54164	0.39697	0	0.47054	0.41843	0	0.47054	0.41843	0	0.47476	0.53680	11.42816	1.06646	0	0.73776	0.55841	12.63446	1.06646	0	-0.00646	-0.00974	0.68384	0.00380	1	0.06155	-0.01390	0.67617	0.00406	1	1.45898	0.81042	0	
1249407	8427.13770	3305070976245	0.00000	0.00000	8426.89746	0.17383	11292	0	0.54164	0.39697	0	0.47054	0.41843	0	0.47054	0.41843	0	0.47476	0.53680	11.42816	1.06646	0	0.73776	0.55841	12.63446	1.06646	0	-0.00646	-0.00974	0.68384	0.00380	1	0.06155	-0.01390	0.67617	0.00406	1	1.45898	0.81042	0	
1249408	8427.14551	3305071045782	0.00000	0.00000	8426.89746	0.17383	11292	0	0.54164	0.39697	0	0.47054	0.41843	0	0.47054	0.41843	0	0.47476	0.53680	11.42816	1.06646	0	0.73776	0.55841	12.63446	1.06646	0	-0.00646	-0.00974	0.68384	0.00380	1	0.06155	-0.01390	0.67617	0.00406	1	1.45898	0.81042	0	
1249409	8427.15137	3305071112879	0.00000	0.00000	8426.89746	0.17383	11292	0	0.54164	0.39697	0	0.47054	0.41843	0	0.47054	0.41843	0	0.47476	0.53680	11.42816	1.06646	0	0.73776	0.55841	12.63446	1.06646	0	-0.00646	-0.00974	0.68384	0.00380	1	0.06155	-0.01390	0.67617	0.00406	1	1.45898	0.81042	0	
1249410	8427.15820	3305071179773	0.00000	0.00000	8426.89746	0.17383	11292	0	0.54164	0.39697	0	0.47054	0.41843	0	0.47054	0.41843	0	0.47476	0.53680	11.42816	1.06646	0	0.73776	0.55841	12.63446	1.06646	0	-0.00646	-0.00974	0.68384	0.00380	1	0.06155	-0.01390	0.67617	0.00406	1	1.45898	0.81042	0	
1249411	8427.16504	3305071246483	0.00000	0.00000	8426.89746	0.17383	11292	0	0.54164	0.39697	0	0.47054	0.41843	0	0.47054	0.41843	0	0.47476	0.53680	11.42816	1.06646	0	0.73776	0.55841	12.63446	1.06646	0	-0.00646	-0.00974	0.68384	0.00380	1	0.06155	-0.01390	0.67617	0.00406	1	1.45898	0.81042	0	
1249412	8427.17188	3305071313695	0.00000	0.00000	8426.89746	0.17383	11292	0	0.54164	0.39697	0	0.47054	0.41843	0	0.47054	0.41843	0	0.47476	0.53680	11.42816	1.06646	0	0.73776	0.55841	12.63446	1.06646	0	-0.00646	-0.00974	0.68384	0.00380	1	0.06155	-0.01390	0.67617	0.00406	1	1.45898	0.81042	0	
1249413	8427.17871	3305071381323	0.00000	0.00000	8426.89746	0.17383	11292	0	0.54164	0.39697	0	0.47054	0.41843	0	0.47054	0.41843	0	0.47476	0.53680	11.42816	1.06646	0	0.73776	0.55841	12.63446	1.06646	0	-0.00646	-0.00974	0.68384	0.00380	1	0.06155	-0.01390	0.67617	0.00406	1	1.45898	0.81042	0	
1249414	8427.18555	3305071447679	0.26555	0.19182	8426.89746	0.17383	11292	0	0.56818	0.36588	1	0.49404	0.40139	1	0.53111	0.38364	1	0.47530	0.53652	11.27102	1.06646	1	0.73805	0.55817	12.99923	1.06646	1	-0.00646	-0.00974	0.68384	0.00368	1	0.06155	-0.01390	0.67617	0.00403	1	1.45898	0.81042	0	
1249415	8427.19141	3305071513807	0.35407	0.25576	8426.89746	0.17383	11292	0	0.56818	0.36588	1	0.49404	0.40139	1	0.53111	0.38364	1	0.47479	0.53650	12.48602	1.06646	1	0.73814	0.55795	13.02857	1.06646	1	-0.00630	-0.00976	0.68827	0.00371	1	0.06204	-0.01398	0.68042	0.00396	1	1.45898	0.81042	0	
1249416	8427.19824	3305071579320	0.52944	0.38288	8426.89746	0.17383	11292	0	0.55843	0.37419	1	0.49378	0.38853	1	0.52611	0.38136	1	0.47506	0.53648	12.75476	1.06646	1	0.73801	0.55802	12.67667	1.06646	1	-0.00630	-0.00976	0.68827	0.00362	1	0.06204	-0.01398	0.68042	0.00409	1	1.45898	0.81042	0	
1249417	8427.20508	3305071649004	0.52303	0.37120	8426.89746	0.17383	11292	0	0.53151	0.38618	1	0.50171	0.33287	1	0.51661	0.35953	1	0.47470	0.53649	11.98145	1.06646	1	0.73814	0.55745	12.81334	1.06646	1	-0.00630	-0.00976	0.68827	0.00389	1	0.06204	-0.01398	0.68042	0.00422	1	1.45898	0.81042	0	
1249418	8427.21191	3305071715810	0.52089	0.36731	8426.89746	0.17383	11292	0	0.53151	0.38618	1	0.50171	0.33287	1	0.51661	0.35953	1	0.47473	0.53662	12.08335	1.06646	1	0.73811	0.55750	12.93820	1.06646	1	-0.00630	-0.00976	0.68827	0.00379	1	0.06204	-0.01398	0.68042	0.00430	1	1.45898	0.81042	0	
1249419	8427.21875	3305071782704	0.52172	0.36958	8427.19824	0.02051	11293	1	0.55656	0.35736	1	0.49191	0.39545	1	0.52424	0.37640	1	0.47508	0.53620	12.16141	1.06646	1	0.73810	0.55810	13.16920	1.06646	1	-0.00630	-0.00976	0.68827	0.00367	1	0.06204	-0.01398	0.68042	0.00404	1	1.45898	0.81042	0	
1249420	8427.22559	3305071847578	0.51929	0.37808	8427.19824	0.02734	11293	1	0.52512	0.40526	1	0.49403	0.41886	1	0.50957	0.41206	1	0.47458	0.53685	12.19664	1.06646	1	0.73809	0.55843	13.10581	1.06646	1	-0.00630	-0.00976	0.68827	0.00381	1	0.06204	-0.01398	0.68042	0.00390	1	1.45898	0.81042	0	
1249421	8427.23242	3305071917174	0.51764	0.38421	8427.19824	0.03418	11293	1	0.52512	0.40526	1	0.49362	0.42450	1	0.50937	0.41488	1	0.47479	0.53663	12.49519	1.06646	1	0.73811	0.55805	12.90271	1.05881	1	-0.00630	-0.00976	0.68827	0.00372	1	0.05973	-0.01347	0.65567	0.00408	1	1.45898	0.81042	0	
1249422	8427.23926	3305071983748	0.51799	0.38305	8427.19824	0.04102	11293	1	0.54315	0.36774	1	0.49710	0.38435	1	0.52013	0.37604	1	0.47496	0.53633	12.08853	1.05881	1	0.73813	0.55795	12.74306	1.05115	1	-0.00630	-0.00976	0.68827	0.00361	1	0.05973	-0.01347	0.65567	0.00404	1	1.45898	0.81042	0	
1249423	8427.24609	3305072051487	0.51773	0.38369	8427.19824	0.04785	11293	1	0.54598	0.35899	1	0.48578	0.41747	1	0.51588	0.38823	1	0.47495	0.53634	12.02359	1.05115	1	0.73794	0.55812	13.24067	1.04349	1	-0.00630	-0.00976	0.68827	0.00367	1	0.05973	-0.01347	0.65567	0.00398	1	1.45898	0.81042	0	
1249424	8427.25195	3305072117367	0.51758	0.38521	8427.19824	0.05371	11293	1	0.54736	0.37122	1	0.48540	0.42350	1	0.51638	0.39736	1	0.47493	0.53638	11.86280	1.03547	1	0.73768	0.55820	12.54601	1.03547	1	-0.00595	-0.00910	0.64537	0.00371	1	0.06155	-0.01390	0.67617	0.00405	1	1.45898	0.81042	0	
1249425	8427.25879	3305072184666	0.51660	0.38701	8427.19824	0.06055	11293	1	0.53114	0.39883	1	0.48446	0.40751	1	0.50780	0.40317	1	0.47470	0.53654	12.11406	1.02745	1	0.73792	0.55798	13.00758	1.03511	1	-0.00595	-0.00910	0.64537	0.00359	1	0.06155	-0.01390	0.67617	0.00403	1	1.45898	0.81042	0	
1249426	8427.26562	3305072248907	0.51564	0.39001	8427.19824	0.06738	11293	1	0.54488	0.43234	1	0.46723	0.40768	1	0.50605	0.42001	1	0.47483	0.53683	12.10360	1.02710	1	0.73766	0.55794	12.27151	1.03476	1	-0.00595	-0.00910	0.64537	0.00363	1	0.06155	-0.01390	0.67617	0.00408	1	1.45898	0.81042	0	
1249427	8427.27246	3305072319073	0.51485	0.39253	8427.19824	0.07422	11293	1	0.54491	0.43260	1	0.46721	0.40796	1	0.50606	0.42028	1	0.47478	0.53674	12.14033	1.02674	1	0.73772	0.55802	12.26798	1.03440	1	-0.00595	-0.00915	0.64537	0.00368	1	0.06155	-0.01390	0.67617	0.00428	1	1.45898	0.81042	0	
1249428	8427.27930	3305072385939	0.51413	0.39167	8427.19824	0.08105	11293	1	0.54139	0.38847	1	0.46980	0.37418	1	0.50560	0.38133	1	0.47485	0.53657	12.17368	1.03440	1	0.73769	0.55773	12.16531	1.03440	1	-0.00595	-0.00915	0.64537	0.00373	1	0.06155	-0.01390	0.67617	0.00411	1	1.45898	0.81042	0	
1249429	8427.28516	3305072451135	0.51484	0.39229	8427.19824	0.08691	11293	1	0.56432	0.41166	1	0.48379	0.38894	1	0.52406	0.40030	1	0.47515	0.53671	12.36310	1.03440	1	0.73788	0.55780	12.21861	1.03440	1	-0.00595	-0.00915	0.64537	0.00369	1	0.06155	-0.01390	0.67617	0.00415	1	1.45898	0.81042	0	
1249430	8427.29297	3305072520056	0.51545	0.39241	8427.19824	0.09473	11293	1	0.56373	0.40572	1	0.48416	0.38264	1	0.52395	0.39418	1	0.47475	0.53658	12.18257	1.04241	1	0.73798	0.55817	13.26948	1.04241	1	-0.00630	-0.00970	0.68827	0.00373	1	0.06155	-0.01390	0.67617	0.00400	1	1.45898	0.81042	0	
1249431	8427.29883	3305072585494	0.51623	0.39148	8427.19824	0.10059	11293	1	0.55540	0.38635	1	0.50036	0.36868	1	0.52788	0.37751	1	0.47507	0.53647	12.62838	1.05043	1	0.73817	0.55789	12.89739	1.05043	1	-0.00630	-0.00970	0.68827	0.00364	1	0.06155	-0.01390	0.67617	0.00415	1	1.45898	0.81042	0	
1249432	8427.30566	3305072649721	0.51648	0.39068	8427.19824	0.10742	11293	1	0.55693	0.35737	1	0.48404	0.39824	1	0.52048	0.37780	1	0.47509	0.53636	11.33866	1.05845	1	0.73788	0.55812	13.05598	1.05845	1	-0.00630	-0.00970	0.68827	0.00376	1	0.06155	-0.01390	0.67617	0.00401	1	1.45898	0.81042	0	
1249433	8427.31250	3305072717336	0.51669	0.38962	8427.19824	0.11426	11293	1	0.55630	0.35116	1	0.48440	0.39215	1	0.52035	0.37165	1	0.47507	0.53679	12.63309	1.06646	1	0.73772	0.55777	12.16993	1.06646	1	-0.00625	-0.00948	0.67260	0.00367	1	0.06155	-0.01390	0.67617	0.00411	1	1.45898	0.81042	0	
1249434	8427.31934	3305072784303	0.51658	0.38888	8427.19824	0.12109	11293	1	0.54132	0.36514	1	0.48781	0.38600	1	0.51457	0.37557	1	0.47481	0.53631	11.92551	1.06646	1	0.73792	0.55805	12.99598	1.06646	1	-0.00625	-0.00948	0.67260	0.00385	1	0.06155	-0.01390	0.67617	0.00403	1	1.45898	0.81042	0	
1249435	8427.32617	3305072854042	0.51624	0.38865	8427.19824	0.12793	11293	1	0.54174	0.38699	1	0.47779	0.38156	1	0.50976	0.38427	1	0.47478	0.53667	12.36046	1.06646	1	0.73777	0.55797	12.43412	1.06646	1	-0.00625	-0.00948	0.67260	0.00372	1	0.06155	-0.01390	0.67617	0.00406	1	1.45898	0.81042	0	
1249436	8427.33203	3305072918631	0.51594	0.38873	8427.19824	0.13379	11293	1	0.54246	0.39294	1	0.47747	0.38772	1	0.50997	0.39033	1	0.47475	0.53659	12.25848	1.05845	1	0.73799	0.55747	12.49223	1.05845	1	-0.00595	-0.00910	0.64537	0.00368	1	0.06155	-0.01390	0.67617	0.00427	1	1.45898	0.81042	0	
1249437	8427.33887	3305072986185	0.51541	0.38863	8427.19824	0.14062	11293	1	0.53571	0.40254	1	0.47265	0.37055	1	0.50418	0.38654	1	0.47473	0.53666	12.21603	1.05043	1	0.73769	0.55779	12.59389	1.05043	1	-0.00595	-0.00910	0.64537	0.00370	1	0.06155	-0.01390	0.67617	0.00417	1	1.45898	0.81042	0	
1249438	8427.34570	3305073050640	0.51541	0.38913	8427.19824	0.14746	11293	1	0.55104	0.41525	1	0.47997	0.38517	1	0.51551	0.40021	1	0.47490	0.53676	12.76063	1.04241	1	0.73781	0.55782	12.04914	1.04241	1	-0.00595	-0.00910	0.64537	0.00365	1	0.06155	-0.01390	0.67617	0.00413	1	1.45898	0.81042	0	
1249439	8427.35254	3305073120153	0.51541	0.38931	8427.19824	0.15430	11293	1	0.55027	0.40859	1	0.48035	0.37805	1	0.51531	0.39332	1	0.47473	0.53644	11.77351	1.05150	1	0.73775	0.55815	12.54957	1.05150	1	-0.00650	-0.00994	0.70507	0.00373	1	0.06155	-0.01390	0.67617	0.00402	1	1.45898	0.81042	0	
1249440	8427.35938	3305073187494	0.51540	0.38893	8427.19824	0.16113	11293	1	0.52794	0.38531	1	0.50272	0.37448	1	0.51533	0.37989	1	0.47464	0.53643	11.82103	1.06860	1	0.73777	0.55797	12.43412	1.06860	1	-0.00650	-0.00994	0.70507	0.00379	1	0.06155	-0.01390	0.67617	0.00405	1	1.45898	0.81042	0	
1249441	8427.36621	3305073255959	0.51526	0.38807	8427.19824	0.16797	11293	1	0.53061	0.37353	1	0.49273	0.35959	1	0.51167	0.36656	1	0.47475	0.53672	12.51692	1.08571	1	0.73769	0.55795	12.51244	1.08571	1	-0.00650	-0.00994	0.70507	0.00361	1	0.06155	-0.01390	0.67617	0.00404	1	1.45898	0.81042	0	
1249442	8427.37305	3305073323200	0.51511	0.38679	8427.19824	0.17480	11293	1	0.52894	0.36083	1	0.49361	0.34630	1	0.51128	0.35356	1	0.47468	0.53648	11.74867	1.10281	1	0.73778	0.55753	12.42898	1.10281	1	-0.00658	-0.00990	0.70208	0.00363	1	0.06155	-0.01390	0.67617	0.00408	1	1.45898	0.81042	0	
1249443	8427.37988	3305073390396	0.51526	0.38419	8427.19824	0.18164	11293	1	0.53425	0.32018	1	0.50412	0.30751	1	0.51919	0.31385	1	0.47477	0.53627	11.97692	1.10281	1	0.73778	0.55753	12.42898	1.10281	1	-0.00658	-0.00990	0.70208	0.00364	1	0.06155	-0.01390	0.67617	0.00408	1	1.45898	0.81042	0	
1249444	8427.38672	3305073457461	0.51594	0.38256	8427.19824	0.18848	11293	1	0.54149	0.34598	1	0.52866	0.32810	1	0.53508	0.33704	1	0.47491	0.53668	12.21864	1.10281	1	0.73773	0.55747	12.52583	1.10281	1	-0.00658	-0.00990	0.70208	0.00365	1	0.06155	-0.01390	0.67617	0.00402	1	1.45898	0.81042	0	
1249445	8427.39258	3305073524596	0.51657	0.38138	8427.19824	0.19434	11293	1	0.54229	0.35285	1	0.52728	0.34143	1	0.53478	0.34714	1	0.47491	0.53668	12.21864	1.09372	1	0.73775	0.55750	12.30755	1.08606	1	-0.00652	-0.00978	0.68998	0.00365	1	0.06021	-0.01361	0.66206	0.00395	1	1.45898	0.81042	0	
1249446	8427.39941	3305073591469	0.51715	0.38059	8427.19824	0.20117	11293	1	0.54293	0.35891	1	0.52628	0.35494	1	0.53460	0.35692	1	0.47481	0.53643	11.75237	1.07698	1	0.73783	0.55758	12.39503	1.06932	1	-0.00652	-0.00978	0.68998	0.00388	1	0.06021	-0.01361	0.66206	0.00393	1	1.45898	0.81042	0	
1249447	8427.40625	3305073657473	0.51743	0.38085	8427.19824	0.20801	11293	1	0.54180	0.40215	1	0.51050	0.37535	1	0.52615	0.38875	1	0.47478	0.53673	11.64931	1.06023	1	0.73760	0.55778	12.82771	1.05257	1	-0.00652	-0.00978	0.68998	0.00378	1	0.06021	-0.01361	0.66206	0.00388	1	1.45898	0.81042	0	
1249448	8427.41309	3305073725358	0.51771	0.38138	8427.19824	0.21484	11293	1	0.54332	0.41442	1	0.50986	0.38251	1	0.52659	0.39846	1	0.47489	0.53702	12.39727	1.04349	1	0.73735	0.55757	13.27628	1.04349	1	-0.00652	-0.00978	0.68998	0.00376	1	0.06210	-0.01404	0.68331	0.00392	1	1.45898	0.81042	0	
1249449	8427.41992	3305073792046	0.51828	0.38203	8427.19824	0.22168	11293	1	0.55558	0.44044	1	0.51831	0.36653	1	0.53695	0.40349	1	0.47508	0.53715	12.39622	1.04349	1	0.73767	0.55768	12.38878	1.05115	1	-0.00652	-0.00978	0.68998	0.00385	1	0.06210	-0.01404	0.68331	0.00396	1	1.45898	0.81042	0	
1249450	8427.42676	3305073858824	0.51891	0.38081	8427.19824	0.22852	11293	1	0.57865	0.36234	1	0.50200	0.31610	1	0.54033	0.33922	1	0.47522	0.53709	12.14387	1.05115	1	0.73741	0.55725	12.94910	1.05881	1	-0.00652	-0.00978	0.68998	0.00397	1	0.06210	-0.01404	0.68331	0.00401	1	1.45898	0.81042	0	
1249451	8427.43262	3305073923606	0.51949	0.37957	8427.19824	0.23438	11293	1	0.57818	0.35640	1	0.50200	0.31610	1	0.54009	0.33625	1	0.47468	0.53615	11.90310	1.05881	1	0.73730	0.55785	12.74336	1.05881	1	-0.00646	-0.00974	0.68384	0.00388	1	0.05938	-0.01344	0.65398	0.00383	1	1.45898	0.81042	0	
1249452	8427.43945	3305073991738	0.52828	0.35289	8427.19824	0.23438	11293	0	0.54770	0.25662	1	0.49758	0.33034	1	0.52264	0.29348	1	0.47463	0.53608	11.50924	1.05881	1	0.73732	0.55730	12.66440	1.05115	1	-0.00646	-0.00974	0.68384	0.00416	1	0.05938	-0.01344	0.65398	0.00401	1	1.45898	0.81042	0	
1249453	8427.44629	3305074060143	0.51476	0.36667	8427.19824	0.23438	11293	0	0.54770	0.25662	0	0.50124	0.38045	1	0.50124	0.38045	1	0.47463	0.53608	11.50924	1.05115	0	0.73742	0.55776	13.00895	1.04349	1	-0.00646	-0.00974	0.68384	0.00416	1	0.05938	-0.01344	0.65398	0.00396	1	1.45898	0.81042	0	
1249454	8427.45312	3305074127056	0.51476	0.36667	8427.19824	0.23438	11293	0	0.54770	0.25662	0	0.50124	0.38045	0	0.50124	0.38045	0	0.47463	0.53608	11.50924	1.04349	0	0.73742	0.55776	13.00895	1.03583	0	-0.00646	-0.00974	0.68384	0.00416	1	0.05938	-0.01344	0.65398	0.00396	1	1.45898	0.81042	0	
1249455	8427.45996	3305074192352	0.51476	0.36667	8427.43945	0.02051	11294	1	0.54770	0.25662	0	0.50124	0.38045	0	0.50124	0.38045	0	0.47463	0.53608	11.50924	1.03583	0	0.73742	0.55776	13.00895	1.03583	0	-0.00646	-0.00974	0.68384	0.00416	1	0.05938	-0.01344	0.65398	0.00396	1	1.45898	0.81042	0	
1249456	8427.46680	3305074260834	0.51476	0.36667	8427.43945	0.02734	11294	1	0.54770	0.25662	0	0.50124	0.38045	0	0.50124	0.38045	0	0.47463	0.53608	11.50924	1.03583	0	0.73742	0.55776	13.00895	1.03583	0	-0.00646	-0.00974	0.68384	0.00416	1	0.05938	-0.01344	0.65398	0.00396	1	1.45898	0.81042	0	
1249457	8427.47363	3305074328039	0.50124	0.38045	8427.43945	0.02734	11294	0	0.54770	0.25662	0	0.50124	0.38045	0	0.50124	0.38045	0	0.47463	0.53608	11.50924	1.03583	0	0.73742	0.55776	13.00895	1.03583	0	-0.00646	-0.00974	0.68384	0.00416	1	0.05938	-0.01344	0.65398	0.00396	1	1.45898	0.81042	0	
1249458	8427.48047	3305074395025	0.50124	0.38045	8427.43945	0.02734	11294	0	0.54770	0.25662	0	0.50124	0.38045	0	0.50124	0.38045	0	0.47463	0.53608	11.50924	1.03583	0	0.73742	0.55776	13.00895	1.03583	0	-0.00646	-0.00974	0.68384	0.00416	1	0.05938	-0.01344	0.65398	0.00396	1	1.45898	0.81042	0	
1249459	8427.48633	3305074460865	0.50124	0.38045	8427.43945	0.02734	11294	0	0.54770	0.25662	0	0.50124	0.38045	0	0.50124	0.38045	0	0.47463	0.53608	11.50924	1.03583	0	0.73742	0.55776	13.00895	1.03583	0	-0.00646	-0.00974	0.68384	0.00416	1	0.05938	-0.01344	0.65398	0.00396	1	1.45898	0.81042	0	
1249460	8427.49316	3305074528716	0.00000	0.00000	8427.43945	0.02734	11294	0	0.54770	0.25662	0	0.50124	0.38045	0	0.50124	0.38045	0	0.47463	0.53608	11.50924	1.03583	0	0.73742	0.55776	13.00895	1.03583	0	-0.00646	-0.00974	0.68384	0.00416	1	0.05938	-0.01344	0.65398	0.00396	1	1.45898	0.81042	0	
1249461	8427.50000	3305074595526	0.00000	0.00000	8427.43945	0.02734	11294	0	0.54770	0.25662	0	0.50124	0.38045	0	0.50124	0.38045	0	0.47463	0.53608	11.50924	1.03583	0	0.73742	0.55776	13.00895	1.03583	0	-0.00646	-0.00974	0.68384	0.00416	1	0.05938	-0.01344	0.65398	0.00396	1	1.45898	0.81042	0	
1249462	8427.50684	3305074661349	0.00000	0.00000	8427.43945	0.02734	11294	0	0.54770	0.25662	0	0.50124	0.38045	0	0.50124	0.38045	0	0.47463	0.53608	11.50924	1.03583	0	0.73742	0.55776	13.00895	1.03583	0	-0.00646	-0.00974	0.68384	0.00416	1	0.05938	-0.01344	0.65398	0.00396	1	1.45898	0.81042	0	
1249463	8427.51367	3305074733607	0.52546	0.32854	8427.43945	0.02734	11294	0	0.54968	0.27663	1	0.50124	0.38045	1	0.52546	0.32854	1	0.47408	0.53735	12.03293	1.03583	1	0.73721	0.55846	12.82820	1.04349	1	-0.00646	-0.00974	0.68384	0.00392	1	0.06116	-0.01390	0.67413	0.00399	1	1.45898	0.81042	0	
1249464	8427.52051	3305074796043	0.51947	0.37688	8427.43945	0.02734	11294	0	0.53919	0.39949	1	0.48776	0.45094	1	0.51347	0.42521	1	0.47400	0.53753	12.17350	1.04349	1	0.73721	0.55850	13.22502	1.05115	1	-0.00646	-0.00974	0.68384	0.00395	1	0.06116	-0.01390	0.67413	0.00406	1	1.45898	0.81042	0	
1249465	8427.52734	3305074863943	0.51532	0.38818	8427.43945	0.02734	11294	0	0.51929	0.37183	1	0.49476	0.44976	1	0.50703	0.41080	1	0.47404	0.53737	12.21846	1.05115	1	0.73734	0.55875	13.09432	1.05881	1	-0.00646	-0.00974	0.68384	0.00378	1	0.06116	-0.01390	0.67413	0.00405	1	1.45898	0.81042	0	
1249466	8427.53320	3305074930868	0.51319	0.39242	8427.51367	0.01953	11295	1	0.51844	0.36594	1	0.49519	0.44431	1	0.50682	0.40513	1	0.47451	0.53764	11.99386	1.05881	1	0.73730	0.55865	13.42581	1.06646	1	-0.00652	-0.00988	0.68998	0.00383	1	0.06116	-0.01390	0.67413	0.00406	1	1.45898	0.81042	0	
1249467	8427.54004	3305074997894	0.51213	0.38671	8427.51367	0.02637	11295	1	0.52602	0.34113	1	0.48972	0.38663	1	0.50787	0.36388	1	0.47439	0.53735	11.70909	1.06646	1	0.73723	0.55842	12.92736	1.06646	1	-0.00652	-0.00988	0.68998	0.00385	1	0.06116	-0.01390	0.67413	0.00413	1	1.45898	0.81042	0	
1249468	8427.54688	3305075063996	0.51231	0.38050	8427.51367	0.03320	11295	1	0.53653	0.31936	1	0.48991	0.37955	1	0.51322	0.34945	1	0.47444	0.53695	11.50261	1.06646	1	0.73724	0.55850	13.15247	1.06646	1	-0.00652	-0.00988	0.68998	0.00387	1	0.06116	-0.01390	0.67413	0.00397	1	1.45898	0.81042	0	
1249469	8427.55371	3305075131755	0.51241	0.37649	8427.51367	0.04004	11295	1	0.53653	0.31936	1	0.48952	0.38546	1	0.51303	0.35241	1	0.47487	0.53665	12.11089	1.06646	1	0.73728	0.55860	13.32681	1.05881	1	-0.00646	-0.00974	0.68384	0.00397	1	0.05938	-0.01354	0.65398	0.00394	1	1.45898	0.81042	0	
1249470	8427.56055	3305075198926	0.51308	0.37317	8427.51367	0.04688	11295	1	0.53631	0.34994	1	0.49919	0.34994	1	0.51775	0.34994	1	0.47477	0.53691	12.00010	1.05881	1	0.73738	0.55846	13.20803	1.05115	1	-0.00646	-0.00974	0.68384	0.00382	1	0.05938	-0.01354	0.65398	0.00394	1	1.45898	0.81042	0	
1249471	8427.56738	3305075265772	0.51302	0.36909	8427.51367	0.05371	11295	1	0.52913	0.32899	1	0.49601	0.34395	1	0.51257	0.33647	1	0.47471	0.53681	12.01517	1.05115	1	0.73736	0.55821	12.97338	1.04349	1	-0.00646	-0.00974	0.68384	0.00390	1	0.05938	-0.01354	0.65398	0.00383	1	1.45898	0.81042	0	
1249472	8427.57422	3305075332870	0.51302	0.36614	8427.51367	0.06055	11295	1	0.52991	0.33519	1	0.49601	0.34395	1	0.51296	0.33957	1	0.47484	0.53726	12.25423	1.04349	1	0.73729	0.55854	12.89465	1.04349	1	-0.00625	-0.00958	0.67259	0.00374	1	0.06158	-0.01403	0.67765	0.00381	1	1.45898	0.81042	0	
1249473	8427.58008	3305075400208	0.51485	0.36797	8427.51367	0.06641	11295	1	0.55686	0.39646	1	0.50962	0.37616	1	0.53324	0.38631	1	0.47503	0.53747	12.72018	1.04349	1	0.73753	0.55877	12.74698	1.05115	1	-0.00625	-0.00958	0.67259	0.00389	1	0.06158	-0.01403	0.67765	0.00390	1	1.45898	0.81042	0	
1249474	8427.58691	3305075466756	0.51529	0.36787	8427.51367	0.07324	11295	1	0.54831	0.37055	1	0.49183	0.36293	1	0.52007	0.36674	1	0.47497	0.53723	12.58220	1.05115	1	0.73723	0.55866	12.85067	1.05881	1	-0.00625	-0.00958	0.67259	0.00395	1	0.06158	-0.01403	0.67765	0.00393	1	1.45898	0.81042	0	
1249475	8427.59375	3305075531795	0.51565	0.36732	8427.51367	0.08008	11295	1	0.54765	0.36466	1	0.49223	0.35685	1	0.51994	0.36076	1	0.47495	0.53771	12.60388	1.05881	1	0.73808	0.55875	13.14279	1.06646	1	-0.00630	-0.00981	0.68827	0.00378	1	0.06125	-0.01398	0.67290	0.00388	1	1.45898	0.81042	0	
1249476	8427.60059	3305075600458	0.51532	0.36821	8427.51367	0.08691	11295	1	0.51935	0.38387	1	0.50276	0.37569	1	0.51106	0.37978	1	0.47491	0.53752	12.57461	1.06646	1	0.73821	0.55882	13.06001	1.06646	1	-0.00630	-0.00981	0.68827	0.00381	1	0.06125	-0.01398	0.67290	0.00387	1	1.45898	0.81042	0	
1249477	8427.60742	3305075668996	0.51510	0.36734	8427.51367	0.09375	11295	1	0.52741	0.35637	1	0.49667	0.35374	1	0.51204	0.35506	1	0.47510	0.53728	12.13438	1.06646	1	0.73805	0.55889	12.97179	1.06646	1	-0.00630	-0.00981	0.68827	0.00373	1	0.06125	-0.01398	0.67290	0.00386	1	1.45898	0.81042	0	
1249478	8427.61426	3305075734138	0.51491	0.36657	8427.51367	0.10059	11295	1	0.52741	0.35637	1	0.49667	0.35374	1	0.51204	0.35506	1	0.47562	0.53688	12.02337	1.06646	1	0.73817	0.55883	13.11689	1.06646	1	-0.00634	-0.00993	0.69338	0.00392	1	0.06125	-0.01398	0.67290	0.00395	1	1.45898	0.81042	0	
1249479	8427.62012	3305075796742	0.51598	0.36733	8427.51367	0.10645	11295	1	0.56472	0.37438	1	0.50147	0.38463	1	0.53310	0.37950	1	0.47566	0.53745	12.18097	1.06646	1	0.73815	0.55908	13.10445	1.06646	1	-0.00634	-0.00993	0.69338	0.00372	1	0.06125	-0.01398	0.67290	0.00401	1	1.45898	0.81042	0	
1249480	8427.62695	3305075864634	0.51713	0.36602	8427.51367	0.11328	11295	1	0.56710	0.34408	1	0.50619	0.34339	1	0.53665	0.34374	1	0.47561	0.53754	12.31296	1.06646	1	0.73822	0.55836	12.83006	1.06646	1	-0.00634	-0.00993	0.69338	0.00372	1	0.06125	-0.01398	0.67290	0.00432	1	1.45898	0.81042	0	
1249481	8427.63379	3305075932464	0.51814	0.36534	8427.51367	0.12012	11295	1	0.56765	0.35034	1	0.50518	0.35605	1	0.53641	0.35319	1	0.47558	0.53741	12.16698	1.05845	1	0.73794	0.55913	13.29624	1.05079	1	-0.00593	-0.00936	0.65327	0.00375	1	0.06042	-0.01378	0.66318	0.00394	1	1.45898	0.81042	0	
1249482	8427.63965	3305075995674	0.51848	0.36603	8427.51367	0.12598	11295	1	0.54364	0.39111	1	0.50614	0.36716	1	0.52489	0.37913	1	0.47560	0.53724	11.84546	1.04277	1	0.73819	0.55845	12.98595	1.03511	1	-0.00593	-0.00936	0.65327	0.00378	1	0.06042	-0.01378	0.66318	0.00398	1	1.45898	0.81042	0	
1249483	8427.64746	3305076065784	0.51886	0.36744	8427.51367	0.13379	11295	1	0.55538	0.41862	1	0.49752	0.37256	1	0.52645	0.39559	1	0.47584	0.53780	12.90911	1.02710	1	0.73815	0.55840	12.85303	1.01944	1	-0.00593	-0.00936	0.65327	0.00362	1	0.06042	-0.01378	0.66318	0.00401	1	1.45898	0.81042	0	
1249484	8427.65430	3305076136021	0.51923	0.36837	8427.51367	0.14062	11295	1	0.55526	0.41757	1	0.49858	0.35808	1	0.52692	0.38782	1	0.47544	0.53771	11.93656	1.02852	1	0.73883	0.55873	13.03275	1.03720	1	-0.00630	-0.01006	0.70608	0.00393	1	0.06341	-0.01444	0.69486	0.00394	1	1.45898	0.81042	0	
1249485	8427.66016	3305076199636	0.51884	0.36967	8427.51367	0.14648	11295	1	0.52311	0.37574	1	0.49774	0.42111	1	0.51042	0.39842	1	0.47570	0.53732	12.38232	1.05431	1	0.73855	0.55925	12.84577	1.07065	1	-0.00630	-0.01006	0.70608	0.00395	1	0.06341	-0.01444	0.69486	0.00394	1	1.45898	0.81042	0	
1249486	8427.66797	3305076270540	0.51859	0.36847	8427.51367	0.15430	11295	1	0.54101	0.36971	1	0.48457	0.31164	1	0.51279	0.34068	1	0.47607	0.53762	11.90556	1.08775	1	0.73858	0.55851	12.46134	1.10409	1	-0.00630	-0.01006	0.70608	0.00384	1	0.06341	-0.01444	0.69486	0.00402	1	1.45898	0.81042	0	
1249487	8427.67383	3305076334523	0.51833	0.36674	8427.51367	0.16016	11295	1	0.53885	0.35159	1	0.48525	0.29899	1	0.51205	0.32529	1	0.47643	0.53721	12.04361	1.11210	1	0.73886	0.55896	13.16638	1.11976	1	-0.00605	-0.00974	0.68372	0.00383	1	0.06253	-0.01428	0.68468	0.00404	1	1.45898	0.81042	0	
1249488	8427.68066	3305076400943	0.51895	0.36581	8427.51367	0.16699	11295	1	0.56460	0.32240	1	0.50427	0.36287	1	0.53444	0.34263	1	0.47643	0.53746	12.15690	1.11068	1	0.73894	0.55896	12.95785	1.10200	1	-0.00605	-0.00974	0.68372	0.00372	1	0.06253	-0.01428	0.68468	0.00409	1	1.45898	0.81042	0	
1249489	8427.68750	3305076470852	0.51913	0.36433	8427.51367	0.17383	11295	1	0.54822	0.31678	1	0.49944	0.33509	1	0.52383	0.32593	1	0.47625	0.53702	12.17275	1.09291	1	0.73890	0.55861	13.03137	1.08423	1	-0.00605	-0.00974	0.68372	0.00388	1	0.06253	-0.01428	0.68468	0.00407	1	1.45898	0.81042	0	
1249490	8427.69434	3305076538428	0.51930	0.36380	8427.51367	0.18066	11295	1	0.55036	0.33711	1	0.49750	0.36187	1	0.52393	0.34949	1	0.47644	0.53708	12.21538	1.06713	1	0.73907	0.55854	12.93878	1.05079	1	-0.00576	-0.00936	0.65709	0.00389	1	0.06017	-0.01373	0.65831	0.00393	1	1.45898	0.81042	0	
1249491	8427.70117	3305076602872	0.51960	0.36404	8427.51367	0.18750	11295	1	0.54400	0.34658	1	0.51170	0.39471	1	0.52785	0.37065	1	0.47640	0.53681	11.84076	1.04277	1	0.73925	0.55898	12.55054	1.03511	1	-0.00576	-0.00936	0.65709	0.00404	1	0.06017	-0.01373	0.65831	0.00392	1	1.45898	0.81042	0	
1249492	8427.70703	3305076668962	0.51966	0.36473	8427.51367	0.19336	11295	1	0.52778	0.37254	1	0.51546	0.39710	1	0.52162	0.38482	1	0.47653	0.53703	12.33331	1.02710	1	0.73927	0.55877	12.54295	1.01944	1	-0.00576	-0.00936	0.65709	0.00408	1	0.06017	-0.01373	0.65831	0.00401	1	1.45898	0.81042	0	
1249493	8427.71387	3305076737362	0.51974	0.36548	8427.51367	0.20020	11295	1	0.52859	0.37856	1	0.51546	0.39710	1	0.52203	0.38783	1	0.47642	0.53702	12.05347	1.01944	1	0.73966	0.55874	13.20974	1.01944	1	-0.00579	-0.00966	0.67783	0.00383	1	0.06261	-0.01425	0.68326	0.00398	1	1.45898	0.81042	0	
1249494	8427.72070	3305076803519	0.51960	0.36510	8427.51367	0.20703	11295	1	0.55158	0.30970	1	0.47907	0.39712	1	0.51533	0.35341	1	0.47703	0.53647	11.29811	1.02745	1	0.73934	0.55888	12.50537	1.03511	1	-0.00579	-0.00966	0.67783	0.00399	1	0.06261	-0.01425	0.68326	0.00415	1	1.45898	0.81042	0	
1249495	8427.72754	3305076871178	0.51904	0.36380	8427.51367	0.21387	11295	1	0.52016	0.25287	1	0.48172	0.39152	1	0.50094	0.32219	1	0.47651	0.53604	11.84265	1.04313	1	0.73940	0.55892	12.80119	1.05079	1	-0.00579	-0.00966	0.67783	0.00424	1	0.06261	-0.01425	0.68326	0.00402	1	1.45898	0.81042	0	
1249496	8427.73438	3305076937739	0.51849	0.36219	8427.51367	0.22070	11295	1	0.51845	0.23893	1	0.48240	0.37942	1	0.50042	0.30918	1	0.47709	0.53653	11.89159	1.05881	1	0.73983	0.55860	12.73371	1.06646	1	-0.00579	-0.00966	0.67783	0.00410	1	0.06261	-0.01425	0.68326	0.00431	1	1.45898	0.81042	0	
1249497	8427.74121	3305077005140	0.51871	0.36232	8427.51367	0.22754	11295	1	0.56502	0.33547	1	0.48759	0.39768	1	0.52630	0.36657	1	0.47719	0.53672	12.03290	1.06646	1	0.73954	0.55911	13.21406	1.06646	1	-0.00579	-0.00966	0.67783	0.00391	1	0.06261	-0.01425	0.68326	0.00403	1	1.45898	0.81042	0	
1249498	8427.74805	3305077071553	0.51867	0.36265	8427.51367	0.23438	11295	1	0.53941	0.34883	1	0.49494	0.39939	1	0.51718	0.37411	1	0.47720	0.53680	12.07529	1.06646	1	0.73970	0.55917	13.11441	1.06646	1	-0.00579	-0.00966	0.67783	0.00386	1	0.06261	-0.01425	0.68326	0.00385	1	1.45898	0.81042	0	
1249499	8427.75488	3305077139213	0.51863	0.36296	8427.51367	0.24121	11295	1	0.53941	0.34883	1	0.49494	0.39939	1	0.51718	0.37411	1	0.47728	0.53684	12.12487	1.06646	1	0.74013	0.55894	12.71909	1.06646	1	-0.00566	-0.00961	0.67443	0.00400	1	0.06304	-0.01432	0.68689	0.00388	1	1.45898	0.81042	0	
1249500	8427.76074	3305077205867	0.51888	0.36266	8427.51367	0.24707	11295	1	0.53383	0.34079	1	0.52283	0.36235	1	0.52833	0.35157	1	0.47710	0.53705	12.25905	1.06646	1	0.74014	0.55866	13.00370	1.06646	1	-0.00566	-0.00961	0.67443	0.00403	1	0.06304	-0.01432	0.68689	0.00394	1	1.45898	0.81042	0	
1249501	8427.76758	3305077275372	0.51830	0.36250	8427.51367	0.25391	11295	1	0.50870	0.33478	1	0.48360	0.37811	1	0.49615	0.35644	1	0.47710	0.53705	12.25905	1.06646	1	0.73984	0.55878	13.27030	1.06646	1	-0.00566	-0.00961	0.67443	0.00403	1	0.06304	-0.01432	0.68689	0.00385	1	1.45898	0.81042	0	
1249502	8427.77441	3305077342478	0.51775	0.36235	8427.51367	0.26074	11295	1	0.50870	0.33478	1	0.48360	0.37811	1	0.49615	0.35644	1	0.47788	0.53656	11.94934	1.06646	1	0.74035	0.55882	13.14980	1.06646	1	-0.00561	-0.00970	0.68055	0.00398	1	0.06277	-0.01424	0.68285	0.00391	1	1.45898	0.81042	0	
1249503	8427.78125	3305077409001	0.51774	0.36209	8427.51367	0.26758	11295	1	0.54386	0.29632	1	0.49109	0.40764	1	0.51748	0.35198	1	0.47775	0.53631	11.38088	1.06646	1	0.74041	0.55915	13.18810	1.06646	1	-0.00561	-0.00970	0.68055	0.00389	1	0.06277	-0.01424	0.68285	0.00402	1	1.45898	0.81042	0	
1249504	8427.78809	3305077476330	0.51781	0.36077	8427.51367	0.27441	11295	1	0.54738	0.23707	1	0.49352	0.37571	1	0.52045	0.30639	1	0.47783	0.53544	11.63386	1.06646	1	0.74038	0.55885	13.19272	1.06646	1	-0.00561	-0.00970	0.68055	0.00425	1	0.06277	-0.01424	0.68285	0.00414	1	1.45898	0.81042	0	
1249505	8427.79492	3305077543074	0.51786	0.35940	8427.51367	0.28125	11295	1	0.54661	0.22905	1	0.49359	0.37461	1	0.52010	0.30183	1	0.47769	0.53685	11.95679	1.07555	1	0.74028	0.55903	13.18346	1.06789	1	-0.00580	-0.01010	0.70909	0.00376	1	0.06067	-0.01375	0.65948	0.00391	1	1.45898	0.81042	0	
1249506	8427.80176	3305077610060	0.51784	0.35906	8427.51367	0.28809	11295	1	0.53615	0.36682	1	0.49757	0.32250	1	0.51686	0.34466	1	0.47788	0.53706	12.52071	1.07698	1	0.74044	0.55827	12.81092	1.06932	1	-0.00580	-0.01010	0.70909	0.00362	1	0.06067	-0.01375	0.65948	0.00406	1	1.45898	0.81042	0	
1249507	8427.80859	3305077676539	0.51792	0.35887	8427.51367	0.29492	11295	1	0.54226	0.37207	1	0.50078	0.32864	1	0.52152	0.35036	1	0.47794	0.53700	12.52482	1.07840	1	0.74045	0.55832	12.78758	1.07074	1	-0.00580	-0.01010	0.70909	0.00362	1	0.06067	-0.01375	0.65948	0.00402	1	1.45898	0.81042	0	
1249508	8427.81445	3305077744210	0.51800	0.35875	8427.51367	0.30078	11295	1	0.54294	0.37780	1	0.50078	0.32864	1	0.52186	0.35322	1	0.47812	0.53670	12.29742	1.07074	1	0.74079	0.55889	12.91148	1.07074	1	-0.00550	-0.00968	0.67903	0.00374	1	0.06301	-0.01427	0.68432	0.00394	1	1.45898	0.81042	0	
1249509	8427.82129	3305077810395	0.51823	0.35879	8427.51367	0.30762	11295	1	0.53785	0.36380	1	0.51982	0.35767	1	0.52884	0.36074	1	0.47794	0.53640	12.13758	1.06166	1	0.74081	0.55876	12.78003	1.06932	1	-0.00550	-0.00968	0.67903	0.00371	1	0.06301	-0.01427	0.68432	0.00399	1	1.45898	0.81042	0	
1249510	8427.82812	3305077877211	0.51883	0.35906	8427.51367	0.31445	11295	1	0.56691	0.40190	1	0.52631	0.34170	1	0.54661	0.37180	1	0.47839	0.53678	12.79186	1.06023	1	0.74090	0.55858	12.77805	1.06789	1	-0.00550	-0.00968	0.67903	0.00366	1	0.06301	-0.01427	0.68432	0.00397	1	1.45898	0.81042	0	
1249511	8427.83496	3305077945092	0.51926	0.36005	8427.51367	0.32129	11295	1	0.56701	0.40294	1	0.52556	0.34905	1	0.54628	0.37600	1	0.47826	0.53653	12.57897	1.05881	1	0.74114	0.55848	13.00750	1.05881	1	-0.00544	-0.00975	0.68403	0.00362	1	0.06152	-0.01392	0.66762	0.00394	1	1.45898	0.81042	0	
1249512	8427.84180	3305078009849	0.51954	0.35902	8427.51367	0.32812	11295	1	0.52330	0.37418	1	0.53105	0.37793	1	0.52717	0.37606	1	0.47817	0.53670	12.67671	1.05881	1	0.74103	0.55889	13.01134	1.05115	1	-0.00544	-0.00975	0.68403	0.00359	1	0.06152	-0.01392	0.66762	0.00401	1	1.45898	0.81042	0	
1249513	8427.84863	3305078079021	0.51966	0.35898	8427.51367	0.33496	11295	1	0.53238	0.39858	1	0.49291	0.41909	1	0.51264	0.40883	1	0.47823	0.53662	12.42009	1.05115	1	0.74116	0.55916	13.20975	1.04349	1	-0.00544	-0.00975	0.68403	0.00364	1	0.06152	-0.01392	0.66762	0.00399	1	1.45898	0.81042	0	
1249514	8427.85547	3305078146511	0.51979	0.35912	8427.51367	0.34180	11295	1	0.53314	0.40427	1	0.49291	0.41909	1	0.51302	0.41168	1	0.47838	0.53669	12.02063	1.04349	1	0.74115	0.55861	13.11081	1.04349	1	-0.00536	-0.00956	0.67428	0.00370	1	0.06224	-0.01407	0.67487	0.00419	1	1.45898	0.81042	0	
1249515	8427.86133	3305078212984	0.52022	0.35954	8427.51367	0.34766	11295	1	0.56133	0.41056	1	0.49578	0.35746	1	0.52856	0.38401	1	0.47870	0.53677	12.22991	1.04349	1	0.74118	0.55847	13.07833	1.05115	1	-0.00536	-0.00956	0.67428	0.00365	1	0.06224	-0.01407	0.67487	0.00426	1	1.45898	0.81042	0	
1249516	8427.86816	3305078280004	0.52047	0.36004	8427.51367	0.35449	11295	1	0.55520	0.40307	1	0.49459	0.34410	1	0.52489	0.37359	1	0.47858	0.53677	12.26933	1.05115	1	0.74117	0.55854	13.07765	1.05881	1	-0.00536	-0.00956	0.67428	0.00363	1	0.06224	-0.01407	0.67487	0.00423	1	1.45898	0.81042	0	
1249517	8427.87500	3305078347090	0.52071	0.36042	8427.51367	0.36133	11295	1	0.55458	0.39743	1	0.49459	0.34410	1	0.52459	0.37076	1	0.47873	0.53649	12.04221	1.05881	1	0.74119	0.55874	12.99725	1.05881	1	-0.00544	-0.00964	0.68403	0.00366	1	0.06191	-0.01398	0.67069	0.00416	1	1.45898	0.81042	0	
1249518	8427.88184	3305078414071	0.52064	0.36105	8427.51367	0.36816	11295	1	0.54111	0.36683	1	0.48838	0.39348	1	0.51474	0.38016	1	0.47873	0.53649	12.04221	1.05881	1	0.74110	0.55883	13.09676	1.05115	1	-0.00544	-0.00964	0.68403	0.00366	1	0.06191	-0.01398	0.67069	0.00405	1	1.45898	0.81042	0	
1249519	8427.88867	3305078480991	0.52067	0.36204	8427.51367	0.37500	11295	1	0.53679	0.38810	1	0.49051	0.37934	1	0.51365	0.38372	1	0.47864	0.53659	12.18127	1.05115	1	0.74115	0.55875	13.14263	1.04349	1	-0.00544	-0.00964	0.68403	0.00363	1	0.06191	-0.01398	0.67069	0.00406	1	1.45898	0.81042	0	
1249520	8427.89551	3305078548073	0.52069	0.36321	8427.51367	0.38184	11295	1	0.53829	0.39990	1	0.48970	0.39171	1	0.51400	0.39581	1	0.47873	0.53649	12.04221	1.03547	1	0.74142	0.55849	12.85064	1.02781	1	-0.00517	-0.00920	0.65608	0.00366	1	0.06191	-0.01393	0.67069	0.00402	1	1.45898	0.81042	0	
1249521	8427.90234	3305078615073	0.52034	0.36316	8427.51367	0.38867	11295	1	0.53436	0.38443	1	0.49829	0.38381	1	0.51632	0.38412	1	0.47871	0.53626	11.88843	1.01979	1	0.74133	0.55842	12.95650	1.01979	1	-0.00517	-0.00920	0.65608	0.00374	1	0.06191	-0.01393	0.67069	0.00400	1	1.45898	0.81042	0	
1249522	8427.90820	3305078682006	0.52007	0.36377	8427.51367	0.39453	11295	1	0.53322	0.39654	1	0.48151	0.39548	1	0.50736	0.39601	1	0.47866	0.53656	11.91373	1.01178	1	0.74105	0.55862	13.31419	1.01178	1	-0.00517	-0.00920	0.65608	0.00365	1	0.06191	-0.01393	0.67069	0.00411	1	1.45898	0.81042	0	
1249523	8427.91504	3305078746403	0.51981	0.36464	8427.51367	0.40137	11295	1	0.53404	0.40274	1	0.48115	0.40188	1	0.50759	0.40231	1	0.47868	0.53568	11.97934	1.00376	1	0.74136	0.55881	13.20970	1.00376	1	-0.00520	-0.00922	0.66108	0.00402	1	0.06191	-0.01393	0.67069	0.00384	1	1.45898	0.81042	0	
1249524	8427.92188	3305078813071	0.52055	0.36471	8427.51367	0.40820	11295	1	0.57282	0.37251	1	0.51966	0.39390	1	0.54624	0.38321	1	0.47887	0.53603	12.36882	1.00376	1	0.74169	0.55855	12.13661	1.00376	1	-0.00520	-0.00922	0.66108	0.00394	1	0.06191	-0.01393	0.67069	0.00406	1	1.45898	0.81042	0	
1249525	8427.92871	3305078882131	0.52086	0.36500	8427.51367	0.41504	11295	1	0.54919	0.34214	1	0.50496	0.39580	1	0.52707	0.36897	1	0.47883	0.53568	12.08802	1.00376	1	0.74140	0.55854	12.98184	1.00376	1	-0.00520	-0.00922	0.66108	0.00403	1	0.06191	-0.01393	0.67069	0.00398	1	1.45898	0.81042	0	
1249526	8427.93555	3305078948345	0.52117	0.36515	8427.51367	0.42188	11295	1	0.54847	0.33546	1	0.50550	0.38934	1	0.52699	0.36240	1	0.47875	0.53599	12.04132	1.01178	1	0.74154	0.55881	12.81454	1.01178	1	-0.00531	-0.00949	0.68037	0.00389	1	0.06191	-0.01393	0.67069	0.00392	1	1.45898	0.81042	0	
1249527	8427.94238	3305079017221	0.52116	0.36491	8427.51367	0.42871	11295	1	0.54865	0.34642	1	0.51663	0.38936	1	0.53264	0.36789	1	0.47878	0.53584	12.03793	1.01979	1	0.74162	0.55868	12.36719	1.01979	1	-0.00531	-0.00949	0.68037	0.00395	1	0.06191	-0.01393	0.67069	0.00399	1	1.45898	0.81042	0	
1249528	8427.94922	3305079084126	0.52105	0.36543	8427.51367	0.43555	11295	1	0.54491	0.35398	1	0.51725	0.38295	1	0.53108	0.36846	1	0.47875	0.53582	11.96671	1.02781	1	0.74162	0.55868	12.36719	1.02781	1	-0.00531	-0.00949	0.68037	0.00386	1	0.06191	-0.01393	0.67069	0.00399	1	1.45898	0.81042	0	
1249529	8427.95605	3305079151527	0.52093	0.36561	8427.51367	0.44238	11295	1	0.54418	0.34754	1	0.51788	0.37654	1	0.53103	0.36204	1	0.47877	0.53563	12.01241	1.03583	1	0.74160	0.55865	12.23122	1.03583	1	-0.00531	-0.00949	0.68037	0.00399	1	0.06191	-0.01398	0.67069	0.00400	1	1.45898	0.81042	0	
1249530	8427.96191	3305079217575	0.52102	0.36509	8427.51367	0.44824	11295	1	0.54003	0.33188	1	0.51788	0.37654	1	0.52895	0.35421	1	0.47880	0.53572	12.00681	1.03583	1	0.74162	0.55868	12.36719	1.03583	1	-0.00531	-0.00949	0.68037	0.00405	1	0.06191	-0.01398	0.67069	0.00399	1	1.45898	0.81042	0	
1249531	8427.96875	3305079285515	0.52128	0.36433	8427.51367	0.45508	11295	1	0.56347	0.32246	1	0.51414	0.39573	1	0.53880	0.35909	1	0.47877	0.53563	12.01241	1.03583	1	0.74154	0.55878	12.37925	1.03583	1	-0.00531	-0.00949	0.68037	0.00399	1	0.06191	-0.01398	0.67069	0.00396	1	1.45898	0.81042	0	
1249532	8427.97559	3305079350893	0.52153	0.36367	8427.51367	0.46191	11295	1	0.56347	0.32246	1	0.51471	0.38975	1	0.53909	0.35610	1	0.47876	0.53622	12.06647	1.03583	1	0.74162	0.55868	12.36719	1.04349	1	-0.00531	-0.00949	0.68037	0.00374	1	0.06289	-0.01419	0.68080	0.00399	1	1.45898	0.81042	0	
1249533	8427.98242	3305079419248	0.52191	0.36292	8427.51367	0.46875	11295	1	0.53955	0.31818	1	0.51799	0.40695	1	0.52877	0.36257	1	0.47877	0.53563	12.01241	1.04349	1	0.74161	0.55902	12.56552	1.05115	1	-0.00531	-0.00949	0.68037	0.00399	1	0.06289	-0.01419	0.68080	0.00383	1	1.45898	0.81042	0	
1249534	8427.98926	3305079485625	0.52232	0.36305	8427.51367	0.47559	11295	1	0.54862	0.33111	1	0.51587	0.36251	1	0.53225	0.34681	1	0.47881	0.53611	12.18323	1.05115	1	0.74155	0.55874	12.26191	1.05881	1	-0.00531	-0.00949	0.68037	0.00376	1	0.06289	-0.01419	0.68080	0.00397	1	1.45898	0.81042	0	
1249535	8427.99609	3305079551700	0.52273	0.36344	8427.51367	0.48242	11295	1	0.54797	0.32494	1	0.51587	0.36251	1	0.53192	0.34372	1	0.47882	0.53575	12.11828	1.05881	1	0.74155	0.55874	12.26191	1.05881	1	-0.00531	-0.00949	0.68037	0.00396	1	0.06191	-0.01398	0.67069	0.00397	1	1.45898	0.81042	0	
1249536	8428.00293	3305079620196	0.52282	0.36381	8427.51367	0.48926	11295	1	0.54996	0.37009	1	0.52748	0.35072	1	0.53872	0.36040	1	0.47888	0.53623	12.11487	1.05881	1	0.74170	0.55845	11.97699	1.05115	1	-0.00531	-0.00949	0.68037	0.00376	1	0.06191	-0.01398	0.67069	0.00408	1	1.45898	0.81042	0	
1249537	8428.00879	3305079684584	0.52318	0.36385	8427.51367	0.49512	11295	1	0.56051	0.30259	1	0.52212	0.35304	1	0.54131	0.32782	1	0.47875	0.53567	11.92060	1.05115	1	0.74172	0.55851	12.02243	1.04349	1	-0.00531	-0.00949	0.68037	0.00399	1	0.06191	-0.01398	0.67069	0.00409	1	1.45898	0.81042	0	
1249538	8428.01562	3305079753559	0.52355	0.36353	8427.51367	0.50195	11295	1	0.56109	0.30897	1	0.52149	0.35930	1	0.54129	0.33413	1	0.47875	0.53561	11.94989	1.04349	1	0.74158	0.55800	11.93784	1.03583	1	-0.00542	-0.00951	0.68174	0.00394	1	0.06191	-0.01393	0.67069	0.00421	1	1.45898	0.81042	0	
1249539	8428.02246	3305079820590	0.52369	0.36309	8427.51367	0.50879	11295	1	0.55504	0.37223	1	0.51427	0.32697	1	0.53465	0.34960	1	0.47856	0.53618	12.04899	1.03583	1	0.74154	0.55809	12.09563	1.03583	1	-0.00542	-0.00951	0.68174	0.00380	1	0.06191	-0.01393	0.67069	0.00418	1	1.45898	0.81042	0	
1249540	8428.02930	3305079887639	0.52404	0.36202	8427.51367	0.51562	11295	1	0.55508	0.33239	1	0.52171	0.33511	1	0.53839	0.33375	1	0.47859	0.53579	11.72566	1.03583	1	0.74161	0.55815	12.09423	1.03583	1	-0.00542	-0.00951	0.68174	0.00397	1	0.06191	-0.01393	0.67069	0.00420	1	1.45898	0.81042	0	
1249541	8428.03613	3305079954085	0.52438	0.36090	8427.51367	0.52246	11295	1	0.55508	0.33239	1	0.52171	0.33511	1	0.53839	0.33375	1	0.47892	0.53650	12.24542	1.03583	1	0.74128	0.55824	12.88691	1.03583	1	-0.00542	-0.00951	0.68174	0.00376	1	0.06191	-0.01393	0.67069	0.00415	1	1.45898	0.81042	0	
1249542	8428.04199	3305080019317	0.52477	0.36023	8427.51367	0.52832	11295	1	0.56642	0.34203	1	0.50197	0.30108	1	0.53420	0.32156	1	0.47871	0.53593	12.01684	1.03583	1	0.74135	0.55779	12.83705	1.03583	1	-0.00542	-0.00951	0.68174	0.00388	1	0.06191	-0.01393	0.67069	0.00425	1	1.45898	0.81042	0	
1249543	8428.04980	3305080088931	0.52547	0.36061	8427.51367	0.53613	11295	1	0.56519	0.37391	1	0.50358	0.30700	1	0.53439	0.34046	1	0.47874	0.53637	12.10023	1.03583	1	0.74135	0.55777	12.42791	1.03583	1	-0.00542	-0.00951	0.68174	0.00378	1	0.06191	-0.01393	0.67069	0.00427	1	1.45898	0.81042	0	
1249544	8428.05566	3305080155135	0.52618	0.36120	8427.51367	0.54199	11295	1	0.56519	0.37391	1	0.50408	0.30037	1	0.53464	0.33714	1	0.47843	0.53617	11.47328	1.03583	1	0.74116	0.55808	12.95736	1.04349	1	-0.00542	-0.00951	0.68174	0.00384	1	0.06294	-0.01418	0.68245	0.00443	1	1.45898	0.81042	0	
1249545	8428.06250	3305080222566	0.52564	0.36050	8427.51367	0.54883	11295	1	0.53256	0.34181	1	0.46866	0.32469	1	0.50061	0.33325	1	0.47824	0.53596	10.88143	1.04349	1	0.74072	0.55810	12.09344	1.05115	1	-0.00542	-0.00951	0.68174	0.00388	1	0.06294	-0.01418	0.68245	0.00447	1	1.45898	0.81042	0	
1249546	8428.06934	3305080289445	0.52560	0.36081	8427.51367	0.55566	11295	1	0.54576	0.37699	1	0.48410	0.40056	1	0.51493	0.38878	1	0.47841	0.53641	11.70936	1.05115	1	0.74108	0.55908	13.32634	1.05881	1	-0.00542	-0.00951	0.68174	0.00367	1	0.06294	-0.01418	0.68245	0.00393	1	1.45898	0.81042	0	
1249547	8428.07617	3305080354524	0.52555	0.36099	8427.51367	0.56250	11295	1	0.54509	0.37115	1	0.48445	0.39476	1	0.51477	0.38296	1	0.47845	0.53656	11.74021	1.05881	1	0.74067	0.55924	12.65260	1.06646	1	-0.00536	-0.00946	0.67428	0.00372	1	0.06294	-0.01418	0.68245	0.00389	1	1.45898	0.81042	0	
1249548	8428.08301	3305080423255	0.52511	0.36107	8427.51367	0.56934	11295	1	0.54077	0.37369	1	0.47420	0.33681	1	0.50748	0.35525	1	0.47837	0.53651	12.08201	1.06646	1	0.74086	0.55833	11.92309	1.06646	1	-0.00536	-0.00946	0.67428	0.00365	1	0.06294	-0.01418	0.68245	0.00431	1	1.45898	0.81042	0	
1249549	8428.08984	3305080489362	0.52511	0.36077	8427.51367	0.57617	11295	1	0.52886	0.32197	1	0.46304	0.36260	1	0.49595	0.34228	1	0.47822	0.53589	10.99460	1.06646	1	0.74069	0.55861	12.29012	1.06646	1	-0.00536	-0.00946	0.67428	0.00390	1	0.06294	-0.01418	0.68245	0.00427	1	1.45898	0.81042	0	
1249550	8428.09668	3305080557773	0.52510	0.36054	8427.51367	0.58301	11295	1	0.52886	0.32197	1	0.46284	0.36862	1	0.49585	0.34529	1	0.47825	0.53619	11.27943	1.06646	1	0.74075	0.55827	12.21533	1.05881	1	-0.00536	-0.00946	0.67428	0.00381	1	0.06008	-0.01354	0.65193	0.00441	1	1.45898	0.81042	0	
1249551	8428.10254	3305080623860	0.52543	0.36090	8427.51367	0.58887	11295	1	0.55330	0.34732	1	0.51273	0.39090	1	0.53301	0.36911	1	0.47824	0.53614	11.18702	1.05881	1	0.74079	0.55896	12.00923	1.05115	1	-0.00536	-0.00946	0.67428	0.00372	1	0.06008	-0.01354	0.65193	0.00397	1	1.45898	0.81042	0	
1249552	8428.10938	3305080690011	0.52603	0.36199	8427.51367	0.59570	11295	1	0.57269	0.37776	1	0.52590	0.33949	1	0.54930	0.35862	1	0.47849	0.53650	11.47088	1.05115	1	0.74092	0.55817	12.26507	1.04349	1	-0.00536	-0.00946	0.67428	0.00372	1	0.06008	-0.01354	0.65193	0.00430	1	1.45898	0.81042	0	
1249553	8428.11621	3305080758201	0.52663	0.36330	8427.51367	0.60254	11295	1	0.57320	0.38358	1	0.52525	0.34585	1	0.54922	0.36471	1	0.47846	0.53635	11.44456	1.04349	1	0.74097	0.55858	12.26649	1.03583	1	-0.00536	-0.00946	0.67428	0.00378	1	0.06008	-0.01354	0.65193	0.00399	1	1.45898	0.81042	0	
1249554	8428.12305	3305080822853	0.52724	0.36339	8427.51367	0.60938	11295	1	0.56538	0.38757	1	0.52682	0.31089	1	0.54610	0.34923	1	0.47872	0.53640	11.85849	1.03583	1	0.74100	0.55791	12.16865	1.03583	1	-0.00536	-0.00946	0.67428	0.00377	1	0.06008	-0.01354	0.65193	0.00429	1	1.45898	0.81042	0	
1249555	8428.12891	3305080887756	0.52797	0.36309	8427.51367	0.61523	11295	1	0.58431	0.37986	1	0.52889	0.29200	1	0.55660	0.33593	1	0.47860	0.53638	11.85414	1.03583	1	0.74099	0.55767	11.93850	1.03583	1	-0.00536	-0.00946	0.67428	0.00371	1	0.06008	-0.01354	0.65193	0.00438	1	1.45898	0.81042	0	
1249556	8428.13574	3305080954744	0.52871	0.36266	8427.51367	0.62207	11295	1	0.58431	0.37986	1	0.52956	0.28524	1	0.55693	0.33255	1	0.47875	0.53666	11.88738	1.03583	1	0.74098	0.55811	11.91876	1.04349	1	-0.00536	-0.00946	0.67428	0.00376	1	0.06301	-0.01422	0.68432	0.00418	1	1.45898	0.81042	0	
1249557	8428.14258	3305081023849	0.52921	0.36290	8427.51367	0.62891	11295	1	0.57910	0.38248	1	0.52695	0.36225	1	0.55303	0.37237	1	0.47858	0.53648	12.01549	1.04349	1	0.74098	0.55847	12.01552	1.05115	1	-0.00536	-0.00946	0.67428	0.00379	1	0.06301	-0.01422	0.68432	0.00404	1	1.45898	0.81042	0	
1249558	8428.14941	3305081091268	0.52942	0.36263	8427.51367	0.63574	11295	1	0.58212	0.36906	1	0.53100	0.34851	1	0.55656	0.35879	1	0.47861	0.53643	11.76339	1.05115	1	0.74098	0.55840	12.23523	1.05881	1	-0.00536	-0.00946	0.67428	0.00365	1	0.06301	-0.01422	0.68432	0.00397	1	1.45898	0.81042	0	
1249559	8428.15625	3305081156355	0.52963	0.36215	8427.51367	0.64258	11295	1	0.58168	0.36318	1	0.53168	0.34231	1	0.55668	0.35274	1	0.47860	0.53644	11.84984	1.05881	1	0.74094	0.55795	12.01794	1.06646	1	-0.00544	-0.00964	0.68403	0.00366	1	0.06301	-0.01427	0.68432	0.00415	1	1.45898	0.81042	0	
1249560	8428.16309	3305081224587	0.53018	0.36146	8427.51367	0.64941	11295	1	0.58451	0.39543	1	0.52245	0.29097	1	0.55348	0.34320	1	0.47864	0.53683	12.39740	1.06646	1	0.74086	0.55770	12.05355	1.06646	1	-0.00544	-0.00964	0.68403	0.00356	1	0.06301	-0.01427	0.68432	0.00418	1	1.45898	0.81042	0	
1249561	8428.16992	3305081291092	0.53065	0.35974	8427.51367	0.65625	11295	1	0.54578	0.35719	1	0.52427	0.29558	1	0.53502	0.32639	1	0.47808	0.53622	11.85076	1.06646	1	0.74088	0.55788	11.95376	1.06646	1	-0.00544	-0.00964	0.68403	0.00356	1	0.06301	-0.01427	0.68432	0.00414	1	1.45898	0.81042	0	
1249562	8428.17676	3305081361048	0.53111	0.35797	8427.51367	0.66309	11295	1	0.54578	0.35719	1	0.52427	0.29558	1	0.53502	0.32639	1	0.47814	0.53661	12.35860	1.06646	1	0.74081	0.55870	12.17690	1.06646	1	-0.00544	-0.00964	0.68403	0.00350	1	0.06301	-0.01427	0.68432	0.00390	1	1.45898	0.81042	0	
1249563	8428.18359	3305081428144	0.53107	0.35739	8427.51367	0.66992	11295	1	0.53645	0.33574	1	0.51736	0.37653	1	0.52690	0.35614	1	0.47796	0.53615	12.10692	1.06646	1	0.74080	0.55898	12.33363	1.06646	1	-0.00544	-0.00964	0.68403	0.00376	1	0.06301	-0.01427	0.68432	0.00385	1	1.45898	0.81042	0	
1249564	8428.19043	3305081495077	0.53106	0.35701	8427.51367	0.67676	11295	1	0.52886	0.31473	1	0.51975	0.39664	1	0.52430	0.35568	1	0.47786	0.53630	11.90396	1.06646	1	0.74081	0.55901	12.34843	1.06646	1	-0.00544	-0.00964	0.68403	0.00375	1	0.06301	-0.01427	0.68432	0.00384	1	1.45898	0.81042	0	
1249565	8428.19629	3305081562421	0.53105	0.35670	8427.51367	0.68262	11295	1	0.52886	0.31473	1	0.51975	0.39664	1	0.52430	0.35568	1	0.47812	0.53584	11.56696	1.06646	1	0.74078	0.55911	12.33722	1.06646	1	-0.00544	-0.00964	0.68403	0.00379	1	0.06301	-0.01427	0.68432	0.00388	1	1.45898	0.81042	0	
1249566	8428.20312	3305081630019	0.53126	0.35644	8427.51367	0.68945	11295	1	0.54170	0.33823	1	0.50761	0.39693	1	0.52466	0.36758	1	0.47805	0.53669	12.25441	1.06646	1	0.74065	0.55913	12.52907	1.06646	1	-0.00544	-0.00964	0.68403	0.00348	1	0.06301	-0.01427	0.68432	0.00407	1	1.45898	0.81042	0	
1249567	8428.20996	3305081695450	0.53153	0.35632	8427.51367	0.69629	11295	1	0.55122	0.33452	1	0.50248	0.42169	1	0.52685	0.37811	1	0.47813	0.53662	11.93378	1.06646	1	0.74055	0.55948	12.77848	1.06646	1	-0.00544	-0.00964	0.68403	0.00350	1	0.06301	-0.01427	0.68432	0.00395	1	1.45898	0.81042	0	
1249568	8428.21680	3305081762692	0.53180	0.35601	8427.51367	0.70312	11295	1	0.55122	0.33452	1	0.50201	0.42731	1	0.52661	0.38091	1	0.47813	0.53569	11.74018	1.06646	1	0.74056	0.55928	12.72104	1.05881	1	-0.00544	-0.00964	0.68403	0.00389	1	0.06152	-0.01392	0.66762	0.00394	1	1.45898	0.81042	0	
1249569	8428.22363	3305081830354	0.53190	0.35539	8427.51367	0.70996	11295	1	0.54003	0.26509	1	0.50272	0.44376	1	0.52138	0.35442	1	0.47802	0.53557	11.87836	1.05881	1	0.74053	0.55943	12.75248	1.05115	1	-0.00544	-0.00964	0.68403	0.00392	1	0.06152	-0.01392	0.66762	0.00399	1	1.45898	0.81042	0	
1249570	8428.23047	3305081896992	0.53200	0.35501	8427.51367	0.71680	11295	1	0.52365	0.30310	1	0.50016	0.45237	1	0.51191	0.37773	1	0.47773	0.53598	11.20854	1.05115	1	0.74049	0.55951	12.83269	1.04349	1	-0.00544	-0.00964	0.68403	0.00382	1	0.06152	-0.01392	0.66762	0.00397	1	1.45898	0.81042	0	
1249571	8428.23633	3305081960147	0.53209	0.35462	8427.51367	0.72266	11295	1	0.52447	0.30949	1	0.49969	0.45788	1	0.51208	0.38369	1	0.47849	0.53627	11.05115	1.04349	1	0.74038	0.55937	12.61385	1.03583	1	-0.00544	-0.00964	0.68403	0.00378	1	0.06152	-0.01392	0.66762	0.00404	1	1.45898	0.81042	0	
1249572	8428.24316	3305082031006	0.53177	0.35446	8427.51367	0.72949	11295	1	0.56730	0.35716	1	0.49402	0.39402	1	0.53066	0.37559	1	0.47841	0.53661	11.34930	1.03583	1	0.74041	0.55926	12.47853	1.03583	1	-0.00544	-0.00964	0.68403	0.00383	1	0.06152	-0.01392	0.66762	0.00407	1	1.45898	0.81042	0	
1249573	8428.25000	3305082097705	0.53174	0.35408	8427.51367	0.73633	11295	1	0.54736	0.32555	1	0.50397	0.37549	1	0.52566	0.35052	1	0.47810	0.53610	11.57170	1.03583	1	0.74061	0.55902	12.14296	1.03583	1	-0.00544	-0.00964	0.68403	0.00396	1	0.06152	-0.01392	0.66762	0.00412	1	1.45898	0.81042	0	
1249574	8428.25684	3305082164493	0.53171	0.35383	8427.51367	0.74316	11295	1	0.54736	0.32555	1	0.50397	0.37549	1	0.52566	0.35052	1	0.47791	0.53618	11.62791	1.03583	1	0.74071	0.55986	12.32670	1.03583	1	-0.00536	-0.00956	0.67428	0.00395	1	0.06007	-0.01364	0.65193	0.00387	1	1.45898	0.81042	0	
1249575	8428.26367	3305082232920	0.53107	0.35413	8427.51367	0.75000	11295	1	0.53439	0.32417	1	0.46937	0.44017	1	0.50188	0.38217	1	0.47823	0.53607	10.85734	1.03583	1	0.74042	0.55974	13.16549	1.03583	1	-0.00536	-0.00956	0.67428	0.00404	1	0.06007	-0.01364	0.65193	0.00396	1	1.45898	0.81042	0	
1249576	8428.27051	3305082299679	0.53040	0.35416	8427.51367	0.75684	11295	1	0.53505	0.32556	1	0.46324	0.41419	1	0.49914	0.36987	1	0.47827	0.53613	11.03014	1.03583	1	0.74069	0.55961	12.12537	1.03583	1	-0.00536	-0.00956	0.67428	0.00401	1	0.06007	-0.01364	0.65193	0.00391	1	1.45898	0.81042	0	
1249577	8428.27734	3305082366291	0.52974	0.35426	8427.51367	0.76367	11295	1	0.53505	0.32556	1	0.46344	0.40837	1	0.49924	0.36697	1	0.47835	0.53615	10.92372	1.03583	1	0.74072	0.55992	12.21395	1.04349	1	-0.00536	-0.00956	0.67428	0.00370	1	0.06294	-0.01428	0.68245	0.00388	1	1.45898	0.81042	0	
1249578	8428.28320	3305082431786	0.52911	0.35388	8427.51367	0.76953	11295	1	0.53602	0.31852	1	0.46119	0.35284	1	0.49861	0.33568	1	0.47831	0.53627	10.90798	1.04349	1	0.74060	0.55956	12.42524	1.05115	1	-0.00536	-0.00956	0.67428	0.00369	1	0.06294	-0.01428	0.68245	0.00402	1	1.45898	0.81042	0	
1249579	8428.29004	3305082499806	0.52827	0.35359	8427.51367	0.77637	11295	1	0.53764	0.35627	1	0.45898	0.33489	1	0.49831	0.34558	1	0.47828	0.53654	11.31388	1.05115	1	0.74059	0.55953	12.39853	1.05881	1	-0.00536	-0.00956	0.67428	0.00371	1	0.06294	-0.01428	0.68245	0.00405	1	1.45898	0.81042	0	
1249580	8428.29688	3305082566839	0.52741	0.35325	8427.51367	0.78320	11295	1	0.53692	0.35027	1	0.45915	0.32863	1	0.49803	0.33945	1	0.47827	0.53677	11.17362	1.05881	1	0.74067	0.56001	12.29309	1.06646	1	-0.00544	-0.00975	0.68403	0.00383	1	0.06224	-0.01417	0.67488	0.00397	1	1.45898	0.81042	0	
1249581	8428.30371	3305082633922	0.52654	0.35371	8427.51367	0.79004	11295	1	0.52419	0.34008	1	0.44971	0.42963	1	0.48695	0.38485	1	0.47812	0.53664	10.85516	1.06646	1	0.74059	0.55999	12.29706	1.06646	1	-0.00544	-0.00975	0.68403	0.00399	1	0.06224	-0.01417	0.67488	0.00392	1	1.45898	0.81042	0	
1249582	8428.31055	3305082700634	0.52566	0.35396	8427.51367	0.79688	11295	1	0.52216	0.28572	1	0.45752	0.43162	1	0.48984	0.35867	1	0.47816	0.53594	11.01222	1.06646	1	0.74062	0.56003	12.38467	1.06646	1	-0.00544	-0.00975	0.68403	0.00390	1	0.06224	-0.01417	0.67488	0.00390	1	1.45898	0.81042	0	
1249583	8428.31738	3305082767671	0.52479	0.35440	8427.51367	0.80371	11295	1	0.52301	0.29244	1	0.45736	0.43740	1	0.49018	0.36492	1	0.47851	0.53640	11.52768	1.05845	1	0.74067	0.55970	12.13640	1.05845	1	-0.00520	-0.00942	0.66085	0.00366	1	0.06224	-0.01417	0.67488	0.00413	1	1.45898	0.81042	0	
1249584	8428.32324	3305082830349	0.52396	0.35428	8427.51367	0.80957	11295	1	0.52535	0.38347	1	0.47267	0.32631	1	0.49901	0.35489	1	0.47847	0.53691	11.38144	1.05043	1	0.74075	0.55909	12.06288	1.05043	1	-0.00520	-0.00942	0.66085	0.00366	1	0.06224	-0.01417	0.67488	0.00433	1	1.45898	0.81042	0	
1249585	8428.33008	3305082899969	0.52330	0.35482	8427.51367	0.81641	11295	1	0.54761	0.33910	1	0.47153	0.36826	1	0.50957	0.35368	1	0.47888	0.53646	11.82375	1.04241	1	0.74083	0.55978	12.00504	1.04241	1	-0.00520	-0.00942	0.66085	0.00369	1	0.06224	-0.01417	0.67488	0.00388	1	1.45898	0.81042	0	
1249586	8428.33691	3305082964883	0.52263	0.35529	8427.51367	0.82324	11295	1	0.54761	0.33910	1	0.47127	0.37438	1	0.50944	0.35674	1	0.47880	0.53568	11.80878	1.04241	1	0.74138	0.55913	12.44759	1.03476	1	-0.00518	-0.00955	0.67718	0.00395	1	0.06108	-0.01387	0.66068	0.00413	1	1.45898	0.81042	0	
1249587	8428.34375	3305083035726	0.52254	0.35537	8427.51367	0.83008	11295	1	0.55813	0.35039	1	0.50170	0.35645	1	0.52992	0.35342	1	0.47910	0.53656	11.92170	1.04277	1	0.74130	0.55929	12.61257	1.03511	1	-0.00518	-0.00955	0.67718	0.00357	1	0.06108	-0.01387	0.66068	0.00404	1	1.45898	0.81042	0	
1249588	8428.35059	3305083102546	0.52229	0.35498	8427.51367	0.83691	11295	1	0.55077	0.32624	1	0.50230	0.30318	1	0.52653	0.31471	1	0.47933	0.53642	11.16776	1.04313	1	0.74133	0.55881	12.21838	1.03547	1	-0.00518	-0.00955	0.67718	0.00381	1	0.06108	-0.01387	0.66068	0.00436	1	1.45898	0.81042	0	
1249589	8428.35742	3305083170040	0.52205	0.35451	8427.51367	0.84375	11295	1	0.55074	0.32595	1	0.50281	0.29621	1	0.52677	0.31108	1	0.47936	0.53703	11.94089	1.04349	1	0.74162	0.55932	11.97701	1.04349	1	-0.00518	-0.00955	0.67718	0.00355	1	0.06431	-0.01460	0.69504	0.00410	1	1.45898	0.81042	0	
1249590	8428.36426	3305083236631	0.52185	0.35587	8427.51367	0.85059	11295	1	0.55070	0.39667	1	0.49936	0.37783	1	0.52503	0.38725	1	0.47928	0.53691	11.90334	1.04349	1	0.74169	0.55960	11.87583	1.05115	1	-0.00518	-0.00955	0.67718	0.00352	1	0.06431	-0.01460	0.69504	0.00415	1	1.45898	0.81042	0	
1249591	8428.37109	3305083304060	0.52129	0.35692	8427.51367	0.85742	11295	1	0.53221	0.42901	1	0.48275	0.35215	1	0.50748	0.39058	1	0.47890	0.53695	11.32447	1.05115	1	0.74178	0.55950	11.81978	1.05881	1	-0.00518	-0.00955	0.67718	0.00360	1	0.06431	-0.01460	0.69504	0.00433	1	1.45898	0.81042	0	
1249592	8428.37793	3305083369629	0.52022	0.35710	8427.51367	0.86426	11295	1	0.53221	0.42901	0	0.48308	0.34600	1	0.48308	0.34600	1	0.47890	0.53695	11.32447	1.05881	0	0.74160	0.55962	12.27282	1.06646	1	-0.00518	-0.00955	0.67718	0.00360	1	0.06431	-0.01460	0.69504	0.00421	1	1.45898	0.81042	0	
1249593	8428.38379	3305083437740	0.52022	0.35710	8427.51367	0.87012	11295	1	0.53221	0.42901	0	0.48308	0.34600	0	0.48308	0.34600	0	0.47890	0.53695	11.32447	1.06646	0	0.74160	0.55962	12.27282	1.06646	0	-0.00518	-0.00955	0.67718	0.00360	1	0.06431	-0.01460	0.69504	0.00421	1	1.45898	0.81042	0	
1249594	8428.39062	3305083504699	0.52022	0.35710	8427.51367	0.87695	11295	1	0.53221	0.42901	0	0.48308	0.34600	0	0.48308	0.34600	0	0.47890	0.53695	11.32447	1.06646	0	0.74160	0.55962	12.27282	1.06646	0	-0.00518	-0.00955	0.67718	0.00360	1	0.06431	-0.01460	0.69504	0.00421	1	1.45898	0.81042	0	
1249595	8428.39746	3305083570570	0.52022	0.35710	8427.51367	0.88379	11295	1	0.53221	0.42901	0	0.48308	0.34600	0	0.48308	0.34600	0	0.47890	0.53695	11.32447	1.06646	0	0.74160	0.55962	12.27282	1.06646	0	-0.00518	-0.00955	0.67718	0.00360	1	0.06431	-0.01460	0.69504	0.00421	1	1.45898	0.81042	0	
1249596	8428.40430	3305083637465	0.50698	0.35640	8427.51367	0.88379	11295	0	0.53221	0.42901	0	0.48308	0.34600	0	0.48308	0.34600	0	0.47890	0.53695	11.32447	1.06646	0	0.74160	0.55962	12.27282	1.06646	0	-0.00518	-0.00955	0.67718	0.00360	1	0.06431	-0.01460	0.69504	0.00421	1	1.45898	0.81042	0	
1249597	8428.41113	3305083706387	0.50698	0.35640	8427.51367	0.88379	11295	0	0.53221	0.42901	0	0.48308	0.34600	0	0.48308	0.34600	0	0.47890	0.53695	11.32447	1.06646	0	0.74160	0.55962	12.27282	1.06646	0	-0.00518	-0.00955	0.67718	0.00360	1	0.06431	-0.01460	0.69504	0.00421	1	1.45898	0.81042	0	
1249598	8428.41797	3305083772548	0.50698	0.35640	8427.51367	0.88379	11295	0	0.53221	0.42901	0	0.48308	0.34600	0	0.48308	0.34600	0	0.47890	0.53695	11.32447	1.06646	0	0.74160	0.55962	12.27282	1.06646	0	-0.00518	-0.00955	0.67718	0.00360	1	0.06431	-0.01460	0.69504	0.00421	1	1.45898	0.81042	0	
1249599	8428.42480	3305083839697	0.00000	0.00000	8427.51367	0.88379	11295	0	0.53221	0.42901	0	0.48308	0.34600	0	0.48308	0.34600	0	0.47890	0.53695	11.32447	1.06646	0	0.74160	0.55962	12.27282	1.06646	0	-0.00518	-0.00955	0.67718	0.00360	1	0.06431	-0.01460	0.69504	0.00421	1	1.45898	0.81042	0	
1249600	8428.43066	3305083906328	0.00000	0.00000	8427.51367	0.88379	11295	0	0.53221	0.42901	0	0.48308	0.34600	0	0.48308	0.34600	0	0.47890	0.53695	11.32447	1.06646	0	0.74160	0.55962	12.27282	1.06646	0	-0.00518	-0.00955	0.67718	0.00360	1	0.06431	-0.01460	0.69504	0.00421	1	1.45898	0.81042	0	
1249601	8428.43750	3305083973723	0.00000	0.00000	8427.51367	0.88379	11295	0	0.53221	0.42901	0	0.48308	0.34600	0	0.48308	0.34600	0	0.47890	0.53695	11.32447	1.06646	0	0.74160	0.55962	12.27282	1.06646	0	-0.00518	-0.00955	0.67718	0.00360	1	0.06431	-0.01460	0.69504	0.00421	1	1.45898	0.81042	0	
1249602	8428.44434	3305084041008	0.50000	0.39669	8427.51367	0.88379	11295	0	0.54009	0.36601	1	0.45991	0.42738	1	0.50000	0.39669	1	0.47993	0.53586	10.82359	1.06646	1	0.74225	0.56009	12.57056	1.06646	1	-0.00518	-0.00955	0.67718	0.00391	1	0.06431	-0.01460	0.69504	0.00400	1	1.45898	0.81042	0	
1249603	8428.45117	3305084108351	0.49907	0.40144	8427.51367	0.88379	11295	0	0.54633	0.35619	1	0.44993	0.45619	1	0.49813	0.40619	1	0.47992	0.53589	11.39845	1.06646	1	0.74206	0.56027	12.81946	1.06646	1	-0.00518	-0.00955	0.67718	0.00385	1	0.06431	-0.01460	0.69504	0.00396	1	1.45898	0.81042	0	
1249604	8428.45801	3305084174679	0.49876	0.40302	8427.51367	0.88379	11295	0	0.54633	0.35619	1	0.44993	0.45619	1	0.49813	0.40619	1	0.48039	0.53545	11.89724	1.06646	1	0.74213	0.55989	12.26960	1.06646	1	-0.00493	-0.00932	0.67141	0.00407	1	0.06378	-0.01438	0.68706	0.00402	1	1.45898	0.81042	0	
1249605	8428.46484	3305084241593	0.49960	0.39408	8428.44434	0.02051	11296	1	0.53315	0.29466	1	0.47113	0.43980	1	0.50214	0.36723	1	0.48031	0.53530	11.91821	1.06646	1	0.74239	0.55997	12.32154	1.06646	1	-0.00493	-0.00932	0.67141	0.00380	1	0.06378	-0.01438	0.68706	0.00390	1	1.45898	0.81042	0	
1249606	8428.47168	3305084309234	0.50028	0.38946	8428.44434	0.02734	11296	1	0.52922	0.30012	1	0.47672	0.44183	1	0.50297	0.37098	1	0.48029	0.53538	11.91543	1.06646	1	0.74248	0.55966	13.02661	1.06646	1	-0.00493	-0.00932	0.67141	0.00374	1	0.06378	-0.01438	0.68706	0.00395	1	1.45898	0.81042	0	
1249607	8428.47852	3305084375545	0.50074	0.38786	8428.44434	0.03418	11296	1	0.53002	0.30673	1	0.47612	0.45300	1	0.50307	0.37987	1	0.48027	0.53544	12.05771	1.05845	1	0.74279	0.55936	12.42883	1.05079	1	-0.00466	-0.00908	0.65464	0.00379	1	0.06038	-0.01355	0.64997	0.00397	1	1.45898	0.81042	0	
1249608	8428.48438	3305084442442	0.50229	0.38808	8428.44434	0.04004	11296	1	0.54269	0.34262	1	0.48046	0.43615	1	0.51158	0.38939	1	0.48033	0.53509	12.01152	1.04277	1	0.74253	0.55937	13.34204	1.03511	1	-0.00466	-0.00908	0.65464	0.00374	1	0.06038	-0.01355	0.64997	0.00383	1	1.45898	0.81042	0	
1249609	8428.49121	3305084507449	0.50295	0.38956	8428.44434	0.04688	11296	1	0.53932	0.37219	1	0.47587	0.42776	1	0.50760	0.39998	1	0.48030	0.53523	11.99258	1.02710	1	0.74249	0.55916	13.04141	1.01944	1	-0.00466	-0.00908	0.65464	0.00381	1	0.06038	-0.01355	0.64997	0.00386	1	1.45898	0.81042	0	
1249610	8428.49805	3305084574904	0.50351	0.39105	8428.44434	0.05371	11296	1	0.54006	0.37820	1	0.47587	0.42776	1	0.50796	0.40298	1	0.48082	0.53530	11.32736	1.01944	1	0.74311	0.55879	12.32553	1.01944	1	-0.00483	-0.00946	0.68560	0.00365	1	0.06297	-0.01412	0.67728	0.00397	1	1.45898	0.81042	0	
1249611	8428.50488	3305084644108	0.50664	0.38885	8428.44434	0.06055	11296	1	0.56075	0.38778	1	0.50896	0.35027	1	0.53486	0.36903	1	0.48094	0.53545	11.87908	1.02745	1	0.74310	0.55849	12.35026	1.03511	1	-0.00483	-0.00946	0.68560	0.00369	1	0.06297	-0.01412	0.67728	0.00404	1	1.45898	0.81042	0	
1249612	8428.51074	3305084707007	0.50957	0.38572	8428.44434	0.06641	11296	1	0.55608	0.35883	1	0.52157	0.34999	1	0.53882	0.35441	1	0.48090	0.53531	11.72249	1.04313	1	0.74317	0.55845	12.24463	1.05079	1	-0.00483	-0.00946	0.68560	0.00376	1	0.06297	-0.01412	0.67728	0.00402	1	1.45898	0.81042	0	
1249613	8428.51758	3305084772980	0.51201	0.38207	8428.44434	0.07324	11296	1	0.55482	0.34651	1	0.52283	0.33723	1	0.53882	0.34187	1	0.48094	0.53546	11.68527	1.05881	1	0.74304	0.55885	12.80922	1.06646	1	-0.00483	-0.00936	0.68560	0.00392	1	0.06349	-0.01421	0.68173	0.00392	1	1.45898	0.81042	0	
1249614	8428.52441	3305084839705	0.51180	0.37780	8428.44434	0.08008	11296	1	0.53336	0.27748	1	0.48515	0.37567	1	0.50925	0.32657	1	0.48067	0.53465	11.05031	1.06646	1	0.74333	0.55886	12.27003	1.06646	1	-0.00483	-0.00936	0.68560	0.00398	1	0.06349	-0.01421	0.68173	0.00410	1	1.45898	0.81042	0	
1249615	8428.53125	3305084908988	0.51130	0.37766	8428.44434	0.08691	11296	1	0.53613	0.32729	1	0.47358	0.42431	1	0.50486	0.37580	1	0.48066	0.53459	11.36449	1.06646	1	0.74323	0.55895	12.30275	1.06646	1	-0.00483	-0.00936	0.68560	0.00369	1	0.06349	-0.01421	0.68173	0.00407	1	1.45898	0.81042	0	
1249616	8428.53809	3305084975019	0.51087	0.37753	8428.44434	0.09375	11296	1	0.53613	0.32729	1	0.47358	0.42431	1	0.50486	0.37580	1	0.48135	0.53509	11.77136	1.06646	1	0.74335	0.55896	13.21125	1.06646	1	-0.00483	-0.00936	0.68560	0.00407	1	0.06291	-0.01398	0.67556	0.00404	1	1.45898	0.81042	0	
1249617	8428.54492	3305085042866	0.51097	0.37428	8428.44434	0.10059	11296	1	0.55586	0.33515	1	0.46922	0.31578	1	0.51254	0.32547	1	0.48100	0.53464	12.18538	1.06646	1	0.74308	0.55825	12.25707	1.06646	1	-0.00483	-0.00936	0.68560	0.00366	1	0.06291	-0.01398	0.67556	0.00424	1	1.45898	0.81042	0	
1249618	8428.55176	3305085108001	0.51048	0.37311	8428.44434	0.10742	11296	1	0.51665	0.34198	1	0.48843	0.36674	1	0.50254	0.35436	1	0.48073	0.53463	12.05349	1.06646	1	0.74343	0.55822	12.91239	1.06646	1	-0.00483	-0.00936	0.68560	0.00365	1	0.06291	-0.01398	0.67556	0.00412	1	1.45898	0.81042	0	
1249619	8428.55859	3305085177611	0.51001	0.37183	8428.44434	0.11426	11296	1	0.51564	0.33484	1	0.48850	0.36562	1	0.50207	0.35023	1	0.48095	0.53421	12.01528	1.07555	1	0.74382	0.55726	12.14668	1.06789	1	-0.00481	-0.00931	0.68975	0.00381	1	0.06226	-0.01378	0.66802	0.00434	1	1.45898	0.81042	0	
1249620	8428.56445	3305085243229	0.51050	0.37063	8428.44434	0.12012	11296	1	0.53618	0.39921	1	0.50235	0.29886	1	0.51926	0.34903	1	0.48099	0.53482	12.35159	1.07698	1	0.74365	0.55752	12.10050	1.06932	1	-0.00481	-0.00931	0.68975	0.00354	1	0.06226	-0.01378	0.66802	0.00423	1	1.45898	0.81042	0	
1249621	8428.57129	3305085309578	0.51139	0.37076	8428.44434	0.12695	11296	1	0.54403	0.41953	1	0.51271	0.32694	1	0.52837	0.37324	1	0.48115	0.53499	12.35188	1.07840	1	0.74382	0.55789	11.96970	1.07074	1	-0.00481	-0.00931	0.68975	0.00361	1	0.06226	-0.01378	0.66802	0.00413	1	1.45898	0.81042	0	
1249622	8428.57812	3305085380092	0.51220	0.37116	8428.44434	0.13379	11296	1	0.54470	0.42492	1	0.51217	0.33322	1	0.52844	0.37907	1	0.48181	0.53459	11.93469	1.07074	1	0.74365	0.55901	12.58557	1.06308	1	-0.00459	-0.00919	0.68083	0.00367	1	0.06164	-0.01362	0.66030	0.00393	1	1.45898	0.81042	0	
1249623	8428.58496	3305085447194	0.51183	0.37375	8428.44434	0.14062	11296	1	0.55658	0.39038	1	0.45123	0.46605	1	0.50390	0.42822	1	0.48174	0.53452	11.83529	1.05400	1	0.74367	0.55941	13.27655	1.05400	1	-0.00459	-0.00919	0.68083	0.00375	1	0.06164	-0.01362	0.66030	0.00394	1	1.45898	0.81042	0	
1249624	8428.59180	3305085512135	0.51097	0.37557	8428.44434	0.14746	11296	1	0.52479	0.37726	1	0.45928	0.45370	1	0.49203	0.41548	1	0.48129	0.53451	11.44624	1.04491	1	0.74380	0.55913	12.28939	1.04491	1	-0.00459	-0.00919	0.68083	0.00370	1	0.06164	-0.01362	0.66030	0.00399	1	1.45898	0.81042	0	
1249625	8428.59863	3305085581421	0.51020	0.37740	8428.44434	0.15430	11296	1	0.52575	0.38424	1	0.45925	0.45472	1	0.49250	0.41948	1	0.48122	0.53463	11.74985	1.03583	1	0.74399	0.55878	13.02780	1.04349	1	-0.00455	-0.00906	0.67491	0.00366	1	0.06339	-0.01399	0.67850	0.00407	1	1.45898	0.81042	0	
1249626	8428.60547	3305085647540	0.51024	0.37828	8428.44434	0.16113	11296	1	0.53825	0.39435	1	0.48425	0.40436	1	0.51125	0.39936	1	0.48138	0.53449	11.35033	1.04349	1	0.74410	0.55854	12.88522	1.05115	1	-0.00455	-0.00906	0.67491	0.00375	1	0.06339	-0.01399	0.67850	0.00406	1	1.45898	0.81042	0	
1249627	8428.61230	3305085715090	0.51032	0.37887	8428.44434	0.16797	11296	1	0.55179	0.36431	1	0.47313	0.42294	1	0.51246	0.39363	1	0.48158	0.53449	12.05786	1.05115	1	0.74394	0.55890	13.10976	1.05881	1	-0.00455	-0.00906	0.67491	0.00371	1	0.06339	-0.01399	0.67850	0.00394	1	1.45898	0.81042	0	
1249628	8428.61914	3305085782121	0.51039	0.37930	8428.44434	0.17480	11296	1	0.55116	0.35838	1	0.47313	0.42294	1	0.51215	0.39066	1	0.48184	0.53471	12.25322	1.05881	1	0.74451	0.55854	12.47623	1.05881	1	-0.00459	-0.00909	0.68083	0.00366	1	0.06074	-0.01340	0.64967	0.00389	1	1.45898	0.81042	0	
1249629	8428.62500	3305085848567	0.51090	0.37902	8428.44434	0.18066	11296	1	0.54202	0.35176	1	0.50726	0.39105	1	0.52464	0.37141	1	0.48195	0.53442	11.94150	1.05881	1	0.74458	0.55834	12.42548	1.05115	1	-0.00459	-0.00909	0.68083	0.00378	1	0.06074	-0.01340	0.64967	0.00379	1	1.45898	0.81042	0	
1249630	8428.63184	3305085915342	0.51129	0.37999	8428.44434	0.18750	11296	1	0.53774	0.39205	1	0.50691	0.42191	1	0.52233	0.40698	1	0.48183	0.53456	12.25806	1.05115	1	0.74453	0.55862	12.32479	1.04349	1	-0.00459	-0.00909	0.68083	0.00366	1	0.06074	-0.01340	0.64967	0.00390	1	1.45898	0.81042	0	
1249631	8428.63867	3305085983057	0.51167	0.38128	8428.44434	0.19434	11296	1	0.53923	0.40379	1	0.50586	0.43366	1	0.52254	0.41873	1	0.48182	0.53420	12.21751	1.03547	1	0.74448	0.55850	12.43549	1.02781	1	-0.00433	-0.00887	0.66439	0.00375	1	0.06183	-0.01362	0.66022	0.00392	1	1.45898	0.81042	0	
1249632	8428.64551	3305086049929	0.51253	0.38280	8428.44434	0.20117	11296	1	0.56058	0.41530	1	0.51584	0.44141	1	0.53821	0.42835	1	0.48209	0.53466	12.77727	1.01979	1	0.74475	0.55875	11.86601	1.01979	1	-0.00433	-0.00887	0.66439	0.00366	1	0.06183	-0.01362	0.66022	0.00395	1	1.45898	0.81042	0	
1249633	8428.65234	3305086116785	0.51253	0.38355	8428.44434	0.20801	11296	1	0.55003	0.37072	1	0.47550	0.44297	1	0.51277	0.40685	1	0.48205	0.53412	12.16817	1.01178	1	0.74444	0.55860	12.48712	1.01178	1	-0.00433	-0.00887	0.66439	0.00375	1	0.06183	-0.01362	0.66022	0.00399	1	1.45898	0.81042	0	
1249634	8428.65918	3305086182797	0.51254	0.38425	8428.44434	0.21484	11296	1	0.55003	0.37072	1	0.47550	0.44297	1	0.51277	0.40685	1	0.48223	0.53427	12.55743	1.01178	1	0.74458	0.55901	12.29852	1.01178	1	-0.00439	-0.00908	0.68045	0.00372	1	0.06183	-0.01362	0.66022	0.00399	1	1.45898	0.81042	0	
1249635	8428.66504	3305086247180	0.51251	0.38488	8428.44434	0.22070	11296	1	0.55360	0.39461	1	0.46948	0.41685	1	0.51154	0.40573	1	0.48200	0.53442	12.48946	1.01979	1	0.74472	0.55849	12.31053	1.01979	1	-0.00439	-0.00908	0.68045	0.00370	1	0.06183	-0.01362	0.66022	0.00434	1	1.45898	0.81042	0	
1249636	8428.67188	3305086318378	0.51253	0.38612	8428.44434	0.22754	11296	1	0.56694	0.38823	1	0.45939	0.46811	1	0.51317	0.42817	1	0.48224	0.53436	12.55411	1.02781	1	0.74457	0.55919	12.33007	1.02781	1	-0.00439	-0.00908	0.68045	0.00374	1	0.06183	-0.01362	0.66022	0.00398	1	1.45898	0.81042	0	
1249637	8428.67871	3305086384811	0.51254	0.38705	8428.44434	0.23438	11296	1	0.56637	0.38207	1	0.45975	0.45694	1	0.51306	0.41951	1	0.48237	0.53434	11.26006	1.03583	1	0.74490	0.55897	12.91554	1.04349	1	-0.00446	-0.00928	0.69111	0.00382	1	0.06393	-0.01407	0.68212	0.00401	1	1.45898	0.81042	0	
1249638	8428.68555	3305086451809	0.51251	0.38730	8428.44434	0.24121	11296	1	0.54084	0.35440	1	0.48164	0.43803	1	0.51124	0.39622	1	0.48197	0.53411	11.65078	1.04349	1	0.74493	0.55896	13.30385	1.05115	1	-0.00446	-0.00928	0.69111	0.00382	1	0.06393	-0.01407	0.68212	0.00400	1	1.45898	0.81042	0	
1249639	8428.69238	3305086518935	0.51195	0.38748	8428.44434	0.24805	11296	1	0.52567	0.35393	1	0.45660	0.43477	1	0.49114	0.39435	1	0.48200	0.53436	11.27861	1.05115	1	0.74452	0.55895	12.27735	1.05881	1	-0.00446	-0.00928	0.69111	0.00383	1	0.06393	-0.01407	0.68212	0.00405	1	1.45898	0.81042	0	
1249640	8428.69922	3305086585707	0.51140	0.38751	8428.44434	0.25488	11296	1	0.52487	0.34791	1	0.45676	0.42924	1	0.49082	0.38857	1	0.48213	0.53433	11.46745	1.05881	1	0.74480	0.55900	13.16030	1.06646	1	-0.00446	-0.00928	0.69111	0.00382	1	0.06393	-0.01407	0.68212	0.00400	1	1.45898	0.81042	0	
1249641	8428.70605	3305086652373	0.51152	0.38741	8428.44434	0.26172	11296	1	0.54388	0.32961	1	0.48850	0.43766	1	0.51619	0.38363	1	0.48237	0.53430	11.60064	1.06646	1	0.74499	0.55905	13.39193	1.06646	1	-0.00446	-0.00928	0.69111	0.00383	1	0.06393	-0.01407	0.68212	0.00392	1	1.45898	0.81042	0	
1249642	8428.71289	3305086719739	0.51146	0.38718	8428.44434	0.26855	11296	1	0.53495	0.33387	1	0.48297	0.42170	1	0.50896	0.37779	1	0.48216	0.53435	11.33916	1.06646	1	0.74493	0.55894	13.29021	1.06646	1	-0.00446	-0.00928	0.69111	0.00372	1	0.06393	-0.01407	0.68212	0.00387	1	1.45898	0.81042	0	
1249643	8428.71875	3305086782868	0.51140	0.38702	8428.44434	0.27441	11296	1	0.53495	0.33387	1	0.48264	0.42731	1	0.50880	0.38059	1	0.48210	0.53424	11.11143	1.06646	1	0.74496	0.55869	13.44316	1.05881	1	-0.00446	-0.00928	0.69111	0.00380	1	0.06183	-0.01360	0.65917	0.00381	1	1.45898	0.81042	0	
1249644	8428.72559	3305086851062	0.51155	0.38733	8428.44434	0.28125	11296	1	0.55582	0.38332	1	0.47961	0.41748	1	0.51771	0.40040	1	0.48256	0.53464	12.49504	1.05881	1	0.74488	0.55866	13.25457	1.05115	1	-0.00446	-0.00928	0.69111	0.00371	1	0.06183	-0.01360	0.65917	0.00396	1	1.45898	0.81042	0	
1249645	8428.73242	3305086917424	0.51187	0.38689	8428.44434	0.28809	11296	1	0.55749	0.36475	1	0.49423	0.37111	1	0.52586	0.36793	1	0.48253	0.53446	11.96060	1.05115	1	0.74510	0.55822	13.10430	1.04349	1	-0.00446	-0.00928	0.69111	0.00372	1	0.06183	-0.01360	0.65917	0.00386	1	1.45898	0.81042	0	
1249646	8428.73926	3305086983533	0.51219	0.38668	8428.44434	0.29492	11296	1	0.55873	0.37688	1	0.49379	0.37750	1	0.52626	0.37719	1	0.48267	0.53484	12.37514	1.03547	1	0.74542	0.55824	12.31438	1.03547	1	-0.00423	-0.00892	0.66410	0.00364	1	0.06291	-0.01382	0.67009	0.00390	1	1.45898	0.81042	0	
1249647	8428.74512	3305087051196	0.51280	0.38667	8428.44434	0.30078	11296	1	0.56521	0.40044	1	0.51568	0.37216	1	0.54044	0.38630	1	0.48268	0.53457	12.05073	1.02745	1	0.74549	0.55809	12.30396	1.03511	1	-0.00423	-0.00892	0.66410	0.00370	1	0.06291	-0.01382	0.67009	0.00393	1	1.45898	0.81042	0	
1249648	8428.75195	3305087118733	0.51323	0.38672	8428.44434	0.30762	11296	1	0.56322	0.40716	1	0.50254	0.37131	1	0.53288	0.38923	1	0.48265	0.53462	12.07501	1.02710	1	0.74526	0.55806	12.23394	1.03476	1	-0.00423	-0.00892	0.66410	0.00369	1	0.06291	-0.01382	0.67009	0.00390	1	1.45898	0.81042	0	
1249649	8428.75879	3305087185206	0.51363	0.38672	8428.44434	0.31445	11296	1	0.56264	0.40142	1	0.50254	0.37131	1	0.53259	0.38636	1	0.48279	0.53449	12.50224	1.03476	1	0.74521	0.55840	12.47268	1.03476	1	-0.00411	-0.00893	0.66925	0.00377	1	0.06183	-0.01357	0.65813	0.00390	1	1.45898	0.81042	0	
1249650	8428.76562	3305087251678	0.51434	0.38652	8428.44434	0.32129	11296	1	0.55522	0.37360	1	0.51224	0.40093	1	0.53373	0.38727	1	0.48289	0.53453	12.71583	1.04277	1	0.74545	0.55841	12.30858	1.03511	1	-0.00411	-0.00893	0.66925	0.00365	1	0.06183	-0.01357	0.65813	0.00394	1	1.45898	0.81042	0	
1249651	8428.77246	3305087321365	0.51499	0.38608	8428.44434	0.32812	11296	1	0.55468	0.38602	1	0.50457	0.38424	1	0.52963	0.38513	1	0.48286	0.53453	12.68350	1.04313	1	0.74522	0.55831	12.51409	1.03547	1	-0.00411	-0.00893	0.66925	0.00374	1	0.06183	-0.01357	0.65813	0.00395	1	1.45898	0.81042	0	
1249652	8428.77930	3305087388914	0.51566	0.38557	8428.44434	0.33496	11296	1	0.55465	0.38575	1	0.50510	0.37790	1	0.52987	0.38182	1	0.48251	0.53439	12.10840	1.04349	1	0.74535	0.55836	12.16549	1.04349	1	-0.00411	-0.00893	0.66925	0.00380	1	0.06346	-0.01387	0.67490	0.00396	1	1.45898	0.81042	0	
1249653	8428.78613	3305087453852	0.51547	0.38588	8428.44434	0.34180	11296	1	0.52513	0.38735	1	0.46097	0.37618	1	0.49305	0.38177	1	0.48274	0.53461	12.62836	1.04349	1	0.74532	0.55840	12.45259	1.05115	1	-0.00411	-0.00893	0.66925	0.00373	1	0.06346	-0.01387	0.67490	0.00405	1	1.45898	0.81042	0	
1249654	8428.79199	3305087519740	0.51570	0.38635	8428.44434	0.34766	11296	1	0.53448	0.37873	1	0.49438	0.40908	1	0.51443	0.39391	1	0.48287	0.53434	11.16524	1.05115	1	0.74589	0.55880	12.70776	1.05881	1	-0.00411	-0.00893	0.66925	0.00386	1	0.06346	-0.01387	0.67490	0.00397	1	1.45898	0.81042	0	
1249655	8428.79980	3305087588467	0.51594	0.38653	8428.44434	0.35547	11296	1	0.53373	0.37290	1	0.49480	0.40334	1	0.51426	0.38812	1	0.48313	0.53451	12.08787	1.05881	1	0.74556	0.55896	12.77862	1.06646	1	-0.00411	-0.00893	0.66925	0.00371	1	0.06346	-0.01387	0.67490	0.00403	1	1.45898	0.81042	0	
1249656	8428.80566	3305087654493	0.51550	0.38675	8428.44434	0.36133	11296	1	0.52524	0.35342	1	0.45612	0.44691	1	0.49068	0.40017	1	0.48289	0.53442	12.02520	1.06646	1	0.74532	0.55910	12.29656	1.06646	1	-0.00411	-0.00893	0.66925	0.00377	1	0.06346	-0.01387	0.67490	0.00400	1	1.45898	0.81042	0	
1249657	8428.81250	3305087721985	0.51537	0.38681	8428.44434	0.36816	11296	1	0.52641	0.37706	1	0.47574	0.42883	1	0.50108	0.40294	1	0.48284	0.53457	12.46263	1.06646	1	0.74559	0.55908	12.53505	1.06646	1	-0.00411	-0.00893	0.66925	0.00373	1	0.06346	-0.01387	0.67490	0.00396	1	1.45898	0.81042	0	
1249658	8428.81934	3305087791428	0.51522	0.38681	8428.44434	0.37500	11296	1	0.52641	0.37706	1	0.47574	0.42883	1	0.50108	0.40294	1	0.48303	0.53449	11.93516	1.06646	1	0.74574	0.55877	12.83869	1.06646	1	-0.00411	-0.00893	0.66925	0.00377	1	0.06346	-0.01387	0.67490	0.00405	1	1.45898	0.81042	0	
1249659	8428.82617	3305087858327	0.51461	0.38681	8428.44434	0.38184	11296	1	0.53382	0.30997	1	0.47753	0.42818	1	0.50568	0.36908	1	0.48292	0.53400	10.93072	1.06646	1	0.74560	0.55878	13.02283	1.06646	1	-0.00411	-0.00893	0.66925	0.00398	1	0.06346	-0.01387	0.67490	0.00402	1	1.45898	0.81042	0	
1249660	8428.83301	3305087925439	0.51416	0.38726	8428.44434	0.38867	11296	1	0.54901	0.32488	1	0.48507	0.42736	1	0.51704	0.37612	1	0.48316	0.53410	11.47928	1.06646	1	0.74573	0.55887	12.90030	1.06646	1	-0.00411	-0.00893	0.66925	0.00385	1	0.06346	-0.01387	0.67490	0.00400	1	1.45898	0.81042	0	
1249661	8428.83984	3305087992509	0.51371	0.38798	8428.44434	0.39551	11296	1	0.54901	0.32488	1	0.48507	0.42736	1	0.51704	0.37612	1	0.48289	0.53441	11.52101	1.06646	1	0.74573	0.55874	13.26879	1.06646	1	-0.00411	-0.00893	0.66925	0.00380	1	0.06346	-0.01387	0.67490	0.00411	1	1.45898	0.81042	0	
1249662	8428.84668	3305088059833	0.51358	0.38859	8428.44434	0.40234	11296	1	0.52532	0.31673	1	0.48122	0.39497	1	0.50327	0.35585	1	0.48285	0.53399	11.12564	1.06646	1	0.74570	0.55854	12.99434	1.06646	1	-0.00411	-0.00893	0.66925	0.00396	1	0.06346	-0.01387	0.67490	0.00408	1	1.45898	0.81042	0	
1249663	8428.85352	3305088126438	0.51355	0.38866	8428.44434	0.40918	11296	1	0.52083	0.33558	1	0.48579	0.42334	1	0.50331	0.37946	1	0.48277	0.53418	11.45930	1.06646	1	0.74579	0.55879	12.94194	1.06646	1	-0.00411	-0.00893	0.66925	0.00394	1	0.06346	-0.01387	0.67490	0.00404	1	1.45898	0.81042	0	
1249664	8428.85938	3305088192882	0.51351	0.38880	8428.44434	0.41504	11296	1	0.52083	0.33558	1	0.48543	0.42894	1	0.50313	0.38226	1	0.48328	0.53456	12.38921	1.06646	1	0.74554	0.55881	12.79719	1.05881	1	-0.00411	-0.00893	0.66925	0.00375	1	0.06166	-0.01356	0.65522	0.00394	1	1.45898	0.81042	0	
1249665	8428.86621	3305088259704	0.51365	0.39009	8428.44434	0.42188	11296	1	0.55657	0.33508	1	0.48108	0.44024	1	0.51883	0.38766	1	0.48331	0.53421	12.28735	1.05881	1	0.74572	0.55890	13.29170	1.05115	1	-0.00411	-0.00893	0.66925	0.00385	1	0.06166	-0.01356	0.65522	0.00389	1	1.45898	0.81042	0	
1249666	8428.87305	3305088327531	0.51410	0.39106	8428.44434	0.42871	11296	1	0.56742	0.37197	1	0.48089	0.42935	1	0.52415	0.40066	1	0.48350	0.53442	12.17888	1.05115	1	0.74559	0.55876	13.07808	1.04349	1	-0.00411	-0.00893	0.66925	0.00376	1	0.06166	-0.01356	0.65522	0.00392	1	1.45898	0.81042	0	
1249667	8428.87988	3305088394747	0.51456	0.39223	8428.44434	0.43555	11296	1	0.56796	0.37784	1	0.48056	0.43502	1	0.52426	0.40643	1	0.48352	0.53482	12.14643	1.04349	1	0.74559	0.55890	13.04763	1.03583	1	-0.00411	-0.00898	0.66925	0.00369	1	0.06183	-0.01365	0.65710	0.00392	1	1.45898	0.81042	0	
1249668	8428.88672	3305088461703	0.51462	0.39322	8428.44434	0.44238	11296	1	0.54407	0.40640	1	0.50080	0.38715	1	0.52243	0.39677	1	0.48344	0.53465	12.12778	1.03583	1	0.74599	0.55876	13.08508	1.03583	1	-0.00411	-0.00898	0.66925	0.00367	1	0.06183	-0.01365	0.65710	0.00387	1	1.45898	0.81042	0	
1249669	8428.89355	3305088528659	0.51441	0.39353	8428.44434	0.44922	11296	1	0.54512	0.40308	1	0.49074	0.37279	1	0.51793	0.38793	1	0.48348	0.53467	12.33657	1.03583	1	0.74579	0.55848	13.10168	1.03583	1	-0.00411	-0.00898	0.66925	0.00361	1	0.06183	-0.01365	0.65710	0.00412	1	1.45898	0.81042	0	
1249670	8428.90039	3305088594702	0.51419	0.39371	8428.44434	0.45605	11296	1	0.54512	0.40308	1	0.49074	0.37279	1	0.51793	0.38793	1	0.48341	0.53472	12.09576	1.03583	1	0.74582	0.55809	12.92801	1.03583	1	-0.00411	-0.00903	0.66925	0.00365	1	0.06183	-0.01365	0.65710	0.00432	1	1.45898	0.81042	0	
1249671	8428.90625	3305088660336	0.51444	0.39239	8428.44434	0.46191	11296	1	0.54761	0.36632	1	0.48432	0.36319	1	0.51597	0.36475	1	0.48357	0.53477	12.18026	1.03583	1	0.74574	0.55848	13.09680	1.03583	1	-0.00411	-0.00903	0.66925	0.00369	1	0.06183	-0.01365	0.65710	0.00419	1	1.45898	0.81042	0	
1249672	8428.91309	3305088727505	0.51485	0.39107	8428.44434	0.46875	11296	1	0.53281	0.35840	1	0.49031	0.34542	1	0.51156	0.35191	1	0.48330	0.53476	12.29535	1.03583	1	0.74586	0.55824	13.09553	1.03583	1	-0.00411	-0.00903	0.66925	0.00361	1	0.06183	-0.01365	0.65710	0.00425	1	1.45898	0.81042	0	
1249673	8428.91992	3305088795808	0.51524	0.38951	8428.44434	0.47559	11296	1	0.53190	0.35119	1	0.49078	0.33790	1	0.51134	0.34454	1	0.48323	0.53455	11.93251	1.04491	1	0.74573	0.55897	13.34404	1.04491	1	-0.00418	-0.00934	0.68786	0.00360	1	0.06200	-0.01374	0.65889	0.00392	1	1.45898	0.81042	0	
1249674	8428.92676	3305088858673	0.51536	0.38795	8428.44434	0.48242	11296	1	0.53034	0.32974	1	0.50377	0.31913	1	0.51705	0.32443	1	0.48338	0.53432	12.08223	1.05400	1	0.74600	0.55816	12.87379	1.05400	1	-0.00418	-0.00934	0.68786	0.00362	1	0.06200	-0.01374	0.65889	0.00412	1	1.45898	0.81042	0	
1249675	8428.93359	3305088927128	0.51529	0.38698	8428.44434	0.48926	11296	1	0.51772	0.33103	1	0.50054	0.36382	1	0.50913	0.34742	1	0.48318	0.53449	11.82816	1.06308	1	0.74596	0.55866	12.99523	1.06308	1	-0.00418	-0.00934	0.68786	0.00358	1	0.06200	-0.01374	0.65889	0.00392	1	1.45898	0.81042	0	
1249676	8428.94043	3305088995751	0.51523	0.38622	8428.44434	0.49609	11296	1	0.51860	0.33744	1	0.50006	0.37015	1	0.50933	0.35379	1	0.48319	0.53317	11.72306	1.05507	1	0.74576	0.55889	13.18499	1.05507	1	-0.00394	-0.00904	0.66596	0.00405	1	0.06200	-0.01374	0.65889	0.00405	1	1.45898	0.81042	0	
1249677	8428.94629	3305089057853	0.51501	0.38582	8428.44434	0.50195	11296	1	0.52756	0.29972	1	0.50062	0.40530	1	0.51409	0.35251	1	0.48329	0.53398	11.68829	1.03797	1	0.74600	0.55909	13.10273	1.03797	1	-0.00394	-0.00904	0.66596	0.00388	1	0.06200	-0.01374	0.65889	0.00380	1	1.45898	0.81042	0	
1249678	8428.95312	3305089131063	0.51506	0.38515	8428.44434	0.50879	11296	1	0.53870	0.38218	1	0.51110	0.36763	1	0.52490	0.37490	1	0.48338	0.53464	11.88424	1.02086	1	0.74615	0.55831	12.60273	1.02086	1	-0.00394	-0.00904	0.66596	0.00358	1	0.06200	-0.01374	0.65889	0.00407	1	1.45898	0.81042	0	
1249679	8428.95996	3305089194827	0.51511	0.38424	8428.44434	0.51562	11296	1	0.53870	0.38218	1	0.51110	0.36763	1	0.52490	0.37490	1	0.48331	0.53471	11.80878	1.02086	1	0.74576	0.55926	13.30765	1.02086	1	-0.00412	-0.00945	0.69618	0.00357	1	0.06200	-0.01374	0.65889	0.00385	1	1.45898	0.81042	0	
1249680	8428.96680	3305089263761	0.51438	0.38345	8428.44434	0.52246	11296	1	0.52949	0.31969	1	0.47619	0.46153	1	0.50284	0.39061	1	0.48331	0.53408	11.69078	1.03797	1	0.74561	0.55958	13.25268	1.03797	1	-0.00412	-0.00945	0.69618	0.00387	1	0.06200	-0.01374	0.65889	0.00398	1	1.45898	0.81042	0	
1249681	8428.97363	3305089332154	0.51454	0.38207	8428.44434	0.52930	11296	1	0.53442	0.27801	1	0.50632	0.40295	1	0.52037	0.34048	1	0.48339	0.53378	11.85579	1.05507	1	0.74605	0.55912	12.97902	1.05507	1	-0.00412	-0.00945	0.69618	0.00403	1	0.06200	-0.01374	0.65889	0.00391	1	1.45898	0.81042	0	
1249682	8428.98047	3305089399430	0.51514	0.35452	8428.44434	0.52930	11296	0	0.53365	0.27116	1	0.50685	0.39686	1	0.52025	0.33401	1	0.48339	0.53378	11.85579	1.06308	1	0.74576	0.55916	12.88458	1.06308	1	-0.00399	-0.00932	0.68243	0.00403	1	0.06200	-0.01374	0.65889	0.00395	1	1.45898	0.81042	0	
1249683	8428.98730	3305089466173	0.51357	0.34946	8428.44434	0.52930	11296	0	0.52899	0.28662	1	0.49502	0.40219	1	0.51200	0.34441	1	0.48336	0.53384	11.81885	1.05400	1	0.74590	0.55906	13.05067	1.05400	1	-0.00399	-0.00932	0.68243	0.00415	1	0.06200	-0.01374	0.65889	0.00401	1	1.45898	0.81042	0	
1249684	8428.99414	3305089533098	0.51593	0.35237	8428.44434	0.52930	11296	0	0.54414	0.36596	1	0.49713	0.35040	1	0.52064	0.35818	1	0.48345	0.53497	12.15468	1.04491	1	0.74591	0.55893	13.08056	1.04491	1	-0.00399	-0.00932	0.68243	0.00369	1	0.06200	-0.01374	0.65889	0.00396	1	1.45898	0.81042	0	
1249685	8429.00000	3305089600023	0.51720	0.35485	8428.98047	0.01953	11297	1	0.54496	0.37302	1	0.49705	0.35157	1	0.52100	0.36230	1	0.48381	0.53472	11.57849	1.03583	1	0.74615	0.55933	12.13887	1.04349	1	-0.00399	-0.00932	0.68243	0.00392	1	0.06426	-0.01423	0.68228	0.00398	1	1.45898	0.81042	0	
1249686	8429.00684	3305089666923	0.51916	0.36076	8428.98047	0.02637	11297	1	0.54386	0.39659	1	0.51014	0.37219	1	0.52700	0.38439	1	0.48392	0.53524	11.81705	1.04349	1	0.74611	0.55922	12.24178	1.05115	1	-0.00399	-0.00932	0.68243	0.00367	1	0.06426	-0.01423	0.68228	0.00399	1	1.45898	0.81042	0	
1249687	8429.01367	3305089733829	0.52056	0.35921	8428.98047	0.03320	11297	1	0.54480	0.33212	1	0.51034	0.37076	1	0.52757	0.35144	1	0.48352	0.53455	11.94478	1.05115	1	0.74608	0.55913	12.68235	1.05881	1	-0.00399	-0.00932	0.68243	0.00388	1	0.06426	-0.01423	0.68228	0.00390	1	1.45898	0.81042	0	
1249688	8429.02051	3305089798135	0.52151	0.35766	8428.98047	0.04004	11297	1	0.54412	0.32595	1	0.51034	0.37076	1	0.52723	0.34836	1	0.48356	0.53440	12.19587	1.05881	1	0.74611	0.55921	12.73705	1.05881	1	-0.00399	-0.00932	0.68243	0.00387	1	0.06183	-0.01375	0.65710	0.00390	1	1.45898	0.81042	0	
1249689	8429.02734	3305089868148	0.52201	0.35972	8428.98047	0.04688	11297	1	0.53586	0.37315	1	0.51517	0.37526	1	0.52551	0.37421	1	0.48337	0.53482	12.42501	1.05881	1	0.74622	0.55932	12.09824	1.05115	1	-0.00399	-0.00932	0.68243	0.00393	1	0.06183	-0.01375	0.65710	0.00389	1	1.45898	0.81042	0	
1249690	8429.03418	3305089935456	0.52128	0.36020	8428.98047	0.05371	11297	1	0.53160	0.35273	1	0.49916	0.37524	1	0.51538	0.36399	1	0.48331	0.53449	12.07389	1.05115	1	0.74601	0.55914	12.87093	1.04349	1	-0.00399	-0.00932	0.68243	0.00399	1	0.06183	-0.01375	0.65710	0.00399	1	1.45898	0.81042	0	
1249691	8429.04102	3305090001945	0.52068	0.36046	8428.98047	0.06055	11297	1	0.53145	0.35161	1	0.49925	0.37411	1	0.51535	0.36286	1	0.48332	0.53473	12.13320	1.05257	1	0.74593	0.55945	12.94950	1.04491	1	-0.00415	-0.00956	0.70063	0.00395	1	0.06183	-0.01375	0.65710	0.00395	1	1.45898	0.81042	0	
1249692	8429.04785	3305090068929	0.51941	0.36375	8428.98047	0.06738	11297	1	0.53668	0.37161	1	0.47676	0.42155	1	0.50672	0.39658	1	0.48335	0.53486	12.14082	1.05400	1	0.74567	0.55979	13.36216	1.05400	1	-0.00415	-0.00956	0.70063	0.00392	1	0.06183	-0.01375	0.65710	0.00395	1	1.45898	0.81042	0	
1249693	8429.05371	3305090135826	0.51853	0.36560	8428.98047	0.07324	11297	1	0.53911	0.35592	1	0.47843	0.41613	1	0.50877	0.38602	1	0.48349	0.53501	12.40179	1.06308	1	0.74570	0.55991	13.37837	1.06308	1	-0.00415	-0.00956	0.70063	0.00395	1	0.06183	-0.01375	0.65710	0.00399	1	1.45898	0.81042	0	
1249694	8429.06055	3305090201737	0.51779	0.36764	8428.98047	0.08008	11297	1	0.53985	0.36212	1	0.47811	0.42206	1	0.50898	0.39209	1	0.48346	0.53500	12.39749	1.05507	1	0.74588	0.56003	13.22478	1.05507	1	-0.00405	-0.00910	0.66700	0.00393	1	0.06183	-0.01377	0.65813	0.00397	1	1.45898	0.81042	0	
1249695	8429.06738	3305090269971	0.51850	0.36768	8428.98047	0.08691	11297	1	0.56773	0.30845	1	0.48752	0.42789	1	0.52762	0.36817	1	0.48354	0.53455	12.22625	1.03797	1	0.74578	0.55962	13.10418	1.03797	1	-0.00405	-0.00910	0.66700	0.00401	1	0.06183	-0.01377	0.65813	0.00414	1	1.45898	0.81042	0	
1249696	8429.07422	3305090337396	0.51911	0.36898	8428.98047	0.09375	11297	1	0.56282	0.32489	1	0.49249	0.44937	1	0.52765	0.38713	1	0.48340	0.53466	12.08129	1.02086	1	0.74555	0.55979	13.03290	1.02086	1	-0.00405	-0.00910	0.66700	0.00395	1	0.06183	-0.01377	0.65813	0.00406	1	1.45898	0.81042	0	
1249697	8429.08105	3305090403902	0.51965	0.37056	8428.98047	0.10059	11297	1	0.56351	0.33248	1	0.49199	0.45608	1	0.52775	0.39428	1	0.48344	0.53483	12.00014	1.01178	1	0.74509	0.56004	12.79658	1.01178	1	-0.00411	-0.00914	0.66925	0.00391	1	0.06183	-0.01377	0.65813	0.00402	1	1.45898	0.81042	0	
1249698	8429.08789	3305090470592	0.52018	0.37229	8428.98047	0.10742	11297	1	0.55898	0.38114	1	0.49848	0.41874	1	0.52873	0.39994	1	0.48329	0.53479	11.81040	1.01979	1	0.74524	0.55959	12.63146	1.01979	1	-0.00411	-0.00914	0.66925	0.00398	1	0.06183	-0.01377	0.65813	0.00389	1	1.45898	0.81042	0	
1249699	8429.09473	3305090537693	0.52005	0.37299	8428.98047	0.11426	11297	1	0.55211	0.30408	1	0.48366	0.46582	1	0.51788	0.38495	1	0.48322	0.53440	11.51961	1.02781	1	0.74505	0.56011	12.82044	1.02781	1	-0.00411	-0.00914	0.66925	0.00393	1	0.06183	-0.01377	0.65813	0.00396	1	1.45898	0.81042	0	
1249700	8429.10059	3305090604618	0.51994	0.37314	8428.98047	0.12012	11297	1	0.55143	0.29726	1	0.48438	0.45459	1	0.51791	0.37592	1	0.48309	0.53521	11.62889	1.03583	1	0.74557	0.55951	12.28307	1.04349	1	-0.00411	-0.00914	0.66925	0.00382	1	0.06291	-0.01402	0.67009	0.00389	1	1.45898	0.81042	0	
1249701	8429.10742	3305090668525	0.52002	0.37267	8428.98047	0.12695	11297	1	0.52654	0.33414	1	0.51666	0.39316	1	0.52160	0.36365	1	0.48285	0.53505	11.83172	1.04349	1	0.74544	0.55935	12.16355	1.05115	1	-0.00411	-0.00914	0.66925	0.00382	1	0.06291	-0.01402	0.67009	0.00398	1	1.45898	0.81042	0	
1249702	8429.11426	3305090734768	0.51972	0.37357	8428.98047	0.13379	11297	1	0.53536	0.37041	1	0.49201	0.41265	1	0.51368	0.39153	1	0.48263	0.53528	12.35800	1.05115	1	0.74509	0.55971	12.81026	1.05881	1	-0.00411	-0.00914	0.66925	0.00377	1	0.06291	-0.01402	0.67009	0.00395	1	1.45898	0.81042	0	
1249703	8429.12109	3305090801979	0.51944	0.37412	8428.98047	0.14062	11297	1	0.53462	0.36452	1	0.49241	0.40693	1	0.51351	0.38573	1	0.48267	0.53528	12.42875	1.05881	1	0.74483	0.55974	13.11656	1.06646	1	-0.00428	-0.00928	0.68009	0.00372	1	0.06393	-0.01427	0.68212	0.00400	1	1.45898	0.81042	0	
1249704	8429.12793	3305090870331	0.51968	0.37396	8428.98047	0.14746	11297	1	0.56767	0.33594	1	0.48232	0.40486	1	0.52499	0.37040	1	0.48272	0.53529	12.35551	1.06646	1	0.74491	0.55975	12.91778	1.06646	1	-0.00428	-0.00928	0.68009	0.00374	1	0.06393	-0.01427	0.68212	0.00402	1	1.45898	0.81042	0	
1249705	8429.13379	3305090937419	0.52059	0.37358	8428.98047	0.15332	11297	1	0.56969	0.32986	1	0.51341	0.39977	1	0.54155	0.36481	1	0.48276	0.53520	12.30418	1.06646	1	0.74501	0.55963	13.08470	1.06646	1	-0.00428	-0.00928	0.68009	0.00375	1	0.06393	-0.01427	0.68212	0.00417	1	1.45898	0.81042	0	
1249706	8429.14062	3305091006261	0.52142	0.37334	8428.98047	0.16016	11297	1	0.56969	0.32986	1	0.51286	0.40555	1	0.54127	0.36771	1	0.48267	0.53532	11.93667	1.06646	1	0.74430	0.55997	13.39187	1.05881	1	-0.00439	-0.00929	0.68045	0.00392	1	0.06187	-0.01377	0.66060	0.00396	1	1.45898	0.81042	0	
1249707	8429.14746	3305091072552	0.52138	0.37301	8428.98047	0.16699	11297	1	0.54530	0.29884	1	0.49527	0.43056	1	0.52029	0.36470	1	0.48239	0.53490	11.47844	1.05881	1	0.74433	0.55940	12.57707	1.05115	1	-0.00439	-0.00929	0.68045	0.00395	1	0.06187	-0.01377	0.66060	0.00397	1	1.45898	0.81042	0	
1249708	8429.15430	3305091140618	0.52145	0.37289	8428.98047	0.17383	11297	1	0.54261	0.30334	1	0.50395	0.43624	1	0.52328	0.36979	1	0.48238	0.53472	11.51193	1.05115	1	0.74440	0.55937	12.68507	1.04349	1	-0.00439	-0.00929	0.68045	0.00398	1	0.06187	-0.01377	0.66060	0.00390	1	1.45898	0.81042	0	
1249709	8429.16113	3305091207448	0.52152	0.37299	8428.98047	0.18066	11297	1	0.54331	0.30972	1	0.50345	0.44187	1	0.52338	0.37580	1	0.48256	0.53553	12.05644	1.04349	1	0.74443	0.55927	12.77617	1.03583	1	-0.00439	-0.00929	0.68045	0.00379	1	0.06153	-0.01372	0.65808	0.00389	1	1.45898	0.81042	0	
1249710	8429.16797	3305091271977	0.52152	0.37450	8428.98047	0.18750	11297	1	0.55658	0.36299	1	0.48655	0.47053	1	0.52157	0.41676	1	0.48208	0.53514	12.30728	1.03583	1	0.74423	0.55958	13.01070	1.03583	1	-0.00439	-0.00929	0.68045	0.00383	1	0.06153	-0.01372	0.65808	0.00398	1	1.45898	0.81042	0	
1249711	8429.17480	3305091341661	0.52172	0.37605	8428.98047	0.19434	11297	1	0.57287	0.38483	1	0.48216	0.45698	1	0.52752	0.42090	1	0.48202	0.53504	12.41859	1.03583	1	0.74420	0.55954	13.23619	1.03583	1	-0.00439	-0.00929	0.68045	0.00394	1	0.06153	-0.01372	0.65808	0.00393	1	1.45898	0.81042	0	
1249712	8429.18164	3305091408628	0.52190	0.37750	8428.98047	0.20117	11297	1	0.57287	0.38483	1	0.48216	0.45698	1	0.52752	0.42090	1	0.48190	0.53469	11.83359	1.03583	1	0.74429	0.55928	12.32789	1.03583	1	-0.00459	-0.00929	0.68083	0.00395	1	0.06154	-0.01374	0.65922	0.00422	1	1.45898	0.81042	0	
1249713	8429.18848	3305091475457	0.52154	0.37706	8428.98047	0.20801	11297	1	0.53342	0.30739	1	0.48722	0.41942	1	0.51032	0.36340	1	0.48143	0.53454	11.30201	1.03583	1	0.74388	0.55907	12.51075	1.03583	1	-0.00459	-0.00929	0.68083	0.00404	1	0.06154	-0.01374	0.65922	0.00412	1	1.45898	0.81042	0	
1249714	8429.19434	3305091540390	0.52194	0.37608	8428.98047	0.21387	11297	1	0.54792	0.33426	1	0.52125	0.35567	1	0.53459	0.34496	1	0.48157	0.53442	11.54286	1.03583	1	0.74393	0.55853	12.46831	1.03583	1	-0.00459	-0.00929	0.68083	0.00375	1	0.06154	-0.01374	0.65922	0.00383	1	1.45898	0.81042	0	
1249715	8429.20117	3305091608111	0.52232	0.37508	8428.98047	0.22070	11297	1	0.54792	0.33426	1	0.52187	0.34938	1	0.53490	0.34182	1	0.48148	0.53500	11.43809	1.03583	1	0.74384	0.55899	12.27476	1.04349	1	-0.00459	-0.00929	0.68083	0.00379	1	0.06295	-0.01407	0.67483	0.00405	1	1.45898	0.81042	0	
1249716	8429.20801	3305091676913	0.52289	0.37442	8428.98047	0.22754	11297	1	0.56558	0.33723	1	0.51874	0.36700	1	0.54216	0.35212	1	0.48150	0.53501	11.63788	1.04349	1	0.74396	0.55851	12.07763	1.05115	1	-0.00459	-0.00929	0.68083	0.00380	1	0.06295	-0.01407	0.67483	0.00413	1	1.45898	0.81042	0	
1249717	8429.21484	3305091744086	0.52334	0.37544	8428.98047	0.23438	11297	1	0.56950	0.40454	1	0.50871	0.41795	1	0.53911	0.41125	1	0.48156	0.53541	11.53298	1.05115	1	0.74383	0.55921	12.59161	1.05881	1	-0.00459	-0.00929	0.68083	0.00379	1	0.06295	-0.01407	0.67483	0.00379	1	1.45898	0.81042	0	
1249718	8429.22168	3305091810209	0.52376	0.37626	8428.98047	0.24121	11297	1	0.56898	0.39891	1	0.50923	0.41226	1	0.53910	0.40559	1	0.48122	0.53460	11.92235	1.05881	1	0.74342	0.55905	13.19337	1.06646	1	-0.00483	-0.00936	0.68560	0.00412	1	0.06349	-0.01421	0.68173	0.00391	1	1.45898	0.81042	0	
1249719	8429.22852	3305091877377	0.52374	0.37525	8428.98047	0.24805	11297	1	0.56327	0.30587	1	0.48245	0.37037	1	0.52286	0.33812	1	0.48111	0.53472	12.05098	1.06646	1	0.74341	0.55897	13.17065	1.06646	1	-0.00483	-0.00936	0.68560	0.00401	1	0.06349	-0.01421	0.68173	0.00405	1	1.45898	0.81042	0	
1249720	8429.23535	3305091944158	0.52407	0.37528	8428.98047	0.25488	11297	1	0.55200	0.33891	1	0.52141	0.41388	1	0.53670	0.37640	1	0.48099	0.53524	12.11604	1.06646	1	0.74319	0.55930	13.66991	1.06646	1	-0.00483	-0.00936	0.68560	0.00383	1	0.06349	-0.01421	0.68173	0.00392	1	1.45898	0.81042	0	
1249721	8429.24121	3305092009978	0.52439	0.37531	8428.98047	0.26074	11297	1	0.55200	0.33891	1	0.52141	0.41388	1	0.53670	0.37640	1	0.48073	0.53525	11.39288	1.06646	1	0.74322	0.55848	12.30755	1.06646	1	-0.00483	-0.00936	0.68560	0.00386	1	0.06297	-0.01412	0.67728	0.00395	1	1.45898	0.81042	0	
1249722	8429.24805	3305092078042	0.52446	0.37519	8428.98047	0.26758	11297	1	0.54115	0.37439	1	0.51352	0.36631	1	0.52734	0.37035	1	0.48073	0.53542	12.09605	1.06646	1	0.74305	0.55885	12.74413	1.06646	1	-0.00483	-0.00936	0.68560	0.00369	1	0.06297	-0.01412	0.67728	0.00389	1	1.45898	0.81042	0	
1249723	8429.25488	3305092144913	0.52507	0.37476	8428.98047	0.27441	11297	1	0.58644	0.34784	1	0.51352	0.36631	1	0.54998	0.35707	1	0.48063	0.53533	11.55534	1.06646	1	0.74305	0.55885	12.74413	1.06646	1	-0.00483	-0.00936	0.68560	0.00372	1	0.06297	-0.01412	0.67728	0.00389	1	1.45898	0.81042	0	
1249724	8429.26172	3305092212744	0.52565	0.37435	8428.98047	0.28125	11297	1	0.58644	0.34784	1	0.51352	0.36631	1	0.54998	0.35707	1	0.48037	0.53544	12.47720	1.06646	1	0.74277	0.55890	12.75183	1.06646	1	-0.00498	-0.00926	0.67813	0.00368	1	0.06378	-0.01427	0.68706	0.00392	1	1.45898	0.81042	0	
1249725	8429.26855	3305092279100	0.52580	0.37403	8428.98047	0.28809	11297	1	0.56844	0.35092	1	0.49599	0.36976	1	0.53222	0.36034	1	0.48039	0.53524	12.19241	1.06646	1	0.74276	0.55887	12.72448	1.06646	1	-0.00498	-0.00926	0.67813	0.00393	1	0.06378	-0.01427	0.68706	0.00407	1	1.45898	0.81042	0	
1249726	8429.27539	3305092345892	0.52604	0.37299	8428.98047	0.29492	11297	1	0.56024	0.32790	1	0.51300	0.32683	1	0.53662	0.32736	1	0.48027	0.53514	11.96530	1.06646	1	0.74268	0.55832	12.63554	1.06646	1	-0.00498	-0.00926	0.67813	0.00390	1	0.06378	-0.01427	0.68706	0.00429	1	1.45898	0.81042	0	
1249727	8429.28125	3305092411847	0.52626	0.37207	8428.98047	0.30078	11297	1	0.56024	0.32790	1	0.51245	0.33313	1	0.53635	0.33052	1	0.47979	0.53531	11.46745	1.06646	1	0.74244	0.55848	12.30755	1.05881	1	-0.00498	-0.00926	0.67813	0.00382	1	0.06150	-0.01378	0.66309	0.00395	1	1.45898	0.81042	0	
1249728	8429.28809	3305092479084	0.52636	0.37217	8428.98047	0.30762	11297	1	0.54427	0.39590	1	0.51774	0.35729	1	0.53100	0.37659	1	0.48000	0.53567	12.16667	1.05881	1	0.74236	0.55857	12.33620	1.05115	1	-0.00498	-0.00926	0.67813	0.00371	1	0.06150	-0.01378	0.66309	0.00405	1	1.45898	0.81042	0	
1249729	8429.29492	3305092547310	0.52660	0.37160	8428.98047	0.31445	11297	1	0.55758	0.31974	1	0.51847	0.37041	1	0.53802	0.34507	1	0.47986	0.53502	11.10108	1.05115	1	0.74240	0.55868	12.36719	1.04349	1	-0.00498	-0.00926	0.67813	0.00379	1	0.06150	-0.01378	0.66309	0.00400	1	1.45898	0.81042	0	
1249730	8429.30176	3305092615030	0.52709	0.37147	8428.98047	0.32129	11297	1	0.55818	0.32599	1	0.51847	0.37041	1	0.53832	0.34820	1	0.47957	0.53561	12.28756	1.04349	1	0.74181	0.55828	12.98893	1.04349	1	-0.00528	-0.00942	0.68986	0.00365	1	0.06288	-0.01402	0.67958	0.00423	1	1.45898	0.81042	0	
1249731	8429.30859	3305092681253	0.52741	0.37243	8428.98047	0.32812	11297	1	0.57210	0.39833	1	0.48324	0.38301	1	0.52767	0.39067	1	0.47956	0.53576	11.95275	1.04349	1	0.74178	0.55840	12.77133	1.05115	1	-0.00528	-0.00942	0.68986	0.00370	1	0.06288	-0.01402	0.67958	0.00430	1	1.45898	0.81042	0	
1249732	8429.31543	3305092747556	0.52763	0.37267	8428.98047	0.33496	11297	1	0.54995	0.34187	1	0.51250	0.39709	1	0.53123	0.36948	1	0.47940	0.53557	11.59697	1.05115	1	0.74146	0.55845	12.10030	1.05881	1	-0.00528	-0.00942	0.68986	0.00371	1	0.06288	-0.01402	0.67958	0.00434	1	1.45898	0.81042	0	
1249733	8429.32129	3305092812287	0.52785	0.37269	8428.98047	0.34082	11297	1	0.54930	0.33577	1	0.51305	0.39124	1	0.53118	0.36351	1	0.47908	0.53558	11.12285	1.05881	1	0.74153	0.55866	11.97435	1.06646	1	-0.00515	-0.00924	0.67320	0.00374	1	0.06256	-0.01397	0.67721	0.00387	1	1.45898	0.81042	0	
1249734	8429.32812	3305092879345	0.52823	0.37241	8428.98047	0.34766	11297	1	0.58399	0.35036	1	0.50681	0.39114	1	0.54540	0.37075	1	0.47943	0.53544	11.84637	1.06646	1	0.74135	0.55862	12.42347	1.06646	1	-0.00515	-0.00924	0.67320	0.00368	1	0.06256	-0.01397	0.67721	0.00384	1	1.45898	0.81042	0	
1249735	8429.33496	3305092945950	0.52813	0.37316	8428.98047	0.35449	11297	1	0.53725	0.37730	1	0.50848	0.39745	1	0.52286	0.38737	1	0.47867	0.53532	11.96048	1.06646	1	0.74143	0.55861	12.44062	1.06646	1	-0.00515	-0.00924	0.67320	0.00377	1	0.06256	-0.01397	0.67721	0.00384	1	1.45898	0.81042	0	
1249736	8429.34180	3305093011256	0.52804	0.37397	8428.98047	0.36133	11297	1	0.53725	0.37730	1	0.50848	0.39745	1	0.52286	0.38737	1	0.47873	0.53568	12.38766	1.06646	1	0.74093	0.55886	13.01569	1.06646	1	-0.00546	-0.00944	0.68757	0.00364	1	0.06294	-0.01408	0.68245	0.00392	1	1.45898	0.81042	0	
1249737	8429.34863	3305093079625	0.52796	0.37456	8428.98047	0.36816	11297	1	0.56061	0.36597	1	0.48241	0.43905	1	0.52151	0.40251	1	0.47876	0.53585	12.61473	1.06646	1	0.74104	0.55906	13.11156	1.06646	1	-0.00546	-0.00944	0.68757	0.00359	1	0.06294	-0.01408	0.68245	0.00394	1	1.45898	0.81042	0	
1249738	8429.35547	3305093148589	0.52830	0.37530	8428.98047	0.37500	11297	1	0.56607	0.35510	1	0.49786	0.44415	1	0.53196	0.39963	1	0.47877	0.53576	12.50440	1.06646	1	0.74089	0.55908	13.16851	1.06646	1	-0.00546	-0.00944	0.68757	0.00363	1	0.06294	-0.01408	0.68245	0.00394	1	1.45898	0.81042	0	
1249739	8429.36230	3305093213741	0.52865	0.37607	8428.98047	0.38184	11297	1	0.56607	0.35510	1	0.49786	0.44415	1	0.53196	0.39963	1	0.47806	0.53561	11.51289	1.06646	1	0.74038	0.55879	12.86814	1.06646	1	-0.00542	-0.00941	0.68174	0.00369	1	0.06301	-0.01411	0.68432	0.00400	1	1.45898	0.81042	0	
1249740	8429.36816	3305093280507	0.52921	0.37456	8428.98047	0.38770	11297	1	0.56214	0.28361	1	0.50490	0.36419	1	0.53352	0.32390	1	0.47839	0.53510	11.22729	1.06646	1	0.74061	0.55824	12.39848	1.06646	1	-0.00542	-0.00941	0.68174	0.00369	1	0.06301	-0.01411	0.68432	0.00394	1	1.45898	0.81042	0	
1249741	8429.37500	3305093347154	0.52923	0.37534	8428.98047	0.39453	11297	1	0.56214	0.28361	0	0.50999	0.42391	1	0.50999	0.42391	1	0.47839	0.53510	11.22729	1.06646	0	0.74066	0.55837	12.38932	1.06646	1	-0.00542	-0.00941	0.68174	0.00369	1	0.06301	-0.01411	0.68432	0.00388	1	1.45898	0.81042	0	
1249742	8429.38184	3305093418057	0.52923	0.37534	8428.98047	0.40137	11297	1	0.56214	0.28361	0	0.50999	0.42391	0	0.50999	0.42391	0	0.47839	0.53510	11.22729	1.06646	0	0.74066	0.55837	12.38932	1.06646	0	-0.00542	-0.00941	0.68174	0.00369	1	0.06301	-0.01411	0.68432	0.00388	1	1.45898	0.81042	0	
1249743	8429.38867	3305093484914	0.52923	0.37534	8428.98047	0.40820	11297	1	0.56214	0.28361	0	0.50999	0.42391	0	0.50999	0.42391	0	0.47839	0.53510	11.22729	1.06646	0	0.74066	0.55837	12.38932	1.06646	0	-0.00542	-0.00941	0.68174	0.00369	1	0.06301	-0.01411	0.68432	0.00388	1	1.45898	0.81042	0	
1249744	8429.39551	3305093551773	0.52923	0.37534	8428.98047	0.41504	11297	1	0.56214	0.28361	0	0.50999	0.42391	0	0.50999	0.42391	0	0.47839	0.53510	11.22729	1.06646	0	0.74066	0.55837	12.38932	1.06646	0	-0.00542	-0.00941	0.68174	0.00369	1	0.06301	-0.01411	0.68432	0.00388	1	1.45898	0.81042	0	
1249745	8429.40234	3305093619242	0.52904	0.38058	8428.98047	0.41504	11297	0	0.56214	0.28361	0	0.50999	0.42391	0	0.50999	0.42391	0	0.47839	0.53510	11.22729	1.06646	0	0.74066	0.55837	12.38932	1.06646	0	-0.00542	-0.00941	0.68174	0.00369	1	0.06301	-0.01411	0.68432	0.00388	1	1.45898	0.81042	0	
1249746	8429.40918	3305093686472	0.52904	0.38058	8428.98047	0.41504	11297	0	0.56214	0.28361	0	0.50999	0.42391	0	0.50999	0.42391	0	0.47839	0.53510	11.22729	1.06646	0	0.74066	0.55837	12.38932	1.06646	0	-0.00542	-0.00941	0.68174	0.00369	1	0.06301	-0.01411	0.68432	0.00388	1	1.45898	0.81042	0	
1249747	8429.41602	3305093752511	0.52904	0.38058	8428.98047	0.41504	11297	0	0.56214	0.28361	0	0.50999	0.42391	0	0.50999	0.42391	0	0.47839	0.53510	11.22729	1.06646	0	0.74066	0.55837	12.38932	1.06646	0	-0.00542	-0.00941	0.68174	0.00369	1	0.06301	-0.01411	0.68432	0.00388	1	1.45898	0.81042	0	
1249748	8429.42285	3305093819834	0.50946	0.42951	8428.98047	0.41504	11297	0	0.56214	0.28361	0	0.50946	0.42951	1	0.50946	0.42951	1	0.47839	0.53510	11.22729	1.06646	0	0.73990	0.55761	12.43359	1.05881	1	-0.00542	-0.00941	0.68174	0.00369	1	0.05999	-0.01342	0.65312	0.00424	1	1.45898	0.81042	0	
1249749	8429.42871	3305093886760	0.51001	0.41851	8428.98047	0.41504	11297	0	0.56214	0.28361	0	0.51056	0.40751	1	0.51056	0.40751	1	0.47839	0.53510	11.22729	1.05881	0	0.73994	0.55812	12.14335	1.05115	1	-0.00542	-0.00941	0.68174	0.00369	1	0.05999	-0.01342	0.65312	0.00412	1	1.45898	0.81042	0	
1249750	8429.43555	3305093953547	0.51001	0.41851	8428.98047	0.41504	11297	0	0.56214	0.28361	0	0.51056	0.40751	0	0.51056	0.40751	0	0.47839	0.53510	11.22729	1.05115	0	0.73994	0.55812	12.14335	1.04349	0	-0.00542	-0.00941	0.68174	0.00369	1	0.05999	-0.01342	0.65312	0.00412	1	1.45898	0.81042	0	
1249751	8429.44238	3305094021120	0.51001	0.41851	8429.42285	0.01953	11298	1	0.56214	0.28361	0	0.51056	0.40751	0	0.51056	0.40751	0	0.47839	0.53510	11.22729	1.04349	0	0.73994	0.55812	12.14335	1.03583	0	-0.00542	-0.00941	0.68174	0.00369	1	0.05999	-0.01342	0.65312	0.00412	1	1.45898	0.81042	0	
1249752	8429.44922	3305094087678	0.51001	0.41851	8429.42285	0.02637	11298	1	0.56214	0.28361	0	0.51056	0.40751	0	0.51056	0.40751	0	0.47839	0.53510	11.22729	1.03583	0	0.73994	0.55812	12.14335	1.03583	0	-0.00542	-0.00941	0.68174	0.00369	1	0.05999	-0.01342	0.65312	0.00412	1	1.45898	0.81042	0	
1249753	8429.45605	3305094154434	0.51056	0.40751	8429.42285	0.02637	11298	0	0.56214	0.28361	0	0.51056	0.40751	0	0.51056	0.40751	0	0.47839	0.53510	11.22729	1.03583	0	0.73994	0.55812	12.14335	1.03583	0	-0.00542	-0.00941	0.68174	0.00369	1	0.05999	-0.01342	0.65312	0.00412	1	1.45898	0.81042	0	
1249754	8429.46289	3305094221556	0.51056	0.40751	8429.42285	0.02637	11298	0	0.56214	0.28361	0	0.51056	0.40751	0	0.51056	0.40751	0	0.47839	0.53510	11.22729	1.03583	0	0.73994	0.55812	12.14335	1.03583	0	-0.00542	-0.00941	0.68174	0.00369	1	0.05999	-0.01342	0.65312	0.00412	1	1.45898	0.81042	0	
1249755	8429.46973	3305094288054	0.51056	0.40751	8429.42285	0.02637	11298	0	0.56214	0.28361	0	0.51056	0.40751	0	0.51056	0.40751	0	0.47839	0.53510	11.22729	1.03583	0	0.73994	0.55812	12.14335	1.03583	0	-0.00542	-0.00941	0.68174	0.00369	1	0.05999	-0.01342	0.65312	0.00412	1	1.45898	0.81042	0	
1249756	8429.47656	3305094361112	0.00000	0.00000	8429.42285	0.02637	11298	0	0.56214	0.28361	0	0.51056	0.40751	0	0.51056	0.40751	0	0.47839	0.53510	11.22729	1.03583	0	0.73994	0.55812	12.14335	1.03583	0	-0.00542	-0.00941	0.68174	0.00369	1	0.05999	-0.01342	0.65312	0.00412	1	1.45898	0.81042	0	
1249757	8429.48242	3305094422352	0.00000	0.00000	8429.42285	0.02637	11298	0	0.56214	0.28361	0	0.51056	0.40751	0	0.51056	0.40751	0	0.47839	0.53510	11.22729	1.03583	0	0.73994	0.55812	12.14335	1.03583	0	-0.00542	-0.00941	0.68174	0.00369	1	0.05999	-0.01342	0.65312	0.00412	1	1.45898	0.81042	0	
1249758	8429.48926	3305094488785	0.00000	0.00000	8429.42285	0.02637	11298	0	0.56214	0.28361	0	0.51056	0.40751	0	0.51056	0.40751	0	0.47839	0.53510	11.22729	1.03583	0	0.73994	0.55812	12.14335	1.03583	0	-0.00542	-0.00941	0.68174	0.00369	1	0.05999	-0.01342	0.65312	0.00412	1	1.45898	0.81042	0	
1249759	8429.49609	3305094556567	0.42719	0.51967	8429.42285	0.02637	11298	0	0.56214	0.28361	0	0.42719	0.51967	1	0.42719	0.51967	1	0.47960	0.54115	11.36545	1.03583	0	0.47960	0.54115	11.36545	1.03583	1	-0.00542	-0.00941	0.68174	0.00369	1	0.05999	-0.01342	0.65312	0.00330	1	1.45898	0.81042	0	
1249760	8429.50293	3305094623912	0.42719	0.51967	8429.42285	0.02637	11298	0	0.56214	0.28361	0	0.42719	0.51967	1	0.42719	0.51967	1	0.47960	0.54115	11.36545	1.03583	0	0.48030	0.54243	11.34587	1.03583	1	-0.00542	-0.00941	0.68174	0.00369	1	-0.00497	-0.00990	0.65686	0.00296	1	1.45898	0.81042	0	
1249761	8429.50977	3305094691271	0.44190	0.54198	8429.42285	0.02637	11298	0	0.56214	0.28361	0	0.47132	0.58662	1	0.47132	0.58662	1	0.47960	0.54115	11.36545	1.03583	0	0.48029	0.54242	11.31275	1.03583	1	-0.00542	-0.00941	0.68174	0.00369	1	-0.00497	-0.00990	0.65686	0.00296	1	1.45898	0.81042	0	
1249762	8429.51660	3305094757515	0.45000	0.54558	8429.49609	0.02051	11299	1	0.56214	0.28361	0	0.47431	0.55638	1	0.47431	0.55638	1	0.47960	0.54115	11.36545	1.03583	0	0.48043	0.54218	11.50825	1.03583	1	-0.00542	-0.00941	0.68174	0.00369	1	-0.00497	-0.00990	0.65686	0.00312	1	1.45898	0.81042	0	
1249763	8429.52344	3305094824719	0.45486	0.54774	8429.49609	0.02734	11299	1	0.56214	0.28361	0	0.47431	0.55638	1	0.47431	0.55638	1	0.47960	0.54115	11.36545	1.03583	0	0.48026	0.54236	11.84994	1.03583	1	-0.00542	-0.00941	0.68174	0.00369	1	-0.00504	-0.01008	0.66565	0.00305	1	1.45898	0.81042	0	AUDIO_FILE_OFFSET
1249764	8429.52930	3305094887820	0.45638	0.55029	8429.49609	0.03320	11299	1	0.56214	0.28361	0	0.46395	0.56304	1	0.46395	0.56304	1	0.47960	0.54115	11.36545	1.03583	0	0.48021	0.54218	11.36761	1.03583	1	-0.00542	-0.00941	0.68174	0.00369	1	-0.00504	-0.01008	0.66565	0.00310	1	1.45898	0.81042	0	
1249765	8429.53613	3305094958420	0.45832	0.55062	8429.49609	0.04004	11299	1	0.56214	0.28361	0	0.46996	0.55261	1	0.46996	0.55261	1	0.47960	0.54115	11.36545	1.03583	0	0.48036	0.54201	11.03416	1.03583	1	-0.00542	-0.00941	0.68174	0.00369	1	-0.00504	-0.01008	0.66565	0.00317	1	1.45898	0.81042	0	
1249766	8429.54297	3305095025708	0.46570	0.53640	8429.49609	0.04688	11299	1	0.56500	0.31602	1	0.46970	0.55763	1	0.51735	0.43682	1	0.48034	0.54222	11.43306	1.02781	1	0.74190	0.56501	12.59889	1.02781	1	-0.00504	-0.01008	0.66565	0.00312	1	0.06191	-0.01464	0.67069	0.00329	1	1.45898	0.81042	0	
1249767	8429.54980	3305095092262	0.47846	0.55055	8429.49609	0.05371	11299	1	0.62664	0.58507	1	0.53452	0.74250	1	0.58058	0.66379	1	0.48036	0.54219	11.43690	1.01979	1	0.74200	0.56544	12.86535	1.01979	1	-0.00504	-0.01008	0.66565	0.00317	1	0.06191	-0.01464	0.67069	0.00322	1	1.45898	0.81042	0	
1249768	8429.55664	3305095156875	0.48871	0.56085	8429.49609	0.06055	11299	1	0.63061	0.59187	1	0.53137	0.71523	1	0.58099	0.65355	1	0.48036	0.54219	11.43690	1.01178	1	0.74203	0.56529	12.51434	1.01178	1	-0.00504	-0.01008	0.66565	0.00317	1	0.06191	-0.01464	0.67069	0.00330	1	1.45898	0.81042	0	
1250069	8431.57227	3305115322016	0.42276	0.64655	8431.47168	0.10059	11308	1	0.44640	0.69417	1	0.40384	0.63784	1	0.42512	0.66600	1	0.47437	0.54485	10.38945	1.07217	1	0.73690	0.56683	12.05562	1.07983	1	-0.00619	-0.01095	0.70540	0.00301	1	0.06221	-0.01523	0.68121	0.00305	1	1.45898	0.81042	0	START_TRIAL
1250070	8431.57910	3305115388623	0.42315	0.64885	8431.47168	0.10742	11308	1	0.44077	0.75012	1	0.41793	0.62117	1	0.42935	0.68564	1	0.47426	0.54513	10.21502	1.07983	1	0.73690	0.56657	10.90568	1.08749	1	-0.00619	-0.01095	0.70540	0.00302	1	0.06221	-0.01523	0.68121	0.00318	1	1.45898	0.81042	0	
1250071	8431.58594	3305115454826	0.42334	0.65032	8431.47168	0.11426	11308	1	0.44601	0.68581	1	0.40694	0.66482	1	0.42648	0.67532	1	0.47441	0.54455	10.30830	1.08749	1	0.73690	0.56670	11.13555	1.09515	1	-0.00619	-0.01095	0.70540	0.00308	1	0.06221	-0.01523	0.68121	0.00307	1	1.45898	0.81042	0	
1250072	8431.59277	3305115520269	0.42346	0.65145	8431.47168	0.12109	11308	1	0.44470	0.68232	1	0.40675	0.66109	1	0.42573	0.67171	1	0.47426	0.54452	10.16096	1.09515	1	0.73695	0.56663	11.01679	1.10281	1	-0.00615	-0.01084	0.70131	0.00317	1	0.06221	-0.01523	0.68121	0.00308	1	1.45898	0.81042	0	
1250073	8431.59961	3305115587432	0.42323	0.65361	8431.47168	0.12793	11308	1	0.43716	0.72242	1	0.40048	0.66724	1	0.41882	0.69483	1	0.47419	0.54504	10.93214	1.10281	1	0.73705	0.56667	11.50264	1.10281	1	-0.00615	-0.01084	0.70131	0.00300	1	0.06221	-0.01523	0.68121	0.00318	1	1.45898	0.81042	0	
1250074	8431.60645	3305115656762	0.42357	0.65370	8431.47168	0.13477	11308	1	0.43568	0.66650	1	0.42515	0.64448	1	0.43042	0.65549	1	0.47427	0.54446	10.25070	1.10281	1	0.73711	0.56684	11.68357	1.10281	1	-0.00615	-0.01084	0.70131	0.00315	1	0.06221	-0.01523	0.68121	0.00312	1	1.45898	0.81042	0	
1250075	8431.61328	3305115724394	0.42388	0.65379	8431.47168	0.14160	11308	1	0.43568	0.66650	1	0.42515	0.64448	1	0.43042	0.65549	1	0.47457	0.54466	10.69890	1.10281	1	0.73716	0.56668	11.20363	1.10281	1	-0.00615	-0.01084	0.70131	0.00312	1	0.06221	-0.01523	0.68121	0.00312	1	1.45898	0.81042	0	
1250076	8431.61914	3305115789536	0.42300	0.65341	8431.47168	0.14746	11308	1	0.43011	0.68770	1	0.37691	0.60264	1	0.40351	0.64517	1	0.47422	0.54444	10.39710	1.10281	1	0.73706	0.56649	11.24842	1.10281	1	-0.00615	-0.01084	0.70131	0.00289	1	0.06221	-0.01523	0.68121	0.00314	1	1.45898	0.81042	0	
1250077	8431.62598	3305115856534	0.42227	0.65439	8431.47168	0.15430	11308	1	0.43798	0.69160	1	0.37295	0.66239	1	0.40547	0.67700	1	0.47424	0.54449	10.65289	1.10281	1	0.73716	0.56668	11.20363	1.10281	1	-0.00615	-0.01084	0.70131	0.00287	1	0.06221	-0.01523	0.68121	0.00312	1	1.45898	0.81042	0	
1250078	8431.63281	3305115923960	0.42160	0.65530	8431.47168	0.16113	11308	1	0.43798	0.69160	1	0.37295	0.66239	1	0.40547	0.67700	1	0.47414	0.54434	10.57966	1.10281	1	0.73730	0.56660	11.39087	1.10281	1	-0.00615	-0.01084	0.70131	0.00295	1	0.06190	-0.01510	0.67777	0.00314	1	1.45898	0.81042	0	
1250079	8431.63965	3305115991274	0.42089	0.65518	8431.47168	0.16797	11308	1	0.42883	0.69097	1	0.37755	0.61335	1	0.40319	0.65216	1	0.47416	0.54460	10.40361	1.10281	1	0.73705	0.56616	11.23981	1.10281	1	-0.00615	-0.01084	0.70131	0.00288	1	0.06190	-0.01510	0.67777	0.00306	1	1.45898	0.81042	0	
1250080	8431.64648	3305116057794	0.41988	0.65678	8431.47168	0.17480	11308	1	0.42527	0.70435	1	0.36193	0.69234	1	0.39360	0.69835	1	0.47452	0.54434	10.99367	1.10281	1	0.73689	0.56657	11.78841	1.10281	1	-0.00615	-0.01084	0.70131	0.00289	1	0.06190	-0.01510	0.67777	0.00287	1	1.45898	0.81042	0	
1250081	8431.65332	3305116124466	0.41894	0.65826	8431.47168	0.18164	11308	1	0.42527	0.70435	1	0.36193	0.69234	1	0.39360	0.69835	1	0.47562	0.54271	10.36809	1.10281	1	0.73828	0.56515	10.94396	1.10281	1	-0.00593	-0.01060	0.69947	0.00324	1	0.06261	-0.01496	0.68326	0.00348	1	1.45898	0.81042	0	
1250082	8431.66016	3305116192326	0.42070	0.65636	8431.47168	0.18848	11308	1	0.50160	0.62682	1	0.43855	0.57945	1	0.47008	0.60314	1	0.47681	0.54211	11.88350	1.10281	1	0.73877	0.56432	11.72192	1.10281	1	-0.00593	-0.01060	0.69947	0.00301	1	0.06261	-0.01496	0.68326	0.00318	1	1.45898	0.81042	0	
1250083	8431.66602	3305116258726	0.41994	0.65471	8431.47168	0.19434	11308	1	0.41270	0.59143	1	0.38284	0.62212	1	0.39777	0.60677	1	0.47623	0.54120	10.97924	1.10281	1	0.73875	0.56385	12.26809	1.10281	1	-0.00593	-0.01060	0.69947	0.00286	1	0.06261	-0.01496	0.68326	0.00290	1	1.45898	0.81042	0	
1250084	8431.67285	3305116325983	0.41926	0.65332	8431.47168	0.20117	11308	1	0.41446	0.59631	1	0.38326	0.62685	1	0.39886	0.61158	1	0.47800	0.53599	10.39474	1.09372	1	0.74050	0.56087	11.15699	1.09372	1	-0.00536	-0.00966	0.67428	0.00221	1	0.06301	-0.01458	0.68432	0.00403	1	1.45898	0.81042	0	
1250085	8431.67969	3305116393195	0.42191	0.64660	8431.47168	0.20801	11308	1	0.51744	0.40957	1	0.49073	0.46696	1	0.50408	0.43826	1	0.47831	0.53778	10.79586	1.08464	1	0.74044	0.56099	11.41908	1.08464	1	-0.00536	-0.00966	0.67428	0.00349	1	0.06301	-0.01458	0.68432	0.00357	1	1.45898	0.81042	0	
1250086	8431.68652	3305116460093	0.42437	0.64150	8431.47168	0.21484	11308	1	0.53538	0.49182	1	0.47078	0.46525	1	0.50308	0.47853	1	0.47858	0.53789	11.23756	1.07555	1	0.74050	0.56076	11.51980	1.07555	1	-0.00536	-0.00966	0.67428	0.00339	1	0.06301	-0.01458	0.68432	0.00372	1	1.45898	0.81042	0	
1250087	8431.69336	3305116526721	0.43186	0.60635	8431.47168	0.21484	11308	0	0.53701	0.50274	1	0.47023	0.47695	1	0.50362	0.48985	1	0.47881	0.53734	11.09570	1.05845	1	0.74057	0.56005	12.20058	1.05845	1	-0.00520	-0.00932	0.66085	0.00344	1	0.06301	-0.01442	0.68432	0.00385	1	1.45898	0.81042	0	
1250088	8431.70020	3305116593726	0.47637	0.51748	8431.47168	0.21484	11308	0	0.53159	0.43087	1	0.51019	0.42635	1	0.52089	0.42861	1	0.47860	0.53679	10.71926	1.05043	1	0.74066	0.56017	12.31895	1.05043	1	-0.00520	-0.00932	0.66085	0.00364	1	0.06301	-0.01442	0.68432	0.00384	1	1.45898	0.81042	0	
1250089	8431.70605	3305116658308	0.49729	0.48463	8431.47168	0.21484	11308	0	0.56176	0.43021	1	0.51648	0.40763	1	0.53912	0.41892	1	0.47865	0.53682	10.42564	1.04241	1	0.74081	0.56007	11.71402	1.04241	1	-0.00520	-0.00932	0.66085	0.00366	1	0.06301	-0.01442	0.68432	0.00383	1	1.45898	0.81042	0	
1250090	8431.71289	3305116724756	0.53304	0.42215	8431.47168	0.21484	11308	0	0.56176	0.43021	1	0.51648	0.40763	1	0.53912	0.41892	1	0.47832	0.53637	10.82185	1.04241	1	0.74056	0.56029	12.03617	1.04241	1	-0.00536	-0.00956	0.67428	0.00395	1	0.06301	-0.01447	0.68432	0.00384	1	1.45898	0.81042	0	
1250091	8431.71973	3305116792777	0.53930	0.40663	8431.47168	0.21484	11308	0	0.55722	0.39336	1	0.53390	0.38887	1	0.54556	0.39111	1	0.47830	0.53682	10.59838	1.05043	1	0.74104	0.55996	11.26373	1.05043	1	-0.00536	-0.00956	0.67428	0.00370	1	0.06301	-0.01447	0.68432	0.00378	1	1.45898	0.81042	0	
1250092	8431.72656	3305116857901	0.53591	0.40687	8431.47168	0.21484	11308	0	0.55538	0.34873	1	0.50290	0.46599	1	0.52914	0.40736	1	0.47829	0.53664	10.68073	1.05845	1	0.74060	0.56023	12.10116	1.05845	1	-0.00536	-0.00956	0.67428	0.00375	1	0.06301	-0.01447	0.68432	0.00380	1	1.45898	0.81042	0	
1250093	8431.73340	3305116928456	0.53422	0.40700	8431.71289	0.02051	11309	1	0.55538	0.34873	1	0.50290	0.46599	1	0.52914	0.40736	1	0.47803	0.53725	10.74961	1.05845	1	0.74063	0.56008	12.60783	1.05845	1	-0.00526	-0.00930	0.65576	0.00356	1	0.06301	-0.01442	0.68432	0.00372	1	1.45898	0.81042	0	
1250094	8431.73926	3305116992488	0.53451	0.41127	8431.71289	0.02637	11309	1	0.55432	0.47496	1	0.51707	0.38179	1	0.53569	0.42837	1	0.47813	0.53753	11.26339	1.05043	1	0.74080	0.55980	12.12047	1.05043	1	-0.00526	-0.00930	0.65576	0.00350	1	0.06301	-0.01442	0.68432	0.00383	1	1.45898	0.81042	0	
1250095	8431.74609	3305117060283	0.53350	0.41689	8431.71289	0.03320	11309	1	0.54867	0.49219	1	0.50815	0.39783	1	0.52841	0.44501	1	0.47799	0.53768	11.00717	1.04241	1	0.74062	0.55983	12.12022	1.04241	1	-0.00526	-0.00930	0.65576	0.00353	1	0.06301	-0.01442	0.68432	0.00378	1	1.45898	0.81042	0	
1250096	8431.75293	3305117125774	0.53273	0.42133	8431.71289	0.04004	11309	1	0.54867	0.49219	1	0.50763	0.40376	1	0.52815	0.44797	1	0.47770	0.53711	11.08351	1.04241	1	0.74036	0.55990	11.07589	1.03476	1	-0.00556	-0.00956	0.67423	0.00340	1	0.06008	-0.01367	0.65305	0.00387	1	1.45898	0.81042	0	
1250097	8431.75977	3305117193597	0.53072	0.42389	8431.71289	0.04688	11309	1	0.52355	0.43757	1	0.50972	0.44604	1	0.51663	0.44181	1	0.47768	0.53719	11.43118	1.04277	1	0.74071	0.55996	12.05228	1.03511	1	-0.00556	-0.00956	0.67423	0.00347	1	0.06008	-0.01367	0.65305	0.00382	1	1.45898	0.81042	0	
1250098	8431.76660	3305117261625	0.52848	0.42135	8431.71289	0.05371	11309	1	0.52355	0.43757	0	0.51053	0.40105	1	0.51053	0.40105	1	0.47768	0.53719	11.43118	1.04313	0	0.74077	0.55983	11.92593	1.03547	1	-0.00556	-0.00956	0.67423	0.00347	1	0.06008	-0.01367	0.65305	0.00389	1	1.45898	0.81042	0	
1250099	8431.77344	3305117327654	0.52848	0.42135	8431.71289	0.06055	11309	1	0.52355	0.43757	0	0.51053	0.40105	0	0.51053	0.40105	0	0.47768	0.53719	11.43118	1.04349	0	0.74077	0.55983	11.92593	1.03583	0	-0.00556	-0.00956	0.67423	0.00347	1	0.06008	-0.01367	0.65305	0.00389	1	1.45898	0.81042	0	
1250100	8431.78027	3305117397666	0.52848	0.42135	8431.71289	0.06738	11309	1	0.52355	0.43757	0	0.51053	0.40105	0	0.51053	0.40105	0	0.47768	0.53719	11.43118	1.03583	0	0.74077	0.55983	11.92593	1.03583	0	-0.00556	-0.00956	0.67423	0.00347	1	0.06008	-0.01367	0.65305	0.00389	1	1.45898	0.81042	0	
1250101	8431.78711	3305117464411	0.52848	0.42135	8431.71289	0.07422	11309	1	0.52355	0.43757	0	0.51053	0.40105	0	0.51053	0.40105	0	0.47768	0.53719	11.43118	1.03583	0	0.74077	0.55983	11.92593	1.03583	0	-0.00556	-0.00956	0.67423	0.00347	1	0.06008	-0.01367	0.65305	0.00389	1	1.45898	0.81042	0	
1250102	8431.79297	3305117528146	0.52791	0.42126	8431.71289	0.07422	11309	0	0.52355	0.43757	0	0.51053	0.40105	0	0.51053	0.40105	0	0.47768	0.53719	11.43118	1.03583	0	0.74077	0.55983	11.92593	1.03583	0	-0.00556	-0.00956	0.67423	0.00347	1	0.06008	-0.01367	0.65305	0.00389	1	1.45898	0.81042	0	
1250103	8431.79980	3305117596701	0.52791	0.42126	8431.71289	0.07422	11309	0	0.52355	0.43757	0	0.51053	0.40105	0	0.51053	0.40105	0	0.47768	0.53719	11.43118	1.03583	0	0.74077	0.55983	11.92593	1.03583	0	-0.00556	-0.00956	0.67423	0.00347	1	0.06008	-0.01367	0.65305	0.00389	1	1.45898	0.81042	0	
1250104	8431.80664	3305117664971	0.52791	0.42126	8431.71289	0.07422	11309	0	0.52355	0.43757	0	0.51053	0.40105	0	0.51053	0.40105	0	0.47768	0.53719	11.43118	1.03583	0	0.74077	0.55983	11.92593	1.03583	0	-0.00556	-0.00956	0.67423	0.00347	1	0.06008	-0.01367	0.65305	0.00389	1	1.45898	0.81042	0	
1250105	8431.81348	3305117732132	0.00000	0.00000	8431.71289	0.07422	11309	0	0.52355	0.43757	0	0.51053	0.40105	0	0.51053	0.40105	0	0.47768	0.53719	11.43118	1.03583	0	0.74077	0.55983	11.92593	1.03583	0	-0.00556	-0.00956	0.67423	0.00347	1	0.06008	-0.01367	0.65305	0.00389	1	1.45898	0.81042	0	
1250106	8431.82031	3305117799300	0.00000	0.00000	8431.71289	0.07422	11309	0	0.52355	0.43757	0	0.51053	0.40105	0	0.51053	0.40105	0	0.47768	0.53719	11.43118	1.03583	0	0.74077	0.55983	11.92593	1.03583	0	-0.00556	-0.00956	0.67423	0.00347	1	0.06008	-0.01367	0.65305	0.00389	1	1.45898	0.81042	0	
1250107	8431.82715	3305117866410	0.00000	0.00000	8431.71289	0.07422	11309	0	0.52355	0.43757	0	0.51053	0.40105	0	0.51053	0.40105	0	0.47768	0.53719	11.43118	1.03583	0	0.74077	0.55983	11.92593	1.03583	0	-0.00556	-0.00956	0.67423	0.00347	1	0.06008	-0.01367	0.65305	0.00389	1	1.45898	0.81042	0	
1250108	8431.83398	3305117933495	0.51770	0.41867	8431.71289	0.07422	11309	0	0.52430	0.44251	1	0.51110	0.39483	1	0.51770	0.41867	1	0.47747	0.53710	11.11146	1.03583	1	0.74075	0.55940	12.30209	1.04349	1	-0.00556	-0.00956	0.67423	0.00357	1	0.06301	-0.01432	0.68432	0.00403	1	1.45898	0.81042	0	
1250109	8431.84082	3305118000514	0.52263	0.41588	8431.71289	0.07422	11309	0	0.54727	0.41656	1	0.50786	0.40961	1	0.52757	0.41308	1	0.47766	0.53688	10.95936	1.04349	1	0.74067	0.55937	12.10326	1.05115	1	-0.00556	-0.00956	0.67423	0.00358	1	0.06301	-0.01432	0.68432	0.00399	1	1.45898	0.81042	0	
1250110	8431.84766	3305118067247	0.52296	0.41057	8431.71289	0.07422	11309	0	0.53762	0.44111	1	0.50959	0.35882	1	0.52360	0.39996	1	0.47743	0.53709	11.06529	1.05115	1	0.74067	0.55937	12.10326	1.05881	1	-0.00556	-0.00956	0.67423	0.00357	1	0.06301	-0.01432	0.68432	0.00398	1	1.45898	0.81042	0	
1250111	8431.85352	3305118133425	0.52309	0.40648	8431.83398	0.01953	11310	1	0.53689	0.43573	1	0.51011	0.35270	1	0.52350	0.39422	1	0.47742	0.53640	10.71028	1.05881	1	0.74080	0.55915	11.77099	1.06646	1	-0.00561	-0.00960	0.68055	0.00375	1	0.06301	-0.01432	0.68432	0.00407	1	1.45898	0.81042	0	
1250112	8431.86035	3305118201229	0.52487	0.39577	8431.83398	0.02637	11310	1	0.54627	0.37581	1	0.51767	0.32997	1	0.53197	0.35289	1	0.47763	0.53696	11.12430	1.06646	1	0.74079	0.55882	11.74662	1.06646	1	-0.00561	-0.00960	0.68055	0.00357	1	0.06301	-0.01432	0.68432	0.00417	1	1.45898	0.81042	0	
1250113	8431.86719	3305118267282	0.52516	0.38199	8431.83398	0.03320	11310	1	0.53081	0.33160	1	0.52244	0.29465	1	0.52662	0.31313	1	0.47749	0.53607	10.75451	1.06646	1	0.74089	0.55850	11.69050	1.06646	1	-0.00561	-0.00960	0.68055	0.00392	1	0.06301	-0.01432	0.68432	0.00433	1	1.45898	0.81042	0	
1250114	8431.87402	3305118335451	0.52537	0.37215	8431.83398	0.04004	11310	1	0.53081	0.33160	1	0.52244	0.29465	1	0.52662	0.31313	1	0.47745	0.53650	10.83270	1.06646	1	0.74086	0.55905	11.76124	1.06646	1	-0.00561	-0.00960	0.68055	0.00374	1	0.06301	-0.01432	0.68432	0.00417	1	1.45898	0.81042	0	
1250115	8431.88086	3305118402416	0.52545	0.37192	8431.83398	0.04688	11310	1	0.53139	0.39672	1	0.52059	0.34387	1	0.52599	0.37030	1	0.47740	0.53679	10.91690	1.06646	1	0.74085	0.55903	11.75397	1.06646	1	-0.00561	-0.00960	0.68055	0.00355	1	0.06301	-0.01432	0.68432	0.00405	1	1.45898	0.81042	0	
1250116	8431.88770	3305118469629	0.52521	0.37301	8431.83398	0.05371	11310	1	0.53763	0.40114	1	0.50905	0.36228	1	0.52334	0.38171	1	0.47759	0.53696	11.08456	1.06646	1	0.74065	0.55917	12.19707	1.06646	1	-0.00561	-0.00960	0.68055	0.00355	1	0.06301	-0.01432	0.68432	0.00404	1	1.45898	0.81042	0	
1250117	8431.89453	3305118536402	0.52502	0.37388	8431.83398	0.06055	11310	1	0.53763	0.40114	1	0.50905	0.36228	1	0.52334	0.38171	1	0.47771	0.53694	11.39720	1.06646	1	0.74089	0.55941	11.82521	1.06646	1	-0.00556	-0.00956	0.67423	0.00350	1	0.06294	-0.01428	0.68245	0.00397	1	1.45898	0.81042	0	
1250118	8431.90039	3305118602660	0.52534	0.37294	8431.83398	0.06641	11310	1	0.54183	0.35124	1	0.51506	0.37585	1	0.52844	0.36354	1	0.47763	0.53690	11.38116	1.06646	1	0.74077	0.55937	11.62611	1.06646	1	-0.00556	-0.00956	0.67423	0.00353	1	0.06294	-0.01428	0.68245	0.00398	1	1.45898	0.81042	0	
1250119	8431.90723	3305118668846	0.52545	0.37358	8431.83398	0.07324	11310	1	0.54261	0.39372	1	0.51087	0.36741	1	0.52674	0.38056	1	0.47761	0.53675	10.90700	1.06646	1	0.74065	0.55926	12.01831	1.06646	1	-0.00556	-0.00956	0.67423	0.00356	1	0.06294	-0.01428	0.68245	0.00412	1	1.45898	0.81042	0	
1250120	8431.91406	3305118738282	0.52553	0.37434	8431.83398	0.08008	11310	1	0.54261	0.39372	1	0.51034	0.37342	1	0.52648	0.38357	1	0.47753	0.53694	11.22543	1.06646	1	0.74066	0.55971	12.28926	1.05881	1	-0.00556	-0.00956	0.67423	0.00352	1	0.06007	-0.01364	0.65193	0.00405	1	1.45898	0.81042	0	
1250121	8431.92090	3305118802717	0.52574	0.37591	8431.83398	0.08691	11310	1	0.54018	0.38995	1	0.51669	0.40251	1	0.52844	0.39623	1	0.47758	0.53680	11.05021	1.05881	1	0.74076	0.55955	12.14805	1.05115	1	-0.00556	-0.00956	0.67423	0.00353	1	0.06007	-0.01364	0.65193	0.00404	1	1.45898	0.81042	0	
1250122	8431.92773	3305118871152	0.52370	0.37604	8431.83398	0.09375	11310	1	0.51860	0.39537	1	0.47173	0.36029	1	0.49516	0.37783	1	0.47761	0.53700	11.26100	1.05115	1	0.74077	0.55898	11.73126	1.04349	1	-0.00556	-0.00956	0.67423	0.00351	1	0.06007	-0.01364	0.65193	0.00424	1	1.45898	0.81042	0	
1250123	8431.93457	3305118938081	0.52045	0.37505	8431.83398	0.10059	11310	1	0.51860	0.39537	0	0.47173	0.36029	1	0.47173	0.36029	1	0.47761	0.53700	11.26100	1.04349	0	0.47747	0.53719	11.35184	1.04349	1	-0.00556	-0.00956	0.67423	0.00351	1	-0.00556	-0.00956	0.67423	0.00347	1	1.45898	0.81042	0	
1250124	8431.94141	3305119005128	0.51175	0.37444	8431.83398	0.10742	11310	1	0.51860	0.39537	0	0.37258	0.36465	1	0.37258	0.36465	1	0.47761	0.53700	11.26100	1.04349	0	0.47744	0.53679	10.83030	1.05115	1	-0.00556	-0.00956	0.67423	0.00351	1	-0.00556	-0.00956	0.67423	0.00356	1	1.45898	0.81042	0	
1250125	8431.94824	3305119072895	0.50423	0.37475	8431.83398	0.11426	11310	1	0.51860	0.39537	0	0.37630	0.38009	1	0.37630	0.38009	1	0.47761	0.53700	11.26100	1.05115	0	0.47754	0.53688	11.52427	1.05881	1	-0.00556	-0.00956	0.67423	0.00351	1	-0.00556	-0.00956	0.67423	0.00341	1	1.45898	0.81042	0	
1250126	8431.95410	3305119139380	0.49747	0.37473	8431.83398	0.12012	11310	1	0.51860	0.39537	0	0.37589	0.37421	1	0.37589	0.37421	1	0.47761	0.53700	11.26100	1.05881	0	0.47784	0.53682	10.56386	1.06646	1	-0.00556	-0.00956	0.67423	0.00351	1	-0.00549	-0.00961	0.67808	0.00349	1	1.45898	0.81042	0	
1250127	8431.96094	3305119206157	0.49283	0.37294	8431.83398	0.12695	11310	1	0.51860	0.39537	0	0.40454	0.33910	1	0.40454	0.33910	1	0.47761	0.53700	11.26100	1.06646	0	0.47803	0.53713	11.53621	1.06646	1	-0.00556	-0.00956	0.67423	0.00351	1	-0.00549	-0.00961	0.67808	0.00346	1	1.45898	0.81042	0	
1250128	8431.96777	3305119271341	0.46021	0.37002	8431.83398	0.12695	11310	0	0.51860	0.39537	0	0.39286	0.33839	1	0.39286	0.33839	1	0.47761	0.53700	11.26100	1.06646	0	0.47781	0.53723	11.48694	1.06646	1	-0.00556	-0.00956	0.67423	0.00351	1	-0.00549	-0.00961	0.67808	0.00343	1	1.45898	0.81042	0	
1250129	8431.97461	3305119340090	0.42653	0.35420	8431.83398	0.12695	11310	0	0.51860	0.39537	0	0.39286	0.33839	1	0.39286	0.33839	1	0.47761	0.53700	11.26100	1.06646	0	0.47840	0.53699	11.49245	1.06646	1	-0.00556	-0.00956	0.67423	0.00351	1	-0.00544	-0.00964	0.68403	0.00350	1	1.45898	0.81042	0	
1250130	8431.98145	3305119406607	0.43078	0.33976	8431.83398	0.12695	11310	0	0.51860	0.39537	0	0.43927	0.31086	1	0.43927	0.31086	1	0.47761	0.53700	11.26100	1.06646	0	0.47855	0.53679	11.38048	1.06646	1	-0.00556	-0.00956	0.67423	0.00351	1	-0.00544	-0.00964	0.68403	0.00348	1	1.45898	0.81042	0	
1250131	8431.98828	3305119473959	0.43167	0.33513	8431.96777	0.02051	11311	1	0.51860	0.39537	0	0.43434	0.32126	1	0.43434	0.32126	1	0.47761	0.53700	11.26100	1.06646	0	0.47838	0.53706	11.39954	1.06646	1	-0.00556	-0.00956	0.67423	0.00351	1	-0.00544	-0.00964	0.68403	0.00345	1	1.45898	0.81042	0	
1250132	8431.99414	3305119540984	0.43220	0.33236	8431.96777	0.02637	11311	1	0.51860	0.39537	0	0.43434	0.32126	1	0.43434	0.32126	1	0.47761	0.53700	11.26100	1.06646	0	0.47839	0.53665	11.24203	1.06646	1	-0.00556	-0.00956	0.67423	0.00351	1	-0.00536	-0.00956	0.67428	0.00364	1	1.45898	0.81042	0	
1250133	8432.00098	3305119608103	0.43194	0.31815	8431.96777	0.03320	11311	1	0.51860	0.39537	0	0.43065	0.24709	1	0.43065	0.24709	1	0.47761	0.53700	11.26100	1.06646	0	0.47840	0.53621	10.99930	1.06646	1	-0.00556	-0.00956	0.67423	0.00351	1	-0.00536	-0.00956	0.67428	0.00367	1	1.45898	0.81042	0	
1250134	8432.00781	3305119674602	0.42671	0.31037	8431.96777	0.04004	11311	1	0.51860	0.39537	0	0.39528	0.26369	1	0.39528	0.26369	1	0.47761	0.53700	11.26100	1.06646	0	0.47817	0.53642	11.01024	1.06646	1	-0.00556	-0.00956	0.67423	0.00351	1	-0.00536	-0.00956	0.67428	0.00369	1	1.45898	0.81042	0	
1250135	8432.01465	3305119742255	0.42278	0.30453	8431.96777	0.04688	11311	1	0.51860	0.39537	0	0.39528	0.26369	1	0.39528	0.26369	1	0.47761	0.53700	11.26100	1.06646	0	0.47834	0.53698	11.18668	1.06646	1	-0.00556	-0.00956	0.67423	0.00351	1	-0.00544	-0.00964	0.68403	0.00362	1	1.45898	0.81042	0	
1250136	8432.02148	3305119808588	0.41948	0.30874	8431.96777	0.05371	11311	1	0.51860	0.39537	0	0.39309	0.34242	1	0.39309	0.34242	1	0.47761	0.53700	11.26100	1.06646	0	0.47819	0.53696	11.38433	1.06646	1	-0.00556	-0.00956	0.67423	0.00351	1	-0.00544	-0.00964	0.68403	0.00360	1	1.45898	0.81042	0	
1250137	8432.02832	3305119875868	0.42926	0.31373	8431.96777	0.06055	11311	1	0.54416	0.33360	1	0.49046	0.38356	1	0.51731	0.35858	1	0.47841	0.53696	11.12430	1.06646	1	0.74112	0.55993	11.11474	1.06646	1	-0.00556	-0.00956	0.67423	0.00357	1	-0.00544	-0.00964	0.68403	0.00384	1	1.45898	0.81042	0	
1250138	8432.03516	3305119943032	0.43729	0.31750	8431.96777	0.06738	11311	1	0.54416	0.33360	1	0.49090	0.37689	1	0.51753	0.35524	1	0.47829	0.53704	11.20299	1.06646	1	0.74145	0.55999	12.14150	1.07515	1	-0.00544	-0.00964	0.68403	0.00351	1	0.06539	-0.01485	0.70726	0.00380	1	1.45898	0.81042	0	
1250139	8432.04199	3305120010350	0.44333	0.32328	8431.96777	0.07422	11311	1	0.51525	0.40347	1	0.50434	0.37016	1	0.50979	0.38681	1	0.47833	0.53705	11.37460	1.07515	1	0.74133	0.56003	12.26213	1.08383	1	-0.00544	-0.00964	0.68403	0.00349	1	0.06539	-0.01485	0.70726	0.00382	1	1.45898	0.81042	0	
1250140	8432.04785	3305120077218	0.45043	0.32788	8431.96777	0.08008	11311	1	0.54963	0.39978	1	0.52154	0.36653	1	0.53558	0.38316	1	0.47859	0.53689	11.18964	1.08383	1	0.74165	0.56001	11.69699	1.09251	1	-0.00544	-0.00964	0.68403	0.00349	1	0.06539	-0.01485	0.70726	0.00379	1	1.45898	0.81042	0	
1250141	8432.05469	3305120142606	0.45648	0.33161	8431.96777	0.08691	11311	1	0.54891	0.39355	1	0.52154	0.36653	1	0.53523	0.38004	1	0.47868	0.53706	10.90570	1.09251	1	0.74151	0.55982	11.96404	1.09251	1	-0.00544	-0.00964	0.68403	0.00357	1	0.06431	-0.01460	0.69504	0.00399	1	1.45898	0.81042	0	
1250142	8432.06152	3305120208518	0.46107	0.33864	8431.96777	0.09375	11311	1	0.54372	0.42813	1	0.50682	0.44601	1	0.52527	0.43707	1	0.47876	0.53704	10.79235	1.09251	1	0.74137	0.56017	11.69474	1.08383	1	-0.00544	-0.00964	0.68403	0.00354	1	0.06431	-0.01460	0.69504	0.00387	1	1.45898	0.81042	0	
1250143	8432.06836	3305120278616	0.46313	0.33472	8431.96777	0.10059	11311	1	0.51529	0.11687	1	0.47278	0.43494	1	0.49404	0.27591	1	0.47889	0.53432	9.17154	1.08383	1	0.74125	0.55975	10.46090	1.07515	1	-0.00544	-0.00964	0.68403	0.00211	1	0.06431	-0.01460	0.69504	0.00389	1	1.45898	0.81042	0	
1250144	8432.07520	3305120344628	0.46313	0.33472	8431.96777	0.10742	11311	1	0.51529	0.11687	0	0.47278	0.43494	0	0.49404	0.27591	0	0.47889	0.53432	9.17154	1.07515	0	0.74125	0.55975	10.46090	1.06646	0	-0.00544	-0.00964	0.68403	0.00211	1	0.06431	-0.01460	0.69504	0.00389	1	1.45898	0.81042	0	
1250145	8432.08105	3305120407595	0.46313	0.33472	8431.96777	0.11328	11311	1	0.51529	0.11687	0	0.47278	0.43494	0	0.49404	0.27591	0	0.47889	0.53432	9.17154	1.06646	0	0.74125	0.55975	10.46090	1.06646	0	-0.00544	-0.00964	0.68403	0.00211	1	0.06431	-0.01460	0.69504	0.00389	1	1.45898	0.81042	0	
1250146	8432.08789	3305120478835	0.46313	0.33472	8431.96777	0.12012	11311	1	0.51529	0.11687	0	0.47278	0.43494	0	0.49404	0.27591	0	0.47889	0.53432	9.17154	1.06646	0	0.74125	0.55975	10.46090	1.06646	0	-0.00544	-0.00964	0.68403	0.00211	1	0.06431	-0.01460	0.69504	0.00389	1	1.45898	0.81042	0	
1250147	8432.09473	3305120546094	0.47362	0.33458	8431.96777	0.12012	11311	0	0.51529	0.11687	0	0.47278	0.43494	0	0.49404	0.27591	0	0.47889	0.53432	9.17154	1.06646	0	0.74125	0.55975	10.46090	1.06646	0	-0.00544	-0.00964	0.68403	0.00211	1	0.06431	-0.01460	0.69504	0.00389	1	1.45898	0.81042	0	
1250148	8432.10156	3305120612551	0.47362	0.33458	8431.96777	0.12012	11311	0	0.51529	0.11687	0	0.47278	0.43494	0	0.49404	0.27591	0	0.47889	0.53432	9.17154	1.06646	0	0.74125	0.55975	10.46090	1.06646	0	-0.00544	-0.00964	0.68403	0.00211	1	0.06431	-0.01460	0.69504	0.00389	1	1.45898	0.81042	0	
1250149	8432.10840	3305120679229	0.47362	0.33458	8431.96777	0.12012	11311	0	0.51529	0.11687	0	0.47278	0.43494	0	0.49404	0.27591	0	0.47889	0.53432	9.17154	1.06646	0	0.74125	0.55975	10.46090	1.06646	0	-0.00544	-0.00964	0.68403	0.00211	1	0.06431	-0.01460	0.69504	0.00389	1	1.45898	0.81042	0	
1250150	8432.11523	3305120746770	0.00000	0.00000	8431.96777	0.12012	11311	0	0.51529	0.11687	0	0.47278	0.43494	0	0.49404	0.27591	0	0.47889	0.53432	9.17154	1.06646	0	0.74125	0.55975	10.46090	1.06646	0	-0.00544	-0.00964	0.68403	0.00211	1	0.06431	-0.01460	0.69504	0.00389	1	1.45898	0.81042	0	
1250151	8432.12207	3305120813225	0.00000	0.00000	8431.96777	0.12012	11311	0	0.51529	0.11687	0	0.47278	0.43494	0	0.49404	0.27591	0	0.47889	0.53432	9.17154	1.06646	0	0.74125	0.55975	10.46090	1.06646	0	-0.00544	-0.00964	0.68403	0.00211	1	0.06431	-0.01460	0.69504	0.00389	1	1.45898	0.81042	0	
1250152	8432.12793	3305120878605	0.00000	0.00000	8431.96777	0.12012	11311	0	0.51529	0.11687	0	0.47278	0.43494	0	0.49404	0.27591	0	0.47889	0.53432	9.17154	1.06646	0	0.74125	0.55975	10.46090	1.06646	0	-0.00544	-0.00964	0.68403	0.00211	1	0.06431	-0.01460	0.69504	0.00389	1	1.45898	0.81042	0	
1250153	8432.13477	3305120945108	0.00000	0.00000	8431.96777	0.12012	11311	0	0.51529	0.11687	0	0.47278	0.43494	0	0.49404	0.27591	0	0.47889	0.53432	9.17154	1.06646	0	0.74125	0.55975	10.46090	1.06646	0	-0.00544	-0.00964	0.68403	0.00211	1	0.06431	-0.01460	0.69504	0.00389	1	1.45898	0.81042	0	
1250154	8432.14160	3305121012536	0.00000	0.00000	8431.96777	0.12012	11311	0	0.51529	0.11687	0	0.47278	0.43494	0	0.49404	0.27591	0	0.47889	0.53432	9.17154	1.06646	0	0.74125	0.55975	10.46090	1.06646	0	-0.00544	-0.00964	0.68403	0.00211	1	0.06431	-0.01460	0.69504	0.00389	1	1.45898	0.81042	0	
1250155	8432.14844	3305121078470	0.00000	0.00000	8431.96777	0.12012	11311	0	0.51529	0.11687	0	0.47278	0.43494	0	0.49404	0.27591	0	0.47889	0.53432	9.17154	1.06646	0	0.74125	0.55975	10.46090	1.06646	0	-0.00544	-0.00964	0.68403	0.00211	1	0.06431	-0.01460	0.69504	0.00389	1	1.45898	0.81042	0	
1250156	8432.15527	3305121148720	0.00000	0.00000	8431.96777	0.12012	11311	0	0.51529	0.11687	0	0.47278	0.43494	0	0.49404	0.27591	0	0.47889	0.53432	9.17154	1.06646	0	0.74125	0.55975	10.46090	1.06646	0	-0.00544	-0.00964	0.68403	0.00211	1	0.06431	-0.01460	0.69504	0.00389	1	1.45898	0.81042	0	
1250157	8432.16113	3305121210800	0.00000	0.00000	8431.96777	0.12012	11311	0	0.51529	0.11687	0	0.47278	0.43494	0	0.49404	0.27591	0	0.47889	0.53432	9.17154	1.06646	0	0.74125	0.55975	10.46090	1.06646	0	-0.00544	-0.00964	0.68403	0.00211	1	0.06431	-0.01460	0.69504	0.00389	1	1.45898	0.81042	0	
1250158	8432.16797	3305121278647	0.00000	0.00000	8431.96777	0.12012	11311	0	0.51529	0.11687	0	0.47278	0.43494	0	0.49404	0.27591	0	0.47889	0.53432	9.17154	1.06646	0	0.74125	0.55975	10.46090	1.06646	0	-0.00544	-0.00964	0.68403	0.00211	1	0.06431	-0.01460	0.69504	0.00389	1	1.45898	0.81042	0	
1250159	8432.17480	3305121346230	0.00000	0.00000	8431.96777	0.12012	11311	0	0.51529	0.11687	0	0.47278	0.43494	0	0.49404	0.27591	0	0.47889	0.53432	9.17154	1.06646	0	0.74125	0.55975	10.46090	1.06646	0	-0.00544	-0.00964	0.68403	0.00211	1	0.06431	-0.01460	0.69504	0.00389	1	1.45898	0.81042	0	
1250160	8432.18164	3305121413414	0.00000	0.00000	8431.96777	0.12012	11311	0	0.51529	0.11687	0	0.47278	0.43494	0	0.49404	0.27591	0	0.47889	0.53432	9.17154	1.06646	0	0.74125	0.55975	10.46090	1.06646	0	-0.00544	-0.00964	0.68403	0.00211	1	0.06431	-0.01460	0.69504	0.00389	1	1.45898	0.81042	0	
1250161	8432.18848	3305121482098	0.00000	0.00000	8431.96777	0.12012	11311	0	0.51529	0.11687	0	0.47278	0.43494	0	0.49404	0.27591	0	0.47889	0.53432	9.17154	1.06646	0	0.74125	0.55975	10.46090	1.06646	0	-0.00544	-0.00964	0.68403	0.00211	1	0.06431	-0.01460	0.69504	0.00389	1	1.45898	0.81042	0	
1250162	8432.19531	3305121550623	0.00000	0.00000	8431.96777	0.12012	11311	0	0.51529	0.11687	0	0.47278	0.43494	0	0.49404	0.27591	0	0.47889	0.53432	9.17154	1.06646	0	0.74125	0.55975	10.46090	1.06646	0	-0.00544	-0.00964	0.68403	0.00211	1	0.06431	-0.01460	0.69504	0.00389	1	1.45898	0.81042	0	
1250163	8432.20215	3305121617581	0.00000	0.00000	8431.96777	0.12012	11311	0	0.51529	0.11687	0	0.47278	0.43494	0	0.49404	0.27591	0	0.47889	0.53432	9.17154	1.06646	0	0.74125	0.55975	10.46090	1.06646	0	-0.00544	-0.00964	0.68403	0.00211	1	0.06431	-0.01460	0.69504	0.00389	1	1.45898	0.81042	0	
1250164	8432.20898	3305121682209	0.00000	0.00000	8431.96777	0.12012	11311	0	0.51529	0.11687	0	0.47278	0.43494	0	0.49404	0.27591	0	0.47889	0.53432	9.17154	1.06646	0	0.74125	0.55975	10.46090	1.06646	0	-0.00544	-0.00964	0.68403	0.00211	1	0.06431	-0.01460	0.69504	0.00389	1	1.45898	0.81042	0	
1250165	8432.21582	3305121751718	0.00000	0.00000	8431.96777	0.12012	11311	0	0.51529	0.11687	0	0.47278	0.43494	0	0.49404	0.27591	0	0.47889	0.53432	9.17154	1.06646	0	0.74125	0.55975	10.46090	1.06646	0	-0.00544	-0.00964	0.68403	0.00211	1	0.06431	-0.01460	0.69504	0.00389	1	1.45898	0.81042	0	
1250166	8432.22266	3305121818991	0.00000	0.00000	8431.96777	0.12012	11311	0	0.51529	0.11687	0	0.47278	0.43494	0	0.49404	0.27591	0	0.47889	0.53432	9.17154	1.06646	0	0.74125	0.55975	10.46090	1.06646	0	-0.00544	-0.00964	0.68403	0.00211	1	0.06431	-0.01460	0.69504	0.00389	1	1.45898	0.81042	0	
1250167	8432.22949	3305121885332	0.00000	0.00000	8431.96777	0.12012	11311	0	0.51529	0.11687	0	0.47278	0.43494	0	0.49404	0.27591	0	0.47889	0.53432	9.17154	1.06646	0	0.74125	0.55975	10.46090	1.06646	0	-0.00544	-0.00964	0.68403	0.00211	1	0.06431	-0.01460	0.69504	0.00389	1	1.45898	0.81042	0	
1250168	8432.23535	3305121952123	0.00000	0.00000	8431.96777	0.12012	11311	0	0.51529	0.11687	0	0.47278	0.43494	0	0.49404	0.27591	0	0.47889	0.53432	9.17154	1.06646	0	0.74125	0.55975	10.46090	1.06646	0	-0.00544	-0.00964	0.68403	0.00211	1	0.06431	-0.01460	0.69504	0.00389	1	1.45898	0.81042	0	
1250169	8432.24219	3305122019046	0.00000	0.00000	8431.96777	0.12012	11311	0	0.51529	0.11687	0	0.47278	0.43494	0	0.49404	0.27591	0	0.47889	0.53432	9.17154	1.06646	0	0.74125	0.55975	10.46090	1.06646	0	-0.00544	-0.00964	0.68403	0.00211	1	0.06431	-0.01460	0.69504	0.00389	1	1.45898	0.81042	0	
1250170	8432.24902	3305122085963	0.00000	0.00000	8431.96777	0.12012	11311	0	0.51529	0.11687	0	0.47278	0.43494	0	0.49404	0.27591	0	0.47889	0.53432	9.17154	1.06646	0	0.74125	0.55975	10.46090	1.06646	0	-0.00544	-0.00964	0.68403	0.00211	1	0.06431	-0.01460	0.69504	0.00389	1	1.45898	0.81042	0	
1250171	8432.25586	3305122152982	0.00000	0.00000	8431.96777	0.12012	11311	0	0.51529	0.11687	0	0.47278	0.43494	0	0.49404	0.27591	0	0.47889	0.53432	9.17154	1.06646	0	0.74125	0.55975	10.46090	1.06646	0	-0.00544	-0.00964	0.68403	0.00211	1	0.06431	-0.01460	0.69504	0.00389	1	1.45898	0.81042	0	
1250172	8432.26270	3305122220173	0.25739	0.18864	8431.96777	0.12012	11311	0	0.53867	0.45445	1	0.49090	0.30009	1	0.51479	0.37727	1	0.47708	0.53821	10.36367	1.06646	1	0.74029	0.55976	11.22792	1.06646	1	-0.00544	-0.00964	0.68403	0.00378	1	0.06431	-0.01460	0.69504	0.00377	1	1.45898	0.81042	0	
1250173	8432.26953	3305122287587	0.33850	0.23593	8431.96777	0.12012	11311	0	0.54077	0.40402	1	0.46068	0.25704	1	0.50072	0.33053	1	0.47718	0.53787	10.51274	1.06646	1	0.74020	0.55927	10.90286	1.06646	1	-0.00544	-0.00964	0.68403	0.00367	1	0.06431	-0.01460	0.69504	0.00405	1	1.45898	0.81042	0	
1250174	8432.27637	3305122354053	0.50545	0.34483	8431.96777	0.12012	11311	0	0.54077	0.40402	1	0.46089	0.24936	1	0.50083	0.32669	1	0.47728	0.53848	10.99860	1.06646	1	0.74032	0.56039	11.53236	1.07515	1	-0.00556	-0.00961	0.67423	0.00360	1	0.06493	-0.01487	0.70567	0.00365	1	1.45898	0.81042	0	
1250175	8432.28223	3305122421212	0.51323	0.38298	8431.96777	0.12012	11311	0	0.54173	0.40485	1	0.50029	0.43742	1	0.52101	0.42113	1	0.47714	0.53803	10.73377	1.07515	1	0.74050	0.56042	11.38891	1.08383	1	-0.00556	-0.00961	0.67423	0.00354	1	0.06493	-0.01487	0.70567	0.00372	1	1.45898	0.81042	0	
1250176	8432.28906	3305122488529	0.51357	0.38566	8431.96777	0.12012	11311	0	0.53824	0.42139	1	0.49029	0.36067	1	0.51427	0.39103	1	0.47711	0.53833	10.26319	1.08383	1	0.74037	0.55998	11.24769	1.09251	1	-0.00556	-0.00961	0.67423	0.00374	1	0.06493	-0.01487	0.70567	0.00382	1	1.45898	0.81042	0	
1250177	8432.29590	3305122554756	0.51365	0.38625	8432.27637	0.01953	11312	1	0.53744	0.41532	1	0.49029	0.36067	1	0.51387	0.38799	1	0.47720	0.53804	10.87518	1.09251	1	0.74034	0.56039	11.06954	1.09251	1	-0.00556	-0.00966	0.67423	0.00354	1	0.06301	-0.01447	0.68432	0.00377	1	1.45898	0.81042	0	
1250178	8432.30273	3305122622247	0.51347	0.39563	8432.27637	0.02637	11312	1	0.54393	0.43018	1	0.48161	0.43610	1	0.51277	0.43314	1	0.47722	0.53825	10.78917	1.09251	1	0.74024	0.56063	11.45662	1.08383	1	-0.00556	-0.00966	0.67423	0.00360	1	0.06301	-0.01447	0.68432	0.00374	1	1.45898	0.81042	0	
1250179	8432.30957	3305122688938	0.51403	0.39641	8432.27637	0.03320	11312	1	0.53641	0.40767	1	0.49722	0.39302	1	0.51682	0.40034	1	0.47716	0.53789	10.17640	1.08383	1	0.74038	0.56010	10.91573	1.07515	1	-0.00556	-0.00966	0.67423	0.00366	1	0.06301	-0.01447	0.68432	0.00380	1	1.45898	0.81042	0	
1250180	8432.31641	3305122756185	0.51449	0.39741	8432.27637	0.04004	11312	1	0.53722	0.41385	1	0.49722	0.39302	1	0.51722	0.40343	1	0.47723	0.53782	10.08948	1.07515	1	0.74049	0.56040	11.13208	1.07515	1	-0.00556	-0.00966	0.67423	0.00372	1	0.06437	-0.01474	0.69961	0.00370	1	1.45898	0.81042	0	
1250181	8432.32324	3305122823301	0.51363	0.39503	8432.27637	0.04688	11312	1	0.52148	0.40130	1	0.49378	0.35534	1	0.50763	0.37832	1	0.47729	0.53801	10.64034	1.07515	1	0.74037	0.55990	11.30624	1.08383	1	-0.00556	-0.00966	0.67423	0.00363	1	0.06437	-0.01474	0.69961	0.00387	1	1.45898	0.81042	0	
1250182	8432.32910	3305122890640	0.51264	0.39850	8432.27637	0.05273	11312	1	0.52712	0.42287	1	0.48228	0.42961	1	0.50470	0.42624	1	0.47735	0.53831	10.65815	1.08383	1	0.74024	0.56064	11.68605	1.09251	1	-0.00556	-0.00966	0.67423	0.00352	1	0.06437	-0.01474	0.69961	0.00379	1	1.45898	0.81042	0	
1250183	8432.33594	3305122957118	0.51180	0.40097	8432.27637	0.05957	11312	1	0.52625	0.41681	1	0.48228	0.42961	1	0.50426	0.42321	1	0.47719	0.53835	10.35771	1.09251	1	0.74051	0.56026	11.27555	1.09251	1	-0.00556	-0.00966	0.67423	0.00356	1	0.06301	-0.01447	0.68432	0.00383	1	1.45898	0.81042	0	
1250184	8432.34277	3305123019634	0.51231	0.40069	8432.27637	0.06641	11312	1	0.54633	0.41608	1	0.48842	0.37969	1	0.51738	0.39789	1	0.47766	0.53816	11.28985	1.09251	1	0.74030	0.56023	11.48666	1.08383	1	-0.00556	-0.00966	0.67423	0.00356	1	0.06301	-0.01447	0.68432	0.00396	1	1.45898	0.81042	0	
1250185	8432.34961	3305123088070	0.51141	0.40129	8432.27637	0.07324	11312	1	0.52854	0.44720	1	0.47453	0.36870	1	0.50154	0.40795	1	0.47739	0.53827	10.95290	1.08383	1	0.74045	0.56010	11.20790	1.07515	1	-0.00556	-0.00966	0.67423	0.00355	1	0.06301	-0.01447	0.68432	0.00371	1	1.45898	0.81042	0	
1250186	8432.35547	3305123154622	0.51068	0.40203	8432.27637	0.07910	11312	1	0.52941	0.45307	1	0.47453	0.36870	1	0.50197	0.41088	1	0.47751	0.53779	11.18617	1.07515	1	0.74020	0.56025	11.79629	1.07515	1	-0.00556	-0.00956	0.67423	0.00367	1	0.06472	-0.01485	0.70230	0.00373	1	1.45898	0.81042	0	
1250187	8432.36230	3305123222252	0.50992	0.40150	8432.27637	0.08594	11312	1	0.54172	0.37877	1	0.45814	0.41047	1	0.49993	0.39462	1	0.47754	0.53777	11.13727	1.07515	1	0.74021	0.56044	11.76867	1.08383	1	-0.00556	-0.00956	0.67423	0.00368	1	0.06472	-0.01485	0.70230	0.00364	1	1.45898	0.81042	0	
1250188	8432.37012	3305123292199	0.51070	0.40289	8432.27637	0.09375	11312	1	0.54665	0.40286	1	0.49681	0.44174	1	0.52173	0.42230	1	0.47770	0.53794	11.20657	1.08383	1	0.74050	0.56057	11.62784	1.09251	1	-0.00556	-0.00956	0.67423	0.00367	1	0.06472	-0.01485	0.70230	0.00356	1	1.45898	0.81042	0	
1250189	8432.37598	3305123359027	0.51138	0.40426	8432.27637	0.09961	11312	1	0.54659	0.40239	1	0.49637	0.44733	1	0.52148	0.42486	1	0.47770	0.53746	11.23178	1.08449	1	0.74048	0.55981	10.85723	1.08449	1	-0.00546	-0.00947	0.66800	0.00378	1	0.06301	-0.01442	0.68432	0.00393	1	1.45898	0.81042	0	
1250190	8432.38281	3305123426124	0.51079	0.40047	8432.27637	0.10645	11312	1	0.50921	0.34399	1	0.49353	0.33578	1	0.50137	0.33989	1	0.47752	0.53723	11.05135	1.07647	1	0.74038	0.55941	11.35739	1.06779	1	-0.00546	-0.00947	0.66800	0.00380	1	0.06301	-0.01442	0.68432	0.00399	1	1.45898	0.81042	0	
1250191	8432.38965	3305123493203	0.51096	0.39944	8432.27637	0.11328	11312	1	0.53368	0.41826	1	0.49393	0.34531	1	0.51380	0.38179	1	0.47744	0.53700	11.04532	1.05978	1	0.74042	0.55940	10.92997	1.05110	1	-0.00546	-0.00947	0.66800	0.00359	1	0.06301	-0.01442	0.68432	0.00403	1	1.45898	0.81042	0	
1250192	8432.39648	3305123560063	0.50999	0.39763	8432.27637	0.12012	11312	1	0.53368	0.41826	0	0.49260	0.36518	1	0.49260	0.36518	1	0.47744	0.53700	11.04532	1.04308	0	0.47765	0.53757	11.38869	1.02674	1	-0.00546	-0.00947	0.66800	0.00359	1	-0.00546	-0.00947	0.66800	0.00360	1	1.45898	0.81042	0	
1250193	8432.40332	3305123625411	0.50330	0.39766	8432.27637	0.12695	11312	1	0.53368	0.41826	0	0.37617	0.39818	1	0.37617	0.39818	1	0.47744	0.53700	11.04532	1.02674	0	0.47749	0.53681	11.05383	1.01908	1	-0.00546	-0.00947	0.66800	0.00359	1	-0.00546	-0.00947	0.66800	0.00361	1	1.45898	0.81042	0	
1250194	8432.41016	3305123692099	0.49722	0.39875	8432.27637	0.13379	11312	1	0.53368	0.41826	0	0.37555	0.42055	1	0.37555	0.42055	1	0.47744	0.53700	11.04532	1.01908	0	0.47747	0.53700	11.13143	1.01142	1	-0.00546	-0.00947	0.66800	0.00359	1	-0.00546	-0.00947	0.66800	0.00356	1	1.45898	0.81042	0	
1250195	8432.41699	3305123762902	0.49169	0.39974	8432.27637	0.14062	11312	1	0.53368	0.41826	0	0.37555	0.42055	1	0.37555	0.42055	1	0.47744	0.53700	11.04532	1.01142	0	0.47738	0.53697	10.94576	1.01142	1	-0.00546	-0.00947	0.66800	0.00359	1	-0.00550	-0.00957	0.67903	0.00353	1	1.45898	0.81042	0	
1250196	8432.42285	3305123828290	0.48725	0.40022	8432.27637	0.14648	11312	1	0.53368	0.41826	0	0.38960	0.41082	1	0.38960	0.41082	1	0.47744	0.53700	11.04532	1.01142	0	0.47774	0.53702	11.19544	1.01908	1	-0.00546	-0.00947	0.66800	0.00359	1	-0.00550	-0.00957	0.67903	0.00351	1	1.45898	0.81042	0	
1250197	8432.42969	3305123894812	0.45468	0.40060	8432.27637	0.14648	11312	0	0.53368	0.41826	0	0.38645	0.41757	1	0.38645	0.41757	1	0.47744	0.53700	11.04532	1.01908	0	0.47769	0.53717	11.24755	1.02674	1	-0.00546	-0.00947	0.66800	0.00359	1	-0.00550	-0.00957	0.67903	0.00348	1	1.45898	0.81042	0	
1250198	8432.43652	3305123961020	0.42020	0.40290	8432.27637	0.14648	11312	0	0.53368	0.41826	0	0.38571	0.40521	1	0.38571	0.40521	1	0.47744	0.53700	11.04532	1.02674	0	0.47751	0.53709	11.39252	1.04308	1	-0.00546	-0.00947	0.66800	0.00359	1	-0.00580	-0.01000	0.70909	0.00353	1	1.45898	0.81042	0	
1250199	8432.44336	3305124029771	0.40867	0.39967	8432.27637	0.14648	11312	0	0.53368	0.41826	0	0.38560	0.39322	1	0.38560	0.39322	1	0.47744	0.53700	11.04532	1.04308	0	0.47766	0.53720	11.61958	1.05176	1	-0.00546	-0.00947	0.66800	0.00359	1	-0.00580	-0.01000	0.70909	0.00341	1	1.45898	0.81042	0	
1250200	8432.45020	3305124095948	0.39832	0.40785	8432.42969	0.02051	11313	1	0.53368	0.41826	0	0.36730	0.43239	1	0.36730	0.43239	1	0.47744	0.53700	11.04532	1.05176	0	0.47743	0.53738	11.24602	1.06044	1	-0.00546	-0.00947	0.66800	0.00359	1	-0.00580	-0.01000	0.70909	0.00347	1	1.45898	0.81042	0	
1250201	8432.45703	3305124163395	0.39212	0.41276	8432.42969	0.02734	11313	1	0.53368	0.41826	0	0.36730	0.43239	1	0.36730	0.43239	1	0.47744	0.53700	11.04532	1.06044	0	0.47763	0.53727	11.49361	1.06044	1	-0.00546	-0.00947	0.66800	0.00359	1	-0.00556	-0.00956	0.67423	0.00342	1	1.45898	0.81042	0	
1250202	8432.46387	3305124229753	0.41152	0.41658	8432.42969	0.03418	11313	1	0.52410	0.44416	1	0.49298	0.42715	1	0.50854	0.43566	1	0.47760	0.53703	11.26015	1.06044	1	0.74044	0.55978	10.92943	1.05176	1	-0.00546	-0.00947	0.66800	0.00352	1	-0.00556	-0.00956	0.67423	0.00388	1	1.45898	0.81042	0	
1250203	8432.46973	3305124296705	0.42391	0.41687	8432.42969	0.04004	11313	1	0.51628	0.40179	1	0.48018	0.43544	1	0.49823	0.41861	1	0.47758	0.53690	11.25576	1.05176	1	0.74063	0.55975	12.10481	1.04308	1	-0.00546	-0.00947	0.66800	0.00351	1	-0.00556	-0.00956	0.67423	0.00386	1	1.45898	0.81042	0	
1250204	8432.47656	3305124364354	0.43324	0.41789	8432.42969	0.04688	11313	1	0.51726	0.40821	1	0.47981	0.44182	1	0.49854	0.42501	1	0.47742	0.53681	11.41466	1.04308	1	0.74086	0.56038	12.21156	1.03440	1	-0.00537	-0.00927	0.65732	0.00354	1	0.06224	-0.01417	0.67488	0.00384	1	1.45898	0.81042	0	
1250205	8432.48340	3305124431621	0.44005	0.42283	8432.42969	0.05371	11313	1	0.52364	0.41152	1	0.46547	0.51324	1	0.49455	0.46238	1	0.47762	0.53667	11.17338	1.03440	1	0.74073	0.56018	12.02586	1.03440	1	-0.00537	-0.00927	0.65732	0.00361	1	0.06224	-0.01417	0.67488	0.00388	1	1.45898	0.81042	0	
1250206	8432.49023	3305124497546	0.44652	0.42757	8432.42969	0.06055	11313	1	0.52423	0.43317	1	0.48530	0.50722	1	0.50477	0.47020	1	0.47764	0.53685	11.13114	1.03440	1	0.74077	0.56008	11.87235	1.03440	1	-0.00537	-0.00927	0.65732	0.00354	1	0.06224	-0.01417	0.67488	0.00396	1	1.45898	0.81042	0	
1250207	8432.49707	3305124565678	0.45184	0.43118	8432.42969	0.06738	11313	1	0.52423	0.43317	1	0.48571	0.50139	1	0.50497	0.46728	1	0.47765	0.53715	11.48151	1.03440	1	0.74053	0.55968	11.42220	1.04308	1	-0.00537	-0.00927	0.65732	0.00345	1	0.06472	-0.01464	0.70230	0.00398	1	1.45898	0.81042	0	
1250208	8432.50391	3305124631706	0.45747	0.43039	8432.42969	0.07422	11313	1	0.54027	0.42880	1	0.49860	0.41470	1	0.51943	0.42175	1	0.47755	0.53716	11.64217	1.04308	1	0.74048	0.55980	11.46240	1.05176	1	-0.00537	-0.00927	0.65732	0.00345	1	0.06472	-0.01464	0.70230	0.00386	1	1.45898	0.81042	0	
1250209	8432.51074	3305124698740	0.46263	0.42943	8432.42969	0.08105	11313	1	0.53676	0.41894	1	0.51248	0.41682	1	0.52462	0.41788	1	0.47747	0.53691	11.22503	1.05176	1	0.74064	0.55927	11.40949	1.06044	1	-0.00537	-0.00927	0.65732	0.00359	1	0.06472	-0.01464	0.70230	0.00368	1	1.45898	0.81042	0	
1250210	8432.51660	3305124764763	0.46703	0.42796	8432.42969	0.08691	11313	1	0.53517	0.40687	1	0.51305	0.41087	1	0.52411	0.40887	1	0.47765	0.53697	11.29987	1.06846	1	0.74048	0.55981	11.26149	1.06846	1	-0.00558	-0.00948	0.67607	0.00361	1	0.06301	-0.01422	0.68432	0.00379	1	1.45898	0.81042	0	
1250211	8432.52344	3305124832762	0.47053	0.42808	8432.42969	0.09375	11313	1	0.54814	0.42053	1	0.49103	0.43914	1	0.51959	0.42983	1	0.47763	0.53726	11.69754	1.07647	1	0.74043	0.55959	11.57414	1.06779	1	-0.00558	-0.00948	0.67607	0.00348	1	0.06301	-0.01422	0.68432	0.00368	1	1.45898	0.81042	0	
1250212	8432.53027	3305124897641	0.49870	0.43548	8432.42969	0.09375	11313	0	0.54367	0.40755	1	0.49595	0.46437	1	0.51981	0.43596	1	0.47756	0.53716	11.31460	1.07581	1	0.74051	0.55956	11.34997	1.06713	1	-0.00558	-0.00948	0.67607	0.00351	1	0.06301	-0.01422	0.68432	0.00373	1	1.45898	0.81042	0	
1250213	8432.53711	3305124964832	0.50926	0.43596	8432.42969	0.09375	11313	0	0.54373	0.40803	1	0.49591	0.46483	1	0.51982	0.43643	1	0.47733	0.53718	11.20722	1.07515	1	0.74008	0.55951	11.86288	1.06646	1	-0.00588	-0.00994	0.71289	0.00353	1	0.06277	-0.01424	0.68285	0.00382	1	1.45898	0.81042	0	
1250214	8432.54297	3305125028821	0.50778	0.43408	8432.42969	0.09375	11313	0	0.52188	0.42847	1	0.48776	0.43217	1	0.50482	0.43032	1	0.47724	0.53709	10.46669	1.06646	1	0.74034	0.55944	11.04363	1.06646	1	-0.00588	-0.00994	0.71289	0.00362	1	0.06277	-0.01424	0.68285	0.00383	1	1.45898	0.81042	0	
1250215	8432.54980	3305125097364	0.50687	0.43215	8432.53027	0.01953	11314	1	0.52063	0.42253	1	0.48767	0.43018	1	0.50415	0.42635	1	0.47724	0.53720	10.65437	1.06646	1	0.74038	0.55953	11.29622	1.06646	1	-0.00588	-0.00994	0.71289	0.00355	1	0.06277	-0.01424	0.68285	0.00378	1	1.45898	0.81042	0	
1250216	8432.55664	3305125164796	0.50633	0.43099	8432.53027	0.02637	11314	1	0.52063	0.42253	1	0.48767	0.43018	1	0.50415	0.42635	1	0.47719	0.53735	10.79719	1.06646	1	0.74025	0.55987	11.76502	1.06646	1	-0.00565	-0.00955	0.68473	0.00351	1	0.06277	-0.01414	0.68285	0.00369	1	1.45898	0.81042	0	
1250217	8432.56348	3305125231508	0.50511	0.43063	8432.53027	0.03320	11314	1	0.52235	0.43413	1	0.47573	0.42352	1	0.49904	0.42882	1	0.47730	0.53720	10.48286	1.06646	1	0.74012	0.55953	12.06312	1.06646	1	-0.00565	-0.00955	0.68473	0.00357	1	0.06277	-0.01414	0.68285	0.00380	1	1.45898	0.81042	0	
1250218	8432.57031	3305125302069	0.50424	0.43307	8432.53027	0.04004	11314	1	0.51809	0.42309	1	0.47984	0.47244	1	0.49896	0.44776	1	0.47719	0.53722	10.35870	1.06646	1	0.74026	0.55982	11.84885	1.06646	1	-0.00565	-0.00955	0.68473	0.00353	1	0.06277	-0.01414	0.68285	0.00373	1	1.45898	0.81042	0	
1250219	8432.57715	3305125366993	0.50358	0.43491	8432.53027	0.04688	11314	1	0.51809	0.42309	1	0.47984	0.47244	1	0.49896	0.44776	1	0.47717	0.53710	10.34844	1.06646	1	0.74002	0.55967	11.95818	1.06646	1	-0.00565	-0.00955	0.68473	0.00352	1	0.06277	-0.01414	0.68285	0.00377	1	1.45898	0.81042	0	
1250220	8432.58398	3305125432627	0.50299	0.43232	8432.53027	0.05371	11314	1	0.52596	0.41179	1	0.47063	0.41145	1	0.49829	0.41162	1	0.47726	0.53696	10.20221	1.06646	1	0.74002	0.55934	11.55784	1.06646	1	-0.00565	-0.00955	0.68473	0.00369	1	0.06277	-0.01414	0.68285	0.00384	1	1.45898	0.81042	0	
1250221	8432.59082	3305125499540	0.50226	0.43039	8432.53027	0.06055	11314	1	0.52463	0.41575	1	0.46682	0.41017	1	0.49573	0.41296	1	0.47730	0.53714	10.60663	1.06646	1	0.74003	0.55926	11.62344	1.06646	1	-0.00565	-0.00955	0.68473	0.00357	1	0.06277	-0.01414	0.68285	0.00382	1	1.45898	0.81042	0	
1250222	8432.59766	3305125569384	0.50167	0.42880	8432.53027	0.06738	11314	1	0.52463	0.41575	1	0.46682	0.41017	1	0.49573	0.41296	1	0.47737	0.53720	10.75991	1.06646	1	0.74040	0.55843	11.02591	1.06646	1	-0.00565	-0.00955	0.68473	0.00350	1	0.06277	-0.01414	0.68285	0.00409	1	1.45898	0.81042	0	
1250223	8432.60449	3305125636182	0.50170	0.42725	8432.53027	0.07422	11314	1	0.52068	0.43053	1	0.48349	0.38978	1	0.50208	0.41016	1	0.47718	0.53718	10.44223	1.06646	1	0.74028	0.55902	11.23711	1.06646	1	-0.00565	-0.00955	0.68473	0.00348	1	0.06277	-0.01414	0.68285	0.00389	1	1.45898	0.81042	0	
1250224	8432.61035	3305125703286	0.50201	0.42624	8432.53027	0.08008	11314	1	0.52906	0.43783	1	0.48225	0.39051	1	0.50566	0.41417	1	0.47739	0.53742	10.69122	1.06646	1	0.74021	0.55906	11.29703	1.06646	1	-0.00565	-0.00955	0.68473	0.00349	1	0.06277	-0.01414	0.68285	0.00388	1	1.45898	0.81042	0	
1250225	8432.61719	3305125768467	0.50060	0.42369	8432.53027	0.08691	11314	1	0.52906	0.43783	0	0.48225	0.39051	1	0.48225	0.39051	1	0.47739	0.53742	10.69122	1.06646	0	0.47709	0.53722	10.37510	1.06646	1	-0.00565	-0.00955	0.68473	0.00349	1	-0.00565	-0.00955	0.68473	0.00350	1	1.45898	0.81042	0	
1250226	8432.62402	3305125837425	0.49247	0.42049	8432.53027	0.09375	11314	1	0.52906	0.43783	0	0.37866	0.37562	1	0.37866	0.37562	1	0.47739	0.53742	10.69122	1.06646	0	0.47715	0.53682	10.08134	1.06646	1	-0.00565	-0.00955	0.68473	0.00349	1	-0.00565	-0.00955	0.68473	0.00354	1	1.45898	0.81042	0	
1250227	8432.63086	3305125904541	0.48499	0.41898	8432.53027	0.10059	11314	1	0.52906	0.43783	0	0.37286	0.39644	1	0.37286	0.39644	1	0.47739	0.53742	10.69122	1.06646	0	0.47714	0.53703	10.22985	1.06646	1	-0.00565	-0.00955	0.68473	0.00349	1	-0.00565	-0.00955	0.68473	0.00356	1	1.45898	0.81042	0	
1250228	8432.63770	3305125971210	0.47840	0.41766	8432.53027	0.10742	11314	1	0.52906	0.43783	0	0.37286	0.39644	1	0.37286	0.39644	1	0.47739	0.53742	10.69122	1.06646	0	0.47713	0.53682	10.12821	1.06646	1	-0.00565	-0.00955	0.68473	0.00349	1	-0.00565	-0.00955	0.68473	0.00365	1	1.45898	0.81042	0	
1250229	8432.64453	3305126038959	0.47263	0.41322	8432.53027	0.11426	11314	1	0.52906	0.43783	0	0.37459	0.33774	1	0.37459	0.33774	1	0.47739	0.53742	10.69122	1.06646	0	0.47714	0.53674	10.10297	1.06646	1	-0.00565	-0.00955	0.68473	0.00349	1	-0.00565	-0.00955	0.68473	0.00368	1	1.45898	0.81042	0	
1250230	8432.65137	3305126105374	0.44596	0.39819	8432.53027	0.11426	11314	0	0.52906	0.43783	0	0.37386	0.37184	1	0.37386	0.37184	1	0.47739	0.53742	10.69122	1.06646	0	0.47705	0.53719	10.92659	1.06646	1	-0.00565	-0.00955	0.68473	0.00349	1	-0.00565	-0.00955	0.68473	0.00349	1	1.45898	0.81042	0	
1250231	8432.65820	3305126172923	0.40991	0.38501	8432.53027	0.11426	11314	0	0.52906	0.43783	0	0.37386	0.37184	1	0.37386	0.37184	1	0.47739	0.53742	10.69122	1.06646	0	0.47732	0.53702	10.34570	1.06646	1	-0.00565	-0.00955	0.68473	0.00349	1	-0.00565	-0.00955	0.68473	0.00365	1	1.45898	0.81042	0	
1250232	8432.66406	3305126238417	0.39815	0.37764	8432.53027	0.11426	11314	0	0.52906	0.43783	0	0.37462	0.36289	1	0.37462	0.36289	1	0.47739	0.53742	10.69122	1.06646	0	0.47711	0.53693	10.06734	1.06646	1	-0.00565	-0.00955	0.68473	0.00349	1	-0.00565	-0.00955	0.68473	0.00364	1	1.45898	0.81042	0	
1250233	8432.67090	3305126306303	0.38980	0.37981	8432.65137	0.01953	11315	1	0.52906	0.43783	0	0.36476	0.38635	1	0.36476	0.38635	1	0.47739	0.53742	10.69122	1.06646	0	0.47699	0.53699	10.16176	1.06646	1	-0.00565	-0.00955	0.68473	0.00349	1	-0.00565	-0.00955	0.68473	0.00364	1	1.45898	0.81042	0	
1250234	8432.67773	3305126373016	0.38479	0.38112	8432.65137	0.02637	11315	1	0.52906	0.43783	0	0.36476	0.38635	1	0.36476	0.38635	1	0.47739	0.53742	10.69122	1.06646	0	0.47728	0.53734	10.38779	1.06646	1	-0.00565	-0.00955	0.68473	0.00349	1	-0.00565	-0.00955	0.68473	0.00344	1	1.45898	0.81042	0	
1250235	8432.68457	3305126437939	0.38946	0.38694	8432.65137	0.03320	11315	1	0.52906	0.43783	0	0.41282	0.41602	1	0.41282	0.41602	1	0.47739	0.53742	10.69122	1.06646	0	0.47782	0.53755	11.11823	1.06646	1	-0.00565	-0.00955	0.68473	0.00349	1	-0.00565	-0.00955	0.68473	0.00356	1	1.45898	0.81042	0	
1250236	8432.69141	3305126507277	0.38985	0.38781	8432.65137	0.04004	11315	1	0.52906	0.43783	0	0.39214	0.39304	1	0.39214	0.39304	1	0.47739	0.53742	10.69122	1.06646	0	0.47740	0.53727	10.28198	1.06646	1	-0.00565	-0.00955	0.68473	0.00349	1	-0.00565	-0.00955	0.68473	0.00348	1	1.45898	0.81042	0	
1250237	8432.69824	3305126574028	0.39013	0.38846	8432.65137	0.04688	11315	1	0.52906	0.43783	0	0.39214	0.39304	1	0.39214	0.39304	1	0.47739	0.53742	10.69122	1.06646	0	0.47744	0.53739	10.69570	1.06646	1	-0.00565	-0.00955	0.68473	0.00349	1	-0.00565	-0.00955	0.68473	0.00348	1	1.45898	0.81042	0	
1250238	8432.70508	3305126641173	0.38898	0.39139	8432.65137	0.05371	11315	1	0.52906	0.43783	0	0.37973	0.41478	1	0.37973	0.41478	1	0.47739	0.53742	10.69122	1.06646	0	0.47721	0.53748	10.87057	1.06646	1	-0.00565	-0.00955	0.68473	0.00349	1	-0.00565	-0.00955	0.68473	0.00342	1	1.45898	0.81042	0	
1250239	8432.71094	3305126708167	0.40243	0.39456	8432.65137	0.05957	11315	1	0.55057	0.44168	1	0.49655	0.40454	1	0.52356	0.42311	1	0.47773	0.53735	10.20652	1.06646	1	0.74045	0.55921	11.20866	1.06646	1	-0.00565	-0.00955	0.68473	0.00340	1	-0.00565	-0.00955	0.68473	0.00386	1	1.45898	0.81042	0	
1250240	8432.71777	3305126774803	0.41343	0.39656	8432.65137	0.06641	11315	1	0.54981	0.43541	1	0.49706	0.39773	1	0.52343	0.41657	1	0.47790	0.53718	10.37645	1.07555	1	0.74040	0.55890	10.90762	1.07555	1	-0.00574	-0.00979	0.70171	0.00351	1	0.06224	-0.01397	0.67488	0.00395	1	1.45898	0.81042	0	
1250241	8432.72461	3305126841985	0.42014	0.39745	8432.65137	0.07324	11315	1	0.51321	0.41326	1	0.47470	0.40117	1	0.49395	0.40721	1	0.47757	0.53708	9.53914	1.08464	1	0.74010	0.55923	11.22570	1.08464	1	-0.00574	-0.00979	0.70171	0.00349	1	0.06224	-0.01397	0.67488	0.00411	1	1.45898	0.81042	0	
1250242	8432.73145	3305126906832	0.42381	0.39809	8432.65137	0.08008	11315	1	0.51321	0.41326	0	0.46784	0.40574	1	0.46784	0.40574	1	0.47757	0.53708	9.53914	1.09372	0	0.74037	0.55956	11.30868	1.09372	1	-0.00574	-0.00979	0.70171	0.00349	1	0.06224	-0.01397	0.67488	0.00376	1	1.45898	0.81042	0	
1250243	8432.73828	3305126976521	0.42698	0.39816	8432.65137	0.08691	11315	1	0.51321	0.41326	0	0.46811	0.39914	1	0.46811	0.39914	1	0.47757	0.53708	9.53914	1.10281	0	0.74054	0.55955	11.10925	1.10281	1	-0.00574	-0.00979	0.70171	0.00349	1	0.06224	-0.01397	0.67488	0.00375	1	1.45898	0.81042	0	
1250244	8432.74512	3305127042814	0.42698	0.39816	8432.65137	0.09375	11315	1	0.51321	0.41326	0	0.46811	0.39914	0	0.46811	0.39914	0	0.47757	0.53708	9.53914	1.10281	0	0.74054	0.55955	11.10925	1.10281	0	-0.00574	-0.00979	0.70171	0.00349	1	0.06224	-0.01397	0.67488	0.00375	1	1.45898	0.81042	0	
1250245	8432.75098	3305127107935	0.42698	0.39816	8432.65137	0.09961	11315	1	0.51321	0.41326	0	0.46811	0.39914	0	0.46811	0.39914	0	0.47757	0.53708	9.53914	1.10281	0	0.74054	0.55955	11.10925	1.10281	0	-0.00574	-0.00979	0.70171	0.00349	1	0.06224	-0.01397	0.67488	0.00375	1	1.45898	0.81042	0	
1250246	8432.75781	3305127176948	0.42698	0.39816	8432.65137	0.10645	11315	1	0.51321	0.41326	0	0.46811	0.39914	0	0.46811	0.39914	0	0.47757	0.53708	9.53914	1.10281	0	0.74054	0.55955	11.10925	1.10281	0	-0.00574	-0.00979	0.70171	0.00349	1	0.06224	-0.01397	0.67488	0.00375	1	1.45898	0.81042	0	
1250247	8432.76465	3305127243702	0.42982	0.40035	8432.65137	0.10645	11315	0	0.51321	0.41326	0	0.46811	0.39914	0	0.46811	0.39914	0	0.47757	0.53708	9.53914	1.10281	0	0.74054	0.55955	11.10925	1.10281	0	-0.00574	-0.00979	0.70171	0.00349	1	0.06224	-0.01397	0.67488	0.00375	1	1.45898	0.81042	0	
1250248	8432.77148	3305127311068	0.42982	0.40035	8432.65137	0.10645	11315	0	0.51321	0.41326	0	0.46811	0.39914	0	0.46811	0.39914	0	0.47757	0.53708	9.53914	1.10281	0	0.74054	0.55955	11.10925	1.10281	0	-0.00574	-0.00979	0.70171	0.00349	1	0.06224	-0.01397	0.67488	0.00375	1	1.45898	0.81042	0	
1250249	8432.77832	3305127377860	0.42982	0.40035	8432.65137	0.10645	11315	0	0.51321	0.41326	0	0.46811	0.39914	0	0.46811	0.39914	0	0.47757	0.53708	9.53914	1.10281	0	0.74054	0.55955	11.10925	1.10281	0	-0.00574	-0.00979	0.70171	0.00349	1	0.06224	-0.01397	0.67488	0.00375	1	1.45898	0.81042	0	
1250250	8432.78516	3305127445391	0.00000	0.00000	8432.65137	0.10645	11315	0	0.51321	0.41326	0	0.46811	0.39914	0	0.46811	0.39914	0	0.47757	0.53708	9.53914	1.10281	0	0.74054	0.55955	11.10925	1.10281	0	-0.00574	-0.00979	0.70171	0.00349	1	0.06224	-0.01397	0.67488	0.00375	1	1.45898	0.81042	0	
1250251	8432.79199	3305127510729	0.00000	0.00000	8432.65137	0.10645	11315	0	0.51321	0.41326	0	0.46811	0.39914	0	0.46811	0.39914	0	0.47757	0.53708	9.53914	1.10281	0	0.74054	0.55955	11.10925	1.10281	0	-0.00574	-0.00979	0.70171	0.00349	1	0.06224	-0.01397	0.67488	0.00375	1	1.45898	0.81042	0	
1250252	8432.79785	3305127578459	0.00000	0.00000	8432.65137	0.10645	11315	0	0.51321	0.41326	0	0.46811	0.39914	0	0.46811	0.39914	0	0.47757	0.53708	9.53914	1.10281	0	0.74054	0.55955	11.10925	1.10281	0	-0.00574	-0.00979	0.70171	0.00349	1	0.06224	-0.01397	0.67488	0.00375	1	1.45898	0.81042	0	
1250253	8432.80469	3305127646568	0.00000	0.00000	8432.65137	0.10645	11315	0	0.51321	0.41326	0	0.46811	0.39914	0	0.46811	0.39914	0	0.47757	0.53708	9.53914	1.10281	0	0.74054	0.55955	11.10925	1.10281	0	-0.00574	-0.00979	0.70171	0.00349	1	0.06224	-0.01397	0.67488	0.00375	1	1.45898	0.81042	0	
1250254	8432.81152	3305127713630	0.00000	0.00000	8432.65137	0.10645	11315	0	0.51321	0.41326	0	0.46811	0.39914	0	0.46811	0.39914	0	0.47757	0.53708	9.53914	1.10281	0	0.74054	0.55955	11.10925	1.10281	0	-0.00574	-0.00979	0.70171	0.00349	1	0.06224	-0.01397	0.67488	0.00375	1	1.45898	0.81042	0	
1250255	8432.81836	3305127780765	0.00000	0.00000	8432.65137	0.10645	11315	0	0.51321	0.41326	0	0.46811	0.39914	0	0.46811	0.39914	0	0.47757	0.53708	9.53914	1.10281	0	0.74054	0.55955	11.10925	1.10281	0	-0.00574	-0.00979	0.70171	0.00349	1	0.06224	-0.01397	0.67488	0.00375	1	1.45898	0.81042	0	
1250256	8432.82520	3305127846758	0.00000	0.00000	8432.65137	0.10645	11315	0	0.51321	0.41326	0	0.46811	0.39914	0	0.46811	0.39914	0	0.47757	0.53708	9.53914	1.10281	0	0.74054	0.55955	11.10925	1.10281	0	-0.00574	-0.00979	0.70171	0.00349	1	0.06224	-0.01397	0.67488	0.00375	1	1.45898	0.81042	0	
1250257	8432.83203	3305127914548	0.00000	0.00000	8432.65137	0.10645	11315	0	0.51321	0.41326	0	0.46811	0.39914	0	0.46811	0.39914	0	0.47757	0.53708	9.53914	1.10281	0	0.74054	0.55955	11.10925	1.10281	0	-0.00574	-0.00979	0.70171	0.00349	1	0.06224	-0.01397	0.67488	0.00375	1	1.45898	0.81042	0	
1250258	8432.83887	3305127982004	0.00000	0.00000	8432.65137	0.10645	11315	0	0.51321	0.41326	0	0.46811	0.39914	0	0.46811	0.39914	0	0.47757	0.53708	9.53914	1.10281	0	0.74054	0.55955	11.10925	1.10281	0	-0.00574	-0.00979	0.70171	0.00349	1	0.06224	-0.01397	0.67488	0.00375	1	1.45898	0.81042	0	
1250259	8432.84570	3305128049353	0.00000	0.00000	8432.65137	0.10645	11315	0	0.51321	0.41326	0	0.46811	0.39914	0	0.46811	0.39914	0	0.47757	0.53708	9.53914	1.10281	0	0.74054	0.55955	11.10925	1.10281	0	-0.00574	-0.00979	0.70171	0.00349	1	0.06224	-0.01397	0.67488	0.00375	1	1.45898	0.81042	0	
1250260	8432.85156	3305128114265	0.00000	0.00000	8432.65137	0.10645	11315	0	0.51321	0.41326	0	0.46811	0.39914	0	0.46811	0.39914	0	0.47757	0.53708	9.53914	1.10281	0	0.74054	0.55955	11.10925	1.10281	0	-0.00574	-0.00979	0.70171	0.00349	1	0.06224	-0.01397	0.67488	0.00375	1	1.45898	0.81042	0	
1250261	8432.85840	3305128181513	0.00000	0.00000	8432.65137	0.10645	11315	0	0.51321	0.41326	0	0.46811	0.39914	0	0.46811	0.39914	0	0.47757	0.53708	9.53914	1.10281	0	0.74054	0.55955	11.10925	1.10281	0	-0.00574	-0.00979	0.70171	0.00349	1	0.06224	-0.01397	0.67488	0.00375	1	1.45898	0.81042	0	
1250262	8432.86523	3305128248492	0.44971	0.28159	8432.65137	0.10645	11315	0	0.48849	0.14616	1	0.41092	0.41702	1	0.44971	0.28159	1	0.47840	0.53384	10.26784	1.10281	1	0.74061	0.55957	12.10752	1.10281	1	-0.00574	-0.00979	0.70171	0.00207	1	0.06224	-0.01397	0.67488	0.00383	1	1.45898	0.81042	0	
1250263	8432.87207	3305128314515	0.45539	0.28600	8432.65137	0.10645	11315	0	0.48849	0.20501	1	0.43366	0.37583	1	0.46107	0.29042	1	0.47833	0.53383	10.35987	1.10281	1	0.74100	0.55930	11.25481	1.10281	1	-0.00574	-0.00979	0.70171	0.00211	1	0.06224	-0.01397	0.67488	0.00381	1	1.45898	0.81042	0	
1250264	8432.87891	3305128382912	0.45748	0.28995	8432.65137	0.10645	11315	0	0.48965	0.21306	1	0.43366	0.38260	1	0.46166	0.29783	1	0.47835	0.53381	10.41033	1.09372	1	0.74106	0.55974	11.66494	1.09372	1	-0.00528	-0.00952	0.68986	0.00212	1	0.06431	-0.01444	0.69504	0.00372	1	1.45898	0.81042	0	
1250265	8432.88574	3305128448850	0.43473	0.24271	8432.86523	0.02051	11316	1	0.48965	0.21306	0	0.36647	0.10102	1	0.36647	0.10102	1	0.47835	0.53381	10.41033	1.08464	0	0.47846	0.53371	10.44348	1.08464	1	-0.00528	-0.00952	0.68986	0.00212	1	0.06431	-0.01444	0.69504	0.00205	1	1.45898	0.81042	0	
1250266	8432.89258	3305128516583	0.41963	0.21972	8432.86523	0.02734	11316	1	0.48965	0.21306	0	0.35924	0.12775	1	0.35924	0.12775	1	0.47835	0.53381	10.41033	1.07555	0	0.47835	0.53384	10.34011	1.07555	1	-0.00528	-0.00952	0.68986	0.00212	1	0.06431	-0.01444	0.69504	0.00212	1	1.45898	0.81042	0	
1250267	8432.89844	3305128583746	0.40967	0.20589	8432.86523	0.03320	11316	1	0.48965	0.21306	0	0.35984	0.13672	1	0.35984	0.13672	1	0.47835	0.53381	10.41033	1.06646	0	0.47856	0.53362	10.64676	1.06646	1	-0.00528	-0.00952	0.68986	0.00212	1	-0.00515	-0.00934	0.67320	0.00209	1	1.45898	0.81042	0	
1250268	8432.90527	3305128648417	0.40470	0.19290	8432.86523	0.04004	11316	1	0.48965	0.21306	0	0.37489	0.11500	1	0.37489	0.11500	1	0.47835	0.53381	10.41033	1.06646	0	0.47861	0.53367	10.64987	1.06646	1	-0.00528	-0.00952	0.68986	0.00212	1	-0.00515	-0.00934	0.67320	0.00218	1	1.45898	0.81042	0	
1250269	8432.91211	3305128717536	0.40101	0.18544	8432.86523	0.04688	11316	1	0.48965	0.21306	0	0.37523	0.13318	1	0.37523	0.13318	1	0.47835	0.53381	10.41033	1.06646	0	0.47861	0.53381	10.24149	1.06646	1	-0.00528	-0.00952	0.68986	0.00212	1	-0.00515	-0.00934	0.67320	0.00205	1	1.45898	0.81042	0	
1250270	8432.91895	3305128784749	0.39815	0.17963	8432.86523	0.05371	11316	1	0.48965	0.21306	0	0.37523	0.13318	1	0.37523	0.13318	1	0.47835	0.53381	10.41033	1.06646	0	0.47860	0.53382	10.24328	1.06646	1	-0.00528	-0.00952	0.68986	0.00212	1	-0.00528	-0.00952	0.68986	0.00205	1	1.45898	0.81042	0	
1250271	8432.92578	3305128851058	0.39740	0.17458	8432.86523	0.06055	11316	1	0.48965	0.21306	0	0.39063	0.12910	1	0.39063	0.12910	1	0.47835	0.53381	10.41033	1.06646	0	0.47863	0.53386	10.31657	1.06646	1	-0.00528	-0.00952	0.68986	0.00212	1	-0.00528	-0.00952	0.68986	0.00206	1	1.45898	0.81042	0	
1250272	8432.93164	3305128914424	0.39672	0.17093	8432.86523	0.06641	11316	1	0.48965	0.21306	0	0.38993	0.13440	1	0.38993	0.13440	1	0.47835	0.53381	10.41033	1.06646	0	0.47865	0.53387	10.03271	1.06646	1	-0.00528	-0.00952	0.68986	0.00212	1	-0.00528	-0.00952	0.68986	0.00210	1	1.45898	0.81042	0	
1250273	8432.93848	3305128984777	0.39613	0.16716	8432.86523	0.07324	11316	1	0.48965	0.21306	0	0.38959	0.12579	1	0.38959	0.12579	1	0.47835	0.53381	10.41033	1.06646	0	0.47874	0.53388	10.31009	1.07515	1	-0.00528	-0.00952	0.68986	0.00212	1	-0.00541	-0.00985	0.71371	0.00205	1	1.45898	0.81042	0	
1250274	8432.94531	3305129050046	0.39495	0.16439	8432.86523	0.08008	11316	1	0.48965	0.21306	0	0.38083	0.13107	1	0.38083	0.13107	1	0.47835	0.53381	10.41033	1.07515	0	0.47867	0.53384	10.40518	1.08383	1	-0.00528	-0.00952	0.68986	0.00212	1	-0.00541	-0.00985	0.71371	0.00204	1	1.45898	0.81042	0	
1250275	8432.95215	3305129117442	0.39426	0.16003	8432.86523	0.08691	11316	1	0.48965	0.21306	0	0.38532	0.10336	1	0.38532	0.10336	1	0.47835	0.53381	10.41033	1.08383	0	0.47863	0.53384	10.25626	1.09251	1	-0.00528	-0.00952	0.68986	0.00212	1	-0.00541	-0.00985	0.71371	0.00206	1	1.45898	0.81042	0	
1250276	8432.95898	3305129183212	0.37771	0.12283	8432.86523	0.08691	11316	0	0.48965	0.21306	0	0.38532	0.10336	1	0.38532	0.10336	1	0.47835	0.53381	10.41033	1.09251	0	0.47864	0.53371	10.51240	1.09251	1	-0.00528	-0.00952	0.68986	0.00212	1	-0.00513	-0.00945	0.68451	0.00205	1	1.45898	0.81042	0	
1250277	8432.96582	3305129251320	0.37586	0.12796	8432.86523	0.08691	11316	0	0.48965	0.21306	0	0.37401	0.13308	1	0.37401	0.13308	1	0.47835	0.53381	10.41033	1.09251	0	0.47859	0.53390	10.29221	1.08383	1	-0.00528	-0.00952	0.68986	0.00212	1	-0.00513	-0.00945	0.68451	0.00207	1	1.45898	0.81042	0	
1250278	8432.97266	3305129316860	0.37658	0.12269	8432.86523	0.08691	11316	0	0.48965	0.21306	0	0.37803	0.11217	1	0.37803	0.11217	1	0.47835	0.53381	10.41033	1.08383	0	0.47866	0.53374	10.52510	1.07515	1	-0.00528	-0.00952	0.68986	0.00212	1	-0.00513	-0.00945	0.68451	0.00206	1	1.45898	0.81042	0	
1250279	8432.97949	3305129386775	0.37695	0.12006	8432.95898	0.02051	11317	1	0.48965	0.21306	0	0.37803	0.11217	1	0.37803	0.11217	1	0.47835	0.53381	10.41033	1.07515	0	0.47866	0.53374	10.52642	1.07515	1	-0.00528	-0.00952	0.68986	0.00212	1	-0.00541	-0.00985	0.71371	0.00206	1	1.45898	0.81042	0	
1250280	8432.98535	3305129451898	0.37784	0.11912	8432.95898	0.02637	11317	1	0.48965	0.21306	0	0.38141	0.11535	1	0.38141	0.11535	1	0.47835	0.53381	10.41033	1.07515	0	0.47866	0.53383	10.60979	1.08383	1	-0.00528	-0.00952	0.68986	0.00212	1	-0.00541	-0.00985	0.71371	0.00205	1	1.45898	0.81042	0	
1250281	8432.99219	3305129521089	0.37695	0.11645	8432.95898	0.03320	11317	1	0.48965	0.21306	0	0.37251	0.10312	1	0.37251	0.10312	1	0.47835	0.53381	10.41033	1.08383	0	0.47854	0.53379	10.35653	1.09251	1	-0.00528	-0.00952	0.68986	0.00212	1	-0.00541	-0.00985	0.71371	0.00203	1	1.45898	0.81042	0	
1250282	8432.99902	3305129588327	0.37632	0.11455	8432.95898	0.04004	11317	1	0.48965	0.21306	0	0.37251	0.10312	1	0.37251	0.10312	1	0.47835	0.53381	10.41033	1.09251	0	0.47847	0.53383	10.07767	1.09251	1	-0.00528	-0.00952	0.68986	0.00212	1	-0.00528	-0.00952	0.68986	0.00214	1	1.45898	0.81042	0	
1250283	8433.00586	3305129654895	0.37473	0.11498	8432.95898	0.04688	11317	1	0.48965	0.21306	0	0.36364	0.11805	1	0.36364	0.11805	1	0.47835	0.53381	10.41033	1.09251	0	0.47855	0.53384	10.42226	1.08383	1	-0.00528	-0.00952	0.68986	0.00212	1	-0.00528	-0.00952	0.68986	0.00214	1	1.45898	0.81042	0	
1250284	8433.01270	3305129721936	0.37393	0.11545	8432.95898	0.05371	11317	1	0.48965	0.21306	0	0.36748	0.11915	1	0.36748	0.11915	1	0.47835	0.53381	10.41033	1.08383	0	0.47852	0.53382	10.20857	1.07515	1	-0.00528	-0.00952	0.68986	0.00212	1	-0.00528	-0.00952	0.68986	0.00220	1	1.45898	0.81042	0	
1250285	8433.01953	3305129789213	0.37333	0.11668	8432.95898	0.06055	11317	1	0.48965	0.21306	0	0.36799	0.12780	1	0.36799	0.12780	1	0.47835	0.53381	10.41033	1.07515	0	0.47834	0.53381	10.38800	1.06646	1	-0.00528	-0.00952	0.68986	0.00212	1	-0.00515	-0.00934	0.67320	0.00213	1	1.45898	0.81042	0	
1250286	8433.02637	3305129855901	0.37338	0.11927	8432.95898	0.06738	11317	1	0.48965	0.21306	0	0.37382	0.14513	1	0.37382	0.14513	1	0.47835	0.53381	10.41033	1.06646	0	0.47843	0.53400	10.09216	1.06646	1	-0.00528	-0.00952	0.68986	0.00212	1	-0.00515	-0.00934	0.67320	0.00202	1	1.45898	0.81042	0	
1250287	8433.03320	3305129923296	0.37147	0.11910	8432.95898	0.07422	11317	1	0.48965	0.21306	0	0.35055	0.11726	1	0.35055	0.11726	1	0.47835	0.53381	10.41033	1.06646	0	0.47823	0.53379	10.41847	1.06646	1	-0.00528	-0.00952	0.68986	0.00212	1	-0.00515	-0.00934	0.67320	0.00209	1	1.45898	0.81042	0	
1250288	8433.03906	3305129990277	0.36986	0.11896	8432.95898	0.08008	11317	1	0.48965	0.21306	0	0.35055	0.11726	1	0.35055	0.11726	1	0.47835	0.53381	10.41033	1.06646	0	0.47824	0.53384	10.23619	1.06646	1	-0.00528	-0.00952	0.68986	0.00212	1	-0.00528	-0.00952	0.68986	0.00210	1	1.45898	0.81042	0	
1250289	8433.04590	3305130056821	0.36955	0.11879	8432.95898	0.08691	11317	1	0.48965	0.21306	0	0.36552	0.11666	1	0.36552	0.11666	1	0.47835	0.53381	10.41033	1.06646	0	0.47843	0.53388	10.38301	1.06646	1	-0.00528	-0.00952	0.68986	0.00212	1	-0.00528	-0.00952	0.68986	0.00216	1	1.45898	0.81042	0	
1250290	8433.05273	3305130124707	0.36981	0.11786	8432.95898	0.09375	11317	1	0.48965	0.21306	0	0.37346	0.10482	1	0.37346	0.10482	1	0.47835	0.53381	10.41033	1.06646	0	0.47849	0.53393	10.34462	1.06646	1	-0.00528	-0.00952	0.68986	0.00212	1	-0.00528	-0.00952	0.68986	0.00217	1	1.45898	0.81042	0	
1250291	8433.05957	3305130190336	0.37004	0.11705	8432.95898	0.10059	11317	1	0.48965	0.21306	0	0.37346	0.10482	1	0.37346	0.10482	1	0.47835	0.53381	10.41033	1.06646	0	0.47836	0.53382	10.35142	1.06646	1	-0.00528	-0.00952	0.68986	0.00212	1	-0.00515	-0.00934	0.67320	0.00212	1	1.45898	0.81042	0	
1250292	8433.06641	3305130255892	0.36946	0.11797	8432.95898	0.10742	11317	1	0.48965	0.21306	0	0.36011	0.13267	1	0.36011	0.13267	1	0.47835	0.53381	10.41033	1.06646	0	0.47829	0.53386	10.45462	1.06646	1	-0.00528	-0.00952	0.68986	0.00212	1	-0.00515	-0.00934	0.67320	0.00207	1	1.45898	0.81042	0	
1250293	8433.07324	3305130325176	0.36894	0.11878	8432.95898	0.11426	11317	1	0.48965	0.21306	0	0.36011	0.13267	1	0.36011	0.13267	1	0.47835	0.53381	10.41033	1.06646	0	0.47829	0.53386	10.45462	1.06646	1	-0.00528	-0.00952	0.68986	0.00212	1	-0.00515	-0.00934	0.67320	0.00207	1	1.45898	0.81042	0	
1250294	8433.08008	3305130392230	0.36847	0.11952	8432.95898	0.12109	11317	1	0.48965	0.21306	0	0.36011	0.13267	1	0.36011	0.13267	1	0.47835	0.53381	10.41033	1.06646	0	0.47827	0.53388	10.34743	1.06646	1	-0.00528	-0.00952	0.68986	0.00212	1	-0.00528	-0.00952	0.68986	0.00213	1	1.45898	0.81042	0	
1250295	8433.08594	3305130459379	0.36933	0.11987	8432.95898	0.12695	11317	1	0.48965	0.21306	0	0.38557	0.12660	1	0.38557	0.12660	1	0.47835	0.53381	10.41033	1.06646	0	0.47831	0.53389	10.37449	1.06646	1	-0.00528	-0.00952	0.68986	0.00212	1	-0.00528	-0.00952	0.68986	0.00208	1	1.45898	0.81042	0	
1250296	8433.09277	3305130525636	0.36993	0.12041	8432.95898	0.13379	11317	1	0.48965	0.21306	0	0.38194	0.13120	1	0.38194	0.13120	1	0.47835	0.53381	10.41033	1.06646	0	0.47831	0.53386	10.47188	1.06646	1	-0.00528	-0.00952	0.68986	0.00212	1	-0.00528	-0.00952	0.68986	0.00208	1	1.45898	0.81042	0	
1250297	8433.09961	3305130593129	0.37048	0.12090	8432.95898	0.14062	11317	1	0.48965	0.21306	0	0.38194	0.13120	1	0.38194	0.13120	1	0.47835	0.53381	10.41033	1.06646	0	0.47820	0.53373	10.66330	1.06646	1	-0.00528	-0.00952	0.68986	0.00212	1	-0.00515	-0.00934	0.67320	0.00212	1	1.45898	0.81042	0	
1250298	8433.10645	3305130660972	0.37038	0.12114	8432.95898	0.14746	11317	1	0.48965	0.21306	0	0.36817	0.12638	1	0.36817	0.12638	1	0.47835	0.53381	10.41033	1.06646	0	0.47812	0.53380	10.54822	1.06646	1	-0.00528	-0.00952	0.68986	0.00212	1	-0.00515	-0.00934	0.67320	0.00218	1	1.45898	0.81042	0	
1250299	8433.11328	3305130726801	0.37020	0.12123	8432.95898	0.15430	11317	1	0.48965	0.21306	0	0.36626	0.12340	1	0.36626	0.12340	1	0.47835	0.53381	10.41033	1.06646	0	0.47805	0.53368	10.52422	1.06646	1	-0.00528	-0.00952	0.68986	0.00212	1	-0.00515	-0.00934	0.67320	0.00212	1	1.45898	0.81042	0	
1250300	8433.12012	3305130794165	0.37005	0.12132	8432.95898	0.16113	11317	1	0.48965	0.21306	0	0.36626	0.12340	1	0.36626	0.12340	1	0.47835	0.53381	10.41033	1.06646	0	0.47803	0.53377	10.28617	1.06646	1	-0.00528	-0.00952	0.68986	0.00212	1	-0.00528	-0.00952	0.68986	0.00217	1	1.45898	0.81042	0	
1250301	8433.12598	3305130858984	0.36976	0.12102	8432.95898	0.16699	11317	1	0.48965	0.21306	0	0.36253	0.11359	1	0.36253	0.11359	1	0.47835	0.53381	10.41033	1.06646	0	0.47798	0.53366	10.48879	1.06646	1	-0.00528	-0.00952	0.68986	0.00212	1	-0.00528	-0.00952	0.68986	0.00206	1	1.45898	0.81042	0	
1250302	8433.13281	3305130926856	0.37003	0.12103	8432.95898	0.17383	11317	1	0.48965	0.21306	0	0.37704	0.12114	1	0.37704	0.12114	1	0.47835	0.53381	10.41033	1.06646	0	0.47812	0.53378	10.59957	1.06646	1	-0.00528	-0.00952	0.68986	0.00212	1	-0.00528	-0.00952	0.68986	0.00218	1	1.45898	0.81042	0	
1250303	8433.13965	3305130995557	0.37235	0.12310	8432.95898	0.18066	11317	1	0.49314	0.23722	1	0.37704	0.12114	1	0.43509	0.17918	1	0.47812	0.53380	10.54822	1.06646	1	0.74086	0.55938	11.51096	1.06646	1	-0.00532	-0.00942	0.68231	0.00218	1	0.06256	-0.01397	0.67721	0.00380	1	1.45898	0.81042	0	
1250304	8433.14648	3305131059483	0.37626	0.12962	8432.95898	0.18750	11317	1	0.48616	0.17638	1	0.48506	0.44756	1	0.48561	0.31197	1	0.47800	0.53366	10.88332	1.06646	1	0.74109	0.55913	11.08565	1.06646	1	-0.00532	-0.00942	0.68231	0.00205	1	0.06256	-0.01397	0.67721	0.00378	1	1.45898	0.81042	0	
1250305	8433.15332	3305131126752	0.39614	0.15897	8432.95898	0.18750	11317	0	0.48187	0.16583	1	0.48440	0.40805	1	0.48314	0.28694	1	0.47801	0.53364	10.79199	1.06646	1	0.74110	0.55916	10.92652	1.06646	1	-0.00532	-0.00942	0.68231	0.00205	1	0.06256	-0.01397	0.67721	0.00379	1	1.45898	0.81042	0	
1250306	8433.16016	3305131193925	0.43943	0.21910	8432.95898	0.18750	11317	0	0.48063	0.15716	1	0.48482	0.40128	1	0.48272	0.27922	1	0.47812	0.53380	10.54822	1.07555	1	0.74096	0.55945	11.77028	1.07555	1	-0.00540	-0.00965	0.69943	0.00218	1	0.06289	-0.01409	0.68080	0.00374	1	1.45898	0.81042	0	
1250307	8433.16699	3305131262542	0.46142	0.24246	8432.95898	0.18750	11317	0	0.51070	0.15961	1	0.50008	0.41873	1	0.50539	0.28917	1	0.47813	0.53379	10.55510	1.08464	1	0.74129	0.55898	11.16474	1.08464	1	-0.00540	-0.00965	0.69943	0.00218	1	0.06289	-0.01409	0.68080	0.00378	1	1.45898	0.81042	0	
1250308	8433.17383	3305131329841	0.49021	0.29068	8432.95898	0.18750	11317	0	0.48445	0.15867	1	0.48062	0.44860	1	0.48253	0.30364	1	0.47793	0.53376	10.64869	1.09372	1	0.74094	0.55943	12.00380	1.09372	1	-0.00540	-0.00965	0.69943	0.00213	1	0.06289	-0.01409	0.68080	0.00374	1	1.45898	0.81042	0	
1250309	8433.18066	3305131396946	0.48629	0.29847	8432.95898	0.18750	11317	0	0.48445	0.15867	1	0.48030	0.45387	1	0.48237	0.30627	1	0.47779	0.53376	10.49993	1.09372	1	0.74127	0.55911	11.22410	1.08606	1	-0.00542	-0.00941	0.68174	0.00222	1	0.06191	-0.01378	0.67069	0.00374	1	1.45898	0.81042	0	
1250310	8433.18652	3305131461944	0.48890	0.30110	8432.95898	0.18750	11317	0	0.49630	0.16382	1	0.49193	0.44887	1	0.49411	0.30634	1	0.47789	0.53371	10.52418	1.07698	1	0.74120	0.55912	11.26881	1.06932	1	-0.00542	-0.00941	0.68174	0.00214	1	0.06191	-0.01378	0.67069	0.00373	1	1.45898	0.81042	0	
1250311	8433.19336	3305131529076	0.49018	0.33011	8433.17383	0.01953	11318	1	0.49642	0.37966	1	0.49164	0.45464	1	0.49403	0.41715	1	0.47801	0.53600	10.43085	1.06023	1	0.74124	0.55907	11.21547	1.05257	1	-0.00542	-0.00941	0.68174	0.00342	1	0.06191	-0.01378	0.67069	0.00374	1	1.45898	0.81042	0	
1250312	8433.20020	3305131597745	0.49108	0.34997	8433.17383	0.02637	11318	1	0.49856	0.39232	1	0.49076	0.46654	1	0.49466	0.42943	1	0.47811	0.53596	10.63003	1.04349	1	0.74091	0.55882	11.77990	1.03583	1	-0.00542	-0.00941	0.68174	0.00340	1	0.06191	-0.01378	0.67069	0.00389	1	1.45898	0.81042	0	
1250313	8433.20703	3305131664927	0.48960	0.34357	8433.17383	0.03320	11318	1	0.48179	0.20071	1	0.48258	0.42237	1	0.48219	0.31154	1	0.47780	0.53377	10.72708	1.03583	1	0.74101	0.55902	11.61817	1.03583	1	-0.00542	-0.00941	0.68174	0.00219	1	0.06191	-0.01378	0.67069	0.00383	1	1.45898	0.81042	0	
1250314	8433.21387	3305131731877	0.48937	0.33694	8433.17383	0.04004	11318	1	0.49958	0.18997	1	0.47650	0.40435	1	0.48804	0.29716	1	0.47779	0.53373	10.50514	1.03583	1	0.74096	0.55896	11.56712	1.03583	1	-0.00542	-0.00941	0.68174	0.00221	1	0.06191	-0.01378	0.67069	0.00380	1	1.45898	0.81042	0	
1250315	8433.22070	3305131798802	0.48921	0.33196	8433.17383	0.04688	11318	1	0.49958	0.18997	1	0.47650	0.40435	1	0.48804	0.29716	1	0.47779	0.53373	10.50514	1.03583	1	0.74039	0.55878	11.07344	1.03583	1	-0.00542	-0.00941	0.68174	0.00221	1	0.06191	-0.01378	0.67069	0.00387	1	1.45898	0.81042	0	
1250316	8433.22754	3305131865815	0.48802	0.33225	8433.17383	0.05371	11318	1	0.50093	0.20771	1	0.45609	0.46137	1	0.47851	0.33454	1	0.47779	0.53372	10.95186	1.03583	1	0.74059	0.55909	11.76628	1.03583	1	-0.00542	-0.00941	0.68174	0.00216	1	0.06191	-0.01378	0.67069	0.00385	1	1.45898	0.81042	0	
1250317	8433.23340	3305131932653	0.48575	0.33174	8433.17383	0.05957	11318	1	0.48935	0.19724	1	0.44132	0.45706	1	0.46533	0.32715	1	0.47767	0.53370	10.73465	1.03583	1	0.74036	0.55903	11.51540	1.03583	1	-0.00542	-0.00941	0.68174	0.00213	1	0.06191	-0.01378	0.67069	0.00395	1	1.45898	0.81042	0	
1250318	8433.24023	3305131998640	0.48390	0.33107	8433.17383	0.06641	11318	1	0.48935	0.19724	1	0.44136	0.45157	1	0.46536	0.32441	1	0.47771	0.53373	10.82041	1.03583	1	0.74036	0.55865	11.23967	1.04349	1	-0.00542	-0.00941	0.68174	0.00214	1	0.06224	-0.01387	0.67488	0.00409	1	1.45898	0.81042	0	
1250319	8433.24707	3305132066713	0.48428	0.34020	8433.17383	0.07324	11318	1	0.51677	0.42487	1	0.46030	0.45625	1	0.48853	0.44056	1	0.47795	0.53586	10.46371	1.04349	1	0.74065	0.55869	11.77724	1.05115	1	-0.00542	-0.00941	0.68174	0.00358	1	0.06224	-0.01387	0.67488	0.00389	1	1.45898	0.81042	0	
1250320	8433.25391	3305132133505	0.48418	0.34538	8433.17383	0.08008	11318	1	0.52159	0.36893	1	0.44418	0.44610	1	0.48289	0.40751	1	0.47805	0.53599	10.57492	1.05115	1	0.74045	0.55876	11.44273	1.05881	1	-0.00542	-0.00941	0.68174	0.00350	1	0.06224	-0.01387	0.67488	0.00405	1	1.45898	0.81042	0	
1250321	8433.26074	3305132200502	0.48406	0.34941	8433.17383	0.08691	11318	1	0.52076	0.36302	1	0.44425	0.44065	1	0.48251	0.40183	1	0.47761	0.53350	10.72759	1.05881	1	0.74053	0.55899	11.47490	1.06646	1	-0.00542	-0.00941	0.68174	0.00214	1	0.06224	-0.01387	0.67488	0.00392	1	1.45898	0.81042	0	
1250322	8433.26758	3305132267898	0.48301	0.34548	8433.17383	0.09375	11318	1	0.48600	0.21342	1	0.45083	0.36765	1	0.46841	0.29053	1	0.47761	0.53364	10.64327	1.06646	1	0.74048	0.55830	11.09921	1.06646	1	-0.00542	-0.00941	0.68174	0.00215	1	0.06224	-0.01387	0.67488	0.00401	1	1.45898	0.81042	0	
1250323	8433.27441	3305132334699	0.48266	0.34421	8433.17383	0.10059	11318	1	0.50613	0.20889	1	0.44862	0.44149	1	0.47737	0.32519	1	0.47744	0.53357	11.01388	1.06646	1	0.74050	0.55869	11.35280	1.06646	1	-0.00542	-0.00941	0.68174	0.00212	1	0.06224	-0.01387	0.67488	0.00389	1	1.45898	0.81042	0	
1250324	8433.28027	3305132401296	0.48235	0.34310	8433.17383	0.10645	11318	1	0.50613	0.20889	1	0.44862	0.44149	1	0.47737	0.32519	1	0.47749	0.53349	10.79845	1.06646	1	0.74045	0.55820	11.21453	1.06646	1	-0.00542	-0.00941	0.68174	0.00216	1	0.06224	-0.01387	0.67488	0.00418	1	1.45898	0.81042	0	
1250325	8433.28711	3305132468107	0.48158	0.34132	8433.17383	0.11328	11318	1	0.49084	0.21837	1	0.44632	0.40400	1	0.46858	0.31119	1	0.47765	0.53356	10.63421	1.06646	1	0.74043	0.55823	11.23830	1.06646	1	-0.00542	-0.00941	0.68174	0.00233	1	0.06224	-0.01387	0.67488	0.00409	1	1.45898	0.81042	0	
1250326	8433.29395	3305132535546	0.48067	0.33890	8433.17383	0.12012	11318	1	0.48528	0.20448	1	0.44310	0.38598	1	0.46419	0.29523	1	0.47754	0.53352	10.72713	1.06646	1	0.74037	0.55804	11.13425	1.06646	1	-0.00542	-0.00941	0.68174	0.00213	1	0.06224	-0.01387	0.67488	0.00414	1	1.45898	0.81042	0	
1250327	8433.30078	3305132602691	0.47985	0.33671	8433.17383	0.12695	11318	1	0.48528	0.20448	1	0.44310	0.38598	1	0.46419	0.29523	1	0.47761	0.53336	10.67739	1.06646	1	0.74041	0.55862	11.14919	1.06646	1	-0.00536	-0.00925	0.67428	0.00216	1	0.06224	-0.01387	0.67488	0.00373	1	1.45898	0.81042	0	
1250328	8433.30762	3305132669591	0.47518	0.33573	8433.17383	0.13379	11318	1	0.48528	0.20448	0	0.38183	0.31598	1	0.38183	0.31598	1	0.47761	0.53336	10.67739	1.06646	0	0.47801	0.53555	10.36864	1.06646	1	-0.00536	-0.00925	0.67428	0.00216	1	0.06224	-0.01387	0.67488	0.00377	1	1.45898	0.81042	0	
1250329	8433.31445	3305132736447	0.47064	0.32612	8433.17383	0.14062	11318	1	0.48528	0.20448	0	0.37540	0.12433	1	0.37540	0.12433	1	0.47761	0.53336	10.67739	1.06646	0	0.47761	0.53333	10.57391	1.06646	1	-0.00536	-0.00925	0.67428	0.00216	1	0.06224	-0.01387	0.67488	0.00217	1	1.45898	0.81042	0	
1250330	8433.32129	3305132803972	0.46650	0.31734	8433.17383	0.14746	11318	1	0.48528	0.20448	0	0.37540	0.12433	1	0.37540	0.12433	1	0.47761	0.53336	10.67739	1.06646	0	0.47746	0.53332	10.96818	1.06646	1	-0.00536	-0.00925	0.67428	0.00216	1	-0.00547	-0.00939	0.68793	0.00217	1	1.45898	0.81042	0	
1250331	8433.32715	3305132870176	0.43949	0.27929	8433.17383	0.14746	11318	0	0.48528	0.20448	0	0.35578	0.13491	1	0.35578	0.13491	1	0.47761	0.53336	10.67739	1.06646	0	0.47748	0.53337	11.27534	1.06646	1	-0.00536	-0.00925	0.67428	0.00216	1	-0.00547	-0.00939	0.68793	0.00216	1	1.45898	0.81042	0	
1250332	8433.33398	3305132932969	0.41540	0.31928	8433.17383	0.14746	11318	0	0.48528	0.20448	0	0.39130	0.35928	1	0.39130	0.35928	1	0.47761	0.53336	10.67739	1.06646	0	0.47816	0.53580	10.65879	1.06646	1	-0.00536	-0.00925	0.67428	0.00216	1	-0.00547	-0.00939	0.68793	0.00378	1	1.45898	0.81042	0	
1250333	8433.34082	3305133001800	0.40737	0.33261	8433.17383	0.14746	11318	0	0.48528	0.20448	0	0.39130	0.35928	1	0.39130	0.35928	1	0.47761	0.53336	10.67739	1.06646	0	0.47762	0.53325	11.20886	1.06646	1	-0.00536	-0.00925	0.67428	0.00216	1	-0.00547	-0.00939	0.68793	0.00216	1	1.45898	0.81042	0	
1250334	8433.34766	3305133069433	0.40153	0.32468	8433.32715	0.02051	11319	1	0.48528	0.20448	0	0.38404	0.30086	1	0.38404	0.30086	1	0.47761	0.53336	10.67739	1.06646	0	0.47796	0.53527	10.17323	1.06646	1	-0.00536	-0.00925	0.67428	0.00216	1	-0.00547	-0.00939	0.68793	0.00379	1	1.45898	0.81042	0	
1250335	8433.35352	3305133134720	0.39488	0.28423	8433.32715	0.02637	11319	1	0.48528	0.20448	0	0.36826	0.12246	1	0.36826	0.12246	1	0.47761	0.53336	10.67739	1.06646	0	0.47762	0.53325	11.20886	1.06646	1	-0.00536	-0.00925	0.67428	0.00216	1	-0.00547	-0.00939	0.68793	0.00216	1	1.45898	0.81042	0	
1250336	8433.36035	3305133200538	0.39044	0.25727	8433.32715	0.03320	11319	1	0.48528	0.20448	0	0.36826	0.12246	1	0.36826	0.12246	1	0.47761	0.53336	10.67739	1.06646	0	0.47787	0.53553	10.25349	1.06646	1	-0.00536	-0.00925	0.67428	0.00216	1	-0.00547	-0.00939	0.68793	0.00375	1	1.45898	0.81042	0	
1250337	8433.36719	3305133270489	0.39044	0.25727	8433.32715	0.04004	11319	1	0.48528	0.20448	0	0.36826	0.12246	0	0.36826	0.12246	0	0.47761	0.53336	10.67739	1.06646	0	0.47787	0.53553	10.25349	1.06646	0	-0.00536	-0.00925	0.67428	0.00216	1	-0.00547	-0.00939	0.68793	0.00375	1	1.45898	0.81042	0	
1250338	8433.37402	3305133337910	0.39044	0.25727	8433.32715	0.04688	11319	1	0.48528	0.20448	0	0.36826	0.12246	0	0.36826	0.12246	0	0.47761	0.53336	10.67739	1.06646	0	0.47787	0.53553	10.25349	1.06646	0	-0.00536	-0.00925	0.67428	0.00216	1	-0.00547	-0.00939	0.68793	0.00375	1	1.45898	0.81042	0	
1250339	8433.38086	3305133404189	0.39044	0.25727	8433.32715	0.05371	11319	1	0.48528	0.20448	0	0.36826	0.12246	0	0.36826	0.12246	0	0.47761	0.53336	10.67739	1.06646	0	0.47787	0.53553	10.25349	1.06646	0	-0.00536	-0.00925	0.67428	0.00216	1	-0.00547	-0.00939	0.68793	0.00375	1	1.45898	0.81042	0	
1250340	8433.38770	3305133470640	0.39850	0.27857	8433.32715	0.06055	11319	1	0.48528	0.20448	0	0.44683	0.40636	1	0.44683	0.40636	1	0.47761	0.53336	10.67739	1.06646	0	0.74044	0.55796	11.04188	1.06646	1	-0.00536	-0.00925	0.67428	0.00216	1	-0.00547	-0.00939	0.68793	0.00382	1	1.45898	0.81042	0	
1250341	8433.39453	3305133537487	0.39850	0.27857	8433.32715	0.06738	11319	1	0.48528	0.20448	0	0.44683	0.40636	0	0.44683	0.40636	0	0.47761	0.53336	10.67739	1.06646	0	0.74044	0.55796	11.04188	1.06646	0	-0.00536	-0.00925	0.67428	0.00216	1	-0.00547	-0.00939	0.68793	0.00382	1	1.45898	0.81042	0	
1250342	8433.40137	3305133606696	0.39850	0.27857	8433.32715	0.07422	11319	1	0.48528	0.20448	0	0.44683	0.40636	0	0.44683	0.40636	0	0.47761	0.53336	10.67739	1.06646	0	0.74044	0.55796	11.04188	1.06646	0	-0.00536	-0.00925	0.67428	0.00216	1	-0.00547	-0.00939	0.68793	0.00382	1	1.45898	0.81042	0	
1250343	8433.40820	3305133673410	0.39850	0.27857	8433.32715	0.08105	11319	1	0.48528	0.20448	0	0.44683	0.40636	0	0.44683	0.40636	0	0.47761	0.53336	10.67739	1.06646	0	0.74044	0.55796	11.04188	1.06646	0	-0.00536	-0.00925	0.67428	0.00216	1	-0.00547	-0.00939	0.68793	0.00382	1	1.45898	0.81042	0	
1250344	8433.41504	3305133742212	0.40732	0.29213	8433.32715	0.08789	11319	1	0.48528	0.20448	0	0.46904	0.38709	1	0.46904	0.38709	1	0.47761	0.53336	10.67739	1.06646	0	0.74072	0.55766	11.48167	1.06646	1	-0.00536	-0.00925	0.67428	0.00216	1	-0.00547	-0.00939	0.68793	0.00386	1	1.45898	0.81042	0	
1250345	8433.42090	3305133806397	0.40732	0.29213	8433.32715	0.09375	11319	1	0.48528	0.20448	0	0.46904	0.38709	0	0.46904	0.38709	0	0.47761	0.53336	10.67739	1.06646	0	0.74072	0.55766	11.48167	1.06646	0	-0.00536	-0.00925	0.67428	0.00216	1	-0.00547	-0.00939	0.68793	0.00386	1	1.45898	0.81042	0	
1250346	8433.42773	3305133874974	0.40732	0.29213	8433.32715	0.10059	11319	1	0.48528	0.20448	0	0.46904	0.38709	0	0.46904	0.38709	0	0.47761	0.53336	10.67739	1.06646	0	0.74072	0.55766	11.48167	1.06646	0	-0.00536	-0.00925	0.67428	0.00216	1	-0.00547	-0.00939	0.68793	0.00386	1	1.45898	0.81042	0	
1250347	8433.43457	3305133942005	0.40732	0.29213	8433.32715	0.10742	11319	1	0.48528	0.20448	0	0.46904	0.38709	0	0.46904	0.38709	0	0.47761	0.53336	10.67739	1.06646	0	0.74072	0.55766	11.48167	1.06646	0	-0.00536	-0.00925	0.67428	0.00216	1	-0.00547	-0.00939	0.68793	0.00386	1	1.45898	0.81042	0	
1250348	8433.44141	3305134008954	0.40272	0.29397	8433.32715	0.10742	11319	0	0.48528	0.20448	0	0.46904	0.38709	0	0.46904	0.38709	0	0.47761	0.53336	10.67739	1.06646	0	0.74072	0.55766	11.48167	1.06646	0	-0.00536	-0.00925	0.67428	0.00216	1	-0.00547	-0.00939	0.68793	0.00386	1	1.45898	0.81042	0	
1250349	8433.44824	3305134076506	0.40272	0.29397	8433.32715	0.10742	11319	0	0.48528	0.20448	0	0.46904	0.38709	0	0.46904	0.38709	0	0.47761	0.53336	10.67739	1.06646	0	0.74072	0.55766	11.48167	1.06646	0	-0.00536	-0.00925	0.67428	0.00216	1	-0.00547	-0.00939	0.68793	0.00386	1	1.45898	0.81042	0	
1250350	8433.45508	3305134143291	0.40272	0.29397	8433.32715	0.10742	11319	0	0.48528	0.20448	0	0.46904	0.38709	0	0.46904	0.38709	0	0.47761	0.53336	10.67739	1.06646	0	0.74072	0.55766	11.48167	1.06646	0	-0.00536	-0.00925	0.67428	0.00216	1	-0.00547	-0.00939	0.68793	0.00386	1	1.45898	0.81042	0	
1250351	8433.46191	3305134209827	0.00000	0.00000	8433.32715	0.10742	11319	0	0.48528	0.20448	0	0.46904	0.38709	0	0.46904	0.38709	0	0.47761	0.53336	10.67739	1.06646	0	0.74072	0.55766	11.48167	1.06646	0	-0.00536	-0.00925	0.67428	0.00216	1	-0.00547	-0.00939	0.68793	0.00386	1	1.45898	0.81042	0	
1250352	8433.46777	3305134277138	0.00000	0.00000	8433.32715	0.10742	11319	0	0.48528	0.20448	0	0.46904	0.38709	0	0.46904	0.38709	0	0.47761	0.53336	10.67739	1.06646	0	0.74072	0.55766	11.48167	1.06646	0	-0.00536	-0.00925	0.67428	0.00216	1	-0.00547	-0.00939	0.68793	0.00386	1	1.45898	0.81042	0	
1250353	8433.47461	3305134343678	0.00000	0.00000	8433.32715	0.10742	11319	0	0.48528	0.20448	0	0.46904	0.38709	0	0.46904	0.38709	0	0.47761	0.53336	10.67739	1.06646	0	0.74072	0.55766	11.48167	1.06646	0	-0.00536	-0.00925	0.67428	0.00216	1	-0.00547	-0.00939	0.68793	0.00386	1	1.45898	0.81042	0	
1250354	8433.48145	3305134408639	0.47746	0.30545	8433.32715	0.10742	11319	0	0.48636	0.21184	1	0.46855	0.39906	1	0.47746	0.30545	1	0.47813	0.53551	10.91225	1.05845	1	0.74103	0.55780	11.40146	1.05079	1	-0.00509	-0.00889	0.65888	0.00377	1	0.05959	-0.01310	0.64455	0.00409	1	1.45898	0.81042	0	
1250355	8433.48828	3305134478053	0.46815	0.31712	8433.32715	0.10742	11319	0	0.48892	0.21024	1	0.42877	0.44735	1	0.45885	0.32879	1	0.47801	0.53286	10.84707	1.04277	1	0.74095	0.55786	11.33602	1.03511	1	-0.00509	-0.00889	0.65888	0.00224	1	0.05959	-0.01310	0.64455	0.00401	1	1.45898	0.81042	0	
1250356	8433.49512	3305134545113	0.46573	0.32502	8433.32715	0.10742	11319	0	0.49291	0.22290	1	0.42885	0.45872	1	0.46088	0.34081	1	0.47809	0.53298	11.14881	1.02710	1	0.74095	0.55786	11.33602	1.01944	1	-0.00509	-0.00889	0.65888	0.00216	1	0.05959	-0.01310	0.64455	0.00401	1	1.45898	0.81042	0	
1250357	8433.50195	3305134611774	0.46449	0.32797	8433.48145	0.02051	11320	1	0.49272	0.22157	1	0.42881	0.45213	1	0.46076	0.33685	1	0.47912	0.53483	10.76196	1.02852	1	0.74235	0.55847	11.90922	1.02852	1	-0.00536	-0.00966	0.70746	0.00359	1	0.06266	-0.01384	0.67616	0.00370	1	1.45898	0.81042	0	
1250358	8433.50879	3305134678931	0.46797	0.32035	8433.48145	0.02734	11320	1	0.48739	0.20015	1	0.47640	0.37958	1	0.48190	0.28987	1	0.47952	0.53329	10.33651	1.04562	1	0.74236	0.55796	11.82848	1.05328	1	-0.00536	-0.00966	0.70746	0.00230	1	0.06266	-0.01384	0.67616	0.00373	1	1.45898	0.81042	0	
1250359	8433.51465	3305134745926	0.46184	0.30519	8433.48145	0.03320	11320	1	0.41421	0.17127	1	0.44816	0.28751	1	0.43119	0.22939	1	0.47952	0.53327	10.33949	1.07039	1	0.74274	0.55825	12.49176	1.07805	1	-0.00536	-0.00966	0.70746	0.00225	1	0.06266	-0.01384	0.67616	0.00396	1	1.45898	0.81042	0	
1250360	8433.52148	3305134812995	0.45715	0.29119	8433.48145	0.04004	11320	1	0.40955	0.14773	1	0.44847	0.26658	1	0.42901	0.20715	1	0.48450	0.53642	10.28501	1.09515	1	0.74713	0.56010	12.43560	1.10281	1	-0.00450	-0.00979	0.70550	0.00366	1	0.06338	-0.01407	0.67731	0.00381	1	1.45898	0.81042	0	
1250361	8433.52832	3305134879935	0.47771	0.30914	8433.48145	0.04688	11320	1	0.64150	0.42888	1	0.60182	0.44079	1	0.62166	0.43484	1	0.48497	0.53724	11.04741	1.10281	1	0.74755	0.55980	12.13532	1.10281	1	-0.00450	-0.00979	0.70550	0.00340	1	0.06338	-0.01407	0.67731	0.00391	1	1.45898	0.81042	0	
1250362	8433.53516	3305134946641	0.49009	0.31214	8433.48145	0.05371	11320	1	0.58827	0.20877	1	0.58994	0.46337	1	0.58911	0.33607	1	0.48515	0.53495	10.81050	1.10281	1	0.74778	0.56054	12.24545	1.10281	1	-0.00450	-0.00979	0.70550	0.00213	1	0.06338	-0.01407	0.67731	0.00418	1	1.45898	0.81042	0	
1250363	8433.54199	3305135013985	0.49990	0.31549	8433.48145	0.06055	11320	1	0.58873	0.21674	1	0.58766	0.47471	1	0.58820	0.34573	1	0.48762	0.53776	11.20755	1.09372	1	0.75141	0.55891	9.88110	1.08606	1	-0.00382	-0.00965	0.68777	0.00352	1	0.06221	-0.01379	0.65901	0.00241	1	1.45898	0.81042	0	
1250364	8433.54883	3305135078700	0.52496	0.32550	8433.48145	0.06738	11320	1	0.76312	0.49393	1	0.78811	0.35719	1	0.77561	0.42556	1	0.48797	0.53826	10.77153	1.07698	1	0.75144	0.55897	9.96949	1.06932	1	-0.00382	-0.00965	0.68777	0.00343	1	0.06221	-0.01379	0.65901	0.00239	1	1.45898	0.81042	0	
1250365	8433.55566	3305135147904	0.54563	0.33457	8433.48145	0.07422	11320	1	0.76309	0.49795	1	0.78277	0.37083	1	0.77293	0.43439	1	0.48794	0.53820	11.11853	1.06023	1	0.75144	0.55897	9.96949	1.05257	1	-0.00382	-0.00965	0.68777	0.00345	1	0.06221	-0.01379	0.65901	0.00239	1	1.45898	0.81042	0	
1250366	8433.56152	3305135215086	0.56285	0.34318	8433.48145	0.08008	11320	1	0.76148	0.50855	1	0.77742	0.38446	1	0.76945	0.44650	1	0.48795	0.53848	11.39663	1.04349	1	0.75148	0.55914	10.58765	1.03583	1	-0.00382	-0.00965	0.68777	0.00347	1	0.06221	-0.01389	0.65901	0.00232	1	1.45898	0.81042	0	
1250367	8433.56836	3305135281890	0.57738	0.35148	8433.48145	0.08691	11320	1	0.75763	0.52357	1	0.77514	0.39498	1	0.76639	0.45928	1	0.48799	0.53828	11.11855	1.03583	1	0.75145	0.55906	10.33669	1.03583	1	-0.00382	-0.00965	0.68777	0.00350	1	0.06221	-0.01389	0.65901	0.00231	1	1.45898	0.81042	0	
1250368	8433.57520	3305135349032	0.62176	0.36451	8433.48145	0.08691	11320	0	0.75682	0.47113	1	0.79300	0.38578	1	0.77491	0.42845	1	0.48802	0.53761	11.01988	1.03583	1	0.75162	0.55909	10.24558	1.03583	1	-0.00382	-0.00965	0.68777	0.00390	1	0.06221	-0.01389	0.65901	0.00243	1	1.45898	0.81042	0	
1250369	8433.58203	3305135415918	0.69970	0.39316	8433.48145	0.08691	11320	0	0.75682	0.47113	1	0.79845	0.37248	1	0.77764	0.42181	1	0.48814	0.53803	10.65972	1.03583	1	0.75180	0.55909	9.96067	1.05217	1	-0.00382	-0.00965	0.68777	0.00390	1	0.06622	-0.01476	0.70035	0.00236	1	1.45898	0.81042	0	
1250370	8433.58887	3305135482767	0.73127	0.36811	8433.48145	0.08691	11320	0	0.75682	0.47113	0	0.79442	0.31801	1	0.79442	0.31801	1	0.48814	0.53803	10.65972	1.05217	0	0.75152	0.55901	10.05922	1.06851	1	-0.00382	-0.00965	0.68777	0.00390	1	0.06622	-0.01476	0.70035	0.00234	1	1.45898	0.81042	0	
1250371	8433.59570	3305135549858	0.78603	0.36991	8433.48145	0.08691	11320	0	0.75682	0.47113	0	0.79442	0.31801	0	0.79442	0.31801	0	0.48814	0.53803	10.65972	1.06851	0	0.75152	0.55901	10.05922	1.08485	0	-0.00382	-0.00965	0.68777	0.00390	1	0.06622	-0.01476	0.70035	0.00234	1	1.45898	0.81042	0	
1250372	8433.60254	3305135616932	0.78603	0.36991	8433.48145	0.08691	11320	0	0.75682	0.47113	0	0.79442	0.31801	0	0.79442	0.31801	0	0.48814	0.53803	10.65972	1.08485	0	0.75152	0.55901	10.05922	1.10119	0	-0.00382	-0.00965	0.68777	0.00390	1	0.06622	-0.01476	0.70035	0.00234	1	1.45898	0.81042	0	
1250373	8433.60840	3305135682320	0.78603	0.36991	8433.48145	0.08691	11320	0	0.75682	0.47113	0	0.79442	0.31801	0	0.79442	0.31801	0	0.48814	0.53803	10.65972	1.10119	0	0.75152	0.55901	10.05922	1.10119	0	-0.00382	-0.00965	0.68777	0.00390	1	0.06622	-0.01476	0.70035	0.00234	1	1.45898	0.81042	0	
1250374	8433.61523	3305135750810	0.00000	0.00000	8433.48145	0.08691	11320	0	0.75682	0.47113	0	0.79442	0.31801	0	0.79442	0.31801	0	0.48814	0.53803	10.65972	1.10119	0	0.75152	0.55901	10.05922	1.10119	0	-0.00382	-0.00965	0.68777	0.00390	1	0.06622	-0.01476	0.70035	0.00234	1	1.45898	0.81042	0	
1250375	8433.62207	3305135817771	0.00000	0.00000	8433.48145	0.08691	11320	0	0.75682	0.47113	0	0.79442	0.31801	0	0.79442	0.31801	0	0.48814	0.53803	10.65972	1.10119	0	0.75152	0.55901	10.05922	1.10119	0	-0.00382	-0.00965	0.68777	0.00390	1	0.06622	-0.01476	0.70035	0.00234	1	1.45898	0.81042	0	
1250376	8433.62891	3305135884499	0.00000	0.00000	8433.48145	0.08691	11320	0	0.75682	0.47113	0	0.79442	0.31801	0	0.79442	0.31801	0	0.48814	0.53803	10.65972	1.10119	0	0.75152	0.55901	10.05922	1.10119	0	-0.00382	-0.00965	0.68777	0.00390	1	0.06622	-0.01476	0.70035	0.00234	1	1.45898	0.81042	0	
1250377	8433.63574	3305135951734	0.00000	0.00000	8433.48145	0.08691	11320	0	0.75682	0.47113	0	0.79442	0.31801	0	0.79442	0.31801	0	0.48814	0.53803	10.65972	1.10119	0	0.75152	0.55901	10.05922	1.10119	0	-0.00382	-0.00965	0.68777	0.00390	1	0.06622	-0.01476	0.70035	0.00234	1	1.45898	0.81042	0	
1250378	8433.64258	3305136018554	0.00000	0.00000	8433.48145	0.08691	11320	0	0.75682	0.47113	0	0.79442	0.31801	0	0.79442	0.31801	0	0.48814	0.53803	10.65972	1.10119	0	0.75152	0.55901	10.05922	1.10119	0	-0.00382	-0.00965	0.68777	0.00390	1	0.06622	-0.01476	0.70035	0.00234	1	1.45898	0.81042	0	
1250379	8433.64941	3305136086160	0.00000	0.00000	8433.48145	0.08691	11320	0	0.75682	0.47113	0	0.79442	0.31801	0	0.79442	0.31801	0	0.48814	0.53803	10.65972	1.10119	0	0.75152	0.55901	10.05922	1.10119	0	-0.00382	-0.00965	0.68777	0.00390	1	0.06622	-0.01476	0.70035	0.00234	1	1.45898	0.81042	0	
1250380	8433.65527	3305136152509	0.76705	0.38067	8433.48145	0.08691	11320	0	0.74669	0.45389	1	0.78741	0.30744	1	0.76705	0.38067	1	0.48810	0.53848	11.07527	1.10119	1	0.75167	0.55921	9.74500	1.10119	1	-0.00382	-0.00965	0.68777	0.00378	1	0.06622	-0.01476	0.70035	0.00234	1	1.45898	0.81042	0	
1250381	8433.66211	3305136219385	0.76638	0.38249	8433.48145	0.08691	11320	0	0.74669	0.45389	1	0.78473	0.31472	1	0.76571	0.38430	1	0.48814	0.53878	11.12868	1.10119	1	0.75136	0.55933	10.33880	1.09251	1	-0.00382	-0.00975	0.68777	0.00394	1	0.06424	-0.01438	0.68000	0.00245	1	1.45898	0.81042	0	
1250382	8433.66895	3305136286400	0.76789	0.38016	8433.48145	0.08691	11320	0	0.76101	0.43904	1	0.78079	0.31195	1	0.77090	0.37550	1	0.48801	0.53817	11.30529	1.09251	1	0.75138	0.55901	10.16240	1.08383	1	-0.00382	-0.00975	0.68777	0.00389	1	0.06424	-0.01438	0.68000	0.00243	1	1.45898	0.81042	0	
1250383	8433.67578	3305136353187	0.77154	0.38702	8433.65527	0.02051	11321	1	0.76367	0.48136	1	0.80131	0.33386	1	0.78249	0.40761	1	0.48796	0.53869	11.47655	1.08383	1	0.75160	0.55935	10.33207	1.07515	1	-0.00382	-0.00975	0.68777	0.00351	1	0.06424	-0.01438	0.68000	0.00239	1	1.45898	0.81042	0	
1250384	8433.68262	3305136420130	0.77288	0.39362	8433.65527	0.02734	11321	1	0.76285	0.48686	1	0.79370	0.35316	1	0.77828	0.42001	1	0.48755	0.53837	11.56876	1.07515	1	0.75130	0.55914	10.16881	1.05200	1	-0.00382	-0.00975	0.68777	0.00344	1	0.06114	-0.01364	0.64719	0.00243	1	1.45898	0.81042	0	
1250385	8433.68945	3305136487471	0.76890	0.39878	8433.65527	0.03418	11321	1	0.73713	0.49431	1	0.76083	0.35486	1	0.74898	0.42458	1	0.48763	0.53846	11.81698	1.05200	1	0.75117	0.55921	10.79276	1.03753	1	-0.00382	-0.00975	0.68777	0.00343	1	0.06114	-0.01364	0.64719	0.00237	1	1.45898	0.81042	0	
1250386	8433.69629	3305136554018	0.76650	0.39775	8433.65527	0.04102	11321	1	0.73618	0.42656	1	0.76796	0.35664	1	0.75207	0.39160	1	0.48780	0.53772	11.47329	1.03753	1	0.75129	0.55909	10.51644	1.02306	1	-0.00382	-0.00975	0.68777	0.00387	1	0.06114	-0.01364	0.64719	0.00240	1	1.45898	0.81042	0	
1250387	8433.70215	3305136621513	0.76434	0.39840	8433.65527	0.04688	11321	1	0.73512	0.43692	1	0.76341	0.36895	1	0.74927	0.40293	1	0.48771	0.53837	11.75482	1.02306	1	0.75122	0.55894	10.47535	1.00859	1	-0.00382	-0.00975	0.68777	0.00362	1	0.06114	-0.01374	0.64719	0.00245	1	1.45898	0.81042	0	
1250388	8433.70898	3305136688111	0.75718	0.41781	8433.65527	0.05371	11321	1	0.73731	0.51962	1	0.66247	0.62661	1	0.69989	0.57311	1	0.48765	0.53825	11.69626	1.00859	1	0.74971	0.56192	11.12511	1.00859	1	-0.00382	-0.00975	0.68777	0.00344	1	0.06114	-0.01374	0.64719	0.00378	1	1.45898	0.81042	0	
1250389	8433.71582	3305136755113	0.75639	0.42103	8433.65527	0.06055	11321	1	0.73944	0.52681	1	0.75907	0.37314	1	0.74925	0.44997	1	0.48773	0.53863	11.91671	1.00859	1	0.75122	0.55912	10.18001	1.00859	1	-0.00382	-0.00975	0.68777	0.00344	1	0.06114	-0.01374	0.64719	0.00243	1	1.45898	0.81042	0	
1250390	8433.72266	3305136822765	0.75584	0.42340	8433.65527	0.06738	11321	1	0.73944	0.52681	1	0.76118	0.36738	1	0.75031	0.44709	1	0.48782	0.53787	11.49021	1.00859	1	0.75118	0.55907	10.15731	1.01540	1	-0.00376	-0.00965	0.67736	0.00384	1	0.06221	-0.01399	0.65901	0.00248	1	1.45898	0.81042	0	
1250391	8433.72949	3305136889848	0.75594	0.42019	8433.65527	0.07422	11321	1	0.75059	0.41782	1	0.76361	0.35200	1	0.75710	0.38491	1	0.48795	0.53760	11.11126	1.01540	1	0.75122	0.55908	10.20644	1.02221	1	-0.00376	-0.00965	0.67736	0.00383	1	0.06221	-0.01399	0.65901	0.00251	1	1.45898	0.81042	0	
1250392	8433.73633	3305136954613	0.75515	0.41841	8433.65527	0.08105	11321	1	0.73204	0.42711	1	0.75930	0.36686	1	0.74567	0.39699	1	0.48770	0.53729	10.97612	1.02221	1	0.75116	0.55914	10.42538	1.02902	1	-0.00376	-0.00965	0.67736	0.00383	1	0.06221	-0.01399	0.65901	0.00245	1	1.45898	0.81042	0	
1250393	8433.74219	3305137020342	0.75456	0.41650	8433.65527	0.08691	11321	1	0.73252	0.42217	1	0.76137	0.36118	1	0.74694	0.39167	1	0.48733	0.53759	10.42504	1.02902	1	0.75125	0.55912	10.36758	1.03583	1	-0.00382	-0.00975	0.68777	0.00382	1	0.06221	-0.01399	0.65901	0.00240	1	1.45898	0.81042	0	
1250394	8433.74902	3305137087169	0.75475	0.41635	8433.65527	0.09375	11321	1	0.74945	0.49001	1	0.76529	0.33867	1	0.75737	0.41434	1	0.48748	0.53839	11.16051	1.03583	1	0.75120	0.55909	10.25828	1.03583	1	-0.00382	-0.00975	0.68777	0.00377	1	0.06221	-0.01399	0.65901	0.00242	1	1.45898	0.81042	0	
1250395	8433.75586	3305137155946	0.75528	0.41677	8433.65527	0.10059	11321	1	0.75205	0.50411	1	0.77435	0.34201	1	0.76320	0.42306	1	0.48753	0.53867	10.95543	1.03583	1	0.75128	0.55916	10.29638	1.03583	1	-0.00382	-0.00975	0.68777	0.00363	1	0.06221	-0.01399	0.65901	0.00241	1	1.45898	0.81042	0	
1250396	8433.76270	3305137223284	0.75575	0.41714	8433.65527	0.10742	11321	1	0.75205	0.50411	1	0.77435	0.34201	1	0.76320	0.42306	1	0.48728	0.53790	10.49953	1.03583	1	0.75105	0.55918	10.46745	1.03583	1	-0.00376	-0.00965	0.67736	0.00364	1	0.06221	-0.01399	0.65901	0.00238	1	1.45898	0.81042	0	
1250397	8433.76855	3305137284219	0.75549	0.41605	8433.65527	0.11328	11321	1	0.73483	0.43011	1	0.76758	0.36470	1	0.75120	0.39740	1	0.48735	0.53769	10.77354	1.03583	1	0.75109	0.55929	10.60706	1.03583	1	-0.00376	-0.00965	0.67736	0.00380	1	0.06221	-0.01399	0.65901	0.00248	1	1.45898	0.81042	0	
1250398	8433.77637	3305137354519	0.75436	0.41667	8433.65527	0.12109	11321	1	0.72576	0.47933	1	0.74199	0.37668	1	0.73388	0.42801	1	0.48712	0.53829	11.11788	1.03583	1	0.75091	0.55931	10.62017	1.03583	1	-0.00376	-0.00965	0.67736	0.00348	1	0.06221	-0.01399	0.65901	0.00240	1	1.45898	0.81042	0	
1250399	8433.78320	3305137422993	0.75333	0.41724	8433.65527	0.12793	11321	1	0.72576	0.47933	1	0.74199	0.37668	1	0.73388	0.42801	1	0.48717	0.53851	11.36910	1.03583	1	0.75083	0.55939	10.93458	1.03583	1	-0.00382	-0.00975	0.68777	0.00347	1	0.06221	-0.01399	0.65901	0.00237	1	1.45898	0.81042	0	
1250400	8433.78906	3305137488796	0.75240	0.41720	8433.65527	0.13379	11321	1	0.72496	0.47974	1	0.74268	0.35291	1	0.73382	0.41632	1	0.48714	0.53814	11.04967	1.03583	1	0.75081	0.55933	10.81816	1.03583	1	-0.00382	-0.00975	0.68777	0.00371	1	0.06221	-0.01399	0.65901	0.00237	1	1.45898	0.81042	0	
1250401	8433.79590	3305137556045	0.75169	0.41718	8433.65527	0.14062	11321	1	0.73027	0.46920	1	0.74311	0.36449	1	0.73669	0.41685	1	0.48720	0.53829	11.05264	1.03583	1	0.75087	0.55945	10.96891	1.03583	1	-0.00382	-0.00975	0.68777	0.00366	1	0.06221	-0.01399	0.65901	0.00233	1	1.45898	0.81042	0	
1250402	8433.80273	3305137619308	0.75097	0.41753	8433.65527	0.14746	11321	1	0.72922	0.47945	1	0.74096	0.37070	1	0.73509	0.42508	1	0.48712	0.53795	10.68816	1.02068	1	0.75109	0.55919	10.20555	1.02834	1	-0.00367	-0.00919	0.64472	0.00368	1	0.06369	-0.01428	0.67516	0.00259	1	1.45898	0.81042	0	
1250403	8433.80957	3305137692978	0.74987	0.41667	8433.65527	0.15430	11321	1	0.71885	0.43961	1	0.73039	0.35453	1	0.72462	0.39707	1	0.48712	0.53791	10.76290	1.01320	1	0.75071	0.55920	10.37643	1.02086	1	-0.00367	-0.00919	0.64472	0.00382	1	0.06369	-0.01428	0.67516	0.00236	1	1.45898	0.81042	0	
1250404	8433.81641	3305137758905	0.74926	0.41626	8433.65527	0.16113	11321	1	0.74251	0.44437	1	0.72688	0.36840	1	0.73470	0.40638	1	0.48715	0.53795	10.65123	1.00572	1	0.75074	0.55923	10.45842	1.01338	1	-0.00367	-0.00919	0.64472	0.00383	1	0.06369	-0.01428	0.67516	0.00235	1	1.45898	0.81042	0	
1250405	8433.82324	3305137827380	0.74875	0.41565	8433.65527	0.16797	11321	1	0.74313	0.43885	1	0.72901	0.36194	1	0.73607	0.40040	1	0.48705	0.53831	10.80076	1.01338	1	0.75056	0.55911	10.48981	1.02104	1	-0.00400	-0.00974	0.68385	0.00368	1	0.06369	-0.01428	0.67516	0.00235	1	1.45898	0.81042	0	
1250406	8433.83008	3305137894414	0.74957	0.41552	8433.65527	0.17480	11321	1	0.75089	0.47963	1	0.79065	0.34476	1	0.77077	0.41219	1	0.48718	0.53872	11.12238	1.03618	1	0.75076	0.55913	10.30900	1.03618	1	-0.00400	-0.00974	0.68385	0.00370	1	0.06369	-0.01428	0.67516	0.00254	1	1.45898	0.81042	0	
1250407	8433.83691	3305137961108	0.75006	0.41449	8433.65527	0.18164	11321	1	0.74392	0.43672	1	0.78262	0.33667	1	0.76327	0.38670	1	0.48708	0.53841	11.00277	1.05132	1	0.75067	0.55924	10.33739	1.05132	1	-0.00400	-0.00974	0.68385	0.00366	1	0.06369	-0.01428	0.67516	0.00232	1	1.45898	0.81042	0	
1250408	8433.84277	3305138026718	0.75126	0.41159	8433.65527	0.18750	11321	1	0.74392	0.43672	0	0.78500	0.33032	1	0.78500	0.33032	1	0.48708	0.53841	11.00277	1.06647	0	0.75026	0.55922	10.26137	1.05881	1	-0.00400	-0.00974	0.68385	0.00366	1	0.06183	-0.01385	0.65710	0.00231	1	1.45898	0.81042	0	
1250409	8433.84961	3305138095755	0.75126	0.41159	8433.65527	0.19434	11321	1	0.74392	0.43672	0	0.78500	0.33032	0	0.78500	0.33032	0	0.48708	0.53841	11.00277	1.05881	0	0.75026	0.55922	10.26137	1.05115	0	-0.00400	-0.00974	0.68385	0.00366	1	0.06183	-0.01385	0.65710	0.00231	1	1.45898	0.81042	0	
1250410	8433.85645	3305138161969	0.75126	0.41159	8433.65527	0.20117	11321	1	0.74392	0.43672	0	0.78500	0.33032	0	0.78500	0.33032	0	0.48708	0.53841	11.00277	1.05115	0	0.75026	0.55922	10.26137	1.04349	0	-0.00400	-0.00974	0.68385	0.00366	1	0.06183	-0.01385	0.65710	0.00231	1	1.45898	0.81042	0	
1250411	8433.86328	3305138228667	0.75126	0.41159	8433.65527	0.20801	11321	1	0.74392	0.43672	0	0.78500	0.33032	0	0.78500	0.33032	0	0.48708	0.53841	11.00277	1.04349	0	0.75026	0.55922	10.26137	1.03583	0	-0.00400	-0.00974	0.68385	0.00366	1	0.06183	-0.01385	0.65710	0.00231	1	1.45898	0.81042	0	
1250412	8433.87012	3305138295980	0.74492	0.40373	8433.65527	0.20801	11321	0	0.74392	0.43672	0	0.78500	0.33032	0	0.78500	0.33032	0	0.48708	0.53841	11.00277	1.03583	0	0.75026	0.55922	10.26137	1.03583	0	-0.00400	-0.00974	0.68385	0.00366	1	0.06183	-0.01385	0.65710	0.00231	1	1.45898	0.81042	0	
1250413	8433.87695	3305138363252	0.74492	0.40373	8433.65527	0.20801	11321	0	0.74392	0.43672	0	0.78500	0.33032	0	0.78500	0.33032	0	0.48708	0.53841	11.00277	1.03583	0	0.75026	0.55922	10.26137	1.03583	0	-0.00400	-0.00974	0.68385	0.00366	1	0.06183	-0.01385	0.65710	0.00231	1	1.45898	0.81042	0	
1250414	8433.88379	3305138430079	0.74492	0.40373	8433.65527	0.20801	11321	0	0.74392	0.43672	0	0.78500	0.33032	0	0.78500	0.33032	0	0.48708	0.53841	11.00277	1.03583	0	0.75026	0.55922	10.26137	1.03583	0	-0.00400	-0.00974	0.68385	0.00366	1	0.06183	-0.01385	0.65710	0.00231	1	1.45898	0.81042	0	
1250415	8433.89062	3305138497150	0.00000	0.00000	8433.65527	0.20801	11321	0	0.74392	0.43672	0	0.78500	0.33032	0	0.78500	0.33032	0	0.48708	0.53841	11.00277	1.03583	0	0.75026	0.55922	10.26137	1.03583	0	-0.00400	-0.00974	0.68385	0.00366	1	0.06183	-0.01385	0.65710	0.00231	1	1.45898	0.81042	0	
1250416	8433.89648	3305138563016	0.00000	0.00000	8433.65527	0.20801	11321	0	0.74392	0.43672	0	0.78500	0.33032	0	0.78500	0.33032	0	0.48708	0.53841	11.00277	1.03583	0	0.75026	0.55922	10.26137	1.03583	0	-0.00400	-0.00974	0.68385	0.00366	1	0.06183	-0.01385	0.65710	0.00231	1	1.45898	0.81042	0	
1250417	8433.90332	3305138630531	0.00000	0.00000	8433.65527	0.20801	11321	0	0.74392	0.43672	0	0.78500	0.33032	0	0.78500	0.33032	0	0.48708	0.53841	11.00277	1.03583	0	0.75026	0.55922	10.26137	1.03583	0	-0.00400	-0.00974	0.68385	0.00366	1	0.06183	-0.01385	0.65710	0.00231	1	1.45898	0.81042	0	
1250418	8433.91016	3305138698145	0.52003	0.40560	8433.65527	0.20801	11321	0	0.52802	0.39740	1	0.51204	0.41380	1	0.52003	0.40560	1	0.47805	0.53625	10.82087	1.03583	1	0.74074	0.55807	11.85402	1.03583	1	-0.00400	-0.00974	0.68385	0.00340	1	0.06183	-0.01385	0.65710	0.00367	1	1.45898	0.81042	0	
1250419	8433.91699	3305138765441	0.52740	0.41030	8433.65527	0.20801	11321	0	0.55236	0.39546	1	0.51716	0.43452	1	0.53476	0.41499	1	0.47805	0.53612	10.72408	1.03583	1	0.74081	0.55822	11.86913	1.03583	1	-0.00400	-0.00974	0.68385	0.00341	1	0.06183	-0.01385	0.65710	0.00364	1	1.45898	0.81042	0	
1250420	8433.92383	3305138831033	0.53006	0.40984	8433.65527	0.20801	11321	0	0.55236	0.39546	1	0.51842	0.42237	1	0.53539	0.40891	1	0.47732	0.53386	10.85793	1.03583	1	0.73949	0.55794	11.31961	1.05217	1	-0.00546	-0.00954	0.68757	0.00216	1	0.06478	-0.01433	0.70527	0.00406	1	1.45898	0.81042	0	
1250421	8433.93066	3305138897146	0.51187	0.38415	8433.91016	0.02051	11322	1	0.49194	0.20239	1	0.42262	0.41181	1	0.45728	0.30710	1	0.47728	0.53385	10.67052	1.05217	1	0.73923	0.55832	11.89826	1.06851	1	-0.00546	-0.00954	0.68757	0.00219	1	0.06478	-0.01433	0.70527	0.00404	1	1.45898	0.81042	0	
1250422	8433.93750	3305138965502	0.50453	0.36673	8433.91016	0.02734	11322	1	0.48895	0.17744	1	0.46139	0.41666	1	0.47517	0.29705	1	0.47734	0.53383	10.65084	1.06851	1	0.73952	0.55805	11.72772	1.08485	1	-0.00546	-0.00954	0.68757	0.00218	1	0.06478	-0.01433	0.70527	0.00394	1	1.45898	0.81042	0	
1250423	8433.94336	3305139033188	0.49949	0.35285	8433.91016	0.03320	11322	1	0.48681	0.16207	1	0.46178	0.40486	1	0.47429	0.28346	1	0.47698	0.53372	10.71455	1.08485	1	0.73917	0.55763	11.86218	1.10119	1	-0.00565	-0.00955	0.68473	0.00214	1	0.06478	-0.01433	0.70527	0.00419	1	1.45898	0.81042	0	
1250424	8433.95020	3305139097002	0.49709	0.34330	8433.91016	0.04004	11322	1	0.49091	0.14040	1	0.47453	0.43159	1	0.48272	0.28600	1	0.47693	0.53380	10.83638	1.10119	1	0.73930	0.55823	11.67795	1.10119	1	-0.00565	-0.00955	0.68473	0.00214	1	0.06478	-0.01433	0.70527	0.00380	1	1.45898	0.81042	0	
1250425	8433.95703	3305139166735	0.49455	0.33401	8433.91016	0.04688	11322	1	0.48274	0.14743	1	0.47080	0.39055	1	0.47677	0.26899	1	0.47692	0.53378	10.64151	1.10119	1	0.73923	0.55791	11.84117	1.10119	1	-0.00565	-0.00955	0.68473	0.00216	1	0.06478	-0.01433	0.70527	0.00389	1	1.45898	0.81042	0	
1250426	8433.96387	3305139233709	0.49256	0.32714	8433.91016	0.05371	11322	1	0.48274	0.14743	1	0.47052	0.39694	1	0.47663	0.27218	1	0.47670	0.53351	11.10375	1.10119	1	0.73945	0.55725	11.42483	1.09251	1	-0.00556	-0.00935	0.67422	0.00212	1	0.06304	-0.01391	0.68689	0.00420	1	1.45898	0.81042	0	
1250427	8433.97070	3305139300784	0.49047	0.32353	8433.91016	0.06055	11322	1	0.47167	0.14978	1	0.47173	0.43219	1	0.47170	0.29098	1	0.47666	0.53367	10.71613	1.09251	1	0.73928	0.55762	11.51346	1.08383	1	-0.00556	-0.00935	0.67422	0.00215	1	0.06304	-0.01391	0.68689	0.00397	1	1.45898	0.81042	0	
1250428	8433.97754	3305139367991	0.48882	0.31957	8433.91016	0.06738	11322	1	0.47196	0.15690	1	0.47257	0.40302	1	0.47227	0.27996	1	0.47666	0.53367	10.73588	1.08383	1	0.73927	0.55736	11.63948	1.07515	1	-0.00556	-0.00935	0.67422	0.00215	1	0.06304	-0.01391	0.68689	0.00399	1	1.45898	0.81042	0	
1250429	8433.98438	3305139434475	0.48748	0.31688	8433.91016	0.07422	11322	1	0.47320	0.16513	1	0.47227	0.40946	1	0.47273	0.28730	1	0.47670	0.53383	10.32714	1.07515	1	0.73884	0.55783	11.23058	1.06647	1	-0.00565	-0.00945	0.68473	0.00216	1	0.06304	-0.01391	0.68689	0.00378	1	1.45898	0.81042	0	
1250430	8433.99023	3305139501739	0.48580	0.31498	8433.91016	0.08008	11322	1	0.47176	0.17671	1	0.45956	0.40760	1	0.46566	0.29215	1	0.47664	0.53373	10.66330	1.06647	1	0.73904	0.55742	10.71327	1.06647	1	-0.00565	-0.00945	0.68473	0.00213	1	0.06304	-0.01391	0.68689	0.00394	1	1.45898	0.81042	0	
1250431	8433.99707	3305139568638	0.48457	0.31403	8433.91016	0.08691	11322	1	0.49494	0.17971	1	0.44214	0.42381	1	0.46854	0.30176	1	0.47664	0.53379	10.51219	1.06647	1	0.73881	0.55758	11.29520	1.06647	1	-0.00565	-0.00945	0.68473	0.00213	1	0.06304	-0.01391	0.68689	0.00392	1	1.45898	0.81042	0	
1250432	8434.00391	3305139635770	0.47186	0.28929	8433.91016	0.08691	11322	0	0.49494	0.17971	1	0.44209	0.42937	1	0.46852	0.30454	1	0.47649	0.53361	10.78522	1.06647	1	0.73872	0.55774	11.20521	1.05881	1	-0.00565	-0.00945	0.68473	0.00205	1	0.05994	-0.01324	0.65368	0.00395	1	1.45898	0.81042	0	
1250433	8434.01074	3305139702928	0.46845	0.29783	8433.91016	0.08691	11322	0	0.49460	0.18226	1	0.43548	0.43050	1	0.46504	0.30638	1	0.47663	0.53372	10.66556	1.05881	1	0.73875	0.55753	11.28179	1.05115	1	-0.00565	-0.00945	0.68473	0.00214	1	0.05994	-0.01324	0.65368	0.00378	1	1.45898	0.81042	0	
1250434	8434.01758	3305139769458	0.46996	0.30373	8433.91016	0.08691	11322	0	0.49494	0.18579	1	0.45103	0.44526	1	0.47298	0.31552	1	0.47657	0.53366	10.56237	1.05115	1	0.73901	0.55740	10.75789	1.04349	1	-0.00565	-0.00945	0.68473	0.00212	1	0.05994	-0.01324	0.65368	0.00384	1	1.45898	0.81042	0	
1250435	8434.02441	3305139836564	0.47084	0.30759	8434.00391	0.02051	11323	1	0.49593	0.19305	1	0.45103	0.44526	1	0.47348	0.31916	1	0.47651	0.53371	10.28492	1.04349	1	0.73881	0.55742	11.08261	1.04349	1	-0.00565	-0.00945	0.68473	0.00219	1	0.06304	-0.01391	0.68689	0.00382	1	1.45898	0.81042	0	
1250436	8434.03125	3305139903402	0.46751	0.31031	8434.00391	0.02734	11323	1	0.46923	0.20960	1	0.43916	0.43278	1	0.45419	0.32119	1	0.47656	0.53379	10.25791	1.04349	1	0.73876	0.55741	11.17595	1.05115	1	-0.00565	-0.00945	0.68473	0.00220	1	0.06304	-0.01391	0.68689	0.00386	1	1.45898	0.81042	0	
1250437	8434.03711	3305139970649	0.46522	0.31586	8434.00391	0.03320	11323	1	0.47169	0.23973	1	0.43579	0.44751	1	0.45374	0.34362	1	0.47655	0.53373	10.63824	1.05115	1	0.73871	0.55777	11.24947	1.05881	1	-0.00565	-0.00945	0.68473	0.00213	1	0.06304	-0.01391	0.68689	0.00388	1	1.45898	0.81042	0	
1250438	8434.04395	3305140037715	0.46350	0.31895	8434.00391	0.04004	11323	1	0.47056	0.23285	1	0.43580	0.44208	1	0.45318	0.33746	1	0.47654	0.53367	10.60011	1.05881	1	0.73893	0.55749	11.11268	1.06647	1	-0.00565	-0.00945	0.68473	0.00208	1	0.06304	-0.01391	0.68689	0.00379	1	1.45898	0.81042	0	
1250439	8434.05078	3305140104041	0.46401	0.31775	8434.00391	0.04688	11323	1	0.48332	0.17636	1	0.45190	0.44233	1	0.46761	0.30934	1	0.47650	0.53365	10.63989	1.06647	1	0.73894	0.55748	11.11198	1.06647	1	-0.00565	-0.00945	0.68473	0.00210	1	0.06304	-0.01391	0.68689	0.00380	1	1.45898	0.81042	0	
1250440	8434.05762	3305140167547	0.46364	0.31556	8434.00391	0.05371	11323	1	0.47085	0.18438	1	0.45052	0.41184	1	0.46068	0.29811	1	0.47663	0.53375	10.62139	1.06647	1	0.73897	0.55731	11.25417	1.06647	1	-0.00565	-0.00945	0.68473	0.00212	1	0.06304	-0.01391	0.68689	0.00385	1	1.45898	0.81042	0	
1250441	8434.06445	3305140238920	0.46335	0.31382	8434.00391	0.06055	11323	1	0.47085	0.18438	1	0.45052	0.41184	1	0.46068	0.29811	1	0.47664	0.53374	10.61416	1.06647	1	0.73901	0.55754	10.77873	1.06647	1	-0.00565	-0.00945	0.68473	0.00212	1	0.06304	-0.01391	0.68689	0.00398	1	1.45898	0.81042	0	
1250442	8434.07129	3305140305564	0.46279	0.31546	8434.00391	0.06738	11323	1	0.48337	0.18343	1	0.43113	0.48033	1	0.45725	0.33188	1	0.47671	0.53374	10.60727	1.06647	1	0.73866	0.55814	11.30800	1.06647	1	-0.00565	-0.00945	0.68473	0.00218	1	0.06304	-0.01391	0.68689	0.00400	1	1.45898	0.81042	0	
1250443	8434.07812	3305140372468	0.46271	0.31453	8434.00391	0.07422	11323	1	0.46975	0.17484	1	0.45390	0.43386	1	0.46183	0.30435	1	0.47660	0.53376	10.54900	1.06647	1	0.73901	0.55759	10.91299	1.06647	1	-0.00565	-0.00945	0.68473	0.00216	1	0.06304	-0.01391	0.68689	0.00396	1	1.45898	0.81042	0	
1250444	8434.08398	3305140439535	0.46264	0.31375	8434.00391	0.08008	11323	1	0.46975	0.17484	1	0.45390	0.43386	1	0.46183	0.30435	1	0.47665	0.53376	10.61807	1.06647	1	0.73943	0.55781	11.29179	1.06647	1	-0.00565	-0.00945	0.68473	0.00212	1	0.06304	-0.01391	0.68689	0.00383	1	1.45898	0.81042	0	
1250445	8434.09082	3305140506135	0.46372	0.31566	8434.00391	0.08691	11323	1	0.47945	0.18039	1	0.47594	0.50042	1	0.47769	0.34041	1	0.47670	0.53373	10.29576	1.06647	1	0.73938	0.55826	11.50095	1.06647	1	-0.00565	-0.00945	0.68473	0.00216	1	0.06304	-0.01391	0.68689	0.00374	1	1.45898	0.81042	0	
1250446	8434.09766	3305140573373	0.46416	0.31519	8434.00391	0.09375	11323	1	0.47050	0.18212	1	0.47024	0.43528	1	0.47037	0.30870	1	0.47665	0.53375	10.60978	1.06647	1	0.73926	0.55745	11.35984	1.06647	1	-0.00565	-0.00945	0.68473	0.00212	1	0.06304	-0.01391	0.68689	0.00402	1	1.45898	0.81042	0	
1250447	8434.10449	3305140640305	0.46454	0.32270	8434.00391	0.10059	11323	1	0.47050	0.18212	0	0.47024	0.43528	1	0.47024	0.43528	1	0.47665	0.53375	10.60978	1.06647	0	0.47665	0.53366	10.43486	1.06647	1	-0.00565	-0.00945	0.68473	0.00212	1	-0.00565	-0.00945	0.68473	0.00210	1	1.45898	0.81042	0	
1250448	8434.11133	3305140707467	0.45821	0.30967	8434.00391	0.10742	11323	1	0.47050	0.18212	0	0.35690	0.10116	1	0.35690	0.10116	1	0.47665	0.53375	10.60978	1.06647	0	0.47666	0.53344	10.75704	1.06647	1	-0.00565	-0.00945	0.68473	0.00212	1	-0.00565	-0.00945	0.68473	0.00217	1	1.45898	0.81042	0	
1250449	8434.11816	3305140774687	0.45228	0.29848	8434.00391	0.11426	11323	1	0.47050	0.18212	0	0.35142	0.10832	1	0.35142	0.10832	1	0.47665	0.53375	10.60978	1.06647	0	0.47669	0.53360	10.77542	1.06647	1	-0.00565	-0.00945	0.68473	0.00212	1	-0.00565	-0.00945	0.68473	0.00215	1	1.45898	0.81042	0	
1250450	8434.12500	3305140841391	0.44697	0.28847	8434.00391	0.12109	11323	1	0.47050	0.18212	0	0.35142	0.10832	1	0.35142	0.10832	1	0.47665	0.53375	10.60978	1.06647	0	0.47675	0.53367	10.76945	1.06647	1	-0.00565	-0.00945	0.68473	0.00212	1	-0.00565	-0.00945	0.68473	0.00207	1	1.45898	0.81042	0	
1250451	8434.13086	3305140908500	0.44297	0.29223	8434.00391	0.12695	11323	1	0.47050	0.18212	0	0.36696	0.36373	1	0.36696	0.36373	1	0.47665	0.53375	10.60978	1.06647	0	0.47702	0.53628	10.18552	1.06647	1	-0.00565	-0.00945	0.68473	0.00212	1	-0.00565	-0.00945	0.68473	0.00343	1	1.45898	0.81042	0	
1250452	8434.13770	3305140973467	0.42073	0.25920	8434.00391	0.12695	11323	0	0.47050	0.18212	0	0.36217	0.10578	1	0.36217	0.10578	1	0.47665	0.53375	10.60978	1.06647	0	0.47673	0.53364	10.89264	1.06647	1	-0.00565	-0.00945	0.68473	0.00212	1	-0.00565	-0.00945	0.68473	0.00214	1	1.45898	0.81042	0	
1250453	8434.14453	3305141039461	0.39145	0.18249	8434.00391	0.12695	11323	0	0.47050	0.18212	0	0.36217	0.10578	1	0.36217	0.10578	1	0.47665	0.53375	10.60978	1.06647	0	0.47679	0.53368	10.70091	1.06647	1	-0.00565	-0.00945	0.68473	0.00212	1	-0.00565	-0.00945	0.68473	0.00221	1	1.45898	0.81042	0	
1250454	8434.15137	3305141106268	0.38075	0.16252	8434.00391	0.12695	11323	0	0.47050	0.18212	0	0.35933	0.12258	1	0.35933	0.12258	1	0.47665	0.53375	10.60978	1.06647	0	0.47662	0.53372	10.67883	1.06647	1	-0.00565	-0.00945	0.68473	0.00212	1	-0.00565	-0.00945	0.68473	0.00211	1	1.45898	0.81042	0	
1250455	8434.15820	3305141173762	0.35516	0.11693	8434.00391	0.12695	11323	0	0.47050	0.18212	0	0.34399	0.12244	1	0.34399	0.12244	1	0.47665	0.53375	10.60978	1.06647	0	0.47665	0.53373	10.58986	1.06647	1	-0.00565	-0.00945	0.68473	0.00212	1	-0.00565	-0.00945	0.68473	0.00214	1	1.45898	0.81042	0	
1250456	8434.16504	3305141243895	0.34958	0.11968	8434.00391	0.12695	11323	0	0.47050	0.18212	0	0.34399	0.12244	1	0.34399	0.12244	1	0.47665	0.53375	10.60978	1.06647	0	0.47668	0.53365	10.52213	1.06647	1	-0.00565	-0.00945	0.68473	0.00212	1	-0.00565	-0.00945	0.68473	0.00218	1	1.45898	0.81042	0	
1250457	8434.17090	3305141305305	0.35452	0.11682	8434.00391	0.12695	11323	0	0.47050	0.18212	0	0.36442	0.11110	1	0.36442	0.11110	1	0.47665	0.53375	10.60978	1.06647	0	0.47672	0.53364	10.74710	1.06647	1	-0.00565	-0.00945	0.68473	0.00212	1	-0.00565	-0.00945	0.68473	0.00215	1	1.45898	0.81042	0	
1250458	8434.17773	3305141372585	0.35511	0.12672	8434.15820	0.01953	11324	1	0.47050	0.18212	0	0.35688	0.15641	1	0.35688	0.15641	1	0.47665	0.53375	10.60978	1.06647	0	0.47664	0.53362	10.67134	1.06647	1	-0.00565	-0.00945	0.68473	0.00212	1	-0.00565	-0.00945	0.68473	0.00213	1	1.45898	0.81042	0	
1250459	8434.18457	3305141439405	0.35547	0.13266	8434.15820	0.02637	11324	1	0.47050	0.18212	0	0.35688	0.15641	1	0.35688	0.15641	1	0.47665	0.53375	10.60978	1.06647	0	0.47672	0.53352	10.52817	1.06647	1	-0.00565	-0.00945	0.68473	0.00212	1	-0.00565	-0.00945	0.68473	0.00212	1	1.45898	0.81042	0	
1250460	8434.19141	3305141511988	0.35805	0.12905	8434.15820	0.03320	11324	1	0.47050	0.18212	0	0.37099	0.11104	1	0.37099	0.11104	1	0.47665	0.53375	10.60978	1.06647	0	0.47685	0.53350	10.87158	1.06647	1	-0.00565	-0.00945	0.68473	0.00212	1	-0.00565	-0.00945	0.68473	0.00214	1	1.45898	0.81042	0	
1250461	8434.19824	3305141579801	0.35913	0.12526	8434.15820	0.04004	11324	1	0.47050	0.18212	0	0.36559	0.10252	1	0.36559	0.10252	1	0.47665	0.53375	10.60978	1.06647	0	0.47687	0.53358	10.40267	1.06647	1	-0.00565	-0.00945	0.68473	0.00212	1	-0.00565	-0.00945	0.68473	0.00206	1	1.45898	0.81042	0	
1250462	8434.20508	3305141645727	0.35994	0.12242	8434.15820	0.04688	11324	1	0.47050	0.18212	0	0.36559	0.10252	1	0.36559	0.10252	1	0.47665	0.53375	10.60978	1.06647	0	0.47692	0.53349	9.76308	1.06647	1	-0.00565	-0.00945	0.68473	0.00212	1	-0.00565	-0.00945	0.68473	0.00209	1	1.45898	0.81042	0	
1250463	8434.21191	3305141712761	0.37193	0.14088	8434.15820	0.05371	11324	1	0.49061	0.15344	1	0.44508	0.42368	1	0.46785	0.28856	1	0.47687	0.53355	10.34373	1.06647	1	0.73966	0.55754	11.19001	1.06647	1	-0.00565	-0.00945	0.68473	0.00214	1	-0.00565	-0.00945	0.68473	0.00396	1	1.45898	0.81042	0	
1250464	8434.21875	3305141778581	0.38175	0.15358	8434.15820	0.06055	11324	1	0.49614	0.16150	1	0.44419	0.37429	1	0.47017	0.26789	1	0.47699	0.53346	10.26470	1.06647	1	0.73956	0.55743	11.04795	1.06647	1	-0.00565	-0.00945	0.68473	0.00222	1	-0.00565	-0.00945	0.68473	0.00401	1	1.45898	0.81042	0	
1250465	8434.22461	3305141845675	0.38743	0.17365	8434.15820	0.06641	11324	1	0.49614	0.16150	0	0.44419	0.37429	1	0.44419	0.37429	1	0.47699	0.53346	10.26470	1.06647	0	0.47720	0.53358	10.65996	1.06647	1	-0.00565	-0.00945	0.68473	0.00222	1	-0.00552	-0.00940	0.68150	0.00217	1	1.45898	0.81042	0	
1250466	8434.23145	3305141913331	0.38556	0.16862	8434.15820	0.07324	11324	1	0.49614	0.16150	0	0.36504	0.11331	1	0.36504	0.11331	1	0.47699	0.53346	10.26470	1.06647	0	0.47715	0.53360	10.57452	1.06647	1	-0.00565	-0.00945	0.68473	0.00222	1	-0.00552	-0.00940	0.68150	0.00221	1	1.45898	0.81042	0	
1250467	8434.23828	3305141980446	0.38354	0.16452	8434.15820	0.08008	11324	1	0.49614	0.16150	0	0.35929	0.11532	1	0.35929	0.11532	1	0.47699	0.53346	10.26470	1.06647	0	0.47715	0.53367	10.60507	1.06647	1	-0.00565	-0.00945	0.68473	0.00222	1	-0.00552	-0.00940	0.68150	0.00220	1	1.45898	0.81042	0	
1250468	8434.24512	3305142047124	0.38185	0.16156	8434.15820	0.08691	11324	1	0.49614	0.16150	0	0.35980	0.12303	1	0.35980	0.12303	1	0.47699	0.53346	10.26470	1.06647	0	0.47713	0.53365	10.52621	1.05881	1	-0.00565	-0.00945	0.68473	0.00222	1	-0.00536	-0.00922	0.66812	0.00210	1	1.45898	0.81042	0	
1250469	8434.25195	3305142114058	0.38020	0.16233	8434.15820	0.09375	11324	1	0.49614	0.16150	0	0.35708	0.17323	1	0.35708	0.17323	1	0.47699	0.53346	10.26470	1.05881	0	0.47711	0.53359	10.75166	1.05115	1	-0.00565	-0.00945	0.68473	0.00222	1	-0.00536	-0.00922	0.66812	0.00216	1	1.45898	0.81042	0	
1250470	8434.25879	3305142181110	0.37920	0.15967	8434.15820	0.10059	11324	1	0.49614	0.16150	0	0.36421	0.11973	1	0.36421	0.11973	1	0.47699	0.53346	10.26470	1.05115	0	0.47715	0.53357	10.63544	1.04349	1	-0.00565	-0.00945	0.68473	0.00222	1	-0.00536	-0.00922	0.66812	0.00215	1	1.45898	0.81042	0	
1250471	8434.26562	3305142246576	0.37832	0.15732	8434.15820	0.10742	11324	1	0.49614	0.16150	0	0.36421	0.11973	1	0.36421	0.11973	1	0.47699	0.53346	10.26470	1.04349	0	0.47732	0.53376	10.66652	1.04349	1	-0.00565	-0.00945	0.68473	0.00222	1	-0.00542	-0.00941	0.68174	0.00217	1	1.45898	0.81042	0	
1250472	8434.27148	3305142314013	0.37643	0.15878	8434.15820	0.11328	11324	1	0.49614	0.16150	0	0.34447	0.18363	1	0.34447	0.18363	1	0.47699	0.53346	10.26470	1.04349	0	0.47730	0.53382	10.82415	1.05115	1	-0.00565	-0.00945	0.68473	0.00222	1	-0.00542	-0.00941	0.68174	0.00212	1	1.45898	0.81042	0	
1250473	8434.27832	3305142381894	0.37497	0.15995	8434.15820	0.12012	11324	1	0.49614	0.16150	0	0.34862	0.18102	1	0.34862	0.18102	1	0.47699	0.53346	10.26470	1.05115	0	0.47732	0.53381	10.84133	1.05881	1	-0.00565	-0.00945	0.68473	0.00222	1	-0.00542	-0.00941	0.68174	0.00212	1	1.45898	0.81042	0	
1250474	8434.28516	3305142449419	0.38275	0.18612	8434.15820	0.12012	11324	0	0.49614	0.16150	0	0.34803	0.17374	1	0.34803	0.17374	1	0.47699	0.53346	10.26470	1.05881	0	0.47745	0.53378	10.63093	1.06647	1	-0.00565	-0.00945	0.68473	0.00222	1	-0.00542	-0.00941	0.68174	0.00225	1	1.45898	0.81042	0	
1250475	8434.29199	3305142516116	0.42700	0.23379	8434.15820	0.12012	11324	0	0.47808	0.16794	1	0.46442	0.39500	1	0.47125	0.28147	1	0.47740	0.53374	10.66162	1.06647	1	0.73988	0.55823	11.06624	1.06647	1	-0.00565	-0.00945	0.68473	0.00220	1	-0.00542	-0.00941	0.68174	0.00376	1	1.45898	0.81042	0	
1250476	8434.29883	3305142582875	0.44197	0.25118	8434.15820	0.12012	11324	0	0.47318	0.17466	1	0.47064	0.39727	1	0.47191	0.28596	1	0.47738	0.53372	10.75631	1.06647	1	0.74001	0.55819	11.71431	1.06647	1	-0.00565	-0.00945	0.68473	0.00216	1	-0.00542	-0.00941	0.68174	0.00378	1	1.45898	0.81042	0	
1250477	8434.30566	3305142648309	0.47169	0.28447	8434.15820	0.12012	11324	0	0.47318	0.17466	1	0.47064	0.39727	1	0.47191	0.28596	1	0.47738	0.53372	10.67874	1.06647	1	0.74008	0.55828	11.95826	1.06647	1	-0.00542	-0.00941	0.68174	0.00209	1	0.06301	-0.01391	0.68432	0.00373	1	1.45898	0.81042	0	
1250478	8434.31250	3305142716398	0.47042	0.28632	8434.15820	0.12012	11324	0	0.46793	0.16990	1	0.47038	0.40645	1	0.46915	0.28818	1	0.47728	0.53369	10.56779	1.06647	1	0.74008	0.55825	12.01235	1.06647	1	-0.00542	-0.00941	0.68174	0.00217	1	0.06301	-0.01391	0.68432	0.00374	1	1.45898	0.81042	0	
1250479	8434.31934	3305142783936	0.47067	0.28884	8434.15820	0.12012	11324	0	0.47979	0.16957	1	0.46253	0.41817	1	0.47116	0.29387	1	0.47741	0.53365	10.66512	1.06647	1	0.73989	0.55841	12.24220	1.06647	1	-0.00542	-0.00941	0.68174	0.00220	1	0.06301	-0.01391	0.68432	0.00376	1	1.45898	0.81042	0	
1250480	8434.32520	3305142851508	0.47077	0.29080	8434.30566	0.01953	11325	1	0.47979	0.16957	1	0.46233	0.42379	1	0.47106	0.29668	1	0.47746	0.53363	10.69648	1.06647	1	0.73980	0.55825	11.91066	1.05881	1	-0.00542	-0.00941	0.68174	0.00218	1	0.06008	-0.01330	0.65193	0.00389	1	1.45898	0.81042	0	
1250481	8434.33203	3305142917718	0.46778	0.29484	8434.30566	0.02637	11325	1	0.47642	0.18106	1	0.43522	0.44094	1	0.45582	0.31100	1	0.47741	0.53371	10.89694	1.05881	1	0.73987	0.55844	12.32207	1.05115	1	-0.00542	-0.00941	0.68174	0.00219	1	0.06008	-0.01330	0.65193	0.00378	1	1.45898	0.81042	0	
1250482	8434.33887	3305142984709	0.46918	0.29686	8434.30566	0.03320	11325	1	0.47602	0.18139	1	0.47635	0.43252	1	0.47619	0.30695	1	0.47741	0.53382	11.07099	1.05115	1	0.74018	0.55837	11.93841	1.04349	1	-0.00542	-0.00941	0.68174	0.00222	1	0.06008	-0.01330	0.65193	0.00375	1	1.45898	0.81042	0	
1250483	8434.34570	3305143051035	0.47026	0.29882	8434.30566	0.04004	11325	1	0.47712	0.18869	1	0.47635	0.43252	1	0.47674	0.31060	1	0.47749	0.53605	10.85063	1.04349	1	0.74019	0.55849	12.03832	1.04349	1	-0.00542	-0.00941	0.68174	0.00371	1	0.06301	-0.01401	0.68432	0.00370	1	1.45898	0.81042	0	
1250484	8434.35254	3305143118834	0.46949	0.29983	8434.30566	0.04688	11325	1	0.47955	0.19714	1	0.44875	0.41672	1	0.46415	0.30693	1	0.47738	0.53375	10.58258	1.04349	1	0.74010	0.55839	11.71211	1.05115	1	-0.00542	-0.00941	0.68174	0.00218	1	0.06301	-0.01401	0.68432	0.00376	1	1.45898	0.81042	0	
1250485	8434.35840	3305143181349	0.47122	0.31081	8434.30566	0.05273	11325	1	0.50547	0.39054	1	0.46456	0.40664	1	0.48502	0.39859	1	0.47780	0.53615	11.40194	1.05115	1	0.74038	0.55822	11.09762	1.05881	1	-0.00542	-0.00941	0.68174	0.00357	1	0.06301	-0.01401	0.68432	0.00375	1	1.45898	0.81042	0	
1250486	8434.36523	3305143247715	0.47057	0.31982	8434.30566	0.05957	11325	1	0.50547	0.39054	0	0.46477	0.40090	1	0.46477	0.40090	1	0.47780	0.53615	11.40194	1.05881	0	0.47743	0.53621	10.93240	1.06647	1	-0.00542	-0.00941	0.68174	0.00357	1	-0.00542	-0.00941	0.68174	0.00361	1	1.45898	0.81042	0	
1250487	8434.37207	3305143319745	0.45910	0.30212	8434.30566	0.06641	11325	1	0.50547	0.39054	0	0.34436	0.12521	1	0.34436	0.12521	1	0.47780	0.53615	11.40194	1.06647	0	0.47731	0.53375	10.98459	1.06647	1	-0.00542	-0.00941	0.68174	0.00357	1	-0.00542	-0.00941	0.68174	0.00216	1	1.45898	0.81042	0	
1250488	8434.37891	3305143385167	0.45130	0.30871	8434.30566	0.07324	11325	1	0.50547	0.39054	0	0.36545	0.38117	1	0.36545	0.38117	1	0.47780	0.53615	11.40194	1.06647	0	0.47774	0.53651	11.53829	1.06647	1	-0.00542	-0.00941	0.68174	0.00357	1	-0.00542	-0.00941	0.68174	0.00348	1	1.45898	0.81042	0	
1250489	8434.38574	3305143453553	0.44469	0.31429	8434.30566	0.08008	11325	1	0.50547	0.39054	0	0.36545	0.38117	1	0.36545	0.38117	1	0.47780	0.53615	11.40194	1.06647	0	0.47732	0.53399	11.28910	1.06647	1	-0.00542	-0.00941	0.68174	0.00357	1	-0.00542	-0.00941	0.68174	0.00214	1	1.45898	0.81042	0	
1250490	8434.39258	3305143520605	0.43788	0.30175	8434.30566	0.08691	11325	1	0.50547	0.39054	0	0.34927	0.13876	1	0.34927	0.13876	1	0.47780	0.53615	11.40194	1.06647	0	0.47748	0.53390	10.71407	1.06647	1	-0.00542	-0.00941	0.68174	0.00357	1	-0.00542	-0.00941	0.68174	0.00228	1	1.45898	0.81042	0	
1250491	8434.39941	3305143587573	0.43237	0.28966	8434.30566	0.09375	11325	1	0.50547	0.39054	0	0.35532	0.12046	1	0.35532	0.12046	1	0.47780	0.53615	11.40194	1.06647	0	0.47742	0.53378	10.69501	1.06647	1	-0.00542	-0.00941	0.68174	0.00357	1	-0.00542	-0.00941	0.68174	0.00219	1	1.45898	0.81042	0	
1250492	8434.40625	3305143654103	0.42756	0.27909	8434.30566	0.10059	11325	1	0.50547	0.39054	0	0.35532	0.12046	1	0.35532	0.12046	1	0.47780	0.53615	11.40194	1.06647	0	0.47858	0.53613	11.29910	1.06647	1	-0.00542	-0.00941	0.68174	0.00357	1	-0.00546	-0.00954	0.68757	0.00337	1	1.45898	0.81042	0	
1250493	8434.41309	3305143721785	0.42594	0.28255	8434.30566	0.10742	11325	1	0.50547	0.39054	0	0.40001	0.33805	1	0.40001	0.33805	1	0.47780	0.53615	11.40194	1.06647	0	0.47832	0.53613	11.10287	1.06647	1	-0.00542	-0.00941	0.68174	0.00357	1	-0.00546	-0.00954	0.68757	0.00338	1	1.45898	0.81042	0	
1250494	8434.41895	3305143788517	0.42457	0.28438	8434.30566	0.11328	11325	1	0.50547	0.39054	0	0.40136	0.31534	1	0.40136	0.31534	1	0.47780	0.53615	11.40194	1.06647	0	0.47829	0.53599	11.07694	1.06647	1	-0.00542	-0.00941	0.68174	0.00357	1	-0.00546	-0.00954	0.68757	0.00343	1	1.45898	0.81042	0	
1250495	8434.42578	3305143855121	0.39599	0.27853	8434.30566	0.11328	11325	0	0.50547	0.39054	0	0.40136	0.31534	1	0.40136	0.31534	1	0.47780	0.53615	11.40194	1.06647	0	0.47859	0.53622	11.35824	1.06647	1	-0.00542	-0.00941	0.68174	0.00357	1	-0.00542	-0.00951	0.68174	0.00350	1	1.45898	0.81042	0	
1250496	8434.43164	3305143915577	0.45105	0.32740	8434.30566	0.11328	11325	0	0.54397	0.38385	1	0.46826	0.36868	1	0.50611	0.37626	1	0.47837	0.53614	11.02854	1.06647	1	0.74073	0.55780	11.95406	1.06647	1	-0.00542	-0.00941	0.68174	0.00348	1	-0.00542	-0.00951	0.68174	0.00396	1	1.45898	0.81042	0	
1250497	8434.43945	3305143990708	0.46654	0.32186	8434.30566	0.11328	11325	0	0.53145	0.28665	1	0.46361	0.33495	1	0.49753	0.31080	1	0.47829	0.53518	10.97060	1.06647	1	0.74074	0.55760	11.93656	1.06647	1	-0.00542	-0.00941	0.68174	0.00369	1	-0.00542	-0.00951	0.68174	0.00409	1	1.45898	0.81042	0	
1250498	8434.44629	3305144056451	0.50039	0.33262	8434.30566	0.11328	11325	0	0.53145	0.28665	1	0.46361	0.33495	1	0.49753	0.31080	1	0.47849	0.53616	11.26785	1.06647	1	0.74072	0.55743	11.77899	1.06647	1	-0.00542	-0.00951	0.68174	0.00337	1	0.06224	-0.01387	0.67488	0.00417	1	1.45898	0.81042	0	
1250499	8434.45312	3305144123469	0.49808	0.34911	8434.30566	0.11328	11325	0	0.52982	0.36224	1	0.46172	0.36894	1	0.49577	0.36559	1	0.47822	0.53620	11.02363	1.06647	1	0.74027	0.55785	11.06625	1.06647	1	-0.00542	-0.00951	0.68174	0.00335	1	0.06224	-0.01387	0.67488	0.00414	1	1.45898	0.81042	0	
1250500	8434.45898	3305144188037	0.49835	0.31303	8434.30566	0.11328	11325	0	0.50422	0.18303	1	0.49356	0.29874	1	0.49889	0.24089	1	0.47794	0.53390	10.54411	1.06647	1	0.74076	0.55707	11.37609	1.06647	1	-0.00542	-0.00951	0.68174	0.00230	1	0.06224	-0.01387	0.67488	0.00419	1	1.45898	0.81042	0	
1250501	8434.46680	3305144262626	0.49848	0.29500	8434.44629	0.02051	11326	1	0.50422	0.18303	1	0.49356	0.29874	1	0.49889	0.24089	1	0.47793	0.53395	11.19917	1.06647	1	0.74054	0.55761	11.01376	1.06647	1	-0.00542	-0.00951	0.68174	0.00224	1	0.06301	-0.01406	0.68432	0.00405	1	1.45898	0.81042	0	
1250502	8434.47266	3305144322694	0.49935	0.30929	8434.44629	0.02637	11326	1	0.51080	0.39059	1	0.49485	0.34231	1	0.50282	0.36645	1	0.47792	0.53646	11.49095	1.06647	1	0.74039	0.55764	11.12943	1.06647	1	-0.00542	-0.00951	0.68174	0.00349	1	0.06301	-0.01406	0.68432	0.00410	1	1.45898	0.81042	0	
1250503	8434.47949	3305144386760	0.50205	0.32031	8434.44629	0.03320	11326	1	0.52558	0.38958	1	0.50554	0.36131	1	0.51556	0.37545	1	0.47806	0.53621	10.50481	1.06647	1	0.74056	0.55783	11.31004	1.06647	1	-0.00542	-0.00951	0.68174	0.00373	1	0.06301	-0.01406	0.68432	0.00398	1	1.45898	0.81042	0	
1250504	8434.48633	3305144454962	0.50205	0.32031	8434.44629	0.04004	11326	1	0.52558	0.38958	0	0.50554	0.36131	0	0.51556	0.37545	0	0.47806	0.53621	10.50481	1.06647	0	0.74056	0.55783	11.31004	1.06647	0	-0.00542	-0.00951	0.68174	0.00373	1	0.06301	-0.01406	0.68432	0.00398	1	1.45898	0.81042	0	
1250505	8434.49316	3305144523910	0.50205	0.32031	8434.44629	0.04688	11326	1	0.52558	0.38958	0	0.50554	0.36131	0	0.51556	0.37545	0	0.47806	0.53621	10.50481	1.06647	0	0.74056	0.55783	11.31004	1.06647	0	-0.00542	-0.00951	0.68174	0.00373	1	0.06301	-0.01406	0.68432	0.00398	1	1.45898	0.81042	0	
1250506	8434.50000	3305144590457	0.50205	0.32031	8434.44629	0.05371	11326	1	0.52558	0.38958	0	0.50554	0.36131	0	0.51556	0.37545	0	0.47806	0.53621	10.50481	1.06647	0	0.74056	0.55783	11.31004	1.06647	0	-0.00542	-0.00951	0.68174	0.00373	1	0.06301	-0.01406	0.68432	0.00398	1	1.45898	0.81042	0	
1250507	8434.50684	3305144659207	0.50239	0.31785	8434.44629	0.05371	11326	0	0.52558	0.38958	0	0.50554	0.36131	0	0.51556	0.37545	0	0.47806	0.53621	10.50481	1.06647	0	0.74056	0.55783	11.31004	1.06647	0	-0.00542	-0.00951	0.68174	0.00373	1	0.06301	-0.01406	0.68432	0.00398	1	1.45898	0.81042	0	
1250508	8434.51270	3305144726286	0.50239	0.31785	8434.44629	0.05371	11326	0	0.52558	0.38958	0	0.50554	0.36131	0	0.51556	0.37545	0	0.47806	0.53621	10.50481	1.06647	0	0.74056	0.55783	11.31004	1.06647	0	-0.00542	-0.00951	0.68174	0.00373	1	0.06301	-0.01406	0.68432	0.00398	1	1.45898	0.81042	0	
1250509	8434.51953	3305144793770	0.50239	0.31785	8434.44629	0.05371	11326	0	0.52558	0.38958	0	0.50554	0.36131	0	0.51556	0.37545	0	0.47806	0.53621	10.50481	1.06647	0	0.74056	0.55783	11.31004	1.06647	0	-0.00542	-0.00951	0.68174	0.00373	1	0.06301	-0.01406	0.68432	0.00398	1	1.45898	0.81042	0	
1250510	8434.52637	3305144859910	0.00000	0.00000	8434.44629	0.05371	11326	0	0.52558	0.38958	0	0.50554	0.36131	0	0.51556	0.37545	0	0.47806	0.53621	10.50481	1.06647	0	0.74056	0.55783	11.31004	1.06647	0	-0.00542	-0.00951	0.68174	0.00373	1	0.06301	-0.01406	0.68432	0.00398	1	1.45898	0.81042	0	
1250511	8434.53320	3305144928443	0.00000	0.00000	8434.44629	0.05371	11326	0	0.52558	0.38958	0	0.50554	0.36131	0	0.51556	0.37545	0	0.47806	0.53621	10.50481	1.06647	0	0.74056	0.55783	11.31004	1.06647	0	-0.00542	-0.00951	0.68174	0.00373	1	0.06301	-0.01406	0.68432	0.00398	1	1.45898	0.81042	0	
1250512	8434.54004	3305144991777	0.00000	0.00000	8434.44629	0.05371	11326	0	0.52558	0.38958	0	0.50554	0.36131	0	0.51556	0.37545	0	0.47806	0.53621	10.50481	1.06647	0	0.74056	0.55783	11.31004	1.06647	0	-0.00542	-0.00951	0.68174	0.00373	1	0.06301	-0.01406	0.68432	0.00398	1	1.45898	0.81042	0	
1250513	8434.54688	3305145060838	0.00000	0.00000	8434.44629	0.05371	11326	0	0.52558	0.38958	0	0.50554	0.36131	0	0.51556	0.37545	0	0.47806	0.53621	10.50481	1.06647	0	0.74056	0.55783	11.31004	1.06647	0	-0.00542	-0.00951	0.68174	0.00373	1	0.06301	-0.01406	0.68432	0.00398	1	1.45898	0.81042	0	
1250514	8434.55273	3305145126341	0.00000	0.00000	8434.44629	0.05371	11326	0	0.52558	0.38958	0	0.50554	0.36131	0	0.51556	0.37545	0	0.47806	0.53621	10.50481	1.06647	0	0.74056	0.55783	11.31004	1.06647	0	-0.00542	-0.00951	0.68174	0.00373	1	0.06301	-0.01406	0.68432	0.00398	1	1.45898	0.81042	0	
1250515	8434.55957	3305145191007	0.00000	0.00000	8434.44629	0.05371	11326	0	0.52558	0.38958	0	0.50554	0.36131	0	0.51556	0.37545	0	0.47806	0.53621	10.50481	1.06647	0	0.74056	0.55783	11.31004	1.06647	0	-0.00542	-0.00951	0.68174	0.00373	1	0.06301	-0.01406	0.68432	0.00398	1	1.45898	0.81042	0	
1250516	8434.56641	3305145259285	0.00000	0.00000	8434.44629	0.05371	11326	0	0.52558	0.38958	0	0.50554	0.36131	0	0.51556	0.37545	0	0.47806	0.53621	10.50481	1.06647	0	0.74056	0.55783	11.31004	1.06647	0	-0.00542	-0.00951	0.68174	0.00373	1	0.06301	-0.01406	0.68432	0.00398	1	1.45898	0.81042	0	
1250517	8434.57324	3305145325989	0.00000	0.00000	8434.44629	0.05371	11326	0	0.52558	0.38958	0	0.50554	0.36131	0	0.51556	0.37545	0	0.47806	0.53621	10.50481	1.06647	0	0.74056	0.55783	11.31004	1.06647	0	-0.00542	-0.00951	0.68174	0.00373	1	0.06301	-0.01406	0.68432	0.00398	1	1.45898	0.81042	0	
1250518	8434.58008	3305145394791	0.00000	0.00000	8434.44629	0.05371	11326	0	0.52558	0.38958	0	0.50554	0.36131	0	0.51556	0.37545	0	0.47806	0.53621	10.50481	1.06647	0	0.74056	0.55783	11.31004	1.06647	0	-0.00542	-0.00951	0.68174	0.00373	1	0.06301	-0.01406	0.68432	0.00398	1	1.45898	0.81042	0	
1250519	8434.58691	3305145459925	0.00000	0.00000	8434.44629	0.05371	11326	0	0.52558	0.38958	0	0.50554	0.36131	0	0.51556	0.37545	0	0.47806	0.53621	10.50481	1.06647	0	0.74056	0.55783	11.31004	1.06647	0	-0.00542	-0.00951	0.68174	0.00373	1	0.06301	-0.01406	0.68432	0.00398	1	1.45898	0.81042	0	
1250520	8434.59277	3305145527242	0.19390	0.14081	8434.44629	0.05371	11326	0	0.52558	0.38958	0	0.38779	0.28161	1	0.38779	0.28161	1	0.47653	0.53643	10.76782	1.06647	0	0.47653	0.53643	10.76782	1.06647	1	-0.00542	-0.00951	0.68174	0.00373	1	0.06301	-0.01406	0.68432	0.00372	1	1.45898	0.81042	0	
1250521	8434.60059	3305145596929	0.26907	0.20716	8434.44629	0.05371	11326	0	0.52558	0.38958	0	0.41942	0.33987	1	0.41942	0.33987	1	0.47653	0.53643	10.76782	1.06647	0	0.47670	0.53660	11.01856	1.06647	1	-0.00542	-0.00951	0.68174	0.00373	1	0.06301	-0.01406	0.68432	0.00371	1	1.45898	0.81042	0	
1250522	8434.60645	3305145664054	0.40884	0.31812	8434.44629	0.05371	11326	0	0.52558	0.38958	0	0.41930	0.33289	1	0.41930	0.33289	1	0.47653	0.53643	10.76782	1.06647	0	0.47599	0.53430	11.14755	1.07515	1	-0.00542	-0.00951	0.68174	0.00373	1	-0.00616	-0.00979	0.70212	0.00222	1	1.45898	0.81042	0	
1250523	8434.61328	3305145731423	0.40611	0.21387	8434.44629	0.05371	11326	0	0.52558	0.38958	0	0.40338	0.10962	1	0.40338	0.10962	1	0.47653	0.53643	10.76782	1.07515	0	0.47590	0.53424	11.14191	1.08383	1	-0.00542	-0.00951	0.68174	0.00373	1	-0.00616	-0.00979	0.70212	0.00224	1	1.45898	0.81042	0	
1250524	8434.62012	3305145798181	0.40315	0.23809	8434.44629	0.05371	11326	0	0.52558	0.38958	0	0.39723	0.28654	1	0.39723	0.28654	1	0.47653	0.53643	10.76782	1.08383	0	0.47583	0.53645	11.15932	1.09251	1	-0.00542	-0.00951	0.68174	0.00373	1	-0.00616	-0.00979	0.70212	0.00370	1	1.45898	0.81042	0	
1250525	8434.62695	3305145864489	0.40167	0.25020	8434.60645	0.02051	11327	1	0.52558	0.38958	0	0.39723	0.28654	1	0.39723	0.28654	1	0.47653	0.53643	10.76782	1.09251	0	0.47598	0.53662	11.32815	1.09251	1	-0.00542	-0.00951	0.68174	0.00373	1	-0.00603	-0.00951	0.68150	0.00371	1	1.45898	0.81042	0	
1250526	8434.63379	3305145931946	0.39655	0.26560	8434.60645	0.02734	11327	1	0.52558	0.38958	0	0.37609	0.32719	1	0.37609	0.32719	1	0.47653	0.53643	10.76782	1.09251	0	0.47559	0.53660	10.49688	1.08383	1	-0.00542	-0.00951	0.68174	0.00373	1	-0.00603	-0.00951	0.68150	0.00378	1	1.45898	0.81042	0	
1250527	8434.64062	3305145998811	0.41633	0.27717	8434.60645	0.03418	11327	1	0.53668	0.31232	1	0.49369	0.35773	1	0.51519	0.33503	1	0.47605	0.53644	11.06368	1.08383	1	0.73885	0.55775	11.62209	1.07515	1	-0.00542	-0.00951	0.68174	0.00373	1	-0.00603	-0.00951	0.68150	0.00403	1	1.45898	0.81042	0	
1250528	8434.64746	3305146066598	0.43047	0.28642	8434.60645	0.04102	11327	1	0.53748	0.31927	1	0.49323	0.36456	1	0.51536	0.34191	1	0.47601	0.53674	10.92711	1.07515	1	0.73865	0.55739	11.79302	1.06647	1	-0.00603	-0.00951	0.68150	0.00369	1	0.06190	-0.01378	0.67777	0.00409	1	1.45898	0.81042	0	
1250529	8434.65430	3305146135055	0.43997	0.29629	8434.60645	0.04785	11327	1	0.53141	0.38416	1	0.48146	0.34654	1	0.50644	0.36535	1	0.47592	0.53649	10.84126	1.06647	1	0.73864	0.55716	11.68216	1.06647	1	-0.00603	-0.00951	0.68150	0.00368	1	0.06190	-0.01378	0.67777	0.00413	1	1.45898	0.81042	0	
1250530	8434.66016	3305146200125	0.44707	0.30821	8434.60645	0.05371	11327	1	0.51663	0.39110	1	0.49105	0.41612	1	0.50384	0.40361	1	0.47564	0.53662	10.18805	1.06647	1	0.73884	0.55730	11.42799	1.06647	1	-0.00603	-0.00951	0.68150	0.00376	1	0.06190	-0.01378	0.67777	0.00383	1	1.45898	0.81042	0	
1250531	8434.66699	3305146266463	0.45274	0.31775	8434.60645	0.06055	11327	1	0.51663	0.39110	1	0.49105	0.41612	1	0.50384	0.40361	1	0.47569	0.53696	10.70910	1.06647	1	0.73842	0.55684	11.97804	1.06647	1	-0.00603	-0.00951	0.68150	0.00377	1	0.06221	-0.01379	0.68121	0.00395	1	1.45898	0.81042	0	
1250532	8434.67383	3305146333930	0.45589	0.31288	8434.60645	0.06738	11327	1	0.49474	0.17038	1	0.47997	0.35802	1	0.48736	0.26420	1	0.47546	0.53427	11.18734	1.06647	1	0.73825	0.55725	11.80782	1.06647	1	-0.00603	-0.00951	0.68150	0.00223	1	0.06221	-0.01379	0.68121	0.00414	1	1.45898	0.81042	0	
1250533	8434.68066	3305146400887	0.46016	0.32060	8434.60645	0.07422	11327	1	0.52480	0.41737	1	0.48935	0.39363	1	0.50708	0.40550	1	0.47565	0.53692	10.69575	1.06647	1	0.73835	0.55708	11.94914	1.06647	1	-0.00603	-0.00951	0.68150	0.00370	1	0.06221	-0.01379	0.68121	0.00409	1	1.45898	0.81042	0	
1250534	8434.68652	3305146465026	0.46375	0.32662	8434.60645	0.08008	11327	1	0.52386	0.41087	1	0.48980	0.38674	1	0.50683	0.39881	1	0.47535	0.53416	10.84455	1.07555	1	0.73809	0.55744	11.44981	1.07555	1	-0.00624	-0.00975	0.69899	0.00227	1	0.06204	-0.01378	0.68042	0.00413	1	1.45898	0.81042	0	
1250535	8434.69434	3305146535038	0.46692	0.33281	8434.60645	0.08789	11327	1	0.53621	0.39831	1	0.48006	0.42820	1	0.50814	0.41325	1	0.47559	0.53698	10.94396	1.08464	1	0.73790	0.55751	11.20256	1.08464	1	-0.00624	-0.00975	0.69899	0.00363	1	0.06204	-0.01378	0.68042	0.00396	1	1.45898	0.81042	0	
1250536	8434.70020	3305146601777	0.48831	0.35808	8434.60645	0.08789	11327	0	0.56414	0.36215	1	0.50061	0.34174	1	0.53238	0.35195	1	0.47559	0.53685	11.12737	1.09372	1	0.73813	0.55685	11.40089	1.09372	1	-0.00624	-0.00975	0.69899	0.00368	1	0.06204	-0.01378	0.68042	0.00400	1	1.45898	0.81042	0	
1250537	8434.70703	3305146669171	0.51035	0.35501	8434.60645	0.08789	11327	0	0.56414	0.36215	1	0.50061	0.34174	1	0.53238	0.35195	1	0.47518	0.53645	11.04514	1.09372	1	0.73803	0.55663	11.30704	1.09372	1	-0.00614	-0.00952	0.68257	0.00373	1	0.06204	-0.01378	0.68042	0.00410	1	1.45898	0.81042	0	
1250538	8434.71387	3305146735830	0.50419	0.34555	8434.60645	0.08789	11327	0	0.56414	0.36215	0	0.49187	0.32664	1	0.49187	0.32664	1	0.47518	0.53645	11.04514	1.08464	0	0.73800	0.55664	11.26538	1.08464	1	-0.00614	-0.00952	0.68257	0.00373	1	0.06204	-0.01378	0.68042	0.00408	1	1.45898	0.81042	0	
1250539	8434.72070	3305146802977	0.50419	0.34555	8434.70020	0.02051	11328	1	0.56414	0.36215	0	0.49187	0.32664	0	0.49187	0.32664	0	0.47518	0.53645	11.04514	1.07555	0	0.73800	0.55664	11.26538	1.07555	0	-0.00614	-0.00952	0.68257	0.00373	1	0.06204	-0.01378	0.68042	0.00408	1	1.45898	0.81042	0	
1250540	8434.72754	3305146869251	0.50078	0.34604	8434.70020	0.02734	11328	1	0.56414	0.36215	0	0.49055	0.34751	1	0.49055	0.34751	1	0.47518	0.53645	11.04514	1.06647	0	0.73775	0.55761	12.15353	1.05881	1	-0.00614	-0.00952	0.68257	0.00373	1	0.05973	-0.01328	0.65567	0.00364	1	1.45898	0.81042	0	
1250541	8434.73340	3305146933449	0.50078	0.34604	8434.70020	0.03320	11328	1	0.56414	0.36215	0	0.49055	0.34751	0	0.49055	0.34751	0	0.47518	0.53645	11.04514	1.05881	0	0.73775	0.55761	12.15353	1.05115	0	-0.00614	-0.00952	0.68257	0.00373	1	0.05973	-0.01328	0.65567	0.00364	1	1.45898	0.81042	0	
1250542	8434.74121	3305147003912	0.50078	0.34604	8434.70020	0.04102	11328	1	0.56414	0.36215	0	0.49055	0.34751	0	0.49055	0.34751	0	0.47518	0.53645	11.04514	1.05115	0	0.73775	0.55761	12.15353	1.04349	0	-0.00614	-0.00952	0.68257	0.00373	1	0.05973	-0.01328	0.65567	0.00364	1	1.45898	0.81042	0	
1250543	8434.74707	3305147070590	0.50078	0.34604	8434.70020	0.04688	11328	1	0.56414	0.36215	0	0.49055	0.34751	0	0.49055	0.34751	0	0.47518	0.53645	11.04514	1.04349	0	0.73775	0.55761	12.15353	1.03583	0	-0.00614	-0.00952	0.68257	0.00373	1	0.05973	-0.01328	0.65567	0.00364	1	1.45898	0.81042	0	
1250544	8434.75391	3305147137533	0.50493	0.34203	8434.70020	0.04688	11328	0	0.56414	0.36215	0	0.49055	0.34751	0	0.49055	0.34751	0	0.47518	0.53645	11.04514	1.03583	0	0.73775	0.55761	12.15353	1.03583	0	-0.00614	-0.00952	0.68257	0.00373	1	0.05973	-0.01328	0.65567	0.00364	1	1.45898	0.81042	0	
1250545	8434.76074	3305147205231	0.50493	0.34203	8434.70020	0.04688	11328	0	0.56414	0.36215	0	0.49055	0.34751	0	0.49055	0.34751	0	0.47518	0.53645	11.04514	1.03583	0	0.73775	0.55761	12.15353	1.03583	0	-0.00614	-0.00952	0.68257	0.00373	1	0.05973	-0.01328	0.65567	0.00364	1	1.45898	0.81042	0	
1250546	8434.76758	3305147271722	0.50493	0.34203	8434.70020	0.04688	11328	0	0.56414	0.36215	0	0.49055	0.34751	0	0.49055	0.34751	0	0.47518	0.53645	11.04514	1.03583	0	0.73775	0.55761	12.15353	1.03583	0	-0.00614	-0.00952	0.68257	0.00373	1	0.05973	-0.01328	0.65567	0.00364	1	1.45898	0.81042	0	
1250547	8434.77441	3305147338426	0.00000	0.00000	8434.70020	0.04688	11328	0	0.56414	0.36215	0	0.49055	0.34751	0	0.49055	0.34751	0	0.47518	0.53645	11.04514	1.03583	0	0.73775	0.55761	12.15353	1.03583	0	-0.00614	-0.00952	0.68257	0.00373	1	0.05973	-0.01328	0.65567	0.00364	1	1.45898	0.81042	0	
1250548	8434.78125	3305147405378	0.00000	0.00000	8434.70020	0.04688	11328	0	0.56414	0.36215	0	0.49055	0.34751	0	0.49055	0.34751	0	0.47518	0.53645	11.04514	1.03583	0	0.73775	0.55761	12.15353	1.03583	0	-0.00614	-0.00952	0.68257	0.00373	1	0.05973	-0.01328	0.65567	0.00364	1	1.45898	0.81042	0	
1250549	8434.78809	3305147472666	0.00000	0.00000	8434.70020	0.04688	11328	0	0.56414	0.36215	0	0.49055	0.34751	0	0.49055	0.34751	0	0.47518	0.53645	11.04514	1.03583	0	0.73775	0.55761	12.15353	1.03583	0	-0.00614	-0.00952	0.68257	0.00373	1	0.05973	-0.01328	0.65567	0.00364	1	1.45898	0.81042	0	
1250550	8434.79395	3305147539416	0.00000	0.00000	8434.70020	0.04688	11328	0	0.56414	0.36215	0	0.49055	0.34751	0	0.49055	0.34751	0	0.47518	0.53645	11.04514	1.03583	0	0.73775	0.55761	12.15353	1.03583	0	-0.00614	-0.00952	0.68257	0.00373	1	0.05973	-0.01328	0.65567	0.00364	1	1.45898	0.81042	0	
1250551	8434.80078	3305147606617	0.00000	0.00000	8434.70020	0.04688	11328	0	0.56414	0.36215	0	0.49055	0.34751	0	0.49055	0.34751	0	0.47518	0.53645	11.04514	1.03583	0	0.73775	0.55761	12.15353	1.03583	0	-0.00614	-0.00952	0.68257	0.00373	1	0.05973	-0.01328	0.65567	0.00364	1	1.45898	0.81042	0	
1250552	8434.80762	3305147673362	0.00000	0.00000	8434.70020	0.04688	11328	0	0.56414	0.36215	0	0.49055	0.34751	0	0.49055	0.34751	0	0.47518	0.53645	11.04514	1.03583	0	0.73775	0.55761	12.15353	1.03583	0	-0.00614	-0.00952	0.68257	0.00373	1	0.05973	-0.01328	0.65567	0.00364	1	1.45898	0.81042	0	
1250553	8434.81445	3305147740704	0.00000	0.00000	8434.70020	0.04688	11328	0	0.56414	0.36215	0	0.49055	0.34751	0	0.49055	0.34751	0	0.47518	0.53645	11.04514	1.03583	0	0.73775	0.55761	12.15353	1.03583	0	-0.00614	-0.00952	0.68257	0.00373	1	0.05973	-0.01328	0.65567	0.00364	1	1.45898	0.81042	0	
1250554	8434.82129	3305147807414	0.00000	0.00000	8434.70020	0.04688	11328	0	0.56414	0.36215	0	0.49055	0.34751	0	0.49055	0.34751	0	0.47518	0.53645	11.04514	1.03583	0	0.73775	0.55761	12.15353	1.03583	0	-0.00614	-0.00952	0.68257	0.00373	1	0.05973	-0.01328	0.65567	0.00364	1	1.45898	0.81042	0	
1250555	8434.82812	3305147874779	0.24488	0.17994	8434.70020	0.04688	11328	0	0.56414	0.36215	0	0.48977	0.35988	1	0.48977	0.35988	1	0.47518	0.53645	11.04514	1.03583	0	0.73751	0.55729	12.09616	1.04349	1	-0.00614	-0.00952	0.68257	0.00373	1	0.06155	-0.01369	0.67617	0.00378	1	1.45898	0.81042	0	
1250556	8434.83496	3305147941813	0.49028	0.37392	8434.70020	0.04688	11328	0	0.56414	0.36215	0	0.49079	0.38795	1	0.49079	0.38795	1	0.47518	0.53645	11.04514	1.04349	0	0.73758	0.55679	12.01087	1.05115	1	-0.00614	-0.00952	0.68257	0.00373	1	0.06155	-0.01369	0.67617	0.00400	1	1.45898	0.81042	0	
1250557	8434.84082	3305148008146	0.49523	0.39648	8434.70020	0.04688	11328	0	0.56414	0.36215	0	0.50018	0.41904	1	0.50018	0.41904	1	0.47518	0.53645	11.04514	1.05115	0	0.73771	0.55729	11.83940	1.05881	1	-0.00614	-0.00952	0.68257	0.00373	1	0.06155	-0.01369	0.67617	0.00369	1	1.45898	0.81042	0	
1250558	8434.84766	3305148075630	0.49523	0.39648	8434.70020	0.04688	11328	0	0.56414	0.36215	0	0.50018	0.41904	0	0.50018	0.41904	0	0.47518	0.53645	11.04514	1.05881	0	0.73771	0.55729	11.83940	1.06647	0	-0.00614	-0.00952	0.68257	0.00373	1	0.06155	-0.01369	0.67617	0.00369	1	1.45898	0.81042	0	
1250559	8434.85449	3305148142960	0.49523	0.39648	8434.83496	0.01953	11329	1	0.56414	0.36215	0	0.50018	0.41904	0	0.50018	0.41904	0	0.47518	0.53645	11.04514	1.06647	0	0.73771	0.55729	11.83940	1.06647	0	-0.00614	-0.00952	0.68257	0.00373	1	0.06155	-0.01369	0.67617	0.00369	1	1.45898	0.81042	0	
1250560	8434.86133	3305148208997	0.48554	0.40557	8434.83496	0.02637	11329	1	0.56414	0.36215	0	0.46616	0.42377	1	0.46616	0.42377	1	0.47518	0.53645	11.04514	1.06647	0	0.73759	0.55736	12.02152	1.06647	1	-0.00614	-0.00952	0.68257	0.00373	1	0.06155	-0.01369	0.67617	0.00375	1	1.45898	0.81042	0	
1250561	8434.86816	3305148276419	0.48070	0.41012	8434.83496	0.03320	11329	1	0.56414	0.36215	0	0.46616	0.42377	1	0.46616	0.42377	1	0.47518	0.53645	11.04514	1.06647	0	0.73749	0.55727	12.04605	1.06647	1	-0.00614	-0.00952	0.68257	0.00373	1	0.06155	-0.01369	0.67617	0.00383	1	1.45898	0.81042	0	
1250562	8434.87500	3305148343387	0.47587	0.41050	8434.83496	0.04004	11329	1	0.56414	0.36215	0	0.45656	0.41203	1	0.45656	0.41203	1	0.47518	0.53645	11.04514	1.06647	0	0.73744	0.55737	12.11757	1.06647	1	-0.00614	-0.00952	0.68257	0.00373	1	0.06155	-0.01369	0.67617	0.00369	1	1.45898	0.81042	0	
1250563	8434.88184	3305148409665	0.47587	0.41050	8434.83496	0.04688	11329	1	0.56414	0.36215	0	0.45656	0.41203	0	0.45656	0.41203	0	0.47518	0.53645	11.04514	1.06647	0	0.73744	0.55737	12.11757	1.06647	0	-0.00614	-0.00952	0.68257	0.00373	1	0.06155	-0.01369	0.67617	0.00369	1	1.45898	0.81042	0	
1250564	8434.88770	3305148476340	0.47587	0.41050	8434.83496	0.05273	11329	1	0.56414	0.36215	0	0.45656	0.41203	0	0.45656	0.41203	0	0.47518	0.53645	11.04514	1.06647	0	0.73744	0.55737	12.11757	1.06647	0	-0.00614	-0.00952	0.68257	0.00373	1	0.06155	-0.01369	0.67617	0.00369	1	1.45898	0.81042	0	
1250565	8434.89453	3305148544011	0.47587	0.41050	8434.83496	0.05957	11329	1	0.56414	0.36215	0	0.45656	0.41203	0	0.45656	0.41203	0	0.47518	0.53645	11.04514	1.06647	0	0.73744	0.55737	12.11757	1.06647	0	-0.00614	-0.00952	0.68257	0.00373	1	0.06155	-0.01369	0.67617	0.00369	1	1.45898	0.81042	0	
1250566	8434.90137	3305148611278	0.47227	0.41965	8434.83496	0.05957	11329	0	0.56414	0.36215	0	0.45656	0.41203	0	0.45656	0.41203	0	0.47518	0.53645	11.04514	1.06647	0	0.73744	0.55737	12.11757	1.06647	0	-0.00614	-0.00952	0.68257	0.00373	1	0.06155	-0.01369	0.67617	0.00369	1	1.45898	0.81042	0	
1250567	8434.90820	3305148678629	0.47227	0.41965	8434.83496	0.05957	11329	0	0.56414	0.36215	0	0.45656	0.41203	0	0.45656	0.41203	0	0.47518	0.53645	11.04514	1.06647	0	0.73744	0.55737	12.11757	1.06647	0	-0.00614	-0.00952	0.68257	0.00373	1	0.06155	-0.01369	0.67617	0.00369	1	1.45898	0.81042	0	
1250568	8434.91504	3305148744745	0.47227	0.41965	8434.83496	0.05957	11329	0	0.56414	0.36215	0	0.45656	0.41203	0	0.45656	0.41203	0	0.47518	0.53645	11.04514	1.06647	0	0.73744	0.55737	12.11757	1.06647	0	-0.00614	-0.00952	0.68257	0.00373	1	0.06155	-0.01369	0.67617	0.00369	1	1.45898	0.81042	0	
1250569	8434.92188	3305148811738	0.00000	0.00000	8434.83496	0.05957	11329	0	0.56414	0.36215	0	0.45656	0.41203	0	0.45656	0.41203	0	0.47518	0.53645	11.04514	1.06647	0	0.73744	0.55737	12.11757	1.06647	0	-0.00614	-0.00952	0.68257	0.00373	1	0.06155	-0.01369	0.67617	0.00369	1	1.45898	0.81042	0	
1250570	8434.92871	3305148879588	0.00000	0.00000	8434.83496	0.05957	11329	0	0.56414	0.36215	0	0.45656	0.41203	0	0.45656	0.41203	0	0.47518	0.53645	11.04514	1.06647	0	0.73744	0.55737	12.11757	1.06647	0	-0.00614	-0.00952	0.68257	0.00373	1	0.06155	-0.01369	0.67617	0.00369	1	1.45898	0.81042	0	
1250571	8434.93555	3305148946358	0.00000	0.00000	8434.83496	0.05957	11329	0	0.56414	0.36215	0	0.45656	0.41203	0	0.45656	0.41203	0	0.47518	0.53645	11.04514	1.06647	0	0.73744	0.55737	12.11757	1.06647	0	-0.00614	-0.00952	0.68257	0.00373	1	0.06155	-0.01369	0.67617	0.00369	1	1.45898	0.81042	0	
1250572	8434.94141	3305149013096	0.00000	0.00000	8434.83496	0.05957	11329	0	0.56414	0.36215	0	0.45656	0.41203	0	0.45656	0.41203	0	0.47518	0.53645	11.04514	1.06647	0	0.73744	0.55737	12.11757	1.06647	0	-0.00614	-0.00952	0.68257	0.00373	1	0.06155	-0.01369	0.67617	0.00369	1	1.45898	0.81042	0	
1250573	8434.94824	3305149077818	0.00000	0.00000	8434.83496	0.05957	11329	0	0.56414	0.36215	0	0.45656	0.41203	0	0.45656	0.41203	0	0.47518	0.53645	11.04514	1.06647	0	0.73744	0.55737	12.11757	1.06647	0	-0.00614	-0.00952	0.68257	0.00373	1	0.06155	-0.01369	0.67617	0.00369	1	1.45898	0.81042	0	
1250574	8434.95508	3305149142922	0.00000	0.00000	8434.83496	0.05957	11329	0	0.56414	0.36215	0	0.45656	0.41203	0	0.45656	0.41203	0	0.47518	0.53645	11.04514	1.06647	0	0.73744	0.55737	12.11757	1.06647	0	-0.00614	-0.00952	0.68257	0.00373	1	0.06155	-0.01369	0.67617	0.00369	1	1.45898	0.81042	0	
1250575	8434.96094	3305149209345	0.00000	0.00000	8434.83496	0.05957	11329	0	0.56414	0.36215	0	0.45656	0.41203	0	0.45656	0.41203	0	0.47518	0.53645	11.04514	1.06647	0	0.73744	0.55737	12.11757	1.06647	0	-0.00614	-0.00952	0.68257	0.00373	1	0.06155	-0.01369	0.67617	0.00369	1	1.45898	0.81042	0	
1250576	8434.96777	3305149276209	0.00000	0.00000	8434.83496	0.05957	11329	0	0.56414	0.36215	0	0.45656	0.41203	0	0.45656	0.41203	0	0.47518	0.53645	11.04514	1.06647	0	0.73744	0.55737	12.11757	1.06647	0	-0.00614	-0.00952	0.68257	0.00373	1	0.06155	-0.01369	0.67617	0.00369	1	1.45898	0.81042	0	
1250577	8434.97461	3305149345187	0.00000	0.00000	8434.83496	0.05957	11329	0	0.56414	0.36215	0	0.45656	0.41203	0	0.45656	0.41203	0	0.47518	0.53645	11.04514	1.06647	0	0.73744	0.55737	12.11757	1.06647	0	-0.00614	-0.00952	0.68257	0.00373	1	0.06155	-0.01369	0.67617	0.00369	1	1.45898	0.81042	0	
1250578	8434.98145	3305149411374	0.00000	0.00000	8434.83496	0.05957	11329	0	0.56414	0.36215	0	0.45656	0.41203	0	0.45656	0.41203	0	0.47518	0.53645	11.04514	1.06647	0	0.73744	0.55737	12.11757	1.06647	0	-0.00614	-0.00952	0.68257	0.00373	1	0.06155	-0.01369	0.67617	0.00369	1	1.45898	0.81042	0	
1250579	8434.98828	3305149479525	0.25562	0.20004	8434.83496	0.05957	11329	0	0.56606	0.38247	1	0.45641	0.41769	1	0.51123	0.40008	1	0.47517	0.53598	11.10895	1.06647	1	0.73782	0.55739	12.00254	1.05881	1	-0.00630	-0.00965	0.68827	0.00393	1	0.06042	-0.01348	0.66318	0.00390	1	1.45898	0.81042	0	
1250580	8434.99512	3305149546742	0.34076	0.25692	8434.83496	0.05957	11329	0	0.53495	0.32852	1	0.48716	0.41284	1	0.51106	0.37068	1	0.47514	0.53594	11.15744	1.05881	1	0.73795	0.55771	12.09872	1.05115	1	-0.00630	-0.00965	0.68827	0.00388	1	0.06042	-0.01348	0.66318	0.00385	1	1.45898	0.81042	0	
1250581	8435.00195	3305149614745	0.51358	0.37042	8434.83496	0.05957	11329	0	0.53906	0.31227	1	0.49784	0.36870	1	0.51845	0.34049	1	0.47523	0.53633	11.29086	1.05115	1	0.73813	0.55771	11.64952	1.04349	1	-0.00630	-0.00965	0.68827	0.00383	1	0.06042	-0.01348	0.66318	0.00384	1	1.45898	0.81042	0	
1250582	8435.00879	3305149679189	0.51619	0.35703	8434.83496	0.05957	11329	0	0.53978	0.31858	1	0.49784	0.36870	1	0.51881	0.34364	1	0.47521	0.53630	10.95748	1.04349	1	0.73821	0.55793	11.50356	1.04349	1	-0.00630	-0.00970	0.68827	0.00375	1	0.06204	-0.01383	0.68042	0.00386	1	1.45898	0.81042	0	
1250583	8435.01562	3305149747558	0.51661	0.36512	8434.83496	0.05957	11329	0	0.53621	0.37455	1	0.49869	0.38806	1	0.51745	0.38130	1	0.47521	0.53630	10.95748	1.04349	1	0.73816	0.55797	11.35821	1.05115	1	-0.00630	-0.00970	0.68827	0.00375	1	0.06204	-0.01383	0.68042	0.00391	1	1.45898	0.81042	0	
1250584	8435.02148	3305149812073	0.51657	0.36093	8435.00195	0.01953	11330	1	0.53952	0.34664	1	0.49334	0.35008	1	0.51643	0.34836	1	0.47521	0.53667	11.45457	1.05115	1	0.73803	0.55765	11.17063	1.05881	1	-0.00630	-0.00970	0.68827	0.00367	1	0.06204	-0.01383	0.68042	0.00389	1	1.45898	0.81042	0	
1250585	8435.02832	3305149879015	0.51651	0.35719	8435.00195	0.02637	11330	1	0.53881	0.34058	1	0.49375	0.34390	1	0.51628	0.34224	1	0.47507	0.53651	11.19976	1.05881	1	0.73797	0.55773	11.25416	1.06647	1	-0.00630	-0.00970	0.68827	0.00378	1	0.06204	-0.01383	0.68042	0.00380	1	1.45898	0.81042	0	
1250586	8435.03516	3305149949440	0.51547	0.35830	8435.00195	0.03320	11330	1	0.53790	0.35298	1	0.48270	0.37470	1	0.51030	0.36384	1	0.47522	0.53672	11.43461	1.06647	1	0.73792	0.55785	11.68454	1.06647	1	-0.00630	-0.00970	0.68827	0.00372	1	0.06204	-0.01383	0.68042	0.00383	1	1.45898	0.81042	0	
1250587	8435.04199	3305150017537	0.51511	0.36129	8435.00195	0.04004	11330	1	0.53111	0.36792	1	0.49476	0.39051	1	0.51294	0.37922	1	0.47505	0.53694	11.29471	1.06647	1	0.73815	0.55799	11.54473	1.06647	1	-0.00630	-0.00970	0.68827	0.00367	1	0.06204	-0.01383	0.68042	0.00388	1	1.45898	0.81042	0	
1250588	8435.04883	3305150085482	0.51481	0.36266	8435.00195	0.04688	11330	1	0.53022	0.36101	1	0.49526	0.38359	1	0.51274	0.37230	1	0.47517	0.53690	11.16941	1.07555	1	0.73808	0.55764	11.23345	1.07555	1	-0.00641	-0.00997	0.70698	0.00358	1	0.06204	-0.01383	0.68042	0.00393	1	1.45898	0.81042	0	
1250589	8435.05566	3305150151945	0.51316	0.35874	8435.00195	0.05371	11330	1	0.50376	0.29538	1	0.49611	0.35938	1	0.49994	0.32738	1	0.47508	0.53607	10.90267	1.08464	1	0.73812	0.55778	11.25374	1.08464	1	-0.00641	-0.00997	0.70698	0.00371	1	0.06204	-0.01383	0.68042	0.00394	1	1.45898	0.81042	0	
1250590	8435.06250	3305150218158	0.51109	0.35511	8435.00195	0.06055	11330	1	0.48833	0.29252	1	0.49661	0.35231	1	0.49247	0.32241	1	0.47492	0.53643	11.08902	1.09372	1	0.73812	0.55778	11.25374	1.09372	1	-0.00641	-0.00997	0.70698	0.00366	1	0.06204	-0.01383	0.68042	0.00393	1	1.45898	0.81042	0	
1250591	8435.06934	3305150285476	0.50935	0.35175	8435.00195	0.06738	11330	1	0.48715	0.28513	1	0.49669	0.35120	1	0.49192	0.31816	1	0.47507	0.53650	11.17934	1.10281	1	0.73808	0.55785	11.13986	1.09515	1	-0.00641	-0.01002	0.70698	0.00367	1	0.06067	-0.01351	0.66486	0.00389	1	1.45898	0.81042	0	
1250592	8435.07617	3305150352434	0.50925	0.35072	8435.00195	0.07422	11330	1	0.50416	0.32415	1	0.51224	0.35470	1	0.50820	0.33942	1	0.47519	0.53679	11.02078	1.09515	1	0.73835	0.55775	11.84449	1.08749	1	-0.00641	-0.01002	0.70698	0.00358	1	0.06067	-0.01351	0.66486	0.00386	1	1.45898	0.81042	0	
1250593	8435.08203	3305150419692	0.50862	0.35055	8435.00195	0.08008	11330	1	0.50618	0.35177	1	0.49585	0.34504	1	0.50102	0.34841	1	0.47513	0.53672	11.19947	1.08749	1	0.73842	0.55779	11.86712	1.07983	1	-0.00641	-0.01002	0.70698	0.00363	1	0.06067	-0.01351	0.66486	0.00385	1	1.45898	0.81042	0	
1250594	8435.08887	3305150486125	0.50813	0.35111	8435.00195	0.08691	11330	1	0.50814	0.36454	1	0.49536	0.35226	1	0.50175	0.35840	1	0.47519	0.53692	11.55614	1.07074	1	0.73816	0.55814	12.68978	1.07074	1	-0.00614	-0.00968	0.68257	0.00355	1	0.06204	-0.01393	0.68042	0.00381	1	1.45898	0.81042	0	
1250595	8435.09570	3305150553571	0.50703	0.35071	8435.00195	0.09375	11330	1	0.51184	0.31558	1	0.47141	0.37471	1	0.49162	0.34515	1	0.47515	0.53625	11.23348	1.06166	1	0.73810	0.55815	12.73237	1.06932	1	-0.00614	-0.00968	0.68257	0.00378	1	0.06204	-0.01393	0.68042	0.00381	1	1.45898	0.81042	0	
1250596	8435.10254	3305150620744	0.50615	0.35146	8435.00195	0.10059	11330	1	0.50662	0.35577	1	0.47923	0.36975	1	0.49292	0.36276	1	0.47518	0.53641	11.02158	1.06023	1	0.73821	0.55789	12.06709	1.06789	1	-0.00614	-0.00968	0.68257	0.00352	1	0.06204	-0.01393	0.68042	0.00387	1	1.45898	0.81042	0	SUBJECT_ONSET_LOG
1250597	8435.10938	3305150685695	0.50537	0.35219	8435.00195	0.10742	11330	1	0.50679	0.35688	1	0.47917	0.37086	1	0.49298	0.36387	1	0.47556	0.53653	11.41895	1.05881	1	0.73855	0.55811	11.92858	1.06647	1	-0.00593	-0.00950	0.67047	0.00359	1	0.06190	-0.01383	0.67777	0.00377	1	1.45898	0.81042	0	
1250598	8435.11621	3305150753412	0.50480	0.35064	8435.00195	0.11426	11330	1	0.51413	0.28821	1	0.47586	0.36032	1	0.49499	0.32426	1	0.47521	0.53620	10.94316	1.06647	1	0.73852	0.55793	12.04893	1.06647	1	-0.00593	-0.00950	0.67047	0.00378	1	0.06190	-0.01383	0.67777	0.00381	1	1.45898	0.81042	0	
1250599	8435.12207	3305150820556	0.50456	0.35228	8435.00195	0.12012	11330	1	0.53762	0.38191	1	0.46292	0.38153	1	0.50027	0.38172	1	0.47557	0.53701	11.57628	1.06647	1	0.73836	0.55805	12.20372	1.06647	1	-0.00593	-0.00950	0.67047	0.00345	1	0.06190	-0.01383	0.67777	0.00381	1	1.45898	0.81042	0	
1250600	8435.12891	3305150888060	0.50434	0.35375	8435.00195	0.12695	11330	1	0.53762	0.38191	1	0.46292	0.38153	1	0.50027	0.38172	1	0.47567	0.53674	11.54188	1.06647	1	0.73855	0.55843	12.03208	1.06647	1	-0.00593	-0.00950	0.67047	0.00350	1	0.06190	-0.01388	0.67777	0.00384	1	1.45898	0.81042	0	AUDIO_FILE_ONSET_LOG
1250601	8435.13574	3305150955211	0.50316	0.35532	8435.00195	0.13379	11330	1	0.49436	0.36191	1	0.46449	0.41174	1	0.47942	0.38683	1	0.47526	0.53682	11.41828	1.06647	1	0.73840	0.55844	12.05226	1.06647	1	-0.00593	-0.00950	0.67047	0.00363	1	0.06190	-0.01388	0.67777	0.00387	1	1.45898	0.81042	0	
1250602	8435.14258	3305151022150	0.50264	0.35484	8435.00195	0.14062	11330	1	0.50707	0.30412	1	0.47643	0.38508	1	0.49175	0.34460	1	0.47549	0.53618	11.42063	1.06647	1	0.73854	0.55809	11.98074	1.06647	1	-0.00593	-0.00950	0.67047	0.00379	1	0.06190	-0.01388	0.67777	0.00385	1	1.45898	0.81042	0	
1250603	8435.14941	3305151089676	0.50216	0.35452	8435.00195	0.14746	11330	1	0.50707	0.30412	1	0.47614	0.39095	1	0.49160	0.34754	1	0.47549	0.53688	11.88818	1.06647	1	0.73863	0.55821	11.98908	1.05881	1	-0.00593	-0.00950	0.67047	0.00356	1	0.06017	-0.01353	0.65831	0.00384	1	1.45898	0.81042	0	
1250604	8435.15625	3305151157167	0.50172	0.35647	8435.00195	0.15430	11330	1	0.50813	0.37916	1	0.47518	0.42353	1	0.49166	0.40134	1	0.47548	0.53697	11.20633	1.05881	1	0.73847	0.55833	11.98374	1.05115	1	-0.00593	-0.00950	0.67047	0.00353	1	0.06017	-0.01353	0.65831	0.00371	1	1.45898	0.81042	0	
1250605	8435.16309	3305151223472	0.50126	0.35721	8435.00195	0.16113	11330	1	0.50554	0.34177	1	0.47481	0.40830	1	0.49017	0.37504	1	0.47549	0.53663	11.01010	1.05115	1	0.73854	0.55806	12.08813	1.04349	1	-0.00593	-0.00950	0.67047	0.00367	1	0.06017	-0.01353	0.65831	0.00372	1	1.45898	0.81042	0	
1250606	8435.16992	3305151290325	0.50084	0.35813	8435.00195	0.16797	11330	1	0.50647	0.34789	1	0.47452	0.41412	1	0.49049	0.38101	1	0.47587	0.53661	10.79338	1.04349	1	0.73866	0.55829	12.16213	1.03583	1	-0.00593	-0.00950	0.67047	0.00366	1	0.06017	-0.01353	0.65831	0.00368	1	1.45898	0.81042	0	
1250607	8435.17578	3305151355171	0.50109	0.36009	8435.00195	0.17383	11330	1	0.52918	0.38240	1	0.48604	0.43973	1	0.50761	0.41107	1	0.47582	0.53685	11.03304	1.03583	1	0.73866	0.55828	12.26259	1.03583	1	-0.00593	-0.00950	0.67047	0.00357	1	0.06017	-0.01353	0.65831	0.00368	1	1.45898	0.81042	0	
1250608	8435.18262	3305151425193	0.50082	0.36194	8435.00195	0.18066	11330	1	0.52374	0.34665	1	0.46320	0.47740	1	0.49347	0.41202	1	0.47577	0.53681	11.16125	1.03583	1	0.73839	0.55876	12.42959	1.03583	1	-0.00593	-0.00950	0.67047	0.00360	1	0.06017	-0.01353	0.65831	0.00379	1	1.45898	0.81042	0	
1250609	8435.18945	3305151488569	0.50057	0.36367	8435.00195	0.18750	11330	1	0.52374	0.34665	1	0.46320	0.47740	1	0.49347	0.41202	1	0.47601	0.53675	10.91217	1.03583	1	0.73853	0.55852	12.19846	1.03583	1	-0.00593	-0.00950	0.67047	0.00361	1	0.06017	-0.01353	0.65831	0.00367	1	1.45898	0.81042	0	
1250610	8435.19629	3305151556094	0.50077	0.36546	8435.00195	0.19434	11330	1	0.53418	0.39122	1	0.47908	0.44347	1	0.50663	0.41734	1	0.47582	0.53700	10.82486	1.03583	1	0.73868	0.55857	12.21593	1.03583	1	-0.00593	-0.00950	0.67047	0.00354	1	0.06017	-0.01353	0.65831	0.00366	1	1.45898	0.81042	0	
1250611	8435.20215	3305151620917	0.50093	0.36709	8435.00195	0.20020	11330	1	0.53677	0.37600	1	0.47448	0.45602	1	0.50562	0.41601	1	0.47600	0.53677	11.06209	1.03583	1	0.73859	0.55842	12.16124	1.03583	1	-0.00593	-0.00950	0.67047	0.00359	1	0.06017	-0.01353	0.65831	0.00365	1	1.45898	0.81042	0	
1250612	8435.20996	3305151690823	0.49564	0.39317	8435.00195	0.20020	11330	0	0.53677	0.37600	1	0.47476	0.45051	1	0.50576	0.41325	1	0.47546	0.53694	12.01428	1.03583	1	0.73870	0.55844	12.24832	1.04349	1	-0.00603	-0.00961	0.68150	0.00356	1	0.06253	-0.01407	0.68468	0.00369	1	1.45898	0.81042	0	
1250613	8435.21680	3305151759530	0.50382	0.40066	8435.00195	0.20020	11330	0	0.55946	0.37513	1	0.46454	0.44117	1	0.51200	0.40815	1	0.47593	0.53684	11.00199	1.04349	1	0.73838	0.55850	12.48747	1.05115	1	-0.00603	-0.00961	0.68150	0.00358	1	0.06253	-0.01407	0.68468	0.00384	1	1.45898	0.81042	0	
1250614	8435.22266	3305151826311	0.49955	0.39925	8435.00195	0.20020	11330	0	0.52616	0.33877	1	0.45589	0.45409	1	0.49103	0.39643	1	0.47585	0.53655	11.72017	1.05115	1	0.73831	0.55873	12.66314	1.05881	1	-0.00603	-0.00961	0.68150	0.00356	1	0.06253	-0.01407	0.68468	0.00377	1	1.45898	0.81042	0	
1250615	8435.22949	3305151893603	0.49734	0.39711	8435.20996	0.01953	11331	1	0.52536	0.33264	1	0.45604	0.44870	1	0.49070	0.39067	1	0.47540	0.53688	11.05104	1.05881	1	0.73813	0.55850	12.32177	1.06647	1	-0.00603	-0.00961	0.68150	0.00350	1	0.06253	-0.01407	0.68468	0.00384	1	1.45898	0.81042	0	
1250616	8435.23633	3305151960676	0.49652	0.39334	8435.20996	0.02637	11331	1	0.51973	0.33775	1	0.46672	0.41878	1	0.49323	0.37827	1	0.47530	0.53682	10.65386	1.06647	1	0.73842	0.55841	12.14192	1.06647	1	-0.00603	-0.00961	0.68150	0.00357	1	0.06253	-0.01407	0.68468	0.00372	1	1.45898	0.81042	0	
1250617	8435.24316	3305152027413	0.49674	0.39209	8435.20996	0.03320	11331	1	0.52067	0.37196	1	0.47503	0.39969	1	0.49785	0.38583	1	0.47531	0.53696	11.27854	1.06647	1	0.73856	0.55831	11.62422	1.06647	1	-0.00603	-0.00961	0.68150	0.00349	1	0.06253	-0.01407	0.68468	0.00384	1	1.45898	0.81042	0	
1250618	8435.25000	3305152093931	0.49690	0.39119	8435.20996	0.04004	11331	1	0.52067	0.37196	1	0.47503	0.39969	1	0.49785	0.38583	1	0.47535	0.53684	11.16765	1.06647	1	0.73829	0.55815	12.11054	1.06647	1	-0.00593	-0.00950	0.67047	0.00352	1	0.06253	-0.01407	0.68468	0.00387	1	1.45898	0.81042	0	
1250619	8435.25684	3305152161329	0.49568	0.38844	8435.20996	0.04688	11331	1	0.51924	0.35644	1	0.45509	0.38198	1	0.48717	0.36921	1	0.47528	0.53678	11.05630	1.06647	1	0.73820	0.55812	11.94822	1.06647	1	-0.00593	-0.00950	0.67047	0.00358	1	0.06253	-0.01407	0.68468	0.00390	1	1.45898	0.81042	0	
1250620	8435.26367	3305152227157	0.49426	0.38878	8435.20996	0.05371	11331	1	0.51175	0.36921	1	0.45399	0.41370	1	0.48287	0.39145	1	0.47521	0.53689	11.38710	1.06647	1	0.73824	0.55830	11.86104	1.06647	1	-0.00593	-0.00950	0.67047	0.00344	1	0.06253	-0.01407	0.68468	0.00387	1	1.45898	0.81042	0	
1250621	8435.27051	3305152295351	0.49312	0.38905	8435.20996	0.06055	11331	1	0.51175	0.36921	1	0.45399	0.41370	1	0.48287	0.39145	1	0.47518	0.53658	11.16157	1.06647	1	0.73842	0.55828	12.06401	1.06647	1	-0.00614	-0.00968	0.68257	0.00357	1	0.06190	-0.01388	0.67777	0.00377	1	1.45898	0.81042	0	
1250622	8435.27637	3305152361570	0.49260	0.38608	8435.20996	0.06641	11331	1	0.51148	0.33982	1	0.46328	0.37295	1	0.48738	0.35639	1	0.47517	0.53663	11.28647	1.06647	1	0.73828	0.55781	12.10468	1.06647	1	-0.00614	-0.00968	0.68257	0.00354	1	0.06190	-0.01388	0.67777	0.00390	1	1.45898	0.81042	0	
1250623	8435.28320	3305152429038	0.49317	0.38060	8435.20996	0.07324	11331	1	0.50496	0.29064	1	0.49389	0.35013	1	0.49943	0.32038	1	0.47506	0.53614	10.96873	1.06647	1	0.73842	0.55779	11.91418	1.06647	1	-0.00614	-0.00968	0.68257	0.00364	1	0.06190	-0.01388	0.67777	0.00382	1	1.45898	0.81042	0	
1250624	8435.29004	3305152496229	0.49363	0.37540	8435.20996	0.08008	11331	1	0.50388	0.28305	1	0.49438	0.34286	1	0.49913	0.31296	1	0.47516	0.53651	11.11150	1.07555	1	0.73838	0.55758	11.60106	1.07555	1	-0.00641	-0.01002	0.70698	0.00351	1	0.06190	-0.01388	0.67777	0.00394	1	1.45898	0.81042	0	
1250625	8435.29688	3305152563254	0.49373	0.36973	8435.20996	0.08691	11331	1	0.52416	0.22792	1	0.46616	0.36405	1	0.49516	0.29599	1	0.47513	0.53569	10.94841	1.08464	1	0.73803	0.55801	12.33049	1.08464	1	-0.00641	-0.01002	0.70698	0.00383	1	0.06190	-0.01388	0.67777	0.00389	1	1.45898	0.81042	0	
1250626	8435.30371	3305152629247	0.49373	0.36747	8435.20996	0.09375	11331	1	0.50962	0.33866	1	0.47764	0.33318	1	0.49363	0.33592	1	0.47517	0.53673	11.22423	1.09372	1	0.73817	0.55770	11.07935	1.09372	1	-0.00641	-0.01002	0.70698	0.00361	1	0.06190	-0.01388	0.67777	0.00397	1	1.45898	0.81042	0	
1250627	8435.31055	3305152696957	0.49372	0.36550	8435.20996	0.10059	11331	1	0.50962	0.33866	1	0.47764	0.33318	1	0.49363	0.33592	1	0.47505	0.53631	11.01045	1.09372	1	0.73842	0.55742	11.77690	1.09372	1	-0.00614	-0.00968	0.68257	0.00360	1	0.06190	-0.01388	0.67777	0.00396	1	1.45898	0.81042	0	
1250628	8435.31641	3305152763493	0.49296	0.36376	8435.20996	0.10645	11331	1	0.50557	0.31066	1	0.45610	0.36111	1	0.48083	0.33589	1	0.47512	0.53648	11.11164	1.08464	1	0.73825	0.55794	12.25627	1.08464	1	-0.00614	-0.00968	0.68257	0.00358	1	0.06190	-0.01388	0.67777	0.00384	1	1.45898	0.81042	0	
1250629	8435.32324	3305152831484	0.49234	0.36122	8435.20996	0.11328	11331	1	0.50348	0.28437	1	0.45995	0.35169	1	0.48172	0.31803	1	0.47510	0.53611	11.02930	1.07555	1	0.73826	0.55778	12.08253	1.07555	1	-0.00614	-0.00968	0.68257	0.00372	1	0.06190	-0.01388	0.67777	0.00407	1	1.45898	0.81042	0	
1250630	8435.33008	3305152898142	0.49180	0.35933	8435.20996	0.12012	11331	1	0.50457	0.29194	1	0.45974	0.35886	1	0.48216	0.32540	1	0.47538	0.53406	11.62739	1.06647	1	0.73875	0.55773	11.86887	1.06647	1	-0.00614	-0.00952	0.68257	0.00233	1	0.06221	-0.01379	0.68121	0.00397	1	1.45898	0.81042	0	
1250631	8435.33691	3305152964681	0.49113	0.36020	8435.20996	0.12695	11331	1	0.48895	0.36253	1	0.46755	0.39085	1	0.47825	0.37669	1	0.47521	0.53571	11.18840	1.06647	1	0.73837	0.55711	12.45238	1.06647	1	-0.00614	-0.00952	0.68257	0.00383	1	0.06221	-0.01379	0.68121	0.00377	1	1.45898	0.81042	0	
1250632	8435.34375	3305153028937	0.49070	0.35995	8435.20996	0.13379	11331	1	0.49437	0.36705	1	0.47010	0.34292	1	0.48224	0.35498	1	0.47529	0.53588	11.19479	1.06647	1	0.73837	0.55658	12.20931	1.06647	1	-0.00614	-0.00952	0.68257	0.00354	1	0.06221	-0.01379	0.68121	0.00399	1	1.45898	0.81042	0	
1250633	8435.35059	3305153097011	0.49032	0.35973	8435.20996	0.14062	11331	1	0.49437	0.36705	1	0.47010	0.34292	1	0.48224	0.35498	1	0.47526	0.53306	11.59188	1.06647	1	0.73856	0.55610	11.96640	1.06647	1	-0.00593	-0.00930	0.67047	0.00235	1	0.06221	-0.01379	0.68121	0.00407	1	1.45898	0.81042	0	
1250634	8435.35645	3305153161104	0.48725	0.32407	8435.20996	0.14062	11331	0	0.48740	0.11374	1	0.46968	0.32971	1	0.47854	0.22173	1	0.47535	0.53317	11.75346	1.06647	1	0.73845	0.55661	12.05374	1.06647	1	-0.00593	-0.00930	0.67047	0.00235	1	0.06221	-0.01379	0.68121	0.00381	1	1.45898	0.81042	0	
1250635	8435.36328	3305153229085	0.48220	0.27997	8435.20996	0.14062	11331	0	0.48817	0.12661	1	0.46613	0.34514	1	0.47715	0.23587	1	0.47538	0.53317	11.62915	1.06647	1	0.73832	0.55675	12.47233	1.06647	1	-0.00593	-0.00930	0.67047	0.00236	1	0.06221	-0.01379	0.68121	0.00377	1	1.45898	0.81042	0	
1250636	8435.37012	3305153297051	0.48052	0.26527	8435.20996	0.14062	11331	0	0.48817	0.12661	1	0.46613	0.34514	1	0.47715	0.23587	1	0.47537	0.53316	11.78723	1.06647	1	0.73839	0.55680	12.50161	1.06647	1	-0.00593	-0.00930	0.67047	0.00228	1	0.06221	-0.01379	0.68121	0.00381	1	1.45898	0.81042	0	
1250637	8435.37695	3305153363967	0.48144	0.25923	8435.35645	0.02051	11332	1	0.49235	0.13711	1	0.47611	0.34509	1	0.48423	0.24110	1	0.47537	0.53320	11.42790	1.06647	1	0.73853	0.55679	12.62884	1.06647	1	-0.00593	-0.00930	0.67047	0.00230	1	0.06221	-0.01379	0.68121	0.00372	1	1.45898	0.81042	0	
1250638	8435.38379	3305153431821	0.48200	0.24580	8435.35645	0.02734	11332	1	0.48199	0.12428	1	0.48646	0.25984	1	0.48422	0.19206	1	0.47526	0.53319	11.54115	1.06647	1	0.73862	0.55567	11.94009	1.06647	1	-0.00593	-0.00930	0.67047	0.00234	1	0.06221	-0.01379	0.68121	0.00424	1	1.45898	0.81042	0	
1250639	8435.39062	3305153497518	0.48240	0.23620	8435.35645	0.03418	11332	1	0.48199	0.12428	1	0.48687	0.25217	1	0.48443	0.18822	1	0.47558	0.53306	11.55655	1.06647	1	0.73852	0.55576	11.96870	1.07515	1	-0.00593	-0.00930	0.67047	0.00234	1	0.06378	-0.01413	0.69778	0.00428	1	1.45898	0.81042	0	
1250640	8435.39746	3305153567316	0.48301	0.22850	8435.35645	0.04102	11332	1	0.49045	0.12236	1	0.48279	0.24221	1	0.48662	0.18229	1	0.47535	0.53317	11.64430	1.07515	1	0.73856	0.55565	11.91594	1.08383	1	-0.00593	-0.00930	0.67047	0.00235	1	0.06378	-0.01413	0.69778	0.00427	1	1.45898	0.81042	0	
1250641	8435.40332	3305153631105	0.48327	0.22654	8435.35645	0.04688	11332	1	0.50050	0.10289	1	0.46979	0.32282	1	0.48515	0.21285	1	0.47563	0.53315	11.64348	1.08383	1	0.73840	0.55664	12.12602	1.09251	1	-0.00593	-0.00930	0.67047	0.00232	1	0.06378	-0.01413	0.69778	0.00392	1	1.45898	0.81042	0	
1250642	8435.41016	3305153701252	0.48343	0.22454	8435.35645	0.05371	11332	1	0.49946	0.09425	1	0.46979	0.32282	1	0.48463	0.20853	1	0.47555	0.53315	11.61981	1.09251	1	0.73840	0.55660	12.25844	1.09251	1	-0.00593	-0.00930	0.67047	0.00238	1	0.06157	-0.01363	0.67308	0.00391	1	1.45898	0.81042	0	
1250643	8435.41699	3305153766777	0.48335	0.22406	8435.35645	0.06055	11332	1	0.49963	0.10554	1	0.46562	0.33383	1	0.48262	0.21968	1	0.47557	0.53329	11.64257	1.09251	1	0.73836	0.55661	12.15383	1.08383	1	-0.00593	-0.00930	0.67047	0.00233	1	0.06157	-0.01363	0.67308	0.00400	1	1.45898	0.81042	0	
1250644	8435.42383	3305153835986	0.48321	0.22619	8435.35645	0.06738	11332	1	0.50016	0.10859	1	0.46363	0.38643	1	0.48189	0.24751	1	0.47555	0.53324	11.78181	1.08383	1	0.73839	0.55707	12.46460	1.07515	1	-0.00593	-0.00930	0.67047	0.00233	1	0.06157	-0.01363	0.67308	0.00373	1	1.45898	0.81042	0	
1250645	8435.43066	3305153901774	0.48314	0.22860	8435.35645	0.07422	11332	1	0.50120	0.11719	1	0.46340	0.39301	1	0.48230	0.25510	1	0.47551	0.53316	11.66660	1.07515	1	0.73842	0.55689	12.11429	1.06647	1	-0.00593	-0.00930	0.67047	0.00236	1	0.06157	-0.01363	0.67308	0.00382	1	1.45898	0.81042	0	
1250646	8435.43750	3305153970047	0.48318	0.22596	8435.35645	0.08105	11332	1	0.49100	0.12355	1	0.47633	0.26496	1	0.48367	0.19425	1	0.47547	0.53317	11.61819	1.06647	1	0.73851	0.55583	11.77368	1.06647	1	-0.00593	-0.00930	0.67047	0.00241	1	0.06157	-0.01363	0.67308	0.00431	1	1.45898	0.81042	0	
1250647	8435.44434	3305154036669	0.48343	0.22378	8435.35645	0.08789	11332	1	0.49103	0.12499	1	0.48227	0.26590	1	0.48665	0.19545	1	0.47550	0.53309	11.78476	1.06647	1	0.73855	0.55577	11.76334	1.06647	1	-0.00593	-0.00930	0.67047	0.00240	1	0.06157	-0.01363	0.67308	0.00434	1	1.45898	0.81042	0	
1250648	8435.45117	3305154103952	0.48335	0.22658	8435.35645	0.09473	11332	1	0.49103	0.12499	0	0.48227	0.26590	1	0.48227	0.26590	1	0.47550	0.53309	11.78476	1.06647	0	0.47565	0.53325	11.64266	1.06647	1	-0.00593	-0.00930	0.67047	0.00240	1	-0.00593	-0.00930	0.67047	0.00237	1	1.45898	0.81042	0	
1250649	8435.45703	3305154167117	0.47803	0.21606	8435.35645	0.10059	11332	1	0.49103	0.12499	0	0.39824	0.05819	1	0.39824	0.05819	1	0.47550	0.53309	11.78476	1.06647	0	0.47568	0.53315	12.01791	1.06647	1	-0.00593	-0.00930	0.67047	0.00240	1	-0.00593	-0.00930	0.67047	0.00230	1	1.45898	0.81042	0	
1250650	8435.46387	3305154237728	0.47271	0.20993	8435.35645	0.10742	11332	1	0.49103	0.12499	0	0.38763	0.11183	1	0.38763	0.11183	1	0.47550	0.53309	11.78476	1.06647	0	0.47563	0.53321	11.47380	1.06647	1	-0.00593	-0.00930	0.67047	0.00240	1	-0.00593	-0.00930	0.67047	0.00239	1	1.45898	0.81042	0	
1250651	8435.47070	3305154304550	0.46798	0.20448	8435.35645	0.11426	11332	1	0.49103	0.12499	0	0.38763	0.11183	1	0.38763	0.11183	1	0.47550	0.53309	11.78476	1.06647	0	0.47577	0.53313	11.56713	1.06647	1	-0.00593	-0.00930	0.67047	0.00240	1	-0.00593	-0.00930	0.67047	0.00240	1	1.45898	0.81042	0	
1250652	8435.47754	3305154370691	0.46482	0.19741	8435.35645	0.12109	11332	1	0.49103	0.12499	0	0.40795	0.07011	1	0.40795	0.07011	1	0.47550	0.53309	11.78476	1.06647	0	0.47589	0.53318	11.78666	1.06647	1	-0.00593	-0.00930	0.67047	0.00240	1	-0.00593	-0.00930	0.67047	0.00235	1	1.45898	0.81042	0	
1250653	8435.48438	3305154439539	0.44778	0.16737	8435.35645	0.12109	11332	0	0.49103	0.12499	0	0.40795	0.07011	1	0.40795	0.07011	1	0.47550	0.53309	11.78476	1.06647	0	0.47589	0.53318	11.78666	1.06647	1	-0.00593	-0.00930	0.67047	0.00240	1	-0.00593	-0.00930	0.67047	0.00235	1	1.45898	0.81042	0	
1250654	8435.49121	3305154505685	0.42777	0.11417	8435.35645	0.12109	11332	0	0.49103	0.12499	0	0.40775	0.06097	1	0.40775	0.06097	1	0.47550	0.53309	11.78476	1.06647	0	0.47594	0.53312	11.84807	1.07515	1	-0.00593	-0.00930	0.67047	0.00240	1	-0.00618	-0.00977	0.70432	0.00242	1	1.45898	0.81042	0	
1250655	8435.49805	3305154572292	0.41433	0.09401	8435.35645	0.12109	11332	0	0.49103	0.12499	0	0.38746	0.05369	1	0.38746	0.05369	1	0.47550	0.53309	11.78476	1.07515	0	0.47598	0.53315	11.74599	1.08383	1	-0.00593	-0.00930	0.67047	0.00240	1	-0.00618	-0.00977	0.70432	0.00242	1	1.45898	0.81042	0	
1250656	8435.50488	3305154639671	0.39418	0.04768	8435.35645	0.12109	11332	0	0.49103	0.12499	0	0.38734	0.02839	1	0.38734	0.02839	1	0.47550	0.53309	11.78476	1.08383	0	0.47594	0.53312	11.84807	1.09251	1	-0.00593	-0.00930	0.67047	0.00240	1	-0.00618	-0.00977	0.70432	0.00242	1	1.45898	0.81042	0	
1250657	8435.51074	3305154706626	0.39076	0.03804	8435.35645	0.12109	11332	0	0.49103	0.12499	0	0.38734	0.02839	1	0.38734	0.02839	1	0.47550	0.53309	11.78476	1.09251	0	0.47614	0.53305	11.86052	1.09251	1	-0.00593	-0.00930	0.67047	0.00240	1	-0.00587	-0.00937	0.67538	0.00235	1	1.45898	0.81042	0	
1250658	8435.51758	3305154773873	0.38737	0.03561	8435.35645	0.12109	11332	0	0.49103	0.12499	0	0.38057	0.03076	1	0.38057	0.03076	1	0.47550	0.53309	11.78476	1.09251	0	0.47594	0.53289	12.35371	1.08383	1	-0.00593	-0.00930	0.67047	0.00240	1	-0.00587	-0.00937	0.67538	0.00242	1	1.45898	0.81042	0	
1250659	8435.52441	3305154840567	0.38751	0.04825	8435.50488	0.01953	11333	1	0.49103	0.12499	0	0.38795	0.08617	1	0.38795	0.08617	1	0.47550	0.53309	11.78476	1.08383	0	0.47609	0.53308	11.76694	1.07515	1	-0.00593	-0.00930	0.67047	0.00240	1	-0.00587	-0.00937	0.67538	0.00241	1	1.45898	0.81042	0	
1250660	8435.53125	3305154907512	0.38767	0.05762	8435.50488	0.02637	11333	1	0.49103	0.12499	0	0.38830	0.09510	1	0.38830	0.09510	1	0.47550	0.53309	11.78476	1.07515	0	0.47607	0.53305	11.57116	1.06647	1	-0.00593	-0.00930	0.67047	0.00240	1	-0.00584	-0.00949	0.68362	0.00233	1	1.45898	0.81042	0	
1250661	8435.53809	3305154974385	0.38599	0.05766	8435.50488	0.03320	11333	1	0.49103	0.12499	0	0.37760	0.05786	1	0.37760	0.05786	1	0.47550	0.53309	11.78476	1.06647	0	0.47610	0.53306	11.96303	1.06647	1	-0.00593	-0.00930	0.67047	0.00240	1	-0.00584	-0.00949	0.68362	0.00234	1	1.45898	0.81042	0	
1250662	8435.54492	3305155040063	0.38423	0.06317	8435.50488	0.04004	11333	1	0.49103	0.12499	0	0.37370	0.09623	1	0.37370	0.09623	1	0.47550	0.53309	11.78476	1.06647	0	0.47619	0.53304	11.84883	1.06647	1	-0.00593	-0.00930	0.67047	0.00240	1	-0.00584	-0.00949	0.68362	0.00233	1	1.45898	0.81042	0	
1250663	8435.55176	3305155109174	0.38292	0.06730	8435.50488	0.04688	11333	1	0.49103	0.12499	0	0.37370	0.09623	1	0.37370	0.09623	1	0.47550	0.53309	11.78476	1.06647	0	0.47631	0.53280	11.55359	1.06647	1	-0.00593	-0.00930	0.67047	0.00240	1	-0.00584	-0.00938	0.68362	0.00231	1	1.45898	0.81042	0	
1250664	8435.55762	3305155175331	0.38365	0.06880	8435.50488	0.05273	11333	1	0.49103	0.12499	0	0.38954	0.08076	1	0.38954	0.08076	1	0.47550	0.53309	11.78476	1.06647	0	0.47639	0.53288	11.57271	1.06647	1	-0.00593	-0.00930	0.67047	0.00240	1	-0.00584	-0.00938	0.68362	0.00238	1	1.45898	0.81042	0	
1250665	8435.56445	3305155240010	0.38321	0.06678	8435.50488	0.05957	11333	1	0.49103	0.12499	0	0.37924	0.04865	1	0.37924	0.04865	1	0.47550	0.53309	11.78476	1.06647	0	0.47623	0.53286	11.38837	1.06647	1	-0.00593	-0.00930	0.67047	0.00240	1	-0.00584	-0.00938	0.68362	0.00233	1	1.45898	0.81042	0	
1250666	8435.57129	3305155307668	0.38285	0.06513	8435.50488	0.06641	11333	1	0.49103	0.12499	0	0.37924	0.04865	1	0.37924	0.04865	1	0.47550	0.53309	11.78476	1.06647	0	0.47641	0.53287	11.54859	1.06647	1	-0.00593	-0.00930	0.67047	0.00240	1	-0.00584	-0.00938	0.68362	0.00231	1	1.45898	0.81042	0	
1250667	8435.57812	3305155373303	0.38429	0.06652	8435.50488	0.07324	11333	1	0.49103	0.12499	0	0.40015	0.08174	1	0.40015	0.08174	1	0.47550	0.53309	11.78476	1.06647	0	0.47656	0.53283	11.71349	1.06647	1	-0.00593	-0.00930	0.67047	0.00240	1	-0.00584	-0.00938	0.68362	0.00230	1	1.45898	0.81042	0	
1250668	8435.58496	3305155443393	0.38481	0.06759	8435.50488	0.08008	11333	1	0.49103	0.12499	0	0.39100	0.08047	1	0.39100	0.08047	1	0.47550	0.53309	11.78476	1.06647	0	0.47647	0.53281	11.75150	1.06647	1	-0.00593	-0.00930	0.67047	0.00240	1	-0.00584	-0.00938	0.68362	0.00231	1	1.45898	0.81042	0	
1250669	8435.59180	3305155510454	0.38523	0.06787	8435.50488	0.08691	11333	1	0.49103	0.12499	0	0.39067	0.07143	1	0.39067	0.07143	1	0.47550	0.53309	11.78476	1.06647	0	0.47648	0.53288	11.60096	1.07515	1	-0.00593	-0.00930	0.67047	0.00240	1	-0.00593	-0.00955	0.69947	0.00236	1	1.45898	0.81042	0	
1250670	8435.59863	3305155577237	0.38445	0.06814	8435.50488	0.09375	11333	1	0.49103	0.12499	0	0.37351	0.07194	1	0.37351	0.07194	1	0.47550	0.53309	11.78476	1.07515	0	0.47664	0.53295	11.70266	1.08383	1	-0.00593	-0.00930	0.67047	0.00240	1	-0.00593	-0.00955	0.69947	0.00241	1	1.45898	0.81042	0	
1250671	8435.60449	3305155642781	0.38315	0.06742	8435.50488	0.09961	11333	1	0.49103	0.12499	0	0.36370	0.05669	1	0.36370	0.05669	1	0.47550	0.53309	11.78476	1.08383	0	0.47648	0.53283	11.42472	1.09251	1	-0.00593	-0.00930	0.67047	0.00240	1	-0.00593	-0.00955	0.69947	0.00238	1	1.45898	0.81042	0	
1250672	8435.61133	3305155710597	0.38203	0.06726	8435.50488	0.10645	11333	1	0.49103	0.12499	0	0.36417	0.06462	1	0.36417	0.06462	1	0.47550	0.53309	11.78476	1.09251	0	0.47677	0.53259	11.48534	1.08485	1	-0.00593	-0.00930	0.67047	0.00240	1	-0.00552	-0.00905	0.66305	0.00238	1	1.45898	0.81042	0	
1250673	8435.61816	3305155778442	0.38242	0.06698	8435.50488	0.11328	11333	1	0.49103	0.12499	0	0.38901	0.06229	1	0.38901	0.06229	1	0.47550	0.53309	11.78476	1.08485	0	0.47676	0.53267	11.76602	1.06851	1	-0.00593	-0.00930	0.67047	0.00240	1	-0.00552	-0.00905	0.66305	0.00234	1	1.45898	0.81042	0	
1250674	8435.62500	3305155845158	0.38294	0.06659	8435.50488	0.12012	11333	1	0.49103	0.12499	0	0.39230	0.05962	1	0.39230	0.05962	1	0.47550	0.53309	11.78476	1.06851	0	0.47677	0.53259	11.48534	1.05217	1	-0.00593	-0.00930	0.67047	0.00240	1	-0.00552	-0.00905	0.66305	0.00238	1	1.45898	0.81042	0	
1250675	8435.63184	3305155912260	0.38344	0.06712	8435.50488	0.12695	11333	1	0.49103	0.12499	0	0.39291	0.07720	1	0.39291	0.07720	1	0.47550	0.53309	11.78476	1.05217	0	0.47675	0.53253	11.54185	1.03583	1	-0.00593	-0.00930	0.67047	0.00240	1	-0.00552	-0.00905	0.66305	0.00238	1	1.45898	0.81042	0	
1250676	8435.63867	3305155978161	0.38388	0.06796	8435.50488	0.13379	11333	1	0.49103	0.12499	0	0.39267	0.08477	1	0.39267	0.08477	1	0.47550	0.53309	11.78476	1.03583	0	0.47680	0.53265	11.85587	1.03583	1	-0.00593	-0.00930	0.67047	0.00240	1	-0.00552	-0.00905	0.66305	0.00238	1	1.45898	0.81042	0	
1250677	8435.64453	3305156044953	0.38490	0.06707	8435.50488	0.13965	11333	1	0.49103	0.12499	0	0.40626	0.04822	1	0.40626	0.04822	1	0.47550	0.53309	11.78476	1.03583	0	0.47697	0.53279	11.46900	1.03583	1	-0.00593	-0.00930	0.67047	0.00240	1	-0.00552	-0.00905	0.66305	0.00234	1	1.45898	0.81042	0	
1250678	8435.65137	3305156112951	0.38583	0.06625	8435.50488	0.14648	11333	1	0.49103	0.12499	0	0.40626	0.04822	1	0.40626	0.04822	1	0.47550	0.53309	11.78476	1.03583	0	0.47697	0.53298	11.57999	1.03583	1	-0.00593	-0.00930	0.67047	0.00240	1	-0.00556	-0.00917	0.66847	0.00233	1	1.45898	0.81042	0	
1250679	8435.65820	3305156180263	0.38641	0.06668	8435.50488	0.15332	11333	1	0.49103	0.12499	0	0.39976	0.07670	1	0.39976	0.07670	1	0.47550	0.53309	11.78476	1.03583	0	0.47689	0.53295	11.29703	1.03583	1	-0.00593	-0.00930	0.67047	0.00240	1	-0.00556	-0.00917	0.66847	0.00234	1	1.45898	0.81042	0	
1250680	8435.66504	3305156247121	0.38674	0.06743	8435.50488	0.16016	11333	1	0.49103	0.12499	0	0.39478	0.08542	1	0.39478	0.08542	1	0.47550	0.53309	11.78476	1.03583	0	0.47689	0.53295	11.29703	1.03583	1	-0.00593	-0.00930	0.67047	0.00240	1	-0.00556	-0.00917	0.66847	0.00234	1	1.45898	0.81042	0	
1250681	8435.67188	3305156314552	0.38705	0.06812	8435.50488	0.16699	11333	1	0.49103	0.12499	0	0.39478	0.08542	1	0.39478	0.08542	1	0.47550	0.53309	11.78476	1.03583	0	0.47681	0.53287	11.57579	1.03583	1	-0.00593	-0.00930	0.67047	0.00240	1	-0.00556	-0.00927	0.66846	0.00234	1	1.45898	0.81042	0	
1250682	8435.67871	3305156381447	0.38672	0.06837	8435.50488	0.17383	11333	1	0.49103	0.12499	0	0.37802	0.07474	1	0.37802	0.07474	1	0.47550	0.53309	11.78476	1.03583	0	0.47695	0.53294	11.39870	1.03583	1	-0.00593	-0.00930	0.67047	0.00240	1	-0.00556	-0.00927	0.66846	0.00229	1	1.45898	0.81042	0	
1250683	8435.68555	3305156448396	0.38604	0.06875	8435.50488	0.18066	11333	1	0.49103	0.12499	0	0.36784	0.07909	1	0.36784	0.07909	1	0.47550	0.53309	11.78476	1.03583	0	0.47691	0.53295	11.34988	1.03583	1	-0.00593	-0.00930	0.67047	0.00240	1	-0.00556	-0.00927	0.66846	0.00232	1	1.45898	0.81042	0	
1250684	8435.69238	3305156516174	0.38540	0.06883	8435.50488	0.18750	11333	1	0.49103	0.12499	0	0.36738	0.07089	1	0.36738	0.07089	1	0.47550	0.53309	11.78476	1.03583	0	0.47697	0.53302	11.25240	1.04349	1	-0.00593	-0.00930	0.67047	0.00240	1	-0.00565	-0.00945	0.68473	0.00230	1	1.45898	0.81042	0	
1250685	8435.69824	3305156582211	0.38527	0.06943	8435.50488	0.19336	11333	1	0.49103	0.12499	0	0.38162	0.08689	1	0.38162	0.08689	1	0.47550	0.53309	11.78476	1.04349	0	0.47702	0.53314	11.65772	1.05115	1	-0.00593	-0.00930	0.67047	0.00240	1	-0.00565	-0.00945	0.68473	0.00230	1	1.45898	0.81042	0	
1250686	8435.70508	3305156648309	0.38484	0.06926	8435.50488	0.20020	11333	1	0.49103	0.12499	0	0.37191	0.06433	1	0.37191	0.06433	1	0.47550	0.53309	11.78476	1.05115	0	0.47686	0.53301	11.31695	1.05881	1	-0.00593	-0.00930	0.67047	0.00240	1	-0.00565	-0.00945	0.68473	0.00232	1	1.45898	0.81042	0	
1250687	8435.71191	3305156715198	0.38442	0.06886	8435.50488	0.20703	11333	1	0.49103	0.12499	0	0.37149	0.05620	1	0.37149	0.05620	1	0.47550	0.53309	11.78476	1.05881	0	0.47696	0.53301	11.27801	1.06647	1	-0.00593	-0.00930	0.67047	0.00240	1	-0.00556	-0.00935	0.67422	0.00229	1	1.45898	0.81042	0	
1250688	8435.71875	3305156783423	0.38415	0.06868	8435.50488	0.21387	11333	1	0.49103	0.12499	0	0.37531	0.06301	1	0.37531	0.06301	1	0.47550	0.53309	11.78476	1.06647	0	0.47695	0.53312	11.67634	1.06647	1	-0.00593	-0.00930	0.67047	0.00240	1	-0.00556	-0.00935	0.67422	0.00222	1	1.45898	0.81042	0	
1250689	8435.72559	3305156848586	0.38406	0.06832	8435.50488	0.22070	11333	1	0.49103	0.12499	0	0.38106	0.05650	1	0.38106	0.05650	1	0.47550	0.53309	11.78476	1.06647	0	0.47710	0.53305	11.19557	1.06647	1	-0.00593	-0.00930	0.67047	0.00240	1	-0.00556	-0.00935	0.67422	0.00223	1	1.45898	0.81042	0	
1250690	8435.73242	3305156916611	0.38554	0.06896	8435.50488	0.22754	11333	1	0.49103	0.12499	1	0.38106	0.05650	1	0.43604	0.09075	1	0.47711	0.53317	11.62801	1.06647	1	0.73993	0.55724	12.20047	1.06647	1	-0.00556	-0.00935	0.67422	0.00219	1	0.06158	-0.01372	0.66985	0.00386	1	1.45898	0.81042	0	
1250691	8435.73926	3305156983717	0.38833	0.07355	8435.50488	0.23438	11333	1	0.49606	0.12917	1	0.47588	0.33881	1	0.48597	0.23399	1	0.47710	0.53325	11.44480	1.06647	1	0.74007	0.55748	12.20639	1.06647	1	-0.00556	-0.00935	0.67422	0.00220	1	0.06158	-0.01372	0.66985	0.00389	1	1.45898	0.81042	0	
1250692	8435.74512	3305157047862	0.39114	0.07762	8435.50488	0.24023	11333	1	0.49547	0.11467	1	0.48895	0.33424	1	0.49221	0.22445	1	0.47706	0.53305	11.14062	1.06647	1	0.74028	0.55756	11.90120	1.06647	1	-0.00556	-0.00935	0.67422	0.00222	1	0.06158	-0.01372	0.66985	0.00393	1	1.45898	0.81042	0	
1250693	8435.75195	3305157114050	0.40842	0.11044	8435.50488	0.24023	11333	0	0.49547	0.11467	1	0.48895	0.33424	1	0.49221	0.22445	1	0.47715	0.53316	11.66965	1.06647	1	0.74007	0.55740	11.99846	1.06647	1	-0.00556	-0.00935	0.67422	0.00222	1	0.06158	-0.01372	0.66985	0.00388	1	1.45898	0.81042	0	
1250694	8435.75781	3305157178136	0.44388	0.16171	8435.50488	0.24023	11333	0	0.49625	0.11779	1	0.46244	0.30816	1	0.47935	0.21298	1	0.47707	0.53324	11.29704	1.06647	1	0.73985	0.55732	12.34937	1.06647	1	-0.00556	-0.00935	0.67422	0.00227	1	0.06158	-0.01372	0.66985	0.00384	1	1.45898	0.81042	0	
1250695	8435.76562	3305157252450	0.45819	0.18084	8435.50488	0.24023	11333	0	0.49971	0.12794	1	0.47391	0.31024	1	0.48681	0.21909	1	0.47713	0.53325	11.33732	1.06647	1	0.74005	0.55721	11.97921	1.06647	1	-0.00556	-0.00935	0.67422	0.00226	1	0.06158	-0.01372	0.66985	0.00391	1	1.45898	0.81042	0	
1250696	8435.77246	3305157315900	0.48432	0.21705	8435.50488	0.24023	11333	0	0.49971	0.12794	1	0.47391	0.31024	1	0.48681	0.21909	1	0.47712	0.53322	11.31608	1.06647	1	0.74001	0.55730	11.95470	1.06647	1	-0.00556	-0.00935	0.67422	0.00241	1	0.06158	-0.01372	0.66985	0.00388	1	1.45898	0.81042	0	
1250697	8435.77832	3305157382946	0.48636	0.20977	8435.50488	0.24023	11333	0	0.50525	0.11973	1	0.47155	0.28523	1	0.48840	0.20248	1	0.47718	0.53314	11.21882	1.06647	1	0.73999	0.55712	11.83267	1.06647	1	-0.00556	-0.00935	0.67422	0.00238	1	0.06158	-0.01372	0.66985	0.00389	1	1.45898	0.81042	0	
1250698	8435.78516	3305157448517	0.48627	0.21763	8435.50488	0.24023	11333	0	0.51315	0.12518	1	0.45904	0.34153	1	0.48609	0.23336	1	0.47731	0.53307	10.88578	1.06647	1	0.73984	0.55762	12.46260	1.06647	1	-0.00556	-0.00935	0.67422	0.00233	1	0.06158	-0.01372	0.66985	0.00377	1	1.45898	0.81042	0	
1250699	8435.79199	3305157516577	0.48621	0.22233	8435.77246	0.01953	11334	1	0.51315	0.12518	1	0.45887	0.34770	1	0.48601	0.23644	1	0.47734	0.53309	10.96124	1.06647	1	0.74006	0.55639	11.50020	1.05881	1	-0.00556	-0.00935	0.67422	0.00232	1	0.06067	-0.01355	0.65948	0.00428	1	1.45898	0.81042	0	
1250700	8435.79883	3305157583567	0.48786	0.22111	8435.77246	0.02637	11334	1	0.50997	0.12259	1	0.47899	0.30982	1	0.49448	0.21621	1	0.47715	0.53318	11.22870	1.05881	1	0.74015	0.55717	11.92615	1.05115	1	-0.00556	-0.00935	0.67422	0.00231	1	0.06067	-0.01355	0.65948	0.00415	1	1.45898	0.81042	0	
1250701	8435.80566	3305157650716	0.47259	0.20223	8435.77246	0.03320	11334	1	0.50997	0.12259	0	0.39622	0.10783	1	0.39622	0.10783	1	0.47715	0.53318	11.22870	1.05115	0	0.47728	0.53327	11.43486	1.04349	1	-0.00556	-0.00935	0.67422	0.00231	1	0.06067	-0.01355	0.65948	0.00222	1	1.45898	0.81042	0	
1250702	8435.81250	3305157720005	0.46164	0.18745	8435.77246	0.04004	11334	1	0.50997	0.12259	0	0.39592	0.09881	1	0.39592	0.09881	1	0.47715	0.53318	11.22870	1.04349	0	0.47743	0.53328	11.18164	1.05217	1	-0.00556	-0.00935	0.67422	0.00231	1	-0.00574	-0.00979	0.70171	0.00224	1	1.45898	0.81042	0	
1250703	8435.81934	3305157786488	0.45251	0.17508	8435.77246	0.04688	11334	1	0.50997	0.12259	0	0.38867	0.08847	1	0.38867	0.08847	1	0.47715	0.53318	11.22870	1.05217	0	0.47730	0.53339	11.04788	1.06851	1	-0.00556	-0.00935	0.67422	0.00231	1	-0.00574	-0.00979	0.70171	0.00224	1	1.45898	0.81042	0	
1250704	8435.82617	3305157854454	0.44410	0.16090	8435.77246	0.05371	11334	1	0.50997	0.12259	0	0.37681	0.04750	1	0.37681	0.04750	1	0.47715	0.53318	11.22870	1.06851	0	0.47744	0.53323	11.00558	1.08485	1	-0.00556	-0.00935	0.67422	0.00231	1	-0.00574	-0.00979	0.70171	0.00225	1	1.45898	0.81042	0	
1250705	8435.83301	3305157922157	0.43734	0.14876	8435.77246	0.06055	11334	1	0.50997	0.12259	0	0.37643	0.03944	1	0.37643	0.03944	1	0.47715	0.53318	11.22870	1.08485	0	0.47756	0.53327	10.98283	1.09251	1	-0.00556	-0.00935	0.67422	0.00231	1	-0.00549	-0.00946	0.67834	0.00230	1	1.45898	0.81042	0	
1250706	8435.83887	3305157987753	0.43330	0.14067	8435.77246	0.06641	11334	1	0.50997	0.12259	0	0.39299	0.05979	1	0.39299	0.05979	1	0.47715	0.53318	11.22870	1.09251	0	0.47763	0.53331	10.93850	1.08383	1	-0.00556	-0.00935	0.67422	0.00231	1	-0.00549	-0.00946	0.67834	0.00229	1	1.45898	0.81042	0	
1250707	8435.84570	3305158054602	0.43035	0.13487	8435.77246	0.07324	11334	1	0.50997	0.12259	0	0.39790	0.07106	1	0.39790	0.07106	1	0.47715	0.53318	11.22870	1.08383	0	0.47769	0.53327	11.12894	1.07515	1	-0.00556	-0.00935	0.67422	0.00231	1	-0.00549	-0.00946	0.67834	0.00222	1	1.45898	0.81042	0	
1250708	8435.85254	3305158122508	0.42788	0.13066	8435.77246	0.08008	11334	1	0.50997	0.12259	0	0.39817	0.08011	1	0.39817	0.08011	1	0.47715	0.53318	11.22870	1.07515	0	0.47770	0.53336	11.14552	1.06647	1	-0.00556	-0.00935	0.67422	0.00231	1	-0.00549	-0.00946	0.67834	0.00229	1	1.45898	0.81042	0	
1250709	8435.85938	3305158189836	0.42511	0.12645	8435.77246	0.08691	11334	1	0.50997	0.12259	0	0.38918	0.07177	1	0.38918	0.07177	1	0.47715	0.53318	11.22870	1.06647	0	0.47751	0.53320	10.85058	1.06647	1	-0.00556	-0.00935	0.67422	0.00231	1	-0.00549	-0.00946	0.67834	0.00223	1	1.45898	0.81042	0	
1250710	8435.86621	3305158256340	0.40697	0.09859	8435.77246	0.08691	11334	0	0.50997	0.12259	0	0.39081	0.06561	1	0.39081	0.06561	1	0.47715	0.53318	11.22870	1.06647	0	0.47760	0.53333	10.88294	1.06647	1	-0.00556	-0.00935	0.67422	0.00231	1	-0.00549	-0.00946	0.67834	0.00233	1	1.45898	0.81042	0	
1250711	8435.87305	3305158323693	0.42846	0.09443	8435.77246	0.08691	11334	0	0.50909	0.11493	1	0.39081	0.06561	1	0.44995	0.09027	1	0.47765	0.53328	11.05810	1.06647	1	0.74023	0.55794	11.60875	1.06647	1	-0.00549	-0.00946	0.67834	0.00226	1	0.06301	-0.01406	0.68432	0.00432	1	1.45898	0.81042	0	
1250712	8435.87988	3305158390773	0.41673	0.09204	8435.77246	0.08691	11334	0	0.50909	0.11493	0	0.39329	0.08728	1	0.39329	0.08728	1	0.47765	0.53328	11.05810	1.06647	0	0.47769	0.53336	11.18540	1.06647	1	-0.00549	-0.00946	0.67834	0.00226	1	0.06301	-0.01406	0.68432	0.00229	1	1.45898	0.81042	0	
1250713	8435.88672	3305158457901	0.40573	0.09242	8435.86621	0.02051	11335	1	0.50909	0.11493	0	0.37271	0.09356	1	0.37271	0.09356	1	0.47765	0.53328	11.05810	1.06647	0	0.47768	0.53342	10.61180	1.06647	1	-0.00549	-0.00946	0.67834	0.00226	1	0.06301	-0.01406	0.68432	0.00230	1	1.45898	0.81042	0	
1250714	8435.89258	3305158524575	0.39912	0.09265	8435.86621	0.02637	11335	1	0.50909	0.11493	0	0.37271	0.09356	1	0.37271	0.09356	1	0.47765	0.53328	11.05810	1.06647	0	0.47766	0.53323	10.93507	1.06647	1	-0.00549	-0.00946	0.67834	0.00226	1	-0.00542	-0.00951	0.68174	0.00225	1	1.45898	0.81042	0	
1250715	8435.89941	3305158591151	0.39303	0.08994	8435.86621	0.03320	11335	1	0.50909	0.11493	0	0.36254	0.07642	1	0.36254	0.07642	1	0.47765	0.53328	11.05810	1.06647	0	0.47758	0.53316	10.69772	1.06647	1	-0.00549	-0.00946	0.67834	0.00226	1	-0.00542	-0.00951	0.68174	0.00224	1	1.45898	0.81042	0	
1250716	8435.90625	3305158658107	0.38803	0.08991	8435.86621	0.04004	11335	1	0.50909	0.11493	0	0.35808	0.08969	1	0.35808	0.08969	1	0.47765	0.53328	11.05810	1.06647	0	0.47761	0.53322	11.04351	1.06647	1	-0.00549	-0.00946	0.67834	0.00226	1	-0.00542	-0.00951	0.68174	0.00220	1	1.45898	0.81042	0	
1250717	8435.91309	3305158725651	0.38429	0.08988	8435.86621	0.04688	11335	1	0.50909	0.11493	0	0.35808	0.08969	1	0.35808	0.08969	1	0.47765	0.53328	11.05810	1.06647	0	0.47774	0.53335	11.26962	1.06647	1	-0.00549	-0.00946	0.67834	0.00226	1	-0.00542	-0.00951	0.68174	0.00225	1	1.45898	0.81042	0	
1250718	8435.91992	3305158792341	0.38322	0.08805	8435.86621	0.05371	11335	1	0.50909	0.11493	0	0.37465	0.07341	1	0.37465	0.07341	1	0.47765	0.53328	11.05810	1.06647	0	0.47776	0.53327	11.26411	1.06647	1	-0.00549	-0.00946	0.67834	0.00226	1	-0.00542	-0.00951	0.68174	0.00218	1	1.45898	0.81042	0	
1250719	8435.92676	3305158859450	0.38210	0.08885	8435.86621	0.06055	11335	1	0.50909	0.11493	0	0.37202	0.09601	1	0.37202	0.09601	1	0.47765	0.53328	11.05810	1.06647	0	0.47776	0.53340	11.35515	1.06647	1	-0.00549	-0.00946	0.67834	0.00226	1	-0.00542	-0.00951	0.68174	0.00229	1	1.45898	0.81042	0	
1250720	8435.93359	3305158926467	0.38118	0.08950	8435.86621	0.06738	11335	1	0.50909	0.11493	0	0.37202	0.09601	1	0.37202	0.09601	1	0.47765	0.53328	11.05810	1.06647	0	0.47782	0.53332	11.21166	1.06647	1	-0.00549	-0.00946	0.67834	0.00226	1	-0.00542	-0.00951	0.68174	0.00230	1	1.45898	0.81042	0	
1250721	8435.93945	3305158991296	0.38060	0.08847	8435.86621	0.07324	11335	1	0.50909	0.11493	0	0.37419	0.07713	1	0.37419	0.07713	1	0.47765	0.53328	11.05810	1.06647	0	0.47782	0.53318	10.97082	1.06647	1	-0.00549	-0.00946	0.67834	0.00226	1	-0.00542	-0.00951	0.68174	0.00224	1	1.45898	0.81042	0	
1250722	8435.94629	3305159059769	0.38783	0.09959	8435.86621	0.08008	11335	1	0.49867	0.14718	1	0.45062	0.31888	1	0.47465	0.23303	1	0.47782	0.53332	11.21166	1.06647	1	0.74043	0.55781	11.93750	1.06647	1	-0.00549	-0.00946	0.67834	0.00230	1	-0.00542	-0.00951	0.68174	0.00408	1	1.45898	0.81042	0	
1250723	8435.95312	3305159124451	0.39403	0.10912	8435.86621	0.08691	11335	1	0.49867	0.14718	1	0.45062	0.31888	1	0.47465	0.23303	1	0.47810	0.53327	10.99619	1.06647	1	0.74041	0.55799	12.09665	1.06647	1	-0.00546	-0.00954	0.68757	0.00225	1	0.06224	-0.01387	0.67488	0.00403	1	1.45898	0.81042	0	
1250724	8435.95996	3305159190656	0.39988	0.11933	8435.86621	0.09375	11335	1	0.49218	0.13856	1	0.47112	0.38609	1	0.48165	0.26233	1	0.47788	0.53330	11.27303	1.06647	1	0.74077	0.55801	11.60260	1.06647	1	-0.00546	-0.00954	0.68757	0.00225	1	0.06224	-0.01387	0.67488	0.00407	1	1.45898	0.81042	0	
1250725	8435.96680	3305159259178	0.40506	0.12774	8435.86621	0.10059	11335	1	0.49566	0.12577	1	0.47005	0.38195	1	0.48286	0.25386	1	0.47783	0.53309	10.62159	1.06647	1	0.74036	0.55803	11.48021	1.06647	1	-0.00546	-0.00954	0.68757	0.00228	1	0.06224	-0.01387	0.67488	0.00394	1	1.45898	0.81042	0	
1250726	8435.97266	3305159323682	0.40965	0.13496	8435.86621	0.10645	11335	1	0.49566	0.12577	1	0.47033	0.37529	1	0.48300	0.25053	1	0.47787	0.53303	11.16867	1.06647	1	0.74049	0.55726	11.07250	1.07515	1	-0.00546	-0.00954	0.68757	0.00225	1	0.06472	-0.01443	0.70230	0.00393	1	1.45898	0.81042	0	
1250727	8435.97949	3305159394944	0.42477	0.16334	8435.86621	0.10645	11335	0	0.49010	0.10365	1	0.49272	0.30710	1	0.49141	0.20537	1	0.47782	0.53309	10.96629	1.07515	1	0.74069	0.55732	11.35378	1.08383	1	-0.00546	-0.00954	0.68757	0.00231	1	0.06472	-0.01443	0.70230	0.00398	1	1.45898	0.81042	0	
1250728	8435.98633	3305159461863	0.46073	0.18065	8435.86621	0.10645	11335	0	0.50592	0.11578	1	0.48746	0.28014	1	0.49669	0.19796	1	0.47789	0.53329	11.25547	1.08383	1	0.74062	0.55733	11.12384	1.09251	1	-0.00546	-0.00954	0.68757	0.00225	1	0.06472	-0.01443	0.70230	0.00394	1	1.45898	0.81042	0	
1250729	8435.99316	3305159529440	0.47271	0.18622	8435.86621	0.10645	11335	0	0.50584	0.11513	1	0.48749	0.27957	1	0.49667	0.19735	1	0.47785	0.53323	11.12953	1.08449	1	0.74049	0.55770	11.09787	1.09317	1	-0.00529	-0.00914	0.65899	0.00225	1	0.06472	-0.01443	0.70230	0.00403	1	1.45898	0.81042	0	
1250730	8436.00000	3305159595920	0.47292	0.19484	8435.97949	0.02051	11336	1	0.48720	0.09057	1	0.45992	0.35081	1	0.47356	0.22069	1	0.47780	0.53307	11.00903	1.08515	1	0.74029	0.55778	11.12358	1.08515	1	-0.00529	-0.00914	0.65899	0.00232	1	0.06472	-0.01443	0.70230	0.00409	1	1.45898	0.81042	0	
1250731	8436.00684	3305159663085	0.47322	0.20486	8435.97949	0.02734	11336	1	0.47835	0.12796	1	0.47046	0.36192	1	0.47441	0.24494	1	0.47754	0.53309	10.76440	1.07714	1	0.74036	0.55782	11.24052	1.07714	1	-0.00529	-0.00914	0.65899	0.00219	1	0.06472	-0.01443	0.70230	0.00395	1	1.45898	0.81042	0	
1250732	8436.01367	3305159729793	0.47349	0.21271	8435.97949	0.03418	11336	1	0.47946	0.13582	1	0.47020	0.36817	1	0.47483	0.25199	1	0.47749	0.53308	10.52581	1.06912	1	0.74050	0.55749	11.52612	1.06912	1	-0.00529	-0.00914	0.65899	0.00224	1	0.06472	-0.01443	0.70230	0.00392	1	1.45898	0.81042	0	
1250733	8436.02051	3305159796245	0.47422	0.21672	8435.97949	0.04102	11336	1	0.48680	0.12652	1	0.47048	0.35502	1	0.47864	0.24077	1	0.47769	0.53307	10.87580	1.06912	1	0.74039	0.55768	11.66441	1.06912	1	-0.00529	-0.00914	0.65899	0.00217	1	0.06472	-0.01443	0.70230	0.00391	1	1.45898	0.81042	0	
1250734	8436.02734	3305159864255	0.47553	0.21664	8435.97949	0.04785	11336	1	0.49173	0.11101	1	0.47755	0.32120	1	0.48464	0.21611	1	0.47776	0.53300	11.18519	1.06912	1	0.74054	0.55738	11.18175	1.06912	1	-0.00529	-0.00914	0.65899	0.00223	1	0.06472	-0.01443	0.70230	0.00387	1	1.45898	0.81042	0	
1250735	8436.03320	3305159927351	0.47648	0.21617	8435.97949	0.05371	11336	1	0.49070	0.10298	1	0.47752	0.32174	1	0.48411	0.21236	1	0.47778	0.53312	11.21933	1.07714	1	0.74056	0.55715	11.19298	1.06846	1	-0.00546	-0.00954	0.68757	0.00217	1	0.06301	-0.01406	0.68432	0.00394	1	1.45898	0.81042	0	
1250736	8436.04004	3305159998323	0.47764	0.21820	8435.97949	0.06055	11336	1	0.48003	0.12764	1	0.49624	0.34541	1	0.48814	0.23653	1	0.47758	0.53317	10.82226	1.07647	1	0.74042	0.55752	11.27050	1.06779	1	-0.00546	-0.00954	0.68757	0.00219	1	0.06301	-0.01406	0.68432	0.00394	1	1.45898	0.81042	0	
1250737	8436.04688	3305160063749	0.48076	0.21645	8435.97949	0.06738	11336	1	0.52416	0.09476	1	0.49961	0.30309	1	0.51189	0.19892	1	0.47787	0.53307	11.11824	1.07581	1	0.74047	0.55701	11.22742	1.06713	1	-0.00546	-0.00954	0.68757	0.00224	1	0.06301	-0.01406	0.68432	0.00418	1	1.45898	0.81042	0	
1250738	8436.05371	3305160130936	0.48335	0.21504	8435.97949	0.07422	11336	1	0.52423	0.09543	1	0.49957	0.30365	1	0.51190	0.19954	1	0.47774	0.53283	10.81682	1.07515	1	0.74044	0.55746	11.24022	1.06647	1	-0.00542	-0.00941	0.68174	0.00221	1	0.06301	-0.01406	0.68432	0.00397	1	1.45898	0.81042	0	
1250739	8436.06055	3305160199082	0.48432	0.21433	8435.97949	0.08105	11336	1	0.49233	0.10783	1	0.49957	0.30365	1	0.49595	0.20574	1	0.47775	0.53288	11.22112	1.06647	1	0.74047	0.55701	11.22742	1.06647	1	-0.00542	-0.00941	0.68174	0.00217	1	0.06301	-0.01406	0.68432	0.00418	1	1.45898	0.81042	0	
1250740	8436.06738	3305160265576	0.48470	0.21549	8435.97949	0.08789	11336	1	0.48937	0.10505	1	0.48991	0.35611	1	0.48964	0.23058	1	0.47772	0.53291	11.18742	1.06647	1	0.74036	0.55783	11.28131	1.06647	1	-0.00542	-0.00941	0.68174	0.00220	1	0.06301	-0.01406	0.68432	0.00400	1	1.45898	0.81042	0	
1250741	8436.07422	3305160334769	0.48505	0.21698	8435.97949	0.09473	11336	1	0.49042	0.11316	1	0.48951	0.36247	1	0.48997	0.23782	1	0.47788	0.53285	10.54442	1.05845	1	0.74045	0.55728	11.25194	1.05845	1	-0.00529	-0.00914	0.65899	0.00227	1	0.06301	-0.01401	0.68432	0.00417	1	1.45898	0.81042	0	
1250742	8436.08008	3305160400059	0.48605	0.21793	8435.97949	0.10059	11336	1	0.50676	0.12076	1	0.49541	0.34373	1	0.50108	0.23225	1	0.47788	0.53285	10.54442	1.05043	1	0.74043	0.55737	11.26401	1.05043	1	-0.00529	-0.00914	0.65899	0.00227	1	0.06301	-0.01401	0.68432	0.00412	1	1.45898	0.81042	0	
1250743	8436.08691	3305160466764	0.48600	0.22058	8435.97949	0.10742	11336	1	0.49742	0.18264	1	0.47272	0.34341	1	0.48507	0.26302	1	0.47778	0.53297	10.66739	1.04242	1	0.74043	0.55737	11.26401	1.04242	1	-0.00529	-0.00914	0.65899	0.00229	1	0.06301	-0.01401	0.68432	0.00412	1	1.45898	0.81042	0	
1250744	8436.09375	3305160533947	0.48595	0.22274	8435.97949	0.11426	11336	1	0.49742	0.18264	1	0.47303	0.33627	1	0.48522	0.25945	1	0.47776	0.53295	10.85578	1.04242	1	0.74038	0.55787	11.41433	1.05110	1	-0.00542	-0.00941	0.68174	0.00230	1	0.06473	-0.01438	0.70245	0.00391	1	1.45898	0.81042	0	
1250745	8436.10059	3305160600772	0.48007	0.21291	8435.97949	0.12109	11336	1	0.49742	0.18264	0	0.37418	0.03592	1	0.37418	0.03592	1	0.47776	0.53295	10.85578	1.05911	0	0.47779	0.53276	10.87803	1.06779	1	-0.00542	-0.00941	0.68174	0.00230	1	0.06473	-0.01438	0.70245	0.00224	1	1.45898	0.81042	0	
1250746	8436.10742	3305160668034	0.47473	0.20316	8435.97949	0.12793	11336	1	0.49742	0.18264	0	0.37330	0.01789	1	0.37330	0.01789	1	0.47776	0.53295	10.85578	1.07581	0	0.47779	0.53276	10.87803	1.08449	1	-0.00542	-0.00941	0.68174	0.00230	1	0.06473	-0.01438	0.70245	0.00224	1	1.45898	0.81042	0	
1250747	8436.11426	3305160735145	0.46988	0.19392	8435.97949	0.13477	11336	1	0.49742	0.18264	0	0.37288	0.00924	1	0.37288	0.00924	1	0.47776	0.53295	10.85578	1.09251	0	0.47789	0.53289	10.87032	1.09251	1	-0.00542	-0.00941	0.68174	0.00230	1	-0.00547	-0.00939	0.68793	0.00229	1	1.45898	0.81042	0	
1250748	8436.12109	3305160802051	0.45633	0.16114	8435.97949	0.13477	11336	0	0.49742	0.18264	0	0.38491	0.04335	1	0.38491	0.04335	1	0.47776	0.53295	10.85578	1.09251	0	0.47783	0.53284	10.96227	1.08383	1	-0.00542	-0.00941	0.68174	0.00230	1	-0.00547	-0.00939	0.68793	0.00231	1	1.45898	0.81042	0	
1250749	8436.12695	3305160868532	0.41955	0.12830	8435.97949	0.13477	11336	0	0.49742	0.18264	0	0.38276	0.09546	1	0.38276	0.09546	1	0.47776	0.53295	10.85578	1.08383	0	0.47785	0.53287	10.96816	1.07515	1	-0.00542	-0.00941	0.68174	0.00230	1	-0.00547	-0.00939	0.68793	0.00228	1	1.45898	0.81042	0	
1250750	8436.13379	3305160936109	0.40742	0.12031	8435.97949	0.13477	11336	0	0.49742	0.18264	0	0.38316	0.10431	1	0.38316	0.10431	1	0.47776	0.53295	10.85578	1.07515	0	0.47775	0.53288	11.02584	1.06647	1	-0.00542	-0.00941	0.68174	0.00230	1	-0.00542	-0.00941	0.68174	0.00232	1	1.45898	0.81042	0	
1250751	8436.14062	3305161001744	0.37617	0.08200	8435.97949	0.13477	11336	0	0.49742	0.18264	0	0.36259	0.04624	1	0.36259	0.04624	1	0.47776	0.53295	10.85578	1.06647	0	0.47768	0.53293	11.19745	1.06647	1	-0.00542	-0.00941	0.68174	0.00230	1	-0.00542	-0.00941	0.68174	0.00221	1	1.45898	0.81042	0	
1250752	8436.14746	3305161066399	0.37646	0.06736	8435.97949	0.13477	11336	0	0.49742	0.18264	0	0.37674	0.05272	1	0.37674	0.05272	1	0.47776	0.53295	10.85578	1.06647	0	0.47777	0.53291	10.93685	1.06647	1	-0.00542	-0.00941	0.68174	0.00230	1	-0.00542	-0.00941	0.68174	0.00233	1	1.45898	0.81042	0	
1250753	8436.15430	3305161133614	0.37655	0.06248	8435.97949	0.13477	11336	0	0.49742	0.18264	0	0.37674	0.05272	1	0.37674	0.05272	1	0.47776	0.53295	10.85578	1.06647	0	0.47771	0.53278	10.79490	1.06647	1	-0.00542	-0.00941	0.68174	0.00230	1	-0.00536	-0.00925	0.67428	0.00232	1	1.45898	0.81042	0	
1250754	8436.16016	3305161201412	0.37915	0.05341	8436.14062	0.01953	11337	1	0.49742	0.18264	0	0.38694	0.02618	1	0.38694	0.02618	1	0.47776	0.53295	10.85578	1.06647	0	0.47782	0.53274	10.92461	1.06647	1	-0.00542	-0.00941	0.68174	0.00230	1	-0.00536	-0.00925	0.67428	0.00222	1	1.45898	0.81042	0	
1250755	8436.16699	3305161267058	0.40256	0.08783	8436.14062	0.02637	11337	1	0.48662	0.10340	1	0.50581	0.34762	1	0.49622	0.22551	1	0.47767	0.53302	11.14769	1.06647	1	0.74058	0.55760	12.16974	1.06647	1	-0.00542	-0.00941	0.68174	0.00221	1	-0.00536	-0.00925	0.67428	0.00392	1	1.45898	0.81042	0	
1250756	8436.17383	3305161334587	0.41817	0.11077	8436.14062	0.03320	11337	1	0.48662	0.10340	1	0.50581	0.34762	1	0.49622	0.22551	1	0.47782	0.53302	11.35816	1.06647	1	0.74033	0.55757	11.60413	1.06647	1	-0.00542	-0.00941	0.68174	0.00224	1	0.06301	-0.01396	0.68432	0.00398	1	1.45898	0.81042	0	
1250757	8436.18066	3305161403592	0.42650	0.12808	8436.14062	0.04004	11337	1	0.47988	0.11034	1	0.47305	0.35351	1	0.47646	0.23192	1	0.47768	0.53298	11.19667	1.06647	1	0.74044	0.55774	11.65398	1.06647	1	-0.00542	-0.00941	0.68174	0.00235	1	0.06301	-0.01396	0.68432	0.00393	1	1.45898	0.81042	0	
1250758	8436.18750	3305161467199	0.43442	0.13920	8436.14062	0.04688	11337	1	0.49048	0.09067	1	0.48926	0.34339	1	0.48987	0.21703	1	0.47776	0.53276	11.02489	1.06647	1	0.74034	0.55756	11.64004	1.06647	1	-0.00542	-0.00941	0.68174	0.00232	1	0.06301	-0.01396	0.68432	0.00401	1	1.45898	0.81042	0	
1250759	8436.19434	3305161534679	0.44062	0.14866	8436.14062	0.05371	11337	1	0.49152	0.09888	1	0.48886	0.34985	1	0.49019	0.22437	1	0.47787	0.53296	11.14966	1.05845	1	0.74041	0.55767	11.62133	1.05845	1	-0.00529	-0.00914	0.65899	0.00230	1	0.06301	-0.01391	0.68432	0.00399	1	1.45898	0.81042	0	
1250760	8436.20117	3305161603416	0.44606	0.16207	8436.14062	0.06055	11337	1	0.50316	0.17662	1	0.48704	0.38885	1	0.49510	0.28273	1	0.47781	0.53308	10.90318	1.05043	1	0.74028	0.55789	11.59410	1.05043	1	-0.00529	-0.00914	0.65899	0.00231	1	0.06301	-0.01391	0.68432	0.00393	1	1.45898	0.81042	0	
1250761	8436.20801	3305161672149	0.44935	0.17131	8436.14062	0.06738	11337	1	0.49928	0.13798	1	0.46503	0.38936	1	0.48216	0.26367	1	0.47788	0.53305	11.16375	1.04242	1	0.74029	0.55793	11.62723	1.04242	1	-0.00529	-0.00914	0.65899	0.00224	1	0.06301	-0.01391	0.68432	0.00392	1	1.45898	0.81042	0	
1250762	8436.21484	3305161740247	0.45209	0.17872	8436.14062	0.07422	11337	1	0.49928	0.13798	1	0.46528	0.38260	1	0.48228	0.26029	1	0.47787	0.53321	11.41533	1.04242	1	0.74068	0.55756	12.40228	1.05110	1	-0.00546	-0.00954	0.68757	0.00227	1	0.06473	-0.01438	0.70245	0.00390	1	1.45898	0.81042	0	
1250763	8436.22070	3305161806598	0.45433	0.18260	8436.14062	0.08008	11337	1	0.48986	0.12334	1	0.47243	0.33501	1	0.48115	0.22917	1	0.47772	0.53310	11.51729	1.05911	1	0.74043	0.55747	11.60771	1.06779	1	-0.00546	-0.00954	0.68757	0.00232	1	0.06473	-0.01438	0.70245	0.00404	1	1.45898	0.81042	0	
1250764	8436.22754	3305161873838	0.45632	0.18511	8436.14062	0.08691	11337	1	0.48918	0.10573	1	0.47536	0.32978	1	0.48227	0.21776	1	0.47775	0.53304	11.32626	1.07581	1	0.74049	0.55757	11.74922	1.08449	1	-0.00546	-0.00954	0.68757	0.00227	1	0.06473	-0.01438	0.70245	0.00389	1	1.45898	0.81042	0	
1250765	8436.23438	3305161940883	0.47836	0.21724	8436.14062	0.08691	11337	0	0.48702	0.08901	1	0.47597	0.31636	1	0.48150	0.20268	1	0.47783	0.53309	11.58813	1.09251	1	0.74046	0.55758	11.79953	1.10119	1	-0.00546	-0.00954	0.68757	0.00221	1	0.06473	-0.01438	0.70245	0.00390	1	1.45898	0.81042	0	
1250766	8436.24121	3305162007534	0.48316	0.20103	8436.14062	0.08691	11337	0	0.49702	0.07242	1	0.47891	0.29724	1	0.48797	0.18483	1	0.47788	0.53306	11.19072	1.10119	1	0.74056	0.55725	11.82257	1.10119	1	-0.00546	-0.00954	0.68757	0.00224	1	0.06473	-0.01438	0.70245	0.00393	1	1.45898	0.81042	0	
1250767	8436.24805	3305162074495	0.45039	0.13989	8436.14062	0.08691	11337	0	0.49702	0.07242	0	0.38484	0.01760	1	0.38484	0.01760	1	0.47788	0.53306	11.19072	1.10119	0	0.47788	0.53310	11.50294	1.10119	1	-0.00546	-0.00954	0.68757	0.00224	1	0.06473	-0.01438	0.70245	0.00222	1	1.45898	0.81042	0	
1250768	8436.25488	3305162141558	0.41934	0.07642	8436.14062	0.08691	11337	0	0.49702	0.07242	0	0.38521	0.02684	1	0.38521	0.02684	1	0.47788	0.53306	11.19072	1.10119	0	0.47790	0.53324	11.53051	1.09251	1	-0.00546	-0.00954	0.68757	0.00224	1	-0.00546	-0.00954	0.68757	0.00224	1	1.45898	0.81042	0	
1250769	8436.26172	3305162208967	0.40627	0.05409	8436.14062	0.08691	11337	0	0.49702	0.07242	0	0.39320	0.03176	1	0.39320	0.03176	1	0.47788	0.53306	11.19072	1.09251	0	0.47794	0.53305	11.16131	1.08383	1	-0.00546	-0.00954	0.68757	0.00224	1	-0.00546	-0.00954	0.68757	0.00231	1	1.45898	0.81042	0	
1250770	8436.26855	3305162276165	0.39461	0.05518	8436.14062	0.08691	11337	0	0.49702	0.07242	0	0.37130	0.05737	1	0.37130	0.05737	1	0.47788	0.53306	11.19072	1.08383	0	0.47802	0.53319	11.41964	1.07515	1	-0.00546	-0.00954	0.68757	0.00224	1	-0.00546	-0.00954	0.68757	0.00231	1	1.45898	0.81042	0	
1250771	8436.27441	3305162342068	0.38890	0.05801	8436.25488	0.01953	11338	1	0.49702	0.07242	0	0.37178	0.06651	1	0.37178	0.06651	1	0.47788	0.53306	11.19072	1.07515	0	0.47829	0.53317	11.25187	1.06647	1	-0.00546	-0.00954	0.68757	0.00224	1	-0.00537	-0.00956	0.68882	0.00228	1	1.45898	0.81042	0	
1250772	8436.28125	3305162407432	0.38678	0.05867	8436.25488	0.02637	11338	1	0.49702	0.07242	0	0.37827	0.06129	1	0.37827	0.06129	1	0.47788	0.53306	11.19072	1.06647	0	0.47816	0.53307	11.36907	1.06647	1	-0.00546	-0.00954	0.68757	0.00224	1	-0.00537	-0.00956	0.68882	0.00231	1	1.45898	0.81042	0	
1250773	8436.28809	3305162476524	0.38555	0.05966	8436.25488	0.03320	11338	1	0.49702	0.07242	0	0.37943	0.06463	1	0.37943	0.06463	1	0.47788	0.53306	11.19072	1.06647	0	0.47823	0.53313	11.23102	1.06647	1	-0.00546	-0.00954	0.68757	0.00224	1	-0.00537	-0.00956	0.68882	0.00226	1	1.45898	0.81042	0	
1250774	8436.29492	3305162543272	0.38468	0.06037	8436.25488	0.04004	11338	1	0.49702	0.07242	0	0.37943	0.06463	1	0.37943	0.06463	1	0.47788	0.53306	11.19072	1.06647	0	0.47840	0.53303	11.46732	1.06647	1	-0.00546	-0.00954	0.68757	0.00224	1	-0.00515	-0.00934	0.67320	0.00233	1	1.45898	0.81042	0	
1250775	8436.30176	3305162610184	0.38379	0.06065	8436.25488	0.04688	11338	1	0.49702	0.07242	0	0.37758	0.06260	1	0.37758	0.06260	1	0.47788	0.53306	11.19072	1.06647	0	0.47854	0.53312	11.57613	1.06647	1	-0.00546	-0.00954	0.68757	0.00224	1	-0.00515	-0.00934	0.67320	0.00233	1	1.45898	0.81042	0	
1250776	8436.30859	3305162677735	0.38275	0.06205	8436.25488	0.05371	11338	1	0.49702	0.07242	0	0.37441	0.07326	1	0.37441	0.07326	1	0.47788	0.53306	11.19072	1.06647	0	0.47850	0.53313	11.51746	1.06647	1	-0.00546	-0.00954	0.68757	0.00224	1	-0.00515	-0.00934	0.67320	0.00235	1	1.45898	0.81042	0	
1250777	8436.31445	3305162744048	0.38191	0.06317	8436.25488	0.05957	11338	1	0.49702	0.07242	0	0.37441	0.07326	1	0.37441	0.07326	1	0.47788	0.53306	11.19072	1.06647	0	0.47863	0.53308	11.75434	1.06647	1	-0.00546	-0.00954	0.68757	0.00224	1	-0.00528	-0.00952	0.68986	0.00226	1	1.45898	0.81042	0	
1250778	8436.32129	3305162811269	0.38158	0.06283	8436.25488	0.06641	11338	1	0.49702	0.07242	0	0.37829	0.05942	1	0.37829	0.05942	1	0.47788	0.53306	11.19072	1.06647	0	0.47863	0.53301	11.30254	1.06647	1	-0.00546	-0.00954	0.68757	0.00224	1	-0.00528	-0.00952	0.68986	0.00226	1	1.45898	0.81042	0	
1250779	8436.32812	3305162878153	0.38227	0.06088	8436.25488	0.07324	11338	1	0.49702	0.07242	0	0.38981	0.03944	1	0.38981	0.03944	1	0.47788	0.53306	11.19072	1.06647	0	0.47872	0.53286	10.97187	1.06647	1	-0.00546	-0.00954	0.68757	0.00224	1	-0.00528	-0.00952	0.68986	0.00228	1	1.45898	0.81042	0	
1250780	8436.33496	3305162945042	0.38285	0.05923	8436.25488	0.08008	11338	1	0.49702	0.07242	0	0.38981	0.03944	1	0.38981	0.03944	1	0.47788	0.53306	11.19072	1.06647	0	0.47899	0.53288	11.02608	1.06647	1	-0.00546	-0.00954	0.68757	0.00224	1	-0.00528	-0.00952	0.68986	0.00228	1	1.45898	0.81042	0	
1250781	8436.34180	3305163012051	0.38247	0.06222	8436.25488	0.08691	11338	1	0.49702	0.07242	0	0.37746	0.10112	1	0.37746	0.10112	1	0.47788	0.53306	11.19072	1.06647	0	0.47902	0.53297	11.37273	1.06647	1	-0.00546	-0.00954	0.68757	0.00224	1	-0.00528	-0.00952	0.68986	0.00225	1	1.45898	0.81042	0	
1250782	8436.34863	3305163077820	0.38228	0.06210	8436.25488	0.09375	11338	1	0.49702	0.07242	0	0.37975	0.06036	1	0.37975	0.06036	1	0.47788	0.53306	11.19072	1.06647	0	0.47894	0.53308	11.34188	1.06647	1	-0.00546	-0.00954	0.68757	0.00224	1	-0.00528	-0.00952	0.68986	0.00231	1	1.45898	0.81042	0	
1250783	8436.35547	3305163146466	0.38213	0.06199	8436.25488	0.10059	11338	1	0.49702	0.07242	0	0.37975	0.06036	1	0.37975	0.06036	1	0.47788	0.53306	11.19072	1.06647	0	0.47918	0.53307	11.58863	1.06647	1	-0.00546	-0.00954	0.68757	0.00224	1	-0.00513	-0.00945	0.68451	0.00232	1	1.45898	0.81042	0	
1250784	8436.36133	3305163211242	0.38215	0.06132	8436.25488	0.10645	11338	1	0.49702	0.07242	0	0.38248	0.05052	1	0.38248	0.05052	1	0.47788	0.53306	11.19072	1.06647	0	0.47906	0.53308	11.57830	1.06647	1	-0.00546	-0.00954	0.68757	0.00224	1	-0.00513	-0.00945	0.68451	0.00229	1	1.45898	0.81042	0	
1250785	8436.36816	3305163280220	0.38178	0.06114	8436.25488	0.11328	11338	1	0.49702	0.07242	0	0.37562	0.05823	1	0.37562	0.05823	1	0.47788	0.53306	11.19072	1.06647	0	0.47923	0.53302	11.29163	1.06647	1	-0.00546	-0.00954	0.68757	0.00224	1	-0.00513	-0.00945	0.68451	0.00234	1	1.45898	0.81042	0	
1250786	8436.37500	3305163346894	0.38481	0.06294	8436.25488	0.12012	11338	1	0.50220	0.11549	1	0.37643	0.07486	1	0.43931	0.09518	1	0.47924	0.53304	11.21410	1.05845	1	0.74160	0.55797	12.28161	1.05079	1	-0.00490	-0.00911	0.66034	0.00236	1	0.06114	-0.01357	0.66023	0.00399	1	1.45898	0.81042	0	
1250787	8436.38184	3305163414295	0.38952	0.07317	8436.25488	0.12695	11338	1	0.48411	0.13453	1	0.47368	0.40089	1	0.47890	0.26771	1	0.47927	0.53301	11.30819	1.04277	1	0.74159	0.55796	12.02989	1.03511	1	-0.00490	-0.00911	0.66034	0.00233	1	0.06114	-0.01357	0.66023	0.00412	1	1.45898	0.81042	0	
1250788	8436.38867	3305163481020	0.39388	0.08301	8436.25488	0.13379	11338	1	0.48937	0.15742	1	0.47295	0.40212	1	0.48116	0.27977	1	0.47923	0.53301	11.31973	1.02710	1	0.74165	0.55769	12.15811	1.01944	1	-0.00490	-0.00911	0.66034	0.00232	1	0.06114	-0.01357	0.66023	0.00421	1	1.45898	0.81042	0	
1250789	8436.39551	3305163548367	0.41117	0.11626	8436.25488	0.13379	11338	0	0.49041	0.16507	1	0.47295	0.40212	1	0.48168	0.28360	1	0.47928	0.53307	11.49921	1.01944	1	0.74226	0.55799	12.33721	1.01944	1	-0.00493	-0.00932	0.67141	0.00231	1	0.06323	-0.01402	0.68224	0.00415	1	1.45898	0.81042	0	
1250790	8436.40234	3305163616583	0.44521	0.19388	8436.25488	0.13379	11338	0	0.50784	0.15681	1	0.45067	0.38617	1	0.47926	0.27149	1	0.47945	0.53304	11.73532	1.02745	1	0.74167	0.55831	12.89444	1.03511	1	-0.00493	-0.00932	0.67141	0.00237	1	0.06323	-0.01402	0.68224	0.00409	1	1.45898	0.81042	0	
1250791	8436.40820	3305163681282	0.45822	0.21423	8436.25488	0.13379	11338	0	0.48666	0.15456	1	0.48181	0.35534	1	0.48423	0.25495	1	0.47915	0.53319	11.27662	1.04313	1	0.74173	0.55847	11.94653	1.05079	1	-0.00493	-0.00932	0.67141	0.00238	1	0.06323	-0.01402	0.68224	0.00409	1	1.45898	0.81042	0	
1250792	8436.41504	3305163749191	0.48233	0.25578	8436.25488	0.13379	11338	0	0.48453	0.13910	1	0.48249	0.34271	1	0.48351	0.24090	1	0.47936	0.53317	11.27393	1.05881	1	0.74185	0.55824	11.33707	1.06647	1	-0.00493	-0.00932	0.67141	0.00244	1	0.06323	-0.01402	0.68224	0.00411	1	1.45898	0.81042	0	
1250793	8436.42188	3305163816218	0.49000	0.24802	8436.25488	0.13379	11338	0	0.50274	0.11504	1	0.49259	0.36548	1	0.49766	0.24026	1	0.47947	0.53305	11.68320	1.06647	1	0.74228	0.55832	12.11787	1.06647	1	-0.00493	-0.00932	0.67141	0.00238	1	0.06323	-0.01402	0.68224	0.00407	1	1.45898	0.81042	0	
1250794	8436.42871	3305163882268	0.49149	0.24536	8436.25488	0.13379	11338	0	0.50019	0.12414	1	0.48876	0.35593	1	0.49448	0.24003	1	0.47943	0.53310	11.51639	1.06647	1	0.74226	0.55845	12.36625	1.06647	1	-0.00493	-0.00932	0.67141	0.00240	1	0.06323	-0.01402	0.68224	0.00402	1	1.45898	0.81042	0	
1250795	8436.43555	3305163950215	0.49224	0.24403	8436.41504	0.02051	11339	1	0.50019	0.12414	1	0.48876	0.35593	1	0.49448	0.24003	1	0.47954	0.53312	11.56467	1.06647	1	0.74228	0.55832	12.11787	1.06647	1	-0.00493	-0.00932	0.67141	0.00233	1	0.06378	-0.01417	0.68706	0.00407	1	1.45898	0.81042	0	
1250796	8436.44238	3305164017150	0.49020	0.24531	8436.41504	0.02734	11339	1	0.50564	0.11157	1	0.45844	0.38933	1	0.48204	0.25045	1	0.47957	0.53311	11.36763	1.06647	1	0.74216	0.55857	12.75256	1.06647	1	-0.00493	-0.00932	0.67141	0.00236	1	0.06378	-0.01417	0.68706	0.00400	1	1.45898	0.81042	0	
1250797	8436.44922	3305164084503	0.49048	0.24017	8436.41504	0.03418	11339	1	0.51204	0.11230	1	0.47180	0.31664	1	0.49192	0.21447	1	0.47959	0.53309	11.62361	1.06647	1	0.74241	0.55831	12.24048	1.06647	1	-0.00493	-0.00932	0.67141	0.00230	1	0.06378	-0.01417	0.68706	0.00403	1	1.45898	0.81042	0	
1250798	8436.45508	3305164150756	0.49071	0.23598	8436.41504	0.04004	11339	1	0.51204	0.11230	1	0.47209	0.30944	1	0.49207	0.21087	1	0.47968	0.53307	11.73700	1.06647	1	0.74239	0.55760	12.07828	1.07515	1	-0.00493	-0.00932	0.67141	0.00241	1	0.06475	-0.01434	0.69804	0.00429	1	1.45898	0.81042	0	
1250799	8436.46191	3305164217912	0.49092	0.23290	8436.41504	0.04688	11339	1	0.50976	0.09675	1	0.47508	0.32589	1	0.49242	0.21132	1	0.47963	0.53305	11.87098	1.07515	1	0.74240	0.55790	12.08808	1.08383	1	-0.00493	-0.00932	0.67141	0.00237	1	0.06475	-0.01434	0.69804	0.00429	1	1.45898	0.81042	0	
1250800	8436.46875	3305164284972	0.48945	0.23040	8436.41504	0.05371	11339	1	0.48269	0.10475	1	0.47253	0.31610	1	0.47761	0.21043	1	0.47958	0.53310	11.70423	1.08383	1	0.74233	0.55838	12.58875	1.09251	1	-0.00493	-0.00932	0.67141	0.00240	1	0.06475	-0.01434	0.69804	0.00400	1	1.45898	0.81042	0	
1250801	8436.47559	3305164352357	0.48816	0.22715	8436.41504	0.06055	11339	1	0.48032	0.08706	1	0.47283	0.30874	1	0.47658	0.19790	1	0.47972	0.53307	11.50632	1.10159	1	0.74226	0.55789	12.10245	1.10159	1	-0.00508	-0.00970	0.69897	0.00237	1	0.06378	-0.01412	0.68706	0.00408	1	1.45898	0.81042	0	
1250802	8436.48242	3305164419072	0.48714	0.22263	8436.41504	0.06738	11339	1	0.49065	0.07663	1	0.46329	0.27817	1	0.47697	0.17740	1	0.47979	0.53317	11.79704	1.11068	1	0.74217	0.55819	12.16495	1.10200	1	-0.00508	-0.00970	0.69897	0.00236	1	0.06378	-0.01412	0.68706	0.00406	1	1.45898	0.81042	0	
1250803	8436.48926	3305164485466	0.48655	0.22014	8436.41504	0.07422	11339	1	0.49126	0.05950	1	0.46882	0.32603	1	0.48004	0.19277	1	0.47974	0.53296	11.86884	1.11108	1	0.74225	0.55815	12.12149	1.10240	1	-0.00508	-0.00970	0.69897	0.00241	1	0.06378	-0.01412	0.68706	0.00404	1	1.45898	0.81042	0	
1250804	8436.49609	3305164552949	0.48605	0.21801	8436.41504	0.08105	11339	1	0.49121	0.05909	1	0.46883	0.32571	1	0.48002	0.19240	1	0.47974	0.53326	11.67193	1.11149	1	0.74234	0.55753	12.01135	1.10281	1	-0.00508	-0.00970	0.69897	0.00250	1	0.06378	-0.01412	0.68706	0.00431	1	1.45898	0.81042	0	
1250805	8436.50293	3305164620198	0.48601	0.21322	8436.41504	0.08789	11339	1	0.49833	0.08719	1	0.47275	0.21484	1	0.48554	0.15102	1	0.47983	0.53319	11.76896	1.10281	1	0.74227	0.55728	12.03032	1.10281	1	-0.00508	-0.00970	0.69897	0.00246	1	0.06378	-0.01412	0.68706	0.00439	1	1.45898	0.81042	0	
1250806	8436.50879	3305164686889	0.48552	0.21251	8436.41504	0.09375	11339	1	0.48891	0.08815	1	0.46836	0.31695	1	0.47863	0.20255	1	0.47965	0.53316	11.57804	1.10281	1	0.74225	0.55812	12.10294	1.10281	1	-0.00508	-0.00970	0.69897	0.00250	1	0.06378	-0.01412	0.68706	0.00405	1	1.45898	0.81042	0	
1250807	8436.51562	3305164753588	0.48509	0.21189	8436.41504	0.10059	11339	1	0.48891	0.08815	1	0.46836	0.31695	1	0.47863	0.20255	1	0.47965	0.53314	11.68976	1.10281	1	0.74227	0.55873	12.31677	1.10281	1	-0.00508	-0.00970	0.69897	0.00238	1	0.06378	-0.01417	0.68706	0.00404	1	1.45898	0.81042	0	
1250808	8436.52246	3305164821113	0.48545	0.20879	8436.41504	0.10742	11339	1	0.51202	0.09518	1	0.47034	0.22318	1	0.49118	0.15918	1	0.47972	0.53323	11.74311	1.10281	1	0.74229	0.55762	12.01540	1.10281	1	-0.00508	-0.00970	0.69897	0.00236	1	0.06378	-0.01417	0.68706	0.00441	1	1.45898	0.81042	0	
1250809	8436.52930	3305164889324	0.48483	0.20901	8436.41504	0.11426	11339	1	0.48199	0.08448	1	0.46657	0.34115	1	0.47428	0.21282	1	0.47964	0.53311	11.69024	1.10281	1	0.74221	0.55841	12.57655	1.10281	1	-0.00508	-0.00970	0.69897	0.00238	1	0.06378	-0.01417	0.68706	0.00406	1	1.45898	0.81042	0	
1250810	8436.53613	3305164954952	0.48427	0.20921	8436.41504	0.12109	11339	1	0.48199	0.08448	1	0.46657	0.34115	1	0.47428	0.21282	1	0.47975	0.53329	11.71756	1.10281	1	0.74227	0.55793	12.35378	1.10281	1	-0.00508	-0.00970	0.69897	0.00238	1	0.06378	-0.01427	0.68706	0.00409	1	1.45898	0.81042	0	
1250811	8436.54297	3305165022419	0.48367	0.20729	8436.41504	0.12793	11339	1	0.47965	0.10179	1	0.46474	0.23986	1	0.47220	0.17083	1	0.47965	0.53328	11.73574	1.10281	1	0.74219	0.55771	12.09189	1.10281	1	-0.00508	-0.00970	0.69897	0.00243	1	0.06378	-0.01427	0.68706	0.00427	1	1.45898	0.81042	0	
1250812	8436.54883	3305165086365	0.48291	0.20673	8436.41504	0.13379	11339	1	0.48057	0.09713	1	0.45503	0.29387	1	0.46780	0.19550	1	0.47967	0.53331	11.81848	1.10281	1	0.74204	0.55847	12.87528	1.10281	1	-0.00508	-0.00970	0.69897	0.00242	1	0.06378	-0.01427	0.68706	0.00426	1	1.45898	0.81042	0	
1250813	8436.55566	3305165153579	0.48223	0.20622	8436.41504	0.14062	11339	1	0.48057	0.09713	1	0.45503	0.29387	1	0.46780	0.19550	1	0.47984	0.53328	11.83421	1.10281	1	0.74214	0.55782	12.08071	1.10281	1	-0.00508	-0.00970	0.69897	0.00243	1	0.06378	-0.01417	0.68706	0.00438	1	1.45898	0.81042	0	
1250814	8436.56250	3305165220122	0.48226	0.20570	8436.41504	0.14746	11339	1	0.51174	0.09915	1	0.45443	0.28938	1	0.48308	0.19427	1	0.47970	0.53324	11.60375	1.10281	1	0.74214	0.55782	12.08071	1.10281	1	-0.00508	-0.00970	0.69897	0.00240	1	0.06378	-0.01417	0.68706	0.00438	1	1.45898	0.81042	0	
1250815	8436.56934	3305165285503	0.48225	0.20517	8436.41504	0.15430	11339	1	0.49010	0.10979	1	0.47388	0.27613	1	0.48199	0.19296	1	0.47977	0.53329	11.61373	1.10281	1	0.74237	0.55825	12.19672	1.10281	1	-0.00508	-0.00970	0.69897	0.00247	1	0.06378	-0.01417	0.68706	0.00420	1	1.45898	0.81042	0	
1250816	8436.57617	3305165353812	0.48226	0.20501	8436.41504	0.16113	11339	1	0.49125	0.11863	1	0.47357	0.28375	1	0.48241	0.20119	1	0.47975	0.53331	11.66119	1.09372	1	0.74236	0.55767	11.93074	1.09372	1	-0.00484	-0.00933	0.67209	0.00248	1	0.06378	-0.01412	0.68706	0.00427	1	1.45898	0.81042	0	
1250817	8436.58301	3305165421768	0.48266	0.20501	8436.41504	0.16797	11339	1	0.52159	0.12464	1	0.46376	0.28529	1	0.49267	0.20497	1	0.47976	0.53330	11.71296	1.08464	1	0.74221	0.55771	12.11901	1.08464	1	-0.00484	-0.00933	0.67209	0.00250	1	0.06378	-0.01412	0.68706	0.00440	1	1.45898	0.81042	0	
1250818	8436.58887	3305165487091	0.48331	0.20545	8436.41504	0.17383	11339	1	0.52003	0.11557	1	0.48038	0.31801	1	0.50021	0.21679	1	0.47975	0.53322	11.73419	1.07555	1	0.74253	0.55790	11.94648	1.07555	1	-0.00484	-0.00933	0.67209	0.00249	1	0.06378	-0.01412	0.68706	0.00429	1	1.45898	0.81042	0	
1250819	8436.59570	3305165555110	0.48392	0.20615	8436.41504	0.18066	11339	1	0.52100	0.12456	1	0.48001	0.32548	1	0.50050	0.22502	1	0.47978	0.53325	11.80273	1.06647	1	0.74239	0.55785	12.17938	1.06647	1	-0.00493	-0.00932	0.67141	0.00247	1	0.06378	-0.01417	0.68706	0.00434	1	1.45898	0.81042	0	
1250820	8436.60254	3305165623354	0.48415	0.20707	8436.41504	0.18750	11339	1	0.51614	0.14619	1	0.46516	0.31958	1	0.49065	0.23288	1	0.47968	0.53332	11.80065	1.06647	1	0.74223	0.55776	12.08095	1.06647	1	-0.00493	-0.00932	0.67141	0.00241	1	0.06378	-0.01417	0.68706	0.00432	1	1.45898	0.81042	0	
1250821	8436.60938	3305165686743	0.48449	0.20754	8436.41504	0.19434	11339	1	0.51484	0.13048	1	0.47333	0.31189	1	0.49409	0.22119	1	0.47972	0.53335	11.70153	1.06647	1	0.74240	0.55766	11.94853	1.06647	1	-0.00493	-0.00932	0.67141	0.00245	1	0.06378	-0.01417	0.68706	0.00424	1	1.45898	0.81042	0	
1250822	8436.61621	3305165757500	0.48480	0.20798	8436.41504	0.20117	11339	1	0.51484	0.13048	1	0.47333	0.31189	1	0.49409	0.22119	1	0.47972	0.53335	11.70153	1.06647	1	0.74249	0.55776	12.04896	1.06647	1	-0.00506	-0.00961	0.68899	0.00245	1	0.06378	-0.01412	0.68706	0.00437	1	1.45898	0.81042	0	
1250823	8436.62305	3305165825204	0.48515	0.20823	8436.41504	0.20801	11339	1	0.51517	0.13092	1	0.47716	0.30137	1	0.49617	0.21615	1	0.47973	0.53317	12.12532	1.06647	1	0.74241	0.55758	11.95945	1.06647	1	-0.00506	-0.00961	0.68899	0.00244	1	0.06378	-0.01412	0.68706	0.00432	1	1.45898	0.81042	0	
1250824	8436.62988	3305165892628	0.48540	0.20863	8436.41504	0.21484	11339	1	0.51483	0.13843	1	0.47182	0.30440	1	0.49333	0.22142	1	0.47970	0.53330	11.83982	1.06647	1	0.74236	0.55765	12.07351	1.06647	1	-0.00506	-0.00961	0.68899	0.00241	1	0.06378	-0.01412	0.68706	0.00430	1	1.45898	0.81042	0	
1250825	8436.63672	3305165959644	0.48563	0.20901	8436.41504	0.22168	11339	1	0.51483	0.13843	1	0.47182	0.30440	1	0.49333	0.22142	1	0.47968	0.53327	11.89914	1.06647	1	0.74241	0.55774	11.99245	1.06647	1	-0.00493	-0.00932	0.67141	0.00241	1	0.06378	-0.01412	0.68706	0.00423	1	1.45898	0.81042	0	
1250826	8436.64355	3305166026747	0.48574	0.20935	8436.41504	0.22852	11339	1	0.50575	0.12980	1	0.47311	0.31241	1	0.48943	0.22111	1	0.47956	0.53321	11.96568	1.06647	1	0.74236	0.55764	11.92042	1.06647	1	-0.00493	-0.00932	0.67141	0.00248	1	0.06378	-0.01412	0.68706	0.00430	1	1.45898	0.81042	0	
1250827	8436.64941	3305166092677	0.48606	0.21039	8436.41504	0.23438	11339	1	0.51406	0.13895	1	0.48021	0.35439	1	0.49714	0.24667	1	0.47969	0.53328	11.87468	1.06647	1	0.74248	0.55798	12.30462	1.06647	1	-0.00493	-0.00932	0.67141	0.00240	1	0.06378	-0.01412	0.68706	0.00418	1	1.45898	0.81042	0	
1250828	8436.65625	3305166158528	0.48636	0.21137	8436.41504	0.24121	11339	1	0.51406	0.13895	1	0.48021	0.35439	1	0.49714	0.24667	1	0.47974	0.53321	11.96122	1.06647	1	0.74253	0.55792	12.18539	1.06647	1	-0.00493	-0.00932	0.67141	0.00247	1	0.06378	-0.01412	0.68706	0.00425	1	1.45898	0.81042	0	
1250829	8436.66309	3305166227410	0.48631	0.21252	8436.41504	0.24805	11339	1	0.51031	0.13031	1	0.45861	0.37983	1	0.48446	0.25507	1	0.47958	0.53320	11.99512	1.06647	1	0.74224	0.55844	12.31591	1.06647	1	-0.00493	-0.00932	0.67141	0.00247	1	0.06378	-0.01412	0.68706	0.00411	1	1.45898	0.81042	0	
1250830	8436.66992	3305166294507	0.48642	0.21298	8436.41504	0.25488	11339	1	0.51260	0.12231	1	0.46869	0.33840	1	0.49065	0.23036	1	0.47965	0.53319	12.19535	1.06647	1	0.74231	0.55782	11.93131	1.06647	1	-0.00493	-0.00932	0.67141	0.00238	1	0.06378	-0.01412	0.68706	0.00420	1	1.45898	0.81042	0	
1250831	8436.67676	3305166361032	0.48652	0.21341	8436.41504	0.26172	11339	1	0.51260	0.12231	1	0.46869	0.33840	1	0.49065	0.23036	1	0.47965	0.53319	12.19535	1.06647	1	0.74214	0.55782	12.08071	1.06647	1	-0.00493	-0.00932	0.67141	0.00238	1	0.06378	-0.01412	0.68706	0.00438	1	1.45898	0.81042	0	
1250832	8436.68359	3305166428631	0.48660	0.21264	8436.41504	0.26855	11339	1	0.51450	0.10854	1	0.46486	0.25495	1	0.48968	0.18174	1	0.47972	0.53316	12.07131	1.06647	1	0.74221	0.55771	12.11901	1.06647	1	-0.00493	-0.00932	0.67141	0.00236	1	0.06378	-0.01412	0.68706	0.00440	1	1.45898	0.81042	0	
1250833	8436.69043	3305166495478	0.48667	0.21221	8436.41504	0.27539	11339	1	0.51260	0.12231	1	0.46610	0.26667	1	0.48935	0.19449	1	0.47965	0.53319	12.19535	1.06647	1	0.74223	0.55765	12.09494	1.06647	1	-0.00493	-0.00932	0.67141	0.00238	1	0.06378	-0.01412	0.68706	0.00420	1	1.45898	0.81042	0	
1250834	8436.69629	3305166560520	0.48673	0.21180	8436.41504	0.28125	11339	1	0.51260	0.12231	1	0.46610	0.26667	1	0.48935	0.19449	1	0.47955	0.53313	11.90075	1.06647	1	0.74238	0.55794	12.00425	1.06647	1	-0.00493	-0.00932	0.67141	0.00239	1	0.06378	-0.01417	0.68706	0.00419	1	1.45898	0.81042	0	
1250835	8436.70312	3305166629813	0.48661	0.21241	8436.41504	0.28809	11339	1	0.49557	0.12437	1	0.46707	0.35292	1	0.48132	0.23865	1	0.47949	0.53310	12.06835	1.06647	1	0.74233	0.55806	12.25803	1.06647	1	-0.00493	-0.00932	0.67141	0.00237	1	0.06378	-0.01417	0.68706	0.00424	1	1.45898	0.81042	0	
1250836	8436.70996	3305166696312	0.48669	0.21282	8436.41504	0.29492	11339	1	0.50784	0.13643	1	0.47285	0.32598	1	0.49034	0.23121	1	0.47963	0.53332	12.01667	1.06647	1	0.74232	0.55783	12.10939	1.06647	1	-0.00493	-0.00932	0.67141	0.00244	1	0.06378	-0.01417	0.68706	0.00428	1	1.45898	0.81042	0	
1250837	8436.71680	3305166762605	0.48677	0.21322	8436.41504	0.30176	11339	1	0.50784	0.13643	1	0.47285	0.32598	1	0.49034	0.23121	1	0.47958	0.53320	11.99512	1.06647	1	0.74242	0.55805	12.07336	1.06647	1	-0.00493	-0.00932	0.67141	0.00246	1	0.06378	-0.01412	0.68706	0.00416	1	1.45898	0.81042	0	
1250838	8436.72363	3305166829956	0.48687	0.21338	8436.41504	0.30859	11339	1	0.50990	0.13107	1	0.47316	0.30972	1	0.49153	0.22040	1	0.47955	0.53314	11.87786	1.06647	1	0.74243	0.55767	12.09096	1.06647	1	-0.00493	-0.00932	0.67141	0.00238	1	0.06378	-0.01412	0.68706	0.00430	1	1.45898	0.81042	0	
1250839	8436.73047	3305166897427	0.48699	0.21353	8436.41504	0.31543	11339	1	0.50471	0.12162	1	0.48040	0.31981	1	0.49256	0.22071	1	0.47953	0.53318	11.76477	1.06647	1	0.74246	0.55780	12.12076	1.06647	1	-0.00493	-0.00932	0.67141	0.00239	1	0.06378	-0.01412	0.68706	0.00430	1	1.45898	0.81042	0	
1250840	8436.73730	3305166964353	0.48720	0.21280	8436.41504	0.32227	11339	1	0.50471	0.12162	1	0.48040	0.31981	1	0.49256	0.22071	1	0.47936	0.53317	11.80292	1.06647	1	0.74243	0.55818	12.24258	1.06647	1	-0.00506	-0.00961	0.68899	0.00240	1	0.06378	-0.01412	0.68706	0.00415	1	1.45898	0.81042	0	
1250841	8436.74316	3305167031302	0.48707	0.21328	8436.41504	0.32812	11339	1	0.48987	0.12264	1	0.49248	0.40423	1	0.49118	0.26344	1	0.47937	0.53314	11.72268	1.06647	1	0.74237	0.55826	12.24939	1.06647	1	-0.00506	-0.00961	0.68899	0.00240	1	0.06378	-0.01412	0.68706	0.00408	1	1.45898	0.81042	0	
1250842	8436.75000	3305167098796	0.48701	0.21362	8436.41504	0.33496	11339	1	0.49731	0.10262	1	0.48661	0.41001	1	0.49196	0.25631	1	0.47942	0.53309	11.79691	1.06647	1	0.74225	0.55829	12.58818	1.06647	1	-0.00506	-0.00961	0.68899	0.00241	1	0.06378	-0.01412	0.68706	0.00406	1	1.45898	0.81042	0	
1250843	8436.75684	3305167164298	0.48697	0.21404	8436.41504	0.34180	11339	1	0.49831	0.11074	1	0.48664	0.40951	1	0.49247	0.26013	1	0.47933	0.53309	11.93754	1.05845	1	0.74190	0.55769	13.02682	1.06713	1	-0.00486	-0.00909	0.65533	0.00237	1	0.06475	-0.01434	0.69804	0.00433	1	1.45898	0.81042	0	
1250844	8436.76367	3305167227964	0.48705	0.21352	8436.41504	0.34863	11339	1	0.48421	0.12402	1	0.48715	0.32737	1	0.48568	0.22569	1	0.47913	0.53312	11.93111	1.05911	1	0.74185	0.55749	12.78061	1.06779	1	-0.00486	-0.00909	0.65533	0.00241	1	0.06475	-0.01434	0.69804	0.00445	1	1.45898	0.81042	0	
1250845	8436.77051	3305167295866	0.48693	0.21400	8436.41504	0.35547	11339	1	0.49312	0.12241	1	0.47926	0.35194	1	0.48619	0.23717	1	0.47929	0.53310	11.67256	1.05978	1	0.74170	0.55755	12.81297	1.06846	1	-0.00486	-0.00909	0.65533	0.00244	1	0.06475	-0.01434	0.69804	0.00441	1	1.45898	0.81042	0	
1250846	8436.77734	3305167365556	0.48680	0.21460	8436.41504	0.36230	11339	1	0.49304	0.12174	1	0.47894	0.35831	1	0.48599	0.24003	1	0.47922	0.53310	11.74121	1.06044	1	0.74170	0.55814	13.13616	1.06044	1	-0.00486	-0.00909	0.65533	0.00242	1	0.06323	-0.01402	0.68224	0.00407	1	1.45898	0.81042	0	
1250847	8436.78418	3305167433355	0.48693	0.21494	8436.41504	0.36914	11339	1	0.51113	0.11121	1	0.48642	0.34326	1	0.49878	0.22723	1	0.47919	0.53303	11.78887	1.06044	1	0.74190	0.55744	12.84559	1.05176	1	-0.00486	-0.00909	0.65533	0.00245	1	0.06323	-0.01402	0.68224	0.00432	1	1.45898	0.81042	0	
1250848	8436.79004	3305167499935	0.48720	0.21545	8436.41504	0.37500	11339	1	0.50690	0.12460	1	0.47392	0.34558	1	0.49041	0.23509	1	0.47921	0.53318	11.68455	1.05176	1	0.74163	0.55725	12.14359	1.04308	1	-0.00486	-0.00909	0.65533	0.00241	1	0.06323	-0.01402	0.68224	0.00418	1	1.45898	0.81042	0	
1250849	8436.79688	3305167565883	0.48749	0.21645	8436.41504	0.38184	11339	1	0.50793	0.13332	1	0.47333	0.35898	1	0.49063	0.24615	1	0.47912	0.53304	11.77026	1.04308	1	0.74161	0.55755	12.21525	1.02674	1	-0.00486	-0.00909	0.65533	0.00242	1	0.06114	-0.01357	0.66023	0.00424	1	1.45898	0.81042	0	
1250850	8436.80371	3305167633487	0.48779	0.21865	8436.41504	0.38867	11339	1	0.49421	0.16455	1	0.48857	0.40084	1	0.49139	0.28270	1	0.47895	0.53301	12.09985	1.02674	1	0.74187	0.55792	13.14827	1.01908	1	-0.00486	-0.00909	0.65533	0.00237	1	0.06114	-0.01357	0.66023	0.00382	1	1.45898	0.81042	0	
1250851	8436.81055	3305167701123	0.49023	0.24887	8436.41504	0.38867	11339	0	0.51014	0.16117	1	0.46095	0.42251	1	0.48555	0.29184	1	0.47916	0.53309	11.94438	1.01908	1	0.74151	0.55801	12.28776	1.01142	1	-0.00486	-0.00909	0.65533	0.00238	1	0.06114	-0.01357	0.66023	0.00383	1	1.45898	0.81042	0	
1250852	8436.81738	3305167767996	0.48788	0.27020	8436.41504	0.38867	11339	0	0.51010	0.16081	1	0.46096	0.42224	1	0.48553	0.29152	1	0.47911	0.53312	12.00108	1.01944	1	0.74161	0.55711	12.00115	1.01178	1	-0.00513	-0.00950	0.68451	0.00234	1	0.06114	-0.01357	0.66023	0.00422	1	1.45898	0.81042	0	
1250853	8436.82422	3305167834961	0.49037	0.25985	8436.41504	0.38867	11339	0	0.49987	0.15931	1	0.49081	0.31900	1	0.49534	0.23915	1	0.47895	0.53302	12.08009	1.01979	1	0.74192	0.55680	12.74834	1.01979	1	-0.00513	-0.00950	0.68451	0.00239	1	0.06114	-0.01357	0.66023	0.00426	1	1.45898	0.81042	0	
1250854	8436.83105	3305167901614	0.49115	0.25372	8436.81055	0.02051	11340	1	0.49175	0.14912	1	0.49521	0.32150	1	0.49348	0.23531	1	0.47893	0.53301	11.88730	1.02781	1	0.74196	0.55683	12.70238	1.02781	1	-0.00513	-0.00950	0.68451	0.00247	1	0.06114	-0.01357	0.66023	0.00427	1	1.45898	0.81042	0	
1250855	8436.83691	3305167968903	0.49160	0.24788	8436.81055	0.02637	11340	1	0.49068	0.14106	1	0.49611	0.30805	1	0.49339	0.22456	1	0.47901	0.53286	12.30026	1.03583	1	0.74173	0.55790	13.16898	1.04349	1	-0.00513	-0.00950	0.68451	0.00239	1	0.06323	-0.01402	0.68224	0.00382	1	1.45898	0.81042	0	
1250856	8436.84375	3305168036193	0.49374	0.24760	8436.81055	0.03320	11340	1	0.51904	0.13281	1	0.48983	0.35957	1	0.50443	0.24619	1	0.47918	0.53303	12.05199	1.04349	1	0.74189	0.55778	13.31454	1.05115	1	-0.00513	-0.00950	0.68451	0.00245	1	0.06323	-0.01402	0.68224	0.00376	1	1.45898	0.81042	0	
1250857	8436.85059	3305168102971	0.49355	0.24828	8436.81055	0.04004	11340	1	0.50466	0.11354	1	0.48026	0.39114	1	0.49246	0.25234	1	0.47911	0.53294	12.30162	1.05115	1	0.74177	0.55794	13.33808	1.05881	1	-0.00513	-0.00950	0.68451	0.00248	1	0.06323	-0.01402	0.68224	0.00380	1	1.45898	0.81042	0	
1250858	8436.85742	3305168170270	0.49336	0.24830	8436.81055	0.04688	11340	1	0.50374	0.10576	1	0.48026	0.39114	1	0.49200	0.24845	1	0.47914	0.53298	12.13563	1.05881	1	0.74188	0.55790	13.38444	1.05881	1	-0.00516	-0.00944	0.68750	0.00248	1	0.06114	-0.01357	0.66023	0.00381	1	1.45898	0.81042	0	
1250859	8436.86426	3305168237428	0.49404	0.24731	8436.81055	0.05371	11340	1	0.50965	0.10373	1	0.48932	0.37506	1	0.49949	0.23939	1	0.47918	0.53291	12.19131	1.05881	1	0.74192	0.55775	13.25786	1.05115	1	-0.00516	-0.00944	0.68750	0.00246	1	0.06114	-0.01357	0.66023	0.00384	1	1.45898	0.81042	0	
1250860	8436.87109	3305168304098	0.49469	0.24785	8436.81055	0.06055	11340	1	0.51054	0.11152	1	0.49045	0.39398	1	0.50050	0.25275	1	0.47918	0.53291	12.19053	1.05115	1	0.74191	0.55795	13.52023	1.04349	1	-0.00516	-0.00944	0.68750	0.00246	1	0.06114	-0.01357	0.66023	0.00379	1	1.45898	0.81042	0	
1250861	8436.87793	3305168371043	0.49525	0.24865	8436.81055	0.06738	11340	1	0.51143	0.11932	1	0.49045	0.39398	1	0.50094	0.25665	1	0.47910	0.53294	12.23450	1.04349	1	0.74183	0.55785	13.09009	1.04349	1	-0.00513	-0.00945	0.68451	0.00240	1	0.06323	-0.01402	0.68224	0.00381	1	1.45898	0.81042	0	
1250862	8436.88477	3305168437954	0.49532	0.24955	8436.81055	0.07422	11340	1	0.50219	0.12819	1	0.48980	0.39056	1	0.49599	0.25938	1	0.47901	0.53304	11.96523	1.04349	1	0.74191	0.55789	13.02439	1.05115	1	-0.00513	-0.00945	0.68451	0.00239	1	0.06323	-0.01402	0.68224	0.00382	1	1.45898	0.81042	0	
1250863	8436.89062	3305168505027	0.49530	0.25033	8436.81055	0.08008	11340	1	0.50615	0.13894	1	0.48420	0.38056	1	0.49517	0.25975	1	0.47915	0.53307	11.85854	1.05115	1	0.74185	0.55796	13.11334	1.05881	1	-0.00513	-0.00945	0.68451	0.00243	1	0.06323	-0.01402	0.68224	0.00381	1	1.45898	0.81042	0	
1250864	8436.89746	3305168570496	0.49526	0.25073	8436.81055	0.08691	11340	1	0.50523	0.13134	1	0.48420	0.38056	1	0.49471	0.25595	1	0.47907	0.53297	11.97166	1.05881	1	0.74194	0.55804	13.42476	1.05881	1	-0.00513	-0.00950	0.68451	0.00241	1	0.06114	-0.01357	0.66023	0.00378	1	1.45898	0.81042	0	
1250865	8436.90430	3305168638978	0.49493	0.25037	8436.81055	0.09375	11340	1	0.49576	0.11503	1	0.48490	0.37565	1	0.49033	0.24534	1	0.47904	0.53291	12.16782	1.05881	1	0.74180	0.55786	13.10876	1.05115	1	-0.00513	-0.00950	0.68451	0.00239	1	0.06114	-0.01357	0.66023	0.00384	1	1.45898	0.81042	0	
1250866	8436.91113	3305168705907	0.49521	0.25060	8436.81055	0.10059	11340	1	0.50841	0.10734	1	0.49019	0.40068	1	0.49930	0.25401	1	0.47916	0.53290	12.20768	1.05115	1	0.74188	0.55795	13.41953	1.04349	1	-0.00513	-0.00950	0.68451	0.00245	1	0.06114	-0.01357	0.66023	0.00380	1	1.45898	0.81042	0	
1250867	8436.91797	3305168773088	0.49547	0.25103	8436.81055	0.10742	11340	1	0.50931	0.11517	1	0.49019	0.40068	1	0.49975	0.25792	1	0.47910	0.53294	12.22879	1.04349	1	0.74183	0.55792	13.40680	1.04349	1	-0.00513	-0.00950	0.68451	0.00240	1	0.06323	-0.01402	0.68224	0.00381	1	1.45898	0.81042	0	
1250868	8436.92480	3305168839835	0.49491	0.25083	8436.81055	0.11426	11340	1	0.49207	0.12793	1	0.47863	0.36706	1	0.48535	0.24749	1	0.47903	0.53301	11.89170	1.04349	1	0.74173	0.55781	13.12262	1.05115	1	-0.00513	-0.00950	0.68451	0.00241	1	0.06323	-0.01402	0.68224	0.00383	1	1.45898	0.81042	0	
1250869	8436.93164	3305168906823	0.49510	0.25115	8436.81055	0.12109	11340	1	0.51137	0.12985	1	0.48551	0.38398	1	0.49844	0.25691	1	0.47908	0.53310	11.95719	1.05115	1	0.74180	0.55784	13.40167	1.05881	1	-0.00513	-0.00950	0.68451	0.00242	1	0.06323	-0.01402	0.68224	0.00385	1	1.45898	0.81042	0	
1250870	8436.93750	3305168973963	0.49525	0.25110	8436.81055	0.12695	11340	1	0.51049	0.12218	1	0.48587	0.37806	1	0.49818	0.25012	1	0.47914	0.53548	11.28226	1.05881	1	0.74187	0.55793	13.17104	1.06647	1	-0.00513	-0.00950	0.68451	0.00372	1	0.06323	-0.01402	0.68224	0.00380	1	1.45898	0.81042	0	
1250871	8436.94434	3305169040650	0.49524	0.25529	8436.81055	0.13379	11340	1	0.50002	0.29397	1	0.49014	0.38410	1	0.49508	0.33904	1	0.47899	0.53500	11.10818	1.06647	1	0.74191	0.55794	13.39147	1.06647	1	-0.00513	-0.00950	0.68451	0.00384	1	0.06323	-0.01402	0.68224	0.00383	1	1.45898	0.81042	0	
1250872	8436.95117	3305169105218	0.49486	0.25488	8436.81055	0.14062	11340	1	0.48741	0.12157	1	0.48638	0.37076	1	0.48689	0.24616	1	0.47896	0.53309	12.10041	1.06647	1	0.74187	0.55797	13.34745	1.06647	1	-0.00513	-0.00950	0.68451	0.00239	1	0.06323	-0.01402	0.68224	0.00380	1	1.45898	0.81042	0	
1250873	8436.95801	3305169172116	0.49452	0.25450	8436.81055	0.14746	11340	1	0.48741	0.12157	1	0.48638	0.37076	1	0.48689	0.24616	1	0.47907	0.53322	11.83940	1.06647	1	0.74193	0.55696	13.04574	1.06647	1	-0.00513	-0.00955	0.68451	0.00242	1	0.06323	-0.01402	0.68224	0.00424	1	1.45898	0.81042	0	
1250874	8436.96387	3305169236845	0.49489	0.25203	8436.81055	0.15332	11340	1	0.51046	0.11823	1	0.49661	0.27253	1	0.50353	0.19538	1	0.47916	0.53309	12.43640	1.06647	1	0.74197	0.55664	12.89803	1.06647	1	-0.00513	-0.00955	0.68451	0.00242	1	0.06323	-0.01402	0.68224	0.00433	1	1.45898	0.81042	0	
1250875	8436.97168	3305169308065	0.49466	0.25176	8436.81055	0.16113	11340	1	0.50028	0.10678	1	0.47795	0.38353	1	0.48912	0.24515	1	0.47910	0.53325	11.88110	1.06647	1	0.74172	0.55809	13.17239	1.06647	1	-0.00513	-0.00955	0.68451	0.00244	1	0.06323	-0.01402	0.68224	0.00403	1	1.45898	0.81042	0	
1250876	8436.97754	3305169374793	0.49443	0.25119	8436.81055	0.16699	11340	1	0.49918	0.09762	1	0.47831	0.37656	1	0.48874	0.23709	1	0.47957	0.53561	12.03438	1.07555	1	0.74183	0.55742	12.93540	1.07555	1	-0.00521	-0.00974	0.70228	0.00372	1	0.06323	-0.01402	0.68224	0.00441	1	1.45898	0.81042	0	
1250877	8436.98438	3305169439056	0.49473	0.25348	8436.81055	0.17383	11340	1	0.52477	0.27933	1	0.48027	0.34670	1	0.50252	0.31302	1	0.47940	0.53517	11.96008	1.08464	1	0.74173	0.55825	13.36648	1.08464	1	-0.00521	-0.00974	0.70228	0.00392	1	0.06323	-0.01402	0.68224	0.00407	1	1.45898	0.81042	0	
1250878	8436.99121	3305169504804	0.49377	0.25113	8436.81055	0.18066	11340	1	0.47504	0.10314	1	0.46041	0.27206	1	0.46772	0.18760	1	0.47910	0.53325	11.88542	1.09372	1	0.74180	0.55755	12.84804	1.09372	1	-0.00521	-0.00974	0.70228	0.00244	1	0.06323	-0.01402	0.68224	0.00445	1	1.45898	0.81042	0	
1250879	8436.99707	3305169569812	0.49287	0.24905	8436.81055	0.18652	11340	1	0.47504	0.10314	1	0.46023	0.27856	1	0.46763	0.19085	1	0.47924	0.53342	12.27993	1.09372	1	0.74166	0.55770	12.79379	1.08606	1	-0.00506	-0.00961	0.68899	0.00239	1	0.06097	-0.01351	0.65732	0.00433	1	1.45898	0.81042	0	
1250880	8437.00488	3305169641262	0.49229	0.24758	8436.81055	0.19434	11340	1	0.49077	0.13441	1	0.46024	0.27528	1	0.47550	0.20484	1	0.47934	0.53338	12.55286	1.07698	1	0.74214	0.55740	12.58664	1.06932	1	-0.00506	-0.00961	0.68899	0.00243	1	0.06097	-0.01351	0.65732	0.00441	1	1.45898	0.81042	0	
1250881	8437.01074	3305169706456	0.49202	0.25012	8436.81055	0.20020	11340	1	0.51611	0.33560	1	0.45157	0.31732	1	0.48384	0.32646	1	0.47955	0.53551	12.23665	1.06023	1	0.74203	0.55772	12.65640	1.05257	1	-0.00506	-0.00961	0.68899	0.00379	1	0.06097	-0.01351	0.65732	0.00430	1	1.45898	0.81042	0	
1250882	8437.01855	3305169778507	0.49179	0.25284	8436.81055	0.20801	11340	1	0.51798	0.34894	1	0.45142	0.32493	1	0.48470	0.33694	1	0.47943	0.53575	12.37960	1.04349	1	0.74241	0.55754	11.95525	1.04349	1	-0.00506	-0.00961	0.68899	0.00371	1	0.06378	-0.01412	0.68706	0.00432	1	1.45898	0.81042	0	
1250883	8437.02539	3305169844568	0.49168	0.25551	8436.81055	0.21484	11340	1	0.52489	0.36479	1	0.45191	0.31718	1	0.48840	0.34099	1	0.47964	0.53561	12.58200	1.04349	1	0.74203	0.55764	13.07488	1.05115	1	-0.00506	-0.00961	0.68899	0.00375	1	0.06378	-0.01412	0.68706	0.00435	1	1.45898	0.81042	0	
1250884	8437.03125	3305169911271	0.49148	0.25504	8436.81055	0.22070	11340	1	0.49869	0.14081	1	0.47062	0.33832	1	0.48466	0.23956	1	0.47945	0.53339	12.31171	1.05115	1	0.74229	0.55793	12.49125	1.05881	1	-0.00506	-0.00961	0.68899	0.00249	1	0.06378	-0.01412	0.68706	0.00421	1	1.45898	0.81042	0	
1250885	8437.03809	3305169978447	0.49127	0.25440	8436.81055	0.22754	11340	1	0.49773	0.13322	1	0.47088	0.33208	1	0.48430	0.23265	1	0.47956	0.53332	12.38334	1.05881	1	0.74223	0.55810	12.64506	1.06647	1	-0.00493	-0.00932	0.67141	0.00252	1	0.06378	-0.01412	0.68706	0.00425	1	1.45898	0.81042	0	
1250886	8437.04492	3305170045078	0.49144	0.25627	8436.81055	0.23438	11340	1	0.50656	0.29432	1	0.48830	0.34898	1	0.49743	0.32165	1	0.47945	0.53498	11.81021	1.06647	1	0.74270	0.55814	12.81846	1.06647	1	-0.00493	-0.00932	0.67141	0.00371	1	0.06378	-0.01412	0.68706	0.00404	1	1.45898	0.81042	0	
1250887	8437.05176	3305170112120	0.49151	0.25735	8436.81055	0.24121	11340	1	0.51409	0.24851	1	0.47375	0.34439	1	0.49392	0.29645	1	0.47959	0.53498	12.05031	1.06647	1	0.74238	0.55812	12.27891	1.06647	1	-0.00493	-0.00932	0.67141	0.00371	1	0.06378	-0.01412	0.68706	0.00406	1	1.45898	0.81042	0	
1250888	8437.05859	3305170178369	0.49157	0.25846	8436.81055	0.24805	11340	1	0.51409	0.24851	1	0.47347	0.35054	1	0.49378	0.29953	1	0.47963	0.53515	12.01476	1.06647	1	0.74245	0.55779	12.18711	1.05881	1	-0.00493	-0.00932	0.67141	0.00385	1	0.06038	-0.01336	0.64997	0.00419	1	1.45898	0.81042	0	
1250889	8437.06543	3305170246073	0.49169	0.26027	8436.81055	0.25488	11340	1	0.50744	0.30194	1	0.48523	0.35585	1	0.49634	0.32889	1	0.47947	0.53528	11.89487	1.05881	1	0.74259	0.55800	12.26842	1.05115	1	-0.00493	-0.00932	0.67141	0.00382	1	0.06038	-0.01336	0.64997	0.00409	1	1.45898	0.81042	0	
1250890	8437.07227	3305170313369	0.48657	0.28766	8436.81055	0.25488	11340	0	0.50450	0.27888	1	0.47208	0.38732	1	0.48829	0.33310	1	0.47950	0.53497	11.79818	1.05115	1	0.74244	0.55826	12.37571	1.04349	1	-0.00493	-0.00932	0.67141	0.00369	1	0.06038	-0.01336	0.64997	0.00408	1	1.45898	0.81042	0	
1250891	8437.07812	3305170380685	0.48759	0.31351	8436.81055	0.25488	11340	0	0.50543	0.28545	1	0.47181	0.39329	1	0.48862	0.33937	1	0.47977	0.53476	11.02848	1.04349	1	0.74273	0.55808	13.00374	1.03583	1	-0.00493	-0.00932	0.67141	0.00382	1	0.06038	-0.01336	0.64997	0.00411	1	1.45898	0.81042	0	
1250892	8437.08496	3305170447125	0.49644	0.31729	8436.81055	0.25488	11340	0	0.53163	0.30521	1	0.49664	0.34447	1	0.51414	0.32484	1	0.47985	0.53496	11.21957	1.03583	1	0.74277	0.55789	12.89451	1.03583	1	-0.00493	-0.00932	0.67141	0.00372	1	0.06038	-0.01336	0.64997	0.00405	1	1.45898	0.81042	0	
1250893	8437.09180	3305170512333	0.50080	0.31475	8437.07227	0.01953	11341	1	0.53919	0.30418	1	0.48855	0.31009	1	0.51387	0.30714	1	0.47988	0.53514	11.32020	1.03583	1	0.74262	0.55794	12.89801	1.03583	1	-0.00493	-0.00932	0.67141	0.00367	1	0.06038	-0.01336	0.64997	0.00403	1	1.45898	0.81042	0	
1250894	8437.09863	3305170581514	0.50341	0.31102	8437.07227	0.02637	11341	1	0.53832	0.29651	1	0.48939	0.29566	1	0.51386	0.29608	1	0.47952	0.53523	11.92648	1.04491	1	0.74272	0.55664	12.74702	1.05257	1	-0.00508	-0.00970	0.69897	0.00385	1	0.06297	-0.01392	0.67728	0.00442	1	1.45898	0.81042	0	
1250895	8437.10547	3305170647815	0.50261	0.29303	8437.07227	0.03320	11341	1	0.50547	0.15855	1	0.49177	0.24758	1	0.49862	0.20307	1	0.47980	0.53335	12.46974	1.06166	1	0.74268	0.55740	12.91064	1.06932	1	-0.00508	-0.00970	0.69897	0.00253	1	0.06297	-0.01392	0.67728	0.00426	1	1.45898	0.81042	0	
1250896	8437.11230	3305170715368	0.49731	0.27777	8437.07227	0.04004	11341	1	0.47973	0.09196	1	0.45133	0.28057	1	0.46553	0.18626	1	0.47986	0.53340	12.17813	1.07840	1	0.74282	0.55806	13.14008	1.08606	1	-0.00508	-0.00970	0.69897	0.00248	1	0.06297	-0.01392	0.67728	0.00420	1	1.45898	0.81042	0	
1250897	8437.11914	3305170782601	0.49328	0.26545	8437.07227	0.04688	11341	1	0.47868	0.08420	1	0.45144	0.27409	1	0.46506	0.17915	1	0.48185	0.53691	12.46671	1.08606	1	0.74501	0.55931	13.17035	1.09372	1	-0.00454	-0.00953	0.67259	0.00363	1	0.06339	-0.01420	0.67850	0.00394	1	1.45898	0.81042	0	
1250898	8437.12500	3305170849234	0.50046	0.27357	8437.07227	0.05273	11341	1	0.57382	0.32884	1	0.54197	0.34829	1	0.55790	0.33857	1	0.48280	0.53714	11.65347	1.08464	1	0.74506	0.55968	12.93207	1.08464	1	-0.00454	-0.00953	0.67259	0.00376	1	0.06339	-0.01420	0.67850	0.00410	1	1.45898	0.81042	0	
1250899	8437.13184	3305170916282	0.50015	0.27041	8437.07227	0.05957	11341	1	0.48519	0.09671	1	0.50954	0.38723	1	0.49737	0.24197	1	0.48280	0.53494	11.76100	1.07555	1	0.74536	0.56007	12.66330	1.07555	1	-0.00454	-0.00953	0.67259	0.00249	1	0.06339	-0.01420	0.67850	0.00417	1	1.45898	0.81042	0	
1250900	8437.13867	3305170982925	0.49997	0.26977	8437.07227	0.06641	11341	1	0.48841	0.12119	1	0.50791	0.40563	1	0.49816	0.26341	1	0.48635	0.53831	11.62318	1.05132	1	0.74885	0.56109	12.19425	1.05132	1	-0.00370	-0.00941	0.64983	0.00355	1	0.06485	-0.01462	0.68858	0.00420	1	1.45898	0.81042	0	
1250901	8437.14551	3305171051084	0.51332	0.28417	8437.07227	0.07324	11341	1	0.68622	0.38473	1	0.63400	0.50029	1	0.66011	0.44251	1	0.48691	0.53866	11.93106	1.03618	1	0.74909	0.56175	12.49776	1.03618	1	-0.00370	-0.00941	0.64983	0.00378	1	0.06485	-0.01462	0.68858	0.00389	1	1.45898	0.81042	0	
1250902	8437.15234	3305171114273	0.52461	0.29908	8437.07227	0.08008	11341	1	0.69020	0.41984	1	0.63016	0.53615	1	0.66018	0.47799	1	0.48706	0.53881	11.75255	1.02104	1	0.74906	0.56204	12.48939	1.02104	1	-0.00370	-0.00941	0.64983	0.00371	1	0.06485	-0.01462	0.68858	0.00399	1	1.45898	0.81042	0	
1250903	8437.15820	3305171181453	0.53418	0.31244	8437.07227	0.08594	11341	1	0.68993	0.42574	1	0.62724	0.54653	1	0.65858	0.48613	1	0.48813	0.53977	12.46290	1.01302	1	0.75014	0.56295	13.12057	1.00536	1	-0.00361	-0.00959	0.65878	0.00365	1	0.06175	-0.01403	0.65418	0.00393	1	1.45898	0.81042	0	
1250904	8437.16504	3305171248756	0.54682	0.32811	8437.07227	0.09277	11341	1	0.76546	0.53494	1	0.68196	0.56019	1	0.72371	0.54757	1	0.48815	0.53974	12.45168	1.01249	1	0.74995	0.56228	13.30080	1.00483	1	-0.00361	-0.00959	0.65878	0.00369	1	0.06175	-0.01403	0.65418	0.00392	1	1.45898	0.81042	0	
1250905	8437.17285	3305171319016	0.55717	0.34134	8437.07227	0.10059	11341	1	0.74457	0.48356	1	0.68048	0.59594	1	0.71253	0.53975	1	0.48794	0.53970	11.96090	1.01195	1	0.74999	0.56280	13.18581	1.00429	1	-0.00361	-0.00959	0.65878	0.00368	1	0.06175	-0.01403	0.65418	0.00387	1	1.45898	0.81042	0	
1250906	8437.17871	3305171381903	0.59259	0.37034	8437.07227	0.10059	11341	0	0.74453	0.48392	1	0.68218	0.59155	1	0.71335	0.53774	1	0.48805	0.53993	11.68310	1.01142	1	0.75005	0.56309	13.24899	1.01142	1	-0.00361	-0.00959	0.65878	0.00360	1	0.06424	-0.01459	0.68000	0.00374	1	1.45898	0.81042	0	
1250907	8437.18555	3305171449231	0.65556	0.47103	8437.07227	0.10059	11341	0	0.73915	0.49301	1	0.69791	0.65043	1	0.71853	0.57172	1	0.48776	0.53959	12.11550	1.01142	1	0.75024	0.56326	13.11734	1.01908	1	-0.00361	-0.00959	0.65878	0.00361	1	0.06424	-0.01459	0.68000	0.00398	1	1.45898	0.81042	0	
1250908	8437.19238	3305171516389	0.67724	0.50348	8437.07227	0.10059	11341	0	0.73888	0.49592	1	0.70231	0.64084	1	0.72060	0.56838	1	0.48775	0.53969	12.17480	1.01908	1	0.75028	0.56325	13.07794	1.02674	1	-0.00361	-0.00959	0.65878	0.00357	1	0.06424	-0.01459	0.68000	0.00400	1	1.45898	0.81042	0	
1250909	8437.19824	3305171582183	0.72001	0.56865	8437.07227	0.10059	11341	0	0.73948	0.49085	1	0.70231	0.64084	1	0.72090	0.56585	1	0.48781	0.53977	12.33092	1.02674	1	0.74996	0.56273	12.57977	1.02674	1	-0.00361	-0.00959	0.65878	0.00360	1	0.06221	-0.01409	0.65901	0.00390	1	1.45898	0.81042	0	
1250910	8437.20508	3305171649981	0.72125	0.56986	8437.07227	0.10059	11341	0	0.75081	0.53870	1	0.69417	0.60345	1	0.72249	0.57108	1	0.48777	0.53993	12.37539	1.02674	1	0.75019	0.56285	13.37558	1.01908	1	-0.00361	-0.00959	0.65878	0.00361	1	0.06221	-0.01409	0.65901	0.00388	1	1.45898	0.81042	0	
1250911	8437.21289	3305171720183	0.71940	0.56933	8437.07227	0.10059	11341	0	0.74369	0.51100	1	0.68770	0.62553	1	0.71570	0.56827	1	0.48773	0.53955	12.28476	1.01908	1	0.75009	0.56307	12.95817	1.01142	1	-0.00361	-0.00959	0.65878	0.00353	1	0.06221	-0.01409	0.65901	0.00391	1	1.45898	0.81042	0	
1250912	8437.21875	3305171786913	0.71872	0.56845	8437.19824	0.02051	11342	1	0.74372	0.51077	1	0.68966	0.62086	1	0.71669	0.56582	1	0.48776	0.53940	12.14206	1.01944	1	0.74999	0.56293	13.31421	1.01944	1	-0.00376	-0.00986	0.67736	0.00361	1	0.06424	-0.01454	0.68000	0.00381	1	1.45898	0.81042	0	
1250913	8437.22559	3305171853653	0.71963	0.56642	8437.19824	0.02734	11342	1	0.74962	0.50626	1	0.69690	0.61029	1	0.72326	0.55828	1	0.48787	0.53956	12.21140	1.02745	1	0.75012	0.56301	13.19836	1.03511	1	-0.00376	-0.00986	0.67736	0.00366	1	0.06424	-0.01454	0.68000	0.00384	1	1.45898	0.81042	0	
1250914	8437.23242	3305171921085	0.71840	0.56103	8437.19824	0.03418	11342	1	0.73452	0.46622	1	0.68996	0.60193	1	0.71224	0.53408	1	0.48766	0.53910	12.18704	1.04313	1	0.74992	0.56250	12.88200	1.05079	1	-0.00376	-0.00986	0.67736	0.00356	1	0.06424	-0.01454	0.68000	0.00376	1	1.45898	0.81042	0	
1250915	8437.23926	3305171986878	0.71773	0.55609	8437.19824	0.04102	11342	1	0.73565	0.45566	1	0.69185	0.59725	1	0.71375	0.52645	1	0.48769	0.53931	12.47621	1.05881	1	0.75012	0.56238	12.93803	1.05881	1	-0.00382	-0.00996	0.68777	0.00364	1	0.06212	-0.01399	0.65696	0.00375	1	1.45898	0.81042	0	
1250916	8437.24609	3305172055060	0.71810	0.55222	8437.19824	0.04785	11342	1	0.74704	0.45579	1	0.69429	0.59445	1	0.72067	0.52512	1	0.48786	0.53922	12.11499	1.05881	1	0.75002	0.56239	13.02141	1.05115	1	-0.00382	-0.00996	0.68777	0.00363	1	0.06212	-0.01399	0.65696	0.00387	1	1.45898	0.81042	0	
1250917	8437.25293	3305172122705	0.71877	0.54805	8437.19824	0.05469	11342	1	0.73600	0.46411	1	0.71225	0.56533	1	0.72412	0.51472	1	0.48767	0.53922	12.36969	1.05115	1	0.75038	0.56224	13.27778	1.04349	1	-0.00382	-0.00996	0.68777	0.00352	1	0.06212	-0.01399	0.65696	0.00364	1	1.45898	0.81042	0	
1250918	8437.25977	3305172188950	0.71918	0.54521	8437.19824	0.06152	11342	1	0.73544	0.46925	1	0.71027	0.57011	1	0.72285	0.51968	1	0.48778	0.53921	12.18293	1.04349	1	0.75029	0.56265	13.16834	1.03583	1	-0.00382	-0.00996	0.68777	0.00354	1	0.06212	-0.01399	0.65696	0.00382	1	1.45898	0.81042	0	
1250919	8437.26562	3305172255472	0.71907	0.54612	8437.19824	0.06738	11342	1	0.73475	0.46827	1	0.70120	0.64210	1	0.71798	0.55518	1	0.48765	0.53911	12.45468	1.03583	1	0.75020	0.56269	13.66339	1.03583	1	-0.00382	-0.00996	0.68777	0.00355	1	0.06212	-0.01399	0.65696	0.00375	1	1.45898	0.81042	0	
1250920	8437.27246	3305172321741	0.71887	0.54507	8437.19824	0.07422	11342	1	0.74517	0.47127	1	0.68823	0.59578	1	0.71670	0.53352	1	0.48786	0.53922	12.11499	1.03583	1	0.75002	0.56230	13.03768	1.03583	1	-0.00382	-0.00996	0.68777	0.00363	1	0.06212	-0.01399	0.65696	0.00382	1	1.45898	0.81042	0	
1250921	8437.27930	3305172389801	0.71870	0.54418	8437.19824	0.08105	11342	1	0.74517	0.47127	1	0.68823	0.59578	1	0.71670	0.53352	1	0.48765	0.53902	12.27718	1.03583	1	0.75009	0.56271	13.03272	1.03583	1	-0.00382	-0.00996	0.68777	0.00357	1	0.06212	-0.01399	0.65696	0.00380	1	1.45898	0.81042	0	
1250922	8437.28613	3305172456547	0.71835	0.54443	8437.19824	0.08789	11342	1	0.73626	0.46723	1	0.69116	0.62804	1	0.71371	0.54763	1	0.48768	0.53903	12.22369	1.03583	1	0.75010	0.56266	13.68422	1.03583	1	-0.00382	-0.00996	0.68777	0.00358	1	0.06212	-0.01399	0.65696	0.00376	1	1.45898	0.81042	0	
1250923	8437.29297	3305172524005	0.71843	0.54292	8437.19824	0.09473	11342	1	0.74843	0.44855	1	0.69062	0.59496	1	0.71953	0.52175	1	0.48788	0.53890	12.72537	1.03583	1	0.75006	0.56234	13.74497	1.03583	1	-0.00382	-0.00996	0.68777	0.00358	1	0.06212	-0.01399	0.65696	0.00373	1	1.45898	0.81042	0	
1250924	8437.29980	3305172591409	0.71850	0.54159	8437.19824	0.10156	11342	1	0.74843	0.44855	1	0.69062	0.59496	1	0.71953	0.52175	1	0.48768	0.53902	12.34248	1.03583	1	0.75048	0.56231	13.48834	1.03583	1	-0.00382	-0.00996	0.68777	0.00368	1	0.06219	-0.01401	0.65772	0.00368	1	1.45898	0.81042	0	
1250925	8437.30664	3305172658090	0.71794	0.54042	8437.19824	0.10840	11342	1	0.73689	0.45774	1	0.68139	0.58550	1	0.70914	0.52162	1	0.48768	0.53902	12.34248	1.03583	1	0.75028	0.56223	12.86573	1.03583	1	-0.00382	-0.00996	0.68777	0.00369	1	0.06219	-0.01401	0.65772	0.00381	1	1.45898	0.81042	0	
1250926	8437.31250	3305172724697	0.71710	0.53794	8437.19824	0.11426	11342	1	0.73999	0.43443	1	0.66557	0.55729	1	0.70278	0.49586	1	0.48783	0.53874	11.97500	1.03583	1	0.75000	0.56235	13.93513	1.03583	1	-0.00382	-0.00996	0.68777	0.00389	1	0.06219	-0.01401	0.65772	0.00382	1	1.45898	0.81042	0	
1250927	8437.31934	3305172790640	0.71633	0.53588	8437.19824	0.12109	11342	1	0.73938	0.44011	1	0.66549	0.55752	1	0.70244	0.49882	1	0.48773	0.53850	11.64291	1.02781	1	0.75049	0.56225	12.90187	1.03547	1	-0.00358	-0.00947	0.65444	0.00378	1	0.06649	-0.01497	0.70259	0.00394	1	1.45898	0.81042	0	
1250928	8437.32617	3305172859185	0.71515	0.53527	8437.19824	0.12793	11342	1	0.72063	0.46535	1	0.66474	0.58175	1	0.69268	0.52355	1	0.48787	0.53837	12.09091	1.02745	1	0.75039	0.56230	13.24570	1.03511	1	-0.00358	-0.00947	0.65444	0.00382	1	0.06649	-0.01497	0.70259	0.00388	1	1.45898	0.81042	0	
1250929	8437.33301	3305172923796	0.71425	0.53308	8437.19824	0.13477	11342	1	0.72771	0.40708	1	0.66484	0.57162	1	0.69628	0.48935	1	0.48795	0.53828	12.17253	1.02710	1	0.75041	0.56219	12.71008	1.03476	1	-0.00358	-0.00947	0.65444	0.00385	1	0.06649	-0.01497	0.70259	0.00396	1	1.45898	0.81042	0	
1250930	8437.33984	3305172992974	0.71343	0.53110	8437.19824	0.14160	11342	1	0.72769	0.40734	1	0.66477	0.57184	1	0.69623	0.48959	1	0.48790	0.53884	12.35021	1.02674	1	0.75043	0.56226	12.84499	1.03440	1	-0.00361	-0.00949	0.65878	0.00357	1	0.06486	-0.01455	0.68546	0.00398	1	1.45898	0.81042	0	
1250931	8437.34668	3305173058011	0.71328	0.52865	8437.19824	0.14844	11342	1	0.73702	0.38550	1	0.68313	0.56378	1	0.71007	0.47464	1	0.48821	0.53821	11.78160	1.03440	1	0.75071	0.56202	12.95494	1.03440	1	-0.00361	-0.00949	0.65878	0.00376	1	0.06486	-0.01455	0.68546	0.00390	1	1.45898	0.81042	0	
1250932	8437.35254	3305173124102	0.71286	0.52778	8437.19824	0.15430	11342	1	0.74078	0.43056	1	0.66517	0.58493	1	0.70297	0.50775	1	0.48822	0.53830	11.83173	1.03440	1	0.75038	0.56231	13.53960	1.03440	1	-0.00361	-0.00949	0.65878	0.00374	1	0.06486	-0.01455	0.68546	0.00378	1	1.45898	0.81042	0	
1250933	8437.35938	3305173191361	0.71247	0.52686	8437.19824	0.16113	11342	1	0.74139	0.42484	1	0.66524	0.58472	1	0.70332	0.50478	1	0.48828	0.53864	12.29135	1.04242	1	0.75065	0.56243	13.80498	1.03476	1	-0.00368	-0.00976	0.68150	0.00369	1	0.06192	-0.01398	0.65382	0.00379	1	1.45898	0.81042	0	
1250934	8437.36621	3305173260499	0.71282	0.52562	8437.19824	0.16797	11342	1	0.75785	0.44098	1	0.68488	0.54834	1	0.72136	0.49466	1	0.48844	0.53844	12.14842	1.04277	1	0.75071	0.56240	13.34285	1.03511	1	-0.00368	-0.00976	0.68150	0.00381	1	0.06192	-0.01398	0.65382	0.00375	1	1.45898	0.81042	0	
1250935	8437.37305	3305173324635	0.71316	0.52525	8437.19824	0.17480	11342	1	0.76433	0.47468	1	0.67996	0.55685	1	0.72215	0.51577	1	0.48843	0.53865	12.26746	1.04313	1	0.75069	0.56244	13.50786	1.03547	1	-0.00368	-0.00976	0.68150	0.00371	1	0.06192	-0.01398	0.65382	0.00375	1	1.45898	0.81042	0	
1250936	8437.37988	3305173390871	0.71344	0.52509	8437.19824	0.18164	11342	1	0.76358	0.47978	1	0.67819	0.56172	1	0.72089	0.52075	1	0.48830	0.53857	12.63196	1.03547	1	0.75069	0.56247	13.73264	1.02781	1	-0.00348	-0.00936	0.65333	0.00362	1	0.06223	-0.01400	0.65710	0.00375	1	1.45898	0.81042	0	
1250937	8437.38672	3305173458546	0.71314	0.52501	8437.19824	0.18848	11342	1	0.73149	0.47607	1	0.67831	0.56905	1	0.70490	0.52256	1	0.48841	0.53851	12.31980	1.01979	1	0.75072	0.56249	13.55569	1.01979	1	-0.00348	-0.00936	0.65333	0.00376	1	0.06223	-0.01400	0.65710	0.00380	1	1.45898	0.81042	0	
1250938	8437.39258	3305173525715	0.71263	0.52494	8437.19824	0.19434	11342	1	0.72209	0.46124	1	0.67371	0.58496	1	0.69790	0.52310	1	0.48834	0.53838	12.29093	1.01178	1	0.75066	0.56257	13.56166	1.01178	1	-0.00348	-0.00936	0.65333	0.00383	1	0.06223	-0.01400	0.65710	0.00390	1	1.45898	0.81042	0	
1250939	8437.39941	3305173591436	0.71216	0.52488	8437.19824	0.20117	11342	1	0.72209	0.46124	1	0.67371	0.58496	1	0.69790	0.52310	1	0.48847	0.53826	11.88659	1.01178	1	0.75139	0.56209	13.06784	1.01178	1	-0.00353	-0.00962	0.67175	0.00391	1	0.06260	-0.01416	0.66003	0.00389	1	1.45898	0.81042	0	
1250940	8437.40625	3305173660802	0.71256	0.52444	8437.19824	0.20801	11342	1	0.73640	0.43120	1	0.71385	0.59040	1	0.72512	0.51080	1	0.48850	0.53807	11.90447	1.01979	1	0.75127	0.56257	13.28567	1.01979	1	-0.00353	-0.00962	0.67175	0.00406	1	0.06260	-0.01416	0.66003	0.00366	1	1.45898	0.81042	0	
1250941	8437.41309	3305173729872	0.71256	0.52325	8437.19824	0.21484	11342	1	0.73217	0.43943	1	0.69270	0.53080	1	0.71244	0.48511	1	0.48848	0.53799	11.99284	1.02781	1	0.75127	0.56218	13.00450	1.02781	1	-0.00353	-0.00962	0.67175	0.00409	1	0.06260	-0.01416	0.66003	0.00367	1	1.45898	0.81042	0	
1250942	8437.41992	3305173796504	0.71262	0.52189	8437.19824	0.22168	11342	1	0.73274	0.43373	1	0.69652	0.52033	1	0.71463	0.47703	1	0.48863	0.53822	11.61267	1.03583	1	0.75137	0.56265	12.77634	1.04349	1	-0.00359	-0.00974	0.68343	0.00403	1	0.06421	-0.01451	0.67644	0.00389	1	1.45898	0.81042	0	
1250943	8437.42676	3305173863601	0.71282	0.52073	8437.19824	0.22852	11342	1	0.73933	0.43697	1	0.70008	0.52540	1	0.71971	0.48118	1	0.48852	0.53824	11.74530	1.04349	1	0.75126	0.56223	12.55571	1.05115	1	-0.00359	-0.00974	0.68343	0.00394	1	0.06421	-0.01451	0.67644	0.00382	1	1.45898	0.81042	0	
1250944	8437.43359	3305173927526	0.71285	0.52068	8437.19824	0.23535	11342	1	0.74801	0.46408	1	0.67965	0.57420	1	0.71383	0.51914	1	0.48867	0.53860	11.48269	1.05115	1	0.75134	0.56264	12.69168	1.05881	1	-0.00359	-0.00974	0.68343	0.00392	1	0.06421	-0.01451	0.67644	0.00389	1	1.45898	0.81042	0	
1250945	8437.43945	3305173993603	0.71291	0.52051	8437.19824	0.24121	11342	1	0.74864	0.45894	1	0.68137	0.56956	1	0.71501	0.51425	1	0.48862	0.53872	11.58154	1.05881	1	0.75137	0.56253	12.86018	1.06647	1	-0.00353	-0.00962	0.67175	0.00385	1	0.06421	-0.01451	0.67644	0.00390	1	1.45898	0.81042	0	
1250946	8437.44727	3305174063917	0.71296	0.51997	8437.19824	0.24902	11342	1	0.74893	0.47721	1	0.68049	0.52244	1	0.71471	0.49983	1	0.48856	0.53885	11.84559	1.06647	1	0.75122	0.56216	12.57267	1.06647	1	-0.00353	-0.00962	0.67175	0.00379	1	0.06421	-0.01451	0.67644	0.00389	1	1.45898	0.81042	0	
1250947	8437.45312	3305174131212	0.71294	0.52055	8437.19824	0.25488	11342	1	0.74581	0.47968	1	0.67848	0.60587	1	0.71215	0.54278	1	0.48856	0.53885	11.84559	1.06647	1	0.75126	0.56315	12.57378	1.06647	1	-0.00353	-0.00962	0.67175	0.00379	1	0.06421	-0.01451	0.67644	0.00423	1	1.45898	0.81042	0	
1250948	8437.45996	3305174198418	0.71289	0.52123	8437.19824	0.26172	11342	1	0.74517	0.48486	1	0.67669	0.61045	1	0.71093	0.54765	1	0.48856	0.53885	11.84559	1.05845	1	0.75106	0.56282	12.41568	1.05845	1	-0.00343	-0.00949	0.66270	0.00379	1	0.06421	-0.01451	0.67644	0.00401	1	1.45898	0.81042	0	
1250949	8437.46680	3305174265453	0.71278	0.52158	8437.19824	0.26855	11342	1	0.74114	0.48312	1	0.67610	0.58786	1	0.70862	0.53549	1	0.48851	0.53890	11.93304	1.05043	1	0.75129	0.56294	12.65224	1.05043	1	-0.00343	-0.00949	0.66270	0.00375	1	0.06421	-0.01451	0.67644	0.00398	1	1.45898	0.81042	0	
1250950	8437.47363	3305174330344	0.71279	0.52281	8437.19824	0.27539	11342	1	0.75258	0.51481	1	0.67340	0.63195	1	0.71299	0.57338	1	0.48868	0.53927	11.57727	1.04242	1	0.75132	0.56330	12.72119	1.04242	1	-0.00343	-0.00949	0.66270	0.00379	1	0.06421	-0.01451	0.67644	0.00421	1	1.45898	0.81042	0	
1250951	8437.48047	3305174399590	0.71279	0.52399	8437.19824	0.28223	11342	1	0.75258	0.51481	1	0.67340	0.63195	1	0.71299	0.57338	1	0.48862	0.53905	11.46435	1.04242	1	0.75133	0.56325	12.61474	1.04242	1	-0.00359	-0.00984	0.68343	0.00377	1	0.06421	-0.01456	0.67644	0.00418	1	1.45898	0.81042	0	
1250952	8437.48730	3305174466314	0.71284	0.52507	8437.19824	0.28906	11342	1	0.75222	0.50337	1	0.67718	0.63956	1	0.71470	0.57146	1	0.48871	0.53907	11.46820	1.05043	1	0.75136	0.56348	12.35608	1.05043	1	-0.00359	-0.00984	0.68343	0.00387	1	0.06421	-0.01456	0.67644	0.00409	1	1.45898	0.81042	0	
1250953	8437.49414	3305174533280	0.71273	0.52605	8437.19824	0.29590	11342	1	0.74461	0.48930	1	0.67142	0.64952	1	0.70801	0.56941	1	0.48859	0.53907	11.70159	1.05845	1	0.75123	0.56358	12.00493	1.05845	1	-0.00359	-0.00984	0.68343	0.00365	1	0.06421	-0.01456	0.67644	0.00401	1	1.45898	0.81042	0	
1250954	8437.50098	3305174600261	0.71265	0.52689	8437.19824	0.30273	11342	1	0.74525	0.48415	1	0.67316	0.64525	1	0.70921	0.56470	1	0.48868	0.53916	11.56368	1.06647	1	0.75133	0.56327	12.26134	1.06647	1	-0.00353	-0.00972	0.67174	0.00368	1	0.06421	-0.01456	0.67644	0.00384	1	1.45898	0.81042	0	
1250955	8437.50684	3305174665349	0.71274	0.52697	8437.19824	0.30859	11342	1	0.75505	0.48854	1	0.67871	0.57301	1	0.71688	0.53077	1	0.48867	0.53904	11.51506	1.06647	1	0.75128	0.56336	12.47916	1.06647	1	-0.00353	-0.00972	0.67174	0.00368	1	0.06421	-0.01456	0.67644	0.00393	1	1.45898	0.81042	0	
1250956	8437.51367	3305174734249	0.71280	0.52681	8437.19824	0.31543	11342	1	0.75500	0.47368	1	0.67610	0.56443	1	0.71555	0.51905	1	0.48865	0.53892	11.44081	1.06647	1	0.75129	0.56322	12.16997	1.06647	1	-0.00353	-0.00972	0.67174	0.00373	1	0.06421	-0.01456	0.67644	0.00397	1	1.45898	0.81042	0	
1250957	8437.52051	3305174801132	0.71271	0.52578	8437.19824	0.32227	11342	1	0.75500	0.47368	1	0.67610	0.56443	1	0.71555	0.51905	1	0.48872	0.53947	11.57417	1.06647	1	0.75111	0.56298	11.74034	1.06647	1	-0.00353	-0.00972	0.67174	0.00369	1	0.06421	-0.01456	0.67644	0.00395	1	1.45898	0.81042	0	
1250958	8437.52734	3305174868373	0.71291	0.52487	8437.19824	0.32910	11342	1	0.76147	0.48229	1	0.70327	0.57264	1	0.73237	0.52747	1	0.48880	0.53934	11.41490	1.06647	1	0.75129	0.56330	12.15630	1.06647	1	-0.00353	-0.00972	0.67174	0.00373	1	0.06421	-0.01456	0.67644	0.00396	1	1.45898	0.81042	0	
1250959	8437.53418	3305174935358	0.71290	0.52370	8437.19824	0.33594	11342	1	0.74112	0.44178	1	0.68869	0.58251	1	0.71490	0.51215	1	0.48857	0.53924	11.47661	1.06647	1	0.75109	0.56332	11.82133	1.06647	1	-0.00353	-0.00972	0.67174	0.00350	1	0.06421	-0.01456	0.67644	0.00396	1	1.45898	0.81042	0	
1250960	8437.54102	3305175002318	0.71286	0.52258	8437.19824	0.34277	11342	1	0.74112	0.44178	1	0.68869	0.58251	1	0.71490	0.51215	1	0.48872	0.53951	11.43837	1.06647	1	0.75129	0.56330	12.15630	1.06647	1	-0.00353	-0.00972	0.67174	0.00352	1	0.06421	-0.01456	0.67644	0.00396	1	1.45898	0.81042	0	
1250961	8437.54785	3305175069035	0.71289	0.52179	8437.19824	0.34961	11342	1	0.74540	0.45354	1	0.70394	0.58746	1	0.72467	0.52050	1	0.48861	0.53920	11.53294	1.06647	1	0.75130	0.56341	12.36145	1.06647	1	-0.00353	-0.00972	0.67174	0.00357	1	0.06421	-0.01456	0.67644	0.00395	1	1.45898	0.81042	0	
1250962	8437.55371	3305175135917	0.71301	0.52164	8437.19824	0.35547	11342	1	0.73037	0.48309	1	0.70535	0.57088	1	0.71786	0.52699	1	0.48872	0.53931	11.36769	1.06647	1	0.75136	0.56331	12.02180	1.06647	1	-0.00353	-0.00972	0.67174	0.00365	1	0.06421	-0.01456	0.67644	0.00399	1	1.45898	0.81042	0	
1250963	8437.56055	3305175200037	0.71309	0.52166	8437.19824	0.36230	11342	1	0.73037	0.48309	1	0.70535	0.57088	1	0.71786	0.52699	1	0.48868	0.53942	11.18763	1.06647	1	0.75114	0.56323	11.70550	1.06647	1	-0.00353	-0.00972	0.67174	0.00351	1	0.06421	-0.01456	0.67644	0.00383	1	1.45898	0.81042	0	
1250964	8437.56738	3305175267956	0.71326	0.52135	8437.19824	0.36914	11342	1	0.75600	0.46783	1	0.70171	0.55308	1	0.72886	0.51046	1	0.48868	0.53947	11.21736	1.06647	1	0.75135	0.56309	11.97853	1.06647	1	-0.00353	-0.00972	0.67174	0.00352	1	0.06421	-0.01456	0.67644	0.00399	1	1.45898	0.81042	0	
1250965	8437.57324	3305175332265	0.71323	0.52141	8437.19824	0.37500	11342	1	0.74902	0.46322	1	0.69603	0.57231	1	0.72253	0.51776	1	0.48863	0.53943	11.25759	1.06647	1	0.75114	0.56327	11.74868	1.06647	1	-0.00353	-0.00972	0.67174	0.00347	1	0.06421	-0.01456	0.67644	0.00383	1	1.45898	0.81042	0	
1250966	8437.58105	3305175404086	0.71322	0.52137	8437.19824	0.38281	11342	1	0.74902	0.46322	1	0.69603	0.57231	1	0.72253	0.51776	1	0.48864	0.53949	11.20181	1.06647	1	0.75126	0.56335	11.80258	1.06647	1	-0.00353	-0.00972	0.67174	0.00346	1	0.06421	-0.01456	0.67644	0.00385	1	1.45898	0.81042	0	
1250967	8437.58789	3305175471134	0.71344	0.52063	8437.19824	0.38965	11342	1	0.74931	0.47562	1	0.70798	0.56349	1	0.72865	0.51956	1	0.48860	0.53945	11.37864	1.06647	1	0.75134	0.56314	11.63070	1.06647	1	-0.00353	-0.00972	0.67174	0.00344	1	0.06421	-0.01456	0.67644	0.00402	1	1.45898	0.81042	0	
1250968	8437.59375	3305175537185	0.71355	0.52058	8437.19824	0.39551	11342	1	0.74930	0.49057	1	0.69442	0.57125	1	0.72186	0.53091	1	0.48863	0.53949	11.12506	1.06647	1	0.75120	0.56323	11.97619	1.06647	1	-0.00353	-0.00972	0.67174	0.00350	1	0.06421	-0.01456	0.67644	0.00388	1	1.45898	0.81042	0	
1250969	8437.60059	3305175605069	0.71361	0.52072	8437.19824	0.40234	11342	1	0.74803	0.50021	1	0.69083	0.58040	1	0.71943	0.54030	1	0.48867	0.53897	11.07237	1.05132	1	0.75127	0.56396	11.61272	1.05132	1	-0.00330	-0.00937	0.64738	0.00383	1	0.06421	-0.01456	0.67644	0.00396	1	1.45898	0.81042	0	
1250970	8437.60742	3305175672086	0.71403	0.51799	8437.19824	0.40918	11342	1	0.71183	0.47117	1	0.75562	0.36208	1	0.73373	0.41662	1	0.48852	0.53914	11.36192	1.03618	1	0.75255	0.56072	10.59135	1.03618	1	-0.00330	-0.00937	0.64738	0.00355	1	0.06421	-0.01456	0.67644	0.00247	1	1.45898	0.81042	0	
1250971	8437.61426	3305175737862	0.71346	0.51863	8437.19824	0.41602	11342	1	0.72527	0.49935	1	0.65973	0.60560	1	0.69250	0.55248	1	0.48869	0.53918	11.17930	1.02104	1	0.75120	0.56344	11.92701	1.02104	1	-0.00330	-0.00937	0.64738	0.00380	1	0.06421	-0.01456	0.67644	0.00402	1	1.45898	0.81042	0	
1250972	8437.62109	3305175804847	0.71286	0.51947	8437.19824	0.42285	11342	1	0.72427	0.50930	1	0.65647	0.61461	1	0.69037	0.56195	1	0.48883	0.53916	10.86625	1.00589	1	0.75141	0.56437	12.03850	1.00589	1	-0.00329	-0.00939	0.64508	0.00361	1	0.06421	-0.01456	0.67644	0.00400	1	1.45898	0.81042	0	
1250973	8437.62793	3305175872895	0.71258	0.52110	8437.19824	0.42969	11342	1	0.71990	0.48469	1	0.67189	0.71501	1	0.69590	0.59985	1	0.48867	0.53899	10.99633	1.00589	1	0.75144	0.56445	11.82612	1.00589	1	-0.00329	-0.00939	0.64508	0.00358	1	0.06421	-0.01456	0.67644	0.00405	1	1.45898	0.81042	0	
1250974	8437.63477	3305175940880	0.71322	0.52013	8437.19824	0.43652	11342	1	0.73435	0.51541	1	0.73270	0.38352	1	0.73353	0.44947	1	0.48882	0.53936	10.72941	1.00589	1	0.75238	0.56072	10.80806	1.00589	1	-0.00329	-0.00939	0.64508	0.00343	1	0.06421	-0.01456	0.67644	0.00246	1	1.45898	0.81042	0	
1250975	8437.64062	3305176004103	0.71389	0.51899	8437.19824	0.44238	11342	1	0.73489	0.51078	1	0.73474	0.37757	1	0.73482	0.44417	1	0.48897	0.53948	10.85469	1.01302	1	0.75253	0.56071	10.70140	1.01302	1	-0.00326	-0.00939	0.64850	0.00349	1	0.06421	-0.01456	0.67644	0.00243	1	1.45898	0.81042	0	
1250976	8437.64746	3305176070822	0.71492	0.51694	8437.19824	0.44922	11342	1	0.74297	0.45386	1	0.74107	0.39663	1	0.74202	0.42525	1	0.48906	0.53879	10.77448	1.02015	1	0.75256	0.56080	10.80250	1.02015	1	-0.00326	-0.00939	0.64850	0.00384	1	0.06421	-0.01456	0.67644	0.00238	1	1.45898	0.81042	0	
1250977	8437.65430	3305176138478	0.71597	0.51576	8437.19824	0.45605	11342	1	0.74996	0.50877	1	0.74325	0.35667	1	0.74660	0.43272	1	0.48909	0.53951	10.76579	1.02727	1	0.75248	0.56059	10.77541	1.02727	1	-0.00326	-0.00939	0.64850	0.00362	1	0.06421	-0.01456	0.67644	0.00249	1	1.45898	0.81042	0	
1250978	8437.66113	3305176208665	0.71706	0.51441	8437.19824	0.46289	11342	1	0.75129	0.49903	1	0.74542	0.35035	1	0.74835	0.42469	1	0.48917	0.53926	10.81144	1.04242	1	0.75136	0.56337	11.54826	1.03476	1	-0.00338	-0.00988	0.68221	0.00344	1	0.06160	-0.01396	0.64841	0.00394	1	1.45898	0.81042	0	
1250979	8437.66797	3305176275276	0.71715	0.51587	8437.19824	0.46973	11342	1	0.75881	0.48159	1	0.67039	0.60788	1	0.71460	0.54474	1	0.48923	0.53945	10.40396	1.04277	1	0.75126	0.56348	11.43425	1.03511	1	-0.00338	-0.00988	0.68221	0.00379	1	0.06160	-0.01396	0.64841	0.00381	1	1.45898	0.81042	0	
1250980	8437.67480	3305176338867	0.72471	0.48490	8437.19824	0.46973	11342	0	0.72896	0.48864	1	0.76032	0.36439	1	0.74464	0.42651	1	0.48911	0.53931	10.29124	1.04313	1	0.75268	0.56079	10.41581	1.03547	1	-0.00338	-0.00988	0.68221	0.00372	1	0.06160	-0.01396	0.64841	0.00249	1	1.45898	0.81042	0	
1250981	8437.68066	3305176404664	0.73471	0.45557	8437.19824	0.46973	11342	0	0.72899	0.48841	1	0.76043	0.36409	1	0.74471	0.42625	1	0.48909	0.53932	10.38294	1.04349	1	0.75278	0.56073	10.21537	1.03583	1	-0.00338	-0.00988	0.68221	0.00368	1	0.06160	-0.01401	0.64840	0.00249	1	1.45898	0.81042	0	
1250982	8437.68750	3305176473187	0.72253	0.47682	8437.19824	0.46973	11342	0	0.72044	0.42192	1	0.67591	0.61673	1	0.69817	0.51933	1	0.48904	0.53910	10.19989	1.03583	1	0.75130	0.56360	11.37639	1.03583	1	-0.00338	-0.00988	0.68221	0.00365	1	0.06160	-0.01401	0.64840	0.00379	1	1.45898	0.81042	0	
1250983	8437.69434	3305176539542	0.72881	0.45486	8437.67480	0.01953	11343	1	0.73098	0.45640	1	0.76431	0.32152	1	0.74764	0.38896	1	0.48917	0.53929	10.39892	1.03583	1	0.75278	0.56097	10.78204	1.03583	1	-0.00338	-0.00988	0.68221	0.00378	1	0.06160	-0.01401	0.64840	0.00238	1	1.45898	0.81042	0	
1250984	8437.70117	3305176609145	0.73257	0.44168	8437.67480	0.02637	11343	1	0.73098	0.45640	1	0.76431	0.32152	1	0.74764	0.38896	1	0.48903	0.53910	10.43546	1.03583	1	0.75279	0.56088	10.50260	1.03583	1	-0.00338	-0.00988	0.68221	0.00373	1	0.06160	-0.01401	0.64840	0.00233	1	1.45898	0.81042	0	
1250985	8437.70801	3305176676859	0.73350	0.43010	8437.67480	0.03320	11343	1	0.71910	0.43263	1	0.75715	0.31172	1	0.73813	0.37218	1	0.48904	0.53927	10.53330	1.03583	1	0.75269	0.56079	10.48903	1.03583	1	-0.00338	-0.00988	0.68221	0.00355	1	0.06160	-0.01401	0.64840	0.00236	1	1.45898	0.81042	0	
1250986	8437.71484	3305176743297	0.73402	0.43248	8437.67480	0.04004	11343	1	0.72314	0.51539	1	0.75109	0.37818	1	0.73712	0.44678	1	0.48902	0.54000	10.70647	1.03583	1	0.75260	0.56091	10.48562	1.03583	1	-0.00338	-0.00988	0.68221	0.00350	1	0.06160	-0.01401	0.64840	0.00243	1	1.45898	0.81042	0	
1250987	8437.72070	3305176806825	0.73440	0.43427	8437.67480	0.04590	11343	1	0.72314	0.51539	1	0.75109	0.37818	1	0.73712	0.44678	1	0.48902	0.54000	10.70647	1.03583	1	0.75139	0.56412	11.39386	1.03583	1	-0.00338	-0.00988	0.68221	0.00351	1	0.06160	-0.01405	0.64840	0.00373	1	1.45898	0.81042	0	
1250988	8437.72852	3305176877804	0.73579	0.43349	8437.67480	0.05371	11343	1	0.72226	0.51900	1	0.77142	0.33563	1	0.74684	0.42732	1	0.48899	0.54005	10.71644	1.03583	1	0.75279	0.56088	10.50260	1.03583	1	-0.00338	-0.00988	0.68221	0.00350	1	0.06160	-0.01405	0.64840	0.00233	1	1.45898	0.81042	0	
1250989	8437.73535	3305176944217	0.73672	0.43220	8437.67480	0.06055	11343	1	0.72578	0.50774	1	0.76443	0.33331	1	0.74510	0.42053	1	0.48905	0.54001	10.51847	1.03583	1	0.75277	0.56097	10.71348	1.03583	1	-0.00338	-0.00988	0.68221	0.00357	1	0.06160	-0.01405	0.64840	0.00242	1	1.45898	0.81042	0	
1250990	8437.74121	3305177010099	0.73748	0.43114	8437.67480	0.06641	11343	1	0.72578	0.50774	1	0.76443	0.33331	1	0.74510	0.42053	1	0.48936	0.54013	10.99497	1.03583	1	0.75284	0.56080	10.25325	1.03583	1	-0.00335	-0.00984	0.67616	0.00361	1	0.06357	-0.01443	0.66815	0.00245	1	1.45898	0.81042	0	
1250991	8437.74805	3305177076356	0.73878	0.42946	8437.67480	0.07324	11343	1	0.74424	0.50419	1	0.76197	0.31783	1	0.75311	0.41101	1	0.48933	0.54014	10.60701	1.03583	1	0.75270	0.56083	10.41152	1.03583	1	-0.00335	-0.00984	0.67616	0.00356	1	0.06357	-0.01443	0.66815	0.00241	1	1.45898	0.81042	0	
1250992	8437.75488	3305177145975	0.73947	0.42716	8437.67480	0.08008	11343	1	0.73610	0.47718	1	0.75946	0.32202	1	0.74778	0.39960	1	0.48922	0.53966	10.33138	1.03583	1	0.75277	0.56083	10.36624	1.03583	1	-0.00335	-0.00984	0.67616	0.00364	1	0.06357	-0.01443	0.66815	0.00247	1	1.45898	0.81042	0	
1250993	8437.76172	3305177208994	0.74015	0.42495	8437.67480	0.08691	11343	1	0.73610	0.47718	1	0.76178	0.31532	1	0.74894	0.39625	1	0.48962	0.54017	10.82288	1.03583	1	0.75302	0.56103	10.20213	1.04349	1	-0.00335	-0.00984	0.67616	0.00378	1	0.06377	-0.01446	0.66965	0.00231	1	1.45898	0.81042	0	
1250994	8437.76855	3305177276033	0.74123	0.42537	8437.67480	0.09375	11343	1	0.74206	0.48079	1	0.77047	0.38170	1	0.75627	0.43124	1	0.48934	0.53968	10.80084	1.04349	1	0.75288	0.56093	10.01577	1.05115	1	-0.00335	-0.00984	0.67616	0.00368	1	0.06377	-0.01446	0.66965	0.00247	1	1.45898	0.81042	0	
1250995	8437.77441	3305177343053	0.74255	0.42584	8437.67480	0.09961	11343	1	0.73388	0.50154	1	0.79098	0.36407	1	0.76243	0.43281	1	0.48913	0.53947	10.30887	1.05115	1	0.75313	0.56098	10.12248	1.05881	1	-0.00335	-0.00984	0.67616	0.00365	1	0.06377	-0.01446	0.66965	0.00248	1	1.45898	0.81042	0	
1250996	8437.78125	3305177408755	0.74381	0.42592	8437.67480	0.10645	11343	1	0.73442	0.49667	1	0.79347	0.35781	1	0.76395	0.42724	1	0.48946	0.53974	10.81004	1.05881	1	0.75318	0.56100	10.38196	1.06647	1	-0.00338	-0.00988	0.68221	0.00364	1	0.06380	-0.01450	0.67107	0.00241	1	1.45898	0.81042	0	
1250997	8437.78809	3305177477688	0.74464	0.42575	8437.67480	0.11328	11343	1	0.73179	0.54231	1	0.78559	0.30332	1	0.75869	0.42281	1	0.48943	0.54012	10.13208	1.06647	1	0.75294	0.56094	10.13037	1.06647	1	-0.00338	-0.00988	0.68221	0.00365	1	0.06380	-0.01450	0.67107	0.00244	1	1.45898	0.81042	0	
1250998	8437.79492	3305177544710	0.74554	0.42563	8437.67480	0.12012	11343	1	0.73504	0.47725	1	0.78848	0.36961	1	0.76176	0.42343	1	0.48951	0.53952	10.88568	1.06647	1	0.75296	0.56109	10.30415	1.06647	1	-0.00338	-0.00988	0.68221	0.00356	1	0.06380	-0.01450	0.67107	0.00238	1	1.45898	0.81042	0	
1250999	8437.80176	3305177611958	0.74629	0.42567	8437.67480	0.12695	11343	1	0.73504	0.47725	1	0.78603	0.37578	1	0.76054	0.42651	1	0.48962	0.53979	10.80502	1.06647	1	0.75317	0.56094	9.92079	1.05881	1	-0.00338	-0.00988	0.68221	0.00367	1	0.06357	-0.01443	0.66815	0.00232	1	1.45898	0.81042	0	
1251000	8437.80859	3305177681952	0.74731	0.42653	8437.67480	0.13379	11343	1	0.74456	0.50285	1	0.79090	0.38476	1	0.76773	0.44381	1	0.48965	0.53958	10.92114	1.05881	1	0.75304	0.56106	10.22401	1.05115	1	-0.00338	-0.00988	0.68221	0.00383	1	0.06357	-0.01443	0.66815	0.00228	1	1.45898	0.81042	0	
1251001	8437.81543	3305177748976	0.74767	0.42636	8437.67480	0.14062	11343	1	0.74099	0.48212	1	0.76958	0.36344	1	0.75528	0.42278	1	0.48969	0.53944	10.68088	1.05115	1	0.75295	0.56083	9.86787	1.04349	1	-0.00338	-0.00988	0.68221	0.00393	1	0.06357	-0.01443	0.66815	0.00248	1	1.45898	0.81042	0	
1251002	8437.82227	3305177815485	0.74792	0.42657	8437.67480	0.14746	11343	1	0.73977	0.49237	1	0.76709	0.37007	1	0.75343	0.43122	1	0.48964	0.53929	10.68321	1.03547	1	0.75312	0.56069	9.92559	1.03547	1	-0.00325	-0.00965	0.66661	0.00383	1	0.06377	-0.01446	0.66965	0.00246	1	1.45898	0.81042	0	
1251003	8437.82812	3305177880720	0.74828	0.42747	8437.67480	0.15332	11343	1	0.73575	0.52929	1	0.77714	0.36666	1	0.75644	0.44797	1	0.48964	0.53926	10.58076	1.02745	1	0.75306	0.56075	10.07464	1.03511	1	-0.00325	-0.00965	0.66661	0.00377	1	0.06377	-0.01446	0.66965	0.00252	1	1.45898	0.81042	0	
1251004	8437.83496	3305177949476	0.74892	0.42888	8437.67480	0.16016	11343	1	0.74295	0.55273	1	0.78560	0.37265	1	0.76427	0.46269	1	0.48962	0.53939	10.73798	1.02710	1	0.75307	0.56073	10.07211	1.03476	1	-0.00325	-0.00965	0.66661	0.00379	1	0.06377	-0.01446	0.66965	0.00248	1	1.45898	0.81042	0	
1251005	8437.84180	3305178016420	0.74957	0.42997	8437.67480	0.16699	11343	1	0.74358	0.54812	1	0.78811	0.36632	1	0.76585	0.45722	1	0.48953	0.53909	10.80071	1.03476	1	0.75306	0.56083	10.30126	1.04242	1	-0.00338	-0.00988	0.68221	0.00373	1	0.06377	-0.01446	0.66965	0.00249	1	1.45898	0.81042	0	
1251006	8437.84863	3305178083397	0.75013	0.43057	8437.67480	0.17383	11343	1	0.74256	0.53592	1	0.78715	0.35680	1	0.76485	0.44636	1	0.48966	0.53954	10.72810	1.05043	1	0.75315	0.56083	9.79706	1.05043	1	-0.00338	-0.00988	0.68221	0.00387	1	0.06377	-0.01446	0.66965	0.00258	1	1.45898	0.81042	0	
1251007	8437.85547	3305178150104	0.75060	0.43088	8437.67480	0.18066	11343	1	0.74190	0.51697	1	0.78428	0.36118	1	0.76309	0.43907	1	0.48964	0.53938	10.73849	1.05845	1	0.75306	0.56083	10.30126	1.05845	1	-0.00338	-0.00988	0.68221	0.00385	1	0.06377	-0.01446	0.66965	0.00249	1	1.45898	0.81042	0	
1251008	8437.86230	3305178217835	0.75104	0.43107	8437.67480	0.18750	11343	1	0.74253	0.51202	1	0.78439	0.36089	1	0.76346	0.43645	1	0.48948	0.53973	11.22442	1.06647	1	0.75307	0.56087	10.33255	1.05881	1	-0.00338	-0.00988	0.68221	0.00368	1	0.06191	-0.01401	0.65065	0.00246	1	1.45898	0.81042	0	
1251009	8437.86914	3305178282275	0.75116	0.43094	8437.67480	0.19434	11343	1	0.73649	0.50924	1	0.77261	0.34491	1	0.75455	0.42708	1	0.48954	0.53973	10.67273	1.05881	1	0.75285	0.56069	10.07630	1.05115	1	-0.00338	-0.00988	0.68221	0.00366	1	0.06191	-0.01401	0.65065	0.00241	1	1.45898	0.81042	0	
1251010	8437.87598	3305178351396	0.75142	0.43102	8437.67480	0.20117	11343	1	0.73483	0.48800	1	0.78387	0.37920	1	0.75935	0.43360	1	0.48961	0.53902	10.59181	1.05115	1	0.75308	0.56086	10.20175	1.04349	1	-0.00338	-0.00988	0.68221	0.00388	1	0.06191	-0.01401	0.65065	0.00234	1	1.45898	0.81042	0	
1251011	8437.88281	3305178419095	0.75162	0.43128	8437.67480	0.20801	11343	1	0.73428	0.49297	1	0.78139	0.38543	1	0.75784	0.43920	1	0.48959	0.53916	10.74010	1.04349	1	0.75299	0.56081	9.97740	1.03583	1	-0.00338	-0.00988	0.68221	0.00383	1	0.06191	-0.01401	0.65065	0.00229	1	1.45898	0.81042	0	
1251012	8437.88867	3305178485391	0.75158	0.43059	8437.67480	0.21387	11343	1	0.72506	0.47303	1	0.77509	0.34450	1	0.75007	0.40876	1	0.48951	0.53866	10.84014	1.03583	1	0.75296	0.56065	10.07618	1.03583	1	-0.00338	-0.00988	0.68221	0.00397	1	0.06191	-0.01401	0.65065	0.00239	1	1.45898	0.81042	0	
1251013	8437.89551	3305178551934	0.75161	0.43125	8437.67480	0.22070	11343	1	0.73067	0.55045	1	0.77483	0.35525	1	0.75275	0.45285	1	0.48945	0.53943	10.90262	1.03583	1	0.75285	0.56063	9.98239	1.03583	1	-0.00338	-0.00988	0.68221	0.00365	1	0.06191	-0.01401	0.65065	0.00237	1	1.45898	0.81042	0	
1251014	8437.90234	3305178619305	0.75227	0.42908	8437.67480	0.22754	11343	1	0.73067	0.55045	0	0.77483	0.35525	1	0.77483	0.35525	1	0.48945	0.53943	10.90262	1.03583	0	0.75278	0.56061	9.80084	1.03583	1	-0.00338	-0.00988	0.68221	0.00365	1	0.06160	-0.01396	0.64841	0.00237	1	1.45898	0.81042	0	
1251015	8437.90918	3305178685231	0.75227	0.42908	8437.67480	0.23438	11343	1	0.73067	0.55045	0	0.77483	0.35525	0	0.77483	0.35525	0	0.48945	0.53943	10.90262	1.03583	0	0.75278	0.56061	9.80084	1.03583	0	-0.00338	-0.00988	0.68221	0.00365	1	0.06160	-0.01396	0.64841	0.00237	1	1.45898	0.81042	0	
1251016	8437.91602	3305178752827	0.75227	0.42908	8437.67480	0.24121	11343	1	0.73067	0.55045	0	0.77483	0.35525	0	0.77483	0.35525	0	0.48945	0.53943	10.90262	1.03583	0	0.75278	0.56061	9.80084	1.03583	0	-0.00338	-0.00988	0.68221	0.00365	1	0.06160	-0.01396	0.64841	0.00237	1	1.45898	0.81042	0	
1251017	8437.92285	3305178820032	0.75227	0.42908	8437.67480	0.24805	11343	1	0.73067	0.55045	0	0.77483	0.35525	0	0.77483	0.35525	0	0.48945	0.53943	10.90262	1.03583	0	0.75278	0.56061	9.80084	1.03583	0	-0.00338	-0.00988	0.68221	0.00365	1	0.06160	-0.01396	0.64841	0.00237	1	1.45898	0.81042	0	
1251018	8437.92969	3305178887148	0.76061	0.43387	8437.67480	0.24805	11343	0	0.73067	0.55045	0	0.77483	0.35525	0	0.77483	0.35525	0	0.48945	0.53943	10.90262	1.03583	0	0.75278	0.56061	9.80084	1.03583	0	-0.00338	-0.00988	0.68221	0.00365	1	0.06160	-0.01396	0.64841	0.00237	1	1.45898	0.81042	0	
1251019	8437.93555	3305178953919	0.76061	0.43387	8437.67480	0.24805	11343	0	0.73067	0.55045	0	0.77483	0.35525	0	0.77483	0.35525	0	0.48945	0.53943	10.90262	1.03583	0	0.75278	0.56061	9.80084	1.03583	0	-0.00338	-0.00988	0.68221	0.00365	1	0.06160	-0.01396	0.64841	0.00237	1	1.45898	0.81042	0	
1251020	8437.94238	3305179021571	0.76061	0.43387	8437.67480	0.24805	11343	0	0.73067	0.55045	0	0.77483	0.35525	0	0.77483	0.35525	0	0.48945	0.53943	10.90262	1.03583	0	0.75278	0.56061	9.80084	1.03583	0	-0.00338	-0.00988	0.68221	0.00365	1	0.06160	-0.01396	0.64841	0.00237	1	1.45898	0.81042	0	
1251021	8437.94922	3305179088243	0.00000	0.00000	8437.67480	0.24805	11343	0	0.73067	0.55045	0	0.77483	0.35525	0	0.77483	0.35525	0	0.48945	0.53943	10.90262	1.03583	0	0.75278	0.56061	9.80084	1.03583	0	-0.00338	-0.00988	0.68221	0.00365	1	0.06160	-0.01396	0.64841	0.00237	1	1.45898	0.81042	0	
1251022	8437.95605	3305179153571	0.00000	0.00000	8437.67480	0.24805	11343	0	0.73067	0.55045	0	0.77483	0.35525	0	0.77483	0.35525	0	0.48945	0.53943	10.90262	1.03583	0	0.75278	0.56061	9.80084	1.03583	0	-0.00338	-0.00988	0.68221	0.00365	1	0.06160	-0.01396	0.64841	0.00237	1	1.45898	0.81042	0	
1251023	8437.96191	3305179217673	0.00000	0.00000	8437.67480	0.24805	11343	0	0.73067	0.55045	0	0.77483	0.35525	0	0.77483	0.35525	0	0.48945	0.53943	10.90262	1.03583	0	0.75278	0.56061	9.80084	1.03583	0	-0.00338	-0.00988	0.68221	0.00365	1	0.06160	-0.01396	0.64841	0.00237	1	1.45898	0.81042	0	
1251024	8437.96973	3305179288827	0.74996	0.40146	8437.67480	0.24805	11343	0	0.74964	0.44577	1	0.75029	0.35715	1	0.74996	0.40146	1	0.48912	0.53864	10.23636	1.03583	1	0.75239	0.56076	10.34868	1.03583	1	-0.00338	-0.00988	0.68221	0.00360	1	0.06160	-0.01396	0.64841	0.00225	1	1.45898	0.81042	0	
1251025	8437.97559	3305179354960	0.75273	0.42700	8437.67480	0.24805	11343	0	0.73757	0.54172	1	0.77343	0.36338	1	0.75550	0.45255	1	0.48882	0.53940	10.71466	1.03583	1	0.75244	0.56081	10.36945	1.03583	1	-0.00338	-0.00988	0.68221	0.00347	1	0.06160	-0.01396	0.64841	0.00226	1	1.45898	0.81042	0	
1251026	8437.98242	3305179423113	0.75306	0.43809	8437.67480	0.24805	11343	0	0.73639	0.55091	1	0.77107	0.36962	1	0.75373	0.46026	1	0.48881	0.53883	10.63587	1.02069	1	0.75236	0.56073	10.10669	1.02834	1	-0.00330	-0.00937	0.64738	0.00359	1	0.06421	-0.01456	0.67644	0.00229	1	1.45898	0.81042	0	
1251027	8437.98926	3305179490163	0.75147	0.44405	8437.96973	0.01953	11344	1	0.72784	0.56028	1	0.76554	0.36357	1	0.74669	0.46192	1	0.48870	0.53946	10.91077	1.01320	1	0.75251	0.56064	10.27170	1.02086	1	-0.00330	-0.00937	0.64738	0.00339	1	0.06421	-0.01456	0.67644	0.00236	1	1.45898	0.81042	0	
1251028	8437.99609	3305179557045	0.75248	0.44812	8437.96973	0.02637	11344	1	0.73673	0.54419	1	0.77629	0.38467	1	0.75651	0.46443	1	0.48879	0.53965	10.80274	1.00572	1	0.75233	0.56072	9.95388	1.01338	1	-0.00330	-0.00937	0.64738	0.00360	1	0.06421	-0.01456	0.67644	0.00231	1	1.45898	0.81042	0	
1251029	8438.00293	3305179621623	0.75341	0.44991	8437.96973	0.03320	11344	1	0.73733	0.53942	1	0.77878	0.37830	1	0.75806	0.45886	1	0.48871	0.53964	10.58813	1.01338	1	0.75220	0.56082	9.82313	1.02104	1	-0.00353	-0.00972	0.67174	0.00361	1	0.06452	-0.01465	0.68071	0.00249	1	1.45898	0.81042	0	
1251030	8438.00977	3305179688494	0.75553	0.44928	8437.96973	0.04004	11344	1	0.75524	0.50998	1	0.78127	0.38091	1	0.76826	0.44544	1	0.48878	0.53964	10.89050	1.03618	1	0.75233	0.56077	10.05468	1.03618	1	-0.00353	-0.00972	0.67174	0.00363	1	0.06452	-0.01465	0.68071	0.00253	1	1.45898	0.81042	0	
1251031	8438.01660	3305179758101	0.75854	0.44762	8437.96973	0.04688	11344	1	0.75989	0.53211	1	0.79938	0.33996	1	0.77964	0.43603	1	0.48878	0.54003	10.80318	1.05132	1	0.75239	0.56071	9.86322	1.05132	1	-0.00353	-0.00972	0.67174	0.00367	1	0.06452	-0.01465	0.68071	0.00259	1	1.45898	0.81042	0	
1251032	8438.02246	3305179823812	0.76125	0.44511	8437.96973	0.05273	11344	1	0.76133	0.52293	1	0.80444	0.32713	1	0.78288	0.42503	1	0.48860	0.53904	10.53788	1.06647	1	0.75221	0.56080	10.03659	1.06647	1	-0.00353	-0.00972	0.67174	0.00374	1	0.06452	-0.01465	0.68071	0.00238	1	1.45898	0.81042	0	
1251033	8438.02930	3305179891975	0.76059	0.43963	8437.96973	0.05957	11344	1	0.72484	0.44600	1	0.78450	0.33465	1	0.75467	0.39033	1	0.48825	0.53899	10.05169	1.06647	1	0.75207	0.56068	10.11549	1.06647	1	-0.00353	-0.00972	0.67174	0.00351	1	0.06452	-0.01465	0.68071	0.00234	1	1.45898	0.81042	0	AUDIO_FILE_OFFSET
1251034	8438.03613	3305179958787	0.75997	0.43576	8437.96973	0.06641	11344	1	0.71886	0.44120	1	0.78864	0.35280	1	0.75375	0.39700	1	0.48823	0.53905	10.19118	1.06647	1	0.75222	0.56092	10.17098	1.06647	1	-0.00353	-0.00972	0.67174	0.00357	1	0.06452	-0.01465	0.68071	0.00235	1	1.45898	0.81042	0	
1251035	8438.04297	3305180025830	0.75935	0.43279	8437.96973	0.07324	11344	1	0.71886	0.44120	1	0.78618	0.35909	1	0.75252	0.40015	1	0.48826	0.53879	10.10949	1.06647	1	0.75200	0.56069	10.52752	1.05881	1	-0.00353	-0.00972	0.67174	0.00372	1	0.06192	-0.01407	0.65382	0.00232	1	1.45898	0.81042	0	
1251036	8438.04980	3305180092838	0.75970	0.42934	8437.96973	0.08008	11344	1	0.75260	0.42844	1	0.77518	0.34752	1	0.76389	0.38798	1	0.48840	0.53882	10.23738	1.05881	1	0.75196	0.56078	10.16499	1.05115	1	-0.00353	-0.00972	0.67174	0.00354	1	0.06192	-0.01407	0.65382	0.00237	1	1.45898	0.81042	0	
1251037	8438.05664	3305180159639	0.75967	0.42811	8437.96973	0.08691	11344	1	0.74563	0.46086	1	0.77291	0.36322	1	0.75927	0.41204	1	0.48819	0.53927	10.44440	1.05115	1	0.75215	0.56073	10.01600	1.04349	1	-0.00353	-0.00972	0.67174	0.00359	1	0.06192	-0.01407	0.65382	0.00231	1	1.45898	0.81042	0	
1251038	8438.06250	3305180224020	0.75954	0.42742	8437.96973	0.09277	11344	1	0.74502	0.46602	1	0.77051	0.36956	1	0.75776	0.41779	1	0.48806	0.53893	10.27876	1.04349	1	0.75175	0.56081	10.06299	1.03583	1	-0.00353	-0.00977	0.67175	0.00364	1	0.06192	-0.01407	0.65382	0.00233	1	1.45898	0.81042	0	
1251191	8439.08789	3305190474915	0.52426	0.65217	8439.03418	0.05371	11348	1	0.57802	0.62897	1	0.51791	0.65613	1	0.54797	0.64255	1	0.48008	0.54364	9.99370	1.10281	1	0.74265	0.56696	11.08660	1.09515	1	-0.00531	-0.01112	0.73038	0.00290	1	0.06038	-0.01448	0.64997	0.00303	1	1.45898	0.81042	0	START_TRIAL
1251192	8439.09473	3305190541928	0.52531	0.65221	8439.03418	0.06055	11348	1	0.56137	0.65119	1	0.50831	0.65399	1	0.53484	0.65259	1	0.48003	0.54373	10.05838	1.09515	1	0.74272	0.56695	11.09718	1.08749	1	-0.00531	-0.01112	0.73038	0.00289	1	0.06038	-0.01448	0.64997	0.00303	1	1.45898	0.81042	0	
1251193	8439.10156	3305190609326	0.52570	0.65124	8439.03418	0.06738	11348	1	0.55549	0.60559	1	0.50360	0.67733	1	0.52955	0.64146	1	0.48001	0.54370	9.96733	1.08749	1	0.74255	0.56693	11.05949	1.07983	1	-0.00531	-0.01112	0.73038	0.00295	1	0.06038	-0.01448	0.64997	0.00301	1	1.45898	0.81042	0	
1251194	8439.10840	3305190675915	0.52605	0.65097	8439.03418	0.07422	11348	1	0.55679	0.61441	1	0.50304	0.68175	1	0.52992	0.64808	1	0.48004	0.54380	10.01936	1.07074	1	0.74252	0.56693	11.15513	1.07074	1	-0.00499	-0.01039	0.67896	0.00294	1	0.06378	-0.01525	0.68706	0.00298	1	1.45898	0.81042	0	
1251195	8439.11523	3305190743005	0.52649	0.64986	8439.03418	0.08105	11348	1	0.56009	0.61937	1	0.50332	0.65364	1	0.53171	0.63651	1	0.48006	0.54362	10.19664	1.06166	1	0.74263	0.56690	11.19235	1.06932	1	-0.00499	-0.01039	0.67896	0.00303	1	0.06378	-0.01525	0.68706	0.00295	1	1.45898	0.81042	0	
1251196	8439.12109	3305190808973	0.52654	0.64999	8439.03418	0.08691	11348	1	0.55849	0.67026	1	0.49614	0.63313	1	0.52731	0.65170	1	0.47993	0.54372	9.90686	1.06023	1	0.74256	0.56647	10.79819	1.06789	1	-0.00499	-0.01039	0.67896	0.00302	1	0.06378	-0.01525	0.68706	0.00320	1	1.45898	0.81042	0	
1251197	8439.12793	3305190877895	0.52660	0.65042	8439.03418	0.09375	11348	1	0.55922	0.67478	1	0.49561	0.63817	1	0.52742	0.65647	1	0.47991	0.54310	9.12495	1.05079	1	0.74248	0.56661	11.23848	1.05845	1	-0.00494	-0.01018	0.66505	0.00320	1	0.06323	-0.01515	0.68224	0.00306	1	1.45898	0.81042	0	
1251198	8439.13477	3305190945065	0.52702	0.65057	8439.03418	0.10059	11348	1	0.58682	0.62485	1	0.47982	0.68065	1	0.53332	0.65275	1	0.48005	0.54328	9.61472	1.05043	1	0.74236	0.56669	11.52669	1.05043	1	-0.00494	-0.01018	0.66505	0.00303	1	0.06323	-0.01515	0.68224	0.00301	1	1.45898	0.81042	0	
1251199	8439.14160	3305191010369	0.52794	0.65151	8439.03418	0.10742	11348	1	0.58982	0.63992	1	0.49546	0.69336	1	0.54264	0.66664	1	0.48009	0.54346	9.90320	1.04242	1	0.74250	0.56655	11.38530	1.04242	1	-0.00494	-0.01018	0.66505	0.00297	1	0.06323	-0.01515	0.68224	0.00309	1	1.45898	0.81042	0	
1251200	8439.14844	3305191078660	0.52875	0.65246	8439.03418	0.11426	11348	1	0.58982	0.63992	1	0.49503	0.69710	1	0.54243	0.66851	1	0.47948	0.54314	9.86951	1.04242	1	0.74237	0.56652	11.12867	1.03476	1	-0.00506	-0.01028	0.67520	0.00291	1	0.06114	-0.01471	0.66023	0.00311	1	1.45898	0.81042	0	
1251201	8439.15527	3305191145926	0.52830	0.65303	8439.03418	0.12109	11348	1	0.54369	0.64962	1	0.49672	0.67705	1	0.52021	0.66334	1	0.47973	0.54361	10.24417	1.04277	1	0.74220	0.56686	10.78892	1.03511	1	-0.00506	-0.01028	0.67520	0.00297	1	0.06114	-0.01471	0.66023	0.00308	1	1.45898	0.81042	0	
1251202	8439.16211	3305191213308	0.52720	0.65479	8439.03418	0.12793	11348	1	0.55715	0.65967	1	0.45565	0.71694	1	0.50640	0.68830	1	0.47989	0.54347	10.00257	1.04313	1	0.74234	0.56682	10.60242	1.03547	1	-0.00506	-0.01028	0.67520	0.00305	1	0.06114	-0.01471	0.66023	0.00307	1	1.45898	0.81042	0	
1251203	8439.16797	3305191279571	0.52621	0.65638	8439.03418	0.13379	11348	1	0.55712	0.65949	1	0.45566	0.71677	1	0.50639	0.68813	1	0.48093	0.54354	10.29383	1.04349	1	0.74237	0.56717	11.43472	1.03583	1	-0.00484	-0.01023	0.67209	0.00296	1	0.06038	-0.01438	0.64997	0.00341	1	1.45898	0.81042	0	
1251204	8439.17480	3305191343066	0.52758	0.65723	8439.03418	0.14062	11348	1	0.60810	0.64360	1	0.50437	0.70648	1	0.55623	0.67504	1	0.48111	0.54330	9.79746	1.03583	1	0.74316	0.56668	11.66647	1.03583	1	-0.00484	-0.01023	0.67209	0.00312	1	0.06038	-0.01438	0.64997	0.00308	1	1.45898	0.81042	0	
1251205	8439.18164	3305191409285	0.52871	0.65884	8439.03418	0.14746	11348	1	0.59229	0.66480	1	0.51515	0.72393	1	0.55372	0.69436	1	0.48090	0.54364	10.68966	1.03583	1	0.74318	0.56674	12.07837	1.03583	1	-0.00484	-0.01023	0.67209	0.00292	1	0.06038	-0.01438	0.64997	0.00304	1	1.45898	0.81042	0	
1251206	8439.18848	3305191477904	0.52976	0.66014	8439.03418	0.15430	11348	1	0.59184	0.66031	1	0.51584	0.71972	1	0.55384	0.69001	1	0.48094	0.54345	10.01739	1.04491	1	0.74318	0.56668	11.62352	1.04491	1	-0.00531	-0.01112	0.73038	0.00301	1	0.06038	-0.01443	0.64997	0.00311	1	1.45898	0.81042	0	
1251207	8439.19531	3305191544340	0.53045	0.66027	8439.03418	0.16113	11348	1	0.59310	0.61528	1	0.50078	0.71118	1	0.54694	0.66323	1	0.48098	0.54350	10.29235	1.05400	1	0.74296	0.56670	11.38279	1.05400	1	-0.00531	-0.01112	0.73038	0.00299	1	0.06038	-0.01443	0.64997	0.00315	1	1.45898	0.81042	0	
1251208	8439.20117	3305191609083	0.53102	0.66065	8439.03418	0.16699	11348	1	0.59459	0.64790	1	0.49629	0.69265	1	0.54544	0.67028	1	0.48090	0.54348	10.01147	1.06309	1	0.74298	0.56674	10.91484	1.06309	1	-0.00531	-0.01112	0.73038	0.00301	1	0.06038	-0.01443	0.64997	0.00317	1	1.45898	0.81042	0	
1251209	8439.20801	3305191678798	0.53156	0.66115	8439.03418	0.17383	11348	1	0.59496	0.65189	1	0.49584	0.69650	1	0.54540	0.67419	1	0.48080	0.54343	10.36979	1.05507	1	0.74299	0.56650	11.70272	1.05507	1	-0.00477	-0.00999	0.65630	0.00304	1	0.06038	-0.01443	0.64997	0.00306	1	1.45898	0.81042	0	
1251210	8439.21484	3305191747356	0.53196	0.66218	8439.03418	0.18066	11348	1	0.59846	0.63830	1	0.48748	0.74150	1	0.54297	0.68990	1	0.48096	0.54323	10.25154	1.03797	1	0.74285	0.56651	11.69012	1.03797	1	-0.00477	-0.00999	0.65630	0.00311	1	0.06038	-0.01443	0.64997	0.00310	1	1.45898	0.81042	0	
1251211	8439.22168	3305191813962	0.53254	0.66276	8439.03418	0.18750	11348	1	0.59467	0.63926	1	0.50251	0.71893	1	0.54859	0.67909	1	0.48090	0.54331	10.65620	1.02086	1	0.74305	0.56645	11.29776	1.02086	1	-0.00477	-0.00999	0.65630	0.00304	1	0.06038	-0.01443	0.64997	0.00307	1	1.45898	0.81042	0	
1251212	8439.22852	3305191879092	0.53307	0.66359	8439.03418	0.19434	11348	1	0.59549	0.64826	1	0.50140	0.72703	1	0.54845	0.68765	1	0.48074	0.54315	10.32248	1.00376	1	0.74316	0.56640	11.36635	1.00376	1	-0.00483	-0.01006	0.66376	0.00301	1	0.06038	-0.01438	0.64997	0.00296	1	1.45898	0.81042	0	
1251213	8439.23535	3305191946211	0.53341	0.66458	8439.03418	0.20117	11348	1	0.58507	0.64000	1	0.50254	0.74818	1	0.54381	0.69409	1	0.48074	0.54315	10.32248	1.00376	1	0.74310	0.56644	11.40043	1.00376	1	-0.00483	-0.01006	0.66376	0.00301	1	0.06038	-0.01438	0.64997	0.00303	1	1.45898	0.81042	0	
1251214	8439.24219	3305192015611	0.53382	0.66558	8439.03418	0.20801	11348	1	0.59379	0.66501	1	0.49915	0.72825	1	0.54647	0.69663	1	0.48085	0.54312	10.48077	1.00376	1	0.74306	0.56646	11.68491	1.00376	1	-0.00483	-0.01006	0.66376	0.00297	1	0.06038	-0.01438	0.64997	0.00305	1	1.45898	0.81042	0	
1251215	8439.24902	3305192082894	0.53420	0.66652	8439.03418	0.21484	11348	1	0.59379	0.66501	1	0.49915	0.72825	1	0.54647	0.69663	1	0.48087	0.54314	10.51978	1.00376	1	0.74318	0.56661	11.85199	1.00376	1	-0.00483	-0.01006	0.66376	0.00297	1	0.06038	-0.01438	0.64997	0.00305	1	1.45898	0.81042	0	
1251216	8439.25586	3305192150179	0.53467	0.66711	8439.03418	0.22168	11348	1	0.59997	0.62025	1	0.50005	0.75316	1	0.55001	0.68671	1	0.48097	0.54292	10.46334	1.00376	1	0.74308	0.56652	11.65864	1.00376	1	-0.00483	-0.01006	0.66376	0.00318	1	0.06038	-0.01438	0.64997	0.00299	1	1.45898	0.81042	0	
1251217	8439.26172	3305192217003	0.53559	0.66859	8439.03418	0.22754	11348	1	0.61614	0.68909	1	0.51758	0.74852	1	0.56686	0.71880	1	0.48090	0.54319	10.71933	1.00376	1	0.74323	0.56646	11.74913	1.00376	1	-0.00483	-0.01006	0.66376	0.00308	1	0.06038	-0.01438	0.64997	0.00299	1	1.45898	0.81042	0	
1251218	8439.26855	3305192283930	0.53647	0.66994	8439.03418	0.23438	11348	1	0.61614	0.68909	1	0.51819	0.74505	1	0.56717	0.71707	1	0.48091	0.54337	10.60387	1.00376	1	0.74335	0.56636	11.36783	1.01142	1	-0.00483	-0.01006	0.66376	0.00303	1	0.06210	-0.01475	0.66902	0.00309	1	1.45898	0.81042	0	
1251219	8439.27539	3305192349645	0.55000	0.69350	8439.03418	0.23438	11348	0	0.62013	0.69999	1	0.47653	0.72183	1	0.54833	0.71091	1	0.48091	0.54337	10.60387	1.01142	1	0.74278	0.56627	11.43746	1.01908	1	-0.00483	-0.01006	0.66376	0.00303	1	0.06210	-0.01475	0.66902	0.00330	1	1.45898	0.81042	0	
1251220	8439.28223	3305192417897	0.55491	0.68576	8439.03418	0.23438	11348	0	0.62316	0.64799	1	0.49648	0.70805	1	0.55982	0.67802	1	0.48102	0.54332	10.45038	1.01908	1	0.74299	0.56619	11.58903	1.02674	1	-0.00483	-0.01006	0.66376	0.00311	1	0.06210	-0.01475	0.66902	0.00324	1	1.45898	0.81042	0	
1251221	8439.28906	3305192484512	0.55652	0.68252	8439.03418	0.23438	11348	0	0.62299	0.64403	1	0.49648	0.70805	1	0.55973	0.67604	1	0.48104	0.54351	11.00426	1.02674	1	0.74258	0.56647	11.66929	1.02674	1	-0.00483	-0.01006	0.66376	0.00303	1	0.06038	-0.01433	0.64997	0.00326	1	1.45898	0.81042	0	
1251222	8439.29590	3305192551923	0.55826	0.69066	8439.27539	0.02051	11349	1	0.62000	0.69783	1	0.50698	0.73236	1	0.56349	0.71509	1	0.48093	0.54359	10.99950	1.02674	1	0.74315	0.56648	11.14013	1.01908	1	-0.00483	-0.01006	0.66376	0.00299	1	0.06038	-0.01433	0.64997	0.00310	1	1.45898	0.81042	0	
1251223	8439.30273	3305192618598	0.55621	0.69452	8439.27539	0.02734	11349	1	0.59975	0.67688	1	0.49623	0.74302	1	0.54799	0.70995	1	0.48064	0.54320	10.12143	1.01908	1	0.74303	0.56658	11.48790	1.01142	1	-0.00483	-0.01006	0.66376	0.00315	1	0.06038	-0.01433	0.64997	0.00309	1	1.45898	0.81042	0	
1251224	8439.30957	3305192686093	0.55484	0.69706	8439.27539	0.03418	11349	1	0.59973	0.67671	1	0.49625	0.74285	1	0.54799	0.70978	1	0.48074	0.54290	10.08909	1.01944	1	0.74318	0.56650	11.30649	1.01178	1	-0.00499	-0.01029	0.67896	0.00308	1	0.06038	-0.01433	0.64997	0.00308	1	1.45898	0.81042	0	
1251225	8439.31543	3305192752135	0.55444	0.69899	8439.27539	0.04004	11349	1	0.60273	0.68639	1	0.50138	0.73469	1	0.55206	0.71054	1	0.48064	0.54320	10.12143	1.01980	1	0.74307	0.56651	11.34302	1.01980	1	-0.00499	-0.01029	0.67896	0.00315	1	0.06038	-0.01433	0.64997	0.00297	1	1.45898	0.81042	0	
1251226	8439.32227	3305192819564	0.55537	0.70070	8439.27539	0.04688	11349	1	0.61179	0.69299	1	0.51192	0.73241	1	0.56185	0.71270	1	0.48114	0.54338	10.94705	1.02781	1	0.74318	0.56641	11.22900	1.02781	1	-0.00499	-0.01029	0.67896	0.00304	1	0.06038	-0.01433	0.64997	0.00314	1	1.45898	0.81042	0	
1251227	8439.32910	3305192886309	0.55609	0.70203	8439.27539	0.05371	11349	1	0.61179	0.69299	1	0.51192	0.73241	1	0.56185	0.71270	1	0.48081	0.54312	10.37496	1.02781	1	0.74335	0.56627	11.31637	1.02781	1	-0.00483	-0.01006	0.66376	0.00301	1	0.06038	-0.01428	0.64997	0.00303	1	1.45898	0.81042	0	
1251228	8439.33594	3305192953158	0.55578	0.70058	8439.27539	0.06055	11349	1	0.60481	0.62889	1	0.50126	0.74600	1	0.55303	0.68744	1	0.48075	0.54348	10.49341	1.01980	1	0.74308	0.56654	11.15236	1.01980	1	-0.00483	-0.01006	0.66376	0.00286	1	0.06038	-0.01428	0.64997	0.00311	1	1.45898	0.81042	0	
1251229	8439.34277	3305193020923	0.55482	0.69879	8439.27539	0.06738	11349	1	0.60851	0.62656	1	0.48187	0.73540	1	0.54519	0.68098	1	0.48078	0.54307	10.31431	1.01178	1	0.74281	0.56635	11.45828	1.01178	1	-0.00483	-0.01006	0.66376	0.00301	1	0.06038	-0.01428	0.64997	0.00317	1	1.45898	0.81042	0	
1251230	8439.34961	3305193087208	0.55401	0.69764	8439.27539	0.07422	11349	1	0.60880	0.63091	1	0.48151	0.73909	1	0.54515	0.68500	1	0.48063	0.54301	10.12786	1.00376	1	0.74272	0.56639	11.69584	1.00376	1	-0.00483	-0.01006	0.66376	0.00316	1	0.06038	-0.01433	0.64997	0.00326	1	1.45898	0.81042	0	
1251231	8439.35547	3305193154035	0.55320	0.69908	8439.27539	0.08008	11349	1	0.58009	0.70118	1	0.50678	0.73150	1	0.54343	0.71634	1	0.48062	0.54312	10.12390	1.00376	1	0.74317	0.56640	11.60184	1.00376	1	-0.00483	-0.01006	0.66376	0.00309	1	0.06038	-0.01433	0.64997	0.00303	1	1.45898	0.81042	0	
1251232	8439.36230	3305193221632	0.55354	0.69861	8439.27539	0.08691	11349	1	0.57418	0.64679	1	0.54171	0.73816	1	0.55794	0.69247	1	0.48056	0.54306	9.91857	1.00376	1	0.74375	0.56631	11.53015	1.00376	1	-0.00483	-0.01006	0.66376	0.00317	1	0.06038	-0.01433	0.64997	0.00305	1	1.45898	0.81042	0	
1251233	8439.36914	3305193288404	0.55383	0.69820	8439.27539	0.09375	11349	1	0.57418	0.64679	1	0.54171	0.73816	1	0.55794	0.69247	1	0.48101	0.54329	10.60072	1.00376	1	0.74366	0.56638	11.54849	1.00376	1	-0.00467	-0.00994	0.65627	0.00303	1	0.06132	-0.01453	0.65899	0.00306	1	1.45898	0.81042	0	
1251234	8439.37598	3305193354862	0.55388	0.69836	8439.27539	0.10059	11349	1	0.59174	0.66657	1	0.51760	0.73490	1	0.55467	0.70073	1	0.48079	0.54345	10.80237	1.00376	1	0.74372	0.56629	11.71662	1.00376	1	-0.00467	-0.00994	0.65627	0.00293	1	0.06132	-0.01453	0.65899	0.00296	1	1.45898	0.81042	0	
1251235	8439.38281	3305193421401	0.55503	0.69891	8439.27539	0.10742	11349	1	0.61811	0.68876	1	0.52858	0.72665	1	0.57335	0.70770	1	0.48123	0.54340	10.27037	1.00376	1	0.74404	0.56630	11.51104	1.00376	1	-0.00467	-0.00994	0.65627	0.00293	1	0.06132	-0.01453	0.65899	0.00294	1	1.45898	0.81042	0	
1251236	8439.38867	3305193484601	0.55607	0.69930	8439.27539	0.11328	11349	1	0.61811	0.68876	1	0.52928	0.72300	1	0.57370	0.70588	1	0.48125	0.54308	9.15872	1.00376	1	0.74389	0.56620	11.24749	1.01142	1	-0.00467	-0.00994	0.65627	0.00298	1	0.06291	-0.01495	0.67556	0.00304	1	1.45898	0.81042	0	
1251237	8439.39551	3305193553143	0.55668	0.70026	8439.27539	0.12012	11349	1	0.59606	0.71357	1	0.53956	0.72174	1	0.56781	0.71766	1	0.48122	0.54331	10.05758	1.01142	1	0.74405	0.56619	11.19864	1.01908	1	-0.00467	-0.00994	0.65627	0.00287	1	0.06291	-0.01495	0.67556	0.00304	1	1.45898	0.81042	0	
1251238	8439.40234	3305193621595	0.55648	0.69801	8439.27539	0.12695	11349	1	0.59568	0.59975	1	0.50940	0.71081	1	0.55254	0.65528	1	0.48142	0.54280	10.21838	1.01908	1	0.74396	0.56618	11.07413	1.02674	1	-0.00467	-0.00994	0.65627	0.00312	1	0.06291	-0.01495	0.67556	0.00305	1	1.45898	0.81042	0	
1251239	8439.40918	3305193688337	0.55630	0.69559	8439.27539	0.13379	11349	1	0.59494	0.59088	1	0.51051	0.70329	1	0.55273	0.64709	1	0.48145	0.54329	10.42161	1.03476	1	0.74377	0.56635	11.54016	1.04242	1	-0.00480	-0.01031	0.68047	0.00310	1	0.06349	-0.01513	0.68173	0.00304	1	1.45898	0.81042	0	
1251240	8439.41602	3305193756312	0.55645	0.69701	8439.27539	0.14062	11349	1	0.61808	0.71278	1	0.50112	0.74082	1	0.55960	0.72680	1	0.48161	0.54354	10.51065	1.05043	1	0.74385	0.56655	11.55861	1.05043	1	-0.00480	-0.01031	0.68047	0.00291	1	0.06349	-0.01513	0.68173	0.00300	1	1.45898	0.81042	0	
1251241	8439.42285	3305193824285	0.55527	0.69697	8439.27539	0.14746	11349	1	0.59061	0.68232	1	0.46823	0.71002	1	0.52942	0.69617	1	0.48164	0.54296	10.23484	1.05845	1	0.74326	0.56650	11.37131	1.05845	1	-0.00480	-0.01031	0.68047	0.00307	1	0.06349	-0.01513	0.68173	0.00315	1	1.45898	0.81042	0	
1251242	8439.42969	3305193891432	0.55419	0.69701	8439.27539	0.15430	11349	1	0.59061	0.68232	1	0.46799	0.71357	1	0.52930	0.69795	1	0.48145	0.54324	9.99686	1.05845	1	0.74424	0.56631	11.42942	1.05079	1	-0.00462	-0.01004	0.66238	0.00307	1	0.06226	-0.01478	0.66802	0.00311	1	1.45898	0.81042	0	
1251243	8439.43652	3305193957995	0.55365	0.69799	8439.27539	0.16113	11349	1	0.57738	0.70218	1	0.50408	0.74100	1	0.54073	0.72159	1	0.48138	0.54304	10.07920	1.04277	1	0.74391	0.56656	11.21368	1.03511	1	-0.00462	-0.01004	0.66238	0.00294	1	0.06226	-0.01478	0.66802	0.00303	1	1.45898	0.81042	0	
1251244	8439.44336	3305194025396	0.55347	0.69928	8439.27539	0.16797	11349	1	0.58465	0.71588	1	0.51329	0.74704	1	0.54897	0.73146	1	0.48153	0.54295	9.71790	1.02710	1	0.74403	0.56656	11.20229	1.01944	1	-0.00462	-0.01004	0.66238	0.00291	1	0.06226	-0.01478	0.66802	0.00294	1	1.45898	0.81042	0	
1251245	8439.44922	3305194092214	0.55329	0.70079	8439.27539	0.17383	11349	1	0.58554	0.72291	1	0.51160	0.75711	1	0.54857	0.74001	1	0.48207	0.54296	9.88701	1.01142	1	0.74393	0.56634	10.89857	0.99695	1	-0.00435	-0.00965	0.63697	0.00294	1	0.06206	-0.01472	0.66538	0.00307	1	1.45898	0.81042	0	
1251246	8439.45605	3305194159125	0.55382	0.70079	8439.27539	0.18066	11349	1	0.61043	0.66510	1	0.52565	0.73644	1	0.56804	0.70077	1	0.48200	0.54272	9.58371	0.99695	1	0.74433	0.56642	11.77655	0.99015	1	-0.00435	-0.00965	0.63697	0.00306	1	0.06206	-0.01472	0.66538	0.00302	1	1.45898	0.81042	0	
1251247	8439.46289	3305194225624	0.55487	0.70108	8439.27539	0.18750	11349	1	0.61243	0.70686	1	0.55641	0.71130	1	0.58442	0.70908	1	0.48196	0.54278	9.43220	0.99015	1	0.74487	0.56587	11.24494	0.98334	1	-0.00435	-0.00965	0.63697	0.00302	1	0.06206	-0.01472	0.66538	0.00308	1	1.45898	0.81042	0	
1251248	8439.46973	3305194293220	0.55586	0.70140	8439.27539	0.19434	11349	1	0.61265	0.71008	1	0.55641	0.71130	1	0.58453	0.71069	1	0.48231	0.54254	9.70531	0.98334	1	0.74481	0.56612	11.32920	0.98334	1	-0.00435	-0.00965	0.63697	0.00292	1	0.06164	-0.01461	0.66030	0.00304	1	1.45898	0.81042	0	
1251249	8439.47656	3305194358929	0.55611	0.70084	8439.27539	0.20117	11349	1	0.59819	0.65609	1	0.52905	0.71231	1	0.56362	0.68420	1	0.48223	0.54276	9.63618	0.98334	1	0.74473	0.56614	11.20417	0.99015	1	-0.00435	-0.00965	0.63697	0.00307	1	0.06164	-0.01461	0.66030	0.00307	1	1.45898	0.81042	0	
1251250	8439.48340	3305194425637	0.55590	0.70113	8439.27539	0.20801	11349	1	0.61096	0.69691	1	0.48740	0.72345	1	0.54918	0.71018	1	0.48197	0.54288	9.67452	0.99015	1	0.74398	0.56671	12.16274	0.99695	1	-0.00435	-0.00965	0.63697	0.00309	1	0.06164	-0.01461	0.66030	0.00323	1	1.45898	0.81042	0	
1251251	8439.49023	3305194493679	0.55570	0.70125	8439.27539	0.21484	11349	1	0.61073	0.69361	1	0.48814	0.71651	1	0.54944	0.70506	1	0.48240	0.54292	10.19111	0.99695	1	0.74430	0.56650	11.49994	1.01142	1	-0.00435	-0.00965	0.63697	0.00293	1	0.06349	-0.01509	0.67958	0.00314	1	1.45898	0.81042	0	
1251252	8439.49707	3305194561120	0.55691	0.70194	8439.27539	0.22168	11349	1	0.61909	0.68233	1	0.57451	0.76730	1	0.59680	0.72481	1	0.48201	0.54290	10.10730	1.01142	1	0.74499	0.56664	11.33771	1.01908	1	-0.00435	-0.00965	0.63697	0.00300	1	0.06349	-0.01509	0.67958	0.00313	1	1.45898	0.81042	0	
1251253	8439.50293	3305194628686	0.55815	0.70251	8439.27539	0.22754	11349	1	0.63182	0.70339	1	0.56875	0.74026	1	0.60028	0.72183	1	0.48221	0.54311	10.30483	1.01908	1	0.74486	0.56637	10.95847	1.02674	1	-0.00435	-0.00965	0.63697	0.00294	1	0.06349	-0.01509	0.67958	0.00315	1	1.45898	0.81042	0	
1251254	8439.50977	3305194693802	0.55934	0.70285	8439.27539	0.23438	11349	1	0.63160	0.69613	1	0.57075	0.73315	1	0.60117	0.71464	1	0.48241	0.54288	10.17752	1.03476	1	0.74488	0.56670	11.15137	1.04242	1	-0.00458	-0.01029	0.67939	0.00299	1	0.06349	-0.01509	0.67958	0.00314	1	1.45898	0.81042	0	
1251255	8439.51660	3305194762295	0.56050	0.70325	8439.27539	0.24121	11349	1	0.63440	0.66467	1	0.57028	0.77047	1	0.60234	0.71757	1	0.48231	0.54282	10.18023	1.05043	1	0.74500	0.56695	11.38008	1.05043	1	-0.00458	-0.01029	0.67939	0.00293	1	0.06349	-0.01509	0.67958	0.00317	1	1.45898	0.81042	0	
1251256	8439.52344	3305194828087	0.56109	0.70277	8439.27539	0.24805	11349	1	0.62525	0.65948	1	0.54028	0.71106	1	0.58277	0.68527	1	0.48226	0.54328	10.37911	1.05845	1	0.74487	0.56634	10.75306	1.05845	1	-0.00458	-0.01029	0.67939	0.00289	1	0.06349	-0.01509	0.67958	0.00318	1	1.45898	0.81042	0	
1251257	8439.53027	3305194897358	0.56165	0.70223	8439.27539	0.25488	11349	1	0.62510	0.65558	1	0.54106	0.70732	1	0.58308	0.68145	1	0.48224	0.54323	10.46502	1.06647	1	0.74431	0.56668	12.23180	1.06647	1	-0.00458	-0.01029	0.67939	0.00291	1	0.06349	-0.01509	0.67958	0.00316	1	1.45898	0.81042	0	
1251258	8439.53711	3305194962326	0.56198	0.70129	8439.27539	0.26172	11349	1	0.61482	0.66568	1	0.53461	0.66337	1	0.57472	0.66452	1	0.48204	0.54347	10.71983	1.06647	1	0.74472	0.56641	11.23249	1.06647	1	-0.00458	-0.01029	0.67939	0.00305	1	0.06349	-0.01509	0.67958	0.00320	1	1.45898	0.81042	0	
1251259	8439.54395	3305195029897	0.56233	0.70141	8439.27539	0.26855	11349	1	0.59144	0.67413	1	0.56104	0.73909	1	0.57624	0.70661	1	0.48207	0.54350	10.71570	1.06647	1	0.74470	0.56654	11.07714	1.06647	1	-0.00458	-0.01029	0.67939	0.00294	1	0.06349	-0.01509	0.67958	0.00315	1	1.45898	0.81042	0	
1251260	8439.54980	3305195096964	0.56264	0.70167	8439.27539	0.27441	11349	1	0.59183	0.67791	1	0.55922	0.74595	1	0.57552	0.71193	1	0.48248	0.54284	10.00552	1.05845	1	0.74482	0.56673	11.12035	1.05079	1	-0.00435	-0.00965	0.63697	0.00312	1	0.06164	-0.01466	0.66030	0.00313	1	1.45898	0.81042	0	
1251261	8439.55664	3305195164051	0.56316	0.70043	8439.27539	0.28125	11349	1	0.61206	0.61275	1	0.55782	0.68435	1	0.58494	0.64855	1	0.48240	0.54282	10.03804	1.04277	1	0.74477	0.56677	11.47720	1.03511	1	-0.00435	-0.00965	0.63697	0.00317	1	0.06164	-0.01466	0.66030	0.00309	1	1.45898	0.81042	0	
1251262	8439.56348	3305195230495	0.56382	0.69933	8439.27539	0.28809	11349	1	0.62886	0.61442	1	0.55554	0.68958	1	0.59220	0.65200	1	0.48235	0.54310	10.19386	1.02710	1	0.74475	0.56680	11.40441	1.01944	1	-0.00435	-0.00965	0.63697	0.00315	1	0.06164	-0.01466	0.66030	0.00313	1	1.45898	0.81042	0	
1251263	8439.57031	3305195297834	0.58846	0.69079	8439.27539	0.28809	11349	0	0.62913	0.62297	1	0.55373	0.69752	1	0.59143	0.66025	1	0.48247	0.54318	10.16221	1.01142	1	0.74451	0.56710	12.14689	1.00376	1	-0.00435	-0.00965	0.63697	0.00308	1	0.06164	-0.01466	0.66030	0.00301	1	1.45898	0.81042	0	
1251264	8439.57617	3305195360322	0.58522	0.67645	8439.27539	0.28809	11349	0	0.61971	0.60758	1	0.54425	0.71664	1	0.58198	0.66211	1	0.48214	0.54313	10.33578	1.00376	1	0.74455	0.56701	11.95259	1.00376	1	-0.00435	-0.00965	0.63697	0.00305	1	0.06164	-0.01466	0.66030	0.00306	1	1.45898	0.81042	0	
1251265	8439.58301	3305195429275	0.58568	0.67031	8439.27539	0.28809	11349	0	0.63131	0.64140	1	0.54191	0.67467	1	0.58661	0.65803	1	0.48237	0.54308	10.15162	1.00376	1	0.74447	0.56672	11.16781	1.00376	1	-0.00435	-0.00965	0.63697	0.00307	1	0.06164	-0.01466	0.66030	0.00312	1	1.45898	0.81042	0	
1251266	8439.59082	3305195498740	0.58591	0.66724	8439.57031	0.02051	11350	1	0.63131	0.64140	1	0.54191	0.67467	1	0.58661	0.65803	1	0.48217	0.54296	9.96495	1.00376	1	0.74448	0.56649	11.56519	1.00376	1	-0.00435	-0.00965	0.63697	0.00311	1	0.06164	-0.01466	0.66030	0.00310	1	1.45898	0.81042	0	
1251267	8439.59668	3305195564458	0.58590	0.66306	8439.57031	0.02637	11350	1	0.63295	0.62815	1	0.53874	0.66456	1	0.58584	0.64635	1	0.48237	0.54331	10.40766	1.00376	1	0.74443	0.56649	11.80519	1.00376	1	-0.00435	-0.00965	0.63697	0.00306	1	0.06164	-0.01466	0.66030	0.00310	1	1.45898	0.81042	0	
1251268	8439.60352	3305195629459	0.58452	0.66153	8439.57031	0.03320	11350	1	0.62416	0.64249	1	0.53108	0.66529	1	0.57762	0.65389	1	0.48228	0.54308	10.27186	1.00376	1	0.74440	0.56658	11.81208	1.00376	1	-0.00435	-0.00965	0.63697	0.00307	1	0.06164	-0.01466	0.66030	0.00307	1	1.45898	0.81042	0	
1251269	8439.61035	3305195697517	0.58353	0.66044	8439.57031	0.04004	11350	1	0.62416	0.64249	1	0.53108	0.66529	1	0.57762	0.65389	1	0.48253	0.54329	10.53679	1.00376	1	0.74442	0.56666	11.99606	1.00376	1	-0.00429	-0.00962	0.62857	0.00309	1	0.06164	-0.01471	0.66030	0.00304	1	1.45898	0.81042	0	
1251270	8439.61719	3305195764461	0.58251	0.65839	8439.57031	0.04688	11350	1	0.62177	0.63637	1	0.52888	0.65168	1	0.57533	0.64403	1	0.48214	0.54324	9.95545	1.00376	1	0.74430	0.56643	11.60971	1.00376	1	-0.00429	-0.00962	0.62857	0.00320	1	0.06164	-0.01471	0.66030	0.00315	1	1.45898	0.81042	0	
1251271	8439.62402	3305195833013	0.58130	0.65934	8439.57031	0.05371	11350	1	0.61340	0.65303	1	0.52986	0.68082	1	0.57163	0.66693	1	0.48200	0.54350	10.30303	1.00376	1	0.74441	0.56674	12.02612	1.00376	1	-0.00429	-0.00962	0.62857	0.00299	1	0.06164	-0.01471	0.66030	0.00303	1	1.45898	0.81042	0	
1251272	8439.62988	3305195898565	0.58036	0.65968	8439.57031	0.05957	11350	1	0.61315	0.64886	1	0.53060	0.67664	1	0.57187	0.66275	1	0.48221	0.54371	10.57539	1.01178	1	0.74387	0.56666	11.29880	1.01178	1	-0.00467	-0.01035	0.67666	0.00290	1	0.06164	-0.01471	0.66030	0.00314	1	1.45898	0.81042	0	
1251273	8439.63672	3305195962802	0.57927	0.65832	8439.57031	0.06641	11350	1	0.61373	0.62821	1	0.52300	0.66117	1	0.56837	0.64469	1	0.48216	0.54314	10.26770	1.01980	1	0.74414	0.56673	11.75966	1.01980	1	-0.00467	-0.01035	0.67666	0.00315	1	0.06164	-0.01471	0.66030	0.00317	1	1.45898	0.81042	0	
1251274	8439.64355	3305196035144	0.57824	0.65741	8439.57031	0.07324	11350	1	0.61520	0.63222	1	0.51868	0.66268	1	0.56694	0.64745	1	0.48211	0.54338	10.12570	1.02781	1	0.74413	0.56660	11.58172	1.02781	1	-0.00467	-0.01035	0.67666	0.00308	1	0.06164	-0.01471	0.66030	0.00321	1	1.45898	0.81042	0	
1251275	8439.65039	3305196099230	0.57741	0.65617	8439.57031	0.08008	11350	1	0.61497	0.62798	1	0.51993	0.65443	1	0.56745	0.64121	1	0.48207	0.54332	10.85374	1.03583	1	0.74371	0.56678	11.35786	1.04349	1	-0.00471	-0.01050	0.68307	0.00312	1	0.06374	-0.01522	0.68334	0.00318	1	1.45898	0.81042	0	
1251276	8439.65723	3305196168752	0.57568	0.65662	8439.57031	0.08691	11350	1	0.61110	0.64897	1	0.49522	0.67618	1	0.55316	0.66258	1	0.48205	0.54364	10.48511	1.04349	1	0.74364	0.56683	11.40275	1.05115	1	-0.00471	-0.01050	0.68307	0.00300	1	0.06374	-0.01522	0.68334	0.00319	1	1.45898	0.81042	0	
1251277	8439.66406	3305196235656	0.57559	0.65537	8439.57031	0.09375	11350	1	0.62369	0.61661	1	0.52513	0.65890	1	0.57441	0.63776	1	0.48211	0.54318	10.75188	1.05115	1	0.74402	0.56672	11.56006	1.05881	1	-0.00471	-0.01050	0.68307	0.00304	1	0.06374	-0.01522	0.68334	0.00321	1	1.45898	0.81042	0	
1251278	8439.67090	3305196302856	0.57553	0.65401	8439.57031	0.10059	11350	1	0.62353	0.61254	1	0.52577	0.65495	1	0.57465	0.63375	1	0.48204	0.54296	10.46089	1.05881	1	0.74437	0.56684	11.74329	1.06647	1	-0.00467	-0.01035	0.67666	0.00315	1	0.06374	-0.01522	0.68334	0.00315	1	1.45898	0.81042	0	
1251279	8439.67773	3305196369509	0.57363	0.65285	8439.57031	0.10742	11350	1	0.59751	0.58882	1	0.48900	0.67968	1	0.54325	0.63425	1	0.48175	0.54333	10.55423	1.06647	1	0.74360	0.56699	11.43513	1.06647	1	-0.00467	-0.01035	0.67666	0.00305	1	0.06374	-0.01522	0.68334	0.00316	1	1.45898	0.81042	0	
1251280	8439.68457	3305196436626	0.57289	0.65371	8439.57031	0.11426	11350	1	0.61619	0.65869	1	0.50434	0.67793	1	0.56027	0.66831	1	0.48203	0.54382	11.83243	1.06647	1	0.74368	0.56701	11.38588	1.06647	1	-0.00467	-0.01035	0.67666	0.00292	1	0.06374	-0.01522	0.68334	0.00319	1	1.45898	0.81042	0	
1251281	8439.69043	3305196502693	0.57223	0.65448	8439.57031	0.12012	11350	1	0.61619	0.65869	1	0.50434	0.67793	1	0.56027	0.66831	1	0.48188	0.54368	11.34754	1.06647	1	0.74386	0.56725	11.33892	1.06647	1	-0.00471	-0.01050	0.68307	0.00293	1	0.06295	-0.01508	0.67483	0.00314	1	1.45898	0.81042	0	
1251282	8439.69727	3305196569256	0.57100	0.65404	8439.57031	0.12695	11350	1	0.59971	0.62562	1	0.49579	0.66567	1	0.54775	0.64565	1	0.48190	0.54371	11.46510	1.06647	1	0.74365	0.56698	11.48172	1.06647	1	-0.00471	-0.01050	0.68307	0.00291	1	0.06295	-0.01508	0.67483	0.00337	1	1.45898	0.81042	0	
1251283	8439.70410	3305196637630	0.57085	0.65384	8439.57031	0.13379	11350	1	0.61342	0.61868	1	0.52194	0.68116	1	0.56768	0.64992	1	0.48198	0.54357	10.68792	1.06647	1	0.74412	0.56708	12.11828	1.06647	1	-0.00471	-0.01050	0.68307	0.00299	1	0.06295	-0.01508	0.67483	0.00307	1	1.45898	0.81042	0	
1251284	8439.71094	3305196704567	0.57070	0.65366	8439.57031	0.14062	11350	1	0.61342	0.61868	1	0.52194	0.68116	1	0.56768	0.64992	1	0.48182	0.54334	10.12298	1.06647	1	0.74442	0.56698	11.96965	1.06647	1	-0.00471	-0.01050	0.68307	0.00310	1	0.06374	-0.01522	0.68334	0.00309	1	1.45898	0.81042	0	
1251285	8439.71777	3305196771455	0.57073	0.65375	8439.57031	0.14746	11350	1	0.60009	0.62682	1	0.54268	0.68437	1	0.57139	0.65560	1	0.48187	0.54350	10.07697	1.06647	1	0.74442	0.56700	12.27089	1.06647	1	-0.00471	-0.01050	0.68307	0.00304	1	0.06374	-0.01522	0.68334	0.00307	1	1.45898	0.81042	0	
1251286	8439.72461	3305196838008	0.57005	0.65339	8439.57031	0.15430	11350	1	0.61474	0.61800	1	0.49412	0.67221	1	0.55443	0.64511	1	0.48201	0.54354	10.47517	1.06647	1	0.74371	0.56697	12.00992	1.06647	1	-0.00471	-0.01050	0.68307	0.00302	1	0.06374	-0.01522	0.68334	0.00313	1	1.45898	0.81042	0	
1251287	8439.73145	3305196905646	0.56943	0.65306	8439.57031	0.16113	11350	1	0.61474	0.61800	1	0.49412	0.67221	1	0.55443	0.64511	1	0.48199	0.54329	10.93674	1.06647	1	0.74423	0.56672	11.73862	1.06647	1	-0.00471	-0.01050	0.68307	0.00309	1	0.06374	-0.01522	0.68334	0.00317	1	1.45898	0.81042	0	
1251288	8439.73730	3305196972525	0.56951	0.65190	8439.57031	0.16699	11350	1	0.61143	0.60657	1	0.53174	0.63962	1	0.57159	0.62309	1	0.48199	0.54329	10.93674	1.06647	1	0.74431	0.56665	11.26309	1.06647	1	-0.00471	-0.01050	0.68307	0.00309	1	0.06374	-0.01522	0.68334	0.00315	1	1.45898	0.81042	0	
1251289	8439.74414	3305197040384	0.56877	0.65163	8439.57031	0.17383	11350	1	0.61484	0.61883	1	0.48435	0.67002	1	0.54960	0.64443	1	0.48212	0.54333	10.76799	1.06647	1	0.74353	0.56695	11.38035	1.06647	1	-0.00471	-0.01050	0.68307	0.00301	1	0.06374	-0.01522	0.68334	0.00327	1	1.45898	0.81042	0	
1251290	8439.75098	3305197106595	0.56809	0.65137	8439.57031	0.18066	11350	1	0.61484	0.61883	1	0.48435	0.67002	1	0.54960	0.64443	1	0.48193	0.54350	9.87739	1.06647	1	0.74418	0.56681	12.23036	1.06647	1	-0.00467	-0.01035	0.67666	0.00307	1	0.06295	-0.01508	0.67483	0.00311	1	1.45898	0.81042	0	
1251291	8439.75781	3305197172843	0.56715	0.65122	8439.57031	0.18750	11350	1	0.60918	0.62335	1	0.47271	0.67066	1	0.54094	0.64700	1	0.48197	0.54334	10.21315	1.06647	1	0.74330	0.56698	11.91243	1.06647	1	-0.00467	-0.01035	0.67666	0.00299	1	0.06295	-0.01508	0.67483	0.00327	1	1.45898	0.81042	0	
1251292	8439.76465	3305197240170	0.56612	0.64999	8439.57031	0.19434	11350	1	0.58935	0.57317	1	0.48305	0.65534	1	0.53620	0.61426	1	0.48176	0.54322	10.10987	1.06647	1	0.74355	0.56695	12.05380	1.06647	1	-0.00467	-0.01035	0.67666	0.00303	1	0.06295	-0.01508	0.67483	0.00321	1	1.45898	0.81042	0	
1251293	8439.77148	3305197307348	0.56516	0.64897	8439.57031	0.20117	11350	1	0.58976	0.57771	1	0.48269	0.65945	1	0.53622	0.61858	1	0.48200	0.54339	10.84821	1.05845	1	0.74367	0.56702	12.13040	1.05845	1	-0.00465	-0.01025	0.66640	0.00310	1	0.06295	-0.01503	0.67483	0.00317	1	1.45898	0.81042	0	
1251294	8439.77832	3305197374858	0.56453	0.64956	8439.57031	0.20801	11350	1	0.61230	0.62977	1	0.47777	0.70563	1	0.54504	0.66770	1	0.48202	0.54330	10.84182	1.05043	1	0.74344	0.56710	11.92022	1.05043	1	-0.00465	-0.01025	0.66640	0.00312	1	0.06295	-0.01503	0.67483	0.00330	1	1.45898	0.81042	0	
1251295	8439.78418	3305197441605	0.56443	0.64961	8439.57031	0.21387	11350	1	0.62404	0.62731	1	0.49851	0.67532	1	0.56127	0.65132	1	0.48212	0.54337	10.70524	1.04242	1	0.74378	0.56691	12.37445	1.04242	1	-0.00465	-0.01025	0.66640	0.00311	1	0.06295	-0.01503	0.67483	0.00326	1	1.45898	0.81042	0	
1251296	8439.79102	3305197508918	0.56433	0.64972	8439.57031	0.22070	11350	1	0.62404	0.62731	1	0.49805	0.67919	1	0.56105	0.65325	1	0.48198	0.54328	10.71121	1.04242	1	0.74380	0.56698	12.41451	1.03476	1	-0.00471	-0.01050	0.68307	0.00308	1	0.06226	-0.01488	0.66802	0.00323	1	1.45898	0.81042	0	
1251297	8439.79785	3305197572686	0.56406	0.64999	8439.57031	0.22754	11350	1	0.60803	0.64348	1	0.50206	0.67488	1	0.55505	0.65918	1	0.48186	0.54342	11.26960	1.04277	1	0.74392	0.56680	11.66104	1.03511	1	-0.00471	-0.01050	0.68307	0.00303	1	0.06226	-0.01488	0.66802	0.00331	1	1.45898	0.81042	0	
1251298	8439.80469	3305197641400	0.56347	0.64984	8439.57031	0.23438	11350	1	0.60331	0.61030	1	0.48221	0.67874	1	0.54276	0.64452	1	0.48197	0.54318	10.85507	1.04313	1	0.74352	0.56690	11.78208	1.03547	1	-0.00471	-0.01050	0.68307	0.00308	1	0.06226	-0.01488	0.66802	0.00325	1	1.45898	0.81042	0	
1251299	8439.81152	3305197706030	0.56291	0.64969	8439.57031	0.24121	11350	1	0.60330	0.61011	1	0.48222	0.67856	1	0.54276	0.64433	1	0.48197	0.54318	10.85507	1.04349	1	0.74388	0.56688	11.64765	1.03583	1	-0.00471	-0.01050	0.68307	0.00308	1	0.06065	-0.01454	0.65072	0.00320	1	1.45898	0.81042	0	
1251300	8439.81738	3305197773555	0.56327	0.64996	8439.57031	0.24707	11350	1	0.61552	0.64302	1	0.53740	0.67695	1	0.57646	0.65998	1	0.48201	0.54345	11.03570	1.03583	1	0.74437	0.56681	12.05976	1.03583	1	-0.00471	-0.01050	0.68307	0.00306	1	0.06065	-0.01454	0.65072	0.00314	1	1.45898	0.81042	0	
1251301	8439.82520	3305197842989	0.56351	0.65012	8439.57031	0.25488	11350	1	0.59824	0.64005	1	0.54714	0.67235	1	0.57269	0.65620	1	0.48174	0.54320	10.32731	1.03583	1	0.74450	0.56679	11.99196	1.03583	1	-0.00471	-0.01050	0.68307	0.00310	1	0.06065	-0.01454	0.65072	0.00313	1	1.45898	0.81042	0	
1251302	8439.83105	3305197910126	0.56374	0.65027	8439.57031	0.26074	11350	1	0.59824	0.64005	1	0.54714	0.67235	1	0.57269	0.65620	1	0.48165	0.54330	10.68736	1.03583	1	0.74406	0.56677	12.00844	1.03583	1	-0.00471	-0.01050	0.68307	0.00305	1	0.06065	-0.01454	0.65072	0.00319	1	1.45898	0.81042	0	
1251303	8439.83789	3305197977529	0.56409	0.65019	8439.57031	0.26758	11350	1	0.61470	0.61431	1	0.54112	0.67966	1	0.57791	0.64699	1	0.48202	0.54321	10.91625	1.03583	1	0.74439	0.56696	12.30038	1.03583	1	-0.00471	-0.01050	0.68307	0.00308	1	0.06065	-0.01454	0.65072	0.00312	1	1.45898	0.81042	0	
1251304	8439.84473	3305198042460	0.56418	0.65030	8439.57031	0.27441	11350	1	0.60991	0.62248	1	0.52583	0.68688	1	0.56787	0.65468	1	0.48198	0.54345	11.10149	1.03583	1	0.74421	0.56684	12.35785	1.03583	1	-0.00471	-0.01050	0.68307	0.00289	1	0.06065	-0.01454	0.65072	0.00307	1	1.45898	0.81042	0	
1251305	8439.85156	3305198110994	0.56426	0.65040	8439.57031	0.28125	11350	1	0.60991	0.62248	1	0.52583	0.68688	1	0.56787	0.65468	1	0.48173	0.54351	10.53917	1.03583	1	0.74373	0.56691	12.68264	1.03583	1	-0.00469	-0.01034	0.67946	0.00296	1	0.06226	-0.01488	0.66802	0.00315	1	1.45898	0.81042	0	
1251306	8439.85840	3305198178280	0.56406	0.65010	8439.57031	0.28809	11350	1	0.60010	0.60687	1	0.51026	0.66715	1	0.55518	0.63701	1	0.48178	0.54324	10.39409	1.03583	1	0.74396	0.56675	11.67076	1.03583	1	-0.00469	-0.01034	0.67946	0.00309	1	0.06226	-0.01488	0.66802	0.00326	1	1.45898	0.81042	0	
1251307	8439.86523	3305198245411	0.56402	0.65039	8439.57031	0.29492	11350	1	0.60552	0.64985	1	0.51903	0.67723	1	0.56228	0.66354	1	0.48190	0.54346	10.96172	1.03583	1	0.74414	0.56677	11.90497	1.03583	1	-0.00469	-0.01034	0.67946	0.00294	1	0.06226	-0.01488	0.66802	0.00316	1	1.45898	0.81042	0	
1251308	8439.87109	3305198309768	0.56398	0.65068	8439.57031	0.30078	11350	1	0.60552	0.64985	1	0.51903	0.67723	1	0.56228	0.66354	1	0.48185	0.54347	11.22693	1.03583	1	0.74369	0.56687	11.96440	1.03583	1	-0.00469	-0.01034	0.67946	0.00295	1	0.06226	-0.01488	0.66802	0.00327	1	1.45898	0.81042	0	
1251309	8439.87793	3305198378985	0.56340	0.65044	8439.57031	0.30762	11350	1	0.59202	0.60451	1	0.48190	0.67465	1	0.53696	0.63958	1	0.48170	0.54309	10.53225	1.03583	1	0.74343	0.56701	11.92552	1.03583	1	-0.00469	-0.01034	0.67946	0.00317	1	0.06226	-0.01488	0.66802	0.00340	1	1.45898	0.81042	0	
1251310	8439.88477	3305198444247	0.56324	0.65080	8439.57031	0.31445	11350	1	0.58867	0.64292	1	0.52271	0.69186	1	0.55569	0.66739	1	0.48163	0.54347	10.71473	1.03583	1	0.74414	0.56705	12.70540	1.03583	1	-0.00469	-0.01034	0.67946	0.00294	1	0.06226	-0.01488	0.66802	0.00309	1	1.45898	0.81042	0	
1251311	8439.89160	3305198510082	0.56256	0.65031	8439.57031	0.32129	11350	1	0.58867	0.64292	1	0.52271	0.69186	1	0.55569	0.66739	1	0.48167	0.54302	10.50714	1.03583	1	0.74411	0.56694	11.32806	1.03583	1	-0.00469	-0.01034	0.67946	0.00316	1	0.06065	-0.01454	0.65072	0.00315	1	1.45898	0.81042	0	
1251312	8439.89844	3305198578153	0.56247	0.64979	8439.57031	0.32812	11350	1	0.62675	0.58813	1	0.52824	0.68634	1	0.57750	0.63724	1	0.48189	0.54293	10.64798	1.03583	1	0.74430	0.56694	12.11226	1.03583	1	-0.00469	-0.01034	0.67946	0.00311	1	0.06065	-0.01454	0.65072	0.00314	1	1.45898	0.81042	0	
1251313	8439.90527	3305198644928	0.56211	0.64948	8439.57031	0.33496	11350	1	0.61769	0.59547	1	0.52138	0.69032	1	0.56954	0.64289	1	0.48172	0.54291	10.26930	1.03583	1	0.74411	0.56696	11.37694	1.03583	1	-0.00469	-0.01034	0.67946	0.00315	1	0.06065	-0.01454	0.65072	0.00322	1	1.45898	0.81042	0	
1251314	8439.91113	3305198710270	0.56176	0.64912	8439.57031	0.34082	11350	1	0.61769	0.59547	1	0.52201	0.68652	1	0.56985	0.64100	1	0.48163	0.54319	10.25406	1.03583	1	0.74410	0.56668	11.70321	1.04349	1	-0.00480	-0.01031	0.68047	0.00307	1	0.06291	-0.01495	0.67556	0.00326	1	1.45898	0.81042	0	
1251315	8439.91797	3305198778661	0.56209	0.64983	8439.57031	0.34766	11350	1	0.65738	0.66212	1	0.54557	0.69822	1	0.60148	0.68017	1	0.48187	0.54284	10.71966	1.04349	1	0.74373	0.56633	12.12103	1.05115	1	-0.00480	-0.01031	0.68047	0.00288	1	0.06291	-0.01495	0.67556	0.00296	1	1.45898	0.81042	0	
1251316	8439.92480	3305198844507	0.56231	0.65011	8439.57031	0.35449	11350	1	0.59777	0.63244	1	0.57880	0.70278	1	0.58828	0.66761	1	0.48103	0.54238	10.87887	1.05115	1	0.74391	0.56587	12.19677	1.05881	1	-0.00480	-0.01031	0.68047	0.00286	1	0.06291	-0.01495	0.67556	0.00287	1	1.45898	0.81042	0	
1251317	8439.93164	3305198913726	0.56254	0.65032	8439.57031	0.36133	11350	1	0.59743	0.62848	1	0.57982	0.69914	1	0.58863	0.66381	1	0.48019	0.54028	11.68076	1.05881	1	0.74228	0.56268	10.36240	1.06647	1	-0.00498	-0.00986	0.67766	0.00348	1	0.06431	-0.01501	0.69504	0.00363	1	1.45898	0.81042	0	
1251318	8439.93848	3305198979293	0.56193	0.64746	8439.57031	0.36816	11350	1	0.56564	0.49992	1	0.52615	0.51350	1	0.54590	0.50671	1	0.47983	0.53912	10.84241	1.06647	1	0.74216	0.56227	11.92377	1.06647	1	-0.00498	-0.00986	0.67766	0.00350	1	0.06431	-0.01501	0.69504	0.00351	1	1.45898	0.81042	0	
1251319	8439.94531	3305199048688	0.56129	0.64427	8439.57031	0.37500	11350	1	0.54761	0.47370	1	0.53471	0.55368	1	0.54116	0.51369	1	0.47958	0.53864	10.74253	1.06647	1	0.74194	0.56158	11.77825	1.06647	1	-0.00498	-0.00986	0.67766	0.00350	1	0.06431	-0.01501	0.69504	0.00343	1	1.45898	0.81042	0	
1251320	8439.95215	3305199115640	0.56065	0.64116	8439.57031	0.38184	11350	1	0.54761	0.47370	1	0.53471	0.55368	1	0.54116	0.51369	1	0.47915	0.53475	11.07028	1.06647	1	0.74116	0.55953	11.49153	1.06647	1	-0.00513	-0.00965	0.68451	0.00223	1	0.06224	-0.01407	0.67487	0.00398	1	1.45898	0.81042	0	
1251321	8439.95898	3305199182724	0.56080	0.59962	8439.57031	0.38184	11350	0	0.50719	0.35742	1	0.48221	0.43036	1	0.49470	0.39389	1	0.47902	0.53613	10.94656	1.06647	1	0.74104	0.55942	11.70860	1.06647	1	-0.00513	-0.00965	0.68451	0.00364	1	0.06224	-0.01407	0.67487	0.00421	1	1.45898	0.81042	0	
1251322	8439.96582	3305199249907	0.48015	0.46627	8439.57031	0.38184	11350	0	0.50719	0.35742	0	0.39951	0.33292	1	0.39951	0.33292	1	0.47902	0.53613	10.94656	1.06647	0	0.47913	0.53646	11.02523	1.06647	1	-0.00513	-0.00965	0.68451	0.00364	1	0.06224	-0.01407	0.67487	0.00371	1	1.45898	0.81042	0	
1251323	8439.97168	3305199312356	0.45327	0.42182	8439.57031	0.38184	11350	0	0.50719	0.35742	0	0.39951	0.33292	1	0.39951	0.33292	1	0.47902	0.53613	10.94656	1.06647	0	0.47900	0.53682	11.19910	1.06647	1	-0.00513	-0.00965	0.68451	0.00364	1	-0.00518	-0.00955	0.67718	0.00366	1	1.45898	0.81042	0	
1251324	8439.97852	3305199380630	0.40419	0.33290	8439.57031	0.38184	11350	0	0.50719	0.35742	0	0.41357	0.33287	1	0.41357	0.33287	1	0.47902	0.53613	10.94656	1.06647	0	0.47930	0.53652	11.28485	1.06647	1	-0.00513	-0.00965	0.68451	0.00364	1	-0.00518	-0.00955	0.67718	0.00381	1	1.45898	0.81042	0	
1251325	8439.98535	3305199449392	0.40585	0.33463	8439.57031	0.38184	11350	0	0.50719	0.35742	0	0.40750	0.33635	1	0.40750	0.33635	1	0.47902	0.53613	10.94656	1.06647	0	0.47920	0.53683	11.09671	1.06647	1	-0.00513	-0.00965	0.68451	0.00364	1	-0.00518	-0.00955	0.67718	0.00363	1	1.45898	0.81042	0	
1251326	8439.99219	3305199516287	0.40640	0.33520	8439.57031	0.38184	11350	0	0.50719	0.35742	0	0.40750	0.33635	1	0.40750	0.33635	1	0.47902	0.53613	10.94656	1.06647	0	0.47910	0.53622	11.00740	1.06647	1	-0.00513	-0.00965	0.68451	0.00364	1	-0.00518	-0.00955	0.67718	0.00383	1	1.45898	0.81042	0	
1251327	8439.99902	3305199582004	0.40433	0.34044	8439.97852	0.02051	11351	1	0.50719	0.35742	0	0.39814	0.35616	1	0.39814	0.35616	1	0.47902	0.53613	10.94656	1.06647	0	0.47908	0.53673	11.09329	1.06647	1	-0.00513	-0.00965	0.68451	0.00364	1	-0.00518	-0.00955	0.67718	0.00370	1	1.45898	0.81042	0	
1251328	8440.00586	3305199650054	0.40761	0.34956	8439.97852	0.02734	11351	1	0.50719	0.35742	0	0.42073	0.38603	1	0.42073	0.38603	1	0.47902	0.53613	10.94656	1.06647	0	0.47900	0.53703	11.39121	1.06647	1	-0.00513	-0.00965	0.68451	0.00364	1	-0.00518	-0.00955	0.67718	0.00356	1	1.45898	0.81042	0	
1251329	8440.01172	3305199714444	0.40980	0.35564	8439.97852	0.03320	11351	1	0.50719	0.35742	0	0.42073	0.38603	1	0.42073	0.38603	1	0.47902	0.53613	10.94656	1.06647	0	0.47914	0.53725	11.47376	1.06647	1	-0.00513	-0.00965	0.68451	0.00364	1	-0.00518	-0.00955	0.67718	0.00355	1	1.45898	0.81042	0	
1251330	8440.01855	3305199782482	0.41133	0.35936	8439.97852	0.04004	11351	1	0.50719	0.35742	0	0.42049	0.38168	1	0.42049	0.38168	1	0.47902	0.53613	10.94656	1.06647	0	0.47901	0.53716	11.34669	1.06647	1	-0.00513	-0.00965	0.68451	0.00364	1	-0.00518	-0.00955	0.67718	0.00350	1	1.45898	0.81042	0	
1251331	8440.02539	3305199848574	0.41220	0.35537	8439.97852	0.04688	11351	1	0.50719	0.35742	0	0.41835	0.32743	1	0.41835	0.32743	1	0.47902	0.53613	10.94656	1.06647	0	0.47900	0.53707	10.78310	1.06647	1	-0.00513	-0.00965	0.68451	0.00364	1	-0.00518	-0.00955	0.67718	0.00362	1	1.45898	0.81042	0	
1251332	8440.03223	3305199917912	0.41289	0.35226	8439.97852	0.05371	11351	1	0.50719	0.35742	0	0.41835	0.32743	1	0.41835	0.32743	1	0.47902	0.53613	10.94656	1.06647	0	0.47921	0.53707	11.04721	1.06647	1	-0.00513	-0.00965	0.68451	0.00364	1	-0.00518	-0.00955	0.67718	0.00362	1	1.45898	0.81042	0	
1251333	8440.03906	3305199987047	0.42473	0.36273	8439.97852	0.06055	11351	1	0.55693	0.43657	1	0.50572	0.47717	1	0.53133	0.45687	1	0.47895	0.53708	11.22504	1.06647	1	0.74139	0.55995	12.08938	1.06647	1	-0.00513	-0.00965	0.68451	0.00353	1	-0.00518	-0.00955	0.67718	0.00378	1	1.45898	0.81042	0	
1251334	8440.04590	3305200053208	0.43304	0.36841	8439.97852	0.06738	11351	1	0.54695	0.39044	1	0.48536	0.46017	1	0.51615	0.42530	1	0.47882	0.53663	10.63017	1.06647	1	0.74105	0.55984	12.28815	1.06647	1	-0.00513	-0.00965	0.68451	0.00374	1	-0.00518	-0.00955	0.67718	0.00359	1	1.45898	0.81042	0	
1251335	8440.05273	3305200123240	0.43997	0.37315	8439.97852	0.07422	11351	1	0.54695	0.39044	1	0.48536	0.46017	1	0.51615	0.42530	1	0.47888	0.53675	10.35680	1.06647	1	0.74071	0.55994	12.45671	1.06647	1	-0.00518	-0.00955	0.67718	0.00366	1	0.06289	-0.01419	0.68080	0.00391	1	1.45898	0.81042	0	
1251336	8440.05957	3305200187632	0.44637	0.37366	8439.97852	0.08105	11351	1	0.54776	0.36477	1	0.49852	0.39460	1	0.52314	0.37969	1	0.47888	0.53645	10.58618	1.06647	1	0.74126	0.55914	11.76349	1.06647	1	-0.00518	-0.00955	0.67718	0.00378	1	0.06289	-0.01419	0.68080	0.00369	1	1.45898	0.81042	0	
1251337	8440.06641	3305200254749	0.45112	0.37719	8439.97852	0.08789	11351	1	0.54565	0.41642	1	0.48013	0.42968	1	0.51289	0.42305	1	0.47880	0.53699	10.54268	1.06647	1	0.74092	0.55947	12.12369	1.06647	1	-0.00518	-0.00955	0.67718	0.00357	1	0.06289	-0.01419	0.68080	0.00360	1	1.45898	0.81042	0	
1251338	8440.07227	3305200321468	0.45525	0.38003	8439.97852	0.09375	11351	1	0.54565	0.41642	1	0.48049	0.42339	1	0.51307	0.41991	1	0.47851	0.53696	11.08560	1.06647	1	0.74105	0.55958	11.70884	1.07515	1	-0.00518	-0.00955	0.67718	0.00358	1	0.06539	-0.01475	0.70726	0.00368	1	1.45898	0.81042	0	
1251339	8440.07910	3305200388549	0.45880	0.37743	8439.97852	0.10059	11351	1	0.51551	0.29955	1	0.50880	0.37732	1	0.51215	0.33844	1	0.47840	0.53574	11.04988	1.07515	1	0.74136	0.55917	12.06169	1.08383	1	-0.00518	-0.00955	0.67718	0.00394	1	0.06539	-0.01475	0.70726	0.00367	1	1.45898	0.81042	0	
1251340	8440.08594	3305200454968	0.48454	0.38824	8439.97852	0.10059	11351	0	0.51322	0.36541	1	0.51022	0.37010	1	0.51172	0.36775	1	0.47836	0.53657	11.33713	1.08383	1	0.74140	0.55917	12.14421	1.09251	1	-0.00518	-0.00955	0.67718	0.00380	1	0.06539	-0.01475	0.70726	0.00363	1	1.45898	0.81042	0	
1251341	8440.09277	3305200522401	0.49789	0.37636	8439.97852	0.10059	11351	0	0.51225	0.35888	1	0.51022	0.37010	1	0.51123	0.36449	1	0.47843	0.53672	11.31976	1.09251	1	0.74156	0.55938	12.05591	1.09251	1	-0.00518	-0.00955	0.67718	0.00370	1	0.06431	-0.01449	0.69504	0.00359	1	1.45898	0.81042	0	
1251342	8440.09961	3305200589140	0.50598	0.38361	8439.97852	0.10059	11351	0	0.53756	0.36861	1	0.50677	0.42761	1	0.52217	0.39811	1	0.47871	0.53673	11.53784	1.09251	1	0.74141	0.55951	12.44794	1.08383	1	-0.00518	-0.00955	0.67718	0.00351	1	0.06431	-0.01449	0.69504	0.00379	1	1.45898	0.81042	0	
1251343	8440.10645	3305200656478	0.51065	0.38856	8440.08594	0.02051	11352	1	0.54125	0.35531	1	0.50808	0.45149	1	0.52467	0.40340	1	0.47879	0.53661	11.52632	1.08383	1	0.74146	0.55969	12.01483	1.07515	1	-0.00518	-0.00955	0.67718	0.00357	1	0.06431	-0.01449	0.69504	0.00382	1	1.45898	0.81042	0	
1251344	8440.11328	3305200723396	0.51348	0.39279	8440.08594	0.02734	11352	1	0.54203	0.36191	1	0.50750	0.45756	1	0.52476	0.40974	1	0.47847	0.53642	11.13668	1.07515	1	0.74170	0.55852	11.89094	1.06647	1	-0.00518	-0.00955	0.67718	0.00366	1	0.06431	-0.01449	0.69504	0.00401	1	1.45898	0.81042	0	
1251345	8440.11914	3305200790114	0.51371	0.39123	8440.08594	0.03320	11352	1	0.52668	0.42935	1	0.50311	0.33750	1	0.51489	0.38343	1	0.47850	0.53711	11.29116	1.06647	1	0.74170	0.55852	11.89094	1.06647	1	-0.00518	-0.00955	0.67718	0.00368	1	0.06431	-0.01449	0.69504	0.00402	1	1.45898	0.81042	0	
1251346	8440.12598	3305200857239	0.51179	0.39097	8440.08594	0.04004	11352	1	0.53037	0.40458	1	0.47012	0.37423	1	0.50025	0.38941	1	0.47855	0.53701	11.57484	1.06647	1	0.74162	0.55915	12.12855	1.06647	1	-0.00518	-0.00955	0.67718	0.00348	1	0.06431	-0.01449	0.69504	0.00373	1	1.45898	0.81042	0	
1251347	8440.13281	3305200922901	0.51035	0.39078	8440.08594	0.04688	11352	1	0.53037	0.40458	1	0.47012	0.37423	1	0.50025	0.38941	1	0.47900	0.53666	11.13404	1.06647	1	0.74155	0.55923	12.19851	1.06647	1	-0.00518	-0.00955	0.67718	0.00356	1	0.06431	-0.01449	0.69504	0.00380	1	1.45898	0.81042	0	
1251348	8440.13965	3305200990801	0.51017	0.39571	8440.08594	0.05371	11352	1	0.54299	0.41819	1	0.47448	0.45213	1	0.50873	0.43516	1	0.47917	0.53708	11.26839	1.06647	1	0.74164	0.55987	12.53656	1.06647	1	-0.00518	-0.00955	0.67718	0.00360	1	0.06431	-0.01449	0.69504	0.00385	1	1.45898	0.81042	0	
1251349	8440.14648	3305201059573	0.51008	0.39651	8440.08594	0.06055	11352	1	0.54495	0.35295	1	0.47369	0.45447	1	0.50932	0.40371	1	0.47922	0.53617	10.93770	1.06647	1	0.74161	0.55988	12.58026	1.06647	1	-0.00518	-0.00955	0.67718	0.00386	1	0.06431	-0.01449	0.69504	0.00386	1	1.45898	0.81042	0	
1251350	8440.15332	3305201126352	0.51000	0.39741	8440.08594	0.06738	11352	1	0.54495	0.35295	1	0.47342	0.45984	1	0.50919	0.40640	1	0.47908	0.53630	10.58613	1.06647	1	0.74177	0.55983	12.25331	1.05881	1	-0.00518	-0.00955	0.67718	0.00387	1	0.06114	-0.01377	0.66023	0.00385	1	1.45898	0.81042	0	
1251351	8440.16016	3305201192692	0.50874	0.39705	8440.08594	0.07422	11352	1	0.52296	0.32986	1	0.46691	0.45633	1	0.49493	0.39309	1	0.47900	0.53626	10.62380	1.05881	1	0.74155	0.55971	12.44277	1.05115	1	-0.00518	-0.00955	0.67718	0.00371	1	0.06114	-0.01377	0.66023	0.00398	1	1.45898	0.81042	0	
1251352	8440.16602	3305201258900	0.50806	0.39743	8440.08594	0.08008	11352	1	0.53499	0.35399	1	0.46480	0.45000	1	0.49990	0.40199	1	0.47897	0.53647	11.01634	1.05115	1	0.74159	0.55945	12.25827	1.04349	1	-0.00518	-0.00955	0.67718	0.00369	1	0.06114	-0.01377	0.66023	0.00400	1	1.45898	0.81042	0	
1251353	8440.17285	3305201326936	0.50752	0.39860	8440.08594	0.08691	11352	1	0.53652	0.36630	1	0.46436	0.46128	1	0.50044	0.41379	1	0.47906	0.53670	11.12109	1.03547	1	0.74178	0.55865	11.83104	1.02781	1	-0.00497	-0.00931	0.65686	0.00365	1	0.06114	-0.01377	0.66023	0.00430	1	1.45898	0.81042	0	
1251354	8440.17969	3305201394918	0.50689	0.39941	8440.08594	0.09375	11352	1	0.51280	0.41730	1	0.48330	0.40439	1	0.49805	0.41085	1	0.47892	0.53638	10.68971	1.01980	1	0.74183	0.55884	11.76714	1.01980	1	-0.00497	-0.00931	0.65686	0.00368	1	0.06114	-0.01377	0.66023	0.00421	1	1.45898	0.81042	0	
1251355	8440.18652	3305201457060	0.50620	0.39995	8440.08594	0.10059	11352	1	0.51015	0.45111	1	0.48148	0.36497	1	0.49581	0.40804	1	0.47882	0.53652	10.80736	1.01178	1	0.74173	0.55882	11.79521	1.01178	1	-0.00497	-0.00931	0.65686	0.00370	1	0.06114	-0.01377	0.66023	0.00414	1	1.45898	0.81042	0	
1251356	8440.19336	3305201525182	0.50556	0.40001	8440.08594	0.10742	11352	1	0.50903	0.44456	1	0.48189	0.35745	1	0.49546	0.40101	1	0.47898	0.53644	11.14306	1.02086	1	0.74241	0.55926	11.78184	1.02086	1	-0.00521	-0.00990	0.70227	0.00372	1	0.06150	-0.01388	0.66309	0.00412	1	1.45898	0.81042	0	
1251357	8440.20020	3305201594121	0.50597	0.39915	8440.08594	0.11426	11352	1	0.53085	0.40364	1	0.49478	0.36532	1	0.51281	0.38448	1	0.47927	0.53671	11.59883	1.03797	1	0.74238	0.55904	11.91843	1.03797	1	-0.00521	-0.00990	0.70227	0.00382	1	0.06150	-0.01388	0.66309	0.00412	1	1.45898	0.81042	0	
1251358	8440.20703	3305201661302	0.50628	0.39823	8440.08594	0.12109	11352	1	0.53105	0.38133	1	0.49290	0.38196	1	0.51197	0.38164	1	0.47936	0.53633	11.58440	1.05507	1	0.74235	0.55917	11.99573	1.05507	1	-0.00521	-0.00990	0.70227	0.00370	1	0.06150	-0.01388	0.66309	0.00419	1	1.45898	0.81042	0	
1251359	8440.21289	3305201727885	0.50657	0.39694	8440.08594	0.12695	11352	1	0.53025	0.37526	1	0.49374	0.36976	1	0.51199	0.37251	1	0.47932	0.53613	11.47365	1.06309	1	0.74237	0.55959	12.22905	1.07074	1	-0.00506	-0.00971	0.68899	0.00384	1	0.06378	-0.01433	0.68706	0.00418	1	1.45898	0.81042	0	
1251360	8440.21973	3305201793183	0.50589	0.39707	8440.08594	0.13379	11352	1	0.51391	0.40005	1	0.47064	0.39908	1	0.49227	0.39957	1	0.47935	0.53658	11.28030	1.06166	1	0.74241	0.55952	12.17971	1.06932	1	-0.00506	-0.00971	0.68899	0.00379	1	0.06378	-0.01433	0.68706	0.00430	1	1.45898	0.81042	0	
1251361	8440.22656	3305201860863	0.50539	0.39575	8440.08594	0.14062	11352	1	0.51556	0.34649	1	0.47419	0.38953	1	0.49488	0.36801	1	0.47947	0.53627	11.81076	1.06023	1	0.74243	0.55951	12.22206	1.06789	1	-0.00506	-0.00971	0.68899	0.00380	1	0.06378	-0.01433	0.68706	0.00414	1	1.45898	0.81042	0	
1251362	8440.23340	3305201928799	0.50493	0.39459	8440.08594	0.14746	11352	1	0.51572	0.34761	1	0.47414	0.39062	1	0.49493	0.36911	1	0.47992	0.53626	11.23015	1.05881	1	0.74225	0.55973	11.96945	1.06647	1	-0.00506	-0.00971	0.68899	0.00392	1	0.06378	-0.01438	0.68706	0.00408	1	1.45898	0.81042	0	
1251363	8440.24023	3305201998022	0.50450	0.39418	8440.08594	0.15430	11352	1	0.52919	0.35721	1	0.45996	0.41208	1	0.49457	0.38465	1	0.47976	0.53615	10.99229	1.06647	1	0.74231	0.55975	12.05107	1.06647	1	-0.00506	-0.00971	0.68899	0.00395	1	0.06378	-0.01438	0.68706	0.00408	1	1.45898	0.81042	0	
1251364	8440.24707	3305202063672	0.50457	0.39227	8440.08594	0.16113	11352	1	0.53047	0.34114	1	0.48218	0.35207	1	0.50633	0.34661	1	0.47980	0.53597	10.98203	1.06647	1	0.74250	0.55917	11.72898	1.06647	1	-0.00506	-0.00971	0.68899	0.00396	1	0.06378	-0.01438	0.68706	0.00398	1	1.45898	0.81042	0	
1251365	8440.25391	3305202131331	0.50464	0.39063	8440.08594	0.16797	11352	1	0.53047	0.34114	1	0.48185	0.35818	1	0.50616	0.34966	1	0.47971	0.53635	11.37857	1.06647	1	0.74292	0.55926	11.90041	1.05881	1	-0.00506	-0.00971	0.68899	0.00385	1	0.06038	-0.01365	0.64997	0.00392	1	1.45898	0.81042	0	
1251366	8440.26074	3305202197768	0.50459	0.39083	8440.08594	0.17480	11352	1	0.51951	0.40651	1	0.48719	0.38559	1	0.50335	0.39605	1	0.47990	0.53698	11.87794	1.05881	1	0.74267	0.55935	11.38721	1.05115	1	-0.00506	-0.00971	0.68899	0.00362	1	0.06038	-0.01365	0.64997	0.00397	1	1.45898	0.81042	0	
1251367	8440.26660	3305202263553	0.50442	0.39027	8440.08594	0.18066	11352	1	0.50796	0.41120	1	0.49200	0.33876	1	0.49998	0.37498	1	0.47974	0.53679	11.31889	1.05115	1	0.74267	0.55929	11.29617	1.04349	1	-0.00506	-0.00971	0.68899	0.00370	1	0.06038	-0.01365	0.64997	0.00395	1	1.45898	0.81042	0	
1251368	8440.27344	3305202332240	0.50429	0.39016	8440.08594	0.18750	11352	1	0.50984	0.42268	1	0.49116	0.35175	1	0.50050	0.38721	1	0.47986	0.53647	10.98640	1.03547	1	0.74276	0.55948	11.28266	1.02781	1	-0.00477	-0.00924	0.65567	0.00372	1	0.06038	-0.01365	0.64997	0.00400	1	1.45898	0.81042	0	
1251369	8440.28027	3305202397920	0.50446	0.39002	8440.08594	0.19434	11352	1	0.51440	0.34846	1	0.50421	0.42307	1	0.50931	0.38577	1	0.47984	0.53574	11.11641	1.01980	1	0.74298	0.56001	11.96031	1.01980	1	-0.00477	-0.00924	0.65567	0.00400	1	0.06038	-0.01365	0.64997	0.00383	1	1.45898	0.81042	0	
1251370	8440.28711	3305202464945	0.50462	0.39036	8440.08594	0.20117	11352	1	0.51572	0.36057	1	0.50334	0.44046	1	0.50953	0.40051	1	0.47984	0.53574	11.11641	1.01178	1	0.74301	0.56012	12.73280	1.01178	1	-0.00477	-0.00924	0.65567	0.00400	1	0.06038	-0.01365	0.64997	0.00376	1	1.45898	0.81042	0	
1251371	8440.29395	3305202531831	0.50477	0.39045	8440.08594	0.20801	11352	1	0.51465	0.35321	1	0.50394	0.43360	1	0.50930	0.39341	1	0.47990	0.53606	11.14677	1.02086	1	0.74317	0.55978	12.01323	1.02086	1	-0.00501	-0.00991	0.70319	0.00398	1	0.06131	-0.01384	0.65892	0.00385	1	1.45898	0.81042	0	
1251372	8440.30078	3305202598677	0.50520	0.39044	8440.08594	0.21484	11352	1	0.52201	0.38435	1	0.51597	0.39561	1	0.51899	0.38998	1	0.48001	0.53633	11.51532	1.03797	1	0.74312	0.55981	12.08741	1.03797	1	-0.00501	-0.00991	0.70319	0.00388	1	0.06131	-0.01384	0.65892	0.00388	1	1.45898	0.81042	0	
1251373	8440.30664	3305202665994	0.50528	0.38947	8440.08594	0.22070	11352	1	0.50961	0.32025	1	0.50634	0.39515	1	0.50797	0.35770	1	0.47981	0.53573	11.04214	1.05507	1	0.74305	0.55998	12.18467	1.05507	1	-0.00501	-0.00991	0.70319	0.00400	1	0.06131	-0.01384	0.65892	0.00380	1	1.45898	0.81042	0	
1251374	8440.31348	3305202731955	0.50534	0.38818	8440.08594	0.22754	11352	1	0.50761	0.30630	1	0.50746	0.38204	1	0.50754	0.34417	1	0.47973	0.53663	11.37073	1.07217	1	0.74307	0.55994	12.09861	1.07217	1	-0.00501	-0.00991	0.70319	0.00369	1	0.06038	-0.01365	0.64997	0.00385	1	1.45898	0.81042	0	
1251375	8440.32031	3305202798711	0.50568	0.38858	8440.08594	0.23438	11352	1	0.51370	0.41025	1	0.52152	0.39513	1	0.51761	0.40269	1	0.47985	0.53684	11.21310	1.07217	1	0.74316	0.56016	12.34750	1.07217	1	-0.00501	-0.00991	0.70319	0.00372	1	0.06038	-0.01365	0.64997	0.00382	1	1.45898	0.81042	0	
1251376	8440.32715	3305202867336	0.50568	0.38890	8440.08594	0.24121	11352	1	0.51352	0.40688	1	0.49775	0.39409	1	0.50564	0.40048	1	0.47985	0.53684	11.21310	1.07217	1	0.74277	0.55998	11.52096	1.07217	1	-0.00501	-0.00991	0.70319	0.00372	1	0.06038	-0.01365	0.64997	0.00381	1	1.45898	0.81042	0	
1251377	8440.33398	3305202934112	0.50569	0.38939	8440.08594	0.24805	11352	1	0.51455	0.41344	1	0.49723	0.40094	1	0.50589	0.40719	1	0.47981	0.53634	10.94974	1.06309	1	0.74262	0.56007	11.96532	1.06309	1	-0.00493	-0.00952	0.67141	0.00373	1	0.06038	-0.01370	0.64997	0.00375	1	1.45898	0.81042	0	
1251378	8440.34082	3305203001143	0.50580	0.38909	8440.08594	0.25488	11352	1	0.51273	0.34515	1	0.50778	0.41054	1	0.51025	0.37784	1	0.47993	0.53603	11.06871	1.05400	1	0.74307	0.56005	12.29602	1.05400	1	-0.00493	-0.00952	0.67141	0.00381	1	0.06038	-0.01370	0.64997	0.00379	1	1.45898	0.81042	0	
1251379	8440.34766	3305203067691	0.50579	0.38958	8440.08594	0.26172	11352	1	0.52254	0.40713	1	0.48759	0.41048	1	0.50506	0.40881	1	0.47993	0.53671	11.44376	1.04491	1	0.74264	0.56004	11.88494	1.04491	1	-0.00493	-0.00952	0.67141	0.00361	1	0.06038	-0.01370	0.64997	0.00384	1	1.45898	0.81042	0	
1251380	8440.35352	3305203132909	0.50577	0.39022	8440.08594	0.26758	11352	1	0.52352	0.41385	1	0.48714	0.41737	1	0.50533	0.41561	1	0.47985	0.53655	11.08708	1.03583	1	0.74275	0.56010	11.63374	1.03583	1	-0.00506	-0.00971	0.68899	0.00365	1	0.06038	-0.01370	0.64997	0.00381	1	1.45898	0.81042	0	
1251381	8440.36035	3305203201653	0.50571	0.39006	8440.08594	0.27441	11352	1	0.51645	0.38344	1	0.48932	0.38392	1	0.50288	0.38368	1	0.47992	0.53640	11.09055	1.03583	1	0.74267	0.55977	12.47918	1.03583	1	-0.00506	-0.00971	0.68899	0.00371	1	0.06038	-0.01370	0.64997	0.00382	1	1.45898	0.81042	0	
1251382	8440.36719	3305203268838	0.50563	0.39032	8440.08594	0.28125	11352	1	0.51444	0.39059	1	0.49067	0.41143	1	0.50256	0.40101	1	0.47990	0.53653	11.09278	1.03583	1	0.74280	0.55993	12.63603	1.03583	1	-0.00506	-0.00971	0.68899	0.00364	1	0.06038	-0.01370	0.64997	0.00382	1	1.45898	0.81042	0	
1251383	8440.37402	3305203335464	0.50556	0.39056	8440.08594	0.28809	11352	1	0.51444	0.39059	1	0.49067	0.41143	1	0.50256	0.40101	1	0.47970	0.53665	11.10700	1.03583	1	0.74256	0.55972	12.11559	1.03583	1	-0.00506	-0.00971	0.68899	0.00360	1	0.06038	-0.01375	0.64997	0.00388	1	1.45898	0.81042	0	
1251384	8440.37988	3305203397948	0.50568	0.39142	8440.08594	0.29395	11352	1	0.53895	0.43571	1	0.48262	0.42292	1	0.51078	0.42932	1	0.47984	0.53695	11.32664	1.03583	1	0.74258	0.56013	12.28844	1.03583	1	-0.00506	-0.00971	0.68899	0.00375	1	0.06038	-0.01375	0.64997	0.00374	1	1.45898	0.81042	0	
1251385	8440.38770	3305203470584	0.50574	0.39180	8440.08594	0.30176	11352	1	0.54019	0.38976	1	0.47662	0.42771	1	0.50840	0.40873	1	0.47990	0.53645	10.74665	1.03583	1	0.74254	0.56001	12.25882	1.03583	1	-0.00506	-0.00971	0.68899	0.00388	1	0.06038	-0.01375	0.64997	0.00379	1	1.45898	0.81042	0	
1251386	8440.39355	3305203535518	0.50580	0.39210	8440.08594	0.30762	11352	1	0.54019	0.38976	1	0.47692	0.42198	1	0.50855	0.40587	1	0.47999	0.53665	11.32634	1.03583	1	0.74237	0.56038	12.09202	1.04349	1	-0.00493	-0.00952	0.67141	0.00364	1	0.06378	-0.01453	0.68706	0.00378	1	1.45898	0.81042	0	
1251387	8440.40039	3305203602903	0.50574	0.39195	8440.08594	0.31445	11352	1	0.53231	0.33483	1	0.47393	0.43500	1	0.50312	0.38491	1	0.47982	0.53665	11.17998	1.04349	1	0.74242	0.56041	12.48678	1.05115	1	-0.00493	-0.00952	0.67141	0.00363	1	0.06378	-0.01453	0.68706	0.00381	1	1.45898	0.81042	0	
1251388	8440.40723	3305203667810	0.50625	0.39320	8440.08594	0.32129	11352	1	0.56153	0.45323	1	0.45634	0.44377	1	0.50893	0.44850	1	0.48011	0.53723	11.78121	1.05115	1	0.74216	0.56059	12.38608	1.05881	1	-0.00493	-0.00952	0.67141	0.00369	1	0.06378	-0.01453	0.68706	0.00382	1	1.45898	0.81042	0	
1251389	8440.41406	3305203735884	0.50620	0.39484	8440.08594	0.32812	11352	1	0.56095	0.44795	1	0.45650	0.43829	1	0.50872	0.44312	1	0.47979	0.53657	11.00508	1.05881	1	0.74216	0.56059	12.38608	1.06647	1	-0.00493	-0.00952	0.67141	0.00369	1	0.06378	-0.01453	0.68706	0.00381	1	1.45898	0.81042	0	
1251390	8440.42090	3305203801479	0.50593	0.39479	8440.08594	0.33496	11352	1	0.54190	0.38188	1	0.47707	0.40976	1	0.50948	0.39582	1	0.47993	0.53660	11.16156	1.06647	1	0.74252	0.56018	12.08839	1.06647	1	-0.00493	-0.00952	0.67141	0.00367	1	0.06378	-0.01453	0.68706	0.00377	1	1.45898	0.81042	0	
1251391	8440.42676	3305203866620	0.50531	0.39414	8440.08594	0.34082	11352	1	0.52153	0.34235	1	0.46782	0.40171	1	0.49468	0.37203	1	0.47963	0.53648	10.97092	1.06647	1	0.74233	0.56026	12.04737	1.06647	1	-0.00493	-0.00952	0.67141	0.00378	1	0.06378	-0.01453	0.68706	0.00377	1	1.45898	0.81042	0	
1251392	8440.43359	3305203935593	0.50468	0.39335	8440.08594	0.34766	11352	1	0.52153	0.34235	1	0.46782	0.40171	1	0.49468	0.37203	1	0.47946	0.53650	11.42340	1.06647	1	0.74241	0.56038	12.06154	1.06647	1	-0.00493	-0.00952	0.67141	0.00363	1	0.06378	-0.01453	0.68706	0.00386	1	1.45898	0.81042	0	
1251393	8440.44043	3305204001018	0.50444	0.39374	8440.08594	0.35449	11352	1	0.53694	0.37096	1	0.46989	0.43295	1	0.50342	0.40195	1	0.47989	0.53694	11.36646	1.06647	1	0.74236	0.56047	12.03590	1.06647	1	-0.00493	-0.00952	0.67141	0.00358	1	0.06378	-0.01453	0.68706	0.00384	1	1.45898	0.81042	0	
1251394	8440.44727	3305204069918	0.50422	0.39406	8440.08594	0.36133	11352	1	0.52865	0.36717	1	0.45049	0.44216	1	0.48957	0.40467	1	0.47978	0.53744	11.58426	1.06647	1	0.74201	0.56072	12.62697	1.06647	1	-0.00493	-0.00952	0.67141	0.00359	1	0.06378	-0.01453	0.68706	0.00385	1	1.45898	0.81042	0	
1251395	8440.45410	3305204139426	0.50400	0.39438	8440.08594	0.36816	11352	1	0.52865	0.36717	1	0.45049	0.44216	1	0.48957	0.40467	1	0.47966	0.53732	10.94084	1.06647	1	0.74205	0.56012	12.57808	1.06647	1	-0.00493	-0.00952	0.67141	0.00365	1	0.06378	-0.01448	0.68706	0.00390	1	1.45898	0.81042	0	
1251396	8440.46094	3305204206231	0.50362	0.39366	8440.08594	0.37500	11352	1	0.52199	0.39066	1	0.45957	0.41115	1	0.49078	0.40090	1	0.47963	0.53729	10.99497	1.06647	1	0.74223	0.56017	12.33032	1.06647	1	-0.00493	-0.00952	0.67141	0.00366	1	0.06378	-0.01448	0.68706	0.00387	1	1.45898	0.81042	0	
1251397	8440.46777	3305204271931	0.50345	0.39310	8440.08594	0.38184	11352	1	0.53074	0.39574	1	0.47105	0.35800	1	0.50090	0.37687	1	0.47981	0.53719	10.89015	1.06647	1	0.74226	0.55987	12.13956	1.06647	1	-0.00493	-0.00952	0.67141	0.00376	1	0.06378	-0.01448	0.68706	0.00394	1	1.45898	0.81042	0	
1251398	8440.47461	3305204340358	0.50328	0.39249	8440.08594	0.38867	11352	1	0.53074	0.39574	1	0.47105	0.35800	1	0.50090	0.37687	1	0.47925	0.53750	10.66124	1.06647	1	0.74219	0.56023	12.27877	1.06647	1	-0.00493	-0.00952	0.67141	0.00379	1	0.06378	-0.01453	0.68706	0.00387	1	1.45898	0.81042	0	
1251399	8440.48145	3305204407327	0.50325	0.39116	8440.08594	0.39551	11352	1	0.52258	0.29415	1	0.46450	0.36428	1	0.49354	0.32921	1	0.47969	0.53685	10.72486	1.06647	1	0.74233	0.55992	12.06577	1.06647	1	-0.00493	-0.00952	0.67141	0.00377	1	0.06378	-0.01453	0.68706	0.00400	1	1.45898	0.81042	0	
1251400	8440.48828	3305204474624	0.50298	0.39085	8440.08594	0.40234	11352	1	0.50341	0.37853	1	0.47101	0.39604	1	0.48721	0.38728	1	0.47933	0.53732	11.14233	1.06647	1	0.74238	0.56006	11.92230	1.06647	1	-0.00493	-0.00952	0.67141	0.00364	1	0.06378	-0.01453	0.68706	0.00392	1	1.45898	0.81042	0	
1251401	8440.49512	3305204541482	0.50271	0.39030	8440.08594	0.40918	11352	1	0.50341	0.37853	1	0.47101	0.39604	1	0.48721	0.38728	1	0.47979	0.53729	11.01473	1.06647	1	0.74238	0.56006	11.92230	1.06647	1	-0.00493	-0.00952	0.67141	0.00365	1	0.06378	-0.01453	0.68706	0.00392	1	1.45898	0.81042	0	
1251402	8440.50098	3305204608307	0.50260	0.39042	8440.08594	0.41504	11352	1	0.52575	0.42392	1	0.46027	0.40977	1	0.49301	0.41684	1	0.47966	0.53741	11.15677	1.06647	1	0.74218	0.56042	12.46055	1.06647	1	-0.00493	-0.00952	0.67141	0.00377	1	0.06378	-0.01453	0.68706	0.00387	1	1.45898	0.81042	0	
1251403	8440.50781	3305204675298	0.50263	0.38997	8440.08594	0.42188	11352	1	0.51832	0.36862	1	0.47602	0.40378	1	0.49717	0.38620	1	0.47959	0.53744	11.04517	1.06647	1	0.74245	0.56019	12.06623	1.06647	1	-0.00493	-0.00952	0.67141	0.00371	1	0.06378	-0.01453	0.68706	0.00391	1	1.45898	0.81042	0	
1251404	8440.51465	3305204742027	0.50267	0.38966	8440.08594	0.42871	11352	1	0.51832	0.36862	1	0.47602	0.40378	1	0.49717	0.38620	1	0.47976	0.53702	10.99971	1.06647	1	0.74242	0.56034	12.37519	1.06647	1	-0.00493	-0.00952	0.67141	0.00372	1	0.06378	-0.01453	0.68706	0.00385	1	1.45898	0.81042	0	
1251405	8440.52148	3305204808115	0.50239	0.38901	8440.08594	0.43555	11352	1	0.53221	0.32271	1	0.46658	0.38401	1	0.49939	0.35336	1	0.47986	0.53718	11.11897	1.06647	1	0.74229	0.56002	12.37538	1.06647	1	-0.00493	-0.00952	0.67141	0.00375	1	0.06378	-0.01453	0.68706	0.00402	1	1.45898	0.81042	0	
1251406	8440.52832	3305204875882	0.50229	0.38911	8440.08594	0.44238	11352	1	0.55040	0.36842	1	0.46413	0.40454	1	0.50727	0.38648	1	0.47978	0.53691	11.02425	1.06647	1	0.74232	0.56040	12.37812	1.06647	1	-0.00493	-0.00952	0.67141	0.00377	1	0.06378	-0.01453	0.68706	0.00384	1	1.45898	0.81042	0	
1251407	8440.53516	3305204944062	0.50219	0.38940	8440.08594	0.44922	11352	1	0.55040	0.36842	1	0.46413	0.40454	1	0.50727	0.38648	1	0.47987	0.53692	11.18252	1.06647	1	0.74245	0.56034	12.29472	1.06647	1	-0.00493	-0.00952	0.67141	0.00347	1	0.06378	-0.01453	0.68706	0.00386	1	1.45898	0.81042	0	
1251408	8440.54102	3305205010188	0.50227	0.38892	8440.08594	0.45508	11352	1	0.52079	0.32780	1	0.47164	0.42456	1	0.49621	0.37618	1	0.47967	0.53657	10.98259	1.06647	1	0.74235	0.56038	12.26262	1.06647	1	-0.00493	-0.00952	0.67141	0.00353	1	0.06378	-0.01453	0.68706	0.00387	1	1.45898	0.81042	0	
1251409	8440.54785	3305205077056	0.50255	0.38950	8440.08594	0.46191	11352	1	0.53957	0.34361	1	0.47705	0.44859	1	0.50831	0.39610	1	0.47992	0.53686	11.14785	1.06647	1	0.74245	0.56055	12.06289	1.06647	1	-0.00493	-0.00952	0.67141	0.00357	1	0.06378	-0.01453	0.68706	0.00387	1	1.45898	0.81042	0	
1251410	8440.55469	3305205144173	0.50283	0.39006	8440.08594	0.46875	11352	1	0.53957	0.34361	1	0.47705	0.44859	1	0.50831	0.39610	1	0.47977	0.53640	10.86995	1.06647	1	0.74228	0.56058	12.37230	1.06647	1	-0.00493	-0.00952	0.67141	0.00370	1	0.06378	-0.01453	0.68706	0.00383	1	1.45898	0.81042	0	
1251411	8440.56152	3305205209064	0.50295	0.39015	8440.08594	0.47559	11352	1	0.53202	0.34796	1	0.46878	0.42990	1	0.50040	0.38893	1	0.47975	0.53635	10.84075	1.06647	1	0.74229	0.56049	12.21251	1.06647	1	-0.00493	-0.00952	0.67141	0.00375	1	0.06378	-0.01453	0.68706	0.00378	1	1.45898	0.81042	0	
1251412	8440.56836	3305205278595	0.50282	0.39126	8440.08594	0.48242	11352	1	0.53504	0.36281	1	0.46542	0.43663	1	0.50023	0.39972	1	0.47988	0.53655	10.99540	1.06647	1	0.74228	0.56044	12.30870	1.06647	1	-0.00493	-0.00952	0.67141	0.00369	1	0.06378	-0.01453	0.68706	0.00376	1	1.45898	0.81042	0	
1251413	8440.57520	3305205344951	0.50270	0.39230	8440.08594	0.48926	11352	1	0.53504	0.36281	1	0.46542	0.43663	1	0.50023	0.39972	1	0.47996	0.53650	10.90211	1.06647	1	0.74220	0.56062	12.18176	1.06647	1	-0.00493	-0.00952	0.67141	0.00369	1	0.06378	-0.01448	0.68706	0.00383	1	1.45898	0.81042	0	
1251414	8440.58203	3305205412377	0.50273	0.39289	8440.08594	0.49609	11352	1	0.55704	0.40260	1	0.45255	0.44563	1	0.50480	0.42412	1	0.48015	0.53678	11.22443	1.06647	1	0.74210	0.56030	12.54203	1.06647	1	-0.00493	-0.00952	0.67141	0.00370	1	0.06378	-0.01448	0.68706	0.00386	1	1.45898	0.81042	0	
1251415	8440.58887	3305205479227	0.50261	0.39424	8440.08594	0.50293	11352	1	0.54633	0.39531	1	0.44179	0.48488	1	0.49406	0.44010	1	0.48001	0.53660	11.09632	1.06647	1	0.74200	0.56047	12.73326	1.06647	1	-0.00493	-0.00952	0.67141	0.00371	1	0.06378	-0.01448	0.68706	0.00382	1	1.45898	0.81042	0	
1251416	8440.59473	3305205542451	0.50247	0.39534	8440.08594	0.50879	11352	1	0.54633	0.39531	1	0.44179	0.48488	1	0.49406	0.44010	1	0.47989	0.53677	11.33835	1.06647	1	0.74248	0.55988	12.15210	1.06647	1	-0.00493	-0.00952	0.67141	0.00366	1	0.06378	-0.01443	0.68706	0.00377	1	1.45898	0.81042	0	
1251417	8440.60156	3305205609417	0.50224	0.39540	8440.08594	0.51562	11352	1	0.53570	0.38673	1	0.46007	0.39040	1	0.49789	0.38856	1	0.47982	0.53687	11.39910	1.06647	1	0.74221	0.56013	12.32788	1.06647	1	-0.00493	-0.00952	0.67141	0.00364	1	0.06378	-0.01443	0.68706	0.00380	1	1.45898	0.81042	0	
1251418	8440.60840	3305205677055	0.50210	0.39523	8440.08594	0.52246	11352	1	0.54508	0.41501	1	0.46063	0.36921	1	0.50285	0.39211	1	0.47999	0.53692	11.72487	1.06647	1	0.74220	0.55979	11.99054	1.06647	1	-0.00493	-0.00952	0.67141	0.00362	1	0.06378	-0.01443	0.68706	0.00397	1	1.45898	0.81042	0	
1251419	8440.61523	3305205744397	0.50196	0.39526	8440.08594	0.52930	11352	1	0.54508	0.41501	1	0.46045	0.37518	1	0.50276	0.39510	1	0.48007	0.53678	11.45054	1.06647	1	0.74233	0.56015	11.86425	1.05881	1	-0.00506	-0.00971	0.68899	0.00371	1	0.06038	-0.01370	0.64997	0.00392	1	1.45898	0.81042	0	
1251420	8440.62207	3305205813984	0.50171	0.39499	8440.08594	0.53613	11352	1	0.54819	0.37752	1	0.46589	0.37668	1	0.50704	0.37710	1	0.48008	0.53661	11.33638	1.05881	1	0.74228	0.55987	12.05787	1.05115	1	-0.00506	-0.00971	0.68899	0.00385	1	0.06038	-0.01370	0.64997	0.00385	1	1.45898	0.81042	0	
1251421	8440.62891	3305205880936	0.50180	0.39570	8440.08594	0.54297	11352	1	0.54976	0.41842	1	0.47425	0.36485	1	0.51201	0.39163	1	0.48003	0.53689	11.76434	1.05115	1	0.74247	0.55962	11.70896	1.04349	1	-0.00506	-0.00971	0.68899	0.00366	1	0.06038	-0.01370	0.64997	0.00387	1	1.45898	0.81042	0	
1251422	8440.63574	3305205948958	0.50189	0.39681	8440.08594	0.54980	11352	1	0.55041	0.42396	1	0.47397	0.37099	1	0.51219	0.39747	1	0.47983	0.53594	11.03895	1.04349	1	0.74278	0.55966	11.17506	1.03583	1	-0.00493	-0.00942	0.67141	0.00388	1	0.06038	-0.01360	0.64997	0.00387	1	1.45898	0.81042	0	
1251423	8440.64258	3305206016419	0.50189	0.39504	8440.08594	0.55664	11352	1	0.53992	0.34152	1	0.49489	0.29351	1	0.51741	0.31752	1	0.47988	0.53600	11.16309	1.03583	1	0.74270	0.55879	11.01688	1.03583	1	-0.00493	-0.00942	0.67141	0.00392	1	0.06038	-0.01360	0.64997	0.00410	1	1.45898	0.81042	0	
1251424	8440.64844	3305206082558	0.50213	0.39480	8440.08594	0.56250	11352	1	0.54014	0.35124	1	0.49418	0.42726	1	0.51716	0.38925	1	0.47986	0.53598	11.10895	1.03583	1	0.74279	0.55960	10.89412	1.03583	1	-0.00493	-0.00942	0.67141	0.00392	1	0.06038	-0.01360	0.64997	0.00383	1	1.45898	0.81042	0	
1251425	8440.65527	3305206148876	0.50236	0.39443	8440.08594	0.56934	11352	1	0.54014	0.35124	1	0.49418	0.42726	1	0.51716	0.38925	1	0.47986	0.53621	11.20100	1.03583	1	0.74253	0.55961	11.55515	1.03583	1	-0.00493	-0.00932	0.67141	0.00379	1	0.06038	-0.01360	0.64997	0.00379	1	1.45898	0.81042	0	
1251426	8440.66211	3305206215620	0.50230	0.39529	8440.08594	0.57617	11352	1	0.54525	0.41332	1	0.46956	0.42470	1	0.50741	0.41901	1	0.47996	0.53685	11.60627	1.03583	1	0.74237	0.55967	11.82766	1.03583	1	-0.00493	-0.00932	0.67141	0.00357	1	0.06038	-0.01360	0.64997	0.00377	1	1.45898	0.81042	0	
1251427	8440.66895	3305206282963	0.50247	0.39447	8440.08594	0.58301	11352	1	0.53493	0.33491	1	0.49091	0.40404	1	0.51292	0.36947	1	0.47981	0.53592	10.92927	1.03583	1	0.74274	0.55945	11.14349	1.03583	1	-0.00493	-0.00932	0.67141	0.00393	1	0.06038	-0.01360	0.64997	0.00390	1	1.45898	0.81042	0	
1251428	8440.67578	3305206350022	0.50218	0.39410	8440.08594	0.58984	11352	1	0.53493	0.33491	0	0.49131	0.39813	1	0.49131	0.39813	1	0.47981	0.53592	10.92927	1.03583	0	0.48000	0.53674	11.50028	1.04349	1	-0.00493	-0.00932	0.67141	0.00393	1	-0.00493	-0.00932	0.67141	0.00351	1	1.45898	0.81042	0	
1251429	8440.68262	3305206417140	0.49956	0.39354	8440.08594	0.59668	11352	1	0.53493	0.33491	0	0.37734	0.35684	1	0.37734	0.35684	1	0.47981	0.53592	10.92927	1.04349	0	0.47984	0.53657	10.93832	1.05115	1	-0.00493	-0.00932	0.67141	0.00393	1	-0.00493	-0.00932	0.67141	0.00357	1	1.45898	0.81042	0	
1251430	8440.68848	3305206483855	0.49757	0.39305	8440.08594	0.60254	11352	1	0.53493	0.33491	0	0.40714	0.37739	1	0.40714	0.37739	1	0.47981	0.53592	10.92927	1.05115	0	0.48002	0.53685	11.30683	1.05881	1	-0.00493	-0.00932	0.67141	0.00393	1	-0.00493	-0.00932	0.67141	0.00361	1	1.45898	0.81042	0	
1251431	8440.69531	3305206550665	0.49558	0.39244	8440.08594	0.60938	11352	1	0.53493	0.33491	0	0.40695	0.37147	1	0.40695	0.37147	1	0.47981	0.53592	10.92927	1.05881	0	0.48012	0.53650	11.41732	1.06647	1	-0.00493	-0.00932	0.67141	0.00393	1	-0.00493	-0.00932	0.67141	0.00358	1	1.45898	0.81042	0	
1251432	8440.70215	3305206617594	0.49321	0.39041	8440.08594	0.61621	11352	1	0.53493	0.33491	0	0.39712	0.33193	1	0.39712	0.33193	1	0.47981	0.53592	10.92927	1.06647	0	0.47982	0.53657	10.87803	1.06647	1	-0.00493	-0.00932	0.67141	0.00393	1	-0.00493	-0.00932	0.67141	0.00363	1	1.45898	0.81042	0	
1251433	8440.70898	3305206684570	0.46387	0.37101	8440.08594	0.61621	11352	0	0.53493	0.33491	0	0.40234	0.33441	1	0.40234	0.33441	1	0.47981	0.53592	10.92927	1.06647	0	0.48035	0.53651	11.30721	1.06647	1	-0.00493	-0.00932	0.67141	0.00393	1	-0.00493	-0.00932	0.67141	0.00365	1	1.45898	0.81042	0	
1251434	8440.71582	3305206751909	0.43310	0.35271	8440.08594	0.61621	11352	0	0.53493	0.33491	0	0.40234	0.33441	1	0.40234	0.33441	1	0.47981	0.53592	10.92927	1.06647	0	0.48005	0.53609	10.94095	1.06647	1	-0.00493	-0.00932	0.67141	0.00393	1	-0.00493	-0.00932	0.67141	0.00362	1	1.45898	0.81042	0	
1251435	8440.72266	3305206819282	0.42669	0.33766	8440.08594	0.61621	11352	0	0.53493	0.33491	0	0.41388	0.30757	1	0.41388	0.30757	1	0.47981	0.53592	10.92927	1.06647	0	0.47996	0.53585	10.86441	1.06647	1	-0.00493	-0.00932	0.67141	0.00393	1	-0.00493	-0.00932	0.67141	0.00378	1	1.45898	0.81042	0	
1251436	8440.72949	3305206886652	0.41950	0.32380	8440.70898	0.02051	11353	1	0.53493	0.33491	0	0.39793	0.28220	1	0.39793	0.28220	1	0.47981	0.53592	10.92927	1.06647	0	0.47986	0.53569	10.95504	1.06647	1	-0.00493	-0.00932	0.67141	0.00393	1	-0.00493	-0.00932	0.67141	0.00359	1	1.45898	0.81042	0	
1251437	8440.73633	3305206954017	0.41519	0.31548	8440.70898	0.02734	11353	1	0.53493	0.33491	0	0.39793	0.28220	1	0.39793	0.28220	1	0.47981	0.53592	10.92927	1.06647	0	0.47986	0.53586	10.89152	1.06647	1	-0.00493	-0.00932	0.67141	0.00393	1	-0.00493	-0.00932	0.67141	0.00351	1	1.45898	0.81042	0	
1251438	8440.74219	3305207019577	0.42985	0.32898	8440.70898	0.03320	11353	1	0.53674	0.36937	1	0.46950	0.42359	1	0.50312	0.39648	1	0.47985	0.53617	11.27258	1.06647	1	0.74235	0.55947	12.08615	1.06647	1	-0.00493	-0.00932	0.67141	0.00358	1	-0.00493	-0.00932	0.67141	0.00375	1	1.45898	0.81042	0	
1251439	8440.74902	3305207086730	0.43948	0.34000	8440.70898	0.04004	11353	1	0.53609	0.36842	1	0.45842	0.44379	1	0.49726	0.40611	1	0.47987	0.53615	11.12374	1.06647	1	0.74222	0.55968	12.50490	1.06647	1	-0.00493	-0.00932	0.67141	0.00359	1	-0.00493	-0.00932	0.67141	0.00374	1	1.45898	0.81042	0	
1251440	8440.75586	3305207153504	0.44670	0.34826	8440.70898	0.04688	11353	1	0.53609	0.36842	1	0.45842	0.44379	1	0.49726	0.40611	1	0.47928	0.53623	11.17685	1.06647	1	0.74230	0.55953	12.46959	1.06647	1	-0.00493	-0.00932	0.67141	0.00360	1	0.06378	-0.01433	0.68706	0.00381	1	1.45898	0.81042	0	
1251441	8440.76270	3305207220691	0.45312	0.35495	8440.70898	0.05371	11353	1	0.55497	0.36444	1	0.45399	0.45255	1	0.50448	0.40849	1	0.47973	0.53590	10.85821	1.06647	1	0.74212	0.55967	12.82477	1.06647	1	-0.00493	-0.00932	0.67141	0.00352	1	0.06378	-0.01433	0.68706	0.00381	1	1.45898	0.81042	0	
1251442	8440.76953	3305207287594	0.45945	0.35856	8440.70898	0.06055	11353	1	0.55790	0.36091	1	0.47501	0.42110	1	0.51645	0.39101	1	0.47981	0.53598	10.87848	1.06647	1	0.74249	0.55957	12.27109	1.06647	1	-0.00493	-0.00932	0.67141	0.00348	1	0.06378	-0.01433	0.68706	0.00379	1	1.45898	0.81042	0	
1251443	8440.77637	3305207354124	0.46463	0.36151	8440.70898	0.06738	11353	1	0.55790	0.36091	1	0.47501	0.42110	1	0.51645	0.39101	1	0.47954	0.53582	10.49440	1.06647	1	0.74257	0.55962	12.20422	1.06647	1	-0.00493	-0.00932	0.67141	0.00356	1	0.06378	-0.01433	0.68706	0.00381	1	1.45898	0.81042	0	
1251444	8440.78223	3305207418452	0.46896	0.36514	8440.70898	0.07324	11353	1	0.55084	0.37148	1	0.48233	0.43870	1	0.51659	0.40509	1	0.47969	0.53553	10.76858	1.06647	1	0.74256	0.55951	12.12069	1.06647	1	-0.00493	-0.00932	0.67141	0.00367	1	0.06378	-0.01433	0.68706	0.00385	1	1.45898	0.81042	0	
1251445	8440.78906	3305207486412	0.47115	0.36703	8440.70898	0.08008	11353	1	0.53598	0.32709	1	0.45871	0.45245	1	0.49734	0.38977	1	0.47953	0.53559	10.44502	1.06647	1	0.74211	0.55965	12.55858	1.06647	1	-0.00493	-0.00932	0.67141	0.00367	1	0.06378	-0.01433	0.68706	0.00384	1	1.45898	0.81042	0	
1251446	8440.79590	3305207551689	0.47299	0.36817	8440.70898	0.08691	11353	1	0.53512	0.31983	1	0.45891	0.44608	1	0.49701	0.38295	1	0.47916	0.53544	10.55532	1.07555	1	0.74193	0.55920	12.59605	1.07555	1	-0.00521	-0.00974	0.70228	0.00371	1	0.06378	-0.01433	0.68706	0.00397	1	1.45898	0.81042	0	
1251447	8440.80273	3305207619893	0.47417	0.36901	8440.70898	0.09375	11353	1	0.51525	0.41696	1	0.46613	0.34448	1	0.49069	0.38072	1	0.47912	0.53606	11.22766	1.08464	1	0.74233	0.55878	12.06187	1.08464	1	-0.00521	-0.00974	0.70228	0.00352	1	0.06378	-0.01433	0.68706	0.00394	1	1.45898	0.81042	0	
1251448	8440.80957	3305207687243	0.47513	0.37008	8440.70898	0.10059	11353	1	0.51145	0.42639	1	0.46752	0.34594	1	0.48949	0.38616	1	0.47907	0.53612	11.05144	1.09372	1	0.74227	0.55878	12.09341	1.09372	1	-0.00521	-0.00974	0.70228	0.00354	1	0.06378	-0.01433	0.68706	0.00388	1	1.45898	0.81042	0	
1251449	8440.81543	3305207754129	0.50126	0.39386	8440.70898	0.10059	11353	0	0.51043	0.42013	1	0.46756	0.34482	1	0.48900	0.38248	1	0.47929	0.53617	11.18822	1.10281	1	0.74217	0.55860	11.95670	1.09515	1	-0.00521	-0.00974	0.70228	0.00350	1	0.06107	-0.01363	0.65843	0.00394	1	1.45898	0.81042	0	
1251450	8440.82227	3305207821308	0.49992	0.37990	8440.70898	0.10059	11353	0	0.50634	0.36908	1	0.49083	0.36279	1	0.49859	0.36593	1	0.47899	0.53577	11.24166	1.09515	1	0.74224	0.55878	11.92221	1.08749	1	-0.00521	-0.00974	0.70228	0.00345	1	0.06107	-0.01363	0.65843	0.00389	1	1.45898	0.81042	0	
1251451	8440.82910	3305207888201	0.49653	0.37615	8440.70898	0.10059	11353	0	0.50657	0.38475	1	0.47294	0.35254	1	0.48976	0.36864	1	0.47898	0.53562	10.71286	1.08749	1	0.74198	0.55878	11.11744	1.07983	1	-0.00521	-0.00974	0.70228	0.00354	1	0.06107	-0.01363	0.65843	0.00391	1	1.45898	0.81042	0	
1251452	8440.83594	3305207957339	0.49501	0.37745	8440.81543	0.02051	11354	1	0.50852	0.39701	1	0.47237	0.36570	1	0.49045	0.38135	1	0.47890	0.53514	10.95177	1.07074	1	0.74170	0.55911	11.66050	1.06309	1	-0.00528	-0.00952	0.68986	0.00368	1	0.06150	-0.01368	0.66309	0.00394	1	1.45898	0.81042	0	
1251453	8440.84277	3305208020403	0.49317	0.38008	8440.81543	0.02734	11354	1	0.50373	0.35584	1	0.46789	0.42537	1	0.48581	0.39061	1	0.47895	0.53516	10.90716	1.05400	1	0.74232	0.55867	11.83779	1.05400	1	-0.00528	-0.00952	0.68986	0.00367	1	0.06150	-0.01368	0.66309	0.00388	1	1.45898	0.81042	0	
1251454	8440.84961	3305208087762	0.49637	0.38301	8440.81543	0.03418	11354	1	0.53224	0.40661	1	0.49241	0.38869	1	0.51233	0.39765	1	0.47931	0.53584	11.42765	1.04491	1	0.74232	0.55867	11.83779	1.04491	1	-0.00528	-0.00952	0.68986	0.00371	1	0.06150	-0.01368	0.66309	0.00389	1	1.45898	0.81042	0	
1251455	8440.85645	3305208158422	0.49868	0.38609	8440.81543	0.04102	11354	1	0.53315	0.41333	1	0.49193	0.39577	1	0.51254	0.40455	1	0.47901	0.53518	10.85764	1.03583	1	0.74241	0.55833	11.81704	1.03583	1	-0.00513	-0.00945	0.68451	0.00371	1	0.06150	-0.01368	0.66309	0.00405	1	1.45898	0.81042	0	
1251456	8440.86328	3305208225524	0.49780	0.38897	8440.81543	0.04785	11354	1	0.50147	0.37867	1	0.48191	0.43967	1	0.49169	0.40917	1	0.47886	0.53545	10.95740	1.03583	1	0.74212	0.55872	11.30894	1.03583	1	-0.00513	-0.00945	0.68451	0.00364	1	0.06150	-0.01368	0.66309	0.00409	1	1.45898	0.81042	0	
1251457	8440.87012	3305208292737	0.49669	0.39211	8440.81543	0.05469	11354	1	0.50625	0.41017	1	0.46926	0.42430	1	0.48775	0.41724	1	0.47890	0.53547	10.96842	1.03583	1	0.74240	0.55869	12.08867	1.03583	1	-0.00513	-0.00945	0.68451	0.00376	1	0.06150	-0.01368	0.66309	0.00395	1	1.45898	0.81042	0	
1251458	8440.87598	3305208358966	0.49583	0.39522	8440.81543	0.06055	11354	1	0.50724	0.41614	1	0.46900	0.43032	1	0.48812	0.42323	1	0.47901	0.53564	11.34315	1.02781	1	0.74212	0.55844	11.03269	1.02781	1	-0.00504	-0.00919	0.66565	0.00356	1	0.06150	-0.01368	0.66309	0.00411	1	1.45898	0.81042	0	
1251459	8440.88281	3305208426305	0.49588	0.39536	8440.81543	0.06738	11354	1	0.50913	0.37177	1	0.48368	0.42164	1	0.49641	0.39670	1	0.47896	0.53505	10.97120	1.01980	1	0.74221	0.55849	11.76081	1.01980	1	-0.00504	-0.00919	0.66565	0.00374	1	0.06150	-0.01368	0.66309	0.00411	1	1.45898	0.81042	0	
1251460	8440.88965	3305208493415	0.49726	0.39542	8440.81543	0.07422	11354	1	0.53682	0.39910	1	0.48810	0.39316	1	0.51246	0.39613	1	0.47900	0.53553	11.14199	1.01178	1	0.74193	0.55840	10.87465	1.01178	1	-0.00504	-0.00919	0.66565	0.00356	1	0.06150	-0.01368	0.66309	0.00395	1	1.45898	0.81042	0	
1251461	8440.89648	3305208560555	0.49843	0.39548	8440.81543	0.08105	11354	1	0.53682	0.39910	1	0.48810	0.39316	1	0.51246	0.39613	1	0.47918	0.53541	11.57310	1.01178	1	0.74184	0.55888	12.13868	1.01178	1	-0.00528	-0.00952	0.68986	0.00361	1	0.06150	-0.01368	0.66309	0.00392	1	1.45898	0.81042	0	
1251462	8440.90332	3305208625770	0.49926	0.39378	8440.81543	0.08789	11354	1	0.52968	0.33872	1	0.49027	0.40463	1	0.50998	0.37168	1	0.47897	0.53482	10.72211	1.01980	1	0.74195	0.55834	11.19538	1.01980	1	-0.00528	-0.00952	0.68986	0.00385	1	0.06150	-0.01368	0.66309	0.00406	1	1.45898	0.81042	0	
1251463	8440.91016	3305208693010	0.49935	0.39526	8440.81543	0.09473	11354	1	0.54026	0.35961	1	0.46105	0.47252	1	0.50065	0.41607	1	0.47913	0.53555	11.27252	1.02781	1	0.74154	0.55910	11.79223	1.02781	1	-0.00528	-0.00952	0.68986	0.00361	1	0.06150	-0.01368	0.66309	0.00394	1	1.45898	0.81042	0	
1251464	8440.91699	3305208762226	0.49942	0.39602	8440.81543	0.10156	11354	1	0.53950	0.35322	1	0.46144	0.46142	1	0.50047	0.40732	1	0.47907	0.53578	11.38405	1.03583	1	0.74158	0.55904	11.63644	1.04349	1	-0.00528	-0.00952	0.68986	0.00363	1	0.06323	-0.01402	0.68224	0.00395	1	1.45898	0.81042	0	
1251465	8440.92285	3305208828385	0.50055	0.39684	8440.81543	0.10742	11354	1	0.54502	0.40220	1	0.49215	0.41784	1	0.51859	0.41002	1	0.47911	0.53579	11.33835	1.04349	1	0.74195	0.55819	12.29961	1.05115	1	-0.00528	-0.00952	0.68986	0.00366	1	0.06323	-0.01402	0.68224	0.00425	1	1.45898	0.81042	0	
1251466	8440.92969	3305208895886	0.50195	0.39599	8440.81543	0.11426	11354	1	0.53888	0.37987	1	0.51258	0.38334	1	0.52573	0.38161	1	0.47907	0.53576	11.36063	1.05115	1	0.74228	0.55793	11.49458	1.05881	1	-0.00528	-0.00952	0.68986	0.00364	1	0.06323	-0.01402	0.68224	0.00414	1	1.45898	0.81042	0	
1251467	8440.93652	3305208962138	0.50319	0.39493	8440.81543	0.12109	11354	1	0.53816	0.37405	1	0.51312	0.37740	1	0.52564	0.37572	1	0.47905	0.53572	11.39540	1.05881	1	0.74211	0.55829	11.40847	1.06647	1	-0.00528	-0.00952	0.68986	0.00358	1	0.06323	-0.01402	0.68224	0.00411	1	1.45898	0.81042	0	
1251468	8440.94336	3305209029601	0.50393	0.39424	8440.81543	0.12793	11354	1	0.54069	0.37758	1	0.49517	0.38467	1	0.51793	0.38112	1	0.47916	0.53543	11.25376	1.06647	1	0.74193	0.55790	11.42515	1.06647	1	-0.00528	-0.00952	0.68986	0.00372	1	0.06323	-0.01402	0.68224	0.00424	1	1.45898	0.81042	0	
1251469	8440.95020	3305209096216	0.50442	0.39460	8440.81543	0.13477	11354	1	0.54438	0.39862	1	0.48410	0.40503	1	0.51424	0.40183	1	0.47914	0.53579	11.43667	1.06647	1	0.74184	0.55876	11.98730	1.06647	1	-0.00528	-0.00952	0.68986	0.00361	1	0.06323	-0.01402	0.68224	0.00407	1	1.45898	0.81042	0	
1251470	8440.95703	3305209163711	0.50487	0.39493	8440.81543	0.14160	11354	1	0.54438	0.39862	1	0.48410	0.40503	1	0.51424	0.40183	1	0.47924	0.53592	11.46868	1.06647	1	0.74245	0.55797	11.79219	1.06647	1	-0.00528	-0.00952	0.68986	0.00363	1	0.06323	-0.01402	0.68224	0.00413	1	1.45898	0.81042	0	
1251471	8440.96387	3305209230248	0.50587	0.39375	8440.81543	0.14844	11354	1	0.53325	0.35385	1	0.52279	0.38172	1	0.52802	0.36779	1	0.47906	0.53543	11.07445	1.06647	1	0.74244	0.55837	11.92582	1.06647	1	-0.00528	-0.00952	0.68986	0.00364	1	0.06323	-0.01402	0.68224	0.00403	1	1.45898	0.81042	0	
1251472	8440.96973	3305209297098	0.50702	0.39242	8440.81543	0.15430	11354	1	0.54897	0.36700	1	0.51796	0.35686	1	0.53346	0.36193	1	0.47927	0.53556	11.28891	1.06647	1	0.74239	0.55801	11.75122	1.06647	1	-0.00528	-0.00952	0.68986	0.00364	1	0.06323	-0.01402	0.68224	0.00410	1	1.45898	0.81042	0	
1251473	8440.97656	3305209364040	0.50808	0.39120	8440.81543	0.16113	11354	1	0.54897	0.36700	1	0.51796	0.35686	1	0.53346	0.36193	1	0.47922	0.53572	11.43374	1.06647	1	0.74221	0.55868	12.00014	1.06647	1	-0.00528	-0.00952	0.68986	0.00356	1	0.06266	-0.01395	0.67616	0.00385	1	1.45898	0.81042	0	
1251474	8440.98340	3305209430842	0.50920	0.39053	8440.81543	0.16797	11354	1	0.54946	0.37466	1	0.52478	0.37290	1	0.53712	0.37378	1	0.47924	0.53559	11.13836	1.06647	1	0.74245	0.55884	12.04149	1.06647	1	-0.00528	-0.00952	0.68986	0.00369	1	0.06266	-0.01395	0.67616	0.00391	1	1.45898	0.81042	0	
1251475	8440.99023	3305209498232	0.50976	0.38989	8440.81543	0.17480	11354	1	0.54262	0.34453	1	0.50618	0.40210	1	0.52440	0.37332	1	0.47920	0.53563	11.26502	1.06647	1	0.74218	0.55863	11.77885	1.06647	1	-0.00528	-0.00952	0.68986	0.00367	1	0.06266	-0.01395	0.67616	0.00390	1	1.45898	0.81042	0	
1251476	8440.99707	3305209565382	0.51028	0.38940	8440.81543	0.18164	11354	1	0.54262	0.34453	1	0.50568	0.40786	1	0.52415	0.37620	1	0.47908	0.53556	11.31724	1.06647	1	0.74198	0.55855	11.20788	1.05881	1	-0.00528	-0.00952	0.68986	0.00360	1	0.06150	-0.01368	0.66309	0.00394	1	1.45898	0.81042	0	
1251477	8441.00391	3305209630131	0.51004	0.38879	8440.81543	0.18848	11354	1	0.52097	0.32020	1	0.48596	0.42305	1	0.50346	0.37162	1	0.47889	0.53553	11.13653	1.05881	1	0.74192	0.55877	11.25367	1.05115	1	-0.00528	-0.00952	0.68986	0.00365	1	0.06150	-0.01368	0.66309	0.00396	1	1.45898	0.81042	0	
1251478	8441.00977	3305209696387	0.51006	0.38991	8440.81543	0.19434	11354	1	0.54554	0.43213	1	0.47564	0.41241	1	0.51059	0.42227	1	0.47912	0.53583	11.55971	1.05115	1	0.74203	0.55863	11.08844	1.04349	1	-0.00528	-0.00952	0.68986	0.00352	1	0.06150	-0.01368	0.66309	0.00397	1	1.45898	0.81042	0	
1251479	8441.01660	3305209761104	0.51008	0.39113	8440.81543	0.20117	11354	1	0.54622	0.43757	1	0.47534	0.41820	1	0.51078	0.42789	1	0.47928	0.53570	11.08294	1.04349	1	0.74198	0.55878	11.11744	1.03583	1	-0.00528	-0.00952	0.68986	0.00366	1	0.06097	-0.01361	0.65732	0.00391	1	1.45898	0.81042	0	
1251480	8441.02344	3305209828908	0.51020	0.39089	8440.81543	0.20801	11354	1	0.51951	0.36754	1	0.50824	0.39897	1	0.51388	0.38326	1	0.47921	0.53554	11.11339	1.03583	1	0.74223	0.55873	11.64588	1.03583	1	-0.00528	-0.00952	0.68986	0.00371	1	0.06097	-0.01361	0.65732	0.00388	1	1.45898	0.81042	0	
1251481	8441.03027	3305209899913	0.50957	0.39143	8440.81543	0.21484	11354	1	0.52791	0.39145	1	0.45088	0.42605	1	0.48940	0.40875	1	0.47920	0.53560	11.15751	1.03583	1	0.74165	0.55919	11.69296	1.03583	1	-0.00528	-0.00952	0.68986	0.00364	1	0.06097	-0.01361	0.65732	0.00394	1	1.45898	0.81042	0	
1251482	8441.03711	3305209966872	0.50896	0.39174	8440.81543	0.22168	11354	1	0.52697	0.38454	1	0.45102	0.41927	1	0.48899	0.40190	1	0.47945	0.53607	11.57223	1.04491	1	0.74235	0.55820	11.92232	1.04491	1	-0.00541	-0.00985	0.71371	0.00356	1	0.06097	-0.01361	0.65732	0.00417	1	1.45898	0.81042	0	
1251483	8441.04395	3305210030267	0.50532	0.38976	8440.81543	0.22852	11354	1	0.52697	0.38454	0	0.38144	0.32243	1	0.38144	0.32243	1	0.47945	0.53607	11.57223	1.05400	0	0.47908	0.53584	11.04848	1.05400	1	-0.00541	-0.00985	0.71371	0.00356	1	0.06097	-0.01361	0.65732	0.00355	1	1.45898	0.81042	0	
1251484	8441.05078	3305210101940	0.50166	0.38678	8440.81543	0.23535	11354	1	0.52697	0.38454	0	0.37343	0.28275	1	0.37343	0.28275	1	0.47945	0.53607	11.57223	1.06309	0	0.47899	0.53549	10.96406	1.06309	1	-0.00541	-0.00985	0.71371	0.00356	1	0.06097	-0.01361	0.65732	0.00367	1	1.45898	0.81042	0	
1251485	8441.05762	3305210167893	0.47743	0.36639	8440.81543	0.23535	11354	0	0.52697	0.38454	0	0.37149	0.25253	1	0.37149	0.25253	1	0.47945	0.53607	11.57223	1.07217	0	0.47911	0.53611	11.40603	1.09843	1	-0.00541	-0.00985	0.71371	0.00356	1	-0.00555	-0.01027	0.74040	0.00361	1	1.45898	0.81042	0	
1251486	8441.06348	3305210234797	0.42639	0.34078	8440.81543	0.23535	11354	0	0.52697	0.38454	0	0.37535	0.31516	1	0.37535	0.31516	1	0.47945	0.53607	11.57223	1.09843	0	0.47910	0.53581	11.14878	1.12469	1	-0.00541	-0.00985	0.71371	0.00356	1	-0.00555	-0.01027	0.74040	0.00371	1	1.45898	0.81042	0	
1251487	8441.07031	3305210301801	0.41794	0.31167	8440.81543	0.23535	11354	0	0.52697	0.38454	0	0.40104	0.25344	1	0.40104	0.25344	1	0.47945	0.53607	11.57223	1.12469	0	0.47941	0.53601	11.51949	1.15095	1	-0.00541	-0.00985	0.71371	0.00356	1	-0.00555	-0.01027	0.74040	0.00352	1	1.45898	0.81042	0	
1251488	8441.07715	3305210368482	0.39241	0.27193	8440.81543	0.23535	11354	0	0.52697	0.38454	0	0.40083	0.24718	1	0.40083	0.24718	1	0.47945	0.53607	11.57223	1.15095	0	0.47926	0.53582	11.41227	1.15861	1	-0.00541	-0.00985	0.71371	0.00356	1	-0.00493	-0.00932	0.67141	0.00359	1	1.45898	0.81042	0	
1251489	8441.08398	3305210435726	0.38782	0.26852	8440.81543	0.23535	11354	0	0.52697	0.38454	0	0.38323	0.26511	1	0.38323	0.26511	1	0.47945	0.53607	11.57223	1.15861	0	0.47923	0.53585	11.55355	1.14001	1	-0.00541	-0.00985	0.71371	0.00356	1	-0.00493	-0.00932	0.67141	0.00376	1	1.45898	0.81042	0	
1251490	8441.09082	3305210502691	0.38689	0.26811	8440.81543	0.23535	11354	0	0.52697	0.38454	0	0.38503	0.26729	1	0.38503	0.26729	1	0.47945	0.53607	11.57223	1.14001	0	0.47927	0.53587	11.51436	1.12141	1	-0.00541	-0.00985	0.71371	0.00356	1	-0.00493	-0.00932	0.67141	0.00359	1	1.45898	0.81042	0	
1251491	8441.09766	3305210569528	0.38662	0.27175	8441.07715	0.02051	11355	1	0.52697	0.38454	0	0.38581	0.28265	1	0.38581	0.28265	1	0.47945	0.53607	11.57223	1.12141	0	0.47923	0.53598	11.60334	1.10281	1	-0.00541	-0.00985	0.71371	0.00356	1	-0.00506	-0.00951	0.68899	0.00350	1	1.45898	0.81042	0	
1251492	8441.10449	3305210636760	0.38681	0.27811	8441.07715	0.02734	11355	1	0.52697	0.38454	0	0.38755	0.30355	1	0.38755	0.30355	1	0.47945	0.53607	11.57223	1.10281	0	0.47923	0.53608	11.62830	1.10281	1	-0.00541	-0.00985	0.71371	0.00356	1	-0.00506	-0.00951	0.68899	0.00350	1	1.45898	0.81042	0	
1251493	8441.11035	3305210703498	0.40318	0.29265	8441.07715	0.03320	11355	1	0.51419	0.35211	1	0.45585	0.37859	1	0.48502	0.36535	1	0.47923	0.53561	11.57888	1.10281	1	0.74215	0.55921	12.20710	1.10281	1	-0.00541	-0.00985	0.71371	0.00364	1	-0.00506	-0.00951	0.68899	0.00397	1	1.45898	0.81042	0	
1251494	8441.11719	3305210770845	0.41493	0.30401	8441.07715	0.04004	11355	1	0.51518	0.35893	1	0.45568	0.38536	1	0.48543	0.37215	1	0.47928	0.53630	11.46885	1.09372	1	0.74208	0.55941	12.36220	1.09372	1	-0.00493	-0.00932	0.67141	0.00359	1	0.06378	-0.01422	0.68706	0.00387	1	1.45898	0.81042	0	
1251495	8441.12402	3305210837382	0.42564	0.31304	8441.07715	0.04688	11355	1	0.52576	0.33945	1	0.47555	0.41306	1	0.50066	0.37625	1	0.47932	0.53593	11.61725	1.08464	1	0.74247	0.55937	11.84207	1.08464	1	-0.00493	-0.00932	0.67141	0.00345	1	0.06378	-0.01422	0.68706	0.00386	1	1.45898	0.81042	0	
1251496	8441.13086	3305210904792	0.43208	0.31923	8441.07715	0.05371	11355	1	0.51941	0.35389	1	0.44773	0.38371	1	0.48357	0.36880	1	0.47923	0.53598	11.60334	1.07555	1	0.74202	0.55921	12.73219	1.07555	1	-0.00493	-0.00932	0.67141	0.00350	1	0.06378	-0.01422	0.68706	0.00395	1	1.45898	0.81042	0	
1251497	8441.13770	3305210971616	0.43727	0.32488	8441.07715	0.06055	11355	1	0.52039	0.36087	1	0.44763	0.39060	1	0.48401	0.37574	1	0.47928	0.53620	11.49662	1.06647	1	0.74211	0.55950	12.50435	1.06647	1	-0.00493	-0.00932	0.67141	0.00358	1	0.06378	-0.01433	0.68706	0.00390	1	1.45898	0.81042	0	
1251498	8441.14453	3305211038365	0.44274	0.33007	8441.07715	0.06738	11355	1	0.52565	0.33014	1	0.46919	0.43376	1	0.49742	0.38195	1	0.47930	0.53550	11.09184	1.06647	1	0.74241	0.55957	12.27437	1.06647	1	-0.00493	-0.00932	0.67141	0.00373	1	0.06378	-0.01433	0.68706	0.00380	1	1.45898	0.81042	0	
1251499	8441.15137	3305211104794	0.44824	0.33659	8441.07715	0.07422	11355	1	0.54536	0.40671	1	0.47206	0.40984	1	0.50871	0.40828	1	0.47959	0.53631	10.71685	1.06647	1	0.74239	0.55919	12.03219	1.06647	1	-0.00493	-0.00932	0.67141	0.00364	1	0.06378	-0.01433	0.68706	0.00395	1	1.45898	0.81042	0	
1251500	8441.15723	3305211172294	0.45289	0.34210	8441.07715	0.08008	11355	1	0.54536	0.40671	1	0.47206	0.40984	1	0.50871	0.40828	1	0.47936	0.53581	11.13768	1.06647	1	0.74230	0.55946	12.03854	1.06647	1	-0.00493	-0.00932	0.67141	0.00357	1	0.06378	-0.01433	0.68706	0.00391	1	1.45898	0.81042	0	
1251501	8441.16406	3305211239849	0.45554	0.34591	8441.07715	0.08691	11355	1	0.51773	0.37335	1	0.46229	0.41742	1	0.49001	0.39538	1	0.47914	0.53575	11.47074	1.06647	1	0.74229	0.55934	12.38861	1.06647	1	-0.00493	-0.00932	0.67141	0.00374	1	0.06378	-0.01433	0.68706	0.00386	1	1.45898	0.81042	0	
1251502	8441.17090	3305211305426	0.47599	0.36977	8441.07715	0.08691	11355	0	0.50622	0.37291	1	0.48376	0.42492	1	0.49499	0.39891	1	0.47903	0.53594	11.13387	1.06647	1	0.74222	0.55940	12.40255	1.06647	1	-0.00493	-0.00932	0.67141	0.00375	1	0.06378	-0.01433	0.68706	0.00385	1	1.45898	0.81042	0	
1251503	8441.17773	3305211373061	0.48549	0.38434	8441.07715	0.08691	11355	0	0.50622	0.37291	1	0.48376	0.42492	1	0.49499	0.39891	1	0.47911	0.53601	11.00167	1.06647	1	0.74238	0.55940	12.36500	1.06647	1	-0.00493	-0.00932	0.67141	0.00384	1	0.06378	-0.01433	0.68706	0.00388	1	1.45898	0.81042	0	
1251504	8441.18457	3305211438034	0.49442	0.38226	8441.07715	0.08691	11355	0	0.51703	0.37852	1	0.50753	0.37767	1	0.51228	0.37809	1	0.47917	0.53619	11.30825	1.06647	1	0.74218	0.55886	12.18515	1.06647	1	-0.00493	-0.00932	0.67141	0.00378	1	0.06378	-0.01433	0.68706	0.00382	1	1.45898	0.81042	0	
1251505	8441.19043	3305211504186	0.49900	0.38426	8441.17090	0.01953	11356	1	0.53089	0.41424	1	0.49460	0.36624	1	0.51274	0.39024	1	0.47929	0.53641	11.60570	1.06647	1	0.74231	0.55888	12.16332	1.06647	1	-0.00493	-0.00932	0.67141	0.00373	1	0.06378	-0.01433	0.68706	0.00385	1	1.45898	0.81042	0	
1251506	8441.19727	3305211572263	0.50171	0.38605	8441.17090	0.02637	11356	1	0.53089	0.41424	1	0.49418	0.37226	1	0.51254	0.39325	1	0.47944	0.53666	11.55737	1.06647	1	0.74222	0.55868	12.02931	1.05881	1	-0.00513	-0.00950	0.68451	0.00362	1	0.06150	-0.01378	0.66309	0.00386	1	1.45898	0.81042	0	
1251507	8441.20410	3305211639851	0.50549	0.38585	8441.17090	0.03320	11356	1	0.53229	0.39535	1	0.51646	0.37437	1	0.52438	0.38486	1	0.47933	0.53615	11.46145	1.05881	1	0.74239	0.55880	12.24953	1.05115	1	-0.00513	-0.00950	0.68451	0.00376	1	0.06150	-0.01378	0.66309	0.00383	1	1.45898	0.81042	0	
1251508	8441.21094	3305211704696	0.50726	0.38710	8441.17090	0.04004	11356	1	0.53943	0.39862	1	0.49633	0.39049	1	0.51788	0.39455	1	0.47945	0.53623	11.52463	1.05115	1	0.74208	0.55878	12.39873	1.04349	1	-0.00513	-0.00950	0.68451	0.00372	1	0.06150	-0.01378	0.66309	0.00389	1	1.45898	0.81042	0	
1251509	8441.21777	3305211771856	0.50865	0.38915	8441.17090	0.04688	11356	1	0.54090	0.41025	1	0.49587	0.39673	1	0.51838	0.40349	1	0.47947	0.53634	11.17170	1.03547	1	0.74211	0.55894	12.25060	1.03547	1	-0.00497	-0.00911	0.65686	0.00376	1	0.06323	-0.01422	0.68224	0.00382	1	1.45898	0.81042	0	
1251510	8441.22461	3305211843014	0.50852	0.38956	8441.17090	0.05371	11356	1	0.52906	0.36379	1	0.48591	0.42201	1	0.50748	0.39290	1	0.47932	0.53603	11.08120	1.02745	1	0.74180	0.55915	11.97149	1.03511	1	-0.00497	-0.00911	0.65686	0.00395	1	0.06323	-0.01422	0.68224	0.00380	1	1.45898	0.81042	0	
1251511	8441.23145	3305211910715	0.51007	0.39022	8441.17090	0.06055	11356	1	0.55129	0.36051	1	0.49678	0.43178	1	0.52403	0.39614	1	0.47930	0.53601	10.98976	1.02710	1	0.74206	0.55925	12.41796	1.03476	1	-0.00497	-0.00911	0.65686	0.00398	1	0.06323	-0.01422	0.68224	0.00373	1	1.45898	0.81042	0	
1251512	8441.23828	3305211976899	0.51131	0.39048	8441.17090	0.06738	11356	1	0.55063	0.35441	1	0.49678	0.43178	1	0.52371	0.39309	1	0.47938	0.53600	11.03678	1.03476	1	0.74212	0.55940	12.83329	1.03476	1	-0.00515	-0.00934	0.67320	0.00395	1	0.06114	-0.01372	0.66023	0.00366	1	1.45898	0.81042	0	
1251513	8441.24512	3305212043862	0.51352	0.39173	8441.17090	0.07422	11356	1	0.56071	0.38691	1	0.51503	0.42406	1	0.53787	0.40549	1	0.47942	0.53653	11.48131	1.04277	1	0.74234	0.55915	12.23133	1.03511	1	-0.00515	-0.00934	0.67320	0.00375	1	0.06114	-0.01372	0.66023	0.00377	1	1.45898	0.81042	0	
1251514	8441.25195	3305212110264	0.51513	0.39279	8441.17090	0.08105	11356	1	0.54981	0.37988	1	0.51911	0.43117	1	0.53446	0.40552	1	0.47928	0.53659	11.26086	1.04313	1	0.74241	0.55930	12.07421	1.03547	1	-0.00515	-0.00934	0.67320	0.00365	1	0.06114	-0.01372	0.66023	0.00376	1	1.45898	0.81042	0	
1251515	8441.25879	3305212178208	0.51654	0.39348	8441.17090	0.08789	11356	1	0.54978	0.37960	1	0.51975	0.42518	1	0.53477	0.40239	1	0.47903	0.53641	10.80356	1.04349	1	0.74214	0.55918	12.24395	1.04349	1	-0.00518	-0.00945	0.67718	0.00367	1	0.06431	-0.01444	0.69504	0.00374	1	1.45898	0.81042	0	
1251516	8441.26465	3305212242608	0.51640	0.39210	8441.17090	0.09375	11356	1	0.54745	0.35391	1	0.48156	0.39153	1	0.51450	0.37272	1	0.47924	0.53609	11.21280	1.04349	1	0.74182	0.55911	12.32925	1.05115	1	-0.00518	-0.00945	0.67718	0.00380	1	0.06431	-0.01444	0.69504	0.00373	1	1.45898	0.81042	0	
1251517	8441.27148	3305212311359	0.51542	0.39093	8441.17090	0.10059	11356	1	0.53132	0.33465	1	0.47013	0.41216	1	0.50073	0.37340	1	0.47904	0.53598	11.07132	1.05115	1	0.74163	0.55931	12.09604	1.05881	1	-0.00518	-0.00945	0.67718	0.00375	1	0.06431	-0.01444	0.69504	0.00369	1	1.45898	0.81042	0	
1251518	8441.27832	3305212378240	0.51454	0.38955	8441.17090	0.10742	11356	1	0.53056	0.32849	1	0.47038	0.40645	1	0.50047	0.36747	1	0.47915	0.53624	11.26480	1.05881	1	0.74171	0.55933	12.15080	1.06647	1	-0.00518	-0.00945	0.67718	0.00377	1	0.06431	-0.01444	0.69504	0.00369	1	1.45898	0.81042	0	
1251519	8441.28516	3305212445122	0.51414	0.38973	8441.17090	0.11426	11356	1	0.53080	0.37464	1	0.48377	0.41101	1	0.50729	0.39282	1	0.47905	0.53653	11.15327	1.06647	1	0.74177	0.55909	12.20733	1.06647	1	-0.00518	-0.00945	0.67718	0.00373	1	0.06431	-0.01444	0.69504	0.00375	1	1.45898	0.81042	0	
1251520	8441.29199	3305212512373	0.51436	0.38898	8441.17090	0.12109	11356	1	0.54662	0.35092	1	0.49018	0.39993	1	0.51840	0.37542	1	0.47924	0.53618	11.32995	1.06647	1	0.74193	0.55918	11.51374	1.06647	1	-0.00518	-0.00945	0.67718	0.00394	1	0.06431	-0.01444	0.69504	0.00388	1	1.45898	0.81042	0	
1251521	8441.29883	3305212579133	0.51456	0.38830	8441.17090	0.12793	11356	1	0.54662	0.35092	1	0.49018	0.39993	1	0.51840	0.37542	1	0.47905	0.53659	11.17200	1.06647	1	0.74156	0.55931	12.10816	1.06647	1	-0.00518	-0.00945	0.67718	0.00361	1	0.06431	-0.01444	0.69504	0.00380	1	1.45898	0.81042	0	
1251522	8441.30469	3305212646258	0.51363	0.38894	8441.17090	0.13379	11356	1	0.53241	0.38580	1	0.45765	0.41785	1	0.49503	0.40182	1	0.47902	0.53659	11.13148	1.06647	1	0.74139	0.55940	12.88455	1.06647	1	-0.00518	-0.00945	0.67718	0.00365	1	0.06431	-0.01444	0.69504	0.00385	1	1.45898	0.81042	0	
1251523	8441.31152	3305212713370	0.51293	0.38968	8441.17090	0.14062	11356	1	0.53623	0.36705	1	0.46015	0.44344	1	0.49819	0.40524	1	0.47900	0.53664	11.42578	1.06647	1	0.74137	0.55968	12.51190	1.06647	1	-0.00518	-0.00945	0.67718	0.00363	1	0.06431	-0.01444	0.69504	0.00380	1	1.45898	0.81042	0	
1251524	8441.31836	3305212780101	0.51229	0.39036	8441.17090	0.14746	11356	1	0.53623	0.36705	1	0.46015	0.44344	1	0.49819	0.40524	1	0.47914	0.53656	11.15046	1.06647	1	0.74173	0.55935	12.11285	1.06647	1	-0.00518	-0.00945	0.67718	0.00366	1	0.06431	-0.01444	0.69504	0.00388	1	1.45898	0.81042	0	
1251525	8441.32520	3305212847380	0.51112	0.39057	8441.17090	0.15430	11356	1	0.49927	0.36747	1	0.46906	0.42315	1	0.48417	0.39531	1	0.47857	0.53647	11.38156	1.06647	1	0.74163	0.55953	12.45493	1.06647	1	-0.00518	-0.00945	0.67718	0.00362	1	0.06431	-0.01444	0.69504	0.00382	1	1.45898	0.81042	0	
1251526	8441.33203	3305212914440	0.51096	0.39067	8441.17090	0.16113	11356	1	0.53214	0.35082	1	0.48226	0.43567	1	0.50720	0.39325	1	0.47905	0.53647	11.07522	1.06647	1	0.74178	0.55950	12.32036	1.06647	1	-0.00518	-0.00945	0.67718	0.00369	1	0.06431	-0.01444	0.69504	0.00385	1	1.45898	0.81042	0	
1251527	8441.33887	3305212981158	0.50986	0.39240	8441.17090	0.16797	11356	1	0.53214	0.35082	0	0.48226	0.43567	1	0.48226	0.43567	1	0.47905	0.53647	11.07522	1.06647	0	0.74134	0.55938	12.77978	1.06647	1	-0.00518	-0.00945	0.67718	0.00369	1	0.06431	-0.01444	0.69504	0.00391	1	1.45898	0.81042	0	
1251528	8441.34570	3305213048072	0.50986	0.39240	8441.17090	0.17480	11356	1	0.53214	0.35082	0	0.48226	0.43567	0	0.48226	0.43567	0	0.47905	0.53647	11.07522	1.06647	0	0.74134	0.55938	12.77978	1.06647	0	-0.00518	-0.00945	0.67718	0.00369	1	0.06431	-0.01444	0.69504	0.00391	1	1.45898	0.81042	0	
1251529	8441.35156	3305213115169	0.50986	0.39240	8441.17090	0.18066	11356	1	0.53214	0.35082	0	0.48226	0.43567	0	0.48226	0.43567	0	0.47905	0.53647	11.07522	1.06647	0	0.74134	0.55938	12.77978	1.06647	0	-0.00518	-0.00945	0.67718	0.00369	1	0.06431	-0.01444	0.69504	0.00391	1	1.45898	0.81042	0	
1251530	8441.35840	3305213182286	0.50884	0.39401	8441.17090	0.18750	11356	1	0.53214	0.35082	0	0.48226	0.43567	1	0.48226	0.43567	1	0.47905	0.53647	11.07522	1.06647	0	0.74168	0.55929	12.21589	1.06647	1	-0.00518	-0.00945	0.67718	0.00369	1	0.06431	-0.01444	0.69504	0.00390	1	1.45898	0.81042	0	
1251531	8441.36523	3305213249063	0.50884	0.39401	8441.17090	0.19434	11356	1	0.53214	0.35082	0	0.48226	0.43567	0	0.48226	0.43567	0	0.47905	0.53647	11.07522	1.06647	0	0.74168	0.55929	12.21589	1.06647	0	-0.00518	-0.00945	0.67718	0.00369	1	0.06431	-0.01444	0.69504	0.00390	1	1.45898	0.81042	0	
1251532	8441.37207	3305213315516	0.50884	0.39401	8441.17090	0.20117	11356	1	0.53214	0.35082	0	0.48226	0.43567	0	0.48226	0.43567	0	0.47905	0.53647	11.07522	1.06647	0	0.74168	0.55929	12.21589	1.06647	0	-0.00518	-0.00945	0.67718	0.00369	1	0.06431	-0.01444	0.69504	0.00390	1	1.45898	0.81042	0	
1251533	8441.37891	3305213383065	0.50884	0.39401	8441.17090	0.20801	11356	1	0.53214	0.35082	0	0.48226	0.43567	0	0.48226	0.43567	0	0.47905	0.53647	11.07522	1.06647	0	0.74168	0.55929	12.21589	1.06647	0	-0.00518	-0.00945	0.67718	0.00369	1	0.06431	-0.01444	0.69504	0.00390	1	1.45898	0.81042	0	
1251534	8441.38574	3305213448098	0.49938	0.39640	8441.17090	0.20801	11356	0	0.53214	0.35082	0	0.48226	0.43567	0	0.48226	0.43567	0	0.47905	0.53647	11.07522	1.06647	0	0.74168	0.55929	12.21589	1.06647	0	-0.00518	-0.00945	0.67718	0.00369	1	0.06431	-0.01444	0.69504	0.00390	1	1.45898	0.81042	0	
1251535	8441.39160	3305213513669	0.48678	0.40195	8441.17090	0.20801	11356	0	0.53214	0.35082	0	0.47419	0.40750	1	0.47419	0.40750	1	0.47905	0.53647	11.07522	1.06647	0	0.74161	0.55926	12.29086	1.06647	1	-0.00518	-0.00945	0.67718	0.00369	1	0.06431	-0.01444	0.69504	0.00388	1	1.45898	0.81042	0	
1251536	8441.39844	3305213584025	0.48678	0.40195	8441.17090	0.20801	11356	0	0.53214	0.35082	0	0.47419	0.40750	0	0.47419	0.40750	0	0.47905	0.53647	11.07522	1.06647	0	0.74161	0.55926	12.29086	1.06647	0	-0.00518	-0.00945	0.67718	0.00369	1	0.06431	-0.01444	0.69504	0.00388	1	1.45898	0.81042	0	
1251537	8441.40527	3305213650718	0.48678	0.40195	8441.38574	0.01953	11357	1	0.53214	0.35082	0	0.47419	0.40750	0	0.47419	0.40750	0	0.47905	0.53647	11.07522	1.06647	0	0.74161	0.55926	12.29086	1.06647	0	-0.00518	-0.00945	0.67718	0.00369	1	0.06431	-0.01444	0.69504	0.00388	1	1.45898	0.81042	0	
1251538	8441.41211	3305213717978	0.48678	0.40195	8441.38574	0.02637	11357	1	0.53214	0.35082	0	0.47419	0.40750	0	0.47419	0.40750	0	0.47905	0.53647	11.07522	1.06647	0	0.74161	0.55926	12.29086	1.06647	0	-0.00518	-0.00945	0.67718	0.00369	1	0.06431	-0.01444	0.69504	0.00388	1	1.45898	0.81042	0	
1251539	8441.41895	3305213785079	0.47419	0.40750	8441.38574	0.02637	11357	0	0.53214	0.35082	0	0.47419	0.40750	0	0.47419	0.40750	0	0.47905	0.53647	11.07522	1.06647	0	0.74161	0.55926	12.29086	1.06647	0	-0.00518	-0.00945	0.67718	0.00369	1	0.06431	-0.01444	0.69504	0.00388	1	1.45898	0.81042	0	
1251540	8441.42578	3305213851443	0.47419	0.40750	8441.38574	0.02637	11357	0	0.53214	0.35082	0	0.47419	0.40750	0	0.47419	0.40750	0	0.47905	0.53647	11.07522	1.06647	0	0.74161	0.55926	12.29086	1.06647	0	-0.00518	-0.00945	0.67718	0.00369	1	0.06431	-0.01444	0.69504	0.00388	1	1.45898	0.81042	0	
1251541	8441.43262	3305213919013	0.47419	0.40750	8441.38574	0.02637	11357	0	0.53214	0.35082	0	0.47419	0.40750	0	0.47419	0.40750	0	0.47905	0.53647	11.07522	1.06647	0	0.74161	0.55926	12.29086	1.06647	0	-0.00518	-0.00945	0.67718	0.00369	1	0.06431	-0.01444	0.69504	0.00388	1	1.45898	0.81042	0	
1251542	8441.43848	3305213984679	0.00000	0.00000	8441.38574	0.02637	11357	0	0.53214	0.35082	0	0.47419	0.40750	0	0.47419	0.40750	0	0.47905	0.53647	11.07522	1.06647	0	0.74161	0.55926	12.29086	1.06647	0	-0.00518	-0.00945	0.67718	0.00369	1	0.06431	-0.01444	0.69504	0.00388	1	1.45898	0.81042	0	
1251543	8441.44531	3305214052239	0.00000	0.00000	8441.38574	0.02637	11357	0	0.53214	0.35082	0	0.47419	0.40750	0	0.47419	0.40750	0	0.47905	0.53647	11.07522	1.06647	0	0.74161	0.55926	12.29086	1.06647	0	-0.00518	-0.00945	0.67718	0.00369	1	0.06431	-0.01444	0.69504	0.00388	1	1.45898	0.81042	0	
1251544	8441.45215	3305214119780	0.00000	0.00000	8441.38574	0.02637	11357	0	0.53214	0.35082	0	0.47419	0.40750	0	0.47419	0.40750	0	0.47905	0.53647	11.07522	1.06647	0	0.74161	0.55926	12.29086	1.06647	0	-0.00518	-0.00945	0.67718	0.00369	1	0.06431	-0.01444	0.69504	0.00388	1	1.45898	0.81042	0	
1251545	8441.45898	3305214187125	0.50316	0.37916	8441.38574	0.02637	11357	0	0.53214	0.35082	1	0.47419	0.40750	1	0.50316	0.37916	1	0.47869	0.53672	11.69945	1.06647	1	0.74168	0.55933	12.31522	1.06647	1	-0.00531	-0.00949	0.68037	0.00364	1	0.06431	-0.01444	0.69504	0.00389	1	1.45898	0.81042	0	
1251546	8441.46582	3305214253335	0.50097	0.37512	8441.38574	0.02637	11357	0	0.52172	0.33559	1	0.47583	0.40655	1	0.49877	0.37107	1	0.47850	0.53606	11.43907	1.06647	1	0.74164	0.55926	12.21996	1.06647	1	-0.00531	-0.00949	0.68037	0.00386	1	0.06431	-0.01444	0.69504	0.00390	1	1.45898	0.81042	0	
1251547	8441.47266	3305214321244	0.50084	0.38734	8441.38574	0.02637	11357	0	0.53749	0.39588	1	0.46369	0.42772	1	0.50059	0.41180	1	0.47870	0.53680	11.85156	1.06647	1	0.74149	0.55932	12.44241	1.06647	1	-0.00531	-0.00949	0.68037	0.00353	1	0.06431	-0.01444	0.69504	0.00390	1	1.45898	0.81042	0	
1251548	8441.47949	3305214387513	0.50075	0.39415	8441.45898	0.02051	11358	1	0.53749	0.39588	1	0.46348	0.43327	1	0.50049	0.41457	1	0.47870	0.53681	11.89178	1.06647	1	0.74154	0.55916	12.13034	1.05881	1	-0.00531	-0.00949	0.68037	0.00352	1	0.06216	-0.01392	0.67234	0.00391	1	1.45898	0.81042	0	
1251549	8441.48633	3305214454384	0.50432	0.39737	8441.45898	0.02734	11358	1	0.55037	0.39937	1	0.48680	0.42109	1	0.51859	0.41023	1	0.47890	0.53674	11.79548	1.05881	1	0.74146	0.55922	12.32838	1.05115	1	-0.00531	-0.00949	0.68037	0.00352	1	0.06216	-0.01392	0.67234	0.00395	1	1.45898	0.81042	0	
1251550	8441.49316	3305214522034	0.50856	0.39885	8441.45898	0.03418	11358	1	0.53992	0.40021	1	0.51960	0.41237	1	0.52976	0.40629	1	0.47872	0.53668	11.89564	1.05115	1	0.74165	0.55910	12.18699	1.04349	1	-0.00531	-0.00949	0.68037	0.00367	1	0.06216	-0.01392	0.67234	0.00400	1	1.45898	0.81042	0	
1251551	8441.49902	3305214588966	0.51160	0.40074	8441.45898	0.04004	11358	1	0.54063	0.40589	1	0.51900	0.41819	1	0.52981	0.41204	1	0.47849	0.53668	11.64888	1.04349	1	0.74152	0.55883	12.07406	1.03583	1	-0.00531	-0.00949	0.68037	0.00360	1	0.06216	-0.01392	0.67234	0.00388	1	1.45898	0.81042	0	
1251552	8441.50586	3305214655201	0.51166	0.40083	8441.45898	0.04688	11358	1	0.52859	0.41248	1	0.49559	0.39057	1	0.51209	0.40152	1	0.47849	0.53680	11.72626	1.03583	1	0.74153	0.55886	12.11253	1.03583	1	-0.00531	-0.00949	0.68037	0.00358	1	0.06216	-0.01392	0.67234	0.00387	1	1.45898	0.81042	0	
1251553	8441.51270	3305214722678	0.50994	0.40352	8441.45898	0.05371	11358	1	0.53860	0.40823	1	0.45382	0.44179	1	0.49621	0.42501	1	0.47864	0.53671	11.77385	1.03583	1	0.74135	0.55935	12.69112	1.03583	1	-0.00531	-0.00949	0.68037	0.00358	1	0.06216	-0.01392	0.67234	0.00389	1	1.45898	0.81042	0	
1251554	8441.51953	3305214789516	0.50861	0.40598	8441.45898	0.06055	11358	1	0.53937	0.41420	1	0.45382	0.44205	1	0.49659	0.42812	1	0.47863	0.53657	11.31617	1.02781	1	0.74152	0.55909	12.34289	1.03547	1	-0.00512	-0.00919	0.66265	0.00362	1	0.06431	-0.01439	0.69504	0.00388	1	1.45898	0.81042	0	
1251555	8441.52637	3305214856699	0.50742	0.40568	8441.45898	0.06738	11358	1	0.52491	0.39758	1	0.46609	0.40778	1	0.49550	0.40268	1	0.47841	0.53664	11.66784	1.02745	1	0.74152	0.55909	12.34289	1.03511	1	-0.00512	-0.00919	0.66265	0.00358	1	0.06431	-0.01439	0.69504	0.00387	1	1.45898	0.81042	0	
1251556	8441.53320	3305214923831	0.50684	0.40681	8441.45898	0.07422	11358	1	0.53202	0.38333	1	0.46902	0.45512	1	0.50052	0.41923	1	0.47855	0.53632	11.26165	1.02710	1	0.74159	0.55892	11.98432	1.03476	1	-0.00512	-0.00919	0.66265	0.00360	1	0.06431	-0.01439	0.69504	0.00408	1	1.45898	0.81042	0	
1251557	8441.53906	3305214989882	0.50636	0.40779	8441.45898	0.08008	11358	1	0.53206	0.38361	1	0.46901	0.45538	1	0.50054	0.41949	1	0.47862	0.53652	11.71892	1.02674	1	0.74159	0.55851	11.91430	1.03440	1	-0.00512	-0.00924	0.66264	0.00352	1	0.06288	-0.01402	0.67958	0.00419	1	1.45898	0.81042	0	
1251558	8441.54590	3305215057473	0.50584	0.40749	8441.45898	0.08691	11358	1	0.52695	0.41153	1	0.47134	0.39574	1	0.49915	0.40363	1	0.47848	0.53661	11.65950	1.03440	1	0.74160	0.55843	11.91450	1.03440	1	-0.00512	-0.00924	0.66264	0.00358	1	0.06288	-0.01402	0.67958	0.00421	1	1.45898	0.81042	0	
1251559	8441.55273	3305215124834	0.50509	0.40889	8441.45898	0.09375	11358	1	0.54182	0.41632	1	0.44725	0.44081	1	0.49454	0.42857	1	0.47874	0.53671	12.23257	1.03440	1	0.74123	0.55896	12.59697	1.03440	1	-0.00512	-0.00924	0.66264	0.00355	1	0.06288	-0.01402	0.67958	0.00415	1	1.45898	0.81042	0	
1251560	8441.55957	3305215191519	0.50441	0.40976	8441.45898	0.10059	11358	1	0.54108	0.41041	1	0.44734	0.43493	1	0.49421	0.42267	1	0.47849	0.53618	11.49294	1.04242	1	0.74160	0.55842	11.95154	1.04242	1	-0.00537	-0.00956	0.68882	0.00380	1	0.06431	-0.01439	0.69504	0.00421	1	1.45898	0.81042	0	
1251561	8441.56641	3305215258375	0.50380	0.41007	8441.45898	0.10742	11358	1	0.52466	0.41084	1	0.46352	0.41938	1	0.49409	0.41511	1	0.47844	0.53643	11.37593	1.05043	1	0.74154	0.55890	12.04316	1.05043	1	-0.00537	-0.00956	0.68882	0.00364	1	0.06431	-0.01439	0.69504	0.00400	1	1.45898	0.81042	0	
1251562	8441.57324	3305215325472	0.50366	0.41214	8441.45898	0.11426	11358	1	0.53054	0.45204	1	0.47214	0.44250	1	0.50134	0.44727	1	0.47854	0.53634	11.44369	1.05845	1	0.74167	0.55911	12.13301	1.05845	1	-0.00537	-0.00956	0.68882	0.00377	1	0.06431	-0.01439	0.69504	0.00398	1	1.45898	0.81042	0	
1251563	8441.58008	3305215392521	0.50351	0.41335	8441.45898	0.12109	11358	1	0.52882	0.44029	1	0.47273	0.43024	1	0.50078	0.43526	1	0.47841	0.53647	11.80888	1.07555	1	0.74169	0.55815	11.75342	1.07555	1	-0.00540	-0.00970	0.69943	0.00370	1	0.06288	-0.01402	0.67958	0.00432	1	1.45898	0.81042	0	
1251564	8441.58594	3305215456599	0.50327	0.41236	8441.45898	0.12695	11358	1	0.52362	0.42306	1	0.47374	0.36406	1	0.49868	0.39356	1	0.47846	0.53636	11.27299	1.08464	1	0.74161	0.55830	11.93608	1.08464	1	-0.00540	-0.00970	0.69943	0.00381	1	0.06288	-0.01402	0.67958	0.00436	1	1.45898	0.81042	0	
1251565	8441.59277	3305215524081	0.50404	0.41340	8441.45898	0.13379	11358	1	0.53250	0.43169	1	0.50621	0.43658	1	0.51936	0.43414	1	0.47860	0.53637	11.44407	1.09372	1	0.74176	0.55878	11.86410	1.09372	1	-0.00540	-0.00970	0.69943	0.00366	1	0.06288	-0.01402	0.67958	0.00427	1	1.45898	0.81042	0	
1251566	8441.59961	3305215590431	0.50474	0.41460	8441.45898	0.14062	11358	1	0.53327	0.43717	1	0.50570	0.44221	1	0.51948	0.43969	1	0.47835	0.53636	11.52370	1.08571	1	0.74147	0.55872	12.27832	1.08571	1	-0.00512	-0.00919	0.66265	0.00366	1	0.06288	-0.01402	0.67958	0.00401	1	1.45898	0.81042	0	
1251567	8441.60645	3305215658290	0.50416	0.41559	8441.45898	0.14746	11358	1	0.52711	0.42033	1	0.45579	0.45471	1	0.49145	0.43752	1	0.47845	0.53627	11.64446	1.06860	1	0.74143	0.55878	12.49734	1.06860	1	-0.00512	-0.00919	0.66265	0.00352	1	0.06288	-0.01402	0.67958	0.00376	1	1.45898	0.81042	0	
1251568	8441.61328	3305215725056	0.50404	0.41657	8441.45898	0.15430	11358	1	0.52290	0.43154	1	0.47952	0.44665	1	0.50121	0.43910	1	0.47841	0.53609	11.09251	1.05150	1	0.74173	0.55859	12.02461	1.05150	1	-0.00512	-0.00919	0.66265	0.00357	1	0.06288	-0.01402	0.67958	0.00378	1	1.45898	0.81042	0	
1251569	8441.62012	3305215793865	0.50394	0.41773	8441.45898	0.16113	11358	1	0.52388	0.43800	1	0.47915	0.45318	1	0.50151	0.44559	1	0.47849	0.53598	10.88253	1.04242	1	0.74165	0.55812	11.93489	1.04242	1	-0.00515	-0.00934	0.67320	0.00366	1	0.06431	-0.01428	0.69504	0.00437	1	1.45898	0.81042	0	
1251570	8441.62598	3305215859032	0.50366	0.41902	8441.45898	0.16699	11358	1	0.52908	0.44523	1	0.46415	0.45692	1	0.49662	0.45108	1	0.47850	0.53608	11.45345	1.05043	1	0.74160	0.55865	12.23410	1.05043	1	-0.00515	-0.00934	0.67320	0.00359	1	0.06431	-0.01428	0.69504	0.00377	1	1.45898	0.81042	0	
1251571	8441.63281	3305215925142	0.50395	0.41716	8441.45898	0.17383	11358	1	0.54529	0.38554	1	0.47806	0.35255	1	0.51168	0.36904	1	0.47878	0.53571	11.72366	1.05845	1	0.74168	0.55761	11.90614	1.05845	1	-0.00515	-0.00934	0.67320	0.00361	1	0.06431	-0.01428	0.69504	0.00429	1	1.45898	0.81042	0	
1251572	8441.63965	3305215992826	0.50422	0.41522	8441.45898	0.18066	11358	1	0.54459	0.37953	1	0.47838	0.34611	1	0.51148	0.36282	1	0.47877	0.53584	12.09589	1.06647	1	0.74159	0.55862	12.52675	1.06647	1	-0.00515	-0.00934	0.67320	0.00354	1	0.06431	-0.01428	0.69504	0.00379	1	1.45898	0.81042	0	
1251573	8441.64648	3305216060193	0.50395	0.41479	8441.45898	0.18750	11358	1	0.51929	0.37241	1	0.47367	0.43309	1	0.49648	0.40275	1	0.47839	0.53549	11.20339	1.06647	1	0.74165	0.55854	12.41599	1.06647	1	-0.00515	-0.00934	0.67320	0.00375	1	0.06431	-0.01428	0.69504	0.00375	1	1.45898	0.81042	0	
1251574	8441.65332	3305216129530	0.50367	0.41426	8441.45898	0.19434	11358	1	0.52407	0.34139	1	0.46686	0.45628	1	0.49546	0.39884	1	0.47850	0.53510	11.43549	1.06647	1	0.74154	0.55865	12.37820	1.06647	1	-0.00515	-0.00934	0.67320	0.00384	1	0.06431	-0.01428	0.69504	0.00374	1	1.45898	0.81042	0	
1251575	8441.66016	3305216196822	0.50341	0.41376	8441.45898	0.20117	11358	1	0.52407	0.34139	1	0.46686	0.45628	1	0.49546	0.39884	1	0.47852	0.53505	11.32497	1.06647	1	0.74154	0.55859	12.21032	1.06647	1	-0.00528	-0.00952	0.68986	0.00386	1	0.06431	-0.01423	0.69504	0.00377	1	1.45898	0.81042	0	
1251576	8441.66699	3305216263287	0.50313	0.41363	8441.45898	0.20801	11358	1	0.52344	0.36700	1	0.46537	0.45191	1	0.49440	0.40945	1	0.47850	0.53538	11.36451	1.06647	1	0.74151	0.55872	12.37977	1.06647	1	-0.00528	-0.00952	0.68986	0.00393	1	0.06431	-0.01423	0.69504	0.00372	1	1.45898	0.81042	0	
1251577	8441.67383	3305216329022	0.50284	0.41246	8441.45898	0.21484	11358	1	0.52416	0.33179	1	0.46312	0.41822	1	0.49364	0.37500	1	0.47853	0.53500	11.37377	1.06647	1	0.74149	0.55821	12.38011	1.06647	1	-0.00528	-0.00952	0.68986	0.00387	1	0.06431	-0.01423	0.69504	0.00384	1	1.45898	0.81042	0	
1251578	8441.68066	3305216397388	0.50257	0.41136	8441.45898	0.22168	11358	1	0.52416	0.33179	1	0.46312	0.41822	1	0.49364	0.37500	1	0.47866	0.53528	11.11131	1.06647	1	0.74165	0.55825	12.33644	1.06647	1	-0.00528	-0.00952	0.68986	0.00381	1	0.06431	-0.01423	0.69504	0.00382	1	1.45898	0.81042	0	
1251579	8441.68652	3305216464114	0.50280	0.41063	8441.45898	0.22754	11358	1	0.54587	0.35923	1	0.47553	0.41288	1	0.51070	0.38606	1	0.47884	0.53550	10.90610	1.06647	1	0.74169	0.55824	12.12012	1.06647	1	-0.00528	-0.00952	0.68986	0.00396	1	0.06431	-0.01423	0.69504	0.00380	1	1.45898	0.81042	0	
1251580	8441.69336	3305216530968	0.50287	0.40994	8441.45898	0.23438	11358	1	0.53772	0.35643	1	0.47292	0.41493	1	0.50532	0.38568	1	0.47875	0.53528	11.61482	1.06647	1	0.74164	0.55838	12.40656	1.06647	1	-0.00528	-0.00952	0.68986	0.00377	1	0.06431	-0.01423	0.69504	0.00376	1	1.45898	0.81042	0	
1251581	8441.70020	3305216598213	0.50293	0.40936	8441.45898	0.24121	11358	1	0.53772	0.35643	1	0.47265	0.42057	1	0.50518	0.38850	1	0.47854	0.53533	11.39138	1.06647	1	0.74152	0.55856	12.44073	1.05881	1	-0.00528	-0.00952	0.68986	0.00373	1	0.06114	-0.01357	0.66023	0.00373	1	1.45898	0.81042	0	
1251582	8441.70703	3305216665041	0.50325	0.40855	8441.45898	0.24805	11358	1	0.56579	0.32439	1	0.46434	0.43251	1	0.51507	0.37845	1	0.47911	0.53493	11.25625	1.05881	1	0.74154	0.55855	12.35684	1.05115	1	-0.00528	-0.00952	0.68986	0.00392	1	0.06114	-0.01357	0.66023	0.00374	1	1.45898	0.81042	0	
1251583	8441.71387	3305216732841	0.50334	0.40818	8441.45898	0.25488	11358	1	0.54702	0.35682	1	0.46670	0.43170	1	0.50686	0.39426	1	0.47921	0.53532	10.82739	1.05115	1	0.74159	0.55843	12.03724	1.04349	1	-0.00528	-0.00952	0.68986	0.00388	1	0.06114	-0.01357	0.66023	0.00376	1	1.45898	0.81042	0	
1251584	8441.72070	3305216798959	0.50344	0.40798	8441.45898	0.26172	11358	1	0.54768	0.36281	1	0.46647	0.43735	1	0.50708	0.40008	1	0.47919	0.53521	10.92197	1.04349	1	0.74208	0.55834	11.68519	1.03583	1	-0.00528	-0.00952	0.68986	0.00382	1	0.06114	-0.01357	0.66023	0.00371	1	1.45898	0.81042	0	
1251585	8441.72754	3305216865668	0.50401	0.40839	8441.45898	0.26855	11358	1	0.55465	0.41298	1	0.49952	0.43673	1	0.52708	0.42485	1	0.47933	0.53576	11.13225	1.03583	1	0.74208	0.55822	11.75379	1.03583	1	-0.00528	-0.00952	0.68986	0.00370	1	0.06114	-0.01357	0.66023	0.00368	1	1.45898	0.81042	0	
1251586	8441.73340	3305216931664	0.50406	0.40804	8441.45898	0.27441	11358	1	0.51683	0.36387	1	0.49476	0.42334	1	0.50579	0.39361	1	0.47911	0.53515	10.67298	1.03583	1	0.74199	0.55809	11.55529	1.03583	1	-0.00528	-0.00952	0.68986	0.00379	1	0.06114	-0.01357	0.66023	0.00372	1	1.45898	0.81042	0	
1251587	8441.74023	3305217000872	0.50411	0.40778	8441.45898	0.28125	11358	1	0.51774	0.37019	1	0.49474	0.42361	1	0.50624	0.39690	1	0.47881	0.53517	10.81286	1.02781	1	0.74220	0.55796	12.20833	1.03547	1	-0.00497	-0.00911	0.65686	0.00386	1	0.06378	-0.01412	0.68706	0.00373	1	1.45898	0.81042	0	
1251588	8441.74707	3305217067162	0.50385	0.40858	8441.45898	0.28809	11358	1	0.51524	0.45151	1	0.47064	0.43477	1	0.49294	0.44314	1	0.47901	0.53601	11.43819	1.02745	1	0.74237	0.55840	12.35332	1.03511	1	-0.00497	-0.00911	0.65686	0.00368	1	0.06378	-0.01412	0.68706	0.00370	1	1.45898	0.81042	0	
1251589	8441.75391	3305217134168	0.50372	0.40939	8441.45898	0.29492	11358	1	0.52772	0.44273	1	0.46833	0.44680	1	0.49802	0.44476	1	0.47915	0.53600	11.57934	1.02710	1	0.74239	0.55856	12.20331	1.03476	1	-0.00497	-0.00911	0.65686	0.00366	1	0.06378	-0.01412	0.68706	0.00383	1	1.45898	0.81042	0	
1251590	8441.76074	3305217201558	0.50359	0.41004	8441.45898	0.30176	11358	1	0.52691	0.43723	1	0.46857	0.44121	1	0.49774	0.43922	1	0.47907	0.53570	11.05609	1.03476	1	0.74233	0.55866	12.43473	1.04242	1	-0.00506	-0.00951	0.68899	0.00369	1	0.06378	-0.01412	0.68706	0.00378	1	1.45898	0.81042	0	
1251591	8441.76758	3305217268916	0.50317	0.40970	8441.45898	0.30859	11358	1	0.51063	0.34495	1	0.45719	0.44381	1	0.48391	0.39438	1	0.47904	0.53496	10.95233	1.05043	1	0.74222	0.55841	12.46028	1.05043	1	-0.00506	-0.00951	0.68899	0.00399	1	0.06378	-0.01412	0.68706	0.00383	1	1.45898	0.81042	0	
1251592	8441.77441	3305217335132	0.50285	0.40862	8441.45898	0.31543	11358	1	0.51382	0.29044	1	0.46176	0.42502	1	0.48779	0.35773	1	0.47912	0.53450	10.85403	1.05845	1	0.74229	0.55840	12.43077	1.05845	1	-0.00506	-0.00951	0.68899	0.00398	1	0.06378	-0.01412	0.68706	0.00383	1	1.45898	0.81042	0	
1251593	8441.78027	3305217401792	0.50252	0.40810	8441.45898	0.32129	11358	1	0.51291	0.28370	1	0.46176	0.42476	1	0.48734	0.35423	1	0.47913	0.53505	10.77443	1.06647	1	0.74239	0.55857	12.11607	1.05881	1	-0.00506	-0.00951	0.68899	0.00401	1	0.06038	-0.01336	0.64997	0.00381	1	1.45898	0.81042	0	
1251594	8441.78711	3305217469387	0.50233	0.40822	8441.45898	0.32812	11358	1	0.50141	0.37553	1	0.47713	0.37792	1	0.48927	0.37672	1	0.47918	0.53539	11.49878	1.05881	1	0.74248	0.55773	12.15075	1.05115	1	-0.00506	-0.00951	0.68899	0.00394	1	0.06038	-0.01336	0.64997	0.00407	1	1.45898	0.81042	0	
1251595	8441.79395	3305217535813	0.50232	0.40850	8441.45898	0.33496	11358	1	0.52912	0.39150	1	0.47115	0.45883	1	0.50014	0.42516	1	0.47972	0.53563	11.03030	1.05115	1	0.74244	0.55852	12.21067	1.04349	1	-0.00506	-0.00951	0.68899	0.00380	1	0.06038	-0.01336	0.64997	0.00369	1	1.45898	0.81042	0	
1251596	8441.80078	3305217602249	0.50232	0.40871	8441.45898	0.34180	11358	1	0.52990	0.39724	1	0.47145	0.45265	1	0.50067	0.42495	1	0.48003	0.53591	11.76434	1.04349	1	0.74294	0.55843	12.14490	1.05217	1	-0.00506	-0.00951	0.68899	0.00366	1	0.06627	-0.01463	0.71211	0.00365	1	1.45898	0.81042	0	
1251597	8441.80762	3305217667339	0.50189	0.40820	8441.45898	0.34863	11358	1	0.51207	0.35350	1	0.48337	0.41785	1	0.49772	0.38568	1	0.47987	0.53513	11.15814	1.05217	1	0.74257	0.55839	11.63274	1.06851	1	-0.00506	-0.00951	0.68899	0.00394	1	0.06627	-0.01463	0.71211	0.00380	1	1.45898	0.81042	0	
1251598	8441.81348	3305217733395	0.50103	0.40722	8441.45898	0.35449	11358	1	0.50347	0.30767	1	0.47377	0.41103	1	0.48862	0.35935	1	0.47977	0.53481	10.92413	1.06851	1	0.74248	0.55850	11.54588	1.08485	1	-0.00506	-0.00951	0.68899	0.00396	1	0.06627	-0.01463	0.71211	0.00392	1	1.45898	0.81042	0	
1251599	8441.82031	3305217799355	0.50015	0.40578	8441.45898	0.36133	11358	1	0.50041	0.28688	1	0.47435	0.39883	1	0.48738	0.34286	1	0.48008	0.53540	11.27421	1.09393	1	0.74306	0.55822	12.19187	1.10159	1	-0.00499	-0.00962	0.70068	0.00375	1	0.06349	-0.01401	0.68173	0.00424	1	1.45898	0.81042	0	
1251600	8441.82715	3305217867030	0.49962	0.40505	8441.45898	0.36816	11358	1	0.51057	0.34084	1	0.46345	0.39170	1	0.48701	0.36627	1	0.47987	0.53560	11.13312	1.11068	1	0.74310	0.55831	12.52420	1.10200	1	-0.00499	-0.00962	0.70068	0.00400	1	0.06349	-0.01401	0.68173	0.00386	1	1.45898	0.81042	0	
1251601	8441.83398	3305217938754	0.49972	0.40376	8441.45898	0.37500	11358	1	0.51925	0.29371	1	0.48290	0.43244	1	0.50108	0.36307	1	0.48005	0.53512	11.13144	1.11108	1	0.74337	0.55874	12.20866	1.10240	1	-0.00499	-0.00962	0.70068	0.00380	1	0.06349	-0.01401	0.68173	0.00413	1	1.45898	0.81042	0	
1251602	8441.84082	3305218005623	0.49269	0.37666	8441.45898	0.37500	11358	0	0.52015	0.30064	1	0.48253	0.43850	1	0.50134	0.36957	1	0.48041	0.53542	10.94753	1.10240	1	0.74322	0.55867	12.27505	1.09372	1	-0.00473	-0.00921	0.67127	0.00390	1	0.06291	-0.01393	0.67556	0.00399	1	1.45898	0.81042	0	
1251603	8441.84766	3305218071745	0.49604	0.37669	8441.45898	0.37500	11358	0	0.53247	0.33133	1	0.46632	0.42209	1	0.49940	0.37671	1	0.48063	0.53527	11.06258	1.08464	1	0.74305	0.55855	12.05898	1.08464	1	-0.00473	-0.00921	0.67127	0.00393	1	0.06291	-0.01393	0.67556	0.00402	1	1.45898	0.81042	0	
1251604	8441.85449	3305218138846	0.49859	0.37542	8441.45898	0.37500	11358	0	0.53725	0.33826	1	0.47011	0.40751	1	0.50368	0.37289	1	0.48070	0.53528	11.23015	1.07555	1	0.74310	0.55833	12.01293	1.07555	1	-0.00473	-0.00921	0.67127	0.00392	1	0.06291	-0.01393	0.67556	0.00409	1	1.45898	0.81042	0	
1251605	8441.86133	3305218205418	0.49990	0.37722	8441.84082	0.02051	11359	1	0.53809	0.34536	1	0.46957	0.41987	1	0.50383	0.38262	1	0.48073	0.53574	11.31384	1.06647	1	0.74316	0.55819	11.80516	1.05881	1	-0.00473	-0.00921	0.67127	0.00373	1	0.06226	-0.01378	0.66802	0.00391	1	1.45898	0.81042	0	
1251606	8441.86816	3305218272873	0.49822	0.38091	8441.84082	0.02734	11359	1	0.51054	0.41045	1	0.47245	0.38089	1	0.49150	0.39567	1	0.48060	0.53592	11.48906	1.05881	1	0.74316	0.55826	11.76092	1.05115	1	-0.00473	-0.00921	0.67127	0.00368	1	0.06226	-0.01378	0.66802	0.00385	1	1.45898	0.81042	0	
1251607	8441.87402	3305218339713	0.49808	0.38098	8441.84082	0.03320	11359	1	0.51625	0.36569	1	0.47849	0.39702	1	0.49737	0.38136	1	0.48066	0.53546	11.39662	1.05115	1	0.74331	0.55837	11.30261	1.04349	1	-0.00473	-0.00921	0.67127	0.00384	1	0.06226	-0.01378	0.66802	0.00395	1	1.45898	0.81042	0	
1251608	8441.88086	3305218406687	0.49802	0.38188	8441.84082	0.04004	11359	1	0.51712	0.37163	1	0.47817	0.40293	1	0.49764	0.38728	1	0.48066	0.53437	11.16539	1.04349	1	0.74402	0.55786	11.77199	1.03583	1	-0.00483	-0.00936	0.68560	0.00413	1	0.06164	-0.01362	0.66030	0.00416	1	1.45898	0.81042	0	
1251609	8441.88770	3305218473902	0.49812	0.37954	8441.84082	0.04688	11359	1	0.51071	0.34226	1	0.48705	0.38406	1	0.49888	0.36316	1	0.48058	0.53490	11.04094	1.03583	1	0.74384	0.55815	11.80707	1.03583	1	-0.00483	-0.00936	0.68560	0.00397	1	0.06164	-0.01362	0.66030	0.00417	1	1.45898	0.81042	0	
1251610	8441.89453	3305218540901	0.49882	0.38145	8441.84082	0.05371	11359	1	0.51469	0.35957	1	0.49418	0.43392	1	0.50443	0.39674	1	0.48068	0.53509	11.14677	1.03583	1	0.74390	0.55879	12.05920	1.03583	1	-0.00483	-0.00936	0.68560	0.00398	1	0.06164	-0.01362	0.66030	0.00389	1	1.45898	0.81042	0	
1251611	8441.90137	3305218607243	0.49938	0.38200	8441.84082	0.06055	11359	1	0.51364	0.35237	1	0.49511	0.42148	1	0.50438	0.38692	1	0.48086	0.53510	11.37930	1.04491	1	0.74392	0.55794	11.73877	1.05257	1	-0.00489	-0.00978	0.71627	0.00390	1	0.06339	-0.01399	0.67850	0.00422	1	1.45898	0.81042	0	
1251612	8441.90820	3305218674781	0.49825	0.37688	8441.84082	0.06738	11359	1	0.50945	0.32927	1	0.46455	0.32206	1	0.48700	0.32567	1	0.48061	0.53499	10.82863	1.06166	1	0.74379	0.55841	11.82016	1.06932	1	-0.00489	-0.00978	0.71627	0.00398	1	0.06339	-0.01399	0.67850	0.00416	1	1.45898	0.81042	0	
1251613	8441.91504	3305218741439	0.49758	0.37551	8441.84082	0.07422	11359	1	0.52683	0.37153	1	0.45342	0.34941	1	0.49013	0.36047	1	0.48095	0.53566	11.56895	1.07840	1	0.74366	0.55880	12.39518	1.08606	1	-0.00489	-0.00978	0.71627	0.00367	1	0.06339	-0.01399	0.67850	0.00418	1	1.45898	0.81042	0	
1251614	8441.92090	3305218808501	0.49698	0.37390	8441.84082	0.08008	11359	1	0.52606	0.36579	1	0.45355	0.34341	1	0.48980	0.35460	1	0.48122	0.53559	10.97197	1.08606	1	0.74394	0.55899	11.97240	1.09372	1	-0.00459	-0.00940	0.68083	0.00375	1	0.06339	-0.01410	0.67850	0.00401	1	1.45898	0.81042	0	
1251615	8441.92773	3305218875036	0.49780	0.37105	8441.84082	0.08691	11359	1	0.54308	0.33963	1	0.47394	0.32817	1	0.50851	0.33390	1	0.48119	0.53545	11.00433	1.08464	1	0.74395	0.55846	11.87220	1.08464	1	-0.00459	-0.00940	0.68083	0.00382	1	0.06339	-0.01410	0.67850	0.00407	1	1.45898	0.81042	0	
1251616	8441.93457	3305218942933	0.49745	0.36926	8441.84082	0.09375	11359	1	0.52785	0.31378	1	0.45718	0.37472	1	0.49251	0.34425	1	0.48098	0.53496	11.15542	1.07555	1	0.74366	0.55900	12.41265	1.07555	1	-0.00459	-0.00940	0.68083	0.00390	1	0.06339	-0.01410	0.67850	0.00403	1	1.45898	0.81042	0	
1251617	8441.94141	3305219009360	0.49716	0.36814	8441.84082	0.10059	11359	1	0.52876	0.32110	1	0.45699	0.38170	1	0.49288	0.35140	1	0.48117	0.53498	11.72078	1.06647	1	0.74369	0.55927	12.89577	1.06647	1	-0.00459	-0.00940	0.68083	0.00396	1	0.06349	-0.01407	0.67958	0.00392	1	1.45898	0.81042	0	
1251618	8441.94824	3305219076421	0.49740	0.36888	8441.84082	0.10742	11359	1	0.54683	0.33860	1	0.45547	0.42281	1	0.50115	0.38071	1	0.48125	0.53523	11.74415	1.06647	1	0.74369	0.55940	12.82469	1.06647	1	-0.00459	-0.00940	0.68083	0.00386	1	0.06349	-0.01407	0.67958	0.00389	1	1.45898	0.81042	0	
1251619	8441.95508	3305219144835	0.49784	0.37053	8441.84082	0.11426	11359	1	0.54564	0.37586	1	0.46502	0.42108	1	0.50533	0.39847	1	0.48156	0.53552	11.34211	1.06647	1	0.74385	0.55923	12.48298	1.06647	1	-0.00459	-0.00940	0.68083	0.00382	1	0.06349	-0.01407	0.67958	0.00395	1	1.45898	0.81042	0	
1251620	8441.96191	3305219209936	0.49823	0.37200	8441.84082	0.12109	11359	1	0.54564	0.37586	1	0.46502	0.42108	1	0.50533	0.39847	1	0.48151	0.53546	11.25685	1.06647	1	0.74379	0.55954	12.50489	1.06647	1	-0.00459	-0.00940	0.68083	0.00383	1	0.06339	-0.01410	0.67850	0.00386	1	1.45898	0.81042	0	
1251621	8441.96777	3305219277726	0.49838	0.37370	8441.84082	0.12695	11359	1	0.54543	0.36331	1	0.45691	0.44888	1	0.50117	0.40610	1	0.48151	0.53546	11.25685	1.06647	1	0.74370	0.55969	12.97272	1.06647	1	-0.00459	-0.00940	0.68083	0.00384	1	0.06339	-0.01410	0.67850	0.00381	1	1.45898	0.81042	0	
1251622	8441.97461	3305219344416	0.49928	0.37590	8441.84082	0.13379	11359	1	0.55265	0.40555	1	0.48190	0.43430	1	0.51727	0.41992	1	0.48167	0.53586	11.77740	1.06647	1	0.74414	0.55943	12.44288	1.06647	1	-0.00459	-0.00940	0.68083	0.00375	1	0.06339	-0.01410	0.67850	0.00378	1	1.45898	0.81042	0	
1251623	8441.98145	3305219411413	0.50010	0.37790	8441.84082	0.14062	11359	1	0.55265	0.40555	1	0.48190	0.43430	1	0.51727	0.41992	1	0.48118	0.53517	11.02791	1.06647	1	0.74384	0.55933	12.41367	1.06647	1	-0.00459	-0.00940	0.68083	0.00399	1	0.06339	-0.01410	0.67850	0.00379	1	1.45898	0.81042	0	
1251624	8441.98828	3305219476401	0.50021	0.37841	8441.84082	0.14746	11359	1	0.53095	0.35544	1	0.47449	0.42383	1	0.50272	0.38963	1	0.48139	0.53522	11.29756	1.06647	1	0.74399	0.55943	12.48678	1.06647	1	-0.00459	-0.00940	0.68083	0.00387	1	0.06339	-0.01410	0.67850	0.00381	1	1.45898	0.81042	0	
1251625	8441.99512	3305219542836	0.50006	0.37757	8441.84082	0.15430	11359	1	0.52686	0.28625	1	0.46610	0.43026	1	0.49648	0.35825	1	0.48132	0.53491	10.92443	1.06647	1	0.74387	0.55945	12.47861	1.06647	1	-0.00459	-0.00940	0.68083	0.00387	1	0.06339	-0.01410	0.67850	0.00381	1	1.45898	0.81042	0	
1251626	8442.00098	3305219609072	0.49991	0.37680	8441.84082	0.16016	11359	1	0.52686	0.28625	1	0.46610	0.43026	1	0.49648	0.35825	1	0.48153	0.53565	11.12468	1.06647	1	0.74405	0.55923	12.11436	1.06647	1	-0.00459	-0.00940	0.68083	0.00371	1	0.06339	-0.01410	0.67850	0.00380	1	1.45898	0.81042	0	
1251627	8442.00781	3305219674727	0.49975	0.37773	8441.84082	0.16699	11359	1	0.51387	0.36131	1	0.47755	0.44083	1	0.49571	0.40107	1	0.48151	0.53551	11.12727	1.06647	1	0.74410	0.55946	12.46757	1.06647	1	-0.00459	-0.00940	0.68083	0.00370	1	0.06339	-0.01410	0.67850	0.00375	1	1.45898	0.81042	0	
1251628	8442.01465	3305219744526	0.49973	0.37823	8441.84082	0.17383	11359	1	0.51387	0.36131	1	0.48448	0.42111	1	0.49918	0.39121	1	0.48151	0.53551	11.12727	1.06647	1	0.74421	0.55939	12.08709	1.06647	1	-0.00459	-0.00940	0.68083	0.00370	1	0.06339	-0.01410	0.67850	0.00371	1	1.45898	0.81042	0	
1251629	8442.02148	3305219810790	0.49970	0.37880	8441.84082	0.18066	11359	1	0.51387	0.36131	1	0.48414	0.42672	1	0.49900	0.39402	1	0.48143	0.53535	11.09622	1.06647	1	0.74412	0.55931	12.23390	1.05881	1	-0.00455	-0.00936	0.67490	0.00372	1	0.06153	-0.01372	0.65808	0.00369	1	1.45898	0.81042	0	
1251630	8442.02832	3305219875964	0.49962	0.37841	8441.84082	0.18750	11359	1	0.50380	0.31856	1	0.49079	0.41629	1	0.49730	0.36742	1	0.48132	0.53499	10.82733	1.05881	1	0.74424	0.55921	12.41580	1.05115	1	-0.00455	-0.00936	0.67490	0.00384	1	0.06153	-0.01372	0.65808	0.00369	1	1.45898	0.81042	0	
1251631	8442.03516	3305219945924	0.49997	0.37876	8441.84082	0.19434	11359	1	0.53399	0.34374	1	0.48640	0.43409	1	0.51020	0.38892	1	0.48143	0.53535	11.09622	1.05115	1	0.74412	0.55931	12.23390	1.04349	1	-0.00455	-0.00936	0.67490	0.00372	1	0.06153	-0.01372	0.65808	0.00369	1	1.45898	0.81042	0	
1251632	8442.04199	3305220012640	0.50032	0.37918	8441.84082	0.20117	11359	1	0.53474	0.34983	1	0.48640	0.43409	1	0.51057	0.39196	1	0.48138	0.53561	11.19125	1.04349	1	0.74413	0.55939	12.29801	1.04349	1	-0.00455	-0.00936	0.67490	0.00362	1	0.06349	-0.01417	0.67958	0.00366	1	1.45898	0.81042	0	
1251633	8442.04883	3305220079217	0.50029	0.38030	8441.84082	0.20801	11359	1	0.52912	0.40489	1	0.47011	0.42475	1	0.49962	0.41482	1	0.48161	0.53570	10.98707	1.04349	1	0.74397	0.55946	12.46920	1.05115	1	-0.00455	-0.00936	0.67490	0.00384	1	0.06349	-0.01417	0.67958	0.00364	1	1.45898	0.81042	0	
1251634	8442.05566	3305220148440	0.50023	0.38140	8441.84082	0.21484	11359	1	0.53869	0.39650	1	0.45770	0.43671	1	0.49819	0.41661	1	0.48145	0.53556	11.27298	1.05115	1	0.74378	0.55967	12.44124	1.05881	1	-0.00455	-0.00936	0.67490	0.00363	1	0.06349	-0.01417	0.67958	0.00372	1	1.45898	0.81042	0	
1251635	8442.06250	3305220215304	0.50016	0.38227	8441.84082	0.22168	11359	1	0.53797	0.39080	1	0.45786	0.43119	1	0.49791	0.41100	1	0.48145	0.53556	11.27298	1.05881	1	0.74381	0.55969	12.35214	1.06647	1	-0.00459	-0.00940	0.68083	0.00363	1	0.06349	-0.01417	0.67958	0.00374	1	1.45898	0.81042	0	
1251636	8442.06836	3305220282419	0.50007	0.38332	8441.84082	0.22754	11359	1	0.51367	0.41839	1	0.48035	0.41977	1	0.49701	0.41908	1	0.48143	0.53598	11.14753	1.06647	1	0.74406	0.55933	12.32989	1.06647	1	-0.00459	-0.00940	0.68083	0.00375	1	0.06349	-0.01417	0.67958	0.00368	1	1.45898	0.81042	0	
1251637	8442.07520	3305220348593	0.50022	0.38431	8441.84082	0.23438	11359	1	0.54538	0.40924	1	0.46560	0.42887	1	0.50549	0.41905	1	0.48149	0.53585	11.06565	1.06647	1	0.74385	0.55959	12.63575	1.06647	1	-0.00459	-0.00940	0.68083	0.00379	1	0.06349	-0.01417	0.67958	0.00375	1	1.45898	0.81042	0	
1251638	8442.08203	3305220416815	0.50036	0.38525	8441.84082	0.24121	11359	1	0.54538	0.40924	1	0.46560	0.42887	1	0.50549	0.41905	1	0.48161	0.53570	10.98707	1.06647	1	0.74378	0.55954	12.32316	1.06647	1	-0.00459	-0.00940	0.68083	0.00385	1	0.06349	-0.01417	0.67958	0.00379	1	1.45898	0.81042	0	
1251639	8442.08887	3305220483201	0.50027	0.38573	8441.84082	0.24805	11359	1	0.53363	0.36333	1	0.45975	0.44382	1	0.49669	0.40358	1	0.48144	0.53540	11.10762	1.06647	1	0.74381	0.55967	12.25683	1.06647	1	-0.00459	-0.00940	0.68083	0.00372	1	0.06349	-0.01417	0.67958	0.00375	1	1.45898	0.81042	0	
1251640	8442.09570	3305220550204	0.50018	0.38570	8441.84082	0.25488	11359	1	0.53510	0.34746	1	0.45884	0.42121	1	0.49697	0.38433	1	0.48147	0.53530	10.94175	1.06647	1	0.74379	0.55949	12.33822	1.06647	1	-0.00459	-0.00940	0.68083	0.00375	1	0.06349	-0.01417	0.67958	0.00387	1	1.45898	0.81042	0	
1251641	8442.10156	3305220615157	0.50010	0.38566	8441.84082	0.26074	11359	1	0.53510	0.34746	1	0.45884	0.42121	1	0.49697	0.38433	1	0.48144	0.53570	11.22558	1.06647	1	0.74388	0.55966	12.63807	1.06647	1	-0.00455	-0.00936	0.67490	0.00370	1	0.06349	-0.01417	0.67958	0.00371	1	1.45898	0.81042	0	
1251642	8442.10938	3305220684079	0.50000	0.38700	8441.84082	0.26855	11359	1	0.54286	0.40554	1	0.44911	0.47583	1	0.49598	0.44068	1	0.48145	0.53594	11.26351	1.06647	1	0.74368	0.55985	12.35401	1.06647	1	-0.00455	-0.00936	0.67490	0.00376	1	0.06349	-0.01417	0.67958	0.00390	1	1.45898	0.81042	0	
1251643	8442.11523	3305220750679	0.50027	0.38752	8441.84082	0.27441	11359	1	0.55237	0.41136	1	0.47043	0.40580	1	0.51140	0.40858	1	0.48162	0.53603	11.56222	1.06647	1	0.74391	0.55918	12.37404	1.06647	1	-0.00455	-0.00936	0.67490	0.00349	1	0.06349	-0.01417	0.67958	0.00412	1	1.45898	0.81042	0	
1251644	8442.12207	3305220815556	0.50053	0.38801	8441.84082	0.28125	11359	1	0.55237	0.41136	1	0.47043	0.40580	1	0.51140	0.40858	1	0.48137	0.53575	11.22074	1.06647	1	0.74391	0.55918	12.37404	1.06647	1	-0.00455	-0.00936	0.67490	0.00357	1	0.06349	-0.01417	0.67958	0.00411	1	1.45898	0.81042	0	
1251645	8442.12891	3305220883861	0.50063	0.38820	8441.84082	0.28809	11359	1	0.53979	0.39587	1	0.47024	0.39687	1	0.50502	0.39637	1	0.48147	0.53571	11.20466	1.06647	1	0.74393	0.55912	12.31431	1.06647	1	-0.00455	-0.00936	0.67490	0.00391	1	0.06349	-0.01417	0.67958	0.00412	1	1.45898	0.81042	0	
1251646	8442.13574	3305220949958	0.50063	0.38720	8441.84082	0.29492	11359	1	0.53357	0.32785	1	0.46759	0.35888	1	0.50058	0.34336	1	0.48144	0.53562	11.14731	1.06647	1	0.74384	0.55901	12.07951	1.06647	1	-0.00455	-0.00936	0.67490	0.00370	1	0.06349	-0.01417	0.67958	0.00423	1	1.45898	0.81042	0	
1251647	8442.14258	3305221017741	0.50063	0.38625	8441.84082	0.30176	11359	1	0.53357	0.32785	1	0.46759	0.35888	1	0.50058	0.34336	1	0.48126	0.53583	11.74796	1.06647	1	0.74375	0.55974	12.25409	1.06647	1	-0.00455	-0.00936	0.67490	0.00359	1	0.06349	-0.01417	0.67958	0.00389	1	1.45898	0.81042	0	
1251648	8442.14941	3305221085776	0.50082	0.38753	8441.84082	0.30859	11359	1	0.54487	0.40085	1	0.47449	0.49207	1	0.50968	0.44646	1	0.48115	0.53635	11.73109	1.06647	1	0.74401	0.56009	12.49740	1.06647	1	-0.00455	-0.00936	0.67490	0.00363	1	0.06349	-0.01417	0.67958	0.00380	1	1.45898	0.81042	0	
1251649	8442.15527	3305221151174	0.50103	0.38826	8441.84082	0.31445	11359	1	0.55148	0.40391	1	0.47001	0.44104	1	0.51075	0.42248	1	0.48119	0.53609	12.03502	1.06647	1	0.74391	0.55970	12.45904	1.06647	1	-0.00455	-0.00936	0.67490	0.00374	1	0.06349	-0.01417	0.67958	0.00384	1	1.45898	0.81042	0	
1251650	8442.16211	3305221220146	0.50141	0.38921	8441.84082	0.32129	11359	1	0.55148	0.40391	1	0.47001	0.44104	1	0.51075	0.42248	1	0.48107	0.53637	11.95717	1.06647	1	0.74386	0.55972	12.75829	1.06647	1	-0.00455	-0.00936	0.67490	0.00376	1	0.06349	-0.01417	0.67958	0.00383	1	1.45898	0.81042	0	
1251651	8442.16895	3305221286936	0.50128	0.39041	8441.84082	0.32812	11359	1	0.53801	0.41970	1	0.44819	0.44826	1	0.49310	0.43398	1	0.48098	0.53658	12.08753	1.06647	1	0.74359	0.55980	12.72101	1.06647	1	-0.00455	-0.00936	0.67490	0.00385	1	0.06349	-0.01417	0.67958	0.00390	1	1.45898	0.81042	0	
1251652	8442.17578	3305221353616	0.50140	0.39127	8441.84082	0.33496	11359	1	0.54272	0.37822	1	0.47620	0.45055	1	0.50946	0.41439	1	0.48112	0.53611	11.84098	1.06647	1	0.74401	0.55973	12.41365	1.06647	1	-0.00455	-0.00936	0.67490	0.00386	1	0.06349	-0.01417	0.67958	0.00382	1	1.45898	0.81042	0	
1251653	8442.18262	3305221419719	0.50151	0.39193	8441.84082	0.34180	11359	1	0.54272	0.37822	1	0.47620	0.45055	1	0.50946	0.41439	1	0.48075	0.53643	11.68413	1.06647	1	0.74408	0.55887	11.96826	1.06647	1	-0.00464	-0.00959	0.68745	0.00383	1	0.06349	-0.01417	0.67958	0.00393	1	1.45898	0.81042	0	
1251654	8442.18945	3305221486619	0.50216	0.39072	8441.84082	0.34863	11359	1	0.51613	0.38306	1	0.52841	0.29238	1	0.52227	0.33772	1	0.48070	0.53662	11.56886	1.06647	1	0.74405	0.55789	12.07145	1.06647	1	-0.00464	-0.00959	0.68745	0.00361	1	0.06349	-0.01417	0.67958	0.00432	1	1.45898	0.81042	0	
1251655	8442.19531	3305221552267	0.50259	0.39053	8441.84082	0.35449	11359	1	0.52845	0.35398	1	0.50759	0.38979	1	0.51802	0.37188	1	0.48104	0.53628	11.71097	1.06647	1	0.74372	0.55901	12.48859	1.06647	1	-0.00464	-0.00959	0.68745	0.00375	1	0.06349	-0.01417	0.67958	0.00390	1	1.45898	0.81042	0	
1251656	8442.20312	3305221621937	0.50301	0.39021	8441.84082	0.36230	11359	1	0.52845	0.35398	1	0.50759	0.38979	1	0.51802	0.37188	1	0.48128	0.53648	10.89239	1.06647	1	0.74400	0.55952	12.08087	1.06647	1	-0.00464	-0.00969	0.68745	0.00384	1	0.06349	-0.01427	0.67958	0.00373	1	1.45898	0.81042	0	
1251657	8442.20898	3305221688799	0.50281	0.38887	8441.84082	0.36816	11359	1	0.50982	0.15347	1	0.46865	0.44467	1	0.48923	0.29907	1	0.48118	0.53497	11.46505	1.06647	1	0.74392	0.56060	12.42858	1.06647	1	-0.00464	-0.00969	0.68745	0.00234	1	0.06349	-0.01427	0.67958	0.00397	1	1.45898	0.81042	0	
1251658	8442.21582	3305221755349	0.50206	0.38531	8441.84082	0.37500	11359	1	0.46165	0.10608	1	0.47541	0.34506	1	0.46853	0.22557	1	0.48124	0.53496	10.85873	1.06647	1	0.74397	0.56059	12.75555	1.06647	1	-0.00464	-0.00969	0.68745	0.00231	1	0.06349	-0.01427	0.67958	0.00379	1	1.45898	0.81042	0	
1251659	8442.22266	3305221820709	0.50132	0.38216	8441.84082	0.38184	11359	1	0.46287	0.11419	1	0.47483	0.35765	1	0.46885	0.23592	1	0.48296	0.54048	12.18721	1.05845	1	0.74509	0.56327	12.31867	1.05079	1	-0.00421	-0.00981	0.66065	0.00314	1	0.06074	-0.01398	0.64967	0.00328	1	1.45898	0.81042	0	
1251660	8442.22949	3305221889731	0.50248	0.38661	8441.84082	0.38867	11359	1	0.55904	0.49550	1	0.52614	0.58300	1	0.54259	0.53925	1	0.48286	0.54055	10.63610	1.04277	1	0.74497	0.56375	12.22817	1.03511	1	-0.00421	-0.00981	0.66065	0.00359	1	0.06074	-0.01398	0.64967	0.00337	1	1.45898	0.81042	0	
1251661	8442.23633	3305221956715	0.50398	0.39032	8441.84082	0.39551	11359	1	0.57970	0.47638	1	0.54471	0.60125	1	0.56220	0.53881	1	0.48347	0.53997	10.82710	1.02710	1	0.74532	0.56390	12.03807	1.01944	1	-0.00421	-0.00981	0.66065	0.00378	1	0.06074	-0.01398	0.64967	0.00345	1	1.45898	0.81042	0	
1251662	8442.24316	3305222023689	0.50549	0.39426	8441.84082	0.40234	11359	1	0.58017	0.48160	1	0.54391	0.60579	1	0.56204	0.54370	1	0.48348	0.54207	11.68845	1.01944	1	0.74506	0.56519	12.00214	1.01178	1	-0.00428	-0.01020	0.68009	0.00294	1	0.06153	-0.01441	0.65808	0.00325	1	1.45898	0.81042	0	
1251663	8442.24902	3305222087836	0.50661	0.40101	8441.84082	0.40820	11359	1	0.60163	0.60585	1	0.52378	0.70999	1	0.56271	0.65792	1	0.48349	0.54199	11.43876	1.01980	1	0.74495	0.56511	12.11750	1.01980	1	-0.00428	-0.01020	0.68009	0.00309	1	0.06153	-0.01441	0.65808	0.00334	1	1.45898	0.81042	0	
1251664	8442.25586	3305222157256	0.52508	0.42996	8441.84082	0.40820	11359	0	0.62563	0.58643	1	0.52832	0.66037	1	0.57697	0.62340	1	0.48341	0.54200	11.46447	1.02781	1	0.74509	0.56520	12.45357	1.02781	1	-0.00428	-0.01020	0.68009	0.00304	1	0.06153	-0.01441	0.65808	0.00316	1	1.45898	0.81042	0	
1251665	8442.26270	3305222224709	0.55102	0.52668	8441.84082	0.40820	11359	0	0.62563	0.58643	1	0.52832	0.66037	1	0.57697	0.62340	1	0.48313	0.54203	11.99843	1.02781	1	0.74521	0.56501	12.19159	1.02781	1	-0.00421	-0.00991	0.66065	0.00296	1	0.06153	-0.01441	0.65808	0.00322	1	1.45898	0.81042	0	
1251666	8442.26953	3305222291691	0.55917	0.56938	8441.84082	0.40820	11359	0	0.61798	0.60032	1	0.53291	0.70924	1	0.57545	0.65478	1	0.48326	0.54207	11.80074	1.01980	1	0.74523	0.56515	12.52993	1.01980	1	-0.00421	-0.00991	0.66065	0.00306	1	0.06153	-0.01441	0.65808	0.00310	1	1.45898	0.81042	0	
1251667	8442.27637	3305222358980	0.57282	0.64705	8441.84082	0.40820	11359	0	0.60583	0.62154	1	0.52624	0.70439	1	0.56604	0.66296	1	0.48313	0.54209	12.01514	1.01178	1	0.74503	0.56510	12.19161	1.01178	1	-0.00421	-0.00991	0.66065	0.00305	1	0.06153	-0.01441	0.65808	0.00317	1	1.45898	0.81042	0	
1251668	8442.28320	3305222425444	0.56933	0.65709	8441.84082	0.40820	11359	0	0.60614	0.62593	1	0.52553	0.70835	1	0.56584	0.66714	1	0.48309	0.54231	12.15039	1.00376	1	0.74510	0.56502	12.12183	1.00376	1	-0.00421	-0.00991	0.66065	0.00300	1	0.06074	-0.01418	0.64967	0.00323	1	1.45898	0.81042	0	
1251669	8442.29004	3305222492547	0.56936	0.66159	8441.84082	0.40820	11359	0	0.60704	0.63892	1	0.53179	0.70223	1	0.56941	0.67057	1	0.48311	0.54221	12.11406	1.00376	1	0.74514	0.56500	12.14013	1.00376	1	-0.00421	-0.00991	0.66065	0.00306	1	0.06074	-0.01418	0.64967	0.00320	1	1.45898	0.81042	0	
1251670	8442.29688	3305222559880	0.57000	0.66530	8442.27637	0.02051	11360	1	0.61403	0.64956	1	0.52984	0.70335	1	0.57193	0.67645	1	0.48316	0.54218	12.04523	1.00376	1	0.74505	0.56502	12.10620	1.00376	1	-0.00421	-0.00991	0.66065	0.00296	1	0.06074	-0.01418	0.64967	0.00328	1	1.45898	0.81042	0	
1251671	8442.30273	3305222626729	0.57051	0.66633	8442.27637	0.02637	11360	1	0.61378	0.64536	1	0.53129	0.69552	1	0.57253	0.67044	1	0.48323	0.54208	12.02483	1.01178	1	0.74518	0.56509	12.41206	1.01944	1	-0.00442	-0.01029	0.68572	0.00307	1	0.06339	-0.01481	0.67850	0.00329	1	1.45898	0.81042	0	
1251672	8442.30957	3305222692298	0.56985	0.66310	8442.27637	0.03320	11360	1	0.59860	0.58375	1	0.53449	0.71014	1	0.56654	0.64694	1	0.48296	0.54213	11.45571	1.02745	1	0.74515	0.56533	12.55524	1.03511	1	-0.00442	-0.01029	0.68572	0.00304	1	0.06339	-0.01481	0.67850	0.00312	1	1.45898	0.81042	0	
1251673	8442.31641	3305222760448	0.56905	0.66204	8442.27637	0.04004	11360	1	0.59844	0.62755	1	0.53016	0.68388	1	0.56430	0.65572	1	0.48307	0.54188	11.73822	1.04313	1	0.74504	0.56506	12.12043	1.05079	1	-0.00442	-0.01029	0.68572	0.00310	1	0.06339	-0.01481	0.67850	0.00316	1	1.45898	0.81042	0	
1251674	8442.32324	3305222827627	0.56844	0.66100	8442.27637	0.04688	11360	1	0.59810	0.62352	1	0.53016	0.68388	1	0.56413	0.65370	1	0.48312	0.54176	11.69859	1.05079	1	0.74518	0.56479	12.35756	1.05079	1	-0.00427	-0.00983	0.65501	0.00317	1	0.06074	-0.01418	0.64967	0.00313	1	1.45898	0.81042	0	
1251675	8442.33008	3305222896144	0.56808	0.65685	8442.27637	0.05371	11360	1	0.58881	0.56283	1	0.54160	0.68448	1	0.56521	0.62365	1	0.48285	0.54179	11.21373	1.04277	1	0.74521	0.56490	12.45008	1.03511	1	-0.00427	-0.00983	0.65501	0.00316	1	0.06074	-0.01418	0.64967	0.00311	1	1.45898	0.81042	0	SUBJECT_ONSET_LOG
1251676	8442.33691	3305222959533	0.56703	0.65646	8442.27637	0.06055	11360	1	0.58455	0.63957	1	0.53057	0.66627	1	0.55756	0.65292	1	0.48277	0.54177	11.36401	1.02710	1	0.74506	0.56476	12.04911	1.01944	1	-0.00427	-0.00983	0.65501	0.00304	1	0.06074	-0.01418	0.64967	0.00319	1	1.45898	0.81042	0	
1251677	8442.34375	3305223028728	0.56619	0.65632	8442.27637	0.06738	11360	1	0.58499	0.64357	1	0.53057	0.66627	1	0.55778	0.65492	1	0.48271	0.54191	11.31656	1.01944	1	0.74524	0.56482	12.49088	1.01944	1	-0.00450	-0.01019	0.68245	0.00296	1	0.06349	-0.01478	0.67958	0.00308	1	1.45898	0.81042	0	
1251678	8442.34961	3305223095605	0.56607	0.65233	8442.27637	0.07324	11360	1	0.58785	0.56421	1	0.54175	0.65276	1	0.56480	0.60848	1	0.48278	0.54125	11.27651	1.02745	1	0.74520	0.56457	12.94323	1.03511	1	-0.00450	-0.01019	0.68245	0.00308	1	0.06349	-0.01478	0.67958	0.00306	1	1.45898	0.81042	0	
1251679	8442.35645	3305223162310	0.56550	0.64883	8442.27637	0.08008	11360	1	0.58596	0.56612	1	0.53137	0.64754	1	0.55867	0.60683	1	0.48288	0.54131	11.02799	1.04313	1	0.74508	0.56457	12.57143	1.05079	1	-0.00450	-0.01019	0.68245	0.00294	1	0.06349	-0.01478	0.67958	0.00311	1	1.45898	0.81042	0	AUDIO_FILE_ONSET_LOG
1251680	8442.36328	3305223229195	0.56503	0.64521	8442.27637	0.08691	11360	1	0.58510	0.55695	1	0.53278	0.63922	1	0.55894	0.59808	1	0.48284	0.54133	11.05381	1.05881	1	0.74521	0.56485	12.81710	1.06647	1	-0.00446	-0.01004	0.67623	0.00292	1	0.06339	-0.01471	0.67850	0.00316	1	1.45898	0.81042	0	
1251681	8442.37012	3305223295977	0.56483	0.64227	8442.27637	0.09375	11360	1	0.58406	0.54459	1	0.54009	0.65779	1	0.56208	0.60119	1	0.48281	0.54108	11.17891	1.06647	1	0.74521	0.56485	12.86600	1.06647	1	-0.00446	-0.01004	0.67623	0.00312	1	0.06339	-0.01471	0.67850	0.00315	1	1.45898	0.81042	0	
1251682	8442.37695	3305223362991	0.56555	0.63883	8442.27637	0.10059	11360	1	0.61236	0.51657	1	0.54009	0.65779	1	0.57623	0.58718	1	0.48288	0.54090	11.05798	1.06647	1	0.74521	0.56485	12.86600	1.06647	1	-0.00446	-0.01004	0.67623	0.00312	1	0.06339	-0.01471	0.67850	0.00315	1	1.45898	0.81042	0	
1251683	8442.38379	3305223430517	0.56618	0.63579	8442.27637	0.10742	11360	1	0.61236	0.51657	1	0.54009	0.65779	1	0.57623	0.58718	1	0.48283	0.54128	11.03722	1.06647	1	0.74519	0.56465	12.61477	1.06647	1	-0.00450	-0.01019	0.68245	0.00298	1	0.06339	-0.01471	0.67850	0.00329	1	1.45898	0.81042	0	
1251684	8442.38965	3305223494563	0.56599	0.63320	8442.27637	0.11328	11360	1	0.58809	0.53591	1	0.53752	0.64247	1	0.56280	0.58919	1	0.48289	0.54126	11.07295	1.06647	1	0.74519	0.56465	12.61477	1.06647	1	-0.00450	-0.01019	0.68245	0.00296	1	0.06339	-0.01471	0.67850	0.00329	1	1.45898	0.81042	0	
1251685	8442.39648	3305223560649	0.56647	0.63205	8442.27637	0.12012	11360	1	0.61293	0.58021	1	0.53752	0.64247	1	0.57523	0.61134	1	0.48287	0.54152	11.10039	1.06647	1	0.74519	0.56465	12.61477	1.06647	1	-0.00450	-0.01019	0.68245	0.00292	1	0.06339	-0.01471	0.67850	0.00329	1	1.45898	0.81042	0	
1251686	8442.40332	3305223626349	0.56691	0.63102	8442.27637	0.12695	11360	1	0.61293	0.58021	1	0.53752	0.64247	1	0.57523	0.61134	1	0.48290	0.54133	11.06506	1.06647	1	0.74518	0.56466	12.66491	1.06647	1	-0.00446	-0.01004	0.67623	0.00298	1	0.06339	-0.01471	0.67850	0.00327	1	1.45898	0.81042	0	
1251687	8442.41016	3305223693726	0.56727	0.63024	8442.27637	0.13379	11360	1	0.60137	0.56574	1	0.54754	0.66355	1	0.57445	0.61464	1	0.48271	0.54162	11.24005	1.06647	1	0.74525	0.56490	12.85843	1.06647	1	-0.00446	-0.01004	0.67623	0.00293	1	0.06339	-0.01471	0.67850	0.00319	1	1.45898	0.81042	0	
1251688	8442.41699	3305223761288	0.56791	0.62931	8442.27637	0.14062	11360	1	0.62746	0.57749	1	0.53512	0.64216	1	0.58129	0.60983	1	0.48271	0.54162	11.24005	1.06647	1	0.74509	0.56457	12.58710	1.06647	1	-0.00446	-0.01004	0.67623	0.00294	1	0.06339	-0.01471	0.67850	0.00330	1	1.45898	0.81042	0	
1251689	8442.42285	3305223828180	0.57058	0.60329	8442.27637	0.14062	11360	0	0.62760	0.58198	1	0.53438	0.64639	1	0.58099	0.61419	1	0.48272	0.54094	11.00154	1.05845	1	0.74507	0.56472	12.60942	1.05845	1	-0.00438	-0.00974	0.65561	0.00316	1	0.06339	-0.01471	0.67850	0.00316	1	1.45898	0.81042	0	
1251690	8442.42969	3305223896402	0.58662	0.60726	8442.27637	0.14062	11360	0	0.63014	0.54701	1	0.57521	0.67545	1	0.60267	0.61123	1	0.48272	0.54074	10.86982	1.05043	1	0.74502	0.56486	13.03997	1.05043	1	-0.00438	-0.00974	0.65561	0.00318	1	0.06339	-0.01471	0.67850	0.00314	1	1.45898	0.81042	0	
1251691	8442.43652	3305223962363	0.59041	0.60651	8442.27637	0.14062	11360	0	0.62352	0.53433	1	0.57248	0.67569	1	0.59800	0.60501	1	0.48270	0.54078	10.88379	1.04242	1	0.74499	0.56485	12.98529	1.04242	1	-0.00438	-0.00974	0.65561	0.00316	1	0.06339	-0.01471	0.67850	0.00311	1	1.45898	0.81042	0	
1251692	8442.44336	3305224030377	0.59220	0.60726	8442.42285	0.02051	11361	1	0.62370	0.53926	1	0.57144	0.67978	1	0.59757	0.60952	1	0.48265	0.54109	10.89002	1.03440	1	0.74515	0.56473	12.80933	1.03440	1	-0.00443	-0.00990	0.66322	0.00302	1	0.06339	-0.01471	0.67850	0.00322	1	1.45898	0.81042	0	
1251693	8442.45020	3305224097303	0.59437	0.61553	8442.42285	0.02734	11361	1	0.62874	0.61412	1	0.57735	0.68306	1	0.60305	0.64859	1	0.48272	0.54145	11.15914	1.03440	1	0.74510	0.56458	12.52639	1.03440	1	-0.00443	-0.00990	0.66322	0.00291	1	0.06339	-0.01471	0.67850	0.00326	1	1.45898	0.81042	0	
1251694	8442.45703	3305224167595	0.59439	0.61995	8442.42285	0.03418	11361	1	0.63179	0.60926	1	0.55714	0.67487	1	0.59446	0.64206	1	0.48272	0.54145	11.15914	1.03440	1	0.74508	0.56485	12.78681	1.03440	1	-0.00443	-0.00990	0.66322	0.00291	1	0.06339	-0.01471	0.67850	0.00313	1	1.45898	0.81042	0	
1251695	8442.46387	3305224234199	0.59440	0.62311	8442.42285	0.04102	11361	1	0.63179	0.60926	1	0.55714	0.67487	1	0.59446	0.64206	1	0.48262	0.54139	11.20720	1.03440	1	0.74512	0.56482	12.92453	1.03440	1	-0.00443	-0.00990	0.66322	0.00297	1	0.06349	-0.01468	0.67958	0.00314	1	1.45898	0.81042	0	
1251696	8442.47070	3305224300912	0.59527	0.62390	8442.42285	0.04785	11361	1	0.62524	0.58538	1	0.57759	0.67346	1	0.60142	0.62942	1	0.48260	0.54127	11.22179	1.03440	1	0.74507	0.56481	12.82267	1.03440	1	-0.00443	-0.00990	0.66322	0.00298	1	0.06349	-0.01468	0.67958	0.00313	1	1.45898	0.81042	0	
1251697	8442.47754	3305224368241	0.59574	0.62146	8442.42285	0.05469	11361	1	0.60678	0.54736	1	0.59220	0.65649	1	0.59949	0.60192	1	0.48243	0.54091	11.50596	1.03440	1	0.74522	0.56468	12.66352	1.03440	1	-0.00443	-0.00990	0.66322	0.00313	1	0.06349	-0.01468	0.67958	0.00327	1	1.45898	0.81042	0	
1251698	8442.48438	3305224435011	0.59612	0.61950	8442.42285	0.06152	11361	1	0.60678	0.54736	1	0.59220	0.65649	1	0.59949	0.60192	1	0.48258	0.54080	10.82415	1.03440	1	0.74507	0.56456	12.61883	1.03440	1	-0.00438	-0.00974	0.65561	0.00322	1	0.06349	-0.01468	0.67958	0.00329	1	1.45898	0.81042	0	
1251699	8442.49023	3305224501978	0.59518	0.61925	8442.42285	0.06738	11361	1	0.61958	0.57229	1	0.55203	0.66104	1	0.58581	0.61666	1	0.48253	0.54118	10.97585	1.03440	1	0.74505	0.56460	12.76046	1.03440	1	-0.00438	-0.00974	0.65561	0.00302	1	0.06349	-0.01468	0.67958	0.00323	1	1.45898	0.81042	0	
1251700	8442.49707	3305224567263	0.59546	0.61955	8442.42285	0.07422	11361	1	0.61958	0.57229	1	0.57759	0.67346	1	0.59859	0.62287	1	0.48253	0.54118	10.97585	1.03440	1	0.74507	0.56481	12.82267	1.03440	1	-0.00438	-0.00974	0.65561	0.00302	1	0.06349	-0.01468	0.67958	0.00313	1	1.45898	0.81042	0	
1251701	8442.50391	3305224635933	0.59567	0.61996	8442.42285	0.08105	11361	1	0.61958	0.57229	1	0.57656	0.67741	1	0.59807	0.62485	1	0.48269	0.54101	11.17961	1.03440	1	0.74513	0.56472	12.64386	1.02674	1	-0.00438	-0.00974	0.65561	0.00313	1	0.06164	-0.01431	0.66030	0.00324	1	1.45898	0.81042	0	
1251702	8442.51074	3305224702988	0.59554	0.62072	8442.42285	0.08789	11361	1	0.62017	0.55555	1	0.56754	0.70584	1	0.59385	0.63070	1	0.48260	0.54116	11.00304	1.02674	1	0.74497	0.56476	12.80578	1.01908	1	-0.00438	-0.00974	0.65561	0.00298	1	0.06164	-0.01431	0.66030	0.00312	1	1.45898	0.81042	0	
1251703	8442.51758	3305224769891	0.59548	0.62149	8442.42285	0.09473	11361	1	0.62020	0.57651	1	0.56923	0.68792	1	0.59471	0.63222	1	0.48258	0.54083	10.83807	1.01908	1	0.74505	0.56485	13.09868	1.01142	1	-0.00438	-0.00974	0.65561	0.00311	1	0.06164	-0.01431	0.66030	0.00312	1	1.45898	0.81042	0	
1251704	8442.52441	3305224837157	0.59541	0.62242	8442.42285	0.10156	11361	1	0.62039	0.58101	1	0.56823	0.69185	1	0.59431	0.63643	1	0.48269	0.54101	11.17961	1.01142	1	0.74513	0.56479	13.01552	1.00376	1	-0.00438	-0.00974	0.65561	0.00313	1	0.06154	-0.01424	0.65922	0.00317	1	1.45898	0.81042	0	
1251705	8442.53125	3305224904162	0.59487	0.62320	8442.42285	0.10840	11361	1	0.61867	0.55961	1	0.55388	0.71151	1	0.58627	0.63556	1	0.48263	0.54090	11.03346	1.00376	1	0.74469	0.56501	12.49863	1.00376	1	-0.00438	-0.00974	0.65561	0.00307	1	0.06154	-0.01424	0.65922	0.00314	1	1.45898	0.81042	0	
1251706	8442.53711	3305224969425	0.59476	0.62489	8442.42285	0.11426	11361	1	0.62889	0.62215	1	0.55672	0.68531	1	0.59280	0.65373	1	0.48258	0.54121	10.96618	1.00376	1	0.74488	0.56481	12.65646	1.00376	1	-0.00438	-0.00974	0.65561	0.00299	1	0.06154	-0.01424	0.65922	0.00317	1	1.45898	0.81042	0	
1251707	8442.54395	3305225038184	0.59467	0.62618	8442.42285	0.12109	11361	1	0.62875	0.61774	1	0.55767	0.68115	1	0.59321	0.64944	1	0.48267	0.54106	11.16017	1.01178	1	0.74458	0.56506	12.72534	1.01178	1	-0.00458	-0.01009	0.67939	0.00310	1	0.06154	-0.01424	0.65922	0.00310	1	1.45898	0.81042	0	
1251708	8442.55078	3305225104935	0.59442	0.62609	8442.42285	0.12793	11361	1	0.61209	0.53084	1	0.56707	0.71772	1	0.58958	0.62428	1	0.48259	0.54084	10.51081	1.01980	1	0.74494	0.56475	12.89402	1.01980	1	-0.00458	-0.01009	0.67939	0.00317	1	0.06154	-0.01424	0.65922	0.00318	1	1.45898	0.81042	0	
1251709	8442.55762	3305225170874	0.59403	0.62622	8442.42285	0.13477	11361	1	0.62947	0.55255	1	0.54300	0.70516	1	0.58624	0.62885	1	0.48276	0.54114	11.10824	1.02781	1	0.74458	0.56506	12.72534	1.02781	1	-0.00458	-0.01009	0.67939	0.00312	1	0.06154	-0.01424	0.65922	0.00311	1	1.45898	0.81042	0	
1251710	8442.56445	3305225238934	0.59368	0.62634	8442.42285	0.14160	11361	1	0.62947	0.55255	1	0.54300	0.70516	1	0.58624	0.62885	1	0.48244	0.54110	10.61334	1.02781	1	0.74445	0.56498	13.08659	1.02781	1	-0.00438	-0.00974	0.65561	0.00319	1	0.06154	-0.01424	0.65922	0.00309	1	1.45898	0.81042	0	
1251711	8442.57129	3305225305788	0.59299	0.62619	8442.42285	0.14844	11361	1	0.62664	0.55003	1	0.52921	0.69578	1	0.57793	0.62291	1	0.48262	0.54106	10.94718	1.01980	1	0.74434	0.56500	12.94884	1.01980	1	-0.00438	-0.00974	0.65561	0.00319	1	0.06154	-0.01424	0.65922	0.00315	1	1.45898	0.81042	0	
1251712	8442.57812	3305225373142	0.59179	0.62713	8442.42285	0.15527	11361	1	0.60498	0.58520	1	0.52316	0.71232	1	0.56407	0.64876	1	0.48227	0.54110	10.52039	1.01178	1	0.74418	0.56510	13.03527	1.01178	1	-0.00438	-0.00974	0.65561	0.00324	1	0.06154	-0.01424	0.65922	0.00318	1	1.45898	0.81042	0	
1251713	8442.58398	3305225439839	0.59068	0.62800	8442.42285	0.16113	11361	1	0.60498	0.58520	1	0.52316	0.71232	1	0.56407	0.64876	1	0.48253	0.54166	10.96243	1.01178	1	0.74444	0.56503	12.85012	1.01178	1	-0.00458	-0.01009	0.67939	0.00293	1	0.06133	-0.01421	0.65805	0.00315	1	1.45898	0.81042	0	
1251714	8442.59082	3305225506836	0.59007	0.62799	8442.42285	0.16797	11361	1	0.61379	0.58135	1	0.53575	0.67441	1	0.57477	0.62788	1	0.48247	0.54161	10.50338	1.01980	1	0.74438	0.56483	12.64312	1.01980	1	-0.00458	-0.01009	0.67939	0.00296	1	0.06133	-0.01421	0.65805	0.00315	1	1.45898	0.81042	0	
1251715	8442.59766	3305225570801	0.58916	0.62797	8442.42285	0.17480	11361	1	0.60686	0.57442	1	0.52437	0.68011	1	0.56562	0.62726	1	0.48240	0.54146	10.65987	1.02781	1	0.74423	0.56485	12.63807	1.02781	1	-0.00458	-0.01009	0.67939	0.00306	1	0.06133	-0.01421	0.65805	0.00322	1	1.45898	0.81042	0	
1251716	8442.60449	3305225637004	0.58833	0.62778	8442.42285	0.18164	11361	1	0.60656	0.56973	1	0.52505	0.67602	1	0.56581	0.62287	1	0.48221	0.54158	10.27440	1.03583	1	0.74443	0.56478	12.55720	1.03583	1	-0.00458	-0.01009	0.67939	0.00303	1	0.06133	-0.01421	0.65805	0.00313	1	1.45898	0.81042	0	
1251717	8442.61133	3305225704208	0.58775	0.62801	8442.42285	0.18848	11361	1	0.59757	0.60521	1	0.54557	0.66328	1	0.57157	0.63425	1	0.48209	0.54163	10.65222	1.03583	1	0.74445	0.56470	12.41761	1.03583	1	-0.00458	-0.01009	0.67939	0.00289	1	0.06133	-0.01421	0.65805	0.00310	1	1.45898	0.81042	0	
1251718	8442.61816	3305225772256	0.58704	0.62790	8442.42285	0.19531	11361	1	0.59365	0.58364	1	0.53923	0.66590	1	0.56644	0.62477	1	0.48221	0.54158	10.27440	1.03583	1	0.74438	0.56480	12.70320	1.03583	1	-0.00458	-0.01009	0.67939	0.00303	1	0.06133	-0.01421	0.65805	0.00313	1	1.45898	0.81042	0	
1251719	8442.62402	3305225838620	0.58639	0.62773	8442.42285	0.20117	11361	1	0.59365	0.58364	1	0.53998	0.66191	1	0.56682	0.62278	1	0.48219	0.54156	10.30033	1.03583	1	0.74368	0.56493	12.63126	1.04349	1	-0.00458	-0.01009	0.67939	0.00305	1	0.06349	-0.01473	0.68173	0.00332	1	1.45898	0.81042	0	
1251720	8442.63086	3305225905391	0.58526	0.62778	8442.42285	0.20801	11361	1	0.58596	0.58404	1	0.51460	0.67425	1	0.55028	0.62915	1	0.48219	0.54172	10.41093	1.04349	1	0.74405	0.56488	12.53543	1.05115	1	-0.00458	-0.01009	0.67939	0.00291	1	0.06349	-0.01473	0.68173	0.00318	1	1.45898	0.81042	0	
1251721	8442.63770	3305225973107	0.58423	0.62768	8442.42285	0.21484	11361	1	0.59954	0.58448	1	0.50287	0.66483	1	0.55121	0.62466	1	0.48223	0.54132	10.30563	1.05115	1	0.74384	0.56489	12.12850	1.05881	1	-0.00458	-0.01009	0.67939	0.00313	1	0.06349	-0.01473	0.68173	0.00339	1	1.45898	0.81042	0	
1251722	8442.64453	3305226038675	0.58326	0.62747	8442.42285	0.22168	11361	1	0.59922	0.58017	1	0.50335	0.66094	1	0.55129	0.62055	1	0.48219	0.54156	10.30033	1.05881	1	0.74404	0.56481	11.23577	1.06647	1	-0.00458	-0.01009	0.67939	0.00305	1	0.06349	-0.01473	0.68173	0.00312	1	1.45898	0.81042	0	
1251723	8442.65137	3305226106490	0.58234	0.62756	8442.42285	0.22852	11361	1	0.60053	0.58443	1	0.50183	0.67655	1	0.55118	0.63049	1	0.48225	0.54153	10.25120	1.06647	1	0.74376	0.56509	12.58532	1.06647	1	-0.00458	-0.01009	0.67939	0.00302	1	0.06349	-0.01473	0.68173	0.00322	1	1.45898	0.81042	0	
1251724	8442.65820	3305226175271	0.58198	0.62750	8442.42285	0.23535	11361	1	0.59689	0.55993	1	0.54181	0.69120	1	0.56935	0.62557	1	0.48225	0.54168	10.38263	1.06647	1	0.74452	0.56518	12.23456	1.06647	1	-0.00458	-0.01009	0.67939	0.00290	1	0.06349	-0.01473	0.68173	0.00316	1	1.45898	0.81042	0	
1251725	8442.66504	3305226240777	0.58163	0.62757	8442.42285	0.24219	11361	1	0.59725	0.56457	1	0.54103	0.69506	1	0.56914	0.62982	1	0.48213	0.54153	10.68389	1.05845	1	0.74422	0.56496	12.13930	1.05845	1	-0.00435	-0.00946	0.63697	0.00291	1	0.06291	-0.01464	0.67556	0.00312	1	1.45898	0.81042	0	
1251726	8442.67090	3305226308034	0.58099	0.62748	8442.42285	0.24805	11361	1	0.59912	0.55200	1	0.51549	0.69647	1	0.55730	0.62423	1	0.48188	0.54161	10.79605	1.05043	1	0.74404	0.56512	11.77274	1.05043	1	-0.00435	-0.00946	0.63697	0.00278	1	0.06291	-0.01464	0.67556	0.00314	1	1.45898	0.81042	0	
1251727	8442.67773	3305226373987	0.58084	0.62765	8442.42285	0.25488	11361	1	0.60298	0.58191	1	0.54732	0.68614	1	0.57515	0.63402	1	0.48195	0.54177	10.73758	1.04242	1	0.74415	0.56498	11.86788	1.04242	1	-0.00435	-0.00946	0.63697	0.00289	1	0.06291	-0.01464	0.67556	0.00319	1	1.45898	0.81042	0	
1251728	8442.68457	3305226440634	0.58070	0.62781	8442.42285	0.26172	11361	1	0.60298	0.58191	1	0.54732	0.68614	1	0.57515	0.63402	1	0.48193	0.54196	11.07501	1.04242	1	0.74412	0.56499	11.53856	1.04242	1	-0.00469	-0.01014	0.67946	0.00273	1	0.06291	-0.01464	0.67556	0.00307	1	1.45898	0.81042	0	
1251729	8442.69141	3305226511449	0.58008	0.62827	8442.42285	0.26855	11361	1	0.56975	0.60242	1	0.54071	0.69139	1	0.55523	0.64690	1	0.48151	0.54210	11.17685	1.05043	1	0.74400	0.56509	11.53710	1.05043	1	-0.00469	-0.01014	0.67946	0.00286	1	0.06291	-0.01464	0.67556	0.00313	1	1.45898	0.81042	0	
1251730	8442.69824	3305226578888	0.57986	0.62824	8442.42285	0.27539	11361	1	0.58251	0.58006	1	0.55892	0.67410	1	0.57071	0.62708	1	0.48157	0.54202	11.30484	1.05845	1	0.74396	0.56503	11.86426	1.05845	1	-0.00469	-0.01014	0.67946	0.00282	1	0.06291	-0.01464	0.67556	0.00303	1	1.45898	0.81042	0	
1251731	8442.70508	3305226645559	0.57963	0.62820	8442.42285	0.28223	11361	1	0.58205	0.57553	1	0.55818	0.67734	1	0.57011	0.62644	1	0.48174	0.54163	10.15604	1.06647	1	0.74387	0.56535	12.05911	1.05200	1	-0.00469	-0.01014	0.67946	0.00280	1	0.05856	-0.01375	0.62985	0.00309	1	1.45898	0.81042	0	
1251732	8442.71191	3305226712962	0.57957	0.62865	8442.42285	0.28906	11361	1	0.61381	0.56203	1	0.54031	0.73368	1	0.57706	0.64785	1	0.48206	0.54193	11.12871	1.05200	1	0.74368	0.56546	11.98207	1.03753	1	-0.00469	-0.01014	0.67946	0.00311	1	0.05856	-0.01375	0.62985	0.00315	1	1.45898	0.81042	0	
1251733	8442.71875	3305226780170	0.57921	0.62944	8442.42285	0.29590	11361	1	0.58463	0.58898	1	0.54228	0.74005	1	0.56345	0.66451	1	0.48165	0.54197	10.24788	1.03753	1	0.74373	0.56549	12.23325	1.02306	1	-0.00469	-0.01014	0.67946	0.00301	1	0.05856	-0.01375	0.62985	0.00313	1	1.45898	0.81042	0	
1251734	8442.72461	3305226844788	0.57886	0.63046	8442.42285	0.30176	11361	1	0.58589	0.60172	1	0.53996	0.75026	1	0.56293	0.67599	1	0.48163	0.54211	10.09497	1.01505	1	0.74379	0.56544	12.19082	1.00058	1	-0.00462	-0.00994	0.66238	0.00313	1	0.05856	-0.01375	0.62985	0.00311	1	1.45898	0.81042	0	
1251735	8442.73145	3305226914032	0.57869	0.63132	8442.42285	0.30859	11361	1	0.60478	0.60637	1	0.53734	0.73568	1	0.57106	0.67103	1	0.48148	0.54231	10.42568	0.99256	1	0.74382	0.56527	11.96936	0.99256	1	-0.00462	-0.00994	0.66238	0.00310	1	0.05856	-0.01375	0.62985	0.00315	1	1.45898	0.81042	0	
1251736	8442.73828	3305226980758	0.57853	0.63202	8442.42285	0.31543	11361	1	0.60967	0.60821	1	0.53184	0.72201	1	0.57075	0.66511	1	0.48163	0.54211	10.09497	0.98455	1	0.74360	0.56512	11.38511	0.98455	1	-0.00462	-0.00994	0.66238	0.00313	1	0.05856	-0.01375	0.62985	0.00324	1	1.45898	0.81042	0	
1251737	8442.74512	3305227047763	0.57854	0.63328	8442.42285	0.32227	11361	1	0.60967	0.60821	1	0.53249	0.71868	1	0.57108	0.66345	1	0.48163	0.54211	10.09497	0.98455	1	0.74356	0.56530	11.85195	0.99135	1	-0.00480	-0.01021	0.68047	0.00313	1	0.06038	-0.01419	0.64997	0.00308	1	1.45898	0.81042	0	
1251738	8442.75195	3305227114398	0.57783	0.63408	8442.42285	0.32910	11361	1	0.60530	0.58727	1	0.53164	0.71270	1	0.56847	0.64998	1	0.48157	0.54246	10.17436	0.99937	1	0.74343	0.56514	12.31907	1.00618	1	-0.00480	-0.01021	0.68047	0.00298	1	0.06038	-0.01419	0.64997	0.00308	1	1.45898	0.81042	0	
1251739	8442.75879	3305227181300	0.57715	0.63492	8442.42285	0.33594	11361	1	0.60582	0.58786	1	0.52569	0.70241	1	0.56575	0.64513	1	0.48158	0.54234	10.16131	1.01420	1	0.74345	0.56508	12.05416	1.02100	1	-0.00480	-0.01021	0.68047	0.00309	1	0.06038	-0.01419	0.64997	0.00310	1	1.45898	0.81042	0	
1251740	8442.76562	3305227248326	0.57650	0.63550	8442.42285	0.34277	11361	1	0.60525	0.57927	1	0.52698	0.69512	1	0.56611	0.63719	1	0.48145	0.54246	10.52977	1.02902	1	0.74386	0.56535	12.06294	1.03583	1	-0.00480	-0.01031	0.68047	0.00298	1	0.06038	-0.01419	0.64997	0.00294	1	1.45898	0.81042	0	
1251741	8442.77246	3305227315038	0.57568	0.63587	8442.42285	0.34961	11361	1	0.60013	0.62855	1	0.52765	0.70420	1	0.56389	0.66638	1	0.48137	0.54270	10.68680	1.03583	1	0.74352	0.56523	11.41253	1.03583	1	-0.00480	-0.01031	0.68047	0.00299	1	0.06038	-0.01419	0.64997	0.00307	1	1.45898	0.81042	0	
1251742	8442.77832	3305227382211	0.57510	0.63651	8442.42285	0.35547	11361	1	0.58940	0.61182	1	0.54344	0.73433	1	0.56642	0.67307	1	0.48135	0.54265	10.54996	1.03583	1	0.74377	0.56545	11.76493	1.03583	1	-0.00480	-0.01031	0.68047	0.00302	1	0.06038	-0.01419	0.64997	0.00301	1	1.45898	0.81042	0	
1251743	8442.78516	3305227444832	0.57452	0.63712	8442.42285	0.36230	11361	1	0.58940	0.61182	1	0.54423	0.73085	1	0.56682	0.67134	1	0.48135	0.54265	10.54996	1.03583	1	0.74296	0.56532	11.88099	1.04349	1	-0.00480	-0.01031	0.68047	0.00303	1	0.06378	-0.01500	0.68706	0.00315	1	1.45898	0.81042	0	
1251744	8442.79199	3305227513187	0.56456	0.66464	8442.42285	0.36230	11361	0	0.58690	0.62907	1	0.48900	0.75584	1	0.53795	0.69246	1	0.48138	0.54283	10.79456	1.04349	1	0.74279	0.56559	11.98767	1.05115	1	-0.00480	-0.01031	0.68047	0.00289	1	0.06378	-0.01500	0.68706	0.00329	1	1.45898	0.81042	0	
1251745	8442.79883	3305227581222	0.56029	0.66777	8442.42285	0.36230	11361	0	0.59223	0.57539	1	0.51980	0.76643	1	0.55602	0.67091	1	0.48141	0.54241	10.46688	1.05115	1	0.74337	0.56601	11.99884	1.05881	1	-0.00480	-0.01031	0.68047	0.00311	1	0.06378	-0.01500	0.68706	0.00312	1	1.45898	0.81042	0	
1251746	8442.80566	3305227647272	0.55886	0.66888	8442.42285	0.36230	11361	0	0.59225	0.57560	1	0.51977	0.76657	1	0.55601	0.67108	1	0.48155	0.54247	10.41839	1.05079	1	0.74317	0.56580	11.42386	1.05845	1	-0.00467	-0.00994	0.65627	0.00293	1	0.06378	-0.01505	0.68706	0.00313	1	1.45898	0.81042	0	
1251747	8442.81152	3305227714258	0.56472	0.66230	8442.79199	0.01953	11362	1	0.62003	0.57551	1	0.54456	0.70964	1	0.58230	0.64258	1	0.48138	0.54242	10.45995	1.05043	1	0.74334	0.56592	11.76927	1.05043	1	-0.00467	-0.00994	0.65627	0.00292	1	0.06378	-0.01505	0.68706	0.00318	1	1.45898	0.81042	0	
1251748	8442.81836	3305227781776	0.56591	0.67045	8442.79199	0.02637	11362	1	0.62346	0.61365	1	0.51784	0.79240	1	0.57065	0.70303	1	0.48146	0.54255	10.27671	1.04242	1	0.74293	0.56608	12.34044	1.04242	1	-0.00467	-0.00994	0.65627	0.00286	1	0.06378	-0.01505	0.68706	0.00320	1	1.45898	0.81042	0	
1251749	8442.82520	3305227847377	0.56666	0.67650	8442.79199	0.03320	11362	1	0.62363	0.61797	1	0.51722	0.79556	1	0.57043	0.70677	1	0.48121	0.54241	10.78162	1.03440	1	0.74331	0.56563	11.53974	1.03440	1	-0.00483	-0.01006	0.66376	0.00276	1	0.06378	-0.01505	0.68706	0.00319	1	1.45898	0.81042	0	
1251750	8442.83203	3305227911787	0.56814	0.66805	8442.79199	0.04004	11362	1	0.60541	0.54708	1	0.54857	0.68761	1	0.57699	0.61735	1	0.48112	0.54233	10.60717	1.03440	1	0.74313	0.56564	11.87517	1.03440	1	-0.00483	-0.01006	0.66376	0.00286	1	0.06378	-0.01505	0.68706	0.00315	1	1.45898	0.81042	0	
1251751	8442.83887	3305227982933	0.56824	0.66375	8442.79199	0.04688	11362	1	0.58933	0.57973	1	0.54857	0.68761	1	0.56895	0.63367	1	0.48093	0.54209	9.76237	1.03440	1	0.74313	0.56564	11.87517	1.03440	1	-0.00483	-0.01006	0.66376	0.00297	1	0.06378	-0.01505	0.68706	0.00314	1	1.45898	0.81042	0	
1251752	8442.84570	3305228052271	0.56823	0.66081	8442.79199	0.05371	11362	1	0.58933	0.57973	1	0.54701	0.69485	1	0.56817	0.63729	1	0.48109	0.54214	10.22213	1.03440	1	0.74308	0.56565	11.65779	1.01993	1	-0.00483	-0.01006	0.66376	0.00291	1	0.05896	-0.01393	0.63620	0.00307	1	1.45898	0.81042	0	
1251753	8442.85254	3305228116630	0.56872	0.65644	8442.79199	0.06055	11362	1	0.59823	0.58721	1	0.54810	0.64706	1	0.57316	0.61713	1	0.48108	0.54208	9.91472	1.01993	1	0.74311	0.56559	11.59446	1.00546	1	-0.00483	-0.01006	0.66376	0.00292	1	0.05896	-0.01393	0.63620	0.00310	1	1.45898	0.81042	0	
1251754	8442.85938	3305228186179	0.56854	0.65637	8442.79199	0.06738	11362	1	0.59281	0.62949	1	0.54063	0.68184	1	0.56672	0.65567	1	0.48091	0.54271	10.75651	1.00546	1	0.74298	0.56572	11.67431	0.99100	1	-0.00483	-0.01006	0.66376	0.00274	1	0.05896	-0.01393	0.63620	0.00308	1	1.45898	0.81042	0	
1251755	8442.86621	3305228253378	0.56839	0.65681	8442.79199	0.07422	11362	1	0.59354	0.63736	1	0.53983	0.68589	1	0.56668	0.66162	1	0.48092	0.54281	10.95493	0.99100	1	0.74275	0.56570	11.81611	0.98334	1	-0.00483	-0.01006	0.66376	0.00277	1	0.06114	-0.01446	0.66023	0.00316	1	1.45898	0.81042	0	
1251756	8442.87305	3305228321278	0.56883	0.65766	8442.79199	0.08105	11362	1	0.62243	0.65884	1	0.52597	0.67696	1	0.57420	0.66790	1	0.48096	0.54294	10.47340	0.98334	1	0.74268	0.56568	11.87363	0.99015	1	-0.00483	-0.01006	0.66376	0.00291	1	0.06114	-0.01446	0.66023	0.00323	1	1.45898	0.81042	0	
1251757	8442.87891	3305228385972	0.56970	0.65870	8442.79199	0.08691	11362	1	0.62475	0.66527	1	0.53724	0.67917	1	0.58099	0.67222	1	0.48098	0.54303	10.53715	0.99015	1	0.74290	0.56551	11.42840	0.99695	1	-0.00483	-0.01006	0.66376	0.00283	1	0.06114	-0.01446	0.66023	0.00319	1	1.45898	0.81042	0	
1251758	8442.88574	3305228453590	0.57052	0.65895	8442.79199	0.09375	11362	1	0.62444	0.65763	1	0.53949	0.66731	1	0.58196	0.66247	1	0.48067	0.54300	11.03728	1.00497	1	0.74236	0.56580	11.78605	1.01944	1	-0.00499	-0.01029	0.67896	0.00280	1	0.06431	-0.01522	0.69504	0.00318	1	1.45898	0.81042	0	
1251759	8442.89258	3305228521025	0.56873	0.66011	8442.79199	0.10059	11362	1	0.58440	0.61080	1	0.49946	0.74422	1	0.54193	0.67751	1	0.48053	0.54287	10.60393	1.02745	1	0.74221	0.56609	11.96012	1.03511	1	-0.00499	-0.01029	0.67896	0.00290	1	0.06431	-0.01522	0.69504	0.00319	1	1.45898	0.81042	0	
1251760	8442.89941	3305228588694	0.56744	0.66020	8442.79199	0.10742	11362	1	0.59091	0.64151	1	0.50262	0.68153	1	0.54676	0.66152	1	0.48050	0.54309	10.74776	1.04313	1	0.74227	0.56609	11.79348	1.05079	1	-0.00499	-0.01029	0.67896	0.00297	1	0.06431	-0.01522	0.69504	0.00320	1	1.45898	0.81042	0	
1251761	8442.90625	3305228654532	0.56630	0.65983	8442.79199	0.11426	11362	1	0.59012	0.63347	1	0.50361	0.67375	1	0.54686	0.65361	1	0.48072	0.54277	10.27600	1.05881	1	0.74249	0.56607	11.79807	1.06647	1	-0.00499	-0.01029	0.67896	0.00318	1	0.06431	-0.01522	0.69504	0.00317	1	1.45898	0.81042	0	
1251762	8442.91309	3305228721591	0.56767	0.65975	8442.79199	0.12109	11362	1	0.62607	0.60898	1	0.55880	0.70762	1	0.59244	0.65830	1	0.48058	0.54272	9.88205	1.06647	1	0.74235	0.56585	11.22253	1.06647	1	-0.00499	-0.01029	0.67896	0.00334	1	0.06431	-0.01522	0.69504	0.00331	1	1.45898	0.81042	0	
1251763	8442.91992	3305228790257	0.56805	0.66082	8442.79199	0.12793	11362	1	0.61922	0.63514	1	0.53110	0.72724	1	0.57516	0.68119	1	0.48056	0.54308	9.74842	1.06647	1	0.74221	0.56604	11.95802	1.06647	1	-0.00499	-0.01029	0.67896	0.00318	1	0.06431	-0.01522	0.69504	0.00320	1	1.45898	0.81042	0	
1251764	8442.92578	3305228856882	0.56839	0.66179	8442.79199	0.13379	11362	1	0.61922	0.63514	1	0.53110	0.72724	1	0.57516	0.68119	1	0.48042	0.54307	10.45329	1.06647	1	0.74250	0.56565	11.32303	1.06647	1	-0.00506	-0.01023	0.67520	0.00292	1	0.06431	-0.01522	0.69504	0.00323	1	1.45898	0.81042	0	
1251765	8442.93262	3305228923552	0.56957	0.66275	8442.79199	0.14062	11362	1	0.61532	0.63783	1	0.57353	0.72797	1	0.59442	0.68290	1	0.48056	0.54301	10.53709	1.06647	1	0.74260	0.56601	11.56623	1.06647	1	-0.00506	-0.01023	0.67520	0.00299	1	0.06431	-0.01522	0.69504	0.00317	1	1.45898	0.81042	0	
1251766	8442.93945	3305228990787	0.57045	0.66187	8442.79199	0.14746	11362	1	0.62206	0.60603	1	0.55753	0.67874	1	0.58979	0.64239	1	0.48025	0.54332	10.78726	1.06647	1	0.74237	0.56599	11.68569	1.06647	1	-0.00506	-0.01023	0.67520	0.00293	1	0.06431	-0.01522	0.69504	0.00313	1	1.45898	0.81042	0	
1251767	8442.94629	3305229056634	0.57124	0.66113	8442.79199	0.15430	11362	1	0.62206	0.60603	1	0.55667	0.68253	1	0.58936	0.64428	1	0.48000	0.54292	10.51503	1.06647	1	0.74181	0.56582	12.05115	1.05881	1	-0.00518	-0.01026	0.67718	0.00321	1	0.06191	-0.01469	0.67069	0.00315	1	1.45898	0.81042	0	
1251768	8442.95312	3305229123769	0.57117	0.66107	8442.79199	0.16113	11362	1	0.60827	0.58573	1	0.53103	0.73332	1	0.56965	0.65953	1	0.48000	0.54292	10.51503	1.05881	1	0.74201	0.56552	11.97423	1.05115	1	-0.00518	-0.01026	0.67718	0.00321	1	0.06191	-0.01469	0.67069	0.00314	1	1.45898	0.81042	0	
1251769	8442.95996	3305229190722	0.57166	0.66093	8442.79199	0.16797	11362	1	0.61585	0.62694	1	0.55179	0.68784	1	0.58382	0.65739	1	0.48005	0.54301	10.58734	1.05115	1	0.74223	0.56546	12.00534	1.04349	1	-0.00518	-0.01026	0.67718	0.00317	1	0.06191	-0.01469	0.67069	0.00311	1	1.45898	0.81042	0	
1251770	8442.96582	3305229257693	0.57210	0.66094	8442.79199	0.17383	11362	1	0.61606	0.63094	1	0.55095	0.69164	1	0.58351	0.66129	1	0.48011	0.54296	10.48756	1.04349	1	0.74241	0.56556	11.73227	1.03583	1	-0.00518	-0.01026	0.67718	0.00315	1	0.06191	-0.01469	0.67069	0.00318	1	1.45898	0.81042	0	
1251771	8442.97266	3305229325219	0.57257	0.66170	8442.79199	0.18066	11362	1	0.61839	0.67417	1	0.55223	0.69018	1	0.58531	0.68217	1	0.48014	0.54348	11.02392	1.03583	1	0.74231	0.56546	11.80533	1.03583	1	-0.00518	-0.01026	0.67718	0.00289	1	0.06191	-0.01469	0.67069	0.00316	1	1.45898	0.81042	0	
1251772	8442.97949	3305229391613	0.57279	0.66186	8442.79199	0.18750	11362	1	0.62699	0.60690	1	0.53117	0.72580	1	0.57908	0.66635	1	0.48023	0.54294	10.21379	1.03583	1	0.74196	0.56547	11.79181	1.03583	1	-0.00518	-0.01026	0.67718	0.00318	1	0.06191	-0.01469	0.67069	0.00318	1	1.45898	0.81042	0	
1251773	8442.98633	3305229458513	0.57300	0.66201	8442.79199	0.19434	11362	1	0.62699	0.60690	1	0.53117	0.72580	1	0.57908	0.66635	1	0.48002	0.54284	10.26569	1.03583	1	0.74201	0.56542	11.74865	1.03583	1	-0.00515	-0.01025	0.67320	0.00322	1	0.06191	-0.01464	0.67069	0.00311	1	1.45898	0.81042	0	
1251774	8442.99316	3305229523583	0.57302	0.66272	8442.79199	0.20117	11362	1	0.61390	0.63620	1	0.53330	0.73178	1	0.57360	0.68399	1	0.48009	0.54346	11.02397	1.03583	1	0.74208	0.56549	11.75675	1.03583	1	-0.00515	-0.01025	0.67320	0.00294	1	0.06191	-0.01464	0.67069	0.00314	1	1.45898	0.81042	0	
1251775	8442.99902	3305229589025	0.57301	0.66269	8442.79199	0.20703	11362	1	0.60669	0.62628	1	0.53852	0.69750	1	0.57260	0.66189	1	0.48000	0.54322	10.57713	1.03583	1	0.74202	0.56559	12.26257	1.03583	1	-0.00515	-0.01025	0.67320	0.00306	1	0.06191	-0.01464	0.67069	0.00310	1	1.45898	0.81042	0	
1251776	8443.00586	3305229655350	0.57300	0.66267	8442.79199	0.21387	11362	1	0.60669	0.62628	1	0.53852	0.69750	1	0.57260	0.66189	1	0.48007	0.54328	10.18302	1.03583	1	0.74187	0.56571	12.22769	1.03583	1	-0.00515	-0.01035	0.67320	0.00309	1	0.06191	-0.01469	0.67069	0.00307	1	1.45898	0.81042	0	
1251777	8443.01367	3305229727588	0.57227	0.66285	8442.79199	0.22168	11362	1	0.60928	0.62056	1	0.48742	0.71715	1	0.54835	0.66885	1	0.48001	0.54353	10.20780	1.03583	1	0.74119	0.56614	12.31210	1.03583	1	-0.00515	-0.01035	0.67320	0.00304	1	0.06191	-0.01469	0.67069	0.00323	1	1.45898	0.81042	0	
1251778	8443.01953	3305229794311	0.57210	0.66236	8442.79199	0.22754	11362	1	0.59640	0.58735	1	0.53618	0.70386	1	0.56629	0.64560	1	0.47989	0.54363	10.42398	1.03583	1	0.74163	0.56603	12.51377	1.03583	1	-0.00515	-0.01035	0.67320	0.00303	1	0.06191	-0.01469	0.67069	0.00321	1	1.45898	0.81042	0	
1251779	8443.02637	3305229859784	0.57195	0.66184	8442.79199	0.23438	11362	1	0.59640	0.58735	1	0.53691	0.70016	1	0.56666	0.64375	1	0.47978	0.54371	10.66327	1.03583	1	0.74171	0.56626	12.32407	1.04349	1	-0.00518	-0.01046	0.67718	0.00289	1	0.06142	-0.01468	0.66594	0.00309	1	1.45898	0.81042	0	
1251780	8443.03320	3305229927720	0.57179	0.66217	8442.79199	0.24121	11362	1	0.60382	0.64231	1	0.52830	0.70569	1	0.56606	0.67400	1	0.47999	0.54408	10.53111	1.04349	1	0.74152	0.56615	11.96461	1.05115	1	-0.00518	-0.01046	0.67718	0.00305	1	0.06142	-0.01468	0.66594	0.00326	1	1.45898	0.81042	0	
1251781	8443.04004	3305229994671	0.57194	0.66162	8442.79199	0.24805	11362	1	0.61251	0.60244	1	0.54202	0.68025	1	0.57726	0.64134	1	0.48012	0.54402	10.27088	1.05115	1	0.74181	0.56598	11.28609	1.05881	1	-0.00518	-0.01046	0.67718	0.00325	1	0.06142	-0.01468	0.66594	0.00319	1	1.45898	0.81042	0	
1251782	8443.04688	3305230061561	0.57208	0.66100	8442.79199	0.25488	11362	1	0.61227	0.59826	1	0.54277	0.67645	1	0.57752	0.63736	1	0.48013	0.54437	10.62502	1.05881	1	0.74179	0.56609	11.43074	1.06647	1	-0.00515	-0.01045	0.67319	0.00303	1	0.06294	-0.01510	0.68245	0.00313	1	1.45898	0.81042	0	
1251783	8443.05371	3305230128568	0.57209	0.66041	8442.79199	0.26172	11362	1	0.61071	0.59218	1	0.53394	0.68279	1	0.57232	0.63748	1	0.48005	0.54416	10.37558	1.06647	1	0.74206	0.56621	11.97915	1.06647	1	-0.00515	-0.01045	0.67319	0.00316	1	0.06294	-0.01510	0.68245	0.00308	1	1.45898	0.81042	0	
1251784	8443.05957	3305230195523	0.57199	0.66028	8442.79199	0.26758	11362	1	0.61976	0.62090	1	0.51626	0.68891	1	0.56801	0.65490	1	0.48020	0.54447	10.69389	1.06647	1	0.74167	0.56623	11.35516	1.06647	1	-0.00515	-0.01045	0.67319	0.00309	1	0.06294	-0.01510	0.68245	0.00317	1	1.45898	0.81042	0	
1251785	8443.06641	3305230261072	0.57189	0.66024	8442.79199	0.27441	11362	1	0.61995	0.62506	1	0.51566	0.69278	1	0.56781	0.65892	1	0.48004	0.54428	10.18132	1.05845	1	0.74170	0.56611	11.47798	1.05845	1	-0.00512	-0.01029	0.66284	0.00314	1	0.06294	-0.01510	0.68245	0.00326	1	1.45898	0.81042	0	
1251786	8443.07324	3305230328920	0.57255	0.65967	8442.79199	0.28125	11362	1	0.63420	0.55634	1	0.56654	0.71497	1	0.60037	0.63566	1	0.48009	0.54423	10.11007	1.05043	1	0.74170	0.56613	11.51100	1.05043	1	-0.00512	-0.01029	0.66284	0.00315	1	0.06294	-0.01510	0.68245	0.00321	1	1.45898	0.81042	0	
1251787	8443.08008	3305230395973	0.57293	0.66016	8442.79199	0.28809	11362	1	0.62675	0.65198	1	0.55157	0.71026	1	0.58916	0.68112	1	0.47987	0.54462	10.59894	1.04242	1	0.74169	0.56628	11.62950	1.04242	1	-0.00512	-0.01029	0.66284	0.00297	1	0.06294	-0.01510	0.68245	0.00305	1	1.45898	0.81042	0	
1251788	8443.08691	3305230462047	0.57329	0.66063	8442.79199	0.29492	11362	1	0.62675	0.65198	1	0.55157	0.71026	1	0.58916	0.68112	1	0.48000	0.54447	10.73103	1.04242	1	0.74167	0.56627	11.99865	1.04242	1	-0.00539	-0.01078	0.69087	0.00302	1	0.06294	-0.01510	0.68245	0.00300	1	1.45898	0.81042	0	
1251789	8443.09375	3305230530060	0.57367	0.66084	8442.79199	0.30176	11362	1	0.62969	0.62572	1	0.55244	0.71496	1	0.59106	0.67034	1	0.48002	0.54402	10.07732	1.05043	1	0.74160	0.56625	11.99390	1.05043	1	-0.00539	-0.01078	0.69087	0.00306	1	0.06294	-0.01510	0.68245	0.00309	1	1.45898	0.81042	0	
1251790	8443.10059	3305230597204	0.57419	0.66129	8442.79199	0.30859	11362	1	0.64295	0.65314	1	0.55332	0.71121	1	0.59814	0.68218	1	0.48011	0.54461	10.92254	1.05845	1	0.74160	0.56625	11.99390	1.05845	1	-0.00539	-0.01078	0.69087	0.00297	1	0.06294	-0.01510	0.68245	0.00309	1	1.45898	0.81042	0	
1251791	8443.10742	3305230664534	0.57470	0.66165	8442.79199	0.31543	11362	1	0.64292	0.64919	1	0.55420	0.70747	1	0.59856	0.67833	1	0.47991	0.54429	10.39438	1.06647	1	0.74172	0.56608	11.83299	1.06647	1	-0.00537	-0.01069	0.68881	0.00310	1	0.06294	-0.01510	0.68245	0.00314	1	1.45898	0.81042	0	
1251792	8443.11328	3305230727124	0.57479	0.66097	8442.79199	0.32129	11362	1	0.59116	0.59741	1	0.54603	0.66695	1	0.56859	0.63218	1	0.47978	0.54425	10.64833	1.06647	1	0.74175	0.56585	11.34832	1.06647	1	-0.00537	-0.01069	0.68881	0.00312	1	0.06294	-0.01510	0.68245	0.00323	1	1.45898	0.81042	0	
1251793	8443.12012	3305230798776	0.57521	0.66078	8442.79199	0.32812	11362	1	0.61291	0.62429	1	0.53989	0.69966	1	0.57640	0.66197	1	0.48008	0.54455	11.05835	1.06647	1	0.74175	0.56613	11.76557	1.06647	1	-0.00537	-0.01069	0.68881	0.00302	1	0.06294	-0.01510	0.68245	0.00312	1	1.45898	0.81042	0	
1251794	8443.12695	3305230865729	0.57563	0.66059	8442.79199	0.33496	11362	1	0.61291	0.62429	1	0.53989	0.69966	1	0.57640	0.66197	1	0.47983	0.54465	10.81158	1.06647	1	0.74194	0.56637	11.69966	1.06647	1	-0.00515	-0.01045	0.67319	0.00292	1	0.06142	-0.01468	0.66594	0.00316	1	1.45898	0.81042	0	
1251795	8443.13379	3305230932391	0.57560	0.66107	8442.79199	0.34180	11362	1	0.61991	0.63982	1	0.54157	0.69141	1	0.58074	0.66561	1	0.48016	0.54444	10.37679	1.06647	1	0.74172	0.56611	11.27234	1.06647	1	-0.00515	-0.01045	0.67319	0.00294	1	0.06142	-0.01468	0.66594	0.00321	1	1.45898	0.81042	0	
1251796	8443.14062	3305230999214	0.57563	0.65965	8442.79199	0.34863	11362	1	0.61118	0.56681	1	0.53285	0.70266	1	0.57201	0.63474	1	0.48018	0.54395	10.14803	1.06647	1	0.74157	0.56613	11.49108	1.06647	1	-0.00515	-0.01045	0.67319	0.00315	1	0.06142	-0.01468	0.66594	0.00321	1	1.45898	0.81042	0	
1251797	8443.14746	3305231066269	0.57566	0.65815	8442.79199	0.35547	11362	1	0.61118	0.56681	1	0.53285	0.70266	1	0.57201	0.63474	1	0.47993	0.54412	9.88682	1.06647	1	0.74161	0.56608	11.47884	1.06647	1	-0.00515	-0.01045	0.67319	0.00303	1	0.06294	-0.01510	0.68245	0.00310	1	1.45898	0.81042	0	
1251798	8443.15332	3305231133103	0.57508	0.65854	8442.79199	0.36133	11362	1	0.56565	0.60011	1	0.53189	0.67162	1	0.54877	0.63586	1	0.47976	0.54429	10.36045	1.06647	1	0.74158	0.56594	11.40430	1.06647	1	-0.00515	-0.01045	0.67319	0.00303	1	0.06294	-0.01510	0.68245	0.00323	1	1.45898	0.81042	0	
1251799	8443.16016	3305231200105	0.57426	0.65895	8442.79199	0.36816	11362	1	0.54460	0.62953	1	0.51467	0.67744	1	0.52963	0.65349	1	0.47985	0.54440	10.44034	1.06647	1	0.74164	0.56601	12.20127	1.06647	1	-0.00515	-0.01045	0.67319	0.00301	1	0.06294	-0.01510	0.68245	0.00314	1	1.45898	0.81042	0	
1251800	8443.16699	3305231267482	0.57345	0.65941	8442.79199	0.37500	11362	1	0.54532	0.63366	1	0.51352	0.68518	1	0.52942	0.65942	1	0.48049	0.54450	11.41851	1.05845	1	0.74159	0.56603	12.13120	1.05079	1	-0.00494	-0.01028	0.66505	0.00288	1	0.06191	-0.01484	0.67069	0.00320	1	1.45898	0.81042	0	
1251801	8443.17383	3305231334293	0.57316	0.66062	8442.79199	0.38184	11362	1	0.58696	0.63879	1	0.53195	0.71176	1	0.55945	0.67527	1	0.48036	0.54452	11.47872	1.04277	1	0.74197	0.56631	12.16995	1.03511	1	-0.00494	-0.01028	0.66505	0.00295	1	0.06191	-0.01484	0.67069	0.00310	1	1.45898	0.81042	0	
1251802	8443.18066	3305231401090	0.57288	0.66139	8442.79199	0.38867	11362	1	0.58526	0.66584	1	0.52054	0.71889	1	0.55290	0.69237	1	0.48033	0.54449	11.40234	1.02710	1	0.74179	0.56609	12.44089	1.01944	1	-0.00494	-0.01028	0.66505	0.00298	1	0.06191	-0.01484	0.67069	0.00315	1	1.45898	0.81042	0	
1251803	8443.18750	3305231468250	0.57259	0.66207	8442.79199	0.39551	11362	1	0.58569	0.66965	1	0.52054	0.71889	1	0.55311	0.69427	1	0.48088	0.54437	10.33067	1.01944	1	0.74287	0.56611	12.29972	1.01944	1	-0.00489	-0.01049	0.67866	0.00297	1	0.06431	-0.01538	0.69504	0.00319	1	1.45898	0.81042	0	
1251804	8443.19434	3305231534809	0.57248	0.66217	8442.79199	0.40234	11362	1	0.61718	0.60178	1	0.52059	0.74416	1	0.56888	0.67297	1	0.48133	0.54414	10.99284	1.02745	1	0.74260	0.56656	12.50073	1.03511	1	-0.00489	-0.01049	0.67866	0.00293	1	0.06431	-0.01538	0.69504	0.00327	1	1.45898	0.81042	0	
1251805	8443.20020	3305231598834	0.57172	0.66179	8442.79199	0.40820	11362	1	0.58770	0.59443	1	0.50072	0.71336	1	0.54421	0.65389	1	0.48087	0.54376	10.32325	1.04313	1	0.74228	0.56631	11.51042	1.05079	1	-0.00489	-0.01049	0.67866	0.00313	1	0.06431	-0.01538	0.69504	0.00324	1	1.45898	0.81042	0	
1251806	8443.20703	3305231668724	0.57093	0.66148	8442.79199	0.41504	11362	1	0.58687	0.58568	1	0.50121	0.70963	1	0.54404	0.64765	1	0.48142	0.54414	10.56573	1.05881	1	0.74273	0.56653	11.98909	1.05881	1	-0.00483	-0.01064	0.68555	0.00313	1	0.06114	-0.01471	0.66023	0.00310	1	1.45898	0.81042	0	
1251807	8443.21387	3305231733995	0.57134	0.66069	8442.79199	0.42188	11362	1	0.60522	0.60679	1	0.51821	0.67261	1	0.56171	0.63970	1	0.48151	0.54426	10.57121	1.05881	1	0.74254	0.56684	12.60676	1.05115	1	-0.00483	-0.01064	0.68555	0.00311	1	0.06114	-0.01471	0.66023	0.00320	1	1.45898	0.81042	0	
1251808	8443.22070	3305231798184	0.57185	0.66016	8442.79199	0.42871	11362	1	0.61818	0.60554	1	0.52438	0.66619	1	0.57128	0.63586	1	0.48168	0.54411	10.15074	1.05115	1	0.74265	0.56685	12.69714	1.04349	1	-0.00483	-0.01064	0.68555	0.00318	1	0.06114	-0.01471	0.66023	0.00310	1	1.45898	0.81042	0	
1251809	8443.22754	3305231868244	0.57236	0.65983	8442.79199	0.43555	11362	1	0.61838	0.60969	1	0.52438	0.66619	1	0.57138	0.63794	1	0.48158	0.54452	10.88475	1.04349	1	0.74312	0.56706	12.26703	1.04349	1	-0.00468	-0.01069	0.67854	0.00299	1	0.06378	-0.01536	0.68706	0.00300	1	1.45898	0.81042	0	
1251810	8443.23438	3305231934504	0.57172	0.65922	8442.79199	0.44238	11362	1	0.59255	0.57454	1	0.53094	0.68350	1	0.56174	0.62902	1	0.48174	0.54412	10.40289	1.04349	1	0.74323	0.56693	11.98862	1.05115	1	-0.00468	-0.01069	0.67854	0.00303	1	0.06378	-0.01536	0.68706	0.00306	1	1.45898	0.81042	0	
1251811	8443.24023	3305232001384	0.57123	0.65861	8442.79199	0.44824	11362	1	0.59497	0.60447	1	0.50784	0.69916	1	0.55140	0.65182	1	0.48175	0.54435	10.44361	1.05115	1	0.74316	0.56727	12.21257	1.05881	1	-0.00468	-0.01069	0.67854	0.00301	1	0.06378	-0.01536	0.68706	0.00312	1	1.45898	0.81042	0	
1251812	8443.24707	3305232067091	0.57072	0.65804	8442.79199	0.45508	11362	1	0.59499	0.60466	1	0.50730	0.70298	1	0.55114	0.65382	1	0.48207	0.54423	11.07028	1.05079	1	0.74358	0.56741	12.50148	1.05079	1	-0.00435	-0.01003	0.63697	0.00292	1	0.06038	-0.01462	0.64997	0.00304	1	1.45898	0.81042	0	
1251813	8443.25391	3305232136239	0.56988	0.65679	8442.79199	0.46191	11362	1	0.60811	0.60649	1	0.49932	0.63954	1	0.55371	0.62301	1	0.48239	0.54484	10.44477	1.04277	1	0.74311	0.56752	12.72555	1.03511	1	-0.00435	-0.01003	0.63697	0.00313	1	0.06038	-0.01462	0.64997	0.00327	1	1.45898	0.81042	0	
1251814	8443.26074	3305232204981	0.56963	0.65658	8442.79199	0.46875	11362	1	0.61063	0.60556	1	0.54506	0.65850	1	0.57785	0.63203	1	0.48241	0.54508	10.64937	1.02710	1	0.74375	0.56747	12.08838	1.01944	1	-0.00435	-0.01003	0.63697	0.00320	1	0.06038	-0.01462	0.64997	0.00318	1	1.45898	0.81042	0	
1251815	8443.26758	3305232271880	0.56938	0.65641	8442.79199	0.47559	11362	1	0.61089	0.60982	1	0.54425	0.66261	1	0.57757	0.63621	1	0.48239	0.54508	10.43031	1.01944	1	0.74398	0.56817	12.32800	1.01178	1	-0.00458	-0.01070	0.67939	0.00303	1	0.06132	-0.01493	0.65899	0.00307	1	1.45898	0.81042	0	
1251816	8443.27441	3305232338996	0.56945	0.65612	8442.79199	0.48242	11362	1	0.61228	0.60780	1	0.53310	0.68321	1	0.57269	0.64550	1	0.48245	0.54528	10.28558	1.01980	1	0.74406	0.56779	11.95636	1.01980	1	-0.00458	-0.01070	0.67939	0.00300	1	0.06132	-0.01493	0.65899	0.00306	1	1.45898	0.81042	0	
1251817	8443.28125	3305232405874	0.56887	0.65640	8442.79199	0.48926	11362	1	0.58410	0.59810	1	0.52835	0.74377	1	0.55622	0.67093	1	0.48238	0.54530	10.49603	1.02781	1	0.74397	0.56846	11.87877	1.02781	1	-0.00458	-0.01070	0.67939	0.00300	1	0.06132	-0.01493	0.65899	0.00322	1	1.45898	0.81042	0	
1251818	8443.28809	3305232471231	0.56830	0.65652	8442.79199	0.49609	11362	1	0.58365	0.59358	1	0.52906	0.74018	1	0.55635	0.66688	1	0.48274	0.54518	10.91059	1.03583	1	0.74438	0.56824	11.77511	1.03583	1	-0.00446	-0.01085	0.67623	0.00307	1	0.06226	-0.01528	0.66802	0.00316	1	1.45898	0.81042	0	
1251819	8443.29492	3305232539526	0.56806	0.65535	8442.79199	0.50293	11362	1	0.61364	0.60199	1	0.53303	0.65023	1	0.57334	0.62611	1	0.48285	0.54521	11.03832	1.03583	1	0.74432	0.56864	12.12678	1.03583	1	-0.00446	-0.01085	0.67623	0.00306	1	0.06226	-0.01528	0.66802	0.00321	1	1.45898	0.81042	0	
1251820	8443.30078	3305232606751	0.56794	0.65408	8442.79199	0.50879	11362	1	0.61296	0.56964	1	0.53430	0.64117	1	0.57363	0.60541	1	0.48289	0.54524	11.03738	1.03583	1	0.74429	0.56853	12.28425	1.03583	1	-0.00446	-0.01085	0.67623	0.00296	1	0.06226	-0.01528	0.66802	0.00321	1	1.45898	0.81042	0	
1251821	8443.30762	3305232673783	0.56783	0.65281	8442.79199	0.51562	11362	1	0.61296	0.56964	1	0.53430	0.64117	1	0.57363	0.60541	1	0.48307	0.54563	10.96246	1.03583	1	0.74403	0.56896	13.01256	1.03583	1	-0.00446	-0.01109	0.69110	0.00293	1	0.06065	-0.01493	0.65072	0.00318	1	1.45898	0.81042	0	
1251822	8443.31445	3305232740879	0.56782	0.65195	8442.79199	0.52246	11362	1	0.61155	0.61295	1	0.53497	0.67259	1	0.57326	0.64277	1	0.48314	0.54610	10.71236	1.03583	1	0.74482	0.56873	12.19413	1.03583	1	-0.00446	-0.01109	0.69110	0.00304	1	0.06065	-0.01493	0.65072	0.00304	1	1.45898	0.81042	0	
1251823	8443.32129	3305232807904	0.56783	0.65093	8442.79199	0.52930	11362	1	0.61155	0.61295	1	0.53400	0.61279	1	0.57277	0.61287	1	0.48315	0.54620	10.80322	1.03583	1	0.74474	0.56849	11.76865	1.03583	1	-0.00446	-0.01109	0.69110	0.00309	1	0.06065	-0.01493	0.65072	0.00313	1	1.45898	0.81042	0	
1251824	8443.32812	3305232874955	0.56784	0.64986	8442.79199	0.53613	11362	1	0.61155	0.61295	1	0.53471	0.60841	1	0.57313	0.61068	1	0.48294	0.54624	10.92855	1.03583	1	0.74479	0.56897	11.79979	1.04349	1	-0.00446	-0.01114	0.69110	0.00303	1	0.06422	-0.01588	0.68740	0.00314	1	1.45898	0.81042	0	
1251825	8443.33496	3305232942280	0.56827	0.64962	8442.79199	0.54297	11362	1	0.60587	0.61657	1	0.53225	0.69833	1	0.56906	0.65745	1	0.48309	0.54624	10.58414	1.04349	1	0.74470	0.56948	11.89811	1.05115	1	-0.00446	-0.01114	0.69110	0.00301	1	0.06422	-0.01588	0.68740	0.00323	1	1.45898	0.81042	0	
1251826	8443.34180	3305233009430	0.56841	0.64942	8442.79199	0.54980	11362	1	0.60622	0.59341	1	0.53984	0.67829	1	0.57303	0.63585	1	0.48315	0.54613	10.38083	1.05115	1	0.74481	0.56973	12.04516	1.05881	1	-0.00446	-0.01114	0.69110	0.00305	1	0.06422	-0.01588	0.68740	0.00327	1	1.45898	0.81042	0	
1251827	8443.34766	3305233075981	0.56855	0.64917	8442.79199	0.55566	11362	1	0.60594	0.58916	1	0.54058	0.67448	1	0.57326	0.63182	1	0.48331	0.54635	10.91485	1.05881	1	0.74490	0.56953	12.14668	1.06647	1	-0.00449	-0.01139	0.69694	0.00304	1	0.06339	-0.01572	0.67850	0.00321	1	1.45898	0.81042	0	
1251828	8443.35449	3305233142748	0.56896	0.64840	8442.79199	0.56250	11362	1	0.61392	0.60925	1	0.55839	0.66423	1	0.58616	0.63674	1	0.48319	0.54622	10.56553	1.06647	1	0.74505	0.56964	12.40699	1.06647	1	-0.00449	-0.01139	0.69694	0.00310	1	0.06339	-0.01572	0.67850	0.00319	1	1.45898	0.81042	0	
1251829	8443.36133	3305233210144	0.56889	0.64792	8442.79199	0.56934	11362	1	0.60746	0.58142	1	0.54022	0.65524	1	0.57384	0.61833	1	0.48312	0.54598	10.22034	1.06647	1	0.74484	0.56967	12.06072	1.06647	1	-0.00449	-0.01139	0.69694	0.00320	1	0.06339	-0.01572	0.67850	0.00319	1	1.45898	0.81042	0	
1251830	8443.36816	3305233276786	0.56881	0.64756	8442.79199	0.57617	11362	1	0.60746	0.58142	1	0.53949	0.65919	1	0.57347	0.62031	1	0.48316	0.54656	10.69069	1.06647	1	0.74518	0.56983	12.09174	1.05881	1	-0.00449	-0.01139	0.69694	0.00295	1	0.06074	-0.01506	0.64967	0.00318	1	1.45898	0.81042	0	
1251831	8443.37500	3305233344103	0.56873	0.64796	8442.79199	0.58301	11362	1	0.60341	0.64002	1	0.53389	0.67291	1	0.56865	0.65646	1	0.48343	0.54641	11.03114	1.05881	1	0.74513	0.56977	12.31112	1.05115	1	-0.00449	-0.01139	0.69694	0.00309	1	0.06074	-0.01506	0.64967	0.00311	1	1.45898	0.81042	0	
1251832	8443.38184	3305233410273	0.56856	0.64769	8442.79199	0.58984	11362	1	0.58637	0.63422	1	0.53323	0.65019	1	0.55980	0.64220	1	0.48310	0.54638	10.55739	1.05115	1	0.74505	0.56958	11.82927	1.04349	1	-0.00449	-0.01139	0.69694	0.00295	1	0.06074	-0.01506	0.64967	0.00320	1	1.45898	0.81042	0	
1251833	8443.38867	3305233477708	0.56839	0.64743	8442.79199	0.59668	11362	1	0.58678	0.63817	1	0.53253	0.65426	1	0.55966	0.64621	1	0.48336	0.54659	11.25387	1.04349	1	0.74496	0.56983	12.78270	1.03583	1	-0.00428	-0.01112	0.68009	0.00293	1	0.06074	-0.01510	0.64967	0.00310	1	1.45898	0.81042	0	
1251834	8443.39453	3305233544504	0.56783	0.64791	8442.79199	0.60254	11362	1	0.62320	0.63762	1	0.52411	0.68013	1	0.57366	0.65887	1	0.48372	0.54627	10.89245	1.03583	1	0.74497	0.56981	12.25987	1.03583	1	-0.00428	-0.01112	0.68009	0.00300	1	0.06074	-0.01510	0.64967	0.00325	1	1.45898	0.81042	0	
1251835	8443.40137	3305233611482	0.56733	0.64715	8442.79199	0.60938	11362	1	0.61722	0.60024	1	0.51248	0.68866	1	0.56485	0.64445	1	0.48362	0.54616	10.99471	1.03583	1	0.74512	0.56983	12.68942	1.03583	1	-0.00428	-0.01112	0.68009	0.00304	1	0.06074	-0.01510	0.64967	0.00308	1	1.45898	0.81042	0	
1251836	8443.40820	3305233678648	0.56682	0.64638	8442.79199	0.61621	11362	1	0.61722	0.60024	1	0.51248	0.68866	1	0.56485	0.64445	1	0.48398	0.54601	10.09177	1.03583	1	0.74553	0.56955	11.90256	1.03583	1	-0.00411	-0.01094	0.66925	0.00319	1	0.06183	-0.01540	0.66022	0.00309	1	1.45898	0.81042	0	
1251837	8443.41504	3305233742521	0.56625	0.64569	8442.79199	0.62305	11362	1	0.58842	0.59483	1	0.53916	0.67966	1	0.56379	0.63724	1	0.48367	0.54590	10.72473	1.03583	1	0.74559	0.56972	12.16183	1.03583	1	-0.00411	-0.01094	0.66925	0.00312	1	0.06183	-0.01540	0.66022	0.00307	1	1.45898	0.81042	0	
1251838	8443.42090	3305233807926	0.56590	0.64481	8442.79199	0.62891	11362	1	0.61142	0.62194	1	0.55134	0.65778	1	0.58138	0.63986	1	0.48402	0.54622	10.26109	1.03583	1	0.74550	0.56966	11.88544	1.03583	1	-0.00411	-0.01094	0.66925	0.00312	1	0.06183	-0.01540	0.66022	0.00305	1	1.45898	0.81042	0	
1251839	8443.42773	3305233876659	0.56555	0.64401	8442.79199	0.63574	11362	1	0.61142	0.62194	1	0.55134	0.65778	1	0.58138	0.63986	1	0.48358	0.54636	11.15575	1.03583	1	0.74571	0.56965	12.16665	1.03583	1	-0.00417	-0.01094	0.67835	0.00295	1	0.06183	-0.01530	0.66022	0.00316	1	1.45898	0.81042	0	
1251840	8443.43457	3305233942963	0.56554	0.64441	8442.79199	0.64258	11362	1	0.59501	0.58969	1	0.54198	0.71260	1	0.56850	0.65114	1	0.48369	0.54592	11.23958	1.03583	1	0.74522	0.56962	12.36959	1.03583	1	-0.00417	-0.01094	0.67835	0.00300	1	0.06183	-0.01530	0.66022	0.00311	1	1.45898	0.81042	0	
1251841	8443.44141	3305234012080	0.56545	0.64349	8442.79199	0.64941	11362	1	0.61385	0.59131	1	0.52981	0.64469	1	0.57183	0.61800	1	0.48369	0.54584	10.97231	1.03583	1	0.74546	0.56906	11.72971	1.03583	1	-0.00417	-0.01094	0.67835	0.00291	1	0.06183	-0.01530	0.66022	0.00301	1	1.45898	0.81042	0	
1251842	8443.44824	3305234079522	0.56536	0.64253	8442.79199	0.65625	11362	1	0.61385	0.59131	1	0.53050	0.64055	1	0.57217	0.61593	1	0.48386	0.54562	9.99504	1.03583	1	0.74574	0.56909	11.77660	1.04349	1	-0.00418	-0.01090	0.67925	0.00323	1	0.06393	-0.01571	0.68212	0.00320	1	1.45898	0.81042	0	
1251843	8443.45508	3305234147459	0.56526	0.64231	8442.79199	0.66309	11362	1	0.60358	0.62463	1	0.54792	0.68557	1	0.57575	0.65510	1	0.48387	0.54526	10.44497	1.04349	1	0.74574	0.56890	12.12965	1.05115	1	-0.00418	-0.01090	0.67925	0.00314	1	0.06393	-0.01571	0.68212	0.00302	1	1.45898	0.81042	0	
1251844	8443.46191	3305234214534	0.56533	0.64270	8442.79199	0.66992	11362	1	0.60413	0.62239	1	0.54714	0.68420	1	0.57563	0.65329	1	0.48389	0.54527	10.45852	1.05115	1	0.74572	0.56893	11.67497	1.05881	1	-0.00418	-0.01090	0.67925	0.00308	1	0.06393	-0.01571	0.68212	0.00306	1	1.45898	0.81042	0	
1251845	8443.46875	3305234281358	0.56541	0.64300	8442.79199	0.67676	11362	1	0.60384	0.61836	1	0.54793	0.68043	1	0.57588	0.64939	1	0.48419	0.54557	11.23644	1.05881	1	0.74600	0.56897	12.40089	1.06647	1	-0.00418	-0.01090	0.67925	0.00294	1	0.06393	-0.01560	0.68212	0.00316	1	1.45898	0.81042	0	
1251846	8443.47559	3305234349346	0.56600	0.64328	8442.79199	0.68359	11362	1	0.61576	0.61941	1	0.53772	0.67902	1	0.57674	0.64921	1	0.48405	0.54538	10.83758	1.06647	1	0.74595	0.56883	12.48431	1.06647	1	-0.00418	-0.01090	0.67925	0.00294	1	0.06393	-0.01560	0.68212	0.00317	1	1.45898	0.81042	0	
1251847	8443.48242	3305234415475	0.56702	0.64318	8442.79199	0.69043	11362	1	0.62886	0.62461	1	0.52828	0.67285	1	0.57857	0.64873	1	0.48421	0.54535	11.01821	1.06647	1	0.74587	0.56887	12.74714	1.06647	1	-0.00418	-0.01090	0.67925	0.00300	1	0.06393	-0.01560	0.68212	0.00314	1	1.45898	0.81042	0	
1251848	8443.48828	3305234480864	0.56803	0.64308	8442.79199	0.69629	11362	1	0.62899	0.62875	1	0.52694	0.68067	1	0.57796	0.65471	1	0.48416	0.54522	10.84413	1.05845	1	0.74580	0.56836	12.22962	1.05079	1	-0.00405	-0.01056	0.66699	0.00300	1	0.06183	-0.01498	0.65917	0.00328	1	1.45898	0.81042	0	
1251849	8443.49512	3305234549299	0.56788	0.64244	8442.79199	0.70312	11362	1	0.59399	0.58722	1	0.51072	0.70137	1	0.55235	0.64429	1	0.48411	0.54486	10.82489	1.04277	1	0.74555	0.56822	12.51313	1.03511	1	-0.00405	-0.01056	0.66699	0.00300	1	0.06183	-0.01498	0.65917	0.00315	1	1.45898	0.81042	0	
1251850	8443.50195	3305234616299	0.56818	0.64228	8442.79199	0.70996	11362	1	0.58626	0.69257	1	0.54842	0.67653	1	0.56734	0.68455	1	0.48388	0.54485	10.34734	1.02710	1	0.74609	0.56779	11.95270	1.01944	1	-0.00405	-0.01056	0.66699	0.00291	1	0.06183	-0.01498	0.65917	0.00311	1	1.45898	0.81042	0	
1251851	8443.50879	3305234683624	0.56847	0.64215	8442.79199	0.71680	11362	1	0.58668	0.69618	1	0.54758	0.68051	1	0.56713	0.68835	1	0.48421	0.54413	10.75347	1.01944	1	0.74570	0.56782	12.37986	1.01178	1	-0.00418	-0.01070	0.67925	0.00299	1	0.06183	-0.01498	0.65917	0.00315	1	1.45898	0.81042	0	
1251852	8443.51562	3305234750707	0.56834	0.64169	8442.79199	0.72363	11362	1	0.60866	0.60605	1	0.51620	0.69564	1	0.56243	0.65085	1	0.48431	0.54394	10.91063	1.01980	1	0.74565	0.56791	12.82238	1.01980	1	-0.00418	-0.01070	0.67925	0.00317	1	0.06183	-0.01498	0.65917	0.00316	1	1.45898	0.81042	0	
1251853	8443.52246	3305234817169	0.56861	0.64151	8442.79199	0.73047	11362	1	0.60131	0.61049	1	0.51344	0.67972	1	0.55737	0.64510	1	0.48414	0.54404	11.19642	1.02781	1	0.74564	0.56783	12.76947	1.02781	1	-0.00418	-0.01070	0.67925	0.00307	1	0.06183	-0.01498	0.65917	0.00314	1	1.45898	0.81042	0	
1251854	8443.52930	3305234884046	0.56889	0.64146	8442.79199	0.73730	11362	1	0.60131	0.61049	1	0.51344	0.67972	1	0.55737	0.64510	1	0.48423	0.54379	11.00919	1.02781	1	0.74586	0.56759	12.05336	1.02781	1	-0.00401	-0.01019	0.65968	0.00318	1	0.06183	-0.01478	0.65917	0.00319	1	1.45898	0.81042	0	
1251855	8443.53516	3305234951536	0.56889	0.64279	8442.79199	0.74316	11362	1	0.60495	0.68480	1	0.51891	0.72224	1	0.56193	0.70352	1	0.48414	0.54388	10.94159	1.01980	1	0.74573	0.56729	12.50960	1.01980	1	-0.00401	-0.01019	0.65968	0.00314	1	0.06183	-0.01478	0.65917	0.00315	1	1.45898	0.81042	0	
1251856	8443.54199	3305235018370	0.56891	0.64397	8442.79199	0.75000	11362	1	0.62401	0.65773	1	0.52025	0.72759	1	0.57213	0.69266	1	0.48410	0.54345	10.84500	1.01178	1	0.74588	0.56730	12.25106	1.01178	1	-0.00401	-0.01019	0.65968	0.00302	1	0.06183	-0.01478	0.65917	0.00305	1	1.45898	0.81042	0	
1251857	8443.54883	3305235085089	0.56893	0.64507	8442.79199	0.75684	11362	1	0.62401	0.65773	1	0.52088	0.72399	1	0.57245	0.69086	1	0.48428	0.54351	11.30484	1.01178	1	0.74587	0.56698	12.16816	1.01944	1	-0.00418	-0.01049	0.67925	0.00309	1	0.06393	-0.01530	0.68212	0.00318	1	1.45898	0.81042	0	
1251858	8443.55566	3305235152720	0.56947	0.64559	8442.79199	0.76367	11362	1	0.61372	0.60648	1	0.56080	0.70099	1	0.58726	0.65374	1	0.48374	0.54336	11.00538	1.02745	1	0.74608	0.56711	12.48656	1.03511	1	-0.00418	-0.01049	0.67925	0.00303	1	0.06393	-0.01530	0.68212	0.00309	1	1.45898	0.81042	0	
1251859	8443.56250	3305235219386	0.57029	0.64572	8442.79199	0.77051	11362	1	0.64145	0.62080	1	0.54061	0.69562	1	0.59103	0.65821	1	0.48408	0.54326	10.33586	1.04313	1	0.74560	0.56706	11.59049	1.05079	1	-0.00418	-0.01049	0.67925	0.00311	1	0.06393	-0.01530	0.68212	0.00306	1	1.45898	0.81042	0	
1251860	8443.56934	3305235286039	0.57115	0.64555	8442.79199	0.77734	11362	1	0.64131	0.60766	1	0.54304	0.68362	1	0.59217	0.64564	1	0.48341	0.54340	11.66163	1.06789	1	0.74567	0.56684	12.13722	1.07555	1	-0.00442	-0.01081	0.70969	0.00302	1	0.06327	-0.01499	0.67501	0.00322	1	1.45898	0.81042	0	
1251861	8443.57520	3305235351009	0.57180	0.64514	8442.79199	0.78320	11362	1	0.62670	0.56451	1	0.54348	0.64209	1	0.58509	0.60330	1	0.48381	0.54307	10.98445	1.08464	1	0.74555	0.56666	11.98910	1.08464	1	-0.00442	-0.01081	0.70969	0.00302	1	0.06327	-0.01499	0.67501	0.00316	1	1.45898	0.81042	0	
1251862	8443.58203	3305235420282	0.57147	0.64471	8442.79199	0.79004	11362	1	0.58639	0.57242	1	0.53799	0.65089	1	0.56219	0.61165	1	0.48360	0.54285	11.25672	1.09372	1	0.74545	0.56638	11.62828	1.09372	1	-0.00442	-0.01081	0.70969	0.00292	1	0.06327	-0.01499	0.67501	0.00315	1	1.45898	0.81042	0	
1251863	8443.58887	3305235487648	0.57115	0.64424	8442.79199	0.79688	11362	1	0.58639	0.57242	1	0.53729	0.65477	1	0.56184	0.61360	1	0.48380	0.54304	10.49417	1.09372	1	0.74567	0.56632	11.70789	1.08606	1	-0.00418	-0.01029	0.67926	0.00320	1	0.06183	-0.01458	0.65917	0.00329	1	1.45898	0.81042	0	
1251864	8443.59570	3305235551672	0.57150	0.64419	8442.79199	0.80371	11362	1	0.61305	0.61532	1	0.56662	0.67102	1	0.58983	0.64317	1	0.48400	0.54249	10.18587	1.07698	1	0.74601	0.56595	12.34230	1.06932	1	-0.00418	-0.01029	0.67926	0.00299	1	0.06183	-0.01458	0.65917	0.00313	1	1.45898	0.81042	0	
1251865	8443.60254	3305235619418	0.57224	0.64445	8442.79199	0.81055	11362	1	0.61166	0.66706	1	0.57184	0.69901	1	0.59175	0.68303	1	0.48345	0.54276	11.49848	1.06023	1	0.74609	0.56620	12.63543	1.05257	1	-0.00418	-0.01029	0.67926	0.00289	1	0.06183	-0.01458	0.65917	0.00309	1	1.45898	0.81042	0	
1251866	8443.60938	3305235685921	0.57297	0.64486	8442.79199	0.81738	11362	1	0.61190	0.67073	1	0.57087	0.70270	1	0.59138	0.68672	1	0.48366	0.54196	11.18190	1.05257	1	0.74589	0.56563	12.39388	1.04491	1	-0.00442	-0.01075	0.70969	0.00319	1	0.06183	-0.01456	0.66022	0.00319	1	1.45898	0.81042	0	
1251867	8443.61523	3305235750463	0.57342	0.64571	8442.79199	0.82324	11362	1	0.60653	0.64868	1	0.58276	0.68481	1	0.59465	0.66675	1	0.48333	0.54250	11.46949	1.05400	1	0.74590	0.56587	12.79621	1.05400	1	-0.00442	-0.01075	0.70969	0.00295	1	0.06183	-0.01456	0.66022	0.00313	1	1.45898	0.81042	0	
1251868	8443.62207	3305235819503	0.57350	0.64646	8442.79199	0.83008	11362	1	0.60619	0.62535	1	0.54862	0.65780	1	0.57740	0.64158	1	0.48354	0.54244	11.16495	1.06309	1	0.74528	0.56585	13.13656	1.06309	1	-0.00442	-0.01075	0.70969	0.00293	1	0.06183	-0.01456	0.66022	0.00312	1	1.45898	0.81042	0	
1251869	8443.62891	3305235884142	0.57357	0.64730	8442.79199	0.83691	11362	1	0.60648	0.62950	1	0.54778	0.66193	1	0.57713	0.64572	1	0.48344	0.54234	11.21113	1.05507	1	0.74496	0.56537	12.99441	1.05507	1	-0.00423	-0.00991	0.66410	0.00298	1	0.06153	-0.01441	0.65808	0.00325	1	1.45898	0.81042	0	
1251870	8443.63574	3305235951733	0.57364	0.64737	8442.79199	0.84375	11362	1	0.61103	0.62503	1	0.54276	0.66779	1	0.57689	0.64641	1	0.48322	0.54241	11.69018	1.03797	1	0.74525	0.56490	12.55644	1.03797	1	-0.00423	-0.00991	0.66410	0.00296	1	0.06153	-0.01441	0.65808	0.00310	1	1.45898	0.81042	0	
1251871	8443.64258	3305236020313	0.57339	0.64874	8442.79199	0.85059	11362	1	0.59640	0.64621	1	0.52487	0.71060	1	0.56064	0.67841	1	0.48295	0.54220	11.45534	1.02086	1	0.74469	0.56520	12.85009	1.02086	1	-0.00423	-0.00991	0.66410	0.00309	1	0.06153	-0.01441	0.65808	0.00313	1	1.45898	0.81042	0	
1251872	8443.64941	3305236085627	0.57312	0.65036	8442.79199	0.85742	11362	1	0.59720	0.65509	1	0.52281	0.72216	1	0.56000	0.68863	1	0.48256	0.54210	11.15377	1.00376	1	0.74507	0.56493	12.30221	0.99695	1	-0.00431	-0.00982	0.66136	0.00310	1	0.05911	-0.01381	0.63273	0.00309	1	1.45898	0.81042	0	
1251873	8443.65625	3305236153986	0.57318	0.65028	8442.79199	0.86426	11362	1	0.60610	0.59506	1	0.53844	0.71145	1	0.57227	0.65325	1	0.48273	0.54189	11.16889	0.99695	1	0.74488	0.56495	11.61708	0.99015	1	-0.00431	-0.00982	0.66136	0.00304	1	0.05911	-0.01381	0.63273	0.00309	1	1.45898	0.81042	0	
1251874	8443.66309	3305236224171	0.57303	0.65043	8442.79199	0.87109	11362	1	0.60144	0.60589	1	0.52965	0.68039	1	0.56555	0.64314	1	0.48267	0.54184	10.98498	0.99015	1	0.74476	0.56454	11.69010	0.98334	1	-0.00431	-0.00982	0.66136	0.00300	1	0.05911	-0.01381	0.63273	0.00322	1	1.45898	0.81042	0	
1251875	8443.66992	3305236290828	0.57288	0.65061	8442.79199	0.87793	11362	1	0.60139	0.60519	1	0.53041	0.67612	1	0.56590	0.64066	1	0.48267	0.54170	10.91997	0.99135	1	0.74517	0.56487	12.60800	0.99135	1	-0.00446	-0.01004	0.67623	0.00305	1	0.06164	-0.01431	0.66030	0.00320	1	1.45898	0.81042	0	
1251876	8443.67578	3305236357757	0.57249	0.65145	8442.79199	0.88379	11362	1	0.59943	0.68551	1	0.53620	0.66856	1	0.56781	0.67703	1	0.48258	0.54191	11.03888	0.99937	1	0.74486	0.56469	11.88826	1.00618	1	-0.00446	-0.01004	0.67623	0.00308	1	0.06164	-0.01431	0.66030	0.00318	1	1.45898	0.81042	0	
1251877	8443.68262	3305236425333	0.57265	0.65184	8442.79199	0.89062	11362	1	0.60122	0.60873	1	0.56168	0.66471	1	0.58145	0.63672	1	0.48260	0.54151	11.03311	1.01420	1	0.74482	0.56460	11.71769	1.02100	1	-0.00446	-0.01004	0.67623	0.00328	1	0.06164	-0.01431	0.66030	0.00319	1	1.45898	0.81042	0	
1251878	8443.68945	3305236491866	0.57282	0.65210	8442.79199	0.89746	11362	1	0.60093	0.60492	1	0.56250	0.66110	1	0.58171	0.63301	1	0.48232	0.54169	10.30536	1.02100	1	0.74477	0.56492	12.22548	1.02781	1	-0.00438	-0.00974	0.65561	0.00325	1	0.06226	-0.01448	0.66802	0.00311	1	1.45898	0.81042	0	
1251879	8443.69629	3305236557665	0.57289	0.65143	8442.79199	0.90430	11362	1	0.60394	0.58116	1	0.53948	0.66774	1	0.57171	0.62445	1	0.48264	0.54157	11.10947	1.01980	1	0.74447	0.56486	12.57283	1.01980	1	-0.00438	-0.00974	0.65561	0.00314	1	0.06226	-0.01448	0.66802	0.00315	1	1.45898	0.81042	0	
1251880	8443.70312	3305236625960	0.57280	0.65139	8442.79199	0.91113	11362	1	0.58052	0.57973	1	0.53062	0.70027	1	0.55557	0.64000	1	0.48234	0.54160	10.44045	1.01178	1	0.74440	0.56487	12.82571	1.01178	1	-0.00438	-0.00974	0.65561	0.00321	1	0.06226	-0.01448	0.66802	0.00312	1	1.45898	0.81042	0	
1251881	8443.70996	3305236692784	0.57271	0.65135	8442.79199	0.91797	11362	1	0.58101	0.58446	1	0.52988	0.70426	1	0.55545	0.64436	1	0.48214	0.54161	11.02881	1.00376	1	0.74451	0.56476	12.31943	1.00376	1	-0.00438	-0.00974	0.65561	0.00324	1	0.06226	-0.01448	0.66802	0.00316	1	1.45898	0.81042	0	
1251882	8443.71680	3305236758960	0.57266	0.65088	8442.79199	0.92480	11362	1	0.59550	0.59754	1	0.54670	0.67540	1	0.57110	0.63647	1	0.48252	0.54169	10.25433	1.00376	1	0.74470	0.56468	12.61344	1.00376	1	-0.00438	-0.00974	0.65561	0.00319	1	0.06226	-0.01448	0.66802	0.00317	1	1.45898	0.81042	0	
1251883	8443.72363	3305236826884	0.57259	0.65046	8442.79199	0.93164	11362	1	0.58840	0.57121	1	0.53512	0.67689	1	0.56176	0.62405	1	0.48244	0.54159	10.10968	1.00376	1	0.74475	0.56468	12.54305	1.00376	1	-0.00438	-0.00974	0.65561	0.00314	1	0.06226	-0.01448	0.66802	0.00318	1	1.45898	0.81042	0	
1251884	8443.72949	3305236893525	0.57252	0.65007	8442.79199	0.93750	11362	1	0.58840	0.57121	1	0.53446	0.68047	1	0.56143	0.62584	1	0.48240	0.54144	11.15224	1.00376	1	0.74483	0.56488	12.30679	0.99695	1	-0.00438	-0.00974	0.65561	0.00324	1	0.05996	-0.01398	0.64286	0.00306	1	1.45898	0.81042	0	
1251885	8443.73633	3305236960491	0.57254	0.64998	8442.79199	0.94434	11362	1	0.59651	0.55430	1	0.53261	0.71192	1	0.56456	0.63311	1	0.48262	0.54135	10.70440	0.99695	1	0.74478	0.56491	12.31668	0.99015	1	-0.00438	-0.00974	0.65561	0.00322	1	0.05996	-0.01398	0.64286	0.00308	1	1.45898	0.81042	0	
1251886	8443.74316	3305237028092	0.57198	0.64991	8442.79199	0.95117	11362	1	0.57864	0.57211	1	0.53014	0.70102	1	0.55439	0.63656	1	0.48231	0.54134	10.97529	0.99015	1	0.74484	0.56480	12.28230	0.98334	1	-0.00438	-0.00974	0.65561	0.00328	1	0.05996	-0.01398	0.64286	0.00306	1	1.45898	0.81042	0	
1251887	8443.75000	3305237094778	0.57142	0.64989	8442.79199	0.95801	11362	1	0.57908	0.57627	1	0.53014	0.70102	1	0.55461	0.63864	1	0.48214	0.54181	10.86150	0.98334	1	0.74473	0.56477	12.33193	0.98334	1	-0.00443	-0.00990	0.66322	0.00317	1	0.06164	-0.01441	0.66030	0.00306	1	1.45898	0.81042	0	
1251888	8443.75684	3305237161774	0.57143	0.65024	8442.79199	0.96484	11362	1	0.59978	0.63306	1	0.53870	0.70333	1	0.56924	0.66819	1	0.48213	0.54209	11.05834	0.98334	1	0.74485	0.56487	12.31463	0.99015	1	-0.00443	-0.00990	0.66322	0.00309	1	0.06164	-0.01441	0.66030	0.00303	1	1.45898	0.81042	0	
1251889	8443.76367	3305237228607	0.57147	0.65164	8442.79199	0.97168	11362	1	0.61304	0.64736	1	0.53406	0.72308	1	0.57355	0.68522	1	0.48240	0.54224	12.05818	0.99015	1	0.74484	0.56521	12.08563	0.99695	1	-0.00443	-0.00990	0.66322	0.00303	1	0.06164	-0.01441	0.66030	0.00332	1	1.45898	0.81042	0	
1251890	8443.76953	3305237294712	0.57151	0.65293	8442.79199	0.97754	11362	1	0.61256	0.63945	1	0.53551	0.71592	1	0.57403	0.67768	1	0.48234	0.54246	11.98312	1.00497	1	0.74458	0.56539	12.56887	1.01178	1	-0.00458	-0.01029	0.67939	0.00293	1	0.06164	-0.01441	0.66030	0.00325	1	1.45898	0.81042	0	
1251891	8443.77637	3305237360754	0.57125	0.65293	8442.79199	0.98438	11362	1	0.60074	0.63726	1	0.52566	0.67247	1	0.56320	0.65487	1	0.48219	0.54233	11.51096	1.01980	1	0.74464	0.56534	12.26258	1.01980	1	-0.00458	-0.01029	0.67939	0.00300	1	0.06164	-0.01441	0.66030	0.00337	1	1.45898	0.81042	0	
1251892	8443.78320	3305237427135	0.57053	0.65197	8442.79199	0.99121	11362	1	0.54933	0.59941	1	0.53277	0.61534	1	0.54105	0.60738	1	0.48186	0.54234	11.08638	1.02781	1	0.74473	0.56514	11.78431	1.02781	1	-0.00458	-0.01029	0.67939	0.00302	1	0.06164	-0.01441	0.66030	0.00341	1	1.45898	0.81042	0	
1251893	8443.79004	3305237491723	0.56981	0.65105	8442.79199	0.99805	11362	1	0.54933	0.59941	1	0.53348	0.61095	1	0.54141	0.60518	1	0.48219	0.54209	11.22400	1.02781	1	0.74495	0.56550	11.71449	1.03547	1	-0.00441	-0.01000	0.66024	0.00299	1	0.06349	-0.01498	0.67958	0.00334	1	1.45898	0.81042	0	
1251894	8443.79688	3305237559897	0.56937	0.65046	8442.79199	1.00488	11362	1	0.57485	0.60547	1	0.53658	0.63666	1	0.55571	0.62107	1	0.48227	0.54234	10.73557	1.02745	1	0.74517	0.56548	12.09334	1.03511	1	-0.00441	-0.01000	0.66024	0.00319	1	0.06349	-0.01498	0.67958	0.00335	1	1.45898	0.81042	0	
1251895	8443.80273	3305237625820	0.56880	0.64936	8442.79199	1.01074	11362	1	0.59855	0.56207	1	0.50400	0.63004	1	0.55127	0.59606	1	0.48265	0.54205	10.95231	1.02710	1	0.74468	0.56538	12.54032	1.03476	1	-0.00441	-0.01000	0.66024	0.00326	1	0.06349	-0.01498	0.67958	0.00310	1	1.45898	0.81042	0	
1251896	8443.80957	3305237694738	0.56824	0.64810	8442.79199	1.01758	11362	1	0.59821	0.55750	1	0.50400	0.63004	1	0.55110	0.59377	1	0.48272	0.54240	10.78729	1.03476	1	0.74508	0.56549	12.31670	1.03476	1	-0.00440	-0.01009	0.66616	0.00325	1	0.06074	-0.01437	0.64967	0.00308	1	1.45898	0.81042	0	
1251897	8443.81641	3305237761234	0.56849	0.64770	8442.79199	1.02441	11362	1	0.59207	0.59570	1	0.53632	0.65461	1	0.56420	0.62515	1	0.48246	0.54250	11.72958	1.04277	1	0.74521	0.56559	12.71805	1.03511	1	-0.00440	-0.01009	0.66616	0.00320	1	0.06074	-0.01437	0.64967	0.00307	1	1.45898	0.81042	0	
1251898	8443.82324	3305237824561	0.56856	0.64620	8442.79199	1.03125	11362	1	0.60365	0.57475	1	0.53764	0.65042	1	0.57065	0.61258	1	0.48259	0.54252	11.51293	1.04313	1	0.74524	0.56563	12.86233	1.03547	1	-0.00440	-0.01009	0.66616	0.00321	1	0.06074	-0.01437	0.64967	0.00306	1	1.45898	0.81042	0	
1251899	8443.83008	3305237894550	0.56863	0.64461	8442.79199	1.03809	11362	1	0.60364	0.57454	1	0.53768	0.65023	1	0.57066	0.61238	1	0.48259	0.54252	11.51293	1.04349	1	0.74516	0.56559	12.74840	1.03583	1	-0.00440	-0.01009	0.66616	0.00321	1	0.06074	-0.01437	0.64967	0.00306	1	1.45898	0.81042	0	
1251900	8443.83691	3305237962545	0.56882	0.64419	8442.79199	1.04492	11362	1	0.60978	0.58057	1	0.53300	0.68029	1	0.57139	0.63043	1	0.48275	0.54251	10.99178	1.03583	1	0.74514	0.56579	12.80527	1.03583	1	-0.00440	-0.01009	0.66616	0.00324	1	0.06074	-0.01437	0.64967	0.00313	1	1.45898	0.81042	0	
1251901	8443.84375	3305238030258	0.56911	0.64353	8442.79199	1.05176	11362	1	0.61211	0.55721	1	0.53118	0.66968	1	0.57165	0.61344	1	0.48287	0.54234	10.80567	1.03583	1	0.74512	0.56573	12.48494	1.03583	1	-0.00440	-0.01009	0.66616	0.00328	1	0.06074	-0.01437	0.64967	0.00324	1	1.45898	0.81042	0	
1251902	8443.85059	3305238099487	0.56033	0.61548	8442.79199	1.05176	11362	0	0.61211	0.55721	1	0.53118	0.66968	1	0.57165	0.61344	1	0.48266	0.54302	11.26897	1.03583	1	0.74516	0.56627	12.53330	1.03583	1	-0.00440	-0.01019	0.66616	0.00312	1	0.06074	-0.01447	0.64967	0.00315	1	1.45898	0.81042	0	
1251903	8443.85742	3305238165168	0.56440	0.63004	8442.79199	1.05176	11362	0	0.60099	0.60920	1	0.53595	0.68002	1	0.56847	0.64461	1	0.48263	0.54301	11.28434	1.03583	1	0.74516	0.56638	12.53680	1.03583	1	-0.00440	-0.01019	0.66616	0.00315	1	0.06074	-0.01447	0.64967	0.00315	1	1.45898	0.81042	0	
1251904	8443.86426	3305238233299	0.56637	0.64087	8442.79199	1.05176	11362	0	0.61738	0.64342	1	0.52325	0.68162	1	0.57032	0.66252	1	0.48280	0.54345	11.17820	1.03583	1	0.74502	0.56629	12.89521	1.03583	1	-0.00440	-0.01019	0.66616	0.00300	1	0.06074	-0.01447	0.64967	0.00315	1	1.45898	0.81042	0	
1251905	8443.87012	3305238300491	0.56730	0.64730	8443.85059	0.01953	11363	1	0.61759	0.64754	1	0.52258	0.68567	1	0.57009	0.66660	1	0.48280	0.54352	11.28062	1.02781	1	0.74521	0.56666	12.75182	1.02781	1	-0.00447	-0.01059	0.68550	0.00298	1	0.06074	-0.01447	0.64967	0.00315	1	1.45898	0.81042	0	
1251906	8443.87695	3305238366853	0.57017	0.65088	8443.85059	0.02637	11363	1	0.62381	0.64911	1	0.53944	0.68128	1	0.58163	0.66520	1	0.48293	0.54344	11.07283	1.01980	1	0.74521	0.56659	12.81618	1.01980	1	-0.00447	-0.01059	0.68550	0.00294	1	0.06074	-0.01447	0.64967	0.00323	1	1.45898	0.81042	0	
1251907	8443.88379	3305238434809	0.57039	0.64895	8443.85059	0.03320	11363	1	0.61410	0.61813	1	0.52892	0.66039	1	0.57151	0.63926	1	0.48285	0.54332	11.30801	1.01178	1	0.74517	0.56667	12.82098	1.01178	1	-0.00447	-0.01059	0.68550	0.00291	1	0.06074	-0.01447	0.64967	0.00316	1	1.45898	0.81042	0	
1251908	8443.89062	3305238501152	0.57052	0.64819	8443.85059	0.04004	11363	1	0.61435	0.62255	1	0.52819	0.66470	1	0.57127	0.64363	1	0.48268	0.54338	11.50034	1.00376	1	0.74516	0.56664	12.89917	1.00376	1	-0.00447	-0.01059	0.68550	0.00296	1	0.06074	-0.01457	0.64967	0.00315	1	1.45898	0.81042	0	
1251909	8443.89746	3305238569257	0.57001	0.64972	8443.85059	0.04688	11363	1	0.59512	0.63138	1	0.53784	0.68951	1	0.56648	0.66045	1	0.48255	0.54362	11.34143	1.00376	1	0.74523	0.56661	12.80348	1.00376	1	-0.00447	-0.01059	0.68550	0.00310	1	0.06074	-0.01457	0.64967	0.00322	1	1.45898	0.81042	0	
1251910	8443.90430	3305238636155	0.56859	0.65275	8443.85059	0.05371	11363	1	0.57657	0.66668	1	0.53789	0.68734	1	0.55723	0.67701	1	0.48258	0.54372	11.50569	1.00376	1	0.74522	0.56661	12.77066	1.00376	1	-0.00447	-0.01059	0.68550	0.00304	1	0.06074	-0.01457	0.64967	0.00325	1	1.45898	0.81042	0	
1251911	8443.91113	3305238702206	0.56743	0.65494	8443.85059	0.06055	11363	1	0.57604	0.66261	1	0.53801	0.68672	1	0.55703	0.67466	1	0.48264	0.54375	11.99523	1.01178	1	0.74534	0.56683	12.47611	1.00497	1	-0.00446	-0.01068	0.69111	0.00302	1	0.06081	-0.01457	0.64985	0.00323	1	1.45898	0.81042	0	
1251912	8443.91699	3305238769002	0.56784	0.65767	8443.85059	0.06641	11363	1	0.60893	0.64805	1	0.53484	0.72185	1	0.57189	0.68495	1	0.48307	0.54372	11.47562	1.01299	1	0.74528	0.56697	12.57909	1.00618	1	-0.00446	-0.01068	0.69111	0.00309	1	0.06081	-0.01457	0.64985	0.00308	1	1.45898	0.81042	0	
1251913	8443.92383	3305238836276	0.56797	0.65848	8443.85059	0.07324	11363	1	0.60080	0.61352	1	0.53798	0.72134	1	0.56939	0.66743	1	0.48287	0.54332	11.64560	1.01420	1	0.74528	0.56716	12.52780	1.00739	1	-0.00446	-0.01068	0.69111	0.00321	1	0.06081	-0.01457	0.64985	0.00328	1	1.45898	0.81042	0	
1251914	8443.93066	3305238903318	0.56811	0.65900	8443.85059	0.08008	11363	1	0.60075	0.61285	1	0.53878	0.71750	1	0.56976	0.66518	1	0.48314	0.54304	11.39781	1.01540	1	0.74546	0.56681	12.46047	1.01540	1	-0.00446	-0.01068	0.69111	0.00329	1	0.06183	-0.01481	0.66022	0.00332	1	1.45898	0.81042	0	
1251915	8443.93750	3305238968945	0.56895	0.65790	8443.85059	0.08691	11363	1	0.60741	0.64695	1	0.55238	0.64021	1	0.57990	0.64358	1	0.48302	0.54345	11.70335	1.01540	1	0.74546	0.56655	12.20972	1.02221	1	-0.00446	-0.01068	0.69111	0.00312	1	0.06183	-0.01481	0.66022	0.00311	1	1.45898	0.81042	0	
1251916	8443.94434	3305239036903	0.56782	0.65749	8443.85059	0.09375	11363	1	0.58534	0.59737	1	0.51859	0.70629	1	0.55196	0.65183	1	0.48316	0.54324	11.75630	1.02221	1	0.74565	0.56719	12.59732	1.02902	1	-0.00446	-0.01068	0.69111	0.00323	1	0.06183	-0.01481	0.66022	0.00326	1	1.45898	0.81042	0	
1251917	8443.95020	3305239101554	0.56684	0.65706	8443.85059	0.09961	11363	1	0.58540	0.59805	1	0.51910	0.70317	1	0.55225	0.65061	1	0.48308	0.54354	12.10006	1.02100	1	0.74601	0.56710	13.02977	1.03547	1	-0.00419	-0.01015	0.65707	0.00306	1	0.06393	-0.01530	0.68212	0.00320	1	1.45898	0.81042	0	
1251918	8443.95801	3305239170415	0.56633	0.65699	8443.85059	0.10742	11363	1	0.58661	0.65186	1	0.52966	0.65976	1	0.55814	0.65581	1	0.48311	0.54342	12.00418	1.02745	1	0.74590	0.56655	13.06777	1.03511	1	-0.00419	-0.01015	0.65707	0.00296	1	0.06393	-0.01530	0.68212	0.00301	1	1.45898	0.81042	0	
1251919	8443.96484	3305239239317	0.56608	0.65731	8443.85059	0.11426	11363	1	0.58859	0.65183	1	0.53486	0.67370	1	0.56173	0.66277	1	0.48313	0.54337	11.95183	1.02710	1	0.74597	0.56663	13.06543	1.03476	1	-0.00419	-0.01015	0.65707	0.00298	1	0.06393	-0.01530	0.68212	0.00302	1	1.45898	0.81042	0	
1251920	8443.97070	3305239305459	0.56584	0.65749	8443.85059	0.12012	11363	1	0.58819	0.64792	1	0.53486	0.67370	1	0.56152	0.66081	1	0.48315	0.54339	11.70080	1.03476	1	0.74594	0.56665	12.78944	1.03476	1	-0.00427	-0.01046	0.67726	0.00302	1	0.06183	-0.01478	0.65917	0.00303	1	1.45898	0.81042	0	
1251921	8443.97754	3305239367289	0.56575	0.65806	8443.85059	0.12695	11363	1	0.58634	0.64650	1	0.54194	0.69098	1	0.56414	0.66874	1	0.48307	0.54341	11.87908	1.04277	1	0.74604	0.56689	12.90358	1.03511	1	-0.00427	-0.01046	0.67726	0.00302	1	0.06183	-0.01478	0.65917	0.00307	1	1.45898	0.81042	0	
1251922	8443.98438	3305239434602	0.56601	0.65692	8443.85059	0.13379	11363	1	0.60141	0.60895	1	0.54105	0.65955	1	0.57123	0.63425	1	0.48330	0.54328	11.47567	1.04313	1	0.74596	0.56662	12.90401	1.03547	1	-0.00427	-0.01046	0.67726	0.00301	1	0.06183	-0.01478	0.65917	0.00303	1	1.45898	0.81042	0	
1251923	8443.99121	3305239505638	0.56624	0.65608	8443.85059	0.14062	11363	1	0.60172	0.61312	1	0.54029	0.66359	1	0.57100	0.63835	1	0.48334	0.54334	11.42950	1.03547	1	0.74595	0.56654	12.97227	1.02781	1	-0.00410	-0.01017	0.65851	0.00300	1	0.06183	-0.01478	0.65917	0.00304	1	1.45898	0.81042	0	
1251924	8443.99707	3305239569753	0.56627	0.65573	8443.85059	0.14648	11363	1	0.60607	0.62462	1	0.52798	0.67165	1	0.56702	0.64813	1	0.48350	0.54305	11.28473	1.01980	1	0.74587	0.56653	12.92488	1.01980	1	-0.00410	-0.01017	0.65851	0.00309	1	0.06183	-0.01478	0.65917	0.00306	1	1.45898	0.81042	0	
1251925	8444.00391	3305239635414	0.56537	0.65659	8443.85059	0.15332	11363	1	0.56874	0.65062	1	0.52034	0.70215	1	0.54454	0.67638	1	0.48359	0.54327	12.06289	1.01178	1	0.74610	0.56688	13.08707	1.01178	1	-0.00410	-0.01017	0.65851	0.00301	1	0.06183	-0.01478	0.65917	0.00320	1	1.45898	0.81042	0	
1251926	8444.01074	3305239704792	0.56453	0.65739	8443.85059	0.16016	11363	1	0.56874	0.65062	1	0.52034	0.70215	1	0.54454	0.67638	1	0.48511	0.54182	11.02016	1.01178	1	0.74776	0.56663	13.60226	1.01178	1	-0.00404	-0.01052	0.69092	0.00366	1	0.06183	-0.01464	0.65710	0.00334	1	1.45898	0.81042	0	
1251927	8444.01758	3305239772072	0.56592	0.65686	8443.85059	0.16699	11363	1	0.63471	0.59829	1	0.56664	0.68934	1	0.60067	0.64382	1	0.48552	0.54231	11.63542	1.01980	1	0.74806	0.56631	13.04366	1.01980	1	-0.00404	-0.01052	0.69092	0.00325	1	0.06183	-0.01464	0.65710	0.00336	1	1.45898	0.81042	0	
1251928	8444.02441	3305239837355	0.56694	0.65641	8443.85059	0.17383	11363	1	0.61837	0.59499	1	0.56847	0.69420	1	0.59342	0.64460	1	0.48607	0.54182	12.53357	1.02781	1	0.74802	0.56593	13.00931	1.02781	1	-0.00404	-0.01052	0.69092	0.00312	1	0.06183	-0.01464	0.65710	0.00326	1	1.45898	0.81042	0	
1251929	8444.03125	3305239903590	0.56792	0.65577	8443.85059	0.18066	11363	1	0.61815	0.59047	1	0.57047	0.68638	1	0.59431	0.63843	1	0.48766	0.54160	12.30755	1.03583	1	0.74963	0.56593	12.93781	1.04349	1	-0.00353	-0.01013	0.67175	0.00328	1	0.06486	-0.01517	0.68546	0.00362	1	1.45898	0.81042	0	
1251930	8444.03809	3305239973943	0.57127	0.65441	8443.85059	0.18750	11363	1	0.69693	0.56665	1	0.63336	0.66635	1	0.66515	0.61650	1	0.48760	0.54148	12.63207	1.04349	1	0.74990	0.56573	13.23527	1.05115	1	-0.00353	-0.01013	0.67175	0.00336	1	0.06486	-0.01517	0.68546	0.00342	1	1.45898	0.81042	0	
1251931	8444.04395	3305240038593	0.57433	0.65300	8443.85059	0.19336	11363	1	0.70688	0.54643	1	0.61907	0.67753	1	0.66298	0.61198	1	0.48763	0.54152	12.50554	1.05115	1	0.74958	0.56582	12.90498	1.05881	1	-0.00353	-0.01013	0.67175	0.00338	1	0.06486	-0.01517	0.68546	0.00350	1	1.45898	0.81042	0	
1251932	8444.05176	3305240109122	0.57722	0.65154	8443.85059	0.20117	11363	1	0.70727	0.54188	1	0.62037	0.67368	1	0.66382	0.60778	1	0.48774	0.54156	12.46886	1.05881	1	0.74961	0.56630	13.24702	1.06647	1	-0.00357	-0.01021	0.68058	0.00338	1	0.06486	-0.01517	0.68546	0.00351	1	1.45898	0.81042	0	
1251933	8444.05859	3305240176253	0.60419	0.63888	8443.85059	0.20117	11363	0	0.70840	0.55633	1	0.63472	0.70356	1	0.67156	0.62994	1	0.48759	0.54159	12.87725	1.06647	1	0.74975	0.56628	13.27822	1.06647	1	-0.00357	-0.01021	0.68058	0.00329	1	0.06486	-0.01517	0.68546	0.00360	1	1.45898	0.81042	0	
1251934	8444.06445	3305240242765	0.63647	0.62941	8443.85059	0.20117	11363	0	0.71024	0.54181	1	0.62725	0.69808	1	0.66875	0.61994	1	0.48766	0.54124	12.70176	1.06647	1	0.74967	0.56602	12.92685	1.06647	1	-0.00357	-0.01021	0.68058	0.00352	1	0.06486	-0.01517	0.68546	0.00357	1	1.45898	0.81042	0	
1251935	8444.07129	3305240309469	0.64723	0.62625	8443.85059	0.20117	11363	0	0.71024	0.54181	1	0.62725	0.69808	1	0.66875	0.61994	1	0.48778	0.54111	12.19225	1.06647	1	0.74989	0.56612	13.08488	1.06647	1	-0.00357	-0.01021	0.68058	0.00354	1	0.06486	-0.01517	0.68546	0.00360	1	1.45898	0.81042	0	
1251936	8444.07812	3305240376929	0.65099	0.62111	8444.05859	0.01953	11364	1	0.68845	0.52521	1	0.63607	0.68614	1	0.66226	0.60568	1	0.48763	0.54142	12.69457	1.06647	1	0.74978	0.56601	13.30623	1.06647	1	-0.00357	-0.01021	0.68058	0.00339	1	0.06486	-0.01517	0.68546	0.00360	1	1.45898	0.81042	0	
1251937	8444.08496	3305240443411	0.65356	0.61462	8444.05859	0.02637	11364	1	0.69481	0.48381	1	0.63296	0.69350	1	0.66388	0.58866	1	0.48770	0.54106	12.42781	1.06647	1	0.74982	0.56617	13.11369	1.06647	1	-0.00357	-0.01021	0.68058	0.00357	1	0.06486	-0.01517	0.68546	0.00363	1	1.45898	0.81042	0	
1251938	8444.09180	3305240510818	0.65528	0.61029	8444.05859	0.03320	11364	1	0.69481	0.48381	1	0.63296	0.69350	1	0.66388	0.58866	1	0.48767	0.54103	12.69497	1.06647	1	0.74977	0.56590	12.65923	1.06647	1	-0.00353	-0.01003	0.67176	0.00358	1	0.06486	-0.01517	0.68546	0.00378	1	1.45898	0.81042	0	
1251939	8444.09863	3305240577673	0.65521	0.60558	8444.05859	0.04004	11364	1	0.67399	0.48449	1	0.63560	0.67016	1	0.65479	0.57733	1	0.48728	0.54101	12.14703	1.06647	1	0.74986	0.56587	13.35177	1.06647	1	-0.00353	-0.01003	0.67176	0.00347	1	0.06486	-0.01517	0.68546	0.00349	1	1.45898	0.81042	0	
1251940	8444.10449	3305240643104	0.65579	0.60313	8444.05859	0.04590	11364	1	0.69526	0.52345	1	0.62431	0.64845	1	0.65979	0.58595	1	0.48749	0.54122	12.73452	1.06647	1	0.74970	0.56560	12.92151	1.06647	1	-0.00353	-0.01003	0.67176	0.00339	1	0.06486	-0.01517	0.68546	0.00349	1	1.45898	0.81042	0	
1251941	8444.11133	3305240711347	0.65623	0.60122	8444.05859	0.05273	11364	1	0.69526	0.52345	1	0.62431	0.64845	1	0.65979	0.58595	1	0.48727	0.54122	12.47087	1.06647	1	0.74970	0.56547	13.24309	1.06647	1	-0.00353	-0.00998	0.67175	0.00343	1	0.06486	-0.01517	0.68546	0.00348	1	1.45898	0.81042	0	
1251942	8444.11816	3305240778725	0.65536	0.59873	8444.05859	0.05957	11364	1	0.66920	0.52219	1	0.62587	0.63052	1	0.64753	0.57635	1	0.48723	0.54117	12.50554	1.06647	1	0.74970	0.56547	13.24309	1.06647	1	-0.00353	-0.00998	0.67175	0.00332	1	0.06486	-0.01517	0.68546	0.00348	1	1.45898	0.81042	0	
1251943	8444.12500	3305240845165	0.65604	0.59597	8444.05859	0.06641	11364	1	0.69775	0.50569	1	0.62799	0.63093	1	0.66287	0.56831	1	0.48712	0.54115	12.19834	1.06647	1	0.74976	0.56534	13.12310	1.06647	1	-0.00353	-0.00998	0.67175	0.00337	1	0.06486	-0.01517	0.68546	0.00356	1	1.45898	0.81042	0	
1251944	8444.13184	3305240912609	0.65661	0.59366	8444.05859	0.07324	11364	1	0.69775	0.50569	1	0.62799	0.63093	1	0.66287	0.56831	1	0.48732	0.54121	12.44863	1.06647	1	0.74964	0.56493	12.87838	1.06647	1	-0.00369	-0.01009	0.68323	0.00338	1	0.06649	-0.01539	0.70259	0.00370	1	1.45898	0.81042	0	
1251945	8444.13867	3305240979577	0.65779	0.59330	8444.05859	0.08008	11364	1	0.69234	0.51411	1	0.65146	0.66372	1	0.67190	0.58891	1	0.48728	0.54104	12.27013	1.06647	1	0.74969	0.56524	13.14559	1.06647	1	-0.00369	-0.01009	0.68323	0.00331	1	0.06649	-0.01539	0.70259	0.00355	1	1.45898	0.81042	0	
1251946	8444.14551	3305241046264	0.65928	0.59229	8444.05859	0.08691	11364	1	0.70863	0.54664	1	0.64881	0.61186	1	0.67872	0.57925	1	0.48726	0.54109	12.41116	1.06647	1	0.74955	0.56513	13.06099	1.06647	1	-0.00369	-0.01009	0.68323	0.00334	1	0.06649	-0.01539	0.70259	0.00354	1	1.45898	0.81042	0	
1251947	8444.15234	3305241113777	0.66051	0.59173	8444.05859	0.09375	11364	1	0.70822	0.55133	1	0.64724	0.61637	1	0.67773	0.58385	1	0.48749	0.54124	12.93177	1.05845	1	0.74977	0.56543	13.30923	1.05845	1	-0.00364	-0.00986	0.66429	0.00331	1	0.06649	-0.01539	0.70259	0.00361	1	1.45898	0.81042	0	
1251948	8444.15820	3305241180212	0.66172	0.59142	8444.05859	0.09961	11364	1	0.71229	0.49911	1	0.64719	0.67454	1	0.67974	0.58683	1	0.48760	0.54089	12.51346	1.05043	1	0.74971	0.56531	13.23595	1.05043	1	-0.00364	-0.00986	0.66429	0.00320	1	0.06649	-0.01539	0.70259	0.00356	1	1.45898	0.81042	0	
1251949	8444.16504	3305241247532	0.66308	0.59164	8444.05859	0.10645	11364	1	0.71528	0.54615	1	0.65470	0.64393	1	0.68499	0.59504	1	0.48762	0.54092	12.58745	1.04242	1	0.74981	0.56543	12.79752	1.04242	1	-0.00364	-0.00986	0.66429	0.00319	1	0.06649	-0.01539	0.70259	0.00362	1	1.45898	0.81042	0	
1251950	8444.17188	3305241314063	0.66424	0.59208	8444.05859	0.11328	11364	1	0.71482	0.55095	1	0.65305	0.64830	1	0.68393	0.59963	1	0.48727	0.54029	12.46396	1.03440	1	0.74938	0.56493	12.49601	1.03440	1	-0.00358	-0.00967	0.65444	0.00321	1	0.06649	-0.01539	0.70259	0.00353	1	1.45898	0.81042	0	
1251951	8444.17871	3305241381472	0.66490	0.59263	8444.05859	0.12012	11364	1	0.70098	0.54293	1	0.65238	0.66189	1	0.67668	0.60241	1	0.48717	0.54017	12.19571	1.03440	1	0.74945	0.56497	12.59415	1.03440	1	-0.00358	-0.00967	0.65444	0.00332	1	0.06649	-0.01539	0.70259	0.00358	1	1.45898	0.81042	0	
1251952	8444.18555	3305241448440	0.66572	0.59282	8444.05859	0.12695	11364	1	0.70481	0.53536	1	0.65784	0.65779	1	0.68132	0.59658	1	0.48714	0.54033	12.47744	1.03440	1	0.74960	0.56510	12.96754	1.03440	1	-0.00358	-0.00967	0.65444	0.00325	1	0.06649	-0.01539	0.70259	0.00349	1	1.45898	0.81042	0	
1251953	8444.19238	3305241515574	0.66651	0.59278	8444.05859	0.13379	11364	1	0.70520	0.53043	1	0.65953	0.65349	1	0.68236	0.59196	1	0.48712	0.54042	12.47582	1.04242	1	0.74963	0.56503	13.25642	1.04242	1	-0.00381	-0.01016	0.68735	0.00322	1	0.06486	-0.01496	0.68546	0.00351	1	1.45898	0.81042	0	
1251954	8444.19824	3305241578303	0.66736	0.59209	8444.05859	0.13965	11364	1	0.70324	0.54081	1	0.66703	0.61443	1	0.68513	0.57762	1	0.48694	0.54056	11.69444	1.05043	1	0.74963	0.56514	12.96808	1.05043	1	-0.00381	-0.01016	0.68735	0.00335	1	0.06486	-0.01496	0.68546	0.00351	1	1.45898	0.81042	0	
1251955	8444.20508	3305241647594	0.66829	0.59069	8444.05859	0.14648	11364	1	0.70321	0.49700	1	0.67458	0.62273	1	0.68890	0.55986	1	0.48685	0.54058	12.17119	1.05845	1	0.74970	0.56517	12.88614	1.05845	1	-0.00381	-0.01016	0.68735	0.00335	1	0.06486	-0.01496	0.68546	0.00353	1	1.45898	0.81042	0	
1251956	8444.21191	3305241716260	0.66913	0.58938	8444.05859	0.15332	11364	1	0.70358	0.49189	1	0.67316	0.62633	1	0.68837	0.55911	1	0.48685	0.54076	12.17597	1.06647	1	0.74946	0.56564	13.19246	1.05200	1	-0.00381	-0.01016	0.68735	0.00322	1	0.06024	-0.01396	0.63767	0.00350	1	1.45898	0.81042	0	
1251957	8444.21875	3305241783500	0.66950	0.58969	8444.05859	0.16016	11364	1	0.69418	0.53919	1	0.66263	0.65504	1	0.67841	0.59711	1	0.48679	0.54074	12.00205	1.05200	1	0.74959	0.56552	13.07609	1.03753	1	-0.00381	-0.01016	0.68735	0.00323	1	0.06024	-0.01396	0.63767	0.00351	1	1.45898	0.81042	0	
1251958	8444.22559	3305241848660	0.66990	0.58971	8444.05859	0.16699	11364	1	0.70198	0.52877	1	0.65796	0.65202	1	0.67997	0.59040	1	0.48664	0.54082	12.22422	1.03753	1	0.74951	0.56536	13.03100	1.02306	1	-0.00381	-0.01016	0.68735	0.00327	1	0.06024	-0.01396	0.63767	0.00352	1	1.45898	0.81042	0	
1251959	8444.23242	3305241917345	0.67026	0.58990	8444.05859	0.17383	11364	1	0.70132	0.53774	1	0.65796	0.65202	1	0.67964	0.59488	1	0.48698	0.54061	12.21162	1.02306	1	0.74962	0.56516	13.31909	1.02306	1	-0.00381	-0.01016	0.68735	0.00336	1	0.06486	-0.01496	0.68546	0.00354	1	1.45898	0.81042	0	
1251960	8444.23926	3305241984225	0.67029	0.58946	8444.05859	0.18066	11364	1	0.69369	0.51477	1	0.64825	0.64034	1	0.67097	0.57756	1	0.48737	0.54004	12.44807	1.02306	1	0.74971	0.56431	12.76749	1.03753	1	-0.00381	-0.01016	0.68735	0.00356	1	0.06486	-0.01496	0.68546	0.00341	1	1.45898	0.81042	0	
1251961	8444.24609	3305242051384	0.67031	0.58915	8444.05859	0.18750	11364	1	0.69671	0.52851	1	0.64516	0.63212	1	0.67094	0.58031	1	0.48741	0.54024	12.44977	1.03753	1	0.74964	0.56437	12.70900	1.05200	1	-0.00381	-0.01016	0.68735	0.00339	1	0.06486	-0.01496	0.68546	0.00350	1	1.45898	0.81042	0	
1251962	8444.25195	3305242118284	0.67039	0.58857	8444.05859	0.19336	11364	1	0.69731	0.51954	1	0.64798	0.62415	1	0.67265	0.57184	1	0.48806	0.53965	13.05005	1.05200	1	0.75046	0.56339	13.01017	1.06647	1	-0.00353	-0.00977	0.67175	0.00347	1	0.06649	-0.01518	0.70259	0.00401	1	1.45898	0.81042	0	
1251963	8444.25879	3305242183219	0.67163	0.58729	8444.05859	0.20020	11364	1	0.74144	0.49152	1	0.67605	0.60625	1	0.70875	0.54889	1	0.48798	0.53964	13.06941	1.06647	1	0.75011	0.56365	13.44981	1.06647	1	-0.00353	-0.00977	0.67175	0.00350	1	0.06649	-0.01518	0.70259	0.00394	1	1.45898	0.81042	0	
1251964	8444.26562	3305242251928	0.67325	0.58636	8444.05859	0.20703	11364	1	0.75149	0.50269	1	0.69543	0.61235	1	0.72346	0.55752	1	0.48816	0.53987	12.71629	1.06647	1	0.75040	0.56366	13.31043	1.06647	1	-0.00353	-0.00977	0.67175	0.00350	1	0.06649	-0.01518	0.70259	0.00403	1	1.45898	0.81042	0	
1251965	8444.27246	3305242319326	0.67470	0.58570	8444.05859	0.21387	11364	1	0.75081	0.50770	1	0.69169	0.62121	1	0.72125	0.56446	1	0.48807	0.53912	12.54965	1.05845	1	0.75037	0.56404	13.32310	1.05079	1	-0.00348	-0.00951	0.65333	0.00357	1	0.06212	-0.01414	0.65696	0.00400	1	1.45898	0.81042	0	
1251966	8444.27930	3305242386193	0.67559	0.58547	8444.05859	0.22070	11364	1	0.71976	0.51691	1	0.69004	0.63891	1	0.70490	0.57791	1	0.48784	0.53961	12.97538	1.04277	1	0.75046	0.56374	13.44891	1.03511	1	-0.00348	-0.00951	0.65333	0.00347	1	0.06212	-0.01414	0.65696	0.00398	1	1.45898	0.81042	0	
1251967	8444.28516	3305242451432	0.67679	0.58449	8444.05859	0.22656	11364	1	0.74880	0.46619	1	0.68643	0.63636	1	0.71762	0.55127	1	0.48792	0.53964	12.23308	1.02710	1	0.75043	0.56375	13.14025	1.01944	1	-0.00348	-0.00951	0.65333	0.00378	1	0.06212	-0.01414	0.65696	0.00394	1	1.45898	0.81042	0	
1251968	8444.29297	3305242520242	0.67792	0.58364	8444.05859	0.23438	11364	1	0.74814	0.47143	1	0.68643	0.63636	1	0.71729	0.55389	1	0.48766	0.53980	12.46421	1.01944	1	0.74999	0.56417	13.37617	1.01944	1	-0.00376	-0.00986	0.67736	0.00355	1	0.06424	-0.01469	0.68000	0.00377	1	1.45898	0.81042	0	
1251969	8444.29883	3305242587280	0.67893	0.58385	8444.05859	0.24023	11364	1	0.73606	0.51117	1	0.69523	0.67142	1	0.71564	0.59129	1	0.48768	0.53982	12.39151	1.02745	1	0.75012	0.56415	13.55452	1.03511	1	-0.00376	-0.00986	0.67736	0.00353	1	0.06424	-0.01469	0.68000	0.00373	1	1.45898	0.81042	0	
1251970	8444.30566	3305242653834	0.67997	0.58412	8444.05859	0.24707	11364	1	0.74368	0.49975	1	0.69321	0.68867	1	0.71844	0.59421	1	0.48759	0.53983	12.28314	1.04313	1	0.75008	0.56435	13.35979	1.05079	1	-0.00376	-0.00986	0.67736	0.00352	1	0.06424	-0.01469	0.68000	0.00382	1	1.45898	0.81042	0	
1251971	8444.31250	3305242721491	0.70509	0.57150	8444.05859	0.24707	11364	0	0.74494	0.48968	1	0.69350	0.68806	1	0.71922	0.58887	1	0.48764	0.53963	12.48821	1.05881	1	0.75011	0.56375	12.83312	1.05200	1	-0.00376	-0.00986	0.67736	0.00364	1	0.06114	-0.01393	0.64719	0.00388	1	1.45898	0.81042	0	
1251972	8444.31934	3305242788341	0.70791	0.56430	8444.05859	0.24707	11364	0	0.73354	0.47735	1	0.68793	0.63686	1	0.71074	0.55710	1	0.48761	0.53978	12.65694	1.05200	1	0.75001	0.56386	13.06289	1.03753	1	-0.00376	-0.00986	0.67736	0.00364	1	0.06114	-0.01393	0.64719	0.00385	1	1.45898	0.81042	0	
1251973	8444.32617	3305242854926	0.70560	0.55591	8444.05859	0.24707	11364	0	0.73308	0.47152	1	0.66886	0.60675	1	0.70097	0.53914	1	0.48752	0.53963	12.61632	1.03753	1	0.74974	0.56341	13.71463	1.02306	1	-0.00376	-0.00986	0.67736	0.00368	1	0.06114	-0.01393	0.64719	0.00374	1	1.45898	0.81042	0	
1251974	8444.33301	3305242922052	0.70410	0.55350	8444.31250	0.02051	11365	1	0.73205	0.48126	1	0.66715	0.61129	1	0.69960	0.54628	1	0.48733	0.53981	12.57266	1.02306	1	0.74988	0.56348	13.27289	1.01540	1	-0.00376	-0.00986	0.67736	0.00366	1	0.06175	-0.01413	0.65418	0.00377	1	1.45898	0.81042	0	
1251975	8444.33984	3305242989031	0.70591	0.55345	8444.31250	0.02734	11365	1	0.74141	0.48708	1	0.68487	0.61942	1	0.71314	0.55325	1	0.48733	0.53973	12.57182	1.01540	1	0.75002	0.56366	13.22987	1.02221	1	-0.00376	-0.00986	0.67736	0.00368	1	0.06175	-0.01413	0.65418	0.00379	1	1.45898	0.81042	0	
1251976	8444.34570	3305243055738	0.70537	0.55154	8444.31250	0.03320	11365	1	0.72914	0.47314	1	0.67621	0.61082	1	0.70268	0.54198	1	0.48730	0.53940	12.24680	1.02221	1	0.74986	0.56346	13.55117	1.02902	1	-0.00376	-0.00986	0.67736	0.00388	1	0.06175	-0.01413	0.65418	0.00376	1	1.45898	0.81042	0	
1251977	8444.35254	3305243123016	0.70496	0.55029	8444.31250	0.04004	11365	1	0.72906	0.47397	1	0.67593	0.61153	1	0.70250	0.54275	1	0.48735	0.53946	12.26488	1.02100	1	0.74972	0.56358	13.04772	1.02781	1	-0.00372	-0.00963	0.66183	0.00379	1	0.06221	-0.01419	0.65901	0.00375	1	1.45898	0.81042	0	
1251978	8444.35938	3305243189922	0.70486	0.54722	8444.31250	0.04688	11365	1	0.73524	0.45053	1	0.67307	0.60094	1	0.70415	0.52573	1	0.48724	0.53926	12.36326	1.01980	1	0.74982	0.56345	13.05017	1.01980	1	-0.00372	-0.00963	0.66183	0.00374	1	0.06221	-0.01419	0.65901	0.00371	1	1.45898	0.81042	0	
1251979	8444.36621	3305243256679	0.70372	0.54817	8444.31250	0.05371	11365	1	0.73194	0.49242	1	0.65727	0.61921	1	0.69461	0.55581	1	0.48729	0.53962	12.41475	1.01178	1	0.74950	0.56343	12.97658	1.01178	1	-0.00372	-0.00963	0.66183	0.00364	1	0.06221	-0.01419	0.65901	0.00371	1	1.45898	0.81042	0	
1251980	8444.37305	3305243324085	0.70267	0.54966	8444.31250	0.06055	11365	1	0.73084	0.50256	1	0.65566	0.62360	1	0.69325	0.56308	1	0.48726	0.53922	12.03435	0.99664	1	0.74925	0.56349	13.57155	1.00430	1	-0.00367	-0.00938	0.64472	0.00372	1	0.06503	-0.01484	0.68940	0.00370	1	1.45898	0.81042	0	
1251981	8444.37988	3305243390961	0.70154	0.55023	8444.31250	0.06738	11365	1	0.73327	0.48121	1	0.64707	0.63052	1	0.69017	0.55587	1	0.48731	0.53912	11.96374	0.99717	1	0.74945	0.56361	13.57393	1.00483	1	-0.00367	-0.00938	0.64472	0.00369	1	0.06503	-0.01484	0.68940	0.00368	1	1.45898	0.81042	0	
1251982	8444.38672	3305243457718	0.70019	0.55105	8444.31250	0.07422	11365	1	0.72197	0.48186	1	0.64875	0.63845	1	0.68536	0.56015	1	0.48715	0.53935	11.97967	0.99770	1	0.74940	0.56352	13.49270	1.00536	1	-0.00367	-0.00938	0.64472	0.00365	1	0.06503	-0.01484	0.68940	0.00367	1	1.45898	0.81042	0	
1251983	8444.39258	3305243524941	0.69913	0.55138	8444.31250	0.08008	11365	1	0.72246	0.47657	1	0.65034	0.63408	1	0.68640	0.55533	1	0.48725	0.53929	12.07971	1.00536	1	0.74953	0.56354	12.99219	1.01302	1	-0.00381	-0.00961	0.66072	0.00367	1	0.06297	-0.01442	0.66756	0.00373	1	1.45898	0.81042	0	
1251984	8444.39941	3305243589754	0.69887	0.55213	8444.31250	0.08691	11365	1	0.73743	0.47541	1	0.65358	0.64823	1	0.69551	0.56182	1	0.48731	0.53954	12.55153	1.02015	1	0.74955	0.56372	13.57658	1.02015	1	-0.00381	-0.00961	0.66072	0.00360	1	0.06297	-0.01442	0.66756	0.00368	1	1.45898	0.81042	0	
1251985	8444.40625	3305243655002	0.69873	0.55485	8444.31250	0.09375	11365	1	0.73533	0.52374	1	0.65827	0.66227	1	0.69680	0.59301	1	0.48724	0.53998	12.91859	1.02727	1	0.74957	0.56392	13.27244	1.02727	1	-0.00381	-0.00961	0.66072	0.00341	1	0.06297	-0.01442	0.66756	0.00385	1	1.45898	0.81042	0	
1251986	8444.41309	3305243722988	0.69867	0.55698	8444.31250	0.10059	11365	1	0.73586	0.51925	1	0.65979	0.65846	1	0.69783	0.58886	1	0.48697	0.53965	12.13159	1.03440	1	0.74946	0.56372	13.44912	1.03440	1	-0.00378	-0.00957	0.65421	0.00348	1	0.06297	-0.01442	0.66756	0.00379	1	1.45898	0.81042	0	
1251987	8444.41895	3305243789334	0.69855	0.55637	8444.31250	0.10645	11365	1	0.72997	0.45894	1	0.66314	0.63422	1	0.69655	0.54658	1	0.48684	0.53954	11.69285	1.03440	1	0.74959	0.56364	13.34029	1.03440	1	-0.00378	-0.00957	0.65421	0.00376	1	0.06297	-0.01442	0.66756	0.00398	1	1.45898	0.81042	0	
1251988	8444.42676	3305243857868	0.70077	0.55210	8444.31250	0.11426	11365	1	0.74865	0.41110	1	0.72827	0.54789	1	0.73846	0.47949	1	0.48681	0.53882	11.91020	1.03440	1	0.74989	0.56322	12.83077	1.03440	1	-0.00378	-0.00957	0.65421	0.00382	1	0.06297	-0.01442	0.66756	0.00406	1	1.45898	0.81042	0	
1251989	8444.43262	3305243924118	0.70275	0.54827	8444.31250	0.12012	11365	1	0.74865	0.41110	1	0.72827	0.54789	1	0.73846	0.47949	1	0.48491	0.53971	12.11191	1.03440	1	0.74723	0.56313	13.18320	1.03440	1	-0.00414	-0.00972	0.66481	0.00340	1	0.06291	-0.01447	0.67009	0.00361	1	1.45898	0.81042	0	
1251990	8444.43945	3305243991038	0.70039	0.54743	8444.31250	0.12695	11365	1	0.64810	0.51941	1	0.66318	0.54343	1	0.65564	0.53142	1	0.48352	0.54013	12.97661	1.03440	1	0.74724	0.56325	12.96463	1.03440	1	-0.00414	-0.00972	0.66481	0.00337	1	0.06291	-0.01447	0.67009	0.00380	1	1.45898	0.81042	0	
1251991	8444.44629	3305244060135	0.70361	0.54851	8444.31250	0.13379	11365	1	0.75194	0.50164	1	0.78403	0.63833	1	0.76798	0.56998	1	0.48368	0.53991	13.17570	1.03440	1	0.74766	0.56316	14.16604	1.03440	1	-0.00414	-0.00972	0.66481	0.00309	1	0.06291	-0.01447	0.67009	0.00393	1	1.45898	0.81042	0	
1251992	8444.45312	3305244125148	0.70656	0.54936	8444.31250	0.14062	11365	1	0.75265	0.49647	1	0.78414	0.63812	1	0.76840	0.56730	1	0.47868	0.53921	11.83383	1.04242	1	0.74126	0.56226	13.44826	1.03476	1	-0.00518	-0.00985	0.67718	0.00370	1	0.06061	-0.01409	0.65454	0.00376	1	1.45898	0.81042	0	
1251993	8444.45996	3305244192382	0.69862	0.54696	8444.31250	0.14746	11365	1	0.51831	0.47639	1	0.52987	0.51188	1	0.52409	0.49414	1	0.47782	0.53944	11.78397	1.04277	1	0.74103	0.56216	12.45371	1.03511	1	-0.00518	-0.00985	0.67718	0.00365	1	0.06061	-0.01409	0.65454	0.00345	1	1.45898	0.81042	0	
1251994	8444.46680	3305244260921	0.69287	0.54302	8444.31250	0.15430	11365	1	0.53930	0.48365	1	0.58160	0.42141	1	0.56045	0.45253	1	0.47745	0.53922	11.38336	1.04313	1	0.74113	0.56113	13.03688	1.03547	1	-0.00518	-0.00985	0.67718	0.00355	1	0.06061	-0.01409	0.65454	0.00331	1	1.45898	0.81042	0	
1251995	8444.47363	3305244327484	0.68758	0.53971	8444.31250	0.16113	11365	1	0.54071	0.49350	1	0.58062	0.42684	1	0.56066	0.46017	1	0.47436	0.54016	12.18085	1.02835	1	0.73652	0.56185	13.08328	1.02835	1	-0.00543	-0.00951	0.64711	0.00381	1	0.06157	-0.01434	0.67307	0.00369	1	1.45898	0.81042	0	
1251996	8444.47949	3305244393687	0.64465	0.51473	8444.31250	0.16113	11365	0	0.32781	0.32223	1	0.33328	0.50531	1	0.33055	0.41377	1	0.47326	0.53775	10.91018	1.01320	1	0.73620	0.56193	13.23625	1.02086	1	-0.00543	-0.00951	0.64711	0.00243	1	0.06157	-0.01434	0.67307	0.00357	1	1.45898	0.81042	0	
1251997	8444.48730	3305244463641	0.50652	0.52125	8444.31250	0.16113	11365	0	0.39295	0.55318	1	0.34383	0.50235	1	0.36839	0.52777	1	0.47399	0.54034	11.87930	1.00572	1	0.73638	0.56197	13.37902	1.01338	1	-0.00543	-0.00951	0.64711	0.00354	1	0.06157	-0.01434	0.67307	0.00354	1	1.45898	0.81042	0	
1251998	8444.49316	3305244529583	0.46050	0.52350	8444.31250	0.16113	11365	0	0.39303	0.55341	1	0.34386	0.50260	1	0.36845	0.52800	1	0.47374	0.53998	11.81176	1.00536	1	0.73611	0.56221	12.47302	1.01302	1	-0.00567	-0.00973	0.66876	0.00363	1	0.06190	-0.01449	0.67777	0.00358	1	1.45898	0.81042	0	
1251999	8444.50000	3305244597685	0.35546	0.48941	8444.31250	0.16113	11365	0	0.32507	0.33033	1	0.33401	0.49456	1	0.32954	0.41245	1	0.47320	0.53771	11.33683	1.02015	1	0.73620	0.56197	12.22014	1.02015	1	-0.00567	-0.00973	0.66876	0.00235	1	0.06190	-0.01449	0.67777	0.00363	1	1.45898	0.81042	0	
1252000	8444.50684	3305244662293	0.34436	0.44374	8444.31250	0.16113	11365	0	0.31810	0.31966	1	0.34843	0.47648	1	0.33326	0.39807	1	0.47308	0.53767	11.27273	1.02727	1	0.73642	0.56188	12.60308	1.02727	1	-0.00567	-0.00973	0.66876	0.00233	1	0.06190	-0.01449	0.67777	0.00361	1	1.45898	0.81042	0	
1252001	8444.51367	3305244727369	0.34023	0.42668	8444.31250	0.16113	11365	0	0.31611	0.31361	1	0.34785	0.47151	1	0.33198	0.39256	1	0.47313	0.53774	11.03323	1.03440	1	0.73597	0.56210	12.72488	1.03440	1	-0.00567	-0.00978	0.66876	0.00253	1	0.06261	-0.01466	0.68326	0.00360	1	1.45898	0.81042	0	
1252002	8444.52051	3305244796457	0.33654	0.41773	8444.50000	0.02051	11366	1	0.32620	0.31202	1	0.32471	0.46973	1	0.32545	0.39088	1	0.47327	0.53785	10.96557	1.03440	1	0.73605	0.56173	12.17940	1.03440	1	-0.00567	-0.00978	0.66876	0.00241	1	0.06261	-0.01466	0.68326	0.00364	1	1.45898	0.81042	0	
1252003	8444.52734	3305244865199	0.33312	0.41882	8444.50000	0.02734	11366	1	0.33134	0.32799	1	0.30754	0.51833	1	0.31944	0.42316	1	0.47324	0.53789	10.87631	1.03440	1	0.73580	0.56223	12.22433	1.03440	1	-0.00567	-0.00978	0.66876	0.00241	1	0.06261	-0.01466	0.68326	0.00359	1	1.45898	0.81042	0	
1252004	8444.53320	3305244931317	0.33084	0.41954	8444.50000	0.03320	11366	1	0.33134	0.32799	1	0.30754	0.51833	1	0.31944	0.42316	1	0.47304	0.53774	10.45183	1.03440	1	0.73598	0.56171	12.45949	1.03440	1	-0.00567	-0.00973	0.66876	0.00238	1	0.06145	-0.01433	0.67062	0.00366	1	1.45898	0.81042	0	
1252005	8444.54004	3305244997324	0.33025	0.41923	8444.50000	0.04004	11366	1	0.31509	0.34404	1	0.33836	0.49072	1	0.32672	0.41738	1	0.47304	0.53762	10.23415	1.03440	1	0.73628	0.56191	12.78198	1.03440	1	-0.00567	-0.00973	0.66876	0.00238	1	0.06145	-0.01433	0.67062	0.00350	1	1.45898	0.81042	0	
1252006	8444.54688	3305245065439	0.32757	0.41908	8444.50000	0.04688	11366	1	0.29821	0.34532	1	0.31940	0.49072	1	0.30881	0.41802	1	0.47312	0.53763	10.76509	1.03440	1	0.73636	0.56201	12.94955	1.03440	1	-0.00567	-0.00973	0.66876	0.00233	1	0.06145	-0.01433	0.67062	0.00352	1	1.45898	0.81042	0	
1252007	8444.55371	3305245133148	0.32531	0.41830	8444.50000	0.05371	11366	1	0.29584	0.33874	1	0.31854	0.48530	1	0.30719	0.41202	1	0.47337	0.53796	11.26899	1.04242	1	0.73652	0.56184	12.23554	1.04242	1	-0.00561	-0.00990	0.68055	0.00227	1	0.06145	-0.01444	0.67062	0.00381	1	1.45898	0.81042	0	
1252008	8444.56055	3305245199523	0.32225	0.41972	8444.50000	0.06055	11366	1	0.28365	0.35332	1	0.30576	0.51172	1	0.29471	0.43252	1	0.47337	0.53787	11.16579	1.05043	1	0.73658	0.56227	12.46481	1.05043	1	-0.00561	-0.00990	0.68055	0.00238	1	0.06145	-0.01444	0.67062	0.00358	1	1.45898	0.81042	0	
1252009	8444.56738	3305245266283	0.31928	0.41677	8444.50000	0.06738	11366	1	0.27702	0.33871	1	0.30227	0.43587	1	0.28964	0.38729	1	0.47327	0.53770	10.55107	1.05845	1	0.73646	0.56152	12.21991	1.05845	1	-0.00561	-0.00990	0.68055	0.00243	1	0.06145	-0.01444	0.67062	0.00395	1	1.45898	0.81042	0	
1252010	8444.57324	3305245332020	0.31667	0.41381	8444.50000	0.07324	11366	1	0.27456	0.33223	1	0.30130	0.43017	1	0.28793	0.38120	1	0.47351	0.53751	10.18253	1.06647	1	0.73689	0.56226	12.69704	1.06647	1	-0.00561	-0.00990	0.68055	0.00243	1	0.06145	-0.01444	0.67062	0.00362	1	1.45898	0.81042	0	
1252011	8444.58008	3305245400286	0.31847	0.42156	8444.50000	0.08008	11366	1	0.36201	0.52219	1	0.31822	0.50696	1	0.34011	0.51458	1	0.47467	0.54017	11.06210	1.06647	1	0.73683	0.56245	12.89141	1.06647	1	-0.00561	-0.00990	0.68055	0.00365	1	0.06145	-0.01444	0.67062	0.00351	1	1.45898	0.81042	0	
1252012	8444.58691	3305245466472	0.31723	0.41989	8444.50000	0.08691	11366	1	0.28882	0.30656	1	0.31329	0.49001	1	0.30106	0.39828	1	0.47349	0.53750	10.34357	1.06647	1	0.73671	0.56230	12.85531	1.06647	1	-0.00561	-0.00990	0.68055	0.00245	1	0.06145	-0.01444	0.67062	0.00360	1	1.45898	0.81042	0	
1252013	8444.59375	3305245534460	0.31629	0.41902	8444.50000	0.09375	11366	1	0.29117	0.31323	1	0.31502	0.50030	1	0.30310	0.40677	1	0.47381	0.53743	10.40846	1.05845	1	0.73661	0.56219	12.21037	1.05079	1	-0.00537	-0.00956	0.65731	0.00263	1	0.06088	-0.01427	0.66281	0.00370	1	1.45898	0.81042	0	
1252014	8444.60059	3305245601862	0.31579	0.41845	8444.50000	0.10059	11366	1	0.29947	0.32488	1	0.31729	0.49491	1	0.30838	0.40989	1	0.47367	0.53749	10.32328	1.04277	1	0.73671	0.56203	12.47993	1.03511	1	-0.00537	-0.00956	0.65731	0.00254	1	0.06088	-0.01427	0.66281	0.00364	1	1.45898	0.81042	0	
1252015	8444.60742	3305245668704	0.31644	0.42000	8444.50000	0.10742	11366	1	0.32844	0.35205	1	0.32524	0.53750	1	0.32684	0.44478	1	0.47364	0.53773	10.87781	1.02710	1	0.73681	0.56235	12.55937	1.01944	1	-0.00537	-0.00956	0.65731	0.00239	1	0.06088	-0.01427	0.66281	0.00359	1	1.45898	0.81042	0	
1252016	8444.61426	3305245735294	0.31708	0.42155	8444.50000	0.11426	11366	1	0.33053	0.35831	1	0.32524	0.53750	1	0.32788	0.44790	1	0.47209	0.53808	10.73256	1.01944	1	0.73538	0.56251	12.55440	1.01944	1	-0.00566	-0.00996	0.67443	0.00251	1	0.06145	-0.01444	0.67062	0.00359	1	1.45898	0.81042	0	
1252017	8444.62012	3305245801148	0.31449	0.42510	8444.50000	0.12012	11366	1	0.24452	0.41518	1	0.29113	0.56287	1	0.26783	0.48903	1	0.47218	0.53818	10.91878	1.02745	1	0.73563	0.56288	12.76651	1.03511	1	-0.00566	-0.00996	0.67443	0.00245	1	0.06145	-0.01444	0.67062	0.00358	1	1.45898	0.81042	0	
1252018	8444.62695	3305245869436	0.31184	0.42790	8444.50000	0.12695	11366	1	0.23389	0.41192	1	0.28908	0.55036	1	0.26148	0.48114	1	0.47203	0.53839	11.11085	1.04313	1	0.73548	0.56282	12.78260	1.05079	1	-0.00566	-0.00996	0.67443	0.00239	1	0.06145	-0.01444	0.67062	0.00362	1	1.45898	0.81042	0	
1252019	8444.63379	3305245936360	0.30928	0.43004	8444.50000	0.13379	11366	1	0.22842	0.40014	1	0.28800	0.54548	1	0.25821	0.47281	1	0.47231	0.53803	10.62240	1.05881	1	0.73566	0.56276	12.53733	1.05881	1	-0.00566	-0.00991	0.67443	0.00251	1	0.06010	-0.01415	0.65749	0.00362	1	1.45898	0.81042	0	
1252020	8444.64062	3305246003258	0.30715	0.43022	8444.50000	0.14062	11366	1	0.23135	0.37594	1	0.29342	0.49200	1	0.26238	0.43397	1	0.47213	0.53819	11.01802	1.05881	1	0.73559	0.56265	12.42979	1.05115	1	-0.00566	-0.00991	0.67443	0.00236	1	0.06010	-0.01415	0.65749	0.00365	1	1.45898	0.81042	0	
1252021	8444.64746	3305246070373	0.30550	0.43059	8444.50000	0.14746	11366	1	0.24018	0.37558	1	0.29834	0.50192	1	0.26926	0.43875	1	0.47220	0.53805	10.79367	1.05115	1	0.73569	0.56265	12.53643	1.04349	1	-0.00566	-0.00991	0.67443	0.00239	1	0.06010	-0.01415	0.65749	0.00358	1	1.45898	0.81042	0	
1252022	8444.65430	3305246137082	0.30405	0.43105	8444.50000	0.15430	11366	1	0.24278	0.38156	1	0.29834	0.50192	1	0.27056	0.44174	1	0.47227	0.53827	10.41599	1.04349	1	0.73551	0.56258	12.55050	1.04349	1	-0.00561	-0.01000	0.68055	0.00237	1	0.06145	-0.01444	0.67062	0.00373	1	1.45898	0.81042	0	
1252023	8444.66113	3305246203915	0.30161	0.43199	8444.50000	0.16113	11366	1	0.25254	0.37898	1	0.23395	0.53011	1	0.24325	0.45454	1	0.47234	0.53801	10.64484	1.04349	1	0.73536	0.56302	12.67257	1.05115	1	-0.00561	-0.01000	0.68055	0.00254	1	0.06145	-0.01444	0.67062	0.00382	1	1.45898	0.81042	0	
1252024	8444.66797	3305246271515	0.27820	0.44751	8444.50000	0.16113	11366	0	0.24392	0.38842	1	0.23451	0.50907	1	0.23921	0.44874	1	0.47233	0.53830	10.58485	1.05115	1	0.73543	0.56280	12.69902	1.05881	1	-0.00561	-0.01000	0.68055	0.00238	1	0.06145	-0.01444	0.67062	0.00378	1	1.45898	0.81042	0	
1252025	8444.67480	3305246338848	0.25875	0.44825	8444.50000	0.16113	11366	0	0.24404	0.38869	1	0.23458	0.50929	1	0.23931	0.44899	1	0.47251	0.53800	10.65074	1.05079	1	0.73754	0.56370	14.55610	1.05845	1	-0.00537	-0.00966	0.65731	0.00238	1	0.06145	-0.01444	0.67062	0.00409	1	1.45898	0.81042	0	
1252026	8444.68066	3305246405112	0.25974	0.44785	8444.50000	0.16113	11366	0	0.25331	0.37402	1	0.27014	0.52010	1	0.26172	0.44706	1	0.47247	0.53807	10.41232	1.05043	1	0.73596	0.56295	13.08194	1.05043	1	-0.00537	-0.00966	0.65731	0.00249	1	0.06145	-0.01444	0.67062	0.00368	1	1.45898	0.81042	0	
1252027	8444.68750	3305246471296	0.25466	0.44596	8444.66797	0.01953	11367	1	0.23008	0.39365	1	0.24874	0.48689	1	0.23941	0.44027	1	0.47245	0.53816	10.80398	1.04242	1	0.73564	0.56302	12.92609	1.04242	1	-0.00537	-0.00966	0.65731	0.00237	1	0.06145	-0.01444	0.67062	0.00375	1	1.45898	0.81042	0	
1252028	8444.69434	3305246538967	0.25254	0.44752	8444.66797	0.02637	11367	1	0.23542	0.40531	1	0.25270	0.50219	1	0.24406	0.45375	1	0.47266	0.53814	11.24684	1.02727	1	0.73599	0.56308	13.05624	1.01961	1	-0.00523	-0.00949	0.64578	0.00236	1	0.05994	-0.01412	0.65368	0.00362	1	1.45898	0.81042	0	
1252029	8444.70117	3305246606911	0.25255	0.45298	8444.66797	0.03320	11367	1	0.22974	0.40677	1	0.27548	0.55387	1	0.25261	0.48032	1	0.47267	0.53804	10.74183	1.01249	1	0.73598	0.56297	13.09350	1.00483	1	-0.00523	-0.00949	0.64578	0.00234	1	0.05994	-0.01412	0.65368	0.00358	1	1.45898	0.81042	0	
1252030	8444.70801	3305246673201	0.25331	0.45426	8444.66797	0.04004	11367	1	0.23503	0.41388	1	0.28075	0.50997	1	0.25789	0.46193	1	0.47267	0.53793	10.66215	0.99770	1	0.73602	0.56287	12.87169	0.99004	1	-0.00523	-0.00949	0.64578	0.00238	1	0.05994	-0.01412	0.65368	0.00359	1	1.45898	0.81042	0	
1252031	8444.71484	3305246740037	0.25380	0.45486	8444.66797	0.04688	11367	1	0.23490	0.41360	1	0.27954	0.50448	1	0.25722	0.45904	1	0.47277	0.53804	10.30534	0.99806	1	0.73606	0.56307	12.64161	0.99806	1	-0.00523	-0.00949	0.64578	0.00238	1	0.06304	-0.01484	0.68689	0.00362	1	1.45898	0.81042	0	
1252032	8444.72070	3305246805895	0.25429	0.45678	8444.66797	0.05273	11367	1	0.23963	0.41805	1	0.27672	0.52620	1	0.25817	0.47212	1	0.47275	0.53818	10.63359	1.01320	1	0.73605	0.56338	12.88843	1.02086	1	-0.00523	-0.00949	0.64578	0.00252	1	0.06304	-0.01484	0.68689	0.00366	1	1.45898	0.81042	0	
1252033	8444.72754	3305246874020	0.25461	0.45473	8444.66797	0.05957	11367	1	0.23438	0.36713	1	0.28064	0.50548	1	0.25751	0.43630	1	0.47292	0.53792	10.53031	1.03600	1	0.73618	0.56318	12.57594	1.04366	1	-0.00523	-0.00949	0.64578	0.00242	1	0.06304	-0.01484	0.68689	0.00363	1	1.45898	0.81042	0	
1252034	8444.73438	3305246941997	0.25436	0.45155	8444.66797	0.06641	11367	1	0.22644	0.34886	1	0.27737	0.49057	1	0.25191	0.41971	1	0.47293	0.53798	10.65949	1.05881	1	0.73600	0.56338	13.02667	1.06647	1	-0.00523	-0.00949	0.64578	0.00253	1	0.06158	-0.01452	0.66985	0.00355	1	1.45898	0.81042	0	
1252035	8444.74121	3305247008085	0.25402	0.44771	8444.66797	0.07324	11367	1	0.23177	0.36879	1	0.26873	0.44230	1	0.25025	0.40555	1	0.47302	0.53807	11.02111	1.06647	1	0.73603	0.56285	12.93546	1.06647	1	-0.00523	-0.00949	0.64578	0.00246	1	0.06158	-0.01452	0.66985	0.00379	1	1.45898	0.81042	0	
1252036	8444.74805	3305247074899	0.25462	0.44554	8444.66797	0.08008	11367	1	0.24298	0.33387	1	0.28054	0.50509	1	0.26176	0.41948	1	0.47308	0.53780	10.64616	1.06647	1	0.73604	0.56333	12.68116	1.06647	1	-0.00523	-0.00949	0.64578	0.00243	1	0.06158	-0.01452	0.66985	0.00354	1	1.45898	0.81042	0	
1252037	8444.75488	3305247142069	0.25513	0.44368	8444.66797	0.08691	11367	1	0.24298	0.33387	1	0.28054	0.50509	1	0.26176	0.41948	1	0.47312	0.53802	11.01673	1.06647	1	0.73634	0.56298	12.62537	1.06647	1	-0.00536	-0.00996	0.67428	0.00247	1	0.06158	-0.01452	0.66985	0.00352	1	1.45898	0.81042	0	
1252038	8444.76172	3305247208329	0.25701	0.44928	8444.66797	0.09375	11367	1	0.32952	0.57599	1	0.23711	0.47953	1	0.28332	0.52776	1	0.47453	0.54046	11.84646	1.06647	1	0.73629	0.56311	12.51118	1.06647	1	-0.00536	-0.00996	0.67428	0.00390	1	0.06158	-0.01452	0.66985	0.00355	1	1.45898	0.81042	0	
1252039	8444.76855	3305247275995	0.25617	0.44741	8444.66797	0.10059	11367	1	0.24205	0.37182	1	0.24512	0.46671	1	0.24358	0.41926	1	0.47310	0.53807	11.00238	1.06647	1	0.73633	0.56295	12.62668	1.06647	1	-0.00536	-0.00996	0.67428	0.00248	1	0.06158	-0.01452	0.66985	0.00353	1	1.45898	0.81042	0	
1252040	8444.77441	3305247343246	0.25543	0.44575	8444.66797	0.10645	11367	1	0.24205	0.37182	1	0.24512	0.46671	1	0.24358	0.41926	1	0.47326	0.53820	11.04505	1.06647	1	0.73626	0.56319	12.65274	1.06647	1	-0.00536	-0.00996	0.67428	0.00246	1	0.06158	-0.01452	0.66985	0.00363	1	1.45898	0.81042	0	
1252041	8444.78125	3305247410099	0.25538	0.44434	8444.66797	0.11328	11367	1	0.25800	0.36056	1	0.25112	0.48026	1	0.25456	0.42041	1	0.47332	0.53803	10.79178	1.06647	1	0.73655	0.56309	12.84718	1.06647	1	-0.00536	-0.00996	0.67428	0.00244	1	0.06158	-0.01452	0.66985	0.00377	1	1.45898	0.81042	0	
1252042	8444.78809	3305247475925	0.25548	0.44345	8444.66797	0.12012	11367	1	0.26348	0.37426	1	0.25112	0.48026	1	0.25730	0.42726	1	0.47350	0.53806	10.97966	1.06647	1	0.73655	0.56309	12.84718	1.06647	1	-0.00536	-0.00996	0.67428	0.00256	1	0.06158	-0.01452	0.66985	0.00377	1	1.45898	0.81042	0	
1252043	8444.79492	3305247543842	0.25560	0.44276	8444.66797	0.12695	11367	1	0.26348	0.37426	1	0.25240	0.48533	1	0.25794	0.42980	1	0.47485	0.54044	11.62534	1.06647	1	0.73670	0.56329	13.00406	1.05881	1	-0.00536	-0.00996	0.67428	0.00390	1	0.06067	-0.01424	0.65948	0.00361	1	1.45898	0.81042	0	
1252044	8444.80078	3305247607562	0.25681	0.44726	8444.66797	0.13281	11367	1	0.28898	0.57797	1	0.27281	0.49645	1	0.28090	0.53721	1	0.47477	0.54053	12.13152	1.05881	1	0.73675	0.56330	13.42953	1.05115	1	-0.00536	-0.00996	0.67428	0.00384	1	0.06067	-0.01424	0.65948	0.00358	1	1.45898	0.81042	0	
1252045	8444.80762	3305247675226	0.25821	0.45113	8444.66797	0.13965	11367	1	0.30472	0.56188	1	0.27053	0.50284	1	0.28762	0.53236	1	0.47479	0.54022	11.66663	1.05115	1	0.73679	0.56330	13.23887	1.04349	1	-0.00536	-0.00996	0.67428	0.00378	1	0.06067	-0.01424	0.65948	0.00358	1	1.45898	0.81042	0	
1252046	8444.81445	3305247741032	0.25956	0.45487	8444.66797	0.14648	11367	1	0.30698	0.56645	1	0.27170	0.50786	1	0.28934	0.53716	1	0.47477	0.54019	11.78509	1.04349	1	0.73680	0.56314	13.11395	1.03583	1	-0.00543	-0.01003	0.68256	0.00379	1	0.06067	-0.01434	0.65948	0.00366	1	1.45898	0.81042	0	
1252047	8444.82129	3305247809323	0.26056	0.45963	8444.66797	0.15332	11367	1	0.29535	0.59757	1	0.27192	0.54086	1	0.28363	0.56922	1	0.47463	0.54053	12.15615	1.03583	1	0.73671	0.56307	13.16673	1.03583	1	-0.00543	-0.01003	0.68256	0.00384	1	0.06067	-0.01434	0.65948	0.00364	1	1.45898	0.81042	0	
1252048	8444.82812	3305247875362	0.26115	0.46171	8444.66797	0.16016	11367	1	0.29402	0.58733	1	0.25656	0.43581	1	0.27529	0.51157	1	0.47457	0.54052	12.02567	1.03583	1	0.73649	0.56248	12.91759	1.03583	1	-0.00543	-0.01003	0.68256	0.00389	1	0.06067	-0.01434	0.65948	0.00396	1	1.45898	0.81042	0	
1252049	8444.83496	3305247943190	0.26170	0.46363	8444.66797	0.16699	11367	1	0.29402	0.58733	1	0.25656	0.43581	1	0.27529	0.51157	1	0.47350	0.53790	11.01521	1.03583	1	0.73704	0.56292	12.33665	1.03583	1	-0.00543	-0.01003	0.68256	0.00244	1	0.06008	-0.01415	0.65305	0.00381	1	1.45898	0.81042	0	
1252050	8444.84180	3305248010004	0.26109	0.46195	8444.66797	0.17383	11367	1	0.22923	0.37808	1	0.26120	0.45846	1	0.24522	0.41827	1	0.47352	0.53794	10.88987	1.03583	1	0.73666	0.56273	12.83682	1.03583	1	-0.00543	-0.01003	0.68256	0.00246	1	0.06008	-0.01415	0.65305	0.00389	1	1.45898	0.81042	0	
1252051	8444.84863	3305248078873	0.26168	0.46402	8444.66797	0.18066	11367	1	0.29127	0.58273	1	0.26392	0.45741	1	0.27760	0.52007	1	0.47461	0.54034	11.76164	1.03583	1	0.73664	0.56273	12.83171	1.03583	1	-0.00543	-0.01003	0.68256	0.00387	1	0.06008	-0.01415	0.65305	0.00397	1	1.45898	0.81042	0	
1252052	8444.85449	3305248143841	0.27181	0.49436	8444.66797	0.18066	11367	0	0.29127	0.58273	1	0.26270	0.45202	1	0.27698	0.51738	1	0.47481	0.54032	12.13953	1.03583	1	0.73705	0.56345	12.63862	1.04349	1	-0.00543	-0.01003	0.68256	0.00380	1	0.06301	-0.01488	0.68432	0.00363	1	1.45898	0.81042	0	
1252053	8444.86133	3305248210957	0.26825	0.46504	8444.66797	0.18066	11367	0	0.23992	0.37226	1	0.28949	0.49918	1	0.26470	0.43572	1	0.47369	0.53791	11.41933	1.04349	1	0.73710	0.56326	12.60487	1.05115	1	-0.00543	-0.01003	0.68256	0.00245	1	0.06301	-0.01488	0.68432	0.00361	1	1.45898	0.81042	0	
1252054	8444.86816	3305248280595	0.27341	0.49214	8444.66797	0.18066	11367	0	0.28937	0.59208	1	0.27805	0.50058	1	0.28371	0.54633	1	0.47470	0.54064	12.38743	1.05115	1	0.73710	0.56343	12.79148	1.05881	1	-0.00543	-0.01003	0.68256	0.00375	1	0.06301	-0.01488	0.68432	0.00353	1	1.45898	0.81042	0	
1252055	8444.87500	3305248347764	0.27654	0.50745	8444.85449	0.02051	11368	1	0.29168	0.59633	1	0.28023	0.51042	1	0.28596	0.55337	1	0.47479	0.54062	12.54120	1.04366	1	0.73671	0.56338	13.03716	1.04366	1	-0.00492	-0.00927	0.63075	0.00373	1	0.06067	-0.01434	0.65948	0.00365	1	1.45898	0.81042	0	
1252056	8444.88184	3305248414713	0.27529	0.49584	8444.85449	0.02734	11368	1	0.26896	0.38673	1	0.27157	0.51208	1	0.27026	0.44940	1	0.47357	0.53792	11.07174	1.02852	1	0.73668	0.56320	13.64007	1.02086	1	-0.00492	-0.00927	0.63075	0.00265	1	0.06067	-0.01434	0.65948	0.00358	1	1.45898	0.81042	0	
1252057	8444.88867	3305248481827	0.27445	0.49061	8444.85449	0.03418	11368	1	0.26863	0.40299	1	0.27186	0.52591	1	0.27025	0.46445	1	0.47363	0.53797	11.25102	1.00572	1	0.73674	0.56308	13.40223	0.99806	1	-0.00492	-0.00927	0.63075	0.00266	1	0.06067	-0.01434	0.65948	0.00362	1	1.45898	0.81042	0	
1252058	8444.89551	3305248548157	0.27403	0.48730	8444.85449	0.04102	11368	1	0.27118	0.40901	1	0.27186	0.52591	1	0.27152	0.46746	1	0.47308	0.53804	11.04119	0.99806	1	0.73678	0.56335	12.76079	0.99806	1	-0.00536	-0.00986	0.67428	0.00259	1	0.06277	-0.01485	0.68285	0.00368	1	1.45898	0.81042	0	
1252059	8444.90234	3305248616102	0.27097	0.48301	8444.85449	0.04785	11368	1	0.22663	0.39185	1	0.27256	0.51412	1	0.24959	0.45299	1	0.47299	0.53800	11.38198	1.01320	1	0.73670	0.56317	13.08208	1.02086	1	-0.00536	-0.00986	0.67428	0.00257	1	0.06277	-0.01485	0.68285	0.00373	1	1.45898	0.81042	0	
1252060	8444.90918	3305248682577	0.26804	0.47923	8444.85449	0.05469	11368	1	0.21993	0.38515	1	0.26918	0.51279	1	0.24456	0.44897	1	0.47305	0.53804	11.19494	1.03601	1	0.73688	0.56328	12.99755	1.04366	1	-0.00536	-0.00986	0.67428	0.00254	1	0.06277	-0.01485	0.68285	0.00365	1	1.45898	0.81042	0	
1252061	8444.91504	3305248749529	0.26531	0.47514	8444.85449	0.06055	11368	1	0.21458	0.37356	1	0.26691	0.50323	1	0.24074	0.43840	1	0.47306	0.53810	11.19663	1.05079	1	0.73670	0.56339	12.93165	1.05845	1	-0.00517	-0.00960	0.65608	0.00256	1	0.06301	-0.01494	0.68432	0.00365	1	1.45898	0.81042	0	
1252062	8444.92188	3305248816221	0.26269	0.46884	8444.85449	0.06738	11368	1	0.22140	0.34049	1	0.25165	0.47118	1	0.23652	0.40583	1	0.47304	0.53809	11.06928	1.05043	1	0.73659	0.56308	12.78212	1.05043	1	-0.00517	-0.00960	0.65608	0.00259	1	0.06301	-0.01494	0.68432	0.00381	1	1.45898	0.81042	0	
1252063	8444.92871	3305248881347	0.26113	0.46551	8444.85449	0.07422	11368	1	0.22591	0.35085	1	0.26202	0.50678	1	0.24397	0.42881	1	0.47304	0.53809	11.06928	1.04242	1	0.73660	0.56331	12.93567	1.04242	1	-0.00517	-0.00960	0.65608	0.00259	1	0.06301	-0.01494	0.68432	0.00371	1	1.45898	0.81042	0	
1252064	8444.93555	3305248950713	0.25997	0.46314	8444.85449	0.08105	11368	1	0.22875	0.35736	1	0.26331	0.51201	1	0.24603	0.43469	1	0.47303	0.53811	11.06006	1.03440	1	0.73618	0.56319	12.82804	1.03440	1	-0.00517	-0.00960	0.65608	0.00257	1	0.06277	-0.01485	0.68285	0.00367	1	1.45898	0.81042	0	
1252065	8444.94238	3305249016684	0.25837	0.46080	8444.85449	0.08789	11368	1	0.22765	0.37356	1	0.24759	0.48722	1	0.23762	0.43039	1	0.47310	0.53822	11.67116	1.03440	1	0.73639	0.56293	13.08879	1.03440	1	-0.00517	-0.00960	0.65608	0.00252	1	0.06277	-0.01485	0.68285	0.00365	1	1.45898	0.81042	0	
1252066	8444.94922	3305249084827	0.25660	0.45727	8444.85449	0.09473	11368	1	0.22984	0.36879	1	0.23355	0.44705	1	0.23169	0.40792	1	0.47310	0.53815	11.19561	1.03440	1	0.73615	0.56272	12.57753	1.03440	1	-0.00517	-0.00960	0.65608	0.00255	1	0.06277	-0.01485	0.68285	0.00390	1	1.45898	0.81042	0	
1252067	8444.95605	3305249151402	0.25490	0.45381	8444.85449	0.10156	11368	1	0.22700	0.36237	1	0.23204	0.44135	1	0.22952	0.40186	1	0.47292	0.53824	11.24079	1.04242	1	0.73622	0.56302	12.61217	1.04242	1	-0.00536	-0.00986	0.67428	0.00261	1	0.06277	-0.01485	0.68285	0.00362	1	1.45898	0.81042	0	
1252068	8444.96191	3305249218060	0.25378	0.45089	8444.85449	0.10742	11368	1	0.24109	0.34990	1	0.23069	0.45841	1	0.23589	0.40416	1	0.47299	0.53812	11.09541	1.05043	1	0.73575	0.56284	12.77098	1.05043	1	-0.00536	-0.00986	0.67428	0.00269	1	0.06277	-0.01485	0.68285	0.00392	1	1.45898	0.81042	0	
1252069	8444.96875	3305249285353	0.25296	0.44943	8444.85449	0.11426	11368	1	0.23179	0.34615	1	0.24627	0.50311	1	0.23903	0.42463	1	0.47288	0.53818	11.38866	1.05845	1	0.73610	0.56334	12.95004	1.05845	1	-0.00536	-0.00986	0.67428	0.00262	1	0.06277	-0.01485	0.68285	0.00362	1	1.45898	0.81042	0	
1252070	8444.97559	3305249352490	0.23940	0.42500	8444.85449	0.11426	11368	0	0.22904	0.33970	1	0.24621	0.50288	1	0.23763	0.42129	1	0.47269	0.53830	11.34945	1.06647	1	0.73589	0.56291	13.37886	1.05881	1	-0.00543	-0.01003	0.68256	0.00257	1	0.06088	-0.01437	0.66281	0.00364	1	1.45898	0.81042	0	
1252071	8444.98242	3305249419459	0.23918	0.42125	8444.85449	0.11426	11368	0	0.21512	0.34637	1	0.26282	0.48865	1	0.23897	0.41751	1	0.47265	0.53830	11.49704	1.05881	1	0.73590	0.56317	13.58926	1.05115	1	-0.00543	-0.01003	0.68256	0.00257	1	0.06088	-0.01437	0.66281	0.00357	1	1.45898	0.81042	0	
1252072	8444.98926	3305249486359	0.24184	0.42564	8444.85449	0.11426	11368	0	0.22408	0.36152	1	0.27023	0.50732	1	0.24716	0.43442	1	0.47267	0.53838	11.51705	1.05115	1	0.73597	0.56321	13.62566	1.04349	1	-0.00543	-0.01003	0.68256	0.00255	1	0.06088	-0.01437	0.66281	0.00356	1	1.45898	0.81042	0	
1252073	8444.99609	3305249553138	0.24416	0.43067	8444.97559	0.02051	11369	1	0.22962	0.37398	1	0.27263	0.51755	1	0.25112	0.44577	1	0.47261	0.53842	11.42794	1.03547	1	0.73596	0.56315	13.55153	1.02781	1	-0.00533	-0.00959	0.65209	0.00263	1	0.05994	-0.01417	0.65368	0.00361	1	1.45898	0.81042	0	
1252074	8445.00293	3305249620014	0.24570	0.43342	8444.97559	0.02734	11369	1	0.24249	0.38446	1	0.26125	0.50441	1	0.25187	0.44443	1	0.47258	0.53840	11.27692	1.01980	1	0.73592	0.56307	13.50189	1.01980	1	-0.00533	-0.00959	0.65209	0.00268	1	0.05994	-0.01417	0.65368	0.00357	1	1.45898	0.81042	0	
1252075	8445.00879	3305249687244	0.24892	0.43825	8444.97559	0.03320	11369	1	0.25696	0.39993	1	0.27303	0.52483	1	0.26500	0.46238	1	0.47258	0.53840	11.27692	1.01178	1	0.73591	0.56321	13.65183	1.01178	1	-0.00533	-0.00959	0.65209	0.00268	1	0.05994	-0.01417	0.65368	0.00357	1	1.45898	0.81042	0	
1252076	8445.01562	3305249751937	0.25141	0.44217	8444.97559	0.04004	11369	1	0.25969	0.40623	1	0.27309	0.52507	1	0.26639	0.46565	1	0.47252	0.53840	11.42363	1.00376	1	0.73589	0.56313	13.55692	1.01142	1	-0.00533	-0.00959	0.65209	0.00252	1	0.06145	-0.01454	0.67062	0.00365	1	1.45898	0.81042	0	
1252077	8445.02246	3305249817115	0.25162	0.44357	8444.97559	0.04688	11369	1	0.24859	0.39277	1	0.25750	0.51398	1	0.25305	0.45338	1	0.47244	0.53834	11.48882	1.01142	1	0.73574	0.56311	13.22305	1.01908	1	-0.00533	-0.00959	0.65209	0.00265	1	0.06145	-0.01454	0.67062	0.00369	1	1.45898	0.81042	0	
1252078	8445.02930	3305249883623	0.25081	0.44243	8444.97559	0.05371	11369	1	0.23199	0.37499	1	0.25665	0.49170	1	0.24432	0.43334	1	0.47241	0.53825	11.24697	1.01908	1	0.73574	0.56301	13.19170	1.02674	1	-0.00533	-0.00959	0.65209	0.00270	1	0.06145	-0.01454	0.67062	0.00373	1	1.45898	0.81042	0	
1252079	8445.03613	3305249952855	0.24996	0.44095	8444.97559	0.06055	11369	1	0.22925	0.36881	1	0.25536	0.48652	1	0.24231	0.42766	1	0.47234	0.53812	11.28481	1.02674	1	0.73703	0.56355	14.31345	1.03440	1	-0.00546	-0.00977	0.66800	0.00258	1	0.06145	-0.01454	0.67062	0.00404	1	1.45898	0.81042	0	
1252080	8445.04297	3305250022298	0.25005	0.44014	8444.97559	0.06738	11369	1	0.23095	0.37173	1	0.27099	0.49237	1	0.25097	0.43205	1	0.47233	0.53829	11.39931	1.03440	1	0.73594	0.56306	13.34479	1.03440	1	-0.00546	-0.00977	0.66800	0.00260	1	0.06145	-0.01454	0.67062	0.00382	1	1.45898	0.81042	0	
1252081	8445.04980	3305250089174	0.24971	0.44035	8444.97559	0.07422	11369	1	0.22591	0.38693	1	0.26607	0.49822	1	0.24599	0.44257	1	0.47225	0.53837	11.55119	1.03440	1	0.73589	0.56307	13.03766	1.03440	1	-0.00546	-0.00977	0.66800	0.00255	1	0.06145	-0.01454	0.67062	0.00377	1	1.45898	0.81042	0	
1252082	8445.05566	3305250155701	0.24942	0.44052	8444.97559	0.08008	11369	1	0.22591	0.38693	1	0.26607	0.49822	1	0.24599	0.44257	1	0.47242	0.53827	11.42020	1.03440	1	0.73599	0.56308	13.17355	1.03440	1	-0.00546	-0.00977	0.66800	0.00274	1	0.06261	-0.01476	0.68326	0.00379	1	1.45898	0.81042	0	
1252083	8445.06250	3305250223588	0.24953	0.43887	8444.97559	0.08691	11369	1	0.23375	0.36718	1	0.26792	0.46781	1	0.25083	0.41750	1	0.47236	0.53831	11.38057	1.03440	1	0.73552	0.56273	12.93277	1.03440	1	-0.00546	-0.00977	0.66800	0.00254	1	0.06261	-0.01476	0.68326	0.00372	1	1.45898	0.81042	0	
1252084	8445.06934	3305250290223	0.24944	0.43917	8444.97559	0.09375	11369	1	0.23201	0.38853	1	0.26449	0.49824	1	0.24825	0.44338	1	0.47243	0.53837	11.79334	1.03440	1	0.73552	0.56264	12.96445	1.03440	1	-0.00546	-0.00977	0.66800	0.00253	1	0.06261	-0.01476	0.68326	0.00365	1	1.45898	0.81042	0	
1252085	8445.07617	3305250357167	0.24937	0.43944	8444.97559	0.10059	11369	1	0.23201	0.38853	1	0.26449	0.49824	1	0.24825	0.44338	1	0.47223	0.53827	11.41958	1.03440	1	0.73565	0.56288	12.86295	1.03440	1	-0.00533	-0.00959	0.65209	0.00256	1	0.06261	-0.01476	0.68326	0.00365	1	1.45898	0.81042	0	
1252086	8445.08301	3305250422734	0.25019	0.43725	8444.97559	0.10742	11369	1	0.26046	0.36619	1	0.26623	0.43844	1	0.26335	0.40232	1	0.47237	0.53817	11.07856	1.03440	1	0.73541	0.56236	12.87709	1.03440	1	-0.00533	-0.00959	0.65209	0.00270	1	0.06261	-0.01476	0.68326	0.00355	1	1.45898	0.81042	0	
1252087	8445.08887	3305250488363	0.25002	0.43709	8444.97559	0.11328	11369	1	0.24960	0.36596	1	0.24459	0.50264	1	0.24709	0.43430	1	0.47219	0.53831	11.46249	1.03440	1	0.73518	0.56257	13.40576	1.03440	1	-0.00533	-0.00959	0.65209	0.00257	1	0.06261	-0.01476	0.68326	0.00352	1	1.45898	0.81042	0	
1252088	8445.09668	3305250558135	0.24975	0.43663	8444.97559	0.12109	11369	1	0.24690	0.35952	1	0.24316	0.49734	1	0.24503	0.42843	1	0.47210	0.53851	11.90904	1.04242	1	0.73493	0.56264	13.05066	1.04242	1	-0.00556	-0.00986	0.67423	0.00252	1	0.06145	-0.01444	0.67062	0.00359	1	1.45898	0.81042	0	
1252089	8445.10254	3305250625056	0.24884	0.43566	8444.97559	0.12695	11369	1	0.22842	0.33182	1	0.23465	0.50243	1	0.23153	0.41712	1	0.47209	0.53819	11.42399	1.05043	1	0.73493	0.56274	13.16333	1.05043	1	-0.00556	-0.00986	0.67423	0.00250	1	0.06145	-0.01444	0.67062	0.00356	1	1.45898	0.81042	0	
1252090	8445.10938	3305250692233	0.24889	0.43417	8444.97559	0.13379	11369	1	0.23911	0.35449	1	0.26073	0.45413	1	0.24992	0.40431	1	0.47201	0.53818	11.27562	1.05845	1	0.73515	0.56243	13.34769	1.05845	1	-0.00556	-0.00986	0.67423	0.00253	1	0.06145	-0.01444	0.67062	0.00355	1	1.45898	0.81042	0	
1252091	8445.11621	3305250759009	0.24899	0.43304	8444.97559	0.14062	11369	1	0.23911	0.35449	1	0.26304	0.46413	1	0.25107	0.40931	1	0.47189	0.53838	11.51705	1.05845	1	0.73499	0.56240	13.08355	1.04398	1	-0.00556	-0.00978	0.66847	0.00255	1	0.05933	-0.01396	0.64859	0.00351	1	1.45898	0.81042	0	
1252092	8445.12305	3305250826056	0.24889	0.43327	8444.97559	0.14746	11369	1	0.23296	0.37070	1	0.26042	0.50608	1	0.24669	0.43839	1	0.47198	0.53818	11.21492	1.03597	1	0.73501	0.56256	13.12998	1.02150	1	-0.00556	-0.00978	0.66847	0.00258	1	0.05933	-0.01396	0.64859	0.00356	1	1.45898	0.81042	0	
1252093	8445.12988	3305250893117	0.24962	0.43410	8444.97559	0.15430	11369	1	0.26213	0.38525	1	0.27052	0.52141	1	0.26633	0.45333	1	0.47189	0.53825	11.46471	1.01348	1	0.73509	0.56267	13.15467	0.99901	1	-0.00556	-0.00978	0.66847	0.00256	1	0.05933	-0.01396	0.64859	0.00355	1	1.45898	0.81042	0	
1252094	8445.13672	3305250959691	0.25046	0.43534	8444.97559	0.16113	11369	1	0.26967	0.40320	1	0.27180	0.52676	1	0.27074	0.46498	1	0.47186	0.53837	11.59560	0.99100	1	0.73496	0.56253	13.24085	0.99100	1	-0.00567	-0.00978	0.66876	0.00260	1	0.06190	-0.01459	0.67777	0.00364	1	1.45898	0.81042	0	
1252095	8445.14355	3305251026944	0.25082	0.43625	8444.97559	0.16797	11369	1	0.25961	0.41219	1	0.25986	0.50568	1	0.25973	0.45893	1	0.47180	0.53840	11.27692	0.99100	1	0.73497	0.56258	13.50186	1.00546	1	-0.00567	-0.00978	0.66876	0.00268	1	0.06190	-0.01459	0.67777	0.00359	1	1.45898	0.81042	0	
1252096	8445.14941	3305251093823	0.25117	0.43702	8444.97559	0.17383	11369	1	0.25815	0.40118	1	0.26245	0.51317	1	0.26030	0.45718	1	0.47180	0.53831	11.43936	1.00546	1	0.73494	0.56264	13.47549	1.01993	1	-0.00567	-0.00978	0.66876	0.00259	1	0.06190	-0.01459	0.67777	0.00358	1	1.45898	0.81042	0	
1252097	8445.15625	3305251161001	0.25137	0.43737	8444.97559	0.18066	11369	1	0.25321	0.38976	1	0.26008	0.50361	1	0.25665	0.44669	1	0.47156	0.53841	11.76056	1.01993	1	0.73448	0.56251	13.35960	1.03440	1	-0.00552	-0.00958	0.65169	0.00259	1	0.06190	-0.01459	0.67777	0.00376	1	1.45898	0.81042	0	
1252098	8445.16309	3305251227853	0.25111	0.43672	8444.97559	0.18750	11369	1	0.23903	0.38747	1	0.24901	0.44971	1	0.24402	0.41859	1	0.47161	0.53840	11.45156	1.03440	1	0.73443	0.56215	12.84930	1.03440	1	-0.00552	-0.00958	0.65169	0.00257	1	0.06190	-0.01459	0.67777	0.00378	1	1.45898	0.81042	0	
1252099	8445.16992	3305251294397	0.25106	0.43641	8444.97559	0.19434	11369	1	0.24975	0.38351	1	0.24897	0.47151	1	0.24936	0.42751	1	0.47144	0.53844	11.57375	1.03440	1	0.73449	0.56233	12.78520	1.03440	1	-0.00552	-0.00958	0.65169	0.00258	1	0.06190	-0.01459	0.67777	0.00367	1	1.45898	0.81042	0	
1252100	8445.17676	3305251361758	0.25093	0.43593	8444.97559	0.20117	11369	1	0.24704	0.37722	1	0.24758	0.46598	1	0.24731	0.42160	1	0.47132	0.53846	11.30481	1.04242	1	0.73459	0.56240	12.88918	1.04242	1	-0.00583	-0.01003	0.68204	0.00257	1	0.06190	-0.01459	0.67777	0.00361	1	1.45898	0.81042	0	
1252101	8445.18359	3305251428934	0.25043	0.43512	8444.97559	0.20801	11369	1	0.23084	0.37144	1	0.23869	0.44823	1	0.23476	0.40983	1	0.47124	0.53851	11.52226	1.05043	1	0.73438	0.56211	13.45802	1.05043	1	-0.00583	-0.01003	0.68204	0.00256	1	0.06190	-0.01459	0.67777	0.00356	1	1.45898	0.81042	0	
1252102	8445.19043	3305251495635	0.25013	0.43485	8444.97559	0.21484	11369	1	0.23254	0.37822	1	0.24850	0.47455	1	0.24052	0.42638	1	0.47121	0.53848	11.05249	1.05845	1	0.73441	0.56209	13.19807	1.05845	1	-0.00583	-0.01003	0.68204	0.00262	1	0.06190	-0.01459	0.67777	0.00357	1	1.45898	0.81042	0	
1252103	8445.19629	3305251562559	0.24981	0.43451	8444.97559	0.22070	11369	1	0.22979	0.37202	1	0.24844	0.47431	1	0.23911	0.42316	1	0.47112	0.53829	11.50593	1.06647	1	0.73423	0.56179	13.36561	1.05881	1	-0.00599	-0.01013	0.68895	0.00260	1	0.06067	-0.01431	0.66486	0.00374	1	1.45898	0.81042	0	
1252104	8445.20312	3305251625610	0.25017	0.43500	8444.97559	0.22754	11369	1	0.25238	0.38834	1	0.27302	0.51483	1	0.26270	0.45158	1	0.47117	0.53822	11.20169	1.05881	1	0.73453	0.56236	13.52063	1.05115	1	-0.00599	-0.01013	0.68895	0.00258	1	0.06067	-0.01431	0.66486	0.00360	1	1.45898	0.81042	0	
1252105	8445.20996	3305251692769	0.25041	0.43577	8444.97559	0.23438	11369	1	0.24894	0.39812	1	0.26826	0.52760	1	0.25860	0.46286	1	0.47110	0.53828	11.44171	1.05115	1	0.73444	0.56247	13.44234	1.04349	1	-0.00599	-0.01013	0.68895	0.00256	1	0.06067	-0.01431	0.66486	0.00360	1	1.45898	0.81042	0	
1252106	8445.21680	3305251758859	0.25070	0.43666	8444.97559	0.24121	11369	1	0.25419	0.41001	1	0.26816	0.52718	1	0.26117	0.46859	1	0.47089	0.53812	11.24296	1.03547	1	0.73441	0.56225	13.11904	1.04415	1	-0.00568	-0.00953	0.64801	0.00253	1	0.06527	-0.01542	0.71637	0.00370	1	1.45898	0.81042	0	
1252107	8445.22363	3305251827705	0.25073	0.43629	8444.97559	0.24805	11369	1	0.23269	0.39775	1	0.27116	0.44726	1	0.25192	0.42251	1	0.47077	0.53817	11.14956	1.03614	1	0.73408	0.56184	13.00161	1.05248	1	-0.00568	-0.00953	0.64801	0.00261	1	0.06527	-0.01542	0.71637	0.00385	1	1.45898	0.81042	0	
1252108	8445.23047	3305251895835	0.25095	0.43576	8444.97559	0.25488	11369	1	0.22801	0.34865	1	0.29086	0.48254	1	0.25943	0.41560	1	0.47078	0.53812	11.28481	1.04446	1	0.73446	0.56208	12.84920	1.06080	1	-0.00568	-0.00953	0.64801	0.00259	1	0.06527	-0.01542	0.71637	0.00376	1	1.45898	0.81042	0	
1252109	8445.23633	3305251961860	0.25113	0.43517	8444.97559	0.26074	11369	1	0.22509	0.34188	1	0.29091	0.48278	1	0.25800	0.41233	1	0.47084	0.53807	11.06275	1.05278	1	0.73374	0.56198	12.54287	1.06044	1	-0.00588	-0.00980	0.67006	0.00251	1	0.06155	-0.01450	0.67617	0.00388	1	1.45898	0.81042	0	
1252110	8445.24316	3305252028931	0.25103	0.43444	8444.97559	0.26758	11369	1	0.22915	0.32660	1	0.26515	0.48418	1	0.24715	0.40539	1	0.47079	0.53806	11.08138	1.06044	1	0.73391	0.56214	12.83107	1.05176	1	-0.00588	-0.00980	0.67006	0.00253	1	0.06155	-0.01450	0.67617	0.00357	1	1.45898	0.81042	0	
1252111	8445.25000	3305252094843	0.25083	0.43429	8444.97559	0.27441	11369	1	0.23163	0.38507	1	0.25301	0.47088	1	0.24232	0.42797	1	0.47085	0.53811	11.32621	1.05176	1	0.73378	0.56187	12.74501	1.04308	1	-0.00588	-0.00980	0.67006	0.00251	1	0.06155	-0.01450	0.67617	0.00374	1	1.45898	0.81042	0	
1252112	8445.25684	3305252161471	0.25063	0.43415	8444.97559	0.28125	11369	1	0.23186	0.38558	1	0.25312	0.47133	1	0.24249	0.42846	1	0.47061	0.53801	11.62149	1.05110	1	0.73396	0.56186	12.47415	1.04242	1	-0.00602	-0.00990	0.68070	0.00248	1	0.06155	-0.01440	0.67617	0.00367	1	1.45898	0.81042	0	
1252113	8445.26367	3305252228697	0.25037	0.43357	8444.97559	0.28809	11369	1	0.23033	0.35051	1	0.24804	0.46623	1	0.23919	0.40837	1	0.47059	0.53795	11.43999	1.05043	1	0.73372	0.56188	13.03584	1.05043	1	-0.00602	-0.00990	0.68070	0.00248	1	0.06155	-0.01440	0.67617	0.00366	1	1.45898	0.81042	0	
1252114	8445.27051	3305252299854	0.25062	0.43338	8444.97559	0.29492	11369	1	0.24649	0.37580	1	0.27636	0.47447	1	0.26143	0.42513	1	0.47068	0.53800	11.64051	1.05845	1	0.73377	0.56203	12.99618	1.05845	1	-0.00602	-0.00990	0.68070	0.00251	1	0.06155	-0.01440	0.67617	0.00354	1	1.45898	0.81042	0	
1252115	8445.27734	3305252366552	0.25081	0.43308	8444.97559	0.30176	11369	1	0.24383	0.36958	1	0.27520	0.46907	1	0.25951	0.41933	1	0.47039	0.53817	11.79764	1.06647	1	0.73348	0.56181	13.14794	1.06647	1	-0.00617	-0.00997	0.68527	0.00249	1	0.06210	-0.01455	0.68331	0.00362	1	1.45898	0.81042	0	
1252116	8445.28418	3305252433902	0.25087	0.43275	8444.97559	0.30859	11369	1	0.24286	0.36569	1	0.26388	0.47007	1	0.25337	0.41788	1	0.47035	0.53816	11.42466	1.06647	1	0.73357	0.56203	13.31016	1.06647	1	-0.00617	-0.00997	0.68527	0.00249	1	0.06210	-0.01455	0.68331	0.00357	1	1.45898	0.81042	0	
1252117	8445.29102	3305252500957	0.25092	0.43286	8444.97559	0.31543	11369	1	0.23544	0.34422	1	0.27178	0.53168	1	0.25361	0.43795	1	0.47026	0.53790	11.97423	1.06647	1	0.73364	0.56215	13.39072	1.06647	1	-0.00617	-0.00997	0.68527	0.00255	1	0.06210	-0.01455	0.68331	0.00359	1	1.45898	0.81042	0	
1252118	8445.29688	3305252567569	0.25126	0.43325	8444.97559	0.32129	11369	1	0.23815	0.35063	1	0.27297	0.53661	1	0.25556	0.44362	1	0.47002	0.53787	11.50749	1.05845	1	0.73356	0.56215	13.29556	1.05845	1	-0.00593	-0.00951	0.65327	0.00252	1	0.06116	-0.01431	0.67413	0.00373	1	1.45898	0.81042	0	
1252119	8445.30371	3305252634571	0.25145	0.43379	8444.97559	0.32812	11369	1	0.22976	0.35665	1	0.26640	0.53055	1	0.24808	0.44360	1	0.47011	0.53791	11.19973	1.05043	1	0.73355	0.56203	13.16390	1.05043	1	-0.00593	-0.00951	0.65327	0.00254	1	0.06116	-0.01431	0.67413	0.00369	1	1.45898	0.81042	0	
1252120	8445.31055	3305252701549	0.25123	0.43408	8444.97559	0.33496	11369	1	0.23216	0.37704	1	0.24133	0.51904	1	0.23675	0.44804	1	0.47006	0.53790	11.34181	1.04242	1	0.73322	0.56180	13.06890	1.04242	1	-0.00593	-0.00951	0.65327	0.00252	1	0.06116	-0.01431	0.67413	0.00359	1	1.45898	0.81042	0	
1252121	8445.31738	3305252768469	0.25098	0.43424	8444.97559	0.34180	11369	1	0.23497	0.38334	1	0.24278	0.52417	1	0.23887	0.45376	1	0.47004	0.53786	11.41296	1.03440	1	0.73323	0.56177	12.89252	1.03440	1	-0.00593	-0.00951	0.65327	0.00252	1	0.06116	-0.01431	0.67413	0.00359	1	1.45898	0.81042	0	
1252122	8445.32422	3305252835795	0.25079	0.43422	8444.97559	0.34863	11369	1	0.22567	0.39250	1	0.25978	0.49420	1	0.24272	0.44335	1	0.46998	0.53803	11.58231	1.03440	1	0.73306	0.56158	12.98992	1.03440	1	-0.00593	-0.00951	0.65327	0.00249	1	0.06116	-0.01431	0.67413	0.00348	1	1.45898	0.81042	0	
1252123	8445.33105	3305252902407	0.25023	0.43386	8444.97559	0.35547	11369	1	0.22125	0.38803	1	0.25494	0.50264	1	0.23810	0.44533	1	0.46992	0.53800	11.69033	1.03440	1	0.73301	0.56172	12.69044	1.03440	1	-0.00593	-0.00951	0.65327	0.00249	1	0.06116	-0.01431	0.67413	0.00349	1	1.45898	0.81042	0	
1252124	8445.33789	3305252969494	0.24964	0.43344	8444.97559	0.36230	11369	1	0.22125	0.38803	1	0.25494	0.50264	1	0.23810	0.44533	1	0.46983	0.53791	11.40505	1.03440	1	0.73281	0.56137	12.77251	1.03440	1	-0.00593	-0.00951	0.65327	0.00248	1	0.06116	-0.01431	0.67413	0.00350	1	1.45898	0.81042	0	
1252125	8445.34375	3305253036340	0.24936	0.43309	8444.97559	0.36816	11369	1	0.23712	0.37738	1	0.24214	0.49568	1	0.23963	0.43653	1	0.46979	0.53791	11.40605	1.03440	1	0.73269	0.56171	13.13431	1.03440	1	-0.00593	-0.00951	0.65327	0.00249	1	0.06116	-0.01431	0.67413	0.00354	1	1.45898	0.81042	0	
1252126	8445.35059	3305253102524	0.24955	0.43290	8444.97559	0.37500	11369	1	0.23911	0.39302	1	0.26811	0.45544	1	0.25361	0.42423	1	0.46970	0.53794	11.31365	1.03440	1	0.73276	0.56172	12.98482	1.03440	1	-0.00593	-0.00951	0.65327	0.00254	1	0.06116	-0.01431	0.67413	0.00356	1	1.45898	0.81042	0	
1252127	8445.35742	3305253170349	0.24974	0.43271	8444.97559	0.38184	11369	1	0.23633	0.38680	1	0.26686	0.44978	1	0.25159	0.41829	1	0.46956	0.53803	11.07719	1.04242	1	0.73267	0.56194	13.00026	1.04242	1	-0.00640	-0.01006	0.68795	0.00255	1	0.06098	-0.01439	0.67318	0.00366	1	1.45898	0.81042	0	
1252128	8445.36426	3305253236878	0.24972	0.43306	8444.97559	0.38867	11369	1	0.24018	0.37396	1	0.25934	0.52418	1	0.24976	0.44907	1	0.46954	0.53807	11.11831	1.05043	1	0.73275	0.56211	13.09028	1.05043	1	-0.00640	-0.01006	0.68795	0.00256	1	0.06098	-0.01439	0.67318	0.00365	1	1.45898	0.81042	0	
1252129	8445.37109	3305253304413	0.24976	0.43343	8444.97559	0.39551	11369	1	0.24016	0.38202	1	0.25573	0.53847	1	0.24794	0.46024	1	0.46958	0.53819	11.29671	1.05845	1	0.73273	0.56221	13.26215	1.05845	1	-0.00640	-0.01006	0.68795	0.00251	1	0.06098	-0.01439	0.67318	0.00360	1	1.45898	0.81042	0	
1252130	8445.37793	3305253371396	0.24980	0.43380	8444.97559	0.40234	11369	1	0.24016	0.38202	1	0.25573	0.53847	1	0.24794	0.46024	1	0.46945	0.53820	11.43114	1.05845	1	0.73298	0.56220	13.66423	1.05845	1	-0.00606	-0.00945	0.64643	0.00256	1	0.06005	-0.01424	0.66408	0.00377	1	1.45898	0.81042	0	
1252131	8445.38477	3305253438287	0.25025	0.43476	8444.97559	0.40918	11369	1	0.21932	0.38511	1	0.32522	0.54263	1	0.27227	0.46387	1	0.46913	0.53809	11.06928	1.05043	1	0.73379	0.56273	13.98061	1.05043	1	-0.00606	-0.00945	0.64643	0.00258	1	0.06005	-0.01424	0.66408	0.00394	1	1.45898	0.81042	0	
1252132	8445.39062	3305253504035	0.24987	0.43452	8444.97559	0.41504	11369	1	0.22106	0.39588	1	0.23885	0.46747	1	0.22995	0.43167	1	0.46911	0.53811	11.04249	1.04242	1	0.73231	0.56188	12.87572	1.04242	1	-0.00606	-0.00945	0.64643	0.00260	1	0.06005	-0.01424	0.66408	0.00376	1	1.45898	0.81042	0	
1252133	8445.39746	3305253572089	0.24953	0.43440	8444.97559	0.42188	11369	1	0.22395	0.40204	1	0.24031	0.47298	1	0.23213	0.43751	1	0.46905	0.53816	10.94104	1.03440	1	0.73227	0.56228	12.77909	1.03440	1	-0.00621	-0.00975	0.66299	0.00265	1	0.06005	-0.01424	0.66408	0.00366	1	1.45898	0.81042	0	
1252134	8445.40430	3305253640029	0.24944	0.43551	8444.97559	0.42871	11369	1	0.25737	0.40306	1	0.26066	0.50827	1	0.25901	0.45566	1	0.46920	0.53820	11.19072	1.03440	1	0.73229	0.56211	12.64616	1.03440	1	-0.00621	-0.00975	0.66299	0.00243	1	0.06005	-0.01424	0.66408	0.00352	1	1.45898	0.81042	0	
1252135	8445.41113	3305253706211	0.24944	0.43555	8444.97559	0.43555	11369	1	0.23452	0.41441	1	0.25945	0.45843	1	0.24698	0.43642	1	0.46893	0.53832	10.85251	1.03440	1	0.73222	0.56165	12.38962	1.03440	1	-0.00621	-0.00975	0.66299	0.00257	1	0.06005	-0.01424	0.66408	0.00379	1	1.45898	0.81042	0	
1252136	8445.41797	3305253773311	0.24943	0.43560	8444.97559	0.44238	11369	1	0.23170	0.40836	1	0.25813	0.45279	1	0.24492	0.43057	1	0.46897	0.53848	11.12452	1.04242	1	0.73181	0.56162	13.07771	1.04242	1	-0.00643	-0.00989	0.66969	0.00257	1	0.06005	-0.01424	0.66408	0.00384	1	1.45898	0.81042	0	
1252137	8445.42480	3305253838866	0.24951	0.43545	8444.97559	0.44922	11369	1	0.23200	0.36759	1	0.23828	0.45293	1	0.23514	0.41026	1	0.46893	0.53836	10.98561	1.05043	1	0.73189	0.56181	13.08722	1.05043	1	-0.00643	-0.00989	0.66969	0.00258	1	0.06005	-0.01424	0.66408	0.00378	1	1.45898	0.81042	0	
1252138	8445.43164	3305253907121	0.24930	0.43614	8444.97559	0.45605	11369	1	0.21615	0.36405	1	0.26349	0.51029	1	0.23982	0.43717	1	0.46882	0.53849	10.99186	1.05845	1	0.73210	0.56221	13.52804	1.05845	1	-0.00643	-0.00989	0.66969	0.00250	1	0.06005	-0.01424	0.66408	0.00356	1	1.45898	0.81042	0	
1252139	8445.43750	3305253973688	0.24906	0.43672	8444.97559	0.46191	11369	1	0.21615	0.36405	1	0.26349	0.51029	1	0.23982	0.43717	1	0.46865	0.53853	11.14411	1.05845	1	0.73193	0.56253	13.23034	1.05845	1	-0.00639	-0.00977	0.66093	0.00248	1	0.06180	-0.01468	0.68455	0.00349	1	1.45898	0.81042	0	
1252140	8445.44434	3305254041105	0.24918	0.43651	8444.97559	0.46875	11369	1	0.24242	0.33730	1	0.26211	0.51961	1	0.25227	0.42846	1	0.46872	0.53853	11.30621	1.05043	1	0.73192	0.56259	13.17260	1.05043	1	-0.00639	-0.00977	0.66093	0.00251	1	0.06180	-0.01468	0.68455	0.00352	1	1.45898	0.81042	0	
1252141	8445.45117	3305254108260	0.24875	0.43573	8444.97559	0.47559	11369	1	0.23558	0.33360	1	0.25576	0.49793	1	0.24567	0.41577	1	0.46856	0.53859	11.01596	1.04242	1	0.73177	0.56225	13.08664	1.04242	1	-0.00639	-0.00977	0.66093	0.00256	1	0.06180	-0.01468	0.68455	0.00372	1	1.45898	0.81042	0	
1252142	8445.45801	3305254175051	0.24827	0.43483	8444.97559	0.48242	11369	1	0.23835	0.34025	1	0.25710	0.50323	1	0.24772	0.42174	1	0.46871	0.53854	11.21259	1.03440	1	0.73151	0.56202	12.70830	1.03440	1	-0.00639	-0.00977	0.66093	0.00256	1	0.06078	-0.01447	0.67441	0.00378	1	1.45898	0.81042	0	
1252143	8445.46484	3305254242159	0.24802	0.43411	8444.97559	0.48926	11369	1	0.23431	0.36629	1	0.26093	0.48279	1	0.24762	0.42454	1	0.46844	0.53873	11.21818	1.03440	1	0.73145	0.56207	12.59208	1.03440	1	-0.00639	-0.00977	0.66093	0.00251	1	0.06078	-0.01447	0.67441	0.00375	1	1.45898	0.81042	0	
1252144	8445.47168	3305254308595	0.24760	0.43342	8444.97559	0.49609	11369	1	0.23417	0.37584	1	0.24639	0.47174	1	0.24028	0.42379	1	0.46849	0.53882	11.49918	1.03440	1	0.73135	0.56185	12.48329	1.03440	1	-0.00639	-0.00977	0.66093	0.00250	1	0.06078	-0.01447	0.67441	0.00384	1	1.45898	0.81042	0	
1252145	8445.47852	3305254375907	0.24726	0.43294	8444.97559	0.50293	11369	1	0.23417	0.37584	1	0.24639	0.47174	1	0.24028	0.42379	1	0.46840	0.53889	10.99041	1.03440	1	0.73148	0.56225	12.63123	1.03440	1	-0.00635	-0.00975	0.65671	0.00251	1	0.06078	-0.01447	0.67441	0.00366	1	1.45898	0.81042	0	
1252146	8445.48438	3305254442883	0.24728	0.43325	8444.97559	0.50879	11369	1	0.23536	0.36722	1	0.25432	0.49948	1	0.24484	0.43335	1	0.46817	0.53881	11.03479	1.03440	1	0.73144	0.56237	12.82507	1.03440	1	-0.00635	-0.00975	0.65671	0.00248	1	0.06078	-0.01447	0.67441	0.00363	1	1.45898	0.81042	0	
1252147	8445.49121	3305254510098	0.24726	0.43354	8444.97559	0.51562	11369	1	0.23624	0.36649	1	0.26066	0.51652	1	0.24845	0.44151	1	0.46828	0.53887	11.37440	1.03440	1	0.73145	0.56229	12.67659	1.03440	1	-0.00635	-0.00975	0.65671	0.00249	1	0.06078	-0.01447	0.67441	0.00363	1	1.45898	0.81042	0	
1252148	8445.49805	3305254576855	0.24724	0.43383	8444.97559	0.52246	11369	1	0.23345	0.36006	1	0.25935	0.51132	1	0.24640	0.43569	1	0.46827	0.53886	11.38914	1.04242	1	0.73113	0.56244	12.57994	1.04242	1	-0.00669	-0.01004	0.67598	0.00253	1	0.06078	-0.01447	0.67441	0.00357	1	1.45898	0.81042	0	
1252149	8445.50488	3305254643999	0.24767	0.43426	8444.97559	0.52930	11369	1	0.23726	0.36397	1	0.27319	0.49709	1	0.25522	0.43053	1	0.46791	0.53884	11.03057	1.05043	1	0.73130	0.56219	13.19502	1.05043	1	-0.00669	-0.01004	0.67598	0.00264	1	0.06078	-0.01447	0.67441	0.00354	1	1.45898	0.81042	0	
1252150	8445.51172	3305254710969	0.24788	0.43435	8444.97559	0.53613	11369	1	0.24050	0.34111	1	0.26094	0.51989	1	0.25072	0.43050	1	0.46803	0.53874	11.11239	1.05845	1	0.73116	0.56256	13.02370	1.05845	1	-0.00669	-0.01004	0.67598	0.00258	1	0.06078	-0.01447	0.67441	0.00350	1	1.45898	0.81042	0	
1252151	8445.51855	3305254777616	0.24812	0.43450	8444.97559	0.54297	11369	1	0.24050	0.34111	1	0.26094	0.51989	1	0.25072	0.43050	1	0.46774	0.53900	11.57017	1.05845	1	0.73120	0.56266	13.02437	1.05845	1	-0.00761	-0.01139	0.76317	0.00245	1	0.06078	-0.01454	0.67553	0.00357	1	1.45898	0.81042	0	
1252152	8445.52539	3305254844866	0.24783	0.43464	8444.97559	0.54980	11369	1	0.22752	0.37486	1	0.26961	0.54136	1	0.24856	0.45811	1	0.46783	0.53904	11.36260	1.05043	1	0.73133	0.56265	13.70403	1.05043	1	-0.00761	-0.01139	0.76317	0.00247	1	0.06078	-0.01454	0.67553	0.00349	1	1.45898	0.81042	0	
1252153	8445.53125	3305254910421	0.24752	0.43442	8444.97559	0.55566	11369	1	0.23452	0.37884	1	0.25367	0.52557	1	0.24410	0.45220	1	0.46769	0.53902	11.10616	1.04242	1	0.73105	0.56254	13.03951	1.04242	1	-0.00761	-0.01139	0.76317	0.00250	1	0.06078	-0.01454	0.67553	0.00354	1	1.45898	0.81042	0	
1252154	8445.53809	3305254978510	0.24721	0.43419	8444.97559	0.56250	11369	1	0.23731	0.38513	1	0.25502	0.53065	1	0.24617	0.45789	1	0.46764	0.53897	11.33396	1.03440	1	0.73088	0.56230	12.67503	1.03440	1	-0.00761	-0.01139	0.76317	0.00251	1	0.05910	-0.01416	0.65795	0.00356	1	1.45898	0.81042	0	
1252155	8445.54492	3305255045514	0.24722	0.43477	8444.97559	0.56934	11369	1	0.26125	0.38447	1	0.24381	0.51626	1	0.25253	0.45037	1	0.46774	0.53903	11.36274	1.03440	1	0.73080	0.56244	12.76878	1.03440	1	-0.00761	-0.01139	0.76317	0.00254	1	0.05910	-0.01416	0.65795	0.00353	1	1.45898	0.81042	0	
1252156	8445.55176	3305255113327	0.24698	0.43571	8444.97559	0.57617	11369	1	0.24035	0.39131	1	0.25485	0.52938	1	0.24760	0.46035	1	0.46750	0.53896	11.39795	1.03440	1	0.73074	0.56235	12.92370	1.03440	1	-0.00761	-0.01139	0.76317	0.00256	1	0.05910	-0.01416	0.65795	0.00348	1	1.45898	0.81042	0	
1252157	8445.55859	3305255179915	0.24672	0.43659	8444.97559	0.58301	11369	1	0.23758	0.38508	1	0.25349	0.52428	1	0.24554	0.45468	1	0.46731	0.53907	11.36267	1.04242	1	0.73066	0.56225	12.66325	1.04242	1	-0.00679	-0.01009	0.67623	0.00252	1	0.05910	-0.01416	0.65795	0.00364	1	1.45898	0.81042	0	
1252158	8445.56543	3305255246789	0.24662	0.43726	8444.97559	0.58984	11369	1	0.22719	0.37308	1	0.25814	0.50197	1	0.24266	0.43752	1	0.46737	0.53898	11.30902	1.05043	1	0.73066	0.56225	12.66325	1.05043	1	-0.00679	-0.01009	0.67623	0.00263	1	0.05910	-0.01416	0.65795	0.00364	1	1.45898	0.81042	0	
1252159	8445.57227	3305255314210	0.24653	0.43731	8444.97559	0.59668	11369	1	0.21834	0.35583	1	0.25695	0.50543	1	0.23764	0.43063	1	0.46723	0.53885	10.86530	1.05845	1	0.73067	0.56236	12.79657	1.05845	1	-0.00679	-0.01009	0.67623	0.00263	1	0.05910	-0.01416	0.65795	0.00359	1	1.45898	0.81042	0	
1252160	8445.57812	3305255380788	0.24643	0.43736	8444.97559	0.60254	11369	1	0.21834	0.35583	1	0.25695	0.50543	1	0.23764	0.43063	1	0.46725	0.53912	11.01741	1.05845	1	0.73034	0.56243	12.76030	1.05845	1	-0.00677	-0.00984	0.65935	0.00267	1	0.06042	-0.01450	0.67378	0.00356	1	1.45898	0.81042	0	
1252161	8445.58496	3305255445598	0.24645	0.43834	8444.97559	0.60938	11369	1	0.23591	0.40673	1	0.24460	0.50409	1	0.24025	0.45541	1	0.46708	0.53923	11.47180	1.05043	1	0.73048	0.56224	13.57461	1.05043	1	-0.00677	-0.00984	0.65935	0.00270	1	0.06042	-0.01450	0.67378	0.00349	1	1.45898	0.81042	0	
1252162	8445.59180	3305255514908	0.24621	0.43875	8444.97559	0.61621	11369	1	0.24401	0.41364	1	0.25635	0.47645	1	0.25018	0.44504	1	0.46713	0.53935	11.55563	1.04242	1	0.73035	0.56241	12.81520	1.04242	1	-0.00677	-0.00984	0.65935	0.00251	1	0.06042	-0.01450	0.67378	0.00354	1	1.45898	0.81042	0	
1252163	8445.59863	3305255582614	0.24607	0.43946	8444.97559	0.62305	11369	1	0.24675	0.41965	1	0.25895	0.48712	1	0.25285	0.45338	1	0.46690	0.53910	11.23763	1.03440	1	0.73043	0.56256	13.29555	1.02674	1	-0.00677	-0.00984	0.65935	0.00258	1	0.05967	-0.01433	0.66590	0.00355	1	1.45898	0.81042	0	
1252164	8445.60547	3305255646552	0.24592	0.44036	8444.97559	0.62988	11369	1	0.23453	0.42567	1	0.25781	0.49596	1	0.24617	0.46081	1	0.46684	0.53931	11.57772	1.02674	1	0.73032	0.56253	12.65614	1.01908	1	-0.00677	-0.00984	0.65935	0.00261	1	0.05967	-0.01433	0.66590	0.00368	1	1.45898	0.81042	0	
1252165	8445.61133	3305255710756	0.24594	0.44141	8444.97559	0.63574	11369	1	0.25605	0.40973	1	0.25307	0.56766	1	0.25456	0.48870	1	0.46687	0.53909	11.28481	1.01908	1	0.73013	0.56277	13.42543	1.01142	1	-0.00677	-0.00984	0.65935	0.00260	1	0.05967	-0.01433	0.66590	0.00351	1	1.45898	0.81042	0	
1252166	8445.61816	3305255779652	0.24595	0.44241	8444.97559	0.64258	11369	1	0.25865	0.41563	1	0.25307	0.56766	1	0.25586	0.49165	1	0.46696	0.53911	11.32681	1.01142	1	0.72986	0.56221	13.01671	1.01142	1	-0.00684	-0.00999	0.66580	0.00248	1	0.06042	-0.01453	0.67489	0.00379	1	1.45898	0.81042	0	
1252167	8445.62500	3305255846765	0.24611	0.44306	8444.97559	0.64941	11369	1	0.25527	0.42604	1	0.25575	0.52326	1	0.25551	0.47465	1	0.46675	0.53918	11.58906	1.01142	1	0.72988	0.56239	13.05437	1.01908	1	-0.00684	-0.00999	0.66580	0.00249	1	0.06042	-0.01453	0.67489	0.00366	1	1.45898	0.81042	0	
1252168	8445.63184	3305255912578	0.24627	0.44331	8444.97559	0.65625	11369	1	0.23792	0.41612	1	0.25126	0.50371	1	0.24459	0.45992	1	0.46667	0.53916	11.47372	1.01908	1	0.72980	0.56212	13.02165	1.02674	1	-0.00684	-0.00999	0.66580	0.00248	1	0.06042	-0.01453	0.67489	0.00362	1	1.45898	0.81042	0	
1252169	8445.63867	3305255980617	0.24630	0.44320	8444.97559	0.66309	11369	1	0.23237	0.40413	1	0.24854	0.49329	1	0.24046	0.44871	1	0.46642	0.53935	11.23760	1.03476	1	0.72986	0.56217	12.94396	1.04242	1	-0.00710	-0.01019	0.67588	0.00257	1	0.06042	-0.01448	0.67489	0.00362	1	1.45898	0.81042	0	
1252170	8445.64551	3305256046398	0.24608	0.44353	8444.97559	0.66992	11369	1	0.22475	0.40247	1	0.23913	0.51562	1	0.23194	0.45905	1	0.46651	0.53923	11.36276	1.05043	1	0.72968	0.56243	13.33662	1.05043	1	-0.00710	-0.01019	0.67588	0.00256	1	0.06042	-0.01448	0.67489	0.00364	1	1.45898	0.81042	0	
1252171	8445.65234	3305256115247	0.24618	0.44359	8444.97559	0.67676	11369	1	0.22154	0.38792	1	0.26465	0.50829	1	0.24310	0.44810	1	0.46645	0.53924	11.38404	1.05845	1	0.72998	0.56237	13.27610	1.05845	1	-0.00710	-0.01019	0.67588	0.00258	1	0.06042	-0.01448	0.67489	0.00348	1	1.45898	0.81042	0	
1252172	8445.65820	3305256181079	0.24629	0.44365	8444.97559	0.68262	11369	1	0.22154	0.38792	1	0.26465	0.50829	1	0.24310	0.44810	1	0.46632	0.53922	11.36700	1.05845	1	0.72960	0.56246	12.78026	1.05845	1	-0.00707	-0.01008	0.66850	0.00251	1	0.06094	-0.01463	0.68185	0.00355	1	1.45898	0.81042	0	
1252173	8445.66602	3305256250864	0.24644	0.44372	8444.97559	0.69043	11369	1	0.22817	0.39342	1	0.26592	0.48655	1	0.24705	0.43999	1	0.46626	0.53920	11.31744	1.05043	1	0.72964	0.56213	13.39261	1.05043	1	-0.00707	-0.01008	0.66850	0.00248	1	0.06094	-0.01463	0.68185	0.00356	1	1.45898	0.81042	0	
1252174	8445.67188	3305256317443	0.24643	0.44406	8444.97559	0.69629	11369	1	0.24118	0.38286	1	0.26477	0.49872	1	0.25297	0.44079	1	0.46634	0.53908	11.23068	1.04242	1	0.72958	0.56218	13.69414	1.04242	1	-0.00707	-0.01008	0.66850	0.00246	1	0.06094	-0.01463	0.68185	0.00355	1	1.45898	0.81042	0	
1252175	8445.67871	3305256385569	0.24650	0.44465	8444.97559	0.70312	11369	1	0.24392	0.38911	1	0.26604	0.50401	1	0.25498	0.44656	1	0.46664	0.53828	10.85572	1.03440	1	0.72998	0.56148	12.76689	1.03440	1	-0.00695	-0.00976	0.65737	0.00256	1	0.06061	-0.01439	0.67814	0.00370	1	1.45898	0.81042	0	
1252176	8445.68555	3305256452376	0.24689	0.44395	8444.97559	0.70996	11369	1	0.24115	0.31962	1	0.29566	0.51074	1	0.26840	0.41518	1	0.46667	0.53815	11.47992	1.03440	1	0.73009	0.56134	12.44093	1.03440	1	-0.00695	-0.00976	0.65737	0.00243	1	0.06061	-0.01439	0.67814	0.00377	1	1.45898	0.81042	0	
1252177	8445.69238	3305256520048	0.24750	0.44357	8444.97559	0.71680	11369	1	0.26547	0.34702	1	0.28920	0.53741	1	0.27734	0.44221	1	0.46672	0.53816	11.03424	1.03440	1	0.73005	0.56164	12.64696	1.03440	1	-0.00695	-0.00976	0.65737	0.00246	1	0.06061	-0.01439	0.67814	0.00372	1	1.45898	0.81042	0	
1252178	8445.69922	3305256586120	0.24814	0.44330	8444.97559	0.72363	11369	1	0.26778	0.35287	1	0.29018	0.54190	1	0.27898	0.44738	1	0.46672	0.53792	11.21640	1.02727	1	0.72995	0.56147	12.54720	1.02727	1	-0.00667	-0.00939	0.63586	0.00249	1	0.06061	-0.01439	0.67814	0.00370	1	1.45898	0.81042	0	
1252179	8445.70605	3305256653512	0.24813	0.44261	8444.97559	0.73047	11369	1	0.25119	0.35024	1	0.29197	0.51121	1	0.27158	0.43072	1	0.46672	0.53794	11.43731	1.02015	1	0.73008	0.56116	12.54967	1.02015	1	-0.00667	-0.00939	0.63586	0.00249	1	0.06061	-0.01439	0.67814	0.00370	1	1.45898	0.81042	0	
1252180	8445.71289	3305256720111	0.24916	0.44252	8444.97559	0.73730	11369	1	0.26972	0.34347	1	0.28944	0.51083	1	0.27958	0.42715	1	0.46669	0.53794	11.42968	1.01302	1	0.73006	0.56128	12.61970	1.01302	1	-0.00667	-0.00939	0.63586	0.00248	1	0.06061	-0.01439	0.67814	0.00364	1	1.45898	0.81042	0	
1252181	8445.71875	3305256787481	0.25015	0.44230	8444.97559	0.74316	11369	1	0.26972	0.34347	1	0.28944	0.51083	1	0.27958	0.42715	1	0.46671	0.53800	11.28847	1.01302	1	0.72994	0.56103	12.53834	1.01302	1	-0.00695	-0.00971	0.65737	0.00258	1	0.06061	-0.01439	0.67814	0.00380	1	1.45898	0.81042	0	
1252182	8445.72559	3305256854097	0.25053	0.44196	8444.97559	0.75000	11369	1	0.26453	0.36326	1	0.28941	0.51538	1	0.27697	0.43932	1	0.46663	0.53805	11.45504	1.02015	1	0.73003	0.56135	12.60833	1.02015	1	-0.00695	-0.00971	0.65737	0.00243	1	0.06061	-0.01439	0.67814	0.00361	1	1.45898	0.81042	0	
1252183	8445.73242	3305256921470	0.25108	0.44153	8444.97559	0.75684	11369	1	0.26943	0.34308	1	0.27801	0.48888	1	0.27372	0.41598	1	0.46669	0.53794	11.47230	1.02727	1	0.72986	0.56108	12.54867	1.02727	1	-0.00695	-0.00971	0.65737	0.00251	1	0.06061	-0.01439	0.67814	0.00378	1	1.45898	0.81042	0	
1252184	8445.73926	3305256988255	0.25165	0.44112	8444.97559	0.76367	11369	1	0.26714	0.33717	1	0.27695	0.48403	1	0.27204	0.41060	1	0.46678	0.53792	11.42376	1.03440	1	0.73003	0.56141	12.62267	1.03440	1	-0.00695	-0.00971	0.65737	0.00251	1	0.06061	-0.01439	0.67814	0.00361	1	1.45898	0.81042	0	
1252185	8445.74609	3305257055245	0.25258	0.44122	8444.97559	0.77051	11369	1	0.26651	0.33502	1	0.29286	0.49556	1	0.27968	0.41529	1	0.46672	0.53793	11.46270	1.03440	1	0.73002	0.56123	12.60561	1.03440	1	-0.00695	-0.00971	0.65737	0.00250	1	0.06061	-0.01439	0.67814	0.00366	1	1.45898	0.81042	0	
1252186	8445.75293	3305257122420	0.25321	0.44073	8444.97559	0.77734	11369	1	0.25886	0.33537	1	0.28120	0.49164	1	0.27003	0.41350	1	0.46666	0.53802	11.48278	1.03440	1	0.72989	0.56102	12.49657	1.03440	1	-0.00695	-0.00971	0.65737	0.00243	1	0.06061	-0.01439	0.67814	0.00381	1	1.45898	0.81042	0	
1252187	8445.75977	3305257188089	0.27483	0.42483	8444.97559	0.77734	11369	0	0.25886	0.33537	1	0.28120	0.49164	1	0.27003	0.41350	1	0.46662	0.53803	11.44649	1.03440	1	0.72995	0.56127	12.58482	1.03440	1	-0.00695	-0.00971	0.65737	0.00246	1	0.06061	-0.01439	0.67814	0.00365	1	1.45898	0.81042	0	
1252188	8445.76562	3305257255856	0.26785	0.41050	8444.97559	0.77734	11369	0	0.23617	0.32405	1	0.28556	0.46830	1	0.26087	0.39617	1	0.46668	0.53798	11.49569	1.03440	1	0.73001	0.56111	12.58325	1.03440	1	-0.00695	-0.00971	0.65737	0.00245	1	0.06061	-0.01439	0.67814	0.00359	1	1.45898	0.81042	0	
1252189	8445.77246	3305257323090	0.26588	0.41058	8444.97559	0.77734	11369	0	0.24309	0.34147	1	0.28083	0.48002	1	0.26196	0.41074	1	0.46672	0.53794	11.46030	1.03440	1	0.72987	0.56115	12.47275	1.03440	1	-0.00695	-0.00971	0.65737	0.00252	1	0.06061	-0.01439	0.67814	0.00363	1	1.45898	0.81042	0	
1252190	8445.77930	3305257390191	0.26490	0.41062	8445.75977	0.01953	11370	1	0.24309	0.34147	1	0.28083	0.48002	1	0.26196	0.41074	1	0.46676	0.53796	11.59009	1.03440	1	0.72981	0.56100	12.55108	1.03440	1	-0.00695	-0.00971	0.65737	0.00242	1	0.06042	-0.01432	0.67489	0.00357	1	1.45898	0.81042	0	
1252191	8445.78613	3305257457378	0.26376	0.40952	8445.75977	0.02637	11370	1	0.23427	0.33167	1	0.28411	0.47855	1	0.25919	0.40511	1	0.46656	0.53798	11.43812	1.03440	1	0.73004	0.56090	13.04300	1.03440	1	-0.00695	-0.00971	0.65737	0.00257	1	0.06042	-0.01432	0.67489	0.00348	1	1.45898	0.81042	0	
1252192	8445.79297	3305257524012	0.26420	0.40890	8445.75977	0.03320	11370	1	0.24070	0.33550	1	0.29210	0.47605	1	0.26640	0.40577	1	0.46677	0.53802	11.43876	1.03440	1	0.73003	0.56078	12.79612	1.03440	1	-0.00695	-0.00971	0.65737	0.00243	1	0.06042	-0.01432	0.67489	0.00356	1	1.45898	0.81042	0	
1252193	8445.79980	3305257592063	0.26401	0.40697	8445.75977	0.04004	11370	1	0.23484	0.32125	1	0.29084	0.46954	1	0.26284	0.39540	1	0.46672	0.53797	11.31956	1.05150	1	0.73010	0.56100	12.18039	1.04384	1	-0.00741	-0.01051	0.71119	0.00243	1	0.05938	-0.01409	0.66381	0.00364	1	1.45898	0.81042	0	
1252194	8445.80664	3305257658167	0.26298	0.40308	8445.75977	0.04688	11370	1	0.23880	0.31658	1	0.27274	0.43520	1	0.25577	0.37589	1	0.46678	0.53802	11.16723	1.06095	1	0.72980	0.56049	12.23457	1.05329	1	-0.00741	-0.01051	0.71119	0.00255	1	0.05938	-0.01409	0.66381	0.00388	1	1.45898	0.81042	0	
1252195	8445.81250	3305257724997	0.26233	0.39861	8445.75977	0.05273	11370	1	0.25368	0.28291	1	0.26068	0.44266	1	0.25718	0.36279	1	0.46684	0.53790	11.27243	1.07039	1	0.73002	0.56063	12.54801	1.06273	1	-0.00741	-0.01051	0.71119	0.00250	1	0.05938	-0.01409	0.66381	0.00367	1	1.45898	0.81042	0	
1252196	8445.81934	3305257788484	0.26153	0.39402	8445.75977	0.05957	11370	1	0.25068	0.27484	1	0.25797	0.43071	1	0.25432	0.35277	1	0.46692	0.53781	11.39410	1.07983	1	0.73014	0.56074	12.84918	1.07983	1	-0.00722	-0.01019	0.69303	0.00250	1	0.06042	-0.01432	0.67489	0.00358	1	1.45898	0.81042	0	
1252197	8445.82617	3305257856141	0.26105	0.39143	8445.75977	0.06641	11370	1	0.24290	0.29623	1	0.26956	0.43485	1	0.25623	0.36554	1	0.46691	0.53785	11.38932	1.07983	1	0.73023	0.56074	12.72963	1.08749	1	-0.00722	-0.01019	0.69303	0.00244	1	0.06042	-0.01432	0.67489	0.00362	1	1.45898	0.81042	0	
1252198	8445.83301	3305257924080	0.25896	0.38547	8445.75977	0.07324	11370	1	0.24133	0.28622	1	0.23070	0.35357	1	0.23601	0.31989	1	0.46686	0.53793	11.14724	1.08749	1	0.72994	0.55997	12.63665	1.09515	1	-0.00722	-0.01019	0.69303	0.00248	1	0.06042	-0.01432	0.67489	0.00401	1	1.45898	0.81042	0	
1252199	8445.83984	3305257993265	0.25723	0.38052	8445.75977	0.08008	11370	1	0.24179	0.28741	1	0.23096	0.35465	1	0.23637	0.32103	1	0.46690	0.53793	11.26584	1.08606	1	0.73011	0.56057	12.55863	1.09372	1	-0.00695	-0.00988	0.67194	0.00244	1	0.06042	-0.01432	0.67489	0.00373	1	1.45898	0.81042	0	AUDIO_FILE_OFFSET
1252200	8445.84668	3305258060481	0.25452	0.37912	8445.75977	0.08691	11370	1	0.21204	0.30062	1	0.22659	0.42138	1	0.21931	0.36100	1	0.46687	0.53791	11.41997	1.08464	1	0.72990	0.56074	12.80849	1.08464	1	-0.00695	-0.00988	0.67194	0.00246	1	0.06042	-0.01432	0.67489	0.00361	1	1.45898	0.81042	0	
1252201	8445.85352	3305258127157	0.25268	0.37850	8445.75977	0.09375	11370	1	0.21936	0.31290	1	0.23466	0.42685	1	0.22701	0.36988	1	0.46691	0.53790	11.44610	1.07555	1	0.72997	0.56073	12.44165	1.07555	1	-0.00695	-0.00988	0.67194	0.00244	1	0.06042	-0.01432	0.67489	0.00370	1	1.45898	0.81042	0	
1252202	8445.86035	3305258193892	0.25136	0.37878	8445.75977	0.10059	11370	1	0.22528	0.32699	1	0.23774	0.43888	1	0.23151	0.38294	1	0.46685	0.53798	11.27369	1.05845	1	0.73022	0.56107	12.46828	1.05845	1	-0.00677	-0.00974	0.65935	0.00249	1	0.06042	-0.01432	0.67489	0.00362	1	1.45898	0.81042	0	
1252203	8445.86621	3305258261064	0.25068	0.37991	8445.75977	0.10645	11370	1	0.23177	0.32699	1	0.24794	0.46909	1	0.23985	0.39804	1	0.46697	0.53790	11.35386	1.05043	1	0.73009	0.56105	12.89474	1.05043	1	-0.00677	-0.00974	0.65935	0.00250	1	0.06042	-0.01432	0.67489	0.00357	1	1.45898	0.81042	0	
1252204	8445.87305	3305258327513	0.24976	0.38057	8445.75977	0.11328	11370	1	0.21848	0.32387	1	0.24972	0.45970	1	0.23410	0.39178	1	0.46685	0.53794	11.42007	1.04242	1	0.73013	0.56085	12.81331	1.04242	1	-0.00677	-0.00974	0.65935	0.00248	1	0.06042	-0.01432	0.67489	0.00361	1	1.45898	0.81042	0	
1252205	8445.87988	3305258392080	0.24908	0.38163	8445.75977	0.12012	11370	1	0.22135	0.33060	1	0.25241	0.47061	1	0.23688	0.40061	1	0.46702	0.53798	11.05446	1.03440	1	0.73027	0.56113	12.91392	1.02674	1	-0.00677	-0.00974	0.65935	0.00257	1	0.05967	-0.01413	0.66590	0.00369	1	1.45898	0.81042	0	
1252358	8446.90430	3305268642924	0.50145	0.49567	8446.63672	0.24805	11373	0	0.55277	0.53641	1	0.47318	0.45415	1	0.51297	0.49528	1	0.47883	0.54005	10.93957	1.04349	1	0.74134	0.56155	11.03780	1.04349	1	-0.00515	-0.00985	0.67319	0.00338	1	0.06431	-0.01496	0.69504	0.00364	1	1.45898	0.81042	0	STOP_TRIAL
1252359	8446.91113	3305268709833	0.50488	0.48932	8446.89160	0.01953	11374	1	0.55608	0.53699	1	0.47424	0.40354	1	0.51516	0.47027	1	0.47876	0.54003	10.63168	1.04349	1	0.74134	0.56155	11.03780	1.05115	1	-0.00515	-0.00985	0.67319	0.00341	1	0.06431	-0.01496	0.69504	0.00364	1	1.45898	0.81042	0	START_TRIAL
1252360	8446.91797	3305268777255	0.50551	0.48368	8446.89160	0.02637	11374	1	0.53859	0.52507	1	0.47748	0.39717	1	0.50803	0.46112	1	0.47863	0.53997	10.32209	1.05115	1	0.74132	0.56173	11.06220	1.05881	1	-0.00515	-0.00985	0.67319	0.00348	1	0.06431	-0.01496	0.69504	0.00360	1	1.45898	0.81042	0	
1252361	8446.92480	3305268844355	0.50588	0.47744	8446.89160	0.03320	11374	1	0.53700	0.51465	1	0.47848	0.37784	1	0.50774	0.44625	1	0.47885	0.54007	11.02086	1.06789	1	0.74133	0.56155	11.07741	1.08423	1	-0.00540	-0.01023	0.69943	0.00337	1	0.06539	-0.01517	0.70727	0.00364	1	1.45898	0.81042	0	
1252362	8446.93164	3305268911306	0.50576	0.47428	8446.89160	0.04004	11374	1	0.54277	0.48194	1	0.46724	0.42876	1	0.50500	0.45535	1	0.47880	0.53992	10.95845	1.09332	1	0.74119	0.56176	11.35328	1.10200	1	-0.00540	-0.01023	0.69943	0.00335	1	0.06539	-0.01517	0.70727	0.00354	1	1.45898	0.81042	0	
1252363	8446.93848	3305268977997	0.50663	0.47149	8446.89160	0.04688	11374	1	0.54539	0.48614	1	0.48014	0.41764	1	0.51277	0.45189	1	0.47872	0.54018	10.78120	1.11108	1	0.74131	0.56171	11.08220	1.11977	1	-0.00540	-0.01023	0.69943	0.00339	1	0.06539	-0.01517	0.70727	0.00351	1	1.45898	0.81042	0	
1252364	8446.94531	3305269046200	0.50727	0.46800	8446.89160	0.05371	11374	1	0.54390	0.47507	1	0.48084	0.40520	1	0.51237	0.44013	1	0.47874	0.53966	10.46372	1.12885	1	0.74126	0.56187	11.13998	1.13753	1	-0.00540	-0.01023	0.69943	0.00360	1	0.06539	-0.01517	0.70727	0.00349	1	1.45898	0.81042	0	
1252365	8446.95215	3305269112455	0.50890	0.46710	8446.89160	0.06055	11374	1	0.56380	0.49560	1	0.48341	0.42231	1	0.52361	0.45895	1	0.47906	0.54043	11.23409	1.13753	1	0.74133	0.56180	11.12598	1.13753	1	-0.00540	-0.01023	0.69943	0.00342	1	0.06539	-0.01517	0.70727	0.00351	1	1.45898	0.81042	0	
1252366	8446.95801	3305269179183	0.50948	0.46567	8446.89160	0.06641	11374	1	0.54700	0.48054	1	0.48341	0.42231	1	0.51520	0.45142	1	0.47879	0.54029	10.83126	1.13753	1	0.74132	0.56180	11.16814	1.13753	1	-0.00540	-0.01023	0.69943	0.00336	1	0.06539	-0.01517	0.70727	0.00350	1	1.45898	0.81042	0	
1252367	8446.96484	3305269246735	0.50995	0.46522	8446.89160	0.07324	11374	1	0.54773	0.48611	1	0.48267	0.43449	1	0.51520	0.46030	1	0.47878	0.54022	10.48218	1.12845	1	0.74136	0.56171	11.02814	1.11977	1	-0.00531	-0.00990	0.68037	0.00341	1	0.06256	-0.01448	0.67721	0.00358	1	1.45898	0.81042	0	
1252368	8446.97168	3305269313190	0.50919	0.46055	8446.89160	0.08008	11374	1	0.52305	0.45109	1	0.47694	0.35774	1	0.50000	0.40442	1	0.47842	0.53982	11.11531	1.11068	1	0.74135	0.56163	11.07640	1.10200	1	-0.00531	-0.00990	0.68037	0.00341	1	0.06256	-0.01448	0.67721	0.00360	1	1.45898	0.81042	0	
1252369	8446.97852	3305269380161	0.50963	0.45579	8446.89160	0.08691	11374	1	0.55228	0.44075	1	0.47847	0.34724	1	0.51537	0.39399	1	0.47851	0.53957	10.21913	1.09291	1	0.74133	0.56131	10.98038	1.08423	1	-0.00531	-0.00990	0.68037	0.00338	1	0.06256	-0.01448	0.67721	0.00374	1	1.45898	0.81042	0	
1252370	8446.98535	3305269447095	0.51004	0.45254	8446.89160	0.09375	11374	1	0.55370	0.45273	1	0.47777	0.36124	1	0.51573	0.40699	1	0.47853	0.53986	10.19023	1.07515	1	0.74111	0.56187	11.12470	1.06647	1	-0.00544	-0.00995	0.68403	0.00338	1	0.06289	-0.01460	0.68080	0.00350	1	1.45898	0.81042	0	
1252371	8446.99219	3305269514120	0.51147	0.45276	8446.89160	0.10059	11374	1	0.56204	0.48148	1	0.50377	0.43071	1	0.53290	0.45610	1	0.47861	0.53982	10.37284	1.06647	1	0.74137	0.56187	11.10774	1.06647	1	-0.00544	-0.00995	0.68403	0.00331	1	0.06289	-0.01460	0.68080	0.00352	1	1.45898	0.81042	0	
1252372	8446.99902	3305269581107	0.51171	0.45398	8446.89160	0.10742	11374	1	0.54631	0.46780	1	0.48482	0.47899	1	0.51556	0.47340	1	0.47829	0.53982	9.97606	1.06647	1	0.74145	0.56221	11.42565	1.06647	1	-0.00544	-0.00995	0.68403	0.00333	1	0.06289	-0.01460	0.68080	0.00362	1	1.45898	0.81042	0	
1252373	8447.00488	3305269647823	0.51192	0.45505	8446.89160	0.11328	11374	1	0.54631	0.46780	1	0.48482	0.47899	1	0.51556	0.47340	1	0.47790	0.53964	10.50235	1.06647	1	0.74140	0.56210	11.37171	1.06647	1	-0.00544	-0.00995	0.68403	0.00344	1	0.06256	-0.01448	0.67721	0.00347	1	1.45898	0.81042	0	
1252374	8447.01172	3305269714947	0.51196	0.45512	8446.89160	0.12012	11374	1	0.52630	0.46696	1	0.49897	0.44548	1	0.51263	0.45622	1	0.47806	0.53951	10.25574	1.06647	1	0.74131	0.56212	11.48440	1.06647	1	-0.00544	-0.00995	0.68403	0.00341	1	0.06256	-0.01448	0.67721	0.00354	1	1.45898	0.81042	0	
1252375	8447.01855	3305269781747	0.51209	0.45579	8446.89160	0.12695	11374	1	0.53205	0.49698	1	0.49700	0.44028	1	0.51452	0.46863	1	0.47819	0.53992	11.25222	1.06647	1	0.74122	0.56192	11.28942	1.06647	1	-0.00544	-0.00995	0.68403	0.00330	1	0.06256	-0.01448	0.67721	0.00356	1	1.45898	0.81042	0	
1252376	8447.02539	3305269846896	0.51219	0.45653	8446.89160	0.13379	11374	1	0.53205	0.49698	1	0.49656	0.44576	1	0.51430	0.47137	1	0.47801	0.54011	10.80924	1.06647	1	0.74113	0.56198	11.33089	1.05881	1	-0.00536	-0.00986	0.67428	0.00336	1	0.06191	-0.01434	0.67069	0.00364	1	1.45898	0.81042	0	
1252377	8447.03223	3305269913831	0.51178	0.45819	8446.89160	0.14062	11374	1	0.51488	0.52495	1	0.49127	0.46093	1	0.50308	0.49294	1	0.47782	0.54010	10.32299	1.05881	1	0.74124	0.56234	11.43773	1.05115	1	-0.00536	-0.00986	0.67428	0.00345	1	0.06191	-0.01434	0.67069	0.00362	1	1.45898	0.81042	0	
1252378	8447.03809	3305269980193	0.51137	0.46069	8446.89160	0.14648	11374	1	0.51989	0.55079	1	0.48495	0.48055	1	0.50242	0.51567	1	0.47784	0.54016	10.43577	1.05115	1	0.74109	0.56236	11.28346	1.04349	1	-0.00536	-0.00986	0.67428	0.00340	1	0.06191	-0.01434	0.67069	0.00357	1	1.45898	0.81042	0	
1252379	8447.04590	3305270050157	0.51101	0.46318	8446.89160	0.15430	11374	1	0.52074	0.55538	1	0.48459	0.48585	1	0.50266	0.52061	1	0.47787	0.53988	10.16193	1.04349	1	0.74116	0.56243	11.18711	1.03583	1	-0.00536	-0.00986	0.67428	0.00343	1	0.06191	-0.01434	0.67069	0.00362	1	1.45898	0.81042	0	
1252380	8447.05176	3305270114627	0.51146	0.46439	8446.89160	0.16016	11374	1	0.55118	0.48894	1	0.49346	0.49785	1	0.52232	0.49339	1	0.47810	0.53948	10.42008	1.03583	1	0.74088	0.56265	10.70158	1.03583	1	-0.00536	-0.00986	0.67428	0.00368	1	0.06191	-0.01434	0.67069	0.00350	1	1.45898	0.81042	0	
1252381	8447.05859	3305270179570	0.51103	0.46570	8446.89160	0.16699	11374	1	0.51891	0.52014	1	0.48141	0.47640	1	0.50016	0.49827	1	0.47791	0.54014	10.40223	1.03583	1	0.74070	0.56225	10.60600	1.03583	1	-0.00536	-0.00986	0.67428	0.00336	1	0.06191	-0.01434	0.67069	0.00347	1	1.45898	0.81042	0	
1252382	8447.06543	3305270248949	0.51062	0.46658	8446.89160	0.17383	11374	1	0.51788	0.51435	1	0.48215	0.46467	1	0.50001	0.48951	1	0.47864	0.54002	9.89843	1.04492	1	0.74120	0.56246	11.55441	1.05257	1	-0.00554	-0.01023	0.70303	0.00338	1	0.06294	-0.01459	0.68245	0.00355	1	1.45898	0.81042	0	
1252383	8447.07227	3305270316092	0.50969	0.46688	8446.89160	0.18066	11374	1	0.51788	0.51435	0	0.48457	0.47513	1	0.48457	0.47513	1	0.47864	0.54002	9.89843	1.06166	0	0.74146	0.56145	9.95208	1.06932	1	-0.00554	-0.01023	0.70303	0.00338	1	0.06294	-0.01459	0.68245	0.00370	1	1.45898	0.81042	0	
1252384	8447.07910	3305270383395	0.50969	0.46688	8446.89160	0.18750	11374	1	0.51788	0.51435	0	0.48457	0.47513	0	0.48457	0.47513	0	0.47864	0.54002	9.89843	1.07841	0	0.74146	0.56145	9.95208	1.08606	0	-0.00554	-0.01023	0.70303	0.00338	1	0.06294	-0.01459	0.68245	0.00370	1	1.45898	0.81042	0	
1252385	8447.08496	3305270447114	0.50969	0.46688	8446.89160	0.19336	11374	1	0.51788	0.51435	0	0.48457	0.47513	0	0.48457	0.47513	0	0.47864	0.54002	9.89843	1.09515	0	0.74146	0.56145	9.95208	1.10281	0	-0.00554	-0.01023	0.70303	0.00338	1	0.06294	-0.01459	0.68245	0.00370	1	1.45898	0.81042	0	
1252386	8447.09180	3305270515758	0.50969	0.46688	8446.89160	0.20020	11374	1	0.51788	0.51435	0	0.48457	0.47513	0	0.48457	0.47513	0	0.47864	0.54002	9.89843	1.10281	0	0.74146	0.56145	9.95208	1.10281	0	-0.00554	-0.01023	0.70303	0.00338	1	0.06294	-0.01459	0.68245	0.00370	1	1.45898	0.81042	0	
1252387	8447.09863	3305270585786	0.50732	0.48571	8446.89160	0.20020	11374	0	0.51788	0.51435	0	0.48457	0.47513	0	0.48457	0.47513	0	0.47864	0.54002	9.89843	1.10281	0	0.74146	0.56145	9.95208	1.10281	0	-0.00554	-0.01023	0.70303	0.00338	1	0.06294	-0.01459	0.68245	0.00370	1	1.45898	0.81042	0	
1252388	8447.10547	3305270653140	0.50732	0.48571	8446.89160	0.20020	11374	0	0.51788	0.51435	0	0.48457	0.47513	0	0.48457	0.47513	0	0.47864	0.54002	9.89843	1.10281	0	0.74146	0.56145	9.95208	1.10281	0	-0.00554	-0.01023	0.70303	0.00338	1	0.06294	-0.01459	0.68245	0.00370	1	1.45898	0.81042	0	
1252389	8447.11230	3305270720333	0.50732	0.48571	8446.89160	0.20020	11374	0	0.51788	0.51435	0	0.48457	0.47513	0	0.48457	0.47513	0	0.47864	0.54002	9.89843	1.10281	0	0.74146	0.56145	9.95208	1.10281	0	-0.00554	-0.01023	0.70303	0.00338	1	0.06294	-0.01459	0.68245	0.00370	1	1.45898	0.81042	0	
1252390	8447.11914	3305270786646	0.00000	0.00000	8446.89160	0.20020	11374	0	0.51788	0.51435	0	0.48457	0.47513	0	0.48457	0.47513	0	0.47864	0.54002	9.89843	1.10281	0	0.74146	0.56145	9.95208	1.10281	0	-0.00554	-0.01023	0.70303	0.00338	1	0.06294	-0.01459	0.68245	0.00370	1	1.45898	0.81042	0	
1252391	8447.12598	3305270853327	0.00000	0.00000	8446.89160	0.20020	11374	0	0.51788	0.51435	0	0.48457	0.47513	0	0.48457	0.47513	0	0.47864	0.54002	9.89843	1.10281	0	0.74146	0.56145	9.95208	1.10281	0	-0.00554	-0.01023	0.70303	0.00338	1	0.06294	-0.01459	0.68245	0.00370	1	1.45898	0.81042	0	
1252392	8447.13281	3305270921216	0.00000	0.00000	8446.89160	0.20020	11374	0	0.51788	0.51435	0	0.48457	0.47513	0	0.48457	0.47513	0	0.47864	0.54002	9.89843	1.10281	0	0.74146	0.56145	9.95208	1.10281	0	-0.00554	-0.01023	0.70303	0.00338	1	0.06294	-0.01459	0.68245	0.00370	1	1.45898	0.81042	0	
1252393	8447.13867	3305270986418	0.00000	0.00000	8446.89160	0.20020	11374	0	0.51788	0.51435	0	0.48457	0.47513	0	0.48457	0.47513	0	0.47864	0.54002	9.89843	1.10281	0	0.74146	0.56145	9.95208	1.10281	0	-0.00554	-0.01023	0.70303	0.00338	1	0.06294	-0.01459	0.68245	0.00370	1	1.45898	0.81042	0	
1252394	8447.14551	3305271047690	0.00000	0.00000	8446.89160	0.20020	11374	0	0.51788	0.51435	0	0.48457	0.47513	0	0.48457	0.47513	0	0.47864	0.54002	9.89843	1.10281	0	0.74146	0.56145	9.95208	1.10281	0	-0.00554	-0.01023	0.70303	0.00338	1	0.06294	-0.01459	0.68245	0.00370	1	1.45898	0.81042	0	
1252395	8447.15234	3305271117018	0.00000	0.00000	8446.89160	0.20020	11374	0	0.51788	0.51435	0	0.48457	0.47513	0	0.48457	0.47513	0	0.47864	0.54002	9.89843	1.10281	0	0.74146	0.56145	9.95208	1.10281	0	-0.00554	-0.01023	0.70303	0.00338	1	0.06294	-0.01459	0.68245	0.00370	1	1.45898	0.81042	0	
1252396	8447.15918	3305271187063	0.00000	0.00000	8446.89160	0.20020	11374	0	0.51788	0.51435	0	0.48457	0.47513	0	0.48457	0.47513	0	0.47864	0.54002	9.89843	1.10281	0	0.74146	0.56145	9.95208	1.10281	0	-0.00554	-0.01023	0.70303	0.00338	1	0.06294	-0.01459	0.68245	0.00370	1	1.45898	0.81042	0	
1252397	8447.16602	3305271253204	0.00000	0.00000	8446.89160	0.20020	11374	0	0.51788	0.51435	0	0.48457	0.47513	0	0.48457	0.47513	0	0.47864	0.54002	9.89843	1.10281	0	0.74146	0.56145	9.95208	1.10281	0	-0.00554	-0.01023	0.70303	0.00338	1	0.06294	-0.01459	0.68245	0.00370	1	1.45898	0.81042	0	
1252398	8447.17285	3305271320855	0.00000	0.00000	8446.89160	0.20020	11374	0	0.51788	0.51435	0	0.48457	0.47513	0	0.48457	0.47513	0	0.47864	0.54002	9.89843	1.10281	0	0.74146	0.56145	9.95208	1.10281	0	-0.00554	-0.01023	0.70303	0.00338	1	0.06294	-0.01459	0.68245	0.00370	1	1.45898	0.81042	0	
1252399	8447.17871	3305271386303	0.00000	0.00000	8446.89160	0.20020	11374	0	0.51788	0.51435	0	0.48457	0.47513	0	0.48457	0.47513	0	0.47864	0.54002	9.89843	1.10281	0	0.74146	0.56145	9.95208	1.10281	0	-0.00554	-0.01023	0.70303	0.00338	1	0.06294	-0.01459	0.68245	0.00370	1	1.45898	0.81042	0	
1252400	8447.18555	3305271453741	0.00000	0.00000	8446.89160	0.20020	11374	0	0.51788	0.51435	0	0.48457	0.47513	0	0.48457	0.47513	0	0.47864	0.54002	9.89843	1.10281	0	0.74146	0.56145	9.95208	1.10281	0	-0.00554	-0.01023	0.70303	0.00338	1	0.06294	-0.01459	0.68245	0.00370	1	1.45898	0.81042	0	
1252401	8447.19238	3305271521519	0.00000	0.00000	8446.89160	0.20020	11374	0	0.51788	0.51435	0	0.48457	0.47513	0	0.48457	0.47513	0	0.47864	0.54002	9.89843	1.10281	0	0.74146	0.56145	9.95208	1.10281	0	-0.00554	-0.01023	0.70303	0.00338	1	0.06294	-0.01459	0.68245	0.00370	1	1.45898	0.81042	0	
1252402	8447.19922	3305271588922	0.00000	0.00000	8446.89160	0.20020	11374	0	0.51788	0.51435	0	0.48457	0.47513	0	0.48457	0.47513	0	0.47864	0.54002	9.89843	1.10281	0	0.74146	0.56145	9.95208	1.10281	0	-0.00554	-0.01023	0.70303	0.00338	1	0.06294	-0.01459	0.68245	0.00370	1	1.45898	0.81042	0	
1252403	8447.20605	3305271656980	0.00000	0.00000	8446.89160	0.20020	11374	0	0.51788	0.51435	0	0.48457	0.47513	0	0.48457	0.47513	0	0.47864	0.54002	9.89843	1.10281	0	0.74146	0.56145	9.95208	1.10281	0	-0.00554	-0.01023	0.70303	0.00338	1	0.06294	-0.01459	0.68245	0.00370	1	1.45898	0.81042	0	
1252404	8447.21289	3305271724119	0.00000	0.00000	8446.89160	0.20020	11374	0	0.51788	0.51435	0	0.48457	0.47513	0	0.48457	0.47513	0	0.47864	0.54002	9.89843	1.10281	0	0.74146	0.56145	9.95208	1.10281	0	-0.00554	-0.01023	0.70303	0.00338	1	0.06294	-0.01459	0.68245	0.00370	1	1.45898	0.81042	0	
1252405	8447.21973	3305271791389	0.00000	0.00000	8446.89160	0.20020	11374	0	0.51788	0.51435	0	0.48457	0.47513	0	0.48457	0.47513	0	0.47864	0.54002	9.89843	1.10281	0	0.74146	0.56145	9.95208	1.10281	0	-0.00554	-0.01023	0.70303	0.00338	1	0.06294	-0.01459	0.68245	0.00370	1	1.45898	0.81042	0	
1252406	8447.22656	3305271858390	0.00000	0.00000	8446.89160	0.20020	11374	0	0.51788	0.51435	0	0.48457	0.47513	0	0.48457	0.47513	0	0.47864	0.54002	9.89843	1.10281	0	0.74146	0.56145	9.95208	1.10281	0	-0.00554	-0.01023	0.70303	0.00338	1	0.06294	-0.01459	0.68245	0.00370	1	1.45898	0.81042	0	
1252407	8447.23340	3305271925629	0.00000	0.00000	8446.89160	0.20020	11374	0	0.51788	0.51435	0	0.48457	0.47513	0	0.48457	0.47513	0	0.47864	0.54002	9.89843	1.10281	0	0.74146	0.56145	9.95208	1.10281	0	-0.00554	-0.01023	0.70303	0.00338	1	0.06294	-0.01459	0.68245	0.00370	1	1.45898	0.81042	0	
1252408	8447.23926	3305271992346	0.00000	0.00000	8446.89160	0.20020	11374	0	0.51788	0.51435	0	0.48457	0.47513	0	0.48457	0.47513	0	0.47864	0.54002	9.89843	1.10281	0	0.74146	0.56145	9.95208	1.10281	0	-0.00554	-0.01023	0.70303	0.00338	1	0.06294	-0.01459	0.68245	0.00370	1	1.45898	0.81042	0	
1252409	8447.24609	3305272058749	0.00000	0.00000	8446.89160	0.20020	11374	0	0.51788	0.51435	0	0.48457	0.47513	0	0.48457	0.47513	0	0.47864	0.54002	9.89843	1.10281	0	0.74146	0.56145	9.95208	1.10281	0	-0.00554	-0.01023	0.70303	0.00338	1	0.06294	-0.01459	0.68245	0.00370	1	1.45898	0.81042	0	
1252410	8447.25293	3305272126002	0.00000	0.00000	8446.89160	0.20020	11374	0	0.51788	0.51435	0	0.48457	0.47513	0	0.48457	0.47513	0	0.47864	0.54002	9.89843	1.10281	0	0.74146	0.56145	9.95208	1.10281	0	-0.00554	-0.01023	0.70303	0.00338	1	0.06294	-0.01459	0.68245	0.00370	1	1.45898	0.81042	0	
1252411	8447.25977	3305272193359	0.00000	0.00000	8446.89160	0.20020	11374	0	0.51788	0.51435	0	0.48457	0.47513	0	0.48457	0.47513	0	0.47864	0.54002	9.89843	1.10281	0	0.74146	0.56145	9.95208	1.10281	0	-0.00554	-0.01023	0.70303	0.00338	1	0.06294	-0.01459	0.68245	0.00370	1	1.45898	0.81042	0	
1252412	8447.26660	3305272260650	0.24943	0.23675	8446.89160	0.20020	11374	0	0.51238	0.48326	1	0.48533	0.46374	1	0.49886	0.47350	1	0.47905	0.53966	10.45538	1.09372	1	0.74215	0.56339	11.03124	1.08606	1	-0.00536	-0.00996	0.67428	0.00331	1	0.05774	-0.01351	0.62560	0.00344	1	1.45898	0.81042	0	
1252413	8447.27344	3305272326892	0.35790	0.29981	8446.89160	0.20020	11374	0	0.60900	0.37802	1	0.54066	0.47381	1	0.57483	0.42591	1	0.47906	0.53960	10.21699	1.07698	1	0.74202	0.56249	11.11810	1.06932	1	-0.00536	-0.00996	0.67428	0.00331	1	0.05774	-0.01351	0.62560	0.00344	1	1.45898	0.81042	0	
1252414	8447.28027	3305272394248	0.55101	0.45970	8446.89160	0.20020	11374	0	0.61174	0.43302	1	0.54694	0.52635	1	0.57934	0.47969	1	0.47945	0.54028	10.71647	1.06023	1	0.74208	0.56291	11.09673	1.05257	1	-0.00536	-0.00996	0.67428	0.00331	1	0.05774	-0.01351	0.62560	0.00336	1	1.45898	0.81042	0	
1252415	8447.28711	3305272461427	0.56508	0.47409	8446.89160	0.20020	11374	0	0.61228	0.44475	1	0.54600	0.53222	1	0.57914	0.48848	1	0.47917	0.54017	11.38842	1.04349	1	0.74208	0.56259	11.27825	1.04349	1	-0.00544	-0.01016	0.68402	0.00324	1	0.06256	-0.01458	0.67721	0.00344	1	1.45898	0.81042	0	
1252416	8447.29297	3305272528053	0.56738	0.49846	8446.89160	0.20020	11374	0	0.59155	0.53359	1	0.55242	0.56081	1	0.57198	0.54720	1	0.47903	0.54065	10.79042	1.04349	1	0.74210	0.56268	11.20583	1.05115	1	-0.00544	-0.01016	0.68402	0.00370	1	0.06256	-0.01458	0.67721	0.00361	1	1.45898	0.81042	0	
1252417	8447.29980	3305272595355	0.56630	0.50786	8447.28027	0.01953	11375	1	0.58839	0.52577	1	0.53777	0.54631	1	0.56308	0.53604	1	0.47905	0.54061	10.97055	1.05115	1	0.74199	0.56247	10.62642	1.05881	1	-0.00544	-0.01016	0.68402	0.00370	1	0.06256	-0.01458	0.67721	0.00369	1	1.45898	0.81042	0	
1252418	8447.30664	3305272662283	0.56569	0.51254	8447.28027	0.02637	11375	1	0.58799	0.52103	1	0.53850	0.54154	1	0.56324	0.53128	1	0.47918	0.54101	10.96546	1.05881	1	0.74191	0.56259	10.83208	1.06647	1	-0.00544	-0.01016	0.68402	0.00350	1	0.06256	-0.01468	0.67721	0.00366	1	1.45898	0.81042	0	
1252419	8447.31348	3305272729285	0.56165	0.52017	8447.28027	0.03320	11375	1	0.59991	0.51615	1	0.48298	0.60041	1	0.54145	0.55828	1	0.47918	0.54109	10.40522	1.06647	1	0.74112	0.56338	12.50282	1.06647	1	-0.00544	-0.01016	0.68402	0.00355	1	0.06256	-0.01468	0.67721	0.00377	1	1.45898	0.81042	0	
1252420	8447.32031	3305272796031	0.55821	0.52238	8447.28027	0.04004	11375	1	0.57329	0.48595	1	0.50180	0.58540	1	0.53754	0.53567	1	0.47878	0.54062	10.65535	1.06647	1	0.74141	0.56317	12.29607	1.06647	1	-0.00544	-0.01016	0.68402	0.00351	1	0.06256	-0.01468	0.67721	0.00357	1	1.45898	0.81042	0	
1252421	8447.32715	3305272862905	0.55559	0.52432	8447.28027	0.04688	11375	1	0.57329	0.48595	1	0.50133	0.58983	1	0.53731	0.53789	1	0.47855	0.54060	10.00572	1.06647	1	0.74206	0.56232	10.60372	1.05881	1	-0.00544	-0.01016	0.68402	0.00356	1	0.06191	-0.01444	0.67069	0.00352	1	1.45898	0.81042	0	
1252422	8447.33301	3305272929698	0.55660	0.52429	8447.28027	0.05273	11375	1	0.59479	0.49751	1	0.53450	0.55060	1	0.56464	0.52405	1	0.47911	0.54097	11.21662	1.05881	1	0.74195	0.56240	10.77759	1.05115	1	-0.00544	-0.01016	0.68402	0.00350	1	0.06191	-0.01444	0.67069	0.00357	1	1.45898	0.81042	0	
1252423	8447.33984	3305272994696	0.55781	0.52932	8447.28027	0.05957	11375	1	0.60105	0.58021	1	0.53633	0.56904	1	0.56869	0.57463	1	0.47908	0.54120	11.17588	1.05115	1	0.74203	0.56266	10.73714	1.04349	1	-0.00544	-0.01016	0.68402	0.00344	1	0.06191	-0.01444	0.67069	0.00360	1	1.45898	0.81042	0	
1252424	8447.34668	3305273063924	0.55878	0.53385	8447.28027	0.06641	11375	1	0.60136	0.58455	1	0.53561	0.57372	1	0.56849	0.57913	1	0.47890	0.54138	11.15387	1.04349	1	0.74191	0.56275	10.63687	1.03583	1	-0.00536	-0.00996	0.67428	0.00337	1	0.05959	-0.01387	0.64455	0.00367	1	1.45898	0.81042	0	
1252425	8447.35352	3305273127845	0.55836	0.53404	8447.28027	0.07324	11375	1	0.57943	0.47379	1	0.52801	0.59838	1	0.55372	0.53609	1	0.47902	0.54081	10.49805	1.03583	1	0.74176	0.56304	10.90739	1.03583	1	-0.00536	-0.00996	0.67428	0.00332	1	0.05959	-0.01387	0.64455	0.00343	1	1.45898	0.81042	0	
1252426	8447.36035	3305273198297	0.55897	0.53354	8447.28027	0.08008	11375	1	0.60444	0.47176	1	0.52815	0.58334	1	0.56630	0.52755	1	0.47930	0.54070	10.73202	1.03583	1	0.74182	0.56287	11.12606	1.03583	1	-0.00536	-0.00996	0.67428	0.00342	1	0.05959	-0.01387	0.64455	0.00334	1	1.45898	0.81042	0	
1252427	8447.36719	3305273265162	0.55952	0.53295	8447.28027	0.08691	11375	1	0.60444	0.47176	1	0.52882	0.57874	1	0.56663	0.52525	1	0.47958	0.54109	11.47318	1.03583	1	0.74233	0.56300	11.31232	1.04349	1	-0.00544	-0.01016	0.68402	0.00338	1	0.06279	-0.01468	0.67976	0.00348	1	1.45898	0.81042	0	
1252428	8447.37402	3305273331945	0.55986	0.53274	8447.28027	0.09375	11375	1	0.60648	0.51575	1	0.52291	0.54401	1	0.56470	0.52988	1	0.47965	0.54110	10.89618	1.04349	1	0.74207	0.56309	11.23024	1.05115	1	-0.00544	-0.01016	0.68402	0.00346	1	0.06279	-0.01468	0.67976	0.00349	1	1.45898	0.81042	0	
1252429	8447.38086	3305273398916	0.55973	0.53283	8447.28027	0.10059	11375	1	0.58844	0.54480	1	0.52705	0.52339	1	0.55775	0.53409	1	0.47932	0.54087	11.23418	1.05115	1	0.74220	0.56292	10.96655	1.05881	1	-0.00544	-0.01016	0.68402	0.00326	1	0.06279	-0.01468	0.67976	0.00349	1	1.45898	0.81042	0	
1252430	8447.38672	3305273466161	0.55962	0.53262	8447.28027	0.10645	11375	1	0.58804	0.54019	1	0.52770	0.51846	1	0.55787	0.52933	1	0.47978	0.54058	11.05703	1.05881	1	0.74268	0.56277	11.50796	1.06647	1	-0.00518	-0.01006	0.67718	0.00344	1	0.06431	-0.01496	0.69504	0.00341	1	1.45898	0.81042	0	
1252431	8447.39355	3305273532209	0.56034	0.53176	8447.28027	0.11328	11375	1	0.59301	0.53854	1	0.55202	0.49580	1	0.57252	0.51717	1	0.47943	0.54043	11.26125	1.06647	1	0.74251	0.56267	11.50977	1.06647	1	-0.00518	-0.01006	0.67718	0.00334	1	0.06431	-0.01496	0.69504	0.00339	1	1.45898	0.81042	0	
1252432	8447.40039	3305273599826	0.56003	0.52986	8447.28027	0.12012	11375	1	0.58568	0.47220	1	0.52339	0.51912	1	0.55453	0.49566	1	0.47941	0.54024	10.41521	1.06647	1	0.74257	0.56291	11.80588	1.06647	1	-0.00518	-0.01006	0.67718	0.00351	1	0.06431	-0.01496	0.69504	0.00339	1	1.45898	0.81042	0	
1252433	8447.40723	3305273665752	0.55977	0.52801	8447.28027	0.12695	11375	1	0.58568	0.47220	1	0.52409	0.51354	1	0.55489	0.49287	1	0.47961	0.53955	10.65028	1.06647	1	0.74262	0.56235	11.10915	1.07515	1	-0.00515	-0.00995	0.67320	0.00363	1	0.06400	-0.01488	0.69111	0.00371	1	1.45898	0.81042	0	
1252434	8447.41406	3305273735271	0.55899	0.52637	8447.28027	0.13379	11375	1	0.57757	0.44821	1	0.50915	0.53899	1	0.54336	0.49360	1	0.47962	0.53956	10.82611	1.07515	1	0.74229	0.56259	11.58501	1.08383	1	-0.00515	-0.00995	0.67320	0.00352	1	0.06400	-0.01488	0.69111	0.00358	1	1.45898	0.81042	0	
1252435	8447.42090	3305273802641	0.55818	0.52598	8447.28027	0.14062	11375	1	0.58006	0.48421	1	0.50223	0.55113	1	0.54115	0.51767	1	0.47962	0.53980	11.04695	1.08383	1	0.74215	0.56293	11.63553	1.09251	1	-0.00515	-0.00995	0.67320	0.00347	1	0.06400	-0.01488	0.69111	0.00353	1	1.45898	0.81042	0	
1252436	8447.42676	3305273864447	0.55743	0.52550	8447.28027	0.14648	11375	1	0.57956	0.47867	1	0.50223	0.55113	1	0.54090	0.51490	1	0.48014	0.54000	10.25528	1.09251	1	0.74281	0.56255	10.90765	1.09251	1	-0.00518	-0.00995	0.67717	0.00359	1	0.06266	-0.01455	0.67616	0.00345	1	1.45898	0.81042	0	
1252437	8447.43359	3305273930045	0.55762	0.52427	8447.28027	0.15332	11375	1	0.59741	0.51185	1	0.52636	0.48002	1	0.56189	0.49593	1	0.47992	0.54041	11.42629	1.09251	1	0.74249	0.56261	11.27653	1.08383	1	-0.00518	-0.00995	0.67717	0.00332	1	0.06266	-0.01455	0.67616	0.00347	1	1.45898	0.81042	0	
1252438	8447.44043	3305273999365	0.55850	0.52523	8447.28027	0.16016	11375	1	0.63581	0.54080	1	0.52386	0.55612	1	0.57984	0.54846	1	0.48014	0.54062	11.26572	1.08383	1	0.74216	0.56291	11.78300	1.07515	1	-0.00518	-0.00995	0.67717	0.00335	1	0.06266	-0.01455	0.67616	0.00355	1	1.45898	0.81042	0	
1252439	8447.44727	3305274065556	0.55931	0.52632	8447.28027	0.16699	11375	1	0.63591	0.54588	1	0.52316	0.56135	1	0.57953	0.55361	1	0.47886	0.53941	10.64447	1.07515	1	0.74158	0.56186	10.57108	1.06647	1	-0.00531	-0.00980	0.68037	0.00354	1	0.06431	-0.01480	0.69504	0.00358	1	1.45898	0.81042	0	
1252440	8447.45410	3305274133268	0.55758	0.52473	8447.28027	0.17383	11375	1	0.53094	0.48653	1	0.49427	0.48014	1	0.51261	0.48334	1	0.47860	0.53977	10.62992	1.06647	1	0.74154	0.56156	10.71992	1.06647	1	-0.00531	-0.00980	0.68037	0.00355	1	0.06431	-0.01480	0.69504	0.00352	1	1.45898	0.81042	0	
1252441	8447.46094	3305274199787	0.55079	0.51905	8447.28027	0.18066	11375	1	0.53094	0.48653	0	0.36739	0.36562	1	0.36739	0.36562	1	0.47860	0.53977	10.62992	1.06647	0	0.47859	0.53917	10.24970	1.06647	1	-0.00531	-0.00980	0.68037	0.00355	1	0.06431	-0.01480	0.69504	0.00356	1	1.45898	0.81042	0	
1252442	8447.46777	3305274268200	0.52300	0.48704	8447.28027	0.18066	11375	0	0.53094	0.48653	0	0.36739	0.36562	1	0.36739	0.36562	1	0.47860	0.53977	10.62992	1.06647	0	0.47877	0.53924	10.64150	1.06647	1	-0.00531	-0.00980	0.68037	0.00355	1	-0.00515	-0.00974	0.67319	0.00367	1	1.45898	0.81042	0	
1252443	8447.47363	3305274334252	0.45063	0.46218	8447.28027	0.18066	11375	0	0.53094	0.48653	0	0.37826	0.43733	1	0.37826	0.43733	1	0.47860	0.53977	10.62992	1.06647	0	0.47885	0.53910	10.83927	1.06647	1	-0.00531	-0.00980	0.68037	0.00355	1	-0.00515	-0.00974	0.67319	0.00337	1	1.45898	0.81042	0	
1252444	8447.48047	3305274399105	0.42549	0.44315	8447.28027	0.18066	11375	0	0.53094	0.48653	0	0.37520	0.40508	1	0.37520	0.40508	1	0.47860	0.53977	10.62992	1.06647	0	0.47878	0.53868	10.19439	1.06647	1	-0.00531	-0.00980	0.68037	0.00355	1	-0.00515	-0.00974	0.67319	0.00339	1	1.45898	0.81042	0	
1252445	8447.48730	3305274467727	0.37607	0.41369	8447.28027	0.18066	11375	0	0.53094	0.48653	0	0.37473	0.39866	1	0.37473	0.39866	1	0.47860	0.53977	10.62992	1.06647	0	0.47950	0.53820	10.23847	1.07515	1	-0.00531	-0.00980	0.68037	0.00355	1	-0.00541	-0.01028	0.71371	0.00352	1	1.45898	0.81042	0	
1252446	8447.49414	3305274537361	0.38858	0.42754	8447.28027	0.18066	11375	0	0.53094	0.48653	0	0.40110	0.44139	1	0.40110	0.44139	1	0.47860	0.53977	10.62992	1.07515	0	0.47956	0.53878	10.14967	1.08383	1	-0.00531	-0.00980	0.68037	0.00355	1	-0.00541	-0.01028	0.71371	0.00361	1	1.45898	0.81042	0	
1252447	8447.50098	3305274604527	0.39128	0.41843	8447.28027	0.18066	11375	0	0.53094	0.48653	0	0.39667	0.40020	1	0.39667	0.40020	1	0.47860	0.53977	10.62992	1.08383	0	0.47945	0.53855	10.34683	1.09251	1	-0.00531	-0.00980	0.68037	0.00355	1	-0.00541	-0.01028	0.71371	0.00370	1	1.45898	0.81042	0	
1252448	8447.50781	3305274672242	0.39255	0.41229	8447.48730	0.02051	11376	1	0.53094	0.48653	0	0.39638	0.39388	1	0.39638	0.39388	1	0.47860	0.53977	10.62992	1.09251	0	0.47953	0.53827	10.46622	1.10119	1	-0.00531	-0.00980	0.68037	0.00355	1	-0.00521	-0.01011	0.70227	0.00377	1	1.45898	0.81042	0	
1252449	8447.51465	3305274738352	0.39355	0.41023	8447.48730	0.02734	11376	1	0.53094	0.48653	0	0.39756	0.40198	1	0.39756	0.40198	1	0.47860	0.53977	10.62992	1.10119	0	0.47951	0.53851	10.30157	1.10119	1	-0.00531	-0.00980	0.68037	0.00355	1	-0.00521	-0.01011	0.70227	0.00359	1	1.45898	0.81042	0	
1252450	8447.52148	3305274805608	0.39355	0.41023	8447.48730	0.03418	11376	1	0.53094	0.48653	0	0.39756	0.40198	0	0.39756	0.40198	0	0.47860	0.53977	10.62992	1.10119	0	0.47951	0.53851	10.30157	1.10119	0	-0.00531	-0.00980	0.68037	0.00355	1	-0.00521	-0.01011	0.70227	0.00359	1	1.45898	0.81042	0	
1252451	8447.52734	3305274872430	0.39427	0.40990	8447.48730	0.04004	11376	1	0.53094	0.48653	0	0.39784	0.40823	1	0.39784	0.40823	1	0.47860	0.53977	10.62992	1.10119	0	0.74239	0.56113	11.12010	1.09251	1	-0.00531	-0.00980	0.68037	0.00355	1	0.06378	-0.01463	0.68706	0.00344	1	1.45898	0.81042	0	
1252452	8447.53418	3305274939978	0.39427	0.40990	8447.48730	0.04688	11376	1	0.53094	0.48653	0	0.39784	0.40823	0	0.39784	0.40823	0	0.47860	0.53977	10.62992	1.09251	0	0.74239	0.56113	11.12010	1.08383	0	-0.00531	-0.00980	0.68037	0.00355	1	0.06378	-0.01463	0.68706	0.00344	1	1.45898	0.81042	0	
1252453	8447.54102	3305275005412	0.40825	0.42456	8447.48730	0.05371	11376	1	0.53094	0.48653	0	0.49212	0.51255	1	0.49212	0.51255	1	0.47860	0.53977	10.62992	1.08383	0	0.74240	0.56139	10.48651	1.07515	1	-0.00531	-0.00980	0.68037	0.00355	1	0.06378	-0.01463	0.68706	0.00364	1	1.45898	0.81042	0	
1252454	8447.54785	3305275073805	0.41867	0.43625	8447.48730	0.06055	11376	1	0.53094	0.48653	0	0.49167	0.51812	1	0.49167	0.51812	1	0.47860	0.53977	10.62992	1.07515	0	0.74236	0.56150	10.47221	1.06647	1	-0.00531	-0.00980	0.68037	0.00355	1	0.06378	-0.01458	0.68706	0.00356	1	1.45898	0.81042	0	
1252455	8447.55469	3305275139681	0.42685	0.44669	8447.48730	0.06738	11376	1	0.53094	0.48653	0	0.49228	0.53015	1	0.49228	0.53015	1	0.47860	0.53977	10.62992	1.06647	0	0.74237	0.56158	10.49192	1.06647	1	-0.00531	-0.00980	0.68037	0.00355	1	0.06378	-0.01458	0.68706	0.00355	1	1.45898	0.81042	0	
1252456	8447.56152	3305275207851	0.42685	0.44669	8447.48730	0.07422	11376	1	0.53094	0.48653	0	0.49228	0.53015	0	0.49228	0.53015	0	0.47860	0.53977	10.62992	1.06647	0	0.74237	0.56158	10.49192	1.06647	0	-0.00531	-0.00980	0.68037	0.00355	1	0.06378	-0.01458	0.68706	0.00355	1	1.45898	0.81042	0	
1252457	8447.56836	3305275274626	0.42685	0.44669	8447.48730	0.08105	11376	1	0.53094	0.48653	0	0.49228	0.53015	0	0.49228	0.53015	0	0.47860	0.53977	10.62992	1.06647	0	0.74237	0.56158	10.49192	1.06647	0	-0.00531	-0.00980	0.68037	0.00355	1	0.06378	-0.01458	0.68706	0.00355	1	1.45898	0.81042	0	
1252458	8447.57422	3305275341050	0.42685	0.44669	8447.48730	0.08691	11376	1	0.53094	0.48653	0	0.49228	0.53015	0	0.49228	0.53015	0	0.47860	0.53977	10.62992	1.06647	0	0.74237	0.56158	10.49192	1.06647	0	-0.00531	-0.00980	0.68037	0.00355	1	0.06378	-0.01458	0.68706	0.00355	1	1.45898	0.81042	0	
1252459	8447.58105	3305275408315	0.43320	0.45081	8447.48730	0.08691	11376	0	0.53094	0.48653	0	0.49228	0.53015	0	0.49228	0.53015	0	0.47860	0.53977	10.62992	1.06647	0	0.74237	0.56158	10.49192	1.06647	0	-0.00531	-0.00980	0.68037	0.00355	1	0.06378	-0.01458	0.68706	0.00355	1	1.45898	0.81042	0	
1252460	8447.58789	3305275475420	0.43320	0.45081	8447.48730	0.08691	11376	0	0.53094	0.48653	0	0.49228	0.53015	0	0.49228	0.53015	0	0.47860	0.53977	10.62992	1.06647	0	0.74237	0.56158	10.49192	1.06647	0	-0.00531	-0.00980	0.68037	0.00355	1	0.06378	-0.01458	0.68706	0.00355	1	1.45898	0.81042	0	
1252461	8447.59473	3305275542388	0.43320	0.45081	8447.48730	0.08691	11376	0	0.53094	0.48653	0	0.49228	0.53015	0	0.49228	0.53015	0	0.47860	0.53977	10.62992	1.06647	0	0.74237	0.56158	10.49192	1.06647	0	-0.00531	-0.00980	0.68037	0.00355	1	0.06378	-0.01458	0.68706	0.00355	1	1.45898	0.81042	0	
1252462	8447.60156	3305275609282	0.00000	0.00000	8447.48730	0.08691	11376	0	0.53094	0.48653	0	0.49228	0.53015	0	0.49228	0.53015	0	0.47860	0.53977	10.62992	1.06647	0	0.74237	0.56158	10.49192	1.06647	0	-0.00531	-0.00980	0.68037	0.00355	1	0.06378	-0.01458	0.68706	0.00355	1	1.45898	0.81042	0	
1252463	8447.60840	3305275676204	0.00000	0.00000	8447.48730	0.08691	11376	0	0.53094	0.48653	0	0.49228	0.53015	0	0.49228	0.53015	0	0.47860	0.53977	10.62992	1.06647	0	0.74237	0.56158	10.49192	1.06647	0	-0.00531	-0.00980	0.68037	0.00355	1	0.06378	-0.01458	0.68706	0.00355	1	1.45898	0.81042	0	
1252464	8447.61523	3305275743273	0.00000	0.00000	8447.48730	0.08691	11376	0	0.53094	0.48653	0	0.49228	0.53015	0	0.49228	0.53015	0	0.47860	0.53977	10.62992	1.06647	0	0.74237	0.56158	10.49192	1.06647	0	-0.00531	-0.00980	0.68037	0.00355	1	0.06378	-0.01458	0.68706	0.00355	1	1.45898	0.81042	0	
1252465	8447.62109	3305275810202	0.51661	0.45572	8447.48730	0.08691	11376	0	0.55153	0.46837	1	0.48170	0.44306	1	0.51661	0.45572	1	0.47998	0.53828	9.80490	1.06647	1	0.74261	0.56094	10.25168	1.06647	1	-0.00531	-0.00980	0.68037	0.00359	1	0.06378	-0.01458	0.68706	0.00365	1	1.45898	0.81042	0	
1252466	8447.62793	3305275877552	0.51661	0.45572	8447.48730	0.08691	11376	0	0.55153	0.46837	1	0.48170	0.44306	1	0.51661	0.45572	1	0.48011	0.53856	9.72012	1.06647	1	0.74241	0.56118	10.49386	1.06647	1	-0.00493	-0.00952	0.67141	0.00348	1	0.06378	-0.01443	0.68706	0.00354	1	1.45898	0.81042	0	
1252467	8447.63477	3305275944641	0.51184	0.45504	8447.48730	0.08691	11376	0	0.55153	0.46837	0	0.50231	0.45370	1	0.50231	0.45370	1	0.48011	0.53856	9.72012	1.06647	0	0.74289	0.56124	10.93347	1.06647	1	-0.00493	-0.00952	0.67141	0.00348	1	0.06378	-0.01443	0.68706	0.00369	1	1.45898	0.81042	0	
1252468	8447.64160	3305276008448	0.51184	0.45504	8447.62109	0.02051	11377	1	0.55153	0.46837	0	0.50231	0.45370	0	0.50231	0.45370	0	0.48011	0.53856	9.72012	1.06647	0	0.74289	0.56124	10.93347	1.06647	0	-0.00493	-0.00952	0.67141	0.00348	1	0.06378	-0.01443	0.68706	0.00369	1	1.45898	0.81042	0	
1252469	8447.64844	3305276076562	0.51184	0.45504	8447.62109	0.02734	11377	1	0.55153	0.46837	0	0.50231	0.45370	0	0.50231	0.45370	0	0.48011	0.53856	9.72012	1.06647	0	0.74289	0.56124	10.93347	1.06647	0	-0.00493	-0.00952	0.67141	0.00348	1	0.06378	-0.01443	0.68706	0.00369	1	1.45898	0.81042	0	
1252470	8447.65527	3305276145089	0.51184	0.45504	8447.62109	0.03418	11377	1	0.55153	0.46837	0	0.50231	0.45370	0	0.50231	0.45370	0	0.48011	0.53856	9.72012	1.06647	0	0.74289	0.56124	10.93347	1.06647	0	-0.00493	-0.00952	0.67141	0.00348	1	0.06378	-0.01443	0.68706	0.00369	1	1.45898	0.81042	0	
1252471	8447.66211	3305276212538	0.50946	0.45471	8447.62109	0.03418	11377	0	0.55153	0.46837	0	0.50231	0.45370	0	0.50231	0.45370	0	0.48011	0.53856	9.72012	1.06647	0	0.74289	0.56124	10.93347	1.06647	0	-0.00493	-0.00952	0.67141	0.00348	1	0.06378	-0.01443	0.68706	0.00369	1	1.45898	0.81042	0	
1252472	8447.66797	3305276279219	0.50946	0.45471	8447.62109	0.03418	11377	0	0.55153	0.46837	0	0.50231	0.45370	0	0.50231	0.45370	0	0.48011	0.53856	9.72012	1.06647	0	0.74289	0.56124	10.93347	1.06647	0	-0.00493	-0.00952	0.67141	0.00348	1	0.06378	-0.01443	0.68706	0.00369	1	1.45898	0.81042	0	
1252473	8447.67480	3305276346415	0.50946	0.45471	8447.62109	0.03418	11377	0	0.55153	0.46837	0	0.50231	0.45370	0	0.50231	0.45370	0	0.48011	0.53856	9.72012	1.06647	0	0.74289	0.56124	10.93347	1.06647	0	-0.00493	-0.00952	0.67141	0.00348	1	0.06378	-0.01443	0.68706	0.00369	1	1.45898	0.81042	0	
1252474	8447.68164	3305276412850	0.50439	0.44817	8447.66211	0.01953	11378	1	0.55153	0.46837	0	0.49931	0.44163	1	0.49931	0.44163	1	0.48011	0.53856	9.72012	1.06647	0	0.74317	0.56002	10.20794	1.06647	1	-0.00493	-0.00952	0.67141	0.00348	1	0.06378	-0.01443	0.68706	0.00356	1	1.45898	0.81042	0	
1252475	8447.68848	3305276480148	0.50439	0.44817	8447.66211	0.02637	11378	1	0.55153	0.46837	0	0.49931	0.44163	0	0.49931	0.44163	0	0.48011	0.53856	9.72012	1.06647	0	0.74317	0.56002	10.20794	1.06647	0	-0.00493	-0.00952	0.67141	0.00348	1	0.06378	-0.01443	0.68706	0.00356	1	1.45898	0.81042	0	
1252476	8447.69531	3305276547377	0.50439	0.44817	8447.66211	0.03320	11378	1	0.55153	0.46837	0	0.49931	0.44163	0	0.49931	0.44163	0	0.48011	0.53856	9.72012	1.06647	0	0.74317	0.56002	10.20794	1.06647	0	-0.00493	-0.00952	0.67141	0.00348	1	0.06378	-0.01443	0.68706	0.00356	1	1.45898	0.81042	0	
1252477	8447.70215	3305276614218	0.50439	0.44817	8447.66211	0.04004	11378	1	0.55153	0.46837	0	0.49931	0.44163	0	0.49931	0.44163	0	0.48011	0.53856	9.72012	1.06647	0	0.74317	0.56002	10.20794	1.06647	0	-0.00493	-0.00952	0.67141	0.00348	1	0.06378	-0.01443	0.68706	0.00356	1	1.45898	0.81042	0	
1252478	8447.70898	3305276680747	0.49931	0.44163	8447.66211	0.04004	11378	0	0.55153	0.46837	0	0.49931	0.44163	0	0.49931	0.44163	0	0.48011	0.53856	9.72012	1.06647	0	0.74317	0.56002	10.20794	1.06647	0	-0.00493	-0.00952	0.67141	0.00348	1	0.06378	-0.01443	0.68706	0.00356	1	1.45898	0.81042	0	
1252479	8447.71484	3305276747982	0.49931	0.44163	8447.66211	0.04004	11378	0	0.55153	0.46837	0	0.49931	0.44163	0	0.49931	0.44163	0	0.48011	0.53856	9.72012	1.06647	0	0.74317	0.56002	10.20794	1.06647	0	-0.00493	-0.00952	0.67141	0.00348	1	0.06378	-0.01443	0.68706	0.00356	1	1.45898	0.81042	0	
1252480	8447.72168	3305276813489	0.49931	0.44163	8447.66211	0.04004	11378	0	0.55153	0.46837	0	0.49931	0.44163	0	0.49931	0.44163	0	0.48011	0.53856	9.72012	1.06647	0	0.74317	0.56002	10.20794	1.06647	0	-0.00493	-0.00952	0.67141	0.00348	1	0.06378	-0.01443	0.68706	0.00356	1	1.45898	0.81042	0	
1252481	8447.72852	3305276882594	0.00000	0.00000	8447.66211	0.04004	11378	0	0.55153	0.46837	0	0.49931	0.44163	0	0.49931	0.44163	0	0.48011	0.53856	9.72012	1.06647	0	0.74317	0.56002	10.20794	1.06647	0	-0.00493	-0.00952	0.67141	0.00348	1	0.06378	-0.01443	0.68706	0.00356	1	1.45898	0.81042	0	
1252482	8447.73535	3305276949394	0.00000	0.00000	8447.66211	0.04004	11378	0	0.55153	0.46837	0	0.49931	0.44163	0	0.49931	0.44163	0	0.48011	0.53856	9.72012	1.06647	0	0.74317	0.56002	10.20794	1.06647	0	-0.00493	-0.00952	0.67141	0.00348	1	0.06378	-0.01443	0.68706	0.00356	1	1.45898	0.81042	0	
1252483	8447.74219	3305277015915	0.00000	0.00000	8447.66211	0.04004	11378	0	0.55153	0.46837	0	0.49931	0.44163	0	0.49931	0.44163	0	0.48011	0.53856	9.72012	1.06647	0	0.74317	0.56002	10.20794	1.06647	0	-0.00493	-0.00952	0.67141	0.00348	1	0.06378	-0.01443	0.68706	0.00356	1	1.45898	0.81042	0	
1252484	8447.74902	3305277083022	0.00000	0.00000	8447.66211	0.04004	11378	0	0.55153	0.46837	0	0.49931	0.44163	0	0.49931	0.44163	0	0.48011	0.53856	9.72012	1.06647	0	0.74317	0.56002	10.20794	1.06647	0	-0.00493	-0.00952	0.67141	0.00348	1	0.06378	-0.01443	0.68706	0.00356	1	1.45898	0.81042	0	
1252485	8447.75586	3305277149855	0.00000	0.00000	8447.66211	0.04004	11378	0	0.55153	0.46837	0	0.49931	0.44163	0	0.49931	0.44163	0	0.48011	0.53856	9.72012	1.06647	0	0.74317	0.56002	10.20794	1.06647	0	-0.00493	-0.00952	0.67141	0.00348	1	0.06378	-0.01443	0.68706	0.00356	1	1.45898	0.81042	0	
1252486	8447.76172	3305277217199	0.00000	0.00000	8447.66211	0.04004	11378	0	0.55153	0.46837	0	0.49931	0.44163	0	0.49931	0.44163	0	0.48011	0.53856	9.72012	1.06647	0	0.74317	0.56002	10.20794	1.06647	0	-0.00493	-0.00952	0.67141	0.00348	1	0.06378	-0.01443	0.68706	0.00356	1	1.45898	0.81042	0	
1252487	8447.76855	3305277283839	0.00000	0.00000	8447.66211	0.04004	11378	0	0.55153	0.46837	0	0.49931	0.44163	0	0.49931	0.44163	0	0.48011	0.53856	9.72012	1.06647	0	0.74317	0.56002	10.20794	1.06647	0	-0.00493	-0.00952	0.67141	0.00348	1	0.06378	-0.01443	0.68706	0.00356	1	1.45898	0.81042	0	
1252488	8447.77539	3305277350735	0.00000	0.00000	8447.66211	0.04004	11378	0	0.55153	0.46837	0	0.49931	0.44163	0	0.49931	0.44163	0	0.48011	0.53856	9.72012	1.06647	0	0.74317	0.56002	10.20794	1.06647	0	-0.00493	-0.00952	0.67141	0.00348	1	0.06378	-0.01443	0.68706	0.00356	1	1.45898	0.81042	0	
1252489	8447.78223	3305277417745	0.00000	0.00000	8447.66211	0.04004	11378	0	0.55153	0.46837	0	0.49931	0.44163	0	0.49931	0.44163	0	0.48011	0.53856	9.72012	1.06647	0	0.74317	0.56002	10.20794	1.06647	0	-0.00493	-0.00952	0.67141	0.00348	1	0.06378	-0.01443	0.68706	0.00356	1	1.45898	0.81042	0	
1252490	8447.78906	3305277484794	0.00000	0.00000	8447.66211	0.04004	11378	0	0.55153	0.46837	0	0.49931	0.44163	0	0.49931	0.44163	0	0.48011	0.53856	9.72012	1.06647	0	0.74317	0.56002	10.20794	1.06647	0	-0.00493	-0.00952	0.67141	0.00348	1	0.06378	-0.01443	0.68706	0.00356	1	1.45898	0.81042	0	
1252491	8447.79590	3305277551958	0.00000	0.00000	8447.66211	0.04004	11378	0	0.55153	0.46837	0	0.49931	0.44163	0	0.49931	0.44163	0	0.48011	0.53856	9.72012	1.06647	0	0.74317	0.56002	10.20794	1.06647	0	-0.00493	-0.00952	0.67141	0.00348	1	0.06378	-0.01443	0.68706	0.00356	1	1.45898	0.81042	0	
1252492	8447.80273	3305277618717	0.00000	0.00000	8447.66211	0.04004	11378	0	0.55153	0.46837	0	0.49931	0.44163	0	0.49931	0.44163	0	0.48011	0.53856	9.72012	1.06647	0	0.74317	0.56002	10.20794	1.06647	0	-0.00493	-0.00952	0.67141	0.00348	1	0.06378	-0.01443	0.68706	0.00356	1	1.45898	0.81042	0	
1252493	8447.80859	3305277685300	0.00000	0.00000	8447.66211	0.04004	11378	0	0.55153	0.46837	0	0.49931	0.44163	0	0.49931	0.44163	0	0.48011	0.53856	9.72012	1.06647	0	0.74317	0.56002	10.20794	1.06647	0	-0.00493	-0.00952	0.67141	0.00348	1	0.06378	-0.01443	0.68706	0.00356	1	1.45898	0.81042	0	
1252494	8447.81543	3305277752497	0.00000	0.00000	8447.66211	0.04004	11378	0	0.55153	0.46837	0	0.49931	0.44163	0	0.49931	0.44163	0	0.48011	0.53856	9.72012	1.06647	0	0.74317	0.56002	10.20794	1.06647	0	-0.00493	-0.00952	0.67141	0.00348	1	0.06378	-0.01443	0.68706	0.00356	1	1.45898	0.81042	0	
1252495	8447.82227	3305277819753	0.00000	0.00000	8447.66211	0.04004	11378	0	0.55153	0.46837	0	0.49931	0.44163	0	0.49931	0.44163	0	0.48011	0.53856	9.72012	1.06647	0	0.74317	0.56002	10.20794	1.06647	0	-0.00493	-0.00952	0.67141	0.00348	1	0.06378	-0.01443	0.68706	0.00356	1	1.45898	0.81042	0	
1252496	8447.82910	3305277883789	0.00000	0.00000	8447.66211	0.04004	11378	0	0.55153	0.46837	0	0.49931	0.44163	0	0.49931	0.44163	0	0.48011	0.53856	9.72012	1.06647	0	0.74317	0.56002	10.20794	1.06647	0	-0.00493	-0.00952	0.67141	0.00348	1	0.06378	-0.01443	0.68706	0.00356	1	1.45898	0.81042	0	
1252497	8447.83496	3305277948877	0.00000	0.00000	8447.66211	0.04004	11378	0	0.55153	0.46837	0	0.49931	0.44163	0	0.49931	0.44163	0	0.48011	0.53856	9.72012	1.06647	0	0.74317	0.56002	10.20794	1.06647	0	-0.00493	-0.00952	0.67141	0.00348	1	0.06378	-0.01443	0.68706	0.00356	1	1.45898	0.81042	0	
1252498	8447.84180	3305278016818	0.00000	0.00000	8447.66211	0.04004	11378	0	0.55153	0.46837	0	0.49931	0.44163	0	0.49931	0.44163	0	0.48011	0.53856	9.72012	1.06647	0	0.74317	0.56002	10.20794	1.06647	0	-0.00493	-0.00952	0.67141	0.00348	1	0.06378	-0.01443	0.68706	0.00356	1	1.45898	0.81042	0	
1252499	8447.84961	3305278087371	0.00000	0.00000	8447.66211	0.04004	11378	0	0.55153	0.46837	0	0.49931	0.44163	0	0.49931	0.44163	0	0.48011	0.53856	9.72012	1.06647	0	0.74317	0.56002	10.20794	1.06647	0	-0.00493	-0.00952	0.67141	0.00348	1	0.06378	-0.01443	0.68706	0.00356	1	1.45898	0.81042	0	
1252500	8447.85645	3305278154890	0.00000	0.00000	8447.66211	0.04004	11378	0	0.55153	0.46837	0	0.49931	0.44163	0	0.49931	0.44163	0	0.48011	0.53856	9.72012	1.06647	0	0.74317	0.56002	10.20794	1.06647	0	-0.00493	-0.00952	0.67141	0.00348	1	0.06378	-0.01443	0.68706	0.00356	1	1.45898	0.81042	0	
1252501	8447.86230	3305278219401	0.20064	0.20896	8447.66211	0.04004	11378	0	0.55153	0.46837	0	0.40128	0.41792	1	0.40128	0.41792	1	0.48036	0.53762	9.49595	1.06647	0	0.48036	0.53762	9.49595	1.06647	1	-0.00493	-0.00952	0.67141	0.00348	1	0.06378	-0.01443	0.68706	0.00329	1	1.45898	0.81042	0	
1252502	8447.86914	3305278288838	0.40140	0.42072	8447.66211	0.04004	11378	0	0.55153	0.46837	0	0.40151	0.42351	1	0.40151	0.42351	1	0.48036	0.53762	9.49595	1.06647	0	0.48067	0.53775	9.70582	1.05881	1	-0.00493	-0.00952	0.67141	0.00348	1	-0.00486	-0.00947	0.66776	0.00325	1	1.45898	0.81042	0	
1252503	8447.87598	3305278353553	0.40677	0.29294	8447.66211	0.04004	11378	0	0.55153	0.46837	0	0.41214	0.16517	1	0.41214	0.16517	1	0.48036	0.53762	9.49595	1.05881	0	0.48038	0.53513	9.38859	1.05115	1	-0.00493	-0.00952	0.67141	0.00348	1	-0.00486	-0.00947	0.66776	0.00195	1	1.45898	0.81042	0	
1252504	8447.88281	3305278418658	0.40703	0.25343	8447.66211	0.04004	11378	0	0.55153	0.46837	0	0.40756	0.17441	1	0.40756	0.17441	1	0.48036	0.53762	9.49595	1.05115	0	0.48022	0.53504	9.40705	1.04349	1	-0.00493	-0.00952	0.67141	0.00348	1	-0.00486	-0.00947	0.66776	0.00187	1	1.45898	0.81042	0	
1252505	8447.88965	3305278486961	0.40985	0.16979	8447.66211	0.04004	11378	0	0.55153	0.46837	0	0.40756	0.17441	0	0.40756	0.17441	0	0.48036	0.53762	9.49595	1.04349	0	0.48022	0.53504	9.40705	1.03583	0	-0.00493	-0.00952	0.67141	0.00348	1	-0.00486	-0.00947	0.66776	0.00187	1	1.45898	0.81042	0	
1252506	8447.89648	3305278556850	0.45299	0.31788	8447.66211	0.04004	11378	0	0.55153	0.46837	0	0.49613	0.46598	1	0.49613	0.46598	1	0.48036	0.53762	9.49595	1.03583	0	0.74286	0.56067	10.29410	1.03583	1	-0.00493	-0.00952	0.67141	0.00348	1	-0.00486	-0.00947	0.66776	0.00369	1	1.45898	0.81042	0	
1252507	8447.90332	3305278624166	0.46914	0.36148	8447.66211	0.04004	11378	0	0.55153	0.46837	0	0.50146	0.44866	1	0.50146	0.44866	1	0.48036	0.53762	9.49595	1.03583	0	0.74291	0.56060	10.33265	1.03583	1	-0.00493	-0.00952	0.67141	0.00348	1	-0.00486	-0.00947	0.66776	0.00369	1	1.45898	0.81042	0	
1252508	8447.90918	3305278690954	0.49968	0.45443	8447.66211	0.04004	11378	0	0.55153	0.46837	0	0.50146	0.44866	1	0.50146	0.44866	1	0.48036	0.53762	9.49595	1.03583	0	0.74297	0.56054	10.23092	1.03583	1	-0.00493	-0.00952	0.67141	0.00348	1	0.06038	-0.01370	0.64997	0.00372	1	1.45898	0.81042	0	
1252509	8447.91602	3305278758070	0.49968	0.45443	8447.66211	0.04004	11378	0	0.55153	0.46837	0	0.50146	0.44866	0	0.50146	0.44866	0	0.48036	0.53762	9.49595	1.03583	0	0.74297	0.56054	10.23092	1.03583	0	-0.00493	-0.00952	0.67141	0.00348	1	0.06038	-0.01370	0.64997	0.00372	1	1.45898	0.81042	0	
1252510	8447.92285	3305278824464	0.49968	0.45443	8447.66211	0.04004	11378	0	0.55153	0.46837	0	0.50146	0.44866	0	0.50146	0.44866	0	0.48036	0.53762	9.49595	1.03583	0	0.74297	0.56054	10.23092	1.03583	0	-0.00493	-0.00952	0.67141	0.00348	1	0.06038	-0.01370	0.64997	0.00372	1	1.45898	0.81042	0	
1252511	8447.92969	3305278891505	0.50081	0.44876	8447.90918	0.02051	11379	1	0.55153	0.46837	0	0.50194	0.44308	1	0.50194	0.44308	1	0.48036	0.53762	9.49595	1.03583	0	0.74290	0.56090	10.48536	1.04349	1	-0.00493	-0.00952	0.67141	0.00348	1	0.06355	-0.01440	0.68345	0.00356	1	1.45898	0.81042	0	
1252512	8447.93652	3305278958618	0.50081	0.44876	8447.90918	0.02734	11379	1	0.55153	0.46837	0	0.50194	0.44308	0	0.50194	0.44308	0	0.48036	0.53762	9.49595	1.04349	0	0.74290	0.56090	10.48536	1.05115	0	-0.00493	-0.00952	0.67141	0.00348	1	0.06355	-0.01440	0.68345	0.00356	1	1.45898	0.81042	0	
1252513	8447.94336	3305279025388	0.50081	0.44876	8447.90918	0.03418	11379	1	0.55153	0.46837	0	0.50194	0.44308	0	0.50194	0.44308	0	0.48036	0.53762	9.49595	1.05115	0	0.74290	0.56090	10.48536	1.05881	0	-0.00493	-0.00952	0.67141	0.00348	1	0.06355	-0.01440	0.68345	0.00356	1	1.45898	0.81042	0	
1252514	8447.95020	3305279092613	0.50081	0.44876	8447.90918	0.04102	11379	1	0.55153	0.46837	0	0.50194	0.44308	0	0.50194	0.44308	0	0.48036	0.53762	9.49595	1.05881	0	0.74290	0.56090	10.48536	1.06647	0	-0.00493	-0.00952	0.67141	0.00348	1	0.06355	-0.01440	0.68345	0.00356	1	1.45898	0.81042	0	
1252515	8447.95605	3305279157513	0.50236	0.45318	8447.90918	0.04688	11379	1	0.55153	0.46837	0	0.50545	0.46204	1	0.50545	0.46204	1	0.48036	0.53762	9.49595	1.06647	0	0.74297	0.56069	10.39252	1.06647	1	-0.00493	-0.00952	0.67141	0.00348	1	0.06355	-0.01440	0.68345	0.00376	1	1.45898	0.81042	0	
1252516	8447.96289	3305279226070	0.50366	0.46963	8447.90918	0.05371	11379	1	0.55153	0.46837	0	0.50758	0.51899	1	0.50758	0.51899	1	0.48036	0.53762	9.49595	1.06647	0	0.74299	0.56130	10.27128	1.06647	1	-0.00493	-0.00952	0.67141	0.00348	1	0.06355	-0.01440	0.68345	0.00349	1	1.45898	0.81042	0	
1252517	8447.96973	3305279293327	0.50444	0.47951	8447.90918	0.06055	11379	1	0.55153	0.46837	0	0.50758	0.51899	1	0.50758	0.51899	1	0.48036	0.53762	9.49595	1.06647	0	0.74288	0.56055	10.18931	1.06647	1	-0.00493	-0.00952	0.67141	0.00348	1	0.06297	-0.01432	0.67728	0.00378	1	1.45898	0.81042	0	
1252518	8447.97656	3305279360549	0.50273	0.48020	8447.90918	0.06738	11379	1	0.55153	0.46837	0	0.49418	0.48364	1	0.49418	0.48364	1	0.48036	0.53762	9.49595	1.06647	0	0.74285	0.56104	10.94457	1.06647	1	-0.00493	-0.00952	0.67141	0.00348	1	0.06297	-0.01432	0.67728	0.00361	1	1.45898	0.81042	0	
1252519	8447.98340	3305279428037	0.50273	0.48020	8447.90918	0.07422	11379	1	0.55153	0.46837	0	0.49418	0.48364	0	0.49418	0.48364	0	0.48036	0.53762	9.49595	1.06647	0	0.74285	0.56104	10.94457	1.06647	0	-0.00493	-0.00952	0.67141	0.00348	1	0.06297	-0.01432	0.67728	0.00361	1	1.45898	0.81042	0	
1252520	8447.99023	3305279494559	0.50145	0.48143	8447.90918	0.08105	11379	1	0.55153	0.46837	0	0.49376	0.48881	1	0.49376	0.48881	1	0.48036	0.53762	9.49595	1.06647	0	0.74296	0.56069	10.36573	1.05881	1	-0.00493	-0.00952	0.67141	0.00348	1	0.06038	-0.01370	0.64997	0.00375	1	1.45898	0.81042	0	
1252521	8447.99707	3305279562189	0.50145	0.48143	8447.90918	0.08789	11379	1	0.55153	0.46837	0	0.49376	0.48881	0	0.49376	0.48881	0	0.48036	0.53762	9.49595	1.05881	0	0.74296	0.56069	10.36573	1.05115	0	-0.00493	-0.00952	0.67141	0.00348	1	0.06038	-0.01370	0.64997	0.00375	1	1.45898	0.81042	0	
1252522	8448.00391	3305279629404	0.50145	0.48143	8447.90918	0.09473	11379	1	0.55153	0.46837	0	0.49376	0.48881	0	0.49376	0.48881	0	0.48036	0.53762	9.49595	1.05115	0	0.74296	0.56069	10.36573	1.04349	0	-0.00493	-0.00952	0.67141	0.00348	1	0.06038	-0.01370	0.64997	0.00375	1	1.45898	0.81042	0	
1252523	8448.00977	3305279696518	0.50145	0.48143	8447.90918	0.10059	11379	1	0.55153	0.46837	0	0.49376	0.48881	0	0.49376	0.48881	0	0.48036	0.53762	9.49595	1.04349	0	0.74296	0.56069	10.36573	1.03583	0	-0.00493	-0.00952	0.67141	0.00348	1	0.06038	-0.01370	0.64997	0.00375	1	1.45898	0.81042	0	
1252524	8448.01660	3305279762175	0.50175	0.48592	8447.90918	0.10059	11379	0	0.55153	0.46837	0	0.49376	0.48881	0	0.49376	0.48881	0	0.48036	0.53762	9.49595	1.03583	0	0.74296	0.56069	10.36573	1.03583	0	-0.00493	-0.00952	0.67141	0.00348	1	0.06038	-0.01370	0.64997	0.00375	1	1.45898	0.81042	0	
1252525	8448.02344	3305279828786	0.50175	0.48592	8447.90918	0.10059	11379	0	0.55153	0.46837	0	0.49376	0.48881	0	0.49376	0.48881	0	0.48036	0.53762	9.49595	1.03583	0	0.74296	0.56069	10.36573	1.03583	0	-0.00493	-0.00952	0.67141	0.00348	1	0.06038	-0.01370	0.64997	0.00375	1	1.45898	0.81042	0	
1252526	8448.03027	3305279896202	0.50175	0.48592	8447.90918	0.10059	11379	0	0.55153	0.46837	0	0.49376	0.48881	0	0.49376	0.48881	0	0.48036	0.53762	9.49595	1.03583	0	0.74296	0.56069	10.36573	1.03583	0	-0.00493	-0.00952	0.67141	0.00348	1	0.06038	-0.01370	0.64997	0.00375	1	1.45898	0.81042	0	
1252527	8448.03711	3305279962886	0.00000	0.00000	8447.90918	0.10059	11379	0	0.55153	0.46837	0	0.49376	0.48881	0	0.49376	0.48881	0	0.48036	0.53762	9.49595	1.03583	0	0.74296	0.56069	10.36573	1.03583	0	-0.00493	-0.00952	0.67141	0.00348	1	0.06038	-0.01370	0.64997	0.00375	1	1.45898	0.81042	0	
1252528	8448.04395	3305280030473	0.00000	0.00000	8447.90918	0.10059	11379	0	0.55153	0.46837	0	0.49376	0.48881	0	0.49376	0.48881	0	0.48036	0.53762	9.49595	1.03583	0	0.74296	0.56069	10.36573	1.03583	0	-0.00493	-0.00952	0.67141	0.00348	1	0.06038	-0.01370	0.64997	0.00375	1	1.45898	0.81042	0	
1252529	8448.04980	3305280094082	0.00000	0.00000	8447.90918	0.10059	11379	0	0.55153	0.46837	0	0.49376	0.48881	0	0.49376	0.48881	0	0.48036	0.53762	9.49595	1.03583	0	0.74296	0.56069	10.36573	1.03583	0	-0.00493	-0.00952	0.67141	0.00348	1	0.06038	-0.01370	0.64997	0.00375	1	1.45898	0.81042	0	
1252530	8448.05664	3305280159609	0.00000	0.00000	8447.90918	0.10059	11379	0	0.55153	0.46837	0	0.49376	0.48881	0	0.49376	0.48881	0	0.48036	0.53762	9.49595	1.03583	0	0.74296	0.56069	10.36573	1.03583	0	-0.00493	-0.00952	0.67141	0.00348	1	0.06038	-0.01370	0.64997	0.00375	1	1.45898	0.81042	0	
1252531	8448.06348	3305280229434	0.00000	0.00000	8447.90918	0.10059	11379	0	0.55153	0.46837	0	0.49376	0.48881	0	0.49376	0.48881	0	0.48036	0.53762	9.49595	1.03583	0	0.74296	0.56069	10.36573	1.03583	0	-0.00493	-0.00952	0.67141	0.00348	1	0.06038	-0.01370	0.64997	0.00375	1	1.45898	0.81042	0	
1252532	8448.07031	3305280297967	0.00000	0.00000	8447.90918	0.10059	11379	0	0.55153	0.46837	0	0.49376	0.48881	0	0.49376	0.48881	0	0.48036	0.53762	9.49595	1.03583	0	0.74296	0.56069	10.36573	1.03583	0	-0.00493	-0.00952	0.67141	0.00348	1	0.06038	-0.01370	0.64997	0.00375	1	1.45898	0.81042	0	
1252533	8448.07715	3305280362813	0.00000	0.00000	8447.90918	0.10059	11379	0	0.55153	0.46837	0	0.49376	0.48881	0	0.49376	0.48881	0	0.48036	0.53762	9.49595	1.03583	0	0.74296	0.56069	10.36573	1.03583	0	-0.00493	-0.00952	0.67141	0.00348	1	0.06038	-0.01370	0.64997	0.00375	1	1.45898	0.81042	0	
1252534	8448.08301	3305280428048	0.00000	0.00000	8447.90918	0.10059	11379	0	0.55153	0.46837	0	0.49376	0.48881	0	0.49376	0.48881	0	0.48036	0.53762	9.49595	1.03583	0	0.74296	0.56069	10.36573	1.03583	0	-0.00493	-0.00952	0.67141	0.00348	1	0.06038	-0.01370	0.64997	0.00375	1	1.45898	0.81042	0	
1252535	8448.08984	3305280494908	0.00000	0.00000	8447.90918	0.10059	11379	0	0.55153	0.46837	0	0.49376	0.48881	0	0.49376	0.48881	0	0.48036	0.53762	9.49595	1.03583	0	0.74296	0.56069	10.36573	1.03583	0	-0.00493	-0.00952	0.67141	0.00348	1	0.06038	-0.01370	0.64997	0.00375	1	1.45898	0.81042	0	
1252536	8448.09668	3305280564115	0.38534	0.48096	8447.90918	0.10059	11379	0	0.55153	0.46837	0	0.38534	0.48096	1	0.38534	0.48096	1	0.48036	0.53762	9.49595	1.03583	0	0.48003	0.53868	9.51692	1.03583	1	-0.00493	-0.00952	0.67141	0.00348	1	0.06038	-0.01370	0.64997	0.00331	1	1.45898	0.81042	0	
1252537	8448.10352	3305280634786	0.39988	0.47569	8447.90918	0.10059	11379	0	0.55153	0.46837	0	0.41442	0.47042	1	0.41442	0.47042	1	0.48036	0.53762	9.49595	1.03583	0	0.48062	0.53864	9.47694	1.03583	1	-0.00493	-0.00952	0.67141	0.00348	1	0.06038	-0.01370	0.64997	0.00334	1	1.45898	0.81042	0	
1252538	8448.11035	3305280700070	0.40468	0.47214	8447.90918	0.10059	11379	0	0.55153	0.46837	0	0.41427	0.46504	1	0.41427	0.46504	1	0.48036	0.53762	9.49595	1.03583	0	0.48037	0.53856	9.74513	1.04349	1	-0.00493	-0.00952	0.67141	0.00348	1	-0.00506	-0.00992	0.68899	0.00343	1	1.45898	0.81042	0	
1252539	8448.11719	3305280767173	0.40468	0.47214	8448.09668	0.02051	11380	1	0.55153	0.46837	0	0.41427	0.46504	0	0.41427	0.46504	0	0.48036	0.53762	9.49595	1.04349	0	0.48037	0.53856	9.74513	1.05115	0	-0.00493	-0.00952	0.67141	0.00348	1	-0.00506	-0.00992	0.68899	0.00343	1	1.45898	0.81042	0	
1252540	8448.12402	3305280833981	0.40468	0.47214	8448.09668	0.02734	11380	1	0.55153	0.46837	0	0.41427	0.46504	0	0.41427	0.46504	0	0.48036	0.53762	9.49595	1.05115	0	0.48037	0.53856	9.74513	1.05881	0	-0.00493	-0.00952	0.67141	0.00348	1	-0.00506	-0.00992	0.68899	0.00343	1	1.45898	0.81042	0	
1252541	8448.13086	3305280901131	0.40468	0.47214	8448.09668	0.03418	11380	1	0.55153	0.46837	0	0.41427	0.46504	0	0.41427	0.46504	0	0.48036	0.53762	9.49595	1.05881	0	0.48037	0.53856	9.74513	1.06647	0	-0.00493	-0.00952	0.67141	0.00348	1	-0.00506	-0.00992	0.68899	0.00343	1	1.45898	0.81042	0	
1252542	8448.13770	3305280968073	0.41434	0.46773	8448.09668	0.03418	11380	0	0.55153	0.46837	0	0.41427	0.46504	0	0.41427	0.46504	0	0.48036	0.53762	9.49595	1.06647	0	0.48037	0.53856	9.74513	1.06647	0	-0.00493	-0.00952	0.67141	0.00348	1	-0.00506	-0.00992	0.68899	0.00343	1	1.45898	0.81042	0	
1252543	8448.14355	3305281034981	0.41434	0.46773	8448.09668	0.03418	11380	0	0.55153	0.46837	0	0.41427	0.46504	0	0.41427	0.46504	0	0.48036	0.53762	9.49595	1.06647	0	0.48037	0.53856	9.74513	1.06647	0	-0.00493	-0.00952	0.67141	0.00348	1	-0.00506	-0.00992	0.68899	0.00343	1	1.45898	0.81042	0	
1252544	8448.15039	3305281102533	0.41434	0.46773	8448.09668	0.03418	11380	0	0.55153	0.46837	0	0.41427	0.46504	0	0.41427	0.46504	0	0.48036	0.53762	9.49595	1.06647	0	0.48037	0.53856	9.74513	1.06647	0	-0.00493	-0.00952	0.67141	0.00348	1	-0.00506	-0.00992	0.68899	0.00343	1	1.45898	0.81042	0	
1252545	8448.15723	3305281168594	0.00000	0.00000	8448.09668	0.03418	11380	0	0.55153	0.46837	0	0.41427	0.46504	0	0.41427	0.46504	0	0.48036	0.53762	9.49595	1.06647	0	0.48037	0.53856	9.74513	1.06647	0	-0.00493	-0.00952	0.67141	0.00348	1	-0.00506	-0.00992	0.68899	0.00343	1	1.45898	0.81042	0	
1252546	8448.16406	3305281236256	0.00000	0.00000	8448.09668	0.03418	11380	0	0.55153	0.46837	0	0.41427	0.46504	0	0.41427	0.46504	0	0.48036	0.53762	9.49595	1.06647	0	0.48037	0.53856	9.74513	1.06647	0	-0.00493	-0.00952	0.67141	0.00348	1	-0.00506	-0.00992	0.68899	0.00343	1	1.45898	0.81042	0	
1252547	8448.17090	3305281300545	0.00000	0.00000	8448.09668	0.03418	11380	0	0.55153	0.46837	0	0.41427	0.46504	0	0.41427	0.46504	0	0.48036	0.53762	9.49595	1.06647	0	0.48037	0.53856	9.74513	1.06647	0	-0.00493	-0.00952	0.67141	0.00348	1	-0.00506	-0.00992	0.68899	0.00343	1	1.45898	0.81042	0	
1252548	8448.17773	3305281369365	0.00000	0.00000	8448.09668	0.03418	11380	0	0.55153	0.46837	0	0.41427	0.46504	0	0.41427	0.46504	0	0.48036	0.53762	9.49595	1.06647	0	0.48037	0.53856	9.74513	1.06647	0	-0.00493	-0.00952	0.67141	0.00348	1	-0.00506	-0.00992	0.68899	0.00343	1	1.45898	0.81042	0	
1252549	8448.18457	3305281438133	0.00000	0.00000	8448.09668	0.03418	11380	0	0.55153	0.46837	0	0.41427	0.46504	0	0.41427	0.46504	0	0.48036	0.53762	9.49595	1.06647	0	0.48037	0.53856	9.74513	1.06647	0	-0.00493	-0.00952	0.67141	0.00348	1	-0.00506	-0.00992	0.68899	0.00343	1	1.45898	0.81042	0	
1252550	8448.19043	3305281503649	0.00000	0.00000	8448.09668	0.03418	11380	0	0.55153	0.46837	0	0.41427	0.46504	0	0.41427	0.46504	0	0.48036	0.53762	9.49595	1.06647	0	0.48037	0.53856	9.74513	1.06647	0	-0.00493	-0.00952	0.67141	0.00348	1	-0.00506	-0.00992	0.68899	0.00343	1	1.45898	0.81042	0	
1252551	8448.19727	3305281570631	0.00000	0.00000	8448.09668	0.03418	11380	0	0.55153	0.46837	0	0.41427	0.46504	0	0.41427	0.46504	0	0.48036	0.53762	9.49595	1.06647	0	0.48037	0.53856	9.74513	1.06647	0	-0.00493	-0.00952	0.67141	0.00348	1	-0.00506	-0.00992	0.68899	0.00343	1	1.45898	0.81042	0	
1252552	8448.20410	3305281637880	0.00000	0.00000	8448.09668	0.03418	11380	0	0.55153	0.46837	0	0.41427	0.46504	0	0.41427	0.46504	0	0.48036	0.53762	9.49595	1.06647	0	0.48037	0.53856	9.74513	1.06647	0	-0.00493	-0.00952	0.67141	0.00348	1	-0.00506	-0.00992	0.68899	0.00343	1	1.45898	0.81042	0	
1252553	8448.21094	3305281702945	0.00000	0.00000	8448.09668	0.03418	11380	0	0.55153	0.46837	0	0.41427	0.46504	0	0.41427	0.46504	0	0.48036	0.53762	9.49595	1.06647	0	0.48037	0.53856	9.74513	1.06647	0	-0.00493	-0.00952	0.67141	0.00348	1	-0.00506	-0.00992	0.68899	0.00343	1	1.45898	0.81042	0	
1252554	8448.21777	3305281771021	0.00000	0.00000	8448.09668	0.03418	11380	0	0.55153	0.46837	0	0.41427	0.46504	0	0.41427	0.46504	0	0.48036	0.53762	9.49595	1.06647	0	0.48037	0.53856	9.74513	1.06647	0	-0.00493	-0.00952	0.67141	0.00348	1	-0.00506	-0.00992	0.68899	0.00343	1	1.45898	0.81042	0	
1252555	8448.22461	3305281838760	0.00000	0.00000	8448.09668	0.03418	11380	0	0.55153	0.46837	0	0.41427	0.46504	0	0.41427	0.46504	0	0.48036	0.53762	9.49595	1.06647	0	0.48037	0.53856	9.74513	1.06647	0	-0.00493	-0.00952	0.67141	0.00348	1	-0.00506	-0.00992	0.68899	0.00343	1	1.45898	0.81042	0	
1252556	8448.23047	3305281902113	0.20699	0.22715	8448.09668	0.03418	11380	0	0.55153	0.46837	0	0.41398	0.45429	1	0.41398	0.45429	1	0.48036	0.53762	9.49595	1.06647	0	0.74296	0.56002	10.79717	1.05881	1	-0.00493	-0.00952	0.67141	0.00348	1	0.06131	-0.01379	0.65892	0.00390	1	1.45898	0.81042	0	
1252557	8448.23730	3305281970219	0.41398	0.45429	8448.09668	0.03418	11380	0	0.55153	0.46837	0	0.41398	0.45429	0	0.41398	0.45429	0	0.48036	0.53762	9.49595	1.05881	0	0.74296	0.56002	10.79717	1.05115	0	-0.00493	-0.00952	0.67141	0.00348	1	0.06131	-0.01379	0.65892	0.00390	1	1.45898	0.81042	0	
1252558	8448.24414	3305282035347	0.41398	0.45429	8448.09668	0.03418	11380	0	0.55153	0.46837	0	0.41398	0.45429	0	0.41398	0.45429	0	0.48036	0.53762	9.49595	1.05115	0	0.74296	0.56002	10.79717	1.04349	0	-0.00493	-0.00952	0.67141	0.00348	1	0.06131	-0.01379	0.65892	0.00390	1	1.45898	0.81042	0	
1252559	8448.25098	3305282103528	0.41398	0.45429	8448.09668	0.03418	11380	0	0.55153	0.46837	0	0.41398	0.45429	0	0.41398	0.45429	0	0.48036	0.53762	9.49595	1.04349	0	0.74296	0.56002	10.79717	1.03583	0	-0.00493	-0.00952	0.67141	0.00348	1	0.06131	-0.01379	0.65892	0.00390	1	1.45898	0.81042	0	
1252560	8448.25781	3305282174177	0.00000	0.00000	8448.09668	0.03418	11380	0	0.55153	0.46837	0	0.41398	0.45429	0	0.41398	0.45429	0	0.48036	0.53762	9.49595	1.03583	0	0.74296	0.56002	10.79717	1.03583	0	-0.00493	-0.00952	0.67141	0.00348	1	0.06131	-0.01379	0.65892	0.00390	1	1.45898	0.81042	0	
1252561	8448.26465	3305282237121	0.00000	0.00000	8448.09668	0.03418	11380	0	0.55153	0.46837	0	0.41398	0.45429	0	0.41398	0.45429	0	0.48036	0.53762	9.49595	1.03583	0	0.74296	0.56002	10.79717	1.03583	0	-0.00493	-0.00952	0.67141	0.00348	1	0.06131	-0.01379	0.65892	0.00390	1	1.45898	0.81042	0	
1252562	8448.27051	3305282304046	0.00000	0.00000	8448.09668	0.03418	11380	0	0.55153	0.46837	0	0.41398	0.45429	0	0.41398	0.45429	0	0.48036	0.53762	9.49595	1.03583	0	0.74296	0.56002	10.79717	1.03583	0	-0.00493	-0.00952	0.67141	0.00348	1	0.06131	-0.01379	0.65892	0.00390	1	1.45898	0.81042	0	
1252563	8448.27734	3305282371220	0.00000	0.00000	8448.09668	0.03418	11380	0	0.55153	0.46837	0	0.41398	0.45429	0	0.41398	0.45429	0	0.48036	0.53762	9.49595	1.03583	0	0.74296	0.56002	10.79717	1.03583	0	-0.00493	-0.00952	0.67141	0.00348	1	0.06131	-0.01379	0.65892	0.00390	1	1.45898	0.81042	0	
1252564	8448.28418	3305282439235	0.00000	0.00000	8448.09668	0.03418	11380	0	0.55153	0.46837	0	0.41398	0.45429	0	0.41398	0.45429	0	0.48036	0.53762	9.49595	1.03583	0	0.74296	0.56002	10.79717	1.03583	0	-0.00493	-0.00952	0.67141	0.00348	1	0.06131	-0.01379	0.65892	0.00390	1	1.45898	0.81042	0	
1252565	8448.29102	3305282508714	0.00000	0.00000	8448.09668	0.03418	11380	0	0.55153	0.46837	0	0.41398	0.45429	0	0.41398	0.45429	0	0.48036	0.53762	9.49595	1.03583	0	0.74296	0.56002	10.79717	1.03583	0	-0.00493	-0.00952	0.67141	0.00348	1	0.06131	-0.01379	0.65892	0.00390	1	1.45898	0.81042	0	
1252566	8448.29785	3305282575387	0.00000	0.00000	8448.09668	0.03418	11380	0	0.55153	0.46837	0	0.41398	0.45429	0	0.41398	0.45429	0	0.48036	0.53762	9.49595	1.03583	0	0.74296	0.56002	10.79717	1.03583	0	-0.00493	-0.00952	0.67141	0.00348	1	0.06131	-0.01379	0.65892	0.00390	1	1.45898	0.81042	0	
1252567	8448.30469	3305282641268	0.00000	0.00000	8448.09668	0.03418	11380	0	0.55153	0.46837	0	0.41398	0.45429	0	0.41398	0.45429	0	0.48036	0.53762	9.49595	1.03583	0	0.74296	0.56002	10.79717	1.03583	0	-0.00493	-0.00952	0.67141	0.00348	1	0.06131	-0.01379	0.65892	0.00390	1	1.45898	0.81042	0	
1252568	8448.31152	3305282709125	0.00000	0.00000	8448.09668	0.03418	11380	0	0.55153	0.46837	0	0.41398	0.45429	0	0.41398	0.45429	0	0.48036	0.53762	9.49595	1.03583	0	0.74296	0.56002	10.79717	1.03583	0	-0.00493	-0.00952	0.67141	0.00348	1	0.06131	-0.01379	0.65892	0.00390	1	1.45898	0.81042	0	
1252569	8448.31836	3305282776553	0.00000	0.00000	8448.09668	0.03418	11380	0	0.55153	0.46837	0	0.41398	0.45429	0	0.41398	0.45429	0	0.48036	0.53762	9.49595	1.03583	0	0.74296	0.56002	10.79717	1.03583	0	-0.00493	-0.00952	0.67141	0.00348	1	0.06131	-0.01379	0.65892	0.00390	1	1.45898	0.81042	0	
1252570	8448.32520	3305282843404	0.00000	0.00000	8448.09668	0.03418	11380	0	0.55153	0.46837	0	0.41398	0.45429	0	0.41398	0.45429	0	0.48036	0.53762	9.49595	1.03583	0	0.74296	0.56002	10.79717	1.03583	0	-0.00493	-0.00952	0.67141	0.00348	1	0.06131	-0.01379	0.65892	0.00390	1	1.45898	0.81042	0	
1252571	8448.33105	3305282910581	0.00000	0.00000	8448.09668	0.03418	11380	0	0.55153	0.46837	0	0.41398	0.45429	0	0.41398	0.45429	0	0.48036	0.53762	9.49595	1.03583	0	0.74296	0.56002	10.79717	1.03583	0	-0.00493	-0.00952	0.67141	0.00348	1	0.06131	-0.01379	0.65892	0.00390	1	1.45898	0.81042	0	
1252572	8448.33789	3305282977943	0.00000	0.00000	8448.09668	0.03418	11380	0	0.55153	0.46837	0	0.41398	0.45429	0	0.41398	0.45429	0	0.48036	0.53762	9.49595	1.03583	0	0.74296	0.56002	10.79717	1.03583	0	-0.00493	-0.00952	0.67141	0.00348	1	0.06131	-0.01379	0.65892	0.00390	1	1.45898	0.81042	0	
1252573	8448.34473	3305283044339	0.00000	0.00000	8448.09668	0.03418	11380	0	0.55153	0.46837	0	0.41398	0.45429	0	0.41398	0.45429	0	0.48036	0.53762	9.49595	1.03583	0	0.74296	0.56002	10.79717	1.03583	0	-0.00493	-0.00952	0.67141	0.00348	1	0.06131	-0.01379	0.65892	0.00390	1	1.45898	0.81042	0	
1252574	8448.35156	3305283111243	0.00000	0.00000	8448.09668	0.03418	11380	0	0.55153	0.46837	0	0.41398	0.45429	0	0.41398	0.45429	0	0.48036	0.53762	9.49595	1.03583	0	0.74296	0.56002	10.79717	1.03583	0	-0.00493	-0.00952	0.67141	0.00348	1	0.06131	-0.01379	0.65892	0.00390	1	1.45898	0.81042	0	
1252575	8448.35840	3305283176821	0.00000	0.00000	8448.09668	0.03418	11380	0	0.55153	0.46837	0	0.41398	0.45429	0	0.41398	0.45429	0	0.48036	0.53762	9.49595	1.03583	0	0.74296	0.56002	10.79717	1.03583	0	-0.00493	-0.00952	0.67141	0.00348	1	0.06131	-0.01379	0.65892	0.00390	1	1.45898	0.81042	0	
1252576	8448.36523	3305283245306	0.18997	0.18954	8448.09668	0.03418	11380	0	0.55153	0.46837	0	0.37995	0.37908	1	0.37995	0.37908	1	0.48110	0.53632	10.10456	1.03583	0	0.48110	0.53632	10.10456	1.03583	1	-0.00493	-0.00952	0.67141	0.00348	1	0.06131	-0.01379	0.65892	0.00355	1	1.45898	0.81042	0	
1252577	8448.37207	3305283312700	0.18997	0.18954	8448.09668	0.03418	11380	0	0.55153	0.46837	0	0.37995	0.37908	0	0.37995	0.37908	0	0.48110	0.53632	10.10456	1.03583	0	0.48110	0.53632	10.10456	1.03583	0	-0.00493	-0.00952	0.67141	0.00348	1	0.06131	-0.01379	0.65892	0.00355	1	1.45898	0.81042	0	
1252578	8448.37891	3305283379817	0.37995	0.37908	8448.09668	0.03418	11380	0	0.55153	0.46837	0	0.37995	0.37908	0	0.37995	0.37908	0	0.48110	0.53632	10.10456	1.03583	0	0.48110	0.53632	10.10456	1.03583	0	-0.00493	-0.00952	0.67141	0.00348	1	0.06131	-0.01379	0.65892	0.00355	1	1.45898	0.81042	0	
1252579	8448.38477	3305283446506	0.37995	0.37908	8448.09668	0.03418	11380	0	0.55153	0.46837	0	0.37995	0.37908	0	0.37995	0.37908	0	0.48110	0.53632	10.10456	1.03583	0	0.48110	0.53632	10.10456	1.03583	0	-0.00493	-0.00952	0.67141	0.00348	1	0.06131	-0.01379	0.65892	0.00355	1	1.45898	0.81042	0	
1252580	8448.39160	3305283513372	0.37995	0.37908	8448.09668	0.03418	11380	0	0.55153	0.46837	0	0.37995	0.37908	0	0.37995	0.37908	0	0.48110	0.53632	10.10456	1.03583	0	0.48110	0.53632	10.10456	1.03583	0	-0.00493	-0.00952	0.67141	0.00348	1	0.06131	-0.01379	0.65892	0.00355	1	1.45898	0.81042	0	
1252581	8448.39844	3305283580396	0.00000	0.00000	8448.09668	0.03418	11380	0	0.55153	0.46837	0	0.37995	0.37908	0	0.37995	0.37908	0	0.48110	0.53632	10.10456	1.03583	0	0.48110	0.53632	10.10456	1.03583	0	-0.00493	-0.00952	0.67141	0.00348	1	0.06131	-0.01379	0.65892	0.00355	1	1.45898	0.81042	0	
1252582	8448.40527	3305283647258	0.00000	0.00000	8448.09668	0.03418	11380	0	0.55153	0.46837	0	0.37995	0.37908	0	0.37995	0.37908	0	0.48110	0.53632	10.10456	1.03583	0	0.48110	0.53632	10.10456	1.03583	0	-0.00493	-0.00952	0.67141	0.00348	1	0.06131	-0.01379	0.65892	0.00355	1	1.45898	0.81042	0	
1252583	8448.41211	3305283714522	0.00000	0.00000	8448.09668	0.03418	11380	0	0.55153	0.46837	0	0.37995	0.37908	0	0.37995	0.37908	0	0.48110	0.53632	10.10456	1.03583	0	0.48110	0.53632	10.10456	1.03583	0	-0.00493	-0.00952	0.67141	0.00348	1	0.06131	-0.01379	0.65892	0.00355	1	1.45898	0.81042	0	
1252584	8448.41895	3305283780745	0.00000	0.00000	8448.09668	0.03418	11380	0	0.55153	0.46837	0	0.37995	0.37908	0	0.37995	0.37908	0	0.48110	0.53632	10.10456	1.03583	0	0.48110	0.53632	10.10456	1.03583	0	-0.00493	-0.00952	0.67141	0.00348	1	0.06131	-0.01379	0.65892	0.00355	1	1.45898	0.81042	0	
1252585	8448.42578	3305283848111	0.00000	0.00000	8448.09668	0.03418	11380	0	0.55153	0.46837	0	0.37995	0.37908	0	0.37995	0.37908	0	0.48110	0.53632	10.10456	1.03583	0	0.48110	0.53632	10.10456	1.03583	0	-0.00493	-0.00952	0.67141	0.00348	1	0.06131	-0.01379	0.65892	0.00355	1	1.45898	0.81042	0	
1252586	8448.43164	3305283915003	0.00000	0.00000	8448.09668	0.03418	11380	0	0.55153	0.46837	0	0.37995	0.37908	0	0.37995	0.37908	0	0.48110	0.53632	10.10456	1.03583	0	0.48110	0.53632	10.10456	1.03583	0	-0.00493	-0.00952	0.67141	0.00348	1	0.06131	-0.01379	0.65892	0.00355	1	1.45898	0.81042	0	
1252587	8448.43848	3305283979411	0.00000	0.00000	8448.09668	0.03418	11380	0	0.55153	0.46837	0	0.37995	0.37908	0	0.37995	0.37908	0	0.48110	0.53632	10.10456	1.03583	0	0.48110	0.53632	10.10456	1.03583	0	-0.00493	-0.00952	0.67141	0.00348	1	0.06131	-0.01379	0.65892	0.00355	1	1.45898	0.81042	0	
1252588	8448.44531	3305284046707	0.00000	0.00000	8448.09668	0.03418	11380	0	0.55153	0.46837	0	0.37995	0.37908	0	0.37995	0.37908	0	0.48110	0.53632	10.10456	1.03583	0	0.48110	0.53632	10.10456	1.03583	0	-0.00493	-0.00952	0.67141	0.00348	1	0.06131	-0.01379	0.65892	0.00355	1	1.45898	0.81042	0	
1252589	8448.45215	3305284113697	0.00000	0.00000	8448.09668	0.03418	11380	0	0.55153	0.46837	0	0.37995	0.37908	0	0.37995	0.37908	0	0.48110	0.53632	10.10456	1.03583	0	0.48110	0.53632	10.10456	1.03583	0	-0.00493	-0.00952	0.67141	0.00348	1	0.06131	-0.01379	0.65892	0.00355	1	1.45898	0.81042	0	
1252590	8448.45898	3305284181008	0.00000	0.00000	8448.09668	0.03418	11380	0	0.55153	0.46837	0	0.37995	0.37908	0	0.37995	0.37908	0	0.48110	0.53632	10.10456	1.03583	0	0.48110	0.53632	10.10456	1.03583	0	-0.00493	-0.00952	0.67141	0.00348	1	0.06131	-0.01379	0.65892	0.00355	1	1.45898	0.81042	0	
1252591	8448.46582	3305284250031	0.00000	0.00000	8448.09668	0.03418	11380	0	0.55153	0.46837	0	0.37995	0.37908	0	0.37995	0.37908	0	0.48110	0.53632	10.10456	1.03583	0	0.48110	0.53632	10.10456	1.03583	0	-0.00493	-0.00952	0.67141	0.00348	1	0.06131	-0.01379	0.65892	0.00355	1	1.45898	0.81042	0	
1252592	8448.47168	3305284316486	0.18978	0.18653	8448.09668	0.03418	11380	0	0.55153	0.46837	0	0.37956	0.37305	1	0.37956	0.37305	1	0.48212	0.53645	10.74522	1.03583	0	0.48212	0.53645	10.74522	1.04349	1	-0.00493	-0.00952	0.67141	0.00348	1	-0.00450	-0.00932	0.68245	0.00349	1	1.45898	0.81042	0	
1252593	8448.47852	3305284384225	0.39138	0.40685	8448.09668	0.03418	11380	0	0.55153	0.46837	0	0.40319	0.44065	1	0.40319	0.44065	1	0.48212	0.53645	10.74522	1.04349	0	0.48195	0.53646	10.67218	1.05115	1	-0.00493	-0.00952	0.67141	0.00348	1	-0.00450	-0.00932	0.68245	0.00362	1	1.45898	0.81042	0	
1252594	8448.48535	3305284451104	0.38333	0.40370	8448.09668	0.03418	11380	0	0.55153	0.46837	0	0.37528	0.40055	1	0.37528	0.40055	1	0.48212	0.53645	10.74522	1.05115	0	0.48186	0.53621	10.46950	1.05881	1	-0.00493	-0.00952	0.67141	0.00348	1	-0.00450	-0.00932	0.68245	0.00359	1	1.45898	0.81042	0	
1252595	8448.49219	3305284517960	0.38051	0.40074	8448.09668	0.03418	11380	0	0.55153	0.46837	0	0.37487	0.39481	1	0.37487	0.39481	1	0.48212	0.53645	10.74522	1.05881	0	0.48212	0.53650	10.83999	1.06647	1	-0.00493	-0.00952	0.67141	0.00348	1	-0.00439	-0.00929	0.68045	0.00345	1	1.45898	0.81042	0	
1252596	8448.49902	3305284584866	0.38163	0.40525	8448.47852	0.02051	11381	1	0.55153	0.46837	0	0.38500	0.41877	1	0.38500	0.41877	1	0.48212	0.53645	10.74522	1.06647	0	0.48193	0.53634	10.40978	1.06647	1	-0.00493	-0.00952	0.67141	0.00348	1	-0.00439	-0.00929	0.68045	0.00351	1	1.45898	0.81042	0	
1252597	8448.50586	3305284651954	0.38256	0.39979	8448.47852	0.02734	11381	1	0.55153	0.46837	0	0.38628	0.37795	1	0.38628	0.37795	1	0.48212	0.53645	10.74522	1.06647	0	0.48200	0.53635	10.72512	1.06647	1	-0.00493	-0.00952	0.67141	0.00348	1	-0.00439	-0.00929	0.68045	0.00357	1	1.45898	0.81042	0	
1252598	8448.51270	3305284719232	0.38318	0.39615	8448.47852	0.03418	11381	1	0.55153	0.46837	0	0.38628	0.37795	1	0.38628	0.37795	1	0.48212	0.53645	10.74522	1.06647	0	0.48212	0.53657	10.81145	1.06647	1	-0.00493	-0.00952	0.67141	0.00348	1	-0.00439	-0.00929	0.68045	0.00347	1	1.45898	0.81042	0	
1252599	8448.51953	3305284786190	0.38394	0.39223	8448.47852	0.04102	11381	1	0.55153	0.46837	0	0.38852	0.36874	1	0.38852	0.36874	1	0.48212	0.53645	10.74522	1.06647	0	0.48198	0.53591	10.51700	1.06647	1	-0.00493	-0.00952	0.67141	0.00348	1	-0.00439	-0.00929	0.68045	0.00376	1	1.45898	0.81042	0	
1252600	8448.52539	3305284853159	0.38424	0.39486	8448.47852	0.04688	11381	1	0.55153	0.46837	0	0.38633	0.41323	1	0.38633	0.41323	1	0.48212	0.53645	10.74522	1.06647	0	0.48202	0.53651	10.72931	1.06647	1	-0.00493	-0.00952	0.67141	0.00348	1	-0.00439	-0.00929	0.68045	0.00347	1	1.45898	0.81042	0	
1252601	8448.53223	3305284919579	0.38447	0.39690	8448.47852	0.05371	11381	1	0.55153	0.46837	0	0.38633	0.41323	1	0.38633	0.41323	1	0.48212	0.53645	10.74522	1.06647	0	0.48189	0.53573	10.35561	1.06647	1	-0.00493	-0.00952	0.67141	0.00348	1	-0.00446	-0.00954	0.69111	0.00375	1	1.45898	0.81042	0	
1252602	8448.53906	3305284985884	0.38447	0.39690	8448.47852	0.06055	11381	1	0.55153	0.46837	0	0.38633	0.41323	0	0.38633	0.41323	0	0.48212	0.53645	10.74522	1.06647	0	0.48189	0.53573	10.35561	1.06647	0	-0.00493	-0.00952	0.67141	0.00348	1	-0.00446	-0.00954	0.69111	0.00375	1	1.45898	0.81042	0	
1252603	8448.54590	3305285053591	0.38447	0.39690	8448.47852	0.06738	11381	1	0.55153	0.46837	0	0.38633	0.41323	0	0.38633	0.41323	0	0.48212	0.53645	10.74522	1.06647	0	0.48189	0.53573	10.35561	1.06647	0	-0.00493	-0.00952	0.67141	0.00348	1	-0.00446	-0.00954	0.69111	0.00375	1	1.45898	0.81042	0	
1252604	8448.55273	3305285120693	0.38447	0.39690	8448.47852	0.07422	11381	1	0.55153	0.46837	0	0.38633	0.41323	0	0.38633	0.41323	0	0.48212	0.53645	10.74522	1.06647	0	0.48189	0.53573	10.35561	1.06647	0	-0.00493	-0.00952	0.67141	0.00348	1	-0.00446	-0.00954	0.69111	0.00375	1	1.45898	0.81042	0	
1252605	8448.55957	3305285187560	0.38361	0.39565	8448.47852	0.07422	11381	0	0.55153	0.46837	0	0.38633	0.41323	0	0.38633	0.41323	0	0.48212	0.53645	10.74522	1.06647	0	0.48189	0.53573	10.35561	1.06647	0	-0.00493	-0.00952	0.67141	0.00348	1	-0.00446	-0.00954	0.69111	0.00375	1	1.45898	0.81042	0	
1252606	8448.56641	3305285255685	0.38361	0.39565	8448.47852	0.07422	11381	0	0.55153	0.46837	0	0.38633	0.41323	0	0.38633	0.41323	0	0.48212	0.53645	10.74522	1.06647	0	0.48189	0.53573	10.35561	1.06647	0	-0.00493	-0.00952	0.67141	0.00348	1	-0.00446	-0.00954	0.69111	0.00375	1	1.45898	0.81042	0	
1252607	8448.57227	3305285322069	0.38361	0.39565	8448.47852	0.07422	11381	0	0.55153	0.46837	0	0.38633	0.41323	0	0.38633	0.41323	0	0.48212	0.53645	10.74522	1.06647	0	0.48189	0.53573	10.35561	1.06647	0	-0.00493	-0.00952	0.67141	0.00348	1	-0.00446	-0.00954	0.69111	0.00375	1	1.45898	0.81042	0	
1252608	8448.57910	3305285388718	0.00000	0.00000	8448.47852	0.07422	11381	0	0.55153	0.46837	0	0.38633	0.41323	0	0.38633	0.41323	0	0.48212	0.53645	10.74522	1.06647	0	0.48189	0.53573	10.35561	1.06647	0	-0.00493	-0.00952	0.67141	0.00348	1	-0.00446	-0.00954	0.69111	0.00375	1	1.45898	0.81042	0	
1252609	8448.58594	3305285455438	0.00000	0.00000	8448.47852	0.07422	11381	0	0.55153	0.46837	0	0.38633	0.41323	0	0.38633	0.41323	0	0.48212	0.53645	10.74522	1.06647	0	0.48189	0.53573	10.35561	1.06647	0	-0.00493	-0.00952	0.67141	0.00348	1	-0.00446	-0.00954	0.69111	0.00375	1	1.45898	0.81042	0	
1252610	8448.59277	3305285522621	0.00000	0.00000	8448.47852	0.07422	11381	0	0.55153	0.46837	0	0.38633	0.41323	0	0.38633	0.41323	0	0.48212	0.53645	10.74522	1.06647	0	0.48189	0.53573	10.35561	1.06647	0	-0.00493	-0.00952	0.67141	0.00348	1	-0.00446	-0.00954	0.69111	0.00375	1	1.45898	0.81042	0	
1252611	8448.59961	3305285589557	0.00000	0.00000	8448.47852	0.07422	11381	0	0.55153	0.46837	0	0.38633	0.41323	0	0.38633	0.41323	0	0.48212	0.53645	10.74522	1.06647	0	0.48189	0.53573	10.35561	1.06647	0	-0.00493	-0.00952	0.67141	0.00348	1	-0.00446	-0.00954	0.69111	0.00375	1	1.45898	0.81042	0	
1252612	8448.60645	3305285656330	0.06441	0.10894	8448.47852	0.07422	11381	0	0.55153	0.46837	0	0.12881	0.21789	1	0.12881	0.21789	1	0.47419	0.53591	10.03663	1.06647	0	0.47419	0.53591	10.03663	1.06647	1	-0.00493	-0.00952	0.67141	0.00348	1	-0.00446	-0.00954	0.69111	0.00223	1	1.45898	0.81042	0	
1252613	8448.61328	3305285724276	0.08587	0.14526	8448.47852	0.07422	11381	0	0.55153	0.46837	0	0.12881	0.21789	1	0.12881	0.21789	1	0.47419	0.53591	10.03663	1.06647	0	0.47427	0.53586	10.21150	1.06647	1	-0.00493	-0.00952	0.67141	0.00348	1	-0.00515	-0.00954	0.67320	0.00215	1	1.45898	0.81042	0	
1252614	8448.61914	3305285790674	0.17472	0.27308	8448.47852	0.07422	11381	0	0.26481	0.28534	1	0.26828	0.48159	1	0.26655	0.38347	1	0.47432	0.53586	9.58791	1.06647	1	0.73679	0.56113	11.65152	1.06647	1	-0.00493	-0.00952	0.67141	0.00217	1	-0.00515	-0.00954	0.67320	0.00376	1	1.45898	0.81042	0	
1252615	8448.62598	3305285857268	0.21862	0.32596	8448.47852	0.07422	11381	0	0.25743	0.28357	1	0.26762	0.47411	1	0.26252	0.37884	1	0.47416	0.53580	9.80698	1.06647	1	0.73675	0.56100	11.40660	1.06647	1	-0.00493	-0.00952	0.67141	0.00222	1	-0.00515	-0.00954	0.67320	0.00381	1	1.45898	0.81042	0	
1252616	8448.63281	3305285923692	0.23326	0.34359	8448.47852	0.07422	11381	0	0.25743	0.28357	1	0.26762	0.47411	1	0.26252	0.37884	1	0.47432	0.53584	9.57488	1.06647	1	0.73682	0.56024	11.26146	1.06647	1	-0.00518	-0.00955	0.67718	0.00218	1	0.06301	-0.01442	0.68432	0.00395	1	1.45898	0.81042	0	
1252617	8448.63965	3305285989436	0.26099	0.37986	8448.47852	0.07422	11381	0	0.24041	0.28523	1	0.27543	0.47859	1	0.25792	0.38191	1	0.47437	0.53582	9.69228	1.06647	1	0.73697	0.56102	11.82786	1.06647	1	-0.00518	-0.00955	0.67718	0.00213	1	0.06301	-0.01442	0.68432	0.00377	1	1.45898	0.81042	0	
1252618	8448.64551	3305286054800	0.26523	0.38658	8448.47852	0.07422	11381	0	0.24450	0.31966	1	0.29443	0.46694	1	0.26947	0.39330	1	0.47434	0.53604	10.01231	1.06647	1	0.73717	0.56098	11.96091	1.06647	1	-0.00518	-0.00955	0.67718	0.00217	1	0.06301	-0.01442	0.68432	0.00362	1	1.45898	0.81042	0	
1252619	8448.65234	3305286122583	0.26664	0.38882	8448.47852	0.07422	11381	0	0.24450	0.31966	1	0.29443	0.46694	1	0.26947	0.39330	1	0.47447	0.53603	9.82366	1.06647	1	0.73746	0.56099	11.40437	1.06647	1	-0.00518	-0.00955	0.67718	0.00215	1	0.06301	-0.01447	0.68432	0.00374	1	1.45898	0.81042	0	
1252620	8448.65918	3305286189740	0.26942	0.38675	8448.63965	0.01953	11382	1	0.24585	0.30334	1	0.30970	0.45776	1	0.27778	0.38055	1	0.47430	0.53601	9.38133	1.06647	1	0.73744	0.56083	11.19141	1.06647	1	-0.00518	-0.00955	0.67718	0.00224	1	0.06301	-0.01447	0.68432	0.00379	1	1.45898	0.81042	0	
1252621	8448.66602	3305286257299	0.27145	0.39017	8448.63965	0.02637	11382	1	0.24121	0.31671	1	0.31787	0.49099	1	0.27954	0.40385	1	0.47443	0.53596	9.60444	1.06647	1	0.73754	0.56117	11.10840	1.06647	1	-0.00518	-0.00955	0.67718	0.00213	1	0.06301	-0.01447	0.68432	0.00354	1	1.45898	0.81042	0	
1252622	8448.67285	3305286323444	0.27309	0.39344	8448.63965	0.03320	11382	1	0.24387	0.32334	1	0.31873	0.49625	1	0.28130	0.40979	1	0.47449	0.53597	9.65540	1.05845	1	0.73738	0.56126	11.37768	1.05845	1	-0.00502	-0.00935	0.66333	0.00214	1	0.06301	-0.01447	0.68432	0.00351	1	1.45898	0.81042	0	
1252623	8448.67969	3305286391072	0.27434	0.39114	8448.63965	0.04004	11382	1	0.25824	0.30804	1	0.30544	0.44665	1	0.28184	0.37734	1	0.47452	0.53589	9.60513	1.05043	1	0.73739	0.56065	11.31363	1.05043	1	-0.00502	-0.00935	0.66333	0.00219	1	0.06301	-0.01447	0.68432	0.00377	1	1.45898	0.81042	0	
1252624	8448.68652	3305286457816	0.27416	0.39317	8448.63965	0.04688	11382	1	0.26029	0.30073	1	0.28552	0.51393	1	0.27290	0.40733	1	0.47454	0.53573	9.63303	1.04242	1	0.73743	0.56141	11.93423	1.04242	1	-0.00502	-0.00935	0.66333	0.00224	1	0.06301	-0.01447	0.68432	0.00351	1	1.45898	0.81042	0	
1252625	8448.69336	3305286525300	0.27395	0.39443	8448.63965	0.05371	11382	1	0.26029	0.30073	1	0.28431	0.50831	1	0.27230	0.40452	1	0.47459	0.53580	9.81553	1.04242	1	0.73742	0.56142	11.94628	1.05110	1	-0.00515	-0.00954	0.67320	0.00223	1	0.06421	-0.01469	0.69681	0.00353	1	1.45898	0.81042	0	
1252626	8448.70020	3305286594419	0.27478	0.39455	8448.63965	0.06055	11382	1	0.25983	0.30276	1	0.30462	0.48860	1	0.28222	0.39568	1	0.47462	0.53594	9.76235	1.05911	1	0.73733	0.56137	11.73489	1.06779	1	-0.00515	-0.00954	0.67320	0.00221	1	0.06421	-0.01469	0.69681	0.00357	1	1.45898	0.81042	0	
1252627	8448.70703	3305286661482	0.27380	0.39274	8448.63965	0.06738	11382	1	0.25177	0.28439	1	0.27625	0.46491	1	0.26401	0.37465	1	0.47459	0.53580	9.81553	1.07581	1	0.73734	0.56107	11.78097	1.08449	1	-0.00515	-0.00954	0.67320	0.00223	1	0.06421	-0.01469	0.69681	0.00368	1	1.45898	0.81042	0	
1252628	8448.71289	3305286728493	0.27282	0.39069	8448.63965	0.07324	11382	1	0.24901	0.27702	1	0.27502	0.45913	1	0.26201	0.36808	1	0.47461	0.53594	9.75617	1.08449	1	0.73734	0.56104	11.52395	1.09317	1	-0.00497	-0.00931	0.65686	0.00222	1	0.06421	-0.01469	0.69681	0.00363	1	1.45898	0.81042	0	
1252629	8448.71973	3305286795398	0.27183	0.38742	8448.63965	0.08008	11382	1	0.25059	0.29236	1	0.26934	0.40405	1	0.25996	0.34820	1	0.47462	0.53609	10.08220	1.08516	1	0.73724	0.56042	11.55684	1.08516	1	-0.00497	-0.00931	0.65686	0.00216	1	0.06421	-0.01469	0.69681	0.00388	1	1.45898	0.81042	0	
1252630	8448.72656	3305286862104	0.27086	0.38255	8448.63965	0.08691	11382	1	0.24604	0.30691	1	0.27035	0.33152	1	0.25819	0.31921	1	0.47450	0.53606	9.83533	1.07714	1	0.73714	0.55971	11.05671	1.07714	1	-0.00497	-0.00931	0.65686	0.00218	1	0.06421	-0.01469	0.69681	0.00410	1	1.45898	0.81042	0	
1252631	8448.73340	3305286929478	0.27018	0.37899	8448.63965	0.09375	11382	1	0.24864	0.31354	1	0.27280	0.34474	1	0.26072	0.32914	1	0.47451	0.53602	9.73324	1.06912	1	0.73728	0.56133	11.23786	1.06044	1	-0.00502	-0.00935	0.66333	0.00220	1	0.06224	-0.01427	0.67487	0.00374	1	1.45898	0.81042	0	
1252632	8448.74023	3305286996435	0.27026	0.38094	8448.63965	0.10059	11382	1	0.26332	0.30636	1	0.27961	0.51420	1	0.27147	0.41028	1	0.47457	0.53590	9.58395	1.06044	1	0.73728	0.56142	11.54544	1.05176	1	-0.00502	-0.00935	0.66333	0.00227	1	0.06224	-0.01427	0.67487	0.00371	1	1.45898	0.81042	0	
1252633	8448.74707	3305287061650	0.26995	0.38290	8448.63965	0.10742	11382	1	0.26287	0.33237	1	0.26709	0.49610	1	0.26498	0.41424	1	0.47453	0.53604	9.79006	1.05176	1	0.73748	0.56111	11.68291	1.04308	1	-0.00502	-0.00935	0.66333	0.00220	1	0.06224	-0.01427	0.67487	0.00372	1	1.45898	0.81042	0	
1252634	8448.75293	3305287127333	0.26979	0.38500	8448.63965	0.11328	11382	1	0.26565	0.33950	1	0.26844	0.50186	1	0.26704	0.42068	1	0.47462	0.53598	9.80734	1.04308	1	0.73722	0.56038	11.42448	1.03440	1	-0.00497	-0.00931	0.65686	0.00215	1	0.06224	-0.01427	0.67487	0.00411	1	1.45898	0.81042	0	
1252635	8448.75977	3305287195964	0.26993	0.38598	8448.63965	0.12012	11382	1	0.28580	0.31593	1	0.25921	0.49142	1	0.27250	0.40368	1	0.47483	0.53585	9.86502	1.03440	1	0.73734	0.56106	11.60137	1.03440	1	-0.00497	-0.00931	0.65686	0.00228	1	0.06224	-0.01427	0.67487	0.00378	1	1.45898	0.81042	0	
1252636	8448.76660	3305287263881	0.26982	0.38680	8448.63965	0.12695	11382	1	0.27283	0.31683	1	0.26263	0.48775	1	0.26773	0.40229	1	0.47462	0.53598	9.70554	1.03440	1	0.73739	0.56093	11.42843	1.03440	1	-0.00497	-0.00931	0.65686	0.00219	1	0.06224	-0.01427	0.67487	0.00379	1	1.45898	0.81042	0	
1252637	8448.77344	3305287330916	0.26972	0.38754	8448.63965	0.13379	11382	1	0.27283	0.31683	1	0.26263	0.48775	1	0.26773	0.40229	1	0.47492	0.53580	9.86876	1.03440	1	0.73731	0.56085	11.26251	1.03440	1	-0.00502	-0.00935	0.66333	0.00227	1	0.06224	-0.01427	0.67487	0.00394	1	1.45898	0.81042	0	
1252638	8448.78027	3305287398348	0.26911	0.38787	8448.63965	0.14062	11382	1	0.24118	0.31247	1	0.27116	0.47728	1	0.25617	0.39488	1	0.47484	0.53574	9.86129	1.03440	1	0.73751	0.56095	11.43095	1.03440	1	-0.00502	-0.00935	0.66333	0.00225	1	0.06224	-0.01427	0.67487	0.00385	1	1.45898	0.81042	0	
1252639	8448.78711	3305287462060	0.26723	0.38767	8448.63965	0.14746	11382	1	0.22813	0.32225	1	0.22372	0.44410	1	0.22592	0.38317	1	0.47500	0.53577	10.27291	1.03440	1	0.73748	0.56059	11.65386	1.03440	1	-0.00502	-0.00935	0.66333	0.00219	1	0.06224	-0.01427	0.67487	0.00413	1	1.45898	0.81042	0	
1252640	8448.79297	3305287529639	0.26538	0.38709	8448.63965	0.15332	11382	1	0.22530	0.31545	1	0.22042	0.43218	1	0.22286	0.37382	1	0.47829	0.53526	10.99525	1.04242	1	0.74120	0.56104	12.25778	1.05110	1	-0.00464	-0.00959	0.68745	0.00223	1	0.06627	-0.01495	0.71211	0.00346	1	1.45898	0.81042	0	
1252641	8448.79980	3305287596017	0.26856	0.38711	8448.63965	0.16016	11382	1	0.34667	0.30549	1	0.34300	0.46960	1	0.34484	0.38754	1	0.47911	0.53504	10.54962	1.05911	1	0.74191	0.56050	12.08073	1.06779	1	-0.00464	-0.00959	0.68745	0.00225	1	0.06627	-0.01495	0.71211	0.00339	1	1.45898	0.81042	0	
1252642	8448.80664	3305287665667	0.26879	0.38587	8448.63965	0.16699	11382	1	0.26979	0.29505	1	0.27938	0.41482	1	0.27459	0.35493	1	0.47912	0.53508	10.58860	1.07581	1	0.74167	0.56055	13.06413	1.08449	1	-0.00464	-0.00959	0.68745	0.00228	1	0.06627	-0.01495	0.71211	0.00324	1	1.45898	0.81042	0	
1252643	8448.81348	3305287730336	0.26896	0.38459	8448.63965	0.17383	11382	1	0.26715	0.28777	1	0.27938	0.41482	1	0.27327	0.35129	1	0.48393	0.53612	11.09241	1.08449	1	0.74554	0.56046	11.29660	1.08449	1	-0.00381	-0.00922	0.66073	0.00359	1	0.06403	-0.01425	0.68099	0.00376	1	1.45898	0.81042	0	
1252644	8448.82031	3305287797008	0.27673	0.38651	8448.63965	0.18066	11382	1	0.49261	0.44396	1	0.48095	0.43270	1	0.48678	0.43833	1	0.48381	0.53655	11.19110	1.07648	1	0.74602	0.56049	11.52595	1.06779	1	-0.00381	-0.00922	0.66073	0.00374	1	0.06403	-0.01425	0.68099	0.00370	1	1.45898	0.81042	0	
1252645	8448.82715	3305287865265	0.28294	0.38768	8448.63965	0.18750	11382	1	0.47455	0.40005	1	0.43855	0.44100	1	0.45655	0.42053	1	0.48391	0.53574	10.98785	1.05978	1	0.74536	0.56033	11.88869	1.05110	1	-0.00381	-0.00922	0.66073	0.00377	1	0.06403	-0.01425	0.68099	0.00380	1	1.45898	0.81042	0	
1252646	8448.83398	3305287935020	0.31562	0.39715	8448.63965	0.18750	11382	0	0.47455	0.40005	0	0.43849	0.45304	1	0.43849	0.45304	1	0.48391	0.53574	10.98785	1.04308	0	0.48527	0.53644	11.09121	1.03440	1	-0.00381	-0.00922	0.66073	0.00377	1	-0.00368	-0.00946	0.68150	0.00358	1	1.45898	0.81042	0	
1252647	8448.84082	3305288001701	0.37064	0.40849	8448.63965	0.18750	11382	0	0.47455	0.40005	0	0.42567	0.41982	1	0.42567	0.41982	1	0.48391	0.53574	10.98785	1.03440	0	0.48533	0.53619	11.14519	1.03440	1	-0.00381	-0.00922	0.66073	0.00377	1	-0.00368	-0.00946	0.68150	0.00368	1	1.45898	0.81042	0	
1252648	8448.84766	3305288068022	0.38838	0.41590	8448.63965	0.18750	11382	0	0.47455	0.40005	0	0.42386	0.43072	1	0.42386	0.43072	1	0.48391	0.53574	10.98785	1.03440	0	0.48538	0.53626	11.27616	1.03440	1	-0.00381	-0.00922	0.66073	0.00377	1	-0.00368	-0.00946	0.68150	0.00375	1	1.45898	0.81042	0	
1252649	8448.85352	3305288135016	0.42444	0.42494	8448.63965	0.18750	11382	0	0.47455	0.40005	0	0.42378	0.42428	1	0.42378	0.42428	1	0.48391	0.53574	10.98785	1.03440	0	0.48513	0.53541	10.64637	1.04308	1	-0.00381	-0.00922	0.66073	0.00377	1	-0.00380	-0.00958	0.69390	0.00395	1	1.45898	0.81042	0	
1252650	8448.86035	3305288202196	0.42444	0.42494	8448.63965	0.18750	11382	0	0.47455	0.40005	0	0.42378	0.42428	0	0.42378	0.42428	0	0.48391	0.53574	10.98785	1.04308	0	0.48513	0.53541	10.64637	1.05176	0	-0.00381	-0.00922	0.66073	0.00377	1	-0.00380	-0.00958	0.69390	0.00395	1	1.45898	0.81042	0	
1252651	8448.86719	3305288269335	0.42444	0.42494	8448.63965	0.18750	11382	0	0.47455	0.40005	0	0.42378	0.42428	0	0.42378	0.42428	0	0.48391	0.53574	10.98785	1.05176	0	0.48513	0.53541	10.64637	1.06044	0	-0.00381	-0.00922	0.66073	0.00377	1	-0.00380	-0.00958	0.69390	0.00395	1	1.45898	0.81042	0	
1252652	8448.87402	3305288335626	0.00000	0.00000	8448.63965	0.18750	11382	0	0.47455	0.40005	0	0.42378	0.42428	0	0.42378	0.42428	0	0.48391	0.53574	10.98785	1.06044	0	0.48513	0.53541	10.64637	1.06912	0	-0.00381	-0.00922	0.66073	0.00377	1	-0.00380	-0.00958	0.69390	0.00395	1	1.45898	0.81042	0	
1252653	8448.88086	3305288403115	0.00000	0.00000	8448.63965	0.18750	11382	0	0.47455	0.40005	0	0.42378	0.42428	0	0.42378	0.42428	0	0.48391	0.53574	10.98785	1.06912	0	0.48513	0.53541	10.64637	1.06912	0	-0.00381	-0.00922	0.66073	0.00377	1	-0.00380	-0.00958	0.69390	0.00395	1	1.45898	0.81042	0	
1252654	8448.88770	3305288469740	0.00000	0.00000	8448.63965	0.18750	11382	0	0.47455	0.40005	0	0.42378	0.42428	0	0.42378	0.42428	0	0.48391	0.53574	10.98785	1.06912	0	0.48513	0.53541	10.64637	1.06912	0	-0.00381	-0.00922	0.66073	0.00377	1	-0.00380	-0.00958	0.69390	0.00395	1	1.45898	0.81042	0	
1252655	8448.89453	3305288537628	0.00000	0.00000	8448.63965	0.18750	11382	0	0.47455	0.40005	0	0.42378	0.42428	0	0.42378	0.42428	0	0.48391	0.53574	10.98785	1.06912	0	0.48513	0.53541	10.64637	1.06912	0	-0.00381	-0.00922	0.66073	0.00377	1	-0.00380	-0.00958	0.69390	0.00395	1	1.45898	0.81042	0	
1252656	8448.90039	3305288603748	0.00000	0.00000	8448.63965	0.18750	11382	0	0.47455	0.40005	0	0.42378	0.42428	0	0.42378	0.42428	0	0.48391	0.53574	10.98785	1.06912	0	0.48513	0.53541	10.64637	1.06912	0	-0.00381	-0.00922	0.66073	0.00377	1	-0.00380	-0.00958	0.69390	0.00395	1	1.45898	0.81042	0	
1252657	8448.90723	3305288670455	0.00000	0.00000	8448.63965	0.18750	11382	0	0.47455	0.40005	0	0.42378	0.42428	0	0.42378	0.42428	0	0.48391	0.53574	10.98785	1.06912	0	0.48513	0.53541	10.64637	1.06912	0	-0.00381	-0.00922	0.66073	0.00377	1	-0.00380	-0.00958	0.69390	0.00395	1	1.45898	0.81042	0	
1252658	8448.91406	3305288735618	0.00000	0.00000	8448.63965	0.18750	11382	0	0.47455	0.40005	0	0.42378	0.42428	0	0.42378	0.42428	0	0.48391	0.53574	10.98785	1.06912	0	0.48513	0.53541	10.64637	1.06912	0	-0.00381	-0.00922	0.66073	0.00377	1	-0.00380	-0.00958	0.69390	0.00395	1	1.45898	0.81042	0	
1252659	8448.92090	3305288805070	0.00000	0.00000	8448.63965	0.18750	11382	0	0.47455	0.40005	0	0.42378	0.42428	0	0.42378	0.42428	0	0.48391	0.53574	10.98785	1.06912	0	0.48513	0.53541	10.64637	1.06912	0	-0.00381	-0.00922	0.66073	0.00377	1	-0.00380	-0.00958	0.69390	0.00395	1	1.45898	0.81042	0	
1252660	8448.92773	3305288872245	0.27850	0.21379	8448.63965	0.18750	11382	0	0.58823	0.41695	1	0.52578	0.43821	1	0.55701	0.42758	1	0.48527	0.53607	11.47770	1.06912	1	0.74683	0.55965	11.88352	1.06912	1	-0.00381	-0.00922	0.66073	0.00365	1	-0.00380	-0.00958	0.69390	0.00378	1	1.45898	0.81042	0	
1252661	8448.93457	3305288939102	0.55689	0.42628	8448.63965	0.18750	11382	0	0.58782	0.41126	1	0.52572	0.43868	1	0.55677	0.42497	1	0.48508	0.53580	11.32816	1.07714	1	0.74671	0.56003	11.61686	1.06846	1	-0.00376	-0.00925	0.67737	0.00365	1	0.06485	-0.01441	0.68858	0.00356	1	1.45898	0.81042	0	
1252662	8448.94141	3305289006453	0.55048	0.42066	8448.63965	0.18750	11382	0	0.56574	0.34625	1	0.52241	0.48383	1	0.54408	0.41504	1	0.48509	0.53562	11.13943	1.07648	1	0.74672	0.56005	11.70266	1.06779	1	-0.00376	-0.00925	0.67737	0.00372	1	0.06485	-0.01441	0.68858	0.00357	1	1.45898	0.81042	0	
1252663	8448.94824	3305289072801	0.54641	0.42569	8448.63965	0.18750	11382	0	0.55591	0.39217	1	0.52061	0.47932	1	0.53826	0.43575	1	0.48484	0.53591	10.51307	1.07581	1	0.74671	0.56007	11.70042	1.06713	1	-0.00376	-0.00925	0.67737	0.00367	1	0.06485	-0.01441	0.68858	0.00352	1	1.45898	0.81042	0	
1252664	8448.95410	3305289139916	0.54430	0.42897	8448.93457	0.01953	11383	1	0.55597	0.39266	1	0.51996	0.48498	1	0.53796	0.43882	1	0.48484	0.53617	10.82523	1.07515	1	0.74633	0.56007	12.37623	1.05881	1	-0.00376	-0.00925	0.67737	0.00358	1	0.06185	-0.01373	0.65619	0.00354	1	1.45898	0.81042	0	
1252665	8448.96094	3305289206863	0.54326	0.43611	8448.93457	0.02637	11383	1	0.56519	0.45652	1	0.51308	0.47277	1	0.53913	0.46465	1	0.48493	0.53657	10.91880	1.05881	1	0.74660	0.55979	11.45682	1.05115	1	-0.00376	-0.00925	0.67737	0.00339	1	0.06185	-0.01373	0.65619	0.00371	1	1.45898	0.81042	0	
1252666	8448.96777	3305289274003	0.54149	0.44877	8448.93457	0.03320	11383	1	0.56519	0.45652	0	0.53259	0.51208	1	0.53259	0.51208	1	0.48493	0.53657	10.91880	1.05115	0	0.74658	0.56004	11.46382	1.04349	1	-0.00376	-0.00925	0.67737	0.00339	1	0.06185	-0.01373	0.65619	0.00352	1	1.45898	0.81042	0	
1252667	8448.97461	3305289340726	0.54012	0.45854	8448.93457	0.04004	11383	1	0.56519	0.45652	0	0.53190	0.51717	1	0.53190	0.51717	1	0.48493	0.53657	10.91880	1.04349	0	0.74638	0.56240	10.48115	1.03583	1	-0.00376	-0.00925	0.67737	0.00339	1	0.06166	-0.01356	0.65522	0.00289	1	1.45898	0.81042	0	
1252668	8448.98145	3305289407659	0.54279	0.51071	8448.93457	0.04688	11383	1	0.56519	0.45652	0	0.56150	0.87588	1	0.56150	0.87588	1	0.48493	0.53657	10.91880	1.03583	0	0.74679	0.56310	9.97049	1.03583	1	-0.00376	-0.00925	0.67737	0.00339	1	0.06166	-0.01356	0.65522	0.00261	1	1.45898	0.81042	0	
1252669	8448.98730	3305289471532	0.54279	0.51071	8448.93457	0.05273	11383	1	0.56519	0.45652	0	0.56150	0.87588	0	0.56150	0.87588	0	0.48493	0.53657	10.91880	1.03583	0	0.74679	0.56310	9.97049	1.03583	0	-0.00376	-0.00925	0.67737	0.00339	1	0.06166	-0.01356	0.65522	0.00261	1	1.45898	0.81042	0	
1252670	8448.99414	3305289538081	0.54279	0.51071	8448.93457	0.05957	11383	1	0.56519	0.45652	0	0.56150	0.87588	0	0.56150	0.87588	0	0.48493	0.53657	10.91880	1.03583	0	0.74679	0.56310	9.97049	1.03583	0	-0.00376	-0.00925	0.67737	0.00339	1	0.06166	-0.01356	0.65522	0.00261	1	1.45898	0.81042	0	
1252671	8449.00098	3305289601743	0.54279	0.51071	8448.93457	0.06641	11383	1	0.56519	0.45652	0	0.56150	0.87588	0	0.56150	0.87588	0	0.48493	0.53657	10.91880	1.03583	0	0.74679	0.56310	9.97049	1.03583	0	-0.00376	-0.00925	0.67737	0.00339	1	0.06166	-0.01356	0.65522	0.00261	1	1.45898	0.81042	0	
1252672	8449.00781	3305289675751	0.54077	0.52277	8448.93457	0.06641	11383	0	0.56519	0.45652	0	0.56150	0.87588	0	0.56150	0.87588	0	0.48493	0.53657	10.91880	1.03583	0	0.74679	0.56310	9.97049	1.03583	0	-0.00376	-0.00925	0.67737	0.00339	1	0.06166	-0.01356	0.65522	0.00261	1	1.45898	0.81042	0	
1252673	8449.01465	3305289742571	0.54077	0.52277	8448.93457	0.06641	11383	0	0.56519	0.45652	0	0.56150	0.87588	0	0.56150	0.87588	0	0.48493	0.53657	10.91880	1.03583	0	0.74679	0.56310	9.97049	1.03583	0	-0.00376	-0.00925	0.67737	0.00339	1	0.06166	-0.01356	0.65522	0.00261	1	1.45898	0.81042	0	
1252674	8449.02148	3305289809566	0.54077	0.52277	8448.93457	0.06641	11383	0	0.56519	0.45652	0	0.56150	0.87588	0	0.56150	0.87588	0	0.48493	0.53657	10.91880	1.03583	0	0.74679	0.56310	9.97049	1.03583	0	-0.00376	-0.00925	0.67737	0.00339	1	0.06166	-0.01356	0.65522	0.00261	1	1.45898	0.81042	0	
1252675	8449.02832	3305289877005	0.00000	0.00000	8448.93457	0.06641	11383	0	0.56519	0.45652	0	0.56150	0.87588	0	0.56150	0.87588	0	0.48493	0.53657	10.91880	1.03583	0	0.74679	0.56310	9.97049	1.03583	0	-0.00376	-0.00925	0.67737	0.00339	1	0.06166	-0.01356	0.65522	0.00261	1	1.45898	0.81042	0	
1252676	8449.03418	3305289940988	0.00000	0.00000	8448.93457	0.06641	11383	0	0.56519	0.45652	0	0.56150	0.87588	0	0.56150	0.87588	0	0.48493	0.53657	10.91880	1.03583	0	0.74679	0.56310	9.97049	1.03583	0	-0.00376	-0.00925	0.67737	0.00339	1	0.06166	-0.01356	0.65522	0.00261	1	1.45898	0.81042	0	
1252677	8449.04102	3305290008219	0.00000	0.00000	8448.93457	0.06641	11383	0	0.56519	0.45652	0	0.56150	0.87588	0	0.56150	0.87588	0	0.48493	0.53657	10.91880	1.03583	0	0.74679	0.56310	9.97049	1.03583	0	-0.00376	-0.00925	0.67737	0.00339	1	0.06166	-0.01356	0.65522	0.00261	1	1.45898	0.81042	0	
1252678	8449.04785	3305290073992	0.00000	0.00000	8448.93457	0.06641	11383	0	0.56519	0.45652	0	0.56150	0.87588	0	0.56150	0.87588	0	0.48493	0.53657	10.91880	1.03583	0	0.74679	0.56310	9.97049	1.03583	0	-0.00376	-0.00925	0.67737	0.00339	1	0.06166	-0.01356	0.65522	0.00261	1	1.45898	0.81042	0	
1252679	8449.05469	3305290141522	0.00000	0.00000	8448.93457	0.06641	11383	0	0.56519	0.45652	0	0.56150	0.87588	0	0.56150	0.87588	0	0.48493	0.53657	10.91880	1.03583	0	0.74679	0.56310	9.97049	1.03583	0	-0.00376	-0.00925	0.67737	0.00339	1	0.06166	-0.01356	0.65522	0.00261	1	1.45898	0.81042	0	
1252680	8449.06152	3305290209053	0.00000	0.00000	8448.93457	0.06641	11383	0	0.56519	0.45652	0	0.56150	0.87588	0	0.56150	0.87588	0	0.48493	0.53657	10.91880	1.03583	0	0.74679	0.56310	9.97049	1.03583	0	-0.00376	-0.00925	0.67737	0.00339	1	0.06166	-0.01356	0.65522	0.00261	1	1.45898	0.81042	0	
1252681	8449.06836	3305290276302	0.00000	0.00000	8448.93457	0.06641	11383	0	0.56519	0.45652	0	0.56150	0.87588	0	0.56150	0.87588	0	0.48493	0.53657	10.91880	1.03583	0	0.74679	0.56310	9.97049	1.03583	0	-0.00376	-0.00925	0.67737	0.00339	1	0.06166	-0.01356	0.65522	0.00261	1	1.45898	0.81042	0	
1252682	8449.07422	3305290341125	0.00000	0.00000	8448.93457	0.06641	11383	0	0.56519	0.45652	0	0.56150	0.87588	0	0.56150	0.87588	0	0.48493	0.53657	10.91880	1.03583	0	0.74679	0.56310	9.97049	1.03583	0	-0.00376	-0.00925	0.67737	0.00339	1	0.06166	-0.01356	0.65522	0.00261	1	1.45898	0.81042	0	
1252683	8449.08105	3305290409953	0.00000	0.00000	8448.93457	0.06641	11383	0	0.56519	0.45652	0	0.56150	0.87588	0	0.56150	0.87588	0	0.48493	0.53657	10.91880	1.03583	0	0.74679	0.56310	9.97049	1.03583	0	-0.00376	-0.00925	0.67737	0.00339	1	0.06166	-0.01356	0.65522	0.00261	1	1.45898	0.81042	0	
1252684	8449.08789	3305290476706	0.00000	0.00000	8448.93457	0.06641	11383	0	0.56519	0.45652	0	0.56150	0.87588	0	0.56150	0.87588	0	0.48493	0.53657	10.91880	1.03583	0	0.74679	0.56310	9.97049	1.03583	0	-0.00376	-0.00925	0.67737	0.00339	1	0.06166	-0.01356	0.65522	0.00261	1	1.45898	0.81042	0	
1252685	8449.09473	3305290544825	0.00000	0.00000	8448.93457	0.06641	11383	0	0.56519	0.45652	0	0.56150	0.87588	0	0.56150	0.87588	0	0.48493	0.53657	10.91880	1.03583	0	0.74679	0.56310	9.97049	1.03583	0	-0.00376	-0.00925	0.67737	0.00339	1	0.06166	-0.01356	0.65522	0.00261	1	1.45898	0.81042	0	
1252686	8449.10156	3305290613558	0.00000	0.00000	8448.93457	0.06641	11383	0	0.56519	0.45652	0	0.56150	0.87588	0	0.56150	0.87588	0	0.48493	0.53657	10.91880	1.03583	0	0.74679	0.56310	9.97049	1.03583	0	-0.00376	-0.00925	0.67737	0.00339	1	0.06166	-0.01356	0.65522	0.00261	1	1.45898	0.81042	0	
1252687	8449.10840	3305290678497	0.00000	0.00000	8448.93457	0.06641	11383	0	0.56519	0.45652	0	0.56150	0.87588	0	0.56150	0.87588	0	0.48493	0.53657	10.91880	1.03583	0	0.74679	0.56310	9.97049	1.03583	0	-0.00376	-0.00925	0.67737	0.00339	1	0.06166	-0.01356	0.65522	0.00261	1	1.45898	0.81042	0	
1252688	8449.11523	3305290747602	0.00000	0.00000	8448.93457	0.06641	11383	0	0.56519	0.45652	0	0.56150	0.87588	0	0.56150	0.87588	0	0.48493	0.53657	10.91880	1.03583	0	0.74679	0.56310	9.97049	1.03583	0	-0.00376	-0.00925	0.67737	0.00339	1	0.06166	-0.01356	0.65522	0.00261	1	1.45898	0.81042	0	
1252689	8449.12207	3305290814878	0.00000	0.00000	8448.93457	0.06641	11383	0	0.56519	0.45652	0	0.56150	0.87588	0	0.56150	0.87588	0	0.48493	0.53657	10.91880	1.03583	0	0.74679	0.56310	9.97049	1.03583	0	-0.00376	-0.00925	0.67737	0.00339	1	0.06166	-0.01356	0.65522	0.00261	1	1.45898	0.81042	0	
1252690	8449.12891	3305290881836	0.00000	0.00000	8448.93457	0.06641	11383	0	0.56519	0.45652	0	0.56150	0.87588	0	0.56150	0.87588	0	0.48493	0.53657	10.91880	1.03583	0	0.74679	0.56310	9.97049	1.03583	0	-0.00376	-0.00925	0.67737	0.00339	1	0.06166	-0.01356	0.65522	0.00261	1	1.45898	0.81042	0	
1252691	8449.13574	3305290948170	0.00000	0.00000	8448.93457	0.06641	11383	0	0.56519	0.45652	0	0.56150	0.87588	0	0.56150	0.87588	0	0.48493	0.53657	10.91880	1.03583	0	0.74679	0.56310	9.97049	1.03583	0	-0.00376	-0.00925	0.67737	0.00339	1	0.06166	-0.01356	0.65522	0.00261	1	1.45898	0.81042	0	
1252692	8449.14160	3305291015084	0.00000	0.00000	8448.93457	0.06641	11383	0	0.56519	0.45652	0	0.56150	0.87588	0	0.56150	0.87588	0	0.48493	0.53657	10.91880	1.03583	0	0.74679	0.56310	9.97049	1.03583	0	-0.00376	-0.00925	0.67737	0.00339	1	0.06166	-0.01356	0.65522	0.00261	1	1.45898	0.81042	0	
1252693	8449.14844	3305291082292	0.00000	0.00000	8448.93457	0.06641	11383	0	0.56519	0.45652	0	0.56150	0.87588	0	0.56150	0.87588	0	0.48493	0.53657	10.91880	1.03583	0	0.74679	0.56310	9.97049	1.03583	0	-0.00376	-0.00925	0.67737	0.00339	1	0.06166	-0.01356	0.65522	0.00261	1	1.45898	0.81042	0	
1252694	8449.15527	3305291149532	0.00000	0.00000	8448.93457	0.06641	11383	0	0.56519	0.45652	0	0.56150	0.87588	0	0.56150	0.87588	0	0.48493	0.53657	10.91880	1.03583	0	0.74679	0.56310	9.97049	1.03583	0	-0.00376	-0.00925	0.67737	0.00339	1	0.06166	-0.01356	0.65522	0.00261	1	1.45898	0.81042	0	
1252695	8449.16211	3305291216080	0.25396	0.20478	8448.93457	0.06641	11383	0	0.51662	0.40218	1	0.49921	0.41695	1	0.50792	0.40957	1	0.48104	0.53609	10.48746	1.03583	1	0.74325	0.55913	11.67524	1.03583	1	-0.00376	-0.00925	0.67737	0.00346	1	0.06166	-0.01356	0.65522	0.00401	1	1.45898	0.81042	0	
1252696	8449.16895	3305291283114	0.50355	0.34870	8448.93457	0.06641	11383	0	0.50574	0.20200	1	0.49263	0.37365	1	0.49918	0.28783	1	0.48098	0.53374	10.51401	1.03583	1	0.74314	0.55862	11.32773	1.03583	1	-0.00376	-0.00925	0.67737	0.00225	1	0.06166	-0.01356	0.65522	0.00422	1	1.45898	0.81042	0	
1252697	8449.17578	3305291350409	0.50132	0.31276	8448.93457	0.06641	11383	0	0.50463	0.19341	1	0.49354	0.36024	1	0.49908	0.27683	1	0.48090	0.53543	10.30081	1.04492	1	0.74272	0.55914	11.18180	1.05257	1	-0.00489	-0.00988	0.71627	0.00360	1	0.06349	-0.01421	0.68173	0.00378	1	1.45898	0.81042	0	
1252698	8449.18262	3305291418392	0.49906	0.34706	8448.93457	0.06641	11383	0	0.50463	0.19341	0	0.49455	0.41566	1	0.49455	0.41566	1	0.48090	0.53543	10.30081	1.06166	0	0.74277	0.55937	11.29530	1.06932	1	-0.00489	-0.00988	0.71627	0.00360	1	0.06349	-0.01421	0.68173	0.00370	1	1.45898	0.81042	0	
1252699	8449.18848	3305291484776	0.49906	0.34706	8449.16895	0.01953	11384	1	0.50463	0.19341	0	0.49455	0.41566	0	0.49455	0.41566	0	0.48090	0.53543	10.30081	1.07841	0	0.74277	0.55937	11.29530	1.08606	0	-0.00489	-0.00988	0.71627	0.00360	1	0.06349	-0.01421	0.68173	0.00370	1	1.45898	0.81042	0	
1252700	8449.19531	3305291551190	0.49829	0.35946	8449.16895	0.02637	11384	1	0.50463	0.19341	0	0.49596	0.39664	1	0.49596	0.39664	1	0.48090	0.53543	10.30081	1.09515	0	0.74225	0.55972	11.68000	1.09515	1	-0.00489	-0.00988	0.71627	0.00360	1	0.06038	-0.01355	0.64997	0.00367	1	1.45898	0.81042	0	
1252701	8449.20215	3305291617648	0.49218	0.36886	8449.16895	0.03320	11384	1	0.50463	0.19341	0	0.46777	0.40647	1	0.46777	0.40647	1	0.48090	0.53543	10.30081	1.09515	0	0.74240	0.55949	11.32862	1.08749	1	-0.00489	-0.00988	0.71627	0.00360	1	0.06038	-0.01355	0.64997	0.00386	1	1.45898	0.81042	0	
1252702	8449.20898	3305291685055	0.49218	0.36886	8449.16895	0.04004	11384	1	0.50463	0.19341	0	0.46777	0.40647	0	0.46777	0.40647	0	0.48090	0.53543	10.30081	1.08749	0	0.74240	0.55949	11.32862	1.07983	0	-0.00489	-0.00988	0.71627	0.00360	1	0.06038	-0.01355	0.64997	0.00386	1	1.45898	0.81042	0	
1252703	8449.21582	3305291752127	0.49218	0.36886	8449.16895	0.04688	11384	1	0.50463	0.19341	0	0.46777	0.40647	0	0.46777	0.40647	0	0.48090	0.53543	10.30081	1.07983	0	0.74240	0.55949	11.32862	1.07217	0	-0.00489	-0.00988	0.71627	0.00360	1	0.06038	-0.01355	0.64997	0.00386	1	1.45898	0.81042	0	
1252704	8449.22266	3305291819109	0.49218	0.36886	8449.16895	0.05371	11384	1	0.50463	0.19341	0	0.46777	0.40647	0	0.46777	0.40647	0	0.48090	0.53543	10.30081	1.07217	0	0.74240	0.55949	11.32862	1.07217	0	-0.00489	-0.00988	0.71627	0.00360	1	0.06038	-0.01355	0.64997	0.00386	1	1.45898	0.81042	0	
1252705	8449.22949	3305291885980	0.48934	0.37390	8449.16895	0.05371	11384	0	0.50463	0.19341	0	0.46777	0.40647	0	0.46777	0.40647	0	0.48090	0.53543	10.30081	1.07217	0	0.74240	0.55949	11.32862	1.07217	0	-0.00489	-0.00988	0.71627	0.00360	1	0.06038	-0.01355	0.64997	0.00386	1	1.45898	0.81042	0	
1252706	8449.23535	3305291951890	0.48934	0.37390	8449.16895	0.05371	11384	0	0.50463	0.19341	0	0.46777	0.40647	0	0.46777	0.40647	0	0.48090	0.53543	10.30081	1.07217	0	0.74240	0.55949	11.32862	1.07217	0	-0.00489	-0.00988	0.71627	0.00360	1	0.06038	-0.01355	0.64997	0.00386	1	1.45898	0.81042	0	
1252707	8449.24316	3305292024034	0.48934	0.37390	8449.16895	0.05371	11384	0	0.50463	0.19341	0	0.46777	0.40647	0	0.46777	0.40647	0	0.48090	0.53543	10.30081	1.07217	0	0.74240	0.55949	11.32862	1.07217	0	-0.00489	-0.00988	0.71627	0.00360	1	0.06038	-0.01355	0.64997	0.00386	1	1.45898	0.81042	0	
1252708	8449.24902	3305292086821	0.00000	0.00000	8449.16895	0.05371	11384	0	0.50463	0.19341	0	0.46777	0.40647	0	0.46777	0.40647	0	0.48090	0.53543	10.30081	1.07217	0	0.74240	0.55949	11.32862	1.07217	0	-0.00489	-0.00988	0.71627	0.00360	1	0.06038	-0.01355	0.64997	0.00386	1	1.45898	0.81042	0	
1252709	8449.25586	3305292151899	0.00000	0.00000	8449.16895	0.05371	11384	0	0.50463	0.19341	0	0.46777	0.40647	0	0.46777	0.40647	0	0.48090	0.53543	10.30081	1.07217	0	0.74240	0.55949	11.32862	1.07217	0	-0.00489	-0.00988	0.71627	0.00360	1	0.06038	-0.01355	0.64997	0.00386	1	1.45898	0.81042	0	
1252710	8449.26270	3305292218889	0.00000	0.00000	8449.16895	0.05371	11384	0	0.50463	0.19341	0	0.46777	0.40647	0	0.46777	0.40647	0	0.48090	0.53543	10.30081	1.07217	0	0.74240	0.55949	11.32862	1.07217	0	-0.00489	-0.00988	0.71627	0.00360	1	0.06038	-0.01355	0.64997	0.00386	1	1.45898	0.81042	0	
1252711	8449.26855	3305292283371	0.00000	0.00000	8449.16895	0.05371	11384	0	0.50463	0.19341	0	0.46777	0.40647	0	0.46777	0.40647	0	0.48090	0.53543	10.30081	1.07217	0	0.74240	0.55949	11.32862	1.07217	0	-0.00489	-0.00988	0.71627	0.00360	1	0.06038	-0.01355	0.64997	0.00386	1	1.45898	0.81042	0	
1252712	8449.27539	3305292353281	0.24243	0.14873	8449.16895	0.05371	11384	0	0.50242	0.17622	1	0.46728	0.41870	1	0.48485	0.29746	1	0.47964	0.53625	10.54390	1.06309	1	0.74138	0.56015	11.89977	1.07075	1	-0.00506	-0.00971	0.68899	0.00388	1	0.06431	-0.01449	0.69504	0.00379	1	1.45898	0.81042	0	
1252713	8449.28223	3305292421881	0.32349	0.23532	8449.16895	0.05371	11384	0	0.50902	0.34245	1	0.46221	0.47452	1	0.48561	0.40848	1	0.47941	0.53674	10.45885	1.06166	1	0.74148	0.56013	11.83573	1.06932	1	-0.00506	-0.00971	0.68899	0.00377	1	0.06431	-0.01449	0.69504	0.00380	1	1.45898	0.81042	0	
1252714	8449.28906	3305292488074	0.48539	0.37274	8449.16895	0.05371	11384	0	0.51337	0.37294	1	0.45803	0.45161	1	0.48570	0.41228	1	0.47952	0.53701	10.83700	1.06023	1	0.74143	0.56002	12.02804	1.06789	1	-0.00506	-0.00971	0.68899	0.00364	1	0.06431	-0.01449	0.69504	0.00374	1	1.45898	0.81042	0	
1252715	8449.29590	3305292555801	0.48558	0.39303	8449.16895	0.05371	11384	0	0.51353	0.37403	1	0.45800	0.45261	1	0.48577	0.41332	1	0.48007	0.53666	11.00053	1.05881	1	0.74151	0.55937	11.83332	1.06647	1	-0.00493	-0.00952	0.67141	0.00374	1	0.06431	-0.01454	0.69504	0.00381	1	1.45898	0.81042	0	
1252716	8449.30273	3305292621418	0.49444	0.40551	8449.16895	0.05371	11384	0	0.54439	0.37498	1	0.47996	0.48593	1	0.51217	0.43045	1	0.47999	0.53721	10.86783	1.06647	1	0.74142	0.56008	11.61282	1.06647	1	-0.00493	-0.00952	0.67141	0.00342	1	0.06431	-0.01454	0.69504	0.00391	1	1.45898	0.81042	0	
1252717	8449.30957	3305292690077	0.49741	0.40199	8449.28906	0.02051	11385	1	0.54456	0.39392	1	0.46806	0.38896	1	0.50631	0.39144	1	0.47995	0.53735	10.91982	1.06647	1	0.74157	0.55950	11.60661	1.06647	1	-0.00493	-0.00952	0.67141	0.00338	1	0.06431	-0.01454	0.69504	0.00418	1	1.45898	0.81042	0	
1252718	8449.31641	3305292754939	0.49919	0.39988	8449.28906	0.02734	11385	1	0.54456	0.39392	1	0.46806	0.38896	1	0.50631	0.39144	1	0.48000	0.53683	11.24428	1.06647	1	0.74133	0.55990	11.95227	1.06647	1	-0.00484	-0.00953	0.67209	0.00365	1	0.06431	-0.01454	0.69504	0.00397	1	1.45898	0.81042	0	
1252719	8449.32324	3305292823819	0.49851	0.39715	8449.28906	0.03418	11385	1	0.52386	0.32479	1	0.46641	0.44219	1	0.49514	0.38349	1	0.47968	0.53628	10.81787	1.06647	1	0.74149	0.56007	12.15598	1.06647	1	-0.00484	-0.00953	0.67209	0.00382	1	0.06431	-0.01454	0.69504	0.00390	1	1.45898	0.81042	0	
1252720	8449.32910	3305292890849	0.49479	0.40118	8449.28906	0.04004	11385	1	0.51666	0.37965	1	0.42823	0.47108	1	0.47244	0.42536	1	0.47987	0.53673	10.97856	1.06647	1	0.74093	0.56055	12.68469	1.06647	1	-0.00484	-0.00953	0.67209	0.00374	1	0.06431	-0.01454	0.69504	0.00393	1	1.45898	0.81042	0	
1252721	8449.33594	3305292958007	0.49193	0.40339	8449.28906	0.04688	11385	1	0.51565	0.37283	1	0.42817	0.46488	1	0.47191	0.41885	1	0.47985	0.53705	11.30693	1.07555	1	0.74157	0.56065	12.79198	1.07555	1	-0.00508	-0.00986	0.69897	0.00366	1	0.06431	-0.01454	0.69504	0.00374	1	1.45898	0.81042	0	
1252722	8449.34277	3305293025329	0.49208	0.40226	8449.28906	0.05371	11385	1	0.50139	0.33292	1	0.48521	0.45348	1	0.49330	0.39320	1	0.47974	0.53662	11.00615	1.08464	1	0.74188	0.56047	12.05546	1.08464	1	-0.00508	-0.00986	0.69897	0.00371	1	0.06431	-0.01454	0.69504	0.00384	1	1.45898	0.81042	0	
1252723	8449.34961	3305293091976	0.49225	0.40134	8449.28906	0.06055	11385	1	0.50390	0.31461	1	0.48371	0.47158	1	0.49380	0.39309	1	0.47976	0.53648	11.14391	1.09372	1	0.74179	0.56021	11.87149	1.09372	1	-0.00508	-0.00986	0.69897	0.00377	1	0.06431	-0.01454	0.69504	0.00378	1	1.45898	0.81042	0	
1252724	8449.35645	3305293158727	0.49240	0.40059	8449.28906	0.06738	11385	1	0.50390	0.31461	1	0.48371	0.47158	1	0.49380	0.39309	1	0.47987	0.53643	11.12034	1.09372	1	0.74179	0.56040	12.23973	1.09372	1	-0.00484	-0.00953	0.67209	0.00377	1	0.06431	-0.01449	0.69504	0.00382	1	1.45898	0.81042	0	
1252725	8449.36328	3305293226195	0.49270	0.40231	8449.28906	0.07422	11385	1	0.51014	0.39371	1	0.48198	0.44872	1	0.49606	0.42122	1	0.47981	0.53742	11.52501	1.08464	1	0.74177	0.56029	12.03694	1.08464	1	-0.00484	-0.00953	0.67209	0.00338	1	0.06431	-0.01449	0.69504	0.00403	1	1.45898	0.81042	0	
1252726	8449.37012	3305293293010	0.49255	0.40532	8449.28906	0.08105	11385	1	0.50826	0.38734	1	0.47319	0.49551	1	0.49073	0.44143	1	0.47981	0.53700	11.54146	1.07555	1	0.74168	0.56017	12.28100	1.07555	1	-0.00484	-0.00953	0.67209	0.00358	1	0.06431	-0.01449	0.69504	0.00373	1	1.45898	0.81042	0	
1252727	8449.37598	3305293359722	0.49242	0.40790	8449.28906	0.08691	11385	1	0.50826	0.38734	1	0.47319	0.49551	1	0.49073	0.44143	1	0.47999	0.53593	11.12679	1.07555	1	0.74133	0.56046	12.13597	1.07555	1	-0.00499	-0.00993	0.70068	0.00395	1	0.06431	-0.01454	0.69504	0.00381	1	1.45898	0.81042	0	
1252728	8449.38281	3305293426724	0.49272	0.40893	8449.28906	0.09375	11385	1	0.53906	0.38030	1	0.45489	0.46664	1	0.49698	0.42347	1	0.48032	0.53720	11.69662	1.08464	1	0.74137	0.56003	12.04741	1.08464	1	-0.00499	-0.00993	0.70068	0.00348	1	0.06431	-0.01454	0.69504	0.00387	1	1.45898	0.81042	0	
1252729	8449.38965	3305293493412	0.49305	0.41214	8449.28906	0.10059	11385	1	0.53398	0.42904	1	0.46200	0.49125	1	0.49799	0.46015	1	0.48016	0.53739	11.53908	1.09372	1	0.74151	0.56017	12.26356	1.09372	1	-0.00499	-0.00993	0.70068	0.00353	1	0.06431	-0.01454	0.69504	0.00379	1	1.45898	0.81042	0	
1252730	8449.39648	3305293561028	0.49334	0.41511	8449.28906	0.10742	11385	1	0.53398	0.42904	1	0.46181	0.49622	1	0.49789	0.46263	1	0.48041	0.53736	11.35674	1.09372	1	0.74203	0.56014	11.45981	1.08606	1	-0.00483	-0.00967	0.68560	0.00343	1	0.06114	-0.01382	0.66023	0.00373	1	1.45898	0.81042	0	
1252731	8449.40332	3305293627868	0.49431	0.41682	8449.28906	0.11426	11385	1	0.53405	0.42912	1	0.48780	0.46273	1	0.51093	0.44592	1	0.48056	0.53719	10.93596	1.07698	1	0.74186	0.56002	11.20717	1.06932	1	-0.00483	-0.00967	0.68560	0.00349	1	0.06114	-0.01382	0.66023	0.00371	1	1.45898	0.81042	0	
1252732	8449.41016	3305293693235	0.49536	0.41941	8449.28906	0.12109	11385	1	0.53566	0.44078	1	0.49290	0.49143	1	0.51428	0.46611	1	0.48056	0.53719	10.93596	1.06023	1	0.74202	0.56012	11.17582	1.05257	1	-0.00483	-0.00967	0.68560	0.00348	1	0.06114	-0.01382	0.66023	0.00374	1	1.45898	0.81042	0	
1252733	8449.41699	3305293761630	0.49634	0.42219	8449.28906	0.12793	11385	1	0.53727	0.45244	1	0.49241	0.49757	1	0.51484	0.47501	1	0.48067	0.53718	11.39654	1.04349	1	0.74215	0.55962	11.18532	1.04349	1	-0.00483	-0.00967	0.68560	0.00357	1	0.06266	-0.01415	0.67616	0.00393	1	1.45898	0.81042	0	
1252734	8449.42285	3305293828346	0.49622	0.42206	8449.28906	0.13379	11385	1	0.51177	0.39148	1	0.47576	0.44744	1	0.49376	0.41946	1	0.48063	0.53650	10.87018	1.04349	1	0.74213	0.55956	11.36648	1.05115	1	-0.00483	-0.00967	0.68560	0.00362	1	0.06266	-0.01415	0.67616	0.00387	1	1.45898	0.81042	0	
1252735	8449.42969	3305293892390	0.49558	0.42203	8449.28906	0.14062	11385	1	0.52380	0.40651	1	0.44082	0.43627	1	0.48231	0.42139	1	0.48075	0.53679	11.19351	1.05115	1	0.74193	0.55964	11.50546	1.05881	1	-0.00483	-0.00967	0.68560	0.00360	1	0.06266	-0.01415	0.67616	0.00376	1	1.45898	0.81042	0	
1252736	8449.43652	3305293961842	0.49497	0.42147	8449.28906	0.14746	11385	1	0.52202	0.39419	1	0.44091	0.42421	1	0.48146	0.40920	1	0.48075	0.53662	10.98515	1.06789	1	0.74198	0.56013	11.52564	1.07555	1	-0.00489	-0.00999	0.71626	0.00366	1	0.06378	-0.01433	0.68706	0.00371	1	1.45898	0.81042	0	
1252737	8449.44336	3305294027488	0.49475	0.42057	8449.28906	0.15430	11385	1	0.51737	0.38766	1	0.46185	0.41198	1	0.48961	0.39982	1	0.48069	0.53685	11.17983	1.08464	1	0.74223	0.55951	11.93969	1.08464	1	-0.00489	-0.00999	0.71626	0.00368	1	0.06378	-0.01433	0.68706	0.00366	1	1.45898	0.81042	0	
1252738	8449.45020	3305294092970	0.49487	0.41965	8449.28906	0.16113	11385	1	0.52498	0.40198	1	0.47092	0.39332	1	0.49795	0.39765	1	0.48081	0.53721	11.47938	1.09372	1	0.74227	0.55977	12.21117	1.09372	1	-0.00489	-0.00999	0.71626	0.00350	1	0.06378	-0.01433	0.68706	0.00375	1	1.45898	0.81042	0	
1252739	8449.45605	3305294160475	0.49499	0.41881	8449.28906	0.16699	11385	1	0.52498	0.40198	1	0.47092	0.39332	1	0.49795	0.39765	1	0.48119	0.53744	10.95422	1.09372	1	0.74232	0.56003	11.99010	1.09372	1	-0.00464	-0.00959	0.68745	0.00366	1	0.06297	-0.01412	0.67728	0.00361	1	1.45898	0.81042	0	
1252740	8449.46289	3305294227511	0.49536	0.41931	8449.28906	0.17383	11385	1	0.52254	0.43166	1	0.48726	0.43297	1	0.50490	0.43232	1	0.48114	0.53728	10.79522	1.08464	1	0.74261	0.56015	11.66187	1.08464	1	-0.00464	-0.00959	0.68745	0.00373	1	0.06297	-0.01412	0.67728	0.00348	1	1.45898	0.81042	0	
1252741	8449.46973	3305294297182	0.49555	0.41957	8449.28906	0.18066	11385	1	0.51731	0.38871	1	0.48420	0.46443	1	0.50076	0.42657	1	0.48112	0.53673	10.14502	1.07555	1	0.74267	0.55992	11.52122	1.07555	1	-0.00464	-0.00959	0.68745	0.00379	1	0.06297	-0.01412	0.67728	0.00356	1	1.45898	0.81042	0	
1252742	8449.47656	3305294359776	0.49573	0.41981	8449.28906	0.18750	11385	1	0.51731	0.38871	1	0.48420	0.46443	1	0.50076	0.42657	1	0.48137	0.53668	10.79945	1.07555	1	0.74285	0.55971	11.59187	1.07555	1	-0.00466	-0.00979	0.69819	0.00374	1	0.06349	-0.01421	0.68173	0.00356	1	1.45898	0.81042	0	
1252743	8449.48340	3305294430908	0.49537	0.41989	8449.28906	0.19434	11385	1	0.50130	0.41203	1	0.46874	0.43245	1	0.48502	0.42224	1	0.48117	0.53649	10.53363	1.08464	1	0.74282	0.55979	11.53618	1.08464	1	-0.00466	-0.00979	0.69819	0.00376	1	0.06349	-0.01421	0.68173	0.00355	1	1.45898	0.81042	0	
1252744	8449.49023	3305294499539	0.49504	0.41846	8449.28906	0.20117	11385	1	0.50004	0.34065	1	0.46978	0.41034	1	0.48491	0.37549	1	0.48134	0.53634	10.53802	1.09372	1	0.74275	0.55960	11.59005	1.09372	1	-0.00466	-0.00979	0.69819	0.00375	1	0.06349	-0.01421	0.68173	0.00366	1	1.45898	0.81042	0	
1252745	8449.49707	3305294565275	0.49473	0.41730	8449.28906	0.20801	11385	1	0.50101	0.34681	1	0.46953	0.41614	1	0.48527	0.38147	1	0.48173	0.53652	10.15995	1.08571	1	0.74305	0.55979	12.14465	1.08571	1	-0.00433	-0.00927	0.66438	0.00370	1	0.06349	-0.01421	0.68173	0.00359	1	1.45898	0.81042	0	
1252746	8449.50391	3305294632395	0.49429	0.41650	8449.28906	0.21484	11385	1	0.48869	0.40557	1	0.47164	0.37613	1	0.48017	0.39085	1	0.48139	0.53692	11.06400	1.06860	1	0.74315	0.55927	11.81903	1.06860	1	-0.00433	-0.00927	0.66438	0.00388	1	0.06349	-0.01421	0.68173	0.00363	1	1.45898	0.81042	0	
1252747	8449.51074	3305294699036	0.49424	0.41792	8449.28906	0.22168	11385	1	0.51507	0.43593	1	0.47018	0.49389	1	0.49263	0.46491	1	0.48180	0.53674	10.39156	1.05150	1	0.74323	0.56012	11.76877	1.05150	1	-0.00433	-0.00927	0.66438	0.00384	1	0.06349	-0.01421	0.68173	0.00373	1	1.45898	0.81042	0	
1252748	8449.51758	3305294766096	0.49421	0.41945	8449.28906	0.22852	11385	1	0.51611	0.44236	1	0.46988	0.50000	1	0.49299	0.47118	1	0.48201	0.53575	10.98744	1.04242	1	0.74330	0.55996	11.82642	1.04242	1	-0.00446	-0.00959	0.69111	0.00364	1	0.06295	-0.01407	0.67483	0.00356	1	1.45898	0.81042	0	
1252749	8449.52344	3305294831852	0.49462	0.41980	8449.28906	0.23438	11385	1	0.53145	0.39669	1	0.48671	0.46738	1	0.50908	0.43204	1	0.48207	0.53622	10.73343	1.05043	1	0.74349	0.55980	11.50586	1.05043	1	-0.00446	-0.00959	0.69111	0.00355	1	0.06295	-0.01407	0.67483	0.00350	1	1.45898	0.81042	0	
1252750	8449.53027	3305294898604	0.49400	0.41973	8449.28906	0.24121	11385	1	0.50445	0.35094	1	0.43860	0.48394	1	0.47152	0.41744	1	0.48209	0.53585	10.72965	1.05845	1	0.74309	0.56007	12.00614	1.05845	1	-0.00446	-0.00959	0.69111	0.00377	1	0.06295	-0.01407	0.67483	0.00359	1	1.45898	0.81042	0	
1252751	8449.53711	3305294965780	0.49338	0.41934	8449.28906	0.24805	11385	1	0.50238	0.33753	1	0.43866	0.47238	1	0.47052	0.40495	1	0.48211	0.53556	10.49125	1.07555	1	0.74356	0.55992	11.56536	1.07555	1	-0.00436	-0.00966	0.69977	0.00366	1	0.06349	-0.01417	0.67958	0.00354	1	1.45898	0.81042	0	
1252752	8449.54395	3305295034844	0.49331	0.41994	8449.28906	0.25488	11385	1	0.53193	0.41384	1	0.44943	0.47153	1	0.49068	0.44269	1	0.48255	0.53644	10.42343	1.08464	1	0.74361	0.56005	11.58482	1.08464	1	-0.00436	-0.00966	0.69977	0.00358	1	0.06349	-0.01417	0.67958	0.00367	1	1.45898	0.81042	0	
1252753	8449.55078	3305295102400	0.49313	0.42005	8449.28906	0.26172	11385	1	0.52738	0.39991	1	0.44462	0.44863	1	0.48600	0.42427	1	0.48249	0.53600	10.21918	1.09372	1	0.74352	0.55987	11.29302	1.09372	1	-0.00436	-0.00966	0.69977	0.00370	1	0.06349	-0.01417	0.67958	0.00377	1	1.45898	0.81042	0	
1252754	8449.55762	3305295169797	0.49295	0.42015	8449.28906	0.26855	11385	1	0.52738	0.39991	1	0.44462	0.44863	1	0.48600	0.42427	1	0.48280	0.53617	11.10561	1.09372	1	0.74432	0.55985	11.27467	1.09372	1	-0.00411	-0.00924	0.66924	0.00341	1	0.06338	-0.01417	0.67731	0.00370	1	1.45898	0.81042	0	
1252755	8449.56445	3305295235270	0.49332	0.42037	8449.28906	0.27539	11385	1	0.51694	0.42242	1	0.49983	0.43638	1	0.50839	0.42940	1	0.48264	0.53636	10.70883	1.08464	1	0.74438	0.56008	11.59232	1.08464	1	-0.00411	-0.00924	0.66924	0.00350	1	0.06338	-0.01417	0.67731	0.00355	1	1.45898	0.81042	0	
1252756	8449.57031	3305295302856	0.49353	0.41900	8449.28906	0.28125	11385	1	0.50930	0.36431	1	0.49587	0.35861	1	0.50259	0.36146	1	0.48257	0.53634	10.66674	1.07555	1	0.74434	0.55919	11.24151	1.07555	1	-0.00411	-0.00924	0.66924	0.00349	1	0.06338	-0.01417	0.67731	0.00387	1	1.45898	0.81042	0	
1252757	8449.57715	3305295369911	0.49375	0.41778	8449.28906	0.28809	11385	1	0.51035	0.37120	1	0.49585	0.35892	1	0.50310	0.36506	1	0.48272	0.53637	10.71446	1.06647	1	0.74445	0.55921	10.92608	1.07515	1	-0.00411	-0.00929	0.66924	0.00347	1	0.06668	-0.01490	0.71197	0.00384	1	1.45898	0.81042	0	
1252758	8449.58398	3305295436874	0.49343	0.41704	8449.28906	0.29492	11385	1	0.49928	0.32578	1	0.45895	0.44311	1	0.47911	0.38445	1	0.48283	0.53507	10.67466	1.07515	1	0.74415	0.55994	11.55135	1.08383	1	-0.00411	-0.00929	0.66924	0.00395	1	0.06668	-0.01490	0.71197	0.00349	1	1.45898	0.81042	0	
1252759	8449.59082	3305295503157	0.49268	0.41781	8449.28906	0.30176	11385	1	0.48686	0.42126	1	0.43172	0.48370	1	0.45929	0.45248	1	0.48256	0.53625	10.26720	1.08383	1	0.74415	0.56035	11.31942	1.09251	1	-0.00411	-0.00929	0.66924	0.00344	1	0.06668	-0.01490	0.71197	0.00369	1	1.45898	0.81042	0	
1252760	8449.59766	3305295570421	0.49139	0.41921	8449.28906	0.30859	11385	1	0.48686	0.42126	0	0.43172	0.48370	1	0.43172	0.48370	1	0.48256	0.53625	10.26720	1.09251	0	0.74453	0.55899	10.95374	1.09251	1	-0.00411	-0.00929	0.66924	0.00344	1	0.06393	-0.01427	0.68212	0.00399	1	1.45898	0.81042	0	
1252761	8449.60449	3305295637662	0.49139	0.41921	8449.28906	0.31543	11385	1	0.48686	0.42126	0	0.43172	0.48370	0	0.43172	0.48370	0	0.48256	0.53625	10.26720	1.09251	0	0.74453	0.55899	10.95374	1.08383	0	-0.00411	-0.00929	0.66924	0.00344	1	0.06393	-0.01427	0.68212	0.00399	1	1.45898	0.81042	0	
1252762	8449.61133	3305295703682	0.49139	0.41921	8449.28906	0.32227	11385	1	0.48686	0.42126	0	0.43172	0.48370	0	0.43172	0.48370	0	0.48256	0.53625	10.26720	1.08383	0	0.74453	0.55899	10.95374	1.07515	0	-0.00411	-0.00929	0.66924	0.00344	1	0.06393	-0.01427	0.68212	0.00399	1	1.45898	0.81042	0	
1252763	8449.61719	3305295767362	0.49139	0.41921	8449.28906	0.32812	11385	1	0.48686	0.42126	0	0.43172	0.48370	0	0.43172	0.48370	0	0.48256	0.53625	10.26720	1.07515	0	0.74453	0.55899	10.95374	1.06647	0	-0.00411	-0.00929	0.66924	0.00344	1	0.06393	-0.01427	0.68212	0.00399	1	1.45898	0.81042	0	
1252764	8449.62402	3305295838089	0.48317	0.41852	8449.28906	0.32812	11385	0	0.48686	0.42126	0	0.43172	0.48370	0	0.43172	0.48370	0	0.48256	0.53625	10.26720	1.06647	0	0.74453	0.55899	10.95374	1.06647	0	-0.00411	-0.00929	0.66924	0.00344	1	0.06393	-0.01427	0.68212	0.00399	1	1.45898	0.81042	0	
1252765	8449.63086	3305295903783	0.48317	0.41852	8449.28906	0.32812	11385	0	0.48686	0.42126	0	0.43172	0.48370	0	0.43172	0.48370	0	0.48256	0.53625	10.26720	1.06647	0	0.74453	0.55899	10.95374	1.06647	0	-0.00411	-0.00929	0.66924	0.00344	1	0.06393	-0.01427	0.68212	0.00399	1	1.45898	0.81042	0	
1252766	8449.63770	3305295971116	0.48317	0.41852	8449.28906	0.32812	11385	0	0.48686	0.42126	0	0.43172	0.48370	0	0.43172	0.48370	0	0.48256	0.53625	10.26720	1.06647	0	0.74453	0.55899	10.95374	1.06647	0	-0.00411	-0.00929	0.66924	0.00344	1	0.06393	-0.01427	0.68212	0.00399	1	1.45898	0.81042	0	
1252767	8449.64453	3305296038910	0.00000	0.00000	8449.28906	0.32812	11385	0	0.48686	0.42126	0	0.43172	0.48370	0	0.43172	0.48370	0	0.48256	0.53625	10.26720	1.06647	0	0.74453	0.55899	10.95374	1.06647	0	-0.00411	-0.00929	0.66924	0.00344	1	0.06393	-0.01427	0.68212	0.00399	1	1.45898	0.81042	0	
1252768	8449.65137	3305296105585	0.00000	0.00000	8449.28906	0.32812	11385	0	0.48686	0.42126	0	0.43172	0.48370	0	0.43172	0.48370	0	0.48256	0.53625	10.26720	1.06647	0	0.74453	0.55899	10.95374	1.06647	0	-0.00411	-0.00929	0.66924	0.00344	1	0.06393	-0.01427	0.68212	0.00399	1	1.45898	0.81042	0	
1252769	8449.65820	3305296173016	0.00000	0.00000	8449.28906	0.32812	11385	0	0.48686	0.42126	0	0.43172	0.48370	0	0.43172	0.48370	0	0.48256	0.53625	10.26720	1.06647	0	0.74453	0.55899	10.95374	1.06647	0	-0.00411	-0.00929	0.66924	0.00344	1	0.06393	-0.01427	0.68212	0.00399	1	1.45898	0.81042	0	
1252770	8449.66406	3305296239753	0.00000	0.00000	8449.28906	0.32812	11385	0	0.48686	0.42126	0	0.43172	0.48370	0	0.43172	0.48370	0	0.48256	0.53625	10.26720	1.06647	0	0.74453	0.55899	10.95374	1.06647	0	-0.00411	-0.00929	0.66924	0.00344	1	0.06393	-0.01427	0.68212	0.00399	1	1.45898	0.81042	0	
1252771	8449.67090	3305296306838	0.00000	0.00000	8449.28906	0.32812	11385	0	0.48686	0.42126	0	0.43172	0.48370	0	0.43172	0.48370	0	0.48256	0.53625	10.26720	1.06647	0	0.74453	0.55899	10.95374	1.06647	0	-0.00411	-0.00929	0.66924	0.00344	1	0.06393	-0.01427	0.68212	0.00399	1	1.45898	0.81042	0	
1252772	8449.67773	3305296374000	0.00000	0.00000	8449.28906	0.32812	11385	0	0.48686	0.42126	0	0.43172	0.48370	0	0.43172	0.48370	0	0.48256	0.53625	10.26720	1.06647	0	0.74453	0.55899	10.95374	1.06647	0	-0.00411	-0.00929	0.66924	0.00344	1	0.06393	-0.01427	0.68212	0.00399	1	1.45898	0.81042	0	
1252773	8449.68457	3305296440853	0.00000	0.00000	8449.28906	0.32812	11385	0	0.48686	0.42126	0	0.43172	0.48370	0	0.43172	0.48370	0	0.48256	0.53625	10.26720	1.06647	0	0.74453	0.55899	10.95374	1.06647	0	-0.00411	-0.00929	0.66924	0.00344	1	0.06393	-0.01427	0.68212	0.00399	1	1.45898	0.81042	0	
1252774	8449.69141	3305296507603	0.00000	0.00000	8449.28906	0.32812	11385	0	0.48686	0.42126	0	0.43172	0.48370	0	0.43172	0.48370	0	0.48256	0.53625	10.26720	1.06647	0	0.74453	0.55899	10.95374	1.06647	0	-0.00411	-0.00929	0.66924	0.00344	1	0.06393	-0.01427	0.68212	0.00399	1	1.45898	0.81042	0	
1252775	8449.69727	3305296572691	0.00000	0.00000	8449.28906	0.32812	11385	0	0.48686	0.42126	0	0.43172	0.48370	0	0.43172	0.48370	0	0.48256	0.53625	10.26720	1.06647	0	0.74453	0.55899	10.95374	1.06647	0	-0.00411	-0.00929	0.66924	0.00344	1	0.06393	-0.01427	0.68212	0.00399	1	1.45898	0.81042	0	
1252776	8449.70508	3305296641934	0.49533	0.39336	8449.28906	0.32812	11385	0	0.51246	0.36232	1	0.47821	0.42440	1	0.49533	0.39336	1	0.48417	0.53587	10.20203	1.06647	1	0.74571	0.56039	10.91878	1.06647	1	-0.00411	-0.00929	0.66924	0.00369	1	0.06393	-0.01427	0.68212	0.00376	1	1.45898	0.81042	0	
1252777	8449.71094	3305296708690	0.49627	0.38958	8449.28906	0.32812	11385	0	0.50766	0.35145	1	0.48674	0.42014	1	0.49720	0.38580	1	0.48412	0.53584	10.47061	1.06647	1	0.74582	0.56026	10.96257	1.06647	1	-0.00411	-0.00929	0.66924	0.00357	1	0.06393	-0.01427	0.68212	0.00370	1	1.45898	0.81042	0	
1252778	8449.71777	3305296775473	0.49658	0.38832	8449.28906	0.32812	11385	0	0.50766	0.35145	1	0.48674	0.42014	1	0.49720	0.38580	1	0.48412	0.53592	10.25041	1.06647	1	0.74569	0.56039	11.09352	1.06647	1	-0.00376	-0.00925	0.67737	0.00356	1	0.06485	-0.01451	0.68858	0.00369	1	1.45898	0.81042	0	
1252779	8449.72461	3305296842387	0.49666	0.39098	8449.70508	0.01953	11386	1	0.52633	0.39227	1	0.46750	0.40566	1	0.49692	0.39897	1	0.48427	0.53628	10.67566	1.06647	1	0.74580	0.56012	11.05931	1.06647	1	-0.00376	-0.00925	0.67737	0.00348	1	0.06485	-0.01451	0.68858	0.00380	1	1.45898	0.81042	0	
1252780	8449.73145	3305296909198	0.49623	0.39123	8449.70508	0.02637	11386	1	0.51523	0.40524	1	0.47377	0.37915	1	0.49450	0.39220	1	0.48414	0.53640	10.62808	1.06647	1	0.74590	0.55999	10.83805	1.06647	1	-0.00376	-0.00925	0.67737	0.00347	1	0.06485	-0.01451	0.68858	0.00380	1	1.45898	0.81042	0	
1252781	8449.73828	3305296976990	0.49591	0.38970	8449.70508	0.03320	11386	1	0.51422	0.39864	1	0.47441	0.36545	1	0.49431	0.38204	1	0.48417	0.53613	10.31052	1.07555	1	0.74584	0.56033	11.14036	1.08423	1	-0.00389	-0.00974	0.70991	0.00344	1	0.06648	-0.01486	0.70533	0.00372	1	1.45898	0.81042	0	
1252782	8449.74512	3305297043789	0.49481	0.38768	8449.70508	0.04004	11386	1	0.50999	0.36276	1	0.46646	0.38837	1	0.48822	0.37557	1	0.48414	0.53631	10.38962	1.09332	1	0.74578	0.56019	11.05785	1.10200	1	-0.00389	-0.00974	0.70991	0.00348	1	0.06648	-0.01486	0.70533	0.00378	1	1.45898	0.81042	0	
1252783	8449.75195	3305297110734	0.49453	0.38686	8449.70508	0.04688	11386	1	0.52391	0.38946	1	0.46115	0.37288	1	0.49253	0.38117	1	0.48431	0.53635	10.71667	1.11108	1	0.74577	0.56037	11.15761	1.11977	1	-0.00389	-0.00974	0.70991	0.00346	1	0.06648	-0.01486	0.70533	0.00368	1	1.45898	0.81042	0	
1252784	8449.75781	3305297177178	0.49427	0.38553	8449.70508	0.05273	11386	1	0.52303	0.38328	1	0.46135	0.36647	1	0.49219	0.37488	1	0.48428	0.53644	10.76939	1.11977	1	0.74597	0.56031	11.14688	1.12845	1	-0.00376	-0.00925	0.67737	0.00344	1	0.06527	-0.01465	0.69244	0.00379	1	1.45898	0.81042	0	
1252785	8449.76465	3305297244792	0.49434	0.38410	8449.70508	0.05957	11386	1	0.52287	0.36192	1	0.46719	0.38044	1	0.49503	0.37118	1	0.48425	0.53634	10.74022	1.11936	1	0.74586	0.56030	11.12378	1.11936	1	-0.00376	-0.00925	0.67737	0.00347	1	0.06527	-0.01465	0.69244	0.00378	1	1.45898	0.81042	0	
1252786	8449.77148	3305297311601	0.49458	0.38229	8449.70508	0.06641	11386	1	0.51690	0.35401	1	0.47688	0.37452	1	0.49689	0.36427	1	0.48420	0.53621	10.74998	1.11027	1	0.74598	0.56018	10.91125	1.11027	1	-0.00376	-0.00925	0.67737	0.00345	1	0.06527	-0.01465	0.69244	0.00371	1	1.45898	0.81042	0	
1252787	8449.77832	3305297377241	0.49479	0.38136	8449.70508	0.07324	11386	1	0.51786	0.36077	1	0.47654	0.38129	1	0.49720	0.37103	1	0.48423	0.53641	11.17615	1.10119	1	0.74600	0.56034	10.94896	1.10119	1	-0.00376	-0.00935	0.67736	0.00342	1	0.06527	-0.01465	0.69244	0.00366	1	1.45898	0.81042	0	
1252788	8449.78516	3305297445629	0.49495	0.38023	8449.70508	0.08008	11386	1	0.51980	0.36381	1	0.47380	0.36974	1	0.49680	0.36677	1	0.48430	0.53622	10.25465	1.10119	1	0.74596	0.56021	10.75742	1.10119	1	-0.00376	-0.00935	0.67736	0.00355	1	0.06527	-0.01465	0.69244	0.00369	1	1.45898	0.81042	0	
1252789	8449.79199	3305297512260	0.49494	0.37750	8449.70508	0.08691	11386	1	0.51352	0.31618	1	0.47605	0.36770	1	0.49479	0.34194	1	0.48427	0.53563	10.37111	1.10119	1	0.74598	0.56009	10.93787	1.10119	1	-0.00376	-0.00935	0.67736	0.00379	1	0.06527	-0.01465	0.69244	0.00378	1	1.45898	0.81042	0	
1252790	8449.79883	3305297579695	0.49492	0.37535	8449.70508	0.09375	11386	1	0.51352	0.31618	1	0.47574	0.37427	1	0.49463	0.34522	1	0.48421	0.53564	10.32957	1.10119	1	0.74584	0.56064	11.33432	1.09251	1	-0.00382	-0.00944	0.68777	0.00382	1	0.06369	-0.01428	0.67516	0.00358	1	1.45898	0.81042	0	
1252791	8449.80469	3305297646436	0.49463	0.37500	8449.70508	0.09961	11386	1	0.51243	0.33389	1	0.46828	0.40567	1	0.49036	0.36978	1	0.48425	0.53580	10.50502	1.09251	1	0.74588	0.56034	11.20209	1.08383	1	-0.00382	-0.00944	0.68777	0.00381	1	0.06369	-0.01428	0.67516	0.00374	1	1.45898	0.81042	0	
1252792	8449.81152	3305297713592	0.49438	0.37656	8449.70508	0.10645	11386	1	0.52534	0.35734	1	0.45538	0.44585	1	0.49036	0.40159	1	0.48435	0.53599	10.61447	1.08383	1	0.74566	0.56078	11.26398	1.07515	1	-0.00382	-0.00944	0.68777	0.00378	1	0.06369	-0.01428	0.67516	0.00370	1	1.45898	0.81042	0	
1252793	8449.81836	3305297780581	0.49418	0.37814	8449.70508	0.11328	11386	1	0.52623	0.36392	1	0.45538	0.44585	1	0.49080	0.40489	1	0.48426	0.53592	10.82136	1.07515	1	0.74576	0.56098	11.30479	1.07515	1	-0.00376	-0.00935	0.67736	0.00371	1	0.06527	-0.01465	0.69244	0.00358	1	1.45898	0.81042	0	
1252794	8449.82520	3305297847125	0.49408	0.37883	8449.70508	0.12012	11386	1	0.50422	0.35000	1	0.48010	0.43259	1	0.49216	0.39129	1	0.48415	0.53576	10.73716	1.07515	1	0.74568	0.56070	11.45225	1.08383	1	-0.00376	-0.00935	0.67736	0.00370	1	0.06527	-0.01465	0.69244	0.00360	1	1.45898	0.81042	0	
1252795	8449.83203	3305297914975	0.49492	0.37863	8449.70508	0.12695	11386	1	0.51766	0.31377	1	0.50423	0.43592	1	0.51095	0.37485	1	0.48430	0.53578	10.61662	1.08383	1	0.74607	0.56067	11.28640	1.09251	1	-0.00376	-0.00935	0.67736	0.00367	1	0.06527	-0.01465	0.69244	0.00356	1	1.45898	0.81042	0	
1252796	8449.83789	3305297977240	0.49566	0.37828	8449.70508	0.13281	11386	1	0.51673	0.30683	1	0.50423	0.43592	1	0.51048	0.37138	1	0.48454	0.53596	10.62727	1.09251	1	0.74581	0.56107	11.40355	1.09251	1	-0.00376	-0.00935	0.67736	0.00364	1	0.06426	-0.01443	0.68228	0.00351	1	1.45898	0.81042	0	
1252797	8449.84473	3305298045118	0.49609	0.37929	8449.70508	0.13965	11386	1	0.52836	0.31421	1	0.48178	0.48668	1	0.50507	0.40045	1	0.48448	0.53562	10.57473	1.09251	1	0.74576	0.56112	11.37336	1.08383	1	-0.00376	-0.00935	0.67736	0.00374	1	0.06426	-0.01443	0.68228	0.00358	1	1.45898	0.81042	0	
1252798	8449.85254	3305298115842	0.49655	0.38138	8449.70508	0.14746	11386	1	0.52179	0.33219	1	0.49146	0.52251	1	0.50663	0.42735	1	0.48434	0.53576	10.30369	1.08383	1	0.74586	0.56142	11.40398	1.07515	1	-0.00376	-0.00935	0.67736	0.00364	1	0.06426	-0.01443	0.68228	0.00354	1	1.45898	0.81042	0	
1252799	8449.85840	3305298179124	0.49698	0.38355	8449.70508	0.15332	11386	1	0.52270	0.33898	1	0.49102	0.52800	1	0.50686	0.43349	1	0.48428	0.53632	10.41512	1.07515	1	0.74586	0.56098	11.65267	1.06647	1	-0.00376	-0.00935	0.67736	0.00360	1	0.06426	-0.01443	0.68228	0.00350	1	1.45898	0.81042	0	
1252800	8449.86523	3305298246733	0.49752	0.38301	8449.70508	0.16016	11386	1	0.52225	0.37995	1	0.49874	0.35990	1	0.51050	0.36992	1	0.48425	0.53638	10.49053	1.06647	1	0.74595	0.55952	10.88662	1.06647	1	-0.00376	-0.00935	0.67736	0.00350	1	0.06426	-0.01443	0.68228	0.00408	1	1.45898	0.81042	0	
1252801	8449.87207	3305298314664	0.49835	0.38279	8449.70508	0.16699	11386	1	0.54574	0.39454	1	0.49289	0.36037	1	0.51932	0.37746	1	0.48424	0.53624	10.28290	1.06647	1	0.74592	0.55974	11.01258	1.06647	1	-0.00376	-0.00935	0.67736	0.00350	1	0.06426	-0.01443	0.68228	0.00400	1	1.45898	0.81042	0	
1252802	8449.87793	3305298379128	0.49913	0.38234	8449.70508	0.17285	11386	1	0.54495	0.38786	1	0.49337	0.35319	1	0.51916	0.37053	1	0.48411	0.53599	10.28263	1.07555	1	0.74578	0.56119	11.42239	1.07555	1	-0.00391	-0.00964	0.69502	0.00361	1	0.06346	-0.01427	0.67490	0.00369	1	1.45898	0.81042	0	
1252803	8449.88477	3305298446686	0.49897	0.38098	8449.70508	0.17969	11386	1	0.50755	0.19803	1	0.48189	0.49041	1	0.49472	0.34422	1	0.48381	0.53430	11.20074	1.08464	1	0.74567	0.56116	11.75922	1.08464	1	-0.00391	-0.00964	0.69502	0.00212	1	0.06346	-0.01427	0.67490	0.00370	1	1.45898	0.81042	0	
1252804	8449.89258	3305298516114	0.49902	0.37932	8449.70508	0.18750	11386	1	0.52554	0.18495	1	0.47525	0.48105	1	0.50039	0.33300	1	0.48374	0.53422	11.04290	1.09372	1	0.74559	0.56120	11.80518	1.09372	1	-0.00391	-0.00964	0.69502	0.00217	1	0.06346	-0.01427	0.67490	0.00364	1	1.45898	0.81042	0	
1252805	8449.89844	3305298579543	0.49904	0.37727	8449.70508	0.19336	11386	1	0.52359	0.16724	1	0.47595	0.46822	1	0.49977	0.31773	1	0.48374	0.53569	10.72248	1.11319	1	0.74549	0.56111	10.90896	1.11319	1	-0.00419	-0.01026	0.73535	0.00360	1	0.06403	-0.01445	0.68099	0.00367	1	1.45898	0.81042	0	
1252806	8449.90527	3305298648983	0.49863	0.37820	8449.70508	0.20020	11386	1	0.52428	0.34313	1	0.44851	0.46908	1	0.48639	0.40610	1	0.48372	0.53621	11.20206	1.12358	1	0.74511	0.56127	11.71365	1.12358	1	-0.00419	-0.01026	0.73535	0.00337	1	0.06403	-0.01445	0.68099	0.00358	1	1.45898	0.81042	0	
1252807	8449.91211	3305298718217	0.49804	0.37838	8449.70508	0.20703	11386	1	0.51923	0.33397	1	0.44010	0.43362	1	0.47966	0.38380	1	0.48355	0.53619	11.16742	1.13396	1	0.74501	0.56092	11.50841	1.13396	1	-0.00419	-0.01026	0.73535	0.00349	1	0.06403	-0.01445	0.68099	0.00353	1	1.45898	0.81042	0	
1252808	8449.91895	3305298785489	0.49750	0.37874	8449.70508	0.21387	11386	1	0.52015	0.34075	1	0.44006	0.43976	1	0.48010	0.39025	1	0.48344	0.53605	10.35608	1.12487	1	0.74523	0.56094	11.53616	1.12487	1	-0.00400	-0.00954	0.68388	0.00348	1	0.06346	-0.01427	0.67490	0.00352	1	1.45898	0.81042	0	
1252809	8449.92578	3305298850125	0.49725	0.37940	8449.70508	0.22070	11386	1	0.50670	0.33872	1	0.47168	0.46400	1	0.48919	0.40136	1	0.48342	0.53602	10.41310	1.10541	1	0.74513	0.56115	11.48028	1.10541	1	-0.00400	-0.00954	0.68388	0.00344	1	0.06346	-0.01427	0.67490	0.00365	1	1.45898	0.81042	0	
1252810	8449.93262	3305298918964	0.49703	0.38056	8449.70508	0.22754	11386	1	0.52170	0.33650	1	0.45714	0.50309	1	0.48942	0.41980	1	0.48355	0.53613	10.69983	1.08594	1	0.74494	0.56132	11.63216	1.08594	1	-0.00400	-0.00954	0.68388	0.00339	1	0.06346	-0.01427	0.67490	0.00367	1	1.45898	0.81042	0	
1252811	8449.93945	3305298986115	0.49684	0.38203	8449.70508	0.23438	11386	1	0.52374	0.35163	1	0.45675	0.51559	1	0.49024	0.43361	1	0.48335	0.53590	10.13233	1.06647	1	0.74510	0.55959	11.17140	1.06647	1	-0.00400	-0.00954	0.68388	0.00357	1	0.06346	-0.01427	0.67490	0.00410	1	1.45898	0.81042	0	
1252812	8449.94629	3305299053765	0.49690	0.38261	8449.70508	0.24121	11386	1	0.50675	0.36562	1	0.49159	0.44148	1	0.49917	0.40355	1	0.48333	0.53627	10.64616	1.06647	1	0.74505	0.56062	11.48626	1.06647	1	-0.00400	-0.00954	0.68388	0.00356	1	0.06346	-0.01427	0.67490	0.00362	1	1.45898	0.81042	0	
1252813	8449.95312	3305299122004	0.49707	0.38152	8449.70508	0.24805	11386	1	0.51010	0.32611	1	0.49661	0.35586	1	0.50335	0.34098	1	0.48344	0.53604	10.37925	1.06647	1	0.74513	0.55967	11.07094	1.06647	1	-0.00400	-0.00954	0.68388	0.00353	1	0.06346	-0.01427	0.67490	0.00408	1	1.45898	0.81042	0	
1252814	8449.95898	3305299184699	0.49723	0.38048	8449.70508	0.25391	11386	1	0.51010	0.32611	1	0.49661	0.35586	1	0.50335	0.34098	1	0.48351	0.53613	10.46754	1.06647	1	0.74495	0.56082	11.47285	1.06647	1	-0.00400	-0.00954	0.68388	0.00351	1	0.06346	-0.01427	0.67490	0.00355	1	1.45898	0.81042	0	
1252815	8449.96582	3305299253901	0.49717	0.38069	8449.70508	0.26074	11386	1	0.52065	0.36172	1	0.46901	0.41643	1	0.49483	0.38908	1	0.48354	0.53611	10.73111	1.06647	1	0.74512	0.56048	11.44622	1.06647	1	-0.00400	-0.00954	0.68388	0.00364	1	0.06346	-0.01427	0.67490	0.00362	1	1.45898	0.81042	0	
1252816	8449.97266	3305299321130	0.49713	0.38074	8449.70508	0.26758	11386	1	0.50980	0.28675	1	0.48111	0.47889	1	0.49546	0.38282	1	0.48341	0.53613	10.26157	1.06647	1	0.74492	0.56105	11.29543	1.06647	1	-0.00400	-0.00954	0.68388	0.00360	1	0.06346	-0.01427	0.67490	0.00373	1	1.45898	0.81042	0	
1252817	8449.97949	3305299388387	0.49709	0.38085	8449.70508	0.27441	11386	1	0.50980	0.28675	1	0.48079	0.48408	1	0.49529	0.38542	1	0.48349	0.53614	10.40602	1.06647	1	0.74500	0.56060	11.41896	1.05881	1	-0.00400	-0.00954	0.68388	0.00356	1	0.06183	-0.01392	0.65813	0.00358	1	1.45898	0.81042	0	
1252818	8449.98633	3305299453802	0.49723	0.38110	8449.70508	0.28125	11386	1	0.51718	0.28874	1	0.48898	0.49377	1	0.50308	0.39126	1	0.48348	0.53604	10.45238	1.05881	1	0.74498	0.56094	11.13542	1.05115	1	-0.00400	-0.00954	0.68388	0.00359	1	0.06183	-0.01392	0.65813	0.00366	1	1.45898	0.81042	0	
1252819	8449.99219	3305299521636	0.49747	0.38141	8449.70508	0.28711	11386	1	0.51669	0.33656	1	0.49889	0.45297	1	0.50779	0.39476	1	0.48348	0.53592	10.29457	1.05115	1	0.74516	0.56050	11.11930	1.04349	1	-0.00400	-0.00954	0.68388	0.00350	1	0.06183	-0.01392	0.65813	0.00354	1	1.45898	0.81042	0	
1252820	8449.99902	3305299589044	0.49771	0.38177	8449.70508	0.29395	11386	1	0.51755	0.34271	1	0.49889	0.45297	1	0.50822	0.39784	1	0.48352	0.53648	10.52428	1.04349	1	0.74490	0.56081	11.46983	1.04349	1	-0.00400	-0.00954	0.68388	0.00342	1	0.06291	-0.01417	0.67009	0.00357	1	1.45898	0.81042	0	
1252821	8450.00586	3305299655537	0.49770	0.38332	8449.70508	0.30078	11386	1	0.51606	0.44957	1	0.47871	0.45648	1	0.49738	0.45302	1	0.48337	0.53673	10.53643	1.04349	1	0.74490	0.56064	11.59851	1.05115	1	-0.00400	-0.00954	0.68388	0.00337	1	0.06291	-0.01417	0.67009	0.00355	1	1.45898	0.81042	0	
1252822	8450.01270	3305299722771	0.49794	0.38439	8449.70508	0.30762	11386	1	0.52231	0.39958	1	0.49563	0.46726	1	0.50897	0.43342	1	0.48347	0.53640	10.45546	1.05115	1	0.74515	0.56062	11.63142	1.05881	1	-0.00400	-0.00954	0.68388	0.00357	1	0.06291	-0.01417	0.67009	0.00359	1	1.45898	0.81042	0	
1252823	8450.01953	3305299788512	0.49817	0.38529	8449.70508	0.31445	11386	1	0.52149	0.39390	1	0.49606	0.46193	1	0.50878	0.42792	1	0.48341	0.53571	10.16553	1.05881	1	0.74515	0.56052	11.61913	1.06647	1	-0.00400	-0.00954	0.68388	0.00375	1	0.06291	-0.01417	0.67009	0.00365	1	1.45898	0.81042	0	
1252824	8450.02637	3305299856942	0.49845	0.38544	8449.70508	0.32129	11386	1	0.51247	0.36199	1	0.50565	0.43862	1	0.50906	0.40030	1	0.48345	0.53668	11.27976	1.06647	1	0.74526	0.56035	11.53103	1.06647	1	-0.00400	-0.00954	0.68388	0.00343	1	0.06291	-0.01417	0.67009	0.00365	1	1.45898	0.81042	0	
1252825	8450.03223	3305299921211	0.49871	0.38666	8449.70508	0.32715	11386	1	0.52142	0.42932	1	0.49822	0.45989	1	0.50982	0.44460	1	0.48352	0.53649	10.87267	1.06647	1	0.74520	0.56062	11.52673	1.06647	1	-0.00400	-0.00954	0.68388	0.00344	1	0.06291	-0.01417	0.67009	0.00360	1	1.45898	0.81042	0	
1252826	8450.04004	3305299991189	0.49898	0.38789	8449.70508	0.33496	11386	1	0.52142	0.42932	1	0.49822	0.45989	1	0.50982	0.44460	1	0.48368	0.53623	11.08539	1.06647	1	0.74495	0.56078	12.00589	1.06647	1	-0.00400	-0.00954	0.68388	0.00358	1	0.06291	-0.01417	0.67009	0.00360	1	1.45898	0.81042	0	
1252827	8450.04590	3305300057721	0.50595	0.41216	8449.70508	0.33496	11386	0	0.53474	0.38569	1	0.50076	0.39416	1	0.51775	0.38992	1	0.48374	0.53627	10.89347	1.06647	1	0.74522	0.56028	11.39514	1.06647	1	-0.00400	-0.00954	0.68388	0.00366	1	0.06291	-0.01417	0.67009	0.00366	1	1.45898	0.81042	0	
1252828	8450.05273	3305300124846	0.50593	0.41120	8449.70508	0.33496	11386	0	0.51387	0.42754	1	0.49793	0.39293	1	0.50590	0.41023	1	0.48341	0.53671	10.48907	1.06647	1	0.74519	0.56026	11.38381	1.06647	1	-0.00400	-0.00954	0.68388	0.00340	1	0.06291	-0.01417	0.67009	0.00365	1	1.45898	0.81042	0	
1252829	8450.05957	3305300189067	0.50592	0.41087	8449.70508	0.33496	11386	0	0.51387	0.42754	1	0.49793	0.39293	1	0.50590	0.41023	1	0.48344	0.53651	10.42361	1.06647	1	0.74489	0.56040	11.58012	1.06647	1	-0.00400	-0.00954	0.68388	0.00339	1	0.06291	-0.01417	0.67009	0.00380	1	1.45898	0.81042	0	
1252830	8450.06641	3305300258956	0.50558	0.41258	8450.04590	0.02051	11387	1	0.51816	0.41469	1	0.49093	0.42069	1	0.50455	0.41769	1	0.48350	0.53634	10.81322	1.06647	1	0.74514	0.56037	11.70174	1.06647	1	-0.00400	-0.00954	0.68388	0.00347	1	0.06291	-0.01417	0.67009	0.00374	1	1.45898	0.81042	0	
1252831	8450.07324	3305300326526	0.50608	0.41023	8450.04590	0.02734	11387	1	0.52605	0.37207	1	0.49010	0.42961	1	0.50807	0.40084	1	0.48364	0.53600	10.85948	1.06647	1	0.74499	0.56043	11.66824	1.06647	1	-0.00400	-0.00954	0.68388	0.00364	1	0.06291	-0.01417	0.67009	0.00372	1	1.45898	0.81042	0	
1252832	8450.08008	3305300392857	0.50645	0.40814	8450.04590	0.03418	11387	1	0.52605	0.37207	1	0.49053	0.42332	1	0.50829	0.39769	1	0.48368	0.53618	10.94218	1.06647	1	0.74504	0.56033	11.26926	1.07515	1	-0.00400	-0.00949	0.68389	0.00361	1	0.06571	-0.01479	0.69937	0.00376	1	1.45898	0.81042	0	
1252833	8450.08691	3305300459763	0.50728	0.40852	8450.04590	0.04102	11387	1	0.53588	0.40745	1	0.48871	0.41420	1	0.51230	0.41082	1	0.48373	0.53644	11.27950	1.07515	1	0.74498	0.56039	11.59673	1.08383	1	-0.00400	-0.00949	0.68389	0.00359	1	0.06571	-0.01479	0.69937	0.00378	1	1.45898	0.81042	0	
1252834	8450.09277	3305300526474	0.50755	0.40661	8450.04590	0.04688	11387	1	0.53105	0.38636	1	0.48787	0.40011	1	0.50946	0.39324	1	0.48368	0.53623	11.08539	1.08383	1	0.74504	0.56042	11.45659	1.09251	1	-0.00400	-0.00949	0.68389	0.00358	1	0.06571	-0.01479	0.69937	0.00371	1	1.45898	0.81042	0	
1252835	8450.09961	3305300593741	0.50772	0.40477	8450.04590	0.05371	11387	1	0.53021	0.38001	1	0.48787	0.40011	1	0.50904	0.39006	1	0.48350	0.53598	10.78203	1.09251	1	0.74496	0.56035	11.37516	1.09251	1	-0.00400	-0.00949	0.68389	0.00357	1	0.06346	-0.01427	0.67490	0.00374	1	1.45898	0.81042	0	
1252836	8450.10645	3305300660932	0.50746	0.39999	8450.04590	0.06055	11387	1	0.51904	0.29863	1	0.49129	0.41533	1	0.50517	0.35698	1	0.48362	0.53590	10.88425	1.09251	1	0.74507	0.56040	11.19894	1.08383	1	-0.00400	-0.00949	0.68389	0.00369	1	0.06346	-0.01427	0.67490	0.00397	1	1.45898	0.81042	0	
1252837	8450.11328	3305300728191	0.50753	0.39913	8450.04590	0.06738	11387	1	0.52558	0.34129	1	0.49076	0.43976	1	0.50817	0.39052	1	0.48362	0.53592	10.78481	1.08383	1	0.74509	0.56061	11.36335	1.07515	1	-0.00400	-0.00949	0.68389	0.00354	1	0.06346	-0.01427	0.67490	0.00385	1	1.45898	0.81042	0	
1252838	8450.12012	3305300794728	0.50760	0.39895	8450.04590	0.07422	11387	1	0.52646	0.34801	1	0.49032	0.44592	1	0.50839	0.39696	1	0.48355	0.53593	10.80998	1.07515	1	0.74509	0.56061	11.36335	1.06647	1	-0.00400	-0.00949	0.68389	0.00353	1	0.06346	-0.01427	0.67490	0.00385	1	1.45898	0.81042	0	
1252839	8450.12695	3305300861635	0.50697	0.39844	8450.04590	0.08105	11387	1	0.51218	0.33827	1	0.48655	0.44634	1	0.49936	0.39230	1	0.48341	0.53585	10.56195	1.06647	1	0.74500	0.56055	11.25575	1.06647	1	-0.00400	-0.00949	0.68389	0.00364	1	0.06346	-0.01427	0.67490	0.00388	1	1.45898	0.81042	0	
1252840	8450.13379	3305300928915	0.50634	0.39892	8450.04590	0.08789	11387	1	0.52521	0.37597	1	0.47130	0.43429	1	0.49826	0.40513	1	0.48359	0.53614	10.92832	1.06647	1	0.74511	0.56054	11.23835	1.06647	1	-0.00400	-0.00949	0.68389	0.00357	1	0.06346	-0.01427	0.67490	0.00385	1	1.45898	0.81042	0	
1252841	8450.13965	3305300995813	0.50581	0.39933	8450.04590	0.09375	11387	1	0.52521	0.37597	1	0.47130	0.43429	1	0.49826	0.40513	1	0.48353	0.53603	10.82214	1.06647	1	0.74514	0.56012	10.91390	1.06647	1	-0.00400	-0.00949	0.68389	0.00368	1	0.06346	-0.01417	0.67490	0.00405	1	1.45898	0.81042	0	
1252842	8450.14648	3305301062693	0.50576	0.39948	8450.04590	0.10059	11387	1	0.52810	0.36872	1	0.48194	0.43476	1	0.50502	0.40174	1	0.48361	0.53590	10.79353	1.06647	1	0.74530	0.56063	11.80219	1.06647	1	-0.00400	-0.00949	0.68389	0.00358	1	0.06346	-0.01417	0.67490	0.00379	1	1.45898	0.81042	0	
1252843	8450.15332	3305301130155	0.50478	0.39834	8450.04590	0.10742	11387	1	0.51063	0.33330	1	0.46763	0.42669	1	0.48913	0.38000	1	0.48343	0.53568	10.42346	1.06647	1	0.74505	0.56051	11.26824	1.06647	1	-0.00400	-0.00949	0.68389	0.00364	1	0.06346	-0.01417	0.67490	0.00393	1	1.45898	0.81042	0	
1252844	8450.16016	3305301196590	0.50391	0.39732	8450.04590	0.11426	11387	1	0.51063	0.33330	1	0.46763	0.42669	1	0.48913	0.38000	1	0.48390	0.53638	11.37917	1.06647	1	0.74558	0.55996	11.56114	1.06647	1	-0.00400	-0.00949	0.68389	0.00332	1	0.06346	-0.01417	0.67490	0.00412	1	1.45898	0.81042	0	
1252845	8450.16699	3305301263289	0.50371	0.39647	8450.04590	0.12109	11387	1	0.52992	0.32389	1	0.47038	0.43845	1	0.50015	0.38117	1	0.48375	0.53574	10.94251	1.06647	1	0.74553	0.55996	11.54836	1.06647	1	-0.00400	-0.00949	0.68389	0.00365	1	0.06346	-0.01417	0.67490	0.00407	1	1.45898	0.81042	0	
1252846	8450.17383	3305301330794	0.50402	0.39483	8450.04590	0.12793	11387	1	0.54921	0.33179	1	0.47052	0.39580	1	0.50986	0.36380	1	0.48395	0.53564	11.08966	1.06647	1	0.74549	0.56010	11.83460	1.06647	1	-0.00400	-0.00949	0.68389	0.00367	1	0.06346	-0.01417	0.67490	0.00402	1	1.45898	0.81042	0	
1252847	8450.18066	3305301397522	0.50242	0.39488	8450.04590	0.13477	11387	1	0.54921	0.33179	0	0.47052	0.39580	1	0.47052	0.39580	1	0.48395	0.53564	11.08966	1.06647	0	0.74553	0.56003	11.54963	1.06647	1	-0.00400	-0.00949	0.68389	0.00367	1	0.06346	-0.01417	0.67490	0.00409	1	1.45898	0.81042	0	
1252848	8450.18652	3305301464584	0.50242	0.39488	8450.04590	0.14062	11387	1	0.54921	0.33179	0	0.47052	0.39580	0	0.47052	0.39580	0	0.48395	0.53564	11.08966	1.06647	0	0.74553	0.56003	11.54963	1.06647	0	-0.00400	-0.00949	0.68389	0.00367	1	0.06346	-0.01417	0.67490	0.00409	1	1.45898	0.81042	0	
1252849	8450.19336	3305301528894	0.50242	0.39488	8450.04590	0.14746	11387	1	0.54921	0.33179	0	0.47052	0.39580	0	0.47052	0.39580	0	0.48395	0.53564	11.08966	1.06647	0	0.74553	0.56003	11.54963	1.06647	0	-0.00400	-0.00949	0.68389	0.00367	1	0.06346	-0.01417	0.67490	0.00409	1	1.45898	0.81042	0	
1252850	8450.20020	3305301598817	0.50242	0.39488	8450.04590	0.15430	11387	1	0.54921	0.33179	0	0.47052	0.39580	0	0.47052	0.39580	0	0.48395	0.53564	11.08966	1.06647	0	0.74553	0.56003	11.54963	1.06647	0	-0.00400	-0.00949	0.68389	0.00367	1	0.06346	-0.01417	0.67490	0.00409	1	1.45898	0.81042	0	
1252851	8450.20703	3305301665718	0.49845	0.38746	8450.04590	0.15430	11387	0	0.54921	0.33179	0	0.47052	0.39580	0	0.47052	0.39580	0	0.48395	0.53564	11.08966	1.06647	0	0.74553	0.56003	11.54963	1.06647	0	-0.00400	-0.00949	0.68389	0.00367	1	0.06346	-0.01417	0.67490	0.00409	1	1.45898	0.81042	0	
1252852	8450.21387	3305301732739	0.49845	0.38746	8450.04590	0.15430	11387	0	0.54921	0.33179	0	0.47052	0.39580	0	0.47052	0.39580	0	0.48395	0.53564	11.08966	1.06647	0	0.74553	0.56003	11.54963	1.06647	0	-0.00400	-0.00949	0.68389	0.00367	1	0.06346	-0.01417	0.67490	0.00409	1	1.45898	0.81042	0	
1252853	8450.22070	3305301799340	0.49845	0.38746	8450.04590	0.15430	11387	0	0.54921	0.33179	0	0.47052	0.39580	0	0.47052	0.39580	0	0.48395	0.53564	11.08966	1.06647	0	0.74553	0.56003	11.54963	1.06647	0	-0.00400	-0.00949	0.68389	0.00367	1	0.06346	-0.01417	0.67490	0.00409	1	1.45898	0.81042	0	
1252854	8450.22754	3305301866839	0.00000	0.00000	8450.04590	0.15430	11387	0	0.54921	0.33179	0	0.47052	0.39580	0	0.47052	0.39580	0	0.48395	0.53564	11.08966	1.06647	0	0.74553	0.56003	11.54963	1.06647	0	-0.00400	-0.00949	0.68389	0.00367	1	0.06346	-0.01417	0.67490	0.00409	1	1.45898	0.81042	0	
1252855	8450.23340	3305301933169	0.00000	0.00000	8450.04590	0.15430	11387	0	0.54921	0.33179	0	0.47052	0.39580	0	0.47052	0.39580	0	0.48395	0.53564	11.08966	1.06647	0	0.74553	0.56003	11.54963	1.06647	0	-0.00400	-0.00949	0.68389	0.00367	1	0.06346	-0.01417	0.67490	0.00409	1	1.45898	0.81042	0	
1252856	8450.24023	3305301996643	0.00000	0.00000	8450.04590	0.15430	11387	0	0.54921	0.33179	0	0.47052	0.39580	0	0.47052	0.39580	0	0.48395	0.53564	11.08966	1.06647	0	0.74553	0.56003	11.54963	1.06647	0	-0.00400	-0.00949	0.68389	0.00367	1	0.06346	-0.01417	0.67490	0.00409	1	1.45898	0.81042	0	
1252857	8450.24707	3305302065410	0.47574	0.27534	8450.04590	0.15430	11387	0	0.47332	0.15740	1	0.47815	0.39327	1	0.47574	0.27534	1	0.48371	0.53352	11.14392	1.06647	1	0.74562	0.55959	11.51608	1.06647	1	-0.00400	-0.00949	0.68389	0.00232	1	0.06346	-0.01417	0.67490	0.00410	1	1.45898	0.81042	0	
1252858	8450.25391	3305302133052	0.47500	0.34535	8450.04590	0.15430	11387	0	0.48587	0.35925	1	0.46264	0.47146	1	0.47426	0.41536	1	0.48371	0.53599	11.28951	1.06647	1	0.74540	0.56054	12.07920	1.06647	1	-0.00400	-0.00949	0.68389	0.00352	1	0.06346	-0.01417	0.67490	0.00371	1	1.45898	0.81042	0	
1252859	8450.26074	3305302198459	0.47458	0.36648	8450.04590	0.15430	11387	0	0.48464	0.35224	1	0.46287	0.46525	1	0.47376	0.40874	1	0.48360	0.53562	10.91056	1.07555	1	0.74538	0.56045	11.86957	1.07555	1	-0.00394	-0.00957	0.70089	0.00367	1	0.06346	-0.01417	0.67490	0.00375	1	1.45898	0.81042	0	
1252860	8450.26660	3305302265839	0.47461	0.40645	8450.04590	0.15430	11387	0	0.48592	0.32039	1	0.46571	0.47013	1	0.47582	0.39526	1	0.48379	0.53551	11.32664	1.08464	1	0.74547	0.56052	11.92070	1.08464	1	-0.00394	-0.00957	0.70089	0.00361	1	0.06346	-0.01417	0.67490	0.00377	1	1.45898	0.81042	0	
1252861	8450.27344	3305302332822	0.48024	0.38100	8450.04590	0.15430	11387	0	0.50346	0.24724	1	0.46827	0.46384	1	0.48586	0.35554	1	0.48371	0.53491	10.79885	1.09372	1	0.74548	0.56054	11.93457	1.09372	1	-0.00394	-0.00957	0.70089	0.00381	1	0.06346	-0.01417	0.67490	0.00377	1	1.45898	0.81042	0	
1252862	8450.28027	3305302400670	0.48198	0.37020	8450.04590	0.15430	11387	0	0.50239	0.23948	1	0.46854	0.45772	1	0.48547	0.34860	1	0.48371	0.53518	10.80236	1.10281	1	0.74542	0.56048	11.73964	1.10281	1	-0.00394	-0.00957	0.70089	0.00377	1	0.06346	-0.01417	0.67490	0.00384	1	1.45898	0.81042	0	
1252863	8450.28711	3305302466706	0.48155	0.37133	8450.26660	0.02051	11388	1	0.48788	0.31699	1	0.47264	0.43246	1	0.48026	0.37472	1	0.48383	0.53575	11.40857	1.10281	1	0.74556	0.56033	11.62200	1.10281	1	-0.00394	-0.00957	0.70089	0.00357	1	0.06346	-0.01417	0.67490	0.00385	1	1.45898	0.81042	0	
1252864	8450.29395	3305302532905	0.48099	0.37587	8450.26660	0.02734	11388	1	0.50153	0.32321	1	0.45594	0.46491	1	0.47874	0.39406	1	0.48367	0.53550	10.83134	1.10281	1	0.74527	0.56050	11.87334	1.10281	1	-0.00394	-0.00957	0.70089	0.00377	1	0.06346	-0.01417	0.67490	0.00386	1	1.45898	0.81042	0	
1252865	8450.30078	3305302600656	0.48053	0.37765	8450.26660	0.03418	11388	1	0.50030	0.31512	1	0.45614	0.45799	1	0.47822	0.38656	1	0.48368	0.53561	10.77239	1.11319	1	0.74534	0.56019	11.85394	1.11319	1	-0.00419	-0.01004	0.73535	0.00362	1	0.06346	-0.01417	0.67490	0.00405	1	1.45898	0.81042	0	
1252866	8450.30762	3305302670110	0.48202	0.37304	8450.26660	0.04102	11388	1	0.50600	0.30646	1	0.47597	0.38425	1	0.49099	0.34535	1	0.48376	0.53586	11.12375	1.12358	1	0.74552	0.55992	11.67951	1.12358	1	-0.00419	-0.01004	0.73535	0.00355	1	0.06346	-0.01417	0.67490	0.00404	1	1.45898	0.81042	0	
1252867	8450.31445	3305302737864	0.48189	0.36942	8450.26660	0.04785	11388	1	0.49921	0.29772	1	0.46269	0.39049	1	0.48095	0.34411	1	0.48370	0.53585	11.01886	1.13396	1	0.74535	0.56002	12.00440	1.13396	1	-0.00419	-0.01004	0.73535	0.00362	1	0.06346	-0.01417	0.67490	0.00402	1	1.45898	0.81042	0	
1252868	8450.32129	3305302804322	0.48178	0.36661	8450.26660	0.05469	11388	1	0.49921	0.29772	1	0.46269	0.39049	1	0.48095	0.34411	1	0.48359	0.53589	11.00591	1.13396	1	0.74528	0.56053	12.11480	1.13396	1	-0.00394	-0.00957	0.70089	0.00366	1	0.06403	-0.01425	0.68099	0.00367	1	1.45898	0.81042	0	
1252869	8450.32715	3305302871196	0.48174	0.36634	8450.26660	0.06055	11388	1	0.49983	0.30908	1	0.46290	0.41873	1	0.48137	0.36390	1	0.48369	0.53572	11.27604	1.12358	1	0.74541	0.56019	11.86812	1.12358	1	-0.00394	-0.00957	0.70089	0.00361	1	0.06403	-0.01425	0.68099	0.00380	1	1.45898	0.81042	0	
1252870	8450.33398	3305302938563	0.48191	0.36783	8450.26660	0.06738	11388	1	0.50180	0.30111	1	0.46538	0.46442	1	0.48359	0.38276	1	0.48369	0.53579	11.08925	1.11319	1	0.74549	0.56052	11.74553	1.11319	1	-0.00394	-0.00957	0.70089	0.00351	1	0.06403	-0.01425	0.68099	0.00370	1	1.45898	0.81042	0	
1252871	8450.34082	3305303005214	0.48210	0.36947	8450.26660	0.07422	11388	1	0.50301	0.30932	1	0.46533	0.46554	1	0.48417	0.38743	1	0.48382	0.53578	11.25766	1.10281	1	0.74547	0.56032	11.65416	1.11149	1	-0.00399	-0.00973	0.70893	0.00369	1	0.06682	-0.01491	0.71004	0.00381	1	1.45898	0.81042	0	
1252872	8450.34766	3305303070713	0.48347	0.36927	8450.26660	0.08105	11388	1	0.54275	0.30294	1	0.45723	0.43077	1	0.49999	0.36686	1	0.48393	0.53582	11.39071	1.11149	1	0.74532	0.56045	11.97506	1.12017	1	-0.00399	-0.00973	0.70893	0.00372	1	0.06682	-0.01491	0.71004	0.00377	1	1.45898	0.81042	0	
1252873	8450.35449	3305303138690	0.48422	0.36985	8450.26660	0.08789	11388	1	0.52028	0.31228	1	0.46766	0.44272	1	0.49397	0.37750	1	0.48393	0.53573	11.13611	1.12017	1	0.74552	0.56056	11.77940	1.12885	1	-0.00399	-0.00973	0.70893	0.00356	1	0.06682	-0.01491	0.71004	0.00374	1	1.45898	0.81042	0	
1252874	8450.36133	3305303206010	0.48484	0.37014	8450.26660	0.09473	11388	1	0.51939	0.30555	1	0.46766	0.44272	1	0.49352	0.37414	1	0.48368	0.53593	11.15316	1.12885	1	0.74534	0.55980	11.99958	1.12885	1	-0.00409	-0.00973	0.70904	0.00364	1	0.06346	-0.01417	0.67490	0.00409	1	1.45898	0.81042	0	
1252875	8450.36816	3305303272956	0.48528	0.36679	8450.26660	0.10156	11388	1	0.52424	0.27921	1	0.45929	0.35377	1	0.49176	0.31649	1	0.48379	0.53560	11.05505	1.12885	1	0.74535	0.55954	11.79221	1.12017	1	-0.00409	-0.00973	0.70904	0.00359	1	0.06346	-0.01417	0.67490	0.00427	1	1.45898	0.81042	0	
1252876	8450.37402	3305303340216	0.48537	0.36629	8450.26660	0.10742	11388	1	0.51279	0.33291	1	0.46101	0.38371	1	0.48690	0.35831	1	0.48352	0.53613	11.22437	1.12017	1	0.74540	0.55986	11.82131	1.11149	1	-0.00409	-0.00973	0.70904	0.00348	1	0.06346	-0.01417	0.67490	0.00417	1	1.45898	0.81042	0	
1252877	8450.38086	3305303407227	0.48550	0.36658	8450.26660	0.11426	11388	1	0.51471	0.34635	1	0.46060	0.39676	1	0.48766	0.37156	1	0.48341	0.53623	11.27171	1.10240	1	0.74557	0.55990	11.80586	1.09372	1	-0.00400	-0.00944	0.68389	0.00346	1	0.06346	-0.01417	0.67490	0.00394	1	1.45898	0.81042	0	
1252878	8450.38770	3305303474095	0.48663	0.36734	8450.26660	0.12109	11388	1	0.54506	0.33222	1	0.46905	0.42982	1	0.50706	0.38102	1	0.48396	0.53584	11.30375	1.08464	1	0.74542	0.56032	12.04144	1.08464	1	-0.00400	-0.00944	0.68389	0.00362	1	0.06346	-0.01417	0.67490	0.00387	1	1.45898	0.81042	0	
1252879	8450.39453	3305303541042	0.48793	0.36811	8450.26660	0.12793	11388	1	0.55172	0.36743	1	0.47353	0.39796	1	0.51262	0.38269	1	0.48406	0.53597	11.45593	1.07555	1	0.74558	0.55984	11.81900	1.07555	1	-0.00400	-0.00944	0.68389	0.00361	1	0.06346	-0.01417	0.67490	0.00397	1	1.45898	0.81042	0	
1252880	8450.40137	3305303607888	0.48912	0.36913	8450.26660	0.13477	11388	1	0.55246	0.37428	1	0.47321	0.40475	1	0.51283	0.38951	1	0.48406	0.53594	11.41371	1.06647	1	0.74554	0.56003	11.99153	1.06647	1	-0.00400	-0.00944	0.68389	0.00379	1	0.06346	-0.01417	0.67490	0.00390	1	1.45898	0.81042	0	
1252881	8450.40820	3305303674757	0.49013	0.36928	8450.26660	0.14160	11388	1	0.54401	0.37146	1	0.47878	0.37334	1	0.51139	0.37240	1	0.48390	0.53578	11.30291	1.06647	1	0.74561	0.55929	11.72074	1.06647	1	-0.00400	-0.00944	0.68389	0.00355	1	0.06346	-0.01417	0.67490	0.00419	1	1.45898	0.81042	0	
1252882	8450.41504	3305303741690	0.49061	0.37012	8450.26660	0.14844	11388	1	0.51638	0.32289	1	0.48575	0.45427	1	0.50106	0.38858	1	0.48343	0.53546	10.27342	1.06647	1	0.74581	0.56010	11.26629	1.06647	1	-0.00400	-0.00944	0.68389	0.00378	1	0.06346	-0.01417	0.67490	0.00392	1	1.45898	0.81042	0	
1252883	8450.42090	3305303808869	0.49104	0.37088	8450.26660	0.15430	11388	1	0.51638	0.32289	1	0.48575	0.45427	1	0.50106	0.38858	1	0.48376	0.53593	10.85716	1.06647	1	0.74558	0.56001	11.77220	1.06647	1	-0.00400	-0.00944	0.68389	0.00373	1	0.06403	-0.01435	0.68099	0.00407	1	1.45898	0.81042	0	
1252884	8450.42773	3305303875855	0.49198	0.37028	8450.26660	0.16113	11388	1	0.54838	0.34866	1	0.48068	0.36299	1	0.51453	0.35582	1	0.48392	0.53578	11.03452	1.06647	1	0.74563	0.55996	11.75485	1.06647	1	-0.00400	-0.00944	0.68389	0.00371	1	0.06403	-0.01435	0.68099	0.00416	1	1.45898	0.81042	0	
1252885	8450.43457	3305303940587	0.49289	0.37156	8450.26660	0.16797	11388	1	0.52947	0.37375	1	0.50156	0.43335	1	0.51552	0.40355	1	0.48365	0.53595	10.76430	1.06647	1	0.74563	0.55996	11.63075	1.06647	1	-0.00400	-0.00944	0.68389	0.00359	1	0.06403	-0.01435	0.68099	0.00414	1	1.45898	0.81042	0	
1252886	8450.44141	3305304007964	0.49372	0.37275	8450.26660	0.17480	11388	1	0.52947	0.37375	1	0.50156	0.43335	1	0.51552	0.40355	1	0.48360	0.53630	11.00893	1.06647	1	0.74538	0.55991	11.68644	1.06647	1	-0.00400	-0.00944	0.68389	0.00353	1	0.06403	-0.01435	0.68099	0.00415	1	1.45898	0.81042	0	
1252887	8450.44824	3305304072793	0.49393	0.37284	8450.26660	0.18164	11388	1	0.51913	0.35489	1	0.47982	0.39560	1	0.49948	0.37525	1	0.48351	0.53602	10.75945	1.06647	1	0.74524	0.56001	11.30858	1.06647	1	-0.00400	-0.00944	0.68389	0.00351	1	0.06403	-0.01435	0.68099	0.00413	1	1.45898	0.81042	0	
1252888	8450.45508	3305304142285	0.49383	0.37420	8450.26660	0.18848	11388	1	0.51710	0.38589	1	0.46504	0.43883	1	0.49107	0.41236	1	0.48338	0.53623	10.63735	1.06647	1	0.74541	0.56069	12.29093	1.06647	1	-0.00400	-0.00944	0.68389	0.00346	1	0.06403	-0.01435	0.68099	0.00382	1	1.45898	0.81042	0	
1252889	8450.46191	3305304209547	0.49374	0.37537	8450.26660	0.19531	11388	1	0.51710	0.38589	1	0.46528	0.43263	1	0.49119	0.40926	1	0.48336	0.53611	10.39867	1.06647	1	0.74544	0.55995	11.89789	1.07515	1	-0.00400	-0.00949	0.68389	0.00354	1	0.06657	-0.01493	0.70855	0.00412	1	1.45898	0.81042	0	
1252890	8450.46777	3305304277584	0.49444	0.37606	8450.26660	0.20117	11388	1	0.53076	0.38814	1	0.50020	0.40567	1	0.51548	0.39691	1	0.48370	0.53618	11.09145	1.07515	1	0.74518	0.56036	11.48319	1.08383	1	-0.00400	-0.00949	0.68389	0.00348	1	0.06657	-0.01493	0.70855	0.00398	1	1.45898	0.81042	0	
1252891	8450.47461	3305304344828	0.49528	0.37661	8450.26660	0.20801	11388	1	0.53030	0.36907	1	0.51205	0.41832	1	0.52118	0.39369	1	0.48365	0.53622	11.00084	1.08383	1	0.74539	0.56043	11.94237	1.09251	1	-0.00400	-0.00949	0.68389	0.00355	1	0.06657	-0.01493	0.70855	0.00372	1	1.45898	0.81042	0	
1252892	8450.48145	3305304411075	0.49606	0.37694	8450.26660	0.21484	11388	1	0.52945	0.36258	1	0.51265	0.41207	1	0.52105	0.38732	1	0.48336	0.53641	11.88281	1.09251	1	0.74520	0.56010	11.01424	1.10119	1	-0.00400	-0.00944	0.68389	0.00331	1	0.06657	-0.01493	0.70855	0.00386	1	1.45898	0.81042	0	
1252893	8450.48828	3305304479132	0.49632	0.37668	8450.26660	0.22168	11388	1	0.51661	0.37127	1	0.49304	0.36531	1	0.50482	0.36829	1	0.48349	0.53624	11.15335	1.10119	1	0.74506	0.56004	11.18998	1.10119	1	-0.00400	-0.00944	0.68389	0.00334	1	0.06657	-0.01493	0.70855	0.00398	1	1.45898	0.81042	0	
1252894	8450.49512	3305304545724	0.49679	0.37609	8450.26660	0.22852	11388	1	0.51732	0.35261	1	0.50816	0.35939	1	0.51274	0.35600	1	0.48313	0.53602	11.40378	1.10119	1	0.74526	0.56000	11.15983	1.10119	1	-0.00400	-0.00944	0.68389	0.00381	1	0.06657	-0.01493	0.70855	0.00379	1	1.45898	0.81042	0	
1252895	8450.50195	3305304612917	0.49722	0.37563	8450.26660	0.23535	11388	1	0.51732	0.35261	1	0.50760	0.36605	1	0.51246	0.35933	1	0.48276	0.53510	10.81193	1.10119	1	0.74482	0.56015	11.64654	1.09251	1	-0.00406	-0.00940	0.67712	0.00376	1	0.06291	-0.01412	0.67009	0.00384	1	1.45898	0.81042	0	
1252896	8450.50879	3305304679594	0.49677	0.37656	8450.26660	0.24219	11388	1	0.51732	0.35261	0	0.48047	0.41015	1	0.48047	0.41015	1	0.48276	0.53510	10.81193	1.09251	0	0.74490	0.56028	11.80583	1.08383	1	-0.00406	-0.00940	0.67712	0.00376	1	0.06291	-0.01412	0.67009	0.00381	1	1.45898	0.81042	0	
1252897	8450.51465	3305304746321	0.49677	0.37656	8450.26660	0.24805	11388	1	0.51732	0.35261	0	0.48047	0.41015	0	0.48047	0.41015	0	0.48276	0.53510	10.81193	1.08383	0	0.74490	0.56028	11.80583	1.07515	0	-0.00406	-0.00940	0.67712	0.00376	1	0.06291	-0.01412	0.67009	0.00381	1	1.45898	0.81042	0	
1252898	8450.52148	3305304813529	0.49677	0.37656	8450.26660	0.25488	11388	1	0.51732	0.35261	0	0.48047	0.41015	0	0.48047	0.41015	0	0.48276	0.53510	10.81193	1.07515	0	0.74490	0.56028	11.80583	1.06647	0	-0.00406	-0.00940	0.67712	0.00376	1	0.06291	-0.01412	0.67009	0.00381	1	1.45898	0.81042	0	
1252899	8450.52832	3305304880534	0.49677	0.37656	8450.26660	0.26172	11388	1	0.51732	0.35261	0	0.48047	0.41015	0	0.48047	0.41015	0	0.48276	0.53510	10.81193	1.06647	0	0.74490	0.56028	11.80583	1.06647	0	-0.00406	-0.00940	0.67712	0.00376	1	0.06291	-0.01412	0.67009	0.00381	1	1.45898	0.81042	0	
1252900	8450.53516	3305304947497	0.50675	0.38964	8450.26660	0.26172	11388	0	0.51732	0.35261	0	0.48047	0.41015	0	0.48047	0.41015	0	0.48276	0.53510	10.81193	1.06647	0	0.74490	0.56028	11.80583	1.06647	0	-0.00406	-0.00940	0.67712	0.00376	1	0.06291	-0.01412	0.67009	0.00381	1	1.45898	0.81042	0	
1252901	8450.54199	3305305016408	0.50675	0.38964	8450.26660	0.26172	11388	0	0.51732	0.35261	0	0.48047	0.41015	0	0.48047	0.41015	0	0.48276	0.53510	10.81193	1.06647	0	0.74490	0.56028	11.80583	1.06647	0	-0.00406	-0.00940	0.67712	0.00376	1	0.06291	-0.01412	0.67009	0.00381	1	1.45898	0.81042	0	
1252902	8450.54883	3305305081857	0.50675	0.38964	8450.26660	0.26172	11388	0	0.51732	0.35261	0	0.48047	0.41015	0	0.48047	0.41015	0	0.48276	0.53510	10.81193	1.06647	0	0.74490	0.56028	11.80583	1.06647	0	-0.00406	-0.00940	0.67712	0.00376	1	0.06291	-0.01412	0.67009	0.00381	1	1.45898	0.81042	0	
1252903	8450.55566	3305305148591	0.00000	0.00000	8450.26660	0.26172	11388	0	0.51732	0.35261	0	0.48047	0.41015	0	0.48047	0.41015	0	0.48276	0.53510	10.81193	1.06647	0	0.74490	0.56028	11.80583	1.06647	0	-0.00406	-0.00940	0.67712	0.00376	1	0.06291	-0.01412	0.67009	0.00381	1	1.45898	0.81042	0	
1252904	8450.56152	3305305214990	0.00000	0.00000	8450.26660	0.26172	11388	0	0.51732	0.35261	0	0.48047	0.41015	0	0.48047	0.41015	0	0.48276	0.53510	10.81193	1.06647	0	0.74490	0.56028	11.80583	1.06647	0	-0.00406	-0.00940	0.67712	0.00376	1	0.06291	-0.01412	0.67009	0.00381	1	1.45898	0.81042	0	
1252905	8450.56836	3305305282805	0.00000	0.00000	8450.26660	0.26172	11388	0	0.51732	0.35261	0	0.48047	0.41015	0	0.48047	0.41015	0	0.48276	0.53510	10.81193	1.06647	0	0.74490	0.56028	11.80583	1.06647	0	-0.00406	-0.00940	0.67712	0.00376	1	0.06291	-0.01412	0.67009	0.00381	1	1.45898	0.81042	0	
1252906	8450.57520	3305305349510	0.50608	0.41311	8450.26660	0.26172	11388	0	0.53446	0.37961	1	0.47771	0.44660	1	0.50608	0.41311	1	0.48298	0.53661	10.72077	1.06647	1	0.74450	0.56058	12.28779	1.06647	1	-0.00406	-0.00940	0.67712	0.00376	1	0.06291	-0.01412	0.67009	0.00391	1	1.45898	0.81042	0	
1252907	8450.58203	3305305416149	0.50617	0.41157	8450.26660	0.26172	11388	0	0.53446	0.37961	1	0.47805	0.44046	1	0.50625	0.41003	1	0.48261	0.53676	11.53704	1.06647	1	0.74408	0.56053	11.63486	1.07515	1	-0.00411	-0.00934	0.66924	0.00365	1	0.06564	-0.01482	0.70083	0.00380	1	1.45898	0.81042	0	
1252908	8450.58887	3305305483234	0.50016	0.38952	8450.26660	0.26172	11388	0	0.50463	0.32309	1	0.47168	0.36776	1	0.48815	0.34543	1	0.48256	0.53616	11.39016	1.07515	1	0.74434	0.55999	11.19078	1.08383	1	-0.00411	-0.00934	0.66924	0.00391	1	0.06564	-0.01482	0.70083	0.00379	1	1.45898	0.81042	0	
1252909	8450.59570	3305305550383	0.50311	0.37638	8450.57520	0.02051	11389	1	0.52175	0.34512	1	0.50219	0.32879	1	0.51197	0.33696	1	0.48281	0.53644	10.76709	1.08383	1	0.74444	0.55932	11.02283	1.09251	1	-0.00411	-0.00934	0.66924	0.00383	1	0.06564	-0.01482	0.70083	0.00404	1	1.45898	0.81042	0	
1252910	8450.60254	3305305617544	0.50485	0.36713	8450.57520	0.02734	11389	1	0.52084	0.33844	1	0.50271	0.32184	1	0.51178	0.33014	1	0.48258	0.53646	11.34619	1.09251	1	0.74442	0.55989	11.31854	1.10119	1	-0.00411	-0.00934	0.66924	0.00382	1	0.06564	-0.01482	0.70083	0.00400	1	1.45898	0.81042	0	
1252911	8450.60938	3305305684311	0.50192	0.36794	8450.57520	0.03418	11389	1	0.49213	0.37726	1	0.48249	0.36670	1	0.48731	0.37198	1	0.48229	0.53688	11.31379	1.10119	1	0.74450	0.56024	11.18384	1.10119	1	-0.00411	-0.00934	0.66924	0.00376	1	0.06564	-0.01482	0.70083	0.00384	1	1.45898	0.81042	0	
1252912	8450.61523	3305305751486	0.50122	0.36809	8450.57520	0.04004	11389	1	0.51570	0.38964	1	0.47827	0.34829	1	0.49699	0.36896	1	0.48272	0.53713	10.84354	1.10119	1	0.74442	0.55989	11.31854	1.10119	1	-0.00411	-0.00934	0.66924	0.00364	1	0.06564	-0.01482	0.70083	0.00400	1	1.45898	0.81042	0	
1252913	8450.62207	3305305818700	0.50069	0.36820	8450.57520	0.04688	11389	1	0.51570	0.38964	1	0.47827	0.34829	1	0.49699	0.36896	1	0.48261	0.53693	10.82723	1.10119	1	0.74436	0.55981	11.38117	1.10119	1	-0.00411	-0.00934	0.66924	0.00374	1	0.06564	-0.01482	0.70083	0.00401	1	1.45898	0.81042	0	
1252914	8450.62891	3305305885468	0.49916	0.36933	8450.57520	0.05371	11389	1	0.50734	0.33729	1	0.46643	0.41955	1	0.48689	0.37842	1	0.48258	0.53636	11.32031	1.10119	1	0.74429	0.56052	11.95491	1.10119	1	-0.00411	-0.00934	0.66924	0.00387	1	0.06564	-0.01482	0.70083	0.00403	1	1.45898	0.81042	0	
1252915	8450.63574	3305305951894	0.49827	0.36963	8450.57520	0.06055	11389	1	0.51756	0.29802	1	0.46306	0.44654	1	0.49031	0.37228	1	0.48280	0.53646	11.22929	1.10119	1	0.74430	0.56088	12.04598	1.10119	1	-0.00411	-0.00934	0.66924	0.00386	1	0.06564	-0.01482	0.70083	0.00382	1	1.45898	0.81042	0	
1252916	8450.64258	3305306016566	0.49755	0.36987	8450.57520	0.06738	11389	1	0.51756	0.29802	1	0.46306	0.44654	1	0.49031	0.37228	1	0.48289	0.53630	10.86527	1.10119	1	0.74415	0.56093	12.03214	1.10119	1	-0.00411	-0.00934	0.66924	0.00393	1	0.06564	-0.01482	0.70083	0.00376	1	1.45898	0.81042	0	
1252917	8450.64844	3305306081735	0.49747	0.36881	8450.57520	0.07324	11389	1	0.50806	0.26700	1	0.48504	0.44726	1	0.49655	0.35713	1	0.48261	0.53623	11.29402	1.10119	1	0.74421	0.56083	12.05626	1.10119	1	-0.00411	-0.00934	0.66924	0.00390	1	0.06564	-0.01482	0.70083	0.00387	1	1.45898	0.81042	0	
1252918	8450.65527	3305306148643	0.49981	0.36771	8450.57520	0.08008	11389	1	0.53898	0.32514	1	0.51685	0.38391	1	0.52791	0.35452	1	0.48310	0.53683	10.88989	1.10119	1	0.74472	0.56025	12.10586	1.10119	1	-0.00411	-0.00934	0.66924	0.00371	1	0.06564	-0.01482	0.70083	0.00371	1	1.45898	0.81042	0	
1252919	8450.66211	3305306219076	0.50181	0.36677	8450.57520	0.08691	11389	1	0.53898	0.32514	1	0.51685	0.38391	1	0.52791	0.35452	1	0.48280	0.53674	11.13029	1.10119	1	0.74482	0.56013	12.08611	1.10119	1	-0.00411	-0.00934	0.66924	0.00378	1	0.06564	-0.01482	0.70083	0.00371	1	1.45898	0.81042	0	
1252920	8450.66895	3305306284861	0.50308	0.36516	8450.57520	0.09375	11389	1	0.53640	0.32460	1	0.50506	0.36088	1	0.52073	0.34274	1	0.48308	0.53669	11.35032	1.10119	1	0.74448	0.56006	11.45947	1.10119	1	-0.00411	-0.00934	0.66924	0.00374	1	0.06564	-0.01482	0.70083	0.00382	1	1.45898	0.81042	0	
1252921	8450.67578	3305306352189	0.50432	0.36525	8450.57520	0.10059	11389	1	0.52554	0.32155	1	0.52037	0.41139	1	0.52296	0.36647	1	0.48291	0.53664	11.05620	1.10119	1	0.74472	0.56038	11.94127	1.10119	1	-0.00411	-0.00934	0.66924	0.00381	1	0.06564	-0.01482	0.70083	0.00365	1	1.45898	0.81042	0	
1252922	8450.68262	3305306419219	0.50541	0.36532	8450.57520	0.10742	11389	1	0.52554	0.32155	1	0.52037	0.41139	1	0.52296	0.36647	1	0.48242	0.53723	11.60085	1.10119	1	0.74421	0.56061	12.05565	1.10119	1	-0.00417	-0.00956	0.67814	0.00357	1	0.06564	-0.01482	0.70083	0.00368	1	1.45898	0.81042	0	
1252923	8450.68945	3305306485961	0.50638	0.36523	8450.57520	0.11426	11389	1	0.53915	0.32358	1	0.50649	0.40388	1	0.52282	0.36373	1	0.48306	0.53667	11.15117	1.10119	1	0.74447	0.56033	11.49311	1.10119	1	-0.00417	-0.00956	0.67814	0.00367	1	0.06564	-0.01482	0.70083	0.00369	1	1.45898	0.81042	0	
1252924	8450.69531	3305306550524	0.50655	0.36440	8450.57520	0.12012	11389	1	0.51831	0.30749	1	0.50099	0.39137	1	0.50965	0.34943	1	0.48282	0.53674	11.78236	1.10119	1	0.74447	0.56019	11.67432	1.10119	1	-0.00417	-0.00956	0.67814	0.00366	1	0.06564	-0.01482	0.70083	0.00378	1	1.45898	0.81042	0	
1252925	8450.70215	3305306618363	0.50670	0.36381	8450.57520	0.12695	11389	1	0.51831	0.30749	1	0.50049	0.39777	1	0.50940	0.35263	1	0.48271	0.53700	12.11822	1.10119	1	0.74475	0.55998	12.02540	1.09251	1	-0.00417	-0.00956	0.67814	0.00358	1	0.06327	-0.01428	0.67501	0.00384	1	1.45898	0.81042	0	
1252926	8450.70898	3305306688957	0.50745	0.36459	8450.57520	0.13379	11389	1	0.51862	0.36517	1	0.52659	0.39517	1	0.52260	0.38017	1	0.48276	0.53696	11.86754	1.09251	1	0.74481	0.56014	11.92062	1.08383	1	-0.00417	-0.00956	0.67814	0.00359	1	0.06327	-0.01428	0.67501	0.00402	1	1.45898	0.81042	0	
1252927	8450.71582	3305306755636	0.50726	0.36474	8450.57520	0.14062	11389	1	0.49528	0.35026	1	0.51103	0.38577	1	0.50315	0.36802	1	0.48235	0.53703	10.94027	1.08383	1	0.74455	0.56014	11.86911	1.07515	1	-0.00417	-0.00956	0.67814	0.00371	1	0.06327	-0.01428	0.67501	0.00402	1	1.45898	0.81042	0	
1252928	8450.72266	3305306823488	0.50709	0.36518	8450.57520	0.14746	11389	1	0.49637	0.35692	1	0.51044	0.39238	1	0.50340	0.37465	1	0.48276	0.53686	11.95547	1.07515	1	0.74410	0.56058	11.40067	1.06647	1	-0.00417	-0.00961	0.67814	0.00360	1	0.06327	-0.01428	0.67501	0.00387	1	1.45898	0.81042	0	
1252929	8450.72949	3305306888382	0.50744	0.36692	8450.57520	0.15430	11389	1	0.51836	0.40845	1	0.51265	0.40585	1	0.51551	0.40715	1	0.48265	0.53700	12.14080	1.06647	1	0.74459	0.56069	12.09123	1.06647	1	-0.00417	-0.00961	0.67814	0.00356	1	0.06327	-0.01428	0.67501	0.00387	1	1.45898	0.81042	0	
1252930	8450.73633	3305306956704	0.50760	0.36869	8450.57520	0.16113	11389	1	0.52968	0.41474	1	0.49337	0.40749	1	0.51152	0.41111	1	0.48284	0.53678	11.62762	1.06647	1	0.74464	0.56086	12.15998	1.06647	1	-0.00417	-0.00961	0.67814	0.00362	1	0.06327	-0.01428	0.67501	0.00385	1	1.45898	0.81042	0	
1252931	8450.74316	3305307023845	0.50776	0.37032	8450.57520	0.16797	11389	1	0.52968	0.41474	1	0.49337	0.40749	1	0.51152	0.41111	1	0.48286	0.53674	11.79425	1.06647	1	0.74457	0.56049	11.79865	1.06647	1	-0.00417	-0.00961	0.67814	0.00363	1	0.06327	-0.01428	0.67501	0.00425	1	1.45898	0.81042	0	
1252932	8450.74902	3305307090054	0.50780	0.37211	8450.57520	0.17383	11389	1	0.54773	0.39097	1	0.47032	0.44593	1	0.50903	0.41845	1	0.48310	0.53685	11.38107	1.06647	1	0.74476	0.56059	12.08341	1.06647	1	-0.00417	-0.00961	0.67814	0.00364	1	0.06327	-0.01428	0.67501	0.00406	1	1.45898	0.81042	0	
1252933	8450.75586	3305307157654	0.50731	0.37420	8450.57520	0.18066	11389	1	0.51617	0.36450	1	0.47208	0.49706	1	0.49412	0.43078	1	0.48263	0.53647	11.74228	1.06647	1	0.74471	0.56120	12.38964	1.06647	1	-0.00417	-0.00961	0.67814	0.00373	1	0.06327	-0.01428	0.67501	0.00393	1	1.45898	0.81042	0	
1252934	8450.76270	3305307225134	0.50686	0.37615	8450.57520	0.18750	11389	1	0.51617	0.36450	1	0.47208	0.49706	1	0.49412	0.43078	1	0.48307	0.53678	11.29917	1.06647	1	0.74473	0.56123	12.14533	1.06647	1	-0.00417	-0.00956	0.67814	0.00365	1	0.06327	-0.01428	0.67501	0.00392	1	1.45898	0.81042	0	
1252935	8450.76953	3305307290380	0.50619	0.37707	8450.57520	0.19434	11389	1	0.50855	0.37014	1	0.46516	0.43738	1	0.48686	0.40376	1	0.48300	0.53658	11.22039	1.06647	1	0.74469	0.56056	12.12417	1.06647	1	-0.00417	-0.00956	0.67814	0.00364	1	0.06327	-0.01428	0.67501	0.00402	1	1.45898	0.81042	0	
1252936	8450.77637	3305307359442	0.50586	0.37796	8450.57520	0.20117	11389	1	0.52197	0.39457	1	0.46997	0.41471	1	0.49597	0.40464	1	0.48307	0.53677	11.22902	1.06647	1	0.74479	0.56026	11.75586	1.06647	1	-0.00417	-0.00956	0.67814	0.00365	1	0.06327	-0.01428	0.67501	0.00415	1	1.45898	0.81042	0	
1252937	8450.78320	3305307426032	0.50365	0.40377	8450.57520	0.20117	11389	0	0.52197	0.39457	1	0.46997	0.41471	1	0.49597	0.40464	1	0.48302	0.53648	11.18003	1.06647	1	0.74487	0.56038	11.93257	1.06647	1	-0.00417	-0.00951	0.67814	0.00370	1	0.06327	-0.01428	0.67501	0.00407	1	1.45898	0.81042	0	
1252938	8450.79004	3305307492758	0.49667	0.40793	8450.57520	0.20117	11389	0	0.51302	0.35140	1	0.46635	0.47277	1	0.48969	0.41209	1	0.48307	0.53640	11.08410	1.06647	1	0.74473	0.56085	12.27635	1.06647	1	-0.00417	-0.00951	0.67814	0.00372	1	0.06327	-0.01428	0.67501	0.00392	1	1.45898	0.81042	0	
1252939	8450.79688	3305307559959	0.49385	0.41450	8450.57520	0.20117	11389	0	0.50843	0.36776	1	0.46800	0.48750	1	0.48822	0.42763	1	0.48290	0.53639	11.14565	1.06647	1	0.74475	0.56103	12.37926	1.06647	1	-0.00417	-0.00951	0.67814	0.00370	1	0.06327	-0.01428	0.67501	0.00386	1	1.45898	0.81042	0	
1252940	8450.80273	3305307626766	0.49223	0.41430	8450.78320	0.01953	11390	1	0.50615	0.35292	1	0.46860	0.47447	1	0.48738	0.41369	1	0.48304	0.53658	11.12192	1.08594	1	0.74450	0.56084	12.17283	1.08594	1	-0.00436	-0.01019	0.72655	0.00370	1	0.06393	-0.01448	0.68212	0.00387	1	1.45898	0.81042	0	
1252941	8450.80957	3305307694305	0.49304	0.41233	8450.78320	0.02637	11390	1	0.52532	0.36503	1	0.46719	0.44388	1	0.49626	0.40445	1	0.48314	0.53694	11.41969	1.10541	1	0.74473	0.56090	12.59140	1.10541	1	-0.00436	-0.01019	0.72655	0.00365	1	0.06393	-0.01448	0.68212	0.00377	1	1.45898	0.81042	0	
1252942	8450.81641	3305307762281	0.49415	0.40928	8450.78320	0.03320	11390	1	0.51831	0.37707	1	0.48106	0.41103	1	0.49968	0.39405	1	0.48314	0.53716	12.01076	1.12487	1	0.74480	0.56090	12.59103	1.12487	1	-0.00436	-0.01019	0.72655	0.00360	1	0.06393	-0.01448	0.68212	0.00380	1	1.45898	0.81042	0	SUBJECT_ONSET_LOG
1252943	8450.82324	3305307827805	0.49491	0.40749	8450.78320	0.04004	11390	1	0.51831	0.37707	1	0.48075	0.41641	1	0.49953	0.39674	1	0.48311	0.53697	11.90111	1.12487	1	0.74469	0.56075	12.54605	1.11722	1	-0.00400	-0.00954	0.68388	0.00361	1	0.06183	-0.01394	0.65917	0.00381	1	1.45898	0.81042	0	
1252944	8450.83008	3305307894706	0.49495	0.40750	8450.78320	0.04688	11390	1	0.52723	0.38207	1	0.46323	0.43303	1	0.49523	0.40755	1	0.48324	0.53699	11.48053	1.09775	1	0.74461	0.56090	12.11064	1.09009	1	-0.00400	-0.00954	0.68388	0.00377	1	0.06183	-0.01394	0.65917	0.00385	1	1.45898	0.81042	0	
1252945	8450.83691	3305307960803	0.49571	0.40917	8450.78320	0.05371	11390	1	0.53701	0.38107	1	0.46656	0.46400	1	0.50179	0.42254	1	0.48333	0.53656	11.45616	1.07062	1	0.74469	0.56086	12.03015	1.06296	1	-0.00400	-0.00954	0.68388	0.00388	1	0.06183	-0.01394	0.65917	0.00365	1	1.45898	0.81042	0	
1252946	8450.84277	3305308027432	0.49642	0.41219	8450.78320	0.05957	11390	1	0.53956	0.40129	1	0.46599	0.47750	1	0.50278	0.43940	1	0.48319	0.53686	11.74438	1.04349	1	0.74478	0.56054	12.34989	1.04349	1	-0.00400	-0.00954	0.68388	0.00386	1	0.06291	-0.01417	0.67009	0.00375	1	1.45898	0.81042	0	AUDIO_FILE_ONSET_LOG
1252947	8450.84961	3305308095726	0.49676	0.41335	8450.78320	0.06641	11390	1	0.51638	0.40792	1	0.48392	0.44201	1	0.50015	0.42496	1	0.48333	0.53656	11.45616	1.04349	1	0.74496	0.56045	12.07072	1.05115	1	-0.00400	-0.00954	0.68388	0.00387	1	0.06291	-0.01417	0.67009	0.00380	1	1.45898	0.81042	0	
1252948	8450.85645	3305308160839	0.49586	0.41420	8450.78320	0.07324	11390	1	0.50496	0.42954	1	0.46707	0.41755	1	0.48601	0.42355	1	0.48319	0.53686	11.74438	1.05115	1	0.74469	0.56037	12.02337	1.05881	1	-0.00400	-0.00954	0.68388	0.00386	1	0.06291	-0.01417	0.67009	0.00380	1	1.45898	0.81042	0	
1252949	8450.86328	3305308228092	0.49508	0.41449	8450.78320	0.08008	11390	1	0.50402	0.42407	1	0.46730	0.41188	1	0.48566	0.41798	1	0.48330	0.53643	11.48314	1.05881	1	0.74486	0.56059	11.45799	1.06647	1	-0.00400	-0.00954	0.68388	0.00395	1	0.06291	-0.01417	0.67009	0.00375	1	1.45898	0.81042	0	
1252950	8450.87012	3305308297232	0.49543	0.41487	8450.78320	0.08691	11390	1	0.52412	0.39048	1	0.47577	0.44904	1	0.49995	0.41976	1	0.48318	0.53683	11.31248	1.06647	1	0.74482	0.56058	12.10912	1.06647	1	-0.00400	-0.00954	0.68388	0.00385	1	0.06291	-0.01417	0.67009	0.00387	1	1.45898	0.81042	0	
1252951	8450.87695	3305308362666	0.49584	0.41548	8450.78320	0.09375	11390	1	0.52940	0.42275	1	0.47387	0.42522	1	0.50164	0.42399	1	0.48323	0.53716	11.98718	1.06647	1	0.74476	0.56042	11.77984	1.06647	1	-0.00400	-0.00954	0.68388	0.00373	1	0.06291	-0.01417	0.67009	0.00387	1	1.45898	0.81042	0	
1252952	8450.88379	3305308430640	0.49619	0.41618	8450.78320	0.10059	11390	1	0.52940	0.42275	1	0.47360	0.43080	1	0.50150	0.42678	1	0.48339	0.53677	11.94681	1.06647	1	0.74490	0.56042	12.07378	1.05881	1	-0.00400	-0.00959	0.68388	0.00382	1	0.06183	-0.01397	0.65813	0.00391	1	1.45898	0.81042	0	
1252953	8450.89062	3305308497673	0.49716	0.41716	8450.78320	0.10742	11390	1	0.54828	0.39655	1	0.47711	0.46891	1	0.51269	0.43273	1	0.48350	0.53667	11.71420	1.05881	1	0.74489	0.56083	12.23642	1.05115	1	-0.00400	-0.00959	0.68388	0.00382	1	0.06183	-0.01397	0.65813	0.00372	1	1.45898	0.81042	0	
1252954	8450.89648	3305308564694	0.49693	0.41851	8450.78320	0.11328	11390	1	0.51322	0.42524	1	0.47252	0.45784	1	0.49287	0.44154	1	0.48292	0.53703	10.86230	1.05115	1	0.74477	0.56054	11.93271	1.04349	1	-0.00400	-0.00959	0.68388	0.00401	1	0.06183	-0.01397	0.65813	0.00378	1	1.45898	0.81042	0	
1252955	8450.90332	3305308631154	0.49674	0.41987	8450.78320	0.12012	11390	1	0.51410	0.43075	1	0.47252	0.45784	1	0.49331	0.44429	1	0.48297	0.53694	11.01213	1.04349	1	0.74494	0.56066	12.06142	1.04349	1	-0.00400	-0.00954	0.68388	0.00401	1	0.06291	-0.01422	0.67009	0.00379	1	1.45898	0.81042	0	
1252956	8450.91016	3305308698694	0.49706	0.42113	8450.78320	0.12695	11390	1	0.53726	0.42335	1	0.46930	0.46671	1	0.50328	0.44503	1	0.48329	0.53695	11.46524	1.04349	1	0.74469	0.56079	12.04239	1.05115	1	-0.00400	-0.00954	0.68388	0.00384	1	0.06291	-0.01422	0.67009	0.00371	1	1.45898	0.81042	0	
1252957	8450.91699	3305308765163	0.49697	0.42249	8450.78320	0.13379	11390	1	0.51452	0.42353	1	0.47577	0.47597	1	0.49515	0.44975	1	0.48299	0.53705	11.30968	1.05115	1	0.74480	0.56094	12.18471	1.05881	1	-0.00400	-0.00954	0.68388	0.00399	1	0.06291	-0.01422	0.67009	0.00370	1	1.45898	0.81042	0	
1252958	8450.92383	3305308832380	0.49688	0.42348	8450.78320	0.14062	11390	1	0.51364	0.41802	1	0.47606	0.47072	1	0.49485	0.44437	1	0.48301	0.53638	10.96198	1.05881	1	0.74471	0.56094	12.22685	1.06647	1	-0.00400	-0.00959	0.68388	0.00399	1	0.06291	-0.01422	0.67009	0.00384	1	1.45898	0.81042	0	
1252959	8450.93066	3305308900098	0.49711	0.42387	8450.78320	0.14746	11390	1	0.53288	0.40719	1	0.47170	0.45733	1	0.50229	0.43226	1	0.48326	0.53683	12.02521	1.06647	1	0.74471	0.56087	12.18873	1.06647	1	-0.00400	-0.00959	0.68388	0.00386	1	0.06291	-0.01422	0.67009	0.00388	1	1.45898	0.81042	0	
1252960	8450.93750	3305308966586	0.49737	0.42403	8450.78320	0.15430	11390	1	0.53816	0.36870	1	0.46850	0.48694	1	0.50333	0.42782	1	0.48339	0.53635	11.54432	1.06647	1	0.74470	0.56101	12.25025	1.06647	1	-0.00400	-0.00959	0.68388	0.00397	1	0.06291	-0.01422	0.67009	0.00384	1	1.45898	0.81042	0	
1252961	8450.94434	3305309033665	0.49760	0.42392	8450.78320	0.16113	11390	1	0.53732	0.36179	1	0.46878	0.48085	1	0.50305	0.42132	1	0.48317	0.53688	11.37353	1.07555	1	0.74474	0.56066	11.99040	1.07555	1	-0.00419	-0.00986	0.70696	0.00376	1	0.06291	-0.01422	0.67009	0.00393	1	1.45898	0.81042	0	
1252962	8450.95020	3305309100641	0.49741	0.42243	8450.78320	0.16699	11390	1	0.52335	0.35894	1	0.46210	0.41125	1	0.49273	0.38509	1	0.48323	0.53656	11.17915	1.08464	1	0.74458	0.56052	12.10637	1.08464	1	-0.00419	-0.00986	0.70696	0.00382	1	0.06291	-0.01422	0.67009	0.00401	1	1.45898	0.81042	0	
1252963	8450.95703	3305309166654	0.49737	0.42157	8450.78320	0.17383	11390	1	0.52574	0.40891	1	0.46668	0.38952	1	0.49621	0.39922	1	0.48325	0.53719	11.67430	1.09372	1	0.74462	0.56023	12.12206	1.09372	1	-0.00419	-0.00986	0.70696	0.00362	1	0.06291	-0.01422	0.67009	0.00391	1	1.45898	0.81042	0	
1252964	8450.96387	3305309234616	0.49732	0.42077	8450.78320	0.18066	11390	1	0.52574	0.40891	1	0.46668	0.38952	1	0.49621	0.39922	1	0.48310	0.53714	11.55805	1.09372	1	0.74457	0.56082	12.79164	1.09372	1	-0.00400	-0.00954	0.68388	0.00381	1	0.06327	-0.01428	0.67501	0.00372	1	1.45898	0.81042	0	
1252965	8450.97070	3305309301327	0.49784	0.42058	8450.78320	0.18750	11390	1	0.52452	0.43899	1	0.50028	0.39125	1	0.51240	0.41512	1	0.48345	0.53718	10.47266	1.08464	1	0.74478	0.56019	11.88068	1.08464	1	-0.00400	-0.00954	0.68388	0.00361	1	0.06327	-0.01428	0.67501	0.00398	1	1.45898	0.81042	0	
1252966	8450.97754	3305309368332	0.49750	0.41691	8450.78320	0.19434	11390	1	0.50270	0.17422	1	0.47232	0.44723	1	0.48751	0.31073	1	0.48343	0.53422	8.97777	1.07555	1	0.74441	0.56087	11.36836	1.07555	1	-0.00400	-0.00954	0.68388	0.00193	1	0.06327	-0.01428	0.67501	0.00375	1	1.45898	0.81042	0	
1252967	8450.98438	3305309435484	0.49668	0.41810	8450.78320	0.20117	11390	1	0.50270	0.17422	0	0.47201	0.45360	1	0.47201	0.45360	1	0.48343	0.53422	8.97777	1.06647	0	0.74480	0.56168	11.80021	1.06647	1	-0.00400	-0.00954	0.68388	0.00193	1	0.06393	-0.01427	0.68212	0.00353	1	1.45898	0.81042	0	
1252968	8450.99121	3305309502422	0.49668	0.41810	8450.78320	0.20801	11390	1	0.50270	0.17422	0	0.47201	0.45360	0	0.47201	0.45360	0	0.48343	0.53422	8.97777	1.06647	0	0.74480	0.56168	11.80021	1.06647	0	-0.00400	-0.00954	0.68388	0.00193	1	0.06393	-0.01427	0.68212	0.00353	1	1.45898	0.81042	0	
1252969	8450.99707	3305309569339	0.49668	0.41810	8450.78320	0.21387	11390	1	0.50270	0.17422	0	0.47201	0.45360	0	0.47201	0.45360	0	0.48343	0.53422	8.97777	1.06647	0	0.74480	0.56168	11.80021	1.06647	0	-0.00400	-0.00954	0.68388	0.00193	1	0.06393	-0.01427	0.68212	0.00353	1	1.45898	0.81042	0	
1252970	8451.00391	3305309635954	0.49668	0.41810	8450.78320	0.22070	11390	1	0.50270	0.17422	0	0.47201	0.45360	0	0.47201	0.45360	0	0.48343	0.53422	8.97777	1.06647	0	0.74480	0.56168	11.80021	1.06647	0	-0.00400	-0.00954	0.68388	0.00193	1	0.06393	-0.01427	0.68212	0.00353	1	1.45898	0.81042	0	
1252971	8451.01074	3305309703441	0.49658	0.41529	8450.78320	0.22070	11390	0	0.50270	0.17422	0	0.47201	0.45360	0	0.47201	0.45360	0	0.48343	0.53422	8.97777	1.06647	0	0.74480	0.56168	11.80021	1.06647	0	-0.00400	-0.00954	0.68388	0.00193	1	0.06393	-0.01427	0.68212	0.00353	1	1.45898	0.81042	0	
1252972	8451.01758	3305309768662	0.49658	0.41529	8450.78320	0.22070	11390	0	0.50270	0.17422	0	0.47201	0.45360	0	0.47201	0.45360	0	0.48343	0.53422	8.97777	1.06647	0	0.74480	0.56168	11.80021	1.06647	0	-0.00400	-0.00954	0.68388	0.00193	1	0.06393	-0.01427	0.68212	0.00353	1	1.45898	0.81042	0	
1252973	8451.02441	3305309837029	0.49658	0.41529	8450.78320	0.22070	11390	0	0.50270	0.17422	0	0.47201	0.45360	0	0.47201	0.45360	0	0.48343	0.53422	8.97777	1.06647	0	0.74480	0.56168	11.80021	1.06647	0	-0.00400	-0.00954	0.68388	0.00193	1	0.06393	-0.01427	0.68212	0.00353	1	1.45898	0.81042	0	
1252974	8451.03125	3305309903197	0.00000	0.00000	8450.78320	0.22070	11390	0	0.50270	0.17422	0	0.47201	0.45360	0	0.47201	0.45360	0	0.48343	0.53422	8.97777	1.06647	0	0.74480	0.56168	11.80021	1.06647	0	-0.00400	-0.00954	0.68388	0.00193	1	0.06393	-0.01427	0.68212	0.00353	1	1.45898	0.81042	0	
1252975	8451.03711	3305309971119	0.00000	0.00000	8450.78320	0.22070	11390	0	0.50270	0.17422	0	0.47201	0.45360	0	0.47201	0.45360	0	0.48343	0.53422	8.97777	1.06647	0	0.74480	0.56168	11.80021	1.06647	0	-0.00400	-0.00954	0.68388	0.00193	1	0.06393	-0.01427	0.68212	0.00353	1	1.45898	0.81042	0	
1252976	8451.04395	3305310038826	0.00000	0.00000	8450.78320	0.22070	11390	0	0.50270	0.17422	0	0.47201	0.45360	0	0.47201	0.45360	0	0.48343	0.53422	8.97777	1.06647	0	0.74480	0.56168	11.80021	1.06647	0	-0.00400	-0.00954	0.68388	0.00193	1	0.06393	-0.01427	0.68212	0.00353	1	1.45898	0.81042	0	
1252977	8451.05078	3305310105056	0.00000	0.00000	8450.78320	0.22070	11390	0	0.50270	0.17422	0	0.47201	0.45360	0	0.47201	0.45360	0	0.48343	0.53422	8.97777	1.06647	0	0.74480	0.56168	11.80021	1.06647	0	-0.00400	-0.00954	0.68388	0.00193	1	0.06393	-0.01427	0.68212	0.00353	1	1.45898	0.81042	0	
1252978	8451.05762	3305310172849	0.00000	0.00000	8450.78320	0.22070	11390	0	0.50270	0.17422	0	0.47201	0.45360	0	0.47201	0.45360	0	0.48343	0.53422	8.97777	1.06647	0	0.74480	0.56168	11.80021	1.06647	0	-0.00400	-0.00954	0.68388	0.00193	1	0.06393	-0.01427	0.68212	0.00353	1	1.45898	0.81042	0	
1252979	8451.06445	3305310238792	0.00000	0.00000	8450.78320	0.22070	11390	0	0.50270	0.17422	0	0.47201	0.45360	0	0.47201	0.45360	0	0.48343	0.53422	8.97777	1.06647	0	0.74480	0.56168	11.80021	1.06647	0	-0.00400	-0.00954	0.68388	0.00193	1	0.06393	-0.01427	0.68212	0.00353	1	1.45898	0.81042	0	
1252980	8451.07129	3305310303352	0.00000	0.00000	8450.78320	0.22070	11390	0	0.50270	0.17422	0	0.47201	0.45360	0	0.47201	0.45360	0	0.48343	0.53422	8.97777	1.06647	0	0.74480	0.56168	11.80021	1.06647	0	-0.00400	-0.00954	0.68388	0.00193	1	0.06393	-0.01427	0.68212	0.00353	1	1.45898	0.81042	0	
1252981	8451.07715	3305310368817	0.00000	0.00000	8450.78320	0.22070	11390	0	0.50270	0.17422	0	0.47201	0.45360	0	0.47201	0.45360	0	0.48343	0.53422	8.97777	1.06647	0	0.74480	0.56168	11.80021	1.06647	0	-0.00400	-0.00954	0.68388	0.00193	1	0.06393	-0.01427	0.68212	0.00353	1	1.45898	0.81042	0	
1252982	8451.08398	3305310438014	0.00000	0.00000	8450.78320	0.22070	11390	0	0.50270	0.17422	0	0.47201	0.45360	0	0.47201	0.45360	0	0.48343	0.53422	8.97777	1.06647	0	0.74480	0.56168	11.80021	1.06647	0	-0.00400	-0.00954	0.68388	0.00193	1	0.06393	-0.01427	0.68212	0.00353	1	1.45898	0.81042	0	
1252983	8451.09082	3305310504143	0.00000	0.00000	8450.78320	0.22070	11390	0	0.50270	0.17422	0	0.47201	0.45360	0	0.47201	0.45360	0	0.48343	0.53422	8.97777	1.06647	0	0.74480	0.56168	11.80021	1.06647	0	-0.00400	-0.00954	0.68388	0.00193	1	0.06393	-0.01427	0.68212	0.00353	1	1.45898	0.81042	0	
1252984	8451.09766	3305310570242	0.00000	0.00000	8450.78320	0.22070	11390	0	0.50270	0.17422	0	0.47201	0.45360	0	0.47201	0.45360	0	0.48343	0.53422	8.97777	1.06647	0	0.74480	0.56168	11.80021	1.06647	0	-0.00400	-0.00954	0.68388	0.00193	1	0.06393	-0.01427	0.68212	0.00353	1	1.45898	0.81042	0	
1252985	8451.10449	3305310638464	0.24395	0.15908	8450.78320	0.22070	11390	0	0.50379	0.18273	1	0.47201	0.45360	1	0.48790	0.31817	1	0.48282	0.53529	11.27122	1.06647	1	0.74415	0.55944	12.80705	1.06647	1	-0.00411	-0.00924	0.66924	0.00379	1	0.06338	-0.01412	0.67731	0.00397	1	1.45898	0.81042	0	
1252986	8451.11133	3305310704930	0.50086	0.36407	8450.78320	0.22070	11390	0	0.53902	0.38503	1	0.48860	0.43492	1	0.51381	0.40998	1	0.48264	0.53557	11.72987	1.06647	1	0.74422	0.55947	12.99570	1.06647	1	-0.00411	-0.00924	0.66924	0.00366	1	0.06338	-0.01412	0.67731	0.00400	1	1.45898	0.81042	0	
1252987	8451.11816	3305310774574	0.51359	0.37935	8450.78320	0.22070	11390	0	0.55063	0.37773	1	0.50202	0.41153	1	0.52632	0.39463	1	0.48286	0.53549	11.55514	1.06647	1	0.74447	0.55928	12.72104	1.06647	1	-0.00411	-0.00924	0.66924	0.00366	1	0.06338	-0.01412	0.67731	0.00396	1	1.45898	0.81042	0	
1252988	8451.12500	3305310841853	0.51784	0.38444	8450.78320	0.22070	11390	0	0.55063	0.37773	1	0.50202	0.41153	1	0.52632	0.39463	1	0.48241	0.53576	11.79171	1.06647	1	0.74410	0.55921	12.44457	1.06647	1	-0.00411	-0.00924	0.66924	0.00362	1	0.06338	-0.01412	0.67731	0.00373	1	1.45898	0.81042	0	
1252989	8451.13184	3305310908838	0.51420	0.35439	8451.11133	0.02051	11391	1	0.52386	0.17331	1	0.48273	0.35513	1	0.50329	0.26422	1	0.48252	0.53327	11.59848	1.06647	1	0.74404	0.55882	12.06470	1.06647	1	-0.00411	-0.00924	0.66924	0.00236	1	0.06338	-0.01412	0.67731	0.00376	1	1.45898	0.81042	0	
1252990	8451.13770	3305310976781	0.51276	0.35632	8451.11133	0.02637	11391	1	0.51191	0.37800	1	0.50210	0.35012	1	0.50700	0.36406	1	0.48215	0.53554	11.15611	1.06647	1	0.74442	0.55871	12.68099	1.06647	1	-0.00411	-0.00924	0.66924	0.00373	1	0.06338	-0.01412	0.67731	0.00384	1	1.45898	0.81042	0	
1252991	8451.14453	3305311043037	0.51180	0.35761	8451.11133	0.03320	11391	1	0.51191	0.37800	1	0.50210	0.35012	1	0.50700	0.36406	1	0.48228	0.53578	11.48335	1.06647	1	0.74405	0.55950	12.38096	1.06647	1	-0.00411	-0.00924	0.66924	0.00367	1	0.06338	-0.01412	0.67731	0.00367	1	1.45898	0.81042	0	
1252992	8451.15137	3305311108969	0.51023	0.36697	8451.11133	0.04004	11391	1	0.52838	0.37369	1	0.47326	0.47259	1	0.50082	0.42314	1	0.48246	0.53574	11.45942	1.06647	1	0.74405	0.55987	12.40760	1.06647	1	-0.00411	-0.00924	0.66924	0.00355	1	0.06338	-0.01412	0.67731	0.00389	1	1.45898	0.81042	0	
1252993	8451.15820	3305311174978	0.50938	0.36977	8451.11133	0.04688	11391	1	0.53313	0.32471	1	0.47369	0.45399	1	0.50341	0.38935	1	0.48260	0.53557	11.31744	1.06647	1	0.74396	0.55969	12.39376	1.06647	1	-0.00411	-0.00924	0.66924	0.00357	1	0.06338	-0.01412	0.67731	0.00391	1	1.45898	0.81042	0	
1252994	8451.16504	3305311243840	0.50868	0.37119	8451.11133	0.05371	11391	1	0.53224	0.31742	1	0.47401	0.44762	1	0.50313	0.38252	1	0.48228	0.53565	11.47043	1.07555	1	0.74382	0.55961	12.47396	1.07555	1	-0.00449	-0.00972	0.70432	0.00366	1	0.06349	-0.01417	0.67958	0.00399	1	1.45898	0.81042	0	
1252995	8451.17188	3305311310947	0.50676	0.37329	8451.11133	0.06055	11391	1	0.50936	0.36182	1	0.46943	0.42261	1	0.48940	0.39222	1	0.48216	0.53573	11.83212	1.08464	1	0.74393	0.55943	12.51065	1.08464	1	-0.00449	-0.00972	0.70432	0.00357	1	0.06349	-0.01417	0.67958	0.00391	1	1.45898	0.81042	0	
1252996	8451.17773	3305311375752	0.50575	0.37290	8451.11133	0.06641	11391	1	0.52320	0.35574	1	0.46827	0.38228	1	0.49573	0.36901	1	0.48206	0.53564	11.55468	1.09372	1	0.74390	0.55921	12.36799	1.09372	1	-0.00449	-0.00972	0.70432	0.00356	1	0.06349	-0.01417	0.67958	0.00400	1	1.45898	0.81042	0	
1252997	8451.18457	3305311444537	0.50491	0.37282	8451.11133	0.07324	11391	1	0.52320	0.35574	1	0.46804	0.38802	1	0.49562	0.37188	1	0.48220	0.53569	11.33992	1.09372	1	0.74373	0.55958	12.81826	1.08606	1	-0.00439	-0.00939	0.68045	0.00371	1	0.06154	-0.01374	0.65922	0.00398	1	1.45898	0.81042	0	
1252998	8451.19141	3305311511917	0.50592	0.37086	8451.11133	0.08008	11391	1	0.51381	0.30997	1	0.52219	0.38479	1	0.51800	0.34738	1	0.48228	0.53492	10.89380	1.07698	1	0.74400	0.55889	12.19328	1.06932	1	-0.00439	-0.00939	0.68045	0.00394	1	0.06154	-0.01374	0.65922	0.00386	1	1.45898	0.81042	0	
1252999	8451.19824	3305311578781	0.50606	0.37341	8451.11133	0.08691	11391	1	0.51318	0.41155	1	0.50262	0.40150	1	0.50790	0.40652	1	0.48221	0.53577	11.46454	1.06023	1	0.74370	0.55903	12.54042	1.05257	1	-0.00439	-0.00939	0.68045	0.00366	1	0.06154	-0.01374	0.65922	0.00385	1	1.45898	0.81042	0	
1253000	8451.20508	3305311645886	0.50623	0.37625	8451.11133	0.09375	11391	1	0.51510	0.42369	1	0.50205	0.40842	1	0.50858	0.41606	1	0.48200	0.53283	11.95663	1.04349	1	0.74373	0.55847	12.29234	1.04349	1	-0.00446	-0.00949	0.69111	0.00242	1	0.06295	-0.01407	0.67483	0.00383	1	1.45898	0.81042	0	
1253001	8451.21191	3305311712517	0.50663	0.36814	8451.11133	0.10059	11391	1	0.51895	0.16481	1	0.50654	0.32818	1	0.51275	0.24650	1	0.48206	0.53283	11.70629	1.04349	1	0.74373	0.55835	12.31330	1.05115	1	-0.00446	-0.00949	0.69111	0.00243	1	0.06295	-0.01407	0.67483	0.00390	1	1.45898	0.81042	0	
1253002	8451.21875	3305311779642	0.50665	0.36062	8451.11133	0.10742	11391	1	0.51883	0.15289	1	0.49513	0.32754	1	0.50698	0.24022	1	0.48203	0.53283	11.64164	1.05115	1	0.74353	0.55844	12.62242	1.05881	1	-0.00446	-0.00949	0.69111	0.00245	1	0.06295	-0.01407	0.67483	0.00384	1	1.45898	0.81042	0	
1253003	8451.22559	3305311846552	0.50666	0.35354	8451.11133	0.11426	11391	1	0.51800	0.14540	1	0.49555	0.32120	1	0.50677	0.23330	1	0.48202	0.53526	11.28824	1.05881	1	0.74358	0.55780	12.44010	1.06647	1	-0.00446	-0.00949	0.69111	0.00373	1	0.06295	-0.01407	0.67483	0.00419	1	1.45898	0.81042	0	
1253004	8451.23145	3305311913767	0.50649	0.34490	8451.11133	0.12012	11391	1	0.50676	0.11275	1	0.50006	0.26602	1	0.50341	0.18939	1	0.48188	0.53308	11.65996	1.06647	1	0.74358	0.55767	12.48727	1.06647	1	-0.00446	-0.00949	0.69111	0.00244	1	0.06295	-0.01407	0.67483	0.00422	1	1.45898	0.81042	0	
1253005	8451.23828	3305311981363	0.50595	0.34075	8451.11133	0.12695	11391	1	0.50128	0.16430	1	0.49022	0.35932	1	0.49575	0.26181	1	0.48186	0.53305	11.55691	1.06647	1	0.74344	0.55868	12.84315	1.06647	1	-0.00446	-0.00949	0.69111	0.00245	1	0.06295	-0.01407	0.67483	0.00376	1	1.45898	0.81042	0	
1253006	8451.24512	3305312047796	0.50305	0.31134	8451.11133	0.12695	11391	0	0.50128	0.16430	1	0.49022	0.35932	1	0.49575	0.26181	1	0.48186	0.53303	11.69117	1.06647	1	0.74350	0.55860	12.70272	1.06647	1	-0.00439	-0.00939	0.68045	0.00242	1	0.06295	-0.01407	0.67483	0.00380	1	1.45898	0.81042	0	
1253007	8451.25195	3305312114684	0.49563	0.28502	8451.11133	0.12695	11391	0	0.48970	0.15791	1	0.48672	0.35949	1	0.48821	0.25870	1	0.48186	0.53302	11.66128	1.06647	1	0.74345	0.55870	12.72882	1.06647	1	-0.00439	-0.00939	0.68045	0.00243	1	0.06295	-0.01407	0.67483	0.00386	1	1.45898	0.81042	0	
1253008	8451.25879	3305312178837	0.49727	0.30429	8451.11133	0.12695	11391	0	0.51585	0.33536	1	0.48526	0.35030	1	0.50055	0.34283	1	0.48230	0.53524	11.49335	1.06647	1	0.74338	0.55866	12.95869	1.06647	1	-0.00439	-0.00939	0.68045	0.00381	1	0.06295	-0.01407	0.67483	0.00382	1	1.45898	0.81042	0	
1253009	8451.26465	3305312245531	0.49814	0.31306	8451.24512	0.01953	11392	1	0.51585	0.33536	1	0.48566	0.34337	1	0.50075	0.33937	1	0.48200	0.53545	11.68706	1.06647	1	0.74338	0.55806	12.78496	1.07515	1	-0.00439	-0.00939	0.68045	0.00377	1	0.06563	-0.01466	0.70305	0.00413	1	1.45898	0.81042	0	
1253010	8451.27148	3305312308558	0.49926	0.31109	8451.24512	0.02637	11392	1	0.50970	0.34587	1	0.49778	0.26056	1	0.50374	0.30322	1	0.48223	0.53531	11.27080	1.07515	1	0.74356	0.55770	12.51252	1.08383	1	-0.00439	-0.00939	0.68045	0.00381	1	0.06563	-0.01466	0.70305	0.00420	1	1.45898	0.81042	0	
1253011	8451.27832	3305312381454	0.50056	0.31509	8451.24512	0.03320	11392	1	0.50935	0.35557	1	0.50473	0.31460	1	0.50704	0.33509	1	0.48224	0.53533	11.67371	1.08383	1	0.74362	0.55855	12.46900	1.09251	1	-0.00439	-0.00939	0.68045	0.00366	1	0.06563	-0.01466	0.70305	0.00384	1	1.45898	0.81042	0	
1253012	8451.28516	3305312449094	0.50145	0.31697	8451.24512	0.04004	11392	1	0.50836	0.34896	1	0.50527	0.30753	1	0.50681	0.32825	1	0.48217	0.53307	11.98577	1.09251	1	0.74383	0.55863	12.05487	1.10119	1	-0.00446	-0.00949	0.69111	0.00242	1	0.06563	-0.01466	0.70305	0.00383	1	1.45898	0.81042	0	
1253013	8451.29199	3305312517250	0.50169	0.30260	8451.24512	0.04688	11392	1	0.48914	0.12457	1	0.51751	0.27945	1	0.50333	0.20201	1	0.48211	0.53302	11.96718	1.10119	1	0.74386	0.55822	12.35597	1.10119	1	-0.00446	-0.00949	0.69111	0.00238	1	0.06563	-0.01466	0.70305	0.00393	1	1.45898	0.81042	0	
1253014	8451.29883	3305312584235	0.49977	0.29178	8451.24512	0.05371	11392	1	0.49614	0.12888	1	0.47271	0.28154	1	0.48443	0.20521	1	0.48217	0.53307	11.98577	1.10119	1	0.74388	0.55829	12.42592	1.10119	1	-0.00446	-0.00949	0.69111	0.00242	1	0.06563	-0.01466	0.70305	0.00388	1	1.45898	0.81042	0	
1253015	8451.30566	3305312649348	0.49822	0.28348	8451.24512	0.06055	11392	1	0.49614	0.12888	1	0.47242	0.28879	1	0.48428	0.20883	1	0.48227	0.53523	11.55325	1.10119	1	0.74408	0.55818	11.87762	1.09251	1	-0.00428	-0.00933	0.68009	0.00376	1	0.06349	-0.01417	0.67958	0.00415	1	1.45898	0.81042	0	
1253016	8451.31250	3305312717489	0.49687	0.27947	8451.24512	0.06738	11392	1	0.49846	0.14071	1	0.46833	0.33795	1	0.48340	0.23933	1	0.48211	0.53309	11.94333	1.09251	1	0.74385	0.55853	12.32402	1.08383	1	-0.00428	-0.00933	0.68009	0.00245	1	0.06349	-0.01417	0.67958	0.00405	1	1.45898	0.81042	0	
1253017	8451.31934	3305312784623	0.49586	0.28498	8451.24512	0.07422	11392	1	0.50583	0.31818	1	0.46360	0.37288	1	0.48471	0.34553	1	0.48214	0.53509	11.39904	1.08383	1	0.74373	0.55899	12.56456	1.07515	1	-0.00428	-0.00933	0.68009	0.00375	1	0.06349	-0.01417	0.67958	0.00387	1	1.45898	0.81042	0	
1253018	8451.32520	3305312851555	0.49500	0.28961	8451.24512	0.08008	11392	1	0.50578	0.31786	1	0.46361	0.37257	1	0.48469	0.34521	1	0.48289	0.53571	12.50762	1.08423	1	0.74374	0.55891	12.50149	1.07555	1	-0.00436	-0.00966	0.69977	0.00360	1	0.06349	-0.01417	0.67958	0.00397	1	1.45898	0.81042	0	
1253019	8451.33203	3305312918438	0.49591	0.29026	8451.24512	0.08691	11392	1	0.53886	0.31545	1	0.47664	0.28190	1	0.50775	0.29868	1	0.48270	0.53504	12.11216	1.08464	1	0.74392	0.55797	12.33596	1.08464	1	-0.00436	-0.00966	0.69977	0.00391	1	0.06349	-0.01417	0.67958	0.00431	1	1.45898	0.81042	0	
1253020	8451.33887	3305312985252	0.49665	0.29025	8451.24512	0.09375	11392	1	0.53829	0.30716	1	0.47575	0.27319	1	0.50702	0.29018	1	0.48275	0.53578	11.87549	1.09372	1	0.74395	0.55798	12.16009	1.09372	1	-0.00436	-0.00966	0.69977	0.00370	1	0.06349	-0.01417	0.67958	0.00437	1	1.45898	0.81042	0	
1253021	8451.34570	3305313051667	0.49729	0.29045	8451.24512	0.10059	11392	1	0.53829	0.30716	1	0.47547	0.27969	1	0.50688	0.29343	1	0.48235	0.53284	11.46038	1.09372	1	0.74376	0.55844	12.50482	1.08606	1	-0.00411	-0.00919	0.66925	0.00245	1	0.06153	-0.01372	0.65808	0.00429	1	1.45898	0.81042	0	
1253022	8451.35254	3305313119328	0.49715	0.28517	8451.24512	0.10742	11392	1	0.51293	0.13744	1	0.47685	0.26402	1	0.49489	0.20073	1	0.48241	0.53291	11.73467	1.07698	1	0.74398	0.55781	11.99240	1.06932	1	-0.00411	-0.00919	0.66925	0.00235	1	0.06153	-0.01372	0.65808	0.00432	1	1.45898	0.81042	0	
1253023	8451.35938	3305313185912	0.49612	0.28308	8451.24512	0.11426	11392	1	0.49235	0.14238	1	0.46476	0.35264	1	0.47856	0.24751	1	0.48242	0.53278	12.04440	1.06023	1	0.74390	0.55843	12.07032	1.05257	1	-0.00411	-0.00919	0.66925	0.00236	1	0.06153	-0.01372	0.65808	0.00407	1	1.45898	0.81042	0	
1253024	8451.36621	3305313253005	0.49524	0.28183	8451.24512	0.12109	11392	1	0.49452	0.15880	1	0.46450	0.35996	1	0.47951	0.25938	1	0.48250	0.53278	12.02686	1.04349	1	0.74389	0.55840	12.15432	1.04349	1	-0.00411	-0.00914	0.66925	0.00234	1	0.06338	-0.01412	0.67731	0.00409	1	1.45898	0.81042	0	
1253025	8451.37207	3305313320543	0.49486	0.27994	8451.24512	0.12695	11392	1	0.50347	0.15937	1	0.47162	0.32873	1	0.48755	0.24405	1	0.48251	0.53280	12.03231	1.04349	1	0.74389	0.55826	12.11867	1.05115	1	-0.00411	-0.00914	0.66925	0.00238	1	0.06338	-0.01412	0.67731	0.00412	1	1.45898	0.81042	0	
1253026	8451.37891	3305313387408	0.49424	0.27884	8451.24512	0.13379	11392	1	0.49052	0.15399	1	0.47315	0.35970	1	0.48183	0.25684	1	0.48252	0.53282	12.08499	1.05115	1	0.74398	0.55881	12.98504	1.05881	1	-0.00411	-0.00914	0.66925	0.00238	1	0.06338	-0.01412	0.67731	0.00386	1	1.45898	0.81042	0	
1253027	8451.38574	3305313454735	0.49366	0.27753	8451.24512	0.14062	11392	1	0.48951	0.14649	1	0.47342	0.35361	1	0.48146	0.25005	1	0.48292	0.53437	11.16087	1.05881	1	0.74441	0.55862	12.87674	1.06647	1	-0.00411	-0.00914	0.66925	0.00408	1	0.06338	-0.01412	0.67731	0.00385	1	1.45898	0.81042	0	
1253028	8451.39258	3305313519577	0.49486	0.27917	8451.24512	0.14746	11392	1	0.53025	0.27706	1	0.51258	0.35343	1	0.52142	0.31525	1	0.48296	0.53447	11.21889	1.06647	1	0.74461	0.55849	12.53183	1.06647	1	-0.00411	-0.00914	0.66925	0.00404	1	0.06338	-0.01412	0.67731	0.00387	1	1.45898	0.81042	0	
1253029	8451.39941	3305313588289	0.49612	0.27927	8451.24512	0.15430	11392	1	0.52762	0.28045	1	0.52239	0.28255	1	0.52500	0.28150	1	0.48291	0.53435	10.87579	1.06647	1	0.74477	0.55782	12.06832	1.06647	1	-0.00411	-0.00914	0.66925	0.00404	1	0.06338	-0.01412	0.67731	0.00426	1	1.45898	0.81042	0	
1253030	8451.40625	3305313654862	0.49726	0.27918	8451.24512	0.16113	11392	1	0.52670	0.27279	1	0.52250	0.28132	1	0.52460	0.27705	1	0.48283	0.53249	11.66729	1.07555	1	0.74461	0.55746	12.36854	1.06789	1	-0.00430	-0.00967	0.70819	0.00235	1	0.06187	-0.01377	0.66060	0.00440	1	1.45898	0.81042	0	
1253031	8451.41309	3305313722355	0.49645	0.27778	8451.24512	0.16797	11392	1	0.49366	0.11589	1	0.45856	0.36950	1	0.47611	0.24270	1	0.48285	0.53258	11.34062	1.07698	1	0.74447	0.55895	12.76014	1.06932	1	-0.00430	-0.00967	0.70819	0.00238	1	0.06187	-0.01377	0.66060	0.00412	1	1.45898	0.81042	0	
1253032	8451.41895	3305313789355	0.49622	0.27548	8451.24512	0.17383	11392	1	0.49424	0.09453	1	0.48651	0.33688	1	0.49037	0.21571	1	0.48289	0.53255	11.49793	1.07841	1	0.74493	0.55842	12.09587	1.07075	1	-0.00430	-0.00967	0.70819	0.00235	1	0.06187	-0.01377	0.66060	0.00428	1	1.45898	0.81042	0	
1253033	8451.42578	3305313856317	0.49590	0.27716	8451.24512	0.18066	11392	1	0.49424	0.09453	0	0.48734	0.32252	1	0.48734	0.32252	1	0.48289	0.53255	11.49793	1.07983	0	0.48322	0.53245	11.26942	1.08851	1	-0.00430	-0.00967	0.70819	0.00235	1	-0.00412	-0.00945	0.69618	0.00240	1	1.45898	0.81042	0	
1253034	8451.43262	3305313923341	0.48557	0.24303	8451.24512	0.18066	11392	0	0.49424	0.09453	0	0.39311	0.00375	1	0.39311	0.00375	1	0.48289	0.53255	11.49793	1.08851	0	0.48311	0.53237	11.57448	1.10485	1	-0.00430	-0.00967	0.70819	0.00235	1	-0.00412	-0.00945	0.69618	0.00238	1	1.45898	0.81042	0	
1253035	8451.43945	3305313990100	0.42612	0.12603	8451.24512	0.18066	11392	0	0.49424	0.09453	0	0.36667	0.00904	1	0.36667	0.00904	1	0.48289	0.53255	11.49793	1.10485	0	0.48316	0.53230	11.59528	1.12119	1	-0.00430	-0.00967	0.70819	0.00235	1	-0.00412	-0.00945	0.69618	0.00234	1	1.45898	0.81042	0	
1253036	8451.44629	3305314054008	0.40616	0.08435	8451.24512	0.18066	11392	0	0.49424	0.09453	0	0.36624	0.00099	1	0.36624	0.00099	1	0.48289	0.53255	11.49793	1.12119	0	0.48334	0.53236	11.39540	1.12885	1	-0.00430	-0.00967	0.70819	0.00235	1	-0.00392	-0.00909	0.66996	0.00233	1	1.45898	0.81042	0	
1253037	8451.45215	3305314117060	0.37444	0.01132	8451.24512	0.18066	11392	0	0.49424	0.09453	0	0.39041	0.02392	1	0.39041	0.02392	1	0.48289	0.53255	11.49793	1.12885	0	0.48343	0.53240	11.65072	1.12017	1	-0.00430	-0.00967	0.70819	0.00235	1	-0.00392	-0.00909	0.66996	0.00235	1	1.45898	0.81042	0	
1253038	8451.45996	3305314190161	0.38092	0.04953	8451.24512	0.18066	11392	0	0.49424	0.09453	0	0.38739	0.08774	1	0.38739	0.08774	1	0.48289	0.53255	11.49793	1.12017	0	0.48336	0.53237	11.71693	1.11149	1	-0.00430	-0.00967	0.70819	0.00235	1	-0.00392	-0.00909	0.66996	0.00232	1	1.45898	0.81042	0	
1253039	8451.46680	3305314258240	0.38319	0.06514	8451.24512	0.18066	11392	0	0.49424	0.09453	0	0.38774	0.09636	1	0.38774	0.09636	1	0.48289	0.53255	11.49793	1.11149	0	0.48341	0.53220	11.46242	1.10281	1	-0.00430	-0.00967	0.70819	0.00235	1	-0.00399	-0.00921	0.68243	0.00233	1	1.45898	0.81042	0	
1253040	8451.47266	3305314322979	0.37977	0.06920	8451.45215	0.02051	11393	1	0.49424	0.09453	0	0.36953	0.08139	1	0.36953	0.08139	1	0.48289	0.53255	11.49793	1.10281	0	0.48350	0.53227	11.64836	1.10281	1	-0.00430	-0.00967	0.70819	0.00235	1	-0.00399	-0.00921	0.68243	0.00227	1	1.45898	0.81042	0	
1253041	8451.47949	3305314387926	0.37784	0.06950	8451.45215	0.02734	11393	1	0.49424	0.09453	0	0.37010	0.07070	1	0.37010	0.07070	1	0.48289	0.53255	11.49793	1.10281	0	0.48348	0.53220	11.44739	1.10281	1	-0.00430	-0.00967	0.70819	0.00235	1	-0.00399	-0.00921	0.68243	0.00228	1	1.45898	0.81042	0	
1253042	8451.48633	3305314456707	0.37647	0.06823	8451.45215	0.03418	11393	1	0.49424	0.09453	0	0.36962	0.06190	1	0.36962	0.06190	1	0.48289	0.53255	11.49793	1.10281	0	0.48366	0.53190	11.32681	1.11149	1	-0.00430	-0.00967	0.70819	0.00235	1	-0.00408	-0.00949	0.70693	0.00226	1	1.45898	0.81042	0	
1253043	8451.49316	3305314523119	0.39408	0.09034	8451.45215	0.04102	11393	1	0.51242	0.11657	1	0.48702	0.32942	1	0.49972	0.22299	1	0.48387	0.53198	11.35314	1.11149	1	0.74571	0.55829	11.85828	1.12017	1	-0.00430	-0.00967	0.70819	0.00238	1	-0.00408	-0.00949	0.70693	0.00408	1	1.45898	0.81042	0	
1253044	8451.50000	3305314592554	0.40586	0.10848	8451.45215	0.04785	11393	1	0.49835	0.08699	1	0.47833	0.38393	1	0.48834	0.23546	1	0.48378	0.53191	11.20143	1.12017	1	0.74557	0.55836	12.36624	1.12885	1	-0.00430	-0.00967	0.70819	0.00228	1	-0.00408	-0.00949	0.70693	0.00394	1	1.45898	0.81042	0	
1253045	8451.50586	3305314658309	0.41501	0.12298	8451.45215	0.05371	11393	1	0.49840	0.08738	1	0.47799	0.39051	1	0.48819	0.23895	1	0.48404	0.53158	10.98398	1.11977	1	0.74557	0.55723	11.83704	1.11977	1	-0.00380	-0.00915	0.68504	0.00230	1	0.06346	-0.01387	0.67490	0.00426	1	1.45898	0.81042	0	
1253046	8451.51270	3305314725206	0.42253	0.13116	8451.45215	0.06055	11393	1	0.50648	0.04329	1	0.47405	0.36633	1	0.49027	0.20481	1	0.48433	0.53132	9.54937	1.11068	1	0.74552	0.55806	11.88727	1.10200	1	-0.00380	-0.00915	0.68504	0.00203	1	0.06346	-0.01387	0.67490	0.00393	1	1.45898	0.81042	0	
1253047	8451.51953	3305314794004	0.42253	0.13116	8451.45215	0.06738	11393	1	0.50648	0.04329	0	0.47405	0.36633	0	0.49027	0.20481	0	0.48433	0.53132	9.54937	1.09291	0	0.49171	0.50535	9.63444	1.08423	1	-0.00380	-0.00915	0.68504	0.00203	1	0.06346	-0.01387	0.67490	0.00333	1	1.45898	0.81042	0	
1253048	8451.52637	3305314861563	0.42253	0.13116	8451.45215	0.07422	11393	1	0.50648	0.04329	0	0.47405	0.36633	0	0.49027	0.20481	0	0.48433	0.53132	9.54937	1.07515	0	0.49171	0.50535	9.63444	1.06647	0	-0.00380	-0.00915	0.68504	0.00203	1	0.06346	-0.01387	0.67490	0.00333	1	1.45898	0.81042	0	
1253049	8451.53320	3305314928777	0.42253	0.13116	8451.45215	0.08105	11393	1	0.50648	0.04329	0	0.47405	0.36633	0	0.49027	0.20481	0	0.48433	0.53132	9.54937	1.06647	0	0.49171	0.50535	9.63444	1.06647	0	-0.00380	-0.00915	0.68504	0.00203	1	0.06346	-0.01387	0.67490	0.00333	1	1.45898	0.81042	0	
1253050	8451.54004	3305314995060	0.42788	0.14448	8451.45215	0.08105	11393	0	0.50648	0.04329	0	0.47405	0.36633	0	0.49027	0.20481	0	0.48433	0.53132	9.54937	1.06647	0	0.49171	0.50535	9.63444	1.06647	0	-0.00380	-0.00915	0.68504	0.00203	1	0.06346	-0.01387	0.67490	0.00333	1	1.45898	0.81042	0	
1253051	8451.54688	3305315061852	0.42788	0.14448	8451.45215	0.08105	11393	0	0.50648	0.04329	0	0.47405	0.36633	0	0.49027	0.20481	0	0.48433	0.53132	9.54937	1.06647	0	0.49171	0.50535	9.63444	1.06647	0	-0.00380	-0.00915	0.68504	0.00203	1	0.06346	-0.01387	0.67490	0.00333	1	1.45898	0.81042	0	
1253052	8451.55371	3305315128588	0.42788	0.14448	8451.45215	0.08105	11393	0	0.50648	0.04329	0	0.47405	0.36633	0	0.49027	0.20481	0	0.48433	0.53132	9.54937	1.06647	0	0.49171	0.50535	9.63444	1.06647	0	-0.00380	-0.00915	0.68504	0.00203	1	0.06346	-0.01387	0.67490	0.00333	1	1.45898	0.81042	0	
1253053	8451.56055	3305315196250	0.00000	0.00000	8451.45215	0.08105	11393	0	0.50648	0.04329	0	0.47405	0.36633	0	0.49027	0.20481	0	0.48433	0.53132	9.54937	1.06647	0	0.49171	0.50535	9.63444	1.06647	0	-0.00380	-0.00915	0.68504	0.00203	1	0.06346	-0.01387	0.67490	0.00333	1	1.45898	0.81042	0	
1253054	8451.56641	3305315260234	0.00000	0.00000	8451.45215	0.08105	11393	0	0.50648	0.04329	0	0.47405	0.36633	0	0.49027	0.20481	0	0.48433	0.53132	9.54937	1.06647	0	0.49171	0.50535	9.63444	1.06647	0	-0.00380	-0.00915	0.68504	0.00203	1	0.06346	-0.01387	0.67490	0.00333	1	1.45898	0.81042	0	
1253055	8451.57324	3305315330155	0.00000	0.00000	8451.45215	0.08105	11393	0	0.50648	0.04329	0	0.47405	0.36633	0	0.49027	0.20481	0	0.48433	0.53132	9.54937	1.06647	0	0.49171	0.50535	9.63444	1.06647	0	-0.00380	-0.00915	0.68504	0.00203	1	0.06346	-0.01387	0.67490	0.00333	1	1.45898	0.81042	0	
1253056	8451.58008	3305315396476	0.00000	0.00000	8451.45215	0.08105	11393	0	0.50648	0.04329	0	0.47405	0.36633	0	0.49027	0.20481	0	0.48433	0.53132	9.54937	1.06647	0	0.49171	0.50535	9.63444	1.06647	0	-0.00380	-0.00915	0.68504	0.00203	1	0.06346	-0.01387	0.67490	0.00333	1	1.45898	0.81042	0	
1253057	8451.58691	3305315462523	0.00000	0.00000	8451.45215	0.08105	11393	0	0.50648	0.04329	0	0.47405	0.36633	0	0.49027	0.20481	0	0.48433	0.53132	9.54937	1.06647	0	0.49171	0.50535	9.63444	1.06647	0	-0.00380	-0.00915	0.68504	0.00203	1	0.06346	-0.01387	0.67490	0.00333	1	1.45898	0.81042	0	
1253058	8451.59375	3305315529706	0.00000	0.00000	8451.45215	0.08105	11393	0	0.50648	0.04329	0	0.47405	0.36633	0	0.49027	0.20481	0	0.48433	0.53132	9.54937	1.06647	0	0.49171	0.50535	9.63444	1.06647	0	-0.00380	-0.00915	0.68504	0.00203	1	0.06346	-0.01387	0.67490	0.00333	1	1.45898	0.81042	0	
1253059	8451.60059	3305315597511	0.00000	0.00000	8451.45215	0.08105	11393	0	0.50648	0.04329	0	0.47405	0.36633	0	0.49027	0.20481	0	0.48433	0.53132	9.54937	1.06647	0	0.49171	0.50535	9.63444	1.06647	0	-0.00380	-0.00915	0.68504	0.00203	1	0.06346	-0.01387	0.67490	0.00333	1	1.45898	0.81042	0	
1253060	8451.60742	3305315664539	0.00000	0.00000	8451.45215	0.08105	11393	0	0.50648	0.04329	0	0.47405	0.36633	0	0.49027	0.20481	0	0.48433	0.53132	9.54937	1.06647	0	0.49171	0.50535	9.63444	1.06647	0	-0.00380	-0.00915	0.68504	0.00203	1	0.06346	-0.01387	0.67490	0.00333	1	1.45898	0.81042	0	
1253061	8451.61328	3305315731600	0.00000	0.00000	8451.45215	0.08105	11393	0	0.50648	0.04329	0	0.47405	0.36633	0	0.49027	0.20481	0	0.48433	0.53132	9.54937	1.06647	0	0.49171	0.50535	9.63444	1.06647	0	-0.00380	-0.00915	0.68504	0.00203	1	0.06346	-0.01387	0.67490	0.00333	1	1.45898	0.81042	0	
1253062	8451.62012	3305315796889	0.00000	0.00000	8451.45215	0.08105	11393	0	0.50648	0.04329	0	0.47405	0.36633	0	0.49027	0.20481	0	0.48433	0.53132	9.54937	1.06647	0	0.49171	0.50535	9.63444	1.06647	0	-0.00380	-0.00915	0.68504	0.00203	1	0.06346	-0.01387	0.67490	0.00333	1	1.45898	0.81042	0	
1253063	8451.62695	3305315866438	0.00000	0.00000	8451.45215	0.08105	11393	0	0.50648	0.04329	0	0.47405	0.36633	0	0.49027	0.20481	0	0.48433	0.53132	9.54937	1.06647	0	0.49171	0.50535	9.63444	1.06647	0	-0.00380	-0.00915	0.68504	0.00203	1	0.06346	-0.01387	0.67490	0.00333	1	1.45898	0.81042	0	
1253064	8451.63379	3305315932782	0.00000	0.00000	8451.45215	0.08105	11393	0	0.50648	0.04329	0	0.47405	0.36633	0	0.49027	0.20481	0	0.48433	0.53132	9.54937	1.06647	0	0.49171	0.50535	9.63444	1.06647	0	-0.00380	-0.00915	0.68504	0.00203	1	0.06346	-0.01387	0.67490	0.00333	1	1.45898	0.81042	0	
1253065	8451.64062	3305315999387	0.00000	0.00000	8451.45215	0.08105	11393	0	0.50648	0.04329	0	0.47405	0.36633	0	0.49027	0.20481	0	0.48433	0.53132	9.54937	1.06647	0	0.49171	0.50535	9.63444	1.06647	0	-0.00380	-0.00915	0.68504	0.00203	1	0.06346	-0.01387	0.67490	0.00333	1	1.45898	0.81042	0	
1253066	8451.64746	3305316066754	0.00000	0.00000	8451.45215	0.08105	11393	0	0.50648	0.04329	0	0.47405	0.36633	0	0.49027	0.20481	0	0.48433	0.53132	9.54937	1.06647	0	0.49171	0.50535	9.63444	1.06647	0	-0.00380	-0.00915	0.68504	0.00203	1	0.06346	-0.01387	0.67490	0.00333	1	1.45898	0.81042	0	
1253067	8451.65332	3305316131452	0.00000	0.00000	8451.45215	0.08105	11393	0	0.50648	0.04329	0	0.47405	0.36633	0	0.49027	0.20481	0	0.48433	0.53132	9.54937	1.06647	0	0.49171	0.50535	9.63444	1.06647	0	-0.00380	-0.00915	0.68504	0.00203	1	0.06346	-0.01387	0.67490	0.00333	1	1.45898	0.81042	0	
1253068	8451.66016	3305316200516	0.00000	0.00000	8451.45215	0.08105	11393	0	0.50648	0.04329	0	0.47405	0.36633	0	0.49027	0.20481	0	0.48433	0.53132	9.54937	1.06647	0	0.49171	0.50535	9.63444	1.06647	0	-0.00380	-0.00915	0.68504	0.00203	1	0.06346	-0.01387	0.67490	0.00333	1	1.45898	0.81042	0	
1253069	8451.66699	3305316267588	0.00000	0.00000	8451.45215	0.08105	11393	0	0.50648	0.04329	0	0.47405	0.36633	0	0.49027	0.20481	0	0.48433	0.53132	9.54937	1.06647	0	0.48460	0.53059	10.67493	1.06647	1	-0.00380	-0.00915	0.68504	0.00203	1	0.06346	-0.01387	0.67490	0.00218	1	1.45898	0.81042	0	
1253070	8451.67383	3305316334380	0.18115	0.02959	8451.45215	0.08105	11393	0	0.50648	0.04329	0	0.36230	0.05918	1	0.36230	0.05918	1	0.48433	0.53132	9.54937	1.06647	0	0.48468	0.53063	10.44014	1.06647	1	-0.00380	-0.00915	0.68504	0.00203	1	0.06346	-0.01387	0.67490	0.00224	1	1.45898	0.81042	0	
1253071	8451.68066	3305316402153	0.37073	0.06762	8451.45215	0.08105	11393	0	0.50648	0.04329	0	0.37915	0.07607	1	0.37915	0.07607	1	0.48433	0.53132	9.54937	1.06647	0	0.48491	0.53078	10.77978	1.06647	1	-0.00380	-0.00915	0.68504	0.00203	1	0.06346	-0.01387	0.67490	0.00216	1	1.45898	0.81042	0	
1253072	8451.68750	3305316470180	0.37494	0.07184	8451.45215	0.08105	11393	0	0.50648	0.04329	0	0.37915	0.07607	1	0.37915	0.07607	1	0.48433	0.53132	9.54937	1.06647	0	0.48474	0.53087	10.63472	1.06647	1	-0.00380	-0.00915	0.68504	0.00203	1	-0.00353	-0.00882	0.67176	0.00217	1	1.45898	0.81042	0	
1253073	8451.69434	3305316536050	0.37588	0.07256	8451.45215	0.08105	11393	0	0.50648	0.04329	0	0.37775	0.07398	1	0.37775	0.07398	1	0.48433	0.53132	9.54937	1.06647	0	0.48481	0.53084	10.53700	1.06647	1	-0.00380	-0.00915	0.68504	0.00203	1	-0.00353	-0.00882	0.67176	0.00222	1	1.45898	0.81042	0	
1253074	8451.70020	3305316601927	0.37552	0.07301	8451.68066	0.01953	11394	1	0.50648	0.04329	0	0.37444	0.07438	1	0.37444	0.07438	1	0.48433	0.53132	9.54937	1.06647	0	0.48477	0.53081	10.79742	1.06647	1	-0.00380	-0.00915	0.68504	0.00203	1	-0.00353	-0.00882	0.67176	0.00217	1	1.45898	0.81042	0	
1253075	8451.70703	3305316669991	0.37530	0.07329	8451.68066	0.02637	11394	1	0.50648	0.04329	0	0.37444	0.07438	1	0.37444	0.07438	1	0.48433	0.53132	9.54937	1.06647	0	0.48485	0.53101	10.90980	1.06647	1	-0.00380	-0.00915	0.68504	0.00203	1	-0.00359	-0.00902	0.68344	0.00220	1	1.45898	0.81042	0	
1253076	8451.71387	3305316736402	0.37749	0.07496	8451.68066	0.03320	11394	1	0.50648	0.04329	0	0.38844	0.08331	1	0.38844	0.08331	1	0.48433	0.53132	9.54937	1.06647	0	0.48490	0.53095	10.43813	1.06647	1	-0.00380	-0.00915	0.68504	0.00203	1	-0.00359	-0.00902	0.68344	0.00229	1	1.45898	0.81042	0	
1253077	8451.72070	3305316803410	0.37793	0.07115	8451.68066	0.04004	11394	1	0.50648	0.04329	0	0.38056	0.04828	1	0.38056	0.04828	1	0.48433	0.53132	9.54937	1.06647	0	0.48483	0.53101	10.31199	1.06647	1	-0.00380	-0.00915	0.68504	0.00203	1	-0.00359	-0.00902	0.68344	0.00228	1	1.45898	0.81042	0	
1253078	8451.72754	3305316870478	0.37826	0.06829	8451.68066	0.04688	11394	1	0.50648	0.04329	0	0.38056	0.04828	1	0.38056	0.04828	1	0.48433	0.53132	9.54937	1.06647	0	0.48484	0.53135	10.71906	1.06647	1	-0.00380	-0.00915	0.68504	0.00203	1	-0.00359	-0.00902	0.68344	0.00224	1	1.45898	0.81042	0	
1253079	8451.73438	3305316937734	0.37703	0.06953	8451.68066	0.05371	11394	1	0.50648	0.04329	0	0.36716	0.07947	1	0.36716	0.07947	1	0.48433	0.53132	9.54937	1.06647	0	0.48481	0.53131	10.78711	1.06647	1	-0.00380	-0.00915	0.68504	0.00203	1	-0.00359	-0.00902	0.68344	0.00217	1	1.45898	0.81042	0	
1253080	8451.74121	3305317004216	0.37758	0.06417	8451.68066	0.06055	11394	1	0.50648	0.04329	0	0.38254	0.01593	1	0.38254	0.01593	1	0.48433	0.53132	9.54937	1.06647	0	0.48481	0.53119	10.31056	1.06647	1	-0.00380	-0.00915	0.68504	0.00203	1	-0.00359	-0.00902	0.68344	0.00223	1	1.45898	0.81042	0	
1253081	8451.74805	3305317072962	0.37803	0.05979	8451.68066	0.06738	11394	1	0.50648	0.04329	0	0.38254	0.01593	1	0.38254	0.01593	1	0.48433	0.53132	9.54937	1.06647	0	0.48472	0.53158	10.58319	1.06647	1	-0.00380	-0.00915	0.68504	0.00203	1	-0.00359	-0.00912	0.68344	0.00231	1	1.45898	0.81042	0	
1253082	8451.75488	3305317139188	0.37811	0.05922	8451.68066	0.07422	11394	1	0.50648	0.04329	0	0.37900	0.05303	1	0.37900	0.05303	1	0.48433	0.53132	9.54937	1.06647	0	0.48479	0.53159	11.00454	1.06647	1	-0.00380	-0.00915	0.68504	0.00203	1	-0.00359	-0.00912	0.68344	0.00227	1	1.45898	0.81042	0	
1253083	8451.76074	3305317205329	0.37775	0.05604	8451.68066	0.08008	11394	1	0.50648	0.04329	0	0.37341	0.01788	1	0.37341	0.01788	1	0.48433	0.53132	9.54937	1.06647	0	0.48468	0.53164	10.69260	1.06647	1	-0.00380	-0.00915	0.68504	0.00203	1	-0.00359	-0.00912	0.68344	0.00232	1	1.45898	0.81042	0	
1253084	8451.76758	3305317272498	0.37744	0.05332	8451.68066	0.08691	11394	1	0.50648	0.04329	0	0.37341	0.01788	1	0.37341	0.01788	1	0.48433	0.53132	9.54937	1.06647	0	0.48464	0.53188	10.60440	1.06647	1	-0.00380	-0.00915	0.68504	0.00203	1	-0.00359	-0.00912	0.68344	0.00234	1	1.45898	0.81042	0	
1253085	8451.77441	3305317339133	0.37686	0.05679	8451.68066	0.09375	11394	1	0.50648	0.04329	0	0.36876	0.10542	1	0.36876	0.10542	1	0.48433	0.53132	9.54937	1.06647	0	0.48477	0.53203	10.85143	1.06647	1	-0.00380	-0.00915	0.68504	0.00203	1	-0.00359	-0.00912	0.68344	0.00226	1	1.45898	0.81042	0	
1253086	8451.78125	3305317406387	0.37675	0.05824	8451.68066	0.10059	11394	1	0.50648	0.04329	0	0.37506	0.07994	1	0.37506	0.07994	1	0.48433	0.53132	9.54937	1.06647	0	0.48470	0.53190	11.04408	1.06647	1	-0.00380	-0.00915	0.68504	0.00203	1	-0.00359	-0.00912	0.68344	0.00240	1	1.45898	0.81042	0	
1253087	8451.78809	3305317473186	0.37665	0.05951	8451.68066	0.10742	11394	1	0.50648	0.04329	0	0.37506	0.07994	1	0.37506	0.07994	1	0.48433	0.53132	9.54937	1.06647	0	0.48500	0.53198	11.44058	1.06647	1	-0.00380	-0.00915	0.68504	0.00203	1	-0.00359	-0.00923	0.68344	0.00227	1	1.45898	0.81042	0	
1253088	8451.79492	3305317540318	0.37688	0.05886	8451.68066	0.11426	11394	1	0.50648	0.04329	0	0.38076	0.04783	1	0.38076	0.04783	1	0.48433	0.53132	9.54937	1.06647	0	0.48479	0.53200	10.63011	1.06647	1	-0.00380	-0.00915	0.68504	0.00203	1	-0.00359	-0.00923	0.68344	0.00232	1	1.45898	0.81042	0	
1253089	8451.80078	3305317607221	0.37698	0.05936	8451.68066	0.12012	11394	1	0.50648	0.04329	0	0.37891	0.06824	1	0.37891	0.06824	1	0.48433	0.53132	9.54937	1.06647	0	0.48481	0.53212	10.95848	1.06647	1	-0.00380	-0.00915	0.68504	0.00203	1	-0.00359	-0.00923	0.68344	0.00234	1	1.45898	0.81042	0	
1253090	8451.80762	3305317674043	0.37708	0.05980	8451.68066	0.12695	11394	1	0.50648	0.04329	0	0.37891	0.06824	1	0.37891	0.06824	1	0.48433	0.53132	9.54937	1.06647	0	0.48479	0.53226	10.85261	1.06647	1	-0.00380	-0.00915	0.68504	0.00203	1	-0.00359	-0.00933	0.68344	0.00231	1	1.45898	0.81042	0	
1253091	8451.81445	3305317739438	0.37830	0.06163	8451.68066	0.13379	11394	1	0.50648	0.04329	0	0.40276	0.09821	1	0.40276	0.09821	1	0.48433	0.53132	9.54937	1.06647	0	0.48480	0.53243	11.32524	1.06647	1	-0.00380	-0.00915	0.68504	0.00203	1	-0.00359	-0.00933	0.68344	0.00230	1	1.45898	0.81042	0	
1253092	8451.82129	3305317806689	0.37943	0.06238	8451.68066	0.14062	11394	1	0.50648	0.04329	0	0.40313	0.07821	1	0.40313	0.07821	1	0.48433	0.53132	9.54937	1.06647	0	0.48485	0.53235	11.20160	1.06647	1	-0.00380	-0.00915	0.68504	0.00203	1	-0.00359	-0.00933	0.68344	0.00229	1	1.45898	0.81042	0	
1253093	8451.82812	3305317875364	0.38045	0.06268	8451.68066	0.14746	11394	1	0.50648	0.04329	0	0.40290	0.06914	1	0.40290	0.06914	1	0.48433	0.53132	9.54937	1.06647	0	0.48468	0.53242	11.37525	1.07515	1	-0.00380	-0.00915	0.68504	0.00203	1	-0.00369	-0.00947	0.69369	0.00223	1	1.45898	0.81042	0	
1253094	8451.83496	3305317941968	0.38530	0.06896	8451.68066	0.15430	11394	1	0.49587	0.10975	1	0.49760	0.31715	1	0.49673	0.21345	1	0.48446	0.53266	11.11392	1.07515	1	0.74624	0.55867	12.14512	1.08383	1	-0.00380	-0.00915	0.68504	0.00233	1	-0.00369	-0.00947	0.69369	0.00434	1	1.45898	0.81042	0	
1253095	8451.84180	3305318009202	0.39005	0.07401	8451.68066	0.16113	11394	1	0.50902	0.09901	1	0.49911	0.29125	1	0.50407	0.19513	1	0.48464	0.53247	11.20982	1.08383	1	0.74626	0.55855	11.90239	1.09251	1	-0.00380	-0.00915	0.68504	0.00237	1	-0.00369	-0.00947	0.69369	0.00436	1	1.45898	0.81042	0	
1253096	8451.84766	3305318071496	0.41424	0.10758	8451.68066	0.16113	11394	0	0.50804	0.09034	1	0.49961	0.28400	1	0.50382	0.18717	1	0.48448	0.53262	12.07819	1.09251	1	0.74619	0.55950	12.14828	1.10119	1	-0.00367	-0.00929	0.68050	0.00230	1	0.06527	-0.01449	0.69244	0.00402	1	1.45898	0.81042	0	
1253097	8451.85449	3305318140639	0.46188	0.16041	8451.68066	0.16113	11394	0	0.50110	0.07866	1	0.51793	0.34783	1	0.50952	0.21325	1	0.48460	0.53258	11.44390	1.10119	1	0.74621	0.55931	12.07994	1.10119	1	-0.00367	-0.00929	0.68050	0.00231	1	0.06527	-0.01449	0.69244	0.00410	1	1.45898	0.81042	0	
1253098	8451.86133	3305318208149	0.47694	0.17854	8451.68066	0.16113	11394	0	0.49289	0.08788	1	0.52121	0.34169	1	0.50705	0.21478	1	0.48455	0.53265	11.69417	1.10119	1	0.74621	0.55925	12.09238	1.10119	1	-0.00367	-0.00929	0.68050	0.00231	1	0.06527	-0.01449	0.69244	0.00412	1	1.45898	0.81042	0	
1253099	8451.86816	3305318274368	0.50776	0.21541	8451.68066	0.16113	11394	0	0.49289	0.08788	1	0.52055	0.34850	1	0.50672	0.21819	1	0.48459	0.53267	11.61166	1.10119	1	0.74604	0.55943	12.52185	1.09251	1	-0.00368	-0.00935	0.68150	0.00231	1	0.06369	-0.01408	0.67516	0.00407	1	1.45898	0.81042	0	
1253100	8451.87402	3305318339319	0.50714	0.23057	8451.68066	0.16113	11394	0	0.50678	0.11128	1	0.50627	0.38020	1	0.50652	0.24574	1	0.48465	0.53297	11.36254	1.09251	1	0.74607	0.55951	12.48493	1.08383	1	-0.00368	-0.00935	0.68150	0.00239	1	0.06369	-0.01408	0.67516	0.00405	1	1.45898	0.81042	0	
1253101	8451.88086	3305318408224	0.50717	0.24040	8451.68066	0.16113	11394	0	0.50670	0.11313	1	0.50772	0.40695	1	0.50721	0.26004	1	0.48462	0.53290	11.52986	1.08383	1	0.74607	0.55969	12.82792	1.07515	1	-0.00368	-0.00935	0.68150	0.00235	1	0.06369	-0.01408	0.67516	0.00396	1	1.45898	0.81042	0	
1253102	8451.88770	3305318473277	0.50730	0.24638	8451.86816	0.01953	11395	1	0.50770	0.12169	1	0.50772	0.40695	1	0.50771	0.26432	1	0.48464	0.53310	11.45632	1.07515	1	0.74632	0.55951	12.12225	1.07515	1	-0.00368	-0.00935	0.68150	0.00246	1	0.06527	-0.01454	0.69244	0.00402	1	1.45898	0.81042	0	
1253103	8451.89453	3305318541799	0.50277	0.24853	8451.86816	0.02637	11395	1	0.49213	0.10372	1	0.47720	0.41056	1	0.48466	0.25714	1	0.48449	0.53303	11.51326	1.07515	1	0.74557	0.55989	12.65769	1.08383	1	-0.00368	-0.00935	0.68150	0.00233	1	0.06527	-0.01454	0.69244	0.00387	1	1.45898	0.81042	0	
1253104	8451.90137	3305318610422	0.50294	0.24788	8451.86816	0.03320	11395	1	0.49694	0.09552	1	0.51060	0.39368	1	0.50377	0.24460	1	0.48453	0.53308	11.57830	1.08383	1	0.74609	0.55987	12.88990	1.09251	1	-0.00368	-0.00935	0.68150	0.00230	1	0.06527	-0.01454	0.69244	0.00386	1	1.45898	0.81042	0	
1253105	8451.90820	3305318676592	0.50295	0.24565	8451.86816	0.04004	11395	1	0.49477	0.07770	1	0.51121	0.38694	1	0.50299	0.23232	1	0.48471	0.53316	11.81902	1.10159	1	0.74630	0.55974	12.36578	1.10159	1	-0.00389	-0.00985	0.70990	0.00233	1	0.06485	-0.01451	0.68858	0.00390	1	1.45898	0.81042	0	
1253106	8451.91504	3305318745418	0.50249	0.24313	8451.86816	0.04688	11395	1	0.49683	0.08301	1	0.50172	0.36799	1	0.49928	0.22550	1	0.48471	0.53316	11.81902	1.11068	1	0.74603	0.55960	12.90825	1.10200	1	-0.00389	-0.00985	0.70990	0.00234	1	0.06485	-0.01451	0.68858	0.00386	1	1.45898	0.81042	0	
1253107	8451.92188	3305318812832	0.50365	0.24168	8451.86816	0.05371	11395	1	0.50371	0.12834	1	0.52225	0.33167	1	0.51298	0.23001	1	0.48465	0.53318	11.74201	1.11108	1	0.74628	0.55961	12.31134	1.10240	1	-0.00389	-0.00985	0.70990	0.00238	1	0.06485	-0.01451	0.68858	0.00395	1	1.45898	0.81042	0	
1253108	8451.92871	3305318878991	0.50460	0.24126	8451.86816	0.06055	11395	1	0.50471	0.13657	1	0.52158	0.33856	1	0.51315	0.23756	1	0.48467	0.53313	11.78819	1.10240	1	0.74618	0.55933	12.18534	1.09372	1	-0.00368	-0.00946	0.68150	0.00238	1	0.06485	-0.01441	0.68858	0.00385	1	1.45898	0.81042	0	
1253109	8451.93555	3305318947304	0.50470	0.24064	8451.86816	0.06738	11395	1	0.49998	0.10418	1	0.51137	0.36456	1	0.50567	0.23437	1	0.48471	0.53316	11.81902	1.08464	1	0.74613	0.55941	12.24553	1.08464	1	-0.00368	-0.00946	0.68150	0.00234	1	0.06485	-0.01441	0.68858	0.00390	1	1.45898	0.81042	0	
1253110	8451.94141	3305319014090	0.50567	0.24209	8451.86816	0.07324	11395	1	0.51323	0.11992	1	0.51944	0.39630	1	0.51633	0.25811	1	0.48471	0.53320	11.72604	1.07555	1	0.74629	0.55955	12.35431	1.07555	1	-0.00368	-0.00946	0.68150	0.00234	1	0.06485	-0.01441	0.68858	0.00383	1	1.45898	0.81042	0	
1253111	8451.94824	3305319080921	0.50653	0.24368	8451.86816	0.08008	11395	1	0.51424	0.12888	1	0.51941	0.39660	1	0.51682	0.26274	1	0.48470	0.53318	11.69550	1.06647	1	0.74595	0.55973	13.01102	1.07515	1	-0.00368	-0.00946	0.68150	0.00234	1	0.06527	-0.01454	0.69244	0.00384	1	1.45898	0.81042	0	
1253112	8451.95508	3305319146686	0.50684	0.24416	8451.86816	0.08691	11395	1	0.50964	0.11776	1	0.51224	0.38297	1	0.51094	0.25036	1	0.48470	0.53318	11.69550	1.07515	1	0.74612	0.55974	12.89006	1.08383	1	-0.00368	-0.00946	0.68150	0.00234	1	0.06527	-0.01454	0.69244	0.00384	1	1.45898	0.81042	0	
1253113	8451.96191	3305319215727	0.50651	0.24360	8451.86816	0.09375	11395	1	0.50585	0.09372	1	0.49787	0.37771	1	0.50186	0.23571	1	0.48471	0.53298	11.40004	1.08383	1	0.74591	0.55964	12.46788	1.09251	1	-0.00368	-0.00946	0.68150	0.00233	1	0.06527	-0.01454	0.69244	0.00385	1	1.45898	0.81042	0	
1253114	8451.96875	3305319281832	0.50619	0.24283	8451.86816	0.10059	11395	1	0.50485	0.08500	1	0.49787	0.37771	1	0.50136	0.23135	1	0.48469	0.53299	11.36762	1.09251	1	0.74591	0.55960	12.45909	1.09251	1	-0.00368	-0.00946	0.68150	0.00235	1	0.06485	-0.01441	0.68858	0.00385	1	1.45898	0.81042	0	
1253115	8451.97559	3305319348816	0.50632	0.24056	8451.86816	0.10742	11395	1	0.50390	0.08678	1	0.51281	0.32162	1	0.50836	0.20420	1	0.48475	0.53308	11.62739	1.09251	1	0.74616	0.55890	11.98414	1.08383	1	-0.00368	-0.00946	0.68150	0.00235	1	0.06485	-0.01441	0.68858	0.00420	1	1.45898	0.81042	0	
1253116	8451.98242	3305319415487	0.50592	0.24039	8451.86816	0.11426	11395	1	0.50150	0.09722	1	0.49690	0.37777	1	0.49920	0.23749	1	0.48458	0.53314	11.44637	1.08383	1	0.74590	0.55949	12.68748	1.07515	1	-0.00368	-0.00946	0.68150	0.00239	1	0.06485	-0.01441	0.68858	0.00386	1	1.45898	0.81042	0	
1253117	8451.98828	3305319482818	0.50561	0.24084	8451.86816	0.12012	11395	1	0.50349	0.11393	1	0.49645	0.38393	1	0.49997	0.24893	1	0.48466	0.53303	11.66887	1.06713	1	0.74613	0.55929	12.20592	1.06713	1	-0.00348	-0.00907	0.65334	0.00234	1	0.06527	-0.01454	0.69244	0.00388	1	1.45898	0.81042	0	
1253118	8451.99512	3305319549705	0.50607	0.24054	8451.86816	0.12695	11395	1	0.51265	0.11730	1	0.51708	0.35232	1	0.51486	0.23481	1	0.48474	0.53299	11.36165	1.05911	1	0.74625	0.55903	12.06175	1.06779	1	-0.00348	-0.00907	0.65334	0.00232	1	0.06527	-0.01454	0.69244	0.00424	1	1.45898	0.81042	0	
1253119	8452.00195	3305319616660	0.50650	0.23909	8451.86816	0.13379	11395	1	0.51664	0.12101	1	0.51367	0.29924	1	0.51515	0.21012	1	0.48482	0.53315	11.52901	1.05978	1	0.74619	0.55846	11.82316	1.06846	1	-0.00348	-0.00907	0.65334	0.00232	1	0.06527	-0.01454	0.69244	0.00437	1	1.45898	0.81042	0	
1253120	8452.00879	3305319683748	0.50689	0.23741	8451.86816	0.14062	11395	1	0.51568	0.11232	1	0.51429	0.29188	1	0.51498	0.20210	1	0.48484	0.53315	11.58036	1.06846	1	0.74618	0.55911	12.03312	1.07714	1	-0.00353	-0.00932	0.67175	0.00229	1	0.06527	-0.01454	0.69244	0.00421	1	1.45898	0.81042	0	
1253121	8452.01562	3305319750921	0.50553	0.23716	8451.86816	0.14746	11395	1	0.49083	0.10089	1	0.46055	0.36238	1	0.47569	0.23163	1	0.48474	0.53302	11.54224	1.08516	1	0.74611	0.55943	12.25759	1.08516	1	-0.00353	-0.00932	0.67175	0.00233	1	0.06527	-0.01454	0.69244	0.00395	1	1.45898	0.81042	0	
1253122	8452.02246	3305319817629	0.50425	0.23487	8451.86816	0.15430	11395	1	0.48290	0.07956	1	0.46682	0.28485	1	0.47486	0.18221	1	0.48477	0.53305	11.11415	1.09317	1	0.74624	0.55869	11.95713	1.09317	1	-0.00353	-0.00932	0.67175	0.00233	1	0.06527	-0.01454	0.69244	0.00438	1	1.45898	0.81042	0	
1253123	8452.02930	3305319884505	0.50306	0.23261	8451.86816	0.16113	11395	1	0.48184	0.07147	1	0.46680	0.28541	1	0.47432	0.17844	1	0.48485	0.53304	11.07335	1.10119	1	0.74623	0.55899	11.90309	1.09251	1	-0.00359	-0.00943	0.68343	0.00230	1	0.06369	-0.01418	0.67516	0.00426	1	1.45898	0.81042	0	
1253124	8452.03613	3305319951668	0.50195	0.23297	8451.86816	0.16797	11395	1	0.48343	0.08998	1	0.46514	0.39395	1	0.47428	0.24197	1	0.48478	0.53302	11.26248	1.09251	1	0.74620	0.55963	12.02578	1.08383	1	-0.00359	-0.00943	0.68343	0.00228	1	0.06369	-0.01418	0.67516	0.00396	1	1.45898	0.81042	0	
1253125	8452.04199	3305320018629	0.50089	0.23350	8451.86816	0.17383	11395	1	0.48367	0.09444	1	0.46306	0.40015	1	0.47336	0.24729	1	0.48468	0.53299	11.21147	1.08383	1	0.74619	0.55976	12.06291	1.07515	1	-0.00359	-0.00943	0.68343	0.00236	1	0.06369	-0.01418	0.67516	0.00388	1	1.45898	0.81042	0	
1253126	8452.04883	3305320083888	0.49993	0.23415	8451.86816	0.18066	11395	1	0.48482	0.10316	1	0.46306	0.40015	1	0.47394	0.25166	1	0.48484	0.53300	11.52078	1.07515	1	0.74636	0.55961	12.03648	1.07515	1	-0.00359	-0.00943	0.68343	0.00222	1	0.06527	-0.01454	0.69244	0.00396	1	1.45898	0.81042	0	
1253127	8452.05566	3305320152856	0.49925	0.23440	8451.86816	0.18750	11395	1	0.50001	0.10502	1	0.46066	0.37782	1	0.48033	0.24142	1	0.48493	0.53295	10.80947	1.07515	1	0.74613	0.55958	12.47799	1.08383	1	-0.00359	-0.00943	0.68343	0.00228	1	0.06527	-0.01454	0.69244	0.00394	1	1.45898	0.81042	0	
1253128	8452.06250	3305320216643	0.49525	0.22850	8451.86816	0.19434	11395	1	0.50001	0.10502	0	0.37905	0.05742	1	0.37905	0.05742	1	0.48493	0.53295	10.80947	1.08383	0	0.48494	0.53288	11.04562	1.09251	1	-0.00359	-0.00943	0.68343	0.00228	1	0.06527	-0.01454	0.69244	0.00225	1	1.45898	0.81042	0	
1253129	8452.06934	3305320283742	0.46916	0.19471	8451.86816	0.19434	11395	0	0.50001	0.10502	0	0.37905	0.05742	1	0.37905	0.05742	1	0.48493	0.53295	10.80947	1.09251	0	0.48493	0.53273	11.38425	1.09251	1	-0.00359	-0.00943	0.68343	0.00228	1	-0.00359	-0.00933	0.68344	0.00221	1	1.45898	0.81042	0	
1253130	8452.07520	3305320349984	0.42864	0.11319	8451.86816	0.19434	11395	0	0.50001	0.10502	0	0.38813	0.03167	1	0.38813	0.03167	1	0.48493	0.53295	10.80947	1.09251	0	0.48492	0.53261	11.03847	1.08383	1	-0.00359	-0.00943	0.68343	0.00228	1	-0.00359	-0.00933	0.68344	0.00227	1	1.45898	0.81042	0	
1253131	8452.08203	3305320417454	0.41634	0.08119	8451.86816	0.19434	11395	0	0.50001	0.10502	0	0.39174	0.01719	1	0.39174	0.01719	1	0.48493	0.53295	10.80947	1.08383	0	0.48509	0.53270	11.76442	1.07515	1	-0.00359	-0.00943	0.68343	0.00228	1	-0.00359	-0.00933	0.68344	0.00224	1	1.45898	0.81042	0	
1253132	8452.08887	3305320487321	0.39064	0.02517	8451.86816	0.19434	11395	0	0.50001	0.10502	0	0.39206	0.02666	1	0.39206	0.02666	1	0.48493	0.53295	10.80947	1.07515	0	0.48508	0.53249	11.21182	1.06647	1	-0.00359	-0.00943	0.68343	0.00228	1	-0.00359	-0.00933	0.68344	0.00226	1	1.45898	0.81042	0	
1253133	8452.09570	3305320554131	0.39301	0.05508	8451.86816	0.19434	11395	0	0.50001	0.10502	0	0.39538	0.08499	1	0.39538	0.08499	1	0.48493	0.53295	10.80947	1.06647	0	0.48516	0.53251	11.10056	1.06647	1	-0.00359	-0.00943	0.68343	0.00228	1	-0.00359	-0.00933	0.68344	0.00222	1	1.45898	0.81042	0	
1253134	8452.10254	3305320621291	0.38741	0.07193	8451.86816	0.19434	11395	0	0.50001	0.10502	0	0.37622	0.10564	1	0.37622	0.10564	1	0.48493	0.53295	10.80947	1.06647	0	0.48519	0.53255	11.06654	1.06647	1	-0.00359	-0.00943	0.68343	0.00228	1	-0.00359	-0.00933	0.68344	0.00220	1	1.45898	0.81042	0	
1253135	8452.10938	3305320688345	0.38471	0.08231	8452.08887	0.02051	11396	1	0.50001	0.10502	0	0.37661	0.11343	1	0.37661	0.11343	1	0.48493	0.53295	10.80947	1.06647	0	0.48546	0.53230	11.05810	1.05881	1	-0.00359	-0.00943	0.68343	0.00228	1	-0.00329	-0.00893	0.65454	0.00227	1	1.45898	0.81042	0	
1253136	8452.11621	3305320754916	0.38489	0.08520	8452.08887	0.02734	11396	1	0.50001	0.10502	0	0.38558	0.09677	1	0.38558	0.09677	1	0.48493	0.53295	10.80947	1.05881	0	0.48532	0.53231	11.02699	1.05115	1	-0.00359	-0.00943	0.68343	0.00228	1	-0.00329	-0.00893	0.65454	0.00225	1	1.45898	0.81042	0	
1253137	8452.12305	3305320822444	0.38359	0.08562	8452.08887	0.03418	11396	1	0.50001	0.10502	0	0.37714	0.08770	1	0.37714	0.08770	1	0.48493	0.53295	10.80947	1.05115	0	0.48526	0.53225	11.26080	1.04349	1	-0.00359	-0.00943	0.68343	0.00228	1	-0.00329	-0.00893	0.65454	0.00224	1	1.45898	0.81042	0	
1253138	8452.12891	3305320888882	0.39179	0.08994	8452.08887	0.04004	11396	1	0.50484	0.14476	1	0.37710	0.08700	1	0.44097	0.11588	1	0.48538	0.53224	10.98365	1.03547	1	0.74622	0.55932	11.66319	1.04415	1	-0.00329	-0.00889	0.65454	0.00229	1	0.06622	-0.01460	0.70035	0.00420	1	1.45898	0.81042	0	
1253139	8452.13574	3305320955685	0.40201	0.11592	8452.08887	0.04688	11396	1	0.48726	0.16267	1	0.45978	0.43286	1	0.47352	0.29777	1	0.48546	0.53215	10.94759	1.03614	1	0.74610	0.55936	11.76203	1.05248	1	-0.00329	-0.00889	0.65454	0.00215	1	0.06622	-0.01460	0.70035	0.00418	1	1.45898	0.81042	0	
1253140	8452.14258	3305321022640	0.41128	0.13096	8452.08887	0.05371	11396	1	0.49406	0.13445	1	0.47695	0.36811	1	0.48551	0.25128	1	0.48563	0.53212	10.96629	1.04446	1	0.74636	0.55869	11.57809	1.06080	1	-0.00329	-0.00889	0.65454	0.00233	1	0.06622	-0.01460	0.70035	0.00430	1	1.45898	0.81042	0	
1253141	8452.14941	3305321088694	0.41862	0.14187	8452.08887	0.06055	11396	1	0.49195	0.11805	1	0.47725	0.36209	1	0.48460	0.24007	1	0.48570	0.53185	10.64929	1.06080	1	0.74669	0.55828	11.37191	1.06846	1	-0.00339	-0.00926	0.68566	0.00226	1	0.06649	-0.01465	0.70259	0.00410	1	1.45898	0.81042	0	
1253142	8452.15625	3305321154531	0.42437	0.14729	8452.08887	0.06738	11396	1	0.49595	0.09152	1	0.46780	0.31147	1	0.48188	0.20150	1	0.48565	0.53188	10.66047	1.07648	1	0.74699	0.55812	11.81282	1.06779	1	-0.00339	-0.00926	0.68566	0.00228	1	0.06649	-0.01465	0.70259	0.00410	1	1.45898	0.81042	0	
1253143	8452.16309	3305321222548	0.42881	0.15250	8452.08887	0.07422	11396	1	0.49101	0.11797	1	0.46428	0.30175	1	0.47764	0.20986	1	0.48552	0.53175	11.24412	1.07581	1	0.74693	0.55801	11.84634	1.06713	1	-0.00339	-0.00926	0.68566	0.00217	1	0.06649	-0.01465	0.70259	0.00428	1	1.45898	0.81042	0	
1253144	8452.16895	3305321288097	0.43258	0.15668	8452.08887	0.08008	11396	1	0.49110	0.11863	1	0.46449	0.29500	1	0.47780	0.20681	1	0.48577	0.53169	11.21437	1.07515	1	0.74716	0.55792	11.94760	1.07515	1	-0.00339	-0.00915	0.68566	0.00225	1	0.06622	-0.01455	0.70035	0.00420	1	1.45898	0.81042	0	
1253145	8452.17578	3305321354829	0.43660	0.15887	8452.08887	0.08691	11396	1	0.50527	0.09690	1	0.47265	0.27762	1	0.48896	0.18726	1	0.48570	0.53164	10.98263	1.07515	1	0.74705	0.55797	11.76047	1.08383	1	-0.00339	-0.00915	0.68566	0.00224	1	0.06622	-0.01455	0.70035	0.00417	1	1.45898	0.81042	0	
1253146	8452.18262	3305321423638	0.45392	0.18582	8452.08887	0.08691	11396	0	0.51249	0.11034	1	0.48119	0.33269	1	0.49684	0.22151	1	0.48587	0.53178	10.95043	1.08383	1	0.74721	0.55816	11.70075	1.09251	1	-0.00339	-0.00915	0.68566	0.00223	1	0.06622	-0.01455	0.70035	0.00418	1	1.45898	0.81042	0	
1253147	8452.18945	3305321489425	0.47514	0.20152	8452.08887	0.08691	11396	0	0.51153	0.10176	1	0.48119	0.33269	1	0.49636	0.21723	1	0.48569	0.53147	10.92599	1.09251	1	0.74720	0.55867	11.77959	1.09251	1	-0.00339	-0.00915	0.68566	0.00214	1	0.06649	-0.01449	0.70259	0.00390	1	1.45898	0.81042	0	
1253148	8452.19629	3305321555875	0.47997	0.21432	8452.08887	0.08691	11396	0	0.50317	0.09074	1	0.47611	0.38907	1	0.48964	0.23991	1	0.48576	0.53153	10.98823	1.09251	1	0.74716	0.55856	11.79856	1.08383	1	-0.00339	-0.00915	0.68566	0.00223	1	0.06649	-0.01449	0.70259	0.00397	1	1.45898	0.81042	0	
1253149	8452.20312	3305321623198	0.48299	0.22167	8452.18262	0.02051	11397	1	0.50826	0.11012	1	0.47583	0.37735	1	0.49204	0.24374	1	0.48585	0.53143	11.02768	1.08383	1	0.74717	0.55844	12.04213	1.07515	1	-0.00339	-0.00915	0.68566	0.00229	1	0.06649	-0.01449	0.70259	0.00399	1	1.45898	0.81042	0	
1253150	8452.20996	3305321690792	0.48487	0.22761	8452.18262	0.02734	11397	1	0.50925	0.11871	1	0.47550	0.38401	1	0.49238	0.25136	1	0.48582	0.53125	11.35199	1.07515	1	0.74712	0.55852	11.88673	1.06647	1	-0.00339	-0.00910	0.68566	0.00223	1	0.06649	-0.01444	0.70259	0.00390	1	1.45898	0.81042	0	
1253151	8452.21680	3305321758576	0.48473	0.23142	8452.18262	0.03418	11397	1	0.50833	0.11966	1	0.45979	0.38133	1	0.48406	0.25049	1	0.48581	0.53124	11.35382	1.06647	1	0.74692	0.55849	12.11514	1.06647	1	-0.00339	-0.00910	0.68566	0.00222	1	0.06649	-0.01444	0.70259	0.00394	1	1.45898	0.81042	0	
1253152	8452.22363	3305321827582	0.48502	0.23472	8452.18262	0.04102	11397	1	0.50833	0.11966	1	0.46519	0.38931	1	0.48676	0.25448	1	0.48581	0.53124	11.35382	1.06647	1	0.74703	0.55855	12.27824	1.06647	1	-0.00339	-0.00910	0.68566	0.00222	1	0.06649	-0.01444	0.70259	0.00387	1	1.45898	0.81042	0	
1253153	8452.22949	3305321893696	0.48523	0.23755	8452.18262	0.04688	11397	1	0.50833	0.11966	1	0.46497	0.39514	1	0.48665	0.25740	1	0.48582	0.53108	11.10587	1.06647	1	0.74728	0.55866	11.97141	1.05881	1	-0.00339	-0.00910	0.68566	0.00218	1	0.06223	-0.01350	0.65710	0.00387	1	1.45898	0.81042	0	
1253154	8452.23633	3305321961243	0.48645	0.24168	8452.18262	0.05371	11397	1	0.49952	0.12079	1	0.49303	0.42864	1	0.49628	0.27471	1	0.48573	0.53119	10.92928	1.05881	1	0.74746	0.55835	11.20930	1.05115	1	-0.00339	-0.00910	0.68566	0.00224	1	0.06223	-0.01350	0.65710	0.00389	1	1.45898	0.81042	0	
1253155	8452.24316	3305322025319	0.48832	0.24514	8452.18262	0.06055	11397	1	0.51188	0.12517	1	0.49829	0.42736	1	0.50509	0.27627	1	0.48584	0.53099	10.98931	1.05115	1	0.74751	0.55828	11.09973	1.04349	1	-0.00339	-0.00910	0.68566	0.00215	1	0.06223	-0.01350	0.65710	0.00391	1	1.45898	0.81042	0	
1253156	8452.25000	3305322091904	0.48986	0.24858	8452.18262	0.06738	11397	1	0.51276	0.13286	1	0.49784	0.43306	1	0.50530	0.28296	1	0.48581	0.53102	10.74149	1.04349	1	0.74715	0.55814	11.97590	1.03583	1	-0.00339	-0.00905	0.68566	0.00222	1	0.06223	-0.01350	0.65710	0.00398	1	1.45898	0.81042	0	
1253157	8452.25684	3305322159727	0.49032	0.25016	8452.18262	0.07422	11397	1	0.50553	0.17451	1	0.48531	0.36071	1	0.49542	0.26761	1	0.48577	0.53093	10.98059	1.03583	1	0.74727	0.55736	11.48977	1.03583	1	-0.00339	-0.00905	0.68566	0.00225	1	0.06223	-0.01350	0.65710	0.00426	1	1.45898	0.81042	0	
1253158	8452.26270	3305322226052	0.49141	0.25356	8452.18262	0.08008	11397	1	0.50946	0.16113	1	0.49945	0.42756	1	0.50445	0.29434	1	0.48584	0.53088	11.10868	1.03583	1	0.74756	0.55813	11.29928	1.03583	1	-0.00339	-0.00905	0.68566	0.00220	1	0.06223	-0.01350	0.65710	0.00400	1	1.45898	0.81042	0	
1253159	8452.26953	3305322293083	0.49234	0.25648	8452.18262	0.08691	11397	1	0.50946	0.16113	1	0.49945	0.42756	1	0.50445	0.29434	1	0.48581	0.53085	11.11026	1.03583	1	0.74741	0.55812	11.66224	1.03583	1	-0.00339	-0.00895	0.68566	0.00217	1	0.06223	-0.01350	0.65710	0.00397	1	1.45898	0.81042	0	
1253160	8452.27637	3305322360267	0.49269	0.25886	8452.18262	0.09375	11397	1	0.50552	0.16869	1	0.48945	0.41589	1	0.49749	0.29229	1	0.48585	0.53088	10.85188	1.03583	1	0.74740	0.55812	11.77074	1.03583	1	-0.00339	-0.00895	0.68566	0.00216	1	0.06223	-0.01350	0.65710	0.00387	1	1.45898	0.81042	0	
1253161	8452.28320	3305322427840	0.49314	0.26042	8452.18262	0.10059	11397	1	0.51603	0.17045	1	0.48381	0.39697	1	0.49992	0.28371	1	0.48591	0.53082	10.88718	1.03583	1	0.74729	0.55781	11.41866	1.03583	1	-0.00339	-0.00895	0.68566	0.00225	1	0.06223	-0.01350	0.65710	0.00398	1	1.45898	0.81042	0	
1253162	8452.29004	3305322494102	0.49263	0.26770	8452.18262	0.10742	11397	1	0.51603	0.17045	0	0.48456	0.38426	1	0.48456	0.38426	1	0.48591	0.53082	10.88718	1.03583	0	0.48607	0.53063	10.60334	1.05217	1	-0.00339	-0.00895	0.68566	0.00225	1	-0.00341	-0.00913	0.69950	0.00222	1	1.45898	0.81042	0	
1253163	8452.29688	3305322559105	0.48736	0.25460	8452.18262	0.11426	11397	1	0.51603	0.17045	0	0.39769	0.03186	1	0.39769	0.03186	1	0.48591	0.53082	10.88718	1.05217	0	0.48593	0.53035	11.36502	1.06851	1	-0.00339	-0.00895	0.68566	0.00225	1	-0.00341	-0.00913	0.69950	0.00220	1	1.45898	0.81042	0	
1253164	8452.30371	3305322628709	0.48268	0.24373	8452.18262	0.12109	11397	1	0.51603	0.17045	0	0.39841	0.04804	1	0.39841	0.04804	1	0.48591	0.53082	10.88718	1.06851	0	0.48600	0.53062	11.21245	1.08485	1	-0.00339	-0.00895	0.68566	0.00225	1	-0.00341	-0.00913	0.69950	0.00217	1	1.45898	0.81042	0	
1253165	8452.31055	3305322697515	0.47844	0.23308	8452.18262	0.12793	11397	1	0.51603	0.17045	0	0.39790	0.03081	1	0.39790	0.03081	1	0.48591	0.53082	10.88718	1.08485	0	0.48602	0.53041	11.10965	1.10119	1	-0.00339	-0.00895	0.68566	0.00225	1	-0.00341	-0.00913	0.69950	0.00219	1	1.45898	0.81042	0	
1253166	8452.31738	3305322765262	0.47471	0.22445	8452.18262	0.13477	11397	1	0.51603	0.17045	0	0.40017	0.05192	1	0.40017	0.05192	1	0.48591	0.53082	10.88718	1.10119	0	0.48601	0.53041	10.92228	1.10119	1	-0.00339	-0.00895	0.68566	0.00225	1	-0.00341	-0.00913	0.69950	0.00220	1	1.45898	0.81042	0	
1253167	8452.32324	3305322831803	0.45747	0.19190	8452.18262	0.13477	11397	0	0.51603	0.17045	0	0.40385	0.04071	1	0.40385	0.04071	1	0.48591	0.53082	10.88718	1.10119	0	0.48604	0.53039	10.99220	1.10119	1	-0.00339	-0.00895	0.68566	0.00225	1	-0.00341	-0.00913	0.69950	0.00219	1	1.45898	0.81042	0	
1253168	8452.33008	3305322898757	0.43066	0.11631	8452.18262	0.13477	11397	0	0.51603	0.17045	0	0.40385	0.04071	1	0.40385	0.04071	1	0.48591	0.53082	10.88718	1.10119	0	0.48606	0.53033	11.14191	1.10119	1	-0.00339	-0.00895	0.68566	0.00225	1	-0.00341	-0.00913	0.69950	0.00224	1	1.45898	0.81042	0	
1253169	8452.33691	3305322965740	0.42212	0.09408	8452.18262	0.13477	11397	0	0.51603	0.17045	0	0.40504	0.04963	1	0.40504	0.04963	1	0.48591	0.53082	10.88718	1.10119	0	0.48609	0.53030	11.12330	1.10119	1	-0.00339	-0.00895	0.68566	0.00225	1	-0.00341	-0.00913	0.69950	0.00223	1	1.45898	0.81042	0	
1253170	8452.34375	3305323032324	0.39648	0.05081	8452.18262	0.13477	11397	0	0.51603	0.17045	0	0.38055	0.06209	1	0.38055	0.06209	1	0.48591	0.53082	10.88718	1.10119	0	0.48603	0.53048	10.99962	1.10119	1	-0.00339	-0.00895	0.68566	0.00225	1	-0.00341	-0.00913	0.69950	0.00217	1	1.45898	0.81042	0	
1253171	8452.35059	3305323099317	0.38852	0.05645	8452.18262	0.13477	11397	0	0.51603	0.17045	0	0.38055	0.06209	1	0.38055	0.06209	1	0.48591	0.53082	10.88718	1.10119	0	0.48622	0.53041	11.16469	1.10119	1	-0.00339	-0.00895	0.68566	0.00225	1	-0.00347	-0.00924	0.71190	0.00228	1	1.45898	0.81042	0	
1253172	8452.35742	3305323166742	0.39448	0.05612	8452.18262	0.13477	11397	0	0.51603	0.17045	0	0.40641	0.05545	1	0.40641	0.05545	1	0.48591	0.53082	10.88718	1.10119	0	0.48614	0.53056	10.87647	1.10119	1	-0.00339	-0.00895	0.68566	0.00225	1	-0.00347	-0.00924	0.71190	0.00227	1	1.45898	0.81042	0	
1253173	8452.36426	3305323233153	0.38839	0.05502	8452.34375	0.02051	11398	1	0.51603	0.17045	0	0.37012	0.05173	1	0.37012	0.05173	1	0.48591	0.53082	10.88718	1.10119	0	0.48622	0.53041	11.16469	1.10119	1	-0.00339	-0.00895	0.68566	0.00225	1	-0.00347	-0.00924	0.71190	0.00228	1	1.45898	0.81042	0	
1253174	8452.37012	3305323299671	0.38483	0.05615	8452.34375	0.02637	11398	1	0.51603	0.17045	0	0.37059	0.06070	1	0.37059	0.06070	1	0.48591	0.53082	10.88718	1.10119	0	0.48626	0.53053	10.64372	1.09251	1	-0.00339	-0.00895	0.68566	0.00225	1	-0.00329	-0.00890	0.68621	0.00232	1	1.45898	0.81042	0	
1253175	8452.37695	3305323367799	0.38082	0.05193	8452.34375	0.03320	11398	1	0.51603	0.17045	0	0.36080	0.03079	1	0.36080	0.03079	1	0.48591	0.53082	10.88718	1.09251	0	0.48615	0.53055	10.84823	1.08383	1	-0.00339	-0.00895	0.68566	0.00225	1	-0.00329	-0.00890	0.68621	0.00226	1	1.45898	0.81042	0	
1253176	8452.38379	3305323434179	0.37971	0.04862	8452.34375	0.04004	11398	1	0.51603	0.17045	0	0.37305	0.02875	1	0.37305	0.02875	1	0.48591	0.53082	10.88718	1.08383	0	0.48621	0.53038	11.11048	1.07515	1	-0.00339	-0.00895	0.68566	0.00225	1	-0.00329	-0.00890	0.68621	0.00228	1	1.45898	0.81042	0	
1253177	8452.39062	3305323502463	0.37899	0.04834	8452.34375	0.04688	11398	1	0.51603	0.17045	0	0.37392	0.04638	1	0.37392	0.04638	1	0.48591	0.53082	10.88718	1.07515	0	0.48621	0.53040	11.17155	1.05881	1	-0.00339	-0.00895	0.68566	0.00225	1	-0.00311	-0.00859	0.65849	0.00227	1	1.45898	0.81042	0	
1253178	8452.39746	3305323568679	0.37752	0.04987	8452.34375	0.05371	11398	1	0.51603	0.17045	0	0.36577	0.06216	1	0.36577	0.06216	1	0.48591	0.53082	10.88718	1.05881	0	0.48618	0.53059	11.05440	1.05115	1	-0.00339	-0.00895	0.68566	0.00225	1	-0.00311	-0.00859	0.65849	0.00224	1	1.45898	0.81042	0	
1253179	8452.40430	3305323635939	0.37678	0.05355	8452.34375	0.06055	11398	1	0.51603	0.17045	0	0.37007	0.08662	1	0.37007	0.08662	1	0.48591	0.53082	10.88718	1.05115	0	0.48622	0.53068	10.77593	1.04349	1	-0.00339	-0.00895	0.68566	0.00225	1	-0.00311	-0.00859	0.65849	0.00223	1	1.45898	0.81042	0	
1253180	8452.41113	3305323702736	0.37621	0.05729	8452.34375	0.06738	11398	1	0.51603	0.17045	0	0.37051	0.09471	1	0.37051	0.09471	1	0.48591	0.53082	10.88718	1.04349	0	0.48623	0.53074	10.72616	1.03583	1	-0.00339	-0.00895	0.68566	0.00225	1	-0.00311	-0.00859	0.65849	0.00225	1	1.45898	0.81042	0	
1253181	8452.41699	3305323767416	0.37817	0.06137	8452.34375	0.07324	11398	1	0.51603	0.17045	0	0.39979	0.10631	1	0.39979	0.10631	1	0.48591	0.53082	10.88718	1.03583	0	0.48634	0.53073	10.75395	1.03583	1	-0.00339	-0.00895	0.68566	0.00225	1	-0.00311	-0.00859	0.65849	0.00232	1	1.45898	0.81042	0	
1253182	8452.42383	3305323836199	0.37986	0.06178	8452.34375	0.08008	11398	1	0.51603	0.17045	0	0.40013	0.06666	1	0.40013	0.06666	1	0.48591	0.53082	10.88718	1.03583	0	0.48626	0.53071	10.83451	1.03583	1	-0.00339	-0.00895	0.68566	0.00225	1	-0.00311	-0.00859	0.65849	0.00223	1	1.45898	0.81042	0	
1253183	8452.43066	3305323901955	0.38131	0.06213	8452.34375	0.08691	11398	1	0.51603	0.17045	0	0.40013	0.06666	1	0.40013	0.06666	1	0.48591	0.53082	10.88718	1.03583	0	0.48622	0.53081	10.83358	1.03583	1	-0.00339	-0.00895	0.68566	0.00225	1	-0.00308	-0.00857	0.65277	0.00226	1	1.45898	0.81042	0	
1253184	8452.43750	3305323971211	0.38204	0.06257	8452.34375	0.09375	11398	1	0.51603	0.17045	0	0.39221	0.06882	1	0.39221	0.06882	1	0.48591	0.53082	10.88718	1.03583	0	0.48625	0.53086	10.80942	1.03583	1	-0.00339	-0.00895	0.68566	0.00225	1	-0.00308	-0.00857	0.65277	0.00237	1	1.45898	0.81042	0	
1253185	8452.44434	3305324036873	0.38327	0.06255	8452.34375	0.10059	11398	1	0.51603	0.17045	0	0.40182	0.06220	1	0.40182	0.06220	1	0.48591	0.53082	10.88718	1.03583	0	0.48634	0.53073	10.75395	1.03583	1	-0.00339	-0.00895	0.68566	0.00225	1	-0.00308	-0.00857	0.65277	0.00232	1	1.45898	0.81042	0	
1253186	8452.45117	3305324103092	0.38776	0.06620	8452.34375	0.10742	11398	1	0.51694	0.17827	1	0.40205	0.07094	1	0.45950	0.12460	1	0.48633	0.53083	10.66445	1.02781	1	0.74779	0.55853	11.92132	1.02781	1	-0.00311	-0.00869	0.65849	0.00233	1	0.06204	-0.01342	0.65310	0.00394	1	1.45898	0.81042	0	
1253187	8452.45703	3305324168314	0.39272	0.07678	8452.34375	0.11328	11398	1	0.48606	0.14726	1	0.46823	0.36590	1	0.47714	0.25658	1	0.48614	0.53086	11.07374	1.01980	1	0.74780	0.55798	12.12425	1.01980	1	-0.00311	-0.00869	0.65849	0.00229	1	0.06204	-0.01342	0.65310	0.00406	1	1.45898	0.81042	0	
1253188	8452.46484	3305324238709	0.40727	0.11151	8452.34375	0.11328	11398	0	0.49286	0.15010	1	0.45954	0.44277	1	0.47620	0.29643	1	0.48631	0.53083	10.79490	1.01178	1	0.74768	0.55867	12.15455	1.01178	1	-0.00311	-0.00869	0.65849	0.00233	1	0.06204	-0.01342	0.65310	0.00391	1	1.45898	0.81042	0	
1253189	8452.47070	3305324301275	0.44196	0.20752	8452.34375	0.11328	11398	0	0.49394	0.15828	1	0.45935	0.44877	1	0.47665	0.30352	1	0.48625	0.53081	11.13838	1.00376	1	0.74789	0.55868	12.02415	1.00376	1	-0.00311	-0.00869	0.65849	0.00231	1	0.06160	-0.01337	0.64840	0.00393	1	1.45898	0.81042	0	
1253190	8452.47754	3305324372307	0.45535	0.23678	8452.34375	0.11328	11398	0	0.48858	0.17342	1	0.47569	0.41721	1	0.48214	0.29531	1	0.48627	0.53103	11.19667	1.00376	1	0.74798	0.55868	12.18807	1.00376	1	-0.00311	-0.00869	0.65849	0.00236	1	0.06160	-0.01337	0.64840	0.00385	1	1.45898	0.81042	0	
1253191	8452.48438	3305324440207	0.48232	0.30022	8452.34375	0.11328	11398	0	0.48845	0.17362	1	0.48790	0.43005	1	0.48817	0.30184	1	0.48627	0.53103	11.19667	1.00376	1	0.74812	0.55846	11.94883	1.00376	1	-0.00311	-0.00869	0.65849	0.00236	1	0.06160	-0.01337	0.64840	0.00391	1	1.45898	0.81042	0	
1253192	8452.49121	3305324506407	0.48507	0.29747	8452.34375	0.11328	11398	0	0.48733	0.16556	1	0.48831	0.42388	1	0.48782	0.29472	1	0.48623	0.53112	11.34337	1.01178	1	0.74787	0.55873	12.09313	1.01178	1	-0.00318	-0.00909	0.68506	0.00239	1	0.06204	-0.01352	0.65310	0.00389	1	1.45898	0.81042	0	
1253193	8452.49805	3305324573557	0.48583	0.30177	8452.34375	0.11328	11398	0	0.50627	0.17668	1	0.46844	0.44407	1	0.48736	0.31037	1	0.48643	0.53114	11.68650	1.01980	1	0.74785	0.55882	12.19737	1.01980	1	-0.00318	-0.00909	0.68506	0.00227	1	0.06204	-0.01352	0.65310	0.00387	1	1.45898	0.81042	0	
1253194	8452.50488	3305324640314	0.48393	0.29747	8452.48438	0.02051	11399	1	0.49396	0.15929	1	0.46249	0.40987	1	0.47822	0.28458	1	0.48635	0.53119	11.38631	1.02781	1	0.74768	0.55901	12.56683	1.02781	1	-0.00318	-0.00909	0.68506	0.00240	1	0.06204	-0.01352	0.65310	0.00383	1	1.45898	0.81042	0	
1253195	8452.51172	3305324707572	0.48272	0.29289	8452.48438	0.02734	11399	1	0.49290	0.15131	1	0.46290	0.39781	1	0.47790	0.27456	1	0.48648	0.53130	11.20569	1.03583	1	0.74807	0.55891	12.24925	1.04349	1	-0.00318	-0.00909	0.68506	0.00232	1	0.06380	-0.01389	0.67107	0.00387	1	1.45898	0.81042	0	
1253196	8452.51758	3305324772063	0.48637	0.28740	8452.48438	0.03320	11399	1	0.50592	0.15502	1	0.50328	0.36492	1	0.50460	0.25997	1	0.48666	0.53131	11.38070	1.04349	1	0.74830	0.55851	12.06696	1.05115	1	-0.00318	-0.00909	0.68506	0.00223	1	0.06380	-0.01389	0.67107	0.00388	1	1.45898	0.81042	0	
1253197	8452.52441	3305324841109	0.48704	0.27831	8452.48438	0.04004	11399	1	0.49874	0.15511	1	0.48339	0.29234	1	0.49106	0.22373	1	0.48657	0.53136	11.16848	1.05115	1	0.74807	0.55792	11.98469	1.05881	1	-0.00318	-0.00909	0.68506	0.00226	1	0.06380	-0.01389	0.67107	0.00431	1	1.45898	0.81042	0	
1253198	8452.53125	3305324908567	0.48748	0.26910	8452.48438	0.04688	11399	1	0.49664	0.13875	1	0.48453	0.27049	1	0.49058	0.20462	1	0.48678	0.53129	11.40552	1.06789	1	0.74832	0.55780	11.89114	1.08423	1	-0.00324	-0.00941	0.70907	0.00230	1	0.06681	-0.01464	0.70211	0.00423	1	1.45898	0.81042	0	
1253199	8452.53809	3305324973685	0.48653	0.26439	8452.48438	0.05371	11399	1	0.51098	0.10044	1	0.44687	0.35295	1	0.47893	0.22669	1	0.48674	0.53127	11.44310	1.09332	1	0.74822	0.55870	12.60146	1.10200	1	-0.00324	-0.00941	0.70907	0.00237	1	0.06681	-0.01464	0.70211	0.00387	1	1.45898	0.81042	0	
1253200	8452.54492	3305325040091	0.48677	0.25364	8452.48438	0.06055	11399	1	0.51345	0.09787	1	0.46441	0.21609	1	0.48893	0.15698	1	0.48689	0.53140	11.44952	1.11108	1	0.74844	0.55784	12.23332	1.11977	1	-0.00324	-0.00941	0.70907	0.00234	1	0.06681	-0.01464	0.70211	0.00420	1	1.45898	0.81042	0	
1253201	8452.55176	3305325109345	0.48693	0.24447	8452.48438	0.06738	11399	1	0.51252	0.08941	1	0.46441	0.21609	1	0.48846	0.15275	1	0.48695	0.53134	11.53348	1.11977	1	0.74850	0.55848	12.24265	1.11977	1	-0.00308	-0.00909	0.68470	0.00231	1	0.06556	-0.01435	0.68848	0.00408	1	1.45898	0.81042	0	
1253202	8452.55762	3305325176175	0.48636	0.24172	8452.48438	0.07324	11399	1	0.49750	0.11267	1	0.46274	0.31018	1	0.48012	0.21143	1	0.48692	0.53153	11.32079	1.11068	1	0.74845	0.55844	12.28413	1.10200	1	-0.00308	-0.00909	0.68470	0.00235	1	0.06556	-0.01435	0.68848	0.00405	1	1.45898	0.81042	0	
1253203	8452.56445	3305325243172	0.48564	0.24140	8452.48438	0.08008	11399	1	0.49035	0.11219	1	0.46373	0.36304	1	0.47704	0.23761	1	0.48682	0.53137	11.59517	1.09291	1	0.74851	0.55874	12.20413	1.08423	1	-0.00308	-0.00909	0.68470	0.00230	1	0.06556	-0.01435	0.68848	0.00417	1	1.45898	0.81042	0	
1253204	8452.57129	3305325310151	0.48511	0.24296	8452.48438	0.08691	11399	1	0.49363	0.13744	1	0.46286	0.38887	1	0.47824	0.26316	1	0.48697	0.53138	11.32885	1.06713	1	0.74858	0.55804	11.94124	1.05079	1	-0.00291	-0.00877	0.65675	0.00232	1	0.06371	-0.01394	0.66849	0.00425	1	1.45898	0.81042	0	
1253205	8452.57812	3305325376939	0.47715	0.23518	8452.48438	0.09375	11399	1	0.49363	0.13744	0	0.36564	0.12627	1	0.36564	0.12627	1	0.48697	0.53138	11.32885	1.04277	0	0.48701	0.53142	11.38402	1.03511	1	-0.00291	-0.00877	0.65675	0.00232	1	0.06371	-0.01394	0.66849	0.00232	1	1.45898	0.81042	0	
1253206	8452.58496	3305325441873	0.47020	0.22653	8452.48438	0.10059	11399	1	0.49363	0.13744	0	0.36599	0.09685	1	0.36599	0.09685	1	0.48697	0.53138	11.32885	1.02710	0	0.48704	0.53146	11.26320	1.01944	1	-0.00291	-0.00877	0.65675	0.00232	1	0.06371	-0.01394	0.66849	0.00239	1	1.45898	0.81042	0	
1253207	8452.59180	3305325511048	0.45634	0.18879	8452.48438	0.10059	11399	0	0.49363	0.13744	0	0.36649	0.10544	1	0.36649	0.10544	1	0.48697	0.53138	11.32885	1.01142	0	0.48718	0.53150	11.32591	1.01142	1	-0.00291	-0.00877	0.65675	0.00232	1	-0.00291	-0.00892	0.66839	0.00234	1	1.45898	0.81042	0	
1253208	8452.59863	3305325578136	0.42521	0.11603	8452.48438	0.10059	11399	0	0.49363	0.13744	0	0.39409	0.04328	1	0.39409	0.04328	1	0.48697	0.53138	11.32885	1.01142	0	0.48731	0.53145	11.90222	1.01908	1	-0.00291	-0.00877	0.65675	0.00232	1	-0.00291	-0.00892	0.66839	0.00233	1	1.45898	0.81042	0	
1253209	8452.60449	3305325644563	0.41570	0.09045	8452.48438	0.10059	11399	0	0.49363	0.13744	0	0.39667	0.03928	1	0.39667	0.03928	1	0.48697	0.53138	11.32885	1.01908	0	0.48733	0.53143	11.65072	1.02674	1	-0.00291	-0.00877	0.65675	0.00232	1	-0.00291	-0.00892	0.66839	0.00235	1	1.45898	0.81042	0	
1253210	8452.61133	3305325712132	0.39573	0.03775	8452.48438	0.10059	11399	0	0.49363	0.13744	0	0.39641	0.03068	1	0.39641	0.03068	1	0.48697	0.53138	11.32885	1.02674	0	0.48717	0.53144	11.81087	1.03440	1	-0.00291	-0.00877	0.65675	0.00232	1	-0.00291	-0.00892	0.66839	0.00232	1	1.45898	0.81042	0	
1253211	8452.61816	3305325776539	0.39077	0.04119	8452.48438	0.10059	11399	0	0.49363	0.13744	0	0.38582	0.04463	1	0.38582	0.04463	1	0.48697	0.53138	11.32885	1.03440	0	0.48721	0.53148	11.90145	1.03440	1	-0.00291	-0.00877	0.65675	0.00232	1	-0.00291	-0.00892	0.66839	0.00233	1	1.45898	0.81042	0	
1253212	8452.62500	3305325846071	0.38752	0.05445	8452.48438	0.10059	11399	0	0.49363	0.13744	0	0.38103	0.08096	1	0.38103	0.08096	1	0.48697	0.53138	11.32885	1.03440	0	0.48724	0.53143	11.91473	1.03440	1	-0.00291	-0.00877	0.65675	0.00232	1	-0.00291	-0.00892	0.66839	0.00230	1	1.45898	0.81042	0	
1253213	8452.63184	3305325912871	0.38590	0.06108	8452.61133	0.02051	11400	1	0.49363	0.13744	0	0.38103	0.08096	1	0.38103	0.08096	1	0.48697	0.53138	11.32885	1.03440	0	0.48730	0.53150	11.91519	1.03440	1	-0.00291	-0.00877	0.65675	0.00232	1	-0.00291	-0.00892	0.66839	0.00233	1	1.45898	0.81042	0	
1253214	8452.63867	3305325980061	0.38957	0.06654	8452.61133	0.02734	11400	1	0.49363	0.13744	0	0.40426	0.08840	1	0.40426	0.08840	1	0.48697	0.53138	11.32885	1.03440	0	0.48746	0.53160	11.82136	1.03440	1	-0.00291	-0.00877	0.65675	0.00232	1	-0.00291	-0.00892	0.66839	0.00229	1	1.45898	0.81042	0	
1253215	8452.64551	3305326047049	0.40658	0.10236	8452.61133	0.03418	11400	1	0.51201	0.14016	1	0.47120	0.42269	1	0.49161	0.28143	1	0.48732	0.53156	11.72486	1.03440	1	0.74868	0.55960	12.99321	1.03440	1	-0.00291	-0.00877	0.65675	0.00252	1	-0.00291	-0.00892	0.66839	0.00406	1	1.45898	0.81042	0	
1253216	8452.65137	3305326109565	0.41868	0.12693	8452.61133	0.04004	11400	1	0.51107	0.13210	1	0.47148	0.41665	1	0.49128	0.27438	1	0.48757	0.53160	11.35690	1.04242	1	0.74938	0.55938	12.28328	1.04242	1	-0.00291	-0.00892	0.66839	0.00239	1	0.06475	-0.01415	0.67884	0.00406	1	1.45898	0.81042	0	
1253217	8452.65820	3305326177620	0.42993	0.14086	8452.61133	0.04688	11400	1	0.50032	0.08354	1	0.51700	0.39325	1	0.50866	0.23839	1	0.48758	0.53162	11.42472	1.05043	1	0.74939	0.55939	12.29764	1.05043	1	-0.00291	-0.00892	0.66839	0.00238	1	0.06475	-0.01415	0.67884	0.00408	1	1.45898	0.81042	0	
1253218	8452.66504	3305326246472	0.43603	0.15093	8452.61133	0.05371	11400	1	0.49933	0.07515	1	0.47036	0.38775	1	0.48484	0.23145	1	0.48758	0.53162	11.42472	1.05845	1	0.74938	0.55945	12.27600	1.05845	1	-0.00291	-0.00892	0.66839	0.00238	1	0.06475	-0.01415	0.67884	0.00406	1	1.45898	0.81042	0	
1253219	8452.67188	3305326312799	0.44089	0.15792	8452.61133	0.06055	11400	1	0.49834	0.06677	1	0.47091	0.37492	1	0.48462	0.22084	1	0.48765	0.53193	11.90889	1.06647	1	0.74937	0.55951	12.19456	1.07515	1	-0.00284	-0.00902	0.67554	0.00245	1	0.06676	-0.01458	0.69938	0.00412	1	1.45898	0.81042	0	
1253220	8452.67773	3305326377266	0.44527	0.16260	8452.61133	0.06641	11400	1	0.51110	0.07495	1	0.46709	0.34378	1	0.48910	0.20936	1	0.48775	0.53180	11.78984	1.07515	1	0.74932	0.55907	12.07111	1.08383	1	-0.00284	-0.00902	0.67554	0.00240	1	0.06676	-0.01458	0.69938	0.00413	1	1.45898	0.81042	0	
1253221	8452.68457	3305326445650	0.44749	0.16558	8452.61133	0.07324	11400	1	0.47919	0.07153	1	0.46453	0.32537	1	0.47186	0.19845	1	0.48772	0.53171	11.93574	1.08383	1	0.74932	0.55907	12.07111	1.09251	1	-0.00284	-0.00902	0.67554	0.00239	1	0.06676	-0.01458	0.69938	0.00413	1	1.45898	0.81042	0	
1253222	8452.69141	3305326512544	0.44935	0.16833	8452.61133	0.08008	11400	1	0.47910	0.07085	1	0.46431	0.33180	1	0.47171	0.20132	1	0.48779	0.53161	11.76051	1.08449	1	0.74916	0.55969	12.46761	1.08449	1	-0.00276	-0.00895	0.67022	0.00242	1	0.06528	-0.01425	0.68341	0.00403	1	1.45898	0.81042	0	
1253223	8452.69922	3305326582883	0.45114	0.17289	8452.61133	0.08789	11400	1	0.49135	0.06827	1	0.45737	0.39586	1	0.47436	0.23206	1	0.48782	0.53167	11.77054	1.07648	1	0.74918	0.55964	12.49156	1.06779	1	-0.00276	-0.00895	0.67022	0.00245	1	0.06528	-0.01425	0.68341	0.00406	1	1.45898	0.81042	0	
1253224	8452.70508	3305326645516	0.46874	0.20902	8452.61133	0.08789	11400	0	0.48608	0.09396	1	0.45702	0.40843	1	0.47155	0.25120	1	0.48781	0.53179	11.83406	1.05978	1	0.74918	0.55964	12.49156	1.05110	1	-0.00276	-0.00895	0.67022	0.00233	1	0.06528	-0.01425	0.68341	0.00405	1	1.45898	0.81042	0	
1253225	8452.71191	3305326716485	0.47035	0.23542	8452.61133	0.08789	11400	0	0.48724	0.10288	1	0.45668	0.42074	1	0.47196	0.26181	1	0.48785	0.53169	11.79648	1.05110	1	0.74946	0.55992	12.42039	1.03476	1	-0.00280	-0.00923	0.69130	0.00233	1	0.06183	-0.01349	0.64677	0.00403	1	1.45898	0.81042	0	
1253226	8452.71875	3305326783869	0.47488	0.24066	8452.61133	0.08789	11400	0	0.49549	0.11340	1	0.47239	0.38891	1	0.48394	0.25115	1	0.48794	0.53168	11.81705	1.04277	1	0.74944	0.55927	12.38713	1.03511	1	-0.00280	-0.00923	0.69130	0.00234	1	0.06183	-0.01349	0.64677	0.00423	1	1.45898	0.81042	0	
1253227	8452.72559	3305326848611	0.47864	0.24799	8452.70508	0.02051	11401	1	0.50106	0.10791	1	0.47877	0.43202	1	0.48991	0.26997	1	0.48794	0.53175	11.87334	1.04313	1	0.74958	0.55968	12.32663	1.03547	1	-0.00280	-0.00923	0.69130	0.00234	1	0.06183	-0.01349	0.64677	0.00396	1	1.45898	0.81042	0	
1253228	8452.73242	3305326917704	0.48089	0.25232	8452.70508	0.02734	11401	1	0.50102	0.10754	1	0.47878	0.43175	1	0.48990	0.26965	1	0.48797	0.53150	11.79410	1.04349	1	0.74944	0.55965	12.26569	1.03583	1	-0.00280	-0.00923	0.69130	0.00231	1	0.06371	-0.01394	0.66642	0.00394	1	1.45898	0.81042	0	
1253229	8452.73926	3305326984734	0.48616	0.26526	8452.70508	0.03418	11401	1	0.54043	0.28894	1	0.48460	0.37095	1	0.51251	0.32994	1	0.48856	0.53382	11.24844	1.03583	1	0.74964	0.55904	12.23588	1.03583	1	-0.00280	-0.00923	0.69130	0.00408	1	0.06371	-0.01394	0.66642	0.00409	1	1.45898	0.81042	0	
1253230	8452.74512	3305327048539	0.48666	0.26252	8452.70508	0.04004	11401	1	0.49262	0.09851	1	0.48663	0.39366	1	0.48962	0.24608	1	0.48800	0.53149	11.85104	1.03583	1	0.74967	0.55941	12.18934	1.03583	1	-0.00280	-0.00923	0.69130	0.00234	1	0.06371	-0.01394	0.66642	0.00393	1	1.45898	0.81042	0	
1253231	8452.75195	3305327118612	0.48705	0.26009	8452.70508	0.04688	11401	1	0.49262	0.09851	1	0.48700	0.38768	1	0.48981	0.24309	1	0.48820	0.53143	11.75590	1.03583	1	0.74961	0.55916	12.13576	1.04349	1	-0.00280	-0.00923	0.69130	0.00242	1	0.06522	-0.01421	0.68171	0.00389	1	1.45898	0.81042	0	
1253232	8452.75879	3305327185662	0.48834	0.25907	8452.70508	0.05371	11401	1	0.51275	0.13448	1	0.48449	0.36738	1	0.49862	0.25093	1	0.48820	0.53152	12.09443	1.04349	1	0.74963	0.55925	12.01525	1.05115	1	-0.00280	-0.00923	0.69130	0.00239	1	0.06522	-0.01421	0.68171	0.00411	1	1.45898	0.81042	0	
1253233	8452.76562	3305327253206	0.49010	0.25999	8452.70508	0.06055	11401	1	0.52143	0.17420	1	0.49064	0.36230	1	0.50603	0.26825	1	0.48830	0.53159	12.12948	1.05115	1	0.74968	0.55910	12.10057	1.05881	1	-0.00280	-0.00923	0.69130	0.00243	1	0.06522	-0.01421	0.68171	0.00414	1	1.45898	0.81042	0	
1253234	8452.77246	3305327319422	0.49153	0.26013	8452.70508	0.06738	11401	1	0.52060	0.16687	1	0.49103	0.35622	1	0.50582	0.26154	1	0.48823	0.53144	11.64448	1.05881	1	0.74974	0.55945	13.28168	1.06647	1	-0.00280	-0.00923	0.69130	0.00244	1	0.06522	-0.01421	0.68171	0.00405	1	1.45898	0.81042	0	
1253235	8452.77930	3305327386535	0.49264	0.25989	8452.70508	0.07422	11401	1	0.50356	0.11946	1	0.50597	0.39494	1	0.50476	0.25720	1	0.48811	0.53139	11.50983	1.06647	1	0.75002	0.55947	12.45061	1.06647	1	-0.00280	-0.00923	0.69130	0.00238	1	0.06522	-0.01421	0.68171	0.00406	1	1.45898	0.81042	0	
1253236	8452.78613	3305327453674	0.49303	0.25914	8452.70508	0.08105	11401	1	0.51156	0.14132	1	0.48386	0.35896	1	0.49771	0.25014	1	0.48824	0.53143	11.65495	1.06647	1	0.74961	0.55912	12.64464	1.06647	1	-0.00280	-0.00923	0.69130	0.00245	1	0.06522	-0.01421	0.68171	0.00419	1	1.45898	0.81042	0	
1253237	8452.79199	3305327519697	0.49335	0.25768	8452.70508	0.08691	11401	1	0.51053	0.13246	1	0.48465	0.34491	1	0.49759	0.23869	1	0.48837	0.53128	11.72141	1.07555	1	0.74968	0.55915	12.85745	1.08423	1	-0.00278	-0.00928	0.69917	0.00241	1	0.06757	-0.01471	0.70563	0.00417	1	1.45898	0.81042	0	
1253238	8452.79883	3305327587622	0.49343	0.25534	8452.70508	0.09375	11401	1	0.48581	0.11401	1	0.50323	0.33135	1	0.49452	0.22268	1	0.48839	0.53138	11.65944	1.09332	1	0.74988	0.55921	12.90332	1.10200	1	-0.00278	-0.00928	0.69917	0.00234	1	0.06757	-0.01471	0.70563	0.00412	1	1.45898	0.81042	0	
1253239	8452.80566	3305327654254	0.49342	0.25226	8452.70508	0.10059	11401	1	0.49353	0.08086	1	0.49292	0.33112	1	0.49323	0.20599	1	0.48839	0.53124	11.79137	1.11108	1	0.75007	0.55936	12.10444	1.11977	1	-0.00278	-0.00928	0.69917	0.00241	1	0.06757	-0.01471	0.70563	0.00410	1	1.45898	0.81042	0	
1253240	8452.81250	3305327721531	0.49337	0.24861	8452.70508	0.10742	11401	1	0.49137	0.06324	1	0.49382	0.31729	1	0.49259	0.19027	1	0.48848	0.53111	11.98147	1.12885	1	0.75017	0.55853	12.11053	1.13753	1	-0.00278	-0.00923	0.69917	0.00231	1	0.06757	-0.01471	0.70563	0.00439	1	1.45898	0.81042	0	
1253241	8452.81934	3305327788044	0.49286	0.24340	8452.70508	0.11426	11401	1	0.49252	0.05481	1	0.47579	0.25484	1	0.48415	0.15483	1	0.48849	0.53131	11.81979	1.13753	1	0.75025	0.55869	12.08627	1.13753	1	-0.00278	-0.00923	0.69917	0.00238	1	0.06757	-0.01471	0.70563	0.00437	1	1.45898	0.81042	0	
1253242	8452.82617	3305327855277	0.49198	0.23921	8452.70508	0.12109	11401	1	0.48794	0.04618	1	0.46455	0.28153	1	0.47624	0.16385	1	0.48838	0.53106	12.15568	1.13753	1	0.75002	0.55897	12.61779	1.13753	1	-0.00278	-0.00923	0.69917	0.00234	1	0.06757	-0.01471	0.70563	0.00429	1	1.45898	0.81042	0	
1253243	8452.83301	3305327922540	0.49121	0.23603	8452.70508	0.12793	11401	1	0.48906	0.05526	1	0.46410	0.29588	1	0.47658	0.17557	1	0.48832	0.53103	12.01491	1.12845	1	0.75025	0.55927	12.26796	1.11977	1	-0.00265	-0.00901	0.67877	0.00240	1	0.06495	-0.01413	0.67783	0.00419	1	1.45898	0.81042	0	
1253244	8452.83984	3305327989561	0.49028	0.23389	8452.70508	0.13477	11401	1	0.46788	0.07233	1	0.47558	0.30960	1	0.47173	0.19097	1	0.48846	0.53108	11.88953	1.11068	1	0.75015	0.55884	11.93373	1.10200	1	-0.00265	-0.00901	0.67877	0.00250	1	0.06495	-0.01413	0.67783	0.00436	1	1.45898	0.81042	0	
1253245	8452.84570	3305328055999	0.49011	0.23367	8452.70508	0.14062	11401	1	0.49819	0.11554	1	0.47478	0.34289	1	0.48648	0.22921	1	0.48854	0.53127	11.63934	1.09291	1	0.75014	0.55915	12.20620	1.08423	1	-0.00265	-0.00901	0.67877	0.00238	1	0.06495	-0.01413	0.67783	0.00408	1	1.45898	0.81042	0	
1253246	8452.85254	3305328123405	0.49000	0.23447	8452.70508	0.14746	11401	1	0.50131	0.14070	1	0.47385	0.36331	1	0.48758	0.25200	1	0.48858	0.53122	11.80096	1.06713	1	0.75017	0.55875	12.07842	1.05845	1	-0.00251	-0.00871	0.65594	0.00235	1	0.06495	-0.01413	0.67783	0.00427	1	1.45898	0.81042	0	
1253247	8452.85938	3305328191340	0.48780	0.20911	8452.70508	0.14746	11401	0	0.50602	0.12231	1	0.48439	0.34785	1	0.49520	0.23508	1	0.48860	0.53116	11.85272	1.05043	1	0.75000	0.55898	12.23333	1.05043	1	-0.00251	-0.00871	0.65594	0.00241	1	0.06495	-0.01413	0.67783	0.00437	1	1.45898	0.81042	0	
1253248	8452.86621	3305328257096	0.48565	0.22026	8452.70508	0.14746	11401	0	0.50684	0.14996	1	0.46014	0.31286	1	0.48349	0.23141	1	0.48854	0.53123	11.73340	1.04242	1	0.74999	0.55850	12.59346	1.04242	1	-0.00251	-0.00871	0.65594	0.00238	1	0.06495	-0.01413	0.67783	0.00446	1	1.45898	0.81042	0	
1253249	8452.87305	3305328324021	0.48509	0.22520	8452.70508	0.14746	11401	0	0.50781	0.15790	1	0.46016	0.31229	1	0.48398	0.23509	1	0.48850	0.53114	11.98551	1.03440	1	0.75004	0.55847	12.32487	1.04308	1	-0.00251	-0.00871	0.65594	0.00235	1	0.06757	-0.01471	0.70563	0.00446	1	1.45898	0.81042	0	
1253250	8452.87988	3305328389865	0.48429	0.22592	8452.85938	0.02051	11402	1	0.50092	0.12994	1	0.46285	0.32618	1	0.48189	0.22806	1	0.48839	0.53107	11.99742	1.04308	1	0.75002	0.55796	12.18559	1.05176	1	-0.00251	-0.00871	0.65594	0.00245	1	0.06757	-0.01471	0.70563	0.00456	1	1.45898	0.81042	0	
1253251	8452.88672	3305328458160	0.48578	0.22617	8452.85938	0.02734	11402	1	0.49807	0.11874	1	0.48537	0.33558	1	0.49172	0.22716	1	0.48851	0.53104	11.85323	1.05176	1	0.75035	0.55837	11.96834	1.06044	1	-0.00251	-0.00871	0.65594	0.00230	1	0.06757	-0.01471	0.70563	0.00435	1	1.45898	0.81042	0	
1253252	8452.89258	3305328525269	0.48666	0.22379	8452.85938	0.03320	11402	1	0.49598	0.10185	1	0.48614	0.32193	1	0.49106	0.21189	1	0.48851	0.53094	11.84043	1.06846	1	0.75035	0.55860	11.91322	1.07714	1	-0.00265	-0.00901	0.67877	0.00240	1	0.06757	-0.01471	0.70563	0.00428	1	1.45898	0.81042	0	
1253253	8452.89941	3305328592780	0.48804	0.22204	8452.85938	0.04004	11402	1	0.49615	0.07037	1	0.49647	0.35274	1	0.49631	0.21155	1	0.48839	0.53090	12.30477	1.08516	1	0.75019	0.55876	12.10843	1.08516	1	-0.00265	-0.00901	0.67877	0.00240	1	0.06757	-0.01471	0.70563	0.00418	1	1.45898	0.81042	0	
1253254	8452.90625	3305328659743	0.48829	0.21650	8452.85938	0.04688	11402	1	0.50029	0.08631	1	0.47985	0.26910	1	0.49007	0.17771	1	0.48854	0.53100	12.08586	1.09317	1	0.74995	0.55797	12.55236	1.09317	1	-0.00265	-0.00901	0.67877	0.00240	1	0.06757	-0.01471	0.70563	0.00420	1	1.45898	0.81042	0	
1253255	8452.91309	3305328726212	0.48841	0.21043	8452.85938	0.05371	11402	1	0.49826	0.06916	1	0.48054	0.25451	1	0.48940	0.16184	1	0.48842	0.53087	11.89821	1.11027	1	0.74964	0.55845	12.86385	1.11027	1	-0.00278	-0.00923	0.69917	0.00244	1	0.06757	-0.01471	0.70563	0.00437	1	1.45898	0.81042	0	
1253256	8452.91992	3305328793182	0.48804	0.20446	8452.85938	0.06055	11402	1	0.49625	0.06416	1	0.47312	0.23732	1	0.48468	0.15074	1	0.48844	0.53111	11.97802	1.11936	1	0.74983	0.55788	12.50181	1.11936	1	-0.00278	-0.00923	0.69917	0.00242	1	0.06757	-0.01471	0.70563	0.00456	1	1.45898	0.81042	0	
1253257	8452.92676	3305328858351	0.48817	0.20086	8452.85938	0.06738	11402	1	0.48521	0.02799	1	0.49365	0.30191	1	0.48943	0.16495	1	0.48838	0.53091	12.01526	1.12845	1	0.74971	0.55859	12.82321	1.12845	1	-0.00278	-0.00923	0.69917	0.00246	1	0.06757	-0.01471	0.70563	0.00418	1	1.45898	0.81042	0	
1253258	8452.93359	3305328927652	0.48824	0.19718	8452.85938	0.07422	11402	1	0.48407	0.01868	1	0.49411	0.29465	1	0.48909	0.15667	1	0.48843	0.53091	12.01532	1.13753	1	0.74963	0.55853	13.03000	1.13753	1	-0.00278	-0.00912	0.69917	0.00243	1	0.06757	-0.01471	0.70563	0.00422	1	1.45898	0.81042	0	
1253259	8452.93945	3305328994138	0.48875	0.19548	8452.85938	0.08008	11402	1	0.51314	0.02191	1	0.47661	0.32818	1	0.49487	0.17505	1	0.48842	0.53087	11.89821	1.13753	1	0.74952	0.55901	13.26637	1.13753	1	-0.00278	-0.00912	0.69917	0.00244	1	0.06757	-0.01471	0.70563	0.00401	1	1.45898	0.81042	0	
1253260	8452.94629	3305329059483	0.48915	0.19968	8452.85938	0.08691	11402	1	0.50063	0.23086	1	0.48807	0.27776	1	0.49435	0.25431	1	0.48807	0.53323	11.53604	1.13753	1	0.74954	0.55841	12.99019	1.13753	1	-0.00278	-0.00912	0.69917	0.00390	1	0.06757	-0.01471	0.70563	0.00435	1	1.45898	0.81042	0	
1253261	8452.95312	3305329128198	0.48951	0.20406	8452.85938	0.09375	11402	1	0.50168	0.23845	1	0.48726	0.29220	1	0.49447	0.26533	1	0.48819	0.53093	12.12805	1.12845	1	0.74971	0.55793	12.93704	1.11977	1	-0.00280	-0.00907	0.69130	0.00229	1	0.06522	-0.01421	0.68171	0.00449	1	1.45898	0.81042	0	
1253262	8452.95996	3305329194157	0.48981	0.20196	8452.85938	0.10059	11402	1	0.49862	0.04616	1	0.49018	0.29474	1	0.49440	0.17045	1	0.48812	0.53085	12.13485	1.11068	1	0.74971	0.55826	12.90864	1.10200	1	-0.00280	-0.00907	0.69130	0.00237	1	0.06522	-0.01421	0.68171	0.00440	1	1.45898	0.81042	0	
1253263	8452.96680	3305329262447	0.49005	0.20075	8452.85938	0.10742	11402	1	0.49443	0.06470	1	0.49332	0.29806	1	0.49387	0.18138	1	0.48805	0.53089	12.08721	1.09291	1	0.74970	0.55808	12.83017	1.08423	1	-0.00280	-0.00907	0.69130	0.00242	1	0.06522	-0.01421	0.68171	0.00457	1	1.45898	0.81042	0	
1253264	8452.97363	3305329327080	0.49030	0.20059	8452.85938	0.11426	11402	1	0.49662	0.08287	1	0.49239	0.31289	1	0.49451	0.19788	1	0.48803	0.53086	11.95892	1.07515	1	0.74954	0.55911	13.26980	1.06647	1	-0.00280	-0.00913	0.69130	0.00244	1	0.06522	-0.01421	0.68171	0.00411	1	1.45898	0.81042	0	
1253265	8452.98047	3305329396604	0.49078	0.20222	8452.85938	0.12109	11402	1	0.49770	0.09175	1	0.50099	0.37160	1	0.49934	0.23167	1	0.48805	0.53089	12.08721	1.06647	1	0.74983	0.55896	12.93435	1.06647	1	-0.00280	-0.00913	0.69130	0.00242	1	0.06522	-0.01421	0.68171	0.00404	1	1.45898	0.81042	0	
1253266	8452.98633	3305329460605	0.49104	0.20381	8452.85938	0.12695	11402	1	0.50658	0.09026	1	0.48563	0.37761	1	0.49610	0.23393	1	0.48807	0.53083	12.03042	1.06647	1	0.74966	0.55902	13.25853	1.06647	1	-0.00280	-0.00913	0.69130	0.00236	1	0.06522	-0.01421	0.68171	0.00402	1	1.45898	0.81042	0	
1253267	8452.99316	3305329530159	0.49127	0.20538	8452.85938	0.13379	11402	1	0.50658	0.09026	1	0.48527	0.38353	1	0.49593	0.23690	1	0.48791	0.53092	12.14301	1.06647	1	0.74973	0.55911	13.11424	1.05881	1	-0.00280	-0.00913	0.69130	0.00238	1	0.06183	-0.01349	0.64677	0.00392	1	1.45898	0.81042	0	
1253268	8453.00000	3305329597031	0.49109	0.20713	8452.85938	0.14062	11402	1	0.50458	0.10386	1	0.46963	0.38357	1	0.48710	0.24372	1	0.48798	0.53104	11.72435	1.05881	1	0.74937	0.55869	12.18258	1.05115	1	-0.00280	-0.00913	0.69130	0.00242	1	0.06183	-0.01349	0.64677	0.00443	1	1.45898	0.81042	0	
1253269	8453.00684	3305329663978	0.49154	0.20804	8452.85938	0.14746	11402	1	0.50190	0.12641	1	0.50122	0.32977	1	0.50156	0.22809	1	0.48792	0.53104	11.78825	1.05115	1	0.74988	0.55814	12.49287	1.04349	1	-0.00280	-0.00913	0.69130	0.00241	1	0.06183	-0.01349	0.64677	0.00446	1	1.45898	0.81042	0	
1253270	8453.01367	3305329731044	0.49192	0.21338	8452.85938	0.15430	11402	1	0.50190	0.12641	0	0.50074	0.33619	1	0.50074	0.33619	1	0.48792	0.53104	11.78825	1.04349	0	0.48767	0.53110	11.95430	1.03583	1	-0.00280	-0.00913	0.69130	0.00241	1	-0.00276	-0.00890	0.67023	0.00243	1	1.45898	0.81042	0	
1253271	8453.02051	3305329796121	0.48800	0.20785	8452.85938	0.16113	11402	1	0.50190	0.12641	0	0.39385	0.07510	1	0.39385	0.07510	1	0.48792	0.53104	11.78825	1.03583	0	0.48772	0.53094	12.19132	1.03583	1	-0.00280	-0.00913	0.69130	0.00241	1	-0.00276	-0.00890	0.67023	0.00244	1	1.45898	0.81042	0	
1253272	8453.02734	3305329864885	0.48408	0.20286	8452.85938	0.16797	11402	1	0.50190	0.12641	0	0.38598	0.07828	1	0.38598	0.07828	1	0.48792	0.53104	11.78825	1.03583	0	0.48773	0.53098	12.21091	1.03583	1	-0.00280	-0.00913	0.69130	0.00241	1	-0.00276	-0.00890	0.67023	0.00244	1	1.45898	0.81042	0	
1253273	8453.03320	3305329931611	0.48042	0.19760	8452.85938	0.17383	11402	1	0.50190	0.12641	0	0.38526	0.06074	1	0.38526	0.06074	1	0.48792	0.53104	11.78825	1.03583	0	0.48759	0.53116	12.10814	1.05217	1	-0.00280	-0.00913	0.69130	0.00241	1	-0.00302	-0.00933	0.70720	0.00241	1	1.45898	0.81042	0	
1253274	8453.04004	3305329998902	0.47770	0.19295	8452.85938	0.18066	11402	1	0.50190	0.12641	0	0.40444	0.06739	1	0.40444	0.06739	1	0.48792	0.53104	11.78825	1.05217	0	0.48754	0.53124	12.24910	1.06851	1	-0.00280	-0.00913	0.69130	0.00241	1	-0.00302	-0.00933	0.70720	0.00234	1	1.45898	0.81042	0	
1253275	8453.04688	3305330065963	0.45357	0.17062	8452.85938	0.18066	11402	0	0.50190	0.12641	0	0.39805	0.05754	1	0.39805	0.05754	1	0.48792	0.53104	11.78825	1.06851	0	0.48753	0.53117	12.12628	1.08485	1	-0.00280	-0.00913	0.69130	0.00241	1	-0.00302	-0.00933	0.70720	0.00236	1	1.45898	0.81042	0	
1253276	8453.05371	3305330131257	0.42569	0.11007	8452.85938	0.18066	11402	0	0.50190	0.12641	0	0.39781	0.04953	1	0.39781	0.04953	1	0.48792	0.53104	11.78825	1.08485	0	0.48729	0.53113	12.10285	1.09251	1	-0.00280	-0.00913	0.69130	0.00241	1	-0.00291	-0.00887	0.66839	0.00238	1	1.45898	0.81042	0	
1253277	8453.06055	3305330198267	0.40850	0.09261	8452.85938	0.18066	11402	0	0.50190	0.12641	0	0.37413	0.05769	1	0.37413	0.05769	1	0.48792	0.53104	11.78825	1.09251	0	0.48718	0.53120	12.06002	1.08383	1	-0.00280	-0.00913	0.69130	0.00241	1	-0.00291	-0.00887	0.66839	0.00245	1	1.45898	0.81042	0	
1253278	8453.06641	3305330263451	0.38484	0.06136	8452.85938	0.18066	11402	0	0.50190	0.12641	0	0.38258	0.07687	1	0.38258	0.07687	1	0.48792	0.53104	11.78825	1.08383	0	0.48723	0.53122	12.04938	1.07515	1	-0.00280	-0.00913	0.69130	0.00241	1	-0.00291	-0.00887	0.66839	0.00241	1	1.45898	0.81042	0	
1253279	8453.07324	3305330330847	0.38408	0.07758	8452.85938	0.18066	11402	0	0.50190	0.12641	0	0.38332	0.09379	1	0.38332	0.09379	1	0.48792	0.53104	11.78825	1.07515	0	0.48695	0.53136	12.08277	1.05881	1	-0.00280	-0.00913	0.69130	0.00241	1	-0.00293	-0.00878	0.66149	0.00244	1	1.45898	0.81042	0	
1253280	8453.08008	3305330397440	0.42059	0.13021	8452.85938	0.18066	11402	0	0.51556	0.13287	1	0.47165	0.33809	1	0.49360	0.23548	1	0.48706	0.53130	12.20511	1.05881	1	0.74866	0.55822	12.20108	1.05115	1	-0.00280	-0.00913	0.69130	0.00249	1	-0.00293	-0.00878	0.66149	0.00444	1	1.45898	0.81042	0	
1253281	8453.08691	3305330464614	0.45615	0.19070	8452.85938	0.18066	11402	0	0.50817	0.16112	1	0.47492	0.32453	1	0.49154	0.24282	1	0.48695	0.53144	12.29951	1.05115	1	0.74860	0.55816	12.21985	1.04349	1	-0.00280	-0.00913	0.69130	0.00242	1	-0.00293	-0.00878	0.66149	0.00437	1	1.45898	0.81042	0	
1253282	8453.09375	3305330535544	0.47407	0.21862	8452.85938	0.18066	11402	0	0.50907	0.16855	1	0.47492	0.32453	1	0.49199	0.24654	1	0.48678	0.53141	12.12115	1.04349	1	0.74814	0.55894	13.14470	1.04349	1	-0.00315	-0.00905	0.67757	0.00243	1	0.06556	-0.01435	0.68848	0.00409	1	1.45898	0.81042	0	
1253283	8453.10059	3305330601901	0.48425	0.23018	8452.85938	0.18066	11402	0	0.51822	0.15650	1	0.49097	0.35009	1	0.50459	0.25330	1	0.48674	0.53131	11.80729	1.04349	1	0.74817	0.55830	12.89809	1.05115	1	-0.00315	-0.00905	0.67757	0.00247	1	0.06556	-0.01435	0.68848	0.00430	1	1.45898	0.81042	0	
1253284	8453.10742	3305330669701	0.48770	0.23876	8453.08691	0.02051	11403	1	0.51183	0.14789	1	0.48425	0.38111	1	0.49804	0.26450	1	0.48672	0.53137	11.66548	1.05115	1	0.74808	0.55896	12.96497	1.05881	1	-0.00315	-0.00905	0.67757	0.00248	1	0.06556	-0.01435	0.68848	0.00406	1	1.45898	0.81042	0	
1253285	8453.11426	3305330734865	0.48971	0.24256	8453.08691	0.02734	11403	1	0.51095	0.14036	1	0.48460	0.37517	1	0.49777	0.25776	1	0.48660	0.53144	11.93368	1.05881	1	0.74769	0.55935	13.65744	1.06647	1	-0.00315	-0.00905	0.67757	0.00246	1	0.06380	-0.01399	0.67107	0.00421	1	1.45898	0.81042	0	
1253286	8453.12109	3305330802491	0.49107	0.24586	8453.08691	0.03418	11403	1	0.49661	0.12478	1	0.49917	0.39991	1	0.49789	0.26234	1	0.48648	0.53163	12.39086	1.06647	1	0.74828	0.55898	12.95146	1.06647	1	-0.00315	-0.00905	0.67757	0.00251	1	0.06380	-0.01399	0.67107	0.00397	1	1.45898	0.81042	0	
1253287	8453.12695	3305330868688	0.49284	0.24701	8453.08691	0.04004	11403	1	0.50676	0.11651	1	0.50011	0.39140	1	0.50343	0.25396	1	0.48655	0.53164	12.32538	1.06647	1	0.74828	0.55894	12.98938	1.06647	1	-0.00315	-0.00905	0.67757	0.00250	1	0.06380	-0.01399	0.67107	0.00401	1	1.45898	0.81042	0	
1253288	8453.13379	3305330937269	0.49414	0.24825	8453.08691	0.04688	11403	1	0.50676	0.11651	1	0.49965	0.39724	1	0.50321	0.25687	1	0.48644	0.53179	12.33613	1.06647	1	0.74738	0.55949	13.55210	1.05881	1	-0.00315	-0.00905	0.67757	0.00246	1	0.06204	-0.01362	0.65310	0.00404	1	1.45898	0.81042	0	
1253289	8453.14062	3305331003608	0.49279	0.24818	8453.08691	0.05371	11403	1	0.49094	0.09524	1	0.47311	0.40013	1	0.48203	0.24769	1	0.48636	0.53172	12.07942	1.05881	1	0.74792	0.55949	12.55336	1.05115	1	-0.00315	-0.00905	0.67757	0.00256	1	0.06204	-0.01362	0.65310	0.00403	1	1.45898	0.81042	0	
1253290	8453.14746	3305331069111	0.49183	0.24625	8453.08691	0.06055	11403	1	0.49160	0.14399	1	0.47471	0.31367	1	0.48316	0.22883	1	0.48662	0.53212	11.92457	1.05115	1	0.74783	0.55899	12.32207	1.04349	1	-0.00315	-0.00905	0.67757	0.00251	1	0.06204	-0.01362	0.65310	0.00437	1	1.45898	0.81042	0	
1253291	8453.15430	3305331137675	0.49108	0.24501	8453.08691	0.06738	11403	1	0.49260	0.15156	1	0.47471	0.31367	1	0.48366	0.23262	1	0.48783	0.53662	12.09116	1.04349	1	0.74927	0.56113	12.61620	1.04349	1	-0.00291	-0.00927	0.66839	0.00346	1	0.06556	-0.01466	0.68848	0.00359	1	1.45898	0.81042	0	
1253292	8453.16113	3305331204660	0.49373	0.25831	8453.08691	0.07422	11403	1	0.52506	0.40439	1	0.52049	0.40479	1	0.52277	0.40459	1	0.48822	0.53686	11.37760	1.04349	1	0.74947	0.56150	11.98489	1.05115	1	-0.00291	-0.00927	0.66839	0.00363	1	0.06556	-0.01466	0.68848	0.00397	1	1.45898	0.81042	0	
1253293	8453.16797	3305331272185	0.49668	0.26885	8453.08691	0.08105	11403	1	0.55087	0.38965	1	0.51338	0.40118	1	0.53213	0.39541	1	0.48870	0.53762	11.95303	1.05115	1	0.74931	0.56194	12.27526	1.05881	1	-0.00291	-0.00927	0.66839	0.00365	1	0.06556	-0.01466	0.68848	0.00397	1	1.45898	0.81042	0	
1253294	8453.17480	3305331338443	0.49919	0.27812	8453.08691	0.08789	11403	1	0.55090	0.38992	1	0.51281	0.40726	1	0.53186	0.39859	1	0.48979	0.53973	12.04597	1.05079	1	0.74995	0.56495	12.68728	1.05079	1	-0.00250	-0.00953	0.65493	0.00319	1	0.06207	-0.01424	0.65029	0.00332	1	1.45898	0.81042	0	
1253295	8453.18066	3305331405518	0.50563	0.29906	8453.08691	0.09375	11403	1	0.61820	0.59669	1	0.57345	0.58779	1	0.59582	0.59224	1	0.49026	0.54042	11.95755	1.04277	1	0.75080	0.56492	12.51832	1.03511	1	-0.00250	-0.00953	0.65493	0.00330	1	0.06207	-0.01424	0.65029	0.00328	1	1.45898	0.81042	0	
1253296	8453.18750	3305331472631	0.51866	0.34190	8453.08691	0.09375	11403	0	0.60227	0.54162	1	0.57802	0.60223	1	0.59015	0.57192	1	0.49018	0.54069	12.12940	1.02710	1	0.75061	0.56541	12.94173	1.01944	1	-0.00250	-0.00953	0.65493	0.00323	1	0.06207	-0.01424	0.65029	0.00347	1	1.45898	0.81042	0	
1253297	8453.19434	3305331537573	0.55448	0.45809	8453.08691	0.09375	11403	0	0.60259	0.54635	1	0.57802	0.60223	1	0.59031	0.57429	1	0.49026	0.54104	12.46237	1.01944	1	0.75031	0.56665	13.93781	1.01944	1	-0.00265	-0.00997	0.67840	0.00303	1	0.06551	-0.01530	0.68689	0.00319	1	1.45898	0.81042	0	
1253298	8453.20117	3305331605978	0.57024	0.52407	8453.08691	0.09375	11403	0	0.63333	0.63624	1	0.57019	0.67579	1	0.60176	0.65601	1	0.49014	0.54130	12.44200	1.02746	1	0.75044	0.56674	13.46347	1.03511	1	-0.00265	-0.00997	0.67840	0.00302	1	0.06551	-0.01530	0.68689	0.00321	1	1.45898	0.81042	0	
1253299	8453.20801	3305331673727	0.59498	0.62651	8453.08691	0.09375	11403	0	0.62500	0.63254	1	0.56074	0.66595	1	0.59287	0.64924	1	0.49000	0.54132	12.42758	1.04313	1	0.75059	0.56677	13.47516	1.05079	1	-0.00265	-0.00997	0.67840	0.00300	1	0.06551	-0.01530	0.68689	0.00321	1	1.45898	0.81042	0	
1253300	8453.21484	3305331740536	0.59431	0.63382	8453.08691	0.09375	11403	0	0.62469	0.62438	1	0.56258	0.65789	1	0.59363	0.64114	1	0.49000	0.54137	12.21627	1.05881	1	0.75058	0.56674	13.14768	1.06647	1	-0.00265	-0.00997	0.67840	0.00298	1	0.06551	-0.01530	0.68689	0.00314	1	1.45898	0.81042	0	
1253301	8453.22070	3305331805792	0.59522	0.62887	8453.08691	0.09375	11403	0	0.63233	0.57382	1	0.56174	0.66407	1	0.59704	0.61895	1	0.49008	0.54097	12.06783	1.06647	1	0.75058	0.56689	13.62357	1.06647	1	-0.00265	-0.00997	0.67840	0.00317	1	0.06551	-0.01530	0.68689	0.00307	1	1.45898	0.81042	0	
1253302	8453.22754	3305331873033	0.59550	0.63218	8453.20801	0.01953	11404	1	0.63074	0.62755	1	0.56193	0.65669	1	0.59633	0.64212	1	0.49000	0.54137	12.18044	1.06647	1	0.75057	0.56680	13.24742	1.06647	1	-0.00265	-0.00997	0.67840	0.00299	1	0.06551	-0.01530	0.68689	0.00308	1	1.45898	0.81042	0	
1253303	8453.23438	3305331941244	0.59558	0.63499	8453.20801	0.02637	11404	1	0.63086	0.63167	1	0.56099	0.66083	1	0.59593	0.64625	1	0.48964	0.54120	11.21264	1.05845	1	0.75047	0.56682	13.34403	1.05845	1	-0.00264	-0.00982	0.66457	0.00301	1	0.06551	-0.01530	0.68689	0.00310	1	1.45898	0.81042	0	
1253304	8453.24121	3305332007754	0.59614	0.62934	8453.20801	0.03320	11404	1	0.63442	0.53982	1	0.56340	0.66237	1	0.59891	0.60109	1	0.48990	0.54109	11.70863	1.05043	1	0.75029	0.56681	13.42229	1.05043	1	-0.00264	-0.00982	0.66457	0.00307	1	0.06551	-0.01530	0.68689	0.00318	1	1.45898	0.81042	0	
1253305	8453.24805	3305332074928	0.59878	0.62883	8453.20801	0.04004	11404	1	0.65239	0.57325	1	0.57686	0.67820	1	0.61463	0.62573	1	0.49009	0.54143	12.16389	1.04242	1	0.75051	0.56681	13.32219	1.04242	1	-0.00264	-0.00982	0.66457	0.00295	1	0.06551	-0.01530	0.68689	0.00323	1	1.45898	0.81042	0	
1253306	8453.25488	3305332143417	0.60076	0.62844	8453.20801	0.04688	11404	1	0.65239	0.57325	1	0.57686	0.67820	1	0.61463	0.62573	1	0.48954	0.54155	11.84748	1.04242	1	0.75039	0.56683	13.49339	1.04242	1	-0.00276	-0.01012	0.68141	0.00295	1	0.06551	-0.01530	0.68689	0.00320	1	1.45898	0.81042	0	
1253307	8453.26172	3305332210218	0.59878	0.63171	8453.20801	0.05371	11404	1	0.60708	0.62523	1	0.55874	0.69058	1	0.58291	0.65790	1	0.48939	0.54162	12.07195	1.05043	1	0.75027	0.56692	13.89907	1.05043	1	-0.00276	-0.01012	0.68141	0.00294	1	0.06551	-0.01530	0.68689	0.00311	1	1.45898	0.81042	0	
1253308	8453.26758	3305332274284	0.59909	0.62766	8453.20801	0.05957	11404	1	0.63717	0.53723	1	0.56664	0.64514	1	0.60190	0.59119	1	0.48982	0.54125	11.25999	1.05845	1	0.75028	0.56677	13.36127	1.05845	1	-0.00276	-0.01012	0.68141	0.00301	1	0.06551	-0.01530	0.68689	0.00321	1	1.45898	0.81042	0	
1253309	8453.27441	3305332340256	0.59939	0.62393	8453.20801	0.06641	11404	1	0.63709	0.53240	1	0.56761	0.64089	1	0.60235	0.58665	1	0.48923	0.54163	12.30589	1.06647	1	0.75033	0.56676	13.50084	1.06647	1	-0.00276	-0.01012	0.68141	0.00299	1	0.06551	-0.01530	0.68689	0.00324	1	1.45898	0.81042	0	
1253310	8453.28125	3305332407175	0.59839	0.62365	8453.20801	0.07324	11404	1	0.59734	0.58729	1	0.57748	0.65384	1	0.58741	0.62057	1	0.48918	0.54157	12.48124	1.06647	1	0.75046	0.56676	13.62032	1.06647	1	-0.00276	-0.01012	0.68141	0.00297	1	0.06551	-0.01530	0.68689	0.00319	1	1.45898	0.81042	0	
1253311	8453.28809	3305332474879	0.59735	0.62328	8453.20801	0.08008	11404	1	0.60610	0.58686	1	0.56373	0.65083	1	0.58492	0.61884	1	0.48929	0.54154	12.18181	1.06647	1	0.75025	0.56673	13.68678	1.06647	1	-0.00276	-0.01012	0.68141	0.00296	1	0.06551	-0.01530	0.68689	0.00318	1	1.45898	0.81042	0	
1253312	8453.29492	3305332544057	0.59643	0.62311	8453.20801	0.08691	11404	1	0.60610	0.58686	1	0.56283	0.65482	1	0.58446	0.62084	1	0.48911	0.54159	12.65365	1.06647	1	0.75033	0.56676	13.50084	1.05881	1	-0.00276	-0.01012	0.68141	0.00297	1	0.06371	-0.01489	0.66849	0.00324	1	1.45898	0.81042	0	
1253313	8453.30176	3305332611066	0.59631	0.62416	8453.20801	0.09375	11404	1	0.62691	0.59818	1	0.56243	0.67954	1	0.59467	0.63886	1	0.48928	0.54148	12.50426	1.05881	1	0.75034	0.56690	13.80465	1.05115	1	-0.00276	-0.01012	0.68141	0.00306	1	0.06371	-0.01489	0.66849	0.00313	1	1.45898	0.81042	0	
1253314	8453.30859	3305332676845	0.59440	0.62610	8453.20801	0.10059	11404	1	0.59459	0.63458	1	0.53691	0.67598	1	0.56575	0.65528	1	0.48913	0.54155	12.62727	1.05115	1	0.74992	0.56692	13.41866	1.04349	1	-0.00276	-0.01012	0.68141	0.00298	1	0.06371	-0.01489	0.66849	0.00327	1	1.45898	0.81042	0	
1253315	8453.31543	3305332745072	0.59273	0.62794	8453.20801	0.10742	11404	1	0.59495	0.63853	1	0.53691	0.67598	1	0.56593	0.65726	1	0.48931	0.54151	12.71717	1.04349	1	0.75007	0.56696	13.45952	1.04349	1	-0.00278	-0.01013	0.68588	0.00292	1	0.06551	-0.01530	0.68689	0.00323	1	1.45898	0.81042	0	
1253316	8453.32129	3305332809355	0.59361	0.62839	8453.20801	0.11328	11404	1	0.65163	0.61049	1	0.56555	0.66185	1	0.60859	0.63617	1	0.48961	0.54130	12.66611	1.04349	1	0.75034	0.56674	12.85787	1.05115	1	-0.00278	-0.01013	0.68588	0.00291	1	0.06551	-0.01530	0.68689	0.00333	1	1.45898	0.81042	0	
1253317	8453.32812	3305332878675	0.59440	0.62917	8453.20801	0.12012	11404	1	0.64077	0.60729	1	0.57640	0.67907	1	0.60858	0.64318	1	0.48946	0.54144	12.11697	1.05115	1	0.75045	0.56684	13.23049	1.05881	1	-0.00278	-0.01013	0.68588	0.00292	1	0.06551	-0.01530	0.68689	0.00320	1	1.45898	0.81042	0	
1253318	8453.33496	3305332945678	0.59511	0.62977	8453.20801	0.12695	11404	1	0.64072	0.60316	1	0.57640	0.67907	1	0.60856	0.64111	1	0.48866	0.54156	12.13983	1.05881	1	0.74990	0.56673	13.37367	1.05881	1	-0.00287	-0.01014	0.68291	0.00296	1	0.06371	-0.01484	0.66849	0.00303	1	1.45898	0.81042	0	
1253319	8453.34180	3305333012047	0.59450	0.63003	8453.20801	0.13379	11404	1	0.60489	0.57194	1	0.55998	0.69847	1	0.58243	0.63520	1	0.48838	0.54130	12.05291	1.05881	1	0.74987	0.56704	13.36863	1.05115	1	-0.00287	-0.01014	0.68291	0.00291	1	0.06371	-0.01484	0.66849	0.00315	1	1.45898	0.81042	0	
1253320	8453.34863	3305333079985	0.59392	0.63006	8453.20801	0.14062	11404	1	0.60540	0.56677	1	0.55817	0.69469	1	0.58179	0.63073	1	0.48848	0.54119	12.06694	1.05115	1	0.74988	0.56707	13.33431	1.04349	1	-0.00287	-0.01014	0.68291	0.00297	1	0.06371	-0.01484	0.66849	0.00316	1	1.45898	0.81042	0	
1253321	8453.35547	3305333147179	0.59342	0.62997	8453.20801	0.14746	11404	1	0.60535	0.56594	1	0.55922	0.69024	1	0.58228	0.62809	1	0.48861	0.54115	12.16713	1.05257	1	0.74991	0.56705	13.43167	1.05257	1	-0.00298	-0.01034	0.69608	0.00308	1	0.06556	-0.01528	0.68848	0.00315	1	1.45898	0.81042	0	
1253322	8453.36133	3305333211772	0.59233	0.62819	8453.20801	0.15332	11404	1	0.57886	0.49006	1	0.55571	0.68437	1	0.56729	0.58722	1	0.48856	0.54058	11.88717	1.06166	1	0.74977	0.56699	13.44624	1.06932	1	-0.00298	-0.01034	0.69608	0.00321	1	0.06556	-0.01528	0.68848	0.00309	1	1.45898	0.81042	0	
1253323	8453.36816	3305333281415	0.59150	0.62794	8453.20801	0.16016	11404	1	0.58206	0.57201	1	0.56130	0.67172	1	0.57168	0.62186	1	0.48851	0.54091	11.89775	1.07841	1	0.74983	0.56694	13.38902	1.08606	1	-0.00298	-0.01034	0.69608	0.00312	1	0.06556	-0.01528	0.68848	0.00311	1	1.45898	0.81042	0	
1253324	8453.37500	3305333349198	0.59072	0.62778	8453.20801	0.16699	11404	1	0.58208	0.57221	1	0.56039	0.67566	1	0.57123	0.62394	1	0.48856	0.54155	12.32007	1.07805	1	0.74964	0.56670	13.04224	1.07805	1	-0.00285	-0.00989	0.66574	0.00291	1	0.06371	-0.01484	0.66849	0.00313	1	1.45898	0.81042	0	
1253325	8453.38184	3305333415819	0.58997	0.62822	8453.20801	0.17383	11404	1	0.58729	0.60234	1	0.55332	0.67660	1	0.57030	0.63947	1	0.48862	0.54122	12.08317	1.06095	1	0.74973	0.56681	13.33269	1.05329	1	-0.00285	-0.00989	0.66574	0.00308	1	0.06371	-0.01484	0.66849	0.00316	1	1.45898	0.81042	0	
1253326	8453.38867	3305333482121	0.58928	0.62971	8453.20801	0.18066	11404	1	0.59644	0.66143	1	0.54514	0.67873	1	0.57079	0.67008	1	0.48857	0.54152	12.30162	1.03618	1	0.74967	0.56669	13.11187	1.02852	1	-0.00285	-0.00989	0.66574	0.00292	1	0.06371	-0.01484	0.66849	0.00317	1	1.45898	0.81042	0	
1253327	8453.39551	3305333547073	0.58862	0.63154	8453.20801	0.18750	11404	1	0.59757	0.67374	1	0.54254	0.69141	1	0.57006	0.68257	1	0.48850	0.54127	12.09772	1.01142	1	0.74960	0.56669	13.01879	1.00376	1	-0.00284	-0.00982	0.66430	0.00291	1	0.06371	-0.01484	0.66849	0.00317	1	1.45898	0.81042	0	
1253328	8453.40137	3305333613512	0.58773	0.63361	8453.20801	0.19336	11404	1	0.58724	0.64713	1	0.53637	0.74032	1	0.56181	0.69373	1	0.48853	0.54138	12.25344	1.00376	1	0.74951	0.56677	12.99293	1.00376	1	-0.00284	-0.00982	0.66430	0.00293	1	0.06371	-0.01484	0.66849	0.00316	1	1.45898	0.81042	0	
1253329	8453.40918	3305333683158	0.58679	0.63497	8453.20801	0.20117	11404	1	0.58288	0.64768	1	0.53428	0.70400	1	0.55858	0.67584	1	0.48847	0.54134	12.05473	1.00376	1	0.74979	0.56688	13.46263	1.00376	1	-0.00284	-0.00982	0.66430	0.00292	1	0.06371	-0.01484	0.66849	0.00315	1	1.45898	0.81042	0	
1253330	8453.41504	3305333749866	0.58591	0.63612	8453.20801	0.20703	11404	1	0.58240	0.64345	1	0.53506	0.70001	1	0.55873	0.67173	1	0.48848	0.54155	12.42130	1.01178	1	0.74969	0.56682	12.85082	1.01178	1	-0.00284	-0.00993	0.67553	0.00296	1	0.06371	-0.01484	0.66849	0.00317	1	1.45898	0.81042	0	
1253331	8453.42188	3305333816837	0.58516	0.63791	8453.20801	0.21387	11404	1	0.59407	0.65901	1	0.52849	0.73119	1	0.56128	0.69510	1	0.48858	0.54137	12.21692	1.01980	1	0.74984	0.56677	12.76914	1.01980	1	-0.00284	-0.00993	0.67553	0.00298	1	0.06371	-0.01484	0.66849	0.00329	1	1.45898	0.81042	0	
1253332	8453.42871	3305333882396	0.58495	0.63855	8453.20801	0.22070	11404	1	0.58987	0.61599	1	0.56607	0.70324	1	0.57797	0.65961	1	0.48858	0.54142	12.24923	1.02781	1	0.74997	0.56694	13.14534	1.02781	1	-0.00284	-0.00993	0.67553	0.00298	1	0.06371	-0.01484	0.66849	0.00320	1	1.45898	0.81042	0	AUDIO_FILE_OFFSET
1253333	8453.43555	3305333951717	0.58476	0.63903	8453.20801	0.22754	11404	1	0.58946	0.61162	1	0.56707	0.69931	1	0.57826	0.65546	1	0.48865	0.54137	12.06417	1.03583	1	0.74988	0.56684	12.65717	1.03583	1	-0.00284	-0.00998	0.67553	0.00298	1	0.06371	-0.01484	0.66849	0.00331	1	1.45898	0.81042	0	
1253334	8453.44238	3305334019258	0.56921	0.66118	8453.20801	0.22754	11404	0	0.61602	0.61488	1	0.54351	0.67468	1	0.57976	0.64478	1	0.48866	0.54131	12.04082	1.03583	1	0.74995	0.56679	12.99437	1.03583	1	-0.00284	-0.00998	0.67553	0.00300	1	0.06371	-0.01484	0.66849	0.00331	1	1.45898	0.81042	0	
1253335	8453.44922	3305334085789	0.57364	0.67008	8453.20801	0.22754	11404	0	0.58983	0.62873	1	0.56630	0.72924	1	0.57807	0.67898	1	0.48865	0.54137	12.08848	1.03583	1	0.74997	0.56690	12.89969	1.03583	1	-0.00284	-0.00998	0.67553	0.00297	1	0.06371	-0.01484	0.66849	0.00332	1	1.45898	0.81042	0	
1253336	8453.45605	3305334151924	0.57502	0.67437	8453.20801	0.22754	11404	0	0.59024	0.63297	1	0.56531	0.73292	1	0.57778	0.68295	1	0.48857	0.54142	12.26425	1.02781	1	0.75006	0.56677	12.75131	1.02781	1	-0.00284	-0.00982	0.66430	0.00296	1	0.06371	-0.01484	0.66849	0.00336	1	1.45898	0.81042	0	
1253337	8453.46191	3305334216877	0.57459	0.67533	8453.44238	0.01953	11405	1	0.58988	0.67840	1	0.55671	0.67801	1	0.57330	0.67821	1	0.48857	0.54152	12.30162	1.01980	1	0.74974	0.56659	13.04455	1.01980	1	-0.00284	-0.00982	0.66430	0.00292	1	0.06371	-0.01484	0.66849	0.00330	1	1.45898	0.81042	0	
1253639	8455.48535	3305354447418	0.69528	0.55189	8455.44531	0.04004	11413	1	0.70286	0.45596	1	0.64623	0.63691	1	0.67454	0.54644	1	0.49147	0.53920	10.83239	1.03476	1	0.75252	0.56437	11.20681	1.04242	1	-0.00280	-0.00990	0.69129	0.00340	1	0.06569	-0.01501	0.68764	0.00362	1	1.45898	0.81042	0	START_TRIAL
1253640	8455.49219	3305354514351	0.69281	0.55247	8455.44531	0.04688	11413	1	0.71434	0.50237	1	0.63665	0.61070	1	0.67550	0.55653	1	0.49123	0.53897	10.93305	1.05043	1	0.75239	0.56420	11.31875	1.05043	1	-0.00280	-0.00990	0.69129	0.00358	1	0.06569	-0.01501	0.68764	0.00365	1	1.45898	0.81042	0	
1253641	8455.49902	3305354581446	0.69226	0.55399	8455.44531	0.05371	11413	1	0.71886	0.46319	1	0.65699	0.66905	1	0.68793	0.56612	1	0.49132	0.53915	11.02172	1.05845	1	0.75252	0.56483	11.00363	1.05845	1	-0.00280	-0.00990	0.69129	0.00357	1	0.06569	-0.01501	0.68764	0.00371	1	1.45898	0.81042	0	
1253642	8455.50488	3305354648475	0.69186	0.55493	8455.44531	0.05957	11413	1	0.71933	0.45783	1	0.65706	0.66887	1	0.68819	0.56335	1	0.49133	0.53929	11.07355	1.06647	1	0.75395	0.56181	10.12164	1.05881	1	-0.00280	-0.00990	0.69129	0.00357	1	0.06371	-0.01454	0.66642	0.00228	1	1.45898	0.81042	0	
1253643	8455.51172	3305354712797	0.69574	0.54670	8455.44531	0.06641	11413	1	0.73064	0.53480	1	0.73850	0.39416	1	0.73457	0.46448	1	0.49143	0.53962	11.03924	1.05881	1	0.75396	0.56174	9.80655	1.05115	1	-0.00280	-0.00990	0.69129	0.00352	1	0.06371	-0.01454	0.66642	0.00229	1	1.45898	0.81042	0	
1253644	8455.51855	3305354782280	0.69541	0.54677	8455.44531	0.07324	11413	1	0.72047	0.47925	1	0.66307	0.61579	1	0.69177	0.54752	1	0.49130	0.53933	11.09786	1.05115	1	0.75274	0.56411	11.17068	1.04349	1	-0.00280	-0.00990	0.69129	0.00356	1	0.06371	-0.01454	0.66642	0.00355	1	1.45898	0.81042	0	
1253645	8455.52539	3305354848861	0.69505	0.54719	8455.44531	0.08008	11413	1	0.72001	0.48429	1	0.66144	0.62017	1	0.69073	0.55223	1	0.49141	0.53956	10.85731	1.04349	1	0.75293	0.56439	10.84742	1.03583	1	-0.00280	-0.00990	0.69129	0.00352	1	0.06371	-0.01454	0.66642	0.00358	1	1.45898	0.81042	0	
1253646	8455.53223	3305354916329	0.69485	0.54930	8455.44531	0.08691	11413	1	0.72175	0.48340	1	0.66289	0.66992	1	0.69232	0.57666	1	0.49133	0.53934	11.09451	1.03583	1	0.75279	0.56482	10.42443	1.03583	1	-0.00280	-0.00990	0.69129	0.00356	1	0.06371	-0.01454	0.66642	0.00377	1	1.45898	0.81042	0	
1253647	8455.53906	3305354982557	0.69735	0.54547	8455.44531	0.09375	11413	1	0.71829	0.55574	1	0.74629	0.42799	1	0.73229	0.49186	1	0.49133	0.53960	10.97828	1.03583	1	0.75400	0.56197	10.33689	1.03583	1	-0.00280	-0.00990	0.69129	0.00345	1	0.06371	-0.01454	0.66642	0.00228	1	1.45898	0.81042	0	
1253648	8455.54590	3305355051589	0.69960	0.54193	8455.44531	0.10059	11413	1	0.71829	0.55574	1	0.74852	0.42211	1	0.73341	0.48892	1	0.49174	0.53961	11.27292	1.03583	1	0.75435	0.56187	9.63341	1.04349	1	-0.00280	-0.00995	0.69129	0.00350	1	0.06539	-0.01492	0.68348	0.00231	1	1.45898	0.81042	0	
1253649	8455.55176	3305355117502	0.70235	0.53526	8455.44531	0.10645	11413	1	0.72365	0.45453	1	0.76878	0.40258	1	0.74622	0.42855	1	0.49180	0.53908	10.94599	1.04349	1	0.75437	0.56189	9.60580	1.05115	1	-0.00280	-0.00995	0.69129	0.00368	1	0.06539	-0.01492	0.68348	0.00233	1	1.45898	0.81042	0	
1253650	8455.55859	3305355184192	0.70608	0.52954	8455.44531	0.11328	11413	1	0.76345	0.45457	1	0.77550	0.40975	1	0.76948	0.43216	1	0.49188	0.53905	10.98715	1.05115	1	0.75447	0.56189	9.65859	1.05881	1	-0.00280	-0.00995	0.69129	0.00384	1	0.06539	-0.01492	0.68348	0.00239	1	1.45898	0.81042	0	
1253651	8455.56543	3305355251259	0.70941	0.52442	8455.44531	0.12012	11413	1	0.76341	0.45481	1	0.77539	0.41003	1	0.76940	0.43242	1	0.49183	0.53933	11.05173	1.05079	1	0.75331	0.56482	10.99604	1.05845	1	-0.00263	-0.00946	0.66059	0.00356	1	0.06539	-0.01492	0.68348	0.00401	1	1.45898	0.81042	0	
1253652	8455.57227	3305355319012	0.70949	0.52653	8455.44531	0.12695	11413	1	0.72691	0.49843	1	0.69513	0.63460	1	0.71102	0.56651	1	0.49179	0.53953	11.01864	1.05043	1	0.75321	0.56477	11.02702	1.05043	1	-0.00263	-0.00946	0.66059	0.00350	1	0.06539	-0.01492	0.68348	0.00371	1	1.45898	0.81042	0	
1253653	8455.57910	3305355385505	0.70952	0.52840	8455.44531	0.13379	11413	1	0.72473	0.50527	1	0.69567	0.62655	1	0.71020	0.56591	1	0.49170	0.53958	10.23879	1.04242	1	0.75324	0.56471	10.75669	1.04242	1	-0.00263	-0.00946	0.66059	0.00353	1	0.06539	-0.01492	0.68348	0.00374	1	1.45898	0.81042	0	
1253654	8455.58594	3305355451661	0.72429	0.50963	8455.44531	0.13379	11413	0	0.72421	0.51039	1	0.69583	0.62618	1	0.71002	0.56828	1	0.49201	0.53988	10.83486	1.03440	1	0.75465	0.56211	9.69031	1.04308	1	-0.00260	-0.00944	0.65522	0.00350	1	0.06547	-0.01492	0.68375	0.00228	1	1.45898	0.81042	0	
1253655	8455.59277	3305355519038	0.72613	0.53174	8455.44531	0.13379	11413	0	0.75306	0.50346	1	0.70289	0.60423	1	0.72798	0.55385	1	0.49222	0.53959	10.85831	1.04308	1	0.75328	0.56500	10.93626	1.05176	1	-0.00260	-0.00944	0.65522	0.00336	1	0.06547	-0.01492	0.68375	0.00395	1	1.45898	0.81042	0	
1253656	8455.59863	3305355586017	0.73616	0.49881	8455.44531	0.13379	11413	0	0.73453	0.53250	1	0.77791	0.33345	1	0.75622	0.43297	1	0.49185	0.53983	11.19270	1.05176	1	0.75445	0.56211	9.45705	1.06044	1	-0.00260	-0.00944	0.65522	0.00351	1	0.06547	-0.01492	0.68375	0.00226	1	1.45898	0.81042	0	
1253657	8455.60547	3305355653014	0.74134	0.48105	8455.58594	0.01953	11414	1	0.73575	0.52237	1	0.77802	0.33315	1	0.75688	0.42776	1	0.49130	0.53974	10.20700	1.06846	1	0.75218	0.56542	10.89496	1.06080	1	-0.00277	-0.00994	0.68337	0.00339	1	0.06371	-0.01464	0.66642	0.00335	1	1.45898	0.81042	0	
1253658	8455.61230	3305355719923	0.74650	0.47075	8455.58594	0.02637	11414	1	0.74431	0.46252	1	0.78992	0.39653	1	0.76712	0.42953	1	0.49090	0.54017	11.45302	1.06882	1	0.75393	0.56251	9.58943	1.05248	1	-0.00277	-0.00994	0.68337	0.00321	1	0.06371	-0.01464	0.66642	0.00263	1	1.45898	0.81042	0	
1253659	8455.61914	3305355786807	0.75742	0.46177	8455.58594	0.03320	11414	1	0.77446	0.49444	1	0.84960	0.33935	1	0.81203	0.41690	1	0.49095	0.54077	10.96748	1.06049	1	0.75418	0.56250	9.29599	1.04415	1	-0.00277	-0.00994	0.68337	0.00350	1	0.06371	-0.01464	0.66642	0.00248	1	1.45898	0.81042	0	
1253660	8455.62598	3305355853647	0.76514	0.45578	8455.58594	0.04004	11414	1	0.77358	0.49973	1	0.84935	0.33992	1	0.81147	0.41982	1	0.48764	0.54248	10.04527	1.05217	1	0.74871	0.56710	11.69176	1.04349	1	-0.00329	-0.01029	0.68621	0.00296	1	0.06486	-0.01532	0.68546	0.00298	1	1.45898	0.81042	0	
1253661	8455.63281	3305355920241	0.74434	0.48376	8455.58594	0.04688	11414	1	0.62207	0.60993	1	0.57549	0.74937	1	0.59878	0.67965	1	0.48725	0.54252	9.18800	1.04349	1	0.74817	0.56743	11.97218	1.05115	1	-0.00329	-0.01029	0.68621	0.00305	1	0.06486	-0.01532	0.68546	0.00308	1	1.45898	0.81042	0	
1253662	8455.63965	3305355988324	0.73078	0.50142	8455.58594	0.05371	11414	1	0.62951	0.65297	1	0.61505	0.63234	1	0.62228	0.64265	1	0.48732	0.54313	9.84016	1.05115	1	0.74871	0.56700	11.52012	1.05881	1	-0.00329	-0.01029	0.68621	0.00302	1	0.06486	-0.01532	0.68546	0.00303	1	1.45898	0.81042	0	
1253663	8455.64551	3305356054680	0.71993	0.51535	8455.58594	0.05957	11414	1	0.62939	0.64917	1	0.61505	0.63234	1	0.62222	0.64075	1	0.48644	0.54368	10.59509	1.05881	1	0.74704	0.56763	11.00853	1.05881	1	-0.00347	-0.01032	0.68151	0.00288	1	0.06221	-0.01478	0.65901	0.00298	1	1.45898	0.81042	0	
1253664	8455.65234	3305356121485	0.70351	0.52985	8455.58594	0.06641	11414	1	0.57332	0.67264	1	0.50538	0.67708	1	0.53935	0.67486	1	0.48649	0.54338	9.90015	1.05881	1	0.74700	0.56737	10.93701	1.05115	1	-0.00347	-0.01032	0.68151	0.00298	1	0.06221	-0.01478	0.65901	0.00321	1	1.45898	0.81042	0	
1253665	8455.65918	3305356190929	0.68982	0.54563	8455.58594	0.07324	11414	1	0.57469	0.71506	1	0.50390	0.72325	1	0.53929	0.71915	1	0.48646	0.54366	10.52359	1.05115	1	0.74696	0.56766	10.67441	1.04349	1	-0.00347	-0.01032	0.68151	0.00282	1	0.06221	-0.01478	0.65901	0.00317	1	1.45898	0.81042	0	
1253666	8455.66602	3305356255888	0.67825	0.55924	8455.58594	0.08008	11414	1	0.57518	0.71843	1	0.50340	0.72677	1	0.53929	0.72260	1	0.48639	0.54352	9.85092	1.04349	1	0.74718	0.56771	11.23653	1.03583	1	-0.00335	-0.01024	0.67616	0.00286	1	0.06221	-0.01478	0.65901	0.00298	1	1.45898	0.81042	0	
1253667	8455.67285	3305356323007	0.66948	0.57043	8455.58594	0.08691	11414	1	0.59650	0.70266	1	0.51464	0.72925	1	0.55557	0.71596	1	0.48679	0.54369	9.88157	1.03583	1	0.74717	0.56794	11.32870	1.03583	1	-0.00335	-0.01024	0.67616	0.00284	1	0.06221	-0.01478	0.65901	0.00301	1	1.45898	0.81042	0	
1253668	8455.67969	3305356389968	0.64284	0.60068	8455.58594	0.08691	11414	0	0.57368	0.70402	1	0.52594	0.73313	1	0.54981	0.71857	1	0.48636	0.54360	9.94113	1.03583	1	0.74735	0.56803	11.73873	1.03583	1	-0.00335	-0.01024	0.67616	0.00280	1	0.06221	-0.01478	0.65901	0.00297	1	1.45898	0.81042	0	
1253669	8455.68652	3305356456512	0.59637	0.65756	8455.58594	0.08691	11414	0	0.57308	0.69987	1	0.52672	0.72900	1	0.54990	0.71443	1	0.48633	0.54343	9.53307	1.04492	1	0.74706	0.56776	10.98775	1.04492	1	-0.00350	-0.01062	0.69726	0.00284	1	0.06221	-0.01478	0.65901	0.00299	1	1.45898	0.81042	0	
1253670	8455.69336	3305356524091	0.57392	0.67787	8455.58594	0.08691	11414	0	0.53580	0.73603	1	0.52223	0.70098	1	0.52902	0.71850	1	0.48596	0.54403	10.54036	1.05400	1	0.74732	0.56771	11.05881	1.05400	1	-0.00350	-0.01062	0.69726	0.00283	1	0.06221	-0.01478	0.65901	0.00308	1	1.45898	0.81042	0	
1253671	8455.69922	3305356591398	0.54754	0.70808	8455.58594	0.08691	11414	0	0.60062	0.67801	1	0.52680	0.70462	1	0.56371	0.69132	1	0.48647	0.54341	9.06345	1.06309	1	0.74726	0.56773	11.04380	1.06309	1	-0.00350	-0.01062	0.69726	0.00307	1	0.06221	-0.01478	0.65901	0.00300	1	1.45898	0.81042	0	
1253672	8455.70605	3305356657610	0.55563	0.69970	8455.58594	0.08691	11414	0	0.60062	0.67801	1	0.52680	0.70462	1	0.56371	0.69132	1	0.48641	0.54339	9.09788	1.06309	1	0.74728	0.56785	11.39933	1.06309	1	-0.00345	-0.01031	0.67691	0.00304	1	0.06221	-0.01483	0.65901	0.00300	1	1.45898	0.81042	0	
1253673	8455.71289	3305356725115	0.55739	0.68541	8455.58594	0.08691	11414	0	0.59843	0.65948	1	0.52341	0.65418	1	0.56092	0.65683	1	0.48643	0.54389	9.81313	1.05400	1	0.74732	0.56771	11.05881	1.05400	1	-0.00345	-0.01031	0.67691	0.00274	1	0.06221	-0.01483	0.65901	0.00309	1	1.45898	0.81042	0	
1253674	8455.71973	3305356791777	0.55601	0.68720	8455.69922	0.02051	11415	1	0.58963	0.70181	1	0.51411	0.68337	1	0.55187	0.69259	1	0.48628	0.54370	9.43355	1.04492	1	0.74716	0.56792	11.61160	1.04492	1	-0.00345	-0.01031	0.67691	0.00292	1	0.06221	-0.01483	0.65901	0.00294	1	1.45898	0.81042	0	
1253675	8455.72656	3305356858772	0.55516	0.68915	8455.69922	0.02734	11415	1	0.59009	0.70594	1	0.51343	0.68789	1	0.55176	0.69691	1	0.48623	0.54380	9.76308	1.03583	1	0.74685	0.56805	11.65871	1.03583	1	-0.00345	-0.01031	0.67691	0.00272	1	0.06221	-0.01483	0.65901	0.00298	1	1.45898	0.81042	0	
1253676	8455.73340	3305356926247	0.55184	0.68650	8455.69922	0.03418	11415	1	0.59268	0.64888	1	0.47780	0.69764	1	0.53524	0.67326	1	0.48641	0.54372	9.30386	1.03583	1	0.74667	0.56812	11.83625	1.03583	1	-0.00345	-0.01031	0.67691	0.00289	1	0.06221	-0.01483	0.65901	0.00302	1	1.45898	0.81042	0	
1253677	8455.74023	3305356992725	0.55204	0.68733	8455.69922	0.04102	11415	1	0.60137	0.71288	1	0.50506	0.67179	1	0.55322	0.69233	1	0.48642	0.54403	9.80346	1.03583	1	0.74697	0.56786	11.27492	1.03583	1	-0.00345	-0.01031	0.67691	0.00272	1	0.06221	-0.01483	0.65901	0.00298	1	1.45898	0.81042	0	
1253678	8455.74609	3305357059793	0.55219	0.68796	8455.69922	0.04688	11415	1	0.60137	0.71288	1	0.50506	0.67179	1	0.55322	0.69233	1	0.48630	0.54395	9.93141	1.03583	1	0.74703	0.56773	10.98042	1.03583	1	-0.00345	-0.01031	0.67691	0.00269	1	0.06221	-0.01483	0.65901	0.00315	1	1.45898	0.81042	0	
1253679	8455.75293	3305357126703	0.55262	0.68681	8455.69922	0.05371	11415	1	0.61042	0.67822	1	0.50175	0.67697	1	0.55608	0.67760	1	0.48621	0.54392	9.89031	1.03583	1	0.74696	0.56797	11.12508	1.03583	1	-0.00345	-0.01031	0.67691	0.00273	1	0.06221	-0.01483	0.65901	0.00299	1	1.45898	0.81042	0	
1253680	8455.75977	3305357194076	0.55216	0.68042	8455.69922	0.06055	11415	1	0.59255	0.58068	1	0.50353	0.66513	1	0.54804	0.62291	1	0.48602	0.54347	9.55743	1.03583	1	0.74697	0.56787	10.77420	1.03583	1	-0.00345	-0.01031	0.67691	0.00305	1	0.06221	-0.01483	0.65901	0.00315	1	1.45898	0.81042	0	
1253681	8455.76660	3305357261269	0.55178	0.67559	8455.69922	0.06738	11415	1	0.59295	0.58530	1	0.50301	0.66929	1	0.54798	0.62729	1	0.48609	0.54382	9.50228	1.02781	1	0.74718	0.56790	10.99485	1.02781	1	-0.00343	-0.01019	0.66271	0.00287	1	0.06221	-0.01483	0.65901	0.00304	1	1.45898	0.81042	0	
1253682	8455.77344	3305357327478	0.55167	0.67532	8455.69922	0.07422	11415	1	0.59676	0.64875	1	0.50427	0.69601	1	0.55051	0.67238	1	0.48594	0.54422	10.19802	1.01980	1	0.74704	0.56789	11.03188	1.01980	1	-0.00343	-0.01019	0.66271	0.00281	1	0.06221	-0.01483	0.65901	0.00308	1	1.45898	0.81042	0	
1253683	8455.78027	3305357394130	0.55196	0.67719	8455.69922	0.08105	11415	1	0.60160	0.65714	1	0.50912	0.74211	1	0.55536	0.69962	1	0.48615	0.54422	9.92172	1.01178	1	0.74716	0.56832	11.54517	1.01178	1	-0.00343	-0.01019	0.66271	0.00278	1	0.06221	-0.01483	0.65901	0.00303	1	1.45898	0.81042	0	
1253684	8455.78711	3305357461631	0.55219	0.67907	8455.69922	0.08789	11415	1	0.60194	0.66125	1	0.50855	0.74576	1	0.55524	0.70351	1	0.48549	0.54380	9.55551	1.00376	1	0.74657	0.56817	11.25275	1.00376	1	-0.00352	-0.01016	0.66090	0.00300	1	0.06185	-0.01476	0.65619	0.00296	1	1.45898	0.81042	0	
1253685	8455.79297	3305357528755	0.55378	0.67966	8455.69922	0.09375	11415	1	0.59627	0.64005	1	0.55567	0.73571	1	0.57597	0.68788	1	0.48533	0.54370	9.52326	1.00376	1	0.74632	0.56818	11.30997	1.00376	1	-0.00352	-0.01016	0.66090	0.00303	1	0.06185	-0.01476	0.65619	0.00300	1	1.45898	0.81042	0	
1253686	8455.79980	3305357595519	0.55768	0.67917	8455.69922	0.10059	11415	1	0.64243	0.62531	1	0.59012	0.71846	1	0.61627	0.67189	1	0.48526	0.54358	9.39550	1.00376	1	0.74616	0.56750	11.15514	1.00376	1	-0.00352	-0.01016	0.66090	0.00300	1	0.06185	-0.01476	0.65619	0.00279	1	1.45898	0.81042	0	
1253687	8455.80664	3305357662900	0.56120	0.67839	8455.69922	0.10742	11415	1	0.64239	0.62093	1	0.59249	0.71083	1	0.61744	0.66588	1	0.48146	0.54441	10.50691	1.01178	1	0.74281	0.56724	9.92101	1.01944	1	-0.00418	-0.01039	0.67926	0.00286	1	0.06349	-0.01529	0.67958	0.00306	1	1.45898	0.81042	0	
1253688	8455.81348	3305357727572	0.55695	0.67768	8455.69922	0.11426	11415	1	0.52687	0.68341	1	0.44270	0.64791	1	0.48479	0.66566	1	0.48180	0.54422	10.72654	1.02746	1	0.74237	0.56660	10.44732	1.03512	1	-0.00418	-0.01039	0.67926	0.00294	1	0.06349	-0.01529	0.67958	0.00318	1	1.45898	0.81042	0	
1253689	8455.82031	3305357796426	0.55341	0.67718	8455.69922	0.12109	11415	1	0.52808	0.66426	1	0.45122	0.67216	1	0.48965	0.66821	1	0.48188	0.54425	10.73365	1.04313	1	0.74220	0.56681	10.92477	1.05079	1	-0.00418	-0.01039	0.67926	0.00299	1	0.06349	-0.01529	0.67958	0.00293	1	1.45898	0.81042	0	
1253690	8455.82715	3305357862718	0.55020	0.67664	8455.69922	0.12793	11415	1	0.52727	0.66049	1	0.45122	0.67216	1	0.48924	0.66632	1	0.48053	0.54421	10.48100	1.05079	1	0.74124	0.56658	10.41205	1.05079	1	-0.00427	-0.01002	0.65501	0.00289	1	0.06038	-0.01458	0.64997	0.00309	1	1.45898	0.81042	0	
1253691	8455.83301	3305357927948	0.54392	0.67586	8455.69922	0.13379	11415	1	0.44588	0.66714	1	0.39078	0.65330	1	0.41833	0.66022	1	0.48059	0.54413	10.26225	1.04277	1	0.74117	0.56673	10.39368	1.03512	1	-0.00427	-0.01002	0.65501	0.00290	1	0.06038	-0.01458	0.64997	0.00306	1	1.45898	0.81042	0	
1253692	8455.84082	3305357998765	0.53800	0.67550	8455.69922	0.14160	11415	1	0.44868	0.67487	1	0.37857	0.66115	1	0.41363	0.66801	1	0.48059	0.54413	10.26225	1.02710	1	0.74100	0.56656	9.91884	1.01944	1	-0.00427	-0.01002	0.65501	0.00290	1	0.06038	-0.01458	0.64997	0.00315	1	1.45898	0.81042	0	
1253693	8455.84668	3305358064520	0.53266	0.67544	8455.69922	0.14746	11415	1	0.45148	0.68260	1	0.37901	0.66536	1	0.41524	0.67398	1	0.48051	0.54415	9.95413	1.01142	1	0.74110	0.56680	10.42032	1.01142	1	-0.00433	-0.01012	0.66438	0.00299	1	0.06355	-0.01533	0.68345	0.00304	1	1.45898	0.81042	0	
1253694	8455.85352	3305358131518	0.52830	0.67557	8455.69922	0.15430	11415	1	0.47679	0.68222	1	0.37925	0.67529	1	0.42802	0.67875	1	0.48059	0.54424	10.34645	1.01142	1	0.74102	0.56684	10.25825	1.01908	1	-0.00433	-0.01012	0.66438	0.00291	1	0.06355	-0.01533	0.68345	0.00304	1	1.45898	0.81042	0	
1253695	8455.86035	3305358198538	0.49517	0.67082	8455.69922	0.15430	11415	0	0.49115	0.66765	1	0.38522	0.61138	1	0.43819	0.63952	1	0.48078	0.54396	10.07654	1.01908	1	0.74109	0.56626	9.93414	1.02674	1	-0.00433	-0.01012	0.66438	0.00293	1	0.06355	-0.01533	0.68345	0.00314	1	1.45898	0.81042	0	
1253696	8455.86719	3305358265465	0.46594	0.65097	8455.69922	0.15430	11415	0	0.48894	0.65977	1	0.38448	0.60245	1	0.43671	0.63111	1	0.48003	0.54386	10.40746	1.03476	1	0.74123	0.56655	10.02356	1.04242	1	-0.00440	-0.01014	0.66616	0.00285	1	0.06378	-0.01530	0.68706	0.00321	1	1.45898	0.81042	0	
1253697	8455.87305	3305358329839	0.46141	0.64772	8455.69922	0.15430	11415	0	0.48673	0.65877	1	0.41797	0.62368	1	0.45235	0.64122	1	0.48055	0.54417	10.73157	1.05043	1	0.74115	0.56651	10.37389	1.05043	1	-0.00440	-0.01014	0.66616	0.00294	1	0.06378	-0.01530	0.68706	0.00326	1	1.45898	0.81042	0	
1253698	8455.87988	3305358395181	0.45539	0.65298	8455.86035	0.01953	11416	1	0.46947	0.70874	1	0.40520	0.62880	1	0.43733	0.66877	1	0.47998	0.54448	10.37120	1.05845	1	0.74100	0.56659	10.77725	1.05845	1	-0.00440	-0.01014	0.66616	0.00290	1	0.06378	-0.01530	0.68706	0.00315	1	1.45898	0.81042	0	
1253699	8455.88672	3305358462470	0.45147	0.65446	8455.86035	0.02637	11416	1	0.46681	0.70111	1	0.40473	0.61961	1	0.43577	0.66036	1	0.47982	0.54434	10.08603	1.07555	1	0.74113	0.56681	11.05895	1.07555	1	-0.00478	-0.01091	0.71675	0.00300	1	0.06378	-0.01530	0.68706	0.00307	1	1.45898	0.81042	0	
1253700	8455.89355	3305358530606	0.44946	0.65349	8455.86035	0.03320	11416	1	0.46258	0.65901	1	0.41626	0.63827	1	0.43942	0.64864	1	0.48011	0.54410	10.31717	1.08464	1	0.74121	0.56683	10.89104	1.08464	1	-0.00478	-0.01091	0.71675	0.00312	1	0.06378	-0.01530	0.68706	0.00324	1	1.45898	0.81042	0	
1253701	8455.90039	3305358598148	0.44570	0.65107	8455.86035	0.04004	11416	1	0.45007	0.64557	1	0.39621	0.62755	1	0.42314	0.63656	1	0.48000	0.54410	10.33491	1.09372	1	0.74094	0.56678	10.98230	1.09372	1	-0.00478	-0.01091	0.71675	0.00305	1	0.06378	-0.01530	0.68706	0.00310	1	1.45898	0.81042	0	
1253702	8455.90723	3305358662685	0.44289	0.64950	8455.86035	0.04688	11416	1	0.45007	0.64557	1	0.39647	0.63154	1	0.42327	0.63855	1	0.47984	0.54429	9.98945	1.09372	1	0.74106	0.56681	11.28957	1.08606	1	-0.00463	-0.01049	0.68571	0.00300	1	0.06150	-0.01477	0.66309	0.00319	1	1.45898	0.81042	0	
1253703	8455.91406	3305358734797	0.44106	0.64877	8455.86035	0.05371	11416	1	0.44207	0.66947	1	0.41066	0.61635	1	0.42636	0.64291	1	0.47975	0.54425	10.35393	1.07698	1	0.74075	0.56655	11.12650	1.06932	1	-0.00463	-0.01049	0.68571	0.00296	1	0.06150	-0.01477	0.66309	0.00310	1	1.45898	0.81042	0	
1253704	8455.92090	3305358800341	0.44002	0.64966	8455.86035	0.06055	11416	1	0.44819	0.67705	1	0.41314	0.63817	1	0.43067	0.65761	1	0.47971	0.54412	9.87688	1.06023	1	0.74075	0.56647	10.75124	1.05257	1	-0.00463	-0.01049	0.68571	0.00303	1	0.06150	-0.01477	0.66309	0.00315	1	1.45898	0.81042	0	
1253705	8455.92676	3305358864567	0.43939	0.65168	8455.86035	0.06641	11416	1	0.45250	0.68882	1	0.41378	0.65497	1	0.43314	0.67190	1	0.47985	0.54416	10.19284	1.03547	1	0.74039	0.56664	10.49322	1.02100	1	-0.00435	-0.00970	0.63696	0.00294	1	0.05896	-0.01417	0.63620	0.00304	1	1.45898	0.81042	0	
1253706	8455.93359	3305358932006	0.43737	0.65221	8455.86035	0.07324	11416	1	0.44531	0.69340	1	0.38490	0.62269	1	0.41510	0.65805	1	0.47968	0.54420	10.41849	1.01299	1	0.74027	0.56638	10.36778	1.00618	1	-0.00435	-0.00970	0.63696	0.00301	1	0.05896	-0.01417	0.63620	0.00305	1	1.45898	0.81042	0	
1253707	8455.94043	3305359002146	0.43650	0.65576	8455.86035	0.08008	11416	1	0.46236	0.71623	1	0.38969	0.68066	1	0.42603	0.69844	1	0.47980	0.54434	10.54304	0.99816	1	0.74030	0.56658	10.46348	0.99135	1	-0.00435	-0.00970	0.63696	0.00295	1	0.05896	-0.01417	0.63620	0.00296	1	1.45898	0.81042	0	
1253708	8455.94727	3305359069105	0.43579	0.65893	8455.86035	0.08691	11416	1	0.46353	0.71939	1	0.38969	0.68066	1	0.42661	0.70003	1	0.47946	0.54434	11.20135	0.99135	1	0.73992	0.56674	11.62228	0.99135	1	-0.00467	-0.01035	0.67666	0.00295	1	0.06061	-0.01458	0.65454	0.00295	1	1.45898	0.81042	0	
1253709	8455.95410	3305359136209	0.43455	0.66145	8455.86035	0.09375	11416	1	0.46508	0.67268	1	0.36932	0.72081	1	0.41720	0.69674	1	0.47950	0.54393	10.77850	0.99937	1	0.74007	0.56672	11.66920	1.00618	1	-0.00467	-0.01035	0.67666	0.00297	1	0.06061	-0.01458	0.65454	0.00292	1	1.45898	0.81042	0	
1253710	8455.96094	3305359201402	0.43395	0.66171	8455.86035	0.10059	11416	1	0.46894	0.66014	1	0.38092	0.67103	1	0.42493	0.66559	1	0.47917	0.54389	10.73956	1.01420	1	0.74024	0.56675	11.03899	1.02100	1	-0.00467	-0.01035	0.67666	0.00291	1	0.06061	-0.01458	0.65454	0.00294	1	1.45898	0.81042	0	
1253711	8455.96777	3305359268931	0.43326	0.66109	8455.86035	0.10742	11416	1	0.46507	0.64786	1	0.37929	0.65478	1	0.42218	0.65132	1	0.47987	0.54438	11.06500	1.03811	1	0.73984	0.56672	11.25214	1.05257	1	-0.00481	-0.01055	0.68975	0.00309	1	0.06431	-0.01543	0.69504	0.00299	1	1.45898	0.81042	0	
1253712	8455.97461	3305359338592	0.43263	0.66233	8455.86035	0.11426	11416	1	0.48899	0.68279	1	0.35497	0.68387	1	0.42198	0.68333	1	0.47974	0.54432	11.06989	1.06166	1	0.73990	0.56666	11.38908	1.06932	1	-0.00481	-0.01055	0.68975	0.00327	1	0.06431	-0.01543	0.69504	0.00302	1	1.45898	0.81042	0	
1253713	8455.98047	3305359404323	0.43182	0.66287	8455.86035	0.12012	11416	1	0.43999	0.63144	1	0.39440	0.71385	1	0.41719	0.67264	1	0.47899	0.54391	10.40034	1.07841	1	0.74018	0.56662	11.10323	1.08606	1	-0.00481	-0.01055	0.68975	0.00306	1	0.06431	-0.01543	0.69504	0.00302	1	1.45898	0.81042	0	
1253714	8455.98730	3305359471192	0.43100	0.66296	8455.86035	0.12695	11416	1	0.43704	0.62289	1	0.39378	0.70639	1	0.41541	0.66464	1	0.47885	0.54425	10.69061	1.09515	1	0.74024	0.56640	11.01538	1.10281	1	-0.00498	-0.01087	0.71420	0.00303	1	0.06431	-0.01543	0.69504	0.00322	1	1.45898	0.81042	0	
1253715	8455.99414	3305359538005	0.43012	0.66251	8455.86035	0.13379	11416	1	0.45387	0.63973	1	0.37119	0.66711	1	0.41253	0.65342	1	0.47923	0.54421	9.93358	1.10281	1	0.74016	0.56629	11.05178	1.10281	1	-0.00498	-0.01087	0.71420	0.00299	1	0.06431	-0.01543	0.69504	0.00307	1	1.45898	0.81042	0	
1253716	8456.00098	3305359604981	0.42857	0.66240	8455.86035	0.14062	11416	1	0.43594	0.62751	1	0.35620	0.69286	1	0.39607	0.66019	1	0.47894	0.54392	9.95210	1.10281	1	0.74000	0.56650	11.34599	1.10281	1	-0.00498	-0.01087	0.71420	0.00304	1	0.06431	-0.01543	0.69504	0.00296	1	1.45898	0.81042	0	
1253717	8456.00781	3305359672084	0.42721	0.66249	8455.86035	0.14746	11416	1	0.43754	0.63209	1	0.35684	0.69700	1	0.39719	0.66454	1	0.47964	0.54406	10.86685	1.09372	1	0.74082	0.56649	10.57485	1.09372	1	-0.00469	-0.01034	0.67946	0.00304	1	0.06431	-0.01543	0.69504	0.00308	1	1.45898	0.81042	0	
1253718	8456.01465	3305359739222	0.42770	0.66368	8455.86035	0.15430	11416	1	0.48791	0.67888	1	0.39031	0.70294	1	0.43911	0.69091	1	0.47969	0.54432	10.97534	1.08464	1	0.74007	0.56652	11.49375	1.08464	1	-0.00469	-0.01034	0.67946	0.00296	1	0.06431	-0.01543	0.69504	0.00297	1	1.45898	0.81042	0	
1253719	8456.02148	3305359806383	0.42900	0.66358	8455.86035	0.16113	11416	1	0.49874	0.65310	1	0.42139	0.66956	1	0.46007	0.66133	1	0.47989	0.54419	10.92482	1.07555	1	0.74053	0.56608	10.20101	1.07555	1	-0.00469	-0.01034	0.67946	0.00300	1	0.06431	-0.01543	0.69504	0.00299	1	1.45898	0.81042	0	
1253720	8456.02734	3305359872897	0.43019	0.66350	8455.86035	0.16699	11416	1	0.49874	0.65310	1	0.42139	0.66956	1	0.46007	0.66133	1	0.47952	0.54416	10.78540	1.07555	1	0.74021	0.56579	10.66556	1.07555	1	-0.00481	-0.01055	0.68975	0.00297	1	0.06431	-0.01543	0.69504	0.00304	1	1.45898	0.81042	0	
1253721	8456.03418	3305359939895	0.42999	0.66315	8455.86035	0.17383	11416	1	0.44217	0.65799	1	0.40716	0.65007	1	0.42466	0.65403	1	0.47904	0.54416	10.22840	1.08464	1	0.74029	0.56595	11.23096	1.08464	1	-0.00481	-0.01055	0.68975	0.00296	1	0.06431	-0.01543	0.69504	0.00302	1	1.45898	0.81042	0	
1253722	8456.04102	3305360006861	0.42936	0.66131	8455.86035	0.18066	11416	1	0.43368	0.61722	1	0.39138	0.60634	1	0.41253	0.61178	1	0.47898	0.54375	10.00751	1.09372	1	0.74006	0.56576	10.94484	1.09372	1	-0.00481	-0.01055	0.68975	0.00317	1	0.06431	-0.01543	0.69504	0.00303	1	1.45898	0.81042	0	
1253723	8456.04785	3305360074128	0.42878	0.65960	8455.86035	0.18750	11416	1	0.43368	0.61722	1	0.39138	0.60634	1	0.41253	0.61178	1	0.47901	0.54404	10.25735	1.09372	1	0.74000	0.56576	10.89522	1.09372	1	-0.00473	-0.01022	0.67127	0.00303	1	0.06431	-0.01543	0.69504	0.00297	1	1.45898	0.81042	0	
1253724	8456.05469	3305360141260	0.42818	0.65852	8455.86035	0.19434	11416	1	0.43086	0.62314	1	0.39064	0.63111	1	0.41075	0.62712	1	0.47899	0.54380	10.16397	1.08464	1	0.74000	0.56572	10.89847	1.08464	1	-0.00473	-0.01022	0.67127	0.00317	1	0.06431	-0.01543	0.69504	0.00298	1	1.45898	0.81042	0	
1253725	8456.06152	3305360208060	0.42778	0.65817	8455.86035	0.20117	11416	1	0.44048	0.65936	1	0.39100	0.63585	1	0.41574	0.64760	1	0.47902	0.54421	10.43516	1.07555	1	0.74000	0.56572	10.89847	1.07555	1	-0.00473	-0.01022	0.67127	0.00293	1	0.06431	-0.01543	0.69504	0.00298	1	1.45898	0.81042	0	
1253726	8456.06836	3305360274736	0.42746	0.65811	8455.86035	0.20801	11416	1	0.44352	0.66766	1	0.39168	0.64477	1	0.41760	0.65622	1	0.47887	0.54416	10.33983	1.05845	1	0.74009	0.56571	11.11626	1.05845	1	-0.00467	-0.01004	0.65627	0.00299	1	0.06431	-0.01543	0.69504	0.00303	1	1.45898	0.81042	0	
1253727	8456.07520	3305360343471	0.42724	0.65844	8455.86035	0.21484	11416	1	0.44547	0.67265	1	0.39472	0.66558	1	0.42010	0.66911	1	0.47896	0.54420	10.14538	1.05043	1	0.74009	0.56571	11.11626	1.05043	1	-0.00467	-0.01004	0.65627	0.00290	1	0.06431	-0.01543	0.69504	0.00303	1	1.45898	0.81042	0	
1253728	8456.08105	3305360408921	0.42697	0.65871	8455.86035	0.22070	11416	1	0.44139	0.66565	1	0.39502	0.66964	1	0.41821	0.66764	1	0.47898	0.54390	10.14713	1.04242	1	0.74009	0.56571	11.11626	1.04242	1	-0.00467	-0.01004	0.65627	0.00301	1	0.06431	-0.01543	0.69504	0.00303	1	1.45898	0.81042	0	
1253729	8456.08789	3305360475127	0.42675	0.65908	8455.86035	0.22754	11416	1	0.44285	0.66962	1	0.39532	0.67369	1	0.41909	0.67166	1	0.47895	0.54387	10.16209	1.03440	1	0.74014	0.56509	11.00040	1.03440	1	-0.00466	-0.00997	0.65464	0.00305	1	0.06431	-0.01538	0.69504	0.00330	1	1.45898	0.81042	0	
1253730	8456.09473	3305360540695	0.42661	0.65908	8455.86035	0.23438	11416	1	0.44807	0.67174	1	0.39539	0.64605	1	0.42173	0.65890	1	0.47900	0.54395	10.15258	1.03440	1	0.74010	0.56556	11.01537	1.03440	1	-0.00466	-0.00997	0.65464	0.00299	1	0.06431	-0.01538	0.69504	0.00321	1	1.45898	0.81042	0	
1253731	8456.10156	3305360610649	0.42666	0.65831	8455.86035	0.24121	11416	1	0.45764	0.65309	1	0.39923	0.60797	1	0.42843	0.63053	1	0.47913	0.54385	10.53641	1.03440	1	0.74013	0.56519	10.99108	1.03440	1	-0.00466	-0.00997	0.65464	0.00302	1	0.06431	-0.01538	0.69504	0.00327	1	1.45898	0.81042	0	
1253732	8456.10840	3305360676416	0.42670	0.65757	8455.86035	0.24805	11416	1	0.45764	0.65309	1	0.39923	0.60797	1	0.42843	0.63053	1	0.47897	0.54407	10.60711	1.03440	1	0.74020	0.56511	10.84660	1.03440	1	-0.00466	-0.00997	0.65464	0.00305	1	0.06431	-0.01533	0.69504	0.00333	1	1.45898	0.81042	0	
1253733	8456.11523	3305360743691	0.42670	0.65718	8455.86035	0.25488	11416	1	0.44894	0.67209	1	0.40396	0.61244	1	0.42645	0.64226	1	0.47903	0.54365	10.56360	1.03440	1	0.74018	0.56520	11.01791	1.03440	1	-0.00466	-0.00997	0.65464	0.00289	1	0.06431	-0.01533	0.69504	0.00328	1	1.45898	0.81042	0	
1253734	8456.12109	3305360806473	0.42664	0.65705	8455.86035	0.26074	11416	1	0.44384	0.68141	1	0.40472	0.62211	1	0.42428	0.65176	1	0.47894	0.54366	10.25218	1.03440	1	0.74019	0.56550	10.73997	1.03440	1	-0.00466	-0.00997	0.65464	0.00289	1	0.06431	-0.01533	0.69504	0.00329	1	1.45898	0.81042	0	
1253735	8456.12793	3305360877652	0.42656	0.65682	8455.86035	0.26758	11416	1	0.44238	0.67754	1	0.40449	0.61765	1	0.42343	0.64759	1	0.47881	0.54367	10.51906	1.04242	1	0.74037	0.56598	10.81053	1.04242	1	-0.00484	-0.01023	0.67209	0.00299	1	0.06431	-0.01527	0.69504	0.00311	1	1.45898	0.81042	0	
1253736	8456.13477	3305360944604	0.42683	0.65735	8455.86035	0.27441	11416	1	0.46846	0.70851	1	0.40707	0.64978	1	0.43777	0.67915	1	0.47928	0.54351	11.25807	1.05043	1	0.74029	0.56572	11.38630	1.05043	1	-0.00484	-0.01023	0.67209	0.00297	1	0.06431	-0.01527	0.69504	0.00301	1	1.45898	0.81042	0	
1253737	8456.14160	3305361011744	0.42706	0.65752	8455.86035	0.28125	11416	1	0.46165	0.68233	1	0.41169	0.64750	1	0.43667	0.66492	1	0.47925	0.54346	10.74964	1.05845	1	0.74038	0.56577	11.33810	1.05845	1	-0.00484	-0.01023	0.67209	0.00292	1	0.06431	-0.01527	0.69504	0.00306	1	1.45898	0.81042	0	
1253738	8456.14844	3305361078700	0.42726	0.65760	8455.86035	0.28809	11416	1	0.46035	0.67855	1	0.41152	0.64333	1	0.43593	0.66094	1	0.47880	0.54363	11.12986	1.06647	1	0.74035	0.56563	11.15173	1.06647	1	-0.00480	-0.01031	0.68047	0.00296	1	0.06431	-0.01527	0.69504	0.00307	1	1.45898	0.81042	0	
1253739	8456.15527	3305361145225	0.42727	0.65731	8455.86035	0.29492	11416	1	0.47204	0.67876	1	0.38347	0.61002	1	0.42775	0.64439	1	0.47940	0.54361	11.55894	1.06647	1	0.74030	0.56562	11.14429	1.06647	1	-0.00480	-0.01031	0.68047	0.00287	1	0.06431	-0.01527	0.69504	0.00307	1	1.45898	0.81042	0	
1253740	8456.16211	3305361212487	0.42728	0.65732	8455.86035	0.30176	11416	1	0.47011	0.69265	1	0.38582	0.62306	1	0.42796	0.65785	1	0.47940	0.54351	11.11206	1.06647	1	0.74029	0.56568	11.22738	1.06647	1	-0.00480	-0.01031	0.68047	0.00293	1	0.06431	-0.01527	0.69504	0.00303	1	1.45898	0.81042	0	
1253741	8456.16797	3305361277454	0.42728	0.65723	8455.86035	0.30762	11416	1	0.46871	0.68849	1	0.38541	0.61817	1	0.42706	0.65333	1	0.47971	0.54333	11.29344	1.07555	1	0.74060	0.56564	11.56768	1.07555	1	-0.00498	-0.01077	0.71420	0.00300	1	0.06431	-0.01527	0.69504	0.00308	1	1.45898	0.81042	0	
1253742	8456.17480	3305361346638	0.42760	0.65685	8455.86035	0.31445	11416	1	0.48606	0.68111	1	0.39938	0.59634	1	0.44272	0.63872	1	0.47979	0.54330	11.16300	1.08464	1	0.74058	0.56549	11.16549	1.08464	1	-0.00498	-0.01077	0.71420	0.00315	1	0.06431	-0.01527	0.69504	0.00315	1	1.45898	0.81042	0	
1253743	8456.18164	3305361413063	0.42636	0.65678	8455.86035	0.32129	11416	1	0.48190	0.64776	1	0.38929	0.68721	1	0.43559	0.66748	1	0.47963	0.54334	11.51110	1.09372	1	0.74049	0.56550	11.36296	1.09372	1	-0.00498	-0.01077	0.71420	0.00298	1	0.06431	-0.01527	0.69504	0.00309	1	1.45898	0.81042	0	
1253744	8456.18848	3305361480528	0.42632	0.65748	8455.86035	0.32812	11416	1	0.48063	0.64334	1	0.38923	0.68654	1	0.43493	0.66494	1	0.47965	0.54326	11.17154	1.10281	1	0.74003	0.56560	11.09672	1.09515	1	-0.00498	-0.01066	0.71421	0.00296	1	0.06114	-0.01446	0.66023	0.00304	1	1.45898	0.81042	0	
1253745	8456.19531	3305361547735	0.42590	0.65811	8455.86035	0.33496	11416	1	0.50206	0.64317	1	0.36239	0.69948	1	0.43223	0.67133	1	0.47983	0.54319	11.09382	1.09515	1	0.74002	0.56548	11.12999	1.08749	1	-0.00498	-0.01066	0.71421	0.00302	1	0.06114	-0.01446	0.66023	0.00307	1	1.45898	0.81042	0	
1253746	8456.20215	3305361614602	0.42570	0.65827	8455.86035	0.34180	11416	1	0.49678	0.64843	1	0.35800	0.70452	1	0.42739	0.67648	1	0.47991	0.54317	11.06509	1.08749	1	0.73993	0.56558	11.39370	1.07983	1	-0.00498	-0.01066	0.71421	0.00304	1	0.06114	-0.01446	0.66023	0.00307	1	1.45898	0.81042	0	
1253747	8456.20801	3305361678984	0.42553	0.65865	8455.86035	0.34766	11416	1	0.49776	0.65217	1	0.35800	0.70452	1	0.42788	0.67835	1	0.47976	0.54313	11.04831	1.07983	1	0.74012	0.56525	11.13135	1.07983	1	-0.00498	-0.01066	0.71421	0.00301	1	0.06431	-0.01522	0.69504	0.00293	1	1.45898	0.81042	0	
1253748	8456.21582	3305361748959	0.42517	0.65854	8455.86035	0.35547	11416	1	0.46835	0.64478	1	0.37537	0.64178	1	0.42186	0.64328	1	0.47936	0.54317	10.82166	1.07983	1	0.74013	0.56498	11.01472	1.08749	1	-0.00498	-0.01066	0.71421	0.00297	1	0.06431	-0.01522	0.69504	0.00318	1	1.45898	0.81042	0	
1253749	8456.22168	3305361816775	0.42527	0.65906	8455.86035	0.36133	11416	1	0.48268	0.68029	1	0.37323	0.64281	1	0.42795	0.66155	1	0.47966	0.54299	10.62189	1.08749	1	0.74009	0.56497	11.20809	1.09515	1	-0.00498	-0.01066	0.71421	0.00311	1	0.06431	-0.01522	0.69504	0.00298	1	1.45898	0.81042	0	
1253750	8456.22852	3305361883575	0.42535	0.65950	8455.86035	0.36816	11416	1	0.48161	0.67677	1	0.37323	0.64281	1	0.42742	0.65979	1	0.47908	0.54291	10.33900	1.09515	1	0.74070	0.56427	10.83112	1.09515	1	-0.00498	-0.01066	0.71421	0.00309	1	0.06114	-0.01446	0.66023	0.00317	1	1.45898	0.81042	0	
1253751	8456.23535	3305361947414	0.42556	0.65986	8455.86035	0.37500	11416	1	0.48298	0.70364	1	0.38949	0.61641	1	0.43624	0.66003	1	0.47959	0.54290	11.30885	1.09515	1	0.74035	0.56460	10.80170	1.08749	1	-0.00498	-0.01066	0.71421	0.00297	1	0.06114	-0.01446	0.66023	0.00315	1	1.45898	0.81042	0	
1253752	8456.24219	3305362014174	0.42540	0.65939	8455.86035	0.38184	11416	1	0.46690	0.68806	1	0.37938	0.58264	1	0.42314	0.63535	1	0.47947	0.54263	10.65691	1.08749	1	0.74028	0.56429	9.96372	1.07983	1	-0.00498	-0.01066	0.71421	0.00284	1	0.06114	-0.01446	0.66023	0.00317	1	1.45898	0.81042	0	
1253753	8456.24805	3305362079682	0.42523	0.65881	8455.86035	0.38770	11416	1	0.46947	0.69564	1	0.38022	0.59215	1	0.42484	0.64390	1	0.48083	0.54383	11.23896	1.07075	1	0.74090	0.56477	10.33892	1.06309	1	-0.00469	-0.00994	0.67946	0.00283	1	0.06097	-0.01420	0.65732	0.00307	1	1.45898	0.81042	0	
1253754	8456.25488	3305362147847	0.42498	0.66144	8455.86035	0.39453	11416	1	0.46947	0.69564	0	0.40304	0.78461	1	0.40304	0.78461	1	0.48083	0.54383	11.23896	1.05400	0	0.74147	0.56481	9.24830	1.05400	1	-0.00469	-0.00994	0.67946	0.00283	1	0.06097	-0.01420	0.65732	0.00261	1	1.45898	0.81042	0	
1253755	8456.26172	3305362212450	0.42498	0.66144	8455.86035	0.40137	11416	1	0.46947	0.69564	0	0.40304	0.78461	0	0.40304	0.78461	0	0.48083	0.54383	11.23896	1.04492	0	0.74147	0.56481	9.24830	1.04492	0	-0.00469	-0.00994	0.67946	0.00283	1	0.06097	-0.01420	0.65732	0.00261	1	1.45898	0.81042	0	
1253756	8456.26855	3305362279732	0.42498	0.66144	8455.86035	0.40820	11416	1	0.46947	0.69564	0	0.40304	0.78461	0	0.40304	0.78461	0	0.48083	0.54383	11.23896	1.03583	0	0.74147	0.56481	9.24830	1.03583	0	-0.00469	-0.00994	0.67946	0.00283	1	0.06097	-0.01420	0.65732	0.00261	1	1.45898	0.81042	0	
1253757	8456.27539	3305362349573	0.42498	0.66144	8455.86035	0.41504	11416	1	0.46947	0.69564	0	0.40304	0.78461	0	0.40304	0.78461	0	0.48083	0.54383	11.23896	1.03583	0	0.74147	0.56481	9.24830	1.03583	0	-0.00469	-0.00994	0.67946	0.00283	1	0.06097	-0.01420	0.65732	0.00261	1	1.45898	0.81042	0	
1253758	8456.28223	3305362415515	0.42688	0.67059	8455.86035	0.41504	11416	0	0.46947	0.69564	0	0.40304	0.78461	0	0.40304	0.78461	0	0.48083	0.54383	11.23896	1.03583	0	0.74147	0.56481	9.24830	1.03583	0	-0.00469	-0.00994	0.67946	0.00283	1	0.06097	-0.01420	0.65732	0.00261	1	1.45898	0.81042	0	
1253759	8456.28906	3305362483238	0.42688	0.67059	8455.86035	0.41504	11416	0	0.46947	0.69564	0	0.40304	0.78461	0	0.40304	0.78461	0	0.48083	0.54383	11.23896	1.03583	0	0.74147	0.56481	9.24830	1.03583	0	-0.00469	-0.00994	0.67946	0.00283	1	0.06097	-0.01420	0.65732	0.00261	1	1.45898	0.81042	0	
1253760	8456.29492	3305362548264	0.42688	0.67059	8455.86035	0.41504	11416	0	0.46947	0.69564	0	0.40304	0.78461	0	0.40304	0.78461	0	0.48083	0.54383	11.23896	1.03583	0	0.74147	0.56481	9.24830	1.03583	0	-0.00469	-0.00994	0.67946	0.00283	1	0.06097	-0.01420	0.65732	0.00261	1	1.45898	0.81042	0	
1253761	8456.30176	3305362617004	0.00000	0.00000	8455.86035	0.41504	11416	0	0.46947	0.69564	0	0.40304	0.78461	0	0.40304	0.78461	0	0.48083	0.54383	11.23896	1.03583	0	0.74147	0.56481	9.24830	1.03583	0	-0.00469	-0.00994	0.67946	0.00283	1	0.06097	-0.01420	0.65732	0.00261	1	1.45898	0.81042	0	
1253762	8456.30859	3305362681884	0.00000	0.00000	8455.86035	0.41504	11416	0	0.46947	0.69564	0	0.40304	0.78461	0	0.40304	0.78461	0	0.48083	0.54383	11.23896	1.03583	0	0.74147	0.56481	9.24830	1.03583	0	-0.00469	-0.00994	0.67946	0.00283	1	0.06097	-0.01420	0.65732	0.00261	1	1.45898	0.81042	0	
1253763	8456.31543	3305362749048	0.00000	0.00000	8455.86035	0.41504	11416	0	0.46947	0.69564	0	0.40304	0.78461	0	0.40304	0.78461	0	0.48083	0.54383	11.23896	1.03583	0	0.74147	0.56481	9.24830	1.03583	0	-0.00469	-0.00994	0.67946	0.00283	1	0.06097	-0.01420	0.65732	0.00261	1	1.45898	0.81042	0	
1253764	8456.32227	3305362816250	0.00000	0.00000	8455.86035	0.41504	11416	0	0.46947	0.69564	0	0.40304	0.78461	0	0.40304	0.78461	0	0.48083	0.54383	11.23896	1.03583	0	0.74147	0.56481	9.24830	1.03583	0	-0.00469	-0.00994	0.67946	0.00283	1	0.06097	-0.01420	0.65732	0.00261	1	1.45898	0.81042	0	
1253765	8456.32910	3305362887398	0.00000	0.00000	8455.86035	0.41504	11416	0	0.46947	0.69564	0	0.40304	0.78461	0	0.40304	0.78461	0	0.48083	0.54383	11.23896	1.03583	0	0.74147	0.56481	9.24830	1.03583	0	-0.00469	-0.00994	0.67946	0.00283	1	0.06097	-0.01420	0.65732	0.00261	1	1.45898	0.81042	0	
1253766	8456.33594	3305362953781	0.00000	0.00000	8455.86035	0.41504	11416	0	0.46947	0.69564	0	0.40304	0.78461	0	0.40304	0.78461	0	0.48083	0.54383	11.23896	1.03583	0	0.74147	0.56481	9.24830	1.03583	0	-0.00469	-0.00994	0.67946	0.00283	1	0.06097	-0.01420	0.65732	0.00261	1	1.45898	0.81042	0	
1253767	8456.34277	3305363021268	0.00000	0.00000	8455.86035	0.41504	11416	0	0.46947	0.69564	0	0.40304	0.78461	0	0.40304	0.78461	0	0.48083	0.54383	11.23896	1.03583	0	0.74147	0.56481	9.24830	1.03583	0	-0.00469	-0.00994	0.67946	0.00283	1	0.06097	-0.01420	0.65732	0.00261	1	1.45898	0.81042	0	
1253768	8456.34961	3305363088238	0.00000	0.00000	8455.86035	0.41504	11416	0	0.46947	0.69564	0	0.40304	0.78461	0	0.40304	0.78461	0	0.48083	0.54383	11.23896	1.03583	0	0.74147	0.56481	9.24830	1.03583	0	-0.00469	-0.00994	0.67946	0.00283	1	0.06097	-0.01420	0.65732	0.00261	1	1.45898	0.81042	0	
1253769	8456.35547	3305363153313	0.00000	0.00000	8455.86035	0.41504	11416	0	0.46947	0.69564	0	0.40304	0.78461	0	0.40304	0.78461	0	0.48083	0.54383	11.23896	1.03583	0	0.74147	0.56481	9.24830	1.03583	0	-0.00469	-0.00994	0.67946	0.00283	1	0.06097	-0.01420	0.65732	0.00261	1	1.45898	0.81042	0	
1253770	8456.36230	3305363222150	0.00000	0.00000	8455.86035	0.41504	11416	0	0.46947	0.69564	0	0.40304	0.78461	0	0.40304	0.78461	0	0.48083	0.54383	11.23896	1.03583	0	0.74147	0.56481	9.24830	1.03583	0	-0.00469	-0.00994	0.67946	0.00283	1	0.06097	-0.01420	0.65732	0.00261	1	1.45898	0.81042	0	
1253771	8456.36914	3305363287145	0.00000	0.00000	8455.86035	0.41504	11416	0	0.46947	0.69564	0	0.40304	0.78461	0	0.40304	0.78461	0	0.48083	0.54383	11.23896	1.03583	0	0.74147	0.56481	9.24830	1.03583	0	-0.00469	-0.00994	0.67946	0.00283	1	0.06097	-0.01420	0.65732	0.00261	1	1.45898	0.81042	0	
1253772	8456.37598	3305363355944	0.00000	0.00000	8455.86035	0.41504	11416	0	0.46947	0.69564	0	0.40304	0.78461	0	0.40304	0.78461	0	0.48083	0.54383	11.23896	1.03583	0	0.74147	0.56481	9.24830	1.03583	0	-0.00469	-0.00994	0.67946	0.00283	1	0.06097	-0.01420	0.65732	0.00261	1	1.45898	0.81042	0	
1253773	8456.38281	3305363423190	0.00000	0.00000	8455.86035	0.41504	11416	0	0.46947	0.69564	0	0.40304	0.78461	0	0.40304	0.78461	0	0.48083	0.54383	11.23896	1.03583	0	0.74147	0.56481	9.24830	1.03583	0	-0.00469	-0.00994	0.67946	0.00283	1	0.06097	-0.01420	0.65732	0.00261	1	1.45898	0.81042	0	
1253774	8456.38965	3305363490344	0.00000	0.00000	8455.86035	0.41504	11416	0	0.46947	0.69564	0	0.40304	0.78461	0	0.40304	0.78461	0	0.48083	0.54383	11.23896	1.03583	0	0.74147	0.56481	9.24830	1.03583	0	-0.00469	-0.00994	0.67946	0.00283	1	0.06097	-0.01420	0.65732	0.00261	1	1.45898	0.81042	0	
1253775	8456.39648	3305363556461	0.00000	0.00000	8455.86035	0.41504	11416	0	0.46947	0.69564	0	0.40304	0.78461	0	0.40304	0.78461	0	0.48083	0.54383	11.23896	1.03583	0	0.74147	0.56481	9.24830	1.03583	0	-0.00469	-0.00994	0.67946	0.00283	1	0.06097	-0.01420	0.65732	0.00261	1	1.45898	0.81042	0	
1253776	8456.40234	3305363621883	0.00000	0.00000	8455.86035	0.41504	11416	0	0.46947	0.69564	0	0.40304	0.78461	0	0.40304	0.78461	0	0.48083	0.54383	11.23896	1.03583	0	0.74147	0.56481	9.24830	1.03583	0	-0.00469	-0.00994	0.67946	0.00283	1	0.06097	-0.01420	0.65732	0.00261	1	1.45898	0.81042	0	
1253777	8456.41016	3305363692095	0.00000	0.00000	8455.86035	0.41504	11416	0	0.46947	0.69564	0	0.40304	0.78461	0	0.40304	0.78461	0	0.48083	0.54383	11.23896	1.03583	0	0.74147	0.56481	9.24830	1.03583	0	-0.00469	-0.00994	0.67946	0.00283	1	0.06097	-0.01420	0.65732	0.00261	1	1.45898	0.81042	0	
1253778	8456.41602	3305363757801	0.00000	0.00000	8455.86035	0.41504	11416	0	0.46947	0.69564	0	0.40304	0.78461	0	0.40304	0.78461	0	0.48083	0.54383	11.23896	1.03583	0	0.74147	0.56481	9.24830	1.03583	0	-0.00469	-0.00994	0.67946	0.00283	1	0.06097	-0.01420	0.65732	0.00261	1	1.45898	0.81042	0	
1253779	8456.42285	3305363825016	0.00000	0.00000	8455.86035	0.41504	11416	0	0.46947	0.69564	0	0.40304	0.78461	0	0.40304	0.78461	0	0.48083	0.54383	11.23896	1.03583	0	0.74147	0.56481	9.24830	1.03583	0	-0.00469	-0.00994	0.67946	0.00283	1	0.06097	-0.01420	0.65732	0.00261	1	1.45898	0.81042	0	
1253780	8456.42969	3305363891778	0.00000	0.00000	8455.86035	0.41504	11416	0	0.46947	0.69564	0	0.40304	0.78461	0	0.40304	0.78461	0	0.48083	0.54383	11.23896	1.03583	0	0.74147	0.56481	9.24830	1.03583	0	-0.00469	-0.00994	0.67946	0.00283	1	0.06097	-0.01420	0.65732	0.00261	1	1.45898	0.81042	0	
1253781	8456.43652	3305363959107	0.00000	0.00000	8455.86035	0.41504	11416	0	0.46947	0.69564	0	0.40304	0.78461	0	0.40304	0.78461	0	0.48083	0.54383	11.23896	1.03583	0	0.74147	0.56481	9.24830	1.03583	0	-0.00469	-0.00994	0.67946	0.00283	1	0.06097	-0.01420	0.65732	0.00261	1	1.45898	0.81042	0	
1253782	8456.44336	3305364025623	0.00000	0.00000	8455.86035	0.41504	11416	0	0.46947	0.69564	0	0.40304	0.78461	0	0.40304	0.78461	0	0.48083	0.54383	11.23896	1.03583	0	0.74147	0.56481	9.24830	1.03583	0	-0.00469	-0.00994	0.67946	0.00283	1	0.06097	-0.01420	0.65732	0.00261	1	1.45898	0.81042	0	
1253783	8456.45020	3305364092996	0.00000	0.00000	8455.86035	0.41504	11416	0	0.46947	0.69564	0	0.40304	0.78461	0	0.40304	0.78461	0	0.48083	0.54383	11.23896	1.03583	0	0.74147	0.56481	9.24830	1.03583	0	-0.00469	-0.00994	0.67946	0.00283	1	0.06097	-0.01420	0.65732	0.00261	1	1.45898	0.81042	0	
1253784	8456.45605	3305364160389	0.24555	0.20118	8455.86035	0.41504	11416	0	0.51020	0.39535	1	0.47199	0.40939	1	0.49109	0.40237	1	0.48056	0.53601	10.88177	1.03583	1	0.74283	0.55941	11.41553	1.03583	1	-0.00469	-0.00994	0.67946	0.00336	1	0.06097	-0.01420	0.65732	0.00377	1	1.45898	0.81042	0	
1253785	8456.46289	3305364227079	0.48320	0.36413	8455.86035	0.41504	11416	0	0.48400	0.21351	1	0.46663	0.43828	1	0.47532	0.32589	1	0.48030	0.53377	10.82122	1.03583	1	0.74277	0.55941	11.61675	1.03583	1	-0.00469	-0.00994	0.67946	0.00221	1	0.06097	-0.01420	0.65732	0.00384	1	1.45898	0.81042	0	
1253786	8456.46973	3305364292762	0.47907	0.33980	8455.86035	0.41504	11416	0	0.48273	0.20500	1	0.46714	0.42595	1	0.47493	0.31548	1	0.48018	0.53590	10.68057	1.04492	1	0.74254	0.55938	12.18192	1.05257	1	-0.00489	-0.00988	0.71627	0.00388	1	0.06291	-0.01398	0.67556	0.00357	1	1.45898	0.81042	0	
1253787	8456.47656	3305364360840	0.47843	0.35804	8455.86035	0.41504	11416	0	0.50656	0.43270	1	0.44777	0.35630	1	0.47716	0.39450	1	0.48047	0.53661	10.76867	1.06166	1	0.74241	0.55884	11.67613	1.06932	1	-0.00489	-0.00988	0.71627	0.00362	1	0.06291	-0.01398	0.67556	0.00408	1	1.45898	0.81042	0	
1253788	8456.48340	3305364424881	0.47624	0.36267	8456.46289	0.02051	11417	1	0.51022	0.37537	1	0.42907	0.37776	1	0.46965	0.37656	1	0.48051	0.53664	10.80666	1.07841	1	0.74209	0.55957	12.10413	1.08606	1	-0.00489	-0.00988	0.71627	0.00370	1	0.06291	-0.01398	0.67556	0.00380	1	1.45898	0.81042	0	
1253789	8456.48926	3305364492089	0.47492	0.36550	8456.46289	0.02637	11417	1	0.51026	0.37564	1	0.42907	0.37803	1	0.46967	0.37683	1	0.48014	0.53588	11.12691	1.07805	1	0.74243	0.55910	12.24815	1.08571	1	-0.00455	-0.00904	0.65186	0.00399	1	0.06349	-0.01421	0.68173	0.00366	1	1.45898	0.81042	0	
1253790	8456.49609	3305364558559	0.47861	0.36360	8456.46289	0.03320	11417	1	0.50730	0.35330	1	0.48678	0.35491	1	0.49704	0.35411	1	0.48017	0.53622	11.23378	1.06861	1	0.74261	0.55890	11.80540	1.06861	1	-0.00455	-0.00904	0.65186	0.00393	1	0.06349	-0.01421	0.68173	0.00368	1	1.45898	0.81042	0	
1253791	8456.50293	3305364626187	0.47965	0.36995	8456.46289	0.04004	11417	1	0.49929	0.36636	1	0.47251	0.44973	1	0.48590	0.40804	1	0.48004	0.53624	11.44050	1.05150	1	0.74246	0.55945	12.10820	1.05150	1	-0.00455	-0.00904	0.65186	0.00381	1	0.06349	-0.01421	0.68173	0.00379	1	1.45898	0.81042	0	
1253792	8456.50977	3305364695855	0.48053	0.37631	8456.46289	0.04688	11417	1	0.50146	0.37961	1	0.47191	0.46196	1	0.48668	0.42079	1	0.47984	0.53706	10.92208	1.03440	1	0.74252	0.55876	11.81419	1.03440	1	-0.00455	-0.00904	0.65186	0.00368	1	0.06297	-0.01412	0.67728	0.00390	1	1.45898	0.81042	0	
1253793	8456.51660	3305364762460	0.48176	0.37987	8456.46289	0.05371	11417	1	0.51006	0.44028	1	0.47305	0.37645	1	0.49156	0.40837	1	0.48018	0.53702	10.41479	1.03440	1	0.74244	0.55866	11.91079	1.03440	1	-0.00455	-0.00904	0.65186	0.00374	1	0.06297	-0.01412	0.67728	0.00409	1	1.45898	0.81042	0	
1253794	8456.52344	3305364828258	0.48181	0.37819	8456.46289	0.06055	11417	1	0.48954	0.43621	1	0.47499	0.28990	1	0.48226	0.36306	1	0.47990	0.53691	11.10608	1.03440	1	0.74240	0.55790	11.66583	1.03440	1	-0.00455	-0.00904	0.65186	0.00368	1	0.06297	-0.01412	0.67728	0.00405	1	1.45898	0.81042	0	
1253795	8456.53027	3305364896577	0.48179	0.37522	8456.46289	0.06738	11417	1	0.48719	0.42389	1	0.47597	0.26718	1	0.48158	0.34554	1	0.47990	0.53624	11.01027	1.05150	1	0.74238	0.55932	11.98550	1.06018	1	-0.00499	-0.00972	0.70068	0.00388	1	0.06565	-0.01468	0.70667	0.00384	1	1.45898	0.81042	0	
1253796	8456.53711	3305364962983	0.48187	0.37866	8456.46289	0.07422	11417	1	0.49966	0.40006	1	0.46592	0.43297	1	0.48279	0.41652	1	0.48001	0.53686	11.32951	1.07729	1	0.74234	0.55972	12.19079	1.08597	1	-0.00499	-0.00972	0.70068	0.00372	1	0.06565	-0.01468	0.70667	0.00365	1	1.45898	0.81042	0	
1253797	8456.54395	3305365032453	0.48152	0.38012	8456.46289	0.08105	11417	1	0.48426	0.41662	1	0.47045	0.37857	1	0.47735	0.39759	1	0.47979	0.53733	11.52156	1.10307	1	0.74241	0.55923	12.02853	1.11175	1	-0.00499	-0.00972	0.70068	0.00369	1	0.06565	-0.01468	0.70667	0.00400	1	1.45898	0.81042	0	
1253798	8456.55078	3305365099480	0.48116	0.38051	8456.46289	0.08789	11417	1	0.48204	0.40503	1	0.47097	0.36621	1	0.47650	0.38562	1	0.48014	0.53685	11.09044	1.11977	1	0.74204	0.55936	11.75348	1.12845	1	-0.00473	-0.00941	0.67127	0.00365	1	0.06565	-0.01479	0.70667	0.00400	1	1.45898	0.81042	0	
1253799	8456.55664	3305365164472	0.48133	0.38146	8456.46289	0.09375	11417	1	0.52119	0.39423	1	0.44622	0.39527	1	0.48370	0.39475	1	0.48001	0.53710	11.21986	1.11936	1	0.74195	0.55955	11.87715	1.11936	1	-0.00473	-0.00941	0.67127	0.00362	1	0.06565	-0.01479	0.70667	0.00397	1	1.45898	0.81042	0	
1253800	8456.56348	3305365231475	0.48321	0.38139	8456.46289	0.10059	11417	1	0.52661	0.39427	1	0.49614	0.36627	1	0.51137	0.38027	1	0.48010	0.53712	11.26298	1.11028	1	0.74241	0.55915	11.74096	1.11028	1	-0.00473	-0.00941	0.67127	0.00361	1	0.06565	-0.01479	0.70667	0.00408	1	1.45898	0.81042	0	
1253801	8456.57031	3305365298437	0.48485	0.38207	8456.46289	0.10742	11417	1	0.52750	0.40070	1	0.49477	0.38544	1	0.51114	0.39307	1	0.48009	0.53747	11.46810	1.10119	1	0.74209	0.55984	11.44237	1.08485	1	-0.00483	-0.00967	0.68560	0.00362	1	0.06038	-0.01350	0.64997	0.00369	1	1.45898	0.81042	0	
1253802	8456.57715	3305365365644	0.48556	0.38491	8456.46289	0.11426	11417	1	0.52206	0.43019	1	0.47314	0.43605	1	0.49760	0.43312	1	0.48002	0.53731	11.25191	1.08485	1	0.74200	0.55943	11.24331	1.06851	1	-0.00483	-0.00967	0.68560	0.00369	1	0.06038	-0.01350	0.64997	0.00383	1	1.45898	0.81042	0	
1253803	8456.58398	3305365432388	0.48602	0.38519	8456.46289	0.12109	11417	1	0.51897	0.43022	1	0.46954	0.35026	1	0.49426	0.39024	1	0.47993	0.53722	11.40942	1.06851	1	0.74200	0.55850	11.14364	1.05217	1	-0.00483	-0.00967	0.68560	0.00371	1	0.06038	-0.01350	0.64997	0.00412	1	1.45898	0.81042	0	
1253804	8456.59082	3305365500093	0.48645	0.38556	8456.46289	0.12793	11417	1	0.51976	0.43531	1	0.46955	0.34993	1	0.49466	0.39262	1	0.47993	0.53687	11.28640	1.06126	1	0.74171	0.55880	11.76770	1.05257	1	-0.00499	-0.00993	0.70068	0.00379	1	0.06378	-0.01433	0.68706	0.00405	1	1.45898	0.81042	0	
1253805	8456.59668	3305365566364	0.48681	0.38530	8456.46289	0.13379	11417	1	0.52670	0.41903	1	0.46138	0.34129	1	0.49404	0.38016	1	0.48005	0.53694	11.25487	1.06166	1	0.74179	0.55855	11.53973	1.06932	1	-0.00499	-0.00993	0.70068	0.00365	1	0.06378	-0.01433	0.68706	0.00420	1	1.45898	0.81042	0	
1253806	8456.60352	3305365633872	0.48678	0.38482	8456.46289	0.14062	11417	1	0.51707	0.41234	1	0.45497	0.33721	1	0.48602	0.37477	1	0.47995	0.53694	11.46666	1.07841	1	0.74172	0.55866	11.68052	1.08606	1	-0.00499	-0.00993	0.70068	0.00363	1	0.06378	-0.01433	0.68706	0.00416	1	1.45898	0.81042	0	
1253807	8456.61035	3305365700304	0.48671	0.38384	8456.46289	0.14746	11417	1	0.51524	0.40042	1	0.45527	0.32391	1	0.48526	0.36216	1	0.48004	0.53722	11.57840	1.09515	1	0.74161	0.55965	12.48571	1.10281	1	-0.00508	-0.00986	0.69897	0.00357	1	0.06378	-0.01427	0.68706	0.00376	1	1.45898	0.81042	0	
1253808	8456.61719	3305365767462	0.48740	0.38507	8456.46289	0.15430	11417	1	0.52419	0.41919	1	0.48214	0.40773	1	0.50317	0.41346	1	0.47997	0.53744	11.18199	1.10281	1	0.74175	0.55947	12.34299	1.10281	1	-0.00508	-0.00986	0.69897	0.00351	1	0.06378	-0.01427	0.68706	0.00378	1	1.45898	0.81042	0	
1253809	8456.62402	3305365834177	0.48736	0.38562	8456.46289	0.16113	11417	1	0.50032	0.38888	1	0.47254	0.40875	1	0.48643	0.39882	1	0.47975	0.53702	11.65218	1.10281	1	0.74171	0.55973	12.45981	1.10281	1	-0.00508	-0.00986	0.69897	0.00355	1	0.06378	-0.01427	0.68706	0.00371	1	1.45898	0.81042	0	
1253810	8456.63086	3305365901259	0.48733	0.38649	8456.46289	0.16797	11417	1	0.50141	0.39541	1	0.47199	0.42079	1	0.48670	0.40810	1	0.47948	0.53688	11.36636	1.09372	1	0.74174	0.55947	12.52355	1.08606	1	-0.00484	-0.00953	0.67209	0.00354	1	0.06114	-0.01367	0.66023	0.00356	1	1.45898	0.81042	0	
1253811	8456.63770	3305365968280	0.48782	0.38584	8456.46289	0.17480	11417	1	0.52301	0.38759	1	0.47812	0.35050	1	0.50056	0.36905	1	0.47969	0.53724	11.97997	1.07698	1	0.74166	0.55845	12.20913	1.06932	1	-0.00484	-0.00953	0.67209	0.00350	1	0.06114	-0.01367	0.66023	0.00403	1	1.45898	0.81042	0	
1253812	8456.64453	3305366036222	0.48769	0.38715	8456.46289	0.18164	11417	1	0.50461	0.37876	1	0.46367	0.46607	1	0.48414	0.42242	1	0.47930	0.53696	10.85506	1.06023	1	0.74149	0.55973	12.83842	1.05257	1	-0.00484	-0.00953	0.67209	0.00356	1	0.06114	-0.01367	0.66023	0.00368	1	1.45898	0.81042	0	
1253813	8456.65039	3305366102373	0.48758	0.38856	8456.46289	0.18750	11417	1	0.50554	0.38456	1	0.46346	0.47142	1	0.48450	0.42799	1	0.47908	0.53624	11.09170	1.05257	1	0.74115	0.55955	12.71345	1.04492	1	-0.00508	-0.00991	0.69897	0.00397	1	0.06061	-0.01365	0.65454	0.00367	1	1.45898	0.81042	0	
1253814	8456.65723	3305366169215	0.48730	0.38957	8456.46289	0.19434	11417	1	0.49024	0.39205	1	0.46788	0.44608	1	0.47906	0.41906	1	0.47910	0.53711	11.17778	1.05400	1	0.74153	0.55944	12.48785	1.05400	1	-0.00508	-0.00991	0.69897	0.00358	1	0.06061	-0.01365	0.65454	0.00361	1	1.45898	0.81042	0	
1253815	8456.66406	3305366236237	0.48741	0.39042	8456.46289	0.20117	11417	1	0.49647	0.42021	1	0.48515	0.41167	1	0.49081	0.41594	1	0.47924	0.53751	11.75725	1.06309	1	0.74141	0.55935	12.45191	1.06309	1	-0.00508	-0.00991	0.69897	0.00361	1	0.06061	-0.01365	0.65454	0.00389	1	1.45898	0.81042	0	
1253816	8456.67090	3305366303414	0.48752	0.39113	8456.46289	0.20801	11417	1	0.49647	0.42021	1	0.48551	0.40597	1	0.49099	0.41309	1	0.47934	0.53715	11.66694	1.06309	1	0.74087	0.55928	12.21081	1.07075	1	-0.00493	-0.00952	0.67141	0.00351	1	0.06431	-0.01439	0.69504	0.00398	1	1.45898	0.81042	0	
1253817	8456.67676	3305366366226	0.48752	0.39241	8456.46289	0.21387	11417	1	0.50108	0.43168	1	0.47388	0.43466	1	0.48748	0.43317	1	0.47921	0.53744	11.30915	1.06166	1	0.74132	0.55946	12.89686	1.06932	1	-0.00493	-0.00952	0.67141	0.00369	1	0.06431	-0.01439	0.69504	0.00367	1	1.45898	0.81042	0	
1253818	8456.68359	3305366434745	0.48779	0.39240	8456.46289	0.22070	11417	1	0.53370	0.40963	1	0.45977	0.37504	1	0.49673	0.39234	1	0.47949	0.53746	11.80716	1.06023	1	0.74102	0.55896	11.94986	1.06789	1	-0.00493	-0.00952	0.67141	0.00358	1	0.06431	-0.01439	0.69504	0.00393	1	1.45898	0.81042	0	
1253819	8456.69043	3305366501018	0.48805	0.39243	8456.46289	0.22754	11417	1	0.53384	0.41067	1	0.45974	0.37615	1	0.49679	0.39341	1	0.47934	0.53716	11.66439	1.05881	1	0.74083	0.55956	12.55155	1.06647	1	-0.00493	-0.00952	0.67141	0.00342	1	0.06288	-0.01417	0.67958	0.00370	1	1.45898	0.81042	0	
1253820	8456.69727	3305366570670	0.48797	0.39343	8456.46289	0.23438	11417	1	0.52618	0.40698	1	0.44441	0.44938	1	0.48529	0.42818	1	0.47928	0.53731	11.61151	1.06647	1	0.74075	0.55975	12.58205	1.06647	1	-0.00493	-0.00952	0.67141	0.00347	1	0.06288	-0.01417	0.67958	0.00372	1	1.45898	0.81042	0	
1253821	8456.70410	3305366634352	0.48825	0.39404	8456.46289	0.24121	11417	1	0.53551	0.40717	1	0.46076	0.42514	1	0.49814	0.41615	1	0.47941	0.53723	12.09050	1.06647	1	0.74102	0.55954	12.12162	1.06647	1	-0.00493	-0.00952	0.67141	0.00337	1	0.06288	-0.01417	0.67958	0.00375	1	1.45898	0.81042	0	
1253822	8456.71094	3305366702268	0.48852	0.39469	8456.46289	0.24805	11417	1	0.53627	0.41297	1	0.46078	0.42466	1	0.49853	0.41881	1	0.47901	0.53685	11.18996	1.05845	1	0.74091	0.55925	12.15556	1.06713	1	-0.00486	-0.00929	0.65533	0.00378	1	0.06425	-0.01444	0.69492	0.00370	1	1.45898	0.81042	0	
1253823	8456.71777	3305366769228	0.48836	0.39337	8456.46289	0.25488	11417	1	0.51436	0.34574	1	0.45055	0.34062	1	0.48245	0.34318	1	0.47907	0.53674	11.09531	1.05911	1	0.74086	0.55852	12.03881	1.06779	1	-0.00486	-0.00929	0.65533	0.00374	1	0.06425	-0.01444	0.69492	0.00406	1	1.45898	0.81042	0	
1253824	8456.72461	3305366837023	0.48813	0.39329	8456.46289	0.26172	11417	1	0.51653	0.36829	1	0.44133	0.41179	1	0.47893	0.39004	1	0.47910	0.53692	11.10879	1.05978	1	0.74080	0.55937	12.12175	1.06846	1	-0.00486	-0.00929	0.65533	0.00376	1	0.06425	-0.01444	0.69492	0.00368	1	1.45898	0.81042	0	
1253825	8456.73047	3305366903795	0.48790	0.39320	8456.46289	0.26758	11417	1	0.51646	0.36778	1	0.44133	0.41131	1	0.47890	0.38954	1	0.47900	0.53643	10.94656	1.06044	1	0.74098	0.55918	11.97196	1.06912	1	-0.00486	-0.00929	0.65533	0.00367	1	0.06425	-0.01444	0.69492	0.00364	1	1.45898	0.81042	0	
1253826	8456.73730	3305366972577	0.48812	0.39216	8456.46289	0.27441	11417	1	0.51387	0.32556	1	0.48013	0.37376	1	0.49700	0.34966	1	0.47926	0.53649	10.81571	1.06912	1	0.74095	0.55914	12.09850	1.06912	1	-0.00486	-0.00929	0.65533	0.00370	1	0.06425	-0.01444	0.69492	0.00367	1	1.45898	0.81042	0	
1253827	8456.74414	3305367039178	0.48811	0.39112	8456.46289	0.28125	11417	1	0.49384	0.30466	1	0.48141	0.39059	1	0.48763	0.34762	1	0.47885	0.53618	10.89366	1.06912	1	0.74093	0.55921	12.19327	1.06912	1	-0.00486	-0.00929	0.65533	0.00381	1	0.06425	-0.01444	0.69492	0.00365	1	1.45898	0.81042	0	
1253828	8456.75098	3305367106891	0.48795	0.39126	8456.46289	0.28809	11417	1	0.49384	0.30466	0	0.48104	0.39718	1	0.48104	0.39718	1	0.47885	0.53618	10.89366	1.06912	0	0.74093	0.55949	12.61610	1.06044	1	-0.00486	-0.00929	0.65533	0.00381	1	0.06256	-0.01407	0.67721	0.00355	1	1.45898	0.81042	0	
1253829	8456.75781	3305367173940	0.48795	0.39126	8456.46289	0.29492	11417	1	0.49384	0.30466	0	0.48104	0.39718	0	0.48104	0.39718	0	0.47885	0.53618	10.89366	1.06044	0	0.74093	0.55949	12.61610	1.05176	0	-0.00486	-0.00929	0.65533	0.00381	1	0.06256	-0.01407	0.67721	0.00355	1	1.45898	0.81042	0	
1253830	8456.76465	3305367242172	0.48795	0.39126	8456.46289	0.30176	11417	1	0.49384	0.30466	0	0.48104	0.39718	0	0.48104	0.39718	0	0.47885	0.53618	10.89366	1.05176	0	0.74093	0.55949	12.61610	1.04308	0	-0.00486	-0.00929	0.65533	0.00381	1	0.06256	-0.01407	0.67721	0.00355	1	1.45898	0.81042	0	
1253831	8456.77148	3305367306766	0.48795	0.39126	8456.46289	0.30859	11417	1	0.49384	0.30466	0	0.48104	0.39718	0	0.48104	0.39718	0	0.47885	0.53618	10.89366	1.04308	0	0.74093	0.55949	12.61610	1.03440	0	-0.00486	-0.00929	0.65533	0.00381	1	0.06256	-0.01407	0.67721	0.00355	1	1.45898	0.81042	0	
1253832	8456.77832	3305367374674	0.48908	0.39161	8456.46289	0.30859	11417	0	0.49384	0.30466	0	0.48104	0.39718	0	0.48104	0.39718	0	0.47885	0.53618	10.89366	1.03440	0	0.74093	0.55949	12.61610	1.03440	0	-0.00486	-0.00929	0.65533	0.00381	1	0.06256	-0.01407	0.67721	0.00355	1	1.45898	0.81042	0	
1253833	8456.78418	3305367439833	0.48908	0.39161	8456.46289	0.30859	11417	0	0.49384	0.30466	0	0.48104	0.39718	0	0.48104	0.39718	0	0.47885	0.53618	10.89366	1.03440	0	0.74093	0.55949	12.61610	1.03440	0	-0.00486	-0.00929	0.65533	0.00381	1	0.06256	-0.01407	0.67721	0.00355	1	1.45898	0.81042	0	
1253834	8456.79199	3305367516030	0.48908	0.39161	8456.46289	0.30859	11417	0	0.49384	0.30466	0	0.48104	0.39718	0	0.48104	0.39718	0	0.47885	0.53618	10.89366	1.03440	0	0.74093	0.55949	12.61610	1.03440	0	-0.00486	-0.00929	0.65533	0.00381	1	0.06256	-0.01407	0.67721	0.00355	1	1.45898	0.81042	0	
1253835	8456.79785	3305367575698	0.00000	0.00000	8456.46289	0.30859	11417	0	0.49384	0.30466	0	0.48104	0.39718	0	0.48104	0.39718	0	0.47885	0.53618	10.89366	1.03440	0	0.74093	0.55949	12.61610	1.03440	0	-0.00486	-0.00929	0.65533	0.00381	1	0.06256	-0.01407	0.67721	0.00355	1	1.45898	0.81042	0	
1253836	8456.80469	3305367642130	0.00000	0.00000	8456.46289	0.30859	11417	0	0.49384	0.30466	0	0.48104	0.39718	0	0.48104	0.39718	0	0.47885	0.53618	10.89366	1.03440	0	0.74093	0.55949	12.61610	1.03440	0	-0.00486	-0.00929	0.65533	0.00381	1	0.06256	-0.01407	0.67721	0.00355	1	1.45898	0.81042	0	
1253837	8456.81152	3305367709295	0.00000	0.00000	8456.46289	0.30859	11417	0	0.49384	0.30466	0	0.48104	0.39718	0	0.48104	0.39718	0	0.47885	0.53618	10.89366	1.03440	0	0.74093	0.55949	12.61610	1.03440	0	-0.00486	-0.00929	0.65533	0.00381	1	0.06256	-0.01407	0.67721	0.00355	1	1.45898	0.81042	0	
1253838	8456.81836	3305367776627	0.50529	0.42210	8456.46289	0.30859	11417	0	0.54285	0.47396	1	0.46772	0.37024	1	0.50529	0.42210	1	0.47991	0.53746	11.22867	1.03440	1	0.74158	0.55866	11.62355	1.03440	1	-0.00486	-0.00929	0.65533	0.00346	1	0.06256	-0.01407	0.67721	0.00420	1	1.45898	0.81042	0	
1253839	8456.82520	3305367843746	0.51250	0.41777	8456.46289	0.30859	11417	0	0.55578	0.44678	1	0.48364	0.38009	1	0.51971	0.41343	1	0.48010	0.53714	11.42939	1.03440	1	0.74178	0.55877	11.35491	1.03440	1	-0.00486	-0.00929	0.65533	0.00344	1	0.06256	-0.01407	0.67721	0.00414	1	1.45898	0.81042	0	
1253840	8456.83203	3305367910884	0.51486	0.41432	8456.46289	0.30859	11417	0	0.55513	0.44111	1	0.48401	0.37372	1	0.51957	0.40741	1	0.47994	0.53723	11.08784	1.04242	1	0.74188	0.55942	11.20773	1.04242	1	-0.00493	-0.00942	0.67141	0.00346	1	0.06431	-0.01444	0.69504	0.00381	1	1.45898	0.81042	0	
1253841	8456.83789	3305367977609	0.51112	0.41984	8456.81836	0.01953	11418	1	0.53519	0.42990	1	0.46459	0.44289	1	0.49989	0.43640	1	0.47976	0.53695	11.00534	1.05043	1	0.74153	0.55953	11.76623	1.05043	1	-0.00493	-0.00942	0.67141	0.00360	1	0.06431	-0.01444	0.69504	0.00386	1	1.45898	0.81042	0	
1253842	8456.84473	3305368045035	0.50948	0.41658	8456.81836	0.02637	11418	1	0.53158	0.37383	1	0.47425	0.43331	1	0.50291	0.40357	1	0.47987	0.53705	11.00270	1.05845	1	0.74165	0.55958	11.90288	1.05845	1	-0.00493	-0.00942	0.67141	0.00350	1	0.06431	-0.01444	0.69504	0.00380	1	1.45898	0.81042	0	
1253843	8456.85156	3305368110753	0.50834	0.41342	8456.81836	0.03320	11418	1	0.53078	0.36773	1	0.47454	0.42749	1	0.50266	0.39761	1	0.47992	0.53713	11.08676	1.06647	1	0.74181	0.55952	11.41725	1.06647	1	-0.00493	-0.00942	0.67141	0.00344	1	0.06431	-0.01439	0.69504	0.00382	1	1.45898	0.81042	0	
1253844	8456.85840	3305368179501	0.50826	0.40137	8456.81836	0.04004	11418	1	0.53340	0.22592	1	0.48221	0.43223	1	0.50780	0.32907	1	0.47989	0.53528	10.94562	1.06647	1	0.74183	0.55943	11.26892	1.06647	1	-0.00493	-0.00942	0.67141	0.00404	1	0.06431	-0.01439	0.69504	0.00388	1	1.45898	0.81042	0	
1253845	8456.86523	3305368243594	0.51039	0.40468	8456.81836	0.04688	11418	1	0.55432	0.36676	1	0.49632	0.48893	1	0.52532	0.42785	1	0.48017	0.53712	11.53263	1.06647	1	0.74205	0.55965	11.71885	1.06647	1	-0.00493	-0.00942	0.67141	0.00343	1	0.06431	-0.01439	0.69504	0.00381	1	1.45898	0.81042	0	
1253846	8456.87207	3305368312707	0.50878	0.41461	8456.81836	0.05371	11418	1	0.55432	0.36676	0	0.49589	0.49406	1	0.49589	0.49406	1	0.48017	0.53712	11.53263	1.06647	0	0.47984	0.53618	10.88376	1.05881	1	-0.00493	-0.00942	0.67141	0.00343	1	-0.00477	-0.00915	0.65568	0.00374	1	1.45898	0.81042	0	
1253847	8456.87891	3305368379925	0.50878	0.41461	8456.81836	0.06055	11418	1	0.55432	0.36676	0	0.49589	0.49406	0	0.49589	0.49406	0	0.48017	0.53712	11.53263	1.05881	0	0.47984	0.53618	10.88376	1.05115	0	-0.00493	-0.00942	0.67141	0.00343	1	-0.00477	-0.00915	0.65568	0.00374	1	1.45898	0.81042	0	
1253848	8456.88477	3305368446587	0.50878	0.41461	8456.81836	0.06641	11418	1	0.55432	0.36676	0	0.49589	0.49406	0	0.49589	0.49406	0	0.48017	0.53712	11.53263	1.05115	0	0.47984	0.53618	10.88376	1.04349	0	-0.00493	-0.00942	0.67141	0.00343	1	-0.00477	-0.00915	0.65568	0.00374	1	1.45898	0.81042	0	
1253849	8456.89160	3305368511087	0.50878	0.41461	8456.81836	0.07324	11418	1	0.55432	0.36676	0	0.49589	0.49406	0	0.49589	0.49406	0	0.48017	0.53712	11.53263	1.04349	0	0.47984	0.53618	10.88376	1.03583	0	-0.00493	-0.00942	0.67141	0.00343	1	-0.00477	-0.00915	0.65568	0.00374	1	1.45898	0.81042	0	
1253850	8456.89844	3305368578224	0.50922	0.41368	8456.81836	0.07324	11418	0	0.55432	0.36676	0	0.49589	0.49406	0	0.49589	0.49406	0	0.48017	0.53712	11.53263	1.03583	0	0.47984	0.53618	10.88376	1.03583	0	-0.00493	-0.00942	0.67141	0.00343	1	-0.00477	-0.00915	0.65568	0.00374	1	1.45898	0.81042	0	
1253851	8456.90527	3305368644934	0.50922	0.41368	8456.81836	0.07324	11418	0	0.55432	0.36676	0	0.49589	0.49406	0	0.49589	0.49406	0	0.48017	0.53712	11.53263	1.03583	0	0.47984	0.53618	10.88376	1.03583	0	-0.00493	-0.00942	0.67141	0.00343	1	-0.00477	-0.00915	0.65568	0.00374	1	1.45898	0.81042	0	
1253852	8456.91211	3305368714503	0.50922	0.41368	8456.81836	0.07324	11418	0	0.55432	0.36676	0	0.49589	0.49406	0	0.49589	0.49406	0	0.48017	0.53712	11.53263	1.03583	0	0.47984	0.53618	10.88376	1.03583	0	-0.00493	-0.00942	0.67141	0.00343	1	-0.00477	-0.00915	0.65568	0.00374	1	1.45898	0.81042	0	
1253853	8456.91895	3305368781411	0.00000	0.00000	8456.81836	0.07324	11418	0	0.55432	0.36676	0	0.49589	0.49406	0	0.49589	0.49406	0	0.48017	0.53712	11.53263	1.03583	0	0.47984	0.53618	10.88376	1.03583	0	-0.00493	-0.00942	0.67141	0.00343	1	-0.00477	-0.00915	0.65568	0.00374	1	1.45898	0.81042	0	
1253854	8456.92578	3305368848895	0.00000	0.00000	8456.81836	0.07324	11418	0	0.55432	0.36676	0	0.49589	0.49406	0	0.49589	0.49406	0	0.48017	0.53712	11.53263	1.03583	0	0.47984	0.53618	10.88376	1.03583	0	-0.00493	-0.00942	0.67141	0.00343	1	-0.00477	-0.00915	0.65568	0.00374	1	1.45898	0.81042	0	
1253855	8456.93164	3305368915789	0.00000	0.00000	8456.81836	0.07324	11418	0	0.55432	0.36676	0	0.49589	0.49406	0	0.49589	0.49406	0	0.48017	0.53712	11.53263	1.03583	0	0.47984	0.53618	10.88376	1.03583	0	-0.00493	-0.00942	0.67141	0.00343	1	-0.00477	-0.00915	0.65568	0.00374	1	1.45898	0.81042	0	
1253856	8456.93848	3305368982644	0.00000	0.00000	8456.81836	0.07324	11418	0	0.55432	0.36676	0	0.49589	0.49406	0	0.49589	0.49406	0	0.48017	0.53712	11.53263	1.03583	0	0.47984	0.53618	10.88376	1.03583	0	-0.00493	-0.00942	0.67141	0.00343	1	-0.00477	-0.00915	0.65568	0.00374	1	1.45898	0.81042	0	
1253857	8456.94531	3305369049211	0.26020	0.20339	8456.81836	0.07324	11418	0	0.52848	0.37054	1	0.51233	0.44304	1	0.52041	0.40679	1	0.47975	0.53626	10.51366	1.03583	1	0.74192	0.55880	11.32797	1.03583	1	-0.00493	-0.00942	0.67141	0.00353	1	-0.00477	-0.00915	0.65568	0.00362	1	1.45898	0.81042	0	
1253858	8456.95215	3305369116297	0.34703	0.27025	8456.81836	0.07324	11418	0	0.52848	0.37054	1	0.51289	0.43741	1	0.52068	0.40397	1	0.47938	0.53422	11.02104	1.03583	1	0.74159	0.55883	11.90070	1.04349	1	-0.00493	-0.00932	0.67141	0.00226	1	0.06431	-0.01428	0.69504	0.00359	1	1.45898	0.81042	0	
1253859	8456.95898	3305369183613	0.51226	0.37470	8456.81836	0.07324	11418	0	0.50912	0.20726	1	0.48228	0.41944	1	0.49570	0.31335	1	0.47957	0.53438	10.89444	1.04349	1	0.74139	0.55895	11.09269	1.05115	1	-0.00493	-0.00932	0.67141	0.00223	1	0.06431	-0.01428	0.69504	0.00356	1	1.45898	0.81042	0	
1253860	8456.96582	3305369249703	0.50304	0.34004	8456.81836	0.07324	11418	0	0.51505	0.19351	1	0.47257	0.41723	1	0.49381	0.30537	1	0.47948	0.53422	11.08981	1.05115	1	0.74121	0.55876	11.49554	1.05881	1	-0.00493	-0.00932	0.67141	0.00229	1	0.06431	-0.01428	0.69504	0.00368	1	1.45898	0.81042	0	
1253861	8456.97266	3305369317359	0.49986	0.32634	8456.81836	0.07324	11418	0	0.51419	0.18632	1	0.47284	0.41155	1	0.49351	0.29894	1	0.47924	0.53395	10.71211	1.05881	1	0.74111	0.55842	11.18198	1.06647	1	-0.00493	-0.00932	0.67141	0.00214	1	0.06431	-0.01423	0.69504	0.00377	1	1.45898	0.81042	0	
1253862	8456.97852	3305369384340	0.49475	0.31989	8456.95898	0.01953	11419	1	0.48592	0.21348	1	0.47288	0.38760	1	0.47940	0.30054	1	0.47908	0.53417	10.37020	1.06647	1	0.74120	0.55854	11.10902	1.06647	1	-0.00493	-0.00932	0.67141	0.00217	1	0.06431	-0.01423	0.69504	0.00367	1	1.45898	0.81042	0	
1253863	8456.98535	3305369451571	0.49537	0.31985	8456.95898	0.02637	11419	1	0.51485	0.20355	1	0.48089	0.43590	1	0.49787	0.31973	1	0.47936	0.53403	10.61661	1.06647	1	0.74141	0.55866	11.62178	1.06647	1	-0.00493	-0.00932	0.67141	0.00223	1	0.06431	-0.01423	0.69504	0.00365	1	1.45898	0.81042	0	
1253864	8456.99219	3305369518621	0.49574	0.31860	8456.95898	0.03320	11419	1	0.51384	0.19523	1	0.48128	0.42937	1	0.49756	0.31230	1	0.47920	0.53400	10.82082	1.07555	1	0.74117	0.55842	11.37413	1.07555	1	-0.00521	-0.00974	0.70228	0.00215	1	0.06288	-0.01397	0.67958	0.00368	1	1.45898	0.81042	0	
1253865	8456.99902	3305369585543	0.49462	0.31397	8456.95898	0.04004	11419	1	0.50306	0.15952	1	0.47273	0.41293	1	0.48789	0.28623	1	0.47911	0.53415	10.47910	1.08464	1	0.74125	0.55835	11.29795	1.08464	1	-0.00521	-0.00974	0.70228	0.00215	1	0.06288	-0.01397	0.67958	0.00377	1	1.45898	0.81042	0	
1253866	8457.00586	3305369652436	0.49340	0.30725	8456.95898	0.04688	11419	1	0.50899	0.12499	1	0.46082	0.39542	1	0.48490	0.26021	1	0.47923	0.53397	10.88061	1.09372	1	0.74104	0.55851	11.30737	1.09372	1	-0.00521	-0.00974	0.70228	0.00212	1	0.06288	-0.01397	0.67958	0.00373	1	1.45898	0.81042	0	
1253867	8457.01270	3305369717456	0.49240	0.30148	8456.95898	0.05371	11419	1	0.50797	0.11622	1	0.46085	0.39437	1	0.48441	0.25529	1	0.47898	0.53412	10.58684	1.10281	1	0.74120	0.55786	10.78373	1.09515	1	-0.00541	-0.00990	0.71371	0.00217	1	0.05959	-0.01325	0.64455	0.00377	1	1.45898	0.81042	0	
1253868	8457.01953	3305369786269	0.49359	0.29765	8456.95898	0.06055	11419	1	0.51890	0.13893	1	0.48956	0.38756	1	0.50423	0.26324	1	0.47903	0.53415	10.75540	1.09515	1	0.74113	0.55809	10.84322	1.08749	1	-0.00541	-0.00990	0.71371	0.00215	1	0.05959	-0.01325	0.64455	0.00377	1	1.45898	0.81042	0	
1253869	8457.02539	3305369853227	0.49488	0.29445	8456.95898	0.06641	11419	1	0.51889	0.12391	1	0.49674	0.40081	1	0.50781	0.26236	1	0.47899	0.53400	10.36913	1.08749	1	0.74123	0.55830	11.04529	1.07983	1	-0.00541	-0.00990	0.71371	0.00215	1	0.05959	-0.01325	0.64455	0.00374	1	1.45898	0.81042	0	
1253870	8457.03223	3305369920291	0.49599	0.29297	8456.95898	0.07324	11419	1	0.52066	0.14018	1	0.49580	0.41326	1	0.50823	0.27672	1	0.47888	0.53418	10.31658	1.07075	1	0.74121	0.55854	11.22627	1.06309	1	-0.00518	-0.00945	0.67718	0.00218	1	0.05959	-0.01320	0.64455	0.00366	1	1.45898	0.81042	0	
1253871	8457.03906	3305369987348	0.49554	0.29550	8456.95898	0.08008	11419	1	0.50787	0.18336	1	0.47247	0.46838	1	0.49017	0.32587	1	0.47872	0.53430	10.59660	1.05400	1	0.74091	0.55880	11.51490	1.05400	1	-0.00518	-0.00945	0.67718	0.00219	1	0.05959	-0.01320	0.64455	0.00368	1	1.45898	0.81042	0	
1253872	8457.04590	3305370052873	0.49547	0.29708	8456.95898	0.08691	11419	1	0.51324	0.19351	1	0.47587	0.44186	1	0.49456	0.31769	1	0.47884	0.53420	10.69593	1.04492	1	0.74095	0.55892	11.54002	1.04492	1	-0.00518	-0.00945	0.67718	0.00212	1	0.05959	-0.01320	0.64455	0.00379	1	1.45898	0.81042	0	
1253873	8457.05273	3305370121540	0.49545	0.29878	8456.95898	0.09375	11419	1	0.51429	0.20210	1	0.47582	0.44290	1	0.49505	0.32250	1	0.47869	0.53438	10.84430	1.03583	1	0.74106	0.55880	11.45639	1.04349	1	-0.00515	-0.00934	0.67320	0.00216	1	0.06142	-0.01369	0.66595	0.00390	1	1.45898	0.81042	0	
1253874	8457.05957	3305370188403	0.49567	0.30105	8456.95898	0.10059	11419	1	0.50092	0.21730	1	0.49714	0.45289	1	0.49903	0.33509	1	0.47867	0.53444	10.95359	1.04349	1	0.74092	0.55874	11.61225	1.05115	1	-0.00515	-0.00934	0.67320	0.00220	1	0.06142	-0.01369	0.66595	0.00363	1	1.45898	0.81042	0	
1253875	8457.06641	3305370254812	0.49603	0.30366	8456.95898	0.10742	11419	1	0.50133	0.18832	1	0.50230	0.50259	1	0.50182	0.34546	1	0.47861	0.53429	10.59124	1.05115	1	0.74102	0.55923	11.72935	1.05881	1	-0.00515	-0.00934	0.67320	0.00221	1	0.06142	-0.01369	0.66595	0.00373	1	1.45898	0.81042	0	
1253876	8457.07227	3305370322135	0.49634	0.30564	8456.95898	0.11328	11419	1	0.50039	0.18108	1	0.50278	0.49752	1	0.50158	0.33930	1	0.47854	0.53434	10.58223	1.05881	1	0.74034	0.55861	11.16298	1.06647	1	-0.00518	-0.00945	0.67718	0.00227	1	0.06294	-0.01397	0.68245	0.00379	1	1.45898	0.81042	0	
1253877	8457.07910	3305370387580	0.49689	0.30653	8456.95898	0.12012	11419	1	0.51601	0.17992	1	0.49759	0.46498	1	0.50680	0.32245	1	0.47854	0.53434	10.58223	1.06647	1	0.74045	0.55889	11.35044	1.06647	1	-0.00518	-0.00945	0.67718	0.00226	1	0.06294	-0.01397	0.68245	0.00380	1	1.45898	0.81042	0	
1253878	8457.08594	3305370454135	0.49128	0.29757	8456.95898	0.12695	11419	1	0.51601	0.17992	0	0.38461	0.12743	1	0.38461	0.12743	1	0.47854	0.53434	10.58223	1.06647	0	0.47832	0.53435	10.29722	1.06647	1	-0.00518	-0.00945	0.67718	0.00226	1	0.06294	-0.01397	0.68245	0.00219	1	1.45898	0.81042	0	
1253879	8457.09277	3305370518900	0.48616	0.28859	8456.95898	0.13379	11419	1	0.51601	0.17992	0	0.38379	0.10888	1	0.38379	0.10888	1	0.47854	0.53434	10.58223	1.06647	0	0.47822	0.53442	10.47421	1.08507	1	-0.00518	-0.00945	0.67718	0.00226	1	-0.00564	-0.01008	0.72272	0.00215	1	1.45898	0.81042	0	
1253880	8457.09961	3305370587218	0.48154	0.28008	8456.95898	0.14062	11419	1	0.51601	0.17992	0	0.38460	0.10145	1	0.38460	0.10145	1	0.47854	0.53434	10.58223	1.08507	0	0.47825	0.53438	10.28883	1.10367	1	-0.00518	-0.00945	0.67718	0.00226	1	-0.00564	-0.01008	0.72272	0.00219	1	1.45898	0.81042	0	
1253881	8457.10547	3305370653695	0.46093	0.25110	8456.95898	0.14062	11419	0	0.51601	0.17992	0	0.38085	0.09033	1	0.38085	0.09033	1	0.47854	0.53434	10.58223	1.10367	0	0.47827	0.53447	10.41422	1.12227	1	-0.00518	-0.00945	0.67718	0.00226	1	-0.00564	-0.01008	0.72272	0.00213	1	1.45898	0.81042	0	
1253882	8457.11230	3305370722295	0.42089	0.17072	8456.95898	0.14062	11419	0	0.51601	0.17992	0	0.38085	0.09033	1	0.38085	0.09033	1	0.47854	0.53434	10.58223	1.12227	0	0.47815	0.53440	10.56561	1.12227	1	-0.00518	-0.00945	0.67718	0.00226	1	-0.00542	-0.00951	0.68174	0.00216	1	1.45898	0.81042	0	
1253883	8457.11914	3305370789918	0.41159	0.14556	8456.95898	0.14062	11419	0	0.51601	0.17992	0	0.39298	0.09525	1	0.39298	0.09525	1	0.47854	0.53434	10.58223	1.12227	0	0.47808	0.53428	10.57860	1.10367	1	-0.00518	-0.00945	0.67718	0.00226	1	-0.00542	-0.00951	0.68174	0.00213	1	1.45898	0.81042	0	
1253884	8457.12598	3305370856670	0.38964	0.10341	8456.95898	0.14062	11419	0	0.51601	0.17992	0	0.39508	0.12465	1	0.39508	0.12465	1	0.47854	0.53434	10.58223	1.10367	0	0.47811	0.53435	10.81086	1.08507	1	-0.00518	-0.00945	0.67718	0.00226	1	-0.00542	-0.00951	0.68174	0.00213	1	1.45898	0.81042	0	
1253885	8457.13281	3305370921838	0.39267	0.12318	8456.95898	0.14062	11419	0	0.51601	0.17992	0	0.39571	0.14296	1	0.39571	0.14296	1	0.47854	0.53434	10.58223	1.08507	0	0.47800	0.53440	10.83731	1.06647	1	-0.00518	-0.00945	0.67718	0.00226	1	-0.00536	-0.00946	0.67428	0.00212	1	1.45898	0.81042	0	
1253886	8457.13965	3305370988825	0.39223	0.13062	8456.95898	0.14062	11419	0	0.51601	0.17992	0	0.39134	0.14548	1	0.39134	0.14548	1	0.47854	0.53434	10.58223	1.06647	0	0.47806	0.53457	10.64283	1.06647	1	-0.00518	-0.00945	0.67718	0.00226	1	-0.00536	-0.00946	0.67428	0.00223	1	1.45898	0.81042	0	
1253887	8457.14648	3305371059594	0.39202	0.13579	8457.12598	0.02051	11420	1	0.51601	0.17992	0	0.39139	0.15132	1	0.39139	0.15132	1	0.47854	0.53434	10.58223	1.06647	0	0.47805	0.53459	10.87176	1.06647	1	-0.00518	-0.00945	0.67718	0.00226	1	-0.00536	-0.00946	0.67428	0.00223	1	1.45898	0.81042	0	
1253888	8457.15332	3305371125086	0.40436	0.14176	8457.12598	0.02734	11420	1	0.51601	0.17992	1	0.39139	0.15132	1	0.45370	0.16562	1	0.47788	0.53453	10.52658	1.06647	1	0.74037	0.55872	11.13388	1.06647	1	-0.00536	-0.00946	0.67428	0.00215	1	0.06277	-0.01403	0.68285	0.00391	1	1.45898	0.81042	0	
1253889	8457.16016	3305371193055	0.41864	0.16948	8457.12598	0.03418	11420	1	0.50168	0.16768	1	0.47845	0.44857	1	0.49006	0.30813	1	0.47792	0.53457	10.44857	1.06647	1	0.74019	0.55864	11.28164	1.06647	1	-0.00536	-0.00946	0.67428	0.00215	1	0.06277	-0.01403	0.68285	0.00392	1	1.45898	0.81042	0	
1253890	8457.16602	3305371260129	0.42938	0.18969	8457.12598	0.04004	11420	1	0.50253	0.20701	1	0.48511	0.41480	1	0.49382	0.31090	1	0.47784	0.53459	10.66547	1.06647	1	0.74032	0.55834	11.15678	1.06647	1	-0.00536	-0.00946	0.67428	0.00215	1	0.06277	-0.01403	0.68285	0.00400	1	1.45898	0.81042	0	
1253891	8457.17285	3305371326721	0.43635	0.21783	8457.12598	0.04688	11420	1	0.50253	0.20701	0	0.48511	0.41480	1	0.48511	0.41480	1	0.47784	0.53459	10.66547	1.06647	0	0.47792	0.53438	10.27144	1.06647	1	-0.00536	-0.00946	0.67428	0.00215	1	-0.00542	-0.00951	0.68174	0.00211	1	1.45898	0.81042	0	
1253892	8457.17969	3305371394043	0.42951	0.20248	8457.12598	0.05371	11420	1	0.50253	0.20701	0	0.37484	0.07974	1	0.37484	0.07974	1	0.47784	0.53459	10.66547	1.06647	0	0.47782	0.53434	10.38307	1.06647	1	-0.00536	-0.00946	0.67428	0.00215	1	-0.00542	-0.00951	0.68174	0.00222	1	1.45898	0.81042	0	
1253893	8457.18652	3305371460955	0.42523	0.19121	8457.12598	0.06055	11420	1	0.50253	0.20701	0	0.38667	0.08971	1	0.38667	0.08971	1	0.47784	0.53459	10.66547	1.06647	0	0.47793	0.53435	10.40136	1.06647	1	-0.00536	-0.00946	0.67428	0.00215	1	-0.00542	-0.00951	0.68174	0.00208	1	1.45898	0.81042	0	
1253894	8457.19336	3305371527822	0.42172	0.18198	8457.12598	0.06738	11420	1	0.50253	0.20701	0	0.38667	0.08971	1	0.38667	0.08971	1	0.47784	0.53459	10.66547	1.06647	0	0.47806	0.53453	10.38509	1.06647	1	-0.00536	-0.00946	0.67428	0.00215	1	-0.00542	-0.00951	0.68174	0.00216	1	1.45898	0.81042	0	
1253895	8457.20020	3305371594813	0.41836	0.17663	8457.12598	0.07422	11420	1	0.50253	0.20701	0	0.38140	0.11783	1	0.38140	0.11783	1	0.47784	0.53459	10.66547	1.06647	0	0.47782	0.53427	10.78639	1.06647	1	-0.00536	-0.00946	0.67428	0.00215	1	-0.00542	-0.00951	0.68174	0.00218	1	1.45898	0.81042	0	
1253896	8457.20703	3305371660768	0.41574	0.17432	8457.12598	0.08105	11420	1	0.50253	0.20701	0	0.38430	0.14652	1	0.38430	0.14652	1	0.47784	0.53459	10.66547	1.06647	0	0.47793	0.53445	10.17202	1.06647	1	-0.00536	-0.00946	0.67428	0.00215	1	-0.00542	-0.00951	0.68174	0.00213	1	1.45898	0.81042	0	
1253897	8457.21387	3305371729280	0.41350	0.17233	8457.12598	0.08789	11420	1	0.50253	0.20701	0	0.38430	0.14652	1	0.38430	0.14652	1	0.47784	0.53459	10.66547	1.06647	0	0.47794	0.53441	10.36464	1.06647	1	-0.00536	-0.00946	0.67428	0.00215	1	-0.00546	-0.00954	0.68757	0.00217	1	1.45898	0.81042	0	
1253898	8457.21973	3305371796207	0.41226	0.18248	8457.12598	0.09375	11420	1	0.50253	0.20701	0	0.39491	0.32461	1	0.39491	0.32461	1	0.47784	0.53459	10.66547	1.06647	0	0.47821	0.53649	10.89002	1.06647	1	-0.00536	-0.00946	0.67428	0.00215	1	-0.00546	-0.00954	0.68757	0.00333	1	1.45898	0.81042	0	
1253899	8457.22656	3305371863004	0.41100	0.17935	8457.12598	0.10059	11420	1	0.50253	0.20701	0	0.39222	0.13230	1	0.39222	0.13230	1	0.47784	0.53459	10.66547	1.06647	0	0.47801	0.53438	10.79658	1.06647	1	-0.00536	-0.00946	0.67428	0.00215	1	-0.00546	-0.00954	0.68757	0.00215	1	1.45898	0.81042	0	
1253900	8457.23340	3305371929452	0.40990	0.17658	8457.12598	0.10742	11420	1	0.50253	0.20701	0	0.39222	0.13230	1	0.39222	0.13230	1	0.47784	0.53459	10.66547	1.06647	0	0.47791	0.53452	10.45538	1.06647	1	-0.00536	-0.00946	0.67428	0.00215	1	-0.00546	-0.00954	0.68757	0.00221	1	1.45898	0.81042	0	
1253901	8457.23926	3305371991827	0.40924	0.17243	8457.12598	0.11328	11420	1	0.50253	0.20701	0	0.39800	0.10195	1	0.39800	0.10195	1	0.47784	0.53459	10.66547	1.06647	0	0.47798	0.53442	10.75091	1.06647	1	-0.00536	-0.00946	0.67428	0.00215	1	-0.00546	-0.00954	0.68757	0.00213	1	1.45898	0.81042	0	
1253902	8457.24609	3305372060491	0.40816	0.17089	8457.12598	0.12012	11420	1	0.50253	0.20701	0	0.38876	0.14304	1	0.38876	0.14304	1	0.47784	0.53459	10.66547	1.06647	0	0.47797	0.53447	10.92138	1.06647	1	-0.00536	-0.00946	0.67428	0.00215	1	-0.00546	-0.00954	0.68757	0.00212	1	1.45898	0.81042	0	
1253903	8457.25293	3305372127952	0.39249	0.13994	8457.12598	0.12012	11420	0	0.50253	0.20701	1	0.38876	0.14304	1	0.44565	0.17502	1	0.47802	0.53449	10.39671	1.06647	1	0.74055	0.55815	10.88378	1.06647	1	-0.00542	-0.00951	0.68174	0.00215	1	0.06158	-0.01372	0.66985	0.00385	1	1.45898	0.81042	0	
1253904	8457.25977	3305372195071	0.44508	0.21780	8457.12598	0.12012	11420	0	0.51530	0.16159	1	0.48004	0.42975	1	0.49767	0.29567	1	0.47813	0.53449	10.62264	1.06647	1	0.74021	0.55856	11.17243	1.06647	1	-0.00542	-0.00951	0.68174	0.00210	1	0.06158	-0.01372	0.66985	0.00381	1	1.45898	0.81042	0	
1253905	8457.26660	3305372260184	0.46035	0.25760	8457.12598	0.12012	11420	0	0.50866	0.21555	1	0.47309	0.45886	1	0.49088	0.33720	1	0.47804	0.53453	10.81430	1.06647	1	0.74014	0.55893	11.75601	1.06647	1	-0.00542	-0.00951	0.68174	0.00219	1	0.06158	-0.01372	0.66985	0.00372	1	1.45898	0.81042	0	
1253906	8457.27344	3305372329831	0.49314	0.32336	8457.12598	0.12012	11420	0	0.50866	0.21555	1	0.47309	0.45886	1	0.49088	0.33720	1	0.47810	0.53466	10.44911	1.06647	1	0.74027	0.55846	10.95616	1.06647	1	-0.00542	-0.00951	0.68174	0.00224	1	0.06158	-0.01377	0.66985	0.00380	1	1.45898	0.81042	0	
1253907	8457.28027	3305372396771	0.49304	0.31129	8457.12598	0.12012	11420	0	0.50320	0.17131	1	0.48266	0.42716	1	0.49293	0.29923	1	0.47793	0.53469	10.56229	1.06647	1	0.74024	0.55850	11.22955	1.06647	1	-0.00542	-0.00951	0.68174	0.00212	1	0.06158	-0.01377	0.66985	0.00400	1	1.45898	0.81042	0	
1253908	8457.28711	3305372464577	0.49417	0.30686	8457.12598	0.12012	11420	0	0.50758	0.16114	1	0.48532	0.43481	1	0.49645	0.29798	1	0.47795	0.53458	10.76039	1.06647	1	0.74034	0.55861	10.98437	1.06647	1	-0.00542	-0.00951	0.68174	0.00215	1	0.06158	-0.01377	0.66985	0.00401	1	1.45898	0.81042	0	
1253909	8457.29395	3305372531387	0.49474	0.30464	8457.27344	0.02051	11421	1	0.50758	0.16114	1	0.48532	0.43481	1	0.49645	0.29798	1	0.47792	0.53461	10.91617	1.06647	1	0.74017	0.55909	11.56512	1.06647	1	-0.00542	-0.00951	0.68174	0.00208	1	0.06158	-0.01372	0.66985	0.00375	1	1.45898	0.81042	0	
1253910	8457.30078	3305372599826	0.49662	0.32956	8457.27344	0.02734	11421	1	0.52000	0.39100	1	0.48827	0.46750	1	0.50414	0.42925	1	0.47798	0.53718	10.62374	1.06647	1	0.74030	0.55875	11.49767	1.06647	1	-0.00542	-0.00951	0.68174	0.00349	1	0.06158	-0.01372	0.66985	0.00395	1	1.45898	0.81042	0	
1253911	8457.30664	3305372666163	0.49553	0.32396	8457.27344	0.03320	11421	1	0.50510	0.15112	1	0.47510	0.44086	1	0.49010	0.29599	1	0.47790	0.53445	10.66930	1.06647	1	0.74015	0.55873	11.33514	1.06647	1	-0.00542	-0.00951	0.68174	0.00217	1	0.06158	-0.01372	0.66985	0.00391	1	1.45898	0.81042	0	
1253912	8457.31348	3305372733910	0.49476	0.31997	8457.27344	0.04004	11421	1	0.50510	0.15112	1	0.47510	0.44086	1	0.49010	0.29599	1	0.47782	0.53721	10.25459	1.06647	1	0.73975	0.55915	10.96697	1.06647	1	-0.00536	-0.00946	0.67428	0.00356	1	0.06277	-0.01403	0.68285	0.00374	1	1.45898	0.81042	0	
1253913	8457.32031	3305372800316	0.48015	0.29468	8457.27344	0.04688	11421	1	0.50510	0.15112	0	0.37792	0.11766	1	0.37792	0.11766	1	0.47782	0.53721	10.25459	1.06647	0	0.47780	0.53466	10.66684	1.06647	1	-0.00536	-0.00946	0.67428	0.00356	1	0.06277	-0.01403	0.68285	0.00216	1	1.45898	0.81042	0	
1253914	8457.32715	3305372867387	0.46993	0.30128	8457.27344	0.05371	11421	1	0.50510	0.15112	0	0.38816	0.35406	1	0.38816	0.35406	1	0.47782	0.53721	10.25459	1.06647	0	0.47818	0.53728	10.91729	1.06647	1	-0.00536	-0.00946	0.67428	0.00356	1	0.06277	-0.01403	0.68285	0.00341	1	1.45898	0.81042	0	
1253915	8457.33398	3305372934571	0.46175	0.30656	8457.27344	0.06055	11421	1	0.50510	0.15112	0	0.38816	0.35406	1	0.38816	0.35406	1	0.47782	0.53721	10.25459	1.06647	0	0.47837	0.53737	11.21952	1.06647	1	-0.00536	-0.00946	0.67428	0.00356	1	-0.00536	-0.00946	0.67428	0.00336	1	1.45898	0.81042	0	
1253916	8457.34082	3305373001665	0.45528	0.30957	8457.27344	0.06738	11421	1	0.50510	0.15112	0	0.39057	0.33975	1	0.39057	0.33975	1	0.47782	0.53721	10.25459	1.06647	0	0.47808	0.53742	10.71056	1.06647	1	-0.00536	-0.00946	0.67428	0.00356	1	-0.00536	-0.00946	0.67428	0.00342	1	1.45898	0.81042	0	
1253917	8457.34766	3305373068197	0.44966	0.31057	8457.27344	0.07422	11421	1	0.50510	0.15112	0	0.38783	0.32152	1	0.38783	0.32152	1	0.47782	0.53721	10.25459	1.06647	0	0.47806	0.53685	10.34033	1.06647	1	-0.00536	-0.00946	0.67428	0.00356	1	-0.00536	-0.00946	0.67428	0.00352	1	1.45898	0.81042	0	
1253918	8457.35449	3305373135384	0.44491	0.31141	8457.27344	0.08105	11421	1	0.50510	0.15112	0	0.38783	0.32152	1	0.38783	0.32152	1	0.47782	0.53721	10.25459	1.06647	0	0.47783	0.53710	10.07236	1.06647	1	-0.00536	-0.00946	0.67428	0.00356	1	-0.00536	-0.00946	0.67428	0.00356	1	1.45898	0.81042	0	
1253919	8457.36035	3305373202578	0.44074	0.31484	8457.27344	0.08691	11421	1	0.50510	0.15112	0	0.38655	0.35935	1	0.38655	0.35935	1	0.47782	0.53721	10.25459	1.06647	0	0.47811	0.53722	10.67668	1.06647	1	-0.00536	-0.00946	0.67428	0.00356	1	-0.00536	-0.00946	0.67428	0.00347	1	1.45898	0.81042	0	
1253920	8457.36719	3305373269418	0.43621	0.31433	8457.27344	0.09375	11421	1	0.50510	0.15112	0	0.37280	0.30728	1	0.37280	0.30728	1	0.47782	0.53721	10.25459	1.06647	0	0.47784	0.53680	9.94153	1.06647	1	-0.00536	-0.00946	0.67428	0.00356	1	-0.00536	-0.00946	0.67428	0.00353	1	1.45898	0.81042	0	
1253921	8457.37402	3305373336172	0.43225	0.31389	8457.27344	0.10059	11421	1	0.50510	0.15112	0	0.37280	0.30728	1	0.37280	0.30728	1	0.47782	0.53721	10.25459	1.06647	0	0.47795	0.53666	10.41052	1.06647	1	-0.00536	-0.00946	0.67428	0.00356	1	-0.00544	-0.00964	0.68403	0.00363	1	1.45898	0.81042	0	
1253922	8457.38086	3305373403280	0.40213	0.30717	8457.27344	0.10059	11421	0	0.50510	0.15112	0	0.39276	0.31155	1	0.39276	0.31155	1	0.47782	0.53721	10.25459	1.06647	0	0.47809	0.53680	10.42091	1.06647	1	-0.00536	-0.00946	0.67428	0.00356	1	-0.00544	-0.00964	0.68403	0.00374	1	1.45898	0.81042	0	
1253923	8457.38770	3305373469954	0.44117	0.32156	8457.27344	0.10059	11421	0	0.49938	0.17595	1	0.46103	0.49597	1	0.48021	0.33596	1	0.47780	0.53478	10.38379	1.06647	1	0.73991	0.55917	11.14050	1.06647	1	-0.00536	-0.00946	0.67428	0.00216	1	-0.00544	-0.00964	0.68403	0.00373	1	1.45898	0.81042	0	
1253924	8457.39453	3305373537469	0.45418	0.32636	8457.27344	0.10059	11421	0	0.49938	0.17595	1	0.46103	0.49597	1	0.48021	0.33596	1	0.47779	0.53463	10.70659	1.06647	1	0.74029	0.55913	11.70649	1.06647	1	-0.00542	-0.00951	0.68174	0.00213	1	0.06277	-0.01403	0.68285	0.00379	1	1.45898	0.81042	0	
1253925	8457.40039	3305373603136	0.48600	0.36442	8457.27344	0.10059	11421	0	0.50905	0.40206	1	0.48611	0.44063	1	0.49758	0.42134	1	0.47791	0.53719	10.01735	1.06647	1	0.74033	0.55861	11.41334	1.06647	1	-0.00542	-0.00951	0.68174	0.00353	1	0.06277	-0.01403	0.68285	0.00405	1	1.45898	0.81042	0	
1253926	8457.40723	3305373670063	0.48952	0.40643	8457.27344	0.10059	11421	0	0.51023	0.39858	1	0.47586	0.49829	1	0.49305	0.44844	1	0.47791	0.53724	9.92443	1.06647	1	0.74017	0.55929	11.57469	1.06647	1	-0.00542	-0.00951	0.68174	0.00355	1	0.06277	-0.01403	0.68285	0.00374	1	1.45898	0.81042	0	
1253927	8457.41406	3305373739745	0.49070	0.42043	8457.27344	0.10059	11421	0	0.51023	0.39858	1	0.47586	0.49829	1	0.49305	0.44844	1	0.47805	0.53730	10.67663	1.06647	1	0.74024	0.55888	11.12786	1.06647	1	-0.00546	-0.00964	0.68757	0.00343	1	0.06158	-0.01372	0.66985	0.00370	1	1.45898	0.81042	0	
1253928	8457.42090	3305373805909	0.49375	0.42069	8457.40039	0.02051	11422	1	0.52817	0.37733	1	0.47768	0.46560	1	0.50292	0.42147	1	0.47811	0.53704	10.60833	1.06647	1	0.74025	0.55891	11.16340	1.06647	1	-0.00546	-0.00964	0.68757	0.00346	1	0.06158	-0.01372	0.66985	0.00369	1	1.45898	0.81042	0	
1253929	8457.42773	3305373873145	0.49414	0.41989	8457.40039	0.02734	11422	1	0.51471	0.38846	1	0.47662	0.44491	1	0.49566	0.41669	1	0.47795	0.53676	10.41361	1.06647	1	0.74014	0.55875	11.28029	1.06647	1	-0.00546	-0.00964	0.68757	0.00362	1	0.06158	-0.01372	0.66985	0.00388	1	1.45898	0.81042	0	
1253930	8457.43457	3305373939121	0.49439	0.41936	8457.40039	0.03418	11422	1	0.51471	0.38846	1	0.47662	0.44491	1	0.49566	0.41669	1	0.47799	0.53686	10.86569	1.06647	1	0.74030	0.55879	11.20503	1.06647	1	-0.00542	-0.00951	0.68174	0.00354	1	0.06158	-0.01372	0.66985	0.00374	1	1.45898	0.81042	0	
1253931	8457.44141	3305374006698	0.49468	0.41833	8457.40039	0.04102	11422	1	0.50376	0.38948	1	0.48911	0.43484	1	0.49644	0.41216	1	0.47781	0.53709	10.93178	1.06647	1	0.74038	0.55864	11.18815	1.06647	1	-0.00542	-0.00951	0.68174	0.00351	1	0.06158	-0.01372	0.66985	0.00381	1	1.45898	0.81042	0	
1253932	8457.44824	3305374073582	0.49554	0.41644	8457.40039	0.04785	11422	1	0.51251	0.36628	1	0.49052	0.44019	1	0.50151	0.40323	1	0.47792	0.53659	10.39445	1.06647	1	0.74040	0.55857	11.17929	1.06647	1	-0.00542	-0.00951	0.68174	0.00347	1	0.06158	-0.01372	0.66985	0.00382	1	1.45898	0.81042	0	
1253933	8457.45508	3305374141545	0.49620	0.41497	8457.40039	0.05469	11422	1	0.51251	0.36628	1	0.49052	0.44019	1	0.50151	0.40323	1	0.47804	0.53433	10.80418	1.06647	1	0.74035	0.55843	10.97673	1.06647	1	-0.00546	-0.00954	0.68757	0.00213	1	0.06277	-0.01403	0.68285	0.00387	1	1.45898	0.81042	0	
1253934	8457.46094	3305374202855	0.49762	0.41310	8457.40039	0.06055	11422	1	0.52817	0.39051	1	0.49252	0.40204	1	0.51035	0.39628	1	0.47818	0.53619	10.40261	1.06647	1	0.74037	0.55830	10.93512	1.06647	1	-0.00546	-0.00954	0.68757	0.00358	1	0.06277	-0.01403	0.68285	0.00392	1	1.45898	0.81042	0	
1253935	8457.46777	3305374269332	0.49818	0.41414	8457.40039	0.06738	11422	1	0.52500	0.36977	1	0.48262	0.47924	1	0.50381	0.42451	1	0.47808	0.53611	10.13397	1.06647	1	0.74027	0.55845	11.10269	1.06647	1	-0.00546	-0.00954	0.68757	0.00367	1	0.06277	-0.01403	0.68285	0.00383	1	1.45898	0.81042	0	
1253936	8457.47461	3305374342035	0.49863	0.41522	8457.40039	0.07422	11422	1	0.52500	0.36977	1	0.48228	0.48443	1	0.50364	0.42710	1	0.47857	0.53598	9.98401	1.06647	1	0.74040	0.55818	10.85411	1.05881	1	-0.00542	-0.00951	0.68174	0.00346	1	0.06008	-0.01327	0.65305	0.00381	1	1.45898	0.81042	0	
1253937	8457.48145	3305374408736	0.50037	0.41719	8457.40039	0.08105	11422	1	0.55364	0.39656	1	0.48863	0.48507	1	0.52114	0.44081	1	0.47857	0.53643	9.97470	1.05881	1	0.74039	0.55849	11.19231	1.05115	1	-0.00542	-0.00951	0.68174	0.00362	1	0.06008	-0.01327	0.65305	0.00375	1	1.45898	0.81042	0	
1253938	8457.48730	3305374471912	0.49989	0.41722	8457.40039	0.08691	11422	1	0.55364	0.39656	0	0.49371	0.41757	1	0.49371	0.41757	1	0.47857	0.53643	9.97470	1.05115	0	0.74044	0.55820	10.99390	1.04349	1	-0.00542	-0.00951	0.68174	0.00362	1	0.06008	-0.01327	0.65305	0.00378	1	1.45898	0.81042	0	
1253939	8457.49414	3305374540819	0.49989	0.41722	8457.40039	0.09375	11422	1	0.55364	0.39656	0	0.49371	0.41757	0	0.49371	0.41757	0	0.47857	0.53643	9.97470	1.04349	0	0.74044	0.55820	10.99390	1.03583	0	-0.00542	-0.00951	0.68174	0.00362	1	0.06008	-0.01327	0.65305	0.00378	1	1.45898	0.81042	0	
1253940	8457.50098	3305374605105	0.49989	0.41722	8457.40039	0.10059	11422	1	0.55364	0.39656	0	0.49371	0.41757	0	0.49371	0.41757	0	0.47857	0.53643	9.97470	1.03583	0	0.74044	0.55820	10.99390	1.03583	0	-0.00542	-0.00951	0.68174	0.00362	1	0.06008	-0.01327	0.65305	0.00378	1	1.45898	0.81042	0	
1253941	8457.50781	3305374672969	0.49920	0.42190	8457.40039	0.10742	11422	1	0.55364	0.39656	0	0.48960	0.48741	1	0.48960	0.48741	1	0.47857	0.53643	9.97470	1.03583	0	0.74039	0.55822	11.00672	1.03583	1	-0.00542	-0.00951	0.68174	0.00362	1	0.06008	-0.01327	0.65305	0.00394	1	1.45898	0.81042	0	
1253942	8457.51465	3305374740081	0.49920	0.42190	8457.40039	0.11426	11422	1	0.55364	0.39656	0	0.48960	0.48741	0	0.48960	0.48741	0	0.47857	0.53643	9.97470	1.03583	0	0.74039	0.55822	11.00672	1.03583	0	-0.00542	-0.00951	0.68174	0.00362	1	0.06008	-0.01327	0.65305	0.00394	1	1.45898	0.81042	0	
1253943	8457.52148	3305374807032	0.49920	0.42190	8457.40039	0.12109	11422	1	0.55364	0.39656	0	0.48960	0.48741	0	0.48960	0.48741	0	0.47857	0.53643	9.97470	1.03583	0	0.74039	0.55822	11.00672	1.03583	0	-0.00542	-0.00951	0.68174	0.00362	1	0.06008	-0.01327	0.65305	0.00394	1	1.45898	0.81042	0	
1253944	8457.52734	3305374873132	0.49920	0.42190	8457.40039	0.12695	11422	1	0.55364	0.39656	0	0.48960	0.48741	0	0.48960	0.48741	0	0.47857	0.53643	9.97470	1.03583	0	0.74039	0.55822	11.00672	1.03583	0	-0.00542	-0.00951	0.68174	0.00362	1	0.06008	-0.01327	0.65305	0.00394	1	1.45898	0.81042	0	
1253945	8457.53516	3305374943243	0.50133	0.42226	8457.40039	0.12695	11422	0	0.55364	0.39656	0	0.48960	0.48741	0	0.48960	0.48741	0	0.47857	0.53643	9.97470	1.03583	0	0.74039	0.55822	11.00672	1.03583	0	-0.00542	-0.00951	0.68174	0.00362	1	0.06008	-0.01327	0.65305	0.00394	1	1.45898	0.81042	0	
1253946	8457.54199	3305375010753	0.50133	0.42226	8457.40039	0.12695	11422	0	0.55364	0.39656	0	0.48960	0.48741	0	0.48960	0.48741	0	0.47857	0.53643	9.97470	1.03583	0	0.74039	0.55822	11.00672	1.03583	0	-0.00542	-0.00951	0.68174	0.00362	1	0.06008	-0.01327	0.65305	0.00394	1	1.45898	0.81042	0	
1253947	8457.54785	3305375077966	0.50133	0.42226	8457.40039	0.12695	11422	0	0.55364	0.39656	0	0.48960	0.48741	0	0.48960	0.48741	0	0.47857	0.53643	9.97470	1.03583	0	0.74039	0.55822	11.00672	1.03583	0	-0.00542	-0.00951	0.68174	0.00362	1	0.06008	-0.01327	0.65305	0.00394	1	1.45898	0.81042	0	
1253948	8457.55469	3305375144507	0.00000	0.00000	8457.40039	0.12695	11422	0	0.55364	0.39656	0	0.48960	0.48741	0	0.48960	0.48741	0	0.47857	0.53643	9.97470	1.03583	0	0.74039	0.55822	11.00672	1.03583	0	-0.00542	-0.00951	0.68174	0.00362	1	0.06008	-0.01327	0.65305	0.00394	1	1.45898	0.81042	0	
1253949	8457.56152	3305375212402	0.00000	0.00000	8457.40039	0.12695	11422	0	0.55364	0.39656	0	0.48960	0.48741	0	0.48960	0.48741	0	0.47857	0.53643	9.97470	1.03583	0	0.74039	0.55822	11.00672	1.03583	0	-0.00542	-0.00951	0.68174	0.00362	1	0.06008	-0.01327	0.65305	0.00394	1	1.45898	0.81042	0	
1253950	8457.56836	3305375277575	0.00000	0.00000	8457.40039	0.12695	11422	0	0.55364	0.39656	0	0.48960	0.48741	0	0.48960	0.48741	0	0.47857	0.53643	9.97470	1.03583	0	0.74039	0.55822	11.00672	1.03583	0	-0.00542	-0.00951	0.68174	0.00362	1	0.06008	-0.01327	0.65305	0.00394	1	1.45898	0.81042	0	
1253951	8457.57520	3305375346854	0.00000	0.00000	8457.40039	0.12695	11422	0	0.55364	0.39656	0	0.48960	0.48741	0	0.48960	0.48741	0	0.47857	0.53643	9.97470	1.03583	0	0.74039	0.55822	11.00672	1.03583	0	-0.00542	-0.00951	0.68174	0.00362	1	0.06008	-0.01327	0.65305	0.00394	1	1.45898	0.81042	0	
1253952	8457.58203	3305375412632	0.00000	0.00000	8457.40039	0.12695	11422	0	0.55364	0.39656	0	0.48960	0.48741	0	0.48960	0.48741	0	0.47857	0.53643	9.97470	1.03583	0	0.74039	0.55822	11.00672	1.03583	0	-0.00542	-0.00951	0.68174	0.00362	1	0.06008	-0.01327	0.65305	0.00394	1	1.45898	0.81042	0	
1253953	8457.58887	3305375479694	0.00000	0.00000	8457.40039	0.12695	11422	0	0.55364	0.39656	0	0.48960	0.48741	0	0.48960	0.48741	0	0.47857	0.53643	9.97470	1.03583	0	0.74039	0.55822	11.00672	1.03583	0	-0.00542	-0.00951	0.68174	0.00362	1	0.06008	-0.01327	0.65305	0.00394	1	1.45898	0.81042	0	
1253954	8457.59473	3305375546923	0.00000	0.00000	8457.40039	0.12695	11422	0	0.55364	0.39656	0	0.48960	0.48741	0	0.48960	0.48741	0	0.47857	0.53643	9.97470	1.03583	0	0.74039	0.55822	11.00672	1.03583	0	-0.00542	-0.00951	0.68174	0.00362	1	0.06008	-0.01327	0.65305	0.00394	1	1.45898	0.81042	0	
1253955	8457.60156	3305375609595	0.00000	0.00000	8457.40039	0.12695	11422	0	0.55364	0.39656	0	0.48960	0.48741	0	0.48960	0.48741	0	0.47857	0.53643	9.97470	1.03583	0	0.74039	0.55822	11.00672	1.03583	0	-0.00542	-0.00951	0.68174	0.00362	1	0.06008	-0.01327	0.65305	0.00394	1	1.45898	0.81042	0	
1253956	8457.60840	3305375678409	0.00000	0.00000	8457.40039	0.12695	11422	0	0.55364	0.39656	0	0.48960	0.48741	0	0.48960	0.48741	0	0.47857	0.53643	9.97470	1.03583	0	0.74039	0.55822	11.00672	1.03583	0	-0.00542	-0.00951	0.68174	0.00362	1	0.06008	-0.01327	0.65305	0.00394	1	1.45898	0.81042	0	
1253957	8457.61523	3305375744709	0.00000	0.00000	8457.40039	0.12695	11422	0	0.55364	0.39656	0	0.48960	0.48741	0	0.48960	0.48741	0	0.47857	0.53643	9.97470	1.03583	0	0.74039	0.55822	11.00672	1.03583	0	-0.00542	-0.00951	0.68174	0.00362	1	0.06008	-0.01327	0.65305	0.00394	1	1.45898	0.81042	0	
1253958	8457.62207	3305375812749	0.00000	0.00000	8457.40039	0.12695	11422	0	0.55364	0.39656	0	0.48960	0.48741	0	0.48960	0.48741	0	0.47857	0.53643	9.97470	1.03583	0	0.74039	0.55822	11.00672	1.03583	0	-0.00542	-0.00951	0.68174	0.00362	1	0.06008	-0.01327	0.65305	0.00394	1	1.45898	0.81042	0	
1253959	8457.62793	3305375878039	0.00000	0.00000	8457.40039	0.12695	11422	0	0.55364	0.39656	0	0.48960	0.48741	0	0.48960	0.48741	0	0.47857	0.53643	9.97470	1.03583	0	0.74039	0.55822	11.00672	1.03583	0	-0.00542	-0.00951	0.68174	0.00362	1	0.06008	-0.01327	0.65305	0.00394	1	1.45898	0.81042	0	
1253960	8457.63477	3305375944420	0.00000	0.00000	8457.40039	0.12695	11422	0	0.55364	0.39656	0	0.48960	0.48741	0	0.48960	0.48741	0	0.47857	0.53643	9.97470	1.03583	0	0.74039	0.55822	11.00672	1.03583	0	-0.00542	-0.00951	0.68174	0.00362	1	0.06008	-0.01327	0.65305	0.00394	1	1.45898	0.81042	0	
1253961	8457.64160	3305376012487	0.00000	0.00000	8457.40039	0.12695	11422	0	0.55364	0.39656	0	0.48960	0.48741	0	0.48960	0.48741	0	0.47857	0.53643	9.97470	1.03583	0	0.74039	0.55822	11.00672	1.03583	0	-0.00542	-0.00951	0.68174	0.00362	1	0.06008	-0.01327	0.65305	0.00394	1	1.45898	0.81042	0	
1253962	8457.64844	3305376081564	0.00000	0.00000	8457.40039	0.12695	11422	0	0.55364	0.39656	0	0.48960	0.48741	0	0.48960	0.48741	0	0.47857	0.53643	9.97470	1.03583	0	0.74039	0.55822	11.00672	1.03583	0	-0.00542	-0.00951	0.68174	0.00362	1	0.06008	-0.01327	0.65305	0.00394	1	1.45898	0.81042	0	
1253963	8457.65527	3305376149429	0.00000	0.00000	8457.40039	0.12695	11422	0	0.55364	0.39656	0	0.48960	0.48741	0	0.48960	0.48741	0	0.47857	0.53643	9.97470	1.03583	0	0.74039	0.55822	11.00672	1.03583	0	-0.00542	-0.00951	0.68174	0.00362	1	0.06008	-0.01327	0.65305	0.00394	1	1.45898	0.81042	0	
1253964	8457.66211	3305376216553	0.00000	0.00000	8457.40039	0.12695	11422	0	0.55364	0.39656	0	0.48960	0.48741	0	0.48960	0.48741	0	0.47857	0.53643	9.97470	1.03583	0	0.74039	0.55822	11.00672	1.03583	0	-0.00542	-0.00951	0.68174	0.00362	1	0.06008	-0.01327	0.65305	0.00394	1	1.45898	0.81042	0	
1253965	8457.66895	3305376283632	0.00000	0.00000	8457.40039	0.12695	11422	0	0.55364	0.39656	0	0.48960	0.48741	0	0.48960	0.48741	0	0.47857	0.53643	9.97470	1.03583	0	0.74039	0.55822	11.00672	1.03583	0	-0.00542	-0.00951	0.68174	0.00362	1	0.06008	-0.01327	0.65305	0.00394	1	1.45898	0.81042	0	
1253966	8457.67578	3305376350734	0.00000	0.00000	8457.40039	0.12695	11422	0	0.55364	0.39656	0	0.48960	0.48741	0	0.48960	0.48741	0	0.47857	0.53643	9.97470	1.03583	0	0.74039	0.55822	11.00672	1.03583	0	-0.00542	-0.00951	0.68174	0.00362	1	0.06008	-0.01327	0.65305	0.00394	1	1.45898	0.81042	0	
1253967	8457.68262	3305376417669	0.20030	0.19830	8457.40039	0.12695	11422	0	0.55364	0.39656	0	0.40059	0.39661	1	0.40059	0.39661	1	0.47878	0.53647	10.58294	1.03583	0	0.47878	0.53647	10.58294	1.03583	1	-0.00542	-0.00951	0.68174	0.00362	1	0.06008	-0.01327	0.65305	0.00336	1	1.45898	0.81042	0	
1253968	8457.68848	3305376483194	0.26923	0.25657	8457.40039	0.12695	11422	0	0.55364	0.39656	0	0.40708	0.37311	1	0.40708	0.37311	1	0.47878	0.53647	10.58294	1.03583	0	0.47878	0.53617	10.65203	1.03583	1	-0.00542	-0.00951	0.68174	0.00362	1	0.06008	-0.01327	0.65305	0.00340	1	1.45898	0.81042	0	
1253969	8457.69531	3305376551486	0.40384	0.38486	8457.40039	0.12695	11422	0	0.55364	0.39656	0	0.40708	0.37311	0	0.40708	0.37311	0	0.47878	0.53647	10.58294	1.03583	0	0.47878	0.53617	10.65203	1.03583	0	-0.00542	-0.00951	0.68174	0.00362	1	0.06008	-0.01327	0.65305	0.00340	1	1.45898	0.81042	0	
1253970	8457.70215	3305376618110	0.40384	0.38486	8457.40039	0.12695	11422	0	0.55364	0.39656	0	0.40708	0.37311	0	0.40708	0.37311	0	0.47878	0.53647	10.58294	1.03583	0	0.47878	0.53617	10.65203	1.03583	0	-0.00542	-0.00951	0.68174	0.00362	1	0.06008	-0.01327	0.65305	0.00340	1	1.45898	0.81042	0	
1253971	8457.70898	3305376685581	0.40384	0.38486	8457.40039	0.12695	11422	0	0.55364	0.39656	0	0.40708	0.37311	0	0.40708	0.37311	0	0.47878	0.53647	10.58294	1.03583	0	0.47878	0.53617	10.65203	1.03583	0	-0.00542	-0.00951	0.68174	0.00362	1	0.06008	-0.01327	0.65305	0.00340	1	1.45898	0.81042	0	
1253972	8457.71582	3305376750398	0.00000	0.00000	8457.40039	0.12695	11422	0	0.55364	0.39656	0	0.40708	0.37311	0	0.40708	0.37311	0	0.47878	0.53647	10.58294	1.03583	0	0.47878	0.53617	10.65203	1.03583	0	-0.00542	-0.00951	0.68174	0.00362	1	0.06008	-0.01327	0.65305	0.00340	1	1.45898	0.81042	0	
1253973	8457.72266	3305376820362	0.23832	0.18868	8457.40039	0.12695	11422	0	0.55364	0.39656	0	0.47664	0.37736	1	0.47664	0.37736	1	0.47878	0.53647	10.58294	1.03583	0	0.74055	0.55760	11.50672	1.03583	1	-0.00542	-0.00951	0.68174	0.00362	1	0.06008	-0.01327	0.65305	0.00418	1	1.45898	0.81042	0	
1253974	8457.72949	3305376886843	0.32659	0.26570	8457.40039	0.12695	11422	0	0.55364	0.39656	0	0.50312	0.41975	1	0.50312	0.41975	1	0.47878	0.53647	10.58294	1.03583	0	0.74064	0.55810	11.19955	1.03583	1	-0.00542	-0.00951	0.68174	0.00362	1	0.06008	-0.01327	0.65305	0.00396	1	1.45898	0.81042	0	
1253975	8457.73535	3305376953396	0.49446	0.40369	8457.40039	0.12695	11422	0	0.55364	0.39656	0	0.50362	0.41395	1	0.50362	0.41395	1	0.47878	0.53647	10.58294	1.03583	0	0.74045	0.55769	10.82155	1.04349	1	-0.00542	-0.00951	0.68174	0.00362	1	0.06301	-0.01406	0.68432	0.00402	1	1.45898	0.81042	0	
1253976	8457.74219	3305377020406	0.49446	0.40369	8457.40039	0.12695	11422	0	0.55364	0.39656	0	0.50362	0.41395	0	0.50362	0.41395	0	0.47878	0.53647	10.58294	1.04349	0	0.74045	0.55769	10.82155	1.05115	0	-0.00542	-0.00951	0.68174	0.00362	1	0.06301	-0.01406	0.68432	0.00402	1	1.45898	0.81042	0	
1253977	8457.74902	3305377086903	0.49446	0.40369	8457.40039	0.12695	11422	0	0.55364	0.39656	0	0.50362	0.41395	0	0.50362	0.41395	0	0.47878	0.53647	10.58294	1.05115	0	0.74045	0.55769	10.82155	1.05881	0	-0.00542	-0.00951	0.68174	0.00362	1	0.06301	-0.01406	0.68432	0.00402	1	1.45898	0.81042	0	
1253978	8457.75586	3305377153983	0.00000	0.00000	8457.40039	0.12695	11422	0	0.55364	0.39656	0	0.50362	0.41395	0	0.50362	0.41395	0	0.47878	0.53647	10.58294	1.05881	0	0.74045	0.55769	10.82155	1.06647	0	-0.00542	-0.00951	0.68174	0.00362	1	0.06301	-0.01406	0.68432	0.00402	1	1.45898	0.81042	0	
1253979	8457.76270	3305377221495	0.00000	0.00000	8457.40039	0.12695	11422	0	0.55364	0.39656	0	0.50362	0.41395	0	0.50362	0.41395	0	0.47878	0.53647	10.58294	1.06647	0	0.74045	0.55769	10.82155	1.06647	0	-0.00542	-0.00951	0.68174	0.00362	1	0.06301	-0.01406	0.68432	0.00402	1	1.45898	0.81042	0	
1253980	8457.76953	3305377287957	0.00000	0.00000	8457.40039	0.12695	11422	0	0.55364	0.39656	0	0.50362	0.41395	0	0.50362	0.41395	0	0.47878	0.53647	10.58294	1.06647	0	0.74045	0.55769	10.82155	1.06647	0	-0.00542	-0.00951	0.68174	0.00362	1	0.06301	-0.01406	0.68432	0.00402	1	1.45898	0.81042	0	
1253981	8457.77637	3305377354788	0.00000	0.00000	8457.40039	0.12695	11422	0	0.55364	0.39656	0	0.50362	0.41395	0	0.50362	0.41395	0	0.47878	0.53647	10.58294	1.06647	0	0.74045	0.55769	10.82155	1.06647	0	-0.00542	-0.00951	0.68174	0.00362	1	0.06301	-0.01406	0.68432	0.00402	1	1.45898	0.81042	0	
1253982	8457.78223	3305377422181	0.00000	0.00000	8457.40039	0.12695	11422	0	0.55364	0.39656	0	0.50362	0.41395	0	0.50362	0.41395	0	0.47878	0.53647	10.58294	1.06647	0	0.74045	0.55769	10.82155	1.06647	0	-0.00542	-0.00951	0.68174	0.00362	1	0.06301	-0.01406	0.68432	0.00402	1	1.45898	0.81042	0	
1253983	8457.78906	3305377489586	0.00000	0.00000	8457.40039	0.12695	11422	0	0.55364	0.39656	0	0.50362	0.41395	0	0.50362	0.41395	0	0.47878	0.53647	10.58294	1.06647	0	0.74045	0.55769	10.82155	1.06647	0	-0.00542	-0.00951	0.68174	0.00362	1	0.06301	-0.01406	0.68432	0.00402	1	1.45898	0.81042	0	
1253984	8457.79590	3305377552535	0.00000	0.00000	8457.40039	0.12695	11422	0	0.55364	0.39656	0	0.50362	0.41395	0	0.50362	0.41395	0	0.47878	0.53647	10.58294	1.06647	0	0.74045	0.55769	10.82155	1.06647	0	-0.00542	-0.00951	0.68174	0.00362	1	0.06301	-0.01406	0.68432	0.00402	1	1.45898	0.81042	0	
1253985	8457.80273	3305377622742	0.00000	0.00000	8457.40039	0.12695	11422	0	0.55364	0.39656	0	0.50362	0.41395	0	0.50362	0.41395	0	0.47878	0.53647	10.58294	1.06647	0	0.74045	0.55769	10.82155	1.06647	0	-0.00542	-0.00951	0.68174	0.00362	1	0.06301	-0.01406	0.68432	0.00402	1	1.45898	0.81042	0	
1253986	8457.80957	3305377689008	0.00000	0.00000	8457.40039	0.12695	11422	0	0.55364	0.39656	0	0.50362	0.41395	0	0.50362	0.41395	0	0.47878	0.53647	10.58294	1.06647	0	0.74045	0.55769	10.82155	1.06647	0	-0.00542	-0.00951	0.68174	0.00362	1	0.06301	-0.01406	0.68432	0.00402	1	1.45898	0.81042	0	
1253987	8457.81641	3305377758340	0.00000	0.00000	8457.40039	0.12695	11422	0	0.55364	0.39656	0	0.50362	0.41395	0	0.50362	0.41395	0	0.47878	0.53647	10.58294	1.06647	0	0.74045	0.55769	10.82155	1.06647	0	-0.00542	-0.00951	0.68174	0.00362	1	0.06301	-0.01406	0.68432	0.00402	1	1.45898	0.81042	0	
1253988	8457.82324	3305377825342	0.00000	0.00000	8457.40039	0.12695	11422	0	0.55364	0.39656	0	0.50362	0.41395	0	0.50362	0.41395	0	0.47878	0.53647	10.58294	1.06647	0	0.74045	0.55769	10.82155	1.06647	0	-0.00542	-0.00951	0.68174	0.00362	1	0.06301	-0.01406	0.68432	0.00402	1	1.45898	0.81042	0	
1253989	8457.83008	3305377892302	0.00000	0.00000	8457.40039	0.12695	11422	0	0.55364	0.39656	0	0.50362	0.41395	0	0.50362	0.41395	0	0.47878	0.53647	10.58294	1.06647	0	0.74045	0.55769	10.82155	1.06647	0	-0.00542	-0.00951	0.68174	0.00362	1	0.06301	-0.01406	0.68432	0.00402	1	1.45898	0.81042	0	
1253990	8457.83594	3305377958672	0.52905	0.39373	8457.40039	0.12695	11422	0	0.55302	0.39091	1	0.50509	0.39655	1	0.52905	0.39373	1	0.47828	0.53703	10.78121	1.06647	1	0.74047	0.55784	11.17309	1.06647	1	-0.00546	-0.00954	0.68757	0.00355	1	0.06301	-0.01401	0.68432	0.00395	1	1.45898	0.81042	0	
1253991	8457.84277	3305378025837	0.51592	0.39088	8457.40039	0.12695	11422	0	0.54288	0.37542	1	0.46271	0.40064	1	0.50279	0.38803	1	0.47837	0.53654	11.05830	1.06647	1	0.74029	0.55815	11.12318	1.06647	1	-0.00546	-0.00954	0.68757	0.00373	1	0.06301	-0.01401	0.68432	0.00413	1	1.45898	0.81042	0	
1253992	8457.84961	3305378092031	0.50493	0.38652	8457.40039	0.12695	11422	0	0.51239	0.38053	1	0.45349	0.37509	1	0.48294	0.37781	1	0.47828	0.53658	10.96191	1.06647	1	0.74049	0.55788	11.07736	1.06647	1	-0.00546	-0.00954	0.68757	0.00376	1	0.06301	-0.01401	0.68432	0.00395	1	1.45898	0.81042	0	
1253993	8457.85645	3305378159147	0.49207	0.38367	8457.83594	0.02051	11423	1	0.51239	0.38053	0	0.45349	0.37509	1	0.45349	0.37509	1	0.47828	0.53658	10.96191	1.06647	0	0.47869	0.53705	11.00249	1.06647	1	-0.00546	-0.00954	0.68757	0.00376	1	-0.00537	-0.00956	0.68882	0.00370	1	1.45898	0.81042	0	
1253994	8457.86328	3305378225645	0.47509	0.38005	8457.83594	0.02734	11423	1	0.51239	0.38053	0	0.40714	0.36557	1	0.40714	0.36557	1	0.47828	0.53658	10.96191	1.06647	0	0.47877	0.53698	10.99938	1.06647	1	-0.00546	-0.00954	0.68757	0.00376	1	-0.00537	-0.00956	0.68882	0.00362	1	1.45898	0.81042	0	
1253995	8457.87012	3305378292696	0.46407	0.37549	8457.83594	0.03418	11423	1	0.51239	0.38053	0	0.40899	0.35272	1	0.40899	0.35272	1	0.47828	0.53658	10.96191	1.06647	0	0.47879	0.53678	10.61851	1.06647	1	-0.00546	-0.00954	0.68757	0.00376	1	-0.00537	-0.00956	0.68882	0.00364	1	1.45898	0.81042	0	
1253996	8457.87598	3305378357785	0.45620	0.37224	8457.83594	0.04004	11423	1	0.51239	0.38053	0	0.40899	0.35272	1	0.40899	0.35272	1	0.47828	0.53658	10.96191	1.06647	0	0.47889	0.53685	10.66854	1.06647	1	-0.00546	-0.00954	0.68757	0.00376	1	-0.00515	-0.00934	0.67320	0.00376	1	1.45898	0.81042	0	
1253997	8457.88281	3305378425131	0.45620	0.37224	8457.83594	0.04688	11423	1	0.51239	0.38053	0	0.40899	0.35272	0	0.40899	0.35272	0	0.47828	0.53658	10.96191	1.06647	0	0.47889	0.53685	10.66854	1.06647	0	-0.00546	-0.00954	0.68757	0.00376	1	-0.00515	-0.00934	0.67320	0.00376	1	1.45898	0.81042	0	
1253998	8457.88965	3305378491857	0.45620	0.37224	8457.83594	0.05371	11423	1	0.51239	0.38053	0	0.40899	0.35272	0	0.40899	0.35272	0	0.47828	0.53658	10.96191	1.06647	0	0.47889	0.53685	10.66854	1.06647	0	-0.00546	-0.00954	0.68757	0.00376	1	-0.00515	-0.00934	0.67320	0.00376	1	1.45898	0.81042	0	
1253999	8457.89648	3305378557920	0.45620	0.37224	8457.83594	0.06055	11423	1	0.51239	0.38053	0	0.40899	0.35272	0	0.40899	0.35272	0	0.47828	0.53658	10.96191	1.06647	0	0.47889	0.53685	10.66854	1.06647	0	-0.00546	-0.00954	0.68757	0.00376	1	-0.00515	-0.00934	0.67320	0.00376	1	1.45898	0.81042	0	
1254000	8457.90332	3305378623800	0.44406	0.36866	8457.83594	0.06055	11423	0	0.51239	0.38053	0	0.40899	0.35272	0	0.40899	0.35272	0	0.47828	0.53658	10.96191	1.06647	0	0.47889	0.53685	10.66854	1.06647	0	-0.00546	-0.00954	0.68757	0.00376	1	-0.00515	-0.00934	0.67320	0.00376	1	1.45898	0.81042	0	
1254001	8457.90918	3305378691427	0.44406	0.36866	8457.83594	0.06055	11423	0	0.51239	0.38053	0	0.40899	0.35272	0	0.40899	0.35272	0	0.47828	0.53658	10.96191	1.06647	0	0.47889	0.53685	10.66854	1.06647	0	-0.00546	-0.00954	0.68757	0.00376	1	-0.00515	-0.00934	0.67320	0.00376	1	1.45898	0.81042	0	
1254002	8457.91699	3305378762173	0.44406	0.36866	8457.83594	0.06055	11423	0	0.51239	0.38053	0	0.40899	0.35272	0	0.40899	0.35272	0	0.47828	0.53658	10.96191	1.06647	0	0.47889	0.53685	10.66854	1.06647	0	-0.00546	-0.00954	0.68757	0.00376	1	-0.00515	-0.00934	0.67320	0.00376	1	1.45898	0.81042	0	
1254003	8457.92285	3305378826230	0.00000	0.00000	8457.83594	0.06055	11423	0	0.51239	0.38053	0	0.40899	0.35272	0	0.40899	0.35272	0	0.47828	0.53658	10.96191	1.06647	0	0.47889	0.53685	10.66854	1.06647	0	-0.00546	-0.00954	0.68757	0.00376	1	-0.00515	-0.00934	0.67320	0.00376	1	1.45898	0.81042	0	
1254004	8457.92969	3305378892905	0.00000	0.00000	8457.83594	0.06055	11423	0	0.51239	0.38053	0	0.40899	0.35272	0	0.40899	0.35272	0	0.47828	0.53658	10.96191	1.06647	0	0.47889	0.53685	10.66854	1.06647	0	-0.00546	-0.00954	0.68757	0.00376	1	-0.00515	-0.00934	0.67320	0.00376	1	1.45898	0.81042	0	
1254005	8457.93652	3305378958341	0.00000	0.00000	8457.83594	0.06055	11423	0	0.51239	0.38053	0	0.40899	0.35272	0	0.40899	0.35272	0	0.47828	0.53658	10.96191	1.06647	0	0.47889	0.53685	10.66854	1.06647	0	-0.00546	-0.00954	0.68757	0.00376	1	-0.00515	-0.00934	0.67320	0.00376	1	1.45898	0.81042	0	
1254006	8457.94336	3305379026788	0.00000	0.00000	8457.83594	0.06055	11423	0	0.51239	0.38053	0	0.40899	0.35272	0	0.40899	0.35272	0	0.47828	0.53658	10.96191	1.06647	0	0.47889	0.53685	10.66854	1.06647	0	-0.00546	-0.00954	0.68757	0.00376	1	-0.00515	-0.00934	0.67320	0.00376	1	1.45898	0.81042	0	
1254007	8457.95020	3305379096457	0.00000	0.00000	8457.83594	0.06055	11423	0	0.51239	0.38053	0	0.40899	0.35272	0	0.40899	0.35272	0	0.47828	0.53658	10.96191	1.06647	0	0.47889	0.53685	10.66854	1.06647	0	-0.00546	-0.00954	0.68757	0.00376	1	-0.00515	-0.00934	0.67320	0.00376	1	1.45898	0.81042	0	
1254008	8457.95703	3305379163940	0.00000	0.00000	8457.83594	0.06055	11423	0	0.51239	0.38053	0	0.40899	0.35272	0	0.40899	0.35272	0	0.47828	0.53658	10.96191	1.06647	0	0.47889	0.53685	10.66854	1.06647	0	-0.00546	-0.00954	0.68757	0.00376	1	-0.00515	-0.00934	0.67320	0.00376	1	1.45898	0.81042	0	
1254009	8457.96289	3305379226445	0.38685	0.36192	8457.83594	0.06055	11423	0	0.51239	0.38053	0	0.38685	0.36192	1	0.38685	0.36192	1	0.47935	0.53653	11.37789	1.06647	0	0.47935	0.53653	11.37789	1.06647	1	-0.00546	-0.00954	0.68757	0.00376	1	-0.00515	-0.00934	0.67320	0.00365	1	1.45898	0.81042	0	
1254010	8457.97070	3305379297724	0.38978	0.36444	8457.83594	0.06055	11423	0	0.51239	0.38053	0	0.39272	0.36696	1	0.39272	0.36696	1	0.47935	0.53653	11.37789	1.06647	0	0.47933	0.53652	10.44194	1.06647	1	-0.00546	-0.00954	0.68757	0.00376	1	-0.00515	-0.00934	0.67320	0.00371	1	1.45898	0.81042	0	
1254011	8457.97656	3305379365026	0.38978	0.36444	8457.83594	0.06055	11423	0	0.51239	0.38053	0	0.39272	0.36696	0	0.39272	0.36696	0	0.47935	0.53653	11.37789	1.06647	0	0.47933	0.53652	10.44194	1.06647	0	-0.00546	-0.00954	0.68757	0.00376	1	-0.00515	-0.00934	0.67320	0.00371	1	1.45898	0.81042	0	
1254012	8457.98340	3305379431871	0.38978	0.36444	8457.96289	0.02051	11424	1	0.51239	0.38053	0	0.39272	0.36696	0	0.39272	0.36696	0	0.47935	0.53653	11.37789	1.06647	0	0.47933	0.53652	10.44194	1.06647	0	-0.00546	-0.00954	0.68757	0.00376	1	-0.00515	-0.00934	0.67320	0.00371	1	1.45898	0.81042	0	
1254013	8457.99023	3305379496679	0.38978	0.36444	8457.96289	0.02734	11424	1	0.51239	0.38053	0	0.39272	0.36696	0	0.39272	0.36696	0	0.47935	0.53653	11.37789	1.06647	0	0.47933	0.53652	10.44194	1.06647	0	-0.00546	-0.00954	0.68757	0.00376	1	-0.00515	-0.00934	0.67320	0.00371	1	1.45898	0.81042	0	
1254014	8457.99707	3305379566405	0.39272	0.36696	8457.96289	0.02734	11424	0	0.51239	0.38053	0	0.39272	0.36696	0	0.39272	0.36696	0	0.47935	0.53653	11.37789	1.06647	0	0.47933	0.53652	10.44194	1.06647	0	-0.00546	-0.00954	0.68757	0.00376	1	-0.00515	-0.00934	0.67320	0.00371	1	1.45898	0.81042	0	
1254015	8458.00391	3305379632864	0.39272	0.36696	8457.96289	0.02734	11424	0	0.51239	0.38053	0	0.39272	0.36696	0	0.39272	0.36696	0	0.47935	0.53653	11.37789	1.06647	0	0.47933	0.53652	10.44194	1.06647	0	-0.00546	-0.00954	0.68757	0.00376	1	-0.00515	-0.00934	0.67320	0.00371	1	1.45898	0.81042	0	
1254016	8458.01074	3305379700215	0.39272	0.36696	8457.96289	0.02734	11424	0	0.51239	0.38053	0	0.39272	0.36696	0	0.39272	0.36696	0	0.47935	0.53653	11.37789	1.06647	0	0.47933	0.53652	10.44194	1.06647	0	-0.00546	-0.00954	0.68757	0.00376	1	-0.00515	-0.00934	0.67320	0.00371	1	1.45898	0.81042	0	
1254017	8458.01758	3305379767724	0.00000	0.00000	8457.96289	0.02734	11424	0	0.51239	0.38053	0	0.39272	0.36696	0	0.39272	0.36696	0	0.47935	0.53653	11.37789	1.06647	0	0.47933	0.53652	10.44194	1.06647	0	-0.00546	-0.00954	0.68757	0.00376	1	-0.00515	-0.00934	0.67320	0.00371	1	1.45898	0.81042	0	
1254018	8458.02344	3305379833916	0.00000	0.00000	8457.96289	0.02734	11424	0	0.51239	0.38053	0	0.39272	0.36696	0	0.39272	0.36696	0	0.47935	0.53653	11.37789	1.06647	0	0.47933	0.53652	10.44194	1.06647	0	-0.00546	-0.00954	0.68757	0.00376	1	-0.00515	-0.00934	0.67320	0.00371	1	1.45898	0.81042	0	
1254019	8458.03027	3305379901545	0.00000	0.00000	8457.96289	0.02734	11424	0	0.51239	0.38053	0	0.39272	0.36696	0	0.39272	0.36696	0	0.47935	0.53653	11.37789	1.06647	0	0.47933	0.53652	10.44194	1.06647	0	-0.00546	-0.00954	0.68757	0.00376	1	-0.00515	-0.00934	0.67320	0.00371	1	1.45898	0.81042	0	
1254020	8458.03711	3305379967877	0.00000	0.00000	8457.96289	0.02734	11424	0	0.51239	0.38053	0	0.39272	0.36696	0	0.39272	0.36696	0	0.47935	0.53653	11.37789	1.06647	0	0.47933	0.53652	10.44194	1.06647	0	-0.00546	-0.00954	0.68757	0.00376	1	-0.00515	-0.00934	0.67320	0.00371	1	1.45898	0.81042	0	
1254021	8458.04395	3305380034436	0.00000	0.00000	8457.96289	0.02734	11424	0	0.51239	0.38053	0	0.39272	0.36696	0	0.39272	0.36696	0	0.47935	0.53653	11.37789	1.06647	0	0.47933	0.53652	10.44194	1.06647	0	-0.00546	-0.00954	0.68757	0.00376	1	-0.00515	-0.00934	0.67320	0.00371	1	1.45898	0.81042	0	
1254022	8458.05078	3305380101351	0.00000	0.00000	8457.96289	0.02734	11424	0	0.51239	0.38053	0	0.39272	0.36696	0	0.39272	0.36696	0	0.47935	0.53653	11.37789	1.06647	0	0.47933	0.53652	10.44194	1.06647	0	-0.00546	-0.00954	0.68757	0.00376	1	-0.00515	-0.00934	0.67320	0.00371	1	1.45898	0.81042	0	
1254023	8458.05762	3305380167708	0.45255	0.37375	8457.96289	0.02734	11424	0	0.51239	0.38053	1	0.39272	0.36696	1	0.45255	0.37375	1	0.47976	0.53563	11.21198	1.06647	1	0.74148	0.55778	12.06314	1.06647	1	-0.00498	-0.00926	0.67813	0.00365	1	0.06323	-0.01382	0.68224	0.00399	1	1.45898	0.81042	0	
1254024	8458.06445	3305380235399	0.46317	0.36382	8457.96289	0.02734	11424	0	0.51239	0.38053	0	0.47379	0.35389	1	0.47379	0.35389	1	0.47976	0.53563	11.21198	1.06647	0	0.74163	0.55675	11.53017	1.06647	1	-0.00498	-0.00926	0.67813	0.00365	1	0.06323	-0.01382	0.68224	0.00414	1	1.45898	0.81042	0	
1254025	8458.07031	3305380302633	0.46317	0.36382	8457.96289	0.02734	11424	0	0.51239	0.38053	0	0.47379	0.35389	0	0.47379	0.35389	0	0.47976	0.53563	11.21198	1.06647	0	0.74163	0.55675	11.53017	1.06647	0	-0.00498	-0.00926	0.67813	0.00365	1	0.06323	-0.01382	0.68224	0.00414	1	1.45898	0.81042	0	
1254026	8458.07715	3305380369599	0.46317	0.36382	8458.05762	0.01953	11425	1	0.51239	0.38053	0	0.47379	0.35389	0	0.47379	0.35389	0	0.47976	0.53563	11.21198	1.06647	0	0.74163	0.55675	11.53017	1.06647	0	-0.00498	-0.00926	0.67813	0.00365	1	0.06323	-0.01382	0.68224	0.00414	1	1.45898	0.81042	0	
1254027	8458.08398	3305380436479	0.46317	0.36382	8458.05762	0.02637	11425	1	0.51239	0.38053	0	0.47379	0.35389	0	0.47379	0.35389	0	0.47976	0.53563	11.21198	1.06647	0	0.74163	0.55675	11.53017	1.06647	0	-0.00498	-0.00926	0.67813	0.00365	1	0.06323	-0.01382	0.68224	0.00414	1	1.45898	0.81042	0	
1254028	8458.09082	3305380503595	0.47379	0.35389	8458.05762	0.02637	11425	0	0.51239	0.38053	0	0.47379	0.35389	0	0.47379	0.35389	0	0.47976	0.53563	11.21198	1.06647	0	0.74163	0.55675	11.53017	1.06647	0	-0.00498	-0.00926	0.67813	0.00365	1	0.06323	-0.01382	0.68224	0.00414	1	1.45898	0.81042	0	
1254029	8458.09766	3305380568921	0.47379	0.35389	8458.05762	0.02637	11425	0	0.51239	0.38053	0	0.47379	0.35389	0	0.47379	0.35389	0	0.47976	0.53563	11.21198	1.06647	0	0.74163	0.55675	11.53017	1.06647	0	-0.00498	-0.00926	0.67813	0.00365	1	0.06323	-0.01382	0.68224	0.00414	1	1.45898	0.81042	0	
1254030	8458.10352	3305380633279	0.47379	0.35389	8458.05762	0.02637	11425	0	0.51239	0.38053	0	0.47379	0.35389	0	0.47379	0.35389	0	0.47976	0.53563	11.21198	1.06647	0	0.74163	0.55675	11.53017	1.06647	0	-0.00498	-0.00926	0.67813	0.00365	1	0.06323	-0.01382	0.68224	0.00414	1	1.45898	0.81042	0	
1254031	8458.11035	3305380702758	0.00000	0.00000	8458.05762	0.02637	11425	0	0.51239	0.38053	0	0.47379	0.35389	0	0.47379	0.35389	0	0.47976	0.53563	11.21198	1.06647	0	0.74163	0.55675	11.53017	1.06647	0	-0.00498	-0.00926	0.67813	0.00365	1	0.06323	-0.01382	0.68224	0.00414	1	1.45898	0.81042	0	
1254032	8458.11719	3305380771755	0.00000	0.00000	8458.05762	0.02637	11425	0	0.51239	0.38053	0	0.47379	0.35389	0	0.47379	0.35389	0	0.47976	0.53563	11.21198	1.06647	0	0.74163	0.55675	11.53017	1.06647	0	-0.00498	-0.00926	0.67813	0.00365	1	0.06323	-0.01382	0.68224	0.00414	1	1.45898	0.81042	0	
1254033	8458.12402	3305380838347	0.00000	0.00000	8458.05762	0.02637	11425	0	0.51239	0.38053	0	0.47379	0.35389	0	0.47379	0.35389	0	0.47976	0.53563	11.21198	1.06647	0	0.74163	0.55675	11.53017	1.06647	0	-0.00498	-0.00926	0.67813	0.00365	1	0.06323	-0.01382	0.68224	0.00414	1	1.45898	0.81042	0	
1254034	8458.13086	3305380905373	0.48102	0.25980	8458.05762	0.02637	11425	0	0.50995	0.17512	1	0.45208	0.34448	1	0.48102	0.25980	1	0.47962	0.53311	11.02625	1.06647	1	0.74166	0.55750	11.92036	1.06647	1	-0.00498	-0.00926	0.67813	0.00234	1	0.06323	-0.01382	0.68224	0.00399	1	1.45898	0.81042	0	
1254035	8458.13770	3305380972881	0.48102	0.25980	8458.05762	0.02637	11425	0	0.50995	0.17512	1	0.45208	0.34448	1	0.48102	0.25980	1	0.47991	0.53463	10.66062	1.06647	1	0.74167	0.55750	11.74078	1.06647	1	-0.00498	-0.00926	0.67813	0.00389	1	0.06323	-0.01382	0.68224	0.00401	1	1.45898	0.81042	0	
1254036	8458.14453	3305381039492	0.49001	0.25441	8458.05762	0.02637	11425	0	0.52566	0.17694	1	0.49032	0.31032	1	0.50799	0.24363	1	0.47978	0.53322	11.29864	1.06647	1	0.74189	0.55714	11.22113	1.06647	1	-0.00498	-0.00926	0.67813	0.00227	1	0.06323	-0.01382	0.68224	0.00408	1	1.45898	0.81042	0	
1254037	8458.15137	3305381106475	0.48678	0.24770	8458.13086	0.02051	11426	1	0.50453	0.12624	1	0.44969	0.32891	1	0.47711	0.22758	1	0.47957	0.53305	11.30684	1.06647	1	0.74165	0.55751	11.67302	1.06647	1	-0.00498	-0.00926	0.67813	0.00227	1	0.06323	-0.01382	0.68224	0.00401	1	1.45898	0.81042	0	
1254038	8458.15820	3305381173122	0.48485	0.24368	8458.13086	0.02734	11426	1	0.50453	0.12624	1	0.44969	0.32891	1	0.47711	0.22758	1	0.47956	0.53318	11.45831	1.06647	1	0.74142	0.55785	12.10542	1.06647	1	-0.00493	-0.00922	0.67141	0.00230	1	0.06266	-0.01384	0.67616	0.00395	1	1.45898	0.81042	0	
1254039	8458.16406	3305381240112	0.48660	0.25588	8458.13086	0.03320	11426	1	0.52730	0.27625	1	0.46341	0.35757	1	0.49536	0.31691	1	0.47980	0.53486	10.79402	1.06647	1	0.74146	0.55763	12.00214	1.06647	1	-0.00493	-0.00922	0.67141	0.00394	1	0.06266	-0.01384	0.67616	0.00402	1	1.45898	0.81042	0	
1254040	8458.17090	3305381307191	0.48512	0.25473	8458.13086	0.04004	11426	1	0.49403	0.12169	1	0.45841	0.37389	1	0.47622	0.24779	1	0.47942	0.53318	11.58482	1.06647	1	0.74137	0.55803	12.18530	1.06647	1	-0.00493	-0.00922	0.67141	0.00225	1	0.06266	-0.01384	0.67616	0.00405	1	1.45898	0.81042	0	
1254041	8458.17773	3305381374720	0.48399	0.25423	8458.13086	0.04688	11426	1	0.49403	0.12169	1	0.45824	0.37983	1	0.47614	0.25076	1	0.47935	0.53324	11.47631	1.06647	1	0.74160	0.55760	11.95501	1.05881	1	-0.00493	-0.00922	0.67141	0.00232	1	0.06114	-0.01347	0.66023	0.00390	1	1.45898	0.81042	0	
1254042	8458.18457	3305381441740	0.48419	0.25367	8458.13086	0.05371	11426	1	0.49837	0.14190	1	0.47312	0.35643	1	0.48574	0.24916	1	0.47937	0.53325	11.45232	1.05881	1	0.74162	0.55763	12.00539	1.05115	1	-0.00493	-0.00922	0.67141	0.00233	1	0.06114	-0.01347	0.66023	0.00395	1	1.45898	0.81042	0	
1254043	8458.19141	3305381507914	0.48404	0.25127	8458.13086	0.06055	11426	1	0.49819	0.14553	1	0.46711	0.31394	1	0.48265	0.22974	1	0.47935	0.53324	11.47631	1.05115	1	0.74149	0.55733	11.75651	1.04349	1	-0.00493	-0.00922	0.67141	0.00232	1	0.06114	-0.01347	0.66023	0.00402	1	1.45898	0.81042	0	
1254044	8458.19824	3305381575168	0.48395	0.24966	8458.13086	0.06738	11426	1	0.49915	0.15308	1	0.46711	0.31394	1	0.48313	0.23351	1	0.47925	0.53331	11.18786	1.04349	1	0.74148	0.55723	11.86673	1.04349	1	-0.00493	-0.00922	0.67141	0.00224	1	0.06431	-0.01418	0.69504	0.00408	1	1.45898	0.81042	0	
1254045	8458.20508	3305381642215	0.48341	0.25058	8458.13086	0.07422	11426	1	0.48673	0.17533	1	0.46810	0.34612	1	0.47742	0.26072	1	0.47918	0.53339	11.27436	1.04349	1	0.74151	0.55748	12.04883	1.05115	1	-0.00493	-0.00922	0.67141	0.00226	1	0.06431	-0.01418	0.69504	0.00406	1	1.45898	0.81042	0	
1254046	8458.21094	3305381708935	0.48330	0.24903	8458.13086	0.08008	11426	1	0.49518	0.16294	1	0.46889	0.29780	1	0.48204	0.23037	1	0.47934	0.53340	11.36745	1.05115	1	0.74155	0.55715	11.81414	1.05881	1	-0.00493	-0.00922	0.67141	0.00228	1	0.06431	-0.01418	0.69504	0.00405	1	1.45898	0.81042	0	
1254047	8458.21777	3305381775151	0.48319	0.24720	8458.13086	0.08691	11426	1	0.49420	0.15551	1	0.46913	0.29127	1	0.48167	0.22339	1	0.47899	0.53326	11.47245	1.05881	1	0.74162	0.55736	11.71832	1.06647	1	-0.00506	-0.00951	0.68899	0.00222	1	0.06431	-0.01413	0.69504	0.00402	1	1.45898	0.81042	0	
1254048	8458.22461	3305381842939	0.48277	0.24706	8458.13086	0.09375	11426	1	0.47811	0.15953	1	0.47586	0.33074	1	0.47698	0.24514	1	0.47914	0.53343	11.28543	1.06647	1	0.74159	0.55748	11.74359	1.06647	1	-0.00506	-0.00951	0.68899	0.00232	1	0.06431	-0.01413	0.69504	0.00392	1	1.45898	0.81042	0	
1254049	8458.23145	3305381910234	0.48357	0.24397	8458.13086	0.10059	11426	1	0.48881	0.15166	1	0.50221	0.24350	1	0.49551	0.19758	1	0.47917	0.53345	11.26102	1.06647	1	0.74161	0.55656	11.64097	1.06647	1	-0.00506	-0.00951	0.68899	0.00230	1	0.06431	-0.01413	0.69504	0.00427	1	1.45898	0.81042	0	
1254050	8458.23828	3305381977896	0.48427	0.24124	8458.13086	0.10742	11426	1	0.48881	0.15166	1	0.50221	0.24350	1	0.49551	0.19758	1	0.47917	0.53348	11.37629	1.06647	1	0.74150	0.55675	11.65855	1.06647	1	-0.00506	-0.00951	0.68899	0.00231	1	0.06431	-0.01418	0.69504	0.00416	1	1.45898	0.81042	0	
1254051	8458.24512	3305382044002	0.48475	0.23951	8458.13086	0.11426	11426	1	0.49372	0.13696	1	0.49214	0.28330	1	0.49293	0.21013	1	0.47896	0.53342	11.26262	1.06647	1	0.74153	0.55690	11.62719	1.06647	1	-0.00506	-0.00951	0.68899	0.00230	1	0.06431	-0.01418	0.69504	0.00405	1	1.45898	0.81042	0	
1254052	8458.25195	3305382111008	0.48466	0.24041	8458.13086	0.12109	11426	1	0.48418	0.15528	1	0.48179	0.35794	1	0.48298	0.25661	1	0.47885	0.53347	11.25670	1.06647	1	0.74135	0.55760	12.08201	1.06647	1	-0.00506	-0.00951	0.68899	0.00225	1	0.06431	-0.01418	0.69504	0.00415	1	1.45898	0.81042	0	
1254053	8458.25781	3305382177978	0.48455	0.24082	8458.13086	0.12695	11426	1	0.48296	0.14652	1	0.48218	0.35075	1	0.48257	0.24863	1	0.47894	0.53336	11.17156	1.07555	1	0.74138	0.55815	12.57056	1.07555	1	-0.00521	-0.00969	0.70228	0.00230	1	0.06289	-0.01389	0.68080	0.00383	1	1.45898	0.81042	0	
1254054	8458.26465	3305382245255	0.48460	0.24143	8458.13086	0.13379	11426	1	0.49523	0.12205	1	0.47582	0.38526	1	0.48553	0.25366	1	0.47894	0.53336	11.17156	1.08464	1	0.74129	0.55813	12.38841	1.08464	1	-0.00521	-0.00969	0.70228	0.00230	1	0.06289	-0.01389	0.68080	0.00385	1	1.45898	0.81042	0	
1254055	8458.27148	3305382312478	0.48530	0.24589	8458.13086	0.14062	11426	1	0.52458	0.32068	1	0.47558	0.35825	1	0.50008	0.33947	1	0.47935	0.53573	11.88407	1.09372	1	0.74127	0.55800	12.08606	1.09372	1	-0.00521	-0.00969	0.70228	0.00348	1	0.06289	-0.01389	0.68080	0.00392	1	1.45898	0.81042	0	
1254056	8458.27832	3305382378538	0.48593	0.24965	8458.13086	0.14746	11426	1	0.52366	0.31354	1	0.47591	0.35125	1	0.49978	0.33240	1	0.47938	0.53559	11.44471	1.10281	1	0.74107	0.55779	11.18235	1.10281	1	-0.00521	-0.00969	0.70228	0.00354	1	0.06256	-0.01387	0.67721	0.00398	1	1.45898	0.81042	0	
1254057	8458.28516	3305382444035	0.48544	0.24939	8458.13086	0.15430	11426	1	0.49770	0.12258	1	0.45036	0.36428	1	0.47403	0.24343	1	0.47906	0.53357	10.96217	1.10281	1	0.74083	0.55814	11.70124	1.10281	1	-0.00521	-0.00969	0.70228	0.00236	1	0.06256	-0.01387	0.67721	0.00397	1	1.45898	0.81042	0	
1254058	8458.29199	3305382510561	0.48532	0.24873	8458.13086	0.16113	11426	1	0.48847	0.11420	1	0.47643	0.35138	1	0.48245	0.23279	1	0.47886	0.53350	11.05226	1.10281	1	0.74128	0.55792	11.28458	1.10281	1	-0.00521	-0.00969	0.70228	0.00223	1	0.06256	-0.01387	0.67721	0.00392	1	1.45898	0.81042	0	
1254059	8458.29883	3305382579372	0.48524	0.24869	8458.13086	0.16797	11426	1	0.49064	0.13078	1	0.47580	0.36457	1	0.48322	0.24767	1	0.47882	0.53355	11.13366	1.08571	1	0.74090	0.55825	11.77961	1.08571	1	-0.00490	-0.00911	0.66034	0.00225	1	0.06279	-0.01387	0.67976	0.00391	1	1.45898	0.81042	0	
1254060	8458.30469	3305382644349	0.48600	0.25095	8458.13086	0.17383	11426	1	0.53696	0.27468	1	0.47466	0.34498	1	0.50581	0.30983	1	0.47917	0.53506	11.07272	1.06861	1	0.74127	0.55770	11.22716	1.06861	1	-0.00490	-0.00911	0.66034	0.00360	1	0.06279	-0.01387	0.67976	0.00400	1	1.45898	0.81042	0	
1254061	8458.31152	3305382711121	0.48626	0.25156	8458.13086	0.18066	11426	1	0.50842	0.17032	1	0.47794	0.36559	1	0.49318	0.26796	1	0.47875	0.53348	11.42074	1.05150	1	0.74134	0.55761	11.19249	1.05150	1	-0.00490	-0.00911	0.66034	0.00222	1	0.06279	-0.01387	0.67976	0.00398	1	1.45898	0.81042	0	
1254062	8458.31836	3305382778575	0.48651	0.25240	8458.13086	0.18750	11426	1	0.50949	0.17906	1	0.47758	0.37282	1	0.49353	0.27594	1	0.47887	0.53353	11.24962	1.04242	1	0.74112	0.55791	11.58172	1.04242	1	-0.00515	-0.00934	0.67320	0.00233	1	0.06289	-0.01399	0.68080	0.00393	1	1.45898	0.81042	0	
1254063	8458.32422	3305382840793	0.48628	0.25417	8458.13086	0.19336	11426	1	0.51107	0.18454	1	0.44840	0.42672	1	0.47974	0.30563	1	0.47878	0.53357	11.33708	1.05043	1	0.74088	0.55834	11.87807	1.05043	1	-0.00515	-0.00934	0.67320	0.00229	1	0.06289	-0.01399	0.68080	0.00386	1	1.45898	0.81042	0	
1254064	8458.33203	3305382913538	0.48572	0.25565	8458.13086	0.20117	11426	1	0.50655	0.17307	1	0.43093	0.42672	1	0.46874	0.29990	1	0.47872	0.53371	11.35928	1.05845	1	0.74059	0.55838	12.29305	1.05845	1	-0.00515	-0.00934	0.67320	0.00223	1	0.06289	-0.01399	0.68080	0.00385	1	1.45898	0.81042	0	
1254065	8458.33887	3305382980085	0.48620	0.28349	8458.13086	0.20117	11426	0	0.50560	0.16544	1	0.43091	0.42088	1	0.46825	0.29316	1	0.47919	0.53587	11.15668	1.06647	1	0.74082	0.55828	12.45166	1.06647	1	-0.00515	-0.00934	0.67320	0.00358	1	0.06289	-0.01399	0.68080	0.00387	1	1.45898	0.81042	0	
1254066	8458.34570	3305383048582	0.49663	0.32913	8458.13086	0.20117	11426	0	0.54902	0.33874	1	0.46512	0.41082	1	0.50707	0.37478	1	0.47932	0.53575	11.01995	1.06647	1	0.74074	0.55825	12.54618	1.06647	1	-0.00515	-0.00934	0.67320	0.00368	1	0.06289	-0.01399	0.68080	0.00400	1	1.45898	0.81042	0	
1254067	8458.35254	3305383115847	0.49982	0.34085	8458.13086	0.20117	11426	0	0.54491	0.32547	1	0.46750	0.40308	1	0.50621	0.36428	1	0.47922	0.53557	11.18833	1.06647	1	0.74073	0.55829	12.20852	1.06647	1	-0.00515	-0.00934	0.67320	0.00354	1	0.06289	-0.01399	0.68080	0.00386	1	1.45898	0.81042	0	
1254068	8458.35840	3305383182841	0.50142	0.34670	8458.33887	0.01953	11427	1	0.54491	0.32547	1	0.46750	0.40308	1	0.50621	0.36428	1	0.47882	0.53601	10.92105	1.06647	1	0.74084	0.55825	12.18242	1.06647	1	-0.00528	-0.00952	0.68986	0.00349	1	0.06289	-0.01399	0.68080	0.00380	1	1.45898	0.81042	0	
1254069	8458.36523	3305383249654	0.49970	0.34935	8458.33887	0.02637	11427	1	0.52060	0.36648	1	0.46501	0.35343	1	0.49280	0.35996	1	0.47884	0.53609	10.80211	1.06647	1	0.74071	0.55787	12.16879	1.06647	1	-0.00528	-0.00952	0.68986	0.00348	1	0.06289	-0.01399	0.68080	0.00392	1	1.45898	0.81042	0	
1254070	8458.37207	3305383316747	0.49933	0.35493	8458.33887	0.03320	11427	1	0.52402	0.38150	1	0.47093	0.38415	1	0.49748	0.38282	1	0.47878	0.53600	11.06713	1.06647	1	0.74078	0.55801	12.09839	1.06647	1	-0.00528	-0.00952	0.68986	0.00342	1	0.06289	-0.01399	0.68080	0.00383	1	1.45898	0.81042	0	
1254071	8458.37891	3305383384083	0.49906	0.35892	8458.33887	0.04004	11427	1	0.52402	0.38150	1	0.47093	0.38415	1	0.49748	0.38282	1	0.47851	0.53624	11.71978	1.06647	1	0.74075	0.55800	12.33216	1.06647	1	-0.00518	-0.00945	0.67718	0.00340	1	0.06224	-0.01387	0.67488	0.00390	1	1.45898	0.81042	0	
1254072	8458.38574	3305383448792	0.49805	0.36137	8458.33887	0.04688	11427	1	0.51054	0.39405	1	0.47133	0.36310	1	0.49094	0.37858	1	0.47860	0.53618	11.60670	1.06647	1	0.74081	0.55773	12.24971	1.06647	1	-0.00518	-0.00945	0.67718	0.00346	1	0.06224	-0.01387	0.67488	0.00382	1	1.45898	0.81042	0	
1254073	8458.39258	3305383517722	0.49696	0.35060	8458.33887	0.05371	11427	1	0.50115	0.19075	1	0.47541	0.33799	1	0.48828	0.26437	1	0.47851	0.53405	11.39484	1.06647	1	0.74082	0.55756	12.08497	1.06647	1	-0.00518	-0.00945	0.67718	0.00237	1	0.06224	-0.01387	0.67488	0.00382	1	1.45898	0.81042	0	
1254074	8458.39941	3305383584724	0.49609	0.34197	8458.33887	0.06055	11427	1	0.50115	0.19075	1	0.47541	0.33799	1	0.48828	0.26437	1	0.47832	0.53419	11.61150	1.06647	1	0.74057	0.55804	12.67579	1.06647	1	-0.00518	-0.00945	0.67718	0.00245	1	0.06224	-0.01387	0.67488	0.00382	1	1.45898	0.81042	0	
1254075	8458.40527	3305383649728	0.49581	0.34421	8458.33887	0.06641	11427	1	0.50450	0.34557	1	0.48142	0.38752	1	0.49296	0.36655	1	0.47862	0.53662	11.81627	1.06647	1	0.74057	0.55807	12.65749	1.06647	1	-0.00518	-0.00945	0.67718	0.00358	1	0.06224	-0.01387	0.67488	0.00381	1	1.45898	0.81042	0	
1254076	8458.41211	3305383718584	0.49637	0.34570	8458.33887	0.07324	11427	1	0.50758	0.36400	1	0.49755	0.36019	1	0.50256	0.36210	1	0.47870	0.53681	12.48551	1.06647	1	0.74081	0.55797	12.27095	1.06647	1	-0.00518	-0.00945	0.67718	0.00355	1	0.06224	-0.01387	0.67488	0.00386	1	1.45898	0.81042	0	
1254077	8458.41895	3305383783155	0.49683	0.34642	8458.33887	0.08008	11427	1	0.50651	0.35704	1	0.49806	0.35301	1	0.50229	0.35502	1	0.47863	0.53647	11.58973	1.07555	1	0.74039	0.55822	12.82847	1.07555	1	-0.00545	-0.00985	0.70627	0.00369	1	0.06301	-0.01406	0.68432	0.00377	1	1.45898	0.81042	0	
1254078	8458.42578	3305383852738	0.49561	0.34693	8458.33887	0.08691	11427	1	0.52050	0.30158	1	0.43920	0.40576	1	0.47985	0.35367	1	0.47853	0.53631	11.40779	1.08464	1	0.73989	0.55843	12.27801	1.08464	1	-0.00545	-0.00985	0.70627	0.00383	1	0.06301	-0.01406	0.68432	0.00388	1	1.45898	0.81042	0	
1254079	8458.43262	3305383918405	0.49465	0.34986	8458.33887	0.09375	11427	1	0.51906	0.37177	1	0.44327	0.40998	1	0.48116	0.39088	1	0.47844	0.53677	11.22696	1.09372	1	0.73999	0.55841	12.69780	1.09372	1	-0.00545	-0.00985	0.70627	0.00367	1	0.06301	-0.01406	0.68432	0.00380	1	1.45898	0.81042	0	
1254080	8458.43945	3305383986556	0.49381	0.35223	8458.33887	0.10059	11427	1	0.51906	0.37177	1	0.44333	0.40372	1	0.48120	0.38775	1	0.47847	0.53672	11.51611	1.09372	1	0.73994	0.55844	12.50242	1.10240	1	-0.00531	-0.00949	0.68037	0.00367	1	0.06472	-0.01443	0.70230	0.00383	1	1.45898	0.81042	0	
1254081	8458.44531	3305384052526	0.49416	0.35195	8458.33887	0.10645	11427	1	0.53658	0.34976	1	0.46303	0.34500	1	0.49981	0.34738	1	0.47835	0.53668	11.19759	1.09332	1	0.74027	0.55791	12.70336	1.10200	1	-0.00531	-0.00949	0.68037	0.00364	1	0.06472	-0.01443	0.70230	0.00387	1	1.45898	0.81042	0	
1254082	8458.45215	3305384119138	0.49361	0.35376	8458.33887	0.11328	11427	1	0.53859	0.37081	1	0.42983	0.39828	1	0.48421	0.38455	1	0.47835	0.53671	11.32329	1.09291	1	0.73981	0.55846	12.52747	1.10159	1	-0.00531	-0.00949	0.68037	0.00363	1	0.06472	-0.01443	0.70230	0.00388	1	1.45898	0.81042	0	
1254083	8458.45898	3305384187771	0.49310	0.35521	8458.33887	0.12012	11427	1	0.53780	0.36439	1	0.42983	0.39828	1	0.48382	0.38134	1	0.47821	0.53682	11.71975	1.10159	1	0.73988	0.55801	12.12263	1.10159	1	-0.00545	-0.00985	0.70627	0.00362	1	0.06301	-0.01406	0.68432	0.00400	1	1.45898	0.81042	0	
1254084	8458.46582	3305384254222	0.49304	0.35552	8458.33887	0.12695	11427	1	0.54184	0.36895	1	0.44227	0.35408	1	0.49205	0.36152	1	0.47840	0.53688	11.63427	1.11068	1	0.73996	0.55803	12.25977	1.10200	1	-0.00545	-0.00985	0.70627	0.00363	1	0.06301	-0.01406	0.68432	0.00396	1	1.45898	0.81042	0	
1254085	8458.47266	3305384321478	0.49348	0.35485	8458.33887	0.13379	11427	1	0.55457	0.35417	1	0.44967	0.32871	1	0.50212	0.34144	1	0.47860	0.53663	11.50957	1.11109	1	0.74008	0.55779	12.22703	1.10240	1	-0.00545	-0.00985	0.70627	0.00369	1	0.06301	-0.01406	0.68432	0.00398	1	1.45898	0.81042	0	
1254086	8458.47949	3305384388248	0.49387	0.35407	8458.33887	0.14062	11427	1	0.55454	0.35387	1	0.44979	0.32153	1	0.50216	0.33770	1	0.47860	0.53663	11.50957	1.11149	1	0.74006	0.55798	12.27594	1.11149	1	-0.00545	-0.00985	0.70627	0.00369	1	0.06473	-0.01438	0.70245	0.00395	1	1.45898	0.81042	0	
1254087	8458.48633	3305384455212	0.49378	0.35399	8458.33887	0.14746	11427	1	0.49910	0.38969	1	0.48436	0.31480	1	0.49173	0.35224	1	0.47856	0.53656	11.54919	1.11149	1	0.74059	0.55787	12.76603	1.12017	1	-0.00545	-0.00985	0.70627	0.00367	1	0.06473	-0.01438	0.70245	0.00391	1	1.45898	0.81042	0	
1254088	8458.49316	3305384522516	0.49381	0.35390	8458.33887	0.15430	11427	1	0.51307	0.37995	1	0.47607	0.32368	1	0.49457	0.35182	1	0.47869	0.53655	12.11267	1.12017	1	0.74036	0.55792	12.87894	1.12885	1	-0.00545	-0.00985	0.70627	0.00360	1	0.06473	-0.01438	0.70245	0.00390	1	1.45898	0.81042	0	
1254089	8458.49902	3305384587028	0.49382	0.35370	8458.33887	0.16016	11427	1	0.51213	0.37375	1	0.47607	0.32368	1	0.49410	0.34871	1	0.47846	0.53606	11.28019	1.12885	1	0.74058	0.55805	12.54042	1.12885	1	-0.00545	-0.00985	0.70627	0.00381	1	0.06294	-0.01397	0.68245	0.00384	1	1.45898	0.81042	0	
1254090	8458.50586	3305384653441	0.49386	0.35295	8458.33887	0.16699	11427	1	0.49188	0.38624	1	0.49776	0.28248	1	0.49482	0.33436	1	0.47842	0.53654	11.78180	1.12885	1	0.74076	0.55745	12.04374	1.12017	1	-0.00545	-0.00985	0.70627	0.00364	1	0.06294	-0.01397	0.68245	0.00411	1	1.45898	0.81042	0	
1254091	8458.51270	3305384720959	0.49379	0.35278	8458.33887	0.17383	11427	1	0.51201	0.36770	1	0.47181	0.32898	1	0.49191	0.34834	1	0.47869	0.53640	11.59362	1.12017	1	0.74085	0.55782	12.00997	1.11149	1	-0.00545	-0.00985	0.70627	0.00364	1	0.06294	-0.01397	0.68245	0.00389	1	1.45898	0.81042	0	
1254092	8458.51953	3305384786422	0.49374	0.35310	8458.33887	0.18066	11427	1	0.51395	0.38059	1	0.47123	0.34292	1	0.49259	0.36176	1	0.47856	0.53636	11.75361	1.10240	1	0.74092	0.55801	12.36989	1.09372	1	-0.00518	-0.00945	0.67718	0.00357	1	0.06256	-0.01387	0.67721	0.00392	1	1.45898	0.81042	0	
1254093	8458.52637	3305384857078	0.49345	0.35318	8458.33887	0.18750	11427	1	0.49810	0.36863	1	0.47206	0.34231	1	0.48508	0.35547	1	0.47851	0.53616	11.85667	1.08464	1	0.74082	0.55780	12.32694	1.08464	1	-0.00518	-0.00945	0.67718	0.00347	1	0.06256	-0.01387	0.67721	0.00399	1	1.45898	0.81042	0	
1254094	8458.53320	3305384923839	0.49324	0.35377	8458.33887	0.19434	11427	1	0.49778	0.35951	1	0.47662	0.38199	1	0.48720	0.37075	1	0.47849	0.53598	11.47952	1.07555	1	0.74089	0.55804	12.09496	1.07555	1	-0.00518	-0.00945	0.67718	0.00345	1	0.06256	-0.01387	0.67721	0.00391	1	1.45898	0.81042	0	
1254095	8458.54004	3305384991662	0.49306	0.35454	8458.33887	0.20117	11427	1	0.49892	0.36646	1	0.47628	0.38891	1	0.48760	0.37768	1	0.47862	0.53589	11.72073	1.06647	1	0.74099	0.55736	11.83136	1.06647	1	-0.00518	-0.00945	0.67718	0.00351	1	0.06256	-0.01387	0.67721	0.00411	1	1.45898	0.81042	0	
1254096	8458.54590	3305385058220	0.49289	0.35468	8458.33887	0.20703	11427	1	0.49892	0.36646	1	0.47650	0.35148	1	0.48771	0.35897	1	0.47849	0.53598	11.47952	1.06647	1	0.74094	0.55773	12.18060	1.06647	1	-0.00518	-0.00945	0.67718	0.00345	1	0.06256	-0.01387	0.67721	0.00397	1	1.45898	0.81042	0	
1254097	8458.55273	3305385125183	0.49277	0.35439	8458.33887	0.21387	11427	1	0.50203	0.37756	1	0.47578	0.31304	1	0.48890	0.34530	1	0.47855	0.53620	11.46925	1.06647	1	0.74092	0.55753	11.89493	1.06647	1	-0.00518	-0.00945	0.67718	0.00358	1	0.06256	-0.01387	0.67721	0.00402	1	1.45898	0.81042	0	
1254098	8458.55957	3305385192709	0.49265	0.35413	8458.33887	0.22070	11427	1	0.50203	0.37756	1	0.47578	0.31304	1	0.48890	0.34530	1	0.47849	0.53599	11.59032	1.06647	1	0.74094	0.55766	12.22625	1.06647	1	-0.00518	-0.00945	0.67718	0.00344	1	0.06289	-0.01399	0.68080	0.00395	1	1.45898	0.81042	0	
1254099	8458.56641	3305385258909	0.49228	0.35420	8458.33887	0.22754	11427	1	0.48958	0.36567	1	0.46982	0.34751	1	0.47970	0.35659	1	0.47832	0.53602	11.23752	1.06647	1	0.74075	0.55770	12.19157	1.06647	1	-0.00518	-0.00945	0.67718	0.00354	1	0.06289	-0.01399	0.68080	0.00396	1	1.45898	0.81042	0	
1254100	8458.57324	3305385326133	0.49229	0.35467	8458.33887	0.23438	11427	1	0.50305	0.39424	1	0.48219	0.34798	1	0.49262	0.37111	1	0.47852	0.53636	11.61693	1.06647	1	0.74094	0.55766	12.22625	1.06647	1	-0.00518	-0.00945	0.67718	0.00355	1	0.06289	-0.01399	0.68080	0.00395	1	1.45898	0.81042	0	
1254101	8458.58008	3305385393294	0.49230	0.35511	8458.33887	0.24121	11427	1	0.50305	0.39424	1	0.48219	0.34798	1	0.49262	0.37111	1	0.47893	0.53585	11.82094	1.06647	1	0.74072	0.55790	12.43375	1.06647	1	-0.00518	-0.00945	0.67718	0.00362	1	0.06279	-0.01387	0.67976	0.00391	1	1.45898	0.81042	0	
1254102	8458.58691	3305385460218	0.49271	0.35507	8458.33887	0.24805	11427	1	0.54631	0.36674	1	0.46914	0.34070	1	0.50773	0.35372	1	0.47920	0.53579	11.39599	1.06647	1	0.74076	0.55754	12.14217	1.06647	1	-0.00518	-0.00945	0.67718	0.00364	1	0.06279	-0.01387	0.67976	0.00410	1	1.45898	0.81042	0	
1254103	8458.59277	3305385527267	0.49273	0.35433	8458.33887	0.25391	11427	1	0.52165	0.30981	1	0.46527	0.34206	1	0.49346	0.32593	1	0.47881	0.53546	11.89560	1.06647	1	0.74074	0.55762	12.14363	1.06647	1	-0.00518	-0.00945	0.67718	0.00363	1	0.06279	-0.01387	0.67976	0.00403	1	1.45898	0.81042	0	
1254104	8458.59961	3305385594059	0.49275	0.35362	8458.33887	0.26074	11427	1	0.52165	0.30981	1	0.46527	0.34206	1	0.49346	0.32593	1	0.47926	0.53560	11.14916	1.06647	1	0.74070	0.55790	12.03104	1.06647	1	-0.00528	-0.00952	0.68986	0.00372	1	0.06256	-0.01376	0.67721	0.00402	1	1.45898	0.81042	0	
1254105	8458.60645	3305385660756	0.49281	0.35348	8458.33887	0.26758	11427	1	0.52846	0.31298	1	0.46244	0.38312	1	0.49545	0.34805	1	0.47905	0.53530	10.86131	1.06647	1	0.74070	0.55792	12.24305	1.06647	1	-0.00528	-0.00952	0.68986	0.00367	1	0.06256	-0.01376	0.67721	0.00399	1	1.45898	0.81042	0	
1254106	8458.61328	3305385728434	0.49309	0.35352	8458.33887	0.27441	11427	1	0.54116	0.32132	1	0.46793	0.38895	1	0.50454	0.35513	1	0.47918	0.53562	11.27456	1.06647	1	0.74074	0.55788	12.07637	1.06647	1	-0.00528	-0.00952	0.68986	0.00357	1	0.06256	-0.01376	0.67721	0.00402	1	1.45898	0.81042	0	
1254107	8458.62012	3305385795028	0.49336	0.35356	8458.33887	0.28125	11427	1	0.54116	0.32132	1	0.46793	0.38895	1	0.50454	0.35513	1	0.47908	0.53540	10.97579	1.06647	1	0.74077	0.55791	12.07051	1.06647	1	-0.00513	-0.00950	0.68451	0.00364	1	0.06289	-0.01389	0.68080	0.00401	1	1.45898	0.81042	0	
1254108	8458.62695	3305385861839	0.49305	0.35335	8458.33887	0.28809	11427	1	0.51710	0.29346	1	0.44275	0.39493	1	0.47992	0.34419	1	0.47919	0.53523	10.93357	1.06647	1	0.74078	0.55793	12.21880	1.06647	1	-0.00513	-0.00950	0.68451	0.00385	1	0.06289	-0.01389	0.68080	0.00399	1	1.45898	0.81042	0	
1254109	8458.63281	3305385927807	0.49257	0.35332	8458.33887	0.29395	11427	1	0.49368	0.33822	1	0.44929	0.36628	1	0.47149	0.35225	1	0.47885	0.53550	11.09680	1.06647	1	0.74118	0.55777	12.80646	1.06647	1	-0.00513	-0.00950	0.68451	0.00372	1	0.06289	-0.01389	0.68080	0.00392	1	1.45898	0.81042	0	
1254110	8458.63965	3305385995612	0.49211	0.35336	8458.33887	0.30078	11427	1	0.49368	0.33822	1	0.44919	0.37226	1	0.47144	0.35524	1	0.47914	0.53560	11.05006	1.06647	1	0.74163	0.55719	11.96576	1.05881	1	-0.00493	-0.00932	0.67141	0.00364	1	0.05959	-0.01310	0.64455	0.00418	1	1.45898	0.81042	0	
1254111	8458.64648	3305386062706	0.49204	0.35285	8458.33887	0.30762	11427	1	0.49811	0.34135	1	0.47894	0.31672	1	0.48852	0.32904	1	0.47918	0.53555	11.36182	1.05881	1	0.74172	0.55721	11.85658	1.05115	1	-0.00493	-0.00932	0.67141	0.00364	1	0.05959	-0.01310	0.64455	0.00417	1	1.45898	0.81042	0	
1254112	8458.65332	3305386127851	0.49199	0.35285	8458.33887	0.31445	11427	1	0.50659	0.37007	1	0.47298	0.33614	1	0.48979	0.35310	1	0.47933	0.53587	11.69736	1.05115	1	0.74163	0.55719	11.96576	1.04349	1	-0.00493	-0.00932	0.67141	0.00360	1	0.05959	-0.01310	0.64455	0.00419	1	1.45898	0.81042	0	
1254113	8458.66016	3305386195500	0.49207	0.35436	8458.33887	0.32129	11427	1	0.50752	0.37598	1	0.47298	0.33614	1	0.49025	0.35606	1	0.47934	0.53538	11.51248	1.04349	1	0.74153	0.55772	12.11582	1.04349	1	-0.00493	-0.00932	0.67141	0.00372	1	0.06431	-0.01423	0.69504	0.00424	1	1.45898	0.81042	0	SUBJECT_ONSET_LOG
1254114	8458.66602	3305386259717	0.49189	0.35344	8458.33887	0.32715	11427	1	0.51231	0.32967	1	0.48433	0.33164	1	0.49832	0.33066	1	0.47938	0.53539	11.50875	1.04349	1	0.74177	0.55735	11.76083	1.05115	1	-0.00493	-0.00932	0.67141	0.00371	1	0.06431	-0.01423	0.69504	0.00409	1	1.45898	0.81042	0	
1254115	8458.67383	3305386331541	0.49153	0.35282	8458.33887	0.33496	11427	1	0.51059	0.31971	1	0.46739	0.34912	1	0.48899	0.33442	1	0.47943	0.53522	11.46379	1.05115	1	0.74155	0.55773	12.28152	1.05881	1	-0.00493	-0.00932	0.67141	0.00381	1	0.06431	-0.01423	0.69504	0.00393	1	1.45898	0.81042	0	
1254116	8458.68066	3305386398592	0.49117	0.35207	8458.33887	0.34180	11427	1	0.50969	0.31344	1	0.46762	0.34296	1	0.48866	0.32820	1	0.47963	0.53477	11.84208	1.05881	1	0.74171	0.55753	12.29355	1.06647	1	-0.00506	-0.00951	0.68899	0.00406	1	0.06323	-0.01392	0.68224	0.00393	1	1.45898	0.81042	0	AUDIO_FILE_ONSET_LOG
1254117	8458.68652	3305386463449	0.49124	0.35137	8458.33887	0.34766	11427	1	0.51666	0.31123	1	0.47586	0.34150	1	0.49626	0.32637	1	0.47961	0.53520	11.66836	1.06647	1	0.74168	0.55759	12.36551	1.06647	1	-0.00506	-0.00951	0.68899	0.00387	1	0.06323	-0.01392	0.68224	0.00391	1	1.45898	0.81042	0	
1254118	8458.69336	3305386532138	0.49128	0.35050	8458.33887	0.35449	11427	1	0.52348	0.33717	1	0.47529	0.34525	1	0.49939	0.34121	1	0.47965	0.53549	11.80468	1.06647	1	0.74169	0.55768	12.13519	1.06647	1	-0.00506	-0.00951	0.68899	0.00375	1	0.06323	-0.01392	0.68224	0.00397	1	1.45898	0.81042	0	
1254119	8458.70020	3305386598101	0.49132	0.34964	8458.33887	0.36133	11427	1	0.52348	0.33717	1	0.47529	0.34525	1	0.49939	0.34121	1	0.47940	0.53528	11.48191	1.06647	1	0.74161	0.55762	12.35423	1.06647	1	-0.00506	-0.00951	0.68899	0.00396	1	0.06323	-0.01392	0.68224	0.00389	1	1.45898	0.81042	0	
1254120	8458.70703	3305386661655	0.49137	0.34861	8458.33887	0.36816	11427	1	0.50575	0.33175	1	0.48070	0.32686	1	0.49322	0.32931	1	0.47973	0.53531	11.10088	1.06647	1	0.74177	0.55750	12.80775	1.06647	1	-0.00506	-0.00951	0.68899	0.00385	1	0.06323	-0.01392	0.68224	0.00396	1	1.45898	0.81042	0	
1254121	8458.71387	3305386729486	0.49165	0.35013	8458.33887	0.37500	11427	1	0.51084	0.31411	1	0.49312	0.36078	1	0.50198	0.33745	1	0.47988	0.53530	11.37524	1.06647	1	0.74188	0.55772	13.03491	1.06647	1	-0.00506	-0.00951	0.68899	0.00373	1	0.06323	-0.01392	0.68224	0.00393	1	1.45898	0.81042	0	
1254122	8458.71973	3305386796887	0.49193	0.35157	8458.33887	0.38086	11427	1	0.50980	0.30673	1	0.49320	0.35965	1	0.50150	0.33319	1	0.48003	0.53589	12.03036	1.07555	1	0.74184	0.55727	12.79189	1.06789	1	-0.00508	-0.00970	0.69897	0.00355	1	0.06096	-0.01341	0.65721	0.00423	1	1.45898	0.81042	0	
1254123	8458.72656	3305386863688	0.49177	0.34972	8458.33887	0.38770	11427	1	0.50793	0.25038	1	0.46295	0.30577	1	0.48544	0.27807	1	0.47987	0.53463	11.16316	1.07698	1	0.74184	0.55727	12.79189	1.06932	1	-0.00508	-0.00970	0.69897	0.00384	1	0.06096	-0.01341	0.65721	0.00423	1	1.45898	0.81042	0	
1254124	8458.73340	3305386933017	0.49141	0.34777	8458.33887	0.39453	11427	1	0.50002	0.22318	1	0.47046	0.31354	1	0.48524	0.26836	1	0.47979	0.53447	11.13105	1.07841	1	0.74198	0.55733	12.84573	1.07075	1	-0.00508	-0.00970	0.69897	0.00386	1	0.06096	-0.01341	0.65721	0.00416	1	1.45898	0.81042	0	
1254125	8458.74023	3305386999475	0.49366	0.31861	8458.33887	0.39453	11427	0	0.50095	0.22999	1	0.47021	0.31989	1	0.48558	0.27494	1	0.47998	0.53590	11.62172	1.07075	1	0.74206	0.55741	12.75098	1.06309	1	-0.00483	-0.00946	0.68560	0.00361	1	0.06150	-0.01358	0.66309	0.00413	1	1.45898	0.81042	0	
1254126	8458.74707	3305387063082	0.48599	0.33286	8458.33887	0.39453	11427	0	0.49479	0.26875	1	0.46185	0.42546	1	0.47832	0.34710	1	0.48003	0.53481	11.17352	1.05400	1	0.74227	0.55836	12.72528	1.05400	1	-0.00483	-0.00946	0.68560	0.00393	1	0.06150	-0.01358	0.66309	0.00396	1	1.45898	0.81042	0	
1254127	8458.75391	3305387135864	0.48283	0.34012	8458.33887	0.39453	11427	0	0.50055	0.36307	1	0.45246	0.34625	1	0.47651	0.35466	1	0.48006	0.53577	11.54427	1.04492	1	0.74206	0.55741	12.75098	1.04492	1	-0.00483	-0.00946	0.68560	0.00362	1	0.06150	-0.01358	0.66309	0.00413	1	1.45898	0.81042	0	
1254128	8458.76074	3305387202187	0.48127	0.34298	8458.74023	0.02051	11428	1	0.50055	0.36307	1	0.45259	0.33999	1	0.47657	0.35153	1	0.48006	0.53577	11.54427	1.04492	1	0.74228	0.55787	12.46336	1.05257	1	-0.00501	-0.00970	0.70319	0.00362	1	0.06378	-0.01402	0.68706	0.00417	1	1.45898	0.81042	0	
1254129	8458.76758	3305387268489	0.48256	0.34529	8458.74023	0.02734	11428	1	0.51228	0.33814	1	0.46323	0.37095	1	0.48776	0.35454	1	0.48026	0.53567	11.83205	1.06166	1	0.74228	0.55787	12.46336	1.06932	1	-0.00501	-0.00970	0.70319	0.00361	1	0.06378	-0.01402	0.68706	0.00417	1	1.45898	0.81042	0	
1254130	8458.77441	3305387335713	0.48257	0.34167	8458.74023	0.03418	11428	1	0.50375	0.26968	1	0.46151	0.37743	1	0.48263	0.32356	1	0.48016	0.53510	11.48032	1.07841	1	0.74221	0.55806	12.52073	1.08606	1	-0.00501	-0.00970	0.70319	0.00385	1	0.06378	-0.01402	0.68706	0.00407	1	1.45898	0.81042	0	
1254131	8458.78027	3305387402701	0.48253	0.33820	8458.74023	0.04004	11428	1	0.50284	0.26321	1	0.46169	0.37163	1	0.48226	0.31742	1	0.47997	0.53583	11.62517	1.08606	1	0.74218	0.55815	12.74010	1.09372	1	-0.00473	-0.00931	0.67127	0.00361	1	0.06378	-0.01412	0.68706	0.00403	1	1.45898	0.81042	0	
1254132	8458.78711	3305387469073	0.48064	0.34150	8458.74023	0.04688	11428	1	0.48950	0.32657	1	0.44538	0.40256	1	0.46744	0.36457	1	0.47997	0.53578	11.61523	1.08464	1	0.74194	0.55844	13.21315	1.08464	1	-0.00473	-0.00931	0.67127	0.00362	1	0.06378	-0.01412	0.68706	0.00387	1	1.45898	0.81042	0	
1254133	8458.79395	3305387533872	0.47958	0.34086	8458.74023	0.05371	11428	1	0.49459	0.32482	1	0.44752	0.34671	1	0.47106	0.33576	1	0.47998	0.53547	11.69824	1.07555	1	0.74200	0.55770	13.07511	1.07555	1	-0.00473	-0.00931	0.67127	0.00371	1	0.06378	-0.01412	0.68706	0.00419	1	1.45898	0.81042	0	
1254134	8458.80078	3305387603549	0.47878	0.34107	8458.74023	0.06055	11428	1	0.49575	0.33206	1	0.44741	0.35391	1	0.47158	0.34298	1	0.48022	0.53559	11.93662	1.06647	1	0.74202	0.55836	13.13505	1.06647	1	-0.00473	-0.00931	0.67127	0.00361	1	0.06378	-0.01412	0.68706	0.00387	1	1.45898	0.81042	0	
1254135	8458.80762	3305387670195	0.47906	0.34247	8458.74023	0.06738	11428	1	0.50468	0.32355	1	0.45900	0.38930	1	0.48184	0.35642	1	0.48011	0.53531	11.71937	1.06647	1	0.74222	0.55805	12.68791	1.06647	1	-0.00473	-0.00931	0.67127	0.00370	1	0.06378	-0.01412	0.68706	0.00406	1	1.45898	0.81042	0	
1254136	8458.81445	3305387737466	0.47873	0.34351	8458.74023	0.07422	11428	1	0.48330	0.31659	1	0.46702	0.39332	1	0.47516	0.35495	1	0.47983	0.53551	11.14313	1.06647	1	0.74227	0.55810	12.70659	1.06647	1	-0.00473	-0.00931	0.67127	0.00371	1	0.06378	-0.01412	0.68706	0.00413	1	1.45898	0.81042	0	
1254137	8458.82129	3305387804589	0.47846	0.34439	8458.74023	0.08105	11428	1	0.48330	0.31659	1	0.46702	0.39332	1	0.47516	0.35495	1	0.48014	0.53575	11.92774	1.06647	1	0.74232	0.55800	12.12747	1.06647	1	-0.00473	-0.00931	0.67127	0.00355	1	0.06378	-0.01412	0.68706	0.00387	1	1.45898	0.81042	0	
1254138	8458.82715	3305387867490	0.47865	0.34593	8458.74023	0.08691	11428	1	0.49990	0.30635	1	0.46255	0.42565	1	0.48123	0.36600	1	0.48010	0.53525	11.73000	1.06647	1	0.74223	0.55852	13.05652	1.06647	1	-0.00473	-0.00931	0.67127	0.00373	1	0.06378	-0.01412	0.68706	0.00394	1	1.45898	0.81042	0	
1254139	8458.83398	3305387936034	0.47930	0.34795	8458.74023	0.09375	11428	1	0.49817	0.30606	1	0.47858	0.44626	1	0.48838	0.37616	1	0.48008	0.53533	11.65495	1.06647	1	0.74257	0.55863	12.40039	1.06647	1	-0.00473	-0.00931	0.67127	0.00396	1	0.06378	-0.01412	0.68706	0.00402	1	1.45898	0.81042	0	
1254140	8458.84082	3305387998619	0.47987	0.34971	8458.74023	0.10059	11428	1	0.49817	0.30606	1	0.47858	0.44626	1	0.48838	0.37616	1	0.47983	0.53579	11.05485	1.06647	1	0.74203	0.55793	12.84748	1.06647	1	-0.00483	-0.00956	0.68560	0.00391	1	0.06378	-0.01412	0.68706	0.00389	1	1.45898	0.81042	0	
1254141	8458.84766	3305388070146	0.47954	0.35102	8458.74023	0.10742	11428	1	0.50076	0.35763	1	0.44781	0.38632	1	0.47428	0.37197	1	0.48003	0.53586	11.59981	1.06647	1	0.74198	0.55793	12.89508	1.06647	1	-0.00483	-0.00956	0.68560	0.00375	1	0.06378	-0.01412	0.68706	0.00385	1	1.45898	0.81042	0	
1254142	8458.85449	3305388137958	0.47964	0.35343	8458.74023	0.11426	11428	1	0.50762	0.37656	1	0.45490	0.41231	1	0.48126	0.39443	1	0.48020	0.53603	11.75443	1.06647	1	0.74212	0.55822	12.98893	1.06647	1	-0.00483	-0.00956	0.68560	0.00370	1	0.06378	-0.01412	0.68706	0.00382	1	1.45898	0.81042	0	
1254143	8458.86035	3305388202112	0.47972	0.35559	8458.74023	0.12012	11428	1	0.50762	0.37656	1	0.45490	0.41231	1	0.48126	0.39443	1	0.48037	0.53619	11.82369	1.06647	1	0.74207	0.55809	12.96001	1.06647	1	-0.00483	-0.00956	0.68560	0.00357	1	0.06378	-0.01412	0.68706	0.00375	1	1.45898	0.81042	0	
1254144	8458.86719	3305388269859	0.47974	0.35900	8458.74023	0.12695	11428	1	0.50671	0.40885	1	0.45358	0.43856	1	0.48015	0.42370	1	0.48012	0.53630	11.55684	1.06647	1	0.74210	0.55861	12.73166	1.06647	1	-0.00483	-0.00956	0.68560	0.00364	1	0.06378	-0.01412	0.68706	0.00403	1	1.45898	0.81042	0	
1254145	8458.87402	3305388337738	0.47914	0.36103	8458.74023	0.13379	11428	1	0.48743	0.38096	1	0.44685	0.42227	1	0.46714	0.40161	1	0.47985	0.53607	11.33124	1.06647	1	0.74190	0.55847	12.78383	1.06647	1	-0.00483	-0.00956	0.68560	0.00378	1	0.06378	-0.01412	0.68706	0.00397	1	1.45898	0.81042	0	
1254146	8458.88086	3305388405494	0.47860	0.36287	8458.74023	0.14062	11428	1	0.48743	0.38096	1	0.44685	0.42227	1	0.46714	0.40161	1	0.47993	0.53628	11.52968	1.06647	1	0.74199	0.55821	12.60532	1.06647	1	-0.00483	-0.00956	0.68560	0.00366	1	0.06378	-0.01412	0.68706	0.00402	1	1.45898	0.81042	0	
1254147	8458.88770	3305388474369	0.47849	0.36389	8458.74023	0.14746	11428	1	0.49586	0.34030	1	0.45621	0.43221	1	0.47603	0.38626	1	0.48003	0.53650	11.66305	1.06647	1	0.74210	0.55840	12.64857	1.06647	1	-0.00483	-0.00956	0.68560	0.00361	1	0.06378	-0.01412	0.68706	0.00408	1	1.45898	0.81042	0	
1254148	8458.89453	3305388541077	0.47816	0.36595	8458.74023	0.15430	11428	1	0.49859	0.40875	1	0.44292	0.41821	1	0.47075	0.41348	1	0.48006	0.53647	12.21077	1.06647	1	0.74192	0.55843	12.61498	1.06647	1	-0.00483	-0.00956	0.68560	0.00367	1	0.06378	-0.01412	0.68706	0.00410	1	1.45898	0.81042	0	
1254149	8458.90137	3305388608250	0.47723	0.39328	8458.74023	0.15430	11428	0	0.49859	0.40875	1	0.44292	0.41821	1	0.47075	0.41348	1	0.47984	0.53611	12.03593	1.06647	1	0.74188	0.55870	13.22585	1.06647	1	-0.00483	-0.00956	0.68560	0.00376	1	0.06378	-0.01412	0.68706	0.00400	1	1.45898	0.81042	0	
1254150	8458.90820	3305388673241	0.48146	0.38232	8458.74023	0.15430	11428	0	0.51851	0.38204	1	0.45289	0.36068	1	0.48570	0.37136	1	0.48034	0.53603	12.61392	1.06647	1	0.74206	0.55790	13.03214	1.06647	1	-0.00483	-0.00956	0.68560	0.00368	1	0.06378	-0.01412	0.68706	0.00408	1	1.45898	0.81042	0	
1254151	8458.91504	3305388743064	0.48444	0.36962	8458.74023	0.15430	11428	0	0.51836	0.33719	1	0.46240	0.35127	1	0.49038	0.34423	1	0.48032	0.53564	11.92634	1.06647	1	0.74184	0.55774	13.20052	1.06647	1	-0.00483	-0.00956	0.68560	0.00368	1	0.06378	-0.01412	0.68706	0.00403	1	1.45898	0.81042	0	
1254152	8458.92188	3305388809067	0.48595	0.36241	8458.90137	0.02051	11429	1	0.51836	0.33719	1	0.46262	0.34436	1	0.49049	0.34077	1	0.48052	0.53487	12.19057	1.06647	1	0.74203	0.55727	12.86635	1.07515	1	-0.00483	-0.00946	0.68560	0.00379	1	0.06475	-0.01434	0.69804	0.00404	1	1.45898	0.81042	0	
1254153	8458.92773	3305388876275	0.48806	0.34981	8458.90137	0.02637	11429	1	0.51522	0.30097	1	0.47774	0.29786	1	0.49648	0.29942	1	0.48038	0.53475	12.10115	1.07515	1	0.74208	0.55717	12.74096	1.08383	1	-0.00483	-0.00946	0.68560	0.00403	1	0.06475	-0.01434	0.69804	0.00405	1	1.45898	0.81042	0	
1254154	8458.93457	3305388943236	0.49026	0.33992	8458.90137	0.03320	11429	1	0.52062	0.28040	1	0.48197	0.30049	1	0.50130	0.29045	1	0.48043	0.53502	12.14624	1.08383	1	0.74215	0.55721	12.67274	1.09251	1	-0.00483	-0.00946	0.68560	0.00391	1	0.06475	-0.01434	0.69804	0.00399	1	1.45898	0.81042	0	
1254155	8458.94141	3305389010102	0.49175	0.33279	8458.90137	0.04004	11429	1	0.51970	0.27319	1	0.48165	0.30682	1	0.50068	0.29000	1	0.48042	0.53504	12.13037	1.09251	1	0.74195	0.55736	13.05662	1.08485	1	-0.00483	-0.00946	0.68560	0.00390	1	0.06150	-0.01358	0.66309	0.00397	1	1.45898	0.81042	0	
1254156	8458.94824	3305389075926	0.49083	0.31624	8458.90137	0.04688	11429	1	0.49077	0.07968	1	0.47806	0.32113	1	0.48441	0.20041	1	0.48005	0.53290	12.48597	1.08485	1	0.74210	0.55723	12.77777	1.06851	1	-0.00483	-0.00946	0.68560	0.00248	1	0.06150	-0.01358	0.66309	0.00398	1	1.45898	0.81042	0	
1254157	8458.95410	3305389139310	0.49093	0.31492	8458.90137	0.05273	11429	1	0.51862	0.26467	1	0.46485	0.34408	1	0.49173	0.30438	1	0.48040	0.53481	12.11203	1.06851	1	0.74187	0.55748	13.17434	1.05217	1	-0.00483	-0.00946	0.68560	0.00381	1	0.06150	-0.01358	0.66309	0.00402	1	1.45898	0.81042	0	
1254158	8458.96094	3305389206282	0.49110	0.31457	8458.90137	0.05957	11429	1	0.52039	0.27868	1	0.46485	0.34408	1	0.49262	0.31138	1	0.48002	0.53297	12.10397	1.05217	1	0.74189	0.55751	13.06618	1.05217	1	-0.00483	-0.00946	0.68560	0.00249	1	0.06512	-0.01437	0.70203	0.00402	1	1.45898	0.81042	0	
1254159	8458.96777	3305389274803	0.49130	0.31349	8458.90137	0.06641	11429	1	0.50691	0.28864	1	0.47976	0.31692	1	0.49334	0.30278	1	0.48024	0.53483	12.09670	1.05217	1	0.74211	0.55729	12.70668	1.06851	1	-0.00483	-0.00946	0.68560	0.00390	1	0.06512	-0.01437	0.70203	0.00399	1	1.45898	0.81042	0	
1254160	8458.97461	3305389341350	0.49048	0.30411	8458.90137	0.07324	11429	1	0.48408	0.11034	1	0.47880	0.29133	1	0.48144	0.20084	1	0.48008	0.53298	12.18158	1.06851	1	0.74205	0.55708	12.71997	1.08485	1	-0.00483	-0.00946	0.68560	0.00242	1	0.06512	-0.01437	0.70203	0.00411	1	1.45898	0.81042	0	
1254161	8458.98145	3305389405162	0.48971	0.29528	8458.90137	0.08008	11429	1	0.48189	0.09393	1	0.47910	0.28490	1	0.48050	0.18942	1	0.48039	0.53504	12.09453	1.08485	1	0.74165	0.55766	13.05625	1.09251	1	-0.00483	-0.00946	0.68560	0.00384	1	0.06323	-0.01402	0.68224	0.00410	1	1.45898	0.81042	0	
1254162	8458.98828	3305389476397	0.49003	0.29478	8458.90137	0.08691	11429	1	0.51812	0.26409	1	0.47023	0.31245	1	0.49418	0.28827	1	0.48027	0.53493	12.29384	1.09251	1	0.74187	0.55741	12.75592	1.08383	1	-0.00483	-0.00946	0.68560	0.00388	1	0.06323	-0.01402	0.68224	0.00403	1	1.45898	0.81042	0	
1254163	8458.99512	3305389543541	0.49029	0.29477	8458.90137	0.09375	11429	1	0.53610	0.23529	1	0.45156	0.35397	1	0.49383	0.29463	1	0.48037	0.53474	11.94555	1.08383	1	0.74161	0.55774	13.06016	1.07515	1	-0.00483	-0.00946	0.68560	0.00390	1	0.06323	-0.01402	0.68224	0.00410	1	1.45898	0.81042	0	
1254164	8459.00098	3305389608429	0.49053	0.29521	8458.90137	0.09961	11429	1	0.53691	0.24285	1	0.45142	0.36079	1	0.49417	0.30182	1	0.48014	0.53414	11.79107	1.07515	1	0.74181	0.55734	12.97738	1.06647	1	-0.00483	-0.00946	0.68560	0.00407	1	0.06266	-0.01384	0.67616	0.00410	1	1.45898	0.81042	0	
1254165	8459.00879	3305389680871	0.49005	0.29115	8458.90137	0.10742	11429	1	0.50651	0.11156	1	0.45819	0.34069	1	0.48235	0.22613	1	0.47996	0.53294	12.20147	1.06647	1	0.74175	0.55751	12.98973	1.06647	1	-0.00483	-0.00946	0.68560	0.00245	1	0.06266	-0.01384	0.67616	0.00406	1	1.45898	0.81042	0	
1254166	8459.01562	3305389747901	0.49016	0.29069	8458.90137	0.11426	11429	1	0.52135	0.22301	1	0.46277	0.34263	1	0.49206	0.28282	1	0.48012	0.53445	11.56249	1.06647	1	0.74181	0.55747	12.95511	1.06647	1	-0.00483	-0.00946	0.68560	0.00398	1	0.06266	-0.01384	0.67616	0.00406	1	1.45898	0.81042	0	
1254167	8459.02148	3305389814491	0.48872	0.29342	8458.90137	0.12012	11429	1	0.52135	0.22301	0	0.46277	0.34263	1	0.46277	0.34263	1	0.48012	0.53445	11.56249	1.06647	0	0.74180	0.55716	13.13174	1.06647	1	-0.00483	-0.00946	0.68560	0.00398	1	0.06323	-0.01392	0.68224	0.00412	1	1.45898	0.81042	0	
1254168	8459.02832	3305389881107	0.48872	0.29342	8458.90137	0.12695	11429	1	0.52135	0.22301	0	0.46277	0.34263	0	0.46277	0.34263	0	0.48012	0.53445	11.56249	1.06647	0	0.74180	0.55716	13.13174	1.06647	0	-0.00483	-0.00946	0.68560	0.00398	1	0.06323	-0.01392	0.68224	0.00412	1	1.45898	0.81042	0	
1254169	8459.03516	3305389947829	0.48872	0.29342	8458.90137	0.13379	11429	1	0.52135	0.22301	0	0.46277	0.34263	0	0.46277	0.34263	0	0.48012	0.53445	11.56249	1.06647	0	0.74180	0.55716	13.13174	1.06647	0	-0.00483	-0.00946	0.68560	0.00398	1	0.06323	-0.01392	0.68224	0.00412	1	1.45898	0.81042	0	
1254170	8459.04199	3305390015226	0.48872	0.29342	8458.90137	0.14062	11429	1	0.52135	0.22301	0	0.46277	0.34263	0	0.46277	0.34263	0	0.48012	0.53445	11.56249	1.06647	0	0.74180	0.55716	13.13174	1.06647	0	-0.00483	-0.00946	0.68560	0.00398	1	0.06323	-0.01392	0.68224	0.00412	1	1.45898	0.81042	0	
1254171	8459.04883	3305390082710	0.48695	0.27046	8458.90137	0.14062	11429	0	0.52135	0.22301	0	0.46277	0.34263	0	0.46277	0.34263	0	0.48012	0.53445	11.56249	1.06647	0	0.74180	0.55716	13.13174	1.06647	0	-0.00483	-0.00946	0.68560	0.00398	1	0.06323	-0.01392	0.68224	0.00412	1	1.45898	0.81042	0	
1254172	8459.05566	3305390148851	0.48695	0.27046	8458.90137	0.14062	11429	0	0.52135	0.22301	0	0.46277	0.34263	0	0.46277	0.34263	0	0.48012	0.53445	11.56249	1.06647	0	0.74180	0.55716	13.13174	1.06647	0	-0.00483	-0.00946	0.68560	0.00398	1	0.06323	-0.01392	0.68224	0.00412	1	1.45898	0.81042	0	
1254173	8459.06250	3305390215552	0.48695	0.27046	8458.90137	0.14062	11429	0	0.52135	0.22301	0	0.46277	0.34263	0	0.46277	0.34263	0	0.48012	0.53445	11.56249	1.06647	0	0.74180	0.55716	13.13174	1.06647	0	-0.00483	-0.00946	0.68560	0.00398	1	0.06323	-0.01392	0.68224	0.00412	1	1.45898	0.81042	0	
1254174	8459.06934	3305390283740	0.00000	0.00000	8458.90137	0.14062	11429	0	0.52135	0.22301	0	0.46277	0.34263	0	0.46277	0.34263	0	0.48012	0.53445	11.56249	1.06647	0	0.74180	0.55716	13.13174	1.06647	0	-0.00483	-0.00946	0.68560	0.00398	1	0.06323	-0.01392	0.68224	0.00412	1	1.45898	0.81042	0	
1254175	8459.07617	3305390357665	0.00000	0.00000	8458.90137	0.14062	11429	0	0.52135	0.22301	0	0.46277	0.34263	0	0.46277	0.34263	0	0.48012	0.53445	11.56249	1.06647	0	0.74180	0.55716	13.13174	1.06647	0	-0.00483	-0.00946	0.68560	0.00398	1	0.06323	-0.01392	0.68224	0.00412	1	1.45898	0.81042	0	
1254176	8459.08203	3305390417349	0.00000	0.00000	8458.90137	0.14062	11429	0	0.52135	0.22301	0	0.46277	0.34263	0	0.46277	0.34263	0	0.48012	0.53445	11.56249	1.06647	0	0.74180	0.55716	13.13174	1.06647	0	-0.00483	-0.00946	0.68560	0.00398	1	0.06323	-0.01392	0.68224	0.00412	1	1.45898	0.81042	0	
1254177	8459.08887	3305390482505	0.49892	0.31576	8458.90137	0.14062	11429	0	0.50662	0.29491	1	0.49122	0.33661	1	0.49892	0.31576	1	0.47938	0.53448	11.81400	1.06647	1	0.74194	0.55647	12.66542	1.06647	1	-0.00483	-0.00946	0.68560	0.00416	1	0.06323	-0.01392	0.68224	0.00450	1	1.45898	0.81042	0	
1254178	8459.09473	3305390545932	0.49707	0.31645	8458.90137	0.14062	11429	0	0.50579	0.27296	1	0.48467	0.36133	1	0.49523	0.31715	1	0.47941	0.53421	11.90873	1.06647	1	0.74182	0.55681	13.10709	1.06647	1	-0.00483	-0.00946	0.68560	0.00422	1	0.06323	-0.01392	0.68224	0.00437	1	1.45898	0.81042	0	
1254179	8459.10156	3305390614545	0.49646	0.31668	8458.90137	0.14062	11429	0	0.50579	0.27296	1	0.48467	0.36133	1	0.49523	0.31715	1	0.47959	0.53501	12.09808	1.06647	1	0.74167	0.55727	13.50462	1.06647	1	-0.00498	-0.00926	0.67813	0.00393	1	0.06431	-0.01407	0.69504	0.00404	1	1.45898	0.81042	0	
1254180	8459.10840	3305390683880	0.49632	0.32550	8459.08887	0.01953	11430	1	0.52188	0.29148	1	0.46991	0.41241	1	0.49590	0.35194	1	0.47970	0.53468	12.31785	1.06647	1	0.74159	0.55733	12.52139	1.06647	1	-0.00498	-0.00926	0.67813	0.00397	1	0.06431	-0.01407	0.69504	0.00399	1	1.45898	0.81042	0	
1254181	8459.11523	3305390751435	0.49419	0.33399	8459.08887	0.02637	11430	1	0.52021	0.31553	1	0.45117	0.42041	1	0.48569	0.36797	1	0.47965	0.53481	12.50242	1.06647	1	0.74128	0.55751	12.73129	1.06647	1	-0.00498	-0.00926	0.67813	0.00393	1	0.06431	-0.01407	0.69504	0.00408	1	1.45898	0.81042	0	
1254182	8459.12207	3305390816958	0.49277	0.33966	8459.08887	0.03320	11430	1	0.52021	0.31553	1	0.45117	0.42041	1	0.48569	0.36797	1	0.47965	0.53436	12.48014	1.06647	1	0.74195	0.55624	12.78381	1.06647	1	-0.00498	-0.00926	0.67813	0.00400	1	0.06431	-0.01407	0.69504	0.00460	1	1.45898	0.81042	0	
1254183	8459.12891	3305390881614	0.49613	0.33772	8459.08887	0.04004	11430	1	0.53828	0.28484	1	0.49432	0.36735	1	0.51630	0.32610	1	0.47988	0.53442	12.82347	1.06647	1	0.74195	0.55670	13.09086	1.06647	1	-0.00498	-0.00926	0.67813	0.00414	1	0.06431	-0.01407	0.69504	0.00395	1	1.45898	0.81042	0	
1254184	8459.13574	3305390949987	0.49822	0.34007	8459.08887	0.04688	11430	1	0.54569	0.32245	1	0.47997	0.39060	1	0.51283	0.35653	1	0.48009	0.53488	12.64284	1.06647	1	0.74179	0.55699	13.34536	1.06647	1	-0.00498	-0.00926	0.67813	0.00415	1	0.06431	-0.01407	0.69504	0.00403	1	1.45898	0.81042	0	
1254185	8459.14160	3305391014837	0.49983	0.34222	8459.08887	0.05273	11430	1	0.54569	0.32245	1	0.47965	0.39643	1	0.51267	0.35944	1	0.47999	0.53442	11.47499	1.06647	1	0.74198	0.55690	12.73683	1.05881	1	-0.00498	-0.00926	0.67813	0.00411	1	0.06114	-0.01337	0.66023	0.00391	1	1.45898	0.81042	0	
1254186	8459.14941	3305391087413	0.50278	0.34297	8459.08887	0.06055	11430	1	0.55747	0.28241	1	0.50123	0.41693	1	0.52935	0.34967	1	0.48016	0.53467	11.99944	1.05881	1	0.74213	0.55734	13.25674	1.05115	1	-0.00498	-0.00926	0.67813	0.00402	1	0.06114	-0.01337	0.66023	0.00400	1	1.45898	0.81042	0	
1254187	8459.15625	3305391153292	0.50389	0.34242	8459.08887	0.06738	11430	1	0.52896	0.24222	1	0.50095	0.43167	1	0.51496	0.33694	1	0.47974	0.53392	11.89451	1.05115	1	0.74204	0.55733	13.28713	1.04349	1	-0.00498	-0.00926	0.67813	0.00420	1	0.06114	-0.01337	0.66023	0.00389	1	1.45898	0.81042	0	
1254188	8459.16211	3305391220783	0.50479	0.34116	8459.08887	0.07324	11430	1	0.52776	0.23168	1	0.50168	0.42293	1	0.51472	0.32730	1	0.47984	0.53357	12.15672	1.06296	1	0.74195	0.55683	13.50561	1.05530	1	-0.00519	-0.00984	0.72078	0.00435	1	0.06114	-0.01337	0.66023	0.00381	1	1.45898	0.81042	0	
1254189	8459.16895	3305391287703	0.50502	0.33975	8459.08887	0.08008	11430	1	0.51054	0.26966	1	0.50498	0.37612	1	0.50776	0.32289	1	0.47987	0.53438	12.91412	1.07477	1	0.74215	0.55704	12.96756	1.07477	1	-0.00519	-0.00984	0.72078	0.00411	1	0.06114	-0.01337	0.66023	0.00384	1	1.45898	0.81042	0	
1254190	8459.17578	3305391355266	0.50568	0.33855	8459.08887	0.08691	11430	1	0.53343	0.28613	1	0.49526	0.35965	1	0.51434	0.32289	1	0.48030	0.53489	11.83759	1.09424	1	0.74199	0.55703	13.34642	1.09424	1	-0.00519	-0.00984	0.72078	0.00382	1	0.06114	-0.01337	0.66023	0.00380	1	1.45898	0.81042	0	
1254191	8459.18262	3305391422178	0.50628	0.33731	8459.08887	0.09375	11430	1	0.53343	0.28613	1	0.49567	0.35374	1	0.51455	0.31994	1	0.48036	0.53496	12.13443	1.09424	1	0.74197	0.55711	13.39126	1.10190	1	-0.00483	-0.00936	0.68560	0.00377	1	0.06323	-0.01382	0.68224	0.00380	1	1.45898	0.81042	0	
1254192	8459.18945	3305391488558	0.50700	0.33439	8459.08887	0.10059	11430	1	0.52795	0.23166	1	0.50778	0.34970	1	0.51786	0.29068	1	0.48022	0.53379	11.69858	1.08243	1	0.74217	0.55686	13.26103	1.09009	1	-0.00483	-0.00936	0.68560	0.00423	1	0.06323	-0.01382	0.68224	0.00379	1	1.45898	0.81042	0	
1254193	8459.19629	3305391555205	0.50794	0.33458	8459.08887	0.10742	11430	1	0.53676	0.33282	1	0.50917	0.34221	1	0.52297	0.33752	1	0.48027	0.53507	11.90534	1.07062	1	0.74215	0.55664	13.02007	1.07828	1	-0.00483	-0.00936	0.68560	0.00378	1	0.06323	-0.01382	0.68224	0.00384	1	1.45898	0.81042	0	
1254194	8459.20312	3305391622624	0.50878	0.33486	8459.08887	0.11426	11430	1	0.53702	0.33497	1	0.50898	0.34439	1	0.52300	0.33968	1	0.48039	0.53521	12.31358	1.06789	1	0.74195	0.55673	13.42319	1.07555	1	-0.00501	-0.00960	0.70319	0.00376	1	0.06323	-0.01382	0.68224	0.00383	1	1.45898	0.81042	0	
1254195	8459.20898	3305391687797	0.50856	0.33452	8459.08887	0.12012	11430	1	0.53530	0.32205	1	0.47398	0.33483	1	0.50464	0.32844	1	0.48063	0.53514	12.20073	1.08464	1	0.74197	0.55673	13.38414	1.08464	1	-0.00501	-0.00960	0.70319	0.00380	1	0.06323	-0.01382	0.68224	0.00383	1	1.45898	0.81042	0	
1254196	8459.21582	3305391755696	0.50761	0.33132	8459.08887	0.12695	11430	1	0.49871	0.21175	1	0.48047	0.32923	1	0.48959	0.27049	1	0.48020	0.53367	11.77653	1.09372	1	0.74175	0.55684	13.80601	1.09372	1	-0.00501	-0.00960	0.70319	0.00428	1	0.06323	-0.01382	0.68224	0.00389	1	1.45898	0.81042	0	
1254197	8459.22266	3305391823699	0.50675	0.32843	8459.08887	0.13379	11430	1	0.49871	0.21175	1	0.48047	0.32923	1	0.48959	0.27049	1	0.48033	0.53438	12.13376	1.09372	1	0.74210	0.55664	13.43203	1.09372	1	-0.00483	-0.00936	0.68560	0.00407	1	0.06323	-0.01382	0.68224	0.00382	1	1.45898	0.81042	0	
1254198	8459.22949	3305391891282	0.50631	0.32896	8459.08887	0.14062	11430	1	0.51772	0.33604	1	0.47653	0.34438	1	0.49713	0.34021	1	0.48035	0.53522	12.35955	1.08464	1	0.74206	0.55678	13.36403	1.08464	1	-0.00483	-0.00936	0.68560	0.00380	1	0.06323	-0.01382	0.68224	0.00382	1	1.45898	0.81042	0	
1254199	8459.23633	3305391957929	0.50569	0.32764	8459.08887	0.14746	11430	1	0.50781	0.24548	1	0.47619	0.35156	1	0.49200	0.29852	1	0.48026	0.53410	11.99654	1.07555	1	0.74206	0.55678	13.36403	1.07555	1	-0.00483	-0.00936	0.68560	0.00417	1	0.06323	-0.01382	0.68224	0.00382	1	1.45898	0.81042	0	
1254200	8459.24316	3305392025599	0.50514	0.32674	8459.08887	0.15430	11430	1	0.50887	0.25338	1	0.47585	0.35874	1	0.49236	0.30606	1	0.48026	0.53410	11.99654	1.06647	1	0.74189	0.55665	13.46033	1.06647	1	-0.00483	-0.00936	0.68560	0.00418	1	0.06323	-0.01382	0.68224	0.00394	1	1.45898	0.81042	0	
1254201	8459.25000	3305392092036	0.50439	0.32601	8459.08887	0.16113	11430	1	0.50682	0.26191	1	0.46596	0.35516	1	0.48639	0.30854	1	0.48021	0.53424	12.07925	1.06647	1	0.74189	0.55675	13.35004	1.06647	1	-0.00483	-0.00936	0.68560	0.00418	1	0.06323	-0.01382	0.68224	0.00390	1	1.45898	0.81042	0	
1254202	8459.25586	3305392158329	0.50327	0.32718	8459.08887	0.16699	11430	1	0.51409	0.33185	1	0.43644	0.38091	1	0.47527	0.35638	1	0.48024	0.53510	12.21113	1.06647	1	0.74180	0.55692	13.49831	1.06647	1	-0.00483	-0.00936	0.68560	0.00381	1	0.06323	-0.01382	0.68224	0.00394	1	1.45898	0.81042	0	
1254203	8459.26270	3305392225893	0.50223	0.32826	8459.08887	0.17383	11430	1	0.51409	0.33185	1	0.43644	0.38091	1	0.47527	0.35638	1	0.48020	0.53533	12.66274	1.06647	1	0.74217	0.55670	12.71390	1.06647	1	-0.00483	-0.00936	0.68560	0.00372	1	0.06378	-0.01391	0.68706	0.00392	1	1.45898	0.81042	0	
1254204	8459.26953	3305392293687	0.50189	0.32794	8459.08887	0.18066	11430	1	0.51882	0.28212	1	0.46645	0.35637	1	0.49264	0.31924	1	0.48049	0.53458	12.50724	1.06647	1	0.74233	0.55669	13.57441	1.06647	1	-0.00483	-0.00936	0.68560	0.00388	1	0.06378	-0.01391	0.68706	0.00390	1	1.45898	0.81042	0	
1254205	8459.27637	3305392359109	0.50115	0.32750	8459.08887	0.18750	11430	1	0.51243	0.28157	1	0.44876	0.34885	1	0.48060	0.31521	1	0.48032	0.53448	12.17103	1.06647	1	0.74197	0.55662	13.11911	1.06647	1	-0.00483	-0.00936	0.68560	0.00406	1	0.06378	-0.01391	0.68706	0.00388	1	1.45898	0.81042	0	
1254206	8459.28320	3305392426649	0.50047	0.32709	8459.08887	0.19434	11430	1	0.51243	0.28157	1	0.44876	0.34885	1	0.48060	0.31521	1	0.48048	0.53470	12.56302	1.06647	1	0.74222	0.55694	12.67842	1.06647	1	-0.00483	-0.00936	0.68560	0.00398	1	0.06378	-0.01391	0.68706	0.00402	1	1.45898	0.81042	0	
1254207	8459.29004	3305392494174	0.50021	0.32792	8459.08887	0.20117	11430	1	0.51642	0.27788	1	0.46868	0.42758	1	0.49255	0.35273	1	0.48033	0.53440	12.30434	1.06647	1	0.74237	0.55749	12.52453	1.06647	1	-0.00483	-0.00936	0.68560	0.00404	1	0.06378	-0.01391	0.68706	0.00404	1	1.45898	0.81042	0	
1254208	8459.29688	3305392560642	0.50045	0.32701	8459.08887	0.20801	11430	1	0.52048	0.26962	1	0.49489	0.32808	1	0.50769	0.29885	1	0.48045	0.53417	12.24879	1.06647	1	0.74276	0.55652	12.76597	1.06647	1	-0.00483	-0.00936	0.68560	0.00408	1	0.06378	-0.01391	0.68706	0.00439	1	1.45898	0.81042	0	
1254209	8459.30273	3305392623321	0.50066	0.32625	8459.08887	0.21387	11430	1	0.52048	0.26962	1	0.49447	0.33437	1	0.50748	0.30199	1	0.48082	0.53450	11.72040	1.06647	1	0.74280	0.55710	13.26754	1.05881	1	-0.00483	-0.00936	0.68560	0.00407	1	0.06038	-0.01316	0.64997	0.00389	1	1.45898	0.81042	0	
1254210	8459.30957	3305392693719	0.50038	0.32697	8459.08887	0.22070	11430	1	0.49614	0.29671	1	0.48644	0.40493	1	0.49129	0.35082	1	0.48034	0.53438	11.88778	1.05881	1	0.74267	0.55709	13.00007	1.05115	1	-0.00483	-0.00936	0.68560	0.00416	1	0.06038	-0.01316	0.64997	0.00382	1	1.45898	0.81042	0	
1254211	8459.31641	3305392759845	0.49986	0.32754	8459.08887	0.22754	11430	1	0.48649	0.33648	1	0.47791	0.35691	1	0.48220	0.34669	1	0.48021	0.53509	12.26316	1.05115	1	0.74252	0.55652	12.54420	1.04349	1	-0.00483	-0.00936	0.68560	0.00385	1	0.06038	-0.01316	0.64997	0.00411	1	1.45898	0.81042	0	
1254212	8459.32324	3305392827974	0.49937	0.32804	8459.08887	0.23438	11430	1	0.48630	0.33533	1	0.47797	0.35575	1	0.48213	0.34554	1	0.48051	0.53350	12.42270	1.05257	1	0.74282	0.55651	12.79737	1.04492	1	-0.00489	-0.00978	0.71627	0.00440	1	0.06038	-0.01316	0.64997	0.00414	1	1.45898	0.81042	0	
1254213	8459.33008	3305392893907	0.49937	0.32768	8459.08887	0.24121	11430	1	0.50506	0.23793	1	0.49360	0.39160	1	0.49933	0.31477	1	0.48062	0.53361	12.20947	1.05400	1	0.74270	0.55696	13.48721	1.05400	1	-0.00489	-0.00978	0.71627	0.00419	1	0.06038	-0.01316	0.64997	0.00379	1	1.45898	0.81042	0	
1254214	8459.33594	3305392958726	0.50002	0.32565	8459.08887	0.24707	11430	1	0.53634	0.27803	1	0.51171	0.22310	1	0.52402	0.25057	1	0.48104	0.53448	11.67398	1.06309	1	0.74297	0.55561	12.76330	1.06309	1	-0.00489	-0.00978	0.71627	0.00399	1	0.06038	-0.01316	0.64997	0.00431	1	1.45898	0.81042	0	
1254215	8459.34375	3305393029028	0.50064	0.32363	8459.08887	0.25488	11430	1	0.53634	0.27803	1	0.51225	0.21603	1	0.52429	0.24703	1	0.48118	0.53519	12.35736	1.06309	1	0.74277	0.55686	13.39114	1.07075	1	-0.00459	-0.00929	0.68083	0.00374	1	0.06297	-0.01371	0.67728	0.00382	1	1.45898	0.81042	0	
1254216	8459.35059	3305393097079	0.50051	0.32399	8459.08887	0.26172	11430	1	0.51871	0.31998	1	0.47194	0.35583	1	0.49533	0.33790	1	0.48111	0.53485	12.13809	1.06166	1	0.74280	0.55692	13.13105	1.06932	1	-0.00459	-0.00929	0.68083	0.00390	1	0.06297	-0.01371	0.67728	0.00395	1	1.45898	0.81042	0	
1254217	8459.35645	3305393163212	0.50029	0.32339	8459.08887	0.26758	11430	1	0.51018	0.31346	1	0.47272	0.28558	1	0.49145	0.29952	1	0.48102	0.53475	12.22914	1.06023	1	0.74268	0.55647	13.10576	1.06789	1	-0.00459	-0.00929	0.68083	0.00398	1	0.06297	-0.01371	0.67728	0.00429	1	1.45898	0.81042	0	
1254218	8459.36328	3305393229966	0.50008	0.32285	8459.08887	0.27441	11430	1	0.51034	0.31463	1	0.47267	0.28680	1	0.49151	0.30072	1	0.48118	0.53524	12.37617	1.05881	1	0.74263	0.55660	13.06464	1.06647	1	-0.00459	-0.00929	0.68083	0.00378	1	0.06297	-0.01371	0.67728	0.00428	1	1.45898	0.81042	0	
1254219	8459.37012	3305393297543	0.49940	0.32348	8459.08887	0.28125	11430	1	0.51657	0.32111	1	0.42519	0.37812	1	0.47088	0.34962	1	0.48104	0.53502	12.38081	1.06647	1	0.74241	0.55693	13.63133	1.06647	1	-0.00459	-0.00929	0.68083	0.00373	1	0.06297	-0.01371	0.67728	0.00420	1	1.45898	0.81042	0	
1254220	8459.37695	3305393364224	0.49891	0.32344	8459.08887	0.28809	11430	1	0.51906	0.29201	1	0.43649	0.35165	1	0.47778	0.32183	1	0.48121	0.53464	12.11322	1.06647	1	0.74264	0.55677	13.02177	1.06647	1	-0.00459	-0.00929	0.68083	0.00389	1	0.06297	-0.01371	0.67728	0.00434	1	1.45898	0.81042	0	
1254221	8459.38379	3305393429808	0.49844	0.32333	8459.08887	0.29492	11430	1	0.51906	0.29201	1	0.43651	0.34476	1	0.47778	0.31839	1	0.48096	0.53450	12.08933	1.06647	1	0.74268	0.55688	13.16480	1.07515	1	-0.00459	-0.00929	0.68083	0.00396	1	0.06627	-0.01442	0.71211	0.00413	1	1.45898	0.81042	0	
1254222	8459.39062	3305393497089	0.49794	0.32332	8459.08887	0.30176	11430	1	0.50220	0.31592	1	0.44872	0.33000	1	0.47546	0.32296	1	0.48098	0.53491	12.33058	1.07515	1	0.74279	0.55656	12.98466	1.08383	1	-0.00459	-0.00929	0.68083	0.00397	1	0.06627	-0.01442	0.71211	0.00401	1	1.45898	0.81042	0	
1254223	8459.39746	3305393564932	0.49744	0.32274	8459.08887	0.30859	11430	1	0.50284	0.29836	1	0.44606	0.29414	1	0.47445	0.29625	1	0.48097	0.53487	12.37929	1.08383	1	0.74271	0.55622	13.04327	1.09251	1	-0.00459	-0.00929	0.68083	0.00398	1	0.06627	-0.01442	0.71211	0.00425	1	1.45898	0.81042	0	
1254224	8459.40332	3305393632158	0.49695	0.32212	8459.08887	0.31445	11430	1	0.50180	0.29128	1	0.44606	0.29414	1	0.47393	0.29271	1	0.48096	0.53472	12.13818	1.09251	1	0.74260	0.55635	13.15501	1.09251	1	-0.00459	-0.00929	0.68083	0.00406	1	0.06349	-0.01381	0.68173	0.00422	1	1.45898	0.81042	0	
1254225	8459.41016	3305393699971	0.49658	0.32231	8459.08887	0.32129	11430	1	0.51001	0.34299	1	0.45282	0.30681	1	0.48141	0.32490	1	0.48099	0.53532	12.37000	1.09251	1	0.74281	0.55635	13.10900	1.08383	1	-0.00459	-0.00929	0.68083	0.00373	1	0.06349	-0.01381	0.68173	0.00407	1	1.45898	0.81042	0	
1254226	8459.41699	3305393765739	0.49617	0.32267	8459.08887	0.32812	11430	1	0.50019	0.34610	1	0.45014	0.32276	1	0.47516	0.33443	1	0.48085	0.53526	12.11455	1.08383	1	0.74279	0.55634	13.01873	1.07515	1	-0.00459	-0.00929	0.68083	0.00377	1	0.06349	-0.01381	0.68173	0.00398	1	1.45898	0.81042	0	
1254227	8459.42383	3305393833142	0.49576	0.32317	8459.08887	0.33496	11430	1	0.50124	0.35279	1	0.45001	0.32983	1	0.47563	0.34131	1	0.48098	0.53490	12.08063	1.07515	1	0.74262	0.55658	13.17375	1.06647	1	-0.00459	-0.00929	0.68083	0.00396	1	0.06349	-0.01381	0.68173	0.00417	1	1.45898	0.81042	0	
1254228	8459.43066	3305393898356	0.49531	0.32263	8459.08887	0.34180	11430	1	0.51043	0.32155	1	0.43861	0.33074	1	0.47452	0.32614	1	0.48111	0.53497	12.40812	1.06647	1	0.74264	0.55644	12.69603	1.06647	1	-0.00459	-0.00929	0.68083	0.00382	1	0.06349	-0.01381	0.68173	0.00429	1	1.45898	0.81042	0	
1254229	8459.43750	3305393966874	0.49513	0.32216	8459.08887	0.34863	11430	1	0.51429	0.32594	1	0.43960	0.36501	1	0.47694	0.34548	1	0.48106	0.53499	12.45047	1.06647	1	0.74265	0.55685	13.14102	1.06647	1	-0.00459	-0.00929	0.68083	0.00392	1	0.06349	-0.01381	0.68173	0.00392	1	1.45898	0.81042	0	
1254230	8459.44434	3305394033867	0.49495	0.32169	8459.08887	0.35547	11430	1	0.51429	0.32594	1	0.43960	0.36501	1	0.47694	0.34548	1	0.48099	0.53464	12.08990	1.06647	1	0.74292	0.55650	12.62322	1.06647	1	-0.00459	-0.00929	0.68083	0.00405	1	0.06349	-0.01381	0.68173	0.00416	1	1.45898	0.81042	0	
1254231	8459.45020	3305394100901	0.49462	0.32258	8459.08887	0.36133	11430	1	0.54292	0.34192	1	0.45776	0.39528	1	0.50034	0.36860	1	0.48153	0.53528	12.92657	1.06647	1	0.74258	0.55724	13.03192	1.06647	1	-0.00459	-0.00929	0.68083	0.00394	1	0.06349	-0.01381	0.68173	0.00429	1	1.45898	0.81042	0	
1254232	8459.45703	3305394166538	0.49412	0.32180	8459.08887	0.36816	11430	1	0.51100	0.31095	1	0.46705	0.32754	1	0.48903	0.31924	1	0.48104	0.53480	12.40437	1.06647	1	0.74260	0.55741	13.02552	1.06647	1	-0.00459	-0.00929	0.68083	0.00392	1	0.06349	-0.01381	0.68173	0.00414	1	1.45898	0.81042	0	
1254233	8459.46387	3305394234914	0.49363	0.32097	8459.08887	0.37500	11430	1	0.51100	0.31095	1	0.46705	0.32754	1	0.48903	0.31924	1	0.48129	0.53443	12.03205	1.06647	1	0.74280	0.55692	12.96709	1.06647	1	-0.00455	-0.00926	0.67490	0.00409	1	0.06297	-0.01371	0.67728	0.00427	1	1.45898	0.81042	0	
1254234	8459.47070	3305394301785	0.49274	0.32093	8459.08887	0.38184	11430	1	0.51262	0.28746	1	0.46092	0.40843	1	0.48677	0.34795	1	0.48115	0.53455	12.00955	1.06647	1	0.74261	0.55736	13.24805	1.06647	1	-0.00455	-0.00926	0.67490	0.00407	1	0.06297	-0.01371	0.67728	0.00406	1	1.45898	0.81042	0	
1254235	8459.47754	3305394368558	0.49256	0.32016	8459.08887	0.38867	11430	1	0.51716	0.25786	1	0.49567	0.34239	1	0.50642	0.30013	1	0.48119	0.53461	11.98327	1.06647	1	0.74272	0.55706	13.04865	1.06647	1	-0.00455	-0.00926	0.67490	0.00404	1	0.06297	-0.01371	0.67728	0.00431	1	1.45898	0.81042	0	
1254236	8459.48438	3305394435944	0.49239	0.31960	8459.08887	0.39551	11430	1	0.51716	0.25786	1	0.49567	0.34239	1	0.50642	0.30013	1	0.48108	0.53497	12.28670	1.06647	1	0.74293	0.55610	12.64658	1.06647	1	-0.00455	-0.00926	0.67490	0.00393	1	0.06297	-0.01371	0.67728	0.00447	1	1.45898	0.81042	0	
1254237	8459.49023	3305394498392	0.49240	0.32023	8459.08887	0.40137	11430	1	0.53947	0.26621	1	0.47715	0.44001	1	0.50831	0.35311	1	0.48118	0.53477	12.05509	1.06647	1	0.74246	0.55753	13.72596	1.06647	1	-0.00455	-0.00926	0.67490	0.00390	1	0.06297	-0.01371	0.67728	0.00394	1	1.45898	0.81042	0	
1254238	8459.49707	3305394565481	0.49240	0.32003	8459.08887	0.40820	11430	1	0.53985	0.25292	1	0.48914	0.37387	1	0.51449	0.31339	1	0.48113	0.53451	11.98033	1.06647	1	0.74263	0.55680	13.17160	1.06647	1	-0.00455	-0.00926	0.67490	0.00388	1	0.06297	-0.01371	0.67728	0.00433	1	1.45898	0.81042	0	
1254239	8459.50391	3305394633435	0.49240	0.31989	8459.08887	0.41504	11430	1	0.53985	0.25292	1	0.48914	0.37387	1	0.51449	0.31339	1	0.48115	0.53467	12.06029	1.06647	1	0.74292	0.55601	12.67084	1.06647	1	-0.00473	-0.00947	0.68617	0.00384	1	0.06297	-0.01371	0.67728	0.00447	1	1.45898	0.81042	0	
1254240	8459.51074	3305394700409	0.49227	0.32093	8459.08887	0.42188	11430	1	0.53060	0.31739	1	0.49224	0.36317	1	0.51142	0.34028	1	0.48101	0.53487	11.99632	1.06647	1	0.74273	0.55720	12.92568	1.06647	1	-0.00473	-0.00947	0.68617	0.00387	1	0.06297	-0.01371	0.67728	0.00420	1	1.45898	0.81042	0	
1254241	8459.51758	3305394767619	0.49192	0.32052	8459.08887	0.42871	11430	1	0.51929	0.29575	1	0.49292	0.34066	1	0.50610	0.31821	1	0.48074	0.53461	11.27664	1.06647	1	0.74275	0.55699	12.90735	1.06647	1	-0.00473	-0.00947	0.68617	0.00389	1	0.06297	-0.01371	0.67728	0.00422	1	1.45898	0.81042	0	
1254242	8459.52344	3305394832851	0.49157	0.32008	8459.08887	0.43457	11430	1	0.51929	0.29575	1	0.49292	0.34066	1	0.50610	0.31821	1	0.48035	0.53518	12.49974	1.06647	1	0.74223	0.55608	12.63623	1.06647	1	-0.00483	-0.00946	0.68560	0.00362	1	0.06378	-0.01391	0.68706	0.00420	1	1.45898	0.81042	0	
1254243	8459.53125	3305394902837	0.49125	0.31951	8459.08887	0.44238	11430	1	0.50416	0.25903	1	0.47443	0.34397	1	0.48930	0.30150	1	0.48015	0.53486	11.82650	1.06647	1	0.74240	0.55656	12.71585	1.06647	1	-0.00483	-0.00946	0.68560	0.00380	1	0.06378	-0.01391	0.68706	0.00402	1	1.45898	0.81042	0	
1254244	8459.53809	3305394971853	0.49137	0.32083	8459.08887	0.44922	11430	1	0.51496	0.32311	1	0.47624	0.34385	1	0.49560	0.33348	1	0.48029	0.53542	12.65697	1.06647	1	0.74202	0.55656	12.85894	1.06647	1	-0.00483	-0.00946	0.68560	0.00378	1	0.06378	-0.01391	0.68706	0.00403	1	1.45898	0.81042	0	
1254245	8459.54395	3305395035717	0.49150	0.32214	8459.08887	0.45508	11430	1	0.51496	0.32311	1	0.47624	0.34385	1	0.49560	0.33348	1	0.48067	0.53555	12.85266	1.06647	1	0.74193	0.55666	13.03107	1.06647	1	-0.00473	-0.00931	0.67127	0.00376	1	0.06323	-0.01382	0.68224	0.00419	1	1.45898	0.81042	0	
1254246	8459.55078	3305395102379	0.49143	0.32206	8459.08887	0.46191	11430	1	0.51400	0.33868	1	0.47416	0.33397	1	0.49408	0.33632	1	0.48038	0.53512	12.12315	1.06647	1	0.74202	0.55642	12.98839	1.06647	1	-0.00473	-0.00931	0.67127	0.00379	1	0.06323	-0.01382	0.68224	0.00400	1	1.45898	0.81042	0	
1254247	8459.55762	3305395172518	0.49214	0.32229	8459.08887	0.46875	11430	1	0.54981	0.29858	1	0.50205	0.32058	1	0.52593	0.30958	1	0.48051	0.53523	12.30222	1.06647	1	0.74200	0.55629	13.12591	1.06647	1	-0.00473	-0.00931	0.67127	0.00374	1	0.06323	-0.01382	0.68224	0.00406	1	1.45898	0.81042	0	
1254248	8459.56445	3305395239447	0.49284	0.32236	8459.08887	0.47559	11430	1	0.54981	0.29858	1	0.50205	0.32058	1	0.52593	0.30958	1	0.48066	0.53537	12.47973	1.06647	1	0.74198	0.55679	13.34550	1.06647	1	-0.00473	-0.00931	0.67127	0.00367	1	0.06323	-0.01382	0.68224	0.00384	1	1.45898	0.81042	0	
1254249	8459.57129	3305395306473	0.49356	0.32228	8459.08887	0.48242	11430	1	0.54171	0.25213	1	0.50031	0.35732	1	0.52101	0.30473	1	0.48042	0.53480	12.14450	1.06647	1	0.74203	0.55670	13.17658	1.06647	1	-0.00473	-0.00931	0.67127	0.00387	1	0.06323	-0.01382	0.68224	0.00378	1	1.45898	0.81042	0	
1254250	8459.57812	3305395373414	0.49434	0.32113	8459.08887	0.48926	11430	1	0.52324	0.29259	1	0.50181	0.30993	1	0.51252	0.30126	1	0.48014	0.53513	12.55680	1.06647	1	0.74207	0.55616	13.03296	1.06647	1	-0.00473	-0.00931	0.67127	0.00378	1	0.06323	-0.01382	0.68224	0.00410	1	1.45898	0.81042	0	
1254251	8459.58398	3305395438055	0.49511	0.32005	8459.08887	0.49512	11430	1	0.52324	0.29259	1	0.50134	0.31636	1	0.51229	0.30447	1	0.47979	0.53518	12.47499	1.06647	1	0.74166	0.55634	12.36284	1.05881	1	-0.00493	-0.00932	0.67141	0.00369	1	0.06114	-0.01337	0.66023	0.00425	1	1.45898	0.81042	0	
1254252	8459.59082	3305395507497	0.49508	0.31964	8459.08887	0.50195	11430	1	0.49986	0.28172	1	0.48268	0.31683	1	0.49127	0.29927	1	0.47940	0.53503	11.93218	1.05881	1	0.74171	0.55635	13.19566	1.05115	1	-0.00493	-0.00932	0.67141	0.00375	1	0.06114	-0.01337	0.66023	0.00385	1	1.45898	0.81042	0	
1254253	8459.59766	3305395574823	0.49554	0.32047	8459.08887	0.50879	11430	1	0.52161	0.34176	1	0.48377	0.36818	1	0.50269	0.35497	1	0.47961	0.53556	12.67187	1.05115	1	0.74177	0.55672	13.25038	1.04349	1	-0.00493	-0.00932	0.67141	0.00369	1	0.06114	-0.01337	0.66023	0.00387	1	1.45898	0.81042	0	
1254254	8459.60449	3305395641515	0.49601	0.32129	8459.08887	0.51562	11430	1	0.52244	0.34787	1	0.48416	0.36124	1	0.50330	0.35456	1	0.47962	0.53517	12.22423	1.04349	1	0.74168	0.55512	12.17820	1.05217	1	-0.00506	-0.00951	0.68899	0.00379	1	0.06539	-0.01432	0.70727	0.00444	1	1.45898	0.81042	0	
1254255	8459.61133	3305395707523	0.49623	0.31998	8459.08887	0.52246	11430	1	0.52972	0.32367	1	0.47640	0.25624	1	0.50306	0.28995	1	0.47971	0.53528	12.32168	1.05217	1	0.74125	0.55572	13.09750	1.06851	1	-0.00506	-0.00951	0.68899	0.00380	1	0.06539	-0.01432	0.70727	0.00436	1	1.45898	0.81042	0	
1254256	8459.61816	3305395773842	0.49589	0.32088	8459.08887	0.52930	11430	1	0.51293	0.31128	1	0.46964	0.37326	1	0.49128	0.34227	1	0.47952	0.53523	12.03292	1.06851	1	0.74117	0.55689	13.44957	1.08485	1	-0.00506	-0.00951	0.68899	0.00372	1	0.06539	-0.01432	0.70727	0.00385	1	1.45898	0.81042	0	
1254257	8459.62500	3305395843003	0.49554	0.32152	8459.08887	0.53613	11430	1	0.51108	0.29799	1	0.46988	0.36741	1	0.49048	0.33270	1	0.47960	0.53475	11.95676	1.08485	1	0.74112	0.55693	13.40494	1.09251	1	-0.00506	-0.00961	0.68899	0.00384	1	0.06289	-0.01379	0.68080	0.00383	1	1.45898	0.81042	0	
1254258	8459.63184	3305395909147	0.49560	0.32043	8459.08887	0.54297	11430	1	0.51902	0.23410	1	0.46970	0.36256	1	0.49436	0.29833	1	0.47933	0.53467	11.90214	1.09251	1	0.74110	0.55688	13.54082	1.08383	1	-0.00506	-0.00961	0.68899	0.00399	1	0.06289	-0.01379	0.68080	0.00379	1	1.45898	0.81042	0	
1254259	8459.63770	3305395976939	0.49593	0.31966	8459.08887	0.54883	11430	1	0.52642	0.26899	1	0.46924	0.35021	1	0.49783	0.30960	1	0.47939	0.53506	11.84345	1.08383	1	0.74111	0.55684	13.50008	1.07515	1	-0.00506	-0.00961	0.68899	0.00375	1	0.06289	-0.01379	0.68080	0.00379	1	1.45898	0.81042	0	
1254260	8459.64453	3305396043228	0.49626	0.31919	8459.08887	0.55566	11430	1	0.52810	0.28303	1	0.46872	0.36342	1	0.49841	0.32323	1	0.47930	0.53531	12.57896	1.06713	1	0.74117	0.55684	13.47777	1.05845	1	-0.00486	-0.00909	0.65533	0.00371	1	0.06289	-0.01379	0.68080	0.00383	1	1.45898	0.81042	0	
1254261	8459.65137	3305396111921	0.49658	0.31911	8459.08887	0.56250	11430	1	0.51967	0.33773	1	0.50897	0.28440	1	0.51432	0.31106	1	0.47921	0.53542	13.03222	1.05043	1	0.74138	0.55590	12.73930	1.05043	1	-0.00486	-0.00909	0.65533	0.00365	1	0.06289	-0.01379	0.68080	0.00416	1	1.45898	0.81042	0	
1254262	8459.65820	3305396179225	0.49625	0.32110	8459.08887	0.56934	11430	1	0.51579	0.30702	1	0.50089	0.38481	1	0.50834	0.34591	1	0.47913	0.53499	12.71147	1.04242	1	0.74131	0.55693	13.30429	1.04242	1	-0.00486	-0.00909	0.65533	0.00378	1	0.06289	-0.01379	0.68080	0.00386	1	1.45898	0.81042	0	
1254263	8459.66504	3305396245954	0.49591	0.32322	8459.08887	0.57617	11430	1	0.51579	0.30702	1	0.50042	0.39082	1	0.50810	0.34892	1	0.47914	0.53540	13.04352	1.04242	1	0.74125	0.55715	13.27374	1.03476	1	-0.00518	-0.00945	0.67718	0.00363	1	0.06191	-0.01358	0.67069	0.00389	1	1.45898	0.81042	0	
1254264	8459.67188	3305396310358	0.49641	0.32388	8459.08887	0.58301	11430	1	0.54186	0.32112	1	0.49683	0.41777	1	0.51934	0.36944	1	0.47914	0.53534	13.04473	1.04277	1	0.74124	0.55716	13.31515	1.03512	1	-0.00518	-0.00945	0.67718	0.00371	1	0.06191	-0.01358	0.67069	0.00388	1	1.45898	0.81042	0	
1254265	8459.67871	3305396378130	0.49694	0.32435	8459.08887	0.58984	11430	1	0.53627	0.33420	1	0.49734	0.31026	1	0.51680	0.32223	1	0.47911	0.53533	12.91381	1.04313	1	0.74124	0.55600	12.79032	1.03547	1	-0.00518	-0.00945	0.67718	0.00365	1	0.06191	-0.01358	0.67069	0.00417	1	1.45898	0.81042	0	
1254266	8459.68457	3305396445317	0.49748	0.32465	8459.08887	0.59570	11430	1	0.53624	0.33391	1	0.49832	0.29585	1	0.51728	0.31488	1	0.47896	0.53530	12.56121	1.04349	1	0.74042	0.55705	13.45823	1.05217	1	-0.00518	-0.00945	0.67718	0.00374	1	0.06472	-0.01422	0.70230	0.00393	1	1.45898	0.81042	0	
1254267	8459.69141	3305396512837	0.49754	0.32470	8459.08887	0.60254	11430	1	0.51993	0.33172	1	0.42811	0.37219	1	0.47402	0.35196	1	0.47887	0.53531	12.47846	1.05217	1	0.74003	0.55678	13.26768	1.06851	1	-0.00518	-0.00945	0.67718	0.00376	1	0.06472	-0.01422	0.70230	0.00400	1	1.45898	0.81042	0	
1254268	8459.69824	3305396579397	0.49802	0.32540	8459.08887	0.60938	11430	1	0.53678	0.36449	1	0.46465	0.34690	1	0.50071	0.35569	1	0.47909	0.53591	13.00772	1.06851	1	0.74023	0.55681	13.46191	1.08485	1	-0.00518	-0.00945	0.67718	0.00389	1	0.06472	-0.01422	0.70230	0.00396	1	1.45898	0.81042	0	
1254269	8459.70508	3305396643690	0.49849	0.32599	8459.08887	0.61621	11430	1	0.53524	0.35203	1	0.46486	0.34087	1	0.50005	0.34645	1	0.47879	0.53571	12.57441	1.08485	1	0.74021	0.55663	13.27715	1.09251	1	-0.00518	-0.00945	0.67718	0.00380	1	0.06301	-0.01386	0.68432	0.00396	1	1.45898	0.81042	0	
1254270	8459.71191	3305396709954	0.49905	0.32626	8459.08887	0.62305	11430	1	0.53558	0.31481	1	0.47001	0.35716	1	0.50280	0.33598	1	0.47903	0.53574	13.11207	1.09251	1	0.74040	0.55669	13.58289	1.08383	1	-0.00518	-0.00945	0.67718	0.00376	1	0.06301	-0.01386	0.68432	0.00388	1	1.45898	0.81042	0	
1254271	8459.71777	3305396776818	0.49936	0.32699	8459.08887	0.62891	11430	1	0.51204	0.30562	1	0.46628	0.35757	1	0.48916	0.33159	1	0.47882	0.53552	12.29782	1.08383	1	0.74038	0.55672	13.60383	1.07515	1	-0.00518	-0.00945	0.67718	0.00384	1	0.06301	-0.01386	0.68432	0.00388	1	1.45898	0.81042	0	
1254272	8459.72461	3305396844871	0.49969	0.32795	8459.08887	0.63574	11430	1	0.51301	0.31263	1	0.46604	0.36437	1	0.48952	0.33850	1	0.47870	0.53525	12.39104	1.07515	1	0.74071	0.55649	12.88904	1.06647	1	-0.00518	-0.00945	0.67718	0.00393	1	0.06301	-0.01386	0.68432	0.00393	1	1.45898	0.81042	0	
1254273	8459.73145	3305396913928	0.50043	0.32718	8459.08887	0.64258	11430	1	0.52515	0.25338	1	0.50911	0.32255	1	0.51713	0.28796	1	0.47861	0.53493	12.04939	1.06647	1	0.74057	0.55635	13.20517	1.06647	1	-0.00518	-0.00945	0.67718	0.00411	1	0.06301	-0.01386	0.68432	0.00395	1	1.45898	0.81042	0	
1254274	8459.73828	3305396981531	0.50115	0.32691	8459.08887	0.64941	11430	1	0.53157	0.31563	1	0.48766	0.32744	1	0.50962	0.32154	1	0.47868	0.53515	12.26362	1.06647	1	0.74027	0.55651	13.29662	1.06647	1	-0.00518	-0.00945	0.67718	0.00403	1	0.06301	-0.01386	0.68432	0.00390	1	1.45898	0.81042	0	
1254275	8459.74512	3305397046983	0.50186	0.32650	8459.08887	0.65625	11430	1	0.53157	0.31563	1	0.48766	0.32744	1	0.50962	0.32154	1	0.47856	0.53484	11.95485	1.06647	1	0.74036	0.55644	13.47897	1.06647	1	-0.00515	-0.00934	0.67320	0.00408	1	0.06301	-0.01386	0.68432	0.00393	1	1.45898	0.81042	0	
1254276	8459.75195	3305397114671	0.50268	0.32640	8459.08887	0.66309	11430	1	0.52318	0.27677	1	0.50459	0.36599	1	0.51389	0.32138	1	0.47852	0.53485	11.88232	1.06647	1	0.74051	0.55684	13.28912	1.06647	1	-0.00515	-0.00934	0.67320	0.00411	1	0.06301	-0.01386	0.68432	0.00389	1	1.45898	0.81042	0	
1254277	8459.75879	3305397181949	0.50343	0.32641	8459.08887	0.66992	11430	1	0.51986	0.32790	1	0.50615	0.36371	1	0.51301	0.34580	1	0.47840	0.53534	12.74699	1.06647	1	0.74061	0.55673	13.28492	1.06647	1	-0.00515	-0.00934	0.67320	0.00404	1	0.06301	-0.01386	0.68432	0.00392	1	1.45898	0.81042	0	
1254278	8459.76562	3305397249012	0.50417	0.32633	8459.08887	0.67676	11430	1	0.51889	0.32063	1	0.50624	0.36259	1	0.51256	0.34161	1	0.47835	0.53533	12.68058	1.07555	1	0.74041	0.55677	13.47585	1.06789	1	-0.00545	-0.00985	0.70627	0.00409	1	0.06067	-0.01335	0.65948	0.00413	1	1.45898	0.81042	0	
1254279	8459.77246	3305397315941	0.50427	0.32504	8459.08887	0.68359	11430	1	0.51409	0.30099	1	0.49614	0.31308	1	0.50511	0.30704	1	0.47831	0.53519	12.40310	1.07698	1	0.74039	0.55625	13.18847	1.06932	1	-0.00545	-0.00985	0.70627	0.00409	1	0.06067	-0.01335	0.65948	0.00437	1	1.45898	0.81042	0	
1254280	8459.77930	3305397383438	0.50463	0.32418	8459.08887	0.69043	11430	1	0.51513	0.23384	1	0.49802	0.32173	1	0.50658	0.27779	1	0.47835	0.53477	12.48419	1.07841	1	0.74039	0.55638	13.20758	1.07075	1	-0.00545	-0.00985	0.70627	0.00384	1	0.06067	-0.01335	0.65948	0.00431	1	1.45898	0.81042	0	
1254281	8459.78516	3305397450310	0.50499	0.32311	8459.08887	0.69629	11430	1	0.51383	0.22347	1	0.49870	0.31201	1	0.50627	0.26774	1	0.47836	0.53503	12.77268	1.09022	1	0.74036	0.55666	13.26810	1.08256	1	-0.00564	-0.01003	0.72271	0.00383	1	0.06067	-0.01335	0.65948	0.00414	1	1.45898	0.81042	0	
1254282	8459.79199	3305397517033	0.50520	0.32176	8459.08887	0.70312	11430	1	0.49884	0.23750	1	0.49469	0.32908	1	0.49676	0.28329	1	0.47829	0.53487	12.81180	1.09294	1	0.74032	0.55677	13.46407	1.09294	1	-0.00564	-0.01003	0.72271	0.00382	1	0.06067	-0.01335	0.65948	0.00406	1	1.45898	0.81042	0	
1254283	8459.79883	3305397583850	0.50535	0.32143	8459.08887	0.70996	11430	1	0.52977	0.24323	1	0.49715	0.32537	1	0.51346	0.28430	1	0.47830	0.53487	12.82889	1.10332	1	0.74043	0.55670	13.34563	1.10332	1	-0.00564	-0.01003	0.72271	0.00381	1	0.06067	-0.01335	0.65948	0.00422	1	1.45898	0.81042	0	
1254284	8459.80566	3305397650932	0.50550	0.32104	8459.08887	0.71680	11430	1	0.52977	0.24323	1	0.49757	0.31928	1	0.51367	0.28125	1	0.47832	0.53451	13.00432	1.10332	1	0.74046	0.55659	13.15754	1.11098	1	-0.00554	-0.00981	0.70304	0.00395	1	0.06277	-0.01383	0.68285	0.00429	1	1.45898	0.81042	0	
1254285	8459.81250	3305397717838	0.50515	0.31881	8459.08887	0.72363	11430	1	0.49402	0.18546	1	0.48928	0.30655	1	0.49165	0.24601	1	0.47824	0.53479	12.62947	1.10060	1	0.74025	0.55651	13.65296	1.10826	1	-0.00554	-0.00981	0.70304	0.00386	1	0.06277	-0.01383	0.68285	0.00425	1	1.45898	0.81042	0	
1254286	8459.81934	3305397785145	0.50490	0.31840	8459.08887	0.73047	11430	1	0.51440	0.26346	1	0.49018	0.32404	1	0.50229	0.29375	1	0.47838	0.53500	13.09321	1.09787	1	0.74028	0.55666	13.80970	1.10553	1	-0.00554	-0.00981	0.70304	0.00382	1	0.06277	-0.01383	0.68285	0.00416	1	1.45898	0.81042	0	
1254287	8459.82520	3305397851655	0.50465	0.31819	8459.08887	0.73633	11430	1	0.51568	0.27333	1	0.48961	0.33343	1	0.50264	0.30338	1	0.47825	0.53459	12.56337	1.08606	1	0.74016	0.55684	13.77785	1.09372	1	-0.00532	-0.00942	0.68231	0.00385	1	0.06277	-0.01383	0.68285	0.00405	1	1.45898	0.81042	0	
1254288	8459.83203	3305397919725	0.50432	0.31678	8459.08887	0.74316	11430	1	0.49351	0.21638	1	0.49700	0.32875	1	0.49525	0.27257	1	0.47818	0.53424	12.61925	1.08464	1	0.74038	0.55667	13.45993	1.08464	1	-0.00532	-0.00942	0.68231	0.00406	1	0.06277	-0.01383	0.68285	0.00408	1	1.45898	0.81042	0	
1254289	8459.83887	3305397985327	0.50288	0.28589	8459.08887	0.74316	11430	0	0.49181	0.19750	1	0.48484	0.34640	1	0.48833	0.27195	1	0.47816	0.53414	12.60812	1.07555	1	0.74024	0.55673	13.48986	1.07555	1	-0.00532	-0.00942	0.68231	0.00402	1	0.06277	-0.01383	0.68285	0.00403	1	1.45898	0.81042	0	
1254290	8459.84570	3305398053293	0.49552	0.28044	8459.08887	0.74316	11430	0	0.49181	0.19750	1	0.48450	0.35249	1	0.48816	0.27500	1	0.47818	0.53409	12.59618	1.07555	1	0.74034	0.55650	13.42621	1.06789	1	-0.00554	-0.00972	0.70401	0.00408	1	0.06067	-0.01335	0.65948	0.00412	1	1.45898	0.81042	0	
1254291	8459.85254	3305398120312	0.49889	0.28605	8459.08887	0.74316	11430	0	0.52228	0.27902	1	0.48899	0.31552	1	0.50564	0.29727	1	0.47844	0.53490	13.15694	1.07698	1	0.74028	0.55641	13.26967	1.06932	1	-0.00554	-0.00972	0.70401	0.00380	1	0.06067	-0.01335	0.65948	0.00415	1	1.45898	0.81042	0	
1254292	8459.85938	3305398186398	0.50033	0.28519	8459.83887	0.02051	11431	1	0.51325	0.23651	1	0.49606	0.32873	1	0.50466	0.28262	1	0.47841	0.53428	13.16130	1.07841	1	0.74033	0.55647	13.42277	1.07075	1	-0.00554	-0.00972	0.70401	0.00398	1	0.06067	-0.01335	0.65948	0.00409	1	1.45898	0.81042	0	
1254293	8459.86621	3305398253210	0.50124	0.28598	8459.83887	0.02734	11431	1	0.51410	0.24322	1	0.49564	0.33499	1	0.50487	0.28910	1	0.47840	0.53512	12.85252	1.07075	1	0.74044	0.55633	13.30235	1.06309	1	-0.00532	-0.00942	0.68231	0.00385	1	0.06067	-0.01335	0.65948	0.00409	1	1.45898	0.81042	0	
1254294	8459.87305	3305398321617	0.50113	0.29211	8459.83887	0.03418	11431	1	0.50575	0.31146	1	0.49538	0.33412	1	0.50057	0.32279	1	0.47826	0.53500	12.68240	1.05400	1	0.74039	0.55634	13.48997	1.05400	1	-0.00532	-0.00942	0.68231	0.00402	1	0.06067	-0.01335	0.65948	0.00403	1	1.45898	0.81042	0	
1254295	8459.87891	3305398388181	0.50026	0.29220	8459.83887	0.04004	11431	1	0.49805	0.24741	1	0.49209	0.33800	1	0.49507	0.29271	1	0.47816	0.53412	12.48544	1.04492	1	0.74033	0.55641	13.50719	1.04492	1	-0.00532	-0.00942	0.68231	0.00427	1	0.06067	-0.01335	0.65948	0.00398	1	1.45898	0.81042	0	
1254296	8459.88574	3305398454323	0.49964	0.29186	8459.83887	0.04688	11431	1	0.49805	0.24741	1	0.49250	0.33166	1	0.49528	0.28954	1	0.47830	0.53424	12.32969	1.04492	1	0.74038	0.55619	13.54465	1.05257	1	-0.00540	-0.00970	0.69943	0.00415	1	0.06301	-0.01386	0.68432	0.00397	1	1.45898	0.81042	0	
1254297	8459.89258	3305398518717	0.50146	0.28973	8459.83887	0.05371	11431	1	0.52912	0.24019	1	0.50294	0.30519	1	0.51603	0.27269	1	0.47867	0.53429	11.79221	1.06166	1	0.74051	0.55620	13.07368	1.06932	1	-0.00540	-0.00970	0.69943	0.00408	1	0.06301	-0.01386	0.68432	0.00399	1	1.45898	0.81042	0	
1254298	8459.89941	3305398586809	0.50151	0.28787	8459.83887	0.06055	11431	1	0.50031	0.24737	1	0.50359	0.29475	1	0.50195	0.27106	1	0.47865	0.53431	11.85876	1.07841	1	0.74049	0.55623	13.40723	1.08606	1	-0.00540	-0.00970	0.69943	0.00403	1	0.06301	-0.01386	0.68432	0.00397	1	1.45898	0.81042	0	
1254299	8459.90527	3305398652717	0.50151	0.28604	8459.83887	0.06641	11431	1	0.49938	0.24073	1	0.50359	0.29475	1	0.50148	0.26774	1	0.47863	0.53468	11.89248	1.08606	1	0.74041	0.55642	13.36932	1.08606	1	-0.00528	-0.00952	0.68986	0.00406	1	0.06152	-0.01352	0.66762	0.00413	1	1.45898	0.81042	0	
1254300	8459.91211	3305398717971	0.50108	0.28910	8459.83887	0.07324	11431	1	0.52286	0.27082	1	0.46990	0.37472	1	0.49638	0.32277	1	0.47895	0.53464	12.43064	1.07698	1	0.74037	0.55673	13.43062	1.06932	1	-0.00528	-0.00952	0.68986	0.00401	1	0.06152	-0.01352	0.66762	0.00397	1	1.45898	0.81042	0	
1254301	8459.91895	3305398787040	0.50029	0.29144	8459.83887	0.08008	11431	1	0.51971	0.31102	1	0.46181	0.32811	1	0.49076	0.31957	1	0.47889	0.53459	12.43227	1.06023	1	0.74029	0.55640	13.33484	1.05257	1	-0.00528	-0.00952	0.68986	0.00402	1	0.06152	-0.01352	0.66762	0.00418	1	1.45898	0.81042	0	
1254302	8459.92578	3305398856263	0.49966	0.29421	8459.83887	0.08691	11431	1	0.52152	0.32475	1	0.46158	0.33564	1	0.49155	0.33019	1	0.47899	0.53433	12.78627	1.04349	1	0.74078	0.55634	13.94657	1.04349	1	-0.00528	-0.00952	0.68986	0.00404	1	0.06294	-0.01377	0.68245	0.00400	1	1.45898	0.81042	0	
1254303	8459.93262	3305398919899	0.49981	0.29518	8459.83887	0.09375	11431	1	0.54147	0.30193	1	0.46222	0.31548	1	0.50185	0.30870	1	0.47926	0.53520	13.00598	1.04349	1	0.74067	0.55624	13.93707	1.05115	1	-0.00528	-0.00952	0.68986	0.00381	1	0.06294	-0.01377	0.68245	0.00403	1	1.45898	0.81042	0	
1254304	8459.93945	3305398987209	0.49964	0.29727	8459.83887	0.10059	11431	1	0.52349	0.29296	1	0.47076	0.36430	1	0.49712	0.32863	1	0.47891	0.53479	12.54866	1.05115	1	0.74079	0.55672	14.17262	1.05881	1	-0.00528	-0.00952	0.68986	0.00404	1	0.06294	-0.01377	0.68245	0.00410	1	1.45898	0.81042	0	
1254305	8459.94629	3305399055247	0.49949	0.29931	8459.83887	0.10742	11431	1	0.52353	0.29326	1	0.47049	0.37064	1	0.49701	0.33195	1	0.47919	0.53496	13.44425	1.05079	1	0.74109	0.55633	13.65194	1.05079	1	-0.00504	-0.00909	0.66565	0.00367	1	0.06191	-0.01358	0.67069	0.00418	1	1.45898	0.81042	0	
1254306	8459.95312	3305399122295	0.49952	0.30113	8459.83887	0.11426	11431	1	0.52019	0.32573	1	0.48003	0.33835	1	0.50011	0.33204	1	0.47922	0.53465	13.20264	1.04277	1	0.74098	0.55617	13.65321	1.03512	1	-0.00504	-0.00909	0.66565	0.00370	1	0.06191	-0.01358	0.67069	0.00404	1	1.45898	0.81042	0	
1254307	8459.95996	3305399191702	0.49960	0.30493	8459.83887	0.12109	11431	1	0.52434	0.36795	1	0.47762	0.37879	1	0.50098	0.37337	1	0.47924	0.53520	13.30792	1.02710	1	0.74095	0.55638	14.02144	1.01944	1	-0.00504	-0.00909	0.66565	0.00382	1	0.06191	-0.01358	0.67069	0.00400	1	1.45898	0.81042	0	
1254308	8459.96680	3305399258567	0.49969	0.30850	8459.83887	0.12793	11431	1	0.52517	0.37401	1	0.47762	0.37879	1	0.50139	0.37640	1	0.47986	0.53503	12.68964	1.01944	1	0.74110	0.55613	13.22570	1.01944	1	-0.00498	-0.00926	0.67813	0.00379	1	0.06256	-0.01366	0.67721	0.00404	1	1.45898	0.81042	0	
1254309	8459.97266	3305399325363	0.49972	0.31087	8459.83887	0.13379	11431	1	0.54298	0.35505	1	0.45786	0.36148	1	0.50042	0.35826	1	0.47993	0.53512	13.09553	1.02746	1	0.74094	0.55650	14.05847	1.03512	1	-0.00498	-0.00926	0.67813	0.00382	1	0.06256	-0.01366	0.67721	0.00403	1	1.45898	0.81042	0	
1254310	8459.97949	3305399390536	0.49949	0.31284	8459.83887	0.14062	11431	1	0.54046	0.36691	1	0.44888	0.34145	1	0.49467	0.35418	1	0.47991	0.53522	13.17040	1.04313	1	0.74087	0.55650	13.95164	1.05079	1	-0.00498	-0.00926	0.67813	0.00380	1	0.06256	-0.01366	0.67721	0.00407	1	1.45898	0.81042	0	
1254311	8459.98633	3305399459410	0.49719	0.33981	8459.83887	0.14062	11431	0	0.53900	0.35471	1	0.44909	0.32865	1	0.49405	0.34168	1	0.47971	0.53429	12.66879	1.05881	1	0.74143	0.55643	14.00653	1.06647	1	-0.00498	-0.00926	0.67813	0.00393	1	0.06431	-0.01407	0.69504	0.00401	1	1.45898	0.81042	0	
1254312	8459.99316	3305399526461	0.50229	0.33264	8459.83887	0.14062	11431	0	0.53556	0.31289	1	0.47922	0.33805	1	0.50739	0.32547	1	0.47978	0.53458	12.95774	1.06647	1	0.74172	0.55636	13.67061	1.06647	1	-0.00498	-0.00926	0.67813	0.00390	1	0.06431	-0.01407	0.69504	0.00426	1	1.45898	0.81042	0	
1254313	8460.00000	3305399591986	0.50165	0.34041	8459.83887	0.14062	11431	0	0.51784	0.35831	1	0.48291	0.35357	1	0.50038	0.35594	1	0.47997	0.53484	12.91190	1.06647	1	0.74175	0.55656	13.84312	1.06647	1	-0.00498	-0.00926	0.67813	0.00392	1	0.06431	-0.01407	0.69504	0.00418	1	1.45898	0.81042	0	
1254314	8460.00684	3305399660363	0.50133	0.34429	8459.98633	0.02051	11432	1	0.51784	0.35831	1	0.48291	0.35357	1	0.50038	0.35594	1	0.48011	0.53458	12.69386	1.06647	1	0.74199	0.55631	13.41962	1.06647	1	-0.00483	-0.00936	0.68560	0.00397	1	0.06323	-0.01382	0.68224	0.00404	1	1.45898	0.81042	0	
1254315	8460.01270	3305399725951	0.50349	0.33436	8459.98633	0.02637	11432	1	0.51912	0.31308	1	0.50510	0.27618	1	0.51211	0.29463	1	0.48028	0.53436	12.31042	1.06647	1	0.74211	0.55568	13.19489	1.06647	1	-0.00483	-0.00936	0.68560	0.00389	1	0.06323	-0.01382	0.68224	0.00421	1	1.45898	0.81042	0	
1254316	8460.01953	3305399794390	0.50332	0.32627	8459.98633	0.03320	11432	1	0.51795	0.31780	1	0.48696	0.25385	1	0.50245	0.28582	1	0.48034	0.53433	12.52809	1.06647	1	0.74213	0.55557	12.96366	1.06647	1	-0.00483	-0.00936	0.68560	0.00374	1	0.06323	-0.01382	0.68224	0.00428	1	1.45898	0.81042	0	
1254317	8460.02637	3305399861373	0.50319	0.32049	8459.98633	0.04004	11432	1	0.51795	0.31780	1	0.48696	0.25385	1	0.50245	0.28582	1	0.48056	0.53453	12.71863	1.06647	1	0.74191	0.55641	13.32550	1.06647	1	-0.00473	-0.00911	0.67127	0.00376	1	0.06378	-0.01386	0.68706	0.00407	1	1.45898	0.81042	0	
1254318	8460.03320	3305399927873	0.50152	0.32097	8459.98633	0.04688	11432	1	0.52993	0.30946	1	0.44975	0.33917	1	0.48984	0.32432	1	0.48062	0.53413	13.03015	1.06647	1	0.74200	0.55654	13.42326	1.06647	1	-0.00473	-0.00911	0.67127	0.00377	1	0.06378	-0.01386	0.68706	0.00419	1	1.45898	0.81042	0	
1254319	8460.04004	3305399992632	0.50026	0.31910	8459.98633	0.05371	11432	1	0.51764	0.30637	1	0.46270	0.30184	1	0.49017	0.30410	1	0.48070	0.53425	13.00423	1.06647	1	0.74221	0.55599	12.98171	1.06647	1	-0.00473	-0.00911	0.67127	0.00377	1	0.06378	-0.01386	0.68706	0.00440	1	1.45898	0.81042	0	
1254320	8460.04688	3305400062532	0.49924	0.31792	8459.98633	0.06055	11432	1	0.51764	0.30637	1	0.46251	0.30829	1	0.49007	0.30733	1	0.48072	0.53387	12.96731	1.06647	1	0.74275	0.55622	13.24951	1.05881	1	-0.00473	-0.00926	0.68617	0.00377	1	0.06038	-0.01311	0.64997	0.00409	1	1.45898	0.81042	0	
1254321	8460.05371	3305400129074	0.50037	0.31655	8459.98633	0.06738	11432	1	0.52270	0.28628	1	0.50057	0.31942	1	0.51164	0.30285	1	0.48086	0.53406	13.04028	1.05881	1	0.74281	0.55629	13.42287	1.05115	1	-0.00473	-0.00926	0.68617	0.00374	1	0.06038	-0.01311	0.64997	0.00403	1	1.45898	0.81042	0	
1254322	8460.06055	3305400196045	0.49989	0.31424	8459.98633	0.07422	11432	1	0.50411	0.23449	1	0.48523	0.34310	1	0.49467	0.28879	1	0.48096	0.53310	11.70150	1.05115	1	0.74298	0.55635	13.01412	1.04349	1	-0.00473	-0.00926	0.68617	0.00409	1	0.06038	-0.01311	0.64997	0.00402	1	1.45898	0.81042	0	
1254323	8460.06641	3305400263146	0.49951	0.31279	8459.98633	0.08008	11432	1	0.50504	0.24139	1	0.48487	0.34941	1	0.49495	0.29540	1	0.48093	0.53352	11.92817	1.04349	1	0.74280	0.55626	13.31930	1.03583	1	-0.00459	-0.00919	0.68083	0.00398	1	0.06131	-0.01334	0.65892	0.00410	1	1.45898	0.81042	0	
1254324	8460.07324	3305400327615	0.49777	0.31213	8459.98633	0.08691	11432	1	0.50106	0.26147	1	0.44923	0.34567	1	0.47514	0.30357	1	0.48092	0.53347	11.80642	1.03583	1	0.74277	0.55641	13.43347	1.03583	1	-0.00459	-0.00919	0.68083	0.00405	1	0.06131	-0.01334	0.65892	0.00405	1	1.45898	0.81042	0	
1254325	8460.08008	3305400396976	0.49671	0.31041	8459.98633	0.09375	11432	1	0.51572	0.23537	1	0.44781	0.33735	1	0.48177	0.28636	1	0.48116	0.53309	12.43728	1.03583	1	0.74270	0.55618	13.17024	1.03583	1	-0.00459	-0.00919	0.68083	0.00412	1	0.06131	-0.01334	0.65892	0.00414	1	1.45898	0.81042	0	
1254326	8460.08691	3305400463589	0.49578	0.30871	8459.98633	0.10059	11432	1	0.51572	0.23537	1	0.44791	0.33098	1	0.48181	0.28318	1	0.48150	0.53343	12.90351	1.03583	1	0.74348	0.55665	13.24693	1.04349	1	-0.00459	-0.00919	0.68083	0.00407	1	0.06291	-0.01363	0.67556	0.00418	1	1.45898	0.81042	0	
1254327	8460.09375	3305400529181	0.49646	0.30884	8459.98633	0.10742	11432	1	0.51282	0.25037	1	0.50192	0.37142	1	0.50737	0.31090	1	0.48151	0.53341	12.85577	1.04349	1	0.74365	0.55669	13.07648	1.05115	1	-0.00459	-0.00919	0.68083	0.00404	1	0.06291	-0.01363	0.67556	0.00411	1	1.45898	0.81042	0	
1254328	8460.10059	3305400598018	0.49712	0.30870	8459.98633	0.11426	11432	1	0.51585	0.24098	1	0.50076	0.37161	1	0.50831	0.30629	1	0.48158	0.53288	12.54974	1.05115	1	0.74363	0.55677	13.27106	1.05881	1	-0.00459	-0.00919	0.68083	0.00409	1	0.06291	-0.01363	0.67556	0.00399	1	1.45898	0.81042	0	
1254329	8460.10742	3305400665080	0.49769	0.30823	8459.98633	0.12109	11432	1	0.51499	0.23413	1	0.50123	0.36559	1	0.50811	0.29986	1	0.48187	0.53383	12.13077	1.05881	1	0.74369	0.55606	13.06342	1.06647	1	-0.00439	-0.00919	0.68045	0.00395	1	0.06295	-0.01367	0.67483	0.00401	1	1.45898	0.81042	0	
1254330	8460.11328	3305400730225	0.49745	0.30733	8459.98633	0.12695	11432	1	0.51306	0.28358	1	0.47245	0.29685	1	0.49276	0.29022	1	0.48193	0.53397	12.61780	1.06647	1	0.74354	0.55616	13.35211	1.06647	1	-0.00439	-0.00919	0.68045	0.00385	1	0.06295	-0.01367	0.67483	0.00406	1	1.45898	0.81042	0	
1254331	8460.12012	3305400795365	0.49711	0.30709	8459.98633	0.13379	11432	1	0.51473	0.27291	1	0.46615	0.33181	1	0.49044	0.30236	1	0.48202	0.53376	12.49346	1.06647	1	0.74353	0.55641	13.33954	1.06647	1	-0.00439	-0.00919	0.68045	0.00394	1	0.06295	-0.01367	0.67483	0.00397	1	1.45898	0.81042	0	
1254332	8460.12695	3305400861588	0.49681	0.30688	8459.98633	0.14062	11432	1	0.51473	0.27291	1	0.46615	0.33181	1	0.49044	0.30236	1	0.48177	0.53358	11.97827	1.06647	1	0.74345	0.55681	13.33843	1.06647	1	-0.00439	-0.00919	0.68045	0.00399	1	0.06349	-0.01376	0.67958	0.00389	1	1.45898	0.81042	0	
1254333	8460.13379	3305400930352	0.49634	0.30592	8459.98633	0.14746	11432	1	0.52710	0.23115	1	0.44495	0.33846	1	0.48602	0.28480	1	0.48212	0.53346	12.43875	1.06647	1	0.74355	0.55655	13.53651	1.06647	1	-0.00439	-0.00919	0.68045	0.00411	1	0.06349	-0.01376	0.67958	0.00394	1	1.45898	0.81042	0	
1254334	8460.14062	3305401000354	0.49589	0.30613	8459.98633	0.15430	11432	1	0.53416	0.22042	1	0.43691	0.40145	1	0.48554	0.31093	1	0.48217	0.53332	12.56730	1.06647	1	0.74340	0.55720	13.61734	1.06647	1	-0.00439	-0.00919	0.68045	0.00409	1	0.06349	-0.01376	0.67958	0.00405	1	1.45898	0.81042	0	
1254335	8460.14746	3305401066742	0.49546	0.30614	8459.98633	0.16113	11432	1	0.53329	0.21225	1	0.43691	0.40038	1	0.48510	0.30631	1	0.48229	0.53343	12.69397	1.07555	1	0.74417	0.55755	13.68159	1.06789	1	-0.00449	-0.00951	0.70432	0.00414	1	0.06153	-0.01333	0.65808	0.00403	1	1.45898	0.81042	0	
1254336	8460.15430	3305401134044	0.49619	0.30725	8459.98633	0.16797	11432	1	0.52753	0.25790	1	0.50137	0.41232	1	0.51445	0.33511	1	0.48250	0.53365	12.00240	1.07698	1	0.74446	0.55738	13.21348	1.06932	1	-0.00449	-0.00951	0.70432	0.00385	1	0.06153	-0.01333	0.65808	0.00401	1	1.45898	0.81042	0	
1254337	8460.16016	3305401201376	0.49682	0.30781	8459.98633	0.17383	11432	1	0.54072	0.22734	1	0.48574	0.41722	1	0.51323	0.32228	1	0.48283	0.53355	12.22985	1.07841	1	0.74423	0.55744	13.68648	1.07075	1	-0.00449	-0.00951	0.70432	0.00402	1	0.06153	-0.01333	0.65808	0.00393	1	1.45898	0.81042	0	
1254338	8460.16699	3305401267769	0.49742	0.30844	8459.98633	0.18066	11432	1	0.54141	0.23410	1	0.48574	0.41722	1	0.51357	0.32566	1	0.48263	0.53364	11.99885	1.07075	1	0.74427	0.55669	13.12280	1.07075	1	-0.00411	-0.00903	0.66925	0.00391	1	0.06338	-0.01372	0.67731	0.00425	1	1.45898	0.81042	0	
1254339	8460.17383	3305401334715	0.49709	0.30806	8459.98633	0.18750	11432	1	0.50859	0.28154	1	0.46725	0.31321	1	0.48792	0.29737	1	0.48261	0.53382	11.98870	1.06166	1	0.74421	0.55627	12.81928	1.06932	1	-0.00411	-0.00903	0.66925	0.00392	1	0.06338	-0.01372	0.67731	0.00432	1	1.45898	0.81042	0	
1254340	8460.18066	3305401401874	0.49642	0.30560	8459.98633	0.19434	11432	1	0.50356	0.25494	1	0.45028	0.21347	1	0.47692	0.23420	1	0.48252	0.53349	11.97113	1.06023	1	0.74426	0.55631	12.83061	1.06789	1	-0.00411	-0.00903	0.66925	0.00402	1	0.06338	-0.01372	0.67731	0.00441	1	1.45898	0.81042	0	
1254341	8460.18750	3305401468683	0.49579	0.30334	8459.98633	0.20117	11432	1	0.50373	0.25619	1	0.45026	0.21478	1	0.47700	0.23549	1	0.48254	0.53408	12.04609	1.05881	1	0.74458	0.55620	12.88458	1.06647	1	-0.00411	-0.00903	0.66925	0.00383	1	0.06327	-0.01367	0.67501	0.00446	1	1.45898	0.81042	0	
1254342	8460.19434	3305401535967	0.49537	0.30332	8459.98633	0.20801	11432	1	0.49788	0.24534	1	0.46677	0.35984	1	0.48232	0.30259	1	0.48248	0.53361	12.18966	1.06647	1	0.74465	0.55716	12.57645	1.06647	1	-0.00411	-0.00903	0.66925	0.00394	1	0.06327	-0.01367	0.67501	0.00423	1	1.45898	0.81042	0	
1254343	8460.20117	3305401602680	0.49453	0.30188	8459.98633	0.21484	11432	1	0.47877	0.25531	1	0.45661	0.25640	1	0.46769	0.25585	1	0.48253	0.53372	12.16278	1.06647	1	0.74446	0.55661	12.76802	1.06647	1	-0.00411	-0.00903	0.66925	0.00383	1	0.06327	-0.01367	0.67501	0.00445	1	1.45898	0.81042	0	
1254344	8460.20703	3305401670288	0.49374	0.30062	8459.98633	0.22070	11432	1	0.47877	0.25531	1	0.45646	0.26317	1	0.46762	0.25924	1	0.48286	0.53416	11.54463	1.06647	1	0.74501	0.55701	13.00458	1.05881	1	-0.00406	-0.00914	0.67712	0.00377	1	0.06183	-0.01335	0.65917	0.00425	1	1.45898	0.81042	0	
1254345	8460.21387	3305401736885	0.49367	0.30096	8459.98633	0.22754	11432	1	0.51090	0.31421	1	0.47129	0.31048	1	0.49110	0.31235	1	0.48292	0.53433	11.41210	1.05881	1	0.74471	0.55722	13.66173	1.05115	1	-0.00406	-0.00914	0.67712	0.00387	1	0.06183	-0.01335	0.65917	0.00403	1	1.45898	0.81042	0	
1254346	8460.22070	3305401803739	0.49423	0.30061	8459.98633	0.23438	11432	1	0.54292	0.27082	1	0.48466	0.30631	1	0.51379	0.28856	1	0.48354	0.53384	12.04958	1.05115	1	0.74494	0.55708	13.10814	1.04349	1	-0.00406	-0.00914	0.67712	0.00383	1	0.06183	-0.01335	0.65917	0.00404	1	1.45898	0.81042	0	
1254347	8460.22754	3305401870869	0.49476	0.30038	8459.98633	0.24121	11432	1	0.54361	0.27743	1	0.48466	0.30631	1	0.51414	0.29187	1	0.48356	0.53376	12.23571	1.04349	1	0.74485	0.55689	13.06363	1.04349	1	-0.00399	-0.00921	0.68243	0.00384	1	0.06291	-0.01367	0.67009	0.00415	1	1.45898	0.81042	0	
1254348	8460.23438	3305401937790	0.49492	0.29996	8459.98633	0.24805	11432	1	0.51965	0.26824	1	0.48195	0.30059	1	0.50080	0.28442	1	0.48355	0.53381	12.26676	1.04349	1	0.74487	0.55710	13.10311	1.05115	1	-0.00399	-0.00921	0.68243	0.00383	1	0.06291	-0.01367	0.67009	0.00416	1	1.45898	0.81042	0	
1254349	8460.24121	3305402004698	0.49493	0.29998	8459.98633	0.25488	11432	1	0.52769	0.27155	1	0.46301	0.33040	1	0.49535	0.30097	1	0.48369	0.53384	12.29950	1.05115	1	0.74492	0.55738	13.02622	1.05881	1	-0.00399	-0.00921	0.68243	0.00394	1	0.06291	-0.01367	0.67009	0.00408	1	1.45898	0.81042	0	
1254350	8460.24805	3305402071840	0.49494	0.29976	8459.98633	0.26172	11432	1	0.52691	0.26493	1	0.46343	0.31697	1	0.49517	0.29095	1	0.48347	0.53390	12.31143	1.05881	1	0.74501	0.55739	13.18546	1.07515	1	-0.00399	-0.00921	0.68243	0.00391	1	0.06571	-0.01427	0.69937	0.00406	1	1.45898	0.81042	0	
1254351	8460.25391	3305402138969	0.49474	0.29957	8459.98633	0.26758	11432	1	0.51948	0.24863	1	0.45373	0.33546	1	0.48661	0.29205	1	0.48354	0.53373	12.26828	1.07515	1	0.74480	0.55757	13.00458	1.08383	1	-0.00399	-0.00921	0.68243	0.00396	1	0.06571	-0.01427	0.69937	0.00408	1	1.45898	0.81042	0	
1254352	8460.26074	3305402205928	0.49489	0.29990	8459.98633	0.27441	11432	1	0.53789	0.30066	1	0.46466	0.32607	1	0.50127	0.31336	1	0.48387	0.53439	12.67374	1.08383	1	0.74501	0.55756	13.41038	1.09251	1	-0.00399	-0.00921	0.68243	0.00374	1	0.06571	-0.01427	0.69937	0.00400	1	1.45898	0.81042	0	
1254353	8460.26758	3305402272589	0.49503	0.30013	8459.98633	0.28125	11432	1	0.53709	0.29362	1	0.46466	0.32607	1	0.50087	0.30984	1	0.48365	0.53396	12.54570	1.09251	1	0.74518	0.55742	13.08069	1.09251	1	-0.00399	-0.00921	0.68243	0.00388	1	0.06291	-0.01372	0.67009	0.00399	1	1.45898	0.81042	0	
1254354	8460.27441	3305402339652	0.49482	0.29946	8459.98633	0.28809	11432	1	0.50418	0.21586	1	0.46737	0.32576	1	0.48578	0.27081	1	0.48339	0.53341	11.99134	1.09251	1	0.74503	0.55751	13.22428	1.08383	1	-0.00399	-0.00921	0.68243	0.00392	1	0.06291	-0.01372	0.67009	0.00401	1	1.45898	0.81042	0	
1254355	8460.28125	3305402406605	0.49515	0.29895	8459.98633	0.29492	11432	1	0.53946	0.23113	1	0.47962	0.32149	1	0.50954	0.27631	1	0.48352	0.53359	12.28286	1.08383	1	0.74520	0.55731	12.87781	1.07515	1	-0.00399	-0.00921	0.68243	0.00392	1	0.06291	-0.01372	0.67009	0.00403	1	1.45898	0.81042	0	
1254356	8460.28809	3305402473587	0.49547	0.29862	8459.98633	0.30176	11432	1	0.54025	0.23873	1	0.47927	0.32860	1	0.50976	0.28366	1	0.48357	0.53446	12.48366	1.07515	1	0.74501	0.55756	13.41038	1.06647	1	-0.00399	-0.00932	0.68243	0.00362	1	0.06291	-0.01372	0.67009	0.00399	1	1.45898	0.81042	0	
1254357	8460.29395	3305402538156	0.49535	0.29917	8459.98633	0.30762	11432	1	0.52199	0.31278	1	0.45818	0.33627	1	0.49009	0.32452	1	0.48360	0.53435	12.34896	1.06647	1	0.74485	0.55757	13.14849	1.06647	1	-0.00399	-0.00932	0.68243	0.00368	1	0.06291	-0.01372	0.67009	0.00406	1	1.45898	0.81042	0	
1254358	8460.30078	3305402603920	0.49534	0.29933	8459.98633	0.31445	11432	1	0.51834	0.30081	1	0.47085	0.31286	1	0.49460	0.30684	1	0.48352	0.53440	12.42712	1.06647	1	0.74505	0.55737	13.22801	1.06647	1	-0.00399	-0.00932	0.68243	0.00383	1	0.06291	-0.01372	0.67009	0.00400	1	1.45898	0.81042	0	
1254359	8460.30762	3305402672035	0.49527	0.29848	8459.98633	0.32129	11432	1	0.51735	0.29332	1	0.47115	0.30529	1	0.49425	0.29931	1	0.48329	0.53463	11.87465	1.07555	1	0.74497	0.55765	13.25657	1.07555	1	-0.00415	-0.00956	0.70063	0.00379	1	0.06291	-0.01377	0.67009	0.00390	1	1.45898	0.81042	0	
1254360	8460.31445	3305402740211	0.49487	0.29672	8459.98633	0.32812	11432	1	0.48779	0.14175	1	0.48808	0.34025	1	0.48793	0.24100	1	0.48306	0.53258	12.50565	1.08464	1	0.74502	0.55758	13.23930	1.08464	1	-0.00415	-0.00956	0.70063	0.00246	1	0.06291	-0.01377	0.67009	0.00386	1	1.45898	0.81042	0	
1254361	8460.32129	3305402806518	0.49491	0.29404	8459.98633	0.33496	11432	1	0.51325	0.12234	1	0.49173	0.33233	1	0.50249	0.22733	1	0.48315	0.53262	12.49254	1.09372	1	0.74502	0.55759	13.21342	1.09372	1	-0.00415	-0.00956	0.70063	0.00242	1	0.06291	-0.01377	0.67009	0.00391	1	1.45898	0.81042	0	
1254362	8460.32715	3305402870643	0.49496	0.29136	8459.98633	0.34082	11432	1	0.51325	0.12234	1	0.49173	0.33233	1	0.50249	0.22733	1	0.48344	0.53503	12.43829	1.09372	1	0.74505	0.55765	13.25282	1.09372	1	-0.00399	-0.00932	0.68243	0.00374	1	0.06291	-0.01377	0.67009	0.00385	1	1.45898	0.81042	0	
1254363	8460.33496	3305402941032	0.49479	0.29271	8459.98633	0.34863	11432	1	0.51616	0.35880	1	0.49254	0.35962	1	0.50435	0.35921	1	0.48342	0.53487	11.76261	1.08464	1	0.74507	0.55780	13.15520	1.08464	1	-0.00399	-0.00932	0.68243	0.00380	1	0.06291	-0.01377	0.67009	0.00386	1	1.45898	0.81042	0	
1254364	8460.34082	3305403007927	0.49487	0.29391	8459.98633	0.35449	11432	1	0.51811	0.31222	1	0.49387	0.37493	1	0.50599	0.34357	1	0.48323	0.53502	12.20280	1.07555	1	0.74507	0.55790	13.19079	1.07555	1	-0.00399	-0.00932	0.68243	0.00378	1	0.06291	-0.01377	0.67009	0.00383	1	1.45898	0.81042	0	
1254365	8460.34766	3305403073762	0.49494	0.29512	8459.98633	0.36133	11432	1	0.51811	0.31222	1	0.49387	0.37493	1	0.50599	0.34357	1	0.48324	0.53438	11.84018	1.07555	1	0.74505	0.55794	13.26863	1.07555	1	-0.00415	-0.00956	0.70063	0.00411	1	0.06291	-0.01377	0.67009	0.00383	1	1.45898	0.81042	0	
1254366	8460.35449	3305403140760	0.49525	0.29460	8459.98633	0.36816	11432	1	0.52386	0.22866	1	0.48496	0.37069	1	0.50441	0.29968	1	0.48328	0.53387	11.73728	1.08464	1	0.74498	0.55785	13.32262	1.08464	1	-0.00415	-0.00956	0.70063	0.00432	1	0.06291	-0.01377	0.67009	0.00380	1	1.45898	0.81042	0	
1254367	8460.36133	3305403208530	0.49593	0.29478	8459.98633	0.37500	11432	1	0.54364	0.27827	1	0.50238	0.34734	1	0.52301	0.31280	1	0.48326	0.53494	11.94864	1.09372	1	0.74518	0.55795	13.13478	1.09372	1	-0.00415	-0.00956	0.70063	0.00389	1	0.06291	-0.01377	0.67009	0.00382	1	1.45898	0.81042	0	
1254368	8460.36816	3305403275504	0.49662	0.29490	8459.98633	0.38184	11432	1	0.54364	0.27827	1	0.50238	0.34734	1	0.52301	0.31280	1	0.48325	0.53465	11.63838	1.09372	1	0.74517	0.55794	12.96243	1.09372	1	-0.00406	-0.00924	0.67712	0.00387	1	0.06291	-0.01377	0.67009	0.00383	1	1.45898	0.81042	0	
1254369	8460.37500	3305403341636	0.49579	0.29560	8459.98633	0.38867	11432	1	0.54364	0.27827	0	0.47216	0.33664	1	0.47216	0.33664	1	0.48325	0.53465	11.63838	1.08464	0	0.74472	0.55763	12.15143	1.08464	1	-0.00406	-0.00924	0.67712	0.00387	1	0.06291	-0.01377	0.67009	0.00405	1	1.45898	0.81042	0	
1254370	8460.38086	3305403406463	0.49575	0.29604	8459.98633	0.39453	11432	1	0.54364	0.27827	0	0.49265	0.30995	1	0.49265	0.30995	1	0.48325	0.53465	11.63838	1.07555	0	0.74512	0.55720	12.56390	1.07555	1	-0.00406	-0.00924	0.67712	0.00387	1	0.06291	-0.01377	0.67009	0.00418	1	1.45898	0.81042	0	
1254371	8460.38770	3305403475668	0.49575	0.29604	8459.98633	0.40137	11432	1	0.54364	0.27827	0	0.49265	0.30995	0	0.49265	0.30995	0	0.48325	0.53465	11.63838	1.06647	0	0.74512	0.55720	12.56390	1.06647	0	-0.00406	-0.00924	0.67712	0.00387	1	0.06291	-0.01377	0.67009	0.00418	1	1.45898	0.81042	0	
1254372	8460.39453	3305403544599	0.49575	0.29604	8459.98633	0.40820	11432	1	0.54364	0.27827	0	0.49265	0.30995	0	0.49265	0.30995	0	0.48325	0.53465	11.63838	1.06647	0	0.74512	0.55720	12.56390	1.06647	0	-0.00406	-0.00924	0.67712	0.00387	1	0.06291	-0.01377	0.67009	0.00418	1	1.45898	0.81042	0	
1254373	8460.40137	3305403612269	0.49575	0.29604	8459.98633	0.41504	11432	1	0.54364	0.27827	0	0.49265	0.30995	0	0.49265	0.30995	0	0.48325	0.53465	11.63838	1.06647	0	0.74512	0.55720	12.56390	1.06647	0	-0.00406	-0.00924	0.67712	0.00387	1	0.06291	-0.01377	0.67009	0.00418	1	1.45898	0.81042	0	
1254374	8460.40820	3305403679265	0.50156	0.30110	8459.98633	0.41504	11432	0	0.54364	0.27827	0	0.49265	0.30995	0	0.49265	0.30995	0	0.48325	0.53465	11.63838	1.06647	0	0.74512	0.55720	12.56390	1.06647	0	-0.00406	-0.00924	0.67712	0.00387	1	0.06291	-0.01377	0.67009	0.00418	1	1.45898	0.81042	0	
1254375	8460.41504	3305403746312	0.50156	0.30110	8459.98633	0.41504	11432	0	0.54364	0.27827	0	0.49265	0.30995	0	0.49265	0.30995	0	0.48325	0.53465	11.63838	1.06647	0	0.74512	0.55720	12.56390	1.06647	0	-0.00406	-0.00924	0.67712	0.00387	1	0.06291	-0.01377	0.67009	0.00418	1	1.45898	0.81042	0	
1254376	8460.42188	3305403811541	0.50156	0.30110	8459.98633	0.41504	11432	0	0.54364	0.27827	0	0.49265	0.30995	0	0.49265	0.30995	0	0.48325	0.53465	11.63838	1.06647	0	0.74512	0.55720	12.56390	1.06647	0	-0.00406	-0.00924	0.67712	0.00387	1	0.06291	-0.01377	0.67009	0.00418	1	1.45898	0.81042	0	
1254377	8460.42871	3305403879749	0.00000	0.00000	8459.98633	0.41504	11432	0	0.54364	0.27827	0	0.49265	0.30995	0	0.49265	0.30995	0	0.48325	0.53465	11.63838	1.06647	0	0.74512	0.55720	12.56390	1.06647	0	-0.00406	-0.00924	0.67712	0.00387	1	0.06291	-0.01377	0.67009	0.00418	1	1.45898	0.81042	0	
1254378	8460.43555	3305403946895	0.00000	0.00000	8459.98633	0.41504	11432	0	0.54364	0.27827	0	0.49265	0.30995	0	0.49265	0.30995	0	0.48325	0.53465	11.63838	1.06647	0	0.74512	0.55720	12.56390	1.06647	0	-0.00406	-0.00924	0.67712	0.00387	1	0.06291	-0.01377	0.67009	0.00418	1	1.45898	0.81042	0	
1254379	8460.44238	3305404014265	0.00000	0.00000	8459.98633	0.41504	11432	0	0.54364	0.27827	0	0.49265	0.30995	0	0.49265	0.30995	0	0.48325	0.53465	11.63838	1.06647	0	0.74512	0.55720	12.56390	1.06647	0	-0.00406	-0.00924	0.67712	0.00387	1	0.06291	-0.01377	0.67009	0.00418	1	1.45898	0.81042	0	
1254380	8460.44824	3305404081006	0.51931	0.30550	8459.98633	0.41504	11432	0	0.54600	0.30071	1	0.49263	0.31029	1	0.51931	0.30550	1	0.48262	0.53451	11.84403	1.06647	1	0.74464	0.55728	12.18020	1.07515	1	-0.00411	-0.00914	0.66925	0.00407	1	0.06564	-0.01440	0.70083	0.00412	1	1.45898	0.81042	0	
1254381	8460.45508	3305404148639	0.50688	0.31471	8459.98633	0.41504	11432	0	0.51335	0.28122	1	0.47554	0.36663	1	0.49444	0.32392	1	0.48261	0.53441	11.84110	1.07515	1	0.74441	0.55775	12.80944	1.08383	1	-0.00411	-0.00914	0.66925	0.00410	1	0.06564	-0.01440	0.70083	0.00384	1	1.45898	0.81042	0	
1254382	8460.46191	3305404215207	0.50723	0.28768	8459.98633	0.41504	11432	0	0.51091	0.25506	1	0.50498	0.21220	1	0.50794	0.23363	1	0.48266	0.53416	11.83759	1.08383	1	0.74475	0.55633	11.96387	1.09251	1	-0.00411	-0.00914	0.66925	0.00417	1	0.06564	-0.01440	0.70083	0.00439	1	1.45898	0.81042	0	
1254383	8460.46875	3305404281844	0.50723	0.27411	8460.44824	0.02051	11433	1	0.50993	0.24764	1	0.50450	0.21915	1	0.50722	0.23340	1	0.48264	0.53389	11.82139	1.09251	1	0.74440	0.55688	12.67840	1.08485	1	-0.00411	-0.00914	0.66925	0.00414	1	0.06187	-0.01358	0.66060	0.00423	1	1.45898	0.81042	0	
1254384	8460.47559	3305404349122	0.50195	0.27574	8460.44824	0.02734	11433	1	0.50088	0.21278	1	0.46078	0.35177	1	0.48083	0.28227	1	0.48258	0.53420	11.81997	1.08485	1	0.74424	0.55771	13.21566	1.06851	1	-0.00411	-0.00914	0.66925	0.00405	1	0.06187	-0.01358	0.66060	0.00382	1	1.45898	0.81042	0	
1254385	8460.48242	3305404416133	0.49815	0.27980	8460.44824	0.03418	11433	1	0.49517	0.23768	1	0.46310	0.36249	1	0.47914	0.30008	1	0.48243	0.53423	11.89695	1.06851	1	0.74422	0.55758	13.14004	1.05217	1	-0.00411	-0.00914	0.66925	0.00405	1	0.06187	-0.01358	0.66060	0.00399	1	1.45898	0.81042	0	
1254386	8460.48926	3305404483229	0.49558	0.28373	8460.44824	0.04102	11433	1	0.49725	0.25212	1	0.46310	0.36249	1	0.48017	0.30730	1	0.48250	0.53404	11.66258	1.05217	1	0.74436	0.55759	12.79940	1.05217	1	-0.00411	-0.00914	0.66925	0.00421	1	0.06564	-0.01440	0.70083	0.00386	1	1.45898	0.81042	0	
1254387	8460.49512	3305404548487	0.49662	0.28454	8460.44824	0.04688	11433	1	0.50623	0.31370	1	0.50154	0.26677	1	0.50389	0.29024	1	0.48251	0.53462	12.13134	1.05217	1	0.74440	0.55684	12.53423	1.06851	1	-0.00411	-0.00914	0.66925	0.00403	1	0.06564	-0.01440	0.70083	0.00419	1	1.45898	0.81042	0	
1254388	8460.50195	3305404616759	0.49733	0.27276	8460.44824	0.05371	11433	1	0.49893	0.13012	1	0.50711	0.22681	1	0.50302	0.17846	1	0.48260	0.53276	12.28755	1.06851	1	0.74447	0.55642	12.60904	1.08485	1	-0.00411	-0.00914	0.66925	0.00249	1	0.06564	-0.01440	0.70083	0.00435	1	1.45898	0.81042	0	
1254389	8460.50879	3305404685086	0.49782	0.26218	8460.44824	0.06055	11433	1	0.49692	0.11403	1	0.50761	0.21990	1	0.50226	0.16697	1	0.48273	0.53462	12.19319	1.08485	1	0.74429	0.55703	12.96681	1.09251	1	-0.00411	-0.00914	0.66925	0.00409	1	0.06338	-0.01392	0.67731	0.00421	1	1.45898	0.81042	0	
1254390	8460.51562	3305404750673	0.49776	0.26237	8460.44824	0.06738	11433	1	0.50190	0.21973	1	0.49242	0.30881	1	0.49716	0.26427	1	0.48257	0.53451	11.85793	1.09251	1	0.74426	0.55718	13.01297	1.08383	1	-0.00411	-0.00914	0.66925	0.00406	1	0.06338	-0.01392	0.67731	0.00410	1	1.45898	0.81042	0	
1254391	8460.52246	3305404817709	0.49856	0.26414	8460.44824	0.07422	11433	1	0.51422	0.25931	1	0.50052	0.30794	1	0.50737	0.28362	1	0.48276	0.53471	12.12952	1.08383	1	0.74432	0.55722	12.95157	1.07515	1	-0.00411	-0.00914	0.66925	0.00397	1	0.06338	-0.01392	0.67731	0.00405	1	1.45898	0.81042	0	
1254392	8460.52930	3305404884494	0.49926	0.26620	8460.44824	0.08105	11433	1	0.51518	0.26669	1	0.50001	0.31517	1	0.50759	0.29093	1	0.48280	0.53467	12.09628	1.07515	1	0.74396	0.55723	12.32868	1.06647	1	-0.00411	-0.00914	0.66925	0.00397	1	0.06338	-0.01392	0.67731	0.00413	1	1.45898	0.81042	0	
1254393	8460.53516	3305404950328	0.49994	0.27134	8460.44824	0.08691	11433	1	0.52325	0.27035	1	0.49450	0.40586	1	0.50888	0.33811	1	0.48295	0.53502	12.40259	1.06647	1	0.74437	0.55795	13.15831	1.06647	1	-0.00411	-0.00914	0.66925	0.00389	1	0.06338	-0.01392	0.67731	0.00384	1	1.45898	0.81042	0	
1254394	8460.54199	3305405016267	0.50030	0.27220	8460.44824	0.09375	11433	1	0.54221	0.25396	1	0.46834	0.31456	1	0.50527	0.28426	1	0.48283	0.53479	11.96930	1.06647	1	0.74394	0.55727	12.29866	1.06647	1	-0.00411	-0.00914	0.66925	0.00392	1	0.06338	-0.01392	0.67731	0.00416	1	1.45898	0.81042	0	
1254395	8460.54883	3305405083729	0.50060	0.27315	8460.44824	0.10059	11433	1	0.54221	0.25396	1	0.46810	0.32093	1	0.50516	0.28745	1	0.48255	0.53490	11.46718	1.06647	1	0.74399	0.55807	12.63944	1.05881	1	-0.00428	-0.00928	0.68009	0.00394	1	0.06153	-0.01352	0.65808	0.00384	1	1.45898	0.81042	0	
1254396	8460.55566	3305405151983	0.50103	0.27684	8460.44824	0.10742	11433	1	0.53513	0.29643	1	0.48073	0.37537	1	0.50793	0.33590	1	0.48267	0.53507	12.31315	1.05881	1	0.74405	0.55789	12.34442	1.05115	1	-0.00428	-0.00928	0.68009	0.00386	1	0.06153	-0.01352	0.65808	0.00389	1	1.45898	0.81042	0	
1254397	8460.56250	3305405220001	0.50052	0.27946	8460.44824	0.11426	11433	1	0.51339	0.25734	1	0.47000	0.39075	1	0.49170	0.32404	1	0.48233	0.53458	11.72575	1.05115	1	0.74393	0.55798	13.06742	1.04349	1	-0.00428	-0.00928	0.68009	0.00392	1	0.06153	-0.01352	0.65808	0.00386	1	1.45898	0.81042	0	
1254398	8460.56934	3305405287156	0.50007	0.28199	8460.44824	0.12109	11433	1	0.51427	0.26407	1	0.47000	0.39075	1	0.49213	0.32741	1	0.48238	0.53466	11.92201	1.04349	1	0.74363	0.55793	12.75532	1.04349	1	-0.00428	-0.00928	0.68009	0.00384	1	0.06349	-0.01397	0.67958	0.00402	1	1.45898	0.81042	0	
1254399	8460.57617	3305405353318	0.50076	0.28552	8460.44824	0.12793	11433	1	0.56369	0.36651	1	0.46386	0.33862	1	0.51378	0.35256	1	0.48262	0.53527	12.42265	1.04349	1	0.74379	0.55747	12.30063	1.05115	1	-0.00428	-0.00928	0.68009	0.00379	1	0.06349	-0.01397	0.67958	0.00393	1	1.45898	0.81042	0	
1254400	8460.58301	3305405420860	0.50153	0.28757	8460.44824	0.13477	11433	1	0.56068	0.30698	1	0.47327	0.35029	1	0.51698	0.32864	1	0.48269	0.53518	12.33278	1.05115	1	0.74395	0.55759	12.21808	1.05881	1	-0.00428	-0.00928	0.68009	0.00377	1	0.06349	-0.01397	0.67958	0.00392	1	1.45898	0.81042	0	
1254401	8460.58887	3305405487292	0.50223	0.28899	8460.44824	0.14062	11433	1	0.56010	0.30063	1	0.47385	0.33716	1	0.51697	0.31890	1	0.48238	0.53536	11.69475	1.05881	1	0.74390	0.55716	12.31623	1.07515	1	-0.00446	-0.00949	0.69111	0.00373	1	0.06563	-0.01445	0.70305	0.00416	1	1.45898	0.81042	0	
1254402	8460.59570	3305405554867	0.50195	0.28726	8460.44824	0.14746	11433	1	0.51908	0.26309	1	0.47227	0.23537	1	0.49568	0.24923	1	0.48202	0.53502	12.24879	1.07515	1	0.74389	0.55639	12.03130	1.08383	1	-0.00446	-0.00949	0.69111	0.00381	1	0.06563	-0.01445	0.70305	0.00443	1	1.45898	0.81042	0	
1254403	8460.60254	3305405621845	0.50166	0.28764	8460.44824	0.15430	11433	1	0.53460	0.29863	1	0.45544	0.29369	1	0.49502	0.29616	1	0.48234	0.53541	12.03162	1.08383	1	0.74364	0.55732	12.58074	1.09251	1	-0.00446	-0.00949	0.69111	0.00371	1	0.06563	-0.01445	0.70305	0.00413	1	1.45898	0.81042	0	
1254404	8460.60938	3305405688581	0.50138	0.28769	8460.44824	0.16113	11433	1	0.53378	0.29158	1	0.45560	0.28650	1	0.49469	0.28904	1	0.48201	0.53539	12.44038	1.09251	1	0.74392	0.55694	12.13859	1.10119	1	-0.00439	-0.00939	0.68045	0.00370	1	0.06563	-0.01445	0.70305	0.00420	1	1.45898	0.81042	0	
1254405	8460.61621	3305405755450	0.50038	0.28757	8460.44824	0.16797	11433	1	0.50904	0.23550	1	0.44177	0.33348	1	0.47540	0.28449	1	0.48189	0.53473	12.11605	1.10119	1	0.74347	0.55776	12.96508	1.10119	1	-0.00439	-0.00939	0.68045	0.00401	1	0.06563	-0.01445	0.70305	0.00393	1	1.45898	0.81042	0	
1254406	8460.62305	3305405822667	0.50047	0.28707	8460.44824	0.17480	11433	1	0.53479	0.27245	1	0.47077	0.27573	1	0.50278	0.27409	1	0.48230	0.53537	11.78381	1.10119	1	0.74387	0.55696	12.06820	1.10119	1	-0.00439	-0.00939	0.68045	0.00383	1	0.06563	-0.01445	0.70305	0.00421	1	1.45898	0.81042	0	
1254407	8460.62891	3305405887270	0.50055	0.28674	8460.44824	0.18066	11433	1	0.53479	0.27245	1	0.47049	0.28303	1	0.50264	0.27774	1	0.48234	0.53528	11.65524	1.10119	1	0.74375	0.55749	12.48921	1.09251	1	-0.00439	-0.00929	0.68045	0.00383	1	0.06349	-0.01397	0.67958	0.00395	1	1.45898	0.81042	0	
1254408	8460.63574	3305405956247	0.50061	0.28736	8460.44824	0.18750	11433	1	0.51721	0.27594	1	0.48772	0.33379	1	0.50247	0.30487	1	0.48196	0.53521	12.01761	1.09251	1	0.74381	0.55758	12.47409	1.08383	1	-0.00439	-0.00929	0.68045	0.00377	1	0.06349	-0.01397	0.67958	0.00393	1	1.45898	0.81042	0	
1254409	8460.64258	3305406023737	0.50067	0.28727	8460.44824	0.19434	11433	1	0.51439	0.25137	1	0.49000	0.31763	1	0.50220	0.28450	1	0.48192	0.53485	11.92524	1.08383	1	0.74388	0.55734	12.38039	1.07515	1	-0.00439	-0.00929	0.68045	0.00391	1	0.06349	-0.01397	0.67958	0.00388	1	1.45898	0.81042	0	
1254410	8460.64941	3305406087665	0.50073	0.28730	8460.44824	0.20117	11433	1	0.51535	0.25882	1	0.49000	0.31763	1	0.50267	0.28822	1	0.48185	0.53507	12.43984	1.07515	1	0.74354	0.55729	12.84465	1.07515	1	-0.00439	-0.00929	0.68045	0.00390	1	0.06563	-0.01445	0.70305	0.00411	1	1.45898	0.81042	0	
1254411	8460.65625	3305406156214	0.50039	0.28721	8460.44824	0.20801	11433	1	0.50839	0.26578	1	0.47092	0.30341	1	0.48965	0.28459	1	0.48178	0.53485	12.39136	1.07515	1	0.74349	0.55731	12.93104	1.08383	1	-0.00439	-0.00929	0.68045	0.00387	1	0.06563	-0.01445	0.70305	0.00411	1	1.45898	0.81042	0	
1254412	8460.66309	3305406225375	0.50015	0.28672	8460.44824	0.21484	11433	1	0.51105	0.25859	1	0.47413	0.28308	1	0.49259	0.27084	1	0.48187	0.53493	12.21651	1.08383	1	0.74352	0.55717	12.84822	1.09251	1	-0.00439	-0.00929	0.68045	0.00390	1	0.06563	-0.01445	0.70305	0.00419	1	1.45898	0.81042	0	
1254413	8460.66992	3305406292544	0.49992	0.28603	8460.44824	0.22168	11433	1	0.51008	0.25121	1	0.47444	0.27579	1	0.49226	0.26350	1	0.48235	0.53500	11.66306	1.09251	1	0.74351	0.55707	12.93834	1.10119	1	-0.00439	-0.00929	0.68045	0.00401	1	0.06563	-0.01445	0.70305	0.00418	1	1.45898	0.81042	0	
1254414	8460.67676	3305406358374	0.49970	0.28575	8460.44824	0.22852	11433	1	0.49778	0.23664	1	0.48661	0.31550	1	0.49219	0.27607	1	0.48176	0.53491	12.27630	1.10119	1	0.74333	0.55784	13.31007	1.10119	1	-0.00439	-0.00929	0.68045	0.00385	1	0.06563	-0.01445	0.70305	0.00388	1	1.45898	0.81042	0	
1254415	8460.68262	3305406426114	0.49963	0.28684	8460.44824	0.23438	11433	1	0.50673	0.30176	1	0.48758	0.34823	1	0.49715	0.32499	1	0.48184	0.53499	12.45047	1.10119	1	0.74342	0.55773	13.24603	1.10119	1	-0.00439	-0.00929	0.68045	0.00392	1	0.06563	-0.01445	0.70305	0.00386	1	1.45898	0.81042	0	
1254416	8460.68945	3305406491868	0.49955	0.28796	8460.44824	0.24121	11433	1	0.50673	0.30176	1	0.48718	0.35496	1	0.49695	0.32836	1	0.48181	0.53457	12.07774	1.10119	1	0.74344	0.55763	13.23225	1.09251	1	-0.00439	-0.00929	0.68045	0.00399	1	0.06349	-0.01397	0.67958	0.00391	1	1.45898	0.81042	0	
1254417	8460.69629	3305406559974	0.49945	0.28824	8460.44824	0.24805	11433	1	0.50505	0.26680	1	0.48582	0.33016	1	0.49543	0.29848	1	0.48181	0.53457	12.07774	1.09251	1	0.74334	0.55758	13.26632	1.08383	1	-0.00439	-0.00929	0.68045	0.00399	1	0.06349	-0.01397	0.67958	0.00397	1	1.45898	0.81042	0	
1254418	8460.70312	3305406627237	0.49931	0.28865	8460.44824	0.25488	11433	1	0.50183	0.26615	1	0.48624	0.34272	1	0.49403	0.30444	1	0.48176	0.53490	12.08063	1.08383	1	0.74340	0.55767	13.27668	1.07515	1	-0.00439	-0.00929	0.68045	0.00396	1	0.06349	-0.01397	0.67958	0.00392	1	1.45898	0.81042	0	
1254419	8460.70996	3305406692548	0.49918	0.28923	8460.44824	0.26172	11433	1	0.50287	0.27349	1	0.48583	0.34966	1	0.49435	0.31157	1	0.48181	0.53432	11.81729	1.07515	1	0.74361	0.55760	12.98262	1.06647	1	-0.00439	-0.00929	0.68045	0.00402	1	0.06349	-0.01397	0.67958	0.00389	1	1.45898	0.81042	0	
1254420	8460.71680	3305406758327	0.49875	0.28990	8460.44824	0.26855	11433	1	0.50815	0.27380	1	0.45494	0.35961	1	0.48154	0.31670	1	0.48219	0.53480	11.74266	1.06647	1	0.74365	0.55775	12.73911	1.06647	1	-0.00439	-0.00929	0.68045	0.00386	1	0.06349	-0.01397	0.67958	0.00400	1	1.45898	0.81042	0	
1254421	8460.72266	3305406822697	0.49782	0.28740	8460.44824	0.27441	11433	1	0.47859	0.10503	1	0.44078	0.26535	1	0.45969	0.18519	1	0.48231	0.53293	12.23085	1.06647	1	0.74340	0.55776	12.87483	1.06647	1	-0.00439	-0.00929	0.68045	0.00248	1	0.06349	-0.01397	0.67958	0.00429	1	1.45898	0.81042	0	
1254422	8460.72949	3305406891550	0.49692	0.28483	8460.44824	0.28125	11433	1	0.47734	0.09584	1	0.44084	0.25740	1	0.45909	0.17662	1	0.48464	0.53653	12.06528	1.07555	1	0.74640	0.55996	12.36643	1.07555	1	-0.00409	-0.00994	0.70904	0.00372	1	0.06291	-0.01397	0.67009	0.00382	1	1.45898	0.81042	0	
1254423	8460.73633	3305406958499	0.49875	0.28800	8460.44824	0.28809	11433	1	0.57098	0.38056	1	0.58351	0.46811	1	0.57725	0.42434	1	0.48552	0.53749	11.61320	1.08464	1	0.74729	0.55987	13.10293	1.08464	1	-0.00409	-0.00994	0.70904	0.00368	1	0.06291	-0.01397	0.67009	0.00393	1	1.45898	0.81042	0	
1254424	8460.74316	3305407026033	0.49966	0.28976	8460.44824	0.29492	11433	1	0.53341	0.35731	1	0.54583	0.37718	1	0.53962	0.36724	1	0.48571	0.53753	11.82188	1.09372	1	0.74742	0.56009	13.13607	1.09372	1	-0.00409	-0.00994	0.70904	0.00362	1	0.06291	-0.01397	0.67009	0.00390	1	1.45898	0.81042	0	
1254425	8460.75000	3305407091743	0.50052	0.29144	8460.44824	0.30176	11433	1	0.53341	0.35731	1	0.54583	0.37718	1	0.53962	0.36724	1	0.48916	0.53875	12.21630	1.09372	1	0.74995	0.56196	12.33616	1.09372	1	-0.00336	-0.00967	0.67831	0.00368	1	0.06649	-0.01486	0.70259	0.00371	1	1.45898	0.81042	0	
1254426	8460.75684	3305407160261	0.51779	0.32540	8460.44824	0.30176	11433	0	0.70820	0.41806	1	0.64920	0.58119	1	0.67870	0.49962	1	0.48917	0.53881	12.50089	1.08464	1	0.75001	0.56213	12.36581	1.08464	1	-0.00336	-0.00967	0.67831	0.00362	1	0.06649	-0.01486	0.70259	0.00403	1	1.45898	0.81042	0	
1254427	8460.76367	3305407229380	0.60508	0.41583	8460.44824	0.30176	11433	0	0.70718	0.41796	1	0.67758	0.59457	1	0.69238	0.50627	1	0.48917	0.53879	12.53927	1.07555	1	0.75047	0.56207	12.82088	1.07555	1	-0.00336	-0.00967	0.67831	0.00359	1	0.06649	-0.01486	0.70259	0.00412	1	1.45898	0.81042	0	
1254428	8460.77051	3305407295498	0.63378	0.44791	8460.44824	0.30176	11433	0	0.70676	0.42432	1	0.67558	0.59980	1	0.69117	0.51206	1	0.48907	0.53883	12.54091	1.06647	1	0.74999	0.56137	12.60317	1.06647	1	-0.00329	-0.00978	0.68621	0.00354	1	0.06486	-0.01455	0.68546	0.00370	1	1.45898	0.81042	0	
1254429	8460.77637	3305407362084	0.69340	0.51070	8460.44824	0.30176	11433	0	0.73006	0.47757	1	0.66325	0.54997	1	0.69665	0.51377	1	0.48906	0.53887	12.48100	1.06647	1	0.75026	0.56180	13.11306	1.06647	1	-0.00329	-0.00978	0.68621	0.00360	1	0.06486	-0.01455	0.68546	0.00381	1	1.45898	0.81042	0	
1254430	8460.78320	3305407429360	0.69496	0.49358	8460.44824	0.30176	11433	0	0.73598	0.44658	1	0.65705	0.50636	1	0.69652	0.47647	1	0.48921	0.53867	12.52413	1.06647	1	0.75004	0.56134	12.52200	1.06647	1	-0.00329	-0.00978	0.68621	0.00382	1	0.06486	-0.01455	0.68546	0.00382	1	1.45898	0.81042	0	
1254431	8460.79004	3305407497481	0.69548	0.48788	8460.44824	0.30176	11433	0	0.73598	0.44658	1	0.65705	0.50636	1	0.69652	0.47647	1	0.48901	0.53867	12.59201	1.06647	1	0.75027	0.56178	13.08553	1.06647	1	-0.00336	-0.00967	0.67831	0.00356	1	0.06649	-0.01486	0.70259	0.00374	1	1.45898	0.81042	0	
1254432	8460.79688	3305407564635	0.69614	0.50003	8460.77637	0.02051	11434	1	0.73654	0.47339	1	0.65969	0.59953	1	0.69812	0.53646	1	0.48916	0.53898	12.63707	1.06647	1	0.75019	0.56215	13.38107	1.06647	1	-0.00336	-0.00967	0.67831	0.00362	1	0.06649	-0.01486	0.70259	0.00383	1	1.45898	0.81042	0	
1254433	8460.80371	3305407631230	0.69717	0.51147	8460.77637	0.02734	11434	1	0.73013	0.48569	1	0.67245	0.62881	1	0.70129	0.55725	1	0.48914	0.53895	12.57188	1.06647	1	0.75040	0.56232	12.97651	1.06647	1	-0.00336	-0.00967	0.67831	0.00362	1	0.06649	-0.01486	0.70259	0.00402	1	1.45898	0.81042	0	
1254434	8460.81055	3305407698320	0.69786	0.51910	8460.77637	0.03418	11434	1	0.73013	0.48569	1	0.67245	0.62881	1	0.70129	0.55725	1	0.48914	0.53888	12.40040	1.06647	1	0.75035	0.56228	13.13912	1.06647	1	-0.00336	-0.00967	0.67831	0.00360	1	0.06649	-0.01486	0.70259	0.00390	1	1.45898	0.81042	0	
1254435	8460.81738	3305407765282	0.69880	0.52033	8460.77637	0.04102	11434	1	0.74061	0.46466	1	0.66833	0.59083	1	0.70447	0.52775	1	0.48919	0.53893	12.53081	1.06647	1	0.75032	0.56202	13.06284	1.06647	1	-0.00336	-0.00967	0.67831	0.00361	1	0.06649	-0.01486	0.70259	0.00384	1	1.45898	0.81042	0	
1254436	8460.82324	3305407831951	0.69851	0.52246	8460.77637	0.04688	11434	1	0.73395	0.46688	1	0.65908	0.60779	1	0.69652	0.53734	1	0.48917	0.53883	12.48539	1.06647	1	0.75029	0.56211	13.06930	1.06647	1	-0.00336	-0.00967	0.67831	0.00363	1	0.06649	-0.01486	0.70259	0.00384	1	1.45898	0.81042	0	
1254437	8460.83008	3305407896826	0.69829	0.52411	8460.77637	0.05371	11434	1	0.73395	0.46688	1	0.65908	0.60779	1	0.69652	0.53734	1	0.48909	0.53875	12.19364	1.06647	1	0.74998	0.56192	13.08084	1.06647	1	-0.00336	-0.00967	0.67831	0.00356	1	0.06486	-0.01455	0.68546	0.00387	1	1.45898	0.81042	0	
1254438	8460.83691	3305407966202	0.69714	0.52285	8460.77637	0.06055	11434	1	0.72810	0.43669	1	0.64549	0.58620	1	0.68679	0.51144	1	0.48902	0.53852	11.92007	1.06647	1	0.74992	0.56200	13.11442	1.06647	1	-0.00336	-0.00967	0.67831	0.00356	1	0.06486	-0.01455	0.68546	0.00391	1	1.45898	0.81042	0	
1254439	8460.84375	3305408033169	0.69648	0.52301	8460.77637	0.06738	11434	1	0.70809	0.47083	1	0.67157	0.57842	1	0.68983	0.52462	1	0.48888	0.53883	12.75615	1.06647	1	0.75034	0.56198	13.16959	1.06647	1	-0.00336	-0.00967	0.67831	0.00361	1	0.06486	-0.01455	0.68546	0.00383	1	1.45898	0.81042	0	
1254440	8460.85059	3305408100197	0.69592	0.52314	8460.77637	0.07422	11434	1	0.70809	0.47083	1	0.67157	0.57842	1	0.68983	0.52462	1	0.48914	0.53882	12.49535	1.06647	1	0.75002	0.56184	13.29611	1.06647	1	-0.00339	-0.00982	0.68566	0.00365	1	0.06486	-0.01455	0.68546	0.00380	1	1.45898	0.81042	0	
1254441	8460.85742	3305408167203	0.69624	0.52544	8460.77637	0.08105	11434	1	0.73940	0.46747	1	0.66069	0.63856	1	0.70004	0.55302	1	0.48923	0.53878	12.20985	1.06647	1	0.75020	0.56255	13.63439	1.06647	1	-0.00339	-0.00982	0.68566	0.00369	1	0.06486	-0.01455	0.68546	0.00394	1	1.45898	0.81042	0	
1254442	8460.86328	3305408231773	0.69695	0.52664	8460.77637	0.08691	11434	1	0.74749	0.48210	1	0.66484	0.60246	1	0.70616	0.54228	1	0.48924	0.53898	12.28807	1.06647	1	0.75031	0.56212	13.52545	1.06647	1	-0.00339	-0.00982	0.68566	0.00363	1	0.06486	-0.01455	0.68546	0.00379	1	1.45898	0.81042	0	
1254443	8460.87012	3305408300722	0.69756	0.52768	8460.77637	0.09375	11434	1	0.74749	0.48210	1	0.66484	0.60246	1	0.70616	0.54228	1	0.48925	0.53783	11.94741	1.06647	1	0.75026	0.56224	13.26716	1.06647	1	-0.00339	-0.00982	0.68566	0.00398	1	0.06486	-0.01455	0.68546	0.00393	1	1.45898	0.81042	0	
1254444	8460.87695	3305408367988	0.69740	0.52952	8460.77637	0.10059	11434	1	0.72225	0.47267	1	0.66773	0.64135	1	0.69499	0.55701	1	0.48891	0.53894	12.76748	1.06647	1	0.75038	0.56254	13.35793	1.06647	1	-0.00339	-0.00982	0.68566	0.00360	1	0.06486	-0.01455	0.68546	0.00396	1	1.45898	0.81042	0	
1254445	8460.88379	3305408434840	0.69759	0.52929	8460.77637	0.10742	11434	1	0.73478	0.44136	1	0.66629	0.60980	1	0.70054	0.52558	1	0.48882	0.53857	12.36061	1.06647	1	0.75033	0.56238	13.33151	1.06647	1	-0.00339	-0.00982	0.68566	0.00371	1	0.06486	-0.01455	0.68546	0.00394	1	1.45898	0.81042	0	
1254446	8460.89062	3305408502119	0.69775	0.52908	8460.77637	0.11426	11434	1	0.73478	0.44136	1	0.66629	0.60980	1	0.70054	0.52558	1	0.48893	0.53883	12.65049	1.06647	1	0.75015	0.56241	13.62122	1.06647	1	-0.00339	-0.00982	0.68566	0.00367	1	0.06486	-0.01455	0.68546	0.00390	1	1.45898	0.81042	0	
1254447	8460.89746	3305408567680	0.69773	0.52938	8460.77637	0.12109	11434	1	0.73313	0.47649	1	0.66152	0.59301	1	0.69732	0.53475	1	0.48911	0.53908	12.42881	1.06647	1	0.75023	0.56256	13.58157	1.06647	1	-0.00339	-0.00982	0.68566	0.00359	1	0.06486	-0.01455	0.68546	0.00400	1	1.45898	0.81042	0	
1254448	8460.90430	3305408636364	0.69734	0.52768	8460.77637	0.12793	11434	1	0.72439	0.44082	1	0.65543	0.54986	1	0.68991	0.49534	1	0.48902	0.53857	12.01356	1.06647	1	0.75010	0.56209	13.51682	1.06647	1	-0.00339	-0.00982	0.68566	0.00368	1	0.06486	-0.01455	0.68546	0.00380	1	1.45898	0.81042	0	
1254449	8460.91016	3305408701367	0.69690	0.52650	8460.77637	0.13379	11434	1	0.72390	0.44630	1	0.65228	0.55961	1	0.68809	0.50296	1	0.48960	0.53933	12.89820	1.05845	1	0.75086	0.56216	12.63845	1.05079	1	-0.00320	-0.00946	0.65698	0.00352	1	0.06192	-0.01388	0.65382	0.00390	1	1.45898	0.81042	0	
1254450	8460.91699	3305408769621	0.69803	0.52692	8460.77637	0.14062	11434	1	0.73605	0.46867	1	0.70754	0.60271	1	0.72179	0.53569	1	0.48959	0.53873	12.75618	1.04277	1	0.75110	0.56239	12.43149	1.03512	1	-0.00320	-0.00946	0.65698	0.00362	1	0.06192	-0.01388	0.65382	0.00392	1	1.45898	0.81042	0	
1254451	8460.92383	3305408836830	0.69899	0.52755	8460.77637	0.14746	11434	1	0.74190	0.45290	1	0.69837	0.63009	1	0.72014	0.54149	1	0.48977	0.53886	12.45892	1.02710	1	0.75103	0.56266	12.27865	1.01944	1	-0.00320	-0.00946	0.65698	0.00360	1	0.06192	-0.01388	0.65382	0.00401	1	1.45898	0.81042	0	
1254452	8460.93066	3305408904096	0.69986	0.52824	8460.77637	0.15430	11434	1	0.74129	0.45824	1	0.69837	0.63009	1	0.71983	0.54416	1	0.48966	0.53878	12.90072	1.01944	1	0.75076	0.56264	12.90249	1.01944	1	-0.00329	-0.00993	0.68621	0.00371	1	0.06452	-0.01445	0.68071	0.00384	1	1.45898	0.81042	0	
1254453	8460.93750	3305408967380	0.70016	0.52911	8460.77637	0.16113	11434	1	0.73525	0.48985	1	0.67962	0.60984	1	0.70744	0.54984	1	0.48962	0.53878	12.86641	1.02746	1	0.75070	0.56255	12.59207	1.03512	1	-0.00329	-0.00993	0.68621	0.00359	1	0.06452	-0.01445	0.68071	0.00384	1	1.45898	0.81042	0	
1254454	8460.94434	3305409037826	0.70113	0.53056	8460.77637	0.16797	11434	1	0.74496	0.52132	1	0.70562	0.61262	1	0.72529	0.56697	1	0.48969	0.53932	12.74752	1.04313	1	0.75098	0.56266	12.54679	1.05079	1	-0.00329	-0.00993	0.68621	0.00341	1	0.06452	-0.01445	0.68071	0.00381	1	1.45898	0.81042	0	
1254455	8460.95117	3305409104445	0.70207	0.53174	8460.77637	0.17480	11434	1	0.74559	0.51656	1	0.70754	0.60822	1	0.72656	0.56239	1	0.48966	0.53928	12.70461	1.05079	1	0.75093	0.56292	12.92100	1.05845	1	-0.00320	-0.00946	0.65698	0.00341	1	0.06528	-0.01467	0.68876	0.00381	1	1.45898	0.81042	0	
1254456	8460.95703	3305409170316	0.70296	0.53227	8460.77637	0.18066	11434	1	0.73252	0.49417	1	0.72158	0.59882	1	0.72705	0.54650	1	0.48960	0.53895	12.83775	1.05043	1	0.75132	0.56256	12.67729	1.05043	1	-0.00320	-0.00946	0.65698	0.00351	1	0.06528	-0.01467	0.68876	0.00391	1	1.45898	0.81042	0	
1254457	8460.96387	3305409238616	0.70383	0.53142	8460.77637	0.18750	11434	1	0.73392	0.44258	1	0.72229	0.57270	1	0.72810	0.50764	1	0.48964	0.53885	12.81948	1.04242	1	0.75128	0.56221	13.02722	1.04242	1	-0.00320	-0.00946	0.65698	0.00357	1	0.06528	-0.01467	0.68876	0.00393	1	1.45898	0.81042	0	
1254458	8460.97070	3305409306761	0.70456	0.53088	8460.77637	0.19434	11434	1	0.73335	0.44817	1	0.71808	0.58240	1	0.72571	0.51528	1	0.48966	0.53932	12.71946	1.03440	1	0.75097	0.56226	12.42273	1.02674	1	-0.00320	-0.00946	0.65698	0.00344	1	0.06260	-0.01416	0.66003	0.00374	1	1.45898	0.81042	0	
1254459	8460.97754	3305409372825	0.70545	0.53120	8460.77637	0.20117	11434	1	0.75086	0.49063	1	0.71353	0.59111	1	0.73220	0.54087	1	0.48978	0.53934	12.54563	1.02674	1	0.75128	0.56255	12.89203	1.01908	1	-0.00320	-0.00946	0.65698	0.00363	1	0.06260	-0.01416	0.66003	0.00376	1	1.45898	0.81042	0	
1254460	8460.98438	3305409439573	0.70594	0.53185	8460.77637	0.20801	11434	1	0.73923	0.54544	1	0.70284	0.55853	1	0.72103	0.55198	1	0.48968	0.53952	12.72959	1.01908	1	0.75108	0.56228	12.14776	1.01142	1	-0.00320	-0.00946	0.65698	0.00353	1	0.06260	-0.01416	0.66003	0.00376	1	1.45898	0.81042	0	
1254461	8460.99121	3305409506663	0.70636	0.53261	8460.77637	0.21484	11434	1	0.73861	0.55013	1	0.70087	0.56351	1	0.71974	0.55682	1	0.48966	0.53932	12.71946	1.01142	1	0.75131	0.56292	12.52257	1.00376	1	-0.00320	-0.00946	0.65698	0.00343	1	0.06260	-0.01416	0.66003	0.00386	1	1.45898	0.81042	0	
1254462	8460.99805	3305409573793	0.70671	0.53392	8460.77637	0.22168	11434	1	0.72355	0.50255	1	0.71325	0.65162	1	0.71840	0.57709	1	0.48951	0.53917	12.99473	1.00376	1	0.75130	0.56332	12.67514	1.00376	1	-0.00320	-0.00946	0.65698	0.00341	1	0.06260	-0.01416	0.66003	0.00377	1	1.45898	0.81042	0	
1254463	8461.00488	3305409640661	0.70728	0.53514	8460.77637	0.22852	11434	1	0.73797	0.50585	1	0.71566	0.64744	1	0.72681	0.57665	1	0.48969	0.53932	12.74752	1.00376	1	0.75141	0.56317	12.52445	1.00376	1	-0.00320	-0.00946	0.65698	0.00341	1	0.06260	-0.01416	0.66003	0.00376	1	1.45898	0.81042	0	
1254464	8461.01172	3305409707989	0.70783	0.53629	8460.77637	0.23535	11434	1	0.73797	0.50585	1	0.71566	0.64744	1	0.72681	0.57665	1	0.48970	0.53941	12.78200	1.00376	1	0.75137	0.56297	12.56007	1.00376	1	-0.00325	-0.00965	0.66661	0.00344	1	0.06297	-0.01419	0.66385	0.00373	1	1.45898	0.81042	0	
1254465	8461.01758	3305409774455	0.70821	0.53758	8460.77637	0.24121	11434	1	0.73148	0.50031	1	0.71254	0.66771	1	0.72201	0.58401	1	0.48962	0.53924	12.58003	1.00376	1	0.75135	0.56302	12.63498	1.00376	1	-0.00325	-0.00965	0.66661	0.00342	1	0.06297	-0.01419	0.66385	0.00371	1	1.45898	0.81042	0	
1254466	8461.02441	3305409842395	0.70862	0.53852	8460.77637	0.24805	11434	1	0.73616	0.53227	1	0.71164	0.61420	1	0.72390	0.57324	1	0.48970	0.53957	12.70122	1.00376	1	0.75136	0.56273	12.33251	1.00376	1	-0.00325	-0.00965	0.66661	0.00351	1	0.06297	-0.01419	0.66385	0.00369	1	1.45898	0.81042	0	
1254467	8461.03125	3305409909438	0.70905	0.53928	8460.77637	0.25488	11434	1	0.73679	0.52718	1	0.71380	0.60939	1	0.72530	0.56829	1	0.48962	0.53950	12.35754	1.01178	1	0.75136	0.56273	12.33251	1.01178	1	-0.00338	-0.00988	0.68221	0.00350	1	0.06297	-0.01419	0.66385	0.00369	1	1.45898	0.81042	0	
1254468	8461.03809	3305409975372	0.70952	0.54022	8460.77637	0.26172	11434	1	0.73488	0.51168	1	0.72117	0.64188	1	0.72803	0.57678	1	0.48964	0.53948	12.39107	1.01980	1	0.75134	0.56266	12.63455	1.01980	1	-0.00338	-0.00988	0.68221	0.00352	1	0.06297	-0.01419	0.66385	0.00376	1	1.45898	0.81042	0	
1254469	8461.04492	3305410042375	0.72402	0.56653	8460.77637	0.26172	11434	0	0.74713	0.54757	1	0.68940	0.65380	1	0.71827	0.60069	1	0.48967	0.53941	12.36552	1.02781	1	0.75083	0.56291	11.92821	1.02781	1	-0.00338	-0.00988	0.68221	0.00353	1	0.06297	-0.01419	0.66385	0.00375	1	1.45898	0.81042	0	
1254470	8461.05176	3305410110185	0.72226	0.58026	8460.77637	0.26172	11434	0	0.74783	0.54272	1	0.69319	0.64526	1	0.72051	0.59399	1	0.48931	0.53924	12.01306	1.03583	1	0.75085	0.56282	12.57269	1.04349	1	-0.00338	-0.00988	0.68221	0.00351	1	0.06528	-0.01467	0.68876	0.00379	1	1.45898	0.81042	0	
1254471	8461.05859	3305410176329	0.72017	0.57839	8460.77637	0.26172	11434	0	0.74029	0.50896	1	0.69169	0.64037	1	0.71599	0.57467	1	0.48926	0.53921	12.11790	1.04349	1	0.75078	0.56288	12.71643	1.05115	1	-0.00338	-0.00988	0.68221	0.00348	1	0.06528	-0.01467	0.68876	0.00377	1	1.45898	0.81042	0	
1254472	8461.06445	3305410243547	0.71850	0.56936	8461.04492	0.01953	11435	1	0.72710	0.46614	1	0.69987	0.61836	1	0.71349	0.54225	1	0.48918	0.53906	11.72505	1.05115	1	0.75085	0.56269	12.60530	1.05881	1	-0.00338	-0.00988	0.68221	0.00351	1	0.06528	-0.01467	0.68876	0.00381	1	1.45898	0.81042	0	
1254473	8461.07129	3305410310380	0.71755	0.56342	8461.04492	0.02637	11435	1	0.72760	0.46102	1	0.69987	0.61836	1	0.71373	0.53969	1	0.48938	0.53948	11.88523	1.05881	1	0.75077	0.56270	12.52711	1.05881	1	-0.00338	-0.00988	0.68221	0.00344	1	0.06192	-0.01388	0.65382	0.00381	1	1.45898	0.81042	0	
1254474	8461.07812	3305410377916	0.71587	0.56490	8461.04492	0.03320	11435	1	0.75106	0.53253	1	0.66388	0.61199	1	0.70747	0.57226	1	0.48938	0.53948	11.88523	1.05881	1	0.75042	0.56276	12.47173	1.05115	1	-0.00338	-0.00988	0.68221	0.00345	1	0.06192	-0.01388	0.65382	0.00375	1	1.45898	0.81042	0	
1254475	8461.08496	3305410442962	0.71569	0.56739	8461.04492	0.04004	11435	1	0.75368	0.53143	1	0.67564	0.63333	1	0.71466	0.58238	1	0.48938	0.53947	11.86127	1.05115	1	0.75064	0.56274	12.05039	1.04349	1	-0.00338	-0.00988	0.68221	0.00344	1	0.06192	-0.01388	0.65382	0.00373	1	1.45898	0.81042	0	
1254476	8461.09180	3305410511459	0.71552	0.56956	8461.04492	0.04688	11435	1	0.75299	0.53608	1	0.67564	0.63333	1	0.71431	0.58470	1	0.48940	0.53948	11.67077	1.04349	1	0.75071	0.56263	11.90265	1.04349	1	-0.00338	-0.00988	0.68221	0.00349	1	0.06486	-0.01455	0.68546	0.00379	1	1.45898	0.81042	0	
1254477	8461.09863	3305410577371	0.71598	0.57019	8461.04492	0.05371	11435	1	0.75747	0.52210	1	0.68184	0.62841	1	0.71966	0.57526	1	0.48949	0.53930	11.59914	1.04349	1	0.75069	0.56279	12.17424	1.05115	1	-0.00338	-0.00988	0.68221	0.00370	1	0.06486	-0.01455	0.68546	0.00376	1	1.45898	0.81042	0	
1254478	8461.10449	3305410642361	0.71684	0.56751	8461.04492	0.05957	11435	1	0.76584	0.45758	1	0.68339	0.62919	1	0.72461	0.54339	1	0.48926	0.53918	11.40694	1.05115	1	0.75068	0.56272	12.01116	1.05881	1	-0.00338	-0.00988	0.68221	0.00348	1	0.06486	-0.01455	0.68546	0.00376	1	1.45898	0.81042	0	
1254479	8461.11133	3305410712924	0.71766	0.56489	8461.04492	0.06641	11435	1	0.76659	0.45240	1	0.68514	0.62496	1	0.72587	0.53868	1	0.48930	0.53921	11.09000	1.05881	1	0.75044	0.56283	12.21760	1.06647	1	-0.00338	-0.00988	0.68221	0.00351	1	0.06486	-0.01455	0.68546	0.00384	1	1.45898	0.81042	0	
1254480	8461.11816	3305410777202	0.71762	0.56173	8461.04492	0.07324	11435	1	0.75964	0.49891	1	0.67458	0.55513	1	0.71711	0.52702	1	0.48915	0.53912	11.72160	1.06647	1	0.75047	0.56221	11.42393	1.06647	1	-0.00338	-0.00988	0.68221	0.00346	1	0.06486	-0.01455	0.68546	0.00417	1	1.45898	0.81042	0	
1254481	8461.12500	3305410844225	0.71689	0.56193	8461.04492	0.08008	11435	1	0.74341	0.49326	1	0.67295	0.63543	1	0.70818	0.56434	1	0.48931	0.53932	11.21477	1.06647	1	0.75048	0.56293	11.61619	1.06647	1	-0.00338	-0.00988	0.68221	0.00353	1	0.06486	-0.01455	0.68546	0.00391	1	1.45898	0.81042	0	
1254482	8461.13184	3305410913942	0.71627	0.56211	8461.04492	0.08691	11435	1	0.74341	0.49326	1	0.67295	0.63543	1	0.70818	0.56434	1	0.48946	0.53982	11.94787	1.06647	1	0.75068	0.56320	11.31776	1.06647	1	-0.00335	-0.00984	0.67616	0.00344	1	0.06486	-0.01465	0.68546	0.00388	1	1.45898	0.81042	0	
1254483	8461.13770	3305410973508	0.72019	0.55399	8461.04492	0.09277	11435	1	0.76545	0.50806	1	0.78456	0.37268	1	0.77501	0.44037	1	0.48970	0.54036	11.53215	1.06647	1	0.75207	0.56060	10.73546	1.06647	1	-0.00335	-0.00984	0.67616	0.00355	1	0.06486	-0.01465	0.68546	0.00247	1	1.45898	0.81042	0	
1254484	8461.14551	3305411046219	0.72378	0.54792	8461.04492	0.10059	11435	1	0.77159	0.53811	1	0.78386	0.37563	1	0.77773	0.45687	1	0.48980	0.54058	11.59613	1.06647	1	0.75214	0.56075	10.95387	1.06647	1	-0.00335	-0.00984	0.67616	0.00360	1	0.06486	-0.01465	0.68546	0.00251	1	1.45898	0.81042	0	
1254485	8461.15137	3305411111130	0.72686	0.54289	8461.04492	0.10645	11435	1	0.77076	0.54285	1	0.78133	0.38204	1	0.77604	0.46244	1	0.48923	0.54012	11.14123	1.05845	1	0.75093	0.56421	12.16419	1.05845	1	-0.00325	-0.00975	0.66661	0.00356	1	0.06452	-0.01465	0.68071	0.00383	1	1.45898	0.81042	0	
1254486	8461.15820	3305411178624	0.72615	0.54418	8461.04492	0.11328	11435	1	0.73655	0.44819	1	0.69173	0.68379	1	0.71414	0.56599	1	0.48926	0.53986	10.89345	1.05043	1	0.75081	0.56391	11.90926	1.05043	1	-0.00325	-0.00975	0.66661	0.00359	1	0.06452	-0.01465	0.68071	0.00360	1	1.45898	0.81042	0	
1254487	8461.16504	3305411248224	0.72840	0.54284	8461.04492	0.12012	11435	1	0.74975	0.56584	1	0.78811	0.47192	1	0.76893	0.51888	1	0.48933	0.54017	11.24204	1.04242	1	0.75228	0.56143	10.61686	1.04242	1	-0.00325	-0.00975	0.66661	0.00352	1	0.06452	-0.01465	0.68071	0.00242	1	1.45898	0.81042	0	
1254488	8461.17188	3305411315235	0.73034	0.54191	8461.04492	0.12695	11435	1	0.74904	0.57049	1	0.78547	0.47771	1	0.76726	0.52410	1	0.48935	0.54050	12.11354	1.03440	1	0.75240	0.56140	10.86465	1.03440	1	-0.00325	-0.00975	0.66661	0.00339	1	0.06435	-0.01456	0.67891	0.00243	1	1.45898	0.81042	0	
1254489	8461.17871	3305411382033	0.73183	0.54093	8461.04492	0.13379	11435	1	0.74401	0.58022	1	0.77897	0.46273	1	0.76149	0.52148	1	0.48925	0.54037	11.56289	1.03440	1	0.75236	0.56131	10.83629	1.03440	1	-0.00325	-0.00975	0.66661	0.00342	1	0.06435	-0.01456	0.67891	0.00241	1	1.45898	0.81042	0	
1254490	8461.18555	3305411449172	0.74631	0.51699	8461.04492	0.13379	11435	0	0.72610	0.57092	1	0.78543	0.46786	1	0.75576	0.51939	1	0.48903	0.54034	11.80049	1.03440	1	0.75236	0.56147	11.05634	1.03440	1	-0.00325	-0.00975	0.66661	0.00345	1	0.06435	-0.01456	0.67891	0.00242	1	1.45898	0.81042	0	
1254491	8461.19238	3305411514237	0.75104	0.51819	8461.04492	0.13379	11435	0	0.72610	0.57092	1	0.78543	0.46786	1	0.75576	0.51939	1	0.48926	0.54056	11.30065	1.03440	1	0.75240	0.56151	11.12047	1.03440	1	-0.00302	-0.00901	0.61897	0.00344	1	0.06435	-0.01456	0.67891	0.00239	1	1.45898	0.81042	0	
1254492	8461.19922	3305411583398	0.75573	0.50867	8461.04492	0.13379	11435	0	0.74126	0.50709	1	0.78896	0.47218	1	0.76511	0.48963	1	0.48932	0.54010	10.89781	1.03440	1	0.75246	0.56140	10.37036	1.03440	1	-0.00302	-0.00901	0.61897	0.00357	1	0.06435	-0.01456	0.67891	0.00241	1	1.45898	0.81042	0	
1254493	8461.20508	3305411649969	0.75255	0.53655	8461.18555	0.01953	11436	1	0.76717	0.55958	1	0.71886	0.68081	1	0.74302	0.62020	1	0.48964	0.54051	10.43720	1.03440	1	0.75128	0.56359	12.07539	1.03440	1	-0.00302	-0.00901	0.61897	0.00359	1	0.06435	-0.01456	0.67891	0.00346	1	1.45898	0.81042	0	
1254494	8461.21191	3305411717105	0.75088	0.55283	8461.18555	0.02637	11436	1	0.76717	0.55958	1	0.72119	0.67633	1	0.74418	0.61796	1	0.48989	0.54099	11.05446	1.03440	1	0.75240	0.56130	10.84010	1.04308	1	-0.00325	-0.00975	0.66661	0.00367	1	0.06584	-0.01489	0.69413	0.00236	1	1.45898	0.81042	0	
1254495	8461.21875	3305411783948	0.75727	0.54316	8461.18555	0.03320	11436	1	0.79312	0.55525	1	0.78533	0.43429	1	0.78922	0.49477	1	0.49005	0.54071	11.45321	1.04308	1	0.75232	0.56117	10.71096	1.05176	1	-0.00325	-0.00975	0.66661	0.00350	1	0.06584	-0.01489	0.69413	0.00245	1	1.45898	0.81042	0	
1254496	8461.22461	3305411844620	0.76239	0.53713	8461.18555	0.03906	11436	1	0.79593	0.55723	1	0.79035	0.44465	1	0.79314	0.50094	1	0.49007	0.54026	10.91849	1.05176	1	0.75233	0.56125	10.61913	1.06044	1	-0.00325	-0.00975	0.66661	0.00352	1	0.06584	-0.01489	0.69413	0.00244	1	1.45898	0.81042	0	
1254497	8461.23242	3305411918956	0.76671	0.53123	8461.18555	0.04688	11436	1	0.79804	0.54753	1	0.79577	0.43234	1	0.79691	0.48993	1	0.48999	0.54020	10.98771	1.06846	1	0.75247	0.56135	10.77364	1.07714	1	-0.00329	-0.00998	0.68621	0.00349	1	0.06584	-0.01489	0.69413	0.00236	1	1.45898	0.81042	0	
1254498	8461.23926	3305411983462	0.77044	0.52509	8461.18555	0.05371	11436	1	0.78257	0.53661	1	0.81806	0.41545	1	0.80031	0.47603	1	0.49023	0.54030	11.29984	1.08516	1	0.75256	0.56125	10.38051	1.08516	1	-0.00329	-0.00998	0.68621	0.00355	1	0.06584	-0.01489	0.69413	0.00243	1	1.45898	0.81042	0	
1254499	8461.24609	3305412051723	0.77311	0.51829	8461.18555	0.06055	11436	1	0.79887	0.51436	1	0.79547	0.39976	1	0.79717	0.45706	1	0.49000	0.53997	10.74760	1.09317	1	0.75253	0.56128	10.10872	1.09317	1	-0.00329	-0.00998	0.68621	0.00352	1	0.06584	-0.01489	0.69413	0.00243	1	1.45898	0.81042	0	
1254500	8461.25195	3305412119164	0.77552	0.51197	8461.18555	0.06641	11436	1	0.80097	0.50414	1	0.79816	0.39337	1	0.79956	0.44876	1	0.48997	0.53999	10.82271	1.11028	1	0.75256	0.56104	10.10450	1.10159	1	-0.00331	-0.01020	0.70075	0.00347	1	0.06435	-0.01456	0.67891	0.00245	1	1.45898	0.81042	0	
1254501	8461.25879	3305412186067	0.77635	0.50981	8461.18555	0.07324	11436	1	0.77205	0.56207	1	0.79890	0.41002	1	0.78547	0.48605	1	0.48997	0.54078	10.97184	1.11068	1	0.75267	0.56119	10.10230	1.10200	1	-0.00331	-0.01020	0.70075	0.00366	1	0.06435	-0.01456	0.67891	0.00249	1	1.45898	0.81042	0	
1254502	8461.26562	3305412252652	0.77675	0.50506	8461.18555	0.08008	11436	1	0.76151	0.50161	1	0.80156	0.39451	1	0.78154	0.44806	1	0.48987	0.54051	10.82579	1.11109	1	0.75264	0.56105	10.28685	1.10240	1	-0.00331	-0.01020	0.70075	0.00347	1	0.06435	-0.01456	0.67891	0.00246	1	1.45898	0.81042	0	
1254503	8461.27246	3305412320022	0.77719	0.50073	8461.18555	0.08691	11436	1	0.76155	0.50137	1	0.80448	0.38763	1	0.78301	0.44450	1	0.48996	0.54042	10.73612	1.11149	1	0.75268	0.56129	9.82853	1.11149	1	-0.00336	-0.01041	0.71151	0.00355	1	0.06584	-0.01489	0.69413	0.00244	1	1.45898	0.81042	0	
1254504	8461.27930	3305412387134	0.77754	0.49804	8461.18555	0.09375	11436	1	0.76316	0.55535	1	0.80174	0.36539	1	0.78245	0.46037	1	0.49019	0.54061	11.49454	1.11149	1	0.75256	0.56109	10.05610	1.12017	1	-0.00336	-0.01041	0.71151	0.00337	1	0.06584	-0.01489	0.69413	0.00245	1	1.45898	0.81042	0	
1254505	8461.28613	3305412453495	0.77719	0.49353	8461.18555	0.10059	11436	1	0.73526	0.49213	1	0.80852	0.35964	1	0.77189	0.42589	1	0.48989	0.54041	11.03030	1.12017	1	0.75256	0.56108	9.98574	1.12885	1	-0.00336	-0.01041	0.71151	0.00342	1	0.06584	-0.01489	0.69413	0.00247	1	1.45898	0.81042	0	
1254506	8461.29297	3305412520949	0.78759	0.46349	8461.18555	0.10059	11436	0	0.73523	0.49238	1	0.80562	0.36665	1	0.77042	0.42951	1	0.48983	0.54018	10.84379	1.11977	1	0.75284	0.56111	9.61875	1.11977	1	-0.00318	-0.00997	0.68507	0.00332	1	0.06421	-0.01451	0.67644	0.00238	1	1.45898	0.81042	0	
1254507	8461.29883	3305412587894	0.77996	0.44975	8461.18555	0.10059	11436	0	0.73241	0.47848	1	0.81224	0.39356	1	0.77232	0.43602	1	0.48980	0.54006	11.00955	1.11068	1	0.75277	0.56117	9.86774	1.10200	1	-0.00318	-0.00997	0.68507	0.00326	1	0.06421	-0.01451	0.67644	0.00259	1	1.45898	0.81042	0	
1254508	8461.30566	3305412654518	0.77483	0.45842	8461.18555	0.10059	11436	0	0.73448	0.52189	1	0.79469	0.42964	1	0.76459	0.47576	1	0.48982	0.54010	10.96988	1.09291	1	0.75295	0.56136	9.92618	1.08423	1	-0.00318	-0.00997	0.68507	0.00324	1	0.06421	-0.01451	0.67644	0.00244	1	1.45898	0.81042	0	
1254509	8461.31250	3305412721773	0.77140	0.46571	8461.29297	0.01953	11437	1	0.73323	0.53243	1	0.78898	0.44270	1	0.76111	0.48757	1	0.49011	0.54016	11.18473	1.07515	1	0.75311	0.56145	10.03444	1.06647	1	-0.00313	-0.00984	0.67268	0.00325	1	0.06421	-0.01451	0.67644	0.00248	1	1.45898	0.81042	0	
1254510	8461.31934	3305412785395	0.77151	0.46717	8461.29297	0.02637	11437	1	0.75127	0.50980	1	0.79259	0.43622	1	0.77193	0.47301	1	0.49015	0.54038	11.37583	1.06647	1	0.75306	0.56135	10.15571	1.06647	1	-0.00313	-0.00984	0.67268	0.00320	1	0.06421	-0.01451	0.67644	0.00250	1	1.45898	0.81042	0	
1254511	8461.32617	3305412854962	0.76943	0.47272	8461.29297	0.03320	11437	1	0.73393	0.55475	1	0.78411	0.44620	1	0.75902	0.50048	1	0.48986	0.54026	12.08224	1.06647	1	0.75301	0.56141	10.28392	1.06647	1	-0.00313	-0.00984	0.67268	0.00309	1	0.06421	-0.01451	0.67644	0.00241	1	1.45898	0.81042	0	
1254512	8461.33301	3305412922978	0.76777	0.47709	8461.29297	0.04004	11437	1	0.73393	0.55475	1	0.78168	0.45180	1	0.75781	0.50327	1	0.49019	0.54046	11.76464	1.06647	1	0.75327	0.56135	10.00164	1.05881	1	-0.00313	-0.00984	0.67268	0.00313	1	0.06204	-0.01401	0.65310	0.00246	1	1.45898	0.81042	0	
1254513	8461.33984	3305412989792	0.76899	0.47924	8461.29297	0.04688	11437	1	0.75489	0.52513	1	0.80015	0.46347	1	0.77752	0.49430	1	0.49028	0.54086	11.59879	1.05881	1	0.75327	0.56142	10.03678	1.05115	1	-0.00313	-0.00984	0.67268	0.00331	1	0.06204	-0.01401	0.65310	0.00245	1	1.45898	0.81042	0	
1254514	8461.34570	3305413056295	0.76850	0.48420	8461.29297	0.05273	11437	1	0.73693	0.57176	1	0.79235	0.47608	1	0.76464	0.52392	1	0.48999	0.54036	11.97651	1.05115	1	0.75332	0.56155	10.00795	1.04349	1	-0.00313	-0.00984	0.67268	0.00315	1	0.06204	-0.01401	0.65310	0.00241	1	1.45898	0.81042	0	
1254515	8461.35254	3305413123549	0.76796	0.48867	8461.29297	0.05957	11437	1	0.73635	0.57613	1	0.78981	0.48158	1	0.76308	0.52885	1	0.49036	0.54022	10.58987	1.04349	1	0.75312	0.56068	9.89560	1.03583	1	-0.00313	-0.00974	0.67268	0.00341	1	0.06204	-0.01401	0.65310	0.00253	1	1.45898	0.81042	0	
1254516	8461.35938	3305413190990	0.76720	0.48809	8461.29297	0.06641	11437	1	0.74345	0.55339	1	0.77574	0.41123	1	0.75959	0.48231	1	0.48998	0.53979	11.07872	1.03583	1	0.75296	0.56078	10.43675	1.03583	1	-0.00313	-0.00974	0.67268	0.00335	1	0.06204	-0.01401	0.65310	0.00237	1	1.45898	0.81042	0	
1254517	8461.36621	3305413258406	0.76659	0.48935	8461.29297	0.07324	11437	1	0.72887	0.55086	1	0.79101	0.45559	1	0.75994	0.50323	1	0.49020	0.53962	10.83769	1.03583	1	0.75309	0.56072	10.18223	1.03583	1	-0.00313	-0.00974	0.67268	0.00342	1	0.06204	-0.01401	0.65310	0.00229	1	1.45898	0.81042	0	AUDIO_FILE_OFFSET
1254518	8461.37305	3305413325550	0.76606	0.49061	8461.29297	0.08008	11437	1	0.72831	0.55566	1	0.79089	0.45586	1	0.75960	0.50576	1	0.49035	0.53935	10.83516	1.02781	1	0.75297	0.56012	9.97899	1.03547	1	-0.00304	-0.00947	0.66429	0.00378	1	0.06380	-0.01424	0.67107	0.00228	1	1.45898	0.81042	0	
1254519	8461.37988	3305413391520	0.76540	0.48832	8461.29297	0.08691	11437	1	0.73013	0.52800	1	0.78356	0.38914	1	0.75685	0.45857	1	0.49034	0.53927	10.69702	1.02746	1	0.75302	0.56009	9.67177	1.03512	1	-0.00304	-0.00947	0.66429	0.00375	1	0.06380	-0.01424	0.67107	0.00230	1	1.45898	0.81042	0	
1254520	8461.38672	3305413458387	0.76488	0.48733	8461.29297	0.09375	11437	1	0.73434	0.54024	1	0.78084	0.40652	1	0.75759	0.47338	1	0.49032	0.53928	10.79304	1.02710	1	0.75295	0.56017	9.40743	1.03476	1	-0.00304	-0.00947	0.66429	0.00370	1	0.06380	-0.01424	0.67107	0.00232	1	1.45898	0.81042	0	
1254521	8461.39258	3305413525638	0.76461	0.48590	8461.29297	0.09961	11437	1	0.73491	0.53554	1	0.78612	0.39356	1	0.76051	0.46455	1	0.49035	0.53922	11.30083	1.03476	1	0.75324	0.56010	9.45382	1.05110	1	-0.00298	-0.00978	0.68618	0.00345	1	0.06663	-0.01486	0.70024	0.00227	1	1.45898	0.81042	0	
1254522	8461.39941	3305413590147	0.76488	0.48283	8461.29297	0.10645	11437	1	0.75025	0.50693	1	0.78843	0.36029	1	0.76934	0.43361	1	0.49062	0.53914	11.06485	1.05911	1	0.75332	0.56006	9.67304	1.06779	1	-0.00298	-0.00978	0.68618	0.00344	1	0.06663	-0.01486	0.70024	0.00231	1	1.45898	0.81042	0	
1254523	8461.40625	3305413656518	0.76589	0.47974	8461.29297	0.11328	11437	1	0.76605	0.51308	1	0.79999	0.34124	1	0.78302	0.42716	1	0.49076	0.53942	10.99915	1.07581	1	0.75330	0.56015	9.39526	1.08449	1	-0.00298	-0.00978	0.68618	0.00343	1	0.06663	-0.01486	0.70024	0.00234	1	1.45898	0.81042	0	STOP_TRIAL
1254676	8462.43164	3305423907448	0.23617	0.43630	8462.28418	0.14746	11444	1	0.15011	0.31175	1	0.20721	0.58808	1	0.17866	0.44991	1	0.47185	0.53860	8.62585	1.04446	1	0.73500	0.56423	11.17527	1.06080	1	-0.00567	-0.00988	0.66876	0.00201	1	0.06341	-0.01496	0.69486	0.00385	1	1.45898	0.81042	0	
1254677	8462.43750	3305423975035	0.23348	0.43622	8462.28418	0.15332	11444	1	0.13967	0.29002	1	0.20371	0.57865	1	0.17169	0.43433	1	0.47639	0.54328	10.45982	1.06989	1	0.73768	0.56450	11.26163	1.07754	1	-0.00545	-0.01081	0.70627	0.00300	1	0.06277	-0.01495	0.68285	0.00306	1	1.45898	0.81042	0	START_TRIAL
1254678	8462.44434	3305424041648	0.23837	0.44152	8462.28418	0.16016	11444	1	0.39581	0.61320	1	0.31539	0.52417	1	0.35560	0.56868	1	0.47672	0.54369	10.02194	1.09465	1	0.73766	0.56467	10.29815	1.08597	1	-0.00545	-0.01081	0.70627	0.00341	1	0.06277	-0.01495	0.68285	0.00361	1	1.45898	0.81042	0	
1254679	8462.45117	3305424109103	0.24268	0.44703	8462.28418	0.16699	11444	1	0.37397	0.62381	1	0.32704	0.54577	1	0.35051	0.58479	1	0.47696	0.54369	10.44566	1.10307	1	0.73786	0.56496	11.19167	1.09439	1	-0.00545	-0.01081	0.70627	0.00315	1	0.06277	-0.01495	0.68285	0.00322	1	1.45898	0.81042	0	
1254680	8462.45801	3305424176371	0.25894	0.48163	8462.28418	0.16699	11444	0	0.37413	0.62415	1	0.32784	0.55068	1	0.35098	0.58742	1	0.47773	0.54436	10.60774	1.10241	1	0.73879	0.56596	9.85506	1.08607	1	-0.00506	-0.01048	0.67520	0.00296	1	0.06067	-0.01464	0.65948	0.00294	1	1.45898	0.81042	0	
1254681	8462.46484	3305424242694	0.33848	0.58356	8462.28418	0.16699	11444	0	0.43881	0.68331	1	0.39724	0.68770	1	0.41802	0.68550	1	0.47772	0.54445	10.32807	1.07698	1	0.73894	0.56621	10.30386	1.06932	1	-0.00506	-0.01048	0.67520	0.00286	1	0.06067	-0.01464	0.65948	0.00296	1	1.45898	0.81042	0	
1254682	8462.47168	3305424310093	0.37251	0.61968	8462.28418	0.16699	11444	0	0.47162	0.68689	1	0.40955	0.69692	1	0.44058	0.69191	1	0.47785	0.54444	10.03200	1.06023	1	0.73899	0.56623	10.39859	1.05258	1	-0.00506	-0.01048	0.67520	0.00292	1	0.06067	-0.01464	0.65948	0.00294	1	1.45898	0.81042	0	
1254683	8462.47852	3305424377038	0.43326	0.69037	8462.28418	0.16699	11444	0	0.47279	0.69046	1	0.40955	0.69692	1	0.44117	0.69369	1	0.47750	0.54457	9.48735	1.05258	1	0.73843	0.56618	11.12033	1.05258	1	-0.00541	-0.01108	0.71371	0.00288	1	0.06277	-0.01516	0.68285	0.00310	1	1.45898	0.81042	0	
1254684	8462.48438	3305424443250	0.41666	0.67936	8462.28418	0.16699	11444	0	0.44344	0.68399	1	0.35668	0.65271	1	0.40006	0.66835	1	0.47738	0.54429	10.15450	1.06166	1	0.73837	0.56612	11.01266	1.06932	1	-0.00541	-0.01108	0.71371	0.00286	1	0.06277	-0.01516	0.68285	0.00293	1	1.45898	0.81042	0	
1254685	8462.49121	3305424506866	0.41213	0.67807	8462.28418	0.16699	11444	0	0.42407	0.68131	1	0.38208	0.66969	1	0.40308	0.67550	1	0.47720	0.54439	9.57571	1.07841	1	0.73876	0.56619	11.24995	1.08607	1	-0.00541	-0.01108	0.71371	0.00294	1	0.06277	-0.01516	0.68285	0.00286	1	1.45898	0.81042	0	
1254686	8462.49805	3305424577895	0.40988	0.67747	8462.47852	0.01953	11445	1	0.42414	0.68147	1	0.38210	0.66987	1	0.40312	0.67567	1	0.47720	0.54471	10.55955	1.07805	1	0.73885	0.56626	11.38069	1.08571	1	-0.00512	-0.01029	0.66284	0.00283	1	0.06316	-0.01520	0.68702	0.00287	1	1.45898	0.81042	0	
1254687	8462.50488	3305424644301	0.41472	0.68074	8462.47852	0.02637	11445	1	0.43937	0.70058	1	0.42877	0.68706	1	0.43407	0.69382	1	0.47733	0.54467	10.22960	1.06861	1	0.73860	0.56622	10.92841	1.06861	1	-0.00512	-0.01029	0.66284	0.00281	1	0.06316	-0.01520	0.68702	0.00293	1	1.45898	0.81042	0	
1254688	8462.51172	3305424711363	0.41645	0.68340	8462.47852	0.03320	11445	1	0.44113	0.71551	1	0.40911	0.67793	1	0.42512	0.69672	1	0.47735	0.54472	10.87497	1.05150	1	0.73837	0.56609	10.75287	1.05150	1	-0.00512	-0.01029	0.66284	0.00277	1	0.06316	-0.01520	0.68702	0.00293	1	1.45898	0.81042	0	
1254689	8462.51758	3305424775671	0.41784	0.68619	8462.47852	0.03906	11445	1	0.44278	0.71953	1	0.40952	0.68622	1	0.42615	0.70288	1	0.47733	0.54437	9.71855	1.04242	1	0.73796	0.56608	10.05497	1.03476	1	-0.00537	-0.01069	0.68881	0.00284	1	0.06190	-0.01496	0.67393	0.00295	1	1.45898	0.81042	0	
1254690	8462.52441	3305424840744	0.42228	0.68905	8462.47852	0.04590	11445	1	0.53085	0.72664	1	0.37586	0.69163	1	0.45336	0.70914	1	0.47789	0.54488	10.19526	1.04277	1	0.73787	0.56617	10.19115	1.03512	1	-0.00537	-0.01069	0.68881	0.00316	1	0.06190	-0.01496	0.67393	0.00307	1	1.45898	0.81042	0	
1254691	8462.53125	3305424909930	0.42426	0.68967	8462.47852	0.05273	11445	1	0.49942	0.71205	1	0.38076	0.67710	1	0.44009	0.69458	1	0.47735	0.54473	10.25117	1.04313	1	0.73790	0.56617	10.07483	1.03547	1	-0.00537	-0.01069	0.68881	0.00292	1	0.06190	-0.01496	0.67393	0.00298	1	1.45898	0.81042	0	
1254692	8462.53809	3305424976988	0.42573	0.68952	8462.47852	0.05957	11445	1	0.49818	0.70782	1	0.37989	0.66852	1	0.43903	0.68817	1	0.47651	0.54479	10.13023	1.05258	1	0.73816	0.56592	10.35669	1.05258	1	-0.00543	-0.01071	0.68983	0.00288	1	0.06145	-0.01484	0.67062	0.00296	1	1.45898	0.81042	0	
1254693	8462.54492	3305425043325	0.42447	0.68739	8462.47852	0.06641	11445	1	0.42938	0.70645	1	0.39427	0.62568	1	0.41183	0.66607	1	0.47636	0.54456	9.81114	1.06166	1	0.73807	0.56568	10.40726	1.06932	1	-0.00543	-0.01071	0.68983	0.00297	1	0.06145	-0.01484	0.67062	0.00297	1	1.45898	0.81042	0	
1254694	8462.55176	3305425111985	0.42446	0.68804	8462.47852	0.07324	11445	1	0.43937	0.73348	1	0.40943	0.65691	1	0.42440	0.69519	1	0.47656	0.54494	10.19833	1.07841	1	0.73815	0.56611	11.03311	1.08607	1	-0.00543	-0.01071	0.68983	0.00280	1	0.06145	-0.01484	0.67062	0.00297	1	1.45898	0.81042	0	
1254695	8462.55859	3305425178904	0.42446	0.68860	8462.47852	0.08008	11445	1	0.43943	0.73362	1	0.40944	0.65709	1	0.42444	0.69536	1	0.47645	0.54478	10.08584	1.07805	1	0.73776	0.56590	10.77708	1.08571	1	-0.00524	-0.01014	0.65290	0.00296	1	0.06145	-0.01484	0.67062	0.00301	1	1.45898	0.81042	0	
1254696	8462.56543	3305425245022	0.42349	0.68788	8462.47852	0.08691	11445	1	0.43435	0.71642	1	0.38743	0.64052	1	0.41089	0.67847	1	0.47648	0.54476	10.32880	1.06861	1	0.73764	0.56585	10.61687	1.06861	1	-0.00524	-0.01014	0.65290	0.00290	1	0.06145	-0.01484	0.67062	0.00298	1	1.45898	0.81042	0	
1254697	8462.57129	3305425311710	0.42309	0.68851	8462.47852	0.09277	11445	1	0.43573	0.72838	1	0.39919	0.66623	1	0.41746	0.69731	1	0.47650	0.54482	10.11798	1.05150	1	0.73783	0.56586	11.02374	1.05150	1	-0.00524	-0.01014	0.65290	0.00294	1	0.06145	-0.01484	0.67062	0.00299	1	1.45898	0.81042	0	
1254698	8462.57812	3305425378300	0.42286	0.68968	8462.47852	0.09961	11445	1	0.43893	0.73575	1	0.40002	0.67874	1	0.41947	0.70725	1	0.47644	0.54547	10.33760	1.03440	1	0.73751	0.56604	10.47967	1.02674	1	-0.00524	-0.01014	0.65290	0.00277	1	0.06023	-0.01456	0.65793	0.00305	1	1.45898	0.81042	0	
1254699	8462.58496	3305425448803	0.42262	0.69167	8462.47852	0.10645	11445	1	0.43614	0.72388	1	0.40142	0.72317	1	0.41878	0.72352	1	0.47646	0.54547	10.02122	1.02674	1	0.73748	0.56643	10.53117	1.01908	1	-0.00524	-0.01014	0.65290	0.00291	1	0.06023	-0.01456	0.65793	0.00316	1	1.45898	0.81042	0	
1254700	8462.59180	3305425515430	0.42285	0.69285	8462.47852	0.11328	11445	1	0.45165	0.69932	1	0.40166	0.72674	1	0.42666	0.71303	1	0.47661	0.54528	10.12136	1.01908	1	0.73748	0.56643	10.53117	1.01142	1	-0.00524	-0.01014	0.65290	0.00288	1	0.06023	-0.01456	0.65793	0.00316	1	1.45898	0.81042	0	
1254701	8462.59863	3305425582973	0.42309	0.69411	8462.47852	0.12012	11445	1	0.45302	0.70294	1	0.40191	0.73031	1	0.42746	0.71662	1	0.47649	0.54544	10.04071	1.01142	1	0.73749	0.56655	10.40050	1.00376	1	-0.00524	-0.01014	0.65290	0.00277	1	0.05994	-0.01453	0.65467	0.00310	1	1.45898	0.81042	0	
1254702	8462.60547	3305425650107	0.42330	0.69550	8462.47852	0.12695	11445	1	0.45127	0.68922	1	0.40333	0.75479	1	0.42730	0.72201	1	0.47656	0.54512	9.46585	1.00376	1	0.73741	0.56651	10.53506	1.00376	1	-0.00524	-0.01014	0.65290	0.00278	1	0.05994	-0.01453	0.65467	0.00314	1	1.45898	0.81042	0	
1254703	8462.61230	3305425716318	0.42420	0.69717	8462.47852	0.13379	11445	1	0.48368	0.71441	1	0.40064	0.74692	1	0.44216	0.73067	1	0.47662	0.54537	10.00908	1.00376	1	0.73742	0.56653	10.41157	1.00376	1	-0.00524	-0.01014	0.65290	0.00281	1	0.05994	-0.01453	0.65467	0.00314	1	1.45898	0.81042	0	
1254704	8462.61914	3305425783299	0.42502	0.69870	8462.47852	0.14062	11445	1	0.48368	0.71441	1	0.40064	0.74692	1	0.44216	0.73067	1	0.47608	0.54502	9.66702	1.00376	1	0.73730	0.56678	10.63430	1.00376	1	-0.00524	-0.01014	0.65290	0.00281	1	0.05994	-0.01453	0.65467	0.00306	1	1.45898	0.81042	0	
1254705	8462.62500	3305425848276	0.42544	0.70077	8462.47852	0.14648	11445	1	0.46523	0.71703	1	0.40442	0.77590	1	0.43483	0.74647	1	0.47641	0.54536	9.85207	1.00376	1	0.73741	0.56683	10.46826	1.00376	1	-0.00524	-0.01014	0.65290	0.00279	1	0.05994	-0.01453	0.65467	0.00309	1	1.45898	0.81042	0	
1254706	8462.63184	3305425917471	0.42638	0.70238	8462.47852	0.15332	11445	1	0.49249	0.70172	1	0.40323	0.77704	1	0.44786	0.73938	1	0.47645	0.54541	9.74235	1.00376	1	0.73740	0.56692	10.68632	1.00376	1	-0.00524	-0.01014	0.65290	0.00287	1	0.05994	-0.01453	0.65467	0.00305	1	1.45898	0.81042	0	
1254707	8462.63867	3305425984145	0.42721	0.70378	8462.47852	0.16016	11445	1	0.49134	0.69790	1	0.40319	0.77653	1	0.44727	0.73722	1	0.47691	0.54568	10.21829	1.01178	1	0.73729	0.56695	10.61294	1.00497	1	-0.00549	-0.01053	0.67808	0.00285	1	0.05877	-0.01426	0.64248	0.00294	1	1.45898	0.81042	0	
1254708	8462.64551	3305426051125	0.42813	0.70479	8462.47852	0.16699	11445	1	0.51071	0.72845	1	0.39145	0.73158	1	0.45108	0.73001	1	0.47681	0.54553	9.76019	1.01299	1	0.73734	0.56640	10.09342	1.00618	1	-0.00549	-0.01053	0.67808	0.00289	1	0.05877	-0.01426	0.64248	0.00309	1	1.45898	0.81042	0	
1254709	8462.65234	3305426117944	0.42901	0.70564	8462.47852	0.17383	11445	1	0.50963	0.71546	1	0.39421	0.74006	1	0.45192	0.72776	1	0.47674	0.54544	9.96331	1.01420	1	0.73731	0.56650	10.50035	1.00739	1	-0.00549	-0.01053	0.67808	0.00302	1	0.05877	-0.01426	0.64248	0.00300	1	1.45898	0.81042	0	
1254710	8462.65918	3305426185450	0.42982	0.70635	8462.47852	0.18066	11445	1	0.50947	0.71490	1	0.39389	0.73642	1	0.45168	0.72566	1	0.47686	0.54551	10.20792	1.01541	1	0.73728	0.56630	10.24748	1.01541	1	-0.00549	-0.01053	0.67808	0.00317	1	0.06017	-0.01461	0.65831	0.00313	1	1.45898	0.81042	0	
1254711	8462.66602	3305426252227	0.42978	0.70748	8462.47852	0.18750	11445	1	0.47144	0.72719	1	0.38579	0.75069	1	0.42862	0.73894	1	0.47602	0.54556	9.94547	1.01541	1	0.73720	0.56674	10.57919	1.02221	1	-0.00549	-0.01053	0.67808	0.00284	1	0.06017	-0.01461	0.65831	0.00298	1	1.45898	0.81042	0	
1254712	8462.67285	3305426319094	0.44047	0.73127	8462.47852	0.18750	11445	0	0.47868	0.71525	1	0.38796	0.74438	1	0.43332	0.72981	1	0.47633	0.54548	10.31656	1.02221	1	0.73727	0.56652	10.45782	1.02902	1	-0.00549	-0.01053	0.67808	0.00285	1	0.06017	-0.01461	0.65831	0.00297	1	1.45898	0.81042	0	
1254713	8462.67871	3305426386328	0.43656	0.72902	8462.47852	0.18750	11445	0	0.47764	0.71215	1	0.38766	0.74138	1	0.43265	0.72676	1	0.47598	0.54553	10.59199	1.02902	1	0.73712	0.56636	10.35392	1.03583	1	-0.00549	-0.01053	0.67808	0.00276	1	0.06017	-0.01461	0.65831	0.00308	1	1.45898	0.81042	0	
1254714	8462.68555	3305426452746	0.42950	0.72651	8462.47852	0.18750	11445	0	0.45085	0.72122	1	0.37991	0.72176	1	0.41538	0.72149	1	0.47592	0.54551	10.25694	1.03583	1	0.73712	0.56636	10.35392	1.03583	1	-0.00549	-0.01053	0.67808	0.00276	1	0.06017	-0.01461	0.65831	0.00308	1	1.45898	0.81042	0	
1254715	8462.69238	3305426520432	0.42728	0.71601	8462.67285	0.01953	11446	1	0.46134	0.69616	1	0.37989	0.67288	1	0.42062	0.68452	1	0.47606	0.54550	10.05949	1.03583	1	0.73710	0.56606	10.02898	1.03583	1	-0.00549	-0.01053	0.67808	0.00280	1	0.06017	-0.01461	0.65831	0.00327	1	1.45898	0.81042	0	
1254716	8462.69922	3305426587670	0.42598	0.71006	8462.67285	0.02637	11446	1	0.46134	0.69616	1	0.38024	0.67632	1	0.42079	0.68624	1	0.47621	0.54547	10.53084	1.03583	1	0.73717	0.56568	10.18110	1.02902	1	-0.00549	-0.01053	0.67808	0.00283	1	0.05877	-0.01426	0.64248	0.00332	1	1.45898	0.81042	0	
1254717	8462.70605	3305426654223	0.42661	0.70782	8462.67285	0.03320	11446	1	0.48177	0.70087	1	0.37771	0.69239	1	0.42974	0.69663	1	0.47635	0.54547	10.64753	1.02902	1	0.73712	0.56628	10.17571	1.02221	1	-0.00549	-0.01053	0.67808	0.00286	1	0.05877	-0.01426	0.64248	0.00289	1	1.45898	0.81042	0	
1254718	8462.71289	3305426720986	0.42600	0.70581	8462.67285	0.04004	11446	1	0.47095	0.71594	1	0.37380	0.67158	1	0.42237	0.69376	1	0.47620	0.54550	10.34781	1.02221	1	0.73711	0.56571	9.90888	1.01541	1	-0.00549	-0.01053	0.67808	0.00282	1	0.05877	-0.01426	0.64248	0.00324	1	1.45898	0.81042	0	
1254719	8462.71973	3305426788256	0.42573	0.70498	8462.67285	0.04688	11446	1	0.47333	0.72267	1	0.37427	0.67573	1	0.42380	0.69920	1	0.47672	0.54512	10.38358	1.00739	1	0.73790	0.56634	10.48302	1.00739	1	-0.00524	-0.01014	0.65290	0.00275	1	0.05994	-0.01451	0.65368	0.00294	1	1.45898	0.81042	0	
1254720	8462.72559	3305426854648	0.42476	0.70632	8462.67285	0.05273	11446	1	0.45463	0.72242	1	0.37945	0.71156	1	0.41704	0.71699	1	0.47744	0.54544	9.42130	0.99937	1	0.73820	0.56623	10.32504	1.00618	1	-0.00524	-0.01014	0.65290	0.00288	1	0.05994	-0.01451	0.65368	0.00301	1	1.45898	0.81042	0	
1254721	8462.73242	3305426918046	0.41846	0.70452	8462.67285	0.05957	11446	1	0.39524	0.68421	1	0.32832	0.69251	1	0.36178	0.68836	1	0.47725	0.54487	9.48506	0.99816	1	0.73848	0.56601	10.23633	1.00497	1	-0.00524	-0.01014	0.65290	0.00277	1	0.05994	-0.01451	0.65368	0.00317	1	1.45898	0.81042	0	
1254722	8462.73926	3305426986310	0.41317	0.70257	8462.67285	0.06641	11446	1	0.39366	0.68081	1	0.32682	0.68528	1	0.36024	0.68305	1	0.48098	0.54482	10.08161	1.00497	1	0.74238	0.56642	11.47132	1.01944	1	-0.00480	-0.01051	0.68047	0.00275	1	0.06431	-0.01538	0.69504	0.00279	1	1.45898	0.81042	0	
1254723	8462.74609	3305427054383	0.42217	0.70365	8462.67285	0.07324	11446	1	0.55855	0.67082	1	0.48378	0.76019	1	0.52117	0.71550	1	0.48149	0.54475	9.68265	1.02746	1	0.74206	0.56675	10.88522	1.03512	1	-0.00480	-0.01051	0.68047	0.00287	1	0.06431	-0.01538	0.69504	0.00295	1	1.45898	0.81042	0	
1254724	8462.75293	3305427120505	0.42825	0.70373	8462.67285	0.08008	11446	1	0.54057	0.69156	1	0.46190	0.71794	1	0.50123	0.70475	1	0.48150	0.54445	9.64518	1.04313	1	0.74237	0.56652	11.61451	1.05079	1	-0.00480	-0.01051	0.68047	0.00270	1	0.06431	-0.01538	0.69504	0.00279	1	1.45898	0.81042	0	
1254725	8462.75977	3305427190146	0.43342	0.70341	8462.67285	0.08691	11446	1	0.53909	0.68425	1	0.46210	0.71425	1	0.50059	0.69925	1	0.48231	0.54451	10.27839	1.05881	1	0.74356	0.56686	11.38243	1.05881	1	-0.00450	-0.01059	0.68224	0.00298	1	0.06038	-0.01438	0.64997	0.00284	1	1.45898	0.81042	0	
1254726	8462.76660	3305427256893	0.44184	0.70250	8462.67285	0.09375	11446	1	0.59025	0.61612	1	0.52914	0.76348	1	0.55970	0.68980	1	0.48250	0.54427	10.10987	1.05881	1	0.74353	0.56700	11.64928	1.05115	1	-0.00450	-0.01059	0.68224	0.00298	1	0.06038	-0.01438	0.64997	0.00287	1	1.45898	0.81042	0	
1254727	8462.77246	3305427323945	0.44943	0.70418	8462.67285	0.09961	11446	1	0.61080	0.67376	1	0.51572	0.78491	1	0.56326	0.72933	1	0.48265	0.54450	10.77568	1.05115	1	0.74345	0.56711	11.48107	1.04349	1	-0.00450	-0.01059	0.68224	0.00278	1	0.06038	-0.01438	0.64997	0.00289	1	1.45898	0.81042	0	
1254728	8462.77930	3305427391082	0.45611	0.70586	8462.67285	0.10645	11446	1	0.61105	0.67742	1	0.51513	0.78798	1	0.56309	0.73270	1	0.48297	0.54412	10.32443	1.04349	1	0.74371	0.56723	11.66276	1.03583	1	-0.00446	-0.01045	0.67624	0.00297	1	0.06038	-0.01438	0.64997	0.00287	1	1.45898	0.81042	0	
1254729	8462.78613	3305427457631	0.46315	0.70662	8462.67285	0.11328	11446	1	0.62999	0.64417	1	0.53574	0.79477	1	0.58286	0.71947	1	0.48296	0.54397	10.32973	1.03583	1	0.74365	0.56711	11.46055	1.03583	1	-0.00446	-0.01045	0.67624	0.00291	1	0.06038	-0.01438	0.64997	0.00290	1	1.45898	0.81042	0	
1254730	8462.79297	3305427524569	0.49492	0.70846	8462.67285	0.11328	11446	0	0.63739	0.65980	1	0.53122	0.78647	1	0.58431	0.72314	1	0.48320	0.54378	10.34885	1.03583	1	0.74391	0.56694	11.67340	1.03583	1	-0.00446	-0.01045	0.67624	0.00287	1	0.06038	-0.01438	0.64997	0.00286	1	1.45898	0.81042	0	
1254731	8462.79980	3305427591967	0.53979	0.71503	8462.67285	0.11328	11446	0	0.63739	0.65980	1	0.53192	0.78338	1	0.58466	0.72159	1	0.48290	0.54401	10.34538	1.03583	1	0.74382	0.56670	11.40957	1.04349	1	-0.00446	-0.01063	0.69111	0.00301	1	0.06291	-0.01495	0.67556	0.00297	1	1.45898	0.81042	0	
1254732	8462.80664	3305427659127	0.54699	0.71160	8462.67285	0.11328	11446	0	0.60519	0.65872	1	0.51762	0.75077	1	0.56140	0.70474	1	0.48302	0.54364	9.91035	1.04349	1	0.74396	0.56670	11.50039	1.05115	1	-0.00446	-0.01063	0.69111	0.00298	1	0.06291	-0.01495	0.67556	0.00293	1	1.45898	0.81042	0	
1254733	8462.81348	3305427726023	0.54568	0.71001	8462.79297	0.02051	11447	1	0.61084	0.66284	1	0.47266	0.74761	1	0.54175	0.70522	1	0.48314	0.54394	11.04640	1.05115	1	0.74339	0.56682	12.25410	1.05881	1	-0.00446	-0.01063	0.69111	0.00283	1	0.06291	-0.01495	0.67556	0.00299	1	1.45898	0.81042	0	
1254734	8462.81934	3305427792845	0.54490	0.70835	8462.79297	0.02637	11447	1	0.61060	0.65910	1	0.47292	0.74433	1	0.54176	0.70171	1	0.48290	0.54388	10.77170	1.05881	1	0.74324	0.56675	11.15711	1.06647	1	-0.00446	-0.01057	0.69111	0.00287	1	0.06291	-0.01485	0.67556	0.00329	1	1.45898	0.81042	0	
1254735	8462.82617	3305427859981	0.54498	0.70831	8462.79297	0.03320	11447	1	0.60853	0.65526	1	0.48225	0.76100	1	0.54539	0.70813	1	0.48313	0.54402	10.87235	1.06647	1	0.74348	0.56646	11.48941	1.06647	1	-0.00446	-0.01057	0.69111	0.00280	1	0.06291	-0.01485	0.67556	0.00308	1	1.45898	0.81042	0	
1254736	8462.83301	3305427926871	0.54473	0.70887	8462.79297	0.04004	11447	1	0.58968	0.66704	1	0.49683	0.75735	1	0.54326	0.71220	1	0.48281	0.54400	10.38234	1.06647	1	0.74377	0.56646	10.95198	1.06647	1	-0.00446	-0.01057	0.69111	0.00290	1	0.06291	-0.01485	0.67556	0.00304	1	1.45898	0.81042	0	
1254737	8462.83984	3305427993305	0.54452	0.70948	8462.79297	0.04688	11447	1	0.58968	0.66704	1	0.49640	0.76055	1	0.54304	0.71380	1	0.48299	0.54376	9.80765	1.06647	1	0.74419	0.56625	11.46317	1.05881	1	-0.00427	-0.01036	0.67727	0.00295	1	0.06133	-0.01441	0.65805	0.00302	1	1.45898	0.81042	0	
1254738	8462.84668	3305428059961	0.54720	0.70840	8462.79297	0.05371	11447	1	0.58617	0.69765	1	0.55099	0.70191	1	0.56858	0.69978	1	0.48308	0.54374	10.33476	1.05881	1	0.74460	0.56630	12.04511	1.05115	1	-0.00427	-0.01036	0.67727	0.00287	1	0.06133	-0.01441	0.65805	0.00294	1	1.45898	0.81042	0	
1254739	8462.85352	3305428127094	0.54826	0.71294	8462.79297	0.06055	11447	1	0.58616	0.73182	1	0.52943	0.77577	1	0.55780	0.75379	1	0.48312	0.54400	10.54916	1.05115	1	0.74425	0.56647	11.05102	1.04349	1	-0.00427	-0.01036	0.67727	0.00278	1	0.06133	-0.01441	0.65805	0.00294	1	1.45898	0.81042	0	
1254740	8462.86035	3305428194681	0.54911	0.71695	8462.79297	0.06738	11447	1	0.58657	0.73506	1	0.52875	0.77891	1	0.55766	0.75698	1	0.48328	0.54352	10.21169	1.04349	1	0.74491	0.56636	11.10720	1.03583	1	-0.00429	-0.01037	0.68106	0.00287	1	0.06164	-0.01441	0.66030	0.00302	1	1.45898	0.81042	0	
1254741	8462.86621	3305428262004	0.55220	0.71580	8462.79297	0.07324	11447	1	0.63375	0.65374	1	0.53855	0.75253	1	0.58615	0.70314	1	0.48388	0.54312	10.18032	1.03583	1	0.74481	0.56618	11.18334	1.03583	1	-0.00429	-0.01037	0.68106	0.00293	1	0.06164	-0.01441	0.66030	0.00300	1	1.45898	0.81042	0	
1254742	8462.87305	3305428328841	0.55349	0.71698	8462.79297	0.08008	11447	1	0.60084	0.68119	1	0.53725	0.78105	1	0.56904	0.73112	1	0.48376	0.54330	11.04823	1.03583	1	0.74501	0.56648	10.76758	1.03583	1	-0.00429	-0.01037	0.68106	0.00278	1	0.06164	-0.01441	0.66030	0.00303	1	1.45898	0.81042	0	
1254743	8462.87988	3305428393967	0.55463	0.71787	8462.79297	0.08691	11447	1	0.60084	0.68119	1	0.53799	0.77792	1	0.56941	0.72955	1	0.48397	0.54283	9.90211	1.03583	1	0.74479	0.56679	11.55339	1.04349	1	-0.00429	-0.01037	0.68106	0.00310	1	0.06339	-0.01481	0.67850	0.00304	1	1.45898	0.81042	0	
1254744	8462.88672	3305428461330	0.55516	0.71965	8462.79297	0.09375	11447	1	0.61268	0.65718	1	0.51243	0.83195	1	0.56256	0.74457	1	0.48388	0.54309	11.12631	1.04349	1	0.74475	0.56657	11.22189	1.05115	1	-0.00429	-0.01037	0.68106	0.00285	1	0.06339	-0.01481	0.67850	0.00295	1	1.45898	0.81042	0	
1254745	8462.89355	3305428530081	0.55609	0.72025	8462.79297	0.10059	11447	1	0.61116	0.64681	1	0.52885	0.81171	1	0.57000	0.72926	1	0.48391	0.54304	10.66067	1.05115	1	0.74507	0.56645	11.32641	1.05881	1	-0.00429	-0.01037	0.68106	0.00286	1	0.06339	-0.01481	0.67850	0.00289	1	1.45898	0.81042	0	
1254746	8462.90039	3305428596808	0.55690	0.72067	8462.79297	0.10742	11447	1	0.61092	0.64296	1	0.52885	0.81171	1	0.56988	0.72733	1	0.48377	0.54284	9.95318	1.05881	1	0.74521	0.56591	10.32745	1.05881	1	-0.00418	-0.01029	0.67926	0.00299	1	0.06074	-0.01418	0.64967	0.00300	1	1.45898	0.81042	0	
1254747	8462.90723	3305428663684	0.55720	0.71607	8462.79297	0.11426	11447	1	0.59571	0.56880	1	0.52899	0.70701	1	0.56235	0.63791	1	0.48458	0.54188	9.60692	1.05881	1	0.74536	0.56571	10.62030	1.05115	1	-0.00418	-0.01029	0.67926	0.00316	1	0.06074	-0.01418	0.64967	0.00289	1	1.45898	0.81042	0	
1254748	8462.91309	3305428728539	0.55666	0.71656	8462.79297	0.12012	11447	1	0.56989	0.70086	1	0.52377	0.74993	1	0.54683	0.72540	1	0.48435	0.54279	9.87715	1.05115	1	0.74574	0.56572	11.48637	1.04349	1	-0.00418	-0.01029	0.67926	0.00257	1	0.06074	-0.01418	0.64967	0.00290	1	1.45898	0.81042	0	
1254749	8462.91992	3305428793640	0.55618	0.71709	8462.79297	0.12695	11447	1	0.57041	0.70434	1	0.52377	0.74993	1	0.54709	0.72713	1	0.48712	0.54170	10.30547	1.04349	1	0.74817	0.56441	10.71938	1.04349	1	-0.00353	-0.00993	0.67175	0.00312	1	0.06403	-0.01466	0.68099	0.00349	1	1.45898	0.81042	0	
1254750	8462.92676	3305428861429	0.56011	0.71330	8462.79297	0.13379	11447	1	0.66094	0.59787	1	0.61674	0.67715	1	0.63884	0.63751	1	0.48744	0.54110	10.47617	1.04349	1	0.74805	0.56399	10.53131	1.05115	1	-0.00353	-0.00993	0.67175	0.00311	1	0.06403	-0.01466	0.68099	0.00327	1	1.45898	0.81042	0	
1254751	8462.93359	3305428928487	0.56193	0.71030	8462.79297	0.14062	11447	1	0.63152	0.59149	1	0.56875	0.70282	1	0.60014	0.64716	1	0.48749	0.54061	9.73219	1.05115	1	0.74815	0.56437	11.11600	1.05881	1	-0.00353	-0.00993	0.67175	0.00285	1	0.06403	-0.01466	0.68099	0.00324	1	1.45898	0.81042	0	
1254752	8462.94043	3305428995738	0.56361	0.70738	8462.79297	0.14746	11447	1	0.63141	0.58724	1	0.56970	0.69918	1	0.60055	0.64321	1	0.48931	0.54032	10.38391	1.05881	1	0.75142	0.56048	8.68702	1.06647	1	-0.00338	-0.00988	0.68221	0.00348	1	0.06366	-0.01435	0.67380	0.00221	1	1.45898	0.81042	0	
1254753	8462.94629	3305429062317	0.59179	0.68004	8462.79297	0.14746	11447	0	0.75059	0.57567	1	0.77893	0.38493	1	0.76476	0.48030	1	0.48970	0.54049	11.09719	1.06647	1	0.75129	0.56037	8.65918	1.06647	1	-0.00338	-0.00988	0.68221	0.00376	1	0.06366	-0.01435	0.67380	0.00224	1	1.45898	0.81042	0	
1254754	8462.95312	3305429131005	0.67829	0.57936	8462.79297	0.14746	11447	0	0.75047	0.58661	1	0.77909	0.37077	1	0.76478	0.47869	1	0.48963	0.54026	10.98850	1.06647	1	0.75125	0.56062	9.18902	1.06647	1	-0.00338	-0.00988	0.68221	0.00359	1	0.06366	-0.01435	0.67380	0.00213	1	1.45898	0.81042	0	
1254755	8462.95996	3305429198321	0.70571	0.55024	8462.79297	0.14746	11447	0	0.74915	0.59491	1	0.77198	0.38908	1	0.76057	0.49199	1	0.48960	0.54010	10.43590	1.05132	1	0.75165	0.56097	10.19226	1.04367	1	-0.00303	-0.00913	0.63078	0.00349	1	0.06212	-0.01394	0.65696	0.00211	1	1.45898	0.81042	0	
1254756	8462.96680	3305429261516	0.75681	0.48729	8462.79297	0.14746	11447	0	0.74154	0.56327	1	0.74864	0.41910	1	0.74509	0.49119	1	0.48970	0.54018	10.80066	1.02852	1	0.75175	0.56072	9.71915	1.02086	1	-0.00303	-0.00913	0.63078	0.00374	1	0.06212	-0.01394	0.65696	0.00241	1	1.45898	0.81042	0	
1254757	8462.97363	3305429333687	0.74938	0.48981	8462.79297	0.14746	11447	0	0.73730	0.56658	1	0.74661	0.41806	1	0.74196	0.49232	1	0.48959	0.54000	10.58386	1.00572	1	0.75185	0.56056	9.34283	0.99806	1	-0.00303	-0.00913	0.63078	0.00356	1	0.06212	-0.01394	0.65696	0.00225	1	1.45898	0.81042	0	
1254758	8462.98047	3305429396770	0.74629	0.49329	8462.79297	0.14746	11447	0	0.73605	0.57600	1	0.74418	0.42453	1	0.74012	0.50026	1	0.48964	0.53986	10.39769	0.99004	1	0.75188	0.56068	9.05256	0.99004	1	-0.00325	-0.00965	0.66661	0.00364	1	0.06486	-0.01455	0.68546	0.00221	1	1.45898	0.81042	0	
1254759	8462.98730	3305429467334	0.74561	0.49465	8462.96680	0.02051	11448	1	0.73836	0.56470	1	0.74873	0.43271	1	0.74355	0.49871	1	0.48964	0.53996	10.65127	0.99717	1	0.75191	0.56074	9.13445	1.00483	1	-0.00325	-0.00965	0.66661	0.00360	1	0.06486	-0.01455	0.68546	0.00223	1	1.45898	0.81042	0	
1254760	8462.99414	3305429534667	0.74746	0.49058	8462.96680	0.02734	11448	1	0.73584	0.54652	1	0.77394	0.40209	1	0.75489	0.47431	1	0.48964	0.53986	10.39769	1.01196	1	0.75224	0.56058	8.91731	1.01962	1	-0.00325	-0.00965	0.66661	0.00363	1	0.06486	-0.01455	0.68546	0.00237	1	1.45898	0.81042	0	
1254761	8463.00098	3305429601721	0.74946	0.48516	8462.96680	0.03418	11448	1	0.73760	0.53247	1	0.78127	0.38365	1	0.75944	0.45806	1	0.48950	0.53949	10.33647	1.03476	1	0.75226	0.56061	8.64814	1.04242	1	-0.00338	-0.00988	0.68221	0.00350	1	0.06486	-0.01455	0.68546	0.00238	1	1.45898	0.81042	0	
1254762	8463.00684	3305429667839	0.75017	0.48599	8462.96680	0.04004	11448	1	0.74657	0.55048	1	0.76227	0.43145	1	0.75442	0.49096	1	0.48970	0.54014	10.71098	1.05043	1	0.75185	0.56062	9.25143	1.05043	1	-0.00338	-0.00988	0.68221	0.00364	1	0.06486	-0.01455	0.68546	0.00219	1	1.45898	0.81042	0	
1254763	8463.01367	3305429735551	0.75058	0.48157	8462.96680	0.04688	11448	1	0.74516	0.53688	1	0.76176	0.36447	1	0.75346	0.45068	1	0.48967	0.53999	10.16561	1.05845	1	0.75188	0.56047	9.06314	1.05845	1	-0.00338	-0.00988	0.68221	0.00355	1	0.06486	-0.01455	0.68546	0.00215	1	1.45898	0.81042	0	
1254764	8463.02051	3305429802991	0.75094	0.47786	8462.96680	0.05371	11448	1	0.74582	0.53208	1	0.76186	0.36418	1	0.75384	0.44813	1	0.48971	0.54036	10.33683	1.06647	1	0.75203	0.56058	8.68418	1.05881	1	-0.00338	-0.00988	0.68221	0.00362	1	0.06192	-0.01398	0.65382	0.00214	1	1.45898	0.81042	0	
1254765	8463.02734	3305429869248	0.75185	0.47826	8462.96680	0.06055	11448	1	0.74737	0.57201	1	0.77261	0.39169	1	0.75999	0.48185	1	0.48971	0.54036	10.33683	1.05881	1	0.75204	0.56056	8.53253	1.05115	1	-0.00338	-0.00988	0.68221	0.00362	1	0.06192	-0.01398	0.65382	0.00214	1	1.45898	0.81042	0	
1254766	8463.03418	3305429936191	0.75286	0.47598	8462.96680	0.06738	11448	1	0.73853	0.52306	1	0.78739	0.38341	1	0.76296	0.45324	1	0.48967	0.53991	10.22052	1.05115	1	0.75228	0.56067	8.71609	1.04349	1	-0.00338	-0.00988	0.68221	0.00365	1	0.06192	-0.01398	0.65382	0.00241	1	1.45898	0.81042	0	
1254767	8463.04102	3305430001590	0.75357	0.47454	8462.96680	0.07422	11448	1	0.73794	0.52778	1	0.78488	0.38961	1	0.76141	0.45870	1	0.48974	0.54045	10.53626	1.04349	1	0.75233	0.56071	8.85897	1.03583	1	-0.00335	-0.00984	0.67616	0.00358	1	0.06192	-0.01398	0.65382	0.00229	1	1.45898	0.81042	0	
1254768	8463.04688	3305430067229	0.75416	0.47544	8462.96680	0.08008	11448	1	0.75070	0.58061	1	0.77165	0.39180	1	0.76117	0.48620	1	0.48974	0.54047	10.47919	1.03583	1	0.75204	0.56067	9.13209	1.03583	1	-0.00335	-0.00984	0.67616	0.00361	1	0.06192	-0.01398	0.65382	0.00214	1	1.45898	0.81042	0	
1254769	8463.05371	3305430134566	0.75516	0.47703	8462.96680	0.08691	11448	1	0.75070	0.58061	1	0.78562	0.41481	1	0.76816	0.49771	1	0.48974	0.54047	10.47919	1.03583	1	0.75222	0.56077	9.11858	1.03583	1	-0.00335	-0.00984	0.67616	0.00361	1	0.06192	-0.01398	0.65382	0.00224	1	1.45898	0.81042	0	
1254770	8463.06055	3305430197268	0.75599	0.47857	8462.96680	0.09375	11448	1	0.74998	0.58518	1	0.78551	0.41509	1	0.76774	0.50013	1	0.48965	0.53988	10.22155	1.02781	1	0.75217	0.56072	8.91549	1.03547	1	-0.00325	-0.00965	0.66661	0.00352	1	0.06452	-0.01455	0.68071	0.00210	1	1.45898	0.81042	0	
1254771	8463.06738	3305430270371	0.75696	0.47924	8462.96680	0.10059	11448	1	0.76845	0.56884	1	0.77447	0.40981	1	0.77146	0.48933	1	0.48960	0.54017	10.39050	1.02746	1	0.75213	0.56073	8.79329	1.03512	1	-0.00325	-0.00965	0.66661	0.00362	1	0.06452	-0.01455	0.68071	0.00210	1	1.45898	0.81042	0	
1254772	8463.07422	3305430339005	0.75718	0.47791	8462.96680	0.10742	11448	1	0.75714	0.53170	1	0.76437	0.38133	1	0.76076	0.45652	1	0.48951	0.53976	10.23897	1.02710	1	0.75202	0.56052	8.65108	1.03476	1	-0.00325	-0.00965	0.66661	0.00351	1	0.06452	-0.01455	0.68071	0.00216	1	1.45898	0.81042	0	
1254773	8463.08105	3305430401907	0.75758	0.47256	8462.96680	0.11426	11448	1	0.75714	0.53170	0	0.76426	0.38162	1	0.76426	0.38162	1	0.48951	0.53976	10.23897	1.02674	0	0.75220	0.56078	9.04941	1.03440	1	-0.00325	-0.00965	0.66661	0.00351	1	0.06435	-0.01456	0.67891	0.00204	1	1.45898	0.81042	0	
1254774	8463.08691	3305430469050	0.75758	0.47256	8462.96680	0.12012	11448	1	0.75714	0.53170	0	0.76426	0.38162	0	0.76426	0.38162	0	0.48951	0.53976	10.23897	1.03440	0	0.75220	0.56078	9.04941	1.03440	0	-0.00325	-0.00965	0.66661	0.00351	1	0.06435	-0.01456	0.67891	0.00204	1	1.45898	0.81042	0	
1254775	8463.09375	3305430536851	0.75758	0.47256	8462.96680	0.12695	11448	1	0.75714	0.53170	0	0.76426	0.38162	0	0.76426	0.38162	0	0.48951	0.53976	10.23897	1.03440	0	0.75220	0.56078	9.04941	1.03440	0	-0.00325	-0.00965	0.66661	0.00351	1	0.06435	-0.01456	0.67891	0.00204	1	1.45898	0.81042	0	
1254776	8463.10059	3305430602834	0.75758	0.47256	8462.96680	0.13379	11448	1	0.75714	0.53170	0	0.76426	0.38162	0	0.76426	0.38162	0	0.48951	0.53976	10.23897	1.03440	0	0.75220	0.56078	9.04941	1.03440	0	-0.00325	-0.00965	0.66661	0.00351	1	0.06435	-0.01456	0.67891	0.00204	1	1.45898	0.81042	0	
1254777	8463.10840	3305430674327	0.76164	0.46626	8462.96680	0.13379	11448	0	0.75714	0.53170	0	0.76426	0.38162	0	0.76426	0.38162	0	0.48951	0.53976	10.23897	1.03440	0	0.75220	0.56078	9.04941	1.03440	0	-0.00325	-0.00965	0.66661	0.00351	1	0.06435	-0.01456	0.67891	0.00204	1	1.45898	0.81042	0	
1254778	8463.11426	3305430740182	0.76164	0.46626	8462.96680	0.13379	11448	0	0.75714	0.53170	0	0.76426	0.38162	0	0.76426	0.38162	0	0.48951	0.53976	10.23897	1.03440	0	0.75220	0.56078	9.04941	1.03440	0	-0.00325	-0.00965	0.66661	0.00351	1	0.06435	-0.01456	0.67891	0.00204	1	1.45898	0.81042	0	
1254779	8463.12109	3305430807208	0.76164	0.46626	8462.96680	0.13379	11448	0	0.75714	0.53170	0	0.76426	0.38162	0	0.76426	0.38162	0	0.48951	0.53976	10.23897	1.03440	0	0.75220	0.56078	9.04941	1.03440	0	-0.00325	-0.00965	0.66661	0.00351	1	0.06435	-0.01456	0.67891	0.00204	1	1.45898	0.81042	0	
1254780	8463.12793	3305430873993	0.00000	0.00000	8462.96680	0.13379	11448	0	0.75714	0.53170	0	0.76426	0.38162	0	0.76426	0.38162	0	0.48951	0.53976	10.23897	1.03440	0	0.75220	0.56078	9.04941	1.03440	0	-0.00325	-0.00965	0.66661	0.00351	1	0.06435	-0.01456	0.67891	0.00204	1	1.45898	0.81042	0	
1254781	8463.13477	3305430940920	0.00000	0.00000	8462.96680	0.13379	11448	0	0.75714	0.53170	0	0.76426	0.38162	0	0.76426	0.38162	0	0.48951	0.53976	10.23897	1.03440	0	0.75220	0.56078	9.04941	1.03440	0	-0.00325	-0.00965	0.66661	0.00351	1	0.06435	-0.01456	0.67891	0.00204	1	1.45898	0.81042	0	
1254782	8463.14160	3305431007829	0.00000	0.00000	8462.96680	0.13379	11448	0	0.75714	0.53170	0	0.76426	0.38162	0	0.76426	0.38162	0	0.48951	0.53976	10.23897	1.03440	0	0.75220	0.56078	9.04941	1.03440	0	-0.00325	-0.00965	0.66661	0.00351	1	0.06435	-0.01456	0.67891	0.00204	1	1.45898	0.81042	0	
1254783	8463.14844	3305431075107	0.75845	0.51186	8462.96680	0.13379	11448	0	0.73673	0.58144	1	0.78016	0.44227	1	0.75845	0.51186	1	0.48917	0.54087	10.12868	1.03440	1	0.75227	0.56125	9.44476	1.03440	1	-0.00325	-0.00965	0.66661	0.00328	1	0.06435	-0.01456	0.67891	0.00214	1	1.45898	0.81042	0	
1254784	8463.15430	3305431141932	0.75673	0.50242	8462.96680	0.13379	11448	0	0.72251	0.56297	1	0.78751	0.42298	1	0.75501	0.49297	1	0.48897	0.54080	10.38476	1.03440	1	0.75237	0.56092	8.60662	1.03440	1	-0.00325	-0.00965	0.66661	0.00327	1	0.06435	-0.01456	0.67891	0.00218	1	1.45898	0.81042	0	
1254785	8463.16113	3305431210049	0.75626	0.49844	8462.96680	0.13379	11448	0	0.72302	0.55826	1	0.78763	0.42270	1	0.75533	0.49048	1	0.48936	0.54095	9.86681	1.04242	1	0.75222	0.56092	9.20750	1.03476	1	-0.00338	-0.00988	0.68221	0.00339	1	0.06297	-0.01429	0.66385	0.00209	1	1.45898	0.81042	0	
1254786	8463.16797	3305431275249	0.75600	0.50256	8463.14844	0.01953	11449	1	0.74250	0.55773	1	0.76791	0.47214	1	0.75520	0.51494	1	0.48921	0.54010	9.78806	1.04278	1	0.75206	0.56090	9.01299	1.03512	1	-0.00338	-0.00988	0.68221	0.00320	1	0.06297	-0.01429	0.66385	0.00202	1	1.45898	0.81042	0	
1254787	8463.17480	3305431343483	0.75738	0.48732	8463.14844	0.02637	11449	1	0.74250	0.55773	0	0.76291	0.42634	1	0.76291	0.42634	1	0.48679	0.51246	6.07995	1.04313	1	0.75212	0.55998	8.59717	1.03547	1	-0.00338	-0.00988	0.68221	0.00194	1	0.06297	-0.01429	0.66385	0.00177	1	1.45898	0.81042	0	
1254788	8463.18164	3305431411034	0.75738	0.48732	8463.14844	0.03320	11449	1	0.74250	0.55773	0	0.76291	0.42634	0	0.76291	0.42634	0	0.48679	0.51246	6.07995	1.04349	0	0.75212	0.55998	8.59717	1.03583	0	-0.00338	-0.00988	0.68221	0.00194	1	0.06297	-0.01429	0.66385	0.00177	1	1.45898	0.81042	0	
1254789	8463.18848	3305431476550	0.75738	0.48732	8463.14844	0.04004	11449	1	0.74250	0.55773	0	0.76291	0.42634	0	0.76291	0.42634	0	0.48679	0.51246	6.07995	1.03583	0	0.75212	0.55998	8.59717	1.03583	0	-0.00338	-0.00988	0.68221	0.00194	1	0.06297	-0.01429	0.66385	0.00177	1	1.45898	0.81042	0	
1254790	8463.19531	3305431543589	0.75738	0.48732	8463.14844	0.04688	11449	1	0.74250	0.55773	0	0.76291	0.42634	0	0.76291	0.42634	0	0.48679	0.51246	6.07995	1.03583	0	0.75212	0.55998	8.59717	1.03583	0	-0.00338	-0.00988	0.68221	0.00194	1	0.06297	-0.01429	0.66385	0.00177	1	1.45898	0.81042	0	
1254791	8463.20117	3305431609998	0.75711	0.48118	8463.14844	0.04688	11449	0	0.74250	0.55773	0	0.76291	0.42634	0	0.76291	0.42634	0	0.48679	0.51246	6.07995	1.03583	0	0.75212	0.55998	8.59717	1.03583	0	-0.00338	-0.00988	0.68221	0.00194	1	0.06297	-0.01429	0.66385	0.00177	1	1.45898	0.81042	0	
1254792	8463.20801	3305431678273	0.75711	0.48118	8463.14844	0.04688	11449	0	0.74250	0.55773	0	0.76291	0.42634	0	0.76291	0.42634	0	0.48679	0.51246	6.07995	1.03583	0	0.75212	0.55998	8.59717	1.03583	0	-0.00338	-0.00988	0.68221	0.00194	1	0.06297	-0.01429	0.66385	0.00177	1	1.45898	0.81042	0	
1254793	8463.21484	3305431744979	0.75711	0.48118	8463.14844	0.04688	11449	0	0.74250	0.55773	0	0.76291	0.42634	0	0.76291	0.42634	0	0.48679	0.51246	6.07995	1.03583	0	0.75212	0.55998	8.59717	1.03583	0	-0.00338	-0.00988	0.68221	0.00194	1	0.06297	-0.01429	0.66385	0.00177	1	1.45898	0.81042	0	
1254794	8463.22168	3305431811802	0.00000	0.00000	8463.14844	0.04688	11449	0	0.74250	0.55773	0	0.76291	0.42634	0	0.76291	0.42634	0	0.48679	0.51246	6.07995	1.03583	0	0.75212	0.55998	8.59717	1.03583	0	-0.00338	-0.00988	0.68221	0.00194	1	0.06297	-0.01429	0.66385	0.00177	1	1.45898	0.81042	0	
1254795	8463.22852	3305431878705	0.00000	0.00000	8463.14844	0.04688	11449	0	0.74250	0.55773	0	0.76291	0.42634	0	0.76291	0.42634	0	0.48679	0.51246	6.07995	1.03583	0	0.75212	0.55998	8.59717	1.03583	0	-0.00338	-0.00988	0.68221	0.00194	1	0.06297	-0.01429	0.66385	0.00177	1	1.45898	0.81042	0	
1254796	8463.23535	3305431945776	0.00000	0.00000	8463.14844	0.04688	11449	0	0.74250	0.55773	0	0.76291	0.42634	0	0.76291	0.42634	0	0.48679	0.51246	6.07995	1.03583	0	0.75212	0.55998	8.59717	1.03583	0	-0.00338	-0.00988	0.68221	0.00194	1	0.06297	-0.01429	0.66385	0.00177	1	1.45898	0.81042	0	
1254797	8463.24219	3305432012781	0.00000	0.00000	8463.14844	0.04688	11449	0	0.74250	0.55773	0	0.76291	0.42634	0	0.76291	0.42634	0	0.48679	0.51246	6.07995	1.03583	0	0.75212	0.55998	8.59717	1.03583	0	-0.00338	-0.00988	0.68221	0.00194	1	0.06297	-0.01429	0.66385	0.00177	1	1.45898	0.81042	0	
1254798	8463.24805	3305432079660	0.00000	0.00000	8463.14844	0.04688	11449	0	0.74250	0.55773	0	0.76291	0.42634	0	0.76291	0.42634	0	0.48679	0.51246	6.07995	1.03583	0	0.75212	0.55998	8.59717	1.03583	0	-0.00338	-0.00988	0.68221	0.00194	1	0.06297	-0.01429	0.66385	0.00177	1	1.45898	0.81042	0	
1254799	8463.25488	3305432143796	0.00000	0.00000	8463.14844	0.04688	11449	0	0.74250	0.55773	0	0.76291	0.42634	0	0.76291	0.42634	0	0.48679	0.51246	6.07995	1.03583	0	0.75212	0.55998	8.59717	1.03583	0	-0.00338	-0.00988	0.68221	0.00194	1	0.06297	-0.01429	0.66385	0.00177	1	1.45898	0.81042	0	
1254800	8463.26172	3305432211190	0.00000	0.00000	8463.14844	0.04688	11449	0	0.74250	0.55773	0	0.76291	0.42634	0	0.76291	0.42634	0	0.48679	0.51246	6.07995	1.03583	0	0.75212	0.55998	8.59717	1.03583	0	-0.00338	-0.00988	0.68221	0.00194	1	0.06297	-0.01429	0.66385	0.00177	1	1.45898	0.81042	0	
1254801	8463.26855	3305432277841	0.00000	0.00000	8463.14844	0.04688	11449	0	0.74250	0.55773	0	0.76291	0.42634	0	0.76291	0.42634	0	0.48679	0.51246	6.07995	1.03583	0	0.75212	0.55998	8.59717	1.03583	0	-0.00338	-0.00988	0.68221	0.00194	1	0.06297	-0.01429	0.66385	0.00177	1	1.45898	0.81042	0	
1254802	8463.27539	3305432344980	0.00000	0.00000	8463.14844	0.04688	11449	0	0.74250	0.55773	0	0.76291	0.42634	0	0.76291	0.42634	0	0.48679	0.51246	6.07995	1.03583	0	0.75212	0.55998	8.59717	1.03583	0	-0.00338	-0.00988	0.68221	0.00194	1	0.06297	-0.01429	0.66385	0.00177	1	1.45898	0.81042	0	
1254803	8463.28223	3305432414738	0.00000	0.00000	8463.14844	0.04688	11449	0	0.74250	0.55773	0	0.76291	0.42634	0	0.76291	0.42634	0	0.48679	0.51246	6.07995	1.03583	0	0.75212	0.55998	8.59717	1.03583	0	-0.00338	-0.00988	0.68221	0.00194	1	0.06297	-0.01429	0.66385	0.00177	1	1.45898	0.81042	0	
1254804	8463.28809	3305432479871	0.00000	0.00000	8463.14844	0.04688	11449	0	0.74250	0.55773	0	0.76291	0.42634	0	0.76291	0.42634	0	0.48679	0.51246	6.07995	1.03583	0	0.75212	0.55998	8.59717	1.03583	0	-0.00338	-0.00988	0.68221	0.00194	1	0.06297	-0.01429	0.66385	0.00177	1	1.45898	0.81042	0	
1254805	8463.29492	3305432548546	0.00000	0.00000	8463.14844	0.04688	11449	0	0.74250	0.55773	0	0.76291	0.42634	0	0.76291	0.42634	0	0.48679	0.51246	6.07995	1.03583	0	0.75212	0.55998	8.59717	1.03583	0	-0.00338	-0.00988	0.68221	0.00194	1	0.06297	-0.01429	0.66385	0.00177	1	1.45898	0.81042	0	
1254806	8463.30176	3305432615449	0.00000	0.00000	8463.14844	0.04688	11449	0	0.74250	0.55773	0	0.76291	0.42634	0	0.76291	0.42634	0	0.48679	0.51246	6.07995	1.03583	0	0.75212	0.55998	8.59717	1.03583	0	-0.00338	-0.00988	0.68221	0.00194	1	0.06297	-0.01429	0.66385	0.00177	1	1.45898	0.81042	0	
1254807	8463.30859	3305432682674	0.00000	0.00000	8463.14844	0.04688	11449	0	0.74250	0.55773	0	0.76291	0.42634	0	0.76291	0.42634	0	0.48679	0.51246	6.07995	1.03583	0	0.75212	0.55998	8.59717	1.03583	0	-0.00338	-0.00988	0.68221	0.00194	1	0.06297	-0.01429	0.66385	0.00177	1	1.45898	0.81042	0	
1254808	8463.31543	3305432749125	0.00000	0.00000	8463.14844	0.04688	11449	0	0.74250	0.55773	0	0.76291	0.42634	0	0.76291	0.42634	0	0.48679	0.51246	6.07995	1.03583	0	0.75212	0.55998	8.59717	1.03583	0	-0.00338	-0.00988	0.68221	0.00194	1	0.06297	-0.01429	0.66385	0.00177	1	1.45898	0.81042	0	
1254809	8463.32227	3305432813650	0.00000	0.00000	8463.14844	0.04688	11449	0	0.74250	0.55773	0	0.76291	0.42634	0	0.76291	0.42634	0	0.48679	0.51246	6.07995	1.03583	0	0.75212	0.55998	8.59717	1.03583	0	-0.00338	-0.00988	0.68221	0.00194	1	0.06297	-0.01429	0.66385	0.00177	1	1.45898	0.81042	0	
1254810	8463.32812	3305432880682	0.00000	0.00000	8463.14844	0.04688	11449	0	0.74250	0.55773	0	0.76291	0.42634	0	0.76291	0.42634	0	0.48679	0.51246	6.07995	1.03583	0	0.75212	0.55998	8.59717	1.03583	0	-0.00338	-0.00988	0.68221	0.00194	1	0.06297	-0.01429	0.66385	0.00177	1	1.45898	0.81042	0	
1254811	8463.33496	3305432948850	0.00000	0.00000	8463.14844	0.04688	11449	0	0.74250	0.55773	0	0.76291	0.42634	0	0.76291	0.42634	0	0.48679	0.51246	6.07995	1.03583	0	0.75212	0.55998	8.59717	1.03583	0	-0.00338	-0.00988	0.68221	0.00194	1	0.06297	-0.01429	0.66385	0.00177	1	1.45898	0.81042	0	
1254812	8463.34180	3305433013324	0.00000	0.00000	8463.14844	0.04688	11449	0	0.74250	0.55773	0	0.76291	0.42634	0	0.76291	0.42634	0	0.48679	0.51246	6.07995	1.03583	0	0.75212	0.55998	8.59717	1.03583	0	-0.00338	-0.00988	0.68221	0.00194	1	0.06297	-0.01429	0.66385	0.00177	1	1.45898	0.81042	0	
1254813	8463.34863	3305433081883	0.00000	0.00000	8463.14844	0.04688	11449	0	0.74250	0.55773	0	0.76291	0.42634	0	0.76291	0.42634	0	0.48679	0.51246	6.07995	1.03583	0	0.75212	0.55998	8.59717	1.03583	0	-0.00338	-0.00988	0.68221	0.00194	1	0.06297	-0.01429	0.66385	0.00177	1	1.45898	0.81042	0	
1254814	8463.35547	3305433148273	0.00000	0.00000	8463.14844	0.04688	11449	0	0.74250	0.55773	0	0.76291	0.42634	0	0.76291	0.42634	0	0.48679	0.51246	6.07995	1.03583	0	0.75212	0.55998	8.59717	1.03583	0	-0.00338	-0.00988	0.68221	0.00194	1	0.06297	-0.01429	0.66385	0.00177	1	1.45898	0.81042	0	
1254815	8463.36230	3305433214829	0.00000	0.00000	8463.14844	0.04688	11449	0	0.74250	0.55773	0	0.76291	0.42634	0	0.76291	0.42634	0	0.48679	0.51246	6.07995	1.03583	0	0.75212	0.55998	8.59717	1.03583	0	-0.00338	-0.00988	0.68221	0.00194	1	0.06297	-0.01429	0.66385	0.00177	1	1.45898	0.81042	0	
1254816	8463.36914	3305433282518	0.00000	0.00000	8463.14844	0.04688	11449	0	0.74250	0.55773	0	0.76291	0.42634	0	0.76291	0.42634	0	0.48679	0.51246	6.07995	1.03583	0	0.75212	0.55998	8.59717	1.03583	0	-0.00338	-0.00988	0.68221	0.00194	1	0.06297	-0.01429	0.66385	0.00177	1	1.45898	0.81042	0	
1254817	8463.37500	3305433349240	0.00000	0.00000	8463.14844	0.04688	11449	0	0.74250	0.55773	0	0.76291	0.42634	0	0.76291	0.42634	0	0.48679	0.51246	6.07995	1.03583	0	0.75212	0.55998	8.59717	1.03583	0	-0.00338	-0.00988	0.68221	0.00194	1	0.06297	-0.01429	0.66385	0.00177	1	1.45898	0.81042	0	
1254818	8463.38184	3305433415452	0.00000	0.00000	8463.14844	0.04688	11449	0	0.74250	0.55773	0	0.76291	0.42634	0	0.76291	0.42634	0	0.48679	0.51246	6.07995	1.03583	0	0.75212	0.55998	8.59717	1.03583	0	-0.00338	-0.00988	0.68221	0.00194	1	0.06297	-0.01429	0.66385	0.00177	1	1.45898	0.81042	0	
1254819	8463.38867	3305433486397	0.00000	0.00000	8463.14844	0.04688	11449	0	0.74250	0.55773	0	0.76291	0.42634	0	0.76291	0.42634	0	0.48679	0.51246	6.07995	1.03583	0	0.75212	0.55998	8.59717	1.03583	0	-0.00338	-0.00988	0.68221	0.00194	1	0.06297	-0.01429	0.66385	0.00177	1	1.45898	0.81042	0	
1254820	8463.39551	3305433553062	0.00000	0.00000	8463.14844	0.04688	11449	0	0.74250	0.55773	0	0.76291	0.42634	0	0.76291	0.42634	0	0.48679	0.51246	6.07995	1.03583	0	0.75212	0.55998	8.59717	1.03583	0	-0.00338	-0.00988	0.68221	0.00194	1	0.06297	-0.01429	0.66385	0.00177	1	1.45898	0.81042	0	
1254821	8463.40234	3305433618827	0.00000	0.00000	8463.14844	0.04688	11449	0	0.74250	0.55773	0	0.76291	0.42634	0	0.76291	0.42634	0	0.48679	0.51246	6.07995	1.03583	0	0.75212	0.55998	8.59717	1.03583	0	-0.00338	-0.00988	0.68221	0.00194	1	0.06297	-0.01429	0.66385	0.00177	1	1.45898	0.81042	0	
1254822	8463.40918	3305433687705	0.00000	0.00000	8463.14844	0.04688	11449	0	0.74250	0.55773	0	0.76291	0.42634	0	0.76291	0.42634	0	0.48679	0.51246	6.07995	1.03583	0	0.75212	0.55998	8.59717	1.03583	0	-0.00338	-0.00988	0.68221	0.00194	1	0.06297	-0.01429	0.66385	0.00177	1	1.45898	0.81042	0	
1254823	8463.41602	3305433753819	0.00000	0.00000	8463.14844	0.04688	11449	0	0.74250	0.55773	0	0.76291	0.42634	0	0.76291	0.42634	0	0.48679	0.51246	6.07995	1.03583	0	0.75212	0.55998	8.59717	1.03583	0	-0.00338	-0.00988	0.68221	0.00194	1	0.06297	-0.01429	0.66385	0.00177	1	1.45898	0.81042	0	
1254824	8463.42285	3305433821221	0.00000	0.00000	8463.14844	0.04688	11449	0	0.74250	0.55773	0	0.76291	0.42634	0	0.76291	0.42634	0	0.48679	0.51246	6.07995	1.03583	0	0.75212	0.55998	8.59717	1.03583	0	-0.00338	-0.00988	0.68221	0.00194	1	0.06297	-0.01429	0.66385	0.00177	1	1.45898	0.81042	0	
1254825	8463.42969	3305433888233	0.00000	0.00000	8463.14844	0.04688	11449	0	0.74250	0.55773	0	0.76291	0.42634	0	0.76291	0.42634	0	0.48679	0.51246	6.07995	1.03583	0	0.75212	0.55998	8.59717	1.03583	0	-0.00338	-0.00988	0.68221	0.00194	1	0.06297	-0.01429	0.66385	0.00177	1	1.45898	0.81042	0	
1254826	8463.43555	3305433954719	0.00000	0.00000	8463.14844	0.04688	11449	0	0.74250	0.55773	0	0.76291	0.42634	0	0.76291	0.42634	0	0.48679	0.51246	6.07995	1.03583	0	0.75212	0.55998	8.59717	1.03583	0	-0.00338	-0.00988	0.68221	0.00194	1	0.06297	-0.01429	0.66385	0.00177	1	1.45898	0.81042	0	
1254827	8463.44238	3305434022300	0.00000	0.00000	8463.14844	0.04688	11449	0	0.74250	0.55773	0	0.76291	0.42634	0	0.76291	0.42634	0	0.48679	0.51246	6.07995	1.03583	0	0.75212	0.55998	8.59717	1.03583	0	-0.00338	-0.00988	0.68221	0.00194	1	0.06297	-0.01429	0.66385	0.00177	1	1.45898	0.81042	0	
1254828	8463.44922	3305434087006	0.00000	0.00000	8463.14844	0.04688	11449	0	0.74250	0.55773	0	0.76291	0.42634	0	0.76291	0.42634	0	0.48679	0.51246	6.07995	1.03583	0	0.75212	0.55998	8.59717	1.03583	0	-0.00338	-0.00988	0.68221	0.00194	1	0.06297	-0.01429	0.66385	0.00177	1	1.45898	0.81042	0	
1254829	8463.45605	3305434154561	0.00000	0.00000	8463.14844	0.04688	11449	0	0.74250	0.55773	0	0.76291	0.42634	0	0.76291	0.42634	0	0.48679	0.51246	6.07995	1.03583	0	0.75212	0.55998	8.59717	1.03583	0	-0.00338	-0.00988	0.68221	0.00194	1	0.06297	-0.01429	0.66385	0.00177	1	1.45898	0.81042	0	
1254830	8463.46289	3305434223945	0.00000	0.00000	8463.14844	0.04688	11449	0	0.74250	0.55773	0	0.76291	0.42634	0	0.76291	0.42634	0	0.48679	0.51246	6.07995	1.03583	0	0.75212	0.55998	8.59717	1.03583	0	-0.00338	-0.00988	0.68221	0.00194	1	0.06297	-0.01429	0.66385	0.00177	1	1.45898	0.81042	0	
1254831	8463.46973	3305434290620	0.22789	0.21672	8463.14844	0.04688	11449	0	0.74250	0.55773	0	0.45578	0.43343	1	0.45578	0.43343	1	0.48679	0.51246	6.07995	1.03583	0	0.74013	0.55869	10.08238	1.03583	1	-0.00338	-0.00988	0.68221	0.00194	1	0.06297	-0.01429	0.66385	0.00364	1	1.45898	0.81042	0	
1254832	8463.47656	3305434356102	0.22789	0.21672	8463.14844	0.04688	11449	0	0.74250	0.55773	0	0.45578	0.43343	0	0.45578	0.43343	0	0.48679	0.51246	6.07995	1.03583	0	0.74013	0.55869	10.08238	1.03583	0	-0.00338	-0.00988	0.68221	0.00194	1	0.06297	-0.01429	0.66385	0.00364	1	1.45898	0.81042	0	
1254833	8463.48242	3305434424001	0.45578	0.43343	8463.14844	0.04688	11449	0	0.74250	0.55773	0	0.45578	0.43343	0	0.45578	0.43343	0	0.48679	0.51246	6.07995	1.03583	0	0.74013	0.55869	10.08238	1.03583	0	-0.00338	-0.00988	0.68221	0.00194	1	0.06297	-0.01429	0.66385	0.00364	1	1.45898	0.81042	0	
1254834	8463.48926	3305434487104	0.45578	0.43343	8463.14844	0.04688	11449	0	0.74250	0.55773	0	0.45578	0.43343	0	0.45578	0.43343	0	0.48679	0.51246	6.07995	1.03583	0	0.74013	0.55869	10.08238	1.03583	0	-0.00338	-0.00988	0.68221	0.00194	1	0.06297	-0.01429	0.66385	0.00364	1	1.45898	0.81042	0	
1254835	8463.49609	3305434557798	0.45578	0.43343	8463.14844	0.04688	11449	0	0.74250	0.55773	0	0.45578	0.43343	0	0.45578	0.43343	0	0.48679	0.51246	6.07995	1.03583	0	0.74013	0.55869	10.08238	1.03583	0	-0.00338	-0.00988	0.68221	0.00194	1	0.06297	-0.01429	0.66385	0.00364	1	1.45898	0.81042	0	
1254836	8463.50293	3305434625187	0.00000	0.00000	8463.14844	0.04688	11449	0	0.74250	0.55773	0	0.45578	0.43343	0	0.45578	0.43343	0	0.48679	0.51246	6.07995	1.03583	0	0.74013	0.55869	10.08238	1.03583	0	-0.00338	-0.00988	0.68221	0.00194	1	0.06297	-0.01429	0.66385	0.00364	1	1.45898	0.81042	0	
1254837	8463.50977	3305434691608	0.00000	0.00000	8463.14844	0.04688	11449	0	0.74250	0.55773	0	0.45578	0.43343	0	0.45578	0.43343	0	0.48679	0.51246	6.07995	1.03583	0	0.74013	0.55869	10.08238	1.03583	0	-0.00338	-0.00988	0.68221	0.00194	1	0.06297	-0.01429	0.66385	0.00364	1	1.45898	0.81042	0	
1254838	8463.51562	3305434755854	0.00000	0.00000	8463.14844	0.04688	11449	0	0.74250	0.55773	0	0.45578	0.43343	0	0.45578	0.43343	0	0.48679	0.51246	6.07995	1.03583	0	0.74013	0.55869	10.08238	1.03583	0	-0.00338	-0.00988	0.68221	0.00194	1	0.06297	-0.01429	0.66385	0.00364	1	1.45898	0.81042	0	
1254839	8463.52344	3305434825561	0.00000	0.00000	8463.14844	0.04688	11449	0	0.74250	0.55773	0	0.45578	0.43343	0	0.45578	0.43343	0	0.48679	0.51246	6.07995	1.03583	0	0.74013	0.55869	10.08238	1.03583	0	-0.00338	-0.00988	0.68221	0.00194	1	0.06297	-0.01429	0.66385	0.00364	1	1.45898	0.81042	0	
1254840	8463.52930	3305434892775	0.00000	0.00000	8463.14844	0.04688	11449	0	0.74250	0.55773	0	0.45578	0.43343	0	0.45578	0.43343	0	0.48679	0.51246	6.07995	1.03583	0	0.74013	0.55869	10.08238	1.03583	0	-0.00338	-0.00988	0.68221	0.00194	1	0.06297	-0.01429	0.66385	0.00364	1	1.45898	0.81042	0	
1254841	8463.53613	3305434956993	0.18524	0.23390	8463.14844	0.04688	11449	0	0.74250	0.55773	0	0.37048	0.46780	1	0.37048	0.46780	1	0.48679	0.51246	6.07995	1.03583	0	0.47833	0.53782	9.68497	1.03583	1	-0.00338	-0.00988	0.68221	0.00194	1	0.06297	-0.01429	0.66385	0.00344	1	1.45898	0.81042	0	
1254842	8463.54297	3305435022956	0.37048	0.46780	8463.14844	0.04688	11449	0	0.74250	0.55773	0	0.37048	0.46780	1	0.37048	0.46780	1	0.48679	0.51246	6.07995	1.03583	0	0.47814	0.53751	9.85128	1.03583	1	-0.00338	-0.00988	0.68221	0.00194	1	-0.00512	-0.00929	0.66264	0.00338	1	1.45898	0.81042	0	
1254843	8463.54980	3305435091262	0.35249	0.46237	8463.14844	0.04688	11449	0	0.74250	0.55773	0	0.33449	0.45694	1	0.33449	0.45694	1	0.48679	0.51246	6.07995	1.03583	0	0.47802	0.53768	10.56471	1.03583	1	-0.00338	-0.00988	0.68221	0.00194	1	-0.00512	-0.00929	0.66264	0.00349	1	1.45898	0.81042	0	
1254844	8463.55664	3305435160471	0.34856	0.44382	8463.14844	0.04688	11449	0	0.74250	0.55773	0	0.34072	0.40673	1	0.34072	0.40673	1	0.48679	0.51246	6.07995	1.03583	0	0.47812	0.53760	10.12253	1.03583	1	-0.00338	-0.00988	0.68221	0.00194	1	-0.00512	-0.00929	0.66264	0.00341	1	1.45898	0.81042	0	
1254845	8463.56348	3305435228244	0.34644	0.43310	8463.54297	0.02051	11450	1	0.74250	0.55773	0	0.34005	0.40093	1	0.34005	0.40093	1	0.48679	0.51246	6.07995	1.03583	0	0.47805	0.53763	10.21663	1.04349	1	-0.00338	-0.00988	0.68221	0.00194	1	-0.00518	-0.00945	0.67718	0.00348	1	1.45898	0.81042	0	
1254846	8463.57031	3305435294871	0.34644	0.43310	8463.54297	0.02734	11450	1	0.74250	0.55773	0	0.34005	0.40093	0	0.34005	0.40093	0	0.48679	0.51246	6.07995	1.04349	0	0.47805	0.53763	10.21663	1.05115	0	-0.00338	-0.00988	0.68221	0.00194	1	-0.00518	-0.00945	0.67718	0.00348	1	1.45898	0.81042	0	
1254847	8463.57715	3305435361888	0.34644	0.43310	8463.54297	0.03418	11450	1	0.74250	0.55773	0	0.34005	0.40093	0	0.34005	0.40093	0	0.48679	0.51246	6.07995	1.05115	0	0.47805	0.53763	10.21663	1.05881	0	-0.00338	-0.00988	0.68221	0.00194	1	-0.00518	-0.00945	0.67718	0.00348	1	1.45898	0.81042	0	
1254848	8463.58301	3305435428760	0.34644	0.43310	8463.54297	0.04004	11450	1	0.74250	0.55773	0	0.34005	0.40093	0	0.34005	0.40093	0	0.48679	0.51246	6.07995	1.05881	0	0.47805	0.53763	10.21663	1.06647	0	-0.00338	-0.00988	0.68221	0.00194	1	-0.00518	-0.00945	0.67718	0.00348	1	1.45898	0.81042	0	
1254849	8463.58984	3305435495743	0.33842	0.42153	8463.54297	0.04004	11450	0	0.74250	0.55773	0	0.34005	0.40093	0	0.34005	0.40093	0	0.48679	0.51246	6.07995	1.06647	0	0.47805	0.53763	10.21663	1.06647	0	-0.00338	-0.00988	0.68221	0.00194	1	-0.00518	-0.00945	0.67718	0.00348	1	1.45898	0.81042	0	
1254850	8463.59668	3305435564056	0.33842	0.42153	8463.54297	0.04004	11450	0	0.74250	0.55773	0	0.34005	0.40093	0	0.34005	0.40093	0	0.48679	0.51246	6.07995	1.06647	0	0.47805	0.53763	10.21663	1.06647	0	-0.00338	-0.00988	0.68221	0.00194	1	-0.00518	-0.00945	0.67718	0.00348	1	1.45898	0.81042	0	
1254851	8463.60352	3305435630083	0.33842	0.42153	8463.54297	0.04004	11450	0	0.74250	0.55773	0	0.34005	0.40093	0	0.34005	0.40093	0	0.48679	0.51246	6.07995	1.06647	0	0.47805	0.53763	10.21663	1.06647	0	-0.00338	-0.00988	0.68221	0.00194	1	-0.00518	-0.00945	0.67718	0.00348	1	1.45898	0.81042	0	
1254852	8463.61035	3305435696576	0.00000	0.00000	8463.54297	0.04004	11450	0	0.74250	0.55773	0	0.34005	0.40093	0	0.34005	0.40093	0	0.48679	0.51246	6.07995	1.06647	0	0.47805	0.53763	10.21663	1.06647	0	-0.00338	-0.00988	0.68221	0.00194	1	-0.00518	-0.00945	0.67718	0.00348	1	1.45898	0.81042	0	
1254853	8463.61719	3305435763676	0.00000	0.00000	8463.54297	0.04004	11450	0	0.74250	0.55773	0	0.34005	0.40093	0	0.34005	0.40093	0	0.48679	0.51246	6.07995	1.06647	0	0.47805	0.53763	10.21663	1.06647	0	-0.00338	-0.00988	0.68221	0.00194	1	-0.00518	-0.00945	0.67718	0.00348	1	1.45898	0.81042	0	
1254854	8463.62402	3305435831140	0.00000	0.00000	8463.54297	0.04004	11450	0	0.74250	0.55773	0	0.34005	0.40093	0	0.34005	0.40093	0	0.48679	0.51246	6.07995	1.06647	0	0.47805	0.53763	10.21663	1.06647	0	-0.00338	-0.00988	0.68221	0.00194	1	-0.00518	-0.00945	0.67718	0.00348	1	1.45898	0.81042	0	
1254855	8463.62988	3305435898017	0.00000	0.00000	8463.54297	0.04004	11450	0	0.74250	0.55773	0	0.34005	0.40093	0	0.34005	0.40093	0	0.48679	0.51246	6.07995	1.06647	0	0.47805	0.53763	10.21663	1.06647	0	-0.00338	-0.00988	0.68221	0.00194	1	-0.00518	-0.00945	0.67718	0.00348	1	1.45898	0.81042	0	
1254856	8463.63672	3305435965476	0.00000	0.00000	8463.54297	0.04004	11450	0	0.74250	0.55773	0	0.34005	0.40093	0	0.34005	0.40093	0	0.48679	0.51246	6.07995	1.06647	0	0.47805	0.53763	10.21663	1.06647	0	-0.00338	-0.00988	0.68221	0.00194	1	-0.00518	-0.00945	0.67718	0.00348	1	1.45898	0.81042	0	
1254857	8463.64355	3305436031660	0.00000	0.00000	8463.54297	0.04004	11450	0	0.74250	0.55773	0	0.34005	0.40093	0	0.34005	0.40093	0	0.48679	0.51246	6.07995	1.06647	0	0.47805	0.53763	10.21663	1.06647	0	-0.00338	-0.00988	0.68221	0.00194	1	-0.00518	-0.00945	0.67718	0.00348	1	1.45898	0.81042	0	
1254858	8463.65039	3305436096734	0.00000	0.00000	8463.54297	0.04004	11450	0	0.74250	0.55773	0	0.34005	0.40093	0	0.34005	0.40093	0	0.48679	0.51246	6.07995	1.06647	0	0.47805	0.53763	10.21663	1.06647	0	-0.00338	-0.00988	0.68221	0.00194	1	-0.00518	-0.00945	0.67718	0.00348	1	1.45898	0.81042	0	
1254859	8463.65723	3305436163360	0.00000	0.00000	8463.54297	0.04004	11450	0	0.74250	0.55773	0	0.34005	0.40093	0	0.34005	0.40093	0	0.48679	0.51246	6.07995	1.06647	0	0.47805	0.53763	10.21663	1.06647	0	-0.00338	-0.00988	0.68221	0.00194	1	-0.00518	-0.00945	0.67718	0.00348	1	1.45898	0.81042	0	
1254860	8463.66406	3305436233705	0.00000	0.00000	8463.54297	0.04004	11450	0	0.74250	0.55773	0	0.34005	0.40093	0	0.34005	0.40093	0	0.48679	0.51246	6.07995	1.06647	0	0.47805	0.53763	10.21663	1.06647	0	-0.00338	-0.00988	0.68221	0.00194	1	-0.00518	-0.00945	0.67718	0.00348	1	1.45898	0.81042	0	
1254861	8463.66992	3305436297470	0.00000	0.00000	8463.54297	0.04004	11450	0	0.74250	0.55773	0	0.34005	0.40093	0	0.34005	0.40093	0	0.48679	0.51246	6.07995	1.06647	0	0.47805	0.53763	10.21663	1.06647	0	-0.00338	-0.00988	0.68221	0.00194	1	-0.00518	-0.00945	0.67718	0.00348	1	1.45898	0.81042	0	
1254862	8463.67676	3305436366873	0.00000	0.00000	8463.54297	0.04004	11450	0	0.74250	0.55773	0	0.34005	0.40093	0	0.34005	0.40093	0	0.48679	0.51246	6.07995	1.06647	0	0.47805	0.53763	10.21663	1.06647	0	-0.00338	-0.00988	0.68221	0.00194	1	-0.00518	-0.00945	0.67718	0.00348	1	1.45898	0.81042	0	
1254863	8463.68359	3305436433967	0.00000	0.00000	8463.54297	0.04004	11450	0	0.74250	0.55773	0	0.34005	0.40093	0	0.34005	0.40093	0	0.48679	0.51246	6.07995	1.06647	0	0.47805	0.53763	10.21663	1.06647	0	-0.00338	-0.00988	0.68221	0.00194	1	-0.00518	-0.00945	0.67718	0.00348	1	1.45898	0.81042	0	
1254864	8463.69043	3305436499744	0.00000	0.00000	8463.54297	0.04004	11450	0	0.74250	0.55773	0	0.34005	0.40093	0	0.34005	0.40093	0	0.48679	0.51246	6.07995	1.06647	0	0.47805	0.53763	10.21663	1.06647	0	-0.00338	-0.00988	0.68221	0.00194	1	-0.00518	-0.00945	0.67718	0.00348	1	1.45898	0.81042	0	
1254865	8463.69727	3305436567599	0.19840	0.21284	8463.54297	0.04004	11450	0	0.74250	0.55773	0	0.39680	0.42568	1	0.39680	0.42568	1	0.47956	0.53672	10.03909	1.06647	0	0.47956	0.53672	10.03909	1.06647	1	-0.00338	-0.00988	0.68221	0.00194	1	-0.00518	-0.00945	0.67718	0.00347	1	1.45898	0.81042	0	
1254866	8463.70410	3305436634130	0.26454	0.28379	8463.54297	0.04004	11450	0	0.74250	0.55773	0	0.39680	0.42568	1	0.39680	0.42568	1	0.47956	0.53672	10.03909	1.06647	0	0.47960	0.53694	10.80243	1.06647	1	-0.00338	-0.00988	0.68221	0.00194	1	-0.00498	-0.00926	0.67813	0.00334	1	1.45898	0.81042	0	
1254867	8463.71094	3305436701233	0.38893	0.42171	8463.54297	0.04004	11450	0	0.74250	0.55773	0	0.37318	0.41376	1	0.37318	0.41376	1	0.47956	0.53672	10.03909	1.06647	0	0.47951	0.53661	10.04372	1.06647	1	-0.00338	-0.00988	0.68221	0.00194	1	-0.00498	-0.00926	0.67813	0.00345	1	1.45898	0.81042	0	
1254868	8463.71777	3305436768209	0.38893	0.42171	8463.54297	0.04004	11450	0	0.74250	0.55773	0	0.37318	0.41376	0	0.37318	0.41376	0	0.47956	0.53672	10.03909	1.06647	0	0.47951	0.53661	10.04372	1.06647	0	-0.00338	-0.00988	0.68221	0.00194	1	-0.00498	-0.00926	0.67813	0.00345	1	1.45898	0.81042	0	
1254869	8463.72363	3305436828470	0.38893	0.42171	8463.54297	0.04004	11450	0	0.74250	0.55773	0	0.37318	0.41376	0	0.37318	0.41376	0	0.47956	0.53672	10.03909	1.06647	0	0.47951	0.53661	10.04372	1.06647	0	-0.00338	-0.00988	0.68221	0.00194	1	-0.00498	-0.00926	0.67813	0.00345	1	1.45898	0.81042	0	
1254870	8463.73047	3305436901129	0.00000	0.00000	8463.54297	0.04004	11450	0	0.74250	0.55773	0	0.37318	0.41376	0	0.37318	0.41376	0	0.47956	0.53672	10.03909	1.06647	0	0.47951	0.53661	10.04372	1.06647	0	-0.00338	-0.00988	0.68221	0.00194	1	-0.00498	-0.00926	0.67813	0.00345	1	1.45898	0.81042	0	
1254871	8463.73730	3305436967808	0.00000	0.00000	8463.54297	0.04004	11450	0	0.74250	0.55773	0	0.37318	0.41376	0	0.37318	0.41376	0	0.47956	0.53672	10.03909	1.06647	0	0.47951	0.53661	10.04372	1.06647	0	-0.00338	-0.00988	0.68221	0.00194	1	-0.00498	-0.00926	0.67813	0.00345	1	1.45898	0.81042	0	
1254872	8463.74414	3305437033537	0.00000	0.00000	8463.54297	0.04004	11450	0	0.74250	0.55773	0	0.37318	0.41376	0	0.37318	0.41376	0	0.47956	0.53672	10.03909	1.06647	0	0.47951	0.53661	10.04372	1.06647	0	-0.00338	-0.00988	0.68221	0.00194	1	-0.00498	-0.00926	0.67813	0.00345	1	1.45898	0.81042	0	
1254873	8463.75098	3305437100221	0.00000	0.00000	8463.54297	0.04004	11450	0	0.74250	0.55773	0	0.37318	0.41376	0	0.37318	0.41376	0	0.47956	0.53672	10.03909	1.06647	0	0.47951	0.53661	10.04372	1.06647	0	-0.00338	-0.00988	0.68221	0.00194	1	-0.00498	-0.00926	0.67813	0.00345	1	1.45898	0.81042	0	
1254874	8463.75781	3305437169078	0.00000	0.00000	8463.54297	0.04004	11450	0	0.74250	0.55773	0	0.37318	0.41376	0	0.37318	0.41376	0	0.47956	0.53672	10.03909	1.06647	0	0.47951	0.53661	10.04372	1.06647	0	-0.00338	-0.00988	0.68221	0.00194	1	-0.00498	-0.00926	0.67813	0.00345	1	1.45898	0.81042	0	
1254875	8463.76367	3305437235182	0.00000	0.00000	8463.54297	0.04004	11450	0	0.74250	0.55773	0	0.37318	0.41376	0	0.37318	0.41376	0	0.47956	0.53672	10.03909	1.06647	0	0.47951	0.53661	10.04372	1.06647	0	-0.00338	-0.00988	0.68221	0.00194	1	-0.00498	-0.00926	0.67813	0.00345	1	1.45898	0.81042	0	
1254876	8463.77051	3305437299597	0.00000	0.00000	8463.54297	0.04004	11450	0	0.74250	0.55773	0	0.37318	0.41376	0	0.37318	0.41376	0	0.47956	0.53672	10.03909	1.06647	0	0.47951	0.53661	10.04372	1.06647	0	-0.00338	-0.00988	0.68221	0.00194	1	-0.00498	-0.00926	0.67813	0.00345	1	1.45898	0.81042	0	
1254877	8463.77734	3305437369859	0.00000	0.00000	8463.54297	0.04004	11450	0	0.74250	0.55773	0	0.37318	0.41376	0	0.37318	0.41376	0	0.47956	0.53672	10.03909	1.06647	0	0.47951	0.53661	10.04372	1.06647	0	-0.00338	-0.00988	0.68221	0.00194	1	-0.00498	-0.00926	0.67813	0.00345	1	1.45898	0.81042	0	
1254878	8463.78418	3305437434591	0.00000	0.00000	8463.54297	0.04004	11450	0	0.74250	0.55773	0	0.37318	0.41376	0	0.37318	0.41376	0	0.47956	0.53672	10.03909	1.06647	0	0.47951	0.53661	10.04372	1.06647	0	-0.00338	-0.00988	0.68221	0.00194	1	-0.00498	-0.00926	0.67813	0.00345	1	1.45898	0.81042	0	
1254879	8463.79102	3305437505404	0.00000	0.00000	8463.54297	0.04004	11450	0	0.74250	0.55773	0	0.37318	0.41376	0	0.37318	0.41376	0	0.47956	0.53672	10.03909	1.06647	0	0.47951	0.53661	10.04372	1.06647	0	-0.00338	-0.00988	0.68221	0.00194	1	-0.00498	-0.00926	0.67813	0.00345	1	1.45898	0.81042	0	
1254880	8463.79785	3305437572098	0.00000	0.00000	8463.54297	0.04004	11450	0	0.74250	0.55773	0	0.37318	0.41376	0	0.37318	0.41376	0	0.47956	0.53672	10.03909	1.06647	0	0.47951	0.53661	10.04372	1.06647	0	-0.00338	-0.00988	0.68221	0.00194	1	-0.00498	-0.00926	0.67813	0.00345	1	1.45898	0.81042	0	
1254881	8463.80469	3305437639107	0.00000	0.00000	8463.54297	0.04004	11450	0	0.74250	0.55773	0	0.37318	0.41376	0	0.37318	0.41376	0	0.47956	0.53672	10.03909	1.06647	0	0.47951	0.53661	10.04372	1.06647	0	-0.00338	-0.00988	0.68221	0.00194	1	-0.00498	-0.00926	0.67813	0.00345	1	1.45898	0.81042	0	
1254882	8463.81152	3305437707450	0.00000	0.00000	8463.54297	0.04004	11450	0	0.74250	0.55773	0	0.37318	0.41376	0	0.37318	0.41376	0	0.47956	0.53672	10.03909	1.06647	0	0.47951	0.53661	10.04372	1.06647	0	-0.00338	-0.00988	0.68221	0.00194	1	-0.00498	-0.00926	0.67813	0.00345	1	1.45898	0.81042	0	
1254883	8463.81738	3305437773168	0.00000	0.00000	8463.54297	0.04004	11450	0	0.74250	0.55773	0	0.37318	0.41376	0	0.37318	0.41376	0	0.47956	0.53672	10.03909	1.06647	0	0.47951	0.53661	10.04372	1.06647	0	-0.00338	-0.00988	0.68221	0.00194	1	-0.00498	-0.00926	0.67813	0.00345	1	1.45898	0.81042	0	
1254884	8463.82422	3305437840114	0.00000	0.00000	8463.54297	0.04004	11450	0	0.74250	0.55773	0	0.37318	0.41376	0	0.37318	0.41376	0	0.47956	0.53672	10.03909	1.06647	0	0.47951	0.53661	10.04372	1.06647	0	-0.00338	-0.00988	0.68221	0.00194	1	-0.00498	-0.00926	0.67813	0.00345	1	1.45898	0.81042	0	
1254885	8463.83105	3305437903308	0.00000	0.00000	8463.54297	0.04004	11450	0	0.74250	0.55773	0	0.37318	0.41376	0	0.37318	0.41376	0	0.47956	0.53672	10.03909	1.06647	0	0.47951	0.53661	10.04372	1.06647	0	-0.00338	-0.00988	0.68221	0.00194	1	-0.00498	-0.00926	0.67813	0.00345	1	1.45898	0.81042	0	
1254886	8463.83789	3305437970947	0.00000	0.00000	8463.54297	0.04004	11450	0	0.74250	0.55773	0	0.37318	0.41376	0	0.37318	0.41376	0	0.47956	0.53672	10.03909	1.06647	0	0.47951	0.53661	10.04372	1.06647	0	-0.00338	-0.00988	0.68221	0.00194	1	-0.00498	-0.00926	0.67813	0.00345	1	1.45898	0.81042	0	
1254887	8463.84473	3305438038632	0.00000	0.00000	8463.54297	0.04004	11450	0	0.74250	0.55773	0	0.37318	0.41376	0	0.37318	0.41376	0	0.47956	0.53672	10.03909	1.06647	0	0.47951	0.53661	10.04372	1.06647	0	-0.00338	-0.00988	0.68221	0.00194	1	-0.00498	-0.00926	0.67813	0.00345	1	1.45898	0.81042	0	
1254888	8463.85156	3305438107334	0.00000	0.00000	8463.54297	0.04004	11450	0	0.74250	0.55773	0	0.37318	0.41376	0	0.37318	0.41376	0	0.47956	0.53672	10.03909	1.06647	0	0.47951	0.53661	10.04372	1.06647	0	-0.00338	-0.00988	0.68221	0.00194	1	-0.00498	-0.00926	0.67813	0.00345	1	1.45898	0.81042	0	
1254889	8463.85742	3305438174152	0.00000	0.00000	8463.54297	0.04004	11450	0	0.74250	0.55773	0	0.37318	0.41376	0	0.37318	0.41376	0	0.47956	0.53672	10.03909	1.06647	0	0.47951	0.53661	10.04372	1.06647	0	-0.00338	-0.00988	0.68221	0.00194	1	-0.00498	-0.00926	0.67813	0.00345	1	1.45898	0.81042	0	
1254890	8463.86426	3305438239084	0.00000	0.00000	8463.54297	0.04004	11450	0	0.74250	0.55773	0	0.37318	0.41376	0	0.37318	0.41376	0	0.47956	0.53672	10.03909	1.06647	0	0.47951	0.53661	10.04372	1.06647	0	-0.00338	-0.00988	0.68221	0.00194	1	-0.00498	-0.00926	0.67813	0.00345	1	1.45898	0.81042	0	
1254891	8463.87109	3305438305873	0.00000	0.00000	8463.54297	0.04004	11450	0	0.74250	0.55773	0	0.37318	0.41376	0	0.37318	0.41376	0	0.47956	0.53672	10.03909	1.06647	0	0.47951	0.53661	10.04372	1.06647	0	-0.00338	-0.00988	0.68221	0.00194	1	-0.00498	-0.00926	0.67813	0.00345	1	1.45898	0.81042	0	
1254892	8463.87793	3305438373503	0.00000	0.00000	8463.54297	0.04004	11450	0	0.74250	0.55773	0	0.37318	0.41376	0	0.37318	0.41376	0	0.47956	0.53672	10.03909	1.06647	0	0.47951	0.53661	10.04372	1.06647	0	-0.00338	-0.00988	0.68221	0.00194	1	-0.00498	-0.00926	0.67813	0.00345	1	1.45898	0.81042	0	
1254893	8463.88477	3305438439652	0.00000	0.00000	8463.54297	0.04004	11450	0	0.74250	0.55773	0	0.37318	0.41376	0	0.37318	0.41376	0	0.47956	0.53672	10.03909	1.06647	0	0.47951	0.53661	10.04372	1.06647	0	-0.00338	-0.00988	0.68221	0.00194	1	-0.00498	-0.00926	0.67813	0.00345	1	1.45898	0.81042	0	
1254894	8463.89062	3305438505115	0.00000	0.00000	8463.54297	0.04004	11450	0	0.74250	0.55773	0	0.37318	0.41376	0	0.37318	0.41376	0	0.47956	0.53672	10.03909	1.06647	0	0.47951	0.53661	10.04372	1.06647	0	-0.00338	-0.00988	0.68221	0.00194	1	-0.00498	-0.00926	0.67813	0.00345	1	1.45898	0.81042	0	
1254895	8463.89844	3305438576956	0.00000	0.00000	8463.54297	0.04004	11450	0	0.74250	0.55773	0	0.37318	0.41376	0	0.37318	0.41376	0	0.47956	0.53672	10.03909	1.06647	0	0.47951	0.53661	10.04372	1.06647	0	-0.00338	-0.00988	0.68221	0.00194	1	-0.00498	-0.00926	0.67813	0.00345	1	1.45898	0.81042	0	
1254896	8463.90527	3305438643912	0.00000	0.00000	8463.54297	0.04004	11450	0	0.74250	0.55773	0	0.37318	0.41376	0	0.37318	0.41376	0	0.47956	0.53672	10.03909	1.06647	0	0.47951	0.53661	10.04372	1.06647	0	-0.00338	-0.00988	0.68221	0.00194	1	-0.00498	-0.00926	0.67813	0.00345	1	1.45898	0.81042	0	
1254897	8463.91113	3305438710048	0.00000	0.00000	8463.54297	0.04004	11450	0	0.74250	0.55773	0	0.37318	0.41376	0	0.37318	0.41376	0	0.47956	0.53672	10.03909	1.06647	0	0.47951	0.53661	10.04372	1.06647	0	-0.00338	-0.00988	0.68221	0.00194	1	-0.00498	-0.00926	0.67813	0.00345	1	1.45898	0.81042	0	
1254898	8463.91797	3305438777617	0.00000	0.00000	8463.54297	0.04004	11450	0	0.74250	0.55773	0	0.37318	0.41376	0	0.37318	0.41376	0	0.47956	0.53672	10.03909	1.06647	0	0.47951	0.53661	10.04372	1.06647	0	-0.00338	-0.00988	0.68221	0.00194	1	-0.00498	-0.00926	0.67813	0.00345	1	1.45898	0.81042	0	
1254899	8463.92480	3305438844734	0.00000	0.00000	8463.54297	0.04004	11450	0	0.74250	0.55773	0	0.37318	0.41376	0	0.37318	0.41376	0	0.47956	0.53672	10.03909	1.06647	0	0.47951	0.53661	10.04372	1.06647	0	-0.00338	-0.00988	0.68221	0.00194	1	-0.00498	-0.00926	0.67813	0.00345	1	1.45898	0.81042	0	
1254900	8463.93164	3305438912260	0.00000	0.00000	8463.54297	0.04004	11450	0	0.74250	0.55773	0	0.37318	0.41376	0	0.37318	0.41376	0	0.47956	0.53672	10.03909	1.06647	0	0.47951	0.53661	10.04372	1.06647	0	-0.00338	-0.00988	0.68221	0.00194	1	-0.00498	-0.00926	0.67813	0.00345	1	1.45898	0.81042	0	
1254901	8463.93848	3305438978696	0.00000	0.00000	8463.54297	0.04004	11450	0	0.74250	0.55773	0	0.37318	0.41376	0	0.37318	0.41376	0	0.47956	0.53672	10.03909	1.06647	0	0.47951	0.53661	10.04372	1.06647	0	-0.00338	-0.00988	0.68221	0.00194	1	-0.00498	-0.00926	0.67813	0.00345	1	1.45898	0.81042	0	
1254902	8463.94531	3305439046027	0.00000	0.00000	8463.54297	0.04004	11450	0	0.74250	0.55773	0	0.37318	0.41376	0	0.37318	0.41376	0	0.47956	0.53672	10.03909	1.06647	0	0.47951	0.53661	10.04372	1.06647	0	-0.00338	-0.00988	0.68221	0.00194	1	-0.00498	-0.00926	0.67813	0.00345	1	1.45898	0.81042	0	
1254903	8463.95215	3305439112781	0.00000	0.00000	8463.54297	0.04004	11450	0	0.74250	0.55773	0	0.37318	0.41376	0	0.37318	0.41376	0	0.47956	0.53672	10.03909	1.06647	0	0.47951	0.53661	10.04372	1.06647	0	-0.00338	-0.00988	0.68221	0.00194	1	-0.00498	-0.00926	0.67813	0.00345	1	1.45898	0.81042	0	
1254904	8463.95801	3305439179677	0.00000	0.00000	8463.54297	0.04004	11450	0	0.74250	0.55773	0	0.37318	0.41376	0	0.37318	0.41376	0	0.47956	0.53672	10.03909	1.06647	0	0.47951	0.53661	10.04372	1.06647	0	-0.00338	-0.00988	0.68221	0.00194	1	-0.00498	-0.00926	0.67813	0.00345	1	1.45898	0.81042	0	
1254905	8463.96484	3305439246703	0.00000	0.00000	8463.54297	0.04004	11450	0	0.74250	0.55773	0	0.37318	0.41376	0	0.37318	0.41376	0	0.47956	0.53672	10.03909	1.06647	0	0.47951	0.53661	10.04372	1.06647	0	-0.00338	-0.00988	0.68221	0.00194	1	-0.00498	-0.00926	0.67813	0.00345	1	1.45898	0.81042	0	
1254906	8463.97168	3305439313714	0.00000	0.00000	8463.54297	0.04004	11450	0	0.74250	0.55773	0	0.37318	0.41376	0	0.37318	0.41376	0	0.47956	0.53672	10.03909	1.06647	0	0.47951	0.53661	10.04372	1.06647	0	-0.00338	-0.00988	0.68221	0.00194	1	-0.00498	-0.00926	0.67813	0.00345	1	1.45898	0.81042	0	
1254907	8463.97852	3305439381322	0.00000	0.00000	8463.54297	0.04004	11450	0	0.74250	0.55773	0	0.37318	0.41376	0	0.37318	0.41376	0	0.47956	0.53672	10.03909	1.06647	0	0.47951	0.53661	10.04372	1.06647	0	-0.00338	-0.00988	0.68221	0.00194	1	-0.00498	-0.00926	0.67813	0.00345	1	1.45898	0.81042	0	
1254908	8463.98535	3305439446675	0.00000	0.00000	8463.54297	0.04004	11450	0	0.74250	0.55773	0	0.37318	0.41376	0	0.37318	0.41376	0	0.47956	0.53672	10.03909	1.06647	0	0.47951	0.53661	10.04372	1.06647	0	-0.00338	-0.00988	0.68221	0.00194	1	-0.00498	-0.00926	0.67813	0.00345	1	1.45898	0.81042	0	
1254909	8463.99219	3305439514602	0.00000	0.00000	8463.54297	0.04004	11450	0	0.74250	0.55773	0	0.37318	0.41376	0	0.37318	0.41376	0	0.47956	0.53672	10.03909	1.06647	0	0.47951	0.53661	10.04372	1.06647	0	-0.00338	-0.00988	0.68221	0.00194	1	-0.00498	-0.00926	0.67813	0.00345	1	1.45898	0.81042	0	
1254910	8463.99902	3305439581718	0.00000	0.00000	8463.54297	0.04004	11450	0	0.74250	0.55773	0	0.37318	0.41376	0	0.37318	0.41376	0	0.47956	0.53672	10.03909	1.06647	0	0.47951	0.53661	10.04372	1.06647	0	-0.00338	-0.00988	0.68221	0.00194	1	-0.00498	-0.00926	0.67813	0.00345	1	1.45898	0.81042	0	
1254911	8464.00586	3305439649828	0.00000	0.00000	8463.54297	0.04004	11450	0	0.74250	0.55773	0	0.37318	0.41376	0	0.37318	0.41376	0	0.47956	0.53672	10.03909	1.06647	0	0.47951	0.53661	10.04372	1.06647	0	-0.00338	-0.00988	0.68221	0.00194	1	-0.00498	-0.00926	0.67813	0.00345	1	1.45898	0.81042	0	
1254912	8464.01172	3305439716582	0.00000	0.00000	8463.54297	0.04004	11450	0	0.74250	0.55773	0	0.37318	0.41376	0	0.37318	0.41376	0	0.47956	0.53672	10.03909	1.06647	0	0.47951	0.53661	10.04372	1.06647	0	-0.00338	-0.00988	0.68221	0.00194	1	-0.00498	-0.00926	0.67813	0.00345	1	1.45898	0.81042	0	
1254913	8464.01855	3305439781488	0.00000	0.00000	8463.54297	0.04004	11450	0	0.74250	0.55773	0	0.37318	0.41376	0	0.37318	0.41376	0	0.47956	0.53672	10.03909	1.06647	0	0.47951	0.53661	10.04372	1.06647	0	-0.00338	-0.00988	0.68221	0.00194	1	-0.00498	-0.00926	0.67813	0.00345	1	1.45898	0.81042	0	
1254914	8464.02539	3305439848872	0.00000	0.00000	8463.54297	0.04004	11450	0	0.74250	0.55773	0	0.37318	0.41376	0	0.37318	0.41376	0	0.47956	0.53672	10.03909	1.06647	0	0.47951	0.53661	10.04372	1.06647	0	-0.00338	-0.00988	0.68221	0.00194	1	-0.00498	-0.00926	0.67813	0.00345	1	1.45898	0.81042	0	
1254915	8464.03223	3305439916558	0.00000	0.00000	8463.54297	0.04004	11450	0	0.74250	0.55773	0	0.37318	0.41376	0	0.37318	0.41376	0	0.47956	0.53672	10.03909	1.06647	0	0.47951	0.53661	10.04372	1.06647	0	-0.00338	-0.00988	0.68221	0.00194	1	-0.00498	-0.00926	0.67813	0.00345	1	1.45898	0.81042	0	
1254916	8464.03906	3305439983757	0.00000	0.00000	8463.54297	0.04004	11450	0	0.74250	0.55773	0	0.37318	0.41376	0	0.37318	0.41376	0	0.47956	0.53672	10.03909	1.06647	0	0.47951	0.53661	10.04372	1.06647	0	-0.00338	-0.00988	0.68221	0.00194	1	-0.00498	-0.00926	0.67813	0.00345	1	1.45898	0.81042	0	
1254917	8464.04590	3305440050543	0.00000	0.00000	8463.54297	0.04004	11450	0	0.74250	0.55773	0	0.37318	0.41376	0	0.37318	0.41376	0	0.47956	0.53672	10.03909	1.06647	0	0.47951	0.53661	10.04372	1.06647	0	-0.00338	-0.00988	0.68221	0.00194	1	-0.00498	-0.00926	0.67813	0.00345	1	1.45898	0.81042	0	
1254918	8464.05273	3305440118012	0.38863	0.41582	8463.54297	0.04004	11450	0	0.74250	0.55773	0	0.38863	0.41582	1	0.38863	0.41582	1	0.47956	0.53672	10.03909	1.06647	0	0.48076	0.53698	9.79856	1.06647	1	-0.00338	-0.00988	0.68221	0.00194	1	-0.00498	-0.00926	0.67813	0.00326	1	1.45898	0.81042	0	
1254919	8464.05859	3305440184525	0.38093	0.28402	8463.54297	0.04004	11450	0	0.74250	0.55773	0	0.37324	0.15221	1	0.37324	0.15221	1	0.47956	0.53672	10.03909	1.06647	0	0.48047	0.53408	9.88226	1.06647	1	-0.00338	-0.00988	0.68221	0.00194	1	-0.00498	-0.00926	0.67813	0.00194	1	1.45898	0.81042	0	
1254920	8464.06543	3305440247198	0.37851	0.24257	8463.54297	0.04004	11450	0	0.74250	0.55773	0	0.37366	0.15967	1	0.37366	0.15967	1	0.47956	0.53672	10.03909	1.06647	0	0.48069	0.53683	9.37529	1.05881	1	-0.00338	-0.00988	0.68221	0.00194	1	-0.00468	-0.00951	0.68552	0.00337	1	1.45898	0.81042	0	
1254921	8464.07227	3305440318650	0.38090	0.24195	8463.54297	0.04004	11450	0	0.74250	0.55773	0	0.39578	0.41395	1	0.39578	0.41395	1	0.47956	0.53672	10.03909	1.05881	0	0.48094	0.53669	9.79152	1.05115	1	-0.00338	-0.00988	0.68221	0.00194	1	-0.00468	-0.00951	0.68552	0.00326	1	1.45898	0.81042	0	
1254922	8464.07910	3305440385362	0.37208	0.20707	8463.54297	0.04004	11450	0	0.74250	0.55773	0	0.36327	0.17219	1	0.36327	0.17219	1	0.47956	0.53672	10.03909	1.05115	0	0.48039	0.53414	9.61946	1.04349	1	-0.00338	-0.00988	0.68221	0.00194	1	-0.00468	-0.00951	0.68552	0.00194	1	1.45898	0.81042	0	
1254923	8464.08594	3305440452050	0.36914	0.19544	8463.54297	0.04004	11450	0	0.74250	0.55773	0	0.36327	0.17219	1	0.36327	0.17219	1	0.47956	0.53672	10.03909	1.04349	0	0.48049	0.53423	9.66052	1.04349	1	-0.00338	-0.00988	0.68221	0.00194	1	-0.00455	-0.00936	0.67490	0.00189	1	1.45898	0.81042	0	
1254924	8464.09277	3305440519076	0.36709	0.26030	8464.07227	0.02051	11451	1	0.74250	0.55773	0	0.36092	0.45489	1	0.36092	0.45489	1	0.47956	0.53672	10.03909	1.04349	0	0.48083	0.53721	10.19188	1.05115	1	-0.00338	-0.00988	0.68221	0.00194	1	-0.00455	-0.00936	0.67490	0.00341	1	1.45898	0.81042	0	
1254925	8464.09863	3305440586222	0.36288	0.29822	8464.07227	0.02637	11451	1	0.74250	0.55773	0	0.34604	0.44991	1	0.34604	0.44991	1	0.47956	0.53672	10.03909	1.05115	0	0.48069	0.53714	9.61537	1.05881	1	-0.00338	-0.00988	0.68221	0.00194	1	-0.00455	-0.00936	0.67490	0.00348	1	1.45898	0.81042	0	
1254926	8464.10547	3305440653435	0.35997	0.32261	8464.07227	0.03320	11451	1	0.74250	0.55773	0	0.34541	0.44455	1	0.34541	0.44455	1	0.47956	0.53672	10.03909	1.05881	0	0.48070	0.53704	9.71427	1.06647	1	-0.00338	-0.00988	0.68221	0.00194	1	-0.00455	-0.00936	0.67490	0.00354	1	1.45898	0.81042	0	
1254927	8464.11230	3305440720399	0.35965	0.29436	8464.07227	0.04004	11451	1	0.74250	0.55773	0	0.35774	0.12488	1	0.35774	0.12488	1	0.47956	0.53672	10.03909	1.06647	0	0.48063	0.53432	9.56640	1.06647	1	-0.00338	-0.00988	0.68221	0.00194	1	-0.00455	-0.00936	0.67490	0.00197	1	1.45898	0.81042	0	
1254928	8464.11914	3305440787169	0.35929	0.27431	8464.07227	0.04688	11451	1	0.74250	0.55773	0	0.35678	0.13392	1	0.35678	0.13392	1	0.47956	0.53672	10.03909	1.06647	0	0.48063	0.53429	9.65031	1.06647	1	-0.00338	-0.00988	0.68221	0.00194	1	-0.00455	-0.00936	0.67490	0.00196	1	1.45898	0.81042	0	
1254929	8464.12598	3305440850437	0.35929	0.27431	8464.07227	0.05371	11451	1	0.74250	0.55773	0	0.35678	0.13392	0	0.35678	0.13392	0	0.47956	0.53672	10.03909	1.06647	0	0.48063	0.53429	9.65031	1.06647	0	-0.00338	-0.00988	0.68221	0.00194	1	-0.00455	-0.00936	0.67490	0.00196	1	1.45898	0.81042	0	
1254930	8464.13281	3305440920747	0.35929	0.27431	8464.07227	0.06055	11451	1	0.74250	0.55773	0	0.35678	0.13392	0	0.35678	0.13392	0	0.47956	0.53672	10.03909	1.06647	0	0.48063	0.53429	9.65031	1.06647	0	-0.00338	-0.00988	0.68221	0.00194	1	-0.00455	-0.00936	0.67490	0.00196	1	1.45898	0.81042	0	
1254931	8464.13867	3305440984314	0.35929	0.27431	8464.07227	0.06641	11451	1	0.74250	0.55773	0	0.35678	0.13392	0	0.35678	0.13392	0	0.47956	0.53672	10.03909	1.06647	0	0.48063	0.53429	9.65031	1.06647	0	-0.00338	-0.00988	0.68221	0.00194	1	-0.00455	-0.00936	0.67490	0.00196	1	1.45898	0.81042	0	
1254932	8464.14551	3305441052561	0.35620	0.27893	8464.07227	0.06641	11451	0	0.74250	0.55773	0	0.35678	0.13392	0	0.35678	0.13392	0	0.47956	0.53672	10.03909	1.06647	0	0.48063	0.53429	9.65031	1.06647	0	-0.00338	-0.00988	0.68221	0.00194	1	-0.00455	-0.00936	0.67490	0.00196	1	1.45898	0.81042	0	
1254933	8464.15234	3305441118603	0.35620	0.27893	8464.07227	0.06641	11451	0	0.74250	0.55773	0	0.35678	0.13392	0	0.35678	0.13392	0	0.47956	0.53672	10.03909	1.06647	0	0.48063	0.53429	9.65031	1.06647	0	-0.00338	-0.00988	0.68221	0.00194	1	-0.00455	-0.00936	0.67490	0.00196	1	1.45898	0.81042	0	
1254934	8464.15918	3305441189541	0.35620	0.27893	8464.07227	0.06641	11451	0	0.74250	0.55773	0	0.35678	0.13392	0	0.35678	0.13392	0	0.47956	0.53672	10.03909	1.06647	0	0.48063	0.53429	9.65031	1.06647	0	-0.00338	-0.00988	0.68221	0.00194	1	-0.00455	-0.00936	0.67490	0.00196	1	1.45898	0.81042	0	
1254935	8464.16602	3305441254535	0.00000	0.00000	8464.07227	0.06641	11451	0	0.74250	0.55773	0	0.35678	0.13392	0	0.35678	0.13392	0	0.47956	0.53672	10.03909	1.06647	0	0.48063	0.53429	9.65031	1.06647	0	-0.00338	-0.00988	0.68221	0.00194	1	-0.00455	-0.00936	0.67490	0.00196	1	1.45898	0.81042	0	
1254936	8464.17285	3305441320101	0.00000	0.00000	8464.07227	0.06641	11451	0	0.74250	0.55773	0	0.35678	0.13392	0	0.35678	0.13392	0	0.47956	0.53672	10.03909	1.06647	0	0.48063	0.53429	9.65031	1.06647	0	-0.00338	-0.00988	0.68221	0.00194	1	-0.00455	-0.00936	0.67490	0.00196	1	1.45898	0.81042	0	
1254937	8464.17969	3305441388927	0.00000	0.00000	8464.07227	0.06641	11451	0	0.74250	0.55773	0	0.35678	0.13392	0	0.35678	0.13392	0	0.47956	0.53672	10.03909	1.06647	0	0.48063	0.53429	9.65031	1.06647	0	-0.00338	-0.00988	0.68221	0.00194	1	-0.00455	-0.00936	0.67490	0.00196	1	1.45898	0.81042	0	
1254938	8464.18555	3305441454832	0.00000	0.00000	8464.07227	0.06641	11451	0	0.74250	0.55773	0	0.35678	0.13392	0	0.35678	0.13392	0	0.47956	0.53672	10.03909	1.06647	0	0.48063	0.53429	9.65031	1.06647	0	-0.00338	-0.00988	0.68221	0.00194	1	-0.00455	-0.00936	0.67490	0.00196	1	1.45898	0.81042	0	
1254939	8464.19336	3305441524294	0.00000	0.00000	8464.07227	0.06641	11451	0	0.74250	0.55773	0	0.35678	0.13392	0	0.35678	0.13392	0	0.47956	0.53672	10.03909	1.06647	0	0.48063	0.53429	9.65031	1.06647	0	-0.00338	-0.00988	0.68221	0.00194	1	-0.00455	-0.00936	0.67490	0.00196	1	1.45898	0.81042	0	
1254940	8464.19922	3305441591407	0.00000	0.00000	8464.07227	0.06641	11451	0	0.74250	0.55773	0	0.35678	0.13392	0	0.35678	0.13392	0	0.47956	0.53672	10.03909	1.06647	0	0.48063	0.53429	9.65031	1.06647	0	-0.00338	-0.00988	0.68221	0.00194	1	-0.00455	-0.00936	0.67490	0.00196	1	1.45898	0.81042	0	
1254941	8464.20605	3305441656202	0.00000	0.00000	8464.07227	0.06641	11451	0	0.74250	0.55773	0	0.35678	0.13392	0	0.35678	0.13392	0	0.47956	0.53672	10.03909	1.06647	0	0.48063	0.53429	9.65031	1.06647	0	-0.00338	-0.00988	0.68221	0.00194	1	-0.00455	-0.00936	0.67490	0.00196	1	1.45898	0.81042	0	
1254942	8464.21289	3305441725247	0.00000	0.00000	8464.07227	0.06641	11451	0	0.74250	0.55773	0	0.35678	0.13392	0	0.35678	0.13392	0	0.47956	0.53672	10.03909	1.06647	0	0.48063	0.53429	9.65031	1.06647	0	-0.00338	-0.00988	0.68221	0.00194	1	-0.00455	-0.00936	0.67490	0.00196	1	1.45898	0.81042	0	
1254943	8464.21973	3305441792283	0.00000	0.00000	8464.07227	0.06641	11451	0	0.74250	0.55773	0	0.35678	0.13392	0	0.35678	0.13392	0	0.47956	0.53672	10.03909	1.06647	0	0.48063	0.53429	9.65031	1.06647	0	-0.00338	-0.00988	0.68221	0.00194	1	-0.00455	-0.00936	0.67490	0.00196	1	1.45898	0.81042	0	
1254944	8464.22656	3305441857386	0.00000	0.00000	8464.07227	0.06641	11451	0	0.74250	0.55773	0	0.35678	0.13392	0	0.35678	0.13392	0	0.47956	0.53672	10.03909	1.06647	0	0.48063	0.53429	9.65031	1.06647	0	-0.00338	-0.00988	0.68221	0.00194	1	-0.00455	-0.00936	0.67490	0.00196	1	1.45898	0.81042	0	
1254945	8464.23340	3305441926003	0.00000	0.00000	8464.07227	0.06641	11451	0	0.74250	0.55773	0	0.35678	0.13392	0	0.35678	0.13392	0	0.47956	0.53672	10.03909	1.06647	0	0.48063	0.53429	9.65031	1.06647	0	-0.00338	-0.00988	0.68221	0.00194	1	-0.00455	-0.00936	0.67490	0.00196	1	1.45898	0.81042	0	
1254946	8464.24023	3305441993294	0.00000	0.00000	8464.07227	0.06641	11451	0	0.74250	0.55773	0	0.35678	0.13392	0	0.35678	0.13392	0	0.47956	0.53672	10.03909	1.06647	0	0.48063	0.53429	9.65031	1.06647	0	-0.00338	-0.00988	0.68221	0.00194	1	-0.00455	-0.00936	0.67490	0.00196	1	1.45898	0.81042	0	
1254947	8464.24609	3305442059675	0.00000	0.00000	8464.07227	0.06641	11451	0	0.74250	0.55773	0	0.35678	0.13392	0	0.35678	0.13392	0	0.47956	0.53672	10.03909	1.06647	0	0.48063	0.53429	9.65031	1.06647	0	-0.00338	-0.00988	0.68221	0.00194	1	-0.00455	-0.00936	0.67490	0.00196	1	1.45898	0.81042	0	
1254948	8464.25293	3305442127215	0.00000	0.00000	8464.07227	0.06641	11451	0	0.74250	0.55773	0	0.35678	0.13392	0	0.35678	0.13392	0	0.47956	0.53672	10.03909	1.06647	0	0.48063	0.53429	9.65031	1.06647	0	-0.00338	-0.00988	0.68221	0.00194	1	-0.00455	-0.00936	0.67490	0.00196	1	1.45898	0.81042	0	
1254949	8464.25977	3305442194126	0.00000	0.00000	8464.07227	0.06641	11451	0	0.74250	0.55773	0	0.35678	0.13392	0	0.35678	0.13392	0	0.47956	0.53672	10.03909	1.06647	0	0.48063	0.53429	9.65031	1.06647	0	-0.00338	-0.00988	0.68221	0.00194	1	-0.00455	-0.00936	0.67490	0.00196	1	1.45898	0.81042	0	
1254950	8464.26660	3305442261279	0.00000	0.00000	8464.07227	0.06641	11451	0	0.74250	0.55773	0	0.35678	0.13392	0	0.35678	0.13392	0	0.47956	0.53672	10.03909	1.06647	0	0.48063	0.53429	9.65031	1.06647	0	-0.00338	-0.00988	0.68221	0.00194	1	-0.00455	-0.00936	0.67490	0.00196	1	1.45898	0.81042	0	
1254951	8464.27344	3305442327581	0.00000	0.00000	8464.07227	0.06641	11451	0	0.74250	0.55773	0	0.35678	0.13392	0	0.35678	0.13392	0	0.47956	0.53672	10.03909	1.06647	0	0.48063	0.53429	9.65031	1.06647	0	-0.00338	-0.00988	0.68221	0.00194	1	-0.00455	-0.00936	0.67490	0.00196	1	1.45898	0.81042	0	
1254952	8464.28027	3305442394847	0.00000	0.00000	8464.07227	0.06641	11451	0	0.74250	0.55773	0	0.35678	0.13392	0	0.35678	0.13392	0	0.47956	0.53672	10.03909	1.06647	0	0.48063	0.53429	9.65031	1.06647	0	-0.00338	-0.00988	0.68221	0.00194	1	-0.00455	-0.00936	0.67490	0.00196	1	1.45898	0.81042	0	
1254953	8464.28711	3305442462251	0.00000	0.00000	8464.07227	0.06641	11451	0	0.74250	0.55773	0	0.35678	0.13392	0	0.35678	0.13392	0	0.47956	0.53672	10.03909	1.06647	0	0.48063	0.53429	9.65031	1.06647	0	-0.00338	-0.00988	0.68221	0.00194	1	-0.00455	-0.00936	0.67490	0.00196	1	1.45898	0.81042	0	
1254954	8464.29297	3305442529032	0.00000	0.00000	8464.07227	0.06641	11451	0	0.74250	0.55773	0	0.35678	0.13392	0	0.35678	0.13392	0	0.47956	0.53672	10.03909	1.06647	0	0.48063	0.53429	9.65031	1.06647	0	-0.00338	-0.00988	0.68221	0.00194	1	-0.00455	-0.00936	0.67490	0.00196	1	1.45898	0.81042	0	
1254955	8464.29980	3305442595275	0.00000	0.00000	8464.07227	0.06641	11451	0	0.74250	0.55773	0	0.35678	0.13392	0	0.35678	0.13392	0	0.47956	0.53672	10.03909	1.06647	0	0.48063	0.53429	9.65031	1.06647	0	-0.00338	-0.00988	0.68221	0.00194	1	-0.00455	-0.00936	0.67490	0.00196	1	1.45898	0.81042	0	
1254956	8464.30664	3305442662910	0.00000	0.00000	8464.07227	0.06641	11451	0	0.74250	0.55773	0	0.35678	0.13392	0	0.35678	0.13392	0	0.47956	0.53672	10.03909	1.06647	0	0.48063	0.53429	9.65031	1.06647	0	-0.00338	-0.00988	0.68221	0.00194	1	-0.00455	-0.00936	0.67490	0.00196	1	1.45898	0.81042	0	
1254957	8464.31348	3305442728891	0.00000	0.00000	8464.07227	0.06641	11451	0	0.74250	0.55773	0	0.35678	0.13392	0	0.35678	0.13392	0	0.47956	0.53672	10.03909	1.06647	0	0.48063	0.53429	9.65031	1.06647	0	-0.00338	-0.00988	0.68221	0.00194	1	-0.00455	-0.00936	0.67490	0.00196	1	1.45898	0.81042	0	
1254958	8464.32031	3305442796535	0.00000	0.00000	8464.07227	0.06641	11451	0	0.74250	0.55773	0	0.35678	0.13392	0	0.35678	0.13392	0	0.47956	0.53672	10.03909	1.06647	0	0.48063	0.53429	9.65031	1.06647	0	-0.00338	-0.00988	0.68221	0.00194	1	-0.00455	-0.00936	0.67490	0.00196	1	1.45898	0.81042	0	
1254959	8464.32715	3305442862981	0.00000	0.00000	8464.07227	0.06641	11451	0	0.74250	0.55773	0	0.35678	0.13392	0	0.35678	0.13392	0	0.47956	0.53672	10.03909	1.06647	0	0.48063	0.53429	9.65031	1.06647	0	-0.00338	-0.00988	0.68221	0.00194	1	-0.00455	-0.00936	0.67490	0.00196	1	1.45898	0.81042	0	
1254960	8464.33398	3305442931404	0.18834	0.06288	8464.07227	0.06641	11451	0	0.74250	0.55773	0	0.37668	0.12577	1	0.37668	0.12577	1	0.47956	0.53672	10.03909	1.06647	0	0.48137	0.53369	10.14620	1.06647	1	-0.00338	-0.00988	0.68221	0.00194	1	-0.00455	-0.00936	0.67490	0.00197	1	1.45898	0.81042	0	
1254961	8464.33984	3305442997897	0.24972	0.09307	8464.07227	0.06641	11451	0	0.74250	0.55773	0	0.37247	0.15345	1	0.37247	0.15345	1	0.47956	0.53672	10.03909	1.06647	0	0.48128	0.53357	10.53213	1.06647	1	-0.00338	-0.00988	0.68221	0.00194	1	-0.00455	-0.00936	0.67490	0.00204	1	1.45898	0.81042	0	
1254962	8464.34668	3305443061699	0.37388	0.14422	8464.07227	0.06641	11451	0	0.74250	0.55773	0	0.37247	0.15345	1	0.37247	0.15345	1	0.47956	0.53672	10.03909	1.06647	0	0.48119	0.53343	10.03099	1.06647	1	-0.00338	-0.00988	0.68221	0.00194	1	-0.00459	-0.00940	0.68083	0.00205	1	1.45898	0.81042	0	
1254963	8464.35352	3305443131772	0.38472	0.11660	8464.07227	0.06641	11451	0	0.74250	0.55773	0	0.39557	0.08897	1	0.39557	0.08897	1	0.47956	0.53672	10.03909	1.06647	0	0.48119	0.53343	10.03099	1.06647	1	-0.00338	-0.00988	0.68221	0.00194	1	-0.00459	-0.00940	0.68083	0.00205	1	1.45898	0.81042	0	
1254964	8464.36035	3305443194264	0.38798	0.12150	8464.07227	0.06641	11451	0	0.74250	0.55773	0	0.39450	0.13131	1	0.39450	0.13131	1	0.47956	0.53672	10.03909	1.06647	0	0.48128	0.53338	10.21344	1.06647	1	-0.00338	-0.00988	0.68221	0.00194	1	-0.00459	-0.00940	0.68083	0.00199	1	1.45898	0.81042	0	
1254965	8464.36719	3305443264247	0.38961	0.12396	8464.34668	0.02051	11452	1	0.74250	0.55773	0	0.39450	0.13131	1	0.39450	0.13131	1	0.47956	0.53672	10.03909	1.06647	0	0.48114	0.53339	9.90792	1.06647	1	-0.00338	-0.00988	0.68221	0.00194	1	-0.00459	-0.00940	0.68083	0.00192	1	1.45898	0.81042	0	
1254966	8464.37402	3305443333012	0.39168	0.13036	8464.34668	0.02734	11452	1	0.74250	0.55773	0	0.39997	0.15597	1	0.39997	0.15597	1	0.47956	0.53672	10.03909	1.06647	0	0.48119	0.53358	10.57026	1.06647	1	-0.00338	-0.00988	0.68221	0.00194	1	-0.00459	-0.00940	0.68083	0.00202	1	1.45898	0.81042	0	
1254967	8464.38086	3305443400752	0.39170	0.13267	8464.34668	0.03418	11452	1	0.74250	0.55773	0	0.39182	0.14425	1	0.39182	0.14425	1	0.47956	0.53672	10.03909	1.06647	0	0.48125	0.53356	10.28034	1.06647	1	-0.00338	-0.00988	0.68221	0.00194	1	-0.00459	-0.00940	0.68083	0.00203	1	1.45898	0.81042	0	
1254968	8464.38672	3305443466717	0.39172	0.13433	8464.34668	0.04004	11452	1	0.74250	0.55773	0	0.39182	0.14425	1	0.39182	0.14425	1	0.47956	0.53672	10.03909	1.06647	0	0.48092	0.53338	9.91244	1.06647	1	-0.00338	-0.00988	0.68221	0.00194	1	-0.00459	-0.00940	0.68083	0.00200	1	1.45898	0.81042	0	
1254969	8464.39355	3305443533069	0.38984	0.13643	8464.34668	0.04688	11452	1	0.74250	0.55773	0	0.37664	0.15113	1	0.37664	0.15113	1	0.47956	0.53672	10.03909	1.06647	0	0.48099	0.53362	10.28989	1.06647	1	-0.00338	-0.00988	0.68221	0.00194	1	-0.00459	-0.00940	0.68083	0.00195	1	1.45898	0.81042	0	
1254970	8464.40039	3305443600629	0.39166	0.13319	8464.34668	0.05371	11452	1	0.74250	0.55773	0	0.40628	0.10731	1	0.40628	0.10731	1	0.47956	0.53672	10.03909	1.06647	0	0.48096	0.53359	10.45389	1.06647	1	-0.00338	-0.00988	0.68221	0.00194	1	-0.00459	-0.00940	0.68083	0.00200	1	1.45898	0.81042	0	
1254971	8464.40723	3305443667501	0.39313	0.13060	8464.34668	0.06055	11452	1	0.74250	0.55773	0	0.40628	0.10731	1	0.40628	0.10731	1	0.47956	0.53672	10.03909	1.06647	0	0.48077	0.53371	10.47302	1.06647	1	-0.00338	-0.00988	0.68221	0.00194	1	-0.00459	-0.00940	0.68083	0.00200	1	1.45898	0.81042	0	
1254972	8464.41406	3305443734664	0.39310	0.13245	8464.34668	0.06738	11452	1	0.74250	0.55773	0	0.39283	0.15086	1	0.39283	0.15086	1	0.47956	0.53672	10.03909	1.06647	0	0.48083	0.53370	10.40657	1.06647	1	-0.00338	-0.00988	0.68221	0.00194	1	-0.00459	-0.00940	0.68083	0.00200	1	1.45898	0.81042	0	
1254973	8464.42090	3305443800817	0.39283	0.13434	8464.34668	0.07422	11452	1	0.74250	0.55773	0	0.38993	0.15516	1	0.38993	0.15516	1	0.47956	0.53672	10.03909	1.06647	0	0.48082	0.53352	9.91350	1.06647	1	-0.00338	-0.00988	0.68221	0.00194	1	-0.00459	-0.00940	0.68083	0.00203	1	1.45898	0.81042	0	
1254974	8464.42676	3305443864471	0.39258	0.13529	8464.34668	0.08008	11452	1	0.74250	0.55773	0	0.38959	0.14671	1	0.38959	0.14671	1	0.47956	0.53672	10.03909	1.06647	0	0.48062	0.53332	9.82781	1.07515	1	-0.00338	-0.00988	0.68221	0.00194	1	-0.00489	-0.00988	0.71627	0.00194	1	1.45898	0.81042	0	
1254975	8464.43359	3305443933059	0.39997	0.14683	8464.34668	0.08691	11452	1	0.49954	0.14986	1	0.49248	0.44391	1	0.49601	0.29688	1	0.48062	0.53349	10.07955	1.07515	1	0.74266	0.55825	11.08332	1.08383	1	-0.00338	-0.00988	0.68221	0.00202	1	-0.00489	-0.00988	0.71627	0.00387	1	1.45898	0.81042	0	
1254976	8464.44043	3305443998472	0.40597	0.15707	8464.34668	0.09375	11452	1	0.49669	0.17112	1	0.48324	0.42980	1	0.48996	0.30046	1	0.48063	0.53343	9.85214	1.08383	1	0.74258	0.55819	10.92076	1.09251	1	-0.00338	-0.00988	0.68221	0.00202	1	-0.00489	-0.00988	0.71627	0.00382	1	1.45898	0.81042	0	
1254977	8464.44727	3305444066734	0.41114	0.16478	8464.34668	0.10059	11452	1	0.49323	0.14485	1	0.48408	0.41603	1	0.48866	0.28044	1	0.48053	0.53352	9.69149	1.11198	1	0.74281	0.55811	10.83599	1.11198	1	-0.00500	-0.00999	0.72415	0.00203	1	0.06355	-0.01399	0.68345	0.00390	1	1.45898	0.81042	0	
1254978	8464.45410	3305444132863	0.41601	0.16956	8464.34668	0.10742	11452	1	0.48592	0.10237	1	0.50207	0.38958	1	0.49400	0.24598	1	0.48050	0.53342	10.13874	1.13145	1	0.74282	0.55798	10.77019	1.12277	1	-0.00500	-0.00999	0.72415	0.00202	1	0.06355	-0.01399	0.68345	0.00395	1	1.45898	0.81042	0	
1254979	8464.46094	3305444201433	0.41371	0.16390	8464.34668	0.11426	11452	1	0.48592	0.10237	0	0.37450	0.06761	1	0.37450	0.06761	1	0.48050	0.53342	10.13874	1.14224	0	0.48055	0.53330	9.80585	1.13356	1	-0.00500	-0.00999	0.72415	0.00202	1	0.06355	-0.01399	0.68345	0.00204	1	1.45898	0.81042	0	
1254980	8464.46680	3305444267831	0.41162	0.15827	8464.34668	0.12012	11452	1	0.48592	0.10237	0	0.37397	0.05693	1	0.37397	0.05693	1	0.48050	0.53342	10.13874	1.15303	0	0.48047	0.53351	10.19005	1.14435	1	-0.00500	-0.00999	0.72415	0.00202	1	-0.00483	-0.00946	0.68560	0.00206	1	1.45898	0.81042	0	
1254981	8464.47363	3305444334595	0.41065	0.15050	8464.34668	0.12695	11452	1	0.48592	0.10237	0	0.39239	0.00284	1	0.39239	0.00284	1	0.48050	0.53342	10.13874	1.14435	0	0.48032	0.53333	10.30179	1.14435	1	-0.00500	-0.00999	0.72415	0.00202	1	-0.00483	-0.00946	0.68560	0.00200	1	1.45898	0.81042	0	
1254982	8464.48145	3305444405292	0.40944	0.14322	8464.34668	0.13477	11452	1	0.48592	0.10237	0	0.38511	-0.00218	1	0.38511	-0.00218	1	0.48050	0.53342	10.13874	1.14435	0	0.48032	0.53336	10.33496	1.14435	1	-0.00500	-0.00999	0.72415	0.00202	1	-0.00483	-0.00946	0.68560	0.00201	1	1.45898	0.81042	0	
1254983	8464.48730	3305444470543	0.40833	0.13662	8464.34668	0.14062	11452	1	0.48592	0.10237	0	0.38511	-0.00218	1	0.38511	-0.00218	1	0.48050	0.53342	10.13874	1.14435	0	0.48050	0.53357	10.53213	1.14435	1	-0.00500	-0.00999	0.72415	0.00202	1	-0.00483	-0.00946	0.68560	0.00208	1	1.45898	0.81042	0	
1254984	8464.49414	3305444538362	0.40769	0.13362	8464.34668	0.14746	11452	1	0.48592	0.10237	0	0.39363	0.06762	1	0.39363	0.06762	1	0.48050	0.53342	10.13874	1.14435	0	0.48035	0.53340	10.33863	1.14435	1	-0.00500	-0.00999	0.72415	0.00202	1	-0.00483	-0.00946	0.68560	0.00203	1	1.45898	0.81042	0	
1254985	8464.50098	3305444605597	0.40690	0.13132	8464.34668	0.15430	11452	1	0.48592	0.10237	0	0.38858	0.07845	1	0.38858	0.07845	1	0.48050	0.53342	10.13874	1.14435	0	0.48043	0.53360	10.25250	1.14435	1	-0.00500	-0.00999	0.72415	0.00202	1	-0.00483	-0.00946	0.68560	0.00195	1	1.45898	0.81042	0	
1254986	8464.50781	3305444672843	0.40616	0.12920	8464.34668	0.16113	11452	1	0.48592	0.10237	0	0.38858	0.07845	1	0.38858	0.07845	1	0.48050	0.53342	10.13874	1.14435	0	0.48020	0.53351	10.05099	1.14435	1	-0.00500	-0.00999	0.72415	0.00202	1	-0.00483	-0.00946	0.68560	0.00205	1	1.45898	0.81042	0	
1254987	8464.51465	3305444738295	0.40530	0.12655	8464.34668	0.16797	11452	1	0.48592	0.10237	0	0.38370	0.06012	1	0.38370	0.06012	1	0.48050	0.53342	10.13874	1.14435	0	0.48019	0.53342	9.93927	1.14435	1	-0.00500	-0.00999	0.72415	0.00202	1	-0.00483	-0.00946	0.68560	0.00200	1	1.45898	0.81042	0	
1254988	8464.52051	3305444803056	0.40275	0.08139	8464.34668	0.16797	11452	0	0.48592	0.10237	0	0.38474	0.04266	1	0.38474	0.04266	1	0.48050	0.53342	10.13874	1.14435	0	0.48027	0.53367	10.51180	1.14435	1	-0.00500	-0.00999	0.72415	0.00202	1	-0.00483	-0.00946	0.68560	0.00210	1	1.45898	0.81042	0	
1254989	8464.52832	3305444873895	0.39374	0.06203	8464.34668	0.16797	11452	0	0.48592	0.10237	0	0.38474	0.04266	1	0.38474	0.04266	1	0.48050	0.53342	10.13874	1.14435	0	0.48003	0.53376	10.31980	1.14435	1	-0.00500	-0.00999	0.72415	0.00202	1	-0.00483	-0.00946	0.68560	0.00204	1	1.45898	0.81042	0	
1254990	8464.53418	3305444939757	0.39475	0.05332	8464.34668	0.16797	11452	0	0.48592	0.10237	0	0.39676	0.03590	1	0.39676	0.03590	1	0.48050	0.53342	10.13874	1.14435	0	0.48007	0.53365	10.46023	1.14435	1	-0.00500	-0.00999	0.72415	0.00202	1	-0.00483	-0.00946	0.68560	0.00205	1	1.45898	0.81042	0	
1254991	8464.54102	3305445006416	0.39431	0.05592	8464.52051	0.02051	11453	1	0.48592	0.10237	0	0.39298	0.06371	1	0.39298	0.06371	1	0.48050	0.53342	10.13874	1.14435	0	0.48008	0.53364	10.03872	1.14435	1	-0.00500	-0.00999	0.72415	0.00202	1	-0.00483	-0.00946	0.68560	0.00216	1	1.45898	0.81042	0	
1254992	8464.54785	3305445072607	0.39404	0.05748	8464.52051	0.02734	11453	1	0.48592	0.10237	0	0.39298	0.06371	1	0.39298	0.06371	1	0.48050	0.53342	10.13874	1.14435	0	0.47981	0.53360	9.61293	1.14435	1	-0.00500	-0.00999	0.72415	0.00202	1	-0.00489	-0.00937	0.67905	0.00208	1	1.45898	0.81042	0	
1254993	8464.55469	3305445138378	0.38913	0.05754	8464.52051	0.03418	11453	1	0.48592	0.10237	0	0.36455	0.05788	1	0.36455	0.05788	1	0.48050	0.53342	10.13874	1.14435	0	0.47970	0.53361	9.59000	1.14435	1	-0.00500	-0.00999	0.72415	0.00202	1	-0.00489	-0.00937	0.67905	0.00212	1	1.45898	0.81042	0	
1254994	8464.56055	3305445204938	0.38692	0.05662	8464.52051	0.04004	11453	1	0.48592	0.10237	0	0.37365	0.05109	1	0.37365	0.05109	1	0.48050	0.53342	10.13874	1.14435	0	0.47975	0.53367	9.98822	1.14435	1	-0.00500	-0.00999	0.72415	0.00202	1	-0.00489	-0.00937	0.67905	0.00207	1	1.45898	0.81042	0	
1254995	8464.56738	3305445271355	0.38692	0.05662	8464.52051	0.04688	11453	1	0.48592	0.10237	0	0.37365	0.05109	0	0.37365	0.05109	0	0.48050	0.53342	10.13874	1.14435	0	0.47975	0.53367	9.98822	1.14435	0	-0.00500	-0.00999	0.72415	0.00202	1	-0.00489	-0.00937	0.67905	0.00207	1	1.45898	0.81042	0	
1254996	8464.57422	3305445339353	0.38692	0.05662	8464.52051	0.05371	11453	1	0.48592	0.10237	0	0.37365	0.05109	0	0.37365	0.05109	0	0.48050	0.53342	10.13874	1.14435	0	0.47975	0.53367	9.98822	1.14435	0	-0.00500	-0.00999	0.72415	0.00202	1	-0.00489	-0.00937	0.67905	0.00207	1	1.45898	0.81042	0	
1254997	8464.58105	3305445409836	0.38692	0.05662	8464.52051	0.06055	11453	1	0.48592	0.10237	0	0.37365	0.05109	0	0.37365	0.05109	0	0.48050	0.53342	10.13874	1.14435	0	0.47975	0.53367	9.98822	1.14435	0	-0.00500	-0.00999	0.72415	0.00202	1	-0.00489	-0.00937	0.67905	0.00207	1	1.45898	0.81042	0	
1254998	8464.58789	3305445475739	0.38428	0.05249	8464.52051	0.06055	11453	0	0.48592	0.10237	0	0.37365	0.05109	0	0.37365	0.05109	0	0.48050	0.53342	10.13874	1.14435	0	0.47975	0.53367	9.98822	1.14435	0	-0.00500	-0.00999	0.72415	0.00202	1	-0.00489	-0.00937	0.67905	0.00207	1	1.45898	0.81042	0	
1254999	8464.59473	3305445543457	0.38428	0.05249	8464.52051	0.06055	11453	0	0.48592	0.10237	0	0.37365	0.05109	0	0.37365	0.05109	0	0.48050	0.53342	10.13874	1.14435	0	0.47975	0.53367	9.98822	1.14435	0	-0.00500	-0.00999	0.72415	0.00202	1	-0.00489	-0.00937	0.67905	0.00207	1	1.45898	0.81042	0	
1255000	8464.60156	3305445609922	0.38428	0.05249	8464.52051	0.06055	11453	0	0.48592	0.10237	0	0.37365	0.05109	0	0.37365	0.05109	0	0.48050	0.53342	10.13874	1.14435	0	0.47975	0.53367	9.98822	1.14435	0	-0.00500	-0.00999	0.72415	0.00202	1	-0.00489	-0.00937	0.67905	0.00207	1	1.45898	0.81042	0	
1255001	8464.60840	3305445677031	0.00000	0.00000	8464.52051	0.06055	11453	0	0.48592	0.10237	0	0.37365	0.05109	0	0.37365	0.05109	0	0.48050	0.53342	10.13874	1.14435	0	0.47975	0.53367	9.98822	1.14435	0	-0.00500	-0.00999	0.72415	0.00202	1	-0.00489	-0.00937	0.67905	0.00207	1	1.45898	0.81042	0	
1255002	8464.61523	3305445744210	0.00000	0.00000	8464.52051	0.06055	11453	0	0.48592	0.10237	0	0.37365	0.05109	0	0.37365	0.05109	0	0.48050	0.53342	10.13874	1.14435	0	0.47975	0.53367	9.98822	1.14435	0	-0.00500	-0.00999	0.72415	0.00202	1	-0.00489	-0.00937	0.67905	0.00207	1	1.45898	0.81042	0	
1255003	8464.62109	3305445810959	0.00000	0.00000	8464.52051	0.06055	11453	0	0.48592	0.10237	0	0.37365	0.05109	0	0.37365	0.05109	0	0.48050	0.53342	10.13874	1.14435	0	0.47975	0.53367	9.98822	1.14435	0	-0.00500	-0.00999	0.72415	0.00202	1	-0.00489	-0.00937	0.67905	0.00207	1	1.45898	0.81042	0	
1255004	8464.62793	3305445878704	0.00000	0.00000	8464.52051	0.06055	11453	0	0.48592	0.10237	0	0.37365	0.05109	0	0.37365	0.05109	0	0.48050	0.53342	10.13874	1.14435	0	0.47975	0.53367	9.98822	1.14435	0	-0.00500	-0.00999	0.72415	0.00202	1	-0.00489	-0.00937	0.67905	0.00207	1	1.45898	0.81042	0	
1255005	8464.63477	3305445945285	0.00000	0.00000	8464.52051	0.06055	11453	0	0.48592	0.10237	0	0.37365	0.05109	0	0.37365	0.05109	0	0.48050	0.53342	10.13874	1.14435	0	0.47975	0.53367	9.98822	1.14435	0	-0.00500	-0.00999	0.72415	0.00202	1	-0.00489	-0.00937	0.67905	0.00207	1	1.45898	0.81042	0	
1255006	8464.64160	3305446010383	0.00000	0.00000	8464.52051	0.06055	11453	0	0.48592	0.10237	0	0.37365	0.05109	0	0.37365	0.05109	0	0.48050	0.53342	10.13874	1.14435	0	0.47975	0.53367	9.98822	1.14435	0	-0.00500	-0.00999	0.72415	0.00202	1	-0.00489	-0.00937	0.67905	0.00207	1	1.45898	0.81042	0	
1255007	8464.64844	3305446079105	0.43068	0.08955	8464.52051	0.06055	11453	0	0.48675	0.10865	1	0.37462	0.07046	1	0.43068	0.08955	1	0.47971	0.53350	10.32793	1.12488	1	0.74192	0.55822	11.10434	1.12488	1	-0.00489	-0.00937	0.67905	0.00203	1	0.06323	-0.01382	0.68224	0.00374	1	1.45898	0.81042	0	
1255008	8464.65723	3305446163522	0.46142	0.18080	8464.52051	0.06055	11453	0	0.48669	0.16510	1	0.49763	0.37898	1	0.49216	0.27204	1	0.47974	0.53345	10.19107	1.10541	1	0.74203	0.55779	10.95453	1.10541	1	-0.00489	-0.00937	0.67905	0.00212	1	0.06323	-0.01382	0.68224	0.00402	1	1.45898	0.81042	0	
1255009	8464.66211	3305446213234	0.46603	0.22538	8464.52051	0.06055	11453	0	0.50675	0.15767	1	0.44374	0.47141	1	0.47525	0.31454	1	0.47985	0.53336	10.11262	1.08594	1	0.74160	0.55859	11.54041	1.08594	1	-0.00489	-0.00937	0.67905	0.00207	1	0.06323	-0.01382	0.68224	0.00384	1	1.45898	0.81042	0	
1255010	8464.66895	3305446280439	0.48124	0.30464	8464.52051	0.06055	11453	0	0.50900	0.17602	1	0.44365	0.47864	1	0.47633	0.32733	1	0.47987	0.53337	9.86414	1.06647	1	0.74208	0.55839	10.95399	1.07515	1	-0.00483	-0.00946	0.68560	0.00209	1	0.06475	-0.01414	0.69804	0.00382	1	1.45898	0.81042	0	
1255011	8464.67480	3305446347289	0.47720	0.31223	8464.52051	0.06055	11453	0	0.48942	0.18193	1	0.45687	0.45774	1	0.47315	0.31983	1	0.48004	0.53352	10.82147	1.07515	1	0.74176	0.55821	11.57331	1.08383	1	-0.00483	-0.00946	0.68560	0.00204	1	0.06475	-0.01414	0.69804	0.00389	1	1.45898	0.81042	0	
1255012	8464.68164	3305446413716	0.47706	0.31494	8464.52051	0.06055	11453	0	0.50675	0.19353	1	0.44684	0.44720	1	0.47679	0.32036	1	0.47998	0.53351	10.59738	1.08383	1	0.74201	0.55843	11.02358	1.09251	1	-0.00483	-0.00946	0.68560	0.00202	1	0.06475	-0.01414	0.69804	0.00389	1	1.45898	0.81042	0	
1255013	8464.68848	3305446481091	0.47687	0.31531	8464.66895	0.01953	11454	1	0.50575	0.18561	1	0.44684	0.44720	1	0.47629	0.31640	1	0.47996	0.53321	10.22543	1.09251	1	0.74207	0.55842	10.95839	1.09251	1	-0.00483	-0.00946	0.68560	0.00212	1	0.06378	-0.01396	0.68706	0.00387	1	1.45898	0.81042	0	
1255014	8464.69531	3305446547713	0.47727	0.31401	8464.66895	0.02637	11454	1	0.49854	0.15358	1	0.45925	0.46401	1	0.47889	0.30879	1	0.48012	0.53325	9.87259	1.09251	1	0.74229	0.55837	10.51611	1.08383	1	-0.00483	-0.00946	0.68560	0.00212	1	0.06378	-0.01396	0.68706	0.00383	1	1.45898	0.81042	0	
1255015	8464.70215	3305446614999	0.47607	0.31391	8464.66895	0.03320	11454	1	0.48852	0.16676	1	0.45159	0.46007	1	0.47005	0.31341	1	0.48002	0.53338	10.20168	1.08383	1	0.74210	0.55848	11.07088	1.07515	1	-0.00483	-0.00946	0.68560	0.00208	1	0.06378	-0.01396	0.68706	0.00380	1	1.45898	0.81042	0	
1255016	8464.70898	3305446681364	0.47527	0.31522	8464.66895	0.04004	11454	1	0.48964	0.17490	1	0.45133	0.47131	1	0.47049	0.32310	1	0.48016	0.53359	10.57356	1.07515	1	0.74223	0.55831	10.51963	1.05881	1	-0.00483	-0.00946	0.68560	0.00210	1	0.06038	-0.01316	0.64997	0.00388	1	1.45898	0.81042	0	
1255017	8464.71484	3305446747696	0.47642	0.31559	8464.66895	0.04590	11454	1	0.49458	0.20122	1	0.47440	0.43507	1	0.48449	0.31815	1	0.48015	0.53341	10.70150	1.05881	1	0.74250	0.55806	10.52227	1.05115	1	-0.00483	-0.00946	0.68560	0.00202	1	0.06038	-0.01316	0.64997	0.00382	1	1.45898	0.81042	0	
1255018	8464.72168	3305446814867	0.46494	0.29788	8464.66895	0.05273	11454	1	0.49458	0.20122	0	0.37308	0.15620	1	0.37308	0.15620	1	0.48015	0.53341	10.70150	1.05115	0	0.48015	0.53351	10.52533	1.04349	1	-0.00483	-0.00946	0.68560	0.00202	1	0.06038	-0.01316	0.64997	0.00204	1	1.45898	0.81042	0	
1255019	8464.72852	3305446883572	0.45576	0.28371	8464.66895	0.05957	11454	1	0.49458	0.20122	0	0.37308	0.15620	1	0.37308	0.15620	1	0.48015	0.53341	10.70150	1.04349	0	0.48022	0.53314	10.49632	1.04349	1	-0.00483	-0.00946	0.68560	0.00202	1	-0.00483	-0.00946	0.68560	0.00219	1	1.45898	0.81042	0	
1255020	8464.73535	3305446950518	0.44908	0.27144	8464.66895	0.06641	11454	1	0.49458	0.20122	0	0.38233	0.14876	1	0.38233	0.14876	1	0.48015	0.53341	10.70150	1.04349	0	0.48036	0.53336	9.81245	1.05115	1	-0.00483	-0.00946	0.68560	0.00202	1	-0.00483	-0.00946	0.68560	0.00214	1	1.45898	0.81042	0	
1255021	8464.74219	3305447016707	0.44408	0.26021	8464.66895	0.07324	11454	1	0.49458	0.20122	0	0.38905	0.13665	1	0.38905	0.13665	1	0.48015	0.53341	10.70150	1.05115	0	0.48037	0.53322	10.44859	1.05881	1	-0.00483	-0.00946	0.68560	0.00202	1	-0.00483	-0.00946	0.68560	0.00213	1	1.45898	0.81042	0	
1255022	8464.74902	3305447083632	0.43982	0.25012	8464.66895	0.08008	11454	1	0.49458	0.20122	0	0.38874	0.12902	1	0.38874	0.12902	1	0.48015	0.53341	10.70150	1.05881	0	0.48044	0.53332	10.10062	1.06647	1	-0.00483	-0.00946	0.68560	0.00202	1	-0.00483	-0.00946	0.68560	0.00212	1	1.45898	0.81042	0	
1255023	8464.75586	3305447150515	0.43668	0.23956	8464.66895	0.08691	11454	1	0.49458	0.20122	0	0.39578	0.10236	1	0.39578	0.10236	1	0.48015	0.53341	10.70150	1.06647	0	0.48041	0.53320	10.62766	1.06647	1	-0.00483	-0.00946	0.68560	0.00202	1	-0.00483	-0.00946	0.68560	0.00207	1	1.45898	0.81042	0	
1255024	8464.76270	3305447217768	0.43380	0.23272	8464.66895	0.09375	11454	1	0.49458	0.20122	0	0.39361	0.13684	1	0.39361	0.13684	1	0.48015	0.53341	10.70150	1.06647	0	0.48050	0.53333	10.14634	1.06647	1	-0.00483	-0.00946	0.68560	0.00202	1	-0.00483	-0.00946	0.68560	0.00211	1	1.45898	0.81042	0	
1255025	8464.76855	3305447284676	0.41610	0.19719	8464.66895	0.09375	11454	0	0.49458	0.20122	0	0.39361	0.13684	1	0.39361	0.13684	1	0.48015	0.53341	10.70150	1.06647	0	0.48050	0.53332	10.13326	1.06647	1	-0.00483	-0.00946	0.68560	0.00202	1	-0.00483	-0.00936	0.68560	0.00211	1	1.45898	0.81042	0	
1255026	8464.77539	3305447349830	0.39316	0.16055	8464.66895	0.09375	11454	0	0.49458	0.20122	0	0.37023	0.12391	1	0.37023	0.12391	1	0.48015	0.53341	10.70150	1.06647	0	0.48049	0.53325	10.74785	1.06647	1	-0.00483	-0.00946	0.68560	0.00202	1	-0.00483	-0.00936	0.68560	0.00209	1	1.45898	0.81042	0	
1255027	8464.78223	3305447418361	0.39160	0.14670	8464.66895	0.09375	11454	0	0.49458	0.20122	0	0.38846	0.11900	1	0.38846	0.11900	1	0.48015	0.53341	10.70150	1.06647	0	0.48064	0.53325	9.92030	1.06647	1	-0.00483	-0.00946	0.68560	0.00202	1	-0.00483	-0.00936	0.68560	0.00211	1	1.45898	0.81042	0	
1255028	8464.78906	3305447485744	0.39072	0.13759	8464.76855	0.02051	11455	1	0.49458	0.20122	0	0.38811	0.11027	1	0.38811	0.11027	1	0.48015	0.53341	10.70150	1.06647	0	0.48057	0.53324	9.94684	1.07515	1	-0.00483	-0.00946	0.68560	0.00202	1	-0.00490	-0.00955	0.70334	0.00207	1	1.45898	0.81042	0	
1255029	8464.79590	3305447552428	0.40912	0.17381	8464.76855	0.02734	11455	1	0.50218	0.15856	1	0.46324	0.47880	1	0.48271	0.31868	1	0.48059	0.53320	10.04393	1.07515	1	0.74263	0.55851	11.45035	1.08383	1	-0.00483	-0.00946	0.68560	0.00206	1	-0.00490	-0.00955	0.70334	0.00379	1	1.45898	0.81042	0	
1255030	8464.80273	3305447619634	0.40332	0.15963	8464.76855	0.03418	11455	1	0.50218	0.15856	0	0.37431	0.08874	1	0.37431	0.08874	1	0.48059	0.53320	10.04393	1.08383	0	0.48050	0.53330	10.09388	1.09251	1	-0.00483	-0.00946	0.68560	0.00206	1	-0.00490	-0.00955	0.70334	0.00212	1	1.45898	0.81042	0	
1255031	8464.80957	3305447686477	0.39911	0.14826	8464.76855	0.04102	11455	1	0.50218	0.15856	0	0.37386	0.07999	1	0.37386	0.07999	1	0.48059	0.53320	10.04393	1.09251	0	0.48079	0.53332	10.12302	1.10119	1	-0.00483	-0.00946	0.68560	0.00206	1	-0.00489	-0.00972	0.71627	0.00210	1	1.45898	0.81042	0	
1255032	8464.81543	3305447753142	0.39509	0.13938	8464.76855	0.04688	11455	1	0.50218	0.15856	0	0.36694	0.07722	1	0.36694	0.07722	1	0.48059	0.53320	10.04393	1.10119	0	0.48079	0.53317	10.22851	1.10119	1	-0.00483	-0.00946	0.68560	0.00206	1	-0.00489	-0.00972	0.71627	0.00203	1	1.45898	0.81042	0	
1255033	8464.82227	3305447820684	0.39173	0.13327	8464.76855	0.05371	11455	1	0.50218	0.15856	0	0.36488	0.08444	1	0.36488	0.08444	1	0.48059	0.53320	10.04393	1.10119	0	0.48077	0.53323	10.08843	1.10119	1	-0.00483	-0.00946	0.68560	0.00206	1	-0.00489	-0.00972	0.71627	0.00203	1	1.45898	0.81042	0	
1255034	8464.82910	3305447887289	0.38910	0.12926	8464.76855	0.06055	11455	1	0.50218	0.15856	0	0.36540	0.09314	1	0.36540	0.09314	1	0.48059	0.53320	10.04393	1.10119	0	0.48095	0.53314	10.30290	1.09251	1	-0.00483	-0.00946	0.68560	0.00206	1	-0.00459	-0.00929	0.68083	0.00212	1	1.45898	0.81042	0	
1255035	8464.83594	3305447953981	0.38673	0.15048	8464.76855	0.06738	11455	1	0.50218	0.15856	0	0.36306	0.36265	1	0.36306	0.36265	1	0.48059	0.53320	10.04393	1.09251	0	0.48093	0.53588	10.43980	1.08383	1	-0.00483	-0.00946	0.68560	0.00206	1	-0.00459	-0.00929	0.68083	0.00368	1	1.45898	0.81042	0	
1255036	8464.84277	3305448021050	0.38673	0.15048	8464.76855	0.07422	11455	1	0.50218	0.15856	0	0.36306	0.36265	0	0.36306	0.36265	0	0.48059	0.53320	10.04393	1.08383	0	0.48093	0.53588	10.43980	1.07515	0	-0.00483	-0.00946	0.68560	0.00206	1	-0.00459	-0.00929	0.68083	0.00368	1	1.45898	0.81042	0	
1255037	8464.84961	3305448088805	0.38673	0.15048	8464.76855	0.08105	11455	1	0.50218	0.15856	0	0.36306	0.36265	0	0.36306	0.36265	0	0.48059	0.53320	10.04393	1.07515	0	0.48093	0.53588	10.43980	1.06647	0	-0.00483	-0.00946	0.68560	0.00206	1	-0.00459	-0.00929	0.68083	0.00368	1	1.45898	0.81042	0	
1255038	8464.85645	3305448155465	0.38673	0.15048	8464.76855	0.08789	11455	1	0.50218	0.15856	0	0.36306	0.36265	0	0.36306	0.36265	0	0.48059	0.53320	10.04393	1.06647	0	0.48093	0.53588	10.43980	1.06647	0	-0.00483	-0.00946	0.68560	0.00206	1	-0.00459	-0.00929	0.68083	0.00368	1	1.45898	0.81042	0	
1255039	8464.86230	3305448222504	0.38380	0.14580	8464.76855	0.08789	11455	0	0.50218	0.15856	0	0.36306	0.36265	0	0.36306	0.36265	0	0.48059	0.53320	10.04393	1.06647	0	0.48093	0.53588	10.43980	1.06647	0	-0.00483	-0.00946	0.68560	0.00206	1	-0.00459	-0.00929	0.68083	0.00368	1	1.45898	0.81042	0	
1255040	8464.86914	3305448289478	0.38380	0.14580	8464.76855	0.08789	11455	0	0.50218	0.15856	0	0.36306	0.36265	0	0.36306	0.36265	0	0.48059	0.53320	10.04393	1.06647	0	0.48093	0.53588	10.43980	1.06647	0	-0.00483	-0.00946	0.68560	0.00206	1	-0.00459	-0.00929	0.68083	0.00368	1	1.45898	0.81042	0	
1255041	8464.87598	3305448355953	0.38380	0.14580	8464.76855	0.08789	11455	0	0.50218	0.15856	0	0.36306	0.36265	0	0.36306	0.36265	0	0.48059	0.53320	10.04393	1.06647	0	0.48093	0.53588	10.43980	1.06647	0	-0.00483	-0.00946	0.68560	0.00206	1	-0.00459	-0.00929	0.68083	0.00368	1	1.45898	0.81042	0	
1255042	8464.88281	3305448423290	0.00000	0.00000	8464.76855	0.08789	11455	0	0.50218	0.15856	0	0.36306	0.36265	0	0.36306	0.36265	0	0.48059	0.53320	10.04393	1.06647	0	0.48093	0.53588	10.43980	1.06647	0	-0.00483	-0.00946	0.68560	0.00206	1	-0.00459	-0.00929	0.68083	0.00368	1	1.45898	0.81042	0	
1255043	8464.88965	3305448490448	0.00000	0.00000	8464.76855	0.08789	11455	0	0.50218	0.15856	0	0.36306	0.36265	0	0.36306	0.36265	0	0.48059	0.53320	10.04393	1.06647	0	0.48093	0.53588	10.43980	1.06647	0	-0.00483	-0.00946	0.68560	0.00206	1	-0.00459	-0.00929	0.68083	0.00368	1	1.45898	0.81042	0	
1255044	8464.89648	3305448557494	0.00000	0.00000	8464.76855	0.08789	11455	0	0.50218	0.15856	0	0.36306	0.36265	0	0.36306	0.36265	0	0.48059	0.53320	10.04393	1.06647	0	0.48093	0.53588	10.43980	1.06647	0	-0.00483	-0.00946	0.68560	0.00206	1	-0.00459	-0.00929	0.68083	0.00368	1	1.45898	0.81042	0	
1255045	8464.90332	3305448624263	0.00000	0.00000	8464.76855	0.08789	11455	0	0.50218	0.15856	0	0.36306	0.36265	0	0.36306	0.36265	0	0.48059	0.53320	10.04393	1.06647	0	0.48093	0.53588	10.43980	1.06647	0	-0.00483	-0.00946	0.68560	0.00206	1	-0.00459	-0.00929	0.68083	0.00368	1	1.45898	0.81042	0	
1255046	8464.90918	3305448691309	0.00000	0.00000	8464.76855	0.08789	11455	0	0.50218	0.15856	0	0.36306	0.36265	0	0.36306	0.36265	0	0.48059	0.53320	10.04393	1.06647	0	0.48093	0.53588	10.43980	1.06647	0	-0.00483	-0.00946	0.68560	0.00206	1	-0.00459	-0.00929	0.68083	0.00368	1	1.45898	0.81042	0	
1255047	8464.91602	3305448758415	0.19294	0.06535	8464.76855	0.08789	11455	0	0.50218	0.15856	0	0.38587	0.13070	1	0.38587	0.13070	1	0.48059	0.53320	10.04393	1.06647	0	0.48106	0.53324	10.45467	1.06647	1	-0.00483	-0.00946	0.68560	0.00206	1	-0.00459	-0.00929	0.68083	0.00206	1	1.45898	0.81042	0	
1255048	8464.92285	3305448825868	0.39123	0.12252	8464.76855	0.08789	11455	0	0.50218	0.15856	0	0.39658	0.11434	1	0.39658	0.11434	1	0.48059	0.53320	10.04393	1.06647	0	0.48121	0.53327	10.64335	1.06647	1	-0.00483	-0.00946	0.68560	0.00206	1	-0.00459	-0.00929	0.68083	0.00206	1	1.45898	0.81042	0	
1255049	8464.92969	3305448888968	0.39390	0.11843	8464.76855	0.08789	11455	0	0.50218	0.15856	0	0.39658	0.11434	1	0.39658	0.11434	1	0.48059	0.53320	10.04393	1.06647	0	0.48106	0.53343	10.44353	1.06647	1	-0.00483	-0.00946	0.68560	0.00206	1	-0.00459	-0.00929	0.68083	0.00202	1	1.45898	0.81042	0	
1255050	8464.93652	3305448956960	0.38962	0.18313	8464.76855	0.08789	11455	0	0.50218	0.15856	0	0.38106	0.31253	1	0.38106	0.31253	1	0.48059	0.53320	10.04393	1.06647	0	0.48116	0.53541	10.13068	1.06647	1	-0.00483	-0.00946	0.68560	0.00206	1	-0.00459	-0.00929	0.68083	0.00374	1	1.45898	0.81042	0	
1255051	8464.94238	3305449022000	0.38692	0.16802	8464.92285	0.01953	11456	1	0.50218	0.15856	0	0.37880	0.12268	1	0.37880	0.12268	1	0.48059	0.53320	10.04393	1.06647	0	0.48100	0.53319	10.70325	1.06647	1	-0.00483	-0.00946	0.68560	0.00206	1	-0.00459	-0.00929	0.68083	0.00205	1	1.45898	0.81042	0	
1255052	8464.94922	3305449089118	0.38529	0.15895	8464.92285	0.02637	11456	1	0.50218	0.15856	0	0.37880	0.12268	1	0.37880	0.12268	1	0.48059	0.53320	10.04393	1.06647	0	0.48115	0.53331	10.66489	1.06647	1	-0.00483	-0.00946	0.68560	0.00206	1	-0.00459	-0.00929	0.68083	0.00213	1	1.45898	0.81042	0	
1255053	8464.95605	3305449159977	0.38363	0.15388	8464.92285	0.03320	11456	1	0.50218	0.15856	0	0.37533	0.12854	1	0.37533	0.12854	1	0.48059	0.53320	10.04393	1.06647	0	0.48099	0.53337	10.64999	1.06647	1	-0.00483	-0.00946	0.68560	0.00206	1	-0.00459	-0.00929	0.68083	0.00219	1	1.45898	0.81042	0	
1255054	8464.96289	3305449223428	0.38340	0.14692	8464.92285	0.04004	11456	1	0.50218	0.15856	0	0.38202	0.10516	1	0.38202	0.10516	1	0.48059	0.53320	10.04393	1.06647	0	0.48107	0.53343	10.36464	1.06647	1	-0.00483	-0.00946	0.68560	0.00206	1	-0.00459	-0.00929	0.68083	0.00217	1	1.45898	0.81042	0	
1255055	8464.96973	3305449290644	0.38323	0.14170	8464.92285	0.04688	11456	1	0.50218	0.15856	0	0.38202	0.10516	1	0.38202	0.10516	1	0.48059	0.53320	10.04393	1.06647	0	0.48102	0.53333	10.14421	1.06647	1	-0.00483	-0.00946	0.68560	0.00206	1	-0.00459	-0.00929	0.68083	0.00216	1	1.45898	0.81042	0	
1255056	8464.97656	3305449359768	0.38262	0.14199	8464.92285	0.05371	11456	1	0.50218	0.15856	0	0.37775	0.14436	1	0.37775	0.14436	1	0.48059	0.53320	10.04393	1.06647	0	0.48089	0.53344	10.75110	1.06647	1	-0.00483	-0.00946	0.68560	0.00206	1	-0.00459	-0.00929	0.68083	0.00209	1	1.45898	0.81042	0	
1255057	8464.98340	3305449425019	0.38189	0.14065	8464.92285	0.06055	11456	1	0.50218	0.15856	0	0.37533	0.12854	1	0.37533	0.12854	1	0.48059	0.53320	10.04393	1.06647	0	0.48099	0.53337	10.64999	1.06647	1	-0.00483	-0.00946	0.68560	0.00206	1	-0.00459	-0.00929	0.68083	0.00219	1	1.45898	0.81042	0	
1255058	8464.98926	3305449491757	0.38125	0.13876	8464.92285	0.06641	11456	1	0.50218	0.15856	0	0.37488	0.11990	1	0.37488	0.11990	1	0.48059	0.53320	10.04393	1.06647	0	0.48088	0.53361	10.60559	1.07515	1	-0.00483	-0.00946	0.68560	0.00206	1	-0.00489	-0.00978	0.71627	0.00219	1	1.45898	0.81042	0	
1255059	8464.99707	3305449561311	0.38211	0.13669	8464.92285	0.07422	11456	1	0.50218	0.15856	0	0.39154	0.11384	1	0.39154	0.11384	1	0.48059	0.53320	10.04393	1.07515	0	0.48077	0.53342	10.32828	1.08383	1	-0.00483	-0.00946	0.68560	0.00206	1	-0.00489	-0.00978	0.71627	0.00215	1	1.45898	0.81042	0	
1255060	8465.00391	3305449629532	0.38236	0.13383	8464.92285	0.08105	11456	1	0.50218	0.15856	0	0.38538	0.09959	1	0.38538	0.09959	1	0.48059	0.53320	10.04393	1.08383	0	0.48065	0.53338	10.14339	1.09251	1	-0.00483	-0.00946	0.68560	0.00206	1	-0.00489	-0.00978	0.71627	0.00218	1	1.45898	0.81042	0	
1255061	8465.00977	3305449693625	0.38258	0.13139	8464.92285	0.08691	11456	1	0.50218	0.15856	0	0.38538	0.09959	1	0.38538	0.09959	1	0.48059	0.53320	10.04393	1.09251	0	0.48058	0.53343	10.21247	1.09251	1	-0.00483	-0.00946	0.68560	0.00206	1	-0.00471	-0.00938	0.68307	0.00213	1	1.45898	0.81042	0	
1255062	8465.01660	3305449762946	0.38250	0.13184	8464.92285	0.09375	11456	1	0.50218	0.15856	0	0.38140	0.13825	1	0.38140	0.13825	1	0.48059	0.53320	10.04393	1.09251	0	0.48061	0.53361	10.55876	1.08383	1	-0.00483	-0.00946	0.68560	0.00206	1	-0.00471	-0.00938	0.68307	0.00211	1	1.45898	0.81042	0	
1255063	8465.02344	3305449829295	0.38418	0.13325	8464.92285	0.10059	11456	1	0.50218	0.15856	0	0.40937	0.15430	1	0.40937	0.15430	1	0.48059	0.53320	10.04393	1.08383	0	0.48064	0.53348	10.27694	1.07515	1	-0.00483	-0.00946	0.68560	0.00206	1	-0.00471	-0.00938	0.68307	0.00216	1	1.45898	0.81042	0	
1255064	8465.03027	3305449896828	0.38567	0.13498	8464.92285	0.10742	11456	1	0.50218	0.15856	0	0.40956	0.16270	1	0.40956	0.16270	1	0.48059	0.53320	10.04393	1.07515	0	0.48046	0.53345	10.27806	1.06647	1	-0.00483	-0.00946	0.68560	0.00206	1	-0.00483	-0.00946	0.68560	0.00207	1	1.45898	0.81042	0	
1255065	8465.03711	3305449964615	0.38637	0.13573	8464.92285	0.11426	11456	1	0.50218	0.15856	0	0.39816	0.14844	1	0.39816	0.14844	1	0.48059	0.53320	10.04393	1.06647	0	0.48050	0.53352	10.30620	1.06647	1	-0.00483	-0.00946	0.68560	0.00206	1	-0.00483	-0.00946	0.68560	0.00209	1	1.45898	0.81042	0	
1255066	8465.04395	3305450032841	0.38686	0.13339	8464.92285	0.12109	11456	1	0.50218	0.15856	0	0.39580	0.09124	1	0.39580	0.09124	1	0.48059	0.53320	10.04393	1.06647	0	0.48054	0.53344	10.42069	1.06647	1	-0.00483	-0.00946	0.68560	0.00206	1	-0.00483	-0.00946	0.68560	0.00210	1	1.45898	0.81042	0	
1255067	8465.04980	3305450098004	0.38731	0.13128	8464.92285	0.12695	11456	1	0.50218	0.15856	0	0.39580	0.09124	1	0.39580	0.09124	1	0.48059	0.53320	10.04393	1.06647	0	0.48039	0.53352	10.48517	1.06647	1	-0.00483	-0.00946	0.68560	0.00206	1	-0.00483	-0.00946	0.68560	0.00214	1	1.45898	0.81042	0	
1255068	8465.05664	3305450163492	0.38745	0.12891	8464.92285	0.13379	11456	1	0.50218	0.15856	0	0.39019	0.08146	1	0.39019	0.08146	1	0.48059	0.53320	10.04393	1.06647	0	0.48042	0.53332	10.14547	1.06647	1	-0.00483	-0.00946	0.68560	0.00206	1	-0.00483	-0.00946	0.68560	0.00213	1	1.45898	0.81042	0	
1255069	8465.06348	3305450230986	0.38771	0.12722	8464.92285	0.14062	11456	1	0.50218	0.15856	0	0.39319	0.09172	1	0.39319	0.09172	1	0.48059	0.53320	10.04393	1.06647	0	0.48041	0.53360	10.41736	1.06647	1	-0.00483	-0.00946	0.68560	0.00206	1	-0.00483	-0.00946	0.68560	0.00214	1	1.45898	0.81042	0	
1255070	8465.07031	3305450300245	0.38795	0.12567	8464.92285	0.14746	11456	1	0.50218	0.15856	0	0.39319	0.09172	1	0.39319	0.09172	1	0.48059	0.53320	10.04393	1.06647	0	0.48022	0.53371	10.44614	1.06647	1	-0.00483	-0.00946	0.68560	0.00206	1	-0.00483	-0.00946	0.68560	0.00220	1	1.45898	0.81042	0	
1255071	8465.07715	3305450365419	0.38743	0.12422	8464.92285	0.15430	11456	1	0.50218	0.15856	0	0.37559	0.09070	1	0.37559	0.09070	1	0.48059	0.53320	10.04393	1.06647	0	0.48003	0.53357	10.57498	1.06647	1	-0.00483	-0.00946	0.68560	0.00206	1	-0.00483	-0.00946	0.68560	0.00212	1	1.45898	0.81042	0	
1255072	8465.08398	3305450433538	0.38759	0.12356	8464.92285	0.16113	11456	1	0.50218	0.15856	0	0.39143	0.10785	1	0.39143	0.10785	1	0.48059	0.53320	10.04393	1.06647	0	0.48005	0.53365	10.34261	1.06647	1	-0.00483	-0.00946	0.68560	0.00206	1	-0.00483	-0.00946	0.68560	0.00213	1	1.45898	0.81042	0	
1255073	8465.09082	3305450500115	0.38774	0.12296	8464.92285	0.16797	11456	1	0.50218	0.15856	0	0.39143	0.10785	1	0.39143	0.10785	1	0.48059	0.53320	10.04393	1.06647	0	0.47998	0.53359	10.66539	1.06647	1	-0.00483	-0.00946	0.68560	0.00206	1	-0.00483	-0.00946	0.68560	0.00208	1	1.45898	0.81042	0	
1255074	8465.09668	3305450566684	0.38816	0.12182	8464.92285	0.17383	11456	1	0.50218	0.15856	0	0.39901	0.09225	1	0.39901	0.09225	1	0.48059	0.53320	10.04393	1.06647	0	0.48011	0.53358	10.66980	1.06647	1	-0.00483	-0.00946	0.68560	0.00206	1	-0.00483	-0.00946	0.68560	0.00226	1	1.45898	0.81042	0	
1255075	8465.10352	3305450634058	0.38863	0.12155	8464.92285	0.18066	11456	1	0.50218	0.15856	0	0.40154	0.11416	1	0.40154	0.11416	1	0.48059	0.53320	10.04393	1.06647	0	0.48009	0.53370	10.79976	1.06647	1	-0.00483	-0.00946	0.68560	0.00206	1	-0.00483	-0.00946	0.68560	0.00212	1	1.45898	0.81042	0	
1255076	8465.11035	3305450701124	0.38908	0.12129	8464.92285	0.18750	11456	1	0.50218	0.15856	0	0.40154	0.11416	1	0.40154	0.11416	1	0.48059	0.53320	10.04393	1.06647	0	0.47983	0.53360	10.83898	1.06647	1	-0.00483	-0.00946	0.68560	0.00206	1	-0.00506	-0.00951	0.68899	0.00214	1	1.45898	0.81042	0	
1255077	8465.11719	3305450767815	0.38861	0.12052	8464.92285	0.19434	11456	1	0.50218	0.15856	0	0.37513	0.09814	1	0.37513	0.09814	1	0.48059	0.53320	10.04393	1.06647	0	0.47979	0.53356	10.45152	1.06647	1	-0.00483	-0.00946	0.68560	0.00206	1	-0.00506	-0.00951	0.68899	0.00217	1	1.45898	0.81042	0	
1255078	8465.12402	3305450834217	0.38929	0.12057	8464.92285	0.20117	11456	1	0.50218	0.15856	0	0.40940	0.12216	1	0.40940	0.12216	1	0.48059	0.53320	10.04393	1.06647	0	0.47982	0.53371	10.67949	1.06647	1	-0.00483	-0.00946	0.68560	0.00206	1	-0.00506	-0.00951	0.68899	0.00216	1	1.45898	0.81042	0	
1255079	8465.13086	3305450901716	0.38991	0.12062	8464.92285	0.20801	11456	1	0.50218	0.15856	0	0.40940	0.12216	1	0.40940	0.12216	1	0.48059	0.53320	10.04393	1.06647	0	0.47952	0.53373	10.67870	1.06647	1	-0.00483	-0.00946	0.68560	0.00206	1	-0.00506	-0.00951	0.68899	0.00210	1	1.45898	0.81042	0	
1255080	8465.13770	3305450968021	0.38947	0.12700	8464.92285	0.21484	11456	1	0.50218	0.15856	0	0.37521	0.33106	1	0.37521	0.33106	1	0.48059	0.53320	10.04393	1.06647	0	0.47945	0.53586	10.22493	1.06647	1	-0.00483	-0.00946	0.68560	0.00206	1	-0.00506	-0.00951	0.68899	0.00361	1	1.45898	0.81042	0	
1255081	8465.14355	3305451032413	0.38949	0.12587	8464.92285	0.22070	11456	1	0.50218	0.15856	0	0.39014	0.08853	1	0.39014	0.08853	1	0.48059	0.53320	10.04393	1.06647	0	0.47953	0.53353	10.58181	1.06647	1	-0.00483	-0.00946	0.68560	0.00206	1	-0.00506	-0.00951	0.68899	0.00214	1	1.45898	0.81042	0	
1255082	8465.15039	3305451101137	0.38951	0.12480	8464.92285	0.22754	11456	1	0.50218	0.15856	0	0.39014	0.08853	1	0.39014	0.08853	1	0.48059	0.53320	10.04393	1.06647	0	0.47946	0.53362	10.81259	1.06647	1	-0.00483	-0.00946	0.68560	0.00206	1	-0.00506	-0.00951	0.68899	0.00216	1	1.45898	0.81042	0	
1255083	8465.15723	3305451166466	0.38922	0.12418	8464.92285	0.23438	11456	1	0.50218	0.15856	0	0.37924	0.10235	1	0.37924	0.10235	1	0.48059	0.53320	10.04393	1.06647	0	0.47937	0.53354	10.78744	1.06647	1	-0.00483	-0.00946	0.68560	0.00206	1	-0.00506	-0.00951	0.68899	0.00211	1	1.45898	0.81042	0	
1255084	8465.16406	3305451236523	0.38971	0.12378	8464.92285	0.24121	11456	1	0.50218	0.15856	0	0.40738	0.10947	1	0.40738	0.10947	1	0.48059	0.53320	10.04393	1.06647	0	0.47950	0.53369	10.63122	1.06647	1	-0.00483	-0.00946	0.68560	0.00206	1	-0.00506	-0.00951	0.68899	0.00217	1	1.45898	0.81042	0	
1255085	8465.17090	3305451303724	0.39017	0.12317	8464.92285	0.24805	11456	1	0.50218	0.15856	0	0.40718	0.10065	1	0.40718	0.10065	1	0.48059	0.53320	10.04393	1.06647	0	0.47921	0.53359	10.65451	1.07515	1	-0.00483	-0.00946	0.68560	0.00206	1	-0.00521	-0.00969	0.70228	0.00208	1	1.45898	0.81042	0	
1255086	8465.17773	3305451367935	0.39008	0.12230	8464.92285	0.25488	11456	1	0.50218	0.15856	0	0.38644	0.08913	1	0.38644	0.08913	1	0.48059	0.53320	10.04393	1.07515	0	0.47905	0.53368	10.67999	1.08383	1	-0.00483	-0.00946	0.68560	0.00206	1	-0.00521	-0.00969	0.70228	0.00215	1	1.45898	0.81042	0	
1255087	8465.18457	3305451437211	0.38992	0.12146	8464.92285	0.26172	11456	1	0.50218	0.15856	0	0.38398	0.08858	1	0.38398	0.08858	1	0.48059	0.53320	10.04393	1.08383	0	0.47921	0.53372	10.64575	1.09251	1	-0.00483	-0.00946	0.68560	0.00206	1	-0.00521	-0.00969	0.70228	0.00215	1	1.45898	0.81042	0	
1255088	8465.19141	3305451504805	0.38978	0.12065	8464.92285	0.26855	11456	1	0.50218	0.15856	0	0.38398	0.08858	1	0.38398	0.08858	1	0.48059	0.53320	10.04393	1.09251	0	0.47872	0.53371	10.41018	1.09251	1	-0.00483	-0.00946	0.68560	0.00206	1	-0.00528	-0.00952	0.68986	0.00213	1	1.45898	0.81042	0	
1255089	8465.19727	3305451571762	0.38988	0.12022	8464.92285	0.27441	11456	1	0.50218	0.15856	0	0.39423	0.10250	1	0.39423	0.10250	1	0.48059	0.53320	10.04393	1.09251	0	0.47884	0.53377	10.62994	1.08383	1	-0.00483	-0.00946	0.68560	0.00206	1	-0.00528	-0.00952	0.68986	0.00214	1	1.45898	0.81042	0	
1255090	8465.20410	3305451637994	0.39002	0.11966	8464.92285	0.28125	11456	1	0.50218	0.15856	0	0.39580	0.09614	1	0.39580	0.09614	1	0.48059	0.53320	10.04393	1.08383	0	0.47881	0.53356	10.56691	1.07515	1	-0.00483	-0.00946	0.68560	0.00206	1	-0.00528	-0.00952	0.68986	0.00211	1	1.45898	0.81042	0	
1255091	8465.21094	3305451705561	0.39016	0.11933	8464.92285	0.28809	11456	1	0.50218	0.15856	0	0.39609	0.10499	1	0.39609	0.10499	1	0.48059	0.53320	10.04393	1.07515	0	0.47869	0.53367	10.63364	1.06647	1	-0.00483	-0.00946	0.68560	0.00206	1	-0.00528	-0.00952	0.68986	0.00213	1	1.45898	0.81042	0	
1255092	8465.21777	3305451772030	0.38969	0.12429	8464.92285	0.29492	11456	1	0.50218	0.15856	0	0.36904	0.34267	1	0.36904	0.34267	1	0.48059	0.53320	10.04393	1.06647	0	0.47860	0.53608	9.96556	1.06647	1	-0.00483	-0.00946	0.68560	0.00206	1	-0.00528	-0.00952	0.68986	0.00367	1	1.45898	0.81042	0	
1255093	8465.22461	3305451839576	0.38949	0.12399	8464.92285	0.30176	11456	1	0.50218	0.15856	0	0.38044	0.11054	1	0.38044	0.11054	1	0.48059	0.53320	10.04393	1.06647	0	0.47874	0.53369	10.54397	1.06647	1	-0.00483	-0.00946	0.68560	0.00206	1	-0.00528	-0.00952	0.68986	0.00211	1	1.45898	0.81042	0	
1255094	8465.23145	3305451906805	0.39060	0.12430	8464.92285	0.30859	11456	1	0.50322	0.16683	1	0.38044	0.11054	1	0.44183	0.13868	1	0.47855	0.53368	10.96599	1.06647	1	0.74136	0.55854	11.04049	1.06647	1	-0.00528	-0.00952	0.68986	0.00210	1	0.06294	-0.01387	0.68245	0.00404	1	1.45898	0.81042	0	
1255095	8465.23828	3305451974297	0.39265	0.12860	8464.92285	0.31543	11456	1	0.49027	0.17301	1	0.48734	0.48836	1	0.48881	0.33068	1	0.47851	0.53367	10.80762	1.06647	1	0.74114	0.55859	11.39319	1.06647	1	-0.00528	-0.00952	0.68986	0.00209	1	0.06294	-0.01387	0.68245	0.00393	1	1.45898	0.81042	0	
1255096	8465.24414	3305452040714	0.41108	0.16818	8464.92285	0.31543	11456	0	0.52479	0.36508	1	0.48546	0.48498	1	0.50513	0.42503	1	0.47890	0.53597	10.68556	1.06647	1	0.74114	0.55873	11.47790	1.06647	1	-0.00528	-0.00952	0.68986	0.00345	1	0.06294	-0.01387	0.68245	0.00387	1	1.45898	0.81042	0	
1255097	8465.25098	3305452107416	0.45801	0.29789	8464.92285	0.31543	11456	0	0.52479	0.36508	1	0.48511	0.49013	1	0.50495	0.42761	1	0.47890	0.53600	10.73307	1.06647	1	0.74091	0.55848	11.54587	1.05881	1	-0.00528	-0.00952	0.68986	0.00348	1	0.06191	-0.01358	0.67069	0.00385	1	1.45898	0.81042	0	
1255098	8465.25781	3305452174473	0.46712	0.34491	8464.92285	0.31543	11456	0	0.51657	0.38333	1	0.45412	0.49457	1	0.48535	0.43895	1	0.47877	0.53596	10.62633	1.05881	1	0.74059	0.55812	10.70497	1.05115	1	-0.00528	-0.00952	0.68986	0.00351	1	0.06191	-0.01358	0.67069	0.00387	1	1.45898	0.81042	0	
1255099	8465.26465	3305452240274	0.49397	0.40510	8464.92285	0.31543	11456	0	0.50322	0.17875	1	0.48002	0.51874	1	0.49162	0.34875	1	0.47867	0.53359	10.75337	1.05115	1	0.74103	0.55834	10.94748	1.04349	1	-0.00528	-0.00952	0.68986	0.00216	1	0.06191	-0.01358	0.67069	0.00392	1	1.45898	0.81042	0	
1255100	8465.27148	3305452308105	0.49295	0.38000	8464.92285	0.31543	11456	0	0.50415	0.18606	1	0.47969	0.52376	1	0.49192	0.35491	1	0.47862	0.53357	10.67062	1.04349	1	0.74103	0.55771	11.21036	1.03583	1	-0.00528	-0.00952	0.68986	0.00222	1	0.06191	-0.01358	0.67069	0.00414	1	1.45898	0.81042	0	
1255101	8465.27832	3305452376221	0.49420	0.37155	8464.92285	0.31543	11456	0	0.51586	0.18082	1	0.47759	0.52847	1	0.49672	0.35464	1	0.47853	0.53351	10.73934	1.03583	1	0.74102	0.55828	11.50778	1.03583	1	-0.00528	-0.00952	0.68986	0.00215	1	0.06191	-0.01358	0.67069	0.00389	1	1.45898	0.81042	0	
1255102	8465.28516	3305452442441	0.49603	0.38705	8465.26465	0.02051	11457	1	0.52082	0.39761	1	0.48218	0.46951	1	0.50150	0.43356	1	0.47872	0.53597	10.37193	1.03583	1	0.74102	0.55781	11.34062	1.03583	1	-0.00528	-0.00952	0.68986	0.00355	1	0.06191	-0.01358	0.67069	0.00414	1	1.45898	0.81042	0	
1255103	8465.29102	3305452509067	0.49333	0.40246	8465.26465	0.02637	11457	1	0.52082	0.39761	0	0.48252	0.46409	1	0.48252	0.46409	1	0.47872	0.53597	10.37193	1.03583	0	0.47869	0.53353	10.60117	1.04349	1	-0.00528	-0.00952	0.68986	0.00355	1	-0.00515	-0.00924	0.67320	0.00217	1	1.45898	0.81042	0	
1255104	8465.29785	3305452575793	0.47658	0.39795	8465.26465	0.03320	11457	1	0.52082	0.39761	0	0.39284	0.37542	1	0.39284	0.37542	1	0.47872	0.53597	10.37193	1.04349	0	0.47897	0.53600	10.76451	1.05115	1	-0.00528	-0.00952	0.68986	0.00355	1	-0.00515	-0.00924	0.67320	0.00351	1	1.45898	0.81042	0	
1255105	8465.30469	3305452643918	0.46280	0.36160	8465.26465	0.04004	11457	1	0.52082	0.39761	0	0.38015	0.14348	1	0.38015	0.14348	1	0.47872	0.53597	10.37193	1.05115	0	0.47854	0.53348	10.54287	1.05881	1	-0.00528	-0.00952	0.68986	0.00355	1	-0.00515	-0.00924	0.67320	0.00207	1	1.45898	0.81042	0	
1255106	8465.31152	3305452712312	0.45242	0.33339	8465.26465	0.04688	11457	1	0.52082	0.39761	0	0.37977	0.13591	1	0.37977	0.13591	1	0.47872	0.53597	10.37193	1.05881	0	0.47852	0.53354	10.65476	1.06647	1	-0.00528	-0.00952	0.68986	0.00355	1	-0.00515	-0.00924	0.67320	0.00208	1	1.45898	0.81042	0	
1255107	8465.31836	3305452778246	0.44499	0.31259	8465.26465	0.05371	11457	1	0.52082	0.39761	0	0.38554	0.14621	1	0.38554	0.14621	1	0.47872	0.53597	10.37193	1.06647	0	0.47871	0.53346	11.00221	1.06647	1	-0.00528	-0.00952	0.68986	0.00355	1	-0.00515	-0.00924	0.67320	0.00215	1	1.45898	0.81042	0	
1255108	8465.32520	3305452843774	0.43905	0.29595	8465.26465	0.06055	11457	1	0.52082	0.39761	0	0.38554	0.14621	1	0.38554	0.14621	1	0.47872	0.53597	10.37193	1.06647	0	0.47871	0.53346	11.00221	1.06647	1	-0.00528	-0.00952	0.68986	0.00355	1	-0.00515	-0.00924	0.67320	0.00215	1	1.45898	0.81042	0	
1255109	8465.33105	3305452908497	0.43418	0.28234	8465.26465	0.06641	11457	1	0.52082	0.39761	0	0.38554	0.14621	1	0.38554	0.14621	1	0.47872	0.53597	10.37193	1.06647	0	0.47871	0.53337	10.99273	1.06647	1	-0.00528	-0.00952	0.68986	0.00355	1	-0.00528	-0.00942	0.68986	0.00209	1	1.45898	0.81042	0	
1255110	8465.33789	3305452975927	0.43056	0.28396	8465.26465	0.07324	11457	1	0.52082	0.39761	0	0.39076	0.30177	1	0.39076	0.30177	1	0.47872	0.53597	10.37193	1.06647	0	0.47891	0.53578	11.18810	1.06647	1	-0.00528	-0.00952	0.68986	0.00355	1	-0.00528	-0.00942	0.68986	0.00363	1	1.45898	0.81042	0	
1255111	8465.34473	3305453041227	0.42642	0.28742	8465.26465	0.08008	11457	1	0.52082	0.39761	0	0.37665	0.32899	1	0.37665	0.32899	1	0.47872	0.53597	10.37193	1.06647	0	0.47868	0.53543	10.33323	1.06647	1	-0.00528	-0.00952	0.68986	0.00355	1	-0.00528	-0.00942	0.68986	0.00377	1	1.45898	0.81042	0	
1255112	8465.35156	3305453109760	0.42642	0.28742	8465.26465	0.08691	11457	1	0.52082	0.39761	0	0.37665	0.32899	0	0.37665	0.32899	0	0.47872	0.53597	10.37193	1.06647	0	0.47868	0.53543	10.33323	1.06647	0	-0.00528	-0.00952	0.68986	0.00355	1	-0.00528	-0.00942	0.68986	0.00377	1	1.45898	0.81042	0	
1255113	8465.35840	3305453175765	0.42642	0.28742	8465.26465	0.09375	11457	1	0.52082	0.39761	0	0.37665	0.32899	0	0.37665	0.32899	0	0.47872	0.53597	10.37193	1.06647	0	0.47868	0.53543	10.33323	1.06647	0	-0.00528	-0.00952	0.68986	0.00355	1	-0.00528	-0.00942	0.68986	0.00377	1	1.45898	0.81042	0	
1255114	8465.36523	3305453243798	0.42642	0.28742	8465.26465	0.10059	11457	1	0.52082	0.39761	0	0.37665	0.32899	0	0.37665	0.32899	0	0.47872	0.53597	10.37193	1.06647	0	0.47868	0.53543	10.33323	1.06647	0	-0.00528	-0.00952	0.68986	0.00355	1	-0.00528	-0.00942	0.68986	0.00377	1	1.45898	0.81042	0	
1255115	8465.37207	3305453313120	0.42079	0.27762	8465.26465	0.10059	11457	0	0.52082	0.39761	0	0.37665	0.32899	0	0.37665	0.32899	0	0.47872	0.53597	10.37193	1.06647	0	0.47868	0.53543	10.33323	1.06647	0	-0.00528	-0.00952	0.68986	0.00355	1	-0.00528	-0.00942	0.68986	0.00377	1	1.45898	0.81042	0	
1255116	8465.37793	3305453375586	0.42079	0.27762	8465.26465	0.10059	11457	0	0.52082	0.39761	0	0.37665	0.32899	0	0.37665	0.32899	0	0.47872	0.53597	10.37193	1.06647	0	0.47868	0.53543	10.33323	1.06647	0	-0.00528	-0.00952	0.68986	0.00355	1	-0.00528	-0.00942	0.68986	0.00377	1	1.45898	0.81042	0	
1255117	8465.38477	3305453445180	0.42079	0.27762	8465.26465	0.10059	11457	0	0.52082	0.39761	0	0.37665	0.32899	0	0.37665	0.32899	0	0.47872	0.53597	10.37193	1.06647	0	0.47868	0.53543	10.33323	1.06647	0	-0.00528	-0.00952	0.68986	0.00355	1	-0.00528	-0.00942	0.68986	0.00377	1	1.45898	0.81042	0	
1255118	8465.39160	3305453514061	0.00000	0.00000	8465.26465	0.10059	11457	0	0.52082	0.39761	0	0.37665	0.32899	0	0.37665	0.32899	0	0.47872	0.53597	10.37193	1.06647	0	0.47868	0.53543	10.33323	1.06647	0	-0.00528	-0.00952	0.68986	0.00355	1	-0.00528	-0.00942	0.68986	0.00377	1	1.45898	0.81042	0	
1255119	8465.39844	3305453581027	0.00000	0.00000	8465.26465	0.10059	11457	0	0.52082	0.39761	0	0.37665	0.32899	0	0.37665	0.32899	0	0.47872	0.53597	10.37193	1.06647	0	0.47868	0.53543	10.33323	1.06647	0	-0.00528	-0.00952	0.68986	0.00355	1	-0.00528	-0.00942	0.68986	0.00377	1	1.45898	0.81042	0	
1255120	8465.40527	3305453649141	0.00000	0.00000	8465.26465	0.10059	11457	0	0.52082	0.39761	0	0.37665	0.32899	0	0.37665	0.32899	0	0.47872	0.53597	10.37193	1.06647	0	0.47868	0.53543	10.33323	1.06647	0	-0.00528	-0.00952	0.68986	0.00355	1	-0.00528	-0.00942	0.68986	0.00377	1	1.45898	0.81042	0	
1255121	8465.41211	3305453715562	0.00000	0.00000	8465.26465	0.10059	11457	0	0.52082	0.39761	0	0.37665	0.32899	0	0.37665	0.32899	0	0.47872	0.53597	10.37193	1.06647	0	0.47868	0.53543	10.33323	1.06647	0	-0.00528	-0.00952	0.68986	0.00355	1	-0.00528	-0.00942	0.68986	0.00377	1	1.45898	0.81042	0	
1255122	8465.41895	3305453782462	0.00000	0.00000	8465.26465	0.10059	11457	0	0.52082	0.39761	0	0.37665	0.32899	0	0.37665	0.32899	0	0.47872	0.53597	10.37193	1.06647	0	0.47868	0.53543	10.33323	1.06647	0	-0.00528	-0.00952	0.68986	0.00355	1	-0.00528	-0.00942	0.68986	0.00377	1	1.45898	0.81042	0	
1255123	8465.42578	3305453848266	0.00000	0.00000	8465.26465	0.10059	11457	0	0.52082	0.39761	0	0.37665	0.32899	0	0.37665	0.32899	0	0.47872	0.53597	10.37193	1.06647	0	0.47868	0.53543	10.33323	1.06647	0	-0.00528	-0.00952	0.68986	0.00355	1	-0.00528	-0.00942	0.68986	0.00377	1	1.45898	0.81042	0	
1255124	8465.43262	3305453916569	0.00000	0.00000	8465.26465	0.10059	11457	0	0.52082	0.39761	0	0.37665	0.32899	0	0.37665	0.32899	0	0.47872	0.53597	10.37193	1.06647	0	0.47868	0.53543	10.33323	1.06647	0	-0.00528	-0.00952	0.68986	0.00355	1	-0.00528	-0.00942	0.68986	0.00377	1	1.45898	0.81042	0	
1255125	8465.43848	3305453982576	0.00000	0.00000	8465.26465	0.10059	11457	0	0.52082	0.39761	0	0.37665	0.32899	0	0.37665	0.32899	0	0.47872	0.53597	10.37193	1.06647	0	0.47868	0.53543	10.33323	1.06647	0	-0.00528	-0.00952	0.68986	0.00355	1	-0.00528	-0.00942	0.68986	0.00377	1	1.45898	0.81042	0	
1255126	8465.44531	3305454050047	0.19809	0.16743	8465.26465	0.10059	11457	0	0.52082	0.39761	0	0.39619	0.33486	1	0.39619	0.33486	1	0.47872	0.53597	10.37193	1.06647	0	0.47945	0.53610	11.18169	1.06647	1	-0.00528	-0.00952	0.68986	0.00355	1	-0.00528	-0.00942	0.68986	0.00355	1	1.45898	0.81042	0	
1255127	8465.45215	3305454116874	0.39604	0.33136	8465.26465	0.10059	11457	0	0.52082	0.39761	0	0.39589	0.32786	1	0.39589	0.32786	1	0.47872	0.53597	10.37193	1.06647	0	0.47981	0.53608	10.78403	1.07515	1	-0.00528	-0.00952	0.68986	0.00355	1	-0.00521	-0.00969	0.70228	0.00364	1	1.45898	0.81042	0	
1255128	8465.45898	3305454183639	0.38613	0.32537	8465.26465	0.10059	11457	0	0.52082	0.39761	0	0.37622	0.31938	1	0.37622	0.31938	1	0.47872	0.53597	10.37193	1.07515	0	0.47952	0.53565	10.10703	1.08383	1	-0.00528	-0.00952	0.68986	0.00355	1	-0.00521	-0.00969	0.70228	0.00371	1	1.45898	0.81042	0	
1255129	8465.46484	3305454247867	0.38646	0.30875	8465.26465	0.10059	11457	0	0.52082	0.39761	0	0.38713	0.27550	1	0.38713	0.27550	1	0.47872	0.53597	10.37193	1.08383	0	0.47963	0.53582	10.67193	1.09251	1	-0.00528	-0.00952	0.68986	0.00355	1	-0.00521	-0.00969	0.70228	0.00368	1	1.45898	0.81042	0	
1255130	8465.47266	3305454318000	0.38663	0.30044	8465.45215	0.02051	11458	1	0.52082	0.39761	0	0.38713	0.27550	1	0.38713	0.27550	1	0.47872	0.53597	10.37193	1.09251	0	0.47958	0.53614	10.75169	1.09251	1	-0.00528	-0.00952	0.68986	0.00355	1	-0.00493	-0.00922	0.67141	0.00363	1	1.45898	0.81042	0	
1255131	8465.47852	3305454384835	0.38441	0.31192	8465.45215	0.02637	11458	1	0.52082	0.39761	0	0.37554	0.35786	1	0.37554	0.35786	1	0.47872	0.53597	10.37193	1.09251	0	0.47950	0.53604	10.23304	1.08383	1	-0.00528	-0.00952	0.68986	0.00355	1	-0.00493	-0.00922	0.67141	0.00362	1	1.45898	0.81042	0	
1255132	8465.48535	3305454451586	0.38099	0.32175	8465.45215	0.03320	11458	1	0.52082	0.39761	0	0.36387	0.37088	1	0.36387	0.37088	1	0.47872	0.53597	10.37193	1.08383	0	0.47932	0.53587	10.25403	1.07515	1	-0.00528	-0.00952	0.68986	0.00355	1	-0.00493	-0.00922	0.67141	0.00364	1	1.45898	0.81042	0	
1255133	8465.49219	3305454518798	0.37862	0.32971	8465.45215	0.04004	11458	1	0.52082	0.39761	0	0.36442	0.37751	1	0.36442	0.37751	1	0.47872	0.53597	10.37193	1.07515	0	0.47956	0.53563	10.29620	1.06647	1	-0.00528	-0.00952	0.68986	0.00355	1	-0.00493	-0.00922	0.67141	0.00364	1	1.45898	0.81042	0	
1255134	8465.49902	3305454586022	0.37845	0.32518	8465.45215	0.04688	11458	1	0.52082	0.39761	0	0.37727	0.29344	1	0.37727	0.29344	1	0.47872	0.53597	10.37193	1.06647	0	0.47953	0.53529	10.15516	1.06647	1	-0.00528	-0.00952	0.68986	0.00355	1	-0.00493	-0.00922	0.67141	0.00380	1	1.45898	0.81042	0	
1255135	8465.50586	3305454652422	0.38069	0.32296	8465.45215	0.05371	11458	1	0.52082	0.39761	0	0.39855	0.30518	1	0.39855	0.30518	1	0.47872	0.53597	10.37193	1.06647	0	0.47993	0.53522	10.74117	1.06647	1	-0.00528	-0.00952	0.68986	0.00355	1	-0.00493	-0.00922	0.67141	0.00376	1	1.45898	0.81042	0	
1255136	8465.51270	3305454720178	0.38247	0.32118	8465.45215	0.06055	11458	1	0.52082	0.39761	0	0.39855	0.30518	1	0.39855	0.30518	1	0.47872	0.53597	10.37193	1.06647	0	0.47993	0.53576	11.18862	1.06647	1	-0.00528	-0.00952	0.68986	0.00355	1	-0.00498	-0.00926	0.67813	0.00359	1	1.45898	0.81042	0	
1255137	8465.51953	3305454786328	0.38277	0.31912	8465.45215	0.06738	11458	1	0.52082	0.39761	0	0.38575	0.29854	1	0.38575	0.29854	1	0.47872	0.53597	10.37193	1.06647	0	0.47997	0.53519	11.01081	1.06647	1	-0.00528	-0.00952	0.68986	0.00355	1	-0.00498	-0.00926	0.67813	0.00380	1	1.45898	0.81042	0	
1255138	8465.52539	3305454853149	0.38228	0.32109	8465.45215	0.07324	11458	1	0.52082	0.39761	0	0.37686	0.34269	1	0.37686	0.34269	1	0.47872	0.53597	10.37193	1.06647	0	0.47992	0.53553	11.12764	1.06647	1	-0.00528	-0.00952	0.68986	0.00355	1	-0.00498	-0.00926	0.67813	0.00366	1	1.45898	0.81042	0	
1255139	8465.53223	3305454920560	0.38719	0.32316	8465.45215	0.08008	11458	1	0.51644	0.36760	1	0.37594	0.32853	1	0.44619	0.34806	1	0.48022	0.53527	10.43267	1.07555	1	0.74240	0.55818	11.42798	1.08423	1	-0.00501	-0.00960	0.70319	0.00380	1	0.06512	-0.01427	0.70203	0.00389	1	1.45898	0.81042	0	
1255140	8465.53906	3305454987402	0.39580	0.32855	8465.45215	0.08691	11458	1	0.53370	0.38776	1	0.48180	0.40954	1	0.50775	0.39865	1	0.48026	0.53593	10.59163	1.09332	1	0.74255	0.55811	11.50836	1.10200	1	-0.00501	-0.00960	0.70319	0.00376	1	0.06512	-0.01427	0.70203	0.00386	1	1.45898	0.81042	0	
1255141	8465.54590	3305455054308	0.40066	0.32515	8465.45215	0.09375	11458	1	0.47495	0.14273	1	0.46246	0.41224	1	0.46870	0.27748	1	0.47990	0.53331	11.21806	1.11109	1	0.74225	0.55817	11.85572	1.11977	1	-0.00501	-0.00960	0.70319	0.00221	1	0.06512	-0.01427	0.70203	0.00386	1	1.45898	0.81042	0	
1255142	8465.55273	3305455118344	0.40487	0.32208	8465.45215	0.10059	11458	1	0.47377	0.13459	1	0.46228	0.41763	1	0.46802	0.27611	1	0.48044	0.53609	10.73364	1.11977	1	0.74246	0.55862	11.78279	1.11211	1	-0.00483	-0.00936	0.68560	0.00357	1	0.06038	-0.01321	0.64997	0.00388	1	1.45898	0.81042	0	
1255143	8465.55957	3305455189326	0.41028	0.32831	8465.45215	0.10742	11458	1	0.51877	0.36408	1	0.47479	0.49167	1	0.49678	0.42787	1	0.48040	0.53574	10.66326	1.10302	1	0.74253	0.55871	12.02570	1.08668	1	-0.00483	-0.00936	0.68560	0.00372	1	0.06038	-0.01321	0.64997	0.00385	1	1.45898	0.81042	0	
1255144	8465.56641	3305455255141	0.41573	0.33449	8465.45215	0.11426	11458	1	0.52579	0.41258	1	0.49105	0.46671	1	0.50842	0.43964	1	0.48044	0.53604	10.72593	1.07760	1	0.74275	0.55843	11.25142	1.06126	1	-0.00483	-0.00936	0.68560	0.00358	1	0.06038	-0.01321	0.64997	0.00393	1	1.45898	0.81042	0	
1255145	8465.57324	3305455323383	0.44516	0.34753	8465.45215	0.11426	11458	0	0.52840	0.43067	1	0.48974	0.48434	1	0.50907	0.45751	1	0.48024	0.53588	10.21125	1.05217	1	0.74267	0.55844	11.36162	1.03583	1	-0.00473	-0.00921	0.67127	0.00372	1	0.06038	-0.01326	0.64997	0.00391	1	1.45898	0.81042	0	
1255146	8465.57910	3305455389574	0.47840	0.38906	8465.45215	0.11426	11458	0	0.52540	0.34739	1	0.49788	0.51378	1	0.51164	0.43058	1	0.48043	0.53560	10.52359	1.03583	1	0.74291	0.55874	11.45162	1.03583	1	-0.00473	-0.00921	0.67127	0.00371	1	0.06038	-0.01326	0.64997	0.00390	1	1.45898	0.81042	0	
1255147	8465.58594	3305455454075	0.48629	0.41050	8465.45215	0.11426	11458	0	0.50758	0.39799	1	0.49657	0.50878	1	0.50207	0.45339	1	0.48018	0.53596	10.35284	1.03583	1	0.74288	0.55867	11.47640	1.03583	1	-0.00473	-0.00921	0.67127	0.00372	1	0.06038	-0.01326	0.64997	0.00391	1	1.45898	0.81042	0	
1255148	8465.59277	3305455523714	0.50542	0.44396	8465.45215	0.11426	11458	0	0.50758	0.39799	1	0.49751	0.49783	1	0.50255	0.44791	1	0.48033	0.53565	10.69214	1.03583	1	0.74265	0.55848	11.43273	1.05217	1	-0.00473	-0.00921	0.67127	0.00370	1	0.06565	-0.01447	0.70667	0.00371	1	1.45898	0.81042	0	
1255149	8465.59961	3305455590547	0.50664	0.43516	8465.45215	0.11426	11458	0	0.52137	0.36847	1	0.49434	0.48424	1	0.50786	0.42636	1	0.48050	0.53544	10.50380	1.05217	1	0.74280	0.55850	11.51743	1.06851	1	-0.00473	-0.00921	0.67127	0.00370	1	0.06565	-0.01447	0.70667	0.00373	1	1.45898	0.81042	0	
1255150	8465.60645	3305455657497	0.50882	0.42159	8465.45215	0.11426	11458	0	0.52777	0.37604	1	0.49860	0.41287	1	0.51319	0.39446	1	0.48053	0.53551	10.63126	1.06851	1	0.74284	0.55840	11.55925	1.08485	1	-0.00473	-0.00921	0.67127	0.00367	1	0.06565	-0.01447	0.70667	0.00375	1	1.45898	0.81042	0	
1255151	8465.61328	3305455723949	0.50976	0.41257	8465.59277	0.02051	11459	1	0.52611	0.36375	1	0.49904	0.40729	1	0.51258	0.38552	1	0.48046	0.53539	10.49664	1.08485	1	0.74255	0.55820	11.25408	1.09251	1	-0.00483	-0.00946	0.68560	0.00376	1	0.06355	-0.01399	0.68345	0.00371	1	1.45898	0.81042	0	
1255152	8465.61914	3305455791265	0.50873	0.40692	8465.59277	0.02637	11459	1	0.53096	0.34538	1	0.47822	0.42325	1	0.50459	0.38431	1	0.48061	0.53562	11.07345	1.09251	1	0.74257	0.55837	11.30300	1.08383	1	-0.00483	-0.00946	0.68560	0.00361	1	0.06355	-0.01399	0.68345	0.00372	1	1.45898	0.81042	0	
1255153	8465.62598	3305455858205	0.50633	0.40201	8465.59277	0.03320	11459	1	0.51601	0.33108	1	0.47265	0.42384	1	0.49433	0.37746	1	0.48034	0.53520	10.12797	1.08383	1	0.74249	0.55855	12.10948	1.07515	1	-0.00483	-0.00946	0.68560	0.00378	1	0.06355	-0.01399	0.68345	0.00368	1	1.45898	0.81042	0	
1255154	8465.63281	3305455925227	0.50466	0.39944	8465.59277	0.04004	11459	1	0.51696	0.33789	1	0.47235	0.43012	1	0.49465	0.38400	1	0.48044	0.53560	10.57278	1.07515	1	0.74259	0.55844	11.36745	1.06647	1	-0.00483	-0.00946	0.68560	0.00371	1	0.06355	-0.01399	0.68345	0.00372	1	1.45898	0.81042	0	
1255155	8465.63965	3305455992284	0.50529	0.39140	8465.59277	0.04688	11459	1	0.53092	0.32072	1	0.48856	0.34951	1	0.50974	0.33512	1	0.48058	0.53560	10.93828	1.06647	1	0.74269	0.55762	11.07220	1.06647	1	-0.00483	-0.00946	0.68560	0.00370	1	0.06355	-0.01399	0.68345	0.00406	1	1.45898	0.81042	0	
1255156	8465.64648	3305456059214	0.50430	0.39222	8465.59277	0.05371	11459	1	0.51694	0.37256	1	0.47569	0.42506	1	0.49632	0.39881	1	0.48036	0.53563	10.57403	1.06647	1	0.74256	0.55833	11.31743	1.06647	1	-0.00483	-0.00946	0.68560	0.00369	1	0.06355	-0.01399	0.68345	0.00375	1	1.45898	0.81042	0	
1255157	8465.65332	3305456126211	0.50350	0.39288	8465.59277	0.06055	11459	1	0.51694	0.37256	1	0.47569	0.42506	1	0.49632	0.39881	1	0.48068	0.53589	11.30790	1.06647	1	0.74254	0.55839	11.43394	1.06647	1	-0.00483	-0.00946	0.68560	0.00364	1	0.06355	-0.01399	0.68345	0.00373	1	1.45898	0.81042	0	
1255158	8465.66016	3305456193516	0.50436	0.38960	8465.59277	0.06738	11459	1	0.54134	0.37204	1	0.48456	0.34163	1	0.51295	0.35684	1	0.48073	0.53580	11.16972	1.06647	1	0.74258	0.55754	11.46657	1.06647	1	-0.00483	-0.00946	0.68560	0.00362	1	0.06355	-0.01399	0.68345	0.00410	1	1.45898	0.81042	0	
1255159	8465.66602	3305456260046	0.50516	0.38990	8465.59277	0.07324	11459	1	0.54868	0.36900	1	0.47918	0.41740	1	0.51393	0.39320	1	0.48075	0.53557	11.13821	1.06647	1	0.74255	0.55850	11.51392	1.06647	1	-0.00483	-0.00946	0.68560	0.00358	1	0.06355	-0.01399	0.68345	0.00369	1	1.45898	0.81042	0	
1255160	8465.67285	3305456327148	0.50583	0.39016	8465.59277	0.08008	11459	1	0.54868	0.36900	1	0.47918	0.41740	1	0.51393	0.39320	1	0.48062	0.53532	11.02812	1.06647	1	0.74267	0.55788	11.34184	1.06647	1	-0.00483	-0.00946	0.68560	0.00362	1	0.06355	-0.01399	0.68345	0.00397	1	1.45898	0.81042	0	
1255161	8465.67969	3305456393979	0.50637	0.39030	8465.59277	0.08691	11459	1	0.54109	0.35885	1	0.48555	0.42540	1	0.51332	0.39212	1	0.48069	0.53550	11.41949	1.06647	1	0.74267	0.55843	11.37689	1.06647	1	-0.00483	-0.00946	0.68560	0.00353	1	0.06355	-0.01399	0.68345	0.00369	1	1.45898	0.81042	0	
1255162	8465.68652	3305456461429	0.50670	0.38600	8465.59277	0.09375	11459	1	0.53547	0.29877	1	0.48724	0.35282	1	0.51135	0.32580	1	0.48070	0.53531	11.18853	1.06647	1	0.74265	0.55761	11.11293	1.06647	1	-0.00483	-0.00946	0.68560	0.00357	1	0.06355	-0.01399	0.68345	0.00405	1	1.45898	0.81042	0	
1255163	8465.69336	3305456528689	0.50699	0.38223	8465.59277	0.10059	11459	1	0.53547	0.29877	1	0.48724	0.35282	1	0.51135	0.32580	1	0.48075	0.53573	11.42978	1.06647	1	0.74265	0.55761	11.11293	1.06647	1	-0.00483	-0.00946	0.68560	0.00340	1	0.06297	-0.01392	0.67728	0.00405	1	1.45898	0.81042	0	
1255164	8465.70020	3305456595048	0.50727	0.38215	8465.59277	0.10742	11459	1	0.53613	0.38908	1	0.48728	0.37255	1	0.51171	0.38082	1	0.48069	0.53571	11.28111	1.06647	1	0.74263	0.55778	11.28302	1.06647	1	-0.00483	-0.00946	0.68560	0.00349	1	0.06297	-0.01392	0.67728	0.00400	1	1.45898	0.81042	0	
1255165	8465.70703	3305456661294	0.50721	0.38326	8465.59277	0.11426	11459	1	0.53437	0.37100	1	0.47816	0.43325	1	0.50626	0.40212	1	0.48055	0.53552	10.75019	1.06647	1	0.74254	0.55851	11.47099	1.06647	1	-0.00483	-0.00946	0.68560	0.00366	1	0.06297	-0.01392	0.67728	0.00369	1	1.45898	0.81042	0	
1255166	8465.71387	3305456729416	0.50716	0.38425	8465.59277	0.12109	11459	1	0.53437	0.37100	1	0.47816	0.43325	1	0.50626	0.40212	1	0.48072	0.53573	10.97073	1.06647	1	0.74267	0.55788	11.34184	1.06647	1	-0.00483	-0.00946	0.68560	0.00371	1	0.06297	-0.01392	0.67728	0.00397	1	1.45898	0.81042	0	
1255167	8465.71973	3305456796418	0.50750	0.38416	8465.59277	0.12695	11459	1	0.54438	0.39862	1	0.48347	0.36596	1	0.51393	0.38229	1	0.48068	0.53575	11.36301	1.06647	1	0.74258	0.55774	11.37088	1.06647	1	-0.00483	-0.00946	0.68560	0.00362	1	0.06297	-0.01392	0.67728	0.00399	1	1.45898	0.81042	0	
1255168	8465.72656	3305456863492	0.50286	0.38238	8465.59277	0.13379	11459	1	0.54438	0.39862	0	0.41009	0.34679	1	0.41009	0.34679	1	0.48068	0.53575	11.36301	1.06647	0	0.48075	0.53575	11.14057	1.06647	1	-0.00483	-0.00946	0.68560	0.00362	1	0.06297	-0.01392	0.67728	0.00369	1	1.45898	0.81042	0	
1255169	8465.73340	3305456927308	0.49864	0.38076	8465.59277	0.14062	11459	1	0.54438	0.39862	0	0.41009	0.34679	1	0.41009	0.34679	1	0.48068	0.53575	11.36301	1.06647	0	0.48071	0.53559	11.11865	1.06647	1	-0.00483	-0.00946	0.68560	0.00362	1	-0.00483	-0.00946	0.68560	0.00368	1	1.45898	0.81042	0	
1255170	8465.74023	3305456994358	0.49486	0.37893	8465.59277	0.14746	11459	1	0.54438	0.39862	0	0.41171	0.33880	1	0.41171	0.33880	1	0.48068	0.53575	11.36301	1.06647	0	0.48076	0.53581	11.38293	1.06647	1	-0.00483	-0.00946	0.68560	0.00362	1	-0.00483	-0.00946	0.68560	0.00362	1	1.45898	0.81042	0	
1255171	8465.74707	3305457062514	0.49109	0.37732	8465.59277	0.15430	11459	1	0.54438	0.39862	0	0.40436	0.34012	1	0.40436	0.34012	1	0.48068	0.53575	11.36301	1.06647	0	0.48072	0.53571	11.21987	1.06647	1	-0.00483	-0.00946	0.68560	0.00362	1	-0.00483	-0.00946	0.68560	0.00365	1	1.45898	0.81042	0	
1255172	8465.75391	3305457130933	0.46790	0.36031	8465.59277	0.15430	11459	0	0.54438	0.39862	0	0.40436	0.34012	1	0.40436	0.34012	1	0.48068	0.53575	11.36301	1.06647	0	0.48066	0.53569	11.38324	1.06647	1	-0.00483	-0.00946	0.68560	0.00362	1	-0.00483	-0.00946	0.68560	0.00365	1	1.45898	0.81042	0	
1255173	8465.75977	3305457196519	0.43822	0.35255	8465.59277	0.15430	11459	0	0.54438	0.39862	0	0.40853	0.34480	1	0.40853	0.34480	1	0.48068	0.53575	11.36301	1.06647	0	0.48080	0.53555	11.17850	1.06647	1	-0.00483	-0.00946	0.68560	0.00362	1	-0.00483	-0.00946	0.68560	0.00367	1	1.45898	0.81042	0	
1255174	8465.76660	3305457262048	0.42571	0.34708	8465.59277	0.15430	11459	0	0.54438	0.39862	0	0.40068	0.33612	1	0.40068	0.33612	1	0.48068	0.53575	11.36301	1.06647	0	0.48064	0.53573	11.25016	1.06647	1	-0.00483	-0.00946	0.68560	0.00362	1	-0.00483	-0.00946	0.68560	0.00364	1	1.45898	0.81042	0	
1255175	8465.77344	3305457331297	0.41945	0.34434	8465.75391	0.01953	11460	1	0.54438	0.39862	0	0.40068	0.33612	1	0.40068	0.33612	1	0.48068	0.53575	11.36301	1.06647	0	0.48070	0.53532	10.80420	1.06647	1	-0.00483	-0.00946	0.68560	0.00362	1	-0.00483	-0.00946	0.68560	0.00385	1	1.45898	0.81042	0	
1255176	8465.78027	3305457398094	0.41394	0.33872	8465.75391	0.02637	11460	1	0.54438	0.39862	0	0.39191	0.31626	1	0.39191	0.31626	1	0.48068	0.53575	11.36301	1.06647	0	0.48052	0.53542	10.79537	1.06647	1	-0.00483	-0.00946	0.68560	0.00362	1	-0.00483	-0.00946	0.68560	0.00380	1	1.45898	0.81042	0	
1255177	8465.78711	3305457463747	0.41251	0.33690	8465.75391	0.03320	11460	1	0.54438	0.39862	0	0.40535	0.32780	1	0.40535	0.32780	1	0.48068	0.53575	11.36301	1.06647	0	0.48074	0.53542	10.83976	1.06647	1	-0.00483	-0.00946	0.68560	0.00362	1	-0.00483	-0.00946	0.68560	0.00386	1	1.45898	0.81042	0	
1255178	8465.79395	3305457530877	0.42143	0.34111	8465.75391	0.04004	11460	1	0.54438	0.39862	1	0.40555	0.33404	1	0.47496	0.36633	1	0.48052	0.53608	10.78736	1.06647	1	0.74252	0.55831	12.22786	1.05881	1	-0.00483	-0.00946	0.68560	0.00359	1	0.06038	-0.01336	0.64997	0.00375	1	1.45898	0.81042	0	
1255179	8465.80078	3305457599671	0.42926	0.34883	8465.75391	0.04688	11460	1	0.49972	0.41133	1	0.46845	0.39441	1	0.48409	0.40287	1	0.48006	0.53621	11.37111	1.05881	1	0.74233	0.55805	12.09882	1.05115	1	-0.00483	-0.00946	0.68560	0.00356	1	0.06038	-0.01336	0.64997	0.00412	1	1.45898	0.81042	0	
1255180	8465.80762	3305457667044	0.43644	0.35800	8465.75391	0.05371	11460	1	0.53023	0.42892	1	0.45743	0.43383	1	0.49383	0.43138	1	0.48011	0.53600	11.39041	1.05115	1	0.74221	0.55850	12.23711	1.04349	1	-0.00483	-0.00946	0.68560	0.00349	1	0.06038	-0.01336	0.64997	0.00387	1	1.45898	0.81042	0	
1255181	8465.81348	3305457733936	0.44223	0.36529	8465.75391	0.05957	11460	1	0.53101	0.43439	1	0.45762	0.42746	1	0.49431	0.43092	1	0.47989	0.53541	11.11245	1.04349	1	0.74217	0.55838	12.41209	1.05217	1	-0.00483	-0.00946	0.68560	0.00375	1	0.06512	-0.01437	0.70203	0.00371	1	1.45898	0.81042	0	SUBJECT_ONSET_LOG
1255182	8465.82031	3305457800954	0.44758	0.36992	8465.75391	0.06641	11460	1	0.52496	0.41833	1	0.47733	0.41407	1	0.50114	0.41620	1	0.47999	0.53595	11.51706	1.05217	1	0.74248	0.55820	11.89510	1.06851	1	-0.00483	-0.00946	0.68560	0.00364	1	0.06512	-0.01437	0.70203	0.00376	1	1.45898	0.81042	0	
1255183	8465.82715	3305457867480	0.45297	0.36850	8465.75391	0.07324	11460	1	0.50409	0.28896	1	0.52044	0.41680	1	0.51226	0.35288	1	0.47974	0.53523	11.04949	1.06851	1	0.74239	0.55846	12.22064	1.08485	1	-0.00483	-0.00946	0.68560	0.00372	1	0.06512	-0.01437	0.70203	0.00368	1	1.45898	0.81042	0	
1255184	8465.83398	3305457935339	0.45751	0.36632	8465.75391	0.08008	11460	1	0.50213	0.27531	1	0.52169	0.40493	1	0.51191	0.34012	1	0.47977	0.53553	11.13239	1.08485	1	0.74228	0.55817	12.21598	1.10119	1	-0.00506	-0.00951	0.68899	0.00356	1	0.06475	-0.01434	0.69804	0.00370	1	1.45898	0.81042	0	
1255185	8465.84082	3305458001276	0.46202	0.36531	8465.75391	0.08691	11460	1	0.53416	0.32592	1	0.50727	0.37856	1	0.52072	0.35224	1	0.47986	0.53579	11.20526	1.10119	1	0.74226	0.55818	12.26292	1.10119	1	-0.00506	-0.00951	0.68899	0.00368	1	0.06475	-0.01434	0.69804	0.00366	1	1.45898	0.81042	0	AUDIO_FILE_ONSET_LOG
1255186	8465.84766	3305458067301	0.46585	0.36378	8465.75391	0.09375	11460	1	0.53191	0.30647	1	0.50699	0.37819	1	0.51945	0.34233	1	0.47986	0.53580	11.27174	1.10119	1	0.74213	0.55803	12.17372	1.10119	1	-0.00506	-0.00951	0.68899	0.00362	1	0.06475	-0.01434	0.69804	0.00373	1	1.45898	0.81042	0	
1255187	8465.85449	3305458135551	0.46917	0.36282	8465.75391	0.10059	11460	1	0.53191	0.30647	1	0.50595	0.39045	1	0.51893	0.34846	1	0.48005	0.53606	11.66144	1.10119	1	0.74190	0.55833	11.31480	1.08485	1	-0.00506	-0.00951	0.68899	0.00362	1	0.06114	-0.01352	0.66023	0.00376	1	1.45898	0.81042	0	
1255188	8465.86035	3305458200204	0.49490	0.37467	8465.75391	0.10059	11460	0	0.54044	0.33781	1	0.46317	0.43110	1	0.50181	0.38445	1	0.47998	0.53585	10.88989	1.08485	1	0.74145	0.55843	12.32070	1.06851	1	-0.00506	-0.00951	0.68899	0.00371	1	0.06114	-0.01352	0.66023	0.00383	1	1.45898	0.81042	0	
1255189	8465.86719	3305458269381	0.49494	0.38772	8465.75391	0.10059	11460	0	0.53037	0.36858	1	0.45959	0.43298	1	0.49498	0.40078	1	0.47984	0.53588	11.13736	1.06851	1	0.74143	0.55843	12.31342	1.05217	1	-0.00506	-0.00951	0.68899	0.00363	1	0.06114	-0.01352	0.66023	0.00394	1	1.45898	0.81042	0	
1255190	8465.87402	3305458336329	0.49522	0.39414	8465.75391	0.10059	11460	0	0.53199	0.38099	1	0.45959	0.43298	1	0.49579	0.40698	1	0.47947	0.53594	10.45035	1.05217	1	0.74137	0.55848	12.17538	1.05217	1	-0.00506	-0.00951	0.68899	0.00368	1	0.06425	-0.01423	0.69492	0.00388	1	1.45898	0.81042	0	
1255191	8465.88086	3305458403619	0.49467	0.39664	8465.86035	0.02051	11461	1	0.52812	0.39094	1	0.45792	0.41733	1	0.49302	0.40413	1	0.47933	0.53602	11.43163	1.05217	1	0.74137	0.55848	12.17538	1.06851	1	-0.00506	-0.00951	0.68899	0.00359	1	0.06425	-0.01423	0.69492	0.00388	1	1.45898	0.81042	0	
1255192	8465.88770	3305458470345	0.49441	0.38951	8465.86035	0.02734	11461	1	0.53089	0.31547	1	0.45585	0.40652	1	0.49337	0.36099	1	0.47938	0.53525	11.27430	1.06851	1	0.74133	0.55844	12.21565	1.08485	1	-0.00506	-0.00951	0.68899	0.00380	1	0.06425	-0.01423	0.69492	0.00390	1	1.45898	0.81042	0	
1255193	8465.89453	3305458535636	0.49412	0.38319	8465.86035	0.03418	11461	1	0.52928	0.30225	1	0.45600	0.40092	1	0.49264	0.35158	1	0.47921	0.53541	11.20012	1.08485	1	0.74146	0.55820	11.83332	1.09251	1	-0.00493	-0.00932	0.67141	0.00377	1	0.06431	-0.01423	0.69504	0.00391	1	1.45898	0.81042	0	
1255194	8465.90039	3305458603857	0.49370	0.38249	8465.86035	0.04004	11461	1	0.52398	0.36070	1	0.45838	0.39585	1	0.49118	0.37827	1	0.47933	0.53602	11.43163	1.09251	1	0.74146	0.55820	11.83332	1.08383	1	-0.00493	-0.00932	0.67141	0.00358	1	0.06431	-0.01423	0.69504	0.00391	1	1.45898	0.81042	0	
1255195	8465.90723	3305458670500	0.49412	0.38793	8465.86035	0.04688	11461	1	0.52651	0.37848	1	0.46759	0.47351	1	0.49705	0.42599	1	0.47932	0.53606	11.46750	1.08383	1	0.74160	0.55847	11.81907	1.07515	1	-0.00493	-0.00932	0.67141	0.00357	1	0.06431	-0.01423	0.69504	0.00386	1	1.45898	0.81042	0	
1255196	8465.91406	3305458737001	0.49449	0.39251	8465.86035	0.05371	11461	1	0.52739	0.38490	1	0.46759	0.47351	1	0.49749	0.42920	1	0.47921	0.53629	12.01519	1.07515	1	0.74133	0.55823	12.27417	1.07515	1	-0.00493	-0.00932	0.67141	0.00356	1	0.06425	-0.01423	0.69492	0.00397	1	1.45898	0.81042	0	
1255197	8465.92090	3305458805710	0.49421	0.38807	8465.86035	0.06055	11461	1	0.51465	0.32759	1	0.46878	0.36862	1	0.49171	0.34811	1	0.47914	0.53565	11.32458	1.07515	1	0.74152	0.55804	11.85781	1.08383	1	-0.00493	-0.00932	0.67141	0.00383	1	0.06425	-0.01423	0.69492	0.00401	1	1.45898	0.81042	0	
1255198	8465.92773	3305458872782	0.49406	0.39012	8465.86035	0.06738	11461	1	0.50928	0.38934	1	0.47571	0.43183	1	0.49249	0.41058	1	0.47913	0.53625	11.42129	1.08383	1	0.74165	0.55823	11.87781	1.09251	1	-0.00493	-0.00932	0.67141	0.00356	1	0.06425	-0.01423	0.69492	0.00392	1	1.45898	0.81042	0	
1255199	8465.93457	3305458939625	0.49390	0.39131	8465.86035	0.07422	11461	1	0.50828	0.38300	1	0.47602	0.42571	1	0.49215	0.40436	1	0.47945	0.53568	11.72528	1.09251	1	0.74151	0.55809	12.00660	1.10119	1	-0.00506	-0.00951	0.68899	0.00357	1	0.06425	-0.01423	0.69492	0.00401	1	1.45898	0.81042	0	
1255200	8465.94141	3305459006588	0.49312	0.38807	8465.86035	0.08105	11461	1	0.51666	0.33419	1	0.45099	0.36422	1	0.48383	0.34921	1	0.47923	0.53598	11.60334	1.10119	1	0.74130	0.55804	12.36285	1.10119	1	-0.00506	-0.00951	0.68899	0.00351	1	0.06425	-0.01423	0.69492	0.00421	1	1.45898	0.81042	0	
1255201	8465.94824	3305459073140	0.49306	0.38820	8465.86035	0.08789	11461	1	0.51995	0.36593	1	0.46463	0.41402	1	0.49229	0.38998	1	0.47922	0.53603	11.42485	1.10119	1	0.74156	0.55808	11.76745	1.10119	1	-0.00506	-0.00951	0.68899	0.00378	1	0.06425	-0.01423	0.69492	0.00401	1	1.45898	0.81042	0	
1255202	8465.95410	3305459135569	0.49300	0.38871	8465.86035	0.09375	11461	1	0.51995	0.36593	1	0.46420	0.42570	1	0.49207	0.39582	1	0.47924	0.53579	11.28805	1.10119	1	0.74151	0.55806	12.35811	1.08485	1	-0.00506	-0.00951	0.68899	0.00384	1	0.06114	-0.01352	0.66023	0.00413	1	1.45898	0.81042	0	
1255203	8465.96094	3305459203509	0.49237	0.38774	8465.86035	0.10059	11461	1	0.51735	0.30193	1	0.44857	0.44456	1	0.48296	0.37324	1	0.47927	0.53553	11.48888	1.08485	1	0.74125	0.55826	12.24780	1.06851	1	-0.00506	-0.00951	0.68899	0.00390	1	0.06114	-0.01352	0.66023	0.00398	1	1.45898	0.81042	0	
1255204	8465.96777	3305459270543	0.49189	0.38767	8465.86035	0.10742	11461	1	0.50037	0.35678	1	0.46804	0.41623	1	0.48421	0.38651	1	0.47926	0.53590	11.30049	1.06851	1	0.74154	0.55777	12.28619	1.05217	1	-0.00506	-0.00951	0.68899	0.00382	1	0.06114	-0.01352	0.66023	0.00416	1	1.45898	0.81042	0	
1255205	8465.97461	3305459338966	0.49151	0.38830	8465.86035	0.11426	11461	1	0.50239	0.36939	1	0.46754	0.42842	1	0.48496	0.39890	1	0.47958	0.53597	11.99055	1.05217	1	0.74155	0.55796	12.02472	1.03583	1	-0.00506	-0.00951	0.68899	0.00362	1	0.06114	-0.01352	0.66023	0.00410	1	1.45898	0.81042	0	
1255206	8465.98145	3305459405657	0.49173	0.38948	8465.86035	0.12109	11461	1	0.53292	0.40425	1	0.45847	0.41740	1	0.49570	0.41082	1	0.47983	0.53566	11.79058	1.03583	1	0.74141	0.55770	12.15558	1.03583	1	-0.00506	-0.00951	0.68899	0.00365	1	0.06114	-0.01352	0.66023	0.00415	1	1.45898	0.81042	0	
1255207	8465.98828	3305459476308	0.49242	0.38951	8465.86035	0.12793	11461	1	0.55005	0.35750	1	0.46125	0.42245	1	0.50565	0.38997	1	0.48000	0.53563	11.13828	1.03583	1	0.74147	0.55769	11.93295	1.03583	1	-0.00506	-0.00951	0.68899	0.00371	1	0.06114	-0.01352	0.66023	0.00421	1	1.45898	0.81042	0	
1255208	8465.99414	3305459537721	0.49305	0.38953	8465.86035	0.13379	11461	1	0.55005	0.35750	1	0.46125	0.42245	1	0.50565	0.38997	1	0.47975	0.53578	10.89745	1.03583	1	0.74145	0.55757	12.05000	1.03583	1	-0.00506	-0.00951	0.68899	0.00368	1	0.06114	-0.01347	0.66023	0.00423	1	1.45898	0.81042	0	
1255209	8466.00098	3305459606195	0.49262	0.38967	8465.86035	0.14062	11461	1	0.50957	0.35807	1	0.45761	0.42739	1	0.48359	0.39273	1	0.47936	0.53521	11.48545	1.03583	1	0.74146	0.55770	12.12202	1.03583	1	-0.00506	-0.00951	0.68899	0.00389	1	0.06114	-0.01347	0.66023	0.00410	1	1.45898	0.81042	0	
1255210	8466.00781	3305459675163	0.49257	0.39010	8465.86035	0.14746	11461	1	0.52951	0.37728	1	0.45353	0.42176	1	0.49152	0.39952	1	0.47929	0.53529	11.49874	1.03583	1	0.74135	0.55781	12.12239	1.03583	1	-0.00506	-0.00951	0.68899	0.00382	1	0.06114	-0.01347	0.66023	0.00414	1	1.45898	0.81042	0	
1255211	8466.01465	3305459743222	0.49253	0.39049	8465.86035	0.15430	11461	1	0.52951	0.37728	1	0.45353	0.42176	1	0.49152	0.39952	1	0.47949	0.53554	11.99316	1.03583	1	0.74162	0.55798	12.42248	1.03583	1	-0.00506	-0.00951	0.68899	0.00367	1	0.06114	-0.01347	0.66023	0.00410	1	1.45898	0.81042	0	
1255212	8466.02148	3305459810715	0.49271	0.39078	8465.86035	0.16113	11461	1	0.52497	0.36366	1	0.46887	0.43168	1	0.49692	0.39767	1	0.47966	0.53526	11.87451	1.03583	1	0.74164	0.55772	12.22910	1.03583	1	-0.00506	-0.00951	0.68899	0.00390	1	0.06114	-0.01347	0.66023	0.00425	1	1.45898	0.81042	0	
1255213	8466.02832	3305459877639	0.49346	0.39033	8465.86035	0.16797	11461	1	0.55002	0.37740	1	0.47467	0.38066	1	0.51235	0.37903	1	0.47995	0.53539	11.26146	1.03583	1	0.74165	0.55722	11.70713	1.03583	1	-0.00506	-0.00951	0.68899	0.00378	1	0.06114	-0.01347	0.66023	0.00433	1	1.45898	0.81042	0	
1255214	8466.03516	3305459943784	0.49417	0.38980	8465.86035	0.17480	11461	1	0.55002	0.37740	1	0.47496	0.37459	1	0.51249	0.37599	1	0.47995	0.53544	11.19222	1.03583	1	0.74167	0.55788	12.28943	1.04349	1	-0.00506	-0.00951	0.68899	0.00383	1	0.06431	-0.01413	0.69504	0.00421	1	1.45898	0.81042	0	
1255215	8466.04102	3305460004998	0.49402	0.39068	8465.86035	0.18066	11461	1	0.51702	0.35258	1	0.46329	0.47660	1	0.49015	0.41459	1	0.47960	0.53500	11.67534	1.04349	1	0.74155	0.55836	12.72320	1.05115	1	-0.00506	-0.00951	0.68899	0.00388	1	0.06431	-0.01413	0.69504	0.00388	1	1.45898	0.81042	0	
1255216	8466.04785	3305460077909	0.49383	0.39043	8465.86035	0.18750	11461	1	0.51965	0.30195	1	0.45737	0.46443	1	0.48851	0.38319	1	0.47962	0.53500	11.46957	1.05115	1	0.74151	0.55830	12.57911	1.05881	1	-0.00506	-0.00951	0.68899	0.00401	1	0.06431	-0.01413	0.69504	0.00389	1	1.45898	0.81042	0	
1255217	8466.05469	3305460144825	0.49364	0.38999	8465.86035	0.19434	11461	1	0.51881	0.29555	1	0.45753	0.45911	1	0.48817	0.37733	1	0.47996	0.53527	10.92748	1.05881	1	0.74167	0.55724	12.11679	1.06647	1	-0.00506	-0.00951	0.68899	0.00398	1	0.06431	-0.01413	0.69504	0.00441	1	1.45898	0.81042	0	
1255218	8466.06152	3305460211733	0.49366	0.38834	8465.86035	0.20117	11461	1	0.51462	0.27852	1	0.47360	0.39935	1	0.49411	0.33894	1	0.47961	0.53509	11.82996	1.06647	1	0.74166	0.55775	12.24353	1.06647	1	-0.00506	-0.00951	0.68899	0.00378	1	0.06431	-0.01413	0.69504	0.00421	1	1.45898	0.81042	0	
1255219	8466.06836	3305460278614	0.49413	0.38819	8465.86035	0.20801	11461	1	0.54045	0.35537	1	0.47685	0.41173	1	0.50865	0.38355	1	0.47989	0.53524	10.90676	1.06647	1	0.74168	0.55784	12.36607	1.06647	1	-0.00506	-0.00951	0.68899	0.00380	1	0.06431	-0.01413	0.69504	0.00420	1	1.45898	0.81042	0	
1255220	8466.07520	3305460344834	0.49456	0.38814	8465.86035	0.21484	11461	1	0.54045	0.35537	1	0.47656	0.41741	1	0.50850	0.38639	1	0.47950	0.53570	11.93225	1.06647	1	0.74177	0.55769	12.19571	1.05881	1	-0.00506	-0.00951	0.68899	0.00382	1	0.06114	-0.01337	0.66023	0.00431	1	1.45898	0.81042	0	
1255221	8466.08203	3305460413246	0.49464	0.38791	8465.86035	0.22168	11461	1	0.51594	0.34680	1	0.47830	0.41403	1	0.49712	0.38042	1	0.47955	0.53561	12.02239	1.05881	1	0.74177	0.55766	12.09168	1.05115	1	-0.00506	-0.00951	0.68899	0.00379	1	0.06114	-0.01337	0.66023	0.00430	1	1.45898	0.81042	0	
1255222	8466.08887	3305460479913	0.49466	0.38805	8465.86035	0.22852	11461	1	0.52056	0.34035	1	0.47020	0.44501	1	0.49538	0.39268	1	0.47962	0.53548	12.43849	1.05115	1	0.74164	0.55801	12.44672	1.04349	1	-0.00506	-0.00951	0.68899	0.00383	1	0.06114	-0.01337	0.66023	0.00407	1	1.45898	0.81042	0	
1255223	8466.09473	3305460547200	0.49469	0.38834	8465.86035	0.23438	11461	1	0.52139	0.34647	1	0.46995	0.45056	1	0.49567	0.39852	1	0.47936	0.53533	11.98832	1.04349	1	0.74166	0.55725	12.14789	1.03583	1	-0.00493	-0.00922	0.67141	0.00387	1	0.06114	-0.01337	0.66023	0.00439	1	1.45898	0.81042	0	
1255224	8466.10156	3305460614330	0.49480	0.38890	8465.86035	0.24121	11461	1	0.53057	0.36380	1	0.46729	0.45458	1	0.49893	0.40919	1	0.47969	0.53508	12.04122	1.03583	1	0.74163	0.55769	12.40009	1.03583	1	-0.00493	-0.00922	0.67141	0.00383	1	0.06114	-0.01337	0.66023	0.00383	1	1.45898	0.81042	0	
1255225	8466.10840	3305460681159	0.49476	0.38866	8465.86035	0.24805	11461	1	0.52755	0.31885	1	0.45859	0.44099	1	0.49307	0.37992	1	0.47972	0.53469	12.14545	1.03583	1	0.74138	0.55751	12.54690	1.03583	1	-0.00493	-0.00922	0.67141	0.00361	1	0.06114	-0.01337	0.66023	0.00384	1	1.45898	0.81042	0	
1255226	8466.11523	3305460748024	0.49472	0.38819	8465.86035	0.25488	11461	1	0.52755	0.31885	1	0.45918	0.42174	1	0.49336	0.37030	1	0.47948	0.53243	11.51971	1.03583	1	0.74172	0.55589	11.90829	1.06209	1	-0.00503	-0.00930	0.68498	0.00240	1	0.06736	-0.01474	0.72801	0.00412	1	1.45898	0.81042	0	
1255227	8466.12207	3305460815039	0.49458	0.38446	8465.86035	0.26172	11461	1	0.50567	0.14891	1	0.47217	0.32850	1	0.48892	0.23870	1	0.47954	0.53241	11.72989	1.06209	1	0.74155	0.55666	12.88673	1.08835	1	-0.00503	-0.00930	0.68498	0.00243	1	0.06736	-0.01474	0.72801	0.00382	1	1.45898	0.81042	0	
1255228	8466.12793	3305460879042	0.49485	0.38252	8465.86035	0.26758	11461	1	0.53990	0.31937	1	0.47164	0.29077	1	0.50577	0.30507	1	0.47996	0.53478	12.22921	1.08835	1	0.74157	0.55660	12.18401	1.11461	1	-0.00503	-0.00930	0.68498	0.00392	1	0.06736	-0.01474	0.72801	0.00388	1	1.45898	0.81042	0	
1255229	8466.13477	3305460946175	0.49508	0.38018	8465.86035	0.27441	11461	1	0.53673	0.29145	1	0.47218	0.27709	1	0.50446	0.28427	1	0.48011	0.53481	11.25398	1.12370	1	0.74142	0.55667	12.19972	1.13136	1	-0.00508	-0.00954	0.69898	0.00382	1	0.06323	-0.01382	0.68224	0.00392	1	1.45898	0.81042	0	
1255230	8466.14258	3305461016274	0.49956	0.35327	8465.86035	0.27441	11461	0	0.52698	0.27013	1	0.48271	0.35028	1	0.50485	0.31020	1	0.47989	0.53465	11.37943	1.14044	1	0.74166	0.55708	13.01338	1.12184	1	-0.00508	-0.00954	0.69898	0.00387	1	0.06323	-0.01382	0.68224	0.00379	1	1.45898	0.81042	0	
1255231	8466.14844	3305461080575	0.48804	0.28263	8465.86035	0.27441	11461	0	0.48667	0.07126	1	0.46638	0.35271	1	0.47653	0.21199	1	0.47974	0.53243	11.62148	1.13093	1	0.74150	0.55706	12.72582	1.11233	1	-0.00508	-0.00954	0.69898	0.00249	1	0.06323	-0.01382	0.68224	0.00388	1	1.45898	0.81042	0	
1255232	8466.15527	3305461147943	0.48451	0.26449	8465.86035	0.27441	11461	0	0.48900	0.08955	1	0.46587	0.36689	1	0.47743	0.22822	1	0.47983	0.53239	11.76058	1.11233	1	0.74196	0.55670	12.74164	1.09372	1	-0.00473	-0.00911	0.67127	0.00243	1	0.06323	-0.01382	0.68224	0.00386	1	1.45898	0.81042	0	
1255233	8466.16211	3305461214295	0.47707	0.22353	8465.86035	0.27441	11461	0	0.50261	0.11819	1	0.45191	0.34259	1	0.47726	0.23039	1	0.47983	0.53242	12.22339	1.08464	1	0.74168	0.55679	12.98830	1.08464	1	-0.00473	-0.00911	0.67127	0.00237	1	0.06323	-0.01382	0.68224	0.00395	1	1.45898	0.81042	0	
1255234	8466.16895	3305461280821	0.48993	0.27695	8465.86035	0.27441	11461	0	0.51729	0.32021	1	0.48827	0.34053	1	0.50278	0.33037	1	0.48003	0.53463	11.41273	1.07555	1	0.74180	0.55678	13.38616	1.07555	1	-0.00473	-0.00911	0.67127	0.00357	1	0.06323	-0.01382	0.68224	0.00386	1	1.45898	0.81042	0	
1255235	8466.17480	3305461346239	0.49430	0.29718	8465.86035	0.27441	11461	0	0.51828	0.32748	1	0.48783	0.34781	1	0.50306	0.33764	1	0.48000	0.53242	12.01387	1.06647	1	0.74213	0.55641	12.53971	1.06647	1	-0.00483	-0.00925	0.68555	0.00241	1	0.06323	-0.01382	0.68224	0.00409	1	1.45898	0.81042	0	
1255236	8466.18164	3305461415870	0.50266	0.33114	8465.86035	0.27441	11461	0	0.51235	0.34687	1	0.49193	0.30397	1	0.50214	0.32542	1	0.48030	0.53477	12.24167	1.06647	1	0.74227	0.55620	12.07481	1.06647	1	-0.00483	-0.00925	0.68555	0.00359	1	0.06323	-0.01382	0.68224	0.00415	1	1.45898	0.81042	0	
1255237	8466.18848	3305461482984	0.48761	0.28088	8465.86035	0.27441	11461	0	0.49831	0.14598	1	0.44683	0.31525	1	0.47257	0.23062	1	0.48005	0.53243	12.01480	1.06647	1	0.74191	0.55632	12.63900	1.06647	1	-0.00483	-0.00925	0.68555	0.00240	1	0.06323	-0.01382	0.68224	0.00421	1	1.45898	0.81042	0	
1255238	8466.19531	3305461549225	0.48260	0.26413	8465.86035	0.27441	11461	0	0.49831	0.14598	1	0.44683	0.31525	1	0.47257	0.23062	1	0.48014	0.53232	11.86763	1.06647	1	0.74239	0.55586	11.96303	1.06647	1	-0.00483	-0.00925	0.68555	0.00242	1	0.06378	-0.01391	0.68706	0.00423	1	1.45898	0.81042	0	
1255239	8466.20215	3305461618292	0.47649	0.22882	8465.86035	0.27441	11461	0	0.50057	0.15104	1	0.46811	0.29938	1	0.48434	0.22521	1	0.48017	0.53231	11.93882	1.06647	1	0.74232	0.55586	12.06598	1.06647	1	-0.00483	-0.00925	0.68555	0.00238	1	0.06378	-0.01391	0.68706	0.00421	1	1.45898	0.81042	0	
1255240	8466.20898	3305461685767	0.49177	0.28012	8465.86035	0.27441	11461	0	0.52454	0.34885	1	0.48956	0.31401	1	0.50705	0.33143	1	0.48041	0.53472	12.27105	1.06647	1	0.74266	0.55619	12.27909	1.06647	1	-0.00483	-0.00925	0.68555	0.00349	1	0.06378	-0.01391	0.68706	0.00415	1	1.45898	0.81042	0	
1255241	8466.21582	3305461752483	0.49694	0.29602	8465.86035	0.27441	11461	0	0.52454	0.34885	1	0.49000	0.30677	1	0.50727	0.32781	1	0.48021	0.53468	12.04896	1.06647	1	0.74259	0.55627	12.20872	1.07515	1	-0.00473	-0.00911	0.67127	0.00353	1	0.06475	-0.01414	0.69804	0.00416	1	1.45898	0.81042	0	
1255242	8466.22266	3305461820191	0.49607	0.29874	8466.20215	0.02051	11462	1	0.50812	0.29439	1	0.47884	0.31938	1	0.49348	0.30689	1	0.48024	0.53418	12.04591	1.07515	1	0.74249	0.55649	12.01429	1.08383	1	-0.00473	-0.00911	0.67127	0.00358	1	0.06475	-0.01414	0.69804	0.00424	1	1.45898	0.81042	0	
1255243	8466.22949	3305461887224	0.49742	0.30232	8466.20215	0.02734	11462	1	0.52257	0.32569	1	0.48302	0.30767	1	0.50280	0.31668	1	0.48050	0.53464	12.60723	1.08383	1	0.74256	0.55645	11.84409	1.09251	1	-0.00473	-0.00911	0.67127	0.00351	1	0.06475	-0.01414	0.69804	0.00427	1	1.45898	0.81042	0	
1255244	8466.23633	3305461953951	0.49824	0.30415	8466.20215	0.03418	11462	1	0.52167	0.31885	1	0.48302	0.30767	1	0.50234	0.31326	1	0.48037	0.53482	11.38979	1.09251	1	0.74262	0.55650	11.65623	1.09251	1	-0.00483	-0.00925	0.68555	0.00363	1	0.06378	-0.01391	0.68706	0.00430	1	1.45898	0.81042	0	
1255245	8466.24219	3305462020217	0.49879	0.30456	8466.20215	0.04004	11462	1	0.51380	0.28757	1	0.49033	0.32657	1	0.50206	0.30707	1	0.48036	0.53443	11.72194	1.09251	1	0.74268	0.55648	11.88206	1.08383	1	-0.00483	-0.00925	0.68555	0.00370	1	0.06378	-0.01391	0.68706	0.00420	1	1.45898	0.81042	0	
1255246	8466.24902	3305462086296	0.49997	0.30522	8466.20215	0.04688	11462	1	0.52873	0.29992	1	0.48776	0.31964	1	0.50825	0.30978	1	0.48055	0.53416	11.36616	1.08383	1	0.74263	0.55641	11.90564	1.07515	1	-0.00483	-0.00925	0.68555	0.00360	1	0.06378	-0.01391	0.68706	0.00425	1	1.45898	0.81042	0	
1255247	8466.25586	3305462153270	0.50089	0.30686	8466.20215	0.05371	11462	1	0.52959	0.30697	1	0.48698	0.33306	1	0.50828	0.32001	1	0.48062	0.53454	11.55141	1.07515	1	0.74258	0.55688	12.22361	1.05881	1	-0.00483	-0.00936	0.68560	0.00353	1	0.06038	-0.01316	0.64997	0.00417	1	1.45898	0.81042	0	
1255248	8466.26270	3305462221487	0.50271	0.31042	8466.20215	0.06055	11462	1	0.55126	0.36727	1	0.48681	0.31762	1	0.51903	0.34245	1	0.48088	0.53473	11.18094	1.05881	1	0.74263	0.55666	12.08885	1.05115	1	-0.00483	-0.00936	0.68560	0.00380	1	0.06038	-0.01316	0.64997	0.00424	1	1.45898	0.81042	0	
1255249	8466.26953	3305462288139	0.50167	0.30287	8466.20215	0.06738	11462	1	0.51312	0.16320	1	0.46957	0.29160	1	0.49134	0.22740	1	0.48037	0.53247	11.59046	1.05115	1	0.74237	0.55630	11.98569	1.04349	1	-0.00483	-0.00936	0.68560	0.00241	1	0.06038	-0.01316	0.64997	0.00416	1	1.45898	0.81042	0	
1255250	8466.27637	3305462355135	0.50085	0.29689	8466.20215	0.07422	11462	1	0.51400	0.17062	1	0.46957	0.29160	1	0.49178	0.23111	1	0.48037	0.53240	11.77092	1.04349	1	0.74237	0.55630	11.98569	1.04349	1	-0.00473	-0.00911	0.67127	0.00241	1	0.06378	-0.01391	0.68706	0.00416	1	1.45898	0.81042	0	
1255251	8466.28320	3305462422934	0.50031	0.29328	8466.20215	0.08105	11462	1	0.51194	0.16868	1	0.47573	0.33122	1	0.49383	0.24995	1	0.48041	0.53244	11.81933	1.04349	1	0.74242	0.55676	12.23142	1.05115	1	-0.00473	-0.00911	0.67127	0.00241	1	0.06378	-0.01391	0.68706	0.00421	1	1.45898	0.81042	0	
1255252	8466.28906	3305462487649	0.49945	0.28972	8466.20215	0.08691	11462	1	0.50788	0.15989	1	0.46869	0.32697	1	0.48829	0.24343	1	0.48037	0.53246	11.64244	1.05115	1	0.74229	0.55685	12.01049	1.05881	1	-0.00473	-0.00911	0.67127	0.00241	1	0.06378	-0.01391	0.68706	0.00412	1	1.45898	0.81042	0	
1255253	8466.29590	3305462556030	0.49868	0.28618	8466.20215	0.09375	11462	1	0.50697	0.15244	1	0.46893	0.32064	1	0.48795	0.23654	1	0.48040	0.53242	11.88733	1.05881	1	0.74243	0.55647	12.08774	1.06647	1	-0.00473	-0.00911	0.67127	0.00240	1	0.06378	-0.01391	0.68706	0.00428	1	1.45898	0.81042	0	
1255254	8466.30273	3305462622861	0.49821	0.28243	8466.20215	0.10059	11462	1	0.50469	0.15370	1	0.47749	0.29891	1	0.49109	0.22631	1	0.48030	0.53245	11.69351	1.06647	1	0.74243	0.55667	11.94003	1.06647	1	-0.00473	-0.00911	0.67127	0.00235	1	0.06378	-0.01391	0.68706	0.00424	1	1.45898	0.81042	0	
1255255	8466.30957	3305462690556	0.49788	0.27820	8466.20215	0.10742	11462	1	0.51768	0.11104	1	0.46753	0.31005	1	0.49260	0.21055	1	0.48044	0.53249	11.79964	1.06647	1	0.74229	0.55664	12.08944	1.06647	1	-0.00473	-0.00911	0.67127	0.00242	1	0.06378	-0.01391	0.68706	0.00412	1	1.45898	0.81042	0	
1255256	8466.31641	3305462757298	0.49761	0.27465	8466.20215	0.11426	11462	1	0.51855	0.11908	1	0.46755	0.30950	1	0.49305	0.21429	1	0.48043	0.53246	11.84115	1.05845	1	0.74236	0.55681	12.06231	1.06713	1	-0.00462	-0.00904	0.66238	0.00243	1	0.06565	-0.01431	0.70667	0.00412	1	1.45898	0.81042	0	
1255257	8466.32324	3305462825341	0.49753	0.27144	8466.20215	0.12109	11462	1	0.50648	0.10728	1	0.48558	0.31996	1	0.49603	0.21362	1	0.48037	0.53240	11.77092	1.05912	1	0.74255	0.55677	12.31694	1.06780	1	-0.00462	-0.00904	0.66238	0.00240	1	0.06565	-0.01431	0.70667	0.00433	1	1.45898	0.81042	0	
1255258	8466.33008	3305462891168	0.49732	0.26793	8466.20215	0.12793	11462	1	0.50077	0.09087	1	0.48594	0.31161	1	0.49335	0.20124	1	0.48030	0.53235	11.80546	1.05978	1	0.74257	0.55672	12.24561	1.06846	1	-0.00462	-0.00904	0.66238	0.00236	1	0.06565	-0.01431	0.70667	0.00417	1	1.45898	0.81042	0	
1255259	8466.33594	3305462958690	0.49426	0.23280	8466.20215	0.12793	11462	0	0.49971	0.08193	1	0.48594	0.31161	1	0.49282	0.19677	1	0.48030	0.53235	11.80546	1.06846	1	0.74250	0.55668	12.15928	1.06846	1	-0.00483	-0.00936	0.68560	0.00236	1	0.06378	-0.01391	0.68706	0.00415	1	1.45898	0.81042	0	
1255260	8466.34277	3305463024298	0.49219	0.21563	8466.20215	0.12793	11462	0	0.50792	0.08916	1	0.47230	0.30775	1	0.49011	0.19845	1	0.48038	0.53241	11.75590	1.07648	1	0.74233	0.55671	12.18843	1.06780	1	-0.00483	-0.00936	0.68560	0.00242	1	0.06378	-0.01391	0.68706	0.00413	1	1.45898	0.81042	0	
1255261	8466.34961	3305463093176	0.49340	0.20489	8466.20215	0.12793	11462	0	0.50749	0.10177	1	0.48419	0.26506	1	0.49584	0.18341	1	0.48043	0.53246	11.84115	1.07581	1	0.74250	0.55621	11.76525	1.06713	1	-0.00483	-0.00936	0.68560	0.00243	1	0.06378	-0.01391	0.68706	0.00438	1	1.45898	0.81042	0	
1255262	8466.35645	3305463156091	0.49402	0.19968	8466.33594	0.02051	11463	1	0.50757	0.10243	1	0.48416	0.26564	1	0.49586	0.18404	1	0.48043	0.53246	11.84115	1.07515	1	0.74234	0.55692	12.09041	1.06647	1	-0.00473	-0.00911	0.67127	0.00243	1	0.06378	-0.01391	0.68706	0.00432	1	1.45898	0.81042	0	
1255263	8466.36328	3305463224311	0.49283	0.20278	8466.33594	0.02734	11463	1	0.51216	0.12056	1	0.46401	0.30980	1	0.48808	0.21518	1	0.48050	0.53246	11.67314	1.06647	1	0.74221	0.55683	12.11895	1.06647	1	-0.00473	-0.00911	0.67127	0.00237	1	0.06378	-0.01391	0.68706	0.00416	1	1.45898	0.81042	0	
1255264	8466.37012	3305463293242	0.49178	0.19627	8466.33594	0.03418	11463	1	0.50857	0.11115	1	0.46446	0.21630	1	0.48652	0.16372	1	0.48043	0.53246	11.84115	1.06647	1	0.74219	0.55634	12.05042	1.06647	1	-0.00473	-0.00911	0.67127	0.00243	1	0.06378	-0.01391	0.68706	0.00432	1	1.45898	0.81042	0	
1255265	8466.37695	3305463359980	0.49103	0.19162	8466.33594	0.04102	11463	1	0.50857	0.11115	1	0.46446	0.21630	1	0.48652	0.16372	1	0.48035	0.53249	12.22386	1.06647	1	0.74218	0.55696	11.79541	1.06647	1	-0.00483	-0.00936	0.68560	0.00235	1	0.06378	-0.01391	0.68706	0.00406	1	1.45898	0.81042	0	
1255266	8466.38281	3305463426309	0.49030	0.19386	8466.33594	0.04688	11463	1	0.51760	0.11793	1	0.45281	0.30110	1	0.48521	0.20952	1	0.48048	0.53257	12.12948	1.06647	1	0.74207	0.55710	12.15633	1.06647	1	-0.00483	-0.00936	0.68560	0.00243	1	0.06378	-0.01391	0.68706	0.00402	1	1.45898	0.81042	0	
1255267	8466.38965	3305463495288	0.49067	0.19451	8466.33594	0.05371	11463	1	0.51783	0.11793	1	0.46948	0.28150	1	0.49366	0.19971	1	0.48048	0.53257	12.12948	1.06647	1	0.74227	0.55699	12.03880	1.06647	1	-0.00483	-0.00936	0.68560	0.00243	1	0.06378	-0.01391	0.68706	0.00405	1	1.45898	0.81042	0	
1255268	8466.39648	3305463560827	0.49097	0.19503	8466.33594	0.06055	11463	1	0.51783	0.11793	1	0.46948	0.28150	1	0.49366	0.19971	1	0.48028	0.53247	11.78277	1.06647	1	0.74249	0.55727	12.07257	1.06647	1	-0.00483	-0.00936	0.68560	0.00235	1	0.06378	-0.01391	0.68706	0.00413	1	1.45898	0.81042	0	
1255269	8466.40332	3305463627207	0.49075	0.19434	8466.33594	0.06738	11463	1	0.50547	0.08987	1	0.47163	0.28509	1	0.48855	0.18748	1	0.48034	0.53243	11.93184	1.06647	1	0.74231	0.55651	12.11555	1.06647	1	-0.00483	-0.00936	0.68560	0.00237	1	0.06378	-0.01391	0.68706	0.00419	1	1.45898	0.81042	0	
1255270	8466.41016	3305463694083	0.48950	0.19595	8466.33594	0.07422	11463	1	0.50080	0.11678	1	0.45070	0.31057	1	0.47575	0.21367	1	0.48028	0.53247	11.81553	1.06647	1	0.74202	0.55732	12.37071	1.06647	1	-0.00483	-0.00936	0.68560	0.00235	1	0.06378	-0.01391	0.68706	0.00394	1	1.45898	0.81042	0	
1255271	8466.41699	3305463763015	0.48844	0.19732	8466.33594	0.08105	11463	1	0.50080	0.11678	1	0.45070	0.31057	1	0.47575	0.21367	1	0.48028	0.53247	11.81553	1.06647	1	0.74219	0.55742	12.28817	1.06647	1	-0.00473	-0.00911	0.67127	0.00235	1	0.06378	-0.01391	0.68706	0.00393	1	1.45898	0.81042	0	
1255272	8466.42383	3305463830393	0.48811	0.19822	8466.33594	0.08789	11463	1	0.50080	0.11678	1	0.46677	0.30316	1	0.48378	0.20997	1	0.48028	0.53247	11.81553	1.06647	1	0.74225	0.55705	11.93549	1.06647	1	-0.00473	-0.00911	0.67127	0.00235	1	0.06378	-0.01391	0.68706	0.00406	1	1.45898	0.81042	0	
1255273	8466.42969	3305463896204	0.48788	0.19897	8466.33594	0.09375	11463	1	0.50080	0.11678	1	0.46850	0.30216	1	0.48465	0.20947	1	0.48028	0.53247	11.81553	1.06647	1	0.74233	0.55733	12.29177	1.06647	1	-0.00473	-0.00911	0.67127	0.00235	1	0.06378	-0.01391	0.68706	0.00401	1	1.45898	0.81042	0	
1255274	8466.43652	3305463963207	0.48768	0.19963	8466.33594	0.10059	11463	1	0.50080	0.11678	1	0.46850	0.30216	1	0.48465	0.20947	1	0.48035	0.53263	11.38124	1.06647	1	0.74219	0.55706	12.13202	1.06647	1	-0.00483	-0.00936	0.68560	0.00235	1	0.06210	-0.01365	0.66902	0.00402	1	1.45898	0.81042	0	
1255275	8466.44336	3305464030138	0.48751	0.20013	8466.33594	0.10742	11463	1	0.50700	0.12239	1	0.46277	0.29412	1	0.48489	0.20826	1	0.48031	0.53269	11.20861	1.06647	1	0.74220	0.55703	12.13614	1.06647	1	-0.00483	-0.00936	0.68560	0.00236	1	0.06210	-0.01365	0.66902	0.00414	1	1.45898	0.81042	0	
1255276	8466.45020	3305464097501	0.48731	0.20005	8466.33594	0.11426	11463	1	0.50080	0.11678	1	0.46702	0.28036	1	0.48391	0.19857	1	0.48028	0.53247	11.81553	1.06647	1	0.74228	0.55694	12.09626	1.06647	1	-0.00483	-0.00936	0.68560	0.00235	1	0.06210	-0.01365	0.66902	0.00410	1	1.45898	0.81042	0	
1255277	8466.45703	3305464164092	0.48714	0.19977	8466.33594	0.12109	11463	1	0.50080	0.11678	1	0.46728	0.27287	1	0.48404	0.19482	1	0.48025	0.53267	11.59631	1.06647	1	0.74235	0.55725	12.14107	1.07515	1	-0.00483	-0.00936	0.68560	0.00241	1	0.06512	-0.01427	0.70203	0.00399	1	1.45898	0.81042	0	
1255278	8466.46289	3305464228697	0.48737	0.19960	8466.33594	0.12695	11463	1	0.49645	0.12415	1	0.48702	0.26836	1	0.49174	0.19626	1	0.48015	0.53267	12.11058	1.07515	1	0.74219	0.55693	12.03597	1.08383	1	-0.00483	-0.00936	0.68560	0.00239	1	0.06512	-0.01427	0.70203	0.00409	1	1.45898	0.81042	0	
1255279	8466.47070	3305464297767	0.48814	0.20012	8466.33594	0.13477	11463	1	0.49145	0.11540	1	0.51565	0.30595	1	0.50355	0.21067	1	0.48012	0.53280	11.33121	1.08383	1	0.74231	0.55740	12.21237	1.09251	1	-0.00483	-0.00936	0.68560	0.00240	1	0.06512	-0.01427	0.70203	0.00395	1	1.45898	0.81042	0	
1255280	8466.47656	3305464365280	0.48882	0.20041	8466.33594	0.14062	11463	1	0.49035	0.10685	1	0.51565	0.30595	1	0.50300	0.20640	1	0.48007	0.53273	11.75632	1.09251	1	0.74185	0.55764	12.86223	1.09251	1	-0.00483	-0.00946	0.68560	0.00236	1	0.06266	-0.01374	0.67616	0.00405	1	1.45898	0.81042	0	
1255281	8466.48340	3305464431677	0.48863	0.20102	8466.33594	0.14746	11463	1	0.48003	0.09762	1	0.48915	0.33117	1	0.48459	0.21439	1	0.48003	0.53270	11.60157	1.09251	1	0.74191	0.55761	12.08414	1.08383	1	-0.00483	-0.00946	0.68560	0.00235	1	0.06266	-0.01374	0.67616	0.00406	1	1.45898	0.81042	0	
1255282	8466.49023	3305464499189	0.48864	0.20095	8466.33594	0.15430	11463	1	0.47987	0.06054	1	0.49752	0.33825	1	0.48870	0.19939	1	0.47993	0.53266	11.39961	1.08383	1	0.74202	0.55768	12.52874	1.07515	1	-0.00483	-0.00946	0.68560	0.00238	1	0.06266	-0.01374	0.67616	0.00399	1	1.45898	0.81042	0	
1255283	8466.49707	3305464566379	0.48865	0.20121	8466.33594	0.16113	11463	1	0.48105	0.06954	1	0.49703	0.34523	1	0.48904	0.20739	1	0.47991	0.53283	11.56040	1.07515	1	0.74170	0.55765	12.31235	1.06647	1	-0.00473	-0.00921	0.67127	0.00228	1	0.06323	-0.01382	0.68224	0.00396	1	1.45898	0.81042	0	
1255284	8466.50391	3305464633869	0.48866	0.20077	8466.33594	0.16797	11463	1	0.50340	0.08753	1	0.47435	0.29231	1	0.48887	0.18992	1	0.47997	0.53274	11.71075	1.06647	1	0.74162	0.55716	12.21922	1.06647	1	-0.00473	-0.00921	0.67127	0.00238	1	0.06323	-0.01382	0.68224	0.00417	1	1.45898	0.81042	0	
1255285	8466.51074	3305464699565	0.48870	0.20111	8466.33594	0.17480	11463	1	0.50541	0.11332	1	0.47419	0.30640	1	0.48980	0.20986	1	0.48003	0.53301	11.27807	1.06647	1	0.74160	0.55722	12.26452	1.06647	1	-0.00473	-0.00921	0.67127	0.00235	1	0.06323	-0.01382	0.68224	0.00410	1	1.45898	0.81042	0	
1255286	8466.51758	3305464766181	0.48871	0.20078	8466.33594	0.18164	11463	1	0.50312	0.09382	1	0.47489	0.29006	1	0.48900	0.19194	1	0.47986	0.53297	11.38058	1.08594	1	0.74141	0.55735	12.49089	1.08594	1	-0.00519	-0.00995	0.72078	0.00233	1	0.06266	-0.01374	0.67616	0.00403	1	1.45898	0.81042	0	
1255287	8466.52344	3305464832047	0.48860	0.20026	8466.33594	0.18750	11463	1	0.50506	0.08502	1	0.46603	0.28640	1	0.48555	0.18571	1	0.47991	0.53300	11.42285	1.10541	1	0.74142	0.55731	12.43295	1.10541	1	-0.00519	-0.00995	0.72078	0.00228	1	0.06266	-0.01374	0.67616	0.00408	1	1.45898	0.81042	0	
1255288	8466.53027	3305464900825	0.48820	0.19937	8466.33594	0.19434	11463	1	0.48867	0.05104	1	0.46413	0.29573	1	0.47640	0.17338	1	0.47981	0.53286	11.26074	1.12488	1	0.74147	0.55765	12.33931	1.12488	1	-0.00519	-0.00995	0.72078	0.00230	1	0.06266	-0.01374	0.67616	0.00398	1	1.45898	0.81042	0	
1255289	8466.53711	3305464964646	0.48780	0.19826	8466.33594	0.20117	11463	1	0.48754	0.04189	1	0.46437	0.28842	1	0.47596	0.16516	1	0.47981	0.53286	11.26074	1.13396	1	0.74145	0.55763	12.06660	1.13396	1	-0.00501	-0.00970	0.70319	0.00230	1	0.06431	-0.01407	0.69504	0.00395	1	1.45898	0.81042	0	
1255290	8466.54395	3305465035544	0.48759	0.19827	8466.33594	0.20801	11463	1	0.49594	0.11004	1	0.46590	0.28723	1	0.48092	0.19864	1	0.47980	0.53309	11.48487	1.12358	1	0.74151	0.55746	12.03395	1.12358	1	-0.00501	-0.00970	0.70319	0.00245	1	0.06431	-0.01407	0.69504	0.00398	1	1.45898	0.81042	0	
1255291	8466.55078	3305465101447	0.48728	0.19750	8466.33594	0.21484	11463	1	0.48353	0.04106	1	0.47118	0.30440	1	0.47736	0.17273	1	0.47973	0.53277	11.50896	1.11319	1	0.74155	0.55762	11.96244	1.11319	1	-0.00501	-0.00970	0.70319	0.00241	1	0.06431	-0.01407	0.69504	0.00397	1	1.45898	0.81042	0	
1255292	8466.55762	3305465166867	0.48700	0.19705	8466.33594	0.22168	11463	1	0.48487	0.05172	1	0.47085	0.31277	1	0.47786	0.18224	1	0.47979	0.53289	11.27935	1.10281	1	0.74139	0.55743	12.11497	1.10281	1	-0.00501	-0.00970	0.70319	0.00235	1	0.06323	-0.01382	0.68224	0.00393	1	1.45898	0.81042	0	
1255293	8466.56445	3305465235823	0.48681	0.19688	8466.33594	0.22852	11463	1	0.49031	0.06999	1	0.47052	0.31229	1	0.48041	0.19114	1	0.47979	0.53296	11.41448	1.10281	1	0.74155	0.55748	12.31506	1.10281	1	-0.00501	-0.00970	0.70319	0.00231	1	0.06323	-0.01382	0.68224	0.00392	1	1.45898	0.81042	0	
1255294	8466.57031	3305465300843	0.48659	0.19664	8466.33594	0.23438	11463	1	0.48809	0.05857	1	0.46937	0.31789	1	0.47873	0.18823	1	0.47978	0.53293	11.35549	1.10281	1	0.74153	0.55754	12.25424	1.10281	1	-0.00501	-0.00970	0.70319	0.00234	1	0.06323	-0.01382	0.68224	0.00391	1	1.45898	0.81042	0	
1255295	8466.57715	3305465365774	0.48639	0.19664	8466.33594	0.24121	11463	1	0.48924	0.06783	1	0.46909	0.32516	1	0.47917	0.19650	1	0.47987	0.53282	10.98175	1.09372	1	0.74155	0.55762	12.44103	1.09372	1	-0.00484	-0.00922	0.67209	0.00230	1	0.06266	-0.01374	0.67616	0.00385	1	1.45898	0.81042	0	
1255296	8466.58398	3305465433623	0.48637	0.19726	8466.33594	0.24805	11463	1	0.50576	0.08619	1	0.46600	0.35413	1	0.48588	0.22016	1	0.47983	0.53297	11.05671	1.08464	1	0.74149	0.55797	12.54265	1.08464	1	-0.00484	-0.00922	0.67209	0.00241	1	0.06266	-0.01374	0.67616	0.00389	1	1.45898	0.81042	0	
1255297	8466.59082	3305465502345	0.48634	0.19807	8466.33594	0.25488	11463	1	0.49483	0.08631	1	0.47552	0.37164	1	0.48517	0.22898	1	0.47982	0.53274	10.88618	1.07555	1	0.74163	0.55787	12.25806	1.07555	1	-0.00484	-0.00922	0.67209	0.00234	1	0.06266	-0.01374	0.67616	0.00391	1	1.45898	0.81042	0	
1255298	8466.59766	3305465570751	0.48632	0.19905	8466.33594	0.26172	11463	1	0.49597	0.09557	1	0.47518	0.37865	1	0.48557	0.23711	1	0.47995	0.53268	10.96805	1.06647	1	0.74157	0.55785	12.47813	1.06647	1	-0.00483	-0.00946	0.68560	0.00235	1	0.06323	-0.01382	0.68224	0.00390	1	1.45898	0.81042	0	
1255299	8466.60449	3305465637423	0.48629	0.19998	8466.33594	0.26855	11463	1	0.50397	0.10930	1	0.46604	0.36500	1	0.48501	0.23715	1	0.47990	0.53288	11.24490	1.06647	1	0.74148	0.55793	12.45957	1.06647	1	-0.00483	-0.00946	0.68560	0.00227	1	0.06323	-0.01382	0.68224	0.00389	1	1.45898	0.81042	0	
1255300	8466.61133	3305465704724	0.48620	0.20072	8466.33594	0.27539	11463	1	0.49897	0.09350	1	0.46570	0.36903	1	0.48234	0.23126	1	0.47987	0.53282	10.98175	1.06647	1	0.74148	0.55793	12.45957	1.06647	1	-0.00483	-0.00946	0.68560	0.00230	1	0.06323	-0.01382	0.68224	0.00389	1	1.45898	0.81042	0	
1255301	8466.61719	3305465767679	0.48611	0.20143	8466.33594	0.28125	11463	1	0.49897	0.09350	1	0.46570	0.36903	1	0.48234	0.23126	1	0.47988	0.53277	10.88177	1.06647	1	0.74160	0.55788	12.37413	1.06647	1	-0.00483	-0.00946	0.68560	0.00231	1	0.06323	-0.01382	0.68224	0.00392	1	1.45898	0.81042	0	
1255302	8466.62402	3305465837460	0.48620	0.20216	8466.33594	0.28809	11463	1	0.50174	0.07571	1	0.47890	0.39160	1	0.49032	0.23366	1	0.47990	0.53258	11.45229	1.06647	1	0.74171	0.55811	12.24888	1.06647	1	-0.00483	-0.00946	0.68560	0.00231	1	0.06323	-0.01382	0.68224	0.00385	1	1.45898	0.81042	0	
1255303	8466.63086	3305465905615	0.48646	0.20255	8466.33594	0.29492	11463	1	0.49880	0.08224	1	0.49650	0.35680	1	0.49765	0.21952	1	0.47988	0.53270	11.09219	1.06647	1	0.74203	0.55771	11.63865	1.06647	1	-0.00483	-0.00946	0.68560	0.00235	1	0.06323	-0.01382	0.68224	0.00399	1	1.45898	0.81042	0	
1255304	8466.63770	3305465972240	0.48669	0.20274	8466.33594	0.30176	11463	1	0.49768	0.07287	1	0.49702	0.34958	1	0.49735	0.21123	1	0.47982	0.53274	10.88618	1.07555	1	0.74173	0.55753	12.29185	1.07555	1	-0.00501	-0.00970	0.70319	0.00234	1	0.06323	-0.01382	0.68224	0.00395	1	1.45898	0.81042	0	
1255305	8466.64453	3305466038714	0.48664	0.20313	8466.33594	0.30859	11463	1	0.49941	0.11731	1	0.46899	0.32522	1	0.48420	0.22126	1	0.47982	0.53275	11.26280	1.08464	1	0.74159	0.55747	12.43476	1.08464	1	-0.00501	-0.00970	0.70319	0.00228	1	0.06323	-0.01382	0.68224	0.00398	1	1.45898	0.81042	0	
1255306	8466.65137	3305466106544	0.48655	0.20402	8466.33594	0.31543	11463	1	0.49718	0.10232	1	0.46704	0.38874	1	0.48211	0.24553	1	0.47981	0.53261	11.01199	1.09372	1	0.74152	0.55780	12.21224	1.09372	1	-0.00501	-0.00970	0.70319	0.00232	1	0.06323	-0.01382	0.68224	0.00388	1	1.45898	0.81042	0	
1255307	8466.65820	3305466173010	0.48664	0.22957	8466.33594	0.31543	11463	0	0.49608	0.09335	1	0.46731	0.38199	1	0.48169	0.23767	1	0.47969	0.53258	11.17958	1.10281	1	0.74142	0.55768	12.32922	1.10281	1	-0.00499	-0.00962	0.70068	0.00233	1	0.06323	-0.01382	0.68224	0.00391	1	1.45898	0.81042	0	
1255308	8466.66504	3305466241322	0.48105	0.21624	8466.33594	0.31543	11463	0	0.48467	0.05176	1	0.46627	0.35406	1	0.47547	0.20291	1	0.47969	0.53264	11.32900	1.10281	1	0.74153	0.55784	12.40745	1.10281	1	-0.00499	-0.00962	0.70068	0.00231	1	0.06323	-0.01382	0.68224	0.00384	1	1.45898	0.81042	0	
1255309	8466.67090	3305466307621	0.48085	0.20395	8466.33594	0.31543	11463	0	0.49061	0.05142	1	0.47026	0.30734	1	0.48044	0.17938	1	0.47980	0.53278	11.00649	1.10281	1	0.74150	0.55764	12.46823	1.10281	1	-0.00499	-0.00962	0.70068	0.00233	1	0.06323	-0.01382	0.68224	0.00380	1	1.45898	0.81042	0	
1255310	8466.67773	3305466374078	0.48074	0.19781	8466.65820	0.01953	11464	1	0.49061	0.05142	1	0.47026	0.30734	1	0.48044	0.17938	1	0.47981	0.53284	11.20357	1.10281	1	0.74143	0.55761	12.12874	1.10281	1	-0.00501	-0.00970	0.70319	0.00232	1	0.06323	-0.01382	0.68224	0.00389	1	1.45898	0.81042	0	
1255311	8466.68457	3305466441359	0.48024	0.19605	8466.65820	0.02637	11464	1	0.48886	0.04654	1	0.46758	0.33145	1	0.47822	0.18900	1	0.47978	0.53277	11.51106	1.10281	1	0.74146	0.55782	12.38454	1.10281	1	-0.00501	-0.00970	0.70319	0.00229	1	0.06323	-0.01382	0.68224	0.00390	1	1.45898	0.81042	0	
1255312	8466.69141	3305466508611	0.48060	0.19607	8466.65820	0.03320	11464	1	0.50054	0.06876	1	0.46423	0.32362	1	0.48238	0.19619	1	0.47989	0.53280	10.96662	1.10281	1	0.74145	0.55769	11.97661	1.10281	1	-0.00501	-0.00970	0.70319	0.00239	1	0.06323	-0.01382	0.68224	0.00390	1	1.45898	0.81042	0	
1255313	8466.69824	3305466575686	0.48084	0.19652	8466.65820	0.04004	11464	1	0.50054	0.06876	1	0.46403	0.32971	1	0.48228	0.19923	1	0.47989	0.53280	10.96662	1.10281	1	0.74157	0.55755	12.34484	1.09515	1	-0.00501	-0.00970	0.70319	0.00239	1	0.06114	-0.01337	0.66023	0.00393	1	1.45898	0.81042	0	
1255314	8466.70508	3305466642800	0.48009	0.19715	8466.65820	0.04688	11464	1	0.49164	0.06127	1	0.45807	0.34183	1	0.47486	0.20155	1	0.47982	0.53276	11.04136	1.09515	1	0.74139	0.55717	12.30999	1.08749	1	-0.00501	-0.00970	0.70319	0.00230	1	0.06114	-0.01337	0.66023	0.00399	1	1.45898	0.81042	0	
1255315	8466.71191	3305466709493	0.47931	0.20055	8466.65820	0.05371	11464	1	0.49083	0.06882	1	0.45536	0.38660	1	0.47309	0.22771	1	0.47975	0.53279	11.16511	1.08749	1	0.74144	0.55772	12.45258	1.07983	1	-0.00501	-0.00970	0.70319	0.00233	1	0.06114	-0.01337	0.66023	0.00385	1	1.45898	0.81042	0	
1255316	8466.71777	3305466776748	0.47874	0.20366	8466.65820	0.05957	11464	1	0.49180	0.07667	1	0.45536	0.38660	1	0.47358	0.23163	1	0.47982	0.53271	11.24337	1.07983	1	0.74140	0.55757	12.15915	1.07983	1	-0.00499	-0.00962	0.70068	0.00237	1	0.06323	-0.01382	0.68224	0.00389	1	1.45898	0.81042	0	
1255317	8466.72461	3305466843433	0.47912	0.20703	8466.65820	0.06641	11464	1	0.49615	0.10647	1	0.46975	0.37499	1	0.48295	0.24073	1	0.47976	0.53271	11.27472	1.07983	1	0.74155	0.55776	12.23047	1.08749	1	-0.00499	-0.00962	0.70068	0.00231	1	0.06323	-0.01382	0.68224	0.00393	1	1.45898	0.81042	0	
1255318	8466.73145	3305466910944	0.47954	0.20444	8466.65820	0.07324	11464	1	0.49757	0.06538	1	0.47072	0.28665	1	0.48414	0.17601	1	0.47990	0.53277	11.23640	1.08749	1	0.74149	0.55735	12.12028	1.09515	1	-0.00499	-0.00962	0.70068	0.00232	1	0.06323	-0.01382	0.68224	0.00388	1	1.45898	0.81042	0	
1255319	8466.73828	3305466977468	0.47990	0.20236	8466.65820	0.08008	11464	1	0.49774	0.06684	1	0.47067	0.28784	1	0.48421	0.17734	1	0.47986	0.53269	11.19078	1.08607	1	0.74153	0.55698	12.02011	1.09372	1	-0.00473	-0.00921	0.67127	0.00227	1	0.06323	-0.01382	0.68224	0.00414	1	1.45898	0.81042	0	
1255320	8466.74512	3305467043841	0.47976	0.20483	8466.65820	0.08691	11464	1	0.48040	0.11051	1	0.47561	0.36351	1	0.47801	0.23701	1	0.47989	0.53260	11.41314	1.08464	1	0.74166	0.55754	12.29847	1.08464	1	-0.00473	-0.00921	0.67127	0.00233	1	0.06323	-0.01382	0.68224	0.00403	1	1.45898	0.81042	0	
1255321	8466.75195	3305467110187	0.47964	0.20311	8466.65820	0.09375	11464	1	0.47983	0.07054	1	0.47583	0.28744	1	0.47783	0.17899	1	0.47991	0.53267	11.64375	1.07555	1	0.74164	0.55699	12.11050	1.07555	1	-0.00473	-0.00921	0.67127	0.00231	1	0.06323	-0.01382	0.68224	0.00415	1	1.45898	0.81042	0	
1255322	8466.75879	3305467178319	0.47955	0.20214	8466.65820	0.10059	11464	1	0.48107	0.07994	1	0.47549	0.29516	1	0.47828	0.18755	1	0.48003	0.53274	11.91888	1.06647	1	0.74160	0.55758	12.53444	1.06647	1	-0.00483	-0.00946	0.68560	0.00232	1	0.06323	-0.01382	0.68224	0.00397	1	1.45898	0.81042	0	
1255323	8466.76465	3305467245321	0.47923	0.20406	8466.65820	0.10645	11464	1	0.48638	0.08771	1	0.46186	0.38202	1	0.47412	0.23486	1	0.47998	0.53274	11.33658	1.06647	1	0.74145	0.55783	12.58031	1.06647	1	-0.00483	-0.00946	0.68560	0.00227	1	0.06323	-0.01382	0.68224	0.00401	1	1.45898	0.81042	0	
1255324	8466.77148	3305467312333	0.47889	0.20738	8466.65820	0.11328	11464	1	0.48420	0.14547	1	0.46186	0.38202	1	0.47303	0.26375	1	0.47991	0.53280	11.05541	1.06647	1	0.74145	0.55783	12.58031	1.06647	1	-0.00483	-0.00946	0.68560	0.00226	1	0.06323	-0.01382	0.68224	0.00400	1	1.45898	0.81042	0	
1255325	8466.77832	3305467379092	0.47858	0.21034	8466.65820	0.12012	11464	1	0.48420	0.14547	1	0.46186	0.38202	1	0.47303	0.26375	1	0.48016	0.53262	11.05781	1.06647	1	0.74165	0.55787	12.19020	1.06647	1	-0.00483	-0.00936	0.68560	0.00230	1	0.06323	-0.01382	0.68224	0.00405	1	1.45898	0.81042	0	
1255326	8466.78516	3305467446193	0.47896	0.21107	8466.65820	0.12695	11464	1	0.49165	0.11786	1	0.48078	0.33189	1	0.48621	0.22487	1	0.48007	0.53261	11.58646	1.06647	1	0.74171	0.55767	11.71810	1.06647	1	-0.00483	-0.00936	0.68560	0.00233	1	0.06323	-0.01382	0.68224	0.00409	1	1.45898	0.81042	0	
1255327	8466.79199	3305467513195	0.48021	0.21331	8466.65820	0.13379	11464	1	0.49617	0.11635	1	0.51438	0.39969	1	0.50528	0.25802	1	0.48013	0.53258	11.57981	1.06647	1	0.74234	0.55761	12.07972	1.06647	1	-0.00483	-0.00936	0.68560	0.00229	1	0.06323	-0.01382	0.68224	0.00404	1	1.45898	0.81042	0	
1255328	8466.79883	3305467578776	0.48135	0.21534	8466.65820	0.14062	11464	1	0.49617	0.11635	1	0.51438	0.39969	1	0.50528	0.25802	1	0.48024	0.53265	11.26988	1.06647	1	0.74240	0.55739	12.14219	1.06647	1	-0.00483	-0.00936	0.68560	0.00231	1	0.06323	-0.01382	0.68224	0.00410	1	1.45898	0.81042	0	
1255329	8466.80566	3305467647282	0.48249	0.21703	8466.65820	0.14746	11464	1	0.50316	0.12327	1	0.51202	0.38525	1	0.50759	0.25426	1	0.48028	0.53262	11.19219	1.06647	1	0.74228	0.55750	12.26957	1.06647	1	-0.00483	-0.00936	0.68560	0.00224	1	0.06323	-0.01382	0.68224	0.00402	1	1.45898	0.81042	0	
1255330	8466.81152	3305467714971	0.48339	0.21846	8466.65820	0.15332	11464	1	0.50829	0.11779	1	0.49988	0.38505	1	0.50408	0.25142	1	0.48034	0.53263	11.12765	1.06647	1	0.74205	0.55751	12.42805	1.06647	1	-0.00483	-0.00936	0.68560	0.00229	1	0.06323	-0.01382	0.68224	0.00406	1	1.45898	0.81042	0	
1255331	8466.81836	3305467778202	0.48422	0.21978	8466.65820	0.16016	11464	1	0.50829	0.11779	1	0.49988	0.38505	1	0.50408	0.25142	1	0.48034	0.53263	11.12765	1.06647	1	0.74195	0.55710	11.30713	1.06647	1	-0.00483	-0.00936	0.68560	0.00229	1	0.06323	-0.01382	0.68224	0.00414	1	1.45898	0.81042	0	
1255332	8466.82520	3305467847741	0.48476	0.21981	8466.65820	0.16699	11464	1	0.50251	0.12337	1	0.49404	0.31761	1	0.49827	0.22049	1	0.48029	0.53258	11.36844	1.06647	1	0.74230	0.55701	11.78427	1.06647	1	-0.00483	-0.00936	0.68560	0.00232	1	0.06323	-0.01382	0.68224	0.00411	1	1.45898	0.81042	0	
1255333	8466.83203	3305467913954	0.48439	0.22003	8466.65820	0.17383	11464	1	0.50510	0.09915	1	0.44449	0.35251	1	0.47479	0.22583	1	0.48023	0.53242	11.89104	1.06647	1	0.74194	0.55714	11.29676	1.06647	1	-0.00483	-0.00936	0.68560	0.00231	1	0.06323	-0.01382	0.68224	0.00418	1	1.45898	0.81042	0	
1255334	8466.83887	3305467981232	0.48403	0.22005	8466.65820	0.18066	11464	1	0.50402	0.08992	1	0.44450	0.35138	1	0.47426	0.22065	1	0.48050	0.53256	11.24725	1.07555	1	0.74236	0.55710	12.25529	1.06789	1	-0.00481	-0.00942	0.68975	0.00246	1	0.06097	-0.01331	0.65732	0.00409	1	1.45898	0.81042	0	
1255335	8466.84570	3305468049015	0.48393	0.21851	8466.65820	0.18750	11464	1	0.48662	0.10545	1	0.47549	0.24521	1	0.48106	0.17533	1	0.48050	0.53256	11.24725	1.07698	1	0.74234	0.55606	11.80228	1.06932	1	-0.00481	-0.00942	0.68975	0.00246	1	0.06097	-0.01331	0.65732	0.00437	1	1.45898	0.81042	0	
1255336	8466.85254	3305468116051	0.48394	0.21768	8466.65820	0.19434	11464	1	0.49353	0.10758	1	0.47488	0.27927	1	0.48420	0.19343	1	0.48058	0.53253	11.36582	1.07841	1	0.74233	0.55692	12.02883	1.07075	1	-0.00481	-0.00942	0.68975	0.00239	1	0.06097	-0.01331	0.65732	0.00411	1	1.45898	0.81042	0	
1255337	8466.85840	3305468181932	0.48395	0.21674	8466.65820	0.20020	11464	1	0.49335	0.10616	1	0.47522	0.27145	1	0.48428	0.18880	1	0.48060	0.53253	11.38931	1.07983	1	0.74221	0.55703	12.26546	1.07983	1	-0.00489	-0.00978	0.71627	0.00234	1	0.06378	-0.01396	0.68706	0.00400	1	1.45898	0.81042	0	
1255338	8466.86523	3305468249679	0.48391	0.21572	8466.65820	0.20703	11464	1	0.50089	0.09042	1	0.46442	0.27722	1	0.48266	0.18382	1	0.48055	0.53248	11.84582	1.07983	1	0.74219	0.55708	12.22428	1.08749	1	-0.00489	-0.00978	0.71627	0.00231	1	0.06378	-0.01396	0.68706	0.00397	1	1.45898	0.81042	0	
1255339	8466.87207	3305468317062	0.48386	0.21619	8466.65820	0.21387	11464	1	0.49090	0.09888	1	0.47407	0.36354	1	0.48248	0.23121	1	0.48063	0.53256	11.54859	1.08749	1	0.74248	0.55737	11.99555	1.09515	1	-0.00489	-0.00978	0.71627	0.00232	1	0.06378	-0.01396	0.68706	0.00409	1	1.45898	0.81042	0	
1255340	8466.87891	3305468383850	0.48382	0.21675	8466.65820	0.22070	11464	1	0.49108	0.10030	1	0.47375	0.37049	1	0.48242	0.23539	1	0.48073	0.53244	11.29948	1.08607	1	0.74245	0.55753	12.24561	1.08607	1	-0.00459	-0.00929	0.68083	0.00226	1	0.06038	-0.01321	0.64997	0.00399	1	1.45898	0.81042	0	
1255341	8466.88574	3305468451128	0.48372	0.21626	8466.65820	0.22754	11464	1	0.48123	0.10286	1	0.47951	0.29646	1	0.48037	0.19966	1	0.48068	0.53257	11.32128	1.07698	1	0.74246	0.55735	12.22112	1.06932	1	-0.00459	-0.00929	0.68083	0.00239	1	0.06038	-0.01321	0.64997	0.00395	1	1.45898	0.81042	0	
1255342	8466.89258	3305468517471	0.48356	0.21701	8466.65820	0.23438	11464	1	0.47715	0.13395	1	0.47857	0.35258	1	0.47786	0.24327	1	0.48067	0.53258	11.32111	1.06024	1	0.74244	0.55751	12.47785	1.05258	1	-0.00459	-0.00929	0.68083	0.00231	1	0.06038	-0.01321	0.64997	0.00394	1	1.45898	0.81042	0	
1255343	8466.89941	3305468585434	0.48343	0.21804	8466.65820	0.24121	11464	1	0.47952	0.15053	1	0.47820	0.35991	1	0.47886	0.25522	1	0.48085	0.53256	11.31460	1.04349	1	0.74240	0.55767	11.90411	1.04349	1	-0.00459	-0.00929	0.68083	0.00238	1	0.06291	-0.01380	0.67664	0.00393	1	1.45898	0.81042	0	
1255344	8466.90527	3305468652015	0.48342	0.21938	8466.65820	0.24707	11464	1	0.49856	0.15951	1	0.46694	0.37781	1	0.48275	0.26866	1	0.48089	0.53272	11.78590	1.04349	1	0.74225	0.55791	12.85022	1.05115	1	-0.00459	-0.00929	0.68083	0.00237	1	0.06291	-0.01380	0.67664	0.00381	1	1.45898	0.81042	0	
1255345	8466.91211	3305468717004	0.48340	0.21984	8466.65820	0.25391	11464	1	0.49795	0.13666	1	0.46760	0.33851	1	0.48277	0.23758	1	0.48087	0.53266	11.61520	1.05115	1	0.74228	0.55770	11.70972	1.05881	1	-0.00459	-0.00929	0.68083	0.00236	1	0.06291	-0.01380	0.67664	0.00397	1	1.45898	0.81042	0	
1255346	8466.91895	3305468784844	0.48337	0.22011	8466.65820	0.26074	11464	1	0.49699	0.12904	1	0.46783	0.33227	1	0.48241	0.23065	1	0.48096	0.53248	11.30283	1.05881	1	0.74233	0.55755	11.98249	1.06647	1	-0.00459	-0.00929	0.68083	0.00233	1	0.06297	-0.01392	0.67728	0.00397	1	1.45898	0.81042	0	
1255347	8466.92578	3305468852039	0.48350	0.22017	8466.65820	0.26758	11464	1	0.50563	0.11131	1	0.47122	0.33361	1	0.48843	0.22246	1	0.48113	0.53255	11.79501	1.06647	1	0.74238	0.55739	12.01712	1.06647	1	-0.00459	-0.00929	0.68083	0.00236	1	0.06297	-0.01392	0.67728	0.00395	1	1.45898	0.81042	0	
1255348	8466.93262	3305468919871	0.48344	0.22056	8466.65820	0.27441	11464	1	0.50857	0.11115	1	0.45401	0.36220	1	0.48129	0.23667	1	0.48121	0.53246	11.84115	1.06647	1	0.74206	0.55793	12.46852	1.06647	1	-0.00459	-0.00929	0.68083	0.00244	1	0.06297	-0.01392	0.67728	0.00410	1	1.45898	0.81042	0	
1255349	8466.93945	3305468986507	0.48339	0.22101	8466.65820	0.28125	11464	1	0.50857	0.11115	1	0.45387	0.36821	1	0.48122	0.23968	1	0.48110	0.53252	11.82608	1.06647	1	0.74232	0.55766	12.23327	1.05881	1	-0.00459	-0.00929	0.68083	0.00238	1	0.06131	-0.01354	0.65892	0.00402	1	1.45898	0.81042	0	
1255350	8466.94531	3305469050689	0.48348	0.22136	8466.65820	0.28711	11464	1	0.50947	0.10764	1	0.46465	0.36508	1	0.48706	0.23636	1	0.48114	0.53249	11.66172	1.05881	1	0.74224	0.55760	12.39986	1.05115	1	-0.00459	-0.00929	0.68083	0.00229	1	0.06131	-0.01354	0.65892	0.00410	1	1.45898	0.81042	0	
1255351	8466.95215	3305469117264	0.48371	0.22126	8466.65820	0.29395	11464	1	0.51096	0.12494	1	0.47700	0.30911	1	0.49398	0.21702	1	0.48110	0.53252	11.82608	1.05115	1	0.74282	0.55710	12.74052	1.04349	1	-0.00459	-0.00929	0.68083	0.00238	1	0.06131	-0.01354	0.65892	0.00391	1	1.45898	0.81042	0	
1255352	8466.95898	3305469185803	0.48394	0.22132	8466.65820	0.30078	11464	1	0.51184	0.13263	1	0.47669	0.31566	1	0.49427	0.22415	1	0.48119	0.53248	12.14236	1.04349	1	0.74283	0.55765	12.55226	1.03583	1	-0.00455	-0.00916	0.67490	0.00237	1	0.06131	-0.01354	0.65892	0.00403	1	1.45898	0.81042	0	
1255353	8466.96582	3305469250838	0.48372	0.22208	8466.65820	0.30762	11464	1	0.49609	0.14002	1	0.45135	0.37376	1	0.47372	0.25689	1	0.48130	0.53257	12.07809	1.03583	1	0.74284	0.55767	12.56118	1.03583	1	-0.00455	-0.00916	0.67490	0.00235	1	0.06131	-0.01354	0.65892	0.00399	1	1.45898	0.81042	0	
1255354	8466.97266	3305469319353	0.48153	0.25052	8466.65820	0.30762	11464	0	0.49609	0.14002	0	0.45159	0.38087	1	0.45159	0.38087	1	0.48130	0.53257	12.07809	1.03583	0	0.74285	0.55770	12.75211	1.03583	1	-0.00455	-0.00916	0.67490	0.00235	1	0.06131	-0.01354	0.65892	0.00392	1	1.45898	0.81042	0	
1255355	8466.97852	3305469384935	0.48153	0.25052	8466.65820	0.30762	11464	0	0.49609	0.14002	0	0.45159	0.38087	0	0.45159	0.38087	0	0.48130	0.53257	12.07809	1.03583	0	0.74285	0.55770	12.75211	1.03583	0	-0.00455	-0.00916	0.67490	0.00235	1	0.06131	-0.01354	0.65892	0.00392	1	1.45898	0.81042	0	
1255356	8466.98535	3305469453228	0.48153	0.25052	8466.65820	0.30762	11464	0	0.49609	0.14002	0	0.45159	0.38087	0	0.45159	0.38087	0	0.48130	0.53257	12.07809	1.03583	0	0.74285	0.55770	12.75211	1.03583	0	-0.00455	-0.00916	0.67490	0.00235	1	0.06131	-0.01354	0.65892	0.00392	1	1.45898	0.81042	0	
1255357	8466.99219	3305469518112	0.00000	0.00000	8466.65820	0.30762	11464	0	0.49609	0.14002	0	0.45159	0.38087	0	0.45159	0.38087	0	0.48130	0.53257	12.07809	1.03583	0	0.74285	0.55770	12.75211	1.03583	0	-0.00455	-0.00916	0.67490	0.00235	1	0.06131	-0.01354	0.65892	0.00392	1	1.45898	0.81042	0	
1255358	8466.99902	3305469585063	0.00000	0.00000	8466.65820	0.30762	11464	0	0.49609	0.14002	0	0.45159	0.38087	0	0.45159	0.38087	0	0.48130	0.53257	12.07809	1.03583	0	0.74285	0.55770	12.75211	1.03583	0	-0.00455	-0.00916	0.67490	0.00235	1	0.06131	-0.01354	0.65892	0.00392	1	1.45898	0.81042	0	
1255359	8467.00586	3305469655308	0.00000	0.00000	8466.65820	0.30762	11464	0	0.49609	0.14002	0	0.45159	0.38087	0	0.45159	0.38087	0	0.48130	0.53257	12.07809	1.03583	0	0.74285	0.55770	12.75211	1.03583	0	-0.00455	-0.00916	0.67490	0.00235	1	0.06131	-0.01354	0.65892	0.00392	1	1.45898	0.81042	0	
1255360	8467.01270	3305469721558	0.00000	0.00000	8466.65820	0.30762	11464	0	0.49609	0.14002	0	0.45159	0.38087	0	0.45159	0.38087	0	0.48130	0.53257	12.07809	1.03583	0	0.74285	0.55770	12.75211	1.03583	0	-0.00455	-0.00916	0.67490	0.00235	1	0.06131	-0.01354	0.65892	0.00392	1	1.45898	0.81042	0	
1255361	8467.01953	3305469790211	0.00000	0.00000	8466.65820	0.30762	11464	0	0.49609	0.14002	0	0.45159	0.38087	0	0.45159	0.38087	0	0.48130	0.53257	12.07809	1.03583	0	0.74285	0.55770	12.75211	1.03583	0	-0.00455	-0.00916	0.67490	0.00235	1	0.06131	-0.01354	0.65892	0.00392	1	1.45898	0.81042	0	
1255362	8467.02637	3305469857685	0.00000	0.00000	8466.65820	0.30762	11464	0	0.49609	0.14002	0	0.45159	0.38087	0	0.45159	0.38087	0	0.48130	0.53257	12.07809	1.03583	0	0.74285	0.55770	12.75211	1.03583	0	-0.00455	-0.00916	0.67490	0.00235	1	0.06131	-0.01354	0.65892	0.00392	1	1.45898	0.81042	0	
1255363	8467.03320	3305469923783	0.00000	0.00000	8466.65820	0.30762	11464	0	0.49609	0.14002	0	0.45159	0.38087	0	0.45159	0.38087	0	0.48130	0.53257	12.07809	1.03583	0	0.74285	0.55770	12.75211	1.03583	0	-0.00455	-0.00916	0.67490	0.00235	1	0.06131	-0.01354	0.65892	0.00392	1	1.45898	0.81042	0	
1255364	8467.04004	3305469991667	0.23695	0.12871	8466.65820	0.30762	11464	0	0.49609	0.14002	1	0.45171	0.37481	1	0.47390	0.25742	1	0.48187	0.53232	11.65404	1.03583	1	0.74359	0.55650	12.29839	1.04349	1	-0.00439	-0.00919	0.68045	0.00236	1	0.06295	-0.01387	0.67483	0.00439	1	1.45898	0.81042	0	
1255365	8467.04590	3305470057167	0.32512	0.15497	8466.65820	0.30762	11464	0	0.49907	0.15636	1	0.50388	0.25866	1	0.50147	0.20751	1	0.48179	0.53226	11.68183	1.04349	1	0.74361	0.55641	12.35752	1.05115	1	-0.00439	-0.00919	0.68045	0.00237	1	0.06295	-0.01387	0.67483	0.00428	1	1.45898	0.81042	0	
1255366	8467.05273	3305470125514	0.48882	0.23850	8466.65820	0.30762	11464	0	0.49619	0.15333	1	0.48599	0.34782	1	0.49109	0.25058	1	0.48187	0.53232	11.65324	1.05115	1	0.74382	0.55733	12.14041	1.05881	1	-0.00439	-0.00919	0.68045	0.00236	1	0.06295	-0.01387	0.67483	0.00387	1	1.45898	0.81042	0	
1255367	8467.05957	3305470192213	0.48980	0.24112	8466.65820	0.30762	11464	0	0.49522	0.14584	1	0.48635	0.34164	1	0.49078	0.24374	1	0.48202	0.53239	11.63564	1.05881	1	0.74391	0.55694	11.88055	1.06647	1	-0.00439	-0.00919	0.68045	0.00245	1	0.06349	-0.01397	0.67958	0.00440	1	1.45898	0.81042	0	
1255368	8467.06641	3305470259905	0.49015	0.23490	8466.65820	0.30762	11464	0	0.51490	0.13280	1	0.46682	0.31210	1	0.49086	0.22245	1	0.48206	0.53227	11.81908	1.06647	1	0.74383	0.55719	12.00496	1.06647	1	-0.00439	-0.00919	0.68045	0.00236	1	0.06349	-0.01397	0.67958	0.00432	1	1.45898	0.81042	0	
1255369	8467.07324	3305470326439	0.48986	0.23633	8467.05273	0.02051	11465	1	0.51437	0.14584	1	0.46357	0.33539	1	0.48897	0.24062	1	0.48197	0.53239	11.70575	1.06647	1	0.74381	0.55744	12.17603	1.06647	1	-0.00439	-0.00919	0.68045	0.00241	1	0.06349	-0.01397	0.67958	0.00437	1	1.45898	0.81042	0	
1255370	8467.08008	3305470393666	0.48960	0.23557	8467.05273	0.02734	11465	1	0.51336	0.13702	1	0.46381	0.32802	1	0.48858	0.23252	1	0.48208	0.53232	11.87392	1.07555	1	0.74404	0.55753	12.27450	1.07555	1	-0.00449	-0.00951	0.70432	0.00236	1	0.06349	-0.01397	0.67958	0.00423	1	1.45898	0.81042	0	
1255371	8467.08691	3305470459460	0.48895	0.23130	8467.05273	0.03418	11465	1	0.48744	0.11493	1	0.48388	0.30507	1	0.48566	0.21000	1	0.48205	0.53227	11.65426	1.08464	1	0.74405	0.55730	12.02469	1.08464	1	-0.00449	-0.00951	0.70432	0.00247	1	0.06349	-0.01397	0.67958	0.00425	1	1.45898	0.81042	0	
1255372	8467.09277	3305470527434	0.48905	0.22822	8467.05273	0.04004	11465	1	0.49880	0.11981	1	0.48051	0.29965	1	0.48965	0.20973	1	0.48214	0.53242	11.84127	1.09372	1	0.74405	0.55730	11.90966	1.09372	1	-0.00449	-0.00951	0.70432	0.00238	1	0.06349	-0.01397	0.67958	0.00425	1	1.45898	0.81042	0	
1255373	8467.09961	3305470594511	0.48912	0.22591	8467.05273	0.04688	11465	1	0.49880	0.11981	1	0.48051	0.29965	1	0.48965	0.20973	1	0.48208	0.53232	12.27774	1.09372	1	0.74408	0.55749	12.10723	1.09372	1	-0.00428	-0.00923	0.68009	0.00235	1	0.06349	-0.01397	0.67958	0.00426	1	1.45898	0.81042	0	
1255374	8467.10645	3305470659519	0.48944	0.22725	8467.05273	0.05371	11465	1	0.50033	0.14165	1	0.48360	0.33431	1	0.49196	0.23798	1	0.48217	0.53251	11.99829	1.08464	1	0.74409	0.55755	12.08340	1.08464	1	-0.00428	-0.00923	0.68009	0.00240	1	0.06349	-0.01397	0.67958	0.00435	1	1.45898	0.81042	0	
1255375	8467.11328	3305470727608	0.48899	0.22649	8467.05273	0.06055	11465	1	0.48869	0.13014	1	0.48120	0.30921	1	0.48495	0.21967	1	0.48208	0.53227	12.39143	1.07555	1	0.74403	0.55720	11.90637	1.07555	1	-0.00428	-0.00923	0.68009	0.00233	1	0.06349	-0.01397	0.67958	0.00435	1	1.45898	0.81042	0	
1255376	8467.12012	3305470793933	0.48866	0.22662	8467.05273	0.06738	11465	1	0.48987	0.13903	1	0.48082	0.31675	1	0.48535	0.22789	1	0.48199	0.53228	11.87246	1.06647	1	0.74421	0.55731	11.93818	1.06647	1	-0.00428	-0.00923	0.68009	0.00242	1	0.06349	-0.01397	0.67958	0.00432	1	1.45898	0.81042	0	
1255377	8467.12695	3305470862162	0.48913	0.22935	8467.05273	0.07422	11465	1	0.51209	0.15752	1	0.47665	0.36118	1	0.49437	0.25935	1	0.48213	0.53250	12.01738	1.06647	1	0.74404	0.55770	12.37858	1.06647	1	-0.00428	-0.00923	0.68009	0.00248	1	0.06349	-0.01397	0.67958	0.00419	1	1.45898	0.81042	0	
1255378	8467.13281	3305470926695	0.48865	0.22803	8467.05273	0.08008	11465	1	0.48891	0.14074	1	0.47670	0.28382	1	0.48280	0.21228	1	0.48202	0.53235	11.76779	1.06647	1	0.74401	0.55689	11.85099	1.06647	1	-0.00428	-0.00923	0.68009	0.00243	1	0.06349	-0.01397	0.67958	0.00440	1	1.45898	0.81042	0	
1255379	8467.13965	3305470993105	0.48820	0.22631	8467.05273	0.08691	11465	1	0.48772	0.13186	1	0.47705	0.27600	1	0.48238	0.20393	1	0.48216	0.53237	11.82858	1.07555	1	0.74394	0.55768	12.57261	1.07555	1	-0.00450	-0.00958	0.70550	0.00253	1	0.06349	-0.01397	0.67958	0.00406	1	1.45898	0.81042	0	
1255380	8467.14648	3305471058518	0.48774	0.22544	8467.05273	0.09375	11465	1	0.49444	0.12323	1	0.46805	0.30306	1	0.48124	0.21314	1	0.48216	0.53237	11.82858	1.08464	1	0.74386	0.55735	12.15373	1.08464	1	-0.00450	-0.00958	0.70550	0.00253	1	0.06349	-0.01397	0.67958	0.00411	1	1.45898	0.81042	0	
1255381	8467.15332	3305471127625	0.48844	0.22680	8467.05273	0.10059	11465	1	0.52034	0.10853	1	0.47774	0.38599	1	0.49904	0.24726	1	0.48216	0.53237	11.82858	1.09372	1	0.74401	0.55823	12.29405	1.09372	1	-0.00450	-0.00958	0.70550	0.00253	1	0.06349	-0.01397	0.67958	0.00399	1	1.45898	0.81042	0	
1255382	8467.16016	3305471194252	0.48909	0.22822	8467.05273	0.10742	11465	1	0.52118	0.11639	1	0.47777	0.38550	1	0.49947	0.25094	1	0.48200	0.53239	11.93698	1.08571	1	0.74401	0.55812	11.85637	1.09439	1	-0.00423	-0.00902	0.66410	0.00240	1	0.06563	-0.01445	0.70305	0.00400	1	1.45898	0.81042	0	
1255383	8467.16602	3305471259395	0.48945	0.22773	8467.05273	0.11328	11465	1	0.51666	0.15451	1	0.47442	0.28439	1	0.49554	0.21945	1	0.48203	0.53260	12.30937	1.07729	1	0.74393	0.55705	11.92392	1.08597	1	-0.00423	-0.00902	0.66410	0.00235	1	0.06563	-0.01445	0.70305	0.00425	1	1.45898	0.81042	0	
1255384	8467.17285	3305471327851	0.48881	0.22948	8467.05273	0.12012	11465	1	0.48947	0.14643	1	0.46511	0.37548	1	0.47729	0.26095	1	0.48199	0.53256	11.90160	1.06886	1	0.74384	0.55792	12.04201	1.07755	1	-0.00423	-0.00902	0.66410	0.00239	1	0.06563	-0.01445	0.70305	0.00393	1	1.45898	0.81042	0	
1255385	8467.17969	3305471394728	0.48825	0.23159	8467.05273	0.12695	11465	1	0.49057	0.15460	1	0.46464	0.38857	1	0.47760	0.27158	1	0.48208	0.53244	11.96016	1.06044	1	0.74409	0.55786	12.00704	1.06044	1	-0.00423	-0.00902	0.66410	0.00246	1	0.06349	-0.01397	0.67958	0.00404	1	1.45898	0.81042	0	
1255386	8467.18652	3305471461653	0.48903	0.23598	8467.05273	0.13379	11465	1	0.53933	0.35273	1	0.46988	0.29498	1	0.50461	0.32386	1	0.48224	0.53500	11.22872	1.06044	1	0.74388	0.55674	12.20755	1.05176	1	-0.00423	-0.00902	0.66410	0.00380	1	0.06349	-0.01397	0.67958	0.00455	1	1.45898	0.81042	0	
1255387	8467.19336	3305471530396	0.48932	0.24263	8467.05273	0.14062	11465	1	0.51771	0.38748	1	0.47309	0.37696	1	0.49540	0.38222	1	0.48229	0.53513	11.55916	1.05176	1	0.74395	0.55768	12.31282	1.04308	1	-0.00423	-0.00902	0.66410	0.00374	1	0.06349	-0.01397	0.67958	0.00403	1	1.45898	0.81042	0	
1255388	8467.20020	3305471599281	0.48955	0.24807	8467.05273	0.14746	11465	1	0.51562	0.37330	1	0.47376	0.36210	1	0.49469	0.36770	1	0.48237	0.53508	11.44027	1.07057	1	0.74355	0.55766	12.93694	1.06189	1	-0.00460	-0.00990	0.72954	0.00383	1	0.06349	-0.01397	0.67958	0.00391	1	1.45898	0.81042	0	
1255389	8467.20703	3305471665915	0.49030	0.24896	8467.05273	0.15430	11465	1	0.53426	0.33700	1	0.48088	0.20203	1	0.50757	0.26952	1	0.48257	0.53501	11.49683	1.08937	1	0.74402	0.55633	12.08273	1.08937	1	-0.00460	-0.00990	0.72954	0.00389	1	0.06349	-0.01397	0.67958	0.00443	1	1.45898	0.81042	0	
1255390	8467.21387	3305471732935	0.49098	0.25052	8467.05273	0.16113	11465	1	0.54011	0.30587	1	0.47444	0.27023	1	0.50728	0.28805	1	0.48277	0.53492	11.94569	1.11686	1	0.74396	0.55728	12.58651	1.11686	1	-0.00460	-0.00990	0.72954	0.00386	1	0.06349	-0.01397	0.67958	0.00429	1	1.45898	0.81042	0	
1255391	8467.22070	3305471799922	0.49556	0.28162	8467.05273	0.16113	11465	0	0.53941	0.29960	1	0.47445	0.26994	1	0.50693	0.28477	1	0.48229	0.53252	12.32709	1.12488	1	0.74404	0.55771	12.65893	1.11722	1	-0.00411	-0.00903	0.66925	0.00236	1	0.06153	-0.01352	0.65808	0.00386	1	1.45898	0.81042	0	
1255392	8467.22754	3305471867957	0.49890	0.30572	8467.05273	0.16113	11465	0	0.52669	0.31158	1	0.47779	0.34804	1	0.50224	0.32981	1	0.48287	0.53460	12.23117	1.09775	1	0.74398	0.55795	12.29914	1.09009	1	-0.00411	-0.00903	0.66925	0.00363	1	0.06153	-0.01352	0.65808	0.00396	1	1.45898	0.81042	0	
1255393	8467.23438	3305471934172	0.48884	0.29081	8467.05273	0.16113	11465	0	0.48254	0.13973	1	0.45493	0.38227	1	0.46873	0.26100	1	0.48224	0.53236	11.79713	1.07062	1	0.74371	0.55794	13.23700	1.06296	1	-0.00411	-0.00903	0.66925	0.00247	1	0.06153	-0.01352	0.65808	0.00386	1	1.45898	0.81042	0	
1255394	8467.24023	3305472000878	0.48423	0.28853	8467.22070	0.01953	11466	1	0.48622	0.16617	1	0.45456	0.39724	1	0.47039	0.28171	1	0.48233	0.53231	12.00163	1.04349	1	0.74400	0.55794	12.52140	1.04349	1	-0.00411	-0.00903	0.66925	0.00249	1	0.06338	-0.01392	0.67731	0.00386	1	1.45898	0.81042	0	
1255395	8467.24707	3305472067868	0.48698	0.30467	8467.22070	0.02637	11466	1	0.51428	0.34200	1	0.48164	0.39640	1	0.49796	0.36920	1	0.48266	0.53444	12.16020	1.04349	1	0.74411	0.55798	12.35556	1.05115	1	-0.00411	-0.00903	0.66925	0.00360	1	0.06338	-0.01392	0.67731	0.00384	1	1.45898	0.81042	0	
1255396	8467.25391	3305472134958	0.48440	0.29875	8467.22070	0.03320	11466	1	0.47960	0.14733	1	0.46345	0.39093	1	0.47152	0.26913	1	0.48234	0.53230	11.73402	1.05115	1	0.74386	0.55805	12.67668	1.05881	1	-0.00411	-0.00903	0.66925	0.00251	1	0.06338	-0.01392	0.67731	0.00384	1	1.45898	0.81042	0	
1255397	8467.26074	3305472202552	0.48250	0.29356	8467.22070	0.04004	11466	1	0.47852	0.13978	1	0.46365	0.38508	1	0.47108	0.26243	1	0.48275	0.53428	12.28813	1.05881	1	0.74408	0.55799	13.16490	1.06647	1	-0.00411	-0.00903	0.66925	0.00368	1	0.06338	-0.01392	0.67731	0.00383	1	1.45898	0.81042	0	
1255398	8467.26758	3305472270654	0.48578	0.29878	8467.22070	0.04688	11466	1	0.51943	0.32483	1	0.49815	0.34591	1	0.50879	0.33537	1	0.48275	0.53437	12.36729	1.06647	1	0.74435	0.55773	13.17329	1.06647	1	-0.00411	-0.00903	0.66925	0.00371	1	0.06338	-0.01392	0.67731	0.00385	1	1.45898	0.81042	0	
1255399	8467.27441	3305472336572	0.48791	0.30240	8467.22070	0.05371	11466	1	0.52941	0.30037	1	0.48046	0.36236	1	0.50493	0.33136	1	0.48293	0.53431	12.51690	1.06647	1	0.74412	0.55774	13.07753	1.06647	1	-0.00411	-0.00903	0.66925	0.00373	1	0.06338	-0.01392	0.67731	0.00387	1	1.45898	0.81042	0	
1255400	8467.28125	3305472404081	0.48963	0.30496	8467.22070	0.06055	11466	1	0.52941	0.30037	1	0.48082	0.35552	1	0.50511	0.32794	1	0.48279	0.53412	12.09370	1.06647	1	0.74425	0.55756	13.08555	1.07515	1	-0.00411	-0.00903	0.66925	0.00377	1	0.06564	-0.01440	0.70083	0.00391	1	1.45898	0.81042	0	
1255401	8467.28711	3305472469270	0.49056	0.30592	8467.22070	0.06641	11466	1	0.52908	0.30408	1	0.47054	0.32695	1	0.49981	0.31551	1	0.48296	0.53436	12.68081	1.07515	1	0.74429	0.55760	13.34599	1.08383	1	-0.00411	-0.00903	0.66925	0.00374	1	0.06564	-0.01440	0.70083	0.00393	1	1.45898	0.81042	0	
1255402	8467.29395	3305472536814	0.49025	0.30613	8467.22070	0.07324	11466	1	0.50290	0.29704	1	0.47082	0.31995	1	0.48686	0.30849	1	0.48255	0.53414	11.84459	1.08383	1	0.74429	0.55760	13.34599	1.09251	1	-0.00411	-0.00903	0.66925	0.00371	1	0.06564	-0.01440	0.70083	0.00392	1	1.45898	0.81042	0	
1255403	8467.30078	3305472603371	0.48995	0.30604	8467.22070	0.08008	11466	1	0.50186	0.28995	1	0.47082	0.31995	1	0.48634	0.30495	1	0.48250	0.53394	11.90775	1.09251	1	0.74409	0.55802	13.57222	1.09251	1	-0.00411	-0.00903	0.66925	0.00372	1	0.06338	-0.01392	0.67731	0.00398	1	1.45898	0.81042	0	
1255404	8467.30762	3305472670959	0.48980	0.29977	8467.22070	0.08691	11466	1	0.50868	0.10313	1	0.46721	0.33348	1	0.48795	0.21830	1	0.48275	0.53216	12.30193	1.09251	1	0.74422	0.55762	13.41932	1.08383	1	-0.00411	-0.00903	0.66925	0.00256	1	0.06338	-0.01392	0.67731	0.00391	1	1.45898	0.81042	0	
1255405	8467.31445	3305472736095	0.48806	0.30149	8467.22070	0.09375	11466	1	0.49561	0.28100	1	0.43174	0.36988	1	0.46367	0.32544	1	0.48255	0.53400	12.10729	1.08383	1	0.74412	0.55797	13.32915	1.07515	1	-0.00411	-0.00903	0.66925	0.00370	1	0.06338	-0.01392	0.67731	0.00407	1	1.45898	0.81042	0	
1255406	8467.32129	3305472804168	0.48657	0.30342	8467.22070	0.10059	11466	1	0.49670	0.28822	1	0.43176	0.37656	1	0.46423	0.33239	1	0.48251	0.53402	11.99726	1.07515	1	0.74447	0.55693	12.85545	1.06647	1	-0.00411	-0.00903	0.66925	0.00370	1	0.06327	-0.01387	0.67501	0.00420	1	1.45898	0.81042	0	
1255407	8467.32715	3305472870744	0.48500	0.30503	8467.22070	0.10645	11466	1	0.48293	0.30048	1	0.43687	0.36103	1	0.45990	0.33076	1	0.48255	0.53408	12.11325	1.06647	1	0.74419	0.55775	13.25900	1.06647	1	-0.00411	-0.00903	0.66925	0.00368	1	0.06327	-0.01387	0.67501	0.00395	1	1.45898	0.81042	0	
1255408	8467.33398	3305472935758	0.48468	0.30589	8467.22070	0.11328	11466	1	0.50963	0.29929	1	0.44859	0.34178	1	0.47911	0.32054	1	0.48261	0.53419	12.22426	1.06647	1	0.74435	0.55763	13.17865	1.06647	1	-0.00411	-0.00903	0.66925	0.00363	1	0.06327	-0.01387	0.67501	0.00389	1	1.45898	0.81042	0	
1255409	8467.34082	3305473004662	0.48438	0.30666	8467.22070	0.12012	11466	1	0.50963	0.29929	1	0.44859	0.34178	1	0.47911	0.32054	1	0.48295	0.53413	12.89566	1.06647	1	0.74462	0.55816	12.69869	1.06647	1	-0.00411	-0.00903	0.66925	0.00358	1	0.06327	-0.01387	0.67501	0.00414	1	1.45898	0.81042	0	
1255410	8467.34766	3305473068958	0.48432	0.30448	8467.22070	0.12695	11466	1	0.49861	0.12860	1	0.46765	0.39768	1	0.48313	0.26314	1	0.48290	0.53225	12.19792	1.06647	1	0.74464	0.55806	12.59914	1.06647	1	-0.00411	-0.00903	0.66925	0.00249	1	0.06327	-0.01387	0.67501	0.00418	1	1.45898	0.81042	0	
1255411	8467.35352	3305473134929	0.48448	0.30643	8467.22070	0.13281	11466	1	0.50973	0.29951	1	0.46560	0.39126	1	0.48767	0.34538	1	0.48296	0.53413	11.46557	1.06647	1	0.74462	0.55805	12.53481	1.06647	1	-0.00411	-0.00903	0.66925	0.00372	1	0.06327	-0.01387	0.67501	0.00418	1	1.45898	0.81042	0	
1255412	8467.36133	3305473203656	0.48460	0.30800	8467.22070	0.14062	11466	1	0.50868	0.29200	1	0.46564	0.39017	1	0.48716	0.34108	1	0.48287	0.53354	11.47075	1.07555	1	0.74497	0.55786	13.11666	1.06789	1	-0.00415	-0.00946	0.70063	0.00374	1	0.06183	-0.01355	0.65917	0.00403	1	1.45898	0.81042	0	
1255413	8467.36719	3305473269095	0.48553	0.30868	8467.22070	0.14648	11466	1	0.51596	0.27860	1	0.49605	0.36841	1	0.50601	0.32351	1	0.48315	0.53410	11.72704	1.07698	1	0.74508	0.55776	13.34359	1.06932	1	-0.00415	-0.00946	0.70063	0.00380	1	0.06183	-0.01355	0.65917	0.00390	1	1.45898	0.81042	0	
1255414	8467.37402	3305473337688	0.48595	0.30552	8467.22070	0.15332	11466	1	0.50075	0.10590	1	0.49027	0.36000	1	0.49551	0.23295	1	0.48301	0.53211	12.49361	1.07841	1	0.74505	0.55772	13.44838	1.07075	1	-0.00415	-0.00946	0.70063	0.00249	1	0.06183	-0.01355	0.65917	0.00391	1	1.45898	0.81042	0	
1255415	8467.38086	3305473405196	0.48635	0.30277	8467.22070	0.16016	11466	1	0.50167	0.11354	1	0.49027	0.36000	1	0.49597	0.23677	1	0.48311	0.53206	12.39226	1.07075	1	0.74520	0.55793	13.37134	1.07075	1	-0.00399	-0.00921	0.68243	0.00250	1	0.06291	-0.01377	0.67009	0.00381	1	1.45898	0.81042	0	
1255416	8467.38770	3305473470718	0.48730	0.30234	8467.22070	0.16699	11466	1	0.51180	0.27294	1	0.51013	0.30986	1	0.51096	0.29140	1	0.48340	0.53376	12.14705	1.06166	1	0.74525	0.55750	12.97436	1.06932	1	-0.00399	-0.00921	0.68243	0.00388	1	0.06291	-0.01377	0.67009	0.00385	1	1.45898	0.81042	0	
1255417	8467.39453	3305473541346	0.48790	0.30238	8467.22070	0.17383	11466	1	0.50925	0.26227	1	0.49823	0.34476	1	0.50374	0.30351	1	0.48341	0.53375	12.25572	1.06024	1	0.74513	0.55773	13.17329	1.06789	1	-0.00399	-0.00921	0.68243	0.00383	1	0.06291	-0.01377	0.67009	0.00385	1	1.45898	0.81042	0	
1255418	8467.40137	3305473606871	0.48847	0.30246	8467.22070	0.18066	11466	1	0.50942	0.26350	1	0.49815	0.34591	1	0.50378	0.30471	1	0.48376	0.53431	13.07896	1.05881	1	0.74507	0.55767	13.38608	1.06647	1	-0.00399	-0.00921	0.68243	0.00377	1	0.06291	-0.01377	0.67009	0.00388	1	1.45898	0.81042	0	
1255419	8467.40820	3305473675506	0.48914	0.30374	8467.22070	0.18750	11466	1	0.54129	0.33663	1	0.47460	0.34221	1	0.50795	0.33942	1	0.48387	0.53424	12.73346	1.06647	1	0.74517	0.55753	13.26339	1.06647	1	-0.00399	-0.00921	0.68243	0.00398	1	0.06291	-0.01377	0.67009	0.00394	1	1.45898	0.81042	0	
1255420	8467.41504	3305473744026	0.48902	0.30474	8467.22070	0.19434	11466	1	0.53404	0.29290	1	0.43705	0.37460	1	0.48555	0.33375	1	0.48376	0.53420	12.69047	1.06647	1	0.74498	0.55789	13.35718	1.06647	1	-0.00399	-0.00921	0.68243	0.00395	1	0.06291	-0.01377	0.67009	0.00403	1	1.45898	0.81042	0	
1255421	8467.42188	3305473809659	0.48891	0.30557	8467.22070	0.20117	11466	1	0.53404	0.29290	1	0.43707	0.36790	1	0.48556	0.33040	1	0.48343	0.53435	12.58931	1.06647	1	0.74527	0.55765	13.08175	1.07515	1	-0.00399	-0.00921	0.68243	0.00372	1	0.06571	-0.01437	0.69937	0.00391	1	1.45898	0.81042	0	
1255422	8467.42773	3305473876674	0.48888	0.30529	8467.22070	0.20703	11466	1	0.50134	0.20334	1	0.47470	0.38993	1	0.48802	0.29664	1	0.48330	0.53305	12.00417	1.07515	1	0.74560	0.55820	12.72034	1.08383	1	-0.00399	-0.00921	0.68243	0.00404	1	0.06571	-0.01437	0.69937	0.00414	1	1.45898	0.81042	0	
1255423	8467.43457	3305473942763	0.48914	0.30570	8467.22070	0.21387	11466	1	0.52187	0.25574	1	0.47293	0.38190	1	0.49740	0.31882	1	0.48405	0.53339	11.80507	1.08383	1	0.74557	0.55809	12.56622	1.09251	1	-0.00399	-0.00921	0.68243	0.00391	1	0.06571	-0.01437	0.69937	0.00418	1	1.45898	0.81042	0	
1255424	8467.44141	3305474007835	0.48936	0.30576	8467.22070	0.22070	11466	1	0.52003	0.24059	1	0.47324	0.37509	1	0.49663	0.30784	1	0.48411	0.53271	11.93367	1.10160	1	0.74599	0.55793	13.14521	1.10160	1	-0.00394	-0.00946	0.70089	0.00403	1	0.06426	-0.01402	0.68228	0.00390	1	1.45898	0.81042	0	
1255425	8467.44824	3305474077021	0.48995	0.30527	8467.22070	0.22754	11466	1	0.52676	0.24412	1	0.49327	0.33284	1	0.51002	0.28848	1	0.48415	0.53361	11.85901	1.11068	1	0.74580	0.55777	13.58641	1.10200	1	-0.00394	-0.00946	0.70089	0.00406	1	0.06426	-0.01402	0.68228	0.00383	1	1.45898	0.81042	0	
1255426	8467.45508	3305474144418	0.49039	0.30573	8467.22070	0.23438	11466	1	0.51040	0.25487	1	0.50098	0.38875	1	0.50569	0.32181	1	0.48427	0.53353	12.00341	1.11109	1	0.74593	0.55818	13.27623	1.10241	1	-0.00394	-0.00946	0.70089	0.00400	1	0.06426	-0.01402	0.68228	0.00395	1	1.45898	0.81042	0	
1255427	8467.46191	3305474211545	0.49081	0.30634	8467.22070	0.24121	11466	1	0.51136	0.26211	1	0.50047	0.39517	1	0.50592	0.32864	1	0.48402	0.53182	12.31971	1.10241	1	0.74584	0.55798	13.29755	1.09372	1	-0.00378	-0.00920	0.68134	0.00255	1	0.06426	-0.01402	0.68228	0.00400	1	1.45898	0.81042	0	
1255428	8467.46875	3305474278157	0.49071	0.30736	8467.22070	0.24805	11466	1	0.51046	0.31480	1	0.46365	0.37526	1	0.48705	0.34503	1	0.48416	0.53395	12.39145	1.08464	1	0.74540	0.55805	13.52079	1.08464	1	-0.00378	-0.00920	0.68134	0.00398	1	0.06426	-0.01402	0.68228	0.00428	1	1.45898	0.81042	0	
1255429	8467.47461	3305474343968	0.49065	0.30798	8467.22070	0.25391	11466	1	0.50376	0.28887	1	0.47276	0.37417	1	0.48826	0.33152	1	0.48409	0.53359	12.02583	1.07555	1	0.74562	0.55803	13.47214	1.07555	1	-0.00378	-0.00920	0.68134	0.00402	1	0.06426	-0.01402	0.68228	0.00411	1	1.45898	0.81042	0	
1255430	8467.48145	3305474412728	0.49059	0.30883	8467.22070	0.26074	11466	1	0.50485	0.29641	1	0.47218	0.38705	1	0.48852	0.34173	1	0.48410	0.53383	12.40941	1.06647	1	0.74577	0.55795	13.40220	1.05881	1	-0.00381	-0.00923	0.68735	0.00395	1	0.06185	-0.01348	0.65619	0.00399	1	1.45898	0.81042	0	
1255431	8467.48828	3305474479362	0.49025	0.30949	8467.22070	0.26758	11466	1	0.51761	0.29065	1	0.43535	0.38165	1	0.47648	0.33615	1	0.48432	0.53355	12.48113	1.05881	1	0.74566	0.55797	13.57367	1.05115	1	-0.00381	-0.00923	0.68735	0.00392	1	0.06185	-0.01348	0.65619	0.00406	1	1.45898	0.81042	0	
1255432	8467.49512	3305474547043	0.48999	0.31020	8467.22070	0.27441	11466	1	0.51768	0.30963	1	0.44136	0.36917	1	0.47952	0.33940	1	0.48427	0.53359	12.32911	1.05115	1	0.74583	0.55773	13.56444	1.04349	1	-0.00381	-0.00923	0.68735	0.00396	1	0.06185	-0.01348	0.65619	0.00391	1	1.45898	0.81042	0	
1255433	8467.50195	3305474613211	0.48976	0.31096	8467.22070	0.28125	11466	1	0.51853	0.31598	1	0.44136	0.36917	1	0.47995	0.34258	1	0.48448	0.53170	12.61469	1.04349	1	0.74553	0.55768	13.16380	1.04349	1	-0.00380	-0.00915	0.68504	0.00258	1	0.06369	-0.01387	0.67516	0.00403	1	1.45898	0.81042	0	
1255434	8467.50879	3305474679952	0.48988	0.31246	8467.22070	0.28809	11466	1	0.55507	0.32279	1	0.43486	0.43112	1	0.49497	0.37695	1	0.48478	0.53397	13.14429	1.04349	1	0.74574	0.55837	13.51778	1.05115	1	-0.00380	-0.00915	0.68504	0.00375	1	0.06369	-0.01387	0.67516	0.00409	1	1.45898	0.81042	0	
1255435	8467.51562	3305474746739	0.48999	0.31396	8467.22070	0.29492	11466	1	0.53190	0.34704	1	0.45792	0.41340	1	0.49491	0.38022	1	0.48486	0.53400	12.97210	1.05115	1	0.74603	0.55821	12.88954	1.05881	1	-0.00380	-0.00915	0.68504	0.00384	1	0.06369	-0.01387	0.67516	0.00409	1	1.45898	0.81042	0	
1255436	8467.52148	3305474814111	0.49215	0.34247	8467.22070	0.29492	11466	0	0.53114	0.34097	1	0.45792	0.41340	1	0.49453	0.37719	1	0.48521	0.53420	12.41173	1.05881	1	0.74623	0.55798	12.46846	1.05881	1	-0.00359	-0.00912	0.68344	0.00392	1	0.06221	-0.01354	0.65901	0.00412	1	1.45898	0.81042	0	
1255437	8467.52832	3305474881181	0.50248	0.35333	8467.22070	0.29492	11466	0	0.53191	0.33236	1	0.49372	0.39601	1	0.51281	0.36418	1	0.48492	0.53407	12.05680	1.05881	1	0.74668	0.55794	12.73970	1.05115	1	-0.00359	-0.00912	0.68344	0.00380	1	0.06221	-0.01354	0.65901	0.00415	1	1.45898	0.81042	0	
1255438	8467.53516	3305474950020	0.49759	0.36203	8467.22070	0.29492	11466	0	0.52297	0.35234	1	0.45261	0.40655	1	0.48779	0.37944	1	0.48507	0.53407	12.35237	1.05115	1	0.74607	0.55813	13.07554	1.04349	1	-0.00359	-0.00912	0.68344	0.00376	1	0.06221	-0.01354	0.65901	0.00401	1	1.45898	0.81042	0	
1255439	8467.54199	3305475015329	0.49524	0.36714	8467.52148	0.02051	11467	1	0.52379	0.35837	1	0.45261	0.40655	1	0.48820	0.38246	1	0.48484	0.53419	12.26331	1.04349	1	0.74634	0.55783	13.95082	1.04349	1	-0.00359	-0.00912	0.68344	0.00376	1	0.06424	-0.01397	0.68000	0.00384	1	1.45898	0.81042	0	
1255440	8467.54883	3305475080077	0.49616	0.36282	8467.52148	0.02734	11467	1	0.51224	0.30886	1	0.48742	0.38224	1	0.49983	0.34555	1	0.48494	0.53344	12.01831	1.04349	1	0.74651	0.55800	13.73080	1.05115	1	-0.00359	-0.00912	0.68344	0.00418	1	0.06424	-0.01397	0.68000	0.00376	1	1.45898	0.81042	0	
1255441	8467.55566	3305475147728	0.49508	0.35880	8467.52148	0.03418	11467	1	0.50551	0.27210	1	0.47387	0.40523	1	0.48969	0.33867	1	0.48484	0.53323	12.11091	1.05115	1	0.74635	0.55812	13.59140	1.05881	1	-0.00359	-0.00912	0.68344	0.00413	1	0.06424	-0.01397	0.68000	0.00386	1	1.45898	0.81042	0	
1255442	8467.56152	3305475212501	0.49426	0.35504	8467.52148	0.04004	11467	1	0.50459	0.26547	1	0.47415	0.39947	1	0.48937	0.33247	1	0.48490	0.53398	12.05181	1.05881	1	0.74665	0.55769	13.33887	1.06647	1	-0.00359	-0.00912	0.68344	0.00374	1	0.06424	-0.01397	0.68000	0.00384	1	1.45898	0.81042	0	
1255443	8467.56836	3305475281178	0.49417	0.34175	8467.52148	0.04688	11467	1	0.49580	0.10776	1	0.49123	0.38982	1	0.49352	0.24879	1	0.48483	0.53162	12.49507	1.06647	1	0.74655	0.55806	13.31542	1.06647	1	-0.00359	-0.00912	0.68344	0.00245	1	0.06424	-0.01397	0.68000	0.00406	1	1.45898	0.81042	0	
1255444	8467.57520	3305475350124	0.49418	0.34078	8467.52148	0.05371	11467	1	0.49456	0.28703	1	0.49387	0.37886	1	0.49421	0.33294	1	0.48472	0.53351	11.73673	1.06647	1	0.74668	0.55785	13.32618	1.06647	1	-0.00359	-0.00912	0.68344	0.00411	1	0.06424	-0.01397	0.68000	0.00379	1	1.45898	0.81042	0	
1255445	8467.58203	3305475415730	0.49416	0.34029	8467.52148	0.06055	11467	1	0.49456	0.28703	1	0.49346	0.38478	1	0.49401	0.33590	1	0.48503	0.53347	12.07984	1.06647	1	0.74671	0.55705	13.17614	1.05881	1	-0.00359	-0.00912	0.68344	0.00381	1	0.06219	-0.01352	0.65772	0.00414	1	1.45898	0.81042	0	
1255446	8467.58887	3305475484017	0.49514	0.33968	8467.52148	0.06738	11467	1	0.51912	0.29003	1	0.49083	0.37723	1	0.50498	0.33363	1	0.48509	0.53347	12.23380	1.05881	1	0.74665	0.55766	13.42389	1.05115	1	-0.00359	-0.00912	0.68344	0.00378	1	0.06219	-0.01352	0.65772	0.00383	1	1.45898	0.81042	0	
1255447	8467.59570	3305475550795	0.49422	0.34165	8467.52148	0.07422	11467	1	0.50251	0.34614	1	0.46561	0.38039	1	0.48406	0.36326	1	0.48491	0.53362	11.93681	1.05115	1	0.74661	0.55773	13.43122	1.04349	1	-0.00359	-0.00912	0.68344	0.00383	1	0.06219	-0.01352	0.65772	0.00392	1	1.45898	0.81042	0	
1255448	8467.60254	3305475618895	0.49347	0.34354	8467.52148	0.08105	11467	1	0.50346	0.35222	1	0.46561	0.38039	1	0.48454	0.36631	1	0.48495	0.53341	11.91551	1.04349	1	0.74659	0.55745	13.11819	1.04349	1	-0.00353	-0.00892	0.67176	0.00394	1	0.06424	-0.01397	0.68000	0.00402	1	1.45898	0.81042	0	
1255449	8467.60938	3305475684056	0.49261	0.34385	8467.52148	0.08789	11467	1	0.51662	0.34091	1	0.44603	0.35472	1	0.48133	0.34781	1	0.48500	0.53359	12.11080	1.04349	1	0.74657	0.55764	13.13268	1.05115	1	-0.00353	-0.00892	0.67176	0.00387	1	0.06424	-0.01397	0.68000	0.00398	1	1.45898	0.81042	0	
1255450	8467.61523	3305475751721	0.49210	0.34213	8467.52148	0.09375	11467	1	0.51432	0.30990	1	0.45578	0.32630	1	0.48505	0.31810	1	0.48496	0.53336	11.87788	1.05115	1	0.74673	0.55726	12.83338	1.05881	1	-0.00353	-0.00892	0.67176	0.00392	1	0.06424	-0.01397	0.68000	0.00403	1	1.45898	0.81042	0	
1255451	8467.62207	3305475817548	0.49166	0.34085	8467.52148	0.10059	11467	1	0.51436	0.31020	1	0.45562	0.33292	1	0.48499	0.32156	1	0.48506	0.53144	12.44551	1.05079	1	0.74673	0.55729	12.88735	1.05079	1	-0.00343	-0.00880	0.66271	0.00247	1	0.06219	-0.01352	0.65772	0.00402	1	1.45898	0.81042	0	
1255452	8467.62891	3305475886338	0.49127	0.34112	8467.52148	0.10742	11467	1	0.51937	0.33093	1	0.45074	0.35996	1	0.48506	0.34545	1	0.48501	0.53338	11.69651	1.04278	1	0.74666	0.55736	12.82846	1.03512	1	-0.00343	-0.00880	0.66271	0.00385	1	0.06219	-0.01352	0.65772	0.00402	1	1.45898	0.81042	0	
1255453	8467.63574	3305475953572	0.49078	0.34173	8467.52148	0.11426	11467	1	0.51404	0.35386	1	0.45091	0.35046	1	0.48247	0.35216	1	0.48528	0.53345	11.29183	1.02710	1	0.74668	0.55723	12.81888	1.01944	1	-0.00343	-0.00880	0.66271	0.00382	1	0.06219	-0.01352	0.65772	0.00400	1	1.45898	0.81042	0	
1255454	8467.64258	3305476020190	0.49039	0.34279	8467.52148	0.12109	11467	1	0.51587	0.36648	1	0.45079	0.35713	1	0.48333	0.36181	1	0.48539	0.53334	11.12804	1.01142	1	0.74667	0.55712	12.75152	1.01142	1	-0.00343	-0.00880	0.66271	0.00393	1	0.06649	-0.01444	0.70259	0.00398	1	1.45898	0.81042	0	
1255455	8467.64941	3305476086604	0.48994	0.34359	8467.52148	0.12793	11467	1	0.51653	0.34022	1	0.44611	0.37761	1	0.48132	0.35892	1	0.48503	0.53314	12.01908	1.01142	1	0.74659	0.55747	13.06706	1.01908	1	-0.00343	-0.00880	0.66271	0.00365	1	0.06649	-0.01444	0.70259	0.00406	1	1.45898	0.81042	0	
1255456	8467.65625	3305476153799	0.49004	0.34406	8467.52148	0.13477	11467	1	0.53352	0.35443	1	0.45090	0.35248	1	0.49221	0.35346	1	0.48557	0.53340	11.78396	1.01908	1	0.74674	0.55751	12.91182	1.02674	1	-0.00343	-0.00880	0.66271	0.00378	1	0.06649	-0.01444	0.70259	0.00401	1	1.45898	0.81042	0	
1255457	8467.66211	3305476220492	0.49011	0.34391	8467.52148	0.14062	11467	1	0.53193	0.34174	1	0.45114	0.33955	1	0.49154	0.34065	1	0.48531	0.53309	11.69222	1.03476	1	0.74674	0.55751	12.61180	1.04242	1	-0.00353	-0.00892	0.67176	0.00366	1	0.06649	-0.01444	0.70259	0.00416	1	1.45898	0.81042	0	
1255458	8467.66895	3305476288052	0.48989	0.34258	8467.52148	0.14746	11467	1	0.51946	0.26960	1	0.45066	0.35720	1	0.48506	0.31340	1	0.48513	0.53292	12.41707	1.05043	1	0.74675	0.55763	12.91693	1.05043	1	-0.00353	-0.00892	0.67176	0.00365	1	0.06649	-0.01444	0.70259	0.00413	1	1.45898	0.81042	0	
1255459	8467.67578	3305476355031	0.48916	0.33801	8467.52148	0.15430	11467	1	0.47842	0.12760	1	0.46606	0.33816	1	0.47224	0.23288	1	0.48507	0.53122	12.19792	1.05845	1	0.74698	0.55747	12.03518	1.05845	1	-0.00353	-0.00892	0.67176	0.00249	1	0.06649	-0.01444	0.70259	0.00423	1	1.45898	0.81042	0	
1255460	8467.68262	3305476421679	0.48846	0.33364	8467.52148	0.16113	11467	1	0.47729	0.11960	1	0.46607	0.33787	1	0.47168	0.22874	1	0.48505	0.53130	12.07512	1.06647	1	0.74695	0.55765	12.09738	1.05881	1	-0.00353	-0.00892	0.67176	0.00252	1	0.06223	-0.01350	0.65710	0.00408	1	1.45898	0.81042	0	
1255461	8467.68945	3305476489706	0.48786	0.33152	8467.52148	0.16797	11467	1	0.49450	0.15471	1	0.45130	0.40225	1	0.47290	0.27848	1	0.48518	0.53140	11.80537	1.05881	1	0.74679	0.55814	12.97744	1.05115	1	-0.00353	-0.00892	0.67176	0.00261	1	0.06223	-0.01350	0.65710	0.00411	1	1.45898	0.81042	0	
1255462	8467.69629	3305476560554	0.48750	0.32923	8467.52148	0.17480	11467	1	0.49488	0.14979	1	0.46122	0.38989	1	0.47805	0.26984	1	0.48517	0.53131	11.79728	1.05115	1	0.74689	0.55777	12.33435	1.04349	1	-0.00353	-0.00892	0.67176	0.00247	1	0.06223	-0.01350	0.65710	0.00415	1	1.45898	0.81042	0	
1255463	8467.70312	3305476621669	0.48719	0.32750	8467.52148	0.18164	11467	1	0.49690	0.16519	1	0.46102	0.39612	1	0.47896	0.28066	1	0.48539	0.53372	12.36564	1.03547	1	0.74691	0.55761	12.59900	1.03547	1	-0.00343	-0.00885	0.66271	0.00377	1	0.06435	-0.01395	0.67891	0.00398	1	1.45898	0.81042	0	
1255464	8467.70898	3305476689607	0.48700	0.32671	8467.52148	0.18750	11467	1	0.49552	0.19346	1	0.46784	0.41571	1	0.48168	0.30458	1	0.48517	0.53162	12.37699	1.02746	1	0.74700	0.55797	12.67233	1.03512	1	-0.00343	-0.00885	0.66271	0.00253	1	0.06435	-0.01395	0.67891	0.00397	1	1.45898	0.81042	0	
1255465	8467.71582	3305476756548	0.48236	0.30048	8467.52148	0.18750	11467	0	0.52002	0.15815	1	0.47872	0.40666	1	0.49937	0.28241	1	0.48513	0.53154	12.17653	1.02710	1	0.74721	0.55819	12.56094	1.03476	1	-0.00343	-0.00885	0.66271	0.00257	1	0.06435	-0.01395	0.67891	0.00398	1	1.45898	0.81042	0	
1255466	8467.72266	3305476823688	0.49082	0.28640	8467.52148	0.18750	11467	0	0.51917	0.15053	1	0.47940	0.39411	1	0.49928	0.27232	1	0.48551	0.53384	12.25348	1.03476	1	0.74716	0.55842	13.51873	1.05110	1	-0.00348	-0.00910	0.68202	0.00378	1	0.06580	-0.01428	0.69479	0.00407	1	1.45898	0.81042	0	
1255467	8467.72949	3305476886770	0.49951	0.32290	8467.52148	0.18750	11467	0	0.53973	0.35679	1	0.49406	0.43500	1	0.51690	0.39589	1	0.48582	0.53440	12.20603	1.05912	1	0.74754	0.55851	13.07085	1.06780	1	-0.00348	-0.00910	0.68202	0.00385	1	0.06580	-0.01428	0.69479	0.00410	1	1.45898	0.81042	0	
1255468	8467.73633	3305476955875	0.50286	0.32859	8467.71582	0.02051	11468	1	0.55125	0.30918	1	0.47456	0.38216	1	0.51291	0.34567	1	0.48571	0.53403	11.92155	1.07581	1	0.74714	0.55821	12.57790	1.08449	1	-0.00348	-0.00910	0.68202	0.00376	1	0.06580	-0.01428	0.69479	0.00399	1	1.45898	0.81042	0	
1255469	8467.74219	3305477020159	0.50480	0.32940	8467.71582	0.02637	11468	1	0.54989	0.29568	1	0.47516	0.36955	1	0.51253	0.33262	1	0.48520	0.53173	12.39587	1.09251	1	0.74679	0.55771	12.39453	1.10119	1	-0.00359	-0.00912	0.68344	0.00250	1	0.06580	-0.01428	0.69479	0.00399	1	1.45898	0.81042	0	
1255470	8467.74902	3305477086942	0.50168	0.31255	8467.71582	0.03320	11468	1	0.51065	0.07785	1	0.46155	0.37875	1	0.48610	0.22830	1	0.48519	0.53169	12.28987	1.10119	1	0.74695	0.55830	12.59942	1.10119	1	-0.00359	-0.00912	0.68344	0.00250	1	0.06580	-0.01428	0.69479	0.00417	1	1.45898	0.81042	0	
1255471	8467.75586	3305477155655	0.49915	0.30035	8467.71582	0.04004	11468	1	0.50589	0.09437	1	0.46205	0.35998	1	0.48397	0.22718	1	0.48505	0.53165	12.33167	1.10119	1	0.74696	0.55807	12.60006	1.10119	1	-0.00359	-0.00912	0.68344	0.00255	1	0.06580	-0.01428	0.69479	0.00400	1	1.45898	0.81042	0	
1255472	8467.76270	3305477223151	0.49724	0.29162	8467.71582	0.04688	11468	1	0.50589	0.09437	1	0.46184	0.36661	1	0.48386	0.23049	1	0.48537	0.53387	12.66003	1.10119	1	0.74689	0.55803	13.02781	1.09251	1	-0.00359	-0.00912	0.68344	0.00374	1	0.06649	-0.01444	0.70259	0.00399	1	1.45898	0.81042	0	
1255473	8467.76953	3305477289174	0.49571	0.29605	8467.71582	0.05371	11468	1	0.51931	0.33715	1	0.44761	0.32589	1	0.48346	0.33152	1	0.48513	0.53426	12.46486	1.09251	1	0.74667	0.55745	12.97503	1.08383	1	-0.00359	-0.00912	0.68344	0.00373	1	0.06649	-0.01444	0.70259	0.00439	1	1.45898	0.81042	0	
1255474	8467.77637	3305477355341	0.49437	0.28929	8467.71582	0.06055	11468	1	0.51096	0.09782	1	0.45370	0.35893	1	0.48233	0.22838	1	0.48514	0.53178	12.53224	1.08383	1	0.74684	0.55781	12.99491	1.07515	1	-0.00359	-0.00912	0.68344	0.00252	1	0.06649	-0.01444	0.70259	0.00403	1	1.45898	0.81042	0	
1255475	8467.78223	3305477422275	0.49331	0.28445	8467.71582	0.06641	11468	1	0.51193	0.10650	1	0.45355	0.36572	1	0.48274	0.23611	1	0.48503	0.53174	12.30875	1.07515	1	0.74660	0.55796	13.35887	1.06647	1	-0.00353	-0.00902	0.67175	0.00255	1	0.06649	-0.01444	0.70259	0.00403	1	1.45898	0.81042	0	
1255476	8467.79004	3305477491434	0.49164	0.28220	8467.71582	0.07422	11468	1	0.50424	0.12516	1	0.44226	0.38975	1	0.47325	0.25745	1	0.48498	0.53169	12.22382	1.06647	1	0.74662	0.55816	13.40024	1.06647	1	-0.00353	-0.00902	0.67175	0.00246	1	0.06649	-0.01444	0.70259	0.00404	1	1.45898	0.81042	0	
1255477	8467.79590	3305477558313	0.49136	0.28718	8467.71582	0.08008	11468	1	0.52676	0.31134	1	0.44910	0.38247	1	0.48793	0.34691	1	0.48514	0.53400	12.26996	1.06647	1	0.74671	0.55792	13.13882	1.06647	1	-0.00353	-0.00902	0.67175	0.00382	1	0.06649	-0.01444	0.70259	0.00404	1	1.45898	0.81042	0	
1255478	8467.80273	3305477624606	0.49111	0.29144	8467.71582	0.08691	11468	1	0.52676	0.31134	1	0.44910	0.38247	1	0.48793	0.34691	1	0.48529	0.53399	12.48183	1.06647	1	0.74691	0.55696	12.46916	1.06647	1	-0.00353	-0.00902	0.67175	0.00382	1	0.06649	-0.01444	0.70259	0.00457	1	1.45898	0.81042	0	
1255479	8467.80957	3305477694261	0.49045	0.28794	8467.71582	0.09375	11468	1	0.51030	0.13501	1	0.45213	0.34278	1	0.48121	0.23890	1	0.48506	0.53180	12.24653	1.06647	1	0.74671	0.55745	12.59737	1.06647	1	-0.00353	-0.00902	0.67175	0.00254	1	0.06649	-0.01444	0.70259	0.00435	1	1.45898	0.81042	0	
1255480	8467.81641	3305477762423	0.48973	0.28301	8467.71582	0.10059	11468	1	0.50392	0.08476	1	0.45381	0.33328	1	0.47887	0.20902	1	0.48498	0.53167	12.33554	1.06647	1	0.74680	0.55757	13.03214	1.06647	1	-0.00353	-0.00902	0.67175	0.00251	1	0.06649	-0.01444	0.70259	0.00382	1	1.45898	0.81042	0	
1255481	8467.82324	3305477828587	0.48908	0.27884	8467.71582	0.10742	11468	1	0.50392	0.08476	1	0.45367	0.33950	1	0.47880	0.21213	1	0.48500	0.53178	12.23139	1.06647	1	0.74661	0.55759	13.07666	1.05881	1	-0.00353	-0.00902	0.67175	0.00252	1	0.06219	-0.01352	0.65772	0.00395	1	1.45898	0.81042	0	
1255482	8467.83008	3305477893187	0.48885	0.27638	8467.71582	0.11426	11468	1	0.50412	0.10670	1	0.46578	0.36235	1	0.48495	0.23452	1	0.48500	0.53178	12.23139	1.05881	1	0.74659	0.55758	13.20721	1.05115	1	-0.00353	-0.00902	0.67175	0.00252	1	0.06219	-0.01352	0.65772	0.00388	1	1.45898	0.81042	0	
1255483	8467.83691	3305477962420	0.48777	0.27526	8467.71582	0.12109	11468	1	0.50108	0.13057	1	0.43536	0.37974	1	0.46822	0.25515	1	0.48495	0.53158	12.49958	1.05115	1	0.74654	0.55766	13.26210	1.04349	1	-0.00353	-0.00902	0.67175	0.00244	1	0.06219	-0.01352	0.65772	0.00386	1	1.45898	0.81042	0	
1255484	8467.84375	3305478029307	0.48681	0.27460	8467.71582	0.12793	11468	1	0.50202	0.13823	1	0.43535	0.38575	1	0.46869	0.26199	1	0.48496	0.53170	12.41954	1.04349	1	0.74639	0.55799	13.31765	1.03583	1	-0.00359	-0.00912	0.68344	0.00244	1	0.06219	-0.01352	0.65772	0.00406	1	1.45898	0.81042	0	
1255485	8467.84961	3305478096044	0.48612	0.27463	8467.71582	0.13379	11468	1	0.50135	0.16145	1	0.44314	0.38916	1	0.47224	0.27530	1	0.48490	0.53172	12.32507	1.03583	1	0.74666	0.55782	13.35773	1.03583	1	-0.00359	-0.00912	0.68344	0.00247	1	0.06219	-0.01352	0.65772	0.00389	1	1.45898	0.81042	0	
1255486	8467.85645	3305478162501	0.48560	0.27371	8467.71582	0.14062	11468	1	0.50307	0.15825	1	0.44625	0.35034	1	0.47466	0.25430	1	0.48490	0.53172	12.32507	1.03583	1	0.74667	0.55752	12.95301	1.03583	1	-0.00359	-0.00912	0.68344	0.00247	1	0.06219	-0.01352	0.65772	0.00387	1	1.45898	0.81042	0	
1255487	8467.86328	3305478230546	0.48513	0.27273	8467.71582	0.14746	11468	1	0.50307	0.15825	1	0.44634	0.34406	1	0.47470	0.25116	1	0.48497	0.53156	11.93019	1.03583	1	0.74689	0.55768	12.81735	1.04349	1	-0.00359	-0.00912	0.68344	0.00253	1	0.06649	-0.01444	0.70259	0.00388	1	1.45898	0.81042	0	
1255488	8467.87012	3305478297350	0.48542	0.27575	8467.71582	0.15430	11468	1	0.52233	0.31769	1	0.46213	0.37283	1	0.49223	0.34526	1	0.48506	0.53367	12.42687	1.04349	1	0.74690	0.55769	12.88747	1.05115	1	-0.00359	-0.00912	0.68344	0.00374	1	0.06649	-0.01444	0.70259	0.00398	1	1.45898	0.81042	0	
1255489	8467.87695	3305478362446	0.48530	0.27450	8467.71582	0.16113	11468	1	0.49688	0.14237	1	0.46793	0.34656	1	0.48241	0.24446	1	0.48497	0.53169	11.97542	1.05115	1	0.74698	0.55751	12.55699	1.05881	1	-0.00359	-0.00912	0.68344	0.00254	1	0.06649	-0.01444	0.70259	0.00396	1	1.45898	0.81042	0	
1255490	8467.88379	3305478430556	0.48518	0.27308	8467.71582	0.16797	11468	1	0.49591	0.13479	1	0.46816	0.34038	1	0.48204	0.23759	1	0.48498	0.53159	11.98089	1.05881	1	0.74695	0.55720	12.26256	1.06647	1	-0.00353	-0.00892	0.67176	0.00245	1	0.06649	-0.01444	0.70259	0.00408	1	1.45898	0.81042	0	
1255491	8467.89062	3305478496641	0.48574	0.27574	8467.71582	0.17480	11468	1	0.54445	0.33830	1	0.45625	0.35149	1	0.50035	0.34490	1	0.48543	0.53367	11.88816	1.06647	1	0.74684	0.55732	12.70747	1.06647	1	-0.00353	-0.00892	0.67176	0.00367	1	0.06649	-0.01444	0.70259	0.00400	1	1.45898	0.81042	0	
1255492	8467.89648	3305478562501	0.48568	0.27668	8467.71582	0.18066	11468	1	0.51330	0.30271	1	0.45492	0.30180	1	0.48411	0.30226	1	0.48499	0.53326	11.55820	1.06647	1	0.74675	0.55720	12.80273	1.06647	1	-0.00353	-0.00892	0.67176	0.00380	1	0.06649	-0.01444	0.70259	0.00399	1	1.45898	0.81042	0	
1255493	8467.90332	3305478632266	0.48564	0.27791	8467.71582	0.18750	11468	1	0.51420	0.30931	1	0.45462	0.31500	1	0.48441	0.31216	1	0.48533	0.53150	12.29104	1.05845	1	0.74701	0.55746	12.41923	1.05079	1	-0.00343	-0.00880	0.66271	0.00251	1	0.06219	-0.01352	0.65772	0.00394	1	1.45898	0.81042	0	
1255494	8467.91016	3305478699218	0.48557	0.28030	8467.71582	0.19434	11468	1	0.49355	0.34479	1	0.47356	0.35437	1	0.48355	0.34958	1	0.48499	0.53330	11.73446	1.04278	1	0.74711	0.55733	12.28354	1.03512	1	-0.00343	-0.00880	0.66271	0.00362	1	0.06219	-0.01352	0.65772	0.00397	1	1.45898	0.81042	0	
1255495	8467.91699	3305478765333	0.48497	0.28025	8467.71582	0.20117	11468	1	0.49689	0.16438	1	0.43709	0.39345	1	0.46699	0.27891	1	0.48521	0.53136	12.05963	1.02710	1	0.74650	0.55764	13.14193	1.01944	1	-0.00343	-0.00880	0.66271	0.00254	1	0.06219	-0.01352	0.65772	0.00406	1	1.45898	0.81042	0	
1255496	8467.92383	3305478833025	0.48442	0.28022	8467.71582	0.20801	11468	1	0.49788	0.17197	1	0.43711	0.38659	1	0.46749	0.27928	1	0.48533	0.53123	12.16764	1.01944	1	0.74713	0.55713	12.37346	1.02812	1	-0.00348	-0.00900	0.68202	0.00253	1	0.06580	-0.01428	0.69479	0.00406	1	1.45898	0.81042	0	
1255497	8467.93066	3305478899839	0.48419	0.28303	8467.71582	0.21484	11468	1	0.50432	0.36195	1	0.44946	0.38376	1	0.47689	0.37285	1	0.48520	0.53338	11.43015	1.03614	1	0.74666	0.55778	12.95718	1.05248	1	-0.00348	-0.00900	0.68202	0.00379	1	0.06580	-0.01428	0.69479	0.00405	1	1.45898	0.81042	0	
1255498	8467.93750	3305478966815	0.48427	0.28275	8467.71582	0.22168	11468	1	0.49757	0.27065	1	0.47626	0.27623	1	0.48692	0.27344	1	0.48519	0.53288	11.19128	1.06049	1	0.74713	0.55690	12.22752	1.07683	1	-0.00348	-0.00900	0.68202	0.00379	1	0.06580	-0.01428	0.69479	0.00421	1	1.45898	0.81042	0	
1255499	8467.94434	3305479034240	0.48430	0.28177	8467.71582	0.22852	11468	1	0.49337	0.24191	1	0.47719	0.25495	1	0.48528	0.24843	1	0.48529	0.53104	12.17117	1.09394	1	0.74732	0.55697	12.68727	1.10160	1	-0.00357	-0.00937	0.71010	0.00242	1	0.06435	-0.01395	0.67891	0.00416	1	1.45898	0.81042	0	
1255500	8467.95020	3305479100746	0.48484	0.28023	8467.71582	0.23438	11468	1	0.51175	0.16936	1	0.49553	0.28360	1	0.50364	0.22648	1	0.48550	0.53226	11.75285	1.11068	1	0.74742	0.55723	12.88710	1.10200	1	-0.00357	-0.00937	0.71010	0.00394	1	0.06435	-0.01395	0.67891	0.00402	1	1.45898	0.81042	0	
1255501	8467.95703	3305479167202	0.48476	0.27737	8467.71582	0.24121	11468	1	0.49684	0.07486	1	0.46723	0.27428	1	0.48203	0.17457	1	0.48531	0.53104	12.26584	1.11109	1	0.74699	0.55712	12.57407	1.10241	1	-0.00357	-0.00937	0.71010	0.00244	1	0.06435	-0.01395	0.67891	0.00415	1	1.45898	0.81042	0	
1255502	8467.96387	3305479235236	0.48469	0.27466	8467.71582	0.24805	11468	1	0.49679	0.07446	1	0.46724	0.27394	1	0.48202	0.17420	1	0.48540	0.53111	11.97395	1.11149	1	0.74696	0.55760	12.31611	1.10281	1	-0.00357	-0.00937	0.71010	0.00246	1	0.06435	-0.01395	0.67891	0.00398	1	1.45898	0.81042	0	
1255503	8467.97070	3305479299373	0.48479	0.27210	8467.71582	0.25488	11468	1	0.50096	0.08150	1	0.47609	0.26810	1	0.48853	0.17480	1	0.48539	0.53110	12.06446	1.10281	1	0.74706	0.55699	12.24059	1.10281	1	-0.00357	-0.00937	0.71010	0.00251	1	0.06435	-0.01395	0.67891	0.00417	1	1.45898	0.81042	0	
1255504	8467.97754	3305479366548	0.48459	0.26978	8467.71582	0.26172	11468	1	0.47343	0.07702	1	0.48046	0.28162	1	0.47694	0.17932	1	0.48534	0.53111	12.04558	1.10281	1	0.74715	0.55705	12.17812	1.10281	1	-0.00357	-0.00937	0.71010	0.00242	1	0.06435	-0.01395	0.67891	0.00418	1	1.45898	0.81042	0	
1255505	8467.98438	3305479436023	0.48442	0.26778	8467.71582	0.26855	11468	1	0.47468	0.08615	1	0.48010	0.28920	1	0.47739	0.18767	1	0.48544	0.53114	12.17097	1.09372	1	0.74718	0.55727	12.94911	1.09372	1	-0.00339	-0.00905	0.68566	0.00243	1	0.06435	-0.01395	0.67891	0.00406	1	1.45898	0.81042	0	
1255506	8467.99121	3305479504296	0.48305	0.23728	8467.71582	0.26855	11468	0	0.51832	0.26365	1	0.48668	0.29122	1	0.50250	0.27743	1	0.48593	0.53303	11.99456	1.08464	1	0.74727	0.55712	13.08509	1.08464	1	-0.00339	-0.00905	0.68566	0.00391	1	0.06435	-0.01395	0.67891	0.00409	1	1.45898	0.81042	0	
1255507	8467.99707	3305479570558	0.48835	0.22117	8467.71582	0.26855	11468	0	0.49162	0.09830	1	0.49569	0.31183	1	0.49365	0.20507	1	0.48549	0.53100	12.11531	1.07555	1	0.74744	0.55731	12.85425	1.07555	1	-0.00339	-0.00905	0.68566	0.00243	1	0.06435	-0.01395	0.67891	0.00403	1	1.45898	0.81042	0	
1255508	8468.00391	3305479637754	0.49023	0.21859	8467.71582	0.26855	11468	0	0.49278	0.10746	1	0.49519	0.31936	1	0.49398	0.21341	1	0.48560	0.53096	12.12167	1.06647	1	0.74737	0.55721	12.64291	1.06647	1	-0.00339	-0.00905	0.68566	0.00241	1	0.06435	-0.01395	0.67891	0.00405	1	1.45898	0.81042	0	
1255509	8468.01074	3305479703935	0.48996	0.21917	8467.99121	0.01953	11469	1	0.49686	0.10304	1	0.48142	0.33880	1	0.48914	0.22092	1	0.48564	0.53088	12.38229	1.06647	1	0.74717	0.55744	12.95819	1.06647	1	-0.00339	-0.00905	0.68566	0.00242	1	0.06435	-0.01395	0.67891	0.00409	1	1.45898	0.81042	0	
1255510	8468.01758	3305479767890	0.48804	0.23096	8467.99121	0.02637	11469	1	0.50819	0.25077	1	0.45257	0.30546	1	0.48038	0.27812	1	0.48576	0.53270	12.05126	1.06647	1	0.74749	0.55734	12.60532	1.06647	1	-0.00339	-0.00905	0.68566	0.00395	1	0.06435	-0.01395	0.67891	0.00403	1	1.45898	0.81042	0	
1255511	8468.02441	3305479837793	0.48676	0.23882	8467.99121	0.03320	11469	1	0.50819	0.25077	1	0.45257	0.30546	1	0.48038	0.27812	1	0.48570	0.53300	12.43799	1.06647	1	0.74733	0.55752	13.05069	1.06647	1	-0.00339	-0.00905	0.68566	0.00385	1	0.06421	-0.01390	0.67644	0.00398	1	1.45898	0.81042	0	
1255512	8468.03125	3305479904459	0.48582	0.23678	8467.99121	0.04004	11469	1	0.51549	0.11328	1	0.44487	0.33586	1	0.48018	0.22457	1	0.48599	0.53104	12.11771	1.06647	1	0.74733	0.55752	13.11168	1.06647	1	-0.00339	-0.00905	0.68566	0.00253	1	0.06421	-0.01390	0.67644	0.00401	1	1.45898	0.81042	0	
1255513	8468.03809	3305479971901	0.48443	0.23570	8467.99121	0.04688	11469	1	0.49553	0.14197	1	0.45378	0.31421	1	0.47465	0.22809	1	0.48596	0.53094	11.92548	1.06647	1	0.74755	0.55746	12.76892	1.06647	1	-0.00339	-0.00905	0.68566	0.00252	1	0.06421	-0.01390	0.67644	0.00401	1	1.45898	0.81042	0	
1255514	8468.04395	3305480039274	0.48328	0.23429	8467.99121	0.05273	11469	1	0.49438	0.13310	1	0.45380	0.31302	1	0.47409	0.22306	1	0.48587	0.53080	12.29320	1.07555	1	0.74783	0.55773	12.74542	1.06789	1	-0.00330	-0.00922	0.69851	0.00250	1	0.06204	-0.01342	0.65310	0.00397	1	1.45898	0.81042	0	
1255515	8468.05078	3305480105113	0.48266	0.23286	8467.99121	0.05957	11469	1	0.49433	0.08142	1	0.45985	0.35854	1	0.47709	0.21998	1	0.48604	0.53081	12.51427	1.07698	1	0.74767	0.55775	13.09255	1.06932	1	-0.00330	-0.00922	0.69851	0.00249	1	0.06204	-0.01342	0.65310	0.00391	1	1.45898	0.81042	0	
1255516	8468.05762	3305480172900	0.48175	0.23326	8467.99121	0.06641	11469	1	0.47815	0.11999	1	0.46708	0.35440	1	0.47261	0.23720	1	0.48606	0.53092	12.23100	1.07841	1	0.74778	0.55762	12.52204	1.07075	1	-0.00330	-0.00922	0.69851	0.00246	1	0.06204	-0.01342	0.65310	0.00398	1	1.45898	0.81042	0	
1255517	8468.06445	3305480239805	0.48103	0.23390	8467.99121	0.07324	11469	1	0.47920	0.12755	1	0.46708	0.35440	1	0.47314	0.24097	1	0.48619	0.53094	12.14541	1.07075	1	0.74814	0.55752	13.40009	1.07075	1	-0.00315	-0.00894	0.67757	0.00247	1	0.06380	-0.01379	0.67107	0.00389	1	1.45898	0.81042	0	
1255518	8468.07129	3305480306586	0.48191	0.23483	8467.99121	0.08008	11469	1	0.49114	0.14835	1	0.49385	0.34357	1	0.49249	0.24596	1	0.48625	0.53099	12.21537	1.06166	1	0.74822	0.55757	13.13960	1.06932	1	-0.00315	-0.00894	0.67757	0.00249	1	0.06380	-0.01379	0.67107	0.00393	1	1.45898	0.81042	0	
1255519	8468.07812	3305480373815	0.48294	0.23550	8467.99121	0.08691	11469	1	0.49817	0.14293	1	0.49448	0.34561	1	0.49633	0.24427	1	0.48639	0.53068	12.50432	1.06024	1	0.74824	0.55765	13.15113	1.06789	1	-0.00315	-0.00894	0.67757	0.00245	1	0.06380	-0.01379	0.67107	0.00385	1	1.45898	0.81042	0	
1255520	8468.08496	3305480440579	0.48386	0.23665	8467.99121	0.09375	11469	1	0.49935	0.15219	1	0.49397	0.35319	1	0.49666	0.25269	1	0.48655	0.53074	12.36366	1.05079	1	0.74829	0.55759	12.89958	1.05845	1	-0.00296	-0.00849	0.64668	0.00244	1	0.06556	-0.01415	0.68848	0.00393	1	1.45898	0.81042	0	
1255521	8468.09082	3305480506423	0.48361	0.23683	8467.99121	0.09961	11469	1	0.51506	0.14994	1	0.44478	0.32927	1	0.47992	0.23960	1	0.48665	0.53078	12.12571	1.05043	1	0.74822	0.55751	12.81476	1.05043	1	-0.00296	-0.00849	0.64668	0.00253	1	0.06556	-0.01415	0.68848	0.00399	1	1.45898	0.81042	0	
1255522	8468.09766	3305480574869	0.48337	0.23783	8467.99121	0.10645	11469	1	0.51415	0.16283	1	0.44496	0.34471	1	0.47956	0.25377	1	0.48669	0.53088	12.38562	1.04242	1	0.74820	0.55737	12.93136	1.04242	1	-0.00296	-0.00849	0.64668	0.00253	1	0.06556	-0.01415	0.68848	0.00395	1	1.45898	0.81042	0	
1255523	8468.10449	3305480639989	0.48318	0.23929	8467.99121	0.11328	11469	1	0.51507	0.17066	1	0.44480	0.35756	1	0.47994	0.26411	1	0.48721	0.53302	12.28870	1.03440	1	0.74850	0.55721	12.48322	1.02674	1	-0.00300	-0.00855	0.65545	0.00400	1	0.06371	-0.01374	0.66849	0.00398	1	1.45898	0.81042	0	
1255524	8468.11133	3305480708323	0.48283	0.24247	8467.99121	0.12012	11469	1	0.50249	0.17798	1	0.45070	0.42148	1	0.47660	0.29973	1	0.48681	0.53091	12.01856	1.02674	1	0.74831	0.55802	13.32487	1.01908	1	-0.00300	-0.00855	0.65545	0.00245	1	0.06371	-0.01374	0.66849	0.00391	1	1.45898	0.81042	0	
1255525	8468.11816	3305480775717	0.48429	0.24661	8467.99121	0.12695	11469	1	0.54184	0.32739	1	0.48223	0.32298	1	0.51204	0.32519	1	0.48734	0.53261	11.89872	1.01908	1	0.74880	0.55682	12.05731	1.01142	1	-0.00300	-0.00855	0.65545	0.00422	1	0.06371	-0.01374	0.66849	0.00445	1	1.45898	0.81042	0	
1255526	8468.12500	3305480842181	0.48562	0.25017	8467.99121	0.13379	11469	1	0.54180	0.32709	1	0.48260	0.31602	1	0.51220	0.32155	1	0.48701	0.53082	12.02496	1.01944	1	0.74877	0.55731	11.95932	1.01944	1	-0.00291	-0.00877	0.66839	0.00242	1	0.06475	-0.01395	0.67884	0.00431	1	1.45898	0.81042	0	
1255527	8468.13184	3305480909289	0.48576	0.25219	8467.99121	0.14062	11469	1	0.49472	0.17038	1	0.48254	0.41871	1	0.48863	0.29454	1	0.48704	0.53076	12.28281	1.02746	1	0.74886	0.55824	13.06286	1.03512	1	-0.00291	-0.00877	0.66839	0.00241	1	0.06475	-0.01395	0.67884	0.00399	1	1.45898	0.81042	0	
1255528	8468.13770	3305480974467	0.48538	0.25366	8467.99121	0.14648	11469	1	0.48716	0.14288	1	0.46706	0.42923	1	0.47711	0.28606	1	0.48703	0.53070	11.68151	1.04313	1	0.74860	0.55844	13.68108	1.05079	1	-0.00291	-0.00877	0.66839	0.00242	1	0.06475	-0.01395	0.67884	0.00408	1	1.45898	0.81042	0	
1255529	8468.14453	3305481041711	0.48500	0.25445	8467.99121	0.15332	11469	1	0.48504	0.12725	1	0.46753	0.41772	1	0.47629	0.27248	1	0.48732	0.53072	12.08872	1.05881	1	0.74866	0.55815	13.22471	1.06647	1	-0.00291	-0.00882	0.66839	0.00247	1	0.06475	-0.01395	0.67884	0.00412	1	1.45898	0.81042	0	
1255530	8468.15137	3305481105864	0.48547	0.25512	8467.99121	0.16016	11469	1	0.50617	0.15250	1	0.48708	0.39012	1	0.49663	0.27131	1	0.48722	0.53087	12.08218	1.06647	1	0.74885	0.55807	13.06440	1.06647	1	-0.00291	-0.00882	0.66839	0.00245	1	0.06475	-0.01395	0.67884	0.00407	1	1.45898	0.81042	0	
1255531	8468.15820	3305481177556	0.48473	0.25468	8467.99121	0.16699	11469	1	0.49326	0.14036	1	0.43946	0.34685	1	0.46636	0.24360	1	0.48723	0.53087	11.98026	1.06647	1	0.74889	0.55768	12.83141	1.06647	1	-0.00291	-0.00882	0.66839	0.00243	1	0.06475	-0.01395	0.67884	0.00425	1	1.45898	0.81042	0	
1255532	8468.16504	3305481240967	0.48405	0.25438	8467.99121	0.17383	11469	1	0.49326	0.14036	1	0.43943	0.35297	1	0.46634	0.24666	1	0.48731	0.53078	12.44906	1.06647	1	0.74899	0.55730	13.00386	1.05881	1	-0.00291	-0.00877	0.66839	0.00244	1	0.06207	-0.01336	0.65029	0.00407	1	1.45898	0.81042	0	
1255533	8468.17090	3305481308672	0.48334	0.25388	8467.99121	0.17969	11469	1	0.48078	0.13856	1	0.44765	0.34195	1	0.46421	0.24026	1	0.48733	0.53076	12.51281	1.05881	1	0.74895	0.55793	12.83008	1.05115	1	-0.00291	-0.00877	0.66839	0.00243	1	0.06207	-0.01336	0.65029	0.00410	1	1.45898	0.81042	0	
1255534	8468.17773	3305481373764	0.48301	0.25337	8467.99121	0.18652	11469	1	0.49496	0.13965	1	0.45255	0.33849	1	0.47375	0.23907	1	0.48745	0.53077	12.17977	1.05115	1	0.74905	0.55780	13.06251	1.04349	1	-0.00291	-0.00877	0.66839	0.00251	1	0.06207	-0.01336	0.65029	0.00429	1	1.45898	0.81042	0	
1255535	8468.18457	3305481441551	0.48271	0.25262	8467.99121	0.19336	11469	1	0.49477	0.13823	1	0.45285	0.32383	1	0.47381	0.23103	1	0.48750	0.53091	11.79627	1.05258	1	0.74943	0.55819	12.27823	1.06126	1	-0.00302	-0.00933	0.70720	0.00253	1	0.06756	-0.01452	0.70671	0.00423	1	1.45898	0.81042	0	
1255536	8468.19141	3305481507884	0.48289	0.25116	8467.99121	0.20020	11469	1	0.49530	0.14318	1	0.48121	0.27118	1	0.48825	0.20718	1	0.48752	0.53094	11.92765	1.07034	1	0.74952	0.55752	12.46943	1.08668	1	-0.00302	-0.00933	0.70720	0.00251	1	0.06756	-0.01452	0.70671	0.00442	1	1.45898	0.81042	0	
1255537	8468.19824	3305481577095	0.48302	0.24847	8467.99121	0.20703	11469	1	0.49819	0.07128	1	0.47596	0.25887	1	0.48707	0.16507	1	0.48765	0.53098	12.19516	1.09577	1	0.74947	0.55802	12.27663	1.11211	1	-0.00302	-0.00933	0.70720	0.00246	1	0.06756	-0.01452	0.70671	0.00434	1	1.45898	0.81042	0	
1255538	8468.20508	3305481644644	0.48310	0.24533	8467.99121	0.21387	11469	1	0.49514	0.04549	1	0.47656	0.24468	1	0.48585	0.14508	1	0.48778	0.53095	12.14822	1.12119	1	0.74944	0.55834	12.38071	1.12885	1	-0.00292	-0.00933	0.70710	0.00248	1	0.06539	-0.01410	0.68348	0.00416	1	1.45898	0.81042	0	
1255539	8468.21191	3305481714148	0.48279	0.24365	8467.99121	0.22070	11469	1	0.46663	0.08952	1	0.47825	0.28676	1	0.47244	0.18814	1	0.48770	0.53091	12.29267	1.12885	1	0.74948	0.55782	12.16583	1.12017	1	-0.00292	-0.00933	0.70710	0.00245	1	0.06539	-0.01410	0.68348	0.00426	1	1.45898	0.81042	0	
1255540	8468.21875	3305481778458	0.48284	0.24121	8467.99121	0.22754	11469	1	0.47319	0.05515	1	0.49628	0.26137	1	0.48474	0.15826	1	0.48768	0.53089	12.18350	1.12017	1	0.74969	0.55798	12.95693	1.11149	1	-0.00292	-0.00933	0.70710	0.00246	1	0.06539	-0.01410	0.68348	0.00413	1	1.45898	0.81042	0	
1255541	8468.22559	3305481847117	0.47874	0.20920	8467.99121	0.22754	11469	0	0.47561	0.07306	1	0.49532	0.27643	1	0.48547	0.17474	1	0.48773	0.53093	12.34970	1.10241	1	0.74964	0.55802	13.11174	1.09372	1	-0.00280	-0.00913	0.69130	0.00246	1	0.06539	-0.01410	0.68348	0.00402	1	1.45898	0.81042	0	
1255542	8468.23145	3305481913951	0.48470	0.19350	8467.99121	0.22754	11469	0	0.49622	0.09220	1	0.48509	0.26338	1	0.49065	0.17779	1	0.48792	0.53101	12.23540	1.08464	1	0.74963	0.55793	13.08168	1.08464	1	-0.00280	-0.00913	0.69130	0.00237	1	0.06539	-0.01410	0.68348	0.00411	1	1.45898	0.81042	0	
1255543	8468.23828	3305481980013	0.48320	0.19132	8467.99121	0.22754	11469	0	0.47800	0.08170	1	0.48241	0.29226	1	0.48021	0.18698	1	0.48783	0.53084	12.17017	1.07555	1	0.74961	0.55806	13.10756	1.07555	1	-0.00280	-0.00913	0.69130	0.00247	1	0.06539	-0.01410	0.68348	0.00412	1	1.45898	0.81042	0	
1255544	8468.24512	3305482048828	0.48256	0.19236	8468.22559	0.01953	11470	1	0.47925	0.09101	1	0.48202	0.29995	1	0.48064	0.19548	1	0.48806	0.53107	11.85749	1.06647	1	0.74976	0.55792	12.85488	1.06647	1	-0.00280	-0.00913	0.69130	0.00245	1	0.06539	-0.01415	0.68348	0.00411	1	1.45898	0.81042	0	
1255545	8468.25195	3305482115427	0.48515	0.19648	8468.22559	0.02637	11470	1	0.49528	0.11557	1	0.49577	0.31035	1	0.49552	0.21296	1	0.48802	0.53108	11.88436	1.06647	1	0.74980	0.55833	12.77885	1.06647	1	-0.00280	-0.00913	0.69130	0.00241	1	0.06539	-0.01415	0.68348	0.00402	1	1.45898	0.81042	0	
1255546	8468.25879	3305482181844	0.48784	0.19989	8468.22559	0.03320	11470	1	0.50845	0.11535	1	0.49410	0.31853	1	0.50127	0.21694	1	0.48819	0.53110	11.85814	1.06647	1	0.74977	0.55816	12.63559	1.06647	1	-0.00280	-0.00913	0.69130	0.00250	1	0.06539	-0.01415	0.68348	0.00406	1	1.45898	0.81042	0	
1255547	8468.26562	3305482248487	0.48973	0.20278	8468.22559	0.04004	11470	1	0.50845	0.11535	1	0.49369	0.32489	1	0.50107	0.22012	1	0.48811	0.53106	12.02453	1.06647	1	0.74972	0.55759	12.75149	1.05881	1	-0.00280	-0.00913	0.69130	0.00245	1	0.06278	-0.01357	0.65568	0.00447	1	1.45898	0.81042	0	
1255548	8468.27246	3305482316312	0.48791	0.21882	8468.22559	0.04688	11470	1	0.51797	0.31434	1	0.43233	0.34790	1	0.47515	0.33112	1	0.48818	0.53331	12.54071	1.05881	1	0.74954	0.55855	12.92361	1.05115	1	-0.00280	-0.00913	0.69130	0.00371	1	0.06278	-0.01357	0.65568	0.00412	1	1.45898	0.81042	0	
1255549	8468.27832	3305482383221	0.48714	0.22256	8468.22559	0.05273	11470	1	0.50809	0.16783	1	0.45394	0.33706	1	0.48101	0.25244	1	0.48812	0.53100	12.07982	1.05115	1	0.74955	0.55830	12.99340	1.04349	1	-0.00280	-0.00913	0.69130	0.00248	1	0.06278	-0.01357	0.65568	0.00412	1	1.45898	0.81042	0	
1255550	8468.28516	3305482450969	0.48657	0.22592	8468.22559	0.05957	11470	1	0.50899	0.17521	1	0.45394	0.33706	1	0.48147	0.25613	1	0.48828	0.53331	12.10095	1.04349	1	0.74961	0.55849	12.57070	1.04349	1	-0.00280	-0.00913	0.69130	0.00373	1	0.06514	-0.01412	0.67978	0.00402	1	1.45898	0.81042	0	
1255551	8468.29199	3305482517419	0.48674	0.23590	8468.22559	0.06641	11470	1	0.52410	0.33667	1	0.45272	0.33486	1	0.48841	0.33577	1	0.48822	0.53297	12.05119	1.04349	1	0.74983	0.55843	12.60903	1.05115	1	-0.00280	-0.00913	0.69130	0.00391	1	0.06514	-0.01412	0.67978	0.00402	1	1.45898	0.81042	0	
1255552	8468.29883	3305482583751	0.48654	0.24285	8468.22559	0.07324	11470	1	0.51934	0.32921	1	0.44925	0.30942	1	0.48430	0.31931	1	0.48824	0.53333	12.20105	1.05115	1	0.74981	0.55797	12.68340	1.05881	1	-0.00280	-0.00913	0.69130	0.00375	1	0.06514	-0.01412	0.67978	0.00425	1	1.45898	0.81042	0	
1255553	8468.30566	3305482648330	0.48634	0.24797	8468.22559	0.08008	11470	1	0.51850	0.32300	1	0.44947	0.29569	1	0.48399	0.30935	1	0.48828	0.53106	12.14538	1.05881	1	0.74968	0.55821	12.89898	1.07515	1	-0.00280	-0.00913	0.69130	0.00254	1	0.06757	-0.01471	0.70563	0.00428	1	1.45898	0.81042	0	
1255554	8468.31250	3305482718273	0.48539	0.24548	8468.22559	0.08691	11470	1	0.51606	0.10486	1	0.43010	0.32149	1	0.47308	0.21317	1	0.48831	0.53105	12.19522	1.07515	1	0.74955	0.55841	13.00218	1.08383	1	-0.00280	-0.00913	0.69130	0.00252	1	0.06757	-0.01471	0.70563	0.00436	1	1.45898	0.81042	0	
1255555	8468.31836	3305482782781	0.48446	0.24325	8468.22559	0.09277	11470	1	0.51213	0.09668	1	0.43077	0.32730	1	0.47145	0.21199	1	0.48829	0.53109	12.21202	1.08383	1	0.74948	0.55866	13.27864	1.09251	1	-0.00280	-0.00913	0.69130	0.00253	1	0.06757	-0.01471	0.70563	0.00407	1	1.45898	0.81042	0	
1255556	8468.32520	3305482851908	0.48362	0.24103	8468.22559	0.09961	11470	1	0.51117	0.08800	1	0.43077	0.32730	1	0.47097	0.20765	1	0.48821	0.53342	12.49117	1.09251	1	0.74953	0.55864	13.31741	1.09251	1	-0.00280	-0.00913	0.69130	0.00369	1	0.06514	-0.01412	0.67978	0.00406	1	1.45898	0.81042	0	
1255557	8468.33203	3305482918482	0.48300	0.23889	8468.22559	0.10645	11470	1	0.50853	0.07514	1	0.43747	0.33440	1	0.47300	0.20477	1	0.48825	0.53100	11.97591	1.09251	1	0.74964	0.55866	13.13247	1.08383	1	-0.00280	-0.00913	0.69130	0.00254	1	0.06514	-0.01412	0.67978	0.00404	1	1.45898	0.81042	0	
1255558	8468.33887	3305482985859	0.48342	0.24220	8468.22559	0.11328	11470	1	0.53602	0.26683	1	0.44537	0.33005	1	0.49069	0.29844	1	0.48855	0.53331	12.14210	1.08383	1	0.74974	0.55851	12.99560	1.07515	1	-0.00280	-0.00913	0.69130	0.00370	1	0.06514	-0.01412	0.67978	0.00404	1	1.45898	0.81042	0	
1255559	8468.34570	3305483050953	0.48038	0.27074	8468.22559	0.11328	11470	0	0.53682	0.27413	1	0.44521	0.34325	1	0.49101	0.30869	1	0.48853	0.53321	12.13549	1.07515	1	0.74978	0.55834	12.82846	1.05881	1	-0.00280	-0.00913	0.69130	0.00370	1	0.06335	-0.01379	0.66161	0.00403	1	1.45898	0.81042	0	
1255560	8468.35254	3305483117156	0.48123	0.29480	8468.22559	0.11328	11470	0	0.51850	0.29512	1	0.44566	0.34261	1	0.48208	0.31886	1	0.48818	0.53302	12.41687	1.05881	1	0.74976	0.55838	12.73470	1.05115	1	-0.00280	-0.00913	0.69130	0.00371	1	0.06335	-0.01379	0.66161	0.00402	1	1.45898	0.81042	0	
1255561	8468.35938	3305483184151	0.48663	0.30924	8468.22559	0.11328	11470	0	0.54117	0.30446	1	0.45369	0.37176	1	0.49743	0.33811	1	0.48853	0.53321	12.13549	1.05115	1	0.74988	0.55849	12.70013	1.04349	1	-0.00280	-0.00913	0.69130	0.00370	1	0.06335	-0.01379	0.66161	0.00398	1	1.45898	0.81042	0	
1255562	8468.36621	3305483252704	0.48942	0.31725	8468.34570	0.02051	11471	1	0.54188	0.31083	1	0.45369	0.37176	1	0.49778	0.34130	1	0.48837	0.53318	11.37603	1.04349	1	0.74985	0.55851	12.85030	1.04349	1	-0.00280	-0.00913	0.69130	0.00374	1	0.06495	-0.01413	0.67783	0.00399	1	1.45898	0.81042	0	
1255563	8468.37207	3305483318944	0.48899	0.30594	8468.34570	0.02637	11471	1	0.51230	0.14802	1	0.46226	0.37337	1	0.48728	0.26069	1	0.48819	0.53115	12.01044	1.04349	1	0.74963	0.55876	13.12345	1.05115	1	-0.00280	-0.00913	0.69130	0.00249	1	0.06495	-0.01413	0.67783	0.00400	1	1.45898	0.81042	0	
1255564	8468.37891	3305483387199	0.48861	0.29364	8468.34570	0.03320	11471	1	0.50203	0.12868	1	0.47136	0.33564	1	0.48669	0.23216	1	0.48820	0.53122	12.19299	1.05115	1	0.74980	0.55836	12.72513	1.05881	1	-0.00280	-0.00913	0.69130	0.00249	1	0.06495	-0.01413	0.67783	0.00399	1	1.45898	0.81042	0	
1255565	8468.38574	3305483454842	0.48831	0.28336	8468.34570	0.04004	11471	1	0.50109	0.12100	1	0.47191	0.32229	1	0.48650	0.22164	1	0.48814	0.53322	12.04982	1.05881	1	0.74982	0.55835	13.09176	1.07515	1	-0.00280	-0.00913	0.69130	0.00371	1	0.06757	-0.01471	0.70563	0.00406	1	1.45898	0.81042	0	
1255566	8468.39258	3305483521612	0.49114	0.28831	8468.34570	0.04688	11471	1	0.53152	0.29982	1	0.49044	0.34619	1	0.51098	0.32301	1	0.48841	0.53347	12.87356	1.07515	1	0.74967	0.55860	13.22146	1.08383	1	-0.00280	-0.00913	0.69130	0.00364	1	0.06757	-0.01471	0.70563	0.00400	1	1.45898	0.81042	0	
1255567	8468.39941	3305483589039	0.49320	0.27734	8468.34570	0.05371	11471	1	0.51421	0.11811	1	0.50524	0.26094	1	0.50972	0.18952	1	0.48816	0.53126	12.10157	1.08383	1	0.74991	0.55801	12.87374	1.09251	1	-0.00280	-0.00913	0.69130	0.00256	1	0.06757	-0.01471	0.70563	0.00406	1	1.45898	0.81042	0	
1255568	8468.40625	3305483655305	0.49481	0.26813	8468.34570	0.06055	11471	1	0.51326	0.10960	1	0.50524	0.26094	1	0.50925	0.18527	1	0.48795	0.53123	12.06466	1.09251	1	0.74974	0.55841	13.29152	1.09251	1	-0.00280	-0.00913	0.69130	0.00250	1	0.06522	-0.01421	0.68171	0.00396	1	1.45898	0.81042	0	
1255569	8468.41309	3305483723236	0.49450	0.26305	8468.34570	0.06738	11471	1	0.48809	0.09593	1	0.49479	0.32852	1	0.49144	0.21223	1	0.48785	0.53138	12.44962	1.09251	1	0.74972	0.55851	13.20879	1.08383	1	-0.00280	-0.00913	0.69130	0.00242	1	0.06522	-0.01421	0.68171	0.00392	1	1.45898	0.81042	0	
1255570	8468.41895	3305483788454	0.49406	0.25970	8468.34570	0.07324	11471	1	0.48308	0.12040	1	0.49537	0.32544	1	0.48923	0.22292	1	0.48789	0.53132	12.39813	1.08383	1	0.74983	0.55847	13.15664	1.07515	1	-0.00280	-0.00913	0.69130	0.00248	1	0.06522	-0.01421	0.68171	0.00395	1	1.45898	0.81042	0	
1255571	8468.42578	3305483854996	0.49369	0.25685	8468.34570	0.08008	11471	1	0.48303	0.12000	1	0.49539	0.32511	1	0.48921	0.22255	1	0.48782	0.53134	12.32712	1.08423	1	0.74978	0.55772	12.83604	1.07555	1	-0.00292	-0.00933	0.70710	0.00254	1	0.06539	-0.01420	0.68348	0.00422	1	1.45898	0.81042	0	
1255572	8468.43262	3305483923698	0.49434	0.25212	8468.34570	0.08691	11471	1	0.50267	0.11809	1	0.50284	0.26339	1	0.50276	0.19074	1	0.48773	0.53150	12.70241	1.08464	1	0.74987	0.55780	12.91910	1.08464	1	-0.00292	-0.00933	0.70710	0.00246	1	0.06539	-0.01420	0.68348	0.00423	1	1.45898	0.81042	0	
1255573	8468.43945	3305483990287	0.49533	0.25471	8468.34570	0.09375	11471	1	0.53036	0.30657	1	0.48796	0.27525	1	0.50916	0.29091	1	0.48808	0.53360	12.15622	1.09372	1	0.74962	0.55789	12.96389	1.09372	1	-0.00292	-0.00933	0.70710	0.00398	1	0.06539	-0.01420	0.68348	0.00443	1	1.45898	0.81042	0	
1255574	8468.44629	3305484057590	0.49619	0.25697	8468.34570	0.10059	11471	1	0.53036	0.30657	1	0.48796	0.27525	1	0.50916	0.29091	1	0.48800	0.53385	11.69849	1.09372	1	0.74880	0.55852	13.31992	1.09372	1	-0.00284	-0.00897	0.67554	0.00401	1	0.06569	-0.01429	0.68764	0.00433	1	1.45898	0.81042	0	
1255575	8468.45312	3305484123808	0.49534	0.26138	8468.34570	0.10742	11471	1	0.52939	0.34986	1	0.43417	0.31381	1	0.48178	0.33184	1	0.48761	0.53395	12.87297	1.08464	1	0.74882	0.55835	13.23439	1.08464	1	-0.00284	-0.00897	0.67554	0.00389	1	0.06569	-0.01429	0.68764	0.00428	1	1.45898	0.81042	0	
1255576	8468.45996	3305484192537	0.49537	0.26504	8468.34570	0.11426	11471	1	0.53739	0.30767	1	0.45445	0.34689	1	0.49592	0.32728	1	0.48772	0.53333	12.58473	1.07555	1	0.74873	0.55868	13.38987	1.07555	1	-0.00284	-0.00897	0.67554	0.00389	1	0.06569	-0.01429	0.68764	0.00405	1	1.45898	0.81042	0	
1255577	8468.46680	3305484258757	0.49542	0.26886	8468.34570	0.12109	11471	1	0.53823	0.31504	1	0.45415	0.36017	1	0.49619	0.33760	1	0.48726	0.53332	11.94720	1.06647	1	0.74890	0.55861	13.15735	1.05881	1	-0.00291	-0.00887	0.66839	0.00385	1	0.06207	-0.01351	0.65029	0.00400	1	1.45898	0.81042	0	
1255578	8468.47266	3305484325723	0.49511	0.27068	8468.34570	0.12695	11471	1	0.50256	0.28609	1	0.47584	0.32473	1	0.48920	0.30541	1	0.48722	0.53310	11.90606	1.05881	1	0.74866	0.55803	12.97575	1.05115	1	-0.00291	-0.00887	0.66839	0.00373	1	0.06207	-0.01351	0.65029	0.00437	1	1.45898	0.81042	0	
1255579	8468.47949	3305484392786	0.49565	0.27382	8468.34570	0.13379	11471	1	0.51578	0.31241	1	0.49710	0.36063	1	0.50644	0.33652	1	0.48736	0.53325	12.18975	1.05115	1	0.74906	0.55840	13.31472	1.04349	1	-0.00291	-0.00887	0.66839	0.00370	1	0.06207	-0.01351	0.65029	0.00404	1	1.45898	0.81042	0	
1255580	8468.48633	3305484458961	0.49616	0.27681	8468.34570	0.14062	11471	1	0.51664	0.31873	1	0.49710	0.36063	1	0.50687	0.33968	1	0.48765	0.53359	13.01655	1.04349	1	0.74885	0.55744	12.90098	1.04349	1	-0.00291	-0.00887	0.66839	0.00358	1	0.06551	-0.01422	0.68689	0.00444	1	1.45898	0.81042	0	
1255581	8468.49316	3305484525442	0.49595	0.27535	8468.34570	0.14746	11471	1	0.49778	0.18279	1	0.48492	0.30369	1	0.49135	0.24324	1	0.48722	0.53153	12.76364	1.04349	1	0.74885	0.55788	13.08833	1.05115	1	-0.00291	-0.00887	0.66839	0.00258	1	0.06551	-0.01422	0.68689	0.00414	1	1.45898	0.81042	0	
1255582	8468.50000	3305484593646	0.49616	0.27799	8468.34570	0.15430	11471	1	0.52096	0.33683	1	0.48134	0.34027	1	0.50115	0.33855	1	0.48749	0.53359	12.46421	1.05115	1	0.74883	0.55793	13.03110	1.05881	1	-0.00291	-0.00887	0.66839	0.00383	1	0.06551	-0.01422	0.68689	0.00415	1	1.45898	0.81042	0	
1255583	8468.50684	3305484660343	0.49924	0.30542	8468.34570	0.15430	11471	0	0.52013	0.33068	1	0.48166	0.33404	1	0.50090	0.33236	1	0.48755	0.53356	12.67771	1.05881	1	0.74890	0.55799	12.96055	1.06647	1	-0.00291	-0.00887	0.66839	0.00390	1	0.06551	-0.01417	0.68689	0.00410	1	1.45898	0.81042	0	
1255584	8468.51270	3305484726090	0.50590	0.30948	8468.34570	0.15430	11471	0	0.54001	0.26693	1	0.48510	0.36013	1	0.51256	0.31353	1	0.48746	0.53294	12.08276	1.06647	1	0.74885	0.55821	13.35899	1.06647	1	-0.00291	-0.00887	0.66839	0.00385	1	0.06551	-0.01417	0.68689	0.00403	1	1.45898	0.81042	0	
1255585	8468.51953	3305484791613	0.50409	0.31121	8468.34570	0.15430	11471	0	0.53791	0.28292	1	0.46303	0.34640	1	0.50047	0.31466	1	0.48746	0.53291	12.18325	1.06647	1	0.74850	0.55813	12.70938	1.06647	1	-0.00291	-0.00887	0.66839	0.00386	1	0.06551	-0.01417	0.68689	0.00410	1	1.45898	0.81042	0	
1255586	8468.52637	3305484861220	0.50308	0.31097	8468.50684	0.01953	11472	1	0.53707	0.27529	1	0.46307	0.34526	1	0.50007	0.31027	1	0.48734	0.53314	11.89148	1.07555	1	0.74831	0.55772	12.96065	1.06789	1	-0.00316	-0.00947	0.71359	0.00403	1	0.06371	-0.01374	0.66849	0.00428	1	1.45898	0.81042	0	
1255587	8468.53320	3305484924353	0.49874	0.31186	8468.50684	0.02637	11472	1	0.50925	0.30613	1	0.45350	0.32470	1	0.48137	0.31541	1	0.48689	0.53321	11.69502	1.07698	1	0.74829	0.55782	12.94139	1.06932	1	-0.00316	-0.00947	0.71359	0.00368	1	0.06371	-0.01374	0.66849	0.00419	1	1.45898	0.81042	0	
1255588	8468.54004	3305484991551	0.50014	0.30775	8468.50684	0.03320	11472	1	0.54055	0.31174	1	0.47376	0.26263	1	0.50715	0.28719	1	0.48700	0.53359	13.24211	1.07841	1	0.74863	0.55714	13.71574	1.07075	1	-0.00316	-0.00947	0.71359	0.00369	1	0.06371	-0.01374	0.66849	0.00440	1	1.45898	0.81042	0	
1255589	8468.54688	3305485060329	0.50123	0.30621	8468.50684	0.04004	11472	1	0.54196	0.32435	1	0.47347	0.26966	1	0.50772	0.29700	1	0.48736	0.53403	12.95298	1.06273	1	0.74811	0.55834	13.62155	1.06273	1	-0.00296	-0.00858	0.64667	0.00407	1	0.06556	-0.01415	0.68848	0.00414	1	1.45898	0.81042	0	
1255590	8468.55273	3305485125111	0.49861	0.29669	8468.50684	0.04590	11472	1	0.51150	0.12542	1	0.44910	0.33461	1	0.48030	0.23002	1	0.48666	0.53153	12.71165	1.04563	1	0.74818	0.55780	13.15066	1.05329	1	-0.00296	-0.00858	0.64667	0.00258	1	0.06556	-0.01415	0.68848	0.00434	1	1.45898	0.81042	0	
1255591	8468.55957	3305485193379	0.49948	0.28716	8468.50684	0.05273	11472	1	0.51507	0.13748	1	0.49773	0.28445	1	0.50640	0.21096	1	0.48662	0.53178	12.36922	1.03618	1	0.74825	0.55767	12.45313	1.04384	1	-0.00296	-0.00858	0.64667	0.00253	1	0.06556	-0.01415	0.68848	0.00416	1	1.45898	0.81042	0	
1255592	8468.56641	3305485258754	0.50020	0.27930	8468.50684	0.05957	11472	1	0.51523	0.13891	1	0.49815	0.27806	1	0.50669	0.20849	1	0.48564	0.53496	11.87757	1.03476	1	0.74689	0.55925	13.08932	1.05110	1	-0.00339	-0.00936	0.68566	0.00391	1	0.06584	-0.01458	0.69413	0.00385	1	1.45898	0.81042	0	
1255593	8468.57324	3305485327453	0.49836	0.29472	8468.50684	0.06641	11472	1	0.47930	0.45515	1	0.48062	0.44283	1	0.47996	0.44899	1	0.48504	0.53682	12.70105	1.05912	1	0.74683	0.56058	12.82138	1.06780	1	-0.00339	-0.00936	0.68566	0.00371	1	0.06584	-0.01458	0.69413	0.00408	1	1.45898	0.81042	0	
1255594	8468.58008	3305485393995	0.49699	0.28950	8468.50684	0.07324	11472	1	0.46815	0.14043	1	0.49585	0.32363	1	0.48200	0.23203	1	0.48485	0.53441	11.49388	1.07581	1	0.74668	0.56030	13.08415	1.08449	1	-0.00339	-0.00936	0.68566	0.00249	1	0.06584	-0.01458	0.69413	0.00381	1	1.45898	0.81042	0	
1255595	8468.58691	3305485461496	0.49572	0.28382	8468.50684	0.08008	11472	1	0.46440	0.11540	1	0.49637	0.31597	1	0.48039	0.21568	1	0.48417	0.53912	11.91011	1.10160	1	0.74481	0.56287	12.72323	1.09394	1	-0.00365	-0.01017	0.70599	0.00310	1	0.06185	-0.01417	0.65619	0.00326	1	1.45898	0.81042	0	
1255596	8468.59375	3305485529504	0.48913	0.29991	8468.50684	0.08691	11472	1	0.41916	0.54747	1	0.38788	0.47074	1	0.40352	0.50910	1	0.48351	0.54008	12.06883	1.10302	1	0.74421	0.56327	11.85266	1.08668	1	-0.00365	-0.01017	0.70599	0.00323	1	0.06185	-0.01417	0.65619	0.00351	1	1.45898	0.81042	0	
1255597	8468.60059	3305485597258	0.48453	0.31135	8468.50684	0.09375	11472	1	0.44193	0.50023	1	0.39839	0.44272	1	0.42016	0.47148	1	0.48382	0.54006	12.10108	1.09577	1	0.74425	0.56281	12.04722	1.07943	1	-0.00365	-0.01017	0.70599	0.00368	1	0.06185	-0.01417	0.65619	0.00373	1	1.45898	0.81042	0	
1255598	8468.60742	3305485665746	0.48061	0.32186	8468.50684	0.10059	11472	1	0.44470	0.51041	1	0.39867	0.44878	1	0.42169	0.47960	1	0.48369	0.54087	12.11873	1.07943	1	0.74408	0.56423	12.25689	1.07075	1	-0.00353	-0.00982	0.67175	0.00349	1	0.06426	-0.01494	0.68228	0.00320	1	1.45898	0.81042	0	
1255599	8468.61328	3305485732218	0.47725	0.33932	8468.50684	0.10645	11472	1	0.46203	0.65719	1	0.38503	0.57997	1	0.42353	0.61858	1	0.48392	0.54152	12.16472	1.06166	1	0.74424	0.56415	12.13984	1.06932	1	-0.00353	-0.00982	0.67175	0.00332	1	0.06426	-0.01494	0.68228	0.00320	1	1.45898	0.81042	0	
1255600	8468.62012	3305485798614	0.46001	0.37744	8468.50684	0.10645	11472	0	0.44280	0.63415	1	0.37265	0.58057	1	0.40772	0.60736	1	0.48368	0.54135	12.95955	1.06024	1	0.74411	0.56426	12.39090	1.06789	1	-0.00353	-0.00982	0.67175	0.00311	1	0.06426	-0.01494	0.68228	0.00317	1	1.45898	0.81042	0	
1255601	8468.62695	3305485866659	0.43395	0.49279	8468.50684	0.10645	11472	0	0.44305	0.63488	1	0.37273	0.58139	1	0.40789	0.60814	1	0.48335	0.54127	12.04722	1.05881	1	0.74379	0.56455	12.87898	1.06647	1	-0.00369	-0.00999	0.68324	0.00303	1	0.06399	-0.01485	0.68053	0.00314	1	1.45898	0.81042	0	
1255602	8468.63379	3305485933311	0.43223	0.53263	8468.50684	0.10645	11472	0	0.48146	0.61566	1	0.37611	0.60894	1	0.42878	0.61230	1	0.48351	0.54118	11.88613	1.06647	1	0.74410	0.56438	12.24127	1.06647	1	-0.00369	-0.00999	0.68324	0.00317	1	0.06399	-0.01485	0.68053	0.00314	1	1.45898	0.81042	0	
1255603	8468.64062	3305485999804	0.41444	0.61316	8468.50684	0.10645	11472	0	0.45205	0.62739	1	0.36127	0.61071	1	0.40666	0.61905	1	0.48309	0.54130	12.50667	1.06647	1	0.74385	0.56452	12.78861	1.06647	1	-0.00369	-0.00999	0.68324	0.00314	1	0.06399	-0.01485	0.68053	0.00327	1	1.45898	0.81042	0	
1255604	8468.64746	3305486066996	0.41055	0.61611	8468.50684	0.10645	11472	0	0.45205	0.62739	1	0.36127	0.61071	1	0.40666	0.61905	1	0.48297	0.54150	12.23241	1.06647	1	0.74407	0.56439	12.94145	1.06647	1	-0.00369	-0.00999	0.68324	0.00314	1	0.06399	-0.01485	0.68053	0.00326	1	1.45898	0.81042	0	
1255605	8468.65430	3305486133612	0.40976	0.61393	8468.50684	0.10645	11472	0	0.44141	0.63811	1	0.37494	0.58105	1	0.40817	0.60958	1	0.48296	0.54146	12.28037	1.06647	1	0.74401	0.56410	12.79355	1.06647	1	-0.00369	-0.00999	0.68324	0.00313	1	0.06399	-0.01485	0.68053	0.00323	1	1.45898	0.81042	0	
1255606	8468.66016	3305486200823	0.41211	0.61391	8468.64062	0.01953	11473	1	0.44713	0.63745	1	0.39121	0.59022	1	0.41917	0.61383	1	0.48298	0.54146	11.97988	1.06647	1	0.74383	0.56433	12.89022	1.06647	1	-0.00369	-0.00999	0.68324	0.00321	1	0.06399	-0.01485	0.68053	0.00308	1	1.45898	0.81042	0	
1255607	8468.66699	3305486268560	0.41369	0.61476	8468.64062	0.02637	11473	1	0.44851	0.64154	1	0.39153	0.59478	1	0.42002	0.61816	1	0.48374	0.54170	12.89525	1.05845	1	0.74392	0.56398	12.66672	1.05845	1	-0.00372	-0.00963	0.66183	0.00339	1	0.06399	-0.01485	0.68053	0.00332	1	1.45898	0.81042	0	
1255608	8468.67383	3305486334485	0.41787	0.61518	8468.64062	0.03320	11473	1	0.48936	0.65144	1	0.38815	0.58313	1	0.43875	0.61729	1	0.48354	0.54152	12.91632	1.05043	1	0.74386	0.56414	12.65608	1.05043	1	-0.00372	-0.00963	0.66183	0.00334	1	0.06399	-0.01485	0.68053	0.00327	1	1.45898	0.81042	0	
1255609	8468.68066	3305486401847	0.41806	0.61505	8468.64062	0.04004	11473	1	0.45460	0.65399	1	0.38382	0.57452	1	0.41921	0.61426	1	0.48313	0.54127	12.50581	1.04242	1	0.74374	0.56400	12.43291	1.04242	1	-0.00372	-0.00963	0.66183	0.00314	1	0.06399	-0.01485	0.68053	0.00328	1	1.45898	0.81042	0	
1255610	8468.68750	3305486469607	0.41834	0.61579	8468.64062	0.04688	11473	1	0.45596	0.65805	1	0.38457	0.58387	1	0.42027	0.62096	1	0.48253	0.54118	12.04554	1.03440	1	0.74380	0.56423	12.77475	1.02674	1	-0.00372	-0.00968	0.66182	0.00304	1	0.06183	-0.01436	0.65813	0.00317	1	1.45898	0.81042	0	
1255611	8468.69434	3305486535980	0.41923	0.61945	8468.64062	0.05371	11473	1	0.45036	0.64756	1	0.40231	0.64992	1	0.42634	0.64874	1	0.48254	0.54112	11.66159	1.02674	1	0.74368	0.56446	13.07753	1.01908	1	-0.00372	-0.00968	0.66182	0.00305	1	0.06183	-0.01436	0.65813	0.00313	1	1.45898	0.81042	0	
1255612	8468.70117	3305486603794	0.42261	0.62217	8468.64062	0.06055	11473	1	0.48083	0.69842	1	0.42531	0.59492	1	0.45307	0.64667	1	0.48260	0.54139	11.63875	1.01908	1	0.74398	0.56422	12.42654	1.01142	1	-0.00372	-0.00968	0.66182	0.00307	1	0.06183	-0.01436	0.65813	0.00328	1	1.45898	0.81042	0	
1255613	8468.70703	3305486668245	0.42538	0.62438	8468.64062	0.06641	11473	1	0.48078	0.69825	1	0.42531	0.59471	1	0.45304	0.64648	1	0.48213	0.54160	12.38520	1.01944	1	0.74341	0.56425	12.30664	1.01178	1	-0.00382	-0.00977	0.67118	0.00311	1	0.06183	-0.01436	0.65813	0.00327	1	1.45898	0.81042	0	
1255614	8468.71387	3305486737024	0.42519	0.62666	8468.64062	0.07324	11473	1	0.45749	0.69098	1	0.38876	0.61247	1	0.42313	0.65173	1	0.48224	0.54127	12.22714	1.01980	1	0.74340	0.56418	12.02870	1.01980	1	-0.00382	-0.00977	0.67118	0.00316	1	0.06183	-0.01436	0.65813	0.00318	1	1.45898	0.81042	0	
1255615	8468.72070	3305486803900	0.42494	0.62768	8468.64062	0.08008	11473	1	0.45527	0.65976	1	0.38849	0.62015	1	0.42188	0.63995	1	0.48222	0.54142	12.02430	1.02781	1	0.74345	0.56426	12.22025	1.02781	1	-0.00382	-0.00977	0.67118	0.00318	1	0.06183	-0.01436	0.65813	0.00319	1	1.45898	0.81042	0	
1255616	8468.72754	3305486870008	0.42456	0.62758	8468.64062	0.08691	11473	1	0.45233	0.65108	1	0.38702	0.60139	1	0.41967	0.62624	1	0.48219	0.54144	12.15383	1.04492	1	0.74347	0.56410	12.37384	1.06126	1	-0.00404	-0.01018	0.69996	0.00317	1	0.06571	-0.01529	0.70048	0.00322	1	1.45898	0.81042	0	
1255617	8468.73438	3305486938141	0.42307	0.62533	8468.64062	0.09375	11473	1	0.44684	0.63827	1	0.35753	0.54937	1	0.40218	0.59382	1	0.48224	0.54149	11.96912	1.07034	1	0.74304	0.56390	12.91372	1.08668	1	-0.00404	-0.01018	0.69996	0.00326	1	0.06571	-0.01529	0.70048	0.00333	1	1.45898	0.81042	0	
1255618	8468.74023	3305487002126	0.42329	0.62199	8468.64062	0.09961	11473	1	0.47053	0.64266	1	0.38263	0.50128	1	0.42658	0.57197	1	0.48219	0.54162	12.45526	1.09577	1	0.74307	0.56369	12.83581	1.11211	1	-0.00404	-0.01018	0.69996	0.00320	1	0.06571	-0.01529	0.70048	0.00329	1	1.45898	0.81042	0	
1255619	8468.74707	3305487069638	0.42341	0.61881	8468.64062	0.10645	11473	1	0.46811	0.63463	1	0.38263	0.50128	1	0.42537	0.56796	1	0.48129	0.54177	12.33553	1.11211	1	0.74252	0.56433	12.99951	1.11211	1	-0.00452	-0.01103	0.75414	0.00303	1	0.06173	-0.01444	0.65914	0.00315	1	1.45898	0.81042	0	
1255620	8468.75391	3305487132124	0.42140	0.61994	8468.64062	0.11328	11473	1	0.41168	0.67702	1	0.36283	0.60098	1	0.38726	0.63900	1	0.48124	0.54201	12.28420	1.10302	1	0.74237	0.56462	12.81434	1.08668	1	-0.00452	-0.01103	0.75414	0.00304	1	0.06173	-0.01444	0.65914	0.00315	1	1.45898	0.81042	0	
1255621	8468.76074	3305487202794	0.42061	0.62145	8468.64062	0.12012	11473	1	0.44116	0.66531	1	0.37165	0.63201	1	0.40641	0.64866	1	0.48121	0.54178	12.73943	1.07760	1	0.74258	0.56471	13.24939	1.06126	1	-0.00452	-0.01103	0.75414	0.00303	1	0.06173	-0.01444	0.65914	0.00312	1	1.45898	0.81042	0	
1255622	8468.76758	3305487272724	0.42005	0.62345	8468.64062	0.12695	11473	1	0.44565	0.67750	1	0.37313	0.64552	1	0.40939	0.66151	1	0.48160	0.54190	13.54897	1.05217	1	0.74228	0.56481	13.08587	1.03583	1	-0.00452	-0.01103	0.75414	0.00311	1	0.06173	-0.01444	0.65914	0.00308	1	1.45898	0.81042	0	
1255623	8468.77441	3305487339922	0.41917	0.62539	8468.64062	0.13379	11473	1	0.45163	0.67500	1	0.35129	0.65320	1	0.40146	0.66410	1	0.48132	0.54178	12.50798	1.03583	1	0.74224	0.56477	13.14456	1.03583	1	-0.00452	-0.01103	0.75414	0.00304	1	0.06173	-0.01444	0.65914	0.00305	1	1.45898	0.81042	0	
1255624	8468.78125	3305487406119	0.41846	0.62739	8468.64062	0.14062	11473	1	0.45376	0.68965	1	0.35329	0.64936	1	0.40352	0.66951	1	0.48140	0.54188	13.05558	1.03583	1	0.74222	0.56459	13.00854	1.03583	1	-0.00452	-0.01103	0.75414	0.00314	1	0.06173	-0.01444	0.65914	0.00315	1	1.45898	0.81042	0	
1255625	8468.78809	3305487472730	0.41774	0.62894	8468.64062	0.14746	11473	1	0.45219	0.68534	1	0.35200	0.64054	1	0.40210	0.66294	1	0.48125	0.54209	13.10353	1.04492	1	0.74227	0.56413	12.78100	1.05258	1	-0.00418	-0.01006	0.68785	0.00320	1	0.06338	-0.01483	0.67731	0.00311	1	1.45898	0.81042	0	
1255626	8468.79492	3305487540879	0.41721	0.62900	8468.64062	0.15430	11473	1	0.45091	0.68922	1	0.35906	0.57160	1	0.40498	0.63041	1	0.48145	0.54199	12.37099	1.06166	1	0.74234	0.56418	12.78048	1.06932	1	-0.00418	-0.01006	0.68785	0.00330	1	0.06338	-0.01483	0.67731	0.00312	1	1.45898	0.81042	0	
1255627	8468.80078	3305487606116	0.41647	0.62929	8468.64062	0.16016	11473	1	0.45107	0.69109	1	0.34614	0.58140	1	0.39861	0.63625	1	0.48143	0.54202	12.73748	1.07841	1	0.74230	0.56421	12.79219	1.08607	1	-0.00418	-0.01006	0.68785	0.00328	1	0.06338	-0.01483	0.67731	0.00304	1	1.45898	0.81042	0	
1255628	8468.80762	3305487674969	0.41579	0.62965	8468.64062	0.16699	11473	1	0.45113	0.69125	1	0.34678	0.58592	1	0.39895	0.63859	1	0.48090	0.54167	12.32945	1.07805	1	0.74224	0.56448	12.95903	1.07805	1	-0.00409	-0.00960	0.65654	0.00317	1	0.06154	-0.01434	0.65922	0.00308	1	1.45898	0.81042	0	
1255629	8468.81445	3305487741925	0.41588	0.63065	8468.64062	0.17383	11473	1	0.45466	0.67961	1	0.38149	0.63365	1	0.41808	0.65663	1	0.48096	0.54178	12.39757	1.06095	1	0.74226	0.56453	13.01569	1.05329	1	-0.00409	-0.00960	0.65654	0.00319	1	0.06154	-0.01434	0.65922	0.00303	1	1.45898	0.81042	0	
1255630	8468.82129	3305487807616	0.41642	0.63193	8468.64062	0.18066	11473	1	0.45400	0.68463	1	0.40830	0.64860	1	0.43115	0.66661	1	0.48112	0.54182	12.35957	1.03618	1	0.74224	0.56448	12.95903	1.02853	1	-0.00409	-0.00960	0.65654	0.00323	1	0.06154	-0.01434	0.65922	0.00308	1	1.45898	0.81042	0	
1255631	8468.82812	3305487875677	0.41699	0.63342	8468.64062	0.18750	11473	1	0.45689	0.69265	1	0.40872	0.65754	1	0.43281	0.67510	1	0.48059	0.54162	11.88457	1.01944	1	0.74196	0.56433	12.44213	1.01178	1	-0.00428	-0.00995	0.68008	0.00315	1	0.06154	-0.01434	0.65922	0.00313	1	1.45898	0.81042	0	
1255632	8468.83496	3305487942866	0.41686	0.63415	8468.64062	0.19434	11473	1	0.45016	0.67722	1	0.37633	0.63361	1	0.41324	0.65542	1	0.48058	0.54170	11.88774	1.01980	1	0.74172	0.56439	12.95130	1.01980	1	-0.00428	-0.00995	0.68008	0.00313	1	0.06154	-0.01434	0.65922	0.00314	1	1.45898	0.81042	0	
1255633	8468.84082	3305488007521	0.41654	0.63565	8468.64062	0.20020	11473	1	0.44085	0.70272	1	0.37266	0.65876	1	0.40675	0.68074	1	0.48041	0.54192	12.26334	1.02781	1	0.74174	0.56456	13.35340	1.02781	1	-0.00428	-0.00995	0.68008	0.00309	1	0.06154	-0.01434	0.65922	0.00310	1	1.45898	0.81042	0	
1255634	8468.84766	3305488072608	0.41620	0.63694	8468.64062	0.20703	11473	1	0.43936	0.69898	1	0.37219	0.65457	1	0.40577	0.67678	1	0.48046	0.54201	12.66732	1.03583	1	0.74163	0.56470	13.15982	1.03583	1	-0.00428	-0.01000	0.68008	0.00301	1	0.06164	-0.01431	0.66030	0.00309	1	1.45898	0.81042	0	
1255635	8468.85449	3305488142317	0.41610	0.63805	8468.64062	0.21387	11473	1	0.45674	0.69996	1	0.36897	0.64706	1	0.41285	0.67351	1	0.48066	0.54207	12.57102	1.03583	1	0.74162	0.56457	13.27704	1.03583	1	-0.00428	-0.01000	0.68008	0.00308	1	0.06164	-0.01431	0.66030	0.00311	1	1.45898	0.81042	0	
1255636	8468.86133	3305488208074	0.41581	0.63928	8468.64062	0.22070	11473	1	0.44573	0.71650	1	0.36694	0.64312	1	0.40633	0.67981	1	0.48044	0.54210	12.92627	1.03583	1	0.74158	0.56476	13.18149	1.03583	1	-0.00428	-0.01000	0.68008	0.00303	1	0.06164	-0.01431	0.66030	0.00305	1	1.45898	0.81042	0	
1255637	8468.86816	3305488275807	0.41553	0.64038	8468.64062	0.22754	11473	1	0.44573	0.71650	1	0.36645	0.63904	1	0.40609	0.67777	1	0.48043	0.54209	12.58064	1.03583	1	0.74153	0.56467	13.27832	1.04349	1	-0.00446	-0.01016	0.69111	0.00310	1	0.06295	-0.01463	0.67483	0.00302	1	1.45898	0.81042	0	
1255638	8468.87402	3305488340040	0.41516	0.64084	8468.64062	0.23340	11473	1	0.43841	0.69489	1	0.36599	0.61899	1	0.40220	0.65694	1	0.48046	0.54196	12.43128	1.04349	1	0.74159	0.56444	12.87321	1.05115	1	-0.00446	-0.01016	0.69111	0.00324	1	0.06295	-0.01463	0.67483	0.00300	1	1.45898	0.81042	0	
1255639	8468.88184	3305488409206	0.41478	0.64097	8468.64062	0.24121	11473	1	0.44321	0.69305	1	0.35853	0.59855	1	0.40087	0.64580	1	0.48056	0.54206	12.45159	1.05115	1	0.74148	0.56435	12.95830	1.05881	1	-0.00446	-0.01016	0.69111	0.00307	1	0.06295	-0.01463	0.67483	0.00295	1	1.45898	0.81042	0	
1255640	8468.88867	3305488478424	0.41142	0.66592	8468.64062	0.24121	11473	0	0.44328	0.69322	1	0.35855	0.59875	1	0.40092	0.64599	1	0.48026	0.54200	12.58380	1.05079	1	0.74142	0.56426	12.54058	1.05845	1	-0.00432	-0.00968	0.66156	0.00306	1	0.06291	-0.01464	0.67556	0.00311	1	1.45898	0.81042	0	
1255641	8468.89453	3305488543240	0.39106	0.63588	8468.64062	0.24121	11473	0	0.40500	0.67402	1	0.33640	0.53764	1	0.37070	0.60583	1	0.47991	0.54185	12.43138	1.05043	1	0.74114	0.56393	12.12803	1.05043	1	-0.00432	-0.00968	0.66156	0.00290	1	0.06291	-0.01464	0.67556	0.00326	1	1.45898	0.81042	0	
1255642	8468.90137	3305488609741	0.38611	0.63399	8468.64062	0.24121	11473	0	0.41002	0.68928	1	0.34237	0.57114	1	0.37619	0.63021	1	0.47990	0.54173	12.41716	1.04242	1	0.74118	0.56405	12.08832	1.04242	1	-0.00432	-0.00968	0.66156	0.00293	1	0.06291	-0.01464	0.67556	0.00320	1	1.45898	0.81042	0	
1255643	8468.90820	3305488675672	0.38371	0.63362	8468.88867	0.01953	11474	1	0.41002	0.68928	1	0.34303	0.57572	1	0.37652	0.63250	1	0.47977	0.54227	11.88881	1.04242	1	0.74136	0.56421	12.18319	1.03476	1	-0.00450	-0.00998	0.68245	0.00303	1	0.06131	-0.01428	0.65892	0.00318	1	1.45898	0.81042	0	
1255644	8468.91504	3305488746659	0.38898	0.63683	8468.88867	0.02637	11474	1	0.44009	0.70204	1	0.37998	0.59737	1	0.41004	0.64970	1	0.48004	0.54199	11.78893	1.04278	1	0.74134	0.56422	12.32810	1.03512	1	-0.00450	-0.00998	0.68245	0.00300	1	0.06131	-0.01428	0.65892	0.00316	1	1.45898	0.81042	0	
1255645	8468.92188	3305488813848	0.39311	0.63910	8468.88867	0.03320	11474	1	0.45475	0.70319	1	0.37278	0.59773	1	0.41377	0.65046	1	0.48025	0.54201	11.67373	1.04313	1	0.74134	0.56429	12.23765	1.03547	1	-0.00450	-0.00998	0.68245	0.00324	1	0.06131	-0.01428	0.65892	0.00318	1	1.45898	0.81042	0	
1255646	8468.92871	3305488880484	0.39605	0.64070	8468.88867	0.04004	11474	1	0.45469	0.70302	1	0.37276	0.59752	1	0.41372	0.65027	1	0.47999	0.54195	12.22456	1.04349	1	0.74128	0.56459	12.16083	1.03583	1	-0.00446	-0.00994	0.67623	0.00315	1	0.06131	-0.01428	0.65892	0.00314	1	1.45898	0.81042	0	
1255647	8468.93555	3305488947652	0.39980	0.64613	8468.88867	0.04688	11474	1	0.45592	0.71845	1	0.39616	0.64981	1	0.42604	0.68413	1	0.48028	0.54214	12.35116	1.03583	1	0.74130	0.56449	12.36187	1.03583	1	-0.00446	-0.00994	0.67623	0.00328	1	0.06131	-0.01428	0.65892	0.00317	1	1.45898	0.81042	0	
1255648	8468.94141	3305489011209	0.40356	0.64808	8468.88867	0.05273	11474	1	0.45714	0.66540	1	0.41017	0.66193	1	0.43365	0.66367	1	0.48001	0.54216	12.62336	1.03583	1	0.74151	0.56487	12.22478	1.03583	1	-0.00446	-0.00994	0.67623	0.00305	1	0.06131	-0.01428	0.65892	0.00318	1	1.45898	0.81042	0	
1255649	8468.94824	3305489077299	0.40657	0.64964	8468.88867	0.05957	11474	1	0.45714	0.66540	1	0.41017	0.66193	1	0.43365	0.66367	1	0.47972	0.54227	12.49978	1.03583	1	0.74115	0.56446	12.04814	1.03583	1	-0.00446	-0.00994	0.67623	0.00303	1	0.06131	-0.01443	0.65892	0.00323	1	1.45898	0.81042	0	
1255650	8468.95508	3305489145171	0.40829	0.65303	8468.88867	0.06641	11474	1	0.46410	0.69482	1	0.38692	0.67902	1	0.42551	0.68692	1	0.48005	0.54246	12.43026	1.03583	1	0.74117	0.56508	12.46900	1.03583	1	-0.00446	-0.00994	0.67623	0.00301	1	0.06131	-0.01443	0.65892	0.00298	1	1.45898	0.81042	0	
1255651	8468.96191	3305489215085	0.40884	0.65459	8468.88867	0.07324	11474	1	0.45261	0.68243	1	0.37717	0.66111	1	0.41489	0.67177	1	0.47985	0.54225	12.30489	1.03583	1	0.74116	0.56481	12.21976	1.03583	1	-0.00446	-0.00994	0.67623	0.00304	1	0.06131	-0.01443	0.65892	0.00316	1	1.45898	0.81042	0	
1255652	8468.96875	3305489279902	0.40923	0.65556	8468.88867	0.08008	11474	1	0.45103	0.67805	1	0.37667	0.65641	1	0.41385	0.66723	1	0.47982	0.54233	12.55947	1.04492	1	0.74125	0.56482	12.21006	1.04492	1	-0.00466	-0.01026	0.69785	0.00300	1	0.06131	-0.01438	0.65892	0.00318	1	1.45898	0.81042	0	
1255653	8468.97461	3305489346116	0.40993	0.65617	8468.88867	0.08594	11474	1	0.44853	0.66392	1	0.38963	0.66431	1	0.41908	0.66411	1	0.47987	0.54229	11.75307	1.05400	1	0.74119	0.56504	12.24121	1.05400	1	-0.00466	-0.01026	0.69785	0.00318	1	0.06131	-0.01438	0.65892	0.00298	1	1.45898	0.81042	0	
1255654	8468.98145	3305489414282	0.41061	0.65686	8468.88867	0.09277	11474	1	0.44228	0.71395	1	0.39777	0.61895	1	0.42002	0.66645	1	0.47966	0.54255	12.33620	1.06309	1	0.74131	0.56452	11.58833	1.06309	1	-0.00466	-0.01026	0.69785	0.00295	1	0.06131	-0.01438	0.65892	0.00327	1	1.45898	0.81042	0	
1255655	8468.98828	3305489480137	0.41125	0.65782	8468.88867	0.09961	11474	1	0.44371	0.71748	1	0.39827	0.62701	1	0.42099	0.67224	1	0.47964	0.54260	12.02620	1.05507	1	0.74123	0.56453	11.57958	1.04826	1	-0.00435	-0.00941	0.63697	0.00289	1	0.05898	-0.01385	0.63441	0.00313	1	1.45898	0.81042	0	
1255656	8468.99512	3305489547591	0.41130	0.65827	8468.88867	0.10645	11474	1	0.45058	0.69759	1	0.37344	0.63345	1	0.41201	0.66552	1	0.47976	0.54246	11.73931	1.03116	1	0.74088	0.56452	12.01905	1.02435	1	-0.00435	-0.00941	0.63697	0.00301	1	0.05898	-0.01385	0.63441	0.00309	1	1.45898	0.81042	0	
1255657	8469.00195	3305489613002	0.41123	0.65984	8468.88867	0.11328	11474	1	0.45045	0.70873	1	0.36955	0.66442	1	0.41000	0.68658	1	0.47961	0.54235	11.78730	1.00725	1	0.74074	0.56470	11.47666	1.00044	1	-0.00435	-0.00941	0.63697	0.00287	1	0.05898	-0.01385	0.63441	0.00312	1	1.45898	0.81042	0	
1255658	8469.00879	3305489680903	0.41131	0.66178	8468.88867	0.12012	11474	1	0.45479	0.71994	1	0.37065	0.67351	1	0.41272	0.69673	1	0.47929	0.54223	11.37992	0.98334	1	0.74047	0.56482	12.26575	0.98334	1	-0.00464	-0.01010	0.67985	0.00282	1	0.06038	-0.01419	0.64997	0.00308	1	1.45898	0.81042	0	
1255659	8469.01562	3305489752574	0.41030	0.66402	8468.88867	0.12695	11474	1	0.43563	0.73005	1	0.34690	0.68302	1	0.39127	0.70653	1	0.47935	0.54246	11.16743	0.98334	1	0.74044	0.56487	12.24435	0.99015	1	-0.00464	-0.01010	0.67985	0.00288	1	0.06038	-0.01419	0.64997	0.00308	1	1.45898	0.81042	0	
1255660	8469.02148	3305489814792	0.41017	0.66547	8468.88867	0.13281	11474	1	0.45388	0.71420	1	0.36105	0.67480	1	0.40747	0.69450	1	0.47932	0.54244	11.40461	0.99015	1	0.74059	0.56468	12.10000	0.99696	1	-0.00464	-0.01010	0.67985	0.00285	1	0.06038	-0.01419	0.64997	0.00302	1	1.45898	0.81042	0	
1255661	8469.02930	3305489883524	0.40999	0.66655	8468.88867	0.14062	11474	1	0.45265	0.71099	1	0.36000	0.66724	1	0.40633	0.68912	1	0.47956	0.54241	11.72182	0.99696	1	0.74055	0.56469	11.53198	1.01142	1	-0.00464	-0.01010	0.67985	0.00286	1	0.06378	-0.01500	0.68706	0.00300	1	1.45898	0.81042	0	
1255662	8469.03613	3305489951957	0.41049	0.66701	8468.88867	0.14746	11474	1	0.47555	0.69546	1	0.36712	0.65873	1	0.42133	0.67709	1	0.47968	0.54246	12.02228	1.01142	1	0.74041	0.56467	11.94280	1.01908	1	-0.00464	-0.01010	0.67985	0.00283	1	0.06378	-0.01500	0.68706	0.00302	1	1.45898	0.81042	0	
1255663	8469.04199	3305490019220	0.41081	0.66766	8468.88867	0.15332	11474	1	0.45554	0.72819	1	0.38100	0.63709	1	0.41827	0.68264	1	0.47949	0.54265	11.89578	1.01908	1	0.74063	0.56468	11.75136	1.02674	1	-0.00464	-0.01010	0.67985	0.00280	1	0.06378	-0.01500	0.68706	0.00303	1	1.45898	0.81042	0	
1255664	8469.04883	3305490086174	0.41108	0.66819	8468.88867	0.16016	11474	1	0.45421	0.72479	1	0.38100	0.63709	1	0.41760	0.68094	1	0.47908	0.54276	12.24979	1.02674	1	0.74056	0.56478	12.00139	1.02674	1	-0.00464	-0.01010	0.67985	0.00284	1	0.06150	-0.01447	0.66309	0.00299	1	1.45898	0.81042	0	
1255665	8469.05566	3305490152793	0.41190	0.66927	8468.88867	0.16699	11474	1	0.46244	0.72202	1	0.40201	0.67058	1	0.43222	0.69630	1	0.47955	0.54265	11.12236	1.02674	1	0.74056	0.56486	12.15644	1.01908	1	-0.00464	-0.01010	0.67985	0.00299	1	0.06150	-0.01447	0.66309	0.00300	1	1.45898	0.81042	0	
1255666	8469.06250	3305490220118	0.41329	0.67044	8468.88867	0.17383	11474	1	0.49156	0.72262	1	0.40729	0.67903	1	0.44943	0.70082	1	0.47958	0.54269	11.79504	1.01908	1	0.74070	0.56496	12.37278	1.01142	1	-0.00464	-0.01010	0.67985	0.00309	1	0.06150	-0.01447	0.66309	0.00300	1	1.45898	0.81042	0	
1255667	8469.06934	3305490287138	0.41458	0.67152	8468.88867	0.18066	11474	1	0.49151	0.72246	1	0.40728	0.67884	1	0.44940	0.70065	1	0.47932	0.54252	11.20042	1.01944	1	0.74042	0.56499	12.15455	1.01178	1	-0.00469	-0.01004	0.67946	0.00296	1	0.06096	-0.01429	0.65721	0.00301	1	1.45898	0.81042	0	
1255668	8469.07617	3305490353850	0.41508	0.67287	8468.88867	0.18750	11474	1	0.46066	0.74238	1	0.39757	0.67928	1	0.42912	0.71083	1	0.47909	0.54284	11.84846	1.01980	1	0.74050	0.56504	12.57613	1.01980	1	-0.00469	-0.01004	0.67946	0.00304	1	0.06096	-0.01429	0.65721	0.00293	1	1.45898	0.81042	0	
1255669	8469.08203	3305490419940	0.41511	0.67423	8468.88867	0.19336	11474	1	0.44410	0.73439	1	0.38795	0.69284	1	0.41603	0.71361	1	0.47885	0.54285	11.68167	1.02781	1	0.74038	0.56504	12.33890	1.02781	1	-0.00469	-0.01004	0.67946	0.00301	1	0.06096	-0.01429	0.65721	0.00293	1	1.45898	0.81042	0	
1255670	8469.08887	3305490486537	0.41514	0.67550	8468.88867	0.20020	11474	1	0.44410	0.73439	1	0.38795	0.69284	1	0.41603	0.71361	1	0.47892	0.54256	11.22783	1.02781	1	0.74011	0.56483	11.05094	1.02781	1	-0.00466	-0.00967	0.65464	0.00291	1	0.06061	-0.01429	0.65454	0.00302	1	1.45898	0.81042	0	
1255671	8469.09570	3305490554681	0.41506	0.67683	8468.88867	0.20703	11474	1	0.44239	0.75523	1	0.38290	0.68066	1	0.41265	0.71794	1	0.47872	0.54278	11.15710	1.01980	1	0.74018	0.56484	11.39218	1.01980	1	-0.00466	-0.00967	0.65464	0.00290	1	0.06061	-0.01429	0.65454	0.00296	1	1.45898	0.81042	0	
1255672	8469.10254	3305490622935	0.41448	0.67778	8468.88867	0.21387	11474	1	0.42137	0.74296	1	0.37032	0.67350	1	0.39585	0.70823	1	0.47853	0.54274	10.97437	1.01178	1	0.74007	0.56481	10.94182	1.01178	1	-0.00466	-0.00967	0.65464	0.00302	1	0.06061	-0.01429	0.65454	0.00302	1	1.45898	0.81042	0	
1255673	8469.10938	3305490689068	0.41395	0.67873	8468.88867	0.22070	11474	1	0.42303	0.74644	1	0.37035	0.67368	1	0.39669	0.71006	1	0.47838	0.54303	11.45456	1.00376	1	0.74011	0.56458	11.14501	1.01142	1	-0.00466	-0.00967	0.65464	0.00291	1	0.06431	-0.01512	0.69504	0.00304	1	1.45898	0.81042	0	
1255674	8469.11621	3305490756210	0.41389	0.67905	8468.88867	0.22754	11474	1	0.44013	0.72571	1	0.38306	0.65431	1	0.41159	0.69001	1	0.47842	0.54271	11.30881	1.01142	1	0.74021	0.56471	11.09583	1.01908	1	-0.00466	-0.00967	0.65464	0.00280	1	0.06431	-0.01512	0.69504	0.00320	1	1.45898	0.81042	0	
1255675	8469.12305	3305490822856	0.42000	0.70455	8468.88867	0.22754	11474	0	0.44649	0.74122	1	0.38043	0.68203	1	0.41346	0.71163	1	0.47846	0.54283	11.00276	1.01908	1	0.74030	0.56488	11.02586	1.02674	1	-0.00466	-0.00967	0.65464	0.00278	1	0.06431	-0.01512	0.69504	0.00319	1	1.45898	0.81042	0	
1255676	8469.12988	3305490889374	0.41628	0.70630	8468.88867	0.22754	11474	0	0.44509	0.73792	1	0.38003	0.67819	1	0.41256	0.70805	1	0.47847	0.54271	11.26436	1.02674	1	0.74035	0.56482	10.90667	1.03440	1	-0.00467	-0.00975	0.65627	0.00272	1	0.06431	-0.01512	0.69504	0.00324	1	1.45898	0.81042	0	
1255677	8469.13574	3305490956673	0.41805	0.70188	8468.88867	0.22754	11474	0	0.43201	0.71542	1	0.41118	0.67062	1	0.42160	0.69302	1	0.47841	0.54261	11.19322	1.03440	1	0.74029	0.56503	11.16562	1.03440	1	-0.00467	-0.00975	0.65627	0.00277	1	0.06431	-0.01512	0.69504	0.00300	1	1.45898	0.81042	0	
1255678	8469.14258	3305491024049	0.41774	0.69698	8469.12305	0.01953	11475	1	0.45137	0.73261	1	0.38226	0.63198	1	0.41681	0.68229	1	0.47857	0.54283	11.36571	1.03440	1	0.74027	0.56460	10.93349	1.03440	1	-0.00467	-0.00975	0.65627	0.00278	1	0.06431	-0.01512	0.69504	0.00328	1	1.45898	0.81042	0	
1255679	8469.14941	3305491088913	0.41756	0.69404	8469.12305	0.02637	11475	1	0.45137	0.73261	1	0.38226	0.63198	1	0.41681	0.68229	1	0.47858	0.54295	11.60938	1.03440	1	0.74024	0.56455	11.12805	1.03440	1	-0.00467	-0.00975	0.65627	0.00277	1	0.06431	-0.01512	0.69504	0.00321	1	1.45898	0.81042	0	
1255680	8469.15625	3305491157939	0.41653	0.69259	8469.12305	0.03320	11475	1	0.43328	0.71162	1	0.38954	0.65898	1	0.41141	0.68530	1	0.47860	0.54307	11.66704	1.03440	1	0.74035	0.56482	10.90667	1.03440	1	-0.00467	-0.00975	0.65627	0.00282	1	0.06431	-0.01512	0.69504	0.00324	1	1.45898	0.81042	0	
1255681	8469.16309	3305491223019	0.41680	0.69630	8469.12305	0.04004	11475	1	0.43666	0.75584	1	0.40010	0.68132	1	0.41838	0.71858	1	0.47868	0.54302	11.42916	1.03440	1	0.74054	0.56503	11.15203	1.03440	1	-0.00467	-0.00975	0.65627	0.00282	1	0.06431	-0.01512	0.69504	0.00329	1	1.45898	0.81042	0	
1255682	8469.16895	3305491287354	0.41688	0.69863	8469.12305	0.04590	11475	1	0.43514	0.75254	1	0.39984	0.67732	1	0.41749	0.71493	1	0.47846	0.54314	11.44399	1.04242	1	0.74029	0.56503	11.16562	1.04242	1	-0.00480	-0.01011	0.68047	0.00286	1	0.06431	-0.01512	0.69504	0.00300	1	1.45898	0.81042	0	
1255683	8469.17676	3305491358678	0.41467	0.69589	8469.12305	0.05371	11475	1	0.41352	0.69770	1	0.38037	0.65021	1	0.39694	0.67396	1	0.47850	0.54298	10.82550	1.05043	1	0.74028	0.56475	10.79345	1.05043	1	-0.00480	-0.01011	0.68047	0.00295	1	0.06431	-0.01512	0.69504	0.00335	1	1.45898	0.81042	0	
1255684	8469.18262	3305491425493	0.41316	0.69245	8469.12305	0.05957	11475	1	0.42875	0.70868	1	0.37040	0.61427	1	0.39958	0.66148	1	0.47858	0.54325	11.56758	1.05845	1	0.74019	0.56458	10.94234	1.05845	1	-0.00480	-0.01011	0.68047	0.00292	1	0.06431	-0.01512	0.69504	0.00304	1	1.45898	0.81042	0	AUDIO_FILE_OFFSET
1255685	8469.18945	3305491492609	0.41185	0.68946	8469.12305	0.06641	11475	1	0.42722	0.70510	1	0.37038	0.61407	1	0.39880	0.65959	1	0.47847	0.54361	11.47864	1.06647	1	0.74018	0.56484	10.88934	1.05881	1	-0.00480	-0.01011	0.68047	0.00302	1	0.06114	-0.01436	0.66023	0.00295	1	1.45898	0.81042	0	
1255686	8469.19629	3305491558846	0.41043	0.68857	8469.12305	0.07324	11475	1	0.41771	0.71271	1	0.37183	0.64488	1	0.39477	0.67879	1	0.47840	0.54320	10.91262	1.05881	1	0.74013	0.56478	11.00787	1.05115	1	-0.00480	-0.01011	0.68047	0.00297	1	0.06114	-0.01436	0.66023	0.00296	1	1.45898	0.81042	0	
1255687	8469.20312	3305491626463	0.40875	0.69048	8469.12305	0.08008	11475	1	0.41633	0.74763	1	0.36092	0.67926	1	0.38862	0.71344	1	0.47849	0.54350	11.34212	1.05115	1	0.73990	0.56514	11.47440	1.04349	1	-0.00480	-0.01011	0.68047	0.00296	1	0.06114	-0.01436	0.66023	0.00295	1	1.45898	0.81042	0	
1255688	8469.20996	3305491692937	0.40732	0.69220	8469.12305	0.08691	11475	1	0.41604	0.74704	1	0.36129	0.68192	1	0.38866	0.71448	1	0.47878	0.54304	10.81789	1.05258	1	0.73995	0.56524	11.84657	1.03811	1	-0.00481	-0.01024	0.68975	0.00307	1	0.05896	-0.01389	0.63620	0.00288	1	1.45898	0.81042	0	
1255689	8469.21680	3305491758510	0.40711	0.69287	8469.12305	0.09375	11475	1	0.43092	0.71719	1	0.37760	0.68725	1	0.40426	0.70222	1	0.47876	0.54328	10.89486	1.04719	1	0.74005	0.56521	11.67096	1.04039	1	-0.00481	-0.01024	0.68975	0.00312	1	0.05896	-0.01389	0.63620	0.00290	1	1.45898	0.81042	0	STOP_TRIAL
1255842	8470.24121	3305502008058	0.47055	0.48903	8470.18750	0.05371	11478	1	0.50772	0.51589	1	0.43721	0.50795	1	0.47247	0.51192	1	0.48172	0.53810	10.57230	1.07217	1	0.74342	0.56141	11.83129	1.07217	1	-0.00436	-0.00976	0.69977	0.00338	1	0.06074	-0.01369	0.64967	0.00347	1	1.45898	0.81042	0	
1255843	8470.24805	3305502075520	0.46967	0.48975	8470.18750	0.06055	11478	1	0.48866	0.46832	1	0.43478	0.52416	1	0.46172	0.49624	1	0.48175	0.53796	10.52920	1.07217	1	0.74345	0.56146	11.91155	1.07217	1	-0.00436	-0.00976	0.69977	0.00340	1	0.06074	-0.01369	0.64967	0.00343	1	1.45898	0.81042	0	START_TRIAL
1255844	8470.25488	3305502143288	0.46888	0.48951	8470.18750	0.06738	11478	1	0.48727	0.46141	1	0.43479	0.51281	1	0.46103	0.48711	1	0.48180	0.53830	10.61586	1.08256	1	0.74333	0.56174	12.01809	1.09022	1	-0.00454	-0.01011	0.72080	0.00329	1	0.06338	-0.01427	0.67731	0.00332	1	1.45898	0.81042	0	
1255845	8470.26172	3305502209749	0.46866	0.48786	8470.18750	0.07422	11478	1	0.49572	0.45486	1	0.43681	0.48460	1	0.46626	0.46973	1	0.48153	0.53785	10.78552	1.10060	1	0.74339	0.56150	12.02136	1.10826	1	-0.00454	-0.01011	0.72080	0.00346	1	0.06338	-0.01427	0.67731	0.00346	1	1.45898	0.81042	0	
1255846	8470.26855	3305502276552	0.46907	0.48871	8470.18750	0.08105	11478	1	0.50834	0.46731	1	0.43966	0.53058	1	0.47400	0.49894	1	0.48183	0.53791	10.56120	1.11864	1	0.74344	0.56162	12.04128	1.12630	1	-0.00454	-0.01011	0.72080	0.00349	1	0.06338	-0.01427	0.67731	0.00334	1	1.45898	0.81042	0	
1255847	8470.27539	3305502344356	0.46940	0.48927	8470.18750	0.08789	11478	1	0.50748	0.46242	1	0.43966	0.53058	1	0.47357	0.49650	1	0.48182	0.53789	10.24822	1.12630	1	0.74348	0.56134	11.77161	1.12630	1	-0.00449	-0.00983	0.70431	0.00346	1	0.06074	-0.01369	0.64967	0.00347	1	1.45898	0.81042	0	
1255848	8470.28125	3305502407416	0.46969	0.48927	8470.18750	0.09375	11478	1	0.50909	0.48250	1	0.43847	0.49611	1	0.47378	0.48931	1	0.48170	0.53811	10.57509	1.11592	1	0.74350	0.56135	11.73834	1.10826	1	-0.00449	-0.00983	0.70431	0.00339	1	0.06074	-0.01369	0.64967	0.00348	1	1.45898	0.81042	0	
1255849	8470.28809	3305502477189	0.47034	0.48931	8470.18750	0.10059	11478	1	0.51816	0.47684	1	0.44210	0.50293	1	0.48013	0.48989	1	0.48180	0.53796	10.25015	1.09788	1	0.74356	0.56142	11.86414	1.09022	1	-0.00449	-0.00983	0.70431	0.00343	1	0.06074	-0.01369	0.64967	0.00347	1	1.45898	0.81042	0	
1255850	8470.29492	3305502544494	0.47097	0.48988	8470.18750	0.10742	11478	1	0.52009	0.48839	1	0.44204	0.50957	1	0.48106	0.49898	1	0.48179	0.53787	10.23985	1.07983	1	0.74350	0.56150	11.96321	1.07983	1	-0.00504	-0.01141	0.80938	0.00343	1	0.06349	-0.01437	0.67958	0.00341	1	1.45898	0.81042	0	
1255851	8470.30176	3305502611646	0.47050	0.49110	8470.18750	0.11426	11478	1	0.49348	0.50434	1	0.43156	0.51924	1	0.46252	0.51179	1	0.48151	0.53804	10.93088	1.07983	1	0.74341	0.56167	11.97820	1.08749	1	-0.00504	-0.01141	0.80938	0.00333	1	0.06349	-0.01437	0.67958	0.00345	1	1.45898	0.81042	0	
1255852	8470.30859	3305502678673	0.47047	0.48988	8470.18750	0.12109	11478	1	0.48454	0.41918	1	0.45533	0.51657	1	0.46994	0.46788	1	0.48142	0.53786	10.86475	1.08749	1	0.74336	0.56178	12.05057	1.09515	1	-0.00504	-0.01141	0.80938	0.00331	1	0.06349	-0.01437	0.67958	0.00342	1	1.45898	0.81042	0	
1255853	8470.31543	3305502745761	0.47039	0.48830	8470.18750	0.12793	11478	1	0.48212	0.40652	1	0.45552	0.51009	1	0.46882	0.45831	1	0.48057	0.53895	10.95883	1.10553	1	0.74242	0.56141	11.15616	1.10553	1	-0.00461	-0.00995	0.69806	0.00336	1	0.06226	-0.01418	0.66802	0.00341	1	1.45898	0.81042	0	
1255854	8470.32129	3305502812467	0.46904	0.49006	8470.18750	0.13379	11478	1	0.43791	0.49141	1	0.44612	0.55938	1	0.44201	0.52539	1	0.47993	0.53911	11.00898	1.11592	1	0.74203	0.56209	11.77049	1.10826	1	-0.00461	-0.00995	0.69806	0.00342	1	0.06226	-0.01418	0.66802	0.00353	1	1.45898	0.81042	0	
1255855	8470.32812	3305502879793	0.47039	0.49106	8470.18750	0.14062	11478	1	0.50826	0.53275	1	0.48911	0.49133	1	0.49868	0.51204	1	0.48018	0.53920	10.93167	1.11864	1	0.74227	0.56159	11.40608	1.11098	1	-0.00461	-0.00995	0.69806	0.00346	1	0.06226	-0.01418	0.66802	0.00332	1	1.45898	0.81042	0	
1255856	8470.33496	3305502948200	0.47163	0.49207	8470.18750	0.14746	11478	1	0.50913	0.53718	1	0.48911	0.49133	1	0.49912	0.51426	1	0.47767	0.54017	10.65672	1.11098	1	0.73963	0.56147	11.24714	1.11098	1	-0.00501	-0.01002	0.70318	0.00359	1	0.06431	-0.01475	0.69504	0.00351	1	1.45898	0.81042	0	
1255857	8470.34180	3305503013882	0.46712	0.49192	8470.18750	0.15430	11478	1	0.37104	0.52448	1	0.35548	0.45264	1	0.36326	0.48856	1	0.47729	0.53938	11.05721	1.10060	1	0.73901	0.56102	11.35118	1.10826	1	-0.00501	-0.01002	0.70318	0.00342	1	0.06431	-0.01475	0.69504	0.00349	1	1.45898	0.81042	0	
1255858	8470.34863	3305503080460	0.46383	0.49224	8470.18750	0.16113	11478	1	0.38746	0.56237	1	0.38239	0.43718	1	0.38492	0.49977	1	0.47717	0.53967	11.11059	1.09788	1	0.73904	0.56113	10.77822	1.10553	1	-0.00501	-0.01002	0.70318	0.00361	1	0.06431	-0.01475	0.69504	0.00348	1	1.45898	0.81042	0	
1255859	8470.35547	3305503146760	0.46081	0.49259	8470.18750	0.16797	11478	1	0.38804	0.56392	1	0.38251	0.43904	1	0.38528	0.50148	1	0.47644	0.54029	10.68578	1.09515	1	0.73802	0.56162	11.36971	1.10281	1	-0.00521	-0.01001	0.70227	0.00370	1	0.06294	-0.01448	0.68245	0.00352	1	1.45898	0.81042	0	
1255860	8470.36230	3305503214344	0.45463	0.48930	8470.18750	0.17480	11478	1	0.28063	0.34218	1	0.30735	0.46510	1	0.29399	0.40364	1	0.47550	0.53734	10.16589	1.10281	1	0.73785	0.56124	11.31996	1.10281	1	-0.00521	-0.01001	0.70227	0.00230	1	0.06294	-0.01448	0.68245	0.00351	1	1.45898	0.81042	0	
1255861	8470.36816	3305503278527	0.41978	0.48242	8470.18750	0.17480	11478	0	0.27213	0.34276	1	0.30347	0.47102	1	0.28780	0.40689	1	0.47540	0.53728	10.09589	1.10281	1	0.73775	0.56128	11.19470	1.10281	1	-0.00521	-0.01001	0.70227	0.00225	1	0.06294	-0.01448	0.68245	0.00350	1	1.45898	0.81042	0	
1255862	8470.37500	3305503346555	0.35556	0.45074	8470.18750	0.17480	11478	0	0.27723	0.35597	1	0.30544	0.48216	1	0.29134	0.41907	1	0.47548	0.53715	10.16455	1.08571	1	0.73772	0.56107	11.13505	1.08571	1	-0.00502	-0.00945	0.66333	0.00231	1	0.06294	-0.01448	0.68245	0.00365	1	1.45898	0.81042	0	
1255863	8470.38184	3305503414353	0.33499	0.43337	8470.18750	0.17480	11478	0	0.28320	0.36250	1	0.30451	0.43477	1	0.29386	0.39864	1	0.47545	0.53718	10.13562	1.06861	1	0.73775	0.56119	11.07394	1.06861	1	-0.00502	-0.00945	0.66333	0.00245	1	0.06294	-0.01448	0.68245	0.00355	1	1.45898	0.81042	0	
1255864	8470.38867	3305503478879	0.29767	0.41625	8470.18750	0.17480	11478	0	0.30755	0.37663	1	0.30809	0.48545	1	0.30782	0.43104	1	0.47532	0.53719	10.15711	1.05150	1	0.73779	0.56117	11.20263	1.05150	1	-0.00502	-0.00945	0.66333	0.00241	1	0.06294	-0.01448	0.68245	0.00353	1	1.45898	0.81042	0	
1255865	8470.39551	3305503546093	0.30447	0.42982	8470.18750	0.17480	11478	0	0.31243	0.38989	1	0.31009	0.49691	1	0.31126	0.44340	1	0.47493	0.53724	10.27619	1.03440	1	0.73780	0.56120	11.20922	1.03440	1	-0.00502	-0.00945	0.66333	0.00240	1	0.06294	-0.01448	0.68245	0.00352	1	1.45898	0.81042	0	
1255866	8470.40137	3305503611715	0.30350	0.44474	8470.18750	0.17480	11478	0	0.29483	0.40011	1	0.30829	0.54906	1	0.30156	0.47458	1	0.47519	0.53722	10.01713	1.03440	1	0.73784	0.56166	11.26091	1.03440	1	-0.00502	-0.00945	0.66333	0.00228	1	0.06294	-0.01448	0.68245	0.00354	1	1.45898	0.81042	0	
1255867	8470.40820	3305503680590	0.31562	0.47133	8470.38867	0.01953	11479	1	0.37133	0.59360	1	0.33266	0.50862	1	0.35199	0.55111	1	0.47621	0.53965	10.44762	1.03440	1	0.73780	0.56179	11.12090	1.03440	1	-0.00502	-0.00945	0.66333	0.00347	1	0.06294	-0.01448	0.68245	0.00348	1	1.45898	0.81042	0	
1255868	8470.41504	3305503746068	0.32263	0.48630	8470.38867	0.02637	11479	1	0.36938	0.58901	1	0.33189	0.50333	1	0.35064	0.54617	1	0.47612	0.53977	11.13628	1.04242	1	0.73724	0.56241	11.60628	1.04242	1	-0.00518	-0.00965	0.67718	0.00351	1	0.06294	-0.01448	0.68245	0.00350	1	1.45898	0.81042	0	
1255869	8470.42188	3305503814396	0.32549	0.49948	8470.38867	0.03320	11479	1	0.36396	0.59287	1	0.31572	0.53788	1	0.33984	0.56538	1	0.47613	0.53985	10.82191	1.05043	1	0.73755	0.56216	11.52080	1.05043	1	-0.00518	-0.00965	0.67718	0.00348	1	0.06294	-0.01448	0.68245	0.00344	1	1.45898	0.81042	0	
1255870	8470.42871	3305503883666	0.32231	0.49070	8470.38867	0.04004	11479	1	0.27744	0.34171	1	0.32899	0.53437	1	0.30321	0.43804	1	0.47485	0.53730	9.97029	1.05845	1	0.73773	0.56203	11.00996	1.05845	1	-0.00518	-0.00965	0.67718	0.00229	1	0.06294	-0.01448	0.68245	0.00351	1	1.45898	0.81042	0	
1255871	8470.43555	3305503951792	0.31967	0.48307	8470.38867	0.04688	11479	1	0.27499	0.33524	1	0.32737	0.52400	1	0.30118	0.42962	1	0.47494	0.53735	10.09530	1.06647	1	0.73734	0.56249	11.77764	1.07515	1	-0.00518	-0.00965	0.67718	0.00221	1	0.06421	-0.01479	0.69681	0.00345	1	1.45898	0.81042	0	
1255872	8470.44238	3305504019123	0.32060	0.49200	8470.38867	0.05371	11479	1	0.35824	0.58341	1	0.29776	0.54348	1	0.32800	0.56345	1	0.47617	0.53991	11.21332	1.07515	1	0.73733	0.56241	11.61334	1.08383	1	-0.00518	-0.00965	0.67718	0.00348	1	0.06421	-0.01479	0.69681	0.00346	1	1.45898	0.81042	0	
1255873	8470.44922	3305504085050	0.31716	0.48752	8470.38867	0.06055	11479	1	0.27394	0.36527	1	0.29861	0.52913	1	0.28627	0.44720	1	0.47503	0.53742	10.30322	1.08383	1	0.73731	0.56242	11.62319	1.09251	1	-0.00518	-0.00965	0.67718	0.00223	1	0.06421	-0.01479	0.69681	0.00347	1	1.45898	0.81042	0	
1255874	8470.45605	3305504152467	0.31419	0.48331	8470.38867	0.06738	11479	1	0.27131	0.35863	1	0.29756	0.52387	1	0.28444	0.44125	1	0.47494	0.53735	10.09530	1.09251	1	0.73737	0.56234	11.59113	1.10119	1	-0.00518	-0.00965	0.67718	0.00221	1	0.06421	-0.01479	0.69681	0.00341	1	1.45898	0.81042	0	
1255875	8470.46289	3305504219268	0.31120	0.48089	8470.38867	0.07422	11479	1	0.26409	0.34781	1	0.29252	0.56057	1	0.27830	0.45419	1	0.47499	0.53730	10.00831	1.10119	1	0.73732	0.56262	11.99494	1.10119	1	-0.00518	-0.00965	0.67718	0.00229	1	0.06421	-0.01479	0.69681	0.00338	1	1.45898	0.81042	0	
1255876	8470.46875	3305504287169	0.31002	0.47771	8470.38867	0.08008	11479	1	0.28664	0.35690	1	0.30524	0.52226	1	0.29594	0.43958	1	0.47484	0.53734	9.96358	1.10119	1	0.73743	0.56219	11.38738	1.10119	1	-0.00518	-0.00965	0.67718	0.00231	1	0.06421	-0.01479	0.69681	0.00353	1	1.45898	0.81042	0	
1255877	8470.47559	3305504353453	0.30908	0.47534	8470.38867	0.08691	11479	1	0.28664	0.35690	1	0.30711	0.53217	1	0.29687	0.44454	1	0.47475	0.53748	10.12190	1.10119	1	0.73735	0.56250	11.78295	1.08485	1	-0.00515	-0.00974	0.67319	0.00214	1	0.06008	-0.01386	0.65305	0.00346	1	1.45898	0.81042	0	
1255878	8470.48242	3305504419854	0.30840	0.47502	8470.38867	0.09375	11479	1	0.29500	0.35866	1	0.30256	0.58259	1	0.29878	0.47062	1	0.47487	0.53735	10.21756	1.08485	1	0.73741	0.56262	11.96899	1.06851	1	-0.00515	-0.00974	0.67319	0.00230	1	0.06008	-0.01386	0.65305	0.00340	1	1.45898	0.81042	0	
1255879	8470.48926	3305504488812	0.30762	0.47643	8470.38867	0.10059	11479	1	0.29428	0.37756	1	0.29777	0.61732	1	0.29602	0.49744	1	0.47478	0.53736	9.91463	1.06851	1	0.73731	0.56253	11.81447	1.05217	1	-0.00515	-0.00974	0.67319	0.00230	1	0.06008	-0.01386	0.65305	0.00352	1	1.45898	0.81042	0	
1255880	8470.49609	3305504554022	0.30700	0.47782	8470.38867	0.10742	11479	1	0.29639	0.38309	1	0.29772	0.61710	1	0.29706	0.50009	1	0.47455	0.53736	9.92348	1.06126	1	0.73731	0.56255	12.00902	1.05258	1	-0.00548	-0.01022	0.70967	0.00233	1	0.06316	-0.01458	0.68702	0.00350	1	1.45898	0.81042	0	
1255881	8470.50293	3305504619995	0.30856	0.48393	8470.38867	0.11426	11479	1	0.35912	0.58859	1	0.31091	0.58717	1	0.33502	0.58788	1	0.47533	0.53975	10.70578	1.06166	1	0.73763	0.56215	11.71786	1.06932	1	-0.00548	-0.01022	0.70967	0.00335	1	0.06316	-0.01458	0.68702	0.00359	1	1.45898	0.81042	0	
1255882	8470.50977	3305504688455	0.30856	0.48191	8470.38867	0.12109	11479	1	0.30538	0.32965	1	0.31186	0.56153	1	0.30862	0.44559	1	0.47457	0.53738	9.80039	1.07841	1	0.73754	0.56207	11.72020	1.08607	1	-0.00548	-0.01022	0.70967	0.00235	1	0.06316	-0.01458	0.68702	0.00354	1	1.45898	0.81042	0	
1255883	8470.51562	3305504754845	0.30847	0.47971	8470.38867	0.12695	11479	1	0.30326	0.32351	1	0.31006	0.55206	1	0.30666	0.43778	1	0.47386	0.53731	9.95725	1.08607	1	0.73629	0.56224	11.86998	1.10241	1	-0.00544	-0.00985	0.68403	0.00227	1	0.06478	-0.01497	0.70527	0.00358	1	1.45898	0.81042	0	
1255884	8470.52246	3305504822100	0.30698	0.47745	8470.38867	0.13379	11479	1	0.25851	0.30347	1	0.29596	0.56128	1	0.27724	0.43238	1	0.47357	0.53719	9.72290	1.09332	1	0.73655	0.56227	12.17041	1.10200	1	-0.00544	-0.00985	0.68403	0.00218	1	0.06478	-0.01497	0.70527	0.00334	1	1.45898	0.81042	0	
1255885	8470.52930	3305504888954	0.30689	0.47599	8470.38867	0.14062	11479	1	0.28969	0.35015	1	0.32048	0.54051	1	0.30508	0.44533	1	0.47367	0.53740	10.23494	1.09291	1	0.73652	0.56203	11.80486	1.10160	1	-0.00544	-0.00985	0.68403	0.00222	1	0.06478	-0.01497	0.70527	0.00338	1	1.45898	0.81042	0	
1255886	8470.53613	3305504956377	0.30690	0.47502	8470.38867	0.14746	11479	1	0.29211	0.35665	1	0.32221	0.55062	1	0.30716	0.45364	1	0.47283	0.53696	9.81814	1.08449	1	0.73580	0.56168	11.45775	1.08449	1	-0.00546	-0.00957	0.66800	0.00220	1	0.06157	-0.01424	0.67308	0.00343	1	1.45898	0.81042	0	
1255887	8470.54297	3305505023517	0.30558	0.47325	8470.38867	0.15430	11479	1	0.24343	0.33950	1	0.30675	0.52554	1	0.27509	0.43252	1	0.47279	0.53692	9.76169	1.07648	1	0.73587	0.56161	11.30332	1.06780	1	-0.00546	-0.00957	0.66800	0.00219	1	0.06157	-0.01424	0.67308	0.00341	1	1.45898	0.81042	0	
1255888	8470.54980	3305505090488	0.30491	0.47213	8470.38867	0.16113	11479	1	0.25332	0.34236	1	0.32437	0.54823	1	0.28885	0.44529	1	0.47255	0.53690	10.02561	1.05978	1	0.73620	0.56175	11.21992	1.05110	1	-0.00546	-0.00957	0.66800	0.00221	1	0.06157	-0.01424	0.67308	0.00341	1	1.45898	0.81042	0	
1255889	8470.55664	3305505157438	0.30438	0.47143	8470.38867	0.16797	11479	1	0.25615	0.34935	1	0.32604	0.55824	1	0.29109	0.45379	1	0.47265	0.53705	10.03841	1.05110	1	0.73577	0.56174	12.39589	1.03476	1	-0.00561	-0.00980	0.68055	0.00218	1	0.06010	-0.01386	0.65749	0.00344	1	1.45898	0.81042	0	
1255890	8470.56250	3305505224168	0.30292	0.47087	8470.38867	0.17383	11479	1	0.26910	0.38421	1	0.26092	0.52839	1	0.26501	0.45630	1	0.47273	0.53726	9.87862	1.04278	1	0.73498	0.56158	11.39078	1.03512	1	-0.00561	-0.00980	0.68055	0.00232	1	0.06010	-0.01386	0.65749	0.00356	1	1.45898	0.81042	0	
1255891	8470.56934	3305505287671	0.30108	0.47042	8470.38867	0.18066	11479	1	0.24865	0.37425	1	0.25413	0.54250	1	0.25139	0.45838	1	0.47229	0.53701	9.82064	1.04313	1	0.73498	0.56160	11.49642	1.03547	1	-0.00561	-0.00980	0.68055	0.00229	1	0.06010	-0.01386	0.65749	0.00352	1	1.45898	0.81042	0	
1255892	8470.57617	3305505358174	0.29941	0.47011	8470.38867	0.18750	11479	1	0.25122	0.38028	1	0.25413	0.54250	1	0.25268	0.46139	1	0.47223	0.53688	9.58395	1.03547	1	0.73511	0.56155	11.63141	1.03547	1	-0.00567	-0.00963	0.66877	0.00227	1	0.06253	-0.01438	0.68468	0.00346	1	1.45898	0.81042	0	
1255893	8470.58301	3305505421774	0.28383	0.44733	8470.38867	0.18750	11479	0	0.26109	0.37560	1	0.29312	0.51549	1	0.27710	0.44555	1	0.47218	0.53690	9.47153	1.02746	1	0.73517	0.56138	11.32149	1.03512	1	-0.00567	-0.00963	0.66877	0.00235	1	0.06253	-0.01438	0.68468	0.00361	1	1.45898	0.81042	0	
1255894	8470.58984	3305505489529	0.28046	0.45655	8470.38867	0.18750	11479	0	0.26701	0.39309	1	0.28718	0.53846	1	0.27710	0.46578	1	0.47216	0.53693	9.49843	1.02710	1	0.73509	0.56155	11.44945	1.03476	1	-0.00567	-0.00963	0.66877	0.00235	1	0.06253	-0.01438	0.68468	0.00344	1	1.45898	0.81042	0	
1255895	8470.59570	3305505554709	0.27855	0.45692	8470.38867	0.18750	11479	0	0.26452	0.38711	1	0.28491	0.52818	1	0.27471	0.45765	1	0.47199	0.53698	9.51520	1.03476	1	0.73500	0.56144	11.18055	1.05110	1	-0.00584	-0.00984	0.68362	0.00243	1	0.06341	-0.01454	0.69486	0.00351	1	1.45898	0.81042	0	
1255896	8470.60254	3305505625323	0.27310	0.45064	8470.58301	0.01953	11480	1	0.22918	0.37301	1	0.28433	0.49064	1	0.25675	0.43183	1	0.47171	0.53712	10.12541	1.05912	1	0.73513	0.56129	10.86887	1.06780	1	-0.00584	-0.00984	0.68362	0.00236	1	0.06341	-0.01454	0.69486	0.00349	1	1.45898	0.81042	0	
1255897	8470.60938	3305505693160	0.27224	0.44829	8470.58301	0.02637	11480	1	0.23625	0.35189	1	0.30136	0.52587	1	0.26881	0.43888	1	0.47185	0.53703	9.59969	1.07581	1	0.73505	0.56136	11.06142	1.08449	1	-0.00584	-0.00984	0.68362	0.00226	1	0.06341	-0.01454	0.69486	0.00349	1	1.45898	0.81042	0	
1255898	8470.61621	3305505758064	0.27112	0.44522	8470.58301	0.03320	11480	1	0.23069	0.33876	1	0.30040	0.52096	1	0.26554	0.42986	1	0.47163	0.53709	9.30362	1.09251	1	0.73531	0.56126	11.97131	1.09251	1	-0.00584	-0.00979	0.68362	0.00232	1	0.06204	-0.01424	0.68042	0.00346	1	1.45898	0.81042	0	
1255899	8470.62305	3305505827383	0.27230	0.44169	8470.58301	0.04004	11480	1	0.24512	0.35268	1	0.31355	0.48828	1	0.27933	0.42048	1	0.47166	0.53717	9.46659	1.09251	1	0.73520	0.56089	11.93957	1.08383	1	-0.00584	-0.00979	0.68362	0.00217	1	0.06204	-0.01424	0.68042	0.00343	1	1.45898	0.81042	0	
1255900	8470.62988	3305505893816	0.27419	0.44088	8470.58301	0.04688	11480	1	0.22241	0.33429	1	0.35246	0.53625	1	0.28744	0.43527	1	0.47177	0.53685	9.83377	1.08383	1	0.73580	0.56125	12.41899	1.07515	1	-0.00584	-0.00979	0.68362	0.00224	1	0.06204	-0.01424	0.68042	0.00342	1	1.45898	0.81042	0	
1255901	8470.63672	3305505961112	0.27589	0.44120	8470.58301	0.05371	11480	1	0.22538	0.34121	1	0.35368	0.54624	1	0.28953	0.44372	1	0.47185	0.53676	9.65693	1.07515	1	0.73427	0.56071	11.73443	1.05881	1	-0.00584	-0.00979	0.68362	0.00222	1	0.06042	-0.01388	0.66318	0.00366	1	1.45898	0.81042	0	
1255902	8470.64355	3305506027675	0.27333	0.44087	8470.58301	0.06055	11480	1	0.24750	0.34405	1	0.25296	0.53182	1	0.25023	0.43794	1	0.47174	0.53686	9.76455	1.05881	1	0.73413	0.56059	11.96866	1.05115	1	-0.00584	-0.00979	0.68362	0.00229	1	0.06042	-0.01388	0.66318	0.00358	1	1.45898	0.81042	0	
1255903	8470.65039	3305506095272	0.27191	0.43958	8470.58301	0.06738	11480	1	0.25789	0.33926	1	0.25756	0.51412	1	0.25773	0.42669	1	0.47185	0.53676	9.63935	1.05115	1	0.73422	0.56095	12.21507	1.04349	1	-0.00584	-0.00979	0.68362	0.00223	1	0.06042	-0.01388	0.66318	0.00342	1	1.45898	0.81042	0	
1255904	8470.65625	3305506162008	0.27088	0.43897	8470.58301	0.07324	11480	1	0.26037	0.34550	1	0.25883	0.51906	1	0.25960	0.43228	1	0.47171	0.53672	9.82702	1.04349	1	0.73474	0.56100	12.11886	1.03583	1	-0.00579	-0.00966	0.67783	0.00225	1	0.06042	-0.01388	0.66318	0.00343	1	1.45898	0.81042	0	
1255905	8470.66309	3305506228913	0.27119	0.43983	8470.58301	0.08008	11480	1	0.26308	0.36741	1	0.28677	0.53276	1	0.27492	0.45008	1	0.47173	0.53674	9.84748	1.03583	1	0.73471	0.56106	12.37958	1.03583	1	-0.00579	-0.00966	0.67783	0.00224	1	0.06042	-0.01388	0.66318	0.00345	1	1.45898	0.81042	0	
1255906	8470.66992	3305506296013	0.27168	0.44180	8470.58301	0.08691	11480	1	0.23422	0.36606	1	0.32166	0.56868	1	0.27794	0.46737	1	0.47176	0.53679	9.62737	1.03583	1	0.73535	0.56134	12.74316	1.03583	1	-0.00579	-0.00966	0.67783	0.00227	1	0.06042	-0.01388	0.66318	0.00353	1	1.45898	0.81042	0	
1255907	8470.67676	3305506363031	0.27209	0.44350	8470.58301	0.09375	11480	1	0.23422	0.36606	1	0.32166	0.56868	1	0.27794	0.46737	1	0.47175	0.53679	9.58085	1.03583	1	0.73443	0.56114	12.08745	1.03583	1	-0.00576	-0.00955	0.67357	0.00230	1	0.06042	-0.01388	0.66318	0.00352	1	1.45898	0.81042	0	
1255908	8470.68359	3305506429998	0.27227	0.44456	8470.58301	0.10059	11480	1	0.24171	0.35597	1	0.30823	0.56479	1	0.27497	0.46038	1	0.47178	0.53671	9.90816	1.03583	1	0.73507	0.56093	12.89252	1.03583	1	-0.00576	-0.00955	0.67357	0.00220	1	0.06042	-0.01388	0.66318	0.00340	1	1.45898	0.81042	0	
1255909	8470.69043	3305506497131	0.27198	0.44516	8470.58301	0.10742	11480	1	0.24136	0.35755	1	0.29331	0.55223	1	0.26733	0.45489	1	0.47176	0.53679	9.58621	1.03583	1	0.73485	0.56086	11.57346	1.03583	1	-0.00576	-0.00955	0.67357	0.00229	1	0.06042	-0.01388	0.66318	0.00346	1	1.45898	0.81042	0	
1255910	8470.69727	3305506563881	0.27172	0.44570	8470.58301	0.11426	11480	1	0.24136	0.35755	1	0.29331	0.55223	1	0.26733	0.45489	1	0.47172	0.53662	10.16028	1.03583	1	0.73488	0.56088	11.72817	1.03583	1	-0.00576	-0.00955	0.67357	0.00220	1	0.06042	-0.01388	0.66318	0.00346	1	1.45898	0.81042	0	
1255911	8470.70312	3305506631025	0.27192	0.44767	8470.58301	0.12012	11480	1	0.25372	0.40769	1	0.29700	0.55836	1	0.27536	0.48303	1	0.47170	0.53679	10.08231	1.03583	1	0.73491	0.56087	11.71797	1.03583	1	-0.00576	-0.00955	0.67357	0.00226	1	0.06042	-0.01388	0.66318	0.00343	1	1.45898	0.81042	0	
1255912	8470.70996	3305506698070	0.27165	0.44959	8470.58301	0.12695	11480	1	0.23293	0.38764	1	0.30037	0.58456	1	0.26665	0.48610	1	0.47174	0.53653	10.23788	1.03583	1	0.73491	0.56095	11.77279	1.03583	1	-0.00576	-0.00955	0.67357	0.00219	1	0.06042	-0.01388	0.66318	0.00338	1	1.45898	0.81042	0	
1255913	8470.71680	3305506764667	0.27139	0.45122	8470.58301	0.13379	11480	1	0.23293	0.38764	1	0.29940	0.58008	1	0.26617	0.48386	1	0.47164	0.53654	10.06846	1.03583	1	0.73465	0.56084	12.11528	1.04349	1	-0.00576	-0.00955	0.67357	0.00232	1	0.06204	-0.01419	0.68042	0.00345	1	1.45898	0.81042	0	
1255914	8470.72363	3305506831799	0.27085	0.45086	8470.58301	0.14062	11480	1	0.23175	0.38694	1	0.28733	0.49972	1	0.25954	0.44333	1	0.47175	0.53664	9.96425	1.04349	1	0.73476	0.56073	12.33876	1.05115	1	-0.00576	-0.00955	0.67357	0.00223	1	0.06204	-0.01419	0.68042	0.00348	1	1.45898	0.81042	0	
1255915	8470.73047	3305506898691	0.26990	0.45066	8470.58301	0.14746	11480	1	0.23085	0.37324	1	0.26718	0.51898	1	0.24902	0.44611	1	0.47175	0.53663	9.97646	1.05115	1	0.73437	0.56061	11.85072	1.05881	1	-0.00576	-0.00955	0.67357	0.00225	1	0.06204	-0.01419	0.68042	0.00353	1	1.45898	0.81042	0	
1255916	8470.73730	3305506965688	0.26895	0.45024	8470.58301	0.15430	11480	1	0.22819	0.36723	1	0.26600	0.51415	1	0.24710	0.44069	1	0.47187	0.53653	9.96413	1.05881	1	0.73474	0.56064	11.85466	1.06647	1	-0.00576	-0.00955	0.67357	0.00233	1	0.06204	-0.01414	0.68042	0.00349	1	1.45898	0.81042	0	
1255917	8470.74414	3305507032832	0.26846	0.45009	8470.58301	0.16113	11480	1	0.22538	0.36135	1	0.28789	0.53137	1	0.25663	0.44636	1	0.47181	0.53653	9.75197	1.06647	1	0.73483	0.56071	12.05363	1.06647	1	-0.00576	-0.00955	0.67357	0.00233	1	0.06204	-0.01414	0.68042	0.00345	1	1.45898	0.81042	0	
1255918	8470.75000	3305507099515	0.26760	0.45029	8470.58301	0.16699	11480	1	0.22576	0.36331	1	0.26640	0.54736	1	0.24608	0.45534	1	0.47180	0.53655	9.71110	1.06647	1	0.73483	0.56081	12.19865	1.06647	1	-0.00576	-0.00955	0.67357	0.00245	1	0.06204	-0.01414	0.68042	0.00337	1	1.45898	0.81042	0	
1255919	8470.75684	3305507166521	0.26688	0.45068	8470.58301	0.17383	11480	1	0.22854	0.36958	1	0.26763	0.55218	1	0.24808	0.46088	1	0.47214	0.53638	9.68261	1.05845	1	0.73510	0.56054	11.80197	1.05845	1	-0.00567	-0.00943	0.66876	0.00224	1	0.06253	-0.01428	0.68468	0.00340	1	1.45898	0.81042	0	
1255920	8470.76367	3305507233623	0.26657	0.45055	8470.58301	0.18066	11480	1	0.24768	0.37627	1	0.26884	0.51766	1	0.25826	0.44697	1	0.47245	0.53611	9.89073	1.05043	1	0.73506	0.56062	11.62006	1.05043	1	-0.00567	-0.00943	0.66876	0.00224	1	0.06253	-0.01428	0.68468	0.00345	1	1.45898	0.81042	0	
1255921	8470.77051	3305507298276	0.26569	0.45150	8470.58301	0.18750	11480	1	0.18986	0.38188	1	0.29223	0.57452	1	0.24104	0.47820	1	0.47261	0.53605	9.76056	1.04242	1	0.73639	0.56047	12.93350	1.04242	1	-0.00567	-0.00943	0.66876	0.00229	1	0.06253	-0.01428	0.68468	0.00359	1	1.45898	0.81042	0	
1255922	8470.77734	3305507363709	0.26485	0.45231	8470.58301	0.19434	11480	1	0.18986	0.38188	1	0.29107	0.56939	1	0.24046	0.47564	1	0.47671	0.53451	10.31759	1.04242	1	0.73906	0.55828	10.83202	1.05110	1	-0.00528	-0.00952	0.68986	0.00224	1	0.06473	-0.01438	0.70245	0.00391	1	1.45898	0.81042	0	
1255923	8470.78320	3305507431620	0.26880	0.45344	8470.58301	0.20020	11480	1	0.39096	0.50615	1	0.38358	0.46864	1	0.38727	0.48739	1	0.47783	0.53673	11.06824	1.05912	1	0.74022	0.55906	12.88564	1.06780	1	-0.00528	-0.00952	0.68986	0.00361	1	0.06473	-0.01438	0.70245	0.00364	1	1.45898	0.81042	0	
1255924	8470.79102	3305507500555	0.26975	0.44922	8470.58301	0.20801	11480	1	0.28417	0.29513	1	0.31459	0.34151	1	0.29938	0.31832	1	0.47740	0.53404	9.97315	1.07581	1	0.73980	0.55796	11.92720	1.08449	1	-0.00528	-0.00952	0.68986	0.00228	1	0.06473	-0.01438	0.70245	0.00329	1	1.45898	0.81042	0	
1255925	8470.79688	3305507565522	0.27058	0.44503	8470.58301	0.21387	11480	1	0.27928	0.28115	1	0.31455	0.34123	1	0.29692	0.31119	1	0.48213	0.53258	10.62212	1.09251	1	0.74365	0.55800	11.79934	1.08485	1	-0.00439	-0.00919	0.68045	0.00219	1	0.06133	-0.01333	0.65805	0.00382	1	1.45898	0.81042	0	
1255926	8470.80371	3305507633609	0.27683	0.44368	8470.58301	0.22070	11480	1	0.52485	0.36106	1	0.44136	0.43669	1	0.48311	0.39888	1	0.48283	0.53472	11.17046	1.08485	1	0.74349	0.55866	11.35094	1.06851	1	-0.00439	-0.00919	0.68045	0.00361	1	0.06133	-0.01333	0.65805	0.00382	1	1.45898	0.81042	0	
1255927	8470.81055	3305507699144	0.30612	0.41945	8470.58301	0.22070	11480	0	0.48013	0.19401	1	0.45803	0.43309	1	0.46908	0.31355	1	0.48256	0.53256	10.94165	1.06851	1	0.74371	0.55839	11.66874	1.05217	1	-0.00439	-0.00919	0.68045	0.00223	1	0.06133	-0.01333	0.65805	0.00384	1	1.45898	0.81042	0	
1255928	8470.81738	3305507767805	0.38808	0.37326	8470.58301	0.22070	11480	0	0.48239	0.20914	1	0.45768	0.44500	1	0.47003	0.32707	1	0.48359	0.53437	10.97127	1.05217	1	0.74506	0.55829	11.36252	1.03583	1	-0.00411	-0.00903	0.66925	0.00379	1	0.06074	-0.01330	0.64967	0.00373	1	1.45898	0.81042	0	
1255929	8470.82422	3305507833875	0.43887	0.38476	8470.58301	0.22070	11480	0	0.55216	0.35845	1	0.52872	0.45708	1	0.54044	0.40776	1	0.48360	0.53428	10.83426	1.03583	1	0.74493	0.55854	11.96851	1.03583	1	-0.00411	-0.00903	0.66925	0.00380	1	0.06074	-0.01330	0.64967	0.00376	1	1.45898	0.81042	0	
1255930	8470.83008	3305507898852	0.51599	0.38505	8470.58301	0.22070	11480	0	0.53672	0.38026	1	0.53824	0.46040	1	0.53748	0.42033	1	0.48335	0.53444	11.44377	1.03583	1	0.74512	0.55861	11.46344	1.03583	1	-0.00411	-0.00903	0.66925	0.00364	1	0.06074	-0.01330	0.64967	0.00374	1	1.45898	0.81042	0	
1255931	8470.83789	3305507971164	0.52713	0.39975	8470.58301	0.22070	11480	0	0.53672	0.38026	1	0.53983	0.44863	1	0.53827	0.41445	1	0.48381	0.53454	11.40983	1.03583	1	0.74525	0.55856	11.40221	1.05217	1	-0.00411	-0.00903	0.66925	0.00369	1	0.06622	-0.01448	0.70706	0.00370	1	1.45898	0.81042	0	
1255932	8470.84473	3305508037543	0.50308	0.39077	8470.58301	0.22070	11480	0	0.53672	0.38026	0	0.45499	0.37281	1	0.45499	0.37281	1	0.48381	0.53454	11.40983	1.05217	0	0.48426	0.53481	11.00391	1.06851	1	-0.00411	-0.00903	0.66925	0.00369	1	0.06622	-0.01448	0.70706	0.00382	1	1.45898	0.81042	0	
1255933	8470.85059	3305508104509	0.48632	0.37321	8470.83008	0.02051	11481	1	0.53672	0.38026	0	0.43604	0.32052	1	0.43604	0.32052	1	0.48381	0.53454	11.40983	1.06851	0	0.48397	0.53443	10.30269	1.08485	1	-0.00411	-0.00903	0.66925	0.00369	1	0.06622	-0.01448	0.70706	0.00377	1	1.45898	0.81042	0	
1255934	8470.85742	3305508171386	0.48632	0.37321	8470.83008	0.02734	11481	1	0.53672	0.38026	0	0.43604	0.32052	0	0.43604	0.32052	0	0.48381	0.53454	11.40983	1.08485	0	0.48397	0.53443	10.30269	1.10119	0	-0.00411	-0.00903	0.66925	0.00369	1	0.06622	-0.01448	0.70706	0.00377	1	1.45898	0.81042	0	
1255935	8470.86426	3305508238592	0.48632	0.37321	8470.83008	0.03418	11481	1	0.53672	0.38026	0	0.43604	0.32052	0	0.43604	0.32052	0	0.48381	0.53454	11.40983	1.10119	0	0.48397	0.53443	10.30269	1.10119	0	-0.00411	-0.00903	0.66925	0.00369	1	0.06622	-0.01448	0.70706	0.00377	1	1.45898	0.81042	0	
1255936	8470.87109	3305508305497	0.48632	0.37321	8470.83008	0.04102	11481	1	0.53672	0.38026	0	0.43604	0.32052	0	0.43604	0.32052	0	0.48381	0.53454	11.40983	1.10119	0	0.48397	0.53443	10.30269	1.10119	0	-0.00411	-0.00903	0.66925	0.00369	1	0.06622	-0.01448	0.70706	0.00377	1	1.45898	0.81042	0	
1255937	8470.87793	3305508372267	0.47644	0.36926	8470.83008	0.04102	11481	0	0.53672	0.38026	0	0.43604	0.32052	0	0.43604	0.32052	0	0.48381	0.53454	11.40983	1.10119	0	0.48397	0.53443	10.30269	1.10119	0	-0.00411	-0.00903	0.66925	0.00369	1	0.06622	-0.01448	0.70706	0.00377	1	1.45898	0.81042	0	
1255938	8470.88477	3305508439300	0.47644	0.36926	8470.83008	0.04102	11481	0	0.53672	0.38026	0	0.43604	0.32052	0	0.43604	0.32052	0	0.48381	0.53454	11.40983	1.10119	0	0.48397	0.53443	10.30269	1.10119	0	-0.00411	-0.00903	0.66925	0.00369	1	0.06622	-0.01448	0.70706	0.00377	1	1.45898	0.81042	0	
1255939	8470.89062	3305508505359	0.47644	0.36926	8470.83008	0.04102	11481	0	0.53672	0.38026	0	0.43604	0.32052	0	0.43604	0.32052	0	0.48381	0.53454	11.40983	1.10119	0	0.48397	0.53443	10.30269	1.10119	0	-0.00411	-0.00903	0.66925	0.00369	1	0.06622	-0.01448	0.70706	0.00377	1	1.45898	0.81042	0	
1255940	8470.89746	3305508573259	0.00000	0.00000	8470.83008	0.04102	11481	0	0.53672	0.38026	0	0.43604	0.32052	0	0.43604	0.32052	0	0.48381	0.53454	11.40983	1.10119	0	0.48397	0.53443	10.30269	1.10119	0	-0.00411	-0.00903	0.66925	0.00369	1	0.06622	-0.01448	0.70706	0.00377	1	1.45898	0.81042	0	
1255941	8470.90430	3305508640316	0.00000	0.00000	8470.83008	0.04102	11481	0	0.53672	0.38026	0	0.43604	0.32052	0	0.43604	0.32052	0	0.48381	0.53454	11.40983	1.10119	0	0.48397	0.53443	10.30269	1.10119	0	-0.00411	-0.00903	0.66925	0.00369	1	0.06622	-0.01448	0.70706	0.00377	1	1.45898	0.81042	0	
1255942	8470.91113	3305508707612	0.00000	0.00000	8470.83008	0.04102	11481	0	0.53672	0.38026	0	0.43604	0.32052	0	0.43604	0.32052	0	0.48381	0.53454	11.40983	1.10119	0	0.48397	0.53443	10.30269	1.10119	0	-0.00411	-0.00903	0.66925	0.00369	1	0.06622	-0.01448	0.70706	0.00377	1	1.45898	0.81042	0	
1255943	8470.91797	3305508774892	0.00000	0.00000	8470.83008	0.04102	11481	0	0.53672	0.38026	0	0.43604	0.32052	0	0.43604	0.32052	0	0.48381	0.53454	11.40983	1.10119	0	0.48397	0.53443	10.30269	1.10119	0	-0.00411	-0.00903	0.66925	0.00369	1	0.06622	-0.01448	0.70706	0.00377	1	1.45898	0.81042	0	
1255944	8470.92480	3305508841213	0.00000	0.00000	8470.83008	0.04102	11481	0	0.53672	0.38026	0	0.43604	0.32052	0	0.43604	0.32052	0	0.48381	0.53454	11.40983	1.10119	0	0.48397	0.53443	10.30269	1.10119	0	-0.00411	-0.00903	0.66925	0.00369	1	0.06622	-0.01448	0.70706	0.00377	1	1.45898	0.81042	0	
1255945	8470.93164	3305508908143	0.00000	0.00000	8470.83008	0.04102	11481	0	0.53672	0.38026	0	0.43604	0.32052	0	0.43604	0.32052	0	0.48381	0.53454	11.40983	1.10119	0	0.48397	0.53443	10.30269	1.10119	0	-0.00411	-0.00903	0.66925	0.00369	1	0.06622	-0.01448	0.70706	0.00377	1	1.45898	0.81042	0	
1255946	8470.93848	3305508975553	0.00000	0.00000	8470.83008	0.04102	11481	0	0.53672	0.38026	0	0.43604	0.32052	0	0.43604	0.32052	0	0.48381	0.53454	11.40983	1.10119	0	0.48397	0.53443	10.30269	1.10119	0	-0.00411	-0.00903	0.66925	0.00369	1	0.06622	-0.01448	0.70706	0.00377	1	1.45898	0.81042	0	
1255947	8470.94434	3305509042143	0.00000	0.00000	8470.83008	0.04102	11481	0	0.53672	0.38026	0	0.43604	0.32052	0	0.43604	0.32052	0	0.48381	0.53454	11.40983	1.10119	0	0.48397	0.53443	10.30269	1.10119	0	-0.00411	-0.00903	0.66925	0.00369	1	0.06622	-0.01448	0.70706	0.00377	1	1.45898	0.81042	0	
1255948	8470.95117	3305509109086	0.00000	0.00000	8470.83008	0.04102	11481	0	0.53672	0.38026	0	0.43604	0.32052	0	0.43604	0.32052	0	0.48381	0.53454	11.40983	1.10119	0	0.48397	0.53443	10.30269	1.10119	0	-0.00411	-0.00903	0.66925	0.00369	1	0.06622	-0.01448	0.70706	0.00377	1	1.45898	0.81042	0	
1255949	8470.95801	3305509176759	0.00000	0.00000	8470.83008	0.04102	11481	0	0.53672	0.38026	0	0.43604	0.32052	0	0.43604	0.32052	0	0.48381	0.53454	11.40983	1.10119	0	0.48397	0.53443	10.30269	1.10119	0	-0.00411	-0.00903	0.66925	0.00369	1	0.06622	-0.01448	0.70706	0.00377	1	1.45898	0.81042	0	
1255950	8470.96484	3305509243193	0.00000	0.00000	8470.83008	0.04102	11481	0	0.53672	0.38026	0	0.43604	0.32052	0	0.43604	0.32052	0	0.48381	0.53454	11.40983	1.10119	0	0.48397	0.53443	10.30269	1.10119	0	-0.00411	-0.00903	0.66925	0.00369	1	0.06622	-0.01448	0.70706	0.00377	1	1.45898	0.81042	0	
1255951	8470.97168	3305509310142	0.00000	0.00000	8470.83008	0.04102	11481	0	0.53672	0.38026	0	0.43604	0.32052	0	0.43604	0.32052	0	0.48381	0.53454	11.40983	1.10119	0	0.48397	0.53443	10.30269	1.10119	0	-0.00411	-0.00903	0.66925	0.00369	1	0.06622	-0.01448	0.70706	0.00377	1	1.45898	0.81042	0	
1255952	8470.97754	3305509374868	0.00000	0.00000	8470.83008	0.04102	11481	0	0.53672	0.38026	0	0.43604	0.32052	0	0.43604	0.32052	0	0.48381	0.53454	11.40983	1.10119	0	0.48397	0.53443	10.30269	1.10119	0	-0.00411	-0.00903	0.66925	0.00369	1	0.06622	-0.01448	0.70706	0.00377	1	1.45898	0.81042	0	
1255953	8470.98438	3305509441348	0.00000	0.00000	8470.83008	0.04102	11481	0	0.53672	0.38026	0	0.43604	0.32052	0	0.43604	0.32052	0	0.48381	0.53454	11.40983	1.10119	0	0.48397	0.53443	10.30269	1.10119	0	-0.00411	-0.00903	0.66925	0.00369	1	0.06622	-0.01448	0.70706	0.00377	1	1.45898	0.81042	0	
1255954	8470.99121	3305509508421	0.00000	0.00000	8470.83008	0.04102	11481	0	0.53672	0.38026	0	0.43604	0.32052	0	0.43604	0.32052	0	0.48381	0.53454	11.40983	1.10119	0	0.48397	0.53443	10.30269	1.10119	0	-0.00411	-0.00903	0.66925	0.00369	1	0.06622	-0.01448	0.70706	0.00377	1	1.45898	0.81042	0	
1255955	8470.99805	3305509575637	0.00000	0.00000	8470.83008	0.04102	11481	0	0.53672	0.38026	0	0.43604	0.32052	0	0.43604	0.32052	0	0.48381	0.53454	11.40983	1.10119	0	0.48397	0.53443	10.30269	1.10119	0	-0.00411	-0.00903	0.66925	0.00369	1	0.06622	-0.01448	0.70706	0.00377	1	1.45898	0.81042	0	
1255956	8471.00488	3305509643705	0.00000	0.00000	8470.83008	0.04102	11481	0	0.53672	0.38026	0	0.43604	0.32052	0	0.43604	0.32052	0	0.48381	0.53454	11.40983	1.10119	0	0.48397	0.53443	10.30269	1.10119	0	-0.00411	-0.00903	0.66925	0.00369	1	0.06622	-0.01448	0.70706	0.00377	1	1.45898	0.81042	0	
1255957	8471.01172	3305509712155	0.00000	0.00000	8470.83008	0.04102	11481	0	0.53672	0.38026	0	0.43604	0.32052	0	0.43604	0.32052	0	0.48381	0.53454	11.40983	1.10119	0	0.48397	0.53443	10.30269	1.10119	0	-0.00411	-0.00903	0.66925	0.00369	1	0.06622	-0.01448	0.70706	0.00377	1	1.45898	0.81042	0	
1255958	8471.01855	3305509778243	0.00000	0.00000	8470.83008	0.04102	11481	0	0.53672	0.38026	0	0.43604	0.32052	0	0.43604	0.32052	0	0.48381	0.53454	11.40983	1.10119	0	0.48397	0.53443	10.30269	1.10119	0	-0.00411	-0.00903	0.66925	0.00369	1	0.06622	-0.01448	0.70706	0.00377	1	1.45898	0.81042	0	
1255959	8471.02539	3305509845784	0.00000	0.00000	8470.83008	0.04102	11481	0	0.53672	0.38026	0	0.43604	0.32052	0	0.43604	0.32052	0	0.48381	0.53454	11.40983	1.10119	0	0.48397	0.53443	10.30269	1.10119	0	-0.00411	-0.00903	0.66925	0.00369	1	0.06622	-0.01448	0.70706	0.00377	1	1.45898	0.81042	0	
1255960	8471.03223	3305509912678	0.00000	0.00000	8470.83008	0.04102	11481	0	0.53672	0.38026	0	0.43604	0.32052	0	0.43604	0.32052	0	0.48381	0.53454	11.40983	1.10119	0	0.48397	0.53443	10.30269	1.10119	0	-0.00411	-0.00903	0.66925	0.00369	1	0.06622	-0.01448	0.70706	0.00377	1	1.45898	0.81042	0	
1255961	8471.03809	3305509979700	0.00000	0.00000	8470.83008	0.04102	11481	0	0.53672	0.38026	0	0.43604	0.32052	0	0.43604	0.32052	0	0.48381	0.53454	11.40983	1.10119	0	0.48397	0.53443	10.30269	1.10119	0	-0.00411	-0.00903	0.66925	0.00369	1	0.06622	-0.01448	0.70706	0.00377	1	1.45898	0.81042	0	
1255962	8471.04492	3305510046683	0.00000	0.00000	8470.83008	0.04102	11481	0	0.53672	0.38026	0	0.43604	0.32052	0	0.43604	0.32052	0	0.48381	0.53454	11.40983	1.10119	0	0.48397	0.53443	10.30269	1.10119	0	-0.00411	-0.00903	0.66925	0.00369	1	0.06622	-0.01448	0.70706	0.00377	1	1.45898	0.81042	0	
1255963	8471.05176	3305510114266	0.00000	0.00000	8470.83008	0.04102	11481	0	0.53672	0.38026	0	0.43604	0.32052	0	0.43604	0.32052	0	0.48381	0.53454	11.40983	1.10119	0	0.48397	0.53443	10.30269	1.10119	0	-0.00411	-0.00903	0.66925	0.00369	1	0.06622	-0.01448	0.70706	0.00377	1	1.45898	0.81042	0	
1255964	8471.05859	3305510181257	0.00000	0.00000	8470.83008	0.04102	11481	0	0.53672	0.38026	0	0.43604	0.32052	0	0.43604	0.32052	0	0.48381	0.53454	11.40983	1.10119	0	0.48397	0.53443	10.30269	1.10119	0	-0.00411	-0.00903	0.66925	0.00369	1	0.06622	-0.01448	0.70706	0.00377	1	1.45898	0.81042	0	
1255965	8471.06543	3305510245890	0.00000	0.00000	8470.83008	0.04102	11481	0	0.53672	0.38026	0	0.43604	0.32052	0	0.43604	0.32052	0	0.48381	0.53454	11.40983	1.10119	0	0.48397	0.53443	10.30269	1.10119	0	-0.00411	-0.00903	0.66925	0.00369	1	0.06622	-0.01448	0.70706	0.00377	1	1.45898	0.81042	0	
1255966	8471.07227	3305510314846	0.00000	0.00000	8470.83008	0.04102	11481	0	0.53672	0.38026	0	0.43604	0.32052	0	0.43604	0.32052	0	0.48381	0.53454	11.40983	1.10119	0	0.48397	0.53443	10.30269	1.10119	0	-0.00411	-0.00903	0.66925	0.00369	1	0.06622	-0.01448	0.70706	0.00377	1	1.45898	0.81042	0	
1255967	8471.07910	3305510381946	0.43604	0.32052	8470.83008	0.04102	11481	0	0.53672	0.38026	0	0.43604	0.32052	1	0.43604	0.32052	1	0.48381	0.53454	11.40983	1.10119	0	0.74428	0.55974	11.10014	1.08485	1	-0.00411	-0.00903	0.66925	0.00369	1	0.06074	-0.01350	0.64967	0.00359	1	1.45898	0.81042	0	
1255968	8471.08496	3305510449047	0.43604	0.32052	8470.83008	0.04102	11481	0	0.53672	0.38026	0	0.43604	0.32052	0	0.43604	0.32052	0	0.48381	0.53454	11.40983	1.08485	0	0.74428	0.55974	11.10014	1.06851	0	-0.00411	-0.00903	0.66925	0.00369	1	0.06074	-0.01350	0.64967	0.00359	1	1.45898	0.81042	0	
1255969	8471.09180	3305510516283	0.43604	0.32052	8470.83008	0.04102	11481	0	0.53672	0.38026	0	0.43604	0.32052	0	0.43604	0.32052	0	0.48381	0.53454	11.40983	1.06851	0	0.74428	0.55974	11.10014	1.05217	0	-0.00411	-0.00903	0.66925	0.00369	1	0.06074	-0.01350	0.64967	0.00359	1	1.45898	0.81042	0	
1255970	8471.09863	3305510582865	0.00000	0.00000	8470.83008	0.04102	11481	0	0.53672	0.38026	0	0.43604	0.32052	0	0.43604	0.32052	0	0.48381	0.53454	11.40983	1.05217	0	0.74428	0.55974	11.10014	1.03583	0	-0.00411	-0.00903	0.66925	0.00369	1	0.06074	-0.01350	0.64967	0.00359	1	1.45898	0.81042	0	
1255971	8471.10547	3305510649426	0.00000	0.00000	8470.83008	0.04102	11481	0	0.53672	0.38026	0	0.43604	0.32052	0	0.43604	0.32052	0	0.48381	0.53454	11.40983	1.03583	0	0.74428	0.55974	11.10014	1.03583	0	-0.00411	-0.00903	0.66925	0.00369	1	0.06074	-0.01350	0.64967	0.00359	1	1.45898	0.81042	0	
1255972	8471.11230	3305510715114	0.00000	0.00000	8470.83008	0.04102	11481	0	0.53672	0.38026	0	0.43604	0.32052	0	0.43604	0.32052	0	0.48381	0.53454	11.40983	1.03583	0	0.74428	0.55974	11.10014	1.03583	0	-0.00411	-0.00903	0.66925	0.00369	1	0.06074	-0.01350	0.64967	0.00359	1	1.45898	0.81042	0	
1255973	8471.11914	3305510783947	0.00000	0.00000	8470.83008	0.04102	11481	0	0.53672	0.38026	0	0.43604	0.32052	0	0.43604	0.32052	0	0.48381	0.53454	11.40983	1.03583	0	0.74428	0.55974	11.10014	1.03583	0	-0.00411	-0.00903	0.66925	0.00369	1	0.06074	-0.01350	0.64967	0.00359	1	1.45898	0.81042	0	
1255974	8471.12598	3305510850220	0.00000	0.00000	8470.83008	0.04102	11481	0	0.53672	0.38026	0	0.43604	0.32052	0	0.43604	0.32052	0	0.48381	0.53454	11.40983	1.03583	0	0.74428	0.55974	11.10014	1.03583	0	-0.00411	-0.00903	0.66925	0.00369	1	0.06074	-0.01350	0.64967	0.00359	1	1.45898	0.81042	0	
1255975	8471.13184	3305510917431	0.00000	0.00000	8470.83008	0.04102	11481	0	0.53672	0.38026	0	0.43604	0.32052	0	0.43604	0.32052	0	0.48381	0.53454	11.40983	1.03583	0	0.74428	0.55974	11.10014	1.03583	0	-0.00411	-0.00903	0.66925	0.00369	1	0.06074	-0.01350	0.64967	0.00359	1	1.45898	0.81042	0	
1255976	8471.13867	3305510985117	0.00000	0.00000	8470.83008	0.04102	11481	0	0.53672	0.38026	0	0.43604	0.32052	0	0.43604	0.32052	0	0.48381	0.53454	11.40983	1.03583	0	0.74428	0.55974	11.10014	1.03583	0	-0.00411	-0.00903	0.66925	0.00369	1	0.06074	-0.01350	0.64967	0.00359	1	1.45898	0.81042	0	
1255977	8471.14551	3305511051957	0.25270	0.25073	8470.83008	0.04102	11481	0	0.51646	0.54068	1	0.49434	0.46224	1	0.50540	0.50146	1	0.48211	0.53678	11.00833	1.03583	1	0.74440	0.55970	11.20285	1.03583	1	-0.00411	-0.00903	0.66925	0.00352	1	0.06074	-0.01350	0.64967	0.00365	1	1.45898	0.81042	0	
1255978	8471.15234	3305511120506	0.34267	0.32437	8470.83008	0.04102	11481	0	0.54814	0.46373	1	0.49704	0.47957	1	0.52259	0.47165	1	0.48234	0.53640	11.20170	1.03583	1	0.74445	0.55972	11.57051	1.03583	1	-0.00411	-0.00903	0.66925	0.00349	1	0.06074	-0.01350	0.64967	0.00361	1	1.45898	0.81042	0	
1255979	8471.15918	3305511184962	0.51694	0.48069	8470.83008	0.04102	11481	0	0.54814	0.46373	1	0.49749	0.47422	1	0.52282	0.46897	1	0.48237	0.53631	11.01033	1.03583	1	0.74436	0.55951	11.42786	1.04349	1	-0.00439	-0.00929	0.68045	0.00353	1	0.06338	-0.01402	0.67731	0.00366	1	1.45898	0.81042	0	
1255980	8471.16602	3305511251758	0.51817	0.46356	8470.83008	0.04102	11481	0	0.55791	0.47221	1	0.48088	0.42064	1	0.51940	0.44643	1	0.48248	0.53659	11.30322	1.04349	1	0.74424	0.55933	11.16373	1.05115	1	-0.00439	-0.00929	0.68045	0.00360	1	0.06338	-0.01402	0.67731	0.00369	1	1.45898	0.81042	0	
1255981	8471.17188	3305511317971	0.51878	0.45216	8470.83008	0.04102	11481	0	0.53433	0.43613	1	0.50565	0.42258	1	0.51999	0.42935	1	0.48210	0.53630	10.74294	1.05115	1	0.74444	0.55942	11.20824	1.05881	1	-0.00439	-0.00929	0.68045	0.00350	1	0.06338	-0.01402	0.67731	0.00371	1	1.45898	0.81042	0	
1255982	8471.17871	3305511385190	0.51895	0.44414	8471.15918	0.01953	11482	1	0.53270	0.42429	1	0.50624	0.41587	1	0.51947	0.42008	1	0.48235	0.53633	11.33724	1.06789	1	0.74441	0.55928	11.23201	1.06789	1	-0.00449	-0.00961	0.70432	0.00349	1	0.06153	-0.01362	0.65808	0.00366	1	1.45898	0.81042	0	
1255983	8471.18555	3305511446645	0.51671	0.43957	8471.15918	0.02637	11482	1	0.52157	0.40243	1	0.49396	0.44012	1	0.50777	0.42128	1	0.48239	0.53599	11.13419	1.07698	1	0.74432	0.55919	10.94183	1.06932	1	-0.00449	-0.00961	0.70432	0.00354	1	0.06153	-0.01362	0.65808	0.00373	1	1.45898	0.81042	0	
1255984	8471.19238	3305511519509	0.51450	0.43717	8471.15918	0.03320	11482	1	0.52409	0.43533	1	0.48278	0.41503	1	0.50343	0.42518	1	0.48239	0.53628	11.53380	1.07841	1	0.74410	0.55940	11.03354	1.07075	1	-0.00449	-0.00961	0.70432	0.00355	1	0.06153	-0.01362	0.65808	0.00370	1	1.45898	0.81042	0	
1255985	8471.19922	3305511587657	0.51294	0.43491	8471.15918	0.04004	11482	1	0.52394	0.43434	1	0.48318	0.40835	1	0.50356	0.42135	1	0.48230	0.53591	11.07251	1.07983	1	0.74433	0.55930	10.76311	1.07983	1	-0.00450	-0.00958	0.70550	0.00354	1	0.06338	-0.01402	0.67731	0.00368	1	1.45898	0.81042	0	
1255986	8471.20605	3305511651209	0.51452	0.43258	8471.15918	0.04688	11482	1	0.54905	0.40984	1	0.50216	0.42274	1	0.52561	0.41629	1	0.48237	0.53622	11.20391	1.07983	1	0.74444	0.55952	11.23423	1.08749	1	-0.00450	-0.00958	0.70550	0.00360	1	0.06338	-0.01402	0.67731	0.00365	1	1.45898	0.81042	0	
1255987	8471.21289	3305511719345	0.51497	0.43033	8471.15918	0.05371	11482	1	0.54387	0.39180	1	0.49327	0.43289	1	0.51857	0.41234	1	0.48235	0.53609	11.08449	1.08749	1	0.74436	0.55953	11.38411	1.09515	1	-0.00450	-0.00958	0.70550	0.00350	1	0.06338	-0.01402	0.67731	0.00370	1	1.45898	0.81042	0	
1255988	8471.21875	3305511785545	0.51532	0.42799	8471.15918	0.05957	11482	1	0.54320	0.38625	1	0.49366	0.42750	1	0.51843	0.40688	1	0.48238	0.53607	11.32920	1.09515	1	0.74445	0.55951	11.22228	1.10281	1	-0.00450	-0.00958	0.70550	0.00354	1	0.06338	-0.01402	0.67731	0.00368	1	1.45898	0.81042	0	
1255989	8471.22559	3305511853687	0.51585	0.42358	8471.15918	0.06641	11482	1	0.53865	0.37945	1	0.50364	0.37958	1	0.52115	0.37952	1	0.48221	0.53605	11.14168	1.10281	1	0.74443	0.55915	10.83692	1.10281	1	-0.00450	-0.00958	0.70550	0.00352	1	0.06338	-0.01402	0.67731	0.00376	1	1.45898	0.81042	0	
1255990	8471.23242	3305511921005	0.51630	0.42103	8471.15918	0.07324	11482	1	0.54522	0.39419	1	0.49742	0.39182	1	0.52132	0.39300	1	0.48233	0.53621	12.00288	1.10281	1	0.74437	0.55929	11.11022	1.10281	1	-0.00450	-0.00958	0.70550	0.00350	1	0.06338	-0.01402	0.67731	0.00371	1	1.45898	0.81042	0	
1255991	8471.23926	3305511989541	0.51670	0.41938	8471.15918	0.08008	11482	1	0.54598	0.40065	1	0.49691	0.39851	1	0.52145	0.39958	1	0.48225	0.53506	11.00550	1.09372	1	0.74424	0.55939	11.33561	1.09372	1	-0.00446	-0.00938	0.69111	0.00396	1	0.06338	-0.01402	0.67731	0.00366	1	1.45898	0.81042	0	
1255992	8471.24609	3305512056288	0.51727	0.41832	8471.15918	0.08691	11482	1	0.55086	0.40286	1	0.49853	0.40614	1	0.52470	0.40450	1	0.48233	0.53609	11.47432	1.08464	1	0.74432	0.55939	10.87999	1.08464	1	-0.00446	-0.00938	0.69111	0.00344	1	0.06338	-0.01402	0.67731	0.00370	1	1.45898	0.81042	0	
1255993	8471.25293	3305512122539	0.51797	0.41988	8471.15918	0.09375	11482	1	0.55610	0.43288	1	0.49953	0.45071	1	0.52782	0.44179	1	0.48245	0.53629	11.89753	1.07555	1	0.74443	0.55952	11.25175	1.07555	1	-0.00446	-0.00938	0.69111	0.00349	1	0.06338	-0.01402	0.67731	0.00365	1	1.45898	0.81042	0	
1255994	8471.25977	3305512189922	0.51858	0.42182	8471.15918	0.10059	11482	1	0.55681	0.43917	1	0.49855	0.46243	1	0.52768	0.45080	1	0.48204	0.53585	11.05297	1.06647	1	0.74429	0.55905	11.12955	1.05881	1	-0.00439	-0.00929	0.68045	0.00362	1	0.06153	-0.01362	0.65808	0.00373	1	1.45898	0.81042	0	
1255995	8471.26660	3305512257616	0.51879	0.42210	8471.15918	0.10742	11482	1	0.54838	0.43133	1	0.49601	0.42206	1	0.52220	0.42670	1	0.48238	0.53621	11.50123	1.05881	1	0.74432	0.55911	10.94183	1.05115	1	-0.00439	-0.00929	0.68045	0.00341	1	0.06153	-0.01362	0.65808	0.00381	1	1.45898	0.81042	0	
1255996	8471.27344	3305512324937	0.51851	0.42332	8471.15918	0.11426	11482	1	0.54960	0.44472	1	0.47765	0.44338	1	0.51363	0.44405	1	0.48238	0.53629	11.39101	1.05115	1	0.74412	0.55954	11.07926	1.04349	1	-0.00439	-0.00929	0.68045	0.00350	1	0.06153	-0.01362	0.65808	0.00376	1	1.45898	0.81042	0	
1255997	8471.27930	3305512391331	0.51826	0.42470	8471.15918	0.12012	11482	1	0.55025	0.45006	1	0.47735	0.44895	1	0.51380	0.44951	1	0.48213	0.53547	11.06061	1.04349	1	0.74416	0.55944	11.44447	1.03583	1	-0.00446	-0.00938	0.69111	0.00379	1	0.06153	-0.01362	0.65808	0.00381	1	1.45898	0.81042	0	
1255998	8471.28613	3305512458874	0.51768	0.42723	8471.15918	0.12695	11482	1	0.53429	0.45969	1	0.47909	0.49109	1	0.50669	0.47539	1	0.48203	0.53627	11.19911	1.03583	1	0.74417	0.55982	11.91468	1.03583	1	-0.00446	-0.00938	0.69111	0.00349	1	0.06153	-0.01362	0.65808	0.00368	1	1.45898	0.81042	0	
1255999	8471.29297	3305512525192	0.51747	0.42686	8471.15918	0.13379	11482	1	0.53295	0.40427	1	0.49372	0.43448	1	0.51334	0.41938	1	0.48207	0.53538	10.82739	1.03583	1	0.74432	0.55922	11.08261	1.03583	1	-0.00446	-0.00938	0.69111	0.00387	1	0.06153	-0.01362	0.65808	0.00398	1	1.45898	0.81042	0	
1256000	8471.29980	3305512590186	0.51729	0.42639	8471.15918	0.14062	11482	1	0.53295	0.40427	1	0.49415	0.42880	1	0.51355	0.41653	1	0.48194	0.53578	11.12023	1.03583	1	0.74408	0.55999	11.61516	1.04349	1	-0.00446	-0.00949	0.69111	0.00377	1	0.06349	-0.01407	0.67958	0.00369	1	1.45898	0.81042	0	
1256001	8471.30664	3305512659512	0.51586	0.42906	8471.15918	0.14746	11482	1	0.53295	0.40427	0	0.48421	0.48780	1	0.48421	0.48780	1	0.48194	0.53578	11.12023	1.04349	0	0.74419	0.55999	11.81168	1.05115	1	-0.00446	-0.00949	0.69111	0.00377	1	0.06349	-0.01407	0.67958	0.00384	1	1.45898	0.81042	0	
1256002	8471.31348	3305512725742	0.51586	0.42906	8471.15918	0.15430	11482	1	0.53295	0.40427	0	0.48421	0.48780	0	0.48421	0.48780	0	0.48194	0.53578	11.12023	1.05115	0	0.74419	0.55999	11.81168	1.05881	0	-0.00446	-0.00949	0.69111	0.00377	1	0.06349	-0.01407	0.67958	0.00384	1	1.45898	0.81042	0	
1256003	8471.31934	3305512793176	0.51457	0.43108	8471.15918	0.16016	11482	1	0.53295	0.40427	0	0.48491	0.47739	1	0.48491	0.47739	1	0.48194	0.53578	11.12023	1.05881	0	0.74419	0.55971	11.81494	1.06647	1	-0.00446	-0.00949	0.69111	0.00377	1	0.06339	-0.01399	0.67850	0.00394	1	1.45898	0.81042	0	
1256004	8471.32617	3305512860518	0.51457	0.43108	8471.15918	0.16699	11482	1	0.53295	0.40427	0	0.48491	0.47739	0	0.48491	0.47739	0	0.48194	0.53578	11.12023	1.06647	0	0.74419	0.55971	11.81494	1.06647	0	-0.00446	-0.00949	0.69111	0.00377	1	0.06339	-0.01399	0.67850	0.00394	1	1.45898	0.81042	0	
1256005	8471.33301	3305512927469	0.51298	0.43371	8471.15918	0.17383	11482	1	0.53295	0.40427	0	0.47493	0.49694	1	0.47493	0.49694	1	0.48194	0.53578	11.12023	1.06647	0	0.74412	0.55983	11.28001	1.06647	1	-0.00446	-0.00949	0.69111	0.00377	1	0.06339	-0.01399	0.67850	0.00389	1	1.45898	0.81042	0	
1256006	8471.33984	3305512994200	0.51298	0.43371	8471.15918	0.18066	11482	1	0.53295	0.40427	0	0.47493	0.49694	0	0.47493	0.49694	0	0.48194	0.53578	11.12023	1.06647	0	0.74412	0.55983	11.28001	1.06647	0	-0.00446	-0.00949	0.69111	0.00377	1	0.06339	-0.01399	0.67850	0.00389	1	1.45898	0.81042	0	
1256007	8471.34668	3305513060754	0.51298	0.43371	8471.15918	0.18750	11482	1	0.53295	0.40427	0	0.47493	0.49694	0	0.47493	0.49694	0	0.48194	0.53578	11.12023	1.06647	0	0.74412	0.55983	11.28001	1.06647	0	-0.00446	-0.00949	0.69111	0.00377	1	0.06339	-0.01399	0.67850	0.00389	1	1.45898	0.81042	0	
1256008	8471.35352	3305513127796	0.51298	0.43371	8471.15918	0.19434	11482	1	0.53295	0.40427	0	0.47493	0.49694	0	0.47493	0.49694	0	0.48194	0.53578	11.12023	1.06647	0	0.74412	0.55983	11.28001	1.06647	0	-0.00446	-0.00949	0.69111	0.00377	1	0.06339	-0.01399	0.67850	0.00389	1	1.45898	0.81042	0	
1256009	8471.36035	3305513195012	0.51152	0.43614	8471.15918	0.20117	11482	1	0.53295	0.40427	0	0.47493	0.49694	1	0.47493	0.49694	1	0.48194	0.53578	11.12023	1.06647	0	0.74357	0.55976	11.49499	1.06647	1	-0.00446	-0.00949	0.69111	0.00377	1	0.06339	-0.01399	0.67850	0.00385	1	1.45898	0.81042	0	
1256010	8471.36719	3305513262248	0.51152	0.43614	8471.15918	0.20801	11482	1	0.53295	0.40427	0	0.47493	0.49694	0	0.47493	0.49694	0	0.48194	0.53578	11.12023	1.06647	0	0.74357	0.55976	11.49499	1.06647	0	-0.00446	-0.00949	0.69111	0.00377	1	0.06339	-0.01399	0.67850	0.00385	1	1.45898	0.81042	0	
1256011	8471.37305	3305513329166	0.51152	0.43614	8471.15918	0.21387	11482	1	0.53295	0.40427	0	0.47493	0.49694	0	0.47493	0.49694	0	0.48194	0.53578	11.12023	1.06647	0	0.74357	0.55976	11.49499	1.06647	0	-0.00446	-0.00949	0.69111	0.00377	1	0.06339	-0.01399	0.67850	0.00385	1	1.45898	0.81042	0	
1256012	8471.37988	3305513396294	0.51152	0.43614	8471.15918	0.22070	11482	1	0.53295	0.40427	0	0.47493	0.49694	0	0.47493	0.49694	0	0.48194	0.53578	11.12023	1.06647	0	0.74357	0.55976	11.49499	1.06647	0	-0.00446	-0.00949	0.69111	0.00377	1	0.06339	-0.01399	0.67850	0.00385	1	1.45898	0.81042	0	
1256013	8471.38672	3305513462993	0.50481	0.45694	8471.15918	0.22070	11482	0	0.53295	0.40427	0	0.47493	0.49694	0	0.47493	0.49694	0	0.48194	0.53578	11.12023	1.06647	0	0.74357	0.55976	11.49499	1.06647	0	-0.00446	-0.00949	0.69111	0.00377	1	0.06339	-0.01399	0.67850	0.00385	1	1.45898	0.81042	0	
1256014	8471.39355	3305513529732	0.50481	0.45694	8471.15918	0.22070	11482	0	0.53295	0.40427	0	0.47493	0.49694	0	0.47493	0.49694	0	0.48194	0.53578	11.12023	1.06647	0	0.74357	0.55976	11.49499	1.06647	0	-0.00446	-0.00949	0.69111	0.00377	1	0.06339	-0.01399	0.67850	0.00385	1	1.45898	0.81042	0	
1256015	8471.40039	3305513597097	0.50481	0.45694	8471.15918	0.22070	11482	0	0.53295	0.40427	0	0.47493	0.49694	0	0.47493	0.49694	0	0.48194	0.53578	11.12023	1.06647	0	0.74357	0.55976	11.49499	1.06647	0	-0.00446	-0.00949	0.69111	0.00377	1	0.06339	-0.01399	0.67850	0.00385	1	1.45898	0.81042	0	
1256016	8471.40723	3305513662755	0.00000	0.00000	8471.15918	0.22070	11482	0	0.53295	0.40427	0	0.47493	0.49694	0	0.47493	0.49694	0	0.48194	0.53578	11.12023	1.06647	0	0.74357	0.55976	11.49499	1.06647	0	-0.00446	-0.00949	0.69111	0.00377	1	0.06339	-0.01399	0.67850	0.00385	1	1.45898	0.81042	0	
1256017	8471.41406	3305513730918	0.00000	0.00000	8471.15918	0.22070	11482	0	0.53295	0.40427	0	0.47493	0.49694	0	0.47493	0.49694	0	0.48194	0.53578	11.12023	1.06647	0	0.74357	0.55976	11.49499	1.06647	0	-0.00446	-0.00949	0.69111	0.00377	1	0.06339	-0.01399	0.67850	0.00385	1	1.45898	0.81042	0	
1256018	8471.41992	3305513798104	0.00000	0.00000	8471.15918	0.22070	11482	0	0.53295	0.40427	0	0.47493	0.49694	0	0.47493	0.49694	0	0.48194	0.53578	11.12023	1.06647	0	0.74357	0.55976	11.49499	1.06647	0	-0.00446	-0.00949	0.69111	0.00377	1	0.06339	-0.01399	0.67850	0.00385	1	1.45898	0.81042	0	
1256019	8471.42676	3305513865323	0.00000	0.00000	8471.15918	0.22070	11482	0	0.53295	0.40427	0	0.47493	0.49694	0	0.47493	0.49694	0	0.48194	0.53578	11.12023	1.06647	0	0.74357	0.55976	11.49499	1.06647	0	-0.00446	-0.00949	0.69111	0.00377	1	0.06339	-0.01399	0.67850	0.00385	1	1.45898	0.81042	0	
1256020	8471.43359	3305513931966	0.00000	0.00000	8471.15918	0.22070	11482	0	0.53295	0.40427	0	0.47493	0.49694	0	0.47493	0.49694	0	0.48194	0.53578	11.12023	1.06647	0	0.74357	0.55976	11.49499	1.06647	0	-0.00446	-0.00949	0.69111	0.00377	1	0.06339	-0.01399	0.67850	0.00385	1	1.45898	0.81042	0	
1256021	8471.44043	3305513998851	0.00000	0.00000	8471.15918	0.22070	11482	0	0.53295	0.40427	0	0.47493	0.49694	0	0.47493	0.49694	0	0.48194	0.53578	11.12023	1.06647	0	0.74357	0.55976	11.49499	1.06647	0	-0.00446	-0.00949	0.69111	0.00377	1	0.06339	-0.01399	0.67850	0.00385	1	1.45898	0.81042	0	
1256022	8471.44727	3305514064351	0.00000	0.00000	8471.15918	0.22070	11482	0	0.53295	0.40427	0	0.47493	0.49694	0	0.47493	0.49694	0	0.48194	0.53578	11.12023	1.06647	0	0.74357	0.55976	11.49499	1.06647	0	-0.00446	-0.00949	0.69111	0.00377	1	0.06339	-0.01399	0.67850	0.00385	1	1.45898	0.81042	0	
1256023	8471.45410	3305514132176	0.00000	0.00000	8471.15918	0.22070	11482	0	0.53295	0.40427	0	0.47493	0.49694	0	0.47493	0.49694	0	0.48194	0.53578	11.12023	1.06647	0	0.74357	0.55976	11.49499	1.06647	0	-0.00446	-0.00949	0.69111	0.00377	1	0.06339	-0.01399	0.67850	0.00385	1	1.45898	0.81042	0	
1256024	8471.45996	3305514198051	0.00000	0.00000	8471.15918	0.22070	11482	0	0.53295	0.40427	0	0.47493	0.49694	0	0.47493	0.49694	0	0.48194	0.53578	11.12023	1.06647	0	0.74357	0.55976	11.49499	1.06647	0	-0.00446	-0.00949	0.69111	0.00377	1	0.06339	-0.01399	0.67850	0.00385	1	1.45898	0.81042	0	
1256025	8471.46680	3305514266258	0.00000	0.00000	8471.15918	0.22070	11482	0	0.53295	0.40427	0	0.47493	0.49694	0	0.47493	0.49694	0	0.48194	0.53578	11.12023	1.06647	0	0.74357	0.55976	11.49499	1.06647	0	-0.00446	-0.00949	0.69111	0.00377	1	0.06339	-0.01399	0.67850	0.00385	1	1.45898	0.81042	0	
1256026	8471.47363	3305514333536	0.00000	0.00000	8471.15918	0.22070	11482	0	0.53295	0.40427	0	0.47493	0.49694	0	0.47493	0.49694	0	0.48194	0.53578	11.12023	1.06647	0	0.74357	0.55976	11.49499	1.06647	0	-0.00446	-0.00949	0.69111	0.00377	1	0.06339	-0.01399	0.67850	0.00385	1	1.45898	0.81042	0	
1256027	8471.48047	3305514401071	0.00000	0.00000	8471.15918	0.22070	11482	0	0.53295	0.40427	0	0.47493	0.49694	0	0.47493	0.49694	0	0.48194	0.53578	11.12023	1.06647	0	0.74357	0.55976	11.49499	1.06647	0	-0.00446	-0.00949	0.69111	0.00377	1	0.06339	-0.01399	0.67850	0.00385	1	1.45898	0.81042	0	
1256028	8471.48730	3305514468248	0.00000	0.00000	8471.15918	0.22070	11482	0	0.53295	0.40427	0	0.47493	0.49694	0	0.47493	0.49694	0	0.48194	0.53578	11.12023	1.06647	0	0.74357	0.55976	11.49499	1.06647	0	-0.00446	-0.00949	0.69111	0.00377	1	0.06339	-0.01399	0.67850	0.00385	1	1.45898	0.81042	0	
1256029	8471.49414	3305514535928	0.00000	0.00000	8471.15918	0.22070	11482	0	0.53295	0.40427	0	0.47493	0.49694	0	0.47493	0.49694	0	0.48194	0.53578	11.12023	1.06647	0	0.74357	0.55976	11.49499	1.06647	0	-0.00446	-0.00949	0.69111	0.00377	1	0.06339	-0.01399	0.67850	0.00385	1	1.45898	0.81042	0	
1256030	8471.50098	3305514601958	0.00000	0.00000	8471.15918	0.22070	11482	0	0.53295	0.40427	0	0.47493	0.49694	0	0.47493	0.49694	0	0.48194	0.53578	11.12023	1.06647	0	0.74357	0.55976	11.49499	1.06647	0	-0.00446	-0.00949	0.69111	0.00377	1	0.06339	-0.01399	0.67850	0.00385	1	1.45898	0.81042	0	
1256031	8471.50684	3305514667530	0.00000	0.00000	8471.15918	0.22070	11482	0	0.53295	0.40427	0	0.47493	0.49694	0	0.47493	0.49694	0	0.48194	0.53578	11.12023	1.06647	0	0.74357	0.55976	11.49499	1.06647	0	-0.00446	-0.00949	0.69111	0.00377	1	0.06339	-0.01399	0.67850	0.00385	1	1.45898	0.81042	0	
1256032	8471.51367	3305514736745	0.00000	0.00000	8471.15918	0.22070	11482	0	0.53295	0.40427	0	0.47493	0.49694	0	0.47493	0.49694	0	0.48194	0.53578	11.12023	1.06647	0	0.74357	0.55976	11.49499	1.06647	0	-0.00446	-0.00949	0.69111	0.00377	1	0.06339	-0.01399	0.67850	0.00385	1	1.45898	0.81042	0	
1256033	8471.52051	3305514802399	0.23747	0.24847	8471.15918	0.22070	11482	0	0.53295	0.40427	0	0.47493	0.49694	1	0.47493	0.49694	1	0.48204	0.53639	9.67965	1.06647	0	0.48204	0.53639	9.67965	1.06647	1	-0.00446	-0.00949	0.69111	0.00377	1	-0.00439	-0.00929	0.68045	0.00351	1	1.45898	0.81042	0	
1256034	8471.52734	3305514869308	0.44791	0.31323	8471.15918	0.22070	11482	0	0.53295	0.40427	0	0.42089	0.12952	1	0.42089	0.12952	1	0.48204	0.53639	9.67965	1.06647	0	0.48239	0.53278	7.65309	1.06647	1	-0.00446	-0.00949	0.69111	0.00377	1	-0.00439	-0.00929	0.68045	0.00185	1	1.45898	0.81042	0	
1256035	8471.53418	3305514935505	0.43480	0.21262	8471.15918	0.22070	11482	0	0.53295	0.40427	0	0.42169	0.11200	1	0.42169	0.11200	1	0.48204	0.53639	9.67965	1.06647	0	0.48262	0.53226	7.33067	1.06647	1	-0.00446	-0.00949	0.69111	0.00377	1	-0.00439	-0.00929	0.68045	0.00159	1	1.45898	0.81042	0	
1256036	8471.54102	3305515003525	0.43480	0.21262	8471.15918	0.22070	11482	0	0.53295	0.40427	0	0.42169	0.11200	0	0.42169	0.11200	0	0.48204	0.53639	9.67965	1.06647	0	0.48262	0.53226	7.33067	1.06647	0	-0.00446	-0.00949	0.69111	0.00377	1	-0.00439	-0.00929	0.68045	0.00159	1	1.45898	0.81042	0	
1256037	8471.54785	3305515070494	0.42169	0.11200	8471.15918	0.22070	11482	0	0.53295	0.40427	0	0.42169	0.11200	0	0.42169	0.11200	0	0.48204	0.53639	9.67965	1.06647	0	0.48262	0.53226	7.33067	1.06647	0	-0.00446	-0.00949	0.69111	0.00377	1	-0.00439	-0.00929	0.68045	0.00159	1	1.45898	0.81042	0	
1256038	8471.55469	3305515137609	0.42169	0.11200	8471.15918	0.22070	11482	0	0.53295	0.40427	0	0.42169	0.11200	0	0.42169	0.11200	0	0.48204	0.53639	9.67965	1.06647	0	0.48262	0.53226	7.33067	1.06647	0	-0.00446	-0.00949	0.69111	0.00377	1	-0.00439	-0.00929	0.68045	0.00159	1	1.45898	0.81042	0	
1256039	8471.56055	3305515204463	0.42169	0.11200	8471.15918	0.22070	11482	0	0.53295	0.40427	0	0.42169	0.11200	0	0.42169	0.11200	0	0.48204	0.53639	9.67965	1.06647	0	0.48262	0.53226	7.33067	1.06647	0	-0.00446	-0.00949	0.69111	0.00377	1	-0.00439	-0.00929	0.68045	0.00159	1	1.45898	0.81042	0	
1256040	8471.56738	3305515271645	0.00000	0.00000	8471.15918	0.22070	11482	0	0.53295	0.40427	0	0.42169	0.11200	0	0.42169	0.11200	0	0.48204	0.53639	9.67965	1.06647	0	0.48262	0.53226	7.33067	1.06647	0	-0.00446	-0.00949	0.69111	0.00377	1	-0.00439	-0.00929	0.68045	0.00159	1	1.45898	0.81042	0	
1256041	8471.57422	3305515335755	0.00000	0.00000	8471.15918	0.22070	11482	0	0.53295	0.40427	0	0.42169	0.11200	0	0.42169	0.11200	0	0.48204	0.53639	9.67965	1.06647	0	0.48262	0.53226	7.33067	1.06647	0	-0.00446	-0.00949	0.69111	0.00377	1	-0.00439	-0.00929	0.68045	0.00159	1	1.45898	0.81042	0	
1256042	8471.58105	3305515403897	0.00000	0.00000	8471.15918	0.22070	11482	0	0.53295	0.40427	0	0.42169	0.11200	0	0.42169	0.11200	0	0.48204	0.53639	9.67965	1.06647	0	0.48262	0.53226	7.33067	1.06647	0	-0.00446	-0.00949	0.69111	0.00377	1	-0.00439	-0.00929	0.68045	0.00159	1	1.45898	0.81042	0	
1256043	8471.58691	3305515465632	0.00000	0.00000	8471.15918	0.22070	11482	0	0.53295	0.40427	0	0.42169	0.11200	0	0.42169	0.11200	0	0.48204	0.53639	9.67965	1.06647	0	0.48262	0.53226	7.33067	1.06647	0	-0.00446	-0.00949	0.69111	0.00377	1	-0.00439	-0.00929	0.68045	0.00159	1	1.45898	0.81042	0	
1256044	8471.59375	3305515535943	0.00000	0.00000	8471.15918	0.22070	11482	0	0.53295	0.40427	0	0.42169	0.11200	0	0.42169	0.11200	0	0.48204	0.53639	9.67965	1.06647	0	0.48262	0.53226	7.33067	1.06647	0	-0.00446	-0.00949	0.69111	0.00377	1	-0.00439	-0.00929	0.68045	0.00159	1	1.45898	0.81042	0	
1256045	8471.60059	3305515604447	0.00000	0.00000	8471.15918	0.22070	11482	0	0.53295	0.40427	0	0.42169	0.11200	0	0.42169	0.11200	0	0.48204	0.53639	9.67965	1.06647	0	0.48262	0.53226	7.33067	1.06647	0	-0.00446	-0.00949	0.69111	0.00377	1	-0.00439	-0.00929	0.68045	0.00159	1	1.45898	0.81042	0	
1256046	8471.60742	3305515671251	0.00000	0.00000	8471.15918	0.22070	11482	0	0.53295	0.40427	0	0.42169	0.11200	0	0.42169	0.11200	0	0.48204	0.53639	9.67965	1.06647	0	0.48262	0.53226	7.33067	1.06647	0	-0.00446	-0.00949	0.69111	0.00377	1	-0.00439	-0.00929	0.68045	0.00159	1	1.45898	0.81042	0	
1256047	8471.61426	3305515738326	0.00000	0.00000	8471.15918	0.22070	11482	0	0.53295	0.40427	0	0.42169	0.11200	0	0.42169	0.11200	0	0.48204	0.53639	9.67965	1.06647	0	0.48262	0.53226	7.33067	1.06647	0	-0.00446	-0.00949	0.69111	0.00377	1	-0.00439	-0.00929	0.68045	0.00159	1	1.45898	0.81042	0	
1256048	8471.62109	3305515806115	0.00000	0.00000	8471.15918	0.22070	11482	0	0.53295	0.40427	0	0.42169	0.11200	0	0.42169	0.11200	0	0.48204	0.53639	9.67965	1.06647	0	0.48262	0.53226	7.33067	1.06647	0	-0.00446	-0.00949	0.69111	0.00377	1	-0.00439	-0.00929	0.68045	0.00159	1	1.45898	0.81042	0	
1256049	8471.62793	3305515870311	0.00000	0.00000	8471.15918	0.22070	11482	0	0.53295	0.40427	0	0.42169	0.11200	0	0.42169	0.11200	0	0.48204	0.53639	9.67965	1.06647	0	0.48262	0.53226	7.33067	1.06647	0	-0.00446	-0.00949	0.69111	0.00377	1	-0.00439	-0.00929	0.68045	0.00159	1	1.45898	0.81042	0	
1256050	8471.63477	3305515938630	0.00000	0.00000	8471.15918	0.22070	11482	0	0.53295	0.40427	0	0.42169	0.11200	0	0.42169	0.11200	0	0.48204	0.53639	9.67965	1.06647	0	0.48262	0.53226	7.33067	1.06647	0	-0.00446	-0.00949	0.69111	0.00377	1	-0.00439	-0.00929	0.68045	0.00159	1	1.45898	0.81042	0	
1256051	8471.64160	3305516007994	0.00000	0.00000	8471.15918	0.22070	11482	0	0.53295	0.40427	0	0.42169	0.11200	0	0.42169	0.11200	0	0.48204	0.53639	9.67965	1.06647	0	0.48262	0.53226	7.33067	1.06647	0	-0.00446	-0.00949	0.69111	0.00377	1	-0.00439	-0.00929	0.68045	0.00159	1	1.45898	0.81042	0	
1256052	8471.64844	3305516075213	0.00000	0.00000	8471.15918	0.22070	11482	0	0.53295	0.40427	0	0.42169	0.11200	0	0.42169	0.11200	0	0.48204	0.53639	9.67965	1.06647	0	0.48262	0.53226	7.33067	1.06647	0	-0.00446	-0.00949	0.69111	0.00377	1	-0.00439	-0.00929	0.68045	0.00159	1	1.45898	0.81042	0	
1256053	8471.65430	3305516142448	0.00000	0.00000	8471.15918	0.22070	11482	0	0.53295	0.40427	0	0.42169	0.11200	0	0.42169	0.11200	0	0.48204	0.53639	9.67965	1.06647	0	0.48262	0.53226	7.33067	1.06647	0	-0.00446	-0.00949	0.69111	0.00377	1	-0.00439	-0.00929	0.68045	0.00159	1	1.45898	0.81042	0	
1256054	8471.66113	3305516209271	0.00000	0.00000	8471.15918	0.22070	11482	0	0.53295	0.40427	0	0.42169	0.11200	0	0.42169	0.11200	0	0.48204	0.53639	9.67965	1.06647	0	0.48262	0.53226	7.33067	1.06647	0	-0.00446	-0.00949	0.69111	0.00377	1	-0.00439	-0.00929	0.68045	0.00159	1	1.45898	0.81042	0	
1256055	8471.66797	3305516276483	0.00000	0.00000	8471.15918	0.22070	11482	0	0.53295	0.40427	0	0.42169	0.11200	0	0.42169	0.11200	0	0.48204	0.53639	9.67965	1.06647	0	0.48262	0.53226	7.33067	1.06647	0	-0.00446	-0.00949	0.69111	0.00377	1	-0.00439	-0.00929	0.68045	0.00159	1	1.45898	0.81042	0	
1256056	8471.67480	3305516343406	0.00000	0.00000	8471.15918	0.22070	11482	0	0.53295	0.40427	0	0.42169	0.11200	0	0.42169	0.11200	0	0.48204	0.53639	9.67965	1.06647	0	0.48262	0.53226	7.33067	1.06647	0	-0.00446	-0.00949	0.69111	0.00377	1	-0.00439	-0.00929	0.68045	0.00159	1	1.45898	0.81042	0	
1256057	8471.68164	3305516407553	0.00000	0.00000	8471.15918	0.22070	11482	0	0.53295	0.40427	0	0.42169	0.11200	0	0.42169	0.11200	0	0.48204	0.53639	9.67965	1.06647	0	0.48262	0.53226	7.33067	1.06647	0	-0.00446	-0.00949	0.69111	0.00377	1	-0.00439	-0.00929	0.68045	0.00159	1	1.45898	0.81042	0	
1256058	8471.68848	3305516477011	0.00000	0.00000	8471.15918	0.22070	11482	0	0.53295	0.40427	0	0.42169	0.11200	0	0.42169	0.11200	0	0.48204	0.53639	9.67965	1.06647	0	0.48262	0.53226	7.33067	1.06647	0	-0.00446	-0.00949	0.69111	0.00377	1	-0.00439	-0.00929	0.68045	0.00159	1	1.45898	0.81042	0	
1256059	8471.69531	3305516543968	0.00000	0.00000	8471.15918	0.22070	11482	0	0.53295	0.40427	0	0.42169	0.11200	0	0.42169	0.11200	0	0.48204	0.53639	9.67965	1.06647	0	0.48262	0.53226	7.33067	1.06647	0	-0.00446	-0.00949	0.69111	0.00377	1	-0.00439	-0.00929	0.68045	0.00159	1	1.45898	0.81042	0	
1256060	8471.70117	3305516611185	0.00000	0.00000	8471.15918	0.22070	11482	0	0.53295	0.40427	0	0.42169	0.11200	0	0.42169	0.11200	0	0.48204	0.53639	9.67965	1.06647	0	0.48262	0.53226	7.33067	1.06647	0	-0.00446	-0.00949	0.69111	0.00377	1	-0.00439	-0.00929	0.68045	0.00159	1	1.45898	0.81042	0	
1256061	8471.70801	3305516678885	0.00000	0.00000	8471.15918	0.22070	11482	0	0.53295	0.40427	0	0.42169	0.11200	0	0.42169	0.11200	0	0.48204	0.53639	9.67965	1.06647	0	0.48262	0.53226	7.33067	1.06647	0	-0.00446	-0.00949	0.69111	0.00377	1	-0.00439	-0.00929	0.68045	0.00159	1	1.45898	0.81042	0	
1256062	8471.71484	3305516744967	0.00000	0.00000	8471.15918	0.22070	11482	0	0.53295	0.40427	0	0.42169	0.11200	0	0.42169	0.11200	0	0.48204	0.53639	9.67965	1.06647	0	0.48262	0.53226	7.33067	1.06647	0	-0.00446	-0.00949	0.69111	0.00377	1	-0.00439	-0.00929	0.68045	0.00159	1	1.45898	0.81042	0	
1256063	8471.72168	3305516812372	0.00000	0.00000	8471.15918	0.22070	11482	0	0.53295	0.40427	0	0.42169	0.11200	0	0.42169	0.11200	0	0.48204	0.53639	9.67965	1.06647	0	0.48262	0.53226	7.33067	1.06647	0	-0.00446	-0.00949	0.69111	0.00377	1	-0.00439	-0.00929	0.68045	0.00159	1	1.45898	0.81042	0	
1256064	8471.72852	3305516879103	0.00000	0.00000	8471.15918	0.22070	11482	0	0.53295	0.40427	0	0.42169	0.11200	0	0.42169	0.11200	0	0.48204	0.53639	9.67965	1.06647	0	0.48262	0.53226	7.33067	1.06647	0	-0.00446	-0.00949	0.69111	0.00377	1	-0.00439	-0.00929	0.68045	0.00159	1	1.45898	0.81042	0	
1256065	8471.73535	3305516945673	0.00000	0.00000	8471.15918	0.22070	11482	0	0.53295	0.40427	0	0.42169	0.11200	0	0.42169	0.11200	0	0.48204	0.53639	9.67965	1.06647	0	0.48262	0.53226	7.33067	1.06647	0	-0.00446	-0.00949	0.69111	0.00377	1	-0.00439	-0.00929	0.68045	0.00159	1	1.45898	0.81042	0	
1256066	8471.74219	3305517012906	0.00000	0.00000	8471.15918	0.22070	11482	0	0.53295	0.40427	0	0.42169	0.11200	0	0.42169	0.11200	0	0.48204	0.53639	9.67965	1.06647	0	0.48262	0.53226	7.33067	1.06647	0	-0.00446	-0.00949	0.69111	0.00377	1	-0.00439	-0.00929	0.68045	0.00159	1	1.45898	0.81042	0	
1256067	8471.74805	3305517080220	0.00000	0.00000	8471.15918	0.22070	11482	0	0.53295	0.40427	0	0.42169	0.11200	0	0.42169	0.11200	0	0.48204	0.53639	9.67965	1.06647	0	0.48262	0.53226	7.33067	1.06647	0	-0.00446	-0.00949	0.69111	0.00377	1	-0.00439	-0.00929	0.68045	0.00159	1	1.45898	0.81042	0	
1256068	8471.75488	3305517146536	0.26022	0.25051	8471.15918	0.22070	11482	0	0.53295	0.40427	0	0.52045	0.50102	1	0.52045	0.50102	1	0.48204	0.53639	9.67965	1.06647	0	0.74682	0.55921	10.96827	1.06647	1	-0.00446	-0.00949	0.69111	0.00377	1	-0.00439	-0.00929	0.68045	0.00393	1	1.45898	0.81042	0	
1256069	8471.76172	3305517214197	0.26022	0.25051	8471.15918	0.22070	11482	0	0.53295	0.40427	0	0.52045	0.50102	0	0.52045	0.50102	0	0.48204	0.53639	9.67965	1.06647	0	0.74682	0.55921	10.96827	1.06647	0	-0.00446	-0.00949	0.69111	0.00377	1	-0.00439	-0.00929	0.68045	0.00393	1	1.45898	0.81042	0	
1256070	8471.76855	3305517281233	0.52045	0.50102	8471.15918	0.22070	11482	0	0.53295	0.40427	0	0.52045	0.50102	0	0.52045	0.50102	0	0.48204	0.53639	9.67965	1.06647	0	0.74682	0.55921	10.96827	1.06647	0	-0.00446	-0.00949	0.69111	0.00377	1	-0.00439	-0.00929	0.68045	0.00393	1	1.45898	0.81042	0	
1256071	8471.77539	3305517347806	0.51798	0.49521	8471.15918	0.22070	11482	0	0.53295	0.40427	0	0.51551	0.48939	1	0.51551	0.48939	1	0.48204	0.53639	9.67965	1.06647	0	0.74661	0.55911	10.87380	1.06647	1	-0.00446	-0.00949	0.69111	0.00377	1	-0.00439	-0.00929	0.68045	0.00355	1	1.45898	0.81042	0	
1256072	8471.78125	3305517410603	0.51798	0.49521	8471.15918	0.22070	11482	0	0.53295	0.40427	0	0.51551	0.48939	0	0.51551	0.48939	0	0.48204	0.53639	9.67965	1.06647	0	0.74661	0.55911	10.87380	1.06647	0	-0.00446	-0.00949	0.69111	0.00377	1	-0.00439	-0.00929	0.68045	0.00355	1	1.45898	0.81042	0	
1256073	8471.78809	3305517478653	0.51547	0.49045	8471.76855	0.01953	11483	1	0.53295	0.40427	0	0.51044	0.48094	1	0.51044	0.48094	1	0.48204	0.53639	9.67965	1.06647	0	0.74656	0.55900	11.06041	1.06647	1	-0.00446	-0.00949	0.69111	0.00377	1	-0.00439	-0.00929	0.68045	0.00365	1	1.45898	0.81042	0	
1256074	8471.79492	3305517548556	0.51547	0.49045	8471.76855	0.02637	11483	1	0.53295	0.40427	0	0.51044	0.48094	0	0.51044	0.48094	0	0.48204	0.53639	9.67965	1.06647	0	0.74656	0.55900	11.06041	1.06647	0	-0.00446	-0.00949	0.69111	0.00377	1	-0.00439	-0.00929	0.68045	0.00365	1	1.45898	0.81042	0	
1256075	8471.80176	3305517615990	0.51547	0.49045	8471.76855	0.03320	11483	1	0.53295	0.40427	0	0.51044	0.48094	0	0.51044	0.48094	0	0.48204	0.53639	9.67965	1.06647	0	0.74656	0.55900	11.06041	1.06647	0	-0.00446	-0.00949	0.69111	0.00377	1	-0.00439	-0.00929	0.68045	0.00365	1	1.45898	0.81042	0	
1256076	8471.80859	3305517683004	0.51547	0.49045	8471.76855	0.04004	11483	1	0.53295	0.40427	0	0.51044	0.48094	0	0.51044	0.48094	0	0.48204	0.53639	9.67965	1.06647	0	0.74656	0.55900	11.06041	1.06647	0	-0.00446	-0.00949	0.69111	0.00377	1	-0.00439	-0.00929	0.68045	0.00365	1	1.45898	0.81042	0	
1256077	8471.81543	3305517749683	0.51297	0.48516	8471.76855	0.04004	11483	0	0.53295	0.40427	0	0.51044	0.48094	0	0.51044	0.48094	0	0.48204	0.53639	9.67965	1.06647	0	0.74656	0.55900	11.06041	1.06647	0	-0.00446	-0.00949	0.69111	0.00377	1	-0.00439	-0.00929	0.68045	0.00365	1	1.45898	0.81042	0	
1256078	8471.82227	3305517816955	0.51297	0.48516	8471.76855	0.04004	11483	0	0.53295	0.40427	0	0.51044	0.48094	0	0.51044	0.48094	0	0.48204	0.53639	9.67965	1.06647	0	0.74656	0.55900	11.06041	1.06647	0	-0.00446	-0.00949	0.69111	0.00377	1	-0.00439	-0.00929	0.68045	0.00365	1	1.45898	0.81042	0	
1256079	8471.82910	3305517883752	0.51297	0.48516	8471.76855	0.04004	11483	0	0.53295	0.40427	0	0.51044	0.48094	0	0.51044	0.48094	0	0.48204	0.53639	9.67965	1.06647	0	0.74656	0.55900	11.06041	1.06647	0	-0.00446	-0.00949	0.69111	0.00377	1	-0.00439	-0.00929	0.68045	0.00365	1	1.45898	0.81042	0	
1256080	8471.83594	3305517950758	0.00000	0.00000	8471.76855	0.04004	11483	0	0.53295	0.40427	0	0.51044	0.48094	0	0.51044	0.48094	0	0.48204	0.53639	9.67965	1.06647	0	0.74656	0.55900	11.06041	1.06647	0	-0.00446	-0.00949	0.69111	0.00377	1	-0.00439	-0.00929	0.68045	0.00365	1	1.45898	0.81042	0	
1256081	8471.84277	3305518018100	0.00000	0.00000	8471.76855	0.04004	11483	0	0.53295	0.40427	0	0.51044	0.48094	0	0.51044	0.48094	0	0.48204	0.53639	9.67965	1.06647	0	0.74656	0.55900	11.06041	1.06647	0	-0.00446	-0.00949	0.69111	0.00377	1	-0.00439	-0.00929	0.68045	0.00365	1	1.45898	0.81042	0	
1256082	8471.84863	3305518084542	0.00000	0.00000	8471.76855	0.04004	11483	0	0.53295	0.40427	0	0.51044	0.48094	0	0.51044	0.48094	0	0.48204	0.53639	9.67965	1.06647	0	0.74656	0.55900	11.06041	1.06647	0	-0.00446	-0.00949	0.69111	0.00377	1	-0.00439	-0.00929	0.68045	0.00365	1	1.45898	0.81042	0	
1256083	8471.85547	3305518151653	0.54588	0.49316	8471.76855	0.04004	11483	0	0.58003	0.48947	1	0.51172	0.49685	1	0.54588	0.49316	1	0.48479	0.53531	10.19517	1.06647	1	0.74658	0.55862	11.31066	1.06647	1	-0.00446	-0.00949	0.69111	0.00353	1	-0.00439	-0.00929	0.68045	0.00371	1	1.45898	0.81042	0	
1256084	8471.86230	3305518216612	0.54588	0.49316	8471.76855	0.04004	11483	0	0.58003	0.48947	1	0.51172	0.49685	1	0.54588	0.49316	1	0.48473	0.53538	10.18095	1.06647	1	0.74673	0.55808	11.12956	1.06647	1	-0.00382	-0.00896	0.67117	0.00355	1	-0.00439	-0.00929	0.68045	0.00388	1	1.45898	0.81042	0	
1256085	8471.86914	3305518285869	0.54895	0.48631	8471.76855	0.04004	11483	0	0.59800	0.50864	1	0.51218	0.43656	1	0.55509	0.47260	1	0.48505	0.53554	10.63536	1.06647	1	0.74657	0.55809	10.61095	1.06647	1	-0.00382	-0.00896	0.67117	0.00368	1	-0.00439	-0.00929	0.68045	0.00391	1	1.45898	0.81042	0	
1256086	8471.87598	3305518352665	0.55486	0.47687	8471.85547	0.02051	11484	1	0.59365	0.46981	1	0.55156	0.42730	1	0.57261	0.44856	1	0.48455	0.53525	11.43182	1.06647	1	0.74680	0.55810	11.33584	1.06647	1	-0.00382	-0.00896	0.67117	0.00350	1	-0.00439	-0.00929	0.68045	0.00378	1	1.45898	0.81042	0	
1256087	8471.88281	3305518419119	0.55850	0.47057	8471.85547	0.02734	11484	1	0.59365	0.46981	1	0.55248	0.42095	1	0.57307	0.44538	1	0.48353	0.53405	10.38446	1.06647	1	0.74596	0.55796	11.31352	1.07515	1	-0.00399	-0.00901	0.68243	0.00349	1	0.06682	-0.01448	0.71004	0.00371	1	1.45898	0.81042	0	
1256088	8471.88867	3305518486612	0.55245	0.46831	8471.85547	0.03320	11484	1	0.55479	0.40800	1	0.48952	0.50598	1	0.52215	0.45699	1	0.48362	0.53411	10.70115	1.07515	1	0.74582	0.55846	11.56379	1.08383	1	-0.00399	-0.00901	0.68243	0.00364	1	0.06682	-0.01448	0.71004	0.00376	1	1.45898	0.81042	0	
1256089	8471.89551	3305518553817	0.55092	0.46636	8471.85547	0.04004	11484	1	0.55479	0.40800	0	0.54175	0.45466	1	0.54175	0.45466	1	0.48362	0.53411	10.70115	1.08383	0	0.74589	0.55776	11.46473	1.09251	1	-0.00399	-0.00901	0.68243	0.00364	1	0.06682	-0.01448	0.71004	0.00358	1	1.45898	0.81042	0	
1256090	8471.90234	3305518620900	0.55092	0.46636	8471.85547	0.04688	11484	1	0.55479	0.40800	0	0.54175	0.45466	0	0.54175	0.45466	0	0.48362	0.53411	10.70115	1.09251	0	0.74589	0.55776	11.46473	1.10119	0	-0.00399	-0.00901	0.68243	0.00364	1	0.06682	-0.01448	0.71004	0.00358	1	1.45898	0.81042	0	
1256091	8471.90918	3305518687627	0.55092	0.46636	8471.85547	0.05371	11484	1	0.55479	0.40800	0	0.54175	0.45466	0	0.54175	0.45466	0	0.48362	0.53411	10.70115	1.10119	0	0.74589	0.55776	11.46473	1.10119	0	-0.00399	-0.00901	0.68243	0.00364	1	0.06682	-0.01448	0.71004	0.00358	1	1.45898	0.81042	0	
1256092	8471.91602	3305518753046	0.55092	0.46636	8471.85547	0.06055	11484	1	0.55479	0.40800	0	0.54175	0.45466	0	0.54175	0.45466	0	0.48362	0.53411	10.70115	1.10119	0	0.74589	0.55776	11.46473	1.10119	0	-0.00399	-0.00901	0.68243	0.00364	1	0.06682	-0.01448	0.71004	0.00358	1	1.45898	0.81042	0	
1256093	8471.92285	3305518821376	0.55176	0.46189	8471.85547	0.06055	11484	0	0.55479	0.40800	0	0.54175	0.45466	0	0.54175	0.45466	0	0.48362	0.53411	10.70115	1.10119	0	0.74589	0.55776	11.46473	1.10119	0	-0.00399	-0.00901	0.68243	0.00364	1	0.06682	-0.01448	0.71004	0.00358	1	1.45898	0.81042	0	
1256094	8471.92969	3305518887403	0.55176	0.46189	8471.85547	0.06055	11484	0	0.55479	0.40800	0	0.54175	0.45466	0	0.54175	0.45466	0	0.48362	0.53411	10.70115	1.10119	0	0.74589	0.55776	11.46473	1.10119	0	-0.00399	-0.00901	0.68243	0.00364	1	0.06682	-0.01448	0.71004	0.00358	1	1.45898	0.81042	0	
1256095	8471.93555	3305518953622	0.55176	0.46189	8471.85547	0.06055	11484	0	0.55479	0.40800	0	0.54175	0.45466	0	0.54175	0.45466	0	0.48362	0.53411	10.70115	1.10119	0	0.74589	0.55776	11.46473	1.10119	0	-0.00399	-0.00901	0.68243	0.00364	1	0.06682	-0.01448	0.71004	0.00358	1	1.45898	0.81042	0	
1256096	8471.94238	3305519022408	0.00000	0.00000	8471.85547	0.06055	11484	0	0.55479	0.40800	0	0.54175	0.45466	0	0.54175	0.45466	0	0.48362	0.53411	10.70115	1.10119	0	0.74589	0.55776	11.46473	1.10119	0	-0.00399	-0.00901	0.68243	0.00364	1	0.06682	-0.01448	0.71004	0.00358	1	1.45898	0.81042	0	
1256097	8471.94922	3305519089431	0.00000	0.00000	8471.85547	0.06055	11484	0	0.55479	0.40800	0	0.54175	0.45466	0	0.54175	0.45466	0	0.48362	0.53411	10.70115	1.10119	0	0.74589	0.55776	11.46473	1.10119	0	-0.00399	-0.00901	0.68243	0.00364	1	0.06682	-0.01448	0.71004	0.00358	1	1.45898	0.81042	0	
1256098	8471.95605	3305519156156	0.00000	0.00000	8471.85547	0.06055	11484	0	0.55479	0.40800	0	0.54175	0.45466	0	0.54175	0.45466	0	0.48362	0.53411	10.70115	1.10119	0	0.74589	0.55776	11.46473	1.10119	0	-0.00399	-0.00901	0.68243	0.00364	1	0.06682	-0.01448	0.71004	0.00358	1	1.45898	0.81042	0	
1256099	8471.96289	3305519222673	0.54718	0.42763	8471.85547	0.06055	11484	0	0.55337	0.39509	1	0.54099	0.46018	1	0.54718	0.42763	1	0.48297	0.53374	10.82433	1.09317	1	0.74509	0.55807	11.55782	1.08449	1	-0.00405	-0.00880	0.66700	0.00359	1	0.06403	-0.01384	0.68099	0.00387	1	1.45898	0.81042	0	
1256100	8471.96973	3305519289196	0.52777	0.39530	8471.85547	0.06055	11484	0	0.51906	0.26843	1	0.49765	0.45751	1	0.50835	0.36297	1	0.48282	0.53310	10.73209	1.07648	1	0.74525	0.55830	12.12587	1.06780	1	-0.00405	-0.00880	0.66700	0.00373	1	0.06403	-0.01384	0.68099	0.00386	1	1.45898	0.81042	0	
1256101	8471.97656	3305519357516	0.52101	0.40332	8471.85547	0.06055	11484	0	0.52828	0.36693	1	0.48674	0.47178	1	0.50751	0.41936	1	0.48288	0.53409	11.14495	1.05978	1	0.74496	0.55839	11.47557	1.05110	1	-0.00405	-0.00880	0.66700	0.00347	1	0.06403	-0.01384	0.68099	0.00394	1	1.45898	0.81042	0	
1256102	8471.98242	3305519421137	0.51770	0.41105	8471.96289	0.01953	11485	1	0.52999	0.37974	1	0.48556	0.48871	1	0.50778	0.43422	1	0.48276	0.53427	10.77829	1.04308	1	0.74511	0.55799	11.08243	1.02674	1	-0.00405	-0.00885	0.66700	0.00344	1	0.06183	-0.01338	0.65813	0.00389	1	1.45898	0.81042	0	
1256103	8471.98926	3305519488530	0.51344	0.40878	8471.96289	0.02637	11485	1	0.51736	0.25229	1	0.47536	0.54709	1	0.49636	0.39969	1	0.48280	0.53239	10.84325	1.02674	1	0.74489	0.55842	11.85411	1.01908	1	-0.00405	-0.00885	0.66700	0.00221	1	0.06183	-0.01338	0.65813	0.00381	1	1.45898	0.81042	0	
1256104	8471.99609	3305519555718	0.50710	0.43224	8471.96289	0.03320	11485	1	0.51736	0.25229	0	0.47541	0.54957	1	0.47541	0.54957	1	0.48280	0.53239	10.84325	1.01908	0	0.74491	0.55844	11.51087	1.01142	1	-0.00405	-0.00885	0.66700	0.00221	1	0.06183	-0.01338	0.65813	0.00375	1	1.45898	0.81042	0	
1256105	8472.00293	3305519623669	0.50710	0.43224	8471.96289	0.04004	11485	1	0.51736	0.25229	0	0.47541	0.54957	0	0.47541	0.54957	0	0.48280	0.53239	10.84325	1.01142	0	0.74491	0.55844	11.51087	1.00376	0	-0.00405	-0.00885	0.66700	0.00221	1	0.06183	-0.01338	0.65813	0.00375	1	1.45898	0.81042	0	
1256106	8472.00977	3305519690353	0.50710	0.43224	8471.96289	0.04688	11485	1	0.51736	0.25229	0	0.47541	0.54957	0	0.47541	0.54957	0	0.48280	0.53239	10.84325	1.00376	0	0.74491	0.55844	11.51087	1.00376	0	-0.00405	-0.00885	0.66700	0.00221	1	0.06183	-0.01338	0.65813	0.00375	1	1.45898	0.81042	0	
1256107	8472.01562	3305519755176	0.50710	0.43224	8471.96289	0.05273	11485	1	0.51736	0.25229	0	0.47541	0.54957	0	0.47541	0.54957	0	0.48280	0.53239	10.84325	1.00376	0	0.74491	0.55844	11.51087	1.00376	0	-0.00405	-0.00885	0.66700	0.00221	1	0.06183	-0.01338	0.65813	0.00375	1	1.45898	0.81042	0	
1256108	8472.02246	3305519823561	0.49908	0.43316	8471.96289	0.05273	11485	0	0.51736	0.25229	0	0.47541	0.54957	0	0.47541	0.54957	0	0.48280	0.53239	10.84325	1.00376	0	0.74491	0.55844	11.51087	1.00376	0	-0.00405	-0.00885	0.66700	0.00221	1	0.06183	-0.01338	0.65813	0.00375	1	1.45898	0.81042	0	
1256109	8472.02930	3305519890691	0.49908	0.43316	8471.96289	0.05273	11485	0	0.51736	0.25229	0	0.47541	0.54957	0	0.47541	0.54957	0	0.48280	0.53239	10.84325	1.00376	0	0.74491	0.55844	11.51087	1.00376	0	-0.00405	-0.00885	0.66700	0.00221	1	0.06183	-0.01338	0.65813	0.00375	1	1.45898	0.81042	0	
1256110	8472.03613	3305519957808	0.49908	0.43316	8471.96289	0.05273	11485	0	0.51736	0.25229	0	0.47541	0.54957	0	0.47541	0.54957	0	0.48280	0.53239	10.84325	1.00376	0	0.74491	0.55844	11.51087	1.00376	0	-0.00405	-0.00885	0.66700	0.00221	1	0.06183	-0.01338	0.65813	0.00375	1	1.45898	0.81042	0	
1256111	8472.04297	3305520027675	0.00000	0.00000	8471.96289	0.05273	11485	0	0.51736	0.25229	0	0.47541	0.54957	0	0.47541	0.54957	0	0.48280	0.53239	10.84325	1.00376	0	0.74491	0.55844	11.51087	1.00376	0	-0.00405	-0.00885	0.66700	0.00221	1	0.06183	-0.01338	0.65813	0.00375	1	1.45898	0.81042	0	
1256112	8472.04980	3305520094285	0.00000	0.00000	8471.96289	0.05273	11485	0	0.51736	0.25229	0	0.47541	0.54957	0	0.47541	0.54957	0	0.48280	0.53239	10.84325	1.00376	0	0.74491	0.55844	11.51087	1.00376	0	-0.00405	-0.00885	0.66700	0.00221	1	0.06183	-0.01338	0.65813	0.00375	1	1.45898	0.81042	0	
1256113	8472.05664	3305520161042	0.00000	0.00000	8471.96289	0.05273	11485	0	0.51736	0.25229	0	0.47541	0.54957	0	0.47541	0.54957	0	0.48280	0.53239	10.84325	1.00376	0	0.74491	0.55844	11.51087	1.00376	0	-0.00405	-0.00885	0.66700	0.00221	1	0.06183	-0.01338	0.65813	0.00375	1	1.45898	0.81042	0	
1256114	8472.06348	3305520228104	0.47541	0.54957	8471.96289	0.05273	11485	0	0.51736	0.25229	0	0.47541	0.54957	1	0.47541	0.54957	1	0.48280	0.53239	10.84325	1.00376	0	0.48252	0.53453	10.85282	1.01142	1	-0.00405	-0.00885	0.66700	0.00221	1	-0.00428	-0.00903	0.68009	0.00383	1	1.45898	0.81042	0	
1256115	8472.07031	3305520294771	0.47541	0.54957	8471.96289	0.05273	11485	0	0.51736	0.25229	0	0.47541	0.54957	0	0.47541	0.54957	0	0.48280	0.53239	10.84325	1.01142	0	0.48252	0.53453	10.85282	1.01908	0	-0.00405	-0.00885	0.66700	0.00221	1	-0.00428	-0.00903	0.68009	0.00383	1	1.45898	0.81042	0	
1256116	8472.07715	3305520361906	0.47541	0.54957	8471.96289	0.05273	11485	0	0.51736	0.25229	0	0.47541	0.54957	0	0.47541	0.54957	0	0.48280	0.53239	10.84325	1.01908	0	0.48252	0.53453	10.85282	1.02674	0	-0.00405	-0.00885	0.66700	0.00221	1	-0.00428	-0.00903	0.68009	0.00383	1	1.45898	0.81042	0	
1256117	8472.08301	3305520430045	0.00000	0.00000	8471.96289	0.05273	11485	0	0.51736	0.25229	0	0.47541	0.54957	0	0.47541	0.54957	0	0.48280	0.53239	10.84325	1.02674	0	0.48252	0.53453	10.85282	1.03440	0	-0.00405	-0.00885	0.66700	0.00221	1	-0.00428	-0.00903	0.68009	0.00383	1	1.45898	0.81042	0	
1256118	8472.08984	3305520496553	0.00000	0.00000	8471.96289	0.05273	11485	0	0.51736	0.25229	0	0.47541	0.54957	0	0.47541	0.54957	0	0.48280	0.53239	10.84325	1.03440	0	0.48252	0.53453	10.85282	1.03440	0	-0.00405	-0.00885	0.66700	0.00221	1	-0.00428	-0.00903	0.68009	0.00383	1	1.45898	0.81042	0	
1256119	8472.09668	3305520562216	0.00000	0.00000	8471.96289	0.05273	11485	0	0.51736	0.25229	0	0.47541	0.54957	0	0.47541	0.54957	0	0.48280	0.53239	10.84325	1.03440	0	0.48252	0.53453	10.85282	1.03440	0	-0.00405	-0.00885	0.66700	0.00221	1	-0.00428	-0.00903	0.68009	0.00383	1	1.45898	0.81042	0	
1256120	8472.10352	3305520630166	0.00000	0.00000	8471.96289	0.05273	11485	0	0.51736	0.25229	0	0.47541	0.54957	0	0.47541	0.54957	0	0.48280	0.53239	10.84325	1.03440	0	0.48252	0.53453	10.85282	1.03440	0	-0.00405	-0.00885	0.66700	0.00221	1	-0.00428	-0.00903	0.68009	0.00383	1	1.45898	0.81042	0	
1256121	8472.11035	3305520696578	0.00000	0.00000	8471.96289	0.05273	11485	0	0.51736	0.25229	0	0.47541	0.54957	0	0.47541	0.54957	0	0.48280	0.53239	10.84325	1.03440	0	0.48252	0.53453	10.85282	1.03440	0	-0.00405	-0.00885	0.66700	0.00221	1	-0.00428	-0.00903	0.68009	0.00383	1	1.45898	0.81042	0	
1256122	8472.11719	3305520763933	0.00000	0.00000	8471.96289	0.05273	11485	0	0.51736	0.25229	0	0.47541	0.54957	0	0.47541	0.54957	0	0.48280	0.53239	10.84325	1.03440	0	0.48252	0.53453	10.85282	1.03440	0	-0.00405	-0.00885	0.66700	0.00221	1	-0.00428	-0.00903	0.68009	0.00383	1	1.45898	0.81042	0	
1256123	8472.12402	3305520831275	0.00000	0.00000	8471.96289	0.05273	11485	0	0.51736	0.25229	0	0.47541	0.54957	0	0.47541	0.54957	0	0.48280	0.53239	10.84325	1.03440	0	0.48252	0.53453	10.85282	1.03440	0	-0.00405	-0.00885	0.66700	0.00221	1	-0.00428	-0.00903	0.68009	0.00383	1	1.45898	0.81042	0	
1256124	8472.12988	3305520898205	0.00000	0.00000	8471.96289	0.05273	11485	0	0.51736	0.25229	0	0.47541	0.54957	0	0.47541	0.54957	0	0.48280	0.53239	10.84325	1.03440	0	0.48252	0.53453	10.85282	1.03440	0	-0.00405	-0.00885	0.66700	0.00221	1	-0.00428	-0.00903	0.68009	0.00383	1	1.45898	0.81042	0	
1256125	8472.13672	3305520964386	0.00000	0.00000	8471.96289	0.05273	11485	0	0.51736	0.25229	0	0.47541	0.54957	0	0.47541	0.54957	0	0.48280	0.53239	10.84325	1.03440	0	0.48252	0.53453	10.85282	1.03440	0	-0.00405	-0.00885	0.66700	0.00221	1	-0.00428	-0.00903	0.68009	0.00383	1	1.45898	0.81042	0	
1256126	8472.14355	3305521032487	0.00000	0.00000	8471.96289	0.05273	11485	0	0.51736	0.25229	0	0.47541	0.54957	0	0.47541	0.54957	0	0.48280	0.53239	10.84325	1.03440	0	0.48252	0.53453	10.85282	1.03440	0	-0.00405	-0.00885	0.66700	0.00221	1	-0.00428	-0.00903	0.68009	0.00383	1	1.45898	0.81042	0	
1256127	8472.15039	3305521099286	0.00000	0.00000	8471.96289	0.05273	11485	0	0.51736	0.25229	0	0.47541	0.54957	0	0.47541	0.54957	0	0.48280	0.53239	10.84325	1.03440	0	0.48252	0.53453	10.85282	1.03440	0	-0.00405	-0.00885	0.66700	0.00221	1	-0.00428	-0.00903	0.68009	0.00383	1	1.45898	0.81042	0	
1256128	8472.15723	3305521166397	0.00000	0.00000	8471.96289	0.05273	11485	0	0.51736	0.25229	0	0.47541	0.54957	0	0.47541	0.54957	0	0.48280	0.53239	10.84325	1.03440	0	0.48252	0.53453	10.85282	1.03440	0	-0.00405	-0.00885	0.66700	0.00221	1	-0.00428	-0.00903	0.68009	0.00383	1	1.45898	0.81042	0	
1256129	8472.16406	3305521233022	0.00000	0.00000	8471.96289	0.05273	11485	0	0.51736	0.25229	0	0.47541	0.54957	0	0.47541	0.54957	0	0.48280	0.53239	10.84325	1.03440	0	0.48252	0.53453	10.85282	1.03440	0	-0.00405	-0.00885	0.66700	0.00221	1	-0.00428	-0.00903	0.68009	0.00383	1	1.45898	0.81042	0	
1256130	8472.17090	3305521299526	0.00000	0.00000	8471.96289	0.05273	11485	0	0.51736	0.25229	0	0.47541	0.54957	0	0.47541	0.54957	0	0.48280	0.53239	10.84325	1.03440	0	0.48252	0.53453	10.85282	1.03440	0	-0.00405	-0.00885	0.66700	0.00221	1	-0.00428	-0.00903	0.68009	0.00383	1	1.45898	0.81042	0	
1256131	8472.17676	3305521366495	0.00000	0.00000	8471.96289	0.05273	11485	0	0.51736	0.25229	0	0.47541	0.54957	0	0.47541	0.54957	0	0.48280	0.53239	10.84325	1.03440	0	0.48252	0.53453	10.85282	1.03440	0	-0.00405	-0.00885	0.66700	0.00221	1	-0.00428	-0.00903	0.68009	0.00383	1	1.45898	0.81042	0	
1256132	8472.18359	3305521433868	0.00000	0.00000	8471.96289	0.05273	11485	0	0.51736	0.25229	0	0.47541	0.54957	0	0.47541	0.54957	0	0.48280	0.53239	10.84325	1.03440	0	0.48252	0.53453	10.85282	1.03440	0	-0.00405	-0.00885	0.66700	0.00221	1	-0.00428	-0.00903	0.68009	0.00383	1	1.45898	0.81042	0	
1256133	8472.19043	3305521499833	0.00000	0.00000	8471.96289	0.05273	11485	0	0.51736	0.25229	0	0.47541	0.54957	0	0.47541	0.54957	0	0.48280	0.53239	10.84325	1.03440	0	0.48252	0.53453	10.85282	1.03440	0	-0.00405	-0.00885	0.66700	0.00221	1	-0.00428	-0.00903	0.68009	0.00383	1	1.45898	0.81042	0	
1256134	8472.19727	3305521563443	0.00000	0.00000	8471.96289	0.05273	11485	0	0.51736	0.25229	0	0.47541	0.54957	0	0.47541	0.54957	0	0.48280	0.53239	10.84325	1.03440	0	0.48252	0.53453	10.85282	1.03440	0	-0.00405	-0.00885	0.66700	0.00221	1	-0.00428	-0.00903	0.68009	0.00383	1	1.45898	0.81042	0	
1256135	8472.20410	3305521631554	0.00000	0.00000	8471.96289	0.05273	11485	0	0.51736	0.25229	0	0.47541	0.54957	0	0.47541	0.54957	0	0.48280	0.53239	10.84325	1.03440	0	0.48252	0.53453	10.85282	1.03440	0	-0.00405	-0.00885	0.66700	0.00221	1	-0.00428	-0.00903	0.68009	0.00383	1	1.45898	0.81042	0	
1256136	8472.21094	3305521702880	0.00000	0.00000	8471.96289	0.05273	11485	0	0.51736	0.25229	0	0.47541	0.54957	0	0.47541	0.54957	0	0.48280	0.53239	10.84325	1.03440	0	0.48252	0.53453	10.85282	1.03440	0	-0.00405	-0.00885	0.66700	0.00221	1	-0.00428	-0.00903	0.68009	0.00383	1	1.45898	0.81042	0	
1256137	8472.21777	3305521768569	0.00000	0.00000	8471.96289	0.05273	11485	0	0.51736	0.25229	0	0.47541	0.54957	0	0.47541	0.54957	0	0.48280	0.53239	10.84325	1.03440	0	0.48252	0.53453	10.85282	1.03440	0	-0.00405	-0.00885	0.66700	0.00221	1	-0.00428	-0.00903	0.68009	0.00383	1	1.45898	0.81042	0	
1256138	8472.22461	3305521836476	0.00000	0.00000	8471.96289	0.05273	11485	0	0.51736	0.25229	0	0.47541	0.54957	0	0.47541	0.54957	0	0.48280	0.53239	10.84325	1.03440	0	0.48252	0.53453	10.85282	1.03440	0	-0.00405	-0.00885	0.66700	0.00221	1	-0.00428	-0.00903	0.68009	0.00383	1	1.45898	0.81042	0	
1256139	8472.23047	3305521902841	0.00000	0.00000	8471.96289	0.05273	11485	0	0.51736	0.25229	0	0.47541	0.54957	0	0.47541	0.54957	0	0.48280	0.53239	10.84325	1.03440	0	0.48252	0.53453	10.85282	1.03440	0	-0.00405	-0.00885	0.66700	0.00221	1	-0.00428	-0.00903	0.68009	0.00383	1	1.45898	0.81042	0	
1256140	8472.23730	3305521969701	0.00000	0.00000	8471.96289	0.05273	11485	0	0.51736	0.25229	0	0.47541	0.54957	0	0.47541	0.54957	0	0.48280	0.53239	10.84325	1.03440	0	0.48252	0.53453	10.85282	1.03440	0	-0.00405	-0.00885	0.66700	0.00221	1	-0.00428	-0.00903	0.68009	0.00383	1	1.45898	0.81042	0	
1256141	8472.24414	3305522036684	0.00000	0.00000	8471.96289	0.05273	11485	0	0.51736	0.25229	0	0.47541	0.54957	0	0.47541	0.54957	0	0.48280	0.53239	10.84325	1.03440	0	0.48252	0.53453	10.85282	1.03440	0	-0.00405	-0.00885	0.66700	0.00221	1	-0.00428	-0.00903	0.68009	0.00383	1	1.45898	0.81042	0	
1256142	8472.25098	3305522103890	0.00000	0.00000	8471.96289	0.05273	11485	0	0.51736	0.25229	0	0.47541	0.54957	0	0.47541	0.54957	0	0.48280	0.53239	10.84325	1.03440	0	0.48252	0.53453	10.85282	1.03440	0	-0.00405	-0.00885	0.66700	0.00221	1	-0.00428	-0.00903	0.68009	0.00383	1	1.45898	0.81042	0	
1256143	8472.25781	3305522170956	0.00000	0.00000	8471.96289	0.05273	11485	0	0.51736	0.25229	0	0.47541	0.54957	0	0.47541	0.54957	0	0.48280	0.53239	10.84325	1.03440	0	0.48252	0.53453	10.85282	1.03440	0	-0.00405	-0.00885	0.66700	0.00221	1	-0.00428	-0.00903	0.68009	0.00383	1	1.45898	0.81042	0	
1256144	8472.26465	3305522237459	0.47665	0.52915	8471.96289	0.05273	11485	0	0.51736	0.25229	0	0.47665	0.52915	1	0.47665	0.52915	1	0.48280	0.53239	10.84325	1.03440	0	0.48130	0.53301	9.79002	1.04308	1	-0.00405	-0.00885	0.66700	0.00221	1	-0.00461	-0.00954	0.70663	0.00193	1	1.45898	0.81042	0	
1256145	8472.27051	3305522304638	0.42944	0.34676	8471.96289	0.05273	11485	0	0.51736	0.25229	0	0.38222	0.16437	1	0.38222	0.16437	1	0.48280	0.53239	10.84325	1.04308	0	0.48139	0.53302	9.67680	1.05176	1	-0.00405	-0.00885	0.66700	0.00221	1	-0.00461	-0.00954	0.70663	0.00198	1	1.45898	0.81042	0	
1256146	8472.27734	3305522371855	0.41160	0.27901	8471.96289	0.05273	11485	0	0.51736	0.25229	0	0.37593	0.14351	1	0.37593	0.14351	1	0.48280	0.53239	10.84325	1.05176	0	0.48130	0.53301	9.79002	1.06044	1	-0.00405	-0.00885	0.66700	0.00221	1	-0.00461	-0.00954	0.70663	0.00193	1	1.45898	0.81042	0	
1256147	8472.28418	3305522440497	0.37788	0.14760	8471.96289	0.05273	11485	0	0.51736	0.25229	0	0.37548	0.13493	1	0.37548	0.13493	1	0.48280	0.53239	10.84325	1.06044	0	0.48138	0.53305	9.80739	1.06912	1	-0.00405	-0.00885	0.66700	0.00221	1	-0.00461	-0.00954	0.70663	0.00191	1	1.45898	0.81042	0	
1256148	8472.29102	3305522506449	0.38005	0.14215	8471.96289	0.05273	11485	0	0.51736	0.25229	0	0.38223	0.13669	1	0.38223	0.13669	1	0.48280	0.53239	10.84325	1.06912	0	0.48148	0.53293	9.98063	1.06912	1	-0.00405	-0.00885	0.66700	0.00221	1	-0.00461	-0.00954	0.70663	0.00195	1	1.45898	0.81042	0	
1256149	8472.29785	3305522572220	0.38192	0.14109	8471.96289	0.05273	11485	0	0.51736	0.25229	0	0.38567	0.13896	1	0.38567	0.13896	1	0.48280	0.53239	10.84325	1.06912	0	0.48144	0.53291	9.78640	1.06912	1	-0.00405	-0.00885	0.66700	0.00221	1	-0.00461	-0.00954	0.70663	0.00193	1	1.45898	0.81042	0	
1256150	8472.30469	3305522639617	0.38286	0.14056	8472.28418	0.02051	11486	1	0.51736	0.25229	0	0.38567	0.13896	1	0.38567	0.13896	1	0.48280	0.53239	10.84325	1.06912	0	0.48152	0.53289	9.33632	1.06912	1	-0.00405	-0.00885	0.66700	0.00221	1	-0.00461	-0.00954	0.70663	0.00197	1	1.45898	0.81042	0	
1256151	8472.31152	3305522706704	0.38006	0.13576	8472.28418	0.02734	11486	1	0.51736	0.25229	0	0.36884	0.11659	1	0.36884	0.11659	1	0.48280	0.53239	10.84325	1.06912	0	0.48157	0.53273	9.42803	1.06912	1	-0.00405	-0.00885	0.66700	0.00221	1	-0.00461	-0.00954	0.70663	0.00198	1	1.45898	0.81042	0	
1256152	8472.31836	3305522774267	0.37906	0.13334	8472.28418	0.03418	11486	1	0.51736	0.25229	0	0.37408	0.12120	1	0.37408	0.12120	1	0.48280	0.53239	10.84325	1.06912	0	0.48167	0.53287	9.70347	1.06912	1	-0.00405	-0.00885	0.66700	0.00221	1	-0.00461	-0.00954	0.70663	0.00201	1	1.45898	0.81042	0	
1256153	8472.32422	3305522839929	0.37835	0.13160	8472.28418	0.04004	11486	1	0.51736	0.25229	0	0.37408	0.12120	1	0.37408	0.12120	1	0.48280	0.53239	10.84325	1.06912	0	0.48159	0.53293	9.45557	1.06912	1	-0.00405	-0.00885	0.66700	0.00221	1	-0.00461	-0.00954	0.70663	0.00189	1	1.45898	0.81042	0	
1256154	8472.33105	3305522907036	0.37759	0.13103	8472.28418	0.04688	11486	1	0.51736	0.25229	0	0.37226	0.12698	1	0.37226	0.12698	1	0.48280	0.53239	10.84325	1.06912	0	0.48154	0.53285	9.16807	1.06912	1	-0.00405	-0.00885	0.66700	0.00221	1	-0.00461	-0.00954	0.70663	0.00191	1	1.45898	0.81042	0	
1256155	8472.33789	3305522974387	0.37640	0.13182	8472.28418	0.05371	11486	1	0.51736	0.25229	0	0.36691	0.13814	1	0.36691	0.13814	1	0.48280	0.53239	10.84325	1.06912	0	0.48156	0.53287	9.23608	1.06912	1	-0.00405	-0.00885	0.66700	0.00221	1	-0.00461	-0.00954	0.70663	0.00191	1	1.45898	0.81042	0	
1256156	8472.34473	3305523041709	0.37550	0.13330	8472.28418	0.06055	11486	1	0.51736	0.25229	0	0.36743	0.14668	1	0.36743	0.14668	1	0.48280	0.53239	10.84325	1.06912	0	0.48176	0.53286	9.81893	1.06044	1	-0.00405	-0.00885	0.66700	0.00221	1	-0.00439	-0.00919	0.68045	0.00194	1	1.45898	0.81042	0	
1256157	8472.35156	3305523108199	0.37542	0.13469	8472.28418	0.06738	11486	1	0.51736	0.25229	0	0.37464	0.14857	1	0.37464	0.14857	1	0.48280	0.53239	10.84325	1.06044	0	0.48178	0.53285	9.68278	1.05176	1	-0.00405	-0.00885	0.66700	0.00221	1	-0.00439	-0.00919	0.68045	0.00193	1	1.45898	0.81042	0	
1256158	8472.35840	3305523175558	0.37690	0.13646	8472.28418	0.07422	11486	1	0.51736	0.25229	0	0.39316	0.15589	1	0.39316	0.15589	1	0.48280	0.53239	10.84325	1.05176	0	0.48183	0.53275	9.57047	1.04308	1	-0.00405	-0.00885	0.66700	0.00221	1	-0.00439	-0.00919	0.68045	0.00189	1	1.45898	0.81042	0	
1256159	8472.36523	3305523242828	0.37815	0.13795	8472.28418	0.08105	11486	1	0.51736	0.25229	0	0.39316	0.15589	1	0.39316	0.15589	1	0.48280	0.53239	10.84325	1.04308	0	0.48192	0.53274	9.70683	1.04308	1	-0.00405	-0.00885	0.66700	0.00221	1	-0.00450	-0.00958	0.70550	0.00192	1	1.45898	0.81042	0	
1256160	8472.37109	3305523309475	0.37934	0.13719	8472.28418	0.08691	11486	1	0.51736	0.25229	0	0.39475	0.12728	1	0.39475	0.12728	1	0.48280	0.53239	10.84325	1.04308	0	0.48195	0.53265	9.58965	1.05176	1	-0.00405	-0.00885	0.66700	0.00221	1	-0.00450	-0.00958	0.70550	0.00189	1	1.45898	0.81042	0	
1256161	8472.37793	3305523373496	0.37982	0.13649	8472.28418	0.09375	11486	1	0.51736	0.25229	0	0.38658	0.12662	1	0.38658	0.12662	1	0.48280	0.53239	10.84325	1.05176	0	0.48186	0.53266	9.55173	1.06044	1	-0.00405	-0.00885	0.66700	0.00221	1	-0.00450	-0.00958	0.70550	0.00195	1	1.45898	0.81042	0	
1256162	8472.38477	3305523440926	0.38024	0.13587	8472.28418	0.10059	11486	1	0.51736	0.25229	0	0.38658	0.12662	1	0.38658	0.12662	1	0.48280	0.53239	10.84325	1.06044	0	0.48188	0.53264	9.55566	1.06044	1	-0.00405	-0.00885	0.66700	0.00221	1	-0.00428	-0.00918	0.68009	0.00196	1	1.45898	0.81042	0	
1256163	8472.39160	3305523508195	0.38077	0.13563	8472.28418	0.10742	11486	1	0.51736	0.25229	0	0.38920	0.13175	1	0.38920	0.13175	1	0.48280	0.53239	10.84325	1.06044	0	0.48184	0.53266	9.61283	1.05176	1	-0.00405	-0.00885	0.66700	0.00221	1	-0.00428	-0.00918	0.68009	0.00193	1	1.45898	0.81042	0	
1256164	8472.39746	3305523574643	0.38032	0.13568	8472.28418	0.11328	11486	1	0.51736	0.25229	0	0.37258	0.13664	1	0.37258	0.13664	1	0.48280	0.53239	10.84325	1.05176	0	0.48203	0.53271	9.65491	1.04308	1	-0.00405	-0.00885	0.66700	0.00221	1	-0.00428	-0.00918	0.68009	0.00196	1	1.45898	0.81042	0	
1256165	8472.40527	3305523643403	0.37993	0.13619	8472.28418	0.12109	11486	1	0.51736	0.25229	0	0.37306	0.14541	1	0.37306	0.14541	1	0.48280	0.53239	10.84325	1.04308	0	0.48219	0.53266	9.33362	1.03440	1	-0.00405	-0.00885	0.66700	0.00221	1	-0.00428	-0.00913	0.68009	0.00190	1	1.45898	0.81042	0	
1256166	8472.41113	3305523706980	0.37957	0.13610	8472.28418	0.12695	11486	1	0.51736	0.25229	0	0.37258	0.13434	1	0.37258	0.13434	1	0.48280	0.53239	10.84325	1.03440	0	0.48197	0.53249	9.41167	1.03440	1	-0.00405	-0.00885	0.66700	0.00221	1	-0.00428	-0.00913	0.68009	0.00190	1	1.45898	0.81042	0	
1256167	8472.41797	3305523775056	0.37943	0.13713	8472.28418	0.13379	11486	1	0.51736	0.25229	0	0.37669	0.15773	1	0.37669	0.15773	1	0.48280	0.53239	10.84325	1.03440	0	0.48211	0.53283	9.66078	1.03440	1	-0.00405	-0.00885	0.66700	0.00221	1	-0.00428	-0.00913	0.68009	0.00190	1	1.45898	0.81042	0	
1256168	8472.42480	3305523845607	0.37930	0.13807	8472.28418	0.14062	11486	1	0.51736	0.25229	0	0.37669	0.15773	1	0.37669	0.15773	1	0.48280	0.53239	10.84325	1.03440	0	0.48214	0.53284	9.84814	1.03440	1	-0.00405	-0.00885	0.66700	0.00221	1	-0.00428	-0.00918	0.68009	0.00188	1	1.45898	0.81042	0	
1256169	8472.43164	3305523909669	0.37947	0.14093	8472.28418	0.14746	11486	1	0.51736	0.25229	0	0.38313	0.20399	1	0.38313	0.20399	1	0.48280	0.53239	10.84325	1.03440	0	0.48216	0.53299	9.85745	1.03440	1	-0.00405	-0.00885	0.66700	0.00221	1	-0.00428	-0.00918	0.68009	0.00191	1	1.45898	0.81042	0	
1256170	8472.43848	3305523976812	0.38437	0.15049	8472.28418	0.15430	11486	1	0.51924	0.22099	1	0.47493	0.51950	1	0.49708	0.37025	1	0.48219	0.53286	9.85174	1.03440	1	0.74451	0.55876	10.44616	1.03440	1	-0.00405	-0.00885	0.66700	0.00191	1	-0.00428	-0.00918	0.68009	0.00371	1	1.45898	0.81042	0	
1256171	8472.44531	3305524046230	0.39865	0.19482	8472.28418	0.15430	11486	0	0.51924	0.22099	0	0.47493	0.51950	1	0.47493	0.51950	1	0.48219	0.53286	9.85174	1.03440	0	0.48244	0.53285	9.81222	1.03440	1	-0.00405	-0.00885	0.66700	0.00191	1	-0.00411	-0.00903	0.66925	0.00196	1	1.45898	0.81042	0	
1256172	8472.45215	3305524113263	0.39385	0.18334	8472.28418	0.15430	11486	0	0.51924	0.22099	0	0.38904	0.17186	1	0.38904	0.17186	1	0.48219	0.53286	9.85174	1.03440	0	0.48231	0.53292	9.78104	1.03440	1	-0.00405	-0.00885	0.66700	0.00191	1	-0.00411	-0.00903	0.66925	0.00201	1	1.45898	0.81042	0	
1256173	8472.45898	3305524180177	0.39423	0.18395	8472.28418	0.15430	11486	0	0.51924	0.22099	0	0.39499	0.18517	1	0.39499	0.18517	1	0.48219	0.53286	9.85174	1.03440	0	0.48234	0.53261	9.98694	1.03440	1	-0.00405	-0.00885	0.66700	0.00191	1	-0.00411	-0.00903	0.66925	0.00193	1	1.45898	0.81042	0	
1256174	8472.46484	3305524247638	0.39434	0.18214	8472.44531	0.01953	11487	1	0.51924	0.22099	0	0.39468	0.17671	1	0.39468	0.17671	1	0.48219	0.53286	9.85174	1.03440	0	0.48231	0.53260	10.01819	1.04308	1	-0.00405	-0.00885	0.66700	0.00191	1	-0.00436	-0.00945	0.69977	0.00191	1	1.45898	0.81042	0	
1256175	8472.47168	3305524313418	0.39552	0.18961	8472.44531	0.02637	11487	1	0.51924	0.22099	0	0.40023	0.21951	1	0.40023	0.21951	1	0.48219	0.53286	9.85174	1.04308	0	0.48250	0.53296	10.06041	1.05176	1	-0.00405	-0.00885	0.66700	0.00191	1	-0.00436	-0.00945	0.69977	0.00201	1	1.45898	0.81042	0	
1256176	8472.47852	3305524381232	0.39484	0.18637	8472.44531	0.03320	11487	1	0.51924	0.22099	0	0.39148	0.17018	1	0.39148	0.17018	1	0.48219	0.53286	9.85174	1.05176	0	0.48234	0.53287	9.88042	1.06044	1	-0.00405	-0.00885	0.66700	0.00191	1	-0.00436	-0.00945	0.69977	0.00196	1	1.45898	0.81042	0	
1256177	8472.48535	3305524446867	0.39436	0.18406	8472.44531	0.04004	11487	1	0.51924	0.22099	0	0.39148	0.17018	1	0.39148	0.17018	1	0.48219	0.53286	9.85174	1.06044	0	0.48240	0.53282	9.88754	1.06044	1	-0.00405	-0.00885	0.66700	0.00191	1	-0.00411	-0.00903	0.66925	0.00193	1	1.45898	0.81042	0	
1256178	8472.49219	3305524513607	0.39410	0.18772	8472.44531	0.04688	11487	1	0.51924	0.22099	0	0.39222	0.21330	1	0.39222	0.21330	1	0.48219	0.53286	9.85174	1.06044	0	0.48244	0.53299	9.97909	1.05176	1	-0.00405	-0.00885	0.66700	0.00191	1	-0.00411	-0.00903	0.66925	0.00203	1	1.45898	0.81042	0	
1256179	8472.49902	3305524582912	0.39449	0.18823	8472.44531	0.05371	11487	1	0.51924	0.22099	0	0.39763	0.19238	1	0.39763	0.19238	1	0.48219	0.53286	9.85174	1.05176	0	0.48246	0.53269	9.70763	1.04308	1	-0.00405	-0.00885	0.66700	0.00191	1	-0.00411	-0.00903	0.66925	0.00187	1	1.45898	0.81042	0	
1256180	8472.50586	3305524650271	0.39483	0.18948	8472.44531	0.06055	11487	1	0.51924	0.22099	0	0.39792	0.20071	1	0.39792	0.20071	1	0.48219	0.53286	9.85174	1.04308	0	0.48240	0.53280	9.59174	1.03440	1	-0.00405	-0.00885	0.66700	0.00191	1	-0.00411	-0.00898	0.66925	0.00185	1	1.45898	0.81042	0	
1256181	8472.51172	3305524715746	0.39228	0.21397	8472.44531	0.06641	11487	1	0.51924	0.22099	0	0.36678	0.45887	1	0.36678	0.45887	1	0.48219	0.53286	9.85174	1.03440	0	0.48242	0.53560	9.79672	1.03440	1	-0.00405	-0.00885	0.66700	0.00191	1	-0.00411	-0.00898	0.66925	0.00352	1	1.45898	0.81042	0	
1256182	8472.51855	3305524785525	0.39254	0.21222	8472.44531	0.07324	11487	1	0.51924	0.22099	0	0.39540	0.19292	1	0.39540	0.19292	1	0.48219	0.53286	9.85174	1.03440	0	0.48240	0.53272	9.63049	1.03440	1	-0.00405	-0.00885	0.66700	0.00191	1	-0.00411	-0.00898	0.66925	0.00192	1	1.45898	0.81042	0	
1256183	8472.52539	3305524850799	0.39276	0.21073	8472.44531	0.08008	11487	1	0.51924	0.22099	0	0.39540	0.19292	1	0.39540	0.19292	1	0.48219	0.53286	9.85174	1.03440	0	0.48243	0.53260	9.30932	1.03440	1	-0.00405	-0.00885	0.66700	0.00191	1	-0.00411	-0.00903	0.66925	0.00192	1	1.45898	0.81042	0	
1256184	8472.53223	3305524918481	0.39313	0.21002	8472.44531	0.08691	11487	1	0.51924	0.22099	0	0.39792	0.20071	1	0.39792	0.20071	1	0.48219	0.53286	9.85174	1.03440	0	0.48246	0.53269	9.70763	1.03440	1	-0.00405	-0.00885	0.66700	0.00191	1	-0.00411	-0.00903	0.66925	0.00187	1	1.45898	0.81042	0	
1256185	8472.53906	3305524984489	0.39281	0.20834	8472.44531	0.09375	11487	1	0.51924	0.22099	0	0.38830	0.18492	1	0.38830	0.18492	1	0.48219	0.53286	9.85174	1.03440	0	0.48232	0.53261	10.01003	1.03440	1	-0.00405	-0.00885	0.66700	0.00191	1	-0.00411	-0.00903	0.66925	0.00193	1	1.45898	0.81042	0	
1256186	8472.54590	3305525051655	0.39253	0.20688	8472.44531	0.10059	11487	1	0.51924	0.22099	0	0.38830	0.18492	1	0.38830	0.18492	1	0.48219	0.53286	9.85174	1.03440	0	0.48228	0.53266	9.95234	1.03440	1	-0.00405	-0.00885	0.66700	0.00191	1	-0.00411	-0.00893	0.66925	0.00196	1	1.45898	0.81042	0	
1256187	8472.55176	3305525117177	0.39253	0.20688	8472.44531	0.10645	11487	1	0.51924	0.22099	0	0.38830	0.18492	0	0.38830	0.18492	0	0.48219	0.53286	9.85174	1.03440	0	0.48228	0.53266	9.95234	1.03440	0	-0.00405	-0.00885	0.66700	0.00191	1	-0.00411	-0.00893	0.66925	0.00196	1	1.45898	0.81042	0	
1256188	8472.55859	3305525184828	0.39253	0.20688	8472.44531	0.11328	11487	1	0.51924	0.22099	0	0.38830	0.18492	0	0.38830	0.18492	0	0.48219	0.53286	9.85174	1.03440	0	0.48228	0.53266	9.95234	1.03440	0	-0.00405	-0.00885	0.66700	0.00191	1	-0.00411	-0.00893	0.66925	0.00196	1	1.45898	0.81042	0	
1256189	8472.56543	3305525251498	0.39253	0.20688	8472.44531	0.12012	11487	1	0.51924	0.22099	0	0.38830	0.18492	0	0.38830	0.18492	0	0.48219	0.53286	9.85174	1.03440	0	0.48228	0.53266	9.95234	1.03440	0	-0.00405	-0.00885	0.66700	0.00191	1	-0.00411	-0.00893	0.66925	0.00196	1	1.45898	0.81042	0	
1256190	8472.57227	3305525315466	0.39192	0.21513	8472.44531	0.12012	11487	0	0.51924	0.22099	0	0.38830	0.18492	0	0.38830	0.18492	0	0.48219	0.53286	9.85174	1.03440	0	0.48228	0.53266	9.95234	1.03440	0	-0.00405	-0.00885	0.66700	0.00191	1	-0.00411	-0.00893	0.66925	0.00196	1	1.45898	0.81042	0	
1256191	8472.57910	3305525386079	0.39192	0.21513	8472.44531	0.12012	11487	0	0.51924	0.22099	0	0.38830	0.18492	0	0.38830	0.18492	0	0.48219	0.53286	9.85174	1.03440	0	0.48228	0.53266	9.95234	1.03440	0	-0.00405	-0.00885	0.66700	0.00191	1	-0.00411	-0.00893	0.66925	0.00196	1	1.45898	0.81042	0	
1256192	8472.58594	3305525451914	0.38993	0.19580	8472.44531	0.12012	11487	0	0.51924	0.22099	0	0.38793	0.17647	1	0.38793	0.17647	1	0.48219	0.53286	9.85174	1.03440	0	0.74485	0.55885	10.47544	1.04308	1	-0.00405	-0.00885	0.66700	0.00191	1	0.06668	-0.01452	0.71197	0.00361	1	1.45898	0.81042	0	
1256193	8472.59277	3305525519972	0.38993	0.19580	8472.57227	0.02051	11488	1	0.51924	0.22099	0	0.38793	0.17647	0	0.38793	0.17647	0	0.48219	0.53286	9.85174	1.04308	0	0.74485	0.55885	10.47544	1.05176	0	-0.00405	-0.00885	0.66700	0.00191	1	0.06668	-0.01452	0.71197	0.00361	1	1.45898	0.81042	0	
1256194	8472.59863	3305525585233	0.42779	0.31516	8472.57227	0.02051	11488	0	0.51924	0.22099	0	0.46765	0.45385	1	0.46765	0.45385	1	0.48219	0.53286	9.85174	1.05176	0	0.74464	0.55885	10.48771	1.06044	1	-0.00405	-0.00885	0.66700	0.00191	1	0.06668	-0.01452	0.71197	0.00365	1	1.45898	0.81042	0	
1256195	8472.60547	3305525650657	0.44785	0.38144	8472.57227	0.02051	11488	0	0.51924	0.22099	0	0.46791	0.44773	1	0.46791	0.44773	1	0.48219	0.53286	9.85174	1.06044	0	0.74484	0.55864	10.48687	1.06912	1	-0.00405	-0.00885	0.66700	0.00191	1	0.06564	-0.01440	0.70083	0.00371	1	1.45898	0.81042	0	
1256196	8472.61230	3305525719180	0.44785	0.38144	8472.57227	0.02051	11488	0	0.51924	0.22099	0	0.46791	0.44773	0	0.46791	0.44773	0	0.48219	0.53286	9.85174	1.06912	0	0.74484	0.55864	10.48687	1.06912	0	-0.00405	-0.00885	0.66700	0.00191	1	0.06564	-0.01440	0.70083	0.00371	1	1.45898	0.81042	0	
1256197	8472.61914	3305525785810	0.46791	0.44773	8472.57227	0.02051	11488	0	0.51924	0.22099	0	0.46791	0.44773	0	0.46791	0.44773	0	0.48219	0.53286	9.85174	1.06912	0	0.74484	0.55864	10.48687	1.06912	0	-0.00405	-0.00885	0.66700	0.00191	1	0.06564	-0.01440	0.70083	0.00371	1	1.45898	0.81042	0	
1256198	8472.62500	3305525849842	0.46791	0.44773	8472.57227	0.02051	11488	0	0.51924	0.22099	0	0.46791	0.44773	0	0.46791	0.44773	0	0.48219	0.53286	9.85174	1.06912	0	0.74484	0.55864	10.48687	1.06912	0	-0.00405	-0.00885	0.66700	0.00191	1	0.06564	-0.01440	0.70083	0.00371	1	1.45898	0.81042	0	
1256199	8472.63184	3305525918381	0.46791	0.44773	8472.57227	0.02051	11488	0	0.51924	0.22099	0	0.46791	0.44773	0	0.46791	0.44773	0	0.48219	0.53286	9.85174	1.06912	0	0.74484	0.55864	10.48687	1.06912	0	-0.00405	-0.00885	0.66700	0.00191	1	0.06564	-0.01440	0.70083	0.00371	1	1.45898	0.81042	0	
1256200	8472.63867	3305525984805	0.00000	0.00000	8472.57227	0.02051	11488	0	0.51924	0.22099	0	0.46791	0.44773	0	0.46791	0.44773	0	0.48219	0.53286	9.85174	1.06912	0	0.74484	0.55864	10.48687	1.06912	0	-0.00405	-0.00885	0.66700	0.00191	1	0.06564	-0.01440	0.70083	0.00371	1	1.45898	0.81042	0	
1256201	8472.64551	3305526050901	0.00000	0.00000	8472.57227	0.02051	11488	0	0.51924	0.22099	0	0.46791	0.44773	0	0.46791	0.44773	0	0.48219	0.53286	9.85174	1.06912	0	0.74484	0.55864	10.48687	1.06912	0	-0.00405	-0.00885	0.66700	0.00191	1	0.06564	-0.01440	0.70083	0.00371	1	1.45898	0.81042	0	
1256202	8472.65234	3305526120689	0.00000	0.00000	8472.57227	0.02051	11488	0	0.51924	0.22099	0	0.46791	0.44773	0	0.46791	0.44773	0	0.48219	0.53286	9.85174	1.06912	0	0.74484	0.55864	10.48687	1.06912	0	-0.00405	-0.00885	0.66700	0.00191	1	0.06564	-0.01440	0.70083	0.00371	1	1.45898	0.81042	0	
1256203	8472.65918	3305526189015	0.00000	0.00000	8472.57227	0.02051	11488	0	0.51924	0.22099	0	0.46791	0.44773	0	0.46791	0.44773	0	0.48219	0.53286	9.85174	1.06912	0	0.74484	0.55864	10.48687	1.06912	0	-0.00405	-0.00885	0.66700	0.00191	1	0.06564	-0.01440	0.70083	0.00371	1	1.45898	0.81042	0	
1256204	8472.66602	3305526251699	0.00000	0.00000	8472.57227	0.02051	11488	0	0.51924	0.22099	0	0.46791	0.44773	0	0.46791	0.44773	0	0.48219	0.53286	9.85174	1.06912	0	0.74484	0.55864	10.48687	1.06912	0	-0.00405	-0.00885	0.66700	0.00191	1	0.06564	-0.01440	0.70083	0.00371	1	1.45898	0.81042	0	
1256205	8472.67285	3305526320103	0.19841	0.06093	8472.57227	0.02051	11488	0	0.51924	0.22099	0	0.39682	0.12185	1	0.39682	0.12185	1	0.48208	0.53229	9.97711	1.06912	0	0.48208	0.53229	9.97711	1.06912	1	-0.00405	-0.00885	0.66700	0.00191	1	0.06564	-0.01440	0.70083	0.00196	1	1.45898	0.81042	0	
1256206	8472.67969	3305526391154	0.39921	0.13960	8472.57227	0.02051	11488	0	0.51924	0.22099	0	0.40161	0.15734	1	0.40161	0.15734	1	0.48208	0.53229	9.97711	1.06912	0	0.48205	0.53256	9.80996	1.06912	1	-0.00405	-0.00885	0.66700	0.00191	1	0.06564	-0.01440	0.70083	0.00190	1	1.45898	0.81042	0	
1256207	8472.68652	3305526457694	0.39921	0.13960	8472.57227	0.02051	11488	0	0.51924	0.22099	0	0.40161	0.15734	0	0.40161	0.15734	0	0.48208	0.53229	9.97711	1.06912	0	0.48205	0.53256	9.80996	1.06912	0	-0.00405	-0.00885	0.66700	0.00191	1	0.06564	-0.01440	0.70083	0.00190	1	1.45898	0.81042	0	
1256208	8472.69336	3305526524390	0.39921	0.13960	8472.57227	0.02051	11488	0	0.51924	0.22099	0	0.40161	0.15734	0	0.40161	0.15734	0	0.48208	0.53229	9.97711	1.06912	0	0.48205	0.53256	9.80996	1.06912	0	-0.00405	-0.00885	0.66700	0.00191	1	0.06564	-0.01440	0.70083	0.00190	1	1.45898	0.81042	0	
1256209	8472.69922	3305526591776	0.00000	0.00000	8472.57227	0.02051	11488	0	0.51924	0.22099	0	0.40161	0.15734	0	0.40161	0.15734	0	0.48208	0.53229	9.97711	1.06912	0	0.48205	0.53256	9.80996	1.06912	0	-0.00405	-0.00885	0.66700	0.00191	1	0.06564	-0.01440	0.70083	0.00190	1	1.45898	0.81042	0	
1256210	8472.70605	3305526658423	0.00000	0.00000	8472.57227	0.02051	11488	0	0.51924	0.22099	0	0.40161	0.15734	0	0.40161	0.15734	0	0.48208	0.53229	9.97711	1.06912	0	0.48205	0.53256	9.80996	1.06912	0	-0.00405	-0.00885	0.66700	0.00191	1	0.06564	-0.01440	0.70083	0.00190	1	1.45898	0.81042	0	
1256211	8472.71289	3305526725268	0.00000	0.00000	8472.57227	0.02051	11488	0	0.51924	0.22099	0	0.40161	0.15734	0	0.40161	0.15734	0	0.48208	0.53229	9.97711	1.06912	0	0.48205	0.53256	9.80996	1.06912	0	-0.00405	-0.00885	0.66700	0.00191	1	0.06564	-0.01440	0.70083	0.00190	1	1.45898	0.81042	0	
1256212	8472.71973	3305526791326	0.00000	0.00000	8472.57227	0.02051	11488	0	0.51924	0.22099	0	0.40161	0.15734	0	0.40161	0.15734	0	0.48208	0.53229	9.97711	1.06912	0	0.48205	0.53256	9.80996	1.06912	0	-0.00405	-0.00885	0.66700	0.00191	1	0.06564	-0.01440	0.70083	0.00190	1	1.45898	0.81042	0	
1256213	8472.72656	3305526859561	0.00000	0.00000	8472.57227	0.02051	11488	0	0.51924	0.22099	0	0.40161	0.15734	0	0.40161	0.15734	0	0.48208	0.53229	9.97711	1.06912	0	0.48205	0.53256	9.80996	1.06912	0	-0.00405	-0.00885	0.66700	0.00191	1	0.06564	-0.01440	0.70083	0.00190	1	1.45898	0.81042	0	
1256214	8472.73340	3305526926590	0.00000	0.00000	8472.57227	0.02051	11488	0	0.51924	0.22099	0	0.40161	0.15734	0	0.40161	0.15734	0	0.48208	0.53229	9.97711	1.06912	0	0.48205	0.53256	9.80996	1.06912	0	-0.00405	-0.00885	0.66700	0.00191	1	0.06564	-0.01440	0.70083	0.00190	1	1.45898	0.81042	0	
1256215	8472.74023	3305526993729	0.00000	0.00000	8472.57227	0.02051	11488	0	0.51924	0.22099	0	0.40161	0.15734	0	0.40161	0.15734	0	0.48208	0.53229	9.97711	1.06912	0	0.48205	0.53256	9.80996	1.06912	0	-0.00405	-0.00885	0.66700	0.00191	1	0.06564	-0.01440	0.70083	0.00190	1	1.45898	0.81042	0	
1256216	8472.74609	3305527059981	0.00000	0.00000	8472.57227	0.02051	11488	0	0.51924	0.22099	0	0.40161	0.15734	0	0.40161	0.15734	0	0.48208	0.53229	9.97711	1.06912	0	0.48205	0.53256	9.80996	1.06912	0	-0.00405	-0.00885	0.66700	0.00191	1	0.06564	-0.01440	0.70083	0.00190	1	1.45898	0.81042	0	
1256217	8472.75293	3305527127462	0.00000	0.00000	8472.57227	0.02051	11488	0	0.51924	0.22099	0	0.40161	0.15734	0	0.40161	0.15734	0	0.48208	0.53229	9.97711	1.06912	0	0.48205	0.53256	9.80996	1.06912	0	-0.00405	-0.00885	0.66700	0.00191	1	0.06564	-0.01440	0.70083	0.00190	1	1.45898	0.81042	0	
1256218	8472.75977	3305527194605	0.00000	0.00000	8472.57227	0.02051	11488	0	0.51924	0.22099	0	0.40161	0.15734	0	0.40161	0.15734	0	0.48208	0.53229	9.97711	1.06912	0	0.48205	0.53256	9.80996	1.06912	0	-0.00405	-0.00885	0.66700	0.00191	1	0.06564	-0.01440	0.70083	0.00190	1	1.45898	0.81042	0	
1256219	8472.76660	3305527260935	0.00000	0.00000	8472.57227	0.02051	11488	0	0.51924	0.22099	0	0.40161	0.15734	0	0.40161	0.15734	0	0.48208	0.53229	9.97711	1.06912	0	0.48205	0.53256	9.80996	1.06912	0	-0.00405	-0.00885	0.66700	0.00191	1	0.06564	-0.01440	0.70083	0.00190	1	1.45898	0.81042	0	
1256220	8472.77344	3305527327984	0.00000	0.00000	8472.57227	0.02051	11488	0	0.51924	0.22099	0	0.40161	0.15734	0	0.40161	0.15734	0	0.48208	0.53229	9.97711	1.06912	0	0.48205	0.53256	9.80996	1.06912	0	-0.00405	-0.00885	0.66700	0.00191	1	0.06564	-0.01440	0.70083	0.00190	1	1.45898	0.81042	0	
1256221	8472.77930	3305527392312	0.00000	0.00000	8472.57227	0.02051	11488	0	0.51924	0.22099	0	0.40161	0.15734	0	0.40161	0.15734	0	0.48208	0.53229	9.97711	1.06912	0	0.48205	0.53256	9.80996	1.06912	0	-0.00405	-0.00885	0.66700	0.00191	1	0.06564	-0.01440	0.70083	0.00190	1	1.45898	0.81042	0	
1256222	8472.78613	3305527458852	0.00000	0.00000	8472.57227	0.02051	11488	0	0.51924	0.22099	0	0.40161	0.15734	0	0.40161	0.15734	0	0.48208	0.53229	9.97711	1.06912	0	0.48205	0.53256	9.80996	1.06912	0	-0.00405	-0.00885	0.66700	0.00191	1	0.06564	-0.01440	0.70083	0.00190	1	1.45898	0.81042	0	
1256223	8472.79297	3305527527131	0.00000	0.00000	8472.57227	0.02051	11488	0	0.51924	0.22099	0	0.40161	0.15734	0	0.40161	0.15734	0	0.48208	0.53229	9.97711	1.06912	0	0.48205	0.53256	9.80996	1.06912	0	-0.00405	-0.00885	0.66700	0.00191	1	0.06564	-0.01440	0.70083	0.00190	1	1.45898	0.81042	0	
1256224	8472.79980	3305527591824	0.00000	0.00000	8472.57227	0.02051	11488	0	0.51924	0.22099	0	0.40161	0.15734	0	0.40161	0.15734	0	0.48208	0.53229	9.97711	1.06912	0	0.48205	0.53256	9.80996	1.06912	0	-0.00405	-0.00885	0.66700	0.00191	1	0.06564	-0.01440	0.70083	0.00190	1	1.45898	0.81042	0	
1256225	8472.80664	3305527659200	0.00000	0.00000	8472.57227	0.02051	11488	0	0.51924	0.22099	0	0.40161	0.15734	0	0.40161	0.15734	0	0.48208	0.53229	9.97711	1.06912	0	0.48205	0.53256	9.80996	1.06912	0	-0.00405	-0.00885	0.66700	0.00191	1	0.06564	-0.01440	0.70083	0.00190	1	1.45898	0.81042	0	
1256226	8472.81348	3305527727288	0.00000	0.00000	8472.57227	0.02051	11488	0	0.51924	0.22099	0	0.40161	0.15734	0	0.40161	0.15734	0	0.48208	0.53229	9.97711	1.06912	0	0.48205	0.53256	9.80996	1.06912	0	-0.00405	-0.00885	0.66700	0.00191	1	0.06564	-0.01440	0.70083	0.00190	1	1.45898	0.81042	0	
1256227	8472.82031	3305527796671	0.00000	0.00000	8472.57227	0.02051	11488	0	0.51924	0.22099	0	0.40161	0.15734	0	0.40161	0.15734	0	0.48208	0.53229	9.97711	1.06912	0	0.48205	0.53256	9.80996	1.06912	0	-0.00405	-0.00885	0.66700	0.00191	1	0.06564	-0.01440	0.70083	0.00190	1	1.45898	0.81042	0	
1256228	8472.82617	3305527859630	0.00000	0.00000	8472.57227	0.02051	11488	0	0.51924	0.22099	0	0.40161	0.15734	0	0.40161	0.15734	0	0.48208	0.53229	9.97711	1.06912	0	0.48205	0.53256	9.80996	1.06912	0	-0.00405	-0.00885	0.66700	0.00191	1	0.06564	-0.01440	0.70083	0.00190	1	1.45898	0.81042	0	
1256229	8472.83301	3305527927862	0.00000	0.00000	8472.57227	0.02051	11488	0	0.51924	0.22099	0	0.40161	0.15734	0	0.40161	0.15734	0	0.48208	0.53229	9.97711	1.06912	0	0.48205	0.53256	9.80996	1.06912	0	-0.00405	-0.00885	0.66700	0.00191	1	0.06564	-0.01440	0.70083	0.00190	1	1.45898	0.81042	0	
1256230	8472.83984	3305527998048	0.00000	0.00000	8472.57227	0.02051	11488	0	0.51924	0.22099	0	0.40161	0.15734	0	0.40161	0.15734	0	0.48208	0.53229	9.97711	1.06912	0	0.48205	0.53256	9.80996	1.06912	0	-0.00405	-0.00885	0.66700	0.00191	1	0.06564	-0.01440	0.70083	0.00190	1	1.45898	0.81042	0	
1256231	8472.84668	3305528065457	0.00000	0.00000	8472.57227	0.02051	11488	0	0.51924	0.22099	0	0.40161	0.15734	0	0.40161	0.15734	0	0.48208	0.53229	9.97711	1.06912	0	0.48205	0.53256	9.80996	1.06912	0	-0.00405	-0.00885	0.66700	0.00191	1	0.06564	-0.01440	0.70083	0.00190	1	1.45898	0.81042	0	
1256232	8472.85352	3305528132675	0.00000	0.00000	8472.57227	0.02051	11488	0	0.51924	0.22099	0	0.40161	0.15734	0	0.40161	0.15734	0	0.48208	0.53229	9.97711	1.06912	0	0.48205	0.53256	9.80996	1.06912	0	-0.00405	-0.00885	0.66700	0.00191	1	0.06564	-0.01440	0.70083	0.00190	1	1.45898	0.81042	0	
1256233	8472.86035	3305528199556	0.00000	0.00000	8472.57227	0.02051	11488	0	0.51924	0.22099	0	0.40161	0.15734	0	0.40161	0.15734	0	0.48208	0.53229	9.97711	1.06912	0	0.48205	0.53256	9.80996	1.06912	0	-0.00405	-0.00885	0.66700	0.00191	1	0.06564	-0.01440	0.70083	0.00190	1	1.45898	0.81042	0	
1256234	8472.86719	3305528266160	0.00000	0.00000	8472.57227	0.02051	11488	0	0.51924	0.22099	0	0.40161	0.15734	0	0.40161	0.15734	0	0.48208	0.53229	9.97711	1.06912	0	0.48205	0.53256	9.80996	1.06912	0	-0.00405	-0.00885	0.66700	0.00191	1	0.06564	-0.01440	0.70083	0.00190	1	1.45898	0.81042	0	
1256235	8472.87402	3305528333135	0.00000	0.00000	8472.57227	0.02051	11488	0	0.51924	0.22099	0	0.40161	0.15734	0	0.40161	0.15734	0	0.48208	0.53229	9.97711	1.06912	0	0.48205	0.53256	9.80996	1.06912	0	-0.00405	-0.00885	0.66700	0.00191	1	0.06564	-0.01440	0.70083	0.00190	1	1.45898	0.81042	0	
1256236	8472.88086	3305528400319	0.00000	0.00000	8472.57227	0.02051	11488	0	0.51924	0.22099	0	0.40161	0.15734	0	0.40161	0.15734	0	0.48208	0.53229	9.97711	1.06912	0	0.48205	0.53256	9.80996	1.06912	0	-0.00405	-0.00885	0.66700	0.00191	1	0.06564	-0.01440	0.70083	0.00190	1	1.45898	0.81042	0	
1256237	8472.88672	3305528466795	0.00000	0.00000	8472.57227	0.02051	11488	0	0.51924	0.22099	0	0.40161	0.15734	0	0.40161	0.15734	0	0.48208	0.53229	9.97711	1.06912	0	0.48205	0.53256	9.80996	1.06912	0	-0.00405	-0.00885	0.66700	0.00191	1	0.06564	-0.01440	0.70083	0.00190	1	1.45898	0.81042	0	
1256238	8472.89355	3305528533543	0.00000	0.00000	8472.57227	0.02051	11488	0	0.51924	0.22099	0	0.40161	0.15734	0	0.40161	0.15734	0	0.48208	0.53229	9.97711	1.06912	0	0.48205	0.53256	9.80996	1.06912	0	-0.00405	-0.00885	0.66700	0.00191	1	0.06564	-0.01440	0.70083	0.00190	1	1.45898	0.81042	0	
1256239	8472.90039	3305528600948	0.00000	0.00000	8472.57227	0.02051	11488	0	0.51924	0.22099	0	0.40161	0.15734	0	0.40161	0.15734	0	0.48208	0.53229	9.97711	1.06912	0	0.48205	0.53256	9.80996	1.06912	0	-0.00405	-0.00885	0.66700	0.00191	1	0.06564	-0.01440	0.70083	0.00190	1	1.45898	0.81042	0	
1256240	8472.90723	3305528667856	0.00000	0.00000	8472.57227	0.02051	11488	0	0.51924	0.22099	0	0.40161	0.15734	0	0.40161	0.15734	0	0.48208	0.53229	9.97711	1.06912	0	0.48205	0.53256	9.80996	1.06912	0	-0.00405	-0.00885	0.66700	0.00191	1	0.06564	-0.01440	0.70083	0.00190	1	1.45898	0.81042	0	
1256241	8472.91406	3305528735185	0.00000	0.00000	8472.57227	0.02051	11488	0	0.51924	0.22099	0	0.40161	0.15734	0	0.40161	0.15734	0	0.48208	0.53229	9.97711	1.06912	0	0.48205	0.53256	9.80996	1.06912	0	-0.00405	-0.00885	0.66700	0.00191	1	0.06564	-0.01440	0.70083	0.00190	1	1.45898	0.81042	0	
1256242	8472.92090	3305528802135	0.00000	0.00000	8472.57227	0.02051	11488	0	0.51924	0.22099	0	0.40161	0.15734	0	0.40161	0.15734	0	0.48208	0.53229	9.97711	1.06912	0	0.48205	0.53256	9.80996	1.06912	0	-0.00405	-0.00885	0.66700	0.00191	1	0.06564	-0.01440	0.70083	0.00190	1	1.45898	0.81042	0	
1256243	8472.92773	3305528867912	0.00000	0.00000	8472.57227	0.02051	11488	0	0.51924	0.22099	0	0.40161	0.15734	0	0.40161	0.15734	0	0.48208	0.53229	9.97711	1.06912	0	0.48205	0.53256	9.80996	1.06912	0	-0.00405	-0.00885	0.66700	0.00191	1	0.06564	-0.01440	0.70083	0.00190	1	1.45898	0.81042	0	
1256244	8472.93457	3305528936333	0.00000	0.00000	8472.57227	0.02051	11488	0	0.51924	0.22099	0	0.40161	0.15734	0	0.40161	0.15734	0	0.48208	0.53229	9.97711	1.06912	0	0.48205	0.53256	9.80996	1.06912	0	-0.00405	-0.00885	0.66700	0.00191	1	0.06564	-0.01440	0.70083	0.00190	1	1.45898	0.81042	0	
1256245	8472.94043	3305529002834	0.00000	0.00000	8472.57227	0.02051	11488	0	0.51924	0.22099	0	0.40161	0.15734	0	0.40161	0.15734	0	0.48208	0.53229	9.97711	1.06912	0	0.48205	0.53256	9.80996	1.06912	0	-0.00405	-0.00885	0.66700	0.00191	1	0.06564	-0.01440	0.70083	0.00190	1	1.45898	0.81042	0	
1256246	8472.94727	3305529070021	0.00000	0.00000	8472.57227	0.02051	11488	0	0.51924	0.22099	0	0.40161	0.15734	0	0.40161	0.15734	0	0.48208	0.53229	9.97711	1.06912	0	0.48205	0.53256	9.80996	1.06912	0	-0.00405	-0.00885	0.66700	0.00191	1	0.06564	-0.01440	0.70083	0.00190	1	1.45898	0.81042	0	
1256247	8472.95410	3305529136794	0.00000	0.00000	8472.57227	0.02051	11488	0	0.51924	0.22099	0	0.40161	0.15734	0	0.40161	0.15734	0	0.48208	0.53229	9.97711	1.06912	0	0.48205	0.53256	9.80996	1.06912	0	-0.00405	-0.00885	0.66700	0.00191	1	0.06564	-0.01440	0.70083	0.00190	1	1.45898	0.81042	0	
1256248	8472.96094	3305529203541	0.00000	0.00000	8472.57227	0.02051	11488	0	0.51924	0.22099	0	0.40161	0.15734	0	0.40161	0.15734	0	0.48208	0.53229	9.97711	1.06912	0	0.48205	0.53256	9.80996	1.06912	0	-0.00405	-0.00885	0.66700	0.00191	1	0.06564	-0.01440	0.70083	0.00190	1	1.45898	0.81042	0	
1256249	8472.96777	3305529270962	0.00000	0.00000	8472.57227	0.02051	11488	0	0.51924	0.22099	0	0.40161	0.15734	0	0.40161	0.15734	0	0.48208	0.53229	9.97711	1.06912	0	0.48205	0.53256	9.80996	1.06912	0	-0.00405	-0.00885	0.66700	0.00191	1	0.06564	-0.01440	0.70083	0.00190	1	1.45898	0.81042	0	
1256250	8472.97363	3305529335120	0.00000	0.00000	8472.57227	0.02051	11488	0	0.51924	0.22099	0	0.40161	0.15734	0	0.40161	0.15734	0	0.48208	0.53229	9.97711	1.06912	0	0.48205	0.53256	9.80996	1.06912	0	-0.00405	-0.00885	0.66700	0.00191	1	0.06564	-0.01440	0.70083	0.00190	1	1.45898	0.81042	0	
1256251	8472.98145	3305529405385	0.00000	0.00000	8472.57227	0.02051	11488	0	0.51924	0.22099	0	0.40161	0.15734	0	0.40161	0.15734	0	0.48208	0.53229	9.97711	1.06912	0	0.48205	0.53256	9.80996	1.06912	0	-0.00405	-0.00885	0.66700	0.00191	1	0.06564	-0.01440	0.70083	0.00190	1	1.45898	0.81042	0	
1256252	8472.98730	3305529472076	0.00000	0.00000	8472.57227	0.02051	11488	0	0.51924	0.22099	0	0.40161	0.15734	0	0.40161	0.15734	0	0.48208	0.53229	9.97711	1.06912	0	0.48205	0.53256	9.80996	1.06912	0	-0.00405	-0.00885	0.66700	0.00191	1	0.06564	-0.01440	0.70083	0.00190	1	1.45898	0.81042	0	
1256253	8472.99414	3305529535529	0.00000	0.00000	8472.57227	0.02051	11488	0	0.51924	0.22099	0	0.40161	0.15734	0	0.40161	0.15734	0	0.48208	0.53229	9.97711	1.06912	0	0.48205	0.53256	9.80996	1.06912	0	-0.00405	-0.00885	0.66700	0.00191	1	0.06564	-0.01440	0.70083	0.00190	1	1.45898	0.81042	0	
1256254	8473.00098	3305529602380	0.00000	0.00000	8472.57227	0.02051	11488	0	0.51924	0.22099	0	0.40161	0.15734	0	0.40161	0.15734	0	0.48208	0.53229	9.97711	1.06912	0	0.48205	0.53256	9.80996	1.06912	0	-0.00405	-0.00885	0.66700	0.00191	1	0.06564	-0.01440	0.70083	0.00190	1	1.45898	0.81042	0	
1256255	8473.00781	3305529672777	0.00000	0.00000	8472.57227	0.02051	11488	0	0.51924	0.22099	0	0.40161	0.15734	0	0.40161	0.15734	0	0.48208	0.53229	9.97711	1.06912	0	0.48205	0.53256	9.80996	1.06912	0	-0.00405	-0.00885	0.66700	0.00191	1	0.06564	-0.01440	0.70083	0.00190	1	1.45898	0.81042	0	
1256256	8473.01465	3305529741364	0.00000	0.00000	8472.57227	0.02051	11488	0	0.51924	0.22099	0	0.40161	0.15734	0	0.40161	0.15734	0	0.48208	0.53229	9.97711	1.06912	0	0.48205	0.53256	9.80996	1.06912	0	-0.00405	-0.00885	0.66700	0.00191	1	0.06564	-0.01440	0.70083	0.00190	1	1.45898	0.81042	0	
1256257	8473.02148	3305529806648	0.00000	0.00000	8472.57227	0.02051	11488	0	0.51924	0.22099	0	0.40161	0.15734	0	0.40161	0.15734	0	0.48208	0.53229	9.97711	1.06912	0	0.48205	0.53256	9.80996	1.06912	0	-0.00405	-0.00885	0.66700	0.00191	1	0.06564	-0.01440	0.70083	0.00190	1	1.45898	0.81042	0	
1256258	8473.02832	3305529873731	0.20093	0.08288	8472.57227	0.02051	11488	0	0.51924	0.22099	0	0.40186	0.16575	1	0.40186	0.16575	1	0.48271	0.53522	9.88261	1.06912	0	0.48271	0.53522	9.88261	1.06044	1	-0.00405	-0.00885	0.66700	0.00191	1	-0.00411	-0.00888	0.66925	0.00347	1	1.45898	0.81042	0	
1256259	8473.03418	3305529941033	0.26332	0.18806	8472.57227	0.02051	11488	0	0.51924	0.22099	0	0.38809	0.39843	1	0.38809	0.39843	1	0.48271	0.53522	9.88261	1.06044	0	0.48280	0.53510	10.47579	1.05176	1	-0.00405	-0.00885	0.66700	0.00191	1	-0.00411	-0.00888	0.66925	0.00343	1	1.45898	0.81042	0	
1256260	8473.04102	3305530007733	0.39281	0.32352	8472.57227	0.02051	11488	0	0.51924	0.22099	0	0.38846	0.40639	1	0.38846	0.40639	1	0.48271	0.53522	9.88261	1.05176	0	0.48281	0.53532	10.24699	1.04308	1	-0.00405	-0.00885	0.66700	0.00191	1	-0.00411	-0.00888	0.66925	0.00346	1	1.45898	0.81042	0	
1256261	8473.04785	3305530073454	0.39281	0.32352	8472.57227	0.02051	11488	0	0.51924	0.22099	0	0.38846	0.40639	0	0.38846	0.40639	0	0.48271	0.53522	9.88261	1.04308	0	0.48281	0.53532	10.24699	1.03440	0	-0.00405	-0.00885	0.66700	0.00191	1	-0.00411	-0.00888	0.66925	0.00346	1	1.45898	0.81042	0	
1256262	8473.05469	3305530140454	0.39281	0.32352	8472.57227	0.02051	11488	0	0.51924	0.22099	0	0.38846	0.40639	0	0.38846	0.40639	0	0.48271	0.53522	9.88261	1.03440	0	0.48281	0.53532	10.24699	1.03440	0	-0.00405	-0.00885	0.66700	0.00191	1	-0.00411	-0.00888	0.66925	0.00346	1	1.45898	0.81042	0	
1256263	8473.06152	3305530208398	0.00000	0.00000	8472.57227	0.02051	11488	0	0.51924	0.22099	0	0.38846	0.40639	0	0.38846	0.40639	0	0.48271	0.53522	9.88261	1.03440	0	0.48281	0.53532	10.24699	1.03440	0	-0.00405	-0.00885	0.66700	0.00191	1	-0.00411	-0.00888	0.66925	0.00346	1	1.45898	0.81042	0	
1256264	8473.06836	3305530275551	0.00000	0.00000	8472.57227	0.02051	11488	0	0.51924	0.22099	0	0.38846	0.40639	0	0.38846	0.40639	0	0.48271	0.53522	9.88261	1.03440	0	0.48281	0.53532	10.24699	1.03440	0	-0.00405	-0.00885	0.66700	0.00191	1	-0.00411	-0.00888	0.66925	0.00346	1	1.45898	0.81042	0	
1256265	8473.07520	3305530343276	0.00000	0.00000	8472.57227	0.02051	11488	0	0.51924	0.22099	0	0.38846	0.40639	0	0.38846	0.40639	0	0.48271	0.53522	9.88261	1.03440	0	0.48281	0.53532	10.24699	1.03440	0	-0.00405	-0.00885	0.66700	0.00191	1	-0.00411	-0.00888	0.66925	0.00346	1	1.45898	0.81042	0	
1256266	8473.08105	3305530409430	0.00000	0.00000	8472.57227	0.02051	11488	0	0.51924	0.22099	0	0.38846	0.40639	0	0.38846	0.40639	0	0.48271	0.53522	9.88261	1.03440	0	0.48281	0.53532	10.24699	1.03440	0	-0.00405	-0.00885	0.66700	0.00191	1	-0.00411	-0.00888	0.66925	0.00346	1	1.45898	0.81042	0	
1256267	8473.08789	3305530476263	0.00000	0.00000	8472.57227	0.02051	11488	0	0.51924	0.22099	0	0.38846	0.40639	0	0.38846	0.40639	0	0.48271	0.53522	9.88261	1.03440	0	0.48281	0.53532	10.24699	1.03440	0	-0.00405	-0.00885	0.66700	0.00191	1	-0.00411	-0.00888	0.66925	0.00346	1	1.45898	0.81042	0	
1256268	8473.09473	3305530543459	0.00000	0.00000	8472.57227	0.02051	11488	0	0.51924	0.22099	0	0.38846	0.40639	0	0.38846	0.40639	0	0.48271	0.53522	9.88261	1.03440	0	0.48281	0.53532	10.24699	1.03440	0	-0.00405	-0.00885	0.66700	0.00191	1	-0.00411	-0.00888	0.66925	0.00346	1	1.45898	0.81042	0	
1256269	8473.10156	3305530610675	0.00000	0.00000	8472.57227	0.02051	11488	0	0.51924	0.22099	0	0.38846	0.40639	0	0.38846	0.40639	0	0.48271	0.53522	9.88261	1.03440	0	0.48281	0.53532	10.24699	1.03440	0	-0.00405	-0.00885	0.66700	0.00191	1	-0.00411	-0.00888	0.66925	0.00346	1	1.45898	0.81042	0	
1256270	8473.10840	3305530677398	0.19442	0.20647	8472.57227	0.02051	11488	0	0.51924	0.22099	0	0.38883	0.41295	1	0.38883	0.41295	1	0.48271	0.53522	9.88261	1.03440	0	0.74478	0.55842	10.10160	1.03440	1	-0.00405	-0.00885	0.66700	0.00191	1	0.06291	-0.01372	0.67009	0.00371	1	1.45898	0.81042	0	
1256271	8473.11523	3305530744138	0.19442	0.20647	8472.57227	0.02051	11488	0	0.51924	0.22099	0	0.38883	0.41295	0	0.38883	0.41295	0	0.48271	0.53522	9.88261	1.03440	0	0.74478	0.55842	10.10160	1.03440	0	-0.00405	-0.00885	0.66700	0.00191	1	0.06291	-0.01372	0.67009	0.00371	1	1.45898	0.81042	0	
1256272	8473.12207	3305530811481	0.43239	0.43822	8472.57227	0.02051	11488	0	0.51924	0.22099	0	0.47594	0.46349	1	0.47594	0.46349	1	0.48271	0.53522	9.88261	1.03440	0	0.74487	0.55855	11.18952	1.03440	1	-0.00405	-0.00885	0.66700	0.00191	1	0.06291	-0.01372	0.67009	0.00370	1	1.45898	0.81042	0	
1256273	8473.12793	3305530878507	0.45416	0.45085	8472.57227	0.02051	11488	0	0.51924	0.22099	0	0.47594	0.46349	1	0.47594	0.46349	1	0.48271	0.53522	9.88261	1.03440	0	0.74503	0.55875	10.79722	1.03440	1	-0.00405	-0.00885	0.66700	0.00191	1	0.06291	-0.01372	0.67009	0.00363	1	1.45898	0.81042	0	
1256274	8473.13477	3305530945948	0.45416	0.45085	8472.57227	0.02051	11488	0	0.51924	0.22099	0	0.47594	0.46349	0	0.47594	0.46349	0	0.48271	0.53522	9.88261	1.03440	0	0.74503	0.55875	10.79722	1.03440	0	-0.00405	-0.00885	0.66700	0.00191	1	0.06291	-0.01372	0.67009	0.00363	1	1.45898	0.81042	0	
1256275	8473.14160	3305531011800	0.47594	0.46349	8472.57227	0.02051	11488	0	0.51924	0.22099	0	0.47594	0.46349	0	0.47594	0.46349	0	0.48271	0.53522	9.88261	1.03440	0	0.74503	0.55875	10.79722	1.03440	0	-0.00405	-0.00885	0.66700	0.00191	1	0.06291	-0.01372	0.67009	0.00363	1	1.45898	0.81042	0	
1256276	8473.14844	3305531079147	0.47594	0.46349	8472.57227	0.02051	11488	0	0.51924	0.22099	0	0.47594	0.46349	0	0.47594	0.46349	0	0.48271	0.53522	9.88261	1.03440	0	0.74503	0.55875	10.79722	1.03440	0	-0.00405	-0.00885	0.66700	0.00191	1	0.06291	-0.01372	0.67009	0.00363	1	1.45898	0.81042	0	
1256277	8473.15527	3305531145951	0.47594	0.46349	8472.57227	0.02051	11488	0	0.51924	0.22099	0	0.47594	0.46349	0	0.47594	0.46349	0	0.48271	0.53522	9.88261	1.03440	0	0.74503	0.55875	10.79722	1.03440	0	-0.00405	-0.00885	0.66700	0.00191	1	0.06291	-0.01372	0.67009	0.00363	1	1.45898	0.81042	0	
1256278	8473.16211	3305531213172	0.00000	0.00000	8472.57227	0.02051	11488	0	0.51924	0.22099	0	0.47594	0.46349	0	0.47594	0.46349	0	0.48271	0.53522	9.88261	1.03440	0	0.74503	0.55875	10.79722	1.03440	0	-0.00405	-0.00885	0.66700	0.00191	1	0.06291	-0.01372	0.67009	0.00363	1	1.45898	0.81042	0	
1256279	8473.16895	3305531280119	0.00000	0.00000	8472.57227	0.02051	11488	0	0.51924	0.22099	0	0.47594	0.46349	0	0.47594	0.46349	0	0.48271	0.53522	9.88261	1.03440	0	0.74503	0.55875	10.79722	1.03440	0	-0.00405	-0.00885	0.66700	0.00191	1	0.06291	-0.01372	0.67009	0.00363	1	1.45898	0.81042	0	
1256280	8473.17480	3305531347031	0.00000	0.00000	8472.57227	0.02051	11488	0	0.51924	0.22099	0	0.47594	0.46349	0	0.47594	0.46349	0	0.48271	0.53522	9.88261	1.03440	0	0.74503	0.55875	10.79722	1.03440	0	-0.00405	-0.00885	0.66700	0.00191	1	0.06291	-0.01372	0.67009	0.00363	1	1.45898	0.81042	0	
1256281	8473.18164	3305531413765	0.48690	0.49341	8472.57227	0.02051	11488	0	0.51924	0.22099	0	0.48690	0.49341	1	0.48690	0.49341	1	0.48271	0.53522	9.88261	1.03440	0	0.74503	0.55875	11.35418	1.03440	1	-0.00405	-0.00885	0.66700	0.00191	1	0.06291	-0.01372	0.67009	0.00357	1	1.45898	0.81042	0	
1256282	8473.18848	3305531479166	0.48690	0.49341	8472.57227	0.02051	11488	0	0.51924	0.22099	0	0.48690	0.49341	1	0.48690	0.49341	1	0.48271	0.53522	9.88261	1.03440	0	0.74499	0.55889	11.50050	1.03440	1	-0.00405	-0.00885	0.66700	0.00191	1	0.06291	-0.01377	0.67009	0.00351	1	1.45898	0.81042	0	
1256283	8473.19531	3305531543835	0.48995	0.50034	8472.57227	0.02051	11488	0	0.51924	0.22099	0	0.49606	0.51420	1	0.49606	0.51420	1	0.48271	0.53522	9.88261	1.03440	0	0.74516	0.55897	11.19621	1.03440	1	-0.00405	-0.00885	0.66700	0.00191	1	0.06291	-0.01377	0.67009	0.00364	1	1.45898	0.81042	0	
1256284	8473.20215	3305531612212	0.48995	0.50034	8473.18164	0.02051	11489	1	0.51924	0.22099	0	0.49606	0.51420	0	0.49606	0.51420	0	0.48271	0.53522	9.88261	1.03440	0	0.74516	0.55897	11.19621	1.03440	0	-0.00405	-0.00885	0.66700	0.00191	1	0.06291	-0.01377	0.67009	0.00364	1	1.45898	0.81042	0	
1256285	8473.20801	3305531677960	0.49148	0.50380	8473.18164	0.02637	11489	1	0.51924	0.22099	0	0.49606	0.51420	1	0.49606	0.51420	1	0.48271	0.53522	9.88261	1.03440	0	0.74516	0.55886	11.18120	1.03440	1	-0.00405	-0.00885	0.66700	0.00191	1	0.06291	-0.01377	0.67009	0.00347	1	1.45898	0.81042	0	
1256286	8473.21484	3305531746601	0.48879	0.50494	8473.18164	0.03320	11489	1	0.51924	0.22099	0	0.47803	0.50949	1	0.47803	0.50949	1	0.48271	0.53522	9.88261	1.03440	0	0.74489	0.55904	11.60316	1.03440	1	-0.00405	-0.00885	0.66700	0.00191	1	0.06291	-0.01377	0.67009	0.00349	1	1.45898	0.81042	0	
1256287	8473.22168	3305531812795	0.48913	0.50725	8473.18164	0.04004	11489	1	0.51924	0.22099	0	0.49082	0.51882	1	0.49082	0.51882	1	0.48271	0.53522	9.88261	1.03440	0	0.74519	0.55940	11.09577	1.03440	1	-0.00405	-0.00885	0.66700	0.00191	1	0.06291	-0.01377	0.67009	0.00362	1	1.45898	0.81042	0	
1256288	8473.22852	3305531879265	0.48937	0.50890	8473.18164	0.04688	11489	1	0.51924	0.22099	0	0.49082	0.51882	1	0.49082	0.51882	1	0.48271	0.53522	9.88261	1.03440	0	0.74500	0.55943	11.32635	1.03440	1	-0.00405	-0.00885	0.66700	0.00191	1	0.06291	-0.01377	0.67009	0.00360	1	1.45898	0.81042	0	
1256289	8473.23535	3305531947844	0.48937	0.50890	8473.18164	0.05371	11489	1	0.51924	0.22099	0	0.49082	0.51882	0	0.49082	0.51882	0	0.48271	0.53522	9.88261	1.03440	0	0.74500	0.55943	11.32635	1.03440	0	-0.00405	-0.00885	0.66700	0.00191	1	0.06291	-0.01377	0.67009	0.00360	1	1.45898	0.81042	0	
1256290	8473.24219	3305532015039	0.48719	0.51199	8473.18164	0.06055	11489	1	0.51924	0.22099	0	0.47194	0.53359	1	0.47194	0.53359	1	0.48271	0.53522	9.88261	1.03440	0	0.74482	0.55948	11.21348	1.03440	1	-0.00405	-0.00885	0.66700	0.00191	1	0.06291	-0.01377	0.67009	0.00386	1	1.45898	0.81042	0	
1256291	8473.24902	3305532081888	0.48550	0.51439	8473.18164	0.06738	11489	1	0.51924	0.22099	0	0.47194	0.53359	1	0.47194	0.53359	1	0.48271	0.53522	9.88261	1.03440	0	0.74482	0.55951	11.26705	1.03440	1	-0.00405	-0.00885	0.66700	0.00191	1	0.06291	-0.01377	0.67009	0.00379	1	1.45898	0.81042	0	
1256292	8473.25586	3305532149848	0.48423	0.51162	8473.18164	0.07422	11489	1	0.51924	0.22099	0	0.47288	0.48665	1	0.47288	0.48665	1	0.48271	0.53522	9.88261	1.03440	0	0.74483	0.55894	11.61411	1.03440	1	-0.00405	-0.00885	0.66700	0.00191	1	0.06291	-0.01377	0.67009	0.00356	1	1.45898	0.81042	0	
1256293	8473.26270	3305532217743	0.48494	0.51315	8473.18164	0.08105	11489	1	0.51924	0.22099	0	0.49196	0.52845	1	0.49196	0.52845	1	0.48271	0.53522	9.88261	1.03440	0	0.74507	0.55923	11.21593	1.03440	1	-0.00405	-0.00885	0.66700	0.00191	1	0.06291	-0.01377	0.67009	0.00347	1	1.45898	0.81042	0	
1256294	8473.26855	3305532284923	0.48556	0.51395	8473.18164	0.08691	11489	1	0.51924	0.22099	0	0.49243	0.52279	1	0.49243	0.52279	1	0.48271	0.53522	9.88261	1.03440	0	0.74506	0.55872	11.24557	1.04308	1	-0.00405	-0.00885	0.66700	0.00191	1	0.06571	-0.01437	0.69937	0.00350	1	1.45898	0.81042	0	
1256295	8473.27539	3305532351197	0.48492	0.51280	8473.18164	0.09375	11489	1	0.51924	0.22099	0	0.47718	0.49899	1	0.47718	0.49899	1	0.48271	0.53522	9.88261	1.04308	0	0.74489	0.55914	11.51360	1.05176	1	-0.00405	-0.00885	0.66700	0.00191	1	0.06571	-0.01437	0.69937	0.00375	1	1.45898	0.81042	0	
1256296	8473.28223	3305532417904	0.48461	0.50924	8473.18164	0.10059	11489	1	0.51924	0.22099	0	0.48065	0.46302	1	0.48065	0.46302	1	0.48271	0.53522	9.88261	1.05176	0	0.74495	0.55898	11.61058	1.06044	1	-0.00405	-0.00885	0.66700	0.00191	1	0.06571	-0.01437	0.69937	0.00347	1	1.45898	0.81042	0	
1256297	8473.28906	3305532487108	0.48461	0.50924	8473.18164	0.10742	11489	1	0.51924	0.22099	0	0.48065	0.46302	0	0.48065	0.46302	0	0.48271	0.53522	9.88261	1.06044	0	0.74495	0.55898	11.61058	1.06912	0	-0.00405	-0.00885	0.66700	0.00191	1	0.06571	-0.01437	0.69937	0.00347	1	1.45898	0.81042	0	
1256298	8473.29590	3305532552883	0.48461	0.50924	8473.18164	0.11426	11489	1	0.51924	0.22099	0	0.48065	0.46302	0	0.48065	0.46302	0	0.48271	0.53522	9.88261	1.06912	0	0.74495	0.55898	11.61058	1.06912	0	-0.00405	-0.00885	0.66700	0.00191	1	0.06571	-0.01437	0.69937	0.00347	1	1.45898	0.81042	0	
1256299	8473.30273	3305532620336	0.48372	0.50785	8473.18164	0.12109	11489	1	0.51924	0.22099	0	0.47126	0.48834	1	0.47126	0.48834	1	0.48271	0.53522	9.88261	1.06912	0	0.74473	0.55924	11.89714	1.06912	1	-0.00405	-0.00885	0.66700	0.00191	1	0.06571	-0.01437	0.69937	0.00372	1	1.45898	0.81042	0	
1256300	8473.30957	3305532686635	0.48372	0.50785	8473.18164	0.12793	11489	1	0.51924	0.22099	0	0.47126	0.48834	0	0.47126	0.48834	0	0.48271	0.53522	9.88261	1.06912	0	0.74473	0.55924	11.89714	1.06912	0	-0.00405	-0.00885	0.66700	0.00191	1	0.06571	-0.01437	0.69937	0.00372	1	1.45898	0.81042	0	
1256301	8473.31543	3305532751966	0.48303	0.50662	8473.18164	0.13379	11489	1	0.51924	0.22099	0	0.47260	0.48816	1	0.47260	0.48816	1	0.48271	0.53522	9.88261	1.06912	0	0.74478	0.55927	11.67622	1.06912	1	-0.00405	-0.00885	0.66700	0.00191	1	0.06571	-0.01437	0.69937	0.00371	1	1.45898	0.81042	0	
1256302	8473.32227	3305532821415	0.48303	0.50662	8473.18164	0.14062	11489	1	0.51924	0.22099	0	0.47260	0.48816	0	0.47260	0.48816	0	0.48271	0.53522	9.88261	1.06912	0	0.74478	0.55927	11.67622	1.06912	0	-0.00405	-0.00885	0.66700	0.00191	1	0.06571	-0.01437	0.69937	0.00371	1	1.45898	0.81042	0	
1256303	8473.32910	3305532887394	0.48303	0.50662	8473.18164	0.14746	11489	1	0.51924	0.22099	0	0.47260	0.48816	0	0.47260	0.48816	0	0.48271	0.53522	9.88261	1.06912	0	0.74478	0.55927	11.67622	1.06912	0	-0.00405	-0.00885	0.66700	0.00191	1	0.06571	-0.01437	0.69937	0.00371	1	1.45898	0.81042	0	
1256304	8473.33594	3305532954473	0.48303	0.50662	8473.18164	0.15430	11489	1	0.51924	0.22099	0	0.47260	0.48816	0	0.47260	0.48816	0	0.48271	0.53522	9.88261	1.06912	0	0.74478	0.55927	11.67622	1.06912	0	-0.00405	-0.00885	0.66700	0.00191	1	0.06571	-0.01437	0.69937	0.00371	1	1.45898	0.81042	0	
1256305	8473.34277	3305533021937	0.48021	0.50756	8473.18164	0.15430	11489	0	0.51924	0.22099	0	0.47260	0.48816	0	0.47260	0.48816	0	0.48271	0.53522	9.88261	1.06912	0	0.74478	0.55927	11.67622	1.06912	0	-0.00405	-0.00885	0.66700	0.00191	1	0.06571	-0.01437	0.69937	0.00371	1	1.45898	0.81042	0	
1256306	8473.34961	3305533086996	0.48021	0.50756	8473.18164	0.15430	11489	0	0.51924	0.22099	0	0.47260	0.48816	0	0.47260	0.48816	0	0.48271	0.53522	9.88261	1.06912	0	0.74478	0.55927	11.67622	1.06912	0	-0.00405	-0.00885	0.66700	0.00191	1	0.06571	-0.01437	0.69937	0.00371	1	1.45898	0.81042	0	
1256307	8473.35645	3305533155991	0.48021	0.50756	8473.18164	0.15430	11489	0	0.51924	0.22099	0	0.47260	0.48816	0	0.47260	0.48816	0	0.48271	0.53522	9.88261	1.06912	0	0.74478	0.55927	11.67622	1.06912	0	-0.00405	-0.00885	0.66700	0.00191	1	0.06571	-0.01437	0.69937	0.00371	1	1.45898	0.81042	0	
1256308	8473.36230	3305533222752	0.00000	0.00000	8473.18164	0.15430	11489	0	0.51924	0.22099	0	0.47260	0.48816	0	0.47260	0.48816	0	0.48271	0.53522	9.88261	1.06912	0	0.74478	0.55927	11.67622	1.06912	0	-0.00405	-0.00885	0.66700	0.00191	1	0.06571	-0.01437	0.69937	0.00371	1	1.45898	0.81042	0	
1256309	8473.36914	3305533289655	0.00000	0.00000	8473.18164	0.15430	11489	0	0.51924	0.22099	0	0.47260	0.48816	0	0.47260	0.48816	0	0.48271	0.53522	9.88261	1.06912	0	0.74478	0.55927	11.67622	1.06912	0	-0.00405	-0.00885	0.66700	0.00191	1	0.06571	-0.01437	0.69937	0.00371	1	1.45898	0.81042	0	
1256310	8473.37598	3305533356799	0.00000	0.00000	8473.18164	0.15430	11489	0	0.51924	0.22099	0	0.47260	0.48816	0	0.47260	0.48816	0	0.48271	0.53522	9.88261	1.06912	0	0.74478	0.55927	11.67622	1.06912	0	-0.00405	-0.00885	0.66700	0.00191	1	0.06571	-0.01437	0.69937	0.00371	1	1.45898	0.81042	0	
1256311	8473.38281	3305533423951	0.38011	0.37993	8473.18164	0.15430	11489	0	0.51924	0.22099	0	0.38011	0.37993	1	0.38011	0.37993	1	0.48191	0.53516	10.50128	1.06912	0	0.48191	0.53516	10.50128	1.06912	1	-0.00405	-0.00885	0.66700	0.00191	1	0.06571	-0.01437	0.69937	0.00362	1	1.45898	0.81042	0	
1256312	8473.38965	3305533490777	0.38033	0.38323	8473.18164	0.15430	11489	0	0.51924	0.22099	0	0.38054	0.38653	1	0.38054	0.38653	1	0.48191	0.53516	10.50128	1.06912	0	0.48190	0.53537	10.65221	1.06044	1	-0.00405	-0.00885	0.66700	0.00191	1	-0.00439	-0.00908	0.68045	0.00355	1	1.45898	0.81042	0	
1256313	8473.39648	3305533557851	0.38543	0.39702	8473.18164	0.15430	11489	0	0.51924	0.22099	0	0.39563	0.42460	1	0.39563	0.42460	1	0.48191	0.53516	10.50128	1.06044	0	0.48214	0.53558	11.17690	1.05176	1	-0.00405	-0.00885	0.66700	0.00191	1	-0.00439	-0.00908	0.68045	0.00344	1	1.45898	0.81042	0	
1256314	8473.40234	3305533621339	0.38524	0.40332	8473.38281	0.01953	11490	1	0.51924	0.22099	0	0.38466	0.42221	1	0.38466	0.42221	1	0.48191	0.53516	10.50128	1.05176	0	0.48198	0.53537	10.72212	1.04308	1	-0.00405	-0.00885	0.66700	0.00191	1	-0.00439	-0.00908	0.68045	0.00349	1	1.45898	0.81042	0	
1256315	8473.40918	3305533688683	0.38520	0.40838	8473.38281	0.02637	11490	1	0.51924	0.22099	0	0.38506	0.42864	1	0.38506	0.42864	1	0.48191	0.53516	10.50128	1.04308	0	0.48194	0.53518	10.58661	1.03440	1	-0.00405	-0.00885	0.66700	0.00191	1	-0.00430	-0.00885	0.66687	0.00357	1	1.45898	0.81042	0	
1256316	8473.41602	3305533757352	0.38474	0.40654	8473.38281	0.03320	11490	1	0.51924	0.22099	0	0.38241	0.39733	1	0.38241	0.39733	1	0.48191	0.53516	10.50128	1.03440	0	0.48196	0.53515	10.56284	1.03440	1	-0.00405	-0.00885	0.66700	0.00191	1	-0.00430	-0.00885	0.66687	0.00363	1	1.45898	0.81042	0	
1256317	8473.42285	3305533823549	0.38632	0.40333	8473.38281	0.04004	11490	1	0.51924	0.22099	0	0.39580	0.38407	1	0.39580	0.38407	1	0.48191	0.53516	10.50128	1.03440	0	0.48210	0.53500	10.62964	1.03440	1	-0.00405	-0.00885	0.66700	0.00191	1	-0.00430	-0.00885	0.66687	0.00367	1	1.45898	0.81042	0	
1256318	8473.42969	3305533891467	0.38746	0.40007	8473.38281	0.04688	11490	1	0.51924	0.22099	0	0.39548	0.37726	1	0.39548	0.37726	1	0.48191	0.53516	10.50128	1.03440	0	0.48200	0.53459	10.45669	1.04308	1	-0.00405	-0.00885	0.66700	0.00191	1	-0.00449	-0.00940	0.70432	0.00380	1	1.45898	0.81042	0	
1256319	8473.43652	3305533959520	0.38760	0.39411	8473.38281	0.05371	11490	1	0.51924	0.22099	0	0.38872	0.34641	1	0.38872	0.34641	1	0.48191	0.53516	10.50128	1.04308	0	0.48200	0.53469	10.51063	1.05176	1	-0.00405	-0.00885	0.66700	0.00191	1	-0.00449	-0.00940	0.70432	0.00374	1	1.45898	0.81042	0	
1256320	8473.44336	3305534026314	0.38857	0.39201	8473.38281	0.06055	11490	1	0.51924	0.22099	0	0.39726	0.37309	1	0.39726	0.37309	1	0.48191	0.53516	10.50128	1.05176	0	0.48212	0.53486	10.70665	1.06044	1	-0.00405	-0.00885	0.66700	0.00191	1	-0.00449	-0.00940	0.70432	0.00359	1	1.45898	0.81042	0	
1256321	8473.45020	3305534093780	0.38933	0.38967	8473.38281	0.06738	11490	1	0.51924	0.22099	0	0.39697	0.36636	1	0.39697	0.36636	1	0.48191	0.53516	10.50128	1.06044	0	0.48192	0.53436	10.35879	1.06912	1	-0.00405	-0.00885	0.66700	0.00191	1	-0.00451	-0.00939	0.70718	0.00383	1	1.45898	0.81042	0	
1256322	8473.45605	3305534160566	0.38704	0.38547	8473.38281	0.07324	11490	1	0.51924	0.22099	0	0.36182	0.33922	1	0.36182	0.33922	1	0.48191	0.53516	10.50128	1.06912	0	0.48202	0.53459	10.55289	1.06912	1	-0.00405	-0.00885	0.66700	0.00191	1	-0.00451	-0.00939	0.70718	0.00372	1	1.45898	0.81042	0	
1256323	8473.46289	3305534227266	0.38735	0.38163	8473.38281	0.08008	11490	1	0.51924	0.22099	0	0.39105	0.33560	1	0.39105	0.33560	1	0.48191	0.53516	10.50128	1.06912	0	0.48251	0.53468	11.26220	1.06912	1	-0.00405	-0.00885	0.66700	0.00191	1	-0.00451	-0.00939	0.70718	0.00380	1	1.45898	0.81042	0	
1256324	8473.46973	3305534294240	0.39202	0.37286	8473.38281	0.08691	11490	1	0.51450	0.18134	1	0.39108	0.33613	1	0.45279	0.25873	1	0.48251	0.53483	11.09235	1.07714	1	0.74443	0.55865	11.36820	1.06846	1	-0.00428	-0.00903	0.68009	0.00364	1	0.06327	-0.01367	0.67501	0.00384	1	1.45898	0.81042	0	
1256325	8473.47656	3305534361764	0.39865	0.37632	8473.38281	0.09375	11490	1	0.52164	0.39429	1	0.46119	0.45528	1	0.49142	0.42479	1	0.48232	0.53478	10.97433	1.07648	1	0.74461	0.55825	11.83439	1.06780	1	-0.00428	-0.00903	0.68009	0.00364	1	0.06327	-0.01367	0.67501	0.00401	1	1.45898	0.81042	0	
1256326	8473.48340	3305534428646	0.39778	0.37532	8473.38281	0.10059	11490	1	0.52164	0.39429	0	0.38485	0.36036	1	0.38485	0.36036	1	0.48232	0.53478	10.97433	1.07581	0	0.48233	0.53478	11.14284	1.06713	1	-0.00428	-0.00903	0.68009	0.00364	1	0.06327	-0.01367	0.67501	0.00363	1	1.45898	0.81042	0	
1256327	8473.49023	3305534494980	0.39703	0.37447	8473.38281	0.10742	11490	1	0.52164	0.39429	0	0.38487	0.36088	1	0.38487	0.36088	1	0.48232	0.53478	10.97433	1.07515	0	0.48263	0.53479	10.46481	1.06647	1	-0.00428	-0.00903	0.68009	0.00364	1	-0.00428	-0.00903	0.68009	0.00371	1	1.45898	0.81042	0	
1256328	8473.49609	3305534560520	0.39588	0.37447	8473.38281	0.11328	11490	1	0.52164	0.39429	0	0.37644	0.37443	1	0.37644	0.37443	1	0.48232	0.53478	10.97433	1.06647	0	0.48228	0.53480	11.03017	1.06647	1	-0.00428	-0.00903	0.68009	0.00364	1	-0.00428	-0.00903	0.68009	0.00371	1	1.45898	0.81042	0	
1256329	8473.50293	3305534629076	0.39655	0.37357	8473.38281	0.12012	11490	1	0.52164	0.39429	0	0.40850	0.35737	1	0.40850	0.35737	1	0.48232	0.53478	10.97433	1.06647	0	0.48271	0.53463	10.22502	1.06647	1	-0.00428	-0.00903	0.68009	0.00364	1	-0.00428	-0.00903	0.68009	0.00377	1	1.45898	0.81042	0	
1256330	8473.50977	3305534695394	0.39714	0.37276	8473.38281	0.12695	11490	1	0.52164	0.39429	0	0.40850	0.35737	1	0.40850	0.35737	1	0.48232	0.53478	10.97433	1.06647	0	0.48232	0.53487	11.39905	1.06647	1	-0.00428	-0.00903	0.68009	0.00364	1	-0.00411	-0.00888	0.66925	0.00355	1	1.45898	0.81042	0	
1256331	8473.51660	3305534760779	0.39616	0.37046	8473.38281	0.13379	11490	1	0.52164	0.39429	0	0.37659	0.32442	1	0.37659	0.32442	1	0.48232	0.53478	10.97433	1.06647	0	0.48216	0.53442	11.00419	1.06647	1	-0.00428	-0.00903	0.68009	0.00364	1	-0.00411	-0.00888	0.66925	0.00376	1	1.45898	0.81042	0	
1256332	8473.52344	3305534830231	0.39529	0.36951	8473.38281	0.14062	11490	1	0.52164	0.39429	0	0.37693	0.34952	1	0.37693	0.34952	1	0.48232	0.53478	10.97433	1.06647	0	0.48226	0.53481	11.40338	1.06647	1	-0.00428	-0.00903	0.68009	0.00364	1	-0.00411	-0.00888	0.66925	0.00377	1	1.45898	0.81042	0	
1256333	8473.53027	3305534897141	0.39447	0.36834	8473.38281	0.14746	11490	1	0.52164	0.39429	0	0.37648	0.34265	1	0.37648	0.34265	1	0.48232	0.53478	10.97433	1.06647	0	0.48222	0.53481	11.29528	1.07515	1	-0.00428	-0.00903	0.68009	0.00364	1	-0.00442	-0.00942	0.70969	0.00380	1	1.45898	0.81042	0	
1256334	8473.53711	3305534964431	0.39353	0.36675	8473.38281	0.15430	11490	1	0.52164	0.39429	0	0.37194	0.33021	1	0.37194	0.33021	1	0.48232	0.53478	10.97433	1.07515	0	0.48216	0.53471	11.00210	1.08383	1	-0.00428	-0.00903	0.68009	0.00364	1	-0.00442	-0.00942	0.70969	0.00392	1	1.45898	0.81042	0	
1256335	8473.54395	3305535030043	0.39299	0.36554	8473.38281	0.16113	11490	1	0.52164	0.39429	0	0.37998	0.33659	1	0.37998	0.33659	1	0.48232	0.53478	10.97433	1.08383	0	0.48220	0.53472	10.89120	1.09251	1	-0.00428	-0.00903	0.68009	0.00364	1	-0.00442	-0.00942	0.70969	0.00386	1	1.45898	0.81042	0	
1256336	8473.55078	3305535098198	0.39519	0.36543	8473.38281	0.16797	11490	1	0.51995	0.38259	1	0.38035	0.34260	1	0.45015	0.36259	1	0.48213	0.53491	10.86424	1.09251	1	0.74520	0.55821	11.37852	1.08485	1	-0.00411	-0.00888	0.66925	0.00374	1	0.06183	-0.01335	0.65917	0.00375	1	1.45898	0.81042	0	
1256337	8473.55664	3305535165240	0.39859	0.36867	8473.38281	0.17383	11490	1	0.47649	0.41971	1	0.49733	0.48614	1	0.48691	0.45292	1	0.48200	0.53500	11.17076	1.08485	1	0.74521	0.55827	11.30867	1.06851	1	-0.00411	-0.00888	0.66925	0.00399	1	0.06183	-0.01335	0.65917	0.00373	1	1.45898	0.81042	0	
1256338	8473.56348	3305535231866	0.40203	0.37050	8473.38281	0.18066	11490	1	0.49170	0.35082	1	0.49831	0.48918	1	0.49501	0.42000	1	0.48229	0.53443	10.87551	1.06851	1	0.74518	0.55829	11.38484	1.05217	1	-0.00411	-0.00888	0.66925	0.00381	1	0.06183	-0.01335	0.65917	0.00372	1	1.45898	0.81042	0	
1256339	8473.57031	3305535299865	0.40526	0.37253	8473.38281	0.18750	11490	1	0.49384	0.36353	1	0.49780	0.49508	1	0.49582	0.42930	1	0.48260	0.53469	10.89601	1.05217	1	0.74508	0.55824	11.51632	1.04349	1	-0.00411	-0.00888	0.66925	0.00363	1	0.06291	-0.01357	0.67009	0.00368	1	1.45898	0.81042	0	
1256340	8473.57715	3305535366316	0.40853	0.37405	8473.38281	0.19434	11490	1	0.51539	0.36527	1	0.49093	0.47111	1	0.50316	0.41819	1	0.48258	0.53444	10.45357	1.04349	1	0.74505	0.55832	11.57776	1.05115	1	-0.00411	-0.00888	0.66925	0.00369	1	0.06291	-0.01357	0.67009	0.00367	1	1.45898	0.81042	0	
1256341	8473.58301	3305535429725	0.41146	0.37476	8473.38281	0.20020	11490	1	0.50521	0.30980	1	0.49343	0.48203	1	0.49932	0.39592	1	0.48250	0.53380	9.98455	1.05115	1	0.74506	0.55845	11.50768	1.05881	1	-0.00411	-0.00888	0.66925	0.00366	1	0.06291	-0.01357	0.67009	0.00364	1	1.45898	0.81042	0	
1256342	8473.58984	3305535495672	0.44263	0.37912	8473.38281	0.20020	11490	0	0.50428	0.30345	1	0.49431	0.47090	1	0.49930	0.38718	1	0.48270	0.53498	10.47832	1.05881	1	0.74504	0.55824	11.55675	1.07515	1	-0.00411	-0.00888	0.66925	0.00358	1	0.06571	-0.01416	0.69937	0.00362	1	1.45898	0.81042	0	
1256343	8473.59668	3305535564168	0.47653	0.38319	8473.38281	0.20020	11490	0	0.53328	0.37050	1	0.48759	0.40400	1	0.51044	0.38725	1	0.48297	0.53469	11.04799	1.07515	1	0.74499	0.55787	11.42786	1.08383	1	-0.00411	-0.00888	0.66925	0.00363	1	0.06571	-0.01416	0.69937	0.00375	1	1.45898	0.81042	0	
1256344	8473.60352	3305535629679	0.47817	0.38497	8473.38281	0.20020	11490	0	0.50729	0.35594	1	0.45558	0.42117	1	0.48143	0.38855	1	0.48252	0.53469	11.14985	1.08383	1	0.74500	0.55817	11.59451	1.09251	1	-0.00411	-0.00888	0.66925	0.00363	1	0.06571	-0.01416	0.69937	0.00370	1	1.45898	0.81042	0	
1256345	8473.61035	3305535698161	0.47888	0.38427	8473.58984	0.02051	11491	1	0.50628	0.34933	1	0.45574	0.41498	1	0.48101	0.38215	1	0.48308	0.53466	10.94676	1.09251	1	0.74535	0.55806	11.37461	1.10119	1	-0.00411	-0.00888	0.66925	0.00366	1	0.06657	-0.01445	0.70855	0.00412	1	1.45898	0.81042	0	
1256346	8473.61719	3305535766214	0.47791	0.38722	8473.58984	0.02734	11491	1	0.53124	0.33219	1	0.41687	0.46586	1	0.47406	0.39903	1	0.48304	0.53445	10.94285	1.10119	1	0.74461	0.55872	12.16967	1.10119	1	-0.00411	-0.00888	0.66925	0.00375	1	0.06657	-0.01445	0.70855	0.00387	1	1.45898	0.81042	0	
1256347	8473.62402	3305535834461	0.46404	0.38237	8473.58984	0.03418	11491	1	0.53124	0.33219	0	0.39470	0.35812	1	0.39470	0.35812	1	0.48304	0.53445	10.94285	1.10119	0	0.48300	0.53456	11.12850	1.10119	1	-0.00411	-0.00888	0.66925	0.00375	1	0.06657	-0.01445	0.70855	0.00372	1	1.45898	0.81042	0	
1256348	8473.62988	3305535898742	0.45418	0.37985	8473.58984	0.04004	11491	1	0.53124	0.33219	0	0.39500	0.36472	1	0.39500	0.36472	1	0.48304	0.53445	10.94285	1.10119	0	0.48294	0.53387	11.00818	1.09251	1	-0.00411	-0.00888	0.66925	0.00375	1	-0.00411	-0.00909	0.68512	0.00399	1	1.45898	0.81042	0	
1256349	8473.63672	3305535966508	0.44313	0.37606	8473.58984	0.04688	11491	1	0.53124	0.33219	0	0.36578	0.34957	1	0.36578	0.34957	1	0.48304	0.53445	10.94285	1.09251	0	0.48282	0.53429	10.91222	1.08383	1	-0.00411	-0.00888	0.66925	0.00375	1	-0.00411	-0.00909	0.68512	0.00384	1	1.45898	0.81042	0	
1256350	8473.64355	3305536031814	0.43582	0.37148	8473.58984	0.05371	11491	1	0.53124	0.33219	0	0.37735	0.33485	1	0.37735	0.33485	1	0.48304	0.53445	10.94285	1.08383	0	0.48302	0.53408	10.85333	1.07515	1	-0.00411	-0.00888	0.66925	0.00375	1	-0.00411	-0.00909	0.68512	0.00387	1	1.45898	0.81042	0	
1256351	8473.65039	3305536102921	0.43002	0.36851	8473.58984	0.06055	11491	1	0.53124	0.33219	0	0.37780	0.34178	1	0.37780	0.34178	1	0.48304	0.53445	10.94285	1.07515	0	0.48301	0.53445	10.90635	1.06647	1	-0.00411	-0.00888	0.66925	0.00375	1	-0.00392	-0.00889	0.66996	0.00385	1	1.45898	0.81042	0	
1256352	8473.65723	3305536169112	0.42184	0.36939	8473.58984	0.06738	11491	1	0.53124	0.33219	0	0.34000	0.37818	1	0.34000	0.37818	1	0.48304	0.53445	10.94285	1.06647	0	0.48284	0.53459	10.77274	1.06647	1	-0.00411	-0.00888	0.66925	0.00375	1	-0.00392	-0.00889	0.66996	0.00396	1	1.45898	0.81042	0	
1256353	8473.66406	3305536236727	0.41554	0.36981	8473.58984	0.07422	11491	1	0.53124	0.33219	0	0.34630	0.37437	1	0.34630	0.37437	1	0.48304	0.53445	10.94285	1.06647	0	0.48291	0.53442	11.09797	1.06647	1	-0.00411	-0.00888	0.66925	0.00375	1	-0.00392	-0.00889	0.66996	0.00381	1	1.45898	0.81042	0	
1256354	8473.67090	3305536303986	0.41022	0.37016	8473.58984	0.08105	11491	1	0.53124	0.33219	0	0.34630	0.37437	1	0.34630	0.37437	1	0.48304	0.53445	10.94285	1.06647	0	0.48338	0.53481	10.86751	1.06647	1	-0.00411	-0.00888	0.66925	0.00375	1	-0.00392	-0.00889	0.66996	0.00370	1	1.45898	0.81042	0	
1256355	8473.67773	3305536371330	0.40605	0.36725	8473.58984	0.08789	11491	1	0.53124	0.33219	0	0.35189	0.32939	1	0.35189	0.32939	1	0.48304	0.53445	10.94285	1.06647	0	0.48295	0.53442	11.14428	1.06647	1	-0.00411	-0.00888	0.66925	0.00375	1	-0.00392	-0.00889	0.66996	0.00374	1	1.45898	0.81042	0	
1256356	8473.68457	3305536437579	0.40314	0.36560	8473.58984	0.09473	11491	1	0.53124	0.33219	0	0.36233	0.34253	1	0.36233	0.34253	1	0.48304	0.53445	10.94285	1.06647	0	0.48317	0.53431	10.58818	1.06647	1	-0.00411	-0.00888	0.66925	0.00375	1	-0.00392	-0.00889	0.66996	0.00376	1	1.45898	0.81042	0	
1256357	8473.69141	3305536504964	0.37449	0.35745	8473.58984	0.09473	11491	0	0.53124	0.33219	0	0.36233	0.34253	1	0.36233	0.34253	1	0.48304	0.53445	10.94285	1.06647	0	0.48339	0.53421	10.45875	1.06647	1	-0.00411	-0.00888	0.66925	0.00375	1	-0.00392	-0.00889	0.66996	0.00381	1	1.45898	0.81042	0	
1256358	8473.69727	3305536571345	0.37451	0.34190	8473.58984	0.09473	11491	0	0.53124	0.33219	0	0.37453	0.32634	1	0.37453	0.32634	1	0.48304	0.53445	10.94285	1.06647	0	0.48344	0.53419	10.44220	1.06647	1	-0.00411	-0.00888	0.66925	0.00375	1	-0.00392	-0.00889	0.66996	0.00381	1	1.45898	0.81042	0	
1256359	8473.70410	3305536638847	0.37958	0.34381	8473.58984	0.09473	11491	0	0.53124	0.33219	0	0.38973	0.34763	1	0.38973	0.34763	1	0.48304	0.53445	10.94285	1.06647	0	0.48363	0.53420	11.06132	1.06647	1	-0.00411	-0.00888	0.66925	0.00375	1	-0.00392	-0.00889	0.66996	0.00363	1	1.45898	0.81042	0	
1256360	8473.71094	3305536705749	0.38212	0.34476	8473.69141	0.01953	11492	1	0.53124	0.33219	0	0.38973	0.34763	1	0.38973	0.34763	1	0.48304	0.53445	10.94285	1.06647	0	0.48348	0.53394	10.83842	1.06647	1	-0.00411	-0.00888	0.66925	0.00375	1	-0.00392	-0.00889	0.66996	0.00357	1	1.45898	0.81042	0	
1256361	8473.71777	3305536773165	0.40714	0.34105	8473.69141	0.02637	11492	1	0.50186	0.30549	1	0.51260	0.34688	1	0.50723	0.32619	1	0.48333	0.53376	10.22518	1.06647	1	0.74622	0.55762	11.44249	1.06647	1	-0.00411	-0.00888	0.66925	0.00378	1	-0.00392	-0.00889	0.66996	0.00398	1	1.45898	0.81042	0	
1256362	8473.72461	3305536840449	0.42408	0.33836	8473.69141	0.03320	11492	1	0.51766	0.30640	1	0.49986	0.34345	1	0.50876	0.32492	1	0.48351	0.53390	11.07090	1.06647	1	0.74596	0.55757	10.88902	1.06647	1	-0.00411	-0.00888	0.66925	0.00360	1	-0.00392	-0.00889	0.66996	0.00399	1	1.45898	0.81042	0	
1256363	8473.73145	3305536906943	0.43618	0.33644	8473.69141	0.04004	11492	1	0.51766	0.30640	1	0.49986	0.34345	1	0.50876	0.32492	1	0.48355	0.53438	11.17200	1.06647	1	0.74573	0.55835	11.59505	1.06647	1	-0.00392	-0.00889	0.66996	0.00343	1	0.06485	-0.01410	0.68858	0.00377	1	1.45898	0.81042	0	
1256364	8473.73828	3305536973755	0.44442	0.33744	8473.69141	0.04688	11492	1	0.51894	0.32187	1	0.48536	0.36699	1	0.50215	0.34443	1	0.48354	0.53403	10.51117	1.06647	1	0.74570	0.55774	11.41830	1.06647	1	-0.00392	-0.00889	0.66996	0.00374	1	0.06485	-0.01410	0.68858	0.00390	1	1.45898	0.81042	0	
1256365	8473.74414	3305537040718	0.45104	0.34102	8473.69141	0.05273	11492	1	0.52100	0.34582	1	0.48699	0.39344	1	0.50400	0.36963	1	0.48350	0.53386	10.30506	1.06647	1	0.74575	0.55818	11.36248	1.06647	1	-0.00392	-0.00889	0.66996	0.00378	1	0.06485	-0.01410	0.68858	0.00386	1	1.45898	0.81042	0	
1256366	8473.75098	3305537107206	0.45634	0.34388	8473.69141	0.05957	11492	1	0.52100	0.34582	1	0.48699	0.39344	1	0.50400	0.36963	1	0.48338	0.53420	10.41054	1.06647	1	0.74581	0.55787	10.83090	1.06647	1	-0.00392	-0.00889	0.66996	0.00364	1	0.06485	-0.01410	0.68858	0.00391	1	1.45898	0.81042	0	
1256367	8473.75781	3305537174907	0.45970	0.34777	8473.69141	0.06641	11492	1	0.49423	0.33163	1	0.49240	0.44168	1	0.49332	0.38666	1	0.48312	0.53394	10.86433	1.06647	1	0.74588	0.55851	11.12859	1.06647	1	-0.00392	-0.00889	0.66996	0.00390	1	0.06485	-0.01410	0.68858	0.00376	1	1.45898	0.81042	0	
1256368	8473.76465	3305537240101	0.46265	0.35265	8473.69141	0.07324	11492	1	0.49423	0.33163	0	0.49514	0.40642	1	0.49514	0.40642	1	0.48312	0.53394	10.86433	1.06647	0	0.74587	0.55820	11.44238	1.06647	1	-0.00392	-0.00889	0.66996	0.00390	1	0.06485	-0.01410	0.68858	0.00383	1	1.45898	0.81042	0	
1256369	8473.77148	3305537309117	0.46265	0.35265	8473.69141	0.08008	11492	1	0.49423	0.33163	0	0.49514	0.40642	0	0.49514	0.40642	0	0.48312	0.53394	10.86433	1.06647	0	0.74587	0.55820	11.44238	1.06647	0	-0.00392	-0.00889	0.66996	0.00390	1	0.06485	-0.01410	0.68858	0.00383	1	1.45898	0.81042	0	
1256370	8473.77832	3305537375500	0.46265	0.35265	8473.69141	0.08691	11492	1	0.49423	0.33163	0	0.49514	0.40642	0	0.49514	0.40642	0	0.48312	0.53394	10.86433	1.06647	0	0.74587	0.55820	11.44238	1.06647	0	-0.00392	-0.00889	0.66996	0.00390	1	0.06485	-0.01410	0.68858	0.00383	1	1.45898	0.81042	0	
1256371	8473.78516	3305537443287	0.46265	0.35265	8473.69141	0.09375	11492	1	0.49423	0.33163	0	0.49514	0.40642	0	0.49514	0.40642	0	0.48312	0.53394	10.86433	1.06647	0	0.74587	0.55820	11.44238	1.06647	0	-0.00392	-0.00889	0.66996	0.00390	1	0.06485	-0.01410	0.68858	0.00383	1	1.45898	0.81042	0	
1256372	8473.79102	3305537507053	0.47067	0.35222	8473.69141	0.09375	11492	0	0.49423	0.33163	0	0.49514	0.40642	0	0.49514	0.40642	0	0.48312	0.53394	10.86433	1.06647	0	0.74587	0.55820	11.44238	1.06647	0	-0.00392	-0.00889	0.66996	0.00390	1	0.06485	-0.01410	0.68858	0.00383	1	1.45898	0.81042	0	
1256373	8473.79785	3305537569709	0.47067	0.35222	8473.69141	0.09375	11492	0	0.49423	0.33163	0	0.49514	0.40642	0	0.49514	0.40642	0	0.48312	0.53394	10.86433	1.06647	0	0.74587	0.55820	11.44238	1.06647	0	-0.00392	-0.00889	0.66996	0.00390	1	0.06485	-0.01410	0.68858	0.00383	1	1.45898	0.81042	0	
1256374	8473.80469	3305537641926	0.47067	0.35222	8473.69141	0.09375	11492	0	0.49423	0.33163	0	0.49514	0.40642	0	0.49514	0.40642	0	0.48312	0.53394	10.86433	1.06647	0	0.74587	0.55820	11.44238	1.06647	0	-0.00392	-0.00889	0.66996	0.00390	1	0.06485	-0.01410	0.68858	0.00383	1	1.45898	0.81042	0	
1256375	8473.81152	3305537710465	0.00000	0.00000	8473.69141	0.09375	11492	0	0.49423	0.33163	0	0.49514	0.40642	0	0.49514	0.40642	0	0.48312	0.53394	10.86433	1.06647	0	0.74587	0.55820	11.44238	1.06647	0	-0.00392	-0.00889	0.66996	0.00390	1	0.06485	-0.01410	0.68858	0.00383	1	1.45898	0.81042	0	
1256376	8473.81836	3305537777391	0.00000	0.00000	8473.69141	0.09375	11492	0	0.49423	0.33163	0	0.49514	0.40642	0	0.49514	0.40642	0	0.48312	0.53394	10.86433	1.06647	0	0.74587	0.55820	11.44238	1.06647	0	-0.00392	-0.00889	0.66996	0.00390	1	0.06485	-0.01410	0.68858	0.00383	1	1.45898	0.81042	0	
1256377	8473.82520	3305537844854	0.00000	0.00000	8473.69141	0.09375	11492	0	0.49423	0.33163	0	0.49514	0.40642	0	0.49514	0.40642	0	0.48312	0.53394	10.86433	1.06647	0	0.74587	0.55820	11.44238	1.06647	0	-0.00392	-0.00889	0.66996	0.00390	1	0.06485	-0.01410	0.68858	0.00383	1	1.45898	0.81042	0	
1256378	8473.83105	3305537910108	0.49435	0.36201	8473.69141	0.09375	11492	0	0.49306	0.32439	1	0.49564	0.39963	1	0.49435	0.36201	1	0.48280	0.53512	11.12148	1.07555	1	0.74561	0.55822	11.70781	1.07555	1	-0.00415	-0.00935	0.70064	0.00379	1	0.06403	-0.01394	0.68099	0.00398	1	1.45898	0.81042	0	
1256379	8473.83789	3305537978281	0.49089	0.37642	8473.69141	0.09375	11492	0	0.49753	0.34114	1	0.47732	0.44053	1	0.48743	0.39084	1	0.48280	0.53447	10.94533	1.08464	1	0.74562	0.55831	11.89803	1.08464	1	-0.00415	-0.00935	0.70064	0.00400	1	0.06403	-0.01394	0.68099	0.00395	1	1.45898	0.81042	0	
1256380	8473.84473	3305538045241	0.49004	0.37826	8473.69141	0.09375	11492	0	0.50376	0.33343	1	0.47289	0.43045	1	0.48832	0.38194	1	0.48293	0.53431	11.03776	1.09372	1	0.74561	0.55826	11.95367	1.09372	1	-0.00415	-0.00935	0.70064	0.00382	1	0.06403	-0.01394	0.68099	0.00397	1	1.45898	0.81042	0	
1256381	8473.85156	3305538114513	0.48955	0.37674	8473.83105	0.02051	11493	1	0.50269	0.32639	1	0.47349	0.41793	1	0.48809	0.37216	1	0.48299	0.53467	11.29203	1.10281	1	0.74554	0.55809	11.67263	1.11149	1	-0.00415	-0.00935	0.70064	0.00371	1	0.06657	-0.01451	0.70855	0.00400	1	1.45898	0.81042	0	
1256382	8473.85840	3305538179096	0.49274	0.37090	8473.83105	0.02734	11493	1	0.53147	0.32232	1	0.47952	0.37274	1	0.50550	0.34753	1	0.48300	0.53457	11.26072	1.11149	1	0.74556	0.55785	11.55784	1.12017	1	-0.00415	-0.00935	0.70064	0.00371	1	0.06657	-0.01451	0.70855	0.00411	1	1.45898	0.81042	0	
1256383	8473.86523	3305538246049	0.49458	0.36490	8473.83105	0.03418	11493	1	0.53366	0.32922	1	0.47397	0.34064	1	0.50381	0.33493	1	0.48303	0.53478	11.27453	1.12017	1	0.74551	0.55810	11.73997	1.12885	1	-0.00415	-0.00935	0.70064	0.00362	1	0.06657	-0.01451	0.70855	0.00403	1	1.45898	0.81042	0	
1256384	8473.87109	3305538310137	0.49588	0.36114	8473.83105	0.04004	11493	1	0.53370	0.32952	1	0.47366	0.34757	1	0.50368	0.33855	1	0.48308	0.53498	11.38829	1.11977	1	0.74544	0.55800	11.89789	1.11977	1	-0.00411	-0.00893	0.66925	0.00364	1	0.06403	-0.01394	0.68099	0.00412	1	1.45898	0.81042	0	
1256385	8473.87891	3305538381302	0.49710	0.36235	8473.83105	0.04785	11493	1	0.54300	0.38318	1	0.46820	0.35846	1	0.50560	0.37082	1	0.48314	0.53497	11.40307	1.11068	1	0.74544	0.55800	11.89789	1.10200	1	-0.00411	-0.00893	0.66925	0.00364	1	0.06403	-0.01394	0.68099	0.00412	1	1.45898	0.81042	0	
1256386	8473.88477	3305538447658	0.49759	0.36480	8473.83105	0.05371	11493	1	0.53669	0.38915	1	0.46640	0.37963	1	0.50155	0.38439	1	0.48304	0.53506	11.30244	1.09291	1	0.74539	0.55818	11.91599	1.08423	1	-0.00411	-0.00893	0.66925	0.00363	1	0.06403	-0.01394	0.68099	0.00402	1	1.45898	0.81042	0	
1256387	8473.89160	3305538512058	0.49804	0.36807	8473.83105	0.06055	11493	1	0.53832	0.40199	1	0.46590	0.39308	1	0.50211	0.39754	1	0.48275	0.53528	11.00920	1.07515	1	0.74535	0.55872	12.09698	1.06647	1	-0.00411	-0.00893	0.66925	0.00357	1	0.06403	-0.01394	0.68099	0.00377	1	1.45898	0.81042	0	
1256388	8473.89844	3305538576735	0.48945	0.36952	8473.83105	0.06738	11493	1	0.53832	0.40199	0	0.40350	0.38398	1	0.40350	0.38398	1	0.48275	0.53528	11.00920	1.06647	0	0.48309	0.53520	11.31031	1.06647	1	-0.00411	-0.00893	0.66925	0.00357	1	0.06403	-0.01394	0.68099	0.00357	1	1.45898	0.81042	0	
1256389	8473.90527	3305538645819	0.48087	0.37082	8473.83105	0.07422	11493	1	0.53832	0.40199	0	0.38653	0.38516	1	0.38653	0.38516	1	0.48275	0.53528	11.00920	1.06647	0	0.48275	0.53528	11.00920	1.06647	1	-0.00411	-0.00893	0.66925	0.00357	1	0.06403	-0.01394	0.68099	0.00357	1	1.45898	0.81042	0	
1256390	8473.91211	3305538713129	0.47362	0.37192	8473.83105	0.08105	11493	1	0.53832	0.40199	0	0.38653	0.38516	1	0.38653	0.38516	1	0.48275	0.53528	11.00920	1.06647	0	0.48275	0.53528	11.00920	1.06647	1	-0.00411	-0.00893	0.66925	0.00357	1	-0.00411	-0.00898	0.66925	0.00357	1	1.45898	0.81042	0	
1256391	8473.91797	3305538779342	0.46780	0.37248	8473.83105	0.08691	11493	1	0.53832	0.40199	0	0.39219	0.37966	1	0.39219	0.37966	1	0.48275	0.53528	11.00920	1.06647	0	0.48292	0.53502	11.04673	1.06647	1	-0.00411	-0.00893	0.66925	0.00357	1	-0.00411	-0.00898	0.66925	0.00363	1	1.45898	0.81042	0	
1256392	8473.92578	3305538848213	0.46220	0.37304	8473.83105	0.09473	11493	1	0.53832	0.40199	0	0.38376	0.38093	1	0.38376	0.38093	1	0.48275	0.53528	11.00920	1.06647	0	0.48270	0.53516	11.03963	1.06647	1	-0.00411	-0.00893	0.66925	0.00357	1	-0.00411	-0.00898	0.66925	0.00357	1	1.45898	0.81042	0	
1256393	8473.93164	3305538916061	0.45729	0.37353	8473.83105	0.10059	11493	1	0.53832	0.40199	0	0.38376	0.38093	1	0.38376	0.38093	1	0.48275	0.53528	11.00920	1.06647	0	0.48272	0.53525	10.99772	1.06647	1	-0.00411	-0.00893	0.66925	0.00357	1	-0.00411	-0.00898	0.66925	0.00360	1	1.45898	0.81042	0	
1256394	8473.93848	3305538983483	0.45226	0.37396	8473.83105	0.10742	11493	1	0.53832	0.40199	0	0.37170	0.38086	1	0.37170	0.38086	1	0.48275	0.53528	11.00920	1.06647	0	0.48256	0.53505	11.56266	1.06647	1	-0.00411	-0.00893	0.66925	0.00357	1	-0.00411	-0.00898	0.66925	0.00368	1	1.45898	0.81042	0	
1256395	8473.94531	3305539048755	0.44926	0.37040	8473.83105	0.11426	11493	1	0.53832	0.40199	0	0.39828	0.30975	1	0.39828	0.30975	1	0.48275	0.53528	11.00920	1.06647	0	0.48301	0.53491	11.16316	1.06647	1	-0.00411	-0.00893	0.66925	0.00357	1	-0.00411	-0.00898	0.66925	0.00365	1	1.45898	0.81042	0	
1256396	8473.95215	3305539117547	0.41782	0.37074	8473.83105	0.11426	11493	0	0.53832	0.40199	0	0.39828	0.30975	1	0.39828	0.30975	1	0.48275	0.53528	11.00920	1.06647	0	0.48229	0.53482	11.42814	1.06647	1	-0.00411	-0.00893	0.66925	0.00357	1	-0.00411	-0.00898	0.66925	0.00366	1	1.45898	0.81042	0	
1256397	8473.95898	3305539184185	0.39841	0.34959	8473.83105	0.11426	11493	0	0.53832	0.40199	0	0.37900	0.32843	1	0.37900	0.32843	1	0.48275	0.53528	11.00920	1.06647	0	0.48227	0.53496	11.49584	1.06647	1	-0.00411	-0.00893	0.66925	0.00357	1	-0.00411	-0.00898	0.66925	0.00372	1	1.45898	0.81042	0	
1256398	8473.96582	3305539249037	0.43244	0.36527	8473.83105	0.11426	11493	0	0.51926	0.32719	1	0.48174	0.46607	1	0.50050	0.39663	1	0.48235	0.53472	11.27332	1.06647	1	0.74493	0.55878	11.75915	1.06647	1	-0.00411	-0.00893	0.66925	0.00372	1	-0.00411	-0.00898	0.66925	0.00371	1	1.45898	0.81042	0	
1256399	8473.97168	3305539316656	0.44941	0.37377	8473.95215	0.01953	11494	1	0.51926	0.32719	1	0.48141	0.47135	1	0.50034	0.39927	1	0.48229	0.53526	11.50438	1.06647	1	0.74459	0.55847	12.27527	1.05881	1	-0.00411	-0.00893	0.66925	0.00361	1	0.06183	-0.01355	0.65917	0.00385	1	1.45898	0.81042	0	
1256400	8473.97852	3305539383804	0.45736	0.37886	8473.95215	0.02637	11494	1	0.51487	0.38153	1	0.46346	0.41695	1	0.48916	0.39924	1	0.48221	0.53502	11.35360	1.05881	1	0.74460	0.55832	11.90549	1.05115	1	-0.00411	-0.00893	0.66925	0.00374	1	0.06183	-0.01355	0.65917	0.00386	1	1.45898	0.81042	0	
1256401	8473.98535	3305539449733	0.46355	0.38052	8473.95215	0.03320	11494	1	0.51304	0.35685	1	0.47595	0.42076	1	0.49449	0.38880	1	0.48218	0.53468	11.26406	1.05115	1	0.74480	0.55828	12.03149	1.04349	1	-0.00411	-0.00893	0.66925	0.00367	1	0.06183	-0.01355	0.65917	0.00406	1	1.45898	0.81042	0	
1256402	8473.99219	3305539516015	0.46808	0.38301	8473.95215	0.04004	11494	1	0.51485	0.36913	1	0.47564	0.42676	1	0.49524	0.39794	1	0.48199	0.53475	10.98719	1.03547	1	0.74486	0.55758	11.69898	1.03547	1	-0.00423	-0.00892	0.66410	0.00364	1	0.06393	-0.01397	0.68212	0.00433	1	1.45898	0.81042	0	
1256403	8473.99902	3305539583922	0.47251	0.38818	8473.95215	0.04688	11494	1	0.54115	0.41444	1	0.46591	0.43432	1	0.50353	0.42438	1	0.48222	0.53479	11.04871	1.02746	1	0.74469	0.55837	12.11514	1.03512	1	-0.00423	-0.00892	0.66410	0.00362	1	0.06393	-0.01397	0.68212	0.00392	1	1.45898	0.81042	0	
1256404	8474.00488	3305539648310	0.47604	0.39184	8473.95215	0.05273	11494	1	0.54594	0.40907	1	0.46263	0.43321	1	0.50428	0.42114	1	0.48233	0.53499	11.78388	1.02710	1	0.74466	0.55845	12.30082	1.03476	1	-0.00423	-0.00892	0.66410	0.00358	1	0.06393	-0.01397	0.68212	0.00389	1	1.45898	0.81042	0	
1256405	8474.01172	3305539716992	0.47885	0.39388	8473.95215	0.05957	11494	1	0.54525	0.40333	1	0.46306	0.42109	1	0.50415	0.41221	1	0.48217	0.53480	11.34298	1.03476	1	0.74462	0.55800	11.87794	1.05110	1	-0.00439	-0.00919	0.68045	0.00360	1	0.06622	-0.01448	0.70706	0.00410	1	1.45898	0.81042	0	SUBJECT_ONSET_LOG
1256406	8474.01855	3305539783640	0.48262	0.39297	8473.95215	0.06641	11494	1	0.55927	0.37252	1	0.48132	0.39525	1	0.52030	0.38388	1	0.48254	0.53502	11.26865	1.05912	1	0.74447	0.55826	11.25229	1.06780	1	-0.00439	-0.00919	0.68045	0.00369	1	0.06622	-0.01448	0.70706	0.00390	1	1.45898	0.81042	0	
1256407	8474.02539	3305539852970	0.48620	0.38693	8473.95215	0.07324	11494	1	0.52672	0.30999	1	0.52450	0.33090	1	0.52561	0.32044	1	0.48215	0.53478	11.03929	1.07581	1	0.74474	0.55765	11.46503	1.08449	1	-0.00439	-0.00919	0.68045	0.00362	1	0.06622	-0.01448	0.70706	0.00401	1	1.45898	0.81042	0	
1256408	8474.03223	3305539918839	0.48919	0.38104	8473.95215	0.08008	11494	1	0.52503	0.29648	1	0.52514	0.32443	1	0.52508	0.31046	1	0.48199	0.53497	11.86030	1.09251	1	0.74424	0.55800	11.09534	1.09251	1	-0.00439	-0.00919	0.68045	0.00358	1	0.06338	-0.01387	0.67731	0.00372	1	1.45898	0.81042	0	
1256409	8474.03906	3305539988150	0.49008	0.37778	8473.95215	0.08691	11494	1	0.50820	0.34137	1	0.49496	0.32936	1	0.50158	0.33536	1	0.48182	0.53481	11.58206	1.09251	1	0.74432	0.55764	11.37825	1.08383	1	-0.00439	-0.00919	0.68045	0.00364	1	0.06338	-0.01387	0.67731	0.00393	1	1.45898	0.81042	0	AUDIO_FILE_ONSET_LOG
1256410	8474.04590	3305540054606	0.49022	0.37419	8473.95215	0.09375	11494	1	0.48988	0.32298	1	0.49466	0.32497	1	0.49227	0.32398	1	0.48152	0.53468	11.26191	1.08383	1	0.74433	0.55738	11.00599	1.07515	1	-0.00439	-0.00919	0.68045	0.00377	1	0.06338	-0.01387	0.67731	0.00403	1	1.45898	0.81042	0	
1256411	8474.05273	3305540121495	0.49037	0.37149	8473.95215	0.10059	11494	1	0.49101	0.32987	1	0.49419	0.33206	1	0.49260	0.33096	1	0.48156	0.53492	11.36179	1.07515	1	0.74421	0.55855	11.73891	1.06647	1	-0.00439	-0.00919	0.68045	0.00368	1	0.06338	-0.01387	0.67731	0.00365	1	1.45898	0.81042	0	
1256412	8474.05957	3305540186944	0.49053	0.37527	8473.95215	0.10742	11494	1	0.48458	0.46281	1	0.50142	0.40857	1	0.49300	0.43569	1	0.48136	0.53546	11.48200	1.06647	1	0.74436	0.55830	11.76050	1.06647	1	-0.00439	-0.00919	0.68045	0.00371	1	0.06338	-0.01387	0.67731	0.00372	1	1.45898	0.81042	0	
1256413	8474.06641	3305540255383	0.49054	0.37525	8473.95215	0.11426	11494	1	0.49291	0.34014	1	0.48874	0.40981	1	0.49083	0.37498	1	0.48148	0.53470	10.91936	1.06647	1	0.74430	0.55827	11.79535	1.06647	1	-0.00439	-0.00919	0.68045	0.00379	1	0.06338	-0.01387	0.67731	0.00369	1	1.45898	0.81042	0	
1256414	8474.07324	3305540322921	0.49056	0.37524	8473.95215	0.12109	11494	1	0.49291	0.34014	1	0.48874	0.40981	1	0.49083	0.37498	1	0.48163	0.53483	11.18996	1.06647	1	0.74422	0.55807	12.05273	1.06647	1	-0.00446	-0.00928	0.69111	0.00376	1	0.06283	-0.01370	0.67141	0.00362	1	1.45898	0.81042	0	
1256415	8474.07910	3305540390069	0.49101	0.37721	8473.95215	0.12695	11494	1	0.50723	0.44833	1	0.49206	0.38091	1	0.49965	0.41462	1	0.48165	0.53530	11.38061	1.06647	1	0.74430	0.55803	11.49262	1.06647	1	-0.00446	-0.00928	0.69111	0.00367	1	0.06283	-0.01370	0.67141	0.00371	1	1.45898	0.81042	0	
1256416	8474.08594	3305540455628	0.49130	0.37693	8473.95215	0.13379	11494	1	0.51108	0.33704	1	0.48319	0.40594	1	0.49714	0.37149	1	0.48179	0.53470	11.53639	1.06647	1	0.74407	0.55825	11.84999	1.06647	1	-0.00446	-0.00928	0.69111	0.00388	1	0.06283	-0.01370	0.67141	0.00367	1	1.45898	0.81042	0	
1256417	8474.09277	3305540523725	0.49157	0.37669	8473.95215	0.14062	11494	1	0.51108	0.33704	1	0.48319	0.40594	1	0.49714	0.37149	1	0.48165	0.53481	11.05288	1.06647	1	0.74420	0.55831	11.31566	1.06647	1	-0.00439	-0.00919	0.68045	0.00380	1	0.06338	-0.01387	0.67731	0.00368	1	1.45898	0.81042	0	
1256418	8474.09961	3305540590559	0.49159	0.37836	8473.95215	0.14746	11494	1	0.50277	0.42503	1	0.48122	0.40512	1	0.49200	0.41507	1	0.48154	0.53518	11.07970	1.06647	1	0.74414	0.55834	11.36744	1.06647	1	-0.00439	-0.00919	0.68045	0.00364	1	0.06338	-0.01387	0.67731	0.00362	1	1.45898	0.81042	0	
1256419	8474.10645	3305540657684	0.49161	0.37899	8473.95215	0.15430	11494	1	0.49880	0.38199	1	0.48540	0.40496	1	0.49210	0.39348	1	0.48156	0.53464	11.18146	1.06647	1	0.74417	0.55842	11.56195	1.06647	1	-0.00439	-0.00919	0.68045	0.00378	1	0.06338	-0.01387	0.67731	0.00361	1	1.45898	0.81042	0	
1256420	8474.11328	3305540724567	0.49164	0.37944	8473.95215	0.16113	11494	1	0.49880	0.38199	1	0.48580	0.39847	1	0.49230	0.39023	1	0.48186	0.53445	11.79475	1.06647	1	0.74423	0.55800	11.58400	1.07515	1	-0.00439	-0.00919	0.68045	0.00381	1	0.06622	-0.01448	0.70706	0.00372	1	1.45898	0.81042	0	
1256421	8474.11914	3305540790787	0.49200	0.37906	8473.95215	0.16699	11494	1	0.50654	0.37740	1	0.49552	0.36181	1	0.50103	0.36961	1	0.48174	0.53466	11.85557	1.07515	1	0.74426	0.55797	11.55347	1.08383	1	-0.00439	-0.00919	0.68045	0.00377	1	0.06622	-0.01448	0.70706	0.00374	1	1.45898	0.81042	0	
1256422	8474.12598	3305540859668	0.49215	0.37873	8473.95215	0.17383	11494	1	0.49073	0.34690	1	0.50146	0.39367	1	0.49610	0.37028	1	0.48155	0.53440	11.02269	1.08383	1	0.74433	0.55832	11.58921	1.09251	1	-0.00439	-0.00919	0.68045	0.00380	1	0.06622	-0.01448	0.70706	0.00376	1	1.45898	0.81042	0	
1256423	8474.13281	3305540925657	0.49227	0.37831	8473.95215	0.18066	11494	1	0.48960	0.34021	1	0.50146	0.39367	1	0.49553	0.36694	1	0.48169	0.53440	11.40308	1.09251	1	0.74440	0.55826	11.59606	1.09251	1	-0.00439	-0.00908	0.68045	0.00377	1	0.06327	-0.01377	0.67501	0.00382	1	1.45898	0.81042	0	
1256424	8474.13965	3305540992658	0.49250	0.37699	8473.95215	0.18750	11494	1	0.51021	0.28123	1	0.48751	0.39887	1	0.49886	0.34005	1	0.48186	0.53378	11.52655	1.09251	1	0.74467	0.55786	11.99453	1.08383	1	-0.00439	-0.00908	0.68045	0.00397	1	0.06327	-0.01377	0.67501	0.00390	1	1.45898	0.81042	0	
1256425	8474.14648	3305541057977	0.49341	0.37669	8473.95215	0.19434	11494	1	0.53024	0.35289	1	0.50930	0.38313	1	0.51977	0.36801	1	0.48215	0.53470	10.83715	1.08383	1	0.74464	0.55795	12.23667	1.07515	1	-0.00439	-0.00908	0.68045	0.00367	1	0.06327	-0.01377	0.67501	0.00374	1	1.45898	0.81042	0	
1256426	8474.15332	3305541126738	0.49426	0.37663	8473.95215	0.20117	11494	1	0.53109	0.35952	1	0.50871	0.38976	1	0.51990	0.37464	1	0.48229	0.53450	11.31259	1.07515	1	0.74481	0.55807	12.01846	1.06647	1	-0.00439	-0.00908	0.68045	0.00379	1	0.06327	-0.01377	0.67501	0.00403	1	1.45898	0.81042	0	
1256427	8474.16016	3305541193565	0.49459	0.37626	8473.95215	0.20801	11494	1	0.51331	0.33510	1	0.49612	0.39471	1	0.50472	0.36491	1	0.48188	0.53411	11.83751	1.06647	1	0.74473	0.55807	11.97063	1.06647	1	-0.00439	-0.00908	0.68045	0.00386	1	0.06327	-0.01377	0.67501	0.00394	1	1.45898	0.81042	0	
1256428	8474.16699	3305541260623	0.49450	0.37609	8473.95215	0.21484	11494	1	0.51251	0.31964	1	0.47079	0.42131	1	0.49165	0.37048	1	0.48183	0.53397	11.39254	1.06647	1	0.74435	0.55849	12.75526	1.06647	1	-0.00439	-0.00908	0.68045	0.00387	1	0.06327	-0.01377	0.67501	0.00383	1	1.45898	0.81042	0	
1256429	8474.17285	3305541327642	0.49442	0.37592	8473.95215	0.22070	11494	1	0.51251	0.31964	1	0.47079	0.42131	1	0.49165	0.37048	1	0.48198	0.53423	11.69900	1.06647	1	0.74470	0.55836	12.35968	1.06647	1	-0.00439	-0.00908	0.68045	0.00383	1	0.06327	-0.01377	0.67501	0.00391	1	1.45898	0.81042	0	
1256430	8474.17969	3305541392432	0.49471	0.37689	8473.95215	0.22754	11494	1	0.54732	0.38752	1	0.46193	0.43228	1	0.50463	0.40990	1	0.48237	0.53478	11.18127	1.06647	1	0.74457	0.55832	12.24442	1.06647	1	-0.00439	-0.00908	0.68045	0.00366	1	0.06327	-0.01377	0.67501	0.00387	1	1.45898	0.81042	0	
1256431	8474.18652	3305541460044	0.49488	0.37663	8473.95215	0.23438	11494	1	0.54039	0.31727	1	0.46145	0.41738	1	0.50092	0.36732	1	0.48226	0.53408	11.09956	1.06647	1	0.74463	0.55839	12.48416	1.06647	1	-0.00439	-0.00908	0.68045	0.00394	1	0.06327	-0.01377	0.67501	0.00386	1	1.45898	0.81042	0	
1256432	8474.19336	3305541525112	0.49505	0.37629	8473.95215	0.24121	11494	1	0.54039	0.31727	1	0.46166	0.41100	1	0.50103	0.36413	1	0.48223	0.53421	11.22580	1.06647	1	0.74471	0.55823	12.00551	1.07515	1	-0.00439	-0.00908	0.68045	0.00388	1	0.06564	-0.01430	0.70083	0.00389	1	1.45898	0.81042	0	
1256433	8474.19922	3305541591453	0.49459	0.37591	8473.95215	0.24707	11494	1	0.48489	0.34849	1	0.47041	0.37552	1	0.47765	0.36201	1	0.48179	0.53415	11.87110	1.07515	1	0.74472	0.55800	11.95900	1.08383	1	-0.00439	-0.00908	0.68045	0.00386	1	0.06564	-0.01430	0.70083	0.00396	1	1.45898	0.81042	0	
1256434	8474.20703	3305541662844	0.49427	0.37680	8473.95215	0.25488	11494	1	0.50424	0.40427	1	0.45985	0.41671	1	0.48204	0.41049	1	0.48217	0.53482	11.44868	1.08383	1	0.74457	0.55807	12.12510	1.09251	1	-0.00439	-0.00908	0.68045	0.00369	1	0.06564	-0.01430	0.70083	0.00398	1	1.45898	0.81042	0	
1256435	8474.21387	3305541729533	0.49395	0.37756	8473.95215	0.26172	11494	1	0.50321	0.39805	1	0.45985	0.41671	1	0.48153	0.40738	1	0.48217	0.53471	11.36937	1.09251	1	0.74454	0.55830	12.32929	1.09251	1	-0.00428	-0.00908	0.68009	0.00367	1	0.06327	-0.01377	0.67501	0.00385	1	1.45898	0.81042	0	
1256436	8474.21973	3305541796421	0.49373	0.37861	8473.95215	0.26758	11494	1	0.50318	0.39879	1	0.46712	0.44257	1	0.48515	0.42068	1	0.48212	0.53488	11.40664	1.09251	1	0.74466	0.55823	12.46403	1.08383	1	-0.00428	-0.00908	0.68009	0.00369	1	0.06327	-0.01377	0.67501	0.00394	1	1.45898	0.81042	0	
1256437	8474.22656	3305541863584	0.49362	0.37952	8473.95215	0.27441	11494	1	0.51252	0.36935	1	0.46545	0.46414	1	0.48898	0.41674	1	0.48224	0.53474	11.34492	1.08383	1	0.74466	0.55850	12.69425	1.07515	1	-0.00428	-0.00908	0.68009	0.00368	1	0.06327	-0.01377	0.67501	0.00382	1	1.45898	0.81042	0	
1256438	8474.23340	3305541929641	0.49352	0.38053	8473.95215	0.28125	11494	1	0.51349	0.37585	1	0.46520	0.47009	1	0.48935	0.42297	1	0.48227	0.53521	11.87495	1.07515	1	0.74470	0.55862	12.43303	1.06647	1	-0.00411	-0.00893	0.66925	0.00376	1	0.06393	-0.01386	0.68212	0.00389	1	1.45898	0.81042	0	
1256439	8474.24023	3305541998054	0.49347	0.38177	8473.95215	0.28809	11494	1	0.52650	0.41163	1	0.45595	0.45832	1	0.49123	0.43498	1	0.48243	0.53518	11.84728	1.06647	1	0.74450	0.55835	12.37344	1.06647	1	-0.00411	-0.00893	0.66925	0.00368	1	0.06393	-0.01386	0.68212	0.00379	1	1.45898	0.81042	0	
1256440	8474.24707	3305542064491	0.49359	0.38167	8473.95215	0.29492	11494	1	0.53034	0.40479	1	0.46781	0.34989	1	0.49908	0.37734	1	0.48246	0.53504	11.48053	1.06647	1	0.74464	0.55779	12.30192	1.06647	1	-0.00411	-0.00893	0.66925	0.00376	1	0.06393	-0.01386	0.68212	0.00399	1	1.45898	0.81042	0	
1256441	8474.25391	3305542131432	0.49371	0.38164	8473.95215	0.30176	11494	1	0.53034	0.40479	1	0.46758	0.35601	1	0.49896	0.38040	1	0.48239	0.53496	11.77352	1.06647	1	0.74478	0.55805	12.13529	1.05881	1	-0.00411	-0.00893	0.66925	0.00382	1	0.06183	-0.01340	0.65917	0.00381	1	1.45898	0.81042	0	
1256442	8474.26074	3305542198221	0.49360	0.38285	8473.95215	0.30859	11494	1	0.50283	0.40812	1	0.47380	0.46871	1	0.48832	0.43841	1	0.48239	0.53493	11.86049	1.05881	1	0.74481	0.55817	12.16401	1.05115	1	-0.00411	-0.00893	0.66925	0.00386	1	0.06183	-0.01340	0.65917	0.00381	1	1.45898	0.81042	0	
1256443	8474.26660	3305542265518	0.49358	0.38340	8473.95215	0.31445	11494	1	0.51346	0.40039	1	0.47261	0.41805	1	0.49304	0.40922	1	0.48255	0.53477	11.86835	1.05115	1	0.74480	0.55820	12.08822	1.04349	1	-0.00411	-0.00893	0.66925	0.00384	1	0.06183	-0.01340	0.65917	0.00379	1	1.45898	0.81042	0	
1256444	8474.27344	3305542332820	0.49516	0.38432	8473.95215	0.32129	11494	1	0.51434	0.40607	1	0.47234	0.42380	1	0.49334	0.41493	1	0.48263	0.53423	12.07293	1.04349	1	0.74525	0.55807	12.71971	1.03583	1	-0.00411	-0.00893	0.66925	0.00389	1	0.06183	-0.01345	0.65917	0.00373	1	1.45898	0.81042	0	
1256445	8474.28027	3305542399242	0.49235	0.41339	8473.95215	0.32129	11494	0	0.53240	0.41386	1	0.50199	0.44033	1	0.51720	0.42709	1	0.48282	0.53484	12.08365	1.03583	1	0.74523	0.55822	13.00180	1.03583	1	-0.00411	-0.00893	0.66925	0.00362	1	0.06183	-0.01345	0.65917	0.00367	1	1.45898	0.81042	0	
1256446	8474.28711	3305542465198	0.48551	0.42204	8473.95215	0.32129	11494	0	0.50987	0.41367	1	0.44747	0.44771	1	0.47867	0.43069	1	0.48252	0.53467	11.89424	1.03583	1	0.74517	0.55787	12.82980	1.03583	1	-0.00411	-0.00893	0.66925	0.00361	1	0.06183	-0.01345	0.65917	0.00376	1	1.45898	0.81042	0	
1256447	8474.29395	3305542533650	0.48325	0.42399	8473.95215	0.32129	11494	0	0.50987	0.41367	1	0.44756	0.44215	1	0.47872	0.42791	1	0.48325	0.53428	11.31499	1.03583	1	0.74552	0.55768	12.51979	1.04349	1	-0.00411	-0.00888	0.66925	0.00387	1	0.06346	-0.01367	0.67490	0.00394	1	1.45898	0.81042	0	
1256448	8474.30078	3305542600381	0.48209	0.41200	8474.28027	0.02051	11495	1	0.50748	0.36748	1	0.44977	0.38456	1	0.47863	0.37602	1	0.48285	0.53316	11.08736	1.04349	1	0.74520	0.55707	12.70375	1.05115	1	-0.00411	-0.00888	0.66925	0.00392	1	0.06346	-0.01367	0.67490	0.00382	1	1.45898	0.81042	0	
1256449	8474.30762	3305542667999	0.48798	0.40954	8474.28027	0.02734	11495	1	0.53916	0.35316	1	0.48395	0.44620	1	0.51155	0.39968	1	0.48340	0.53376	11.96673	1.05115	1	0.74534	0.55751	13.03123	1.05881	1	-0.00411	-0.00888	0.66925	0.00394	1	0.06346	-0.01367	0.67490	0.00385	1	1.45898	0.81042	0	
1256450	8474.31348	3305542734139	0.49191	0.40642	8474.28027	0.03320	11495	1	0.53844	0.34715	1	0.48469	0.43453	1	0.51157	0.39084	1	0.48305	0.53094	12.26463	1.05881	1	0.74550	0.55638	12.66434	1.07515	1	-0.00392	-0.00879	0.66996	0.00247	1	0.06571	-0.01416	0.69937	0.00414	1	1.45898	0.81042	0	
1256451	8474.32031	3305542801289	0.49359	0.39385	8474.28027	0.04004	11495	1	0.52148	0.29945	1	0.48575	0.33734	1	0.50362	0.31840	1	0.48358	0.53272	12.12961	1.07515	1	0.74569	0.55673	12.22308	1.08383	1	-0.00392	-0.00879	0.66996	0.00394	1	0.06571	-0.01416	0.69937	0.00382	1	1.45898	0.81042	0	
1256452	8474.32715	3305542868175	0.49370	0.38428	8474.28027	0.04688	11495	1	0.51046	0.30293	1	0.47849	0.33163	1	0.49448	0.31728	1	0.48345	0.53267	11.83383	1.08383	1	0.74559	0.55680	12.41253	1.09251	1	-0.00392	-0.00879	0.66996	0.00398	1	0.06571	-0.01416	0.69937	0.00382	1	1.45898	0.81042	0	
1256453	8474.33398	3305542935540	0.49373	0.37644	8474.28027	0.05371	11495	1	0.50948	0.29590	1	0.47849	0.33163	1	0.49398	0.31376	1	0.48350	0.53280	12.10115	1.09251	1	0.74557	0.55673	12.28989	1.09251	1	-0.00399	-0.00901	0.68243	0.00403	1	0.06426	-0.01382	0.68228	0.00410	1	1.45898	0.81042	0	
1256454	8474.34082	3305543002707	0.49426	0.36916	8474.28027	0.06055	11495	1	0.51326	0.32250	1	0.48487	0.28485	1	0.49906	0.30367	1	0.48348	0.53326	12.26194	1.09251	1	0.74565	0.55601	11.90980	1.08383	1	-0.00399	-0.00901	0.68243	0.00378	1	0.06426	-0.01382	0.68228	0.00441	1	1.45898	0.81042	0	
1256455	8474.34766	3305543069474	0.49524	0.36239	8474.28027	0.06738	11495	1	0.52683	0.29286	1	0.48320	0.29645	1	0.50502	0.29466	1	0.48366	0.53290	12.39647	1.08383	1	0.74563	0.55612	11.94096	1.07515	1	-0.00399	-0.00901	0.68243	0.00396	1	0.06426	-0.01382	0.68228	0.00438	1	1.45898	0.81042	0	
1256456	8474.35449	3305543136215	0.49609	0.35790	8474.28027	0.07422	11495	1	0.52851	0.30653	1	0.48247	0.31052	1	0.50549	0.30852	1	0.48354	0.53095	12.61110	1.06713	1	0.74587	0.55599	12.96867	1.05845	1	-0.00381	-0.00870	0.65932	0.00251	1	0.06426	-0.01382	0.68228	0.00416	1	1.45898	0.81042	0	
1256457	8474.36035	3305543203253	0.49669	0.35481	8474.28027	0.08008	11495	1	0.51249	0.32740	1	0.49507	0.30803	1	0.50378	0.31772	1	0.48334	0.53290	12.39136	1.05043	1	0.74587	0.55594	12.96735	1.05043	1	-0.00381	-0.00870	0.65932	0.00385	1	0.06426	-0.01382	0.68228	0.00425	1	1.45898	0.81042	0	
1256458	8474.36719	3305543269047	0.49715	0.35227	8474.28027	0.08691	11495	1	0.51341	0.33392	1	0.49303	0.30471	1	0.50322	0.31931	1	0.48334	0.53290	12.39136	1.04242	1	0.74587	0.55590	12.90781	1.04242	1	-0.00381	-0.00870	0.65932	0.00385	1	0.06426	-0.01382	0.68228	0.00427	1	1.45898	0.81042	0	
1256459	8474.37402	3305543337139	0.49756	0.35008	8474.28027	0.09375	11495	1	0.51341	0.33392	1	0.49303	0.30471	1	0.50322	0.31931	1	0.48366	0.53332	11.28135	1.04242	1	0.74602	0.55543	12.70968	1.04242	1	-0.00382	-0.00881	0.67118	0.00391	1	0.06426	-0.01382	0.68228	0.00427	1	1.45898	0.81042	0	
1256460	8474.38086	3305543404161	0.49754	0.34935	8474.28027	0.10059	11495	1	0.49773	0.37831	1	0.49673	0.29865	1	0.49723	0.33848	1	0.48344	0.53342	12.33449	1.05043	1	0.74587	0.55599	12.97109	1.05043	1	-0.00382	-0.00881	0.67118	0.00374	1	0.06426	-0.01382	0.68228	0.00423	1	1.45898	0.81042	0	
1256461	8474.38770	3305543467958	0.50278	0.32152	8474.28027	0.10059	11495	0	0.51737	0.36552	1	0.50807	0.26709	1	0.51272	0.31630	1	0.48377	0.53335	11.96899	1.05845	1	0.74598	0.55570	12.69339	1.05845	1	-0.00382	-0.00881	0.67118	0.00372	1	0.06426	-0.01382	0.68228	0.00425	1	1.45898	0.81042	0	
1256462	8474.39355	3305543533175	0.50766	0.31559	8474.28027	0.10059	11495	0	0.51648	0.35935	1	0.50861	0.25998	1	0.51255	0.30967	1	0.48383	0.53331	11.97972	1.06647	1	0.74602	0.55614	12.85574	1.06647	1	-0.00382	-0.00886	0.67118	0.00366	1	0.06426	-0.01382	0.68228	0.00409	1	1.45898	0.81042	0	
1256463	8474.40137	3305543604045	0.51105	0.32308	8474.28027	0.10059	11495	0	0.52958	0.35811	1	0.50609	0.31797	1	0.51784	0.33804	1	0.48398	0.53345	12.08993	1.06647	1	0.74599	0.55632	12.97812	1.06647	1	-0.00382	-0.00886	0.67118	0.00371	1	0.06426	-0.01382	0.68228	0.00411	1	1.45898	0.81042	0	
1256464	8474.40723	3305543670391	0.51044	0.32357	8474.38770	0.01953	11496	1	0.51696	0.32392	1	0.50020	0.32619	1	0.50858	0.32505	1	0.48393	0.53297	11.70500	1.06647	1	0.74589	0.55634	13.13617	1.06647	1	-0.00382	-0.00886	0.67118	0.00367	1	0.06426	-0.01382	0.68228	0.00411	1	1.45898	0.81042	0	
1256465	8474.41406	3305543737274	0.51006	0.32387	8474.38770	0.02637	11496	1	0.51696	0.32392	1	0.50020	0.32619	1	0.50858	0.32505	1	0.48350	0.53305	12.62563	1.06647	1	0.74603	0.55597	12.81861	1.06647	1	-0.00382	-0.00886	0.67118	0.00378	1	0.06426	-0.01382	0.68228	0.00412	1	1.45898	0.81042	0	
1256466	8474.42090	3305543803883	0.50892	0.32334	8474.38770	0.03320	11496	1	0.49998	0.32523	1	0.50645	0.31619	1	0.50322	0.32071	1	0.48367	0.53311	11.62803	1.06647	1	0.74599	0.55649	12.90834	1.06647	1	-0.00382	-0.00886	0.67118	0.00374	1	0.06426	-0.01382	0.68228	0.00391	1	1.45898	0.81042	0	
1256467	8474.42773	3305543870707	0.50983	0.31743	8474.38770	0.04004	11496	1	0.51988	0.30376	1	0.51073	0.26018	1	0.51530	0.28197	1	0.48393	0.53286	11.84793	1.06647	1	0.74609	0.55586	12.72357	1.06647	1	-0.00382	-0.00886	0.67118	0.00377	1	0.06426	-0.01382	0.68228	0.00413	1	1.45898	0.81042	0	
1256468	8474.43359	3305543935311	0.51052	0.31300	8474.38770	0.04590	11496	1	0.51988	0.30376	1	0.51073	0.26018	1	0.51530	0.28197	1	0.48361	0.53305	11.53748	1.06647	1	0.74604	0.55616	12.95397	1.06647	1	-0.00382	-0.00886	0.67118	0.00375	1	0.06426	-0.01382	0.68228	0.00406	1	1.45898	0.81042	0	
1256469	8474.44141	3305544005296	0.50913	0.31278	8474.38770	0.05371	11496	1	0.48732	0.36968	1	0.50874	0.25248	1	0.49803	0.31108	1	0.48342	0.53330	12.00747	1.06647	1	0.74606	0.55605	12.84510	1.06647	1	-0.00382	-0.00886	0.67118	0.00378	1	0.06426	-0.01382	0.68228	0.00409	1	1.45898	0.81042	0	
1256470	8474.44727	3305544070932	0.50773	0.31721	8474.38770	0.05957	11496	1	0.49637	0.36200	1	0.49395	0.35214	1	0.49516	0.35707	1	0.48349	0.53324	12.01963	1.06647	1	0.74585	0.55678	13.27635	1.06647	1	-0.00382	-0.00886	0.67118	0.00366	1	0.06426	-0.01382	0.68228	0.00388	1	1.45898	0.81042	0	
1256471	8474.45508	3305544141213	0.50662	0.32141	8474.38770	0.06738	11496	1	0.49739	0.36816	1	0.49352	0.35853	1	0.49546	0.36335	1	0.48370	0.53325	11.30471	1.05845	1	0.74602	0.55658	12.95810	1.05845	1	-0.00381	-0.00870	0.65932	0.00366	1	0.06426	-0.01382	0.68228	0.00388	1	1.45898	0.81042	0	
1256472	8474.46094	3305544207910	0.50595	0.32496	8474.38770	0.07324	11496	1	0.50159	0.35216	1	0.49572	0.37582	1	0.49865	0.36399	1	0.48361	0.53306	11.21817	1.05043	1	0.74593	0.55671	12.69838	1.05043	1	-0.00381	-0.00870	0.65932	0.00367	1	0.06426	-0.01382	0.68228	0.00414	1	1.45898	0.81042	0	
1256473	8474.46777	3305544274688	0.50552	0.32659	8474.38770	0.08008	11496	1	0.50122	0.34923	1	0.49928	0.34321	1	0.50025	0.34622	1	0.48362	0.53303	11.34780	1.04242	1	0.74591	0.55693	12.95537	1.04242	1	-0.00381	-0.00870	0.65932	0.00367	1	0.06426	-0.01382	0.68228	0.00406	1	1.45898	0.81042	0	
1256474	8474.47461	3305544341553	0.50516	0.32846	8474.38770	0.08691	11496	1	0.50223	0.35563	1	0.49880	0.34983	1	0.50052	0.35273	1	0.48359	0.53318	11.33913	1.03440	1	0.74582	0.55662	12.93668	1.03440	1	-0.00381	-0.00870	0.65932	0.00380	1	0.06426	-0.01382	0.68228	0.00391	1	1.45898	0.81042	0	
1256475	8474.48145	3305544407284	0.50541	0.33319	8474.38770	0.09375	11496	1	0.52362	0.41104	1	0.49418	0.38791	1	0.50890	0.39948	1	0.48385	0.53363	12.16869	1.03440	1	0.74593	0.55689	12.76483	1.03440	1	-0.00381	-0.00870	0.65932	0.00371	1	0.06426	-0.01382	0.68228	0.00410	1	1.45898	0.81042	0	
1256476	8474.48828	3305544475615	0.50543	0.33363	8474.38770	0.10059	11496	1	0.51456	0.36844	1	0.49682	0.31179	1	0.50569	0.34012	1	0.48381	0.53349	11.99980	1.03440	1	0.74595	0.55606	12.88710	1.03440	1	-0.00381	-0.00870	0.65932	0.00376	1	0.06426	-0.01382	0.68228	0.00409	1	1.45898	0.81042	0	
1256477	8474.49512	3305544543599	0.50543	0.33362	8474.38770	0.10742	11496	1	0.51363	0.36214	1	0.49729	0.30488	1	0.50546	0.33351	1	0.48361	0.53108	12.24646	1.04242	1	0.74581	0.55697	13.33541	1.04242	1	-0.00399	-0.00901	0.68243	0.00252	1	0.06426	-0.01382	0.68228	0.00381	1	1.45898	0.81042	0	
1256478	8474.50195	3305544610681	0.50567	0.32866	8474.38770	0.11426	11496	1	0.51954	0.18039	1	0.49995	0.30826	1	0.50974	0.24433	1	0.48361	0.53111	11.86445	1.05043	1	0.74595	0.55609	12.81084	1.05043	1	-0.00399	-0.00901	0.68243	0.00252	1	0.06426	-0.01382	0.68228	0.00424	1	1.45898	0.81042	0	
1256479	8474.50781	3305544676289	0.50510	0.32419	8474.38770	0.12012	11496	1	0.48756	0.16456	1	0.50228	0.32300	1	0.49492	0.24378	1	0.48346	0.53110	11.79177	1.05845	1	0.74595	0.55620	12.97199	1.05845	1	-0.00399	-0.00901	0.68243	0.00253	1	0.06426	-0.01382	0.68228	0.00418	1	1.45898	0.81042	0	
1256480	8474.51465	3305544743869	0.50458	0.31981	8474.38770	0.12695	11496	1	0.48649	0.15685	1	0.50278	0.31633	1	0.49463	0.23659	1	0.48386	0.53324	12.10033	1.06647	1	0.74584	0.55644	12.79406	1.06647	1	-0.00399	-0.00901	0.68243	0.00362	1	0.06426	-0.01382	0.68228	0.00430	1	1.45898	0.81042	0	
1256481	8474.52148	3305544810211	0.50545	0.31989	8474.38770	0.13379	11496	1	0.54229	0.33683	1	0.50359	0.30607	1	0.52294	0.32145	1	0.48385	0.53322	12.00256	1.06647	1	0.74599	0.55614	12.74818	1.06647	1	-0.00399	-0.00901	0.68243	0.00368	1	0.06426	-0.01382	0.68228	0.00441	1	1.45898	0.81042	0	
1256482	8474.52832	3305544877690	0.50551	0.32133	8474.38770	0.14062	11496	1	0.53811	0.34353	1	0.47520	0.35949	1	0.50665	0.35151	1	0.48387	0.53335	12.05000	1.06647	1	0.74558	0.55690	12.10289	1.06647	1	-0.00399	-0.00901	0.68243	0.00380	1	0.06426	-0.01382	0.68228	0.00417	1	1.45898	0.81042	0	
1256483	8474.53516	3305544944562	0.50555	0.32277	8474.38770	0.14746	11496	1	0.53811	0.34353	1	0.47492	0.36554	1	0.50651	0.35454	1	0.48353	0.53324	12.01081	1.06647	1	0.74570	0.55717	12.48121	1.05881	1	-0.00399	-0.00901	0.68243	0.00378	1	0.06166	-0.01327	0.65522	0.00410	1	1.45898	0.81042	0	
1256484	8474.54199	3305545011204	0.50507	0.31890	8474.38770	0.15430	11496	1	0.50688	0.12708	1	0.48133	0.33277	1	0.49411	0.22992	1	0.48344	0.53111	12.05379	1.05881	1	0.74564	0.55637	11.80292	1.05115	1	-0.00399	-0.00901	0.68243	0.00240	1	0.06166	-0.01327	0.65522	0.00438	1	1.45898	0.81042	0	
1256485	8474.54883	3305545078630	0.50485	0.31636	8474.38770	0.16113	11496	1	0.51319	0.14359	1	0.48595	0.36732	1	0.49957	0.25545	1	0.48348	0.53118	11.81705	1.05115	1	0.74573	0.55660	11.91896	1.04349	1	-0.00399	-0.00901	0.68243	0.00241	1	0.06166	-0.01327	0.65522	0.00439	1	1.45898	0.81042	0	
1256486	8474.55469	3305545145565	0.50467	0.31417	8474.38770	0.16699	11496	1	0.51407	0.15115	1	0.48595	0.36732	1	0.50001	0.25923	1	0.48331	0.53117	11.93436	1.04349	1	0.74562	0.55675	12.21234	1.04349	1	-0.00399	-0.00901	0.68243	0.00241	1	0.06346	-0.01367	0.67490	0.00429	1	1.45898	0.81042	0	
1256487	8474.56152	3305545212157	0.50267	0.28330	8474.38770	0.16699	11496	0	0.49941	0.14230	1	0.48420	0.31604	1	0.49180	0.22917	1	0.48332	0.53109	11.88357	1.04349	1	0.74563	0.55662	12.20393	1.05115	1	-0.00399	-0.00901	0.68243	0.00242	1	0.06346	-0.01367	0.67490	0.00415	1	1.45898	0.81042	0	
1256488	8474.56836	3305545279493	0.49807	0.26996	8474.38770	0.16699	11496	0	0.50071	0.16285	1	0.48623	0.35041	1	0.49347	0.25663	1	0.48335	0.53103	11.82056	1.05115	1	0.74574	0.55655	12.30532	1.05881	1	-0.00399	-0.00901	0.68243	0.00241	1	0.06346	-0.01367	0.67490	0.00432	1	1.45898	0.81042	0	
1256489	8474.57520	3305545346112	0.49651	0.26209	8474.38770	0.16699	11496	0	0.49977	0.15542	1	0.48700	0.33726	1	0.49338	0.24634	1	0.48335	0.53106	11.91683	1.05881	1	0.74571	0.55643	12.27034	1.07515	1	-0.00399	-0.00901	0.68243	0.00242	1	0.06571	-0.01416	0.69937	0.00435	1	1.45898	0.81042	0	
1256490	8474.58203	3305545413361	0.49545	0.24554	8474.56152	0.02051	11497	1	0.49580	0.10731	1	0.48872	0.28450	1	0.49226	0.19591	1	0.48330	0.53113	12.06889	1.07515	1	0.74574	0.55655	12.30532	1.08383	1	-0.00399	-0.00901	0.68243	0.00241	1	0.06571	-0.01416	0.69937	0.00432	1	1.45898	0.81042	0	
1256491	8474.58887	3305545480489	0.49271	0.23429	8474.56152	0.02734	11497	1	0.49507	0.10119	1	0.46841	0.27732	1	0.48174	0.18926	1	0.48326	0.53111	11.90998	1.08383	1	0.74544	0.55730	12.26528	1.09251	1	-0.00399	-0.00901	0.68243	0.00239	1	0.06571	-0.01416	0.69937	0.00403	1	1.45898	0.81042	0	
1256492	8474.59570	3305545547434	0.49081	0.22545	8474.56152	0.03418	11497	1	0.49399	0.09253	1	0.46867	0.26998	1	0.48133	0.18126	1	0.48349	0.53350	11.80622	1.09251	1	0.74538	0.55648	12.19106	1.10119	1	-0.00399	-0.00901	0.68243	0.00368	1	0.06571	-0.01416	0.69937	0.00378	1	1.45898	0.81042	0	
1256493	8474.60156	3305545610270	0.49105	0.21980	8474.56152	0.04004	11497	1	0.51252	0.09485	1	0.47244	0.27700	1	0.49248	0.18592	1	0.48319	0.53133	11.78504	1.10119	1	0.74544	0.55664	12.02221	1.10119	1	-0.00399	-0.00901	0.68243	0.00240	1	0.06571	-0.01416	0.69937	0.00425	1	1.45898	0.81042	0	
1256494	8474.60840	3305545677713	0.49019	0.21178	8474.56152	0.04688	11497	1	0.49860	0.09570	1	0.46978	0.21550	1	0.48419	0.15560	1	0.48309	0.53125	11.79983	1.10119	1	0.74537	0.55656	11.99581	1.10119	1	-0.00399	-0.00901	0.68243	0.00236	1	0.06571	-0.01416	0.69937	0.00438	1	1.45898	0.81042	0	
1256495	8474.61523	3305545748367	0.48946	0.20502	8474.56152	0.05371	11497	1	0.49752	0.08673	1	0.46979	0.21514	1	0.48365	0.15093	1	0.48299	0.53122	11.82637	1.11028	1	0.74546	0.55708	12.46430	1.10160	1	-0.00415	-0.00925	0.70064	0.00239	1	0.06291	-0.01357	0.67009	0.00424	1	1.45898	0.81042	0	
1256496	8474.62207	3305545815500	0.48947	0.20291	8474.56152	0.06055	11497	1	0.49804	0.08469	1	0.48095	0.28330	1	0.48949	0.18400	1	0.48307	0.53129	11.69879	1.11068	1	0.74520	0.55713	12.66829	1.10200	1	-0.00415	-0.00925	0.70064	0.00237	1	0.06291	-0.01357	0.67009	0.00427	1	1.45898	0.81042	0	
1256497	8474.62891	3305545882314	0.49127	0.19985	8474.56152	0.06738	11497	1	0.50343	0.07455	1	0.51508	0.26377	1	0.50925	0.16916	1	0.48306	0.53136	11.52489	1.11109	1	0.74542	0.55692	12.44317	1.10241	1	-0.00415	-0.00925	0.70064	0.00237	1	0.06291	-0.01357	0.67009	0.00426	1	1.45898	0.81042	0	
1256498	8474.63574	3305545949432	0.49278	0.19796	8474.56152	0.07422	11497	1	0.50443	0.08320	1	0.51446	0.27118	1	0.50945	0.17719	1	0.48302	0.53139	11.50839	1.10241	1	0.74491	0.55719	13.00196	1.09372	1	-0.00411	-0.00883	0.66925	0.00241	1	0.06291	-0.01357	0.67009	0.00411	1	1.45898	0.81042	0	
1256499	8474.64258	3305546017126	0.49548	0.21093	8474.56152	0.08105	11497	1	0.57200	0.34921	1	0.48361	0.38402	1	0.52780	0.36662	1	0.48356	0.53406	12.04077	1.08464	1	0.74491	0.55715	13.13143	1.08464	1	-0.00411	-0.00883	0.66925	0.00390	1	0.06291	-0.01357	0.67009	0.00412	1	1.45898	0.81042	0	
1256500	8474.64844	3305546083153	0.49491	0.21482	8474.56152	0.08691	11497	1	0.50903	0.12917	1	0.46615	0.40166	1	0.48759	0.26542	1	0.48281	0.53135	11.81574	1.07555	1	0.74468	0.55723	12.25130	1.07555	1	-0.00411	-0.00883	0.66925	0.00242	1	0.06291	-0.01357	0.67009	0.00405	1	1.45898	0.81042	0	
1256501	8474.65527	3305546151003	0.49444	0.21891	8474.56152	0.09375	11497	1	0.51007	0.13806	1	0.46567	0.41410	1	0.48787	0.27608	1	0.48328	0.53412	11.31804	1.06647	1	0.74482	0.55595	11.62776	1.05881	1	-0.00411	-0.00883	0.66925	0.00378	1	0.06183	-0.01335	0.65917	0.00431	1	1.45898	0.81042	0	
1256502	8474.66211	3305546217068	0.49428	0.21796	8474.56152	0.10059	11497	1	0.49661	0.09991	1	0.48698	0.30772	1	0.49179	0.20381	1	0.48261	0.53132	11.50707	1.05881	1	0.74496	0.55650	12.18001	1.05115	1	-0.00411	-0.00883	0.66925	0.00239	1	0.06183	-0.01335	0.65917	0.00411	1	1.45898	0.81042	0	
1256503	8474.66895	3305546284205	0.49412	0.21863	8474.56152	0.10742	11497	1	0.50143	0.10369	1	0.48165	0.35490	1	0.49154	0.22930	1	0.48262	0.53147	11.59558	1.05115	1	0.74487	0.55657	11.86449	1.04349	1	-0.00411	-0.00883	0.66925	0.00236	1	0.06183	-0.01335	0.65917	0.00411	1	1.45898	0.81042	0	
1256504	8474.67578	3305546351528	0.49401	0.21925	8474.56152	0.11426	11497	1	0.50237	0.11155	1	0.48203	0.34785	1	0.49220	0.22970	1	0.48234	0.53150	11.23356	1.04349	1	0.74481	0.55593	11.96404	1.05217	1	-0.00411	-0.00888	0.66925	0.00241	1	0.06564	-0.01419	0.70083	0.00411	1	1.45898	0.81042	0	
1256505	8474.68262	3305546418064	0.49426	0.22032	8474.56152	0.12109	11497	1	0.50934	0.11936	1	0.48833	0.35998	1	0.49883	0.23967	1	0.48235	0.53147	11.44535	1.05217	1	0.74459	0.55670	12.06894	1.06851	1	-0.00411	-0.00888	0.66925	0.00244	1	0.06564	-0.01419	0.70083	0.00421	1	1.45898	0.81042	0	
1256506	8474.68848	3305546483310	0.49419	0.22079	8474.56152	0.12695	11497	1	0.49679	0.11432	1	0.48897	0.34522	1	0.49288	0.22977	1	0.48229	0.53154	11.46458	1.06851	1	0.74459	0.55670	12.06894	1.08485	1	-0.00411	-0.00888	0.66925	0.00238	1	0.06564	-0.01419	0.70083	0.00420	1	1.45898	0.81042	0	
1256507	8474.69531	3305546549775	0.49408	0.22030	8474.56152	0.13379	11497	1	0.49363	0.08890	1	0.48978	0.33198	1	0.49171	0.21044	1	0.48216	0.53155	11.38931	1.09394	1	0.74416	0.55741	12.08827	1.10160	1	-0.00436	-0.00924	0.69977	0.00234	1	0.06338	-0.01372	0.67731	0.00401	1	1.45898	0.81042	0	
1256508	8474.70215	3305546618719	0.49394	0.21994	8474.56152	0.14062	11497	1	0.50079	0.04915	1	0.48144	0.37540	1	0.49111	0.21227	1	0.48224	0.53125	11.72188	1.11068	1	0.74407	0.55720	12.69435	1.10200	1	-0.00436	-0.00924	0.69977	0.00241	1	0.06338	-0.01372	0.67731	0.00413	1	1.45898	0.81042	0	
1256509	8474.70898	3305546686533	0.49308	0.22081	8474.56152	0.14746	11497	1	0.49440	0.07414	1	0.45407	0.40620	1	0.47423	0.24017	1	0.48216	0.53155	11.38931	1.11109	1	0.74373	0.55748	12.39700	1.10241	1	-0.00436	-0.00924	0.69977	0.00234	1	0.06338	-0.01372	0.67731	0.00417	1	1.45898	0.81042	0	
1256510	8474.71582	3305546753802	0.49233	0.22222	8474.56152	0.15430	11497	1	0.49643	0.09080	1	0.45378	0.41822	1	0.47510	0.25451	1	0.48208	0.53156	11.22568	1.09439	1	0.74387	0.55722	12.08390	1.08571	1	-0.00423	-0.00882	0.66410	0.00238	1	0.06338	-0.01372	0.67731	0.00421	1	1.45898	0.81042	0	
1256511	8474.72266	3305546819952	0.49214	0.22329	8474.56152	0.16113	11497	1	0.49006	0.10434	1	0.48500	0.39375	1	0.48753	0.24904	1	0.48201	0.53154	11.19065	1.06861	1	0.74416	0.55721	13.18402	1.06861	1	-0.00423	-0.00882	0.66410	0.00244	1	0.06338	-0.01372	0.67731	0.00402	1	1.45898	0.81042	0	
1256512	8474.72949	3305546887136	0.49210	0.22532	8474.56152	0.16797	11497	1	0.49520	0.15885	1	0.48682	0.39296	1	0.49101	0.27590	1	0.48204	0.53144	11.15887	1.05150	1	0.74423	0.55686	13.07393	1.05150	1	-0.00423	-0.00882	0.66410	0.00231	1	0.06338	-0.01372	0.67731	0.00387	1	1.45898	0.81042	0	
1256513	8474.73633	3305546953775	0.49207	0.22748	8474.56152	0.17480	11497	1	0.49637	0.16770	1	0.48638	0.39995	1	0.49138	0.28382	1	0.48200	0.53131	11.28562	1.04242	1	0.74393	0.55674	12.46301	1.04242	1	-0.00430	-0.00885	0.66687	0.00231	1	0.06338	-0.01372	0.67731	0.00396	1	1.45898	0.81042	0	
1256514	8474.74219	3305547021050	0.49159	0.22834	8474.56152	0.18066	11497	1	0.48374	0.13089	1	0.47357	0.37212	1	0.47865	0.25150	1	0.48191	0.53150	11.18397	1.05043	1	0.74394	0.55678	12.37280	1.05043	1	-0.00430	-0.00885	0.66687	0.00239	1	0.06338	-0.01372	0.67731	0.00396	1	1.45898	0.81042	0	
1256515	8474.74902	3305547088056	0.49120	0.22952	8474.56152	0.18750	11497	1	0.48539	0.16910	1	0.47519	0.35623	1	0.48029	0.26267	1	0.48189	0.53146	11.00573	1.05845	1	0.74401	0.55658	12.39081	1.05845	1	-0.00430	-0.00885	0.66687	0.00240	1	0.06338	-0.01372	0.67731	0.00394	1	1.45898	0.81042	0	
1256516	8474.75586	3305547155484	0.49081	0.23013	8474.56152	0.19434	11497	1	0.48309	0.15272	1	0.47582	0.34257	1	0.47945	0.24764	1	0.48211	0.53136	11.59712	1.07555	1	0.74389	0.55667	12.21017	1.07555	1	-0.00451	-0.00933	0.70718	0.00241	1	0.06338	-0.01372	0.67731	0.00389	1	1.45898	0.81042	0	
1256517	8474.76270	3305547222532	0.49067	0.23010	8474.56152	0.20117	11497	1	0.49624	0.11874	1	0.47681	0.33958	1	0.48652	0.22916	1	0.48221	0.53141	11.64774	1.08464	1	0.74399	0.55674	12.10139	1.08464	1	-0.00451	-0.00933	0.70718	0.00233	1	0.06338	-0.01372	0.67731	0.00390	1	1.45898	0.81042	0	
1256518	8474.76953	3305547288439	0.49096	0.23241	8474.56152	0.20801	11497	1	0.52949	0.30451	1	0.47036	0.30363	1	0.49993	0.30407	1	0.48261	0.53353	11.44516	1.09372	1	0.74387	0.55632	12.18717	1.09372	1	-0.00451	-0.00933	0.70718	0.00421	1	0.06338	-0.01372	0.67731	0.00420	1	1.45898	0.81042	0	
1256519	8474.77637	3305547355629	0.48626	0.25957	8474.56152	0.20801	11497	0	0.52949	0.30451	1	0.47036	0.30363	1	0.49993	0.30407	1	0.48223	0.53153	11.32079	1.09372	1	0.74412	0.55615	12.48175	1.09372	1	-0.00428	-0.00903	0.68009	0.00235	1	0.06338	-0.01372	0.67731	0.00425	1	1.45898	0.81042	0	
1256520	8474.78320	3305547422780	0.48692	0.25071	8474.56152	0.20801	11497	0	0.49781	0.12624	1	0.47735	0.35744	1	0.48758	0.24184	1	0.48218	0.53152	11.27366	1.08464	1	0.74400	0.55682	11.85593	1.08464	1	-0.00428	-0.00903	0.68009	0.00240	1	0.06338	-0.01372	0.67731	0.00401	1	1.45898	0.81042	0	
1256521	8474.79004	3305547490701	0.49296	0.25193	8474.56152	0.20801	11497	0	0.50171	0.14649	1	0.50834	0.36224	1	0.50502	0.25437	1	0.48223	0.53153	11.32079	1.07555	1	0.74457	0.55681	11.77398	1.07555	1	-0.00428	-0.00903	0.68009	0.00234	1	0.06338	-0.01372	0.67731	0.00390	1	1.45898	0.81042	0	
1256522	8474.79590	3305547557690	0.49597	0.25254	8474.77637	0.01953	11498	1	0.50171	0.14649	1	0.50834	0.36224	1	0.50502	0.25437	1	0.48221	0.53130	11.29655	1.07555	1	0.74479	0.55666	11.89152	1.07555	1	-0.00436	-0.00924	0.69977	0.00228	1	0.06338	-0.01372	0.67731	0.00389	1	1.45898	0.81042	0	
1256523	8474.80273	3305547623560	0.49852	0.23964	8474.77637	0.02637	11498	1	0.50673	0.12428	1	0.51069	0.25184	1	0.50871	0.18806	1	0.48234	0.53132	11.55223	1.08464	1	0.74484	0.55580	11.70803	1.08464	1	-0.00436	-0.00924	0.69977	0.00234	1	0.06338	-0.01372	0.67731	0.00423	1	1.45898	0.81042	0	
1256524	8474.80957	3305547687395	0.48149	0.20900	8474.77637	0.03320	11498	1	0.50673	0.12428	0	0.39632	0.05582	1	0.39632	0.05582	1	0.48234	0.53132	11.55223	1.09372	0	0.48238	0.53142	11.30471	1.09372	1	-0.00436	-0.00924	0.69977	0.00234	1	0.06338	-0.01372	0.67731	0.00235	1	1.45898	0.81042	0	
1256525	8474.81641	3305547755526	0.46928	0.18577	8474.77637	0.04004	11498	1	0.50673	0.12428	0	0.39603	0.04638	1	0.39603	0.04638	1	0.48234	0.53132	11.55223	1.10281	0	0.48226	0.53120	11.29397	1.10281	1	-0.00436	-0.00924	0.69977	0.00234	1	-0.00411	-0.00883	0.66925	0.00232	1	1.45898	0.81042	0	
1256526	8474.82324	3305547823142	0.45805	0.16541	8474.77637	0.04688	11498	1	0.50673	0.12428	0	0.37942	0.02285	1	0.37942	0.02285	1	0.48234	0.53132	11.55223	1.10281	0	0.48214	0.53108	11.67669	1.10281	1	-0.00436	-0.00924	0.69977	0.00234	1	-0.00411	-0.00883	0.66925	0.00228	1	1.45898	0.81042	0	
1256527	8474.82910	3305547888007	0.45125	0.15169	8474.77637	0.05273	11498	1	0.50673	0.12428	0	0.39690	0.04199	1	0.39690	0.04199	1	0.48234	0.53132	11.55223	1.10281	0	0.48239	0.53140	11.28470	1.10281	1	-0.00436	-0.00924	0.69977	0.00234	1	-0.00411	-0.00883	0.66925	0.00234	1	1.45898	0.81042	0	
1256528	8474.83594	3305547955913	0.44582	0.14072	8474.77637	0.05957	11498	1	0.50673	0.12428	0	0.39690	0.04199	1	0.39690	0.04199	1	0.48234	0.53132	11.55223	1.10281	0	0.48247	0.53136	11.10889	1.10281	1	-0.00436	-0.00924	0.69977	0.00234	1	-0.00411	-0.00883	0.66925	0.00236	1	1.45898	0.81042	0	
1256529	8474.84277	3305548023347	0.44181	0.13372	8474.77637	0.06641	11498	1	0.50673	0.12428	0	0.40179	0.06373	1	0.40179	0.06373	1	0.48234	0.53132	11.55223	1.10281	0	0.48246	0.53103	11.38566	1.10281	1	-0.00436	-0.00924	0.69977	0.00234	1	-0.00411	-0.00883	0.66925	0.00228	1	1.45898	0.81042	0	
1256530	8474.84961	3305548089372	0.43598	0.12987	8474.77637	0.07324	11498	1	0.50673	0.12428	0	0.37185	0.08746	1	0.37185	0.08746	1	0.48234	0.53132	11.55223	1.10281	0	0.48239	0.53141	11.28784	1.10281	1	-0.00436	-0.00924	0.69977	0.00234	1	-0.00411	-0.00883	0.66925	0.00233	1	1.45898	0.81042	0	
1256531	8474.85645	3305548160096	0.43105	0.12661	8474.77637	0.08008	11498	1	0.50673	0.12428	0	0.37185	0.08746	1	0.37185	0.08746	1	0.48234	0.53132	11.55223	1.10281	0	0.48247	0.53132	11.40629	1.10281	1	-0.00436	-0.00924	0.69977	0.00234	1	-0.00411	-0.00883	0.66925	0.00231	1	1.45898	0.81042	0	
1256532	8474.86328	3305548225813	0.42709	0.12288	8474.77637	0.08691	11498	1	0.50673	0.12428	0	0.37554	0.07450	1	0.37554	0.07450	1	0.48234	0.53132	11.55223	1.10281	0	0.48251	0.53120	11.33732	1.10281	1	-0.00436	-0.00924	0.69977	0.00234	1	-0.00411	-0.00883	0.66925	0.00226	1	1.45898	0.81042	0	
1256533	8474.87012	3305548293718	0.40632	0.08566	8474.77637	0.08691	11498	0	0.50673	0.12428	0	0.37553	0.06328	1	0.37553	0.06328	1	0.48234	0.53132	11.55223	1.10281	0	0.48251	0.53116	11.05040	1.10281	1	-0.00436	-0.00924	0.69977	0.00234	1	-0.00411	-0.00883	0.66925	0.00230	1	1.45898	0.81042	0	
1256534	8474.87695	3305548361745	0.42367	0.09178	8474.77637	0.08691	11498	0	0.50568	0.11542	1	0.37637	0.08039	1	0.44103	0.09790	1	0.48252	0.53115	11.09420	1.09372	1	0.74476	0.55647	12.13255	1.08607	1	-0.00411	-0.00883	0.66925	0.00229	1	0.06183	-0.01335	0.65917	0.00404	1	1.45898	0.81042	0	
1256535	8474.88281	3305548427710	0.44688	0.14088	8474.77637	0.08691	11498	0	0.50552	0.16433	1	0.48104	0.31385	1	0.49328	0.23909	1	0.48259	0.53125	11.50156	1.07698	1	0.74484	0.55630	12.19984	1.06932	1	-0.00411	-0.00883	0.66925	0.00224	1	0.06183	-0.01335	0.65917	0.00409	1	1.45898	0.81042	0	
1256536	8474.88965	3305548494882	0.47024	0.20456	8474.77637	0.08691	11498	0	0.49967	0.17876	1	0.45316	0.37463	1	0.47642	0.27669	1	0.48250	0.53121	11.30772	1.06024	1	0.74443	0.55676	12.20897	1.05258	1	-0.00411	-0.00883	0.66925	0.00227	1	0.06183	-0.01335	0.65917	0.00375	1	1.45898	0.81042	0	
1256537	8474.89648	3305548561434	0.47381	0.24637	8474.77637	0.08691	11498	0	0.50175	0.19461	1	0.45301	0.38175	1	0.47738	0.28818	1	0.48261	0.53114	11.13213	1.04349	1	0.74489	0.55633	11.64562	1.04349	1	-0.00411	-0.00883	0.66925	0.00230	1	0.06291	-0.01357	0.67009	0.00402	1	1.45898	0.81042	0	
1256538	8474.90332	3305548628760	0.47942	0.24715	8474.77637	0.08691	11498	0	0.51001	0.16834	1	0.47125	0.32909	1	0.49063	0.24871	1	0.48256	0.53100	11.16613	1.04349	1	0.74469	0.55646	12.13239	1.05115	1	-0.00411	-0.00883	0.66925	0.00233	1	0.06291	-0.01357	0.67009	0.00399	1	1.45898	0.81042	0	
1256539	8474.91016	3305548695699	0.47991	0.24533	8474.88965	0.02051	11499	1	0.48479	0.18120	1	0.47801	0.29850	1	0.48140	0.23985	1	0.48264	0.53116	11.58468	1.05115	1	0.74483	0.55612	11.79062	1.05881	1	-0.00411	-0.00883	0.66925	0.00225	1	0.06291	-0.01357	0.67009	0.00403	1	1.45898	0.81042	0	
1256540	8474.91699	3305548762472	0.48014	0.24285	8474.88965	0.02734	11499	1	0.48375	0.17389	1	0.47831	0.29197	1	0.48103	0.23293	1	0.48289	0.53113	11.17131	1.05881	1	0.74456	0.55664	11.96503	1.06647	1	-0.00406	-0.00894	0.67712	0.00225	1	0.06291	-0.01357	0.67009	0.00444	1	1.45898	0.81042	0	
1256541	8474.92383	3305548829260	0.48038	0.24215	8474.88965	0.03418	11499	1	0.50104	0.14629	1	0.46212	0.33108	1	0.48158	0.23868	1	0.48300	0.53098	11.36446	1.06647	1	0.74490	0.55643	11.85182	1.06647	1	-0.00406	-0.00894	0.67712	0.00227	1	0.06291	-0.01357	0.67009	0.00425	1	1.45898	0.81042	0	
1256542	8474.92969	3305548895325	0.48103	0.24199	8474.88965	0.04004	11499	1	0.49792	0.14652	1	0.47204	0.33557	1	0.48498	0.24104	1	0.48295	0.53107	10.97612	1.06647	1	0.74506	0.55660	11.67240	1.06647	1	-0.00406	-0.00894	0.67712	0.00226	1	0.06291	-0.01357	0.67009	0.00408	1	1.45898	0.81042	0	
1256543	8474.93652	3305548963154	0.48153	0.24188	8474.88965	0.04688	11499	1	0.49792	0.14652	1	0.47204	0.33557	1	0.48498	0.24104	1	0.48303	0.53093	10.88630	1.06647	1	0.74566	0.55625	11.88803	1.06647	1	-0.00399	-0.00901	0.68243	0.00229	1	0.06291	-0.01357	0.67009	0.00409	1	1.45898	0.81042	0	
1256544	8474.94336	3305549030386	0.48474	0.24079	8474.88965	0.05371	11499	1	0.51651	0.14292	1	0.50441	0.32133	1	0.51046	0.23213	1	0.48317	0.53103	10.77547	1.06647	1	0.74561	0.55623	11.76843	1.06647	1	-0.00399	-0.00901	0.68243	0.00239	1	0.06291	-0.01357	0.67009	0.00404	1	1.45898	0.81042	0	
1256545	8474.95020	3305549097529	0.48407	0.23856	8474.88965	0.06055	11499	1	0.48093	0.13534	1	0.47519	0.30168	1	0.47806	0.21851	1	0.48305	0.53084	10.89827	1.06647	1	0.74554	0.55617	11.83451	1.06647	1	-0.00399	-0.00901	0.68243	0.00227	1	0.06291	-0.01357	0.67009	0.00404	1	1.45898	0.81042	0	
1256546	8474.95703	3305549164493	0.48350	0.23730	8474.88965	0.06738	11499	1	0.48093	0.13534	1	0.47465	0.31389	1	0.47779	0.22462	1	0.48343	0.53090	10.76570	1.06647	1	0.74540	0.55610	11.86413	1.05200	1	-0.00399	-0.00901	0.68243	0.00226	1	0.05933	-0.01278	0.63100	0.00403	1	1.45898	0.81042	0	
1256547	8474.96387	3305549231336	0.48380	0.23656	8474.88965	0.07422	11499	1	0.50487	0.15508	1	0.46926	0.30180	1	0.48706	0.22844	1	0.48328	0.53085	11.03847	1.05200	1	0.74545	0.55574	11.80996	1.03753	1	-0.00399	-0.00901	0.68243	0.00230	1	0.05933	-0.01278	0.63100	0.00411	1	1.45898	0.81042	0	
1256548	8474.97070	3305549298617	0.48434	0.23964	8474.88965	0.08105	11499	1	0.50333	0.18280	1	0.47831	0.37039	1	0.49082	0.27659	1	0.48334	0.53111	11.13414	1.03753	1	0.74561	0.55647	12.02323	1.02307	1	-0.00399	-0.00901	0.68243	0.00227	1	0.05933	-0.01278	0.63100	0.00394	1	1.45898	0.81042	0	
1256549	8474.97656	3305549364690	0.48487	0.24278	8474.88965	0.08691	11499	1	0.50512	0.19672	1	0.47831	0.37039	1	0.49172	0.28356	1	0.48339	0.53072	11.37346	1.02307	1	0.74570	0.55703	11.70000	1.02307	1	-0.00399	-0.00901	0.68243	0.00228	1	0.06426	-0.01382	0.68228	0.00381	1	1.45898	0.81042	0	
1256550	8474.98340	3305549432476	0.48567	0.24260	8474.88965	0.09375	11499	1	0.51122	0.14500	1	0.48272	0.33537	1	0.49697	0.24019	1	0.48354	0.53071	11.06176	1.02307	1	0.74568	0.55623	11.37761	1.03753	1	-0.00399	-0.00901	0.68243	0.00224	1	0.06426	-0.01382	0.68228	0.00402	1	1.45898	0.81042	0	
1256551	8474.99023	3305549498954	0.48612	0.24270	8474.88965	0.10059	11499	1	0.48544	0.14978	1	0.50011	0.33848	1	0.49278	0.24413	1	0.48343	0.53065	10.87910	1.03753	1	0.74596	0.55650	11.39997	1.05200	1	-0.00399	-0.00901	0.68243	0.00227	1	0.06426	-0.01382	0.68228	0.00403	1	1.45898	0.81042	0	
1256552	8474.99707	3305549566813	0.48646	0.24152	8474.88965	0.10742	11499	1	0.48221	0.12632	1	0.50153	0.31911	1	0.49187	0.22271	1	0.48386	0.53078	10.85059	1.06109	1	0.74597	0.55645	11.46588	1.07555	1	-0.00402	-0.00933	0.71458	0.00231	1	0.06426	-0.01382	0.68228	0.00419	1	1.45898	0.81042	0	
1256553	8475.00391	3305549633694	0.48659	0.24054	8474.88965	0.11426	11499	1	0.50591	0.11353	1	0.47168	0.33432	1	0.48880	0.22392	1	0.48387	0.53074	10.87284	1.08464	1	0.74590	0.55667	11.25404	1.08464	1	-0.00402	-0.00933	0.71458	0.00225	1	0.06426	-0.01382	0.68228	0.00398	1	1.45898	0.81042	0	
1256554	8475.01074	3305549697882	0.48621	0.23911	8474.88965	0.12109	11499	1	0.48693	0.09935	1	0.47198	0.32706	1	0.47946	0.21320	1	0.48392	0.53072	10.80026	1.09372	1	0.74590	0.55667	11.25404	1.09372	1	-0.00402	-0.00933	0.71458	0.00228	1	0.06426	-0.01382	0.68228	0.00398	1	1.45898	0.81042	0	
1256555	8475.01758	3305549767406	0.48587	0.23781	8474.88965	0.12793	11499	1	0.48693	0.09935	1	0.47198	0.32706	1	0.47946	0.21320	1	0.48400	0.53062	11.00454	1.09372	1	0.74630	0.55583	11.75265	1.09372	1	-0.00380	-0.00894	0.68504	0.00226	1	0.06369	-0.01367	0.67516	0.00415	1	1.45898	0.81042	0	
1256556	8475.02344	3305549834294	0.48565	0.23560	8474.88965	0.13379	11499	1	0.48627	0.09884	1	0.47596	0.28410	1	0.48111	0.19147	1	0.48394	0.53058	10.88890	1.08464	1	0.74631	0.55619	11.72729	1.08464	1	-0.00380	-0.00894	0.68504	0.00225	1	0.06369	-0.01367	0.67516	0.00401	1	1.45898	0.81042	0	
1256557	8475.03027	3305549901249	0.48539	0.23318	8474.88965	0.14062	11499	1	0.48945	0.10283	1	0.47038	0.26169	1	0.47992	0.18226	1	0.48400	0.53055	10.82430	1.07555	1	0.74626	0.55590	11.80239	1.07555	1	-0.00380	-0.00894	0.68504	0.00230	1	0.06369	-0.01367	0.67516	0.00410	1	1.45898	0.81042	0	
1256558	8475.03711	3305549968812	0.48516	0.23148	8474.88965	0.14746	11499	1	0.49063	0.11196	1	0.46984	0.27631	1	0.48023	0.19413	1	0.48416	0.53055	10.97408	1.06647	1	0.74620	0.55575	11.86696	1.05881	1	-0.00382	-0.00892	0.68777	0.00221	1	0.06175	-0.01325	0.65418	0.00409	1	1.45898	0.81042	0	
1256559	8475.04395	3305550035322	0.48516	0.23074	8474.88965	0.15430	11499	1	0.49964	0.11714	1	0.47046	0.30999	1	0.48505	0.21357	1	0.48411	0.53050	11.00900	1.05881	1	0.74629	0.55610	11.65820	1.05115	1	-0.00382	-0.00892	0.68777	0.00233	1	0.06175	-0.01325	0.65418	0.00408	1	1.45898	0.81042	0	
1256560	8475.05078	3305550101723	0.48505	0.23090	8474.88965	0.16113	11499	1	0.50093	0.13859	1	0.46392	0.33093	1	0.48242	0.23476	1	0.48419	0.53062	11.28969	1.05115	1	0.74618	0.55634	11.96915	1.04349	1	-0.00382	-0.00892	0.68777	0.00223	1	0.06175	-0.01325	0.65418	0.00400	1	1.45898	0.81042	0	
1256561	8475.05762	3305550169188	0.48497	0.23119	8474.88965	0.16797	11499	1	0.50188	0.14619	1	0.46392	0.33093	1	0.48290	0.23856	1	0.48421	0.53053	11.34379	1.04349	1	0.74629	0.55663	11.84258	1.04349	1	-0.00380	-0.00884	0.68504	0.00223	1	0.06424	-0.01377	0.68000	0.00395	1	1.45898	0.81042	0	
1256562	8475.06445	3305550236167	0.48513	0.23171	8474.88965	0.17480	11499	1	0.50820	0.15806	1	0.47064	0.33212	1	0.48942	0.24509	1	0.48429	0.53044	11.05781	1.04349	1	0.74635	0.55624	11.97331	1.05115	1	-0.00380	-0.00884	0.68504	0.00227	1	0.06424	-0.01377	0.68000	0.00406	1	1.45898	0.81042	0	
1256563	8475.07031	3305550302370	0.48535	0.23210	8474.88965	0.18066	11499	1	0.50498	0.14427	1	0.47728	0.34108	1	0.49113	0.24267	1	0.48419	0.53031	11.54602	1.05115	1	0.74625	0.55645	11.62467	1.05881	1	-0.00380	-0.00884	0.68504	0.00228	1	0.06424	-0.01377	0.68000	0.00401	1	1.45898	0.81042	0	
1256564	8475.07715	3305550369984	0.48553	0.23222	8474.88965	0.18750	11499	1	0.50406	0.13671	1	0.47758	0.33485	1	0.49082	0.23578	1	0.48434	0.53027	11.39775	1.05881	1	0.74646	0.55659	11.35627	1.06647	1	-0.00382	-0.00892	0.68777	0.00227	1	0.06424	-0.01377	0.68000	0.00400	1	1.45898	0.81042	0	
1256565	8475.08398	3305550437039	0.48544	0.23251	8474.88965	0.19434	11499	1	0.49198	0.13449	1	0.47336	0.34700	1	0.48267	0.24074	1	0.48441	0.53038	11.04288	1.06647	1	0.74630	0.55668	11.65465	1.06647	1	-0.00382	-0.00892	0.68777	0.00230	1	0.06424	-0.01377	0.68000	0.00400	1	1.45898	0.81042	0	
1256566	8475.09082	3305550504126	0.48506	0.23317	8474.88965	0.20117	11499	1	0.47391	0.13054	1	0.47328	0.37537	1	0.47360	0.25295	1	0.48426	0.53033	11.47583	1.06647	1	0.74630	0.55693	11.93953	1.06647	1	-0.00382	-0.00892	0.68777	0.00220	1	0.06424	-0.01377	0.68000	0.00394	1	1.45898	0.81042	0	
1256567	8475.09766	3305550568751	0.48471	0.23401	8474.88965	0.20801	11499	1	0.47506	0.13846	1	0.47300	0.38158	1	0.47403	0.26002	1	0.48442	0.53041	11.18643	1.05845	1	0.74626	0.55699	11.77676	1.05845	1	-0.00364	-0.00857	0.66429	0.00223	1	0.06424	-0.01377	0.68000	0.00395	1	1.45898	0.81042	0	
1256568	8475.10449	3305550638014	0.48483	0.23516	8474.88965	0.21484	11499	1	0.49256	0.15005	1	0.48438	0.39409	1	0.48847	0.27207	1	0.48439	0.53026	11.35005	1.05043	1	0.74649	0.55708	11.60289	1.05043	1	-0.00364	-0.00857	0.66429	0.00229	1	0.06424	-0.01377	0.68000	0.00396	1	1.45898	0.81042	0	
1256569	8475.11133	3305550705225	0.48498	0.23534	8474.88965	0.22168	11499	1	0.49360	0.15793	1	0.48639	0.32462	1	0.48999	0.24128	1	0.48439	0.53026	11.35005	1.04242	1	0.74650	0.55624	11.56034	1.04242	1	-0.00364	-0.00857	0.66429	0.00229	1	0.06424	-0.01377	0.68000	0.00410	1	1.45898	0.81042	0	
1256570	8475.11816	3305550771974	0.48512	0.23551	8474.88965	0.22852	11499	1	0.49360	0.15793	1	0.48639	0.32462	1	0.48999	0.24128	1	0.48443	0.53044	11.25536	1.04242	1	0.74644	0.55675	11.67875	1.04242	1	-0.00380	-0.00884	0.68504	0.00227	1	0.06424	-0.01377	0.68000	0.00393	1	1.45898	0.81042	0	
1256571	8475.12402	3305550839154	0.48530	0.23639	8474.88965	0.23438	11499	1	0.49405	0.15025	1	0.48917	0.38432	1	0.49161	0.26728	1	0.48441	0.53038	11.04288	1.05043	1	0.74663	0.55691	11.21118	1.05043	1	-0.00380	-0.00884	0.68504	0.00229	1	0.06424	-0.01377	0.68000	0.00396	1	1.45898	0.81042	0	
1256572	8475.13086	3305550905955	0.48559	0.23679	8474.88965	0.24121	11499	1	0.49896	0.16954	1	0.49288	0.33288	1	0.49592	0.25121	1	0.48436	0.53049	11.21587	1.05845	1	0.74659	0.55647	11.13506	1.05845	1	-0.00380	-0.00884	0.68504	0.00223	1	0.06424	-0.01377	0.68000	0.00411	1	1.45898	0.81042	0	
1256573	8475.13770	3305550973461	0.48585	0.23698	8474.88965	0.24805	11499	1	0.49796	0.16187	1	0.49331	0.32629	1	0.49563	0.24408	1	0.48426	0.53058	11.16611	1.06647	1	0.74636	0.55662	11.71587	1.06647	1	-0.00382	-0.00892	0.68777	0.00230	1	0.06424	-0.01377	0.68000	0.00401	1	1.45898	0.81042	0	
1256574	8475.14453	3305551040170	0.48581	0.23721	8474.88965	0.25488	11499	1	0.48782	0.14725	1	0.48038	0.34407	1	0.48410	0.24566	1	0.48425	0.53052	11.18871	1.06647	1	0.74642	0.55650	11.52558	1.06647	1	-0.00382	-0.00892	0.68777	0.00229	1	0.06424	-0.01377	0.68000	0.00403	1	1.45898	0.81042	0	
1256575	8475.15137	3305551106110	0.48596	0.23700	8474.88965	0.26172	11499	1	0.50639	0.11627	1	0.47729	0.34132	1	0.49184	0.22879	1	0.48427	0.53060	11.23143	1.06647	1	0.74637	0.55664	11.85238	1.06647	1	-0.00382	-0.00892	0.68777	0.00229	1	0.06424	-0.01377	0.68000	0.00398	1	1.45898	0.81042	0	
1256576	8475.15820	3305551174671	0.48610	0.23680	8474.88965	0.26855	11499	1	0.50639	0.11627	1	0.47729	0.34132	1	0.49184	0.22879	1	0.48424	0.53068	11.12765	1.06647	1	0.74637	0.55674	12.06124	1.06647	1	-0.00382	-0.00892	0.68777	0.00228	1	0.06424	-0.01377	0.68000	0.00390	1	1.45898	0.81042	0	
1256577	8475.16504	3305551241710	0.48627	0.23638	8474.88965	0.27539	11499	1	0.50655	0.11688	1	0.47978	0.32167	1	0.49317	0.21928	1	0.48423	0.53061	11.38319	1.06647	1	0.74639	0.55629	11.78406	1.06647	1	-0.00382	-0.00892	0.68777	0.00226	1	0.06424	-0.01377	0.68000	0.00403	1	1.45898	0.81042	0	
1256578	8475.17090	3305551306140	0.48648	0.23583	8474.88965	0.28125	11499	1	0.50841	0.11369	1	0.48204	0.31219	1	0.49523	0.21294	1	0.48430	0.53065	11.21437	1.06647	1	0.74638	0.55624	11.80297	1.06647	1	-0.00382	-0.00892	0.68777	0.00224	1	0.06424	-0.01377	0.68000	0.00401	1	1.45898	0.81042	0	
1256579	8475.17773	3305551374857	0.48638	0.23757	8474.88965	0.28809	11499	1	0.50841	0.11369	0	0.48204	0.31219	1	0.48204	0.31219	1	0.48430	0.53065	11.21437	1.06647	0	0.48415	0.53030	11.39798	1.06647	1	-0.00382	-0.00892	0.68777	0.00224	1	-0.00380	-0.00884	0.68504	0.00232	1	1.45898	0.81042	0	
1256580	8475.18457	3305551441692	0.48409	0.23283	8474.88965	0.29492	11499	1	0.50841	0.11369	0	0.38331	0.02447	1	0.38331	0.02447	1	0.48430	0.53065	11.21437	1.06647	0	0.48414	0.53032	11.48200	1.06647	1	-0.00382	-0.00892	0.68777	0.00224	1	-0.00380	-0.00884	0.68504	0.00237	1	1.45898	0.81042	0	
1256581	8475.19141	3305551505336	0.48211	0.22834	8474.88965	0.30176	11499	1	0.50841	0.11369	0	0.39302	0.02598	1	0.39302	0.02598	1	0.48430	0.53065	11.21437	1.06647	0	0.48419	0.53025	11.50205	1.06647	1	-0.00382	-0.00892	0.68777	0.00224	1	-0.00380	-0.00884	0.68504	0.00233	1	1.45898	0.81042	0	
1256582	8475.19824	3305551572973	0.46589	0.19056	8474.88965	0.30176	11499	0	0.50841	0.11369	0	0.39302	0.02598	1	0.39302	0.02598	1	0.48430	0.53065	11.21437	1.06647	0	0.48410	0.53041	11.17946	1.06647	1	-0.00382	-0.00892	0.68777	0.00224	1	-0.00380	-0.00884	0.68504	0.00232	1	1.45898	0.81042	0	
1256583	8475.20410	3305551638249	0.42179	0.11321	8474.88965	0.30176	11499	0	0.50841	0.11369	0	0.37768	0.03586	1	0.37768	0.03586	1	0.48430	0.53065	11.21437	1.06647	0	0.48403	0.53037	11.18603	1.06647	1	-0.00382	-0.00892	0.68777	0.00224	1	-0.00380	-0.00884	0.68504	0.00228	1	1.45898	0.81042	0	
1256584	8475.21094	3305551709168	0.40902	0.08945	8474.88965	0.30176	11499	0	0.50841	0.11369	0	0.38348	0.04195	1	0.38348	0.04195	1	0.48430	0.53065	11.21437	1.06647	0	0.48408	0.53033	11.39772	1.06647	1	-0.00382	-0.00892	0.68777	0.00224	1	-0.00380	-0.00884	0.68504	0.00235	1	1.45898	0.81042	0	
1256585	8475.21777	3305551776881	0.38155	0.03992	8474.88965	0.30176	11499	0	0.50841	0.11369	0	0.38348	0.04195	1	0.38348	0.04195	1	0.48430	0.53065	11.21437	1.06647	0	0.48415	0.53038	11.43519	1.06647	1	-0.00382	-0.00892	0.68777	0.00224	1	-0.00380	-0.00894	0.68504	0.00236	1	1.45898	0.81042	0	
1256586	8475.22461	3305551841130	0.39281	0.04227	8474.88965	0.30176	11499	0	0.50841	0.11369	0	0.40407	0.04462	1	0.40407	0.04462	1	0.48430	0.53065	11.21437	1.06647	0	0.48414	0.53036	11.48056	1.06647	1	-0.00382	-0.00892	0.68777	0.00224	1	-0.00380	-0.00894	0.68504	0.00236	1	1.45898	0.81042	0	
1256587	8475.23145	3305551909311	0.39497	0.04437	8474.88965	0.30176	11499	0	0.50841	0.11369	0	0.39930	0.04857	1	0.39930	0.04857	1	0.48430	0.53065	11.21437	1.06647	0	0.48396	0.53047	11.41166	1.06647	1	-0.00382	-0.00892	0.68777	0.00224	1	-0.00380	-0.00894	0.68504	0.00227	1	1.45898	0.81042	0	
1256588	8475.23828	3305551973732	0.39606	0.04542	8475.21777	0.02051	11500	1	0.50841	0.11369	0	0.39930	0.04857	1	0.39930	0.04857	1	0.48430	0.53065	11.21437	1.06647	0	0.48390	0.53053	11.25381	1.06647	1	-0.00382	-0.00892	0.68777	0.00224	1	-0.00380	-0.00894	0.68504	0.00234	1	1.45898	0.81042	0	
1256589	8475.24512	3305552042306	0.41901	0.08351	8475.21777	0.02734	11500	1	0.50606	0.10921	1	0.51558	0.36253	1	0.51082	0.23587	1	0.48386	0.53056	11.37188	1.06647	1	0.74623	0.55665	12.20328	1.06647	1	-0.00382	-0.00892	0.68777	0.00229	1	-0.00380	-0.00894	0.68504	0.00426	1	1.45898	0.81042	0	
1256590	8475.25098	3305552107234	0.43343	0.10468	8475.21777	0.03320	11500	1	0.50028	0.10032	1	0.51081	0.32079	1	0.50555	0.21056	1	0.48381	0.53050	11.18054	1.06647	1	0.74611	0.55641	12.07321	1.06647	1	-0.00382	-0.00892	0.68777	0.00229	1	-0.00380	-0.00894	0.68504	0.00445	1	1.45898	0.81042	0	
1256591	8475.25879	3305552179356	0.44441	0.13646	8475.21777	0.04102	11500	1	0.50028	0.10032	0	0.51028	0.32714	1	0.51028	0.32714	1	0.48381	0.53050	11.18054	1.06647	0	0.48377	0.53076	11.19015	1.05881	1	-0.00382	-0.00892	0.68777	0.00229	1	-0.00381	-0.00860	0.65933	0.00230	1	1.45898	0.81042	0	
1256592	8475.26465	3305552246041	0.43590	0.13076	8475.21777	0.04688	11500	1	0.50028	0.10032	0	0.37633	0.09085	1	0.37633	0.09085	1	0.48381	0.53050	11.18054	1.05881	0	0.48364	0.53073	11.23662	1.05115	1	-0.00382	-0.00892	0.68777	0.00229	1	-0.00381	-0.00860	0.65933	0.00229	1	1.45898	0.81042	0	
1256593	8475.27148	3305552312294	0.42975	0.12739	8475.21777	0.05371	11500	1	0.50028	0.10032	0	0.38050	0.10039	1	0.38050	0.10039	1	0.48381	0.53050	11.18054	1.05115	0	0.48375	0.53075	11.21104	1.04349	1	-0.00382	-0.00892	0.68777	0.00229	1	-0.00381	-0.00860	0.65933	0.00231	1	1.45898	0.81042	0	
1256594	8475.27832	3305552380335	0.42482	0.12469	8475.21777	0.06055	11500	1	0.50028	0.10032	0	0.38050	0.10039	1	0.38050	0.10039	1	0.48381	0.53050	11.18054	1.04349	0	0.48368	0.53072	11.26183	1.04349	1	-0.00382	-0.00892	0.68777	0.00229	1	-0.00399	-0.00901	0.68243	0.00233	1	1.45898	0.81042	0	
1256595	8475.28516	3305552446548	0.42247	0.12198	8475.21777	0.06738	11500	1	0.50028	0.10032	0	0.39894	0.09488	1	0.39894	0.09488	1	0.48381	0.53050	11.18054	1.04349	0	0.48361	0.53084	10.88546	1.05115	1	-0.00382	-0.00892	0.68777	0.00229	1	-0.00399	-0.00901	0.68243	0.00234	1	1.45898	0.81042	0	
1256596	8475.29199	3305552513539	0.41993	0.11823	8475.21777	0.07422	11500	1	0.50028	0.10032	0	0.39201	0.07698	1	0.39201	0.07698	1	0.48381	0.53050	11.18054	1.05115	0	0.48347	0.53072	11.32838	1.05881	1	-0.00382	-0.00892	0.68777	0.00229	1	-0.00399	-0.00901	0.68243	0.00233	1	1.45898	0.81042	0	
1256597	8475.29883	3305552578769	0.41776	0.11444	8475.21777	0.08105	11500	1	0.50028	0.10032	0	0.39172	0.06892	1	0.39172	0.06892	1	0.48381	0.53050	11.18054	1.05881	0	0.48337	0.53100	11.61125	1.06647	1	-0.00382	-0.00892	0.68777	0.00229	1	-0.00399	-0.00901	0.68243	0.00230	1	1.45898	0.81042	0	
1256598	8475.30566	3305552647380	0.41462	0.11393	8475.21777	0.08789	11500	1	0.50028	0.10032	0	0.37381	0.10732	1	0.37381	0.10732	1	0.48381	0.53050	11.18054	1.06647	0	0.48325	0.53121	11.48984	1.06647	1	-0.00382	-0.00892	0.68777	0.00229	1	-0.00399	-0.00901	0.68243	0.00228	1	1.45898	0.81042	0	
1256599	8475.31152	3305552714549	0.41225	0.11094	8475.21777	0.09375	11500	1	0.50028	0.10032	0	0.37901	0.06917	1	0.37901	0.06917	1	0.48381	0.53050	11.18054	1.06647	0	0.48332	0.53112	11.30707	1.06647	1	-0.00382	-0.00892	0.68777	0.00229	1	-0.00399	-0.00901	0.68243	0.00226	1	1.45898	0.81042	0	
1256600	8475.31836	3305552780811	0.41017	0.10833	8475.21777	0.10059	11500	1	0.50028	0.10032	0	0.37901	0.06917	1	0.37901	0.06917	1	0.48381	0.53050	11.18054	1.06647	0	0.48324	0.53093	11.57728	1.06647	1	-0.00382	-0.00892	0.68777	0.00229	1	-0.00399	-0.00901	0.68243	0.00227	1	1.45898	0.81042	0	
1256601	8475.32520	3305552845899	0.40949	0.10532	8475.21777	0.10742	11500	1	0.50028	0.10032	0	0.39860	0.05716	1	0.39860	0.05716	1	0.48381	0.53050	11.18054	1.06647	0	0.48315	0.53102	11.66595	1.06647	1	-0.00382	-0.00892	0.68777	0.00229	1	-0.00399	-0.00901	0.68243	0.00230	1	1.45898	0.81042	0	
1256602	8475.33203	3305552911914	0.40855	0.10254	8475.21777	0.11426	11500	1	0.50028	0.10032	0	0.39264	0.05531	1	0.39264	0.05531	1	0.48381	0.53050	11.18054	1.06647	0	0.48316	0.53107	11.14316	1.06647	1	-0.00382	-0.00892	0.68777	0.00229	1	-0.00399	-0.00901	0.68243	0.00234	1	1.45898	0.81042	0	
1256603	8475.33887	3305552982588	0.39079	0.08070	8475.21777	0.11426	11500	0	0.50028	0.10032	1	0.39264	0.05531	1	0.44646	0.07781	1	0.48290	0.53124	11.36609	1.06647	1	0.74532	0.55737	11.98477	1.06647	1	-0.00406	-0.00894	0.67712	0.00234	1	0.06291	-0.01357	0.67009	0.00407	1	1.45898	0.81042	0	
1256604	8475.34473	3305553046787	0.44313	0.17212	8475.21777	0.11426	11500	0	0.49724	0.13188	1	0.49371	0.39521	1	0.49547	0.26355	1	0.48297	0.53124	11.41928	1.06647	1	0.74507	0.55750	11.52035	1.06647	1	-0.00406	-0.00894	0.67712	0.00235	1	0.06291	-0.01357	0.67009	0.00410	1	1.45898	0.81042	0	
1256605	8475.35156	3305553114028	0.46377	0.21049	8475.21777	0.11426	11500	0	0.52685	0.17512	1	0.48326	0.39933	1	0.50505	0.28723	1	0.48292	0.53124	10.85828	1.06647	1	0.74491	0.55767	12.03081	1.06647	1	-0.00406	-0.00894	0.67712	0.00227	1	0.06291	-0.01357	0.67009	0.00398	1	1.45898	0.81042	0	
1256606	8475.35840	3305553179100	0.50180	0.28029	8475.21777	0.11426	11500	0	0.52685	0.17512	1	0.48293	0.40509	1	0.50489	0.29011	1	0.48276	0.53135	11.58486	1.06647	1	0.74468	0.55740	12.48826	1.05881	1	-0.00411	-0.00883	0.66925	0.00222	1	0.06183	-0.01335	0.65917	0.00396	1	1.45898	0.81042	0	
1256607	8475.36523	3305553247213	0.49556	0.27698	8475.21777	0.11426	11500	0	0.50913	0.14617	1	0.46952	0.40116	1	0.48932	0.27367	1	0.48268	0.53135	11.38861	1.05881	1	0.74470	0.55765	12.60564	1.05115	1	-0.00411	-0.00883	0.66925	0.00228	1	0.06183	-0.01335	0.65917	0.00394	1	1.45898	0.81042	0	
1256608	8475.37207	3305553315125	0.49450	0.27489	8475.21777	0.11426	11500	0	0.51605	0.16150	1	0.46868	0.37990	1	0.49237	0.27070	1	0.48278	0.53134	11.59372	1.05115	1	0.74466	0.55739	12.58456	1.04349	1	-0.00411	-0.00883	0.66925	0.00222	1	0.06183	-0.01335	0.65917	0.00393	1	1.45898	0.81042	0	
1256609	8475.37891	3305553384445	0.49404	0.27552	8475.35840	0.02051	11501	1	0.51691	0.16893	1	0.46844	0.38592	1	0.49267	0.27743	1	0.48260	0.53132	11.65689	1.04349	1	0.74473	0.55730	12.29152	1.03583	1	-0.00411	-0.00883	0.66925	0.00229	1	0.06183	-0.01335	0.65917	0.00402	1	1.45898	0.81042	0	
1256610	8475.38574	3305553451526	0.48997	0.27306	8475.35840	0.02734	11501	1	0.48853	0.16735	1	0.45883	0.35903	1	0.47368	0.26319	1	0.48248	0.53133	11.59207	1.03583	1	0.74444	0.55698	12.77798	1.03583	1	-0.00411	-0.00883	0.66925	0.00229	1	0.06183	-0.01335	0.65917	0.00417	1	1.45898	0.81042	0	
1256611	8475.39258	3305553518354	0.48898	0.27190	8475.35840	0.03418	11501	1	0.50014	0.14733	1	0.46795	0.38496	1	0.48405	0.26614	1	0.48252	0.53134	11.52566	1.03583	1	0.74476	0.55724	12.24219	1.03583	1	-0.00411	-0.00883	0.66925	0.00232	1	0.06183	-0.01335	0.65917	0.00403	1	1.45898	0.81042	0	
1256612	8475.39844	3305553584283	0.48829	0.27065	8475.35840	0.04004	11501	1	0.50014	0.14733	1	0.46819	0.37892	1	0.48417	0.26313	1	0.48257	0.53127	11.49618	1.03583	1	0.74481	0.55703	12.12698	1.04349	1	-0.00411	-0.00883	0.66925	0.00229	1	0.06327	-0.01367	0.67501	0.00413	1	1.45898	0.81042	0	
1256613	8475.40527	3305553652018	0.48775	0.27023	8475.35840	0.04688	11501	1	0.50414	0.15194	1	0.46372	0.38263	1	0.48393	0.26729	1	0.48257	0.53131	11.46693	1.04349	1	0.74453	0.55735	12.64131	1.05115	1	-0.00411	-0.00883	0.66925	0.00227	1	0.06327	-0.01367	0.67501	0.00414	1	1.45898	0.81042	0	
1256614	8475.41211	3305553719376	0.48798	0.26619	8475.35840	0.05371	11501	1	0.49983	0.10959	1	0.47979	0.35823	1	0.48981	0.23391	1	0.48260	0.53136	11.53054	1.05115	1	0.74481	0.55707	12.15728	1.05881	1	-0.00411	-0.00883	0.66925	0.00229	1	0.06327	-0.01367	0.67501	0.00411	1	1.45898	0.81042	0	
1256615	8475.41895	3305553786711	0.48811	0.26257	8475.35840	0.06055	11501	1	0.49888	0.10177	1	0.47979	0.35823	1	0.48933	0.23000	1	0.48238	0.53128	11.67120	1.05881	1	0.74483	0.55730	12.10162	1.05881	1	-0.00411	-0.00883	0.66925	0.00232	1	0.06187	-0.01338	0.66060	0.00414	1	1.45898	0.81042	0	
1256616	8475.42578	3305553852311	0.48744	0.26148	8475.35840	0.06738	11501	1	0.50027	0.12778	1	0.46118	0.37337	1	0.48073	0.25058	1	0.48255	0.53135	11.45099	1.05881	1	0.74449	0.55728	12.16295	1.05115	1	-0.00411	-0.00883	0.66925	0.00237	1	0.06187	-0.01338	0.66060	0.00412	1	1.45898	0.81042	0	
1256617	8475.43262	3305553920463	0.48746	0.25987	8475.35840	0.07422	11501	1	0.50250	0.11459	1	0.47278	0.36956	1	0.48764	0.24208	1	0.48255	0.53137	11.37737	1.05115	1	0.74476	0.55723	11.97564	1.04349	1	-0.00411	-0.00883	0.66925	0.00238	1	0.06187	-0.01338	0.66060	0.00413	1	1.45898	0.81042	0	
1256618	8475.43945	3305553985215	0.48751	0.25880	8475.35840	0.08105	11501	1	0.50344	0.12237	1	0.47278	0.36956	1	0.48811	0.24597	1	0.48244	0.53134	11.37937	1.04349	1	0.74468	0.55747	12.25887	1.04349	1	-0.00411	-0.00883	0.66925	0.00233	1	0.06338	-0.01372	0.67731	0.00404	1	1.45898	0.81042	0	
1256619	8475.44629	3305554053712	0.48858	0.25988	8475.35840	0.08789	11501	1	0.49304	0.12338	1	0.51184	0.42453	1	0.50244	0.27396	1	0.48240	0.53132	11.62344	1.04349	1	0.74466	0.55756	12.32803	1.05115	1	-0.00411	-0.00883	0.66925	0.00232	1	0.06338	-0.01372	0.67731	0.00400	1	1.45898	0.81042	0	
1256620	8475.45215	3305554120317	0.48875	0.25945	8475.35840	0.09375	11501	1	0.48543	0.12205	1	0.49689	0.38467	1	0.49116	0.25336	1	0.48235	0.53140	11.32451	1.05115	1	0.74478	0.55737	12.07795	1.05881	1	-0.00411	-0.00883	0.66925	0.00231	1	0.06338	-0.01372	0.67731	0.00408	1	1.45898	0.81042	0	
1256621	8475.45898	3305554188642	0.48888	0.25864	8475.35840	0.10059	11501	1	0.48440	0.11431	1	0.49733	0.37875	1	0.49086	0.24653	1	0.48237	0.53134	11.55654	1.05881	1	0.74465	0.55730	12.09238	1.06647	1	-0.00411	-0.00883	0.66925	0.00236	1	0.06338	-0.01372	0.67731	0.00411	1	1.45898	0.81042	0	
1256622	8475.46582	3305554255171	0.48961	0.25715	8475.35840	0.10742	11501	1	0.50498	0.07818	1	0.49773	0.38844	1	0.50135	0.23331	1	0.48234	0.53128	11.80150	1.06647	1	0.74476	0.55741	12.21726	1.06647	1	-0.00411	-0.00883	0.66925	0.00239	1	0.06338	-0.01372	0.67731	0.00414	1	1.45898	0.81042	0	
1256623	8475.47266	3305554322789	0.49071	0.25614	8475.35840	0.11426	11501	1	0.52511	0.10830	1	0.49369	0.36960	1	0.50940	0.23895	1	0.48252	0.53148	11.77204	1.06647	1	0.74471	0.55738	12.42704	1.06647	1	-0.00411	-0.00883	0.66925	0.00241	1	0.06338	-0.01372	0.67731	0.00412	1	1.45898	0.81042	0	
1256624	8475.47949	3305554389144	0.49170	0.25523	8475.35840	0.12109	11501	1	0.52511	0.10830	1	0.49369	0.36960	1	0.50940	0.23895	1	0.48247	0.53139	11.54675	1.06647	1	0.74465	0.55730	12.09238	1.06647	1	-0.00411	-0.00883	0.66925	0.00241	1	0.06338	-0.01372	0.67731	0.00411	1	1.45898	0.81042	0	
1256625	8475.48633	3305554455702	0.49253	0.25395	8475.35840	0.12793	11501	1	0.50231	0.08544	1	0.51444	0.37359	1	0.50838	0.22951	1	0.48225	0.53127	11.78363	1.06647	1	0.74463	0.55735	12.11787	1.06647	1	-0.00411	-0.00883	0.66925	0.00240	1	0.06338	-0.01372	0.67731	0.00407	1	1.45898	0.81042	0	
1256626	8475.49316	3305554523130	0.49282	0.25333	8475.35840	0.13477	11501	1	0.49155	0.08888	1	0.50571	0.39295	1	0.49863	0.24092	1	0.48245	0.53123	11.93756	1.06647	1	0.74451	0.55759	12.75256	1.06647	1	-0.00411	-0.00883	0.66925	0.00235	1	0.06338	-0.01372	0.67731	0.00401	1	1.45898	0.81042	0	
1256627	8475.49902	3305554588774	0.49310	0.25261	8475.35840	0.14062	11501	1	0.49155	0.08888	1	0.50627	0.38635	1	0.49891	0.23762	1	0.48247	0.53147	11.31919	1.06647	1	0.74442	0.55749	12.54591	1.07515	1	-0.00411	-0.00883	0.66925	0.00245	1	0.06564	-0.01419	0.70083	0.00403	1	1.45898	0.81042	0	
1256628	8475.50586	3305554657009	0.49360	0.25176	8475.35840	0.14746	11501	1	0.51398	0.09376	1	0.49522	0.37228	1	0.50460	0.23302	1	0.48248	0.53139	11.34908	1.07515	1	0.74424	0.55757	12.61969	1.08383	1	-0.00411	-0.00883	0.66925	0.00245	1	0.06564	-0.01419	0.70083	0.00408	1	1.45898	0.81042	0	
1256629	8475.51270	3305554723673	0.49432	0.25090	8475.35840	0.15430	11501	1	0.51707	0.08940	1	0.50480	0.37277	1	0.51093	0.23109	1	0.48246	0.53148	11.29170	1.08383	1	0.74444	0.55758	12.55205	1.09251	1	-0.00411	-0.00883	0.66925	0.00245	1	0.06564	-0.01419	0.70083	0.00402	1	1.45898	0.81042	0	
1256630	8475.51953	3305554790986	0.49497	0.24993	8475.35840	0.16113	11501	1	0.51613	0.08066	1	0.50480	0.37277	1	0.51047	0.22672	1	0.48247	0.53147	11.31919	1.09251	1	0.74414	0.55760	13.05892	1.09251	1	-0.00411	-0.00893	0.66925	0.00245	1	0.06338	-0.01372	0.67731	0.00404	1	1.45898	0.81042	0	
1256631	8475.52539	3305554853807	0.49545	0.24893	8475.35840	0.16699	11501	1	0.51508	0.07217	1	0.50025	0.37575	1	0.50766	0.22396	1	0.48247	0.53145	11.29226	1.09251	1	0.74442	0.55760	12.60847	1.08383	1	-0.00411	-0.00893	0.66925	0.00248	1	0.06338	-0.01372	0.67731	0.00403	1	1.45898	0.81042	0	
1256632	8475.53223	3305554920875	0.49554	0.24831	8475.35840	0.17383	11501	1	0.50982	0.07939	1	0.48556	0.38465	1	0.49769	0.23202	1	0.48244	0.53142	11.36545	1.08383	1	0.74416	0.55766	13.34688	1.07515	1	-0.00411	-0.00893	0.66925	0.00246	1	0.06338	-0.01372	0.67731	0.00401	1	1.45898	0.81042	0	
1256633	8475.54004	3305554992017	0.49563	0.24800	8475.35840	0.18164	11501	1	0.51080	0.08822	1	0.48517	0.39126	1	0.49798	0.23974	1	0.48240	0.53145	11.43473	1.07515	1	0.74427	0.55764	13.05012	1.06647	1	-0.00411	-0.00888	0.66925	0.00248	1	0.06338	-0.01377	0.67731	0.00402	1	1.45898	0.81042	0	
1256634	8475.54590	3305555058651	0.49604	0.24801	8475.35840	0.18750	11501	1	0.50912	0.11015	1	0.50648	0.38661	1	0.50780	0.24838	1	0.48233	0.53156	11.26244	1.06647	1	0.74450	0.55757	12.72739	1.06647	1	-0.00411	-0.00888	0.66925	0.00245	1	0.06338	-0.01377	0.67731	0.00401	1	1.45898	0.81042	0	
1256635	8475.55273	3305555126353	0.49648	0.24790	8475.35840	0.19434	11501	1	0.51929	0.11600	1	0.49911	0.37345	1	0.50920	0.24473	1	0.48250	0.53149	11.56128	1.06647	1	0.74442	0.55746	12.55361	1.06647	1	-0.00411	-0.00888	0.66925	0.00247	1	0.06338	-0.01377	0.67731	0.00405	1	1.45898	0.81042	0	
1256636	8475.55957	3305555192884	0.49689	0.24780	8475.35840	0.20117	11501	1	0.51929	0.11600	1	0.49911	0.37345	1	0.50920	0.24473	1	0.48279	0.53358	11.83741	1.06647	1	0.74468	0.55687	11.94724	1.06647	1	-0.00411	-0.00883	0.66925	0.00420	1	0.06338	-0.01372	0.67731	0.00431	1	1.45898	0.81042	0	
1256637	8475.56641	3305555259957	0.49694	0.25041	8475.35840	0.20801	11501	1	0.51165	0.28101	1	0.48528	0.38171	1	0.49846	0.33136	1	0.48264	0.53361	11.62183	1.06647	1	0.74455	0.55750	12.49447	1.06647	1	-0.00411	-0.00883	0.66925	0.00404	1	0.06338	-0.01372	0.67731	0.00406	1	1.45898	0.81042	0	
1256638	8475.57324	3305555326476	0.49662	0.24942	8475.35840	0.21484	11501	1	0.49705	0.10553	1	0.47577	0.32963	1	0.48641	0.21758	1	0.48245	0.53146	11.68200	1.06647	1	0.74439	0.55698	12.84288	1.06647	1	-0.00411	-0.00883	0.66925	0.00239	1	0.06338	-0.01372	0.67731	0.00430	1	1.45898	0.81042	0	
1256639	8475.58008	3305555393558	0.49632	0.24848	8475.35840	0.22168	11501	1	0.49705	0.10553	1	0.47577	0.32963	1	0.48641	0.21758	1	0.48253	0.53133	11.47186	1.06647	1	0.74446	0.55721	12.60754	1.06647	1	-0.00411	-0.00883	0.66925	0.00244	1	0.06338	-0.01372	0.67731	0.00412	1	1.45898	0.81042	0	
1256640	8475.58691	3305555460929	0.49633	0.25178	8475.35840	0.22852	11501	1	0.51187	0.37094	1	0.48149	0.35723	1	0.49668	0.36408	1	0.48264	0.53388	12.09364	1.06647	1	0.74451	0.55727	12.67291	1.06647	1	-0.00411	-0.00883	0.66925	0.00369	1	0.06338	-0.01372	0.67731	0.00411	1	1.45898	0.81042	0	
1256641	8475.59277	3305555522975	0.49601	0.25171	8475.35840	0.23438	11501	1	0.49886	0.14262	1	0.47050	0.35578	1	0.48468	0.24920	1	0.48255	0.53133	11.37230	1.06647	1	0.74467	0.55723	12.11090	1.06647	1	-0.00411	-0.00883	0.66925	0.00245	1	0.06338	-0.01372	0.67731	0.00410	1	1.45898	0.81042	0	
1256642	8475.59961	3305555591892	0.49571	0.25155	8475.35840	0.24121	11501	1	0.49886	0.14262	1	0.47078	0.34889	1	0.48482	0.24576	1	0.48257	0.53125	11.52792	1.06647	1	0.74479	0.55686	12.14137	1.07515	1	-0.00411	-0.00883	0.66925	0.00242	1	0.06564	-0.01419	0.70083	0.00428	1	1.45898	0.81042	0	
1256643	8475.60645	3305555659788	0.49560	0.25322	8475.35840	0.24805	11501	1	0.51200	0.32743	1	0.47098	0.30264	1	0.49149	0.31504	1	0.48269	0.53358	12.00544	1.07515	1	0.74470	0.55681	12.27005	1.08383	1	-0.00411	-0.00883	0.66925	0.00364	1	0.06564	-0.01419	0.70083	0.00429	1	1.45898	0.81042	0	
1256644	8475.61328	3305555725455	0.49577	0.25488	8475.35840	0.25488	11501	1	0.52890	0.31459	1	0.47578	0.32148	1	0.50234	0.31804	1	0.48285	0.53348	11.98610	1.08383	1	0.74479	0.55666	12.14476	1.09251	1	-0.00411	-0.00883	0.66925	0.00366	1	0.06564	-0.01419	0.70083	0.00435	1	1.45898	0.81042	0	
1256645	8475.61914	3305555788897	0.49592	0.25638	8475.35840	0.26074	11501	1	0.52805	0.30766	1	0.47578	0.32148	1	0.50192	0.31457	1	0.48263	0.53115	11.75842	1.09251	1	0.74502	0.55647	12.15237	1.09251	1	-0.00411	-0.00883	0.66925	0.00239	1	0.06327	-0.01367	0.67501	0.00443	1	1.45898	0.81042	0	
1256646	8475.62695	3305555860209	0.49587	0.25566	8475.35840	0.26855	11501	1	0.51490	0.10433	1	0.47264	0.34991	1	0.49377	0.22712	1	0.48274	0.53123	11.62462	1.09251	1	0.74478	0.55676	12.29193	1.08383	1	-0.00411	-0.00883	0.66925	0.00235	1	0.06327	-0.01367	0.67501	0.00427	1	1.45898	0.81042	0	
1256647	8475.63281	3305555927430	0.49626	0.25727	8475.35840	0.27441	11501	1	0.53478	0.31042	1	0.48986	0.33587	1	0.51232	0.32315	1	0.48299	0.53322	11.62629	1.08383	1	0.74498	0.55659	11.94157	1.07515	1	-0.00411	-0.00883	0.66925	0.00357	1	0.06327	-0.01367	0.67501	0.00416	1	1.45898	0.81042	0	
1256648	8475.63965	3305555995682	0.49597	0.28806	8475.35840	0.27441	11501	0	0.53560	0.31738	1	0.48905	0.34905	1	0.51232	0.33321	1	0.48293	0.53125	11.60497	1.07515	1	0.74477	0.55671	11.97516	1.05881	1	-0.00411	-0.00883	0.66925	0.00249	1	0.06183	-0.01335	0.65917	0.00415	1	1.45898	0.81042	0	
1256649	8475.64648	3305556057016	0.49428	0.28235	8475.35840	0.27441	11501	0	0.50536	0.17951	1	0.47981	0.37377	1	0.49258	0.27664	1	0.48295	0.53117	11.84003	1.05881	1	0.74484	0.55676	12.23317	1.05115	1	-0.00411	-0.00883	0.66925	0.00243	1	0.06183	-0.01335	0.65917	0.00407	1	1.45898	0.81042	0	
1256650	8475.65332	3305556127265	0.49202	0.28427	8475.35840	0.27441	11501	0	0.50018	0.17840	1	0.47481	0.39786	1	0.48750	0.28813	1	0.48293	0.53125	11.60497	1.05115	1	0.74476	0.55691	12.22702	1.04349	1	-0.00411	-0.00883	0.66925	0.00249	1	0.06183	-0.01335	0.65917	0.00415	1	1.45898	0.81042	0	
1256651	8475.66016	3305556197733	0.49087	0.28493	8475.63965	0.02051	11502	1	0.50000	0.17704	1	0.47486	0.39676	1	0.48743	0.28690	1	0.48291	0.53108	12.01285	1.05258	1	0.74475	0.55684	12.22401	1.04492	1	-0.00430	-0.00935	0.70819	0.00245	1	0.06183	-0.01335	0.65917	0.00421	1	1.45898	0.81042	0	
1256652	8475.66699	3305556264208	0.49009	0.29935	8475.63965	0.02734	11502	1	0.49796	0.34093	1	0.47602	0.37312	1	0.48699	0.35702	1	0.48277	0.53310	11.34129	1.05400	1	0.74476	0.55679	12.25945	1.05400	1	-0.00430	-0.00935	0.70819	0.00377	1	0.06183	-0.01335	0.65917	0.00414	1	1.45898	0.81042	0	
1256653	8475.67383	3305556331673	0.48937	0.29116	8475.63965	0.03418	11502	1	0.49985	0.15092	1	0.47160	0.34949	1	0.48572	0.25021	1	0.48304	0.53085	11.95937	1.06309	1	0.74471	0.55659	12.26108	1.06309	1	-0.00430	-0.00935	0.70819	0.00239	1	0.06183	-0.01335	0.65917	0.00427	1	1.45898	0.81042	0	
1256654	8475.68066	3305556398507	0.48886	0.28487	8475.63965	0.04102	11502	1	0.49985	0.15092	1	0.47186	0.34335	1	0.48585	0.24714	1	0.48300	0.53080	11.83285	1.06309	1	0.74470	0.55627	11.96792	1.07075	1	-0.00411	-0.00899	0.68512	0.00238	1	0.06291	-0.01357	0.67009	0.00438	1	1.45898	0.81042	0	
1256655	8475.68750	3305556465481	0.48999	0.27583	8475.63965	0.04785	11502	1	0.50592	0.14710	1	0.48980	0.27801	1	0.49786	0.21255	1	0.48311	0.53087	12.14654	1.06166	1	0.74503	0.55596	12.78148	1.06932	1	-0.00411	-0.00899	0.68512	0.00234	1	0.06291	-0.01357	0.67009	0.00422	1	1.45898	0.81042	0	
1256656	8475.69336	3305556532491	0.49312	0.28285	8475.63965	0.05371	11502	1	0.54735	0.32084	1	0.48891	0.35710	1	0.51813	0.33897	1	0.48358	0.53295	11.78060	1.06024	1	0.74498	0.55672	13.05797	1.06789	1	-0.00411	-0.00899	0.68512	0.00396	1	0.06291	-0.01357	0.67009	0.00416	1	1.45898	0.81042	0	
1256657	8475.70020	3305556599892	0.49562	0.28857	8475.63965	0.06055	11502	1	0.54747	0.32199	1	0.48884	0.35823	1	0.51815	0.34011	1	0.48305	0.53081	12.13246	1.05881	1	0.74484	0.55699	13.09688	1.06647	1	-0.00392	-0.00879	0.66996	0.00241	1	0.06291	-0.01357	0.67009	0.00386	1	1.45898	0.81042	0	
1256658	8475.70703	3305556666601	0.49480	0.28391	8475.63965	0.06738	11502	1	0.48829	0.12694	1	0.48502	0.34773	1	0.48665	0.23733	1	0.48307	0.53077	12.02611	1.06647	1	0.74497	0.55653	12.48553	1.06647	1	-0.00392	-0.00879	0.66996	0.00240	1	0.06291	-0.01357	0.67009	0.00426	1	1.45898	0.81042	0	
1256659	8475.71387	3305556733581	0.49514	0.29041	8475.63965	0.07422	11502	1	0.51618	0.34040	1	0.48158	0.38335	1	0.49888	0.36188	1	0.48340	0.53314	11.89132	1.06647	1	0.74489	0.55705	13.16933	1.06647	1	-0.00392	-0.00879	0.66996	0.00400	1	0.06291	-0.01357	0.67009	0.00405	1	1.45898	0.81042	0	
1256660	8475.72070	3305556800385	0.49543	0.29591	8475.63965	0.08105	11502	1	0.51618	0.34040	1	0.48158	0.38335	1	0.49888	0.36188	1	0.48343	0.53281	11.84859	1.06647	1	0.74507	0.55674	12.97387	1.06647	1	-0.00399	-0.00891	0.68243	0.00396	1	0.06291	-0.01357	0.67009	0.00386	1	1.45898	0.81042	0	
1256661	8475.72754	3305556868079	0.49554	0.29696	8475.63965	0.08789	11502	1	0.49760	0.29010	1	0.49646	0.33126	1	0.49703	0.31068	1	0.48319	0.53277	11.35922	1.06647	1	0.74514	0.55639	12.52786	1.06647	1	-0.00399	-0.00891	0.68243	0.00413	1	0.06291	-0.01357	0.67009	0.00422	1	1.45898	0.81042	0	
1256662	8475.73438	3305556934168	0.49590	0.29913	8475.63965	0.09473	11502	1	0.49760	0.29010	0	0.50086	0.32948	1	0.50086	0.32948	1	0.48319	0.53277	11.35922	1.06647	0	0.74516	0.55658	12.82884	1.06647	1	-0.00399	-0.00891	0.68243	0.00413	1	0.06291	-0.01357	0.67009	0.00384	1	1.45898	0.81042	0	
1256663	8475.74023	3305557001519	0.49590	0.29913	8475.63965	0.10059	11502	1	0.49760	0.29010	0	0.50086	0.32948	0	0.50086	0.32948	0	0.48319	0.53277	11.35922	1.06647	0	0.74516	0.55658	12.82884	1.06647	0	-0.00399	-0.00891	0.68243	0.00413	1	0.06291	-0.01357	0.67009	0.00384	1	1.45898	0.81042	0	
1256664	8475.74707	3305557068752	0.49590	0.29913	8475.63965	0.10742	11502	1	0.49760	0.29010	0	0.50086	0.32948	0	0.50086	0.32948	0	0.48319	0.53277	11.35922	1.06647	0	0.74516	0.55658	12.82884	1.06647	0	-0.00399	-0.00891	0.68243	0.00413	1	0.06291	-0.01357	0.67009	0.00384	1	1.45898	0.81042	0	
1256665	8475.75391	3305557136269	0.49590	0.29913	8475.63965	0.11426	11502	1	0.49760	0.29010	0	0.50086	0.32948	0	0.50086	0.32948	0	0.48319	0.53277	11.35922	1.06647	0	0.74516	0.55658	12.82884	1.06647	0	-0.00399	-0.00891	0.68243	0.00413	1	0.06291	-0.01357	0.67009	0.00384	1	1.45898	0.81042	0	
1256666	8475.76074	3305557202283	0.49687	0.30285	8475.63965	0.11426	11502	0	0.49760	0.29010	0	0.50086	0.32948	0	0.50086	0.32948	0	0.48319	0.53277	11.35922	1.06647	0	0.74516	0.55658	12.82884	1.06647	0	-0.00399	-0.00891	0.68243	0.00413	1	0.06291	-0.01357	0.67009	0.00384	1	1.45898	0.81042	0	
1256667	8475.76758	3305557267828	0.49687	0.30285	8475.63965	0.11426	11502	0	0.49760	0.29010	0	0.50086	0.32948	0	0.50086	0.32948	0	0.48319	0.53277	11.35922	1.06647	0	0.74516	0.55658	12.82884	1.06647	0	-0.00399	-0.00891	0.68243	0.00413	1	0.06291	-0.01357	0.67009	0.00384	1	1.45898	0.81042	0	
1256668	8475.77441	3305557335879	0.49687	0.30285	8475.63965	0.11426	11502	0	0.49760	0.29010	0	0.50086	0.32948	0	0.50086	0.32948	0	0.48319	0.53277	11.35922	1.06647	0	0.74516	0.55658	12.82884	1.06647	0	-0.00399	-0.00891	0.68243	0.00413	1	0.06291	-0.01357	0.67009	0.00384	1	1.45898	0.81042	0	
1256669	8475.78125	3305557403689	0.00000	0.00000	8475.63965	0.11426	11502	0	0.49760	0.29010	0	0.50086	0.32948	0	0.50086	0.32948	0	0.48319	0.53277	11.35922	1.06647	0	0.74516	0.55658	12.82884	1.06647	0	-0.00399	-0.00891	0.68243	0.00413	1	0.06291	-0.01357	0.67009	0.00384	1	1.45898	0.81042	0	
1256670	8475.78711	3305557470255	0.23390	0.17346	8475.63965	0.11426	11502	0	0.49760	0.29010	0	0.46780	0.34691	1	0.46780	0.34691	1	0.48319	0.53277	11.35922	1.06647	0	0.74544	0.55645	12.24145	1.06647	1	-0.00399	-0.00891	0.68243	0.00413	1	0.06291	-0.01357	0.67009	0.00403	1	1.45898	0.81042	0	
1256671	8475.79395	3305557537628	0.23390	0.17346	8475.63965	0.11426	11502	0	0.49760	0.29010	0	0.46780	0.34691	0	0.46780	0.34691	0	0.48319	0.53277	11.35922	1.06647	0	0.74544	0.55645	12.24145	1.06647	0	-0.00399	-0.00891	0.68243	0.00413	1	0.06291	-0.01357	0.67009	0.00403	1	1.45898	0.81042	0	
1256672	8475.80078	3305557604082	0.46780	0.34691	8475.63965	0.11426	11502	0	0.49760	0.29010	0	0.46780	0.34691	0	0.46780	0.34691	0	0.48319	0.53277	11.35922	1.06647	0	0.74544	0.55645	12.24145	1.06647	0	-0.00399	-0.00891	0.68243	0.00413	1	0.06291	-0.01357	0.67009	0.00403	1	1.45898	0.81042	0	
1256673	8475.80762	3305557672973	0.46780	0.34691	8475.63965	0.11426	11502	0	0.49760	0.29010	0	0.46780	0.34691	0	0.46780	0.34691	0	0.48319	0.53277	11.35922	1.06647	0	0.74544	0.55645	12.24145	1.06647	0	-0.00399	-0.00891	0.68243	0.00413	1	0.06291	-0.01357	0.67009	0.00403	1	1.45898	0.81042	0	
1256674	8475.81445	3305557735800	0.46780	0.34691	8475.63965	0.11426	11502	0	0.49760	0.29010	0	0.46780	0.34691	0	0.46780	0.34691	0	0.48319	0.53277	11.35922	1.06647	0	0.74544	0.55645	12.24145	1.06647	0	-0.00399	-0.00891	0.68243	0.00413	1	0.06291	-0.01357	0.67009	0.00403	1	1.45898	0.81042	0	
1256675	8475.82031	3305557801573	0.00000	0.00000	8475.63965	0.11426	11502	0	0.49760	0.29010	0	0.46780	0.34691	0	0.46780	0.34691	0	0.48319	0.53277	11.35922	1.06647	0	0.74544	0.55645	12.24145	1.06647	0	-0.00399	-0.00891	0.68243	0.00413	1	0.06291	-0.01357	0.67009	0.00403	1	1.45898	0.81042	0	
1256676	8475.82715	3305557869561	0.00000	0.00000	8475.63965	0.11426	11502	0	0.49760	0.29010	0	0.46780	0.34691	0	0.46780	0.34691	0	0.48319	0.53277	11.35922	1.06647	0	0.74544	0.55645	12.24145	1.06647	0	-0.00399	-0.00891	0.68243	0.00413	1	0.06291	-0.01357	0.67009	0.00403	1	1.45898	0.81042	0	
1256677	8475.83398	3305557939196	0.00000	0.00000	8475.63965	0.11426	11502	0	0.49760	0.29010	0	0.46780	0.34691	0	0.46780	0.34691	0	0.48319	0.53277	11.35922	1.06647	0	0.74544	0.55645	12.24145	1.06647	0	-0.00399	-0.00891	0.68243	0.00413	1	0.06291	-0.01357	0.67009	0.00403	1	1.45898	0.81042	0	
1256678	8475.84082	3305558006636	0.00000	0.00000	8475.63965	0.11426	11502	0	0.49760	0.29010	0	0.46780	0.34691	0	0.46780	0.34691	0	0.48319	0.53277	11.35922	1.06647	0	0.74544	0.55645	12.24145	1.06647	0	-0.00399	-0.00891	0.68243	0.00413	1	0.06291	-0.01357	0.67009	0.00403	1	1.45898	0.81042	0	
1256679	8475.84766	3305558073055	0.00000	0.00000	8475.63965	0.11426	11502	0	0.49760	0.29010	0	0.46780	0.34691	0	0.46780	0.34691	0	0.48319	0.53277	11.35922	1.06647	0	0.74544	0.55645	12.24145	1.06647	0	-0.00399	-0.00891	0.68243	0.00413	1	0.06291	-0.01357	0.67009	0.00403	1	1.45898	0.81042	0	
1256680	8475.85449	3305558140070	0.24440	0.17340	8475.63965	0.11426	11502	0	0.50089	0.29297	1	0.47670	0.40064	1	0.48879	0.34680	1	0.48364	0.53211	11.45368	1.06647	1	0.74560	0.55666	11.88336	1.06647	1	-0.00399	-0.00891	0.68243	0.00362	1	0.06291	-0.01357	0.67009	0.00415	1	1.45898	0.81042	0	
1256681	8475.86133	3305558206997	0.48879	0.34680	8475.63965	0.11426	11502	0	0.50089	0.29297	1	0.47670	0.40064	1	0.48879	0.34680	1	0.48419	0.53268	12.26762	1.06647	1	0.74592	0.55680	12.72578	1.06647	1	-0.00399	-0.00880	0.68243	0.00359	1	0.06426	-0.01382	0.68228	0.00390	1	1.45898	0.81042	0	
1256682	8475.86816	3305558273774	0.49058	0.29539	8475.63965	0.11426	11502	0	0.49111	0.13165	1	0.49364	0.35632	1	0.49237	0.24399	1	0.48365	0.53033	11.72258	1.06647	1	0.74586	0.55675	12.88825	1.06647	1	-0.00399	-0.00880	0.68243	0.00240	1	0.06426	-0.01382	0.68228	0.00387	1	1.45898	0.81042	0	
1256683	8475.87500	3305558340989	0.49687	0.31337	8475.63965	0.11426	11502	0	0.53127	0.34447	1	0.48759	0.35419	1	0.50943	0.34933	1	0.48408	0.53262	12.28281	1.06647	1	0.74575	0.55661	12.88119	1.06647	1	-0.00399	-0.00880	0.68243	0.00359	1	0.06426	-0.01382	0.68228	0.00391	1	1.45898	0.81042	0	
1256684	8475.88086	3305558407859	0.50001	0.32236	8475.86133	0.01953	11503	1	0.53127	0.34447	1	0.48759	0.35419	1	0.50943	0.34933	1	0.48406	0.53320	12.22877	1.06647	1	0.74581	0.55650	13.04622	1.06647	1	-0.00382	-0.00866	0.67118	0.00378	1	0.06426	-0.01382	0.68228	0.00389	1	1.45898	0.81042	0	
1256685	8475.88770	3305558474120	0.50085	0.32594	8475.86133	0.02637	11503	1	0.51896	0.34771	1	0.48950	0.33277	1	0.50423	0.34024	1	0.48393	0.53305	11.26404	1.06647	1	0.74574	0.55651	13.03938	1.06647	1	-0.00382	-0.00866	0.67118	0.00381	1	0.06426	-0.01382	0.68228	0.00392	1	1.45898	0.81042	0	
1256686	8475.89453	3305558542130	0.50303	0.33056	8475.86133	0.03320	11503	1	0.53203	0.39212	1	0.49575	0.31517	1	0.51389	0.35365	1	0.48408	0.53331	12.28823	1.06647	1	0.74589	0.55622	12.72410	1.06647	1	-0.00382	-0.00866	0.67118	0.00378	1	0.06426	-0.01382	0.68228	0.00399	1	1.45898	0.81042	0	
1256687	8475.90137	3305558609043	0.50455	0.33283	8475.86133	0.04004	11503	1	0.53114	0.38542	1	0.49626	0.30760	1	0.51370	0.34651	1	0.48416	0.53238	11.92703	1.07555	1	0.74593	0.55654	12.85091	1.07555	1	-0.00402	-0.00922	0.71458	0.00364	1	0.06426	-0.01382	0.68228	0.00395	1	1.45898	0.81042	0	
1256688	8475.90820	3305558675916	0.50428	0.33348	8475.86133	0.04688	11503	1	0.53931	0.31687	1	0.46540	0.35912	1	0.50235	0.33799	1	0.48423	0.53273	12.20344	1.08464	1	0.74579	0.55693	13.15557	1.08464	1	-0.00402	-0.00922	0.71458	0.00373	1	0.06426	-0.01382	0.68228	0.00396	1	1.45898	0.81042	0	
1256689	8475.91504	3305558742754	0.50102	0.31917	8475.86133	0.05371	11503	1	0.49990	0.10168	1	0.45001	0.30768	1	0.47496	0.20468	1	0.48401	0.53020	11.87719	1.09372	1	0.74590	0.55657	12.82648	1.09372	1	-0.00402	-0.00922	0.71458	0.00245	1	0.06426	-0.01382	0.68228	0.00394	1	1.45898	0.81042	0	
1256690	8475.92188	3305558809629	0.49841	0.30772	8475.86133	0.06055	11503	1	0.49990	0.10168	1	0.45001	0.30768	1	0.47496	0.20468	1	0.48438	0.53027	12.00979	1.09372	1	0.74618	0.55683	12.25504	1.09372	1	-0.00380	-0.00884	0.68504	0.00249	1	0.06369	-0.01367	0.67516	0.00393	1	1.45898	0.81042	0	
1256691	8475.92773	3305558876061	0.49773	0.30941	8475.86133	0.06641	11503	1	0.51901	0.29812	1	0.46288	0.35457	1	0.49094	0.32634	1	0.48434	0.53241	12.47946	1.08464	1	0.74603	0.55690	13.13410	1.08464	1	-0.00380	-0.00884	0.68504	0.00362	1	0.06369	-0.01367	0.67516	0.00390	1	1.45898	0.81042	0	
1256692	8475.93457	3305558943636	0.49769	0.31250	8475.86133	0.07324	11503	1	0.52158	0.33390	1	0.47292	0.35891	1	0.49725	0.34640	1	0.48436	0.53249	12.75623	1.07555	1	0.74633	0.55670	12.52577	1.07555	1	-0.00380	-0.00884	0.68504	0.00367	1	0.06369	-0.01367	0.67516	0.00388	1	1.45898	0.81042	0	
1256693	8475.94141	3305559009670	0.49767	0.31588	8475.86133	0.08008	11503	1	0.52254	0.34105	1	0.47234	0.37203	1	0.49744	0.35654	1	0.48419	0.53173	11.92469	1.06647	1	0.74641	0.55569	11.98891	1.05881	1	-0.00380	-0.00884	0.68504	0.00391	1	0.06175	-0.01325	0.65418	0.00436	1	1.45898	0.81042	0	
1256694	8475.94824	3305559077829	0.49701	0.31147	8475.86133	0.08691	11503	1	0.51356	0.13427	1	0.46312	0.37407	1	0.48834	0.25417	1	0.48436	0.53028	12.14751	1.05881	1	0.74614	0.55668	12.73798	1.05115	1	-0.00380	-0.00884	0.68504	0.00238	1	0.06175	-0.01325	0.65418	0.00431	1	1.45898	0.81042	0	
1256695	8475.95508	3305559144652	0.49688	0.31486	8475.86133	0.09375	11503	1	0.55597	0.30996	1	0.43432	0.41451	1	0.49514	0.36223	1	0.48484	0.53235	11.72162	1.05115	1	0.74569	0.55717	13.35482	1.04349	1	-0.00380	-0.00884	0.68504	0.00395	1	0.06175	-0.01325	0.65418	0.00407	1	1.45898	0.81042	0	
1256696	8475.96191	3305559210366	0.49679	0.31820	8475.86133	0.10059	11503	1	0.55658	0.31628	1	0.43432	0.42026	1	0.49545	0.36827	1	0.48456	0.53251	11.37107	1.04349	1	0.74587	0.55747	13.36580	1.03583	1	-0.00380	-0.00884	0.68504	0.00376	1	0.06175	-0.01325	0.65418	0.00408	1	1.45898	0.81042	0	
1256697	8475.96875	3305559278739	0.49673	0.31651	8475.86133	0.10742	11503	1	0.52209	0.12049	1	0.46926	0.45852	1	0.49568	0.28951	1	0.48441	0.53044	12.10617	1.03583	1	0.74627	0.55747	13.10517	1.03583	1	-0.00380	-0.00884	0.68504	0.00245	1	0.06175	-0.01325	0.65418	0.00401	1	1.45898	0.81042	0	
1256698	8475.97461	3305559345416	0.49631	0.32071	8475.86133	0.11328	11503	1	0.50937	0.32721	1	0.46917	0.45694	1	0.48927	0.39207	1	0.48409	0.53284	11.79147	1.03583	1	0.74627	0.55747	13.10517	1.03583	1	-0.00380	-0.00884	0.68504	0.00386	1	0.06175	-0.01325	0.65418	0.00401	1	1.45898	0.81042	0	
1256699	8475.98145	3305559413267	0.49490	0.32759	8475.86133	0.12012	11503	1	0.50937	0.32721	0	0.46942	0.45143	1	0.46942	0.45143	1	0.48409	0.53284	11.79147	1.03583	0	0.48441	0.53281	11.13256	1.04349	1	-0.00380	-0.00884	0.68504	0.00386	1	-0.00382	-0.00892	0.68777	0.00387	1	1.45898	0.81042	0	
1256700	8475.98828	3305559478804	0.49020	0.32593	8475.86133	0.12695	11503	1	0.50937	0.32721	0	0.40103	0.29441	1	0.40103	0.29441	1	0.48409	0.53284	11.79147	1.04349	0	0.48449	0.53291	11.62240	1.05115	1	-0.00380	-0.00884	0.68504	0.00386	1	-0.00382	-0.00892	0.68777	0.00378	1	1.45898	0.81042	0	
1256701	8475.99512	3305559547760	0.48508	0.32231	8475.86133	0.13379	11503	1	0.50937	0.32721	0	0.38260	0.24989	1	0.38260	0.24989	1	0.48409	0.53284	11.79147	1.05115	0	0.48418	0.53268	12.03732	1.05881	1	-0.00380	-0.00884	0.68504	0.00386	1	-0.00382	-0.00892	0.68777	0.00382	1	1.45898	0.81042	0	
1256702	8476.00195	3305559613848	0.48041	0.31871	8475.86133	0.14062	11503	1	0.50937	0.32721	0	0.38224	0.24307	1	0.38224	0.24307	1	0.48409	0.53284	11.79147	1.05881	0	0.48470	0.53285	11.24562	1.06647	1	-0.00380	-0.00884	0.68504	0.00386	1	-0.00380	-0.00894	0.68504	0.00375	1	1.45898	0.81042	0	
1256703	8476.00781	3305559676119	0.47682	0.30719	8475.86133	0.14648	11503	1	0.50937	0.32721	0	0.39786	0.05386	1	0.39786	0.05386	1	0.48409	0.53284	11.79147	1.06647	0	0.48435	0.53058	12.22356	1.06647	1	-0.00380	-0.00884	0.68504	0.00386	1	-0.00380	-0.00894	0.68504	0.00236	1	1.45898	0.81042	0	
1256704	8476.01465	3305559744479	0.44732	0.28196	8475.86133	0.14648	11503	0	0.50937	0.32721	0	0.37340	0.06807	1	0.37340	0.06807	1	0.48409	0.53284	11.79147	1.06647	0	0.48445	0.53064	12.02977	1.06647	1	-0.00380	-0.00884	0.68504	0.00386	1	-0.00380	-0.00894	0.68504	0.00247	1	1.45898	0.81042	0	
1256705	8476.02246	3305559815354	0.41036	0.17502	8475.86133	0.14648	11503	0	0.50937	0.32721	0	0.37340	0.06807	1	0.37340	0.06807	1	0.48409	0.53284	11.79147	1.06647	0	0.48463	0.53234	11.47233	1.06647	1	-0.00380	-0.00884	0.68504	0.00386	1	-0.00382	-0.00903	0.68776	0.00397	1	1.45898	0.81042	0	
1256706	8476.02832	3305559880209	0.40085	0.14663	8475.86133	0.14648	11503	0	0.50937	0.32721	0	0.38183	0.08986	1	0.38183	0.08986	1	0.48409	0.53284	11.79147	1.06647	0	0.48451	0.53081	12.49231	1.06647	1	-0.00380	-0.00884	0.68504	0.00386	1	-0.00382	-0.00903	0.68776	0.00251	1	1.45898	0.81042	0	
1256707	8476.03516	3305559949031	0.38643	0.13918	8475.86133	0.14648	11503	0	0.50937	0.32721	0	0.40406	0.25961	1	0.40406	0.25961	1	0.48409	0.53284	11.79147	1.06647	0	0.48498	0.53257	11.83926	1.06647	1	-0.00380	-0.00884	0.68504	0.00386	1	-0.00382	-0.00903	0.68776	0.00413	1	1.45898	0.81042	0	
1256708	8476.04199	3305560013099	0.39513	0.19559	8475.86133	0.14648	11503	0	0.50937	0.32721	0	0.40382	0.25200	1	0.40382	0.25200	1	0.48409	0.53284	11.79147	1.06647	0	0.48485	0.53214	11.54955	1.07515	1	-0.00380	-0.00884	0.68504	0.00386	1	-0.00370	-0.00913	0.69540	0.00408	1	1.45898	0.81042	0	
1256709	8476.04883	3305560081722	0.43139	0.19897	8475.86133	0.14648	11503	0	0.51395	0.12467	1	0.49391	0.28681	1	0.50393	0.20574	1	0.48471	0.53088	12.04099	1.07515	1	0.74663	0.55709	12.76214	1.08383	1	-0.00380	-0.00884	0.68504	0.00244	1	-0.00370	-0.00913	0.69540	0.00411	1	1.45898	0.81042	0	
1256710	8476.05566	3305560149633	0.47071	0.21710	8475.86133	0.14648	11503	0	0.50627	0.11467	1	0.50247	0.27247	1	0.50437	0.19357	1	0.48471	0.53082	11.93155	1.08383	1	0.74674	0.55696	12.75530	1.09251	1	-0.00380	-0.00884	0.68504	0.00243	1	-0.00370	-0.00913	0.69540	0.00411	1	1.45898	0.81042	0	
1256711	8476.06250	3305560216736	0.48716	0.19903	8475.86133	0.14648	11503	0	0.50422	0.09718	1	0.50301	0.26473	1	0.50362	0.18095	1	0.48481	0.53079	12.24189	1.10160	1	0.74680	0.55759	12.87642	1.10160	1	-0.00370	-0.00913	0.69540	0.00240	1	0.06424	-0.01392	0.68000	0.00399	1	1.45898	0.81042	0	
1256712	8476.06836	3305560283626	0.48861	0.22001	8475.86133	0.14648	11503	0	0.50232	0.23220	1	0.48071	0.29173	1	0.49151	0.26196	1	0.48500	0.53241	11.63895	1.11068	1	0.74673	0.55716	12.84371	1.10200	1	-0.00370	-0.00913	0.69540	0.00410	1	0.06424	-0.01392	0.68000	0.00402	1	1.45898	0.81042	0	
1256713	8476.07520	3305560350458	0.49311	0.21175	8476.05566	0.01953	11504	1	0.49309	0.07558	1	0.52008	0.29834	1	0.50659	0.18696	1	0.48487	0.53069	12.44056	1.11109	1	0.74701	0.55740	12.36891	1.10241	1	-0.00370	-0.00913	0.69540	0.00248	1	0.06424	-0.01392	0.68000	0.00401	1	1.45898	0.81042	0	
1256714	8476.08203	3305560417578	0.49584	0.20837	8476.05566	0.02637	11504	1	0.49416	0.08423	1	0.51943	0.30549	1	0.50679	0.19486	1	0.48516	0.53265	11.99252	1.10241	1	0.74671	0.55721	12.84220	1.09372	1	-0.00359	-0.00902	0.68344	0.00402	1	0.06424	-0.01392	0.68000	0.00405	1	1.45898	0.81042	0	
1256715	8476.08887	3305560484654	0.49628	0.22311	8476.05566	0.03320	11504	1	0.51126	0.26002	1	0.48570	0.33356	1	0.49848	0.29679	1	0.48495	0.53265	12.01928	1.08464	1	0.74653	0.55757	13.32036	1.08464	1	-0.00359	-0.00902	0.68344	0.00394	1	0.06424	-0.01392	0.68000	0.00399	1	1.45898	0.81042	0	
1256716	8476.09570	3305560551561	0.49413	0.23406	8476.05566	0.04004	11504	1	0.52240	0.26475	1	0.44007	0.33479	1	0.48123	0.29977	1	0.48516	0.53239	11.78025	1.07555	1	0.74651	0.55745	13.14651	1.07555	1	-0.00359	-0.00902	0.68344	0.00403	1	0.06424	-0.01392	0.68000	0.00404	1	1.45898	0.81042	0	
1256717	8476.10254	3305560617962	0.49258	0.24278	8476.05566	0.04688	11504	1	0.52335	0.27248	1	0.44007	0.33512	1	0.48171	0.30380	1	0.48525	0.53364	13.09479	1.06647	1	0.74661	0.55774	12.96282	1.07515	1	-0.00359	-0.00902	0.68344	0.00371	1	0.06622	-0.01439	0.70035	0.00386	1	1.45898	0.81042	0	
1256718	8476.10938	3305560685372	0.49121	0.25238	8476.05566	0.05371	11504	1	0.51834	0.33091	1	0.44220	0.32752	1	0.48027	0.32921	1	0.48503	0.53318	12.23688	1.07515	1	0.74665	0.55758	12.86273	1.08383	1	-0.00359	-0.00902	0.68344	0.00375	1	0.06622	-0.01439	0.70035	0.00396	1	1.45898	0.81042	0	
1256719	8476.11523	3305560752057	0.48994	0.25245	8476.05566	0.05957	11504	1	0.50300	0.15456	1	0.45408	0.35155	1	0.47854	0.25306	1	0.48494	0.53113	12.10898	1.08383	1	0.74677	0.55781	12.93645	1.09251	1	-0.00359	-0.00902	0.68344	0.00238	1	0.06622	-0.01439	0.70035	0.00403	1	1.45898	0.81042	0	
1256720	8476.12207	3305560818965	0.48886	0.25213	8476.05566	0.06641	11504	1	0.50197	0.14634	1	0.45408	0.35155	1	0.47803	0.24894	1	0.48544	0.53338	12.00860	1.09251	1	0.74691	0.55789	12.23834	1.09251	1	-0.00359	-0.00902	0.68344	0.00372	1	0.06435	-0.01395	0.67891	0.00407	1	1.45898	0.81042	0	
1256721	8476.12891	3305560885672	0.48738	0.26112	8476.05566	0.07324	11504	1	0.48064	0.34313	1	0.46159	0.37701	1	0.47111	0.36007	1	0.48487	0.53309	12.05912	1.09251	1	0.74692	0.55802	12.32037	1.08383	1	-0.00359	-0.00902	0.68344	0.00367	1	0.06435	-0.01395	0.67891	0.00398	1	1.45898	0.81042	0	
1256722	8476.13574	3305560952982	0.48894	0.26844	8476.05566	0.08008	11504	1	0.52425	0.29946	1	0.49110	0.41295	1	0.50767	0.35620	1	0.48552	0.53333	12.14283	1.08383	1	0.74737	0.55847	12.51917	1.07515	1	-0.00359	-0.00902	0.68344	0.00367	1	0.06435	-0.01395	0.67891	0.00411	1	1.45898	0.81042	0	
1256723	8476.14258	3305561020295	0.49031	0.27563	8476.05566	0.08691	11504	1	0.52596	0.31302	1	0.49025	0.42522	1	0.50811	0.36912	1	0.48516	0.53343	11.23854	1.06713	1	0.74757	0.55763	12.67566	1.05845	1	-0.00343	-0.00875	0.66271	0.00370	1	0.06435	-0.01395	0.67891	0.00436	1	1.45898	0.81042	0	
1256724	8476.14941	3305561087278	0.49236	0.28260	8476.05566	0.09375	11504	1	0.54179	0.40464	1	0.50036	0.35565	1	0.52108	0.38015	1	0.48577	0.53373	11.65233	1.05043	1	0.74758	0.55751	12.92975	1.05043	1	-0.00343	-0.00875	0.66271	0.00391	1	0.06435	-0.01395	0.67891	0.00433	1	1.45898	0.81042	0	
1256725	8476.15527	3305561152572	0.49399	0.28380	8476.05566	0.09961	11504	1	0.53315	0.33229	1	0.50358	0.27141	1	0.51837	0.30185	1	0.48569	0.53334	11.77200	1.04242	1	0.74754	0.55703	12.88002	1.04242	1	-0.00343	-0.00875	0.66271	0.00398	1	0.06435	-0.01395	0.67891	0.00440	1	1.45898	0.81042	0	
1256726	8476.16309	3305561221787	0.49523	0.31609	8476.05566	0.09961	11504	0	0.53225	0.32490	1	0.50417	0.26328	1	0.51821	0.29409	1	0.48600	0.53299	12.20820	1.05150	1	0.74760	0.55682	12.76372	1.05150	1	-0.00350	-0.00926	0.69726	0.00410	1	0.06435	-0.01395	0.67891	0.00455	1	1.45898	0.81042	0	
1256727	8476.16895	3305561288530	0.51060	0.29872	8476.05566	0.09961	11504	0	0.54610	0.29327	1	0.50582	0.26943	1	0.52596	0.28135	1	0.48600	0.53345	12.22766	1.06861	1	0.74759	0.55718	12.81458	1.06861	1	-0.00350	-0.00926	0.69726	0.00383	1	0.06435	-0.01395	0.67891	0.00441	1	1.45898	0.81042	0	
1256728	8476.17578	3305561354798	0.51266	0.28774	8476.05566	0.09961	11504	0	0.52237	0.28319	1	0.51120	0.24837	1	0.51679	0.26578	1	0.48604	0.53342	12.29737	1.08571	1	0.74762	0.55703	12.75514	1.08571	1	-0.00350	-0.00926	0.69726	0.00383	1	0.06435	-0.01395	0.67891	0.00451	1	1.45898	0.81042	0	
1256729	8476.18262	3305561422193	0.51373	0.27958	8476.16309	0.01953	11505	1	0.52154	0.27656	1	0.51234	0.23366	1	0.51694	0.25511	1	0.48579	0.53358	12.55661	1.09372	1	0.74745	0.55704	12.65883	1.10241	1	-0.00339	-0.00905	0.68566	0.00383	1	0.06584	-0.01426	0.69413	0.00443	1	1.45898	0.81042	0	
1256730	8476.18945	3305561489213	0.50961	0.28257	8476.16309	0.02637	11505	1	0.50448	0.28357	1	0.48181	0.30552	1	0.49314	0.29454	1	0.48573	0.53323	11.94558	1.09332	1	0.74757	0.55803	13.27016	1.10200	1	-0.00339	-0.00905	0.68566	0.00391	1	0.06584	-0.01426	0.69413	0.00405	1	1.45898	0.81042	0	
1256731	8476.19629	3305561553935	0.50408	0.28203	8476.16309	0.03320	11505	1	0.50349	0.27407	1	0.44940	0.28454	1	0.47644	0.27931	1	0.48573	0.53292	11.89944	1.09291	1	0.74739	0.55773	13.15380	1.10160	1	-0.00339	-0.00905	0.68566	0.00383	1	0.06584	-0.01426	0.69413	0.00431	1	1.45898	0.81042	0	
1256732	8476.20215	3305561620368	0.50014	0.28169	8476.16309	0.03906	11505	1	0.50354	0.27441	1	0.44939	0.28488	1	0.47647	0.27964	1	0.48583	0.53327	11.65946	1.09251	1	0.74807	0.55789	13.36387	1.10119	1	-0.00339	-0.00905	0.68566	0.00394	1	0.06584	-0.01426	0.69413	0.00436	1	1.45898	0.81042	0	
1256733	8476.20898	3305561689165	0.49844	0.28929	8476.16309	0.04590	11505	1	0.51815	0.32549	1	0.45490	0.35953	1	0.48652	0.34251	1	0.48589	0.53348	12.04469	1.10119	1	0.74757	0.55848	13.85865	1.10119	1	-0.00339	-0.00905	0.68566	0.00391	1	0.06584	-0.01426	0.69413	0.00413	1	1.45898	0.81042	0	
1256734	8476.21582	3305561753867	0.49481	0.29435	8476.16309	0.05273	11505	1	0.49005	0.32409	1	0.44157	0.34552	1	0.46581	0.33480	1	0.48582	0.53322	11.49726	1.10119	1	0.74734	0.55842	13.14626	1.10119	1	-0.00339	-0.00905	0.68566	0.00394	1	0.06584	-0.01426	0.69413	0.00416	1	1.45898	0.81042	0	
1256735	8476.22266	3305561824745	0.49196	0.29935	8476.16309	0.05957	11505	1	0.49107	0.33033	1	0.44147	0.35845	1	0.46627	0.34439	1	0.48612	0.53329	11.33178	1.09317	1	0.74813	0.55762	12.66211	1.08449	1	-0.00324	-0.00878	0.66478	0.00383	1	0.06380	-0.01379	0.67107	0.00451	1	1.45898	0.81042	0	
1256736	8476.22949	3305561891176	0.49406	0.29649	8476.16309	0.06641	11505	1	0.52726	0.24941	1	0.50301	0.28635	1	0.51513	0.26788	1	0.48647	0.53280	12.15428	1.07648	1	0.74831	0.55721	12.72220	1.06780	1	-0.00324	-0.00878	0.66478	0.00387	1	0.06380	-0.01379	0.67107	0.00437	1	1.45898	0.81042	0	
1256737	8476.23633	3305561956841	0.49463	0.29908	8476.16309	0.07324	11505	1	0.51454	0.32728	1	0.48721	0.32787	1	0.50087	0.32757	1	0.48621	0.53336	11.78752	1.05978	1	0.74807	0.55760	13.10433	1.05110	1	-0.00324	-0.00878	0.66478	0.00380	1	0.06380	-0.01379	0.67107	0.00428	1	1.45898	0.81042	0	
1256738	8476.24316	3305562025245	0.49513	0.30182	8476.16309	0.08008	11505	1	0.51552	0.33426	1	0.48679	0.33509	1	0.50115	0.33468	1	0.48665	0.53259	12.12168	1.05110	1	0.74780	0.55817	13.64584	1.04242	1	-0.00315	-0.00894	0.67757	0.00391	1	0.06380	-0.01384	0.67107	0.00397	1	1.45898	0.81042	0	
1256739	8476.25000	3305562092513	0.49334	0.29585	8476.16309	0.08691	11505	1	0.49481	0.11522	1	0.44534	0.32138	1	0.47007	0.21830	1	0.48632	0.53149	12.65202	1.05043	1	0.74780	0.55816	13.57685	1.05043	1	-0.00315	-0.00894	0.67757	0.00254	1	0.06380	-0.01384	0.67107	0.00414	1	1.45898	0.81042	0	
1256740	8476.25586	3305562158498	0.49056	0.28708	8476.16309	0.09277	11505	1	0.45242	0.06624	1	0.45073	0.26216	1	0.45157	0.16420	1	0.48644	0.53133	11.63575	1.05845	1	0.74818	0.55806	13.10673	1.05845	1	-0.00315	-0.00894	0.67757	0.00265	1	0.06380	-0.01384	0.67107	0.00414	1	1.45898	0.81042	0	
1256741	8476.26270	3305562226158	0.48808	0.27912	8476.16309	0.09961	11505	1	0.45114	0.05776	1	0.45073	0.26184	1	0.45094	0.15980	1	0.48885	0.53659	13.09587	1.06647	1	0.74989	0.56146	12.98171	1.05881	1	-0.00280	-0.00954	0.69130	0.00328	1	0.06207	-0.01380	0.65029	0.00350	1	1.45898	0.81042	0	
1256742	8476.26953	3305562293063	0.49149	0.28851	8476.16309	0.10645	11505	1	0.57192	0.42440	1	0.52004	0.45289	1	0.54598	0.43865	1	0.48889	0.53688	11.28282	1.05881	1	0.75025	0.56148	12.13407	1.05115	1	-0.00280	-0.00954	0.69130	0.00369	1	0.06207	-0.01380	0.65029	0.00394	1	1.45898	0.81042	0	
1256743	8476.27637	3305562358756	0.49368	0.29371	8476.16309	0.11328	11505	1	0.54532	0.40902	1	0.51671	0.35546	1	0.53102	0.38224	1	0.48931	0.53757	12.16163	1.05115	1	0.75016	0.56132	12.27705	1.04349	1	-0.00280	-0.00954	0.69130	0.00372	1	0.06207	-0.01380	0.65029	0.00411	1	1.45898	0.81042	0	
1256744	8476.28320	3305562427038	0.49565	0.29868	8476.16309	0.12012	11505	1	0.54600	0.41462	1	0.51613	0.36169	1	0.53107	0.38816	1	0.49040	0.53942	12.38872	1.04349	1	0.75121	0.56488	13.98901	1.03583	1	-0.00245	-0.00981	0.68114	0.00295	1	0.06285	-0.01433	0.65641	0.00316	1	1.45898	0.81042	0	
1256745	8476.29004	3305562493682	0.50027	0.31339	8476.16309	0.12695	11505	1	0.61376	0.59346	1	0.56235	0.59206	1	0.58805	0.59276	1	0.49063	0.53964	12.70501	1.03583	1	0.75137	0.56504	12.84844	1.03583	1	-0.00245	-0.00981	0.68114	0.00323	1	0.06285	-0.01433	0.65641	0.00343	1	1.45898	0.81042	0	
1256746	8476.29688	3305562560684	0.51176	0.35540	8476.16309	0.12695	11505	0	0.62279	0.60374	1	0.55520	0.68857	1	0.58899	0.64616	1	0.49075	0.53999	12.18488	1.03583	1	0.75137	0.56547	13.58553	1.03583	1	-0.00245	-0.00981	0.68114	0.00317	1	0.06285	-0.01433	0.65641	0.00333	1	1.45898	0.81042	0	
1256747	8476.30371	3305562628257	0.55059	0.49982	8476.16309	0.12695	11505	0	0.62279	0.60374	1	0.55607	0.68475	1	0.58943	0.64424	1	0.49074	0.54050	12.55674	1.03583	1	0.75154	0.56562	13.40960	1.04349	1	-0.00245	-0.00981	0.68114	0.00303	1	0.06539	-0.01500	0.68242	0.00324	1	1.45898	0.81042	0	
1256748	8476.30957	3305562693644	0.56523	0.55585	8476.16309	0.12695	11505	0	0.62810	0.62949	1	0.56092	0.70634	1	0.59451	0.66791	1	0.49074	0.54036	12.50748	1.04349	1	0.75187	0.56555	13.65082	1.05115	1	-0.00245	-0.00981	0.68114	0.00308	1	0.06539	-0.01500	0.68242	0.00330	1	1.45898	0.81042	0	
1256749	8476.31641	3305562762436	0.59266	0.65346	8476.16309	0.12695	11505	0	0.63796	0.62187	1	0.55015	0.67459	1	0.59405	0.64823	1	0.49076	0.54043	12.69184	1.05115	1	0.75162	0.56545	13.68456	1.05881	1	-0.00245	-0.00981	0.68114	0.00295	1	0.06539	-0.01500	0.68242	0.00317	1	1.45898	0.81042	0	
1256750	8476.32324	3305562828450	0.59354	0.64888	8476.16309	0.12695	11505	0	0.63789	0.61784	1	0.55096	0.67075	1	0.59443	0.64430	1	0.49070	0.54028	12.32923	1.05881	1	0.75167	0.56522	13.25870	1.06647	1	-0.00245	-0.00981	0.68114	0.00309	1	0.06514	-0.01497	0.67873	0.00325	1	1.45898	0.81042	0	
1256751	8476.33008	3305562894768	0.59495	0.62890	8476.16309	0.12695	11505	0	0.63570	0.57472	1	0.55982	0.60318	1	0.59776	0.58895	1	0.49083	0.54005	12.24660	1.06647	1	0.75180	0.56525	13.46803	1.06647	1	-0.00245	-0.00981	0.68114	0.00309	1	0.06514	-0.01497	0.67873	0.00332	1	1.45898	0.81042	0	
1256752	8476.33691	3305562963633	0.59332	0.62163	8476.31641	0.02051	11506	1	0.61706	0.59647	1	0.55982	0.60318	1	0.58844	0.59982	1	0.49075	0.54028	12.41196	1.06647	1	0.75180	0.56525	13.46803	1.06647	1	-0.00245	-0.00981	0.68114	0.00308	1	0.06514	-0.01497	0.67873	0.00332	1	1.45898	0.81042	0	
1256753	8476.34375	3305563030692	0.59235	0.61727	8476.31641	0.02734	11506	1	0.61706	0.59647	1	0.55982	0.60318	1	0.58844	0.59982	1	0.49094	0.54008	12.27080	1.06647	1	0.75199	0.56609	14.05237	1.06647	1	-0.00245	-0.00981	0.68114	0.00312	1	0.06514	-0.01497	0.67873	0.00325	1	1.45898	0.81042	0	
1256754	8476.35059	3305563096894	0.59424	0.61906	8476.31641	0.03418	11506	1	0.64380	0.58435	1	0.56357	0.67164	1	0.60369	0.62799	1	0.49100	0.53998	12.25484	1.06647	1	0.75183	0.56585	13.59902	1.06647	1	-0.00245	-0.00981	0.68114	0.00315	1	0.06514	-0.01497	0.67873	0.00323	1	1.45898	0.81042	0	
1256755	8476.35645	3305563163618	0.59572	0.62042	8476.31641	0.04004	11506	1	0.64425	0.60387	1	0.56493	0.65338	1	0.60459	0.62862	1	0.49098	0.54017	12.23378	1.06647	1	0.75181	0.56577	13.36950	1.06647	1	-0.00245	-0.00981	0.68114	0.00303	1	0.06514	-0.01497	0.67873	0.00330	1	1.45898	0.81042	0	
1256756	8476.36328	3305563229960	0.59682	0.62145	8476.31641	0.04688	11506	1	0.64425	0.60387	1	0.56493	0.65338	1	0.60459	0.62862	1	0.49093	0.54018	12.30770	1.06647	1	0.75199	0.56581	13.39312	1.06647	1	-0.00245	-0.00981	0.68114	0.00301	1	0.06514	-0.01497	0.67873	0.00322	1	1.45898	0.81042	0	
1256757	8476.37012	3305563297384	0.59767	0.62468	8476.31641	0.05371	11506	1	0.63629	0.62330	1	0.57265	0.67775	1	0.60447	0.65052	1	0.49081	0.54001	12.05525	1.06647	1	0.75195	0.56585	13.35565	1.06647	1	-0.00245	-0.00981	0.68114	0.00301	1	0.06514	-0.01497	0.67873	0.00325	1	1.45898	0.81042	0	
1256758	8476.37695	3305563363766	0.59956	0.62487	8476.31641	0.06055	11506	1	0.66127	0.58823	1	0.57183	0.66488	1	0.61655	0.62656	1	0.49094	0.53966	12.25402	1.06647	1	0.75193	0.56573	13.38192	1.06647	1	-0.00245	-0.00981	0.68114	0.00316	1	0.06514	-0.01497	0.67873	0.00323	1	1.45898	0.81042	0	
1256759	8476.38379	3305563431826	0.60115	0.62482	8476.31641	0.06738	11506	1	0.66127	0.58823	1	0.57292	0.66047	1	0.61709	0.62435	1	0.49069	0.53966	12.90475	1.06647	1	0.75191	0.56567	13.87566	1.07515	1	-0.00245	-0.00981	0.68114	0.00310	1	0.06675	-0.01538	0.69495	0.00325	1	1.45898	0.81042	0	
1256760	8476.39062	3305563498380	0.60202	0.62144	8476.31641	0.07422	11506	1	0.65349	0.54251	1	0.56949	0.62589	1	0.61149	0.58420	1	0.49073	0.53995	12.52450	1.07515	1	0.75186	0.56554	13.38433	1.08383	1	-0.00245	-0.00981	0.68114	0.00301	1	0.06675	-0.01538	0.69495	0.00329	1	1.45898	0.81042	0	
1256761	8476.39648	3305563562116	0.60156	0.61992	8476.31641	0.08008	11506	1	0.63693	0.59003	1	0.55517	0.61356	1	0.59605	0.60179	1	0.49093	0.53967	12.16031	1.08383	1	0.75161	0.56548	13.09574	1.09251	1	-0.00245	-0.00981	0.68114	0.00313	1	0.06675	-0.01538	0.69495	0.00327	1	1.45898	0.81042	0	
1256762	8476.40332	3305563629595	0.60119	0.61829	8476.31641	0.08691	11506	1	0.63685	0.58534	1	0.55610	0.60884	1	0.59647	0.59709	1	0.49085	0.53976	12.34221	1.09251	1	0.75184	0.56582	13.67905	1.10119	1	-0.00245	-0.00981	0.68114	0.00309	1	0.06675	-0.01538	0.69495	0.00319	1	1.45898	0.81042	0	
1256763	8476.41016	3305563697487	0.60192	0.61718	8476.31641	0.09375	11506	1	0.65857	0.57258	1	0.56553	0.63054	1	0.61205	0.60156	1	0.49077	0.53972	12.62332	1.10119	1	0.75175	0.56566	13.66794	1.10119	1	-0.00245	-0.00981	0.68114	0.00306	1	0.06675	-0.01538	0.69495	0.00320	1	1.45898	0.81042	0	
1256764	8476.41699	3305563762730	0.60264	0.61672	8476.31641	0.10059	11506	1	0.65818	0.57067	1	0.56889	0.64905	1	0.61353	0.60986	1	0.49078	0.53972	12.21734	1.10119	1	0.75184	0.56582	13.67905	1.10119	1	-0.00245	-0.00981	0.68114	0.00311	1	0.06675	-0.01538	0.69495	0.00319	1	1.45898	0.81042	0	
1256765	8476.42383	3305563829349	0.60325	0.61645	8476.31641	0.10742	11506	1	0.65818	0.57067	1	0.56786	0.65344	1	0.61302	0.61206	1	0.49061	0.53972	12.37562	1.10119	1	0.75181	0.56591	14.10629	1.09251	1	-0.00245	-0.00981	0.68114	0.00311	1	0.06675	-0.01538	0.69495	0.00328	1	1.45898	0.81042	0	
1256766	8476.43066	3305563900896	0.60252	0.61809	8476.31641	0.11426	11506	1	0.61828	0.58599	1	0.56167	0.70599	1	0.58997	0.64599	1	0.49060	0.54005	12.96263	1.09251	1	0.75179	0.56592	13.44841	1.08383	1	-0.00245	-0.00981	0.68114	0.00313	1	0.06675	-0.01538	0.69495	0.00332	1	1.45898	0.81042	0	
1256767	8476.43750	3305563967289	0.60196	0.61703	8476.31641	0.12109	11506	1	0.61422	0.55716	1	0.56969	0.63868	1	0.59195	0.59792	1	0.49061	0.54001	12.74906	1.08383	1	0.75181	0.56577	13.47884	1.07515	1	-0.00245	-0.00981	0.68114	0.00320	1	0.06675	-0.01538	0.69495	0.00326	1	1.45898	0.81042	0	
1256768	8476.44336	3305564031595	0.60140	0.61663	8476.31641	0.12695	11506	1	0.61471	0.56669	1	0.56670	0.65156	1	0.59070	0.60912	1	0.49018	0.54070	11.94941	1.06713	1	0.75135	0.56655	14.07557	1.05079	1	-0.00242	-0.00959	0.65883	0.00308	1	0.06675	-0.01538	0.69495	0.00311	1	1.45898	0.81042	0	
1256769	8476.45020	3305564098894	0.60057	0.62170	8476.31641	0.13379	11506	1	0.64673	0.68000	1	0.52110	0.76611	1	0.58392	0.72306	1	0.49048	0.54102	12.89386	1.04278	1	0.75108	0.56683	14.10049	1.03512	1	-0.00242	-0.00959	0.65883	0.00306	1	0.06675	-0.01538	0.69495	0.00325	1	1.45898	0.81042	0	
1256770	8476.45703	3305564164292	0.59997	0.62578	8476.31641	0.14062	11506	1	0.63478	0.68223	1	0.54001	0.74094	1	0.58740	0.71159	1	0.49044	0.54104	12.71065	1.02710	1	0.75154	0.56643	13.64207	1.01944	1	-0.00242	-0.00959	0.65883	0.00310	1	0.06675	-0.01538	0.69495	0.00305	1	1.45898	0.81042	0	
1256771	8476.46387	3305564235455	0.59939	0.62983	8476.31641	0.14746	11506	1	0.63496	0.68975	1	0.53843	0.74807	1	0.58670	0.71891	1	0.49033	0.54055	11.88353	1.01142	1	0.75149	0.56645	13.81061	1.00376	1	-0.00242	-0.00959	0.65883	0.00321	1	0.06675	-0.01538	0.69495	0.00326	1	1.45898	0.81042	0	
1256772	8476.47070	3305564302424	0.59863	0.63401	8476.31641	0.15430	11506	1	0.62366	0.69760	1	0.53854	0.76258	1	0.58110	0.73009	1	0.49031	0.54089	12.10061	1.00376	1	0.75157	0.56654	13.59028	1.00376	1	-0.00242	-0.00959	0.65883	0.00308	1	0.06675	-0.01538	0.69495	0.00316	1	1.45898	0.81042	0	
1256773	8476.47754	3305564369583	0.59741	0.63819	8476.31641	0.16113	11506	1	0.62622	0.69666	1	0.51002	0.78019	1	0.56812	0.73842	1	0.49022	0.54091	12.05079	1.00376	1	0.75110	0.56681	13.76035	1.00376	1	-0.00242	-0.00959	0.65883	0.00308	1	0.06675	-0.01538	0.69495	0.00323	1	1.45898	0.81042	0	
1256774	8476.48438	3305564436412	0.59055	0.66975	8476.31641	0.16113	11506	0	0.62622	0.69666	1	0.51002	0.78019	1	0.56812	0.73842	1	0.49023	0.54082	12.06113	1.00376	1	0.75155	0.56647	13.48844	1.00376	1	-0.00250	-0.00953	0.65493	0.00305	1	0.06675	-0.01538	0.69495	0.00315	1	1.45898	0.81042	0	
1256775	8476.49121	3305564503349	0.59223	0.70153	8476.31641	0.16113	11506	0	0.65153	0.70679	1	0.53628	0.75983	1	0.59390	0.73331	1	0.49034	0.54090	12.25590	1.00376	1	0.75154	0.56663	13.56864	1.00376	1	-0.00250	-0.00953	0.65493	0.00308	1	0.06675	-0.01538	0.69495	0.00313	1	1.45898	0.81042	0	
1256776	8476.49707	3305564567943	0.58525	0.71093	8476.31641	0.16113	11506	0	0.63756	0.69414	1	0.50501	0.76532	1	0.57128	0.72973	1	0.49011	0.54084	11.74330	1.00376	1	0.75098	0.56672	13.09360	1.00376	1	-0.00250	-0.00953	0.65493	0.00304	1	0.06675	-0.01538	0.69495	0.00326	1	1.45898	0.81042	0	
1256777	8476.50391	3305564637488	0.58188	0.71429	8476.48438	0.01953	11507	1	0.63749	0.69029	1	0.50608	0.75849	1	0.57178	0.72439	1	0.49034	0.54099	12.32626	1.01178	1	0.75120	0.56657	12.97797	1.01944	1	-0.00270	-0.01012	0.69175	0.00310	1	0.06675	-0.01538	0.69495	0.00314	1	1.45898	0.81042	0	
1256778	8476.51074	3305564704425	0.58222	0.71092	8476.48438	0.02637	11507	1	0.64243	0.66278	1	0.52470	0.73209	1	0.58356	0.69744	1	0.49021	0.54094	12.19164	1.02746	1	0.75119	0.56648	12.78445	1.03512	1	-0.00270	-0.01012	0.69175	0.00307	1	0.06675	-0.01538	0.69495	0.00314	1	1.45898	0.81042	0	
1256779	8476.51758	3305564772084	0.58340	0.71250	8476.48438	0.03320	11507	1	0.64539	0.69390	1	0.53318	0.74684	1	0.58928	0.72037	1	0.49017	0.54098	12.17327	1.04313	1	0.75134	0.56663	13.36355	1.05079	1	-0.00270	-0.01012	0.69175	0.00314	1	0.06675	-0.01538	0.69495	0.00308	1	1.45898	0.81042	0	
1256780	8476.52441	3305564839040	0.58434	0.71262	8476.48438	0.04004	11507	1	0.64536	0.68667	1	0.53461	0.74002	1	0.58999	0.71334	1	0.49015	0.54118	12.09053	1.05881	1	0.75126	0.56690	13.66154	1.06647	1	-0.00265	-0.00987	0.67840	0.00303	1	0.06675	-0.01538	0.69495	0.00317	1	1.45898	0.81042	0	
1256781	8476.53125	3305564905279	0.58448	0.71483	8476.48438	0.04688	11507	1	0.63702	0.67566	1	0.53396	0.78498	1	0.58549	0.73032	1	0.48999	0.54102	12.38150	1.06647	1	0.75104	0.56705	13.13204	1.06647	1	-0.00265	-0.00987	0.67840	0.00302	1	0.06675	-0.01538	0.69495	0.00318	1	1.45898	0.81042	0	
1256782	8476.53809	3305564971180	0.58723	0.71521	8476.48438	0.05371	11507	1	0.63932	0.67352	1	0.57917	0.76304	1	0.60924	0.71828	1	0.49004	0.54108	12.28058	1.06647	1	0.75133	0.56689	13.27319	1.06647	1	-0.00265	-0.00987	0.67840	0.00301	1	0.06675	-0.01538	0.69495	0.00316	1	1.45898	0.81042	0	
1256783	8476.54492	3305565040734	0.58933	0.71603	8476.48438	0.06055	11507	1	0.63937	0.67729	1	0.57709	0.76955	1	0.60823	0.72342	1	0.48986	0.54107	12.59147	1.05845	1	0.75080	0.56683	12.83476	1.05079	1	-0.00262	-0.00959	0.65925	0.00300	1	0.06675	-0.01538	0.69495	0.00323	1	1.45898	0.81042	0	
1256784	8476.55078	3305565106081	0.58951	0.71842	8476.48438	0.06641	11507	1	0.62816	0.70535	1	0.55445	0.77919	1	0.59130	0.74227	1	0.48982	0.54121	12.69091	1.04278	1	0.75103	0.56694	13.75438	1.03512	1	-0.00262	-0.00959	0.65925	0.00303	1	0.06675	-0.01538	0.69495	0.00315	1	1.45898	0.81042	0	
1256785	8476.55762	3305565174033	0.59035	0.72096	8476.48438	0.07324	11507	1	0.64534	0.70618	1	0.55377	0.79157	1	0.59955	0.74888	1	0.48987	0.54108	12.24960	1.02710	1	0.75097	0.56695	13.05063	1.01944	1	-0.00262	-0.00959	0.65925	0.00306	1	0.06675	-0.01538	0.69495	0.00319	1	1.45898	0.81042	0	
1256786	8476.56445	3305565241170	0.59106	0.72324	8476.48438	0.08008	11507	1	0.64535	0.70968	1	0.55377	0.79157	1	0.59956	0.75062	1	0.48956	0.54097	12.04341	1.01944	1	0.75111	0.56696	13.76271	1.01944	1	-0.00277	-0.00994	0.68337	0.00302	1	0.06675	-0.01538	0.69495	0.00308	1	1.45898	0.81042	0	
1256787	8476.57129	3305565305796	0.59060	0.72475	8476.48438	0.08691	11507	1	0.61576	0.71437	1	0.55352	0.77453	1	0.58464	0.74445	1	0.48924	0.54117	11.81262	1.02746	1	0.75097	0.56692	13.65047	1.03512	1	-0.00277	-0.00994	0.68337	0.00296	1	0.06675	-0.01538	0.69495	0.00310	1	1.45898	0.81042	0	
1256788	8476.57812	3305565374189	0.59050	0.72577	8476.48438	0.09375	11507	1	0.63177	0.69395	1	0.54636	0.78604	1	0.58906	0.73999	1	0.48924	0.54097	11.69065	1.04313	1	0.75076	0.56698	13.20371	1.05079	1	-0.00277	-0.00994	0.68337	0.00309	1	0.06675	-0.01538	0.69495	0.00317	1	1.45898	0.81042	0	
1256789	8476.58496	3305565441360	0.59045	0.72624	8476.48438	0.10059	11507	1	0.63155	0.68671	1	0.54799	0.77979	1	0.58977	0.73325	1	0.48949	0.54142	12.17207	1.05881	1	0.75044	0.56639	13.37853	1.06647	1	-0.00284	-0.00983	0.67553	0.00298	1	0.06675	-0.01538	0.69495	0.00311	1	1.45898	0.81042	0	
1256790	8476.59082	3305565508158	0.59125	0.72666	8476.48438	0.10645	11507	1	0.64048	0.69498	1	0.56752	0.77184	1	0.60400	0.73341	1	0.48918	0.54133	12.50136	1.06647	1	0.75082	0.56693	13.66197	1.06647	1	-0.00284	-0.00983	0.67553	0.00293	1	0.06675	-0.01538	0.69495	0.00313	1	1.45898	0.81042	0	
1256791	8476.59766	3305565574979	0.59161	0.72475	8476.48438	0.11328	11507	1	0.62613	0.64512	1	0.56949	0.73952	1	0.59781	0.69232	1	0.48928	0.54140	12.30256	1.06647	1	0.75047	0.56657	13.38132	1.06647	1	-0.00284	-0.00983	0.67553	0.00290	1	0.06675	-0.01538	0.69495	0.00315	1	1.45898	0.81042	0	
1256792	8476.60449	3305565642073	0.59194	0.72305	8476.48438	0.12012	11507	1	0.62613	0.64512	1	0.56949	0.73952	1	0.59781	0.69232	1	0.48896	0.54142	11.50596	1.06647	1	0.75037	0.56657	12.99175	1.06647	1	-0.00284	-0.00983	0.67553	0.00291	1	0.06675	-0.01538	0.69495	0.00310	1	1.45898	0.81042	0	
1256793	8476.61133	3305565708918	0.59186	0.72303	8476.48438	0.12695	11507	1	0.61230	0.68556	1	0.56859	0.75981	1	0.59045	0.72268	1	0.48878	0.54139	11.61069	1.06647	1	0.75030	0.56676	13.06159	1.06647	1	-0.00284	-0.00983	0.67553	0.00293	1	0.06675	-0.01538	0.69495	0.00314	1	1.45898	0.81042	0	
1256794	8476.61719	3305565771341	0.59210	0.71996	8476.48438	0.13281	11507	1	0.64498	0.60383	1	0.54887	0.71322	1	0.59693	0.65852	1	0.48881	0.54142	11.90448	1.06647	1	0.75017	0.56657	12.84733	1.06647	1	-0.00284	-0.00983	0.67553	0.00299	1	0.06675	-0.01538	0.69495	0.00314	1	1.45898	0.81042	0	
1256795	8476.62500	3305565841452	0.59229	0.71732	8476.48438	0.14062	11507	1	0.64498	0.60383	1	0.54736	0.71989	1	0.59617	0.66186	1	0.48809	0.54139	12.06208	1.06647	1	0.74995	0.56638	12.86788	1.05200	1	-0.00304	-0.00995	0.67674	0.00298	1	0.06050	-0.01406	0.63533	0.00285	1	1.45898	0.81042	0	
1256796	8476.63086	3305565907122	0.59193	0.71634	8476.48438	0.14648	11507	1	0.59778	0.64524	1	0.57042	0.74446	1	0.58410	0.69485	1	0.48793	0.54129	11.98115	1.05200	1	0.75004	0.56659	12.83904	1.03753	1	-0.00304	-0.00995	0.67674	0.00311	1	0.06050	-0.01406	0.63533	0.00296	1	1.45898	0.81042	0	
1256797	8476.63867	3305565977346	0.59158	0.71641	8476.48438	0.15430	11507	1	0.58918	0.68443	1	0.57788	0.75151	1	0.58353	0.71797	1	0.48770	0.54171	12.35607	1.03753	1	0.74987	0.56663	13.16833	1.02307	1	-0.00304	-0.00995	0.67674	0.00295	1	0.06050	-0.01406	0.63533	0.00283	1	1.45898	0.81042	0	
1256798	8476.64453	3305566043530	0.59122	0.71688	8476.48438	0.16016	11507	1	0.59035	0.69510	1	0.57480	0.76150	1	0.58258	0.72830	1	0.48776	0.54167	12.12083	1.01505	1	0.74916	0.56664	12.98609	1.00058	1	-0.00304	-0.00977	0.66429	0.00293	1	0.06000	-0.01399	0.63211	0.00299	1	1.45898	0.81042	0	
1256799	8476.65137	3305566110876	0.59085	0.71707	8476.48438	0.16699	11507	1	0.62351	0.66081	1	0.53967	0.78275	1	0.58159	0.72178	1	0.48788	0.54153	12.00589	0.99256	1	0.74924	0.56666	12.66916	0.99256	1	-0.00304	-0.00977	0.66429	0.00295	1	0.06000	-0.01399	0.63211	0.00294	1	1.45898	0.81042	0	
1256800	8476.65820	3305566177451	0.59037	0.71644	8476.48438	0.17383	11507	1	0.61854	0.65492	1	0.53689	0.74530	1	0.57771	0.70011	1	0.48787	0.54127	11.77244	0.98455	1	0.74916	0.56657	12.49914	0.98455	1	-0.00304	-0.00977	0.66429	0.00291	1	0.06000	-0.01399	0.63211	0.00299	1	1.45898	0.81042	0	
1256801	8476.66504	3305566245059	0.58991	0.71586	8476.48438	0.18066	11507	1	0.61854	0.65492	1	0.53689	0.74530	1	0.57771	0.70011	1	0.48748	0.54149	11.03930	0.98455	1	0.74924	0.56645	12.59317	0.98455	1	-0.00329	-0.01009	0.68621	0.00287	1	0.06061	-0.01408	0.63855	0.00288	1	1.45898	0.81042	0	
1256802	8476.67188	3305566309611	0.58946	0.71552	8476.48438	0.18750	11507	1	0.61503	0.66642	1	0.53848	0.74535	1	0.57675	0.70589	1	0.48746	0.54159	11.19696	0.99256	1	0.74923	0.56644	12.61274	0.99256	1	-0.00329	-0.01009	0.68621	0.00295	1	0.06061	-0.01408	0.63855	0.00292	1	1.45898	0.81042	0	
1256803	8476.67871	3305566378950	0.58921	0.71520	8476.48438	0.19434	11507	1	0.62206	0.67066	1	0.54212	0.74172	1	0.58209	0.70619	1	0.48746	0.54168	11.38431	1.00058	1	0.74922	0.56644	12.40873	1.00058	1	-0.00329	-0.01009	0.68621	0.00296	1	0.06061	-0.01408	0.63855	0.00289	1	1.45898	0.81042	0	
1256804	8476.68457	3305566441291	0.58900	0.71479	8476.48438	0.20020	11507	1	0.62187	0.66661	1	0.54296	0.73801	1	0.58241	0.70231	1	0.48731	0.54182	11.73915	1.00860	1	0.74918	0.56659	12.93447	1.00860	1	-0.00329	-0.01009	0.68621	0.00285	1	0.06000	-0.01399	0.63211	0.00295	1	1.45898	0.81042	0	
1256805	8476.69141	3305566507949	0.58872	0.71452	8476.48438	0.20703	11507	1	0.61045	0.65281	1	0.54980	0.75954	1	0.58013	0.70618	1	0.48724	0.54192	11.66690	1.00860	1	0.74906	0.56650	12.81401	1.00860	1	-0.00329	-0.01009	0.68621	0.00284	1	0.06000	-0.01399	0.63211	0.00291	1	1.45898	0.81042	0	
1256806	8476.69824	3305566579075	0.58882	0.71457	8476.48438	0.21387	11507	1	0.62057	0.66827	1	0.56335	0.76383	1	0.59196	0.71605	1	0.48745	0.54157	11.17469	1.00860	1	0.74917	0.56664	12.96348	1.00860	1	-0.00329	-0.01009	0.68621	0.00301	1	0.06000	-0.01399	0.63211	0.00293	1	1.45898	0.81042	0	
1256807	8476.70508	3305566644499	0.58892	0.71457	8476.48438	0.22070	11507	1	0.62057	0.66827	1	0.56420	0.76085	1	0.59239	0.71456	1	0.48737	0.54197	11.31001	1.00860	1	0.74905	0.56650	12.65985	1.01541	1	-0.00329	-0.01009	0.68621	0.00284	1	0.06297	-0.01469	0.66385	0.00291	1	1.45898	0.81042	0	
1256808	8476.71191	3305566711259	0.58866	0.71415	8476.48438	0.22754	11507	1	0.61644	0.66924	1	0.54282	0.73058	1	0.57963	0.69991	1	0.48739	0.54202	11.33164	1.01541	1	0.74881	0.56636	12.36352	1.02221	1	-0.00329	-0.01009	0.68621	0.00285	1	0.06297	-0.01469	0.66385	0.00297	1	1.45898	0.81042	0	
1256809	8476.71777	3305566777533	0.58869	0.71393	8476.48438	0.23340	11507	1	0.61663	0.66411	1	0.56343	0.74833	1	0.59003	0.70622	1	0.48736	0.54165	11.18018	1.02221	1	0.74881	0.56642	12.42164	1.02902	1	-0.00329	-0.01009	0.68621	0.00301	1	0.06297	-0.01469	0.66385	0.00291	1	1.45898	0.81042	0	
1256810	8476.72461	3305566845548	0.58873	0.71373	8476.48438	0.24023	11507	1	0.61666	0.66471	1	0.56328	0.74886	1	0.58997	0.70679	1	0.48713	0.54201	11.85472	1.02101	1	0.74851	0.56665	13.17148	1.02781	1	-0.00320	-0.00966	0.65698	0.00285	1	0.06192	-0.01447	0.65382	0.00282	1	1.45898	0.81042	0	
1256811	8476.73145	3305566911702	0.58833	0.71432	8476.48438	0.24707	11507	1	0.59608	0.73030	1	0.55133	0.74165	1	0.57370	0.73598	1	0.48695	0.54208	12.14000	1.01980	1	0.74853	0.56657	13.09449	1.01980	1	-0.00320	-0.00966	0.65698	0.00279	1	0.06192	-0.01447	0.65382	0.00290	1	1.45898	0.81042	0	
1256812	8476.73828	3305566981796	0.58804	0.71530	8476.48438	0.25391	11507	1	0.59983	0.73527	1	0.55380	0.77011	1	0.57681	0.75269	1	0.48699	0.54199	12.16742	1.01178	1	0.74869	0.56668	13.26143	1.01178	1	-0.00320	-0.00966	0.65698	0.00280	1	0.06192	-0.01447	0.65382	0.00284	1	1.45898	0.81042	0	
1256813	8476.74512	3305567046209	0.58775	0.71632	8476.48438	0.26074	11507	1	0.60018	0.73876	1	0.55287	0.77355	1	0.57652	0.75616	1	0.48699	0.54206	12.07128	1.00376	1	0.74841	0.56671	13.13594	1.00376	1	-0.00320	-0.00966	0.65698	0.00279	1	0.06192	-0.01447	0.65382	0.00287	1	1.45898	0.81042	0	
1256814	8476.75195	3305567115535	0.58691	0.71682	8476.48438	0.26758	11507	1	0.58800	0.70126	1	0.51838	0.77207	1	0.55319	0.73667	1	0.48686	0.54211	12.04200	1.00376	1	0.74807	0.56678	13.41567	1.00376	1	-0.00320	-0.00966	0.65698	0.00277	1	0.06192	-0.01447	0.65382	0.00297	1	1.45898	0.81042	0	
1256815	8476.75879	3305567182654	0.58620	0.71745	8476.48438	0.27441	11507	1	0.59063	0.71084	1	0.52354	0.77608	1	0.55708	0.74346	1	0.48698	0.54200	11.95454	1.00376	1	0.74816	0.56679	13.31008	1.00376	1	-0.00320	-0.00966	0.65698	0.00278	1	0.06192	-0.01447	0.65382	0.00296	1	1.45898	0.81042	0	
1256816	8476.76562	3305567248860	0.58551	0.71809	8476.48438	0.28125	11507	1	0.59063	0.71084	1	0.52295	0.77898	1	0.55679	0.74491	1	0.48685	0.54207	12.35048	1.00376	1	0.74816	0.56679	13.31008	0.99696	1	-0.00320	-0.00966	0.65698	0.00279	1	0.06096	-0.01425	0.64424	0.00296	1	1.45898	0.81042	0	
1256817	8476.77246	3305567316472	0.58473	0.71827	8476.48438	0.28809	11507	1	0.58097	0.68240	1	0.52148	0.76931	1	0.55122	0.72585	1	0.48680	0.54217	12.32080	0.99696	1	0.74816	0.56669	12.27740	0.99015	1	-0.00320	-0.00966	0.65698	0.00279	1	0.06096	-0.01425	0.64424	0.00300	1	1.45898	0.81042	0	
1256818	8476.77930	3305567383647	0.58406	0.71923	8476.48438	0.29492	11507	1	0.59163	0.71751	1	0.51755	0.80585	1	0.55459	0.76168	1	0.48693	0.54210	12.06933	0.99015	1	0.74808	0.56693	12.60706	0.98334	1	-0.00320	-0.00966	0.65698	0.00279	1	0.06096	-0.01425	0.64424	0.00299	1	1.45898	0.81042	0	
1256819	8476.78516	3305567448159	0.58342	0.72015	8476.48438	0.30078	11507	1	0.59157	0.71695	1	0.51765	0.80536	1	0.55461	0.76115	1	0.48663	0.54208	11.01692	0.99136	1	0.74823	0.56689	12.37050	0.98455	1	-0.00338	-0.01008	0.68221	0.00284	1	0.06096	-0.01425	0.64424	0.00294	1	1.45898	0.81042	0	
1256820	8476.79199	3305567514808	0.56526	0.73895	8476.48438	0.30078	11507	0	0.57208	0.69709	1	0.52523	0.77467	1	0.54865	0.73588	1	0.48664	0.54206	11.28917	0.99256	1	0.74812	0.56673	12.67796	0.99256	1	-0.00338	-0.01008	0.68221	0.00277	1	0.06096	-0.01425	0.64424	0.00293	1	1.45898	0.81042	0	
1256821	8476.79883	3305567579632	0.56434	0.73433	8476.48438	0.30078	11507	0	0.58807	0.72407	1	0.53877	0.73535	1	0.56342	0.72971	1	0.48659	0.54219	11.04717	1.00058	1	0.74842	0.56649	11.89318	1.00058	1	-0.00338	-0.01008	0.68221	0.00275	1	0.06096	-0.01425	0.64424	0.00294	1	1.45898	0.81042	0	
1256822	8476.80566	3305567647092	0.56410	0.73156	8476.48438	0.30078	11507	0	0.58763	0.72045	1	0.53958	0.73159	1	0.56361	0.72602	1	0.48660	0.54198	11.13322	1.00860	1	0.74849	0.56684	12.28763	1.00860	1	-0.00338	-0.01008	0.68221	0.00276	1	0.06096	-0.01425	0.64424	0.00293	1	1.45898	0.81042	0	
1256823	8476.81250	3305567718687	0.56556	0.73601	8476.79199	0.02051	11508	1	0.60057	0.71476	1	0.53932	0.78390	1	0.56995	0.74933	1	0.48654	0.54208	11.32969	1.00860	1	0.74843	0.56689	12.72117	1.00860	1	-0.00338	-0.01008	0.68221	0.00285	1	0.06096	-0.01425	0.64424	0.00294	1	1.45898	0.81042	0	
1256824	8476.81836	3305567783530	0.56487	0.73608	8476.79199	0.02637	11508	1	0.59173	0.69596	1	0.53250	0.77676	1	0.56212	0.73636	1	0.48660	0.54195	11.30040	1.00860	1	0.74832	0.56680	12.03398	1.00860	1	-0.00338	-0.01008	0.68221	0.00283	1	0.06096	-0.01425	0.64424	0.00298	1	1.45898	0.81042	0	
1256825	8476.82520	3305567849193	0.56438	0.73672	8476.79199	0.03320	11508	1	0.59214	0.69978	1	0.53174	0.78015	1	0.56194	0.73997	1	0.48691	0.54186	10.88882	1.00058	1	0.74807	0.56675	12.33376	1.00058	1	-0.00325	-0.00985	0.66661	0.00281	1	0.06096	-0.01425	0.64424	0.00303	1	1.45898	0.81042	0	
1256826	8476.83203	3305567916375	0.56398	0.73805	8476.79199	0.04004	11508	1	0.58914	0.69626	1	0.53404	0.79568	1	0.56159	0.74597	1	0.48692	0.54202	11.95706	0.99256	1	0.74830	0.56694	12.75895	0.99256	1	-0.00325	-0.00985	0.66661	0.00281	1	0.06096	-0.01425	0.64424	0.00295	1	1.45898	0.81042	0	
1256827	8476.83887	3305567984586	0.56352	0.74300	8476.79199	0.04688	11508	1	0.59827	0.74704	1	0.52227	0.80827	1	0.56027	0.77765	1	0.48714	0.54223	11.31816	0.98455	1	0.74818	0.56696	12.77807	0.98455	1	-0.00325	-0.00985	0.66661	0.00273	1	0.06096	-0.01425	0.64424	0.00295	1	1.45898	0.81042	0	
1256828	8476.84570	3305568049275	0.56317	0.74707	8476.79199	0.05371	11508	1	0.59864	0.75053	1	0.52216	0.80875	1	0.56040	0.77964	1	0.48684	0.54192	11.20619	0.97653	1	0.74826	0.56681	12.63505	0.98334	1	-0.00325	-0.00985	0.66661	0.00293	1	0.06192	-0.01447	0.65382	0.00300	1	1.45898	0.81042	0	
1256829	8476.85254	3305568120559	0.56274	0.74646	8476.79199	0.06055	11508	1	0.56926	0.66443	1	0.54836	0.81746	1	0.55881	0.74095	1	0.48679	0.54174	11.11902	0.98334	1	0.74864	0.56717	12.82861	0.99015	1	-0.00325	-0.00985	0.66661	0.00303	1	0.06192	-0.01447	0.65382	0.00283	1	1.45898	0.81042	0	
1256830	8476.85938	3305568186642	0.56344	0.74710	8476.79199	0.06738	11508	1	0.58730	0.71087	1	0.55371	0.79612	1	0.57051	0.75349	1	0.48693	0.54198	11.59405	0.99015	1	0.74865	0.56691	12.34267	0.99696	1	-0.00325	-0.00985	0.66661	0.00291	1	0.06192	-0.01447	0.65382	0.00282	1	1.45898	0.81042	0	
1256831	8476.86621	3305568253927	0.56402	0.74750	8476.79199	0.07422	11508	1	0.58692	0.70766	1	0.55371	0.79612	1	0.57031	0.75189	1	0.48720	0.54173	11.32422	0.99696	1	0.74865	0.56691	12.34267	0.99696	1	-0.00320	-0.00966	0.65698	0.00296	1	0.06112	-0.01427	0.64490	0.00282	1	1.45898	0.81042	0	
1256832	8476.87305	3305568321323	0.56460	0.74739	8476.79199	0.08105	11508	1	0.61190	0.68609	1	0.53134	0.80628	1	0.57162	0.74619	1	0.48738	0.54200	10.97006	0.99696	1	0.74865	0.56699	12.32369	0.99015	1	-0.00320	-0.00966	0.65698	0.00280	1	0.06112	-0.01427	0.64490	0.00286	1	1.45898	0.81042	0	
1256833	8476.87891	3305568388574	0.56649	0.74930	8476.79199	0.08691	11508	1	0.61749	0.75565	1	0.56466	0.79242	1	0.59107	0.77404	1	0.48731	0.54218	11.21197	0.99015	1	0.74883	0.56683	11.68191	0.98334	1	-0.00320	-0.00966	0.65698	0.00277	1	0.06112	-0.01427	0.64490	0.00295	1	1.45898	0.81042	0	AUDIO_FILE_OFFSET
1256834	8476.88574	3305568454894	0.56814	0.75104	8476.79199	0.09375	11508	1	0.61767	0.75854	1	0.56466	0.79242	1	0.59116	0.77548	1	0.48735	0.54217	11.24800	0.98334	1	0.74879	0.56670	11.46377	0.98334	1	-0.00320	-0.00966	0.65698	0.00281	1	0.06297	-0.01469	0.66385	0.00295	1	1.45898	0.81042	0	
1256835	8476.89258	3305568522218	0.56863	0.75091	8476.79199	0.10059	11508	1	0.62102	0.72604	1	0.53111	0.77188	1	0.57607	0.74896	1	0.48738	0.54226	11.41151	0.98334	1	0.74874	0.56669	11.41381	0.99015	1	-0.00320	-0.00966	0.65698	0.00278	1	0.06297	-0.01469	0.66385	0.00298	1	1.45898	0.81042	0	
1256836	8476.89941	3305568589232	0.56917	0.75129	8476.79199	0.10742	11508	1	0.61501	0.72124	1	0.54072	0.79352	1	0.57786	0.75738	1	0.48731	0.54220	11.30368	0.99015	1	0.74891	0.56691	12.00118	0.99696	1	-0.00320	-0.00966	0.65698	0.00276	1	0.06297	-0.01469	0.66385	0.00290	1	1.45898	0.81042	0	
1256988	8477.91797	3305578770904	0.29697	0.48451	8477.75684	0.15430	11512	0	0.56739	0.64183	1	0.50428	0.72774	1	0.53584	0.68479	1	0.48551	0.54095	9.65858	1.05881	1	0.74696	0.56549	10.91997	1.05115	1	-0.00353	-0.00972	0.67175	0.00295	1	0.06221	-0.01438	0.65901	0.00301	1	1.45898	0.81042	0	START_TRIAL
1256989	8477.92383	3305578837723	0.41065	0.58082	8477.75684	0.15430	11512	0	0.55824	0.63084	1	0.49042	0.72343	1	0.52433	0.67714	1	0.48548	0.54107	9.96285	1.05115	1	0.74677	0.56539	10.50258	1.04349	1	-0.00353	-0.00972	0.67175	0.00287	1	0.06221	-0.01438	0.65901	0.00298	1	1.45898	0.81042	0	
1256990	8477.93066	3305578904719	0.44868	0.61490	8477.75684	0.15430	11512	0	0.55947	0.63900	1	0.49001	0.72711	1	0.52474	0.68305	1	0.48523	0.54086	9.59871	1.03547	1	0.74665	0.56544	11.21954	1.03547	1	-0.00348	-0.00941	0.65333	0.00282	1	0.06503	-0.01505	0.68940	0.00294	1	1.45898	0.81042	0	
1256991	8477.93750	3305578967608	0.52773	0.67924	8477.75684	0.15430	11512	0	0.56306	0.61138	1	0.50518	0.74370	1	0.53412	0.67754	1	0.48521	0.54060	10.30827	1.02746	1	0.74695	0.56570	11.76951	1.03512	1	-0.00348	-0.00941	0.65333	0.00273	1	0.06503	-0.01505	0.68940	0.00304	1	1.45898	0.81042	0	
1256992	8477.94434	3305579038049	0.53553	0.67626	8477.75684	0.15430	11512	0	0.57781	0.61460	1	0.50883	0.73195	1	0.54332	0.67327	1	0.48552	0.54070	9.60622	1.02710	1	0.74704	0.56570	11.54182	1.03476	1	-0.00348	-0.00941	0.65333	0.00275	1	0.06503	-0.01505	0.68940	0.00302	1	1.45898	0.81042	0	
1256993	8477.95117	3305579105513	0.53813	0.67398	8477.75684	0.15430	11512	0	0.57733	0.61040	1	0.50937	0.72846	1	0.54335	0.66943	1	0.48514	0.54068	9.99351	1.03476	1	0.74664	0.56535	10.93420	1.04242	1	-0.00367	-0.00980	0.68049	0.00273	1	0.06503	-0.01505	0.68940	0.00293	1	1.45898	0.81042	0	
1256994	8477.95801	3305579172618	0.53965	0.67562	8477.93750	0.02051	11513	1	0.59802	0.64370	1	0.49037	0.71737	1	0.54420	0.68053	1	0.48530	0.54099	10.55300	1.05043	1	0.74679	0.56545	10.62117	1.05043	1	-0.00367	-0.00980	0.68049	0.00280	1	0.06503	-0.01505	0.68940	0.00297	1	1.45898	0.81042	0	
1256995	8477.96484	3305579239126	0.53884	0.67395	8477.93750	0.02734	11513	1	0.58234	0.59604	1	0.48884	0.73852	1	0.53559	0.66728	1	0.48512	0.54078	10.25147	1.05845	1	0.74667	0.56552	11.04521	1.05845	1	-0.00367	-0.00980	0.68049	0.00277	1	0.06503	-0.01505	0.68940	0.00292	1	1.45898	0.81042	0	
1256996	8477.97070	3305579306400	0.53829	0.67218	8477.93750	0.03320	11513	1	0.58188	0.59164	1	0.48924	0.73501	1	0.53556	0.66332	1	0.48497	0.54094	10.44059	1.06647	1	0.74678	0.56546	11.05409	1.06647	1	-0.00367	-0.00980	0.68049	0.00279	1	0.06503	-0.01505	0.68940	0.00280	1	1.45898	0.81042	0	
1256997	8477.97754	3305579372587	0.53834	0.67030	8477.93750	0.04004	11513	1	0.58754	0.61057	1	0.48969	0.70743	1	0.53861	0.65900	1	0.48510	0.54096	10.17427	1.06647	1	0.74670	0.56528	11.60008	1.06647	1	-0.00367	-0.00980	0.68049	0.00281	1	0.06503	-0.01505	0.68940	0.00279	1	1.45898	0.81042	0	
1256998	8477.98438	3305579440337	0.53735	0.67054	8477.93750	0.04688	11513	1	0.58082	0.63504	1	0.48003	0.70950	1	0.53042	0.67227	1	0.48498	0.54097	10.47232	1.06647	1	0.74661	0.56534	10.86745	1.06647	1	-0.00367	-0.00980	0.68049	0.00278	1	0.06503	-0.01505	0.68940	0.00297	1	1.45898	0.81042	0	
1256999	8477.99121	3305579507588	0.53658	0.67074	8477.93750	0.05371	11513	1	0.58082	0.63504	1	0.48003	0.70950	1	0.53042	0.67227	1	0.48510	0.54104	10.28571	1.06647	1	0.74662	0.56517	10.40129	1.06647	1	-0.00367	-0.00980	0.68049	0.00276	1	0.06503	-0.01505	0.68940	0.00289	1	1.45898	0.81042	0	
1257000	8477.99805	3305579575030	0.53720	0.67177	8477.93750	0.06055	11513	1	0.58244	0.67951	1	0.50315	0.68266	1	0.54280	0.68108	1	0.48504	0.54101	10.43570	1.06647	1	0.74686	0.56532	11.05791	1.06647	1	-0.00367	-0.00980	0.68049	0.00278	1	0.06503	-0.01505	0.68940	0.00285	1	1.45898	0.81042	0	
1257001	8478.00488	3305579641230	0.53657	0.67270	8477.93750	0.06738	11513	1	0.57024	0.65415	1	0.49019	0.70978	1	0.53022	0.68196	1	0.48484	0.54105	10.13243	1.06647	1	0.74681	0.56547	10.96255	1.06647	1	-0.00367	-0.00980	0.68049	0.00271	1	0.06503	-0.01505	0.68940	0.00292	1	1.45898	0.81042	0	
1257002	8478.01172	3305579708126	0.53604	0.67379	8477.93750	0.07422	11513	1	0.57078	0.65808	1	0.48978	0.71348	1	0.53028	0.68578	1	0.48464	0.54107	9.69741	1.05845	1	0.74682	0.56524	10.92076	1.05845	1	-0.00361	-0.00949	0.65878	0.00278	1	0.06369	-0.01479	0.67516	0.00286	1	1.45898	0.81042	0	
1257003	8478.01758	3305579775102	0.53576	0.67362	8477.93750	0.08008	11513	1	0.57211	0.61828	1	0.49265	0.72498	1	0.53238	0.67163	1	0.48495	0.54088	10.36915	1.05043	1	0.74684	0.56539	10.87888	1.05043	1	-0.00361	-0.00949	0.65878	0.00281	1	0.06369	-0.01479	0.67516	0.00295	1	1.45898	0.81042	0	
1257004	8478.02441	3305579842384	0.53550	0.67328	8477.93750	0.08691	11513	1	0.57531	0.63944	1	0.48902	0.69836	1	0.53216	0.66890	1	0.48487	0.54101	10.21862	1.04242	1	0.74672	0.56496	11.01196	1.04242	1	-0.00361	-0.00949	0.65878	0.00276	1	0.06369	-0.01479	0.67516	0.00294	1	1.45898	0.81042	0	
1257005	8478.03125	3305579909144	0.53528	0.67299	8477.93750	0.09375	11513	1	0.57531	0.63944	1	0.48902	0.69836	1	0.53216	0.66890	1	0.48502	0.54080	9.61131	1.04242	1	0.74685	0.56551	10.98910	1.04242	1	-0.00382	-0.00985	0.68777	0.00281	1	0.06503	-0.01505	0.68940	0.00290	1	1.45898	0.81042	0	
1257006	8478.03809	3305579976235	0.53540	0.67310	8477.93750	0.10059	11513	1	0.58384	0.64898	1	0.49043	0.70040	1	0.53714	0.67469	1	0.48498	0.54094	10.41962	1.05043	1	0.74672	0.56538	11.23475	1.05043	1	-0.00382	-0.00985	0.68777	0.00279	1	0.06503	-0.01505	0.68940	0.00293	1	1.45898	0.81042	0	
1257007	8478.04492	3305580043963	0.53535	0.67351	8477.93750	0.10742	11513	1	0.58395	0.65660	1	0.48512	0.70369	1	0.53453	0.68014	1	0.48506	0.54111	10.73263	1.05845	1	0.74672	0.56537	11.03852	1.05845	1	-0.00382	-0.00985	0.68777	0.00279	1	0.06503	-0.01505	0.68940	0.00283	1	1.45898	0.81042	0	
1257008	8478.05078	3305580107099	0.53529	0.67377	8477.93750	0.11328	11513	1	0.58350	0.65266	1	0.48514	0.70352	1	0.53432	0.67809	1	0.48487	0.54110	9.70702	1.06647	1	0.74668	0.56535	10.77327	1.05881	1	-0.00376	-0.00975	0.67736	0.00284	1	0.06175	-0.01433	0.65418	0.00282	1	1.45898	0.81042	0	
1257009	8478.05762	3305580175584	0.53446	0.67234	8477.93750	0.12012	11513	1	0.54752	0.57636	1	0.49148	0.71712	1	0.51950	0.64674	1	0.48463	0.54050	9.33110	1.05881	1	0.74676	0.56550	10.71145	1.05115	1	-0.00376	-0.00975	0.67736	0.00316	1	0.06175	-0.01433	0.65418	0.00289	1	1.45898	0.81042	0	
1257010	8478.06445	3305580240332	0.53426	0.67239	8477.93750	0.12695	11513	1	0.58039	0.65838	1	0.48069	0.68805	1	0.53054	0.67321	1	0.48509	0.54119	10.29959	1.05115	1	0.74666	0.56553	10.59134	1.04349	1	-0.00376	-0.00975	0.67736	0.00287	1	0.06175	-0.01433	0.65418	0.00290	1	1.45898	0.81042	0	
1257011	8478.07129	3305580306838	0.53409	0.67261	8477.93750	0.13379	11513	1	0.58084	0.66216	1	0.48036	0.69182	1	0.53060	0.67699	1	0.48498	0.54121	10.60643	1.04349	1	0.74714	0.56512	11.25013	1.03583	1	-0.00368	-0.00986	0.68150	0.00275	1	0.06175	-0.01433	0.65418	0.00310	1	1.45898	0.81042	0	
1257012	8478.07812	3305580375627	0.53460	0.67149	8477.93750	0.14062	11513	1	0.58240	0.59819	1	0.50814	0.69795	1	0.54527	0.64807	1	0.48547	0.54065	9.50586	1.03583	1	0.74709	0.56556	11.40638	1.03583	1	-0.00368	-0.00986	0.68150	0.00302	1	0.06175	-0.01433	0.65418	0.00322	1	1.45898	0.81042	0	
1257013	8478.08496	3305580442924	0.53404	0.67164	8477.93750	0.14746	11513	1	0.56017	0.66321	1	0.48325	0.68673	1	0.52171	0.67497	1	0.48553	0.54108	11.12194	1.03583	1	0.74734	0.56598	11.42692	1.03583	1	-0.00368	-0.00986	0.68150	0.00281	1	0.06175	-0.01433	0.65418	0.00305	1	1.45898	0.81042	0	
1257014	8478.09180	3305580509127	0.53353	0.67170	8477.93750	0.15430	11513	1	0.56017	0.66321	1	0.48360	0.68292	1	0.52188	0.67307	1	0.48677	0.54106	10.20803	1.03583	1	0.74834	0.56608	11.22034	1.04349	1	-0.00347	-0.00991	0.68138	0.00293	1	0.06435	-0.01487	0.67891	0.00308	1	1.45898	0.81042	0	
1257015	8478.09766	3305580576252	0.53556	0.67150	8477.93750	0.16016	11513	1	0.62040	0.62262	1	0.54809	0.71060	1	0.58425	0.66661	1	0.48685	0.54037	10.61214	1.04349	1	0.74855	0.56610	11.39991	1.05115	1	-0.00347	-0.00991	0.68138	0.00300	1	0.06435	-0.01487	0.67891	0.00286	1	1.45898	0.81042	0	
1257016	8478.10449	3305580644516	0.53769	0.67025	8477.93750	0.16699	11513	1	0.62193	0.61541	1	0.56016	0.66253	1	0.59105	0.63897	1	0.48689	0.54064	11.08027	1.05115	1	0.74863	0.56594	11.17442	1.05881	1	-0.00347	-0.00991	0.68138	0.00283	1	0.06435	-0.01487	0.67891	0.00295	1	1.45898	0.81042	0	
1257017	8478.11133	3305580712460	0.53969	0.66901	8477.93750	0.17383	11513	1	0.62194	0.61560	1	0.56112	0.65826	1	0.59153	0.63693	1	0.48683	0.54098	10.85671	1.05079	1	0.74832	0.56657	12.15122	1.06713	1	-0.00326	-0.00944	0.64850	0.00282	1	0.06707	-0.01564	0.70703	0.00299	1	1.45898	0.81042	0	
1257018	8478.11816	3305580779592	0.54125	0.66995	8477.93750	0.18066	11513	1	0.62750	0.64334	1	0.53926	0.74692	1	0.58338	0.69513	1	0.48689	0.54116	10.56771	1.05912	1	0.74828	0.56660	12.16111	1.06780	1	-0.00326	-0.00944	0.64850	0.00287	1	0.06707	-0.01564	0.70703	0.00300	1	1.45898	0.81042	0	
1257019	8478.12500	3305580846872	0.54244	0.67004	8477.93750	0.18750	11513	1	0.62094	0.63758	1	0.53090	0.70755	1	0.57592	0.67256	1	0.48683	0.54110	10.32870	1.05978	1	0.74817	0.56655	12.12776	1.06846	1	-0.00326	-0.00944	0.64850	0.00290	1	0.06707	-0.01564	0.70703	0.00301	1	1.45898	0.81042	0	
1257020	8478.13184	3305580913656	0.54357	0.66998	8477.93750	0.19434	11513	1	0.62074	0.63317	1	0.53166	0.70351	1	0.57620	0.66834	1	0.48679	0.54125	11.09237	1.06846	1	0.74834	0.56628	11.67318	1.07714	1	-0.00347	-0.00991	0.68138	0.00281	1	0.06689	-0.01550	0.70519	0.00301	1	1.45898	0.81042	0	
1257021	8478.13867	3305580981703	0.54503	0.66937	8477.93750	0.20117	11513	1	0.62223	0.61501	1	0.55584	0.68710	1	0.58904	0.65105	1	0.48680	0.54090	10.30509	1.08516	1	0.74841	0.56621	11.68099	1.08516	1	-0.00347	-0.00991	0.68138	0.00293	1	0.06689	-0.01550	0.70519	0.00301	1	1.45898	0.81042	0	
1257022	8478.14551	3305581046828	0.54578	0.66926	8477.93750	0.20801	11513	1	0.59660	0.62879	1	0.54129	0.70327	1	0.56894	0.66603	1	0.48660	0.54123	11.47759	1.09317	1	0.74834	0.56642	12.10094	1.09317	1	-0.00347	-0.00991	0.68138	0.00280	1	0.06689	-0.01550	0.70519	0.00299	1	1.45898	0.81042	0	
1257023	8478.15137	3305581113585	0.54649	0.66905	8477.93750	0.21387	11513	1	0.59626	0.62478	1	0.54205	0.69959	1	0.56915	0.66218	1	0.48662	0.54114	10.85397	1.10119	1	0.74840	0.56664	11.70548	1.10119	1	-0.00347	-0.00991	0.68138	0.00285	1	0.06689	-0.01550	0.70519	0.00300	1	1.45898	0.81042	0	
1257024	8478.15820	3305581181485	0.54727	0.66909	8477.93750	0.22070	11513	1	0.60826	0.63974	1	0.53750	0.70110	1	0.57288	0.67042	1	0.48648	0.54130	11.51126	1.10119	1	0.74823	0.56655	11.96690	1.10119	1	-0.00347	-0.00991	0.68138	0.00286	1	0.06689	-0.01550	0.70519	0.00302	1	1.45898	0.81042	0	
1257025	8478.16504	3305581248948	0.57435	0.66599	8477.93750	0.22070	11513	0	0.60836	0.67659	1	0.52765	0.70451	1	0.56801	0.69055	1	0.48664	0.54126	11.06100	1.10119	1	0.74806	0.56650	11.69165	1.10119	1	-0.00347	-0.00991	0.68138	0.00286	1	0.06689	-0.01550	0.70519	0.00305	1	1.45898	0.81042	0	
1257026	8478.17188	3305581315793	0.57090	0.68107	8477.93750	0.22070	11513	0	0.60863	0.68022	1	0.52628	0.71208	1	0.56745	0.69615	1	0.48659	0.54127	11.11484	1.09317	1	0.74839	0.56618	11.33713	1.08449	1	-0.00326	-0.00944	0.64850	0.00288	1	0.06452	-0.01506	0.68071	0.00302	1	1.45898	0.81042	0	
1257027	8478.17871	3305581383581	0.57504	0.68674	8477.93750	0.22070	11513	0	0.62642	0.67150	1	0.54021	0.72467	1	0.58332	0.69809	1	0.48686	0.54114	10.63112	1.07648	1	0.74838	0.56648	11.88933	1.06780	1	-0.00326	-0.00944	0.64850	0.00281	1	0.06452	-0.01506	0.68071	0.00300	1	1.45898	0.81042	0	
1257028	8478.18555	3305581450250	0.58032	0.68978	8478.16504	0.02051	11514	1	0.63239	0.67502	1	0.55996	0.72276	1	0.59617	0.69889	1	0.48683	0.54110	10.84110	1.05978	1	0.74869	0.56636	11.51209	1.05110	1	-0.00326	-0.00944	0.64850	0.00286	1	0.06452	-0.01506	0.68071	0.00292	1	1.45898	0.81042	0	
1257029	8478.19238	3305581516259	0.58342	0.69276	8478.16504	0.02734	11514	1	0.63261	0.68290	1	0.55902	0.72644	1	0.59582	0.70467	1	0.48688	0.54089	10.44655	1.04308	1	0.74851	0.56635	11.52856	1.04308	1	-0.00326	-0.00944	0.64850	0.00293	1	0.06617	-0.01538	0.69758	0.00305	1	1.45898	0.81042	0	
1257030	8478.19922	3305581585060	0.58292	0.69143	8478.16504	0.03418	11514	1	0.62316	0.66761	1	0.53765	0.70195	1	0.58041	0.68478	1	0.48683	0.54099	10.48780	1.04308	1	0.74833	0.56639	12.06096	1.05176	1	-0.00326	-0.00944	0.64850	0.00291	1	0.06617	-0.01538	0.69758	0.00298	1	1.45898	0.81042	0	
1257031	8478.20508	3305581649620	0.58370	0.69136	8478.16504	0.04004	11514	1	0.62225	0.65940	1	0.55457	0.72251	1	0.58841	0.69096	1	0.48674	0.54088	10.36607	1.05176	1	0.74862	0.56651	11.98506	1.06044	1	-0.00326	-0.00944	0.64850	0.00294	1	0.06617	-0.01538	0.69758	0.00292	1	1.45898	0.81042	0	
1257032	8478.21191	3305581714363	0.58428	0.69104	8478.16504	0.04688	11514	1	0.62206	0.65514	1	0.55457	0.72251	1	0.58831	0.68883	1	0.48719	0.54090	10.19261	1.06044	1	0.74842	0.56642	11.57293	1.06044	1	-0.00326	-0.00944	0.64850	0.00297	1	0.06421	-0.01486	0.67644	0.00303	1	1.45898	0.81042	0	
1257033	8478.21875	3305581782780	0.58474	0.69032	8478.16504	0.05371	11514	1	0.65418	0.64806	1	0.52264	0.72103	1	0.58841	0.68454	1	0.48728	0.54104	10.35268	1.06044	1	0.74802	0.56643	11.69215	1.05176	1	-0.00326	-0.00944	0.64850	0.00276	1	0.06421	-0.01486	0.67644	0.00308	1	1.45898	0.81042	0	
1257034	8478.22559	3305581848735	0.58320	0.69276	8478.16504	0.06055	11514	1	0.61498	0.70618	1	0.52368	0.72321	1	0.56933	0.71470	1	0.48675	0.54124	10.99357	1.05176	1	0.74819	0.56637	11.38200	1.04308	1	-0.00326	-0.00944	0.64850	0.00277	1	0.06421	-0.01486	0.67644	0.00315	1	1.45898	0.81042	0	
1257035	8478.23242	3305581918206	0.58192	0.69511	8478.16504	0.06738	11514	1	0.61523	0.71006	1	0.52295	0.72721	1	0.56909	0.71864	1	0.48673	0.54115	10.85813	1.04308	1	0.74874	0.56671	12.11885	1.03440	1	-0.00326	-0.00944	0.64850	0.00279	1	0.06421	-0.01486	0.67644	0.00294	1	1.45898	0.81042	0	
1257036	8478.23828	3305581978865	0.58185	0.69830	8478.16504	0.07324	11514	1	0.61758	0.68610	1	0.54467	0.78071	1	0.58113	0.73341	1	0.48718	0.54088	10.37040	1.03440	1	0.74842	0.56642	11.57293	1.03440	1	-0.00326	-0.00944	0.64850	0.00285	1	0.06421	-0.01486	0.67644	0.00303	1	1.45898	0.81042	0	
1257037	8478.24512	3305582048903	0.58129	0.70226	8478.16504	0.08008	11514	1	0.59570	0.65884	1	0.55342	0.84075	1	0.57456	0.74980	1	0.48690	0.54078	10.37987	1.03440	1	0.74856	0.56666	11.65316	1.03440	1	-0.00326	-0.00944	0.64850	0.00294	1	0.06421	-0.01486	0.67644	0.00294	1	1.45898	0.81042	0	
1257038	8478.25195	3305582115383	0.58077	0.70560	8478.16504	0.08691	11514	1	0.59533	0.65483	1	0.55269	0.84302	1	0.57401	0.74892	1	0.48690	0.54060	10.72952	1.04242	1	0.74843	0.56574	11.13073	1.02795	1	-0.00339	-0.00982	0.68566	0.00306	1	0.06112	-0.01398	0.64489	0.00325	1	1.45898	0.81042	0	
1257039	8478.25879	3305582184807	0.57908	0.70473	8478.16504	0.09375	11514	1	0.59716	0.63536	1	0.51356	0.74979	1	0.55536	0.69257	1	0.48679	0.54052	10.49832	1.03597	1	0.74832	0.56565	11.60741	1.02150	1	-0.00339	-0.00982	0.68566	0.00308	1	0.06112	-0.01398	0.64489	0.00308	1	1.45898	0.81042	0	
1257040	8478.26562	3305582253198	0.57834	0.70393	8478.16504	0.10059	11514	1	0.59917	0.62727	1	0.53548	0.75666	1	0.56732	0.69197	1	0.48681	0.54039	10.56860	1.02952	1	0.74872	0.56566	11.89379	1.01505	1	-0.00339	-0.00982	0.68566	0.00306	1	0.06112	-0.01398	0.64489	0.00297	1	1.45898	0.81042	0	
1257041	8478.27246	3305582320745	0.57767	0.70364	8478.16504	0.10742	11514	1	0.59980	0.63499	1	0.53407	0.76304	1	0.56694	0.69901	1	0.48678	0.54034	10.38764	1.01505	1	0.74861	0.56574	12.26005	1.00058	1	-0.00329	-0.00933	0.65454	0.00311	1	0.06007	-0.01379	0.63384	0.00297	1	1.45898	0.81042	0	
1257042	8478.27930	3305582387601	0.57744	0.70437	8478.16504	0.11426	11514	1	0.60541	0.66535	1	0.54167	0.76813	1	0.57354	0.71674	1	0.48698	0.54012	10.04431	0.99256	1	0.74851	0.56567	11.63826	0.99256	1	-0.00329	-0.00933	0.65454	0.00314	1	0.06007	-0.01379	0.63384	0.00303	1	1.45898	0.81042	0	
1257043	8478.28613	3305582454600	0.57759	0.70610	8478.16504	0.12109	11514	1	0.60966	0.70194	1	0.55091	0.77269	1	0.58029	0.73731	1	0.48690	0.54017	10.53470	0.98455	1	0.74863	0.56567	12.20482	0.98455	1	-0.00329	-0.00933	0.65454	0.00298	1	0.06007	-0.01379	0.63384	0.00300	1	1.45898	0.81042	0	
1257044	8478.29297	3305582521131	0.57771	0.70785	8478.16504	0.12793	11514	1	0.60995	0.70580	1	0.54999	0.77621	1	0.57997	0.74100	1	0.48699	0.54025	10.79247	0.97653	1	0.74843	0.56572	11.90659	0.97653	1	-0.00329	-0.00933	0.65454	0.00295	1	0.06007	-0.01379	0.63384	0.00300	1	1.45898	0.81042	0	
1257045	8478.29980	3305582588687	0.57681	0.71003	8478.16504	0.13477	11514	1	0.60381	0.72430	1	0.51386	0.78307	1	0.55883	0.75369	1	0.48684	0.54027	10.58760	0.97653	1	0.74845	0.56570	11.47893	0.97653	1	-0.00329	-0.00933	0.65454	0.00299	1	0.06007	-0.01379	0.63384	0.00301	1	1.45898	0.81042	0	
1257046	8478.30566	3305582653365	0.57566	0.71137	8478.16504	0.14062	11514	1	0.59552	0.70495	1	0.50735	0.77408	1	0.55144	0.73951	1	0.48684	0.54027	10.58760	0.97653	1	0.74835	0.56567	11.53426	0.97653	1	-0.00329	-0.00933	0.65454	0.00299	1	0.06007	-0.01379	0.63384	0.00304	1	1.45898	0.81042	0	
1257047	8478.31250	3305582722754	0.57461	0.71243	8478.16504	0.14746	11514	1	0.59512	0.70108	1	0.50794	0.77056	1	0.55153	0.73582	1	0.48710	0.54001	10.01880	0.98455	1	0.74858	0.56575	11.20084	0.98455	1	-0.00348	-0.00972	0.68201	0.00306	1	0.06112	-0.01398	0.64489	0.00300	1	1.45898	0.81042	0	
1257048	8478.31934	3305582790188	0.57446	0.71334	8478.16504	0.15430	11514	1	0.59492	0.67925	1	0.54729	0.78890	1	0.57111	0.73407	1	0.48677	0.54030	10.40023	0.99256	1	0.74855	0.56573	11.91552	0.99256	1	-0.00348	-0.00972	0.68201	0.00301	1	0.06112	-0.01398	0.64489	0.00299	1	1.45898	0.81042	0	
1257049	8478.32617	3305582856861	0.57378	0.71392	8478.16504	0.16113	11514	1	0.59433	0.69334	1	0.52029	0.76240	1	0.55731	0.72787	1	0.48684	0.54027	10.58760	1.00058	1	0.74841	0.56566	11.70041	1.00058	1	-0.00348	-0.00972	0.68201	0.00299	1	0.06112	-0.01398	0.64489	0.00306	1	1.45898	0.81042	0	
1257050	8478.33301	3305582923840	0.57314	0.71445	8478.16504	0.16797	11514	1	0.59433	0.69334	1	0.52029	0.76240	1	0.55731	0.72787	1	0.48682	0.54035	10.65939	1.00058	1	0.74843	0.56572	11.90659	1.00058	1	-0.00329	-0.00933	0.65454	0.00298	1	0.06112	-0.01398	0.64489	0.00300	1	1.45898	0.81042	0	
1257051	8478.33887	3305582988629	0.57329	0.71510	8478.16504	0.17383	11514	1	0.60000	0.70465	1	0.55439	0.75922	1	0.57720	0.73193	1	0.48682	0.54035	10.65939	0.99256	1	0.74868	0.56555	11.67440	0.99256	1	-0.00329	-0.00933	0.65454	0.00298	1	0.06112	-0.01398	0.64489	0.00296	1	1.45898	0.81042	0	
1257052	8478.34668	3305583057424	0.57341	0.71519	8478.16504	0.18164	11514	1	0.60333	0.64424	1	0.54991	0.79075	1	0.57662	0.71749	1	0.48705	0.53972	9.88777	0.98455	1	0.74871	0.56576	11.62724	0.98455	1	-0.00329	-0.00933	0.65454	0.00299	1	0.06112	-0.01398	0.64489	0.00298	1	1.45898	0.81042	0	
1257053	8478.35254	3305583124988	0.57351	0.71540	8478.16504	0.18750	11514	1	0.60366	0.64857	1	0.54899	0.79412	1	0.57633	0.72134	1	0.48693	0.54007	10.37524	0.97653	1	0.74905	0.56560	11.57580	0.97653	1	-0.00329	-0.00933	0.65454	0.00293	1	0.06112	-0.01398	0.64489	0.00295	1	1.45898	0.81042	0	
1257054	8478.35938	3305583191654	0.57416	0.71520	8478.16504	0.19434	11514	1	0.62329	0.67242	1	0.56231	0.74635	1	0.59280	0.70938	1	0.48690	0.54015	10.39914	0.97653	1	0.74883	0.56544	11.53920	0.97653	1	-0.00329	-0.00933	0.65454	0.00292	1	0.06112	-0.01398	0.64489	0.00293	1	1.45898	0.81042	0	
1257055	8478.36621	3305583258429	0.57500	0.71505	8478.16504	0.20117	11514	1	0.62944	0.65591	1	0.57134	0.76512	1	0.60039	0.71052	1	0.48698	0.54008	10.44561	0.97653	1	0.74902	0.56540	11.33068	0.97653	1	-0.00329	-0.00933	0.65454	0.00287	1	0.06112	-0.01398	0.64489	0.00292	1	1.45898	0.81042	0	
1257056	8478.37305	3305583325111	0.57584	0.71468	8478.16504	0.20801	11514	1	0.62930	0.65165	1	0.57442	0.75497	1	0.60186	0.70331	1	0.48688	0.53946	10.17510	0.98455	1	0.74806	0.56566	12.04630	0.99902	1	-0.00348	-0.00972	0.68201	0.00308	1	0.06112	-0.01398	0.64489	0.00325	1	1.45898	0.81042	0	
1257057	8478.37988	3305583392636	0.57531	0.71375	8478.16504	0.21484	11514	1	0.62179	0.62602	1	0.49501	0.74168	1	0.55840	0.68385	1	0.48687	0.53945	10.11506	1.00703	1	0.74811	0.56551	11.80663	1.02150	1	-0.00348	-0.00972	0.68201	0.00301	1	0.06112	-0.01398	0.64489	0.00325	1	1.45898	0.81042	0	
1257058	8478.38672	3305583458889	0.57573	0.71471	8478.16504	0.22168	11514	1	0.61403	0.72221	1	0.56511	0.77095	1	0.58957	0.74658	1	0.48621	0.53992	9.43110	1.02952	1	0.74876	0.56485	11.06434	1.04398	1	-0.00348	-0.00972	0.68201	0.00279	1	0.06112	-0.01398	0.64489	0.00285	1	1.45898	0.81042	0	
1257059	8478.39355	3305583526116	0.57551	0.71605	8478.16504	0.22852	11514	1	0.61403	0.72221	0	0.56786	0.76159	1	0.56786	0.76159	1	0.48621	0.53992	9.43110	1.05200	0	0.74807	0.56512	11.09286	1.06647	1	-0.00348	-0.00972	0.68201	0.00279	1	0.06486	-0.01455	0.68546	0.00262	1	1.45898	0.81042	0	
1257060	8478.39941	3305583593658	0.57179	0.71763	8478.16504	0.23438	11514	1	0.61403	0.72221	0	0.44163	0.77297	1	0.44163	0.77297	1	0.48621	0.53992	9.43110	1.06647	0	0.74691	0.56441	6.33596	1.06647	1	-0.00348	-0.00972	0.68201	0.00279	1	0.06486	-0.01455	0.68546	0.00202	1	1.45898	0.81042	0	
1257061	8478.40625	3305583660395	0.57179	0.71763	8478.16504	0.24121	11514	1	0.61403	0.72221	0	0.44163	0.77297	0	0.44163	0.77297	0	0.48621	0.53992	9.43110	1.06647	0	0.74691	0.56441	6.33596	1.06647	0	-0.00348	-0.00972	0.68201	0.00279	1	0.06486	-0.01455	0.68546	0.00202	1	1.45898	0.81042	0	
1257062	8478.41309	3305583727335	0.57179	0.71763	8478.16504	0.24805	11514	1	0.61403	0.72221	0	0.44163	0.77297	0	0.44163	0.77297	0	0.48621	0.53992	9.43110	1.06647	0	0.74691	0.56441	6.33596	1.06647	0	-0.00348	-0.00972	0.68201	0.00279	1	0.06486	-0.01455	0.68546	0.00202	1	1.45898	0.81042	0	
1257063	8478.41992	3305583792271	0.57179	0.71763	8478.16504	0.25488	11514	1	0.61403	0.72221	0	0.44163	0.77297	0	0.44163	0.77297	0	0.48621	0.53992	9.43110	1.06647	0	0.74691	0.56441	6.33596	1.06647	0	-0.00348	-0.00972	0.68201	0.00279	1	0.06486	-0.01455	0.68546	0.00202	1	1.45898	0.81042	0	
1257064	8478.42676	3305583858921	0.56644	0.72623	8478.16504	0.25488	11514	0	0.61403	0.72221	0	0.44163	0.77297	0	0.44163	0.77297	0	0.48621	0.53992	9.43110	1.06647	0	0.74691	0.56441	6.33596	1.06647	0	-0.00348	-0.00972	0.68201	0.00279	1	0.06486	-0.01455	0.68546	0.00202	1	1.45898	0.81042	0	
1257065	8478.43359	3305583926580	0.56644	0.72623	8478.16504	0.25488	11514	0	0.61403	0.72221	0	0.44163	0.77297	0	0.44163	0.77297	0	0.48621	0.53992	9.43110	1.06647	0	0.74691	0.56441	6.33596	1.06647	0	-0.00348	-0.00972	0.68201	0.00279	1	0.06486	-0.01455	0.68546	0.00202	1	1.45898	0.81042	0	
1257066	8478.44043	3305583995009	0.56644	0.72623	8478.16504	0.25488	11514	0	0.61403	0.72221	0	0.44163	0.77297	0	0.44163	0.77297	0	0.48621	0.53992	9.43110	1.06647	0	0.74691	0.56441	6.33596	1.06647	0	-0.00348	-0.00972	0.68201	0.00279	1	0.06486	-0.01455	0.68546	0.00202	1	1.45898	0.81042	0	
1257067	8478.44629	3305584062438	0.00000	0.00000	8478.16504	0.25488	11514	0	0.61403	0.72221	0	0.44163	0.77297	0	0.44163	0.77297	0	0.48621	0.53992	9.43110	1.06647	0	0.74691	0.56441	6.33596	1.06647	0	-0.00348	-0.00972	0.68201	0.00279	1	0.06486	-0.01455	0.68546	0.00202	1	1.45898	0.81042	0	
1257068	8478.45312	3305584128917	0.00000	0.00000	8478.16504	0.25488	11514	0	0.61403	0.72221	0	0.44163	0.77297	0	0.44163	0.77297	0	0.48621	0.53992	9.43110	1.06647	0	0.74691	0.56441	6.33596	1.06647	0	-0.00348	-0.00972	0.68201	0.00279	1	0.06486	-0.01455	0.68546	0.00202	1	1.45898	0.81042	0	
1257069	8478.45996	3305584193939	0.00000	0.00000	8478.16504	0.25488	11514	0	0.61403	0.72221	0	0.44163	0.77297	0	0.44163	0.77297	0	0.48621	0.53992	9.43110	1.06647	0	0.74691	0.56441	6.33596	1.06647	0	-0.00348	-0.00972	0.68201	0.00279	1	0.06486	-0.01455	0.68546	0.00202	1	1.45898	0.81042	0	
1257070	8478.46680	3305584261943	0.00000	0.00000	8478.16504	0.25488	11514	0	0.61403	0.72221	0	0.44163	0.77297	0	0.44163	0.77297	0	0.48621	0.53992	9.43110	1.06647	0	0.74691	0.56441	6.33596	1.06647	0	-0.00348	-0.00972	0.68201	0.00279	1	0.06486	-0.01455	0.68546	0.00202	1	1.45898	0.81042	0	
1257071	8478.47363	3305584331498	0.00000	0.00000	8478.16504	0.25488	11514	0	0.61403	0.72221	0	0.44163	0.77297	0	0.44163	0.77297	0	0.48621	0.53992	9.43110	1.06647	0	0.74691	0.56441	6.33596	1.06647	0	-0.00348	-0.00972	0.68201	0.00279	1	0.06486	-0.01455	0.68546	0.00202	1	1.45898	0.81042	0	
1257072	8478.48047	3305584397298	0.00000	0.00000	8478.16504	0.25488	11514	0	0.61403	0.72221	0	0.44163	0.77297	0	0.44163	0.77297	0	0.48621	0.53992	9.43110	1.06647	0	0.74691	0.56441	6.33596	1.06647	0	-0.00348	-0.00972	0.68201	0.00279	1	0.06486	-0.01455	0.68546	0.00202	1	1.45898	0.81042	0	
1257073	8478.48633	3305584461774	0.00000	0.00000	8478.16504	0.25488	11514	0	0.61403	0.72221	0	0.44163	0.77297	0	0.44163	0.77297	0	0.48621	0.53992	9.43110	1.06647	0	0.74691	0.56441	6.33596	1.06647	0	-0.00348	-0.00972	0.68201	0.00279	1	0.06486	-0.01455	0.68546	0.00202	1	1.45898	0.81042	0	
1257074	8478.49316	3305584531500	0.00000	0.00000	8478.16504	0.25488	11514	0	0.61403	0.72221	0	0.44163	0.77297	0	0.44163	0.77297	0	0.48621	0.53992	9.43110	1.06647	0	0.74691	0.56441	6.33596	1.06647	0	-0.00348	-0.00972	0.68201	0.00279	1	0.06486	-0.01455	0.68546	0.00202	1	1.45898	0.81042	0	
1257075	8478.50000	3305584598142	0.00000	0.00000	8478.16504	0.25488	11514	0	0.61403	0.72221	0	0.44163	0.77297	0	0.44163	0.77297	0	0.48621	0.53992	9.43110	1.06647	0	0.74691	0.56441	6.33596	1.06647	0	-0.00348	-0.00972	0.68201	0.00279	1	0.06486	-0.01455	0.68546	0.00202	1	1.45898	0.81042	0	
1257076	8478.50684	3305584665496	0.00000	0.00000	8478.16504	0.25488	11514	0	0.61403	0.72221	0	0.44163	0.77297	0	0.44163	0.77297	0	0.48621	0.53992	9.43110	1.06647	0	0.74691	0.56441	6.33596	1.06647	0	-0.00348	-0.00972	0.68201	0.00279	1	0.06486	-0.01455	0.68546	0.00202	1	1.45898	0.81042	0	
1257077	8478.51367	3305584731562	0.00000	0.00000	8478.16504	0.25488	11514	0	0.61403	0.72221	0	0.44163	0.77297	0	0.44163	0.77297	0	0.48621	0.53992	9.43110	1.06647	0	0.74691	0.56441	6.33596	1.06647	0	-0.00348	-0.00972	0.68201	0.00279	1	0.06486	-0.01455	0.68546	0.00202	1	1.45898	0.81042	0	
1257078	8478.52051	3305584798824	0.00000	0.00000	8478.16504	0.25488	11514	0	0.61403	0.72221	0	0.44163	0.77297	0	0.44163	0.77297	0	0.48621	0.53992	9.43110	1.06647	0	0.74691	0.56441	6.33596	1.06647	0	-0.00348	-0.00972	0.68201	0.00279	1	0.06486	-0.01455	0.68546	0.00202	1	1.45898	0.81042	0	
1257079	8478.52734	3305584865801	0.00000	0.00000	8478.16504	0.25488	11514	0	0.61403	0.72221	0	0.44163	0.77297	0	0.44163	0.77297	0	0.48621	0.53992	9.43110	1.06647	0	0.74691	0.56441	6.33596	1.06647	0	-0.00348	-0.00972	0.68201	0.00279	1	0.06486	-0.01455	0.68546	0.00202	1	1.45898	0.81042	0	
1257080	8478.53418	3305584933260	0.00000	0.00000	8478.16504	0.25488	11514	0	0.61403	0.72221	0	0.44163	0.77297	0	0.44163	0.77297	0	0.48621	0.53992	9.43110	1.06647	0	0.74691	0.56441	6.33596	1.06647	0	-0.00348	-0.00972	0.68201	0.00279	1	0.06486	-0.01455	0.68546	0.00202	1	1.45898	0.81042	0	
1257081	8478.54102	3305585000457	0.00000	0.00000	8478.16504	0.25488	11514	0	0.61403	0.72221	0	0.44163	0.77297	0	0.44163	0.77297	0	0.48621	0.53992	9.43110	1.06647	0	0.74691	0.56441	6.33596	1.06647	0	-0.00348	-0.00972	0.68201	0.00279	1	0.06486	-0.01455	0.68546	0.00202	1	1.45898	0.81042	0	
1257082	8478.54688	3305585067091	0.00000	0.00000	8478.16504	0.25488	11514	0	0.61403	0.72221	0	0.44163	0.77297	0	0.44163	0.77297	0	0.48621	0.53992	9.43110	1.06647	0	0.74691	0.56441	6.33596	1.06647	0	-0.00348	-0.00972	0.68201	0.00279	1	0.06486	-0.01455	0.68546	0.00202	1	1.45898	0.81042	0	
1257083	8478.55371	3305585134074	0.00000	0.00000	8478.16504	0.25488	11514	0	0.61403	0.72221	0	0.44163	0.77297	0	0.44163	0.77297	0	0.48621	0.53992	9.43110	1.06647	0	0.74691	0.56441	6.33596	1.06647	0	-0.00348	-0.00972	0.68201	0.00279	1	0.06486	-0.01455	0.68546	0.00202	1	1.45898	0.81042	0	
1257084	8478.56055	3305585201415	0.00000	0.00000	8478.16504	0.25488	11514	0	0.61403	0.72221	0	0.44163	0.77297	0	0.44163	0.77297	0	0.48621	0.53992	9.43110	1.06647	0	0.74691	0.56441	6.33596	1.06647	0	-0.00348	-0.00972	0.68201	0.00279	1	0.06486	-0.01455	0.68546	0.00202	1	1.45898	0.81042	0	
1257085	8478.56738	3305585267938	0.00000	0.00000	8478.16504	0.25488	11514	0	0.61403	0.72221	0	0.44163	0.77297	0	0.44163	0.77297	0	0.48621	0.53992	9.43110	1.06647	0	0.74691	0.56441	6.33596	1.06647	0	-0.00348	-0.00972	0.68201	0.00279	1	0.06486	-0.01455	0.68546	0.00202	1	1.45898	0.81042	0	
1257086	8478.57422	3305585334687	0.00000	0.00000	8478.16504	0.25488	11514	0	0.61403	0.72221	0	0.44163	0.77297	0	0.44163	0.77297	0	0.48621	0.53992	9.43110	1.06647	0	0.74691	0.56441	6.33596	1.06647	0	-0.00348	-0.00972	0.68201	0.00279	1	0.06486	-0.01455	0.68546	0.00202	1	1.45898	0.81042	0	
1257087	8478.58105	3305585401391	0.00000	0.00000	8478.16504	0.25488	11514	0	0.61403	0.72221	0	0.44163	0.77297	0	0.44163	0.77297	0	0.48621	0.53992	9.43110	1.06647	0	0.74691	0.56441	6.33596	1.06647	0	-0.00348	-0.00972	0.68201	0.00279	1	0.06486	-0.01455	0.68546	0.00202	1	1.45898	0.81042	0	
1257088	8478.58691	3305585467284	0.00000	0.00000	8478.16504	0.25488	11514	0	0.61403	0.72221	0	0.44163	0.77297	0	0.44163	0.77297	0	0.48621	0.53992	9.43110	1.06647	0	0.74691	0.56441	6.33596	1.06647	0	-0.00348	-0.00972	0.68201	0.00279	1	0.06486	-0.01455	0.68546	0.00202	1	1.45898	0.81042	0	
1257089	8478.59375	3305585535739	0.00000	0.00000	8478.16504	0.25488	11514	0	0.61403	0.72221	0	0.44163	0.77297	0	0.44163	0.77297	0	0.48621	0.53992	9.43110	1.06647	0	0.74691	0.56441	6.33596	1.06647	0	-0.00348	-0.00972	0.68201	0.00279	1	0.06486	-0.01455	0.68546	0.00202	1	1.45898	0.81042	0	
1257090	8478.60059	3305585604005	0.00000	0.00000	8478.16504	0.25488	11514	0	0.61403	0.72221	0	0.44163	0.77297	0	0.44163	0.77297	0	0.48621	0.53992	9.43110	1.06647	0	0.74691	0.56441	6.33596	1.06647	0	-0.00348	-0.00972	0.68201	0.00279	1	0.06486	-0.01455	0.68546	0.00202	1	1.45898	0.81042	0	
1257091	8478.60742	3305585671652	0.00000	0.00000	8478.16504	0.25488	11514	0	0.61403	0.72221	0	0.44163	0.77297	0	0.44163	0.77297	0	0.48621	0.53992	9.43110	1.06647	0	0.74691	0.56441	6.33596	1.06647	0	-0.00348	-0.00972	0.68201	0.00279	1	0.06486	-0.01455	0.68546	0.00202	1	1.45898	0.81042	0	
1257092	8478.61426	3305585735641	0.22084	0.38475	8478.16504	0.25488	11514	0	0.61403	0.72221	0	0.44168	0.76950	1	0.44168	0.76950	1	0.48621	0.53992	9.43110	1.06647	0	0.74363	0.55766	11.11820	1.07515	1	-0.00348	-0.00972	0.68201	0.00279	1	0.06461	-0.01410	0.69098	0.00391	1	1.45898	0.81042	0	
1257093	8478.62012	3305585800996	0.22084	0.38475	8478.16504	0.25488	11514	0	0.61403	0.72221	0	0.44168	0.76950	0	0.44168	0.76950	0	0.48621	0.53992	9.43110	1.07515	0	0.74363	0.55766	11.11820	1.08383	0	-0.00348	-0.00972	0.68201	0.00279	1	0.06461	-0.01410	0.69098	0.00391	1	1.45898	0.81042	0	
1257094	8478.62793	3305585870636	0.44168	0.76950	8478.16504	0.25488	11514	0	0.61403	0.72221	0	0.44168	0.76950	0	0.44168	0.76950	0	0.48621	0.53992	9.43110	1.08383	0	0.74363	0.55766	11.11820	1.09251	0	-0.00348	-0.00972	0.68201	0.00279	1	0.06461	-0.01410	0.69098	0.00391	1	1.45898	0.81042	0	
1257095	8478.63477	3305585938525	0.44168	0.76950	8478.16504	0.25488	11514	0	0.61403	0.72221	0	0.44168	0.76950	0	0.44168	0.76950	0	0.48621	0.53992	9.43110	1.09251	0	0.74363	0.55766	11.11820	1.10119	0	-0.00348	-0.00972	0.68201	0.00279	1	0.06461	-0.01410	0.69098	0.00391	1	1.45898	0.81042	0	
1257096	8478.64062	3305586000771	0.44168	0.76950	8478.16504	0.25488	11514	0	0.61403	0.72221	0	0.44168	0.76950	0	0.44168	0.76950	0	0.48621	0.53992	9.43110	1.10119	0	0.74363	0.55766	11.11820	1.10119	0	-0.00348	-0.00972	0.68201	0.00279	1	0.06461	-0.01410	0.69098	0.00391	1	1.45898	0.81042	0	
1257097	8478.64746	3305586069543	0.00000	0.00000	8478.16504	0.25488	11514	0	0.61403	0.72221	0	0.44168	0.76950	0	0.44168	0.76950	0	0.48621	0.53992	9.43110	1.10119	0	0.74363	0.55766	11.11820	1.10119	0	-0.00348	-0.00972	0.68201	0.00279	1	0.06461	-0.01410	0.69098	0.00391	1	1.45898	0.81042	0	
1257098	8478.65430	3305586135569	0.00000	0.00000	8478.16504	0.25488	11514	0	0.61403	0.72221	0	0.44168	0.76950	0	0.44168	0.76950	0	0.48621	0.53992	9.43110	1.10119	0	0.74363	0.55766	11.11820	1.10119	0	-0.00348	-0.00972	0.68201	0.00279	1	0.06461	-0.01410	0.69098	0.00391	1	1.45898	0.81042	0	
1257099	8478.66113	3305586203571	0.00000	0.00000	8478.16504	0.25488	11514	0	0.61403	0.72221	0	0.44168	0.76950	0	0.44168	0.76950	0	0.48621	0.53992	9.43110	1.10119	0	0.74363	0.55766	11.11820	1.10119	0	-0.00348	-0.00972	0.68201	0.00279	1	0.06461	-0.01410	0.69098	0.00391	1	1.45898	0.81042	0	
1257100	8478.66699	3305586269066	0.00000	0.00000	8478.16504	0.25488	11514	0	0.61403	0.72221	0	0.44168	0.76950	0	0.44168	0.76950	0	0.48621	0.53992	9.43110	1.10119	0	0.74363	0.55766	11.11820	1.10119	0	-0.00348	-0.00972	0.68201	0.00279	1	0.06461	-0.01410	0.69098	0.00391	1	1.45898	0.81042	0	
1257101	8478.67383	3305586336836	0.00000	0.00000	8478.16504	0.25488	11514	0	0.61403	0.72221	0	0.44168	0.76950	0	0.44168	0.76950	0	0.48621	0.53992	9.43110	1.10119	0	0.74363	0.55766	11.11820	1.10119	0	-0.00348	-0.00972	0.68201	0.00279	1	0.06461	-0.01410	0.69098	0.00391	1	1.45898	0.81042	0	
1257102	8478.68066	3305586406544	0.23929	0.17425	8478.16504	0.25488	11514	0	0.51160	0.35756	1	0.44557	0.33944	1	0.47858	0.34850	1	0.48068	0.53462	10.87899	1.10119	1	0.74308	0.55793	11.88881	1.10119	1	-0.00348	-0.00972	0.68201	0.00385	1	0.06461	-0.01410	0.69098	0.00385	1	1.45898	0.81042	0	
1257103	8478.68750	3305586473139	0.47862	0.37416	8478.16504	0.25488	11514	0	0.50488	0.45093	1	0.45242	0.34871	1	0.47865	0.39982	1	0.48050	0.53511	10.96443	1.10119	1	0.74328	0.55795	11.62280	1.10119	1	-0.00348	-0.00972	0.68201	0.00386	1	0.06461	-0.01410	0.69098	0.00379	1	1.45898	0.81042	0	
1257104	8478.69434	3305586541237	0.47877	0.39302	8478.16504	0.25488	11514	0	0.50582	0.45624	1	0.45203	0.36753	1	0.47893	0.41189	1	0.48070	0.53522	11.01354	1.09317	1	0.74329	0.55752	11.72853	1.07683	1	-0.00435	-0.00850	0.63697	0.00363	1	0.06154	-0.01345	0.65922	0.00392	1	1.45898	0.81042	0	
1257105	8478.70117	3305586608164	0.48120	0.39618	8478.16504	0.25488	11514	0	0.51974	0.45339	1	0.45241	0.35158	1	0.48607	0.40248	1	0.48066	0.53515	10.79955	1.06882	1	0.74323	0.55753	11.58963	1.05248	1	-0.00435	-0.00850	0.63697	0.00366	1	0.06154	-0.01345	0.65922	0.00398	1	1.45898	0.81042	0	
1257106	8478.70801	3305586674567	0.48381	0.40304	8478.68750	0.02051	11515	1	0.53126	0.47608	1	0.45201	0.37120	1	0.49163	0.42364	1	0.48083	0.53521	11.11867	1.04446	1	0.74324	0.55748	11.60258	1.02812	1	-0.00435	-0.00850	0.63697	0.00359	1	0.06154	-0.01345	0.65922	0.00396	1	1.45898	0.81042	0	
1257107	8478.71484	3305586741062	0.48553	0.40896	8478.68750	0.02734	11515	1	0.53292	0.48708	1	0.45186	0.37820	1	0.49239	0.43264	1	0.48093	0.53548	11.50056	1.02812	1	0.74335	0.55790	11.85549	1.01944	1	-0.00455	-0.00896	0.67491	0.00354	1	0.06295	-0.01377	0.67483	0.00378	1	1.45898	0.81042	0	
1257108	8478.72168	3305586808336	0.48766	0.40804	8478.68750	0.03418	11515	1	0.51917	0.42460	1	0.47750	0.38222	1	0.49834	0.40341	1	0.48062	0.53486	11.19674	1.02746	1	0.74322	0.55781	11.69739	1.03512	1	-0.00455	-0.00896	0.67491	0.00380	1	0.06295	-0.01377	0.67483	0.00384	1	1.45898	0.81042	0	
1257109	8478.72852	3305586875688	0.48875	0.40621	8478.68750	0.04102	11515	1	0.51685	0.43269	1	0.47370	0.35781	1	0.49528	0.39525	1	0.48073	0.53505	10.99198	1.04313	1	0.74323	0.55749	11.51936	1.05079	1	-0.00455	-0.00896	0.67491	0.00386	1	0.06295	-0.01377	0.67483	0.00404	1	1.45898	0.81042	0	
1257110	8478.73438	3305586942184	0.48943	0.40287	8478.68750	0.04688	11515	1	0.51405	0.41494	1	0.47432	0.34408	1	0.49418	0.37951	1	0.48087	0.53551	11.26950	1.06789	1	0.74318	0.55843	12.04737	1.06789	1	-0.00489	-0.00951	0.71627	0.00363	1	0.06164	-0.01352	0.66030	0.00382	1	1.45898	0.81042	0	
1257111	8478.74121	3305587009699	0.48999	0.40373	8478.68750	0.05371	11515	1	0.52232	0.41335	1	0.46655	0.40776	1	0.49443	0.41055	1	0.48075	0.53515	11.43169	1.07698	1	0.74313	0.55822	11.96700	1.06932	1	-0.00489	-0.00951	0.71627	0.00376	1	0.06164	-0.01352	0.66030	0.00374	1	1.45898	0.81042	0	
1257112	8478.74805	3305587076708	0.49102	0.40344	8478.68750	0.06055	11515	1	0.52374	0.39670	1	0.47691	0.40511	1	0.50032	0.40091	1	0.48084	0.53499	11.28282	1.07841	1	0.74320	0.55819	12.00845	1.07075	1	-0.00489	-0.00951	0.71627	0.00384	1	0.06164	-0.01352	0.66030	0.00373	1	1.45898	0.81042	0	
1257113	8478.75488	3305587143958	0.49189	0.40372	8478.68750	0.06738	11515	1	0.52453	0.40227	1	0.47662	0.41081	1	0.50057	0.40654	1	0.48089	0.53516	10.90769	1.07075	1	0.74317	0.55797	11.79558	1.06309	1	-0.00459	-0.00909	0.68083	0.00364	1	0.06226	-0.01368	0.66802	0.00385	1	1.45898	0.81042	0	
1257114	8478.76172	3305587208810	0.49215	0.40471	8478.68750	0.07422	11515	1	0.50640	0.42773	1	0.48364	0.40343	1	0.49502	0.41558	1	0.48080	0.53501	10.98214	1.05400	1	0.74336	0.55791	11.92543	1.05400	1	-0.00459	-0.00909	0.68083	0.00370	1	0.06226	-0.01368	0.66802	0.00386	1	1.45898	0.81042	0	
1257115	8478.76855	3305587277532	0.49205	0.40737	8478.68750	0.08105	11515	1	0.52521	0.48236	1	0.45655	0.39627	1	0.49088	0.43931	1	0.48076	0.53562	11.36603	1.04492	1	0.74334	0.55793	11.77892	1.04492	1	-0.00459	-0.00909	0.68083	0.00360	1	0.06226	-0.01368	0.66802	0.00377	1	1.45898	0.81042	0	
1257116	8478.77441	3305587343125	0.49200	0.40991	8478.68750	0.08691	11515	1	0.52618	0.48842	1	0.45652	0.39737	1	0.49135	0.44289	1	0.48102	0.53539	11.22105	1.03583	1	0.74312	0.55825	12.09255	1.04349	1	-0.00455	-0.00916	0.67490	0.00358	1	0.06295	-0.01382	0.67483	0.00373	1	1.45898	0.81042	0	
1257117	8478.78125	3305587411175	0.49190	0.40722	8478.68750	0.09375	11515	1	0.50408	0.39321	1	0.47692	0.34583	1	0.49050	0.36952	1	0.48092	0.53511	11.42651	1.04349	1	0.74320	0.55797	12.08459	1.05115	1	-0.00455	-0.00916	0.67490	0.00349	1	0.06295	-0.01382	0.67483	0.00385	1	1.45898	0.81042	0	
1257118	8478.78809	3305587479441	0.49199	0.40611	8478.68750	0.10059	11515	1	0.51376	0.38473	1	0.47283	0.39429	1	0.49329	0.38951	1	0.48102	0.53508	11.30219	1.05115	1	0.74321	0.55816	12.08280	1.05881	1	-0.00455	-0.00916	0.67490	0.00350	1	0.06295	-0.01382	0.67483	0.00378	1	1.45898	0.81042	0	
1257119	8478.79492	3305587545610	0.49206	0.40460	8478.68750	0.10742	11515	1	0.51288	0.37893	1	0.47340	0.38183	1	0.49314	0.38038	1	0.48104	0.53513	11.36010	1.05881	1	0.74311	0.55832	12.16869	1.07515	1	-0.00455	-0.00916	0.67490	0.00349	1	0.06563	-0.01445	0.70305	0.00378	1	1.45898	0.81042	0	
1257120	8478.80176	3305587612756	0.49120	0.40513	8478.68750	0.11426	11515	1	0.49928	0.41724	1	0.45401	0.41114	1	0.47664	0.41419	1	0.48081	0.53509	11.26254	1.07515	1	0.74327	0.55825	12.10805	1.08383	1	-0.00455	-0.00916	0.67490	0.00352	1	0.06563	-0.01445	0.70305	0.00375	1	1.45898	0.81042	0	
1257121	8478.80859	3305587679431	0.48978	0.40455	8478.68750	0.12109	11515	1	0.48120	0.42221	1	0.44745	0.36601	1	0.46432	0.39411	1	0.48095	0.53517	11.18352	1.08383	1	0.74315	0.55816	11.98627	1.09251	1	-0.00455	-0.00916	0.67490	0.00356	1	0.06563	-0.01445	0.70305	0.00380	1	1.45898	0.81042	0	
1257122	8478.81543	3305587746941	0.48848	0.40388	8478.68750	0.12793	11515	1	0.48000	0.41612	1	0.44745	0.36601	1	0.46373	0.39107	1	0.48093	0.53516	11.42198	1.09251	1	0.74311	0.55824	12.13634	1.09251	1	-0.00459	-0.00919	0.68083	0.00355	1	0.06339	-0.01399	0.67850	0.00378	1	1.45898	0.81042	0	
1257123	8478.82227	3305587813885	0.48731	0.40305	8478.68750	0.13477	11515	1	0.45914	0.39565	1	0.46867	0.37718	1	0.46391	0.38641	1	0.48064	0.53499	11.15097	1.09251	1	0.74314	0.55816	12.11784	1.08383	1	-0.00459	-0.00919	0.68083	0.00348	1	0.06339	-0.01399	0.67850	0.00380	1	1.45898	0.81042	0	
1257124	8478.82812	3305587880991	0.48648	0.40340	8478.68750	0.14062	11515	1	0.46653	0.43980	1	0.47163	0.38178	1	0.46908	0.41079	1	0.48074	0.53541	11.08768	1.08383	1	0.74319	0.55815	12.03427	1.07515	1	-0.00459	-0.00919	0.68083	0.00363	1	0.06339	-0.01399	0.67850	0.00381	1	1.45898	0.81042	0	
1257125	8478.83496	3305587948038	0.48575	0.40399	8478.68750	0.14746	11515	1	0.46784	0.44575	1	0.47134	0.38839	1	0.46959	0.41707	1	0.48099	0.53568	11.85951	1.07515	1	0.74368	0.55806	11.19963	1.06647	1	-0.00452	-0.00914	0.68475	0.00351	1	0.06349	-0.01397	0.67958	0.00379	1	1.45898	0.81042	0	
1257126	8478.84180	3305588014231	0.48544	0.40594	8478.68750	0.15430	11515	1	0.48607	0.46087	1	0.47073	0.44080	1	0.47840	0.45083	1	0.48102	0.53556	11.83735	1.06647	1	0.74357	0.55862	11.28427	1.06647	1	-0.00452	-0.00914	0.68475	0.00357	1	0.06349	-0.01397	0.67958	0.00390	1	1.45898	0.81042	0	
1257127	8478.84863	3305588081294	0.48511	0.40643	8478.68750	0.16113	11515	1	0.48530	0.44509	1	0.46907	0.39129	1	0.47718	0.41819	1	0.48093	0.53534	11.20451	1.06647	1	0.74353	0.55824	11.25811	1.06647	1	-0.00452	-0.00914	0.68475	0.00355	1	0.06349	-0.01397	0.67958	0.00396	1	1.45898	0.81042	0	
1257128	8478.85547	3305588148409	0.48481	0.40689	8478.68750	0.16797	11515	1	0.48530	0.44509	1	0.46907	0.39129	1	0.47718	0.41819	1	0.48121	0.53558	10.90829	1.06647	1	0.74336	0.55897	11.81719	1.06647	1	-0.00452	-0.00924	0.68475	0.00362	1	0.06339	-0.01389	0.67850	0.00377	1	1.45898	0.81042	0	
1257129	8478.86230	3305588215167	0.48453	0.40914	8478.68750	0.17480	11515	1	0.51978	0.46296	1	0.43476	0.47237	1	0.47727	0.46766	1	0.48151	0.53527	11.04147	1.06647	1	0.74343	0.55887	12.05626	1.06647	1	-0.00452	-0.00924	0.68475	0.00360	1	0.06339	-0.01389	0.67850	0.00386	1	1.45898	0.81042	0	
1257130	8478.86914	3305588282292	0.48398	0.41093	8478.68750	0.18164	11515	1	0.50778	0.46298	1	0.43048	0.45585	1	0.46913	0.45942	1	0.48126	0.53545	10.80549	1.06647	1	0.74337	0.55880	11.75582	1.06647	1	-0.00452	-0.00924	0.68475	0.00361	1	0.06339	-0.01389	0.67850	0.00391	1	1.45898	0.81042	0	
1257131	8478.87500	3305588344521	0.48347	0.41270	8478.68750	0.18750	11515	1	0.50778	0.46298	1	0.43051	0.46119	1	0.46914	0.46208	1	0.48152	0.53555	11.36485	1.06647	1	0.74355	0.55808	11.42526	1.05881	1	-0.00439	-0.00908	0.68045	0.00352	1	0.06074	-0.01330	0.64967	0.00389	1	1.45898	0.81042	0	
1257132	8478.88184	3305588413557	0.48332	0.41390	8478.68750	0.19434	11515	1	0.51440	0.47524	1	0.44359	0.42222	1	0.47899	0.44873	1	0.48142	0.53573	11.12846	1.05881	1	0.74352	0.55839	11.29033	1.05115	1	-0.00439	-0.00908	0.68045	0.00361	1	0.06074	-0.01330	0.64967	0.00393	1	1.45898	0.81042	0	
1257133	8478.88867	3305588481300	0.48328	0.41514	8478.68750	0.20117	11515	1	0.52070	0.45925	1	0.44362	0.44534	1	0.48216	0.45230	1	0.48143	0.53555	11.00564	1.05115	1	0.74352	0.55860	11.26220	1.04349	1	-0.00439	-0.00908	0.68045	0.00370	1	0.06074	-0.01330	0.64967	0.00388	1	1.45898	0.81042	0	
1257134	8478.89551	3305588548152	0.48326	0.41628	8478.68750	0.20801	11515	1	0.52154	0.46450	1	0.44369	0.43907	1	0.48262	0.45179	1	0.48163	0.53528	11.36949	1.04349	1	0.74353	0.55845	10.81713	1.05217	1	-0.00450	-0.00906	0.68245	0.00364	1	0.06611	-0.01448	0.70704	0.00387	1	1.45898	0.81042	0	
1257135	8478.90234	3305588614305	0.47548	0.44414	8478.68750	0.20801	11515	0	0.51069	0.51403	1	0.43923	0.43119	1	0.47496	0.47261	1	0.48162	0.53547	11.32110	1.05217	1	0.74342	0.55871	11.19071	1.06851	1	-0.00450	-0.00906	0.68245	0.00368	1	0.06611	-0.01448	0.70704	0.00378	1	1.45898	0.81042	0	
1257136	8478.90820	3305588681164	0.47646	0.44634	8478.68750	0.20801	11515	0	0.50304	0.49332	1	0.45184	0.40379	1	0.47744	0.44855	1	0.48159	0.53541	11.65591	1.06851	1	0.74366	0.55848	11.01361	1.08485	1	-0.00450	-0.00906	0.68245	0.00367	1	0.06611	-0.01448	0.70704	0.00379	1	1.45898	0.81042	0	
1257137	8478.91504	3305588748720	0.47660	0.44717	8478.68750	0.20801	11515	0	0.50202	0.48796	1	0.45171	0.40967	1	0.47687	0.44882	1	0.48165	0.53507	11.48240	1.07683	1	0.74413	0.55885	11.93145	1.07683	1	-0.00423	-0.00882	0.66410	0.00360	1	0.06173	-0.01345	0.65914	0.00352	1	1.45898	0.81042	0	
1257138	8478.92188	3305588815062	0.47561	0.45405	8478.90234	0.01953	11516	1	0.49696	0.50645	1	0.44838	0.44296	1	0.47267	0.47470	1	0.48144	0.53535	11.15878	1.06882	1	0.74405	0.55831	11.58021	1.05248	1	-0.00423	-0.00882	0.66410	0.00372	1	0.06173	-0.01345	0.65914	0.00370	1	1.45898	0.81042	0	
1257139	8478.92871	3305588882053	0.47725	0.45334	8478.90234	0.02637	11516	1	0.49165	0.48036	1	0.47591	0.42063	1	0.48378	0.45049	1	0.48178	0.53507	11.25169	1.04446	1	0.74401	0.55838	11.75050	1.02812	1	-0.00423	-0.00882	0.66410	0.00365	1	0.06173	-0.01345	0.65914	0.00358	1	1.45898	0.81042	0	
1257140	8478.93555	3305588947723	0.47849	0.45433	8478.90234	0.03320	11516	1	0.49386	0.49132	1	0.47558	0.42722	1	0.48472	0.45927	1	0.48182	0.53500	10.09050	1.02812	1	0.74436	0.55836	10.97248	1.01944	1	-0.00430	-0.00885	0.66687	0.00365	1	0.06327	-0.01377	0.67501	0.00363	1	1.45898	0.81042	0	
1257141	8478.94238	3305589019109	0.48006	0.45748	8478.90234	0.04004	11516	1	0.51972	0.50217	1	0.45920	0.45054	1	0.48946	0.47635	1	0.48214	0.53515	10.84591	1.02746	1	0.74417	0.55818	11.33465	1.03512	1	-0.00430	-0.00885	0.66687	0.00351	1	0.06327	-0.01377	0.67501	0.00384	1	1.45898	0.81042	0	
1257142	8478.94922	3305589083833	0.47841	0.45665	8478.90234	0.04688	11516	1	0.51069	0.52472	1	0.42297	0.37703	1	0.46683	0.45087	1	0.48199	0.53524	10.35506	1.04313	1	0.74398	0.55838	11.79361	1.05079	1	-0.00430	-0.00885	0.66687	0.00349	1	0.06327	-0.01377	0.67501	0.00379	1	1.45898	0.81042	0	
1257143	8478.95605	3305589152778	0.47701	0.45478	8478.90234	0.05371	11516	1	0.50882	0.51487	1	0.42281	0.36479	1	0.46582	0.43983	1	0.48267	0.53467	10.19106	1.05881	1	0.74510	0.55808	10.98223	1.06647	1	-0.00411	-0.00888	0.66925	0.00366	1	0.06327	-0.01377	0.67501	0.00380	1	1.45898	0.81042	0	
1257144	8478.96191	3305589218736	0.47937	0.45065	8478.90234	0.05957	11516	1	0.51816	0.40542	1	0.48315	0.42149	1	0.50066	0.41346	1	0.48264	0.53397	10.00261	1.06647	1	0.74498	0.55841	11.34705	1.06647	1	-0.00411	-0.00888	0.66925	0.00370	1	0.06327	-0.01377	0.67501	0.00371	1	1.45898	0.81042	0	
1257145	8478.96875	3305589286282	0.48247	0.44829	8478.90234	0.06641	11516	1	0.54615	0.43630	1	0.48075	0.41308	1	0.51345	0.42469	1	0.48270	0.53451	10.30126	1.06647	1	0.74495	0.55819	11.14667	1.06647	1	-0.00411	-0.00888	0.66925	0.00356	1	0.06327	-0.01377	0.67501	0.00384	1	1.45898	0.81042	0	
1257146	8478.97559	3305589353595	0.48505	0.44632	8478.90234	0.07324	11516	1	0.54615	0.43630	1	0.48075	0.41308	1	0.51345	0.42469	1	0.48277	0.53441	10.39413	1.06647	1	0.74509	0.55793	10.89802	1.06647	1	-0.00411	-0.00883	0.66925	0.00355	1	0.06327	-0.01377	0.67501	0.00397	1	1.45898	0.81042	0	
1257147	8478.98242	3305589420863	0.48705	0.44288	8478.90234	0.08008	11516	1	0.53344	0.41775	1	0.48855	0.38554	1	0.51100	0.40164	1	0.48287	0.53416	10.32058	1.06647	1	0.74499	0.55796	11.13424	1.06647	1	-0.00411	-0.00883	0.66925	0.00350	1	0.06327	-0.01377	0.67501	0.00389	1	1.45898	0.81042	0	
1257148	8478.98926	3305589487845	0.48840	0.44191	8478.90234	0.08691	11516	1	0.52386	0.43789	1	0.48818	0.42058	1	0.50602	0.42923	1	0.48278	0.53432	10.24298	1.06647	1	0.74506	0.55845	11.05924	1.06647	1	-0.00411	-0.00883	0.66925	0.00359	1	0.06327	-0.01377	0.67501	0.00377	1	1.45898	0.81042	0	
1257149	8478.99609	3305589554287	0.48836	0.44086	8478.90234	0.09375	11516	1	0.52386	0.43789	0	0.48781	0.42619	1	0.48781	0.42619	1	0.48278	0.53432	10.24298	1.06647	0	0.74506	0.55841	11.04454	1.05881	1	-0.00411	-0.00883	0.66925	0.00359	1	0.06183	-0.01345	0.65917	0.00371	1	1.45898	0.81042	0	
1257150	8479.00293	3305589621202	0.48836	0.44086	8478.90234	0.10059	11516	1	0.52386	0.43789	0	0.48781	0.42619	0	0.48781	0.42619	0	0.48278	0.53432	10.24298	1.05881	0	0.74506	0.55841	11.04454	1.05115	0	-0.00411	-0.00883	0.66925	0.00359	1	0.06183	-0.01345	0.65917	0.00371	1	1.45898	0.81042	0	
1257151	8479.00879	3305589686323	0.48836	0.44086	8478.90234	0.10645	11516	1	0.52386	0.43789	0	0.48781	0.42619	0	0.48781	0.42619	0	0.48278	0.53432	10.24298	1.05115	0	0.74506	0.55841	11.04454	1.04349	0	-0.00411	-0.00883	0.66925	0.00359	1	0.06183	-0.01345	0.65917	0.00371	1	1.45898	0.81042	0	
1257152	8479.01562	3305589751099	0.48836	0.44086	8478.90234	0.11328	11516	1	0.52386	0.43789	0	0.48781	0.42619	0	0.48781	0.42619	0	0.48278	0.53432	10.24298	1.04349	0	0.74506	0.55841	11.04454	1.03583	0	-0.00411	-0.00883	0.66925	0.00359	1	0.06183	-0.01345	0.65917	0.00371	1	1.45898	0.81042	0	
1257153	8479.02246	3305589819530	0.49131	0.43929	8478.90234	0.11328	11516	0	0.52386	0.43789	0	0.48781	0.42619	0	0.48781	0.42619	0	0.48278	0.53432	10.24298	1.03583	0	0.74506	0.55841	11.04454	1.03583	0	-0.00411	-0.00883	0.66925	0.00359	1	0.06183	-0.01345	0.65917	0.00371	1	1.45898	0.81042	0	
1257154	8479.02930	3305589886838	0.49131	0.43929	8478.90234	0.11328	11516	0	0.52386	0.43789	0	0.48781	0.42619	0	0.48781	0.42619	0	0.48278	0.53432	10.24298	1.03583	0	0.74506	0.55841	11.04454	1.03583	0	-0.00411	-0.00883	0.66925	0.00359	1	0.06183	-0.01345	0.65917	0.00371	1	1.45898	0.81042	0	
1257155	8479.03613	3305589954385	0.49131	0.43929	8478.90234	0.11328	11516	0	0.52386	0.43789	0	0.48781	0.42619	0	0.48781	0.42619	0	0.48278	0.53432	10.24298	1.03583	0	0.74506	0.55841	11.04454	1.03583	0	-0.00411	-0.00883	0.66925	0.00359	1	0.06183	-0.01345	0.65917	0.00371	1	1.45898	0.81042	0	
1257156	8479.04297	3305590020782	0.00000	0.00000	8478.90234	0.11328	11516	0	0.52386	0.43789	0	0.48781	0.42619	0	0.48781	0.42619	0	0.48278	0.53432	10.24298	1.03583	0	0.74506	0.55841	11.04454	1.03583	0	-0.00411	-0.00883	0.66925	0.00359	1	0.06183	-0.01345	0.65917	0.00371	1	1.45898	0.81042	0	
1257157	8479.04980	3305590090796	0.00000	0.00000	8478.90234	0.11328	11516	0	0.52386	0.43789	0	0.48781	0.42619	0	0.48781	0.42619	0	0.48278	0.53432	10.24298	1.03583	0	0.74506	0.55841	11.04454	1.03583	0	-0.00411	-0.00883	0.66925	0.00359	1	0.06183	-0.01345	0.65917	0.00371	1	1.45898	0.81042	0	
1257158	8479.05566	3305590155165	0.00000	0.00000	8478.90234	0.11328	11516	0	0.52386	0.43789	0	0.48781	0.42619	0	0.48781	0.42619	0	0.48278	0.53432	10.24298	1.03583	0	0.74506	0.55841	11.04454	1.03583	0	-0.00411	-0.00883	0.66925	0.00359	1	0.06183	-0.01345	0.65917	0.00371	1	1.45898	0.81042	0	
1257159	8479.06348	3305590229563	0.00000	0.00000	8478.90234	0.11328	11516	0	0.52386	0.43789	0	0.48781	0.42619	0	0.48781	0.42619	0	0.48278	0.53432	10.24298	1.03583	0	0.74506	0.55841	11.04454	1.03583	0	-0.00411	-0.00883	0.66925	0.00359	1	0.06183	-0.01345	0.65917	0.00371	1	1.45898	0.81042	0	
1257160	8479.06934	3305590289019	0.00000	0.00000	8478.90234	0.11328	11516	0	0.52386	0.43789	0	0.48781	0.42619	0	0.48781	0.42619	0	0.48278	0.53432	10.24298	1.03583	0	0.74506	0.55841	11.04454	1.03583	0	-0.00411	-0.00883	0.66925	0.00359	1	0.06183	-0.01345	0.65917	0.00371	1	1.45898	0.81042	0	
1257161	8479.07617	3305590357495	0.00000	0.00000	8478.90234	0.11328	11516	0	0.52386	0.43789	0	0.48781	0.42619	0	0.48781	0.42619	0	0.48278	0.53432	10.24298	1.03583	0	0.74506	0.55841	11.04454	1.03583	0	-0.00411	-0.00883	0.66925	0.00359	1	0.06183	-0.01345	0.65917	0.00371	1	1.45898	0.81042	0	
1257162	8479.08301	3305590425295	0.00000	0.00000	8478.90234	0.11328	11516	0	0.52386	0.43789	0	0.48781	0.42619	0	0.48781	0.42619	0	0.48278	0.53432	10.24298	1.03583	0	0.74506	0.55841	11.04454	1.03583	0	-0.00411	-0.00883	0.66925	0.00359	1	0.06183	-0.01345	0.65917	0.00371	1	1.45898	0.81042	0	
1257163	8479.08984	3305590492313	0.00000	0.00000	8478.90234	0.11328	11516	0	0.52386	0.43789	0	0.48781	0.42619	0	0.48781	0.42619	0	0.48278	0.53432	10.24298	1.03583	0	0.74506	0.55841	11.04454	1.03583	0	-0.00411	-0.00883	0.66925	0.00359	1	0.06183	-0.01345	0.65917	0.00371	1	1.45898	0.81042	0	
1257164	8479.09668	3305590559469	0.00000	0.00000	8478.90234	0.11328	11516	0	0.52386	0.43789	0	0.48781	0.42619	0	0.48781	0.42619	0	0.48278	0.53432	10.24298	1.03583	0	0.74506	0.55841	11.04454	1.03583	0	-0.00411	-0.00883	0.66925	0.00359	1	0.06183	-0.01345	0.65917	0.00371	1	1.45898	0.81042	0	
1257165	8479.10352	3305590626705	0.00000	0.00000	8478.90234	0.11328	11516	0	0.52386	0.43789	0	0.48781	0.42619	0	0.48781	0.42619	0	0.48278	0.53432	10.24298	1.03583	0	0.74506	0.55841	11.04454	1.03583	0	-0.00411	-0.00883	0.66925	0.00359	1	0.06183	-0.01345	0.65917	0.00371	1	1.45898	0.81042	0	
1257166	8479.10938	3305590693306	0.18489	0.09602	8478.90234	0.11328	11516	0	0.52386	0.43789	0	0.36979	0.19204	1	0.36979	0.19204	1	0.48237	0.53174	10.41730	1.03583	0	0.48237	0.53174	10.41730	1.03583	1	-0.00411	-0.00883	0.66925	0.00359	1	0.06183	-0.01345	0.65917	0.00206	1	1.45898	0.81042	0	
1257167	8479.11621	3305590760750	0.24637	0.12557	8478.90234	0.11328	11516	0	0.52386	0.43789	0	0.36933	0.18466	1	0.36933	0.18466	1	0.48237	0.53174	10.41730	1.03583	0	0.48231	0.53191	9.94844	1.04349	1	-0.00411	-0.00883	0.66925	0.00359	1	-0.00411	-0.00883	0.66925	0.00208	1	1.45898	0.81042	0	
1257168	8479.12305	3305590827797	0.36900	0.16749	8478.90234	0.11328	11516	0	0.52386	0.43789	0	0.36788	0.12576	1	0.36788	0.12576	1	0.48237	0.53174	10.41730	1.04349	0	0.48237	0.53170	10.24311	1.05115	1	-0.00411	-0.00883	0.66925	0.00359	1	-0.00411	-0.00883	0.66925	0.00207	1	1.45898	0.81042	0	
1257169	8479.12988	3305590894542	0.38201	0.15426	8478.90234	0.11328	11516	0	0.52386	0.43789	0	0.39501	0.14104	1	0.39501	0.14104	1	0.48237	0.53174	10.41730	1.05115	0	0.48245	0.53188	9.87447	1.05881	1	-0.00411	-0.00883	0.66925	0.00359	1	-0.00411	-0.00883	0.66925	0.00205	1	1.45898	0.81042	0	
1257170	8479.13672	3305590960822	0.38625	0.14732	8478.90234	0.11328	11516	0	0.52386	0.43789	0	0.39474	0.13343	1	0.39474	0.13343	1	0.48237	0.53174	10.41730	1.05881	0	0.48236	0.53174	10.40119	1.06647	1	-0.00411	-0.00883	0.66925	0.00359	1	-0.00411	-0.00883	0.66925	0.00206	1	1.45898	0.81042	0	
1257171	8479.14355	3305591026767	0.38798	0.15215	8479.12305	0.02051	11517	1	0.52386	0.43789	0	0.39317	0.16665	1	0.39317	0.16665	1	0.48237	0.53174	10.41730	1.06647	0	0.48239	0.53187	10.32765	1.06647	1	-0.00411	-0.00883	0.66925	0.00359	1	-0.00411	-0.00883	0.66925	0.00198	1	1.45898	0.81042	0	
1257172	8479.15039	3305591095461	0.39156	0.15910	8479.12305	0.02734	11517	1	0.52386	0.43789	0	0.40589	0.18691	1	0.40589	0.18691	1	0.48237	0.53174	10.41730	1.06647	0	0.48256	0.53197	10.46987	1.06647	1	-0.00411	-0.00883	0.66925	0.00359	1	-0.00411	-0.00883	0.66925	0.00209	1	1.45898	0.81042	0	
1257173	8479.15625	3305591162523	0.39395	0.16374	8479.12305	0.03320	11517	1	0.52386	0.43789	0	0.40589	0.18691	1	0.40589	0.18691	1	0.48237	0.53174	10.41730	1.06647	0	0.48254	0.53197	10.26926	1.06647	1	-0.00411	-0.00883	0.66925	0.00359	1	-0.00411	-0.00883	0.66925	0.00211	1	1.45898	0.81042	0	
1257174	8479.16406	3305591230976	0.39562	0.19160	8479.12305	0.04102	11517	1	0.52386	0.43789	0	0.40561	0.35880	1	0.40561	0.35880	1	0.48237	0.53174	10.41730	1.06647	0	0.48274	0.53451	10.48886	1.06647	1	-0.00411	-0.00883	0.66925	0.00359	1	-0.00411	-0.00883	0.66925	0.00345	1	1.45898	0.81042	0	
1257175	8479.16992	3305591297451	0.39462	0.18337	8479.12305	0.04688	11517	1	0.52386	0.43789	0	0.38764	0.12573	1	0.38764	0.12573	1	0.48237	0.53174	10.41730	1.06647	0	0.48231	0.53198	10.23116	1.06647	1	-0.00411	-0.00883	0.66925	0.00359	1	-0.00411	-0.00883	0.66925	0.00205	1	1.45898	0.81042	0	
1257176	8479.17676	3305591363348	0.39384	0.17697	8479.12305	0.05371	11517	1	0.52386	0.43789	0	0.38764	0.12573	1	0.38764	0.12573	1	0.48237	0.53174	10.41730	1.06647	0	0.48215	0.53202	10.13072	1.06647	1	-0.00411	-0.00883	0.66925	0.00359	1	-0.00411	-0.00883	0.66925	0.00210	1	1.45898	0.81042	0	
1257177	8479.18359	3305591430069	0.39274	0.17719	8479.12305	0.06055	11517	1	0.52386	0.43789	0	0.38284	0.17919	1	0.38284	0.17919	1	0.48237	0.53174	10.41730	1.06647	0	0.48224	0.53195	9.99356	1.06647	1	-0.00411	-0.00883	0.66925	0.00359	1	-0.00411	-0.00883	0.66925	0.00211	1	1.45898	0.81042	0	
1257178	8479.19043	3305591497264	0.39200	0.17420	8479.12305	0.06738	11517	1	0.52386	0.43789	0	0.38456	0.14437	1	0.38456	0.14437	1	0.48237	0.53174	10.41730	1.06647	0	0.48221	0.53215	9.85676	1.06647	1	-0.00411	-0.00883	0.66925	0.00359	1	-0.00411	-0.00883	0.66925	0.00209	1	1.45898	0.81042	0	
1257179	8479.19727	3305591564373	0.39135	0.17101	8479.12305	0.07422	11517	1	0.52386	0.43789	0	0.38417	0.13585	1	0.38417	0.13585	1	0.48237	0.53174	10.41730	1.06647	0	0.48279	0.53479	10.41893	1.07515	1	-0.00411	-0.00883	0.66925	0.00359	1	-0.00442	-0.00942	0.70969	0.00332	1	1.45898	0.81042	0	
1257180	8479.20312	3305591630847	0.39422	0.18659	8479.12305	0.08008	11517	1	0.52386	0.43789	0	0.42873	0.37355	1	0.42873	0.37355	1	0.48237	0.53174	10.41730	1.07515	0	0.48303	0.53458	10.64833	1.08383	1	-0.00411	-0.00883	0.66925	0.00359	1	-0.00442	-0.00942	0.70969	0.00334	1	1.45898	0.81042	0	
1257181	8479.20996	3305591698470	0.39352	0.18163	8479.12305	0.08691	11517	1	0.52386	0.43789	0	0.38446	0.11715	1	0.38446	0.11715	1	0.48237	0.53174	10.41730	1.08383	0	0.48219	0.53215	9.90974	1.09251	1	-0.00411	-0.00883	0.66925	0.00359	1	-0.00442	-0.00942	0.70969	0.00206	1	1.45898	0.81042	0	
1257182	8479.21680	3305591764883	0.39292	0.17733	8479.12305	0.09375	11517	1	0.52386	0.43789	0	0.38446	0.11715	1	0.38446	0.11715	1	0.48237	0.53174	10.41730	1.09251	0	0.48219	0.53202	10.12118	1.09251	1	-0.00411	-0.00883	0.66925	0.00359	1	-0.00411	-0.00883	0.66925	0.00212	1	1.45898	0.81042	0	
1257183	8479.22363	3305591834045	0.39220	0.17478	8479.12305	0.10059	11517	1	0.52386	0.43789	0	0.38143	0.13653	1	0.38143	0.13653	1	0.48237	0.53174	10.41730	1.09251	0	0.48217	0.53203	10.15837	1.08383	1	-0.00411	-0.00883	0.66925	0.00359	1	-0.00411	-0.00883	0.66925	0.00210	1	1.45898	0.81042	0	
1257184	8479.23047	3305591899253	0.39124	0.17211	8479.12305	0.10742	11517	1	0.52386	0.43789	0	0.37577	0.12933	1	0.37577	0.12933	1	0.48237	0.53174	10.41730	1.08383	0	0.48213	0.53202	10.20231	1.07515	1	-0.00411	-0.00883	0.66925	0.00359	1	-0.00411	-0.00883	0.66925	0.00207	1	1.45898	0.81042	0	
1257185	8479.23730	3305591965900	0.39040	0.17021	8479.12305	0.11426	11517	1	0.52386	0.43789	0	0.37621	0.13790	1	0.37621	0.13790	1	0.48237	0.53174	10.41730	1.07515	0	0.48230	0.53209	9.90337	1.06647	1	-0.00411	-0.00883	0.66925	0.00359	1	-0.00411	-0.00888	0.66925	0.00204	1	1.45898	0.81042	0	
1257186	8479.24414	3305592033587	0.39024	0.16919	8479.12305	0.12109	11517	1	0.52386	0.43789	0	0.38738	0.15082	1	0.38738	0.15082	1	0.48237	0.53174	10.41730	1.06647	0	0.48231	0.53202	9.92495	1.06647	1	-0.00411	-0.00883	0.66925	0.00359	1	-0.00411	-0.00888	0.66925	0.00214	1	1.45898	0.81042	0	
1257187	8479.25098	3305592101063	0.38869	0.16973	8479.12305	0.12793	11517	1	0.52386	0.43789	0	0.35927	0.17999	1	0.35927	0.17999	1	0.48237	0.53174	10.41730	1.06647	0	0.48228	0.53230	10.43809	1.06647	1	-0.00411	-0.00883	0.66925	0.00359	1	-0.00411	-0.00888	0.66925	0.00205	1	1.45898	0.81042	0	
1257188	8479.25684	3305592166874	0.38729	0.17021	8479.12305	0.13379	11517	1	0.52386	0.43789	0	0.35927	0.17999	1	0.35927	0.17999	1	0.48237	0.53174	10.41730	1.06647	0	0.48225	0.53208	9.98774	1.06647	1	-0.00411	-0.00883	0.66925	0.00359	1	-0.00411	-0.00883	0.66925	0.00208	1	1.45898	0.81042	0	
1257189	8479.26367	3305592234583	0.38743	0.16907	8479.12305	0.14062	11517	1	0.52386	0.43789	0	0.39041	0.14501	1	0.39041	0.14501	1	0.48237	0.53174	10.41730	1.06647	0	0.48238	0.53196	9.92131	1.06647	1	-0.00411	-0.00883	0.66925	0.00359	1	-0.00411	-0.00883	0.66925	0.00209	1	1.45898	0.81042	0	
1257190	8479.27051	3305592301655	0.38743	0.16827	8479.12305	0.14746	11517	1	0.52386	0.43789	0	0.38738	0.15082	1	0.38738	0.15082	1	0.48237	0.53174	10.41730	1.06647	0	0.48231	0.53202	9.92495	1.06647	1	-0.00411	-0.00883	0.66925	0.00359	1	-0.00411	-0.00883	0.66925	0.00214	1	1.45898	0.81042	0	
1257191	8479.27734	3305592367936	0.38743	0.16755	8479.12305	0.15430	11517	1	0.52386	0.43789	0	0.38738	0.15082	1	0.38738	0.15082	1	0.48237	0.53174	10.41730	1.06647	0	0.48234	0.53181	10.54624	1.06647	1	-0.00411	-0.00883	0.66925	0.00359	1	-0.00411	-0.00888	0.66925	0.00206	1	1.45898	0.81042	0	
1257192	8479.28418	3305592435194	0.38731	0.17650	8479.12305	0.16113	11517	1	0.52386	0.43789	0	0.38446	0.39140	1	0.38446	0.39140	1	0.48237	0.53174	10.41730	1.06647	0	0.48278	0.53457	10.46498	1.06647	1	-0.00411	-0.00883	0.66925	0.00359	1	-0.00411	-0.00888	0.66925	0.00342	1	1.45898	0.81042	0	
1257193	8479.29102	3305592502060	0.38694	0.18238	8479.12305	0.16797	11517	1	0.52386	0.43789	0	0.37778	0.32930	1	0.37778	0.32930	1	0.48237	0.53174	10.41730	1.06647	0	0.48273	0.53397	10.39494	1.06647	1	-0.00411	-0.00883	0.66925	0.00359	1	-0.00411	-0.00888	0.66925	0.00357	1	1.45898	0.81042	0	
1257194	8479.29785	3305592569020	0.38660	0.18782	8479.12305	0.17480	11517	1	0.52386	0.43789	0	0.37778	0.32930	1	0.37778	0.32930	1	0.48237	0.53174	10.41730	1.06647	0	0.48258	0.53179	10.52736	1.06647	1	-0.00411	-0.00883	0.66925	0.00359	1	-0.00411	-0.00883	0.66925	0.00207	1	1.45898	0.81042	0	
1257195	8479.30371	3305592636432	0.38660	0.18782	8479.12305	0.18066	11517	1	0.52386	0.43789	0	0.37778	0.32930	0	0.37778	0.32930	0	0.48237	0.53174	10.41730	1.06647	0	0.48258	0.53179	10.52736	1.06647	0	-0.00411	-0.00883	0.66925	0.00359	1	-0.00411	-0.00883	0.66925	0.00207	1	1.45898	0.81042	0	
1257196	8479.31055	3305592703204	0.38660	0.18782	8479.12305	0.18750	11517	1	0.52386	0.43789	0	0.37778	0.32930	0	0.37778	0.32930	0	0.48237	0.53174	10.41730	1.06647	0	0.48258	0.53179	10.52736	1.06647	0	-0.00411	-0.00883	0.66925	0.00359	1	-0.00411	-0.00883	0.66925	0.00207	1	1.45898	0.81042	0	
1257197	8479.31738	3305592770046	0.38660	0.18782	8479.12305	0.19434	11517	1	0.52386	0.43789	0	0.37778	0.32930	0	0.37778	0.32930	0	0.48237	0.53174	10.41730	1.06647	0	0.48258	0.53179	10.52736	1.06647	0	-0.00411	-0.00883	0.66925	0.00359	1	-0.00411	-0.00883	0.66925	0.00207	1	1.45898	0.81042	0	
1257198	8479.32422	3305592836577	0.37871	0.20093	8479.12305	0.19434	11517	0	0.52386	0.43789	0	0.37778	0.32930	0	0.37778	0.32930	0	0.48237	0.53174	10.41730	1.06647	0	0.48258	0.53179	10.52736	1.06647	0	-0.00411	-0.00883	0.66925	0.00359	1	-0.00411	-0.00883	0.66925	0.00207	1	1.45898	0.81042	0	
1257199	8479.33105	3305592903774	0.37871	0.20093	8479.12305	0.19434	11517	0	0.52386	0.43789	0	0.37778	0.32930	0	0.37778	0.32930	0	0.48237	0.53174	10.41730	1.06647	0	0.48258	0.53179	10.52736	1.06647	0	-0.00411	-0.00883	0.66925	0.00359	1	-0.00411	-0.00883	0.66925	0.00207	1	1.45898	0.81042	0	
1257200	8479.33691	3305592968124	0.37871	0.20093	8479.12305	0.19434	11517	0	0.52386	0.43789	0	0.37778	0.32930	0	0.37778	0.32930	0	0.48237	0.53174	10.41730	1.06647	0	0.48258	0.53179	10.52736	1.06647	0	-0.00411	-0.00883	0.66925	0.00359	1	-0.00411	-0.00883	0.66925	0.00207	1	1.45898	0.81042	0	
1257201	8479.34473	3305593038269	0.00000	0.00000	8479.12305	0.19434	11517	0	0.52386	0.43789	0	0.37778	0.32930	0	0.37778	0.32930	0	0.48237	0.53174	10.41730	1.06647	0	0.48258	0.53179	10.52736	1.06647	0	-0.00411	-0.00883	0.66925	0.00359	1	-0.00411	-0.00883	0.66925	0.00207	1	1.45898	0.81042	0	
1257202	8479.35059	3305593104600	0.00000	0.00000	8479.12305	0.19434	11517	0	0.52386	0.43789	0	0.37778	0.32930	0	0.37778	0.32930	0	0.48237	0.53174	10.41730	1.06647	0	0.48258	0.53179	10.52736	1.06647	0	-0.00411	-0.00883	0.66925	0.00359	1	-0.00411	-0.00883	0.66925	0.00207	1	1.45898	0.81042	0	
1257203	8479.35742	3305593171584	0.00000	0.00000	8479.12305	0.19434	11517	0	0.52386	0.43789	0	0.37778	0.32930	0	0.37778	0.32930	0	0.48237	0.53174	10.41730	1.06647	0	0.48258	0.53179	10.52736	1.06647	0	-0.00411	-0.00883	0.66925	0.00359	1	-0.00411	-0.00883	0.66925	0.00207	1	1.45898	0.81042	0	
1257204	8479.36426	3305593238820	0.00000	0.00000	8479.12305	0.19434	11517	0	0.52386	0.43789	0	0.37778	0.32930	0	0.37778	0.32930	0	0.48237	0.53174	10.41730	1.06647	0	0.48258	0.53179	10.52736	1.06647	0	-0.00411	-0.00883	0.66925	0.00359	1	-0.00411	-0.00883	0.66925	0.00207	1	1.45898	0.81042	0	
1257205	8479.37109	3305593303682	0.00000	0.00000	8479.12305	0.19434	11517	0	0.52386	0.43789	0	0.37778	0.32930	0	0.37778	0.32930	0	0.48237	0.53174	10.41730	1.06647	0	0.48258	0.53179	10.52736	1.06647	0	-0.00411	-0.00883	0.66925	0.00359	1	-0.00411	-0.00883	0.66925	0.00207	1	1.45898	0.81042	0	
1257206	8479.37793	3305593372866	0.00000	0.00000	8479.12305	0.19434	11517	0	0.52386	0.43789	0	0.37778	0.32930	0	0.37778	0.32930	0	0.48237	0.53174	10.41730	1.06647	0	0.48258	0.53179	10.52736	1.06647	0	-0.00411	-0.00883	0.66925	0.00359	1	-0.00411	-0.00883	0.66925	0.00207	1	1.45898	0.81042	0	
1257207	8479.38477	3305593439859	0.00000	0.00000	8479.12305	0.19434	11517	0	0.52386	0.43789	0	0.37778	0.32930	0	0.37778	0.32930	0	0.48237	0.53174	10.41730	1.06647	0	0.48258	0.53179	10.52736	1.06647	0	-0.00411	-0.00883	0.66925	0.00359	1	-0.00411	-0.00883	0.66925	0.00207	1	1.45898	0.81042	0	
1257208	8479.39160	3305593506663	0.00000	0.00000	8479.12305	0.19434	11517	0	0.52386	0.43789	0	0.37778	0.32930	0	0.37778	0.32930	0	0.48237	0.53174	10.41730	1.06647	0	0.48258	0.53179	10.52736	1.06647	0	-0.00411	-0.00883	0.66925	0.00359	1	-0.00411	-0.00883	0.66925	0.00207	1	1.45898	0.81042	0	
1257209	8479.39746	3305593573647	0.00000	0.00000	8479.12305	0.19434	11517	0	0.52386	0.43789	0	0.37778	0.32930	0	0.37778	0.32930	0	0.48237	0.53174	10.41730	1.06647	0	0.48258	0.53179	10.52736	1.06647	0	-0.00411	-0.00883	0.66925	0.00359	1	-0.00411	-0.00883	0.66925	0.00207	1	1.45898	0.81042	0	
1257210	8479.40430	3305593636476	0.00000	0.00000	8479.12305	0.19434	11517	0	0.52386	0.43789	0	0.37778	0.32930	0	0.37778	0.32930	0	0.48237	0.53174	10.41730	1.06647	0	0.48258	0.53179	10.52736	1.06647	0	-0.00411	-0.00883	0.66925	0.00359	1	-0.00411	-0.00883	0.66925	0.00207	1	1.45898	0.81042	0	
1257211	8479.41113	3305593703712	0.00000	0.00000	8479.12305	0.19434	11517	0	0.52386	0.43789	0	0.37778	0.32930	0	0.37778	0.32930	0	0.48237	0.53174	10.41730	1.06647	0	0.48258	0.53179	10.52736	1.06647	0	-0.00411	-0.00883	0.66925	0.00359	1	-0.00411	-0.00883	0.66925	0.00207	1	1.45898	0.81042	0	
1257212	8479.41797	3305593770721	0.00000	0.00000	8479.12305	0.19434	11517	0	0.52386	0.43789	0	0.37778	0.32930	0	0.37778	0.32930	0	0.48237	0.53174	10.41730	1.06647	0	0.48258	0.53179	10.52736	1.06647	0	-0.00411	-0.00883	0.66925	0.00359	1	-0.00411	-0.00883	0.66925	0.00207	1	1.45898	0.81042	0	
1257213	8479.42480	3305593839376	0.00000	0.00000	8479.12305	0.19434	11517	0	0.52386	0.43789	0	0.37778	0.32930	0	0.37778	0.32930	0	0.48237	0.53174	10.41730	1.06647	0	0.48258	0.53179	10.52736	1.06647	0	-0.00411	-0.00883	0.66925	0.00359	1	-0.00411	-0.00883	0.66925	0.00207	1	1.45898	0.81042	0	
1257214	8479.43066	3305593904653	0.00000	0.00000	8479.12305	0.19434	11517	0	0.52386	0.43789	0	0.37778	0.32930	0	0.37778	0.32930	0	0.48237	0.53174	10.41730	1.06647	0	0.48258	0.53179	10.52736	1.06647	0	-0.00411	-0.00883	0.66925	0.00359	1	-0.00411	-0.00883	0.66925	0.00207	1	1.45898	0.81042	0	
1257215	8479.43750	3305593972659	0.00000	0.00000	8479.12305	0.19434	11517	0	0.52386	0.43789	0	0.37778	0.32930	0	0.37778	0.32930	0	0.48237	0.53174	10.41730	1.06647	0	0.48258	0.53179	10.52736	1.06647	0	-0.00411	-0.00883	0.66925	0.00359	1	-0.00411	-0.00883	0.66925	0.00207	1	1.45898	0.81042	0	
1257216	8479.44434	3305594039892	0.00000	0.00000	8479.12305	0.19434	11517	0	0.52386	0.43789	0	0.37778	0.32930	0	0.37778	0.32930	0	0.48237	0.53174	10.41730	1.06647	0	0.48258	0.53179	10.52736	1.06647	0	-0.00411	-0.00883	0.66925	0.00359	1	-0.00411	-0.00883	0.66925	0.00207	1	1.45898	0.81042	0	
1257217	8479.45117	3305594105351	0.00000	0.00000	8479.12305	0.19434	11517	0	0.52386	0.43789	0	0.37778	0.32930	0	0.37778	0.32930	0	0.48237	0.53174	10.41730	1.06647	0	0.48258	0.53179	10.52736	1.06647	0	-0.00411	-0.00883	0.66925	0.00359	1	-0.00411	-0.00883	0.66925	0.00207	1	1.45898	0.81042	0	
1257218	8479.45801	3305594172724	0.00000	0.00000	8479.12305	0.19434	11517	0	0.52386	0.43789	0	0.37778	0.32930	0	0.37778	0.32930	0	0.48237	0.53174	10.41730	1.06647	0	0.48258	0.53179	10.52736	1.06647	0	-0.00411	-0.00883	0.66925	0.00359	1	-0.00411	-0.00883	0.66925	0.00207	1	1.45898	0.81042	0	
1257219	8479.46484	3305594240716	0.00000	0.00000	8479.12305	0.19434	11517	0	0.52386	0.43789	0	0.37778	0.32930	0	0.37778	0.32930	0	0.48237	0.53174	10.41730	1.06647	0	0.48258	0.53179	10.52736	1.06647	0	-0.00411	-0.00883	0.66925	0.00359	1	-0.00411	-0.00883	0.66925	0.00207	1	1.45898	0.81042	0	
1257220	8479.47168	3305594307121	0.00000	0.00000	8479.12305	0.19434	11517	0	0.52386	0.43789	0	0.37778	0.32930	0	0.37778	0.32930	0	0.48237	0.53174	10.41730	1.06647	0	0.48258	0.53179	10.52736	1.06647	0	-0.00411	-0.00883	0.66925	0.00359	1	-0.00411	-0.00883	0.66925	0.00207	1	1.45898	0.81042	0	
1257221	8479.47852	3305594377533	0.00000	0.00000	8479.12305	0.19434	11517	0	0.52386	0.43789	0	0.37778	0.32930	0	0.37778	0.32930	0	0.48237	0.53174	10.41730	1.06647	0	0.48258	0.53179	10.52736	1.06647	0	-0.00411	-0.00883	0.66925	0.00359	1	-0.00411	-0.00883	0.66925	0.00207	1	1.45898	0.81042	0	
1257222	8479.48535	3305594444058	0.00000	0.00000	8479.12305	0.19434	11517	0	0.52386	0.43789	0	0.37778	0.32930	0	0.37778	0.32930	0	0.48237	0.53174	10.41730	1.06647	0	0.48258	0.53179	10.52736	1.06647	0	-0.00411	-0.00883	0.66925	0.00359	1	-0.00411	-0.00883	0.66925	0.00207	1	1.45898	0.81042	0	
1257223	8479.49121	3305594511450	0.19913	0.20664	8479.12305	0.19434	11517	0	0.52386	0.43789	0	0.39825	0.41327	1	0.39825	0.41327	1	0.48237	0.53174	10.41730	1.06647	0	0.48410	0.53442	9.87326	1.06647	1	-0.00411	-0.00883	0.66925	0.00359	1	-0.00411	-0.00883	0.66925	0.00353	1	1.45898	0.81042	0	
1257224	8479.49805	3305594578204	0.26550	0.27551	8479.12305	0.19434	11517	0	0.52386	0.43789	0	0.39825	0.41327	1	0.39825	0.41327	1	0.48237	0.53174	10.41730	1.06647	0	0.48427	0.53393	10.21163	1.06647	1	-0.00411	-0.00883	0.66925	0.00359	1	-0.00382	-0.00871	0.67118	0.00357	1	1.45898	0.81042	0	
1257225	8479.50488	3305594645277	0.39978	0.40459	8479.12305	0.19434	11517	0	0.52386	0.43789	0	0.40283	0.38724	1	0.40283	0.38724	1	0.48237	0.53174	10.41730	1.06647	0	0.48422	0.53411	10.48517	1.06647	1	-0.00411	-0.00883	0.66925	0.00359	1	-0.00382	-0.00871	0.67118	0.00351	1	1.45898	0.81042	0	
1257226	8479.51172	3305594712194	0.38954	0.38801	8479.12305	0.19434	11517	0	0.52386	0.43789	0	0.37931	0.37143	1	0.37931	0.37143	1	0.48237	0.53174	10.41730	1.06647	0	0.48420	0.53402	10.14978	1.06647	1	-0.00411	-0.00883	0.66925	0.00359	1	-0.00382	-0.00871	0.67118	0.00367	1	1.45898	0.81042	0	
1257227	8479.51855	3305594779211	0.38613	0.38249	8479.12305	0.19434	11517	0	0.52386	0.43789	0	0.37931	0.37143	1	0.37931	0.37143	1	0.48237	0.53174	10.41730	1.06647	0	0.48410	0.53393	10.36487	1.06647	1	-0.00411	-0.00883	0.66925	0.00359	1	-0.00382	-0.00892	0.68777	0.00372	1	1.45898	0.81042	0	
1257228	8479.52539	3305594846337	0.38626	0.37578	8479.50488	0.02051	11518	1	0.52386	0.43789	0	0.38666	0.35566	1	0.38666	0.35566	1	0.48237	0.53174	10.41730	1.06647	0	0.48427	0.53385	10.17285	1.06647	1	-0.00411	-0.00883	0.66925	0.00359	1	-0.00382	-0.00892	0.68777	0.00361	1	1.45898	0.81042	0	
1257229	8479.53125	3305594911118	0.38589	0.37496	8479.50488	0.02637	11518	1	0.52386	0.43789	0	0.38440	0.37168	1	0.38440	0.37168	1	0.48237	0.53174	10.41730	1.06647	0	0.48430	0.53387	10.23158	1.06647	1	-0.00411	-0.00883	0.66925	0.00359	1	-0.00382	-0.00892	0.68777	0.00357	1	1.45898	0.81042	0	
1257230	8479.53809	3305594978341	0.38558	0.37330	8479.50488	0.03320	11518	1	0.52386	0.43789	0	0.38400	0.36498	1	0.38400	0.36498	1	0.48237	0.53174	10.41730	1.06647	0	0.48432	0.53370	10.32505	1.07515	1	-0.00411	-0.00883	0.66925	0.00359	1	-0.00387	-0.00911	0.70649	0.00362	1	1.45898	0.81042	0	
1257231	8479.54492	3305595047600	0.38558	0.37330	8479.50488	0.04004	11518	1	0.52386	0.43789	0	0.38400	0.36498	0	0.38400	0.36498	0	0.48237	0.53174	10.41730	1.07515	0	0.48432	0.53370	10.32505	1.08383	0	-0.00411	-0.00883	0.66925	0.00359	1	-0.00387	-0.00911	0.70649	0.00362	1	1.45898	0.81042	0	
1257232	8479.55176	3305595114645	0.38558	0.37330	8479.50488	0.04688	11518	1	0.52386	0.43789	0	0.38400	0.36498	0	0.38400	0.36498	0	0.48237	0.53174	10.41730	1.08383	0	0.48432	0.53370	10.32505	1.09251	0	-0.00411	-0.00883	0.66925	0.00359	1	-0.00387	-0.00911	0.70649	0.00362	1	1.45898	0.81042	0	
1257233	8479.55859	3305595180738	0.38558	0.37330	8479.50488	0.05371	11518	1	0.52386	0.43789	0	0.38400	0.36498	0	0.38400	0.36498	0	0.48237	0.53174	10.41730	1.09251	0	0.48432	0.53370	10.32505	1.10119	0	-0.00411	-0.00883	0.66925	0.00359	1	-0.00387	-0.00911	0.70649	0.00362	1	1.45898	0.81042	0	
1257234	8479.56543	3305595248017	0.38274	0.36704	8479.50488	0.05371	11518	0	0.52386	0.43789	0	0.38400	0.36498	0	0.38400	0.36498	0	0.48237	0.53174	10.41730	1.10119	0	0.48432	0.53370	10.32505	1.10119	0	-0.00411	-0.00883	0.66925	0.00359	1	-0.00387	-0.00911	0.70649	0.00362	1	1.45898	0.81042	0	
1257235	8479.57227	3305595315272	0.38274	0.36704	8479.50488	0.05371	11518	0	0.52386	0.43789	0	0.38400	0.36498	0	0.38400	0.36498	0	0.48237	0.53174	10.41730	1.10119	0	0.48432	0.53370	10.32505	1.10119	0	-0.00411	-0.00883	0.66925	0.00359	1	-0.00387	-0.00911	0.70649	0.00362	1	1.45898	0.81042	0	
1257236	8479.57910	3305595382196	0.38274	0.36704	8479.50488	0.05371	11518	0	0.52386	0.43789	0	0.38400	0.36498	0	0.38400	0.36498	0	0.48237	0.53174	10.41730	1.10119	0	0.48432	0.53370	10.32505	1.10119	0	-0.00411	-0.00883	0.66925	0.00359	1	-0.00387	-0.00911	0.70649	0.00362	1	1.45898	0.81042	0	
1257237	8479.58496	3305595448954	0.00000	0.00000	8479.50488	0.05371	11518	0	0.52386	0.43789	0	0.38400	0.36498	0	0.38400	0.36498	0	0.48237	0.53174	10.41730	1.10119	0	0.48432	0.53370	10.32505	1.10119	0	-0.00411	-0.00883	0.66925	0.00359	1	-0.00387	-0.00911	0.70649	0.00362	1	1.45898	0.81042	0	
1257238	8479.59180	3305595515927	0.00000	0.00000	8479.50488	0.05371	11518	0	0.52386	0.43789	0	0.38400	0.36498	0	0.38400	0.36498	0	0.48237	0.53174	10.41730	1.10119	0	0.48432	0.53370	10.32505	1.10119	0	-0.00411	-0.00883	0.66925	0.00359	1	-0.00387	-0.00911	0.70649	0.00362	1	1.45898	0.81042	0	
1257239	8479.59863	3305595583496	0.00000	0.00000	8479.50488	0.05371	11518	0	0.52386	0.43789	0	0.38400	0.36498	0	0.38400	0.36498	0	0.48237	0.53174	10.41730	1.10119	0	0.48432	0.53370	10.32505	1.10119	0	-0.00411	-0.00883	0.66925	0.00359	1	-0.00387	-0.00911	0.70649	0.00362	1	1.45898	0.81042	0	
1257240	8479.60547	3305595650177	0.00000	0.00000	8479.50488	0.05371	11518	0	0.52386	0.43789	0	0.38400	0.36498	0	0.38400	0.36498	0	0.48237	0.53174	10.41730	1.10119	0	0.48432	0.53370	10.32505	1.10119	0	-0.00411	-0.00883	0.66925	0.00359	1	-0.00387	-0.00911	0.70649	0.00362	1	1.45898	0.81042	0	
1257241	8479.61230	3305595717196	0.00000	0.00000	8479.50488	0.05371	11518	0	0.52386	0.43789	0	0.38400	0.36498	0	0.38400	0.36498	0	0.48237	0.53174	10.41730	1.10119	0	0.48432	0.53370	10.32505	1.10119	0	-0.00411	-0.00883	0.66925	0.00359	1	-0.00387	-0.00911	0.70649	0.00362	1	1.45898	0.81042	0	
1257242	8479.61914	3305595783642	0.00000	0.00000	8479.50488	0.05371	11518	0	0.52386	0.43789	0	0.38400	0.36498	0	0.38400	0.36498	0	0.48237	0.53174	10.41730	1.10119	0	0.48432	0.53370	10.32505	1.10119	0	-0.00411	-0.00883	0.66925	0.00359	1	-0.00387	-0.00911	0.70649	0.00362	1	1.45898	0.81042	0	
1257243	8479.62500	3305595846774	0.00000	0.00000	8479.50488	0.05371	11518	0	0.52386	0.43789	0	0.38400	0.36498	0	0.38400	0.36498	0	0.48237	0.53174	10.41730	1.10119	0	0.48432	0.53370	10.32505	1.10119	0	-0.00411	-0.00883	0.66925	0.00359	1	-0.00387	-0.00911	0.70649	0.00362	1	1.45898	0.81042	0	
1257244	8479.63184	3305595917312	0.00000	0.00000	8479.50488	0.05371	11518	0	0.52386	0.43789	0	0.38400	0.36498	0	0.38400	0.36498	0	0.48237	0.53174	10.41730	1.10119	0	0.48432	0.53370	10.32505	1.10119	0	-0.00411	-0.00883	0.66925	0.00359	1	-0.00387	-0.00911	0.70649	0.00362	1	1.45898	0.81042	0	
1257245	8479.63867	3305595983053	0.19161	0.17580	8479.50488	0.05371	11518	0	0.52386	0.43789	0	0.38322	0.35160	1	0.38322	0.35160	1	0.48237	0.53174	10.41730	1.10119	0	0.48512	0.53422	10.29722	1.09251	1	-0.00411	-0.00883	0.66925	0.00359	1	-0.00362	-0.00901	0.69027	0.00350	1	1.45898	0.81042	0	
1257246	8479.64551	3305596051516	0.39429	0.37134	8479.50488	0.05371	11518	0	0.52386	0.43789	0	0.40536	0.39109	1	0.40536	0.39109	1	0.48237	0.53174	10.41730	1.09251	0	0.48502	0.53416	10.44605	1.08383	1	-0.00411	-0.00883	0.66925	0.00359	1	-0.00362	-0.00901	0.69027	0.00341	1	1.45898	0.81042	0	
1257247	8479.65234	3305596117767	0.39429	0.37134	8479.50488	0.05371	11518	0	0.52386	0.43789	0	0.40536	0.39109	0	0.40536	0.39109	0	0.48237	0.53174	10.41730	1.08383	0	0.48502	0.53416	10.44605	1.07515	0	-0.00411	-0.00883	0.66925	0.00359	1	-0.00362	-0.00901	0.69027	0.00341	1	1.45898	0.81042	0	
1257248	8479.65918	3305596186201	0.39429	0.37134	8479.50488	0.05371	11518	0	0.52386	0.43789	0	0.40536	0.39109	0	0.40536	0.39109	0	0.48237	0.53174	10.41730	1.07515	0	0.48502	0.53416	10.44605	1.06647	0	-0.00411	-0.00883	0.66925	0.00359	1	-0.00362	-0.00901	0.69027	0.00341	1	1.45898	0.81042	0	
1257249	8479.66602	3305596252737	0.00000	0.00000	8479.50488	0.05371	11518	0	0.52386	0.43789	0	0.40536	0.39109	0	0.40536	0.39109	0	0.48237	0.53174	10.41730	1.06647	0	0.48502	0.53416	10.44605	1.06647	0	-0.00411	-0.00883	0.66925	0.00359	1	-0.00362	-0.00901	0.69027	0.00341	1	1.45898	0.81042	0	
1257250	8479.67285	3305596320230	0.00000	0.00000	8479.50488	0.05371	11518	0	0.52386	0.43789	0	0.40536	0.39109	0	0.40536	0.39109	0	0.48237	0.53174	10.41730	1.06647	0	0.48502	0.53416	10.44605	1.06647	0	-0.00411	-0.00883	0.66925	0.00359	1	-0.00362	-0.00901	0.69027	0.00341	1	1.45898	0.81042	0	
1257251	8479.67871	3305596386830	0.00000	0.00000	8479.50488	0.05371	11518	0	0.52386	0.43789	0	0.40536	0.39109	0	0.40536	0.39109	0	0.48237	0.53174	10.41730	1.06647	0	0.48502	0.53416	10.44605	1.06647	0	-0.00411	-0.00883	0.66925	0.00359	1	-0.00362	-0.00901	0.69027	0.00341	1	1.45898	0.81042	0	
1257252	8479.68555	3305596454119	0.00000	0.00000	8479.50488	0.05371	11518	0	0.52386	0.43789	0	0.40536	0.39109	0	0.40536	0.39109	0	0.48237	0.53174	10.41730	1.06647	0	0.48502	0.53416	10.44605	1.06647	0	-0.00411	-0.00883	0.66925	0.00359	1	-0.00362	-0.00901	0.69027	0.00341	1	1.45898	0.81042	0	
1257253	8479.69238	3305596521195	0.00000	0.00000	8479.50488	0.05371	11518	0	0.52386	0.43789	0	0.40536	0.39109	0	0.40536	0.39109	0	0.48237	0.53174	10.41730	1.06647	0	0.48502	0.53416	10.44605	1.06647	0	-0.00411	-0.00883	0.66925	0.00359	1	-0.00362	-0.00901	0.69027	0.00341	1	1.45898	0.81042	0	
1257254	8479.69922	3305596588106	0.00000	0.00000	8479.50488	0.05371	11518	0	0.52386	0.43789	0	0.40536	0.39109	0	0.40536	0.39109	0	0.48237	0.53174	10.41730	1.06647	0	0.48502	0.53416	10.44605	1.06647	0	-0.00411	-0.00883	0.66925	0.00359	1	-0.00362	-0.00901	0.69027	0.00341	1	1.45898	0.81042	0	
1257255	8479.70605	3305596653950	0.00000	0.00000	8479.50488	0.05371	11518	0	0.52386	0.43789	0	0.40536	0.39109	0	0.40536	0.39109	0	0.48237	0.53174	10.41730	1.06647	0	0.48502	0.53416	10.44605	1.06647	0	-0.00411	-0.00883	0.66925	0.00359	1	-0.00362	-0.00901	0.69027	0.00341	1	1.45898	0.81042	0	
1257256	8479.71289	3305596721061	0.00000	0.00000	8479.50488	0.05371	11518	0	0.52386	0.43789	0	0.40536	0.39109	0	0.40536	0.39109	0	0.48237	0.53174	10.41730	1.06647	0	0.48502	0.53416	10.44605	1.06647	0	-0.00411	-0.00883	0.66925	0.00359	1	-0.00362	-0.00901	0.69027	0.00341	1	1.45898	0.81042	0	
1257257	8479.71973	3305596788563	0.00000	0.00000	8479.50488	0.05371	11518	0	0.52386	0.43789	0	0.40536	0.39109	0	0.40536	0.39109	0	0.48237	0.53174	10.41730	1.06647	0	0.48502	0.53416	10.44605	1.06647	0	-0.00411	-0.00883	0.66925	0.00359	1	-0.00362	-0.00901	0.69027	0.00341	1	1.45898	0.81042	0	
1257258	8479.72656	3305596857658	0.00000	0.00000	8479.50488	0.05371	11518	0	0.52386	0.43789	0	0.40536	0.39109	0	0.40536	0.39109	0	0.48237	0.53174	10.41730	1.06647	0	0.48502	0.53416	10.44605	1.06647	0	-0.00411	-0.00883	0.66925	0.00359	1	-0.00362	-0.00901	0.69027	0.00341	1	1.45898	0.81042	0	
1257259	8479.73242	3305596923245	0.00000	0.00000	8479.50488	0.05371	11518	0	0.52386	0.43789	0	0.40536	0.39109	0	0.40536	0.39109	0	0.48237	0.53174	10.41730	1.06647	0	0.48502	0.53416	10.44605	1.06647	0	-0.00411	-0.00883	0.66925	0.00359	1	-0.00362	-0.00901	0.69027	0.00341	1	1.45898	0.81042	0	
1257260	8479.73926	3305596989677	0.00000	0.00000	8479.50488	0.05371	11518	0	0.52386	0.43789	0	0.40536	0.39109	0	0.40536	0.39109	0	0.48237	0.53174	10.41730	1.06647	0	0.48502	0.53416	10.44605	1.06647	0	-0.00411	-0.00883	0.66925	0.00359	1	-0.00362	-0.00901	0.69027	0.00341	1	1.45898	0.81042	0	
1257261	8479.74609	3305597056307	0.00000	0.00000	8479.50488	0.05371	11518	0	0.52386	0.43789	0	0.40536	0.39109	0	0.40536	0.39109	0	0.48237	0.53174	10.41730	1.06647	0	0.48502	0.53416	10.44605	1.06647	0	-0.00411	-0.00883	0.66925	0.00359	1	-0.00362	-0.00901	0.69027	0.00341	1	1.45898	0.81042	0	
1257262	8479.75293	3305597123633	0.00000	0.00000	8479.50488	0.05371	11518	0	0.52386	0.43789	0	0.40536	0.39109	0	0.40536	0.39109	0	0.48237	0.53174	10.41730	1.06647	0	0.48502	0.53416	10.44605	1.06647	0	-0.00411	-0.00883	0.66925	0.00359	1	-0.00362	-0.00901	0.69027	0.00341	1	1.45898	0.81042	0	
1257263	8479.75977	3305597190170	0.00000	0.00000	8479.50488	0.05371	11518	0	0.52386	0.43789	0	0.40536	0.39109	0	0.40536	0.39109	0	0.48237	0.53174	10.41730	1.06647	0	0.48502	0.53416	10.44605	1.06647	0	-0.00411	-0.00883	0.66925	0.00359	1	-0.00362	-0.00901	0.69027	0.00341	1	1.45898	0.81042	0	
1257264	8479.76660	3305597258195	0.00000	0.00000	8479.50488	0.05371	11518	0	0.52386	0.43789	0	0.40536	0.39109	0	0.40536	0.39109	0	0.48237	0.53174	10.41730	1.06647	0	0.48502	0.53416	10.44605	1.06647	0	-0.00411	-0.00883	0.66925	0.00359	1	-0.00362	-0.00901	0.69027	0.00341	1	1.45898	0.81042	0	
1257265	8479.77344	3305597324705	0.00000	0.00000	8479.50488	0.05371	11518	0	0.52386	0.43789	0	0.40536	0.39109	0	0.40536	0.39109	0	0.48237	0.53174	10.41730	1.06647	0	0.48502	0.53416	10.44605	1.06647	0	-0.00411	-0.00883	0.66925	0.00359	1	-0.00362	-0.00901	0.69027	0.00341	1	1.45898	0.81042	0	
1257266	8479.77930	3305597391562	0.00000	0.00000	8479.50488	0.05371	11518	0	0.52386	0.43789	0	0.40536	0.39109	0	0.40536	0.39109	0	0.48237	0.53174	10.41730	1.06647	0	0.48502	0.53416	10.44605	1.06647	0	-0.00411	-0.00883	0.66925	0.00359	1	-0.00362	-0.00901	0.69027	0.00341	1	1.45898	0.81042	0	
1257267	8479.78613	3305597458155	0.00000	0.00000	8479.50488	0.05371	11518	0	0.52386	0.43789	0	0.40536	0.39109	0	0.40536	0.39109	0	0.48237	0.53174	10.41730	1.06647	0	0.48502	0.53416	10.44605	1.06647	0	-0.00411	-0.00883	0.66925	0.00359	1	-0.00362	-0.00901	0.69027	0.00341	1	1.45898	0.81042	0	
1257268	8479.79297	3305597525830	0.00000	0.00000	8479.50488	0.05371	11518	0	0.52386	0.43789	0	0.40536	0.39109	0	0.40536	0.39109	0	0.48237	0.53174	10.41730	1.06647	0	0.48502	0.53416	10.44605	1.06647	0	-0.00411	-0.00883	0.66925	0.00359	1	-0.00362	-0.00901	0.69027	0.00341	1	1.45898	0.81042	0	
1257269	8479.79980	3305597592175	0.00000	0.00000	8479.50488	0.05371	11518	0	0.52386	0.43789	0	0.40536	0.39109	0	0.40536	0.39109	0	0.48237	0.53174	10.41730	1.06647	0	0.48502	0.53416	10.44605	1.06647	0	-0.00411	-0.00883	0.66925	0.00359	1	-0.00362	-0.00901	0.69027	0.00341	1	1.45898	0.81042	0	
1257270	8479.80664	3305597659413	0.00000	0.00000	8479.50488	0.05371	11518	0	0.52386	0.43789	0	0.40536	0.39109	0	0.40536	0.39109	0	0.48237	0.53174	10.41730	1.06647	0	0.48502	0.53416	10.44605	1.06647	0	-0.00411	-0.00883	0.66925	0.00359	1	-0.00362	-0.00901	0.69027	0.00341	1	1.45898	0.81042	0	
1257271	8479.81348	3305597726360	0.00000	0.00000	8479.50488	0.05371	11518	0	0.52386	0.43789	0	0.40536	0.39109	0	0.40536	0.39109	0	0.48237	0.53174	10.41730	1.06647	0	0.48502	0.53416	10.44605	1.06647	0	-0.00411	-0.00883	0.66925	0.00359	1	-0.00362	-0.00901	0.69027	0.00341	1	1.45898	0.81042	0	
1257272	8479.82031	3305597793769	0.00000	0.00000	8479.50488	0.05371	11518	0	0.52386	0.43789	0	0.40536	0.39109	0	0.40536	0.39109	0	0.48237	0.53174	10.41730	1.06647	0	0.48502	0.53416	10.44605	1.06647	0	-0.00411	-0.00883	0.66925	0.00359	1	-0.00362	-0.00901	0.69027	0.00341	1	1.45898	0.81042	0	
1257273	8479.82617	3305597860548	0.00000	0.00000	8479.50488	0.05371	11518	0	0.52386	0.43789	0	0.40536	0.39109	0	0.40536	0.39109	0	0.48237	0.53174	10.41730	1.06647	0	0.48502	0.53416	10.44605	1.06647	0	-0.00411	-0.00883	0.66925	0.00359	1	-0.00362	-0.00901	0.69027	0.00341	1	1.45898	0.81042	0	
1257274	8479.83301	3305597924103	0.00000	0.00000	8479.50488	0.05371	11518	0	0.52386	0.43789	0	0.40536	0.39109	0	0.40536	0.39109	0	0.48237	0.53174	10.41730	1.06647	0	0.48502	0.53416	10.44605	1.06647	0	-0.00411	-0.00883	0.66925	0.00359	1	-0.00362	-0.00901	0.69027	0.00341	1	1.45898	0.81042	0	
1257275	8479.83984	3305597992054	0.00000	0.00000	8479.50488	0.05371	11518	0	0.52386	0.43789	0	0.40536	0.39109	0	0.40536	0.39109	0	0.48237	0.53174	10.41730	1.06647	0	0.48502	0.53416	10.44605	1.06647	0	-0.00411	-0.00883	0.66925	0.00359	1	-0.00362	-0.00901	0.69027	0.00341	1	1.45898	0.81042	0	
1257276	8479.84668	3305598059211	0.00000	0.00000	8479.50488	0.05371	11518	0	0.52386	0.43789	0	0.40536	0.39109	0	0.40536	0.39109	0	0.48237	0.53174	10.41730	1.06647	0	0.48502	0.53416	10.44605	1.06647	0	-0.00411	-0.00883	0.66925	0.00359	1	-0.00362	-0.00901	0.69027	0.00341	1	1.45898	0.81042	0	
1257277	8479.85352	3305598126369	0.00000	0.00000	8479.50488	0.05371	11518	0	0.52386	0.43789	0	0.40536	0.39109	0	0.40536	0.39109	0	0.48237	0.53174	10.41730	1.06647	0	0.48502	0.53416	10.44605	1.06647	0	-0.00411	-0.00883	0.66925	0.00359	1	-0.00362	-0.00901	0.69027	0.00341	1	1.45898	0.81042	0	
1257278	8479.85938	3305598193432	0.00000	0.00000	8479.50488	0.05371	11518	0	0.52386	0.43789	0	0.40536	0.39109	0	0.40536	0.39109	0	0.48237	0.53174	10.41730	1.06647	0	0.48502	0.53416	10.44605	1.06647	0	-0.00411	-0.00883	0.66925	0.00359	1	-0.00362	-0.00901	0.69027	0.00341	1	1.45898	0.81042	0	
1257279	8479.86621	3305598259087	0.00000	0.00000	8479.50488	0.05371	11518	0	0.52386	0.43789	0	0.40536	0.39109	0	0.40536	0.39109	0	0.48237	0.53174	10.41730	1.06647	0	0.48502	0.53416	10.44605	1.06647	0	-0.00411	-0.00883	0.66925	0.00359	1	-0.00362	-0.00901	0.69027	0.00341	1	1.45898	0.81042	0	
1257280	8479.87305	3305598326939	0.00000	0.00000	8479.50488	0.05371	11518	0	0.52386	0.43789	0	0.40536	0.39109	0	0.40536	0.39109	0	0.48237	0.53174	10.41730	1.06647	0	0.48502	0.53416	10.44605	1.06647	0	-0.00411	-0.00883	0.66925	0.00359	1	-0.00362	-0.00901	0.69027	0.00341	1	1.45898	0.81042	0	
1257281	8479.87988	3305598393626	0.00000	0.00000	8479.50488	0.05371	11518	0	0.52386	0.43789	0	0.40536	0.39109	0	0.40536	0.39109	0	0.48237	0.53174	10.41730	1.06647	0	0.48502	0.53416	10.44605	1.06647	0	-0.00411	-0.00883	0.66925	0.00359	1	-0.00362	-0.00901	0.69027	0.00341	1	1.45898	0.81042	0	
1257282	8479.88672	3305598463171	0.00000	0.00000	8479.50488	0.05371	11518	0	0.52386	0.43789	0	0.40536	0.39109	0	0.40536	0.39109	0	0.48237	0.53174	10.41730	1.06647	0	0.48502	0.53416	10.44605	1.06647	0	-0.00411	-0.00883	0.66925	0.00359	1	-0.00362	-0.00901	0.69027	0.00341	1	1.45898	0.81042	0	
1257283	8479.89355	3305598530379	0.00000	0.00000	8479.50488	0.05371	11518	0	0.52386	0.43789	0	0.40536	0.39109	0	0.40536	0.39109	0	0.48237	0.53174	10.41730	1.06647	0	0.48502	0.53416	10.44605	1.06647	0	-0.00411	-0.00883	0.66925	0.00359	1	-0.00362	-0.00901	0.69027	0.00341	1	1.45898	0.81042	0	
1257284	8479.90039	3305598597247	0.00000	0.00000	8479.50488	0.05371	11518	0	0.52386	0.43789	0	0.40536	0.39109	0	0.40536	0.39109	0	0.48237	0.53174	10.41730	1.06647	0	0.48502	0.53416	10.44605	1.06647	0	-0.00411	-0.00883	0.66925	0.00359	1	-0.00362	-0.00901	0.69027	0.00341	1	1.45898	0.81042	0	
1257285	8479.90723	3305598664245	0.00000	0.00000	8479.50488	0.05371	11518	0	0.52386	0.43789	0	0.40536	0.39109	0	0.40536	0.39109	0	0.48237	0.53174	10.41730	1.06647	0	0.48502	0.53416	10.44605	1.06647	0	-0.00411	-0.00883	0.66925	0.00359	1	-0.00362	-0.00901	0.69027	0.00341	1	1.45898	0.81042	0	
1257286	8479.91406	3305598732519	0.00000	0.00000	8479.50488	0.05371	11518	0	0.52386	0.43789	0	0.40536	0.39109	0	0.40536	0.39109	0	0.48237	0.53174	10.41730	1.06647	0	0.48502	0.53416	10.44605	1.06647	0	-0.00411	-0.00883	0.66925	0.00359	1	-0.00362	-0.00901	0.69027	0.00341	1	1.45898	0.81042	0	
1257287	8479.92090	3305598799453	0.00000	0.00000	8479.50488	0.05371	11518	0	0.52386	0.43789	0	0.40536	0.39109	0	0.40536	0.39109	0	0.48237	0.53174	10.41730	1.06647	0	0.48502	0.53416	10.44605	1.06647	0	-0.00411	-0.00883	0.66925	0.00359	1	-0.00362	-0.00901	0.69027	0.00341	1	1.45898	0.81042	0	
1257288	8479.92676	3305598865461	0.00000	0.00000	8479.50488	0.05371	11518	0	0.52386	0.43789	0	0.40536	0.39109	0	0.40536	0.39109	0	0.48237	0.53174	10.41730	1.06647	0	0.48502	0.53416	10.44605	1.06647	0	-0.00411	-0.00883	0.66925	0.00359	1	-0.00362	-0.00901	0.69027	0.00341	1	1.45898	0.81042	0	
1257289	8479.93359	3305598932212	0.00000	0.00000	8479.50488	0.05371	11518	0	0.52386	0.43789	0	0.40536	0.39109	0	0.40536	0.39109	0	0.48237	0.53174	10.41730	1.06647	0	0.48502	0.53416	10.44605	1.06647	0	-0.00411	-0.00883	0.66925	0.00359	1	-0.00362	-0.00901	0.69027	0.00341	1	1.45898	0.81042	0	
1257290	8479.94043	3305598999046	0.00000	0.00000	8479.50488	0.05371	11518	0	0.52386	0.43789	0	0.40536	0.39109	0	0.40536	0.39109	0	0.48237	0.53174	10.41730	1.06647	0	0.48502	0.53416	10.44605	1.06647	0	-0.00411	-0.00883	0.66925	0.00359	1	-0.00362	-0.00901	0.69027	0.00341	1	1.45898	0.81042	0	
1257291	8479.94727	3305599066328	0.00000	0.00000	8479.50488	0.05371	11518	0	0.52386	0.43789	0	0.40536	0.39109	0	0.40536	0.39109	0	0.48237	0.53174	10.41730	1.06647	0	0.48502	0.53416	10.44605	1.06647	0	-0.00411	-0.00883	0.66925	0.00359	1	-0.00362	-0.00901	0.69027	0.00341	1	1.45898	0.81042	0	
1257292	8479.95410	3305599133319	0.00000	0.00000	8479.50488	0.05371	11518	0	0.52386	0.43789	0	0.40536	0.39109	0	0.40536	0.39109	0	0.48237	0.53174	10.41730	1.06647	0	0.48502	0.53416	10.44605	1.06647	0	-0.00411	-0.00883	0.66925	0.00359	1	-0.00362	-0.00901	0.69027	0.00341	1	1.45898	0.81042	0	
1257293	8479.96094	3305599199956	0.00000	0.00000	8479.50488	0.05371	11518	0	0.52386	0.43789	0	0.40536	0.39109	0	0.40536	0.39109	0	0.48237	0.53174	10.41730	1.06647	0	0.48502	0.53416	10.44605	1.06647	0	-0.00411	-0.00883	0.66925	0.00359	1	-0.00362	-0.00901	0.69027	0.00341	1	1.45898	0.81042	0	
1257294	8479.96680	3305599266362	0.00000	0.00000	8479.50488	0.05371	11518	0	0.52386	0.43789	0	0.40536	0.39109	0	0.40536	0.39109	0	0.48237	0.53174	10.41730	1.06647	0	0.48502	0.53416	10.44605	1.06647	0	-0.00411	-0.00883	0.66925	0.00359	1	-0.00362	-0.00901	0.69027	0.00341	1	1.45898	0.81042	0	
1257295	8479.97363	3305599334225	0.00000	0.00000	8479.50488	0.05371	11518	0	0.52386	0.43789	0	0.40536	0.39109	0	0.40536	0.39109	0	0.48237	0.53174	10.41730	1.06647	0	0.48502	0.53416	10.44605	1.06647	0	-0.00411	-0.00883	0.66925	0.00359	1	-0.00362	-0.00901	0.69027	0.00341	1	1.45898	0.81042	0	
1257296	8479.98047	3305599400911	0.00000	0.00000	8479.50488	0.05371	11518	0	0.52386	0.43789	0	0.40536	0.39109	0	0.40536	0.39109	0	0.48237	0.53174	10.41730	1.06647	0	0.48502	0.53416	10.44605	1.06647	0	-0.00411	-0.00883	0.66925	0.00359	1	-0.00362	-0.00901	0.69027	0.00341	1	1.45898	0.81042	0	
1257297	8479.98730	3305599465472	0.00000	0.00000	8479.50488	0.05371	11518	0	0.52386	0.43789	0	0.40536	0.39109	0	0.40536	0.39109	0	0.48237	0.53174	10.41730	1.06647	0	0.48502	0.53416	10.44605	1.06647	0	-0.00411	-0.00883	0.66925	0.00359	1	-0.00362	-0.00901	0.69027	0.00341	1	1.45898	0.81042	0	
1257298	8479.99414	3305599535020	0.00000	0.00000	8479.50488	0.05371	11518	0	0.52386	0.43789	0	0.40536	0.39109	0	0.40536	0.39109	0	0.48237	0.53174	10.41730	1.06647	0	0.48502	0.53416	10.44605	1.06647	0	-0.00411	-0.00883	0.66925	0.00359	1	-0.00362	-0.00901	0.69027	0.00341	1	1.45898	0.81042	0	
1257299	8480.00098	3305599601724	0.00000	0.00000	8479.50488	0.05371	11518	0	0.52386	0.43789	0	0.40536	0.39109	0	0.40536	0.39109	0	0.48237	0.53174	10.41730	1.06647	0	0.48502	0.53416	10.44605	1.06647	0	-0.00411	-0.00883	0.66925	0.00359	1	-0.00362	-0.00901	0.69027	0.00341	1	1.45898	0.81042	0	
1257300	8480.00781	3305599669926	0.00000	0.00000	8479.50488	0.05371	11518	0	0.52386	0.43789	0	0.40536	0.39109	0	0.40536	0.39109	0	0.48237	0.53174	10.41730	1.06647	0	0.48502	0.53416	10.44605	1.06647	0	-0.00411	-0.00883	0.66925	0.00359	1	-0.00362	-0.00901	0.69027	0.00341	1	1.45898	0.81042	0	
1257301	8480.01367	3305599735610	0.00000	0.00000	8479.50488	0.05371	11518	0	0.52386	0.43789	0	0.40536	0.39109	0	0.40536	0.39109	0	0.48237	0.53174	10.41730	1.06647	0	0.48502	0.53416	10.44605	1.06647	0	-0.00411	-0.00883	0.66925	0.00359	1	-0.00362	-0.00901	0.69027	0.00341	1	1.45898	0.81042	0	
1257302	8480.02051	3305599804636	0.00000	0.00000	8479.50488	0.05371	11518	0	0.52386	0.43789	0	0.40536	0.39109	0	0.40536	0.39109	0	0.48237	0.53174	10.41730	1.06647	0	0.48502	0.53416	10.44605	1.06647	0	-0.00411	-0.00883	0.66925	0.00359	1	-0.00362	-0.00901	0.69027	0.00341	1	1.45898	0.81042	0	
1257303	8480.02734	3305599869558	0.00000	0.00000	8479.50488	0.05371	11518	0	0.52386	0.43789	0	0.40536	0.39109	0	0.40536	0.39109	0	0.48237	0.53174	10.41730	1.06647	0	0.48502	0.53416	10.44605	1.06647	0	-0.00411	-0.00883	0.66925	0.00359	1	-0.00362	-0.00901	0.69027	0.00341	1	1.45898	0.81042	0	
1257304	8480.03418	3305599933135	0.00000	0.00000	8479.50488	0.05371	11518	0	0.52386	0.43789	0	0.40536	0.39109	0	0.40536	0.39109	0	0.48237	0.53174	10.41730	1.06647	0	0.48502	0.53416	10.44605	1.06647	0	-0.00411	-0.00883	0.66925	0.00359	1	-0.00362	-0.00901	0.69027	0.00341	1	1.45898	0.81042	0	
1257305	8480.04102	3305600001318	0.00000	0.00000	8479.50488	0.05371	11518	0	0.52386	0.43789	0	0.40536	0.39109	0	0.40536	0.39109	0	0.48237	0.53174	10.41730	1.06647	0	0.48502	0.53416	10.44605	1.06647	0	-0.00411	-0.00883	0.66925	0.00359	1	-0.00362	-0.00901	0.69027	0.00341	1	1.45898	0.81042	0	
1257306	8480.04688	3305600068774	0.38828	0.43538	8479.50488	0.05371	11518	0	0.52386	0.43789	0	0.38828	0.43538	1	0.38828	0.43538	1	0.48237	0.53174	10.41730	1.06647	0	0.48481	0.53410	10.20979	1.06647	1	-0.00411	-0.00883	0.66925	0.00359	1	-0.00362	-0.00901	0.69027	0.00353	1	1.45898	0.81042	0	
1257307	8480.05469	3305600137864	0.37828	0.30603	8479.50488	0.05371	11518	0	0.52386	0.43789	0	0.36828	0.17667	1	0.36828	0.17667	1	0.48237	0.53174	10.41730	1.06647	0	0.48448	0.53137	9.84833	1.06647	1	-0.00411	-0.00883	0.66925	0.00359	1	-0.00362	-0.00901	0.69027	0.00208	1	1.45898	0.81042	0	
1257308	8480.06055	3305600205252	0.37495	0.26291	8479.50488	0.05371	11518	0	0.52386	0.43789	0	0.36828	0.17667	1	0.36828	0.17667	1	0.48237	0.53174	10.41730	1.06647	0	0.48427	0.53100	9.86846	1.06647	1	-0.00411	-0.00883	0.66925	0.00359	1	-0.00382	-0.00892	0.68777	0.00214	1	1.45898	0.81042	0	
1257309	8480.06738	3305600272532	0.36996	0.16902	8479.50488	0.05371	11518	0	0.52386	0.43789	0	0.37330	0.15371	1	0.37330	0.15371	1	0.48237	0.53174	10.41730	1.06647	0	0.48402	0.53115	10.11246	1.06647	1	-0.00411	-0.00883	0.66925	0.00359	1	-0.00382	-0.00892	0.68777	0.00203	1	1.45898	0.81042	0	
1257310	8480.07422	3305600338036	0.37312	0.22233	8479.50488	0.05371	11518	0	0.52386	0.43789	0	0.37629	0.27564	1	0.37629	0.27564	1	0.48237	0.53174	10.41730	1.06647	0	0.48416	0.53261	9.93935	1.06647	1	-0.00411	-0.00883	0.66925	0.00359	1	-0.00382	-0.00892	0.68777	0.00369	1	1.45898	0.81042	0	
1257311	8480.08105	3305600406005	0.37418	0.24010	8479.50488	0.05371	11518	0	0.52386	0.43789	0	0.37629	0.27564	1	0.37629	0.27564	1	0.48237	0.53174	10.41730	1.06647	0	0.48353	0.53050	10.07831	1.06647	1	-0.00411	-0.00883	0.66925	0.00359	1	-0.00380	-0.00884	0.68504	0.00207	1	1.45898	0.81042	0	
1257312	8480.08789	3305600472799	0.36772	0.20190	8480.06738	0.02051	11519	1	0.52386	0.43789	0	0.34834	0.08731	1	0.34834	0.08731	1	0.48237	0.53174	10.41730	1.06647	0	0.48353	0.53050	10.07831	1.06647	1	-0.00411	-0.00883	0.66925	0.00359	1	-0.00380	-0.00884	0.68504	0.00207	1	1.45898	0.81042	0	
1257313	8480.09473	3305600539745	0.36887	0.18850	8480.06738	0.02734	11519	1	0.52386	0.43789	0	0.37349	0.13489	1	0.37349	0.13489	1	0.48237	0.53174	10.41730	1.06647	0	0.48353	0.53043	9.88122	1.06647	1	-0.00411	-0.00883	0.66925	0.00359	1	-0.00380	-0.00884	0.68504	0.00210	1	1.45898	0.81042	0	
1257314	8480.10156	3305600607222	0.36964	0.17956	8480.06738	0.03418	11519	1	0.52386	0.43789	0	0.37349	0.13489	1	0.37349	0.13489	1	0.48237	0.53174	10.41730	1.06647	0	0.48361	0.53033	10.01219	1.06647	1	-0.00411	-0.00883	0.66925	0.00359	1	-0.00380	-0.00884	0.68504	0.00211	1	1.45898	0.81042	0	
1257315	8480.10742	3305600674013	0.36769	0.17334	8480.06738	0.04004	11519	1	0.52386	0.43789	0	0.35597	0.13600	1	0.35597	0.13600	1	0.48237	0.53174	10.41730	1.06647	0	0.48359	0.53042	10.19144	1.06647	1	-0.00411	-0.00883	0.66925	0.00359	1	-0.00380	-0.00884	0.68504	0.00207	1	1.45898	0.81042	0	
1257316	8480.11426	3305600741252	0.36500	0.16854	8480.06738	0.04688	11519	1	0.52386	0.43789	0	0.34620	0.13494	1	0.34620	0.13494	1	0.48237	0.53174	10.41730	1.06647	0	0.48361	0.53040	10.17987	1.06647	1	-0.00411	-0.00883	0.66925	0.00359	1	-0.00380	-0.00884	0.68504	0.00209	1	1.45898	0.81042	0	
1257317	8480.12109	3305600807623	0.36291	0.16481	8480.06738	0.05371	11519	1	0.52386	0.43789	0	0.34620	0.13494	1	0.34620	0.13494	1	0.48237	0.53174	10.41730	1.06647	0	0.48361	0.53033	10.01219	1.06647	1	-0.00411	-0.00883	0.66925	0.00359	1	-0.00382	-0.00882	0.68777	0.00211	1	1.45898	0.81042	0	
1257318	8480.12793	3305600873207	0.36257	0.16149	8480.06738	0.06055	11519	1	0.52386	0.43789	0	0.35949	0.13166	1	0.35949	0.13166	1	0.48237	0.53174	10.41730	1.06647	0	0.48342	0.53044	9.96324	1.06647	1	-0.00411	-0.00883	0.66925	0.00359	1	-0.00382	-0.00882	0.68777	0.00201	1	1.45898	0.81042	0	
1257319	8480.13477	3305600942387	0.36294	0.15615	8480.06738	0.06738	11519	1	0.52386	0.43789	0	0.36665	0.10278	1	0.36665	0.10278	1	0.48237	0.53174	10.41730	1.06647	0	0.48349	0.53023	9.69963	1.06647	1	-0.00411	-0.00883	0.66925	0.00359	1	-0.00382	-0.00882	0.68777	0.00208	1	1.45898	0.81042	0	
1257320	8480.14160	3305601010095	0.36325	0.15171	8480.06738	0.07422	11519	1	0.52386	0.43789	0	0.36665	0.10278	1	0.36665	0.10278	1	0.48237	0.53174	10.41730	1.06647	0	0.48339	0.53015	10.26475	1.06647	1	-0.00411	-0.00883	0.66925	0.00359	1	-0.00380	-0.00884	0.68504	0.00207	1	1.45898	0.81042	0	
1257321	8480.14844	3305601075615	0.36264	0.14982	8480.06738	0.08105	11519	1	0.52386	0.43789	0	0.35525	0.12715	1	0.35525	0.12715	1	0.48237	0.53174	10.41730	1.06647	0	0.48343	0.53038	9.82914	1.06647	1	-0.00411	-0.00883	0.66925	0.00359	1	-0.00380	-0.00884	0.68504	0.00202	1	1.45898	0.81042	0	
1257322	8480.15430	3305601142977	0.36270	0.14660	8480.06738	0.08691	11519	1	0.52386	0.43789	0	0.36359	0.10477	1	0.36359	0.10477	1	0.48237	0.53174	10.41730	1.06647	0	0.48342	0.53014	10.31850	1.06647	1	-0.00411	-0.00883	0.66925	0.00359	1	-0.00380	-0.00884	0.68504	0.00205	1	1.45898	0.81042	0	
1257323	8480.16113	3305601210053	0.36280	0.14433	8480.06738	0.09375	11519	1	0.52386	0.43789	0	0.36407	0.11255	1	0.36407	0.11255	1	0.48237	0.53174	10.41730	1.06647	0	0.48338	0.53040	10.07543	1.05881	1	-0.00411	-0.00883	0.66925	0.00359	1	-0.00372	-0.00844	0.66183	0.00204	1	1.45898	0.81042	0	
1257324	8480.16797	3305601276372	0.36238	0.14347	8480.06738	0.10059	11519	1	0.52386	0.43789	0	0.35611	0.13059	1	0.35611	0.13059	1	0.48237	0.53174	10.41730	1.05881	0	0.48332	0.53035	10.00485	1.05115	1	-0.00411	-0.00883	0.66925	0.00359	1	-0.00372	-0.00844	0.66183	0.00210	1	1.45898	0.81042	0	
1257325	8480.17480	3305601343858	0.36227	0.14354	8480.06738	0.10742	11519	1	0.52386	0.43789	0	0.36047	0.14458	1	0.36047	0.14458	1	0.48237	0.53174	10.41730	1.05115	0	0.48335	0.53024	10.05811	1.04349	1	-0.00411	-0.00883	0.66925	0.00359	1	-0.00372	-0.00844	0.66183	0.00203	1	1.45898	0.81042	0	
1257326	8480.18164	3305601410510	0.36213	0.14311	8480.06738	0.11426	11519	1	0.52386	0.43789	0	0.35989	0.13589	1	0.35989	0.13589	1	0.48237	0.53174	10.41730	1.04349	0	0.48311	0.53011	10.23229	1.05217	1	-0.00411	-0.00883	0.66925	0.00359	1	-0.00402	-0.00911	0.71458	0.00209	1	1.45898	0.81042	0	
1257327	8480.18848	3305601477792	0.36167	0.14245	8480.06738	0.12109	11519	1	0.52386	0.43789	0	0.35328	0.13052	1	0.35328	0.13052	1	0.48237	0.53174	10.41730	1.05217	0	0.48330	0.53035	10.01181	1.06851	1	-0.00411	-0.00883	0.66925	0.00359	1	-0.00402	-0.00911	0.71458	0.00204	1	1.45898	0.81042	0	
1257328	8480.19531	3305601544513	0.36054	0.14000	8480.06738	0.12793	11519	1	0.52386	0.43789	0	0.33916	0.09352	1	0.33916	0.09352	1	0.48237	0.53174	10.41730	1.06851	0	0.48306	0.53021	10.04783	1.08485	1	-0.00411	-0.00883	0.66925	0.00359	1	-0.00402	-0.00911	0.71458	0.00209	1	1.45898	0.81042	0	
1257329	8480.20117	3305601605188	0.35946	0.13701	8480.06738	0.13379	11519	1	0.52386	0.43789	0	0.33780	0.07707	1	0.33780	0.07707	1	0.48237	0.53174	10.41730	1.08485	0	0.48331	0.53037	10.17313	1.10119	1	-0.00411	-0.00883	0.66925	0.00359	1	-0.00402	-0.00911	0.71458	0.00205	1	1.45898	0.81042	0	
1257330	8480.20801	3305601678721	0.35908	0.13508	8480.06738	0.14062	11519	1	0.52386	0.43789	0	0.35120	0.09455	1	0.35120	0.09455	1	0.48237	0.53174	10.41730	1.10119	0	0.48332	0.53042	9.89895	1.10119	1	-0.00411	-0.00883	0.66925	0.00359	1	-0.00402	-0.00911	0.71458	0.00208	1	1.45898	0.81042	0	
1257331	8480.21484	3305601744525	0.35859	0.13136	8480.06738	0.14746	11519	1	0.52386	0.43789	0	0.34772	0.04966	1	0.34772	0.04966	1	0.48237	0.53174	10.41730	1.10119	0	0.48327	0.53038	10.06459	1.10119	1	-0.00411	-0.00883	0.66925	0.00359	1	-0.00402	-0.00911	0.71458	0.00208	1	1.45898	0.81042	0	
1257332	8480.22168	3305601809544	0.36174	0.13573	8480.06738	0.15430	11519	1	0.52022	0.41373	1	0.34836	0.05862	1	0.43429	0.23618	1	0.48320	0.53036	10.30332	1.10119	1	0.74529	0.55760	11.24002	1.09251	1	-0.00399	-0.00880	0.68243	0.00201	1	0.06369	-0.01357	0.67516	0.00375	1	1.45898	0.81042	0	
1257333	8480.22852	3305601875809	0.36568	0.14154	8480.06738	0.16113	11519	1	0.46293	0.14908	1	0.45731	0.41277	1	0.46012	0.28092	1	0.48316	0.53032	10.02545	1.09251	1	0.74571	0.55754	11.78371	1.08383	1	-0.00399	-0.00880	0.68243	0.00203	1	0.06369	-0.01357	0.67516	0.00371	1	1.45898	0.81042	0	
1257334	8480.23438	3305601943776	0.36922	0.14700	8480.06738	0.16699	11519	1	0.46534	0.16768	1	0.45004	0.39944	1	0.45769	0.28356	1	0.48316	0.53036	10.24169	1.08383	1	0.74555	0.55744	11.83811	1.07515	1	-0.00399	-0.00880	0.68243	0.00203	1	0.06369	-0.01357	0.67516	0.00378	1	1.45898	0.81042	0	
1257335	8480.24121	3305602010527	0.37249	0.15204	8480.06738	0.17383	11519	1	0.46528	0.16730	1	0.45005	0.39914	1	0.45766	0.28322	1	0.48317	0.53043	10.06257	1.08423	1	0.74539	0.55744	11.58281	1.07555	1	-0.00408	-0.00912	0.70718	0.00205	1	0.06369	-0.01357	0.67516	0.00386	1	1.45898	0.81042	0	
1257336	8480.24805	3305602077892	0.37545	0.15656	8480.06738	0.18066	11519	1	0.46172	0.16475	1	0.44869	0.39244	1	0.45520	0.27860	1	0.48320	0.53037	9.96517	1.08464	1	0.74559	0.55734	11.49235	1.08464	1	-0.00408	-0.00912	0.70718	0.00208	1	0.06369	-0.01357	0.67516	0.00381	1	1.45898	0.81042	0	
1257337	8480.25488	3305602144079	0.37443	0.15480	8480.06738	0.18750	11519	1	0.46172	0.16475	0	0.34593	0.10549	1	0.34593	0.10549	1	0.48320	0.53037	9.96517	1.09372	0	0.48311	0.53049	10.25890	1.09372	1	-0.00408	-0.00912	0.70718	0.00208	1	0.06369	-0.01357	0.67516	0.00209	1	1.45898	0.81042	0	
1257338	8480.26172	3305602212964	0.37346	0.15286	8480.06738	0.19434	11519	1	0.46172	0.16475	0	0.34523	0.09651	1	0.34523	0.09651	1	0.48320	0.53037	9.96517	1.10281	0	0.48306	0.53049	10.17108	1.10281	1	-0.00408	-0.00912	0.70718	0.00208	1	-0.00399	-0.00880	0.68243	0.00205	1	1.45898	0.81042	0	
1257339	8480.26855	3305602278396	0.37253	0.15096	8480.06738	0.20117	11519	1	0.46172	0.16475	0	0.34480	0.09382	1	0.34480	0.09382	1	0.48320	0.53037	9.96517	1.10281	0	0.48319	0.53043	10.47523	1.10281	1	-0.00408	-0.00912	0.70718	0.00208	1	-0.00399	-0.00880	0.68243	0.00203	1	1.45898	0.81042	0	
1257340	8480.27539	3305602347277	0.37156	0.14901	8480.06738	0.20801	11519	1	0.46172	0.16475	0	0.34154	0.08884	1	0.34154	0.08884	1	0.48320	0.53037	9.96517	1.10281	0	0.48314	0.53041	10.13170	1.10281	1	-0.00408	-0.00912	0.70718	0.00208	1	-0.00399	-0.00880	0.68243	0.00204	1	1.45898	0.81042	0	
1257341	8480.28223	3305602413793	0.39024	0.16501	8480.06738	0.20801	11519	0	0.46172	0.16475	0	0.34154	0.08884	1	0.34154	0.08884	1	0.48320	0.53037	9.96517	1.10281	0	0.48309	0.53055	10.47514	1.10281	1	-0.00408	-0.00912	0.70718	0.00208	1	-0.00399	-0.00880	0.68243	0.00204	1	1.45898	0.81042	0	
1257342	8480.28906	3305602482523	0.36327	0.12222	8480.06738	0.20801	11519	0	0.46172	0.16475	0	0.33630	0.07943	1	0.33630	0.07943	1	0.48320	0.53037	9.96517	1.10281	0	0.48299	0.53043	10.24525	1.10281	1	-0.00408	-0.00912	0.70718	0.00208	1	-0.00399	-0.00880	0.68243	0.00207	1	1.45898	0.81042	0	
1257343	8480.29492	3305602549057	0.35626	0.11191	8480.06738	0.20801	11519	0	0.46172	0.16475	0	0.34225	0.09130	1	0.34225	0.09130	1	0.48320	0.53037	9.96517	1.10281	0	0.48306	0.53044	10.11406	1.10281	1	-0.00408	-0.00912	0.70718	0.00208	1	-0.00399	-0.00880	0.68243	0.00207	1	1.45898	0.81042	0	
1257344	8480.30176	3305602616174	0.35276	0.10676	8480.28223	0.01953	11520	1	0.46172	0.16475	0	0.34225	0.09130	1	0.34225	0.09130	1	0.48320	0.53037	9.96517	1.10281	0	0.48311	0.53070	10.55866	1.10281	1	-0.00408	-0.00912	0.70718	0.00208	1	-0.00399	-0.00880	0.68243	0.00209	1	1.45898	0.81042	0	
1257345	8480.30859	3305602682926	0.35677	0.11088	8480.28223	0.02637	11520	1	0.46172	0.16475	0	0.37279	0.12737	1	0.37279	0.12737	1	0.48320	0.53037	9.96517	1.10281	0	0.48320	0.53072	10.46023	1.10281	1	-0.00408	-0.00912	0.70718	0.00208	1	-0.00399	-0.00880	0.68243	0.00205	1	1.45898	0.81042	0	
1257346	8480.31543	3305602750227	0.35743	0.11025	8480.28223	0.03320	11520	1	0.46172	0.16475	0	0.36077	0.10712	1	0.36077	0.10712	1	0.48320	0.53037	9.96517	1.10281	0	0.48300	0.53064	10.66753	1.10281	1	-0.00408	-0.00912	0.70718	0.00208	1	-0.00399	-0.00880	0.68243	0.00211	1	1.45898	0.81042	0	
1257347	8480.32227	3305602817320	0.35791	0.10981	8480.28223	0.04004	11520	1	0.46172	0.16475	0	0.36077	0.10712	1	0.36077	0.10712	1	0.48320	0.53037	9.96517	1.10281	0	0.48288	0.53043	9.85260	1.10281	1	-0.00408	-0.00912	0.70718	0.00208	1	-0.00399	-0.00880	0.68243	0.00217	1	1.45898	0.81042	0	
1257348	8480.32910	3305602884141	0.35673	0.10881	8480.28223	0.04688	11520	1	0.46172	0.16475	0	0.34844	0.10182	1	0.34844	0.10182	1	0.48320	0.53037	9.96517	1.10281	0	0.48289	0.53057	9.96639	1.10281	1	-0.00408	-0.00912	0.70718	0.00208	1	-0.00399	-0.00880	0.68243	0.00215	1	1.45898	0.81042	0	
1257349	8480.33594	3305602950644	0.35594	0.10403	8480.28223	0.05371	11520	1	0.46172	0.16475	0	0.34963	0.06584	1	0.34963	0.06584	1	0.48320	0.53037	9.96517	1.10281	0	0.48288	0.53065	10.26110	1.10281	1	-0.00408	-0.00912	0.70718	0.00208	1	-0.00399	-0.00880	0.68243	0.00200	1	1.45898	0.81042	0	
1257350	8480.34180	3305603017534	0.35531	0.10021	8480.28223	0.05957	11520	1	0.46172	0.16475	0	0.34963	0.06584	1	0.34963	0.06584	1	0.48320	0.53037	9.96517	1.10281	0	0.48281	0.53057	10.14428	1.10281	1	-0.00408	-0.00912	0.70718	0.00208	1	-0.00399	-0.00880	0.68243	0.00208	1	1.45898	0.81042	0	
1257351	8480.34863	3305603085252	0.35386	0.09587	8480.28223	0.06641	11520	1	0.46172	0.16475	0	0.33935	0.05244	1	0.33935	0.05244	1	0.48320	0.53037	9.96517	1.10281	0	0.48279	0.53053	10.47697	1.10281	1	-0.00408	-0.00912	0.70718	0.00208	1	-0.00399	-0.00880	0.68243	0.00209	1	1.45898	0.81042	0	
1257352	8480.35547	3305603152053	0.35300	0.09310	8480.28223	0.07324	11520	1	0.46172	0.16475	0	0.34353	0.06264	1	0.34353	0.06264	1	0.48320	0.53037	9.96517	1.10281	0	0.48281	0.53063	10.28034	1.10281	1	-0.00408	-0.00912	0.70718	0.00208	1	-0.00399	-0.00880	0.68243	0.00207	1	1.45898	0.81042	0	
1257353	8480.36230	3305603220028	0.35227	0.09076	8480.28223	0.08008	11520	1	0.46172	0.16475	0	0.34353	0.06264	1	0.34353	0.06264	1	0.48320	0.53037	9.96517	1.10281	0	0.48264	0.53071	9.99155	1.10281	1	-0.00408	-0.00912	0.70718	0.00208	1	-0.00399	-0.00880	0.68243	0.00215	1	1.45898	0.81042	0	
1257354	8480.36914	3305603284879	0.35260	0.08945	8480.28223	0.08691	11520	1	0.46172	0.16475	0	0.35697	0.07241	1	0.35697	0.07241	1	0.48320	0.53037	9.96517	1.10281	0	0.48264	0.53075	10.48285	1.10281	1	-0.00408	-0.00912	0.70718	0.00208	1	-0.00399	-0.00880	0.68243	0.00211	1	1.45898	0.81042	0	
1257355	8480.37598	3305603352128	0.35313	0.08824	8480.28223	0.09375	11520	1	0.46172	0.16475	0	0.36054	0.07131	1	0.36054	0.07131	1	0.48320	0.53037	9.96517	1.10281	0	0.48266	0.53072	10.34759	1.10281	1	-0.00408	-0.00912	0.70718	0.00208	1	-0.00399	-0.00880	0.68243	0.00213	1	1.45898	0.81042	0	
1257356	8480.38281	3305603420303	0.35356	0.08663	8480.28223	0.10059	11520	1	0.46172	0.16475	0	0.36000	0.06253	1	0.36000	0.06253	1	0.48320	0.53037	9.96517	1.10281	0	0.48266	0.53072	10.34759	1.11149	1	-0.00408	-0.00912	0.70718	0.00208	1	-0.00415	-0.00904	0.70064	0.00213	1	1.45898	0.81042	0	
1257357	8480.38965	3305603487737	0.35366	0.08406	8480.28223	0.10742	11520	1	0.46172	0.16475	0	0.35523	0.04290	1	0.35523	0.04290	1	0.48320	0.53037	9.96517	1.11149	0	0.48248	0.53049	10.23298	1.12017	1	-0.00408	-0.00912	0.70718	0.00208	1	-0.00415	-0.00904	0.70064	0.00210	1	1.45898	0.81042	0	
1257358	8480.39551	3305603553661	0.35372	0.08191	8480.28223	0.11328	11520	1	0.46172	0.16475	0	0.35475	0.04543	1	0.35475	0.04543	1	0.48320	0.53037	9.96517	1.12017	0	0.48245	0.53056	10.37479	1.12885	1	-0.00408	-0.00912	0.70718	0.00208	1	-0.00415	-0.00904	0.70064	0.00210	1	1.45898	0.81042	0	
1257359	8480.40234	3305603620867	0.35377	0.07999	8480.28223	0.12012	11520	1	0.46172	0.16475	0	0.35475	0.04543	1	0.35475	0.04543	1	0.48320	0.53037	9.96517	1.12885	0	0.48235	0.53067	10.29292	1.12885	1	-0.00408	-0.00912	0.70718	0.00208	1	-0.00411	-0.00868	0.66925	0.00210	1	1.45898	0.81042	0	
1257360	8480.40918	3305603687250	0.35404	0.07933	8480.28223	0.12695	11520	1	0.46172	0.16475	0	0.35916	0.06672	1	0.35916	0.06672	1	0.48320	0.53037	9.96517	1.12885	0	0.48222	0.53077	10.29334	1.12017	1	-0.00408	-0.00912	0.70718	0.00208	1	-0.00411	-0.00868	0.66925	0.00216	1	1.45898	0.81042	0	
1257361	8480.41602	3305603754441	0.35440	0.07871	8480.28223	0.13379	11520	1	0.46172	0.16475	0	0.36162	0.06622	1	0.36162	0.06622	1	0.48320	0.53037	9.96517	1.12017	0	0.48230	0.53080	10.41626	1.11149	1	-0.00408	-0.00912	0.70718	0.00208	1	-0.00411	-0.00868	0.66925	0.00205	1	1.45898	0.81042	0	
1257362	8480.42285	3305603821923	0.35476	0.07854	8480.28223	0.14062	11520	1	0.46172	0.16475	0	0.36216	0.07498	1	0.36216	0.07498	1	0.48320	0.53037	9.96517	1.11149	0	0.48218	0.53080	10.20500	1.10281	1	-0.00408	-0.00912	0.70718	0.00208	1	-0.00411	-0.00868	0.66925	0.00209	1	1.45898	0.81042	0	
1257363	8480.42969	3305603888964	0.35493	0.07773	8480.28223	0.14746	11520	1	0.46172	0.16475	0	0.35877	0.06003	1	0.35877	0.06003	1	0.48320	0.53037	9.96517	1.10281	0	0.48218	0.53096	10.42406	1.10281	1	-0.00408	-0.00912	0.70718	0.00208	1	-0.00411	-0.00868	0.66925	0.00204	1	1.45898	0.81042	0	
1257364	8480.43555	3305603952716	0.35473	0.07667	8480.28223	0.15332	11520	1	0.46172	0.16475	0	0.35001	0.05215	1	0.35001	0.05215	1	0.48320	0.53037	9.96517	1.10281	0	0.48207	0.53097	10.29617	1.10281	1	-0.00408	-0.00912	0.70718	0.00208	1	-0.00411	-0.00868	0.66925	0.00215	1	1.45898	0.81042	0	
1257365	8480.44238	3305604019881	0.35454	0.07568	8480.28223	0.16016	11520	1	0.46172	0.16475	0	0.35001	0.05215	1	0.35001	0.05215	1	0.48320	0.53037	9.96517	1.10281	0	0.48194	0.53109	10.46535	1.10281	1	-0.00408	-0.00912	0.70718	0.00208	1	-0.00411	-0.00873	0.66925	0.00218	1	1.45898	0.81042	0	
1257366	8480.44922	3305604087009	0.35390	0.07440	8480.28223	0.16699	11520	1	0.46172	0.16475	0	0.33788	0.04222	1	0.33788	0.04222	1	0.48320	0.53037	9.96517	1.10281	0	0.48187	0.53098	10.25998	1.10281	1	-0.00408	-0.00912	0.70718	0.00208	1	-0.00411	-0.00873	0.66925	0.00215	1	1.45898	0.81042	0	
1257367	8480.45605	3305604156434	0.35411	0.07335	8480.28223	0.17383	11520	1	0.46172	0.16475	0	0.35963	0.04617	1	0.35963	0.04617	1	0.48320	0.53037	9.96517	1.10281	0	0.48175	0.53103	10.43557	1.10281	1	-0.00408	-0.00912	0.70718	0.00208	1	-0.00411	-0.00873	0.66925	0.00213	1	1.45898	0.81042	0	
1257368	8480.46289	3305604223894	0.35429	0.07206	8480.28223	0.18066	11520	1	0.46172	0.16475	0	0.35907	0.03719	1	0.35907	0.03719	1	0.48320	0.53037	9.96517	1.10281	0	0.48153	0.53099	10.46679	1.11149	1	-0.00408	-0.00912	0.70718	0.00208	1	-0.00451	-0.00923	0.70718	0.00218	1	1.45898	0.81042	0	
1257369	8480.46973	3305604290746	0.35502	0.07121	8480.28223	0.18750	11520	1	0.46172	0.16475	0	0.37569	0.04741	1	0.37569	0.04741	1	0.48320	0.53037	9.96517	1.11149	0	0.48167	0.53116	10.14154	1.12017	1	-0.00408	-0.00912	0.70718	0.00208	1	-0.00451	-0.00923	0.70718	0.00218	1	1.45898	0.81042	0	
1257370	8480.47656	3305604357870	0.35543	0.07009	8480.28223	0.19434	11520	1	0.46172	0.16475	0	0.36722	0.03745	1	0.36722	0.03745	1	0.48320	0.53037	9.96517	1.12017	0	0.48156	0.53107	10.57712	1.12885	1	-0.00408	-0.00912	0.70718	0.00208	1	-0.00451	-0.00923	0.70718	0.00218	1	1.45898	0.81042	0	
1257371	8480.48340	3305604425029	0.35581	0.06903	8480.28223	0.20117	11520	1	0.46172	0.16475	0	0.36722	0.03745	1	0.36722	0.03745	1	0.48320	0.53037	9.96517	1.12885	0	0.48159	0.53106	10.55338	1.12885	1	-0.00408	-0.00912	0.70718	0.00208	1	-0.00446	-0.00902	0.69110	0.00218	1	1.45898	0.81042	0	
1257372	8480.48926	3305604490159	0.35575	0.06847	8480.28223	0.20703	11520	1	0.46172	0.16475	0	0.35386	0.05107	1	0.35386	0.05107	1	0.48320	0.53037	9.96517	1.12885	0	0.48133	0.53112	10.56900	1.12017	1	-0.00408	-0.00912	0.70718	0.00208	1	-0.00446	-0.00902	0.69110	0.00215	1	1.45898	0.81042	0	
1257373	8480.49609	3305604558485	0.35578	0.06801	8480.28223	0.21387	11520	1	0.46172	0.16475	0	0.35665	0.05321	1	0.35665	0.05321	1	0.48320	0.53037	9.96517	1.12017	0	0.48148	0.53104	10.41367	1.11149	1	-0.00408	-0.00912	0.70718	0.00208	1	-0.00446	-0.00902	0.69110	0.00209	1	1.45898	0.81042	0	
1257374	8480.50293	3305604626956	0.35582	0.06783	8480.28223	0.22070	11520	1	0.46172	0.16475	0	0.35722	0.06207	1	0.35722	0.06207	1	0.48320	0.53037	9.96517	1.11149	0	0.48140	0.53104	10.39355	1.10281	1	-0.00408	-0.00912	0.70718	0.00208	1	-0.00446	-0.00902	0.69110	0.00212	1	1.45898	0.81042	0	
1257375	8480.50977	3305604694330	0.35612	0.06782	8480.28223	0.22754	11520	1	0.46172	0.16475	0	0.36629	0.06741	1	0.36629	0.06741	1	0.48320	0.53037	9.96517	1.10281	0	0.48151	0.53110	10.30410	1.10281	1	-0.00408	-0.00912	0.70718	0.00208	1	-0.00446	-0.00902	0.69110	0.00221	1	1.45898	0.81042	0	
1257376	8480.51660	3305604759282	0.35634	0.06775	8480.28223	0.23438	11520	1	0.46172	0.16475	0	0.36411	0.06513	1	0.36411	0.06513	1	0.48320	0.53037	9.96517	1.10281	0	0.48141	0.53111	10.72516	1.10281	1	-0.00408	-0.00912	0.70718	0.00208	1	-0.00446	-0.00902	0.69110	0.00211	1	1.45898	0.81042	0	
1257377	8480.52344	3305604826432	0.35655	0.06768	8480.28223	0.24121	11520	1	0.46172	0.16475	0	0.36411	0.06513	1	0.36411	0.06513	1	0.48320	0.53037	9.96517	1.10281	0	0.48203	0.53090	10.65084	1.10281	1	-0.00408	-0.00912	0.70718	0.00208	1	-0.00446	-0.00902	0.69110	0.00218	1	1.45898	0.81042	0	
1257378	8480.53027	3305604893900	0.35671	0.06753	8480.28223	0.24805	11520	1	0.46172	0.16475	0	0.36263	0.06202	1	0.36263	0.06202	1	0.48320	0.53037	9.96517	1.10281	0	0.48193	0.53098	10.64438	1.10281	1	-0.00408	-0.00912	0.70718	0.00208	1	-0.00446	-0.00902	0.69110	0.00221	1	1.45898	0.81042	0	
1257379	8480.53613	3305604961100	0.35745	0.07123	8480.28223	0.25391	11520	1	0.46172	0.16475	0	0.38542	0.21175	1	0.38542	0.21175	1	0.48320	0.53037	9.96517	1.10281	0	0.48236	0.53274	10.94287	1.10281	1	-0.00408	-0.00912	0.70718	0.00208	1	-0.00446	-0.00902	0.69110	0.00397	1	1.45898	0.81042	0	
1257380	8480.54297	3305605025293	0.35814	0.07455	8480.28223	0.26074	11520	1	0.46172	0.16475	0	0.38506	0.20403	1	0.38506	0.20403	1	0.48320	0.53037	9.96517	1.10281	0	0.48185	0.53340	10.48674	1.11149	1	-0.00408	-0.00912	0.70718	0.00208	1	-0.00451	-0.00918	0.70718	0.00372	1	1.45898	0.81042	0	
1257381	8480.54980	3305605094734	0.35835	0.07331	8480.28223	0.26758	11520	1	0.46172	0.16475	0	0.36704	0.02366	1	0.36704	0.02366	1	0.48320	0.53037	9.96517	1.11149	0	0.48203	0.53090	10.65084	1.12017	1	-0.00408	-0.00912	0.70718	0.00208	1	-0.00451	-0.00918	0.70718	0.00218	1	1.45898	0.81042	0	
1257382	8480.55664	3305605161455	0.35884	0.07233	8480.28223	0.27441	11520	1	0.46172	0.16475	0	0.37875	0.03218	1	0.37875	0.03218	1	0.48320	0.53037	9.96517	1.12017	0	0.48208	0.53093	10.50694	1.12885	1	-0.00408	-0.00912	0.70718	0.00208	1	-0.00451	-0.00918	0.70718	0.00218	1	1.45898	0.81042	0	
1257383	8480.56348	3305605228776	0.35930	0.07139	8480.28223	0.28125	11520	1	0.46172	0.16475	0	0.37875	0.03218	1	0.37875	0.03218	1	0.48320	0.53037	9.96517	1.12885	0	0.48182	0.53351	10.38451	1.12885	1	-0.00408	-0.00912	0.70718	0.00208	1	-0.00446	-0.00902	0.69110	0.00376	1	1.45898	0.81042	0	
1257384	8480.57031	3305605295447	0.35908	0.07647	8480.28223	0.28809	11520	1	0.46172	0.16475	0	0.34931	0.29469	1	0.34931	0.29469	1	0.48320	0.53037	9.96517	1.12885	0	0.48187	0.53372	10.63922	1.12017	1	-0.00408	-0.00912	0.70718	0.00208	1	-0.00446	-0.00902	0.69110	0.00374	1	1.45898	0.81042	0	
1257385	8480.57715	3305605363036	0.37809	0.12373	8480.28223	0.28809	11520	0	0.46172	0.16475	0	0.47842	0.36452	1	0.47842	0.36452	1	0.48320	0.53037	9.96517	1.12017	0	0.74410	0.55716	11.88015	1.11149	1	-0.00408	-0.00912	0.70718	0.00208	1	-0.00446	-0.00902	0.69110	0.00391	1	1.45898	0.81042	0	
1257386	8480.58301	3305605430003	0.37809	0.12373	8480.28223	0.28809	11520	0	0.46172	0.16475	0	0.47842	0.36452	0	0.47842	0.36452	0	0.48320	0.53037	9.96517	1.11149	0	0.74410	0.55716	11.88015	1.10281	0	-0.00408	-0.00912	0.70718	0.00208	1	-0.00446	-0.00902	0.69110	0.00391	1	1.45898	0.81042	0	
1257387	8480.58984	3305605496613	0.37809	0.12373	8480.28223	0.28809	11520	0	0.46172	0.16475	0	0.47842	0.36452	0	0.47842	0.36452	0	0.48320	0.53037	9.96517	1.10281	0	0.74410	0.55716	11.88015	1.10281	0	-0.00408	-0.00912	0.70718	0.00208	1	-0.00446	-0.00902	0.69110	0.00391	1	1.45898	0.81042	0	
1257388	8480.59668	3305605562889	0.00000	0.00000	8480.28223	0.28809	11520	0	0.46172	0.16475	0	0.47842	0.36452	0	0.47842	0.36452	0	0.48320	0.53037	9.96517	1.10281	0	0.74410	0.55716	11.88015	1.10281	0	-0.00408	-0.00912	0.70718	0.00208	1	-0.00446	-0.00902	0.69110	0.00391	1	1.45898	0.81042	0	
1257389	8480.60352	3305605630456	0.00000	0.00000	8480.28223	0.28809	11520	0	0.46172	0.16475	0	0.47842	0.36452	0	0.47842	0.36452	0	0.48320	0.53037	9.96517	1.10281	0	0.74410	0.55716	11.88015	1.10281	0	-0.00408	-0.00912	0.70718	0.00208	1	-0.00446	-0.00902	0.69110	0.00391	1	1.45898	0.81042	0	
1257390	8480.61035	3305605697462	0.00000	0.00000	8480.28223	0.28809	11520	0	0.46172	0.16475	0	0.47842	0.36452	0	0.47842	0.36452	0	0.48320	0.53037	9.96517	1.10281	0	0.74410	0.55716	11.88015	1.10281	0	-0.00408	-0.00912	0.70718	0.00208	1	-0.00446	-0.00902	0.69110	0.00391	1	1.45898	0.81042	0	
1257391	8480.61719	3305605764047	0.00000	0.00000	8480.28223	0.28809	11520	0	0.46172	0.16475	0	0.47842	0.36452	0	0.47842	0.36452	0	0.48320	0.53037	9.96517	1.10281	0	0.74410	0.55716	11.88015	1.10281	0	-0.00408	-0.00912	0.70718	0.00208	1	-0.00446	-0.00902	0.69110	0.00391	1	1.45898	0.81042	0	
1257392	8480.62402	3305605831000	0.00000	0.00000	8480.28223	0.28809	11520	0	0.46172	0.16475	0	0.47842	0.36452	0	0.47842	0.36452	0	0.48320	0.53037	9.96517	1.10281	0	0.74410	0.55716	11.88015	1.10281	0	-0.00408	-0.00912	0.70718	0.00208	1	-0.00446	-0.00902	0.69110	0.00391	1	1.45898	0.81042	0	
1257393	8480.62988	3305605894169	0.00000	0.00000	8480.28223	0.28809	11520	0	0.46172	0.16475	0	0.47842	0.36452	0	0.47842	0.36452	0	0.48320	0.53037	9.96517	1.10281	0	0.74410	0.55716	11.88015	1.10281	0	-0.00408	-0.00912	0.70718	0.00208	1	-0.00446	-0.00902	0.69110	0.00391	1	1.45898	0.81042	0	
1257394	8480.63672	3305605961834	0.00000	0.00000	8480.28223	0.28809	11520	0	0.46172	0.16475	0	0.47842	0.36452	0	0.47842	0.36452	0	0.48320	0.53037	9.96517	1.10281	0	0.74410	0.55716	11.88015	1.10281	0	-0.00408	-0.00912	0.70718	0.00208	1	-0.00446	-0.00902	0.69110	0.00391	1	1.45898	0.81042	0	
1257395	8480.64355	3305606027864	0.23461	0.13189	8480.28223	0.28809	11520	0	0.46035	0.15620	1	0.47808	0.37136	1	0.46922	0.26378	1	0.48183	0.53378	11.05945	1.09372	1	0.74396	0.55713	11.70726	1.10241	1	-0.00449	-0.00920	0.69694	0.00368	1	0.06622	-0.01426	0.70706	0.00399	1	1.45898	0.81042	0	
1257396	8480.65039	3305606096175	0.30933	0.19309	8480.28223	0.28809	11520	0	0.49637	0.27562	1	0.42116	0.35537	1	0.45876	0.31550	1	0.48210	0.53260	10.58825	1.09332	1	0.74392	0.55711	11.73548	1.10200	1	-0.00449	-0.00920	0.69694	0.00389	1	0.06622	-0.01426	0.70706	0.00400	1	1.45898	0.81042	0	
1257397	8480.65723	3305606163958	0.46201	0.27820	8480.28223	0.28809	11520	0	0.48398	0.13978	1	0.43211	0.37084	1	0.45805	0.25531	1	0.48187	0.53121	11.16677	1.09291	1	0.74408	0.55721	11.98182	1.10160	1	-0.00449	-0.00920	0.69694	0.00224	1	0.06622	-0.01426	0.70706	0.00390	1	1.45898	0.81042	0	
1257398	8480.66406	3305606231916	0.45974	0.26468	8480.28223	0.28809	11520	0	0.48284	0.13149	1	0.43211	0.37084	1	0.45748	0.25117	1	0.48188	0.53124	11.27881	1.10160	1	0.74386	0.55743	11.92084	1.10160	1	-0.00451	-0.00933	0.70718	0.00223	1	0.06327	-0.01367	0.67501	0.00390	1	1.45898	0.81042	0	
1257399	8480.66992	3305606297364	0.46110	0.26282	8480.28223	0.28809	11520	0	0.49260	0.15769	1	0.43505	0.36052	1	0.46383	0.25911	1	0.48197	0.53150	10.84264	1.11068	1	0.74411	0.55715	11.45677	1.10200	1	-0.00451	-0.00933	0.70718	0.00223	1	0.06327	-0.01367	0.67501	0.00389	1	1.45898	0.81042	0	
1257400	8480.67676	3305606363767	0.46185	0.25919	8480.65723	0.01953	11521	1	0.48771	0.13664	1	0.44049	0.35994	1	0.46410	0.24829	1	0.48199	0.53135	10.93931	1.11109	1	0.74425	0.55711	11.57091	1.10241	1	-0.00451	-0.00933	0.70718	0.00212	1	0.06327	-0.01367	0.67501	0.00387	1	1.45898	0.81042	0	
1257401	8480.68359	3305606432573	0.46241	0.25849	8480.65723	0.02637	11521	1	0.48881	0.14482	1	0.44045	0.36655	1	0.46463	0.25568	1	0.48245	0.53407	11.26377	1.10241	1	0.74440	0.55715	12.09934	1.09372	1	-0.00411	-0.00883	0.66925	0.00353	1	0.06327	-0.01367	0.67501	0.00389	1	1.45898	0.81042	0	
1257402	8480.69043	3305606501919	0.46929	0.28104	8480.65723	0.03320	11521	1	0.54692	0.37805	1	0.46046	0.40955	1	0.50369	0.39380	1	0.48272	0.53396	10.66734	1.08464	1	0.74460	0.55729	12.48934	1.08464	1	-0.00411	-0.00883	0.66925	0.00361	1	0.06327	-0.01367	0.67501	0.00387	1	1.45898	0.81042	0	
1257403	8480.69727	3305606569091	0.47149	0.27843	8480.65723	0.04004	11521	1	0.49519	0.18636	1	0.47417	0.33914	1	0.48468	0.26275	1	0.48220	0.53159	10.86649	1.07555	1	0.74471	0.55678	11.76867	1.07555	1	-0.00411	-0.00883	0.66925	0.00217	1	0.06327	-0.01367	0.67501	0.00392	1	1.45898	0.81042	0	
1257404	8480.70410	3305606635197	0.47317	0.27783	8480.65723	0.04688	11521	1	0.49633	0.19477	1	0.47357	0.35256	1	0.48495	0.27366	1	0.48251	0.53152	10.90806	1.06647	1	0.74471	0.55738	11.90737	1.05881	1	-0.00411	-0.00883	0.66925	0.00224	1	0.06183	-0.01335	0.65917	0.00372	1	1.45898	0.81042	0	
1257405	8480.71094	3305606702198	0.47388	0.28075	8480.65723	0.05371	11521	1	0.49318	0.17996	1	0.46585	0.42828	1	0.47952	0.30412	1	0.48234	0.53128	10.93507	1.05881	1	0.74469	0.55756	12.61477	1.05115	1	-0.00411	-0.00883	0.66925	0.00225	1	0.06183	-0.01335	0.65917	0.00365	1	1.45898	0.81042	0	
1257406	8480.71680	3305606766410	0.47416	0.28155	8480.65723	0.05957	11521	1	0.48975	0.14222	1	0.46363	0.43525	1	0.47669	0.28874	1	0.48241	0.53125	11.00864	1.05115	1	0.74468	0.55757	12.25510	1.04349	1	-0.00411	-0.00883	0.66925	0.00220	1	0.06183	-0.01335	0.65917	0.00366	1	1.45898	0.81042	0	
1257407	8480.72461	3305606837389	0.47443	0.28255	8480.65723	0.06738	11521	1	0.49077	0.14981	1	0.46363	0.43525	1	0.47720	0.29253	1	0.48259	0.53132	10.87594	1.04349	1	0.74492	0.55723	11.38531	1.04349	1	-0.00411	-0.00883	0.66925	0.00220	1	0.06291	-0.01357	0.67009	0.00374	1	1.45898	0.81042	0	
1257408	8480.73047	3305606903218	0.47341	0.28582	8480.65723	0.07324	11521	1	0.48259	0.20777	1	0.44168	0.43583	1	0.46214	0.32180	1	0.48262	0.53135	11.09060	1.04349	1	0.74466	0.55749	11.98220	1.05115	1	-0.00411	-0.00883	0.66925	0.00219	1	0.06291	-0.01357	0.67009	0.00375	1	1.45898	0.81042	0	
1257409	8480.73730	3305606967903	0.47288	0.28704	8480.65723	0.08008	11521	1	0.48875	0.20988	1	0.44439	0.39338	1	0.46657	0.30163	1	0.48270	0.53144	10.70562	1.05115	1	0.74512	0.55717	11.72645	1.05881	1	-0.00411	-0.00883	0.66925	0.00226	1	0.06291	-0.01357	0.67009	0.00368	1	1.45898	0.81042	0	
1257410	8480.74414	3305607037008	0.47240	0.28762	8480.65723	0.08691	11521	1	0.48773	0.20279	1	0.44446	0.38755	1	0.46609	0.29517	1	0.48295	0.53349	11.18624	1.05881	1	0.74532	0.55725	12.29773	1.06647	1	-0.00411	-0.00883	0.66925	0.00358	1	0.06346	-0.01367	0.67490	0.00368	1	1.45898	0.81042	0	
1257411	8480.75098	3305607104100	0.47263	0.28860	8480.65723	0.09375	11521	1	0.49588	0.19117	1	0.45587	0.41364	1	0.47587	0.30241	1	0.48279	0.53147	11.21605	1.06647	1	0.74534	0.55736	11.97501	1.06647	1	-0.00411	-0.00883	0.66925	0.00223	1	0.06346	-0.01367	0.67490	0.00384	1	1.45898	0.81042	0	
1257412	8480.75781	3305607170952	0.47417	0.29557	8480.65723	0.10059	11521	1	0.51943	0.37156	1	0.47516	0.42857	1	0.49730	0.40007	1	0.48313	0.53350	11.15457	1.06647	1	0.74559	0.55758	11.67318	1.06647	1	-0.00411	-0.00883	0.66925	0.00378	1	0.06346	-0.01367	0.67490	0.00381	1	1.45898	0.81042	0	
1257413	8480.76465	3305607238045	0.47555	0.30207	8480.65723	0.10742	11521	1	0.52030	0.37764	1	0.47487	0.43438	1	0.49758	0.40601	1	0.48303	0.53135	11.21806	1.05845	1	0.74546	0.55773	12.51639	1.05845	1	-0.00394	-0.00869	0.66596	0.00221	1	0.06346	-0.01367	0.67490	0.00386	1	1.45898	0.81042	0	
1257414	8480.77051	3305607302047	0.47622	0.30334	8480.65723	0.11328	11521	1	0.50272	0.18511	1	0.47272	0.46495	1	0.48772	0.32503	1	0.48300	0.53129	11.24998	1.05043	1	0.74563	0.55786	12.05666	1.05043	1	-0.00394	-0.00869	0.66596	0.00219	1	0.06346	-0.01367	0.67490	0.00396	1	1.45898	0.81042	0	
1257415	8480.77734	3305607371653	0.47654	0.30362	8480.65723	0.12012	11521	1	0.48208	0.20574	1	0.48221	0.41153	1	0.48214	0.30864	1	0.48298	0.53140	11.13402	1.04242	1	0.74571	0.55712	11.92462	1.04242	1	-0.00394	-0.00869	0.66596	0.00223	1	0.06346	-0.01367	0.67490	0.00413	1	1.45898	0.81042	0	
1257416	8480.78418	3305607439090	0.47681	0.30402	8480.65723	0.12695	11521	1	0.48208	0.20574	1	0.48187	0.41734	1	0.48197	0.31154	1	0.48308	0.53127	11.30022	1.04242	1	0.74549	0.55747	12.08970	1.03476	1	-0.00392	-0.00879	0.66996	0.00216	1	0.06166	-0.01327	0.65522	0.00394	1	1.45898	0.81042	0	
1257417	8480.79102	3305607505161	0.47745	0.30545	8480.65723	0.13379	11521	1	0.51287	0.19864	1	0.46784	0.46945	1	0.49035	0.33405	1	0.48336	0.53133	11.25547	1.04278	1	0.74555	0.55774	12.03721	1.03512	1	-0.00392	-0.00879	0.66996	0.00226	1	0.06166	-0.01327	0.65522	0.00380	1	1.45898	0.81042	0	
1257418	8480.79785	3305607572878	0.47325	0.29743	8480.65723	0.14062	11521	1	0.51287	0.19864	0	0.38506	0.12900	1	0.38506	0.12900	1	0.48336	0.53133	11.25547	1.04313	0	0.48336	0.53113	11.45187	1.03547	1	-0.00392	-0.00879	0.66996	0.00226	1	0.06166	-0.01327	0.65522	0.00224	1	1.45898	0.81042	0	
1257419	8480.80469	3305607639976	0.46940	0.28975	8480.65723	0.14746	11521	1	0.51287	0.19864	0	0.38470	0.12078	1	0.38470	0.12078	1	0.48336	0.53133	11.25547	1.04349	0	0.48338	0.53108	11.25727	1.04349	1	-0.00392	-0.00879	0.66996	0.00226	1	-0.00399	-0.00891	0.68243	0.00225	1	1.45898	0.81042	0	
1257420	8480.81152	3305607706634	0.46490	0.29263	8480.65723	0.15430	11521	1	0.51287	0.19864	0	0.36145	0.35900	1	0.36145	0.35900	1	0.48336	0.53133	11.25547	1.04349	0	0.48346	0.53381	10.69341	1.05115	1	-0.00392	-0.00879	0.66996	0.00226	1	-0.00399	-0.00891	0.68243	0.00358	1	1.45898	0.81042	0	
1257421	8480.81836	3305607773998	0.46091	0.28621	8480.65723	0.16113	11521	1	0.51287	0.19864	0	0.36513	0.13198	1	0.36513	0.13198	1	0.48336	0.53133	11.25547	1.05115	0	0.48347	0.53129	11.04811	1.05881	1	-0.00392	-0.00879	0.66996	0.00226	1	-0.00399	-0.00891	0.68243	0.00218	1	1.45898	0.81042	0	
1257422	8480.82422	3305607840970	0.45721	0.27998	8480.65723	0.16699	11521	1	0.51287	0.19864	0	0.36466	0.12433	1	0.36466	0.12433	1	0.48336	0.53133	11.25547	1.05881	0	0.48378	0.53312	10.72569	1.06647	1	-0.00392	-0.00879	0.66996	0.00226	1	-0.00392	-0.00879	0.66996	0.00384	1	1.45898	0.81042	0	
1257423	8480.83105	3305607907421	0.45418	0.28096	8480.65723	0.17383	11521	1	0.51287	0.19864	0	0.37522	0.30650	1	0.37522	0.30650	1	0.48336	0.53133	11.25547	1.06647	0	0.48375	0.53340	11.10934	1.06647	1	-0.00392	-0.00879	0.66996	0.00226	1	-0.00392	-0.00879	0.66996	0.00380	1	1.45898	0.81042	0	
1257424	8480.83789	3305607974794	0.41987	0.26201	8480.65723	0.17383	11521	0	0.51287	0.19864	0	0.36242	0.28727	1	0.36242	0.28727	1	0.48336	0.53133	11.25547	1.06647	0	0.48350	0.53326	10.98508	1.06647	1	-0.00392	-0.00879	0.66996	0.00226	1	-0.00392	-0.00879	0.66996	0.00386	1	1.45898	0.81042	0	
1257425	8480.84473	3305608037562	0.39115	0.27464	8480.65723	0.17383	11521	0	0.51287	0.19864	0	0.36242	0.28727	1	0.36242	0.28727	1	0.48336	0.53133	11.25547	1.06647	0	0.48370	0.53344	11.06832	1.06647	1	-0.00392	-0.00879	0.66996	0.00226	1	-0.00382	-0.00876	0.67118	0.00370	1	1.45898	0.81042	0	
1257426	8480.85156	3305608107512	0.38941	0.29478	8480.65723	0.17383	11521	0	0.51287	0.19864	0	0.38593	0.33505	1	0.38593	0.33505	1	0.48336	0.53133	11.25547	1.06647	0	0.48395	0.53367	11.05585	1.06647	1	-0.00392	-0.00879	0.66996	0.00226	1	-0.00382	-0.00876	0.67118	0.00375	1	1.45898	0.81042	0	
1257427	8480.85742	3305608172594	0.38831	0.31016	8480.83789	0.01953	11522	1	0.51287	0.19864	0	0.38502	0.35630	1	0.38502	0.35630	1	0.48336	0.53133	11.25547	1.06647	0	0.48388	0.53378	11.22769	1.06647	1	-0.00392	-0.00879	0.66996	0.00226	1	-0.00382	-0.00876	0.67118	0.00368	1	1.45898	0.81042	0	
1257428	8480.86426	3305608240428	0.38757	0.31802	8480.83789	0.02637	11522	1	0.51287	0.19864	0	0.38463	0.34948	1	0.38463	0.34948	1	0.48336	0.53133	11.25547	1.06647	0	0.48387	0.53379	11.05725	1.07515	1	-0.00392	-0.00879	0.66996	0.00226	1	-0.00397	-0.00926	0.70533	0.00372	1	1.45898	0.81042	0	
1257429	8480.87109	3305608309650	0.38412	0.32249	8480.83789	0.03320	11522	1	0.51287	0.19864	0	0.36688	0.34482	1	0.36688	0.34482	1	0.48336	0.53133	11.25547	1.07515	0	0.48368	0.53392	11.22054	1.08383	1	-0.00392	-0.00879	0.66996	0.00226	1	-0.00397	-0.00926	0.70533	0.00367	1	1.45898	0.81042	0	
1257430	8480.87793	3305608376393	0.38396	0.31953	8480.83789	0.04004	11522	1	0.51287	0.19864	0	0.38298	0.30182	1	0.38298	0.30182	1	0.48336	0.53133	11.25547	1.08383	0	0.48390	0.53356	11.24531	1.09251	1	-0.00392	-0.00879	0.66996	0.00226	1	-0.00397	-0.00926	0.70533	0.00367	1	1.45898	0.81042	0	
1257431	8480.88477	3305608442107	0.38384	0.31732	8480.83789	0.04688	11522	1	0.51287	0.19864	0	0.38298	0.30182	1	0.38298	0.30182	1	0.48336	0.53133	11.25547	1.09251	0	0.48383	0.53368	11.22267	1.09251	1	-0.00392	-0.00879	0.66996	0.00226	1	-0.00382	-0.00886	0.67118	0.00365	1	1.45898	0.81042	0	
1257432	8480.89160	3305608510651	0.38301	0.29699	8480.83789	0.05371	11522	1	0.51287	0.19864	0	0.37635	0.13439	1	0.37635	0.13439	1	0.48336	0.53133	11.25547	1.09251	0	0.48358	0.53146	11.21587	1.08383	1	-0.00392	-0.00879	0.66996	0.00226	1	-0.00382	-0.00886	0.67118	0.00223	1	1.45898	0.81042	0	
1257433	8480.89844	3305608578028	0.38276	0.27853	8480.83789	0.06055	11522	1	0.51287	0.19864	0	0.38055	0.11237	1	0.38055	0.11237	1	0.48336	0.53133	11.25547	1.08383	0	0.48364	0.53142	11.31126	1.07515	1	-0.00392	-0.00879	0.66996	0.00226	1	-0.00382	-0.00886	0.67118	0.00219	1	1.45898	0.81042	0	
1257434	8480.90527	3305608644363	0.38263	0.26492	8480.83789	0.06738	11522	1	0.51287	0.19864	0	0.38132	0.12876	1	0.38132	0.12876	1	0.48336	0.53133	11.25547	1.07515	0	0.48374	0.53361	11.40953	1.05881	1	-0.00392	-0.00879	0.66996	0.00226	1	-0.00381	-0.00870	0.65932	0.00354	1	1.45898	0.81042	0	
1257435	8480.91211	3305608711889	0.38262	0.27244	8480.83789	0.07422	11522	1	0.51287	0.19864	0	0.38249	0.35526	1	0.38249	0.35526	1	0.48336	0.53133	11.25547	1.05881	0	0.48384	0.53355	11.05568	1.05115	1	-0.00392	-0.00879	0.66996	0.00226	1	-0.00381	-0.00870	0.65932	0.00367	1	1.45898	0.81042	0	
1257436	8480.91797	3305608778671	0.38243	0.27707	8480.83789	0.08008	11522	1	0.51287	0.19864	0	0.38024	0.33254	1	0.38024	0.33254	1	0.48336	0.53133	11.25547	1.05115	0	0.48385	0.53357	11.20105	1.04349	1	-0.00392	-0.00879	0.66996	0.00226	1	-0.00381	-0.00870	0.65932	0.00361	1	1.45898	0.81042	0	
1257437	8480.92480	3305608845487	0.38228	0.28103	8480.83789	0.08691	11522	1	0.51287	0.19864	0	0.38024	0.33254	1	0.38024	0.33254	1	0.48336	0.53133	11.25547	1.04349	0	0.48349	0.53137	11.00276	1.04349	1	-0.00392	-0.00879	0.66996	0.00226	1	-0.00399	-0.00901	0.68243	0.00222	1	1.45898	0.81042	0	
1257438	8480.93164	3305608912459	0.38988	0.28869	8480.83789	0.09375	11522	1	0.51901	0.37596	1	0.47361	0.41587	1	0.49631	0.39591	1	0.48389	0.53336	11.19793	1.04349	1	0.74633	0.55767	12.27278	1.05115	1	-0.00392	-0.00879	0.66996	0.00370	1	-0.00399	-0.00901	0.68243	0.00409	1	1.45898	0.81042	0	
1257439	8480.93848	3305608979720	0.39499	0.29073	8480.83789	0.10059	11522	1	0.48918	0.20436	1	0.45418	0.43848	1	0.47168	0.32142	1	0.48355	0.53146	11.23925	1.05115	1	0.74606	0.55764	12.87028	1.05881	1	-0.00392	-0.00879	0.66996	0.00221	1	-0.00399	-0.00901	0.68243	0.00372	1	1.45898	0.81042	0	
1257440	8480.94531	3305609046877	0.39948	0.29217	8480.83789	0.10742	11522	1	0.48816	0.19723	1	0.45432	0.43297	1	0.47124	0.31510	1	0.48358	0.53146	11.21587	1.05881	1	0.74617	0.55752	12.40300	1.06647	1	-0.00382	-0.00886	0.67118	0.00223	1	0.06369	-0.01367	0.67516	0.00401	1	1.45898	0.81042	0	
1257441	8480.95215	3305609113549	0.40394	0.29231	8480.83789	0.11426	11522	1	0.49543	0.18810	1	0.46407	0.40155	1	0.47975	0.29482	1	0.48356	0.53149	10.93687	1.06647	1	0.74624	0.55732	12.37210	1.06647	1	-0.00382	-0.00886	0.67118	0.00222	1	0.06369	-0.01367	0.67516	0.00387	1	1.45898	0.81042	0	
1257442	8480.95898	3305609180480	0.40854	0.29762	8480.83789	0.12109	11522	1	0.51886	0.38484	1	0.46407	0.40155	1	0.49147	0.39319	1	0.48384	0.53355	11.05568	1.06647	1	0.74624	0.55732	12.37210	1.06647	1	-0.00382	-0.00886	0.67118	0.00367	1	0.06369	-0.01367	0.67516	0.00387	1	1.45898	0.81042	0	
1257443	8480.96484	3305609247460	0.41271	0.30270	8480.83789	0.12695	11522	1	0.51974	0.39082	1	0.46386	0.40755	1	0.49180	0.39919	1	0.48354	0.53296	10.72237	1.05845	1	0.74616	0.55763	12.45628	1.05845	1	-0.00381	-0.00870	0.65932	0.00382	1	0.06369	-0.01367	0.67516	0.00389	1	1.45898	0.81042	0	
1257444	8480.97168	3305609314562	0.44081	0.31273	8480.83789	0.12695	11522	0	0.51153	0.32451	1	0.45384	0.41891	1	0.48269	0.37171	1	0.48372	0.53311	10.86272	1.05043	1	0.74609	0.55728	12.72892	1.05043	1	-0.00381	-0.00870	0.65932	0.00377	1	0.06369	-0.01367	0.67516	0.00391	1	1.45898	0.81042	0	
1257445	8480.97852	3305609380950	0.45834	0.36995	8480.83789	0.12695	11522	0	0.49650	0.38776	1	0.45523	0.46656	1	0.47586	0.42716	1	0.48349	0.53346	11.22140	1.04242	1	0.74607	0.55770	12.80508	1.04242	1	-0.00381	-0.00870	0.65932	0.00368	1	0.06369	-0.01367	0.67516	0.00380	1	1.45898	0.81042	0	
1257446	8480.98535	3305609448084	0.46418	0.38902	8480.83789	0.12695	11522	0	0.49650	0.38776	1	0.45523	0.46656	1	0.47586	0.42716	1	0.48373	0.53299	10.87470	1.04242	1	0.74603	0.55784	12.86505	1.04242	1	-0.00399	-0.00901	0.68243	0.00376	1	0.06369	-0.01367	0.67516	0.00389	1	1.45898	0.81042	0	
1257447	8480.99219	3305609515490	0.46973	0.37534	8480.97168	0.02051	11523	1	0.49770	0.19679	1	0.47508	0.47182	1	0.48639	0.33431	1	0.48362	0.53123	11.34337	1.05043	1	0.74634	0.55771	12.29595	1.05043	1	-0.00399	-0.00901	0.68243	0.00220	1	0.06369	-0.01367	0.67516	0.00399	1	1.45898	0.81042	0	
1257448	8480.99902	3305609582954	0.47162	0.36154	8480.97168	0.02734	11523	1	0.48913	0.16500	1	0.46916	0.44764	1	0.47914	0.30632	1	0.48358	0.53110	11.45023	1.05845	1	0.74628	0.55765	12.34254	1.05845	1	-0.00399	-0.00901	0.68243	0.00219	1	0.06369	-0.01367	0.67516	0.00397	1	1.45898	0.81042	0	
1257449	8481.00586	3305609649811	0.47287	0.35233	8480.97168	0.03418	11523	1	0.48913	0.16500	1	0.46916	0.44764	1	0.47914	0.30632	1	0.48373	0.53321	10.77725	1.05845	1	0.74626	0.55758	12.36138	1.05845	1	-0.00381	-0.00860	0.65933	0.00379	1	0.06369	-0.01367	0.67516	0.00398	1	1.45898	0.81042	0	
1257450	8481.01172	3305609716454	0.47216	0.36701	8480.97168	0.04004	11523	1	0.48913	0.16500	0	0.46793	0.45505	1	0.46793	0.45505	1	0.48373	0.53321	10.77725	1.05043	0	0.74626	0.55767	12.43849	1.05043	1	-0.00381	-0.00860	0.65933	0.00379	1	0.06369	-0.01367	0.67516	0.00394	1	1.45898	0.81042	0	
1257451	8481.01855	3305609782197	0.47216	0.36701	8480.97168	0.04688	11523	1	0.48913	0.16500	0	0.46793	0.45505	0	0.46793	0.45505	0	0.48373	0.53321	10.77725	1.04242	0	0.74626	0.55767	12.43849	1.04242	0	-0.00381	-0.00860	0.65933	0.00379	1	0.06369	-0.01367	0.67516	0.00394	1	1.45898	0.81042	0	
1257452	8481.02539	3305609847527	0.47216	0.36701	8480.97168	0.05371	11523	1	0.48913	0.16500	0	0.46793	0.45505	0	0.46793	0.45505	0	0.48373	0.53321	10.77725	1.03440	0	0.74626	0.55767	12.43849	1.03440	0	-0.00381	-0.00860	0.65933	0.00379	1	0.06369	-0.01367	0.67516	0.00394	1	1.45898	0.81042	0	
1257453	8481.03223	3305609915517	0.47216	0.36701	8480.97168	0.06055	11523	1	0.48913	0.16500	0	0.46793	0.45505	0	0.46793	0.45505	0	0.48373	0.53321	10.77725	1.03440	0	0.74626	0.55767	12.43849	1.03440	0	-0.00381	-0.00860	0.65933	0.00379	1	0.06369	-0.01367	0.67516	0.00394	1	1.45898	0.81042	0	
1257454	8481.03906	3305609981918	0.47739	0.37605	8480.97168	0.06055	11523	0	0.48913	0.16500	0	0.46793	0.45505	0	0.46793	0.45505	0	0.48373	0.53321	10.77725	1.03440	0	0.74626	0.55767	12.43849	1.03440	0	-0.00381	-0.00860	0.65933	0.00379	1	0.06369	-0.01367	0.67516	0.00394	1	1.45898	0.81042	0	
1257455	8481.04590	3305610049686	0.47739	0.37605	8480.97168	0.06055	11523	0	0.48913	0.16500	0	0.46793	0.45505	0	0.46793	0.45505	0	0.48373	0.53321	10.77725	1.03440	0	0.74626	0.55767	12.43849	1.03440	0	-0.00381	-0.00860	0.65933	0.00379	1	0.06369	-0.01367	0.67516	0.00394	1	1.45898	0.81042	0	
1257456	8481.05176	3305610115614	0.47739	0.37605	8480.97168	0.06055	11523	0	0.48913	0.16500	0	0.46793	0.45505	0	0.46793	0.45505	0	0.48373	0.53321	10.77725	1.03440	0	0.74626	0.55767	12.43849	1.03440	0	-0.00381	-0.00860	0.65933	0.00379	1	0.06369	-0.01367	0.67516	0.00394	1	1.45898	0.81042	0	
1257457	8481.05859	3305610183539	0.00000	0.00000	8480.97168	0.06055	11523	0	0.48913	0.16500	0	0.46793	0.45505	0	0.46793	0.45505	0	0.48373	0.53321	10.77725	1.03440	0	0.74626	0.55767	12.43849	1.03440	0	-0.00381	-0.00860	0.65933	0.00379	1	0.06369	-0.01367	0.67516	0.00394	1	1.45898	0.81042	0	
1257458	8481.06543	3305610249578	0.00000	0.00000	8480.97168	0.06055	11523	0	0.48913	0.16500	0	0.46793	0.45505	0	0.46793	0.45505	0	0.48373	0.53321	10.77725	1.03440	0	0.74626	0.55767	12.43849	1.03440	0	-0.00381	-0.00860	0.65933	0.00379	1	0.06369	-0.01367	0.67516	0.00394	1	1.45898	0.81042	0	
1257459	8481.07227	3305610314776	0.00000	0.00000	8480.97168	0.06055	11523	0	0.48913	0.16500	0	0.46793	0.45505	0	0.46793	0.45505	0	0.48373	0.53321	10.77725	1.03440	0	0.74626	0.55767	12.43849	1.03440	0	-0.00381	-0.00860	0.65933	0.00379	1	0.06369	-0.01367	0.67516	0.00394	1	1.45898	0.81042	0	
1257460	8481.07910	3305610383908	0.50488	0.35141	8480.97168	0.06055	11523	0	0.52991	0.31231	1	0.47985	0.39050	1	0.50488	0.35141	1	0.48368	0.53255	10.69639	1.03440	1	0.74609	0.55691	12.30318	1.03440	1	-0.00381	-0.00860	0.65933	0.00398	1	0.06369	-0.01367	0.67516	0.00380	1	1.45898	0.81042	0	
1257461	8481.08496	3305610449595	0.49236	0.37095	8480.97168	0.06055	11523	0	0.52991	0.31231	0	0.47985	0.39050	1	0.47985	0.39050	1	0.48368	0.53255	10.69639	1.03440	0	0.74593	0.55768	12.85406	1.03440	1	-0.00381	-0.00860	0.65933	0.00398	1	0.06369	-0.01367	0.67516	0.00386	1	1.45898	0.81042	0	
1257462	8481.09277	3305610520203	0.49260	0.39925	8480.97168	0.06055	11523	0	0.52991	0.31231	0	0.49306	0.45584	1	0.49306	0.45584	1	0.48368	0.53255	10.69639	1.03440	0	0.74592	0.55758	12.55895	1.03440	1	-0.00381	-0.00860	0.65933	0.00398	1	0.06369	-0.01367	0.67516	0.00391	1	1.45898	0.81042	0	
1257463	8481.09961	3305610587750	0.49260	0.39925	8481.07910	0.02051	11524	1	0.52991	0.31231	0	0.49306	0.45584	0	0.49306	0.45584	0	0.48368	0.53255	10.69639	1.03440	0	0.74592	0.55758	12.55895	1.03440	0	-0.00381	-0.00860	0.65933	0.00398	1	0.06369	-0.01367	0.67516	0.00391	1	1.45898	0.81042	0	
1257464	8481.10547	3305610653615	0.49260	0.39925	8481.07910	0.02637	11524	1	0.52991	0.31231	0	0.49306	0.45584	0	0.49306	0.45584	0	0.48368	0.53255	10.69639	1.03440	0	0.74592	0.55758	12.55895	1.03440	0	-0.00381	-0.00860	0.65933	0.00398	1	0.06369	-0.01367	0.67516	0.00391	1	1.45898	0.81042	0	
1257465	8481.11230	3305610721455	0.49260	0.39925	8481.07910	0.03320	11524	1	0.52991	0.31231	0	0.49306	0.45584	0	0.49306	0.45584	0	0.48368	0.53255	10.69639	1.03440	0	0.74592	0.55758	12.55895	1.03440	0	-0.00381	-0.00860	0.65933	0.00398	1	0.06369	-0.01367	0.67516	0.00391	1	1.45898	0.81042	0	
1257466	8481.11914	3305610788175	0.48645	0.42317	8481.07910	0.03320	11524	0	0.52991	0.31231	0	0.49306	0.45584	0	0.49306	0.45584	0	0.48368	0.53255	10.69639	1.03440	0	0.74592	0.55758	12.55895	1.03440	0	-0.00381	-0.00860	0.65933	0.00398	1	0.06369	-0.01367	0.67516	0.00391	1	1.45898	0.81042	0	
1257467	8481.12598	3305610854568	0.48645	0.42317	8481.07910	0.03320	11524	0	0.52991	0.31231	0	0.49306	0.45584	0	0.49306	0.45584	0	0.48368	0.53255	10.69639	1.03440	0	0.74592	0.55758	12.55895	1.03440	0	-0.00381	-0.00860	0.65933	0.00398	1	0.06369	-0.01367	0.67516	0.00391	1	1.45898	0.81042	0	
1257468	8481.13281	3305610922239	0.48645	0.42317	8481.07910	0.03320	11524	0	0.52991	0.31231	0	0.49306	0.45584	0	0.49306	0.45584	0	0.48368	0.53255	10.69639	1.03440	0	0.74592	0.55758	12.55895	1.03440	0	-0.00381	-0.00860	0.65933	0.00398	1	0.06369	-0.01367	0.67516	0.00391	1	1.45898	0.81042	0	
1257469	8481.13965	3305610988701	0.00000	0.00000	8481.07910	0.03320	11524	0	0.52991	0.31231	0	0.49306	0.45584	0	0.49306	0.45584	0	0.48368	0.53255	10.69639	1.03440	0	0.74592	0.55758	12.55895	1.03440	0	-0.00381	-0.00860	0.65933	0.00398	1	0.06369	-0.01367	0.67516	0.00391	1	1.45898	0.81042	0	
1257470	8481.14551	3305611053694	0.00000	0.00000	8481.07910	0.03320	11524	0	0.52991	0.31231	0	0.49306	0.45584	0	0.49306	0.45584	0	0.48368	0.53255	10.69639	1.03440	0	0.74592	0.55758	12.55895	1.03440	0	-0.00381	-0.00860	0.65933	0.00398	1	0.06369	-0.01367	0.67516	0.00391	1	1.45898	0.81042	0	
1257471	8481.15234	3305611123301	0.00000	0.00000	8481.07910	0.03320	11524	0	0.52991	0.31231	0	0.49306	0.45584	0	0.49306	0.45584	0	0.48368	0.53255	10.69639	1.03440	0	0.74592	0.55758	12.55895	1.03440	0	-0.00381	-0.00860	0.65933	0.00398	1	0.06369	-0.01367	0.67516	0.00391	1	1.45898	0.81042	0	
1257472	8481.15918	3305611190282	0.49304	0.36772	8481.07910	0.03320	11524	0	0.51302	0.32233	1	0.47305	0.41312	1	0.49304	0.36772	1	0.48265	0.53294	10.30565	1.03440	1	0.74517	0.55704	11.62093	1.03440	1	-0.00381	-0.00860	0.65933	0.00384	1	0.06369	-0.01367	0.67516	0.00388	1	1.45898	0.81042	0	
1257473	8481.16602	3305611256761	0.49287	0.36453	8481.07910	0.03320	11524	0	0.51208	0.31568	1	0.47334	0.40701	1	0.49271	0.36134	1	0.48241	0.53128	11.36061	1.04242	1	0.74463	0.55675	12.32067	1.04242	1	-0.00411	-0.00883	0.66925	0.00221	1	0.06291	-0.01357	0.67009	0.00400	1	1.45898	0.81042	0	
1257474	8481.17285	3305611322573	0.49424	0.33645	8481.07910	0.03320	11524	0	0.52492	0.20235	1	0.46903	0.35821	1	0.49697	0.28028	1	0.48254	0.53150	10.81835	1.05043	1	0.74469	0.55680	12.33177	1.05043	1	-0.00411	-0.00883	0.66925	0.00239	1	0.06291	-0.01357	0.67009	0.00387	1	1.45898	0.81042	0	
1257475	8481.17969	3305611390621	0.49388	0.31544	8481.15918	0.02051	11525	1	0.50983	0.15253	1	0.47580	0.35229	1	0.49282	0.25241	1	0.48232	0.53145	11.31296	1.05845	1	0.74481	0.55674	12.00231	1.05845	1	-0.00411	-0.00883	0.66925	0.00226	1	0.06291	-0.01357	0.67009	0.00390	1	1.45898	0.81042	0	
1257476	8481.18652	3305611459140	0.49358	0.30202	8481.15918	0.02734	11525	1	0.50890	0.14474	1	0.47582	0.35200	1	0.49236	0.24837	1	0.48229	0.53161	10.93345	1.06647	1	0.74501	0.55683	12.28144	1.05881	1	-0.00411	-0.00883	0.66925	0.00231	1	0.06183	-0.01335	0.65917	0.00390	1	1.45898	0.81042	0	
1257477	8481.19336	3305611524972	0.49165	0.29740	8481.15918	0.03418	11525	1	0.50590	0.15381	1	0.45811	0.39480	1	0.48201	0.27430	1	0.48222	0.53157	11.03687	1.05881	1	0.74449	0.55712	12.73231	1.05115	1	-0.00411	-0.00883	0.66925	0.00237	1	0.06183	-0.01335	0.65917	0.00403	1	1.45898	0.81042	0	
1257478	8481.19922	3305611591765	0.49139	0.29237	8481.15918	0.04004	11525	1	0.50465	0.16992	1	0.47502	0.35437	1	0.48984	0.26214	1	0.48223	0.53149	11.21936	1.05115	1	0.74483	0.55634	11.87698	1.04349	1	-0.00411	-0.00883	0.66925	0.00235	1	0.06183	-0.01335	0.65917	0.00407	1	1.45898	0.81042	0	
1257479	8481.20605	3305611656962	0.49126	0.28905	8481.15918	0.04688	11525	1	0.50558	0.17729	1	0.47502	0.35437	1	0.49030	0.26583	1	0.48211	0.53295	11.02837	1.04349	1	0.74440	0.55682	12.48975	1.04349	1	-0.00449	-0.00920	0.69694	0.00386	1	0.06327	-0.01367	0.67501	0.00424	1	1.45898	0.81042	0	
1257480	8481.21289	3305611725840	0.48915	0.29157	8481.15918	0.05371	11525	1	0.49892	0.20815	1	0.44575	0.41529	1	0.47233	0.31172	1	0.48208	0.53140	11.18959	1.04349	1	0.74431	0.55729	12.66095	1.05115	1	-0.00449	-0.00920	0.69694	0.00228	1	0.06327	-0.01367	0.67501	0.00394	1	1.45898	0.81042	0	
1257481	8481.21973	3305611791271	0.48734	0.29291	8481.15918	0.06055	11525	1	0.49647	0.19925	1	0.44559	0.41071	1	0.47103	0.30498	1	0.48204	0.53145	11.20594	1.05115	1	0.74431	0.55722	12.95251	1.05881	1	-0.00449	-0.00920	0.69694	0.00231	1	0.06327	-0.01367	0.67501	0.00412	1	1.45898	0.81042	0	
1257482	8481.22656	3305611859942	0.48582	0.29342	8481.15918	0.06738	11525	1	0.49550	0.19208	1	0.44567	0.40500	1	0.47058	0.29854	1	0.48198	0.53158	11.08915	1.05881	1	0.74445	0.55712	12.76654	1.06647	1	-0.00449	-0.00920	0.69694	0.00227	1	0.06393	-0.01376	0.68212	0.00407	1	1.45898	0.81042	0	
1257483	8481.23340	3305611926572	0.48699	0.30011	8481.15918	0.07422	11525	1	0.52462	0.39261	1	0.47518	0.35473	1	0.49990	0.37367	1	0.48237	0.53391	11.77676	1.06647	1	0.74478	0.55667	12.15360	1.06647	1	-0.00449	-0.00920	0.69694	0.00351	1	0.06393	-0.01376	0.68212	0.00419	1	1.45898	0.81042	0	
1257484	8481.23926	3305611989732	0.48723	0.30570	8481.15918	0.08008	11525	1	0.51186	0.35823	1	0.46840	0.38732	1	0.49013	0.37278	1	0.48229	0.53348	11.14765	1.06647	1	0.74463	0.55692	12.59230	1.06647	1	-0.00449	-0.00920	0.69694	0.00367	1	0.06393	-0.01376	0.68212	0.00423	1	1.45898	0.81042	0	
1257485	8481.24609	3305612059777	0.48744	0.31049	8481.15918	0.08691	11525	1	0.51186	0.35823	1	0.46840	0.38732	1	0.49013	0.37278	1	0.48203	0.53359	11.54197	1.06647	1	0.74480	0.55681	12.35966	1.06647	1	-0.00449	-0.00920	0.69694	0.00359	1	0.06327	-0.01367	0.67501	0.00405	1	1.45898	0.81042	0	
1257486	8481.25293	3305612128293	0.48754	0.31421	8481.15918	0.09375	11525	1	0.50697	0.36915	1	0.47102	0.36346	1	0.48899	0.36631	1	0.48210	0.53358	11.25067	1.06647	1	0.74475	0.55680	12.39337	1.06647	1	-0.00449	-0.00920	0.69694	0.00368	1	0.06327	-0.01367	0.67501	0.00393	1	1.45898	0.81042	0	
1257487	8481.25977	3305612195307	0.48759	0.31673	8481.15918	0.10059	11525	1	0.50278	0.37854	1	0.47386	0.33058	1	0.48832	0.35456	1	0.48206	0.53361	11.70715	1.06647	1	0.74476	0.55646	11.95406	1.06647	1	-0.00449	-0.00920	0.69694	0.00356	1	0.06327	-0.01367	0.67501	0.00408	1	1.45898	0.81042	0	
1257488	8481.26660	3305612261655	0.48764	0.31896	8481.15918	0.10742	11525	1	0.50278	0.37854	1	0.47386	0.33058	1	0.48832	0.35456	1	0.48216	0.53327	11.26495	1.06647	1	0.74452	0.55717	12.88764	1.06647	1	-0.00449	-0.00920	0.69694	0.00380	1	0.06327	-0.01367	0.67501	0.00399	1	1.45898	0.81042	0	
1257489	8481.27344	3305612327010	0.48740	0.32262	8481.15918	0.11426	11525	1	0.51024	0.38173	1	0.45652	0.38786	1	0.48338	0.38480	1	0.48212	0.53371	11.56094	1.06647	1	0.74449	0.55713	12.77238	1.06647	1	-0.00449	-0.00920	0.69694	0.00361	1	0.06327	-0.01367	0.67501	0.00404	1	1.45898	0.81042	0	
1257490	8481.28027	3305612395618	0.48732	0.32634	8481.15918	0.12109	11525	1	0.51549	0.39602	1	0.45645	0.39092	1	0.48597	0.39347	1	0.48221	0.53384	11.69428	1.06647	1	0.74450	0.55712	12.64105	1.06647	1	-0.00449	-0.00920	0.69694	0.00359	1	0.06327	-0.01367	0.67501	0.00402	1	1.45898	0.81042	0	
1257491	8481.28711	3305612462277	0.48451	0.35559	8481.15918	0.12109	11525	0	0.51331	0.38170	1	0.45684	0.37615	1	0.48507	0.37892	1	0.48221	0.53362	11.15561	1.08594	1	0.74479	0.55669	12.13508	1.08594	1	-0.00461	-0.00967	0.73246	0.00366	1	0.06393	-0.01376	0.68212	0.00394	1	1.45898	0.81042	0	
1257492	8481.29297	3305612528246	0.48687	0.33079	8481.15918	0.12109	11525	0	0.50018	0.29952	1	0.47829	0.31247	1	0.48923	0.30599	1	0.48207	0.53296	11.06247	1.10541	1	0.74485	0.55654	12.16634	1.10541	1	-0.00461	-0.00967	0.73246	0.00380	1	0.06393	-0.01376	0.68212	0.00399	1	1.45898	0.81042	0	
1257493	8481.29980	3305612596502	0.48805	0.29244	8481.15918	0.12109	11525	0	0.49406	0.14420	1	0.48677	0.28725	1	0.49042	0.21572	1	0.48216	0.53144	11.55845	1.12488	1	0.74491	0.55648	11.99111	1.12488	1	-0.00461	-0.00967	0.73246	0.00235	1	0.06393	-0.01376	0.68212	0.00402	1	1.45898	0.81042	0	
1257494	8481.30664	3305612663367	0.49002	0.24581	8481.15918	0.12109	11525	0	0.49406	0.14420	1	0.48677	0.28725	1	0.49042	0.21572	1	0.48220	0.53360	11.39664	1.12488	1	0.74457	0.55721	12.92272	1.12488	1	-0.00449	-0.00920	0.69694	0.00361	1	0.06327	-0.01367	0.67501	0.00394	1	1.45898	0.81042	0	
1257495	8481.31348	3305612728897	0.48815	0.29926	8481.15918	0.12109	11525	0	0.51640	0.34846	1	0.45618	0.35696	1	0.48629	0.35271	1	0.48235	0.53360	11.65572	1.10541	1	0.74449	0.55715	12.87426	1.10541	1	-0.00449	-0.00920	0.69694	0.00360	1	0.06327	-0.01367	0.67501	0.00398	1	1.45898	0.81042	0	
1257496	8481.32031	3305612797803	0.49164	0.31578	8481.15918	0.12109	11525	0	0.50999	0.36059	1	0.48720	0.33705	1	0.49860	0.34882	1	0.48218	0.53349	11.30250	1.08594	1	0.74498	0.55674	12.41589	1.08594	1	-0.00449	-0.00920	0.69694	0.00363	1	0.06327	-0.01367	0.67501	0.00390	1	1.45898	0.81042	0	
1257497	8481.32715	3305612864660	0.49461	0.35280	8481.15918	0.12109	11525	0	0.51118	0.36843	1	0.48671	0.34532	1	0.49894	0.35688	1	0.48211	0.53321	10.86162	1.07555	1	0.74457	0.55714	12.38519	1.07555	1	-0.00451	-0.00933	0.70718	0.00371	1	0.06327	-0.01367	0.67501	0.00390	1	1.45898	0.81042	0	
1257498	8481.33398	3305612931454	0.49416	0.35136	8481.15918	0.12109	11525	0	0.50548	0.37933	1	0.48194	0.32049	1	0.49371	0.34991	1	0.48214	0.53359	11.42389	1.08464	1	0.74485	0.55665	12.39272	1.08464	1	-0.00451	-0.00933	0.70718	0.00360	1	0.06327	-0.01367	0.67501	0.00395	1	1.45898	0.81042	0	
1257499	8481.33984	3305612997279	0.49049	0.31557	8481.15918	0.12109	11525	0	0.49578	0.11724	1	0.47051	0.37073	1	0.48314	0.24398	1	0.48223	0.53148	11.18972	1.09372	1	0.74466	0.55710	12.52720	1.09372	1	-0.00451	-0.00933	0.70718	0.00233	1	0.06327	-0.01367	0.67501	0.00389	1	1.45898	0.81042	0	
1257500	8481.34668	3305613065201	0.48865	0.29767	8481.32715	0.01953	11526	1	0.49578	0.11724	1	0.47051	0.37073	1	0.48314	0.24398	1	0.48205	0.53314	10.77433	1.09372	1	0.74467	0.55689	12.20904	1.09372	1	-0.00428	-0.00898	0.68009	0.00371	1	0.06327	-0.01367	0.67501	0.00417	1	1.45898	0.81042	0	
1257501	8481.35352	3305613132265	0.48862	0.30843	8481.32715	0.02637	11526	1	0.49263	0.36878	1	0.48436	0.33420	1	0.48850	0.35149	1	0.48196	0.53334	10.80212	1.08464	1	0.74488	0.55667	12.14544	1.08464	1	-0.00428	-0.00898	0.68009	0.00379	1	0.06327	-0.01367	0.67501	0.00407	1	1.45898	0.81042	0	
1257502	8481.36035	3305613198959	0.48951	0.31456	8481.32715	0.03320	11526	1	0.50477	0.31485	1	0.48315	0.37552	1	0.49396	0.34518	1	0.48215	0.53359	10.82686	1.07555	1	0.74491	0.55698	12.36907	1.07555	1	-0.00428	-0.00898	0.68009	0.00371	1	0.06327	-0.01367	0.67501	0.00392	1	1.45898	0.81042	0	
1257503	8481.36719	3305613265130	0.49015	0.31893	8481.32715	0.04004	11526	1	0.50477	0.31485	1	0.48315	0.37552	1	0.49396	0.34518	1	0.48213	0.53347	10.92637	1.07555	1	0.74476	0.55691	12.04332	1.07555	1	-0.00436	-0.00924	0.69977	0.00380	1	0.06327	-0.01367	0.67501	0.00385	1	1.45898	0.81042	0	
1257504	8481.37402	3305613333945	0.48970	0.32361	8481.32715	0.04688	11526	1	0.50223	0.32073	1	0.47084	0.39191	1	0.48654	0.35632	1	0.48211	0.53361	10.90111	1.08464	1	0.74472	0.55729	12.38000	1.08464	1	-0.00436	-0.00924	0.69977	0.00397	1	0.06327	-0.01367	0.67501	0.00387	1	1.45898	0.81042	0	
1257505	8481.38086	3305613400456	0.49032	0.32637	8481.32715	0.05371	11526	1	0.50628	0.35228	1	0.48443	0.34462	1	0.49535	0.34845	1	0.48210	0.53358	11.03358	1.09372	1	0.74487	0.55692	12.28205	1.09372	1	-0.00436	-0.00924	0.69977	0.00387	1	0.06327	-0.01367	0.67501	0.00387	1	1.45898	0.81042	0	
1257506	8481.38672	3305613466998	0.49083	0.32858	8481.32715	0.05957	11526	1	0.50628	0.35228	1	0.48443	0.34462	1	0.49535	0.34845	1	0.48246	0.53414	11.75739	1.09372	1	0.74493	0.55673	12.04212	1.09372	1	-0.00411	-0.00883	0.66925	0.00346	1	0.06291	-0.01357	0.67009	0.00389	1	1.45898	0.81042	0	
1257507	8481.39355	3305613534234	0.49103	0.33190	8481.32715	0.06641	11526	1	0.48697	0.37386	1	0.49906	0.35633	1	0.49301	0.36509	1	0.48227	0.53424	12.30989	1.08464	1	0.74515	0.55681	12.93014	1.08464	1	-0.00411	-0.00883	0.66925	0.00352	1	0.06291	-0.01357	0.67009	0.00391	1	1.45898	0.81042	0	
1257508	8481.40039	3305613601462	0.49137	0.33237	8481.32715	0.07324	11526	1	0.49424	0.31158	1	0.49614	0.36348	1	0.49519	0.33753	1	0.48232	0.53365	11.21314	1.07555	1	0.74517	0.55702	12.59909	1.07555	1	-0.00411	-0.00883	0.66925	0.00368	1	0.06291	-0.01357	0.67009	0.00373	1	1.45898	0.81042	0	
1257509	8481.40723	3305613668645	0.49169	0.33332	8481.32715	0.08008	11526	1	0.49539	0.31893	1	0.49563	0.37057	1	0.49551	0.34475	1	0.48295	0.53367	11.88133	1.06647	1	0.74505	0.55700	13.09247	1.06647	1	-0.00411	-0.00883	0.66925	0.00361	1	0.06291	-0.01357	0.67009	0.00380	1	1.45898	0.81042	0	
1257510	8481.41406	3305613735456	0.49263	0.33636	8481.32715	0.08691	11526	1	0.52239	0.32557	1	0.48738	0.42612	1	0.50488	0.37584	1	0.48272	0.53365	12.04181	1.06647	1	0.74495	0.55747	13.17054	1.06647	1	-0.00411	-0.00883	0.66925	0.00364	1	0.06291	-0.01357	0.67009	0.00396	1	1.45898	0.81042	0	
1257511	8481.42090	3305613802259	0.49279	0.33893	8481.32715	0.09375	11526	1	0.54746	0.34563	1	0.44236	0.40417	1	0.49491	0.37490	1	0.48321	0.53375	11.26754	1.06647	1	0.74505	0.55740	13.20308	1.06647	1	-0.00411	-0.00883	0.66925	0.00363	1	0.06291	-0.01357	0.67009	0.00400	1	1.45898	0.81042	0	
1257512	8481.42676	3305613866237	0.49290	0.34074	8481.32715	0.09961	11526	1	0.54669	0.33853	1	0.44243	0.39740	1	0.49456	0.36796	1	0.48308	0.53373	11.78934	1.07555	1	0.74537	0.55717	12.23385	1.07555	1	-0.00418	-0.00913	0.68786	0.00356	1	0.06346	-0.01367	0.67490	0.00398	1	1.45898	0.81042	0	
1257513	8481.43359	3305613933200	0.49263	0.34392	8481.32715	0.10645	11526	1	0.51922	0.37109	1	0.45765	0.41851	1	0.48844	0.39480	1	0.48312	0.53379	11.33916	1.08464	1	0.74528	0.55759	12.87985	1.08464	1	-0.00418	-0.00913	0.68786	0.00356	1	0.06346	-0.01367	0.67490	0.00399	1	1.45898	0.81042	0	
1257514	8481.44043	3305614002955	0.49239	0.34466	8481.32715	0.11328	11526	1	0.49763	0.28731	1	0.47883	0.42699	1	0.48823	0.35715	1	0.48295	0.53344	11.71528	1.09372	1	0.74561	0.55772	12.37069	1.09372	1	-0.00418	-0.00913	0.68786	0.00365	1	0.06346	-0.01367	0.67490	0.00401	1	1.45898	0.81042	0	SUBJECT_ONSET_LOG
1257515	8481.44727	3305614066790	0.49216	0.34546	8481.32715	0.12012	11526	1	0.49763	0.28731	1	0.47853	0.43242	1	0.48808	0.35987	1	0.48309	0.53152	11.14541	1.09372	1	0.74545	0.55773	12.36450	1.08607	1	-0.00399	-0.00901	0.68243	0.00240	1	0.06166	-0.01327	0.65522	0.00393	1	1.45898	0.81042	0	
1257516	8481.45410	3305614134547	0.49169	0.34790	8481.32715	0.12695	11526	1	0.48945	0.37743	1	0.47603	0.41107	1	0.48274	0.39425	1	0.48302	0.53364	11.05921	1.07698	1	0.74559	0.55737	11.99397	1.06932	1	-0.00399	-0.00901	0.68243	0.00378	1	0.06166	-0.01327	0.65522	0.00388	1	1.45898	0.81042	0	
1257517	8481.46094	3305614202841	0.49142	0.34998	8481.32715	0.13379	11526	1	0.50102	0.34762	1	0.47088	0.43573	1	0.48595	0.39167	1	0.48316	0.53322	11.33671	1.06024	1	0.74554	0.55756	12.33336	1.05258	1	-0.00399	-0.00901	0.68243	0.00380	1	0.06166	-0.01327	0.65522	0.00386	1	1.45898	0.81042	0	
1257518	8481.46777	3305614269013	0.49121	0.35233	8481.32715	0.14062	11526	1	0.50310	0.36079	1	0.47057	0.44234	1	0.48684	0.40156	1	0.48364	0.53287	11.05598	1.04349	1	0.74584	0.55713	12.75680	1.04349	1	-0.00399	-0.00901	0.68243	0.00395	1	0.06426	-0.01382	0.68228	0.00395	1	1.45898	0.81042	0	AUDIO_FILE_ONSET_LOG
1257519	8481.47363	3305614335390	0.49221	0.35407	8481.32715	0.14648	11526	1	0.53502	0.34825	1	0.49361	0.43687	1	0.51431	0.39256	1	0.48371	0.53302	11.18643	1.04349	1	0.74599	0.55741	12.91651	1.05115	1	-0.00399	-0.00901	0.68243	0.00394	1	0.06426	-0.01382	0.68228	0.00386	1	1.45898	0.81042	0	
1257520	8481.48047	3305614401930	0.49287	0.35588	8481.32715	0.15332	11526	1	0.53949	0.39032	1	0.47629	0.40472	1	0.50789	0.39752	1	0.48381	0.53383	11.66480	1.05115	1	0.74596	0.55729	12.85046	1.05881	1	-0.00399	-0.00901	0.68243	0.00357	1	0.06426	-0.01382	0.68228	0.00404	1	1.45898	0.81042	0	
1257521	8481.48730	3305614470075	0.49535	0.38275	8481.32715	0.15332	11526	0	0.53793	0.37775	1	0.47693	0.39211	1	0.50743	0.38493	1	0.48373	0.53322	11.21858	1.06789	1	0.74594	0.55706	12.40088	1.07555	1	-0.00408	-0.00933	0.70717	0.00379	1	0.06369	-0.01367	0.67516	0.00400	1	1.45898	0.81042	0	
1257522	8481.49414	3305614539002	0.48439	0.38568	8481.32715	0.15332	11526	0	0.49965	0.32300	1	0.44719	0.45423	1	0.47342	0.38862	1	0.48367	0.53303	11.10688	1.08464	1	0.74597	0.55781	12.74565	1.08464	1	-0.00408	-0.00933	0.70717	0.00383	1	0.06369	-0.01367	0.67516	0.00398	1	1.45898	0.81042	0	
1257523	8481.50098	3305614606157	0.48158	0.38111	8481.32715	0.15332	11526	0	0.50483	0.33587	1	0.44710	0.40803	1	0.47596	0.37195	1	0.48372	0.53329	11.40615	1.09372	1	0.74594	0.55789	12.82881	1.09372	1	-0.00408	-0.00933	0.70717	0.00371	1	0.06369	-0.01367	0.67516	0.00396	1	1.45898	0.81042	0	
1257524	8481.50781	3305614673070	0.48018	0.37882	8481.48730	0.02051	11527	1	0.50483	0.33587	1	0.44710	0.40803	1	0.47596	0.37195	1	0.48382	0.53132	11.59115	1.09372	1	0.74622	0.55795	12.19132	1.09372	1	-0.00380	-0.00904	0.68504	0.00234	1	0.06369	-0.01367	0.67516	0.00388	1	1.45898	0.81042	0	
1257525	8481.51465	3305614740197	0.48264	0.37314	8481.48730	0.02734	11527	1	0.51713	0.28930	1	0.46791	0.41161	1	0.49252	0.35045	1	0.48388	0.53281	10.92504	1.08464	1	0.74631	0.55808	12.60020	1.08464	1	-0.00380	-0.00904	0.68504	0.00408	1	0.06369	-0.01367	0.67516	0.00383	1	1.45898	0.81042	0	
1257526	8481.52148	3305614807422	0.48315	0.37116	8481.48730	0.03418	11527	1	0.49266	0.33582	1	0.47867	0.38664	1	0.48567	0.36123	1	0.48390	0.53331	11.19016	1.07555	1	0.74638	0.55742	12.10263	1.07555	1	-0.00380	-0.00904	0.68504	0.00397	1	0.06369	-0.01367	0.67516	0.00382	1	1.45898	0.81042	0	
1257527	8481.52832	3305614873927	0.48357	0.37074	8481.48730	0.04102	11527	1	0.49383	0.34297	1	0.47831	0.39353	1	0.48607	0.36825	1	0.48392	0.53136	11.51248	1.06647	1	0.74655	0.55744	12.69066	1.06647	1	-0.00380	-0.00904	0.68504	0.00227	1	0.06424	-0.01377	0.68000	0.00375	1	1.45898	0.81042	0	
1257528	8481.53418	3305614940458	0.48287	0.37208	8481.48730	0.04688	11527	1	0.48303	0.37304	1	0.47294	0.38978	1	0.47798	0.38141	1	0.48370	0.53338	11.04735	1.06647	1	0.74626	0.55767	12.18238	1.06647	1	-0.00380	-0.00904	0.68504	0.00391	1	0.06424	-0.01377	0.68000	0.00379	1	1.45898	0.81042	0	
1257529	8481.54102	3305615005642	0.48307	0.36236	8481.48730	0.05371	11527	1	0.50113	0.18862	1	0.46824	0.38063	1	0.48469	0.28463	1	0.48403	0.53141	11.37749	1.06647	1	0.74627	0.55750	12.34074	1.06647	1	-0.00380	-0.00904	0.68504	0.00234	1	0.06424	-0.01377	0.68000	0.00383	1	1.45898	0.81042	0	
1257530	8481.54785	3305615074706	0.48323	0.35459	8481.48730	0.06055	11527	1	0.50113	0.18862	1	0.46824	0.38063	1	0.48469	0.28463	1	0.48408	0.53135	11.48299	1.06647	1	0.74639	0.55755	12.55265	1.06647	1	-0.00380	-0.00904	0.68504	0.00233	1	0.06490	-0.01396	0.68692	0.00400	1	1.45898	0.81042	0	
1257531	8481.55469	3305615142245	0.48491	0.34853	8481.48730	0.06738	11527	1	0.51016	0.18494	1	0.49316	0.39092	1	0.50166	0.28793	1	0.48413	0.53139	11.72534	1.06647	1	0.74662	0.55760	12.74979	1.06647	1	-0.00380	-0.00904	0.68504	0.00231	1	0.06490	-0.01396	0.68692	0.00385	1	1.45898	0.81042	0	
1257532	8481.56152	3305615208616	0.48574	0.34321	8481.48730	0.07422	11527	1	0.50219	0.18291	1	0.48762	0.38652	1	0.49490	0.28471	1	0.48403	0.53143	11.75173	1.06647	1	0.74662	0.55752	12.72744	1.06647	1	-0.00380	-0.00904	0.68504	0.00230	1	0.06490	-0.01396	0.68692	0.00391	1	1.45898	0.81042	0	
1257533	8481.56738	3305615273495	0.48646	0.33845	8481.48730	0.08008	11527	1	0.50219	0.18291	1	0.48804	0.37987	1	0.49511	0.28139	1	0.48454	0.53285	11.09559	1.06647	1	0.74661	0.55762	12.67625	1.07515	1	-0.00380	-0.00904	0.68504	0.00397	1	0.06622	-0.01423	0.70035	0.00387	1	1.45898	0.81042	0	
1257534	8481.57520	3305615342371	0.48700	0.33731	8481.48730	0.08789	11527	1	0.50219	0.18291	0	0.49398	0.32247	1	0.49398	0.32247	1	0.48454	0.53285	11.09559	1.07515	0	0.74667	0.55702	12.40825	1.08383	1	-0.00380	-0.00904	0.68504	0.00397	1	0.06622	-0.01423	0.70035	0.00413	1	1.45898	0.81042	0	
1257535	8481.58105	3305615409633	0.48700	0.33731	8481.48730	0.09375	11527	1	0.50219	0.18291	0	0.49398	0.32247	0	0.49398	0.32247	0	0.48454	0.53285	11.09559	1.08383	0	0.74667	0.55702	12.40825	1.09251	0	-0.00380	-0.00904	0.68504	0.00397	1	0.06622	-0.01423	0.70035	0.00413	1	1.45898	0.81042	0	
1257536	8481.58789	3305615476957	0.48700	0.33731	8481.48730	0.10059	11527	1	0.50219	0.18291	0	0.49398	0.32247	0	0.49398	0.32247	0	0.48454	0.53285	11.09559	1.09251	0	0.74667	0.55702	12.40825	1.10119	0	-0.00380	-0.00904	0.68504	0.00397	1	0.06622	-0.01423	0.70035	0.00413	1	1.45898	0.81042	0	
1257537	8481.59473	3305615544161	0.48700	0.33731	8481.48730	0.10742	11527	1	0.50219	0.18291	0	0.49398	0.32247	0	0.49398	0.32247	0	0.48454	0.53285	11.09559	1.10119	0	0.74667	0.55702	12.40825	1.10119	0	-0.00380	-0.00904	0.68504	0.00397	1	0.06622	-0.01423	0.70035	0.00413	1	1.45898	0.81042	0	
1257538	8481.60156	3305615608141	0.48743	0.32925	8481.48730	0.10742	11527	0	0.50219	0.18291	0	0.49398	0.32247	0	0.49398	0.32247	0	0.48454	0.53285	11.09559	1.10119	0	0.74667	0.55702	12.40825	1.10119	0	-0.00380	-0.00904	0.68504	0.00397	1	0.06622	-0.01423	0.70035	0.00413	1	1.45898	0.81042	0	
1257539	8481.60840	3305615676000	0.48743	0.32925	8481.48730	0.10742	11527	0	0.50219	0.18291	0	0.49398	0.32247	0	0.49398	0.32247	0	0.48454	0.53285	11.09559	1.10119	0	0.74667	0.55702	12.40825	1.10119	0	-0.00380	-0.00904	0.68504	0.00397	1	0.06622	-0.01423	0.70035	0.00413	1	1.45898	0.81042	0	
1257540	8481.61523	3305615744798	0.48743	0.32925	8481.48730	0.10742	11527	0	0.50219	0.18291	0	0.49398	0.32247	0	0.49398	0.32247	0	0.48454	0.53285	11.09559	1.10119	0	0.74667	0.55702	12.40825	1.10119	0	-0.00380	-0.00904	0.68504	0.00397	1	0.06622	-0.01423	0.70035	0.00413	1	1.45898	0.81042	0	
1257541	8481.62207	3305615812121	0.00000	0.00000	8481.48730	0.10742	11527	0	0.50219	0.18291	0	0.49398	0.32247	0	0.49398	0.32247	0	0.48454	0.53285	11.09559	1.10119	0	0.74667	0.55702	12.40825	1.10119	0	-0.00380	-0.00904	0.68504	0.00397	1	0.06622	-0.01423	0.70035	0.00413	1	1.45898	0.81042	0	
1257542	8481.62793	3305615878613	0.00000	0.00000	8481.48730	0.10742	11527	0	0.50219	0.18291	0	0.49398	0.32247	0	0.49398	0.32247	0	0.48454	0.53285	11.09559	1.10119	0	0.74667	0.55702	12.40825	1.10119	0	-0.00380	-0.00904	0.68504	0.00397	1	0.06622	-0.01423	0.70035	0.00413	1	1.45898	0.81042	0	
1257543	8481.63477	3305615942931	0.00000	0.00000	8481.48730	0.10742	11527	0	0.50219	0.18291	0	0.49398	0.32247	0	0.49398	0.32247	0	0.48454	0.53285	11.09559	1.10119	0	0.74667	0.55702	12.40825	1.10119	0	-0.00380	-0.00904	0.68504	0.00397	1	0.06622	-0.01423	0.70035	0.00413	1	1.45898	0.81042	0	
1257544	8481.64160	3305616012669	0.46847	0.32249	8481.48730	0.10742	11527	0	0.50251	0.26023	1	0.43443	0.38476	1	0.46847	0.32249	1	0.48451	0.53257	10.88341	1.10119	1	0.74650	0.55785	12.92270	1.10119	1	-0.00380	-0.00904	0.68504	0.00394	1	0.06622	-0.01423	0.70035	0.00398	1	1.45898	0.81042	0	
1257545	8481.64844	3305616079609	0.46847	0.32410	8481.48730	0.10742	11527	0	0.50251	0.26023	1	0.43443	0.39117	1	0.46847	0.32570	1	0.48456	0.53287	11.10869	1.10119	1	0.74679	0.55673	12.20509	1.09251	1	-0.00380	-0.00904	0.68504	0.00386	1	0.06649	-0.01423	0.70259	0.00451	1	1.45898	0.81042	0	
1257546	8481.65527	3305616145837	0.43882	0.31352	8481.48730	0.10742	11527	0	0.50251	0.26023	0	0.37953	0.29237	1	0.37953	0.29237	1	0.48456	0.53287	11.10869	1.09251	0	0.48459	0.53343	11.49365	1.08383	1	-0.00380	-0.00904	0.68504	0.00386	1	0.06649	-0.01423	0.70259	0.00371	1	1.45898	0.81042	0	
1257547	8481.66211	3305616213940	0.42387	0.31301	8481.64160	0.02051	11528	1	0.50251	0.26023	0	0.37900	0.31149	1	0.37900	0.31149	1	0.48456	0.53287	11.10869	1.08383	0	0.48457	0.53337	11.51194	1.07515	1	-0.00380	-0.00904	0.68504	0.00386	1	0.06649	-0.01423	0.70259	0.00367	1	1.45898	0.81042	0	
1257548	8481.66895	3305616280566	0.41490	0.31271	8481.64160	0.02734	11528	1	0.50251	0.26023	0	0.37900	0.31149	1	0.37900	0.31149	1	0.48456	0.53287	11.10869	1.07515	0	0.48444	0.53137	11.41140	1.07515	1	-0.00380	-0.00904	0.68504	0.00386	1	-0.00364	-0.00896	0.68289	0.00241	1	1.45898	0.81042	0	
1257549	8481.67480	3305616347172	0.40785	0.27542	8481.64160	0.03320	11528	1	0.50251	0.26023	0	0.37263	0.08895	1	0.37263	0.08895	1	0.48456	0.53287	11.10869	1.07515	0	0.48430	0.53122	11.41240	1.08383	1	-0.00380	-0.00904	0.68504	0.00386	1	-0.00364	-0.00896	0.68289	0.00230	1	1.45898	0.81042	0	
1257550	8481.68164	3305616414154	0.40565	0.27774	8481.64160	0.04004	11528	1	0.50251	0.26023	0	0.39243	0.29164	1	0.39243	0.29164	1	0.48456	0.53287	11.10869	1.08383	0	0.48482	0.53324	11.53625	1.09251	1	-0.00380	-0.00904	0.68504	0.00386	1	-0.00364	-0.00896	0.68289	0.00383	1	1.45898	0.81042	0	
1257551	8481.68848	3305616481320	0.40400	0.27947	8481.64160	0.04688	11528	1	0.50251	0.26023	0	0.39243	0.29164	1	0.39243	0.29164	1	0.48456	0.53287	11.10869	1.09251	0	0.48473	0.53319	11.63653	1.09251	1	-0.00380	-0.00904	0.68504	0.00386	1	-0.00359	-0.00902	0.68344	0.00394	1	1.45898	0.81042	0	
1257552	8481.69531	3305616548453	0.40132	0.28454	8481.64160	0.05371	11528	1	0.50251	0.26023	0	0.37991	0.32508	1	0.37991	0.32508	1	0.48456	0.53287	11.10869	1.09251	0	0.48464	0.53361	11.16747	1.08383	1	-0.00380	-0.00904	0.68504	0.00386	1	-0.00359	-0.00902	0.68344	0.00376	1	1.45898	0.81042	0	
1257553	8481.70215	3305616614910	0.40132	0.28454	8481.64160	0.06055	11528	1	0.50251	0.26023	0	0.37991	0.32508	0	0.37991	0.32508	0	0.48456	0.53287	11.10869	1.08383	0	0.48464	0.53361	11.16747	1.07515	0	-0.00380	-0.00904	0.68504	0.00386	1	-0.00359	-0.00902	0.68344	0.00376	1	1.45898	0.81042	0	
1257554	8481.70898	3305616682406	0.40132	0.28454	8481.64160	0.06738	11528	1	0.50251	0.26023	0	0.37991	0.32508	0	0.37991	0.32508	0	0.48456	0.53287	11.10869	1.07515	0	0.48464	0.53361	11.16747	1.06647	0	-0.00380	-0.00904	0.68504	0.00386	1	-0.00359	-0.00902	0.68344	0.00376	1	1.45898	0.81042	0	
1257555	8481.71582	3305616749253	0.40132	0.28454	8481.64160	0.07422	11528	1	0.50251	0.26023	0	0.37991	0.32508	0	0.37991	0.32508	0	0.48456	0.53287	11.10869	1.06647	0	0.48464	0.53361	11.16747	1.06647	0	-0.00380	-0.00904	0.68504	0.00386	1	-0.00359	-0.00902	0.68344	0.00376	1	1.45898	0.81042	0	
1257556	8481.72266	3305616817395	0.39293	0.27980	8481.64160	0.07422	11528	0	0.50251	0.26023	0	0.37991	0.32508	0	0.37991	0.32508	0	0.48456	0.53287	11.10869	1.06647	0	0.48464	0.53361	11.16747	1.06647	0	-0.00380	-0.00904	0.68504	0.00386	1	-0.00359	-0.00902	0.68344	0.00376	1	1.45898	0.81042	0	
1257557	8481.72852	3305616883050	0.39293	0.27980	8481.64160	0.07422	11528	0	0.50251	0.26023	0	0.37991	0.32508	0	0.37991	0.32508	0	0.48456	0.53287	11.10869	1.06647	0	0.48464	0.53361	11.16747	1.06647	0	-0.00380	-0.00904	0.68504	0.00386	1	-0.00359	-0.00902	0.68344	0.00376	1	1.45898	0.81042	0	
1257558	8481.73535	3305616950172	0.39293	0.27980	8481.64160	0.07422	11528	0	0.50251	0.26023	0	0.37991	0.32508	0	0.37991	0.32508	0	0.48456	0.53287	11.10869	1.06647	0	0.48464	0.53361	11.16747	1.06647	0	-0.00380	-0.00904	0.68504	0.00386	1	-0.00359	-0.00902	0.68344	0.00376	1	1.45898	0.81042	0	
1257559	8481.74219	3305617016517	0.00000	0.00000	8481.64160	0.07422	11528	0	0.50251	0.26023	0	0.37991	0.32508	0	0.37991	0.32508	0	0.48456	0.53287	11.10869	1.06647	0	0.48464	0.53361	11.16747	1.06647	0	-0.00380	-0.00904	0.68504	0.00386	1	-0.00359	-0.00902	0.68344	0.00376	1	1.45898	0.81042	0	
1257560	8481.74902	3305617084370	0.00000	0.00000	8481.64160	0.07422	11528	0	0.50251	0.26023	0	0.37991	0.32508	0	0.37991	0.32508	0	0.48456	0.53287	11.10869	1.06647	0	0.48464	0.53361	11.16747	1.06647	0	-0.00380	-0.00904	0.68504	0.00386	1	-0.00359	-0.00902	0.68344	0.00376	1	1.45898	0.81042	0	
1257561	8481.75586	3305617151235	0.00000	0.00000	8481.64160	0.07422	11528	0	0.50251	0.26023	0	0.37991	0.32508	0	0.37991	0.32508	0	0.48456	0.53287	11.10869	1.06647	0	0.48464	0.53361	11.16747	1.06647	0	-0.00380	-0.00904	0.68504	0.00386	1	-0.00359	-0.00902	0.68344	0.00376	1	1.45898	0.81042	0	
1257562	8481.76172	3305617216999	0.00000	0.00000	8481.64160	0.07422	11528	0	0.50251	0.26023	0	0.37991	0.32508	0	0.37991	0.32508	0	0.48456	0.53287	11.10869	1.06647	0	0.48464	0.53361	11.16747	1.06647	0	-0.00380	-0.00904	0.68504	0.00386	1	-0.00359	-0.00902	0.68344	0.00376	1	1.45898	0.81042	0	
1257563	8481.76855	3305617284953	0.00000	0.00000	8481.64160	0.07422	11528	0	0.50251	0.26023	0	0.37991	0.32508	0	0.37991	0.32508	0	0.48456	0.53287	11.10869	1.06647	0	0.48464	0.53361	11.16747	1.06647	0	-0.00380	-0.00904	0.68504	0.00386	1	-0.00359	-0.00902	0.68344	0.00376	1	1.45898	0.81042	0	
1257564	8481.77539	3305617352379	0.25759	0.18606	8481.64160	0.07422	11528	0	0.53686	0.36150	1	0.49352	0.38272	1	0.51519	0.37211	1	0.48536	0.53337	11.15774	1.06647	1	0.74744	0.55753	12.59813	1.06647	1	-0.00380	-0.00904	0.68504	0.00367	1	-0.00359	-0.00902	0.68344	0.00397	1	1.45898	0.81042	0	
1257565	8481.78223	3305617419419	0.51038	0.37060	8481.64160	0.07422	11528	0	0.53636	0.33510	1	0.47479	0.40306	1	0.50558	0.36908	1	0.48535	0.53319	11.17575	1.06647	1	0.74718	0.55772	13.26859	1.06647	1	-0.00380	-0.00904	0.68504	0.00372	1	-0.00359	-0.00902	0.68344	0.00390	1	1.45898	0.81042	0	
1257566	8481.78906	3305617486292	0.50806	0.36822	8481.64160	0.07422	11528	0	0.53636	0.33510	1	0.47510	0.39657	1	0.50573	0.36583	1	0.48540	0.53317	11.27343	1.06647	1	0.74714	0.55784	13.39983	1.07515	1	-0.00362	-0.00901	0.69027	0.00371	1	0.06584	-0.01406	0.69413	0.00399	1	1.45898	0.81042	0	
1257567	8481.79590	3305617552897	0.50616	0.36108	8481.64160	0.07422	11528	0	0.54422	0.31135	1	0.46052	0.38225	1	0.50237	0.34680	1	0.48546	0.53308	11.27895	1.07515	1	0.74730	0.55760	12.76381	1.08383	1	-0.00362	-0.00901	0.69027	0.00374	1	0.06584	-0.01406	0.69413	0.00401	1	1.45898	0.81042	0	
1257568	8481.80273	3305617619735	0.50862	0.36223	8481.78223	0.02051	11529	1	0.53228	0.31589	1	0.49974	0.41552	1	0.51601	0.36570	1	0.48530	0.53327	11.28011	1.08383	1	0.74752	0.55797	13.17483	1.09251	1	-0.00362	-0.00901	0.69027	0.00377	1	0.06584	-0.01406	0.69413	0.00394	1	1.45898	0.81042	0	
1257569	8481.80957	3305617687704	0.51002	0.36224	8481.78223	0.02734	11529	1	0.53144	0.30897	1	0.49974	0.41552	1	0.51559	0.36224	1	0.48553	0.53307	11.10055	1.09251	1	0.74720	0.55775	12.81049	1.09251	1	-0.00362	-0.00901	0.69027	0.00377	1	0.06421	-0.01370	0.67644	0.00407	1	1.45898	0.81042	0	
1257570	8481.81543	3305617753719	0.50782	0.35656	8481.78223	0.03320	11529	1	0.52404	0.27467	1	0.46962	0.38167	1	0.49683	0.32817	1	0.48530	0.53273	10.85495	1.09251	1	0.74741	0.55759	12.77753	1.08383	1	-0.00362	-0.00901	0.69027	0.00386	1	0.06421	-0.01370	0.67644	0.00404	1	1.45898	0.81042	0	
1257571	8481.82227	3305617821038	0.50621	0.35743	8481.78223	0.04004	11529	1	0.52818	0.30227	1	0.46496	0.42302	1	0.49657	0.36264	1	0.48526	0.53277	10.92271	1.08383	1	0.74743	0.55736	12.57185	1.07515	1	-0.00362	-0.00901	0.69027	0.00388	1	0.06421	-0.01370	0.67644	0.00405	1	1.45898	0.81042	0	
1257572	8481.82910	3305617885564	0.50505	0.35891	8481.78223	0.04688	11529	1	0.52904	0.30930	1	0.46472	0.42930	1	0.49688	0.36930	1	0.48529	0.53063	11.99786	1.07515	1	0.74759	0.55723	12.56969	1.06647	1	-0.00362	-0.00890	0.69027	0.00237	1	0.06421	-0.01370	0.67644	0.00410	1	1.45898	0.81042	0	
1257573	8481.83594	3305617950938	0.50396	0.35439	8481.78223	0.05371	11529	1	0.51063	0.30179	1	0.48000	0.33458	1	0.49531	0.31819	1	0.48527	0.53230	11.03038	1.06647	1	0.74755	0.55641	12.87975	1.06647	1	-0.00362	-0.00890	0.69027	0.00405	1	0.06421	-0.01370	0.67644	0.00411	1	1.45898	0.81042	0	
1257574	8481.84277	3305618019925	0.50169	0.35147	8481.78223	0.06055	11529	1	0.50126	0.28975	1	0.46119	0.36065	1	0.48122	0.32520	1	0.48518	0.53171	10.98120	1.06647	1	0.74767	0.55683	12.67520	1.06647	1	-0.00362	-0.00890	0.69027	0.00385	1	0.06421	-0.01370	0.67644	0.00403	1	1.45898	0.81042	0	
1257575	8481.84863	3305618085965	0.49983	0.34908	8481.78223	0.06641	11529	1	0.50126	0.28975	1	0.46119	0.36065	1	0.48122	0.32520	1	0.48515	0.53044	11.52532	1.06647	1	0.74784	0.55629	12.05458	1.06647	1	-0.00346	-0.00876	0.67882	0.00236	1	0.06421	-0.01370	0.67644	0.00417	1	1.45898	0.81042	0	
1257576	8481.85547	3305618154313	0.49859	0.34151	8481.78223	0.07324	11529	1	0.49856	0.19170	1	0.47135	0.32480	1	0.48496	0.25825	1	0.48520	0.53040	11.53609	1.06647	1	0.74783	0.55639	12.39524	1.06647	1	-0.00346	-0.00876	0.67882	0.00246	1	0.06421	-0.01370	0.67644	0.00409	1	1.45898	0.81042	0	
1257577	8481.86230	3305618220268	0.49847	0.33391	8481.78223	0.08008	11529	1	0.49390	0.14756	1	0.50024	0.33789	1	0.49707	0.24272	1	0.48510	0.53049	11.53351	1.06647	1	0.74794	0.55635	12.34081	1.06647	1	-0.00346	-0.00876	0.67882	0.00242	1	0.06421	-0.01370	0.67644	0.00405	1	1.45898	0.81042	0	
1257578	8481.86914	3305618288622	0.49839	0.32715	8481.78223	0.08691	11529	1	0.49390	0.14756	1	0.50076	0.33084	1	0.49733	0.23920	1	0.48525	0.53241	11.08069	1.06647	1	0.74789	0.55673	12.11881	1.07515	1	-0.00362	-0.00890	0.69027	0.00394	1	0.06584	-0.01406	0.69413	0.00419	1	1.45898	0.81042	0	
1257579	8481.87598	3305618357200	0.49823	0.32906	8481.78223	0.09375	11529	1	0.51263	0.36482	1	0.47941	0.34688	1	0.49602	0.35585	1	0.48534	0.53294	11.03622	1.07515	1	0.74752	0.55677	12.85693	1.08383	1	-0.00362	-0.00890	0.69027	0.00373	1	0.06584	-0.01406	0.69413	0.00388	1	1.45898	0.81042	0	
1257580	8481.88281	3305618424189	0.49958	0.33110	8481.78223	0.10059	11529	1	0.54188	0.41213	1	0.49777	0.31136	1	0.51983	0.36174	1	0.48580	0.53340	11.80348	1.08383	1	0.74754	0.55636	12.66543	1.09251	1	-0.00362	-0.00890	0.69027	0.00377	1	0.06584	-0.01406	0.69413	0.00415	1	1.45898	0.81042	0	
1257581	8481.88965	3305618491939	0.50077	0.33251	8481.78223	0.10742	11529	1	0.54111	0.40598	1	0.49826	0.30427	1	0.51969	0.35513	1	0.48574	0.53336	11.80685	1.09251	1	0.74740	0.55617	13.00579	1.10119	1	-0.00362	-0.00890	0.69027	0.00380	1	0.06584	-0.01406	0.69413	0.00418	1	1.45898	0.81042	0	
1257582	8481.89648	3305618557922	0.50191	0.33425	8481.78223	0.11426	11529	1	0.55108	0.38248	1	0.49149	0.34495	1	0.52129	0.36372	1	0.48558	0.53304	11.79334	1.10119	1	0.74737	0.55695	13.24745	1.10119	1	-0.00362	-0.00890	0.69027	0.00397	1	0.06584	-0.01406	0.69413	0.00381	1	1.45898	0.81042	0	
1257583	8481.90332	3305618624846	0.50210	0.32844	8481.78223	0.12109	11529	1	0.50963	0.15112	1	0.50139	0.29679	1	0.50551	0.22396	1	0.48511	0.53045	11.65495	1.10119	1	0.74746	0.55626	13.07067	1.10119	1	-0.00362	-0.00890	0.69027	0.00244	1	0.06584	-0.01406	0.69413	0.00414	1	1.45898	0.81042	0	
1257584	8481.91016	3305618691954	0.50224	0.32356	8481.78223	0.12793	11529	1	0.50963	0.15112	1	0.50043	0.31025	1	0.50503	0.23069	1	0.48515	0.53189	12.09429	1.10119	1	0.74736	0.55639	12.99166	1.08485	1	-0.00362	-0.00890	0.69027	0.00405	1	0.06223	-0.01331	0.65710	0.00409	1	1.45898	0.81042	0	
1257585	8481.91602	3305618758881	0.50243	0.32500	8481.78223	0.13379	11529	1	0.51987	0.38051	1	0.49241	0.32744	1	0.50614	0.35398	1	0.48508	0.53336	12.67333	1.08485	1	0.74737	0.55640	12.96283	1.06851	1	-0.00362	-0.00890	0.69027	0.00372	1	0.06223	-0.01331	0.65710	0.00406	1	1.45898	0.81042	0	
1257586	8481.92285	3305618825829	0.50328	0.32510	8481.78223	0.14062	11529	1	0.54417	0.34582	1	0.49810	0.30863	1	0.52114	0.32722	1	0.48504	0.53316	12.28932	1.06851	1	0.74746	0.55603	12.87803	1.05217	1	-0.00362	-0.00890	0.69027	0.00377	1	0.06223	-0.01331	0.65710	0.00420	1	1.45898	0.81042	0	
1257587	8481.92969	3305618891203	0.50407	0.32563	8481.78223	0.14746	11529	1	0.54561	0.35856	1	0.49759	0.31601	1	0.52160	0.33728	1	0.48501	0.53281	12.03495	1.05217	1	0.74721	0.55708	12.49912	1.04349	1	-0.00362	-0.00890	0.69027	0.00382	1	0.06649	-0.01423	0.70259	0.00385	1	1.45898	0.81042	0	
1257588	8481.93652	3305618960269	0.50444	0.32471	8481.78223	0.15430	11529	1	0.53187	0.27322	1	0.49404	0.33368	1	0.51295	0.30345	1	0.48493	0.53206	11.85997	1.04349	1	0.74740	0.55627	12.78344	1.05115	1	-0.00362	-0.00890	0.69027	0.00406	1	0.06649	-0.01423	0.70259	0.00444	1	1.45898	0.81042	0	
1257589	8481.94336	3305619027866	0.50443	0.32435	8481.78223	0.16113	11529	1	0.52697	0.23244	1	0.48117	0.39883	1	0.50407	0.31564	1	0.48488	0.53149	11.82892	1.05115	1	0.74719	0.55721	12.55002	1.05881	1	-0.00362	-0.00890	0.69027	0.00427	1	0.06649	-0.01423	0.70259	0.00393	1	1.45898	0.81042	0	
1257590	8481.95020	3305619092751	0.50441	0.32377	8481.78223	0.16797	11529	1	0.52618	0.22553	1	0.48150	0.39302	1	0.50384	0.30928	1	0.48472	0.53280	11.62706	1.05881	1	0.74692	0.55683	12.82296	1.06647	1	-0.00362	-0.00890	0.69027	0.00394	1	0.06649	-0.01423	0.70259	0.00386	1	1.45898	0.81042	0	
1257591	8481.95703	3305619160820	0.50431	0.32431	8481.78223	0.17480	11529	1	0.53399	0.34150	1	0.46960	0.33531	1	0.50180	0.33840	1	0.48493	0.53307	11.89246	1.06647	1	0.74698	0.55656	12.60673	1.06647	1	-0.00362	-0.00890	0.69027	0.00380	1	0.06649	-0.01423	0.70259	0.00395	1	1.45898	0.81042	0	
1257592	8481.96289	3305619227502	0.50427	0.32411	8481.78223	0.18066	11529	1	0.51770	0.27430	1	0.48876	0.36299	1	0.50323	0.31865	1	0.48478	0.53257	11.73577	1.06647	1	0.74690	0.55674	12.72137	1.06647	1	-0.00362	-0.00890	0.69027	0.00400	1	0.06649	-0.01423	0.70259	0.00388	1	1.45898	0.81042	0	
1257593	8481.96973	3305619295856	0.50423	0.32366	8481.78223	0.18750	11529	1	0.51670	0.26658	1	0.48921	0.35584	1	0.50296	0.31121	1	0.48488	0.53283	11.39647	1.07555	1	0.74668	0.55683	13.30288	1.07555	1	-0.00387	-0.00911	0.70649	0.00386	1	0.06649	-0.01423	0.70259	0.00386	1	1.45898	0.81042	0	
1257594	8481.97656	3305619363024	0.50398	0.32279	8481.78223	0.19434	11529	1	0.51670	0.26658	0	0.49681	0.29735	1	0.49681	0.29735	1	0.48488	0.53283	11.39647	1.08464	0	0.74665	0.55627	13.06057	1.08464	1	-0.00387	-0.00911	0.70649	0.00386	1	0.06649	-0.01423	0.70259	0.00412	1	1.45898	0.81042	0	
1257595	8481.98340	3305619429862	0.50398	0.32279	8481.78223	0.20117	11529	1	0.51670	0.26658	0	0.49681	0.29735	0	0.49681	0.29735	0	0.48488	0.53283	11.39647	1.09372	0	0.74665	0.55627	13.06057	1.09372	0	-0.00387	-0.00911	0.70649	0.00386	1	0.06649	-0.01423	0.70259	0.00412	1	1.45898	0.81042	0	
1257596	8481.99023	3305619495668	0.50398	0.32279	8481.78223	0.20801	11529	1	0.51670	0.26658	0	0.49681	0.29735	0	0.49681	0.29735	0	0.48488	0.53283	11.39647	1.10281	0	0.74665	0.55627	13.06057	1.10281	0	-0.00387	-0.00911	0.70649	0.00386	1	0.06649	-0.01423	0.70259	0.00412	1	1.45898	0.81042	0	
1257597	8481.99707	3305619562724	0.50398	0.32279	8481.78223	0.21484	11529	1	0.51670	0.26658	0	0.49681	0.29735	0	0.49681	0.29735	0	0.48488	0.53283	11.39647	1.10281	0	0.74665	0.55627	13.06057	1.10281	0	-0.00387	-0.00911	0.70649	0.00386	1	0.06649	-0.01423	0.70259	0.00412	1	1.45898	0.81042	0	
1257598	8482.00391	3305619629622	0.50350	0.32304	8481.78223	0.22168	11529	1	0.51670	0.26658	0	0.48921	0.33073	1	0.48921	0.33073	1	0.48488	0.53283	11.39647	1.10281	0	0.74656	0.55680	13.20033	1.10281	1	-0.00387	-0.00911	0.70649	0.00386	1	0.06649	-0.01423	0.70259	0.00384	1	1.45898	0.81042	0	
1257599	8482.00977	3305619695640	0.50350	0.32304	8481.78223	0.22754	11529	1	0.51670	0.26658	0	0.48921	0.33073	0	0.48921	0.33073	0	0.48488	0.53283	11.39647	1.10281	0	0.74656	0.55680	13.20033	1.10281	0	-0.00387	-0.00911	0.70649	0.00386	1	0.06649	-0.01423	0.70259	0.00384	1	1.45898	0.81042	0	
1257600	8482.01660	3305619763871	0.50350	0.32304	8481.78223	0.23438	11529	1	0.51670	0.26658	0	0.48921	0.33073	0	0.48921	0.33073	0	0.48488	0.53283	11.39647	1.10281	0	0.74656	0.55680	13.20033	1.10281	0	-0.00387	-0.00911	0.70649	0.00386	1	0.06649	-0.01423	0.70259	0.00384	1	1.45898	0.81042	0	
1257601	8482.02344	3305619830649	0.50306	0.32298	8481.78223	0.24121	11529	1	0.51670	0.26658	0	0.48929	0.32103	1	0.48929	0.32103	1	0.48488	0.53283	11.39647	1.10281	0	0.74662	0.55668	13.33304	1.10281	1	-0.00387	-0.00911	0.70649	0.00386	1	0.06649	-0.01423	0.70259	0.00383	1	1.45898	0.81042	0	
1257602	8482.03027	3305619897656	0.50306	0.32298	8481.78223	0.24805	11529	1	0.51670	0.26658	0	0.48929	0.32103	0	0.48929	0.32103	0	0.48488	0.53283	11.39647	1.10281	0	0.74662	0.55668	13.33304	1.10281	0	-0.00387	-0.00911	0.70649	0.00386	1	0.06649	-0.01423	0.70259	0.00383	1	1.45898	0.81042	0	
1257603	8482.03711	3305619964529	0.50306	0.32298	8481.78223	0.25488	11529	1	0.51670	0.26658	0	0.48929	0.32103	0	0.48929	0.32103	0	0.48488	0.53283	11.39647	1.10281	0	0.74662	0.55668	13.33304	1.10281	0	-0.00387	-0.00911	0.70649	0.00386	1	0.06649	-0.01423	0.70259	0.00383	1	1.45898	0.81042	0	
1257604	8482.04297	3305620024691	0.50306	0.32298	8481.78223	0.26074	11529	1	0.51670	0.26658	0	0.48929	0.32103	0	0.48929	0.32103	0	0.48488	0.53283	11.39647	1.10281	0	0.74662	0.55668	13.33304	1.10281	0	-0.00387	-0.00911	0.70649	0.00386	1	0.06649	-0.01423	0.70259	0.00383	1	1.45898	0.81042	0	
1257605	8482.04980	3305620095145	0.50442	0.32202	8481.78223	0.26074	11529	0	0.51670	0.26658	0	0.48929	0.32103	0	0.48929	0.32103	0	0.48488	0.53283	11.39647	1.10281	0	0.74662	0.55668	13.33304	1.10281	0	-0.00387	-0.00911	0.70649	0.00386	1	0.06649	-0.01423	0.70259	0.00383	1	1.45898	0.81042	0	
1257606	8482.05664	3305620165179	0.50442	0.32202	8481.78223	0.26074	11529	0	0.51670	0.26658	0	0.48929	0.32103	0	0.48929	0.32103	0	0.48488	0.53283	11.39647	1.10281	0	0.74662	0.55668	13.33304	1.10281	0	-0.00387	-0.00911	0.70649	0.00386	1	0.06649	-0.01423	0.70259	0.00383	1	1.45898	0.81042	0	
1257607	8482.06348	3305620232621	0.49547	0.33646	8481.78223	0.26074	11529	0	0.51670	0.26658	0	0.48653	0.35091	1	0.48653	0.35091	1	0.48488	0.53283	11.39647	1.10281	0	0.74655	0.55690	13.27800	1.10281	1	-0.00387	-0.00911	0.70649	0.00386	1	0.06649	-0.01423	0.70259	0.00384	1	1.45898	0.81042	0	
1257608	8482.07031	3305620299599	0.49547	0.33646	8482.04980	0.02051	11530	1	0.51670	0.26658	0	0.48653	0.35091	0	0.48653	0.35091	0	0.48488	0.53283	11.39647	1.10281	0	0.74655	0.55690	13.27800	1.10281	0	-0.00387	-0.00911	0.70649	0.00386	1	0.06649	-0.01423	0.70259	0.00384	1	1.45898	0.81042	0	
1257609	8482.07715	3305620366530	0.49547	0.33646	8482.04980	0.02734	11530	1	0.51670	0.26658	0	0.48653	0.35091	0	0.48653	0.35091	0	0.48488	0.53283	11.39647	1.10281	0	0.74655	0.55690	13.27800	1.10281	0	-0.00387	-0.00911	0.70649	0.00386	1	0.06649	-0.01423	0.70259	0.00384	1	1.45898	0.81042	0	
1257610	8482.08398	3305620433416	0.49547	0.33646	8482.04980	0.03418	11530	1	0.51670	0.26658	0	0.48653	0.35091	0	0.48653	0.35091	0	0.48488	0.53283	11.39647	1.10281	0	0.74655	0.55690	13.27800	1.10281	0	-0.00387	-0.00911	0.70649	0.00386	1	0.06649	-0.01423	0.70259	0.00384	1	1.45898	0.81042	0	
1257611	8482.09082	3305620500454	0.48653	0.35091	8482.04980	0.03418	11530	0	0.51670	0.26658	0	0.48653	0.35091	0	0.48653	0.35091	0	0.48488	0.53283	11.39647	1.10281	0	0.74655	0.55690	13.27800	1.10281	0	-0.00387	-0.00911	0.70649	0.00386	1	0.06649	-0.01423	0.70259	0.00384	1	1.45898	0.81042	0	
1257612	8482.09766	3305620567252	0.48653	0.35091	8482.04980	0.03418	11530	0	0.51670	0.26658	0	0.48653	0.35091	0	0.48653	0.35091	0	0.48488	0.53283	11.39647	1.10281	0	0.74655	0.55690	13.27800	1.10281	0	-0.00387	-0.00911	0.70649	0.00386	1	0.06649	-0.01423	0.70259	0.00384	1	1.45898	0.81042	0	
1257613	8482.10352	3305620634201	0.48653	0.35091	8482.04980	0.03418	11530	0	0.51670	0.26658	0	0.48653	0.35091	0	0.48653	0.35091	0	0.48488	0.53283	11.39647	1.10281	0	0.74655	0.55690	13.27800	1.10281	0	-0.00387	-0.00911	0.70649	0.00386	1	0.06649	-0.01423	0.70259	0.00384	1	1.45898	0.81042	0	
1257614	8482.11035	3305620701331	0.00000	0.00000	8482.04980	0.03418	11530	0	0.51670	0.26658	0	0.48653	0.35091	0	0.48653	0.35091	0	0.48488	0.53283	11.39647	1.10281	0	0.74655	0.55690	13.27800	1.10281	0	-0.00387	-0.00911	0.70649	0.00386	1	0.06649	-0.01423	0.70259	0.00384	1	1.45898	0.81042	0	
1257615	8482.11719	3305620766997	0.00000	0.00000	8482.04980	0.03418	11530	0	0.51670	0.26658	0	0.48653	0.35091	0	0.48653	0.35091	0	0.48488	0.53283	11.39647	1.10281	0	0.74655	0.55690	13.27800	1.10281	0	-0.00387	-0.00911	0.70649	0.00386	1	0.06649	-0.01423	0.70259	0.00384	1	1.45898	0.81042	0	
1257616	8482.12402	3305620835066	0.00000	0.00000	8482.04980	0.03418	11530	0	0.51670	0.26658	0	0.48653	0.35091	0	0.48653	0.35091	0	0.48488	0.53283	11.39647	1.10281	0	0.74655	0.55690	13.27800	1.10281	0	-0.00387	-0.00911	0.70649	0.00386	1	0.06649	-0.01423	0.70259	0.00384	1	1.45898	0.81042	0	
1257617	8482.13086	3305620902212	0.50024	0.30749	8482.04980	0.03418	11530	0	0.51473	0.25114	1	0.48576	0.36384	1	0.50024	0.30749	1	0.48407	0.53303	12.03371	1.09372	1	0.74638	0.55646	12.04394	1.08607	1	-0.00380	-0.00904	0.68504	0.00381	1	0.06175	-0.01325	0.65418	0.00405	1	1.45898	0.81042	0	
1257618	8482.13770	3305620968969	0.50285	0.31141	8482.04980	0.03418	11530	0	0.53641	0.28001	1	0.47451	0.35065	1	0.50546	0.31533	1	0.48459	0.53278	11.03326	1.07698	1	0.74634	0.55677	12.12442	1.06932	1	-0.00380	-0.00904	0.68504	0.00378	1	0.06175	-0.01325	0.65418	0.00390	1	1.45898	0.81042	0	
1257619	8482.14355	3305621035363	0.49921	0.31187	8482.04980	0.03418	11530	0	0.50628	0.27542	1	0.47754	0.35013	1	0.49191	0.31278	1	0.48420	0.53264	11.69047	1.06024	1	0.74636	0.55645	12.36853	1.05258	1	-0.00380	-0.00904	0.68504	0.00381	1	0.06175	-0.01325	0.65418	0.00402	1	1.45898	0.81042	0	
1257620	8482.15039	3305621101321	0.49755	0.31557	8482.13086	0.01953	11531	1	0.50828	0.28973	1	0.47688	0.36368	1	0.49258	0.32670	1	0.48426	0.53286	11.60330	1.04349	1	0.74625	0.55652	12.30285	1.03583	1	-0.00380	-0.00904	0.68504	0.00381	1	0.06175	-0.01325	0.65418	0.00407	1	1.45898	0.81042	0	
1257621	8482.15723	3305621167202	0.49693	0.32592	8482.13086	0.02637	11531	1	0.52073	0.34771	1	0.46815	0.38692	1	0.49444	0.36732	1	0.48431	0.53317	11.84056	1.03583	1	0.74626	0.55679	12.37079	1.03583	1	-0.00380	-0.00904	0.68504	0.00374	1	0.06175	-0.01325	0.65418	0.00394	1	1.45898	0.81042	0	
1257622	8482.16406	3305621235389	0.49559	0.31949	8482.13086	0.03320	11531	1	0.50992	0.18849	1	0.46785	0.38621	1	0.48889	0.28735	1	0.48415	0.53112	11.64660	1.03583	1	0.74623	0.55685	12.37545	1.03583	1	-0.00380	-0.00904	0.68504	0.00237	1	0.06175	-0.01325	0.65418	0.00390	1	1.45898	0.81042	0	
1257623	8482.17090	3305621301242	0.49463	0.31490	8482.13086	0.04004	11531	1	0.50992	0.18849	1	0.46785	0.38621	1	0.48889	0.28735	1	0.48463	0.53313	11.23378	1.03583	1	0.74635	0.55668	12.09334	1.03583	1	-0.00380	-0.00904	0.68504	0.00367	1	0.06175	-0.01325	0.65418	0.00394	1	1.45898	0.81042	0	
1257624	8482.17773	3305621368066	0.49530	0.32191	8482.13086	0.04688	11531	1	0.51774	0.37790	1	0.48228	0.36396	1	0.50001	0.37093	1	0.48455	0.53313	11.13311	1.03583	1	0.74645	0.55659	12.16095	1.03583	1	-0.00380	-0.00904	0.68504	0.00377	1	0.06175	-0.01325	0.65418	0.00400	1	1.45898	0.81042	0	
1257625	8482.18457	3305621438872	0.49563	0.32666	8482.13086	0.05371	11531	1	0.51843	0.34486	1	0.47803	0.38453	1	0.49823	0.36469	1	0.48463	0.53293	11.17976	1.03583	1	0.74638	0.55669	12.01029	1.03583	1	-0.00380	-0.00904	0.68504	0.00381	1	0.06175	-0.01325	0.65418	0.00396	1	1.45898	0.81042	0	
1257626	8482.19043	3305621502834	0.49590	0.33016	8482.13086	0.05957	11531	1	0.51843	0.34486	1	0.47834	0.37849	1	0.49839	0.36167	1	0.48475	0.53311	11.64100	1.03583	1	0.74646	0.55712	12.77541	1.04349	1	-0.00382	-0.00903	0.68776	0.00383	1	0.06424	-0.01377	0.68000	0.00401	1	1.45898	0.81042	0	
1257627	8482.19727	3305621569621	0.49627	0.33605	8482.13086	0.06641	11531	1	0.53420	0.39673	1	0.46558	0.39313	1	0.49989	0.39493	1	0.48494	0.53353	11.87435	1.04349	1	0.74620	0.55709	12.22437	1.05115	1	-0.00382	-0.00903	0.68776	0.00395	1	0.06424	-0.01377	0.68000	0.00405	1	1.45898	0.81042	0	
1257628	8482.20410	3305621634371	0.49632	0.34195	8482.13086	0.07324	11531	1	0.53760	0.39303	1	0.45621	0.42079	1	0.49691	0.40691	1	0.48499	0.53383	12.05220	1.05115	1	0.74608	0.55735	12.17379	1.05881	1	-0.00382	-0.00903	0.68776	0.00368	1	0.06424	-0.01377	0.68000	0.00421	1	1.45898	0.81042	0	
1257629	8482.21094	3305621704882	0.49636	0.34719	8482.13086	0.08008	11531	1	0.53764	0.39330	1	0.45605	0.42669	1	0.49684	0.40999	1	0.48469	0.53368	11.39627	1.05079	1	0.74656	0.55733	12.76456	1.05079	1	-0.00364	-0.00877	0.66428	0.00366	1	0.06219	-0.01332	0.65772	0.00408	1	1.45898	0.81042	0	
1257630	8482.21777	3305621773060	0.49586	0.35254	8482.13086	0.08691	11531	1	0.52774	0.41436	1	0.45090	0.42974	1	0.48932	0.42205	1	0.48471	0.53384	12.34006	1.04278	1	0.74645	0.55729	13.06013	1.03512	1	-0.00364	-0.00877	0.66428	0.00364	1	0.06219	-0.01332	0.65772	0.00410	1	1.45898	0.81042	0	
1257631	8482.22461	3305621839127	0.49648	0.35786	8482.13086	0.09375	11531	1	0.55190	0.42996	1	0.45850	0.43494	1	0.50520	0.43245	1	0.48511	0.53398	12.53667	1.02710	1	0.74682	0.55736	12.44749	1.01944	1	-0.00364	-0.00877	0.66428	0.00357	1	0.06219	-0.01332	0.65772	0.00407	1	1.45898	0.81042	0	
1257632	8482.23047	3305621904191	0.49703	0.36228	8482.13086	0.09961	11531	1	0.55178	0.42892	1	0.45871	0.42812	1	0.50525	0.42852	1	0.48450	0.53110	11.43149	1.02853	1	0.74689	0.55694	12.48528	1.02853	1	-0.00370	-0.00902	0.69540	0.00244	1	0.06649	-0.01423	0.70259	0.00415	1	1.45898	0.81042	0	
1257633	8482.23730	3305621971500	0.49666	0.35857	8482.13086	0.10645	11531	1	0.51547	0.18084	1	0.46602	0.41742	1	0.49075	0.29913	1	0.48473	0.53114	11.60939	1.04563	1	0.74699	0.55730	12.77342	1.05329	1	-0.00370	-0.00902	0.69540	0.00236	1	0.06649	-0.01423	0.70259	0.00424	1	1.45898	0.81042	0	
1257634	8482.24414	3305622036751	0.49739	0.35889	8482.13086	0.11328	11531	1	0.54033	0.37454	1	0.47924	0.35429	1	0.50978	0.36442	1	0.48501	0.53373	11.86518	1.07039	1	0.74714	0.55675	12.10337	1.07805	1	-0.00370	-0.00902	0.69540	0.00368	1	0.06649	-0.01423	0.70259	0.00435	1	1.45898	0.81042	0	
1257635	8482.25098	3305622107431	0.50000	0.38401	8482.13086	0.11328	11531	0	0.53891	0.36276	1	0.47987	0.34197	1	0.50939	0.35236	1	0.48486	0.53364	11.55363	1.08607	1	0.74702	0.55719	12.26843	1.09372	1	-0.00362	-0.00901	0.69027	0.00375	1	0.06649	-0.01423	0.70259	0.00414	1	1.45898	0.81042	0	
1257636	8482.25781	3305622171708	0.49649	0.37952	8482.13086	0.11328	11531	0	0.53357	0.34817	1	0.45241	0.40191	1	0.49299	0.37504	1	0.48491	0.53383	11.98975	1.08464	1	0.74685	0.55746	13.04651	1.08464	1	-0.00362	-0.00901	0.69027	0.00373	1	0.06649	-0.01423	0.70259	0.00390	1	1.45898	0.81042	0	
1257637	8482.26465	3305622237975	0.49444	0.38359	8482.13086	0.11328	11531	0	0.52841	0.37484	1	0.45226	0.40859	1	0.49033	0.39171	1	0.48473	0.53374	11.51648	1.07555	1	0.74685	0.55746	13.04651	1.07555	1	-0.00362	-0.00901	0.69027	0.00382	1	0.06649	-0.01423	0.70259	0.00390	1	1.45898	0.81042	0	
1257638	8482.27051	3305622304784	0.49351	0.38730	8482.25098	0.01953	11532	1	0.52932	0.38164	1	0.45212	0.41528	1	0.49072	0.39846	1	0.48480	0.53100	11.69303	1.06647	1	0.74713	0.55724	12.41998	1.06647	1	-0.00362	-0.00901	0.69027	0.00235	1	0.06649	-0.01423	0.70259	0.00396	1	1.45898	0.81042	0	
1257639	8482.27832	3305622374145	0.49221	0.36604	8482.25098	0.02734	11532	1	0.49913	0.15348	1	0.47495	0.40844	1	0.48704	0.28096	1	0.48490	0.53100	11.78444	1.06647	1	0.74718	0.55730	12.10162	1.06647	1	-0.00362	-0.00901	0.69027	0.00241	1	0.06649	-0.01423	0.70259	0.00414	1	1.45898	0.81042	0	
1257640	8482.28418	3305622438799	0.49298	0.37285	8482.25098	0.03320	11532	1	0.52422	0.38354	1	0.46937	0.43034	1	0.49680	0.40694	1	0.48473	0.53366	11.48590	1.06647	1	0.74703	0.55747	12.26664	1.06647	1	-0.00362	-0.00901	0.69027	0.00383	1	0.06649	-0.01423	0.70259	0.00411	1	1.45898	0.81042	0	
1257641	8482.29102	3305622509293	0.49352	0.37772	8482.25098	0.04004	11532	1	0.52422	0.38354	1	0.46937	0.43034	1	0.49680	0.40694	1	0.48473	0.53373	11.47397	1.06647	1	0.74705	0.55704	12.23080	1.06647	1	-0.00362	-0.00901	0.69027	0.00383	1	0.06649	-0.01423	0.70259	0.00400	1	1.45898	0.81042	0	
1257642	8482.29785	3305622576850	0.49317	0.36279	8482.25098	0.04688	11532	1	0.51360	0.15171	1	0.46782	0.36485	1	0.49071	0.25828	1	0.48478	0.53098	11.66271	1.06647	1	0.74699	0.55694	12.45826	1.06647	1	-0.00362	-0.00901	0.69027	0.00234	1	0.06649	-0.01423	0.70259	0.00380	1	1.45898	0.81042	0	
1257643	8482.30469	3305622643508	0.49295	0.35032	8482.25098	0.05371	11532	1	0.52069	0.15187	1	0.46170	0.34917	1	0.49120	0.25052	1	0.48477	0.53098	11.64487	1.06647	1	0.74689	0.55720	12.33909	1.06647	1	-0.00362	-0.00901	0.69027	0.00235	1	0.06649	-0.01423	0.70259	0.00406	1	1.45898	0.81042	0	
1257644	8482.31152	3305622711193	0.49278	0.34034	8482.25098	0.06055	11532	1	0.52069	0.15187	1	0.46170	0.34917	1	0.49120	0.25052	1	0.48470	0.53102	11.37868	1.06647	1	0.74696	0.55734	12.24692	1.06647	1	-0.00353	-0.00882	0.67175	0.00233	1	0.06649	-0.01423	0.70259	0.00403	1	1.45898	0.81042	0	
1257645	8482.31836	3305622777898	0.49374	0.34402	8482.25098	0.06738	11532	1	0.54103	0.38088	1	0.46562	0.38070	1	0.50332	0.38079	1	0.48501	0.53373	11.65643	1.06647	1	0.74699	0.55751	12.16123	1.06647	1	-0.00353	-0.00882	0.67175	0.00377	1	0.06649	-0.01423	0.70259	0.00402	1	1.45898	0.81042	0	
1257646	8482.32520	3305622844492	0.49395	0.33713	8482.25098	0.07422	11532	1	0.50370	0.14602	1	0.48900	0.37684	1	0.49635	0.26143	1	0.48472	0.53100	11.34988	1.06647	1	0.74696	0.55754	12.14489	1.06647	1	-0.00353	-0.00882	0.67175	0.00232	1	0.06649	-0.01423	0.70259	0.00400	1	1.45898	0.81042	0	
1257647	8482.33203	3305622911660	0.49411	0.33070	8482.25098	0.08105	11532	1	0.50261	0.13720	1	0.48945	0.36980	1	0.49603	0.25350	1	0.48470	0.53100	11.29703	1.07555	1	0.74648	0.55760	12.11678	1.07555	1	-0.00364	-0.00896	0.68289	0.00234	1	0.06649	-0.01428	0.70259	0.00391	1	1.45898	0.81042	0	
1257648	8482.33789	3305622978307	0.49532	0.33344	8482.25098	0.08691	11532	1	0.52442	0.39992	1	0.49757	0.33817	1	0.51100	0.36905	1	0.48478	0.53395	12.04839	1.08464	1	0.74668	0.55765	12.60535	1.08464	1	-0.00364	-0.00896	0.68289	0.00359	1	0.06649	-0.01428	0.70259	0.00389	1	1.45898	0.81042	0	
1257649	8482.34473	3305623045325	0.49489	0.32684	8482.25098	0.09375	11532	1	0.49373	0.11704	1	0.48404	0.35200	1	0.48888	0.23452	1	0.48454	0.53100	11.30947	1.09372	1	0.74647	0.55780	12.33721	1.09372	1	-0.00364	-0.00896	0.68289	0.00230	1	0.06649	-0.01428	0.70259	0.00388	1	1.45898	0.81042	0	
1257650	8482.35156	3305623113126	0.49450	0.32126	8482.25098	0.10059	11532	1	0.49373	0.11704	1	0.48370	0.35795	1	0.48872	0.23750	1	0.48442	0.53123	11.53507	1.09372	1	0.74621	0.55788	12.39805	1.08607	1	-0.00380	-0.00904	0.68504	0.00229	1	0.06175	-0.01325	0.65418	0.00382	1	1.45898	0.81042	0	
1257651	8482.35840	3305623179581	0.49397	0.31886	8482.25098	0.10742	11532	1	0.49241	0.15607	1	0.47850	0.40494	1	0.48546	0.28051	1	0.48436	0.53119	11.65382	1.07698	1	0.74636	0.55775	11.96171	1.06932	1	-0.00380	-0.00904	0.68504	0.00231	1	0.06175	-0.01325	0.65418	0.00381	1	1.45898	0.81042	0	
1257652	8482.36523	3305623246765	0.49441	0.28931	8482.25098	0.10742	11532	0	0.51409	0.17047	1	0.47253	0.40595	1	0.49331	0.28821	1	0.48435	0.53119	11.20592	1.06024	1	0.74632	0.55769	12.42054	1.05258	1	-0.00380	-0.00904	0.68504	0.00234	1	0.06175	-0.01325	0.65418	0.00381	1	1.45898	0.81042	0	
1257653	8482.37207	3305623313626	0.48318	0.35396	8482.25098	0.10742	11532	0	0.51409	0.17047	0	0.47195	0.41861	1	0.47195	0.41861	1	0.48435	0.53119	11.20592	1.04349	0	0.74630	0.55754	12.37150	1.03583	1	-0.00380	-0.00904	0.68504	0.00234	1	0.06175	-0.01325	0.65418	0.00377	1	1.45898	0.81042	0	
1257654	8482.37891	3305623380648	0.48318	0.35396	8482.25098	0.10742	11532	0	0.51409	0.17047	0	0.47195	0.41861	0	0.47195	0.41861	0	0.48435	0.53119	11.20592	1.03583	0	0.74630	0.55754	12.37150	1.03583	0	-0.00380	-0.00904	0.68504	0.00234	1	0.06175	-0.01325	0.65418	0.00377	1	1.45898	0.81042	0	
1257655	8482.38477	3305623447186	0.47195	0.41861	8482.25098	0.10742	11532	0	0.51409	0.17047	0	0.47195	0.41861	0	0.47195	0.41861	0	0.48435	0.53119	11.20592	1.03583	0	0.74630	0.55754	12.37150	1.03583	0	-0.00380	-0.00904	0.68504	0.00234	1	0.06175	-0.01325	0.65418	0.00377	1	1.45898	0.81042	0	
1257656	8482.39160	3305623514381	0.47195	0.41861	8482.25098	0.10742	11532	0	0.51409	0.17047	0	0.47195	0.41861	0	0.47195	0.41861	0	0.48435	0.53119	11.20592	1.03583	0	0.74630	0.55754	12.37150	1.03583	0	-0.00380	-0.00904	0.68504	0.00234	1	0.06175	-0.01325	0.65418	0.00377	1	1.45898	0.81042	0	
1257657	8482.39844	3305623581576	0.47195	0.41861	8482.25098	0.10742	11532	0	0.51409	0.17047	0	0.47195	0.41861	0	0.47195	0.41861	0	0.48435	0.53119	11.20592	1.03583	0	0.74630	0.55754	12.37150	1.03583	0	-0.00380	-0.00904	0.68504	0.00234	1	0.06175	-0.01325	0.65418	0.00377	1	1.45898	0.81042	0	
1257658	8482.40527	3305623648909	0.00000	0.00000	8482.25098	0.10742	11532	0	0.51409	0.17047	0	0.47195	0.41861	0	0.47195	0.41861	0	0.48435	0.53119	11.20592	1.03583	0	0.74630	0.55754	12.37150	1.03583	0	-0.00380	-0.00904	0.68504	0.00234	1	0.06175	-0.01325	0.65418	0.00377	1	1.45898	0.81042	0	
1257659	8482.41211	3305623716206	0.00000	0.00000	8482.25098	0.10742	11532	0	0.51409	0.17047	0	0.47195	0.41861	0	0.47195	0.41861	0	0.48435	0.53119	11.20592	1.03583	0	0.74630	0.55754	12.37150	1.03583	0	-0.00380	-0.00904	0.68504	0.00234	1	0.06175	-0.01325	0.65418	0.00377	1	1.45898	0.81042	0	
1257660	8482.41895	3305623781143	0.00000	0.00000	8482.25098	0.10742	11532	0	0.51409	0.17047	0	0.47195	0.41861	0	0.47195	0.41861	0	0.48435	0.53119	11.20592	1.03583	0	0.74630	0.55754	12.37150	1.03583	0	-0.00380	-0.00904	0.68504	0.00234	1	0.06175	-0.01325	0.65418	0.00377	1	1.45898	0.81042	0	
1257661	8482.42578	3305623849679	0.00000	0.00000	8482.25098	0.10742	11532	0	0.51409	0.17047	0	0.47195	0.41861	0	0.47195	0.41861	0	0.48435	0.53119	11.20592	1.03583	0	0.74630	0.55754	12.37150	1.03583	0	-0.00380	-0.00904	0.68504	0.00234	1	0.06175	-0.01325	0.65418	0.00377	1	1.45898	0.81042	0	
1257662	8482.43262	3305623916470	0.00000	0.00000	8482.25098	0.10742	11532	0	0.51409	0.17047	0	0.47195	0.41861	0	0.47195	0.41861	0	0.48435	0.53119	11.20592	1.03583	0	0.74630	0.55754	12.37150	1.03583	0	-0.00380	-0.00904	0.68504	0.00234	1	0.06175	-0.01325	0.65418	0.00377	1	1.45898	0.81042	0	
1257663	8482.43848	3305623983379	0.25104	0.15493	8482.25098	0.10742	11532	0	0.50481	0.20699	1	0.49937	0.41274	1	0.50209	0.30986	1	0.48374	0.53141	11.55816	1.03583	1	0.74598	0.55770	12.79882	1.03583	1	-0.00380	-0.00904	0.68504	0.00236	1	0.06175	-0.01325	0.65418	0.00387	1	1.45898	0.81042	0	
1257664	8482.44531	3305624050489	0.50095	0.30489	8482.25098	0.10742	11532	0	0.50651	0.18466	1	0.49310	0.41518	1	0.49980	0.29992	1	0.48379	0.53149	11.21612	1.03583	1	0.74591	0.55761	12.52937	1.03583	1	-0.00380	-0.00904	0.68504	0.00235	1	0.06175	-0.01325	0.65418	0.00404	1	1.45898	0.81042	0	
1257665	8482.45215	3305624117563	0.50073	0.30275	8482.25098	0.10742	11532	0	0.50748	0.19237	1	0.49355	0.40885	1	0.50052	0.30061	1	0.48379	0.53149	11.21318	1.02781	1	0.74563	0.55713	11.79698	1.04415	1	-0.00381	-0.00870	0.65932	0.00235	1	0.06527	-0.01402	0.69244	0.00431	1	1.45898	0.81042	0	
1257666	8482.45898	3305624184843	0.49899	0.31239	8482.25098	0.10742	11532	0	0.51228	0.20640	1	0.47876	0.45695	1	0.49552	0.33168	1	0.48371	0.53138	11.70779	1.03614	1	0.74560	0.55779	12.09507	1.05248	1	-0.00381	-0.00870	0.65932	0.00234	1	0.06527	-0.01402	0.69244	0.00379	1	1.45898	0.81042	0	
1257667	8482.46582	3305624251407	0.49862	0.30210	8482.44531	0.02051	11533	1	0.49768	0.17167	1	0.49728	0.37076	1	0.49748	0.27122	1	0.48368	0.53152	11.28165	1.04446	1	0.74589	0.55793	13.11453	1.06080	1	-0.00381	-0.00870	0.65932	0.00240	1	0.06527	-0.01402	0.69244	0.00376	1	1.45898	0.81042	0	
1257668	8482.47266	3305624317206	0.49818	0.29434	8482.44531	0.02734	11533	1	0.49561	0.15586	1	0.49728	0.37076	1	0.49645	0.26331	1	0.48381	0.53384	11.95837	1.06080	1	0.74538	0.55775	12.24529	1.06080	1	-0.00399	-0.00901	0.68243	0.00351	1	0.06166	-0.01327	0.65522	0.00384	1	1.45898	0.81042	0	
1257669	8482.47949	3305624385474	0.49660	0.31418	8482.44531	0.03418	11533	1	0.51060	0.38126	1	0.46683	0.44542	1	0.48871	0.41334	1	0.48373	0.53367	11.56093	1.06882	1	0.74546	0.55771	12.15105	1.05248	1	-0.00399	-0.00901	0.68243	0.00350	1	0.06166	-0.01327	0.65522	0.00384	1	1.45898	0.81042	0	
1257670	8482.48535	3305624452748	0.49737	0.32519	8482.44531	0.04004	11533	1	0.51224	0.39872	1	0.49173	0.38383	1	0.50198	0.39127	1	0.48365	0.53366	11.31842	1.06049	1	0.74585	0.55731	11.33838	1.04415	1	-0.00399	-0.00901	0.68243	0.00345	1	0.06166	-0.01327	0.65522	0.00404	1	1.45898	0.81042	0	
1257671	8482.49219	3305624519356	0.49804	0.33463	8482.44531	0.04688	11533	1	0.51412	0.41076	1	0.49127	0.39064	1	0.50270	0.40070	1	0.48375	0.53352	11.44116	1.04415	1	0.74552	0.55757	12.02247	1.03547	1	-0.00381	-0.00870	0.65932	0.00357	1	0.06426	-0.01382	0.68228	0.00386	1	1.45898	0.81042	0	
1257672	8482.49902	3305624586420	0.49714	0.34111	8482.44531	0.05371	11533	1	0.51983	0.33610	1	0.46001	0.44974	1	0.48992	0.39292	1	0.48388	0.53272	11.04374	1.02746	1	0.74541	0.55755	12.29519	1.03512	1	-0.00381	-0.00870	0.65932	0.00406	1	0.06426	-0.01382	0.68228	0.00384	1	1.45898	0.81042	0	
1257673	8482.50586	3305624653322	0.49646	0.34572	8482.44531	0.06055	11533	1	0.51492	0.36638	1	0.46587	0.40806	1	0.49040	0.38722	1	0.48376	0.53314	11.40361	1.02710	1	0.74541	0.55765	12.37441	1.03476	1	-0.00381	-0.00870	0.65932	0.00371	1	0.06426	-0.01382	0.68228	0.00380	1	1.45898	0.81042	0	
1257674	8482.51270	3305624720344	0.49590	0.34978	8482.44531	0.06738	11533	1	0.51496	0.36666	1	0.46564	0.41421	1	0.49030	0.39043	1	0.48383	0.53293	11.23782	1.02674	1	0.74556	0.55750	12.08084	1.02674	1	-0.00381	-0.00870	0.65932	0.00378	1	0.06166	-0.01327	0.65522	0.00381	1	1.45898	0.81042	0	
1257675	8482.51953	3305624787457	0.49575	0.35539	8482.44531	0.07422	11533	1	0.51754	0.39676	1	0.47053	0.43738	1	0.49403	0.41707	1	0.48372	0.53360	11.27745	1.02674	1	0.74556	0.55740	12.01060	1.01908	1	-0.00381	-0.00870	0.65932	0.00377	1	0.06166	-0.01327	0.65522	0.00384	1	1.45898	0.81042	0	
1257676	8482.52539	3305624852860	0.49598	0.35847	8482.44531	0.08008	11533	1	0.52605	0.35893	1	0.47142	0.43201	1	0.49874	0.39547	1	0.48396	0.53353	11.39671	1.01908	1	0.74557	0.55763	12.10881	1.01142	1	-0.00381	-0.00870	0.65932	0.00402	1	0.06166	-0.01327	0.65522	0.00381	1	1.45898	0.81042	0	
1257677	8482.53320	3305624922709	0.49619	0.36154	8482.44531	0.08789	11533	1	0.52688	0.36510	1	0.47115	0.43783	1	0.49901	0.40147	1	0.48377	0.53329	11.09133	1.01142	1	0.74538	0.55761	11.99444	1.00376	1	-0.00381	-0.00870	0.65932	0.00390	1	0.06194	-0.01338	0.65822	0.00387	1	1.45898	0.81042	0	
1257678	8482.53906	3305624989217	0.49627	0.36499	8482.44531	0.09375	11533	1	0.52764	0.37926	1	0.46715	0.44713	1	0.49739	0.41319	1	0.48398	0.53309	11.84521	1.00376	1	0.74547	0.55780	12.41151	1.00376	1	-0.00381	-0.00870	0.65932	0.00375	1	0.06194	-0.01338	0.65822	0.00379	1	1.45898	0.81042	0	
1257679	8482.54590	3305625055225	0.49666	0.37001	8482.44531	0.10059	11533	1	0.53826	0.43901	1	0.46667	0.45160	1	0.50247	0.44530	1	0.48401	0.53385	12.12081	1.00376	1	0.74545	0.55771	12.35225	1.00376	1	-0.00381	-0.00870	0.65932	0.00355	1	0.06194	-0.01338	0.65822	0.00385	1	1.45898	0.81042	0	
1257680	8482.55273	3305625121775	0.49649	0.40731	8482.44531	0.10059	11533	0	0.53746	0.43310	1	0.46692	0.44561	1	0.50219	0.43935	1	0.48355	0.53143	11.65495	1.01178	1	0.74549	0.55784	12.39533	1.01178	1	-0.00392	-0.00889	0.66996	0.00245	1	0.06194	-0.01338	0.65822	0.00379	1	1.45898	0.81042	0	
1257681	8482.55957	3305625189090	0.48796	0.37420	8482.44531	0.10059	11533	0	0.49521	0.21938	1	0.46364	0.46280	1	0.47943	0.34109	1	0.48355	0.53143	11.65495	1.01980	1	0.74547	0.55789	12.33645	1.01980	1	-0.00392	-0.00889	0.66996	0.00245	1	0.06194	-0.01338	0.65822	0.00386	1	1.45898	0.81042	0	
1257682	8482.56641	3305625256754	0.48435	0.36193	8482.44531	0.10059	11533	0	0.49202	0.22232	1	0.46224	0.45243	1	0.47713	0.33738	1	0.48335	0.53139	11.72534	1.02781	1	0.74542	0.55789	12.35834	1.02781	1	-0.00392	-0.00889	0.66996	0.00232	1	0.06194	-0.01338	0.65822	0.00385	1	1.45898	0.81042	0	
1257683	8482.57324	3305625323516	0.48243	0.35412	8482.55273	0.02051	11534	1	0.49094	0.21483	1	0.46245	0.44660	1	0.47670	0.33071	1	0.48353	0.53134	11.50061	1.03583	1	0.74541	0.55779	12.27973	1.03583	1	-0.00399	-0.00901	0.68243	0.00230	1	0.06200	-0.01344	0.65889	0.00389	1	1.45898	0.81042	0	
1257684	8482.57910	3305625390483	0.48387	0.36223	8482.55273	0.02637	11534	1	0.51088	0.38497	1	0.46833	0.40436	1	0.48961	0.39467	1	0.48374	0.53390	11.81640	1.03583	1	0.74547	0.55759	11.87134	1.03583	1	-0.00399	-0.00901	0.68243	0.00351	1	0.06200	-0.01344	0.65889	0.00393	1	1.45898	0.81042	0	
1257685	8482.58594	3305625456736	0.48441	0.35404	8482.55273	0.03320	11534	1	0.49001	0.20794	1	0.48423	0.41823	1	0.48712	0.31308	1	0.48352	0.53139	11.62236	1.03583	1	0.74573	0.55772	12.23208	1.03583	1	-0.00399	-0.00901	0.68243	0.00244	1	0.06200	-0.01344	0.65889	0.00387	1	1.45898	0.81042	0	
1257686	8482.59277	3305625521794	0.48480	0.34819	8482.55273	0.04004	11534	1	0.49001	0.20794	1	0.48423	0.41823	1	0.48712	0.31308	1	0.48426	0.53382	12.33704	1.03583	1	0.74552	0.55762	12.29570	1.03583	1	-0.00399	-0.00901	0.68243	0.00360	1	0.06194	-0.01338	0.65822	0.00389	1	1.45898	0.81042	0	
1257687	8482.59961	3305625591062	0.48480	0.34383	8482.55273	0.04688	11534	1	0.50032	0.21521	1	0.46939	0.41145	1	0.48486	0.31333	1	0.48361	0.53140	11.33750	1.03583	1	0.74551	0.55772	12.29143	1.03583	1	-0.00399	-0.00901	0.68243	0.00244	1	0.06194	-0.01338	0.65822	0.00381	1	1.45898	0.81042	0	
1257688	8482.60645	3305625657959	0.48615	0.35048	8482.55273	0.05371	11534	1	0.50220	0.35576	1	0.49156	0.45152	1	0.49688	0.40364	1	0.48360	0.53307	11.68794	1.03583	1	0.74583	0.55751	12.22113	1.03583	1	-0.00399	-0.00901	0.68243	0.00369	1	0.06194	-0.01338	0.65822	0.00389	1	1.45898	0.81042	0	
1257689	8482.61328	3305625723644	0.48722	0.35579	8482.55273	0.06055	11534	1	0.50220	0.35576	1	0.49156	0.45152	1	0.49688	0.40364	1	0.48357	0.53132	11.90931	1.03583	1	0.74555	0.55727	11.93606	1.03583	1	-0.00399	-0.00901	0.68243	0.00242	1	0.06166	-0.01327	0.65522	0.00400	1	1.45898	0.81042	0	
1257690	8482.61914	3305625791015	0.48917	0.36278	8482.55273	0.06641	11534	1	0.53544	0.41384	1	0.48201	0.45149	1	0.50872	0.43266	1	0.48410	0.53385	12.43363	1.03583	1	0.74572	0.55742	11.94418	1.03583	1	-0.00399	-0.00901	0.68243	0.00359	1	0.06166	-0.01327	0.65522	0.00396	1	1.45898	0.81042	0	
1257691	8482.62695	3305625860414	0.49052	0.36663	8482.55273	0.07422	11534	1	0.53480	0.40348	1	0.47588	0.41450	1	0.50534	0.40899	1	0.48405	0.53357	11.65881	1.03583	1	0.74562	0.55762	12.33919	1.03583	1	-0.00399	-0.00901	0.68243	0.00366	1	0.06166	-0.01327	0.65522	0.00388	1	1.45898	0.81042	0	
1257692	8482.63281	3305625923490	0.49166	0.36989	8482.55273	0.08008	11534	1	0.53480	0.40348	1	0.47588	0.41450	1	0.50534	0.40899	1	0.48389	0.53345	12.10808	1.03583	1	0.74571	0.55762	12.45204	1.03583	1	-0.00399	-0.00901	0.68243	0.00363	1	0.06166	-0.01327	0.65522	0.00387	1	1.45898	0.81042	0	
1257693	8482.63965	3305625990211	0.49394	0.37058	8482.55273	0.08691	11534	1	0.56007	0.35939	1	0.48697	0.39967	1	0.52352	0.37953	1	0.48414	0.53326	11.99876	1.03583	1	0.74580	0.55759	12.34965	1.03583	1	-0.00399	-0.00901	0.68243	0.00391	1	0.06166	-0.01327	0.65522	0.00388	1	1.45898	0.81042	0	
1257694	8482.64648	3305626055495	0.49559	0.37319	8482.55273	0.09375	11534	1	0.56317	0.39740	1	0.47421	0.42211	1	0.51869	0.40975	1	0.48420	0.53369	12.20207	1.03583	1	0.74560	0.55779	12.39819	1.03583	1	-0.00399	-0.00901	0.68243	0.00369	1	0.06166	-0.01327	0.65522	0.00383	1	1.45898	0.81042	0	
1257695	8482.65234	3305626123015	0.49703	0.37548	8482.55273	0.09961	11534	1	0.56317	0.39740	1	0.47421	0.42211	1	0.51869	0.40975	1	0.48397	0.53342	11.64208	1.03583	1	0.74556	0.55776	12.48123	1.03583	1	-0.00399	-0.00901	0.68243	0.00368	1	0.06194	-0.01338	0.65822	0.00383	1	1.45898	0.81042	0	
1257696	8482.66016	3305626193693	0.49721	0.37582	8482.55273	0.10742	11534	1	0.52677	0.39194	1	0.47330	0.37059	1	0.50003	0.38126	1	0.48396	0.53340	11.59259	1.03583	1	0.74554	0.55759	12.26745	1.03583	1	-0.00399	-0.00901	0.68243	0.00372	1	0.06194	-0.01338	0.65822	0.00393	1	1.45898	0.81042	0	
1257697	8482.66602	3305626255962	0.49856	0.37771	8482.55273	0.11328	11534	1	0.56066	0.39663	1	0.48249	0.42309	1	0.52158	0.40986	1	0.48410	0.53365	11.50614	1.03583	1	0.74564	0.55764	12.37627	1.03583	1	-0.00399	-0.00901	0.68243	0.00368	1	0.06194	-0.01338	0.65822	0.00383	1	1.45898	0.81042	0	
1257698	8482.67285	3305626321020	0.49977	0.37940	8482.55273	0.12012	11534	1	0.56066	0.39663	1	0.48249	0.42309	1	0.52158	0.40986	1	0.48396	0.53343	11.22639	1.03583	1	0.74550	0.55767	12.25858	1.03583	1	-0.00399	-0.00901	0.68243	0.00365	1	0.06166	-0.01327	0.65522	0.00386	1	1.45898	0.81042	0	
1257699	8482.67969	3305626391570	0.50914	0.40425	8482.55273	0.12012	11534	0	0.52375	0.37375	1	0.46120	0.41237	1	0.49248	0.39306	1	0.48359	0.53332	11.69502	1.03583	1	0.74535	0.55777	12.52736	1.03583	1	-0.00399	-0.00901	0.68243	0.00370	1	0.06166	-0.01327	0.65522	0.00388	1	1.45898	0.81042	0	
1257700	8482.68652	3305626460179	0.50740	0.40874	8482.55273	0.12012	11534	0	0.54099	0.35782	1	0.47031	0.46865	1	0.50565	0.41324	1	0.48381	0.53324	11.36030	1.03583	1	0.74555	0.55778	12.33470	1.03583	1	-0.00399	-0.00901	0.68243	0.00372	1	0.06166	-0.01327	0.65522	0.00383	1	1.45898	0.81042	0	
1257701	8482.69336	3305626529695	0.50681	0.41024	8482.55273	0.12012	11534	0	0.54099	0.35782	1	0.47031	0.46865	1	0.50565	0.41324	1	0.48354	0.53091	11.86101	1.03583	1	0.74564	0.55709	12.12043	1.03583	1	-0.00392	-0.00879	0.66996	0.00233	1	0.06166	-0.01327	0.65522	0.00406	1	1.45898	0.81042	0	
1257702	8482.70020	3305626596463	0.50405	0.37614	8482.67969	0.02051	11535	1	0.50986	0.16950	1	0.48167	0.37817	1	0.49576	0.27383	1	0.48351	0.53089	11.54148	1.03583	1	0.74568	0.55666	11.98937	1.03583	1	-0.00392	-0.00879	0.66996	0.00236	1	0.06166	-0.01327	0.65522	0.00420	1	1.45898	0.81042	0	
1257703	8482.70703	3305626662801	0.50373	0.37213	8482.67969	0.02734	11535	1	0.53195	0.32733	1	0.47291	0.38484	1	0.50243	0.35608	1	0.48366	0.53301	11.04374	1.03583	1	0.74556	0.55682	11.87029	1.03583	1	-0.00392	-0.00879	0.66996	0.00382	1	0.06166	-0.01327	0.65522	0.00419	1	1.45898	0.81042	0	
1257704	8482.71387	3305626729101	0.50351	0.36945	8482.67969	0.03418	11535	1	0.53195	0.32733	1	0.47291	0.38484	1	0.50243	0.35608	1	0.48365	0.53288	10.97757	1.03583	1	0.74556	0.55677	11.95611	1.03583	1	-0.00399	-0.00891	0.68243	0.00391	1	0.06166	-0.01327	0.65522	0.00410	1	1.45898	0.81042	0	
1257705	8482.71973	3305626795323	0.50293	0.35346	8482.67969	0.04004	11535	1	0.52322	0.15493	1	0.47563	0.36011	1	0.49943	0.25752	1	0.48356	0.53067	11.41070	1.03583	1	0.74557	0.55656	12.15954	1.03583	1	-0.00399	-0.00891	0.68243	0.00245	1	0.06166	-0.01327	0.65522	0.00429	1	1.45898	0.81042	0	
1257706	8482.72656	3305626863680	0.50213	0.35587	8482.67969	0.04688	11535	1	0.53015	0.33318	1	0.46299	0.41221	1	0.49657	0.37269	1	0.48375	0.53292	10.91769	1.03583	1	0.74541	0.55699	12.55919	1.03583	1	-0.00399	-0.00891	0.68243	0.00379	1	0.06166	-0.01327	0.65522	0.00425	1	1.45898	0.81042	0	
1257707	8482.73340	3305626931373	0.50151	0.35774	8482.67969	0.05371	11535	1	0.53015	0.33318	1	0.46299	0.41221	1	0.49657	0.37269	1	0.48341	0.53081	11.56382	1.03583	1	0.74568	0.55666	11.98937	1.03583	1	-0.00399	-0.00891	0.68243	0.00234	1	0.06166	-0.01327	0.65522	0.00420	1	1.45898	0.81042	0	
1257708	8482.74023	3305626997753	0.50095	0.34907	8482.67969	0.06055	11535	1	0.50539	0.17093	1	0.48630	0.37121	1	0.49584	0.27107	1	0.48343	0.53091	11.61637	1.03583	1	0.74574	0.55662	11.96016	1.03583	1	-0.00399	-0.00891	0.68243	0.00230	1	0.06166	-0.01327	0.65522	0.00430	1	1.45898	0.81042	0	
1257709	8482.74707	3305627065301	0.50222	0.35095	8482.67969	0.06738	11535	1	0.54898	0.37067	1	0.48102	0.36895	1	0.51500	0.36981	1	0.48401	0.53330	12.01436	1.03583	1	0.74565	0.55660	12.19270	1.03583	1	-0.00399	-0.00891	0.68243	0.00372	1	0.06166	-0.01327	0.65522	0.00420	1	1.45898	0.81042	0	
1257710	8482.75391	3305627131712	0.50330	0.35227	8482.67969	0.07422	11535	1	0.54898	0.37067	1	0.48135	0.36279	1	0.51516	0.36673	1	0.48412	0.53300	11.55984	1.03583	1	0.74562	0.55590	11.78896	1.04349	1	-0.00399	-0.00891	0.68243	0.00396	1	0.06346	-0.01367	0.67490	0.00432	1	1.45898	0.81042	0	
1257711	8482.75977	3305627197409	0.50279	0.35009	8482.67969	0.08008	11535	1	0.51892	0.28478	1	0.47444	0.36316	1	0.49668	0.32397	1	0.48351	0.53215	11.73958	1.04349	1	0.74554	0.55671	11.89795	1.05115	1	-0.00399	-0.00891	0.68243	0.00409	1	0.06346	-0.01367	0.67490	0.00408	1	1.45898	0.81042	0	
1257712	8482.76660	3305627265733	0.50167	0.34117	8482.67969	0.08691	11535	1	0.49834	0.13609	1	0.47582	0.31436	1	0.48708	0.22522	1	0.48330	0.53070	11.97590	1.05115	1	0.74556	0.55625	11.96443	1.05881	1	-0.00399	-0.00891	0.68243	0.00230	1	0.06346	-0.01367	0.67490	0.00409	1	1.45898	0.81042	0	
1257713	8482.77344	3305627332693	0.50068	0.33298	8482.67969	0.09375	11535	1	0.49738	0.12846	1	0.47611	0.30794	1	0.48675	0.21820	1	0.48316	0.53075	11.84174	1.05881	1	0.74558	0.55624	11.97248	1.06647	1	-0.00399	-0.00891	0.68243	0.00233	1	0.06291	-0.01357	0.67009	0.00417	1	1.45898	0.81042	0	
1257714	8482.78027	3305627399257	0.49963	0.32459	8482.67969	0.10059	11535	1	0.49471	0.13499	1	0.47301	0.26259	1	0.48386	0.19879	1	0.48314	0.53075	11.77522	1.06647	1	0.74548	0.55589	11.86881	1.06647	1	-0.00399	-0.00891	0.68243	0.00234	1	0.06291	-0.01357	0.67009	0.00419	1	1.45898	0.81042	0	
1257715	8482.78711	3305627466224	0.49973	0.31955	8482.67969	0.10742	11535	1	0.50985	0.12538	1	0.49310	0.35248	1	0.50148	0.23893	1	0.48312	0.53073	11.72003	1.06647	1	0.74548	0.55652	11.97550	1.06647	1	-0.00399	-0.00891	0.68243	0.00239	1	0.06291	-0.01357	0.67009	0.00405	1	1.45898	0.81042	0	
1257716	8482.79395	3305627533634	0.49799	0.28788	8482.67969	0.10742	11535	0	0.50985	0.12538	1	0.49310	0.35248	1	0.50148	0.23893	1	0.48300	0.53073	11.94547	1.06647	1	0.74543	0.55547	11.77374	1.06647	1	-0.00399	-0.00891	0.68243	0.00237	1	0.06291	-0.01357	0.67009	0.00439	1	1.45898	0.81042	0	
1257717	8482.80078	3305627600413	0.50253	0.25215	8482.67969	0.10742	11535	0	0.51302	0.13232	1	0.50112	0.30050	1	0.50707	0.21641	1	0.48314	0.53080	11.88749	1.06647	1	0.74558	0.55614	12.05657	1.06647	1	-0.00399	-0.00891	0.68243	0.00233	1	0.06291	-0.01357	0.67009	0.00416	1	1.45898	0.81042	0	
1257718	8482.80762	3305627667631	0.49921	0.24358	8482.67969	0.10742	11535	0	0.50838	0.13531	1	0.47679	0.31758	1	0.49258	0.22644	1	0.48314	0.53091	12.14502	1.06647	1	0.74518	0.55635	12.69146	1.06647	1	-0.00399	-0.00891	0.68243	0.00230	1	0.06291	-0.01357	0.67009	0.00415	1	1.45898	0.81042	0	
1257719	8482.81348	3305627734675	0.49737	0.23489	8482.79395	0.01953	11536	1	0.50612	0.11621	1	0.47753	0.30144	1	0.49183	0.20882	1	0.48317	0.53076	11.84219	1.08594	1	0.74516	0.55627	12.35683	1.08594	1	-0.00437	-0.00951	0.72872	0.00242	1	0.06291	-0.01357	0.67009	0.00409	1	1.45898	0.81042	0	
1257720	8482.82031	3305627801559	0.49469	0.22899	8482.79395	0.02637	11536	1	0.50688	0.09542	1	0.46108	0.31537	1	0.48398	0.20539	1	0.48316	0.53087	11.43949	1.10541	1	0.74492	0.55665	12.77523	1.10541	1	-0.00437	-0.00951	0.72872	0.00241	1	0.06291	-0.01357	0.67009	0.00397	1	1.45898	0.81042	0	
1257721	8482.82715	3305627868300	0.49531	0.21874	8482.79395	0.03320	11536	1	0.50628	0.06596	1	0.49058	0.26900	1	0.49843	0.16748	1	0.48317	0.53076	11.84219	1.12488	1	0.74538	0.55627	12.34254	1.12488	1	-0.00437	-0.00951	0.72872	0.00242	1	0.06291	-0.01357	0.67009	0.00405	1	1.45898	0.81042	0	
1257722	8482.83398	3305627935348	0.49567	0.20888	8482.79395	0.04004	11536	1	0.50412	0.04665	1	0.49152	0.25283	1	0.49782	0.14974	1	0.48305	0.53084	11.73031	1.14435	1	0.74505	0.55680	13.55135	1.14435	1	-0.00437	-0.00951	0.72872	0.00241	1	0.06291	-0.01357	0.67009	0.00377	1	1.45898	0.81042	0	
1257723	8482.83984	3305627998159	0.49332	0.20424	8482.79395	0.04590	11536	1	0.49826	0.04773	1	0.45538	0.29574	1	0.47682	0.17174	1	0.48308	0.53079	11.85637	1.14435	1	0.74482	0.55692	12.99952	1.14435	1	-0.00437	-0.00951	0.72872	0.00237	1	0.06291	-0.01357	0.67009	0.00387	1	1.45898	0.81042	0	
1257724	8482.84668	3305628066555	0.49209	0.19863	8482.79395	0.05273	11536	1	0.48882	0.03980	1	0.47581	0.26772	1	0.48232	0.15376	1	0.48292	0.53074	11.83226	1.14435	1	0.74504	0.55647	13.06693	1.14435	1	-0.00437	-0.00951	0.72872	0.00234	1	0.06291	-0.01357	0.67009	0.00401	1	1.45898	0.81042	0	
1257725	8482.85449	3305628135843	0.49116	0.19509	8482.79395	0.06055	11536	1	0.49009	0.05018	1	0.47544	0.27620	1	0.48277	0.16319	1	0.48319	0.53088	12.04566	1.13396	1	0.74527	0.55680	12.84616	1.13396	1	-0.00415	-0.00914	0.70064	0.00246	1	0.06291	-0.01357	0.67009	0.00395	1	1.45898	0.81042	0	
1257726	8482.86035	3305628200740	0.49056	0.19697	8482.79395	0.06641	11536	1	0.50132	0.08204	1	0.46771	0.34962	1	0.48452	0.21583	1	0.48311	0.53086	11.91537	1.12358	1	0.74507	0.55689	13.24114	1.12358	1	-0.00415	-0.00914	0.70064	0.00242	1	0.06291	-0.01357	0.67009	0.00384	1	1.45898	0.81042	0	
1257727	8482.86719	3305628267715	0.49217	0.20123	8482.79395	0.07324	11536	1	0.51888	0.27256	1	0.50090	0.22356	1	0.50989	0.24806	1	0.48319	0.53293	11.49256	1.11319	1	0.74552	0.55577	12.02370	1.11319	1	-0.00415	-0.00914	0.70064	0.00390	1	0.06291	-0.01357	0.67009	0.00433	1	1.45898	0.81042	0	
1257728	8482.87402	3305628337432	0.49355	0.20551	8482.79395	0.08008	11536	1	0.51996	0.28103	1	0.50030	0.23270	1	0.51013	0.25687	1	0.48306	0.53068	11.22871	1.10281	1	0.74510	0.55663	12.68602	1.10281	1	-0.00415	-0.00914	0.70064	0.00250	1	0.06291	-0.01357	0.67009	0.00390	1	1.45898	0.81042	0	
1257729	8482.88086	3305628405262	0.49313	0.20510	8482.79395	0.08691	11536	1	0.50541	0.09044	1	0.47002	0.30915	1	0.48772	0.19979	1	0.48311	0.53075	11.58606	1.10281	1	0.74509	0.55664	12.81159	1.10281	1	-0.00415	-0.00914	0.70064	0.00249	1	0.06291	-0.01357	0.67009	0.00391	1	1.45898	0.81042	0	
1257730	8482.88770	3305628471008	0.49302	0.20446	8482.79395	0.09375	11536	1	0.51399	0.08575	1	0.46888	0.30520	1	0.49144	0.19547	1	0.48313	0.53069	11.77054	1.10281	1	0.74506	0.55667	12.79503	1.10281	1	-0.00415	-0.00914	0.70064	0.00245	1	0.06291	-0.01357	0.67009	0.00390	1	1.45898	0.81042	0	
1257731	8482.89453	3305628536947	0.49294	0.20441	8482.79395	0.10059	11536	1	0.51497	0.09477	1	0.46861	0.31258	1	0.49179	0.20367	1	0.48311	0.53065	12.01806	1.09372	1	0.74549	0.55672	12.42801	1.09372	1	-0.00399	-0.00891	0.68243	0.00240	1	0.06291	-0.01357	0.67009	0.00389	1	1.45898	0.81042	0	
1257732	8482.90137	3305628604329	0.49370	0.20547	8482.79395	0.10742	11536	1	0.51695	0.12521	1	0.49485	0.31977	1	0.50590	0.22249	1	0.48323	0.53086	12.09938	1.08464	1	0.74549	0.55658	12.31078	1.08464	1	-0.00399	-0.00891	0.68243	0.00243	1	0.06291	-0.01357	0.67009	0.00392	1	1.45898	0.81042	0	
1257733	8482.90820	3305628672371	0.49350	0.20684	8482.79395	0.11426	11536	1	0.50575	0.10755	1	0.47435	0.35257	1	0.49005	0.23006	1	0.48309	0.53075	11.73188	1.07555	1	0.74514	0.55685	13.14513	1.07555	1	-0.00399	-0.00891	0.68243	0.00238	1	0.06291	-0.01357	0.67009	0.00390	1	1.45898	0.81042	0	
1257734	8482.91406	3305628739312	0.49333	0.20865	8482.79395	0.12012	11536	1	0.50682	0.11662	1	0.47375	0.36578	1	0.49028	0.24120	1	0.48329	0.53059	11.64039	1.06647	1	0.74506	0.55663	12.70532	1.05881	1	-0.00399	-0.00891	0.68243	0.00244	1	0.06183	-0.01328	0.65813	0.00398	1	1.45898	0.81042	0	
1257735	8482.92090	3305628806459	0.49331	0.21028	8482.79395	0.12695	11536	1	0.51160	0.12783	1	0.47437	0.35471	1	0.49298	0.24127	1	0.48323	0.53077	11.79219	1.05881	1	0.74521	0.55658	12.82339	1.05115	1	-0.00399	-0.00891	0.68243	0.00237	1	0.06183	-0.01328	0.65813	0.00399	1	1.45898	0.81042	0	
1257736	8482.92773	3305628871998	0.49285	0.21205	8482.79395	0.13379	11536	1	0.49241	0.14015	1	0.47471	0.35462	1	0.48356	0.24739	1	0.48323	0.53076	11.72618	1.05115	1	0.74513	0.55650	12.83711	1.04349	1	-0.00399	-0.00891	0.68243	0.00237	1	0.06183	-0.01328	0.65813	0.00404	1	1.45898	0.81042	0	
1257737	8482.93457	3305628941057	0.49245	0.21383	8482.79395	0.14062	11536	1	0.49341	0.14775	1	0.47471	0.35462	1	0.48406	0.25119	1	0.48319	0.53068	11.50649	1.04349	1	0.74503	0.55675	12.54389	1.04349	1	-0.00399	-0.00891	0.68243	0.00240	1	0.06346	-0.01367	0.67490	0.00404	1	1.45898	0.81042	0	
1257738	8482.94141	3305629008457	0.49162	0.21558	8482.79395	0.14746	11536	1	0.50846	0.15095	1	0.43812	0.35732	1	0.47329	0.25414	1	0.48316	0.53072	11.81302	1.04349	1	0.74494	0.55671	12.75577	1.05115	1	-0.00399	-0.00891	0.68243	0.00242	1	0.06346	-0.01367	0.67490	0.00404	1	1.45898	0.81042	0	
1257739	8482.94824	3305629075535	0.49088	0.21631	8482.79395	0.15430	11536	1	0.49364	0.14161	1	0.45441	0.32481	1	0.47403	0.23321	1	0.48316	0.53061	11.86541	1.05115	1	0.74517	0.55634	12.65972	1.05881	1	-0.00399	-0.00891	0.68243	0.00242	1	0.06346	-0.01367	0.67490	0.00392	1	1.45898	0.81042	0	
1257740	8482.95508	3305629141475	0.49019	0.21671	8482.79395	0.16113	11536	1	0.49265	0.13402	1	0.45455	0.31848	1	0.47360	0.22625	1	0.48325	0.53074	12.26520	1.05881	1	0.74564	0.55657	12.02363	1.06647	1	-0.00399	-0.00891	0.68243	0.00238	1	0.06346	-0.01367	0.67490	0.00385	1	1.45898	0.81042	0	
1257741	8482.96094	3305629208208	0.49014	0.21712	8482.79395	0.16699	11536	1	0.49746	0.10822	1	0.48004	0.34667	1	0.48875	0.22744	1	0.48323	0.53059	11.67028	1.06647	1	0.74564	0.55661	12.23098	1.06647	1	-0.00399	-0.00891	0.68243	0.00240	1	0.06346	-0.01367	0.67490	0.00379	1	1.45898	0.81042	0	
1257742	8482.96777	3305629274923	0.48987	0.21730	8482.79395	0.17383	11536	1	0.50198	0.10060	1	0.46393	0.34316	1	0.48295	0.22188	1	0.48331	0.53066	12.13425	1.06647	1	0.74534	0.55665	12.43551	1.06647	1	-0.00399	-0.00891	0.68243	0.00235	1	0.06346	-0.01367	0.67490	0.00383	1	1.45898	0.81042	0	
1257743	8482.97461	3305629342012	0.48962	0.21746	8482.79395	0.18066	11536	1	0.50198	0.10060	1	0.46393	0.34316	1	0.48295	0.22188	1	0.48376	0.53229	11.16013	1.06647	1	0.74548	0.55671	12.22980	1.06647	1	-0.00399	-0.00891	0.68243	0.00409	1	0.06346	-0.01367	0.67490	0.00379	1	1.45898	0.81042	0	
1257744	8482.98145	3305629409119	0.48964	0.21885	8482.79395	0.18750	11536	1	0.49501	0.13101	1	0.48521	0.38418	1	0.49011	0.25760	1	0.48334	0.53060	12.03282	1.06647	1	0.74571	0.55685	12.32376	1.06647	1	-0.00399	-0.00891	0.68243	0.00234	1	0.06346	-0.01367	0.67490	0.00383	1	1.45898	0.81042	0	
1257745	8482.98828	3305629474974	0.48973	0.21980	8482.79395	0.19434	11536	1	0.50614	0.12477	1	0.47838	0.36989	1	0.49226	0.24733	1	0.48348	0.53080	11.80608	1.06647	1	0.74559	0.55692	12.33620	1.06647	1	-0.00399	-0.00891	0.68243	0.00237	1	0.06346	-0.01367	0.67490	0.00382	1	1.45898	0.81042	0	
1257746	8482.99512	3305629542880	0.48308	0.24995	8482.79395	0.19434	11536	0	0.50614	0.12477	0	0.47838	0.36989	1	0.47838	0.36989	1	0.48348	0.53080	11.80608	1.06647	0	0.74551	0.55629	12.29866	1.06647	1	-0.00399	-0.00891	0.68243	0.00237	1	0.06426	-0.01382	0.68228	0.00414	1	1.45898	0.81042	0	
1257747	8483.00098	3305629609218	0.47571	0.28226	8482.79395	0.19434	11536	0	0.50614	0.12477	0	0.46834	0.31456	1	0.46834	0.31456	1	0.48348	0.53080	11.80608	1.06647	0	0.74551	0.55629	12.29866	1.06647	1	-0.00399	-0.00891	0.68243	0.00237	1	0.06426	-0.01382	0.68228	0.00414	1	1.45898	0.81042	0	
1257748	8483.00781	3305629676714	0.47571	0.28226	8482.79395	0.19434	11536	0	0.50614	0.12477	0	0.46834	0.31456	0	0.46834	0.31456	0	0.48348	0.53080	11.80608	1.06647	0	0.74551	0.55629	12.29866	1.06647	0	-0.00399	-0.00891	0.68243	0.00237	1	0.06426	-0.01382	0.68228	0.00414	1	1.45898	0.81042	0	
1257749	8483.01465	3305629743904	0.46834	0.31456	8482.79395	0.19434	11536	0	0.50614	0.12477	0	0.46834	0.31456	0	0.46834	0.31456	0	0.48348	0.53080	11.80608	1.06647	0	0.74551	0.55629	12.29866	1.06647	0	-0.00399	-0.00891	0.68243	0.00237	1	0.06426	-0.01382	0.68228	0.00414	1	1.45898	0.81042	0	
1257750	8483.02148	3305629811351	0.46834	0.31456	8482.79395	0.19434	11536	0	0.50614	0.12477	0	0.46834	0.31456	0	0.46834	0.31456	0	0.48348	0.53080	11.80608	1.06647	0	0.74551	0.55629	12.29866	1.06647	0	-0.00399	-0.00891	0.68243	0.00237	1	0.06426	-0.01382	0.68228	0.00414	1	1.45898	0.81042	0	
1257751	8483.02832	3305629877771	0.46834	0.31456	8482.79395	0.19434	11536	0	0.50614	0.12477	0	0.46834	0.31456	0	0.46834	0.31456	0	0.48348	0.53080	11.80608	1.06647	0	0.74551	0.55629	12.29866	1.06647	0	-0.00399	-0.00891	0.68243	0.00237	1	0.06426	-0.01382	0.68228	0.00414	1	1.45898	0.81042	0	
1257752	8483.03516	3305629945069	0.00000	0.00000	8482.79395	0.19434	11536	0	0.50614	0.12477	0	0.46834	0.31456	0	0.46834	0.31456	0	0.48348	0.53080	11.80608	1.06647	0	0.74551	0.55629	12.29866	1.06647	0	-0.00399	-0.00891	0.68243	0.00237	1	0.06426	-0.01382	0.68228	0.00414	1	1.45898	0.81042	0	
1257753	8483.04102	3305630009055	0.00000	0.00000	8482.79395	0.19434	11536	0	0.50614	0.12477	0	0.46834	0.31456	0	0.46834	0.31456	0	0.48348	0.53080	11.80608	1.06647	0	0.74551	0.55629	12.29866	1.06647	0	-0.00399	-0.00891	0.68243	0.00237	1	0.06426	-0.01382	0.68228	0.00414	1	1.45898	0.81042	0	
1257754	8483.04883	3305630078964	0.00000	0.00000	8482.79395	0.19434	11536	0	0.50614	0.12477	0	0.46834	0.31456	0	0.46834	0.31456	0	0.48348	0.53080	11.80608	1.06647	0	0.74551	0.55629	12.29866	1.06647	0	-0.00399	-0.00891	0.68243	0.00237	1	0.06426	-0.01382	0.68228	0.00414	1	1.45898	0.81042	0	
1257755	8483.05469	3305630140929	0.00000	0.00000	8482.79395	0.19434	11536	0	0.50614	0.12477	0	0.46834	0.31456	0	0.46834	0.31456	0	0.48348	0.53080	11.80608	1.06647	0	0.74551	0.55629	12.29866	1.06647	0	-0.00399	-0.00891	0.68243	0.00237	1	0.06426	-0.01382	0.68228	0.00414	1	1.45898	0.81042	0	
1257756	8483.06152	3305630210287	0.00000	0.00000	8482.79395	0.19434	11536	0	0.50614	0.12477	0	0.46834	0.31456	0	0.46834	0.31456	0	0.48348	0.53080	11.80608	1.06647	0	0.74551	0.55629	12.29866	1.06647	0	-0.00399	-0.00891	0.68243	0.00237	1	0.06426	-0.01382	0.68228	0.00414	1	1.45898	0.81042	0	
1257757	8483.06836	3305630277593	0.24628	0.13687	8482.79395	0.19434	11536	0	0.51549	0.21917	1	0.46961	0.32831	1	0.49255	0.27374	1	0.48436	0.53185	11.52297	1.06647	1	0.74628	0.55645	12.18195	1.06647	1	-0.00399	-0.00891	0.68243	0.00429	1	0.06426	-0.01382	0.68228	0.00388	1	1.45898	0.81042	0	
1257758	8483.07520	3305630344165	0.49255	0.27374	8482.79395	0.19434	11536	0	0.51549	0.21917	1	0.46961	0.32831	1	0.49255	0.27374	1	0.48499	0.53285	11.43282	1.06647	1	0.74650	0.55563	11.72535	1.06647	1	-0.00382	-0.00892	0.68777	0.00425	1	0.06369	-0.01367	0.67516	0.00415	1	1.45898	0.81042	0	
1257759	8483.08203	3305630410876	0.48372	0.30375	8482.79395	0.19434	11536	0	0.51549	0.21917	0	0.47490	0.33375	1	0.47490	0.33375	1	0.48499	0.53285	11.43282	1.06647	0	0.74636	0.55653	12.03919	1.06647	1	-0.00382	-0.00892	0.68777	0.00425	1	0.06369	-0.01367	0.67516	0.00409	1	1.45898	0.81042	0	
1257760	8483.08789	3305630477350	0.48372	0.30375	8482.79395	0.19434	11536	0	0.51549	0.21917	0	0.47490	0.33375	0	0.47490	0.33375	0	0.48499	0.53285	11.43282	1.06647	0	0.74636	0.55653	12.03919	1.06647	0	-0.00382	-0.00892	0.68777	0.00425	1	0.06369	-0.01367	0.67516	0.00409	1	1.45898	0.81042	0	
1257761	8483.09473	3305630544857	0.47490	0.33375	8482.79395	0.19434	11536	0	0.51549	0.21917	0	0.47490	0.33375	0	0.47490	0.33375	0	0.48499	0.53285	11.43282	1.06647	0	0.74636	0.55653	12.03919	1.06647	0	-0.00382	-0.00892	0.68777	0.00425	1	0.06369	-0.01367	0.67516	0.00409	1	1.45898	0.81042	0	
1257762	8483.10156	3305630611922	0.47490	0.33375	8482.79395	0.19434	11536	0	0.51549	0.21917	0	0.47490	0.33375	0	0.47490	0.33375	0	0.48499	0.53285	11.43282	1.06647	0	0.74636	0.55653	12.03919	1.06647	0	-0.00382	-0.00892	0.68777	0.00425	1	0.06369	-0.01367	0.67516	0.00409	1	1.45898	0.81042	0	
1257763	8483.10840	3305630678939	0.48179	0.33770	8482.79395	0.19434	11536	0	0.51549	0.21917	0	0.48868	0.34166	1	0.48868	0.34166	1	0.48499	0.53285	11.43282	1.06647	0	0.74653	0.55648	12.98317	1.06647	1	-0.00382	-0.00892	0.68777	0.00425	1	0.06369	-0.01367	0.67516	0.00433	1	1.45898	0.81042	0	
1257764	8483.11523	3305630745933	0.48409	0.33902	8483.09473	0.02051	11537	1	0.51549	0.21917	0	0.48868	0.34166	1	0.48868	0.34166	1	0.48499	0.53285	11.43282	1.06647	0	0.74663	0.55616	12.86045	1.06647	1	-0.00382	-0.00892	0.68777	0.00425	1	0.06424	-0.01377	0.68000	0.00420	1	1.45898	0.81042	0	
1257765	8483.12207	3305630812676	0.48418	0.34997	8483.09473	0.02734	11537	1	0.51549	0.21917	0	0.48446	0.38280	1	0.48446	0.38280	1	0.48499	0.53285	11.43282	1.06647	0	0.74652	0.55704	13.07738	1.06647	1	-0.00382	-0.00892	0.68777	0.00425	1	0.06424	-0.01377	0.68000	0.00404	1	1.45898	0.81042	0	
1257766	8483.12891	3305630883555	0.48418	0.34997	8483.09473	0.03418	11537	1	0.51549	0.21917	0	0.48446	0.38280	0	0.48446	0.38280	0	0.48499	0.53285	11.43282	1.06647	0	0.74652	0.55704	13.07738	1.06647	0	-0.00382	-0.00892	0.68777	0.00425	1	0.06424	-0.01377	0.68000	0.00404	1	1.45898	0.81042	0	
1257767	8483.13574	3305630949619	0.48418	0.34997	8483.09473	0.04102	11537	1	0.51549	0.21917	0	0.48446	0.38280	0	0.48446	0.38280	0	0.48499	0.53285	11.43282	1.06647	0	0.74652	0.55704	13.07738	1.06647	0	-0.00382	-0.00892	0.68777	0.00425	1	0.06424	-0.01377	0.68000	0.00404	1	1.45898	0.81042	0	
1257768	8483.14258	3305631016201	0.48418	0.34997	8483.09473	0.04785	11537	1	0.51549	0.21917	0	0.48446	0.38280	0	0.48446	0.38280	0	0.48499	0.53285	11.43282	1.06647	0	0.74652	0.55704	13.07738	1.06647	0	-0.00382	-0.00892	0.68777	0.00425	1	0.06424	-0.01377	0.68000	0.00404	1	1.45898	0.81042	0	
1257769	8483.14844	3305631083620	0.48727	0.35537	8483.09473	0.04785	11537	0	0.51549	0.21917	0	0.48446	0.38280	0	0.48446	0.38280	0	0.48499	0.53285	11.43282	1.06647	0	0.74652	0.55704	13.07738	1.06647	0	-0.00382	-0.00892	0.68777	0.00425	1	0.06424	-0.01377	0.68000	0.00404	1	1.45898	0.81042	0	
1257770	8483.15527	3305631150877	0.48727	0.35537	8483.09473	0.04785	11537	0	0.51549	0.21917	0	0.48446	0.38280	0	0.48446	0.38280	0	0.48499	0.53285	11.43282	1.06647	0	0.74652	0.55704	13.07738	1.06647	0	-0.00382	-0.00892	0.68777	0.00425	1	0.06424	-0.01377	0.68000	0.00404	1	1.45898	0.81042	0	
1257771	8483.16211	3305631217274	0.48727	0.35537	8483.09473	0.04785	11537	0	0.51549	0.21917	0	0.48446	0.38280	0	0.48446	0.38280	0	0.48499	0.53285	11.43282	1.06647	0	0.74652	0.55704	13.07738	1.06647	0	-0.00382	-0.00892	0.68777	0.00425	1	0.06424	-0.01377	0.68000	0.00404	1	1.45898	0.81042	0	
1257772	8483.16895	3305631284491	0.00000	0.00000	8483.09473	0.04785	11537	0	0.51549	0.21917	0	0.48446	0.38280	0	0.48446	0.38280	0	0.48499	0.53285	11.43282	1.06647	0	0.74652	0.55704	13.07738	1.06647	0	-0.00382	-0.00892	0.68777	0.00425	1	0.06424	-0.01377	0.68000	0.00404	1	1.45898	0.81042	0	
1257773	8483.17578	3305631351669	0.00000	0.00000	8483.09473	0.04785	11537	0	0.51549	0.21917	0	0.48446	0.38280	0	0.48446	0.38280	0	0.48499	0.53285	11.43282	1.06647	0	0.74652	0.55704	13.07738	1.06647	0	-0.00382	-0.00892	0.68777	0.00425	1	0.06424	-0.01377	0.68000	0.00404	1	1.45898	0.81042	0	
1257774	8483.18262	3305631418222	0.00000	0.00000	8483.09473	0.04785	11537	0	0.51549	0.21917	0	0.48446	0.38280	0	0.48446	0.38280	0	0.48499	0.53285	11.43282	1.06647	0	0.74652	0.55704	13.07738	1.06647	0	-0.00382	-0.00892	0.68777	0.00425	1	0.06424	-0.01377	0.68000	0.00404	1	1.45898	0.81042	0	
1257775	8483.18945	3305631485380	0.48991	0.24508	8483.09473	0.04785	11537	0	0.51001	0.14804	1	0.46981	0.34211	1	0.48991	0.24508	1	0.48509	0.53053	11.94674	1.06647	1	0.74703	0.55650	12.03119	1.06647	1	-0.00382	-0.00892	0.68777	0.00242	1	0.06424	-0.01377	0.68000	0.00424	1	1.45898	0.81042	0	
1257776	8483.19531	3305631552440	0.48991	0.24508	8483.09473	0.04785	11537	0	0.51001	0.14804	1	0.46981	0.34211	1	0.48991	0.24508	1	0.48563	0.53279	11.21893	1.06647	1	0.74693	0.55685	11.90503	1.06647	1	-0.00362	-0.00901	0.69027	0.00379	1	0.06649	-0.01423	0.70259	0.00399	1	1.45898	0.81042	0	
1257777	8483.20215	3305631619914	0.49410	0.27248	8483.09473	0.04785	11537	0	0.54012	0.34079	1	0.46483	0.31381	1	0.50248	0.32730	1	0.48544	0.53273	11.30122	1.06647	1	0.74694	0.55668	12.11439	1.06647	1	-0.00362	-0.00901	0.69027	0.00385	1	0.06649	-0.01423	0.70259	0.00418	1	1.45898	0.81042	0	
1257778	8483.20898	3305631684269	0.49229	0.27603	8483.18945	0.01953	11538	1	0.50650	0.26011	1	0.46723	0.31321	1	0.48686	0.28666	1	0.48531	0.53233	10.92095	1.06647	1	0.74697	0.55664	12.08944	1.06647	1	-0.00362	-0.00901	0.69027	0.00407	1	0.06649	-0.01423	0.70259	0.00412	1	1.45898	0.81042	0	
1257779	8483.21582	3305631753121	0.49120	0.27815	8483.18945	0.02637	11538	1	0.50650	0.26011	1	0.46723	0.31321	1	0.48686	0.28666	1	0.48495	0.53199	11.43799	1.06647	1	0.74719	0.55631	11.88983	1.06647	1	-0.00362	-0.00901	0.69027	0.00409	1	0.06649	-0.01423	0.70259	0.00419	1	1.45898	0.81042	0	
1257780	8483.22266	3305631820270	0.49183	0.29207	8483.18945	0.03320	11538	1	0.51191	0.37517	1	0.47802	0.34814	1	0.49497	0.36166	1	0.48529	0.53310	11.25640	1.06647	1	0.74714	0.55697	12.20399	1.06647	1	-0.00362	-0.00901	0.69027	0.00371	1	0.06649	-0.01423	0.70259	0.00425	1	1.45898	0.81042	0	
1257781	8483.22949	3305631887471	0.49518	0.29735	8483.18945	0.04004	11538	1	0.55000	0.33918	1	0.48052	0.31891	1	0.51526	0.32905	1	0.48560	0.53279	11.33234	1.06647	1	0.74717	0.55664	12.13389	1.06647	1	-0.00362	-0.00901	0.69027	0.00378	1	0.06649	-0.01423	0.70259	0.00423	1	1.45898	0.81042	0	
1257782	8483.23633	3305631953980	0.49769	0.30131	8483.18945	0.04688	11538	1	0.55000	0.33918	1	0.48052	0.31891	1	0.51526	0.32905	1	0.48570	0.53302	11.41739	1.06647	1	0.74719	0.55673	12.17241	1.06647	1	-0.00362	-0.00901	0.69027	0.00383	1	0.06649	-0.01423	0.70259	0.00419	1	1.45898	0.81042	0	
1257783	8483.24219	3305632020522	0.49781	0.30085	8483.18945	0.05273	11538	1	0.52114	0.32140	1	0.47640	0.27291	1	0.49877	0.29715	1	0.48551	0.53293	11.52646	1.06647	1	0.74703	0.55687	12.19774	1.06647	1	-0.00362	-0.00901	0.69027	0.00380	1	0.06649	-0.01423	0.70259	0.00410	1	1.45898	0.81042	0	
1257784	8483.24902	3305632088220	0.49473	0.30909	8483.18945	0.05957	11538	1	0.52114	0.32140	0	0.46706	0.38319	1	0.46706	0.38319	1	0.48551	0.53293	11.52646	1.06647	0	0.74698	0.55735	12.35045	1.06647	1	-0.00362	-0.00901	0.69027	0.00380	1	0.06649	-0.01423	0.70259	0.00397	1	1.45898	0.81042	0	
1257785	8483.25586	3305632152372	0.49473	0.30909	8483.18945	0.06641	11538	1	0.52114	0.32140	0	0.46706	0.38319	0	0.46706	0.38319	0	0.48551	0.53293	11.52646	1.06647	0	0.74698	0.55735	12.35045	1.06647	0	-0.00362	-0.00901	0.69027	0.00380	1	0.06649	-0.01423	0.70259	0.00397	1	1.45898	0.81042	0	
1257786	8483.26270	3305632222673	0.49367	0.31019	8483.18945	0.07324	11538	1	0.52114	0.32140	0	0.48299	0.32122	1	0.48299	0.32122	1	0.48551	0.53293	11.52646	1.06647	0	0.74721	0.55684	12.24314	1.06647	1	-0.00362	-0.00901	0.69027	0.00380	1	0.06649	-0.01423	0.70259	0.00417	1	1.45898	0.81042	0	
1257787	8483.26953	3305632289013	0.49310	0.31175	8483.18945	0.08008	11538	1	0.52114	0.32140	0	0.48687	0.32897	1	0.48687	0.32897	1	0.48551	0.53293	11.52646	1.06647	0	0.74722	0.55694	12.22644	1.06647	1	-0.00362	-0.00901	0.69027	0.00380	1	0.06649	-0.01423	0.70259	0.00414	1	1.45898	0.81042	0	
1257788	8483.27539	3305632352601	0.49265	0.31253	8483.18945	0.08594	11538	1	0.52114	0.32140	0	0.48728	0.32186	1	0.48728	0.32186	1	0.48551	0.53293	11.52646	1.06647	0	0.74740	0.55723	12.14090	1.07515	1	-0.00362	-0.00901	0.69027	0.00380	1	0.06580	-0.01407	0.69479	0.00424	1	1.45898	0.81042	0	
1257789	8483.28223	3305632419630	0.49265	0.31253	8483.18945	0.09277	11538	1	0.52114	0.32140	0	0.48728	0.32186	0	0.48728	0.32186	0	0.48551	0.53293	11.52646	1.07515	0	0.74740	0.55723	12.14090	1.08383	0	-0.00362	-0.00901	0.69027	0.00380	1	0.06580	-0.01407	0.69479	0.00424	1	1.45898	0.81042	0	
1257790	8483.28906	3305632488753	0.49265	0.31253	8483.18945	0.09961	11538	1	0.52114	0.32140	0	0.48728	0.32186	0	0.48728	0.32186	0	0.48551	0.53293	11.52646	1.08383	0	0.74740	0.55723	12.14090	1.09251	0	-0.00362	-0.00901	0.69027	0.00380	1	0.06580	-0.01407	0.69479	0.00424	1	1.45898	0.81042	0	
1257791	8483.29590	3305632556294	0.49265	0.31253	8483.18945	0.10645	11538	1	0.52114	0.32140	0	0.48728	0.32186	0	0.48728	0.32186	0	0.48551	0.53293	11.52646	1.09251	0	0.74740	0.55723	12.14090	1.10119	0	-0.00362	-0.00901	0.69027	0.00380	1	0.06580	-0.01407	0.69479	0.00424	1	1.45898	0.81042	0	
1257792	8483.30273	3305632624090	0.49288	0.31815	8483.18945	0.10645	11538	0	0.52114	0.32140	0	0.48728	0.32186	0	0.48728	0.32186	0	0.48551	0.53293	11.52646	1.10119	0	0.74740	0.55723	12.14090	1.10119	0	-0.00362	-0.00901	0.69027	0.00380	1	0.06580	-0.01407	0.69479	0.00424	1	1.45898	0.81042	0	
1257793	8483.30957	3305632690999	0.49288	0.31815	8483.18945	0.10645	11538	0	0.52114	0.32140	0	0.48728	0.32186	0	0.48728	0.32186	0	0.48551	0.53293	11.52646	1.10119	0	0.74740	0.55723	12.14090	1.10119	0	-0.00362	-0.00901	0.69027	0.00380	1	0.06580	-0.01407	0.69479	0.00424	1	1.45898	0.81042	0	
1257794	8483.31641	3305632755852	0.49288	0.31815	8483.18945	0.10645	11538	0	0.52114	0.32140	0	0.48728	0.32186	0	0.48728	0.32186	0	0.48551	0.53293	11.52646	1.10119	0	0.74740	0.55723	12.14090	1.10119	0	-0.00362	-0.00901	0.69027	0.00380	1	0.06580	-0.01407	0.69479	0.00424	1	1.45898	0.81042	0	
1257795	8483.32324	3305632825474	0.00000	0.00000	8483.18945	0.10645	11538	0	0.52114	0.32140	0	0.48728	0.32186	0	0.48728	0.32186	0	0.48551	0.53293	11.52646	1.10119	0	0.74740	0.55723	12.14090	1.10119	0	-0.00362	-0.00901	0.69027	0.00380	1	0.06580	-0.01407	0.69479	0.00424	1	1.45898	0.81042	0	
1257796	8483.33008	3305632892355	0.00000	0.00000	8483.18945	0.10645	11538	0	0.52114	0.32140	0	0.48728	0.32186	0	0.48728	0.32186	0	0.48551	0.53293	11.52646	1.10119	0	0.74740	0.55723	12.14090	1.10119	0	-0.00362	-0.00901	0.69027	0.00380	1	0.06580	-0.01407	0.69479	0.00424	1	1.45898	0.81042	0	
1257797	8483.33594	3305632959054	0.00000	0.00000	8483.18945	0.10645	11538	0	0.52114	0.32140	0	0.48728	0.32186	0	0.48728	0.32186	0	0.48551	0.53293	11.52646	1.10119	0	0.74740	0.55723	12.14090	1.10119	0	-0.00362	-0.00901	0.69027	0.00380	1	0.06580	-0.01407	0.69479	0.00424	1	1.45898	0.81042	0	
1257798	8483.34277	3305633025926	0.25645	0.35292	8483.18945	0.10645	11538	0	0.22620	0.28925	1	0.28670	0.41659	1	0.25645	0.35292	1	0.47664	0.53448	10.85104	1.10119	1	0.73867	0.55979	13.06171	1.10119	1	-0.00362	-0.00901	0.69027	0.00245	1	0.06580	-0.01407	0.69479	0.00367	1	1.45898	0.81042	0	
1257799	8483.34961	3305633093166	0.25877	0.35247	8483.18945	0.10645	11538	0	0.23974	0.27742	1	0.28243	0.42664	1	0.26108	0.35203	1	0.47668	0.53451	10.44077	1.10119	1	0.73900	0.55973	11.82820	1.10119	1	-0.00362	-0.00901	0.69027	0.00241	1	0.06580	-0.01407	0.69479	0.00370	1	1.45898	0.81042	0	
1257800	8483.35645	3305633159344	0.25973	0.35333	8483.18945	0.10645	11538	0	0.23974	0.27742	1	0.28359	0.43264	1	0.26166	0.35503	1	0.47677	0.53450	10.39925	1.10119	1	0.73850	0.56013	13.00523	1.09251	1	-0.00455	-0.00926	0.67490	0.00247	1	0.06378	-0.01433	0.68706	0.00360	1	1.45898	0.81042	0	
1257801	8483.36328	3305633225490	0.25571	0.35666	8483.34277	0.02051	11539	1	0.23062	0.28695	1	0.25665	0.44636	1	0.24364	0.36666	1	0.47657	0.53453	10.63804	1.09251	1	0.73858	0.56002	13.03421	1.08383	1	-0.00455	-0.00926	0.67490	0.00231	1	0.06378	-0.01433	0.68706	0.00357	1	1.45898	0.81042	0	
1257802	8483.37012	3305633294033	0.25547	0.36030	8483.34277	0.02734	11539	1	0.25853	0.27283	1	0.25052	0.47686	1	0.25453	0.37485	1	0.47674	0.53438	10.76882	1.08383	1	0.73851	0.56017	13.00235	1.07515	1	-0.00455	-0.00926	0.67490	0.00240	1	0.06378	-0.01433	0.68706	0.00360	1	1.45898	0.81042	0	
1257803	8483.37695	3305633359966	0.25566	0.36382	8483.34277	0.03418	11539	1	0.26123	0.28024	1	0.25197	0.48259	1	0.25660	0.38141	1	0.47633	0.53428	10.60177	1.07515	1	0.73851	0.55985	12.73481	1.06647	1	-0.00459	-0.00929	0.68083	0.00238	1	0.06378	-0.01438	0.68706	0.00369	1	1.45898	0.81042	0	
1257804	8483.38379	3305633428717	0.25589	0.36622	8483.34277	0.04102	11539	1	0.25170	0.30392	1	0.26283	0.45739	1	0.25727	0.38066	1	0.47656	0.53443	10.10634	1.06647	1	0.73857	0.56000	12.87959	1.06647	1	-0.00459	-0.00929	0.68083	0.00233	1	0.06378	-0.01438	0.68706	0.00360	1	1.45898	0.81042	0	
1257805	8483.38965	3305633495038	0.25730	0.36877	8483.34277	0.04688	11539	1	0.24881	0.31106	1	0.28550	0.46208	1	0.26716	0.38657	1	0.47643	0.53459	10.09734	1.06647	1	0.73857	0.56004	12.92520	1.06647	1	-0.00459	-0.00929	0.68083	0.00236	1	0.06378	-0.01438	0.68706	0.00358	1	1.45898	0.81042	0	
1257806	8483.39648	3305633561886	0.25839	0.37074	8483.34277	0.05371	11539	1	0.24881	0.31106	1	0.28550	0.46208	1	0.26716	0.38657	1	0.47642	0.53452	10.27876	1.06647	1	0.73860	0.55993	13.01473	1.06647	1	-0.00459	-0.00929	0.68083	0.00231	1	0.06378	-0.01438	0.68706	0.00364	1	1.45898	0.81042	0	
1257807	8483.40332	3305633628821	0.25947	0.37121	8483.34277	0.06055	11539	1	0.25364	0.30015	1	0.28460	0.45057	1	0.26912	0.37536	1	0.47647	0.53448	10.32528	1.06647	1	0.73854	0.55996	13.02749	1.06647	1	-0.00459	-0.00929	0.68083	0.00241	1	0.06378	-0.01438	0.68706	0.00368	1	1.45898	0.81042	0	
1257808	8483.41016	3305633695778	0.25885	0.37101	8483.34277	0.06738	11539	1	0.24643	0.28804	1	0.25894	0.45009	1	0.25269	0.36906	1	0.47639	0.53437	10.42642	1.06647	1	0.73860	0.55987	12.98682	1.06647	1	-0.00459	-0.00929	0.68083	0.00235	1	0.06378	-0.01438	0.68706	0.00368	1	1.45898	0.81042	0	
1257809	8483.41699	3305633762896	0.25850	0.37136	8483.34277	0.07422	11539	1	0.24905	0.29488	1	0.26022	0.45562	1	0.25463	0.37525	1	0.47623	0.53433	10.35109	1.05845	1	0.73858	0.55984	12.88445	1.05845	1	-0.00468	-0.00936	0.68552	0.00246	1	0.06378	-0.01433	0.68706	0.00363	1	1.45898	0.81042	0	
1257810	8483.42285	3305633827978	0.25884	0.37259	8483.34277	0.08008	11539	1	0.24619	0.31195	1	0.27974	0.46268	1	0.26296	0.38731	1	0.47630	0.53439	10.57302	1.05043	1	0.73855	0.55984	12.83242	1.05043	1	-0.00468	-0.00936	0.68552	0.00246	1	0.06378	-0.01433	0.68706	0.00362	1	1.45898	0.81042	0	
1257811	8483.42969	3305633896887	0.25992	0.37411	8483.34277	0.08691	11539	1	0.25981	0.32332	1	0.28792	0.46427	1	0.27386	0.39380	1	0.47631	0.53446	9.95530	1.04242	1	0.73860	0.55993	13.01473	1.04242	1	-0.00468	-0.00936	0.68552	0.00249	1	0.06378	-0.01433	0.68706	0.00364	1	1.45898	0.81042	0	
1257812	8483.43652	3305633959988	0.26108	0.37619	8483.34277	0.09375	11539	1	0.26472	0.33600	1	0.28999	0.47479	1	0.27736	0.40539	1	0.47607	0.53445	10.36129	1.02728	1	0.73862	0.55999	12.94154	1.02728	1	-0.00445	-0.00880	0.64457	0.00238	1	0.06378	-0.01433	0.68706	0.00362	1	1.45898	0.81042	0	
1257813	8483.44336	3305634028077	0.26152	0.37945	8483.34277	0.10059	11539	1	0.25601	0.33935	1	0.28028	0.51734	1	0.26814	0.42834	1	0.47623	0.53435	10.67314	1.02015	1	0.73842	0.56023	12.66589	1.02015	1	-0.00445	-0.00880	0.64457	0.00250	1	0.06378	-0.01433	0.68706	0.00365	1	1.45898	0.81042	0	
1257814	8483.45020	3305634095679	0.26201	0.38290	8483.34277	0.10742	11539	1	0.25283	0.35221	1	0.28701	0.52411	1	0.26992	0.43816	1	0.47624	0.53442	10.45044	1.01302	1	0.73856	0.56021	12.70987	1.01302	1	-0.00445	-0.00880	0.64457	0.00253	1	0.06378	-0.01433	0.68706	0.00351	1	1.45898	0.81042	0	
1257815	8483.45703	3305634161851	0.26235	0.38564	8483.34277	0.11426	11539	1	0.25010	0.34553	1	0.28588	0.51885	1	0.26799	0.43219	1	0.47606	0.53454	10.40069	1.02104	1	0.73847	0.56038	12.65667	1.02104	1	-0.00483	-0.00936	0.68560	0.00240	1	0.06323	-0.01422	0.68224	0.00366	1	1.45898	0.81042	0	
1257816	8483.46387	3305634229306	0.26299	0.38809	8483.34277	0.12109	11539	1	0.26776	0.33862	1	0.28135	0.52580	1	0.27456	0.43221	1	0.47606	0.53454	10.40069	1.03618	1	0.73853	0.56042	12.69520	1.03618	1	-0.00483	-0.00936	0.68560	0.00240	1	0.06323	-0.01422	0.68224	0.00363	1	1.45898	0.81042	0	
1257817	8483.46973	3305634294087	0.26312	0.38950	8483.34277	0.12695	11539	1	0.25214	0.31482	1	0.27929	0.51778	1	0.26572	0.41630	1	0.47597	0.53445	10.22620	1.05133	1	0.73848	0.56039	12.65352	1.05133	1	-0.00483	-0.00936	0.68560	0.00233	1	0.06323	-0.01422	0.68224	0.00365	1	1.45898	0.81042	0	
1257818	8483.47656	3305634363626	0.26311	0.39036	8483.34277	0.13379	11539	1	0.24720	0.30211	1	0.27822	0.51300	1	0.26271	0.40756	1	0.47592	0.53436	10.09498	1.06647	1	0.73867	0.56038	12.44019	1.05881	1	-0.00483	-0.00936	0.68560	0.00241	1	0.06114	-0.01367	0.66023	0.00369	1	1.45898	0.81042	0	
1257819	8483.48340	3305634430620	0.26358	0.39115	8483.34277	0.14062	11539	1	0.27228	0.29847	1	0.27497	0.51665	1	0.27363	0.40756	1	0.47603	0.53442	10.37414	1.05881	1	0.73837	0.56054	13.16507	1.05115	1	-0.00483	-0.00936	0.68560	0.00242	1	0.06114	-0.01367	0.66023	0.00366	1	1.45898	0.81042	0	
1257820	8483.49023	3305634497082	0.26428	0.39166	8483.34277	0.14746	11539	1	0.27317	0.30518	1	0.28590	0.50087	1	0.27954	0.40303	1	0.47594	0.53439	10.12686	1.05115	1	0.73859	0.56017	12.90770	1.04349	1	-0.00483	-0.00936	0.68560	0.00246	1	0.06114	-0.01367	0.66023	0.00366	1	1.45898	0.81042	0	
1257821	8483.49707	3305634562568	0.26496	0.39227	8483.34277	0.15430	11539	1	0.27554	0.31167	1	0.28590	0.50087	1	0.28072	0.40627	1	0.47573	0.53451	10.15725	1.04349	1	0.73834	0.55943	11.85788	1.04349	1	-0.00483	-0.00936	0.68560	0.00237	1	0.06431	-0.01434	0.69504	0.00384	1	1.45898	0.81042	0	
1257822	8483.50391	3305634633893	0.26518	0.39260	8483.34277	0.16113	11539	1	0.27348	0.30814	1	0.26752	0.49275	1	0.27050	0.40044	1	0.47586	0.53426	10.39738	1.04349	1	0.73834	0.55966	11.88440	1.05115	1	-0.00483	-0.00936	0.68560	0.00241	1	0.06431	-0.01434	0.69504	0.00376	1	1.45898	0.81042	0	
1257823	8483.51074	3305634701007	0.26515	0.39235	8483.34277	0.16797	11539	1	0.26164	0.31077	1	0.26694	0.46152	1	0.26429	0.38615	1	0.47574	0.53439	10.72601	1.05115	1	0.73828	0.55941	11.75696	1.05881	1	-0.00483	-0.00936	0.68560	0.00229	1	0.06431	-0.01434	0.69504	0.00389	1	1.45898	0.81042	0	
1257824	8483.51758	3305634767326	0.26505	0.39190	8483.34277	0.17480	11539	1	0.25919	0.30432	1	0.26576	0.45628	1	0.26248	0.38030	1	0.47569	0.53423	10.48282	1.05881	1	0.73832	0.55943	11.56985	1.06647	1	-0.00483	-0.00936	0.68560	0.00237	1	0.06431	-0.01434	0.69504	0.00380	1	1.45898	0.81042	0	
1257825	8483.52441	3305634834820	0.26492	0.39152	8483.34277	0.18164	11539	1	0.24208	0.29195	1	0.28091	0.47030	1	0.26150	0.38112	1	0.47556	0.53434	10.56236	1.06647	1	0.73817	0.55906	11.51770	1.06647	1	-0.00483	-0.00936	0.68560	0.00243	1	0.06431	-0.01434	0.69504	0.00398	1	1.45898	0.81042	0	
1257826	8483.53027	3305634902151	0.26502	0.39174	8483.34277	0.18750	11539	1	0.25958	0.28221	1	0.27571	0.51390	1	0.26765	0.39805	1	0.47568	0.53428	10.56183	1.06647	1	0.73809	0.55939	11.52781	1.06647	1	-0.00483	-0.00936	0.68560	0.00235	1	0.06431	-0.01434	0.69504	0.00369	1	1.45898	0.81042	0	
1257827	8483.53711	3305634967944	0.26517	0.39215	8483.34277	0.19434	11539	1	0.26211	0.28909	1	0.27687	0.51897	1	0.26949	0.40403	1	0.47531	0.53437	10.06719	1.05845	1	0.73784	0.55974	12.41527	1.05845	1	-0.00470	-0.00901	0.66037	0.00236	1	0.06431	-0.01434	0.69504	0.00370	1	1.45898	0.81042	0	
1257828	8483.54395	3305635036778	0.26501	0.39290	8483.34277	0.20117	11539	1	0.24566	0.31911	1	0.27468	0.51138	1	0.26017	0.41524	1	0.47506	0.53445	10.29906	1.05043	1	0.73762	0.55938	12.53539	1.05043	1	-0.00470	-0.00901	0.66037	0.00246	1	0.06431	-0.01434	0.69504	0.00380	1	1.45898	0.81042	0	
1257829	8483.55078	3305635102411	0.26510	0.39431	8483.34277	0.20801	11539	1	0.24764	0.32117	1	0.28837	0.55517	1	0.26801	0.43817	1	0.47502	0.53444	10.16331	1.04242	1	0.73792	0.55985	12.90034	1.04242	1	-0.00470	-0.00901	0.66037	0.00243	1	0.06431	-0.01434	0.69504	0.00364	1	1.45898	0.81042	0	
1257830	8483.55762	3305635169424	0.26519	0.39564	8483.34277	0.21484	11539	1	0.24764	0.32117	1	0.28837	0.55517	1	0.26801	0.43817	1	0.47480	0.53475	10.14706	1.04242	1	0.73751	0.56008	12.23475	1.04242	1	-0.00498	-0.00926	0.67813	0.00234	1	0.06294	-0.01408	0.68245	0.00366	1	1.45898	0.81042	0	
1257831	8483.56445	3305635236445	0.26503	0.39726	8483.34277	0.22168	11539	1	0.23825	0.33910	1	0.28148	0.56252	1	0.25986	0.45081	1	0.47486	0.53468	10.25961	1.05043	1	0.73780	0.56010	12.53779	1.05043	1	-0.00498	-0.00926	0.67813	0.00235	1	0.06294	-0.01408	0.68245	0.00371	1	1.45898	0.81042	0	
1257832	8483.57031	3305635302999	0.26473	0.39832	8483.34277	0.22754	11539	1	0.22865	0.31576	1	0.28017	0.55287	1	0.25441	0.43432	1	0.47482	0.53469	10.27231	1.05845	1	0.73780	0.55985	12.41811	1.05845	1	-0.00498	-0.00926	0.67813	0.00232	1	0.06294	-0.01408	0.68245	0.00370	1	1.45898	0.81042	0	
1257833	8483.57715	3305635367684	0.26440	0.39923	8483.34277	0.23438	11539	1	0.22589	0.30907	1	0.28012	0.55266	1	0.25301	0.43087	1	0.47487	0.53469	10.26233	1.06647	1	0.73764	0.55996	13.22821	1.05881	1	-0.00498	-0.00926	0.67813	0.00234	1	0.06191	-0.01383	0.67069	0.00371	1	1.45898	0.81042	0	
1257834	8483.58398	3305635435841	0.26428	0.40028	8483.34277	0.24121	11539	1	0.23303	0.32524	1	0.28710	0.55079	1	0.26007	0.43801	1	0.47487	0.53463	10.12414	1.05881	1	0.73779	0.55976	13.28409	1.05115	1	-0.00498	-0.00926	0.67813	0.00235	1	0.06191	-0.01383	0.67069	0.00359	1	1.45898	0.81042	0	
1257835	8483.59082	3305635504835	0.26422	0.40123	8483.34277	0.24805	11539	1	0.23211	0.32227	1	0.29187	0.55069	1	0.26199	0.43648	1	0.47487	0.53469	10.26233	1.05115	1	0.73798	0.55983	13.21266	1.04349	1	-0.00498	-0.00926	0.67813	0.00234	1	0.06191	-0.01383	0.67069	0.00355	1	1.45898	0.81042	0	
1257836	8483.59766	3305635571490	0.26421	0.40227	8483.34277	0.25488	11539	1	0.23475	0.32865	1	0.29289	0.55538	1	0.26382	0.44202	1	0.47494	0.53459	10.29414	1.04349	1	0.73751	0.55977	12.14795	1.03583	1	-0.00503	-0.00930	0.68498	0.00228	1	0.06191	-0.01383	0.67069	0.00366	1	1.45898	0.81042	0	
1257837	8483.60449	3305635638515	0.26114	0.43005	8483.34277	0.25488	11539	0	0.24236	0.32237	1	0.25197	0.54640	1	0.24716	0.43438	1	0.47490	0.53453	10.54395	1.03583	1	0.73730	0.55977	12.59168	1.03583	1	-0.00503	-0.00930	0.68498	0.00227	1	0.06191	-0.01383	0.67069	0.00365	1	1.45898	0.81042	0	
1257838	8483.61133	3305635705070	0.25084	0.43927	8483.34277	0.25488	11539	0	0.23754	0.34104	1	0.24354	0.55595	1	0.24054	0.44850	1	0.47490	0.53448	10.49495	1.03583	1	0.73724	0.55971	12.64342	1.03583	1	-0.00503	-0.00930	0.68498	0.00240	1	0.06191	-0.01383	0.67069	0.00366	1	1.45898	0.81042	0	
1257839	8483.61816	3305635772446	0.24740	0.44235	8483.34277	0.25488	11539	0	0.23754	0.34104	1	0.24354	0.55595	1	0.24054	0.44850	1	0.47494	0.53449	10.05866	1.03583	1	0.73757	0.55968	12.41545	1.03583	1	-0.00503	-0.00930	0.68498	0.00244	1	0.06191	-0.01383	0.67069	0.00365	1	1.45898	0.81042	0	
1257840	8483.62500	3305635840281	0.25104	0.43973	8483.60449	0.02051	11540	1	0.23868	0.31805	1	0.28525	0.54572	1	0.26197	0.43189	1	0.47491	0.53439	10.33095	1.03583	1	0.73777	0.55972	12.10343	1.03583	1	-0.00503	-0.00930	0.68498	0.00240	1	0.06191	-0.01383	0.67069	0.00362	1	1.45898	0.81042	0	
1257841	8483.63086	3305635906382	0.25311	0.44143	8483.60449	0.02637	11540	1	0.23028	0.34530	1	0.29244	0.55118	1	0.26136	0.44824	1	0.47474	0.53457	10.16785	1.03583	1	0.73794	0.55982	13.03664	1.03583	1	-0.00503	-0.00930	0.68498	0.00241	1	0.06191	-0.01383	0.67069	0.00356	1	1.45898	0.81042	0	
1257842	8483.63770	3305635971851	0.25448	0.44257	8483.60449	0.03320	11540	1	0.23028	0.34530	1	0.29244	0.55118	1	0.26136	0.44824	1	0.47473	0.53460	10.06699	1.03583	1	0.73794	0.55982	13.03664	1.03583	1	-0.00503	-0.00930	0.68498	0.00244	1	0.06191	-0.01383	0.67069	0.00356	1	1.45898	0.81042	0	
1257843	8483.64453	3305636036125	0.25577	0.44171	8483.60449	0.04004	11540	1	0.24342	0.32630	1	0.28362	0.54684	1	0.26352	0.43657	1	0.47485	0.53449	10.25100	1.03583	1	0.73783	0.55972	12.10927	1.03583	1	-0.00503	-0.00930	0.68498	0.00228	1	0.06191	-0.01383	0.67069	0.00359	1	1.45898	0.81042	0	
1257844	8483.65137	3305636106752	0.25606	0.44255	8483.60449	0.04688	11540	1	0.23255	0.34995	1	0.28362	0.54684	1	0.25808	0.44839	1	0.47473	0.53453	9.71049	1.03583	1	0.73783	0.55972	12.10927	1.03583	1	-0.00503	-0.00930	0.68498	0.00232	1	0.06191	-0.01383	0.67069	0.00359	1	1.45898	0.81042	0	
1257845	8483.65723	3305636170379	0.25629	0.44320	8483.60449	0.05273	11540	1	0.23255	0.34995	1	0.28362	0.54684	1	0.25808	0.44839	1	0.47473	0.53453	9.71049	1.03583	1	0.73765	0.55946	12.01722	1.03583	1	-0.00503	-0.00930	0.68498	0.00233	1	0.06191	-0.01383	0.67069	0.00361	1	1.45898	0.81042	0	
1257846	8483.66406	3305636238593	0.25653	0.44219	8483.60449	0.05957	11540	1	0.23048	0.33520	1	0.28688	0.53099	1	0.25868	0.43310	1	0.47479	0.53447	10.07332	1.03583	1	0.73782	0.55962	12.19593	1.03583	1	-0.00503	-0.00930	0.68498	0.00230	1	0.06191	-0.01383	0.67069	0.00359	1	1.45898	0.81042	0	
1257847	8483.67090	3305636308275	0.25602	0.44297	8483.60449	0.06641	11540	1	0.23309	0.38530	1	0.26882	0.51642	1	0.25095	0.45086	1	0.47474	0.53457	10.15689	1.03583	1	0.73756	0.55986	12.37359	1.03583	1	-0.00503	-0.00930	0.68498	0.00243	1	0.06191	-0.01383	0.67069	0.00357	1	1.45898	0.81042	0	
1257848	8483.67773	3305636375086	0.25555	0.44342	8483.60449	0.07324	11540	1	0.23309	0.38530	1	0.26763	0.51145	1	0.25036	0.44838	1	0.47494	0.53452	10.17463	1.03583	1	0.73774	0.55949	11.91617	1.04349	1	-0.00503	-0.00930	0.68498	0.00228	1	0.06256	-0.01397	0.67721	0.00356	1	1.45898	0.81042	0	
1257849	8483.68457	3305636441843	0.25586	0.44334	8483.60449	0.08008	11540	1	0.23850	0.34434	1	0.28082	0.54020	1	0.25966	0.44227	1	0.47487	0.53461	10.34571	1.04349	1	0.73778	0.55977	12.63968	1.05115	1	-0.00503	-0.00930	0.68498	0.00234	1	0.06256	-0.01397	0.67721	0.00355	1	1.45898	0.81042	0	
1257850	8483.69141	3305636509725	0.25466	0.44331	8483.60449	0.08691	11540	1	0.21927	0.35456	1	0.25879	0.53143	1	0.23903	0.44300	1	0.47463	0.53447	10.35594	1.05115	1	0.73738	0.55988	12.37657	1.05881	1	-0.00503	-0.00930	0.68498	0.00226	1	0.06256	-0.01397	0.67721	0.00359	1	1.45898	0.81042	0	
1257851	8483.69824	3305636577023	0.25363	0.44331	8483.60449	0.09375	11540	1	0.21939	0.35485	1	0.25884	0.53165	1	0.23912	0.44325	1	0.47469	0.53444	10.25206	1.05079	1	0.73738	0.55949	12.08928	1.05845	1	-0.00479	-0.00900	0.65928	0.00233	1	0.06256	-0.01397	0.67721	0.00359	1	1.45898	0.81042	0	
1257852	8483.70508	3305636642820	0.25359	0.44349	8483.60449	0.10059	11540	1	0.22751	0.36530	1	0.27847	0.52720	1	0.25299	0.44625	1	0.47478	0.53444	9.92692	1.05043	1	0.73770	0.55950	12.06357	1.05043	1	-0.00479	-0.00900	0.65928	0.00230	1	0.06256	-0.01397	0.67721	0.00348	1	1.45898	0.81042	0	
1257853	8483.71191	3305636710113	0.25277	0.44328	8483.60449	0.10742	11540	1	0.20691	0.37801	1	0.27265	0.50180	1	0.23978	0.43991	1	0.47476	0.53455	10.07463	1.04242	1	0.73763	0.55928	12.09602	1.04242	1	-0.00479	-0.00900	0.65928	0.00235	1	0.06256	-0.01397	0.67721	0.00361	1	1.45898	0.81042	0	
1257854	8483.71777	3305636777035	0.25220	0.44356	8483.60449	0.11328	11540	1	0.20988	0.38432	1	0.27502	0.51212	1	0.24245	0.44822	1	0.47507	0.53445	10.01658	1.03440	1	0.73754	0.55941	12.49358	1.02674	1	-0.00481	-0.00897	0.66109	0.00237	1	0.06114	-0.01364	0.66135	0.00369	1	1.45898	0.81042	0	
1257855	8483.72461	3305636843727	0.25244	0.44544	8483.60449	0.12012	11540	1	0.23243	0.38871	1	0.28108	0.56986	1	0.25676	0.47929	1	0.47510	0.53451	9.99732	1.02674	1	0.73761	0.55973	12.68044	1.01908	1	-0.00481	-0.00897	0.66109	0.00221	1	0.06114	-0.01364	0.66135	0.00352	1	1.45898	0.81042	0	
1257856	8483.73145	3305636911137	0.25254	0.44747	8483.60449	0.12695	11540	1	0.22655	0.39757	1	0.28221	0.57452	1	0.25438	0.48605	1	0.47500	0.53458	9.47703	1.01908	1	0.73761	0.55973	12.68044	1.01142	1	-0.00481	-0.00897	0.66109	0.00230	1	0.06114	-0.01364	0.66135	0.00351	1	1.45898	0.81042	0	
1257857	8483.73828	3305636977622	0.25269	0.44945	8483.60449	0.13379	11540	1	0.22934	0.40358	1	0.28221	0.57452	1	0.25578	0.48905	1	0.47517	0.53452	9.81478	1.01142	1	0.73783	0.55975	12.08089	1.01142	1	-0.00470	-0.00901	0.66037	0.00221	1	0.06431	-0.01434	0.69504	0.00355	1	1.45898	0.81042	0	
1257858	8483.74512	3305637044980	0.25198	0.45005	8483.60449	0.14062	11540	1	0.23702	0.35378	1	0.23706	0.57163	1	0.23704	0.46270	1	0.47508	0.53440	10.13047	1.01142	1	0.73764	0.55998	12.06852	1.01908	1	-0.00470	-0.00901	0.66037	0.00221	1	0.06431	-0.01434	0.69504	0.00365	1	1.45898	0.81042	0	
1257859	8483.75195	3305637111972	0.25168	0.44956	8483.60449	0.14746	11540	1	0.24749	0.34489	1	0.24259	0.53286	1	0.24504	0.43888	1	0.47526	0.53438	9.92387	1.01908	1	0.73783	0.55958	12.36235	1.02674	1	-0.00470	-0.00901	0.66037	0.00211	1	0.06431	-0.01434	0.69504	0.00355	1	1.45898	0.81042	0	
1257860	8483.75879	3305637178812	0.25123	0.44864	8483.60449	0.15430	11540	1	0.24213	0.33178	1	0.23974	0.52288	1	0.24093	0.42733	1	0.47542	0.53455	9.83248	1.03476	1	0.73792	0.55977	12.27690	1.04242	1	-0.00473	-0.00911	0.67127	0.00214	1	0.06431	-0.01434	0.69504	0.00345	1	1.45898	0.81042	0	
1257861	8483.76465	3305637245808	0.25032	0.44846	8483.60449	0.16016	11540	1	0.21077	0.33720	1	0.24631	0.55112	1	0.22854	0.44416	1	0.47538	0.53451	9.81444	1.05043	1	0.73798	0.55990	12.19205	1.05043	1	-0.00473	-0.00911	0.67127	0.00213	1	0.06431	-0.01434	0.69504	0.00361	1	1.45898	0.81042	0	
1257862	8483.77148	3305637313478	0.24939	0.44816	8483.60449	0.16699	11540	1	0.21239	0.32770	1	0.23981	0.55352	1	0.22610	0.44061	1	0.47537	0.53461	9.91861	1.05845	1	0.73794	0.55984	12.30058	1.05845	1	-0.00473	-0.00911	0.67127	0.00214	1	0.06431	-0.01434	0.69504	0.00367	1	1.45898	0.81042	0	
1257863	8483.77832	3305637381076	0.24847	0.44775	8483.60449	0.17383	11540	1	0.20953	0.32110	1	0.23975	0.55330	1	0.22464	0.43720	1	0.47534	0.53464	9.77368	1.06647	1	0.73834	0.56007	11.79950	1.05881	1	-0.00483	-0.00936	0.68560	0.00228	1	0.06061	-0.01350	0.65454	0.00362	1	1.45898	0.81042	0	
1257864	8483.78516	3305637448206	0.24835	0.44740	8483.60449	0.18066	11540	1	0.22187	0.30020	1	0.26791	0.57590	1	0.24489	0.43805	1	0.47543	0.53441	9.51933	1.05881	1	0.73834	0.56019	11.69896	1.05115	1	-0.00483	-0.00936	0.68560	0.00228	1	0.06061	-0.01350	0.65454	0.00369	1	1.45898	0.81042	0	
1257865	8483.79199	3305637514727	0.24796	0.44779	8483.60449	0.18750	11540	1	0.21308	0.33241	1	0.26122	0.58494	1	0.23715	0.45868	1	0.47538	0.53451	9.63192	1.05115	1	0.73827	0.56018	11.87704	1.04349	1	-0.00483	-0.00936	0.68560	0.00227	1	0.06061	-0.01350	0.65454	0.00361	1	1.45898	0.81042	0	
1257866	8483.79883	3305637580974	0.24772	0.44845	8483.60449	0.19434	11540	1	0.21874	0.34533	1	0.26252	0.58958	1	0.24063	0.46746	1	0.47579	0.53458	9.69749	1.03547	1	0.73846	0.55969	11.89505	1.03547	1	-0.00455	-0.00885	0.65186	0.00221	1	0.06266	-0.01395	0.67616	0.00381	1	1.45898	0.81042	0	
1257867	8483.80566	3305637647872	0.24795	0.44820	8483.60449	0.20117	11540	1	0.23144	0.37248	1	0.27881	0.50874	1	0.25513	0.44061	1	0.47583	0.53442	9.35219	1.02746	1	0.73842	0.55940	11.72940	1.03512	1	-0.00455	-0.00885	0.65186	0.00223	1	0.06266	-0.01395	0.67616	0.00384	1	1.45898	0.81042	0	
1257868	8483.81152	3305637714811	0.24791	0.44680	8483.60449	0.20703	11540	1	0.23062	0.32233	1	0.26249	0.48484	1	0.24655	0.40359	1	0.47582	0.53434	9.20648	1.02710	1	0.73850	0.55977	12.01287	1.03476	1	-0.00455	-0.00885	0.65186	0.00219	1	0.06266	-0.01395	0.67616	0.00369	1	1.45898	0.81042	0	
1257869	8483.81836	3305637781751	0.24781	0.44531	8483.60449	0.21387	11540	1	0.22792	0.31580	1	0.26125	0.47965	1	0.24458	0.39772	1	0.47605	0.53449	9.27270	1.03476	1	0.73859	0.55945	11.61189	1.04242	1	-0.00455	-0.00916	0.67490	0.00218	1	0.06378	-0.01417	0.68706	0.00384	1	1.45898	0.81042	0	
1257870	8483.82520	3305637848905	0.24760	0.44428	8483.60449	0.22070	11540	1	0.24644	0.31784	1	0.23504	0.50265	1	0.24074	0.41025	1	0.47617	0.53446	9.68875	1.05043	1	0.73860	0.55977	11.73251	1.05043	1	-0.00455	-0.00916	0.67490	0.00210	1	0.06378	-0.01417	0.68706	0.00383	1	1.45898	0.81042	0	
1257871	8483.83203	3305637916259	0.24712	0.44295	8483.60449	0.22754	11540	1	0.20580	0.31230	1	0.25550	0.48298	1	0.23065	0.39764	1	0.47608	0.53456	9.68325	1.05845	1	0.73898	0.55975	11.08998	1.05845	1	-0.00455	-0.00916	0.67490	0.00208	1	0.06378	-0.01417	0.68706	0.00377	1	1.45898	0.81042	0	
1257872	8483.83789	3305637978451	0.24660	0.44152	8483.60449	0.23340	11540	1	0.20290	0.30558	1	0.25419	0.47766	1	0.22854	0.39162	1	0.47606	0.53447	9.71614	1.06647	1	0.73898	0.56030	11.41596	1.06647	1	-0.00455	-0.00916	0.67490	0.00218	1	0.06378	-0.01417	0.68706	0.00360	1	1.45898	0.81042	0	
1257873	8483.84570	3305638050173	0.24637	0.44056	8483.60449	0.24121	11540	1	0.21379	0.30773	1	0.26223	0.50377	1	0.23801	0.40575	1	0.47615	0.53439	9.46405	1.06647	1	0.73894	0.56045	11.45987	1.06647	1	-0.00455	-0.00916	0.67490	0.00210	1	0.06378	-0.01417	0.68706	0.00365	1	1.45898	0.81042	0	
1257874	8483.85254	3305638116353	0.24610	0.43947	8483.60449	0.24805	11540	1	0.20420	0.31945	1	0.26790	0.47936	1	0.23605	0.39940	1	0.47613	0.53454	8.85068	1.06647	1	0.73914	0.56038	11.43104	1.06647	1	-0.00455	-0.00916	0.67490	0.00237	1	0.06378	-0.01417	0.68706	0.00363	1	1.45898	0.81042	0	
1257875	8483.85840	3305638179937	0.24589	0.43860	8483.60449	0.25391	11540	1	0.20710	0.32607	1	0.26912	0.48468	1	0.23811	0.40537	1	0.47650	0.53446	9.17354	1.05845	1	0.73894	0.56036	11.16921	1.05845	1	-0.00441	-0.00901	0.66025	0.00214	1	0.06297	-0.01402	0.67728	0.00368	1	1.45898	0.81042	0	
1257876	8483.86523	3305638247747	0.24570	0.43817	8483.60449	0.26074	11540	1	0.21327	0.31678	1	0.26271	0.52580	1	0.23799	0.42129	1	0.47645	0.53449	9.11255	1.05043	1	0.73907	0.56061	11.54763	1.05043	1	-0.00441	-0.00901	0.66025	0.00219	1	0.06297	-0.01402	0.67728	0.00359	1	1.45898	0.81042	0	
1257877	8483.87207	3305638313827	0.24039	0.41296	8483.60449	0.26074	11540	0	0.23229	0.31814	1	0.26304	0.51141	1	0.24767	0.41477	1	0.47651	0.53446	9.15305	1.04242	1	0.73899	0.56038	11.34775	1.04242	1	-0.00441	-0.00901	0.66025	0.00214	1	0.06297	-0.01402	0.67728	0.00358	1	1.45898	0.81042	0	
1257878	8483.87891	3305638380555	0.24504	0.41686	8483.60449	0.26074	11540	0	0.23507	0.32491	1	0.26433	0.51661	1	0.24970	0.42076	1	0.47670	0.53444	9.10246	1.03440	1	0.73944	0.56066	12.14690	1.03440	1	-0.00433	-0.00907	0.66438	0.00204	1	0.06291	-0.01403	0.67556	0.00350	1	1.45898	0.81042	0	
1257879	8483.88574	3305638450767	0.25452	0.42974	8483.60449	0.26074	11540	0	0.23607	0.34794	1	0.31088	0.56308	1	0.27348	0.45551	1	0.47660	0.53457	9.06099	1.03440	1	0.73966	0.56083	11.35726	1.03440	1	-0.00433	-0.00907	0.66438	0.00213	1	0.06291	-0.01403	0.67556	0.00357	1	1.45898	0.81042	0	
1257880	8483.89258	3305638516558	0.25279	0.43176	8483.87207	0.02051	11541	1	0.23163	0.31800	1	0.26357	0.55763	1	0.24760	0.43782	1	0.47667	0.53437	8.85963	1.03440	1	0.73942	0.56085	12.00559	1.03440	1	-0.00433	-0.00907	0.66438	0.00206	1	0.06291	-0.01403	0.67556	0.00357	1	1.45898	0.81042	0	
1257881	8483.89844	3305638583627	0.25134	0.43180	8483.87207	0.02637	11541	1	0.22883	0.31118	1	0.26228	0.55274	1	0.24555	0.43196	1	0.47674	0.53443	9.13200	1.04242	1	0.73946	0.56057	12.53309	1.04242	1	-0.00446	-0.00938	0.69111	0.00202	1	0.06349	-0.01421	0.68173	0.00358	1	1.45898	0.81042	0	
1257882	8483.90527	3305638651533	0.24998	0.43137	8483.87207	0.03320	11541	1	0.23712	0.33048	1	0.24923	0.52793	1	0.24318	0.42921	1	0.47692	0.53438	9.03095	1.05043	1	0.73926	0.56076	11.92028	1.05043	1	-0.00446	-0.00938	0.69111	0.00207	1	0.06349	-0.01421	0.68173	0.00361	1	1.45898	0.81042	0	
1257883	8483.91211	3305638716577	0.24664	0.42909	8483.87207	0.04004	11541	1	0.22483	0.31233	1	0.22835	0.51850	1	0.22659	0.41542	1	0.47677	0.53450	8.90414	1.05845	1	0.73931	0.56071	12.10218	1.05845	1	-0.00446	-0.00938	0.69111	0.00208	1	0.06349	-0.01421	0.68173	0.00360	1	1.45898	0.81042	0	
1257884	8483.91895	3305638782291	0.24387	0.42664	8483.87207	0.04688	11541	1	0.22206	0.30562	1	0.22683	0.51345	1	0.22444	0.40953	1	0.47694	0.53459	8.83896	1.06647	1	0.73950	0.56089	11.65699	1.06647	1	-0.00439	-0.00929	0.68045	0.00209	1	0.06291	-0.01414	0.67556	0.00351	1	1.45898	0.81042	0	
1257885	8483.92578	3305638850331	0.24216	0.42729	8483.87207	0.05371	11541	1	0.20997	0.31432	1	0.24710	0.55053	1	0.22854	0.43242	1	0.47696	0.53460	8.82231	1.06647	1	0.73954	0.56089	11.72088	1.06647	1	-0.00439	-0.00929	0.68045	0.00208	1	0.06291	-0.01414	0.67556	0.00350	1	1.45898	0.81042	0	
1257886	8483.93262	3305638918455	0.24131	0.42619	8483.87207	0.06055	11541	1	0.21418	0.33076	1	0.25316	0.50186	1	0.23367	0.41631	1	0.47700	0.53478	9.28011	1.06647	1	0.73966	0.56046	11.40691	1.06647	1	-0.00439	-0.00929	0.68045	0.00208	1	0.06291	-0.01414	0.67556	0.00355	1	1.45898	0.81042	0	
1257887	8483.93945	3305638985500	0.24062	0.42529	8483.87207	0.06738	11541	1	0.21418	0.33076	1	0.25316	0.50186	1	0.23367	0.41631	1	0.47697	0.53477	9.37093	1.06647	1	0.73943	0.56108	11.73982	1.06647	1	-0.00446	-0.00938	0.69111	0.00208	1	0.06291	-0.01414	0.67556	0.00350	1	1.45898	0.81042	0	
1257888	8483.94531	3305639050625	0.23900	0.42634	8483.87207	0.07324	11541	1	0.19974	0.32574	1	0.24258	0.55014	1	0.22116	0.43794	1	0.47681	0.53465	8.71498	1.06647	1	0.73957	0.56100	11.72221	1.06647	1	-0.00446	-0.00938	0.69111	0.00213	1	0.06291	-0.01414	0.67556	0.00348	1	1.45898	0.81042	0	
1257889	8483.95215	3305639116610	0.23823	0.42837	8483.87207	0.08008	11541	1	0.21795	0.35769	1	0.24004	0.54758	1	0.22899	0.45263	1	0.47702	0.53455	8.89334	1.06647	1	0.73953	0.56092	11.63300	1.06647	1	-0.00446	-0.00938	0.69111	0.00203	1	0.06291	-0.01414	0.67556	0.00346	1	1.45898	0.81042	0	
1257890	8483.95898	3305639187124	0.23836	0.43688	8483.87207	0.08691	11541	1	0.21795	0.35769	0	0.24004	0.54758	1	0.24004	0.54758	1	0.47702	0.53455	8.89334	1.06647	0	0.47727	0.53377	9.13721	1.06647	1	-0.00446	-0.00938	0.69111	0.00203	1	-0.00439	-0.00919	0.68045	0.00198	1	1.45898	0.81042	0	AUDIO_FILE_OFFSET
1257891	8483.96582	3305639255236	0.22922	0.42121	8483.87207	0.09375	11541	1	0.21795	0.35769	0	0.10123	0.20182	1	0.10123	0.20182	1	0.47702	0.53455	8.89334	1.06647	0	0.47728	0.53354	9.33590	1.06647	1	-0.00446	-0.00938	0.69111	0.00203	1	-0.00439	-0.00919	0.68045	0.00212	1	1.45898	0.81042	0	
1257892	8483.97266	3305639324568	0.22113	0.40958	8483.87207	0.10059	11541	1	0.21795	0.35769	0	0.09991	0.23507	1	0.09991	0.23507	1	0.47702	0.53455	8.89334	1.06647	0	0.47719	0.53367	9.20398	1.06647	1	-0.00446	-0.00938	0.69111	0.00203	1	-0.00439	-0.00919	0.68045	0.00209	1	1.45898	0.81042	0	
1257893	8483.97949	3305639387712	0.21400	0.39931	8483.87207	0.10742	11541	1	0.21795	0.35769	0	0.09991	0.23507	1	0.09991	0.23507	1	0.47702	0.53455	8.89334	1.06647	0	0.47728	0.53354	9.33590	1.06647	1	-0.00446	-0.00938	0.69111	0.00203	1	-0.00439	-0.00919	0.68045	0.00212	1	1.45898	0.81042	0	
1258045	8484.99707	3305649570168	0.41155	0.47548	8484.93750	0.05957	11548	1	0.46737	0.56465	0	0.42390	0.50242	0	0.42390	0.50242	0	0.48223	0.53982	9.30132	1.13753	0	0.74251	0.56155	10.51454	1.13753	0	-0.00415	-0.00956	0.70063	0.00256	1	0.06582	-0.01486	0.70507	0.00345	1	1.45898	0.81042	0	START_TRIAL
1258046	8485.00391	3305649637044	0.41308	0.47825	8484.93750	0.06641	11548	1	0.46737	0.56465	0	0.42383	0.49767	1	0.42383	0.49767	1	0.48223	0.53982	9.30132	1.13753	0	0.74217	0.56114	11.20846	1.12885	1	-0.00415	-0.00956	0.70063	0.00256	1	0.06349	-0.01432	0.68173	0.00346	1	1.45898	0.81042	0	
1258047	8485.01074	3305649704572	0.41355	0.47170	8484.93750	0.07324	11548	1	0.46737	0.56465	0	0.41732	0.41928	1	0.41732	0.41928	1	0.48223	0.53982	9.30132	1.12885	0	0.74228	0.56083	10.91643	1.12017	1	-0.00415	-0.00956	0.70063	0.00256	1	0.06349	-0.01432	0.68173	0.00365	1	1.45898	0.81042	0	
1258048	8485.01758	3305649771316	0.41367	0.47135	8484.93750	0.08008	11548	1	0.46737	0.56465	0	0.41474	0.46816	1	0.41474	0.46816	1	0.48223	0.53982	9.30132	1.12017	0	0.74226	0.56073	10.92247	1.11149	1	-0.00415	-0.00956	0.70063	0.00256	1	0.06349	-0.01432	0.68173	0.00358	1	1.45898	0.81042	0	
1258049	8485.02441	3305649838720	0.41379	0.47203	8484.93750	0.08691	11548	1	0.46737	0.56465	0	0.41502	0.47887	1	0.41502	0.47887	1	0.48223	0.53982	9.30132	1.11149	0	0.74226	0.56118	11.66576	1.09515	1	-0.00415	-0.00956	0.70063	0.00256	1	0.06133	-0.01382	0.65805	0.00345	1	1.45898	0.81042	0	
1258050	8485.03125	3305649905134	0.41379	0.47203	8484.93750	0.09375	11548	1	0.46737	0.56465	0	0.41502	0.47887	0	0.41502	0.47887	0	0.48223	0.53982	9.30132	1.09515	0	0.74226	0.56118	11.66576	1.08749	0	-0.00415	-0.00956	0.70063	0.00256	1	0.06133	-0.01382	0.65805	0.00345	1	1.45898	0.81042	0	
1258051	8485.03809	3305649972799	0.41379	0.47203	8484.93750	0.10059	11548	1	0.46737	0.56465	0	0.41502	0.47887	0	0.41502	0.47887	0	0.48223	0.53982	9.30132	1.08749	0	0.74226	0.56118	11.66576	1.07983	0	-0.00415	-0.00956	0.70063	0.00256	1	0.06133	-0.01382	0.65805	0.00345	1	1.45898	0.81042	0	
1258052	8485.04492	3305650040294	0.41393	0.47386	8484.93750	0.10742	11548	1	0.46737	0.56465	0	0.41542	0.49395	1	0.41542	0.49395	1	0.48223	0.53982	9.30132	1.07983	0	0.74216	0.56075	11.15063	1.07217	1	-0.00415	-0.00956	0.70063	0.00256	1	0.06133	-0.01382	0.65805	0.00339	1	1.45898	0.81042	0	
1258053	8485.05078	3305650105597	0.41393	0.47386	8484.93750	0.11328	11548	1	0.46737	0.56465	0	0.41542	0.49395	0	0.41542	0.49395	0	0.48223	0.53982	9.30132	1.07217	0	0.74216	0.56075	11.15063	1.07217	0	-0.00415	-0.00956	0.70063	0.00256	1	0.06133	-0.01382	0.65805	0.00339	1	1.45898	0.81042	0	
1258054	8485.05762	3305650173478	0.41393	0.47386	8484.93750	0.12012	11548	1	0.46737	0.56465	0	0.41542	0.49395	0	0.41542	0.49395	0	0.48223	0.53982	9.30132	1.07217	0	0.74216	0.56075	11.15063	1.07217	0	-0.00415	-0.00956	0.70063	0.00256	1	0.06133	-0.01382	0.65805	0.00339	1	1.45898	0.81042	0	
1258055	8485.06445	3305650241362	0.41393	0.47386	8484.93750	0.12695	11548	1	0.46737	0.56465	0	0.41542	0.49395	0	0.41542	0.49395	0	0.48223	0.53982	9.30132	1.07217	0	0.74216	0.56075	11.15063	1.07217	0	-0.00415	-0.00956	0.70063	0.00256	1	0.06133	-0.01382	0.65805	0.00339	1	1.45898	0.81042	0	
1258056	8485.07129	3305650308685	0.41481	0.47720	8484.93750	0.12695	11548	0	0.46737	0.56465	0	0.41542	0.49395	0	0.41542	0.49395	0	0.48223	0.53982	9.30132	1.07217	0	0.74216	0.56075	11.15063	1.07217	0	-0.00415	-0.00956	0.70063	0.00256	1	0.06133	-0.01382	0.65805	0.00339	1	1.45898	0.81042	0	
1258057	8485.07812	3305650372827	0.41481	0.47720	8484.93750	0.12695	11548	0	0.46737	0.56465	0	0.41542	0.49395	0	0.41542	0.49395	0	0.48223	0.53982	9.30132	1.07217	0	0.74216	0.56075	11.15063	1.07217	0	-0.00415	-0.00956	0.70063	0.00256	1	0.06133	-0.01382	0.65805	0.00339	1	1.45898	0.81042	0	
1258058	8485.08496	3305650441550	0.41481	0.47720	8484.93750	0.12695	11548	0	0.46737	0.56465	0	0.41542	0.49395	0	0.41542	0.49395	0	0.48223	0.53982	9.30132	1.07217	0	0.74216	0.56075	11.15063	1.07217	0	-0.00415	-0.00956	0.70063	0.00256	1	0.06133	-0.01382	0.65805	0.00339	1	1.45898	0.81042	0	
1258059	8485.09180	3305650508675	0.00000	0.00000	8484.93750	0.12695	11548	0	0.46737	0.56465	0	0.41542	0.49395	0	0.41542	0.49395	0	0.48223	0.53982	9.30132	1.07217	0	0.74216	0.56075	11.15063	1.07217	0	-0.00415	-0.00956	0.70063	0.00256	1	0.06133	-0.01382	0.65805	0.00339	1	1.45898	0.81042	0	
1258060	8485.09766	3305650575310	0.00000	0.00000	8484.93750	0.12695	11548	0	0.46737	0.56465	0	0.41542	0.49395	0	0.41542	0.49395	0	0.48223	0.53982	9.30132	1.07217	0	0.74216	0.56075	11.15063	1.07217	0	-0.00415	-0.00956	0.70063	0.00256	1	0.06133	-0.01382	0.65805	0.00339	1	1.45898	0.81042	0	
1258061	8485.10449	3305650640473	0.00000	0.00000	8484.93750	0.12695	11548	0	0.46737	0.56465	0	0.41542	0.49395	0	0.41542	0.49395	0	0.48223	0.53982	9.30132	1.07217	0	0.74216	0.56075	11.15063	1.07217	0	-0.00415	-0.00956	0.70063	0.00256	1	0.06133	-0.01382	0.65805	0.00339	1	1.45898	0.81042	0	
1258062	8485.11133	3305650709629	0.51408	0.60532	8484.93750	0.12695	11548	0	0.52396	0.59977	1	0.50421	0.61087	1	0.51408	0.60532	1	0.48335	0.54008	10.12904	1.07217	1	0.74584	0.56290	11.35132	1.07217	1	-0.00415	-0.00956	0.70063	0.00323	1	0.06133	-0.01382	0.65805	0.00323	1	1.45898	0.81042	0	
1258063	8485.11816	3305650776325	0.51047	0.57782	8484.93750	0.12695	11548	0	0.54883	0.57934	1	0.46487	0.52128	1	0.50685	0.55031	1	0.48377	0.53942	9.71852	1.07217	1	0.74544	0.56292	11.16055	1.07217	1	-0.00415	-0.00956	0.70063	0.00302	1	0.06133	-0.01382	0.65805	0.00327	1	1.45898	0.81042	0	
1258064	8485.12500	3305650843226	0.50930	0.56784	8484.93750	0.12695	11548	0	0.54883	0.57934	1	0.46508	0.51642	1	0.50696	0.54788	1	0.48481	0.53939	9.36001	1.07217	1	0.74596	0.56390	11.76518	1.07983	1	-0.00397	-0.01005	0.70533	0.00336	1	0.06485	-0.01482	0.68858	0.00324	1	1.45898	0.81042	0	
1258065	8485.13184	3305650910470	0.51956	0.56384	8485.11133	0.02051	11549	1	0.57997	0.55963	1	0.52075	0.54409	1	0.55036	0.55186	1	0.48508	0.53968	9.73690	1.07983	1	0.74683	0.56337	10.77948	1.08749	1	-0.00397	-0.01005	0.70533	0.00329	1	0.06485	-0.01482	0.68858	0.00326	1	1.45898	0.81042	0	
1258066	8485.13867	3305650977260	0.52344	0.55691	8485.11133	0.02734	11549	1	0.56319	0.50932	1	0.51475	0.54899	1	0.53897	0.52915	1	0.48493	0.53969	9.70484	1.08749	1	0.74662	0.56345	11.00301	1.09515	1	-0.00397	-0.01005	0.70533	0.00316	1	0.06485	-0.01482	0.68858	0.00312	1	1.45898	0.81042	0	
1258067	8485.14453	3305651044327	0.52603	0.55242	8485.11133	0.03320	11549	1	0.56329	0.51020	1	0.51465	0.54984	1	0.53897	0.53002	1	0.48511	0.54025	9.82321	1.08607	1	0.74714	0.56341	11.34375	1.09373	1	-0.00376	-0.00965	0.67736	0.00296	1	0.06303	-0.01436	0.66924	0.00305	1	1.45898	0.81042	0	
1258068	8485.15137	3305651110905	0.53011	0.55442	8485.11133	0.04004	11549	1	0.56718	0.54419	1	0.54192	0.58859	1	0.55455	0.56639	1	0.48491	0.53999	9.05594	1.08464	1	0.74707	0.56364	11.46867	1.08464	1	-0.00376	-0.00965	0.67736	0.00313	1	0.06303	-0.01436	0.66924	0.00311	1	1.45898	0.81042	0	
1258069	8485.15820	3305651178107	0.53170	0.55708	8485.11133	0.04688	11549	1	0.56779	0.56675	1	0.51792	0.58473	1	0.54286	0.57574	1	0.48496	0.54003	9.47856	1.07555	1	0.74676	0.56366	10.52183	1.07555	1	-0.00376	-0.00965	0.67736	0.00313	1	0.06303	-0.01436	0.66924	0.00310	1	1.45898	0.81042	0	
1258070	8485.16504	3305651245410	0.53290	0.55998	8485.11133	0.05371	11549	1	0.56841	0.57190	1	0.51666	0.59437	1	0.54253	0.58314	1	0.48495	0.54017	9.52503	1.06647	1	0.74710	0.56342	10.97326	1.05881	1	-0.00376	-0.00965	0.67736	0.00304	1	0.06185	-0.01412	0.65619	0.00310	1	1.45898	0.81042	0	
1258071	8485.17188	3305651312398	0.53518	0.56426	8485.11133	0.06055	11549	1	0.56911	0.54713	1	0.54233	0.65853	1	0.55572	0.60283	1	0.48492	0.54016	9.28823	1.05881	1	0.74721	0.56390	11.90386	1.05115	1	-0.00376	-0.00965	0.67736	0.00311	1	0.06185	-0.01412	0.65619	0.00312	1	1.45898	0.81042	0	
1258072	8485.17871	3305651379284	0.53632	0.56986	8485.11133	0.06738	11549	1	0.55678	0.56944	1	0.53852	0.68210	1	0.54765	0.62577	1	0.48478	0.54028	9.65550	1.05115	1	0.74717	0.56376	11.71098	1.04349	1	-0.00376	-0.00965	0.67736	0.00311	1	0.06185	-0.01412	0.65619	0.00317	1	1.45898	0.81042	0	
1258073	8485.18555	3305651445955	0.53732	0.57488	8485.11133	0.07422	11549	1	0.55802	0.57851	1	0.53858	0.68177	1	0.54830	0.63014	1	0.48543	0.54013	9.92353	1.03547	1	0.74708	0.56368	11.24938	1.04415	1	-0.00372	-0.00943	0.66183	0.00314	1	0.06648	-0.01518	0.70533	0.00320	1	1.45898	0.81042	0	
1258074	8485.19238	3305651514146	0.53944	0.57777	8485.11133	0.08105	11549	1	0.60260	0.60344	1	0.52724	0.62143	1	0.56492	0.61244	1	0.48543	0.54009	9.68207	1.03614	1	0.74699	0.56343	10.77567	1.05248	1	-0.00372	-0.00943	0.66183	0.00312	1	0.06648	-0.01518	0.70533	0.00333	1	1.45898	0.81042	0	
1258075	8485.19824	3305651579694	0.54171	0.58110	8485.11133	0.08691	11549	1	0.60413	0.59723	1	0.53818	0.65166	1	0.57115	0.62444	1	0.48542	0.54011	9.83249	1.04446	1	0.74709	0.56376	11.65183	1.06080	1	-0.00372	-0.00943	0.66183	0.00311	1	0.06648	-0.01518	0.70533	0.00314	1	1.45898	0.81042	0	
1258076	8485.20508	3305651644465	0.54367	0.58356	8485.11133	0.09375	11549	1	0.60349	0.58817	1	0.53891	0.64766	1	0.57120	0.61792	1	0.48529	0.54024	9.65841	1.06080	1	0.74712	0.56395	11.19522	1.06846	1	-0.00376	-0.00965	0.67736	0.00309	1	0.06503	-0.01474	0.68940	0.00322	1	1.45898	0.81042	0	
1258077	8485.21191	3305651714214	0.54388	0.58676	8485.11133	0.10059	11549	1	0.59981	0.61513	1	0.49432	0.65439	1	0.54707	0.63476	1	0.48537	0.54025	9.69796	1.07648	1	0.74686	0.56390	11.71056	1.06780	1	-0.00376	-0.00965	0.67736	0.00307	1	0.06503	-0.01474	0.68940	0.00321	1	1.45898	0.81042	0	
1258078	8485.21875	3305651781497	0.54399	0.58832	8485.11133	0.10742	11549	1	0.59730	0.54470	1	0.49407	0.68178	1	0.54569	0.61324	1	0.48540	0.53957	9.62635	1.07581	1	0.74685	0.56403	11.76451	1.06713	1	-0.00376	-0.00965	0.67736	0.00317	1	0.06503	-0.01474	0.68940	0.00314	1	1.45898	0.81042	0	
1258079	8485.22559	3305651848039	0.54410	0.58960	8485.11133	0.11426	11549	1	0.59733	0.54509	1	0.49451	0.67787	1	0.54592	0.61148	1	0.48533	0.53949	9.83150	1.07515	1	0.74706	0.56408	11.66950	1.07515	1	-0.00376	-0.00965	0.67736	0.00293	1	0.06582	-0.01490	0.69722	0.00316	1	1.45898	0.81042	0	
1258080	8485.23242	3305651915320	0.54473	0.59091	8485.11133	0.12109	11549	1	0.59042	0.55470	1	0.52170	0.67403	1	0.55606	0.61437	1	0.48526	0.53958	9.57496	1.07515	1	0.74716	0.56404	11.62897	1.08383	1	-0.00376	-0.00965	0.67736	0.00288	1	0.06582	-0.01490	0.69722	0.00314	1	1.45898	0.81042	0	
1258081	8485.23828	3305651981931	0.55608	0.61740	8485.11133	0.12109	11549	0	0.61195	0.61342	1	0.54148	0.66319	1	0.57671	0.63831	1	0.48560	0.53981	10.42162	1.08383	1	0.74749	0.56403	11.65611	1.09251	1	-0.00376	-0.00965	0.67736	0.00283	1	0.06582	-0.01490	0.69722	0.00313	1	1.45898	0.81042	0	
1258082	8485.24512	3305652048596	0.56602	0.62971	8485.11133	0.12109	11549	0	0.61193	0.61307	1	0.53998	0.67097	1	0.57595	0.64202	1	0.48575	0.53960	9.68253	1.08449	1	0.74723	0.56358	11.10557	1.07683	1	-0.00361	-0.00939	0.65878	0.00294	1	0.06212	-0.01404	0.65696	0.00318	1	1.45898	0.81042	0	
1258083	8485.25195	3305652115088	0.56216	0.60517	8485.11133	0.12109	11549	0	0.59958	0.50395	1	0.50931	0.60820	1	0.55444	0.55608	1	0.48582	0.53853	8.98047	1.06882	1	0.74740	0.56329	10.41721	1.05248	1	-0.00361	-0.00939	0.65878	0.00326	1	0.06212	-0.01404	0.65696	0.00329	1	1.45898	0.81042	0	
1258084	8485.25879	3305652182633	0.55710	0.60564	8485.23828	0.02051	11550	1	0.57232	0.62844	1	0.51155	0.58571	1	0.54194	0.60707	1	0.48530	0.53964	9.68466	1.04446	1	0.74737	0.56346	10.48753	1.02812	1	-0.00361	-0.00939	0.65878	0.00302	1	0.06212	-0.01404	0.65696	0.00327	1	1.45898	0.81042	0	
1258085	8485.26562	3305652248408	0.55406	0.60675	8485.23828	0.02734	11550	1	0.57281	0.63225	1	0.51102	0.59007	1	0.54191	0.61116	1	0.48592	0.53956	9.74398	1.03721	1	0.74721	0.56388	11.09169	1.02087	1	-0.00370	-0.00996	0.69540	0.00316	1	0.06219	-0.01411	0.65772	0.00323	1	1.45898	0.81042	0	
1258086	8485.27148	3305652314769	0.55368	0.60770	8485.23828	0.03320	11550	1	0.58673	0.61942	1	0.51680	0.60547	1	0.55176	0.61245	1	0.48593	0.53981	9.92025	1.03797	1	0.74756	0.56338	10.44375	1.03797	1	-0.00370	-0.00996	0.69540	0.00308	1	0.06219	-0.01411	0.65772	0.00327	1	1.45898	0.81042	0	
1258087	8485.27832	3305652380006	0.55342	0.60867	8485.23828	0.04004	11550	1	0.59856	0.58937	1	0.50510	0.63968	1	0.55183	0.61452	1	0.48607	0.53954	9.53508	1.05507	1	0.74736	0.56380	10.23693	1.05507	1	-0.00370	-0.00996	0.69540	0.00311	1	0.06219	-0.01411	0.65772	0.00315	1	1.45898	0.81042	0	
1258088	8485.28516	3305652447670	0.55326	0.60860	8485.23828	0.04688	11550	1	0.59821	0.58491	1	0.50612	0.63130	1	0.55217	0.60811	1	0.48593	0.53938	9.49425	1.06309	1	0.74695	0.56428	11.12169	1.07075	1	-0.00359	-0.00974	0.68343	0.00309	1	0.06649	-0.01507	0.70259	0.00320	1	1.45898	0.81042	0	
1258089	8485.29199	3305652514350	0.55074	0.60650	8485.23828	0.05371	11550	1	0.56368	0.54033	1	0.49742	0.63896	1	0.53055	0.58964	1	0.48569	0.53934	9.34953	1.06166	1	0.74720	0.56424	11.13145	1.06932	1	-0.00359	-0.00974	0.68343	0.00320	1	0.06649	-0.01507	0.70259	0.00314	1	1.45898	0.81042	0	
1258090	8485.29883	3305652583516	0.55014	0.60694	8485.23828	0.06055	11550	1	0.57626	0.57533	1	0.51322	0.64658	1	0.54474	0.61096	1	0.48580	0.53955	9.73987	1.06024	1	0.74750	0.56417	11.01238	1.06790	1	-0.00359	-0.00974	0.68343	0.00298	1	0.06649	-0.01507	0.70259	0.00305	1	1.45898	0.81042	0	
1258091	8485.30566	3305652647719	0.54962	0.60756	8485.23828	0.06738	11550	1	0.57635	0.57614	1	0.51257	0.65132	1	0.54446	0.61373	1	0.48568	0.53975	9.80710	1.05881	1	0.74756	0.56409	10.92857	1.05881	1	-0.00353	-0.00952	0.67175	0.00299	1	0.06223	-0.01400	0.65710	0.00308	1	1.45898	0.81042	0	
1258092	8485.31250	3305652715965	0.54923	0.60814	8485.23828	0.07422	11550	1	0.57245	0.59238	1	0.51748	0.63663	1	0.54497	0.61451	1	0.48578	0.53973	10.05581	1.05881	1	0.74760	0.56410	10.90674	1.05115	1	-0.00353	-0.00952	0.67175	0.00299	1	0.06223	-0.01400	0.65710	0.00304	1	1.45898	0.81042	0	
1258093	8485.31934	3305652785675	0.54976	0.61206	8485.23828	0.08105	11550	1	0.57279	0.61616	1	0.53924	0.70220	1	0.55602	0.65918	1	0.48569	0.53975	9.70030	1.05115	1	0.74800	0.56403	11.31973	1.04349	1	-0.00353	-0.00952	0.67175	0.00298	1	0.06223	-0.01400	0.65710	0.00309	1	1.45898	0.81042	0	
1258094	8485.32617	3305652852464	0.55019	0.61571	8485.23828	0.08789	11550	1	0.57330	0.62025	1	0.53849	0.70588	1	0.55589	0.66307	1	0.48566	0.53971	9.60301	1.04349	1	0.74772	0.56384	11.36176	1.03583	1	-0.00353	-0.00952	0.67175	0.00302	1	0.06192	-0.01398	0.65382	0.00312	1	1.45898	0.81042	0	
1258095	8485.33203	3305652919782	0.54991	0.61637	8485.23828	0.09375	11550	1	0.57334	0.60227	1	0.51852	0.64917	1	0.54593	0.62572	1	0.48573	0.53944	9.47999	1.03583	1	0.74762	0.56401	11.47210	1.03583	1	-0.00353	-0.00952	0.67175	0.00310	1	0.06192	-0.01398	0.65382	0.00310	1	1.45898	0.81042	0	
1258096	8485.33887	3305652986510	0.55142	0.61639	8485.23828	0.10059	11550	1	0.58691	0.56842	1	0.56111	0.66499	1	0.57401	0.61670	1	0.48593	0.53929	9.92568	1.03583	1	0.74817	0.56412	10.56245	1.03583	1	-0.00353	-0.00952	0.67175	0.00295	1	0.06192	-0.01398	0.65382	0.00307	1	1.45898	0.81042	0	
1258097	8485.34570	3305653053320	0.55277	0.61630	8485.23828	0.10742	11550	1	0.58691	0.56842	1	0.56202	0.66099	1	0.57446	0.61470	1	0.48609	0.53970	9.40516	1.03583	1	0.74773	0.56418	11.29126	1.04349	1	-0.00359	-0.00974	0.68343	0.00292	1	0.06452	-0.01455	0.68071	0.00313	1	1.45898	0.81042	0	
1258098	8485.35254	3305653120928	0.55310	0.61622	8485.23828	0.11426	11550	1	0.60376	0.59577	1	0.51354	0.63408	1	0.55865	0.61492	1	0.48624	0.53954	9.15927	1.04349	1	0.74744	0.56408	10.77569	1.05115	1	-0.00359	-0.00974	0.68343	0.00302	1	0.06452	-0.01455	0.68071	0.00333	1	1.45898	0.81042	0	
1258099	8485.35938	3305653187932	0.55363	0.61570	8485.23828	0.12109	11550	1	0.60913	0.59111	1	0.51726	0.62160	1	0.56319	0.60636	1	0.48631	0.53952	8.78110	1.05115	1	0.74751	0.56404	10.80782	1.05881	1	-0.00359	-0.00974	0.68343	0.00300	1	0.06452	-0.01455	0.68071	0.00326	1	1.45898	0.81042	0	
1258100	8485.36621	3305653254696	0.55412	0.61502	8485.23828	0.12793	11550	1	0.60887	0.58685	1	0.51784	0.61739	1	0.56335	0.60212	1	0.48621	0.53986	9.01709	1.05881	1	0.74738	0.56406	11.07229	1.06647	1	-0.00359	-0.00974	0.68343	0.00301	1	0.06435	-0.01456	0.67891	0.00325	1	1.45898	0.81042	0	
1258101	8485.37305	3305653321326	0.55450	0.61561	8485.23828	0.13477	11550	1	0.60781	0.61224	1	0.51677	0.64269	1	0.56229	0.62747	1	0.48625	0.53998	9.21300	1.06647	1	0.74758	0.56414	11.28539	1.06647	1	-0.00359	-0.00974	0.68343	0.00298	1	0.06435	-0.01456	0.67891	0.00316	1	1.45898	0.81042	0	
1258102	8485.37891	3305653388908	0.55501	0.61577	8485.23828	0.14062	11550	1	0.61244	0.57957	1	0.51894	0.65852	1	0.56569	0.61904	1	0.48643	0.53937	8.66076	1.06647	1	0.74752	0.56432	11.25912	1.06647	1	-0.00359	-0.00974	0.68343	0.00314	1	0.06435	-0.01456	0.67891	0.00314	1	1.45898	0.81042	0	
1258103	8485.38574	3305653455638	0.55548	0.61591	8485.23828	0.14746	11550	1	0.61244	0.57957	1	0.51894	0.65852	1	0.56569	0.61904	1	0.48605	0.53945	9.24609	1.06647	1	0.74689	0.56441	10.47192	1.06647	1	-0.00359	-0.00974	0.68343	0.00296	1	0.06528	-0.01477	0.68876	0.00335	1	1.45898	0.81042	0	
1258104	8485.39258	3305653522974	0.55501	0.61651	8485.23828	0.15430	11550	1	0.59083	0.63527	1	0.49790	0.62522	1	0.54437	0.63024	1	0.48596	0.54000	8.91129	1.06647	1	0.74734	0.56405	10.65210	1.06647	1	-0.00359	-0.00974	0.68343	0.00300	1	0.06528	-0.01477	0.68876	0.00329	1	1.45898	0.81042	0	
1258105	8485.39941	3305653589602	0.55464	0.61738	8485.23828	0.16113	11550	1	0.58548	0.62766	1	0.50583	0.64905	1	0.54566	0.63835	1	0.48587	0.53982	9.25229	1.06647	1	0.74726	0.56426	10.45517	1.06647	1	-0.00359	-0.00974	0.68343	0.00303	1	0.06528	-0.01477	0.68876	0.00325	1	1.45898	0.81042	0	
1258106	8485.40625	3305653656593	0.55429	0.61819	8485.23828	0.16797	11550	1	0.58548	0.62766	1	0.50583	0.64905	1	0.54566	0.63835	1	0.48533	0.53969	9.00646	1.06647	1	0.74747	0.56363	10.27653	1.06647	1	-0.00376	-0.00965	0.67736	0.00305	1	0.06424	-0.01459	0.68000	0.00306	1	1.45898	0.81042	0	
1258107	8485.41309	3305653723749	0.55546	0.61949	8485.23828	0.17480	11550	1	0.61374	0.64074	1	0.55772	0.66604	1	0.58573	0.65339	1	0.48512	0.54001	10.19560	1.06647	1	0.74698	0.56390	11.38794	1.06647	1	-0.00376	-0.00965	0.67736	0.00289	1	0.06424	-0.01459	0.68000	0.00322	1	1.45898	0.81042	0	
1258108	8485.41992	3305653791457	0.55862	0.62037	8485.23828	0.18164	11550	1	0.66612	0.60678	1	0.62167	0.68129	1	0.64390	0.64404	1	0.48520	0.53936	9.66407	1.06647	1	0.74730	0.56351	11.02593	1.06647	1	-0.00376	-0.00965	0.67736	0.00303	1	0.06424	-0.01459	0.68000	0.00304	1	1.45898	0.81042	0	
1258109	8485.42578	3305653857352	0.56079	0.62247	8485.23828	0.18750	11550	1	0.66612	0.60678	0	0.62167	0.68129	1	0.62167	0.68129	1	0.48520	0.53936	9.66407	1.06647	0	0.48106	0.53971	9.38666	1.06647	1	-0.00376	-0.00965	0.67736	0.00303	1	-0.00430	-0.00940	0.66688	0.00313	1	1.45898	0.81042	0	
1258110	8485.43262	3305653924494	0.55326	0.62035	8485.23828	0.19434	11550	1	0.66612	0.60678	0	0.33496	0.55886	1	0.33496	0.55886	1	0.48520	0.53936	9.66407	1.06647	0	0.48048	0.53911	9.00182	1.06647	1	-0.00376	-0.00965	0.67736	0.00303	1	-0.00430	-0.00940	0.66688	0.00300	1	1.45898	0.81042	0	
1258111	8485.43945	3305653991360	0.54780	0.61913	8485.23828	0.20117	11550	1	0.66612	0.60678	0	0.38398	0.58267	1	0.38398	0.58267	1	0.48520	0.53936	9.66407	1.06647	0	0.48053	0.53944	9.33864	1.06647	1	-0.00376	-0.00965	0.67736	0.00303	1	-0.00430	-0.00940	0.66688	0.00302	1	1.45898	0.81042	0	
1258112	8485.44629	3305654058571	0.54269	0.61813	8485.23828	0.20801	11550	1	0.66612	0.60678	0	0.38434	0.58708	1	0.38434	0.58708	1	0.48520	0.53936	9.66407	1.06647	0	0.47569	0.53634	7.56459	1.05881	1	-0.00376	-0.00965	0.67736	0.00303	1	-0.00477	-0.00924	0.65567	0.00183	1	1.45898	0.81042	0	
1258113	8485.45312	3305654125840	0.49091	0.59707	8485.23828	0.20801	11550	0	0.66612	0.60678	0	0.16931	0.31247	1	0.16931	0.31247	1	0.48520	0.53936	9.66407	1.05881	0	0.47565	0.53632	7.96691	1.05115	1	-0.00376	-0.00965	0.67736	0.00303	1	-0.00477	-0.00924	0.65567	0.00189	1	1.45898	0.81042	0	
1258114	8485.45996	3305654192445	0.32924	0.46651	8485.23828	0.20801	11550	0	0.66612	0.60678	0	0.16758	0.33596	1	0.16758	0.33596	1	0.48520	0.53936	9.66407	1.05115	0	0.47553	0.53646	8.12212	1.04349	1	-0.00376	-0.00965	0.67736	0.00303	1	-0.00477	-0.00924	0.65567	0.00181	1	1.45898	0.81042	0	
1258115	8485.46680	3305654258903	0.27536	0.42300	8485.23828	0.20801	11550	0	0.66612	0.60678	0	0.16758	0.33596	1	0.16758	0.33596	1	0.48520	0.53936	9.66407	1.04349	0	0.47479	0.53659	8.29496	1.04349	1	-0.00376	-0.00965	0.67736	0.00303	1	-0.00506	-0.00971	0.68899	0.00192	1	1.45898	0.81042	0	
1258116	8485.47266	3305654326570	0.15313	0.33985	8485.23828	0.20801	11550	0	0.66612	0.60678	0	0.12424	0.34762	1	0.12424	0.34762	1	0.48520	0.53936	9.66407	1.04349	0	0.47489	0.53674	7.63554	1.05115	1	-0.00376	-0.00965	0.67736	0.00303	1	-0.00506	-0.00971	0.68899	0.00199	1	1.45898	0.81042	0	
1258117	8485.47949	3305654392379	0.13999	0.33467	8485.23828	0.20801	11550	0	0.66612	0.60678	0	0.12685	0.32949	1	0.12685	0.32949	1	0.48520	0.53936	9.66407	1.05115	0	0.47506	0.53652	7.59178	1.05881	1	-0.00376	-0.00965	0.67736	0.00303	1	-0.00506	-0.00971	0.68899	0.00181	1	1.45898	0.81042	0	
1258118	8485.48633	3305654460889	0.13409	0.32861	8485.23828	0.20801	11550	0	0.66612	0.60678	0	0.12228	0.31650	1	0.12228	0.31650	1	0.48520	0.53936	9.66407	1.05881	0	0.47495	0.53667	7.46462	1.07515	1	-0.00376	-0.00965	0.67736	0.00303	1	-0.00521	-0.00995	0.70227	0.00183	1	1.45898	0.81042	0	
1258119	8485.49316	3305654526383	0.16678	0.37027	8485.47266	0.02051	11551	1	0.23823	0.42375	1	0.29145	0.56669	1	0.26484	0.49522	1	0.47472	0.53681	7.64273	1.07515	1	0.73770	0.56223	10.52078	1.08383	1	-0.00376	-0.00965	0.67736	0.00188	1	-0.00521	-0.00995	0.70227	0.00345	1	1.45898	0.81042	0	
1258120	8485.50000	3305654595131	0.18665	0.38752	8485.47266	0.02734	11551	1	0.24662	0.40654	1	0.28564	0.50658	1	0.26613	0.45656	1	0.47491	0.53678	8.24863	1.08383	1	0.73759	0.56179	10.54319	1.09251	1	-0.00376	-0.00965	0.67736	0.00184	1	-0.00521	-0.00995	0.70227	0.00360	1	1.45898	0.81042	0	
1258121	8485.50684	3305654661498	0.19996	0.39941	8485.47266	0.03418	11551	1	0.24640	0.40606	1	0.28670	0.51158	1	0.26655	0.45882	1	0.47465	0.53687	8.72259	1.08449	1	0.73754	0.56137	10.48575	1.08449	1	-0.00497	-0.00931	0.65686	0.00183	1	0.06224	-0.01427	0.67487	0.00359	1	1.45898	0.81042	0	
1258122	8485.51367	3305654728469	0.21074	0.40654	8485.47266	0.04102	11551	1	0.25731	0.40071	1	0.29346	0.49801	1	0.27539	0.44936	1	0.47469	0.53661	8.23348	1.07648	1	0.73759	0.56153	10.66973	1.06780	1	-0.00497	-0.00931	0.65686	0.00179	1	0.06224	-0.01427	0.67487	0.00354	1	1.45898	0.81042	0	
1258123	8485.52051	3305654795432	0.21996	0.41155	8485.47266	0.04785	11551	1	0.27023	0.37579	1	0.29877	0.51747	1	0.28450	0.44663	1	0.47475	0.53637	7.74440	1.05978	1	0.73760	0.56146	10.45205	1.05110	1	-0.00497	-0.00931	0.65686	0.00188	1	0.06224	-0.01427	0.67487	0.00353	1	1.45898	0.81042	0	
1258124	8485.52637	3305654861654	0.22734	0.41613	8485.47266	0.05371	11551	1	0.27295	0.38249	1	0.29986	0.52302	1	0.28640	0.45276	1	0.47443	0.53654	7.99579	1.05110	1	0.73773	0.56208	10.88518	1.04242	1	-0.00515	-0.00954	0.67320	0.00183	1	0.06224	-0.01427	0.67487	0.00324	1	1.45898	0.81042	0	
1258125	8485.53320	3305654927081	0.23174	0.42193	8485.47266	0.06055	11551	1	0.24853	0.41169	1	0.29416	0.53656	1	0.27135	0.47413	1	0.47438	0.53660	7.73390	1.05044	1	0.73757	0.56183	10.57265	1.05044	1	-0.00515	-0.00954	0.67320	0.00194	1	0.06224	-0.01427	0.67487	0.00338	1	1.45898	0.81042	0	
1258126	8485.54004	3305654996936	0.23527	0.42695	8485.47266	0.06738	11551	1	0.25224	0.42121	1	0.28890	0.53297	1	0.27057	0.47709	1	0.47433	0.53668	7.85926	1.05845	1	0.73755	0.56160	10.48141	1.05845	1	-0.00515	-0.00954	0.67320	0.00197	1	0.06224	-0.01427	0.67487	0.00351	1	1.45898	0.81042	0	
1258127	8485.54688	3305655063535	0.23810	0.43087	8485.47266	0.07422	11551	1	0.24960	0.41535	1	0.28885	0.53274	1	0.26922	0.47405	1	0.47431	0.53657	7.74375	1.06647	1	0.73747	0.56183	11.31502	1.05881	1	-0.00515	-0.00954	0.67320	0.00192	1	0.06152	-0.01412	0.66762	0.00339	1	1.45898	0.81042	0	
1258128	8485.55371	3305655128764	0.24183	0.43369	8485.47266	0.08105	11551	1	0.24881	0.37093	1	0.32423	0.56409	1	0.28652	0.46751	1	0.47431	0.53672	8.14109	1.05881	1	0.73767	0.56196	11.68843	1.05115	1	-0.00515	-0.00954	0.67320	0.00181	1	0.06152	-0.01412	0.66762	0.00326	1	1.45898	0.81042	0	
1258129	8485.56055	3305655197437	0.24460	0.43650	8485.47266	0.08789	11551	1	0.24301	0.37599	1	0.31838	0.57017	1	0.28070	0.47308	1	0.47431	0.53657	7.74375	1.05115	1	0.73751	0.56200	10.96681	1.04349	1	-0.00515	-0.00954	0.67320	0.00192	1	0.06152	-0.01412	0.66762	0.00332	1	1.45898	0.81042	0	
1258130	8485.56738	3305655264192	0.27538	0.46696	8485.47266	0.08789	11551	0	0.24560	0.38197	1	0.31921	0.57473	1	0.28241	0.47835	1	0.47448	0.53678	8.38230	1.04349	1	0.73733	0.56208	10.87431	1.03583	1	-0.00515	-0.00954	0.67320	0.00186	1	0.06081	-0.01401	0.65992	0.00342	1	1.45898	0.81042	0	
1258131	8485.57324	3305655331149	0.28074	0.48163	8485.47266	0.08789	11551	0	0.29557	0.39774	1	0.27662	0.59485	1	0.28610	0.49630	1	0.47448	0.53678	8.38230	1.03583	1	0.73737	0.56230	11.40540	1.03583	1	-0.00515	-0.00954	0.67320	0.00186	1	0.06081	-0.01401	0.65992	0.00323	1	1.45898	0.81042	0	
1258132	8485.58008	3305655398277	0.28891	0.48822	8485.47266	0.08789	11551	0	0.27275	0.41158	1	0.33773	0.59121	1	0.30524	0.50140	1	0.47433	0.53681	8.54255	1.03583	1	0.73787	0.56226	11.22882	1.03583	1	-0.00515	-0.00954	0.67320	0.00175	1	0.06081	-0.01401	0.65992	0.00319	1	1.45898	0.81042	0	
1258133	8485.58691	3305655465244	0.29252	0.49000	8485.56738	0.01953	11552	1	0.26985	0.40472	1	0.33690	0.58593	1	0.30337	0.49533	1	0.47409	0.53670	7.62812	1.04492	1	0.73742	0.56244	11.41279	1.04492	1	-0.00540	-0.00991	0.69943	0.00198	1	0.06152	-0.01412	0.66762	0.00326	1	1.45898	0.81042	0	
1258134	8485.59375	3305655531865	0.28851	0.48295	8485.56738	0.02637	11552	1	0.25999	0.37165	1	0.28493	0.53790	1	0.27246	0.45478	1	0.47410	0.53668	7.55923	1.05400	1	0.73704	0.56246	10.56698	1.05400	1	-0.00540	-0.00991	0.69943	0.00200	1	0.06152	-0.01412	0.66762	0.00338	1	1.45898	0.81042	0	
1258135	8485.60059	3305655599403	0.28457	0.48060	8485.56738	0.03320	11552	1	0.25369	0.38150	1	0.27610	0.55618	1	0.26490	0.46884	1	0.47405	0.53680	7.77783	1.06309	1	0.73692	0.56196	10.26102	1.06309	1	-0.00540	-0.00991	0.69943	0.00177	1	0.06152	-0.01412	0.66762	0.00367	1	1.45898	0.81042	0	
1258136	8485.60742	3305655666686	0.28176	0.47892	8485.56738	0.04004	11552	1	0.25369	0.38150	1	0.27610	0.55618	1	0.26490	0.46884	1	0.47390	0.53661	7.70574	1.06309	1	0.73705	0.56202	10.22737	1.06309	1	-0.00537	-0.00976	0.68881	0.00200	1	0.06067	-0.01395	0.65948	0.00342	1	1.45898	0.81042	0	
1258137	8485.61328	3305655732316	0.28056	0.47760	8485.56738	0.04590	11552	1	0.24469	0.39827	1	0.29966	0.53849	1	0.27218	0.46838	1	0.47388	0.53686	8.11338	1.05400	1	0.73692	0.56209	10.46518	1.05400	1	-0.00537	-0.00976	0.68881	0.00180	1	0.06067	-0.01395	0.65948	0.00335	1	1.45898	0.81042	0	
1258138	8485.62012	3305655800608	0.27748	0.48102	8485.56738	0.05273	11552	1	0.24766	0.40802	1	0.25802	0.60869	1	0.25284	0.50836	1	0.47391	0.53669	7.70349	1.04492	1	0.73701	0.56228	10.78391	1.04492	1	-0.00537	-0.00976	0.68881	0.00178	1	0.06067	-0.01395	0.65948	0.00324	1	1.45898	0.81042	0	
1258139	8485.62695	3305655867119	0.27525	0.48435	8485.56738	0.05957	11552	1	0.25073	0.41486	1	0.25952	0.61374	1	0.25512	0.51430	1	0.47601	0.53526	7.45686	1.03583	1	0.73896	0.56138	10.16233	1.03583	1	-0.00506	-0.00961	0.68899	0.00182	1	0.06191	-0.01408	0.67069	0.00346	1	1.45898	0.81042	0	
1258140	8485.63379	3305655934206	0.27772	0.48347	8485.56738	0.06641	11552	1	0.29854	0.33728	1	0.30626	0.61214	1	0.30240	0.47471	1	0.47631	0.53532	7.59619	1.03583	1	0.73888	0.56130	10.52859	1.03583	1	-0.00506	-0.00961	0.68899	0.00182	1	0.06191	-0.01408	0.67069	0.00330	1	1.45898	0.81042	0	
1258141	8485.64062	3305656000680	0.27636	0.48396	8485.56738	0.07324	11552	1	0.25524	0.40259	1	0.26761	0.57614	1	0.26143	0.48936	1	0.47618	0.53532	7.75197	1.03583	1	0.73910	0.56093	11.21030	1.03583	1	-0.00506	-0.00961	0.68899	0.00195	1	0.06191	-0.01408	0.67069	0.00334	1	1.45898	0.81042	0	
1258142	8485.64746	3305656067897	0.27516	0.48420	8485.56738	0.08008	11552	1	0.25524	0.40259	1	0.26641	0.57161	1	0.26083	0.48710	1	0.48007	0.53361	8.39841	1.03583	1	0.74235	0.55976	10.57422	1.04349	1	-0.00459	-0.00929	0.68083	0.00200	1	0.06291	-0.01393	0.67556	0.00364	1	1.45898	0.81042	0	
1258143	8485.65332	3305656132235	0.28581	0.47622	8485.56738	0.08594	11552	1	0.42172	0.21622	1	0.42683	0.52866	1	0.42427	0.37244	1	0.48037	0.53342	8.50325	1.04349	1	0.74255	0.56020	11.12218	1.05115	1	-0.00459	-0.00929	0.68083	0.00181	1	0.06291	-0.01393	0.67556	0.00354	1	1.45898	0.81042	0	
1258144	8485.66016	3305656198935	0.29350	0.46878	8485.56738	0.09277	11552	1	0.40687	0.24578	1	0.39540	0.48330	1	0.40114	0.36454	1	0.48053	0.53346	8.01593	1.05115	1	0.74242	0.55978	10.74122	1.05881	1	-0.00459	-0.00929	0.68083	0.00192	1	0.06291	-0.01393	0.67556	0.00364	1	1.45898	0.81042	0	
1258145	8485.66699	3305656267787	0.29983	0.46900	8485.56738	0.09961	11552	1	0.40687	0.24578	0	0.39481	0.47230	1	0.39481	0.47230	1	0.48053	0.53346	8.01593	1.05881	0	0.48233	0.53298	9.06972	1.07515	1	-0.00459	-0.00929	0.68083	0.00192	1	-0.00436	-0.00945	0.69977	0.00186	1	1.45898	0.81042	0	
1258146	8485.67383	3305656333395	0.30536	0.44798	8485.56738	0.10645	11552	1	0.40687	0.24578	0	0.39384	0.11168	1	0.39384	0.11168	1	0.48053	0.53346	8.01593	1.07515	0	0.48237	0.53292	8.53064	1.08383	1	-0.00459	-0.00929	0.68083	0.00192	1	-0.00436	-0.00945	0.69977	0.00186	1	1.45898	0.81042	0	
1258147	8485.68066	3305656398876	0.32358	0.40574	8485.56738	0.10645	11552	0	0.40687	0.24578	0	0.39923	0.13680	1	0.39923	0.13680	1	0.48053	0.53346	8.01593	1.08383	0	0.48245	0.53313	9.02777	1.09251	1	-0.00459	-0.00929	0.68083	0.00192	1	-0.00436	-0.00945	0.69977	0.00184	1	1.45898	0.81042	0	
1258148	8485.68750	3305656467832	0.36152	0.27497	8485.56738	0.10645	11552	0	0.40687	0.24578	0	0.39947	0.14421	1	0.39947	0.14421	1	0.48053	0.53346	8.01593	1.09251	0	0.48198	0.53305	8.88360	1.08485	1	-0.00459	-0.00929	0.68083	0.00192	1	-0.00423	-0.00902	0.66410	0.00186	1	1.45898	0.81042	0	
1258149	8485.69434	3305656534749	0.36656	0.23107	8485.56738	0.10645	11552	0	0.40687	0.24578	0	0.37665	0.14325	1	0.37665	0.14325	1	0.48053	0.53346	8.01593	1.08485	0	0.48210	0.53296	8.94452	1.06851	1	-0.00459	-0.00929	0.68083	0.00192	1	-0.00423	-0.00902	0.66410	0.00185	1	1.45898	0.81042	0	
1258150	8485.70117	3305656602510	0.38338	0.14107	8485.56738	0.10645	11552	0	0.40687	0.24578	0	0.37402	0.13574	1	0.37402	0.13574	1	0.48053	0.53346	8.01593	1.06851	0	0.48208	0.53277	9.35021	1.05217	1	-0.00459	-0.00929	0.68083	0.00192	1	-0.00423	-0.00902	0.66410	0.00182	1	1.45898	0.81042	0	
1258151	8485.70703	3305656665882	0.37914	0.14659	8485.56738	0.10645	11552	0	0.40687	0.24578	0	0.37491	0.15212	1	0.37491	0.15212	1	0.48053	0.53346	8.01593	1.05217	0	0.48207	0.53274	8.93273	1.03583	1	-0.00459	-0.00929	0.68083	0.00192	1	-0.00419	-0.00887	0.65707	0.00185	1	1.45898	0.81042	0	
1258152	8485.71387	3305656734509	0.37713	0.14872	8485.56738	0.10645	11552	0	0.40687	0.24578	0	0.37310	0.15297	1	0.37310	0.15297	1	0.48053	0.53346	8.01593	1.03583	0	0.48202	0.53276	8.87233	1.03583	1	-0.00459	-0.00929	0.68083	0.00192	1	-0.00419	-0.00887	0.65707	0.00190	1	1.45898	0.81042	0	
1258153	8485.72070	3305656806125	0.37596	0.14950	8485.70117	0.01953	11553	1	0.40687	0.24578	0	0.37244	0.15183	1	0.37244	0.15183	1	0.48053	0.53346	8.01593	1.03583	0	0.48194	0.53270	9.06936	1.03583	1	-0.00459	-0.00929	0.68083	0.00192	1	-0.00419	-0.00887	0.65707	0.00176	1	1.45898	0.81042	0	
1258154	8485.72754	3305656873138	0.37507	0.14669	8485.70117	0.02637	11553	1	0.40687	0.24578	0	0.37151	0.13545	1	0.37151	0.13545	1	0.48053	0.53346	8.01593	1.03583	0	0.48212	0.53267	9.00993	1.05217	1	-0.00459	-0.00929	0.68083	0.00192	1	-0.00449	-0.00951	0.70432	0.00183	1	1.45898	0.81042	0	
1258155	8485.73438	3305656938955	0.37504	0.14877	8485.70117	0.03320	11553	1	0.40687	0.24578	0	0.37491	0.15922	1	0.37491	0.15922	1	0.48053	0.53346	8.01593	1.05217	0	0.48207	0.53274	8.93273	1.06851	1	-0.00459	-0.00929	0.68083	0.00192	1	-0.00449	-0.00951	0.70432	0.00185	1	1.45898	0.81042	0	
1258156	8485.74121	3305657006062	0.37480	0.14191	8485.70117	0.04004	11553	1	0.40687	0.24578	0	0.37336	0.10071	1	0.37336	0.10071	1	0.48053	0.53346	8.01593	1.06851	0	0.48208	0.53278	8.48791	1.08485	1	-0.00459	-0.00929	0.68083	0.00192	1	-0.00449	-0.00951	0.70432	0.00184	1	1.45898	0.81042	0	
1258157	8485.74805	3305657072727	0.37457	0.13580	8485.70117	0.04688	11553	1	0.40687	0.24578	0	0.37295	0.09302	1	0.37295	0.09302	1	0.48053	0.53346	8.01593	1.08485	0	0.48209	0.53283	8.90841	1.09251	1	-0.00459	-0.00929	0.68083	0.00192	1	-0.00439	-0.00919	0.68045	0.00182	1	1.45898	0.81042	0	
1258158	8485.75488	3305657139649	0.37567	0.13670	8485.70117	0.05371	11553	1	0.40687	0.24578	0	0.38447	0.14391	1	0.38447	0.14391	1	0.48053	0.53346	8.01593	1.09251	0	0.48224	0.53272	9.08237	1.08383	1	-0.00459	-0.00929	0.68083	0.00192	1	-0.00439	-0.00919	0.68045	0.00192	1	1.45898	0.81042	0	
1258159	8485.76074	3305657206942	0.37552	0.13701	8485.70117	0.05957	11553	1	0.40687	0.24578	0	0.37419	0.13979	1	0.37419	0.13979	1	0.48053	0.53346	8.01593	1.08383	0	0.48208	0.53250	9.34300	1.07515	1	-0.00459	-0.00929	0.68083	0.00192	1	-0.00439	-0.00919	0.68045	0.00178	1	1.45898	0.81042	0	
1258160	8485.76758	3305657273423	0.37544	0.13803	8485.70117	0.06641	11553	1	0.40687	0.24578	0	0.37465	0.14827	1	0.37465	0.14827	1	0.48053	0.53346	8.01593	1.07515	0	0.48218	0.53239	9.43799	1.06647	1	-0.00459	-0.00929	0.68083	0.00192	1	-0.00428	-0.00918	0.68009	0.00183	1	1.45898	0.81042	0	
1258161	8485.77441	3305657340759	0.37639	0.13968	8485.70117	0.07324	11553	1	0.40687	0.24578	0	0.38683	0.15781	1	0.38683	0.15781	1	0.48053	0.53346	8.01593	1.06647	0	0.48227	0.53264	9.29531	1.06647	1	-0.00459	-0.00929	0.68083	0.00192	1	-0.00428	-0.00918	0.68009	0.00195	1	1.45898	0.81042	0	
1258162	8485.78125	3305657408006	0.37673	0.13852	8485.70117	0.08008	11553	1	0.40687	0.24578	0	0.38075	0.12457	1	0.38075	0.12457	1	0.48053	0.53346	8.01593	1.06647	0	0.48224	0.53244	9.44073	1.06647	1	-0.00459	-0.00929	0.68083	0.00192	1	-0.00428	-0.00918	0.68009	0.00196	1	1.45898	0.81042	0	
1258163	8485.78809	3305657475406	0.37698	0.13690	8485.70117	0.08691	11553	1	0.40687	0.24578	0	0.38034	0.11589	1	0.38034	0.11589	1	0.48053	0.53346	8.01593	1.06647	0	0.48235	0.53243	9.49106	1.07515	1	-0.00459	-0.00929	0.68083	0.00192	1	-0.00436	-0.00945	0.69977	0.00193	1	1.45898	0.81042	0	
1258164	8485.79492	3305657541871	0.37795	0.13724	8485.70117	0.09375	11553	1	0.40687	0.24578	0	0.39144	0.14202	1	0.39144	0.14202	1	0.48053	0.53346	8.01593	1.07515	0	0.48236	0.53258	9.02632	1.08383	1	-0.00459	-0.00929	0.68083	0.00192	1	-0.00436	-0.00945	0.69977	0.00200	1	1.45898	0.81042	0	
1258165	8485.80078	3305657607215	0.37905	0.13731	8485.70117	0.09961	11553	1	0.40687	0.24578	0	0.39564	0.13840	1	0.39564	0.13840	1	0.48053	0.53346	8.01593	1.08383	0	0.48244	0.53255	9.17815	1.09251	1	-0.00459	-0.00929	0.68083	0.00192	1	-0.00436	-0.00945	0.69977	0.00193	1	1.45898	0.81042	0	
1258166	8485.80762	3305657672967	0.38003	0.13738	8485.70117	0.10645	11553	1	0.40687	0.24578	0	0.39564	0.13840	1	0.39564	0.13840	1	0.48053	0.53346	8.01593	1.09251	0	0.48228	0.53231	9.13580	1.09251	1	-0.00459	-0.00929	0.68083	0.00192	1	-0.00411	-0.00893	0.66925	0.00197	1	1.45898	0.81042	0	
1258167	8485.81445	3305657743243	0.38081	0.13738	8485.70117	0.11328	11553	1	0.40687	0.24578	0	0.39401	0.13740	1	0.39401	0.13740	1	0.48053	0.53346	8.01593	1.09251	0	0.48241	0.53256	9.10204	1.08383	1	-0.00459	-0.00929	0.68083	0.00192	1	-0.00411	-0.00893	0.66925	0.00196	1	1.45898	0.81042	0	
1258168	8485.82129	3305657810616	0.38162	0.13647	8485.70117	0.12012	11553	1	0.40687	0.24578	0	0.39623	0.12015	1	0.39623	0.12015	1	0.48053	0.53346	8.01593	1.08383	0	0.48243	0.53237	9.44942	1.07515	1	-0.00459	-0.00929	0.68083	0.00192	1	-0.00411	-0.00893	0.66925	0.00191	1	1.45898	0.81042	0	
1258169	8485.82812	3305657876275	0.38236	0.13609	8485.70117	0.12695	11553	1	0.40687	0.24578	0	0.39652	0.12881	1	0.39652	0.12881	1	0.48053	0.53346	8.01593	1.07515	0	0.48247	0.53215	9.34374	1.06647	1	-0.00459	-0.00929	0.68083	0.00192	1	-0.00411	-0.00893	0.66925	0.00188	1	1.45898	0.81042	0	
1258170	8485.83496	3305657942345	0.38383	0.13584	8485.70117	0.13379	11553	1	0.40687	0.24578	0	0.41316	0.13081	1	0.41316	0.13081	1	0.48053	0.53346	8.01593	1.06647	0	0.48265	0.53223	9.62606	1.06647	1	-0.00459	-0.00929	0.68083	0.00192	1	-0.00411	-0.00893	0.66925	0.00192	1	1.45898	0.81042	0	
1258171	8485.84082	3305658006984	0.38309	0.13599	8485.70117	0.13965	11553	1	0.40687	0.24578	0	0.36757	0.13920	1	0.36757	0.13920	1	0.48053	0.53346	8.01593	1.06647	0	0.48242	0.53239	9.03997	1.06647	1	-0.00459	-0.00929	0.68083	0.00192	1	-0.00411	-0.00893	0.66925	0.00190	1	1.45898	0.81042	0	
1258172	8485.84863	3305658077874	0.38242	0.13613	8485.70117	0.14746	11553	1	0.40687	0.24578	0	0.36757	0.13920	1	0.36757	0.13920	1	0.48053	0.53346	8.01593	1.06647	0	0.48260	0.53218	9.17102	1.06647	1	-0.00459	-0.00929	0.68083	0.00192	1	-0.00411	-0.00893	0.66925	0.00189	1	1.45898	0.81042	0	
1258173	8485.85547	3305658145187	0.38252	0.13527	8485.70117	0.15430	11553	1	0.40687	0.24578	0	0.38488	0.11539	1	0.38488	0.11539	1	0.48053	0.53346	8.01593	1.06647	0	0.48264	0.53210	9.54269	1.06647	1	-0.00459	-0.00929	0.68083	0.00192	1	-0.00411	-0.00893	0.66925	0.00182	1	1.45898	0.81042	0	
1258174	8485.86133	3305658212096	0.38241	0.13399	8485.70117	0.16016	11553	1	0.40687	0.24578	0	0.37992	0.10335	1	0.37992	0.10335	1	0.48053	0.53346	8.01593	1.06647	0	0.48258	0.53212	9.48296	1.06647	1	-0.00459	-0.00929	0.68083	0.00192	1	-0.00411	-0.00893	0.66925	0.00192	1	1.45898	0.81042	0	
1258175	8485.86816	3305658278365	0.38232	0.13281	8485.70117	0.16699	11553	1	0.40687	0.24578	0	0.37992	0.10335	1	0.37992	0.10335	1	0.48053	0.53346	8.01593	1.06647	0	0.48299	0.53226	9.30033	1.06647	1	-0.00459	-0.00929	0.68083	0.00192	1	-0.00411	-0.00893	0.66925	0.00195	1	1.45898	0.81042	0	
1258176	8485.87500	3305658346671	0.38237	0.13204	8485.70117	0.17383	11553	1	0.40687	0.24578	0	0.38375	0.11205	1	0.38375	0.11205	1	0.48053	0.53346	8.01593	1.06647	0	0.48291	0.53218	9.55423	1.06647	1	-0.00459	-0.00929	0.68083	0.00192	1	-0.00411	-0.00893	0.66925	0.00190	1	1.45898	0.81042	0	
1258177	8485.88184	3305658413738	0.38240	0.13145	8485.70117	0.18066	11553	1	0.40687	0.24578	0	0.38320	0.11535	1	0.38320	0.11535	1	0.48053	0.53346	8.01593	1.06647	0	0.48296	0.53219	9.57810	1.06647	1	-0.00459	-0.00929	0.68083	0.00192	1	-0.00411	-0.00893	0.66925	0.00189	1	1.45898	0.81042	0	
1258178	8485.88867	3305658479913	0.38244	0.13116	8485.70117	0.18750	11553	1	0.40687	0.24578	0	0.38355	0.12308	1	0.38355	0.12308	1	0.48053	0.53346	8.01593	1.06647	0	0.48308	0.53201	9.68209	1.05881	1	-0.00459	-0.00929	0.68083	0.00192	1	-0.00405	-0.00885	0.66700	0.00186	1	1.45898	0.81042	0	
1258179	8485.89551	3305658545988	0.38227	0.13206	8485.70117	0.19434	11553	1	0.40687	0.24578	0	0.37722	0.15833	1	0.37722	0.15833	1	0.48053	0.53346	8.01593	1.05881	0	0.48296	0.53212	9.27546	1.05115	1	-0.00459	-0.00929	0.68083	0.00192	1	-0.00405	-0.00885	0.66700	0.00192	1	1.45898	0.81042	0	
1258180	8485.90137	3305658613504	0.38232	0.13234	8485.70117	0.20020	11553	1	0.40687	0.24578	0	0.38388	0.14067	1	0.38388	0.14067	1	0.48053	0.53346	8.01593	1.05115	0	0.48307	0.53184	9.35051	1.04349	1	-0.00459	-0.00929	0.68083	0.00192	1	-0.00405	-0.00885	0.66700	0.00193	1	1.45898	0.81042	0	
1258181	8485.90820	3305658679187	0.38237	0.13260	8485.70117	0.20703	11553	1	0.40687	0.24578	0	0.38388	0.14067	1	0.38388	0.14067	1	0.48053	0.53346	8.01593	1.04349	0	0.48311	0.53170	9.09671	1.04349	1	-0.00459	-0.00929	0.68083	0.00192	1	-0.00392	-0.00889	0.66996	0.00191	1	1.45898	0.81042	0	
1258182	8485.91504	3305658745176	0.38295	0.13295	8485.70117	0.21387	11553	1	0.40687	0.24578	0	0.40143	0.14414	1	0.40143	0.14414	1	0.48053	0.53346	8.01593	1.04349	0	0.48320	0.53178	9.39735	1.05115	1	-0.00459	-0.00929	0.68083	0.00192	1	-0.00392	-0.00889	0.66996	0.00186	1	1.45898	0.81042	0	
1258183	8485.92188	3305658814398	0.38306	0.13421	8485.70117	0.22070	11553	1	0.40687	0.24578	0	0.38695	0.17574	1	0.38695	0.17574	1	0.48053	0.53346	8.01593	1.05115	0	0.48310	0.53174	9.29480	1.05881	1	-0.00459	-0.00929	0.68083	0.00192	1	-0.00392	-0.00889	0.66996	0.00180	1	1.45898	0.81042	0	
1258184	8485.92871	3305658881342	0.38316	0.13519	8485.70117	0.22754	11553	1	0.40687	0.24578	0	0.38663	0.16838	1	0.38663	0.16838	1	0.48053	0.53346	8.01593	1.05881	0	0.48334	0.53145	9.32910	1.06647	1	-0.00459	-0.00929	0.68083	0.00192	1	-0.00392	-0.00889	0.66996	0.00181	1	1.45898	0.81042	0	
1258185	8485.93555	3305658948799	0.38304	0.13596	8485.70117	0.23438	11553	1	0.40687	0.24578	0	0.37877	0.16291	1	0.37877	0.16291	1	0.48053	0.53346	8.01593	1.06647	0	0.48343	0.53170	9.69449	1.06647	1	-0.00459	-0.00929	0.68083	0.00192	1	-0.00392	-0.00889	0.66996	0.00186	1	1.45898	0.81042	0	
1258186	8485.94238	3305659015170	0.38338	0.13631	8485.70117	0.24121	11553	1	0.40687	0.24578	0	0.39555	0.14890	1	0.39555	0.14890	1	0.48053	0.53346	8.01593	1.06647	0	0.48341	0.53164	8.94466	1.06647	1	-0.00459	-0.00929	0.68083	0.00192	1	-0.00392	-0.00889	0.66996	0.00191	1	1.45898	0.81042	0	
1258187	8485.94824	3305659081810	0.38370	0.13664	8485.70117	0.24707	11553	1	0.40687	0.24578	0	0.39555	0.14890	1	0.39555	0.14890	1	0.48053	0.53346	8.01593	1.06647	0	0.48360	0.53159	9.33089	1.06647	1	-0.00459	-0.00929	0.68083	0.00192	1	-0.00399	-0.00901	0.68243	0.00200	1	1.45898	0.81042	0	
1258188	8485.95508	3305659149254	0.38390	0.13730	8485.70117	0.25391	11553	1	0.40687	0.24578	0	0.39158	0.16240	1	0.39158	0.16240	1	0.48053	0.53346	8.01593	1.06647	0	0.48353	0.53165	9.59629	1.06647	1	-0.00459	-0.00929	0.68083	0.00192	1	-0.00399	-0.00901	0.68243	0.00190	1	1.45898	0.81042	0	
1258189	8485.96191	3305659216132	0.38406	0.13720	8485.70117	0.26074	11553	1	0.40687	0.24578	0	0.39033	0.13339	1	0.39033	0.13339	1	0.48053	0.53346	8.01593	1.06647	0	0.48347	0.53153	9.22202	1.06647	1	-0.00459	-0.00929	0.68083	0.00192	1	-0.00399	-0.00901	0.68243	0.00192	1	1.45898	0.81042	0	
1258190	8485.96875	3305659283003	0.38422	0.13729	8485.70117	0.26758	11553	1	0.40687	0.24578	0	0.39063	0.14099	1	0.39063	0.14099	1	0.48053	0.53346	8.01593	1.06647	0	0.48366	0.53125	9.40406	1.05881	1	-0.00459	-0.00929	0.68083	0.00192	1	-0.00381	-0.00870	0.65932	0.00191	1	1.45898	0.81042	0	
1258191	8485.97559	3305659350319	0.38415	0.13789	8485.70117	0.27441	11553	1	0.40687	0.24578	0	0.38093	0.16251	1	0.38093	0.16251	1	0.48053	0.53346	8.01593	1.05881	0	0.48381	0.53150	9.51603	1.05115	1	-0.00459	-0.00929	0.68083	0.00192	1	-0.00381	-0.00870	0.65932	0.00200	1	1.45898	0.81042	0	
1258192	8485.98242	3305659417003	0.38411	0.13831	8485.70117	0.28125	11553	1	0.40687	0.24578	0	0.38277	0.15596	1	0.38277	0.15596	1	0.48053	0.53346	8.01593	1.05115	0	0.48366	0.53140	9.42937	1.04349	1	-0.00459	-0.00929	0.68083	0.00192	1	-0.00381	-0.00870	0.65932	0.00196	1	1.45898	0.81042	0	
1258193	8485.98926	3305659483591	0.38408	0.13872	8485.70117	0.28809	11553	1	0.40687	0.24578	0	0.38277	0.15596	1	0.38277	0.15596	1	0.48053	0.53346	8.01593	1.04349	0	0.48400	0.53162	9.31948	1.04349	1	-0.00459	-0.00929	0.68083	0.00192	1	-0.00382	-0.00876	0.67118	0.00192	1	1.45898	0.81042	0	
1258194	8485.99512	3305659550762	0.38408	0.13872	8485.70117	0.29395	11553	1	0.40687	0.24578	0	0.38277	0.15596	0	0.38277	0.15596	0	0.48053	0.53346	8.01593	1.04349	0	0.48400	0.53162	9.31948	1.05115	0	-0.00459	-0.00929	0.68083	0.00192	1	-0.00382	-0.00876	0.67118	0.00192	1	1.45898	0.81042	0	
1258195	8486.00195	3305659615397	0.38408	0.13872	8485.70117	0.30078	11553	1	0.40687	0.24578	0	0.38277	0.15596	0	0.38277	0.15596	0	0.48053	0.53346	8.01593	1.05115	0	0.48400	0.53162	9.31948	1.05881	0	-0.00459	-0.00929	0.68083	0.00192	1	-0.00382	-0.00876	0.67118	0.00192	1	1.45898	0.81042	0	
1258196	8486.00879	3305659685153	0.38408	0.13872	8485.70117	0.30762	11553	1	0.40687	0.24578	0	0.38277	0.15596	0	0.38277	0.15596	0	0.48053	0.53346	8.01593	1.05881	0	0.48400	0.53162	9.31948	1.06647	0	-0.00459	-0.00929	0.68083	0.00192	1	-0.00382	-0.00876	0.67118	0.00192	1	1.45898	0.81042	0	
1258197	8486.01562	3305659751553	0.38866	0.15502	8485.70117	0.30762	11553	0	0.40687	0.24578	0	0.38277	0.15596	0	0.38277	0.15596	0	0.48053	0.53346	8.01593	1.06647	0	0.48400	0.53162	9.31948	1.06647	0	-0.00459	-0.00929	0.68083	0.00192	1	-0.00382	-0.00876	0.67118	0.00192	1	1.45898	0.81042	0	
1258198	8486.02246	3305659818921	0.38866	0.15502	8485.70117	0.30762	11553	0	0.40687	0.24578	0	0.38277	0.15596	0	0.38277	0.15596	0	0.48053	0.53346	8.01593	1.06647	0	0.48400	0.53162	9.31948	1.06647	0	-0.00459	-0.00929	0.68083	0.00192	1	-0.00382	-0.00876	0.67118	0.00192	1	1.45898	0.81042	0	
1258199	8486.02930	3305659884374	0.38866	0.15502	8485.70117	0.30762	11553	0	0.40687	0.24578	0	0.38277	0.15596	0	0.38277	0.15596	0	0.48053	0.53346	8.01593	1.06647	0	0.48400	0.53162	9.31948	1.06647	0	-0.00459	-0.00929	0.68083	0.00192	1	-0.00382	-0.00876	0.67118	0.00192	1	1.45898	0.81042	0	
1258200	8486.03613	3305659952881	0.00000	0.00000	8485.70117	0.30762	11553	0	0.40687	0.24578	0	0.38277	0.15596	0	0.38277	0.15596	0	0.48053	0.53346	8.01593	1.06647	0	0.48400	0.53162	9.31948	1.06647	0	-0.00459	-0.00929	0.68083	0.00192	1	-0.00382	-0.00876	0.67118	0.00192	1	1.45898	0.81042	0	
1258201	8486.04199	3305660019569	0.00000	0.00000	8485.70117	0.30762	11553	0	0.40687	0.24578	0	0.38277	0.15596	0	0.38277	0.15596	0	0.48053	0.53346	8.01593	1.06647	0	0.48400	0.53162	9.31948	1.06647	0	-0.00459	-0.00929	0.68083	0.00192	1	-0.00382	-0.00876	0.67118	0.00192	1	1.45898	0.81042	0	
1258202	8486.04883	3305660085720	0.00000	0.00000	8485.70117	0.30762	11553	0	0.40687	0.24578	0	0.38277	0.15596	0	0.38277	0.15596	0	0.48053	0.53346	8.01593	1.06647	0	0.48400	0.53162	9.31948	1.06647	0	-0.00459	-0.00929	0.68083	0.00192	1	-0.00382	-0.00876	0.67118	0.00192	1	1.45898	0.81042	0	
1258203	8486.05566	3305660153501	0.00000	0.00000	8485.70117	0.30762	11553	0	0.40687	0.24578	0	0.38277	0.15596	0	0.38277	0.15596	0	0.48053	0.53346	8.01593	1.06647	0	0.48400	0.53162	9.31948	1.06647	0	-0.00459	-0.00929	0.68083	0.00192	1	-0.00382	-0.00876	0.67118	0.00192	1	1.45898	0.81042	0	
1258204	8486.06250	3305660218650	0.19422	0.05087	8485.70117	0.30762	11553	0	0.40687	0.24578	0	0.38844	0.10174	1	0.38844	0.10174	1	0.48053	0.53346	8.01593	1.06647	0	0.48411	0.53114	9.27808	1.06647	1	-0.00459	-0.00929	0.68083	0.00192	1	-0.00382	-0.00876	0.67118	0.00194	1	1.45898	0.81042	0	
1258205	8486.06934	3305660285617	0.25896	0.06782	8485.70117	0.30762	11553	0	0.40687	0.24578	0	0.38844	0.10174	1	0.38844	0.10174	1	0.48053	0.53346	8.01593	1.06647	0	0.48411	0.53114	9.27808	1.06647	1	-0.00459	-0.00929	0.68083	0.00192	1	-0.00380	-0.00894	0.68504	0.00194	1	1.45898	0.81042	0	
1258206	8486.07617	3305660352406	0.38847	0.10867	8485.70117	0.30762	11553	0	0.40687	0.24578	0	0.38853	0.12255	1	0.38853	0.12255	1	0.48053	0.53346	8.01593	1.06647	0	0.48416	0.53129	9.71389	1.06647	1	-0.00459	-0.00929	0.68083	0.00192	1	-0.00380	-0.00894	0.68504	0.00197	1	1.45898	0.81042	0	
1258207	8486.08203	3305660417652	0.38292	0.11284	8485.70117	0.30762	11553	0	0.40687	0.24578	0	0.37737	0.11700	1	0.37737	0.11700	1	0.48053	0.53346	8.01593	1.06647	0	0.48413	0.53125	9.60877	1.06647	1	-0.00459	-0.00929	0.68083	0.00192	1	-0.00380	-0.00894	0.68504	0.00189	1	1.45898	0.81042	0	
1258208	8486.08887	3305660484699	0.38107	0.11422	8485.70117	0.30762	11553	0	0.40687	0.24578	0	0.37737	0.11700	1	0.37737	0.11700	1	0.48053	0.53346	8.01593	1.06647	0	0.48412	0.53113	9.81131	1.06647	1	-0.00459	-0.00929	0.68083	0.00192	1	-0.00380	-0.00894	0.68504	0.00189	1	1.45898	0.81042	0	
1258209	8486.09570	3305660552526	0.38225	0.11283	8486.07617	0.01953	11554	1	0.40687	0.24578	0	0.38578	0.10866	1	0.38578	0.10866	1	0.48053	0.53346	8.01593	1.06647	0	0.48416	0.53124	9.60293	1.06647	1	-0.00459	-0.00929	0.68083	0.00192	1	-0.00380	-0.00894	0.68504	0.00190	1	1.45898	0.81042	0	
1258210	8486.10254	3305660619705	0.38152	0.11196	8486.07617	0.02637	11554	1	0.40687	0.24578	0	0.37861	0.10847	1	0.37861	0.10847	1	0.48053	0.53346	8.01593	1.06647	0	0.48412	0.53118	9.75105	1.06647	1	-0.00459	-0.00929	0.68083	0.00192	1	-0.00380	-0.00894	0.68504	0.00193	1	1.45898	0.81042	0	
1258211	8486.10938	3305660686178	0.38103	0.11138	8486.07617	0.03320	11554	1	0.40687	0.24578	0	0.37861	0.10847	1	0.37861	0.10847	1	0.48053	0.53346	8.01593	1.06647	0	0.48417	0.53124	9.48976	1.06647	1	-0.00459	-0.00929	0.68083	0.00192	1	-0.00380	-0.00894	0.68504	0.00196	1	1.45898	0.81042	0	
1258212	8486.11621	3305660753579	0.38084	0.11487	8486.07617	0.04004	11554	1	0.40687	0.24578	0	0.37966	0.13582	1	0.37966	0.13582	1	0.48053	0.53346	8.01593	1.06647	0	0.48403	0.53138	9.41512	1.06647	1	-0.00459	-0.00929	0.68083	0.00192	1	-0.00380	-0.00894	0.68504	0.00199	1	1.45898	0.81042	0	
1258213	8486.12305	3305660822758	0.38199	0.11554	8486.07617	0.04688	11554	1	0.40687	0.24578	0	0.39008	0.12021	1	0.39008	0.12021	1	0.48053	0.53346	8.01593	1.06647	0	0.48431	0.53134	9.55036	1.06647	1	-0.00459	-0.00929	0.68083	0.00192	1	-0.00380	-0.00894	0.68504	0.00204	1	1.45898	0.81042	0	
1258214	8486.12988	3305660889516	0.38289	0.11606	8486.07617	0.05371	11554	1	0.40687	0.24578	0	0.39008	0.12021	1	0.39008	0.12021	1	0.48053	0.53346	8.01593	1.06647	0	0.48411	0.53137	9.82782	1.06647	1	-0.00459	-0.00929	0.68083	0.00192	1	-0.00380	-0.00894	0.68504	0.00201	1	1.45898	0.81042	0	
1258215	8486.13574	3305660956602	0.38363	0.11749	8486.07617	0.05957	11554	1	0.40687	0.24578	0	0.39033	0.13035	1	0.39033	0.13035	1	0.48053	0.53346	8.01593	1.06647	0	0.48396	0.53138	9.61686	1.06647	1	-0.00459	-0.00929	0.68083	0.00192	1	-0.00380	-0.00894	0.68504	0.00194	1	1.45898	0.81042	0	
1258216	8486.14258	3305661024754	0.38475	0.11913	8486.07617	0.06641	11554	1	0.40687	0.24578	0	0.39595	0.13552	1	0.39595	0.13552	1	0.48053	0.53346	8.01593	1.06647	0	0.48399	0.53143	9.43186	1.06647	1	-0.00459	-0.00929	0.68083	0.00192	1	-0.00380	-0.00894	0.68504	0.00199	1	1.45898	0.81042	0	
1258217	8486.14941	3305661091758	0.38569	0.12049	8486.07617	0.07324	11554	1	0.40687	0.24578	0	0.39595	0.13552	1	0.39595	0.13552	1	0.48053	0.53346	8.01593	1.06647	0	0.48406	0.53133	9.13185	1.06647	1	-0.00459	-0.00929	0.68083	0.00192	1	-0.00380	-0.00894	0.68504	0.00199	1	1.45898	0.81042	0	
1258218	8486.15625	3305661158480	0.38645	0.12151	8486.07617	0.08008	11554	1	0.40687	0.24578	0	0.39558	0.13367	1	0.39558	0.13367	1	0.48053	0.53346	8.01593	1.06647	0	0.48401	0.53127	9.72000	1.06647	1	-0.00459	-0.00929	0.68083	0.00192	1	-0.00380	-0.00894	0.68504	0.00196	1	1.45898	0.81042	0	
1258219	8486.16309	3305661226472	0.38821	0.12174	8486.07617	0.08691	11554	1	0.40687	0.24578	0	0.41112	0.12479	1	0.41112	0.12479	1	0.48053	0.53346	8.01593	1.06647	0	0.48416	0.53130	9.65532	1.06647	1	-0.00459	-0.00929	0.68083	0.00192	1	-0.00380	-0.00894	0.68504	0.00194	1	1.45898	0.81042	0	
1258220	8486.16992	3305661293497	0.38974	0.12194	8486.07617	0.09375	11554	1	0.40687	0.24578	0	0.41112	0.12479	1	0.41112	0.12479	1	0.48053	0.53346	8.01593	1.06647	0	0.48402	0.53141	9.68690	1.06647	1	-0.00459	-0.00929	0.68083	0.00192	1	-0.00380	-0.00894	0.68504	0.00197	1	1.45898	0.81042	0	
1258221	8486.17676	3305661359622	0.39017	0.12456	8486.07617	0.10059	11554	1	0.40687	0.24578	0	0.39672	0.16375	1	0.39672	0.16375	1	0.48053	0.53346	8.01593	1.06647	0	0.48402	0.53161	9.57045	1.06647	1	-0.00459	-0.00929	0.68083	0.00192	1	-0.00380	-0.00894	0.68504	0.00199	1	1.45898	0.81042	0	
1258222	8486.18262	3305661425394	0.39035	0.12537	8486.07617	0.10645	11554	1	0.40687	0.24578	0	0.39326	0.13830	1	0.39326	0.13830	1	0.48053	0.53346	8.01593	1.06647	0	0.48405	0.53145	9.49881	1.06647	1	-0.00459	-0.00929	0.68083	0.00192	1	-0.00380	-0.00894	0.68504	0.00201	1	1.45898	0.81042	0	
1258223	8486.18945	3305661493464	0.39052	0.12608	8486.07617	0.11328	11554	1	0.40687	0.24578	0	0.39326	0.13830	1	0.39326	0.13830	1	0.48053	0.53346	8.01593	1.06647	0	0.48414	0.53150	9.48500	1.06647	1	-0.00459	-0.00929	0.68083	0.00192	1	-0.00382	-0.00903	0.68776	0.00201	1	1.45898	0.81042	0	
1258224	8486.19629	3305661560785	0.39054	0.12725	8486.07617	0.12012	11554	1	0.40687	0.24578	0	0.39091	0.14822	1	0.39091	0.14822	1	0.48053	0.53346	8.01593	1.06647	0	0.48395	0.53152	9.80873	1.06647	1	-0.00459	-0.00929	0.68083	0.00192	1	-0.00382	-0.00903	0.68776	0.00193	1	1.45898	0.81042	0	
1258225	8486.20312	3305661627541	0.39137	0.12690	8486.07617	0.12695	11554	1	0.40687	0.24578	0	0.40718	0.12022	1	0.40718	0.12022	1	0.48053	0.53346	8.01593	1.06647	0	0.48407	0.53138	9.71735	1.06647	1	-0.00459	-0.00929	0.68083	0.00192	1	-0.00382	-0.00903	0.68776	0.00203	1	1.45898	0.81042	0	
1258226	8486.20996	3305661694475	0.39212	0.12658	8486.07617	0.13379	11554	1	0.40687	0.24578	0	0.40718	0.12022	1	0.40718	0.12022	1	0.48053	0.53346	8.01593	1.06647	0	0.48394	0.53145	9.31944	1.06647	1	-0.00459	-0.00929	0.68083	0.00192	1	-0.00380	-0.00904	0.68504	0.00201	1	1.45898	0.81042	0	
1258227	8486.21680	3305661761462	0.39247	0.12728	8486.07617	0.14062	11554	1	0.40687	0.24578	0	0.39981	0.14201	1	0.39981	0.14201	1	0.48053	0.53346	8.01593	1.06647	0	0.48403	0.53143	10.04854	1.06647	1	-0.00459	-0.00929	0.68083	0.00192	1	-0.00380	-0.00904	0.68504	0.00201	1	1.45898	0.81042	0	
1258228	8486.22363	3305661828619	0.39275	0.12799	8486.07617	0.14746	11554	1	0.40687	0.24578	0	0.39887	0.14354	1	0.39887	0.14354	1	0.48053	0.53346	8.01593	1.06647	0	0.48408	0.53145	9.48995	1.06647	1	-0.00459	-0.00929	0.68083	0.00192	1	-0.00380	-0.00904	0.68504	0.00197	1	1.45898	0.81042	0	
1258229	8486.23047	3305661895578	0.39300	0.12864	8486.07617	0.15430	11554	1	0.40687	0.24578	0	0.39887	0.14354	1	0.39887	0.14354	1	0.48053	0.53346	8.01593	1.06647	0	0.48405	0.53180	10.12006	1.06647	1	-0.00459	-0.00929	0.68083	0.00192	1	-0.00380	-0.00904	0.68504	0.00199	1	1.45898	0.81042	0	
1258230	8486.23633	3305661961689	0.39301	0.13038	8486.07617	0.16016	11554	1	0.40687	0.24578	0	0.39309	0.17224	1	0.39309	0.17224	1	0.48053	0.53346	8.01593	1.06647	0	0.48399	0.53196	10.09380	1.06647	1	-0.00459	-0.00929	0.68083	0.00192	1	-0.00380	-0.00904	0.68504	0.00194	1	1.45898	0.81042	0	
1258231	8486.24316	3305662029552	0.39324	0.13027	8486.07617	0.16699	11554	1	0.40687	0.24578	0	0.39916	0.12755	1	0.39916	0.12755	1	0.48053	0.53346	8.01593	1.06647	0	0.48402	0.53179	9.79401	1.06647	1	-0.00459	-0.00929	0.68083	0.00192	1	-0.00380	-0.00904	0.68504	0.00200	1	1.45898	0.81042	0	
1258232	8486.25000	3305662096486	0.39345	0.12985	8486.07617	0.17383	11554	1	0.40687	0.24578	0	0.39889	0.11888	1	0.39889	0.11888	1	0.48053	0.53346	8.01593	1.06647	0	0.48409	0.53199	9.98586	1.07515	1	-0.00459	-0.00929	0.68083	0.00192	1	-0.00397	-0.00936	0.70533	0.00209	1	1.45898	0.81042	0	
1258233	8486.25684	3305662161427	0.39373	0.12916	8486.07617	0.18066	11554	1	0.40687	0.24578	0	0.40116	0.11061	1	0.40116	0.11061	1	0.48053	0.53346	8.01593	1.07515	0	0.48402	0.53184	10.23613	1.08383	1	-0.00459	-0.00929	0.68083	0.00192	1	-0.00397	-0.00936	0.70533	0.00200	1	1.45898	0.81042	0	
1258234	8486.26367	3305662228743	0.39392	0.12801	8486.07617	0.18750	11554	1	0.40687	0.24578	0	0.39935	0.09587	1	0.39935	0.09587	1	0.48053	0.53346	8.01593	1.08383	0	0.48401	0.53170	9.91918	1.09251	1	-0.00459	-0.00929	0.68083	0.00192	1	-0.00397	-0.00936	0.70533	0.00206	1	1.45898	0.81042	0	
1258235	8486.27051	3305662297372	0.39409	0.12665	8486.07617	0.19434	11554	1	0.40687	0.24578	0	0.39909	0.08716	1	0.39909	0.08716	1	0.48053	0.53346	8.01593	1.09251	0	0.48392	0.53168	9.67758	1.10119	1	-0.00459	-0.00929	0.68083	0.00192	1	-0.00402	-0.00943	0.71458	0.00210	1	1.45898	0.81042	0	
1258236	8486.27637	3305662360166	0.39382	0.12572	8486.07617	0.20020	11554	1	0.40687	0.24578	0	0.38549	0.09773	1	0.38549	0.09773	1	0.48053	0.53346	8.01593	1.10119	0	0.48388	0.53194	9.72286	1.10119	1	-0.00459	-0.00929	0.68083	0.00192	1	-0.00402	-0.00943	0.71458	0.00203	1	1.45898	0.81042	0	
1258237	8486.28320	3305662426528	0.39352	0.12529	8486.07617	0.20703	11554	1	0.40687	0.24578	0	0.38427	0.11183	1	0.38427	0.11183	1	0.48053	0.53346	8.01593	1.10119	0	0.48377	0.53209	9.64625	1.10119	1	-0.00459	-0.00929	0.68083	0.00192	1	-0.00402	-0.00943	0.71458	0.00204	1	1.45898	0.81042	0	
1258238	8486.29004	3305662498777	0.39325	0.12514	8486.07617	0.21387	11554	1	0.40687	0.24578	0	0.38464	0.12034	1	0.38464	0.12034	1	0.48053	0.53346	8.01593	1.10119	0	0.48382	0.53216	9.86856	1.09251	1	-0.00459	-0.00929	0.68083	0.00192	1	-0.00382	-0.00891	0.67118	0.00211	1	1.45898	0.81042	0	
1258239	8486.29688	3305662566535	0.39264	0.12461	8486.07617	0.22070	11554	1	0.40687	0.24578	0	0.37260	0.10735	1	0.37260	0.10735	1	0.48053	0.53346	8.01593	1.09251	0	0.48369	0.53200	9.70899	1.08383	1	-0.00459	-0.00929	0.68083	0.00192	1	-0.00382	-0.00891	0.67118	0.00208	1	1.45898	0.81042	0	
1258240	8486.30371	3305662632652	0.39206	0.12369	8486.07617	0.22754	11554	1	0.40687	0.24578	0	0.37208	0.09226	1	0.37208	0.09226	1	0.48053	0.53346	8.01593	1.08383	0	0.48363	0.53207	9.67211	1.07515	1	-0.00459	-0.00929	0.68083	0.00192	1	-0.00382	-0.00891	0.67118	0.00205	1	1.45898	0.81042	0	
1258241	8486.31055	3305662698882	0.39151	0.12306	8486.07617	0.23438	11554	1	0.40687	0.24578	0	0.37255	0.10111	1	0.37255	0.10111	1	0.48053	0.53346	8.01593	1.07515	0	0.48364	0.53190	10.17700	1.06647	1	-0.00459	-0.00929	0.68083	0.00192	1	-0.00392	-0.00889	0.66996	0.00196	1	1.45898	0.81042	0	
1258242	8486.31738	3305662766335	0.39132	0.12239	8486.07617	0.24121	11554	1	0.40687	0.24578	0	0.38442	0.09825	1	0.38442	0.09825	1	0.48053	0.53346	8.01593	1.06647	0	0.48373	0.53201	9.85003	1.06647	1	-0.00459	-0.00929	0.68083	0.00192	1	-0.00392	-0.00889	0.66996	0.00201	1	1.45898	0.81042	0	
1258243	8486.32324	3305662831567	0.39136	0.12175	8486.07617	0.24707	11554	1	0.40687	0.24578	0	0.39291	0.09808	1	0.39291	0.09808	1	0.48053	0.53346	8.01593	1.06647	0	0.48366	0.53198	9.79159	1.06647	1	-0.00459	-0.00929	0.68083	0.00192	1	-0.00392	-0.00889	0.66996	0.00200	1	1.45898	0.81042	0	
1258244	8486.33008	3305662900275	0.39140	0.12114	8486.07617	0.25391	11554	1	0.40687	0.24578	0	0.39291	0.09808	1	0.39291	0.09808	1	0.48053	0.53346	8.01593	1.06647	0	0.48367	0.53220	9.69265	1.06647	1	-0.00459	-0.00929	0.68083	0.00192	1	-0.00392	-0.00889	0.66996	0.00202	1	1.45898	0.81042	0	
1258245	8486.33691	3305662966862	0.39141	0.12083	8486.07617	0.26074	11554	1	0.40687	0.24578	0	0.39186	0.10870	1	0.39186	0.10870	1	0.48053	0.53346	8.01593	1.06647	0	0.48359	0.53219	9.89448	1.06647	1	-0.00459	-0.00929	0.68083	0.00192	1	-0.00392	-0.00889	0.66996	0.00204	1	1.45898	0.81042	0	
1258246	8486.34375	3305663034211	0.39174	0.12039	8486.07617	0.26758	11554	1	0.40687	0.24578	0	0.40492	0.10267	1	0.40492	0.10267	1	0.48053	0.53346	8.01593	1.06647	0	0.48357	0.53214	9.71167	1.06647	1	-0.00459	-0.00929	0.68083	0.00192	1	-0.00392	-0.00889	0.66996	0.00205	1	1.45898	0.81042	0	
1258247	8486.35059	3305663101276	0.39206	0.11997	8486.07617	0.27441	11554	1	0.40687	0.24578	0	0.40492	0.10267	1	0.40492	0.10267	1	0.48053	0.53346	8.01593	1.06647	0	0.48371	0.53514	9.58005	1.06647	1	-0.00459	-0.00929	0.68083	0.00192	1	-0.00392	-0.00889	0.66996	0.00357	1	1.45898	0.81042	0	
1258248	8486.35742	3305663168020	0.39250	0.12584	8486.07617	0.28125	11554	1	0.40687	0.24578	0	0.41115	0.37231	1	0.41115	0.37231	1	0.48053	0.53346	8.01593	1.06647	0	0.48398	0.53512	10.06547	1.06647	1	-0.00459	-0.00929	0.68083	0.00192	1	-0.00392	-0.00889	0.66996	0.00349	1	1.45898	0.81042	0	
1258249	8486.36426	3305663235071	0.39286	0.13113	8486.07617	0.28809	11554	1	0.40687	0.24578	0	0.40806	0.35867	1	0.40806	0.35867	1	0.48053	0.53346	8.01593	1.06647	0	0.48393	0.53515	10.29865	1.06647	1	-0.00459	-0.00929	0.68083	0.00192	1	-0.00392	-0.00889	0.66996	0.00345	1	1.45898	0.81042	0	
1258250	8486.37109	3305663301868	0.39304	0.16657	8486.07617	0.28809	11554	0	0.40687	0.24578	0	0.40806	0.35867	1	0.40806	0.35867	1	0.48053	0.53346	8.01593	1.06647	0	0.48397	0.53511	10.16868	1.06647	1	-0.00459	-0.00929	0.68083	0.00192	1	-0.00392	-0.00889	0.66996	0.00345	1	1.45898	0.81042	0	
1258251	8486.37695	3305663368817	0.39913	0.26395	8486.07617	0.28809	11554	0	0.40687	0.24578	0	0.40522	0.36134	1	0.40522	0.36134	1	0.48053	0.53346	8.01593	1.06647	0	0.48389	0.53499	9.70367	1.06647	1	-0.00459	-0.00929	0.68083	0.00192	1	-0.00392	-0.00889	0.66996	0.00350	1	1.45898	0.81042	0	
1258252	8486.38379	3305663435886	0.39920	0.31116	8486.07617	0.28809	11554	0	0.40687	0.24578	0	0.39934	0.40557	1	0.39934	0.40557	1	0.48053	0.53346	8.01593	1.06647	0	0.48379	0.53513	9.47732	1.06647	1	-0.00459	-0.00929	0.68083	0.00192	1	-0.00392	-0.00889	0.66996	0.00348	1	1.45898	0.81042	0	
1258253	8486.39062	3305663503181	0.40130	0.39082	8486.07617	0.28809	11554	0	0.40687	0.24578	0	0.39934	0.40557	1	0.39934	0.40557	1	0.48053	0.53346	8.01593	1.06647	0	0.48342	0.53233	9.83008	1.06647	1	-0.00459	-0.00929	0.68083	0.00192	1	-0.00392	-0.00889	0.66996	0.00203	1	1.45898	0.81042	0	
1258254	8486.39746	3305663570088	0.45770	0.41257	8486.07617	0.28809	11554	0	0.54305	0.41129	1	0.48515	0.45733	1	0.51410	0.43431	1	0.48387	0.53523	9.77793	1.06647	1	0.74575	0.55939	11.32239	1.06647	1	-0.00459	-0.00929	0.68083	0.00344	1	-0.00392	-0.00889	0.66996	0.00364	1	1.45898	0.81042	0	
1258255	8486.40430	3305663636595	0.47792	0.41597	8486.07617	0.28809	11554	0	0.54371	0.38797	1	0.49302	0.45760	1	0.51836	0.42278	1	0.48393	0.53512	10.02739	1.06647	1	0.74584	0.55935	11.00966	1.06647	1	-0.00459	-0.00929	0.68083	0.00345	1	-0.00392	-0.00889	0.66996	0.00367	1	1.45898	0.81042	0	
1258256	8486.41113	3305663703738	0.51694	0.42663	8486.07617	0.28809	11554	0	0.54371	0.38797	1	0.49302	0.45760	1	0.51836	0.42278	1	0.48388	0.53532	10.05212	1.06647	1	0.74604	0.55958	10.64148	1.06647	1	-0.00392	-0.00889	0.66996	0.00343	1	0.06369	-0.01387	0.67516	0.00368	1	1.45898	0.81042	0	
1258257	8486.41699	3305663766620	0.51951	0.42514	8486.07617	0.28809	11554	0	0.55001	0.42754	1	0.49415	0.41978	1	0.52208	0.42366	1	0.48388	0.53535	10.13369	1.06647	1	0.74590	0.55892	10.82350	1.06647	1	-0.00392	-0.00889	0.66996	0.00340	1	0.06369	-0.01387	0.67516	0.00397	1	1.45898	0.81042	0	
1258258	8486.42383	3305663837427	0.51928	0.41827	8486.07617	0.28809	11554	0	0.54975	0.40685	1	0.48790	0.40221	1	0.51883	0.40453	1	0.48393	0.53533	9.89691	1.06647	1	0.74580	0.55873	11.01108	1.06647	1	-0.00392	-0.00889	0.66996	0.00344	1	0.06369	-0.01387	0.67516	0.00401	1	1.45898	0.81042	0	
1258259	8486.43066	3305663904580	0.51144	0.41426	8486.41113	0.01953	11555	1	0.54975	0.40685	0	0.48790	0.40221	1	0.48790	0.40221	1	0.48393	0.53533	9.89691	1.06647	0	0.48393	0.53533	9.89691	1.06647	1	-0.00392	-0.00889	0.66996	0.00344	1	-0.00399	-0.00911	0.68243	0.00344	1	1.45898	0.81042	0	
1258260	8486.43750	3305663971642	0.49293	0.40791	8486.41113	0.02637	11555	1	0.54975	0.40685	0	0.41889	0.38254	1	0.41889	0.38254	1	0.48393	0.53533	9.89691	1.06647	0	0.48410	0.53548	10.45379	1.06647	1	-0.00392	-0.00889	0.66996	0.00344	1	-0.00399	-0.00911	0.68243	0.00351	1	1.45898	0.81042	0	
1258261	8486.44434	3305664039125	0.47740	0.40283	8486.41113	0.03320	11555	1	0.54975	0.40685	0	0.39974	0.37743	1	0.39974	0.37743	1	0.48393	0.53533	9.89691	1.06647	0	0.48381	0.53516	9.83955	1.06647	1	-0.00392	-0.00889	0.66996	0.00344	1	-0.00399	-0.00911	0.68243	0.00345	1	1.45898	0.81042	0	
1258262	8486.45117	3305664105779	0.46630	0.39921	8486.41113	0.04004	11555	1	0.54975	0.40685	0	0.39974	0.37743	1	0.39974	0.37743	1	0.48393	0.53533	9.89691	1.06647	0	0.48292	0.53257	10.16653	1.06647	1	-0.00392	-0.00889	0.66996	0.00344	1	-0.00392	-0.00899	0.66996	0.00205	1	1.45898	0.81042	0	
1258263	8486.45703	3305664168690	0.45525	0.36534	8486.41113	0.04590	11555	1	0.54975	0.40685	0	0.37792	0.12829	1	0.37792	0.12829	1	0.48393	0.53533	9.89691	1.06647	0	0.48284	0.53244	10.20786	1.06647	1	-0.00392	-0.00889	0.66996	0.00344	1	-0.00392	-0.00899	0.66996	0.00209	1	1.45898	0.81042	0	
1258264	8486.46387	3305664235338	0.44695	0.33821	8486.41113	0.05273	11555	1	0.54975	0.40685	0	0.38055	0.12114	1	0.38055	0.12114	1	0.48393	0.53533	9.89691	1.06647	0	0.48295	0.53237	10.33098	1.06647	1	-0.00392	-0.00889	0.66996	0.00344	1	-0.00392	-0.00899	0.66996	0.00214	1	1.45898	0.81042	0	
1258265	8486.47070	3305664303637	0.44031	0.31650	8486.41113	0.05957	11555	1	0.54975	0.40685	0	0.38055	0.12114	1	0.38055	0.12114	1	0.48393	0.53533	9.89691	1.06647	0	0.48276	0.53219	10.41484	1.06647	1	-0.00392	-0.00889	0.66996	0.00344	1	-0.00399	-0.00911	0.68243	0.00206	1	1.45898	0.81042	0	
1258266	8486.47754	3305664371138	0.43185	0.29902	8486.41113	0.06641	11555	1	0.54975	0.40685	0	0.34716	0.12418	1	0.34716	0.12418	1	0.48393	0.53533	9.89691	1.06647	0	0.48279	0.53241	10.08403	1.06647	1	-0.00392	-0.00889	0.66996	0.00344	1	-0.00399	-0.00911	0.68243	0.00208	1	1.45898	0.81042	0	
1258267	8486.48438	3305664436150	0.42482	0.28615	8486.41113	0.07324	11555	1	0.54975	0.40685	0	0.34758	0.14456	1	0.34758	0.14456	1	0.48393	0.53533	9.89691	1.06647	0	0.48284	0.53251	10.39583	1.06647	1	-0.00392	-0.00889	0.66996	0.00344	1	-0.00399	-0.00911	0.68243	0.00208	1	1.45898	0.81042	0	
1258268	8486.49121	3305664503664	0.41888	0.27525	8486.41113	0.08008	11555	1	0.54975	0.40685	0	0.34758	0.14456	1	0.34758	0.14456	1	0.48393	0.53533	9.89691	1.06647	0	0.48294	0.53248	10.36650	1.06647	1	-0.00392	-0.00889	0.66996	0.00344	1	-0.00399	-0.00911	0.68243	0.00214	1	1.45898	0.81042	0	
1258269	8486.49805	3305664572043	0.39594	0.23896	8486.41113	0.08008	11555	0	0.54975	0.40685	0	0.34483	0.13951	1	0.34483	0.13951	1	0.48393	0.53533	9.89691	1.06647	0	0.48278	0.53242	10.08395	1.06647	1	-0.00392	-0.00889	0.66996	0.00344	1	-0.00399	-0.00911	0.68243	0.00209	1	1.45898	0.81042	0	
1258270	8486.50391	3305664638693	0.37317	0.19444	8486.41113	0.08008	11555	0	0.54975	0.40685	0	0.35040	0.14992	1	0.35040	0.14992	1	0.48393	0.53533	9.89691	1.06647	0	0.48292	0.53246	10.76397	1.06647	1	-0.00392	-0.00889	0.66996	0.00344	1	-0.00399	-0.00911	0.68243	0.00215	1	1.45898	0.81042	0	
1258271	8486.51074	3305664702262	0.36558	0.17960	8486.41113	0.08008	11555	0	0.54975	0.40685	0	0.35040	0.14992	1	0.35040	0.14992	1	0.48393	0.53533	9.89691	1.06647	0	0.48287	0.53234	10.48303	1.06647	1	-0.00392	-0.00889	0.66996	0.00344	1	-0.00399	-0.00911	0.68243	0.00216	1	1.45898	0.81042	0	
1258272	8486.51758	3305664772563	0.35015	0.13210	8486.41113	0.08008	11555	0	0.54975	0.40685	0	0.34964	0.09645	1	0.34964	0.09645	1	0.48393	0.53533	9.89691	1.06647	0	0.48285	0.53221	10.49647	1.06647	1	-0.00392	-0.00889	0.66996	0.00344	1	-0.00399	-0.00911	0.68243	0.00214	1	1.45898	0.81042	0	
1258273	8486.52441	3305664840807	0.35015	0.13210	8486.41113	0.08008	11555	0	0.54975	0.40685	0	0.34964	0.09645	0	0.34964	0.09645	0	0.48393	0.53533	9.89691	1.06647	0	0.48285	0.53221	10.49647	1.06647	0	-0.00392	-0.00889	0.66996	0.00344	1	-0.00399	-0.00911	0.68243	0.00214	1	1.45898	0.81042	0	
1258274	8486.53125	3305664909566	0.35015	0.13210	8486.41113	0.08008	11555	0	0.54975	0.40685	0	0.34964	0.09645	0	0.34964	0.09645	0	0.48393	0.53533	9.89691	1.06647	0	0.48285	0.53221	10.49647	1.06647	0	-0.00392	-0.00889	0.66996	0.00344	1	-0.00399	-0.00911	0.68243	0.00214	1	1.45898	0.81042	0	
1258275	8486.53809	3305664976648	0.00000	0.00000	8486.41113	0.08008	11555	0	0.54975	0.40685	0	0.34964	0.09645	0	0.34964	0.09645	0	0.48393	0.53533	9.89691	1.06647	0	0.48285	0.53221	10.49647	1.06647	0	-0.00392	-0.00889	0.66996	0.00344	1	-0.00399	-0.00911	0.68243	0.00214	1	1.45898	0.81042	0	
1258276	8486.54492	3305665040907	0.00000	0.00000	8486.41113	0.08008	11555	0	0.54975	0.40685	0	0.34964	0.09645	0	0.34964	0.09645	0	0.48393	0.53533	9.89691	1.06647	0	0.48285	0.53221	10.49647	1.06647	0	-0.00392	-0.00889	0.66996	0.00344	1	-0.00399	-0.00911	0.68243	0.00214	1	1.45898	0.81042	0	
1258277	8486.55176	3305665110535	0.00000	0.00000	8486.41113	0.08008	11555	0	0.54975	0.40685	0	0.34964	0.09645	0	0.34964	0.09645	0	0.48393	0.53533	9.89691	1.06647	0	0.48285	0.53221	10.49647	1.06647	0	-0.00392	-0.00889	0.66996	0.00344	1	-0.00399	-0.00911	0.68243	0.00214	1	1.45898	0.81042	0	
1258278	8486.55859	3305665177552	0.00000	0.00000	8486.41113	0.08008	11555	0	0.54975	0.40685	0	0.34964	0.09645	0	0.34964	0.09645	0	0.48393	0.53533	9.89691	1.06647	0	0.48285	0.53221	10.49647	1.06647	0	-0.00392	-0.00889	0.66996	0.00344	1	-0.00399	-0.00911	0.68243	0.00214	1	1.45898	0.81042	0	
1258279	8486.56445	3305665244118	0.00000	0.00000	8486.41113	0.08008	11555	0	0.54975	0.40685	0	0.34964	0.09645	0	0.34964	0.09645	0	0.48393	0.53533	9.89691	1.06647	0	0.48285	0.53221	10.49647	1.06647	0	-0.00392	-0.00889	0.66996	0.00344	1	-0.00399	-0.00911	0.68243	0.00214	1	1.45898	0.81042	0	
1258280	8486.57129	3305665311613	0.00000	0.00000	8486.41113	0.08008	11555	0	0.54975	0.40685	0	0.34964	0.09645	0	0.34964	0.09645	0	0.48393	0.53533	9.89691	1.06647	0	0.48285	0.53221	10.49647	1.06647	0	-0.00392	-0.00889	0.66996	0.00344	1	-0.00399	-0.00911	0.68243	0.00214	1	1.45898	0.81042	0	
1258281	8486.57812	3305665378259	0.00000	0.00000	8486.41113	0.08008	11555	0	0.54975	0.40685	0	0.34964	0.09645	0	0.34964	0.09645	0	0.48393	0.53533	9.89691	1.06647	0	0.48285	0.53221	10.49647	1.06647	0	-0.00392	-0.00889	0.66996	0.00344	1	-0.00399	-0.00911	0.68243	0.00214	1	1.45898	0.81042	0	
1258282	8486.58496	3305665445839	0.00000	0.00000	8486.41113	0.08008	11555	0	0.54975	0.40685	0	0.34964	0.09645	0	0.34964	0.09645	0	0.48393	0.53533	9.89691	1.06647	0	0.48285	0.53221	10.49647	1.06647	0	-0.00392	-0.00889	0.66996	0.00344	1	-0.00399	-0.00911	0.68243	0.00214	1	1.45898	0.81042	0	
1258283	8486.59180	3305665512317	0.17482	0.04823	8486.41113	0.08008	11555	0	0.54975	0.40685	0	0.34964	0.09645	1	0.34964	0.09645	1	0.48378	0.53194	10.37449	1.06647	0	0.48378	0.53194	10.37449	1.06647	1	-0.00392	-0.00889	0.66996	0.00344	1	-0.00382	-0.00913	0.68776	0.00209	1	1.45898	0.81042	0	
1258284	8486.59863	3305665579249	0.36006	0.10791	8486.41113	0.08008	11555	0	0.54975	0.40685	0	0.37048	0.11936	1	0.37048	0.11936	1	0.48378	0.53194	10.37449	1.06647	0	0.48377	0.53185	10.77334	1.06647	1	-0.00392	-0.00889	0.66996	0.00344	1	-0.00382	-0.00913	0.68776	0.00207	1	1.45898	0.81042	0	
1258285	8486.60547	3305665646528	0.35603	0.14190	8486.41113	0.08008	11555	0	0.54975	0.40685	0	0.35199	0.17590	1	0.35199	0.17590	1	0.48378	0.53194	10.37449	1.06647	0	0.48377	0.53187	10.81615	1.06647	1	-0.00392	-0.00889	0.66996	0.00344	1	-0.00382	-0.00913	0.68776	0.00207	1	1.45898	0.81042	0	
1258286	8486.61230	3305665713398	0.35447	0.15049	8486.41113	0.08008	11555	0	0.54975	0.40685	0	0.35136	0.16766	1	0.35136	0.16766	1	0.48378	0.53194	10.37449	1.06647	0	0.48393	0.53172	10.88625	1.07515	1	-0.00392	-0.00889	0.66996	0.00344	1	-0.00387	-0.00933	0.70649	0.00214	1	1.45898	0.81042	0	
1258287	8486.61816	3305665780419	0.34972	0.22581	8486.41113	0.08008	11555	0	0.54975	0.40685	0	0.34581	0.33387	1	0.34581	0.33387	1	0.48378	0.53194	10.37449	1.07515	0	0.48406	0.53385	10.51644	1.08383	1	-0.00392	-0.00889	0.66996	0.00344	1	-0.00387	-0.00933	0.70649	0.00352	1	1.45898	0.81042	0	
1258288	8486.62500	3305665847160	0.35166	0.27122	8486.41113	0.08008	11555	0	0.54975	0.40685	0	0.35361	0.31663	1	0.35361	0.31663	1	0.48378	0.53194	10.37449	1.08383	0	0.48423	0.53374	10.53914	1.09251	1	-0.00392	-0.00889	0.66996	0.00344	1	-0.00387	-0.00933	0.70649	0.00359	1	1.45898	0.81042	0	
1258289	8486.63184	3305665914168	0.35231	0.28636	8486.41113	0.08008	11555	0	0.54975	0.40685	0	0.35361	0.31663	1	0.35361	0.31663	1	0.48378	0.53194	10.37449	1.09251	0	0.48420	0.53161	10.60009	1.09251	1	-0.00392	-0.00889	0.66996	0.00344	1	-0.00362	-0.00901	0.69027	0.00217	1	1.45898	0.81042	0	
1258290	8486.63867	3305665980676	0.35297	0.25056	8486.61816	0.02051	11556	1	0.54975	0.40685	0	0.35497	0.14317	1	0.35497	0.14317	1	0.48378	0.53194	10.37449	1.09251	0	0.48421	0.53172	10.59212	1.08383	1	-0.00392	-0.00889	0.66996	0.00344	1	-0.00362	-0.00901	0.69027	0.00214	1	1.45898	0.81042	0	
1258291	8486.64551	3305666048298	0.35061	0.22927	8486.61816	0.02734	11556	1	0.54975	0.40685	0	0.34118	0.14408	1	0.34118	0.14408	1	0.48378	0.53194	10.37449	1.08383	0	0.48427	0.53162	10.72659	1.07515	1	-0.00392	-0.00889	0.66996	0.00344	1	-0.00362	-0.00901	0.69027	0.00215	1	1.45898	0.81042	0	
1258292	8486.65137	3305666113664	0.34916	0.21647	8486.61816	0.03320	11556	1	0.54975	0.40685	0	0.34189	0.15250	1	0.34189	0.15250	1	0.48378	0.53194	10.37449	1.07515	0	0.48441	0.53113	10.55300	1.06647	1	-0.00392	-0.00889	0.66996	0.00344	1	-0.00362	-0.00901	0.69027	0.00217	1	1.45898	0.81042	0	
1258293	8486.65918	3305666182394	0.34863	0.20327	8486.61816	0.04102	11556	1	0.54975	0.40685	0	0.34547	0.12408	1	0.34547	0.12408	1	0.48378	0.53194	10.37449	1.06647	0	0.48430	0.53136	10.54278	1.06647	1	-0.00392	-0.00889	0.66996	0.00344	1	-0.00362	-0.00901	0.69027	0.00215	1	1.45898	0.81042	0	
1258294	8486.66504	3305666248765	0.34977	0.19096	8486.61816	0.04688	11556	1	0.54975	0.40685	0	0.35770	0.10476	1	0.35770	0.10476	1	0.48378	0.53194	10.37449	1.06647	0	0.48446	0.53131	10.51161	1.06647	1	-0.00392	-0.00889	0.66996	0.00344	1	-0.00362	-0.00901	0.69027	0.00217	1	1.45898	0.81042	0	
1258295	8486.67188	3305666313802	0.35065	0.18138	8486.61816	0.05371	11556	1	0.54975	0.40685	0	0.35770	0.10476	1	0.35770	0.10476	1	0.48378	0.53194	10.37449	1.06647	0	0.48434	0.53118	10.35799	1.06647	1	-0.00392	-0.00889	0.66996	0.00344	1	-0.00362	-0.00901	0.69027	0.00212	1	1.45898	0.81042	0	
1258296	8486.67871	3305666380779	0.35173	0.17526	8486.61816	0.06055	11556	1	0.54975	0.40685	0	0.36148	0.12021	1	0.36148	0.12021	1	0.48378	0.53194	10.37449	1.06647	0	0.48448	0.53121	10.99969	1.06647	1	-0.00392	-0.00889	0.66996	0.00344	1	-0.00362	-0.00901	0.69027	0.00213	1	1.45898	0.81042	0	
1258297	8486.68555	3305666450396	0.35173	0.17526	8486.61816	0.06738	11556	1	0.54975	0.40685	0	0.36148	0.12021	0	0.36148	0.12021	0	0.48378	0.53194	10.37449	1.06647	0	0.48448	0.53121	10.99969	1.06647	0	-0.00392	-0.00889	0.66996	0.00344	1	-0.00362	-0.00901	0.69027	0.00213	1	1.45898	0.81042	0	
1258298	8486.69238	3305666517584	0.35173	0.17526	8486.61816	0.07422	11556	1	0.54975	0.40685	0	0.36148	0.12021	0	0.36148	0.12021	0	0.48378	0.53194	10.37449	1.06647	0	0.48448	0.53121	10.99969	1.06647	0	-0.00392	-0.00889	0.66996	0.00344	1	-0.00362	-0.00901	0.69027	0.00213	1	1.45898	0.81042	0	
1258299	8486.69922	3305666584749	0.35173	0.17526	8486.61816	0.08105	11556	1	0.54975	0.40685	0	0.36148	0.12021	0	0.36148	0.12021	0	0.48378	0.53194	10.37449	1.06647	0	0.48448	0.53121	10.99969	1.06647	0	-0.00392	-0.00889	0.66996	0.00344	1	-0.00362	-0.00901	0.69027	0.00213	1	1.45898	0.81042	0	
1258300	8486.70508	3305666648037	0.35196	0.16965	8486.61816	0.08105	11556	0	0.54975	0.40685	0	0.36148	0.12021	0	0.36148	0.12021	0	0.48378	0.53194	10.37449	1.06647	0	0.48448	0.53121	10.99969	1.06647	0	-0.00392	-0.00889	0.66996	0.00344	1	-0.00362	-0.00901	0.69027	0.00213	1	1.45898	0.81042	0	
1258301	8486.71191	3305666718070	0.35196	0.16965	8486.61816	0.08105	11556	0	0.54975	0.40685	0	0.36148	0.12021	0	0.36148	0.12021	0	0.48378	0.53194	10.37449	1.06647	0	0.48448	0.53121	10.99969	1.06647	0	-0.00392	-0.00889	0.66996	0.00344	1	-0.00362	-0.00901	0.69027	0.00213	1	1.45898	0.81042	0	
1258302	8486.71875	3305666785281	0.35196	0.16965	8486.61816	0.08105	11556	0	0.54975	0.40685	0	0.36148	0.12021	0	0.36148	0.12021	0	0.48378	0.53194	10.37449	1.06647	0	0.48448	0.53121	10.99969	1.06647	0	-0.00392	-0.00889	0.66996	0.00344	1	-0.00362	-0.00901	0.69027	0.00213	1	1.45898	0.81042	0	
1258303	8486.72559	3305666853150	0.00000	0.00000	8486.61816	0.08105	11556	0	0.54975	0.40685	0	0.36148	0.12021	0	0.36148	0.12021	0	0.48378	0.53194	10.37449	1.06647	0	0.48448	0.53121	10.99969	1.06647	0	-0.00392	-0.00889	0.66996	0.00344	1	-0.00362	-0.00901	0.69027	0.00213	1	1.45898	0.81042	0	
1258304	8486.73242	3305666919186	0.00000	0.00000	8486.61816	0.08105	11556	0	0.54975	0.40685	0	0.36148	0.12021	0	0.36148	0.12021	0	0.48378	0.53194	10.37449	1.06647	0	0.48448	0.53121	10.99969	1.06647	0	-0.00392	-0.00889	0.66996	0.00344	1	-0.00362	-0.00901	0.69027	0.00213	1	1.45898	0.81042	0	
1258305	8486.73926	3305666986060	0.00000	0.00000	8486.61816	0.08105	11556	0	0.54975	0.40685	0	0.36148	0.12021	0	0.36148	0.12021	0	0.48378	0.53194	10.37449	1.06647	0	0.48448	0.53121	10.99969	1.06647	0	-0.00392	-0.00889	0.66996	0.00344	1	-0.00362	-0.00901	0.69027	0.00213	1	1.45898	0.81042	0	
1258306	8486.74609	3305667052946	0.00000	0.00000	8486.61816	0.08105	11556	0	0.54975	0.40685	0	0.36148	0.12021	0	0.36148	0.12021	0	0.48378	0.53194	10.37449	1.06647	0	0.48448	0.53121	10.99969	1.06647	0	-0.00392	-0.00889	0.66996	0.00344	1	-0.00362	-0.00901	0.69027	0.00213	1	1.45898	0.81042	0	
1258307	8486.75293	3305667120148	0.00000	0.00000	8486.61816	0.08105	11556	0	0.54975	0.40685	0	0.36148	0.12021	0	0.36148	0.12021	0	0.48378	0.53194	10.37449	1.06647	0	0.48448	0.53121	10.99969	1.06647	0	-0.00392	-0.00889	0.66996	0.00344	1	-0.00362	-0.00901	0.69027	0.00213	1	1.45898	0.81042	0	
1258308	8486.75977	3305667188665	0.00000	0.00000	8486.61816	0.08105	11556	0	0.54975	0.40685	0	0.36148	0.12021	0	0.36148	0.12021	0	0.48378	0.53194	10.37449	1.06647	0	0.48448	0.53121	10.99969	1.06647	0	-0.00392	-0.00889	0.66996	0.00344	1	-0.00362	-0.00901	0.69027	0.00213	1	1.45898	0.81042	0	
1258309	8486.76562	3305667253561	0.00000	0.00000	8486.61816	0.08105	11556	0	0.54975	0.40685	0	0.36148	0.12021	0	0.36148	0.12021	0	0.48378	0.53194	10.37449	1.06647	0	0.48448	0.53121	10.99969	1.06647	0	-0.00392	-0.00889	0.66996	0.00344	1	-0.00362	-0.00901	0.69027	0.00213	1	1.45898	0.81042	0	
1258310	8486.77246	3305667319233	0.00000	0.00000	8486.61816	0.08105	11556	0	0.54975	0.40685	0	0.36148	0.12021	0	0.36148	0.12021	0	0.48378	0.53194	10.37449	1.06647	0	0.48448	0.53121	10.99969	1.06647	0	-0.00392	-0.00889	0.66996	0.00344	1	-0.00362	-0.00901	0.69027	0.00213	1	1.45898	0.81042	0	
1258311	8486.77930	3305667388601	0.00000	0.00000	8486.61816	0.08105	11556	0	0.54975	0.40685	0	0.36148	0.12021	0	0.36148	0.12021	0	0.48378	0.53194	10.37449	1.06647	0	0.48448	0.53121	10.99969	1.06647	0	-0.00392	-0.00889	0.66996	0.00344	1	-0.00362	-0.00901	0.69027	0.00213	1	1.45898	0.81042	0	
1258312	8486.78613	3305667456422	0.00000	0.00000	8486.61816	0.08105	11556	0	0.54975	0.40685	0	0.36148	0.12021	0	0.36148	0.12021	0	0.48378	0.53194	10.37449	1.06647	0	0.48448	0.53121	10.99969	1.06647	0	-0.00392	-0.00889	0.66996	0.00344	1	-0.00362	-0.00901	0.69027	0.00213	1	1.45898	0.81042	0	
1258313	8486.79297	3305667523152	0.00000	0.00000	8486.61816	0.08105	11556	0	0.54975	0.40685	0	0.36148	0.12021	0	0.36148	0.12021	0	0.48378	0.53194	10.37449	1.06647	0	0.48448	0.53121	10.99969	1.06647	0	-0.00392	-0.00889	0.66996	0.00344	1	-0.00362	-0.00901	0.69027	0.00213	1	1.45898	0.81042	0	
1258314	8486.79980	3305667590007	0.00000	0.00000	8486.61816	0.08105	11556	0	0.54975	0.40685	0	0.36148	0.12021	0	0.36148	0.12021	0	0.48378	0.53194	10.37449	1.06647	0	0.48448	0.53121	10.99969	1.06647	0	-0.00392	-0.00889	0.66996	0.00344	1	-0.00362	-0.00901	0.69027	0.00213	1	1.45898	0.81042	0	
1258315	8486.80566	3305667655549	0.00000	0.00000	8486.61816	0.08105	11556	0	0.54975	0.40685	0	0.36148	0.12021	0	0.36148	0.12021	0	0.48378	0.53194	10.37449	1.06647	0	0.48448	0.53121	10.99969	1.06647	0	-0.00392	-0.00889	0.66996	0.00344	1	-0.00362	-0.00901	0.69027	0.00213	1	1.45898	0.81042	0	
1258316	8486.81250	3305667722686	0.22767	0.12959	8486.61816	0.08105	11556	0	0.54975	0.40685	1	0.36092	0.11151	1	0.45534	0.25918	1	0.48531	0.53301	10.67615	1.06647	1	0.74753	0.55794	11.17177	1.07515	1	-0.00339	-0.00885	0.68566	0.00364	1	0.06558	-0.01403	0.69033	0.00380	1	1.45898	0.81042	0	
1258317	8486.81934	3305667790517	0.30736	0.22727	8486.61816	0.08105	11556	0	0.49007	0.41610	1	0.44344	0.42913	1	0.46675	0.42262	1	0.48534	0.53323	10.86938	1.07515	1	0.74747	0.55817	11.47609	1.08383	1	-0.00339	-0.00885	0.68566	0.00359	1	0.06558	-0.01403	0.69033	0.00374	1	1.45898	0.81042	0	
1258318	8486.82617	3305667856787	0.46098	0.32330	8486.61816	0.08105	11556	0	0.47081	0.19318	1	0.45089	0.38302	1	0.46085	0.28810	1	0.48519	0.53068	10.79959	1.08383	1	0.74746	0.55819	11.65032	1.09251	1	-0.00339	-0.00885	0.68566	0.00213	1	0.06558	-0.01403	0.69033	0.00373	1	1.45898	0.81042	0	
1258319	8486.83301	3305667923769	0.46060	0.30372	8486.61816	0.08105	11556	0	0.46957	0.18524	1	0.45089	0.38302	1	0.46023	0.28413	1	0.48615	0.53311	10.52292	1.09251	1	0.74757	0.55815	11.47985	1.09251	1	-0.00339	-0.00885	0.68566	0.00377	1	0.06380	-0.01359	0.67107	0.00362	1	1.45898	0.81042	0	
1258320	8486.83984	3305667990850	0.46543	0.33890	8486.61816	0.08105	11556	0	0.49243	0.40749	1	0.45777	0.41103	1	0.47510	0.40926	1	0.48543	0.53308	10.81367	1.09251	1	0.74762	0.55838	11.57109	1.08383	1	-0.00339	-0.00885	0.68566	0.00364	1	0.06380	-0.01359	0.67107	0.00365	1	1.45898	0.81042	0	
1258321	8486.84668	3305668057865	0.47172	0.35265	8486.82617	0.02051	11557	1	0.52290	0.40232	1	0.45821	0.38552	1	0.49056	0.39392	1	0.48597	0.53318	10.25834	1.08383	1	0.74760	0.55822	11.53470	1.07515	1	-0.00339	-0.00885	0.68566	0.00369	1	0.06380	-0.01359	0.67107	0.00374	1	1.45898	0.81042	0	
1258322	8486.85254	3305668124691	0.47556	0.36219	8486.82617	0.02637	11557	1	0.52380	0.40855	1	0.45803	0.39210	1	0.49091	0.40033	1	0.48593	0.53318	10.42392	1.07515	1	0.74741	0.55862	11.85297	1.06647	1	-0.00339	-0.00885	0.68566	0.00364	1	0.06380	-0.01369	0.67107	0.00379	1	1.45898	0.81042	0	
1258323	8486.85938	3305668189878	0.47887	0.37327	8486.82617	0.03320	11557	1	0.53244	0.42617	1	0.45845	0.43116	1	0.49545	0.42867	1	0.48600	0.53328	10.53482	1.06647	1	0.74766	0.55843	12.27600	1.06647	1	-0.00339	-0.00885	0.68566	0.00353	1	0.06380	-0.01369	0.67107	0.00377	1	1.45898	0.81042	0	
1258324	8486.86621	3305668255831	0.48049	0.38183	8486.82617	0.04004	11557	1	0.52441	0.42859	1	0.45600	0.43785	1	0.49021	0.43322	1	0.48589	0.53328	10.42692	1.06647	1	0.74766	0.55857	12.46905	1.06647	1	-0.00339	-0.00885	0.68566	0.00350	1	0.06380	-0.01369	0.67107	0.00371	1	1.45898	0.81042	0	
1258325	8486.87305	3305668324273	0.48170	0.38826	8486.82617	0.04688	11557	1	0.52441	0.42859	1	0.45600	0.43785	1	0.49021	0.43322	1	0.48592	0.53333	10.46171	1.06647	1	0.74764	0.55858	12.46724	1.06647	1	-0.00339	-0.00885	0.68566	0.00354	1	0.06380	-0.01369	0.67107	0.00370	1	1.45898	0.81042	0	
1258326	8486.87988	3305668390598	0.48027	0.38068	8486.82617	0.05371	11557	1	0.47381	0.21931	1	0.46379	0.42083	1	0.46880	0.32007	1	0.48517	0.53084	10.63291	1.06647	1	0.74779	0.55848	12.24196	1.06647	1	-0.00339	-0.00885	0.68566	0.00216	1	0.06380	-0.01369	0.67107	0.00362	1	1.45898	0.81042	0	
1258327	8486.88574	3305668457040	0.47834	0.37310	8486.82617	0.05957	11557	1	0.47169	0.17097	1	0.45026	0.43874	1	0.46098	0.30485	1	0.48524	0.53080	10.66131	1.06647	1	0.74751	0.55851	11.86635	1.06647	1	-0.00339	-0.00885	0.68566	0.00220	1	0.06380	-0.01369	0.67107	0.00379	1	1.45898	0.81042	0	
1258328	8486.89258	3305668523691	0.47676	0.36689	8486.82617	0.06641	11557	1	0.47169	0.17097	1	0.45026	0.43874	1	0.46098	0.30485	1	0.48593	0.53318	10.56569	1.06647	1	0.74721	0.55881	11.35795	1.06647	1	-0.00339	-0.00885	0.68566	0.00346	1	0.06380	-0.01374	0.67107	0.00384	1	1.45898	0.81042	0	
1258329	8486.89941	3305668592405	0.47492	0.36495	8486.82617	0.07324	11557	1	0.47169	0.17097	0	0.45471	0.34356	1	0.45471	0.34356	1	0.48593	0.53318	10.56569	1.06647	0	0.74754	0.55772	10.92297	1.06647	1	-0.00339	-0.00885	0.68566	0.00346	1	0.06380	-0.01374	0.67107	0.00403	1	1.45898	0.81042	0	
1258330	8486.90625	3305668660912	0.47492	0.36495	8486.82617	0.08008	11557	1	0.47169	0.17097	0	0.45471	0.34356	0	0.45471	0.34356	0	0.48593	0.53318	10.56569	1.06647	0	0.74754	0.55772	10.92297	1.06647	0	-0.00339	-0.00885	0.68566	0.00346	1	0.06380	-0.01374	0.67107	0.00403	1	1.45898	0.81042	0	
1258331	8486.91309	3305668728442	0.47492	0.36495	8486.82617	0.08691	11557	1	0.47169	0.17097	0	0.45471	0.34356	0	0.45471	0.34356	0	0.48593	0.53318	10.56569	1.06647	0	0.74754	0.55772	10.92297	1.06647	0	-0.00339	-0.00885	0.68566	0.00346	1	0.06380	-0.01374	0.67107	0.00403	1	1.45898	0.81042	0	
1258332	8486.91992	3305668795159	0.47492	0.36495	8486.82617	0.09375	11557	1	0.47169	0.17097	0	0.45471	0.34356	0	0.45471	0.34356	0	0.48593	0.53318	10.56569	1.06647	0	0.74754	0.55772	10.92297	1.06647	0	-0.00339	-0.00885	0.68566	0.00346	1	0.06380	-0.01374	0.67107	0.00403	1	1.45898	0.81042	0	
1258333	8486.92676	3305668862376	0.47619	0.36874	8486.82617	0.09375	11557	0	0.47169	0.17097	0	0.45471	0.34356	0	0.45471	0.34356	0	0.48593	0.53318	10.56569	1.06647	0	0.74754	0.55772	10.92297	1.06647	0	-0.00339	-0.00885	0.68566	0.00346	1	0.06380	-0.01374	0.67107	0.00403	1	1.45898	0.81042	0	
1258334	8486.93359	3305668929394	0.47619	0.36874	8486.82617	0.09375	11557	0	0.47169	0.17097	0	0.45471	0.34356	0	0.45471	0.34356	0	0.48593	0.53318	10.56569	1.06647	0	0.74754	0.55772	10.92297	1.06647	0	-0.00339	-0.00885	0.68566	0.00346	1	0.06380	-0.01374	0.67107	0.00403	1	1.45898	0.81042	0	
1258335	8486.94043	3305668995376	0.47619	0.36874	8486.82617	0.09375	11557	0	0.47169	0.17097	0	0.45471	0.34356	0	0.45471	0.34356	0	0.48593	0.53318	10.56569	1.06647	0	0.74754	0.55772	10.92297	1.06647	0	-0.00339	-0.00885	0.68566	0.00346	1	0.06380	-0.01374	0.67107	0.00403	1	1.45898	0.81042	0	
1258336	8486.94629	3305669062107	0.00000	0.00000	8486.82617	0.09375	11557	0	0.47169	0.17097	0	0.45471	0.34356	0	0.45471	0.34356	0	0.48593	0.53318	10.56569	1.06647	0	0.74754	0.55772	10.92297	1.06647	0	-0.00339	-0.00885	0.68566	0.00346	1	0.06380	-0.01374	0.67107	0.00403	1	1.45898	0.81042	0	
1258337	8486.95312	3305669129883	0.00000	0.00000	8486.82617	0.09375	11557	0	0.47169	0.17097	0	0.45471	0.34356	0	0.45471	0.34356	0	0.48593	0.53318	10.56569	1.06647	0	0.74754	0.55772	10.92297	1.06647	0	-0.00339	-0.00885	0.68566	0.00346	1	0.06380	-0.01374	0.67107	0.00403	1	1.45898	0.81042	0	
1258338	8486.95996	3305669196731	0.00000	0.00000	8486.82617	0.09375	11557	0	0.47169	0.17097	0	0.45471	0.34356	0	0.45471	0.34356	0	0.48593	0.53318	10.56569	1.06647	0	0.74754	0.55772	10.92297	1.06647	0	-0.00339	-0.00885	0.68566	0.00346	1	0.06380	-0.01374	0.67107	0.00403	1	1.45898	0.81042	0	
1258339	8486.96680	3305669263951	0.00000	0.00000	8486.82617	0.09375	11557	0	0.47169	0.17097	0	0.45471	0.34356	0	0.45471	0.34356	0	0.48593	0.53318	10.56569	1.06647	0	0.74754	0.55772	10.92297	1.06647	0	-0.00339	-0.00885	0.68566	0.00346	1	0.06380	-0.01374	0.67107	0.00403	1	1.45898	0.81042	0	
1258340	8486.97363	3305669330620	0.00000	0.00000	8486.82617	0.09375	11557	0	0.47169	0.17097	0	0.45471	0.34356	0	0.45471	0.34356	0	0.48593	0.53318	10.56569	1.06647	0	0.74754	0.55772	10.92297	1.06647	0	-0.00339	-0.00885	0.68566	0.00346	1	0.06380	-0.01374	0.67107	0.00403	1	1.45898	0.81042	0	
1258341	8486.98047	3305669397810	0.00000	0.00000	8486.82617	0.09375	11557	0	0.47169	0.17097	0	0.45471	0.34356	0	0.45471	0.34356	0	0.48593	0.53318	10.56569	1.06647	0	0.74754	0.55772	10.92297	1.06647	0	-0.00339	-0.00885	0.68566	0.00346	1	0.06380	-0.01374	0.67107	0.00403	1	1.45898	0.81042	0	
1258342	8486.98730	3305669464446	0.00000	0.00000	8486.82617	0.09375	11557	0	0.47169	0.17097	0	0.45471	0.34356	0	0.45471	0.34356	0	0.48593	0.53318	10.56569	1.06647	0	0.74754	0.55772	10.92297	1.06647	0	-0.00339	-0.00885	0.68566	0.00346	1	0.06380	-0.01374	0.67107	0.00403	1	1.45898	0.81042	0	
1258343	8486.99316	3305669527070	0.22735	0.17178	8486.82617	0.09375	11557	0	0.47169	0.17097	0	0.45471	0.34356	1	0.45471	0.34356	1	0.48500	0.53393	10.23859	1.06647	0	0.48500	0.53393	10.23859	1.06647	1	-0.00339	-0.00885	0.68566	0.00346	1	-0.00353	-0.00872	0.67175	0.00367	1	1.45898	0.81042	0	
1258344	8487.00000	3305669597074	0.28192	0.21433	8486.82617	0.09375	11557	0	0.47169	0.17097	0	0.39104	0.29943	1	0.39104	0.29943	1	0.48500	0.53393	10.23859	1.06647	0	0.48516	0.53329	10.58023	1.06647	1	-0.00339	-0.00885	0.68566	0.00346	1	-0.00353	-0.00872	0.67175	0.00392	1	1.45898	0.81042	0	
1258345	8487.00684	3305669665347	0.40864	0.33701	8486.82617	0.09375	11557	0	0.47169	0.17097	0	0.38017	0.36804	1	0.38017	0.36804	1	0.48500	0.53393	10.23859	1.06647	0	0.48507	0.53412	10.68369	1.06647	1	-0.00339	-0.00885	0.68566	0.00346	1	-0.00353	-0.00872	0.67175	0.00360	1	1.45898	0.81042	0	
1258346	8487.01367	3305669732627	0.39441	0.35252	8486.82617	0.09375	11557	0	0.47169	0.17097	0	0.38017	0.36804	1	0.38017	0.36804	1	0.48500	0.53393	10.23859	1.06647	0	0.48495	0.53383	10.61167	1.06647	1	-0.00339	-0.00885	0.68566	0.00346	1	-0.00353	-0.00872	0.67175	0.00371	1	1.45898	0.81042	0	
1258347	8487.02051	3305669798219	0.38267	0.34472	8486.82617	0.09375	11557	0	0.47169	0.17097	0	0.35921	0.32911	1	0.35921	0.32911	1	0.48500	0.53393	10.23859	1.06647	0	0.48507	0.53355	10.37457	1.06647	1	-0.00339	-0.00885	0.68566	0.00346	1	-0.00353	-0.00872	0.67175	0.00378	1	1.45898	0.81042	0	
1258348	8487.02734	3305669865170	0.41126	0.34334	8487.00684	0.02051	11558	1	0.53113	0.33283	1	0.46290	0.34559	1	0.49701	0.33921	1	0.48528	0.53320	10.68537	1.06647	1	0.74694	0.55762	11.73547	1.06647	1	-0.00339	-0.00885	0.68566	0.00393	1	-0.00353	-0.00872	0.67175	0.00408	1	1.45898	0.81042	0	
1258349	8487.03418	3305669933006	0.42841	0.34252	8487.00684	0.02734	11558	1	0.53113	0.33283	1	0.46290	0.34559	1	0.49701	0.33921	1	0.48509	0.53313	10.24187	1.06647	1	0.74711	0.55828	11.66120	1.06647	1	-0.00362	-0.00901	0.69027	0.00381	1	0.06435	-0.01395	0.67891	0.00379	1	1.45898	0.81042	0	
1258350	8487.04102	3305670000558	0.43973	0.35261	8487.00684	0.03418	11558	1	0.52663	0.36966	1	0.46599	0.43648	1	0.49631	0.40307	1	0.48521	0.53345	10.36798	1.06647	1	0.74699	0.55847	12.07963	1.06647	1	-0.00362	-0.00901	0.69027	0.00372	1	0.06435	-0.01395	0.67891	0.00377	1	1.45898	0.81042	0	
1258351	8487.04688	3305670066545	0.44682	0.35862	8487.00684	0.04004	11558	1	0.51875	0.39328	1	0.46005	0.39610	1	0.48940	0.39469	1	0.48500	0.53374	10.21735	1.06647	1	0.74689	0.55832	12.30129	1.06647	1	-0.00362	-0.00901	0.69027	0.00362	1	0.06435	-0.01395	0.67891	0.00374	1	1.45898	0.81042	0	
1258352	8487.05371	3305670134750	0.45216	0.36272	8487.00684	0.04688	11558	1	0.51875	0.39328	1	0.46026	0.38956	1	0.48950	0.39142	1	0.48515	0.53398	10.64522	1.06647	1	0.74706	0.55709	11.84292	1.07515	1	-0.00362	-0.00901	0.69027	0.00358	1	0.06707	-0.01448	0.70703	0.00432	1	1.45898	0.81042	0	
1258353	8487.06055	3305670201236	0.45938	0.35861	8487.00684	0.05371	11558	1	0.53930	0.35223	1	0.49500	0.29916	1	0.51715	0.32569	1	0.48542	0.53355	10.91215	1.07515	1	0.74742	0.55737	11.28937	1.08383	1	-0.00362	-0.00901	0.69027	0.00393	1	0.06707	-0.01448	0.70703	0.00417	1	1.45898	0.81042	0	
1258354	8487.06738	3305670268624	0.46243	0.35586	8487.00684	0.06055	11558	1	0.50203	0.33360	1	0.47768	0.32866	1	0.48986	0.33113	1	0.48520	0.53331	10.75426	1.08383	1	0.74713	0.55773	11.68459	1.09251	1	-0.00362	-0.00901	0.69027	0.00378	1	0.06707	-0.01448	0.70703	0.00399	1	1.45898	0.81042	0	
1258355	8487.07422	3305670334365	0.46381	0.35339	8487.00684	0.06738	11558	1	0.50203	0.33360	0	0.47768	0.32866	1	0.47768	0.32866	1	0.48520	0.53331	10.75426	1.09251	0	0.74698	0.55844	12.12764	1.09251	1	-0.00362	-0.00901	0.69027	0.00378	1	0.06435	-0.01395	0.67891	0.00368	1	1.45898	0.81042	0	
1258356	8487.08008	3305670399664	0.46375	0.35884	8487.00684	0.07324	11558	1	0.50203	0.33360	0	0.46307	0.41888	1	0.46307	0.41888	1	0.48520	0.53331	10.75426	1.09251	0	0.74690	0.55848	12.06692	1.08383	1	-0.00362	-0.00901	0.69027	0.00378	1	0.06435	-0.01395	0.67891	0.00366	1	1.45898	0.81042	0	
1258357	8487.08691	3305670466135	0.46427	0.36346	8487.00684	0.08008	11558	1	0.50203	0.33360	0	0.47045	0.41881	1	0.47045	0.41881	1	0.48520	0.53331	10.75426	1.08383	0	0.74703	0.55843	12.06144	1.07515	1	-0.00362	-0.00901	0.69027	0.00378	1	0.06435	-0.01395	0.67891	0.00367	1	1.45898	0.81042	0	
1258358	8487.09375	3305670536095	0.46471	0.36741	8487.00684	0.08691	11558	1	0.50203	0.33360	0	0.47045	0.41881	1	0.47045	0.41881	1	0.48520	0.53331	10.75426	1.07515	0	0.74723	0.55841	11.76394	1.07515	1	-0.00362	-0.00901	0.69027	0.00378	1	0.06707	-0.01448	0.70703	0.00366	1	1.45898	0.81042	0	
1258359	8487.10059	3305670603359	0.46471	0.36741	8487.00684	0.09375	11558	1	0.50203	0.33360	0	0.47045	0.41881	0	0.47045	0.41881	0	0.48520	0.53331	10.75426	1.07515	0	0.74723	0.55841	11.76394	1.08383	0	-0.00362	-0.00901	0.69027	0.00378	1	0.06707	-0.01448	0.70703	0.00366	1	1.45898	0.81042	0	
1258360	8487.10742	3305670670335	0.46471	0.36741	8487.00684	0.10059	11558	1	0.50203	0.33360	0	0.47045	0.41881	0	0.47045	0.41881	0	0.48520	0.53331	10.75426	1.08383	0	0.74723	0.55841	11.76394	1.09251	0	-0.00362	-0.00901	0.69027	0.00378	1	0.06707	-0.01448	0.70703	0.00366	1	1.45898	0.81042	0	
1258361	8487.11426	3305670737184	0.46471	0.36741	8487.00684	0.10742	11558	1	0.50203	0.33360	0	0.47045	0.41881	0	0.47045	0.41881	0	0.48520	0.53331	10.75426	1.09251	0	0.74723	0.55841	11.76394	1.10119	0	-0.00362	-0.00901	0.69027	0.00378	1	0.06707	-0.01448	0.70703	0.00366	1	1.45898	0.81042	0	
1258362	8487.12109	3305670804143	0.47642	0.36989	8487.00684	0.10742	11558	0	0.50203	0.33360	0	0.47045	0.41881	0	0.47045	0.41881	0	0.48520	0.53331	10.75426	1.10119	0	0.74723	0.55841	11.76394	1.10119	0	-0.00362	-0.00901	0.69027	0.00378	1	0.06707	-0.01448	0.70703	0.00366	1	1.45898	0.81042	0	
1258363	8487.12793	3305670870663	0.47642	0.36989	8487.00684	0.10742	11558	0	0.50203	0.33360	0	0.47045	0.41881	0	0.47045	0.41881	0	0.48520	0.53331	10.75426	1.10119	0	0.74723	0.55841	11.76394	1.10119	0	-0.00362	-0.00901	0.69027	0.00378	1	0.06707	-0.01448	0.70703	0.00366	1	1.45898	0.81042	0	
1258364	8487.13477	3305670938398	0.47642	0.36989	8487.00684	0.10742	11558	0	0.50203	0.33360	0	0.47045	0.41881	0	0.47045	0.41881	0	0.48520	0.53331	10.75426	1.10119	0	0.74723	0.55841	11.76394	1.10119	0	-0.00362	-0.00901	0.69027	0.00378	1	0.06707	-0.01448	0.70703	0.00366	1	1.45898	0.81042	0	
1258365	8487.14062	3305671005293	0.00000	0.00000	8487.00684	0.10742	11558	0	0.50203	0.33360	0	0.47045	0.41881	0	0.47045	0.41881	0	0.48520	0.53331	10.75426	1.10119	0	0.74723	0.55841	11.76394	1.10119	0	-0.00362	-0.00901	0.69027	0.00378	1	0.06707	-0.01448	0.70703	0.00366	1	1.45898	0.81042	0	
1258366	8487.14746	3305671070901	0.00000	0.00000	8487.00684	0.10742	11558	0	0.50203	0.33360	0	0.47045	0.41881	0	0.47045	0.41881	0	0.48520	0.53331	10.75426	1.10119	0	0.74723	0.55841	11.76394	1.10119	0	-0.00362	-0.00901	0.69027	0.00378	1	0.06707	-0.01448	0.70703	0.00366	1	1.45898	0.81042	0	
1258367	8487.15430	3305671136772	0.00000	0.00000	8487.00684	0.10742	11558	0	0.50203	0.33360	0	0.47045	0.41881	0	0.47045	0.41881	0	0.48520	0.53331	10.75426	1.10119	0	0.74723	0.55841	11.76394	1.10119	0	-0.00362	-0.00901	0.69027	0.00378	1	0.06707	-0.01448	0.70703	0.00366	1	1.45898	0.81042	0	
1258368	8487.16113	3305671207198	0.49189	0.34506	8487.00684	0.10742	11558	0	0.50883	0.34651	1	0.47496	0.34361	1	0.49189	0.34506	1	0.48495	0.53353	10.27340	1.10119	1	0.74700	0.55789	11.89698	1.10119	1	-0.00362	-0.00901	0.69027	0.00374	1	0.06707	-0.01448	0.70703	0.00392	1	1.45898	0.81042	0	
1258369	8487.16797	3305671273665	0.48891	0.35455	8487.00684	0.10742	11558	0	0.50493	0.35694	1	0.46693	0.37113	1	0.48593	0.36404	1	0.48496	0.53400	10.31401	1.10119	1	0.74694	0.55820	11.96614	1.10119	1	-0.00362	-0.00901	0.69027	0.00364	1	0.06707	-0.01448	0.70703	0.00384	1	1.45898	0.81042	0	
1258370	8487.17480	3305671341361	0.48788	0.35880	8487.00684	0.10742	11558	0	0.50493	0.35694	1	0.46668	0.37767	1	0.48580	0.36731	1	0.48505	0.53413	10.38257	1.10119	1	0.74697	0.55817	11.94456	1.09251	1	-0.00362	-0.00901	0.69027	0.00366	1	0.06435	-0.01395	0.67891	0.00381	1	1.45898	0.81042	0	
1258371	8487.18164	3305671407766	0.48572	0.34985	8487.16113	0.02051	11559	1	0.50493	0.35694	0	0.47925	0.32301	1	0.47925	0.32301	1	0.48505	0.53413	10.38257	1.09251	0	0.74719	0.55764	11.59458	1.08383	1	-0.00362	-0.00901	0.69027	0.00366	1	0.06435	-0.01395	0.67891	0.00386	1	1.45898	0.81042	0	
1258372	8487.18750	3305671474683	0.48572	0.34985	8487.16113	0.02637	11559	1	0.50493	0.35694	0	0.47925	0.32301	0	0.47925	0.32301	0	0.48505	0.53413	10.38257	1.08383	0	0.74719	0.55764	11.59458	1.07515	0	-0.00362	-0.00901	0.69027	0.00366	1	0.06435	-0.01395	0.67891	0.00386	1	1.45898	0.81042	0	
1258373	8487.19434	3305671541134	0.48572	0.34985	8487.16113	0.03320	11559	1	0.50493	0.35694	0	0.47925	0.32301	0	0.47925	0.32301	0	0.48505	0.53413	10.38257	1.07515	0	0.74719	0.55764	11.59458	1.06647	0	-0.00362	-0.00901	0.69027	0.00366	1	0.06435	-0.01395	0.67891	0.00386	1	1.45898	0.81042	0	
1258374	8487.20117	3305671607694	0.48572	0.34985	8487.16113	0.04004	11559	1	0.50493	0.35694	0	0.47925	0.32301	0	0.47925	0.32301	0	0.48505	0.53413	10.38257	1.06647	0	0.74719	0.55764	11.59458	1.06647	0	-0.00362	-0.00901	0.69027	0.00366	1	0.06435	-0.01395	0.67891	0.00386	1	1.45898	0.81042	0	
1258375	8487.20801	3305671674705	0.48366	0.35145	8487.16113	0.04004	11559	0	0.50493	0.35694	0	0.47925	0.32301	0	0.47925	0.32301	0	0.48505	0.53413	10.38257	1.06647	0	0.74719	0.55764	11.59458	1.06647	0	-0.00362	-0.00901	0.69027	0.00366	1	0.06435	-0.01395	0.67891	0.00386	1	1.45898	0.81042	0	
1258376	8487.21484	3305671741791	0.48366	0.35145	8487.16113	0.04004	11559	0	0.50493	0.35694	0	0.47925	0.32301	0	0.47925	0.32301	0	0.48505	0.53413	10.38257	1.06647	0	0.74719	0.55764	11.59458	1.06647	0	-0.00362	-0.00901	0.69027	0.00366	1	0.06435	-0.01395	0.67891	0.00386	1	1.45898	0.81042	0	
1258377	8487.22168	3305671808542	0.48366	0.35145	8487.16113	0.04004	11559	0	0.50493	0.35694	0	0.47925	0.32301	0	0.47925	0.32301	0	0.48505	0.53413	10.38257	1.06647	0	0.74719	0.55764	11.59458	1.06647	0	-0.00362	-0.00901	0.69027	0.00366	1	0.06435	-0.01395	0.67891	0.00386	1	1.45898	0.81042	0	
1258378	8487.22852	3305671875915	0.47764	0.35134	8487.20801	0.02051	11560	1	0.50493	0.35694	0	0.47162	0.35123	1	0.47162	0.35123	1	0.48505	0.53413	10.38257	1.06647	0	0.74706	0.55770	11.89391	1.06647	1	-0.00362	-0.00901	0.69027	0.00366	1	0.06435	-0.01395	0.67891	0.00399	1	1.45898	0.81042	0	
1258379	8487.23438	3305671943025	0.47564	0.35130	8487.20801	0.02637	11560	1	0.50493	0.35694	0	0.47162	0.35123	1	0.47162	0.35123	1	0.48505	0.53413	10.38257	1.06647	0	0.74710	0.55786	11.95265	1.06647	1	-0.00362	-0.00901	0.69027	0.00366	1	0.06435	-0.01395	0.67891	0.00392	1	1.45898	0.81042	0	
1258380	8487.24121	3305672009393	0.47564	0.35130	8487.20801	0.03320	11560	1	0.50493	0.35694	0	0.47162	0.35123	0	0.47162	0.35123	0	0.48505	0.53413	10.38257	1.06647	0	0.74710	0.55786	11.95265	1.06647	0	-0.00362	-0.00901	0.69027	0.00366	1	0.06435	-0.01395	0.67891	0.00392	1	1.45898	0.81042	0	
1258381	8487.24805	3305672076902	0.47564	0.35130	8487.20801	0.04004	11560	1	0.50493	0.35694	0	0.47162	0.35123	0	0.47162	0.35123	0	0.48505	0.53413	10.38257	1.06647	0	0.74710	0.55786	11.95265	1.06647	0	-0.00362	-0.00901	0.69027	0.00366	1	0.06435	-0.01395	0.67891	0.00392	1	1.45898	0.81042	0	
1258382	8487.25488	3305672143689	0.47463	0.35129	8487.20801	0.04688	11560	1	0.50493	0.35694	0	0.47162	0.35123	1	0.47162	0.35123	1	0.48505	0.53413	10.38257	1.06647	0	0.74698	0.55810	11.89140	1.06647	1	-0.00362	-0.00901	0.69027	0.00366	1	0.06435	-0.01395	0.67891	0.00383	1	1.45898	0.81042	0	
1258383	8487.26172	3305672209049	0.47694	0.32964	8487.20801	0.05371	11560	1	0.50493	0.35694	0	0.48617	0.24304	1	0.48617	0.24304	1	0.48505	0.53413	10.38257	1.06647	0	0.74723	0.55654	11.57763	1.06647	1	-0.00362	-0.00901	0.69027	0.00366	1	0.06435	-0.01395	0.67891	0.00429	1	1.45898	0.81042	0	
1258384	8487.26758	3305672275073	0.47694	0.32964	8487.20801	0.05957	11560	1	0.50493	0.35694	0	0.48617	0.24304	0	0.48617	0.24304	0	0.48505	0.53413	10.38257	1.06647	0	0.74723	0.55654	11.57763	1.06647	0	-0.00362	-0.00901	0.69027	0.00366	1	0.06435	-0.01395	0.67891	0.00429	1	1.45898	0.81042	0	
1258385	8487.27441	3305672343310	0.47848	0.31520	8487.20801	0.06641	11560	1	0.50493	0.35694	0	0.48617	0.24304	1	0.48617	0.24304	1	0.48505	0.53413	10.38257	1.06647	0	0.74705	0.55833	12.10768	1.06647	1	-0.00362	-0.00901	0.69027	0.00366	1	0.06435	-0.01395	0.67891	0.00380	1	1.45898	0.81042	0	
1258386	8487.28125	3305672404830	0.47848	0.31520	8487.20801	0.07324	11560	1	0.50493	0.35694	0	0.48617	0.24304	0	0.48617	0.24304	0	0.48505	0.53413	10.38257	1.06647	0	0.74705	0.55833	12.10768	1.06647	0	-0.00362	-0.00901	0.69027	0.00366	1	0.06435	-0.01395	0.67891	0.00380	1	1.45898	0.81042	0	
1258387	8487.28809	3305672475592	0.47874	0.32277	8487.20801	0.08008	11560	1	0.50493	0.35694	0	0.48031	0.36813	1	0.48031	0.36813	1	0.48505	0.53413	10.38257	1.06647	0	0.74711	0.55797	11.73512	1.06647	1	-0.00362	-0.00901	0.69027	0.00366	1	0.06435	-0.01395	0.67891	0.00383	1	1.45898	0.81042	0	
1258388	8487.29492	3305672543505	0.47894	0.32844	8487.20801	0.08691	11560	1	0.50493	0.35694	0	0.48031	0.36813	1	0.48031	0.36813	1	0.48505	0.53413	10.38257	1.06647	0	0.74714	0.55778	11.64261	1.06647	1	-0.00362	-0.00901	0.69027	0.00366	1	0.06435	-0.01395	0.67891	0.00394	1	1.45898	0.81042	0	
1258389	8487.30176	3305672608429	0.47894	0.32844	8487.20801	0.09375	11560	1	0.50493	0.35694	0	0.48031	0.36813	0	0.48031	0.36813	0	0.48505	0.53413	10.38257	1.06647	0	0.74714	0.55778	11.64261	1.06647	0	-0.00362	-0.00901	0.69027	0.00366	1	0.06435	-0.01395	0.67891	0.00394	1	1.45898	0.81042	0	
1258390	8487.30859	3305672679201	0.47894	0.32844	8487.20801	0.10059	11560	1	0.50493	0.35694	0	0.48031	0.36813	0	0.48031	0.36813	0	0.48505	0.53413	10.38257	1.06647	0	0.74714	0.55778	11.64261	1.06647	0	-0.00362	-0.00901	0.69027	0.00366	1	0.06435	-0.01395	0.67891	0.00394	1	1.45898	0.81042	0	
1258391	8487.31543	3305672745834	0.47894	0.32844	8487.20801	0.10742	11560	1	0.50493	0.35694	0	0.48031	0.36813	0	0.48031	0.36813	0	0.48505	0.53413	10.38257	1.06647	0	0.74714	0.55778	11.64261	1.06647	0	-0.00362	-0.00901	0.69027	0.00366	1	0.06435	-0.01395	0.67891	0.00394	1	1.45898	0.81042	0	
1258392	8487.32129	3305672811052	0.47826	0.32515	8487.20801	0.10742	11560	0	0.50493	0.35694	0	0.48031	0.36813	0	0.48031	0.36813	0	0.48505	0.53413	10.38257	1.06647	0	0.74714	0.55778	11.64261	1.06647	0	-0.00362	-0.00901	0.69027	0.00366	1	0.06435	-0.01395	0.67891	0.00394	1	1.45898	0.81042	0	
1258393	8487.32812	3305672876468	0.47826	0.32515	8487.20801	0.10742	11560	0	0.50493	0.35694	0	0.48031	0.36813	0	0.48031	0.36813	0	0.48505	0.53413	10.38257	1.06647	0	0.74714	0.55778	11.64261	1.06647	0	-0.00362	-0.00901	0.69027	0.00366	1	0.06435	-0.01395	0.67891	0.00394	1	1.45898	0.81042	0	
1258394	8487.33496	3305672946050	0.47826	0.32515	8487.20801	0.10742	11560	0	0.50493	0.35694	0	0.48031	0.36813	0	0.48031	0.36813	0	0.48505	0.53413	10.38257	1.06647	0	0.74714	0.55778	11.64261	1.06647	0	-0.00362	-0.00901	0.69027	0.00366	1	0.06435	-0.01395	0.67891	0.00394	1	1.45898	0.81042	0	
1258395	8487.34180	3305673014070	0.00000	0.00000	8487.20801	0.10742	11560	0	0.50493	0.35694	0	0.48031	0.36813	0	0.48031	0.36813	0	0.48505	0.53413	10.38257	1.06647	0	0.74714	0.55778	11.64261	1.06647	0	-0.00362	-0.00901	0.69027	0.00366	1	0.06435	-0.01395	0.67891	0.00394	1	1.45898	0.81042	0	
1258396	8487.34863	3305673080485	0.00000	0.00000	8487.20801	0.10742	11560	0	0.50493	0.35694	0	0.48031	0.36813	0	0.48031	0.36813	0	0.48505	0.53413	10.38257	1.06647	0	0.74714	0.55778	11.64261	1.06647	0	-0.00362	-0.00901	0.69027	0.00366	1	0.06435	-0.01395	0.67891	0.00394	1	1.45898	0.81042	0	
1258397	8487.35547	3305673148844	0.00000	0.00000	8487.20801	0.10742	11560	0	0.50493	0.35694	0	0.48031	0.36813	0	0.48031	0.36813	0	0.48505	0.53413	10.38257	1.06647	0	0.74714	0.55778	11.64261	1.06647	0	-0.00362	-0.00901	0.69027	0.00366	1	0.06435	-0.01395	0.67891	0.00394	1	1.45898	0.81042	0	
1258398	8487.36230	3305673217189	0.50971	0.38460	8487.20801	0.10742	11560	0	0.52253	0.37654	1	0.49689	0.39266	1	0.50971	0.38460	1	0.48552	0.53375	11.14291	1.06647	1	0.74748	0.55787	11.46436	1.06647	1	-0.00362	-0.00901	0.69027	0.00364	1	0.06435	-0.01395	0.67891	0.00423	1	1.45898	0.81042	0	
1258399	8487.36914	3305673283073	0.51069	0.37325	8487.20801	0.10742	11560	0	0.52286	0.38839	1	0.50048	0.33543	1	0.51167	0.36191	1	0.48544	0.53377	11.17388	1.06647	1	0.74751	0.55796	11.47181	1.06647	1	-0.00362	-0.00901	0.69027	0.00360	1	0.06435	-0.01395	0.67891	0.00422	1	1.45898	0.81042	0	
1258400	8487.37500	3305673349109	0.50729	0.36064	8487.20801	0.10742	11560	0	0.52286	0.38839	0	0.50048	0.33543	1	0.50048	0.33543	1	0.48544	0.53377	11.17388	1.06647	0	0.48542	0.53372	11.45721	1.06647	1	-0.00362	-0.00901	0.69027	0.00360	1	-0.00359	-0.00902	0.68344	0.00360	1	1.45898	0.81042	0	
1258401	8487.38184	3305673416465	0.47502	0.34938	8487.36230	0.01953	11561	1	0.52286	0.38839	0	0.37821	0.31561	1	0.37821	0.31561	1	0.48544	0.53377	11.17388	1.06647	0	0.48537	0.53354	11.02139	1.06647	1	-0.00362	-0.00901	0.69027	0.00360	1	-0.00359	-0.00902	0.68344	0.00355	1	1.45898	0.81042	0	
1258402	8487.38867	3305673483938	0.45436	0.30968	8487.36230	0.02637	11561	1	0.52286	0.38839	0	0.37172	0.15088	1	0.37172	0.15088	1	0.48544	0.53377	11.17388	1.06647	0	0.48513	0.53157	10.98723	1.06647	1	-0.00362	-0.00901	0.69027	0.00360	1	-0.00359	-0.00902	0.68344	0.00223	1	1.45898	0.81042	0	
1258403	8487.39551	3305673550245	0.44059	0.28322	8487.36230	0.03320	11561	1	0.52286	0.38839	0	0.37172	0.15088	1	0.37172	0.15088	1	0.48544	0.53377	11.17388	1.06647	0	0.48532	0.53359	11.12659	1.06647	1	-0.00362	-0.00901	0.69027	0.00360	1	-0.00359	-0.00902	0.68344	0.00365	1	1.45898	0.81042	0	
1258404	8487.40234	3305673617452	0.43087	0.28953	8487.36230	0.04004	11561	1	0.52286	0.38839	0	0.37257	0.32744	1	0.37257	0.32744	1	0.48544	0.53377	11.17388	1.06647	0	0.48532	0.53354	10.99683	1.06647	1	-0.00362	-0.00901	0.69027	0.00360	1	-0.00359	-0.00902	0.68344	0.00365	1	1.45898	0.81042	0	
1258405	8487.40918	3305673684808	0.42737	0.29656	8487.36230	0.04688	11561	1	0.52286	0.38839	0	0.40290	0.34575	1	0.40290	0.34575	1	0.48544	0.53377	11.17388	1.06647	0	0.48529	0.53395	11.40382	1.06647	1	-0.00362	-0.00901	0.69027	0.00360	1	-0.00359	-0.00902	0.68344	0.00360	1	1.45898	0.81042	0	
1258406	8487.41602	3305673751401	0.42465	0.30203	8487.36230	0.05371	11561	1	0.52286	0.38839	0	0.40290	0.34575	1	0.40290	0.34575	1	0.48544	0.53377	11.17388	1.06647	0	0.48504	0.53397	10.46479	1.06647	1	-0.00362	-0.00901	0.69027	0.00360	1	-0.00359	-0.00902	0.68344	0.00353	1	1.45898	0.81042	0	
1258407	8487.42285	3305673820085	0.42059	0.30038	8487.36230	0.06055	11561	1	0.52286	0.38839	0	0.38398	0.28557	1	0.38398	0.28557	1	0.48544	0.53377	11.17388	1.06647	0	0.48502	0.53319	10.33260	1.06647	1	-0.00362	-0.00901	0.69027	0.00360	1	-0.00359	-0.00902	0.68344	0.00382	1	1.45898	0.81042	0	
1258408	8487.42871	3305673884493	0.41684	0.30443	8487.36230	0.06641	11561	1	0.52286	0.38839	0	0.37944	0.34490	1	0.37944	0.34490	1	0.48544	0.53377	11.17388	1.06647	0	0.48496	0.53399	10.60667	1.06647	1	-0.00362	-0.00901	0.69027	0.00360	1	-0.00359	-0.00902	0.68344	0.00359	1	1.45898	0.81042	0	
1258409	8487.43555	3305673952804	0.41373	0.30780	8487.36230	0.07324	11561	1	0.52286	0.38839	0	0.37944	0.34490	1	0.37944	0.34490	1	0.48544	0.53377	11.17388	1.06647	0	0.48499	0.53418	10.63139	1.06647	1	-0.00362	-0.00901	0.69027	0.00360	1	-0.00359	-0.00902	0.68344	0.00358	1	1.45898	0.81042	0	
1258410	8487.44238	3305674018931	0.41993	0.31743	8487.36230	0.08008	11561	1	0.52206	0.41736	1	0.46656	0.44863	1	0.49431	0.43300	1	0.48502	0.53413	10.58315	1.06647	1	0.74707	0.55871	12.29865	1.06647	1	-0.00362	-0.00901	0.69027	0.00365	1	-0.00359	-0.00902	0.68344	0.00396	1	1.45898	0.81042	0	
1258411	8487.44922	3305674086726	0.42452	0.32662	8487.36230	0.08691	11561	1	0.50946	0.41684	1	0.45912	0.47527	1	0.48429	0.44606	1	0.48486	0.53402	10.22925	1.06647	1	0.74690	0.55883	12.19359	1.06647	1	-0.00362	-0.00901	0.69027	0.00372	1	-0.00359	-0.00902	0.68344	0.00403	1	1.45898	0.81042	0	
1258412	8487.45605	3305674152936	0.42851	0.33458	8487.36230	0.09375	11561	1	0.50946	0.41684	1	0.45912	0.47527	1	0.48429	0.44606	1	0.48485	0.53413	10.39270	1.06647	1	0.74701	0.55907	12.31849	1.06647	1	-0.00359	-0.00902	0.68344	0.00366	1	0.06649	-0.01444	0.70259	0.00407	1	1.45898	0.81042	0	
1258413	8487.46289	3305674221412	0.43270	0.33177	8487.36230	0.10059	11561	1	0.51573	0.20736	1	0.47547	0.37196	1	0.49560	0.28966	1	0.48471	0.53171	10.95602	1.06647	1	0.74710	0.55837	11.98721	1.06647	1	-0.00359	-0.00902	0.68344	0.00222	1	0.06649	-0.01444	0.70259	0.00424	1	1.45898	0.81042	0	
1258414	8487.46875	3305674286932	0.43674	0.33666	8487.36230	0.10645	11561	1	0.53248	0.42330	1	0.47027	0.40637	1	0.50138	0.41484	1	0.48473	0.53412	10.87532	1.06647	1	0.74710	0.55860	11.98320	1.06647	1	-0.00359	-0.00902	0.68344	0.00358	1	0.06649	-0.01444	0.70259	0.00431	1	1.45898	0.81042	0	
1258415	8487.47559	3305674353836	0.44020	0.36990	8487.36230	0.10645	11561	0	0.53248	0.42330	1	0.47027	0.40637	1	0.50138	0.41484	1	0.48462	0.53406	11.43396	1.06647	1	0.74688	0.55891	12.19505	1.06647	1	-0.00359	-0.00902	0.68344	0.00354	1	0.06649	-0.01444	0.70259	0.00421	1	1.45898	0.81042	0	
1258416	8487.48242	3305674421864	0.47167	0.39549	8487.36230	0.10645	11561	0	0.52761	0.42060	1	0.47867	0.42158	1	0.50314	0.42109	1	0.48474	0.53430	11.53552	1.06647	1	0.74682	0.55897	12.15959	1.06647	1	-0.00359	-0.00902	0.68344	0.00352	1	0.06649	-0.01444	0.70259	0.00390	1	1.45898	0.81042	0	
1258417	8487.48926	3305674487968	0.48369	0.39946	8487.36230	0.10645	11561	0	0.51207	0.39954	1	0.50336	0.41526	1	0.50771	0.40740	1	0.48456	0.53408	11.21930	1.06647	1	0.74685	0.55881	12.31728	1.06647	1	-0.00359	-0.00902	0.68344	0.00354	1	0.06649	-0.01444	0.70259	0.00389	1	1.45898	0.81042	0	
1258418	8487.49609	3305674554635	0.48969	0.40145	8487.47559	0.02051	11562	1	0.51207	0.39954	1	0.50336	0.41526	1	0.50771	0.40740	1	0.48441	0.53388	10.95992	1.06647	1	0.74671	0.55804	11.17425	1.06647	1	-0.00367	-0.00898	0.68049	0.00348	1	0.06424	-0.01397	0.68000	0.00417	1	1.45898	0.81042	0	
1258419	8487.50293	3305674622090	0.49398	0.40711	8487.47559	0.02734	11562	1	0.51973	0.42158	1	0.50256	0.43790	1	0.51114	0.42974	1	0.48465	0.53415	11.67527	1.06647	1	0.74683	0.55887	11.48252	1.06647	1	-0.00367	-0.00898	0.68049	0.00345	1	0.06424	-0.01397	0.68000	0.00396	1	1.45898	0.81042	0	
1258420	8487.50977	3305674688995	0.49883	0.40388	8487.47559	0.03418	11562	1	0.55206	0.42200	1	0.49408	0.35355	1	0.52307	0.38777	1	0.48477	0.53406	11.52866	1.06647	1	0.74662	0.55810	11.46517	1.06647	1	-0.00367	-0.00898	0.68049	0.00341	1	0.06424	-0.01397	0.68000	0.00413	1	1.45898	0.81042	0	
1258421	8487.51562	3305674754662	0.50226	0.40202	8487.47559	0.04004	11562	1	0.55206	0.42200	1	0.49367	0.35965	1	0.52286	0.39083	1	0.48427	0.53419	10.93063	1.06647	1	0.74651	0.55843	11.69005	1.05881	1	-0.00380	-0.00904	0.68504	0.00337	1	0.06221	-0.01354	0.65901	0.00395	1	1.45898	0.81042	0	
1258422	8487.52246	3305674821923	0.50447	0.39984	8487.47559	0.04688	11562	1	0.55138	0.40809	1	0.48848	0.36110	1	0.51993	0.38459	1	0.48478	0.53438	11.30959	1.05881	1	0.74655	0.55819	11.78711	1.05115	1	-0.00380	-0.00904	0.68504	0.00352	1	0.06221	-0.01354	0.65901	0.00400	1	1.45898	0.81042	0	
1258423	8487.52930	3305674888009	0.50495	0.40820	8487.47559	0.05371	11562	1	0.54656	0.46696	1	0.47103	0.48318	1	0.50880	0.47507	1	0.48462	0.53441	10.98237	1.05115	1	0.74639	0.55885	12.37514	1.04349	1	-0.00380	-0.00904	0.68504	0.00351	1	0.06221	-0.01354	0.65901	0.00388	1	1.45898	0.81042	0	
1258424	8487.53613	3305674956842	0.50536	0.41541	8487.47559	0.06055	11562	1	0.54724	0.47214	1	0.47077	0.48846	1	0.50900	0.48030	1	0.48439	0.53423	10.82642	1.04349	1	0.74620	0.55874	12.32425	1.03583	1	-0.00382	-0.00913	0.68776	0.00344	1	0.06221	-0.01354	0.65901	0.00401	1	1.45898	0.81042	0	
1258425	8487.54297	3305675024110	0.50442	0.41591	8487.47559	0.06738	11562	1	0.52774	0.39097	1	0.46236	0.45087	1	0.49505	0.42092	1	0.48441	0.53414	10.94766	1.03583	1	0.74622	0.55876	12.29751	1.03583	1	-0.00382	-0.00913	0.68776	0.00342	1	0.06221	-0.01354	0.65901	0.00403	1	1.45898	0.81042	0	
1258426	8487.54980	3305675091217	0.50436	0.41648	8487.47559	0.07422	11562	1	0.54349	0.42176	1	0.46397	0.42361	1	0.50373	0.42269	1	0.48423	0.53430	10.77818	1.03583	1	0.74623	0.55884	12.23805	1.03583	1	-0.00382	-0.00913	0.68776	0.00358	1	0.06221	-0.01354	0.65901	0.00409	1	1.45898	0.81042	0	
1258427	8487.55566	3305675155983	0.50432	0.41673	8487.47559	0.08008	11562	1	0.54349	0.42176	1	0.46418	0.41787	1	0.50383	0.41981	1	0.48390	0.53457	11.03339	1.03583	1	0.74621	0.55906	12.28392	1.04349	1	-0.00382	-0.00913	0.68776	0.00364	1	0.06369	-0.01387	0.67516	0.00395	1	1.45898	0.81042	0	
1258428	8487.56250	3305675224685	0.50369	0.41416	8487.47559	0.08691	11562	1	0.54349	0.42176	0	0.49540	0.38073	1	0.49540	0.38073	1	0.48390	0.53457	11.03339	1.04349	0	0.74630	0.55835	11.56556	1.05115	1	-0.00382	-0.00913	0.68776	0.00364	1	0.06369	-0.01387	0.67516	0.00411	1	1.45898	0.81042	0	
1258429	8487.56934	3305675291478	0.50489	0.41127	8487.47559	0.09375	11562	1	0.54349	0.42176	0	0.52181	0.37078	1	0.52181	0.37078	1	0.48390	0.53457	11.03339	1.05115	0	0.74634	0.55834	11.77996	1.05881	1	-0.00382	-0.00913	0.68776	0.00364	1	0.06369	-0.01387	0.67516	0.00417	1	1.45898	0.81042	0	
1258430	8487.57617	3305675359242	0.50489	0.41127	8487.47559	0.10059	11562	1	0.54349	0.42176	0	0.52181	0.37078	0	0.52181	0.37078	0	0.48390	0.53457	11.03339	1.05881	0	0.74634	0.55834	11.77996	1.06647	0	-0.00382	-0.00913	0.68776	0.00364	1	0.06369	-0.01387	0.67516	0.00417	1	1.45898	0.81042	0	
1258431	8487.58301	3305675425794	0.50489	0.41127	8487.47559	0.10742	11562	1	0.54349	0.42176	0	0.52181	0.37078	0	0.52181	0.37078	0	0.48390	0.53457	11.03339	1.06647	0	0.74634	0.55834	11.77996	1.06647	0	-0.00382	-0.00913	0.68776	0.00364	1	0.06369	-0.01387	0.67516	0.00417	1	1.45898	0.81042	0	
1258432	8487.59082	3305675499244	0.50489	0.41127	8487.47559	0.11523	11562	1	0.54349	0.42176	0	0.52181	0.37078	0	0.52181	0.37078	0	0.48390	0.53457	11.03339	1.06647	0	0.74634	0.55834	11.77996	1.06647	0	-0.00382	-0.00913	0.68776	0.00364	1	0.06369	-0.01387	0.67516	0.00417	1	1.45898	0.81042	0	
1258433	8487.59668	3305675557222	0.51020	0.41422	8487.47559	0.11523	11562	0	0.54349	0.42176	0	0.52181	0.37078	0	0.52181	0.37078	0	0.48390	0.53457	11.03339	1.06647	0	0.74634	0.55834	11.77996	1.06647	0	-0.00382	-0.00913	0.68776	0.00364	1	0.06369	-0.01387	0.67516	0.00417	1	1.45898	0.81042	0	
1258434	8487.60254	3305675623623	0.51020	0.41422	8487.47559	0.11523	11562	0	0.54349	0.42176	0	0.52181	0.37078	0	0.52181	0.37078	0	0.48390	0.53457	11.03339	1.06647	0	0.74634	0.55834	11.77996	1.06647	0	-0.00382	-0.00913	0.68776	0.00364	1	0.06369	-0.01387	0.67516	0.00417	1	1.45898	0.81042	0	
1258435	8487.60938	3305675692313	0.51020	0.41422	8487.47559	0.11523	11562	0	0.54349	0.42176	0	0.52181	0.37078	0	0.52181	0.37078	0	0.48390	0.53457	11.03339	1.06647	0	0.74634	0.55834	11.77996	1.06647	0	-0.00382	-0.00913	0.68776	0.00364	1	0.06369	-0.01387	0.67516	0.00417	1	1.45898	0.81042	0	
1258436	8487.61621	3305675758073	0.00000	0.00000	8487.47559	0.11523	11562	0	0.54349	0.42176	0	0.52181	0.37078	0	0.52181	0.37078	0	0.48390	0.53457	11.03339	1.06647	0	0.74634	0.55834	11.77996	1.06647	0	-0.00382	-0.00913	0.68776	0.00364	1	0.06369	-0.01387	0.67516	0.00417	1	1.45898	0.81042	0	
1258437	8487.62305	3305675820745	0.00000	0.00000	8487.47559	0.11523	11562	0	0.54349	0.42176	0	0.52181	0.37078	0	0.52181	0.37078	0	0.48390	0.53457	11.03339	1.06647	0	0.74634	0.55834	11.77996	1.06647	0	-0.00382	-0.00913	0.68776	0.00364	1	0.06369	-0.01387	0.67516	0.00417	1	1.45898	0.81042	0	
1258438	8487.62988	3305675893791	0.00000	0.00000	8487.47559	0.11523	11562	0	0.54349	0.42176	0	0.52181	0.37078	0	0.52181	0.37078	0	0.48390	0.53457	11.03339	1.06647	0	0.74634	0.55834	11.77996	1.06647	0	-0.00382	-0.00913	0.68776	0.00364	1	0.06369	-0.01387	0.67516	0.00417	1	1.45898	0.81042	0	
1258439	8487.63672	3305675961196	0.00000	0.00000	8487.47559	0.11523	11562	0	0.54349	0.42176	0	0.52181	0.37078	0	0.52181	0.37078	0	0.48390	0.53457	11.03339	1.06647	0	0.74634	0.55834	11.77996	1.06647	0	-0.00382	-0.00913	0.68776	0.00364	1	0.06369	-0.01387	0.67516	0.00417	1	1.45898	0.81042	0	
1258440	8487.64355	3305676026412	0.00000	0.00000	8487.47559	0.11523	11562	0	0.54349	0.42176	0	0.52181	0.37078	0	0.52181	0.37078	0	0.48390	0.53457	11.03339	1.06647	0	0.74634	0.55834	11.77996	1.06647	0	-0.00382	-0.00913	0.68776	0.00364	1	0.06369	-0.01387	0.67516	0.00417	1	1.45898	0.81042	0	
1258441	8487.64941	3305676091726	0.00000	0.00000	8487.47559	0.11523	11562	0	0.54349	0.42176	0	0.52181	0.37078	0	0.52181	0.37078	0	0.48390	0.53457	11.03339	1.06647	0	0.74634	0.55834	11.77996	1.06647	0	-0.00382	-0.00913	0.68776	0.00364	1	0.06369	-0.01387	0.67516	0.00417	1	1.45898	0.81042	0	
1258442	8487.65625	3305676158326	0.00000	0.00000	8487.47559	0.11523	11562	0	0.54349	0.42176	0	0.52181	0.37078	0	0.52181	0.37078	0	0.48390	0.53457	11.03339	1.06647	0	0.74634	0.55834	11.77996	1.06647	0	-0.00382	-0.00913	0.68776	0.00364	1	0.06369	-0.01387	0.67516	0.00417	1	1.45898	0.81042	0	
1258443	8487.66309	3305676226170	0.00000	0.00000	8487.47559	0.11523	11562	0	0.54349	0.42176	0	0.52181	0.37078	0	0.52181	0.37078	0	0.48390	0.53457	11.03339	1.06647	0	0.74634	0.55834	11.77996	1.06647	0	-0.00382	-0.00913	0.68776	0.00364	1	0.06369	-0.01387	0.67516	0.00417	1	1.45898	0.81042	0	
1258444	8487.66992	3305676296529	0.00000	0.00000	8487.47559	0.11523	11562	0	0.54349	0.42176	0	0.52181	0.37078	0	0.52181	0.37078	0	0.48390	0.53457	11.03339	1.06647	0	0.74634	0.55834	11.77996	1.06647	0	-0.00382	-0.00913	0.68776	0.00364	1	0.06369	-0.01387	0.67516	0.00417	1	1.45898	0.81042	0	
1258445	8487.67676	3305676359524	0.00000	0.00000	8487.47559	0.11523	11562	0	0.54349	0.42176	0	0.52181	0.37078	0	0.52181	0.37078	0	0.48390	0.53457	11.03339	1.06647	0	0.74634	0.55834	11.77996	1.06647	0	-0.00382	-0.00913	0.68776	0.00364	1	0.06369	-0.01387	0.67516	0.00417	1	1.45898	0.81042	0	
1258446	8487.68262	3305676425677	0.00000	0.00000	8487.47559	0.11523	11562	0	0.54349	0.42176	0	0.52181	0.37078	0	0.52181	0.37078	0	0.48390	0.53457	11.03339	1.06647	0	0.74634	0.55834	11.77996	1.06647	0	-0.00382	-0.00913	0.68776	0.00364	1	0.06369	-0.01387	0.67516	0.00417	1	1.45898	0.81042	0	
1258447	8487.69043	3305676495330	0.00000	0.00000	8487.47559	0.11523	11562	0	0.54349	0.42176	0	0.52181	0.37078	0	0.52181	0.37078	0	0.48390	0.53457	11.03339	1.06647	0	0.74634	0.55834	11.77996	1.06647	0	-0.00382	-0.00913	0.68776	0.00364	1	0.06369	-0.01387	0.67516	0.00417	1	1.45898	0.81042	0	
1258448	8487.69629	3305676560196	0.53185	0.37173	8487.47559	0.11523	11562	0	0.53986	0.39273	1	0.52383	0.35073	1	0.53185	0.37173	1	0.48312	0.53457	11.09706	1.07555	1	0.74520	0.55917	11.51994	1.08424	1	-0.00412	-0.00935	0.69618	0.00379	1	0.06657	-0.01461	0.70855	0.00386	1	1.45898	0.81042	0	
1258449	8487.70312	3305676628625	0.52097	0.38733	8487.47559	0.11523	11562	0	0.53010	0.35835	1	0.49009	0.44750	1	0.51009	0.40292	1	0.48338	0.53477	11.22432	1.09332	1	0.74510	0.55923	11.56443	1.10200	1	-0.00412	-0.00935	0.69618	0.00356	1	0.06657	-0.01461	0.70855	0.00387	1	1.45898	0.81042	0	
1258450	8487.70996	3305676695056	0.52242	0.39206	8487.47559	0.11523	11562	0	0.53407	0.38801	1	0.51657	0.41507	1	0.52532	0.40154	1	0.48335	0.53510	11.73969	1.11109	1	0.74545	0.55914	11.97902	1.11977	1	-0.00412	-0.00935	0.69618	0.00351	1	0.06657	-0.01461	0.70855	0.00386	1	1.45898	0.81042	0	
1258451	8487.71680	3305676763938	0.52302	0.39205	8487.69629	0.02051	11563	1	0.53242	0.37536	1	0.51722	0.40866	1	0.52482	0.39201	1	0.48310	0.53457	11.31983	1.12885	1	0.74538	0.55917	11.98988	1.12885	1	-0.00415	-0.00946	0.70063	0.00354	1	0.06403	-0.01405	0.68099	0.00384	1	1.45898	0.81042	0	
1258452	8487.72363	3305676832464	0.52033	0.38579	8487.69629	0.02734	11563	1	0.51729	0.33652	1	0.50183	0.38502	1	0.50956	0.36077	1	0.48315	0.53483	11.59903	1.12885	1	0.74525	0.55901	11.35858	1.12017	1	-0.00415	-0.00946	0.70063	0.00350	1	0.06403	-0.01405	0.68099	0.00397	1	1.45898	0.81042	0	
1258453	8487.73047	3305676899393	0.51960	0.38208	8487.69629	0.03418	11563	1	0.52385	0.33030	1	0.50810	0.39673	1	0.51597	0.36351	1	0.48319	0.53437	11.05998	1.12017	1	0.74532	0.55892	11.31148	1.11149	1	-0.00415	-0.00946	0.70063	0.00350	1	0.06403	-0.01405	0.68099	0.00400	1	1.45898	0.81042	0	
1258454	8487.73730	3305676967076	0.51915	0.37990	8487.69629	0.04102	11563	1	0.52472	0.33688	1	0.50810	0.39673	1	0.51641	0.36681	1	0.48311	0.53448	11.05975	1.11149	1	0.74522	0.55902	11.39386	1.11149	1	-0.00415	-0.00946	0.70063	0.00348	1	0.06657	-0.01461	0.70855	0.00392	1	1.45898	0.81042	0	
1258455	8487.74414	3305677033533	0.51842	0.37946	8487.69629	0.04785	11563	1	0.52724	0.35613	1	0.49942	0.39664	1	0.51333	0.37638	1	0.48328	0.53497	11.46106	1.11149	1	0.74522	0.55902	11.39386	1.12017	1	-0.00415	-0.00946	0.70063	0.00350	1	0.06657	-0.01461	0.70855	0.00393	1	1.45898	0.81042	0	
1258456	8487.75098	3305677100523	0.51922	0.37528	8487.69629	0.05469	11563	1	0.54858	0.37364	1	0.50260	0.31006	1	0.52559	0.34185	1	0.48355	0.53539	11.98865	1.12017	1	0.74519	0.55866	11.17071	1.12885	1	-0.00415	-0.00946	0.70063	0.00347	1	0.06657	-0.01461	0.70855	0.00393	1	1.45898	0.81042	0	
1258457	8487.75684	3305677165687	0.51983	0.37231	8487.69629	0.06055	11563	1	0.54861	0.37393	1	0.50207	0.31725	1	0.52534	0.34559	1	0.48319	0.53513	11.32110	1.11977	1	0.74477	0.55876	11.84011	1.11977	1	-0.00399	-0.00921	0.68243	0.00345	1	0.06291	-0.01387	0.67009	0.00377	1	1.45898	0.81042	0	
1258458	8487.76367	3305677235055	0.51588	0.37574	8487.69629	0.06738	11563	1	0.54861	0.37393	0	0.47639	0.41007	1	0.47639	0.41007	1	0.48319	0.53513	11.32110	1.11068	0	0.74482	0.55907	11.06365	1.10200	1	-0.00399	-0.00921	0.68243	0.00345	1	0.06291	-0.01387	0.67009	0.00387	1	1.45898	0.81042	0	
1258459	8487.77051	3305677301285	0.51588	0.37574	8487.69629	0.07422	11563	1	0.54861	0.37393	0	0.47639	0.41007	0	0.47639	0.41007	0	0.48319	0.53513	11.32110	1.09292	0	0.74482	0.55907	11.06365	1.08424	0	-0.00399	-0.00921	0.68243	0.00345	1	0.06291	-0.01387	0.67009	0.00387	1	1.45898	0.81042	0	
1258460	8487.77734	3305677367936	0.51588	0.37574	8487.69629	0.08105	11563	1	0.54861	0.37393	0	0.47639	0.41007	0	0.47639	0.41007	0	0.48319	0.53513	11.32110	1.07515	0	0.74482	0.55907	11.06365	1.06647	0	-0.00399	-0.00921	0.68243	0.00345	1	0.06291	-0.01387	0.67009	0.00387	1	1.45898	0.81042	0	
1258461	8487.78418	3305677434797	0.51588	0.37574	8487.69629	0.08789	11563	1	0.54861	0.37393	0	0.47639	0.41007	0	0.47639	0.41007	0	0.48319	0.53513	11.32110	1.06647	0	0.74482	0.55907	11.06365	1.06647	0	-0.00399	-0.00921	0.68243	0.00345	1	0.06291	-0.01387	0.67009	0.00387	1	1.45898	0.81042	0	
1258462	8487.79102	3305677502299	0.51428	0.37615	8487.69629	0.08789	11563	0	0.54861	0.37393	0	0.47639	0.41007	0	0.47639	0.41007	0	0.48319	0.53513	11.32110	1.06647	0	0.74482	0.55907	11.06365	1.06647	0	-0.00399	-0.00921	0.68243	0.00345	1	0.06291	-0.01387	0.67009	0.00387	1	1.45898	0.81042	0	
1258463	8487.79785	3305677569203	0.51428	0.37615	8487.69629	0.08789	11563	0	0.54861	0.37393	0	0.47639	0.41007	0	0.47639	0.41007	0	0.48319	0.53513	11.32110	1.06647	0	0.74482	0.55907	11.06365	1.06647	0	-0.00399	-0.00921	0.68243	0.00345	1	0.06291	-0.01387	0.67009	0.00387	1	1.45898	0.81042	0	
1258464	8487.80371	3305677636180	0.51428	0.37615	8487.69629	0.08789	11563	0	0.54861	0.37393	0	0.47639	0.41007	0	0.47639	0.41007	0	0.48319	0.53513	11.32110	1.06647	0	0.74482	0.55907	11.06365	1.06647	0	-0.00399	-0.00921	0.68243	0.00345	1	0.06291	-0.01387	0.67009	0.00387	1	1.45898	0.81042	0	
1258465	8487.81055	3305677703320	0.00000	0.00000	8487.69629	0.08789	11563	0	0.54861	0.37393	0	0.47639	0.41007	0	0.47639	0.41007	0	0.48319	0.53513	11.32110	1.06647	0	0.74482	0.55907	11.06365	1.06647	0	-0.00399	-0.00921	0.68243	0.00345	1	0.06291	-0.01387	0.67009	0.00387	1	1.45898	0.81042	0	
1258466	8487.81738	3305677769016	0.00000	0.00000	8487.69629	0.08789	11563	0	0.54861	0.37393	0	0.47639	0.41007	0	0.47639	0.41007	0	0.48319	0.53513	11.32110	1.06647	0	0.74482	0.55907	11.06365	1.06647	0	-0.00399	-0.00921	0.68243	0.00345	1	0.06291	-0.01387	0.67009	0.00387	1	1.45898	0.81042	0	
1258467	8487.82422	3305677837251	0.00000	0.00000	8487.69629	0.08789	11563	0	0.54861	0.37393	0	0.47639	0.41007	0	0.47639	0.41007	0	0.48319	0.53513	11.32110	1.06647	0	0.74482	0.55907	11.06365	1.06647	0	-0.00399	-0.00921	0.68243	0.00345	1	0.06291	-0.01387	0.67009	0.00387	1	1.45898	0.81042	0	
1258468	8487.83105	3305677903587	0.00000	0.00000	8487.69629	0.08789	11563	0	0.54861	0.37393	0	0.47639	0.41007	0	0.47639	0.41007	0	0.48319	0.53513	11.32110	1.06647	0	0.74482	0.55907	11.06365	1.06647	0	-0.00399	-0.00921	0.68243	0.00345	1	0.06291	-0.01387	0.67009	0.00387	1	1.45898	0.81042	0	
1258469	8487.83789	3305677971277	0.00000	0.00000	8487.69629	0.08789	11563	0	0.54861	0.37393	0	0.47639	0.41007	0	0.47639	0.41007	0	0.48319	0.53513	11.32110	1.06647	0	0.74482	0.55907	11.06365	1.06647	0	-0.00399	-0.00921	0.68243	0.00345	1	0.06291	-0.01387	0.67009	0.00387	1	1.45898	0.81042	0	
1258470	8487.84473	3305678038084	0.00000	0.00000	8487.69629	0.08789	11563	0	0.54861	0.37393	0	0.47639	0.41007	0	0.47639	0.41007	0	0.48319	0.53513	11.32110	1.06647	0	0.74482	0.55907	11.06365	1.06647	0	-0.00399	-0.00921	0.68243	0.00345	1	0.06291	-0.01387	0.67009	0.00387	1	1.45898	0.81042	0	
1258471	8487.85059	3305678105157	0.00000	0.00000	8487.69629	0.08789	11563	0	0.54861	0.37393	0	0.47639	0.41007	0	0.47639	0.41007	0	0.48319	0.53513	11.32110	1.06647	0	0.74482	0.55907	11.06365	1.06647	0	-0.00399	-0.00921	0.68243	0.00345	1	0.06291	-0.01387	0.67009	0.00387	1	1.45898	0.81042	0	
1258472	8487.85742	3305678170077	0.00000	0.00000	8487.69629	0.08789	11563	0	0.54861	0.37393	0	0.47639	0.41007	0	0.47639	0.41007	0	0.48319	0.53513	11.32110	1.06647	0	0.74482	0.55907	11.06365	1.06647	0	-0.00399	-0.00921	0.68243	0.00345	1	0.06291	-0.01387	0.67009	0.00387	1	1.45898	0.81042	0	
1258473	8487.86426	3305678240266	0.00000	0.00000	8487.69629	0.08789	11563	0	0.54861	0.37393	0	0.47639	0.41007	0	0.47639	0.41007	0	0.48319	0.53513	11.32110	1.06647	0	0.74482	0.55907	11.06365	1.06647	0	-0.00399	-0.00921	0.68243	0.00345	1	0.06291	-0.01387	0.67009	0.00387	1	1.45898	0.81042	0	
1258474	8487.87109	3305678307176	0.00000	0.00000	8487.69629	0.08789	11563	0	0.54861	0.37393	0	0.47639	0.41007	0	0.47639	0.41007	0	0.48319	0.53513	11.32110	1.06647	0	0.74482	0.55907	11.06365	1.06647	0	-0.00399	-0.00921	0.68243	0.00345	1	0.06291	-0.01387	0.67009	0.00387	1	1.45898	0.81042	0	
1258475	8487.87793	3305678373071	0.00000	0.00000	8487.69629	0.08789	11563	0	0.54861	0.37393	0	0.47639	0.41007	0	0.47639	0.41007	0	0.48319	0.53513	11.32110	1.06647	0	0.74482	0.55907	11.06365	1.06647	0	-0.00399	-0.00921	0.68243	0.00345	1	0.06291	-0.01387	0.67009	0.00387	1	1.45898	0.81042	0	
1258476	8487.88477	3305678440019	0.00000	0.00000	8487.69629	0.08789	11563	0	0.54861	0.37393	0	0.47639	0.41007	0	0.47639	0.41007	0	0.48319	0.53513	11.32110	1.06647	0	0.74482	0.55907	11.06365	1.06647	0	-0.00399	-0.00921	0.68243	0.00345	1	0.06291	-0.01387	0.67009	0.00387	1	1.45898	0.81042	0	
1258477	8487.89160	3305678507452	0.00000	0.00000	8487.69629	0.08789	11563	0	0.54861	0.37393	0	0.47639	0.41007	0	0.47639	0.41007	0	0.48319	0.53513	11.32110	1.06647	0	0.74482	0.55907	11.06365	1.06647	0	-0.00399	-0.00921	0.68243	0.00345	1	0.06291	-0.01387	0.67009	0.00387	1	1.45898	0.81042	0	
1258478	8487.89746	3305678573713	0.00000	0.00000	8487.69629	0.08789	11563	0	0.54861	0.37393	0	0.47639	0.41007	0	0.47639	0.41007	0	0.48319	0.53513	11.32110	1.06647	0	0.74482	0.55907	11.06365	1.06647	0	-0.00399	-0.00921	0.68243	0.00345	1	0.06291	-0.01387	0.67009	0.00387	1	1.45898	0.81042	0	
1258479	8487.90430	3305678641382	0.00000	0.00000	8487.69629	0.08789	11563	0	0.54861	0.37393	0	0.47639	0.41007	0	0.47639	0.41007	0	0.48319	0.53513	11.32110	1.06647	0	0.74482	0.55907	11.06365	1.06647	0	-0.00399	-0.00921	0.68243	0.00345	1	0.06291	-0.01387	0.67009	0.00387	1	1.45898	0.81042	0	
1258480	8487.91113	3305678705979	0.00000	0.00000	8487.69629	0.08789	11563	0	0.54861	0.37393	0	0.47639	0.41007	0	0.47639	0.41007	0	0.48319	0.53513	11.32110	1.06647	0	0.74482	0.55907	11.06365	1.06647	0	-0.00399	-0.00921	0.68243	0.00345	1	0.06291	-0.01387	0.67009	0.00387	1	1.45898	0.81042	0	
1258481	8487.91797	3305678775126	0.00000	0.00000	8487.69629	0.08789	11563	0	0.54861	0.37393	0	0.47639	0.41007	0	0.47639	0.41007	0	0.48319	0.53513	11.32110	1.06647	0	0.74482	0.55907	11.06365	1.06647	0	-0.00399	-0.00921	0.68243	0.00345	1	0.06291	-0.01387	0.67009	0.00387	1	1.45898	0.81042	0	
1258482	8487.92480	3305678841703	0.00000	0.00000	8487.69629	0.08789	11563	0	0.54861	0.37393	0	0.47639	0.41007	0	0.47639	0.41007	0	0.48319	0.53513	11.32110	1.06647	0	0.74482	0.55907	11.06365	1.06647	0	-0.00399	-0.00921	0.68243	0.00345	1	0.06291	-0.01387	0.67009	0.00387	1	1.45898	0.81042	0	
1258483	8487.93164	3305678908571	0.00000	0.00000	8487.69629	0.08789	11563	0	0.54861	0.37393	0	0.47639	0.41007	0	0.47639	0.41007	0	0.48319	0.53513	11.32110	1.06647	0	0.74482	0.55907	11.06365	1.06647	0	-0.00399	-0.00921	0.68243	0.00345	1	0.06291	-0.01387	0.67009	0.00387	1	1.45898	0.81042	0	
1258484	8487.93848	3305678975868	0.25693	0.21333	8487.69629	0.08789	11563	0	0.55292	0.41223	1	0.47480	0.44110	1	0.51386	0.42666	1	0.48412	0.53471	10.87357	1.06647	1	0.74582	0.55917	12.70238	1.05881	1	-0.00382	-0.00891	0.67118	0.00369	1	0.06185	-0.01353	0.65619	0.00392	1	1.45898	0.81042	0	
1258485	8487.94434	3305679042670	0.34114	0.28959	8487.69629	0.08789	11563	0	0.54033	0.41552	1	0.47880	0.46870	1	0.50957	0.44211	1	0.48416	0.53487	10.41899	1.05881	1	0.74610	0.55923	12.29141	1.05115	1	-0.00382	-0.00891	0.67118	0.00373	1	0.06185	-0.01353	0.65619	0.00393	1	1.45898	0.81042	0	
1258486	8487.95117	3305679107726	0.51335	0.43920	8487.69629	0.08789	11563	0	0.54535	0.40912	1	0.48788	0.48856	1	0.51661	0.44884	1	0.48422	0.53498	10.51876	1.05115	1	0.74623	0.55944	12.54687	1.04349	1	-0.00382	-0.00891	0.67118	0.00367	1	0.06185	-0.01353	0.65619	0.00391	1	1.45898	0.81042	0	
1258487	8487.95801	3305679176620	0.51506	0.44221	8487.69629	0.08789	11563	0	0.54522	0.40807	1	0.48833	0.48234	1	0.51678	0.44521	1	0.48432	0.53510	10.41151	1.05258	1	0.74618	0.55954	12.06144	1.05258	1	-0.00399	-0.00946	0.70893	0.00351	1	0.06503	-0.01422	0.68940	0.00386	1	1.45898	0.81042	0	
1258488	8487.96484	3305679243398	0.50993	0.44733	8487.69629	0.08789	11563	0	0.53750	0.42770	1	0.46182	0.48748	1	0.49966	0.45759	1	0.48417	0.53500	10.90513	1.06166	1	0.74618	0.55950	12.06851	1.06932	1	-0.00399	-0.00946	0.70893	0.00366	1	0.06503	-0.01422	0.68940	0.00387	1	1.45898	0.81042	0	
1258489	8487.97168	3305679310801	0.50700	0.43851	8487.95117	0.02051	11564	1	0.53984	0.38491	1	0.45664	0.43913	1	0.49824	0.41202	1	0.48421	0.53494	10.29341	1.07841	1	0.74608	0.55928	12.27374	1.08607	1	-0.00399	-0.00946	0.70893	0.00362	1	0.06503	-0.01422	0.68940	0.00390	1	1.45898	0.81042	0	
1258490	8487.97852	3305679377320	0.50520	0.43211	8487.95117	0.02734	11564	1	0.53914	0.37927	1	0.45679	0.43377	1	0.49797	0.40652	1	0.48413	0.53493	10.39532	1.08607	1	0.74615	0.55917	12.10216	1.09373	1	-0.00382	-0.00891	0.67118	0.00360	1	0.06503	-0.01422	0.68940	0.00398	1	1.45898	0.81042	0	
1258491	8487.98535	3305679444274	0.50636	0.43297	8487.95117	0.03418	11564	1	0.52362	0.43676	1	0.50074	0.43785	1	0.51218	0.43731	1	0.48391	0.53529	11.18758	1.08464	1	0.74641	0.55933	12.02099	1.08464	1	-0.00382	-0.00891	0.67118	0.00357	1	0.06503	-0.01422	0.68940	0.00399	1	1.45898	0.81042	0	
1258492	8487.99121	3305679511665	0.50500	0.43029	8487.95117	0.04004	11564	1	0.53187	0.37729	1	0.46187	0.45110	1	0.49687	0.41420	1	0.48409	0.53481	11.03278	1.07555	1	0.74621	0.55937	12.07656	1.07555	1	-0.00382	-0.00891	0.67118	0.00367	1	0.06503	-0.01422	0.68940	0.00393	1	1.45898	0.81042	0	
1258493	8487.99805	3305679578701	0.50403	0.42910	8487.95117	0.04688	11564	1	0.53276	0.38407	1	0.46164	0.45743	1	0.49720	0.42075	1	0.48417	0.53470	10.01126	1.06647	1	0.74612	0.55951	12.09364	1.06647	1	-0.00380	-0.00915	0.68504	0.00372	1	0.06503	-0.01422	0.68940	0.00387	1	1.45898	0.81042	0	
1258494	8488.00488	3305679645539	0.50286	0.43402	8487.95117	0.05371	11564	1	0.52596	0.45642	1	0.46114	0.49032	1	0.49355	0.47337	1	0.48396	0.53529	11.65880	1.06647	1	0.74616	0.55955	12.09840	1.06647	1	-0.00380	-0.00915	0.68504	0.00356	1	0.06503	-0.01422	0.68940	0.00386	1	1.45898	0.81042	0	
1258495	8488.01172	3305679712468	0.50114	0.43384	8487.95117	0.06055	11564	1	0.51389	0.37596	1	0.45732	0.48858	1	0.48561	0.43227	1	0.48378	0.53455	10.76760	1.06647	1	0.74612	0.55951	12.09364	1.06647	1	-0.00380	-0.00915	0.68504	0.00389	1	0.06503	-0.01422	0.68940	0.00386	1	1.45898	0.81042	0	
1258496	8488.01855	3305679779836	0.49968	0.43335	8487.95117	0.06738	11564	1	0.51286	0.36911	1	0.45735	0.48762	1	0.48511	0.42837	1	0.48369	0.53539	11.36887	1.07555	1	0.74633	0.55934	11.80766	1.06790	1	-0.00402	-0.00954	0.71457	0.00369	1	0.06185	-0.01353	0.65619	0.00385	1	1.45898	0.81042	0	
1258497	8488.02539	3305679846338	0.49858	0.43383	8487.95117	0.07422	11564	1	0.50567	0.43462	1	0.46725	0.44359	1	0.48646	0.43911	1	0.48368	0.53539	11.33632	1.07698	1	0.74628	0.55919	11.99151	1.06932	1	-0.00402	-0.00954	0.71457	0.00369	1	0.06185	-0.01353	0.65619	0.00388	1	1.45898	0.81042	0	
1258498	8488.03223	3305679913493	0.49767	0.43499	8487.95117	0.08105	11564	1	0.50143	0.42983	1	0.47198	0.46822	1	0.48671	0.44902	1	0.48365	0.53541	11.50979	1.07841	1	0.74636	0.55939	11.80044	1.07075	1	-0.00402	-0.00954	0.71457	0.00368	1	0.06185	-0.01353	0.65619	0.00385	1	1.45898	0.81042	0	
1258499	8488.03809	3305679980419	0.49689	0.43574	8487.95117	0.08691	11564	1	0.50125	0.42883	1	0.47229	0.46200	1	0.48677	0.44541	1	0.48372	0.53467	11.02157	1.07983	1	0.74635	0.55938	11.91904	1.07983	1	-0.00402	-0.00954	0.71457	0.00385	1	0.06503	-0.01422	0.68940	0.00386	1	1.45898	0.81042	0	
1258500	8488.04492	3305680047922	0.49850	0.43405	8487.95117	0.09375	11564	1	0.54575	0.40198	1	0.49649	0.41885	1	0.52112	0.41042	1	0.48426	0.53506	11.58429	1.07983	1	0.74626	0.55897	12.04911	1.08749	1	-0.00402	-0.00954	0.71457	0.00361	1	0.06503	-0.01422	0.68940	0.00402	1	1.45898	0.81042	0	
1258501	8488.05176	3305680115008	0.49957	0.43081	8487.95117	0.10059	11564	1	0.51974	0.36150	1	0.51128	0.40279	1	0.51551	0.38215	1	0.48392	0.53478	10.88448	1.08749	1	0.74624	0.55894	12.06577	1.09515	1	-0.00402	-0.00954	0.71457	0.00354	1	0.06503	-0.01422	0.68940	0.00400	1	1.45898	0.81042	0	
1258502	8488.05859	3305680181072	0.50051	0.42801	8487.95117	0.10742	11564	1	0.51989	0.36257	1	0.51118	0.40384	1	0.51554	0.38320	1	0.48364	0.53481	11.29941	1.08607	1	0.74598	0.55952	12.67933	1.09373	1	-0.00382	-0.00896	0.67117	0.00352	1	0.06503	-0.01422	0.68940	0.00386	1	1.45898	0.81042	0	
1258503	8488.06543	3305680246170	0.50002	0.42801	8487.95117	0.11426	11564	1	0.51627	0.41792	1	0.46743	0.43817	1	0.49185	0.42805	1	0.48380	0.53521	11.46656	1.08464	1	0.74589	0.55924	12.60871	1.08464	1	-0.00382	-0.00896	0.67117	0.00353	1	0.06503	-0.01422	0.68940	0.00396	1	1.45898	0.81042	0	
1258504	8488.07129	3305680312443	0.49945	0.42851	8487.95117	0.12012	11564	1	0.51226	0.42065	1	0.46580	0.45446	1	0.48903	0.43756	1	0.48375	0.53524	11.35525	1.07555	1	0.74586	0.55933	12.79444	1.07555	1	-0.00382	-0.00896	0.67117	0.00354	1	0.06503	-0.01422	0.68940	0.00384	1	1.45898	0.81042	0	
1258505	8488.07812	3305680379745	0.49896	0.42956	8487.95117	0.12695	11564	1	0.51421	0.43273	1	0.46531	0.46633	1	0.48976	0.44953	1	0.48404	0.53496	11.25699	1.05845	1	0.74634	0.55901	12.28368	1.05845	1	-0.00381	-0.00880	0.65932	0.00357	1	0.06503	-0.01422	0.68940	0.00394	1	1.45898	0.81042	0	
1258506	8488.08496	3305680446712	0.49844	0.42943	8487.95117	0.13379	11564	1	0.49988	0.36355	1	0.47624	0.48988	1	0.48806	0.42672	1	0.48357	0.53449	10.79702	1.05044	1	0.74608	0.55947	12.88744	1.05044	1	-0.00381	-0.00880	0.65932	0.00366	1	0.06503	-0.01422	0.68940	0.00390	1	1.45898	0.81042	0	
1258507	8488.09180	3305680514000	0.49759	0.42914	8487.95117	0.14062	11564	1	0.51550	0.39808	1	0.44385	0.44798	1	0.47968	0.42303	1	0.48376	0.53485	11.34965	1.04242	1	0.74592	0.55910	12.61004	1.04242	1	-0.00381	-0.00880	0.65932	0.00350	1	0.06503	-0.01422	0.68940	0.00391	1	1.45898	0.81042	0	
1258508	8488.09863	3305680582558	0.49681	0.42887	8487.95117	0.14746	11564	1	0.51550	0.39808	1	0.44385	0.44798	1	0.47968	0.42303	1	0.48367	0.53478	11.00818	1.04242	1	0.74600	0.55915	12.76321	1.04242	1	-0.00382	-0.00891	0.67118	0.00360	1	0.06503	-0.01422	0.68940	0.00387	1	1.45898	0.81042	0	
1258509	8488.10547	3305680648713	0.49699	0.42738	8487.95117	0.15430	11564	1	0.51500	0.36506	1	0.48701	0.42119	1	0.50101	0.39313	1	0.48379	0.53437	10.93923	1.05044	1	0.74620	0.55888	12.08345	1.05044	1	-0.00382	-0.00891	0.67118	0.00370	1	0.06503	-0.01422	0.68940	0.00399	1	1.45898	0.81042	0	
1258510	8488.11230	3305680716665	0.49727	0.42585	8487.95117	0.16113	11564	1	0.49496	0.35916	1	0.51303	0.41928	1	0.50399	0.38922	1	0.48353	0.53454	11.17978	1.05845	1	0.74623	0.55873	12.03288	1.05845	1	-0.00382	-0.00891	0.67118	0.00361	1	0.06503	-0.01422	0.68940	0.00395	1	1.45898	0.81042	0	
1258511	8488.11914	3305680783584	0.49751	0.42432	8487.95117	0.16797	11564	1	0.49392	0.35293	1	0.51305	0.41901	1	0.50349	0.38597	1	0.48377	0.53454	11.26692	1.06647	1	0.74628	0.55888	11.98748	1.05881	1	-0.00399	-0.00911	0.68243	0.00362	1	0.06185	-0.01358	0.65619	0.00392	1	1.45898	0.81042	0	
1258512	8488.12500	3305680849129	0.49806	0.42425	8487.95117	0.17383	11564	1	0.51525	0.39793	1	0.50988	0.44714	1	0.51257	0.42254	1	0.48375	0.53486	11.31676	1.05881	1	0.74620	0.55895	12.06360	1.05115	1	-0.00399	-0.00911	0.68243	0.00364	1	0.06185	-0.01358	0.65619	0.00398	1	1.45898	0.81042	0	
1258513	8488.13281	3305680918495	0.49857	0.42378	8487.95117	0.18164	11564	1	0.51268	0.39013	1	0.51204	0.43188	1	0.51236	0.41101	1	0.48381	0.53465	11.04350	1.05115	1	0.74618	0.55891	12.12656	1.04349	1	-0.00399	-0.00911	0.68243	0.00372	1	0.06185	-0.01358	0.65619	0.00387	1	1.45898	0.81042	0	
1258514	8488.13867	3305680986274	0.49906	0.42374	8487.95117	0.18750	11564	1	0.51450	0.40192	1	0.51092	0.44348	1	0.51271	0.42270	1	0.48383	0.53464	11.00739	1.03547	1	0.74631	0.55930	11.91097	1.02781	1	-0.00381	-0.00875	0.65932	0.00372	1	0.06185	-0.01353	0.65619	0.00386	1	1.45898	0.81042	0	
1258515	8488.14551	3305681052478	0.49960	0.42431	8487.95117	0.19434	11564	1	0.52478	0.41442	1	0.50553	0.46723	1	0.51515	0.44083	1	0.48387	0.53472	11.05882	1.01980	1	0.74613	0.55902	12.07917	1.01980	1	-0.00381	-0.00875	0.65932	0.00370	1	0.06185	-0.01353	0.65619	0.00392	1	1.45898	0.81042	0	
1258516	8488.15234	3305681119662	0.50031	0.42548	8487.95117	0.20117	11564	1	0.54351	0.43721	1	0.49961	0.48375	1	0.52156	0.46048	1	0.48376	0.53474	10.99919	1.01178	1	0.74603	0.55917	12.13756	1.01178	1	-0.00381	-0.00875	0.65932	0.00369	1	0.06185	-0.01353	0.65619	0.00390	1	1.45898	0.81042	0	
1258517	8488.15918	3305681186385	0.50098	0.42667	8487.95117	0.20801	11564	1	0.54426	0.44308	1	0.49959	0.48401	1	0.52193	0.46355	1	0.48371	0.53481	11.14478	1.00376	1	0.74625	0.55893	12.03577	1.01142	1	-0.00381	-0.00880	0.65932	0.00366	1	0.06369	-0.01398	0.67516	0.00391	1	1.45898	0.81042	0	
1258518	8488.16602	3305681252934	0.50122	0.42803	8487.95117	0.21484	11564	1	0.52080	0.45567	1	0.49667	0.48727	1	0.50873	0.47147	1	0.48380	0.53507	11.29287	1.01142	1	0.74589	0.55931	12.77282	1.01908	1	-0.00381	-0.00880	0.65932	0.00358	1	0.06369	-0.01398	0.67516	0.00371	1	1.45898	0.81042	0	
1258519	8488.17285	3305681320061	0.50158	0.42817	8487.95117	0.22168	11564	1	0.51609	0.41656	1	0.51074	0.44902	1	0.51341	0.43279	1	0.48374	0.53470	11.20927	1.01908	1	0.74619	0.55889	12.14637	1.02674	1	-0.00381	-0.00880	0.65932	0.00362	1	0.06369	-0.01398	0.67516	0.00381	1	1.45898	0.81042	0	
1258520	8488.17969	3305681387288	0.50190	0.42797	8487.95117	0.22852	11564	1	0.51426	0.40482	1	0.51186	0.43749	1	0.51306	0.42115	1	0.48377	0.53506	11.21647	1.03476	1	0.74602	0.55885	11.44563	1.04242	1	-0.00399	-0.00911	0.68243	0.00361	1	0.06485	-0.01420	0.68858	0.00388	1	1.45898	0.81042	0	
1258521	8488.18555	3305681454628	0.50257	0.42750	8487.95117	0.23438	11564	1	0.54473	0.38995	1	0.50735	0.43215	1	0.52604	0.41105	1	0.48386	0.53472	11.03124	1.05044	1	0.74608	0.55891	11.87390	1.05044	1	-0.00399	-0.00911	0.68243	0.00367	1	0.06485	-0.01420	0.68858	0.00368	1	1.45898	0.81042	0	
1258522	8488.19238	3305681521209	0.50279	0.42697	8487.95117	0.24121	11564	1	0.53014	0.39066	1	0.49090	0.42525	1	0.51052	0.40795	1	0.48364	0.53484	10.88018	1.05845	1	0.74583	0.55900	11.40896	1.05845	1	-0.00399	-0.00911	0.68243	0.00366	1	0.06485	-0.01420	0.68858	0.00370	1	1.45898	0.81042	0	
1258523	8488.19922	3305681588248	0.50299	0.42631	8487.95117	0.24805	11564	1	0.52934	0.38468	1	0.49131	0.41936	1	0.51032	0.40202	1	0.48352	0.53501	10.60741	1.06647	1	0.74576	0.55926	11.30944	1.06647	1	-0.00399	-0.00921	0.68243	0.00363	1	0.06485	-0.01420	0.68858	0.00377	1	1.45898	0.81042	0	
1258524	8488.20605	3305681654669	0.50284	0.42623	8487.95117	0.25488	11564	1	0.51764	0.38024	1	0.47719	0.46558	1	0.49741	0.42291	1	0.48351	0.53473	10.50336	1.06647	1	0.74574	0.55932	11.31658	1.06647	1	-0.00399	-0.00921	0.68243	0.00361	1	0.06485	-0.01420	0.68858	0.00375	1	1.45898	0.81042	0	
1258525	8488.21289	3305681722556	0.50323	0.42567	8487.95117	0.26172	11564	1	0.53640	0.39654	1	0.50030	0.41180	1	0.51835	0.40417	1	0.48329	0.53512	10.54098	1.06647	1	0.74591	0.55899	11.09584	1.06647	1	-0.00399	-0.00921	0.68243	0.00357	1	0.06485	-0.01420	0.68858	0.00384	1	1.45898	0.81042	0	
1258526	8488.21973	3305681789228	0.50360	0.42522	8487.95117	0.26855	11564	1	0.53640	0.39654	1	0.49985	0.41749	1	0.51812	0.40702	1	0.48336	0.53513	10.60227	1.06647	1	0.74546	0.55950	11.76619	1.05881	1	-0.00399	-0.00921	0.68243	0.00358	1	0.06183	-0.01355	0.65710	0.00382	1	1.45898	0.81042	0	
1258527	8488.22559	3305681855787	0.50371	0.42608	8487.95117	0.27441	11564	1	0.54735	0.43064	1	0.46923	0.49214	1	0.50829	0.46139	1	0.48351	0.53519	10.65886	1.05881	1	0.74558	0.55944	11.42549	1.05115	1	-0.00399	-0.00921	0.68243	0.00351	1	0.06183	-0.01355	0.65710	0.00380	1	1.45898	0.81042	0	
1258528	8488.23242	3305681922923	0.50392	0.42686	8487.95117	0.28125	11564	1	0.54706	0.43639	1	0.47838	0.48256	1	0.51272	0.45947	1	0.48347	0.53513	10.68782	1.05115	1	0.74566	0.55943	11.27292	1.04349	1	-0.00399	-0.00921	0.68243	0.00348	1	0.06183	-0.01355	0.65710	0.00386	1	1.45898	0.81042	0	
1258529	8488.23926	3305681990312	0.50412	0.42766	8487.95117	0.28809	11564	1	0.54773	0.44180	1	0.47838	0.48256	1	0.51306	0.46218	1	0.48356	0.53489	10.12333	1.04349	1	0.74520	0.55953	12.28816	1.04349	1	-0.00399	-0.00921	0.68243	0.00349	1	0.06403	-0.01405	0.68099	0.00390	1	1.45898	0.81042	0	
1258530	8488.24609	3305682056016	0.50417	0.42887	8487.95117	0.29492	11564	1	0.55163	0.45845	1	0.46049	0.50584	1	0.50606	0.48215	1	0.48348	0.53532	10.81710	1.04349	1	0.74541	0.55964	12.18845	1.05115	1	-0.00399	-0.00921	0.68243	0.00344	1	0.06403	-0.01405	0.68099	0.00385	1	1.45898	0.81042	0	
1258531	8488.25293	3305682123374	0.50436	0.42973	8487.95117	0.30176	11564	1	0.55340	0.43536	1	0.47228	0.50161	1	0.51284	0.46849	1	0.48360	0.53523	10.98763	1.05115	1	0.74560	0.55962	11.98623	1.05881	1	-0.00399	-0.00921	0.68243	0.00346	1	0.06403	-0.01405	0.68099	0.00387	1	1.45898	0.81042	0	
1258532	8488.25977	3305682190997	0.50453	0.43044	8487.95117	0.30859	11564	1	0.55278	0.42995	1	0.47254	0.49655	1	0.51266	0.46325	1	0.48327	0.53504	10.99520	1.05881	1	0.74530	0.55963	12.43215	1.06647	1	-0.00406	-0.00914	0.67712	0.00351	1	0.06403	-0.01405	0.68099	0.00381	1	1.45898	0.81042	0	
1258533	8488.26660	3305682257817	0.50528	0.43090	8487.95117	0.31543	11564	1	0.56970	0.42921	1	0.51136	0.47503	1	0.54053	0.45212	1	0.48344	0.53539	10.60860	1.06647	1	0.74582	0.55938	11.23329	1.06647	1	-0.00406	-0.00914	0.67712	0.00348	1	0.06403	-0.01405	0.68099	0.00388	1	1.45898	0.81042	0	
1258534	8488.27344	3305682324928	0.50490	0.43098	8487.95117	0.32227	11564	1	0.50659	0.42506	1	0.48334	0.46112	1	0.49497	0.44309	1	0.48289	0.53512	10.73110	1.06647	1	0.74543	0.55943	12.26541	1.06647	1	-0.00406	-0.00914	0.67712	0.00336	1	0.06403	-0.01405	0.68099	0.00370	1	1.45898	0.81042	0	
1258535	8488.27930	3305682392030	0.50445	0.43093	8487.95117	0.32812	11564	1	0.50659	0.42506	1	0.48334	0.46112	1	0.49497	0.44309	1	0.48270	0.53528	11.01945	1.06647	1	0.74534	0.55933	11.98770	1.06647	1	-0.00411	-0.00903	0.66925	0.00331	1	0.06403	-0.01405	0.68099	0.00373	1	1.45898	0.81042	0	
1258536	8488.28613	3305682458676	0.50407	0.43003	8487.95117	0.33496	11564	1	0.49081	0.36738	1	0.47286	0.46067	1	0.48184	0.41402	1	0.48271	0.53441	10.20520	1.06647	1	0.74520	0.55941	12.24555	1.06647	1	-0.00411	-0.00903	0.66925	0.00369	1	0.06403	-0.01405	0.68099	0.00377	1	1.45898	0.81042	0	
1258537	8488.29297	3305682525947	0.50395	0.43059	8487.95117	0.34180	11564	1	0.50158	0.43103	1	0.48306	0.44737	1	0.49232	0.43920	1	0.48277	0.53526	11.03213	1.06647	1	0.74531	0.55918	11.80436	1.06647	1	-0.00411	-0.00903	0.66925	0.00341	1	0.06403	-0.01405	0.68099	0.00383	1	1.45898	0.81042	0	
1258538	8488.29980	3305682592909	0.50383	0.43127	8487.95117	0.34863	11564	1	0.50158	0.43103	1	0.48306	0.44737	1	0.49232	0.43920	1	0.48270	0.53522	11.10925	1.06647	1	0.74507	0.55917	11.40925	1.06647	1	-0.00411	-0.00903	0.66925	0.00337	1	0.06403	-0.01405	0.68099	0.00392	1	1.45898	0.81042	0	
1258539	8488.30664	3305682658626	0.50319	0.43051	8487.95117	0.35547	11564	1	0.49837	0.33565	1	0.46399	0.46577	1	0.48118	0.40071	1	0.48274	0.53385	10.53235	1.06647	1	0.74497	0.55934	11.51462	1.06647	1	-0.00411	-0.00903	0.66925	0.00383	1	0.06403	-0.01405	0.68099	0.00395	1	1.45898	0.81042	0	
1258540	8488.31348	3305682726362	0.50245	0.43081	8487.95117	0.36230	11564	1	0.49837	0.33565	0	0.46125	0.42846	1	0.46125	0.42846	1	0.48274	0.53385	10.53235	1.06647	0	0.74498	0.55901	11.28551	1.06647	1	-0.00411	-0.00903	0.66925	0.00383	1	0.06403	-0.01405	0.68099	0.00385	1	1.45898	0.81042	0	
1258541	8488.32031	3305682793731	0.50245	0.43081	8487.95117	0.36914	11564	1	0.49837	0.33565	0	0.46125	0.42846	0	0.46125	0.42846	0	0.48274	0.53385	10.53235	1.06647	0	0.74498	0.55901	11.28551	1.06647	0	-0.00411	-0.00903	0.66925	0.00383	1	0.06403	-0.01405	0.68099	0.00385	1	1.45898	0.81042	0	
1258542	8488.32617	3305682860730	0.50187	0.43193	8487.95117	0.37500	11564	1	0.49837	0.33565	0	0.46979	0.47449	1	0.46979	0.47449	1	0.48274	0.53385	10.53235	1.06647	0	0.74508	0.55944	11.58208	1.06647	1	-0.00411	-0.00903	0.66925	0.00383	1	0.06403	-0.01405	0.68099	0.00382	1	1.45898	0.81042	0	
1258543	8488.33301	3305682928014	0.50154	0.43172	8487.95117	0.38184	11564	1	0.49837	0.33565	0	0.47754	0.46358	1	0.47754	0.46358	1	0.48274	0.53385	10.53235	1.06647	0	0.74526	0.55929	11.29902	1.06647	1	-0.00411	-0.00903	0.66925	0.00383	1	0.06403	-0.01405	0.68099	0.00381	1	1.45898	0.81042	0	
1258544	8488.33984	3305682994397	0.50154	0.43172	8487.95117	0.38867	11564	1	0.49837	0.33565	0	0.47754	0.46358	0	0.47754	0.46358	0	0.48274	0.53385	10.53235	1.06647	0	0.74526	0.55929	11.29902	1.06647	0	-0.00411	-0.00903	0.66925	0.00383	1	0.06403	-0.01405	0.68099	0.00381	1	1.45898	0.81042	0	
1258545	8488.34668	3305683062021	0.50154	0.43172	8487.95117	0.39551	11564	1	0.49837	0.33565	0	0.47754	0.46358	0	0.47754	0.46358	0	0.48274	0.53385	10.53235	1.06647	0	0.74526	0.55929	11.29902	1.06647	0	-0.00411	-0.00903	0.66925	0.00383	1	0.06403	-0.01405	0.68099	0.00381	1	1.45898	0.81042	0	
1258546	8488.35352	3305683128009	0.50154	0.43172	8487.95117	0.40234	11564	1	0.49837	0.33565	0	0.47754	0.46358	0	0.47754	0.46358	0	0.48274	0.53385	10.53235	1.06647	0	0.74526	0.55929	11.29902	1.06647	0	-0.00411	-0.00903	0.66925	0.00383	1	0.06403	-0.01405	0.68099	0.00381	1	1.45898	0.81042	0	
1258547	8488.36035	3305683195795	0.49268	0.44414	8487.95117	0.40234	11564	0	0.49837	0.33565	0	0.47754	0.46358	0	0.47754	0.46358	0	0.48274	0.53385	10.53235	1.06647	0	0.74526	0.55929	11.29902	1.06647	0	-0.00411	-0.00903	0.66925	0.00383	1	0.06403	-0.01405	0.68099	0.00381	1	1.45898	0.81042	0	
1258548	8488.36719	3305683263070	0.49268	0.44414	8487.95117	0.40234	11564	0	0.49837	0.33565	0	0.47754	0.46358	0	0.47754	0.46358	0	0.48274	0.53385	10.53235	1.06647	0	0.74526	0.55929	11.29902	1.06647	0	-0.00411	-0.00903	0.66925	0.00383	1	0.06403	-0.01405	0.68099	0.00381	1	1.45898	0.81042	0	
1258549	8488.37305	3305683328606	0.49268	0.44414	8487.95117	0.40234	11564	0	0.49837	0.33565	0	0.47754	0.46358	0	0.47754	0.46358	0	0.48274	0.53385	10.53235	1.06647	0	0.74526	0.55929	11.29902	1.06647	0	-0.00411	-0.00903	0.66925	0.00383	1	0.06403	-0.01405	0.68099	0.00381	1	1.45898	0.81042	0	
1258550	8488.37988	3305683396403	0.00000	0.00000	8487.95117	0.40234	11564	0	0.49837	0.33565	0	0.47754	0.46358	0	0.47754	0.46358	0	0.48274	0.53385	10.53235	1.06647	0	0.74526	0.55929	11.29902	1.06647	0	-0.00411	-0.00903	0.66925	0.00383	1	0.06403	-0.01405	0.68099	0.00381	1	1.45898	0.81042	0	
1258551	8488.38672	3305683461629	0.00000	0.00000	8487.95117	0.40234	11564	0	0.49837	0.33565	0	0.47754	0.46358	0	0.47754	0.46358	0	0.48274	0.53385	10.53235	1.06647	0	0.74526	0.55929	11.29902	1.06647	0	-0.00411	-0.00903	0.66925	0.00383	1	0.06403	-0.01405	0.68099	0.00381	1	1.45898	0.81042	0	
1258552	8488.39355	3305683526527	0.00000	0.00000	8487.95117	0.40234	11564	0	0.49837	0.33565	0	0.47754	0.46358	0	0.47754	0.46358	0	0.48274	0.53385	10.53235	1.06647	0	0.74526	0.55929	11.29902	1.06647	0	-0.00411	-0.00903	0.66925	0.00383	1	0.06403	-0.01405	0.68099	0.00381	1	1.45898	0.81042	0	
1258553	8488.40039	3305683597762	0.47754	0.46358	8487.95117	0.40234	11564	0	0.49837	0.33565	0	0.47754	0.46358	1	0.47754	0.46358	1	0.48363	0.53520	10.22029	1.06647	0	0.48363	0.53520	10.22029	1.06647	1	-0.00411	-0.00903	0.66925	0.00383	1	-0.00399	-0.00921	0.68243	0.00345	1	1.45898	0.81042	0	
1258554	8488.40723	3305683664210	0.43518	0.31229	8487.95117	0.40234	11564	0	0.49837	0.33565	0	0.39283	0.16100	1	0.39283	0.16100	1	0.48363	0.53520	10.22029	1.06647	0	0.48315	0.53272	10.46181	1.06647	1	-0.00411	-0.00903	0.66925	0.00383	1	-0.00399	-0.00921	0.68243	0.00205	1	1.45898	0.81042	0	
1258555	8488.41406	3305683731605	0.41840	0.24410	8487.95117	0.40234	11564	0	0.49837	0.33565	0	0.38485	0.10772	1	0.38485	0.10772	1	0.48363	0.53520	10.22029	1.06647	0	0.48309	0.53269	10.37226	1.06647	1	-0.00411	-0.00903	0.66925	0.00383	1	-0.00399	-0.00921	0.68243	0.00209	1	1.45898	0.81042	0	
1258556	8488.41992	3305683798814	0.38738	0.12254	8487.95117	0.40234	11564	0	0.49837	0.33565	0	0.38447	0.09891	1	0.38447	0.09891	1	0.48363	0.53520	10.22029	1.06647	0	0.48347	0.53465	10.16913	1.07515	1	-0.00411	-0.00903	0.66925	0.00383	1	-0.00415	-0.00946	0.70063	0.00372	1	1.45898	0.81042	0	
1258557	8488.42676	3305683866108	0.39376	0.23017	8487.95117	0.40234	11564	0	0.49837	0.33565	0	0.40013	0.33779	1	0.40013	0.33779	1	0.48363	0.53520	10.22029	1.07515	0	0.48342	0.53471	10.42372	1.08383	1	-0.00411	-0.00903	0.66925	0.00383	1	-0.00415	-0.00946	0.70063	0.00365	1	1.45898	0.81042	0	
1258558	8488.43359	3305683931220	0.39863	0.26140	8487.95117	0.40234	11564	0	0.49837	0.33565	0	0.40838	0.32387	1	0.40838	0.32387	1	0.48363	0.53520	10.22029	1.08383	0	0.48355	0.53472	10.37193	1.09251	1	-0.00411	-0.00903	0.66925	0.00383	1	-0.00415	-0.00946	0.70063	0.00368	1	1.45898	0.81042	0	
1258559	8488.44043	3305683999493	0.40563	0.32851	8487.95117	0.40234	11564	0	0.49837	0.33565	0	0.40838	0.32387	1	0.40838	0.32387	1	0.48363	0.53520	10.22029	1.09251	0	0.48359	0.53474	10.39847	1.09251	1	-0.00411	-0.00903	0.66925	0.00383	1	-0.00399	-0.00921	0.68243	0.00365	1	1.45898	0.81042	0	
1258560	8488.44727	3305684066709	0.46016	0.36376	8487.95117	0.40234	11564	0	0.54643	0.37230	1	0.48296	0.42574	1	0.51470	0.39902	1	0.48351	0.53468	10.36393	1.09251	1	0.74573	0.55908	11.18867	1.08383	1	-0.00411	-0.00903	0.66925	0.00368	1	-0.00399	-0.00921	0.68243	0.00397	1	1.45898	0.81042	0	
1258561	8488.45410	3305684133284	0.47833	0.39158	8487.95117	0.40234	11564	0	0.53797	0.44512	1	0.49134	0.44929	1	0.51466	0.44720	1	0.48338	0.53528	10.70043	1.08383	1	0.74589	0.55921	10.84203	1.07515	1	-0.00411	-0.00903	0.66925	0.00353	1	-0.00399	-0.00921	0.68243	0.00386	1	1.45898	0.81042	0	
1258562	8488.46094	3305684200767	0.50662	0.43565	8487.95117	0.40234	11564	0	0.53797	0.44512	0	0.49050	0.46074	1	0.49050	0.46074	1	0.48338	0.53528	10.70043	1.07515	0	0.74598	0.55941	11.13428	1.05881	1	-0.00411	-0.00903	0.66925	0.00353	1	0.06166	-0.01356	0.65522	0.00382	1	1.45898	0.81042	0	
1258563	8488.46680	3305684264846	0.50662	0.43565	8487.95117	0.40234	11564	0	0.53797	0.44512	0	0.49050	0.46074	0	0.49050	0.46074	0	0.48338	0.53528	10.70043	1.05881	0	0.74598	0.55941	11.13428	1.05115	0	-0.00411	-0.00903	0.66925	0.00353	1	0.06166	-0.01356	0.65522	0.00382	1	1.45898	0.81042	0	SUBJECT_ONSET_LOG
1258564	8488.47363	3305684330641	0.50662	0.43565	8487.95117	0.40234	11564	0	0.53797	0.44512	0	0.49050	0.46074	0	0.49050	0.46074	0	0.48338	0.53528	10.70043	1.05115	0	0.74598	0.55941	11.13428	1.04349	0	-0.00411	-0.00903	0.66925	0.00353	1	0.06166	-0.01356	0.65522	0.00382	1	1.45898	0.81042	0	
1258565	8488.48047	3305684399036	0.00000	0.00000	8487.95117	0.40234	11564	0	0.53797	0.44512	0	0.49050	0.46074	0	0.49050	0.46074	0	0.48338	0.53528	10.70043	1.04349	0	0.74598	0.55941	11.13428	1.03583	0	-0.00411	-0.00903	0.66925	0.00353	1	0.06166	-0.01356	0.65522	0.00382	1	1.45898	0.81042	0	AUDIO_FILE_ONSET_LOG
1258566	8488.48730	3305684468692	0.00000	0.00000	8487.95117	0.40234	11564	0	0.53797	0.44512	0	0.49050	0.46074	0	0.49050	0.46074	0	0.48338	0.53528	10.70043	1.03583	0	0.74598	0.55941	11.13428	1.03583	0	-0.00411	-0.00903	0.66925	0.00353	1	0.06166	-0.01356	0.65522	0.00382	1	1.45898	0.81042	0	
1258567	8488.49414	3305684534720	0.00000	0.00000	8487.95117	0.40234	11564	0	0.53797	0.44512	0	0.49050	0.46074	0	0.49050	0.46074	0	0.48338	0.53528	10.70043	1.03583	0	0.74598	0.55941	11.13428	1.03583	0	-0.00411	-0.00903	0.66925	0.00353	1	0.06166	-0.01356	0.65522	0.00382	1	1.45898	0.81042	0	
1258568	8488.50000	3305684598237	0.00000	0.00000	8487.95117	0.40234	11564	0	0.53797	0.44512	0	0.49050	0.46074	0	0.49050	0.46074	0	0.48338	0.53528	10.70043	1.03583	0	0.74598	0.55941	11.13428	1.03583	0	-0.00411	-0.00903	0.66925	0.00353	1	0.06166	-0.01356	0.65522	0.00382	1	1.45898	0.81042	0	
1258569	8488.50684	3305684666170	0.00000	0.00000	8487.95117	0.40234	11564	0	0.53797	0.44512	0	0.49050	0.46074	0	0.49050	0.46074	0	0.48338	0.53528	10.70043	1.03583	0	0.74598	0.55941	11.13428	1.03583	0	-0.00411	-0.00903	0.66925	0.00353	1	0.06166	-0.01356	0.65522	0.00382	1	1.45898	0.81042	0	
1258570	8488.51367	3305684735161	0.00000	0.00000	8487.95117	0.40234	11564	0	0.53797	0.44512	0	0.49050	0.46074	0	0.49050	0.46074	0	0.48338	0.53528	10.70043	1.03583	0	0.74598	0.55941	11.13428	1.03583	0	-0.00411	-0.00903	0.66925	0.00353	1	0.06166	-0.01356	0.65522	0.00382	1	1.45898	0.81042	0	
1258571	8488.52051	3305684800177	0.00000	0.00000	8487.95117	0.40234	11564	0	0.53797	0.44512	0	0.49050	0.46074	0	0.49050	0.46074	0	0.48338	0.53528	10.70043	1.03583	0	0.74598	0.55941	11.13428	1.03583	0	-0.00411	-0.00903	0.66925	0.00353	1	0.06166	-0.01356	0.65522	0.00382	1	1.45898	0.81042	0	
1258572	8488.52734	3305684867370	0.00000	0.00000	8487.95117	0.40234	11564	0	0.53797	0.44512	0	0.49050	0.46074	0	0.49050	0.46074	0	0.48338	0.53528	10.70043	1.03583	0	0.74598	0.55941	11.13428	1.03583	0	-0.00411	-0.00903	0.66925	0.00353	1	0.06166	-0.01356	0.65522	0.00382	1	1.45898	0.81042	0	
1258573	8488.53418	3305684937124	0.00000	0.00000	8487.95117	0.40234	11564	0	0.53797	0.44512	0	0.49050	0.46074	0	0.49050	0.46074	0	0.48338	0.53528	10.70043	1.03583	0	0.74598	0.55941	11.13428	1.03583	0	-0.00411	-0.00903	0.66925	0.00353	1	0.06166	-0.01356	0.65522	0.00382	1	1.45898	0.81042	0	
1258574	8488.54102	3305685004344	0.00000	0.00000	8487.95117	0.40234	11564	0	0.53797	0.44512	0	0.49050	0.46074	0	0.49050	0.46074	0	0.48338	0.53528	10.70043	1.03583	0	0.74598	0.55941	11.13428	1.03583	0	-0.00411	-0.00903	0.66925	0.00353	1	0.06166	-0.01356	0.65522	0.00382	1	1.45898	0.81042	0	
1258575	8488.54785	3305685071246	0.00000	0.00000	8487.95117	0.40234	11564	0	0.53797	0.44512	0	0.49050	0.46074	0	0.49050	0.46074	0	0.48338	0.53528	10.70043	1.03583	0	0.74598	0.55941	11.13428	1.03583	0	-0.00411	-0.00903	0.66925	0.00353	1	0.06166	-0.01356	0.65522	0.00382	1	1.45898	0.81042	0	
1258576	8488.55469	3305685138040	0.00000	0.00000	8487.95117	0.40234	11564	0	0.53797	0.44512	0	0.49050	0.46074	0	0.49050	0.46074	0	0.48338	0.53528	10.70043	1.03583	0	0.74598	0.55941	11.13428	1.03583	0	-0.00411	-0.00903	0.66925	0.00353	1	0.06166	-0.01356	0.65522	0.00382	1	1.45898	0.81042	0	
1258577	8488.56055	3305685205252	0.00000	0.00000	8487.95117	0.40234	11564	0	0.53797	0.44512	0	0.49050	0.46074	0	0.49050	0.46074	0	0.48338	0.53528	10.70043	1.03583	0	0.74598	0.55941	11.13428	1.03583	0	-0.00411	-0.00903	0.66925	0.00353	1	0.06166	-0.01356	0.65522	0.00382	1	1.45898	0.81042	0	
1258578	8488.56738	3305685272076	0.00000	0.00000	8487.95117	0.40234	11564	0	0.53797	0.44512	0	0.49050	0.46074	0	0.49050	0.46074	0	0.48338	0.53528	10.70043	1.03583	0	0.74598	0.55941	11.13428	1.03583	0	-0.00411	-0.00903	0.66925	0.00353	1	0.06166	-0.01356	0.65522	0.00382	1	1.45898	0.81042	0	
1258579	8488.57422	3305685338742	0.00000	0.00000	8487.95117	0.40234	11564	0	0.53797	0.44512	0	0.49050	0.46074	0	0.49050	0.46074	0	0.48338	0.53528	10.70043	1.03583	0	0.74598	0.55941	11.13428	1.03583	0	-0.00411	-0.00903	0.66925	0.00353	1	0.06166	-0.01356	0.65522	0.00382	1	1.45898	0.81042	0	
1258580	8488.58105	3305685406852	0.00000	0.00000	8487.95117	0.40234	11564	0	0.53797	0.44512	0	0.49050	0.46074	0	0.49050	0.46074	0	0.48338	0.53528	10.70043	1.03583	0	0.74598	0.55941	11.13428	1.03583	0	-0.00411	-0.00903	0.66925	0.00353	1	0.06166	-0.01356	0.65522	0.00382	1	1.45898	0.81042	0	
1258581	8488.58789	3305685472966	0.00000	0.00000	8487.95117	0.40234	11564	0	0.53797	0.44512	0	0.49050	0.46074	0	0.49050	0.46074	0	0.48338	0.53528	10.70043	1.03583	0	0.74598	0.55941	11.13428	1.03583	0	-0.00411	-0.00903	0.66925	0.00353	1	0.06166	-0.01356	0.65522	0.00382	1	1.45898	0.81042	0	
1258582	8488.59473	3305685540195	0.00000	0.00000	8487.95117	0.40234	11564	0	0.53797	0.44512	0	0.49050	0.46074	0	0.49050	0.46074	0	0.48338	0.53528	10.70043	1.03583	0	0.74598	0.55941	11.13428	1.03583	0	-0.00411	-0.00903	0.66925	0.00353	1	0.06166	-0.01356	0.65522	0.00382	1	1.45898	0.81042	0	
1258583	8488.60156	3305685606833	0.00000	0.00000	8487.95117	0.40234	11564	0	0.53797	0.44512	0	0.49050	0.46074	0	0.49050	0.46074	0	0.48338	0.53528	10.70043	1.03583	0	0.74598	0.55941	11.13428	1.03583	0	-0.00411	-0.00903	0.66925	0.00353	1	0.06166	-0.01356	0.65522	0.00382	1	1.45898	0.81042	0	
1258584	8488.60742	3305685674130	0.00000	0.00000	8487.95117	0.40234	11564	0	0.53797	0.44512	0	0.49050	0.46074	0	0.49050	0.46074	0	0.48338	0.53528	10.70043	1.03583	0	0.74598	0.55941	11.13428	1.03583	0	-0.00411	-0.00903	0.66925	0.00353	1	0.06166	-0.01356	0.65522	0.00382	1	1.45898	0.81042	0	
1258585	8488.61426	3305685741010	0.00000	0.00000	8487.95117	0.40234	11564	0	0.53797	0.44512	0	0.49050	0.46074	0	0.49050	0.46074	0	0.48338	0.53528	10.70043	1.03583	0	0.74598	0.55941	11.13428	1.03583	0	-0.00411	-0.00903	0.66925	0.00353	1	0.06166	-0.01356	0.65522	0.00382	1	1.45898	0.81042	0	
1258586	8488.62109	3305685808232	0.51587	0.47723	8487.95117	0.40234	11564	0	0.54241	0.47762	1	0.48933	0.47684	1	0.51587	0.47723	1	0.48447	0.53547	11.29682	1.03583	1	0.74647	0.55968	11.35802	1.03583	1	-0.00378	-0.00920	0.68134	0.00339	1	0.06221	-0.01369	0.65901	0.00382	1	1.45898	0.81042	0	
1258587	8488.62793	3305685875717	0.51630	0.46560	8487.95117	0.40234	11564	0	0.54790	0.45101	1	0.48558	0.45692	1	0.51674	0.45397	1	0.48418	0.53516	10.63156	1.03583	1	0.74659	0.55949	11.04220	1.03583	1	-0.00378	-0.00920	0.68134	0.00351	1	0.06221	-0.01369	0.65901	0.00385	1	1.45898	0.81042	0	
1258588	8488.63477	3305685941798	0.51269	0.46240	8487.95117	0.40234	11564	0	0.51734	0.41201	1	0.49356	0.49999	1	0.50545	0.45600	1	0.48415	0.53506	10.33024	1.03583	1	0.74670	0.55951	11.07196	1.03583	1	-0.00378	-0.00920	0.68134	0.00347	1	0.06221	-0.01369	0.65901	0.00371	1	1.45898	0.81042	0	
1258589	8488.64160	3305686007258	0.50801	0.47050	8488.62109	0.02051	11565	1	0.51734	0.41201	0	0.49399	0.49479	1	0.49399	0.49479	1	0.48415	0.53506	10.33024	1.03583	0	0.74654	0.55947	11.36212	1.04349	1	-0.00378	-0.00920	0.68134	0.00347	1	0.06503	-0.01432	0.68940	0.00381	1	1.45898	0.81042	0	
1258590	8488.64844	3305686075923	0.50801	0.47050	8488.62109	0.02734	11565	1	0.51734	0.41201	0	0.49399	0.49479	0	0.49399	0.49479	0	0.48415	0.53506	10.33024	1.04349	0	0.74654	0.55947	11.36212	1.05115	0	-0.00378	-0.00920	0.68134	0.00347	1	0.06503	-0.01432	0.68940	0.00381	1	1.45898	0.81042	0	
1258591	8488.65430	3305686142502	0.50801	0.47050	8488.62109	0.03320	11565	1	0.51734	0.41201	0	0.49399	0.49479	0	0.49399	0.49479	0	0.48415	0.53506	10.33024	1.05115	0	0.74654	0.55947	11.36212	1.05881	0	-0.00378	-0.00920	0.68134	0.00347	1	0.06503	-0.01432	0.68940	0.00381	1	1.45898	0.81042	0	
1258592	8488.66113	3305686209792	0.50801	0.47050	8488.62109	0.04004	11565	1	0.51734	0.41201	0	0.49399	0.49479	0	0.49399	0.49479	0	0.48415	0.53506	10.33024	1.05881	0	0.74654	0.55947	11.36212	1.06647	0	-0.00378	-0.00920	0.68134	0.00347	1	0.06503	-0.01432	0.68940	0.00381	1	1.45898	0.81042	0	
1258593	8488.66895	3305686281852	0.50539	0.46825	8488.62109	0.04004	11565	0	0.51734	0.41201	0	0.49399	0.49479	0	0.49399	0.49479	0	0.48415	0.53506	10.33024	1.06647	0	0.74654	0.55947	11.36212	1.06647	0	-0.00378	-0.00920	0.68134	0.00347	1	0.06503	-0.01432	0.68940	0.00381	1	1.45898	0.81042	0	
1258594	8488.67480	3305686342739	0.50539	0.46825	8488.62109	0.04004	11565	0	0.51734	0.41201	0	0.49399	0.49479	0	0.49399	0.49479	0	0.48415	0.53506	10.33024	1.06647	0	0.74654	0.55947	11.36212	1.06647	0	-0.00378	-0.00920	0.68134	0.00347	1	0.06503	-0.01432	0.68940	0.00381	1	1.45898	0.81042	0	
1258595	8488.68164	3305686408655	0.50539	0.46825	8488.62109	0.04004	11565	0	0.51734	0.41201	0	0.49399	0.49479	0	0.49399	0.49479	0	0.48415	0.53506	10.33024	1.06647	0	0.74654	0.55947	11.36212	1.06647	0	-0.00378	-0.00920	0.68134	0.00347	1	0.06503	-0.01432	0.68940	0.00381	1	1.45898	0.81042	0	
1258596	8488.68848	3305686478301	0.00000	0.00000	8488.62109	0.04004	11565	0	0.51734	0.41201	0	0.49399	0.49479	0	0.49399	0.49479	0	0.48415	0.53506	10.33024	1.06647	0	0.74654	0.55947	11.36212	1.06647	0	-0.00378	-0.00920	0.68134	0.00347	1	0.06503	-0.01432	0.68940	0.00381	1	1.45898	0.81042	0	
1258597	8488.69531	3305686544491	0.00000	0.00000	8488.62109	0.04004	11565	0	0.51734	0.41201	0	0.49399	0.49479	0	0.49399	0.49479	0	0.48415	0.53506	10.33024	1.06647	0	0.74654	0.55947	11.36212	1.06647	0	-0.00378	-0.00920	0.68134	0.00347	1	0.06503	-0.01432	0.68940	0.00381	1	1.45898	0.81042	0	
1258598	8488.70215	3305686612116	0.00000	0.00000	8488.62109	0.04004	11565	0	0.51734	0.41201	0	0.49399	0.49479	0	0.49399	0.49479	0	0.48415	0.53506	10.33024	1.06647	0	0.74654	0.55947	11.36212	1.06647	0	-0.00378	-0.00920	0.68134	0.00347	1	0.06503	-0.01432	0.68940	0.00381	1	1.45898	0.81042	0	
1258599	8488.70801	3305686678913	0.49365	0.31041	8488.62109	0.04004	11565	0	0.51758	0.16874	1	0.46972	0.45209	1	0.49365	0.31041	1	0.48391	0.53279	10.91276	1.06647	1	0.74632	0.55917	11.73656	1.06647	1	-0.00378	-0.00920	0.68134	0.00213	1	0.06503	-0.01432	0.68940	0.00398	1	1.45898	0.81042	0	
1258600	8488.71484	3305686745497	0.49323	0.36000	8488.62109	0.04004	11565	0	0.52675	0.36071	1	0.45887	0.45846	1	0.49281	0.40958	1	0.48403	0.53501	10.80911	1.06647	1	0.74616	0.55934	11.89883	1.06647	1	-0.00378	-0.00920	0.68134	0.00351	1	0.06503	-0.01432	0.68940	0.00396	1	1.45898	0.81042	0	
1258601	8488.72168	3305686812816	0.49309	0.37653	8488.62109	0.04004	11565	0	0.52675	0.36071	1	0.45887	0.45846	1	0.49281	0.40958	1	0.48434	0.53511	10.64448	1.06647	1	0.74607	0.55922	11.68012	1.06647	1	-0.00378	-0.00920	0.68134	0.00339	1	0.06503	-0.01432	0.68940	0.00402	1	1.45898	0.81042	0	
1258602	8488.72852	3305686878963	0.47310	0.36959	8488.70801	0.02051	11566	1	0.52675	0.36071	0	0.41313	0.34879	1	0.41313	0.34879	1	0.48434	0.53511	10.64448	1.06647	0	0.48438	0.53502	10.47170	1.06647	1	-0.00378	-0.00920	0.68134	0.00339	1	0.06503	-0.01432	0.68940	0.00343	1	1.45898	0.81042	0	
1258603	8488.73535	3305686945462	0.46002	0.37592	8488.70801	0.02734	11566	1	0.52675	0.36071	0	0.40769	0.40121	1	0.40769	0.40121	1	0.48434	0.53511	10.64448	1.06647	0	0.48423	0.53528	10.76803	1.06647	1	-0.00378	-0.00920	0.68134	0.00339	1	0.06503	-0.01432	0.68940	0.00345	1	1.45898	0.81042	0	
1258604	8488.74219	3305687013779	0.45133	0.38108	8488.70801	0.03418	11566	1	0.52675	0.36071	0	0.40787	0.40692	1	0.40787	0.40692	1	0.48434	0.53511	10.64448	1.06647	0	0.48373	0.53192	10.50722	1.05881	1	-0.00378	-0.00920	0.68134	0.00339	1	-0.00372	-0.00884	0.66182	0.00216	1	1.45898	0.81042	0	
1258605	8488.74902	3305687080508	0.44225	0.37293	8488.70801	0.04102	11566	1	0.52675	0.36071	0	0.38781	0.32403	1	0.38781	0.32403	1	0.48434	0.53511	10.64448	1.05881	0	0.48381	0.53441	11.19401	1.05115	1	-0.00378	-0.00920	0.68134	0.00339	1	-0.00372	-0.00884	0.66182	0.00373	1	1.45898	0.81042	0	
1258606	8488.75488	3305687147677	0.43505	0.36948	8488.70801	0.04688	11566	1	0.52675	0.36071	0	0.38466	0.34529	1	0.38466	0.34529	1	0.48434	0.53511	10.64448	1.05115	0	0.48389	0.53393	11.02129	1.04349	1	-0.00378	-0.00920	0.68134	0.00339	1	-0.00372	-0.00884	0.66182	0.00358	1	1.45898	0.81042	0	
1258607	8488.76172	3305687215318	0.42946	0.36679	8488.70801	0.05371	11566	1	0.52675	0.36071	0	0.38466	0.34529	1	0.38466	0.34529	1	0.48434	0.53511	10.64448	1.04349	0	0.48388	0.53160	11.04168	1.04349	1	-0.00378	-0.00920	0.68134	0.00339	1	-0.00382	-0.00913	0.68776	0.00228	1	1.45898	0.81042	0	
1258608	8488.76855	3305687281816	0.42522	0.34218	8488.70801	0.06055	11566	1	0.52675	0.36071	0	0.38706	0.12070	1	0.38706	0.12070	1	0.48434	0.53511	10.64448	1.04349	0	0.48380	0.53163	11.04307	1.05115	1	-0.00378	-0.00920	0.68134	0.00339	1	-0.00382	-0.00913	0.68776	0.00232	1	1.45898	0.81042	0	
1258609	8488.77539	3305687348683	0.42227	0.31965	8488.70801	0.06738	11566	1	0.52675	0.36071	0	0.39280	0.09429	1	0.39280	0.09429	1	0.48434	0.53511	10.64448	1.05115	0	0.48384	0.53161	11.02567	1.05881	1	-0.00378	-0.00920	0.68134	0.00339	1	-0.00382	-0.00913	0.68776	0.00223	1	1.45898	0.81042	0	
1258610	8488.78223	3305687415397	0.41979	0.30021	8488.70801	0.07422	11566	1	0.52675	0.36071	0	0.39252	0.08635	1	0.39252	0.08635	1	0.48434	0.53511	10.64448	1.05881	0	0.48350	0.53149	11.13575	1.06647	1	-0.00378	-0.00920	0.68134	0.00339	1	-0.00382	-0.00896	0.67117	0.00226	1	1.45898	0.81042	0	
1258611	8488.78906	3305687481967	0.41823	0.28544	8488.70801	0.08105	11566	1	0.52675	0.36071	0	0.39952	0.10820	1	0.39952	0.10820	1	0.48434	0.53511	10.64448	1.06647	0	0.48362	0.53159	11.05251	1.06647	1	-0.00378	-0.00920	0.68134	0.00339	1	-0.00382	-0.00896	0.67117	0.00220	1	1.45898	0.81042	0	
1258612	8488.79590	3305687549632	0.42283	0.28587	8488.70801	0.08789	11566	1	0.49163	0.14219	1	0.47362	0.44088	1	0.48263	0.29154	1	0.48352	0.53149	11.49473	1.06647	1	0.74558	0.55867	11.54062	1.06647	1	-0.00378	-0.00920	0.68134	0.00226	1	-0.00382	-0.00896	0.67117	0.00394	1	1.45898	0.81042	0	
1258613	8488.80176	3305687616603	0.41020	0.26327	8488.70801	0.08789	11566	0	0.49046	0.13333	1	0.47367	0.43987	1	0.48207	0.28660	1	0.48359	0.53165	10.60140	1.07555	1	0.74583	0.55836	11.73054	1.06790	1	-0.00408	-0.00938	0.70694	0.00230	1	0.06200	-0.01354	0.65889	0.00370	1	1.45898	0.81042	0	
1258614	8488.80859	3305687684448	0.45626	0.27446	8488.70801	0.08789	11566	0	0.52590	0.14191	1	0.47874	0.42940	1	0.50232	0.28566	1	0.48369	0.53152	10.65672	1.07698	1	0.74564	0.55864	12.45114	1.06932	1	-0.00408	-0.00938	0.70694	0.00231	1	0.06200	-0.01354	0.65889	0.00383	1	1.45898	0.81042	0	
1258615	8488.81543	3305687751255	0.47011	0.27005	8488.70801	0.08789	11566	0	0.50939	0.08979	1	0.48622	0.43268	1	0.49781	0.26123	1	0.48352	0.53156	11.16420	1.07841	1	0.74576	0.55870	12.21740	1.07075	1	-0.00408	-0.00938	0.70694	0.00228	1	0.06200	-0.01354	0.65889	0.00384	1	1.45898	0.81042	0	
1258616	8488.82227	3305687817852	0.47710	0.26951	8488.80176	0.02051	11567	1	0.51027	0.09755	1	0.48586	0.43818	1	0.49806	0.26786	1	0.48345	0.53165	11.02898	1.07075	1	0.74580	0.55843	11.27808	1.06309	1	-0.00392	-0.00889	0.66996	0.00227	1	0.06200	-0.01354	0.65889	0.00384	1	1.45898	0.81042	0	
1258617	8488.82910	3305687883621	0.48031	0.26694	8488.80176	0.02734	11567	1	0.51421	0.11900	1	0.47213	0.39432	1	0.49317	0.25666	1	0.48348	0.53168	11.23049	1.05400	1	0.74552	0.55813	11.81296	1.05400	1	-0.00392	-0.00889	0.66996	0.00228	1	0.06200	-0.01354	0.65889	0.00386	1	1.45898	0.81042	0	
1258618	8488.83594	3305687951970	0.48161	0.27092	8488.80176	0.03418	11567	1	0.51271	0.14722	1	0.46344	0.43442	1	0.48807	0.29082	1	0.48343	0.53166	11.18820	1.04492	1	0.74539	0.55827	12.23701	1.04492	1	-0.00392	-0.00889	0.66996	0.00226	1	0.06200	-0.01354	0.65889	0.00371	1	1.45898	0.81042	0	
1258619	8488.84277	3305688018903	0.48262	0.27402	8488.80176	0.04102	11567	1	0.51376	0.15621	1	0.46363	0.42910	1	0.48869	0.29266	1	0.48341	0.53171	11.20441	1.03583	1	0.74559	0.55788	11.95645	1.05217	1	-0.00399	-0.00911	0.68243	0.00223	1	0.06571	-0.01437	0.69937	0.00371	1	1.45898	0.81042	0	
1258620	8488.84863	3305688085404	0.48308	0.27113	8488.80176	0.04688	11567	1	0.50518	0.10977	1	0.46740	0.39201	1	0.48629	0.25089	1	0.48312	0.53147	11.50921	1.05217	1	0.74541	0.55821	11.96115	1.06851	1	-0.00399	-0.00911	0.68243	0.00221	1	0.06571	-0.01437	0.69937	0.00380	1	1.45898	0.81042	0	
1258621	8488.85547	3305688152658	0.48414	0.26772	8488.80176	0.05371	11567	1	0.51867	0.10964	1	0.46665	0.37125	1	0.49266	0.24044	1	0.48328	0.53162	10.95572	1.06851	1	0.74499	0.55793	11.08518	1.08485	1	-0.00399	-0.00911	0.68243	0.00230	1	0.06571	-0.01437	0.69937	0.00398	1	1.45898	0.81042	0	
1258622	8488.86230	3305688219007	0.48492	0.26388	8488.80176	0.06055	11567	1	0.51691	0.09326	1	0.46687	0.36539	1	0.49189	0.22932	1	0.48314	0.53167	11.66525	1.08485	1	0.74475	0.55799	11.63779	1.09251	1	-0.00399	-0.00911	0.68243	0.00236	1	0.06403	-0.01394	0.68099	0.00400	1	1.45898	0.81042	0	
1258623	8488.86914	3305688283834	0.48485	0.27304	8488.80176	0.06738	11567	1	0.51116	0.35923	1	0.45716	0.36991	1	0.48416	0.36457	1	0.48301	0.53456	11.14671	1.09251	1	0.74487	0.55808	11.94362	1.08383	1	-0.00399	-0.00911	0.68243	0.00368	1	0.06403	-0.01394	0.68099	0.00392	1	1.45898	0.81042	0	
1258624	8488.87598	3305688352152	0.48606	0.27037	8488.80176	0.07422	11567	1	0.49772	0.11668	1	0.50106	0.36543	1	0.49939	0.24106	1	0.48298	0.53191	11.20596	1.08383	1	0.74525	0.55798	12.59969	1.07515	1	-0.00399	-0.00911	0.68243	0.00228	1	0.06403	-0.01394	0.68099	0.00383	1	1.45898	0.81042	0	
1258625	8488.88281	3305688419254	0.48711	0.26870	8488.80176	0.08105	11567	1	0.49878	0.12522	1	0.50054	0.37220	1	0.49966	0.24871	1	0.48278	0.53169	11.42698	1.07515	1	0.74502	0.55738	11.29488	1.06647	1	-0.00411	-0.00893	0.66925	0.00229	1	0.06291	-0.01372	0.67009	0.00402	1	1.45898	0.81042	0	
1258626	8488.88867	3305688486507	0.48848	0.26699	8488.80176	0.08691	11567	1	0.51355	0.12700	1	0.49915	0.36246	1	0.50635	0.24473	1	0.48279	0.53173	10.87083	1.06647	1	0.74516	0.55779	11.13936	1.06647	1	-0.00411	-0.00893	0.66925	0.00225	1	0.06291	-0.01372	0.67009	0.00398	1	1.45898	0.81042	0	
1258627	8488.89551	3305688549960	0.48898	0.26416	8488.80176	0.09375	11567	1	0.50398	0.10347	1	0.48804	0.34550	1	0.49601	0.22448	1	0.48263	0.53161	11.24287	1.06647	1	0.74498	0.55752	11.34352	1.06647	1	-0.00411	-0.00893	0.66925	0.00229	1	0.06291	-0.01372	0.67009	0.00404	1	1.45898	0.81042	0	
1258628	8488.90234	3305688620960	0.48942	0.26168	8488.80176	0.10059	11567	1	0.50398	0.10347	1	0.48804	0.34550	1	0.49601	0.22448	1	0.48326	0.53420	11.36387	1.06647	1	0.74479	0.55757	11.82439	1.06647	1	-0.00411	-0.00893	0.66925	0.00375	1	0.06393	-0.01397	0.68212	0.00401	1	1.45898	0.81042	0	
1258629	8488.90918	3305688690905	0.49054	0.26507	8488.80176	0.10742	11567	1	0.52488	0.33693	1	0.49198	0.30169	1	0.50843	0.31931	1	0.48289	0.53425	11.01591	1.06647	1	0.74504	0.55732	11.33074	1.06647	1	-0.00411	-0.00893	0.66925	0.00370	1	0.06393	-0.01397	0.68212	0.00424	1	1.45898	0.81042	0	
1258630	8488.91602	3305688752530	0.49041	0.26227	8488.80176	0.11426	11567	1	0.50788	0.13220	1	0.46841	0.29702	1	0.48814	0.21461	1	0.48268	0.53175	11.08897	1.06647	1	0.74464	0.55712	11.68643	1.06647	1	-0.00411	-0.00893	0.66925	0.00229	1	0.06393	-0.01397	0.68212	0.00409	1	1.45898	0.81042	0	
1258631	8488.92285	3305688821780	0.49029	0.25976	8488.80176	0.12109	11567	1	0.50788	0.13220	1	0.46841	0.29702	1	0.48814	0.21461	1	0.48258	0.53168	10.96591	1.06647	1	0.74466	0.55744	12.01287	1.06647	1	-0.00411	-0.00893	0.66925	0.00235	1	0.06393	-0.01397	0.68212	0.00395	1	1.45898	0.81042	0	
1258632	8488.92871	3305688882842	0.48988	0.25755	8488.80176	0.12695	11567	1	0.49405	0.12622	1	0.47036	0.30484	1	0.48220	0.21553	1	0.48248	0.53174	11.28868	1.06647	1	0.74471	0.55725	11.98118	1.06647	1	-0.00411	-0.00893	0.66925	0.00226	1	0.06393	-0.01397	0.68212	0.00404	1	1.45898	0.81042	0	
1258633	8488.93555	3305688953010	0.48987	0.25574	8488.80176	0.13379	11567	1	0.50317	0.12596	1	0.47591	0.31334	1	0.48954	0.21965	1	0.48255	0.53163	11.19440	1.06647	1	0.74475	0.55715	11.94515	1.06647	1	-0.00411	-0.00893	0.66925	0.00228	1	0.06393	-0.01397	0.68212	0.00402	1	1.45898	0.81042	0	
1258634	8488.94238	3305689018639	0.48985	0.25410	8488.80176	0.14062	11567	1	0.50317	0.12596	1	0.47591	0.31334	1	0.48954	0.21965	1	0.48266	0.53170	11.23175	1.06647	1	0.74480	0.55706	11.84327	1.06647	1	-0.00411	-0.00893	0.66925	0.00236	1	0.06393	-0.01397	0.68212	0.00416	1	1.45898	0.81042	0	
1258635	8488.94922	3305689085836	0.48991	0.25208	8488.80176	0.14746	11567	1	0.50347	0.13589	1	0.47872	0.27929	1	0.49110	0.20759	1	0.48258	0.53178	11.15263	1.06647	1	0.74474	0.55678	11.95131	1.06647	1	-0.00411	-0.00893	0.66925	0.00231	1	0.06393	-0.01397	0.68212	0.00422	1	1.45898	0.81042	0	
1258636	8488.95605	3305689154763	0.48993	0.25101	8488.80176	0.15430	11567	1	0.49468	0.12277	1	0.48600	0.32988	1	0.49034	0.22632	1	0.48256	0.53174	11.30906	1.06647	1	0.74492	0.55734	12.10464	1.06647	1	-0.00411	-0.00893	0.66925	0.00228	1	0.06393	-0.01397	0.68212	0.00414	1	1.45898	0.81042	0	
1258637	8488.96289	3305689221440	0.48994	0.25002	8488.80176	0.16113	11567	1	0.49468	0.12277	1	0.48600	0.32988	1	0.49034	0.22632	1	0.48273	0.53167	11.13648	1.06647	1	0.74474	0.55728	12.31269	1.06647	1	-0.00411	-0.00893	0.66925	0.00231	1	0.06393	-0.01397	0.68212	0.00406	1	1.45898	0.81042	0	
1258638	8488.96875	3305689287482	0.49027	0.24795	8488.80176	0.16699	11567	1	0.51487	0.10880	1	0.48216	0.28381	1	0.49852	0.19630	1	0.48277	0.53152	10.94267	1.06647	1	0.74485	0.55701	11.78752	1.06647	1	-0.00411	-0.00893	0.66925	0.00225	1	0.06393	-0.01397	0.68212	0.00422	1	1.45898	0.81042	0	
1258639	8488.97559	3305689355195	0.49065	0.25078	8488.80176	0.17383	11567	1	0.52214	0.35001	1	0.47870	0.29862	1	0.50042	0.32432	1	0.48279	0.53354	10.99885	1.06647	1	0.74483	0.55730	11.77009	1.06647	1	-0.00411	-0.00893	0.66925	0.00355	1	0.06393	-0.01397	0.68212	0.00404	1	1.45898	0.81042	0	
1258640	8488.98242	3305689421011	0.49100	0.25341	8488.80176	0.18066	11567	1	0.52214	0.35001	1	0.47870	0.29862	1	0.50042	0.32432	1	0.48277	0.53149	11.31069	1.06647	1	0.74484	0.55727	11.83648	1.06647	1	-0.00411	-0.00888	0.66925	0.00222	1	0.06393	-0.01397	0.68212	0.00411	1	1.45898	0.81042	0	
1258641	8488.98926	3305689488888	0.49109	0.25246	8488.80176	0.18750	11567	1	0.51237	0.15156	1	0.47530	0.30029	1	0.49383	0.22592	1	0.48271	0.53152	11.03351	1.06647	1	0.74476	0.55703	12.05557	1.06647	1	-0.00411	-0.00888	0.66925	0.00226	1	0.06393	-0.01397	0.68212	0.00419	1	1.45898	0.81042	0	
1258642	8488.99609	3305689556757	0.49121	0.25049	8488.80176	0.19434	11567	1	0.51077	0.09597	1	0.47841	0.29071	1	0.49459	0.19334	1	0.48275	0.53150	10.89738	1.06647	1	0.74477	0.55694	11.60426	1.06647	1	-0.00411	-0.00888	0.66925	0.00224	1	0.06393	-0.01397	0.68212	0.00412	1	1.45898	0.81042	0	
1258643	8489.00293	3305689622482	0.49132	0.24864	8488.80176	0.20117	11567	1	0.51077	0.09597	1	0.47841	0.29071	1	0.49459	0.19334	1	0.48265	0.53153	10.95233	1.06647	1	0.74472	0.55753	12.19280	1.06647	1	-0.00411	-0.00888	0.66925	0.00229	1	0.06393	-0.01397	0.68212	0.00400	1	1.45898	0.81042	0	
1258644	8489.00977	3305689692407	0.49109	0.24802	8488.80176	0.20801	11567	1	0.49559	0.13377	1	0.47265	0.32327	1	0.48412	0.22852	1	0.48257	0.53140	11.27013	1.06647	1	0.74479	0.55732	11.69811	1.06647	1	-0.00411	-0.00888	0.66925	0.00228	1	0.06393	-0.01397	0.68212	0.00421	1	1.45898	0.81042	0	
1258645	8489.01660	3305689757179	0.49117	0.24770	8488.80176	0.21484	11567	1	0.50564	0.14518	1	0.48136	0.33006	1	0.49350	0.23762	1	0.48269	0.53146	11.10406	1.06647	1	0.74488	0.55726	11.78837	1.06647	1	-0.00411	-0.00888	0.66925	0.00229	1	0.06393	-0.01397	0.68212	0.00414	1	1.45898	0.81042	0	
1258646	8489.02246	3305689822543	0.49124	0.24740	8488.80176	0.22070	11567	1	0.50564	0.14518	1	0.48136	0.33006	1	0.49350	0.23762	1	0.48274	0.53151	10.89797	1.06647	1	0.74472	0.55753	12.19280	1.06647	1	-0.00411	-0.00893	0.66925	0.00225	1	0.06393	-0.01397	0.68212	0.00400	1	1.45898	0.81042	0	
1258647	8489.02930	3305689889912	0.49125	0.24617	8488.80176	0.22754	11567	1	0.50249	0.14330	1	0.48074	0.26522	1	0.49162	0.20426	1	0.48274	0.53151	10.89797	1.06647	1	0.74480	0.55679	11.60629	1.06647	1	-0.00411	-0.00893	0.66925	0.00225	1	0.06393	-0.01397	0.68212	0.00410	1	1.45898	0.81042	0	
1258648	8489.03613	3305689957231	0.49137	0.24531	8488.80176	0.23438	11567	1	0.50926	0.09757	1	0.48179	0.33253	1	0.49553	0.21505	1	0.48273	0.53145	10.60976	1.06647	1	0.74492	0.55741	11.86831	1.06647	1	-0.00411	-0.00893	0.66925	0.00227	1	0.06393	-0.01397	0.68212	0.00410	1	1.45898	0.81042	0	
1258649	8489.04297	3305690025782	0.49111	0.24766	8488.80176	0.24121	11567	1	0.50926	0.09757	0	0.48179	0.33253	1	0.48179	0.33253	1	0.48273	0.53145	10.60976	1.06647	0	0.48258	0.53147	10.87277	1.06647	1	-0.00411	-0.00893	0.66925	0.00227	1	-0.00411	-0.00888	0.66925	0.00215	1	1.45898	0.81042	0	
1258650	8489.04980	3305690092163	0.48874	0.24247	8488.80176	0.24805	11567	1	0.50926	0.09757	0	0.40100	0.05009	1	0.40100	0.05009	1	0.48273	0.53145	10.60976	1.06647	0	0.48280	0.53153	10.85497	1.06647	1	-0.00411	-0.00893	0.66925	0.00227	1	-0.00411	-0.00888	0.66925	0.00225	1	1.45898	0.81042	0	
1258651	8489.05664	3305690161541	0.47659	0.20739	8488.80176	0.24805	11567	0	0.50926	0.09757	0	0.39454	0.04613	1	0.39454	0.04613	1	0.48273	0.53145	10.60976	1.06647	0	0.48279	0.53154	10.85139	1.06647	1	-0.00411	-0.00893	0.66925	0.00227	1	-0.00411	-0.00888	0.66925	0.00226	1	1.45898	0.81042	0	
1258652	8489.06348	3305690228597	0.43556	0.12676	8488.80176	0.24805	11567	0	0.50926	0.09757	0	0.39454	0.04613	1	0.39454	0.04613	1	0.48273	0.53145	10.60976	1.06647	0	0.48277	0.53152	10.88535	1.06647	1	-0.00411	-0.00893	0.66925	0.00227	1	-0.00411	-0.00888	0.66925	0.00227	1	1.45898	0.81042	0	
1258653	8489.06934	3305690293034	0.42217	0.10120	8488.80176	0.24805	11567	0	0.50926	0.09757	0	0.39539	0.05007	1	0.39539	0.05007	1	0.48273	0.53145	10.60976	1.06647	0	0.48269	0.53147	10.92325	1.06647	1	-0.00411	-0.00893	0.66925	0.00227	1	-0.00411	-0.00888	0.66925	0.00221	1	1.45898	0.81042	0	
1258654	8489.07715	3305690363075	0.39294	0.05294	8488.80176	0.24805	11567	0	0.50926	0.09757	0	0.38889	0.06262	1	0.38889	0.06262	1	0.48273	0.53145	10.60976	1.06647	0	0.48262	0.53152	10.94845	1.06647	1	-0.00411	-0.00893	0.66925	0.00227	1	-0.00411	-0.00888	0.66925	0.00222	1	1.45898	0.81042	0	
1258655	8489.08398	3305690430246	0.39091	0.05778	8488.80176	0.24805	11567	0	0.50926	0.09757	0	0.38889	0.06262	1	0.38889	0.06262	1	0.48273	0.53145	10.60976	1.06647	0	0.48272	0.53151	10.92791	1.06647	1	-0.00411	-0.00893	0.66925	0.00227	1	-0.00411	-0.00893	0.66925	0.00223	1	1.45898	0.81042	0	
1258656	8489.08984	3305690496979	0.38989	0.05561	8488.80176	0.24805	11567	0	0.50926	0.09757	0	0.38785	0.05127	1	0.38785	0.05127	1	0.48273	0.53145	10.60976	1.06647	0	0.48263	0.53148	10.92549	1.06647	1	-0.00411	-0.00893	0.66925	0.00227	1	-0.00411	-0.00893	0.66925	0.00220	1	1.45898	0.81042	0	
1258657	8489.09668	3305690562626	0.38934	0.05767	8489.07715	0.01953	11568	1	0.50926	0.09757	0	0.38767	0.06384	1	0.38767	0.06384	1	0.48273	0.53145	10.60976	1.06647	0	0.48265	0.53150	10.91697	1.06647	1	-0.00411	-0.00893	0.66925	0.00227	1	-0.00411	-0.00893	0.66925	0.00227	1	1.45898	0.81042	0	
1258658	8489.10352	3305690630646	0.38901	0.05890	8489.07715	0.02637	11568	1	0.50926	0.09757	0	0.38767	0.06384	1	0.38767	0.06384	1	0.48273	0.53145	10.60976	1.06647	0	0.48268	0.53148	10.85726	1.06647	1	-0.00411	-0.00893	0.66925	0.00227	1	-0.00411	-0.00893	0.66925	0.00223	1	1.45898	0.81042	0	
1258659	8489.11035	3305690697785	0.40786	0.08421	8489.07715	0.03320	11568	1	0.51440	0.10251	1	0.48981	0.31896	1	0.50211	0.21074	1	0.48266	0.53147	10.92093	1.06647	1	0.74502	0.55715	11.32556	1.06647	1	-0.00411	-0.00893	0.66925	0.00219	1	-0.00411	-0.00893	0.66925	0.00411	1	1.45898	0.81042	0	
1258660	8489.11719	3305690762507	0.40565	0.07847	8489.07715	0.04004	11568	1	0.51440	0.10251	0	0.39240	0.04404	1	0.39240	0.04404	1	0.48266	0.53147	10.92093	1.06647	0	0.48263	0.53146	10.83550	1.06647	1	-0.00411	-0.00893	0.66925	0.00219	1	-0.00411	-0.00893	0.66925	0.00221	1	1.45898	0.81042	0	
1258661	8489.12402	3305690831666	0.40399	0.07417	8489.07715	0.04688	11568	1	0.51440	0.10251	0	0.39240	0.04404	1	0.39240	0.04404	1	0.48266	0.53147	10.92093	1.06647	0	0.48268	0.53153	10.96962	1.06647	1	-0.00411	-0.00893	0.66925	0.00219	1	-0.00411	-0.00893	0.66925	0.00222	1	1.45898	0.81042	0	
1258662	8489.12988	3305690898613	0.40290	0.07099	8489.07715	0.05273	11568	1	0.51440	0.10251	0	0.39414	0.04561	1	0.39414	0.04561	1	0.48266	0.53147	10.92093	1.06647	0	0.48277	0.53146	10.33441	1.06647	1	-0.00411	-0.00893	0.66925	0.00219	1	-0.00411	-0.00893	0.66925	0.00218	1	1.45898	0.81042	0	
1258663	8489.13672	3305690963639	0.40250	0.06822	8489.07715	0.05957	11568	1	0.51440	0.10251	0	0.39897	0.04329	1	0.39897	0.04329	1	0.48266	0.53147	10.92093	1.06647	0	0.48270	0.53144	10.52870	1.06647	1	-0.00411	-0.00893	0.66925	0.00219	1	-0.00411	-0.00893	0.66925	0.00224	1	1.45898	0.81042	0	
1258664	8489.14355	3305691033009	0.40218	0.06596	8489.07715	0.06641	11568	1	0.51440	0.10251	0	0.39897	0.04329	1	0.39897	0.04329	1	0.48266	0.53147	10.92093	1.06647	0	0.48291	0.53147	10.79566	1.06647	1	-0.00411	-0.00893	0.66925	0.00219	1	-0.00411	-0.00893	0.66925	0.00221	1	1.45898	0.81042	0	
1258665	8489.15039	3305691098813	0.40226	0.06795	8489.07715	0.07324	11568	1	0.51440	0.10251	0	0.40315	0.08983	1	0.40315	0.08983	1	0.48266	0.53147	10.92093	1.06647	0	0.48288	0.53144	10.82450	1.06647	1	-0.00411	-0.00893	0.66925	0.00219	1	-0.00411	-0.00893	0.66925	0.00218	1	1.45898	0.81042	0	
1258666	8489.15723	3305691164308	0.40151	0.06914	8489.07715	0.08008	11568	1	0.51440	0.10251	0	0.39253	0.08349	1	0.39253	0.08349	1	0.48266	0.53147	10.92093	1.06647	0	0.48299	0.53138	10.17869	1.06647	1	-0.00411	-0.00893	0.66925	0.00219	1	-0.00411	-0.00893	0.66925	0.00216	1	1.45898	0.81042	0	
1258667	8489.16406	3305691232545	0.40087	0.07017	8489.07715	0.08691	11568	1	0.51440	0.10251	0	0.39253	0.08349	1	0.39253	0.08349	1	0.48266	0.53147	10.92093	1.06647	0	0.48298	0.53146	10.38025	1.06647	1	-0.00411	-0.00893	0.66925	0.00219	1	-0.00406	-0.00904	0.67712	0.00215	1	1.45898	0.81042	0	
1258668	8489.17090	3305691300199	0.39959	0.07140	8489.07715	0.09375	11568	1	0.51440	0.10251	0	0.38169	0.08871	1	0.38169	0.08871	1	0.48266	0.53147	10.92093	1.06647	0	0.48300	0.53149	10.48863	1.06647	1	-0.00411	-0.00893	0.66925	0.00219	1	-0.00406	-0.00904	0.67712	0.00214	1	1.45898	0.81042	0	
1258669	8489.17676	3305691367027	0.39847	0.07198	8489.07715	0.09961	11568	1	0.51440	0.10251	0	0.38156	0.08069	1	0.38156	0.08069	1	0.48266	0.53147	10.92093	1.06647	0	0.48294	0.53141	10.89947	1.06647	1	-0.00411	-0.00893	0.66925	0.00219	1	-0.00406	-0.00904	0.67712	0.00213	1	1.45898	0.81042	0	
1258670	8489.18359	3305691434165	0.40138	0.07314	8489.07715	0.10645	11568	1	0.51440	0.10251	1	0.38156	0.08069	1	0.44798	0.09160	1	0.48287	0.53150	10.97629	1.06647	1	0.74519	0.55758	11.28313	1.06647	1	-0.00406	-0.00904	0.67712	0.00216	1	0.06291	-0.01372	0.67009	0.00403	1	1.45898	0.81042	0	
1258671	8489.19043	3305691499567	0.40640	0.08314	8489.07715	0.11328	11568	1	0.49768	0.14604	1	0.48591	0.36023	1	0.49179	0.25314	1	0.48291	0.53135	10.67626	1.06647	1	0.74499	0.55768	11.00064	1.06647	1	-0.00406	-0.00904	0.67712	0.00216	1	0.06291	-0.01372	0.67009	0.00400	1	1.45898	0.81042	0	
1258672	8489.19727	3305691568103	0.41049	0.09231	8489.07715	0.12012	11568	1	0.49768	0.14604	1	0.47037	0.36894	1	0.48403	0.25749	1	0.48291	0.53135	10.67626	1.06647	1	0.74503	0.55789	11.32139	1.06647	1	-0.00406	-0.00904	0.67712	0.00216	1	0.06291	-0.01372	0.67009	0.00396	1	1.45898	0.81042	0	
1258673	8489.20410	3305691634475	0.41414	0.10018	8489.07715	0.12695	11568	1	0.49655	0.13721	1	0.47067	0.36185	1	0.48361	0.24953	1	0.48307	0.53144	10.39398	1.07555	1	0.74483	0.55765	10.98414	1.07555	1	-0.00415	-0.00935	0.70064	0.00216	1	0.06291	-0.01372	0.67009	0.00410	1	1.45898	0.81042	0	
1258674	8489.21094	3305691700210	0.41287	0.09887	8489.07715	0.13379	11568	1	0.49655	0.13721	0	0.38739	0.07286	1	0.38739	0.07286	1	0.48307	0.53144	10.39398	1.08464	0	0.48305	0.53150	10.55009	1.08464	1	-0.00415	-0.00935	0.70064	0.00216	1	0.06291	-0.01372	0.67009	0.00217	1	1.45898	0.81042	0	
1258675	8489.21680	3305691765388	0.41931	0.12188	8489.07715	0.13379	11568	0	0.49655	0.13721	0	0.38649	0.06844	1	0.38649	0.06844	1	0.48307	0.53144	10.39398	1.09373	0	0.48307	0.53144	10.39398	1.09373	1	-0.00415	-0.00935	0.70064	0.00216	1	0.06291	-0.01372	0.67009	0.00216	1	1.45898	0.81042	0	
1258676	8489.22363	3305691835925	0.40287	0.09443	8489.07715	0.13379	11568	0	0.49655	0.13721	0	0.38644	0.06698	1	0.38644	0.06698	1	0.48307	0.53144	10.39398	1.10281	0	0.48306	0.53143	10.35167	1.09515	1	-0.00415	-0.00935	0.70064	0.00216	1	-0.00394	-0.00889	0.66596	0.00217	1	1.45898	0.81042	0	
1258677	8489.23047	3305691903231	0.39849	0.08629	8489.07715	0.13379	11568	0	0.49655	0.13721	0	0.38972	0.07000	1	0.38972	0.07000	1	0.48307	0.53144	10.39398	1.09515	0	0.48312	0.53147	10.32828	1.08749	1	-0.00415	-0.00935	0.70064	0.00216	1	-0.00394	-0.00889	0.66596	0.00215	1	1.45898	0.81042	0	
1258678	8489.23730	3305691970207	0.39762	0.08139	8489.21680	0.02051	11569	1	0.49655	0.13721	0	0.39503	0.06671	1	0.39503	0.06671	1	0.48307	0.53144	10.39398	1.08749	0	0.48307	0.53132	10.08209	1.07983	1	-0.00415	-0.00935	0.70064	0.00216	1	-0.00394	-0.00889	0.66596	0.00216	1	1.45898	0.81042	0	
1258679	8489.24414	3305692037320	0.39710	0.07846	8489.21680	0.02734	11569	1	0.49655	0.13721	0	0.39503	0.06671	1	0.39503	0.06671	1	0.48307	0.53144	10.39398	1.07983	0	0.48304	0.53135	10.09624	1.07983	1	-0.00415	-0.00935	0.70064	0.00216	1	-0.00399	-0.00911	0.68243	0.00219	1	1.45898	0.81042	0	
1258680	8489.25098	3305692104693	0.39694	0.07988	8489.21680	0.03418	11569	1	0.49655	0.13721	0	0.39611	0.08700	1	0.39611	0.08700	1	0.48307	0.53144	10.39398	1.07983	0	0.48320	0.53150	10.42117	1.08749	1	-0.00415	-0.00935	0.70064	0.00216	1	-0.00399	-0.00911	0.68243	0.00222	1	1.45898	0.81042	0	
1258681	8489.25684	3305692168055	0.39659	0.07572	8489.21680	0.04004	11569	1	0.49655	0.13721	0	0.39451	0.05075	1	0.39451	0.05075	1	0.48307	0.53144	10.39398	1.08749	0	0.48307	0.53132	10.08209	1.09515	1	-0.00415	-0.00935	0.70064	0.00216	1	-0.00399	-0.00911	0.68243	0.00216	1	1.45898	0.81042	0	
1258682	8489.26465	3305692238480	0.39630	0.07160	8489.21680	0.04785	11569	1	0.49655	0.13721	0	0.39425	0.04277	1	0.39425	0.04277	1	0.48307	0.53144	10.39398	1.09515	0	0.48318	0.53129	10.49389	1.10281	1	-0.00415	-0.00935	0.70064	0.00216	1	-0.00399	-0.00911	0.68243	0.00216	1	1.45898	0.81042	0	
1258683	8489.27051	3305692300700	0.39601	0.06869	8489.21680	0.05371	11569	1	0.49655	0.13721	0	0.39366	0.04544	1	0.39366	0.04544	1	0.48307	0.53144	10.39398	1.10281	0	0.48318	0.53129	10.49389	1.10281	1	-0.00415	-0.00935	0.70064	0.00216	1	-0.00399	-0.00911	0.68243	0.00216	1	1.45898	0.81042	0	
1258684	8489.27734	3305692369414	0.39359	0.06697	8489.21680	0.06055	11569	1	0.49655	0.13721	0	0.37179	0.05146	1	0.37179	0.05146	1	0.48307	0.53144	10.39398	1.10281	0	0.48314	0.53137	10.57911	1.10281	1	-0.00415	-0.00935	0.70064	0.00216	1	-0.00399	-0.00911	0.68243	0.00219	1	1.45898	0.81042	0	
1258685	8489.28418	3305692436192	0.39160	0.06556	8489.21680	0.06738	11569	1	0.49655	0.13721	0	0.37179	0.05146	1	0.37179	0.05146	1	0.48307	0.53144	10.39398	1.10281	0	0.48307	0.53147	10.52624	1.10281	1	-0.00415	-0.00935	0.70064	0.00216	1	-0.00399	-0.00911	0.68243	0.00216	1	1.45898	0.81042	0	
1258686	8489.29102	3305692503985	0.39018	0.06339	8489.21680	0.07422	11569	1	0.49655	0.13721	0	0.37454	0.03956	1	0.37454	0.03956	1	0.48307	0.53144	10.39398	1.10281	0	0.48311	0.53140	10.35824	1.10281	1	-0.00415	-0.00935	0.70064	0.00216	1	-0.00399	-0.00911	0.68243	0.00214	1	1.45898	0.81042	0	
1258687	8489.29785	3305692571439	0.38821	0.06266	8489.21680	0.08105	11569	1	0.49655	0.13721	0	0.36455	0.05386	1	0.36455	0.05386	1	0.48307	0.53144	10.39398	1.10281	0	0.48307	0.53144	10.39398	1.10281	1	-0.00415	-0.00935	0.70064	0.00216	1	-0.00399	-0.00911	0.68243	0.00216	1	1.45898	0.81042	0	
1258688	8489.30469	3305692637731	0.38652	0.06203	8489.21680	0.08789	11569	1	0.49655	0.13721	0	0.36455	0.05386	1	0.36455	0.05386	1	0.48307	0.53144	10.39398	1.10281	0	0.48324	0.53129	10.21974	1.10281	1	-0.00415	-0.00935	0.70064	0.00216	1	-0.00392	-0.00889	0.66996	0.00219	1	1.45898	0.81042	0	
1258689	8489.31152	3305692706206	0.39284	0.07276	8489.21680	0.09473	11569	1	0.49318	0.11339	1	0.46952	0.33253	1	0.48135	0.22296	1	0.48317	0.53133	10.40800	1.10281	1	0.74504	0.55754	10.93594	1.10281	1	-0.00415	-0.00935	0.70064	0.00208	1	-0.00392	-0.00889	0.66996	0.00404	1	1.45898	0.81042	0	
1258690	8489.31738	3305692770744	0.39802	0.08219	8489.21680	0.10059	11569	1	0.48490	0.08970	1	0.46655	0.35761	1	0.47573	0.22366	1	0.48323	0.53120	10.10346	1.10281	1	0.74506	0.55802	11.67560	1.10281	1	-0.00415	-0.00935	0.70064	0.00215	1	-0.00392	-0.00889	0.66996	0.00384	1	1.45898	0.81042	0	
1258691	8489.32422	3305692838792	0.40262	0.09098	8489.21680	0.10742	11569	1	0.48608	0.09871	1	0.46629	0.36456	1	0.47619	0.23163	1	0.48314	0.53126	9.92608	1.09373	1	0.74503	0.55778	11.40209	1.09373	1	-0.00399	-0.00901	0.68243	0.00212	1	0.06403	-0.01394	0.68099	0.00384	1	1.45898	0.81042	0	
1258692	8489.33105	3305692904902	0.40757	0.09838	8489.21680	0.11426	11569	1	0.50610	0.12228	1	0.47726	0.32590	1	0.49168	0.22409	1	0.48332	0.53130	10.40996	1.08464	1	0.74517	0.55757	10.86433	1.08464	1	-0.00399	-0.00901	0.68243	0.00211	1	0.06403	-0.01394	0.68099	0.00400	1	1.45898	0.81042	0	
1258693	8489.33789	3305692975089	0.41128	0.10532	8489.21680	0.12109	11569	1	0.48819	0.12165	1	0.46807	0.33871	1	0.47813	0.23018	1	0.48323	0.53133	10.45895	1.07555	1	0.74505	0.55774	11.13779	1.07555	1	-0.00399	-0.00901	0.68243	0.00214	1	0.06403	-0.01394	0.68099	0.00396	1	1.45898	0.81042	0	
1258694	8489.34473	3305693040466	0.42598	0.14785	8489.21680	0.12109	11569	0	0.48819	0.12165	0	0.46779	0.34599	1	0.46779	0.34599	1	0.48323	0.53133	10.45895	1.06647	0	0.48329	0.53120	10.30285	1.06647	1	-0.00399	-0.00901	0.68243	0.00214	1	-0.00392	-0.00889	0.66996	0.00211	1	1.45898	0.81042	0	
1258695	8489.35156	3305693109486	0.40034	0.09963	8489.21680	0.12109	11569	0	0.48819	0.12165	0	0.37471	0.05141	1	0.37471	0.05141	1	0.48323	0.53133	10.45895	1.06647	0	0.48331	0.53111	10.17695	1.06647	1	-0.00399	-0.00901	0.68243	0.00214	1	-0.00392	-0.00889	0.66996	0.00208	1	1.45898	0.81042	0	
1258696	8489.35840	3305693176638	0.39591	0.09295	8489.21680	0.12109	11569	0	0.48819	0.12165	0	0.38704	0.07959	1	0.38704	0.07959	1	0.48323	0.53133	10.45895	1.06647	0	0.48340	0.53128	10.35968	1.06647	1	-0.00399	-0.00901	0.68243	0.00214	1	-0.00392	-0.00889	0.66996	0.00216	1	1.45898	0.81042	0	
1258697	8489.36523	3305693242982	0.39369	0.08961	8489.34473	0.02051	11570	1	0.48819	0.12165	0	0.38704	0.07959	1	0.38704	0.07959	1	0.48323	0.53133	10.45895	1.06647	0	0.48344	0.53112	9.92854	1.06647	1	-0.00399	-0.00901	0.68243	0.00214	1	-0.00399	-0.00901	0.68243	0.00224	1	1.45898	0.81042	0	
1258698	8489.37109	3305693308483	0.39047	0.09358	8489.34473	0.02637	11570	1	0.48819	0.12165	0	0.37757	0.10948	1	0.37757	0.10948	1	0.48323	0.53133	10.45895	1.06647	0	0.48334	0.53112	10.25063	1.06647	1	-0.00399	-0.00901	0.68243	0.00214	1	-0.00399	-0.00901	0.68243	0.00208	1	1.45898	0.81042	0	
1258699	8489.37793	3305693374358	0.38859	0.09556	8489.34473	0.03320	11570	1	0.48819	0.12165	0	0.37920	0.10544	1	0.37920	0.10544	1	0.48323	0.53133	10.45895	1.06647	0	0.48335	0.53112	10.11790	1.06647	1	-0.00399	-0.00901	0.68243	0.00214	1	-0.00399	-0.00901	0.68243	0.00217	1	1.45898	0.81042	0	
1258700	8489.38477	3305693443635	0.38725	0.09697	8489.34473	0.04004	11570	1	0.48819	0.12165	0	0.37920	0.10544	1	0.37920	0.10544	1	0.48323	0.53133	10.45895	1.06647	0	0.48345	0.53113	10.06278	1.06647	1	-0.00399	-0.00901	0.68243	0.00214	1	-0.00399	-0.00901	0.68243	0.00221	1	1.45898	0.81042	0	
1258701	8489.39160	3305693511950	0.38725	0.09657	8489.34473	0.04688	11570	1	0.48819	0.12165	0	0.38727	0.09374	1	0.38727	0.09374	1	0.48323	0.53133	10.45895	1.06647	0	0.48339	0.53097	10.24683	1.06647	1	-0.00399	-0.00901	0.68243	0.00214	1	-0.00399	-0.00901	0.68243	0.00217	1	1.45898	0.81042	0	
1258702	8489.39844	3305693577561	0.38744	0.09720	8489.34473	0.05371	11570	1	0.48819	0.12165	0	0.38894	0.10227	1	0.38894	0.10227	1	0.48323	0.53133	10.45895	1.06647	0	0.48344	0.53104	10.42486	1.06647	1	-0.00399	-0.00901	0.68243	0.00214	1	-0.00399	-0.00901	0.68243	0.00213	1	1.45898	0.81042	0	
1258703	8489.40527	3305693645154	0.38759	0.09771	8489.34473	0.06055	11570	1	0.48819	0.12165	0	0.38894	0.10227	1	0.38894	0.10227	1	0.48323	0.53133	10.45895	1.06647	0	0.48359	0.53074	10.66768	1.06647	1	-0.00399	-0.00901	0.68243	0.00214	1	-0.00399	-0.00901	0.68243	0.00211	1	1.45898	0.81042	0	
1258704	8489.41113	3305693710932	0.38809	0.09208	8489.34473	0.06641	11570	1	0.48819	0.12165	0	0.39308	0.03580	1	0.39308	0.03580	1	0.48323	0.53133	10.45895	1.06647	0	0.48354	0.53082	10.46278	1.06647	1	-0.00399	-0.00901	0.68243	0.00214	1	-0.00399	-0.00901	0.68243	0.00218	1	1.45898	0.81042	0	
1258705	8489.41797	3305693779614	0.38835	0.09087	8489.34473	0.07324	11570	1	0.48819	0.12165	0	0.39124	0.07756	1	0.39124	0.07756	1	0.48323	0.53133	10.45895	1.06647	0	0.48351	0.53067	10.70312	1.06647	1	-0.00399	-0.00901	0.68243	0.00214	1	-0.00399	-0.00901	0.68243	0.00205	1	1.45898	0.81042	0	
1258706	8489.42480	3305693846081	0.38857	0.08984	8489.34473	0.08008	11570	1	0.48819	0.12165	0	0.39124	0.07756	1	0.39124	0.07756	1	0.48323	0.53133	10.45895	1.06647	0	0.48359	0.53075	10.49357	1.06647	1	-0.00399	-0.00901	0.68243	0.00214	1	-0.00399	-0.00901	0.68243	0.00214	1	1.45898	0.81042	0	
1258707	8489.43164	3305693912934	0.38898	0.08896	8489.34473	0.08691	11570	1	0.48819	0.12165	0	0.39428	0.07742	1	0.39428	0.07742	1	0.48323	0.53133	10.45895	1.06647	0	0.48356	0.53080	10.43858	1.06647	1	-0.00399	-0.00901	0.68243	0.00214	1	-0.00399	-0.00901	0.68243	0.00217	1	1.45898	0.81042	0	
1258708	8489.43848	3305693979979	0.38911	0.08693	8489.34473	0.09375	11570	1	0.48819	0.12165	0	0.39085	0.05850	1	0.39085	0.05850	1	0.48323	0.53133	10.45895	1.06647	0	0.48346	0.53071	10.60210	1.06647	1	-0.00399	-0.00901	0.68243	0.00214	1	-0.00399	-0.00901	0.68243	0.00210	1	1.45898	0.81042	0	
1258709	8489.44531	3305694045645	0.38921	0.08515	8489.34473	0.10059	11570	1	0.48819	0.12165	0	0.39085	0.05850	1	0.39085	0.05850	1	0.48323	0.53133	10.45895	1.06647	0	0.48353	0.53087	10.17705	1.06647	1	-0.00399	-0.00901	0.68243	0.00214	1	-0.00399	-0.00901	0.68243	0.00211	1	1.45898	0.81042	0	
1258710	8489.45215	3305694113272	0.39025	0.08524	8489.34473	0.10742	11570	1	0.48819	0.12165	0	0.40686	0.08671	1	0.40686	0.08671	1	0.48323	0.53133	10.45895	1.06647	0	0.48369	0.53088	10.19695	1.06647	1	-0.00399	-0.00901	0.68243	0.00214	1	-0.00399	-0.00901	0.68243	0.00213	1	1.45898	0.81042	0	
1258711	8489.45801	3305694177701	0.39078	0.08478	8489.34473	0.11328	11570	1	0.48819	0.12165	0	0.39977	0.07690	1	0.39977	0.07690	1	0.48323	0.53133	10.45895	1.06647	0	0.48365	0.53090	10.12041	1.06647	1	-0.00399	-0.00901	0.68243	0.00214	1	-0.00399	-0.00901	0.68243	0.00217	1	1.45898	0.81042	0	
1258712	8489.46484	3305694245312	0.39125	0.08436	8489.34473	0.12012	11570	1	0.48819	0.12165	0	0.39977	0.07690	1	0.39977	0.07690	1	0.48323	0.53133	10.45895	1.06647	0	0.48359	0.53070	10.40745	1.06647	1	-0.00399	-0.00901	0.68243	0.00214	1	-0.00399	-0.00891	0.68243	0.00214	1	1.45898	0.81042	0	
1258713	8489.47168	3305694313857	0.39160	0.08376	8489.34473	0.12695	11570	1	0.48819	0.12165	0	0.39808	0.07232	1	0.39808	0.07232	1	0.48323	0.53133	10.45895	1.06647	0	0.48363	0.53073	10.57112	1.06647	1	-0.00399	-0.00901	0.68243	0.00214	1	-0.00399	-0.00891	0.68243	0.00210	1	1.45898	0.81042	0	
1258714	8489.47852	3305694377579	0.39691	0.09102	8489.34473	0.13379	11570	1	0.50794	0.12907	1	0.49845	0.34321	1	0.50319	0.23614	1	0.48352	0.53069	10.80112	1.06647	1	0.74593	0.55756	11.09359	1.06647	1	-0.00399	-0.00901	0.68243	0.00204	1	-0.00399	-0.00891	0.68243	0.00400	1	1.45898	0.81042	0	
1258715	8489.48535	3305694446261	0.40173	0.09775	8489.34473	0.14062	11570	1	0.50794	0.12907	1	0.49800	0.34939	1	0.50297	0.23923	1	0.48362	0.53075	10.66944	1.06647	1	0.74593	0.55780	11.13766	1.05881	1	-0.00392	-0.00879	0.66996	0.00209	1	0.06183	-0.01345	0.65710	0.00391	1	1.45898	0.81042	0	
1258716	8489.49121	3305694511538	0.40638	0.10496	8489.34473	0.14648	11570	1	0.52139	0.14916	1	0.49572	0.37759	1	0.50855	0.26337	1	0.48367	0.53089	10.17881	1.05881	1	0.74592	0.55788	11.43930	1.05115	1	-0.00392	-0.00879	0.66996	0.00214	1	0.06183	-0.01345	0.65710	0.00391	1	1.45898	0.81042	0	
1258717	8489.49902	3305694580645	0.43245	0.13052	8489.34473	0.14648	11570	0	0.51302	0.12083	1	0.49298	0.36463	1	0.50300	0.24273	1	0.48355	0.53092	10.21184	1.05115	1	0.74590	0.55763	11.09841	1.04349	1	-0.00392	-0.00879	0.66996	0.00212	1	0.06183	-0.01345	0.65710	0.00391	1	1.45898	0.81042	0	
1258718	8489.50488	3305694647030	0.46272	0.24758	8489.34473	0.14648	11570	0	0.51302	0.12083	0	0.49298	0.36463	1	0.49298	0.36463	1	0.48355	0.53092	10.21184	1.04349	0	0.48362	0.53075	10.66944	1.04349	1	-0.00392	-0.00879	0.66996	0.00212	1	-0.00392	-0.00879	0.66996	0.00209	1	1.45898	0.81042	0	
1258719	8489.51172	3305694716605	0.44137	0.19410	8489.34473	0.14648	11570	0	0.51302	0.12083	0	0.39869	0.08716	1	0.39869	0.08716	1	0.48355	0.53092	10.21184	1.04349	0	0.48359	0.53074	10.66768	1.05115	1	-0.00392	-0.00879	0.66996	0.00212	1	-0.00392	-0.00879	0.66996	0.00210	1	1.45898	0.81042	0	
1258720	8489.51855	3305694783592	0.42890	0.16736	8489.49902	0.01953	11571	1	0.51302	0.12083	0	0.39149	0.08711	1	0.39149	0.08711	1	0.48355	0.53092	10.21184	1.05115	0	0.48353	0.53090	10.25223	1.05881	1	-0.00392	-0.00879	0.66996	0.00212	1	-0.00392	-0.00879	0.66996	0.00213	1	1.45898	0.81042	0	
1258721	8489.52539	3305694850554	0.42136	0.14971	8489.49902	0.02637	11571	1	0.51302	0.12083	0	0.39120	0.07912	1	0.39120	0.07912	1	0.48355	0.53092	10.21184	1.05881	0	0.48335	0.53097	10.48656	1.06647	1	-0.00392	-0.00879	0.66996	0.00212	1	-0.00399	-0.00901	0.68243	0.00202	1	1.45898	0.81042	0	
1258722	8489.53223	3305694917428	0.41513	0.14334	8489.49902	0.03320	11571	1	0.51302	0.12083	0	0.38396	0.11152	1	0.38396	0.11152	1	0.48355	0.53092	10.21184	1.06647	0	0.48340	0.53095	10.12964	1.06647	1	-0.00392	-0.00879	0.66996	0.00212	1	-0.00399	-0.00901	0.68243	0.00208	1	1.45898	0.81042	0	
1258723	8489.53906	3305694983903	0.40992	0.13223	8489.49902	0.04004	11571	1	0.51302	0.12083	0	0.37865	0.06557	1	0.37865	0.06557	1	0.48355	0.53092	10.21184	1.06647	0	0.48330	0.53099	10.41926	1.06647	1	-0.00392	-0.00879	0.66996	0.00212	1	-0.00399	-0.00901	0.68243	0.00205	1	1.45898	0.81042	0	
1258724	8489.54590	3305695051894	0.40601	0.12390	8489.49902	0.04688	11571	1	0.51302	0.12083	0	0.37865	0.06557	1	0.37865	0.06557	1	0.48355	0.53092	10.21184	1.06647	0	0.48334	0.53085	10.09823	1.06647	1	-0.00392	-0.00879	0.66996	0.00212	1	-0.00392	-0.00879	0.66996	0.00209	1	1.45898	0.81042	0	
1258725	8489.55273	3305695118690	0.40407	0.11411	8489.49902	0.05371	11571	1	0.51302	0.12083	0	0.38852	0.03576	1	0.38852	0.03576	1	0.48355	0.53092	10.21184	1.06647	0	0.48332	0.53092	10.27227	1.06647	1	-0.00392	-0.00879	0.66996	0.00212	1	-0.00392	-0.00879	0.66996	0.00206	1	1.45898	0.81042	0	
1258726	8489.55859	3305695185477	0.40368	0.11010	8489.49902	0.05957	11571	1	0.51302	0.12083	0	0.40021	0.07408	1	0.40021	0.07408	1	0.48355	0.53092	10.21184	1.06647	0	0.48321	0.53085	9.58838	1.06647	1	-0.00392	-0.00879	0.66996	0.00212	1	-0.00392	-0.00879	0.66996	0.00204	1	1.45898	0.81042	0	
1258727	8489.56543	3305695252508	0.40336	0.10683	8489.49902	0.06641	11571	1	0.51302	0.12083	0	0.40021	0.07408	1	0.40021	0.07408	1	0.48355	0.53092	10.21184	1.06647	0	0.48326	0.53095	9.95762	1.06647	1	-0.00392	-0.00879	0.66996	0.00212	1	-0.00392	-0.00879	0.66996	0.00203	1	1.45898	0.81042	0	
1258728	8489.57227	3305695317844	0.40109	0.10515	8489.49902	0.07324	11571	1	0.51302	0.12083	0	0.37603	0.08666	1	0.37603	0.08666	1	0.48355	0.53092	10.21184	1.06647	0	0.48330	0.53085	9.96474	1.06647	1	-0.00392	-0.00879	0.66996	0.00212	1	-0.00392	-0.00879	0.66996	0.00208	1	1.45898	0.81042	0	
1258729	8489.57910	3305695387435	0.39865	0.09930	8489.49902	0.08008	11571	1	0.51302	0.12083	0	0.36944	0.02907	1	0.36944	0.02907	1	0.48355	0.53092	10.21184	1.06647	0	0.48313	0.53073	10.27619	1.06647	1	-0.00392	-0.00879	0.66996	0.00212	1	-0.00392	-0.00879	0.66996	0.00205	1	1.45898	0.81042	0	
1258730	8489.58594	3305695453070	0.38554	0.06873	8489.49902	0.08008	11571	0	0.51302	0.12083	0	0.36944	0.02907	1	0.36944	0.02907	1	0.48355	0.53092	10.21184	1.06647	0	0.48309	0.53076	10.13338	1.06647	1	-0.00392	-0.00879	0.66996	0.00212	1	-0.00399	-0.00891	0.68243	0.00208	1	1.45898	0.81042	0	
1258731	8489.59277	3305695521242	0.37888	0.06626	8489.49902	0.08008	11571	0	0.51302	0.12083	0	0.37222	0.06379	1	0.37222	0.06379	1	0.48355	0.53092	10.21184	1.06647	0	0.48310	0.53074	10.15158	1.06647	1	-0.00392	-0.00879	0.66996	0.00212	1	-0.00399	-0.00891	0.68243	0.00209	1	1.45898	0.81042	0	
1258732	8489.59961	3305695587917	0.37734	0.07223	8489.49902	0.08008	11571	0	0.51302	0.12083	0	0.37426	0.08418	1	0.37426	0.08418	1	0.48355	0.53092	10.21184	1.06647	0	0.48317	0.53088	10.06890	1.06647	1	-0.00392	-0.00879	0.66996	0.00212	1	-0.00399	-0.00891	0.68243	0.00206	1	1.45898	0.81042	0	
1258733	8489.60547	3305695654221	0.37657	0.07522	8489.58594	0.01953	11572	1	0.51302	0.12083	0	0.37426	0.08418	1	0.37426	0.08418	1	0.48355	0.53092	10.21184	1.06647	0	0.48330	0.53072	9.97647	1.06647	1	-0.00392	-0.00879	0.66996	0.00212	1	-0.00399	-0.00891	0.68243	0.00210	1	1.45898	0.81042	0	
1258734	8489.61230	3305695721338	0.37657	0.07750	8489.58594	0.02637	11572	1	0.51302	0.12083	0	0.37658	0.08663	1	0.37658	0.08663	1	0.48355	0.53092	10.21184	1.06647	0	0.48330	0.53087	10.10380	1.06647	1	-0.00392	-0.00879	0.66996	0.00212	1	-0.00399	-0.00891	0.68243	0.00206	1	1.45898	0.81042	0	
1258735	8489.61914	3305695788436	0.37614	0.07484	8489.58594	0.03320	11572	1	0.51302	0.12083	0	0.37398	0.06155	1	0.37398	0.06155	1	0.48355	0.53092	10.21184	1.06647	0	0.48320	0.53076	9.97770	1.06647	1	-0.00392	-0.00879	0.66996	0.00212	1	-0.00399	-0.00891	0.68243	0.00214	1	1.45898	0.81042	0	
1258736	8489.62598	3305695854956	0.37583	0.07294	8489.58594	0.04004	11572	1	0.51302	0.12083	0	0.37398	0.06155	1	0.37398	0.06155	1	0.48355	0.53092	10.21184	1.06647	0	0.48330	0.53098	10.37325	1.06647	1	-0.00392	-0.00879	0.66996	0.00212	1	-0.00399	-0.00891	0.68243	0.00206	1	1.45898	0.81042	0	
1258737	8489.63281	3305695922297	0.37757	0.07350	8489.58594	0.04688	11572	1	0.51302	0.12083	0	0.38974	0.07743	1	0.38974	0.07743	1	0.48355	0.53092	10.21184	1.06647	0	0.48341	0.53088	10.18117	1.06647	1	-0.00392	-0.00879	0.66996	0.00212	1	-0.00399	-0.00891	0.68243	0.00208	1	1.45898	0.81042	0	
1258738	8489.63965	3305695989305	0.37750	0.07519	8489.58594	0.05371	11572	1	0.51302	0.12083	0	0.37694	0.08867	1	0.37694	0.08867	1	0.48355	0.53092	10.21184	1.06647	0	0.48325	0.53087	10.20682	1.06647	1	-0.00392	-0.00879	0.66996	0.00212	1	-0.00399	-0.00891	0.68243	0.00208	1	1.45898	0.81042	0	
1258739	8489.64648	3305696056104	0.37744	0.07654	8489.58594	0.06055	11572	1	0.51302	0.12083	0	0.37694	0.08867	1	0.37694	0.08867	1	0.48355	0.53092	10.21184	1.06647	0	0.48344	0.53062	10.37934	1.06647	1	-0.00392	-0.00879	0.66996	0.00212	1	-0.00392	-0.00879	0.66996	0.00209	1	1.45898	0.81042	0	
1258740	8489.65234	3305696123208	0.37829	0.07708	8489.58594	0.06641	11572	1	0.51302	0.12083	0	0.38672	0.08254	1	0.38672	0.08254	1	0.48355	0.53092	10.21184	1.06647	0	0.48338	0.53087	9.71481	1.06647	1	-0.00392	-0.00879	0.66996	0.00212	1	-0.00392	-0.00879	0.66996	0.00205	1	1.45898	0.81042	0	
1258741	8489.65918	3305696188355	0.37860	0.07657	8489.58594	0.07324	11572	1	0.51302	0.12083	0	0.38210	0.07090	1	0.38210	0.07090	1	0.48355	0.53092	10.21184	1.06647	0	0.48337	0.53093	10.06039	1.06647	1	-0.00392	-0.00879	0.66996	0.00212	1	-0.00392	-0.00879	0.66996	0.00208	1	1.45898	0.81042	0	
1258742	8489.66602	3305696253021	0.37887	0.07613	8489.58594	0.08008	11572	1	0.51302	0.12083	0	0.38210	0.07090	1	0.38210	0.07090	1	0.48355	0.53092	10.21184	1.06647	0	0.48348	0.53091	10.11141	1.06647	1	-0.00392	-0.00879	0.66996	0.00212	1	-0.00399	-0.00901	0.68243	0.00214	1	1.45898	0.81042	0	
1258743	8489.67285	3305696321339	0.38087	0.07689	8489.58594	0.08691	11572	1	0.51302	0.12083	0	0.40686	0.08671	1	0.40686	0.08671	1	0.48355	0.53092	10.21184	1.06647	0	0.48369	0.53088	10.19695	1.06647	1	-0.00392	-0.00879	0.66996	0.00212	1	-0.00399	-0.00901	0.68243	0.00212	1	1.45898	0.81042	0	
1258744	8489.67969	3305696391428	0.38236	0.07765	8489.58594	0.09375	11572	1	0.51302	0.12083	0	0.40324	0.08832	1	0.40324	0.08832	1	0.48355	0.53092	10.21184	1.06647	0	0.48367	0.53089	10.17881	1.06647	1	-0.00392	-0.00879	0.66996	0.00212	1	-0.00399	-0.00901	0.68243	0.00214	1	1.45898	0.81042	0	
1258745	8489.68652	3305696458847	0.38367	0.07832	8489.58594	0.10059	11572	1	0.51302	0.12083	0	0.40324	0.08832	1	0.40324	0.08832	1	0.48355	0.53092	10.21184	1.06647	0	0.48363	0.53100	10.10625	1.06647	1	-0.00392	-0.00879	0.66996	0.00212	1	-0.00392	-0.00879	0.66996	0.00218	1	1.45898	0.81042	0	
1258746	8489.69336	3305696524703	0.38493	0.07915	8489.58594	0.10742	11572	1	0.51302	0.12083	0	0.40510	0.09251	1	0.40510	0.09251	1	0.48355	0.53092	10.21184	1.06647	0	0.48362	0.53093	10.16168	1.06647	1	-0.00392	-0.00879	0.66996	0.00212	1	-0.00392	-0.00879	0.66996	0.00218	1	1.45898	0.81042	0	
1258747	8489.69922	3305696588921	0.38595	0.07734	8489.58594	0.11328	11572	1	0.51302	0.12083	0	0.40325	0.04657	1	0.40325	0.04657	1	0.48355	0.53092	10.21184	1.06647	0	0.48367	0.53103	10.05059	1.06647	1	-0.00392	-0.00879	0.66996	0.00212	1	-0.00392	-0.00879	0.66996	0.00207	1	1.45898	0.81042	0	
1258748	8489.70605	3305696655794	0.38686	0.07572	8489.58594	0.12012	11572	1	0.51302	0.12083	0	0.40325	0.04657	1	0.40325	0.04657	1	0.48355	0.53092	10.21184	1.06647	0	0.48365	0.53102	10.07831	1.06647	1	-0.00392	-0.00879	0.66996	0.00212	1	-0.00399	-0.00901	0.68243	0.00207	1	1.45898	0.81042	0	
1258749	8489.71289	3305696723598	0.38768	0.07426	8489.58594	0.12695	11572	1	0.51302	0.12083	0	0.40325	0.04657	1	0.40325	0.04657	1	0.48355	0.53092	10.21184	1.06647	0	0.48367	0.53103	10.05059	1.06647	1	-0.00392	-0.00879	0.66996	0.00212	1	-0.00399	-0.00901	0.68243	0.00207	1	1.45898	0.81042	0	
1258750	8489.71973	3305696789546	0.38753	0.07498	8489.58594	0.13379	11572	1	0.51302	0.12083	0	0.38452	0.08928	1	0.38452	0.08928	1	0.48355	0.53092	10.21184	1.06647	0	0.48375	0.53090	10.17566	1.06647	1	-0.00392	-0.00879	0.66996	0.00212	1	-0.00399	-0.00901	0.68243	0.00209	1	1.45898	0.81042	0	
1258751	8489.72656	3305696859186	0.38739	0.07563	8489.58594	0.14062	11572	1	0.51302	0.12083	0	0.38452	0.08928	1	0.38452	0.08928	1	0.48355	0.53092	10.21184	1.06647	0	0.48377	0.53093	10.47188	1.06647	1	-0.00392	-0.00879	0.66996	0.00212	1	-0.00399	-0.00901	0.68243	0.00209	1	1.45898	0.81042	0	
1258752	8489.73340	3305696927157	0.38720	0.07636	8489.58594	0.14746	11572	1	0.51302	0.12083	0	0.38298	0.09241	1	0.38298	0.09241	1	0.48355	0.53092	10.21184	1.06647	0	0.48378	0.53097	10.61553	1.06647	1	-0.00392	-0.00879	0.66996	0.00212	1	-0.00399	-0.00901	0.68243	0.00207	1	1.45898	0.81042	0	
1258753	8489.74023	3305696993860	0.38708	0.07573	8489.58594	0.15430	11572	1	0.51302	0.12083	0	0.38441	0.06134	1	0.38441	0.06134	1	0.48355	0.53092	10.21184	1.06647	0	0.48373	0.53106	10.15837	1.06647	1	-0.00392	-0.00879	0.66996	0.00212	1	-0.00399	-0.00901	0.68243	0.00210	1	1.45898	0.81042	0	
1258754	8489.74707	3305697061022	0.38698	0.07516	8489.58594	0.16113	11572	1	0.51302	0.12083	0	0.38441	0.06134	1	0.38441	0.06134	1	0.48355	0.53092	10.21184	1.06647	0	0.48380	0.53093	10.56319	1.06647	1	-0.00392	-0.00879	0.66996	0.00212	1	-0.00399	-0.00901	0.68243	0.00202	1	1.45898	0.81042	0	
1258755	8489.75293	3305697128394	0.38723	0.07464	8489.58594	0.16699	11572	1	0.51302	0.12083	0	0.39348	0.06163	1	0.39348	0.06163	1	0.48355	0.53092	10.21184	1.06647	0	0.48383	0.53120	10.23314	1.06647	1	-0.00392	-0.00879	0.66996	0.00212	1	-0.00399	-0.00901	0.68243	0.00205	1	1.45898	0.81042	0	
1258756	8489.75977	3305697194742	0.38706	0.07373	8489.58594	0.17383	11572	1	0.51302	0.12083	0	0.38260	0.05006	1	0.38260	0.05006	1	0.48355	0.53092	10.21184	1.06647	0	0.48372	0.53090	10.26175	1.06647	1	-0.00392	-0.00879	0.66996	0.00212	1	-0.00399	-0.00901	0.68243	0.00209	1	1.45898	0.81042	0	
1258757	8489.76660	3305697260955	0.38923	0.07427	8489.58594	0.18066	11572	1	0.51300	0.12065	1	0.38290	0.05697	1	0.44795	0.08881	1	0.48371	0.53102	9.96859	1.05133	1	0.74584	0.55797	11.41793	1.06001	1	-0.00368	-0.00853	0.64652	0.00212	1	0.06648	-0.01444	0.70533	0.00391	1	1.45898	0.81042	0	
1258758	8489.77344	3305697329557	0.39327	0.08054	8489.58594	0.18750	11572	1	0.50993	0.13689	1	0.50295	0.37544	1	0.50644	0.25616	1	0.48387	0.53107	10.46016	1.04486	1	0.74603	0.55768	11.15765	1.05354	1	-0.00368	-0.00853	0.64652	0.00202	1	0.06648	-0.01444	0.70533	0.00394	1	1.45898	0.81042	0	
1258759	8489.78027	3305697396427	0.39704	0.08627	8489.58594	0.19434	11572	1	0.50925	0.14168	1	0.50308	0.36352	1	0.50617	0.25260	1	0.48389	0.53115	10.03198	1.03840	1	0.74602	0.55759	11.17432	1.04708	1	-0.00368	-0.00853	0.64652	0.00205	1	0.06648	-0.01444	0.70533	0.00392	1	1.45898	0.81042	0	
1258760	8489.78711	3305697462849	0.42220	0.11550	8489.58594	0.19434	11572	0	0.50715	0.12389	1	0.50421	0.34926	1	0.50568	0.23658	1	0.48386	0.53124	9.99315	1.05617	1	0.74604	0.55742	11.02538	1.06485	1	-0.00402	-0.00943	0.71458	0.00203	1	0.06648	-0.01444	0.70533	0.00400	1	1.45898	0.81042	0	
1258761	8489.79395	3305697529748	0.46573	0.16660	8489.58594	0.19434	11572	0	0.51594	0.10644	1	0.50256	0.32894	1	0.50925	0.21769	1	0.48391	0.53121	10.19667	1.08908	1	0.74597	0.55757	10.99388	1.08908	1	-0.00402	-0.00943	0.71458	0.00205	1	0.06648	-0.01444	0.70533	0.00403	1	1.45898	0.81042	0	
1258762	8489.79980	3305697596690	0.47810	0.17225	8489.58594	0.19434	11572	0	0.50703	0.05904	1	0.49864	0.30807	1	0.50283	0.18356	1	0.48394	0.53096	10.25817	1.11331	1	0.74591	0.55763	11.25371	1.11331	1	-0.00402	-0.00943	0.71458	0.00211	1	0.06648	-0.01444	0.70533	0.00395	1	1.45898	0.81042	0	
1258763	8489.80664	3305697663857	0.50483	0.19036	8489.58594	0.19434	11572	0	0.50534	0.04377	1	0.49948	0.29589	1	0.50241	0.16983	1	0.48382	0.53091	10.50598	1.12845	1	0.74606	0.55754	10.86348	1.12845	1	-0.00380	-0.00904	0.68504	0.00211	1	0.06648	-0.01444	0.70533	0.00398	1	1.45898	0.81042	0	
1258764	8489.81348	3305697729787	0.49499	0.19488	8489.58594	0.19434	11572	0	0.50369	0.04793	1	0.46662	0.35089	1	0.48516	0.19941	1	0.48399	0.53093	10.36599	1.11936	1	0.74581	0.55804	11.30486	1.11936	1	-0.00380	-0.00904	0.68504	0.00207	1	0.06648	-0.01444	0.70533	0.00393	1	1.45898	0.81042	0	
1258765	8489.82031	3305697797549	0.48946	0.19403	8489.58594	0.19434	11572	0	0.48573	0.06196	1	0.47104	0.32270	1	0.47839	0.19233	1	0.48401	0.53106	10.08102	1.11028	1	0.74585	0.55775	10.99485	1.11028	1	-0.00380	-0.00904	0.68504	0.00206	1	0.06648	-0.01444	0.70533	0.00404	1	1.45898	0.81042	0	
1258766	8489.82715	3305697865222	0.48471	0.22971	8489.80664	0.02051	11573	1	0.48573	0.06196	0	0.47047	0.33676	1	0.47047	0.33676	1	0.48401	0.53106	10.08102	1.10119	0	0.48406	0.53111	10.21856	1.09251	1	-0.00380	-0.00904	0.68504	0.00206	1	-0.00380	-0.00904	0.68504	0.00206	1	1.45898	0.81042	0	
1258767	8489.83398	3305697931429	0.46225	0.18863	8489.80664	0.02734	11573	1	0.48573	0.06196	0	0.37239	0.02432	1	0.37239	0.02432	1	0.48401	0.53106	10.08102	1.09251	0	0.48393	0.53095	10.19815	1.08383	1	-0.00380	-0.00904	0.68504	0.00206	1	-0.00380	-0.00904	0.68504	0.00209	1	1.45898	0.81042	0	
1258768	8489.83984	3305697998424	0.44722	0.16280	8489.80664	0.03320	11573	1	0.48573	0.06196	0	0.37211	0.03364	1	0.37211	0.03364	1	0.48401	0.53106	10.08102	1.08383	0	0.48395	0.53095	10.25832	1.07515	1	-0.00380	-0.00904	0.68504	0.00206	1	-0.00380	-0.00904	0.68504	0.00210	1	1.45898	0.81042	0	
1258769	8489.84668	3305698065885	0.43656	0.14568	8489.80664	0.04004	11573	1	0.48573	0.06196	0	0.37258	0.04296	1	0.37258	0.04296	1	0.48401	0.53106	10.08102	1.07515	0	0.48405	0.53100	10.33091	1.06647	1	-0.00380	-0.00904	0.68504	0.00206	1	-0.00380	-0.00904	0.68504	0.00212	1	1.45898	0.81042	0	
1258770	8489.85352	3305698132399	0.42945	0.13311	8489.80664	0.04688	11573	1	0.48573	0.06196	0	0.37970	0.04507	1	0.37970	0.04507	1	0.48401	0.53106	10.08102	1.06647	0	0.48398	0.53091	10.45148	1.06647	1	-0.00380	-0.00904	0.68504	0.00206	1	-0.00380	-0.00904	0.68504	0.00211	1	1.45898	0.81042	0	
1258771	8489.86035	3305698199567	0.42439	0.12230	8489.80664	0.05371	11573	1	0.48573	0.06196	0	0.38385	0.03581	1	0.38385	0.03581	1	0.48401	0.53106	10.08102	1.06647	0	0.48408	0.53094	10.32489	1.06647	1	-0.00380	-0.00904	0.68504	0.00206	1	-0.00380	-0.00904	0.68504	0.00210	1	1.45898	0.81042	0	
1258772	8489.86719	3305698266982	0.42033	0.11365	8489.80664	0.06055	11573	1	0.48573	0.06196	0	0.38385	0.03581	1	0.38385	0.03581	1	0.48401	0.53106	10.08102	1.06647	0	0.48409	0.53095	10.37736	1.06647	1	-0.00380	-0.00904	0.68504	0.00206	1	-0.00380	-0.00904	0.68504	0.00209	1	1.45898	0.81042	0	
1258773	8489.87402	3305698331292	0.41675	0.10739	8489.80664	0.06738	11573	1	0.48573	0.06196	0	0.38091	0.04482	1	0.38091	0.04482	1	0.48401	0.53106	10.08102	1.06647	0	0.48411	0.53098	10.10442	1.06647	1	-0.00380	-0.00904	0.68504	0.00206	1	-0.00380	-0.00904	0.68504	0.00211	1	1.45898	0.81042	0	
1258774	8489.88086	3305698399255	0.41312	0.10508	8489.80664	0.07422	11573	1	0.48573	0.06196	0	0.37326	0.07972	1	0.37326	0.07972	1	0.48401	0.53106	10.08102	1.06647	0	0.48404	0.53092	10.61382	1.06647	1	-0.00380	-0.00904	0.68504	0.00206	1	-0.00380	-0.00904	0.68504	0.00209	1	1.45898	0.81042	0	
1258775	8489.88770	3305698467522	0.41006	0.10313	8489.80664	0.08105	11573	1	0.48573	0.06196	0	0.37326	0.07972	1	0.37326	0.07972	1	0.48401	0.53106	10.08102	1.06647	0	0.48407	0.53083	10.45835	1.06647	1	-0.00380	-0.00904	0.68504	0.00206	1	-0.00380	-0.00904	0.68504	0.00207	1	1.45898	0.81042	0	
1258776	8489.89355	3305698534503	0.40809	0.09946	8489.80664	0.08691	11573	1	0.48573	0.06196	0	0.38256	0.05171	1	0.38256	0.05171	1	0.48401	0.53106	10.08102	1.06647	0	0.48421	0.53108	10.02633	1.06647	1	-0.00380	-0.00904	0.68504	0.00206	1	-0.00380	-0.00904	0.68504	0.00215	1	1.45898	0.81042	0	
1258777	8489.90039	3305698601148	0.38580	0.07307	8489.80664	0.08691	11573	0	0.48573	0.06196	0	0.38470	0.06654	1	0.38470	0.06654	1	0.48401	0.53106	10.08102	1.06647	0	0.48411	0.53106	10.06581	1.06647	1	-0.00380	-0.00904	0.68504	0.00206	1	-0.00380	-0.00904	0.68504	0.00210	1	1.45898	0.81042	0	
1258778	8489.90723	3305698668697	0.38525	0.06980	8489.80664	0.08691	11573	0	0.48573	0.06196	0	0.38470	0.06654	1	0.38470	0.06654	1	0.48401	0.53106	10.08102	1.06647	0	0.48409	0.53096	10.41841	1.06647	1	-0.00380	-0.00904	0.68504	0.00206	1	-0.00380	-0.00904	0.68504	0.00208	1	1.45898	0.81042	0	
1258779	8489.91406	3305698735601	0.38465	0.06395	8489.80664	0.08691	11573	0	0.48573	0.06196	0	0.38344	0.05223	1	0.38344	0.05223	1	0.48401	0.53106	10.08102	1.06647	0	0.48408	0.53110	10.35824	1.06647	1	-0.00380	-0.00904	0.68504	0.00206	1	-0.00380	-0.00904	0.68504	0.00214	1	1.45898	0.81042	0	
1258780	8489.92090	3305698801607	0.38811	0.06106	8489.90039	0.02051	11574	1	0.48573	0.06196	0	0.39849	0.05238	1	0.39849	0.05238	1	0.48401	0.53106	10.08102	1.06647	0	0.48407	0.53093	10.36153	1.06647	1	-0.00380	-0.00904	0.68504	0.00206	1	-0.00380	-0.00904	0.68504	0.00218	1	1.45898	0.81042	0	
1258781	8489.92773	3305698870001	0.39947	0.06470	8489.90039	0.02734	11574	1	0.49135	0.10620	1	0.39849	0.05238	1	0.44492	0.07929	1	0.48408	0.53091	10.29842	1.06647	1	0.74591	0.55790	11.32985	1.06647	1	-0.00380	-0.00904	0.68504	0.00219	1	0.06485	-0.01410	0.68858	0.00395	1	1.45898	0.81042	0	
1258782	8489.93457	3305698936372	0.41467	0.09877	8489.90039	0.03418	11574	1	0.50066	0.13258	1	0.48073	0.40565	1	0.49069	0.26912	1	0.48420	0.53130	9.99138	1.06647	1	0.74567	0.55826	11.57736	1.06647	1	-0.00380	-0.00904	0.68504	0.00215	1	0.06485	-0.01410	0.68858	0.00367	1	1.45898	0.81042	0	
1258783	8489.94043	3305699003463	0.40999	0.09593	8489.90039	0.04004	11574	1	0.50066	0.13258	0	0.38189	0.07891	1	0.38189	0.07891	1	0.48420	0.53130	9.99138	1.06647	0	0.48406	0.53114	9.87731	1.06647	1	-0.00380	-0.00904	0.68504	0.00215	1	0.06485	-0.01410	0.68858	0.00203	1	1.45898	0.81042	0	
1258784	8489.94727	3305699070611	0.40999	0.09593	8489.90039	0.04688	11574	1	0.50066	0.13258	0	0.38189	0.07891	0	0.38189	0.07891	0	0.48420	0.53130	9.99138	1.06647	0	0.48406	0.53114	9.87731	1.06647	0	-0.00380	-0.00904	0.68504	0.00215	1	0.06485	-0.01410	0.68858	0.00203	1	1.45898	0.81042	0	
1258785	8489.95410	3305699137354	0.40999	0.09593	8489.90039	0.05371	11574	1	0.50066	0.13258	0	0.38189	0.07891	0	0.38189	0.07891	0	0.48420	0.53130	9.99138	1.06647	0	0.48406	0.53114	9.87731	1.06647	0	-0.00380	-0.00904	0.68504	0.00215	1	0.06485	-0.01410	0.68858	0.00203	1	1.45898	0.81042	0	
1258786	8489.96094	3305699204621	0.40999	0.09593	8489.90039	0.06055	11574	1	0.50066	0.13258	0	0.38189	0.07891	0	0.38189	0.07891	0	0.48420	0.53130	9.99138	1.06647	0	0.48406	0.53114	9.87731	1.06647	0	-0.00380	-0.00904	0.68504	0.00215	1	0.06485	-0.01410	0.68858	0.00203	1	1.45898	0.81042	0	
1258787	8489.96777	3305699269526	0.41402	0.09974	8489.90039	0.06055	11574	0	0.50066	0.13258	0	0.38189	0.07891	0	0.38189	0.07891	0	0.48420	0.53130	9.99138	1.06647	0	0.48406	0.53114	9.87731	1.06647	0	-0.00380	-0.00904	0.68504	0.00215	1	0.06485	-0.01410	0.68858	0.00203	1	1.45898	0.81042	0	
1258788	8489.97461	3305699338593	0.41402	0.09974	8489.90039	0.06055	11574	0	0.50066	0.13258	0	0.38189	0.07891	0	0.38189	0.07891	0	0.48420	0.53130	9.99138	1.06647	0	0.48406	0.53114	9.87731	1.06647	0	-0.00380	-0.00904	0.68504	0.00215	1	0.06485	-0.01410	0.68858	0.00203	1	1.45898	0.81042	0	
1258789	8489.98145	3305699405037	0.41402	0.09974	8489.90039	0.06055	11574	0	0.50066	0.13258	0	0.38189	0.07891	0	0.38189	0.07891	0	0.48420	0.53130	9.99138	1.06647	0	0.48406	0.53114	9.87731	1.06647	0	-0.00380	-0.00904	0.68504	0.00215	1	0.06485	-0.01410	0.68858	0.00203	1	1.45898	0.81042	0	
1258790	8489.98730	3305699472390	0.00000	0.00000	8489.90039	0.06055	11574	0	0.50066	0.13258	0	0.38189	0.07891	0	0.38189	0.07891	0	0.48420	0.53130	9.99138	1.06647	0	0.48406	0.53114	9.87731	1.06647	0	-0.00380	-0.00904	0.68504	0.00215	1	0.06485	-0.01410	0.68858	0.00203	1	1.45898	0.81042	0	
1258791	8489.99414	3305699539428	0.00000	0.00000	8489.90039	0.06055	11574	0	0.50066	0.13258	0	0.38189	0.07891	0	0.38189	0.07891	0	0.48420	0.53130	9.99138	1.06647	0	0.48406	0.53114	9.87731	1.06647	0	-0.00380	-0.00904	0.68504	0.00215	1	0.06485	-0.01410	0.68858	0.00203	1	1.45898	0.81042	0	
1258792	8490.00098	3305699604848	0.00000	0.00000	8489.90039	0.06055	11574	0	0.50066	0.13258	0	0.38189	0.07891	0	0.38189	0.07891	0	0.48420	0.53130	9.99138	1.06647	0	0.48406	0.53114	9.87731	1.06647	0	-0.00380	-0.00904	0.68504	0.00215	1	0.06485	-0.01410	0.68858	0.00203	1	1.45898	0.81042	0	
1258793	8490.00781	3305699673268	0.00000	0.00000	8489.90039	0.06055	11574	0	0.50066	0.13258	0	0.38189	0.07891	0	0.38189	0.07891	0	0.48420	0.53130	9.99138	1.06647	0	0.48406	0.53114	9.87731	1.06647	0	-0.00380	-0.00904	0.68504	0.00215	1	0.06485	-0.01410	0.68858	0.00203	1	1.45898	0.81042	0	
1258794	8490.01465	3305699739777	0.00000	0.00000	8489.90039	0.06055	11574	0	0.50066	0.13258	0	0.38189	0.07891	0	0.38189	0.07891	0	0.48420	0.53130	9.99138	1.06647	0	0.48406	0.53114	9.87731	1.06647	0	-0.00380	-0.00904	0.68504	0.00215	1	0.06485	-0.01410	0.68858	0.00203	1	1.45898	0.81042	0	
1258795	8490.02148	3305699807413	0.00000	0.00000	8489.90039	0.06055	11574	0	0.50066	0.13258	0	0.38189	0.07891	0	0.38189	0.07891	0	0.48420	0.53130	9.99138	1.06647	0	0.48406	0.53114	9.87731	1.06647	0	-0.00380	-0.00904	0.68504	0.00215	1	0.06485	-0.01410	0.68858	0.00203	1	1.45898	0.81042	0	
1258796	8490.02832	3305699874103	0.00000	0.00000	8489.90039	0.06055	11574	0	0.50066	0.13258	0	0.38189	0.07891	0	0.38189	0.07891	0	0.48420	0.53130	9.99138	1.06647	0	0.48406	0.53114	9.87731	1.06647	0	-0.00380	-0.00904	0.68504	0.00215	1	0.06485	-0.01410	0.68858	0.00203	1	1.45898	0.81042	0	
1258797	8490.03418	3305699941236	0.00000	0.00000	8489.90039	0.06055	11574	0	0.50066	0.13258	0	0.38189	0.07891	0	0.38189	0.07891	0	0.48420	0.53130	9.99138	1.06647	0	0.48406	0.53114	9.87731	1.06647	0	-0.00380	-0.00904	0.68504	0.00215	1	0.06485	-0.01410	0.68858	0.00203	1	1.45898	0.81042	0	
1258798	8490.04102	3305700007960	0.00000	0.00000	8489.90039	0.06055	11574	0	0.50066	0.13258	0	0.38189	0.07891	0	0.38189	0.07891	0	0.48420	0.53130	9.99138	1.06647	0	0.48406	0.53114	9.87731	1.06647	0	-0.00380	-0.00904	0.68504	0.00215	1	0.06485	-0.01410	0.68858	0.00203	1	1.45898	0.81042	0	
1258799	8490.04785	3305700075920	0.00000	0.00000	8489.90039	0.06055	11574	0	0.50066	0.13258	0	0.38189	0.07891	0	0.38189	0.07891	0	0.48420	0.53130	9.99138	1.06647	0	0.48406	0.53114	9.87731	1.06647	0	-0.00380	-0.00904	0.68504	0.00215	1	0.06485	-0.01410	0.68858	0.00203	1	1.45898	0.81042	0	
1258800	8490.05469	3305700142032	0.00000	0.00000	8489.90039	0.06055	11574	0	0.50066	0.13258	0	0.38189	0.07891	0	0.38189	0.07891	0	0.48420	0.53130	9.99138	1.06647	0	0.48406	0.53114	9.87731	1.06647	0	-0.00380	-0.00904	0.68504	0.00215	1	0.06485	-0.01410	0.68858	0.00203	1	1.45898	0.81042	0	
1258801	8490.06152	3305700209181	0.00000	0.00000	8489.90039	0.06055	11574	0	0.50066	0.13258	0	0.38189	0.07891	0	0.38189	0.07891	0	0.48420	0.53130	9.99138	1.06647	0	0.48406	0.53114	9.87731	1.06647	0	-0.00380	-0.00904	0.68504	0.00215	1	0.06485	-0.01410	0.68858	0.00203	1	1.45898	0.81042	0	
1258802	8490.06836	3305700274307	0.00000	0.00000	8489.90039	0.06055	11574	0	0.50066	0.13258	0	0.38189	0.07891	0	0.38189	0.07891	0	0.48420	0.53130	9.99138	1.06647	0	0.48406	0.53114	9.87731	1.06647	0	-0.00380	-0.00904	0.68504	0.00215	1	0.06485	-0.01410	0.68858	0.00203	1	1.45898	0.81042	0	
1258803	8490.07422	3305700339810	0.00000	0.00000	8489.90039	0.06055	11574	0	0.50066	0.13258	0	0.38189	0.07891	0	0.38189	0.07891	0	0.48420	0.53130	9.99138	1.06647	0	0.48406	0.53114	9.87731	1.06647	0	-0.00380	-0.00904	0.68504	0.00215	1	0.06485	-0.01410	0.68858	0.00203	1	1.45898	0.81042	0	
1258804	8490.08105	3305700408130	0.00000	0.00000	8489.90039	0.06055	11574	0	0.50066	0.13258	0	0.38189	0.07891	0	0.38189	0.07891	0	0.48420	0.53130	9.99138	1.06647	0	0.48406	0.53114	9.87731	1.06647	0	-0.00380	-0.00904	0.68504	0.00215	1	0.06485	-0.01410	0.68858	0.00203	1	1.45898	0.81042	0	
1258805	8490.08789	3305700474443	0.00000	0.00000	8489.90039	0.06055	11574	0	0.50066	0.13258	0	0.38189	0.07891	0	0.38189	0.07891	0	0.48420	0.53130	9.99138	1.06647	0	0.48406	0.53114	9.87731	1.06647	0	-0.00380	-0.00904	0.68504	0.00215	1	0.06485	-0.01410	0.68858	0.00203	1	1.45898	0.81042	0	
1258806	8490.09473	3305700541213	0.00000	0.00000	8489.90039	0.06055	11574	0	0.50066	0.13258	0	0.38189	0.07891	0	0.38189	0.07891	0	0.48420	0.53130	9.99138	1.06647	0	0.48406	0.53114	9.87731	1.06647	0	-0.00380	-0.00904	0.68504	0.00215	1	0.06485	-0.01410	0.68858	0.00203	1	1.45898	0.81042	0	
1258807	8490.10156	3305700609348	0.00000	0.00000	8489.90039	0.06055	11574	0	0.50066	0.13258	0	0.38189	0.07891	0	0.38189	0.07891	0	0.48420	0.53130	9.99138	1.06647	0	0.48406	0.53114	9.87731	1.06647	0	-0.00380	-0.00904	0.68504	0.00215	1	0.06485	-0.01410	0.68858	0.00203	1	1.45898	0.81042	0	
1258808	8490.10840	3305700674602	0.00000	0.00000	8489.90039	0.06055	11574	0	0.50066	0.13258	0	0.38189	0.07891	0	0.38189	0.07891	0	0.48420	0.53130	9.99138	1.06647	0	0.48406	0.53114	9.87731	1.06647	0	-0.00380	-0.00904	0.68504	0.00215	1	0.06485	-0.01410	0.68858	0.00203	1	1.45898	0.81042	0	
1258809	8490.11523	3305700742703	0.00000	0.00000	8489.90039	0.06055	11574	0	0.50066	0.13258	0	0.38189	0.07891	0	0.38189	0.07891	0	0.48420	0.53130	9.99138	1.06647	0	0.48406	0.53114	9.87731	1.06647	0	-0.00380	-0.00904	0.68504	0.00215	1	0.06485	-0.01410	0.68858	0.00203	1	1.45898	0.81042	0	
1258810	8490.12207	3305700812115	0.00000	0.00000	8489.90039	0.06055	11574	0	0.50066	0.13258	0	0.38189	0.07891	0	0.38189	0.07891	0	0.48420	0.53130	9.99138	1.06647	0	0.48406	0.53114	9.87731	1.06647	0	-0.00380	-0.00904	0.68504	0.00215	1	0.06485	-0.01410	0.68858	0.00203	1	1.45898	0.81042	0	
1258811	8490.12793	3305700876982	0.00000	0.00000	8489.90039	0.06055	11574	0	0.50066	0.13258	0	0.38189	0.07891	0	0.38189	0.07891	0	0.48420	0.53130	9.99138	1.06647	0	0.48406	0.53114	9.87731	1.06647	0	-0.00380	-0.00904	0.68504	0.00215	1	0.06485	-0.01410	0.68858	0.00203	1	1.45898	0.81042	0	
1258812	8490.13477	3305700944934	0.00000	0.00000	8489.90039	0.06055	11574	0	0.50066	0.13258	0	0.38189	0.07891	0	0.38189	0.07891	0	0.48420	0.53130	9.99138	1.06647	0	0.48406	0.53114	9.87731	1.06647	0	-0.00380	-0.00904	0.68504	0.00215	1	0.06485	-0.01410	0.68858	0.00203	1	1.45898	0.81042	0	
1258813	8490.14160	3305701012886	0.00000	0.00000	8489.90039	0.06055	11574	0	0.50066	0.13258	0	0.38189	0.07891	0	0.38189	0.07891	0	0.48420	0.53130	9.99138	1.06647	0	0.48406	0.53114	9.87731	1.06647	0	-0.00380	-0.00904	0.68504	0.00215	1	0.06485	-0.01410	0.68858	0.00203	1	1.45898	0.81042	0	
1258814	8490.14844	3305701077204	0.00000	0.00000	8489.90039	0.06055	11574	0	0.50066	0.13258	0	0.38189	0.07891	0	0.38189	0.07891	0	0.48420	0.53130	9.99138	1.06647	0	0.48406	0.53114	9.87731	1.06647	0	-0.00380	-0.00904	0.68504	0.00215	1	0.06485	-0.01410	0.68858	0.00203	1	1.45898	0.81042	0	
1258815	8490.15527	3305701146955	0.00000	0.00000	8489.90039	0.06055	11574	0	0.50066	0.13258	0	0.38189	0.07891	0	0.38189	0.07891	0	0.48420	0.53130	9.99138	1.06647	0	0.48406	0.53114	9.87731	1.06647	0	-0.00380	-0.00904	0.68504	0.00215	1	0.06485	-0.01410	0.68858	0.00203	1	1.45898	0.81042	0	
1258816	8490.16211	3305701214056	0.00000	0.00000	8489.90039	0.06055	11574	0	0.50066	0.13258	0	0.38189	0.07891	0	0.38189	0.07891	0	0.48420	0.53130	9.99138	1.06647	0	0.48406	0.53114	9.87731	1.06647	0	-0.00380	-0.00904	0.68504	0.00215	1	0.06485	-0.01410	0.68858	0.00203	1	1.45898	0.81042	0	
1258817	8490.16895	3305701280665	0.00000	0.00000	8489.90039	0.06055	11574	0	0.50066	0.13258	0	0.38189	0.07891	0	0.38189	0.07891	0	0.48420	0.53130	9.99138	1.06647	0	0.48406	0.53114	9.87731	1.06647	0	-0.00380	-0.00904	0.68504	0.00215	1	0.06485	-0.01410	0.68858	0.00203	1	1.45898	0.81042	0	
1258818	8490.17480	3305701346218	0.00000	0.00000	8489.90039	0.06055	11574	0	0.50066	0.13258	0	0.38189	0.07891	0	0.38189	0.07891	0	0.48420	0.53130	9.99138	1.06647	0	0.48406	0.53114	9.87731	1.06647	0	-0.00380	-0.00904	0.68504	0.00215	1	0.06485	-0.01410	0.68858	0.00203	1	1.45898	0.81042	0	
1258819	8490.18164	3305701414652	0.00000	0.00000	8489.90039	0.06055	11574	0	0.50066	0.13258	0	0.38189	0.07891	0	0.38189	0.07891	0	0.48420	0.53130	9.99138	1.06647	0	0.48406	0.53114	9.87731	1.06647	0	-0.00380	-0.00904	0.68504	0.00215	1	0.06485	-0.01410	0.68858	0.00203	1	1.45898	0.81042	0	
1258820	8490.18848	3305701481732	0.00000	0.00000	8489.90039	0.06055	11574	0	0.50066	0.13258	0	0.38189	0.07891	0	0.38189	0.07891	0	0.48420	0.53130	9.99138	1.06647	0	0.48406	0.53114	9.87731	1.06647	0	-0.00380	-0.00904	0.68504	0.00215	1	0.06485	-0.01410	0.68858	0.00203	1	1.45898	0.81042	0	
1258821	8490.19531	3305701548651	0.00000	0.00000	8489.90039	0.06055	11574	0	0.50066	0.13258	0	0.38189	0.07891	0	0.38189	0.07891	0	0.48420	0.53130	9.99138	1.06647	0	0.48406	0.53114	9.87731	1.06647	0	-0.00380	-0.00904	0.68504	0.00215	1	0.06485	-0.01410	0.68858	0.00203	1	1.45898	0.81042	0	
1258822	8490.20215	3305701616278	0.00000	0.00000	8489.90039	0.06055	11574	0	0.50066	0.13258	0	0.38189	0.07891	0	0.38189	0.07891	0	0.48420	0.53130	9.99138	1.06647	0	0.48406	0.53114	9.87731	1.06647	0	-0.00380	-0.00904	0.68504	0.00215	1	0.06485	-0.01410	0.68858	0.00203	1	1.45898	0.81042	0	
1258823	8490.20898	3305701682475	0.00000	0.00000	8489.90039	0.06055	11574	0	0.50066	0.13258	0	0.38189	0.07891	0	0.38189	0.07891	0	0.48420	0.53130	9.99138	1.06647	0	0.48406	0.53114	9.87731	1.06647	0	-0.00380	-0.00904	0.68504	0.00215	1	0.06485	-0.01410	0.68858	0.00203	1	1.45898	0.81042	0	
1258824	8490.21484	3305701748364	0.00000	0.00000	8489.90039	0.06055	11574	0	0.50066	0.13258	0	0.38189	0.07891	0	0.38189	0.07891	0	0.48420	0.53130	9.99138	1.06647	0	0.48406	0.53114	9.87731	1.06647	0	-0.00380	-0.00904	0.68504	0.00215	1	0.06485	-0.01410	0.68858	0.00203	1	1.45898	0.81042	0	
1258825	8490.22168	3305701816557	0.00000	0.00000	8489.90039	0.06055	11574	0	0.50066	0.13258	0	0.38189	0.07891	0	0.38189	0.07891	0	0.48420	0.53130	9.99138	1.06647	0	0.48406	0.53114	9.87731	1.06647	0	-0.00380	-0.00904	0.68504	0.00215	1	0.06485	-0.01410	0.68858	0.00203	1	1.45898	0.81042	0	
1258826	8490.22852	3305701883694	0.00000	0.00000	8489.90039	0.06055	11574	0	0.50066	0.13258	0	0.38189	0.07891	0	0.38189	0.07891	0	0.48420	0.53130	9.99138	1.06647	0	0.48406	0.53114	9.87731	1.06647	0	-0.00380	-0.00904	0.68504	0.00215	1	0.06485	-0.01410	0.68858	0.00203	1	1.45898	0.81042	0	
1258827	8490.23535	3305701951091	0.00000	0.00000	8489.90039	0.06055	11574	0	0.50066	0.13258	0	0.38189	0.07891	0	0.38189	0.07891	0	0.48420	0.53130	9.99138	1.06647	0	0.48406	0.53114	9.87731	1.06647	0	-0.00380	-0.00904	0.68504	0.00215	1	0.06485	-0.01410	0.68858	0.00203	1	1.45898	0.81042	0	
1258828	8490.24219	3305702017583	0.00000	0.00000	8489.90039	0.06055	11574	0	0.50066	0.13258	0	0.38189	0.07891	0	0.38189	0.07891	0	0.48420	0.53130	9.99138	1.06647	0	0.48406	0.53114	9.87731	1.06647	0	-0.00380	-0.00904	0.68504	0.00215	1	0.06485	-0.01410	0.68858	0.00203	1	1.45898	0.81042	0	
1258829	8490.24902	3305702084885	0.00000	0.00000	8489.90039	0.06055	11574	0	0.50066	0.13258	0	0.38189	0.07891	0	0.38189	0.07891	0	0.48420	0.53130	9.99138	1.06647	0	0.48406	0.53114	9.87731	1.06647	0	-0.00380	-0.00904	0.68504	0.00215	1	0.06485	-0.01410	0.68858	0.00203	1	1.45898	0.81042	0	
1258830	8490.25586	3305702151802	0.00000	0.00000	8489.90039	0.06055	11574	0	0.50066	0.13258	0	0.38189	0.07891	0	0.38189	0.07891	0	0.48420	0.53130	9.99138	1.06647	0	0.48406	0.53114	9.87731	1.06647	0	-0.00380	-0.00904	0.68504	0.00215	1	0.06485	-0.01410	0.68858	0.00203	1	1.45898	0.81042	0	
1258831	8490.26270	3305702218239	0.18849	0.04581	8489.90039	0.06055	11574	0	0.50066	0.13258	0	0.37699	0.09163	1	0.37699	0.09163	1	0.48246	0.53092	10.87712	1.06647	0	0.48246	0.53092	10.87712	1.06647	1	-0.00380	-0.00904	0.68504	0.00215	1	0.06485	-0.01410	0.68858	0.00230	1	1.45898	0.81042	0	
1258832	8490.26855	3305702285352	0.40790	0.10186	8489.90039	0.06055	11574	0	0.50066	0.13258	1	0.37699	0.09163	1	0.43882	0.11210	1	0.48309	0.53317	11.22083	1.06647	1	0.74469	0.55650	11.87549	1.06647	1	-0.00411	-0.00873	0.66925	0.00386	1	0.06327	-0.01367	0.67501	0.00386	1	1.45898	0.81042	0	
1258833	8490.27539	3305702352963	0.45491	0.21319	8489.90039	0.06055	11574	0	0.52528	0.36153	1	0.47856	0.28750	1	0.50192	0.32451	1	0.48326	0.53346	11.27169	1.06647	1	0.74482	0.55613	11.82432	1.06647	1	-0.00411	-0.00873	0.66925	0.00369	1	0.06327	-0.01367	0.67501	0.00404	1	1.45898	0.81042	0	
1258834	8490.28223	3305702419559	0.46946	0.26149	8489.90039	0.06055	11574	0	0.53117	0.35566	1	0.46595	0.36052	1	0.49856	0.35809	1	0.48327	0.53294	11.07213	1.06647	1	0.74463	0.55688	12.16700	1.06647	1	-0.00411	-0.00873	0.66925	0.00413	1	0.06327	-0.01367	0.67501	0.00379	1	1.45898	0.81042	0	
1258835	8490.28906	3305702486565	0.49974	0.34999	8489.90039	0.06055	11574	0	0.53196	0.36186	1	0.46550	0.37287	1	0.49873	0.36736	1	0.48304	0.53293	11.24062	1.05845	1	0.74469	0.55675	12.37497	1.05079	1	-0.00405	-0.00860	0.66700	0.00390	1	0.06183	-0.01335	0.65917	0.00388	1	1.45898	0.81042	0	
1258836	8490.29590	3305702552580	0.49766	0.36259	8489.90039	0.06055	11574	0	0.51895	0.34740	1	0.47221	0.40298	1	0.49558	0.37519	1	0.48306	0.53311	11.21807	1.04278	1	0.74478	0.55693	12.48021	1.03512	1	-0.00405	-0.00860	0.66700	0.00371	1	0.06183	-0.01335	0.65917	0.00387	1	1.45898	0.81042	0	
1258837	8490.30273	3305702618547	0.49425	0.33512	8489.90039	0.06055	11574	0	0.49273	0.21292	1	0.48212	0.34743	1	0.48742	0.28018	1	0.48291	0.53073	10.96389	1.02710	1	0.74491	0.55675	12.45523	1.01944	1	-0.00405	-0.00860	0.66700	0.00231	1	0.06183	-0.01335	0.65917	0.00392	1	1.45898	0.81042	0	
1258838	8490.30859	3305702685482	0.49267	0.32229	8490.28906	0.01953	11575	1	0.49375	0.22015	1	0.48212	0.34743	1	0.48794	0.28379	1	0.48310	0.53067	10.99983	1.01944	1	0.74477	0.55713	12.22969	1.01944	1	-0.00411	-0.00889	0.68512	0.00234	1	0.06291	-0.01357	0.67009	0.00393	1	1.45898	0.81042	0	
1258839	8490.31543	3305702750862	0.49557	0.33275	8490.28906	0.02637	11575	1	0.52811	0.35958	1	0.48619	0.38962	1	0.50715	0.37460	1	0.48309	0.53299	11.16702	1.02746	1	0.74493	0.55688	12.97851	1.03512	1	-0.00411	-0.00889	0.68512	0.00387	1	0.06291	-0.01357	0.67009	0.00390	1	1.45898	0.81042	0	
1258840	8490.32227	3305702818110	0.49210	0.33666	8490.28906	0.03320	11575	1	0.52811	0.35958	0	0.47478	0.35620	1	0.47478	0.35620	1	0.48309	0.53299	11.16702	1.04313	0	0.74483	0.55655	11.95073	1.05079	1	-0.00411	-0.00889	0.68512	0.00387	1	0.06291	-0.01357	0.67009	0.00402	1	1.45898	0.81042	0	
1258841	8490.32910	3305702888862	0.49210	0.33666	8490.28906	0.04004	11575	1	0.52811	0.35958	0	0.47478	0.35620	0	0.47478	0.35620	0	0.48309	0.53299	11.16702	1.05881	0	0.74483	0.55655	11.95073	1.06647	0	-0.00411	-0.00889	0.68512	0.00387	1	0.06291	-0.01357	0.67009	0.00402	1	1.45898	0.81042	0	
1258842	8490.33594	3305702955573	0.49210	0.33666	8490.28906	0.04688	11575	1	0.52811	0.35958	0	0.47478	0.35620	0	0.47478	0.35620	0	0.48309	0.53299	11.16702	1.06647	0	0.74483	0.55655	11.95073	1.06647	0	-0.00411	-0.00889	0.68512	0.00387	1	0.06291	-0.01357	0.67009	0.00402	1	1.45898	0.81042	0	
1258843	8490.34277	3305703019275	0.49210	0.33666	8490.28906	0.05371	11575	1	0.52811	0.35958	0	0.47478	0.35620	0	0.47478	0.35620	0	0.48309	0.53299	11.16702	1.06647	0	0.74483	0.55655	11.95073	1.06647	0	-0.00411	-0.00889	0.68512	0.00387	1	0.06291	-0.01357	0.67009	0.00402	1	1.45898	0.81042	0	
1258844	8490.34863	3305703086020	0.49057	0.33399	8490.28906	0.05371	11575	0	0.52811	0.35958	0	0.47478	0.35620	0	0.47478	0.35620	0	0.48309	0.53299	11.16702	1.06647	0	0.74483	0.55655	11.95073	1.06647	0	-0.00411	-0.00889	0.68512	0.00387	1	0.06291	-0.01357	0.67009	0.00402	1	1.45898	0.81042	0	
1258845	8490.35547	3305703153178	0.49057	0.33399	8490.28906	0.05371	11575	0	0.52811	0.35958	0	0.47478	0.35620	0	0.47478	0.35620	0	0.48309	0.53299	11.16702	1.06647	0	0.74483	0.55655	11.95073	1.06647	0	-0.00411	-0.00889	0.68512	0.00387	1	0.06291	-0.01357	0.67009	0.00402	1	1.45898	0.81042	0	
1258846	8490.36230	3305703220976	0.49057	0.33399	8490.28906	0.05371	11575	0	0.52811	0.35958	0	0.47478	0.35620	0	0.47478	0.35620	0	0.48309	0.53299	11.16702	1.06647	0	0.74483	0.55655	11.95073	1.06647	0	-0.00411	-0.00889	0.68512	0.00387	1	0.06291	-0.01357	0.67009	0.00402	1	1.45898	0.81042	0	
1258847	8490.36914	3305703287194	0.00000	0.00000	8490.28906	0.05371	11575	0	0.52811	0.35958	0	0.47478	0.35620	0	0.47478	0.35620	0	0.48309	0.53299	11.16702	1.06647	0	0.74483	0.55655	11.95073	1.06647	0	-0.00411	-0.00889	0.68512	0.00387	1	0.06291	-0.01357	0.67009	0.00402	1	1.45898	0.81042	0	
1258848	8490.37598	3305703354303	0.22851	0.22066	8490.28906	0.05371	11575	0	0.52811	0.35958	0	0.45701	0.44131	1	0.45701	0.44131	1	0.48309	0.53299	11.16702	1.06647	0	0.74531	0.55769	12.44366	1.06647	1	-0.00411	-0.00889	0.68512	0.00387	1	0.06291	-0.01357	0.67009	0.00405	1	1.45898	0.81042	0	
1258849	8490.38281	3305703424271	0.29529	0.29692	8490.28906	0.05371	11575	0	0.52811	0.35958	0	0.42886	0.44946	1	0.42886	0.44946	1	0.48309	0.53299	11.16702	1.06647	0	0.74528	0.55774	12.50059	1.06647	1	-0.00411	-0.00889	0.68512	0.00387	1	0.06291	-0.01357	0.67009	0.00399	1	1.45898	0.81042	0	
1258850	8490.38965	3305703491552	0.44294	0.44538	8490.28906	0.05371	11575	0	0.52811	0.35958	0	0.42886	0.44946	0	0.42886	0.44946	0	0.48309	0.53299	11.16702	1.06647	0	0.74528	0.55774	12.50059	1.06647	0	-0.00411	-0.00889	0.68512	0.00387	1	0.06291	-0.01357	0.67009	0.00399	1	1.45898	0.81042	0	
1258851	8490.39648	3305703558339	0.44294	0.44538	8490.28906	0.05371	11575	0	0.52811	0.35958	0	0.42886	0.44946	0	0.42886	0.44946	0	0.48309	0.53299	11.16702	1.06647	0	0.74528	0.55774	12.50059	1.06647	0	-0.00411	-0.00889	0.68512	0.00387	1	0.06291	-0.01357	0.67009	0.00399	1	1.45898	0.81042	0	
1258852	8490.40332	3305703625136	0.44294	0.44538	8490.28906	0.05371	11575	0	0.52811	0.35958	0	0.42886	0.44946	0	0.42886	0.44946	0	0.48309	0.53299	11.16702	1.06647	0	0.74528	0.55774	12.50059	1.06647	0	-0.00411	-0.00889	0.68512	0.00387	1	0.06291	-0.01357	0.67009	0.00399	1	1.45898	0.81042	0	
1258853	8490.40918	3305703691425	0.00000	0.00000	8490.28906	0.05371	11575	0	0.52811	0.35958	0	0.42886	0.44946	0	0.42886	0.44946	0	0.48309	0.53299	11.16702	1.06647	0	0.74528	0.55774	12.50059	1.06647	0	-0.00411	-0.00889	0.68512	0.00387	1	0.06291	-0.01357	0.67009	0.00399	1	1.45898	0.81042	0	
1258854	8490.41602	3305703758336	0.00000	0.00000	8490.28906	0.05371	11575	0	0.52811	0.35958	0	0.42886	0.44946	0	0.42886	0.44946	0	0.48309	0.53299	11.16702	1.06647	0	0.74528	0.55774	12.50059	1.06647	0	-0.00411	-0.00889	0.68512	0.00387	1	0.06291	-0.01357	0.67009	0.00399	1	1.45898	0.81042	0	
1258855	8490.42285	3305703826073	0.00000	0.00000	8490.28906	0.05371	11575	0	0.52811	0.35958	0	0.42886	0.44946	0	0.42886	0.44946	0	0.48309	0.53299	11.16702	1.06647	0	0.74528	0.55774	12.50059	1.06647	0	-0.00411	-0.00889	0.68512	0.00387	1	0.06291	-0.01357	0.67009	0.00399	1	1.45898	0.81042	0	
1258856	8490.42969	3305703893447	0.42890	0.45483	8490.28906	0.05371	11575	0	0.52811	0.35958	0	0.42890	0.45483	1	0.42890	0.45483	1	0.48309	0.53299	11.16702	1.06647	0	0.74663	0.55776	12.48572	1.05881	1	-0.00411	-0.00889	0.68512	0.00387	1	0.06212	-0.01335	0.65696	0.00392	1	1.45898	0.81042	0	
1258857	8490.43652	3305703959825	0.42890	0.45483	8490.28906	0.05371	11575	0	0.52811	0.35958	0	0.42890	0.45483	0	0.42890	0.45483	0	0.48309	0.53299	11.16702	1.05881	0	0.74663	0.55776	12.48572	1.05115	0	-0.00411	-0.00889	0.68512	0.00387	1	0.06212	-0.01335	0.65696	0.00392	1	1.45898	0.81042	0	
1258858	8490.44336	3305704025700	0.43312	0.42403	8490.28906	0.05371	11575	0	0.52811	0.35958	0	0.43733	0.39322	1	0.43733	0.39322	1	0.48309	0.53299	11.16702	1.05115	0	0.74648	0.55784	12.27331	1.04349	1	-0.00411	-0.00889	0.68512	0.00387	1	0.06212	-0.01335	0.65696	0.00391	1	1.45898	0.81042	0	
1258859	8490.45020	3305704094256	0.43733	0.39322	8490.28906	0.05371	11575	0	0.52811	0.35958	0	0.43733	0.39322	0	0.43733	0.39322	0	0.48309	0.53299	11.16702	1.04349	0	0.74648	0.55784	12.27331	1.03583	0	-0.00411	-0.00889	0.68512	0.00387	1	0.06212	-0.01335	0.65696	0.00391	1	1.45898	0.81042	0	
1258860	8490.45605	3305704159542	0.43733	0.39322	8490.28906	0.05371	11575	0	0.52811	0.35958	0	0.43733	0.39322	0	0.43733	0.39322	0	0.48309	0.53299	11.16702	1.03583	0	0.74648	0.55784	12.27331	1.03583	0	-0.00411	-0.00889	0.68512	0.00387	1	0.06212	-0.01335	0.65696	0.00391	1	1.45898	0.81042	0	
1258861	8490.46289	3305704225994	0.43733	0.39322	8490.28906	0.05371	11575	0	0.52811	0.35958	0	0.43733	0.39322	0	0.43733	0.39322	0	0.48309	0.53299	11.16702	1.03583	0	0.74648	0.55784	12.27331	1.03583	0	-0.00411	-0.00889	0.68512	0.00387	1	0.06212	-0.01335	0.65696	0.00391	1	1.45898	0.81042	0	
1258862	8490.47070	3305704300056	0.00000	0.00000	8490.28906	0.05371	11575	0	0.52811	0.35958	0	0.43733	0.39322	0	0.43733	0.39322	0	0.48309	0.53299	11.16702	1.03583	0	0.74648	0.55784	12.27331	1.03583	0	-0.00411	-0.00889	0.68512	0.00387	1	0.06212	-0.01335	0.65696	0.00391	1	1.45898	0.81042	0	
1258863	8490.47656	3305704359944	0.00000	0.00000	8490.28906	0.05371	11575	0	0.52811	0.35958	0	0.43733	0.39322	0	0.43733	0.39322	0	0.48309	0.53299	11.16702	1.03583	0	0.74648	0.55784	12.27331	1.03583	0	-0.00411	-0.00889	0.68512	0.00387	1	0.06212	-0.01335	0.65696	0.00391	1	1.45898	0.81042	0	
1258864	8490.48340	3305704424584	0.00000	0.00000	8490.28906	0.05371	11575	0	0.52811	0.35958	0	0.43733	0.39322	0	0.43733	0.39322	0	0.48309	0.53299	11.16702	1.03583	0	0.74648	0.55784	12.27331	1.03583	0	-0.00411	-0.00889	0.68512	0.00387	1	0.06212	-0.01335	0.65696	0.00391	1	1.45898	0.81042	0	
1258865	8490.49023	3305704493303	0.00000	0.00000	8490.28906	0.05371	11575	0	0.52811	0.35958	0	0.43733	0.39322	0	0.43733	0.39322	0	0.48309	0.53299	11.16702	1.03583	0	0.74648	0.55784	12.27331	1.03583	0	-0.00411	-0.00889	0.68512	0.00387	1	0.06212	-0.01335	0.65696	0.00391	1	1.45898	0.81042	0	
1258866	8490.49609	3305704560054	0.00000	0.00000	8490.28906	0.05371	11575	0	0.52811	0.35958	0	0.43733	0.39322	0	0.43733	0.39322	0	0.48309	0.53299	11.16702	1.03583	0	0.74648	0.55784	12.27331	1.03583	0	-0.00411	-0.00889	0.68512	0.00387	1	0.06212	-0.01335	0.65696	0.00391	1	1.45898	0.81042	0	
1258867	8490.50293	3305704626514	0.00000	0.00000	8490.28906	0.05371	11575	0	0.52811	0.35958	0	0.43733	0.39322	0	0.43733	0.39322	0	0.48309	0.53299	11.16702	1.03583	0	0.74648	0.55784	12.27331	1.03583	0	-0.00411	-0.00889	0.68512	0.00387	1	0.06212	-0.01335	0.65696	0.00391	1	1.45898	0.81042	0	
1258868	8490.50977	3305704692848	0.00000	0.00000	8490.28906	0.05371	11575	0	0.52811	0.35958	0	0.43733	0.39322	0	0.43733	0.39322	0	0.48309	0.53299	11.16702	1.03583	0	0.74648	0.55784	12.27331	1.03583	0	-0.00411	-0.00889	0.68512	0.00387	1	0.06212	-0.01335	0.65696	0.00391	1	1.45898	0.81042	0	
1258869	8490.51660	3305704761401	0.00000	0.00000	8490.28906	0.05371	11575	0	0.52811	0.35958	0	0.43733	0.39322	0	0.43733	0.39322	0	0.48309	0.53299	11.16702	1.03583	0	0.74648	0.55784	12.27331	1.03583	0	-0.00411	-0.00889	0.68512	0.00387	1	0.06212	-0.01335	0.65696	0.00391	1	1.45898	0.81042	0	
1258870	8490.52344	3305704827075	0.00000	0.00000	8490.28906	0.05371	11575	0	0.52811	0.35958	0	0.43733	0.39322	0	0.43733	0.39322	0	0.48309	0.53299	11.16702	1.03583	0	0.74648	0.55784	12.27331	1.03583	0	-0.00411	-0.00889	0.68512	0.00387	1	0.06212	-0.01335	0.65696	0.00391	1	1.45898	0.81042	0	
1258871	8490.53027	3305704893751	0.00000	0.00000	8490.28906	0.05371	11575	0	0.52811	0.35958	0	0.43733	0.39322	0	0.43733	0.39322	0	0.48309	0.53299	11.16702	1.03583	0	0.74648	0.55784	12.27331	1.03583	0	-0.00411	-0.00889	0.68512	0.00387	1	0.06212	-0.01335	0.65696	0.00391	1	1.45898	0.81042	0	
1258872	8490.53711	3305704965388	0.00000	0.00000	8490.28906	0.05371	11575	0	0.52811	0.35958	0	0.43733	0.39322	0	0.43733	0.39322	0	0.48309	0.53299	11.16702	1.03583	0	0.74648	0.55784	12.27331	1.03583	0	-0.00411	-0.00889	0.68512	0.00387	1	0.06212	-0.01335	0.65696	0.00391	1	1.45898	0.81042	0	
1258873	8490.54395	3305705031644	0.00000	0.00000	8490.28906	0.05371	11575	0	0.52811	0.35958	0	0.43733	0.39322	0	0.43733	0.39322	0	0.48309	0.53299	11.16702	1.03583	0	0.74648	0.55784	12.27331	1.03583	0	-0.00411	-0.00889	0.68512	0.00387	1	0.06212	-0.01335	0.65696	0.00391	1	1.45898	0.81042	0	
1258874	8490.54980	3305705096550	0.00000	0.00000	8490.28906	0.05371	11575	0	0.52811	0.35958	0	0.43733	0.39322	0	0.43733	0.39322	0	0.48309	0.53299	11.16702	1.03583	0	0.74648	0.55784	12.27331	1.03583	0	-0.00411	-0.00889	0.68512	0.00387	1	0.06212	-0.01335	0.65696	0.00391	1	1.45898	0.81042	0	
1258875	8490.55664	3305705163817	0.00000	0.00000	8490.28906	0.05371	11575	0	0.52811	0.35958	0	0.43733	0.39322	0	0.43733	0.39322	0	0.48309	0.53299	11.16702	1.03583	0	0.74648	0.55784	12.27331	1.03583	0	-0.00411	-0.00889	0.68512	0.00387	1	0.06212	-0.01335	0.65696	0.00391	1	1.45898	0.81042	0	
1258876	8490.56348	3305705232383	0.00000	0.00000	8490.28906	0.05371	11575	0	0.52811	0.35958	0	0.43733	0.39322	0	0.43733	0.39322	0	0.48309	0.53299	11.16702	1.03583	0	0.74648	0.55784	12.27331	1.03583	0	-0.00411	-0.00889	0.68512	0.00387	1	0.06212	-0.01335	0.65696	0.00391	1	1.45898	0.81042	0	
1258877	8490.57031	3305705299231	0.00000	0.00000	8490.28906	0.05371	11575	0	0.52811	0.35958	0	0.43733	0.39322	0	0.43733	0.39322	0	0.48309	0.53299	11.16702	1.03583	0	0.74648	0.55784	12.27331	1.03583	0	-0.00411	-0.00889	0.68512	0.00387	1	0.06212	-0.01335	0.65696	0.00391	1	1.45898	0.81042	0	
1258878	8490.57715	3305705367445	0.00000	0.00000	8490.28906	0.05371	11575	0	0.52811	0.35958	0	0.43733	0.39322	0	0.43733	0.39322	0	0.48309	0.53299	11.16702	1.03583	0	0.74648	0.55784	12.27331	1.03583	0	-0.00411	-0.00889	0.68512	0.00387	1	0.06212	-0.01335	0.65696	0.00391	1	1.45898	0.81042	0	
1258879	8490.58398	3305705433747	0.18376	0.06524	8490.28906	0.05371	11575	0	0.52811	0.35958	0	0.36753	0.13049	1	0.36753	0.13049	1	0.48662	0.53103	10.80556	1.03583	0	0.48662	0.53103	10.80556	1.03583	1	-0.00411	-0.00889	0.68512	0.00387	1	0.06212	-0.01335	0.65696	0.00221	1	1.45898	0.81042	0	
1258880	8490.59082	3305705499678	0.36673	0.11707	8490.28906	0.05371	11575	0	0.52811	0.35958	0	0.36593	0.10365	1	0.36593	0.10365	1	0.48662	0.53103	10.80556	1.03583	0	0.48685	0.53117	10.71563	1.06209	1	-0.00411	-0.00889	0.68512	0.00387	1	-0.00326	-0.00955	0.72355	0.00226	1	1.45898	0.81042	0	
1258881	8490.59766	3305705567878	0.37285	0.19642	8490.28906	0.05371	11575	0	0.52811	0.35958	0	0.37896	0.27577	1	0.37896	0.27577	1	0.48662	0.53103	10.80556	1.06209	0	0.48695	0.53320	10.95649	1.08835	1	-0.00411	-0.00889	0.68512	0.00387	1	-0.00326	-0.00955	0.72355	0.00383	1	1.45898	0.81042	0	
1258882	8490.60352	3305705634701	0.37653	0.15669	8490.28906	0.05371	11575	0	0.52811	0.35958	0	0.38390	0.07722	1	0.38390	0.07722	1	0.48662	0.53103	10.80556	1.08835	0	0.48693	0.53119	10.77978	1.11461	1	-0.00411	-0.00889	0.68512	0.00387	1	-0.00326	-0.00955	0.72355	0.00219	1	1.45898	0.81042	0	
1258883	8490.61035	3305705701824	0.37820	0.13274	8490.59082	0.01953	11576	1	0.52811	0.35958	0	0.38321	0.06090	1	0.38321	0.06090	1	0.48662	0.53103	10.80556	1.11461	0	0.48690	0.53396	11.08016	1.13095	1	-0.00411	-0.00889	0.68512	0.00387	1	-0.00321	-0.00925	0.70100	0.00363	1	1.45898	0.81042	0	
1258884	8490.61719	3305705767781	0.40414	0.14403	8490.59082	0.02637	11576	1	0.51371	0.06219	1	0.50205	0.31619	1	0.50788	0.18919	1	0.48642	0.53170	10.60057	1.13095	1	0.74833	0.55917	11.13607	1.12103	1	-0.00411	-0.00889	0.68512	0.00215	1	-0.00321	-0.00925	0.70100	0.00380	1	1.45898	0.81042	0	
1258885	8490.62402	3305705835612	0.43358	0.12533	8490.59082	0.03320	11576	1	0.56824	0.04950	1	0.59335	0.01422	1	0.58080	0.03186	1	0.48653	0.53156	10.06579	1.12103	1	0.74884	0.55639	10.96257	1.11111	1	-0.00411	-0.00889	0.68512	0.00223	1	-0.00321	-0.00925	0.70100	0.00244	1	1.45898	0.81042	0	
1258886	8490.63086	3305705902603	0.45452	0.11278	8490.59082	0.04004	11576	1	0.56830	0.05034	1	0.59205	0.02450	1	0.58018	0.03742	1	0.48168	0.53399	10.64956	1.12020	1	0.74384	0.56009	11.29371	1.10160	1	-0.00370	-0.00944	0.69541	0.00216	1	0.06485	-0.01462	0.68858	0.00398	1	1.45898	0.81042	0	
1258887	8490.63770	3305705970178	0.44361	0.13725	8490.59082	0.04688	11576	1	0.34387	0.21782	1	0.39061	0.39934	1	0.36724	0.30858	1	0.48124	0.53404	10.37329	1.11068	1	0.74344	0.56096	11.74409	1.10200	1	-0.00370	-0.00944	0.69541	0.00218	1	0.06485	-0.01462	0.68858	0.00388	1	1.45898	0.81042	0	
1258888	8490.64453	3305706037012	0.43978	0.15084	8490.59082	0.05371	11576	1	0.39574	0.16611	1	0.42242	0.35305	1	0.40908	0.25958	1	0.48127	0.53399	10.07692	1.11109	1	0.74311	0.56099	11.62432	1.10241	1	-0.00370	-0.00944	0.69541	0.00210	1	0.06485	-0.01462	0.68858	0.00393	1	1.45898	0.81042	0	
1258889	8490.65039	3305706103592	0.43680	0.16245	8490.59082	0.05957	11576	1	0.39744	0.17410	1	0.42251	0.35970	1	0.40998	0.26690	1	0.47866	0.53494	9.67437	1.10241	1	0.74022	0.56245	11.83449	1.09373	1	-0.00406	-0.00934	0.67712	0.00219	1	0.06349	-0.01448	0.67958	0.00397	1	1.45898	0.81042	0	
1258890	8490.65723	3305706168479	0.42049	0.18242	8490.59082	0.06641	11576	1	0.24385	0.29156	1	0.27099	0.47276	1	0.25742	0.38216	1	0.47834	0.53497	9.44053	1.08464	1	0.74039	0.56220	11.47566	1.08464	1	-0.00406	-0.00934	0.67712	0.00223	1	0.06349	-0.01448	0.67958	0.00388	1	1.45898	0.81042	0	
1258891	8490.66406	3305706237239	0.40720	0.20037	8490.59082	0.07324	11576	1	0.25739	0.28926	1	0.26461	0.50630	1	0.26100	0.39778	1	0.47855	0.53489	9.38912	1.07555	1	0.74025	0.56237	11.72830	1.07555	1	-0.00406	-0.00934	0.67712	0.00212	1	0.06349	-0.01448	0.67958	0.00393	1	1.45898	0.81042	0	
1258892	8490.67090	3305706304506	0.39612	0.21607	8490.59082	0.08008	11576	1	0.26025	0.29693	1	0.26601	0.51205	1	0.26313	0.40449	1	0.47850	0.53487	9.34991	1.06647	1	0.74028	0.56176	11.08555	1.06647	1	-0.00406	-0.00934	0.67712	0.00228	1	0.06349	-0.01448	0.67958	0.00389	1	1.45898	0.81042	0	
1258893	8490.67773	3305706371281	0.38462	0.22671	8490.59082	0.08691	11576	1	0.22090	0.31439	1	0.24948	0.41553	1	0.23519	0.36496	1	0.47833	0.53511	9.27224	1.06647	1	0.74038	0.56147	11.02420	1.06647	1	-0.00406	-0.00934	0.67712	0.00212	1	0.06349	-0.01448	0.67958	0.00393	1	1.45898	0.81042	0	
1258894	8490.68457	3305706437546	0.37467	0.23762	8490.59082	0.09375	11576	1	0.21375	0.32284	1	0.25703	0.45806	1	0.23539	0.39045	1	0.47821	0.53508	9.41251	1.06647	1	0.74044	0.56190	11.27191	1.06647	1	-0.00406	-0.00934	0.67712	0.00215	1	0.06349	-0.01448	0.67958	0.00382	1	1.45898	0.81042	0	
1258895	8490.69141	3305706505732	0.36206	0.28582	8490.59082	0.09375	11576	0	0.21659	0.32942	1	0.25832	0.46354	1	0.23746	0.39648	1	0.47836	0.53516	8.95467	1.05845	1	0.74052	0.56225	11.38147	1.05845	1	-0.00405	-0.00925	0.66700	0.00210	1	0.06339	-0.01450	0.67850	0.00366	1	1.45898	0.81042	0	
1258896	8490.69727	3305706569907	0.30572	0.35414	8490.59082	0.09375	11576	0	0.22724	0.34170	1	0.27153	0.50320	1	0.24939	0.42245	1	0.47823	0.53517	9.10435	1.05044	1	0.74031	0.56219	11.83929	1.05044	1	-0.00405	-0.00925	0.66700	0.00214	1	0.06339	-0.01450	0.67850	0.00382	1	1.45898	0.81042	0	
1258897	8490.70410	3305706640059	0.29667	0.37503	8490.59082	0.09375	11576	0	0.26468	0.34828	1	0.29244	0.48535	1	0.27856	0.41682	1	0.47842	0.53525	9.10317	1.04242	1	0.74057	0.56214	11.43437	1.04242	1	-0.00405	-0.00925	0.66700	0.00210	1	0.06339	-0.01450	0.67850	0.00367	1	1.45898	0.81042	0	
1258898	8490.71094	3305706706413	0.26944	0.42068	8490.59082	0.09375	11576	0	0.26726	0.35480	1	0.29350	0.49076	1	0.28038	0.42278	1	0.47833	0.53526	9.56256	1.03440	1	0.74064	0.56214	11.30289	1.03440	1	-0.00405	-0.00925	0.66700	0.00208	1	0.06339	-0.01450	0.67850	0.00364	1	1.45898	0.81042	0	
1258899	8490.71777	3305706773640	0.27737	0.42707	8490.59082	0.09375	11576	0	0.27893	0.35823	1	0.29166	0.50869	1	0.28529	0.43346	1	0.47828	0.53524	10.01375	1.03440	1	0.74061	0.56212	11.29786	1.03440	1	-0.00405	-0.00925	0.66700	0.00222	1	0.06339	-0.01450	0.67850	0.00365	1	1.45898	0.81042	0	
1258900	8490.72461	3305706840240	0.28260	0.41384	8490.59082	0.09375	11576	0	0.27505	0.31306	1	0.31105	0.46167	1	0.29305	0.38736	1	0.47818	0.53525	9.88997	1.03440	1	0.74050	0.56182	11.13688	1.03440	1	-0.00405	-0.00925	0.66700	0.00218	1	0.06339	-0.01450	0.67850	0.00387	1	1.45898	0.81042	0	
1258901	8490.73145	3305706907515	0.28465	0.40489	8490.71094	0.02051	11577	1	0.27254	0.30621	1	0.30911	0.44992	1	0.29083	0.37807	1	0.47766	0.53556	9.66528	1.04242	1	0.74021	0.56218	10.93518	1.05110	1	-0.00411	-0.00929	0.66924	0.00231	1	0.06563	-0.01498	0.70305	0.00395	1	1.45898	0.81042	0	
1258902	8490.73828	3305706974430	0.28148	0.40218	8490.71094	0.02734	11577	1	0.25525	0.31657	1	0.28231	0.46609	1	0.26878	0.39133	1	0.47796	0.53546	9.57916	1.05912	1	0.74014	0.56203	11.42932	1.06780	1	-0.00411	-0.00929	0.66924	0.00214	1	0.06563	-0.01498	0.70305	0.00369	1	1.45898	0.81042	0	
1258903	8490.74512	3305707041909	0.27705	0.39356	8490.71094	0.03418	11577	1	0.24834	0.29634	1	0.26146	0.40455	1	0.25490	0.35044	1	0.47786	0.53532	9.67311	1.07581	1	0.73983	0.56145	11.27892	1.08449	1	-0.00411	-0.00929	0.66924	0.00217	1	0.06563	-0.01498	0.70305	0.00384	1	1.45898	0.81042	0	
1258904	8490.75098	3305707107580	0.27341	0.38599	8490.71094	0.04004	11577	1	0.24298	0.28234	1	0.26023	0.39878	1	0.25160	0.34056	1	0.47771	0.53532	9.64396	1.09251	1	0.73970	0.56156	11.44827	1.09251	1	-0.00428	-0.00944	0.68008	0.00211	1	0.06291	-0.01434	0.67556	0.00402	1	1.45898	0.81042	0	
1258905	8490.75781	3305707173398	0.26890	0.38194	8490.71094	0.04688	11577	1	0.22912	0.33406	1	0.24546	0.37307	1	0.23729	0.35357	1	0.47773	0.53541	9.55438	1.09251	1	0.73953	0.56114	11.26754	1.08383	1	-0.00428	-0.00944	0.68008	0.00212	1	0.06291	-0.01434	0.67556	0.00421	1	1.45898	0.81042	0	
1258906	8490.76465	3305707242694	0.26664	0.38359	8490.71094	0.05371	11577	1	0.25783	0.29265	1	0.23925	0.50107	1	0.24854	0.39686	1	0.47774	0.53544	9.73969	1.08383	1	0.73949	0.56182	11.64382	1.07515	1	-0.00428	-0.00944	0.68008	0.00212	1	0.06291	-0.01434	0.67556	0.00397	1	1.45898	0.81042	0	
1258907	8490.77148	3305707309069	0.26504	0.38556	8490.71094	0.06055	11577	1	0.26054	0.29990	1	0.24079	0.50660	1	0.25066	0.40325	1	0.47751	0.53538	9.96690	1.07515	1	0.73944	0.56198	11.97652	1.06647	1	-0.00439	-0.00939	0.68045	0.00211	1	0.06291	-0.01434	0.67556	0.00351	1	1.45898	0.81042	0	
1258908	8490.77832	3305707376358	0.26624	0.38581	8490.71094	0.06738	11577	1	0.26843	0.29654	1	0.28802	0.48016	1	0.27823	0.38835	1	0.47739	0.53527	9.65498	1.06647	1	0.73984	0.56161	11.64282	1.06647	1	-0.00439	-0.00939	0.68045	0.00224	1	0.06291	-0.01434	0.67556	0.00345	1	1.45898	0.81042	0	
1258909	8490.78418	3305707441151	0.26701	0.38682	8490.71094	0.07324	11577	1	0.25280	0.29851	1	0.29821	0.49727	1	0.27551	0.39789	1	0.47723	0.53540	9.76432	1.06647	1	0.73960	0.56182	12.17669	1.06647	1	-0.00439	-0.00939	0.68045	0.00221	1	0.06291	-0.01434	0.67556	0.00347	1	1.45898	0.81042	0	
1258910	8490.79199	3305707510261	0.26766	0.38767	8490.71094	0.08105	11577	1	0.25280	0.29851	1	0.29821	0.49727	1	0.27551	0.39789	1	0.47699	0.53538	9.74379	1.06647	1	0.73949	0.56174	13.27986	1.06647	1	-0.00450	-0.00947	0.68245	0.00215	1	0.06355	-0.01451	0.68345	0.00344	1	1.45898	0.81042	0	
1258911	8490.79785	3305707575042	0.26623	0.38928	8490.71094	0.08691	11577	1	0.23959	0.35228	1	0.25571	0.46800	1	0.24765	0.41014	1	0.47696	0.53544	9.73969	1.06647	1	0.73892	0.56147	12.16459	1.06647	1	-0.00450	-0.00947	0.68245	0.00212	1	0.06355	-0.01451	0.68345	0.00337	1	1.45898	0.81042	0	
1258912	8490.80469	3305707644457	0.26649	0.38984	8490.71094	0.09375	11577	1	0.26844	0.29747	1	0.27184	0.49795	1	0.27014	0.39771	1	0.47699	0.53537	9.61579	1.06647	1	0.73882	0.56186	11.99467	1.06647	1	-0.00450	-0.00947	0.68245	0.00224	1	0.06355	-0.01451	0.68345	0.00354	1	1.45898	0.81042	0	
1258913	8490.81152	3305707711436	0.26672	0.39033	8490.71094	0.10059	11577	1	0.26844	0.29747	1	0.27184	0.49795	1	0.27014	0.39771	1	0.47641	0.53523	9.40095	1.06647	1	0.73872	0.56168	11.96261	1.06647	1	-0.00455	-0.00936	0.67490	0.00225	1	0.06378	-0.01458	0.68706	0.00366	1	1.45898	0.81042	0	
1258914	8490.81836	3305707778734	0.26654	0.38962	8490.71094	0.10742	11577	1	0.25664	0.28884	1	0.27075	0.46761	1	0.26370	0.37823	1	0.47654	0.53521	9.75517	1.06647	1	0.73880	0.56168	12.20764	1.06647	1	-0.00455	-0.00936	0.67490	0.00224	1	0.06378	-0.01458	0.68706	0.00359	1	1.45898	0.81042	0	
1258915	8490.82520	3305707845027	0.26689	0.39026	8490.71094	0.11426	11577	1	0.27024	0.30707	1	0.27516	0.49536	1	0.27270	0.40122	1	0.47679	0.53532	9.75711	1.06647	1	0.73882	0.56179	12.34384	1.06647	1	-0.00455	-0.00936	0.67490	0.00223	1	0.06378	-0.01458	0.68706	0.00354	1	1.45898	0.81042	0	
1258916	8490.83203	3305707912219	0.26719	0.39084	8490.71094	0.12109	11577	1	0.27024	0.30707	1	0.27516	0.49536	1	0.27270	0.40122	1	0.47637	0.53535	9.62453	1.06647	1	0.73826	0.56191	12.23067	1.06647	1	-0.00455	-0.00936	0.67490	0.00239	1	0.06266	-0.01435	0.67616	0.00368	1	1.45898	0.81042	0	
1258917	8490.83887	3305707979180	0.26683	0.39136	8490.71094	0.12793	11577	1	0.25704	0.29070	1	0.26298	0.51163	1	0.26001	0.40116	1	0.47642	0.53531	9.46611	1.06647	1	0.73824	0.56154	11.99084	1.06647	1	-0.00455	-0.00936	0.67490	0.00229	1	0.06266	-0.01435	0.67616	0.00362	1	1.45898	0.81042	0	
1258918	8490.84473	3305708046492	0.26652	0.39182	8490.71094	0.13379	11577	1	0.24070	0.30075	1	0.27985	0.50143	1	0.26028	0.40109	1	0.47626	0.53532	10.28883	1.06647	1	0.73850	0.56133	12.30867	1.06647	1	-0.00455	-0.00936	0.67490	0.00230	1	0.06266	-0.01435	0.67616	0.00364	1	1.45898	0.81042	0	
1258919	8490.85156	3305708113080	0.26624	0.39224	8490.71094	0.14062	11577	1	0.24070	0.30075	1	0.27985	0.50143	1	0.26028	0.40109	1	0.47569	0.53501	10.03586	1.06647	1	0.73797	0.56102	12.44850	1.06647	1	-0.00473	-0.00931	0.67127	0.00227	1	0.06431	-0.01460	0.69504	0.00367	1	1.45898	0.81042	0	
1258920	8490.85840	3305708179961	0.26568	0.39258	8490.71094	0.14746	11577	1	0.22728	0.36053	1	0.27945	0.43947	1	0.25337	0.40000	1	0.47556	0.53508	9.95851	1.06647	1	0.73772	0.56082	11.97436	1.06647	1	-0.00473	-0.00931	0.67127	0.00236	1	0.06431	-0.01460	0.69504	0.00392	1	1.45898	0.81042	0	
1258921	8490.86523	3305708247053	0.26638	0.39374	8490.71094	0.15430	11577	1	0.25995	0.36107	1	0.30489	0.47984	1	0.28242	0.42045	1	0.47578	0.53509	9.66018	1.06647	1	0.73816	0.56104	11.30770	1.06647	1	-0.00473	-0.00931	0.67127	0.00227	1	0.06431	-0.01460	0.69504	0.00377	1	1.45898	0.81042	0	
1258922	8490.87207	3305708313892	0.26702	0.39481	8490.71094	0.16113	11577	1	0.25995	0.36107	1	0.30489	0.47984	1	0.28242	0.42045	1	0.47544	0.53512	9.64799	1.06647	1	0.73786	0.56141	12.29764	1.06647	1	-0.00483	-0.00946	0.68560	0.00216	1	0.06256	-0.01417	0.67721	0.00361	1	1.45898	0.81042	0	
1258923	8490.87793	3305708374830	0.26690	0.39474	8490.71094	0.16699	11577	1	0.23870	0.33733	1	0.28949	0.44883	1	0.26409	0.39308	1	0.47549	0.53486	10.18388	1.06647	1	0.73789	0.56089	12.13517	1.06647	1	-0.00483	-0.00946	0.68560	0.00231	1	0.06256	-0.01417	0.67721	0.00355	1	1.45898	0.81042	0	
1258924	8490.88477	3305708442997	0.26695	0.39407	8490.71094	0.17383	11577	1	0.24637	0.30657	1	0.28978	0.44641	1	0.26807	0.37649	1	0.47555	0.53498	9.81673	1.06647	1	0.73787	0.56095	11.69563	1.06647	1	-0.00483	-0.00946	0.68560	0.00233	1	0.06256	-0.01417	0.67721	0.00366	1	1.45898	0.81042	0	
1258925	8490.89160	3305708510799	0.26699	0.39344	8490.71094	0.18066	11577	1	0.24637	0.30657	1	0.28978	0.44641	1	0.26807	0.37649	1	0.47529	0.53505	9.75980	1.06647	1	0.73746	0.56104	11.63802	1.06647	1	-0.00489	-0.00937	0.67905	0.00229	1	0.06256	-0.01417	0.67721	0.00374	1	1.45898	0.81042	0	
1258926	8490.89844	3305708574806	0.26610	0.39387	8490.71094	0.18750	11577	1	0.21406	0.34199	1	0.26845	0.47023	1	0.24126	0.40611	1	0.47515	0.53489	9.98993	1.06647	1	0.73758	0.56107	11.74158	1.06647	1	-0.00489	-0.00937	0.67905	0.00224	1	0.06256	-0.01417	0.67721	0.00372	1	1.45898	0.81042	0	
1258927	8490.90527	3305708645721	0.26520	0.39494	8490.71094	0.19434	11577	1	0.22799	0.30777	1	0.25013	0.54370	1	0.23906	0.42573	1	0.47518	0.53492	10.02278	1.06647	1	0.73725	0.56136	12.10185	1.06647	1	-0.00489	-0.00937	0.67905	0.00227	1	0.06256	-0.01417	0.67721	0.00371	1	1.45898	0.81042	0	
1258928	8490.91113	3305708708840	0.26433	0.39585	8490.71094	0.20020	11577	1	0.22799	0.30777	1	0.24866	0.53846	1	0.23832	0.42312	1	0.47488	0.53490	9.69574	1.06647	1	0.73752	0.56103	11.62248	1.07515	1	-0.00506	-0.00951	0.68899	0.00237	1	0.06611	-0.01499	0.71621	0.00369	1	1.45898	0.81042	0	
1258929	8490.91797	3305708778060	0.26357	0.39571	8490.71094	0.20703	11577	1	0.22127	0.29365	1	0.25854	0.48928	1	0.23990	0.39147	1	0.47480	0.53496	9.69341	1.07515	1	0.73746	0.56092	11.53625	1.08383	1	-0.00506	-0.00951	0.68899	0.00233	1	0.06611	-0.01499	0.71621	0.00373	1	1.45898	0.81042	0	
1258930	8490.92480	3305708846808	0.26299	0.39417	8490.71094	0.21387	11577	1	0.21185	0.27601	1	0.27684	0.41366	1	0.24435	0.34483	1	0.47482	0.53493	9.69258	1.08383	1	0.73735	0.56050	11.61892	1.09251	1	-0.00506	-0.00951	0.68899	0.00234	1	0.06611	-0.01499	0.71621	0.00357	1	1.45898	0.81042	0	
1258931	8490.93262	3305708917521	0.26238	0.39252	8490.71094	0.22168	11577	1	0.20885	0.26861	1	0.27563	0.40752	1	0.24224	0.33806	1	0.47486	0.53505	9.98190	1.09251	1	0.73695	0.56045	12.24309	1.10119	1	-0.00493	-0.00932	0.67141	0.00230	1	0.06421	-0.01458	0.69681	0.00367	1	1.45898	0.81042	0	
1258932	8490.93848	3305708984144	0.26188	0.39319	8490.71094	0.22754	11577	1	0.22671	0.32897	1	0.26352	0.50322	1	0.24512	0.41609	1	0.47479	0.53494	9.70143	1.10119	1	0.73725	0.56056	11.41029	1.10119	1	-0.00493	-0.00932	0.67141	0.00229	1	0.06421	-0.01458	0.69681	0.00374	1	1.45898	0.81042	0	
1258933	8490.94531	3305709047811	0.26183	0.39351	8490.71094	0.23438	11577	1	0.24377	0.30802	1	0.27643	0.50144	1	0.26010	0.40473	1	0.47486	0.53496	9.81517	1.10119	1	0.73691	0.56108	12.49317	1.10119	1	-0.00493	-0.00932	0.67141	0.00230	1	0.06421	-0.01458	0.69681	0.00361	1	1.45898	0.81042	0	
1258934	8490.95215	3305709117939	0.26185	0.39404	8490.71094	0.24121	11577	1	0.24632	0.31449	1	0.27876	0.51186	1	0.26254	0.41317	1	0.47449	0.53495	9.82555	1.09317	1	0.73675	0.56070	11.97353	1.08449	1	-0.00486	-0.00909	0.65533	0.00220	1	0.06301	-0.01432	0.68432	0.00359	1	1.45898	0.81042	0	
1258935	8490.95898	3305709184700	0.26150	0.39421	8490.71094	0.24805	11577	1	0.22932	0.29167	1	0.26792	0.50949	1	0.24862	0.40058	1	0.47451	0.53500	10.02510	1.07648	1	0.73681	0.56052	11.85029	1.06780	1	-0.00486	-0.00909	0.65533	0.00219	1	0.06301	-0.01432	0.68432	0.00349	1	1.45898	0.81042	0	
1258936	8490.96582	3305709250423	0.26125	0.39566	8490.71094	0.25488	11577	1	0.23584	0.36961	1	0.26698	0.53135	1	0.25141	0.45048	1	0.47453	0.53507	9.79006	1.05978	1	0.73675	0.56115	12.06798	1.05110	1	-0.00486	-0.00909	0.65533	0.00220	1	0.06301	-0.01432	0.68432	0.00361	1	1.45898	0.81042	0	
1258937	8490.97266	3305709318342	0.26112	0.39738	8490.71094	0.26172	11577	1	0.24154	0.38263	1	0.27076	0.54657	1	0.25615	0.46460	1	0.47439	0.53503	9.95480	1.04308	1	0.73650	0.56108	11.95741	1.02674	1	-0.00497	-0.00911	0.65686	0.00219	1	0.06008	-0.01367	0.65305	0.00369	1	1.45898	0.81042	0	
1258938	8490.97949	3305709385739	0.26098	0.39937	8490.71094	0.26855	11577	1	0.25426	0.37765	1	0.25689	0.58020	1	0.25557	0.47893	1	0.47435	0.53499	9.84300	1.02674	1	0.73654	0.56090	11.81846	1.01908	1	-0.00497	-0.00911	0.65686	0.00219	1	0.06008	-0.01367	0.65305	0.00369	1	1.45898	0.81042	0	
1258939	8490.98535	3305709452643	0.26084	0.40037	8490.71094	0.27441	11577	1	0.25477	0.34147	1	0.25526	0.54097	1	0.25502	0.44122	1	0.47430	0.53486	9.98094	1.01908	1	0.73644	0.56107	11.98614	1.01142	1	-0.00497	-0.00911	0.65686	0.00225	1	0.06008	-0.01367	0.65305	0.00371	1	1.45898	0.81042	0	
1258940	8490.99219	3305709519662	0.26069	0.40125	8490.71094	0.28125	11577	1	0.25465	0.34117	1	0.25388	0.53585	1	0.25426	0.43851	1	0.47411	0.53504	9.88726	1.01944	1	0.73643	0.56068	12.15857	1.01944	1	-0.00528	-0.00952	0.68986	0.00231	1	0.06316	-0.01438	0.68702	0.00362	1	1.45898	0.81042	0	
1258941	8490.99902	3305709586681	0.26078	0.40277	8490.71094	0.28809	11577	1	0.26075	0.40069	1	0.26854	0.53555	1	0.26465	0.46812	1	0.47391	0.53523	10.00752	1.02746	1	0.73639	0.56075	12.10964	1.03512	1	-0.00528	-0.00952	0.68986	0.00218	1	0.06316	-0.01438	0.68702	0.00364	1	1.45898	0.81042	0	
1258942	8491.00586	3305709653310	0.25537	0.43138	8490.71094	0.28809	11577	0	0.25617	0.39448	1	0.28142	0.52967	1	0.26879	0.46208	1	0.47388	0.53517	9.81293	1.04313	1	0.73628	0.56124	12.09943	1.05079	1	-0.00528	-0.00952	0.68986	0.00219	1	0.06316	-0.01438	0.68702	0.00368	1	1.45898	0.81042	0	
1258943	8491.01270	3305709720714	0.26087	0.44270	8490.71094	0.28809	11577	0	0.25364	0.38861	1	0.27911	0.51943	1	0.26637	0.45402	1	0.47381	0.53513	9.65030	1.05079	1	0.73584	0.56087	11.96428	1.06713	1	-0.00512	-0.00919	0.66265	0.00219	1	0.06478	-0.01476	0.70527	0.00373	1	1.45898	0.81042	0	
1258944	8491.01953	3305709787621	0.25619	0.42337	8490.71094	0.28809	11577	0	0.22956	0.30003	1	0.26412	0.46939	1	0.24684	0.38471	1	0.47371	0.53495	9.45525	1.05912	1	0.73591	0.56059	11.91582	1.06780	1	-0.00512	-0.00919	0.66265	0.00220	1	0.06478	-0.01476	0.70527	0.00358	1	1.45898	0.81042	0	
1258945	8491.02637	3305709854273	0.25502	0.41697	8491.00586	0.02051	11578	1	0.23683	0.32532	1	0.26618	0.47020	1	0.25151	0.39776	1	0.47387	0.53509	9.71110	1.05978	1	0.73596	0.56063	12.09723	1.06846	1	-0.00512	-0.00919	0.66265	0.00216	1	0.06478	-0.01476	0.70527	0.00358	1	1.45898	0.81042	0	
1258946	8491.03223	3305709921503	0.25442	0.41361	8491.00586	0.02637	11578	1	0.23660	0.32478	1	0.26741	0.47557	1	0.25201	0.40017	1	0.47351	0.53483	9.98125	1.06044	1	0.73595	0.56127	12.12334	1.06044	1	-0.00509	-0.00909	0.65888	0.00226	1	0.06304	-0.01437	0.68689	0.00362	1	1.45898	0.81042	0	
1258947	8491.03906	3305709987532	0.25187	0.41868	8491.00586	0.03320	11578	1	0.22146	0.31431	1	0.25682	0.57375	1	0.23914	0.44403	1	0.47358	0.53504	9.65025	1.06044	1	0.73587	0.56111	12.06050	1.05176	1	-0.00509	-0.00909	0.65888	0.00237	1	0.06304	-0.01437	0.68689	0.00361	1	1.45898	0.81042	0	
1258948	8491.04590	3305710053528	0.25099	0.42059	8491.00586	0.04004	11578	1	0.23232	0.30951	1	0.25902	0.55456	1	0.24567	0.43204	1	0.47334	0.53492	9.81220	1.05176	1	0.73577	0.56078	11.78471	1.04308	1	-0.00509	-0.00909	0.65888	0.00227	1	0.06304	-0.01437	0.68689	0.00377	1	1.45898	0.81042	0	
1258949	8491.05273	3305710123331	0.25013	0.42154	8491.00586	0.04688	11578	1	0.22944	0.30239	1	0.25889	0.55410	1	0.24417	0.42824	1	0.47333	0.53490	9.83377	1.06019	1	0.73561	0.56039	11.69603	1.04385	1	-0.00554	-0.00972	0.70401	0.00226	1	0.05994	-0.01368	0.65368	0.00366	1	1.45898	0.81042	0	
1258950	8491.05957	3305710189102	0.24865	0.42258	8491.00586	0.05371	11578	1	0.22981	0.30773	1	0.24369	0.55409	1	0.23675	0.43091	1	0.47333	0.53490	9.83377	1.06095	1	0.73560	0.56073	12.00334	1.05329	1	-0.00554	-0.00972	0.70401	0.00226	1	0.05994	-0.01368	0.65368	0.00358	1	1.45898	0.81042	0	
1258951	8491.06641	3305710257231	0.24785	0.42114	8491.00586	0.06055	11578	1	0.22659	0.29980	1	0.25469	0.51657	1	0.24064	0.40818	1	0.47333	0.53490	9.83377	1.07039	1	0.73568	0.56049	11.72379	1.06273	1	-0.00554	-0.00972	0.70401	0.00226	1	0.05994	-0.01368	0.65368	0.00364	1	1.45898	0.81042	0	
1258952	8491.07324	3305710323561	0.24713	0.41972	8491.00586	0.06738	11578	1	0.22647	0.29950	1	0.25337	0.51151	1	0.23992	0.40550	1	0.47333	0.53490	9.83377	1.07075	1	0.73567	0.56035	11.66133	1.07075	1	-0.00542	-0.00941	0.68174	0.00226	1	0.06145	-0.01403	0.67062	0.00362	1	1.45898	0.81042	0	
1258953	8491.07910	3305710390382	0.24729	0.41763	8491.00586	0.07324	11578	1	0.24139	0.30929	1	0.25672	0.47986	1	0.24905	0.39457	1	0.47353	0.53491	9.70636	1.06166	1	0.73585	0.56021	11.37675	1.06932	1	-0.00542	-0.00941	0.68174	0.00217	1	0.06145	-0.01403	0.67062	0.00364	1	1.45898	0.81042	0	
1258954	8491.08594	3305710457169	0.24822	0.41757	8491.00586	0.08008	11578	1	0.24111	0.32074	1	0.27780	0.51313	1	0.25946	0.41694	1	0.47336	0.53508	9.49658	1.06024	1	0.73572	0.56050	11.71577	1.06790	1	-0.00542	-0.00941	0.68174	0.00219	1	0.06145	-0.01403	0.67062	0.00363	1	1.45898	0.81042	0	
1258955	8491.09277	3305710525096	0.24905	0.41760	8491.00586	0.08691	11578	1	0.24159	0.32192	1	0.27800	0.51403	1	0.25980	0.41798	1	0.47325	0.53479	9.51543	1.05881	1	0.73587	0.56034	11.08519	1.06647	1	-0.00542	-0.00941	0.68174	0.00226	1	0.06145	-0.01403	0.67062	0.00371	1	1.45898	0.81042	0	
1258956	8491.09961	3305710587926	0.24997	0.41496	8491.00586	0.09375	11578	1	0.24389	0.29960	1	0.28195	0.45636	1	0.26292	0.37798	1	0.47315	0.53487	9.62285	1.06647	1	0.73580	0.55991	10.92641	1.06647	1	-0.00542	-0.00941	0.68174	0.00216	1	0.06145	-0.01403	0.67062	0.00387	1	1.45898	0.81042	0	
1258957	8491.10645	3305710655794	0.25119	0.41302	8491.00586	0.10059	11578	1	0.25400	0.31023	1	0.28479	0.45754	1	0.26940	0.38389	1	0.47329	0.53493	9.90889	1.06647	1	0.73586	0.55992	11.10210	1.06647	1	-0.00542	-0.00941	0.68174	0.00212	1	0.06145	-0.01403	0.67062	0.00384	1	1.45898	0.81042	0	
1258958	8491.11328	3305710725732	0.25222	0.41113	8491.00586	0.10742	11578	1	0.25400	0.31023	1	0.28361	0.45160	1	0.26880	0.38092	1	0.47322	0.53484	9.63330	1.06647	1	0.73573	0.56020	11.39295	1.07515	1	-0.00542	-0.00941	0.68174	0.00212	1	0.06388	-0.01455	0.69771	0.00379	1	1.45898	0.81042	0	AUDIO_FILE_OFFSET
1258959	8491.12012	3305710792889	0.25284	0.41058	8491.00586	0.11426	11578	1	0.23739	0.34599	1	0.28926	0.45639	1	0.26333	0.40119	1	0.47319	0.53494	9.54805	1.07515	1	0.73564	0.56012	11.34823	1.08383	1	-0.00542	-0.00941	0.68174	0.00209	1	0.06388	-0.01455	0.69771	0.00384	1	1.45898	0.81042	0	
1258960	8491.12598	3305710859068	0.25316	0.40761	8491.00586	0.12012	11578	1	0.23730	0.27738	1	0.28044	0.43083	1	0.25887	0.35411	1	0.47318	0.53482	9.65489	1.08383	1	0.73549	0.55990	11.53776	1.09251	1	-0.00542	-0.00941	0.68174	0.00213	1	0.06388	-0.01455	0.69771	0.00389	1	1.45898	0.81042	0	
1258961	8491.13281	3305710926270	0.25337	0.40475	8491.00586	0.12695	11578	1	0.23446	0.27000	1	0.28044	0.43083	1	0.25745	0.35042	1	0.47320	0.53483	9.60412	1.09251	1	0.73560	0.56014	11.87584	1.09251	1	-0.00542	-0.00941	0.68174	0.00213	1	0.06145	-0.01403	0.67062	0.00367	1	1.45898	0.81042	0	
1258962	8491.13965	3305710994309	0.25376	0.40279	8491.00586	0.13379	11578	1	0.23251	0.25872	1	0.29048	0.46857	1	0.26150	0.36364	1	0.47315	0.53475	10.27935	1.09251	1	0.73565	0.56021	11.73721	1.08383	1	-0.00542	-0.00941	0.68174	0.00212	1	0.06145	-0.01403	0.67062	0.00358	1	1.45898	0.81042	0	
1258963	8491.14648	3305711059829	0.25424	0.40121	8491.00586	0.14062	11578	1	0.23269	0.28229	1	0.29581	0.45373	1	0.26425	0.36801	1	0.47311	0.53487	9.41773	1.08383	1	0.73565	0.55995	11.55273	1.07515	1	-0.00542	-0.00941	0.68174	0.00209	1	0.06145	-0.01403	0.67062	0.00371	1	1.45898	0.81042	0	
1258964	8491.15332	3305711126003	0.25473	0.39992	8491.00586	0.14746	11578	1	0.23556	0.28963	1	0.29581	0.45373	1	0.26569	0.37168	1	0.47296	0.53491	9.45110	1.07515	1	0.73556	0.55982	11.82761	1.07515	1	-0.00542	-0.00941	0.68174	0.00217	1	0.06449	-0.01474	0.70440	0.00375	1	1.45898	0.81042	0	STOP_TRIAL
1259116	8492.17090	3305721308671	0.00000	0.00000	8491.94336	0.16113	11581	0	0.43207	0.55348	0	0.40377	0.50246	0	0.40377	0.50246	0	0.47500	0.53865	11.05930	1.10281	0	0.73512	0.55977	11.58286	1.10281	0	-0.00593	-0.00976	0.69947	0.00350	1	0.06190	-0.01408	0.67777	0.00327	1	1.45898	0.81042	0	START_TRIAL
1259117	8492.17773	3305721375734	0.00000	0.00000	8491.94336	0.16113	11581	0	0.43207	0.55348	0	0.40377	0.50246	0	0.40377	0.50246	0	0.47500	0.53865	11.05930	1.10281	0	0.73512	0.55977	11.58286	1.10281	0	-0.00593	-0.00976	0.69947	0.00350	1	0.06190	-0.01408	0.67777	0.00327	1	1.45898	0.81042	0	
1259118	8492.18457	3305721442737	0.00000	0.00000	8491.94336	0.16113	11581	0	0.43207	0.55348	0	0.40377	0.50246	0	0.40377	0.50246	0	0.47500	0.53865	11.05930	1.10281	0	0.73512	0.55977	11.58286	1.10281	0	-0.00593	-0.00976	0.69947	0.00350	1	0.06190	-0.01408	0.67777	0.00327	1	1.45898	0.81042	0	
1259119	8492.19141	3305721509897	0.00000	0.00000	8491.94336	0.16113	11581	0	0.43207	0.55348	0	0.40377	0.50246	0	0.40377	0.50246	0	0.47500	0.53865	11.05930	1.10281	0	0.73512	0.55977	11.58286	1.10281	0	-0.00593	-0.00976	0.69947	0.00350	1	0.06190	-0.01408	0.67777	0.00327	1	1.45898	0.81042	0	
1259120	8492.19824	3305721576489	0.00000	0.00000	8491.94336	0.16113	11581	0	0.43207	0.55348	0	0.40377	0.50246	0	0.40377	0.50246	0	0.47500	0.53865	11.05930	1.10281	0	0.73512	0.55977	11.58286	1.10281	0	-0.00593	-0.00976	0.69947	0.00350	1	0.06190	-0.01408	0.67777	0.00327	1	1.45898	0.81042	0	
1259121	8492.20508	3305721643172	0.00000	0.00000	8491.94336	0.16113	11581	0	0.43207	0.55348	0	0.40377	0.50246	0	0.40377	0.50246	0	0.47500	0.53865	11.05930	1.10281	0	0.73512	0.55977	11.58286	1.10281	0	-0.00593	-0.00976	0.69947	0.00350	1	0.06190	-0.01408	0.67777	0.00327	1	1.45898	0.81042	0	
1259122	8492.21191	3305721709997	0.00000	0.00000	8491.94336	0.16113	11581	0	0.43207	0.55348	0	0.40377	0.50246	0	0.40377	0.50246	0	0.47500	0.53865	11.05930	1.10281	0	0.73512	0.55977	11.58286	1.10281	0	-0.00593	-0.00976	0.69947	0.00350	1	0.06190	-0.01408	0.67777	0.00327	1	1.45898	0.81042	0	
1259123	8492.21777	3305721777591	0.00000	0.00000	8491.94336	0.16113	11581	0	0.43207	0.55348	0	0.40377	0.50246	0	0.40377	0.50246	0	0.47500	0.53865	11.05930	1.10281	0	0.73512	0.55977	11.58286	1.10281	0	-0.00593	-0.00976	0.69947	0.00350	1	0.06190	-0.01408	0.67777	0.00327	1	1.45898	0.81042	0	
1259124	8492.22461	3305721843953	0.00000	0.00000	8491.94336	0.16113	11581	0	0.43207	0.55348	0	0.40377	0.50246	0	0.40377	0.50246	0	0.47500	0.53865	11.05930	1.10281	0	0.73512	0.55977	11.58286	1.10281	0	-0.00593	-0.00976	0.69947	0.00350	1	0.06190	-0.01408	0.67777	0.00327	1	1.45898	0.81042	0	
1259125	8492.23145	3305721911380	0.00000	0.00000	8491.94336	0.16113	11581	0	0.43207	0.55348	0	0.40377	0.50246	0	0.40377	0.50246	0	0.47500	0.53865	11.05930	1.10281	0	0.73512	0.55977	11.58286	1.10281	0	-0.00593	-0.00976	0.69947	0.00350	1	0.06190	-0.01408	0.67777	0.00327	1	1.45898	0.81042	0	
1259126	8492.23828	3305721978521	0.00000	0.00000	8491.94336	0.16113	11581	0	0.43207	0.55348	0	0.40377	0.50246	0	0.40377	0.50246	0	0.47500	0.53865	11.05930	1.10281	0	0.73512	0.55977	11.58286	1.10281	0	-0.00593	-0.00976	0.69947	0.00350	1	0.06190	-0.01408	0.67777	0.00327	1	1.45898	0.81042	0	
1259127	8492.24512	3305722045066	0.00000	0.00000	8491.94336	0.16113	11581	0	0.43207	0.55348	0	0.40377	0.50246	0	0.40377	0.50246	0	0.47500	0.53865	11.05930	1.10281	0	0.73512	0.55977	11.58286	1.10281	0	-0.00593	-0.00976	0.69947	0.00350	1	0.06190	-0.01408	0.67777	0.00327	1	1.45898	0.81042	0	
1259128	8492.25195	3305722112315	0.00000	0.00000	8491.94336	0.16113	11581	0	0.43207	0.55348	0	0.40377	0.50246	0	0.40377	0.50246	0	0.47500	0.53865	11.05930	1.10281	0	0.73512	0.55977	11.58286	1.10281	0	-0.00593	-0.00976	0.69947	0.00350	1	0.06190	-0.01408	0.67777	0.00327	1	1.45898	0.81042	0	
1259129	8492.25879	3305722179617	0.00000	0.00000	8491.94336	0.16113	11581	0	0.43207	0.55348	0	0.40377	0.50246	0	0.40377	0.50246	0	0.47500	0.53865	11.05930	1.10281	0	0.73512	0.55977	11.58286	1.10281	0	-0.00593	-0.00976	0.69947	0.00350	1	0.06190	-0.01408	0.67777	0.00327	1	1.45898	0.81042	0	
1259130	8492.26562	3305722246910	0.00000	0.00000	8491.94336	0.16113	11581	0	0.43207	0.55348	0	0.40377	0.50246	0	0.40377	0.50246	0	0.47500	0.53865	11.05930	1.10281	0	0.73512	0.55977	11.58286	1.10281	0	-0.00593	-0.00976	0.69947	0.00350	1	0.06190	-0.01408	0.67777	0.00327	1	1.45898	0.81042	0	
1259131	8492.27148	3305722314241	0.00000	0.00000	8491.94336	0.16113	11581	0	0.43207	0.55348	0	0.40377	0.50246	0	0.40377	0.50246	0	0.47500	0.53865	11.05930	1.10281	0	0.73512	0.55977	11.58286	1.10281	0	-0.00593	-0.00976	0.69947	0.00350	1	0.06190	-0.01408	0.67777	0.00327	1	1.45898	0.81042	0	
1259132	8492.27832	3305722378573	0.00000	0.00000	8491.94336	0.16113	11581	0	0.43207	0.55348	0	0.40377	0.50246	0	0.40377	0.50246	0	0.47500	0.53865	11.05930	1.10281	0	0.73512	0.55977	11.58286	1.10281	0	-0.00593	-0.00976	0.69947	0.00350	1	0.06190	-0.01408	0.67777	0.00327	1	1.45898	0.81042	0	
1259133	8492.28516	3305722447155	0.00000	0.00000	8491.94336	0.16113	11581	0	0.43207	0.55348	0	0.40377	0.50246	0	0.40377	0.50246	0	0.47500	0.53865	11.05930	1.10281	0	0.73512	0.55977	11.58286	1.10281	0	-0.00593	-0.00976	0.69947	0.00350	1	0.06190	-0.01408	0.67777	0.00327	1	1.45898	0.81042	0	
1259134	8492.29199	3305722514102	0.00000	0.00000	8491.94336	0.16113	11581	0	0.43207	0.55348	0	0.40377	0.50246	0	0.40377	0.50246	0	0.47500	0.53865	11.05930	1.10281	0	0.73512	0.55977	11.58286	1.10281	0	-0.00593	-0.00976	0.69947	0.00350	1	0.06190	-0.01408	0.67777	0.00327	1	1.45898	0.81042	0	
1259135	8492.29883	3305722578718	0.00000	0.00000	8491.94336	0.16113	11581	0	0.43207	0.55348	0	0.40377	0.50246	0	0.40377	0.50246	0	0.47500	0.53865	11.05930	1.10281	0	0.73512	0.55977	11.58286	1.10281	0	-0.00593	-0.00976	0.69947	0.00350	1	0.06190	-0.01408	0.67777	0.00327	1	1.45898	0.81042	0	
1259136	8492.30469	3305722646061	0.00000	0.00000	8491.94336	0.16113	11581	0	0.43207	0.55348	0	0.40377	0.50246	0	0.40377	0.50246	0	0.47500	0.53865	11.05930	1.10281	0	0.73512	0.55977	11.58286	1.10281	0	-0.00593	-0.00976	0.69947	0.00350	1	0.06190	-0.01408	0.67777	0.00327	1	1.45898	0.81042	0	
1259137	8492.31152	3305722711569	0.00000	0.00000	8491.94336	0.16113	11581	0	0.43207	0.55348	0	0.40377	0.50246	0	0.40377	0.50246	0	0.47500	0.53865	11.05930	1.10281	0	0.73512	0.55977	11.58286	1.10281	0	-0.00593	-0.00976	0.69947	0.00350	1	0.06190	-0.01408	0.67777	0.00327	1	1.45898	0.81042	0	
1259138	8492.31836	3305722779033	0.00000	0.00000	8491.94336	0.16113	11581	0	0.43207	0.55348	0	0.40377	0.50246	0	0.40377	0.50246	0	0.47500	0.53865	11.05930	1.10281	0	0.73512	0.55977	11.58286	1.10281	0	-0.00593	-0.00976	0.69947	0.00350	1	0.06190	-0.01408	0.67777	0.00327	1	1.45898	0.81042	0	
1259139	8492.32520	3305722846314	0.00000	0.00000	8491.94336	0.16113	11581	0	0.43207	0.55348	0	0.40377	0.50246	0	0.40377	0.50246	0	0.47500	0.53865	11.05930	1.10281	0	0.73512	0.55977	11.58286	1.10281	0	-0.00593	-0.00976	0.69947	0.00350	1	0.06190	-0.01408	0.67777	0.00327	1	1.45898	0.81042	0	
1259140	8492.33203	3305722915414	0.00000	0.00000	8491.94336	0.16113	11581	0	0.43207	0.55348	0	0.40377	0.50246	0	0.40377	0.50246	0	0.47500	0.53865	11.05930	1.10281	0	0.73512	0.55977	11.58286	1.10281	0	-0.00593	-0.00976	0.69947	0.00350	1	0.06190	-0.01408	0.67777	0.00327	1	1.45898	0.81042	0	
1259141	8492.33887	3305722982221	0.20833	0.26318	8491.94336	0.16113	11581	0	0.42930	0.54453	1	0.40402	0.50818	1	0.41666	0.52636	1	0.46875	0.53354	10.93520	1.09373	1	0.73175	0.55623	11.42015	1.09373	1	-0.00667	-0.00913	0.68391	0.00219	1	0.06132	-0.01347	0.68039	0.00381	1	1.45898	0.81042	0	
1259142	8492.34473	3305723045736	0.22637	0.31302	8491.94336	0.16113	11581	0	0.24574	0.37860	1	0.27917	0.44684	1	0.26246	0.41272	1	0.46859	0.53349	10.60780	1.08464	1	0.73232	0.55699	11.92342	1.08464	1	-0.00667	-0.00913	0.68391	0.00227	1	0.06132	-0.01347	0.68039	0.00389	1	1.45898	0.81042	0	
1259143	8492.35156	3305723113663	0.31365	0.45871	8491.94336	0.16113	11581	0	0.24870	0.38544	1	0.27497	0.48866	1	0.26184	0.43705	1	0.46859	0.53349	10.60780	1.07555	1	0.73219	0.55699	12.08158	1.07555	1	-0.00667	-0.00913	0.68391	0.00227	1	0.06132	-0.01347	0.68039	0.00380	1	1.45898	0.81042	0	
1259144	8492.35938	3305723184624	0.28909	0.45231	8491.94336	0.16113	11581	0	0.25166	0.39228	1	0.27739	0.49954	1	0.26453	0.44591	1	0.46874	0.53340	10.56992	1.06647	1	0.73220	0.55667	11.86368	1.05881	1	-0.00667	-0.00913	0.68391	0.00222	1	0.05936	-0.01303	0.65809	0.00391	1	1.45898	0.81042	0	
1259145	8492.36523	3305723251671	0.28021	0.45522	8491.94336	0.16113	11581	0	0.25417	0.39805	1	0.27077	0.52401	1	0.26247	0.46103	1	0.46858	0.53349	10.61826	1.05881	1	0.73222	0.55657	12.02346	1.05115	1	-0.00667	-0.00913	0.68391	0.00227	1	0.05936	-0.01303	0.65809	0.00385	1	1.45898	0.81042	0	
1259146	8492.37207	3305723317925	0.27886	0.46288	8492.35156	0.02051	11582	1	0.26017	0.40279	1	0.28941	0.56891	1	0.27479	0.48585	1	0.46872	0.53350	10.23008	1.05115	1	0.73240	0.55707	12.25026	1.04349	1	-0.00667	-0.00913	0.68391	0.00223	1	0.05936	-0.01303	0.65809	0.00341	1	1.45898	0.81042	0	
1259147	8492.37891	3305723383110	0.27899	0.47009	8492.35156	0.02734	11582	1	0.26760	0.41996	1	0.29147	0.57793	1	0.27953	0.49894	1	0.46884	0.53336	10.19244	1.02835	1	0.73230	0.55705	12.78596	1.02835	1	-0.00637	-0.00855	0.64381	0.00229	1	0.06078	-0.01330	0.67441	0.00349	1	1.45898	0.81042	0	
1259148	8492.38574	3305723450499	0.27926	0.47328	8492.35156	0.03418	11582	1	0.27936	0.40764	1	0.28179	0.57081	1	0.28058	0.48923	1	0.46869	0.53323	10.26796	1.01321	1	0.73228	0.55705	12.43197	1.02086	1	-0.00637	-0.00855	0.64381	0.00241	1	0.06078	-0.01330	0.67441	0.00350	1	1.45898	0.81042	0	
1259149	8492.39258	3305723519661	0.27950	0.47740	8492.35156	0.04102	11582	1	0.27909	0.42893	1	0.28288	0.57535	1	0.28098	0.50214	1	0.46876	0.53338	10.03365	1.00572	1	0.73229	0.55701	12.35801	1.01338	1	-0.00637	-0.00855	0.64381	0.00241	1	0.06078	-0.01330	0.67441	0.00351	1	1.45898	0.81042	0	
1259150	8492.39941	3305723587290	0.27938	0.47951	8492.35156	0.04785	11582	1	0.27660	0.42311	1	0.28050	0.56544	1	0.27855	0.49428	1	0.46863	0.53313	10.21481	1.01338	1	0.73239	0.55686	12.01789	1.02972	1	-0.00672	-0.00896	0.67855	0.00226	1	0.06341	-0.01381	0.70295	0.00352	1	1.45898	0.81042	0	
1259151	8492.40527	3305723652633	0.28014	0.47299	8492.35156	0.05371	11582	1	0.26428	0.36183	1	0.30805	0.47980	1	0.28616	0.42082	1	0.46863	0.53308	10.01327	1.04486	1	0.73232	0.55682	12.24578	1.05354	1	-0.00672	-0.00896	0.67855	0.00227	1	0.06341	-0.01381	0.70295	0.00348	1	1.45898	0.81042	0	
1259152	8492.41211	3305723720476	0.28069	0.46607	8492.35156	0.06055	11582	1	0.25154	0.34269	1	0.31984	0.46497	1	0.28569	0.40383	1	0.46861	0.53310	9.98190	1.06869	1	0.73250	0.55664	12.45142	1.07737	1	-0.00672	-0.00896	0.67855	0.00229	1	0.06341	-0.01381	0.70295	0.00353	1	1.45898	0.81042	0	
1259153	8492.41895	3305723786791	0.28073	0.45909	8492.35156	0.06738	11582	1	0.24385	0.32364	1	0.31828	0.45478	1	0.28106	0.38921	1	0.46854	0.53304	10.04961	1.09251	1	0.73202	0.55653	12.36767	1.09251	1	-0.00672	-0.00896	0.67855	0.00232	1	0.06078	-0.01320	0.67441	0.00356	1	1.45898	0.81042	0	
1259154	8492.42578	3305723853467	0.28057	0.45318	8492.35156	0.07422	11582	1	0.26576	0.32942	1	0.29199	0.44709	1	0.27888	0.38826	1	0.46863	0.53310	10.37202	1.09251	1	0.73210	0.55654	12.19234	1.08383	1	-0.00672	-0.00896	0.67855	0.00228	1	0.06078	-0.01320	0.67441	0.00367	1	1.45898	0.81042	0	
1259155	8492.43262	3305723919980	0.28087	0.44717	8492.35156	0.08105	11582	1	0.26446	0.31848	1	0.30439	0.43146	1	0.28443	0.37497	1	0.46854	0.53304	10.04961	1.08383	1	0.73224	0.55625	12.47876	1.07515	1	-0.00672	-0.00896	0.67855	0.00231	1	0.06078	-0.01320	0.67441	0.00369	1	1.45898	0.81042	0	
1259156	8492.43945	3305723987937	0.28138	0.44291	8492.35156	0.08789	11582	1	0.26961	0.33200	1	0.30635	0.44322	1	0.28798	0.38761	1	0.46825	0.53291	10.12169	1.06713	1	0.73200	0.55588	11.95635	1.05845	1	-0.00654	-0.00866	0.65581	0.00243	1	0.06132	-0.01327	0.68039	0.00374	1	1.45898	0.81042	0	
1259157	8492.44629	3305724054542	0.28160	0.44338	8492.35156	0.09473	11582	1	0.28067	0.41128	1	0.28880	0.48854	1	0.28474	0.44991	1	0.46856	0.53306	10.53105	1.05044	1	0.73242	0.55623	12.29764	1.05044	1	-0.00654	-0.00866	0.65581	0.00228	1	0.06132	-0.01327	0.68039	0.00374	1	1.45898	0.81042	0	
1259158	8492.45215	3305724121344	0.28151	0.44294	8492.35156	0.10059	11582	1	0.27349	0.37440	1	0.28666	0.49838	1	0.28008	0.43639	1	0.46845	0.53314	10.08073	1.04242	1	0.73236	0.55628	12.04653	1.04242	1	-0.00654	-0.00866	0.65581	0.00246	1	0.06132	-0.01327	0.68039	0.00373	1	1.45898	0.81042	0	
1259159	8492.45898	3305724189214	0.28153	0.44290	8492.35156	0.10742	11582	1	0.27602	0.38071	1	0.28777	0.50369	1	0.28190	0.44220	1	0.46854	0.53307	10.47033	1.03440	1	0.73244	0.55613	12.20570	1.03440	1	-0.00662	-0.00858	0.65394	0.00234	1	0.06132	-0.01327	0.68039	0.00382	1	1.45898	0.81042	0	
1259160	8492.46582	3305724255611	0.28217	0.44296	8492.35156	0.11426	11582	1	0.27232	0.38695	1	0.31392	0.50112	1	0.29312	0.44404	1	0.46842	0.53314	10.62388	1.03440	1	0.73239	0.55613	12.20454	1.03440	1	-0.00662	-0.00858	0.65394	0.00223	1	0.06132	-0.01327	0.68039	0.00386	1	1.45898	0.81042	0	
1259161	8492.47266	3305724322298	0.28192	0.44227	8492.35156	0.12109	11582	1	0.26669	0.37184	1	0.28816	0.48767	1	0.27743	0.42975	1	0.46831	0.53308	10.18604	1.03440	1	0.73191	0.55629	12.00381	1.03440	1	-0.00662	-0.00858	0.65394	0.00225	1	0.06132	-0.01327	0.68039	0.00373	1	1.45898	0.81042	0	
1259162	8492.47949	3305724390260	0.28291	0.41535	8492.35156	0.12109	11582	0	0.26118	0.35822	1	0.28581	0.47609	1	0.27349	0.41716	1	0.46803	0.53304	10.08564	1.05150	1	0.73186	0.55639	11.97845	1.05150	1	-0.00703	-0.00911	0.69416	0.00229	1	0.06132	-0.01327	0.68039	0.00369	1	1.45898	0.81042	0	
1259163	8492.48633	3305724456943	0.27498	0.41617	8492.35156	0.12109	11582	0	0.25792	0.34518	1	0.27616	0.48883	1	0.26704	0.41700	1	0.46820	0.53303	10.41094	1.06861	1	0.73190	0.55631	12.12681	1.06861	1	-0.00703	-0.00911	0.69416	0.00230	1	0.06132	-0.01327	0.68039	0.00360	1	1.45898	0.81042	0	
1259164	8492.49316	3305724524245	0.27041	0.41120	8492.35156	0.12109	11582	0	0.24235	0.34001	1	0.28021	0.46252	1	0.26128	0.40126	1	0.46809	0.53304	10.22294	1.08571	1	0.73185	0.55624	12.25618	1.08571	1	-0.00703	-0.00911	0.69416	0.00236	1	0.06132	-0.01327	0.68039	0.00363	1	1.45898	0.81042	0	
1259165	8492.50000	3305724590569	0.26779	0.40790	8492.47949	0.02051	11583	1	0.23974	0.33368	1	0.28016	0.46228	1	0.25995	0.39798	1	0.46805	0.53313	10.20875	1.09373	1	0.73188	0.55532	11.90760	1.08607	1	-0.00697	-0.00897	0.68338	0.00237	1	0.06038	-0.01308	0.67053	0.00381	1	1.45898	0.81042	0	
1259166	8492.50586	3305724657682	0.26775	0.40478	8492.47949	0.02637	11583	1	0.25401	0.35870	1	0.28114	0.42591	1	0.26758	0.39231	1	0.46794	0.53326	10.38555	1.07698	1	0.73190	0.55538	11.80940	1.06932	1	-0.00697	-0.00897	0.68338	0.00246	1	0.06038	-0.01308	0.67053	0.00366	1	1.45898	0.81042	0	
1259167	8492.51270	3305724724451	0.27035	0.40637	8492.47949	0.03320	11583	1	0.25884	0.36396	1	0.30786	0.46470	1	0.28335	0.41433	1	0.46792	0.53323	10.46377	1.06024	1	0.73194	0.55556	11.99561	1.05258	1	-0.00697	-0.00897	0.68338	0.00237	1	0.06038	-0.01308	0.67053	0.00362	1	1.45898	0.81042	0	
1259168	8492.51953	3305724791602	0.27273	0.40927	8492.47949	0.04004	11583	1	0.26423	0.37709	1	0.30982	0.47623	1	0.28702	0.42666	1	0.46798	0.53353	10.75747	1.04349	1	0.73171	0.55648	12.39263	1.03583	1	-0.00697	-0.00907	0.68338	0.00233	1	0.06038	-0.01308	0.67053	0.00345	1	1.45898	0.81042	0	
1259169	8492.52637	3305724858528	0.27688	0.41431	8492.47949	0.04688	11583	1	0.29550	0.35770	1	0.31630	0.54142	1	0.30590	0.44956	1	0.46797	0.53330	10.34907	1.03583	1	0.73211	0.55611	12.11196	1.03583	1	-0.00697	-0.00907	0.68338	0.00252	1	0.06038	-0.01308	0.67053	0.00344	1	1.45898	0.81042	0	
1259170	8492.53320	3305724924002	0.27843	0.41696	8492.47949	0.05371	11583	1	0.29684	0.36399	1	0.28476	0.51249	1	0.29080	0.43824	1	0.46786	0.53336	10.44697	1.03583	1	0.73152	0.55583	12.71164	1.03583	1	-0.00697	-0.00907	0.68338	0.00255	1	0.06038	-0.01308	0.67053	0.00370	1	1.45898	0.81042	0	
1259171	8492.54004	3305724992795	0.27978	0.41942	8492.47949	0.06055	11583	1	0.29923	0.37041	1	0.28481	0.51272	1	0.29202	0.44156	1	0.46763	0.53376	10.42125	1.02782	1	0.73138	0.55647	12.67095	1.03547	1	-0.00677	-0.00880	0.65935	0.00246	1	0.05910	-0.01283	0.65795	0.00362	1	1.45898	0.81042	0	
1259172	8492.54590	3305725058844	0.27920	0.42178	8492.47949	0.06641	11583	1	0.27147	0.35269	1	0.27521	0.53804	1	0.27334	0.44536	1	0.46759	0.53370	10.28922	1.02746	1	0.73127	0.55665	12.93130	1.03512	1	-0.00677	-0.00880	0.65935	0.00247	1	0.05910	-0.01283	0.65795	0.00362	1	1.45898	0.81042	0	
1259173	8492.55273	3305725126694	0.27991	0.42217	8492.47949	0.07324	11583	1	0.29229	0.36905	1	0.28317	0.48389	1	0.28773	0.42647	1	0.46778	0.53378	10.34087	1.02710	1	0.73138	0.55605	12.47468	1.03476	1	-0.00677	-0.00880	0.65935	0.00239	1	0.05910	-0.01283	0.65795	0.00381	1	1.45898	0.81042	0	
1259174	8492.55957	3305725192259	0.28052	0.42252	8492.47949	0.08008	11583	1	0.29240	0.36934	1	0.28322	0.48414	1	0.28781	0.42674	1	0.46745	0.53430	10.70904	1.02674	1	0.73140	0.55654	12.11034	1.03440	1	-0.00677	-0.00890	0.65935	0.00260	1	0.05910	-0.01293	0.65795	0.00373	1	1.45898	0.81042	0	
1259175	8492.56641	3305725260113	0.28021	0.42332	8492.47949	0.08691	11583	1	0.26084	0.36314	1	0.29156	0.50419	1	0.27620	0.43366	1	0.46750	0.53440	10.34430	1.03440	1	0.73125	0.55676	11.99058	1.03440	1	-0.00677	-0.00890	0.65935	0.00265	1	0.05910	-0.01293	0.65795	0.00351	1	1.45898	0.81042	0	
1259176	8492.57324	3305725327478	0.27952	0.42452	8492.47949	0.09375	11583	1	0.25994	0.35339	1	0.27974	0.52924	1	0.26984	0.44131	1	0.46745	0.53430	10.70904	1.03440	1	0.73100	0.55708	12.35579	1.03440	1	-0.00677	-0.00890	0.65935	0.00261	1	0.05910	-0.01293	0.65795	0.00351	1	1.45898	0.81042	0	
1259177	8492.58008	3305725396816	0.27879	0.42521	8492.47949	0.10059	11583	1	0.25731	0.34686	1	0.27857	0.52413	1	0.26794	0.43549	1	0.46748	0.53510	10.90400	1.04242	1	0.73136	0.55663	12.25330	1.04242	1	-0.00705	-0.00930	0.68113	0.00256	1	0.05910	-0.01303	0.65795	0.00336	1	1.45898	0.81042	0	
1259178	8492.58691	3305725461875	0.27870	0.42575	8492.47949	0.10742	11583	1	0.26539	0.35068	1	0.28895	0.51826	1	0.27717	0.43447	1	0.46760	0.53528	10.65067	1.05044	1	0.73119	0.55754	12.72395	1.05044	1	-0.00705	-0.00930	0.68113	0.00244	1	0.05910	-0.01303	0.65795	0.00359	1	1.45898	0.81042	0	
1259179	8492.59375	3305725528403	0.27775	0.41970	8492.47949	0.11426	11583	1	0.22084	0.21305	1	0.30256	0.42072	1	0.26170	0.31689	1	0.46763	0.53485	10.32957	1.05845	1	0.73176	0.55736	12.05788	1.05845	1	-0.00705	-0.00930	0.68113	0.00237	1	0.05910	-0.01303	0.65795	0.00377	1	1.45898	0.81042	0	
1259180	8492.59961	3305725595377	0.27681	0.41394	8492.47949	0.12012	11583	1	0.21808	0.20556	1	0.30159	0.41491	1	0.25984	0.31023	1	0.47171	0.53994	11.63643	1.06647	1	0.73359	0.55971	11.84501	1.06647	1	-0.00672	-0.00998	0.68946	0.00291	1	0.06132	-0.01388	0.68039	0.00305	1	1.45898	0.81042	0	
1259181	8492.60645	3305725662202	0.28138	0.42253	8492.47949	0.12695	11583	1	0.39140	0.56435	1	0.34514	0.60710	1	0.36827	0.58572	1	0.47157	0.54040	11.37443	1.06647	1	0.73345	0.56050	11.80437	1.06647	1	-0.00672	-0.00998	0.68946	0.00305	1	0.06132	-0.01388	0.68039	0.00345	1	1.45898	0.81042	0	
1259182	8492.61328	3305725727046	0.28509	0.42897	8492.47949	0.13379	11583	1	0.38147	0.61138	1	0.33695	0.50394	1	0.35921	0.55766	1	0.47179	0.54101	11.30875	1.06647	1	0.73362	0.56054	11.61041	1.06647	1	-0.00672	-0.00998	0.68946	0.00326	1	0.06132	-0.01388	0.68039	0.00352	1	1.45898	0.81042	0	
1259183	8492.62012	3305725796525	0.28846	0.43481	8492.47949	0.14062	11583	1	0.38147	0.61138	1	0.33695	0.50394	1	0.35921	0.55766	1	0.47307	0.54206	12.51463	1.06647	1	0.73481	0.56167	11.27007	1.06647	1	-0.00625	-0.01009	0.67260	0.00300	1	0.06005	-0.01395	0.66408	0.00319	1	1.45898	0.81042	0	
1259184	8492.62695	3305725862997	0.31198	0.46384	8492.47949	0.14062	11583	0	0.52210	0.66165	1	0.41557	0.61778	1	0.46883	0.63972	1	0.47387	0.54271	12.57546	1.06647	1	0.73494	0.56256	11.51579	1.06647	1	-0.00625	-0.01009	0.67260	0.00329	1	0.06005	-0.01395	0.66408	0.00318	1	1.45898	0.81042	0	
1259185	8492.63379	3305725930019	0.38355	0.53381	8492.47949	0.14062	11583	0	0.51431	0.63152	1	0.39592	0.57604	1	0.45511	0.60378	1	0.47385	0.54287	12.04300	1.06647	1	0.73459	0.56214	11.22031	1.06647	1	-0.00625	-0.01009	0.67260	0.00341	1	0.06005	-0.01395	0.66408	0.00326	1	1.45898	0.81042	0	
1259186	8492.64062	3305725997907	0.40765	0.55934	8492.47949	0.14062	11583	0	0.51523	0.63564	1	0.39648	0.58516	1	0.45585	0.61040	1	0.47348	0.54338	11.65042	1.05845	1	0.73460	0.56299	11.28115	1.05079	1	-0.00606	-0.00989	0.64643	0.00316	1	0.05905	-0.01392	0.65352	0.00296	1	1.45898	0.81042	0	
1259187	8492.64648	3305726064429	0.45488	0.61849	8492.47949	0.14062	11583	0	0.49429	0.63670	1	0.41306	0.64585	1	0.45368	0.64128	1	0.47343	0.54378	12.58457	1.04278	1	0.73450	0.56348	11.42439	1.03512	1	-0.00606	-0.00989	0.64643	0.00326	1	0.05905	-0.01392	0.65352	0.00307	1	1.45898	0.81042	0	
1259188	8492.65332	3305726131016	0.44843	0.62779	8492.47949	0.14062	11583	0	0.46945	0.62404	1	0.41449	0.65013	1	0.44197	0.63709	1	0.47311	0.54347	11.78596	1.02710	1	0.73454	0.56366	11.34352	1.01944	1	-0.00606	-0.00989	0.64643	0.00333	1	0.05905	-0.01392	0.65352	0.00318	1	1.45898	0.81042	0	
1259189	8492.66016	3305726198201	0.44650	0.63226	8492.47949	0.14062	11583	0	0.47067	0.62819	1	0.41464	0.65425	1	0.44266	0.64122	1	0.47292	0.54405	11.34683	1.01944	1	0.73454	0.56420	11.53124	1.01178	1	-0.00652	-0.01082	0.68998	0.00286	1	0.05905	-0.01412	0.65352	0.00293	1	1.45898	0.81042	0	
1259190	8492.66699	3305726265122	0.45734	0.63741	8492.64648	0.02051	11584	1	0.56271	0.66244	1	0.41702	0.64324	1	0.48986	0.65284	1	0.47450	0.54506	12.13622	1.01980	1	0.73450	0.56461	11.54236	1.01980	1	-0.00652	-0.01082	0.68998	0.00341	1	0.05905	-0.01412	0.65352	0.00317	1	1.45898	0.81042	0	
1259191	8492.67383	3305726332483	0.45983	0.64081	8492.64648	0.02734	11584	1	0.51818	0.66213	1	0.42141	0.64667	1	0.46980	0.65440	1	0.47390	0.54503	11.84728	1.02782	1	0.73455	0.56466	11.57265	1.02782	1	-0.00652	-0.01082	0.68998	0.00323	1	0.05905	-0.01412	0.65352	0.00316	1	1.45898	0.81042	0	
1259192	8492.68066	3305726399328	0.46140	0.64203	8492.64648	0.03418	11584	1	0.51725	0.65810	1	0.42121	0.63825	1	0.46923	0.64817	1	0.47293	0.54548	11.44624	1.03583	1	0.73450	0.56529	11.67781	1.04349	1	-0.00625	-0.01074	0.67260	0.00270	1	0.06180	-0.01499	0.68455	0.00283	1	1.45898	0.81042	0	
1259193	8492.68750	3305726465869	0.45763	0.64606	8492.64648	0.04102	11584	1	0.46291	0.66824	1	0.40714	0.67219	1	0.43503	0.67021	1	0.47302	0.54602	11.14513	1.04349	1	0.73446	0.56596	11.60759	1.05115	1	-0.00625	-0.01074	0.67260	0.00294	1	0.06180	-0.01499	0.68455	0.00302	1	1.45898	0.81042	0	
1259194	8492.69336	3305726529245	0.45692	0.64918	8492.64648	0.04688	11584	1	0.49443	0.66451	1	0.40950	0.67750	1	0.45196	0.67101	1	0.47360	0.54665	11.77609	1.05115	1	0.73449	0.56614	11.74519	1.05881	1	-0.00625	-0.01074	0.67260	0.00318	1	0.06180	-0.01499	0.68455	0.00316	1	1.45898	0.81042	0	
1259195	8492.70020	3305726597451	0.45632	0.65139	8492.64648	0.05371	11584	1	0.49340	0.66076	1	0.40950	0.67750	1	0.45145	0.66913	1	0.47304	0.54688	11.38238	1.05881	1	0.73450	0.56611	11.01564	1.05881	1	-0.00625	-0.01105	0.67259	0.00289	1	0.05905	-0.01461	0.65352	0.00317	1	1.45898	0.81042	0	
1259196	8492.70703	3305726664516	0.45419	0.65255	8492.64648	0.06055	11584	1	0.45901	0.65723	1	0.41113	0.66862	1	0.43507	0.66293	1	0.47328	0.54744	11.32792	1.05881	1	0.73448	0.56696	11.03552	1.05115	1	-0.00625	-0.01105	0.67259	0.00300	1	0.05905	-0.01461	0.65352	0.00330	1	1.45898	0.81042	0	
1259197	8492.71387	3305726731970	0.45133	0.64949	8492.64648	0.06738	11584	1	0.42398	0.62226	1	0.42145	0.61566	1	0.42272	0.61896	1	0.47320	0.54746	11.52758	1.05115	1	0.73460	0.56671	10.51028	1.04349	1	-0.00625	-0.01105	0.67259	0.00294	1	0.05905	-0.01461	0.65352	0.00346	1	1.45898	0.81042	0	
1259198	8492.72070	3305726799258	0.44901	0.64712	8492.64648	0.07422	11584	1	0.42547	0.62634	1	0.42145	0.61566	1	0.42346	0.62100	1	0.47425	0.54838	11.13491	1.04349	1	0.73471	0.56779	11.31057	1.04349	1	-0.00630	-0.01161	0.68827	0.00317	1	0.06005	-0.01504	0.66408	0.00292	1	1.45898	0.81042	0	
1259199	8492.72656	3305726865353	0.44744	0.64800	8492.64648	0.08008	11584	1	0.48751	0.66274	1	0.36973	0.65442	1	0.42862	0.65858	1	0.47427	0.54903	12.27010	1.04349	1	0.73464	0.56820	11.01942	1.05115	1	-0.00630	-0.01161	0.68827	0.00311	1	0.06005	-0.01504	0.66408	0.00324	1	1.45898	0.81042	0	
1259200	8492.73340	3305726932597	0.44558	0.64615	8492.64648	0.08691	11584	1	0.47433	0.64921	1	0.36858	0.59491	1	0.42146	0.62206	1	0.47396	0.54888	11.20927	1.05115	1	0.73463	0.56815	10.72411	1.05881	1	-0.00630	-0.01161	0.68827	0.00302	1	0.06005	-0.01504	0.66408	0.00318	1	1.45898	0.81042	0	
1259201	8492.74023	3305727000716	0.44394	0.64441	8492.64648	0.09375	11584	1	0.47317	0.64533	1	0.36858	0.59491	1	0.42088	0.62012	1	0.47423	0.54950	11.57524	1.05881	1	0.73529	0.56890	10.76235	1.05881	1	-0.00617	-0.01177	0.68528	0.00290	1	0.05946	-0.01518	0.65703	0.00299	1	1.45898	0.81042	0	
1259202	8492.74707	3305727064192	0.44376	0.64613	8492.64648	0.10059	11584	1	0.48855	0.68698	1	0.39355	0.65671	1	0.44105	0.67185	1	0.47430	0.54992	11.81513	1.05881	1	0.73497	0.56937	11.00660	1.05115	1	-0.00617	-0.01177	0.68528	0.00299	1	0.05946	-0.01518	0.65703	0.00313	1	1.45898	0.81042	0	
1259203	8492.75391	3305727133610	0.44304	0.64567	8492.64648	0.10742	11584	1	0.46325	0.64682	1	0.39995	0.63003	1	0.43160	0.63842	1	0.47420	0.54974	11.41119	1.05115	1	0.73506	0.56938	11.11615	1.04349	1	-0.00617	-0.01177	0.68528	0.00298	1	0.05946	-0.01518	0.65703	0.00321	1	1.45898	0.81042	0	
1259204	8492.76074	3305727202878	0.44245	0.64550	8492.64648	0.11426	11584	1	0.46448	0.65071	1	0.40020	0.63420	1	0.43234	0.64245	1	0.47494	0.55026	11.16561	1.04349	1	0.73535	0.56995	11.28712	1.03583	1	-0.00593	-0.01172	0.67046	0.00297	1	0.05946	-0.01537	0.65703	0.00297	1	1.45898	0.81042	0	
1259205	8492.76758	3305727270113	0.44357	0.64584	8492.64648	0.12109	11584	1	0.49837	0.66796	1	0.42922	0.63627	1	0.46379	0.65211	1	0.47511	0.55092	11.62394	1.03583	1	0.73547	0.57053	11.23219	1.03583	1	-0.00593	-0.01172	0.67046	0.00308	1	0.05946	-0.01537	0.65703	0.00308	1	1.45898	0.81042	0	
1259206	8492.77441	3305727336283	0.44449	0.64560	8492.64648	0.12793	11584	1	0.49545	0.65486	1	0.42860	0.62711	1	0.46202	0.64099	1	0.47494	0.55091	11.42280	1.03583	1	0.73541	0.57056	11.40535	1.03583	1	-0.00593	-0.01172	0.67046	0.00303	1	0.05946	-0.01537	0.65703	0.00305	1	1.45898	0.81042	0	
1259207	8492.78125	3305727404063	0.44533	0.64538	8492.64648	0.13477	11584	1	0.49545	0.65486	1	0.42860	0.62711	1	0.46202	0.64099	1	0.47480	0.55106	10.74561	1.03583	1	0.73559	0.57096	10.93407	1.03583	1	-0.00587	-0.01190	0.67538	0.00286	1	0.05938	-0.01550	0.65398	0.00288	1	1.45898	0.81042	0	
1259208	8492.78711	3305727470011	0.44442	0.64586	8492.64648	0.14062	11584	1	0.47782	0.66546	1	0.37294	0.64621	1	0.42538	0.65584	1	0.47521	0.55133	10.41333	1.03583	1	0.73543	0.57112	10.45379	1.03583	1	-0.00587	-0.01190	0.67538	0.00298	1	0.05938	-0.01550	0.65398	0.00324	1	1.45898	0.81042	0	
1259209	8492.79395	3305727538550	0.44321	0.64599	8492.64648	0.14746	11584	1	0.46358	0.63173	1	0.36971	0.66625	1	0.41664	0.64899	1	0.47531	0.55143	10.37009	1.03583	1	0.73530	0.57174	11.19377	1.03583	1	-0.00587	-0.01190	0.67538	0.00300	1	0.05938	-0.01550	0.65398	0.00310	1	1.45898	0.81042	0	
1259210	8492.80078	3305727606874	0.44213	0.64621	8492.64648	0.15430	11584	1	0.46489	0.63598	1	0.36973	0.66643	1	0.41731	0.65121	1	0.47562	0.55245	11.88629	1.02782	1	0.73601	0.57207	11.28322	1.03547	1	-0.00567	-0.01194	0.66876	0.00288	1	0.06158	-0.01626	0.67765	0.00284	1	1.45898	0.81042	0	
1259211	8492.80762	3305727670381	0.44261	0.64841	8492.64648	0.16113	11584	1	0.49157	0.71491	1	0.41634	0.68770	1	0.45395	0.70130	1	0.47589	0.55238	11.17353	1.02746	1	0.73609	0.57256	10.94246	1.03512	1	-0.00567	-0.01194	0.66876	0.00299	1	0.06158	-0.01626	0.67765	0.00310	1	1.45898	0.81042	0	
1259212	8492.81445	3305727736206	0.44117	0.64819	8492.64648	0.16797	11584	1	0.42733	0.65384	1	0.38318	0.63114	1	0.40525	0.64249	1	0.47547	0.55233	11.11263	1.02710	1	0.73631	0.57234	11.00231	1.03476	1	-0.00567	-0.01194	0.66876	0.00305	1	0.06158	-0.01626	0.67765	0.00305	1	1.45898	0.81042	0	
1259213	8492.82129	3305727806614	0.43985	0.64806	8492.64648	0.17480	11584	1	0.42740	0.65402	1	0.38357	0.63552	1	0.40548	0.64477	1	0.47739	0.55257	10.93711	1.02674	1	0.73872	0.57332	11.35154	1.02674	1	-0.00521	-0.01197	0.66213	0.00278	1	0.06017	-0.01600	0.65831	0.00297	1	1.45898	0.81042	0	
1259214	8492.82812	3305727874519	0.44092	0.64905	8492.64648	0.18164	11584	1	0.49066	0.66146	1	0.44914	0.69022	1	0.46990	0.67584	1	0.47799	0.55316	10.61331	1.02674	1	0.73912	0.57384	11.04413	1.01908	1	-0.00521	-0.01197	0.66213	0.00271	1	0.06017	-0.01600	0.65831	0.00319	1	1.45898	0.81042	0	
1259215	8492.83496	3305727941063	0.43962	0.64885	8492.64648	0.18848	11584	1	0.41477	0.63692	1	0.39138	0.64962	1	0.40308	0.64327	1	0.47837	0.55275	10.78308	1.01908	1	0.73876	0.57327	11.14687	1.01142	1	-0.00521	-0.01197	0.66213	0.00267	1	0.06017	-0.01600	0.65831	0.00294	1	1.45898	0.81042	0	
1259216	8492.84082	3305728006546	0.43840	0.64866	8492.64648	0.19434	11584	1	0.41469	0.63673	1	0.39137	0.64943	1	0.40303	0.64308	1	0.48176	0.55353	10.54801	1.01944	1	0.74209	0.57496	11.64380	1.01178	1	-0.00469	-0.01249	0.67946	0.00286	1	0.06191	-0.01645	0.67069	0.00286	1	1.45898	0.81042	0	
1259217	8492.84766	3305728073856	0.44275	0.65008	8492.64648	0.20117	11584	1	0.60359	0.65030	1	0.54342	0.73519	1	0.57350	0.69274	1	0.48221	0.55354	10.51394	1.01980	1	0.74221	0.57535	12.13453	1.01980	1	-0.00469	-0.01249	0.67946	0.00295	1	0.06191	-0.01645	0.67069	0.00287	1	1.45898	0.81042	0	
1259218	8492.85449	3305728140987	0.44688	0.65093	8492.64648	0.20801	11584	1	0.59757	0.62887	1	0.55197	0.72572	1	0.57477	0.67730	1	0.48216	0.55366	10.78862	1.02782	1	0.74269	0.57518	11.75458	1.02782	1	-0.00469	-0.01249	0.67946	0.00293	1	0.06191	-0.01645	0.67069	0.00287	1	1.45898	0.81042	0	
1259219	8492.86133	3305728207838	0.45076	0.65161	8492.64648	0.21484	11584	1	0.59720	0.62460	1	0.55287	0.72198	1	0.57504	0.67329	1	0.48279	0.55412	10.63194	1.03583	1	0.74257	0.57606	11.29057	1.03583	1	-0.00450	-0.01269	0.68245	0.00257	1	0.06114	-0.01639	0.66023	0.00282	1	1.45898	0.81042	0	
1259220	8492.86816	3305728274709	0.45415	0.65257	8492.64648	0.22168	11584	1	0.63574	0.60144	1	0.49608	0.76729	1	0.56591	0.68437	1	0.48280	0.55421	10.95584	1.03583	1	0.74219	0.57650	11.58304	1.03583	1	-0.00450	-0.01269	0.68245	0.00292	1	0.06114	-0.01639	0.66023	0.00301	1	1.45898	0.81042	0	
1259221	8492.87500	3305728341527	0.48507	0.66540	8492.64648	0.22168	11584	0	0.63229	0.56305	1	0.51487	0.74729	1	0.57358	0.65517	1	0.48267	0.55383	10.48058	1.03583	1	0.74233	0.57642	11.72110	1.03583	1	-0.00450	-0.01269	0.68245	0.00309	1	0.06114	-0.01639	0.66023	0.00307	1	1.45898	0.81042	0	
1259222	8492.88184	3305728408722	0.52932	0.66029	8492.64648	0.22168	11584	0	0.63229	0.56305	1	0.51487	0.74729	1	0.57358	0.65517	1	0.48273	0.55506	10.94474	1.03583	1	0.74266	0.57664	11.32817	1.03583	1	-0.00450	-0.01285	0.68244	0.00263	1	0.06114	-0.01659	0.66023	0.00296	1	1.45898	0.81042	0	
1259223	8492.88770	3305728475794	0.54695	0.67234	8492.64648	0.22168	11584	0	0.62882	0.64861	1	0.53556	0.74426	1	0.58219	0.69643	1	0.48292	0.55524	11.17895	1.03583	1	0.74292	0.57691	11.47035	1.03583	1	-0.00450	-0.01285	0.68244	0.00281	1	0.06114	-0.01659	0.66023	0.00301	1	1.45898	0.81042	0	
1259224	8492.89453	3305728542650	0.55744	0.66431	8492.87500	0.01953	11585	1	0.63289	0.55430	1	0.54499	0.72614	1	0.58894	0.64022	1	0.48273	0.55486	10.75608	1.03583	1	0.74288	0.57702	11.75701	1.03583	1	-0.00450	-0.01285	0.68244	0.00285	1	0.06114	-0.01659	0.66023	0.00302	1	1.45898	0.81042	0	
1259225	8492.90137	3305728609513	0.56374	0.65949	8492.87500	0.02637	11585	1	0.63289	0.55430	1	0.54499	0.72614	1	0.58894	0.64022	1	0.48251	0.55584	11.27515	1.03583	1	0.74311	0.57757	11.71114	1.03583	1	-0.00440	-0.01264	0.66616	0.00270	1	0.06114	-0.01669	0.66023	0.00292	1	1.45898	0.81042	0	
1259226	8492.90820	3305728675862	0.56863	0.66197	8492.87500	0.03320	11585	1	0.63804	0.59957	1	0.54808	0.74916	1	0.59306	0.67436	1	0.48285	0.55565	11.16045	1.03583	1	0.74306	0.57747	10.96278	1.03583	1	-0.00440	-0.01264	0.66616	0.00265	1	0.06114	-0.01669	0.66023	0.00294	1	1.45898	0.81042	0	
1259227	8492.91406	3305728739688	0.57293	0.66587	8492.87500	0.03906	11585	1	0.64919	0.60262	1	0.54834	0.77589	1	0.59877	0.68926	1	0.48304	0.55590	10.53775	1.03583	1	0.74313	0.57765	11.39082	1.03583	1	-0.00440	-0.01264	0.66616	0.00263	1	0.06114	-0.01669	0.66023	0.00293	1	1.45898	0.81042	0	
1259228	8492.92090	3305728808089	0.57616	0.66879	8492.87500	0.04590	11585	1	0.64919	0.60262	1	0.54834	0.77589	1	0.59877	0.68926	1	0.48280	0.55612	10.75945	1.03583	1	0.74322	0.57793	11.84500	1.03583	1	-0.00450	-0.01315	0.68224	0.00258	1	0.06114	-0.01679	0.66023	0.00285	1	1.45898	0.81042	0	
1259229	8492.92871	3305728877542	0.57795	0.67830	8492.87500	0.05371	11585	1	0.63055	0.67813	1	0.55389	0.83054	1	0.59222	0.75433	1	0.48267	0.55653	10.89730	1.03583	1	0.74319	0.57825	11.37386	1.03583	1	-0.00450	-0.01315	0.68224	0.00276	1	0.06114	-0.01679	0.66023	0.00297	1	1.45898	0.81042	0	
1259230	8492.93457	3305728942434	0.57975	0.68582	8492.87500	0.05957	11585	1	0.63945	0.67169	1	0.55247	0.83549	1	0.59596	0.75359	1	0.48278	0.55645	10.75304	1.03583	1	0.74331	0.57827	11.81451	1.03583	1	-0.00450	-0.01315	0.68224	0.00277	1	0.06114	-0.01679	0.66023	0.00297	1	1.45898	0.81042	0	
1259231	8492.94141	3305729011326	0.58126	0.69186	8492.87500	0.06641	11585	1	0.63945	0.67169	1	0.55333	0.83276	1	0.59639	0.75223	1	0.48282	0.55642	10.76665	1.03583	1	0.74354	0.57843	11.37214	1.04349	1	-0.00450	-0.01305	0.68224	0.00274	1	0.06266	-0.01719	0.67616	0.00296	1	1.45898	0.81042	0	
1259232	8492.94824	3305729078629	0.58185	0.69510	8492.87500	0.07324	11585	1	0.62731	0.62166	1	0.54945	0.83976	1	0.58838	0.73071	1	0.48302	0.55614	10.77272	1.04349	1	0.74354	0.57850	11.43301	1.05115	1	-0.00450	-0.01305	0.68224	0.00273	1	0.06266	-0.01719	0.67616	0.00291	1	1.45898	0.81042	0	
1259233	8492.95508	3305729145452	0.58128	0.69543	8492.87500	0.08008	11585	1	0.59689	0.58622	1	0.55197	0.81263	1	0.57443	0.69943	1	0.48297	0.55572	10.59743	1.05115	1	0.74364	0.57797	11.27714	1.05881	1	-0.00450	-0.01305	0.68224	0.00266	1	0.06266	-0.01719	0.67616	0.00281	1	1.45898	0.81042	0	
1259234	8492.96191	3305729211388	0.58078	0.69556	8492.87500	0.08691	11585	1	0.59654	0.58193	1	0.55197	0.81263	1	0.57425	0.69728	1	0.48262	0.55621	11.21423	1.05881	1	0.74311	0.57800	11.63030	1.05881	1	-0.00450	-0.01300	0.68224	0.00275	1	0.06038	-0.01653	0.64997	0.00297	1	1.45898	0.81042	0	
1259235	8492.96875	3305729279403	0.57912	0.69795	8492.87500	0.09375	11585	1	0.61198	0.68543	1	0.49986	0.77740	1	0.55592	0.73142	1	0.48300	0.55608	10.97750	1.05881	1	0.74292	0.57774	10.92955	1.05115	1	-0.00450	-0.01300	0.68224	0.00266	1	0.06038	-0.01653	0.64997	0.00319	1	1.45898	0.81042	0	
1259236	8492.97559	3305729346425	0.57652	0.70023	8492.87500	0.10059	11585	1	0.59257	0.69031	1	0.48235	0.77853	1	0.53746	0.73442	1	0.48269	0.55614	11.25628	1.05115	1	0.74279	0.57775	10.89532	1.04349	1	-0.00450	-0.01300	0.68224	0.00269	1	0.06038	-0.01653	0.64997	0.00322	1	1.45898	0.81042	0	
1259237	8492.98145	3305729413066	0.57422	0.70264	8492.87500	0.10645	11585	1	0.59333	0.69756	1	0.48165	0.78489	1	0.53749	0.74122	1	0.48313	0.55581	10.54452	1.03547	1	0.74382	0.57756	11.50084	1.02782	1	-0.00429	-0.01248	0.65775	0.00276	1	0.06038	-0.01633	0.64997	0.00296	1	1.45898	0.81042	0	
1259238	8492.98828	3305729479692	0.57396	0.70611	8492.87500	0.11328	11585	1	0.60420	0.66715	1	0.53489	0.86306	1	0.56954	0.76510	1	0.48292	0.55523	10.82081	1.01980	1	0.74370	0.57758	11.76996	1.01980	1	-0.00429	-0.01248	0.65775	0.00264	1	0.06038	-0.01633	0.64997	0.00285	1	1.45898	0.81042	0	
1259239	8492.99512	3305729547673	0.57448	0.73680	8492.87500	0.11328	11585	0	0.60803	0.71645	1	0.53797	0.86885	1	0.57300	0.79265	1	0.48305	0.55536	10.66350	1.01178	1	0.74379	0.57761	12.00654	1.01178	1	-0.00429	-0.01248	0.65775	0.00258	1	0.06038	-0.01633	0.64997	0.00277	1	1.45898	0.81042	0	
1259240	8493.00195	3305729614758	0.57374	0.76473	8492.87500	0.11328	11585	0	0.60803	0.71645	1	0.53797	0.86885	1	0.57300	0.79265	1	0.48303	0.55463	10.45185	1.01178	1	0.74370	0.57707	11.62231	1.01178	1	-0.00446	-0.01291	0.69111	0.00291	1	0.06038	-0.01623	0.64997	0.00288	1	1.45898	0.81042	0	
1259241	8493.00879	3305729680872	0.57656	0.76728	8492.87500	0.11328	11585	0	0.60699	0.66155	1	0.55742	0.88322	1	0.58221	0.77239	1	0.48299	0.55432	10.16540	1.01980	1	0.74405	0.57734	12.14935	1.01980	1	-0.00446	-0.01291	0.69111	0.00284	1	0.06038	-0.01623	0.64997	0.00274	1	1.45898	0.81042	0	
1259242	8493.01562	3305729747063	0.57610	0.76897	8492.99512	0.02051	11586	1	0.61193	0.69825	1	0.53748	0.84981	1	0.57470	0.77403	1	0.48302	0.55405	10.47121	1.02782	1	0.74409	0.57647	11.92747	1.02782	1	-0.00446	-0.01291	0.69111	0.00278	1	0.06038	-0.01623	0.64997	0.00261	1	1.45898	0.81042	0	
1259243	8493.02246	3305729815454	0.57587	0.76933	8492.99512	0.02734	11586	1	0.61168	0.69452	1	0.53826	0.84705	1	0.57497	0.77079	1	0.48322	0.55355	10.19711	1.03583	1	0.74432	0.57509	11.20960	1.03583	1	-0.00446	-0.01270	0.69111	0.00294	1	0.06133	-0.01619	0.65805	0.00328	1	1.45898	0.81042	0	
1259244	8493.02832	3305729882088	0.56761	0.77660	8492.99512	0.03320	11586	1	0.61168	0.69452	0	0.52629	0.81295	1	0.52629	0.81295	1	0.48322	0.55355	10.19711	1.03583	0	0.74426	0.57464	11.09187	1.03583	1	-0.00446	-0.01270	0.69111	0.00294	1	0.06133	-0.01619	0.65805	0.00270	1	1.45898	0.81042	0	
1259245	8493.03516	3305729949048	0.56761	0.77660	8492.99512	0.04004	11586	1	0.61168	0.69452	0	0.52629	0.81295	0	0.52629	0.81295	0	0.48322	0.55355	10.19711	1.03583	0	0.74426	0.57464	11.09187	1.03583	0	-0.00446	-0.01270	0.69111	0.00294	1	0.06133	-0.01619	0.65805	0.00270	1	1.45898	0.81042	0	
1259246	8493.04199	3305730016939	0.56761	0.77660	8492.99512	0.04688	11586	1	0.61168	0.69452	0	0.52629	0.81295	0	0.52629	0.81295	0	0.48322	0.55355	10.19711	1.03583	0	0.74426	0.57464	11.09187	1.03583	0	-0.00446	-0.01270	0.69111	0.00294	1	0.06133	-0.01619	0.65805	0.00270	1	1.45898	0.81042	0	
1259247	8493.04883	3305730083114	0.56761	0.77660	8492.99512	0.05371	11586	1	0.61168	0.69452	0	0.52629	0.81295	0	0.52629	0.81295	0	0.48322	0.55355	10.19711	1.03583	0	0.74426	0.57464	11.09187	1.03583	0	-0.00446	-0.01270	0.69111	0.00294	1	0.06133	-0.01619	0.65805	0.00270	1	1.45898	0.81042	0	
1259248	8493.05566	3305730148190	0.56624	0.78456	8492.99512	0.05371	11586	0	0.61168	0.69452	0	0.52629	0.81295	0	0.52629	0.81295	0	0.48322	0.55355	10.19711	1.03583	0	0.74426	0.57464	11.09187	1.03583	0	-0.00446	-0.01270	0.69111	0.00294	1	0.06133	-0.01619	0.65805	0.00270	1	1.45898	0.81042	0	
1259249	8493.06152	3305730214671	0.56624	0.78456	8492.99512	0.05371	11586	0	0.61168	0.69452	0	0.52629	0.81295	0	0.52629	0.81295	0	0.48322	0.55355	10.19711	1.03583	0	0.74426	0.57464	11.09187	1.03583	0	-0.00446	-0.01270	0.69111	0.00294	1	0.06133	-0.01619	0.65805	0.00270	1	1.45898	0.81042	0	
1259250	8493.06836	3305730282600	0.56624	0.78456	8492.99512	0.05371	11586	0	0.61168	0.69452	0	0.52629	0.81295	0	0.52629	0.81295	0	0.48322	0.55355	10.19711	1.03583	0	0.74426	0.57464	11.09187	1.03583	0	-0.00446	-0.01270	0.69111	0.00294	1	0.06133	-0.01619	0.65805	0.00270	1	1.45898	0.81042	0	
1259251	8493.07520	3305730348170	0.00000	0.00000	8492.99512	0.05371	11586	0	0.61168	0.69452	0	0.52629	0.81295	0	0.52629	0.81295	0	0.48322	0.55355	10.19711	1.03583	0	0.74426	0.57464	11.09187	1.03583	0	-0.00446	-0.01270	0.69111	0.00294	1	0.06133	-0.01619	0.65805	0.00270	1	1.45898	0.81042	0	
1259252	8493.08203	3305730415667	0.00000	0.00000	8492.99512	0.05371	11586	0	0.61168	0.69452	0	0.52629	0.81295	0	0.52629	0.81295	0	0.48322	0.55355	10.19711	1.03583	0	0.74426	0.57464	11.09187	1.03583	0	-0.00446	-0.01270	0.69111	0.00294	1	0.06133	-0.01619	0.65805	0.00270	1	1.45898	0.81042	0	
1259253	8493.08887	3305730483561	0.00000	0.00000	8492.99512	0.05371	11586	0	0.61168	0.69452	0	0.52629	0.81295	0	0.52629	0.81295	0	0.48322	0.55355	10.19711	1.03583	0	0.74426	0.57464	11.09187	1.03583	0	-0.00446	-0.01270	0.69111	0.00294	1	0.06133	-0.01619	0.65805	0.00270	1	1.45898	0.81042	0	
1259254	8493.09570	3305730549301	0.00000	0.00000	8492.99512	0.05371	11586	0	0.61168	0.69452	0	0.52629	0.81295	0	0.52629	0.81295	0	0.48322	0.55355	10.19711	1.03583	0	0.74426	0.57464	11.09187	1.03583	0	-0.00446	-0.01270	0.69111	0.00294	1	0.06133	-0.01619	0.65805	0.00270	1	1.45898	0.81042	0	
1259255	8493.10254	3305730619291	0.00000	0.00000	8492.99512	0.05371	11586	0	0.61168	0.69452	0	0.52629	0.81295	0	0.52629	0.81295	0	0.48322	0.55355	10.19711	1.03583	0	0.74426	0.57464	11.09187	1.03583	0	-0.00446	-0.01270	0.69111	0.00294	1	0.06133	-0.01619	0.65805	0.00270	1	1.45898	0.81042	0	
1259256	8493.10938	3305730686961	0.00000	0.00000	8492.99512	0.05371	11586	0	0.61168	0.69452	0	0.52629	0.81295	0	0.52629	0.81295	0	0.48322	0.55355	10.19711	1.03583	0	0.74426	0.57464	11.09187	1.03583	0	-0.00446	-0.01270	0.69111	0.00294	1	0.06133	-0.01619	0.65805	0.00270	1	1.45898	0.81042	0	
1259257	8493.11523	3305730749883	0.00000	0.00000	8492.99512	0.05371	11586	0	0.61168	0.69452	0	0.52629	0.81295	0	0.52629	0.81295	0	0.48322	0.55355	10.19711	1.03583	0	0.74426	0.57464	11.09187	1.03583	0	-0.00446	-0.01270	0.69111	0.00294	1	0.06133	-0.01619	0.65805	0.00270	1	1.45898	0.81042	0	
1259258	8493.12207	3305730817773	0.00000	0.00000	8492.99512	0.05371	11586	0	0.61168	0.69452	0	0.52629	0.81295	0	0.52629	0.81295	0	0.48322	0.55355	10.19711	1.03583	0	0.74426	0.57464	11.09187	1.03583	0	-0.00446	-0.01270	0.69111	0.00294	1	0.06133	-0.01619	0.65805	0.00270	1	1.45898	0.81042	0	
1259259	8493.12891	3305730885011	0.00000	0.00000	8492.99512	0.05371	11586	0	0.61168	0.69452	0	0.52629	0.81295	0	0.52629	0.81295	0	0.48322	0.55355	10.19711	1.03583	0	0.74426	0.57464	11.09187	1.03583	0	-0.00446	-0.01270	0.69111	0.00294	1	0.06133	-0.01619	0.65805	0.00270	1	1.45898	0.81042	0	
1259260	8493.13574	3305730950832	0.00000	0.00000	8492.99512	0.05371	11586	0	0.61168	0.69452	0	0.52629	0.81295	0	0.52629	0.81295	0	0.48322	0.55355	10.19711	1.03583	0	0.74426	0.57464	11.09187	1.03583	0	-0.00446	-0.01270	0.69111	0.00294	1	0.06133	-0.01619	0.65805	0.00270	1	1.45898	0.81042	0	
1259261	8493.14258	3305731017878	0.00000	0.00000	8492.99512	0.05371	11586	0	0.61168	0.69452	0	0.52629	0.81295	0	0.52629	0.81295	0	0.48322	0.55355	10.19711	1.03583	0	0.74426	0.57464	11.09187	1.03583	0	-0.00446	-0.01270	0.69111	0.00294	1	0.06133	-0.01619	0.65805	0.00270	1	1.45898	0.81042	0	
1259262	8493.14941	3305731088027	0.00000	0.00000	8492.99512	0.05371	11586	0	0.61168	0.69452	0	0.52629	0.81295	0	0.52629	0.81295	0	0.48322	0.55355	10.19711	1.03583	0	0.74426	0.57464	11.09187	1.03583	0	-0.00446	-0.01270	0.69111	0.00294	1	0.06133	-0.01619	0.65805	0.00270	1	1.45898	0.81042	0	
1259263	8493.15625	3305731154790	0.00000	0.00000	8492.99512	0.05371	11586	0	0.61168	0.69452	0	0.52629	0.81295	0	0.52629	0.81295	0	0.48322	0.55355	10.19711	1.03583	0	0.74426	0.57464	11.09187	1.03583	0	-0.00446	-0.01270	0.69111	0.00294	1	0.06133	-0.01619	0.65805	0.00270	1	1.45898	0.81042	0	
1259264	8493.16309	3305731222408	0.00000	0.00000	8492.99512	0.05371	11586	0	0.61168	0.69452	0	0.52629	0.81295	0	0.52629	0.81295	0	0.48322	0.55355	10.19711	1.03583	0	0.74426	0.57464	11.09187	1.03583	0	-0.00446	-0.01270	0.69111	0.00294	1	0.06133	-0.01619	0.65805	0.00270	1	1.45898	0.81042	0	
1259265	8493.16895	3305731288753	0.00000	0.00000	8492.99512	0.05371	11586	0	0.61168	0.69452	0	0.52629	0.81295	0	0.52629	0.81295	0	0.48322	0.55355	10.19711	1.03583	0	0.74426	0.57464	11.09187	1.03583	0	-0.00446	-0.01270	0.69111	0.00294	1	0.06133	-0.01619	0.65805	0.00270	1	1.45898	0.81042	0	
1259266	8493.17578	3305731356137	0.00000	0.00000	8492.99512	0.05371	11586	0	0.61168	0.69452	0	0.52629	0.81295	0	0.52629	0.81295	0	0.48322	0.55355	10.19711	1.03583	0	0.74426	0.57464	11.09187	1.03583	0	-0.00446	-0.01270	0.69111	0.00294	1	0.06133	-0.01619	0.65805	0.00270	1	1.45898	0.81042	0	
1259267	8493.18262	3305731422883	0.00000	0.00000	8492.99512	0.05371	11586	0	0.61168	0.69452	0	0.52629	0.81295	0	0.52629	0.81295	0	0.48322	0.55355	10.19711	1.03583	0	0.74426	0.57464	11.09187	1.03583	0	-0.00446	-0.01270	0.69111	0.00294	1	0.06133	-0.01619	0.65805	0.00270	1	1.45898	0.81042	0	
1259268	8493.18945	3305731489872	0.00000	0.00000	8492.99512	0.05371	11586	0	0.61168	0.69452	0	0.52629	0.81295	0	0.52629	0.81295	0	0.48322	0.55355	10.19711	1.03583	0	0.74426	0.57464	11.09187	1.03583	0	-0.00446	-0.01270	0.69111	0.00294	1	0.06133	-0.01619	0.65805	0.00270	1	1.45898	0.81042	0	
1259269	8493.19629	3305731556738	0.00000	0.00000	8492.99512	0.05371	11586	0	0.61168	0.69452	0	0.52629	0.81295	0	0.52629	0.81295	0	0.48322	0.55355	10.19711	1.03583	0	0.74426	0.57464	11.09187	1.03583	0	-0.00446	-0.01270	0.69111	0.00294	1	0.06133	-0.01619	0.65805	0.00270	1	1.45898	0.81042	0	
1259270	8493.20312	3305731623815	0.00000	0.00000	8492.99512	0.05371	11586	0	0.61168	0.69452	0	0.52629	0.81295	0	0.52629	0.81295	0	0.48322	0.55355	10.19711	1.03583	0	0.74426	0.57464	11.09187	1.03583	0	-0.00446	-0.01270	0.69111	0.00294	1	0.06133	-0.01619	0.65805	0.00270	1	1.45898	0.81042	0	
1259271	8493.20996	3305731690773	0.00000	0.00000	8492.99512	0.05371	11586	0	0.61168	0.69452	0	0.52629	0.81295	0	0.52629	0.81295	0	0.48322	0.55355	10.19711	1.03583	0	0.74426	0.57464	11.09187	1.03583	0	-0.00446	-0.01270	0.69111	0.00294	1	0.06133	-0.01619	0.65805	0.00270	1	1.45898	0.81042	0	
1259272	8493.21680	3305731758382	0.53126	0.47009	8492.99512	0.05371	11586	0	0.57829	0.44786	1	0.48422	0.49233	1	0.53126	0.47009	1	0.47814	0.53376	10.13783	1.03583	1	0.74024	0.55412	10.71720	1.03583	1	-0.00446	-0.01270	0.69111	0.00365	1	0.06133	-0.01619	0.65805	0.00356	1	1.45898	0.81042	0	
1259273	8493.22266	3305731824354	0.53131	0.46562	8492.99512	0.05371	11586	0	0.57773	0.44146	1	0.48500	0.48085	1	0.53137	0.46116	1	0.47777	0.53388	10.23192	1.04492	1	0.74028	0.55413	11.47304	1.05258	1	-0.00564	-0.00895	0.68985	0.00358	1	0.06158	-0.01261	0.66985	0.00362	1	1.45898	0.81042	0	
1259274	8493.22949	3305731891000	0.52807	0.46039	8492.99512	0.05371	11586	0	0.56010	0.40210	1	0.48310	0.49776	1	0.52160	0.44993	1	0.47794	0.53359	10.48449	1.06166	1	0.74026	0.55357	11.33945	1.06932	1	-0.00564	-0.00895	0.68985	0.00364	1	0.06158	-0.01261	0.66985	0.00360	1	1.45898	0.81042	0	
1259275	8493.23633	3305731958452	0.52776	0.46128	8493.21680	0.01953	11587	1	0.56521	0.45036	1	0.48839	0.47752	1	0.52680	0.46394	1	0.47789	0.53400	10.42304	1.07841	1	0.74030	0.55335	11.47066	1.08607	1	-0.00564	-0.00895	0.68985	0.00357	1	0.06158	-0.01261	0.66985	0.00350	1	1.45898	0.81042	0	
1259276	8493.24316	3305732023600	0.52755	0.46078	8493.21680	0.02637	11587	1	0.56467	0.44520	1	0.48875	0.47240	1	0.52671	0.45880	1	0.47784	0.53331	10.39761	1.08607	1	0.74048	0.55365	11.62697	1.09373	1	-0.00556	-0.00855	0.67422	0.00350	1	0.06316	-0.01283	0.68702	0.00363	1	1.45898	0.81042	0	
1259277	8493.25000	3305732092507	0.52671	0.45980	8493.21680	0.03320	11587	1	0.55075	0.40351	1	0.49431	0.50630	1	0.52253	0.45491	1	0.47773	0.53255	10.17073	1.08464	1	0.74037	0.55364	11.67603	1.08464	1	-0.00556	-0.00855	0.67422	0.00343	1	0.06316	-0.01283	0.68702	0.00361	1	1.45898	0.81042	0	
1259278	8493.25684	3305732159336	0.52643	0.46404	8493.21680	0.04004	11587	1	0.56492	0.44124	1	0.48455	0.53763	1	0.52474	0.48943	1	0.47794	0.53290	10.70374	1.07555	1	0.74033	0.55346	11.48833	1.07555	1	-0.00556	-0.00855	0.67422	0.00343	1	0.06316	-0.01283	0.68702	0.00361	1	1.45898	0.81042	0	
1259279	8493.26270	3305732226259	0.52623	0.46795	8493.21680	0.04590	11587	1	0.56556	0.44746	1	0.48414	0.54325	1	0.52485	0.49535	1	0.47756	0.53268	11.17147	1.06647	1	0.74026	0.55292	11.38041	1.06647	1	-0.00563	-0.00860	0.68232	0.00334	1	0.06158	-0.01241	0.66985	0.00390	1	1.45898	0.81042	0	
1259280	8493.26953	3305732293627	0.52543	0.46438	8493.21680	0.05273	11587	1	0.54591	0.36780	1	0.49214	0.50383	1	0.51903	0.43581	1	0.47763	0.53231	10.81290	1.06647	1	0.74044	0.55301	11.45804	1.06647	1	-0.00563	-0.00860	0.68232	0.00355	1	0.06158	-0.01241	0.66985	0.00392	1	1.45898	0.81042	0	
1259281	8493.27637	3305732360717	0.52508	0.46501	8493.21680	0.05957	11587	1	0.55271	0.46314	1	0.49114	0.47830	1	0.52192	0.47072	1	0.47769	0.53262	10.23119	1.06647	1	0.74038	0.55271	11.05821	1.06647	1	-0.00563	-0.00860	0.68232	0.00339	1	0.06158	-0.01241	0.66985	0.00388	1	1.45898	0.81042	0	
1259282	8493.28320	3305732428114	0.52479	0.46553	8493.21680	0.06641	11587	1	0.55271	0.46314	1	0.49114	0.47830	1	0.52192	0.47072	1	0.47872	0.53297	10.86778	1.06647	1	0.74131	0.55323	11.54466	1.06647	1	-0.00546	-0.00871	0.68757	0.00372	1	0.06301	-0.01268	0.68432	0.00384	1	1.45898	0.81042	0	
1259283	8493.29004	3305732495157	0.52581	0.46131	8493.21680	0.07324	11587	1	0.55229	0.41041	1	0.52172	0.41933	1	0.53701	0.41487	1	0.47851	0.53238	10.14280	1.06647	1	0.74127	0.55206	11.85499	1.06647	1	-0.00546	-0.00871	0.68757	0.00377	1	0.06301	-0.01268	0.68432	0.00385	1	1.45898	0.81042	0	
1259284	8493.29590	3305732557711	0.52714	0.45638	8493.21680	0.07910	11587	1	0.57726	0.36869	1	0.50896	0.42573	1	0.54311	0.39721	1	0.47895	0.53240	10.94561	1.06647	1	0.74104	0.55210	10.99432	1.06647	1	-0.00546	-0.00871	0.68757	0.00361	1	0.06301	-0.01268	0.68432	0.00387	1	1.45898	0.81042	0	
1259285	8493.30273	3305732625521	0.52830	0.45193	8493.21680	0.08594	11587	1	0.57726	0.36869	1	0.50954	0.41939	1	0.54340	0.39404	1	0.47907	0.53255	11.21434	1.06647	1	0.74178	0.55222	11.21259	1.07515	1	-0.00542	-0.00859	0.68174	0.00346	1	0.06472	-0.01296	0.70230	0.00358	1	1.45898	0.81042	0	
1259286	8493.31055	3305732696065	0.53083	0.44606	8493.21680	0.09375	11587	1	0.58653	0.40202	1	0.54602	0.32567	1	0.56627	0.36384	1	0.47908	0.53250	11.03407	1.07515	1	0.74158	0.55165	11.37073	1.08383	1	-0.00542	-0.00859	0.68174	0.00349	1	0.06472	-0.01296	0.70230	0.00369	1	1.45898	0.81042	0	
1259287	8493.31641	3305732762724	0.53339	0.44329	8493.21680	0.09961	11587	1	0.58371	0.39461	1	0.55978	0.40888	1	0.57175	0.40174	1	0.47906	0.53257	11.33591	1.08383	1	0.74185	0.55253	10.96255	1.09251	1	-0.00542	-0.00859	0.68174	0.00348	1	0.06472	-0.01296	0.70230	0.00384	1	1.45898	0.81042	0	
1259288	8493.32324	3305732829643	0.53566	0.44047	8493.21680	0.10645	11587	1	0.58323	0.38835	1	0.56075	0.40253	1	0.57199	0.39544	1	0.47881	0.53279	11.48261	1.09251	1	0.74183	0.55271	11.98071	1.10119	1	-0.00542	-0.00869	0.68174	0.00339	1	0.06306	-0.01273	0.68433	0.00342	1	1.45898	0.81042	0	
1259289	8493.33008	3305732895726	0.53806	0.44100	8493.21680	0.11328	11587	1	0.58470	0.41712	1	0.57291	0.48281	1	0.57881	0.44996	1	0.47907	0.53287	11.77172	1.10119	1	0.74207	0.55331	11.55506	1.10119	1	-0.00542	-0.00869	0.68174	0.00336	1	0.06306	-0.01273	0.68433	0.00383	1	1.45898	0.81042	0	
1259290	8493.33691	3305732961389	0.53981	0.43893	8493.21680	0.12012	11587	1	0.57357	0.33771	1	0.56917	0.46583	1	0.57137	0.40177	1	0.47898	0.53258	10.97127	1.10119	1	0.74204	0.55322	11.48908	1.10119	1	-0.00542	-0.00869	0.68174	0.00360	1	0.06306	-0.01273	0.68433	0.00372	1	1.45898	0.81042	0	
1259291	8493.34375	3305733030573	0.54138	0.43690	8493.21680	0.12695	11587	1	0.57301	0.33079	1	0.56922	0.46556	1	0.57111	0.39817	1	0.47959	0.53351	11.15915	1.11028	1	0.74126	0.55320	11.99577	1.10160	1	-0.00554	-0.00898	0.70401	0.00348	1	0.06224	-0.01265	0.67488	0.00368	1	1.45898	0.81042	0	
1259292	8493.35059	3305733097598	0.55505	0.41200	8493.21680	0.12695	11587	0	0.58665	0.37010	1	0.53720	0.40096	1	0.56193	0.38553	1	0.47914	0.53357	11.70650	1.11068	1	0.74186	0.55302	11.30591	1.10200	1	-0.00554	-0.00898	0.70401	0.00342	1	0.06224	-0.01265	0.67488	0.00350	1	1.45898	0.81042	0	
1259293	8493.35645	3305733164213	0.55428	0.39530	8493.21680	0.12695	11587	0	0.57202	0.34691	1	0.53500	0.41029	1	0.55351	0.37860	1	0.47895	0.53330	11.17487	1.11109	1	0.74189	0.55362	11.25315	1.10241	1	-0.00554	-0.00898	0.70401	0.00336	1	0.06224	-0.01265	0.67488	0.00397	1	1.45898	0.81042	0	
1259294	8493.36328	3305733231341	0.55399	0.39186	8493.21680	0.12695	11587	0	0.57257	0.35340	1	0.53424	0.41656	1	0.55340	0.38498	1	0.47912	0.53379	10.93329	1.10241	1	0.74188	0.55414	11.24689	1.09373	1	-0.00529	-0.00885	0.67846	0.00348	1	0.06289	-0.01297	0.68080	0.00371	1	1.45898	0.81042	0	
1259295	8493.37012	3305733298613	0.55561	0.39444	8493.35059	0.01953	11588	1	0.58965	0.37830	1	0.53131	0.42607	1	0.56048	0.40218	1	0.47996	0.53432	11.42644	1.08464	1	0.74217	0.55422	11.89710	1.08464	1	-0.00529	-0.00885	0.67846	0.00366	1	0.06289	-0.01297	0.68080	0.00375	1	1.45898	0.81042	0	
1259296	8493.37695	3305733364544	0.54624	0.34615	8493.35059	0.02637	11588	1	0.51671	0.16764	1	0.50078	0.13833	1	0.50874	0.15299	1	0.47962	0.53180	10.59212	1.07555	1	0.74236	0.55158	10.77322	1.07555	1	-0.00529	-0.00885	0.67846	0.00224	1	0.06289	-0.01297	0.68080	0.00244	1	1.45898	0.81042	0	
1259297	8493.38379	3305733431698	0.54003	0.31542	8493.35059	0.03320	11588	1	0.51769	0.17620	1	0.50024	0.14733	1	0.50897	0.16177	1	0.48259	0.53519	10.51099	1.06647	1	0.74509	0.55637	11.86102	1.06647	1	-0.00468	-0.00906	0.67854	0.00361	1	0.06355	-0.01328	0.68345	0.00358	1	1.45898	0.81042	0	
1259298	8493.39062	3305733499481	0.55180	0.33956	8493.35059	0.04004	11588	1	0.64399	0.44325	1	0.60096	0.52553	1	0.62247	0.48439	1	0.48347	0.53599	11.30643	1.06647	1	0.74536	0.55647	11.79468	1.06647	1	-0.00468	-0.00906	0.67854	0.00344	1	0.06355	-0.01328	0.68345	0.00391	1	1.45898	0.81042	0	
1259299	8493.39746	3305733566118	0.55829	0.36083	8493.35059	0.04688	11588	1	0.64603	0.46917	1	0.56132	0.55035	1	0.60368	0.50976	1	0.48381	0.53630	11.06860	1.06647	1	0.74552	0.55731	11.45357	1.06647	1	-0.00468	-0.00906	0.67854	0.00353	1	0.06355	-0.01328	0.68345	0.00387	1	1.45898	0.81042	0	
1259300	8493.40430	3305733633246	0.56320	0.37808	8493.35059	0.05371	11588	1	0.64603	0.46917	1	0.55895	0.56301	1	0.60249	0.51609	1	0.48538	0.53736	11.65521	1.06647	1	0.74704	0.55849	12.01571	1.04591	1	-0.00411	-0.00919	0.66925	0.00336	1	0.05791	-0.01234	0.61845	0.00362	1	1.45898	0.81042	0	
1259301	8493.41016	3305733700100	0.57477	0.39683	8493.35059	0.05957	11588	1	0.70265	0.46898	1	0.65509	0.66208	1	0.67887	0.56553	1	0.48554	0.53727	10.79745	1.04591	1	0.74723	0.55863	11.93000	1.02535	1	-0.00411	-0.00919	0.66925	0.00341	1	0.05791	-0.01234	0.61845	0.00370	1	1.45898	0.81042	0	
1259302	8493.41699	3305733767777	0.58410	0.40971	8493.35059	0.06641	11588	1	0.71436	0.46541	1	0.64043	0.61166	1	0.67739	0.53853	1	0.48583	0.53701	11.21956	1.02535	1	0.74725	0.55832	12.65665	1.00479	1	-0.00411	-0.00919	0.66925	0.00376	1	0.05791	-0.01234	0.61845	0.00365	1	1.45898	0.81042	0	
1259303	8493.42383	3305733834175	0.59176	0.42123	8493.35059	0.07324	11588	1	0.71321	0.47955	1	0.63890	0.61623	1	0.67606	0.54789	1	0.48613	0.53784	11.78851	1.00479	1	0.74777	0.55907	12.36783	0.99713	1	-0.00411	-0.00934	0.66924	0.00333	1	0.06183	-0.01340	0.65917	0.00380	1	1.45898	0.81042	0	
1259304	8493.43066	3305733901060	0.59949	0.43433	8493.35059	0.08008	11588	1	0.72941	0.52867	1	0.65498	0.65439	1	0.69220	0.59153	1	0.48600	0.53847	12.14931	0.99713	1	0.74793	0.55954	12.63694	1.01003	1	-0.00411	-0.00934	0.66924	0.00344	1	0.06183	-0.01340	0.65917	0.00376	1	1.45898	0.81042	0	
1259305	8493.43750	3305733968797	0.60607	0.44473	8493.35059	0.08691	11588	1	0.72530	0.52855	1	0.65808	0.63130	1	0.69169	0.57992	1	0.48633	0.53874	11.24274	1.01003	1	0.74803	0.55982	12.71109	1.02293	1	-0.00411	-0.00934	0.66924	0.00353	1	0.06183	-0.01340	0.65917	0.00389	1	1.45898	0.81042	0	
1259306	8493.44434	3305734037138	0.61189	0.45310	8493.35059	0.09375	11588	1	0.72679	0.51457	1	0.66001	0.62614	1	0.69340	0.57035	1	0.48633	0.53886	11.57312	1.03202	1	0.74801	0.56053	12.15310	1.03202	1	-0.00407	-0.00975	0.68787	0.00336	1	0.05843	-0.01278	0.62193	0.00363	1	1.45898	0.81042	0	
1259307	8493.45117	3305734102630	0.63754	0.48335	8493.35059	0.09375	11588	0	0.72921	0.51108	1	0.65988	0.65179	1	0.69454	0.58144	1	0.48664	0.53908	11.33233	1.04110	1	0.74798	0.56062	12.11147	1.02820	1	-0.00407	-0.00975	0.68787	0.00343	1	0.05843	-0.01278	0.62193	0.00370	1	1.45898	0.81042	0	
1259308	8493.45703	3305734169257	0.65574	0.50660	8493.35059	0.09375	11588	0	0.72263	0.46924	1	0.62525	0.59045	1	0.67394	0.52985	1	0.48663	0.53922	11.42417	1.03729	1	0.74818	0.56039	11.89833	1.02439	1	-0.00407	-0.00975	0.68787	0.00338	1	0.05843	-0.01278	0.62193	0.00368	1	1.45898	0.81042	0	
1259309	8493.46387	3305734236132	0.66167	0.51580	8493.35059	0.09375	11588	0	0.72182	0.47796	1	0.62525	0.59045	1	0.67354	0.53421	1	0.48686	0.53972	11.70389	1.02439	1	0.74861	0.56116	12.68025	1.02439	1	-0.00394	-0.00975	0.67387	0.00334	1	0.06183	-0.01375	0.65710	0.00362	1	1.45898	0.81042	0	
1259310	8493.47070	3305734303492	0.67226	0.53471	8493.45117	0.01953	11589	1	0.74947	0.54714	1	0.65856	0.63573	1	0.70402	0.59144	1	0.48709	0.54023	11.37052	1.01530	1	0.74874	0.56168	12.37879	1.02820	1	-0.00394	-0.00975	0.67387	0.00354	1	0.06183	-0.01375	0.65710	0.00383	1	1.45898	0.81042	0	
1259311	8493.47754	3305734370242	0.67849	0.53208	8493.45117	0.02637	11589	1	0.73644	0.49888	1	0.67038	0.54424	1	0.70341	0.52156	1	0.48688	0.54029	11.88810	1.01912	1	0.74888	0.56126	12.66581	1.03202	1	-0.00394	-0.00975	0.67387	0.00345	1	0.06183	-0.01375	0.65710	0.00393	1	1.45898	0.81042	0	
1259312	8493.48438	3305734435093	0.68284	0.52929	8493.45117	0.03320	11589	1	0.73742	0.49038	1	0.67173	0.54028	1	0.70458	0.51533	1	0.48706	0.54045	11.49000	1.03202	1	0.74867	0.56234	12.32983	1.03811	1	-0.00401	-0.01055	0.71379	0.00323	1	0.05768	-0.01305	0.61246	0.00364	1	1.45898	0.81042	0	
1259313	8493.49121	3305734503762	0.68476	0.52983	8493.45117	0.04004	11589	1	0.71541	0.43655	1	0.67724	0.62964	1	0.69633	0.53309	1	0.48731	0.54088	11.33887	1.04720	1	0.74895	0.56274	12.07053	1.04039	1	-0.00401	-0.01055	0.71379	0.00342	1	0.05768	-0.01305	0.61246	0.00377	1	1.45898	0.81042	0	
1259314	8493.49707	3305734567760	0.68571	0.52851	8493.45117	0.04590	11589	1	0.71639	0.45931	1	0.66834	0.57914	1	0.69237	0.51922	1	0.48737	0.54099	11.25440	1.04947	1	0.74884	0.56278	11.62379	1.04266	1	-0.00401	-0.01055	0.71379	0.00344	1	0.05768	-0.01305	0.61246	0.00395	1	1.45898	0.81042	0	
1259315	8493.50391	3305734636626	0.68643	0.52773	8493.45117	0.05273	11589	1	0.71601	0.46392	1	0.66834	0.57914	1	0.69218	0.52153	1	0.48769	0.54179	11.77857	1.04266	1	0.74924	0.56328	11.22786	1.04266	1	-0.00381	-0.01036	0.68734	0.00332	1	0.06141	-0.01405	0.65058	0.00358	1	1.45898	0.81042	0	
1259316	8493.51074	3305734701383	0.68738	0.53125	8493.45117	0.05957	11589	1	0.73871	0.52567	1	0.65305	0.60016	1	0.69588	0.56291	1	0.48762	0.54212	11.88527	1.03358	1	0.74893	0.56355	11.29985	1.04039	1	-0.00381	-0.01036	0.68734	0.00348	1	0.06141	-0.01405	0.65058	0.00388	1	1.45898	0.81042	0	
1259317	8493.51758	3305734767626	0.68840	0.53223	8493.45117	0.06641	11589	1	0.74430	0.50842	1	0.65298	0.57574	1	0.69864	0.54208	1	0.48784	0.54233	11.34264	1.03130	1	0.74943	0.56357	11.92615	1.03811	1	-0.00381	-0.01036	0.68734	0.00362	1	0.06141	-0.01405	0.65058	0.00367	1	1.45898	0.81042	0	
1259318	8493.52441	3305734835784	0.68917	0.53335	8493.45117	0.07324	11589	1	0.74411	0.50988	1	0.65112	0.58131	1	0.69761	0.54559	1	0.48776	0.54278	11.46461	1.02902	1	0.74947	0.56423	11.84581	1.02902	1	-0.00361	-0.01029	0.66911	0.00331	1	0.06027	-0.01397	0.63797	0.00369	1	1.45898	0.81042	0	
1259319	8493.53027	3305734901625	0.68834	0.53354	8493.45117	0.07910	11589	1	0.70546	0.49269	1	0.65129	0.57909	1	0.67838	0.53589	1	0.48805	0.54265	10.95447	1.02902	1	0.74941	0.56465	12.06184	1.02222	1	-0.00361	-0.01029	0.66911	0.00338	1	0.06027	-0.01397	0.63797	0.00383	1	1.45898	0.81042	0	
1259320	8493.53711	3305734970754	0.68791	0.53309	8493.45117	0.08594	11589	1	0.70838	0.47093	1	0.65622	0.58358	1	0.68230	0.52725	1	0.48805	0.54294	11.00330	1.02222	1	0.74954	0.56450	11.68145	1.01541	1	-0.00361	-0.01029	0.66911	0.00340	1	0.06027	-0.01397	0.63797	0.00388	1	1.45898	0.81042	0	
1259321	8493.54395	3305735035492	0.68747	0.53300	8493.45117	0.09277	11589	1	0.70803	0.47559	1	0.65478	0.58780	1	0.68141	0.53169	1	0.48856	0.54335	11.29037	1.01541	1	0.74953	0.56542	12.35720	1.00860	1	-0.00353	-0.01053	0.67175	0.00352	1	0.05961	-0.01401	0.63095	0.00365	1	1.45898	0.81042	0	
1259322	8493.55078	3305735104377	0.68814	0.53626	8493.45117	0.09961	11589	1	0.73594	0.51882	1	0.66048	0.65140	1	0.69821	0.58511	1	0.48850	0.54318	11.26667	1.00860	1	0.74958	0.56579	12.06739	1.00860	1	-0.00353	-0.01053	0.67175	0.00356	1	0.05961	-0.01401	0.63095	0.00384	1	1.45898	0.81042	0	
1259323	8493.55762	3305735171681	0.68865	0.53923	8493.45117	0.10645	11589	1	0.72989	0.54353	1	0.66369	0.63023	1	0.69679	0.58688	1	0.48834	0.54371	11.48835	1.00860	1	0.74973	0.56549	11.74235	1.00860	1	-0.00353	-0.01053	0.67175	0.00339	1	0.05961	-0.01401	0.63095	0.00404	1	1.45898	0.81042	0	
1259324	8493.56445	3305735241006	0.68908	0.54204	8493.45117	0.11328	11589	1	0.72931	0.54851	1	0.66342	0.63093	1	0.69636	0.58972	1	0.48639	0.54368	10.91310	1.00058	1	0.74848	0.56467	11.83189	1.00739	1	-0.00364	-0.01051	0.66429	0.00350	1	0.06183	-0.01454	0.65710	0.00404	1	1.45898	0.81042	0	
1259325	8493.57129	3305735307803	0.68904	0.54245	8493.45117	0.12012	11589	1	0.69775	0.54415	1	0.67887	0.55560	1	0.68831	0.54988	1	0.48625	0.54350	10.96056	0.99937	1	0.74833	0.56419	11.65248	1.00618	1	-0.00364	-0.01051	0.66429	0.00336	1	0.06183	-0.01454	0.65710	0.00378	1	1.45898	0.81042	0	
1259326	8493.57812	3305735374380	0.69026	0.54223	8493.45117	0.12695	11589	1	0.72235	0.50464	1	0.70441	0.57125	1	0.71338	0.53794	1	0.48604	0.54303	10.57032	0.99817	1	0.74805	0.56431	12.34249	1.00497	1	-0.00364	-0.01051	0.66429	0.00319	1	0.06183	-0.01454	0.65710	0.00345	1	1.45898	0.81042	0	
1259327	8493.58496	3305735442003	0.69146	0.54169	8493.45117	0.13379	11589	1	0.72280	0.50009	1	0.70819	0.56195	1	0.71549	0.53102	1	0.48276	0.54187	10.69381	1.00497	1	0.74407	0.56249	12.03118	1.01944	1	-0.00446	-0.01068	0.69111	0.00348	1	0.06291	-0.01474	0.67556	0.00411	1	1.45898	0.81042	0	
1259328	8493.59082	3305735506401	0.68493	0.53721	8493.45117	0.13965	11589	1	0.56459	0.40611	1	0.53085	0.48004	1	0.54772	0.44307	1	0.48181	0.54168	10.59051	1.02746	1	0.74339	0.56262	11.27890	1.03512	1	-0.00446	-0.01068	0.69111	0.00375	1	0.06291	-0.01474	0.67556	0.00374	1	1.45898	0.81042	0	
1259329	8493.59766	3305735576064	0.68015	0.53326	8493.45117	0.14648	11589	1	0.59047	0.42729	1	0.55978	0.46531	1	0.57512	0.44630	1	0.48223	0.54206	11.47217	1.04313	1	0.74387	0.56264	12.38606	1.05079	1	-0.00446	-0.01068	0.69111	0.00325	1	0.06291	-0.01474	0.67556	0.00363	1	1.45898	0.81042	0	
1259330	8493.60449	3305735640015	0.67580	0.52917	8493.45117	0.15332	11589	1	0.58966	0.41603	1	0.56159	0.45423	1	0.57563	0.43513	1	0.48127	0.54146	11.09910	1.05881	1	0.74230	0.56271	12.20381	1.06647	1	-0.00458	-0.01050	0.67940	0.00333	1	0.06378	-0.01494	0.68706	0.00380	1	1.45898	0.81042	0	
1259331	8493.61133	3305735709339	0.66854	0.52512	8493.45117	0.16016	11589	1	0.52949	0.38671	1	0.45950	0.46904	1	0.49450	0.42787	1	0.48136	0.54146	11.09319	1.06647	1	0.74227	0.56272	12.20647	1.06647	1	-0.00458	-0.01050	0.67940	0.00332	1	0.06378	-0.01494	0.68706	0.00377	1	1.45898	0.81042	0	
1259332	8493.61816	3305735776877	0.63139	0.50617	8493.45117	0.16016	11589	0	0.51876	0.37044	1	0.46866	0.44847	1	0.49371	0.40945	1	0.48113	0.54153	11.03360	1.06647	1	0.74241	0.56279	11.97004	1.06647	1	-0.00458	-0.01050	0.67940	0.00331	1	0.06378	-0.01494	0.68706	0.00372	1	1.45898	0.81042	0	
1259333	8493.62500	3305735843860	0.56255	0.45781	8493.45117	0.16016	11589	0	0.51876	0.37044	1	0.46866	0.44847	1	0.49371	0.40945	1	0.48124	0.54131	10.75489	1.06647	1	0.74205	0.56242	10.96542	1.06647	1	-0.00458	-0.01050	0.67940	0.00330	1	0.06378	-0.01489	0.68706	0.00391	1	1.45898	0.81042	0	
1259334	8493.63184	3305735911460	0.53521	0.44257	8493.45117	0.16016	11589	0	0.51882	0.39504	1	0.44226	0.42911	1	0.48054	0.41208	1	0.48110	0.54163	10.83476	1.06647	1	0.74191	0.56261	11.29567	1.06647	1	-0.00458	-0.01050	0.67940	0.00331	1	0.06378	-0.01489	0.68706	0.00385	1	1.45898	0.81042	0	
1259335	8493.63867	3305735977624	0.48762	0.41563	8493.45117	0.16016	11589	0	0.53148	0.42163	1	0.44574	0.42913	1	0.48861	0.42538	1	0.48134	0.54147	10.93573	1.06647	1	0.74195	0.56245	11.22025	1.06647	1	-0.00458	-0.01050	0.67940	0.00337	1	0.06378	-0.01489	0.68706	0.00395	1	1.45898	0.81042	0	
1259336	8493.64453	3305736044177	0.48811	0.42051	8493.45117	0.16016	11589	0	0.53148	0.42163	1	0.44574	0.42913	1	0.48861	0.42538	1	0.48124	0.54112	10.85492	1.06647	1	0.74198	0.56252	11.14919	1.06647	1	-0.00458	-0.01050	0.67940	0.00362	1	0.06378	-0.01479	0.68706	0.00377	1	1.45898	0.81042	0	
1259337	8493.65137	3305736111632	0.49100	0.43606	8493.45117	0.16016	11589	0	0.52157	0.39299	1	0.47197	0.54133	1	0.49677	0.46716	1	0.48125	0.54125	11.18988	1.06647	1	0.74210	0.56257	11.45830	1.06647	1	-0.00458	-0.01050	0.67940	0.00349	1	0.06378	-0.01479	0.68706	0.00368	1	1.45898	0.81042	0	
1259338	8493.65820	3305736178772	0.49176	0.43680	8493.63867	0.01953	11590	1	0.50469	0.39128	1	0.48343	0.48676	1	0.49406	0.43902	1	0.48095	0.54115	10.58219	1.06647	1	0.74224	0.56212	11.45781	1.06647	1	-0.00458	-0.01050	0.67940	0.00351	1	0.06378	-0.01479	0.68706	0.00360	1	1.45898	0.81042	0	
1259339	8493.66504	3305736245514	0.49222	0.43724	8493.63867	0.02637	11590	1	0.50469	0.39128	1	0.48343	0.48676	1	0.49406	0.43902	1	0.48067	0.53856	11.00482	1.06647	1	0.74185	0.56168	11.89848	1.06647	1	-0.00458	-0.01029	0.67939	0.00222	1	0.06378	-0.01469	0.68706	0.00368	1	1.45898	0.81042	0	
1259340	8493.67188	3305736312600	0.49299	0.42943	8493.63867	0.03320	11590	1	0.51408	0.34548	1	0.47958	0.43526	1	0.49683	0.39037	1	0.48109	0.54026	10.42121	1.06647	1	0.74214	0.56137	11.21067	1.06647	1	-0.00458	-0.01029	0.67939	0.00354	1	0.06378	-0.01469	0.68706	0.00377	1	1.45898	0.81042	0	
1259341	8493.67871	3305736380005	0.49677	0.42431	8493.63867	0.04004	11590	1	0.53465	0.36867	1	0.50430	0.41854	1	0.51948	0.39360	1	0.48101	0.54072	10.25469	1.06647	1	0.74213	0.56140	11.37812	1.06647	1	-0.00458	-0.01029	0.67939	0.00328	1	0.06378	-0.01469	0.68706	0.00371	1	1.45898	0.81042	0	
1259342	8493.68555	3305736446365	0.49965	0.42007	8493.63867	0.04688	11590	1	0.53465	0.36867	1	0.50485	0.41215	1	0.51975	0.39041	1	0.48077	0.53843	11.02018	1.06647	1	0.74181	0.56114	11.40368	1.07515	1	-0.00458	-0.01029	0.67939	0.00226	1	0.06512	-0.01490	0.70203	0.00378	1	1.45898	0.81042	0	
1259343	8493.69141	3305736513809	0.49954	0.41713	8493.63867	0.05273	11590	1	0.52516	0.30328	1	0.47217	0.48381	1	0.49866	0.39355	1	0.48049	0.53965	10.75619	1.07515	1	0.74166	0.56117	11.79234	1.08383	1	-0.00458	-0.01029	0.67939	0.00360	1	0.06512	-0.01490	0.70203	0.00358	1	1.45898	0.81042	0	
1259344	8493.69824	3305736580630	0.50368	0.40707	8493.63867	0.05957	11590	1	0.55838	0.31139	1	0.52359	0.32168	1	0.54098	0.31653	1	0.48070	0.54006	11.00742	1.08383	1	0.74165	0.56009	11.73880	1.09251	1	-0.00458	-0.01029	0.67939	0.00341	1	0.06512	-0.01490	0.70203	0.00392	1	1.45898	0.81042	0	
1259345	8493.70508	3305736647582	0.50704	0.39852	8493.63867	0.06641	11590	1	0.55773	0.30445	1	0.52359	0.32168	1	0.54066	0.31306	1	0.47775	0.54207	11.88324	1.09251	1	0.73828	0.56103	12.14782	1.09251	1	-0.00506	-0.01028	0.67520	0.00331	1	0.06277	-0.01454	0.68285	0.00346	1	1.45898	0.81042	0	
1259346	8493.71191	3305736714281	0.50051	0.40689	8493.63867	0.07324	11590	1	0.41549	0.51763	1	0.44189	0.48026	1	0.42869	0.49894	1	0.47677	0.54253	10.97458	1.09251	1	0.73803	0.56179	12.61370	1.08383	1	-0.00506	-0.01028	0.67520	0.00350	1	0.06277	-0.01454	0.68285	0.00342	1	1.45898	0.81042	0	
1259347	8493.71777	3305736776521	0.49681	0.40726	8493.63867	0.07910	11590	1	0.44201	0.41538	1	0.46263	0.40801	1	0.45232	0.41170	1	0.47678	0.54170	11.02145	1.08383	1	0.73796	0.56086	11.77468	1.07515	1	-0.00506	-0.01028	0.67520	0.00373	1	0.06277	-0.01454	0.68285	0.00315	1	1.45898	0.81042	0	
1259348	8493.72461	3305736845493	0.49367	0.40823	8493.63867	0.08594	11590	1	0.44348	0.42154	1	0.46222	0.42006	1	0.45285	0.42080	1	0.47431	0.53997	11.16345	1.07515	1	0.73568	0.56095	12.03664	1.05881	1	-0.00552	-0.01043	0.68167	0.00222	1	0.05973	-0.01387	0.65567	0.00353	1	1.45898	0.81042	0	
1259349	8493.73145	3305736912004	0.48500	0.41665	8493.63867	0.09277	11590	1	0.38622	0.58603	1	0.34124	0.48308	1	0.36373	0.53455	1	0.47497	0.54209	11.50468	1.05881	1	0.73521	0.56111	12.01901	1.05115	1	-0.00552	-0.01043	0.68167	0.00373	1	0.05973	-0.01387	0.65567	0.00365	1	1.45898	0.81042	0	
1259350	8493.73828	3305736982374	0.47719	0.42297	8493.63867	0.09961	11590	1	0.38634	0.59692	1	0.33351	0.43853	1	0.35993	0.51773	1	0.47490	0.54232	11.72783	1.05115	1	0.73506	0.56021	11.83846	1.04349	1	-0.00552	-0.01043	0.68167	0.00364	1	0.05973	-0.01387	0.65567	0.00370	1	1.45898	0.81042	0	
1259351	8493.74512	3305737047906	0.47034	0.42867	8493.63867	0.10645	11590	1	0.38808	0.60121	1	0.33351	0.43853	1	0.36080	0.51987	1	0.47380	0.53979	11.46951	1.04349	1	0.73468	0.56078	11.78594	1.04349	1	-0.00566	-0.01027	0.67443	0.00237	1	0.06155	-0.01420	0.67617	0.00345	1	1.45898	0.81042	0	
1259352	8493.75195	3305737116144	0.46336	0.43419	8493.63867	0.11328	11590	1	0.35644	0.56700	1	0.33302	0.48910	1	0.34473	0.52805	1	0.47455	0.54188	11.68427	1.04349	1	0.73505	0.56055	11.91892	1.05115	1	-0.00566	-0.01027	0.67443	0.00377	1	0.06155	-0.01420	0.67617	0.00344	1	1.45898	0.81042	0	
1259353	8493.75879	3305737183198	0.45781	0.43751	8493.63867	0.12012	11590	1	0.39334	0.53125	1	0.32245	0.46349	1	0.35789	0.49737	1	0.47433	0.54132	10.99451	1.05115	1	0.73478	0.55987	11.78483	1.05881	1	-0.00566	-0.01027	0.67443	0.00354	1	0.06155	-0.01420	0.67617	0.00322	1	1.45898	0.81042	0	
1259354	8493.76562	3305737250008	0.42163	0.45437	8493.63867	0.12012	11590	0	0.39342	0.53147	1	0.32327	0.46899	1	0.35834	0.50023	1	0.47346	0.53875	10.74316	1.05079	1	0.73430	0.55915	11.94250	1.05079	1	-0.00567	-0.01003	0.66876	0.00229	1	0.05938	-0.01354	0.65398	0.00390	1	1.45898	0.81042	0	
1259355	8493.77246	3305737317160	0.38782	0.50207	8493.63867	0.12012	11590	0	0.37211	0.58169	1	0.33589	0.51785	1	0.35400	0.54977	1	0.47394	0.54108	11.05674	1.04278	1	0.73435	0.55984	12.27802	1.03512	1	-0.00567	-0.01003	0.66876	0.00344	1	0.05938	-0.01354	0.65398	0.00344	1	1.45898	0.81042	0	
1259356	8493.77930	3305737384125	0.38399	0.51235	8493.63867	0.12012	11590	0	0.41141	0.58241	1	0.34129	0.48344	1	0.37635	0.53293	1	0.47413	0.54094	11.28990	1.02710	1	0.73432	0.55932	12.01986	1.01944	1	-0.00567	-0.01003	0.66876	0.00337	1	0.05938	-0.01354	0.65398	0.00333	1	1.45898	0.81042	0	
1259357	8493.78516	3305737447474	0.38228	0.51806	8493.76562	0.01953	11591	1	0.41302	0.58690	1	0.34129	0.48344	1	0.37715	0.53517	1	0.47246	0.53808	10.68404	1.01944	1	0.73386	0.55888	11.44838	1.01944	1	-0.00595	-0.01005	0.68393	0.00228	1	0.06122	-0.01379	0.67591	0.00374	1	1.45898	0.81042	0	
1259358	8493.79199	3305737517785	0.37549	0.51541	8493.76562	0.02637	11591	1	0.36589	0.54800	1	0.33071	0.46160	1	0.34830	0.50480	1	0.47297	0.54057	11.01973	1.02746	1	0.73388	0.55832	11.28347	1.03512	1	-0.00595	-0.01005	0.68393	0.00388	1	0.06122	-0.01379	0.67591	0.00354	1	1.45898	0.81042	0	
1259359	8493.79883	3305737585332	0.37211	0.51618	8493.76562	0.03320	11591	1	0.37017	0.53706	1	0.34033	0.50299	1	0.35525	0.52003	1	0.47318	0.54011	11.58008	1.04313	1	0.73361	0.55881	11.92689	1.05079	1	-0.00595	-0.01005	0.68393	0.00345	1	0.06122	-0.01379	0.67591	0.00332	1	1.45898	0.81042	0	
1259360	8493.80566	3305737651755	0.36929	0.51489	8493.76562	0.04004	11591	1	0.36641	0.52730	1	0.33821	0.48702	1	0.35231	0.50716	1	0.47179	0.53732	10.55115	1.05881	1	0.73303	0.55826	11.43464	1.07515	1	-0.00617	-0.00992	0.68527	0.00224	1	0.06402	-0.01429	0.70855	0.00372	1	1.45898	0.81042	0	
1259361	8493.81250	3305737719234	0.36452	0.51450	8493.76562	0.04688	11591	1	0.36207	0.56073	1	0.30032	0.46284	1	0.33119	0.51179	1	0.47231	0.53980	11.66025	1.07515	1	0.73300	0.55773	11.49342	1.08383	1	-0.00617	-0.00992	0.68527	0.00358	1	0.06402	-0.01429	0.70855	0.00366	1	1.45898	0.81042	0	
1259362	8493.81934	3305737786289	0.36152	0.51160	8493.76562	0.05371	11591	1	0.37377	0.54098	1	0.30113	0.43583	1	0.33745	0.48841	1	0.47259	0.53971	11.95994	1.08383	1	0.73309	0.55746	11.45218	1.09251	1	-0.00617	-0.00992	0.68527	0.00344	1	0.06402	-0.01429	0.70855	0.00351	1	1.45898	0.81042	0	
1259363	8493.82617	3305737853011	0.35906	0.50929	8493.76562	0.06055	11591	1	0.37179	0.53582	1	0.30204	0.44111	1	0.33691	0.48846	1	0.47136	0.53682	10.11618	1.09251	1	0.73291	0.55714	12.02435	1.08485	1	-0.00640	-0.00991	0.68795	0.00231	1	0.05878	-0.01295	0.65166	0.00351	1	1.45898	0.81042	0	
1259364	8493.83203	3305737918822	0.35961	0.50895	8493.76562	0.06641	11591	1	0.40923	0.52301	1	0.32118	0.48821	1	0.36521	0.50561	1	0.47231	0.53900	10.96265	1.08485	1	0.73265	0.55668	12.00958	1.06851	1	-0.00640	-0.00991	0.68795	0.00349	1	0.05878	-0.01295	0.65166	0.00347	1	1.45898	0.81042	0	
1259365	8493.83887	3305737984984	0.35888	0.50950	8493.76562	0.07324	11591	1	0.37355	0.57216	1	0.32796	0.45876	1	0.35075	0.51546	1	0.47171	0.53909	11.07102	1.06851	1	0.73231	0.55646	11.27575	1.05217	1	-0.00640	-0.00991	0.68795	0.00371	1	0.05878	-0.01295	0.65166	0.00352	1	1.45898	0.81042	0	
1259366	8493.84570	3305738054143	0.35853	0.51094	8493.76562	0.08008	11591	1	0.37923	0.58614	1	0.32960	0.47038	1	0.35442	0.52826	1	0.46903	0.53645	10.62246	1.04416	1	0.73063	0.55624	12.49644	1.03547	1	-0.00639	-0.00942	0.66093	0.00236	1	0.06042	-0.01324	0.67378	0.00384	1	1.45898	0.81042	0	
1259367	8493.85254	3305738121189	0.35451	0.50613	8493.76562	0.08691	11591	1	0.29347	0.38379	1	0.31082	0.50343	1	0.30215	0.44361	1	0.46892	0.53643	10.45341	1.02746	1	0.73082	0.55631	12.54405	1.03512	1	-0.00639	-0.00942	0.66093	0.00245	1	0.06042	-0.01324	0.67378	0.00371	1	1.45898	0.81042	0	
1259368	8493.85938	3305738188034	0.35056	0.50234	8493.76562	0.09375	11591	1	0.28605	0.37616	1	0.30467	0.52245	1	0.29536	0.44930	1	0.46892	0.53652	10.64212	1.02710	1	0.73068	0.55595	12.52982	1.03476	1	-0.00639	-0.00942	0.66093	0.00238	1	0.06042	-0.01324	0.67378	0.00351	1	1.45898	0.81042	0	
1259369	8493.86621	3305738253756	0.34698	0.49851	8493.76562	0.10059	11591	1	0.28368	0.37006	1	0.30268	0.51191	1	0.29318	0.44098	1	0.46850	0.53613	10.23344	1.03476	1	0.73011	0.55576	12.36183	1.05110	1	-0.00669	-0.00958	0.67599	0.00236	1	0.06330	-0.01380	0.70762	0.00354	1	1.45898	0.81042	0	
1259370	8493.87305	3305738322137	0.34260	0.49161	8493.76562	0.10742	11591	1	0.26815	0.31192	1	0.27712	0.45066	1	0.27264	0.38129	1	0.46846	0.53604	10.57410	1.05912	1	0.73024	0.55554	12.11900	1.06780	1	-0.00669	-0.00958	0.67599	0.00232	1	0.06330	-0.01380	0.70762	0.00357	1	1.45898	0.81042	0	
1259371	8493.87891	3305738388691	0.33845	0.48415	8493.76562	0.11328	11591	1	0.26388	0.28635	1	0.27194	0.42836	1	0.26791	0.35735	1	0.46847	0.53598	10.71651	1.07581	1	0.73019	0.55532	12.12886	1.08449	1	-0.00669	-0.00958	0.67599	0.00231	1	0.06330	-0.01380	0.70762	0.00354	1	1.45898	0.81042	0	
1259372	8493.88574	3305738456177	0.31437	0.45506	8493.76562	0.11328	11591	0	0.25873	0.27221	1	0.27189	0.42811	1	0.26531	0.35016	1	0.46808	0.53576	10.59199	1.09251	1	0.72980	0.55489	12.24985	1.08485	1	-0.00679	-0.00948	0.67623	0.00228	1	0.06004	-0.01306	0.67227	0.00380	1	1.45898	0.81042	0	
1259373	8493.89258	3305738523220	0.28491	0.40062	8493.76562	0.11328	11591	0	0.23023	0.27542	1	0.28066	0.41695	1	0.25545	0.34619	1	0.46800	0.53572	10.69309	1.08485	1	0.72994	0.55514	12.49595	1.06851	1	-0.00679	-0.00948	0.67623	0.00239	1	0.06004	-0.01306	0.67227	0.00369	1	1.45898	0.81042	0	
1259374	8493.89941	3305738588299	0.28065	0.39938	8493.76562	0.11328	11591	0	0.27219	0.33528	1	0.27208	0.45852	1	0.27213	0.39690	1	0.46823	0.53576	10.74869	1.06851	1	0.72983	0.55550	12.90673	1.05217	1	-0.00679	-0.00948	0.67623	0.00229	1	0.06004	-0.01306	0.67227	0.00362	1	1.45898	0.81042	0	
1259375	8493.90625	3305738654574	0.27931	0.40115	8493.88574	0.02051	11592	1	0.27721	0.34842	1	0.27338	0.46453	1	0.27530	0.40648	1	0.46761	0.53564	10.46182	1.05217	1	0.72984	0.55523	12.61853	1.04349	1	-0.00691	-0.00946	0.67808	0.00245	1	0.06045	-0.01301	0.67749	0.00358	1	1.45898	0.81042	0	
1259376	8493.91309	3305738723081	0.27785	0.40876	8493.88574	0.02734	11592	1	0.26622	0.33610	1	0.27774	0.54222	1	0.27198	0.43916	1	0.46763	0.53558	10.59183	1.04349	1	0.72957	0.55536	12.42095	1.05115	1	-0.00691	-0.00946	0.67808	0.00236	1	0.06045	-0.01301	0.67749	0.00354	1	1.45898	0.81042	0	
1259377	8493.91895	3305738786603	0.27550	0.40977	8493.88574	0.03320	11592	1	0.25993	0.32106	1	0.26764	0.50869	1	0.26379	0.41487	1	0.46756	0.53555	10.61794	1.05115	1	0.72935	0.55511	12.65734	1.05881	1	-0.00691	-0.00946	0.67808	0.00239	1	0.06045	-0.01301	0.67749	0.00346	1	1.45898	0.81042	0	
1259378	8493.92578	3305738855266	0.27357	0.40970	8493.88574	0.04004	11592	1	0.25748	0.31468	1	0.26647	0.50377	1	0.26197	0.40923	1	0.46735	0.53562	10.70905	1.05881	1	0.72925	0.55489	12.49831	1.06647	1	-0.00705	-0.00950	0.68113	0.00245	1	0.06045	-0.01301	0.67749	0.00361	1	1.45898	0.81042	0	
1259379	8493.93262	3305738923780	0.27070	0.40842	8493.88574	0.04688	11592	1	0.25238	0.31096	1	0.24883	0.48803	1	0.25061	0.39949	1	0.46745	0.53563	10.88959	1.06647	1	0.72910	0.55487	12.28501	1.06647	1	-0.00705	-0.00950	0.68113	0.00247	1	0.06045	-0.01301	0.67749	0.00354	1	1.45898	0.81042	0	
1259380	8493.93945	3305738987591	0.26914	0.40728	8493.88574	0.05371	11592	1	0.25403	0.30756	1	0.25920	0.48870	1	0.25662	0.39813	1	0.46757	0.53560	10.98477	1.06647	1	0.72920	0.55482	12.71115	1.06647	1	-0.00705	-0.00950	0.68113	0.00238	1	0.06045	-0.01301	0.67749	0.00353	1	1.45898	0.81042	0	
1259381	8493.94629	3305739056597	0.26781	0.40608	8493.88574	0.06055	11592	1	0.25403	0.30756	1	0.25782	0.48302	1	0.25592	0.39529	1	0.46727	0.53564	10.76431	1.06647	1	0.72927	0.55442	12.63105	1.07515	1	-0.00705	-0.00950	0.68113	0.00231	1	0.06231	-0.01342	0.69888	0.00347	1	1.45898	0.81042	0	
1259382	8493.95312	3305739124599	0.26657	0.40274	8493.88574	0.06738	11592	1	0.23806	0.30147	1	0.27019	0.43733	1	0.25413	0.36940	1	0.46740	0.53554	10.65771	1.07515	1	0.72934	0.55447	12.68586	1.08383	1	-0.00705	-0.00950	0.68113	0.00241	1	0.06231	-0.01342	0.69888	0.00348	1	1.45898	0.81042	0	
1259383	8493.95996	3305739191564	0.26475	0.40048	8493.88574	0.07422	11592	1	0.24048	0.29513	1	0.24900	0.45598	1	0.24474	0.37556	1	0.46737	0.53543	10.97426	1.08383	1	0.72916	0.55471	12.41381	1.09251	1	-0.00705	-0.00950	0.68113	0.00239	1	0.06231	-0.01342	0.69888	0.00348	1	1.45898	0.81042	0	
1259384	8493.96582	3305739255432	0.26330	0.39894	8493.88574	0.08008	11592	1	0.24027	0.29458	1	0.25159	0.46644	1	0.24593	0.38051	1	0.46726	0.53546	10.86086	1.08449	1	0.72917	0.55468	12.48450	1.07684	1	-0.00691	-0.00925	0.66303	0.00241	1	0.05853	-0.01263	0.65766	0.00350	1	1.45898	0.81042	0	
1259385	8493.97266	3305739323532	0.26386	0.40022	8493.88574	0.08691	11592	1	0.25468	0.35986	1	0.28740	0.47379	1	0.27104	0.41682	1	0.46703	0.53557	11.04171	1.06882	1	0.72924	0.55463	13.09405	1.05248	1	-0.00691	-0.00925	0.66303	0.00237	1	0.05853	-0.01263	0.65766	0.00345	1	1.45898	0.81042	0	
1259386	8493.97949	3305739394124	0.26386	0.40221	8493.88574	0.09375	11592	1	0.26514	0.36109	1	0.26265	0.49905	1	0.26389	0.43007	1	0.46716	0.53555	11.18131	1.04446	1	0.72912	0.55480	12.53957	1.02812	1	-0.00691	-0.00925	0.66303	0.00242	1	0.05853	-0.01263	0.65766	0.00346	1	1.45898	0.81042	0	
1259387	8493.98633	3305739461615	0.26423	0.40507	8493.88574	0.10059	11592	1	0.27298	0.38053	1	0.26662	0.51535	1	0.26980	0.44794	1	0.46693	0.53545	10.73878	1.02011	1	0.72937	0.55457	12.78681	1.00377	1	-0.00691	-0.00925	0.66303	0.00242	1	0.05853	-0.01263	0.65766	0.00345	1	1.45898	0.81042	0	
1259388	8493.99316	3305739527409	0.26572	0.40751	8493.88574	0.10742	11592	1	0.26663	0.38271	1	0.31239	0.51052	1	0.28951	0.44662	1	0.46705	0.53527	10.52776	1.00377	1	0.72956	0.55460	12.65177	1.00377	1	-0.00691	-0.00925	0.66303	0.00250	1	0.05853	-0.01263	0.65766	0.00348	1	1.45898	0.81042	0	
1259389	8494.00000	3305739592833	0.26618	0.40971	8493.88574	0.11426	11592	1	0.26836	0.40594	1	0.27962	0.48831	1	0.27399	0.44713	1	0.46693	0.53545	10.73878	1.00377	1	0.72938	0.55459	12.54807	1.00377	1	-0.00691	-0.00925	0.66303	0.00242	1	0.05853	-0.01263	0.65766	0.00346	1	1.45898	0.81042	0	
1259390	8494.00684	3305739659819	0.26642	0.41107	8493.88574	0.12109	11592	1	0.26569	0.39965	1	0.27597	0.47134	1	0.27083	0.43549	1	0.46708	0.53514	10.89503	1.01178	1	0.72918	0.55394	12.35398	1.02812	1	-0.00705	-0.00950	0.68113	0.00246	1	0.06231	-0.01342	0.69888	0.00372	1	1.45898	0.81042	0	
1259391	8494.01367	3305739728748	0.26597	0.41271	8493.88574	0.12793	11592	1	0.26347	0.36323	1	0.25132	0.52449	1	0.25739	0.44386	1	0.46751	0.53493	11.11264	1.03614	1	0.72949	0.55453	13.02927	1.05248	1	-0.00705	-0.00950	0.68113	0.00235	1	0.06231	-0.01342	0.69888	0.00379	1	1.45898	0.81042	0	
1259392	8494.01953	3305739795195	0.26273	0.41244	8493.88574	0.13379	11592	1	0.19131	0.37602	1	0.20455	0.43829	1	0.19793	0.40715	1	0.46760	0.53470	10.73746	1.06050	1	0.72946	0.55397	13.19771	1.07684	1	-0.00705	-0.00950	0.68113	0.00245	1	0.06231	-0.01342	0.69888	0.00382	1	1.45898	0.81042	0	
1259393	8494.02637	3305739862459	0.25954	0.41165	8493.88574	0.14062	11592	1	0.18216	0.35710	1	0.20289	0.43276	1	0.19253	0.39493	1	0.47147	0.53340	11.57370	1.08485	1	0.73355	0.55323	12.90852	1.08485	1	-0.00654	-0.00919	0.68105	0.00247	1	0.06038	-0.01267	0.67053	0.00373	1	1.45898	0.81042	0	
1259394	8494.03320	3305739928393	0.26533	0.41108	8493.88574	0.14746	11592	1	0.38540	0.38146	1	0.39986	0.41585	1	0.39263	0.39865	1	0.47249	0.53521	11.86539	1.08485	1	0.73423	0.55259	13.06250	1.06851	1	-0.00654	-0.00919	0.68105	0.00368	1	0.06038	-0.01267	0.67053	0.00378	1	1.45898	0.81042	0	
1259395	8494.04004	3305739995643	0.26993	0.41290	8493.88574	0.15430	11592	1	0.38765	0.46609	1	0.36399	0.44325	1	0.37582	0.45467	1	0.47279	0.53505	12.33070	1.06851	1	0.73440	0.55284	14.10181	1.05217	1	-0.00654	-0.00919	0.68105	0.00341	1	0.06038	-0.01267	0.67053	0.00359	1	1.45898	0.81042	0	
1259396	8494.04688	3305740063565	0.27429	0.41514	8493.88574	0.16113	11592	1	0.39296	0.48250	1	0.36508	0.45515	1	0.37902	0.46883	1	0.47479	0.53387	11.98635	1.04416	1	0.73563	0.55275	13.50726	1.03547	1	-0.00586	-0.00877	0.65722	0.00403	1	0.06098	-0.01257	0.67318	0.00378	1	1.45898	0.81042	0	
1259397	8494.05371	3305740131449	0.30294	0.43141	8493.88574	0.16113	11592	0	0.48671	0.37811	1	0.45721	0.42504	1	0.47196	0.40158	1	0.47506	0.53374	12.17865	1.02746	1	0.73588	0.55235	13.11853	1.03512	1	-0.00586	-0.00877	0.65722	0.00362	1	0.06098	-0.01257	0.67318	0.00376	1	1.45898	0.81042	0	
1259398	8494.06055	3305740197100	0.38227	0.42423	8493.88574	0.16113	11592	0	0.48291	0.39738	1	0.44028	0.43673	1	0.46160	0.41706	1	0.47495	0.53403	12.19237	1.02710	1	0.73566	0.55248	13.30393	1.03476	1	-0.00586	-0.00877	0.65722	0.00369	1	0.06098	-0.01257	0.67318	0.00382	1	1.45898	0.81042	0	
1259399	8494.06738	3305740264618	0.40854	0.41993	8493.88574	0.16113	11592	0	0.48181	0.39153	1	0.44032	0.43109	1	0.46107	0.41131	1	0.47486	0.53380	12.19473	1.03476	1	0.73566	0.55251	13.29454	1.04242	1	-0.00617	-0.00915	0.68527	0.00363	1	0.06005	-0.01240	0.66408	0.00382	1	1.45898	0.81042	0	
1259400	8494.07324	3305740331566	0.47061	0.41338	8493.88574	0.16113	11592	0	0.51990	0.41692	1	0.45843	0.40659	1	0.48916	0.41175	1	0.47487	0.53446	12.31751	1.05044	1	0.73595	0.55230	12.78060	1.05044	1	-0.00617	-0.00915	0.68527	0.00379	1	0.06005	-0.01240	0.66408	0.00394	1	1.45898	0.81042	0	
1259401	8494.08008	3305740398990	0.47663	0.41277	8493.88574	0.16113	11592	0	0.52563	0.38327	1	0.43966	0.44107	1	0.48264	0.41217	1	0.47493	0.53429	12.22397	1.05845	1	0.73568	0.55263	13.18646	1.05845	1	-0.00617	-0.00915	0.68527	0.00377	1	0.06005	-0.01240	0.66408	0.00381	1	1.45898	0.81042	0	
1259402	8494.08691	3305740466446	0.47850	0.41061	8493.88574	0.16113	11592	0	0.52479	0.37723	1	0.43970	0.43533	1	0.48225	0.40628	1	0.47487	0.53397	12.21855	1.06647	1	0.73588	0.55259	13.03680	1.06647	1	-0.00617	-0.00915	0.68527	0.00360	1	0.06098	-0.01257	0.67318	0.00382	1	1.45898	0.81042	0	
1259403	8494.09375	3305740533547	0.48010	0.41058	8494.07324	0.02051	11593	1	0.52247	0.39587	1	0.44730	0.42513	1	0.48489	0.41050	1	0.47491	0.53442	12.17419	1.06647	1	0.73579	0.55258	13.03341	1.06647	1	-0.00617	-0.00915	0.68527	0.00380	1	0.06098	-0.01257	0.67318	0.00381	1	1.45898	0.81042	0	
1259404	8494.10059	3305740599989	0.48167	0.41000	8494.07324	0.02734	11593	1	0.51956	0.40035	1	0.45638	0.41500	1	0.48797	0.40767	1	0.47489	0.53435	12.37461	1.06647	1	0.73588	0.55237	12.93186	1.06647	1	-0.00617	-0.00915	0.68527	0.00379	1	0.06098	-0.01257	0.67318	0.00396	1	1.45898	0.81042	0	
1259405	8494.10742	3305740666397	0.48271	0.41008	8494.07324	0.03418	11593	1	0.51956	0.40035	1	0.45622	0.42063	1	0.48789	0.41049	1	0.47491	0.53461	12.48409	1.06647	1	0.73591	0.55256	12.99842	1.05881	1	-0.00617	-0.00915	0.68527	0.00368	1	0.05993	-0.01237	0.66222	0.00380	1	1.45898	0.81042	0	
1259406	8494.11328	3305740731852	0.48248	0.40776	8494.07324	0.04004	11593	1	0.52474	0.34481	1	0.43748	0.44287	1	0.48111	0.39384	1	0.47507	0.53464	11.99800	1.05881	1	0.73564	0.55264	13.22038	1.05115	1	-0.00617	-0.00915	0.68527	0.00372	1	0.05993	-0.01237	0.66222	0.00382	1	1.45898	0.81042	0	
1259407	8494.12012	3305740800534	0.48306	0.40637	8494.07324	0.04688	11593	1	0.52003	0.34927	1	0.45422	0.44396	1	0.48713	0.39662	1	0.47502	0.53457	12.18816	1.05115	1	0.73591	0.55256	12.99842	1.04349	1	-0.00617	-0.00915	0.68527	0.00370	1	0.05993	-0.01237	0.66222	0.00380	1	1.45898	0.81042	0	
1259408	8494.12695	3305740867065	0.48351	0.40517	8494.07324	0.05371	11593	1	0.51987	0.34815	1	0.45425	0.44292	1	0.48706	0.39554	1	0.47489	0.53476	12.49359	1.05258	1	0.73576	0.55255	13.18492	1.04492	1	-0.00629	-0.00930	0.69293	0.00364	1	0.05993	-0.01237	0.66222	0.00381	1	1.45898	0.81042	0	
1259409	8494.13379	3305740933026	0.48340	0.39994	8494.07324	0.06055	11593	1	0.51921	0.27950	1	0.44561	0.42640	1	0.48241	0.35295	1	0.47492	0.53393	11.97356	1.05400	1	0.73573	0.55254	13.02924	1.05400	1	-0.00629	-0.00930	0.69293	0.00399	1	0.05993	-0.01237	0.66222	0.00387	1	1.45898	0.81042	0	
1259410	8494.14062	3305741001234	0.48314	0.39553	8494.07324	0.06738	11593	1	0.51537	0.28294	1	0.44570	0.41974	1	0.48054	0.35134	1	0.47486	0.53388	11.88632	1.06309	1	0.73573	0.55254	13.02924	1.06309	1	-0.00629	-0.00930	0.69293	0.00405	1	0.05993	-0.01237	0.66222	0.00387	1	1.45898	0.81042	0	
1259411	8494.14746	3305741069081	0.48288	0.39101	8494.07324	0.07422	11593	1	0.51436	0.27527	1	0.44587	0.40746	1	0.48012	0.34137	1	0.47471	0.53462	11.95598	1.07217	1	0.73594	0.55243	12.64883	1.07983	1	-0.00629	-0.00941	0.69293	0.00373	1	0.06005	-0.01245	0.66408	0.00386	1	1.45898	0.81042	0	
1259412	8494.15430	3305741133435	0.48223	0.38921	8494.07324	0.08105	11593	1	0.50772	0.30915	1	0.44115	0.42612	1	0.47444	0.36764	1	0.47470	0.53443	12.00148	1.07983	1	0.73565	0.55275	13.19417	1.08749	1	-0.00629	-0.00941	0.69293	0.00375	1	0.06005	-0.01245	0.66408	0.00396	1	1.45898	0.81042	0	
1259413	8494.16113	3305741202263	0.48130	0.38596	8494.07324	0.08789	11593	1	0.49387	0.28253	1	0.44443	0.40468	1	0.46915	0.34361	1	0.47468	0.53447	11.93544	1.08749	1	0.73570	0.55269	13.16354	1.09515	1	-0.00629	-0.00941	0.69293	0.00374	1	0.06005	-0.01245	0.66408	0.00400	1	1.45898	0.81042	0	
1259414	8494.16699	3305741269068	0.48050	0.38321	8494.07324	0.09375	11593	1	0.49405	0.28371	1	0.44442	0.40572	1	0.46923	0.34471	1	0.47482	0.53517	12.31352	1.08607	1	0.73546	0.55319	13.21034	1.09373	1	-0.00614	-0.00932	0.68257	0.00353	1	0.06005	-0.01245	0.66408	0.00386	1	1.45898	0.81042	0	
1259415	8494.17383	3305741336473	0.48039	0.38541	8494.07324	0.10059	11593	1	0.52726	0.39154	1	0.43044	0.44540	1	0.47885	0.41847	1	0.47499	0.53531	12.43337	1.08464	1	0.73553	0.55312	13.20369	1.08464	1	-0.00614	-0.00932	0.68257	0.00377	1	0.06005	-0.01245	0.66408	0.00387	1	1.45898	0.81042	0	
1259416	8494.18066	3305741403487	0.48150	0.38508	8494.07324	0.10742	11593	1	0.53585	0.38847	1	0.46247	0.37117	1	0.49916	0.37982	1	0.47511	0.53540	12.50275	1.07555	1	0.73594	0.55259	12.75137	1.07555	1	-0.00614	-0.00932	0.68257	0.00366	1	0.06005	-0.01245	0.66408	0.00401	1	1.45898	0.81042	0	
1259417	8494.18750	3305741470157	0.48249	0.38533	8494.07324	0.11426	11593	1	0.53671	0.39515	1	0.46205	0.38408	1	0.49938	0.38961	1	0.47489	0.53529	12.11154	1.06647	1	0.73579	0.55246	12.64873	1.05881	1	-0.00614	-0.00932	0.68257	0.00368	1	0.05993	-0.01247	0.66222	0.00413	1	1.45898	0.81042	0	
1259418	8494.19434	3305741537700	0.48160	0.38540	8494.07324	0.12109	11593	1	0.49110	0.32673	1	0.44014	0.44631	1	0.46562	0.38652	1	0.47487	0.53540	11.98156	1.05881	1	0.73570	0.55321	13.31026	1.05115	1	-0.00614	-0.00932	0.68257	0.00380	1	0.05993	-0.01247	0.66222	0.00394	1	1.45898	0.81042	0	
1259419	8494.20117	3305741604134	0.48145	0.38190	8494.07324	0.12793	11593	1	0.48556	0.33851	1	0.47157	0.29245	1	0.47857	0.31548	1	0.47511	0.53562	12.36217	1.05115	1	0.73602	0.55207	12.26399	1.04349	1	-0.00614	-0.00932	0.68257	0.00376	1	0.05993	-0.01247	0.66222	0.00414	1	1.45898	0.81042	0	
1259420	8494.20801	3305741671461	0.48137	0.37902	8494.07324	0.13477	11593	1	0.48772	0.35109	1	0.47160	0.29187	1	0.47966	0.32148	1	0.47498	0.53606	12.00425	1.03547	1	0.73624	0.55295	12.56627	1.04416	1	-0.00595	-0.00915	0.66646	0.00375	1	0.06436	-0.01347	0.70997	0.00377	1	1.45898	0.81042	0	
1259421	8494.21387	3305741738254	0.48177	0.37916	8494.07324	0.14062	11593	1	0.49937	0.41146	1	0.48114	0.35236	1	0.49025	0.38191	1	0.47530	0.53601	12.83245	1.03614	1	0.73630	0.55273	12.40555	1.05248	1	-0.00595	-0.00915	0.66646	0.00372	1	0.06436	-0.01347	0.70997	0.00391	1	1.45898	0.81042	0	
1259422	8494.22070	3305741805070	0.48165	0.37912	8494.07324	0.14746	11593	1	0.51020	0.36477	1	0.44776	0.39196	1	0.47898	0.37837	1	0.47562	0.53559	11.61014	1.04446	1	0.73653	0.55318	13.07806	1.06080	1	-0.00595	-0.00915	0.66646	0.00365	1	0.06436	-0.01347	0.70997	0.00399	1	1.45898	0.81042	0	
1259423	8494.22754	3305741872080	0.48151	0.37908	8494.07324	0.15430	11593	1	0.50922	0.35827	1	0.44766	0.39806	1	0.47844	0.37816	1	0.47618	0.53547	11.90585	1.05278	1	0.73703	0.55276	13.06153	1.05278	1	-0.00573	-0.00906	0.66409	0.00375	1	0.06021	-0.01258	0.66304	0.00398	1	1.45898	0.81042	0	
1259424	8494.23438	3305741938934	0.48253	0.37893	8494.07324	0.16113	11593	1	0.52944	0.34118	1	0.48430	0.40956	1	0.50687	0.37537	1	0.47659	0.53551	12.25332	1.05278	1	0.73713	0.55308	13.35878	1.03645	1	-0.00573	-0.00906	0.66409	0.00372	1	0.06021	-0.01258	0.66304	0.00391	1	1.45898	0.81042	0	
1259425	8494.24121	3305742006209	0.48373	0.37818	8494.07324	0.16797	11593	1	0.52567	0.35495	1	0.50160	0.36382	1	0.51364	0.35939	1	0.47661	0.53559	12.29685	1.03645	1	0.73741	0.55256	12.66893	1.02011	1	-0.00573	-0.00906	0.66409	0.00369	1	0.06021	-0.01258	0.66304	0.00419	1	1.45898	0.81042	0	
1259426	8494.24707	3305742070694	0.48483	0.37784	8494.07324	0.17383	11593	1	0.52656	0.36158	1	0.50064	0.37628	1	0.51360	0.36893	1	0.47618	0.53536	11.78895	1.02812	1	0.73741	0.55218	12.47543	1.00497	1	-0.00584	-0.00933	0.68362	0.00364	1	0.05753	-0.01201	0.63311	0.00427	1	1.45898	0.81042	0	
1259427	8494.25488	3305742139829	0.48559	0.37846	8494.07324	0.18164	11593	1	0.51764	0.38565	1	0.49452	0.40471	1	0.50608	0.39518	1	0.47636	0.53565	12.18475	1.01299	1	0.73733	0.55283	12.66048	1.00618	1	-0.00584	-0.00933	0.68362	0.00371	1	0.05753	-0.01201	0.63311	0.00396	1	1.45898	0.81042	0	
1259428	8494.26074	3305742206967	0.48638	0.37849	8494.07324	0.18750	11593	1	0.52943	0.38077	1	0.48750	0.37787	1	0.50847	0.37932	1	0.47655	0.53563	12.48827	1.01420	1	0.73724	0.55250	12.78788	1.00739	1	-0.00584	-0.00933	0.68362	0.00366	1	0.05753	-0.01201	0.63311	0.00430	1	1.45898	0.81042	0	
1259429	8494.26758	3305742274936	0.48712	0.37804	8494.07324	0.19434	11593	1	0.52835	0.37266	1	0.48876	0.35760	1	0.50856	0.36513	1	0.47661	0.53529	12.17214	1.02449	1	0.73735	0.55295	12.95961	1.03215	1	-0.00593	-0.00955	0.69947	0.00374	1	0.06125	-0.01277	0.67290	0.00402	1	1.45898	0.81042	0	
1259430	8494.27441	3305742341152	0.48757	0.37695	8494.07324	0.20117	11593	1	0.52979	0.37177	1	0.47232	0.31670	1	0.50105	0.34424	1	0.47660	0.53525	12.21250	1.04124	1	0.73730	0.55220	12.59838	1.05571	1	-0.00593	-0.00955	0.69947	0.00367	1	0.06125	-0.01277	0.67290	0.00425	1	1.45898	0.81042	0	
1259431	8494.28125	3305742408011	0.48819	0.37534	8494.07324	0.20801	11593	1	0.53327	0.35609	1	0.48199	0.29473	1	0.50763	0.32541	1	0.47661	0.53536	12.18681	1.06479	1	0.73745	0.55225	12.66841	1.07926	1	-0.00593	-0.00955	0.69947	0.00367	1	0.06125	-0.01277	0.67290	0.00417	1	1.45898	0.81042	0	
1259432	8494.28809	3305742474679	0.48877	0.37347	8494.07324	0.21484	11593	1	0.53186	0.34491	1	0.48261	0.28257	1	0.50724	0.31374	1	0.47692	0.53567	12.16269	1.07926	1	0.73752	0.55309	12.59669	1.09373	1	-0.00566	-0.00921	0.67443	0.00367	1	0.06125	-0.01277	0.67290	0.00404	1	1.45898	0.81042	0	
1259433	8494.29492	3305742541733	0.48870	0.37372	8494.07324	0.22168	11593	1	0.51524	0.37960	1	0.45712	0.38379	1	0.48618	0.38170	1	0.47631	0.53540	11.66720	1.08464	1	0.73748	0.55327	13.07452	1.08464	1	-0.00566	-0.00921	0.67443	0.00386	1	0.06125	-0.01277	0.67290	0.00391	1	1.45898	0.81042	0	
1259434	8494.30078	3305742607655	0.48880	0.37341	8494.07324	0.22754	11593	1	0.52354	0.36004	1	0.46146	0.36578	1	0.49250	0.36291	1	0.47690	0.53533	11.94128	1.07555	1	0.73749	0.55305	12.56087	1.07555	1	-0.00566	-0.00921	0.67443	0.00372	1	0.06125	-0.01277	0.67290	0.00409	1	1.45898	0.81042	0	
1259435	8494.30762	3305742673284	0.48892	0.37331	8494.07324	0.23438	11593	1	0.52448	0.36696	1	0.46124	0.37283	1	0.49286	0.36990	1	0.47711	0.53560	11.96388	1.06647	1	0.73728	0.55342	12.90647	1.06647	1	-0.00566	-0.00921	0.67443	0.00368	1	0.06125	-0.01277	0.67290	0.00391	1	1.45898	0.81042	0	
1259436	8494.31445	3305742739537	0.48903	0.37335	8494.07324	0.24121	11593	1	0.52967	0.34923	1	0.45643	0.40052	1	0.49305	0.37487	1	0.47699	0.53582	12.21632	1.06647	1	0.73744	0.55341	12.99340	1.06647	1	-0.00566	-0.00921	0.67443	0.00367	1	0.06125	-0.01277	0.67290	0.00388	1	1.45898	0.81042	0	
1259437	8494.32129	3305742808103	0.48903	0.37395	8494.07324	0.24805	11593	1	0.52076	0.35105	1	0.45722	0.44117	1	0.48899	0.39611	1	0.47726	0.53572	12.46693	1.06647	1	0.73744	0.55359	13.04542	1.06647	1	-0.00566	-0.00921	0.67443	0.00368	1	0.06125	-0.01277	0.67290	0.00384	1	1.45898	0.81042	0	
1259438	8494.32812	3305742871941	0.48903	0.37474	8494.07324	0.25488	11593	1	0.52162	0.35728	1	0.45690	0.45233	1	0.48926	0.40480	1	0.47713	0.53572	12.46082	1.05845	1	0.73754	0.55350	13.71736	1.05079	1	-0.00556	-0.00917	0.66847	0.00363	1	0.05973	-0.01249	0.65567	0.00379	1	1.45898	0.81042	0	
1259439	8494.33496	3305742941303	0.48900	0.37525	8494.07324	0.26172	11593	1	0.51740	0.35687	1	0.45773	0.43367	1	0.48757	0.39527	1	0.47716	0.53547	12.19635	1.04278	1	0.73751	0.55337	13.37393	1.03512	1	-0.00556	-0.00917	0.66847	0.00363	1	0.05973	-0.01249	0.65567	0.00384	1	1.45898	0.81042	0	
1259440	8494.34082	3305743007254	0.48937	0.37675	8494.07324	0.26758	11593	1	0.52421	0.43300	1	0.48413	0.43989	1	0.50417	0.43644	1	0.47727	0.53568	12.23920	1.02710	1	0.73789	0.55328	13.34112	1.01944	1	-0.00556	-0.00917	0.66847	0.00360	1	0.05973	-0.01249	0.65567	0.00380	1	1.45898	0.81042	0	
1259441	8494.34766	3305743070852	0.48973	0.37830	8494.07324	0.27441	11593	1	0.52504	0.43856	1	0.48377	0.44562	1	0.50441	0.44209	1	0.47716	0.53545	12.20056	1.01944	1	0.73789	0.55318	12.93003	1.01178	1	-0.00565	-0.00935	0.68473	0.00364	1	0.06042	-0.01258	0.66318	0.00389	1	1.45898	0.81042	0	
1259442	8494.35449	3305743141588	0.48994	0.37847	8494.07324	0.28125	11593	1	0.51802	0.36768	1	0.47973	0.40299	1	0.49888	0.38534	1	0.47715	0.53551	12.75650	1.01980	1	0.73789	0.55290	13.04834	1.01980	1	-0.00565	-0.00935	0.68473	0.00360	1	0.06042	-0.01258	0.66318	0.00396	1	1.45898	0.81042	0	
1259443	8494.36133	3305743210099	0.49009	0.37922	8494.07324	0.28809	11593	1	0.51084	0.39585	1	0.48222	0.42702	1	0.49653	0.41143	1	0.47705	0.53540	12.25887	1.02782	1	0.73792	0.55321	13.30269	1.02782	1	-0.00565	-0.00935	0.68473	0.00362	1	0.06042	-0.01258	0.66318	0.00384	1	1.45898	0.81042	0	
1259444	8494.36816	3305743278845	0.49022	0.37980	8494.07324	0.29492	11593	1	0.50988	0.38973	1	0.48258	0.42097	1	0.49623	0.40535	1	0.47726	0.53503	12.30568	1.03583	1	0.73795	0.55339	13.17980	1.03583	1	-0.00565	-0.00935	0.68473	0.00365	1	0.06042	-0.01258	0.66318	0.00386	1	1.45898	0.81042	0	
1259445	8494.37500	3305743342927	0.49060	0.37993	8494.07324	0.30176	11593	1	0.53242	0.33246	1	0.48263	0.43958	1	0.50752	0.38602	1	0.47743	0.53487	12.29059	1.03583	1	0.73794	0.55342	13.28263	1.03583	1	-0.00565	-0.00935	0.68473	0.00356	1	0.06042	-0.01258	0.66318	0.00385	1	1.45898	0.81042	0	
1259446	8494.38184	3305743412622	0.49099	0.38013	8494.07324	0.30859	11593	1	0.52792	0.33241	1	0.48964	0.44622	1	0.50878	0.38931	1	0.47736	0.53488	12.50783	1.03583	1	0.73798	0.55355	13.38210	1.03583	1	-0.00565	-0.00935	0.68473	0.00366	1	0.06042	-0.01258	0.66318	0.00391	1	1.45898	0.81042	0	
1259447	8494.38867	3305743479788	0.49136	0.38032	8494.07324	0.31543	11593	1	0.52792	0.33241	1	0.48964	0.44622	1	0.50878	0.38931	1	0.47755	0.53506	12.66315	1.03583	1	0.73809	0.55282	12.66123	1.03583	1	-0.00565	-0.00935	0.68473	0.00353	1	0.06067	-0.01262	0.66486	0.00395	1	1.45898	0.81042	0	
1259448	8494.39551	3305743546308	0.49208	0.37913	8494.07324	0.32227	11593	1	0.51515	0.32980	1	0.49500	0.38245	1	0.50508	0.35612	1	0.47716	0.53506	12.38642	1.03583	1	0.73807	0.55292	12.76256	1.03583	1	-0.00565	-0.00935	0.68473	0.00359	1	0.06067	-0.01262	0.66486	0.00386	1	1.45898	0.81042	0	
1259449	8494.40137	3305743611600	0.49280	0.37868	8494.07324	0.32812	11593	1	0.54065	0.39737	1	0.49379	0.38385	1	0.51722	0.39061	1	0.47753	0.53512	12.82892	1.03583	1	0.73807	0.55289	12.76431	1.03583	1	-0.00565	-0.00935	0.68473	0.00352	1	0.06067	-0.01262	0.66486	0.00389	1	1.45898	0.81042	0	
1259450	8494.40820	3305743680965	0.49353	0.37829	8494.07324	0.33496	11593	1	0.54065	0.39737	1	0.49422	0.37779	1	0.51744	0.38758	1	0.47736	0.53500	12.57897	1.03583	1	0.73834	0.55300	12.10130	1.04349	1	-0.00565	-0.00935	0.68473	0.00354	1	0.06190	-0.01286	0.67777	0.00398	1	1.45898	0.81042	0	
1259451	8494.41504	3305743747095	0.49434	0.37787	8494.07324	0.34180	11593	1	0.54551	0.39074	1	0.50248	0.38986	1	0.52400	0.39030	1	0.47767	0.53520	12.20892	1.04349	1	0.73822	0.55304	12.76127	1.05115	1	-0.00565	-0.00935	0.68473	0.00356	1	0.06190	-0.01286	0.67777	0.00397	1	1.45898	0.81042	0	
1259452	8494.42188	3305743815208	0.49453	0.37712	8494.07324	0.34863	11593	1	0.51651	0.38034	1	0.47686	0.36290	1	0.49669	0.37162	1	0.47710	0.53499	12.15077	1.05115	1	0.73820	0.55273	12.49522	1.05881	1	-0.00565	-0.00935	0.68473	0.00359	1	0.06190	-0.01286	0.67777	0.00399	1	1.45898	0.81042	0	
1259453	8494.42871	3305743880692	0.49470	0.37604	8494.07324	0.35547	11593	1	0.51463	0.36760	1	0.47751	0.34963	1	0.49607	0.35861	1	0.47710	0.53499	12.15077	1.06790	1	0.73813	0.55272	12.89328	1.07555	1	-0.00574	-0.00958	0.70172	0.00359	1	0.06190	-0.01286	0.67777	0.00404	1	1.45898	0.81042	0	
1259454	8494.43555	3305743948407	0.49505	0.37513	8494.07324	0.36230	11593	1	0.52306	0.34624	1	0.47292	0.35437	1	0.49799	0.35031	1	0.47739	0.53487	12.35515	1.08464	1	0.73811	0.55287	12.89822	1.08464	1	-0.00574	-0.00958	0.70172	0.00369	1	0.06190	-0.01286	0.67777	0.00403	1	1.45898	0.81042	0	
1259455	8494.44238	3305744015681	0.49508	0.37437	8494.07324	0.36914	11593	1	0.52778	0.37205	1	0.44969	0.34850	1	0.48874	0.36027	1	0.47736	0.53509	12.53431	1.09373	1	0.73813	0.55309	12.78766	1.09373	1	-0.00574	-0.00958	0.70172	0.00357	1	0.06190	-0.01286	0.67777	0.00385	1	1.45898	0.81042	0	
1259456	8494.44922	3305744082459	0.49511	0.37350	8494.07324	0.37598	11593	1	0.52689	0.36534	1	0.44981	0.34143	1	0.48835	0.35339	1	0.47779	0.53479	11.95377	1.10281	1	0.73821	0.55277	12.57749	1.10281	1	-0.00574	-0.00958	0.70172	0.00370	1	0.06190	-0.01286	0.67777	0.00409	1	1.45898	0.81042	0	
1259457	8494.45508	3305744149815	0.49568	0.37248	8494.07324	0.38184	11593	1	0.51874	0.30920	1	0.50075	0.29955	1	0.50974	0.30438	1	0.47726	0.53472	12.37792	1.10281	1	0.73856	0.55259	12.08928	1.10281	1	-0.00574	-0.00958	0.70172	0.00374	1	0.06190	-0.01286	0.67777	0.00418	1	1.45898	0.81042	0	
1259458	8494.46191	3305744216528	0.49613	0.37195	8494.07324	0.38867	11593	1	0.54153	0.35918	1	0.46312	0.29239	1	0.50233	0.32579	1	0.47764	0.53501	11.70420	1.10281	1	0.73826	0.55251	12.60326	1.10281	1	-0.00574	-0.00958	0.70172	0.00364	1	0.06190	-0.01286	0.67777	0.00420	1	1.45898	0.81042	0	
1259459	8494.46875	3305744283228	0.49659	0.37163	8494.07324	0.39551	11593	1	0.54153	0.35918	1	0.46312	0.29239	1	0.50233	0.32579	1	0.47764	0.53499	11.68853	1.10281	1	0.73859	0.55296	12.31759	1.10281	1	-0.00580	-0.00963	0.70909	0.00364	1	0.06190	-0.01286	0.67777	0.00423	1	1.45898	0.81042	0	
1259460	8494.47559	3305744350547	0.49715	0.37085	8494.07324	0.40234	11593	1	0.53018	0.31663	1	0.47234	0.34359	1	0.50126	0.33011	1	0.47755	0.53475	12.22663	1.10281	1	0.73848	0.55248	11.96720	1.10281	1	-0.00580	-0.00963	0.70909	0.00369	1	0.06190	-0.01286	0.67777	0.00420	1	1.45898	0.81042	0	
1259461	8494.48242	3305744416687	0.49770	0.37094	8494.07324	0.40918	11593	1	0.52924	0.29539	1	0.46198	0.40100	1	0.49561	0.34820	1	0.47755	0.53460	11.54147	1.10281	1	0.73838	0.55301	12.71018	1.10281	1	-0.00580	-0.00963	0.70909	0.00383	1	0.06190	-0.01286	0.67777	0.00416	1	1.45898	0.81042	0	
1259462	8494.48926	3305744484923	0.49825	0.37101	8494.07324	0.41602	11593	1	0.52924	0.29539	1	0.46198	0.40100	1	0.49561	0.34820	1	0.47728	0.53456	12.09045	1.10281	1	0.73824	0.55284	12.81521	1.10281	1	-0.00574	-0.00947	0.70172	0.00376	1	0.06206	-0.01284	0.67948	0.00416	1	1.45898	0.81042	0	
1259463	8494.49609	3305744551537	0.49772	0.34315	8494.07324	0.41602	11593	0	0.52033	0.26946	1	0.47543	0.41274	1	0.49788	0.34110	1	0.47735	0.53420	12.44092	1.10281	1	0.73815	0.55324	13.40402	1.10281	1	-0.00574	-0.00947	0.70172	0.00385	1	0.06206	-0.01284	0.67948	0.00392	1	1.45898	0.81042	0	
1259464	8494.50195	3305744618313	0.49161	0.33530	8494.07324	0.41602	11593	0	0.51940	0.28107	1	0.45160	0.37383	1	0.48550	0.32745	1	0.47736	0.53431	12.38483	1.10281	1	0.73824	0.55284	12.81521	1.10281	1	-0.00574	-0.00947	0.70172	0.00387	1	0.06206	-0.01284	0.67948	0.00416	1	1.45898	0.81042	0	
1259465	8494.50879	3305744685392	0.48957	0.33268	8494.07324	0.41602	11593	0	0.51940	0.28107	1	0.45160	0.37383	1	0.48550	0.32745	1	0.47732	0.53392	11.76307	1.10281	1	0.73852	0.55196	12.12731	1.10281	1	-0.00574	-0.00947	0.70172	0.00399	1	0.06190	-0.01286	0.67777	0.00448	1	1.45898	0.81042	0	
1259466	8494.51562	3305744747414	0.48853	0.32980	8494.49609	0.01953	11594	1	0.52457	0.26497	1	0.44622	0.37736	1	0.48540	0.32117	1	0.47746	0.53416	12.00254	1.10281	1	0.73809	0.55283	12.96023	1.10281	1	-0.00574	-0.00947	0.70172	0.00396	1	0.06190	-0.01286	0.67777	0.00416	1	1.45898	0.81042	0	
1259467	8494.52246	3305744816517	0.49051	0.32197	8494.49609	0.02637	11594	1	0.52327	0.27469	1	0.47365	0.30661	1	0.49846	0.29065	1	0.47747	0.53428	11.13449	1.10281	1	0.73846	0.55203	12.13705	1.10281	1	-0.00574	-0.00947	0.70172	0.00391	1	0.06190	-0.01286	0.67777	0.00451	1	1.45898	0.81042	0	
1259468	8494.52832	3305744881972	0.49184	0.31675	8494.49609	0.03223	11594	1	0.52327	0.27469	1	0.47365	0.30661	1	0.49846	0.29065	1	0.47758	0.53380	11.32802	1.10281	1	0.73829	0.55308	12.65532	1.10281	1	-0.00574	-0.00947	0.70172	0.00407	1	0.06206	-0.01284	0.67948	0.00402	1	1.45898	0.81042	0	
1259469	8494.53516	3305744949628	0.49326	0.32751	8494.49609	0.03906	11594	1	0.55377	0.34118	1	0.44988	0.44292	1	0.50183	0.39205	1	0.47778	0.53508	12.58962	1.10281	1	0.73815	0.55305	12.94890	1.10281	1	-0.00574	-0.00947	0.70172	0.00359	1	0.06206	-0.01284	0.67948	0.00403	1	1.45898	0.81042	0	
1259470	8494.54297	3305745020112	0.49440	0.33531	8494.49609	0.04688	11594	1	0.55844	0.32070	1	0.44630	0.45918	1	0.50237	0.38994	1	0.47795	0.53487	12.39329	1.10281	1	0.73815	0.55317	12.98234	1.10281	1	-0.00574	-0.00947	0.70172	0.00363	1	0.06206	-0.01284	0.67948	0.00399	1	1.45898	0.81042	0	
1259471	8494.54883	3305745087354	0.49529	0.34138	8494.49609	0.05273	11594	1	0.55844	0.32070	1	0.44630	0.45918	1	0.50237	0.38994	1	0.47784	0.53493	12.13309	1.10281	1	0.73826	0.55299	12.60292	1.10281	1	-0.00580	-0.00952	0.70909	0.00358	1	0.06190	-0.01276	0.67777	0.00399	1	1.45898	0.81042	0	
1259472	8494.55566	3305745153786	0.49590	0.33965	8494.49609	0.05957	11594	1	0.53973	0.23731	1	0.46299	0.41076	1	0.50136	0.32404	1	0.47774	0.53395	11.64567	1.10281	1	0.73832	0.55271	12.57194	1.10281	1	-0.00580	-0.00952	0.70909	0.00401	1	0.06190	-0.01276	0.67777	0.00386	1	1.45898	0.81042	0	
1259473	8494.56250	3305745221306	0.49619	0.33826	8494.49609	0.06641	11594	1	0.53421	0.24053	1	0.46410	0.40819	1	0.49916	0.32436	1	0.47795	0.53382	11.73817	1.10281	1	0.73839	0.55265	12.55558	1.10281	1	-0.00580	-0.00952	0.70909	0.00416	1	0.06190	-0.01276	0.67777	0.00385	1	1.45898	0.81042	0	
1259474	8494.56934	3305745288920	0.49650	0.33796	8494.49609	0.07324	11594	1	0.53580	0.25509	1	0.46388	0.41425	1	0.49984	0.33467	1	0.47814	0.53462	12.22247	1.08571	1	0.73856	0.55284	13.13202	1.09439	1	-0.00515	-0.00861	0.64170	0.00372	1	0.06516	-0.01342	0.71281	0.00387	1	1.45898	0.81042	0	
1259475	8494.57617	3305745354772	0.49658	0.34052	8494.49609	0.08008	11594	1	0.52229	0.31649	1	0.47290	0.42608	1	0.49759	0.37129	1	0.47811	0.53454	12.17117	1.07729	1	0.73851	0.55273	13.25347	1.08597	1	-0.00515	-0.00861	0.64170	0.00373	1	0.06516	-0.01342	0.71281	0.00376	1	1.45898	0.81042	0	
1259476	8494.58301	3305745422460	0.49595	0.34215	8494.49609	0.08691	11594	1	0.50716	0.34545	1	0.46843	0.38115	1	0.48780	0.36330	1	0.47783	0.53481	12.52554	1.06887	1	0.73842	0.55222	12.54494	1.07755	1	-0.00515	-0.00861	0.64170	0.00364	1	0.06516	-0.01342	0.71281	0.00389	1	1.45898	0.81042	0	
1259477	8494.58984	3305745489009	0.49540	0.34380	8494.49609	0.09375	11594	1	0.50721	0.34577	1	0.46815	0.38806	1	0.48768	0.36691	1	0.47798	0.53443	12.71449	1.06846	1	0.73876	0.55206	12.72084	1.06846	1	-0.00547	-0.00918	0.68793	0.00367	1	0.06157	-0.01257	0.67308	0.00390	1	1.45898	0.81042	0	
1259478	8494.59570	3305745554654	0.49638	0.34290	8494.49609	0.09961	11594	1	0.50773	0.33753	1	0.51431	0.32123	1	0.51102	0.32938	1	0.47783	0.53348	12.05762	1.07648	1	0.73919	0.55140	12.79061	1.06780	1	-0.00547	-0.00918	0.68793	0.00380	1	0.06157	-0.01257	0.67308	0.00412	1	1.45898	0.81042	0	
1259479	8494.60254	3305745623502	0.49657	0.33868	8494.49609	0.10645	11594	1	0.51063	0.23630	1	0.48876	0.30618	1	0.49969	0.27124	1	0.47802	0.53269	11.65854	1.07581	1	0.73908	0.55126	12.06635	1.06713	1	-0.00547	-0.00918	0.68793	0.00402	1	0.06157	-0.01257	0.67308	0.00428	1	1.45898	0.81042	0	
1259480	8494.60938	3305745691420	0.49673	0.33453	8494.49609	0.11328	11594	1	0.50967	0.22890	1	0.48917	0.29911	1	0.49942	0.26400	1	0.47856	0.53396	12.12944	1.08424	1	0.73931	0.55227	13.58536	1.07555	1	-0.00554	-0.00939	0.70303	0.00361	1	0.06261	-0.01271	0.68326	0.00401	1	1.45898	0.81042	0	
1259481	8494.61621	3305745757150	0.49808	0.33592	8494.49609	0.12012	11594	1	0.55258	0.33740	1	0.49194	0.38440	1	0.52226	0.36090	1	0.47859	0.53375	12.17053	1.08464	1	0.73954	0.55218	13.17548	1.08464	1	-0.00554	-0.00939	0.70303	0.00363	1	0.06261	-0.01271	0.68326	0.00401	1	1.45898	0.81042	0	
1259482	8494.62305	3305745824236	0.49911	0.33574	8494.49609	0.12695	11594	1	0.55247	0.29744	1	0.48491	0.36715	1	0.51869	0.33229	1	0.47867	0.53350	12.30264	1.09373	1	0.73943	0.55205	13.45153	1.09373	1	-0.00554	-0.00939	0.70303	0.00359	1	0.06261	-0.01271	0.68326	0.00401	1	1.45898	0.81042	0	
1259483	8494.62988	3305745891089	0.50005	0.33588	8494.49609	0.13379	11594	1	0.55311	0.30389	1	0.48456	0.37327	1	0.51883	0.33858	1	0.47870	0.53368	12.65702	1.08571	1	0.73975	0.55225	13.20261	1.08571	1	-0.00512	-0.00880	0.66264	0.00351	1	0.06261	-0.01271	0.68326	0.00398	1	1.45898	0.81042	0	
1259484	8494.63672	3305745958731	0.49999	0.33516	8494.49609	0.14062	11594	1	0.49574	0.30278	1	0.50193	0.33764	1	0.49883	0.32021	1	0.47845	0.53340	12.22388	1.06861	1	0.73966	0.55167	13.09381	1.06861	1	-0.00512	-0.00880	0.66264	0.00360	1	0.06261	-0.01271	0.68326	0.00414	1	1.45898	0.81042	0	
1259485	8494.64258	3305746025156	0.50064	0.33582	8494.49609	0.14648	11594	1	0.52473	0.36609	1	0.50533	0.33456	1	0.51503	0.35032	1	0.47888	0.53377	12.13841	1.05150	1	0.73974	0.55156	12.96590	1.05150	1	-0.00512	-0.00880	0.66264	0.00368	1	0.06261	-0.01271	0.68326	0.00414	1	1.45898	0.81042	0	
1259486	8494.64941	3305746091509	0.50126	0.33700	8494.49609	0.15332	11594	1	0.52654	0.37933	1	0.50422	0.34870	1	0.51538	0.36401	1	0.47884	0.53350	12.49255	1.03440	1	0.73949	0.55209	13.57193	1.03440	1	-0.00512	-0.00880	0.66264	0.00362	1	0.06304	-0.01278	0.68689	0.00394	1	1.45898	0.81042	0	
1259487	8494.65625	3305746159186	0.50168	0.33817	8494.49609	0.16016	11594	1	0.52344	0.34273	1	0.50021	0.38985	1	0.51182	0.36629	1	0.47902	0.53368	12.70000	1.03440	1	0.73977	0.55179	13.40530	1.03440	1	-0.00512	-0.00880	0.66264	0.00367	1	0.06304	-0.01278	0.68689	0.00384	1	1.45898	0.81042	0	
1259488	8494.66309	3305746226135	0.50249	0.34006	8494.49609	0.16699	11594	1	0.54383	0.38172	1	0.50174	0.39300	1	0.52278	0.38736	1	0.47905	0.53372	12.75415	1.03440	1	0.73981	0.55183	13.30312	1.03440	1	-0.00512	-0.00880	0.66264	0.00366	1	0.06304	-0.01278	0.68689	0.00386	1	1.45898	0.81042	0	
1259489	8494.66992	3305746292884	0.50323	0.34169	8494.49609	0.17383	11594	1	0.54309	0.37554	1	0.50176	0.39272	1	0.52243	0.38413	1	0.47917	0.53370	13.29743	1.04242	1	0.73951	0.55207	13.43277	1.03476	1	-0.00518	-0.00894	0.67718	0.00374	1	0.06035	-0.01227	0.65708	0.00395	1	1.45898	0.81042	0	
1259490	8494.67676	3305746359921	0.50311	0.34379	8494.49609	0.18066	11594	1	0.52185	0.38134	1	0.47777	0.41973	1	0.49981	0.40054	1	0.47885	0.53389	12.74146	1.04278	1	0.73971	0.55222	13.38192	1.03512	1	-0.00518	-0.00894	0.67718	0.00366	1	0.06035	-0.01227	0.65708	0.00387	1	1.45898	0.81042	0	
1259491	8494.68359	3305746427003	0.50315	0.34473	8494.49609	0.18750	11594	1	0.54862	0.33480	1	0.45976	0.40685	1	0.50419	0.37083	1	0.47925	0.53373	13.03857	1.04313	1	0.73989	0.55217	13.79125	1.03547	1	-0.00518	-0.00894	0.67718	0.00367	1	0.06035	-0.01227	0.65708	0.00400	1	1.45898	0.81042	0	
1259492	8494.68945	3305746493826	0.50317	0.34525	8494.49609	0.19336	11594	1	0.54780	0.32717	1	0.46017	0.39374	1	0.50398	0.36045	1	0.47944	0.53380	13.00171	1.05258	1	0.74039	0.55226	13.28097	1.05258	1	-0.00533	-0.00929	0.70383	0.00370	1	0.06316	-0.01283	0.68702	0.00401	1	1.45898	0.81042	0	
1259493	8494.69629	3305746560264	0.50397	0.34467	8494.49609	0.20020	11594	1	0.56324	0.27050	1	0.49262	0.38411	1	0.52793	0.32731	1	0.47962	0.53284	12.04320	1.06166	1	0.74038	0.55228	13.29208	1.06932	1	-0.00533	-0.00929	0.70383	0.00406	1	0.06316	-0.01283	0.68702	0.00400	1	1.45898	0.81042	0	
1259494	8494.70312	3305746625614	0.50412	0.34443	8494.49609	0.20703	11594	1	0.52672	0.28154	1	0.49063	0.39228	1	0.50867	0.33691	1	0.47939	0.53338	11.97843	1.07841	1	0.74035	0.55226	13.29024	1.08607	1	-0.00533	-0.00929	0.70383	0.00383	1	0.06316	-0.01283	0.68702	0.00401	1	1.45898	0.81042	0	
1259495	8494.70996	3305746692639	0.50425	0.34402	8494.49609	0.21387	11594	1	0.52595	0.27515	1	0.49101	0.38656	1	0.50848	0.33086	1	0.47948	0.53283	11.83415	1.08607	1	0.74034	0.55209	13.49658	1.09373	1	-0.00513	-0.00904	0.68450	0.00394	1	0.06158	-0.01251	0.66985	0.00386	1	1.45898	0.81042	0	
1259496	8494.71680	3305746759013	0.50453	0.34396	8494.49609	0.22070	11594	1	0.53107	0.29552	1	0.49622	0.38840	1	0.51365	0.34196	1	0.47979	0.53335	12.58731	1.08464	1	0.74040	0.55225	13.62472	1.08464	1	-0.00513	-0.00904	0.68450	0.00384	1	0.06158	-0.01251	0.66985	0.00385	1	1.45898	0.81042	0	
1259497	8494.72266	3305746825367	0.50437	0.34313	8494.49609	0.22656	11594	1	0.51498	0.31640	1	0.48315	0.31357	1	0.49907	0.31498	1	0.47952	0.53331	11.80917	1.07555	1	0.74020	0.55141	13.02475	1.07555	1	-0.00513	-0.00904	0.68450	0.00384	1	0.06158	-0.01251	0.66985	0.00424	1	1.45898	0.81042	0	
1259498	8494.72949	3305746894016	0.50424	0.34282	8494.49609	0.23340	11594	1	0.51688	0.33014	1	0.48206	0.33403	1	0.49947	0.33208	1	0.47953	0.53312	11.67279	1.05845	1	0.74027	0.55166	13.21985	1.05079	1	-0.00488	-0.00857	0.65682	0.00387	1	0.06067	-0.01237	0.65948	0.00405	1	1.45898	0.81042	0	
1259499	8494.73633	3305746960098	0.50443	0.34250	8494.49609	0.24023	11594	1	0.52941	0.31209	1	0.49364	0.34934	1	0.51152	0.33071	1	0.47977	0.53316	12.44554	1.04278	1	0.74040	0.55136	12.96574	1.03512	1	-0.00488	-0.00857	0.65682	0.00395	1	0.06067	-0.01237	0.65948	0.00416	1	1.45898	0.81042	0	
1259500	8494.74316	3305747027012	0.50435	0.34201	8494.49609	0.24707	11594	1	0.51023	0.28895	1	0.49198	0.35903	1	0.50110	0.32399	1	0.47941	0.53274	11.83438	1.02710	1	0.74039	0.55141	13.10920	1.01944	1	-0.00488	-0.00857	0.65682	0.00387	1	0.06067	-0.01237	0.65948	0.00399	1	1.45898	0.81042	0	
1259501	8494.75000	3305747094512	0.50427	0.34163	8494.49609	0.25391	11594	1	0.51114	0.29560	1	0.49198	0.35903	1	0.50156	0.32731	1	0.47946	0.53325	11.89222	1.01944	1	0.74069	0.55153	13.04259	1.01944	1	-0.00502	-0.00891	0.68251	0.00377	1	0.06301	-0.01283	0.68432	0.00399	1	1.45898	0.81042	0	
1259502	8494.75684	3305747162018	0.50462	0.34175	8494.49609	0.26074	11594	1	0.52768	0.35386	1	0.50821	0.33893	1	0.51794	0.34639	1	0.47969	0.53346	12.75896	1.02746	1	0.74061	0.55148	13.33236	1.03512	1	-0.00502	-0.00891	0.68251	0.00386	1	0.06301	-0.01283	0.68432	0.00399	1	1.45898	0.81042	0	
1259503	8494.76367	3305747229132	0.50493	0.34162	8494.49609	0.26758	11594	1	0.53306	0.35153	1	0.50220	0.32157	1	0.51763	0.33655	1	0.47976	0.53352	12.62131	1.04313	1	0.74053	0.55124	12.79587	1.05079	1	-0.00502	-0.00891	0.68251	0.00372	1	0.06301	-0.01283	0.68432	0.00410	1	1.45898	0.81042	0	
1259504	8494.77051	3305747297504	0.50523	0.34120	8494.49609	0.27441	11594	1	0.53151	0.33909	1	0.50318	0.30841	1	0.51734	0.32375	1	0.48008	0.53341	12.95510	1.05881	1	0.74051	0.55161	12.69817	1.06647	1	-0.00502	-0.00891	0.68251	0.00378	1	0.06301	-0.01283	0.68432	0.00415	1	1.45898	0.81042	0	
1259505	8494.77734	3305747364758	0.50567	0.34088	8494.49609	0.28125	11594	1	0.53983	0.31418	1	0.50861	0.34071	1	0.52422	0.32744	1	0.48001	0.53322	12.93937	1.06647	1	0.74065	0.55147	13.01046	1.06647	1	-0.00502	-0.00891	0.68251	0.00383	1	0.06301	-0.01283	0.68432	0.00409	1	1.45898	0.81042	0	
1259506	8494.78320	3305747430839	0.50650	0.34084	8494.49609	0.28711	11594	1	0.56803	0.30375	1	0.51604	0.37451	1	0.54204	0.33913	1	0.48040	0.53323	12.09124	1.06647	1	0.74078	0.55187	13.24098	1.06647	1	-0.00502	-0.00891	0.68251	0.00393	1	0.06301	-0.01283	0.68432	0.00417	1	1.45898	0.81042	0	
1259507	8494.79004	3305747499166	0.50729	0.34080	8494.49609	0.29395	11594	1	0.56803	0.30375	1	0.51604	0.37451	1	0.54204	0.33913	1	0.47975	0.53336	12.27383	1.06647	1	0.74046	0.55199	13.16412	1.06647	1	-0.00503	-0.00899	0.68498	0.00381	1	0.06301	-0.01288	0.68432	0.00406	1	1.45898	0.81042	0	
1259508	8494.79688	3305747565714	0.50758	0.34081	8494.49609	0.30078	11594	1	0.54339	0.29793	1	0.49819	0.38424	1	0.52079	0.34109	1	0.47998	0.53321	12.84382	1.06647	1	0.74043	0.55208	13.00374	1.06647	1	-0.00503	-0.00899	0.68498	0.00384	1	0.06301	-0.01288	0.68432	0.00408	1	1.45898	0.81042	0	
1259509	8494.80371	3305747633046	0.50771	0.34113	8494.49609	0.30762	11594	1	0.52264	0.32070	1	0.50482	0.39161	1	0.51373	0.35615	1	0.47966	0.53334	12.32622	1.06647	1	0.74056	0.55213	13.69020	1.06647	1	-0.00503	-0.00899	0.68498	0.00381	1	0.06301	-0.01288	0.68432	0.00422	1	1.45898	0.81042	0	
1259510	8494.81055	3305747698388	0.50784	0.34145	8494.49609	0.31445	11594	1	0.52264	0.32070	1	0.50482	0.39161	1	0.51373	0.35615	1	0.47973	0.53351	12.54653	1.06647	1	0.74042	0.55248	13.12766	1.06647	1	-0.00505	-0.00902	0.68743	0.00379	1	0.06301	-0.01288	0.68432	0.00386	1	1.45898	0.81042	0	
1259511	8494.81738	3305747766516	0.50805	0.34198	8494.49609	0.32129	11594	1	0.52344	0.30035	1	0.49222	0.43748	1	0.50783	0.36891	1	0.47964	0.53311	12.36189	1.06647	1	0.74045	0.55257	13.08049	1.06647	1	-0.00505	-0.00902	0.68743	0.00396	1	0.06301	-0.01288	0.68432	0.00390	1	1.45898	0.81042	0	
1259512	8494.82422	3305747833611	0.50856	0.34248	8494.49609	0.32812	11594	1	0.52301	0.32063	1	0.49698	0.38216	1	0.51000	0.35140	1	0.47961	0.53345	12.24042	1.06647	1	0.74042	0.55250	13.12735	1.06647	1	-0.00505	-0.00902	0.68743	0.00381	1	0.06301	-0.01288	0.68432	0.00396	1	1.45898	0.81042	0	
1259513	8494.83008	3305747900131	0.50907	0.34298	8494.49609	0.33398	11594	1	0.52301	0.32063	1	0.49698	0.38216	1	0.51000	0.35140	1	0.47957	0.53338	12.14759	1.06647	1	0.74042	0.55268	13.32231	1.06647	1	-0.00498	-0.00895	0.67813	0.00382	1	0.06301	-0.01293	0.68432	0.00392	1	1.45898	0.81042	0	
1259514	8494.83691	3305747967416	0.50960	0.34317	8494.49609	0.34082	11594	1	0.51928	0.29698	1	0.50233	0.36335	1	0.51080	0.33016	1	0.47949	0.53335	11.86092	1.06647	1	0.74047	0.55244	13.28181	1.06647	1	-0.00498	-0.00895	0.67813	0.00384	1	0.06301	-0.01293	0.68432	0.00393	1	1.45898	0.81042	0	
1259515	8494.84375	3305748034298	0.50960	0.34449	8494.49609	0.34766	11594	1	0.51584	0.28826	1	0.48169	0.41971	1	0.49876	0.35399	1	0.47952	0.53337	11.87298	1.06647	1	0.74029	0.55297	13.38659	1.06647	1	-0.00498	-0.00895	0.67813	0.00378	1	0.06301	-0.01293	0.68432	0.00396	1	1.45898	0.81042	0	
1259516	8494.85059	3305748101271	0.50962	0.34594	8494.49609	0.35449	11594	1	0.51673	0.29497	1	0.48135	0.42560	1	0.49904	0.36028	1	0.47953	0.53296	11.68643	1.05845	1	0.74037	0.55285	13.35241	1.05845	1	-0.00488	-0.00868	0.65784	0.00383	1	0.06277	-0.01291	0.68285	0.00415	1	1.45898	0.81042	0	
1259517	8494.85742	3305748168535	0.50992	0.34452	8494.49609	0.36133	11594	1	0.54368	0.26093	1	0.48907	0.38676	1	0.51637	0.32384	1	0.47928	0.53288	12.21327	1.05044	1	0.74034	0.55286	13.48121	1.05044	1	-0.00488	-0.00868	0.65784	0.00385	1	0.06277	-0.01291	0.68285	0.00412	1	1.45898	0.81042	0	
1259518	8494.86426	3305748235378	0.51072	0.34369	8494.49609	0.36816	11594	1	0.56459	0.29684	1	0.51697	0.40375	1	0.54078	0.35029	1	0.47955	0.53292	12.09880	1.04242	1	0.74038	0.55311	13.33243	1.04242	1	-0.00488	-0.00868	0.65784	0.00395	1	0.06277	-0.01291	0.68285	0.00403	1	1.45898	0.81042	0	
1259519	8494.87109	3305748302294	0.51152	0.34287	8494.49609	0.37500	11594	1	0.56459	0.29684	1	0.51697	0.40375	1	0.54078	0.35029	1	0.47917	0.53358	12.65018	1.04242	1	0.73968	0.55329	13.53657	1.04242	1	-0.00515	-0.00894	0.67320	0.00373	1	0.06316	-0.01304	0.68702	0.00398	1	1.45898	0.81042	0	
1259520	8494.87695	3305748369340	0.51171	0.34300	8494.49609	0.38086	11594	1	0.51358	0.26880	1	0.50763	0.39221	1	0.51060	0.33051	1	0.47889	0.53333	12.44297	1.05044	1	0.73992	0.55294	13.21031	1.05044	1	-0.00515	-0.00894	0.67320	0.00376	1	0.06316	-0.01304	0.68702	0.00386	1	1.45898	0.81042	0	
1259521	8494.88379	3305748436588	0.51217	0.34344	8494.49609	0.38770	11594	1	0.53487	0.33233	1	0.50730	0.35842	1	0.52108	0.34537	1	0.47909	0.53356	12.75274	1.05845	1	0.73981	0.55279	13.40510	1.05845	1	-0.00515	-0.00894	0.67320	0.00366	1	0.06316	-0.01304	0.68702	0.00380	1	1.45898	0.81042	0	
1259522	8494.89062	3305748503983	0.51260	0.34359	8494.49609	0.39453	11594	1	0.53410	0.32591	1	0.50732	0.35813	1	0.52071	0.34202	1	0.47915	0.53372	12.79256	1.06647	1	0.73951	0.55288	13.33562	1.05881	1	-0.00515	-0.00894	0.67320	0.00373	1	0.06059	-0.01249	0.66071	0.00389	1	1.45898	0.81042	0	
1259523	8494.89746	3305748567681	0.51287	0.34365	8494.49609	0.40137	11594	1	0.53477	0.36578	1	0.48560	0.38214	1	0.51019	0.37396	1	0.47902	0.53369	13.24613	1.05881	1	0.73947	0.55300	13.21227	1.05115	1	-0.00515	-0.00894	0.67320	0.00363	1	0.06059	-0.01249	0.66071	0.00386	1	1.45898	0.81042	0	
1259524	8494.90430	3305748637218	0.51390	0.34387	8494.49609	0.40820	11594	1	0.57951	0.33075	1	0.49570	0.41684	1	0.53761	0.37379	1	0.47897	0.53361	13.02366	1.05115	1	0.73968	0.55329	13.58577	1.04349	1	-0.00515	-0.00894	0.67320	0.00367	1	0.06059	-0.01249	0.66071	0.00396	1	1.45898	0.81042	0	
1259525	8494.91113	3305748704070	0.51495	0.34393	8494.49609	0.41504	11594	1	0.57943	0.32960	1	0.49621	0.40999	1	0.53782	0.36980	1	0.47884	0.53396	12.80815	1.05258	1	0.73923	0.55288	13.81642	1.05258	1	-0.00554	-0.00939	0.70303	0.00365	1	0.06261	-0.01302	0.68326	0.00393	1	1.45898	0.81042	0	
1259526	8494.91797	3305748771422	0.51543	0.34441	8494.49609	0.42188	11594	1	0.54927	0.36241	1	0.51898	0.34263	1	0.53413	0.35252	1	0.47854	0.53410	13.10674	1.06166	1	0.73924	0.55278	13.75830	1.06932	1	-0.00554	-0.00939	0.70303	0.00371	1	0.06261	-0.01302	0.68326	0.00391	1	1.45898	0.81042	0	
1259527	8494.92383	3305748838244	0.51616	0.34624	8494.49609	0.42773	11594	1	0.54297	0.35885	1	0.52701	0.35990	1	0.53499	0.35938	1	0.47849	0.53382	13.07948	1.07841	1	0.73934	0.55292	13.97033	1.08607	1	-0.00554	-0.00939	0.70303	0.00361	1	0.06261	-0.01302	0.68326	0.00380	1	1.45898	0.81042	0	
1259528	8494.93066	3305748905274	0.51690	0.34811	8494.49609	0.43457	11594	1	0.54230	0.35303	1	0.52764	0.35393	1	0.53497	0.35348	1	0.47807	0.53358	12.15598	1.08607	1	0.73860	0.55298	13.33189	1.09373	1	-0.00547	-0.00918	0.68793	0.00391	1	0.06206	-0.01294	0.67948	0.00388	1	1.45898	0.81042	0	
1259529	8494.93750	3305748971940	0.51628	0.34797	8494.49609	0.44141	11594	1	0.49903	0.36488	1	0.48559	0.34349	1	0.49231	0.35419	1	0.47771	0.53397	12.19407	1.08464	1	0.73865	0.55304	13.32483	1.08464	1	-0.00547	-0.00918	0.68793	0.00412	1	0.06206	-0.01294	0.67948	0.00390	1	1.45898	0.81042	0	
1259530	8494.94434	3305749039375	0.51629	0.34851	8494.49609	0.44824	11594	1	0.56124	0.35401	1	0.47733	0.36228	1	0.51929	0.35814	1	0.47789	0.53454	13.09537	1.07555	1	0.73860	0.55292	13.23585	1.07555	1	-0.00547	-0.00918	0.68793	0.00378	1	0.06206	-0.01294	0.67948	0.00399	1	1.45898	0.81042	0	
1259531	8494.95117	3305749105785	0.51630	0.34891	8494.49609	0.45508	11594	1	0.56124	0.35401	1	0.47733	0.36228	1	0.51929	0.35814	1	0.47776	0.53338	12.59319	1.07555	1	0.73859	0.55227	13.66479	1.07555	1	-0.00574	-0.00937	0.70172	0.00416	1	0.06190	-0.01296	0.67777	0.00429	1	1.45898	0.81042	0	
1259532	8494.95801	3305749172299	0.51697	0.34800	8494.49609	0.46191	11594	1	0.53999	0.23195	1	0.52200	0.32089	1	0.53099	0.27642	1	0.47764	0.53347	12.84160	1.08464	1	0.73843	0.55246	13.33201	1.08464	1	-0.00574	-0.00937	0.70172	0.00415	1	0.06190	-0.01296	0.67777	0.00401	1	1.45898	0.81042	0	
1259533	8494.96484	3305749240258	0.51720	0.34639	8494.49609	0.46875	11594	1	0.54049	0.26468	1	0.51162	0.28129	1	0.52606	0.27298	1	0.47769	0.53399	12.92113	1.09373	1	0.73825	0.55221	12.64929	1.09373	1	-0.00574	-0.00937	0.70172	0.00389	1	0.06190	-0.01296	0.67777	0.00399	1	1.45898	0.81042	0	
1259534	8494.97070	3305749305736	0.51743	0.34463	8494.49609	0.47461	11594	1	0.54120	0.27138	1	0.51108	0.28806	1	0.52614	0.27972	1	0.47744	0.53428	12.66853	1.08571	1	0.73780	0.55293	13.72060	1.08571	1	-0.00556	-0.00897	0.66847	0.00397	1	0.06125	-0.01287	0.67290	0.00408	1	1.45898	0.81042	0	
1259535	8494.97852	3305749375685	0.51727	0.34376	8494.49609	0.48242	11594	1	0.52808	0.25675	1	0.48054	0.39140	1	0.50431	0.32407	1	0.47704	0.53363	11.66673	1.06861	1	0.73784	0.55309	13.64201	1.06861	1	-0.00556	-0.00897	0.66847	0.00389	1	0.06125	-0.01287	0.67290	0.00399	1	1.45898	0.81042	0	
1259536	8494.98438	3305749441822	0.51728	0.34251	8494.49609	0.48828	11594	1	0.56076	0.27964	1	0.48596	0.37516	1	0.52336	0.32740	1	0.47717	0.53377	11.95929	1.05150	1	0.73790	0.55279	13.52665	1.05150	1	-0.00556	-0.00897	0.66847	0.00392	1	0.06125	-0.01287	0.67290	0.00417	1	1.45898	0.81042	0	
1259537	8494.99121	3305749508699	0.51730	0.34154	8494.49609	0.49512	11594	1	0.56145	0.28740	1	0.48517	0.38834	1	0.52331	0.33787	1	0.47658	0.53422	12.55302	1.04242	1	0.73769	0.55298	13.60460	1.03476	1	-0.00584	-0.00923	0.68362	0.00383	1	0.06006	-0.01263	0.66033	0.00394	1	1.45898	0.81042	0	
1259538	8494.99805	3305749574938	0.51785	0.34020	8494.49609	0.50195	11594	1	0.54225	0.33795	1	0.51024	0.33453	1	0.52624	0.33624	1	0.47686	0.53454	12.91659	1.04278	1	0.73753	0.55236	13.16170	1.03512	1	-0.00584	-0.00923	0.68362	0.00374	1	0.06006	-0.01263	0.66033	0.00398	1	1.45898	0.81042	0	
1259539	8495.00488	3305749642828	0.51815	0.34006	8494.49609	0.50879	11594	1	0.54265	0.34107	1	0.49486	0.38677	1	0.51876	0.36392	1	0.47683	0.53462	13.22288	1.04313	1	0.73736	0.55287	13.17905	1.03547	1	-0.00584	-0.00923	0.68362	0.00372	1	0.06006	-0.01263	0.66033	0.00392	1	1.45898	0.81042	0	
1259540	8495.01172	3305749710338	0.51847	0.34020	8494.49609	0.51562	11594	1	0.54335	0.34722	1	0.49486	0.38677	1	0.51911	0.36699	1	0.47667	0.53494	13.28734	1.03547	1	0.73733	0.55313	13.37810	1.03547	1	-0.00565	-0.00889	0.65484	0.00372	1	0.06116	-0.01289	0.67413	0.00387	1	1.45898	0.81042	0	
1259541	8495.01758	3305749775523	0.51856	0.34207	8494.49609	0.52148	11594	1	0.56720	0.40359	1	0.49760	0.43088	1	0.53240	0.41723	1	0.47678	0.53515	13.05721	1.02746	1	0.73738	0.55329	13.05165	1.03512	1	-0.00565	-0.00889	0.65484	0.00372	1	0.06116	-0.01289	0.67413	0.00415	1	1.45898	0.81042	0	
1259542	8495.02441	3305749843014	0.51939	0.34370	8494.49609	0.52832	11594	1	0.57577	0.39478	1	0.52057	0.43553	1	0.54817	0.41516	1	0.47654	0.53496	12.69719	1.02710	1	0.73738	0.55329	13.05165	1.03476	1	-0.00565	-0.00889	0.65484	0.00373	1	0.06116	-0.01289	0.67413	0.00414	1	1.45898	0.81042	0	
1259543	8495.03125	3305749910276	0.52021	0.34534	8494.49609	0.53516	11594	1	0.57527	0.38895	1	0.52118	0.42984	1	0.54823	0.40939	1	0.47603	0.53488	13.36510	1.03476	1	0.73657	0.55350	13.00372	1.04242	1	-0.00603	-0.00930	0.68151	0.00359	1	0.06116	-0.01289	0.67413	0.00416	1	1.45898	0.81042	0	
1259544	8495.03809	3305749976886	0.52038	0.34628	8494.49609	0.54199	11594	1	0.54738	0.36636	1	0.49616	0.40800	1	0.52177	0.38718	1	0.47603	0.53489	13.09006	1.05044	1	0.73651	0.55324	13.09632	1.05044	1	-0.00603	-0.00930	0.68151	0.00368	1	0.06116	-0.01289	0.67413	0.00399	1	1.45898	0.81042	0	
1259545	8495.04492	3305750041890	0.52066	0.34808	8494.49609	0.54883	11594	1	0.52695	0.36902	1	0.49762	0.43418	1	0.51229	0.40160	1	0.47579	0.53506	12.77560	1.05845	1	0.73660	0.55354	13.18738	1.05845	1	-0.00603	-0.00930	0.68151	0.00374	1	0.06116	-0.01289	0.67413	0.00385	1	1.45898	0.81042	0	
1259546	8495.05176	3305750110620	0.52093	0.34953	8494.49609	0.55566	11594	1	0.52695	0.36902	1	0.49762	0.43418	1	0.51229	0.40160	1	0.47551	0.53471	11.81040	1.05845	1	0.73645	0.55352	13.48179	1.05845	1	-0.00588	-0.00899	0.65871	0.00413	1	0.06005	-0.01275	0.66408	0.00400	1	1.45898	0.81042	0	
1259547	8495.05859	3305750176712	0.52117	0.34907	8494.49609	0.56250	11594	1	0.55868	0.25877	1	0.48747	0.35811	1	0.52308	0.30844	1	0.47561	0.53469	11.80995	1.05044	1	0.73645	0.55365	13.26363	1.05044	1	-0.00588	-0.00899	0.65871	0.00392	1	0.06005	-0.01275	0.66408	0.00422	1	1.45898	0.81042	0	
1259548	8495.06543	3305750245501	0.52781	0.37396	8494.49609	0.56250	11594	0	0.55542	0.25693	1	0.54074	0.42682	1	0.54808	0.34187	1	0.47548	0.53461	11.87242	1.04242	1	0.73646	0.55398	13.48648	1.04242	1	-0.00588	-0.00899	0.65871	0.00397	1	0.06005	-0.01275	0.66408	0.00408	1	1.45898	0.81042	0	
1259549	8495.07129	3305750312731	0.53776	0.35935	8494.49609	0.56250	11594	0	0.55542	0.25693	1	0.53998	0.43255	1	0.54770	0.34474	1	0.47555	0.53463	11.75617	1.04242	1	0.73580	0.55377	13.15151	1.03476	1	-0.00630	-0.00950	0.68827	0.00392	1	0.05993	-0.01269	0.66330	0.00404	1	1.45898	0.81042	0	
1259550	8495.07812	3305750378925	0.53128	0.35200	8494.49609	0.56250	11594	0	0.54350	0.30096	1	0.49317	0.37364	1	0.51834	0.33730	1	0.47535	0.53510	12.95672	1.04278	1	0.73573	0.55358	13.22364	1.03512	1	-0.00630	-0.00950	0.68827	0.00386	1	0.05993	-0.01269	0.66330	0.00389	1	1.45898	0.81042	0	
1259551	8495.08496	3305750445329	0.52544	0.35766	8495.06543	0.01953	11595	1	0.53729	0.33522	1	0.47856	0.41405	1	0.50792	0.37463	1	0.47525	0.53528	12.81133	1.04313	1	0.73550	0.55374	13.39602	1.03547	1	-0.00630	-0.00950	0.68827	0.00381	1	0.05993	-0.01269	0.66330	0.00396	1	1.45898	0.81042	0	
1259552	8495.09180	3305750510998	0.52201	0.36167	8495.06543	0.02637	11595	1	0.53803	0.34142	1	0.47856	0.41405	1	0.50829	0.37773	1	0.47508	0.53584	12.94291	1.03547	1	0.73562	0.55334	13.49796	1.03547	1	-0.00595	-0.00891	0.64537	0.00377	1	0.06078	-0.01295	0.67441	0.00402	1	1.45898	0.81042	0	
1259553	8495.09863	3305750579723	0.52238	0.36158	8495.06543	0.03320	11595	1	0.55251	0.35700	1	0.49598	0.36526	1	0.52424	0.36113	1	0.47518	0.53575	13.14849	1.02746	1	0.73574	0.55355	13.27171	1.03512	1	-0.00595	-0.00891	0.64537	0.00375	1	0.06078	-0.01295	0.67441	0.00425	1	1.45898	0.81042	0	
1259554	8495.10449	3305750644736	0.52026	0.36207	8495.06543	0.03906	11595	1	0.53068	0.30187	1	0.48438	0.42811	1	0.50753	0.36499	1	0.47494	0.53539	12.41446	1.02710	1	0.73564	0.55376	13.44306	1.03476	1	-0.00595	-0.00891	0.64537	0.00386	1	0.06078	-0.01295	0.67441	0.00413	1	1.45898	0.81042	0	
1259555	8495.11133	3305750708939	0.51861	0.36076	8495.06543	0.04590	11595	1	0.52896	0.28755	1	0.48516	0.41558	1	0.50706	0.35156	1	0.47491	0.53588	12.31802	1.04385	1	0.73551	0.55392	13.76591	1.05150	1	-0.00658	-0.00969	0.70208	0.00376	1	0.06078	-0.01295	0.67441	0.00403	1	1.45898	0.81042	0	
1259556	8495.11816	3305750776379	0.52122	0.36285	8495.06543	0.05273	11595	1	0.55647	0.33345	1	0.52776	0.42576	1	0.54211	0.37960	1	0.47477	0.53570	12.21821	1.06861	1	0.73547	0.55410	13.80152	1.06861	1	-0.00658	-0.00969	0.70208	0.00364	1	0.06078	-0.01295	0.67441	0.00402	1	1.45898	0.81042	0	
1259557	8495.12500	3305750847863	0.52297	0.35870	8495.06543	0.05957	11595	1	0.56091	0.30434	1	0.51644	0.33830	1	0.53868	0.32132	1	0.47483	0.53565	12.24339	1.08571	1	0.73530	0.55382	13.64760	1.08571	1	-0.00658	-0.00969	0.70208	0.00366	1	0.06078	-0.01295	0.67441	0.00400	1	1.45898	0.81042	0	
1259558	8495.13184	3305750916371	0.52440	0.35405	8495.06543	0.06641	11595	1	0.55966	0.29059	1	0.51769	0.32464	1	0.53867	0.30761	1	0.47451	0.53567	12.97955	1.10281	1	0.73508	0.55359	13.25297	1.10281	1	-0.00660	-0.00977	0.70428	0.00363	1	0.06078	-0.01292	0.67553	0.00395	1	1.45898	0.81042	0	
1259559	8495.13867	3305750978379	0.52294	0.35282	8495.06543	0.07324	11595	1	0.52498	0.29741	1	0.48884	0.38120	1	0.50691	0.33930	1	0.47419	0.53556	12.58949	1.10281	1	0.73490	0.55348	13.19923	1.10281	1	-0.00660	-0.00977	0.70428	0.00368	1	0.06078	-0.01292	0.67553	0.00390	1	1.45898	0.81042	0	
1259560	8495.14551	3305751046384	0.52232	0.35326	8495.06543	0.08008	11595	1	0.53444	0.32591	1	0.49541	0.39114	1	0.51492	0.35852	1	0.47437	0.53569	13.05437	1.10281	1	0.73493	0.55354	13.10324	1.10281	1	-0.00660	-0.00977	0.70428	0.00365	1	0.06078	-0.01292	0.67553	0.00389	1	1.45898	0.81042	0	
1259561	8495.15137	3305751112288	0.52179	0.35433	8495.06543	0.08594	11595	1	0.53528	0.33295	1	0.49452	0.40347	1	0.51490	0.36821	1	0.47439	0.53572	12.71750	1.09373	1	0.73502	0.55342	12.97771	1.08607	1	-0.00652	-0.00957	0.68998	0.00367	1	0.05940	-0.01264	0.66068	0.00396	1	1.45898	0.81042	0	
1259562	8495.15820	3305751180479	0.52053	0.35417	8495.06543	0.09277	11595	1	0.51670	0.27998	1	0.48914	0.42383	1	0.50292	0.35191	1	0.47418	0.53514	12.32490	1.07698	1	0.73491	0.55350	13.28018	1.06932	1	-0.00652	-0.00957	0.68998	0.00378	1	0.05940	-0.01264	0.66068	0.00378	1	1.45898	0.81042	0	
1259563	8495.16504	3305751248887	0.51990	0.35484	8495.06543	0.09961	11595	1	0.53588	0.31868	1	0.48496	0.41102	1	0.51042	0.36485	1	0.47440	0.53542	12.63279	1.06024	1	0.73479	0.55329	13.55575	1.05258	1	-0.00652	-0.00957	0.68998	0.00377	1	0.05940	-0.01264	0.66068	0.00382	1	1.45898	0.81042	0	
1259564	8495.17188	3305751316702	0.51937	0.35620	8495.06543	0.10645	11595	1	0.53748	0.33227	1	0.48418	0.42361	1	0.51083	0.37794	1	0.47423	0.53588	12.92942	1.04349	1	0.73475	0.55313	13.44953	1.03583	1	-0.00646	-0.00944	0.68385	0.00376	1	0.05887	-0.01247	0.65480	0.00389	1	1.45898	0.81042	0	
1259565	8495.17871	3305751383760	0.51862	0.35624	8495.06543	0.11328	11595	1	0.53348	0.35149	1	0.47846	0.36259	1	0.50597	0.35704	1	0.47433	0.53559	12.60618	1.03583	1	0.73468	0.55261	13.03568	1.03583	1	-0.00646	-0.00944	0.68385	0.00378	1	0.05887	-0.01247	0.65480	0.00418	1	1.45898	0.81042	0	
1259566	8495.18555	3305751448395	0.51815	0.35611	8495.06543	0.12012	11595	1	0.53699	0.36606	1	0.48216	0.34155	1	0.50958	0.35380	1	0.47421	0.53590	12.93428	1.03583	1	0.73475	0.55247	12.96424	1.03583	1	-0.00646	-0.00944	0.68385	0.00374	1	0.05887	-0.01247	0.65480	0.00423	1	1.45898	0.81042	0	
1259567	8495.19238	3305751518764	0.51772	0.35600	8495.06543	0.12695	11595	1	0.53699	0.36606	1	0.48216	0.34155	1	0.50958	0.35380	1	0.47433	0.53559	12.60618	1.03583	1	0.73497	0.55251	12.86302	1.03583	1	-0.00652	-0.00947	0.68998	0.00378	1	0.05887	-0.01238	0.65480	0.00413	1	1.45898	0.81042	0	
1259568	8495.19922	3305751585857	0.51781	0.35774	8495.06543	0.13379	11595	1	0.53120	0.35901	1	0.50815	0.42628	1	0.51967	0.39264	1	0.47424	0.53546	12.53122	1.03583	1	0.73511	0.55340	13.43998	1.03583	1	-0.00652	-0.00947	0.68998	0.00375	1	0.05887	-0.01238	0.65480	0.00395	1	1.45898	0.81042	0	
1259569	8495.20605	3305751651505	0.51738	0.35938	8495.06543	0.14062	11595	1	0.52940	0.35588	1	0.48699	0.43174	1	0.50819	0.39381	1	0.47425	0.53554	12.51535	1.03583	1	0.73486	0.55326	13.47972	1.03583	1	-0.00652	-0.00947	0.68998	0.00379	1	0.05887	-0.01238	0.65480	0.00385	1	1.45898	0.81042	0	
1259570	8495.21191	3305751718010	0.51698	0.36076	8495.06543	0.14648	11595	1	0.52940	0.35588	1	0.48736	0.42604	1	0.50838	0.39096	1	0.47408	0.53532	12.53411	1.03583	1	0.73491	0.55308	13.49353	1.04349	1	-0.00637	-0.00921	0.67462	0.00387	1	0.05910	-0.01244	0.65795	0.00389	1	1.45898	0.81042	0	
1259571	8495.21875	3305751785392	0.51664	0.36023	8495.06543	0.15332	11595	1	0.51962	0.34314	1	0.49806	0.35326	1	0.50884	0.34820	1	0.47407	0.53500	12.57017	1.04349	1	0.73510	0.55267	12.96470	1.05115	1	-0.00637	-0.00921	0.67462	0.00386	1	0.05910	-0.01244	0.65795	0.00390	1	1.45898	0.81042	0	
1259572	8495.22559	3305751852266	0.51649	0.36233	8495.06543	0.16016	11595	1	0.52511	0.36922	1	0.50047	0.45637	1	0.51279	0.41280	1	0.47416	0.53514	12.35781	1.05115	1	0.73506	0.55281	13.19250	1.05881	1	-0.00637	-0.00921	0.67462	0.00385	1	0.05910	-0.01244	0.65795	0.00384	1	1.45898	0.81042	0	
1259573	8495.23242	3305751919353	0.51634	0.36406	8495.06543	0.16699	11595	1	0.52431	0.36332	1	0.50093	0.45097	1	0.51262	0.40714	1	0.47407	0.53515	12.11120	1.05881	1	0.73488	0.55250	13.49428	1.06647	1	-0.00637	-0.00921	0.67462	0.00371	1	0.05910	-0.01239	0.65795	0.00400	1	1.45898	0.81042	0	
1259574	8495.23926	3305751986231	0.51591	0.36530	8495.06543	0.17383	11595	1	0.51196	0.35666	1	0.49762	0.43876	1	0.50479	0.39771	1	0.47399	0.53520	12.38890	1.06647	1	0.73498	0.55271	13.26025	1.06647	1	-0.00637	-0.00921	0.67462	0.00372	1	0.05910	-0.01239	0.65795	0.00388	1	1.45898	0.81042	0	
1259575	8495.24609	3305752053031	0.51535	0.36436	8495.06543	0.18066	11595	1	0.51974	0.29332	1	0.48031	0.38428	1	0.50003	0.33880	1	0.47422	0.53460	12.54358	1.06647	1	0.73477	0.55210	13.40035	1.06647	1	-0.00637	-0.00921	0.67462	0.00374	1	0.05910	-0.01239	0.65795	0.00392	1	1.45898	0.81042	0	
1259576	8495.25293	3305752120477	0.51481	0.36358	8495.06543	0.18750	11595	1	0.51974	0.29332	1	0.47999	0.39015	1	0.49987	0.34173	1	0.47408	0.53374	11.97832	1.06647	1	0.73483	0.55221	13.28466	1.05881	1	-0.00637	-0.00921	0.67462	0.00402	1	0.05948	-0.01240	0.66160	0.00402	1	1.45898	0.81042	0	
1259577	8495.25879	3305752187423	0.51415	0.36253	8495.06543	0.19336	11595	1	0.50531	0.27520	1	0.48468	0.38918	1	0.49499	0.33219	1	0.47397	0.53405	11.98251	1.05881	1	0.73482	0.55207	13.33589	1.05115	1	-0.00637	-0.00921	0.67462	0.00400	1	0.05948	-0.01240	0.66160	0.00392	1	1.45898	0.81042	0	
1259578	8495.26562	3305752251304	0.51372	0.36186	8495.06543	0.20020	11595	1	0.50782	0.27424	1	0.49383	0.40927	1	0.50083	0.34175	1	0.47401	0.53370	11.89723	1.05115	1	0.73494	0.55225	13.35684	1.04349	1	-0.00637	-0.00921	0.67462	0.00401	1	0.05948	-0.01240	0.66160	0.00386	1	1.45898	0.81042	0	
1259579	8495.27246	3305752321533	0.51333	0.36134	8495.06543	0.20703	11595	1	0.50873	0.28084	1	0.49383	0.40927	1	0.50128	0.34506	1	0.47456	0.53497	11.90643	1.04349	1	0.73513	0.55124	12.65852	1.04349	1	-0.00652	-0.00937	0.68998	0.00362	1	0.06078	-0.01267	0.67553	0.00412	1	1.45898	0.81042	0	
1259580	8495.27930	3305752387818	0.51402	0.36088	8495.06543	0.21387	11595	1	0.56567	0.37227	1	0.50639	0.32028	1	0.53603	0.34627	1	0.47471	0.53505	12.52576	1.04349	1	0.73507	0.55121	12.79628	1.05115	1	-0.00652	-0.00937	0.68998	0.00360	1	0.06078	-0.01267	0.67553	0.00400	1	1.45898	0.81042	0	
1259581	8495.28613	3305752454785	0.51429	0.35989	8495.06543	0.22070	11595	1	0.53491	0.36228	1	0.51122	0.29234	1	0.52307	0.32731	1	0.47434	0.53492	12.76263	1.05115	1	0.73518	0.55115	12.73800	1.05881	1	-0.00652	-0.00937	0.68998	0.00359	1	0.06078	-0.01267	0.67553	0.00408	1	1.45898	0.81042	0	
1259582	8495.29297	3305752522340	0.51452	0.35866	8495.06543	0.22754	11595	1	0.53329	0.34926	1	0.51186	0.28451	1	0.52257	0.31688	1	0.47471	0.53456	11.93593	1.06790	1	0.73518	0.55127	12.86870	1.06790	1	-0.00666	-0.00965	0.71084	0.00366	1	0.05865	-0.01216	0.65126	0.00423	1	1.45898	0.81042	0	
1259583	8495.29980	3305752589412	0.51442	0.35878	8495.06543	0.23438	11595	1	0.53610	0.33158	1	0.48529	0.39433	1	0.51069	0.36296	1	0.47480	0.53471	12.33149	1.07698	1	0.73555	0.55228	13.73260	1.06932	1	-0.00666	-0.00965	0.71084	0.00358	1	0.05865	-0.01216	0.65126	0.00393	1	1.45898	0.81042	0	
1259584	8495.30566	3305752656376	0.51426	0.35841	8495.06543	0.24023	11595	1	0.51254	0.33874	1	0.50446	0.35087	1	0.50850	0.34481	1	0.47487	0.53484	12.33224	1.07841	1	0.73584	0.55165	12.99162	1.07075	1	-0.00666	-0.00965	0.71084	0.00363	1	0.05865	-0.01216	0.65126	0.00436	1	1.45898	0.81042	0	
1259585	8495.31250	3305752722622	0.51412	0.35813	8495.06543	0.24707	11595	1	0.51340	0.34472	1	0.50446	0.35087	1	0.50893	0.34780	1	0.47523	0.53451	12.79246	1.07075	1	0.73589	0.55156	12.91226	1.07075	1	-0.00634	-0.00941	0.69338	0.00371	1	0.06162	-0.01277	0.68370	0.00442	1	1.45898	0.81042	0	
1259586	8495.31934	3305752789570	0.51407	0.35769	8495.06543	0.25391	11595	1	0.53224	0.32827	1	0.49231	0.35404	1	0.51227	0.34116	1	0.47511	0.53458	12.62163	1.06166	1	0.73564	0.55196	13.43500	1.06932	1	-0.00634	-0.00941	0.69338	0.00375	1	0.06162	-0.01277	0.68370	0.00390	1	1.45898	0.81042	0	
1259587	8495.32617	3305752854320	0.51411	0.35748	8495.06543	0.26074	11595	1	0.53603	0.33056	1	0.49569	0.36790	1	0.51586	0.34923	1	0.47521	0.53459	12.73158	1.06024	1	0.73574	0.55208	13.62468	1.06790	1	-0.00634	-0.00941	0.69338	0.00375	1	0.06162	-0.01277	0.68370	0.00387	1	1.45898	0.81042	0	
1259588	8495.33301	3305752921123	0.51415	0.35720	8495.06543	0.26758	11595	1	0.53530	0.32443	1	0.49569	0.36790	1	0.51550	0.34616	1	0.47564	0.53433	12.14155	1.06790	1	0.73585	0.55185	13.26940	1.06790	1	-0.00629	-0.00930	0.69293	0.00386	1	0.05905	-0.01216	0.65352	0.00380	1	1.45898	0.81042	0	
1259589	8495.33984	3305752991275	0.51460	0.35764	8495.06543	0.27441	11595	1	0.58600	0.35794	1	0.47999	0.39344	1	0.53299	0.37569	1	0.47593	0.53445	12.55221	1.07698	1	0.73590	0.55224	13.98854	1.06932	1	-0.00629	-0.00930	0.69293	0.00391	1	0.05905	-0.01216	0.65352	0.00398	1	1.45898	0.81042	0	
1259590	8495.34668	3305753057723	0.51440	0.35782	8495.06543	0.28125	11595	1	0.55385	0.35317	1	0.45869	0.37765	1	0.50627	0.36541	1	0.47593	0.53439	12.53118	1.07841	1	0.73597	0.55220	14.01907	1.07075	1	-0.00629	-0.00930	0.69293	0.00395	1	0.05905	-0.01216	0.65352	0.00399	1	1.45898	0.81042	0	
1259591	8495.35254	3305753125040	0.51423	0.35820	8495.06543	0.28711	11595	1	0.55510	0.36517	1	0.45852	0.38381	1	0.50681	0.37449	1	0.47560	0.53450	12.61339	1.06273	1	0.73629	0.55216	13.58251	1.06273	1	-0.00586	-0.00877	0.65722	0.00381	1	0.06005	-0.01235	0.66408	0.00401	1	1.45898	0.81042	0	
1259592	8495.35938	3305753192296	0.51407	0.35801	8495.06543	0.29395	11595	1	0.52169	0.31298	1	0.49224	0.38597	1	0.50696	0.34948	1	0.47571	0.53376	12.46675	1.04563	1	0.73650	0.55207	13.19648	1.05329	1	-0.00586	-0.00877	0.65722	0.00376	1	0.06005	-0.01235	0.66408	0.00387	1	1.45898	0.81042	0	
1259593	8495.36621	3305753259108	0.51409	0.35851	8495.06543	0.30078	11595	1	0.52372	0.37781	1	0.50590	0.38409	1	0.51481	0.38095	1	0.47560	0.53366	12.30094	1.03619	1	0.73670	0.55190	13.44833	1.04385	1	-0.00586	-0.00877	0.65722	0.00379	1	0.06005	-0.01235	0.66408	0.00385	1	1.45898	0.81042	0	
1259594	8495.37305	3305753325956	0.51410	0.35886	8495.06543	0.30762	11595	1	0.52290	0.37188	1	0.50640	0.37807	1	0.51465	0.37497	1	0.47623	0.53346	12.16714	1.04385	1	0.73655	0.55185	13.23084	1.05150	1	-0.00619	-0.00942	0.70541	0.00381	1	0.06164	-0.01264	0.67937	0.00387	1	1.45898	0.81042	0	
1259595	8495.37988	3305753393018	0.51421	0.35830	8495.06543	0.31445	11595	1	0.54720	0.24626	1	0.49191	0.41746	1	0.51956	0.33186	1	0.47628	0.53261	12.07299	1.06861	1	0.73688	0.55203	13.67230	1.06861	1	-0.00619	-0.00942	0.70541	0.00405	1	0.06164	-0.01264	0.67937	0.00395	1	1.45898	0.81042	0	
1259596	8495.38672	3305753458234	0.51326	0.35685	8495.06543	0.32129	11595	1	0.49398	0.24428	1	0.47077	0.36502	1	0.48237	0.30465	1	0.47633	0.53286	12.25992	1.08571	1	0.73688	0.55203	13.82025	1.08571	1	-0.00619	-0.00942	0.70541	0.00398	1	0.06164	-0.01264	0.67937	0.00399	1	1.45898	0.81042	0	
1259597	8495.39355	3305753526494	0.51189	0.35594	8495.06543	0.32812	11595	1	0.49297	0.23735	1	0.47079	0.36475	1	0.48188	0.30105	1	0.47663	0.53365	13.01955	1.09373	1	0.73739	0.55151	12.99327	1.08607	1	-0.00584	-0.00913	0.68362	0.00357	1	0.05938	-0.01216	0.65398	0.00436	1	1.45898	0.81042	0	
1259598	8495.39941	3305753593870	0.51197	0.35554	8495.06543	0.33398	11595	1	0.53644	0.34501	1	0.50735	0.29121	1	0.52189	0.31811	1	0.47671	0.53391	12.99241	1.07698	1	0.73744	0.55107	12.94652	1.06932	1	-0.00584	-0.00913	0.68362	0.00360	1	0.05938	-0.01216	0.65398	0.00432	1	1.45898	0.81042	0	
1259599	8495.40625	3305753661057	0.51214	0.35501	8495.06543	0.34082	11595	1	0.53211	0.37502	1	0.50009	0.32346	1	0.51610	0.34924	1	0.47667	0.53392	12.89848	1.06024	1	0.73734	0.55139	13.05270	1.05258	1	-0.00584	-0.00913	0.68362	0.00363	1	0.05938	-0.01216	0.65398	0.00418	1	1.45898	0.81042	0	
1259600	8495.41309	3305753728208	0.51231	0.35470	8495.06543	0.34766	11595	1	0.53376	0.38772	1	0.49908	0.33746	1	0.51642	0.36259	1	0.47722	0.53404	12.35301	1.04349	1	0.73718	0.55174	12.96376	1.03583	1	-0.00582	-0.00899	0.68143	0.00366	1	0.06006	-0.01233	0.66033	0.00391	1	1.45898	0.81042	0	
1259601	8495.41992	3305753793051	0.51226	0.35531	8495.06543	0.35449	11595	1	0.55471	0.36618	1	0.48924	0.41528	1	0.52198	0.39073	1	0.47707	0.53384	12.18945	1.03583	1	0.73761	0.55208	12.70157	1.03583	1	-0.00582	-0.00899	0.68143	0.00362	1	0.06006	-0.01233	0.66033	0.00399	1	1.45898	0.81042	0	
1259602	8495.42676	3305753860196	0.51217	0.35584	8495.06543	0.36133	11595	1	0.54638	0.35803	1	0.45971	0.42239	1	0.50305	0.39021	1	0.47690	0.53360	11.67806	1.03583	1	0.73725	0.55236	13.57992	1.03583	1	-0.00582	-0.00899	0.68143	0.00376	1	0.06006	-0.01233	0.66033	0.00392	1	1.45898	0.81042	0	
1259603	8495.43359	3305753928422	0.51209	0.35658	8495.06543	0.36816	11595	1	0.54638	0.35803	1	0.45989	0.41664	1	0.50314	0.38733	1	0.47740	0.53338	12.20460	1.03583	1	0.73804	0.55238	13.32989	1.04349	1	-0.00555	-0.00868	0.66098	0.00377	1	0.06125	-0.01257	0.67290	0.00396	1	1.45898	0.81042	0	
1259604	8495.44043	3305753996395	0.51142	0.35571	8495.06543	0.37500	11595	1	0.52314	0.31905	1	0.49740	0.35620	1	0.51027	0.33762	1	0.47731	0.53312	12.20332	1.04349	1	0.73812	0.55164	13.07921	1.05115	1	-0.00555	-0.00868	0.66098	0.00376	1	0.06125	-0.01257	0.67290	0.00435	1	1.45898	0.81042	0	
1259605	8495.44629	3305754062842	0.51095	0.35700	8495.06543	0.38086	11595	1	0.54412	0.34893	1	0.48822	0.41762	1	0.51617	0.38327	1	0.47768	0.53367	12.90124	1.05115	1	0.73806	0.55240	13.34253	1.05881	1	-0.00555	-0.00868	0.66098	0.00375	1	0.06125	-0.01257	0.67290	0.00394	1	1.45898	0.81042	0	
1259606	8495.45312	3305754130349	0.51048	0.35845	8495.06543	0.38770	11595	1	0.54343	0.34288	1	0.48859	0.41194	1	0.51601	0.37741	1	0.47753	0.53365	12.62822	1.05881	1	0.73804	0.55207	13.19070	1.06647	1	-0.00556	-0.00895	0.67423	0.00370	1	0.06125	-0.01257	0.67290	0.00387	1	1.45898	0.81042	0	
1259607	8495.45996	3305754197606	0.51066	0.35803	8495.06543	0.39453	11595	1	0.53103	0.34088	1	0.49991	0.29729	1	0.51547	0.31908	1	0.47748	0.53369	12.58879	1.06647	1	0.73813	0.55131	12.91832	1.06647	1	-0.00556	-0.00895	0.67423	0.00370	1	0.06125	-0.01257	0.67290	0.00422	1	1.45898	0.81042	0	
1259608	8495.46680	3305754263498	0.51052	0.35731	8495.06543	0.40137	11595	1	0.53061	0.33396	1	0.48635	0.31370	1	0.50848	0.32383	1	0.47745	0.53360	12.50975	1.06647	1	0.73792	0.55146	13.50568	1.06647	1	-0.00556	-0.00895	0.67423	0.00373	1	0.06125	-0.01257	0.67290	0.00425	1	1.45898	0.81042	0	
1259609	8495.47363	3305754326608	0.51039	0.35639	8495.06543	0.40820	11595	1	0.53061	0.33396	1	0.48635	0.31370	1	0.50848	0.32383	1	0.47760	0.53381	13.27481	1.06647	1	0.73806	0.55209	13.67046	1.06647	1	-0.00565	-0.00904	0.68474	0.00368	1	0.06204	-0.01271	0.68042	0.00380	1	1.45898	0.81042	0	
1259610	8495.48047	3305754396823	0.51092	0.35559	8495.06543	0.41504	11595	1	0.55821	0.33407	1	0.49881	0.29375	1	0.52851	0.31391	1	0.47787	0.53376	12.28200	1.06647	1	0.73813	0.55112	12.73721	1.06647	1	-0.00565	-0.00904	0.68474	0.00368	1	0.06204	-0.01271	0.68042	0.00409	1	1.45898	0.81042	0	
1259611	8495.48730	3305754463856	0.51157	0.35482	8495.06543	0.42188	11595	1	0.56490	0.35665	1	0.51766	0.29900	1	0.54128	0.32782	1	0.47804	0.53392	12.36855	1.06647	1	0.73836	0.55111	13.05737	1.06647	1	-0.00565	-0.00904	0.68474	0.00370	1	0.06204	-0.01271	0.68042	0.00419	1	1.45898	0.81042	0	
1259612	8495.49316	3305754531642	0.51220	0.35378	8495.06543	0.42773	11595	1	0.56490	0.35665	1	0.51766	0.29900	1	0.54128	0.32782	1	0.47790	0.53375	12.04992	1.06647	1	0.73837	0.55142	13.05672	1.06647	1	-0.00556	-0.00895	0.67423	0.00368	1	0.06204	-0.01276	0.68042	0.00413	1	1.45898	0.81042	0	
1259613	8495.50000	3305754598642	0.51263	0.35296	8495.06543	0.43457	11595	1	0.54403	0.34699	1	0.50907	0.28893	1	0.52655	0.31796	1	0.47766	0.53374	12.91485	1.06647	1	0.73825	0.55119	12.83534	1.06647	1	-0.00556	-0.00895	0.67423	0.00368	1	0.06204	-0.01276	0.68042	0.00409	1	1.45898	0.81042	0	
1259614	8495.50684	3305754662561	0.51289	0.35236	8495.06543	0.44141	11595	1	0.55027	0.33124	1	0.49375	0.31803	1	0.52201	0.32464	1	0.47782	0.53371	11.85396	1.06647	1	0.73839	0.55152	13.03342	1.06647	1	-0.00556	-0.00895	0.67423	0.00368	1	0.06204	-0.01276	0.68042	0.00409	1	1.45898	0.81042	0	
1259615	8495.51367	3305754734201	0.51315	0.35160	8495.06543	0.44824	11595	1	0.54952	0.32402	1	0.49424	0.31049	1	0.52188	0.31726	1	0.47785	0.53367	11.94364	1.07555	1	0.73867	0.55188	12.48993	1.07555	1	-0.00580	-0.00941	0.70909	0.00368	1	0.06206	-0.01274	0.67948	0.00398	1	1.45898	0.81042	0	
1259616	8495.51953	3305754794951	0.51324	0.35078	8495.06543	0.45410	11595	1	0.55408	0.33769	1	0.49407	0.36917	1	0.52408	0.35343	1	0.47782	0.53383	12.19916	1.08464	1	0.73885	0.55200	12.85477	1.08464	1	-0.00580	-0.00941	0.70909	0.00362	1	0.06206	-0.01274	0.67948	0.00395	1	1.45898	0.81042	0	
1259617	8495.52734	3305754863999	0.51333	0.34944	8495.06543	0.46191	11595	1	0.54653	0.31692	1	0.47917	0.34169	1	0.51285	0.32930	1	0.47783	0.53373	12.23280	1.09373	1	0.73853	0.55179	12.12319	1.09373	1	-0.00580	-0.00941	0.70909	0.00364	1	0.06206	-0.01274	0.67948	0.00427	1	1.45898	0.81042	0	
1259618	8495.53418	3305754932722	0.51342	0.34800	8495.06543	0.46875	11595	1	0.54577	0.30976	1	0.47953	0.33455	1	0.51265	0.32215	1	0.47798	0.53394	12.58755	1.10281	1	0.73883	0.55237	13.24264	1.10281	1	-0.00580	-0.00941	0.70909	0.00358	1	0.06206	-0.01274	0.67948	0.00391	1	1.45898	0.81042	0	
1259619	8495.54004	3305754996685	0.51379	0.34869	8495.06543	0.47461	11595	1	0.56105	0.34229	1	0.49145	0.41975	1	0.52625	0.38102	1	0.47799	0.53392	12.34293	1.10281	1	0.73876	0.55277	13.03363	1.10281	1	-0.00580	-0.00941	0.70909	0.00361	1	0.06206	-0.01274	0.67948	0.00412	1	1.45898	0.81042	0	
1259620	8495.54688	3305755063186	0.51383	0.34762	8495.06543	0.48145	11595	1	0.55721	0.34814	1	0.47220	0.37482	1	0.51471	0.36148	1	0.47781	0.53382	12.48222	1.10281	1	0.73845	0.55242	12.30300	1.10281	1	-0.00580	-0.00941	0.70909	0.00355	1	0.06206	-0.01274	0.67948	0.00417	1	1.45898	0.81042	0	
1259621	8495.55371	3305755130909	0.51387	0.34666	8495.06543	0.48828	11595	1	0.55721	0.34814	1	0.47220	0.37482	1	0.51471	0.36148	1	0.47786	0.53290	12.07217	1.10281	1	0.73876	0.55278	13.43437	1.10281	1	-0.00580	-0.00941	0.70909	0.00402	1	0.06190	-0.01276	0.67777	0.00392	1	1.45898	0.81042	0	
1259622	8495.56055	3305755199052	0.51421	0.34566	8495.06543	0.49512	11595	1	0.55505	0.31041	1	0.48770	0.38812	1	0.52137	0.34927	1	0.47791	0.53373	12.42224	1.10281	1	0.73871	0.55295	13.49906	1.10281	1	-0.00580	-0.00941	0.70909	0.00373	1	0.06190	-0.01276	0.67777	0.00408	1	1.45898	0.81042	0	
1259623	8495.56738	3305755265757	0.51464	0.34550	8495.06543	0.50195	11595	1	0.54352	0.27092	1	0.49720	0.39154	1	0.52036	0.33123	1	0.47775	0.53321	11.94110	1.10281	1	0.73882	0.55296	13.40819	1.10281	1	-0.00580	-0.00941	0.70909	0.00387	1	0.06190	-0.01276	0.67777	0.00407	1	1.45898	0.81042	0	
1259624	8495.57422	3305755335804	0.51507	0.34528	8495.06543	0.50879	11595	1	0.54352	0.27092	1	0.49720	0.39154	1	0.52036	0.33123	1	0.47786	0.53375	12.44645	1.10281	1	0.73879	0.55308	13.44119	1.10281	1	-0.00574	-0.00937	0.70172	0.00366	1	0.06190	-0.01276	0.67777	0.00407	1	1.45898	0.81042	0	
1259625	8495.58105	3305755401025	0.51568	0.34558	8495.06543	0.51562	11595	1	0.55835	0.29293	1	0.49101	0.40011	1	0.52468	0.34652	1	0.47791	0.53402	12.41646	1.10281	1	0.73878	0.55317	13.09531	1.10281	1	-0.00574	-0.00937	0.70172	0.00381	1	0.06190	-0.01276	0.67777	0.00402	1	1.45898	0.81042	0	
1259626	8495.58789	3305755469496	0.51585	0.34595	8495.06543	0.52246	11595	1	0.55649	0.30592	1	0.46153	0.41377	1	0.50901	0.35984	1	0.47789	0.53405	12.32314	1.10281	1	0.73833	0.55328	13.64799	1.10281	1	-0.00574	-0.00937	0.70172	0.00381	1	0.06190	-0.01276	0.67777	0.00399	1	1.45898	0.81042	0	
1259627	8495.59375	3305755536396	0.51602	0.34626	8495.06543	0.52832	11595	1	0.55649	0.30592	1	0.46153	0.41377	1	0.50901	0.35984	1	0.47800	0.53410	12.33604	1.10281	1	0.73832	0.55340	13.16343	1.10281	1	-0.00574	-0.00937	0.70172	0.00386	1	0.06206	-0.01284	0.67948	0.00398	1	1.45898	0.81042	0	
1259628	8495.60059	3305755603448	0.51628	0.34561	8495.06543	0.53516	11595	1	0.56047	0.26777	1	0.53724	0.36172	1	0.54885	0.31475	1	0.47799	0.53409	12.01816	1.10281	1	0.73875	0.55311	13.45520	1.10281	1	-0.00574	-0.00937	0.70172	0.00389	1	0.06206	-0.01284	0.67948	0.00401	1	1.45898	0.81042	0	
1259629	8495.60742	3305755670252	0.51641	0.34526	8495.06543	0.54199	11595	1	0.55279	0.24944	1	0.50585	0.37220	1	0.52932	0.31082	1	0.47785	0.53422	12.11101	1.10281	1	0.73825	0.55338	13.35469	1.10281	1	-0.00574	-0.00937	0.70172	0.00389	1	0.06206	-0.01284	0.67948	0.00396	1	1.45898	0.81042	0	
1259630	8495.61426	3305755736252	0.51656	0.34522	8495.06543	0.54883	11595	1	0.55350	0.25709	1	0.50583	0.37251	1	0.52966	0.31480	1	0.47783	0.53410	12.14506	1.09373	1	0.73831	0.55330	13.13825	1.10241	1	-0.00565	-0.00924	0.68474	0.00394	1	0.06341	-0.01319	0.69486	0.00389	1	1.45898	0.81042	0	
1259631	8495.62109	3305755805253	0.51671	0.34447	8495.06543	0.55566	11595	1	0.55457	0.32449	1	0.48138	0.32917	1	0.51798	0.32683	1	0.47790	0.53450	12.26410	1.09332	1	0.73822	0.55296	13.21403	1.10200	1	-0.00565	-0.00924	0.68474	0.00384	1	0.06341	-0.01319	0.69486	0.00389	1	1.45898	0.81042	0	
1259632	8495.62793	3305755871774	0.51718	0.34420	8495.06543	0.56250	11595	1	0.55185	0.31796	1	0.50973	0.34596	1	0.53079	0.33196	1	0.47789	0.53457	12.48817	1.09292	1	0.73829	0.55301	13.22055	1.10160	1	-0.00565	-0.00924	0.68474	0.00381	1	0.06341	-0.01319	0.69486	0.00381	1	1.45898	0.81042	0	
1259633	8495.63477	3305755938863	0.51763	0.34395	8495.06543	0.56934	11595	1	0.55188	0.31828	1	0.50913	0.35304	1	0.53051	0.33566	1	0.47759	0.53483	12.75658	1.09251	1	0.73834	0.55244	12.85395	1.09251	1	-0.00556	-0.00915	0.67423	0.00364	1	0.06204	-0.01291	0.68042	0.00410	1	1.45898	0.81042	0	
1259634	8495.64062	3305756005003	0.51772	0.34377	8495.06543	0.57520	11595	1	0.53484	0.34350	1	0.49916	0.32179	1	0.51700	0.33264	1	0.47756	0.53495	12.81022	1.09251	1	0.73810	0.55249	12.90633	1.08383	1	-0.00556	-0.00915	0.67423	0.00363	1	0.06204	-0.01291	0.68042	0.00408	1	1.45898	0.81042	0	
1259635	8495.64746	3305756072318	0.51765	0.34337	8495.06543	0.58203	11595	1	0.52816	0.33779	1	0.49651	0.32230	1	0.51233	0.33005	1	0.47739	0.53494	13.02993	1.08383	1	0.73814	0.55258	13.05513	1.07515	1	-0.00556	-0.00915	0.67423	0.00356	1	0.06204	-0.01291	0.68042	0.00396	1	1.45898	0.81042	0	
1259636	8495.65430	3305756139090	0.51759	0.34338	8495.06543	0.58887	11595	1	0.52982	0.35076	1	0.49515	0.34226	1	0.51249	0.34651	1	0.47752	0.53467	12.85583	1.06713	1	0.73805	0.55310	13.13156	1.05079	1	-0.00552	-0.00905	0.66305	0.00368	1	0.05973	-0.01249	0.65567	0.00401	1	1.45898	0.81042	0	
1259637	8495.66113	3305756206428	0.51698	0.34255	8495.06543	0.59570	11595	1	0.51825	0.29978	1	0.48949	0.37206	1	0.50387	0.33592	1	0.47725	0.53394	12.52806	1.04278	1	0.73799	0.55274	13.11202	1.03512	1	-0.00552	-0.00905	0.66305	0.00376	1	0.05973	-0.01249	0.65567	0.00413	1	1.45898	0.81042	0	
1259638	8495.66797	3305756273548	0.51718	0.34184	8495.06543	0.60254	11595	1	0.54323	0.30559	1	0.48869	0.35689	1	0.51596	0.33124	1	0.47731	0.53420	12.57406	1.02710	1	0.73802	0.55235	13.19146	1.01944	1	-0.00552	-0.00905	0.66305	0.00363	1	0.05973	-0.01249	0.65567	0.00422	1	1.45898	0.81042	0	
1259639	8495.67480	3305756340372	0.51738	0.34114	8495.06543	0.60938	11595	1	0.54468	0.31891	1	0.48828	0.36354	1	0.51648	0.34122	1	0.47721	0.53456	12.76445	1.01142	1	0.73794	0.55222	12.95895	1.01142	1	-0.00552	-0.00905	0.66305	0.00361	1	0.06155	-0.01288	0.67617	0.00433	1	1.45898	0.81042	0	
1259640	8495.68164	3305756407376	0.51759	0.34069	8495.06543	0.61621	11595	1	0.54230	0.30096	1	0.49109	0.35450	1	0.51669	0.32773	1	0.47719	0.53418	12.58300	1.01142	1	0.73796	0.55243	13.21526	1.01908	1	-0.00552	-0.00905	0.66305	0.00357	1	0.06155	-0.01288	0.67617	0.00430	1	1.45898	0.81042	0	
1259641	8495.68750	3305756474218	0.51742	0.33993	8495.06543	0.62207	11595	1	0.52914	0.28296	1	0.48473	0.40615	1	0.50693	0.34455	1	0.47700	0.53419	12.25327	1.01908	1	0.73796	0.55292	12.98883	1.02674	1	-0.00552	-0.00905	0.66305	0.00375	1	0.06155	-0.01288	0.67617	0.00404	1	1.45898	0.81042	0	
1259642	8495.69434	3305756541663	0.51726	0.33917	8495.06543	0.62891	11595	1	0.52834	0.27622	1	0.48509	0.40021	1	0.50671	0.33821	1	0.47702	0.53420	12.22936	1.02674	1	0.73802	0.55294	12.96978	1.03440	1	-0.00552	-0.00905	0.66305	0.00379	1	0.06155	-0.01288	0.67617	0.00401	1	1.45898	0.81042	0	
1259643	8495.70117	3305756606741	0.51733	0.33989	8495.06543	0.63574	11595	1	0.55684	0.32136	1	0.48920	0.41200	1	0.52302	0.36668	1	0.47717	0.53452	12.18845	1.03440	1	0.73795	0.55299	13.10496	1.03440	1	-0.00552	-0.00905	0.66305	0.00370	1	0.06155	-0.01288	0.67617	0.00398	1	1.45898	0.81042	0	
1259644	8495.70801	3305756674871	0.51841	0.34075	8495.06543	0.64258	11595	1	0.55613	0.30324	1	0.51218	0.38893	1	0.53416	0.34608	1	0.47711	0.53458	12.25001	1.03440	1	0.73801	0.55300	12.95596	1.03440	1	-0.00552	-0.00905	0.66305	0.00370	1	0.06155	-0.01288	0.67617	0.00400	1	1.45898	0.81042	0	
1259645	8495.71484	3305756741910	0.51950	0.34140	8495.06543	0.64941	11595	1	0.55475	0.28877	1	0.51342	0.37544	1	0.53409	0.33211	1	0.47715	0.53488	12.33037	1.05150	1	0.73818	0.55325	13.06910	1.05150	1	-0.00593	-0.00955	0.69947	0.00369	1	0.06155	-0.01288	0.67617	0.00417	1	1.45898	0.81042	0	
1259646	8495.72168	3305756807942	0.51942	0.34132	8495.06543	0.65625	11595	1	0.54743	0.28622	1	0.48932	0.34265	1	0.51837	0.31444	1	0.47704	0.53461	12.39994	1.06861	1	0.73760	0.55251	13.02468	1.06861	1	-0.00593	-0.00955	0.69947	0.00377	1	0.06155	-0.01288	0.67617	0.00423	1	1.45898	0.81042	0	
1259647	8495.72754	3305756873979	0.51956	0.34041	8495.06543	0.66211	11595	1	0.56098	0.28932	1	0.48471	0.32114	1	0.52285	0.30523	1	0.47713	0.53475	12.16052	1.08571	1	0.73755	0.55258	13.03477	1.08571	1	-0.00593	-0.00955	0.69947	0.00375	1	0.06155	-0.01288	0.67617	0.00409	1	1.45898	0.81042	0	
1259648	8495.73438	3305756939944	0.51969	0.33899	8495.06543	0.66895	11595	1	0.55973	0.27532	1	0.48513	0.31347	1	0.52243	0.29440	1	0.47715	0.53454	12.24605	1.10281	1	0.73752	0.55271	13.06543	1.09515	1	-0.00593	-0.00955	0.69947	0.00386	1	0.06022	-0.01261	0.66206	0.00410	1	1.45898	0.81042	0	
1259649	8495.74121	3305757009928	0.51958	0.33731	8495.06543	0.67578	11595	1	0.54856	0.27222	1	0.48527	0.34779	1	0.51691	0.31001	1	0.47705	0.53459	12.38963	1.09515	1	0.73748	0.55276	13.06834	1.08749	1	-0.00593	-0.00955	0.69947	0.00380	1	0.06022	-0.01261	0.66206	0.00409	1	1.45898	0.81042	0	
1259650	8495.74805	3305757074554	0.52026	0.33553	8495.06543	0.68262	11595	1	0.56237	0.30821	1	0.50911	0.30166	1	0.53574	0.30493	1	0.47719	0.53488	12.39381	1.08749	1	0.73748	0.55240	12.70952	1.07983	1	-0.00593	-0.00955	0.69947	0.00368	1	0.06022	-0.01261	0.66206	0.00413	1	1.45898	0.81042	0	
1259651	8495.75488	3305757144108	0.52095	0.33388	8495.06543	0.68945	11595	1	0.56293	0.31433	1	0.50911	0.30166	1	0.53602	0.30799	1	0.47703	0.53462	12.30239	1.07983	1	0.73767	0.55251	13.33194	1.07983	1	-0.00593	-0.00955	0.69947	0.00380	1	0.06210	-0.01302	0.68331	0.00405	1	1.45898	0.81042	0	
1259652	8495.76172	3305757208843	0.52136	0.33340	8495.06543	0.69629	11595	1	0.55346	0.29263	1	0.50609	0.33692	1	0.52978	0.31478	1	0.47705	0.53467	12.39920	1.07983	1	0.73778	0.55273	13.47551	1.08749	1	-0.00593	-0.00955	0.69947	0.00380	1	0.06210	-0.01302	0.68331	0.00410	1	1.45898	0.81042	0	
1259653	8495.76855	3305757277652	0.52148	0.33154	8495.06543	0.70312	11595	1	0.55304	0.25984	1	0.49074	0.32842	1	0.52189	0.29413	1	0.47710	0.53440	12.08865	1.08749	1	0.73760	0.55270	13.05121	1.09515	1	-0.00593	-0.00955	0.69947	0.00388	1	0.06210	-0.01302	0.68331	0.00423	1	1.45898	0.81042	0	
1259654	8495.77441	3305757340522	0.52160	0.32960	8495.06543	0.70898	11595	1	0.55243	0.25337	1	0.49155	0.31537	1	0.52199	0.28437	1	0.47714	0.53450	12.13794	1.09515	1	0.73759	0.55258	13.07323	1.11149	1	-0.00593	-0.00955	0.69947	0.00376	1	0.06301	-0.01315	0.69281	0.00414	1	1.45898	0.81042	0	
1259655	8495.78125	3305757408349	0.52146	0.32849	8495.06543	0.71582	11595	1	0.55010	0.21534	1	0.46777	0.31553	1	0.50894	0.26543	1	0.47710	0.53414	12.11148	1.11149	1	0.73724	0.55283	13.32677	1.12017	1	-0.00593	-0.00955	0.69947	0.00365	1	0.06301	-0.01315	0.69281	0.00402	1	1.45898	0.81042	0	
1259656	8495.78809	3305757477219	0.52474	0.30031	8495.06543	0.71582	11595	0	0.55785	0.24889	1	0.49788	0.30297	1	0.52787	0.27593	1	0.47715	0.53463	12.21227	1.12017	1	0.73768	0.55266	12.88879	1.12885	1	-0.00593	-0.00955	0.69947	0.00375	1	0.06301	-0.01315	0.69281	0.00413	1	1.45898	0.81042	0	
1259657	8495.79492	3305757541916	0.52626	0.28459	8495.06543	0.71582	11595	0	0.55721	0.24169	1	0.49835	0.29605	1	0.52778	0.26887	1	0.47719	0.53477	12.18036	1.12885	1	0.73788	0.55288	12.28931	1.13753	1	-0.00606	-0.00971	0.71539	0.00373	1	0.06301	-0.01315	0.69281	0.00424	1	1.45898	0.81042	0	
1259658	8495.80176	3305757610185	0.53067	0.28337	8495.06543	0.71582	11595	0	0.55763	0.24004	1	0.52133	0.32185	1	0.53948	0.28094	1	0.47715	0.53470	12.19780	1.13753	1	0.73806	0.55309	12.69858	1.13753	1	-0.00606	-0.00971	0.71539	0.00373	1	0.06301	-0.01315	0.69281	0.00419	1	1.45898	0.81042	0	
1259659	8495.80859	3305757678395	0.53113	0.27598	8495.78809	0.02051	11596	1	0.55679	0.20751	1	0.50821	0.30008	1	0.53250	0.25380	1	0.47719	0.53456	12.16308	1.13753	1	0.73785	0.55307	12.48709	1.13753	1	-0.00606	-0.00971	0.71539	0.00379	1	0.06301	-0.01315	0.69281	0.00419	1	1.45898	0.81042	0	
1259660	8495.81445	3305757742604	0.53140	0.27154	8495.78809	0.02637	11596	1	0.55679	0.20751	1	0.50821	0.30008	1	0.53250	0.25380	1	0.47716	0.53466	12.12463	1.13753	1	0.73762	0.55290	12.85705	1.13753	1	-0.00593	-0.00955	0.69947	0.00376	1	0.06301	-0.01315	0.69281	0.00418	1	1.45898	0.81042	0	
1259661	8495.82129	3305757810599	0.53112	0.27201	8495.78809	0.03320	11596	1	0.56225	0.25142	1	0.49712	0.29733	1	0.52969	0.27437	1	0.47724	0.53483	12.32523	1.13753	1	0.73759	0.55260	12.84735	1.13753	1	-0.00593	-0.00955	0.69947	0.00370	1	0.06301	-0.01315	0.69281	0.00431	1	1.45898	0.81042	0	
1259662	8495.82812	3305757878336	0.52973	0.26839	8495.78809	0.04004	11596	1	0.55002	0.22546	1	0.49282	0.26788	1	0.52142	0.24667	1	0.47709	0.53479	12.37780	1.13753	1	0.73755	0.55256	12.99853	1.13753	1	-0.00593	-0.00955	0.69947	0.00369	1	0.06301	-0.01315	0.69281	0.00428	1	1.45898	0.81042	0	
1259663	8495.83496	3305757944943	0.52869	0.26568	8495.78809	0.04688	11596	1	0.55002	0.22546	1	0.49282	0.26788	1	0.52142	0.24667	1	0.47704	0.53425	12.31001	1.13753	1	0.73817	0.55327	13.13604	1.13753	1	-0.00593	-0.00955	0.69947	0.00388	1	0.06301	-0.01315	0.69281	0.00414	1	1.45898	0.81042	0	
1259664	8495.84180	3305758012816	0.52812	0.26916	8495.78809	0.05371	11596	1	0.54049	0.24754	1	0.50664	0.34648	1	0.52356	0.29701	1	0.47694	0.53430	11.98073	1.13753	1	0.73817	0.55327	13.13604	1.13753	1	-0.00593	-0.00955	0.69947	0.00387	1	0.06301	-0.01315	0.69281	0.00414	1	1.45898	0.81042	0	
1259665	8495.84863	3305758081555	0.52930	0.27434	8495.78809	0.06055	11596	1	0.55102	0.29993	1	0.52883	0.34209	1	0.53993	0.32101	1	0.47709	0.53490	12.19657	1.13753	1	0.73818	0.55327	13.05292	1.13753	1	-0.00593	-0.00955	0.69947	0.00363	1	0.06301	-0.01315	0.69281	0.00417	1	1.45898	0.81042	0	
1259666	8495.85547	3305758148522	0.53024	0.27889	8495.78809	0.06738	11596	1	0.55102	0.29993	1	0.52813	0.34868	1	0.53958	0.32430	1	0.47701	0.53497	12.05756	1.13753	1	0.73773	0.55328	13.92523	1.12885	1	-0.00593	-0.00955	0.69947	0.00361	1	0.06155	-0.01278	0.67617	0.00401	1	1.45898	0.81042	0	
1259667	8495.86230	3305758215787	0.52926	0.28194	8495.78809	0.07422	11596	1	0.55074	0.25561	1	0.48632	0.37546	1	0.51853	0.31554	1	0.47707	0.53458	12.08390	1.12885	1	0.73793	0.55341	13.78036	1.12017	1	-0.00593	-0.00955	0.69947	0.00352	1	0.06155	-0.01278	0.67617	0.00388	1	1.45898	0.81042	0	
1259668	8495.86816	3305758281137	0.52865	0.28549	8495.78809	0.08008	11596	1	0.56167	0.32422	1	0.48086	0.33188	1	0.52126	0.32805	1	0.47727	0.53491	12.64943	1.12017	1	0.73785	0.55293	13.76208	1.11149	1	-0.00593	-0.00955	0.69947	0.00366	1	0.06155	-0.01278	0.67617	0.00414	1	1.45898	0.81042	0	
1259669	8495.87500	3305758349708	0.52812	0.28922	8495.78809	0.08691	11596	1	0.56228	0.33084	1	0.48020	0.34467	1	0.52124	0.33775	1	0.47706	0.53444	11.98698	1.11149	1	0.73750	0.55312	13.32498	1.09515	1	-0.00606	-0.00971	0.71539	0.00363	1	0.06060	-0.01264	0.66626	0.00395	1	1.45898	0.81042	0	
1259670	8495.88184	3305758416702	0.52678	0.29145	8495.78809	0.09375	11596	1	0.52971	0.31459	1	0.48636	0.33086	1	0.50803	0.32273	1	0.47671	0.53467	12.64783	1.09515	1	0.73744	0.55273	13.18824	1.08749	1	-0.00606	-0.00971	0.71539	0.00363	1	0.06060	-0.01264	0.66626	0.00380	1	1.45898	0.81042	0	SUBJECT_ONSET_LOG
1259671	8495.88867	3305758483519	0.52640	0.29334	8495.78809	0.10059	11596	1	0.55041	0.31492	1	0.49107	0.32849	1	0.52074	0.32170	1	0.47704	0.53478	11.88283	1.08749	1	0.73755	0.55263	13.00783	1.07983	1	-0.00606	-0.00971	0.71539	0.00363	1	0.06060	-0.01264	0.66626	0.00415	1	1.45898	0.81042	0	
1259672	8495.89551	3305758550786	0.52609	0.29519	8495.78809	0.10742	11596	1	0.55104	0.32100	1	0.49107	0.32849	1	0.52105	0.32474	1	0.47723	0.53460	12.22890	1.07983	1	0.73742	0.55174	12.82782	1.07983	1	-0.00606	-0.00960	0.71539	0.00381	1	0.06210	-0.01286	0.68331	0.00457	1	1.45898	0.81042	0	
1259673	8495.90234	3305758615008	0.52526	0.29893	8495.78809	0.11426	11596	1	0.56042	0.31665	1	0.46198	0.40844	1	0.51120	0.36255	1	0.47718	0.53446	12.18555	1.07983	1	0.73752	0.55299	13.39381	1.08749	1	-0.00606	-0.00960	0.71539	0.00380	1	0.06210	-0.01286	0.68331	0.00399	1	1.45898	0.81042	0	AUDIO_FILE_ONSET_LOG
1259674	8495.90918	3305758682413	0.52411	0.30173	8495.78809	0.12109	11596	1	0.55673	0.29325	1	0.45007	0.41070	1	0.50340	0.35197	1	0.47709	0.53407	12.03501	1.08749	1	0.73735	0.55318	13.19531	1.09515	1	-0.00606	-0.00960	0.71539	0.00387	1	0.06210	-0.01286	0.68331	0.00399	1	1.45898	0.81042	0	
1259675	8495.91504	3305758746935	0.51930	0.32968	8495.78809	0.12109	11596	0	0.55614	0.28702	1	0.45007	0.41070	1	0.50310	0.34886	1	0.47698	0.53419	12.33664	1.09515	1	0.73763	0.55298	12.56312	1.09515	1	-0.00593	-0.00934	0.69947	0.00384	1	0.06022	-0.01251	0.66206	0.00411	1	1.45898	0.81042	0	
1259676	8495.92188	3305758815651	0.51216	0.33496	8495.78809	0.12109	11596	0	0.55944	0.27541	1	0.45061	0.40505	1	0.50502	0.34023	1	0.47715	0.53421	12.33956	1.09515	1	0.73744	0.55303	12.93427	1.08749	1	-0.00593	-0.00934	0.69947	0.00391	1	0.06022	-0.01251	0.66206	0.00403	1	1.45898	0.81042	0	
1259677	8495.92871	3305758884478	0.51296	0.34558	8495.78809	0.12109	11596	0	0.55373	0.31152	1	0.47539	0.42214	1	0.51456	0.36683	1	0.47704	0.53406	12.19172	1.08749	1	0.73781	0.55311	13.64679	1.07983	1	-0.00593	-0.00934	0.69947	0.00402	1	0.06022	-0.01251	0.66206	0.00396	1	1.45898	0.81042	0	
1259678	8495.93555	3305758950520	0.51340	0.35235	8495.91504	0.02051	11597	1	0.55433	0.31763	1	0.47510	0.42767	1	0.51472	0.37265	1	0.47714	0.53360	12.06642	1.07983	1	0.73765	0.55312	12.65864	1.07217	1	-0.00584	-0.00936	0.70123	0.00393	1	0.06006	-0.01243	0.66033	0.00405	1	1.45898	0.81042	0	
1259679	8495.94238	3305759017023	0.51188	0.36040	8495.91504	0.02734	11597	1	0.55517	0.34692	1	0.45646	0.43834	1	0.50581	0.39263	1	0.47702	0.53418	12.22103	1.07217	1	0.73748	0.55274	12.99110	1.07217	1	-0.00584	-0.00936	0.70123	0.00395	1	0.06006	-0.01243	0.66033	0.00405	1	1.45898	0.81042	0	
1259680	8495.94824	3305759081928	0.51179	0.36434	8495.91504	0.03320	11597	1	0.55303	0.34119	1	0.46967	0.42685	1	0.51135	0.38402	1	0.47704	0.53418	12.26641	1.07217	1	0.73768	0.55273	12.55414	1.07217	1	-0.00584	-0.00936	0.70123	0.00394	1	0.06006	-0.01243	0.66033	0.00402	1	1.45898	0.81042	0	
1259681	8495.95605	3305759153519	0.51173	0.36715	8495.91504	0.04102	11597	1	0.55303	0.34119	1	0.46967	0.42685	1	0.51135	0.38402	1	0.47736	0.53357	12.22491	1.07217	1	0.73745	0.55270	13.61261	1.07217	1	-0.00584	-0.00936	0.70123	0.00413	1	0.06006	-0.01243	0.66033	0.00400	1	1.45898	0.81042	0	
1259682	8495.96191	3305759217539	0.51124	0.36122	8495.91504	0.04688	11597	1	0.54718	0.24726	1	0.46850	0.39219	1	0.50784	0.31972	1	0.47701	0.53265	12.27868	1.07217	1	0.73757	0.55221	13.45518	1.07217	1	-0.00584	-0.00936	0.70123	0.00388	1	0.06006	-0.01243	0.66033	0.00386	1	1.45898	0.81042	0	
1259683	8495.96875	3305759284459	0.51047	0.35703	8495.91504	0.05371	11597	1	0.54221	0.24840	1	0.46638	0.39859	1	0.50429	0.32350	1	0.47692	0.53258	11.79713	1.07217	1	0.73755	0.55220	13.50093	1.07217	1	-0.00584	-0.00936	0.70123	0.00377	1	0.06006	-0.01243	0.66033	0.00386	1	1.45898	0.81042	0	
1259684	8495.97559	3305759349853	0.50985	0.35368	8495.91504	0.06055	11597	1	0.54221	0.24840	1	0.46638	0.39859	1	0.50429	0.32350	1	0.47697	0.53269	11.90729	1.07217	1	0.73758	0.55235	12.61111	1.07217	1	-0.00584	-0.00931	0.70123	0.00380	1	0.05978	-0.01232	0.65726	0.00415	1	1.45898	0.81042	0	
1259685	8495.98242	3305759418388	0.50970	0.34959	8495.91504	0.06738	11597	1	0.54186	0.22173	1	0.47444	0.39561	1	0.50815	0.30867	1	0.47694	0.53224	11.97899	1.07217	1	0.73771	0.55215	13.12779	1.07217	1	-0.00584	-0.00931	0.70123	0.00401	1	0.05978	-0.01232	0.65726	0.00397	1	1.45898	0.81042	0	
1259686	8495.98926	3305759488370	0.50924	0.34385	8495.91504	0.07422	11597	1	0.53977	0.17229	1	0.46855	0.38917	1	0.50416	0.28073	1	0.47694	0.53183	11.71119	1.07217	1	0.73767	0.55226	13.17541	1.07217	1	-0.00584	-0.00931	0.70123	0.00412	1	0.05978	-0.01232	0.65726	0.00396	1	1.45898	0.81042	0	
1259687	8495.99609	3305759552379	0.50885	0.33899	8495.91504	0.08105	11597	1	0.53977	0.17229	1	0.46855	0.38917	1	0.50416	0.28073	1	0.47723	0.53401	12.64724	1.07217	1	0.73739	0.55196	12.81473	1.07217	1	-0.00593	-0.00934	0.69947	0.00362	1	0.05978	-0.01232	0.65726	0.00411	1	1.45898	0.81042	0	
1259688	8496.00293	3305759619713	0.50980	0.34143	8495.91504	0.08789	11597	1	0.56587	0.37060	1	0.47859	0.37558	1	0.52223	0.37309	1	0.47723	0.53401	12.64724	1.07217	1	0.73744	0.55207	13.38522	1.07217	1	-0.00593	-0.00934	0.69947	0.00362	1	0.05978	-0.01232	0.65726	0.00411	1	1.45898	0.81042	0	
1259689	8496.00977	3305759689290	0.51056	0.34060	8495.91504	0.09473	11597	1	0.55811	0.28943	1	0.48432	0.36849	1	0.52122	0.32896	1	0.47718	0.53317	12.27652	1.07217	1	0.73750	0.55197	12.97247	1.07217	1	-0.00593	-0.00934	0.69947	0.00398	1	0.05978	-0.01232	0.65726	0.00415	1	1.45898	0.81042	0	
1259690	8496.01660	3305759756335	0.51124	0.34033	8495.91504	0.10156	11597	1	0.55881	0.29696	1	0.48391	0.37555	1	0.52136	0.33626	1	0.47713	0.53362	12.49363	1.06309	1	0.73754	0.55168	12.88647	1.06309	1	-0.00584	-0.00908	0.68362	0.00362	1	0.06006	-0.01233	0.66033	0.00425	1	1.45898	0.81042	0	
1259691	8496.02246	3305759821926	0.51139	0.34018	8495.91504	0.10742	11597	1	0.54393	0.35881	1	0.48369	0.31688	1	0.51381	0.33785	1	0.47687	0.53371	12.07161	1.05400	1	0.73746	0.55137	12.75395	1.05400	1	-0.00584	-0.00908	0.68362	0.00367	1	0.06006	-0.01233	0.66033	0.00420	1	1.45898	0.81042	0	
1259692	8496.02930	3305759890284	0.51161	0.34199	8495.91504	0.11426	11597	1	0.54651	0.38425	1	0.48417	0.36123	1	0.51534	0.37274	1	0.47690	0.53394	12.69946	1.04492	1	0.73751	0.55166	12.89334	1.04492	1	-0.00584	-0.00908	0.68362	0.00365	1	0.06006	-0.01233	0.66033	0.00421	1	1.45898	0.81042	0	
1259693	8496.03613	3305759957297	0.51183	0.34382	8495.91504	0.12109	11597	1	0.54731	0.39116	1	0.48411	0.36238	1	0.51571	0.37677	1	0.47672	0.53392	12.69184	1.03583	1	0.73734	0.55145	12.89536	1.04349	1	-0.00584	-0.00908	0.68362	0.00362	1	0.06177	-0.01269	0.67974	0.00414	1	1.45898	0.81042	0	
1259694	8496.04297	3305760024076	0.51235	0.34415	8495.91504	0.12793	11597	1	0.53692	0.36881	1	0.50754	0.33202	1	0.52223	0.35041	1	0.47673	0.53394	12.70248	1.04349	1	0.73748	0.55132	12.91141	1.05115	1	-0.00584	-0.00908	0.68362	0.00362	1	0.06177	-0.01269	0.67974	0.00419	1	1.45898	0.81042	0	
1259695	8496.04980	3305760088774	0.51272	0.34416	8495.91504	0.13477	11597	1	0.53595	0.35657	1	0.50430	0.33219	1	0.52013	0.34438	1	0.47678	0.53378	12.67845	1.05115	1	0.73743	0.55149	13.15793	1.05881	1	-0.00584	-0.00908	0.68362	0.00369	1	0.06177	-0.01269	0.67974	0.00409	1	1.45898	0.81042	0	
1259696	8496.05664	3305760158183	0.51305	0.34389	8495.91504	0.14160	11597	1	0.53521	0.35058	1	0.50479	0.32588	1	0.52000	0.33823	1	0.47677	0.53378	12.69312	1.05881	1	0.73717	0.55179	13.27361	1.06647	1	-0.00584	-0.00908	0.68362	0.00363	1	0.06177	-0.01269	0.67974	0.00384	1	1.45898	0.81042	0	
1259697	8496.06348	3305760225172	0.51306	0.34442	8495.91504	0.14844	11597	1	0.53300	0.33687	1	0.49362	0.37532	1	0.51331	0.35610	1	0.47674	0.53369	12.85425	1.06647	1	0.73725	0.55177	13.42483	1.06647	1	-0.00584	-0.00908	0.68362	0.00368	1	0.06177	-0.01269	0.67974	0.00379	1	1.45898	0.81042	0	
1259698	8496.06934	3305760292494	0.51308	0.34428	8495.91504	0.15430	11597	1	0.53525	0.33441	1	0.49168	0.34739	1	0.51347	0.34090	1	0.47676	0.53376	12.78795	1.06647	1	0.73725	0.55160	13.22479	1.06647	1	-0.00584	-0.00908	0.68362	0.00366	1	0.06177	-0.01269	0.67974	0.00403	1	1.45898	0.81042	0	
1259699	8496.07617	3305760358822	0.51310	0.34400	8495.91504	0.16113	11597	1	0.53525	0.33441	1	0.49213	0.34042	1	0.51369	0.33741	1	0.47658	0.53350	12.39508	1.06647	1	0.73761	0.55185	13.16718	1.07515	1	-0.00584	-0.00908	0.68362	0.00368	1	0.06331	-0.01297	0.69722	0.00380	1	1.45898	0.81042	0	
1259700	8496.08301	3305760426169	0.51323	0.34243	8495.91504	0.16797	11597	1	0.52540	0.32094	1	0.50778	0.28559	1	0.51659	0.30326	1	0.47657	0.53346	12.26008	1.07515	1	0.73740	0.55123	13.17408	1.08383	1	-0.00584	-0.00908	0.68362	0.00371	1	0.06331	-0.01297	0.69722	0.00415	1	1.45898	0.81042	0	
1259701	8496.08984	3305760493324	0.51308	0.34078	8495.91504	0.17480	11597	1	0.51621	0.31605	1	0.50217	0.27946	1	0.50919	0.29776	1	0.47641	0.53357	12.02781	1.08383	1	0.73736	0.55131	13.24539	1.09251	1	-0.00584	-0.00908	0.68362	0.00371	1	0.06331	-0.01297	0.69722	0.00407	1	1.45898	0.81042	0	
1259702	8496.09668	3305760560331	0.51294	0.33899	8495.91504	0.18164	11597	1	0.51527	0.30913	1	0.50269	0.27211	1	0.50898	0.29062	1	0.47651	0.53377	12.15437	1.09251	1	0.73741	0.55213	13.18121	1.10119	1	-0.00582	-0.00899	0.68143	0.00370	1	0.06331	-0.01297	0.69722	0.00381	1	1.45898	0.81042	0	
1259703	8496.10352	3305760627251	0.51238	0.33794	8495.91504	0.18848	11597	1	0.49867	0.24996	1	0.49468	0.36720	1	0.49667	0.30858	1	0.47626	0.53314	11.89721	1.10119	1	0.73724	0.55223	13.30430	1.10119	1	-0.00582	-0.00899	0.68143	0.00364	1	0.06331	-0.01297	0.69722	0.00386	1	1.45898	0.81042	0	
1259704	8496.11035	3305760694242	0.51192	0.33744	8495.91504	0.19531	11597	1	0.50335	0.27948	1	0.49420	0.36673	1	0.49877	0.32310	1	0.47635	0.53343	11.87440	1.10119	1	0.73724	0.55232	13.30559	1.10119	1	-0.00582	-0.00899	0.68143	0.00370	1	0.06331	-0.01297	0.69722	0.00385	1	1.45898	0.81042	0	
1259705	8496.11621	3305760761584	0.51150	0.33698	8495.91504	0.20117	11597	1	0.50335	0.27948	1	0.49420	0.36673	1	0.49877	0.32310	1	0.47655	0.53356	11.95403	1.10119	1	0.73707	0.55221	12.91540	1.10119	1	-0.00587	-0.00891	0.67537	0.00371	1	0.06331	-0.01297	0.69722	0.00389	1	1.45898	0.81042	0	
1259706	8496.12305	3305760828136	0.51162	0.33481	8495.91504	0.20801	11597	1	0.53352	0.23035	1	0.49702	0.30441	1	0.51527	0.26738	1	0.47639	0.53302	11.94290	1.10119	1	0.73728	0.55160	13.05285	1.10119	1	-0.00587	-0.00891	0.67537	0.00359	1	0.06331	-0.01297	0.69722	0.00414	1	1.45898	0.81042	0	
1259707	8496.12988	3305760894550	0.51175	0.33130	8495.91504	0.21484	11597	1	0.53556	0.17935	1	0.49628	0.25896	1	0.51592	0.21915	1	0.47640	0.53274	11.97998	1.10119	1	0.73721	0.55113	13.16695	1.10119	1	-0.00587	-0.00891	0.67537	0.00372	1	0.06331	-0.01297	0.69722	0.00429	1	1.45898	0.81042	0	
1259708	8496.13672	3305760960919	0.50969	0.29919	8495.91504	0.21484	11597	0	0.53556	0.17935	1	0.49581	0.26640	1	0.51568	0.22287	1	0.47656	0.53328	12.16056	1.10119	1	0.73686	0.55157	13.53005	1.09251	1	-0.00587	-0.00881	0.67537	0.00362	1	0.06164	-0.01264	0.67937	0.00432	1	1.45898	0.81042	0	
1259709	8496.14355	3305761026532	0.51281	0.31790	8495.91504	0.21484	11597	0	0.56193	0.28890	1	0.46993	0.38432	1	0.51593	0.33661	1	0.47646	0.53337	12.13609	1.09251	1	0.73690	0.55225	14.07088	1.08383	1	-0.00587	-0.00881	0.67537	0.00390	1	0.06164	-0.01264	0.67937	0.00393	1	1.45898	0.81042	0	
1259710	8496.15039	3305761095889	0.51292	0.31910	8495.91504	0.21484	11597	0	0.55632	0.26177	1	0.46996	0.38124	1	0.51314	0.32150	1	0.47638	0.53297	11.90880	1.08383	1	0.73690	0.55201	13.92644	1.07515	1	-0.00587	-0.00881	0.67537	0.00387	1	0.06164	-0.01264	0.67937	0.00387	1	1.45898	0.81042	0	
1259711	8496.15723	3305761162994	0.51294	0.32035	8496.13672	0.02051	11598	1	0.55629	0.26143	1	0.46972	0.38677	1	0.51301	0.32410	1	0.47612	0.53232	12.86615	1.08424	1	0.73623	0.55137	13.27438	1.06790	1	-0.00623	-0.00927	0.71051	0.00414	1	0.05844	-0.01194	0.64470	0.00417	1	1.45898	0.81042	0	
1259712	8496.16309	3305761229782	0.50967	0.31733	8496.13672	0.02637	11598	1	0.53439	0.33442	1	0.45877	0.27612	1	0.49658	0.30527	1	0.47599	0.53315	12.68476	1.07698	1	0.73628	0.55061	12.90035	1.06932	1	-0.00623	-0.00927	0.71051	0.00379	1	0.05844	-0.01194	0.64470	0.00427	1	1.45898	0.81042	0	
1259713	8496.16992	3305761294790	0.50964	0.31744	8496.13672	0.03320	11598	1	0.54402	0.30847	1	0.47495	0.32748	1	0.50949	0.31798	1	0.47612	0.53315	13.20827	1.07841	1	0.73618	0.55118	13.14908	1.07075	1	-0.00623	-0.00927	0.71051	0.00376	1	0.05844	-0.01194	0.64470	0.00410	1	1.45898	0.81042	0	
1259714	8496.17676	3305761363464	0.50966	0.31796	8496.13672	0.04004	11598	1	0.54469	0.31465	1	0.47495	0.32748	1	0.50982	0.32107	1	0.47586	0.53214	12.77299	1.07075	1	0.73641	0.55065	13.20633	1.07075	1	-0.00602	-0.00888	0.68040	0.00419	1	0.06098	-0.01247	0.67318	0.00440	1	1.45898	0.81042	0	
1259715	8496.18359	3305761430831	0.50803	0.30934	8496.13672	0.04688	11598	1	0.50802	0.24434	1	0.48521	0.25374	1	0.49662	0.24904	1	0.47556	0.53236	12.01512	1.06166	1	0.73625	0.55075	13.13549	1.06932	1	-0.00602	-0.00888	0.68040	0.00423	1	0.06098	-0.01247	0.67318	0.00442	1	1.45898	0.81042	0	
1259716	8496.19043	3305761497835	0.50776	0.30340	8496.13672	0.05371	11598	1	0.51966	0.23741	1	0.49154	0.27430	1	0.50560	0.25585	1	0.47578	0.53248	12.32564	1.06024	1	0.73638	0.55098	13.11807	1.06790	1	-0.00602	-0.00888	0.68040	0.00406	1	0.06098	-0.01247	0.67318	0.00420	1	1.45898	0.81042	0	
1259717	8496.19727	3305761564661	0.50755	0.29877	8496.13672	0.06055	11598	1	0.51981	0.23868	1	0.49146	0.27554	1	0.50564	0.25711	1	0.47543	0.53304	12.13573	1.05881	1	0.73662	0.55072	13.01117	1.06647	1	-0.00602	-0.00898	0.68040	0.00404	1	0.06122	-0.01257	0.67591	0.00423	1	1.45898	0.81042	0	
1259718	8496.20410	3305761631643	0.50735	0.29407	8496.13672	0.06738	11598	1	0.50391	0.22742	1	0.50673	0.26679	1	0.50532	0.24710	1	0.47553	0.53234	12.12947	1.06647	1	0.73659	0.55087	13.04594	1.06647	1	-0.00602	-0.00898	0.68040	0.00420	1	0.06122	-0.01257	0.67591	0.00416	1	1.45898	0.81042	0	
1259719	8496.20996	3305761697744	0.50658	0.29329	8496.13672	0.07324	11598	1	0.50149	0.26825	1	0.49479	0.30107	1	0.49814	0.28466	1	0.47542	0.53292	12.06654	1.06647	1	0.73647	0.55125	13.25116	1.06647	1	-0.00602	-0.00898	0.68040	0.00403	1	0.06122	-0.01257	0.67591	0.00402	1	1.45898	0.81042	0	
1259720	8496.21680	3305761765794	0.50595	0.29234	8496.13672	0.08008	11598	1	0.50149	0.26825	1	0.49526	0.29373	1	0.49838	0.28099	1	0.47543	0.53266	11.90094	1.06647	1	0.73632	0.55122	13.55046	1.07515	1	-0.00593	-0.00890	0.67046	0.00401	1	0.06415	-0.01318	0.70880	0.00412	1	1.45898	0.81042	0	
1259721	8496.22363	3305761829740	0.50547	0.29238	8496.13672	0.08691	11598	1	0.51672	0.29379	1	0.48173	0.29199	1	0.49923	0.29289	1	0.47566	0.53312	12.72903	1.07515	1	0.73622	0.55138	13.69538	1.08383	1	-0.00593	-0.00890	0.67046	0.00389	1	0.06415	-0.01318	0.70880	0.00415	1	1.45898	0.81042	0	
1259722	8496.23047	3305761899289	0.50508	0.29179	8496.13672	0.09375	11598	1	0.50439	0.24805	1	0.49471	0.31903	1	0.49955	0.28354	1	0.47557	0.53270	12.07281	1.08383	1	0.73650	0.55166	13.37912	1.09251	1	-0.00593	-0.00890	0.67046	0.00389	1	0.06415	-0.01318	0.70880	0.00411	1	1.45898	0.81042	0	
1259723	8496.23730	3305761966777	0.50470	0.29104	8496.13672	0.10059	11598	1	0.50337	0.24057	1	0.49471	0.31903	1	0.49904	0.27980	1	0.47561	0.53258	12.00450	1.09251	1	0.73604	0.55179	14.02884	1.09251	1	-0.00602	-0.00908	0.68040	0.00387	1	0.06005	-0.01230	0.66408	0.00410	1	1.45898	0.81042	0	
1259724	8496.24414	3305762033266	0.50449	0.29131	8496.13672	0.10742	11598	1	0.52757	0.26674	1	0.47465	0.32437	1	0.50111	0.29556	1	0.47548	0.53276	11.81962	1.09251	1	0.73622	0.55162	13.76324	1.08383	1	-0.00602	-0.00908	0.68040	0.00420	1	0.06005	-0.01230	0.66408	0.00415	1	1.45898	0.81042	0	
1259725	8496.25098	3305762100660	0.50460	0.29236	8496.13672	0.11426	11598	1	0.53409	0.28590	1	0.47907	0.33441	1	0.50658	0.31015	1	0.47560	0.53307	11.57056	1.08383	1	0.73618	0.55158	13.80098	1.07515	1	-0.00602	-0.00908	0.68040	0.00409	1	0.06005	-0.01230	0.66408	0.00418	1	1.45898	0.81042	0	
1259726	8496.25684	3305762167686	0.50473	0.29401	8496.13672	0.12012	11598	1	0.53567	0.29967	1	0.47840	0.34788	1	0.50704	0.32377	1	0.47542	0.53341	12.45570	1.06713	1	0.73565	0.55126	13.31161	1.05845	1	-0.00586	-0.00877	0.65722	0.00410	1	0.06005	-0.01230	0.66408	0.00442	1	1.45898	0.81042	0	
1259727	8496.26367	3305762234777	0.50496	0.29674	8496.13672	0.12695	11598	1	0.54961	0.32686	1	0.46887	0.37020	1	0.50924	0.34853	1	0.47538	0.53344	11.93721	1.05044	1	0.73570	0.55188	13.37747	1.05044	1	-0.00586	-0.00877	0.65722	0.00400	1	0.06005	-0.01230	0.66408	0.00423	1	1.45898	0.81042	0	
1259728	8496.27051	3305762300323	0.50463	0.29966	8496.13672	0.13379	11598	1	0.52925	0.36524	1	0.46709	0.35109	1	0.49817	0.35816	1	0.47494	0.53373	12.83375	1.04242	1	0.73568	0.55150	13.29197	1.04242	1	-0.00586	-0.00877	0.65722	0.00387	1	0.06005	-0.01230	0.66408	0.00436	1	1.45898	0.81042	0	
1259729	8496.27734	3305762367309	0.50434	0.30232	8496.13672	0.14062	11598	1	0.52925	0.36524	1	0.46709	0.35109	1	0.49817	0.35816	1	0.47509	0.53358	12.68437	1.04242	1	0.73557	0.55117	13.17983	1.04242	1	-0.00617	-0.00915	0.68527	0.00391	1	0.06005	-0.01235	0.66408	0.00434	1	1.45898	0.81042	0	
1259730	8496.28418	3305762435691	0.50419	0.30257	8496.13672	0.14746	11598	1	0.54005	0.31066	1	0.46175	0.30540	1	0.50090	0.30803	1	0.47523	0.53332	12.81063	1.05044	1	0.73554	0.55092	13.29497	1.05044	1	-0.00617	-0.00915	0.68527	0.00401	1	0.06005	-0.01235	0.66408	0.00439	1	1.45898	0.81042	0	
1259731	8496.29102	3305762502541	0.50398	0.30255	8496.13672	0.15430	11598	1	0.52661	0.30009	1	0.47177	0.30428	1	0.49919	0.30218	1	0.47509	0.53315	12.49698	1.05845	1	0.73568	0.55106	13.25051	1.05845	1	-0.00617	-0.00915	0.68527	0.00404	1	0.06005	-0.01235	0.66408	0.00424	1	1.45898	0.81042	0	
1259732	8496.29785	3305762570425	0.50377	0.30240	8496.13672	0.16113	11598	1	0.52579	0.29343	1	0.47178	0.30397	1	0.49878	0.29870	1	0.47529	0.53384	12.99721	1.06647	1	0.73554	0.55092	13.29497	1.05881	1	-0.00617	-0.00915	0.68527	0.00378	1	0.05905	-0.01216	0.65352	0.00439	1	1.45898	0.81042	0	
1259733	8496.30469	3305762637539	0.50349	0.30315	8496.13672	0.16797	11598	1	0.54175	0.31721	1	0.45122	0.32688	1	0.49649	0.32204	1	0.47528	0.53377	13.09519	1.05881	1	0.73539	0.55140	14.02042	1.05115	1	-0.00617	-0.00915	0.68527	0.00376	1	0.05905	-0.01216	0.65352	0.00432	1	1.45898	0.81042	0	
1259734	8496.31055	3305762700904	0.50354	0.30295	8496.13672	0.17383	11598	1	0.54477	0.30039	1	0.46462	0.29490	1	0.50469	0.29765	1	0.47536	0.53371	12.87058	1.05115	1	0.73564	0.55107	13.28236	1.04349	1	-0.00617	-0.00915	0.68527	0.00379	1	0.05905	-0.01216	0.65352	0.00433	1	1.45898	0.81042	0	
1259735	8496.31738	3305762766219	0.50359	0.30299	8496.13672	0.18066	11598	1	0.54545	0.30679	1	0.46441	0.30155	1	0.50493	0.30417	1	0.47519	0.53375	12.79560	1.04349	1	0.73560	0.55152	13.33484	1.03583	1	-0.00617	-0.00915	0.68527	0.00380	1	0.05905	-0.01216	0.65352	0.00420	1	1.45898	0.81042	0	
1259736	8496.32422	3305762835396	0.50364	0.30425	8496.13672	0.18750	11598	1	0.54556	0.32956	1	0.46451	0.34935	1	0.50504	0.33946	1	0.47525	0.53371	12.62814	1.03583	1	0.73560	0.55155	13.20437	1.03583	1	-0.00617	-0.00915	0.68527	0.00380	1	0.05905	-0.01216	0.65352	0.00424	1	1.45898	0.81042	0	
1259737	8496.33105	3305762902271	0.50342	0.30582	8496.13672	0.19434	11598	1	0.53514	0.32343	1	0.45903	0.37944	1	0.49709	0.35144	1	0.47518	0.53372	12.76950	1.03583	1	0.73558	0.55179	13.29395	1.03583	1	-0.00617	-0.00915	0.68527	0.00382	1	0.05905	-0.01216	0.65352	0.00402	1	1.45898	0.81042	0	
1259738	8496.33691	3305762968703	0.50323	0.30741	8496.13672	0.20020	11598	1	0.53593	0.33005	1	0.45902	0.37973	1	0.49748	0.35489	1	0.47509	0.53392	12.65492	1.02782	1	0.73524	0.55199	13.79526	1.03547	1	-0.00586	-0.00877	0.65722	0.00379	1	0.06005	-0.01235	0.66408	0.00409	1	1.45898	0.81042	0	
1259739	8496.34375	3305763035449	0.50266	0.30910	8496.13672	0.20703	11598	1	0.52174	0.36308	1	0.44835	0.36027	1	0.48505	0.36167	1	0.47528	0.53417	13.04336	1.02746	1	0.73573	0.55140	13.30738	1.03512	1	-0.00586	-0.00877	0.65722	0.00380	1	0.06005	-0.01235	0.66408	0.00422	1	1.45898	0.81042	0	
1259740	8496.35059	3305763101045	0.50158	0.31147	8496.13672	0.21387	11598	1	0.49728	0.38387	1	0.43665	0.39064	1	0.46696	0.38726	1	0.47527	0.53377	12.66755	1.02710	1	0.73561	0.55194	13.45504	1.03476	1	-0.00586	-0.00877	0.65722	0.00392	1	0.06005	-0.01235	0.66408	0.00410	1	1.45898	0.81042	0	
1259741	8496.35742	3305763167730	0.50055	0.31352	8496.13672	0.22070	11598	1	0.49627	0.37793	1	0.43666	0.38466	1	0.46647	0.38129	1	0.47571	0.53371	12.33318	1.03476	1	0.73603	0.55169	13.99536	1.04242	1	-0.00617	-0.00915	0.68527	0.00390	1	0.06005	-0.01235	0.66408	0.00417	1	1.45898	0.81042	0	
1259742	8496.36426	3305763236249	0.50026	0.31438	8496.13672	0.22754	11598	1	0.52289	0.33845	1	0.45841	0.34842	1	0.49065	0.34343	1	0.47564	0.53403	12.25713	1.05044	1	0.73586	0.55143	13.37343	1.05044	1	-0.00617	-0.00915	0.68527	0.00379	1	0.06005	-0.01235	0.66408	0.00432	1	1.45898	0.81042	0	
1259743	8496.37109	3305763302452	0.49150	0.33933	8496.13672	0.22754	11598	0	0.50899	0.30560	1	0.45968	0.35424	1	0.48433	0.32992	1	0.47561	0.53380	12.21338	1.05845	1	0.73597	0.55174	14.11442	1.05845	1	-0.00617	-0.00915	0.68527	0.00390	1	0.06005	-0.01235	0.66408	0.00415	1	1.45898	0.81042	0	
1259744	8496.37793	3305763373018	0.48773	0.33136	8496.13672	0.22754	11598	0	0.50805	0.29897	1	0.45986	0.34783	1	0.48396	0.32340	1	0.47552	0.53359	12.30080	1.06647	1	0.73618	0.55148	13.76490	1.06647	1	-0.00602	-0.00908	0.68040	0.00395	1	0.06005	-0.01235	0.66408	0.00419	1	1.45898	0.81042	0	
1259745	8496.38477	3305763440498	0.48986	0.33317	8496.13672	0.22754	11598	0	0.52027	0.31699	1	0.46801	0.35660	1	0.49414	0.33679	1	0.47569	0.53375	12.59815	1.06647	1	0.73606	0.55175	14.05944	1.06647	1	-0.00602	-0.00908	0.68040	0.00391	1	0.06005	-0.01235	0.66408	0.00410	1	1.45898	0.81042	0	
1259746	8496.39160	3305763507331	0.48993	0.32985	8496.37109	0.02051	11599	1	0.51621	0.28796	1	0.46404	0.35180	1	0.49012	0.31988	1	0.47567	0.53373	12.38800	1.06647	1	0.73602	0.55171	13.98599	1.06647	1	-0.00602	-0.00908	0.68040	0.00393	1	0.06005	-0.01235	0.66408	0.00406	1	1.45898	0.81042	0	
1259747	8496.39844	3305763574950	0.48997	0.32785	8496.37109	0.02734	11599	1	0.51621	0.28796	1	0.46404	0.35180	1	0.49012	0.31988	1	0.47567	0.53382	12.63731	1.06647	1	0.73594	0.55167	14.14267	1.06647	1	-0.00602	-0.00908	0.68040	0.00390	1	0.06005	-0.01235	0.66408	0.00405	1	1.45898	0.81042	0	
1259748	8496.40430	3305763640837	0.48968	0.32516	8496.37109	0.03320	11599	1	0.51269	0.26462	1	0.46385	0.35879	1	0.48827	0.31171	1	0.47559	0.53371	12.50021	1.06647	1	0.73599	0.55183	14.37419	1.06647	1	-0.00602	-0.00908	0.68040	0.00392	1	0.06005	-0.01235	0.66408	0.00398	1	1.45898	0.81042	0	
1259749	8496.41113	3305763707268	0.49010	0.31828	8496.37109	0.04004	11599	1	0.51201	0.24244	1	0.47313	0.31150	1	0.49257	0.27697	1	0.47574	0.53354	12.35892	1.06647	1	0.73613	0.55138	13.81697	1.06647	1	-0.00602	-0.00908	0.68040	0.00396	1	0.06005	-0.01235	0.66408	0.00412	1	1.45898	0.81042	0	
1259750	8496.41797	3305763773199	0.49041	0.31312	8496.37109	0.04688	11599	1	0.51201	0.24244	1	0.47313	0.31150	1	0.49257	0.27697	1	0.47593	0.53408	13.01161	1.06647	1	0.73660	0.55127	12.91170	1.06647	1	-0.00602	-0.00908	0.68040	0.00389	1	0.06005	-0.01235	0.66408	0.00410	1	1.45898	0.81042	0	
1259751	8496.42480	3305763843111	0.49279	0.31114	8496.37109	0.05371	11599	1	0.52200	0.26734	1	0.50167	0.32328	1	0.51184	0.29531	1	0.47577	0.53375	12.23301	1.06647	1	0.73655	0.55137	13.21988	1.06647	1	-0.00602	-0.00908	0.68040	0.00394	1	0.06005	-0.01235	0.66408	0.00408	1	1.45898	0.81042	0	
1259752	8496.43164	3305763910122	0.49489	0.30923	8496.37109	0.06055	11599	1	0.52751	0.28982	1	0.50007	0.29439	1	0.51379	0.29210	1	0.47584	0.53368	12.20370	1.06647	1	0.73656	0.55128	13.26524	1.06647	1	-0.00602	-0.00908	0.68040	0.00390	1	0.06005	-0.01235	0.66408	0.00412	1	1.45898	0.81042	0	
1259753	8496.43848	3305763976185	0.49661	0.30768	8496.37109	0.06738	11599	1	0.52751	0.28982	1	0.50007	0.29439	1	0.51379	0.29210	1	0.47589	0.53389	12.66499	1.06647	1	0.73662	0.55083	13.19713	1.06647	1	-0.00602	-0.00908	0.68040	0.00381	1	0.06122	-0.01257	0.67591	0.00425	1	1.45898	0.81042	0	
1259754	8496.44434	3305764043127	0.49868	0.30702	8496.37109	0.07324	11599	1	0.52866	0.30275	1	0.51434	0.29680	1	0.52150	0.29977	1	0.47590	0.53380	12.62005	1.06647	1	0.73670	0.55097	13.13451	1.06647	1	-0.00602	-0.00908	0.68040	0.00385	1	0.06122	-0.01257	0.67591	0.00422	1	1.45898	0.81042	0	
1259755	8496.45117	3305764108093	0.49914	0.30530	8496.37109	0.08008	11599	1	0.53314	0.29141	1	0.47629	0.27794	1	0.50472	0.28468	1	0.47594	0.53384	12.62306	1.06647	1	0.73662	0.55083	13.19713	1.06647	1	-0.00602	-0.00908	0.68040	0.00381	1	0.06122	-0.01257	0.67591	0.00425	1	1.45898	0.81042	0	
1259756	8496.45801	3305764177248	0.49954	0.30383	8496.37109	0.08691	11599	1	0.53314	0.29141	1	0.47629	0.27794	1	0.50472	0.28468	1	0.47615	0.53380	12.57399	1.06647	1	0.73668	0.55080	12.90508	1.06647	1	-0.00602	-0.00908	0.68040	0.00390	1	0.06122	-0.01257	0.67591	0.00427	1	1.45898	0.81042	0	
1259757	8496.46484	3305764242761	0.49979	0.30662	8496.37109	0.09375	11599	1	0.54309	0.36475	1	0.46335	0.32664	1	0.50322	0.34569	1	0.47608	0.53403	13.20679	1.06647	1	0.73631	0.55148	13.48836	1.06647	1	-0.00602	-0.00908	0.68040	0.00380	1	0.06122	-0.01257	0.67591	0.00408	1	1.45898	0.81042	0	
1259758	8496.47168	3305764311074	0.50018	0.30824	8496.37109	0.10059	11599	1	0.54304	0.35986	1	0.46906	0.30522	1	0.50605	0.33254	1	0.47601	0.53382	12.48952	1.06647	1	0.73644	0.55107	13.26092	1.06647	1	-0.00602	-0.00908	0.68040	0.00384	1	0.06122	-0.01257	0.67591	0.00423	1	1.45898	0.81042	0	
1259759	8496.47852	3305764376954	0.50052	0.30967	8496.37109	0.10742	11599	1	0.54304	0.35986	1	0.46906	0.30522	1	0.50605	0.33254	1	0.47610	0.53364	12.44205	1.06647	1	0.73657	0.55098	13.18530	1.06647	1	-0.00595	-0.00913	0.68393	0.00387	1	0.06164	-0.01264	0.67937	0.00429	1	1.45898	0.81042	0	
1259760	8496.48535	3305764445014	0.50093	0.30857	8496.37109	0.11426	11599	1	0.54226	0.29688	1	0.47346	0.28303	1	0.50786	0.28995	1	0.47651	0.53346	12.18925	1.06647	1	0.73650	0.55095	13.10637	1.06647	1	-0.00595	-0.00913	0.68393	0.00382	1	0.06164	-0.01264	0.67937	0.00426	1	1.45898	0.81042	0	
1259761	8496.49121	3305764512108	0.50032	0.30814	8496.37109	0.12012	11599	1	0.52311	0.29095	1	0.45546	0.30993	1	0.48929	0.30044	1	0.47618	0.53305	12.60570	1.06647	1	0.73659	0.55125	13.20934	1.06647	1	-0.00595	-0.00913	0.68393	0.00364	1	0.06164	-0.01264	0.67937	0.00438	1	1.45898	0.81042	0	
1259762	8496.49805	3305764576511	0.49977	0.30776	8496.37109	0.12695	11599	1	0.52311	0.29095	1	0.45546	0.30993	1	0.48929	0.30044	1	0.47665	0.53390	12.14901	1.06647	1	0.73658	0.55134	13.31205	1.06647	1	-0.00584	-0.00913	0.68362	0.00386	1	0.06164	-0.01264	0.67937	0.00435	1	1.45898	0.81042	0	
1259763	8496.50488	3305764646125	0.49936	0.30722	8496.37109	0.13379	11599	1	0.51507	0.27671	1	0.46733	0.31626	1	0.49120	0.29648	1	0.47646	0.53298	11.70475	1.06647	1	0.73683	0.55151	13.83975	1.06647	1	-0.00584	-0.00913	0.68362	0.00377	1	0.06164	-0.01264	0.67937	0.00424	1	1.45898	0.81042	0	
1259764	8496.51172	3305764712796	0.49962	0.30675	8496.37109	0.14062	11599	1	0.52600	0.28872	1	0.48406	0.30507	1	0.50503	0.29690	1	0.47659	0.53316	12.31592	1.06647	1	0.73707	0.55123	13.74524	1.06647	1	-0.00584	-0.00913	0.68362	0.00372	1	0.06164	-0.01264	0.67937	0.00431	1	1.45898	0.81042	0	
1259765	8496.51855	3305764779599	0.49985	0.30632	8496.37109	0.14746	11599	1	0.52600	0.28872	1	0.48406	0.30507	1	0.50503	0.29690	1	0.47651	0.53311	12.52683	1.06647	1	0.73700	0.55127	13.90881	1.06647	1	-0.00582	-0.00899	0.68143	0.00385	1	0.06116	-0.01249	0.67413	0.00417	1	1.45898	0.81042	0	
1259766	8496.52539	3305764846934	0.50019	0.30587	8496.37109	0.15430	11599	1	0.52703	0.28805	1	0.48865	0.30281	1	0.50784	0.29543	1	0.47667	0.53305	12.36712	1.06647	1	0.73717	0.55083	13.61963	1.06647	1	-0.00582	-0.00899	0.68143	0.00383	1	0.06116	-0.01249	0.67413	0.00406	1	1.45898	0.81042	0	
1259767	8496.53223	3305764912786	0.50032	0.30530	8496.37109	0.16113	11599	1	0.51808	0.27969	1	0.48886	0.30352	1	0.50347	0.29160	1	0.47648	0.53321	12.09813	1.06647	1	0.73718	0.55058	13.73446	1.06647	1	-0.00582	-0.00899	0.68143	0.00375	1	0.06116	-0.01249	0.67413	0.00421	1	1.45898	0.81042	0	
1259768	8496.53809	3305764977321	0.50044	0.30477	8496.37109	0.16699	11599	1	0.51808	0.27969	1	0.48886	0.30352	1	0.50347	0.29160	1	0.47636	0.53321	12.02559	1.06647	1	0.73722	0.55055	13.13481	1.06647	1	-0.00582	-0.00899	0.68143	0.00382	1	0.06210	-0.01266	0.68331	0.00431	1	1.45898	0.81042	0	
1259769	8496.54590	3305765049280	0.50055	0.30383	8496.37109	0.17480	11599	1	0.50915	0.27690	1	0.49766	0.28168	1	0.50340	0.27929	1	0.47634	0.53278	12.20384	1.06647	1	0.73726	0.55035	13.09300	1.06647	1	-0.00582	-0.00899	0.68143	0.00395	1	0.06210	-0.01266	0.68331	0.00434	1	1.45898	0.81042	0	
1259770	8496.55176	3305765115666	0.50075	0.30476	8496.37109	0.18066	11599	1	0.51658	0.32047	1	0.49595	0.33950	1	0.50627	0.32999	1	0.47638	0.53329	12.04203	1.06647	1	0.73728	0.55032	13.06318	1.06647	1	-0.00582	-0.00899	0.68143	0.00375	1	0.06210	-0.01266	0.68331	0.00445	1	1.45898	0.81042	0	
1259771	8496.55859	3305765181980	0.50093	0.30549	8496.37109	0.18750	11599	1	0.51558	0.31314	1	0.49603	0.33835	1	0.50580	0.32575	1	0.47651	0.53219	11.94342	1.07555	1	0.73712	0.55126	13.41810	1.06790	1	-0.00609	-0.00943	0.71828	0.00410	1	0.06006	-0.01223	0.66033	0.00403	1	1.45898	0.81042	0	
1259772	8496.56543	3305765247148	0.50139	0.30403	8496.37109	0.19434	11599	1	0.53182	0.24295	1	0.49765	0.28055	1	0.51474	0.26175	1	0.47674	0.53275	13.05228	1.07698	1	0.73734	0.55047	13.00730	1.06932	1	-0.00609	-0.00943	0.71828	0.00396	1	0.06006	-0.01223	0.66033	0.00439	1	1.45898	0.81042	0	
1259773	8496.57227	3305765315829	0.50133	0.30455	8496.37109	0.20117	11599	1	0.51850	0.23223	1	0.48048	0.40827	1	0.49949	0.32025	1	0.47655	0.53243	12.14755	1.07841	1	0.73708	0.55152	13.42012	1.07075	1	-0.00609	-0.00943	0.71828	0.00409	1	0.06006	-0.01223	0.66033	0.00405	1	1.45898	0.81042	0	
1259774	8496.57910	3305765382195	0.50128	0.30515	8496.37109	0.20801	11599	1	0.51932	0.23897	1	0.48048	0.40827	1	0.49990	0.32362	1	0.47695	0.53186	11.61464	1.07075	1	0.73725	0.55113	13.37517	1.07075	1	-0.00555	-0.00863	0.66098	0.00422	1	0.06125	-0.01247	0.67290	0.00404	1	1.45898	0.81042	0	
1259775	8496.58496	3305765448441	0.50125	0.30690	8496.37109	0.21387	11599	1	0.55682	0.28236	1	0.44361	0.44384	1	0.50021	0.36310	1	0.47712	0.53305	12.06272	1.06166	1	0.73687	0.55184	13.79468	1.06932	1	-0.00555	-0.00863	0.66098	0.00377	1	0.06125	-0.01247	0.67290	0.00431	1	1.45898	0.81042	0	
1259776	8496.59180	3305765516938	0.50086	0.30560	8496.37109	0.22070	11599	1	0.50554	0.19012	1	0.47029	0.33475	1	0.48792	0.26244	1	0.47674	0.53178	12.39704	1.06024	1	0.73728	0.55055	13.14552	1.06790	1	-0.00555	-0.00863	0.66098	0.00424	1	0.06125	-0.01247	0.67290	0.00443	1	1.45898	0.81042	0	
1259777	8496.59863	3305765582131	0.50049	0.30440	8496.37109	0.22754	11599	1	0.50571	0.19146	1	0.47025	0.33591	1	0.48798	0.26368	1	0.47705	0.53187	11.82481	1.05881	1	0.73753	0.55033	13.63044	1.06647	1	-0.00555	-0.00863	0.66098	0.00433	1	0.06125	-0.01247	0.67290	0.00444	1	1.45898	0.81042	0	
1259778	8496.60547	3305765651464	0.50017	0.30663	8496.37109	0.23438	11599	1	0.53694	0.37210	1	0.44094	0.39719	1	0.48894	0.38464	1	0.47719	0.53304	12.12852	1.06647	1	0.73720	0.55136	13.46045	1.06647	1	-0.00555	-0.00863	0.66098	0.00389	1	0.06125	-0.01247	0.67290	0.00408	1	1.45898	0.81042	0	
1259779	8496.61230	3305765718101	0.50027	0.30882	8496.37109	0.24121	11599	1	0.54811	0.37452	1	0.45975	0.40097	1	0.50393	0.38775	1	0.47722	0.53312	12.31031	1.06647	1	0.73748	0.55137	14.17253	1.06647	1	-0.00555	-0.00863	0.66098	0.00385	1	0.06125	-0.01247	0.67290	0.00401	1	1.45898	0.81042	0	
1259780	8496.61914	3305765784997	0.50037	0.31090	8496.37109	0.24805	11599	1	0.54811	0.37452	1	0.45975	0.40097	1	0.50393	0.38775	1	0.47696	0.53316	12.36939	1.06647	1	0.73729	0.55085	13.01965	1.06647	1	-0.00555	-0.00863	0.66098	0.00380	1	0.06125	-0.01247	0.67290	0.00437	1	1.45898	0.81042	0	
1259781	8496.62500	3305765847706	0.49963	0.31271	8496.37109	0.25391	11599	1	0.50916	0.34333	1	0.43425	0.42009	1	0.47171	0.38171	1	0.47707	0.53314	12.61595	1.06647	1	0.73718	0.55150	13.41080	1.06647	1	-0.00555	-0.00863	0.66098	0.00373	1	0.06125	-0.01247	0.67290	0.00413	1	1.45898	0.81042	0	
1259782	8496.63281	3305765918802	0.49894	0.31223	8496.37109	0.26172	11599	1	0.49920	0.16106	1	0.44455	0.42609	1	0.47187	0.29357	1	0.47702	0.53067	12.52541	1.06647	1	0.73722	0.55160	13.35063	1.06647	1	-0.00555	-0.00863	0.66098	0.00261	1	0.06125	-0.01247	0.67290	0.00410	1	1.45898	0.81042	0	
1259783	8496.63867	3305765985562	0.49826	0.31159	8496.37109	0.26758	11599	1	0.49808	0.15236	1	0.44463	0.41950	1	0.47136	0.28593	1	0.47704	0.53303	11.92039	1.07555	1	0.73741	0.55154	13.82121	1.07555	1	-0.00587	-0.00920	0.70536	0.00396	1	0.06125	-0.01247	0.67290	0.00404	1	1.45898	0.81042	0	
1259784	8496.64551	3305766052288	0.49797	0.31265	8496.37109	0.27441	11599	1	0.51844	0.30305	1	0.45365	0.40934	1	0.48604	0.35619	1	0.47729	0.53301	11.98638	1.08464	1	0.73741	0.55160	13.80800	1.08464	1	-0.00587	-0.00920	0.70536	0.00379	1	0.06125	-0.01247	0.67290	0.00401	1	1.45898	0.81042	0	
1259785	8496.65234	3305766119556	0.49758	0.31346	8496.37109	0.28125	11599	1	0.51575	0.34534	1	0.44612	0.34937	1	0.48093	0.34736	1	0.47720	0.53314	12.32901	1.09373	1	0.73727	0.55088	13.02087	1.09373	1	-0.00587	-0.00920	0.70536	0.00378	1	0.06125	-0.01247	0.67290	0.00456	1	1.45898	0.81042	0	
1259786	8496.65918	3305766186588	0.48631	0.33846	8496.37109	0.28125	11599	0	0.51575	0.34534	1	0.44612	0.34937	1	0.48093	0.34736	1	0.47695	0.53306	12.05350	1.09373	1	0.73758	0.55056	13.66784	1.09373	1	-0.00561	-0.00888	0.68055	0.00380	1	0.06125	-0.01247	0.67290	0.00460	1	1.45898	0.81042	0	
1259787	8496.66602	3305766253173	0.48997	0.32707	8496.37109	0.28125	11599	0	0.52903	0.21385	1	0.45823	0.41751	1	0.49363	0.31568	1	0.47714	0.53200	11.79696	1.08464	1	0.73753	0.55172	14.00766	1.08464	1	-0.00561	-0.00888	0.68055	0.00414	1	0.06125	-0.01247	0.67290	0.00409	1	1.45898	0.81042	0	
1259788	8496.67285	3305766320669	0.48726	0.31522	8496.37109	0.28125	11599	0	0.49588	0.24484	1	0.46783	0.33822	1	0.48185	0.29153	1	0.47697	0.53212	12.09007	1.07555	1	0.73758	0.55055	13.80405	1.07555	1	-0.00561	-0.00888	0.68055	0.00420	1	0.06125	-0.01247	0.67290	0.00457	1	1.45898	0.81042	0	
1259789	8496.67969	3305766387714	0.48591	0.30930	8496.65918	0.02051	11600	1	0.49588	0.24484	1	0.46783	0.33822	1	0.48185	0.29153	1	0.47730	0.53311	12.51672	1.07555	1	0.73765	0.55078	14.06297	1.07555	1	-0.00587	-0.00920	0.70536	0.00376	1	0.06125	-0.01247	0.67290	0.00447	1	1.45898	0.81042	0	
1259790	8496.68555	3305766453296	0.48818	0.31612	8496.65918	0.02637	11600	1	0.53554	0.30807	1	0.45901	0.37876	1	0.49727	0.34342	1	0.47716	0.53301	12.06610	1.08464	1	0.73754	0.55169	13.96933	1.08464	1	-0.00587	-0.00920	0.70536	0.00382	1	0.06125	-0.01247	0.67290	0.00415	1	1.45898	0.81042	0	
1259791	8496.69238	3305766521511	0.48941	0.32236	8496.65918	0.03320	11600	1	0.53716	0.36485	1	0.45397	0.34226	1	0.49556	0.35356	1	0.47722	0.53330	12.60406	1.09373	1	0.73746	0.55136	13.85890	1.09373	1	-0.00587	-0.00920	0.70536	0.00376	1	0.06125	-0.01247	0.67290	0.00438	1	1.45898	0.81042	0	
1259792	8496.69922	3305766588632	0.49034	0.32769	8496.65918	0.04004	11600	1	0.53789	0.37082	1	0.45383	0.34855	1	0.49586	0.35968	1	0.47716	0.53318	12.34047	1.08571	1	0.73764	0.55106	14.00036	1.08571	1	-0.00552	-0.00865	0.66305	0.00379	1	0.06125	-0.01247	0.67290	0.00444	1	1.45898	0.81042	0	
1259793	8496.70605	3305766655018	0.49370	0.32562	8496.65918	0.04688	11600	1	0.54635	0.35820	1	0.48807	0.26402	1	0.51721	0.31111	1	0.47720	0.53289	12.19373	1.06861	1	0.73789	0.55076	13.49212	1.06861	1	-0.00552	-0.00865	0.66305	0.00389	1	0.06125	-0.01247	0.67290	0.00438	1	1.45898	0.81042	0	
1259794	8496.71289	3305766719194	0.49493	0.32735	8496.65918	0.05371	11600	1	0.53702	0.36783	1	0.47258	0.31452	1	0.50480	0.34118	1	0.47711	0.53297	12.03202	1.05150	1	0.73769	0.55127	13.83667	1.05150	1	-0.00552	-0.00865	0.66305	0.00385	1	0.06125	-0.01247	0.67290	0.00430	1	1.45898	0.81042	0	
1259795	8496.71875	3305766785933	0.49592	0.32873	8496.65918	0.05957	11600	1	0.53702	0.36783	1	0.47258	0.31452	1	0.50480	0.34118	1	0.47703	0.53305	11.81338	1.05150	1	0.73761	0.55170	13.96030	1.05150	1	-0.00587	-0.00920	0.70536	0.00388	1	0.06125	-0.01247	0.67290	0.00409	1	1.45898	0.81042	0	
1259796	8496.72559	3305766851519	0.49703	0.33023	8496.65918	0.06641	11600	1	0.52631	0.34958	1	0.48995	0.34083	1	0.50813	0.34521	1	0.47702	0.53300	12.14685	1.06861	1	0.73801	0.55159	13.62927	1.06861	1	-0.00587	-0.00920	0.70536	0.00383	1	0.06125	-0.01247	0.67290	0.00404	1	1.45898	0.81042	0	
1259797	8496.73242	3305766920060	0.49882	0.33189	8496.65918	0.07324	11600	1	0.55222	0.38243	1	0.48493	0.31787	1	0.51857	0.35015	1	0.47740	0.53335	12.58848	1.08571	1	0.73782	0.55140	13.83078	1.08571	1	-0.00587	-0.00920	0.70536	0.00391	1	0.06125	-0.01247	0.67290	0.00399	1	1.45898	0.81042	0	
1259798	8496.73926	3305766989493	0.50033	0.33282	8496.65918	0.08008	11600	1	0.55157	0.37655	1	0.48529	0.31134	1	0.51843	0.34394	1	0.47710	0.53330	12.47048	1.09373	1	0.73740	0.55183	14.34591	1.09373	1	-0.00555	-0.00863	0.66098	0.00380	1	0.06214	-0.01270	0.68266	0.00408	1	1.45898	0.81042	0	
1259799	8496.74609	3305767053901	0.50028	0.33435	8496.65918	0.08691	11600	1	0.53356	0.38538	1	0.46579	0.32303	1	0.49968	0.35421	1	0.47702	0.53332	12.24429	1.08464	1	0.73758	0.55174	13.99653	1.08464	1	-0.00555	-0.00863	0.66098	0.00381	1	0.06214	-0.01270	0.68266	0.00405	1	1.45898	0.81042	0	
1259800	8496.75293	3305767122423	0.50103	0.33322	8496.65918	0.09375	11600	1	0.52736	0.30195	1	0.49560	0.33306	1	0.51148	0.31751	1	0.47707	0.53308	12.17417	1.07555	1	0.73806	0.55158	13.17524	1.07555	1	-0.00555	-0.00863	0.66098	0.00383	1	0.06214	-0.01270	0.68266	0.00410	1	1.45898	0.81042	0	
1259801	8496.75879	3305767187437	0.50170	0.33270	8496.65918	0.09961	11600	1	0.52828	0.30937	1	0.49510	0.34042	1	0.51169	0.32489	1	0.47717	0.53319	12.53905	1.06647	1	0.73796	0.55167	13.39907	1.06647	1	-0.00555	-0.00863	0.66098	0.00379	1	0.06125	-0.01257	0.67290	0.00408	1	1.45898	0.81042	0	
1259802	8496.76562	3305767254456	0.50250	0.33159	8496.65918	0.10645	11600	1	0.54452	0.32474	1	0.48618	0.30273	1	0.51535	0.31374	1	0.47722	0.53311	12.28805	1.06647	1	0.73789	0.55129	13.73219	1.06647	1	-0.00555	-0.00863	0.66098	0.00380	1	0.06125	-0.01257	0.67290	0.00409	1	1.45898	0.81042	0	
1259803	8496.77246	3305767322538	0.50244	0.32656	8496.65918	0.11328	11600	1	0.50621	0.13339	1	0.49678	0.34900	1	0.50149	0.24120	1	0.47679	0.53083	12.45135	1.06647	1	0.73807	0.55157	13.13905	1.06647	1	-0.00555	-0.00863	0.66098	0.00255	1	0.06125	-0.01257	0.67290	0.00402	1	1.45898	0.81042	0	
1259804	8496.77930	3305767390302	0.50239	0.32207	8496.65918	0.12012	11600	1	0.50621	0.13339	1	0.49678	0.34900	1	0.50149	0.24120	1	0.47697	0.53203	11.90009	1.06647	1	0.73780	0.55178	13.35105	1.06647	1	-0.00561	-0.00888	0.68055	0.00424	1	0.06214	-0.01280	0.68266	0.00404	1	1.45898	0.81042	0	
1259805	8496.78613	3305767459309	0.50269	0.32080	8496.65918	0.12695	11600	1	0.52588	0.23900	1	0.49077	0.35430	1	0.50833	0.29665	1	0.47705	0.53246	12.00791	1.06647	1	0.73798	0.55165	13.17980	1.06647	1	-0.00561	-0.00888	0.68055	0.00414	1	0.06214	-0.01280	0.68266	0.00389	1	1.45898	0.81042	0	
1259806	8496.79297	3305767525703	0.50244	0.32184	8496.65918	0.13379	11600	1	0.52942	0.27442	1	0.46536	0.41096	1	0.49739	0.34269	1	0.47710	0.53292	11.94455	1.06647	1	0.73759	0.55230	14.01271	1.06647	1	-0.00561	-0.00888	0.68055	0.00400	1	0.06214	-0.01280	0.68266	0.00389	1	1.45898	0.81042	0	
1259807	8496.79980	3305767593225	0.50219	0.32246	8496.65918	0.14062	11600	1	0.52851	0.26671	1	0.46561	0.40423	1	0.49706	0.33547	1	0.47726	0.53270	12.20677	1.07555	1	0.73794	0.55225	13.90969	1.07555	1	-0.00584	-0.00926	0.70123	0.00395	1	0.06125	-0.01267	0.67290	0.00387	1	1.45898	0.81042	0	
1259808	8496.80664	3305767659304	0.50290	0.31895	8496.65918	0.14746	11600	1	0.52738	0.19140	1	0.50960	0.29209	1	0.51849	0.24174	1	0.47710	0.53225	12.05811	1.08464	1	0.73828	0.55166	13.06571	1.08464	1	-0.00584	-0.00926	0.70123	0.00381	1	0.06125	-0.01267	0.67290	0.00430	1	1.45898	0.81042	0	
1259809	8496.81348	3305767725767	0.50288	0.31613	8496.65918	0.15430	11600	1	0.51864	0.19031	1	0.48625	0.31211	1	0.50244	0.25121	1	0.47707	0.53220	12.10256	1.09373	1	0.73791	0.55246	13.91958	1.09373	1	-0.00584	-0.00926	0.70123	0.00377	1	0.06125	-0.01267	0.67290	0.00395	1	1.45898	0.81042	0	
1259810	8496.82031	3305767794885	0.50287	0.31353	8496.65918	0.16113	11600	1	0.51864	0.19031	1	0.48625	0.31211	1	0.50244	0.25121	1	0.47714	0.53248	12.01238	1.09373	1	0.73764	0.55251	13.99758	1.09373	1	-0.00555	-0.00872	0.66098	0.00383	1	0.06125	-0.01267	0.67290	0.00407	1	1.45898	0.81042	0	
1259811	8496.82617	3305767861348	0.50709	0.28663	8496.65918	0.16113	11600	0	0.55089	0.22900	1	0.48384	0.33504	1	0.51737	0.28202	1	0.47712	0.53273	12.17036	1.08464	1	0.73785	0.55275	13.73886	1.08464	1	-0.00555	-0.00872	0.66098	0.00392	1	0.06125	-0.01267	0.67290	0.00406	1	1.45898	0.81042	0	
1259812	8496.83301	3305767928136	0.51350	0.30014	8496.65918	0.16113	11600	0	0.55226	0.30920	1	0.48758	0.31812	1	0.51992	0.31366	1	0.47710	0.53350	12.35340	1.07555	1	0.73793	0.55234	13.57888	1.07555	1	-0.00555	-0.00872	0.66098	0.00392	1	0.06125	-0.01267	0.67290	0.00436	1	1.45898	0.81042	0	
1259813	8496.83984	3305767994482	0.51569	0.30712	8496.65918	0.16113	11600	0	0.55299	0.31654	1	0.48714	0.32559	1	0.52007	0.32107	1	0.47688	0.53351	12.75652	1.06647	1	0.73749	0.55232	13.05439	1.06647	1	-0.00584	-0.00913	0.68362	0.00360	1	0.06155	-0.01278	0.67617	0.00432	1	1.45898	0.81042	0	
1259814	8496.84668	3305768062651	0.51458	0.31692	8496.82617	0.02051	11601	1	0.56058	0.33580	1	0.46194	0.35688	1	0.51126	0.34634	1	0.47712	0.53378	12.37388	1.06647	1	0.73757	0.55276	14.08069	1.06647	1	-0.00584	-0.00913	0.68362	0.00392	1	0.06155	-0.01278	0.67617	0.00412	1	1.45898	0.81042	0	
1259815	8496.85352	3305768128948	0.51759	0.32361	8496.82617	0.02734	11601	1	0.57485	0.36871	1	0.48442	0.33204	1	0.52963	0.35038	1	0.47741	0.53410	12.67284	1.06647	1	0.73742	0.55254	13.35384	1.06647	1	-0.00584	-0.00913	0.68362	0.00380	1	0.06155	-0.01278	0.67617	0.00410	1	1.45898	0.81042	0	
1259816	8496.86035	3305768196099	0.51957	0.32859	8496.82617	0.03418	11601	1	0.57485	0.36871	1	0.48407	0.33829	1	0.52946	0.35350	1	0.47641	0.53374	11.86166	1.06647	1	0.73718	0.55289	13.38760	1.05881	1	-0.00584	-0.00913	0.68362	0.00393	1	0.06022	-0.01261	0.66206	0.00402	1	1.45898	0.81042	0	
1259817	8496.86621	3305768262127	0.51596	0.33359	8496.82617	0.04004	11601	1	0.52677	0.34209	1	0.46186	0.38504	1	0.49431	0.36356	1	0.47667	0.53408	12.95332	1.05881	1	0.73715	0.55298	13.47064	1.05115	1	-0.00584	-0.00913	0.68362	0.00379	1	0.06022	-0.01261	0.66206	0.00400	1	1.45898	0.81042	0	
1259818	8496.87305	3305768328991	0.51322	0.33928	8496.82617	0.04688	11601	1	0.52646	0.36727	1	0.46167	0.39098	1	0.49406	0.37913	1	0.47653	0.53416	12.91173	1.05115	1	0.73715	0.55298	13.47064	1.04349	1	-0.00584	-0.00913	0.68362	0.00382	1	0.06022	-0.01261	0.66206	0.00400	1	1.45898	0.81042	0	
1259819	8496.87988	3305768396881	0.51113	0.34437	8496.82617	0.05371	11601	1	0.52725	0.37319	1	0.46147	0.39692	1	0.49436	0.38506	1	0.47643	0.53334	12.65202	1.04349	1	0.73755	0.55254	13.37441	1.03583	1	-0.00584	-0.00913	0.68362	0.00424	1	0.06060	-0.01264	0.66626	0.00403	1	1.45898	0.81042	0	
1259820	8496.88672	3305768464363	0.51175	0.34184	8496.82617	0.06055	11601	1	0.53138	0.31743	1	0.50328	0.32081	1	0.51733	0.31912	1	0.47670	0.53426	12.89851	1.03583	1	0.73747	0.55218	13.22796	1.03583	1	-0.00584	-0.00913	0.68362	0.00375	1	0.06060	-0.01264	0.66626	0.00397	1	1.45898	0.81042	0	
1259821	8496.89355	3305768530943	0.51262	0.33932	8496.82617	0.06738	11601	1	0.53996	0.31157	1	0.50262	0.31669	1	0.52129	0.31413	1	0.47675	0.53408	13.06803	1.03583	1	0.73747	0.55218	13.22796	1.03583	1	-0.00584	-0.00913	0.68362	0.00392	1	0.06060	-0.01264	0.66626	0.00397	1	1.45898	0.81042	0	
1259822	8496.90039	3305768598094	0.51334	0.33722	8496.82617	0.07422	11601	1	0.53996	0.31157	1	0.50262	0.31669	1	0.52129	0.31413	1	0.47666	0.53409	12.69723	1.03583	1	0.73729	0.55259	13.13579	1.03583	1	-0.00584	-0.00918	0.68362	0.00393	1	0.06021	-0.01268	0.66304	0.00386	1	1.45898	0.81042	0	
1259823	8496.90723	3305768663065	0.51273	0.33676	8496.82617	0.08105	11601	1	0.52075	0.28340	1	0.49005	0.37908	1	0.50540	0.33124	1	0.47643	0.53365	12.09981	1.03583	1	0.73722	0.55291	13.21625	1.03583	1	-0.00584	-0.00918	0.68362	0.00400	1	0.06021	-0.01268	0.66304	0.00384	1	1.45898	0.81042	0	
1259824	8496.91406	3305768731286	0.51236	0.33691	8496.82617	0.08789	11601	1	0.52579	0.29568	1	0.48937	0.38190	1	0.50758	0.33879	1	0.47652	0.53397	12.46508	1.03583	1	0.73720	0.55285	13.16633	1.03583	1	-0.00584	-0.00918	0.68362	0.00393	1	0.06021	-0.01268	0.66304	0.00387	1	1.45898	0.81042	0	
1259825	8496.91992	3305768798922	0.51206	0.33683	8496.82617	0.09375	11601	1	0.52579	0.29568	1	0.48976	0.37583	1	0.50777	0.33576	1	0.47642	0.53389	12.02558	1.03583	1	0.73734	0.55297	12.94431	1.04349	1	-0.00584	-0.00923	0.68362	0.00387	1	0.06116	-0.01289	0.67413	0.00381	1	1.45898	0.81042	0	
1259826	8496.92676	3305768865763	0.51133	0.33811	8496.82617	0.10059	11601	1	0.51617	0.32415	1	0.48463	0.39046	1	0.50040	0.35731	1	0.47645	0.53428	12.95907	1.04349	1	0.73720	0.55294	13.14578	1.05115	1	-0.00584	-0.00923	0.68362	0.00377	1	0.06116	-0.01289	0.67413	0.00385	1	1.45898	0.81042	0	
1259827	8496.93359	3305768932981	0.51023	0.33608	8496.82617	0.10742	11601	1	0.50860	0.26427	1	0.47680	0.34294	1	0.49270	0.30360	1	0.47636	0.53357	11.98287	1.05115	1	0.73701	0.55315	13.66360	1.05881	1	-0.00584	-0.00923	0.68362	0.00397	1	0.06116	-0.01289	0.67413	0.00381	1	1.45898	0.81042	0	
1259828	8496.94043	3305768999876	0.50925	0.33372	8496.82617	0.11426	11601	1	0.50770	0.25759	1	0.47743	0.32968	1	0.49257	0.29364	1	0.47626	0.53320	11.86416	1.05881	1	0.73716	0.55315	13.29139	1.07515	1	-0.00584	-0.00923	0.68362	0.00413	1	0.06435	-0.01355	0.70864	0.00377	1	1.45898	0.81042	0	
1259829	8496.94727	3305769066827	0.50939	0.33260	8496.82617	0.12109	11601	1	0.53456	0.30725	1	0.48909	0.31747	1	0.51183	0.31236	1	0.47678	0.53440	12.75762	1.07515	1	0.73714	0.55243	13.57495	1.08383	1	-0.00584	-0.00923	0.68362	0.00372	1	0.06435	-0.01355	0.70864	0.00428	1	1.45898	0.81042	0	
1259830	8496.95410	3305769133940	0.50870	0.33008	8496.82617	0.12793	11601	1	0.51374	0.24645	1	0.47764	0.31786	1	0.49569	0.28215	1	0.47650	0.53413	12.18512	1.08383	1	0.73696	0.55255	13.53896	1.09251	1	-0.00584	-0.00923	0.68362	0.00377	1	0.06435	-0.01355	0.70864	0.00428	1	1.45898	0.81042	0	
1259831	8496.96094	3305769201022	0.50805	0.32776	8496.82617	0.13477	11601	1	0.51279	0.23897	1	0.47735	0.32405	1	0.49507	0.28151	1	0.47644	0.53408	12.08898	1.09251	1	0.73738	0.55268	13.06402	1.08485	1	-0.00584	-0.00928	0.68362	0.00377	1	0.06021	-0.01268	0.66304	0.00426	1	1.45898	0.81042	0	
1259832	8496.96777	3305769268121	0.50816	0.32486	8496.82617	0.14160	11601	1	0.51403	0.28593	1	0.50681	0.24169	1	0.51042	0.26381	1	0.47642	0.53409	11.92619	1.08485	1	0.73740	0.55258	13.08014	1.06851	1	-0.00584	-0.00928	0.68362	0.00377	1	0.06021	-0.01268	0.66304	0.00428	1	1.45898	0.81042	0	
1259833	8496.97363	3305769334677	0.50835	0.32308	8496.82617	0.14746	11601	1	0.52102	0.29387	1	0.50413	0.27428	1	0.51257	0.28407	1	0.47656	0.53418	12.05927	1.06851	1	0.73737	0.55283	13.09041	1.05217	1	-0.00584	-0.00928	0.68362	0.00374	1	0.06021	-0.01268	0.66304	0.00416	1	1.45898	0.81042	0	
1259834	8496.98047	3305769401322	0.50856	0.32174	8496.82617	0.15430	11601	1	0.52277	0.30742	1	0.50413	0.27428	1	0.51345	0.29085	1	0.47654	0.53437	12.27250	1.05217	1	0.73738	0.55283	13.04594	1.05217	1	-0.00584	-0.00933	0.68362	0.00375	1	0.06435	-0.01355	0.70864	0.00416	1	1.45898	0.81042	0	
1259835	8496.98730	3305769468894	0.50857	0.32144	8496.82617	0.16113	11601	1	0.52281	0.33984	1	0.49469	0.28849	1	0.50875	0.31417	1	0.47650	0.53449	12.29724	1.05217	1	0.73730	0.55293	13.06060	1.06851	1	-0.00584	-0.00933	0.68362	0.00379	1	0.06435	-0.01355	0.70864	0.00430	1	1.45898	0.81042	0	
1259836	8496.99414	3305769535790	0.50833	0.32007	8496.82617	0.16797	11601	1	0.50576	0.28065	1	0.49884	0.29087	1	0.50230	0.28576	1	0.47629	0.53410	11.97564	1.06851	1	0.73728	0.55322	13.33290	1.08485	1	-0.00584	-0.00933	0.68362	0.00376	1	0.06435	-0.01355	0.70864	0.00414	1	1.45898	0.81042	0	
1259837	8497.00098	3305769602736	0.50807	0.31854	8496.82617	0.17480	11601	1	0.50382	0.26687	1	0.49884	0.29087	1	0.50133	0.27887	1	0.47676	0.53435	12.90520	1.08485	1	0.73701	0.55349	13.56097	1.08485	1	-0.00584	-0.00933	0.68362	0.00367	1	0.06022	-0.01271	0.66206	0.00409	1	1.45898	0.81042	0	
1259838	8497.00781	3305769669980	0.50383	0.29337	8496.82617	0.17480	11601	0	0.54807	0.31877	1	0.47040	0.34044	1	0.50924	0.32961	1	0.47691	0.53465	12.90692	1.08485	1	0.73724	0.55358	13.21752	1.06851	1	-0.00584	-0.00933	0.68362	0.00387	1	0.06022	-0.01271	0.66206	0.00412	1	1.45898	0.81042	0	
1259839	8497.01367	3305769736291	0.50527	0.31688	8496.82617	0.17480	11601	0	0.53590	0.33495	1	0.47752	0.34585	1	0.50671	0.34040	1	0.47667	0.53473	12.63202	1.06851	1	0.73733	0.55351	13.03793	1.05217	1	-0.00584	-0.00933	0.68362	0.00385	1	0.06022	-0.01271	0.66206	0.00414	1	1.45898	0.81042	0	
1259840	8497.02051	3305769803456	0.50595	0.32805	8496.82617	0.17480	11601	0	0.53745	0.34786	1	0.47717	0.35291	1	0.50731	0.35038	1	0.47692	0.53474	12.74480	1.05217	1	0.73731	0.55382	13.45360	1.04349	1	-0.00566	-0.00921	0.67443	0.00389	1	0.06155	-0.01298	0.67617	0.00410	1	1.45898	0.81042	0	
1259841	8497.02734	3305769870139	0.50481	0.33560	8497.00781	0.01953	11602	1	0.53259	0.34783	1	0.47019	0.36865	1	0.50139	0.35824	1	0.47666	0.53473	12.57471	1.04349	1	0.73731	0.55382	13.45360	1.05115	1	-0.00566	-0.00921	0.67443	0.00385	1	0.06155	-0.01298	0.67617	0.00410	1	1.45898	0.81042	0	
1259842	8497.03418	3305769937538	0.50341	0.34132	8497.00781	0.02637	11602	1	0.53248	0.36254	1	0.46319	0.36593	1	0.49783	0.36423	1	0.47713	0.53494	12.50760	1.05115	1	0.73721	0.55390	13.36360	1.05881	1	-0.00566	-0.00921	0.67443	0.00387	1	0.06155	-0.01298	0.67617	0.00408	1	1.45898	0.81042	0	
1259843	8497.04102	3305770005126	0.50244	0.34414	8497.00781	0.03320	11602	1	0.53172	0.35659	1	0.46339	0.35989	1	0.49756	0.35824	1	0.47715	0.53487	11.76688	1.05881	1	0.73711	0.55396	13.37013	1.06647	1	-0.00565	-0.00935	0.68473	0.00388	1	0.06125	-0.01307	0.67290	0.00407	1	1.45898	0.81042	0	
1259844	8497.04785	3305770070802	0.49902	0.34273	8497.00781	0.04004	11602	1	0.52138	0.30754	1	0.43561	0.36090	1	0.47849	0.33422	1	0.47730	0.53465	11.97408	1.06647	1	0.73714	0.55384	13.35565	1.06647	1	-0.00565	-0.00935	0.68473	0.00386	1	0.06125	-0.01307	0.67290	0.00405	1	1.45898	0.81042	0	
1259845	8497.05469	3305770139038	0.49621	0.34028	8497.00781	0.04688	11602	1	0.49991	0.26346	1	0.45319	0.38290	1	0.47655	0.32318	1	0.47705	0.53505	12.32219	1.06647	1	0.73738	0.55401	14.08430	1.06647	1	-0.00565	-0.00935	0.68473	0.00380	1	0.06125	-0.01307	0.67290	0.00400	1	1.45898	0.81042	0	
1259846	8497.06055	3305770205385	0.49402	0.33838	8497.00781	0.05273	11602	1	0.49991	0.26346	1	0.45319	0.38290	1	0.47655	0.32318	1	0.47724	0.53519	13.06679	1.06647	1	0.73756	0.55378	13.76953	1.06647	1	-0.00565	-0.00935	0.68473	0.00377	1	0.06125	-0.01307	0.67290	0.00436	1	1.45898	0.81042	0	
1259847	8497.06738	3305770272078	0.49569	0.33680	8497.00781	0.05957	11602	1	0.53669	0.30427	1	0.48459	0.34078	1	0.51064	0.32252	1	0.47758	0.53514	13.27011	1.06647	1	0.73790	0.55413	13.89841	1.06647	1	-0.00565	-0.00935	0.68473	0.00374	1	0.06125	-0.01307	0.67290	0.00391	1	1.45898	0.81042	0	
1259848	8497.07422	3305770339494	0.49751	0.33225	8497.00781	0.06641	11602	1	0.54425	0.31486	1	0.48714	0.25862	1	0.51570	0.28674	1	0.47763	0.53529	13.43793	1.06647	1	0.73794	0.55316	13.53425	1.06647	1	-0.00565	-0.00935	0.68473	0.00388	1	0.06125	-0.01307	0.67290	0.00429	1	1.45898	0.81042	0	
1259849	8497.08105	3305770404425	0.49901	0.32874	8497.00781	0.07324	11602	1	0.54425	0.31486	1	0.48677	0.26540	1	0.51551	0.29013	1	0.47760	0.53513	13.37202	1.06647	1	0.73806	0.55362	13.14531	1.05881	1	-0.00565	-0.00935	0.68473	0.00378	1	0.05970	-0.01276	0.65420	0.00421	1	1.45898	0.81042	0	
1259850	8497.08789	3305770474440	0.49919	0.32610	8497.00781	0.08008	11602	1	0.52300	0.26877	1	0.47979	0.32025	1	0.50139	0.29451	1	0.47737	0.53477	12.74092	1.05881	1	0.73774	0.55416	13.70435	1.05115	1	-0.00565	-0.00935	0.68473	0.00376	1	0.05970	-0.01276	0.65420	0.00440	1	1.45898	0.81042	0	
1259851	8497.09473	3305770540649	0.49876	0.32475	8497.00781	0.08691	11602	1	0.53130	0.28383	1	0.45517	0.33062	1	0.49323	0.30723	1	0.47750	0.53493	12.49904	1.05115	1	0.73774	0.55416	13.70435	1.04349	1	-0.00565	-0.00935	0.68473	0.00373	1	0.05970	-0.01276	0.65420	0.00441	1	1.45898	0.81042	0	
1259852	8497.10156	3305770606501	0.49842	0.32380	8497.00781	0.09375	11602	1	0.53207	0.29036	1	0.45517	0.33062	1	0.49362	0.31049	1	0.47795	0.53387	12.03795	1.04349	1	0.73805	0.55479	13.30755	1.04349	1	-0.00552	-0.00930	0.68150	0.00426	1	0.06221	-0.01328	0.68121	0.00423	1	1.45898	0.81042	0	
1259853	8497.10840	3305770674948	0.49848	0.32433	8497.00781	0.10059	11602	1	0.53744	0.33016	1	0.46126	0.33425	1	0.49935	0.33220	1	0.47832	0.53539	13.13146	1.04349	1	0.73831	0.55449	13.87698	1.05115	1	-0.00552	-0.00930	0.68150	0.00377	1	0.06221	-0.01328	0.68121	0.00421	1	1.45898	0.81042	0	
1259854	8497.11426	3305770737086	0.49821	0.32503	8497.00781	0.10645	11602	1	0.52891	0.32965	1	0.45905	0.34283	1	0.49398	0.33624	1	0.47824	0.53536	12.84092	1.05115	1	0.73827	0.55474	13.84570	1.05881	1	-0.00552	-0.00930	0.68150	0.00377	1	0.06221	-0.01328	0.68121	0.00412	1	1.45898	0.81042	0	
1259855	8497.12109	3305770804630	0.49796	0.32531	8497.00781	0.11328	11602	1	0.52813	0.32346	1	0.45922	0.33663	1	0.49368	0.33004	1	0.47794	0.53517	13.00073	1.05881	1	0.73832	0.55480	14.25150	1.06647	1	-0.00546	-0.00944	0.68757	0.00385	1	0.06221	-0.01328	0.68121	0.00406	1	1.45898	0.81042	0	
1259856	8497.12793	3305770872128	0.49769	0.32554	8497.00781	0.12012	11602	1	0.52109	0.30566	1	0.46456	0.35371	1	0.49283	0.32968	1	0.47816	0.53546	12.71413	1.06647	1	0.73836	0.55471	14.06524	1.06647	1	-0.00546	-0.00944	0.68757	0.00379	1	0.06221	-0.01328	0.68121	0.00406	1	1.45898	0.81042	0	
1259857	8497.13477	3305770939881	0.49732	0.32384	8497.00781	0.12695	11602	1	0.49997	0.24356	1	0.48055	0.33971	1	0.49026	0.29163	1	0.47780	0.53466	11.86623	1.06647	1	0.73859	0.55446	13.92033	1.06647	1	-0.00546	-0.00944	0.68757	0.00407	1	0.06221	-0.01328	0.68121	0.00399	1	1.45898	0.81042	0	
1259858	8497.14062	3305771006053	0.49697	0.32194	8497.00781	0.13281	11602	1	0.49885	0.23557	1	0.48093	0.33236	1	0.48989	0.28396	1	0.47820	0.53530	13.42029	1.07555	1	0.73896	0.55451	13.13455	1.07555	1	-0.00554	-0.00960	0.70303	0.00369	1	0.06261	-0.01343	0.68326	0.00397	1	1.45898	0.81042	0	
1259859	8497.14746	3305771073455	0.49726	0.31935	8497.00781	0.13965	11602	1	0.52940	0.19843	1	0.47738	0.33122	1	0.50339	0.26482	1	0.47837	0.53414	12.98163	1.08464	1	0.73892	0.55470	13.36884	1.08464	1	-0.00554	-0.00960	0.70303	0.00411	1	0.06261	-0.01343	0.68326	0.00398	1	1.45898	0.81042	0	
1259860	8497.15430	3305771141451	0.49635	0.31850	8497.00781	0.14648	11602	1	0.47475	0.27210	1	0.47814	0.32738	1	0.47645	0.29974	1	0.47819	0.53514	12.86163	1.09373	1	0.73891	0.55468	13.19330	1.09373	1	-0.00554	-0.00960	0.70303	0.00376	1	0.06261	-0.01343	0.68326	0.00400	1	1.45898	0.81042	0	
1259861	8497.16113	3305771208401	0.49552	0.31771	8497.00781	0.15332	11602	1	0.47475	0.27210	1	0.47814	0.32738	1	0.47645	0.29974	1	0.47900	0.53500	12.50046	1.09373	1	0.73921	0.55466	13.71314	1.09373	1	-0.00515	-0.00924	0.67320	0.00385	1	0.06145	-0.01323	0.67062	0.00399	1	1.45898	0.81042	0	
1259862	8497.16797	3305771272336	0.49531	0.31829	8497.00781	0.16016	11602	1	0.52103	0.28496	1	0.45921	0.37909	1	0.49012	0.33203	1	0.47886	0.53513	12.65996	1.08464	1	0.73906	0.55514	14.12586	1.08464	1	-0.00515	-0.00924	0.67320	0.00380	1	0.06145	-0.01323	0.67062	0.00411	1	1.45898	0.81042	0	
1259863	8497.17480	3305771341199	0.49513	0.31918	8497.00781	0.16699	11602	1	0.52658	0.29527	1	0.45501	0.38767	1	0.49080	0.34147	1	0.47885	0.53524	12.66771	1.07555	1	0.73905	0.55522	14.18283	1.07555	1	-0.00515	-0.00924	0.67320	0.00379	1	0.06145	-0.01323	0.67062	0.00407	1	1.45898	0.81042	0	
1259864	8497.18164	3305771408293	0.49499	0.32038	8497.00781	0.17383	11602	1	0.52750	0.30275	1	0.45470	0.40032	1	0.49110	0.35153	1	0.47880	0.53519	12.45924	1.06647	1	0.73899	0.55539	14.51423	1.05881	1	-0.00528	-0.00942	0.68986	0.00380	1	0.05994	-0.01289	0.65368	0.00400	1	1.45898	0.81042	0	
1259865	8497.18848	3305771478871	0.49506	0.32167	8497.00781	0.18066	11602	1	0.50770	0.28985	1	0.48647	0.42305	1	0.49709	0.35645	1	0.47865	0.53514	12.48246	1.05881	1	0.73949	0.55532	14.08469	1.05115	1	-0.00528	-0.00942	0.68986	0.00386	1	0.05994	-0.01289	0.65368	0.00391	1	1.45898	0.81042	0	
1259866	8497.19531	3305771544724	0.49527	0.31853	8497.00781	0.18750	11602	1	0.51269	0.22287	1	0.48979	0.23855	1	0.50124	0.23071	1	0.47879	0.53417	12.40802	1.05115	1	0.73949	0.55423	13.60492	1.04349	1	-0.00528	-0.00942	0.68986	0.00405	1	0.05994	-0.01289	0.65368	0.00431	1	1.45898	0.81042	0	
1259867	8497.20117	3305771609123	0.49547	0.31556	8497.00781	0.19336	11602	1	0.51253	0.22157	1	0.48987	0.23723	1	0.50120	0.22940	1	0.47949	0.53535	12.66593	1.05258	1	0.73985	0.55431	13.10272	1.04492	1	-0.00536	-0.00966	0.70746	0.00377	1	0.05999	-0.01293	0.65312	0.00437	1	1.45898	0.81042	0	
1259868	8497.20801	3305771679004	0.49587	0.31586	8497.00781	0.20020	11602	1	0.53607	0.33007	1	0.47957	0.31982	1	0.50782	0.32494	1	0.47904	0.53537	13.36095	1.05400	1	0.73976	0.55489	13.26044	1.05400	1	-0.00536	-0.00966	0.70746	0.00382	1	0.05999	-0.01293	0.65312	0.00421	1	1.45898	0.81042	0	
1259869	8497.21484	3305771746624	0.49498	0.31456	8497.00781	0.20703	11602	1	0.48060	0.19915	1	0.45400	0.34911	1	0.46730	0.27413	1	0.47909	0.53402	12.91406	1.06309	1	0.73936	0.55554	13.90413	1.06309	1	-0.00536	-0.00966	0.70746	0.00423	1	0.05999	-0.01293	0.65312	0.00422	1	1.45898	0.81042	0	
1259870	8497.22168	3305771813054	0.49414	0.31324	8497.00781	0.21387	11602	1	0.48060	0.19915	1	0.45414	0.34298	1	0.46737	0.27106	1	0.47987	0.53541	13.08205	1.06309	1	0.73970	0.55525	13.27989	1.07075	1	-0.00498	-0.00926	0.67813	0.00374	1	0.06277	-0.01352	0.68285	0.00430	1	1.45898	0.81042	0	
1259871	8497.22852	3305771880353	0.49382	0.31255	8497.00781	0.22070	11602	1	0.51418	0.27197	1	0.45244	0.30799	1	0.48331	0.28998	1	0.47955	0.53469	12.59093	1.06166	1	0.73971	0.55524	13.20954	1.06932	1	-0.00498	-0.00926	0.67813	0.00401	1	0.06277	-0.01352	0.68285	0.00433	1	1.45898	0.81042	0	
1259872	8497.23535	3305771947475	0.49347	0.31172	8497.00781	0.22754	11602	1	0.51561	0.24289	1	0.44737	0.32360	1	0.48149	0.28324	1	0.47957	0.53451	12.38955	1.06024	1	0.73963	0.55534	13.21460	1.06790	1	-0.00498	-0.00926	0.67813	0.00409	1	0.06277	-0.01352	0.68285	0.00432	1	1.45898	0.81042	0	
1259873	8497.24219	3305772014020	0.49314	0.31096	8497.00781	0.23438	11602	1	0.51577	0.24415	1	0.44735	0.32477	1	0.48156	0.28446	1	0.48000	0.53511	12.89464	1.05881	1	0.73997	0.55551	14.05191	1.06647	1	-0.00498	-0.00926	0.67813	0.00395	1	0.06277	-0.01352	0.68285	0.00423	1	1.45898	0.81042	0	
1259874	8497.24902	3305772081002	0.49326	0.31083	8497.00781	0.24121	11602	1	0.52393	0.28924	1	0.47163	0.32320	1	0.49778	0.30622	1	0.47978	0.53504	12.88810	1.06647	1	0.73998	0.55550	14.17486	1.06647	1	-0.00498	-0.00926	0.67813	0.00384	1	0.06277	-0.01352	0.68285	0.00409	1	1.45898	0.81042	0	
1259875	8497.25488	3305772147549	0.49351	0.31024	8497.00781	0.24707	11602	1	0.53232	0.27301	1	0.47295	0.30409	1	0.50263	0.28855	1	0.47985	0.53503	12.96553	1.06647	1	0.73999	0.55531	14.08721	1.06647	1	-0.00498	-0.00926	0.67813	0.00376	1	0.06277	-0.01352	0.68285	0.00414	1	1.45898	0.81042	0	
1259876	8497.26172	3305772213779	0.49374	0.30969	8497.00781	0.25391	11602	1	0.53232	0.27301	1	0.47295	0.30409	1	0.50263	0.28855	1	0.47938	0.53526	12.51466	1.06647	1	0.73994	0.55557	14.21334	1.06647	1	-0.00498	-0.00926	0.67813	0.00385	1	0.06277	-0.01352	0.68285	0.00404	1	1.45898	0.81042	0	
1259877	8497.26855	3305772281855	0.48987	0.28279	8497.00781	0.25391	11602	0	0.50591	0.29171	1	0.46226	0.35272	1	0.48409	0.32221	1	0.47949	0.53526	12.80378	1.06647	1	0.73989	0.55555	14.09165	1.06647	1	-0.00498	-0.00926	0.67813	0.00383	1	0.06277	-0.01352	0.68285	0.00408	1	1.45898	0.81042	0	
1259878	8497.27539	3305772348185	0.49069	0.30329	8497.00781	0.25391	11602	0	0.51889	0.28633	1	0.46413	0.36127	1	0.49151	0.32380	1	0.47962	0.53496	12.14260	1.06647	1	0.73987	0.55555	14.01964	1.06647	1	-0.00498	-0.00926	0.67813	0.00382	1	0.06277	-0.01352	0.68285	0.00408	1	1.45898	0.81042	0	
1259879	8497.28223	3305772416283	0.49096	0.31013	8497.00781	0.25391	11602	0	0.51889	0.28633	1	0.46413	0.36127	1	0.49151	0.32380	1	0.47953	0.53452	12.13336	1.06647	1	0.73982	0.55561	14.23914	1.06647	1	-0.00498	-0.00926	0.67813	0.00402	1	0.06277	-0.01352	0.68285	0.00408	1	1.45898	0.81042	0	
1259880	8497.28906	3305772483868	0.49726	0.31000	8497.26855	0.02051	11603	1	0.54099	0.29834	1	0.49132	0.32092	1	0.51616	0.30963	1	0.48001	0.53514	13.18053	1.06647	1	0.74028	0.55551	13.30290	1.06647	1	-0.00498	-0.00926	0.67813	0.00379	1	0.06277	-0.01352	0.68285	0.00407	1	1.45898	0.81042	0	
1259881	8497.29590	3305772549901	0.50207	0.30951	8497.26855	0.02734	11603	1	0.55140	0.29528	1	0.49117	0.31982	1	0.52128	0.30755	1	0.48011	0.53511	12.95865	1.06647	1	0.74029	0.55534	13.21323	1.06647	1	-0.00498	-0.00926	0.67813	0.00391	1	0.06277	-0.01352	0.68285	0.00411	1	1.45898	0.81042	0	
1259882	8497.30176	3305772616027	0.50525	0.30793	8497.26855	0.03320	11603	1	0.55065	0.28775	1	0.49163	0.31230	1	0.52114	0.30002	1	0.47988	0.53480	13.07716	1.07555	1	0.74043	0.55515	13.06351	1.07555	1	-0.00508	-0.00954	0.69898	0.00372	1	0.06277	-0.01352	0.68285	0.00404	1	1.45898	0.81042	0	
1259883	8497.30859	3305772683957	0.50577	0.30145	8497.26855	0.04004	11603	1	0.53613	0.25968	1	0.48167	0.26545	1	0.50890	0.26256	1	0.47995	0.53489	13.08782	1.08464	1	0.74019	0.55504	13.64653	1.08464	1	-0.00508	-0.00954	0.69898	0.00391	1	0.06277	-0.01352	0.68285	0.00396	1	1.45898	0.81042	0	
1259884	8497.31543	3305772750996	0.50551	0.29855	8497.26855	0.04688	11603	1	0.51568	0.27061	1	0.49179	0.28592	1	0.50374	0.27826	1	0.47996	0.53510	13.29339	1.09373	1	0.74034	0.55522	13.56443	1.09373	1	-0.00508	-0.00954	0.69898	0.00380	1	0.06277	-0.01352	0.68285	0.00393	1	1.45898	0.81042	0	
1259885	8497.32227	3305772817553	0.50532	0.29630	8497.26855	0.05371	11603	1	0.51568	0.27061	1	0.49179	0.28592	1	0.50374	0.27826	1	0.47988	0.53503	13.21771	1.09373	1	0.74040	0.55514	13.01605	1.09373	1	-0.00489	-0.00927	0.67905	0.00386	1	0.06301	-0.01355	0.68432	0.00402	1	1.45898	0.81042	0	
1259886	8497.32910	3305772881652	0.50733	0.29447	8497.26855	0.06055	11603	1	0.55983	0.23382	1	0.49111	0.32229	1	0.52547	0.27805	1	0.48034	0.53474	12.36325	1.08464	1	0.74037	0.55542	13.33617	1.08464	1	-0.00489	-0.00927	0.67905	0.00388	1	0.06301	-0.01355	0.68432	0.00406	1	1.45898	0.81042	0	
1259887	8497.33496	3305772948554	0.50948	0.29226	8497.26855	0.06641	11603	1	0.55133	0.31731	1	0.51059	0.22299	1	0.53096	0.27015	1	0.48016	0.53450	12.67713	1.07555	1	0.74056	0.55458	12.86341	1.07555	1	-0.00489	-0.00927	0.67905	0.00391	1	0.06301	-0.01355	0.68432	0.00423	1	1.45898	0.81042	0	
1259888	8497.34277	3305773018506	0.51127	0.29042	8497.26855	0.07422	11603	1	0.55133	0.31731	1	0.51059	0.22299	1	0.53096	0.27015	1	0.48004	0.53423	12.52012	1.07555	1	0.74024	0.55510	13.62846	1.07555	1	-0.00508	-0.00954	0.69898	0.00405	1	0.06301	-0.01355	0.68432	0.00422	1	1.45898	0.81042	0	
1259889	8497.34863	3305773081971	0.51116	0.29272	8497.26855	0.08008	11603	1	0.53736	0.33761	1	0.48241	0.30296	1	0.50989	0.32028	1	0.47984	0.53485	13.08718	1.08464	1	0.74019	0.55542	13.34133	1.08464	1	-0.00508	-0.00954	0.69898	0.00380	1	0.06301	-0.01355	0.68432	0.00399	1	1.45898	0.81042	0	
1259890	8497.35547	3305773150594	0.51084	0.29342	8497.26855	0.08691	11603	1	0.52649	0.30492	1	0.48663	0.30020	1	0.50656	0.30256	1	0.47972	0.53487	12.94564	1.09373	1	0.74021	0.55523	13.70630	1.09373	1	-0.00508	-0.00954	0.69898	0.00386	1	0.06301	-0.01355	0.68432	0.00409	1	1.45898	0.81042	0	
1259891	8497.36230	3305773219584	0.51054	0.29424	8497.26855	0.09375	11603	1	0.52649	0.30492	1	0.48628	0.30652	1	0.50638	0.30572	1	0.47986	0.53462	13.12997	1.09373	1	0.74048	0.55510	13.24350	1.08607	1	-0.00489	-0.00927	0.67905	0.00397	1	0.06067	-0.01306	0.65948	0.00413	1	1.45898	0.81042	0	
1259892	8497.36914	3305773286733	0.51092	0.29681	8497.26855	0.10059	11603	1	0.54163	0.35835	1	0.49170	0.31241	1	0.51667	0.33538	1	0.47990	0.53485	13.16190	1.07698	1	0.74038	0.55510	13.40555	1.06932	1	-0.00489	-0.00927	0.67905	0.00401	1	0.06067	-0.01306	0.65948	0.00421	1	1.45898	0.81042	0	
1259893	8497.37598	3305773353232	0.51161	0.29672	8497.26855	0.10742	11603	1	0.53870	0.31135	1	0.50643	0.27902	1	0.52256	0.29518	1	0.47994	0.53482	13.24349	1.06024	1	0.74054	0.55464	12.98533	1.05258	1	-0.00489	-0.00927	0.67905	0.00401	1	0.06067	-0.01306	0.65948	0.00423	1	1.45898	0.81042	0	
1259894	8497.38281	3305773421289	0.51221	0.29650	8497.26855	0.11426	11603	1	0.53845	0.30912	1	0.50661	0.27663	1	0.52253	0.29287	1	0.48002	0.53450	13.17860	1.06296	1	0.74031	0.55438	13.56590	1.05530	1	-0.00519	-0.00984	0.72078	0.00396	1	0.06067	-0.01306	0.65948	0.00443	1	1.45898	0.81042	0	
1259895	8497.38965	3305773488935	0.51194	0.29754	8497.26855	0.12109	11603	1	0.53455	0.37417	1	0.47966	0.25831	1	0.50710	0.31624	1	0.47984	0.53508	13.06739	1.07477	1	0.74009	0.55473	13.73485	1.07477	1	-0.00519	-0.00984	0.72078	0.00397	1	0.06067	-0.01306	0.65948	0.00417	1	1.45898	0.81042	0	
1259896	8497.39551	3305773554205	0.51224	0.29799	8497.26855	0.12695	11603	1	0.53291	0.32174	1	0.50272	0.29119	1	0.51781	0.30647	1	0.47985	0.53470	13.02710	1.09424	1	0.74048	0.55505	12.94339	1.09424	1	-0.00519	-0.00984	0.72078	0.00392	1	0.06067	-0.01306	0.65948	0.00403	1	1.45898	0.81042	0	
1259897	8497.40234	3305773621687	0.51251	0.29824	8497.26855	0.13379	11603	1	0.53291	0.32174	1	0.50318	0.28480	1	0.51804	0.30327	1	0.47981	0.53499	13.13019	1.09424	1	0.74042	0.55550	13.59950	1.10190	1	-0.00489	-0.00927	0.67905	0.00398	1	0.06301	-0.01355	0.68432	0.00400	1	1.45898	0.81042	0	
1259898	8497.40918	3305773688066	0.51256	0.29720	8497.26855	0.14062	11603	1	0.53977	0.29806	1	0.48727	0.25265	1	0.51352	0.27536	1	0.47997	0.53454	13.23209	1.08243	1	0.74017	0.55495	13.63024	1.09009	1	-0.00489	-0.00927	0.67905	0.00401	1	0.06301	-0.01355	0.68432	0.00405	1	1.45898	0.81042	0	
1259899	8497.41602	3305773753103	0.51233	0.29828	8497.26855	0.14746	11603	1	0.52640	0.35282	1	0.48817	0.29147	1	0.50728	0.32214	1	0.47965	0.53510	12.97647	1.07062	1	0.74029	0.55527	13.53771	1.07828	1	-0.00489	-0.00927	0.67905	0.00387	1	0.06301	-0.01355	0.68432	0.00396	1	1.45898	0.81042	0	
1259900	8497.42285	3305773823245	0.51212	0.29937	8497.26855	0.15430	11603	1	0.52668	0.35492	1	0.48804	0.29377	1	0.50736	0.32435	1	0.47964	0.53504	12.92052	1.06790	1	0.73997	0.55526	14.07640	1.07555	1	-0.00508	-0.00954	0.69898	0.00396	1	0.06277	-0.01352	0.68285	0.00390	1	1.45898	0.81042	0	
1259901	8497.42969	3305773890009	0.51177	0.29858	8497.26855	0.16113	11603	1	0.53257	0.30261	1	0.47387	0.25691	1	0.50322	0.27976	1	0.47979	0.53440	12.87046	1.08464	1	0.74003	0.55514	13.85052	1.08464	1	-0.00508	-0.00954	0.69898	0.00410	1	0.06277	-0.01352	0.68285	0.00401	1	1.45898	0.81042	0	
1259902	8497.43652	3305773956336	0.51141	0.29788	8497.26855	0.16797	11603	1	0.52500	0.30518	1	0.47980	0.25558	1	0.50240	0.28038	1	0.47977	0.53474	12.86305	1.09373	1	0.74008	0.55494	13.96778	1.09373	1	-0.00508	-0.00954	0.69898	0.00394	1	0.06277	-0.01352	0.68285	0.00406	1	1.45898	0.81042	0	
1259903	8497.44238	3305774023329	0.51106	0.29696	8497.26855	0.17383	11603	1	0.52408	0.29791	1	0.48016	0.24772	1	0.50212	0.27282	1	0.47963	0.53474	12.94113	1.10281	1	0.74006	0.55519	13.96886	1.10281	1	-0.00508	-0.00954	0.69898	0.00405	1	0.06277	-0.01352	0.68285	0.00399	1	1.45898	0.81042	0	
1259904	8497.44922	3305774086590	0.51077	0.29705	8497.26855	0.18066	11603	1	0.53284	0.32916	1	0.47287	0.26977	1	0.50286	0.29946	1	0.47987	0.53475	12.84071	1.10281	1	0.73999	0.55525	13.89151	1.10281	1	-0.00508	-0.00954	0.69898	0.00409	1	0.06277	-0.01352	0.68285	0.00388	1	1.45898	0.81042	0	
1259905	8497.45605	3305774158343	0.51074	0.29646	8497.26855	0.18750	11603	1	0.53935	0.28473	1	0.48031	0.27560	1	0.50983	0.28017	1	0.47998	0.53462	12.94575	1.10281	1	0.74017	0.55508	14.16765	1.10281	1	-0.00508	-0.00954	0.69898	0.00401	1	0.06277	-0.01352	0.68285	0.00407	1	1.45898	0.81042	0	
1259906	8497.46289	3305774225277	0.51071	0.29592	8497.26855	0.19434	11603	1	0.53935	0.28473	1	0.48031	0.27560	1	0.50983	0.28017	1	0.47989	0.53483	13.20624	1.10281	1	0.74057	0.55502	13.30470	1.10281	1	-0.00501	-0.00960	0.70319	0.00397	1	0.06301	-0.01355	0.68432	0.00412	1	1.45898	0.81042	0	
1259907	8497.46973	3305774292194	0.51083	0.29518	8497.26855	0.20117	11603	1	0.53795	0.26272	1	0.49137	0.28330	1	0.51466	0.27301	1	0.48005	0.53451	13.43493	1.10281	1	0.74029	0.55513	13.36199	1.10281	1	-0.00501	-0.00960	0.70319	0.00392	1	0.06301	-0.01355	0.68432	0.00397	1	1.45898	0.81042	0	
1259908	8497.47656	3305774358318	0.51123	0.29287	8497.26855	0.20801	11603	1	0.53981	0.19655	1	0.50734	0.24621	1	0.52357	0.22138	1	0.48006	0.53447	12.80322	1.10281	1	0.74052	0.55503	13.48818	1.10281	1	-0.00501	-0.00960	0.70319	0.00397	1	0.06301	-0.01355	0.68432	0.00399	1	1.45898	0.81042	0	
1259909	8497.48340	3305774425900	0.51161	0.29071	8497.26855	0.21484	11603	1	0.53981	0.19655	1	0.50734	0.24621	1	0.52357	0.22138	1	0.48008	0.53470	13.08656	1.10281	1	0.74019	0.55538	13.85555	1.10281	1	-0.00501	-0.00960	0.70319	0.00404	1	0.06301	-0.01365	0.68432	0.00389	1	1.45898	0.81042	0	
1259910	8497.49023	3305774492749	0.51083	0.29021	8497.26855	0.22168	11603	1	0.49652	0.24947	1	0.47396	0.29828	1	0.48524	0.27387	1	0.47974	0.53501	13.02589	1.10281	1	0.74018	0.55529	13.80023	1.10281	1	-0.00501	-0.00960	0.70319	0.00400	1	0.06301	-0.01365	0.68432	0.00391	1	1.45898	0.81042	0	
1259911	8497.49609	3305774559895	0.51045	0.29024	8497.26855	0.22754	11603	1	0.51361	0.27248	1	0.48127	0.30993	1	0.49744	0.29121	1	0.47997	0.53509	13.36302	1.10281	1	0.74015	0.55548	14.08338	1.10281	1	-0.00501	-0.00960	0.70319	0.00393	1	0.06301	-0.01365	0.68432	0.00387	1	1.45898	0.81042	0	
1259912	8497.50293	3305774626338	0.51009	0.29027	8497.26855	0.23438	11603	1	0.51361	0.27248	1	0.48127	0.30993	1	0.49744	0.29121	1	0.47999	0.53504	12.98610	1.10281	1	0.74030	0.55538	13.86332	1.10281	1	-0.00508	-0.00954	0.69898	0.00390	1	0.06301	-0.01365	0.68432	0.00386	1	1.45898	0.81042	0	
1259913	8497.50977	3305774693088	0.50980	0.28996	8497.26855	0.24121	11603	1	0.51672	0.24232	1	0.48229	0.31555	1	0.49951	0.27893	1	0.48009	0.53474	13.33171	1.10281	1	0.74022	0.55562	13.97487	1.10281	1	-0.00508	-0.00954	0.69898	0.00376	1	0.06301	-0.01365	0.68432	0.00388	1	1.45898	0.81042	0	
1259914	8497.51660	3305774758143	0.50947	0.28999	8497.26855	0.24805	11603	1	0.51556	0.26699	1	0.47904	0.31525	1	0.49730	0.29112	1	0.48013	0.53497	13.29565	1.10281	1	0.74016	0.55563	14.13352	1.10281	1	-0.00508	-0.00954	0.69898	0.00388	1	0.06301	-0.01365	0.68432	0.00388	1	1.45898	0.81042	0	
1259915	8497.52246	3305774822923	0.50916	0.29010	8497.26855	0.25391	11603	1	0.51556	0.26699	1	0.47874	0.32140	1	0.49715	0.29420	1	0.48011	0.53490	13.35928	1.10281	1	0.74009	0.55568	14.25134	1.09515	1	-0.00508	-0.00959	0.69897	0.00378	1	0.06008	-0.01308	0.65305	0.00382	1	1.45898	0.81042	0	
1259916	8497.52930	3305774891576	0.50874	0.29043	8497.26855	0.26074	11603	1	0.50146	0.27962	1	0.48347	0.32701	1	0.49246	0.30332	1	0.47979	0.53515	13.08475	1.09515	1	0.74025	0.55557	13.82090	1.08749	1	-0.00508	-0.00959	0.69897	0.00373	1	0.06008	-0.01308	0.65305	0.00383	1	1.45898	0.81042	0	
1259917	8497.53613	3305774956930	0.50898	0.29105	8497.26855	0.26758	11603	1	0.54919	0.25880	1	0.48805	0.37324	1	0.51862	0.31602	1	0.48008	0.53522	13.48693	1.08749	1	0.74024	0.55592	13.72877	1.07983	1	-0.00508	-0.00959	0.69897	0.00374	1	0.06008	-0.01308	0.65305	0.00397	1	1.45898	0.81042	0	
1259918	8497.54297	3305775026189	0.50921	0.29160	8497.26855	0.27441	11603	1	0.54897	0.25650	1	0.48818	0.37115	1	0.51857	0.31382	1	0.48010	0.53537	13.50982	1.09022	1	0.74031	0.55574	13.58952	1.08256	1	-0.00511	-0.00973	0.70922	0.00378	1	0.06008	-0.01308	0.65305	0.00392	1	1.45898	0.81042	0	
1259919	8497.54980	3305775093478	0.50889	0.29155	8497.26855	0.28125	11603	1	0.50631	0.27854	1	0.48485	0.30085	1	0.49558	0.28970	1	0.47974	0.53515	12.88165	1.09294	1	0.74018	0.55586	14.14666	1.09294	1	-0.00511	-0.00973	0.70922	0.00374	1	0.06008	-0.01308	0.65305	0.00405	1	1.45898	0.81042	0	
1259920	8497.55664	3305775159905	0.50852	0.29076	8497.26855	0.28809	11603	1	0.51120	0.19129	1	0.47373	0.32206	1	0.49246	0.25668	1	0.47967	0.53420	12.75920	1.10333	1	0.74002	0.55615	14.26746	1.10333	1	-0.00511	-0.00973	0.70922	0.00411	1	0.06008	-0.01308	0.65305	0.00409	1	1.45898	0.81042	0	
1259921	8497.56348	3305775227674	0.50816	0.28993	8497.26855	0.29492	11603	1	0.51120	0.19129	1	0.47400	0.31595	1	0.49260	0.25362	1	0.47968	0.53407	12.67274	1.10333	1	0.74021	0.55614	13.97887	1.11098	1	-0.00508	-0.00970	0.69897	0.00411	1	0.06277	-0.01373	0.68285	0.00404	1	1.45898	0.81042	0	
1259922	8497.56934	3305775293015	0.50768	0.28923	8497.26855	0.30078	11603	1	0.49064	0.20596	1	0.48136	0.30866	1	0.48600	0.25731	1	0.47968	0.53407	12.67274	1.10060	1	0.74016	0.55605	14.04854	1.10826	1	-0.00508	-0.00970	0.69897	0.00411	1	0.06277	-0.01373	0.68285	0.00405	1	1.45898	0.81042	0	
1259923	8497.57617	3305775359268	0.50754	0.28836	8497.26855	0.30762	11603	1	0.51756	0.18091	1	0.48423	0.31607	1	0.50090	0.24849	1	0.47975	0.53392	12.59762	1.09788	1	0.74019	0.55600	14.22554	1.10554	1	-0.00508	-0.00970	0.69897	0.00419	1	0.06277	-0.01373	0.68285	0.00394	1	1.45898	0.81042	0	
1259924	8497.58398	3305775430245	0.50740	0.28764	8497.26855	0.31543	11603	1	0.51785	0.18339	1	0.48378	0.32440	1	0.50081	0.25389	1	0.47979	0.53443	12.59799	1.09515	1	0.74055	0.55557	13.11252	1.09515	1	-0.00508	-0.00965	0.69897	0.00398	1	0.06067	-0.01326	0.65948	0.00427	1	1.45898	0.81042	0	
1259925	8497.58984	3305775497094	0.50774	0.28775	8497.26855	0.32129	11603	1	0.50204	0.22510	1	0.51043	0.35097	1	0.50623	0.28804	1	0.47984	0.53464	12.97183	1.09515	1	0.74061	0.55636	13.51445	1.08749	1	-0.00508	-0.00965	0.69897	0.00374	1	0.06067	-0.01326	0.65948	0.00399	1	1.45898	0.81042	0	
1259926	8497.59668	3305775564222	0.50765	0.28661	8497.26855	0.32812	11603	1	0.49236	0.19253	1	0.48202	0.34598	1	0.48719	0.26925	1	0.47973	0.53399	12.53268	1.08749	1	0.74021	0.55616	13.77864	1.07983	1	-0.00508	-0.00965	0.69897	0.00402	1	0.06067	-0.01326	0.65948	0.00393	1	1.45898	0.81042	0	
1259927	8497.60352	3305775631256	0.50757	0.28577	8497.26855	0.33496	11603	1	0.49447	0.20777	1	0.48131	0.35925	1	0.48789	0.28351	1	0.47991	0.53393	12.43924	1.07075	1	0.74034	0.55611	13.46390	1.06309	1	-0.00473	-0.00931	0.67127	0.00423	1	0.06152	-0.01342	0.66762	0.00406	1	1.45898	0.81042	0	
1259928	8497.61035	3305775697992	0.50758	0.28466	8497.26855	0.34180	11603	1	0.50746	0.22141	1	0.52576	0.29081	1	0.51661	0.25611	1	0.47989	0.53392	12.42142	1.05400	1	0.74088	0.55555	13.80818	1.05400	1	-0.00473	-0.00931	0.67127	0.00417	1	0.06152	-0.01342	0.66762	0.00441	1	1.45898	0.81042	0	
1259929	8497.61719	3305775765230	0.50701	0.28391	8497.26855	0.34863	11603	1	0.51776	0.30525	1	0.46994	0.23829	1	0.49385	0.27177	1	0.48041	0.53488	12.20185	1.04492	1	0.74030	0.55496	13.66939	1.04492	1	-0.00473	-0.00931	0.67127	0.00390	1	0.06152	-0.01342	0.66762	0.00448	1	1.45898	0.81042	0	
1259930	8497.62402	3305775830868	0.50645	0.28342	8497.26855	0.35547	11603	1	0.51877	0.31286	1	0.46989	0.23961	1	0.49433	0.27623	1	0.48034	0.53481	12.14413	1.03583	1	0.74058	0.55586	13.31017	1.04349	1	-0.00483	-0.00946	0.68560	0.00396	1	0.06224	-0.01356	0.67488	0.00421	1	1.45898	0.81042	0	
1259931	8497.62988	3305775898079	0.50644	0.28551	8497.26855	0.36133	11603	1	0.53191	0.35895	1	0.48443	0.36681	1	0.50817	0.36288	1	0.48043	0.53555	13.29223	1.04349	1	0.74064	0.55657	14.44898	1.05115	1	-0.00483	-0.00946	0.68560	0.00373	1	0.06224	-0.01356	0.67488	0.00406	1	1.45898	0.81042	0	
1259932	8497.63672	3305775966110	0.50668	0.28605	8497.26855	0.36816	11603	1	0.53004	0.28680	1	0.50041	0.32156	1	0.51522	0.30418	1	0.48052	0.53545	12.83486	1.05115	1	0.74090	0.55606	13.65787	1.05881	1	-0.00483	-0.00946	0.68560	0.00377	1	0.06224	-0.01356	0.67488	0.00445	1	1.45898	0.81042	0	
1259933	8497.64355	3305776033014	0.50691	0.28645	8497.26855	0.37500	11603	1	0.52926	0.28030	1	0.50087	0.31518	1	0.51507	0.29774	1	0.48063	0.53487	12.69639	1.05881	1	0.74074	0.55572	14.00281	1.06647	1	-0.00483	-0.00946	0.68560	0.00400	1	0.06224	-0.01356	0.67488	0.00452	1	1.45898	0.81042	0	
1259934	8497.65039	3305776099994	0.50667	0.28623	8497.26855	0.38184	11603	1	0.54267	0.25886	1	0.48499	0.27590	1	0.51383	0.26738	1	0.48082	0.53491	12.92134	1.06647	1	0.74098	0.55553	13.57083	1.06647	1	-0.00483	-0.00946	0.68560	0.00401	1	0.06224	-0.01356	0.67488	0.00453	1	1.45898	0.81042	0	
1259935	8497.65723	3305776166785	0.50611	0.28634	8497.26855	0.38867	11603	1	0.53779	0.27904	1	0.47024	0.27174	1	0.50401	0.27539	1	0.48075	0.53482	12.98441	1.06647	1	0.74076	0.55554	13.67399	1.06647	1	-0.00483	-0.00946	0.68560	0.00401	1	0.06224	-0.01356	0.67488	0.00457	1	1.45898	0.81042	0	
1259936	8497.66406	3305776232002	0.50555	0.28645	8497.26855	0.39551	11603	1	0.53779	0.27904	1	0.47024	0.27174	1	0.50401	0.27539	1	0.48084	0.53529	13.23081	1.06647	1	0.74068	0.55641	13.80457	1.06647	1	-0.00483	-0.00946	0.68560	0.00379	1	0.06224	-0.01356	0.67488	0.00421	1	1.45898	0.81042	0	
1259937	8497.67090	3305776301093	0.50547	0.28650	8497.26855	0.40234	11603	1	0.54201	0.27923	1	0.47046	0.36659	1	0.50623	0.32291	1	0.48086	0.53532	13.14592	1.06647	1	0.74078	0.55666	14.36825	1.06647	1	-0.00483	-0.00946	0.68560	0.00382	1	0.06224	-0.01356	0.67488	0.00408	1	1.45898	0.81042	0	
1259938	8497.67676	3305776367462	0.50548	0.28702	8497.26855	0.40820	11603	1	0.54044	0.31222	1	0.47313	0.34262	1	0.50679	0.32742	1	0.48075	0.53518	13.28657	1.06647	1	0.74085	0.55660	14.29384	1.06647	1	-0.00483	-0.00946	0.68560	0.00382	1	0.06224	-0.01356	0.67488	0.00417	1	1.45898	0.81042	0	
1259939	8497.68359	3305776434952	0.50548	0.28732	8497.26855	0.41504	11603	1	0.53961	0.30483	1	0.47345	0.33530	1	0.50653	0.32007	1	0.48091	0.53529	13.69123	1.07555	1	0.74083	0.55602	14.10822	1.07555	1	-0.00481	-0.00952	0.68975	0.00380	1	0.06224	-0.01356	0.67488	0.00430	1	1.45898	0.81042	0	
1259940	8497.69043	3305776501942	0.50517	0.28599	8497.26855	0.42188	11603	1	0.53177	0.24023	1	0.47218	0.30287	1	0.50197	0.27155	1	0.48072	0.53463	13.37700	1.08464	1	0.74076	0.55635	14.20773	1.08464	1	-0.00481	-0.00952	0.68975	0.00405	1	0.06224	-0.01356	0.67488	0.00409	1	1.45898	0.81042	0	
1259941	8497.69727	3305776568170	0.50446	0.28545	8497.26855	0.42871	11603	1	0.50357	0.22392	1	0.47290	0.31467	1	0.48823	0.26929	1	0.48049	0.53510	13.13909	1.09373	1	0.74078	0.55647	14.33424	1.09373	1	-0.00481	-0.00952	0.68975	0.00376	1	0.06224	-0.01356	0.67488	0.00409	1	1.45898	0.81042	0	
1259942	8497.70410	3305776634769	0.50374	0.28503	8497.26855	0.43555	11603	1	0.50357	0.22392	1	0.47264	0.32088	1	0.48810	0.27240	1	0.48064	0.53477	12.93067	1.09373	1	0.74102	0.55598	13.63572	1.08607	1	-0.00459	-0.00940	0.68083	0.00366	1	0.06191	-0.01348	0.67069	0.00405	1	1.45898	0.81042	0	
1259943	8497.71094	3305776702868	0.50379	0.28424	8497.26855	0.44238	11603	1	0.51246	0.27877	1	0.50674	0.27858	1	0.50960	0.27867	1	0.48077	0.53528	13.09523	1.07698	1	0.74127	0.55582	13.13638	1.06932	1	-0.00459	-0.00940	0.68083	0.00376	1	0.06191	-0.01348	0.67069	0.00431	1	1.45898	0.81042	0	
1259944	8497.71777	3305776769709	0.50352	0.28405	8497.26855	0.44922	11603	1	0.49935	0.26563	1	0.50981	0.32912	1	0.50458	0.29738	1	0.48082	0.53463	12.94763	1.06024	1	0.74146	0.55621	13.91790	1.05258	1	-0.00459	-0.00940	0.68083	0.00408	1	0.06191	-0.01348	0.67069	0.00419	1	1.45898	0.81042	0	
1259945	8497.72363	3305776835390	0.50325	0.28416	8497.26855	0.45508	11603	1	0.50144	0.28010	1	0.50918	0.33668	1	0.50531	0.30839	1	0.48141	0.53517	12.62461	1.04349	1	0.74169	0.55582	13.66421	1.04349	1	-0.00459	-0.00940	0.68083	0.00380	1	0.06431	-0.01397	0.69504	0.00437	1	1.45898	0.81042	0	
1259946	8497.73047	3305776902718	0.50329	0.28523	8497.26855	0.46191	11603	1	0.53215	0.32476	1	0.49820	0.32883	1	0.51518	0.32679	1	0.48136	0.53513	12.61635	1.04349	1	0.74157	0.55622	14.03186	1.05115	1	-0.00459	-0.00940	0.68083	0.00382	1	0.06431	-0.01397	0.69504	0.00428	1	1.45898	0.81042	0	
1259947	8497.73730	3305776968441	0.50358	0.28490	8497.26855	0.46875	11603	1	0.54346	0.28777	1	0.49910	0.32510	1	0.52128	0.30643	1	0.48151	0.53508	12.63782	1.05115	1	0.74164	0.55616	13.91936	1.05881	1	-0.00459	-0.00940	0.68083	0.00390	1	0.06431	-0.01397	0.69504	0.00429	1	1.45898	0.81042	0	
1259948	8497.74414	3305777038081	0.50387	0.28440	8497.26855	0.47559	11603	1	0.54277	0.28128	1	0.49955	0.31874	1	0.52116	0.30001	1	0.48156	0.53515	13.19804	1.05881	1	0.74154	0.55637	14.25713	1.06647	1	-0.00459	-0.00929	0.68083	0.00389	1	0.06431	-0.01397	0.69504	0.00426	1	1.45898	0.81042	0	
1259949	8497.75098	3305777104858	0.50399	0.28479	8497.26855	0.48242	11603	1	0.54616	0.29547	1	0.47236	0.30127	1	0.50926	0.29837	1	0.48165	0.53513	13.17998	1.06647	1	0.74158	0.55591	14.15213	1.06647	1	-0.00459	-0.00929	0.68083	0.00383	1	0.06431	-0.01397	0.69504	0.00447	1	1.45898	0.81042	0	
1259950	8497.75781	3305777171669	0.50408	0.28543	8497.26855	0.48926	11603	1	0.54339	0.30813	1	0.46972	0.31457	1	0.50656	0.31135	1	0.48160	0.53510	13.17319	1.06647	1	0.74150	0.55627	14.37623	1.06647	1	-0.00459	-0.00929	0.68083	0.00390	1	0.06431	-0.01397	0.69504	0.00415	1	1.45898	0.81042	0	
1259951	8497.76465	3305777238762	0.50416	0.28608	8497.26855	0.49609	11603	1	0.54259	0.30071	1	0.47001	0.30702	1	0.50630	0.30386	1	0.48151	0.53512	13.06125	1.07555	1	0.74139	0.55639	14.29644	1.07555	1	-0.00466	-0.00953	0.69785	0.00384	1	0.06431	-0.01397	0.69504	0.00411	1	1.45898	0.81042	0	
1259952	8497.77148	3305777305707	0.50402	0.28539	8497.26855	0.50293	11603	1	0.51274	0.27204	1	0.47944	0.26130	1	0.49609	0.26667	1	0.48161	0.53489	12.94130	1.08464	1	0.74160	0.55571	13.97095	1.08464	1	-0.00466	-0.00953	0.69785	0.00391	1	0.06431	-0.01397	0.69504	0.00416	1	1.45898	0.81042	0	
1259953	8497.77734	3305777372323	0.50350	0.28560	8497.26855	0.50879	11603	1	0.48342	0.31684	1	0.48558	0.26300	1	0.48450	0.28992	1	0.48142	0.53519	12.99728	1.09373	1	0.74168	0.55579	14.00397	1.09373	1	-0.00466	-0.00953	0.69785	0.00391	1	0.06431	-0.01397	0.69504	0.00411	1	1.45898	0.81042	0	
1259954	8497.78418	3305777439529	0.50297	0.28587	8497.26855	0.51562	11603	1	0.48342	0.31684	1	0.48524	0.26958	1	0.48433	0.29321	1	0.48227	0.53491	12.94379	1.09373	1	0.74206	0.55498	12.79146	1.08607	1	-0.00439	-0.00929	0.68045	0.00380	1	0.06097	-0.01321	0.65732	0.00443	1	1.45898	0.81042	0	
1259955	8497.79102	3305777506417	0.50278	0.28590	8497.26855	0.52246	11603	1	0.53699	0.27485	1	0.47481	0.27440	1	0.50590	0.27463	1	0.48232	0.53499	12.89121	1.07698	1	0.74195	0.55566	13.74844	1.06932	1	-0.00439	-0.00929	0.68045	0.00390	1	0.06097	-0.01321	0.65732	0.00443	1	1.45898	0.81042	0	
1259956	8497.79785	3305777573533	0.50263	0.28765	8497.26855	0.52930	11603	1	0.53156	0.28035	1	0.50076	0.32986	1	0.51616	0.30510	1	0.48210	0.53492	13.09560	1.06024	1	0.74247	0.55616	13.78926	1.05258	1	-0.00439	-0.00929	0.68045	0.00381	1	0.06097	-0.01321	0.65732	0.00445	1	1.45898	0.81042	0	
1259957	8497.80469	3305777640445	0.50249	0.28962	8497.26855	0.53613	11603	1	0.53322	0.29455	1	0.50021	0.33740	1	0.51671	0.31598	1	0.48216	0.53466	13.36102	1.04349	1	0.74232	0.55572	14.03118	1.04349	1	-0.00439	-0.00929	0.68045	0.00366	1	0.06378	-0.01381	0.68706	0.00452	1	1.45898	0.81042	0	
1259958	8497.81152	3305777707244	0.50278	0.29146	8497.26855	0.54297	11603	1	0.52434	0.36704	1	0.47438	0.35770	1	0.49936	0.36237	1	0.48213	0.53453	12.80638	1.04349	1	0.74239	0.55652	13.98254	1.05115	1	-0.00439	-0.00929	0.68045	0.00391	1	0.06378	-0.01381	0.68706	0.00423	1	1.45898	0.81042	0	
1259959	8497.81836	3305777774649	0.50312	0.29296	8497.26855	0.54980	11603	1	0.54979	0.36578	1	0.47800	0.36087	1	0.51389	0.36333	1	0.48236	0.53479	13.23198	1.05115	1	0.74247	0.55662	14.19324	1.05881	1	-0.00439	-0.00929	0.68045	0.00386	1	0.06378	-0.01381	0.68706	0.00419	1	1.45898	0.81042	0	
1259960	8497.82422	3305777841475	0.50346	0.29440	8497.26855	0.55566	11603	1	0.54914	0.35986	1	0.47800	0.36087	1	0.51357	0.36036	1	0.48221	0.53412	12.75004	1.05881	1	0.74216	0.55647	14.12779	1.05881	1	-0.00428	-0.00928	0.68009	0.00404	1	0.06038	-0.01306	0.64997	0.00407	1	1.45898	0.81042	0	
1259961	8497.83105	3305777908443	0.50361	0.29509	8497.26855	0.56250	11603	1	0.54616	0.29622	1	0.46781	0.32782	1	0.50698	0.31202	1	0.48234	0.53411	13.10699	1.05881	1	0.74227	0.55597	13.84046	1.05115	1	-0.00428	-0.00928	0.68009	0.00384	1	0.06038	-0.01306	0.64997	0.00437	1	1.45898	0.81042	0	
1259962	8497.83789	3305777975451	0.50371	0.29530	8497.26855	0.56934	11603	1	0.52220	0.29159	1	0.48156	0.31011	1	0.50188	0.30085	1	0.48237	0.53389	13.02419	1.05115	1	0.74253	0.55609	13.77284	1.04349	1	-0.00428	-0.00928	0.68009	0.00382	1	0.06038	-0.01306	0.64997	0.00392	1	1.45898	0.81042	0	
1259963	8497.84473	3305778042414	0.50381	0.29526	8497.26855	0.57617	11603	1	0.52205	0.29039	1	0.48233	0.29493	1	0.50219	0.29266	1	0.48271	0.53402	12.35277	1.05258	1	0.74281	0.55634	13.21213	1.06126	1	-0.00436	-0.00955	0.69977	0.00379	1	0.06627	-0.01431	0.71211	0.00403	1	1.45898	0.81042	0	
1259964	8497.85156	3305778109287	0.50354	0.29466	8497.26855	0.58301	11603	1	0.51132	0.25586	1	0.44746	0.29250	1	0.47939	0.27418	1	0.48274	0.53344	12.16525	1.07034	1	0.74232	0.55621	13.69487	1.08668	1	-0.00436	-0.00955	0.69977	0.00400	1	0.06627	-0.01431	0.71211	0.00443	1	1.45898	0.81042	0	
1259965	8497.85840	3305778176368	0.50303	0.29370	8497.26855	0.58984	11603	1	0.51107	0.27658	1	0.47674	0.26325	1	0.49391	0.26992	1	0.48262	0.53402	12.47254	1.09577	1	0.74277	0.55591	13.35430	1.11211	1	-0.00436	-0.00955	0.69977	0.00385	1	0.06627	-0.01431	0.71211	0.00427	1	1.45898	0.81042	0	
1259966	8497.86523	3305778243203	0.50250	0.29257	8497.26855	0.59668	11603	1	0.50925	0.26310	1	0.47703	0.25679	1	0.49314	0.25994	1	0.48288	0.53391	13.03607	1.11211	1	0.74296	0.55639	13.35303	1.11977	1	-0.00411	-0.00914	0.66925	0.00394	1	0.06349	-0.01370	0.68173	0.00431	1	1.45898	0.81042	0	
1259967	8497.87109	3305778310390	0.50256	0.29275	8497.26855	0.60254	11603	1	0.52111	0.29633	1	0.47582	0.29946	1	0.49846	0.29789	1	0.48291	0.53456	13.21448	1.11068	1	0.74312	0.55601	13.85078	1.10200	1	-0.00411	-0.00914	0.66925	0.00385	1	0.06349	-0.01370	0.68173	0.00443	1	1.45898	0.81042	0	
1259968	8497.87793	3305778377159	0.50247	0.29442	8497.26855	0.60938	11603	1	0.52261	0.31032	1	0.45385	0.36364	1	0.48823	0.33698	1	0.48286	0.53456	12.73870	1.09292	1	0.74292	0.55630	13.43455	1.08424	1	-0.00411	-0.00914	0.66925	0.00375	1	0.06349	-0.01370	0.68173	0.00435	1	1.45898	0.81042	0	
1259969	8497.88477	3305778444648	0.50238	0.29636	8497.26855	0.61621	11603	1	0.52350	0.31723	1	0.45357	0.37624	1	0.48854	0.34674	1	0.48295	0.53396	13.04997	1.08424	1	0.74303	0.55665	14.32846	1.06790	1	-0.00418	-0.00923	0.68786	0.00373	1	0.06133	-0.01323	0.65805	0.00406	1	1.45898	0.81042	0	
1259970	8497.89160	3305778511403	0.50292	0.29883	8497.26855	0.62305	11603	1	0.52583	0.38097	1	0.49752	0.37134	1	0.51168	0.37615	1	0.48297	0.53404	12.90172	1.07698	1	0.74358	0.55581	13.18943	1.06932	1	-0.00418	-0.00923	0.68786	0.00376	1	0.06133	-0.01323	0.65805	0.00422	1	1.45898	0.81042	0	
1259971	8497.89844	3305778578081	0.50318	0.30062	8497.26855	0.62988	11603	1	0.53347	0.31239	1	0.49345	0.35578	1	0.51346	0.33408	1	0.48334	0.53360	12.13552	1.07841	1	0.74348	0.55630	13.36735	1.07075	1	-0.00418	-0.00923	0.68786	0.00409	1	0.06133	-0.01323	0.65805	0.00402	1	1.45898	0.81042	0	
1259972	8497.90527	3305778643850	0.50346	0.30249	8497.26855	0.63672	11603	1	0.53497	0.32499	1	0.49303	0.36212	1	0.51400	0.34356	1	0.48341	0.53345	11.67322	1.06273	1	0.74343	0.55610	13.50473	1.06273	1	-0.00394	-0.00889	0.66596	0.00405	1	0.06349	-0.01366	0.67958	0.00409	1	1.45898	0.81042	0	
1259973	8497.91113	3305778709982	0.50330	0.30470	8497.26855	0.64258	11603	1	0.53423	0.40397	1	0.46368	0.38480	1	0.49896	0.39438	1	0.48331	0.53418	12.08518	1.04563	1	0.74354	0.55631	13.54790	1.05329	1	-0.00394	-0.00889	0.66596	0.00378	1	0.06349	-0.01366	0.67958	0.00424	1	1.45898	0.81042	0	
1259974	8497.91797	3305778776251	0.50387	0.30754	8497.26855	0.64941	11603	1	0.53913	0.43975	1	0.48905	0.37090	1	0.51409	0.40532	1	0.48326	0.53410	12.15401	1.03619	1	0.74385	0.55608	14.18671	1.04385	1	-0.00394	-0.00889	0.66596	0.00378	1	0.06349	-0.01366	0.67958	0.00408	1	1.45898	0.81042	0	
1259975	8497.92480	3305778841561	0.50066	0.33713	8497.26855	0.64941	11603	0	0.53926	0.44076	1	0.48898	0.37204	1	0.51412	0.40640	1	0.48325	0.53388	11.80871	1.03476	1	0.74342	0.55646	13.49488	1.04242	1	-0.00406	-0.00904	0.67712	0.00394	1	0.06349	-0.01366	0.67958	0.00415	1	1.45898	0.81042	0	
1259976	8497.93164	3305778908997	0.49265	0.35765	8497.26855	0.64941	11603	0	0.51307	0.35779	1	0.45620	0.39854	1	0.48464	0.37816	1	0.48332	0.53406	12.01069	1.05044	1	0.74324	0.55677	14.30256	1.05044	1	-0.00406	-0.00904	0.67712	0.00393	1	0.06349	-0.01366	0.67958	0.00411	1	1.45898	0.81042	0	
1259977	8497.93848	3305778976277	0.49601	0.35606	8497.26855	0.64941	11603	0	0.52139	0.31488	1	0.48409	0.39091	1	0.50274	0.35289	1	0.48355	0.53378	12.51320	1.05845	1	0.74371	0.55667	14.26178	1.05845	1	-0.00406	-0.00904	0.67712	0.00392	1	0.06349	-0.01366	0.67958	0.00419	1	1.45898	0.81042	0	
1259978	8497.94531	3305779045433	0.49763	0.35368	8497.92480	0.02051	11604	1	0.52053	0.30832	1	0.48446	0.38477	1	0.50249	0.34654	1	0.48368	0.53404	12.94676	1.06647	1	0.74383	0.55664	14.04324	1.06647	1	-0.00399	-0.00911	0.68243	0.00386	1	0.06339	-0.01369	0.67850	0.00415	1	1.45898	0.81042	0	
1259979	8497.95215	3305779112685	0.49772	0.34950	8497.92480	0.02734	11604	1	0.52802	0.31841	1	0.46812	0.34709	1	0.49807	0.33275	1	0.48358	0.53390	12.77137	1.06647	1	0.74387	0.55641	14.15258	1.06647	1	-0.00399	-0.00911	0.68243	0.00387	1	0.06339	-0.01369	0.67850	0.00411	1	1.45898	0.81042	0	
1259980	8497.95801	3305779178287	0.49903	0.34833	8497.92480	0.03320	11604	1	0.54357	0.33001	1	0.46760	0.35503	1	0.50558	0.34252	1	0.48393	0.53389	13.11852	1.06647	1	0.74392	0.55651	14.20514	1.06647	1	-0.00399	-0.00911	0.68243	0.00390	1	0.06339	-0.01369	0.67850	0.00410	1	1.45898	0.81042	0	
1259981	8497.96484	3305779245758	0.49991	0.34691	8497.92480	0.04004	11604	1	0.54277	0.32277	1	0.46764	0.35390	1	0.50520	0.33834	1	0.48392	0.53415	13.19675	1.07555	1	0.74399	0.55653	13.71620	1.06790	1	-0.00408	-0.00944	0.70717	0.00379	1	0.06074	-0.01311	0.64967	0.00408	1	1.45898	0.81042	0	
1259982	8497.97168	3305779311785	0.50087	0.34562	8497.92480	0.04688	11604	1	0.53467	0.33664	1	0.48051	0.33655	1	0.50759	0.33659	1	0.48372	0.53423	12.96613	1.07698	1	0.74405	0.55619	13.77030	1.06932	1	-0.00408	-0.00944	0.70717	0.00381	1	0.06074	-0.01311	0.64967	0.00400	1	1.45898	0.81042	0	
1259983	8497.97852	3305779379176	0.50084	0.34206	8497.92480	0.05371	11604	1	0.53526	0.30116	1	0.46590	0.32599	1	0.50058	0.31358	1	0.48370	0.53427	13.06295	1.07841	1	0.74385	0.55636	13.93759	1.07075	1	-0.00408	-0.00944	0.70717	0.00381	1	0.06074	-0.01311	0.64967	0.00403	1	1.45898	0.81042	0	
1259984	8497.98535	3305779448916	0.50081	0.33909	8497.92480	0.06055	11604	1	0.53512	0.30000	1	0.46594	0.32482	1	0.50053	0.31241	1	0.48366	0.53430	13.05385	1.07983	1	0.74394	0.55647	13.94579	1.07217	1	-0.00408	-0.00944	0.70717	0.00381	1	0.06074	-0.01320	0.64967	0.00386	1	1.45898	0.81042	0	
1259985	8497.99219	3305779516266	0.50092	0.33731	8497.92480	0.06738	11604	1	0.53545	0.29616	1	0.46872	0.34290	1	0.50208	0.31953	1	0.48383	0.53435	13.36622	1.07217	1	0.74394	0.55647	13.94579	1.07217	1	-0.00408	-0.00944	0.70717	0.00379	1	0.06074	-0.01320	0.64967	0.00387	1	1.45898	0.81042	0	
1259986	8497.99902	3305779583545	0.50011	0.33393	8497.92480	0.07422	11604	1	0.53712	0.29362	1	0.44513	0.29989	1	0.49112	0.29675	1	0.48383	0.53435	13.36622	1.07217	1	0.74390	0.55636	13.90553	1.07217	1	-0.00408	-0.00944	0.70717	0.00379	1	0.06074	-0.01320	0.64967	0.00396	1	1.45898	0.81042	0	
1259987	8498.00586	3305779649751	0.49945	0.33141	8497.92480	0.08105	11604	1	0.53797	0.30113	1	0.44511	0.30108	1	0.49154	0.30110	1	0.48379	0.53423	13.28204	1.06309	1	0.74442	0.55646	13.33021	1.07075	1	-0.00382	-0.00896	0.67117	0.00377	1	0.06338	-0.01377	0.67731	0.00386	1	1.45898	0.81042	0	
1259988	8498.01172	3305779716986	0.49774	0.33159	8497.92480	0.08691	11604	1	0.51337	0.30520	1	0.43779	0.36262	1	0.47558	0.33391	1	0.48382	0.53427	13.24735	1.06166	1	0.74383	0.55688	14.03431	1.06932	1	-0.00382	-0.00896	0.67117	0.00389	1	0.06338	-0.01377	0.67731	0.00419	1	1.45898	0.81042	0	
1259989	8498.01855	3305779781582	0.49653	0.33391	8497.92480	0.09375	11604	1	0.51278	0.37236	1	0.44615	0.36053	1	0.47947	0.36644	1	0.48410	0.53438	13.51367	1.06024	1	0.74398	0.55665	13.97827	1.06790	1	-0.00382	-0.00896	0.67117	0.00372	1	0.06338	-0.01377	0.67731	0.00413	1	1.45898	0.81042	0	
1259990	8498.02539	3305779846937	0.49546	0.33601	8497.92480	0.10059	11604	1	0.51295	0.37344	1	0.44614	0.36165	1	0.47954	0.36755	1	0.48440	0.53413	12.54840	1.05881	1	0.74430	0.55701	13.42306	1.06647	1	-0.00380	-0.00915	0.68504	0.00370	1	0.06327	-0.01367	0.67501	0.00397	1	1.45898	0.81042	0	
1259991	8498.03223	3305779917579	0.49557	0.33694	8497.92480	0.10742	11604	1	0.52902	0.29835	1	0.46563	0.40522	1	0.49733	0.35178	1	0.48446	0.53404	12.99547	1.06647	1	0.74463	0.55720	14.01792	1.06647	1	-0.00380	-0.00915	0.68504	0.00371	1	0.06327	-0.01367	0.67501	0.00406	1	1.45898	0.81042	0	
1259992	8498.03906	3305779985186	0.49576	0.33841	8497.92480	0.11426	11604	1	0.53188	0.31471	1	0.46600	0.41189	1	0.49894	0.36330	1	0.48432	0.53422	13.17564	1.06647	1	0.74463	0.55720	14.01792	1.06647	1	-0.00380	-0.00915	0.68504	0.00379	1	0.06327	-0.01367	0.67501	0.00406	1	1.45898	0.81042	0	
1259993	8498.04590	3305780051606	0.49593	0.33972	8497.92480	0.12109	11604	1	0.53188	0.31471	1	0.46600	0.41189	1	0.49894	0.36330	1	0.48446	0.53398	12.83087	1.06647	1	0.74463	0.55662	14.02097	1.06647	1	-0.00380	-0.00915	0.68504	0.00394	1	0.06393	-0.01386	0.68212	0.00397	1	1.45898	0.81042	0	
1259994	8498.05273	3305780118836	0.49630	0.34011	8497.92480	0.12793	11604	1	0.53046	0.31123	1	0.47642	0.38400	1	0.50344	0.34761	1	0.48440	0.53432	13.35649	1.06647	1	0.74480	0.55684	14.09498	1.06647	1	-0.00380	-0.00915	0.68504	0.00382	1	0.06393	-0.01386	0.68212	0.00394	1	1.45898	0.81042	0	
1259995	8498.05859	3305780185870	0.49641	0.33952	8497.92480	0.13379	11604	1	0.52611	0.28017	1	0.47094	0.37527	1	0.49853	0.32772	1	0.48449	0.53401	12.87021	1.06647	1	0.74474	0.55687	14.06072	1.06647	1	-0.00380	-0.00915	0.68504	0.00389	1	0.06393	-0.01386	0.68212	0.00388	1	1.45898	0.81042	0	
1259996	8498.06543	3305780252131	0.49651	0.33898	8497.92480	0.14062	11604	1	0.52611	0.28017	1	0.47094	0.37527	1	0.49853	0.32772	1	0.48454	0.53401	13.41730	1.06647	1	0.74483	0.55680	14.03803	1.06647	1	-0.00380	-0.00915	0.68504	0.00381	1	0.06393	-0.01386	0.68212	0.00402	1	1.45898	0.81042	0	
1259997	8498.07227	3305780319910	0.49733	0.34032	8497.92480	0.14746	11604	1	0.54720	0.37120	1	0.48392	0.36841	1	0.51556	0.36980	1	0.48476	0.53395	13.41850	1.06647	1	0.74486	0.55670	14.02254	1.06647	1	-0.00380	-0.00915	0.68504	0.00383	1	0.06393	-0.01386	0.68212	0.00408	1	1.45898	0.81042	0	
1259998	8498.07910	3305780386801	0.49793	0.33991	8497.92480	0.15430	11604	1	0.54790	0.34422	1	0.47529	0.31645	1	0.51160	0.33033	1	0.48472	0.53374	12.87346	1.06647	1	0.74478	0.55653	14.12478	1.06647	1	-0.00380	-0.00915	0.68504	0.00394	1	0.06393	-0.01386	0.68212	0.00399	1	1.45898	0.81042	0	
1259999	8498.08594	3305780453412	0.49847	0.33965	8497.92480	0.16113	11604	1	0.54790	0.34422	1	0.47501	0.32280	1	0.51146	0.33351	1	0.48462	0.53371	13.20581	1.06647	1	0.74481	0.55642	14.19190	1.05881	1	-0.00380	-0.00915	0.68504	0.00388	1	0.06183	-0.01340	0.65917	0.00394	1	1.45898	0.81042	0	
1260000	8498.09277	3305780521213	0.49880	0.33967	8497.92480	0.16797	11604	1	0.53290	0.34170	1	0.48098	0.33865	1	0.50694	0.34018	1	0.48444	0.53359	12.93392	1.05881	1	0.74492	0.55628	14.17336	1.05115	1	-0.00380	-0.00915	0.68504	0.00387	1	0.06183	-0.01340	0.65917	0.00388	1	1.45898	0.81042	0	
1260001	8498.09961	3305780586742	0.49898	0.33920	8497.92480	0.17480	11604	1	0.52155	0.31457	1	0.48626	0.33931	1	0.50391	0.32694	1	0.48430	0.53319	12.79385	1.05115	1	0.74492	0.55615	14.14223	1.04349	1	-0.00380	-0.00915	0.68504	0.00384	1	0.06183	-0.01340	0.65917	0.00392	1	1.45898	0.81042	0	
1260002	8498.10547	3305780654295	0.49917	0.33899	8497.92480	0.18066	11604	1	0.52237	0.32087	1	0.48590	0.34565	1	0.50414	0.33326	1	0.48471	0.53309	13.19135	1.04349	1	0.74497	0.55626	13.86173	1.03583	1	-0.00380	-0.00915	0.68504	0.00382	1	0.06183	-0.01340	0.65917	0.00388	1	1.45898	0.81042	0	
1260003	8498.11230	3305780721582	0.49904	0.33791	8497.92480	0.18750	11604	1	0.52545	0.23128	1	0.46525	0.38416	1	0.49535	0.30772	1	0.48444	0.53199	12.61935	1.03583	1	0.74468	0.55657	14.21248	1.03583	1	-0.00380	-0.00915	0.68504	0.00403	1	0.06183	-0.01340	0.65917	0.00405	1	1.45898	0.81042	0	
1260004	8498.11914	3305780788833	0.49938	0.33767	8497.92480	0.19434	11604	1	0.54030	0.28627	1	0.47840	0.37531	1	0.50935	0.33079	1	0.48464	0.53267	13.04053	1.03583	1	0.74488	0.55648	14.14754	1.03583	1	-0.00380	-0.00915	0.68504	0.00410	1	0.06183	-0.01340	0.65917	0.00387	1	1.45898	0.81042	0	
1260005	8498.12598	3305780855405	0.49971	0.33735	8497.92480	0.20117	11604	1	0.54030	0.28627	1	0.47871	0.36920	1	0.50951	0.32773	1	0.48437	0.53357	12.92395	1.03583	1	0.74466	0.55691	14.48919	1.04349	1	-0.00380	-0.00915	0.68504	0.00372	1	0.06393	-0.01386	0.68212	0.00387	1	1.45898	0.81042	0	
1260006	8498.13281	3305780919420	0.50004	0.33696	8497.92480	0.20801	11604	1	0.53153	0.29525	1	0.48906	0.35469	1	0.51030	0.32497	1	0.48377	0.53390	13.41810	1.04349	1	0.74427	0.55714	13.33671	1.05115	1	-0.00380	-0.00915	0.68504	0.00376	1	0.06393	-0.01386	0.68212	0.00409	1	1.45898	0.81042	0	
1260007	8498.13867	3305780986740	0.50059	0.33345	8497.92480	0.21387	11604	1	0.54396	0.11749	1	0.49238	0.32474	1	0.51817	0.22111	1	0.48346	0.53196	11.98099	1.05115	1	0.74349	0.55720	13.85961	1.05881	1	-0.00380	-0.00915	0.68504	0.00272	1	0.06393	-0.01386	0.68212	0.00424	1	1.45898	0.81042	0	
1260008	8498.14551	3305781054440	0.50110	0.32994	8497.92480	0.22070	11604	1	0.54327	0.10975	1	0.49279	0.31839	1	0.51803	0.21407	1	0.48008	0.53656	13.66805	1.05881	1	0.74015	0.55806	14.51367	1.06647	1	-0.00439	-0.00929	0.68045	0.00367	1	0.06378	-0.01417	0.68706	0.00364	1	1.45898	0.81042	0	
1260009	8498.15332	3305781124177	0.49712	0.32858	8497.92480	0.22852	11604	1	0.35678	0.23485	1	0.36682	0.32973	1	0.36180	0.28229	1	0.47851	0.53417	12.08689	1.06647	1	0.73944	0.55795	13.87380	1.06647	1	-0.00439	-0.00929	0.68045	0.00271	1	0.06378	-0.01417	0.68706	0.00390	1	1.45898	0.81042	0	
1260010	8498.15918	3305781190969	0.48713	0.30363	8497.92480	0.22852	11604	0	0.39019	0.23309	1	0.40312	0.36885	1	0.39665	0.30097	1	0.47835	0.53415	11.47629	1.06647	1	0.73925	0.55835	13.62978	1.06647	1	-0.00439	-0.00929	0.68045	0.00281	1	0.06378	-0.01417	0.68706	0.00389	1	1.45898	0.81042	0	
1260011	8498.16602	3305781257488	0.44189	0.30230	8497.92480	0.22852	11604	0	0.39019	0.23309	1	0.40312	0.36885	1	0.39665	0.30097	1	0.47630	0.53519	12.24027	1.06647	1	0.73695	0.55883	14.19158	1.06647	1	-0.00483	-0.00956	0.68560	0.00255	1	0.06316	-0.01417	0.68702	0.00365	1	1.45898	0.81042	0	
1260012	8498.17285	3305781324603	0.38502	0.32190	8497.92480	0.22852	11604	0	0.27808	0.33814	1	0.26450	0.38405	1	0.27129	0.36110	1	0.47614	0.53518	12.12347	1.06647	1	0.73640	0.55910	14.23449	1.06647	1	-0.00483	-0.00956	0.68560	0.00274	1	0.06316	-0.01417	0.68702	0.00372	1	1.45898	0.81042	0	
1260013	8498.17969	3305781391523	0.31481	0.33136	8497.92480	0.22852	11604	0	0.29350	0.35094	1	0.25950	0.31309	1	0.27650	0.33202	1	0.47594	0.53534	12.20714	1.06647	1	0.73651	0.55876	13.87769	1.06647	1	-0.00483	-0.00956	0.68560	0.00273	1	0.06316	-0.01417	0.68702	0.00373	1	1.45898	0.81042	0	
1260014	8498.18652	3305781458830	0.29656	0.33491	8497.92480	0.22852	11604	0	0.29584	0.35727	1	0.26076	0.31963	1	0.27830	0.33845	1	0.47660	0.53783	13.00066	1.05845	1	0.73655	0.55891	13.99905	1.05845	1	-0.00470	-0.00921	0.66036	0.00403	1	0.06277	-0.01414	0.68285	0.00372	1	1.45898	0.81042	0	
1260015	8498.19336	3305781525765	0.28983	0.34632	8497.92480	0.22852	11604	0	0.27832	0.36187	1	0.27442	0.37643	1	0.27637	0.36915	1	0.47559	0.53548	12.46758	1.05044	1	0.73658	0.55909	14.27584	1.05044	1	-0.00470	-0.00921	0.66036	0.00269	1	0.06277	-0.01414	0.68285	0.00363	1	1.45898	0.81042	0	
1260016	8498.20020	3305781593506	0.29393	0.37483	8498.17969	0.02051	11605	1	0.32875	0.52935	1	0.28369	0.39136	1	0.30622	0.46035	1	0.47630	0.53734	12.56588	1.04242	1	0.73666	0.55904	14.18500	1.04242	1	-0.00470	-0.00921	0.66036	0.00385	1	0.06277	-0.01414	0.68285	0.00364	1	1.45898	0.81042	0	
1260017	8498.20605	3305781659354	0.29626	0.39127	8498.17969	0.02637	11605	1	0.32875	0.52935	1	0.28247	0.38474	1	0.30561	0.45704	1	0.47625	0.53739	12.82895	1.04242	1	0.73607	0.55898	14.30283	1.05110	1	-0.00506	-0.00961	0.68899	0.00382	1	0.06503	-0.01463	0.70917	0.00366	1	1.45898	0.81042	0	
1260018	8498.21289	3305781726538	0.28956	0.38788	8498.17969	0.03320	11605	1	0.25887	0.36868	1	0.25323	0.37317	1	0.25605	0.37093	1	0.47530	0.53553	12.45252	1.05912	1	0.73606	0.55886	14.41760	1.06780	1	-0.00506	-0.00961	0.68899	0.00265	1	0.06503	-0.01463	0.70917	0.00355	1	1.45898	0.81042	0	
1260019	8498.21973	3305781793421	0.28758	0.37668	8498.17969	0.04004	11605	1	0.25206	0.27684	1	0.29927	0.34207	1	0.27567	0.30945	1	0.47516	0.53550	12.40843	1.07581	1	0.73612	0.55880	14.29863	1.08449	1	-0.00506	-0.00961	0.68899	0.00276	1	0.06503	-0.01463	0.70917	0.00355	1	1.45898	0.81042	0	
1260020	8498.22656	3305781859992	0.28570	0.36699	8498.17969	0.04688	11605	1	0.24677	0.26253	1	0.29831	0.33582	1	0.27254	0.29918	1	0.47626	0.53770	12.13088	1.09251	1	0.73574	0.55882	14.25647	1.09251	1	-0.00506	-0.00961	0.68899	0.00391	1	0.06145	-0.01383	0.67062	0.00370	1	1.45898	0.81042	0	
1260021	8498.23340	3305781927893	0.28452	0.36081	8498.17969	0.05371	11605	1	0.28094	0.25377	1	0.26935	0.36902	1	0.27514	0.31139	1	0.47505	0.53551	12.13193	1.09251	1	0.73560	0.55897	14.08432	1.08383	1	-0.00506	-0.00961	0.68899	0.00268	1	0.06145	-0.01383	0.67062	0.00375	1	1.45898	0.81042	0	
1260022	8498.24023	3305781994298	0.28377	0.35688	8498.17969	0.06055	11605	1	0.28397	0.26913	1	0.27006	0.37379	1	0.27701	0.32146	1	0.47505	0.53558	12.04395	1.08383	1	0.73560	0.55900	14.08681	1.07515	1	-0.00506	-0.00961	0.68899	0.00263	1	0.06145	-0.01383	0.67062	0.00379	1	1.45898	0.81042	0	
1260023	8498.24707	3305782061204	0.28333	0.35429	8498.17969	0.06738	11605	1	0.28649	0.27655	1	0.27134	0.38034	1	0.27892	0.32845	1	0.47536	0.53789	12.59673	1.07515	1	0.73572	0.55883	13.56785	1.06647	1	-0.00518	-0.00955	0.67718	0.00377	1	0.06145	-0.01383	0.67062	0.00379	1	1.45898	0.81042	0	
1260024	8498.25293	3305782128038	0.28399	0.36050	8498.17969	0.07324	11605	1	0.31311	0.46356	1	0.26940	0.39398	1	0.29126	0.42877	1	0.47537	0.53793	12.87071	1.06647	1	0.73564	0.55880	13.67966	1.06647	1	-0.00518	-0.00955	0.67718	0.00376	1	0.06145	-0.01383	0.67062	0.00381	1	1.45898	0.81042	0	
1260025	8498.25977	3305782195177	0.28338	0.35868	8498.17969	0.08008	11605	1	0.26913	0.29056	1	0.28299	0.38309	1	0.27606	0.33682	1	0.47430	0.53576	12.08854	1.06647	1	0.73538	0.55897	13.46215	1.06647	1	-0.00518	-0.00955	0.67718	0.00265	1	0.06145	-0.01383	0.67062	0.00375	1	1.45898	0.81042	0	
1260026	8498.26660	3305782259856	0.28286	0.35712	8498.17969	0.08691	11605	1	0.26913	0.29056	1	0.28299	0.38309	1	0.27606	0.33682	1	0.47450	0.53722	12.68679	1.06647	1	0.73505	0.55853	13.91426	1.06647	1	-0.00531	-0.00970	0.68037	0.00421	1	0.06190	-0.01398	0.67777	0.00368	1	1.45898	0.81042	0	
1260027	8498.27344	3305782327589	0.28322	0.36128	8498.17969	0.09375	11605	1	0.29975	0.48478	1	0.27667	0.35443	1	0.28821	0.41960	1	0.47443	0.53794	12.65335	1.06647	1	0.73497	0.55871	13.88956	1.06647	1	-0.00531	-0.00970	0.68037	0.00391	1	0.06190	-0.01398	0.67777	0.00371	1	1.45898	0.81042	0	
1260028	8498.28027	3305782396357	0.28293	0.36051	8498.17969	0.10059	11605	1	0.27497	0.31693	1	0.28225	0.38098	1	0.27861	0.34896	1	0.47404	0.53587	12.11906	1.06647	1	0.73508	0.55863	13.93692	1.06647	1	-0.00531	-0.00970	0.68037	0.00266	1	0.06190	-0.01398	0.67777	0.00369	1	1.45898	0.81042	0	
1260029	8498.28711	3305782463448	0.28267	0.35983	8498.17969	0.10742	11605	1	0.27497	0.31693	1	0.28225	0.38098	1	0.27861	0.34896	1	0.47450	0.53837	12.88584	1.06647	1	0.73493	0.55837	13.34344	1.06647	1	-0.00544	-0.00975	0.68403	0.00394	1	0.06190	-0.01398	0.67777	0.00394	1	1.45898	0.81042	0	
1260030	8498.29395	3305782530768	0.28133	0.35966	8498.17969	0.11426	11605	1	0.27504	0.33481	1	0.24177	0.37857	1	0.25840	0.35669	1	0.47357	0.53625	12.56139	1.06647	1	0.73436	0.55836	14.06387	1.06647	1	-0.00544	-0.00975	0.68403	0.00266	1	0.06190	-0.01398	0.67777	0.00394	1	1.45898	0.81042	0	
1260031	8498.29980	3305782597450	0.28235	0.36325	8498.17969	0.12012	11605	1	0.33517	0.49985	1	0.26639	0.35612	1	0.30078	0.42799	1	0.47418	0.53834	12.91680	1.06647	1	0.73437	0.55827	13.37670	1.06647	1	-0.00544	-0.00975	0.68403	0.00388	1	0.06190	-0.01398	0.67777	0.00392	1	1.45898	0.81042	0	
1260032	8498.30664	3305782664360	0.28327	0.36649	8498.17969	0.12695	11605	1	0.33517	0.49985	1	0.26639	0.35612	1	0.30078	0.42799	1	0.47314	0.53652	12.55158	1.06647	1	0.73428	0.55869	13.97620	1.06647	1	-0.00561	-0.00970	0.68055	0.00263	1	0.06125	-0.01388	0.67290	0.00374	1	1.45898	0.81042	0	
1260033	8498.31348	3305782727000	0.28297	0.36559	8498.17969	0.13379	11605	1	0.27355	0.32191	1	0.28051	0.37333	1	0.27703	0.34762	1	0.47317	0.53650	12.36440	1.06647	1	0.73424	0.55894	14.02512	1.06647	1	-0.00561	-0.00970	0.68055	0.00273	1	0.06125	-0.01388	0.67290	0.00367	1	1.45898	0.81042	0	
1260034	8498.32031	3305782795074	0.28193	0.36335	8498.17969	0.14062	11605	1	0.24863	0.27383	1	0.27147	0.35889	1	0.26005	0.31636	1	0.47292	0.53652	12.12670	1.06647	1	0.73413	0.55832	13.51141	1.06647	1	-0.00561	-0.00970	0.68055	0.00268	1	0.06125	-0.01388	0.67290	0.00383	1	1.45898	0.81042	0	
1260035	8498.32715	3305782862149	0.28095	0.36116	8498.17969	0.14746	11605	1	0.24863	0.27383	1	0.27019	0.35218	1	0.25941	0.31300	1	0.47211	0.53687	11.76013	1.06647	1	0.73359	0.55864	13.76788	1.07515	1	-0.00566	-0.00971	0.67443	0.00265	1	0.06331	-0.01433	0.69722	0.00371	1	1.45898	0.81042	0	
1260036	8498.33301	3305782929799	0.27892	0.36091	8498.17969	0.15332	11605	1	0.23813	0.33339	1	0.22635	0.37659	1	0.23224	0.35499	1	0.47184	0.53700	11.93314	1.07515	1	0.73302	0.55889	13.48512	1.08383	1	-0.00566	-0.00971	0.67443	0.00277	1	0.06331	-0.01433	0.69722	0.00369	1	1.45898	0.81042	0	
1260037	8498.33984	3305782995583	0.27711	0.36091	8498.17969	0.16016	11605	1	0.24015	0.35187	1	0.22721	0.37003	1	0.23368	0.36095	1	0.47183	0.53714	12.12864	1.08383	1	0.73290	0.55916	13.92603	1.09251	1	-0.00566	-0.00971	0.67443	0.00270	1	0.06331	-0.01433	0.69722	0.00370	1	1.45898	0.81042	0	
1260038	8498.34668	3305783062174	0.27539	0.36078	8498.17969	0.16699	11605	1	0.23730	0.34510	1	0.22721	0.37003	1	0.23226	0.35757	1	0.47182	0.53742	12.61369	1.09251	1	0.73287	0.55886	14.09678	1.09251	1	-0.00584	-0.00995	0.68362	0.00271	1	0.06116	-0.01390	0.67413	0.00376	1	1.45898	0.81042	0	
1260039	8498.35352	3305783132862	0.27413	0.36074	8498.17969	0.17383	11605	1	0.23307	0.33922	1	0.24961	0.38024	1	0.24134	0.35973	1	0.47169	0.53734	12.47584	1.09251	1	0.73305	0.55911	14.52076	1.08383	1	-0.00584	-0.00995	0.68362	0.00270	1	0.06116	-0.01390	0.67413	0.00358	1	1.45898	0.81042	0	
1260040	8498.36035	3305783197435	0.27288	0.36135	8498.17969	0.18066	11605	1	0.22251	0.37041	1	0.25599	0.38523	1	0.23925	0.37782	1	0.47150	0.53743	12.27871	1.08383	1	0.73307	0.55902	14.46784	1.07515	1	-0.00584	-0.00995	0.68362	0.00270	1	0.06116	-0.01390	0.67413	0.00360	1	1.45898	0.81042	0	
1260041	8498.36719	3305783262204	0.27177	0.36203	8498.17969	0.18750	11605	1	0.22550	0.37704	1	0.25599	0.38523	1	0.24075	0.38113	1	0.47132	0.53743	12.00096	1.07515	1	0.73270	0.55913	14.32398	1.07515	1	-0.00584	-0.00995	0.68362	0.00271	1	0.06307	-0.01437	0.69685	0.00366	1	1.45898	0.81042	0	
1260042	8498.37402	3305783331147	0.27095	0.36194	8498.17969	0.19434	11605	1	0.25063	0.38547	1	0.24344	0.33301	1	0.24704	0.35924	1	0.47126	0.53745	12.40843	1.07515	1	0.73268	0.55880	14.49308	1.08383	1	-0.00584	-0.00995	0.68362	0.00275	1	0.06307	-0.01437	0.69685	0.00368	1	1.45898	0.81042	0	
1260043	8498.37988	3305783398486	0.27011	0.36184	8498.17969	0.20020	11605	1	0.24811	0.34988	1	0.24199	0.36775	1	0.24505	0.35882	1	0.47122	0.53745	12.21251	1.08383	1	0.73248	0.55882	14.01023	1.09251	1	-0.00584	-0.00995	0.68362	0.00275	1	0.06307	-0.01437	0.69685	0.00361	1	1.45898	0.81042	0	
1260044	8498.38770	3305783467995	0.26929	0.36164	8498.17969	0.20801	11605	1	0.24531	0.34310	1	0.24199	0.36775	1	0.24365	0.35543	1	0.47120	0.53763	12.64623	1.09251	1	0.73221	0.55884	14.13736	1.09251	1	-0.00602	-0.00990	0.68070	0.00261	1	0.06005	-0.01370	0.66408	0.00365	1	1.45898	0.81042	0	
1260045	8498.39355	3305783534792	0.24252	0.35395	8498.17969	0.20801	11605	0	0.23673	0.35103	1	0.23437	0.35357	1	0.23555	0.35230	1	0.47113	0.53760	12.32711	1.09251	1	0.73228	0.55888	14.35188	1.08383	1	-0.00602	-0.00990	0.68070	0.00263	1	0.06005	-0.01370	0.66408	0.00363	1	1.45898	0.81042	0	
1260046	8498.40039	3305783602223	0.24060	0.36029	8498.17969	0.20801	11605	0	0.24035	0.37460	1	0.23698	0.35868	1	0.23867	0.36664	1	0.47102	0.53761	12.22096	1.08383	1	0.73212	0.55878	13.95696	1.07515	1	-0.00602	-0.00990	0.68070	0.00269	1	0.06005	-0.01370	0.66408	0.00364	1	1.45898	0.81042	0	
1260047	8498.40723	3305783669016	0.24069	0.36461	8498.17969	0.20801	11605	0	0.24322	0.38118	1	0.23852	0.36533	1	0.24087	0.37325	1	0.47088	0.53775	12.19658	1.07515	1	0.73219	0.55901	14.14561	1.06647	1	-0.00602	-0.00990	0.68070	0.00263	1	0.06005	-0.01370	0.66408	0.00366	1	1.45898	0.81042	0	
1260048	8498.41406	3305783735991	0.23984	0.36717	8498.39355	0.02051	11606	1	0.23129	0.35496	1	0.24331	0.39472	1	0.23730	0.37484	1	0.47096	0.53781	11.92559	1.06647	1	0.73217	0.55903	14.24937	1.06647	1	-0.00602	-0.00990	0.68070	0.00270	1	0.06005	-0.01370	0.66408	0.00365	1	1.45898	0.81042	0	
1260049	8498.42090	3305783802897	0.24040	0.36672	8498.39355	0.02734	11606	1	0.23309	0.35978	1	0.25221	0.37010	1	0.24265	0.36494	1	0.47091	0.53782	12.30666	1.06647	1	0.73217	0.55899	13.93536	1.06647	1	-0.00602	-0.00990	0.68070	0.00262	1	0.06005	-0.01370	0.66408	0.00368	1	1.45898	0.81042	0	
1260050	8498.42773	3305783868624	0.24066	0.36587	8498.39355	0.03418	11606	1	0.23309	0.35978	1	0.25078	0.36348	1	0.24193	0.36163	1	0.47088	0.53784	12.23606	1.06647	1	0.73199	0.55853	13.73519	1.07515	1	-0.00602	-0.00990	0.68070	0.00265	1	0.06543	-0.01493	0.72408	0.00394	1	1.45898	0.81042	0	
1260051	8498.43457	3305783936948	0.23956	0.36247	8498.39355	0.04102	11606	1	0.22083	0.30038	1	0.24513	0.38367	1	0.23298	0.34203	1	0.47077	0.53777	12.41533	1.07515	1	0.73223	0.55934	14.41051	1.08383	1	-0.00602	-0.00990	0.68070	0.00266	1	0.06543	-0.01493	0.72408	0.00358	1	1.45898	0.81042	0	
1260052	8498.44043	3305784003937	0.23985	0.36006	8498.39355	0.04688	11606	1	0.22552	0.30707	1	0.25820	0.37938	1	0.24186	0.34323	1	0.47088	0.53782	12.26838	1.08383	1	0.73231	0.55922	14.12372	1.09251	1	-0.00602	-0.00990	0.68070	0.00264	1	0.06543	-0.01493	0.72408	0.00365	1	1.45898	0.81042	0	
1260053	8498.44727	3305784070792	0.23983	0.35744	8498.39355	0.05371	11606	1	0.22259	0.29993	1	0.25684	0.37299	1	0.23972	0.33646	1	0.47084	0.53788	12.09732	1.09251	1	0.73211	0.55943	13.93042	1.10119	1	-0.00601	-0.00993	0.67929	0.00271	1	0.06543	-0.01493	0.72408	0.00360	1	1.45898	0.81042	0	
1260054	8498.45410	3305784137820	0.23934	0.35228	8498.39355	0.06055	11606	1	0.24449	0.26545	1	0.22529	0.34625	1	0.23489	0.30585	1	0.47054	0.53776	11.96772	1.10119	1	0.73198	0.55898	13.76668	1.10119	1	-0.00601	-0.00993	0.67929	0.00262	1	0.06543	-0.01493	0.72408	0.00380	1	1.45898	0.81042	0	
1260055	8498.46094	3305784204665	0.24029	0.34836	8498.39355	0.06738	11606	1	0.26522	0.28448	1	0.23434	0.33392	1	0.24978	0.30920	1	0.47080	0.53800	12.10214	1.10119	1	0.73201	0.55891	13.57840	1.10119	1	-0.00601	-0.00993	0.67929	0.00259	1	0.06543	-0.01493	0.72408	0.00385	1	1.45898	0.81042	0	
1260056	8498.46777	3305784271935	0.24108	0.34510	8498.39355	0.07422	11606	1	0.26522	0.28448	1	0.23434	0.33392	1	0.24978	0.30920	1	0.47064	0.53794	11.92008	1.10119	1	0.73211	0.55945	13.86990	1.10119	1	-0.00601	-0.00993	0.67929	0.00252	1	0.06325	-0.01449	0.70003	0.00362	1	1.45898	0.81042	0	
1260057	8498.47461	3305784338919	0.24091	0.34543	8498.39355	0.08105	11606	1	0.24183	0.28788	1	0.23598	0.41076	1	0.23891	0.34932	1	0.47047	0.53797	11.70807	1.10119	1	0.73211	0.55956	13.95366	1.10119	1	-0.00601	-0.00993	0.67929	0.00263	1	0.06325	-0.01449	0.70003	0.00358	1	1.45898	0.81042	0	
1260058	8498.48145	3305784405888	0.24091	0.34491	8498.39355	0.08789	11606	1	0.24562	0.28941	1	0.23611	0.38691	1	0.24087	0.33816	1	0.47049	0.53785	11.84005	1.10119	1	0.73207	0.55947	13.75858	1.10119	1	-0.00601	-0.00993	0.67929	0.00258	1	0.06325	-0.01449	0.70003	0.00361	1	1.45898	0.81042	0	
1260059	8498.48730	3305784472722	0.24104	0.34487	8498.39355	0.09375	11606	1	0.24815	0.29602	1	0.23751	0.39271	1	0.24283	0.34436	1	0.47058	0.53802	11.74228	1.09317	1	0.73207	0.55947	13.70213	1.09317	1	-0.00588	-0.00968	0.65857	0.00260	1	0.06325	-0.01449	0.70003	0.00359	1	1.45898	0.81042	0	
1260060	8498.49414	3305784539775	0.24150	0.34504	8498.39355	0.10059	11606	1	0.25216	0.28424	1	0.24466	0.41093	1	0.24841	0.34759	1	0.47059	0.53790	11.72234	1.08516	1	0.73205	0.55958	13.83086	1.08516	1	-0.00588	-0.00968	0.65857	0.00265	1	0.06325	-0.01449	0.70003	0.00361	1	1.45898	0.81042	0	
1260061	8498.50098	3305784606674	0.24053	0.34585	8498.39355	0.10742	11606	1	0.20729	0.31133	1	0.24291	0.40637	1	0.22510	0.35885	1	0.47057	0.53789	11.62744	1.07714	1	0.73215	0.55947	13.83925	1.07714	1	-0.00588	-0.00968	0.65857	0.00264	1	0.06325	-0.01449	0.70003	0.00361	1	1.45898	0.81042	0	
1260062	8498.50781	3305784674025	0.23972	0.34675	8498.39355	0.11426	11606	1	0.20729	0.31133	1	0.24440	0.41263	1	0.22584	0.36198	1	0.47072	0.53784	11.31894	1.07714	1	0.73211	0.55952	13.89911	1.06846	1	-0.00601	-0.00993	0.67929	0.00276	1	0.06005	-0.01380	0.66408	0.00361	1	1.45898	0.81042	0	
1260063	8498.51465	3305784740930	0.23924	0.34777	8498.39355	0.12109	11606	1	0.22081	0.31147	1	0.24045	0.42068	1	0.23063	0.36607	1	0.47076	0.53781	11.81297	1.07648	1	0.73206	0.55941	13.64064	1.06780	1	-0.00601	-0.00993	0.67929	0.00273	1	0.06005	-0.01380	0.66408	0.00363	1	1.45898	0.81042	0	
1260064	8498.52148	3305784808343	0.23891	0.34808	8498.39355	0.12793	11606	1	0.21502	0.29678	1	0.25018	0.41141	1	0.23260	0.35409	1	0.47082	0.53775	11.96076	1.07581	1	0.73217	0.55938	13.69091	1.06713	1	-0.00601	-0.00993	0.67929	0.00265	1	0.06005	-0.01380	0.66408	0.00362	1	1.45898	0.81042	0	
1260065	8498.52832	3305784874551	0.23861	0.34839	8498.39355	0.13477	11606	1	0.21525	0.29734	1	0.25030	0.41189	1	0.23277	0.35461	1	0.47082	0.53775	11.96076	1.07515	1	0.73238	0.55920	13.17246	1.06647	1	-0.00602	-0.00990	0.68070	0.00265	1	0.06005	-0.01380	0.66408	0.00371	1	1.45898	0.81042	0	
1260066	8498.53418	3305784938708	0.23835	0.34933	8498.39355	0.14062	11606	1	0.22748	0.34999	1	0.23796	0.38794	1	0.23272	0.36897	1	0.47085	0.53773	12.01455	1.06647	1	0.73240	0.55924	13.12147	1.06647	1	-0.00602	-0.00990	0.68070	0.00263	1	0.06005	-0.01380	0.66408	0.00362	1	1.45898	0.81042	0	
1260067	8498.54102	3305785008322	0.23803	0.34970	8498.39355	0.14746	11606	1	0.22276	0.33593	1	0.23921	0.37976	1	0.23099	0.35784	1	0.47078	0.53767	11.68429	1.06647	1	0.73240	0.55924	13.12147	1.06647	1	-0.00602	-0.00990	0.68070	0.00266	1	0.06005	-0.01380	0.66408	0.00362	1	1.45898	0.81042	0	
1260068	8498.54785	3305785072788	0.23773	0.35004	8498.39355	0.15430	11606	1	0.22276	0.33593	1	0.23921	0.37976	1	0.23099	0.35784	1	0.47079	0.53770	11.99855	1.06647	1	0.73239	0.55937	13.06544	1.06647	1	-0.00602	-0.00990	0.68070	0.00259	1	0.06005	-0.01370	0.66408	0.00344	1	1.45898	0.81042	0	
1260069	8498.55469	3305785143361	0.23826	0.35209	8498.39355	0.16113	11606	1	0.23711	0.39777	1	0.26447	0.40510	1	0.25079	0.40143	1	0.47095	0.53784	12.28895	1.06647	1	0.73246	0.55944	13.14614	1.06647	1	-0.00602	-0.00990	0.68070	0.00256	1	0.06005	-0.01370	0.66408	0.00353	1	1.45898	0.81042	0	
1260070	8498.56152	3305785210059	0.23854	0.35358	8498.39355	0.16797	11606	1	0.22837	0.39028	1	0.26294	0.39122	1	0.24566	0.39075	1	0.47082	0.53784	12.06310	1.06647	1	0.73235	0.55934	12.94671	1.06647	1	-0.00602	-0.00990	0.68070	0.00260	1	0.06005	-0.01370	0.66408	0.00360	1	1.45898	0.81042	0	
1260071	8498.56836	3305785276457	0.23880	0.35496	8498.39355	0.17480	11606	1	0.22837	0.39028	1	0.26294	0.39122	1	0.24566	0.39075	1	0.47080	0.53755	11.62985	1.06647	1	0.73232	0.55929	13.25491	1.06647	1	-0.00602	-0.00990	0.68070	0.00266	1	0.06005	-0.01370	0.66408	0.00349	1	1.45898	0.81042	0	
1260072	8498.57520	3305785343706	0.23887	0.35648	8498.39355	0.18164	11606	1	0.21765	0.38344	1	0.26376	0.41198	1	0.24070	0.39771	1	0.47078	0.53761	11.83767	1.06647	1	0.73238	0.55931	13.12939	1.06647	1	-0.00602	-0.00990	0.68070	0.00256	1	0.06005	-0.01370	0.66408	0.00356	1	1.45898	0.81042	0	
1260073	8498.58105	3305785410296	0.23903	0.35723	8498.39355	0.18750	11606	1	0.22939	0.37305	1	0.25733	0.38297	1	0.24336	0.37801	1	0.47073	0.53742	11.52214	1.06647	1	0.73234	0.55923	13.15940	1.06647	1	-0.00602	-0.00990	0.68070	0.00264	1	0.06005	-0.01370	0.66408	0.00362	1	1.45898	0.81042	0	
1260074	8498.58789	3305785477660	0.23917	0.35792	8498.39355	0.19434	11606	1	0.22939	0.37305	1	0.25733	0.38297	1	0.24336	0.37801	1	0.47069	0.53736	11.75879	1.06647	1	0.73239	0.55906	13.14432	1.06647	1	-0.00602	-0.00990	0.68070	0.00258	1	0.06005	-0.01370	0.66408	0.00365	1	1.45898	0.81042	0	AUDIO_FILE_OFFSET
1260075	8498.59473	3305785544244	0.23961	0.35852	8498.39355	0.20117	11606	1	0.25720	0.36218	1	0.24848	0.39063	1	0.25284	0.37641	1	0.47081	0.53732	11.38687	1.06647	1	0.73221	0.55932	13.19435	1.06647	1	-0.00602	-0.00990	0.68070	0.00271	1	0.06005	-0.01370	0.66408	0.00359	1	1.45898	0.81042	0	
1260076	8498.60156	3305785607793	0.23954	0.35928	8498.39355	0.20801	11606	1	0.22347	0.35010	1	0.25130	0.41614	1	0.23738	0.38312	1	0.47076	0.53734	11.47040	1.06647	1	0.73226	0.55931	13.19234	1.06647	1	-0.00602	-0.00990	0.68070	0.00262	1	0.06005	-0.01370	0.66408	0.00364	1	1.45898	0.81042	0	
1260077	8498.60840	3305785678835	0.23948	0.36001	8498.39355	0.21484	11606	1	0.22347	0.35010	1	0.25130	0.41614	1	0.23738	0.38312	1	0.47070	0.53722	11.72019	1.06647	1	0.73232	0.55918	13.21530	1.06647	1	-0.00602	-0.00990	0.68070	0.00254	1	0.06005	-0.01370	0.66408	0.00368	1	1.45898	0.81042	0	
1260078	8498.61523	3305785743879	0.23953	0.36043	8498.39355	0.22168	11606	1	0.22035	0.35268	1	0.26246	0.39608	1	0.24141	0.37438	1	0.47074	0.53719	11.95760	1.06647	1	0.73235	0.55919	13.33686	1.06647	1	-0.00602	-0.00990	0.68070	0.00254	1	0.06005	-0.01370	0.66408	0.00365	1	1.45898	0.81042	0	
1260079	8498.62109	3305785809624	0.23970	0.36062	8498.39355	0.22754	11606	1	0.23823	0.34723	1	0.25274	0.38703	1	0.24549	0.36713	1	0.47076	0.53725	11.88431	1.06647	1	0.73226	0.55914	13.14218	1.06647	1	-0.00602	-0.00990	0.68070	0.00255	1	0.06005	-0.01370	0.66408	0.00369	1	1.45898	0.81042	0	
1260232	8499.64648	3305796061251	0.46401	0.61301	8499.58594	0.06055	11610	1	0.49709	0.58901	1	0.45096	0.65042	1	0.47402	0.61972	1	0.47827	0.54444	10.25699	1.08256	1	0.73868	0.56575	11.92970	1.08256	1	-0.00545	-0.01102	0.70626	0.00318	1	0.05994	-0.01436	0.65368	0.00303	1	1.45898	0.81042	0	START_TRIAL
1260233	8499.65332	3305796128553	0.46503	0.61437	8499.58594	0.06738	11610	1	0.49957	0.59965	1	0.45079	0.65642	1	0.47518	0.62803	1	0.47849	0.54448	10.10414	1.06309	1	0.73846	0.56546	11.48350	1.07075	1	-0.00529	-0.01058	0.67845	0.00326	1	0.06261	-0.01507	0.68326	0.00322	1	1.45898	0.81042	0	
1260234	8499.66016	3305796194270	0.46434	0.61567	8499.58594	0.07422	11610	1	0.47853	0.66628	1	0.43492	0.59350	1	0.45672	0.62989	1	0.47796	0.54463	11.57285	1.06166	1	0.73838	0.56540	11.34021	1.06932	1	-0.00529	-0.01058	0.67845	0.00302	1	0.06261	-0.01507	0.68326	0.00315	1	1.45898	0.81042	0	
1260235	8499.66699	3305796261345	0.46372	0.61743	8499.58594	0.08105	11610	1	0.47903	0.68196	1	0.43360	0.59523	1	0.45631	0.63859	1	0.47802	0.54440	10.95868	1.06024	1	0.73835	0.56539	11.45269	1.06790	1	-0.00529	-0.01058	0.67845	0.00311	1	0.06261	-0.01507	0.68326	0.00313	1	1.45898	0.81042	0	
1260236	8499.67285	3305796327927	0.46320	0.61900	8499.58594	0.08691	11610	1	0.47924	0.68263	1	0.43360	0.59604	1	0.45642	0.63933	1	0.47849	0.54480	11.46767	1.05881	1	0.73839	0.56533	11.30307	1.06647	1	-0.00529	-0.01058	0.67845	0.00307	1	0.06145	-0.01474	0.67062	0.00320	1	1.45898	0.81042	0	
1260237	8499.67969	3305796395656	0.46382	0.62006	8499.58594	0.09375	11610	1	0.51687	0.66192	1	0.42824	0.60791	1	0.47255	0.63492	1	0.47817	0.54466	11.64263	1.06647	1	0.73837	0.56535	11.48273	1.06647	1	-0.00529	-0.01058	0.67845	0.00309	1	0.06145	-0.01474	0.67062	0.00313	1	1.45898	0.81042	0	
1260238	8499.68652	3305796462879	0.46448	0.62346	8499.58594	0.10059	11610	1	0.51806	0.69860	1	0.43070	0.65053	1	0.47438	0.67457	1	0.47820	0.54472	11.74685	1.06647	1	0.73830	0.56537	11.37363	1.06647	1	-0.00529	-0.01058	0.67845	0.00306	1	0.06145	-0.01474	0.67062	0.00310	1	1.45898	0.81042	0	
1260239	8499.69336	3305796529669	0.46506	0.62647	8499.58594	0.10742	11610	1	0.51806	0.69860	1	0.43070	0.65053	1	0.47438	0.67457	1	0.47828	0.54478	11.84540	1.06647	1	0.73831	0.56525	11.10909	1.06647	1	-0.00529	-0.01058	0.67845	0.00302	1	0.06261	-0.01496	0.68326	0.00314	1	1.45898	0.81042	0	
1260240	8499.70020	3305796596044	0.46570	0.62924	8499.58594	0.11426	11610	1	0.50324	0.65115	1	0.44990	0.70151	1	0.47657	0.67633	1	0.47756	0.54405	11.05822	1.06647	1	0.73823	0.56543	11.73642	1.06647	1	-0.00529	-0.01058	0.67845	0.00317	1	0.06261	-0.01496	0.68326	0.00305	1	1.45898	0.81042	0	
1260241	8499.70703	3305796663502	0.46616	0.63145	8499.58594	0.12109	11610	1	0.50935	0.66453	1	0.43932	0.67781	1	0.47433	0.67117	1	0.47770	0.54423	10.81496	1.06647	1	0.73817	0.56528	11.63257	1.06647	1	-0.00529	-0.01058	0.67845	0.00298	1	0.06261	-0.01496	0.68326	0.00299	1	1.45898	0.81042	0	
1260242	8499.71289	3305796728443	0.46659	0.63381	8499.58594	0.12695	11610	1	0.51031	0.66840	1	0.43922	0.68882	1	0.47477	0.67861	1	0.47734	0.54426	11.08391	1.05845	1	0.73816	0.56515	11.44530	1.04399	1	-0.00517	-0.01019	0.65608	0.00319	1	0.05877	-0.01407	0.64248	0.00310	1	1.45898	0.81042	0	
1260243	8499.72070	3305796797442	0.46690	0.63542	8499.58594	0.13477	11610	1	0.50282	0.65692	1	0.44360	0.67837	1	0.47321	0.66764	1	0.47747	0.54439	10.76310	1.03597	1	0.73812	0.56508	11.64808	1.02150	1	-0.00517	-0.01019	0.65608	0.00309	1	0.05877	-0.01407	0.64248	0.00301	1	1.45898	0.81042	0	
1260244	8499.72656	3305796864592	0.46699	0.63763	8499.58594	0.14062	11610	1	0.50207	0.67750	1	0.43543	0.69093	1	0.46875	0.68421	1	0.47746	0.54452	10.78187	1.01348	1	0.73802	0.56494	11.64213	0.99902	1	-0.00517	-0.01019	0.65608	0.00311	1	0.05877	-0.01407	0.64248	0.00303	1	1.45898	0.81042	0	
1260245	8499.73340	3305796931040	0.46710	0.63998	8499.58594	0.14746	11610	1	0.50399	0.68466	1	0.43542	0.69829	1	0.46970	0.69148	1	0.47756	0.54451	10.95343	0.99902	1	0.73797	0.56477	11.67849	0.98455	1	-0.00542	-0.01058	0.68174	0.00306	1	0.05877	-0.01407	0.64248	0.00307	1	1.45898	0.81042	0	
1260246	8499.74023	3305796996973	0.47052	0.66683	8499.58594	0.14746	11610	0	0.52279	0.66572	1	0.42685	0.67546	1	0.47482	0.67059	1	0.47775	0.54438	10.68148	0.99257	1	0.73789	0.56470	11.68637	0.99257	1	-0.00542	-0.01058	0.68174	0.00312	1	0.05877	-0.01407	0.64248	0.00302	1	1.45898	0.81042	0	
1260247	8499.74707	3305797061997	0.47415	0.67370	8499.58594	0.14746	11610	0	0.52446	0.71773	1	0.43110	0.64338	1	0.47778	0.68056	1	0.47776	0.54438	11.01053	1.00058	1	0.73792	0.56444	11.20500	1.00058	1	-0.00542	-0.01058	0.68174	0.00293	1	0.05877	-0.01407	0.64248	0.00325	1	1.45898	0.81042	0	
1260248	8499.75391	3305797131490	0.47520	0.67400	8499.58594	0.14746	11610	0	0.52355	0.71404	1	0.43105	0.63515	1	0.47730	0.67460	1	0.47758	0.54406	10.78978	1.00860	1	0.73794	0.56448	11.58059	1.01541	1	-0.00549	-0.01053	0.67808	0.00296	1	0.06017	-0.01442	0.65831	0.00315	1	1.45898	0.81042	0	
1260249	8499.75977	3305797196876	0.47392	0.67024	8499.74023	0.01953	11611	1	0.51153	0.65149	1	0.42864	0.66645	1	0.47009	0.65897	1	0.47762	0.54372	10.79906	1.01541	1	0.73785	0.56482	12.02972	1.02222	1	-0.00549	-0.01053	0.67808	0.00289	1	0.06017	-0.01442	0.65831	0.00294	1	1.45898	0.81042	0	
1260250	8499.76660	3305797263029	0.47168	0.67442	8499.74023	0.02637	11611	1	0.50283	0.64828	1	0.42262	0.73395	1	0.46273	0.69112	1	0.47750	0.54336	10.33613	1.02222	1	0.73786	0.56455	11.55238	1.02902	1	-0.00549	-0.01053	0.67808	0.00316	1	0.06017	-0.01442	0.65831	0.00278	1	1.45898	0.81042	0	
1260251	8499.77344	3305797332991	0.47000	0.67591	8499.74023	0.03320	11611	1	0.50076	0.64002	1	0.42243	0.72677	1	0.46160	0.68339	1	0.47722	0.54213	10.75636	1.03811	1	0.73814	0.56214	11.59678	1.04492	1	-0.00549	-0.01050	0.69683	0.00342	1	0.06010	-0.01405	0.65749	0.00343	1	1.45898	0.81042	0	
1260252	8499.78027	3305797395426	0.47151	0.65688	8499.74023	0.04004	11611	1	0.48147	0.55299	1	0.47967	0.53238	1	0.48057	0.54269	1	0.47763	0.54077	11.21094	1.05400	1	0.73864	0.56173	12.19008	1.05400	1	-0.00549	-0.01050	0.69683	0.00318	1	0.06010	-0.01405	0.65749	0.00326	1	1.45898	0.81042	0	
1260253	8499.78711	3305797464473	0.47275	0.64900	8499.74023	0.04688	11611	1	0.50386	0.59570	1	0.45893	0.59196	1	0.48139	0.59383	1	0.47804	0.54081	11.73839	1.06309	1	0.73835	0.56136	11.59822	1.06309	1	-0.00549	-0.01050	0.69683	0.00317	1	0.06010	-0.01405	0.65749	0.00312	1	1.45898	0.81042	0	
1260254	8499.79395	3305797532530	0.47371	0.64287	8499.74023	0.05371	11611	1	0.50386	0.59570	1	0.45893	0.59196	1	0.48139	0.59383	1	0.47854	0.53840	11.32783	1.06309	1	0.73862	0.55886	11.80405	1.06309	1	-0.00515	-0.00974	0.67319	0.00373	1	0.06023	-0.01357	0.65793	0.00383	1	1.45898	0.81042	0	
1260255	8499.79980	3305797596761	0.47479	0.61890	8499.74023	0.05957	11611	1	0.49361	0.42845	1	0.47538	0.37791	1	0.48449	0.40318	1	0.47834	0.53781	11.05038	1.05400	1	0.73856	0.55828	12.04452	1.05400	1	-0.00515	-0.00974	0.67319	0.00399	1	0.06023	-0.01357	0.65793	0.00377	1	1.45898	0.81042	0	
1260256	8499.80762	3305797669277	0.47460	0.59719	8499.74023	0.06738	11611	1	0.49269	0.40008	1	0.45284	0.36008	1	0.47276	0.38008	1	0.47836	0.53757	10.89218	1.04492	1	0.73852	0.55791	11.87128	1.04492	1	-0.00515	-0.00974	0.67319	0.00397	1	0.06023	-0.01357	0.65793	0.00382	1	1.45898	0.81042	0	
1260257	8499.81445	3305797735431	0.47445	0.57884	8499.74023	0.07422	11611	1	0.49269	0.40008	1	0.45297	0.35393	1	0.47283	0.37700	1	0.47840	0.53778	11.25246	1.04492	1	0.73866	0.55831	12.26881	1.05258	1	-0.00545	-0.01006	0.70627	0.00369	1	0.06145	-0.01383	0.67062	0.00364	1	1.45898	0.81042	0	
1260258	8499.82031	3305797802464	0.47649	0.56423	8499.74023	0.08008	11611	1	0.52731	0.36344	1	0.47457	0.41428	1	0.50094	0.38886	1	0.47854	0.53728	10.96969	1.06166	1	0.73895	0.55827	12.62990	1.06932	1	-0.00545	-0.01006	0.70627	0.00391	1	0.06145	-0.01383	0.67062	0.00386	1	1.45898	0.81042	0	
1260259	8499.82715	3305797870037	0.47032	0.54713	8499.74023	0.08691	11611	1	0.52731	0.36344	0	0.39012	0.32485	1	0.39012	0.32485	1	0.47854	0.53728	10.96969	1.07841	0	0.47857	0.53765	11.32238	1.08607	1	-0.00545	-0.01006	0.70627	0.00391	1	0.06145	-0.01383	0.67062	0.00365	1	1.45898	0.81042	0	
1260260	8499.83398	3305797935633	0.46234	0.49519	8499.74023	0.08691	11611	0	0.52731	0.36344	0	0.38912	0.30450	1	0.38912	0.30450	1	0.47854	0.53728	10.96969	1.09515	0	0.47823	0.53793	11.14812	1.11149	1	-0.00545	-0.01006	0.70627	0.00391	1	-0.00545	-0.01006	0.70627	0.00393	1	1.45898	0.81042	0	
1260261	8499.84082	3305798003103	0.41718	0.42358	8499.74023	0.08691	11611	0	0.52731	0.36344	0	0.37202	0.35197	1	0.37202	0.35197	1	0.47854	0.53728	10.96969	1.11149	0	0.47828	0.53815	11.05615	1.12017	1	-0.00545	-0.01006	0.70627	0.00391	1	-0.00545	-0.01006	0.70627	0.00370	1	1.45898	0.81042	0	
1260262	8499.84766	3305798070299	0.40141	0.36883	8499.74023	0.08691	11611	0	0.52731	0.36344	0	0.36987	0.25933	1	0.36987	0.25933	1	0.47854	0.53728	10.96969	1.12017	0	0.47828	0.53735	11.09600	1.12885	1	-0.00545	-0.01006	0.70627	0.00391	1	-0.00545	-0.01006	0.70627	0.00408	1	1.45898	0.81042	0	
1260263	8499.85449	3305798137265	0.37059	0.29021	8499.74023	0.08691	11611	0	0.52731	0.36344	0	0.36987	0.25933	1	0.36987	0.25933	1	0.47854	0.53728	10.96969	1.12885	0	0.47836	0.53802	11.59811	1.12885	1	-0.00545	-0.01006	0.70627	0.00391	1	-0.00531	-0.00970	0.68037	0.00367	1	1.45898	0.81042	0	
1260264	8499.86133	3305798204545	0.38084	0.30422	8499.74023	0.08691	11611	0	0.52731	0.36344	0	0.39109	0.31823	1	0.39109	0.31823	1	0.47854	0.53728	10.96969	1.12885	0	0.47860	0.53796	11.84678	1.12017	1	-0.00545	-0.01006	0.70627	0.00391	1	-0.00531	-0.00970	0.68037	0.00362	1	1.45898	0.81042	0	
1260265	8499.86719	3305798271453	0.37870	0.30480	8499.74023	0.08691	11611	0	0.52731	0.36344	0	0.37441	0.30595	1	0.37441	0.30595	1	0.47854	0.53728	10.96969	1.12017	0	0.47837	0.53757	11.09239	1.11149	1	-0.00545	-0.01006	0.70627	0.00391	1	-0.00531	-0.00970	0.68037	0.00375	1	1.45898	0.81042	0	
1260266	8499.87402	3305798338288	0.37762	0.30508	8499.85449	0.01953	11612	1	0.52731	0.36344	0	0.37441	0.30595	1	0.37441	0.30595	1	0.47854	0.53728	10.96969	1.11149	0	0.47846	0.53756	11.15657	1.11149	1	-0.00545	-0.01006	0.70627	0.00391	1	-0.00554	-0.01002	0.70304	0.00375	1	1.45898	0.81042	0	
1260267	8499.88086	3305798405151	0.38293	0.30806	8499.85449	0.02637	11612	1	0.52731	0.36344	0	0.40416	0.31994	1	0.40416	0.31994	1	0.47854	0.53728	10.96969	1.11149	0	0.47834	0.53774	11.37448	1.12017	1	-0.00545	-0.01006	0.70627	0.00391	1	-0.00554	-0.01002	0.70304	0.00368	1	1.45898	0.81042	0	
1260268	8499.88770	3305798470490	0.38668	0.30011	8499.85449	0.03320	11612	1	0.52731	0.36344	0	0.40545	0.26037	1	0.40545	0.26037	1	0.47854	0.53728	10.96969	1.12017	0	0.47844	0.53750	11.20635	1.12885	1	-0.00545	-0.01006	0.70627	0.00391	1	-0.00554	-0.01002	0.70304	0.00372	1	1.45898	0.81042	0	
1260269	8499.89453	3305798539091	0.39758	0.29810	8499.85449	0.04004	11612	1	0.52046	0.31177	1	0.40545	0.26037	1	0.46296	0.28607	1	0.47833	0.53756	11.11930	1.12885	1	0.73896	0.55836	12.76194	1.12885	1	-0.00554	-0.01002	0.70304	0.00383	1	0.06145	-0.01383	0.67062	0.00389	1	1.45898	0.81042	0	
1260270	8499.90137	3305798605222	0.40861	0.30542	8499.85449	0.04688	11612	1	0.51430	0.30422	1	0.45728	0.40911	1	0.48579	0.35667	1	0.47810	0.53731	10.65732	1.12885	1	0.73902	0.55870	12.94259	1.12017	1	-0.00554	-0.01002	0.70304	0.00393	1	0.06145	-0.01383	0.67062	0.00375	1	1.45898	0.81042	0	
1260271	8499.90820	3305798673054	0.41827	0.31270	8499.85449	0.05371	11612	1	0.53472	0.32747	1	0.45638	0.41443	1	0.49555	0.37095	1	0.47830	0.53737	11.11346	1.12017	1	0.73904	0.55866	12.81698	1.11149	1	-0.00554	-0.01002	0.70304	0.00390	1	0.06145	-0.01383	0.67062	0.00377	1	1.45898	0.81042	0	
1260272	8499.91406	3305798740052	0.42603	0.31917	8499.85449	0.05957	11612	1	0.53552	0.33408	1	0.45622	0.42056	1	0.49587	0.37732	1	0.47777	0.53750	11.41066	1.11149	1	0.73889	0.55846	12.62526	1.10281	1	-0.00554	-0.01002	0.70304	0.00386	1	0.06145	-0.01383	0.67062	0.00375	1	1.45898	0.81042	0	
1260273	8499.92090	3305798807043	0.43088	0.32333	8499.85449	0.06641	11612	1	0.51378	0.31674	1	0.44494	0.41309	1	0.47936	0.36491	1	0.47805	0.53735	11.01715	1.10281	1	0.73886	0.55867	13.12211	1.10281	1	-0.00554	-0.01002	0.70304	0.00386	1	0.06145	-0.01383	0.67062	0.00373	1	1.45898	0.81042	0	
1260274	8499.92773	3305798873974	0.43442	0.32358	8499.85449	0.07324	11612	1	0.51057	0.26924	1	0.43622	0.38351	1	0.47339	0.32637	1	0.47805	0.53735	11.01715	1.10281	1	0.73872	0.55832	12.82059	1.10281	1	-0.00554	-0.01002	0.70304	0.00387	1	0.06145	-0.01383	0.67062	0.00382	1	1.45898	0.81042	0	
1260275	8499.93457	3305798940579	0.43746	0.32456	8499.85449	0.08008	11612	1	0.51158	0.27675	1	0.43619	0.39588	1	0.47389	0.33631	1	0.47822	0.53731	10.83092	1.09373	1	0.73884	0.55854	13.06168	1.08607	1	-0.00544	-0.00975	0.68403	0.00384	1	0.06023	-0.01357	0.65793	0.00382	1	1.45898	0.81042	0	
1260276	8499.94141	3305799008235	0.44104	0.32909	8499.85449	0.08691	11612	1	0.52324	0.29623	1	0.45214	0.47976	1	0.48769	0.38800	1	0.47812	0.53720	10.58453	1.07698	1	0.73896	0.55920	12.93597	1.06932	1	-0.00544	-0.00975	0.68403	0.00390	1	0.06023	-0.01357	0.65793	0.00392	1	1.45898	0.81042	0	
1260277	8499.94824	3305799074987	0.44339	0.33262	8499.85449	0.09375	11612	1	0.50853	0.31575	1	0.44381	0.44819	1	0.47617	0.38197	1	0.47787	0.53715	11.27981	1.06024	1	0.73887	0.55853	13.06685	1.05258	1	-0.00544	-0.00975	0.68403	0.00385	1	0.06023	-0.01357	0.65793	0.00380	1	1.45898	0.81042	0	
1260278	8499.95410	3305799139346	0.44549	0.33650	8499.85449	0.09961	11612	1	0.51050	0.32941	1	0.44367	0.46014	1	0.47708	0.39478	1	0.47800	0.53722	10.47454	1.04349	1	0.73896	0.55858	12.90773	1.03583	1	-0.00544	-0.00975	0.68403	0.00390	1	0.06023	-0.01352	0.65793	0.00377	1	1.45898	0.81042	0	
1260279	8499.96094	3305799208221	0.47392	0.35513	8499.85449	0.09961	11612	0	0.50403	0.35161	1	0.44373	0.48417	1	0.47388	0.41789	1	0.47772	0.53740	11.56246	1.03583	1	0.73883	0.55873	12.62352	1.03583	1	-0.00544	-0.00975	0.68403	0.00388	1	0.06023	-0.01352	0.65793	0.00387	1	1.45898	0.81042	0	
1260280	8499.96777	3305799276232	0.45855	0.42443	8499.85449	0.09961	11612	0	0.50403	0.35161	0	0.44318	0.49372	1	0.44318	0.49372	1	0.47772	0.53740	11.56246	1.03583	0	0.73883	0.55901	13.18712	1.03583	1	-0.00544	-0.00975	0.68403	0.00388	1	0.06023	-0.01352	0.65793	0.00384	1	1.45898	0.81042	0	
1260281	8499.97461	3305799342597	0.45855	0.42443	8499.85449	0.09961	11612	0	0.50403	0.35161	0	0.44318	0.49372	0	0.44318	0.49372	0	0.47772	0.53740	11.56246	1.03583	0	0.73883	0.55901	13.18712	1.03583	0	-0.00544	-0.00975	0.68403	0.00388	1	0.06023	-0.01352	0.65793	0.00384	1	1.45898	0.81042	0	
1260282	8499.98145	3305799409978	0.44318	0.49372	8499.85449	0.09961	11612	0	0.50403	0.35161	0	0.44318	0.49372	0	0.44318	0.49372	0	0.47772	0.53740	11.56246	1.03583	0	0.73883	0.55901	13.18712	1.03583	0	-0.00544	-0.00975	0.68403	0.00388	1	0.06023	-0.01352	0.65793	0.00384	1	1.45898	0.81042	0	
1260283	8499.98828	3305799476699	0.44318	0.49372	8499.85449	0.09961	11612	0	0.50403	0.35161	0	0.44318	0.49372	0	0.44318	0.49372	0	0.47772	0.53740	11.56246	1.03583	0	0.73883	0.55901	13.18712	1.03583	0	-0.00544	-0.00975	0.68403	0.00388	1	0.06023	-0.01352	0.65793	0.00384	1	1.45898	0.81042	0	
1260284	8499.99512	3305799543664	0.44318	0.49372	8499.85449	0.09961	11612	0	0.50403	0.35161	0	0.44318	0.49372	0	0.44318	0.49372	0	0.47772	0.53740	11.56246	1.03583	0	0.73883	0.55901	13.18712	1.03583	0	-0.00544	-0.00975	0.68403	0.00388	1	0.06023	-0.01352	0.65793	0.00384	1	1.45898	0.81042	0	
1260285	8500.00098	3305799604516	0.00000	0.00000	8499.85449	0.09961	11612	0	0.50403	0.35161	0	0.44318	0.49372	0	0.44318	0.49372	0	0.47772	0.53740	11.56246	1.03583	0	0.73883	0.55901	13.18712	1.03583	0	-0.00544	-0.00975	0.68403	0.00388	1	0.06023	-0.01352	0.65793	0.00384	1	1.45898	0.81042	0	
1260286	8500.00879	3305799678339	0.00000	0.00000	8499.85449	0.09961	11612	0	0.50403	0.35161	0	0.44318	0.49372	0	0.44318	0.49372	0	0.47772	0.53740	11.56246	1.03583	0	0.73883	0.55901	13.18712	1.03583	0	-0.00544	-0.00975	0.68403	0.00388	1	0.06023	-0.01352	0.65793	0.00384	1	1.45898	0.81042	0	
1260287	8500.01465	3305799744723	0.00000	0.00000	8499.85449	0.09961	11612	0	0.50403	0.35161	0	0.44318	0.49372	0	0.44318	0.49372	0	0.47772	0.53740	11.56246	1.03583	0	0.73883	0.55901	13.18712	1.03583	0	-0.00544	-0.00975	0.68403	0.00388	1	0.06023	-0.01352	0.65793	0.00384	1	1.45898	0.81042	0	
1260288	8500.02148	3305799811623	0.00000	0.00000	8499.85449	0.09961	11612	0	0.50403	0.35161	0	0.44318	0.49372	0	0.44318	0.49372	0	0.47772	0.53740	11.56246	1.03583	0	0.73883	0.55901	13.18712	1.03583	0	-0.00544	-0.00975	0.68403	0.00388	1	0.06023	-0.01352	0.65793	0.00384	1	1.45898	0.81042	0	
1260289	8500.02832	3305799878501	0.00000	0.00000	8499.85449	0.09961	11612	0	0.50403	0.35161	0	0.44318	0.49372	0	0.44318	0.49372	0	0.47772	0.53740	11.56246	1.03583	0	0.73883	0.55901	13.18712	1.03583	0	-0.00544	-0.00975	0.68403	0.00388	1	0.06023	-0.01352	0.65793	0.00384	1	1.45898	0.81042	0	
1260290	8500.03516	3305799945705	0.22165	0.24129	8499.85449	0.09961	11612	0	0.50403	0.35161	0	0.44331	0.48259	1	0.44331	0.48259	1	0.47832	0.53721	10.93806	1.03583	0	0.47832	0.53721	10.93806	1.05217	1	-0.00544	-0.00975	0.68403	0.00388	1	-0.00554	-0.01002	0.70304	0.00384	1	1.45898	0.81042	0	
1260291	8500.04199	3305800012672	0.42523	0.38978	8499.85449	0.09961	11612	0	0.50403	0.35161	0	0.40714	0.29696	1	0.40714	0.29696	1	0.47832	0.53721	10.93806	1.05217	0	0.47840	0.53709	11.15250	1.06851	1	-0.00544	-0.00975	0.68403	0.00388	1	-0.00554	-0.01002	0.70304	0.00395	1	1.45898	0.81042	0	
1260292	8500.04883	3305800079426	0.39950	0.33807	8499.85449	0.09961	11612	0	0.50403	0.35161	0	0.37378	0.28636	1	0.37378	0.28636	1	0.47832	0.53721	10.93806	1.06851	0	0.47823	0.53722	11.07735	1.08485	1	-0.00544	-0.00975	0.68403	0.00388	1	-0.00554	-0.01002	0.70304	0.00391	1	1.45898	0.81042	0	
1260293	8500.05469	3305800146610	0.39064	0.31629	8499.85449	0.09961	11612	0	0.50403	0.35161	0	0.37290	0.27272	1	0.37290	0.27272	1	0.47832	0.53721	10.93806	1.08485	0	0.47839	0.53765	11.32160	1.10119	1	-0.00544	-0.00975	0.68403	0.00388	1	-0.00554	-0.01002	0.70304	0.00380	1	1.45898	0.81042	0	
1260294	8500.06152	3305800214348	0.37472	0.28971	8499.85449	0.09961	11612	0	0.50403	0.35161	0	0.37748	0.31004	1	0.37748	0.31004	1	0.47832	0.53721	10.93806	1.10119	0	0.47839	0.53765	11.32160	1.10119	1	-0.00544	-0.00975	0.68403	0.00388	1	-0.00554	-0.01002	0.70304	0.00380	1	1.45898	0.81042	0	
1260295	8500.06836	3305800281384	0.39216	0.30621	8499.85449	0.09961	11612	0	0.50403	0.35161	0	0.40959	0.32272	1	0.40959	0.32272	1	0.47832	0.53721	10.93806	1.10119	0	0.47849	0.53765	11.24345	1.10119	1	-0.00544	-0.00975	0.68403	0.00388	1	-0.00554	-0.01002	0.70304	0.00383	1	1.45898	0.81042	0	
1260296	8500.07520	3305800347590	0.39797	0.31172	8499.85449	0.09961	11612	0	0.50403	0.35161	0	0.40959	0.32272	1	0.40959	0.32272	1	0.47832	0.53721	10.93806	1.10119	0	0.47837	0.53685	11.09315	1.10119	1	-0.00544	-0.00975	0.68403	0.00388	1	-0.00554	-0.01002	0.70304	0.00398	1	1.45898	0.81042	0	
1260297	8500.08203	3305800414439	0.39275	0.29506	8500.06152	0.02051	11613	1	0.50403	0.35161	0	0.37708	0.24509	1	0.37708	0.24509	1	0.47832	0.53721	10.93806	1.10119	0	0.47830	0.53691	11.07395	1.10119	1	-0.00544	-0.00975	0.68403	0.00388	1	-0.00554	-0.01002	0.70304	0.00393	1	1.45898	0.81042	0	
1260298	8500.08887	3305800481515	0.38973	0.28082	8500.06152	0.02734	11613	1	0.50403	0.35161	0	0.37766	0.22388	1	0.37766	0.22388	1	0.47832	0.53721	10.93806	1.10119	0	0.47834	0.53676	11.00162	1.10119	1	-0.00544	-0.00975	0.68403	0.00388	1	-0.00554	-0.01002	0.70304	0.00396	1	1.45898	0.81042	0	
1260299	8500.09570	3305800548577	0.39748	0.27698	8500.06152	0.03418	11613	1	0.49483	0.29196	1	0.37764	0.22353	1	0.43624	0.25775	1	0.47824	0.53681	10.79830	1.11028	1	0.73922	0.55824	11.71828	1.10160	1	-0.00543	-0.00988	0.68983	0.00402	1	0.06145	-0.01383	0.67062	0.00407	1	1.45898	0.81042	0	
1260300	8500.10254	3305800615830	0.40999	0.28615	8500.06152	0.04102	11613	1	0.51125	0.29610	1	0.45886	0.38629	1	0.48505	0.34120	1	0.47837	0.53753	11.30446	1.11068	1	0.73902	0.55816	11.68872	1.10200	1	-0.00543	-0.00988	0.68983	0.00381	1	0.06145	-0.01383	0.67062	0.00415	1	1.45898	0.81042	0	
1260301	8500.10840	3305800682615	0.41921	0.28719	8500.06152	0.04688	11613	1	0.50512	0.22144	1	0.46240	0.36742	1	0.48376	0.29443	1	0.47832	0.53677	10.92740	1.11109	1	0.73910	0.55810	11.79038	1.10241	1	-0.00543	-0.00988	0.68983	0.00402	1	0.06145	-0.01383	0.67062	0.00416	1	1.45898	0.81042	0	
1260302	8500.11523	3305800749253	0.42637	0.28828	8500.06152	0.05371	11613	1	0.50507	0.22109	1	0.46222	0.37290	1	0.48365	0.29699	1	0.47830	0.53771	11.39289	1.11149	1	0.73901	0.55799	11.89659	1.09515	1	-0.00543	-0.00988	0.68983	0.00366	1	0.05994	-0.01348	0.65368	0.00427	1	1.45898	0.81042	0	
1260303	8500.12207	3305800816330	0.43223	0.29573	8500.06152	0.06055	11613	1	0.50665	0.38429	1	0.46325	0.34134	1	0.48495	0.36281	1	0.47828	0.53779	11.18855	1.09515	1	0.73913	0.55829	11.80103	1.08749	1	-0.00543	-0.00988	0.68983	0.00361	1	0.05994	-0.01348	0.65368	0.00428	1	1.45898	0.81042	0	
1260304	8500.12891	3305800881999	0.43593	0.30269	8500.06152	0.06738	11613	1	0.50260	0.29783	1	0.44327	0.44676	1	0.47294	0.37229	1	0.47821	0.53729	11.07621	1.08749	1	0.73887	0.55886	12.26588	1.07983	1	-0.00543	-0.00988	0.68983	0.00361	1	0.05994	-0.01348	0.65368	0.00405	1	1.45898	0.81042	0	
1260305	8500.13574	3305800950292	0.43905	0.30897	8500.06152	0.07422	11613	1	0.50352	0.30405	1	0.44321	0.45210	1	0.47336	0.37808	1	0.47820	0.53741	11.09738	1.07983	1	0.73907	0.55845	12.10065	1.07218	1	-0.00543	-0.00999	0.68983	0.00362	1	0.05994	-0.01348	0.65368	0.00412	1	1.45898	0.81042	0	
1260306	8500.14160	3305801014164	0.44317	0.31223	8500.06152	0.08008	11613	1	0.51796	0.33787	1	0.46721	0.36464	1	0.49259	0.35126	1	0.47842	0.53762	11.15684	1.07218	1	0.73918	0.55824	11.72400	1.07218	1	-0.00543	-0.00999	0.68983	0.00364	1	0.05994	-0.01348	0.65368	0.00422	1	1.45898	0.81042	0	
1260307	8500.14844	3305801082348	0.44778	0.31540	8500.06152	0.08691	11613	1	0.54410	0.33983	1	0.47138	0.37358	1	0.50774	0.35670	1	0.47840	0.53777	11.43372	1.07218	1	0.73923	0.55834	11.91020	1.07218	1	-0.00543	-0.00999	0.68983	0.00360	1	0.05994	-0.01348	0.65368	0.00419	1	1.45898	0.81042	0	
1260308	8500.15527	3305801148872	0.45179	0.31796	8500.06152	0.09375	11613	1	0.54410	0.33983	1	0.47164	0.36766	1	0.50787	0.35375	1	0.47840	0.53753	11.08579	1.07218	1	0.73914	0.55860	12.26537	1.07983	1	-0.00543	-0.00999	0.68983	0.00371	1	0.06145	-0.01383	0.67062	0.00397	1	1.45898	0.81042	0	
1260309	8500.16211	3305801214259	0.45380	0.32134	8500.06152	0.10059	11613	1	0.51751	0.34199	1	0.45036	0.40222	1	0.48394	0.37211	1	0.47844	0.53761	11.13639	1.07983	1	0.73900	0.55893	12.42471	1.08749	1	-0.00543	-0.00999	0.68983	0.00370	1	0.06145	-0.01383	0.67062	0.00394	1	1.45898	0.81042	0	
1260310	8500.16895	3305801282266	0.48293	0.34076	8500.06152	0.10059	11613	0	0.51149	0.32206	1	0.45465	0.38137	1	0.48307	0.35172	1	0.47835	0.53764	11.25660	1.08749	1	0.73904	0.55875	12.35835	1.09515	1	-0.00543	-0.00999	0.68983	0.00367	1	0.06145	-0.01383	0.67062	0.00402	1	1.45898	0.81042	0	
1260311	8500.17578	3305801348634	0.48282	0.34329	8500.06152	0.10059	11613	0	0.51063	0.31601	1	0.45478	0.37565	1	0.48271	0.34583	1	0.47832	0.53755	11.32335	1.09515	1	0.73904	0.55887	12.54557	1.10281	1	-0.00554	-0.01023	0.70303	0.00367	1	0.06145	-0.01383	0.67062	0.00399	1	1.45898	0.81042	0	
1260312	8500.18164	3305801416362	0.48448	0.34440	8500.06152	0.10059	11613	0	0.51692	0.30970	1	0.45870	0.38354	1	0.48781	0.34662	1	0.47847	0.53773	11.31826	1.10281	1	0.73905	0.55879	12.57025	1.10281	1	-0.00554	-0.01023	0.70303	0.00368	1	0.06145	-0.01383	0.67062	0.00403	1	1.45898	0.81042	0	
1260313	8500.18848	3305801483175	0.48788	0.34641	8500.16895	0.01953	11614	1	0.53962	0.32336	1	0.45655	0.38152	1	0.49808	0.35244	1	0.47841	0.53753	11.11330	1.10281	1	0.73903	0.55881	12.59232	1.10281	1	-0.00554	-0.01023	0.70303	0.00372	1	0.06145	-0.01383	0.67062	0.00405	1	1.45898	0.81042	0	
1260314	8500.19531	3305801548584	0.48997	0.34957	8500.16895	0.02637	11614	1	0.54043	0.33041	1	0.45622	0.39395	1	0.49833	0.36218	1	0.47815	0.53764	10.86811	1.09373	1	0.73907	0.55866	12.26991	1.08607	1	-0.00537	-0.00997	0.68881	0.00365	1	0.05994	-0.01348	0.65368	0.00408	1	1.45898	0.81042	0	
1260315	8500.20215	3305801617249	0.48890	0.35299	8500.16895	0.03320	11614	1	0.50531	0.33031	1	0.46178	0.40988	1	0.48355	0.37009	1	0.47828	0.53740	11.15674	1.07698	1	0.73906	0.55884	12.09731	1.06932	1	-0.00537	-0.00997	0.68881	0.00367	1	0.05994	-0.01348	0.65368	0.00391	1	1.45898	0.81042	0	
1260316	8500.20898	3305801687107	0.48772	0.35878	8500.16895	0.04004	11614	1	0.51030	0.36221	1	0.45096	0.42491	1	0.48063	0.39356	1	0.47834	0.53778	11.34006	1.06024	1	0.73895	0.55886	12.34871	1.05258	1	-0.00537	-0.00997	0.68881	0.00352	1	0.05994	-0.01348	0.65368	0.00412	1	1.45898	0.81042	0	
1260317	8500.21582	3305801753899	0.48690	0.36310	8500.16895	0.04688	11614	1	0.51119	0.36812	1	0.45109	0.41852	1	0.48114	0.39332	1	0.47829	0.53740	10.93747	1.05258	1	0.73917	0.55864	12.04679	1.06126	1	-0.00543	-0.00999	0.68983	0.00372	1	0.06503	-0.01463	0.70917	0.00402	1	1.45898	0.81042	0	
1260318	8500.22266	3305801821492	0.48645	0.36419	8500.16895	0.05371	11614	1	0.50419	0.36840	1	0.46159	0.37737	1	0.48289	0.37289	1	0.47812	0.53780	11.16671	1.07034	1	0.73916	0.55856	11.99710	1.08668	1	-0.00543	-0.00999	0.68983	0.00359	1	0.06503	-0.01463	0.70917	0.00404	1	1.45898	0.81042	0	
1260319	8500.22949	3305801888140	0.48664	0.35931	8500.16895	0.06055	11614	1	0.50443	0.28253	1	0.47229	0.34824	1	0.48836	0.31539	1	0.47828	0.53726	11.07093	1.09577	1	0.73920	0.55844	11.92301	1.11211	1	-0.00543	-0.00999	0.68983	0.00384	1	0.06503	-0.01463	0.70917	0.00410	1	1.45898	0.81042	0	
1260320	8500.23633	3305801954956	0.48672	0.35444	8500.16895	0.06738	11614	1	0.50252	0.26913	1	0.47255	0.34237	1	0.48753	0.30575	1	0.47858	0.53771	11.21548	1.11211	1	0.73907	0.55839	12.05836	1.11977	1	-0.00531	-0.00990	0.68037	0.00375	1	0.06304	-0.01417	0.68689	0.00421	1	1.45898	0.81042	0	
1260321	8500.24316	3305802022448	0.48793	0.35218	8500.16895	0.07422	11614	1	0.52611	0.33830	1	0.47617	0.31641	1	0.50114	0.32736	1	0.47858	0.53813	11.54951	1.11068	1	0.73930	0.55794	11.66114	1.10200	1	-0.00531	-0.00990	0.68037	0.00353	1	0.06304	-0.01417	0.68689	0.00415	1	1.45898	0.81042	0	
1260322	8500.24902	3305802088729	0.48883	0.35058	8500.16895	0.08008	11614	1	0.52644	0.30929	1	0.47282	0.35334	1	0.49963	0.33132	1	0.47858	0.53750	11.19981	1.09292	1	0.73922	0.55813	11.84268	1.08424	1	-0.00531	-0.00990	0.68037	0.00372	1	0.06304	-0.01417	0.68689	0.00407	1	1.45898	0.81042	0	
1260323	8500.25586	3305802155719	0.48964	0.35020	8500.16895	0.08691	11614	1	0.52821	0.32345	1	0.47222	0.36723	1	0.50022	0.34534	1	0.47855	0.53832	11.76185	1.07515	1	0.73930	0.55818	11.75469	1.06647	1	-0.00537	-0.00997	0.68881	0.00349	1	0.06304	-0.01417	0.68689	0.00399	1	1.45898	0.81042	0	
1260324	8500.26270	3305802223029	0.49041	0.35231	8500.16895	0.09375	11614	1	0.53042	0.38008	1	0.47188	0.38359	1	0.50115	0.38183	1	0.47859	0.53792	11.58696	1.06647	1	0.73926	0.55842	11.95210	1.06647	1	-0.00537	-0.00997	0.68881	0.00349	1	0.06304	-0.01417	0.68689	0.00400	1	1.45898	0.81042	0	
1260325	8500.26953	3305802289975	0.48982	0.35442	8500.16895	0.10059	11614	1	0.49512	0.37157	1	0.46686	0.40039	1	0.48099	0.38598	1	0.47855	0.53797	11.16969	1.06647	1	0.73919	0.55859	11.98723	1.06647	1	-0.00537	-0.00997	0.68881	0.00352	1	0.06304	-0.01417	0.68689	0.00394	1	1.45898	0.81042	0	
1260326	8500.27637	3305802356677	0.48847	0.35712	8500.16895	0.10742	11614	1	0.49512	0.37157	0	0.46686	0.40039	1	0.46686	0.40039	1	0.47855	0.53797	11.16969	1.06647	0	0.47880	0.53749	11.39933	1.06647	1	-0.00537	-0.00997	0.68881	0.00352	1	-0.00518	-0.00975	0.67718	0.00361	1	1.45898	0.81042	0	
1260327	8500.28223	3305802420030	0.48362	0.35411	8500.16895	0.11328	11614	1	0.49512	0.37157	0	0.40113	0.30299	1	0.40113	0.30299	1	0.47855	0.53797	11.16969	1.06647	0	0.47911	0.53746	10.93659	1.06647	1	-0.00537	-0.00997	0.68881	0.00352	1	-0.00518	-0.00975	0.67718	0.00391	1	1.45898	0.81042	0	
1260328	8500.28906	3305802488084	0.48008	0.35047	8500.16895	0.12012	11614	1	0.49512	0.37157	0	0.41651	0.28486	1	0.41651	0.28486	1	0.47855	0.53797	11.16969	1.06647	0	0.47930	0.53742	11.08630	1.06647	1	-0.00537	-0.00997	0.68881	0.00352	1	-0.00518	-0.00975	0.67718	0.00391	1	1.45898	0.81042	0	
1260329	8500.29590	3305802557817	0.47690	0.34682	8500.16895	0.12695	11614	1	0.49512	0.37157	0	0.41637	0.27744	1	0.41637	0.27744	1	0.47855	0.53797	11.16969	1.06647	0	0.47923	0.53732	11.54369	1.07515	1	-0.00537	-0.00997	0.68881	0.00352	1	-0.00541	-0.01017	0.71371	0.00365	1	1.45898	0.81042	0	
1260330	8500.30273	3305802624689	0.47306	0.34433	8500.16895	0.13379	11614	1	0.49512	0.37157	0	0.39622	0.29456	1	0.39622	0.29456	1	0.47855	0.53797	11.16969	1.07515	0	0.47904	0.53702	11.07444	1.08383	1	-0.00537	-0.00997	0.68881	0.00352	1	-0.00541	-0.01017	0.71371	0.00388	1	1.45898	0.81042	0	
1260331	8500.30957	3305802692173	0.47042	0.34336	8500.16895	0.14062	11614	1	0.49512	0.37157	0	0.41506	0.32299	1	0.41506	0.32299	1	0.47855	0.53797	11.16969	1.08383	0	0.47930	0.53770	11.96079	1.09251	1	-0.00537	-0.00997	0.68881	0.00352	1	-0.00541	-0.01017	0.71371	0.00368	1	1.45898	0.81042	0	
1260332	8500.31641	3305802758468	0.46801	0.34217	8500.16895	0.14746	11614	1	0.49512	0.37157	0	0.41491	0.31606	1	0.41491	0.31606	1	0.47855	0.53797	11.16969	1.09251	0	0.47921	0.53722	11.49344	1.10119	1	-0.00537	-0.00997	0.68881	0.00352	1	-0.00541	-0.01017	0.71371	0.00396	1	1.45898	0.81042	0	
1260333	8500.32324	3305802826267	0.44275	0.33041	8500.16895	0.14746	11614	0	0.49512	0.37157	0	0.40398	0.32116	1	0.40398	0.32116	1	0.47855	0.53797	11.16969	1.10119	0	0.47921	0.53758	11.53234	1.10119	1	-0.00537	-0.00997	0.68881	0.00352	1	-0.00541	-0.01017	0.71371	0.00364	1	1.45898	0.81042	0	
1260334	8500.33008	3305802892903	0.43089	0.32584	8500.16895	0.14746	11614	0	0.49512	0.37157	0	0.41903	0.32128	1	0.41903	0.32128	1	0.47855	0.53797	11.16969	1.10119	0	0.47944	0.53767	11.68104	1.10119	1	-0.00537	-0.00997	0.68881	0.00352	1	-0.00541	-0.01017	0.71371	0.00373	1	1.45898	0.81042	0	
1260335	8500.33691	3305802960255	0.42694	0.32432	8500.16895	0.14746	11614	0	0.49512	0.37157	0	0.41903	0.32128	1	0.41903	0.32128	1	0.47855	0.53797	11.16969	1.10119	0	0.47934	0.53775	11.99761	1.10119	1	-0.00537	-0.00997	0.68881	0.00352	1	-0.00541	-0.01017	0.71371	0.00365	1	1.45898	0.81042	0	
1260336	8500.34277	3305803027756	0.42214	0.32443	8500.32324	0.01953	11615	1	0.49512	0.37157	0	0.40776	0.32477	1	0.40776	0.32477	1	0.47855	0.53797	11.16969	1.10119	0	0.47929	0.53741	11.90821	1.10119	1	-0.00537	-0.00997	0.68881	0.00352	1	-0.00541	-0.01017	0.71371	0.00386	1	1.45898	0.81042	0	
1260337	8500.34961	3305803090819	0.41398	0.30418	8500.32324	0.02637	11615	1	0.49512	0.37157	0	0.38131	0.22317	1	0.38131	0.22317	1	0.47855	0.53797	11.16969	1.10119	0	0.47914	0.53668	11.37119	1.10119	1	-0.00537	-0.00997	0.68881	0.00352	1	-0.00541	-0.01017	0.71371	0.00399	1	1.45898	0.81042	0	
1260338	8500.35645	3305803161465	0.40853	0.29068	8500.32324	0.03320	11615	1	0.49512	0.37157	0	0.38131	0.22317	1	0.38131	0.22317	1	0.47855	0.53797	11.16969	1.10119	0	0.47921	0.53738	11.35141	1.10119	1	-0.00537	-0.00997	0.68881	0.00352	1	-0.00541	-0.01017	0.71371	0.00384	1	1.45898	0.81042	0	
1260339	8500.36328	3305803227282	0.42148	0.29718	8500.32324	0.04004	11615	1	0.51997	0.37843	1	0.47837	0.29390	1	0.49917	0.33616	1	0.47934	0.53789	11.72727	1.10119	1	0.74017	0.55789	11.59689	1.10119	1	-0.00537	-0.00997	0.68881	0.00362	1	-0.00541	-0.01017	0.71371	0.00416	1	1.45898	0.81042	0	
1260340	8500.37012	3305803295891	0.43052	0.29333	8500.32324	0.04688	11615	1	0.51054	0.28670	1	0.47707	0.24609	1	0.49380	0.26639	1	0.47911	0.53682	11.15745	1.10119	1	0.74010	0.55791	11.60468	1.10119	1	-0.00537	-0.00997	0.68881	0.00378	1	-0.00541	-0.01017	0.71371	0.00417	1	1.45898	0.81042	0	
1260341	8500.37695	3305803361641	0.43752	0.28949	8500.32324	0.05371	11615	1	0.50953	0.27932	1	0.47741	0.23821	1	0.49347	0.25876	1	0.47912	0.53634	11.22404	1.11028	1	0.74039	0.55817	11.14933	1.11028	1	-0.00541	-0.01017	0.71371	0.00410	1	0.06493	-0.01455	0.70567	0.00412	1	1.45898	0.81042	0	
1260342	8500.38281	3305803427205	0.44418	0.29091	8500.32324	0.05957	11615	1	0.51986	0.34189	1	0.48856	0.26546	1	0.50421	0.30368	1	0.47924	0.53751	11.58670	1.11936	1	0.74024	0.55818	11.44912	1.11936	1	-0.00541	-0.01017	0.71371	0.00367	1	0.06493	-0.01455	0.70567	0.00406	1	1.45898	0.81042	0	
1260343	8500.38965	3305803496110	0.45062	0.29228	8500.32324	0.06641	11615	1	0.53874	0.30516	1	0.49127	0.30684	1	0.51500	0.30600	1	0.47921	0.53762	11.79418	1.12845	1	0.74036	0.55821	11.19742	1.12845	1	-0.00541	-0.01017	0.71371	0.00367	1	0.06493	-0.01455	0.70567	0.00409	1	1.45898	0.81042	0	
1260344	8500.39648	3305803561990	0.45405	0.29289	8500.32324	0.07324	11615	1	0.53874	0.30516	0	0.49171	0.29962	1	0.49171	0.29962	1	0.47921	0.53762	11.79418	1.13753	0	0.74046	0.55859	11.16231	1.13753	1	-0.00541	-0.01017	0.71371	0.00367	1	0.06493	-0.01455	0.70567	0.00398	1	1.45898	0.81042	0	
1260345	8500.40332	3305803629940	0.45405	0.29289	8500.32324	0.08008	11615	1	0.53874	0.30516	0	0.49171	0.29962	0	0.49171	0.29962	0	0.47921	0.53762	11.79418	1.13753	0	0.74046	0.55859	11.16231	1.13753	0	-0.00541	-0.01017	0.71371	0.00367	1	0.06493	-0.01455	0.70567	0.00398	1	1.45898	0.81042	0	
1260346	8500.41016	3305803694178	0.45405	0.29289	8500.32324	0.08691	11615	1	0.53874	0.30516	0	0.49171	0.29962	0	0.49171	0.29962	0	0.47921	0.53762	11.79418	1.13753	0	0.74046	0.55859	11.16231	1.13753	0	-0.00541	-0.01017	0.71371	0.00367	1	0.06493	-0.01455	0.70567	0.00398	1	1.45898	0.81042	0	
1260347	8500.41699	3305803764573	0.45405	0.29289	8500.32324	0.09375	11615	1	0.53874	0.30516	0	0.49171	0.29962	0	0.49171	0.29962	0	0.47921	0.53762	11.79418	1.13753	0	0.74046	0.55859	11.16231	1.13753	0	-0.00541	-0.01017	0.71371	0.00367	1	0.06493	-0.01455	0.70567	0.00398	1	1.45898	0.81042	0	
1260348	8500.42383	3305803830563	0.45507	0.28948	8500.32324	0.09375	11615	0	0.53874	0.30516	0	0.49171	0.29962	0	0.49171	0.29962	0	0.47921	0.53762	11.79418	1.13753	0	0.74046	0.55859	11.16231	1.13753	0	-0.00541	-0.01017	0.71371	0.00367	1	0.06493	-0.01455	0.70567	0.00398	1	1.45898	0.81042	0	
1260349	8500.43066	3305803897926	0.45507	0.28948	8500.32324	0.09375	11615	0	0.53874	0.30516	0	0.49171	0.29962	0	0.49171	0.29962	0	0.47921	0.53762	11.79418	1.13753	0	0.74046	0.55859	11.16231	1.13753	0	-0.00541	-0.01017	0.71371	0.00367	1	0.06493	-0.01455	0.70567	0.00398	1	1.45898	0.81042	0	
1260350	8500.43652	3305803964974	0.45507	0.28948	8500.32324	0.09375	11615	0	0.53874	0.30516	0	0.49171	0.29962	0	0.49171	0.29962	0	0.47921	0.53762	11.79418	1.13753	0	0.74046	0.55859	11.16231	1.13753	0	-0.00541	-0.01017	0.71371	0.00367	1	0.06493	-0.01455	0.70567	0.00398	1	1.45898	0.81042	0	
1260351	8500.44336	3305804031470	0.00000	0.00000	8500.32324	0.09375	11615	0	0.53874	0.30516	0	0.49171	0.29962	0	0.49171	0.29962	0	0.47921	0.53762	11.79418	1.13753	0	0.74046	0.55859	11.16231	1.13753	0	-0.00541	-0.01017	0.71371	0.00367	1	0.06493	-0.01455	0.70567	0.00398	1	1.45898	0.81042	0	
1260352	8500.45020	3305804098027	0.00000	0.00000	8500.32324	0.09375	11615	0	0.53874	0.30516	0	0.49171	0.29962	0	0.49171	0.29962	0	0.47921	0.53762	11.79418	1.13753	0	0.74046	0.55859	11.16231	1.13753	0	-0.00541	-0.01017	0.71371	0.00367	1	0.06493	-0.01455	0.70567	0.00398	1	1.45898	0.81042	0	
1260353	8500.45703	3305804166207	0.00000	0.00000	8500.32324	0.09375	11615	0	0.53874	0.30516	0	0.49171	0.29962	0	0.49171	0.29962	0	0.47921	0.53762	11.79418	1.13753	0	0.74046	0.55859	11.16231	1.13753	0	-0.00541	-0.01017	0.71371	0.00367	1	0.06493	-0.01455	0.70567	0.00398	1	1.45898	0.81042	0	
1260354	8500.46387	3305804232610	0.50494	0.26560	8500.32324	0.09375	11615	0	0.51207	0.31115	1	0.49781	0.22005	1	0.50494	0.26560	1	0.47921	0.53772	11.82389	1.13753	1	0.74037	0.55806	11.08691	1.13753	1	-0.00541	-0.01017	0.71371	0.00360	1	0.06493	-0.01455	0.70567	0.00412	1	1.45898	0.81042	0	
1260355	8500.47070	3305804299183	0.50047	0.26793	8500.32324	0.09375	11615	0	0.50422	0.27287	1	0.48780	0.26765	1	0.49601	0.27026	1	0.47910	0.53678	11.21957	1.13753	1	0.74022	0.55789	11.66002	1.13753	1	-0.00541	-0.01017	0.71371	0.00398	1	0.06493	-0.01455	0.70567	0.00411	1	1.45898	0.81042	0	
1260356	8500.47754	3305804366117	0.49898	0.26870	8500.32324	0.09375	11615	0	0.50422	0.27287	1	0.48780	0.26765	1	0.49601	0.27026	1	0.47900	0.53677	11.31940	1.13753	1	0.74036	0.55826	11.39758	1.13753	1	-0.00541	-0.01017	0.71371	0.00403	1	0.06493	-0.01455	0.70567	0.00406	1	1.45898	0.81042	0	
1260357	8500.48340	3305804433836	0.49938	0.27583	8500.46387	0.01953	11616	1	0.50694	0.29311	1	0.49422	0.30128	1	0.50058	0.29719	1	0.47918	0.53708	11.42274	1.13753	1	0.74032	0.55827	11.33731	1.13753	1	-0.00541	-0.01017	0.71371	0.00382	1	0.06493	-0.01455	0.70567	0.00407	1	1.45898	0.81042	0	
1260358	8500.49023	3305804500586	0.47508	0.27192	8500.46387	0.02637	11616	1	0.50694	0.29311	0	0.37786	0.25629	1	0.37786	0.25629	1	0.47918	0.53708	11.42274	1.13753	0	0.47916	0.53747	11.62924	1.13753	1	-0.00541	-0.01017	0.71371	0.00382	1	0.06493	-0.01455	0.70567	0.00373	1	1.45898	0.81042	0	
1260359	8500.49707	3305804567643	0.45895	0.27050	8500.46387	0.03320	11616	1	0.50694	0.29311	0	0.37828	0.26343	1	0.37828	0.26343	1	0.47918	0.53708	11.42274	1.13753	0	0.47970	0.53776	11.00373	1.12885	1	-0.00541	-0.01017	0.71371	0.00382	1	-0.00513	-0.00975	0.68450	0.00361	1	1.45898	0.81042	0	
1260360	8500.50391	3305804634391	0.44600	0.27859	8500.46387	0.04004	11616	1	0.50694	0.29311	0	0.36833	0.32713	1	0.36833	0.32713	1	0.47918	0.53708	11.42274	1.12885	0	0.47944	0.53781	11.44172	1.12017	1	-0.00541	-0.01017	0.71371	0.00382	1	-0.00513	-0.00975	0.68450	0.00360	1	1.45898	0.81042	0	
1260361	8500.51074	3305804701360	0.43740	0.27255	8500.46387	0.04688	11616	1	0.50694	0.29311	0	0.37720	0.23023	1	0.37720	0.23023	1	0.47918	0.53708	11.42274	1.12017	0	0.47951	0.53686	10.50815	1.11149	1	-0.00541	-0.01017	0.71371	0.00382	1	-0.00513	-0.00975	0.68450	0.00392	1	1.45898	0.81042	0	
1260362	8500.51758	3305804768573	0.43071	0.26785	8500.46387	0.05371	11616	1	0.50694	0.29311	0	0.37720	0.23023	1	0.37720	0.23023	1	0.47918	0.53708	11.42274	1.11149	0	0.47925	0.53658	11.00405	1.11149	1	-0.00541	-0.01017	0.71371	0.00382	1	-0.00521	-0.01001	0.70227	0.00402	1	1.45898	0.81042	0	
1260363	8500.52441	3305804835154	0.42684	0.27208	8500.46387	0.06055	11616	1	0.50694	0.29311	0	0.39196	0.31020	1	0.39196	0.31020	1	0.47918	0.53708	11.42274	1.11149	0	0.47978	0.53767	11.02168	1.12017	1	-0.00541	-0.01017	0.71371	0.00382	1	-0.00521	-0.01001	0.70227	0.00367	1	1.45898	0.81042	0	
1260364	8500.53027	3305804902291	0.42248	0.27446	8500.46387	0.06641	11616	1	0.50694	0.29311	0	0.37889	0.29825	1	0.37889	0.29825	1	0.47918	0.53708	11.42274	1.12017	0	0.47959	0.53760	10.70480	1.12885	1	-0.00541	-0.01017	0.71371	0.00382	1	-0.00521	-0.01001	0.70227	0.00362	1	1.45898	0.81042	0	
1260365	8500.53711	3305804968880	0.41885	0.27644	8500.46387	0.07324	11616	1	0.50694	0.29311	0	0.37889	0.29825	1	0.37889	0.29825	1	0.47918	0.53708	11.42274	1.12885	0	0.47964	0.53746	11.22836	1.12885	1	-0.00541	-0.01017	0.71371	0.00382	1	-0.00506	-0.00982	0.68899	0.00363	1	1.45898	0.81042	0	
1260366	8500.54395	3305805033739	0.41555	0.27710	8500.46387	0.08008	11616	1	0.50694	0.29311	0	0.37607	0.28501	1	0.37607	0.28501	1	0.47918	0.53708	11.42274	1.12885	0	0.47949	0.53730	10.46957	1.12017	1	-0.00541	-0.01017	0.71371	0.00382	1	-0.00506	-0.00982	0.68899	0.00372	1	1.45898	0.81042	0	
1260367	8500.55078	3305805099274	0.41366	0.27578	8500.46387	0.08691	11616	1	0.50694	0.29311	0	0.38904	0.25862	1	0.38904	0.25862	1	0.47918	0.53708	11.42274	1.12017	0	0.47967	0.53716	10.92102	1.11149	1	-0.00541	-0.01017	0.71371	0.00382	1	-0.00506	-0.00982	0.68899	0.00367	1	1.45898	0.81042	0	
1260368	8500.55762	3305805167592	0.41204	0.27512	8500.46387	0.09375	11616	1	0.50694	0.29311	0	0.38938	0.26592	1	0.38938	0.26592	1	0.47918	0.53708	11.42274	1.11149	0	0.47996	0.53739	11.50829	1.10281	1	-0.00541	-0.01017	0.71371	0.00382	1	-0.00506	-0.00982	0.68899	0.00359	1	1.45898	0.81042	0	
1260369	8500.56348	3305805234593	0.38131	0.27087	8500.46387	0.09375	11616	0	0.50694	0.29311	0	0.39265	0.22690	1	0.39265	0.22690	1	0.47918	0.53708	11.42274	1.10281	0	0.47975	0.53667	10.64949	1.10281	1	-0.00541	-0.01017	0.71371	0.00382	1	-0.00506	-0.00982	0.68899	0.00371	1	1.45898	0.81042	0	
1260370	8500.57031	3305805301896	0.38180	0.30084	8500.46387	0.09375	11616	0	0.50694	0.29311	0	0.38229	0.33081	1	0.38229	0.33081	1	0.47918	0.53708	11.42274	1.10281	0	0.47956	0.53694	10.84204	1.10281	1	-0.00541	-0.01017	0.71371	0.00382	1	-0.00506	-0.00982	0.68899	0.00369	1	1.45898	0.81042	0	
1260371	8500.57715	3305805367287	0.38196	0.31083	8500.46387	0.09375	11616	0	0.50694	0.29311	0	0.38229	0.33081	1	0.38229	0.33081	1	0.47918	0.53708	11.42274	1.10281	0	0.48003	0.53718	11.28151	1.10281	1	-0.00541	-0.01017	0.71371	0.00382	1	-0.00506	-0.00982	0.68899	0.00364	1	1.45898	0.81042	0	
1260372	8500.58398	3305805436310	0.38742	0.30265	8500.56348	0.02051	11617	1	0.50694	0.29311	0	0.40381	0.27812	1	0.40381	0.27812	1	0.47918	0.53708	11.42274	1.10281	0	0.47991	0.53728	11.19542	1.10281	1	-0.00541	-0.01017	0.71371	0.00382	1	-0.00506	-0.00982	0.68899	0.00369	1	1.45898	0.81042	0	
1260373	8500.59082	3305805502478	0.41129	0.32029	8500.56348	0.02734	11617	1	0.53399	0.36245	1	0.47950	0.41922	1	0.50674	0.39084	1	0.47989	0.53758	11.37999	1.10281	1	0.74092	0.55862	11.98896	1.10281	1	-0.00541	-0.01017	0.71371	0.00356	1	-0.00506	-0.00982	0.68899	0.00397	1	1.45898	0.81042	0	
1260374	8500.59766	3305805569106	0.42721	0.33360	8500.56348	0.03418	11617	1	0.53483	0.36918	1	0.47884	0.43111	1	0.50684	0.40014	1	0.47980	0.53768	11.11948	1.09373	1	0.74062	0.55873	12.40435	1.08607	1	-0.00506	-0.00982	0.68899	0.00362	1	0.06008	-0.01345	0.65193	0.00402	1	1.45898	0.81042	0	
1260375	8500.60449	3305805636790	0.44042	0.34150	8500.56348	0.04102	11617	1	0.52534	0.37621	1	0.51397	0.40154	1	0.51966	0.38888	1	0.47965	0.53730	10.96510	1.07698	1	0.74072	0.55837	11.76872	1.06932	1	-0.00506	-0.00982	0.68899	0.00346	1	0.06008	-0.01345	0.65193	0.00411	1	1.45898	0.81042	0	
1260376	8500.61133	3305805706055	0.44859	0.33772	8500.56348	0.04785	11617	1	0.52243	0.19417	1	0.48919	0.42839	1	0.50581	0.31128	1	0.47986	0.53479	9.93794	1.06024	1	0.74041	0.55846	11.38435	1.05258	1	-0.00506	-0.00982	0.68899	0.00196	1	0.06008	-0.01345	0.65193	0.00371	1	1.45898	0.81042	0	
1260377	8500.61816	3305805772905	0.45305	0.34854	8500.56348	0.05469	11617	1	0.52243	0.19417	0	0.48874	0.43507	1	0.48874	0.43507	1	0.47986	0.53479	9.93794	1.04349	0	0.74010	0.56102	9.41308	1.04349	1	-0.00506	-0.00982	0.68899	0.00196	1	0.06301	-0.01391	0.68432	0.00309	1	1.45898	0.81042	0	
1260378	8500.62402	3305805839192	0.45336	0.39579	8500.56348	0.06055	11617	1	0.52243	0.19417	0	0.45613	0.82107	1	0.45613	0.82107	1	0.47986	0.53479	9.93794	1.04349	0	0.73999	0.56221	8.76289	1.05115	1	-0.00506	-0.00982	0.68899	0.00196	1	0.06301	-0.01391	0.68432	0.00258	1	1.45898	0.81042	0	
1260379	8500.63086	3305805907043	0.45336	0.39579	8500.56348	0.06738	11617	1	0.52243	0.19417	0	0.45613	0.82107	0	0.45613	0.82107	0	0.47986	0.53479	9.93794	1.05115	0	0.73999	0.56221	8.76289	1.05881	0	-0.00506	-0.00982	0.68899	0.00196	1	0.06301	-0.01391	0.68432	0.00258	1	1.45898	0.81042	0	
1260380	8500.63770	3305805973923	0.45336	0.39579	8500.56348	0.07422	11617	1	0.52243	0.19417	0	0.45613	0.82107	0	0.45613	0.82107	0	0.47986	0.53479	9.93794	1.05881	0	0.73999	0.56221	8.76289	1.06647	0	-0.00506	-0.00982	0.68899	0.00196	1	0.06301	-0.01391	0.68432	0.00258	1	1.45898	0.81042	0	
1260381	8500.64453	3305806041140	0.45336	0.39579	8500.56348	0.08105	11617	1	0.52243	0.19417	0	0.45613	0.82107	0	0.45613	0.82107	0	0.47986	0.53479	9.93794	1.06647	0	0.73999	0.56221	8.76289	1.06647	0	-0.00506	-0.00982	0.68899	0.00196	1	0.06301	-0.01391	0.68432	0.00258	1	1.45898	0.81042	0	
1260382	8500.65137	3305806108474	0.46137	0.40967	8500.56348	0.08105	11617	0	0.52243	0.19417	0	0.45613	0.82107	0	0.45613	0.82107	0	0.47986	0.53479	9.93794	1.06647	0	0.73999	0.56221	8.76289	1.06647	0	-0.00506	-0.00982	0.68899	0.00196	1	0.06301	-0.01391	0.68432	0.00258	1	1.45898	0.81042	0	
1260383	8500.65820	3305806174503	0.46137	0.40967	8500.56348	0.08105	11617	0	0.52243	0.19417	0	0.45613	0.82107	0	0.45613	0.82107	0	0.47986	0.53479	9.93794	1.06647	0	0.73999	0.56221	8.76289	1.06647	0	-0.00506	-0.00982	0.68899	0.00196	1	0.06301	-0.01391	0.68432	0.00258	1	1.45898	0.81042	0	
1260384	8500.66504	3305806241959	0.46137	0.40967	8500.56348	0.08105	11617	0	0.52243	0.19417	0	0.45613	0.82107	0	0.45613	0.82107	0	0.47986	0.53479	9.93794	1.06647	0	0.73999	0.56221	8.76289	1.06647	0	-0.00506	-0.00982	0.68899	0.00196	1	0.06301	-0.01391	0.68432	0.00258	1	1.45898	0.81042	0	
1260385	8500.67090	3305806306669	0.00000	0.00000	8500.56348	0.08105	11617	0	0.52243	0.19417	0	0.45613	0.82107	0	0.45613	0.82107	0	0.47986	0.53479	9.93794	1.06647	0	0.73999	0.56221	8.76289	1.06647	0	-0.00506	-0.00982	0.68899	0.00196	1	0.06301	-0.01391	0.68432	0.00258	1	1.45898	0.81042	0	
1260386	8500.67773	3305806376137	0.00000	0.00000	8500.56348	0.08105	11617	0	0.52243	0.19417	0	0.45613	0.82107	0	0.45613	0.82107	0	0.47986	0.53479	9.93794	1.06647	0	0.73999	0.56221	8.76289	1.06647	0	-0.00506	-0.00982	0.68899	0.00196	1	0.06301	-0.01391	0.68432	0.00258	1	1.45898	0.81042	0	
1260387	8500.68457	3305806443181	0.00000	0.00000	8500.56348	0.08105	11617	0	0.52243	0.19417	0	0.45613	0.82107	0	0.45613	0.82107	0	0.47986	0.53479	9.93794	1.06647	0	0.73999	0.56221	8.76289	1.06647	0	-0.00506	-0.00982	0.68899	0.00196	1	0.06301	-0.01391	0.68432	0.00258	1	1.45898	0.81042	0	
1260388	8500.69141	3305806509951	0.00000	0.00000	8500.56348	0.08105	11617	0	0.52243	0.19417	0	0.45613	0.82107	0	0.45613	0.82107	0	0.47986	0.53479	9.93794	1.06647	0	0.73999	0.56221	8.76289	1.06647	0	-0.00506	-0.00982	0.68899	0.00196	1	0.06301	-0.01391	0.68432	0.00258	1	1.45898	0.81042	0	
1260389	8500.69824	3305806576733	0.00000	0.00000	8500.56348	0.08105	11617	0	0.52243	0.19417	0	0.45613	0.82107	0	0.45613	0.82107	0	0.47986	0.53479	9.93794	1.06647	0	0.73999	0.56221	8.76289	1.06647	0	-0.00506	-0.00982	0.68899	0.00196	1	0.06301	-0.01391	0.68432	0.00258	1	1.45898	0.81042	0	
1260390	8500.70508	3305806643417	0.00000	0.00000	8500.56348	0.08105	11617	0	0.52243	0.19417	0	0.45613	0.82107	0	0.45613	0.82107	0	0.47986	0.53479	9.93794	1.06647	0	0.73999	0.56221	8.76289	1.06647	0	-0.00506	-0.00982	0.68899	0.00196	1	0.06301	-0.01391	0.68432	0.00258	1	1.45898	0.81042	0	
1260391	8500.71191	3305806710983	0.00000	0.00000	8500.56348	0.08105	11617	0	0.52243	0.19417	0	0.45613	0.82107	0	0.45613	0.82107	0	0.47986	0.53479	9.93794	1.06647	0	0.73999	0.56221	8.76289	1.06647	0	-0.00506	-0.00982	0.68899	0.00196	1	0.06301	-0.01391	0.68432	0.00258	1	1.45898	0.81042	0	
1260392	8500.71875	3305806777789	0.00000	0.00000	8500.56348	0.08105	11617	0	0.52243	0.19417	0	0.45613	0.82107	0	0.45613	0.82107	0	0.47986	0.53479	9.93794	1.06647	0	0.73999	0.56221	8.76289	1.06647	0	-0.00506	-0.00982	0.68899	0.00196	1	0.06301	-0.01391	0.68432	0.00258	1	1.45898	0.81042	0	
1260393	8500.72461	3305806844475	0.00000	0.00000	8500.56348	0.08105	11617	0	0.52243	0.19417	0	0.45613	0.82107	0	0.45613	0.82107	0	0.47986	0.53479	9.93794	1.06647	0	0.73999	0.56221	8.76289	1.06647	0	-0.00506	-0.00982	0.68899	0.00196	1	0.06301	-0.01391	0.68432	0.00258	1	1.45898	0.81042	0	
1260394	8500.73145	3305806911737	0.00000	0.00000	8500.56348	0.08105	11617	0	0.52243	0.19417	0	0.45613	0.82107	0	0.45613	0.82107	0	0.47986	0.53479	9.93794	1.06647	0	0.73999	0.56221	8.76289	1.06647	0	-0.00506	-0.00982	0.68899	0.00196	1	0.06301	-0.01391	0.68432	0.00258	1	1.45898	0.81042	0	
1260395	8500.73828	3305806979308	0.00000	0.00000	8500.56348	0.08105	11617	0	0.52243	0.19417	0	0.45613	0.82107	0	0.45613	0.82107	0	0.47986	0.53479	9.93794	1.06647	0	0.73999	0.56221	8.76289	1.06647	0	-0.00506	-0.00982	0.68899	0.00196	1	0.06301	-0.01391	0.68432	0.00258	1	1.45898	0.81042	0	
1260396	8500.74512	3305807045806	0.00000	0.00000	8500.56348	0.08105	11617	0	0.52243	0.19417	0	0.45613	0.82107	0	0.45613	0.82107	0	0.47986	0.53479	9.93794	1.06647	0	0.73999	0.56221	8.76289	1.06647	0	-0.00506	-0.00982	0.68899	0.00196	1	0.06301	-0.01391	0.68432	0.00258	1	1.45898	0.81042	0	
1260397	8500.75195	3305807111922	0.00000	0.00000	8500.56348	0.08105	11617	0	0.52243	0.19417	0	0.45613	0.82107	0	0.45613	0.82107	0	0.47986	0.53479	9.93794	1.06647	0	0.73999	0.56221	8.76289	1.06647	0	-0.00506	-0.00982	0.68899	0.00196	1	0.06301	-0.01391	0.68432	0.00258	1	1.45898	0.81042	0	
1260398	8500.75781	3305807176900	0.00000	0.00000	8500.56348	0.08105	11617	0	0.52243	0.19417	0	0.45613	0.82107	0	0.45613	0.82107	0	0.47986	0.53479	9.93794	1.06647	0	0.73999	0.56221	8.76289	1.06647	0	-0.00506	-0.00982	0.68899	0.00196	1	0.06301	-0.01391	0.68432	0.00258	1	1.45898	0.81042	0	
1260399	8500.76465	3305807243619	0.00000	0.00000	8500.56348	0.08105	11617	0	0.52243	0.19417	0	0.45613	0.82107	0	0.45613	0.82107	0	0.47986	0.53479	9.93794	1.06647	0	0.73999	0.56221	8.76289	1.06647	0	-0.00506	-0.00982	0.68899	0.00196	1	0.06301	-0.01391	0.68432	0.00258	1	1.45898	0.81042	0	
1260400	8500.77148	3305807313755	0.00000	0.00000	8500.56348	0.08105	11617	0	0.52243	0.19417	0	0.45613	0.82107	0	0.45613	0.82107	0	0.47986	0.53479	9.93794	1.06647	0	0.73999	0.56221	8.76289	1.06647	0	-0.00506	-0.00982	0.68899	0.00196	1	0.06301	-0.01391	0.68432	0.00258	1	1.45898	0.81042	0	
1260401	8500.77832	3305807380564	0.00000	0.00000	8500.56348	0.08105	11617	0	0.52243	0.19417	0	0.45613	0.82107	0	0.45613	0.82107	0	0.47986	0.53479	9.93794	1.06647	0	0.73999	0.56221	8.76289	1.06647	0	-0.00506	-0.00982	0.68899	0.00196	1	0.06301	-0.01391	0.68432	0.00258	1	1.45898	0.81042	0	
1260402	8500.78516	3305807446280	0.00000	0.00000	8500.56348	0.08105	11617	0	0.52243	0.19417	0	0.45613	0.82107	0	0.45613	0.82107	0	0.47986	0.53479	9.93794	1.06647	0	0.73999	0.56221	8.76289	1.06647	0	-0.00506	-0.00982	0.68899	0.00196	1	0.06301	-0.01391	0.68432	0.00258	1	1.45898	0.81042	0	
1260403	8500.79199	3305807514705	0.00000	0.00000	8500.56348	0.08105	11617	0	0.52243	0.19417	0	0.45613	0.82107	0	0.45613	0.82107	0	0.47986	0.53479	9.93794	1.06647	0	0.73999	0.56221	8.76289	1.06647	0	-0.00506	-0.00982	0.68899	0.00196	1	0.06301	-0.01391	0.68432	0.00258	1	1.45898	0.81042	0	
1260404	8500.79883	3305807579715	0.00000	0.00000	8500.56348	0.08105	11617	0	0.52243	0.19417	0	0.45613	0.82107	0	0.45613	0.82107	0	0.47986	0.53479	9.93794	1.06647	0	0.73999	0.56221	8.76289	1.06647	0	-0.00506	-0.00982	0.68899	0.00196	1	0.06301	-0.01391	0.68432	0.00258	1	1.45898	0.81042	0	
1260405	8500.80566	3305807648384	0.00000	0.00000	8500.56348	0.08105	11617	0	0.52243	0.19417	0	0.45613	0.82107	0	0.45613	0.82107	0	0.47986	0.53479	9.93794	1.06647	0	0.73999	0.56221	8.76289	1.06647	0	-0.00506	-0.00982	0.68899	0.00196	1	0.06301	-0.01391	0.68432	0.00258	1	1.45898	0.81042	0	
1260406	8500.81250	3305807715791	0.00000	0.00000	8500.56348	0.08105	11617	0	0.52243	0.19417	0	0.45613	0.82107	0	0.45613	0.82107	0	0.47986	0.53479	9.93794	1.06647	0	0.73999	0.56221	8.76289	1.06647	0	-0.00506	-0.00982	0.68899	0.00196	1	0.06301	-0.01391	0.68432	0.00258	1	1.45898	0.81042	0	
1260407	8500.81836	3305807782461	0.00000	0.00000	8500.56348	0.08105	11617	0	0.52243	0.19417	0	0.45613	0.82107	0	0.45613	0.82107	0	0.47986	0.53479	9.93794	1.06647	0	0.73999	0.56221	8.76289	1.06647	0	-0.00506	-0.00982	0.68899	0.00196	1	0.06301	-0.01391	0.68432	0.00258	1	1.45898	0.81042	0	
1260408	8500.82520	3305807846996	0.23447	0.11980	8500.56348	0.08105	11617	0	0.47797	0.11215	1	0.45990	0.36703	1	0.46893	0.23959	1	0.47990	0.53409	11.99992	1.06647	1	0.74101	0.55823	13.09756	1.06647	1	-0.00506	-0.00982	0.68899	0.00236	1	0.06301	-0.01391	0.68432	0.00388	1	1.45898	0.81042	0	
1260409	8500.83203	3305807917208	0.47027	0.25938	8500.56348	0.08105	11617	0	0.47890	0.13860	1	0.46433	0.41976	1	0.47162	0.27918	1	0.47984	0.53413	12.05747	1.06647	1	0.74113	0.55831	13.25255	1.06647	1	-0.00506	-0.00982	0.68899	0.00238	1	0.06301	-0.01391	0.68432	0.00388	1	1.45898	0.81042	0	
1260410	8500.83887	3305807983270	0.47117	0.27271	8500.56348	0.08105	11617	0	0.48001	0.14646	1	0.46412	0.42563	1	0.47206	0.28604	1	0.47996	0.53418	11.68233	1.05845	1	0.74137	0.55840	12.79354	1.05845	1	-0.00470	-0.00921	0.66036	0.00238	1	0.06431	-0.01428	0.69504	0.00388	1	1.45898	0.81042	0	
1260411	8500.84570	3305808050529	0.47009	0.27777	8500.56348	0.08105	11617	0	0.48124	0.14514	1	0.45463	0.43060	1	0.46793	0.28787	1	0.47992	0.53415	11.57410	1.05044	1	0.74140	0.55833	12.70202	1.05044	1	-0.00470	-0.00921	0.66036	0.00238	1	0.06431	-0.01428	0.69504	0.00391	1	1.45898	0.81042	0	
1260412	8500.85254	3305808117428	0.47001	0.28228	8500.83203	0.02051	11618	1	0.48423	0.16214	1	0.45533	0.42952	1	0.46978	0.29583	1	0.47990	0.53413	11.64620	1.04242	1	0.74140	0.55833	12.70202	1.04242	1	-0.00470	-0.00921	0.66036	0.00237	1	0.06431	-0.01428	0.69504	0.00391	1	1.45898	0.81042	0	
1260413	8500.85938	3305808184623	0.46997	0.28499	8500.83203	0.02734	11618	1	0.48423	0.16214	1	0.45533	0.42952	1	0.46978	0.29583	1	0.47999	0.53396	11.45357	1.04242	1	0.74159	0.55821	12.22197	1.04242	1	-0.00483	-0.00956	0.68560	0.00242	1	0.06431	-0.01428	0.69504	0.00398	1	1.45898	0.81042	0	
1260414	8500.86523	3305808251525	0.47348	0.27778	8500.83203	0.03320	11618	1	0.49971	0.12787	1	0.48235	0.35551	1	0.49103	0.24169	1	0.48008	0.53405	11.88044	1.05044	1	0.74175	0.55750	12.01080	1.05044	1	-0.00483	-0.00956	0.68560	0.00238	1	0.06431	-0.01428	0.69504	0.00423	1	1.45898	0.81042	0	
1260415	8500.87207	3305808318079	0.47461	0.27410	8500.83203	0.04004	11618	1	0.48733	0.14025	1	0.47546	0.36386	1	0.48139	0.25205	1	0.47995	0.53416	11.82314	1.05845	1	0.74165	0.55751	12.04704	1.05845	1	-0.00483	-0.00956	0.68560	0.00238	1	0.06431	-0.01428	0.69504	0.00434	1	1.45898	0.81042	0	
1260416	8500.87891	3305808385420	0.47541	0.27045	8500.83203	0.04688	11618	1	0.48626	0.13235	1	0.47576	0.35752	1	0.48101	0.24493	1	0.48035	0.53652	12.39760	1.06647	1	0.74162	0.55777	12.29735	1.06647	1	-0.00483	-0.00956	0.68560	0.00365	1	0.06323	-0.01402	0.68224	0.00395	1	1.45898	0.81042	0	
1260417	8500.88574	3305808452060	0.47766	0.27758	8500.83203	0.05371	11618	1	0.51932	0.36979	1	0.47207	0.29934	1	0.49570	0.33456	1	0.48034	0.53639	12.29714	1.06647	1	0.74162	0.55765	12.39430	1.06647	1	-0.00483	-0.00956	0.68560	0.00372	1	0.06323	-0.01402	0.68224	0.00397	1	1.45898	0.81042	0	
1260418	8500.89258	3305808516968	0.47911	0.28096	8500.83203	0.06055	11618	1	0.52083	0.32015	1	0.46346	0.30264	1	0.49215	0.31140	1	0.48039	0.53632	12.31173	1.06647	1	0.74142	0.55759	12.61630	1.06647	1	-0.00483	-0.00956	0.68560	0.00374	1	0.06323	-0.01402	0.68224	0.00400	1	1.45898	0.81042	0	
1260419	8500.89941	3305808585965	0.48029	0.28402	8500.83203	0.06738	11618	1	0.52083	0.32015	1	0.46326	0.30909	1	0.49205	0.31462	1	0.48038	0.53601	12.08966	1.06647	1	0.74172	0.55733	12.28483	1.05881	1	-0.00483	-0.00956	0.68560	0.00375	1	0.06114	-0.01357	0.66023	0.00419	1	1.45898	0.81042	0	
1260420	8500.90625	3305808652936	0.48160	0.29075	8500.83203	0.07422	11618	1	0.51881	0.36215	1	0.47329	0.36734	1	0.49605	0.36474	1	0.48031	0.53614	12.20007	1.05881	1	0.74163	0.55766	12.38662	1.05115	1	-0.00483	-0.00956	0.68560	0.00389	1	0.06114	-0.01357	0.66023	0.00399	1	1.45898	0.81042	0	
1260421	8500.91211	3305808720245	0.48234	0.29758	8500.83203	0.08008	11618	1	0.51301	0.35387	1	0.46950	0.40527	1	0.49126	0.37957	1	0.48035	0.53625	12.22705	1.05115	1	0.74158	0.55808	12.60021	1.04349	1	-0.00483	-0.00956	0.68560	0.00382	1	0.06114	-0.01357	0.66023	0.00379	1	1.45898	0.81042	0	
1260422	8500.91895	3305808787251	0.48298	0.30315	8500.83203	0.08691	11618	1	0.51285	0.35275	1	0.46980	0.39834	1	0.49132	0.37554	1	0.48037	0.53620	11.93286	1.05258	1	0.74175	0.55709	12.26174	1.05258	1	-0.00481	-0.00962	0.68975	0.00384	1	0.06266	-0.01384	0.67616	0.00419	1	1.45898	0.81042	0	
1260423	8500.92578	3305808853755	0.48430	0.30562	8500.83203	0.09375	11618	1	0.52681	0.37471	1	0.47872	0.30582	1	0.50277	0.34026	1	0.48047	0.53636	12.60026	1.06166	1	0.74163	0.55712	12.28928	1.06932	1	-0.00481	-0.00962	0.68975	0.00373	1	0.06266	-0.01384	0.67616	0.00423	1	1.45898	0.81042	0	
1260424	8500.93262	3305808921264	0.48576	0.30556	8500.83203	0.10059	11618	1	0.52503	0.33359	1	0.49007	0.27578	1	0.50755	0.30468	1	0.48042	0.53606	11.89458	1.07841	1	0.74178	0.55698	12.35530	1.08607	1	-0.00481	-0.00962	0.68975	0.00383	1	0.06266	-0.01384	0.67616	0.00415	1	1.45898	0.81042	0	
1260425	8500.93945	3305808987887	0.48701	0.30534	8500.83203	0.10742	11618	1	0.52425	0.32757	1	0.49007	0.27578	1	0.50716	0.30168	1	0.48032	0.53570	12.03170	1.08607	1	0.74169	0.55787	13.49638	1.08607	1	-0.00473	-0.00957	0.68617	0.00405	1	0.06096	-0.01341	0.65721	0.00390	1	1.45898	0.81042	0	
1260426	8500.94531	3305809051166	0.48668	0.30907	8500.83203	0.11328	11618	1	0.49101	0.38930	1	0.47114	0.35582	1	0.48107	0.37256	1	0.48033	0.53631	12.28158	1.07698	1	0.74196	0.55780	13.35546	1.06932	1	-0.00473	-0.00957	0.68617	0.00378	1	0.06096	-0.01341	0.65721	0.00382	1	1.45898	0.81042	0	
1260427	8500.95215	3305809119287	0.48686	0.31087	8500.83203	0.12012	11618	1	0.49641	0.33118	1	0.48347	0.35523	1	0.48994	0.34320	1	0.48029	0.53560	11.91902	1.06024	1	0.74212	0.55756	13.00625	1.05258	1	-0.00473	-0.00957	0.68617	0.00400	1	0.06096	-0.01341	0.65721	0.00380	1	1.45898	0.81042	0	
1260428	8500.95898	3305809187580	0.49477	0.34102	8500.83203	0.12012	11618	0	0.49739	0.33732	1	0.48313	0.36139	1	0.49026	0.34936	1	0.48031	0.53573	12.08048	1.05258	1	0.74222	0.55774	13.13008	1.04492	1	-0.00489	-0.00999	0.71626	0.00404	1	0.06096	-0.01341	0.65721	0.00384	1	1.45898	0.81042	0	
1260429	8500.96582	3305809254080	0.49557	0.36844	8500.83203	0.12012	11618	0	0.50652	0.38650	1	0.48623	0.40522	1	0.49638	0.39586	1	0.48049	0.53599	12.43456	1.05400	1	0.74223	0.55797	13.18983	1.05400	1	-0.00489	-0.00999	0.71626	0.00405	1	0.06096	-0.01341	0.65721	0.00394	1	1.45898	0.81042	0	
1260430	8500.97266	3305809320177	0.48868	0.35938	8500.83203	0.12012	11618	0	0.49322	0.31110	1	0.45659	0.37141	1	0.47490	0.34125	1	0.48034	0.53541	12.31596	1.06309	1	0.74177	0.55790	13.61755	1.06309	1	-0.00489	-0.00999	0.71626	0.00401	1	0.06096	-0.01341	0.65721	0.00386	1	1.45898	0.81042	0	
1260431	8500.97949	3305809388242	0.48513	0.35228	8500.95898	0.02051	11619	1	0.49204	0.30366	1	0.45692	0.35835	1	0.47448	0.33101	1	0.48066	0.53594	12.75165	1.07218	1	0.74173	0.55799	13.79929	1.07983	1	-0.00489	-0.00999	0.71626	0.00367	1	0.06378	-0.01402	0.68706	0.00392	1	1.45898	0.81042	0	
1260432	8500.98633	3305809454171	0.48784	0.35820	8500.95898	0.02734	11619	1	0.51122	0.39359	1	0.48607	0.37010	1	0.49864	0.38184	1	0.48056	0.53622	13.04409	1.07983	1	0.74223	0.55795	13.52030	1.08749	1	-0.00489	-0.00999	0.71626	0.00382	1	0.06378	-0.01402	0.68706	0.00394	1	1.45898	0.81042	0	
1260433	8500.99219	3305809521133	0.48807	0.35811	8500.95898	0.03320	11619	1	0.51756	0.35567	1	0.46089	0.35975	1	0.48922	0.35771	1	0.48064	0.53600	12.78694	1.08749	1	0.74182	0.55800	13.66567	1.09515	1	-0.00489	-0.00999	0.71626	0.00381	1	0.06378	-0.01402	0.68706	0.00405	1	1.45898	0.81042	0	
1260434	8500.99902	3305809588075	0.48819	0.35722	8500.95898	0.04004	11619	1	0.51674	0.34986	1	0.46106	0.35387	1	0.48890	0.35186	1	0.48069	0.53592	12.80006	1.09515	1	0.74182	0.55800	13.66567	1.10281	1	-0.00489	-0.00999	0.71626	0.00376	1	0.06378	-0.01396	0.68706	0.00405	1	1.45898	0.81042	0	
1260435	8501.00586	3305809655641	0.48631	0.35775	8500.95898	0.04688	11619	1	0.51331	0.35805	1	0.43303	0.36483	1	0.47317	0.36144	1	0.48071	0.53604	12.86730	1.10281	1	0.74182	0.55800	13.66567	1.10281	1	-0.00489	-0.00999	0.71626	0.00384	1	0.06378	-0.01396	0.68706	0.00405	1	1.45898	0.81042	0	
1260436	8501.01270	3305809724921	0.48705	0.35486	8500.95898	0.05371	11619	1	0.51377	0.34006	1	0.47219	0.32343	1	0.49298	0.33174	1	0.48069	0.53588	12.79629	1.10281	1	0.74192	0.55765	13.39496	1.10281	1	-0.00489	-0.00999	0.71626	0.00383	1	0.06378	-0.01396	0.68706	0.00410	1	1.45898	0.81042	0	
1260437	8501.01953	3305809792268	0.48764	0.35255	8500.95898	0.06055	11619	1	0.51377	0.34006	1	0.47219	0.32343	1	0.49298	0.33174	1	0.48077	0.53589	12.71932	1.10281	1	0.74203	0.55789	13.38488	1.10281	1	-0.00489	-0.00999	0.71626	0.00379	1	0.06378	-0.01396	0.68706	0.00405	1	1.45898	0.81042	0	
1260438	8501.02637	3305809858947	0.48879	0.35162	8500.95898	0.06738	11619	1	0.52987	0.32293	1	0.47061	0.36180	1	0.50024	0.34236	1	0.48090	0.53575	12.70725	1.10281	1	0.74195	0.55796	13.38086	1.10281	1	-0.00489	-0.00999	0.71626	0.00395	1	0.06378	-0.01396	0.68706	0.00405	1	1.45898	0.81042	0	
1260439	8501.03320	3305809926583	0.48940	0.35037	8500.95898	0.07422	11619	1	0.51227	0.32409	1	0.48003	0.34903	1	0.49615	0.33656	1	0.48085	0.53586	12.96784	1.10281	1	0.74207	0.55775	13.37534	1.10281	1	-0.00489	-0.00999	0.71626	0.00390	1	0.06378	-0.01396	0.68706	0.00413	1	1.45898	0.81042	0	
1260440	8501.04004	3305809992923	0.48995	0.34985	8500.95898	0.08105	11619	1	0.51327	0.33115	1	0.47967	0.35605	1	0.49647	0.34360	1	0.48070	0.53605	13.29541	1.09373	1	0.74165	0.55774	13.90388	1.09373	1	-0.00473	-0.00957	0.68617	0.00388	1	0.06378	-0.01396	0.68706	0.00414	1	1.45898	0.81042	0	
1260441	8501.04688	3305810060180	0.48945	0.35064	8500.95898	0.08789	11619	1	0.51169	0.37227	1	0.45427	0.34959	1	0.48298	0.36093	1	0.48060	0.53569	12.86037	1.08464	1	0.74175	0.55772	13.97927	1.08464	1	-0.00473	-0.00957	0.68617	0.00390	1	0.06378	-0.01396	0.68706	0.00412	1	1.45898	0.81042	0	
1260442	8501.05371	3305810127457	0.48866	0.35170	8500.95898	0.09473	11619	1	0.50635	0.37798	1	0.44899	0.35517	1	0.47767	0.36657	1	0.48060	0.53571	12.84795	1.07556	1	0.74162	0.55769	13.94446	1.07556	1	-0.00473	-0.00957	0.68617	0.00387	1	0.06378	-0.01396	0.68706	0.00405	1	1.45898	0.81042	0	
1260443	8501.05957	3305810193865	0.48800	0.35325	8500.95898	0.10059	11619	1	0.50742	0.38477	1	0.44877	0.36831	1	0.47810	0.37654	1	0.48070	0.53568	12.76643	1.06647	1	0.74165	0.55736	13.71276	1.05881	1	-0.00473	-0.00957	0.68617	0.00387	1	0.06150	-0.01348	0.66309	0.00405	1	1.45898	0.81042	0	
1260444	8501.06641	3305810260679	0.48878	0.35397	8500.95898	0.10742	11619	1	0.50673	0.33866	1	0.49568	0.39229	1	0.50120	0.36547	1	0.48058	0.53567	13.02688	1.05881	1	0.74203	0.55690	13.15466	1.05115	1	-0.00473	-0.00957	0.68617	0.00369	1	0.06150	-0.01348	0.66309	0.00396	1	1.45898	0.81042	0	
1260445	8501.07324	3305810326718	0.48983	0.35307	8500.95898	0.11426	11619	1	0.51997	0.32955	1	0.49542	0.34607	1	0.50769	0.33781	1	0.48065	0.53554	13.29634	1.05115	1	0.74203	0.55690	13.15466	1.04349	1	-0.00473	-0.00957	0.68617	0.00365	1	0.06150	-0.01348	0.66309	0.00396	1	1.45898	0.81042	0	
1260446	8501.08008	3305810394774	0.49078	0.35260	8500.95898	0.12109	11619	1	0.52081	0.33575	1	0.49498	0.35236	1	0.50790	0.34405	1	0.48025	0.53566	12.73803	1.04349	1	0.74181	0.55657	13.10587	1.03583	1	-0.00483	-0.00956	0.68560	0.00363	1	0.06150	-0.01348	0.66309	0.00443	1	1.45898	0.81042	0	
1260447	8501.08691	3305810462687	0.49167	0.35061	8500.95898	0.12793	11619	1	0.51913	0.35628	1	0.49819	0.26921	1	0.50866	0.31275	1	0.48037	0.53549	12.51915	1.03583	1	0.74207	0.55591	12.90960	1.03583	1	-0.00483	-0.00956	0.68560	0.00370	1	0.06150	-0.01348	0.66309	0.00408	1	1.45898	0.81042	0	
1260448	8501.09375	3305810529093	0.49227	0.35107	8500.95898	0.13477	11619	1	0.53169	0.37656	1	0.47682	0.34400	1	0.50426	0.36028	1	0.48048	0.53560	12.35813	1.03583	1	0.74170	0.55622	13.63331	1.03583	1	-0.00483	-0.00956	0.68560	0.00366	1	0.06150	-0.01348	0.66309	0.00404	1	1.45898	0.81042	0	
1260449	8501.10059	3305810596670	0.49283	0.35118	8500.95898	0.14160	11619	1	0.53169	0.37656	1	0.47747	0.33047	1	0.50458	0.35351	1	0.48043	0.53563	12.48307	1.03583	1	0.74142	0.55664	13.16814	1.05217	1	-0.00483	-0.00956	0.68560	0.00367	1	0.06596	-0.01442	0.71226	0.00391	1	1.45898	0.81042	0	
1260450	8501.10645	3305810663909	0.49287	0.35199	8500.95898	0.14746	11619	1	0.51906	0.36681	1	0.46809	0.37299	1	0.49358	0.36990	1	0.48039	0.53570	12.61762	1.05217	1	0.74148	0.55691	13.85464	1.06851	1	-0.00483	-0.00956	0.68560	0.00369	1	0.06596	-0.01442	0.71226	0.00407	1	1.45898	0.81042	0	
1260451	8501.11328	3305810730703	0.49264	0.35137	8500.95898	0.15430	11619	1	0.52507	0.32928	1	0.44982	0.34503	1	0.48744	0.33716	1	0.48047	0.53564	12.57272	1.06851	1	0.74122	0.55691	13.48397	1.08485	1	-0.00483	-0.00956	0.68560	0.00364	1	0.06596	-0.01442	0.71226	0.00410	1	1.45898	0.81042	0	
1260452	8501.12012	3305810796730	0.49238	0.35026	8500.95898	0.16113	11619	1	0.52245	0.30904	1	0.44994	0.33788	1	0.48619	0.32346	1	0.48039	0.53569	12.39517	1.09394	1	0.74099	0.55682	13.69096	1.09394	1	-0.00501	-0.00981	0.70319	0.00360	1	0.06216	-0.01361	0.67234	0.00405	1	1.45898	0.81042	0	
1260453	8501.12695	3305810863222	0.49230	0.35082	8500.95898	0.16797	11619	1	0.53693	0.30990	1	0.44356	0.41986	1	0.49025	0.36488	1	0.48032	0.53564	12.04379	1.10302	1	0.74070	0.55737	14.18736	1.08668	1	-0.00501	-0.00981	0.70319	0.00361	1	0.06216	-0.01361	0.67234	0.00392	1	1.45898	0.81042	0	
1260454	8501.13379	3305810931203	0.49179	0.35110	8500.95898	0.17480	11619	1	0.50726	0.35192	1	0.45006	0.36487	1	0.47866	0.35840	1	0.47987	0.53587	12.61719	1.09577	1	0.74084	0.55695	13.77101	1.07943	1	-0.00501	-0.00981	0.70319	0.00384	1	0.06216	-0.01361	0.67234	0.00393	1	1.45898	0.81042	0	
1260455	8501.14062	3305810997881	0.49134	0.35156	8500.95898	0.18164	11619	1	0.50810	0.35741	1	0.44996	0.37048	1	0.47903	0.36394	1	0.47990	0.53557	12.63229	1.08852	1	0.74113	0.55663	13.63065	1.07218	1	-0.00508	-0.00975	0.69897	0.00355	1	0.05959	-0.01300	0.64455	0.00411	1	1.45898	0.81042	0	
1260456	8501.14648	3305811062250	0.49138	0.35273	8500.95898	0.18750	11619	1	0.51057	0.39523	1	0.47465	0.37579	1	0.49261	0.38551	1	0.47980	0.53609	12.51912	1.07218	1	0.74134	0.55701	13.26147	1.07218	1	-0.00508	-0.00975	0.69897	0.00378	1	0.05959	-0.01300	0.64455	0.00380	1	1.45898	0.81042	0	
1260457	8501.15332	3305811131041	0.49180	0.35298	8500.95898	0.19434	11619	1	0.53237	0.35309	1	0.47523	0.36760	1	0.50380	0.36035	1	0.47991	0.53592	12.65280	1.07218	1	0.74132	0.55690	13.26093	1.07218	1	-0.00508	-0.00975	0.69897	0.00374	1	0.05959	-0.01300	0.64455	0.00379	1	1.45898	0.81042	0	
1260458	8501.16016	3305811195310	0.49220	0.35335	8500.95898	0.20117	11619	1	0.53326	0.36009	1	0.47517	0.36871	1	0.50422	0.36440	1	0.47960	0.53566	12.10360	1.06309	1	0.74107	0.55685	13.52700	1.07075	1	-0.00493	-0.00932	0.67141	0.00390	1	0.06256	-0.01356	0.67721	0.00385	1	1.45898	0.81042	0	
1260459	8501.16699	3305811261339	0.49268	0.35297	8500.95898	0.20801	11619	1	0.51474	0.33652	1	0.50070	0.34596	1	0.50772	0.34124	1	0.47951	0.53545	11.81526	1.06166	1	0.74133	0.55661	12.98102	1.06932	1	-0.00493	-0.00932	0.67141	0.00396	1	0.06256	-0.01356	0.67721	0.00392	1	1.45898	0.81042	0	
1260460	8501.17383	3305811329528	0.49301	0.35164	8500.95898	0.21484	11619	1	0.51087	0.34178	1	0.49584	0.27642	1	0.50335	0.30910	1	0.47944	0.53554	12.05590	1.06024	1	0.74113	0.55563	12.78667	1.06790	1	-0.00493	-0.00932	0.67141	0.00395	1	0.06256	-0.01356	0.67721	0.00430	1	1.45898	0.81042	0	
1260461	8501.18066	3305811397346	0.49331	0.35043	8500.95898	0.22168	11619	1	0.51103	0.34291	1	0.49576	0.27766	1	0.50340	0.31029	1	0.47948	0.53524	12.16479	1.05881	1	0.74078	0.55680	12.74876	1.06647	1	-0.00493	-0.00932	0.67141	0.00382	1	0.06289	-0.01368	0.68080	0.00386	1	1.45898	0.81042	0	
1260462	8501.18750	3305811466539	0.49274	0.35054	8500.95898	0.22852	11619	1	0.49148	0.35352	1	0.45547	0.35539	1	0.47348	0.35445	1	0.47950	0.53622	12.22049	1.06647	1	0.74052	0.55668	13.36663	1.06647	1	-0.00493	-0.00932	0.67141	0.00376	1	0.06289	-0.01368	0.68080	0.00377	1	1.45898	0.81042	0	
1260463	8501.19434	3305811533681	0.49307	0.35028	8500.95898	0.23535	11619	1	0.51253	0.31152	1	0.49608	0.37063	1	0.50430	0.34108	1	0.47953	0.53563	12.05025	1.06647	1	0.74128	0.55680	13.07777	1.06647	1	-0.00493	-0.00932	0.67141	0.00408	1	0.06289	-0.01368	0.68080	0.00381	1	1.45898	0.81042	0	
1260464	8501.20020	3305811600297	0.49336	0.34983	8500.95898	0.24121	11619	1	0.51150	0.30411	1	0.49658	0.36354	1	0.50404	0.33382	1	0.48017	0.53593	11.73838	1.07556	1	0.74115	0.55668	13.03813	1.07556	1	-0.00508	-0.00975	0.69897	0.00390	1	0.06256	-0.01366	0.67721	0.00398	1	1.45898	0.81042	0	
1260465	8501.20703	3305811666854	0.49380	0.34903	8500.95898	0.24805	11619	1	0.52717	0.30598	1	0.49263	0.33257	1	0.50990	0.31927	1	0.48014	0.53588	11.57748	1.08464	1	0.74117	0.55668	13.12614	1.08464	1	-0.00508	-0.00975	0.69897	0.00398	1	0.06256	-0.01366	0.67721	0.00410	1	1.45898	0.81042	0	
1260466	8501.21387	3305811733728	0.49430	0.34815	8500.95898	0.25488	11619	1	0.53798	0.32035	1	0.48879	0.30931	1	0.51338	0.31483	1	0.47994	0.53612	11.75949	1.09373	1	0.74114	0.55650	13.08625	1.09373	1	-0.00508	-0.00975	0.69897	0.00383	1	0.06256	-0.01366	0.67721	0.00416	1	1.45898	0.81042	0	
1260467	8501.22070	3305811801523	0.49477	0.34714	8500.95898	0.26172	11619	1	0.53716	0.31321	1	0.48922	0.30189	1	0.51319	0.30755	1	0.48016	0.53599	11.76172	1.10281	1	0.74141	0.55625	12.77026	1.10281	1	-0.00508	-0.00975	0.69897	0.00390	1	0.06289	-0.01379	0.68080	0.00404	1	1.45898	0.81042	0	
1260468	8501.22754	3305811868542	0.49532	0.34636	8500.95898	0.26855	11619	1	0.53716	0.31321	1	0.49744	0.31761	1	0.51730	0.31541	1	0.47994	0.53612	11.75949	1.10281	1	0.74120	0.55672	13.03667	1.10281	1	-0.00508	-0.00975	0.69897	0.00383	1	0.06289	-0.01379	0.68080	0.00404	1	1.45898	0.81042	0	
1260469	8501.23340	3305811932647	0.49570	0.34534	8500.95898	0.27441	11619	1	0.52657	0.30328	1	0.49609	0.30358	1	0.51133	0.30343	1	0.47982	0.53607	11.19761	1.10281	1	0.74118	0.55651	13.10354	1.10281	1	-0.00508	-0.00975	0.69897	0.00383	1	0.06289	-0.01379	0.68080	0.00409	1	1.45898	0.81042	0	
1260470	8501.24023	3305812000709	0.49607	0.34454	8500.95898	0.28125	11619	1	0.52746	0.31050	1	0.49560	0.31100	1	0.51153	0.31075	1	0.47963	0.53616	11.11249	1.09373	1	0.74140	0.55623	12.74686	1.09373	1	-0.00506	-0.00961	0.68899	0.00388	1	0.06289	-0.01379	0.68080	0.00405	1	1.45898	0.81042	0	
1260471	8501.24707	3305812064754	0.49633	0.34533	8500.95898	0.28809	11619	1	0.52476	0.37529	1	0.49016	0.38338	1	0.50746	0.37934	1	0.47968	0.53647	11.31447	1.08464	1	0.74115	0.55706	13.05201	1.08464	1	-0.00506	-0.00961	0.68899	0.00377	1	0.06289	-0.01379	0.68080	0.00385	1	1.45898	0.81042	0	
1260472	8501.25391	3305812133656	0.49678	0.34627	8500.95898	0.29492	11619	1	0.53190	0.39026	1	0.50151	0.38488	1	0.51671	0.38757	1	0.47975	0.53666	11.53546	1.07556	1	0.74133	0.55702	12.95801	1.07556	1	-0.00506	-0.00961	0.68899	0.00370	1	0.06289	-0.01379	0.68080	0.00387	1	1.45898	0.81042	0	
1260473	8501.26074	3305812202082	0.49722	0.34731	8500.95898	0.30176	11619	1	0.53279	0.39693	1	0.50096	0.39180	1	0.51688	0.39436	1	0.47984	0.53659	11.57250	1.06647	1	0.74092	0.55684	12.51094	1.06647	1	-0.00506	-0.00961	0.68899	0.00371	1	0.06289	-0.01379	0.68080	0.00390	1	1.45898	0.81042	0	
1260474	8501.26758	3305812266164	0.49750	0.34716	8500.95898	0.30859	11619	1	0.54957	0.33028	1	0.47108	0.34981	1	0.51033	0.34004	1	0.48011	0.53648	11.29432	1.06647	1	0.74083	0.55664	12.02494	1.06647	1	-0.00506	-0.00961	0.68899	0.00375	1	0.06289	-0.01379	0.68080	0.00414	1	1.45898	0.81042	0	
1260475	8501.27344	3305812332340	0.49784	0.34722	8500.95898	0.31445	11619	1	0.54715	0.35196	1	0.48096	0.34874	1	0.51406	0.35035	1	0.48002	0.53657	12.02322	1.06647	1	0.74094	0.55675	12.24095	1.06647	1	-0.00506	-0.00961	0.68899	0.00372	1	0.06289	-0.01379	0.68080	0.00414	1	1.45898	0.81042	0	
1260476	8501.28125	3305812403521	0.49824	0.34742	8500.95898	0.32227	11619	1	0.54715	0.35196	1	0.48096	0.34874	1	0.51406	0.35035	1	0.47972	0.53629	11.79403	1.06647	1	0.74080	0.55686	12.33119	1.06647	1	-0.00493	-0.00942	0.67141	0.00375	1	0.06224	-0.01367	0.67488	0.00412	1	1.45898	0.81042	0	
1260477	8501.28711	3305812469145	0.49795	0.34700	8500.95898	0.32812	11619	1	0.50848	0.38698	1	0.45592	0.36491	1	0.48220	0.37594	1	0.47940	0.53665	11.79309	1.06647	1	0.74058	0.55678	12.63842	1.06647	1	-0.00493	-0.00942	0.67141	0.00365	1	0.06224	-0.01367	0.67488	0.00402	1	1.45898	0.81042	0	
1260478	8501.29395	3305812535327	0.49824	0.34791	8500.95898	0.33496	11619	1	0.52663	0.38056	1	0.45098	0.38848	1	0.48880	0.38452	1	0.47967	0.53665	11.79416	1.06647	1	0.74050	0.55692	12.35649	1.06647	1	-0.00493	-0.00942	0.67141	0.00363	1	0.06224	-0.01367	0.67488	0.00388	1	1.45898	0.81042	0	
1260479	8501.30078	3305812604754	0.49854	0.34902	8500.95898	0.34180	11619	1	0.52663	0.38056	1	0.45098	0.38848	1	0.48880	0.38452	1	0.47957	0.53655	11.91642	1.06647	1	0.74065	0.55660	12.27886	1.06647	1	-0.00506	-0.00961	0.68899	0.00371	1	0.06224	-0.01367	0.67488	0.00408	1	1.45898	0.81042	0	
1260480	8501.30762	3305812672153	0.49891	0.34894	8500.95898	0.34863	11619	1	0.52872	0.37972	1	0.50483	0.37666	1	0.51678	0.37819	1	0.47972	0.53672	12.57350	1.06647	1	0.74097	0.55683	12.22389	1.06647	1	-0.00506	-0.00961	0.68899	0.00356	1	0.06224	-0.01367	0.67488	0.00417	1	1.45898	0.81042	0	
1260481	8501.31445	3305812739196	0.49927	0.34890	8500.95898	0.35547	11619	1	0.52306	0.35508	1	0.48960	0.35632	1	0.50633	0.35570	1	0.47960	0.53676	12.03226	1.06647	1	0.74073	0.55671	12.36977	1.06647	1	-0.00506	-0.00961	0.68899	0.00358	1	0.06224	-0.01367	0.67488	0.00404	1	1.45898	0.81042	0	
1260482	8501.32129	3305812806370	0.49963	0.34898	8500.95898	0.36230	11619	1	0.52306	0.35508	1	0.48960	0.35632	1	0.50633	0.35570	1	0.47963	0.53629	11.91650	1.06647	1	0.74072	0.55723	12.51487	1.06647	1	-0.00506	-0.00971	0.68899	0.00391	1	0.06224	-0.01367	0.67488	0.00384	1	1.45898	0.81042	0	
1260483	8501.32812	3305812873182	0.50025	0.34955	8500.95898	0.36914	11619	1	0.52457	0.39559	1	0.48040	0.38166	1	0.50249	0.38863	1	0.47953	0.53663	12.22748	1.06647	1	0.74061	0.55702	12.43954	1.06647	1	-0.00506	-0.00971	0.68899	0.00385	1	0.06224	-0.01367	0.67488	0.00386	1	1.45898	0.81042	0	
1260484	8501.33398	3305812939668	0.50045	0.34987	8500.95898	0.37500	11619	1	0.53745	0.32477	1	0.46843	0.36943	1	0.50294	0.34710	1	0.47956	0.53652	11.96518	1.06647	1	0.74046	0.55700	12.32191	1.06647	1	-0.00506	-0.00971	0.68899	0.00377	1	0.06224	-0.01367	0.67488	0.00384	1	1.45898	0.81042	0	
1260485	8501.34082	3305813004969	0.50066	0.35025	8500.95898	0.38184	11619	1	0.53745	0.32477	1	0.46819	0.37540	1	0.50282	0.35009	1	0.47933	0.53634	11.81612	1.06647	1	0.74052	0.55699	12.98817	1.05881	1	-0.00493	-0.00952	0.67141	0.00402	1	0.06152	-0.01352	0.66762	0.00401	1	1.45898	0.81042	0	
1260486	8501.34766	3305813071904	0.50098	0.35066	8500.95898	0.38867	11619	1	0.54287	0.35530	1	0.48884	0.36848	1	0.51586	0.36189	1	0.47957	0.53630	11.89642	1.05881	1	0.74073	0.55671	12.36977	1.05115	1	-0.00493	-0.00952	0.67141	0.00394	1	0.06152	-0.01352	0.66762	0.00404	1	1.45898	0.81042	0	
1260487	8501.35449	3305813138211	0.50131	0.35135	8500.95898	0.39551	11619	1	0.54069	0.33784	1	0.48304	0.40135	1	0.51186	0.36960	1	0.47959	0.53641	11.91371	1.05115	1	0.74069	0.55713	12.48444	1.04349	1	-0.00493	-0.00952	0.67141	0.00393	1	0.06152	-0.01352	0.66762	0.00384	1	1.45898	0.81042	0	
1260488	8501.36133	3305813204756	0.50164	0.35195	8500.95898	0.40234	11619	1	0.54140	0.34397	1	0.48304	0.40135	1	0.51222	0.37266	1	0.47934	0.53633	11.78734	1.04349	1	0.74062	0.55681	12.33212	1.04349	1	-0.00506	-0.00971	0.68899	0.00412	1	0.06301	-0.01386	0.68432	0.00388	1	1.45898	0.81042	0	
1260489	8501.36816	3305813272287	0.50223	0.35204	8500.95898	0.40918	11619	1	0.53768	0.33330	1	0.48512	0.39712	1	0.51140	0.36521	1	0.47948	0.53645	12.08288	1.04349	1	0.74071	0.55693	12.36105	1.05115	1	-0.00506	-0.00971	0.68899	0.00389	1	0.06301	-0.01386	0.68432	0.00386	1	1.45898	0.81042	0	
1260490	8501.37500	3305813342051	0.50309	0.35179	8500.95898	0.41602	11619	1	0.54854	0.34815	1	0.48914	0.36056	1	0.51884	0.35435	1	0.47965	0.53659	12.48903	1.05115	1	0.74072	0.55694	12.42085	1.05881	1	-0.00506	-0.00971	0.68899	0.00383	1	0.06301	-0.01386	0.68432	0.00388	1	1.45898	0.81042	0	
1260491	8501.38086	3305813408342	0.50393	0.35120	8500.95898	0.42188	11619	1	0.54788	0.34210	1	0.48952	0.35447	1	0.51870	0.34828	1	0.47948	0.53621	12.01888	1.05881	1	0.74074	0.55709	12.41186	1.06647	1	-0.00493	-0.00952	0.67141	0.00398	1	0.06301	-0.01386	0.68432	0.00382	1	1.45898	0.81042	0	
1260492	8501.38770	3305813471157	0.50434	0.35076	8500.95898	0.42871	11619	1	0.54800	0.34706	1	0.49355	0.34231	1	0.52077	0.34469	1	0.47961	0.53696	12.21908	1.06647	1	0.74076	0.55681	12.30104	1.06647	1	-0.00493	-0.00952	0.67141	0.00369	1	0.06301	-0.01386	0.68432	0.00386	1	1.45898	0.81042	0	
1260493	8501.39453	3305813541910	0.50451	0.35220	8500.95898	0.43555	11619	1	0.54457	0.41203	1	0.48723	0.40184	1	0.51590	0.40693	1	0.47955	0.53694	12.38076	1.06647	1	0.74076	0.55723	12.45886	1.06647	1	-0.00493	-0.00952	0.67141	0.00363	1	0.06301	-0.01386	0.68432	0.00373	1	1.45898	0.81042	0	
1260494	8501.40137	3305813610794	0.50467	0.35344	8500.95898	0.44238	11619	1	0.54377	0.40550	1	0.48730	0.40077	1	0.51553	0.40313	1	0.47950	0.53692	12.27619	1.07556	1	0.74047	0.55716	12.80585	1.06790	1	-0.00521	-0.00980	0.70228	0.00361	1	0.06152	-0.01352	0.66762	0.00385	1	1.45898	0.81042	0	
1260495	8501.40820	3305813677306	0.50474	0.35476	8500.95898	0.44922	11619	1	0.53473	0.37520	1	0.48936	0.37720	1	0.51204	0.37620	1	0.47941	0.53680	12.01484	1.07698	1	0.74067	0.55700	12.68089	1.06932	1	-0.00521	-0.00980	0.70228	0.00397	1	0.06152	-0.01352	0.66762	0.00382	1	1.45898	0.81042	0	
1260496	8501.41504	3305813745075	0.50495	0.35518	8500.95898	0.45605	11619	1	0.53872	0.38505	1	0.48943	0.37610	1	0.51407	0.38057	1	0.47950	0.53692	12.27619	1.07841	1	0.74067	0.55700	12.68089	1.07075	1	-0.00521	-0.00980	0.70228	0.00361	1	0.06152	-0.01352	0.66762	0.00382	1	1.45898	0.81042	0	
1260497	8501.42188	3305813811290	0.50514	0.35572	8500.95898	0.46289	11619	1	0.53859	0.38400	1	0.48950	0.37500	1	0.51404	0.37950	1	0.47964	0.53671	12.15343	1.07983	1	0.74061	0.55701	12.71031	1.07218	1	-0.00521	-0.00985	0.70228	0.00360	1	0.06152	-0.01352	0.66762	0.00373	1	1.45898	0.81042	0	
1260498	8501.42871	3305813877864	0.50550	0.35586	8500.95898	0.46973	11619	1	0.55375	0.40494	1	0.46718	0.34802	1	0.51047	0.37648	1	0.47970	0.53693	12.16321	1.07218	1	0.74035	0.55666	12.77708	1.07218	1	-0.00521	-0.00985	0.70228	0.00371	1	0.06152	-0.01352	0.66762	0.00405	1	1.45898	0.81042	0	
1260499	8501.43457	3305813945011	0.50599	0.35728	8500.95898	0.47559	11619	1	0.53697	0.40769	1	0.48553	0.40337	1	0.51125	0.40553	1	0.47950	0.53703	12.34056	1.07218	1	0.74059	0.55727	13.03784	1.07218	1	-0.00521	-0.00985	0.70228	0.00366	1	0.06152	-0.01352	0.66762	0.00372	1	1.45898	0.81042	0	
1260500	8501.44141	3305814011987	0.50652	0.35925	8500.95898	0.48242	11619	1	0.53858	0.41999	1	0.48475	0.41611	1	0.51166	0.41805	1	0.47955	0.53702	12.45960	1.05507	1	0.74050	0.55694	12.71624	1.05507	1	-0.00486	-0.00919	0.65533	0.00367	1	0.06081	-0.01331	0.65992	0.00382	1	1.45898	0.81042	0	
1260501	8501.44824	3305814078802	0.51491	0.38409	8500.95898	0.48242	11619	0	0.55245	0.42813	1	0.47879	0.40247	1	0.51562	0.41530	1	0.47969	0.53697	12.74176	1.03797	1	0.74050	0.55694	12.71624	1.03797	1	-0.00486	-0.00919	0.65533	0.00370	1	0.06081	-0.01331	0.65992	0.00382	1	1.45898	0.81042	0	
1260502	8501.45508	3305814145766	0.52054	0.40009	8500.95898	0.48242	11619	0	0.55742	0.38977	1	0.49493	0.44243	1	0.52618	0.41610	1	0.47973	0.53692	12.50930	1.02087	1	0.74042	0.55721	12.98022	1.02087	1	-0.00486	-0.00919	0.65533	0.00369	1	0.06081	-0.01331	0.65992	0.00386	1	1.45898	0.81042	0	
1260503	8501.46191	3305814213146	0.52242	0.40543	8500.95898	0.48242	11619	0	0.55742	0.38977	1	0.49493	0.44243	1	0.52618	0.41610	1	0.47954	0.53681	12.08618	1.02087	1	0.74067	0.55700	12.68089	1.02087	1	-0.00521	-0.00980	0.70228	0.00368	1	0.06081	-0.01331	0.65992	0.00382	1	1.45898	0.81042	0	
1260504	8501.46875	3305814280494	0.52391	0.40201	8501.44824	0.02051	11620	1	0.54856	0.37516	1	0.50824	0.40836	1	0.52840	0.39176	1	0.47966	0.53657	12.13901	1.03797	1	0.74064	0.55710	12.69770	1.03797	1	-0.00521	-0.00980	0.70228	0.00371	1	0.06081	-0.01331	0.65992	0.00380	1	1.45898	0.81042	0	
1260505	8501.47559	3305814347655	0.52507	0.39799	8501.44824	0.02734	11620	1	0.54198	0.39311	1	0.51746	0.37070	1	0.52972	0.38191	1	0.47954	0.53676	12.09900	1.05507	1	0.74076	0.55695	12.63518	1.05507	1	-0.00521	-0.00980	0.70228	0.00369	1	0.06081	-0.01331	0.65992	0.00386	1	1.45898	0.81042	0	
1260506	8501.48145	3305814413760	0.52583	0.39312	8501.44824	0.03320	11620	1	0.54042	0.38037	1	0.51875	0.35717	1	0.52959	0.36877	1	0.47959	0.53689	12.31433	1.07218	1	0.74081	0.55639	12.37575	1.07218	1	-0.00521	-0.00980	0.70228	0.00368	1	0.06152	-0.01352	0.66762	0.00412	1	1.45898	0.81042	0	
1260507	8501.48828	3305814480756	0.52653	0.38907	8501.44824	0.04004	11620	1	0.54514	0.38100	1	0.51642	0.34858	1	0.53078	0.36479	1	0.47957	0.53694	12.09004	1.07218	1	0.74074	0.55665	12.51245	1.07218	1	-0.00521	-0.00980	0.70228	0.00375	1	0.06152	-0.01352	0.66762	0.00400	1	1.45898	0.81042	0	
1260508	8501.49512	3305814547770	0.52680	0.38530	8501.44824	0.04688	11620	1	0.54740	0.40540	1	0.50993	0.31233	1	0.52866	0.35887	1	0.47952	0.53693	12.33733	1.07218	1	0.74065	0.55633	12.59201	1.07218	1	-0.00521	-0.00980	0.70228	0.00370	1	0.06152	-0.01352	0.66762	0.00406	1	1.45898	0.81042	0	
1260509	8501.50195	3305814612735	0.52705	0.38279	8501.44824	0.05371	11620	1	0.54817	0.41196	1	0.50983	0.31351	1	0.52900	0.36274	1	0.47946	0.53681	12.13069	1.06309	1	0.74053	0.55692	12.89018	1.07075	1	-0.00513	-0.00955	0.68451	0.00369	1	0.06301	-0.01381	0.68432	0.00391	1	1.45898	0.81042	0	
1260510	8501.50879	3305814681618	0.52584	0.38270	8501.44824	0.06055	11620	1	0.52675	0.39397	1	0.50321	0.36982	1	0.51498	0.38190	1	0.47933	0.53668	11.68191	1.06166	1	0.74052	0.55691	12.83490	1.06932	1	-0.00513	-0.00955	0.68451	0.00364	1	0.06301	-0.01381	0.68432	0.00388	1	1.45898	0.81042	0	
1260511	8501.51562	3305814748990	0.52376	0.38177	8501.44824	0.06738	11620	1	0.52912	0.35503	1	0.47683	0.38987	1	0.50298	0.37245	1	0.47937	0.53672	11.66941	1.06024	1	0.74011	0.55713	12.82277	1.06790	1	-0.00513	-0.00955	0.68451	0.00371	1	0.06301	-0.01381	0.68432	0.00391	1	1.45898	0.81042	0	
1260512	8501.52246	3305814815990	0.52205	0.38081	8501.44824	0.07422	11620	1	0.52927	0.35614	1	0.47711	0.38435	1	0.50319	0.37025	1	0.47931	0.53679	11.89554	1.05881	1	0.74023	0.55698	13.05441	1.07515	1	-0.00513	-0.00955	0.68451	0.00363	1	0.06437	-0.01417	0.69961	0.00394	1	1.45898	0.81042	0	
1260513	8501.52832	3305814882591	0.52251	0.37687	8501.44824	0.08008	11620	1	0.56023	0.32975	1	0.49589	0.32935	1	0.52806	0.32955	1	0.47953	0.53659	12.29345	1.07515	1	0.74035	0.55665	13.00432	1.08383	1	-0.00513	-0.00955	0.68451	0.00367	1	0.06437	-0.01417	0.69961	0.00411	1	1.45898	0.81042	0	
1260514	8501.53516	3305814949454	0.52268	0.37563	8501.44824	0.08691	11620	1	0.56201	0.36419	1	0.48773	0.35489	1	0.52487	0.35954	1	0.47948	0.53658	12.20164	1.08383	1	0.74028	0.55653	13.01680	1.09251	1	-0.00513	-0.00955	0.68451	0.00367	1	0.06437	-0.01417	0.69961	0.00416	1	1.45898	0.81042	0	
1260515	8501.54199	3305815016574	0.52280	0.37434	8501.44824	0.09375	11620	1	0.56138	0.35767	1	0.48773	0.35489	1	0.52456	0.35628	1	0.47933	0.53622	11.66927	1.09251	1	0.73994	0.55669	12.29436	1.09251	1	-0.00513	-0.00955	0.68451	0.00384	1	0.06158	-0.01341	0.66985	0.00418	1	1.45898	0.81042	0	
1260516	8501.54883	3305815083610	0.52171	0.37261	8501.44824	0.10059	11620	1	0.53231	0.33032	1	0.47830	0.36300	1	0.50530	0.34666	1	0.47906	0.53628	11.49750	1.09251	1	0.74016	0.55695	13.20373	1.08383	1	-0.00513	-0.00955	0.68451	0.00376	1	0.06158	-0.01341	0.66985	0.00395	1	1.45898	0.81042	0	
1260517	8501.55566	3305815148479	0.52114	0.37179	8501.44824	0.10742	11620	1	0.55724	0.37122	1	0.46682	0.34614	1	0.51203	0.35868	1	0.47939	0.53667	12.14428	1.08383	1	0.73987	0.55663	12.25960	1.07515	1	-0.00513	-0.00955	0.68451	0.00365	1	0.06158	-0.01341	0.66985	0.00424	1	1.45898	0.81042	0	
1260518	8501.56250	3305815215548	0.52064	0.37143	8501.44824	0.11426	11620	1	0.55790	0.37768	1	0.46657	0.35304	1	0.51223	0.36536	1	0.47939	0.53667	12.14428	1.07515	1	0.73984	0.55664	12.61569	1.06647	1	-0.00518	-0.00945	0.67718	0.00365	1	0.06158	-0.01341	0.66985	0.00422	1	1.45898	0.81042	0	
1260519	8501.56836	3305815280910	0.51988	0.37072	8501.44824	0.12012	11620	1	0.53983	0.36089	1	0.47224	0.35512	1	0.50603	0.35800	1	0.47907	0.53646	11.16331	1.06647	1	0.74006	0.55669	12.20477	1.06647	1	-0.00518	-0.00945	0.67718	0.00373	1	0.06158	-0.01341	0.66985	0.00424	1	1.45898	0.81042	0	
1260520	8501.57520	3305815351590	0.51439	0.36612	8501.44824	0.12695	11620	1	0.53983	0.36089	0	0.41015	0.27853	1	0.41015	0.27853	1	0.47907	0.53646	11.16331	1.06647	0	0.47923	0.53640	11.64088	1.06647	1	-0.00518	-0.00945	0.67718	0.00373	1	0.06158	-0.01341	0.66985	0.00366	1	1.45898	0.81042	0	
1260521	8501.58203	3305815418595	0.50943	0.36194	8501.44824	0.13379	11620	1	0.53983	0.36089	0	0.41015	0.27853	1	0.41015	0.27853	1	0.47907	0.53646	11.16331	1.06647	0	0.47928	0.53613	11.59830	1.06647	1	-0.00518	-0.00945	0.67718	0.00373	1	-0.00518	-0.00945	0.67718	0.00383	1	1.45898	0.81042	0	
1260522	8501.58887	3305815485629	0.48736	0.33931	8501.44824	0.13379	11620	0	0.53983	0.36089	0	0.40881	0.29786	1	0.40881	0.29786	1	0.47907	0.53646	11.16331	1.06647	0	0.47916	0.53628	11.49767	1.06647	1	-0.00518	-0.00945	0.67718	0.00373	1	-0.00518	-0.00945	0.67718	0.00384	1	1.45898	0.81042	0	
1260523	8501.59570	3305815552315	0.44075	0.32947	8501.44824	0.13379	11620	0	0.53983	0.36089	0	0.39413	0.31964	1	0.39413	0.31964	1	0.47907	0.53646	11.16331	1.06647	0	0.47898	0.53634	11.76972	1.06647	1	-0.00518	-0.00945	0.67718	0.00373	1	-0.00518	-0.00945	0.67718	0.00398	1	1.45898	0.81042	0	
1260524	8501.60254	3305815619525	0.42510	0.32382	8501.44824	0.13379	11620	0	0.53983	0.36089	0	0.39381	0.31252	1	0.39381	0.31252	1	0.47907	0.53646	11.16331	1.06647	0	0.47869	0.53594	12.55038	1.07515	1	-0.00518	-0.00945	0.67718	0.00373	1	-0.00545	-0.00985	0.70627	0.00376	1	1.45898	0.81042	0	
1260525	8501.60938	3305815686555	0.41959	0.32579	8501.58887	0.02051	11621	1	0.53983	0.36089	0	0.40304	0.33168	1	0.40304	0.33168	1	0.47907	0.53646	11.16331	1.07515	0	0.47874	0.53605	12.44781	1.08383	1	-0.00518	-0.00945	0.67718	0.00373	1	-0.00545	-0.00985	0.70627	0.00369	1	1.45898	0.81042	0	
1260526	8501.61621	3305815753058	0.41669	0.29806	8501.58887	0.02734	11621	1	0.53983	0.36089	0	0.40509	0.18714	1	0.40509	0.18714	1	0.47907	0.53646	11.16331	1.08383	0	0.47871	0.53475	12.11919	1.09251	1	-0.00518	-0.00945	0.67718	0.00373	1	-0.00545	-0.00985	0.70627	0.00397	1	1.45898	0.81042	0	
1260527	8501.62207	3305815818287	0.41475	0.27957	8501.58887	0.03320	11621	1	0.53983	0.36089	0	0.40509	0.18714	1	0.40509	0.18714	1	0.47907	0.53646	11.16331	1.09251	0	0.47876	0.53447	11.86135	1.09251	1	-0.00518	-0.00945	0.67718	0.00373	1	-0.00531	-0.00949	0.68037	0.00404	1	1.45898	0.81042	0	
1260528	8501.62891	3305815887719	0.41449	0.28054	8501.58887	0.04004	11621	1	0.53983	0.36089	0	0.41290	0.28637	1	0.41290	0.28637	1	0.47907	0.53646	11.16331	1.09251	0	0.47886	0.53578	12.15285	1.08383	1	-0.00518	-0.00945	0.67718	0.00373	1	-0.00531	-0.00949	0.68037	0.00366	1	1.45898	0.81042	0	
1260529	8501.63574	3305815952989	0.41392	0.28656	8501.58887	0.04688	11621	1	0.53983	0.36089	0	0.40993	0.32872	1	0.40993	0.32872	1	0.47907	0.53646	11.16331	1.08383	0	0.47894	0.53600	12.40705	1.07515	1	-0.00518	-0.00945	0.67718	0.00373	1	-0.00531	-0.00949	0.68037	0.00364	1	1.45898	0.81042	0	
1260530	8501.64258	3305816021451	0.42066	0.29305	8501.58887	0.05371	11621	1	0.53904	0.35423	1	0.41011	0.33572	1	0.47458	0.34498	1	0.47899	0.53596	12.41785	1.07515	1	0.73925	0.55602	12.53916	1.06647	1	-0.00537	-0.00956	0.68882	0.00364	1	0.06304	-0.01360	0.68689	0.00389	1	1.45898	0.81042	0	
1260531	8501.64941	3305816088597	0.43006	0.30029	8501.58887	0.06055	11621	1	0.53560	0.36876	1	0.49376	0.36206	1	0.51468	0.36541	1	0.47871	0.53584	11.95811	1.06647	1	0.73963	0.55594	13.15221	1.06647	1	-0.00537	-0.00956	0.68882	0.00368	1	0.06304	-0.01360	0.68689	0.00381	1	1.45898	0.81042	0	
1260532	8501.65625	3305816154941	0.43728	0.30563	8501.58887	0.06738	11621	1	0.53157	0.37764	1	0.48733	0.34046	1	0.50945	0.35905	1	0.47863	0.53597	12.47651	1.06647	1	0.73953	0.55559	12.26880	1.06647	1	-0.00537	-0.00956	0.68882	0.00364	1	0.06304	-0.01360	0.68689	0.00389	1	1.45898	0.81042	0	
1260533	8501.66309	3305816222461	0.44329	0.30920	8501.58887	0.07422	11621	1	0.53068	0.37081	1	0.48818	0.32610	1	0.50943	0.34845	1	0.47854	0.53575	12.26537	1.07556	1	0.73952	0.55570	12.38160	1.08424	1	-0.00554	-0.00981	0.70304	0.00369	1	0.06503	-0.01399	0.70917	0.00392	1	1.45898	0.81042	0	
1260534	8501.66895	3305816289251	0.44843	0.31064	8501.58887	0.08008	11621	1	0.52711	0.31700	1	0.49309	0.33869	1	0.51010	0.32785	1	0.47860	0.53567	11.85358	1.09332	1	0.73959	0.55582	13.04264	1.10200	1	-0.00554	-0.00981	0.70304	0.00368	1	0.06503	-0.01399	0.70917	0.00387	1	1.45898	0.81042	0	
1260535	8501.67578	3305816356345	0.45205	0.30885	8501.58887	0.08691	11621	1	0.50878	0.27043	1	0.48954	0.30075	1	0.49916	0.28559	1	0.47844	0.53547	11.76320	1.11109	1	0.73952	0.55578	13.29671	1.11977	1	-0.00554	-0.00981	0.70304	0.00369	1	0.06503	-0.01399	0.70917	0.00380	1	1.45898	0.81042	0	
1260536	8501.68262	3305816423468	0.45516	0.30706	8501.58887	0.09375	11621	1	0.50781	0.26332	1	0.48954	0.30075	1	0.49868	0.28203	1	0.47872	0.53557	12.06831	1.11977	1	0.73925	0.55588	12.99262	1.11977	1	-0.00531	-0.00949	0.68037	0.00379	1	0.06304	-0.01355	0.68689	0.00387	1	1.45898	0.81042	0	
1260537	8501.68945	3305816489450	0.45951	0.30713	8501.58887	0.10059	11621	1	0.54674	0.30140	1	0.50286	0.31506	1	0.52480	0.30823	1	0.47888	0.53589	12.12890	1.11068	1	0.73970	0.55566	13.14775	1.10200	1	-0.00531	-0.00949	0.68037	0.00369	1	0.06304	-0.01355	0.68689	0.00377	1	1.45898	0.81042	0	
1260538	8501.69629	3305816557708	0.46193	0.30833	8501.58887	0.10742	11621	1	0.52722	0.35843	1	0.47391	0.29662	1	0.50057	0.32752	1	0.47864	0.53556	11.69761	1.09292	1	0.73925	0.55544	13.56766	1.08424	1	-0.00531	-0.00949	0.68037	0.00366	1	0.06304	-0.01355	0.68689	0.00384	1	1.45898	0.81042	0	
1260539	8501.70312	3305816624519	0.48876	0.32488	8501.58887	0.10742	11621	0	0.52809	0.36495	1	0.47360	0.30386	1	0.50085	0.33441	1	0.47828	0.53539	11.41302	1.08424	1	0.73955	0.55544	13.41463	1.07556	1	-0.00543	-0.00957	0.68984	0.00368	1	0.06145	-0.01323	0.67062	0.00381	1	1.45898	0.81042	0	
1260540	8501.70996	3305816691814	0.48884	0.31525	8501.58887	0.10742	11621	0	0.50529	0.31675	1	0.47256	0.29447	1	0.48893	0.30561	1	0.47829	0.53484	11.13167	1.08464	1	0.73929	0.55526	12.11909	1.08464	1	-0.00543	-0.00957	0.68984	0.00389	1	0.06145	-0.01323	0.67062	0.00394	1	1.45898	0.81042	0	
1260541	8501.71680	3305816760039	0.49397	0.32024	8501.58887	0.10742	11621	0	0.50673	0.27715	1	0.50169	0.38327	1	0.50421	0.33021	1	0.47834	0.53518	11.31621	1.09373	1	0.73966	0.55544	13.29408	1.09373	1	-0.00543	-0.00957	0.68984	0.00373	1	0.06145	-0.01323	0.67062	0.00382	1	1.45898	0.81042	0	
1260542	8501.72266	3305816825003	0.49646	0.32094	8501.70312	0.01953	11622	1	0.50568	0.26963	1	0.50223	0.37645	1	0.50396	0.32304	1	0.47808	0.53499	11.80142	1.10281	1	0.73934	0.55495	12.34720	1.10281	1	-0.00543	-0.00957	0.68984	0.00378	1	0.06145	-0.01323	0.67062	0.00401	1	1.45898	0.81042	0	
1260543	8501.72949	3305816890368	0.49784	0.31615	8501.70312	0.02637	11622	1	0.52464	0.33203	1	0.48208	0.26197	1	0.50336	0.29700	1	0.47811	0.53526	12.54378	1.10281	1	0.73936	0.55432	11.83878	1.10281	1	-0.00543	-0.00957	0.68984	0.00372	1	0.06145	-0.01323	0.67062	0.00429	1	1.45898	0.81042	0	
1260544	8501.73633	3305816958291	0.49855	0.31577	8501.70312	0.03320	11622	1	0.52051	0.31756	1	0.48362	0.31023	1	0.50206	0.31389	1	0.47809	0.53517	12.36876	1.10281	1	0.73942	0.55460	12.08356	1.10281	1	-0.00543	-0.00957	0.68984	0.00373	1	0.06145	-0.01323	0.67062	0.00413	1	1.45898	0.81042	0	
1260545	8501.74316	3305817026245	0.49905	0.31551	8501.70312	0.04004	11622	1	0.52051	0.31756	1	0.48362	0.31023	1	0.50206	0.31389	1	0.47786	0.53528	12.04145	1.10281	1	0.73935	0.55480	12.13652	1.10281	1	-0.00559	-0.00974	0.70949	0.00380	1	0.06145	-0.01323	0.67062	0.00413	1	1.45898	0.81042	0	
1260546	8501.74902	3305817088133	0.49739	0.31997	8501.70312	0.04590	11622	1	0.50160	0.33869	1	0.47002	0.36369	1	0.48581	0.35119	1	0.47788	0.53512	12.06287	1.10281	1	0.73921	0.55503	12.31037	1.10281	1	-0.00559	-0.00974	0.70949	0.00380	1	0.06145	-0.01323	0.67062	0.00399	1	1.45898	0.81042	0	
1260547	8501.75586	3305817157587	0.49562	0.32180	8501.70312	0.05273	11622	1	0.49964	0.31548	1	0.46331	0.35750	1	0.48148	0.33649	1	0.47787	0.53499	11.78551	1.10281	1	0.73913	0.55502	12.70992	1.10281	1	-0.00559	-0.00974	0.70949	0.00386	1	0.06145	-0.01323	0.67062	0.00400	1	1.45898	0.81042	0	
1260548	8501.76270	3305817224093	0.49421	0.32327	8501.70312	0.05957	11622	1	0.49964	0.31548	1	0.46331	0.35750	1	0.48148	0.33649	1	0.47797	0.53549	12.67538	1.10281	1	0.73917	0.55501	13.51321	1.10281	1	-0.00554	-0.00960	0.70303	0.00382	1	0.06261	-0.01343	0.68326	0.00395	1	1.45898	0.81042	0	
1260549	8501.76953	3305817290766	0.49314	0.32646	8501.70312	0.06641	11622	1	0.49783	0.34558	1	0.46696	0.37114	1	0.48240	0.35836	1	0.47771	0.53522	11.88571	1.10281	1	0.73922	0.55528	13.11003	1.10281	1	-0.00554	-0.00960	0.70303	0.00401	1	0.06261	-0.01343	0.68326	0.00388	1	1.45898	0.81042	0	
1260550	8501.77637	3305817358102	0.49313	0.32776	8501.70312	0.07324	11622	1	0.51724	0.32274	1	0.46884	0.36139	1	0.49304	0.34206	1	0.47805	0.53534	12.56093	1.10281	1	0.73922	0.55520	13.10313	1.10281	1	-0.00554	-0.00960	0.70303	0.00382	1	0.06261	-0.01343	0.68326	0.00388	1	1.45898	0.81042	0	
1260551	8501.78320	3305817425473	0.49312	0.32886	8501.70312	0.08008	11622	1	0.51724	0.32274	1	0.46884	0.36139	1	0.49304	0.34206	1	0.47794	0.53517	12.71528	1.10281	1	0.73917	0.55524	12.37113	1.10281	1	-0.00554	-0.00960	0.70303	0.00392	1	0.06261	-0.01343	0.68326	0.00393	1	1.45898	0.81042	0	
1260552	8501.79004	3305817492209	0.49165	0.32968	8501.70312	0.08691	11622	1	0.49205	0.29957	1	0.45288	0.38113	1	0.47246	0.34035	1	0.47774	0.53497	12.02834	1.10281	1	0.73897	0.55540	12.87636	1.10281	1	-0.00554	-0.00960	0.70303	0.00409	1	0.06261	-0.01343	0.68326	0.00394	1	1.45898	0.81042	0	
1260553	8501.79688	3305817560633	0.49157	0.32929	8501.70312	0.09375	11622	1	0.51147	0.29383	1	0.46947	0.35376	1	0.49047	0.32379	1	0.47795	0.53500	12.28521	1.10281	1	0.73918	0.55523	12.37367	1.10281	1	-0.00554	-0.00960	0.70303	0.00392	1	0.06261	-0.01343	0.68326	0.00389	1	1.45898	0.81042	0	
1260554	8501.80273	3305817626397	0.49151	0.32874	8501.70312	0.09961	11622	1	0.51147	0.29383	1	0.46973	0.34709	1	0.49060	0.32046	1	0.47811	0.53465	11.85147	1.10281	1	0.73946	0.55494	12.81036	1.11149	1	-0.00554	-0.00960	0.70303	0.00406	1	0.06474	-0.01387	0.70597	0.00382	1	1.45898	0.81042	0	
1260555	8501.80957	3305817693348	0.49123	0.32522	8501.70312	0.10645	11622	1	0.50056	0.19730	1	0.47308	0.34052	1	0.48682	0.26891	1	0.47787	0.53376	11.80164	1.11149	1	0.73928	0.55510	12.54551	1.12017	1	-0.00554	-0.00960	0.70303	0.00430	1	0.06474	-0.01387	0.70597	0.00382	1	1.45898	0.81042	0	
1260556	8501.81641	3305817762178	0.49109	0.32339	8501.70312	0.11328	11622	1	0.47999	0.27064	1	0.49732	0.31399	1	0.48865	0.29231	1	0.47793	0.53445	11.67216	1.12017	1	0.73959	0.55494	12.88929	1.12885	1	-0.00554	-0.00960	0.70303	0.00412	1	0.06474	-0.01387	0.70597	0.00377	1	1.45898	0.81042	0	
1260557	8501.82324	3305817829585	0.49094	0.32139	8501.70312	0.12012	11622	1	0.47884	0.26357	1	0.49779	0.30715	1	0.48831	0.28536	1	0.47850	0.53432	11.84733	1.12885	1	0.73967	0.55484	13.23320	1.13753	1	-0.00554	-0.00960	0.70303	0.00418	1	0.06503	-0.01378	0.70917	0.00382	1	1.45898	0.81042	0	
1260558	8501.83008	3305817896889	0.49117	0.31902	8501.70312	0.12695	11622	1	0.47705	0.22035	1	0.51409	0.32763	1	0.49557	0.27399	1	0.47792	0.53398	12.04776	1.13753	1	0.73979	0.55487	13.14621	1.13753	1	-0.00554	-0.00960	0.70303	0.00418	1	0.06503	-0.01378	0.70917	0.00379	1	1.45898	0.81042	0	
1260559	8501.83691	3305817962694	0.49129	0.31561	8501.70312	0.13379	11622	1	0.47378	0.20713	1	0.51332	0.28784	1	0.49355	0.24748	1	0.47789	0.53371	12.06776	1.13753	1	0.73983	0.55466	13.08815	1.13753	1	-0.00554	-0.00960	0.70303	0.00431	1	0.06503	-0.01378	0.70917	0.00392	1	1.45898	0.81042	0	
1260560	8501.84375	3305818029731	0.49140	0.31286	8501.70312	0.14062	11622	1	0.47501	0.21493	1	0.51271	0.29516	1	0.49386	0.25505	1	0.47858	0.53512	11.66140	1.12845	1	0.73968	0.55439	13.01137	1.12845	1	-0.00532	-0.00931	0.68231	0.00382	1	0.06503	-0.01378	0.70917	0.00397	1	1.45898	0.81042	0	
1260561	8501.85059	3305818097305	0.49280	0.31242	8501.70312	0.14746	11622	1	0.53522	0.34316	1	0.51184	0.26225	1	0.52353	0.30271	1	0.47872	0.53527	12.42916	1.11936	1	0.73974	0.55441	13.01719	1.11936	1	-0.00532	-0.00931	0.68231	0.00373	1	0.06503	-0.01378	0.70917	0.00404	1	1.45898	0.81042	0	
1260562	8501.85742	3305818165475	0.49347	0.31200	8501.70312	0.15430	11622	1	0.51987	0.31150	1	0.49799	0.29338	1	0.50893	0.30244	1	0.47855	0.53480	11.73462	1.11028	1	0.73966	0.55443	13.46652	1.11028	1	-0.00532	-0.00931	0.68231	0.00366	1	0.06503	-0.01378	0.70917	0.00394	1	1.45898	0.81042	0	
1260563	8501.86328	3305818231530	0.49407	0.31189	8501.70312	0.16016	11622	1	0.51987	0.31150	1	0.49709	0.30678	1	0.50848	0.30914	1	0.47863	0.53461	12.09774	1.11028	1	0.73970	0.55477	13.28397	1.09394	1	-0.00539	-0.00947	0.69728	0.00371	1	0.06035	-0.01276	0.65708	0.00394	1	1.45898	0.81042	0	
1260564	8501.87012	3305818298780	0.49393	0.31229	8501.70312	0.16699	11622	1	0.51383	0.28899	1	0.46701	0.35580	1	0.49042	0.32239	1	0.47882	0.53461	11.87664	1.10302	1	0.73962	0.55484	13.30028	1.08668	1	-0.00539	-0.00947	0.69728	0.00378	1	0.06035	-0.01276	0.65708	0.00409	1	1.45898	0.81042	0	
1260565	8501.87695	3305818365692	0.49425	0.31342	8501.70312	0.17383	11622	1	0.52906	0.32719	1	0.47591	0.35848	1	0.50249	0.34283	1	0.47899	0.53475	12.08149	1.09577	1	0.73969	0.55496	13.38488	1.07943	1	-0.00539	-0.00947	0.69728	0.00374	1	0.06035	-0.01276	0.65708	0.00406	1	1.45898	0.81042	0	
1260566	8501.88379	3305818433070	0.49457	0.31482	8501.70312	0.18066	11622	1	0.53066	0.33990	1	0.47559	0.36526	1	0.50312	0.35258	1	0.47899	0.53466	12.33707	1.07943	1	0.73958	0.55491	13.46343	1.07075	1	-0.00528	-0.00942	0.68986	0.00375	1	0.06158	-0.01301	0.66985	0.00407	1	1.45898	0.81042	0	
1260567	8501.89062	3305818498807	0.49444	0.31645	8501.70312	0.18750	11622	1	0.54407	0.35184	1	0.43789	0.37223	1	0.49098	0.36204	1	0.47921	0.53467	12.83247	1.06166	1	0.73950	0.55499	13.45860	1.06932	1	-0.00528	-0.00942	0.68986	0.00373	1	0.06158	-0.01301	0.66985	0.00408	1	1.45898	0.81042	0	
1260568	8501.89746	3305818566761	0.49414	0.31709	8501.70312	0.19434	11622	1	0.52047	0.32067	1	0.45052	0.35084	1	0.48549	0.33575	1	0.47887	0.53436	12.22326	1.06024	1	0.73970	0.55485	12.94722	1.06790	1	-0.00528	-0.00942	0.68986	0.00376	1	0.06158	-0.01301	0.66985	0.00409	1	1.45898	0.81042	0	
1260569	8501.90430	3305818633589	0.49387	0.31773	8501.70312	0.20117	11622	1	0.52062	0.32183	1	0.45050	0.35197	1	0.48556	0.33690	1	0.47893	0.53434	12.51484	1.05881	1	0.74021	0.55473	13.03381	1.06647	1	-0.00515	-0.00914	0.67320	0.00372	1	0.06316	-0.01345	0.68702	0.00413	1	1.45898	0.81042	0	
1260570	8501.91016	3305818700449	0.49420	0.31843	8501.70312	0.20703	11622	1	0.52769	0.32797	1	0.48108	0.35215	1	0.50438	0.34006	1	0.47893	0.53441	12.53150	1.06647	1	0.74021	0.55490	13.73358	1.06647	1	-0.00515	-0.00914	0.67320	0.00373	1	0.06316	-0.01345	0.68702	0.00391	1	1.45898	0.81042	0	
1260571	8501.91699	3305818767687	0.49457	0.31890	8501.70312	0.21387	11622	1	0.52395	0.33959	1	0.48907	0.32862	1	0.50651	0.33410	1	0.47893	0.53455	12.58306	1.06647	1	0.74027	0.55458	12.59602	1.06647	1	-0.00515	-0.00914	0.67320	0.00368	1	0.06316	-0.01345	0.68702	0.00402	1	1.45898	0.81042	0	
1260572	8501.92383	3305818834814	0.49493	0.31925	8501.70312	0.22070	11622	1	0.52395	0.33959	1	0.48950	0.32151	1	0.50672	0.33055	1	0.47913	0.53428	12.55791	1.06647	1	0.74054	0.55481	13.11658	1.07515	1	-0.00508	-0.00924	0.67703	0.00379	1	0.06437	-0.01369	0.69961	0.00381	1	1.45898	0.81042	0	
1260573	8501.93066	3305818901533	0.49525	0.31896	8501.70312	0.22754	11622	1	0.52405	0.31212	1	0.48825	0.30640	1	0.50615	0.30926	1	0.47924	0.53453	12.38805	1.07515	1	0.74019	0.55448	13.27849	1.08383	1	-0.00508	-0.00924	0.67703	0.00400	1	0.06437	-0.01369	0.69961	0.00387	1	1.45898	0.81042	0	
1260574	8501.93750	3305818968694	0.49574	0.31895	8501.70312	0.23438	11622	1	0.54095	0.33643	1	0.48470	0.30079	1	0.51283	0.31861	1	0.47953	0.53490	12.34918	1.08383	1	0.74022	0.55443	13.29830	1.09251	1	-0.00508	-0.00924	0.67703	0.00383	1	0.06437	-0.01369	0.69961	0.00386	1	1.45898	0.81042	0	
1260575	8501.94434	3305819035347	0.49618	0.31894	8501.70312	0.24121	11622	1	0.54017	0.32969	1	0.48436	0.30711	1	0.51227	0.31840	1	0.47954	0.53472	12.25461	1.09251	1	0.74057	0.55399	12.84084	1.08485	1	-0.00508	-0.00924	0.67703	0.00375	1	0.06152	-0.01312	0.66762	0.00415	1	1.45898	0.81042	0	
1260576	8501.95117	3305819102444	0.49659	0.31999	8501.70312	0.24805	11622	1	0.53880	0.34660	1	0.48445	0.37106	1	0.51162	0.35883	1	0.47956	0.53496	12.21803	1.08485	1	0.74067	0.55487	13.56203	1.06851	1	-0.00508	-0.00924	0.67703	0.00372	1	0.06152	-0.01312	0.66762	0.00382	1	1.45898	0.81042	0	
1260577	8501.95703	3305819169502	0.49654	0.32137	8501.70312	0.25391	11622	1	0.51405	0.36862	1	0.47549	0.37915	1	0.49477	0.37389	1	0.47954	0.53497	12.30498	1.06851	1	0.74049	0.55478	13.21621	1.05217	1	-0.00508	-0.00924	0.67703	0.00376	1	0.06152	-0.01312	0.66762	0.00384	1	1.45898	0.81042	0	
1260578	8501.96387	3305819238532	0.49650	0.32282	8501.70312	0.26074	11622	1	0.51487	0.37413	1	0.47521	0.38482	1	0.49504	0.37948	1	0.47971	0.53493	12.84359	1.06126	1	0.74047	0.55484	13.39214	1.04492	1	-0.00522	-0.00961	0.70384	0.00381	1	0.06152	-0.01312	0.66762	0.00389	1	1.45898	0.81042	0	
1260579	8501.97070	3305819304823	0.49657	0.32366	8501.70312	0.26758	11622	1	0.52408	0.35173	1	0.47440	0.36302	1	0.49924	0.35737	1	0.47963	0.53460	12.62184	1.05400	1	0.74052	0.55473	13.09799	1.05400	1	-0.00522	-0.00961	0.70384	0.00367	1	0.06152	-0.01312	0.66762	0.00393	1	1.45898	0.81042	0	
1260580	8501.97754	3305819370457	0.49645	0.32409	8501.70312	0.27441	11622	1	0.53947	0.35363	1	0.44342	0.32923	1	0.49145	0.34143	1	0.47995	0.53479	13.16079	1.06309	1	0.74038	0.55457	13.25585	1.06309	1	-0.00522	-0.00961	0.70384	0.00370	1	0.06152	-0.01312	0.66762	0.00395	1	1.45898	0.81042	0	
1260581	8501.98438	3305819437849	0.49633	0.32449	8501.70312	0.28125	11622	1	0.53947	0.35363	1	0.44342	0.32923	1	0.49145	0.34143	1	0.47987	0.53500	13.29515	1.06309	1	0.74026	0.55502	13.39004	1.06309	1	-0.00498	-0.00926	0.67813	0.00376	1	0.06191	-0.01318	0.67069	0.00401	1	1.45898	0.81042	0	
1260582	8501.99121	3305819505222	0.49628	0.32597	8501.70312	0.28809	11622	1	0.54057	0.38053	1	0.44742	0.39850	1	0.49400	0.38951	1	0.47992	0.53506	13.09641	1.05400	1	0.74046	0.55510	14.05334	1.05400	1	-0.00498	-0.00926	0.67813	0.00384	1	0.06191	-0.01318	0.67069	0.00393	1	1.45898	0.81042	0	
1260583	8501.99805	3305819571398	0.49623	0.32759	8501.70312	0.29492	11622	1	0.54595	0.38540	1	0.44250	0.41225	1	0.49423	0.39882	1	0.48003	0.53503	12.88320	1.04492	1	0.74032	0.55526	13.43777	1.04492	1	-0.00498	-0.00926	0.67813	0.00387	1	0.06191	-0.01318	0.67069	0.00395	1	1.45898	0.81042	0	
1260584	8502.00391	3305819638351	0.49977	0.35715	8501.70312	0.29492	11622	0	0.54595	0.38540	1	0.44250	0.41225	1	0.49423	0.39882	1	0.47943	0.53479	11.82868	1.04492	1	0.74064	0.55528	13.68048	1.04492	1	-0.00508	-0.00954	0.69898	0.00385	1	0.06191	-0.01323	0.67069	0.00397	1	1.45898	0.81042	0	
1260585	8502.01074	3305819705426	0.49856	0.37405	8501.70312	0.29492	11622	0	0.53197	0.37955	1	0.46272	0.40235	1	0.49735	0.39095	1	0.47980	0.53497	13.11296	1.05400	1	0.74066	0.55519	13.66359	1.05400	1	-0.00508	-0.00954	0.69898	0.00379	1	0.06191	-0.01323	0.67069	0.00394	1	1.45898	0.81042	0	
1260586	8502.01758	3305819771824	0.49851	0.35984	8501.70312	0.29492	11622	0	0.50355	0.35191	1	0.49327	0.31089	1	0.49841	0.33140	1	0.47970	0.53482	12.78073	1.06309	1	0.74118	0.55413	12.96140	1.06309	1	-0.00508	-0.00954	0.69898	0.00383	1	0.06191	-0.01323	0.67069	0.00412	1	1.45898	0.81042	0	
1260587	8502.02441	3305819839690	0.49853	0.35192	8502.00391	0.02051	11623	1	0.50355	0.35191	1	0.49367	0.30446	1	0.49861	0.32819	1	0.48004	0.53519	13.00094	1.06309	1	0.74121	0.55417	12.98038	1.07075	1	-0.00489	-0.00927	0.67905	0.00386	1	0.06256	-0.01336	0.67721	0.00410	1	1.45898	0.81042	0	
1260588	8502.03125	3305819906090	0.50241	0.34518	8502.00391	0.02734	11623	1	0.55022	0.37989	1	0.48557	0.25650	1	0.51790	0.31819	1	0.48033	0.53526	12.49845	1.06166	1	0.74096	0.55362	13.65482	1.06932	1	-0.00489	-0.00927	0.67905	0.00382	1	0.06256	-0.01336	0.67721	0.00417	1	1.45898	0.81042	0	
1260589	8502.03809	3305819971369	0.50472	0.34618	8502.00391	0.03418	11623	1	0.54925	0.38084	1	0.48328	0.32157	1	0.51627	0.35120	1	0.48047	0.53500	12.34029	1.06024	1	0.74100	0.55433	13.48479	1.06790	1	-0.00489	-0.00927	0.67905	0.00383	1	0.06256	-0.01336	0.67721	0.00390	1	1.45898	0.81042	0	
1260590	8502.04492	3305820041044	0.50632	0.34649	8502.00391	0.04102	11623	1	0.54861	0.37508	1	0.48328	0.32157	1	0.51594	0.34832	1	0.48029	0.53506	12.32658	1.06790	1	0.74135	0.55389	13.00138	1.06790	1	-0.00501	-0.00960	0.70319	0.00389	1	0.05959	-0.01271	0.64455	0.00413	1	1.45898	0.81042	0	
1260591	8502.05078	3305820107148	0.50632	0.34987	8502.00391	0.04688	11623	1	0.51445	0.39068	1	0.49813	0.35644	1	0.50629	0.37356	1	0.48031	0.53538	12.28637	1.07698	1	0.74129	0.55480	13.11164	1.06932	1	-0.00501	-0.00960	0.70319	0.00380	1	0.05959	-0.01271	0.64455	0.00375	1	1.45898	0.81042	0	
1260592	8502.05762	3305820173810	0.50572	0.35587	8502.00391	0.05371	11623	1	0.51321	0.38877	1	0.48875	0.41890	1	0.50098	0.40383	1	0.48030	0.53526	12.14657	1.07841	1	0.74107	0.55524	13.32718	1.07075	1	-0.00501	-0.00960	0.70319	0.00382	1	0.05959	-0.01271	0.64455	0.00398	1	1.45898	0.81042	0	
1260593	8502.06445	3305820241130	0.50524	0.36056	8502.00391	0.06055	11623	1	0.51305	0.38772	1	0.48882	0.41786	1	0.50093	0.40279	1	0.48036	0.53492	12.11722	1.07983	1	0.74128	0.55524	13.16427	1.07218	1	-0.00501	-0.00960	0.70319	0.00376	1	0.05959	-0.01271	0.64455	0.00403	1	1.45898	0.81042	0	
1260594	8502.07129	3305820308084	0.50475	0.36015	8502.00391	0.06738	11623	1	0.52521	0.35917	1	0.47430	0.35291	1	0.49976	0.35604	1	0.48042	0.53487	12.42053	1.07218	1	0.74125	0.55462	12.96539	1.07218	1	-0.00501	-0.00960	0.70319	0.00378	1	0.05959	-0.01271	0.64455	0.00431	1	1.45898	0.81042	0	
1260595	8502.07812	3305820374726	0.50422	0.35953	8502.00391	0.07422	11623	1	0.52173	0.37215	1	0.47524	0.33339	1	0.49849	0.35277	1	0.48049	0.53507	12.49272	1.07218	1	0.74120	0.55454	13.12591	1.07218	1	-0.00501	-0.00960	0.70319	0.00369	1	0.05959	-0.01271	0.64455	0.00415	1	1.45898	0.81042	0	
1260596	8502.08496	3305820442700	0.50381	0.35956	8502.00391	0.08105	11623	1	0.52269	0.37899	1	0.47491	0.34075	1	0.49880	0.35987	1	0.48051	0.53515	12.64562	1.06309	1	0.74119	0.55462	13.14043	1.06309	1	-0.00483	-0.00936	0.68560	0.00371	1	0.05959	-0.01271	0.64455	0.00414	1	1.45898	0.81042	0	
1260597	8502.09082	3305820507070	0.50294	0.35950	8502.00391	0.08691	11623	1	0.52573	0.35376	1	0.45753	0.36372	1	0.49163	0.35874	1	0.48041	0.53473	12.76305	1.05400	1	0.74132	0.55464	13.28010	1.05400	1	-0.00483	-0.00936	0.68560	0.00374	1	0.05959	-0.01271	0.64455	0.00437	1	1.45898	0.81042	0	
1260598	8502.09766	3305820576242	0.50203	0.36096	8502.00391	0.09375	11623	1	0.52623	0.39069	1	0.45249	0.37213	1	0.48936	0.38141	1	0.48059	0.53505	13.08318	1.04492	1	0.74127	0.55463	13.25539	1.04492	1	-0.00483	-0.00936	0.68560	0.00371	1	0.05959	-0.01271	0.64455	0.00413	1	1.45898	0.81042	0	
1260599	8502.10449	3305820643197	0.50129	0.36288	8502.00391	0.10059	11623	1	0.52803	0.40360	1	0.45233	0.37961	1	0.49018	0.39161	1	0.48021	0.53506	12.29081	1.02782	1	0.74120	0.55512	13.22058	1.03548	1	-0.00462	-0.00904	0.66238	0.00385	1	0.06431	-0.01371	0.69504	0.00419	1	1.45898	0.81042	0	
1260600	8502.11133	3305820710214	0.50076	0.36507	8502.00391	0.10742	11623	1	0.53547	0.39534	1	0.44912	0.40483	1	0.49230	0.40008	1	0.48057	0.53512	12.88976	1.02746	1	0.74124	0.55494	13.05707	1.03512	1	-0.00462	-0.00904	0.66238	0.00377	1	0.06431	-0.01371	0.69504	0.00425	1	1.45898	0.81042	0	
1260601	8502.11816	3305820775403	0.50018	0.36725	8502.00391	0.11426	11623	1	0.52820	0.39031	1	0.45254	0.41844	1	0.49037	0.40438	1	0.48036	0.53492	12.48577	1.02710	1	0.74131	0.55528	13.34188	1.03476	1	-0.00462	-0.00904	0.66238	0.00383	1	0.06431	-0.01371	0.69504	0.00417	1	1.45898	0.81042	0	
1260602	8502.12500	3305820844205	0.49965	0.36872	8502.00391	0.12109	11623	1	0.52739	0.38443	1	0.45281	0.40611	1	0.49010	0.39527	1	0.48073	0.53511	13.13049	1.03476	1	0.74124	0.55520	13.27250	1.05110	1	-0.00473	-0.00937	0.68617	0.00377	1	0.06400	-0.01363	0.69111	0.00421	1	1.45898	0.81042	0	
1260603	8502.13184	3305820912113	0.49904	0.36938	8502.00391	0.12793	11623	1	0.50679	0.39125	1	0.46800	0.37228	1	0.48739	0.38176	1	0.48052	0.53516	12.90657	1.05912	1	0.74156	0.55534	14.01342	1.06780	1	-0.00473	-0.00937	0.68617	0.00376	1	0.06400	-0.01363	0.69111	0.00406	1	1.45898	0.81042	0	
1260604	8502.13867	3305820978685	0.49839	0.36864	8502.00391	0.13477	11623	1	0.50016	0.36242	1	0.47074	0.34544	1	0.48545	0.35393	1	0.48054	0.53499	12.60063	1.07581	1	0.74155	0.55544	13.99758	1.08449	1	-0.00473	-0.00937	0.68617	0.00384	1	0.06400	-0.01363	0.69111	0.00407	1	1.45898	0.81042	0	
1260605	8502.14551	3305821045541	0.49776	0.36754	8502.00391	0.14160	11623	1	0.49812	0.34971	1	0.47100	0.33912	1	0.48456	0.34441	1	0.48069	0.53507	12.87764	1.09251	1	0.74152	0.55541	13.96061	1.09251	1	-0.00473	-0.00937	0.68617	0.00383	1	0.06431	-0.01371	0.69504	0.00406	1	1.45898	0.81042	0	
1260606	8502.15137	3305821111038	0.49726	0.36743	8502.00391	0.14746	11623	1	0.52264	0.34763	1	0.44985	0.38229	1	0.48625	0.36496	1	0.48077	0.53522	13.27151	1.09251	1	0.74132	0.55532	13.81997	1.08383	1	-0.00473	-0.00937	0.68617	0.00385	1	0.06431	-0.01371	0.69504	0.00426	1	1.45898	0.81042	0	
1260607	8502.15820	3305821179583	0.49729	0.36796	8502.00391	0.15430	11623	1	0.53177	0.38873	1	0.46380	0.37170	1	0.49778	0.38021	1	0.48091	0.53527	12.77225	1.08383	1	0.74146	0.55556	13.96847	1.07515	1	-0.00473	-0.00937	0.68617	0.00382	1	0.06431	-0.01371	0.69504	0.00402	1	1.45898	0.81042	0	
1260608	8502.16504	3305821245890	0.49732	0.36871	8502.00391	0.16113	11623	1	0.53261	0.39507	1	0.46357	0.37839	1	0.49809	0.38673	1	0.48118	0.53508	12.33049	1.07515	1	0.74192	0.55509	13.25803	1.06647	1	-0.00473	-0.00937	0.68617	0.00383	1	0.06266	-0.01334	0.67616	0.00401	1	1.45898	0.81042	0	
1260609	8502.17188	3305821314124	0.49764	0.36931	8502.00391	0.16797	11623	1	0.52754	0.37167	1	0.48369	0.39689	1	0.50562	0.38428	1	0.48126	0.53500	13.31623	1.06647	1	0.74181	0.55521	13.41745	1.06647	1	-0.00473	-0.00937	0.68617	0.00372	1	0.06266	-0.01334	0.67616	0.00407	1	1.45898	0.81042	0	
1260610	8502.17871	3305821380578	0.49764	0.36803	8502.00391	0.17480	11623	1	0.52398	0.35663	1	0.47137	0.31275	1	0.49767	0.33469	1	0.48127	0.53492	12.88381	1.06647	1	0.74193	0.55466	13.33841	1.06647	1	-0.00473	-0.00937	0.68617	0.00376	1	0.06266	-0.01334	0.67616	0.00434	1	1.45898	0.81042	0	
1260611	8502.18555	3305821447138	0.49763	0.36695	8502.00391	0.18164	11623	1	0.52398	0.35663	1	0.47111	0.31913	1	0.49755	0.33788	1	0.48171	0.53478	13.01383	1.06647	1	0.74216	0.55491	12.87160	1.05881	1	-0.00459	-0.00929	0.68083	0.00388	1	0.06150	-0.01308	0.66309	0.00420	1	1.45898	0.81042	0	
1260612	8502.19238	3305821514181	0.49807	0.36601	8502.00391	0.18848	11623	1	0.53869	0.32659	1	0.48168	0.35259	1	0.51019	0.33959	1	0.48153	0.53451	12.84587	1.05881	1	0.74208	0.55454	12.95685	1.05115	1	-0.00459	-0.00929	0.68083	0.00376	1	0.06150	-0.01308	0.66309	0.00421	1	1.45898	0.81042	0	
1260613	8502.19824	3305821576773	0.49854	0.36628	8502.00391	0.19434	11623	1	0.54104	0.36135	1	0.48315	0.38674	1	0.51210	0.37404	1	0.48156	0.53471	13.04206	1.05115	1	0.74212	0.55467	12.92422	1.04349	1	-0.00459	-0.00929	0.68083	0.00385	1	0.06150	-0.01308	0.66309	0.00426	1	1.45898	0.81042	0	
1260614	8502.20508	3305821645120	0.49898	0.36672	8502.00391	0.20117	11623	1	0.54175	0.36730	1	0.48281	0.39272	1	0.51228	0.38001	1	0.48127	0.53482	12.56786	1.04349	1	0.74208	0.55457	12.89796	1.03583	1	-0.00459	-0.00929	0.68083	0.00378	1	0.06150	-0.01308	0.66309	0.00427	1	1.45898	0.81042	0	
1260615	8502.21191	3305821712487	0.49897	0.36628	8502.00391	0.20801	11623	1	0.52242	0.35636	1	0.47468	0.34925	1	0.49855	0.35280	1	0.48121	0.53458	12.32586	1.03583	1	0.74199	0.55447	13.16513	1.03583	1	-0.00459	-0.00929	0.68083	0.00391	1	0.06150	-0.01308	0.66309	0.00416	1	1.45898	0.81042	0	
1260616	8502.21875	3305821781379	0.49936	0.36601	8502.00391	0.21484	11623	1	0.53556	0.35447	1	0.48844	0.36029	1	0.51200	0.35738	1	0.48137	0.53465	12.64008	1.03583	1	0.74229	0.55463	13.77631	1.03583	1	-0.00459	-0.00929	0.68083	0.00371	1	0.06150	-0.01308	0.66309	0.00375	1	1.45898	0.81042	0	
1260617	8502.22559	3305821848685	0.49973	0.36554	8502.00391	0.22168	11623	1	0.53467	0.34723	1	0.48890	0.35290	1	0.51178	0.35006	1	0.48137	0.53447	12.61431	1.04492	1	0.74210	0.55452	12.93633	1.04492	1	-0.00489	-0.00978	0.71627	0.00372	1	0.06150	-0.01308	0.66309	0.00419	1	1.45898	0.81042	0	
1260618	8502.23242	3305821915923	0.49999	0.36449	8502.00391	0.22852	11623	1	0.53856	0.32520	1	0.47909	0.33229	1	0.50882	0.32874	1	0.48137	0.53445	12.55182	1.05400	1	0.74208	0.55449	12.78168	1.05400	1	-0.00489	-0.00978	0.71627	0.00378	1	0.06150	-0.01308	0.66309	0.00427	1	1.45898	0.81042	0	
1260619	8502.23828	3305821982526	0.50065	0.36255	8502.00391	0.23438	11623	1	0.53839	0.32083	1	0.50959	0.26853	1	0.52399	0.29468	1	0.48153	0.53444	12.77431	1.06309	1	0.74214	0.55422	13.07019	1.06309	1	-0.00489	-0.00978	0.71627	0.00379	1	0.06150	-0.01308	0.66309	0.00399	1	1.45898	0.81042	0	
1260620	8502.24512	3305822049359	0.50129	0.36063	8502.00391	0.24121	11623	1	0.53839	0.32083	1	0.51012	0.26178	1	0.52425	0.29131	1	0.48143	0.53435	12.66346	1.06309	1	0.74211	0.55399	12.99192	1.07075	1	-0.00473	-0.00937	0.68617	0.00374	1	0.06266	-0.01334	0.67616	0.00435	1	1.45898	0.81042	0	
1260621	8502.25195	3305822116706	0.50200	0.35905	8502.00391	0.24805	11623	1	0.54872	0.30246	1	0.50759	0.29866	1	0.52816	0.30056	1	0.48130	0.53431	12.20710	1.06166	1	0.74211	0.55425	12.97552	1.06932	1	-0.00473	-0.00937	0.68617	0.00381	1	0.06266	-0.01334	0.67616	0.00401	1	1.45898	0.81042	0	
1260622	8502.25879	3305822182740	0.51355	0.33379	8502.00391	0.24805	11623	0	0.54246	0.30943	1	0.50349	0.28748	1	0.52298	0.29846	1	0.48123	0.53429	12.19257	1.06024	1	0.74210	0.55412	12.92980	1.06790	1	-0.00473	-0.00937	0.68617	0.00382	1	0.06266	-0.01334	0.67616	0.00405	1	1.45898	0.81042	0	
1260623	8502.26562	3305822246848	0.51827	0.31672	8502.00391	0.24805	11623	0	0.54259	0.31060	1	0.50340	0.28871	1	0.52299	0.29965	1	0.48103	0.53425	11.88647	1.05881	1	0.74187	0.55484	13.25665	1.06647	1	-0.00471	-0.00927	0.68307	0.00386	1	0.06323	-0.01341	0.68224	0.00378	1	1.45898	0.81042	0	
1260624	8502.27246	3305822317278	0.51673	0.30778	8502.00391	0.24805	11623	0	0.52835	0.29430	1	0.49895	0.28550	1	0.51365	0.28990	1	0.48103	0.53419	11.86163	1.06647	1	0.74197	0.55380	12.67051	1.06647	1	-0.00471	-0.00927	0.68307	0.00367	1	0.06323	-0.01341	0.68224	0.00421	1	1.45898	0.81042	0	
1260625	8502.27930	3305822385018	0.51693	0.32066	8502.25879	0.02051	11624	1	0.54266	0.34394	1	0.49235	0.37466	1	0.51750	0.35930	1	0.48114	0.53471	12.12939	1.06647	1	0.74191	0.55509	13.52137	1.06647	1	-0.00471	-0.00927	0.68307	0.00375	1	0.06323	-0.01341	0.68224	0.00386	1	1.45898	0.81042	0	
1260626	8502.28516	3305822451470	0.51701	0.32697	8502.25879	0.02637	11624	1	0.54184	0.33683	1	0.49283	0.36760	1	0.51733	0.35221	1	0.48088	0.53468	12.67625	1.07556	1	0.74163	0.55520	13.65131	1.07556	1	-0.00481	-0.00942	0.68975	0.00363	1	0.06431	-0.01366	0.69504	0.00392	1	1.45898	0.81042	0	
1260627	8502.29199	3305822517360	0.51747	0.32877	8502.25879	0.03320	11624	1	0.55119	0.31323	1	0.48834	0.36228	1	0.51976	0.33775	1	0.48097	0.53458	12.54393	1.08464	1	0.74186	0.55490	12.98983	1.08464	1	-0.00481	-0.00942	0.68975	0.00366	1	0.06431	-0.01366	0.69504	0.00395	1	1.45898	0.81042	0	
1260628	8502.29883	3305822585722	0.51663	0.32660	8502.25879	0.04004	11624	1	0.54863	0.27622	1	0.47461	0.35091	1	0.51162	0.31356	1	0.48096	0.53433	12.24229	1.09373	1	0.74176	0.55500	13.19532	1.09373	1	-0.00481	-0.00942	0.68975	0.00378	1	0.06431	-0.01366	0.69504	0.00398	1	1.45898	0.81042	0	
1260629	8502.30566	3305822652373	0.51598	0.32406	8502.25879	0.04688	11624	1	0.54788	0.26872	1	0.47494	0.34384	1	0.51141	0.30628	1	0.48086	0.53466	13.05406	1.10281	1	0.74160	0.55492	13.59248	1.10281	1	-0.00481	-0.00942	0.68975	0.00368	1	0.06431	-0.01366	0.69504	0.00394	1	1.45898	0.81042	0	
1260630	8502.31250	3305822719661	0.51736	0.32545	8502.25879	0.05371	11624	1	0.54646	0.31522	1	0.51032	0.35805	1	0.52839	0.33663	1	0.48084	0.53464	13.09291	1.10281	1	0.74184	0.55514	13.02464	1.10281	1	-0.00481	-0.00942	0.68975	0.00365	1	0.06431	-0.01366	0.69504	0.00396	1	1.45898	0.81042	0	
1260631	8502.31934	3305822786692	0.51687	0.32489	8502.25879	0.06055	11624	1	0.52716	0.32149	1	0.49773	0.31804	1	0.51245	0.31976	1	0.48058	0.53478	12.83581	1.10281	1	0.74155	0.55463	13.72812	1.10281	1	-0.00481	-0.00942	0.68975	0.00365	1	0.06431	-0.01366	0.69504	0.00418	1	1.45898	0.81042	0	
1260632	8502.32617	3305822853463	0.51646	0.32442	8502.25879	0.06738	11624	1	0.52716	0.32149	1	0.49773	0.31804	1	0.51245	0.31976	1	0.48040	0.53436	12.21181	1.10281	1	0.74123	0.55499	14.25772	1.10281	1	-0.00501	-0.00960	0.70319	0.00375	1	0.06431	-0.01366	0.69504	0.00397	1	1.45898	0.81042	0	
1260633	8502.33301	3305822920355	0.51582	0.32281	8502.25879	0.07422	11624	1	0.51617	0.27254	1	0.50127	0.33777	1	0.50872	0.30516	1	0.48039	0.53433	12.13372	1.10281	1	0.74122	0.55481	13.18219	1.10281	1	-0.00501	-0.00960	0.70319	0.00382	1	0.06431	-0.01366	0.69504	0.00392	1	1.45898	0.81042	0	
1260634	8502.33887	3305822987854	0.51677	0.32077	8502.25879	0.08008	11624	1	0.54670	0.29291	1	0.50957	0.29958	1	0.52813	0.29625	1	0.48047	0.53436	12.24949	1.10281	1	0.74144	0.55463	13.79113	1.10281	1	-0.00501	-0.00960	0.70319	0.00370	1	0.06431	-0.01366	0.69504	0.00384	1	1.45898	0.81042	0	
1260635	8502.34570	3305823054369	0.51757	0.31977	8502.25879	0.08691	11624	1	0.54745	0.30020	1	0.50846	0.31332	1	0.52796	0.30676	1	0.48035	0.53442	12.26123	1.09373	1	0.74136	0.55459	13.31445	1.08607	1	-0.00489	-0.00927	0.67905	0.00366	1	0.06191	-0.01313	0.67069	0.00384	1	1.45898	0.81042	0	
1260636	8502.35254	3305823122024	0.51773	0.32066	8502.25879	0.09375	11624	1	0.54262	0.32171	1	0.49746	0.34442	1	0.52004	0.33307	1	0.48038	0.53457	12.16641	1.07698	1	0.74119	0.55467	13.20576	1.06932	1	-0.00489	-0.00927	0.67905	0.00366	1	0.06191	-0.01313	0.67069	0.00389	1	1.45898	0.81042	0	
1260637	8502.35938	3305823188735	0.51793	0.32206	8502.25879	0.10059	11624	1	0.54408	0.31796	1	0.49765	0.36818	1	0.52087	0.34307	1	0.48007	0.53446	12.37107	1.06024	1	0.74124	0.55478	13.38019	1.05258	1	-0.00489	-0.00927	0.67905	0.00366	1	0.06191	-0.01313	0.67069	0.00383	1	1.45898	0.81042	0	
1260638	8502.36523	3305823250434	0.51813	0.32391	8502.25879	0.10645	11624	1	0.54557	0.33155	1	0.49712	0.37539	1	0.52135	0.35347	1	0.48031	0.53447	12.21749	1.04349	1	0.74109	0.55467	13.45113	1.04349	1	-0.00498	-0.00926	0.67813	0.00372	1	0.06224	-0.01316	0.67488	0.00403	1	1.45898	0.81042	0	
1260639	8502.37305	3305823321337	0.51783	0.32380	8502.25879	0.11426	11624	1	0.52886	0.28618	1	0.49652	0.35772	1	0.51269	0.32195	1	0.47981	0.53388	12.54866	1.04349	1	0.74118	0.55465	13.33136	1.05115	1	-0.00498	-0.00926	0.67813	0.00383	1	0.06224	-0.01316	0.67488	0.00421	1	1.45898	0.81042	0	
1260640	8502.37891	3305823388669	0.51852	0.32456	8502.25879	0.12012	11624	1	0.54666	0.31581	1	0.51527	0.36087	1	0.53096	0.33834	1	0.48000	0.53445	12.82699	1.05115	1	0.74112	0.55469	13.46114	1.05881	1	-0.00498	-0.00926	0.67813	0.00374	1	0.06224	-0.01316	0.67488	0.00418	1	1.45898	0.81042	0	
1260641	8502.38574	3305823451760	0.51912	0.32473	8502.25879	0.12695	11624	1	0.54520	0.30206	1	0.51594	0.35363	1	0.53057	0.32784	1	0.47980	0.53449	12.65102	1.06790	1	0.74063	0.55459	14.10728	1.06790	1	-0.00522	-0.00961	0.70384	0.00372	1	0.06152	-0.01302	0.66762	0.00419	1	1.45898	0.81042	0	
1260642	8502.39258	3305823523193	0.51805	0.32435	8502.25879	0.13379	11624	1	0.53204	0.30465	1	0.46126	0.32911	1	0.49665	0.31688	1	0.47987	0.53432	12.68687	1.07698	1	0.74032	0.55457	13.31993	1.06932	1	-0.00522	-0.00961	0.70384	0.00371	1	0.06152	-0.01302	0.66762	0.00421	1	1.45898	0.81042	0	
1260643	8502.39941	3305823590674	0.51783	0.32387	8502.25879	0.14062	11624	1	0.53414	0.30637	1	0.49243	0.32129	1	0.51329	0.31383	1	0.47983	0.53435	12.63919	1.07841	1	0.74037	0.55450	13.34762	1.07075	1	-0.00522	-0.00961	0.70384	0.00371	1	0.06152	-0.01302	0.66762	0.00417	1	1.45898	0.81042	0	
1260644	8502.40625	3305823657542	0.51765	0.32357	8502.25879	0.14746	11624	1	0.53487	0.31258	1	0.49243	0.32129	1	0.51365	0.31693	1	0.47976	0.53458	12.10533	1.07075	1	0.74054	0.55412	13.11250	1.07075	1	-0.00508	-0.00924	0.67703	0.00368	1	0.06301	-0.01334	0.68432	0.00422	1	1.45898	0.81042	0	
1260645	8502.41309	3305823724423	0.51773	0.32188	8502.25879	0.15430	11624	1	0.53174	0.26750	1	0.50756	0.29826	1	0.51965	0.28288	1	0.47948	0.53391	11.95125	1.06166	1	0.74058	0.55402	12.95876	1.06932	1	-0.00508	-0.00924	0.67703	0.00399	1	0.06301	-0.01334	0.68432	0.00414	1	1.45898	0.81042	0	
1260646	8502.41992	3305823791325	0.51825	0.32082	8502.25879	0.16113	11624	1	0.55679	0.29881	1	0.50439	0.29191	1	0.53059	0.29536	1	0.47944	0.53436	12.00240	1.06024	1	0.74052	0.55431	13.12785	1.06790	1	-0.00508	-0.00924	0.67703	0.00362	1	0.06301	-0.01334	0.68432	0.00401	1	1.45898	0.81042	0	
1260647	8502.42676	3305823858153	0.51871	0.31972	8502.25879	0.16797	11624	1	0.55619	0.29246	1	0.50439	0.29191	1	0.53029	0.29219	1	0.47944	0.53409	11.77346	1.06790	1	0.74044	0.55406	13.36633	1.06790	1	-0.00541	-0.00969	0.71371	0.00375	1	0.06008	-0.01269	0.65305	0.00397	1	1.45898	0.81042	0	
1260648	8502.43262	3305823925218	0.51880	0.31946	8502.25879	0.17383	11624	1	0.54397	0.28727	1	0.49832	0.33836	1	0.52114	0.31281	1	0.47922	0.53435	12.66448	1.07698	1	0.74041	0.55420	13.31085	1.06932	1	-0.00541	-0.00969	0.71371	0.00382	1	0.06008	-0.01269	0.65305	0.00403	1	1.45898	0.81042	0	
1260649	8502.43945	3305823992385	0.51888	0.32043	8502.25879	0.18066	11624	1	0.55087	0.31338	1	0.49100	0.37976	1	0.52094	0.34657	1	0.47937	0.53442	12.38290	1.07841	1	0.74029	0.55431	13.24086	1.07075	1	-0.00541	-0.00969	0.71371	0.00376	1	0.06008	-0.01269	0.65305	0.00408	1	1.45898	0.81042	0	
1260650	8502.44629	3305824058359	0.51896	0.32144	8502.25879	0.18750	11624	1	0.55150	0.31952	1	0.49100	0.37976	1	0.52125	0.34964	1	0.47911	0.53422	12.56748	1.07075	1	0.74021	0.55449	13.67834	1.07075	1	-0.00528	-0.00942	0.68986	0.00376	1	0.06158	-0.01301	0.66985	0.00405	1	1.45898	0.81042	0	
1260651	8502.45312	3305824126240	0.51885	0.32275	8502.25879	0.19434	11624	1	0.51982	0.30809	1	0.51174	0.41365	1	0.51578	0.36087	1	0.47885	0.53421	12.29588	1.06166	1	0.74036	0.55442	13.65081	1.06932	1	-0.00528	-0.00942	0.68986	0.00385	1	0.06158	-0.01301	0.66985	0.00413	1	1.45898	0.81042	0	
1260652	8502.45996	3305824193267	0.51847	0.32406	8502.25879	0.20117	11624	1	0.52261	0.33992	1	0.49127	0.38686	1	0.50694	0.36339	1	0.47892	0.53451	12.58005	1.06024	1	0.74000	0.55412	14.10192	1.06790	1	-0.00528	-0.00942	0.68986	0.00373	1	0.06158	-0.01301	0.66985	0.00400	1	1.45898	0.81042	0	
1260653	8502.46680	3305824259538	0.51810	0.32519	8502.25879	0.20801	11624	1	0.52180	0.33385	1	0.49127	0.38686	1	0.50653	0.36036	1	0.47903	0.53459	12.59985	1.06790	1	0.73978	0.55313	12.85873	1.06790	1	-0.00539	-0.00947	0.69728	0.00380	1	0.06035	-0.01276	0.65708	0.00431	1	1.45898	0.81042	0	
1260654	8502.47363	3305824327590	0.51749	0.32392	8502.25879	0.21484	11624	1	0.51526	0.30075	1	0.48121	0.26548	1	0.49823	0.28311	1	0.47881	0.53431	12.11016	1.07698	1	0.73981	0.55263	12.80053	1.06932	1	-0.00539	-0.00947	0.69728	0.00382	1	0.06035	-0.01276	0.65708	0.00451	1	1.45898	0.81042	0	
1260655	8502.47949	3305824393839	0.51780	0.32434	8502.25879	0.22070	11624	1	0.55887	0.31856	1	0.49658	0.35787	1	0.52773	0.33822	1	0.47910	0.53474	12.66284	1.07841	1	0.73960	0.55386	13.12815	1.07075	1	-0.00539	-0.00947	0.69728	0.00383	1	0.06035	-0.01276	0.65708	0.00412	1	1.45898	0.81042	0	
1260656	8502.48633	3305824461212	0.51809	0.32482	8502.25879	0.22754	11624	1	0.55944	0.32466	1	0.49658	0.35787	1	0.52801	0.34127	1	0.47879	0.53391	12.08978	1.07075	1	0.73986	0.55329	12.91889	1.07075	1	-0.00537	-0.00925	0.68881	0.00401	1	0.06304	-0.01334	0.68689	0.00397	1	1.45898	0.81042	0	
1260657	8502.49316	3305824527931	0.51824	0.32460	8502.25879	0.23438	11624	1	0.54749	0.29270	1	0.50000	0.34060	1	0.52375	0.31665	1	0.47893	0.53405	12.17692	1.06166	1	0.73970	0.55359	13.44616	1.06932	1	-0.00537	-0.00925	0.68881	0.00394	1	0.06304	-0.01334	0.68689	0.00381	1	1.45898	0.81042	0	
1260658	8502.50000	3305824595326	0.51816	0.32442	8502.25879	0.24121	11624	1	0.52706	0.30171	1	0.50297	0.33426	1	0.51502	0.31798	1	0.47864	0.53407	12.02499	1.06024	1	0.73977	0.55357	13.09993	1.06790	1	-0.00537	-0.00925	0.68881	0.00395	1	0.06304	-0.01334	0.68689	0.00385	1	1.45898	0.81042	0	
1260659	8502.50684	3305824661139	0.51807	0.32436	8502.25879	0.24805	11624	1	0.52721	0.30289	1	0.50241	0.34166	1	0.51481	0.32227	1	0.47855	0.53400	11.98670	1.05881	1	0.73969	0.55388	13.70131	1.05881	1	-0.00537	-0.00925	0.68881	0.00399	1	0.05994	-0.01265	0.65368	0.00378	1	1.45898	0.81042	0	
1260660	8502.51367	3305824728213	0.51832	0.32496	8502.25879	0.25488	11624	1	0.56015	0.32239	1	0.49516	0.37331	1	0.52765	0.34785	1	0.47872	0.53388	12.02684	1.05881	1	0.73967	0.55390	13.61824	1.05115	1	-0.00537	-0.00925	0.68881	0.00393	1	0.05994	-0.01265	0.65368	0.00383	1	1.45898	0.81042	0	
1260661	8502.52051	3305824795895	0.51858	0.32479	8502.25879	0.26172	11624	1	0.56687	0.27324	1	0.49089	0.36244	1	0.52888	0.31784	1	0.47886	0.53396	12.17343	1.05115	1	0.73956	0.55375	13.16298	1.04349	1	-0.00537	-0.00925	0.68881	0.00401	1	0.05994	-0.01265	0.65368	0.00391	1	1.45898	0.81042	0	
1260662	8502.52734	3305824864240	0.51883	0.32459	8502.25879	0.26855	11624	1	0.56677	0.27201	1	0.49096	0.36129	1	0.52887	0.31665	1	0.47873	0.53385	11.98301	1.05258	1	0.73944	0.55412	13.73917	1.04492	1	-0.00554	-0.00949	0.70303	0.00400	1	0.05994	-0.01265	0.65368	0.00396	1	1.45898	0.81042	0	
1260663	8502.53320	3305824929907	0.51909	0.32510	8502.25879	0.27441	11624	1	0.56211	0.30949	1	0.49721	0.38290	1	0.52966	0.34619	1	0.47879	0.53424	11.93749	1.05400	1	0.73974	0.55399	13.14579	1.05400	1	-0.00554	-0.00949	0.70303	0.00391	1	0.05994	-0.01265	0.65368	0.00394	1	1.45898	0.81042	0	
1260664	8502.54004	3305824997025	0.51935	0.32532	8502.25879	0.28125	11624	1	0.56671	0.27289	1	0.49367	0.39601	1	0.53019	0.33445	1	0.47881	0.53392	11.94053	1.06309	1	0.73963	0.55418	13.29254	1.06309	1	-0.00554	-0.00949	0.70303	0.00404	1	0.05994	-0.01265	0.65368	0.00386	1	1.45898	0.81042	0	
1260665	8502.54688	3305825062001	0.51960	0.32546	8502.25879	0.28809	11624	1	0.56671	0.27289	1	0.49408	0.39019	1	0.53039	0.33154	1	0.47807	0.53432	12.32236	1.06309	1	0.73956	0.55403	13.50003	1.07075	1	-0.00547	-0.00929	0.68793	0.00380	1	0.06145	-0.01293	0.67062	0.00399	1	1.45898	0.81042	0	
1260666	8502.55371	3305825128421	0.51922	0.32593	8502.25879	0.29492	11624	1	0.52496	0.33984	1	0.48051	0.35298	1	0.50274	0.34641	1	0.47814	0.53440	12.54318	1.06166	1	0.73935	0.55373	13.31509	1.06932	1	-0.00547	-0.00929	0.68793	0.00376	1	0.06145	-0.01293	0.67062	0.00402	1	1.45898	0.81042	0	
1260667	8502.55957	3305825194053	0.51915	0.32654	8502.25879	0.30078	11624	1	0.52983	0.32797	1	0.50225	0.38077	1	0.51604	0.35437	1	0.47815	0.53437	12.37095	1.06024	1	0.73932	0.55395	13.81273	1.06790	1	-0.00547	-0.00929	0.68793	0.00377	1	0.06145	-0.01293	0.67062	0.00404	1	1.45898	0.81042	0	
1260668	8502.56641	3305825263133	0.51908	0.32701	8502.25879	0.30762	11624	1	0.52906	0.32182	1	0.50272	0.37486	1	0.51589	0.34834	1	0.47808	0.53424	12.48915	1.06790	1	0.73928	0.55371	13.66331	1.07556	1	-0.00557	-0.00943	0.69480	0.00389	1	0.06261	-0.01312	0.68326	0.00420	1	1.45898	0.81042	0	
1260669	8502.57422	3305825333256	0.51872	0.32661	8502.25879	0.31543	11624	1	0.51190	0.25899	1	0.49110	0.35692	1	0.50150	0.30796	1	0.47798	0.53394	12.00251	1.08464	1	0.73916	0.55390	12.48406	1.08464	1	-0.00557	-0.00943	0.69480	0.00399	1	0.06261	-0.01312	0.68326	0.00413	1	1.45898	0.81042	0	
1260670	8502.58008	3305825399603	0.51843	0.32635	8502.25879	0.32129	11624	1	0.50197	0.26845	1	0.49767	0.37446	1	0.49982	0.32146	1	0.47785	0.53407	11.91555	1.09373	1	0.73928	0.55416	13.82082	1.09373	1	-0.00557	-0.00943	0.69480	0.00403	1	0.06261	-0.01312	0.68326	0.00399	1	1.45898	0.81042	0	
1260671	8502.58691	3305825461865	0.51795	0.32681	8502.25879	0.32812	11624	1	0.50197	0.26845	1	0.49767	0.37446	1	0.49982	0.32146	1	0.47787	0.53427	12.03450	1.09373	1	0.73892	0.55388	12.94722	1.09373	1	-0.00552	-0.00920	0.68150	0.00386	1	0.06261	-0.01312	0.68326	0.00409	1	1.45898	0.81042	0	
1260672	8502.59375	3305825534044	0.51738	0.32684	8502.25879	0.33496	11624	1	0.49739	0.23165	1	0.47489	0.35091	1	0.48614	0.29128	1	0.47782	0.53342	11.75989	1.08464	1	0.73891	0.55384	13.01590	1.08464	1	-0.00552	-0.00920	0.68150	0.00416	1	0.06261	-0.01312	0.68326	0.00409	1	1.45898	0.81042	0	
1260673	8502.60059	3305825600733	0.51705	0.32577	8502.25879	0.34180	11624	1	0.53566	0.30193	1	0.46822	0.31437	1	0.50194	0.30815	1	0.47796	0.53401	11.88111	1.07556	1	0.73874	0.55355	12.76730	1.07556	1	-0.00552	-0.00920	0.68150	0.00384	1	0.06261	-0.01312	0.68326	0.00407	1	1.45898	0.81042	0	
1260674	8502.60742	3305825666586	0.51673	0.32507	8502.25879	0.34863	11624	1	0.53651	0.30935	1	0.46771	0.32817	1	0.50211	0.31876	1	0.47814	0.53420	12.23818	1.06647	1	0.73870	0.55389	13.45951	1.05881	1	-0.00552	-0.00915	0.68176	0.00378	1	0.05994	-0.01257	0.65467	0.00403	1	1.45898	0.81042	0	
1260675	8502.61328	3305825731548	0.51656	0.32532	8502.25879	0.35449	11624	1	0.56363	0.31498	1	0.45919	0.38441	1	0.51141	0.34969	1	0.47838	0.53444	12.52957	1.05881	1	0.73871	0.55389	13.39962	1.05115	1	-0.00552	-0.00915	0.68176	0.00381	1	0.05994	-0.01257	0.65467	0.00401	1	1.45898	0.81042	0	
1260676	8502.62012	3305825800691	0.51640	0.32620	8502.25879	0.36133	11624	1	0.54814	0.32141	1	0.46009	0.38970	1	0.50412	0.35556	1	0.47808	0.53459	12.59398	1.05115	1	0.73873	0.55392	13.33453	1.04349	1	-0.00552	-0.00915	0.68176	0.00374	1	0.05994	-0.01257	0.65467	0.00403	1	1.45898	0.81042	0	
1260677	8502.62695	3305825867901	0.51626	0.32735	8502.25879	0.36816	11624	1	0.54880	0.32766	1	0.45991	0.39565	1	0.50436	0.36165	1	0.47834	0.53438	12.70494	1.04349	1	0.73882	0.55383	13.33448	1.03583	1	-0.00552	-0.00915	0.68176	0.00375	1	0.05994	-0.01257	0.65467	0.00402	1	1.45898	0.81042	0	
1260678	8502.63379	3305825934741	0.51611	0.32802	8502.25879	0.37500	11624	1	0.56090	0.33996	1	0.48209	0.39738	1	0.52150	0.36867	1	0.47833	0.53449	12.75834	1.03583	1	0.73871	0.55389	13.39962	1.03583	1	-0.00552	-0.00915	0.68176	0.00369	1	0.05994	-0.01257	0.65467	0.00401	1	1.45898	0.81042	0	
1260679	8502.64062	3305826001661	0.51611	0.32835	8502.25879	0.38184	11624	1	0.54476	0.31250	1	0.47939	0.35853	1	0.51207	0.33551	1	0.47805	0.53410	12.02895	1.03583	1	0.73861	0.55360	13.20124	1.03583	1	-0.00552	-0.00915	0.68176	0.00375	1	0.05994	-0.01257	0.65467	0.00405	1	1.45898	0.81042	0	
1260680	8502.64746	3305826068735	0.51610	0.32861	8502.25879	0.38867	11624	1	0.54476	0.31250	1	0.47971	0.35229	1	0.51224	0.33239	1	0.47774	0.53373	11.86540	1.03583	1	0.73860	0.55373	13.28675	1.04349	1	-0.00552	-0.00920	0.68150	0.00411	1	0.06157	-0.01292	0.67308	0.00400	1	1.45898	0.81042	0	
1260681	8502.65430	3305826135251	0.51627	0.32909	8502.25879	0.39551	11624	1	0.54984	0.30465	1	0.48417	0.35197	1	0.51701	0.32831	1	0.47821	0.53399	12.50183	1.04349	1	0.73865	0.55356	13.14138	1.05115	1	-0.00552	-0.00920	0.68150	0.00391	1	0.06157	-0.01292	0.67308	0.00404	1	1.45898	0.81042	0	
1260682	8502.66113	3305826202406	0.51589	0.32973	8502.25879	0.40234	11624	1	0.53279	0.29134	1	0.48696	0.36265	1	0.50987	0.32699	1	0.47793	0.53392	12.18094	1.05115	1	0.73877	0.55377	13.48454	1.05881	1	-0.00552	-0.00920	0.68150	0.00402	1	0.06157	-0.01292	0.67308	0.00396	1	1.45898	0.81042	0	
1260683	8502.66699	3305826269479	0.51551	0.33002	8502.25879	0.40820	11624	1	0.53203	0.28487	1	0.48733	0.35657	1	0.50968	0.32072	1	0.47800	0.53392	12.36591	1.05881	1	0.73882	0.55367	13.47733	1.06647	1	-0.00552	-0.00920	0.68150	0.00390	1	0.06157	-0.01292	0.67308	0.00399	1	1.45898	0.81042	0	
1260684	8502.67383	3305826334461	0.51549	0.32992	8502.25879	0.41504	11624	1	0.54212	0.30765	1	0.49609	0.34834	1	0.51911	0.32800	1	0.47797	0.53435	12.66343	1.06647	1	0.73883	0.55378	13.39293	1.06647	1	-0.00552	-0.00920	0.68150	0.00379	1	0.06157	-0.01292	0.67308	0.00402	1	1.45898	0.81042	0	
1260685	8502.68066	3305826403477	0.51553	0.32910	8502.25879	0.42188	11624	1	0.55310	0.26926	1	0.49226	0.33823	1	0.52268	0.30374	1	0.47827	0.53382	12.58243	1.06647	1	0.73876	0.55370	13.46555	1.06647	1	-0.00552	-0.00920	0.68150	0.00410	1	0.06157	-0.01292	0.67308	0.00399	1	1.45898	0.81042	0	
1260686	8502.68750	3305826470741	0.51556	0.32806	8502.25879	0.42871	11624	1	0.55310	0.26926	1	0.49226	0.33823	1	0.52268	0.30374	1	0.47826	0.53416	12.58675	1.06647	1	0.73876	0.55383	13.46404	1.06647	1	-0.00552	-0.00910	0.68150	0.00377	1	0.06157	-0.01292	0.67308	0.00401	1	1.45898	0.81042	0	
1260687	8502.69434	3305826537582	0.51547	0.32779	8502.25879	0.43555	11624	1	0.53885	0.26905	1	0.47792	0.34855	1	0.50838	0.30880	1	0.47803	0.53382	12.05260	1.06647	1	0.73853	0.55370	13.14842	1.06647	1	-0.00552	-0.00910	0.68150	0.00402	1	0.06157	-0.01292	0.67308	0.00406	1	1.45898	0.81042	0	
1260688	8502.70117	3305826604668	0.51522	0.32724	8502.25879	0.44238	11624	1	0.54090	0.28335	1	0.49737	0.34039	1	0.51913	0.31187	1	0.47807	0.53409	12.59427	1.06647	1	0.73886	0.55362	13.33924	1.06647	1	-0.00552	-0.00910	0.68150	0.00385	1	0.06157	-0.01292	0.67308	0.00410	1	1.45898	0.81042	0	
1260689	8502.70801	3305826671443	0.51498	0.32690	8502.25879	0.44922	11624	1	0.54090	0.28335	1	0.49737	0.34039	1	0.51913	0.31187	1	0.47795	0.53391	12.20809	1.06647	1	0.73880	0.55403	13.42024	1.06647	1	-0.00552	-0.00920	0.68150	0.00393	1	0.06157	-0.01292	0.67308	0.00394	1	1.45898	0.81042	0	
1260690	8502.71387	3305826738604	0.51525	0.32659	8502.25879	0.45508	11624	1	0.52915	0.24402	1	0.48972	0.35914	1	0.50944	0.30158	1	0.47792	0.53356	11.94892	1.06647	1	0.73879	0.55373	13.34078	1.06647	1	-0.00552	-0.00920	0.68150	0.00397	1	0.06157	-0.01292	0.67308	0.00398	1	1.45898	0.81042	0	
1260691	8502.72070	3305826805946	0.51538	0.32657	8502.25879	0.46191	11624	1	0.55079	0.27942	1	0.48842	0.34657	1	0.51960	0.31299	1	0.47816	0.53391	12.45374	1.06647	1	0.73873	0.55371	13.24350	1.06647	1	-0.00552	-0.00920	0.68150	0.00389	1	0.06157	-0.01292	0.67308	0.00389	1	1.45898	0.81042	0	
1260692	8502.72754	3305826872322	0.51550	0.32633	8502.25879	0.46875	11624	1	0.55004	0.27176	1	0.48886	0.33927	1	0.51945	0.30552	1	0.47814	0.53443	12.77403	1.07556	1	0.73881	0.55398	13.56160	1.07556	1	-0.00557	-0.00943	0.69480	0.00370	1	0.06157	-0.01302	0.67308	0.00395	1	1.45898	0.81042	0	
1260693	8502.73438	3305826937430	0.51480	0.32712	8502.25879	0.47559	11624	1	0.50850	0.28465	1	0.46338	0.35726	1	0.48594	0.32095	1	0.47797	0.53400	11.96568	1.08464	1	0.73876	0.55389	13.26606	1.08464	1	-0.00557	-0.00943	0.69480	0.00377	1	0.06157	-0.01302	0.67308	0.00402	1	1.45898	0.81042	0	
1260694	8502.74121	3305827007264	0.51411	0.32781	8502.25879	0.48242	11624	1	0.52539	0.30281	1	0.46937	0.35409	1	0.49738	0.32845	1	0.47815	0.53441	12.70640	1.09373	1	0.73882	0.55390	13.48886	1.09373	1	-0.00557	-0.00943	0.69480	0.00369	1	0.06157	-0.01302	0.67308	0.00397	1	1.45898	0.81042	0	
1260695	8502.74805	3305827074578	0.51341	0.32848	8502.25879	0.48926	11624	1	0.52448	0.29552	1	0.46942	0.35299	1	0.49695	0.32426	1	0.47825	0.53421	12.73240	1.10281	1	0.73871	0.55424	13.50205	1.09515	1	-0.00561	-0.00944	0.69922	0.00369	1	0.05994	-0.01267	0.65467	0.00401	1	1.45898	0.81042	0	
1260696	8502.75488	3305827141061	0.51274	0.32866	8502.25879	0.49609	11624	1	0.50997	0.26182	1	0.46759	0.38117	1	0.48878	0.32149	1	0.47796	0.53401	12.09788	1.09515	1	0.73880	0.55424	13.45235	1.08749	1	-0.00561	-0.00944	0.69922	0.00372	1	0.05994	-0.01267	0.65467	0.00401	1	1.45898	0.81042	0	
1260697	8502.76172	3305827208172	0.51215	0.32789	8502.25879	0.50293	11624	1	0.52755	0.25305	1	0.45808	0.36594	1	0.49282	0.30950	1	0.47823	0.53401	12.23291	1.08749	1	0.73871	0.55410	13.39951	1.07983	1	-0.00561	-0.00944	0.69922	0.00375	1	0.05994	-0.01267	0.65467	0.00391	1	1.45898	0.81042	0	
1260698	8502.76758	3305827274287	0.51157	0.32718	8502.25879	0.50879	11624	1	0.52832	0.25958	1	0.45792	0.37186	1	0.49312	0.31572	1	0.47801	0.53408	11.88001	1.07983	1	0.73858	0.55428	13.09813	1.07218	1	-0.00561	-0.00954	0.69922	0.00386	1	0.05994	-0.01267	0.65467	0.00407	1	1.45898	0.81042	0	
1260699	8502.77441	3305827338762	0.51112	0.32599	8502.25879	0.51562	11624	1	0.49660	0.30682	1	0.49164	0.30041	1	0.49412	0.30362	1	0.47775	0.53442	12.28088	1.07218	1	0.73918	0.55312	11.92893	1.07218	1	-0.00561	-0.00954	0.69922	0.00379	1	0.05994	-0.01267	0.65467	0.00444	1	1.45898	0.81042	0	
1260700	8502.78125	3305827408499	0.51082	0.32538	8502.25879	0.52246	11624	1	0.51418	0.28157	1	0.47117	0.38695	1	0.49267	0.33426	1	0.47800	0.53395	11.92287	1.07218	1	0.73883	0.55411	13.12163	1.07218	1	-0.00561	-0.00954	0.69922	0.00373	1	0.05994	-0.01267	0.65467	0.00410	1	1.45898	0.81042	0	
1260701	8502.78809	3305827474962	0.51053	0.32484	8502.25879	0.52930	11624	1	0.51418	0.28157	1	0.47117	0.38695	1	0.49267	0.33426	1	0.47786	0.53443	12.13177	1.07218	1	0.73887	0.55425	13.10768	1.07218	1	-0.00561	-0.00954	0.69922	0.00373	1	0.06023	-0.01278	0.65793	0.00396	1	1.45898	0.81042	0	
1260702	8502.79492	3305827541350	0.51044	0.32545	8502.25879	0.53613	11624	1	0.50832	0.30035	1	0.47912	0.32458	1	0.49372	0.31247	1	0.47794	0.53409	12.10569	1.07218	1	0.73893	0.55338	12.97424	1.07218	1	-0.00561	-0.00954	0.69922	0.00377	1	0.06023	-0.01278	0.65793	0.00434	1	1.45898	0.81042	0	
1260703	8502.80176	3305827610160	0.50990	0.32516	8502.25879	0.54297	11624	1	0.51648	0.27564	1	0.48733	0.37288	1	0.50191	0.32426	1	0.47801	0.53388	11.98630	1.07218	1	0.73914	0.55398	12.54552	1.07218	1	-0.00561	-0.00954	0.69922	0.00372	1	0.06023	-0.01278	0.65793	0.00410	1	1.45898	0.81042	0	
1260704	8502.80859	3305827676973	0.50936	0.32474	8502.25879	0.54980	11624	1	0.51648	0.27564	1	0.48770	0.36695	1	0.50209	0.32130	1	0.47813	0.53460	12.37304	1.07218	1	0.73914	0.55398	12.54552	1.07983	1	-0.00561	-0.00954	0.69922	0.00367	1	0.06145	-0.01303	0.67062	0.00410	1	1.45898	0.81042	0	
1260705	8502.81445	3305827744450	0.50891	0.32510	8502.25879	0.55566	11624	1	0.51803	0.32026	1	0.48678	0.34722	1	0.50240	0.33374	1	0.47807	0.53450	12.18940	1.07983	1	0.73918	0.55389	12.57843	1.08749	1	-0.00561	-0.00954	0.69922	0.00363	1	0.06145	-0.01303	0.67062	0.00413	1	1.45898	0.81042	0	
1260706	8502.82129	3305827810222	0.50898	0.32558	8502.25879	0.56250	11624	1	0.55136	0.34785	1	0.48532	0.33406	1	0.51834	0.34096	1	0.47856	0.53499	12.40787	1.08749	1	0.73908	0.55381	12.56059	1.09515	1	-0.00561	-0.00954	0.69922	0.00363	1	0.06145	-0.01303	0.67062	0.00432	1	1.45898	0.81042	0	
1260707	8502.82812	3305827877665	0.50905	0.32605	8502.25879	0.56934	11624	1	0.55147	0.34894	1	0.48492	0.34126	1	0.51819	0.34510	1	0.47858	0.53493	12.29683	1.08607	1	0.73933	0.55397	12.90531	1.08607	1	-0.00547	-0.00939	0.68793	0.00358	1	0.06023	-0.01278	0.65793	0.00407	1	1.45898	0.81042	0	
1260708	8502.83496	3305827943928	0.50877	0.32597	8502.25879	0.57617	11624	1	0.52799	0.28961	1	0.50030	0.39817	1	0.51415	0.34389	1	0.47827	0.53409	12.03510	1.07698	1	0.73931	0.55425	12.89261	1.06932	1	-0.00547	-0.00939	0.68793	0.00410	1	0.06023	-0.01278	0.65793	0.00421	1	1.45898	0.81042	0	
1260709	8502.84082	3305828006645	0.50848	0.32618	8502.25879	0.58203	11624	1	0.53286	0.32086	1	0.49721	0.33439	1	0.51504	0.32763	1	0.47832	0.53475	12.80324	1.06024	1	0.73925	0.55391	12.81088	1.05258	1	-0.00547	-0.00939	0.68793	0.00357	1	0.06023	-0.01278	0.65793	0.00418	1	1.45898	0.81042	0	
1260710	8502.84863	3305828078113	0.50821	0.32662	8502.25879	0.58984	11624	1	0.53450	0.33442	1	0.49669	0.34189	1	0.51560	0.33816	1	0.47834	0.53466	12.74395	1.04349	1	0.73928	0.55406	12.54327	1.04349	1	-0.00547	-0.00939	0.68793	0.00356	1	0.06145	-0.01303	0.67062	0.00429	1	1.45898	0.81042	0	
1260711	8502.85547	3305828145141	0.50770	0.32695	8502.25879	0.59668	11624	1	0.53359	0.37549	1	0.47733	0.34812	1	0.50546	0.36181	1	0.47828	0.53492	12.67159	1.04349	1	0.73939	0.55398	12.08774	1.05115	1	-0.00547	-0.00939	0.68793	0.00370	1	0.06145	-0.01303	0.67062	0.00421	1	1.45898	0.81042	0	
1260712	8502.86133	3305828212110	0.50741	0.32758	8502.25879	0.60254	11624	1	0.53787	0.36224	1	0.49399	0.36713	1	0.51593	0.36468	1	0.47830	0.53482	12.21515	1.05115	1	0.73922	0.55429	12.61568	1.05881	1	-0.00547	-0.00939	0.68793	0.00360	1	0.06145	-0.01303	0.67062	0.00418	1	1.45898	0.81042	0	
1260713	8502.86816	3305828276624	0.50710	0.32814	8502.25879	0.60938	11624	1	0.53715	0.35628	1	0.49441	0.36108	1	0.51578	0.35868	1	0.47826	0.53444	11.18020	1.05881	1	0.73918	0.55449	12.80799	1.06647	1	-0.00547	-0.00939	0.68793	0.00403	1	0.06145	-0.01303	0.67062	0.00408	1	1.45898	0.81042	0	
1260714	8502.87500	3305828346646	0.50699	0.32756	8502.25879	0.61621	11624	1	0.53550	0.25701	1	0.45905	0.37940	1	0.49728	0.31820	1	0.47839	0.53419	11.28338	1.06647	1	0.73906	0.55451	12.53810	1.06647	1	-0.00547	-0.00939	0.68793	0.00413	1	0.06145	-0.01303	0.67062	0.00429	1	1.45898	0.81042	0	
1260715	8502.88184	3305828413011	0.50663	0.32811	8502.25879	0.62305	11624	1	0.53839	0.40059	1	0.45958	0.36162	1	0.49898	0.38111	1	0.47838	0.53534	11.40323	1.06647	1	0.73902	0.55430	13.02709	1.06647	1	-0.00547	-0.00939	0.68793	0.00377	1	0.06145	-0.01303	0.67062	0.00414	1	1.45898	0.81042	0	
1260716	8502.88867	3305828480133	0.50628	0.32880	8502.25879	0.62988	11624	1	0.53839	0.40059	1	0.45958	0.36162	1	0.49898	0.38111	1	0.47837	0.53497	11.28777	1.06647	1	0.73935	0.55442	12.32569	1.06647	1	-0.00547	-0.00939	0.68793	0.00378	1	0.06145	-0.01303	0.67062	0.00420	1	1.45898	0.81042	0	
1260717	8502.89551	3305828545615	0.50642	0.32979	8502.25879	0.63672	11624	1	0.54550	0.36052	1	0.47056	0.35104	1	0.50803	0.35578	1	0.47841	0.53509	11.61083	1.06647	1	0.73916	0.55461	12.94568	1.06647	1	-0.00547	-0.00939	0.68793	0.00405	1	0.06145	-0.01303	0.67062	0.00422	1	1.45898	0.81042	0	
1260718	8502.90234	3305828614335	0.50661	0.33040	8502.25879	0.64355	11624	1	0.54354	0.38799	1	0.47436	0.31332	1	0.50895	0.35066	1	0.47843	0.53533	11.66499	1.06647	1	0.73932	0.55432	12.22128	1.06647	1	-0.00547	-0.00939	0.68793	0.00386	1	0.06145	-0.01303	0.67062	0.00434	1	1.45898	0.81042	0	
1260719	8502.90820	3305828681216	0.50680	0.33101	8502.25879	0.64941	11624	1	0.54354	0.38799	1	0.47436	0.31332	1	0.50895	0.35066	1	0.47810	0.53516	12.29704	1.06647	1	0.73929	0.55441	12.45182	1.06647	1	-0.00547	-0.00939	0.68793	0.00377	1	0.06145	-0.01303	0.67062	0.00431	1	1.45898	0.81042	0	
1260720	8502.91504	3305828747663	0.50724	0.33251	8502.25879	0.65625	11624	1	0.55258	0.39480	1	0.46227	0.33212	1	0.50742	0.36346	1	0.47850	0.53520	11.70979	1.06647	1	0.73908	0.55451	12.89513	1.06647	1	-0.00547	-0.00939	0.68793	0.00380	1	0.06145	-0.01303	0.67062	0.00424	1	1.45898	0.81042	0	
1260721	8502.92188	3305828814788	0.50753	0.33328	8502.25879	0.66309	11624	1	0.54206	0.37939	1	0.49005	0.31021	1	0.51605	0.34480	1	0.47838	0.53511	11.70752	1.06647	1	0.73952	0.55451	13.26073	1.06647	1	-0.00547	-0.00939	0.68793	0.00396	1	0.06145	-0.01303	0.67062	0.00423	1	1.45898	0.81042	0	
1260722	8502.92871	3305828882145	0.50783	0.33382	8502.25879	0.66992	11624	1	0.54206	0.37939	1	0.49005	0.31021	1	0.51605	0.34480	1	0.47843	0.53492	11.74545	1.06647	1	0.73934	0.55487	13.73461	1.06647	1	-0.00547	-0.00939	0.68793	0.00393	1	0.06145	-0.01303	0.67062	0.00404	1	1.45898	0.81042	0	
1260723	8502.93555	3305828949173	0.50767	0.33385	8502.25879	0.67676	11624	1	0.54196	0.35510	1	0.46606	0.34756	1	0.50401	0.35133	1	0.47845	0.53492	11.64017	1.06647	1	0.73918	0.55477	13.60532	1.06647	1	-0.00547	-0.00939	0.68793	0.00403	1	0.06145	-0.01303	0.67062	0.00402	1	1.45898	0.81042	0	
1260724	8502.94238	3305829015832	0.50780	0.33436	8502.25879	0.68359	11624	1	0.55106	0.37681	1	0.46919	0.38325	1	0.51012	0.38003	1	0.47853	0.53511	11.76170	1.06647	1	0.73922	0.55518	13.47142	1.06647	1	-0.00547	-0.00939	0.68793	0.00409	1	0.06145	-0.01303	0.67062	0.00392	1	1.45898	0.81042	0	
1260725	8502.94922	3305829082973	0.50792	0.33475	8502.25879	0.69043	11624	1	0.55106	0.37681	1	0.46919	0.38325	1	0.51012	0.38003	1	0.47780	0.53410	11.71074	1.06647	1	0.73893	0.55507	12.86355	1.06647	1	-0.00547	-0.00939	0.68793	0.00383	1	0.06145	-0.01303	0.67062	0.00405	1	1.45898	0.81042	0	
1260726	8502.95508	3305829146808	0.50726	0.36134	8502.25879	0.69043	11624	0	0.52493	0.31807	1	0.47388	0.38644	1	0.49941	0.35226	1	0.47806	0.53448	11.88936	1.06647	1	0.73893	0.55507	12.86355	1.06647	1	-0.00547	-0.00939	0.68793	0.00390	1	0.06145	-0.01303	0.67062	0.00406	1	1.45898	0.81042	0	
1260727	8502.96191	3305829215397	0.49986	0.35652	8502.25879	0.69043	11624	0	0.51194	0.33367	1	0.47300	0.36973	1	0.49247	0.35170	1	0.47796	0.53452	11.84858	1.06647	1	0.73883	0.55501	12.94766	1.06647	1	-0.00547	-0.00939	0.68793	0.00389	1	0.06145	-0.01303	0.67062	0.00408	1	1.45898	0.81042	0	
1260728	8502.96875	3305829281178	0.49740	0.35491	8502.25879	0.69043	11624	0	0.51194	0.33367	1	0.47300	0.36973	1	0.49247	0.35170	1	0.47799	0.53438	11.86936	1.06647	1	0.73890	0.55480	12.97300	1.06647	1	-0.00547	-0.00939	0.68793	0.00393	1	0.06145	-0.01303	0.67062	0.00405	1	1.45898	0.81042	0	
1260729	8502.97559	3305829347569	0.49437	0.34739	8502.95508	0.02051	11625	1	0.51753	0.29433	1	0.45303	0.35535	1	0.48528	0.32484	1	0.47805	0.53468	11.84402	1.06647	1	0.73897	0.55476	13.10013	1.06647	1	-0.00547	-0.00939	0.68793	0.00401	1	0.06145	-0.01303	0.67062	0.00408	1	1.45898	0.81042	0	
1260730	8502.98242	3305829414994	0.49146	0.34437	8502.95508	0.02734	11625	1	0.51160	0.30274	1	0.44801	0.36177	1	0.47980	0.33226	1	0.47795	0.53465	11.67022	1.06647	1	0.73891	0.55485	12.89534	1.06647	1	-0.00547	-0.00939	0.68793	0.00395	1	0.06145	-0.01303	0.67062	0.00404	1	1.45898	0.81042	0	
1260731	8502.98828	3305829480653	0.48951	0.34285	8502.95508	0.03320	11625	1	0.51160	0.30274	1	0.44791	0.36779	1	0.47975	0.33526	1	0.47791	0.53433	11.64423	1.06647	1	0.73882	0.55509	13.29810	1.05881	1	-0.00547	-0.00939	0.68793	0.00411	1	0.06023	-0.01278	0.65793	0.00401	1	1.45898	0.81042	0	SUBJECT_ONSET_LOG
1260732	8502.99512	3305829549091	0.48976	0.34553	8502.95508	0.04004	11625	1	0.52025	0.33041	1	0.46236	0.39277	1	0.49131	0.36159	1	0.47807	0.53440	11.95896	1.05881	1	0.73868	0.55506	13.23766	1.05115	1	-0.00547	-0.00939	0.68793	0.00419	1	0.06023	-0.01278	0.65793	0.00404	1	1.45898	0.81042	0	
1260733	8503.00195	3305829617760	0.48888	0.34637	8502.95508	0.04688	11625	1	0.51214	0.31427	1	0.45324	0.39027	1	0.48269	0.35227	1	0.47795	0.53412	11.86024	1.05115	1	0.73900	0.55493	12.91343	1.04349	1	-0.00547	-0.00939	0.68793	0.00404	1	0.06023	-0.01278	0.65793	0.00401	1	1.45898	0.81042	0	
1260734	8503.00879	3305829682150	0.48824	0.34738	8502.95508	0.05371	11625	1	0.51303	0.32058	1	0.45324	0.39027	1	0.48314	0.35543	1	0.47791	0.53402	11.58515	1.04349	1	0.73889	0.55471	12.93587	1.04349	1	-0.00547	-0.00939	0.68793	0.00391	1	0.06145	-0.01303	0.67062	0.00408	1	1.45898	0.81042	0	
1260735	8503.01562	3305829750103	0.48849	0.34677	8502.95508	0.06055	11625	1	0.50693	0.30989	1	0.47455	0.37268	1	0.49074	0.34128	1	0.47788	0.53406	11.72696	1.04349	1	0.73894	0.55486	13.20916	1.05115	1	-0.00547	-0.00939	0.68793	0.00401	1	0.06145	-0.01303	0.67062	0.00402	1	1.45898	0.81042	0	AUDIO_FILE_ONSET_LOG
1260736	8503.02246	3305829820394	0.48904	0.34637	8502.95508	0.06738	11625	1	0.50790	0.31953	1	0.48118	0.36537	1	0.49454	0.34245	1	0.47788	0.53422	11.74712	1.05115	1	0.73903	0.55483	13.11450	1.05881	1	-0.00547	-0.00939	0.68793	0.00409	1	0.06145	-0.01303	0.67062	0.00401	1	1.45898	0.81042	0	
1260737	8503.02930	3305829886596	0.48945	0.34492	8502.95508	0.07422	11625	1	0.50591	0.30581	1	0.48189	0.35214	1	0.49390	0.32897	1	0.47797	0.53446	11.71957	1.06790	1	0.73903	0.55436	12.97764	1.07556	1	-0.00561	-0.00954	0.69922	0.00387	1	0.06145	-0.01303	0.67062	0.00426	1	1.45898	0.81042	0	
1260738	8503.03613	3305829953310	0.48961	0.34258	8502.95508	0.08105	11625	1	0.50383	0.31702	1	0.47937	0.31197	1	0.49160	0.31450	1	0.47780	0.53437	11.58419	1.08464	1	0.73895	0.55458	12.89555	1.08464	1	-0.00561	-0.00954	0.69922	0.00415	1	0.06145	-0.01303	0.67062	0.00414	1	1.45898	0.81042	0	
1260739	8503.04297	3305830021510	0.49063	0.34158	8502.95508	0.08789	11625	1	0.51001	0.29741	1	0.49782	0.35974	1	0.50391	0.32858	1	0.47790	0.53442	11.62126	1.09373	1	0.73888	0.55452	12.96197	1.09373	1	-0.00561	-0.00954	0.69922	0.00392	1	0.06145	-0.01303	0.67062	0.00408	1	1.45898	0.81042	0	
1260740	8503.04883	3305830087821	0.49152	0.34072	8502.95508	0.09375	11625	1	0.51001	0.29741	1	0.49782	0.35974	1	0.50391	0.32858	1	0.47765	0.53448	11.18413	1.09373	1	0.73889	0.55447	12.86428	1.09373	1	-0.00552	-0.00930	0.68150	0.00405	1	0.06157	-0.01307	0.67308	0.00404	1	1.45898	0.81042	0	
1260741	8503.05566	3305830154347	0.49142	0.34114	8502.95508	0.10059	11625	1	0.48680	0.34042	1	0.49306	0.35444	1	0.48993	0.34743	1	0.47752	0.53457	11.27363	1.08464	1	0.73878	0.55379	12.94356	1.08464	1	-0.00552	-0.00930	0.68150	0.00401	1	0.06157	-0.01307	0.67308	0.00413	1	1.45898	0.81042	0	
1260742	8503.06250	3305830221532	0.49240	0.34255	8502.95508	0.10742	11625	1	0.52365	0.36782	1	0.49271	0.36271	1	0.50818	0.36526	1	0.47770	0.53509	12.14392	1.07556	1	0.73887	0.55406	12.96968	1.07556	1	-0.00552	-0.00930	0.68150	0.00385	1	0.06157	-0.01307	0.67308	0.00408	1	1.45898	0.81042	0	
1260743	8503.06934	3305830288191	0.49329	0.34420	8502.95508	0.11426	11625	1	0.52459	0.37468	1	0.49224	0.36980	1	0.50842	0.37224	1	0.47784	0.53471	11.70349	1.06647	1	0.73840	0.55390	12.13808	1.06647	1	-0.00552	-0.00930	0.68150	0.00391	1	0.06157	-0.01307	0.67308	0.00420	1	1.45898	0.81042	0	
1260744	8503.07617	3305830353434	0.49417	0.34396	8502.95508	0.12109	11625	1	0.54620	0.32842	1	0.47385	0.35059	1	0.51003	0.33951	1	0.47769	0.53443	12.17682	1.06647	1	0.73848	0.55370	12.19250	1.06647	1	-0.00552	-0.00930	0.68150	0.00378	1	0.06157	-0.01307	0.67308	0.00394	1	1.45898	0.81042	0	
1260745	8503.08301	3305830421936	0.49446	0.34262	8502.95508	0.12793	11625	1	0.51414	0.29899	1	0.48555	0.33539	1	0.49984	0.31719	1	0.47760	0.53417	11.72798	1.06647	1	0.73871	0.55360	12.73164	1.06647	1	-0.00552	-0.00930	0.68150	0.00386	1	0.06157	-0.01307	0.67308	0.00385	1	1.45898	0.81042	0	
1260746	8503.08984	3305830489589	0.49471	0.34141	8502.95508	0.13477	11625	1	0.51414	0.29899	1	0.48555	0.33539	1	0.49984	0.31719	1	0.47766	0.53388	11.42040	1.06647	1	0.73867	0.55377	12.71321	1.06647	1	-0.00565	-0.00935	0.68473	0.00390	1	0.06157	-0.01302	0.67308	0.00390	1	1.45898	0.81042	0	
1260747	8503.09570	3305830556201	0.49505	0.34043	8502.95508	0.14062	11625	1	0.53665	0.29696	1	0.46776	0.34301	1	0.50221	0.31998	1	0.47755	0.53417	11.13657	1.06647	1	0.73838	0.55360	12.05640	1.06647	1	-0.00565	-0.00935	0.68473	0.00385	1	0.06157	-0.01302	0.67308	0.00400	1	1.45898	0.81042	0	
1260748	8503.10254	3305830622102	0.49610	0.33966	8502.95508	0.14746	11625	1	0.55484	0.35631	1	0.48337	0.28907	1	0.51911	0.32269	1	0.47784	0.53478	11.53142	1.06647	1	0.73866	0.55298	12.60982	1.06647	1	-0.00565	-0.00935	0.68473	0.00363	1	0.06157	-0.01302	0.67308	0.00435	1	1.45898	0.81042	0	
1260749	8503.10938	3305830690935	0.49705	0.33909	8502.95508	0.15430	11625	1	0.55484	0.35631	1	0.48303	0.29563	1	0.51894	0.32597	1	0.47766	0.53439	11.29815	1.06647	1	0.73838	0.55371	12.55990	1.05881	1	-0.00565	-0.00935	0.68473	0.00359	1	0.06017	-0.01274	0.65831	0.00422	1	1.45898	0.81042	0	
1260750	8503.11621	3305830757422	0.49623	0.34057	8502.95508	0.16113	11625	1	0.55484	0.35631	0	0.47647	0.37603	1	0.47647	0.37603	1	0.47766	0.53439	11.29815	1.05881	0	0.73852	0.55381	12.22744	1.05115	1	-0.00565	-0.00935	0.68473	0.00359	1	0.06017	-0.01274	0.65831	0.00406	1	1.45898	0.81042	0	
1260751	8503.12305	3305830824362	0.49623	0.34057	8502.95508	0.16797	11625	1	0.55484	0.35631	0	0.47647	0.37603	0	0.47647	0.37603	0	0.47766	0.53439	11.29815	1.05115	0	0.73852	0.55381	12.22744	1.04349	0	-0.00565	-0.00935	0.68473	0.00359	1	0.06017	-0.01274	0.65831	0.00406	1	1.45898	0.81042	0	
1260752	8503.12988	3305830891133	0.49623	0.34057	8502.95508	0.17480	11625	1	0.55484	0.35631	0	0.47647	0.37603	0	0.47647	0.37603	0	0.47766	0.53439	11.29815	1.04349	0	0.73852	0.55381	12.22744	1.03583	0	-0.00565	-0.00935	0.68473	0.00359	1	0.06017	-0.01274	0.65831	0.00406	1	1.45898	0.81042	0	
1260753	8503.13672	3305830958128	0.49623	0.34057	8502.95508	0.18164	11625	1	0.55484	0.35631	0	0.47647	0.37603	0	0.47647	0.37603	0	0.47766	0.53439	11.29815	1.03583	0	0.73852	0.55381	12.22744	1.03583	0	-0.00565	-0.00935	0.68473	0.00359	1	0.06017	-0.01274	0.65831	0.00406	1	1.45898	0.81042	0	
1260754	8503.14258	3305831025162	0.50340	0.33839	8502.95508	0.18164	11625	0	0.55484	0.35631	0	0.47647	0.37603	0	0.47647	0.37603	0	0.47766	0.53439	11.29815	1.03583	0	0.73852	0.55381	12.22744	1.03583	0	-0.00565	-0.00935	0.68473	0.00359	1	0.06017	-0.01274	0.65831	0.00406	1	1.45898	0.81042	0	
1260755	8503.14941	3305831092269	0.50340	0.33839	8502.95508	0.18164	11625	0	0.55484	0.35631	0	0.47647	0.37603	0	0.47647	0.37603	0	0.47766	0.53439	11.29815	1.03583	0	0.73852	0.55381	12.22744	1.03583	0	-0.00565	-0.00935	0.68473	0.00359	1	0.06017	-0.01274	0.65831	0.00406	1	1.45898	0.81042	0	
1260756	8503.15625	3305831158273	0.50340	0.33839	8502.95508	0.18164	11625	0	0.55484	0.35631	0	0.47647	0.37603	0	0.47647	0.37603	0	0.47766	0.53439	11.29815	1.03583	0	0.73852	0.55381	12.22744	1.03583	0	-0.00565	-0.00935	0.68473	0.00359	1	0.06017	-0.01274	0.65831	0.00406	1	1.45898	0.81042	0	
1260757	8503.16309	3305831221704	0.00000	0.00000	8502.95508	0.18164	11625	0	0.55484	0.35631	0	0.47647	0.37603	0	0.47647	0.37603	0	0.47766	0.53439	11.29815	1.03583	0	0.73852	0.55381	12.22744	1.03583	0	-0.00565	-0.00935	0.68473	0.00359	1	0.06017	-0.01274	0.65831	0.00406	1	1.45898	0.81042	0	
1260758	8503.16992	3305831290655	0.00000	0.00000	8502.95508	0.18164	11625	0	0.55484	0.35631	0	0.47647	0.37603	0	0.47647	0.37603	0	0.47766	0.53439	11.29815	1.03583	0	0.73852	0.55381	12.22744	1.03583	0	-0.00565	-0.00935	0.68473	0.00359	1	0.06017	-0.01274	0.65831	0.00406	1	1.45898	0.81042	0	
1260759	8503.17676	3305831358240	0.00000	0.00000	8502.95508	0.18164	11625	0	0.55484	0.35631	0	0.47647	0.37603	0	0.47647	0.37603	0	0.47766	0.53439	11.29815	1.03583	0	0.73852	0.55381	12.22744	1.03583	0	-0.00565	-0.00935	0.68473	0.00359	1	0.06017	-0.01274	0.65831	0.00406	1	1.45898	0.81042	0	
1260760	8503.18262	3305831420312	0.49067	0.35905	8502.95508	0.18164	11625	0	0.53192	0.31720	1	0.44943	0.40090	1	0.49067	0.35905	1	0.47735	0.53432	12.13872	1.03583	1	0.73818	0.55402	12.60361	1.03583	1	-0.00565	-0.00935	0.68473	0.00374	1	0.06017	-0.01274	0.65831	0.00395	1	1.45898	0.81042	0	
1260761	8503.18945	3305831493786	0.49073	0.35590	8502.95508	0.18164	11625	0	0.53192	0.31720	1	0.44966	0.38830	1	0.49079	0.35275	1	0.47753	0.53455	12.62079	1.03583	1	0.73822	0.55340	12.68859	1.05217	1	-0.00556	-0.00905	0.67423	0.00367	1	0.06516	-0.01363	0.71281	0.00390	1	1.45898	0.81042	0	
1260762	8503.19629	3305831560861	0.48933	0.36165	8502.95508	0.18164	11625	0	0.51770	0.33478	1	0.45536	0.41154	1	0.48653	0.37316	1	0.47716	0.53425	12.05584	1.05217	1	0.73824	0.55336	12.59196	1.06851	1	-0.00556	-0.00905	0.67423	0.00372	1	0.06516	-0.01363	0.71281	0.00391	1	1.45898	0.81042	0	
1260763	8503.20312	3305831628926	0.49347	0.35911	8503.18262	0.02051	11626	1	0.54229	0.31511	1	0.46947	0.38785	1	0.50588	0.35148	1	0.47770	0.53439	11.97691	1.06851	1	0.73835	0.55325	12.20932	1.08485	1	-0.00556	-0.00905	0.67423	0.00371	1	0.06516	-0.01363	0.71281	0.00395	1	1.45898	0.81042	0	
1260764	8503.20996	3305831695183	0.49583	0.35569	8503.18262	0.02734	11626	1	0.54083	0.30190	1	0.46971	0.38211	1	0.50527	0.34200	1	0.47752	0.53429	11.93327	1.08485	1	0.73846	0.55320	12.35224	1.09251	1	-0.00565	-0.00914	0.68474	0.00368	1	0.06157	-0.01287	0.67308	0.00393	1	1.45898	0.81042	0	
1260765	8503.21680	3305831761175	0.49576	0.35496	8503.18262	0.03418	11626	1	0.52631	0.31497	1	0.46450	0.38772	1	0.49541	0.35135	1	0.47738	0.53453	11.42920	1.09251	1	0.73838	0.55340	12.38006	1.08383	1	-0.00565	-0.00914	0.68474	0.00380	1	0.06157	-0.01287	0.67308	0.00391	1	1.45898	0.81042	0	
1260766	8503.22363	3305831829149	0.49640	0.35394	8503.18262	0.04102	11626	1	0.53127	0.30088	1	0.46921	0.39470	1	0.50024	0.34779	1	0.47753	0.53435	11.89800	1.08383	1	0.73839	0.55332	12.38734	1.07515	1	-0.00565	-0.00914	0.68474	0.00372	1	0.06157	-0.01287	0.67308	0.00396	1	1.45898	0.81042	0	
1260767	8503.23047	3305831896161	0.49688	0.35313	8503.18262	0.04785	11626	1	0.53123	0.30055	1	0.46923	0.39440	1	0.50023	0.34747	1	0.47754	0.53410	11.38133	1.08424	1	0.73883	0.55317	12.37668	1.07556	1	-0.00574	-0.00937	0.70172	0.00377	1	0.06157	-0.01287	0.67308	0.00406	1	1.45898	0.81042	0	
1260768	8503.23633	3305831963156	0.49865	0.34770	8503.18262	0.05371	11626	1	0.53243	0.25252	1	0.49329	0.35592	1	0.51286	0.30422	1	0.47757	0.53401	11.49455	1.08464	1	0.73880	0.55303	13.07847	1.08464	1	-0.00574	-0.00937	0.70172	0.00377	1	0.06157	-0.01287	0.67308	0.00409	1	1.45898	0.81042	0	
1260769	8503.24316	3305832029840	0.49855	0.34316	8503.18262	0.06055	11626	1	0.50267	0.26521	1	0.49252	0.33938	1	0.49759	0.30230	1	0.47746	0.53390	10.98274	1.09373	1	0.73883	0.55290	12.70154	1.09373	1	-0.00574	-0.00937	0.70172	0.00387	1	0.06157	-0.01287	0.67308	0.00406	1	1.45898	0.81042	0	
1260770	8503.25000	3305832097044	0.49844	0.33972	8503.18262	0.06738	11626	1	0.50267	0.26521	1	0.49212	0.34543	1	0.49740	0.30532	1	0.47759	0.53410	11.50778	1.09373	1	0.73881	0.55338	13.01412	1.08607	1	-0.00552	-0.00910	0.68150	0.00374	1	0.06023	-0.01258	0.65793	0.00398	1	1.45898	0.81042	0	
1260771	8503.25684	3305832161727	0.49888	0.33910	8503.18262	0.07422	11626	1	0.51110	0.27008	1	0.49632	0.39454	1	0.50371	0.33231	1	0.47759	0.53393	11.36770	1.07698	1	0.73883	0.55330	13.03025	1.06932	1	-0.00552	-0.00910	0.68150	0.00383	1	0.06023	-0.01258	0.65793	0.00390	1	1.45898	0.81042	0	
1260772	8503.26367	3305832231594	0.49677	0.33912	8503.18262	0.08105	11626	1	0.47360	0.34025	1	0.46936	0.33842	1	0.47148	0.33934	1	0.47730	0.53409	11.12484	1.06024	1	0.73884	0.55289	12.84488	1.05258	1	-0.00552	-0.00910	0.68150	0.00405	1	0.06023	-0.01258	0.65793	0.00379	1	1.45898	0.81042	0	
1260773	8503.27051	3305832298323	0.49500	0.33957	8503.18262	0.08789	11626	1	0.47472	0.34634	1	0.46911	0.34470	1	0.47191	0.34552	1	0.47770	0.53172	12.38874	1.05258	1	0.73869	0.55276	13.26236	1.04492	1	-0.00561	-0.00933	0.69922	0.00238	1	0.06023	-0.01258	0.65793	0.00388	1	1.45898	0.81042	0	
1260774	8503.27734	3305832365169	0.49472	0.33954	8503.18262	0.09473	11626	1	0.52002	0.33453	1	0.46162	0.34349	1	0.49082	0.33901	1	0.47807	0.53406	12.14714	1.05400	1	0.73874	0.55287	13.18960	1.05400	1	-0.00561	-0.00933	0.69922	0.00375	1	0.06023	-0.01258	0.65793	0.00386	1	1.45898	0.81042	0	
1260775	8503.28418	3305832432289	0.49430	0.33363	8503.18262	0.10156	11626	1	0.50058	0.22941	1	0.47552	0.26048	1	0.48805	0.24494	1	0.47780	0.53271	11.47341	1.06309	1	0.73885	0.55223	12.82965	1.06309	1	-0.00561	-0.00933	0.69922	0.00427	1	0.06023	-0.01258	0.65793	0.00412	1	1.45898	0.81042	0	
1260776	8503.29004	3305832498879	0.49393	0.32841	8503.18262	0.10742	11626	1	0.50058	0.22941	1	0.47552	0.26048	1	0.48805	0.24494	1	0.47777	0.53308	11.50769	1.06309	1	0.73882	0.55288	13.08977	1.06309	1	-0.00547	-0.00918	0.68793	0.00419	1	0.06023	-0.01258	0.65793	0.00397	1	1.45898	0.81042	0	
1260777	8503.29688	3305832566259	0.49307	0.32957	8503.18262	0.11426	11626	1	0.50162	0.34856	1	0.45498	0.34990	1	0.47830	0.34923	1	0.47775	0.53419	12.38657	1.05400	1	0.73865	0.55321	13.09271	1.05400	1	-0.00547	-0.00918	0.68793	0.00380	1	0.06023	-0.01258	0.65793	0.00387	1	1.45898	0.81042	0	
1260778	8503.30371	3305832633708	0.49263	0.33073	8503.18262	0.12109	11626	1	0.50543	0.40235	1	0.46418	0.30097	1	0.48480	0.35166	1	0.47774	0.53416	12.03491	1.04492	1	0.73872	0.55259	12.83271	1.04492	1	-0.00547	-0.00918	0.68793	0.00386	1	0.06023	-0.01258	0.65793	0.00421	1	1.45898	0.81042	0	
1260779	8503.31055	3305832700281	0.49227	0.33197	8503.18262	0.12793	11626	1	0.50654	0.40912	1	0.46414	0.30220	1	0.48534	0.35566	1	0.47791	0.53391	11.84370	1.03583	1	0.73920	0.55245	11.94760	1.04349	1	-0.00547	-0.00918	0.68793	0.00371	1	0.06145	-0.01283	0.67062	0.00423	1	1.45898	0.81042	0	
1260780	8503.31738	3305832766953	0.49281	0.33215	8503.18262	0.13477	11626	1	0.53329	0.33048	1	0.47396	0.34082	1	0.50363	0.33565	1	0.47826	0.53392	11.10807	1.04349	1	0.73926	0.55280	12.38680	1.05115	1	-0.00547	-0.00918	0.68793	0.00366	1	0.06145	-0.01283	0.67062	0.00382	1	1.45898	0.81042	0	
1260781	8503.32422	3305832833779	0.49274	0.33176	8503.18262	0.14160	11626	1	0.51528	0.35905	1	0.46723	0.28813	1	0.49125	0.32359	1	0.47793	0.53372	11.57855	1.05115	1	0.73913	0.55250	12.42152	1.05881	1	-0.00547	-0.00918	0.68793	0.00372	1	0.06145	-0.01283	0.67062	0.00403	1	1.45898	0.81042	0	
1260782	8503.33105	3305832900905	0.49266	0.33097	8503.18262	0.14844	11626	1	0.51441	0.35307	1	0.46772	0.27405	1	0.49107	0.31356	1	0.47858	0.53381	11.71734	1.05881	1	0.73929	0.55210	12.23582	1.07515	1	-0.00547	-0.00918	0.68793	0.00372	1	0.06503	-0.01356	0.70917	0.00427	1	1.45898	0.81042	0	
1260783	8503.33691	3305832967897	0.49291	0.33031	8503.18262	0.15430	11626	1	0.51538	0.30370	1	0.48155	0.32650	1	0.49847	0.31510	1	0.47805	0.53346	11.78240	1.07515	1	0.73941	0.55312	12.85259	1.08383	1	-0.00547	-0.00918	0.68793	0.00360	1	0.06503	-0.01356	0.70917	0.00382	1	1.45898	0.81042	0	
1260784	8503.34375	3305833033576	0.49353	0.32823	8503.18262	0.16113	11626	1	0.52456	0.32345	1	0.49265	0.23334	1	0.50861	0.27840	1	0.47860	0.53376	11.98221	1.08383	1	0.73953	0.55234	12.55707	1.09251	1	-0.00547	-0.00918	0.68793	0.00367	1	0.06503	-0.01356	0.70917	0.00411	1	1.45898	0.81042	0	
1260785	8503.35059	3305833101629	0.49410	0.32618	8503.18262	0.16797	11626	1	0.52367	0.31659	1	0.49265	0.23334	1	0.50816	0.27497	1	0.47848	0.53359	12.15212	1.09251	1	0.73975	0.55160	12.74918	1.09251	1	-0.00529	-0.00906	0.67845	0.00363	1	0.06304	-0.01314	0.68689	0.00424	1	1.45898	0.81042	0	
1260786	8503.35742	3305833165310	0.49489	0.32389	8503.18262	0.17480	11626	1	0.54666	0.31835	1	0.48420	0.21005	1	0.51543	0.26420	1	0.47893	0.53356	12.25470	1.09251	1	0.73978	0.55192	12.67317	1.08383	1	-0.00529	-0.00906	0.67845	0.00370	1	0.06304	-0.01314	0.68689	0.00414	1	1.45898	0.81042	0	
1260787	8503.36426	3305833233022	0.49495	0.32152	8503.18262	0.18164	11626	1	0.50924	0.30796	1	0.48429	0.20736	1	0.49677	0.25766	1	0.47869	0.53358	12.02183	1.08383	1	0.73981	0.55188	12.70805	1.07515	1	-0.00529	-0.00906	0.67845	0.00361	1	0.06304	-0.01314	0.68689	0.00410	1	1.45898	0.81042	0	
1260788	8503.37012	3305833300695	0.49502	0.31970	8503.18262	0.18750	11626	1	0.51024	0.31496	1	0.48356	0.22248	1	0.49690	0.26872	1	0.47883	0.53338	12.14569	1.07515	1	0.73958	0.55206	12.96405	1.05881	1	-0.00515	-0.00894	0.67320	0.00368	1	0.06035	-0.01257	0.65708	0.00422	1	1.45898	0.81042	0	
1260789	8503.37695	3305833367073	0.49490	0.31946	8503.18262	0.19434	11626	1	0.50887	0.34349	1	0.47382	0.28116	1	0.49134	0.31233	1	0.47867	0.53353	12.21181	1.05881	1	0.73956	0.55249	12.80714	1.05115	1	-0.00515	-0.00894	0.67320	0.00370	1	0.06035	-0.01257	0.65708	0.00404	1	1.45898	0.81042	0	
1260790	8503.38379	3305833431872	0.49485	0.31853	8503.18262	0.20117	11626	1	0.51832	0.33873	1	0.46833	0.24281	1	0.49332	0.29077	1	0.47870	0.53353	12.08529	1.05115	1	0.73961	0.55206	12.95699	1.04349	1	-0.00515	-0.00894	0.67320	0.00365	1	0.06035	-0.01257	0.65708	0.00419	1	1.45898	0.81042	0	
1260791	8503.39062	3305833502571	0.49481	0.31776	8503.18262	0.20801	11626	1	0.51917	0.34486	1	0.46833	0.24281	1	0.49375	0.29384	1	0.47902	0.53335	12.72111	1.04349	1	0.73966	0.55270	13.08305	1.04349	1	-0.00518	-0.00894	0.67718	0.00372	1	0.06158	-0.01281	0.66985	0.00404	1	1.45898	0.81042	0	
1260792	8503.39746	3305833566211	0.49489	0.31808	8503.18262	0.21484	11626	1	0.52661	0.29022	1	0.46774	0.36675	1	0.49717	0.32849	1	0.47891	0.53307	12.06139	1.04349	1	0.73959	0.55277	13.12066	1.05115	1	-0.00518	-0.00894	0.67718	0.00378	1	0.06158	-0.01281	0.66985	0.00408	1	1.45898	0.81042	0	
1260793	8503.40430	3305833635049	0.49917	0.29287	8503.18262	0.21484	11626	0	0.53142	0.32336	1	0.46682	0.30958	1	0.49912	0.31647	1	0.47902	0.53332	12.59420	1.05115	1	0.73953	0.55266	12.81704	1.05881	1	-0.00518	-0.00894	0.67718	0.00374	1	0.06158	-0.01281	0.66985	0.00413	1	1.45898	0.81042	0	
1260794	8503.41016	3305833701444	0.49901	0.30150	8503.18262	0.21484	11626	0	0.53065	0.31712	1	0.46705	0.30313	1	0.49885	0.31013	1	0.47877	0.53329	11.82546	1.05881	1	0.73953	0.55266	12.81704	1.06647	1	-0.00518	-0.00894	0.67718	0.00374	1	0.06158	-0.01281	0.66985	0.00413	1	1.45898	0.81042	0	
1260795	8503.41797	3305833770804	0.50196	0.30127	8503.18262	0.21484	11626	0	0.51467	0.34055	1	0.50103	0.26110	1	0.50785	0.30083	1	0.47872	0.53339	11.86503	1.06647	1	0.74008	0.55224	12.10479	1.06647	1	-0.00518	-0.00894	0.67718	0.00377	1	0.06158	-0.01281	0.66985	0.00412	1	1.45898	0.81042	0	
1260796	8503.42480	3305833838551	0.50243	0.28410	8503.40430	0.02051	11627	1	0.51208	0.12773	1	0.49563	0.33744	1	0.50386	0.23258	1	0.47887	0.53119	12.00873	1.06647	1	0.74000	0.55269	12.31721	1.06647	1	-0.00518	-0.00894	0.67718	0.00250	1	0.06158	-0.01281	0.66985	0.00419	1	1.45898	0.81042	0	
1260797	8503.43066	3305833905962	0.50272	0.27380	8503.40430	0.02637	11627	1	0.51208	0.12773	1	0.49563	0.33744	1	0.50386	0.23258	1	0.47916	0.53314	11.75702	1.06647	1	0.73983	0.55263	12.50552	1.06647	1	-0.00515	-0.00894	0.67320	0.00375	1	0.06158	-0.01281	0.66985	0.00401	1	1.45898	0.81042	0	
1260798	8503.43750	3305833972537	0.49991	0.27777	8503.40430	0.03320	11627	1	0.49627	0.28227	1	0.47546	0.31302	1	0.48586	0.29765	1	0.47891	0.53288	11.15381	1.06647	1	0.74012	0.55277	12.16614	1.06647	1	-0.00515	-0.00894	0.67320	0.00379	1	0.06158	-0.01281	0.66985	0.00420	1	1.45898	0.81042	0	
1260799	8503.44434	3305834040069	0.49954	0.27186	8503.40430	0.04004	11627	1	0.51584	0.20999	1	0.47877	0.26271	1	0.49731	0.23635	1	0.47895	0.53258	11.09890	1.06647	1	0.74012	0.55245	12.25767	1.06647	1	-0.00515	-0.00894	0.67320	0.00390	1	0.06158	-0.01281	0.66985	0.00407	1	1.45898	0.81042	0	
1260800	8503.45117	3305834106478	0.49922	0.26640	8503.40430	0.04688	11627	1	0.51484	0.20172	1	0.47914	0.25471	1	0.49699	0.22822	1	0.47898	0.53302	11.53140	1.07556	1	0.74018	0.55236	11.97862	1.07556	1	-0.00533	-0.00929	0.70383	0.00372	1	0.06158	-0.01281	0.66985	0.00417	1	1.45898	0.81042	0	
1260801	8503.45801	3305834173158	0.49779	0.26898	8503.40430	0.05371	11627	1	0.49743	0.25925	1	0.47528	0.31998	1	0.48636	0.28961	1	0.47898	0.53302	11.53140	1.08464	1	0.74005	0.55295	12.56353	1.08464	1	-0.00533	-0.00929	0.70383	0.00372	1	0.06158	-0.01281	0.66985	0.00416	1	1.45898	0.81042	0	
1260802	8503.46484	3305834239728	0.49729	0.26283	8503.40430	0.06055	11627	1	0.49644	0.10541	1	0.48910	0.30957	1	0.49277	0.20749	1	0.47896	0.53133	12.38459	1.09373	1	0.74022	0.55306	12.85298	1.09373	1	-0.00533	-0.00929	0.70383	0.00241	1	0.06158	-0.01281	0.66985	0.00410	1	1.45898	0.81042	0	
1260803	8503.47168	3305834307612	0.49690	0.25748	8503.40430	0.06738	11627	1	0.49644	0.10541	1	0.48952	0.30248	1	0.49298	0.20394	1	0.47959	0.53383	12.13473	1.09373	1	0.73996	0.55318	12.47721	1.10241	1	-0.00508	-0.00904	0.67704	0.00364	1	0.06493	-0.01350	0.70567	0.00415	1	1.45898	0.81042	0	
1260804	8503.47754	3305834374997	0.49887	0.26121	8503.40430	0.07324	11627	1	0.55684	0.31484	1	0.48441	0.28968	1	0.52062	0.30226	1	0.47978	0.53388	12.29583	1.09332	1	0.74019	0.55294	12.22145	1.10200	1	-0.00508	-0.00904	0.67704	0.00372	1	0.06493	-0.01350	0.70567	0.00421	1	1.45898	0.81042	0	
1260805	8503.48438	3305834441377	0.49911	0.26296	8503.40430	0.08008	11627	1	0.53347	0.24878	1	0.47037	0.31906	1	0.50192	0.28392	1	0.47961	0.53275	11.86455	1.09292	1	0.74000	0.55309	12.25830	1.10160	1	-0.00508	-0.00904	0.67704	0.00435	1	0.06493	-0.01350	0.70567	0.00414	1	1.45898	0.81042	0	
1260806	8503.49121	3305834508928	0.49930	0.26473	8503.40430	0.08691	11627	1	0.53350	0.24913	1	0.47008	0.32633	1	0.50179	0.28773	1	0.47940	0.53333	12.00598	1.09251	1	0.74007	0.55317	12.41152	1.09251	1	-0.00508	-0.00904	0.67704	0.00414	1	0.06158	-0.01281	0.66985	0.00404	1	1.45898	0.81042	0	
1260807	8503.49805	3305834574890	0.49870	0.27080	8503.40430	0.09375	11627	1	0.52727	0.36976	1	0.45347	0.34194	1	0.49037	0.35585	1	0.47933	0.53435	12.48898	1.09251	1	0.73977	0.55393	13.32017	1.08383	1	-0.00508	-0.00904	0.67704	0.00375	1	0.06158	-0.01281	0.66985	0.00385	1	1.45898	0.81042	0	
1260808	8503.50488	3305834642720	0.49645	0.26860	8503.40430	0.10059	11627	1	0.47606	0.11705	1	0.44926	0.35423	1	0.46266	0.23564	1	0.47908	0.53175	12.10550	1.08383	1	0.73968	0.55379	13.03348	1.07515	1	-0.00508	-0.00904	0.67704	0.00247	1	0.06158	-0.01281	0.66985	0.00392	1	1.45898	0.81042	0	
1260809	8503.51172	3305834709089	0.49446	0.26682	8503.40430	0.10742	11627	1	0.47601	0.11665	1	0.44917	0.35994	1	0.46259	0.23829	1	0.47951	0.53358	11.81951	1.08424	1	0.73979	0.55415	13.10135	1.06790	1	-0.00522	-0.00940	0.70384	0.00406	1	0.06008	-0.01259	0.65305	0.00385	1	1.45898	0.81042	0	
1260810	8503.51855	3305834776341	0.49411	0.26920	8503.40430	0.11426	11627	1	0.51796	0.28035	1	0.45822	0.33908	1	0.48809	0.30972	1	0.47964	0.53400	12.23483	1.07698	1	0.73971	0.55407	13.32721	1.06932	1	-0.00522	-0.00940	0.70384	0.00393	1	0.06008	-0.01259	0.65305	0.00388	1	1.45898	0.81042	0	
1260811	8503.52441	3305834843059	0.49252	0.26799	8503.40430	0.12012	11627	1	0.47527	0.13199	1	0.45267	0.36011	1	0.46397	0.24605	1	0.47912	0.53183	12.50091	1.07841	1	0.73968	0.55414	13.43675	1.07075	1	-0.00522	-0.00940	0.70384	0.00243	1	0.06008	-0.01259	0.65305	0.00384	1	1.45898	0.81042	0	
1260812	8503.53125	3305834909791	0.49112	0.26708	8503.40430	0.12695	11627	1	0.47635	0.13946	1	0.45267	0.36011	1	0.46451	0.24978	1	0.47945	0.53378	11.75447	1.07075	1	0.74014	0.55349	12.44363	1.07075	1	-0.00508	-0.00904	0.67704	0.00391	1	0.06301	-0.01319	0.68432	0.00410	1	1.45898	0.81042	0	
1260813	8503.53809	3305834977168	0.49132	0.26735	8503.40430	0.13379	11627	1	0.50539	0.26198	1	0.48534	0.28391	1	0.49536	0.27294	1	0.47943	0.53371	11.86824	1.06166	1	0.74017	0.55347	12.37582	1.06932	1	-0.00508	-0.00904	0.67704	0.00399	1	0.06301	-0.01319	0.68432	0.00412	1	1.45898	0.81042	0	
1260814	8503.54492	3305835044414	0.49149	0.26929	8503.40430	0.14062	11627	1	0.51215	0.29616	1	0.47787	0.32379	1	0.49501	0.30998	1	0.47951	0.53402	11.77504	1.06024	1	0.74013	0.55343	12.29169	1.06790	1	-0.00508	-0.00904	0.67704	0.00390	1	0.06301	-0.01319	0.68432	0.00415	1	1.45898	0.81042	0	
1260815	8503.55176	3305835112168	0.49164	0.27063	8503.40430	0.14746	11627	1	0.51127	0.28977	1	0.47852	0.31036	1	0.49489	0.30007	1	0.47920	0.53408	11.12519	1.06790	1	0.74023	0.55336	12.24223	1.08424	1	-0.00522	-0.00940	0.70384	0.00388	1	0.06493	-0.01371	0.70567	0.00418	1	1.45898	0.81042	0	
1260816	8503.55859	3305835178566	0.49140	0.27043	8503.40430	0.15430	11627	1	0.49747	0.27124	1	0.47454	0.26066	1	0.48600	0.26595	1	0.47929	0.53403	11.50614	1.09332	1	0.74002	0.55363	12.29604	1.10200	1	-0.00522	-0.00940	0.70384	0.00388	1	0.06493	-0.01371	0.70567	0.00399	1	1.45898	0.81042	0	
1260817	8503.56543	3305835245296	0.49188	0.26995	8503.40430	0.16113	11627	1	0.52087	0.28221	1	0.48609	0.23447	1	0.50348	0.25834	1	0.47945	0.53447	11.79491	1.11109	1	0.74021	0.55337	12.37592	1.11977	1	-0.00522	-0.00940	0.70384	0.00374	1	0.06493	-0.01371	0.70567	0.00411	1	1.45898	0.81042	0	
1260818	8503.57129	3305835309711	0.49231	0.26937	8503.40430	0.16699	11627	1	0.51998	0.27520	1	0.48609	0.23447	1	0.50304	0.25483	1	0.47973	0.53433	12.11844	1.11977	1	0.74021	0.55337	12.37592	1.11977	1	-0.00508	-0.00914	0.67704	0.00369	1	0.06158	-0.01301	0.66985	0.00411	1	1.45898	0.81042	0	
1260819	8503.57812	3305835376633	0.49293	0.26876	8503.40430	0.17383	11627	1	0.52736	0.23196	1	0.49036	0.27395	1	0.50886	0.25296	1	0.47947	0.53375	11.91322	1.11068	1	0.74028	0.55380	11.92616	1.10200	1	-0.00508	-0.00914	0.67704	0.00390	1	0.06158	-0.01301	0.66985	0.00433	1	1.45898	0.81042	0	
1260820	8503.58496	3305835444094	0.49316	0.26920	8503.40430	0.18066	11627	1	0.51423	0.28982	1	0.48494	0.27223	1	0.49958	0.28102	1	0.47958	0.53422	11.71286	1.09292	1	0.74021	0.55353	12.27128	1.08424	1	-0.00508	-0.00914	0.67704	0.00375	1	0.06158	-0.01301	0.66985	0.00440	1	1.45898	0.81042	0	
1260821	8503.59180	3305835513003	0.49340	0.26986	8503.40430	0.18750	11627	1	0.51518	0.29689	1	0.48455	0.27968	1	0.49986	0.28829	1	0.47958	0.53426	12.05404	1.08424	1	0.74013	0.55415	12.60001	1.07556	1	-0.00522	-0.00955	0.70384	0.00371	1	0.06301	-0.01329	0.68432	0.00397	1	1.45898	0.81042	0	
1260822	8503.59863	3305835579533	0.49357	0.26818	8503.40430	0.19434	11627	1	0.50414	0.11612	1	0.49322	0.32302	1	0.49868	0.21957	1	0.47915	0.53234	12.05964	1.08464	1	0.74036	0.55418	12.78616	1.08464	1	-0.00522	-0.00955	0.70384	0.00246	1	0.06301	-0.01329	0.68432	0.00404	1	1.45898	0.81042	0	
1260823	8503.60547	3305835647708	0.49359	0.26710	8503.40430	0.20117	11627	1	0.51008	0.12697	1	0.47807	0.34208	1	0.49408	0.23453	1	0.47921	0.53235	11.96986	1.09373	1	0.74014	0.55435	12.56612	1.09373	1	-0.00522	-0.00955	0.70384	0.00237	1	0.06301	-0.01329	0.68432	0.00405	1	1.45898	0.81042	0	
1260824	8503.61230	3305835715321	0.49359	0.26592	8503.40430	0.20801	11627	1	0.50907	0.11821	1	0.47813	0.34096	1	0.49360	0.22959	1	0.47937	0.53427	11.64418	1.10281	1	0.74005	0.55402	12.24571	1.09515	1	-0.00522	-0.00961	0.70384	0.00363	1	0.06008	-0.01269	0.65305	0.00415	1	1.45898	0.81042	0	
1260825	8503.61914	3305835782077	0.49396	0.26663	8503.40430	0.21484	11627	1	0.54245	0.28930	1	0.46957	0.28935	1	0.50601	0.28932	1	0.47971	0.53445	12.00764	1.09515	1	0.73997	0.55405	12.44487	1.08749	1	-0.00522	-0.00961	0.70384	0.00361	1	0.06008	-0.01269	0.65305	0.00417	1	1.45898	0.81042	0	
1260826	8503.62500	3305835848598	0.49388	0.26507	8503.40430	0.22070	11627	1	0.50598	0.12113	1	0.47623	0.30594	1	0.49111	0.21353	1	0.47911	0.53237	12.25427	1.08749	1	0.74007	0.55379	12.07891	1.07983	1	-0.00522	-0.00961	0.70384	0.00241	1	0.06008	-0.01269	0.65305	0.00427	1	1.45898	0.81042	0	
1260827	8503.63184	3305835915561	0.49381	0.26371	8503.40430	0.22754	11627	1	0.50687	0.12860	1	0.47623	0.30594	1	0.49155	0.21727	1	0.47927	0.53491	11.41208	1.07983	1	0.74006	0.55428	11.88493	1.07983	1	-0.00536	-0.00966	0.70746	0.00381	1	0.06158	-0.01301	0.66985	0.00409	1	1.45898	0.81042	0	
1260828	8503.63867	3305835983399	0.49368	0.26610	8503.40430	0.23438	11627	1	0.52167	0.35727	1	0.45598	0.34290	1	0.48883	0.35008	1	0.47922	0.53499	11.69543	1.07983	1	0.73977	0.55481	13.15608	1.08749	1	-0.00536	-0.00966	0.70746	0.00378	1	0.06158	-0.01301	0.66985	0.00397	1	1.45898	0.81042	0	
1260829	8503.64551	3305836049855	0.49398	0.26692	8503.40430	0.24121	11627	1	0.53432	0.27491	1	0.47584	0.31732	1	0.50508	0.29611	1	0.47912	0.53410	11.49349	1.08749	1	0.73974	0.55454	12.79229	1.09515	1	-0.00536	-0.00966	0.70746	0.00410	1	0.06158	-0.01301	0.66985	0.00397	1	1.45898	0.81042	0	
1260830	8503.65234	3305836115601	0.49428	0.26772	8503.40430	0.24805	11627	1	0.53445	0.27610	1	0.47578	0.31847	1	0.50512	0.29728	1	0.47889	0.53254	12.40304	1.08607	1	0.73970	0.55489	12.95258	1.09373	1	-0.00528	-0.00942	0.68986	0.00237	1	0.06158	-0.01301	0.66985	0.00390	1	1.45898	0.81042	0	
1260831	8503.65918	3305836182945	0.49438	0.26663	8503.40430	0.25488	11627	1	0.50440	0.10040	1	0.49255	0.35041	1	0.49847	0.22540	1	0.47884	0.53261	12.21848	1.08464	1	0.73995	0.55492	12.89968	1.08464	1	-0.00528	-0.00942	0.68986	0.00246	1	0.06158	-0.01301	0.66985	0.00387	1	1.45898	0.81042	0	
1260832	8503.66504	3305836249674	0.49437	0.26495	8503.40430	0.26074	11627	1	0.50960	0.06530	1	0.47835	0.33347	1	0.49398	0.19939	1	0.47884	0.53267	12.34874	1.07556	1	0.73974	0.55465	12.71441	1.07556	1	-0.00528	-0.00942	0.68986	0.00244	1	0.06158	-0.01301	0.66985	0.00385	1	1.45898	0.81042	0	
1260833	8503.67188	3305836315722	0.49437	0.26355	8503.40430	0.26758	11627	1	0.51063	0.07473	1	0.47800	0.34081	1	0.49431	0.20777	1	0.47916	0.53461	11.42567	1.06647	1	0.74009	0.55469	12.70061	1.06647	1	-0.00528	-0.00942	0.68986	0.00389	1	0.06277	-0.01342	0.68285	0.00389	1	1.45898	0.81042	0	
1260834	8503.67871	3305836383520	0.49492	0.26505	8503.40430	0.27441	11627	1	0.53365	0.29796	1	0.50110	0.35511	1	0.51738	0.32653	1	0.47907	0.53468	11.30798	1.06647	1	0.74009	0.55461	12.68787	1.06647	1	-0.00528	-0.00942	0.68986	0.00389	1	0.06277	-0.01342	0.68285	0.00389	1	1.45898	0.81042	0	
1260835	8503.68555	3305836450191	0.49496	0.26382	8503.40430	0.28125	11627	1	0.50919	0.08829	1	0.48394	0.33597	1	0.49656	0.21213	1	0.47882	0.53263	12.45861	1.06647	1	0.73988	0.55461	13.00481	1.06647	1	-0.00528	-0.00942	0.68986	0.00239	1	0.06277	-0.01342	0.68285	0.00378	1	1.45898	0.81042	0	
1260836	8503.69238	3305836517833	0.49499	0.26265	8503.40430	0.28809	11627	1	0.50919	0.08829	1	0.48394	0.33597	1	0.49656	0.21213	1	0.47875	0.53268	12.37507	1.06647	1	0.73984	0.55405	12.30831	1.06647	1	-0.00528	-0.00942	0.68986	0.00244	1	0.06277	-0.01342	0.68285	0.00415	1	1.45898	0.81042	0	
1260837	8503.69922	3305836585601	0.49500	0.26355	8503.40430	0.29492	11627	1	0.52262	0.24405	1	0.46822	0.36257	1	0.49542	0.30331	1	0.47901	0.53451	11.13258	1.06647	1	0.73960	0.55494	13.21735	1.06647	1	-0.00528	-0.00942	0.68986	0.00411	1	0.06277	-0.01342	0.68285	0.00389	1	1.45898	0.81042	0	
1260838	8503.70605	3305836651900	0.49521	0.26458	8503.40430	0.30176	11627	1	0.50696	0.26470	1	0.50153	0.35667	1	0.50425	0.31068	1	0.47869	0.53497	11.47289	1.06647	1	0.74010	0.55468	12.78850	1.06647	1	-0.00528	-0.00942	0.68986	0.00400	1	0.06277	-0.01342	0.68285	0.00383	1	1.45898	0.81042	0	
1260839	8503.71191	3305836718794	0.49539	0.26562	8503.40430	0.30762	11627	1	0.50696	0.26470	1	0.50107	0.36275	1	0.50402	0.31373	1	0.47877	0.53519	12.02839	1.06647	1	0.73984	0.55501	13.09824	1.05881	1	-0.00528	-0.00942	0.68986	0.00385	1	0.05999	-0.01283	0.65312	0.00386	1	1.45898	0.81042	0	
1260840	8503.71875	3305836786155	0.49530	0.26465	8503.40430	0.31445	11627	1	0.50303	0.12277	1	0.47874	0.31536	1	0.49089	0.21907	1	0.47870	0.53306	12.01857	1.05881	1	0.73973	0.55409	12.68849	1.05115	1	-0.00528	-0.00942	0.68986	0.00245	1	0.05999	-0.01283	0.65312	0.00417	1	1.45898	0.81042	0	
1260841	8503.72559	3305836853719	0.49540	0.26495	8503.40430	0.32129	11627	1	0.52705	0.29453	1	0.48068	0.32021	1	0.50387	0.30737	1	0.47890	0.53507	11.74981	1.05115	1	0.73979	0.55427	12.78373	1.04349	1	-0.00528	-0.00942	0.68986	0.00383	1	0.05999	-0.01283	0.65312	0.00413	1	1.45898	0.81042	0	
1260842	8503.73242	3305836920690	0.49551	0.26503	8503.40430	0.32812	11627	1	0.52784	0.30098	1	0.48036	0.32668	1	0.50410	0.31383	1	0.47879	0.53455	11.90108	1.04349	1	0.73967	0.55433	13.00847	1.03583	1	-0.00528	-0.00942	0.68986	0.00410	1	0.06088	-0.01297	0.66281	0.00414	1	1.45898	0.81042	0	
1260843	8503.73926	3305836987611	0.49508	0.26498	8503.40430	0.33496	11627	1	0.50569	0.28731	1	0.46899	0.30918	1	0.48734	0.29825	1	0.47862	0.53456	11.77899	1.03583	1	0.73965	0.55440	13.05448	1.03583	1	-0.00528	-0.00942	0.68986	0.00396	1	0.06088	-0.01297	0.66281	0.00408	1	1.45898	0.81042	0	
1260844	8503.74609	3305837052016	0.49486	0.26625	8503.40430	0.34180	11627	1	0.51195	0.25758	1	0.47463	0.33000	1	0.49329	0.29379	1	0.47869	0.53434	11.79553	1.03583	1	0.73974	0.55480	13.03393	1.03583	1	-0.00528	-0.00942	0.68986	0.00401	1	0.06088	-0.01297	0.66281	0.00396	1	1.45898	0.81042	0	
1260845	8503.75195	3305837119010	0.49463	0.26730	8503.40430	0.34766	11627	1	0.51089	0.24948	1	0.47526	0.31591	1	0.49307	0.28269	1	0.47878	0.53517	12.24260	1.04492	1	0.73956	0.55454	12.98996	1.05258	1	-0.00540	-0.00955	0.69943	0.00391	1	0.06304	-0.01345	0.68689	0.00403	1	1.45898	0.81042	0	
1260846	8503.75977	3305837188035	0.49489	0.26756	8503.40430	0.35547	11627	1	0.53266	0.27803	1	0.46407	0.34261	1	0.49836	0.31032	1	0.47864	0.53497	11.98709	1.06166	1	0.73953	0.55512	13.31186	1.06932	1	-0.00540	-0.00955	0.69943	0.00394	1	0.06304	-0.01345	0.68689	0.00388	1	1.45898	0.81042	0	
1260847	8503.76562	3305837254811	0.49462	0.26703	8503.40430	0.36133	11627	1	0.50451	0.09064	1	0.46339	0.33077	1	0.48395	0.21071	1	0.47842	0.53284	12.38078	1.07841	1	0.73949	0.55494	13.30293	1.08607	1	-0.00540	-0.00955	0.69943	0.00241	1	0.06304	-0.01345	0.68689	0.00384	1	1.45898	0.81042	0	
1260848	8503.77246	3305837317111	0.49434	0.26652	8503.40430	0.36816	11627	1	0.50361	0.08289	1	0.46358	0.32464	1	0.48360	0.20376	1	0.47862	0.53520	11.54176	1.08607	1	0.73913	0.55512	12.66005	1.09373	1	-0.00532	-0.00931	0.68231	0.00391	1	0.06304	-0.01345	0.68689	0.00390	1	1.45898	0.81042	0	
1260849	8503.77930	3305837384968	0.49471	0.26602	8503.40430	0.37500	11627	1	0.52709	0.26799	1	0.48116	0.26349	1	0.50412	0.26574	1	0.47852	0.53526	12.04444	1.08464	1	0.73939	0.55444	13.18294	1.08464	1	-0.00532	-0.00931	0.68231	0.00385	1	0.06304	-0.01345	0.68689	0.00421	1	1.45898	0.81042	0	
1260850	8503.78613	3305837455891	0.49481	0.26736	8503.40430	0.38184	11627	1	0.51134	0.22551	1	0.48377	0.31784	1	0.49755	0.27167	1	0.47835	0.53448	10.93600	1.07556	1	0.73945	0.55494	13.16597	1.07556	1	-0.00532	-0.00931	0.68231	0.00401	1	0.06304	-0.01345	0.68689	0.00386	1	1.45898	0.81042	0	
1260851	8503.79199	3305837519840	0.49491	0.26893	8503.40430	0.38770	11627	1	0.51237	0.23358	1	0.48336	0.32531	1	0.49787	0.27945	1	0.47824	0.53302	11.99742	1.06647	1	0.73911	0.55493	12.56513	1.06647	1	-0.00532	-0.00931	0.68231	0.00246	1	0.06145	-0.01313	0.67062	0.00389	1	1.45898	0.81042	0	
1260852	8503.79883	3305837586785	0.49425	0.26788	8503.40430	0.39453	11627	1	0.50624	0.12096	1	0.47172	0.38305	1	0.48898	0.25200	1	0.47839	0.53306	11.85258	1.06647	1	0.73926	0.55514	12.60890	1.06647	1	-0.00532	-0.00931	0.68231	0.00243	1	0.06145	-0.01313	0.67062	0.00390	1	1.45898	0.81042	0	
1260853	8503.80566	3305837655057	0.49388	0.26682	8503.40430	0.40137	11627	1	0.50750	0.12208	1	0.46112	0.34411	1	0.48431	0.23310	1	0.47836	0.53308	11.84587	1.06647	1	0.73908	0.55509	12.63316	1.06647	1	-0.00532	-0.00931	0.68231	0.00246	1	0.06145	-0.01313	0.67062	0.00389	1	1.45898	0.81042	0	
1260854	8503.81250	3305837720661	0.49352	0.26575	8503.40430	0.40820	11627	1	0.50750	0.12208	1	0.46093	0.35026	1	0.48422	0.23617	1	0.47839	0.53278	12.14821	1.06647	1	0.73916	0.55505	12.34727	1.05881	1	-0.00532	-0.00931	0.68231	0.00240	1	0.05994	-0.01275	0.65368	0.00396	1	1.45898	0.81042	0	
1260855	8503.81934	3305837787774	0.49355	0.26567	8503.40430	0.41504	11627	1	0.54691	0.32498	1	0.43737	0.37886	1	0.49214	0.35192	1	0.47886	0.53491	12.06399	1.05881	1	0.73912	0.55501	12.33840	1.05115	1	-0.00532	-0.00931	0.68231	0.00390	1	0.05994	-0.01275	0.65368	0.00396	1	1.45898	0.81042	0	
1260856	8503.82617	3305837857493	0.49355	0.26595	8503.40430	0.42188	11627	1	0.48406	0.11479	1	0.44074	0.38390	1	0.46240	0.24935	1	0.47839	0.53278	12.14821	1.05115	1	0.73918	0.55504	12.61669	1.04349	1	-0.00532	-0.00931	0.68231	0.00240	1	0.05994	-0.01275	0.65368	0.00391	1	1.45898	0.81042	0	
1260857	8503.83301	3305837924497	0.49354	0.26602	8503.40430	0.42871	11627	1	0.48386	0.11334	1	0.44085	0.37003	1	0.46235	0.24169	1	0.47842	0.53260	12.01806	1.05258	1	0.73925	0.55475	12.58052	1.06126	1	-0.00540	-0.00955	0.69943	0.00242	1	0.06503	-0.01388	0.70917	0.00394	1	1.45898	0.81042	0	
1260858	8503.83984	3305837990990	0.49333	0.26497	8503.40430	0.43555	11627	1	0.49680	0.14923	1	0.45920	0.36899	1	0.47800	0.25911	1	0.47857	0.53258	12.07385	1.07034	1	0.73949	0.55486	13.26469	1.08668	1	-0.00540	-0.00955	0.69943	0.00241	1	0.06503	-0.01388	0.70917	0.00384	1	1.45898	0.81042	0	
1260859	8503.84668	3305838058315	0.49321	0.26477	8503.40430	0.44238	11627	1	0.47641	0.13469	1	0.43930	0.33867	1	0.45786	0.23668	1	0.47844	0.53253	12.58551	1.09577	1	0.73915	0.55483	12.62288	1.11211	1	-0.00540	-0.00955	0.69943	0.00241	1	0.06503	-0.01388	0.70917	0.00397	1	1.45898	0.81042	0	
1260860	8503.85254	3305838124497	0.49304	0.26428	8503.40430	0.44824	11627	1	0.47418	0.11904	1	0.43933	0.33275	1	0.45676	0.22589	1	0.47847	0.53247	11.83735	1.11211	1	0.73932	0.55457	12.95056	1.11977	1	-0.00528	-0.00942	0.68986	0.00238	1	0.06304	-0.01334	0.68689	0.00408	1	1.45898	0.81042	0	
1260861	8503.85938	3305838192556	0.49278	0.26471	8503.40430	0.45508	11627	1	0.48593	0.30624	1	0.47939	0.28119	1	0.48266	0.29371	1	0.47839	0.53465	11.42342	1.11068	1	0.73971	0.55418	12.42539	1.10200	1	-0.00528	-0.00942	0.68986	0.00364	1	0.06304	-0.01334	0.68689	0.00401	1	1.45898	0.81042	0	
1260862	8503.86621	3305838259812	0.49304	0.26397	8503.40430	0.46191	11627	1	0.51419	0.26294	1	0.50057	0.28584	1	0.50738	0.27439	1	0.47885	0.53416	11.89953	1.09292	1	0.74001	0.55414	12.07924	1.08424	1	-0.00528	-0.00942	0.68986	0.00379	1	0.06304	-0.01334	0.68689	0.00398	1	1.45898	0.81042	0	
1260863	8503.87305	3305838326502	0.49331	0.26375	8503.40430	0.46875	11627	1	0.51613	0.27786	1	0.49953	0.30088	1	0.50783	0.28937	1	0.47890	0.53430	12.28365	1.07515	1	0.73976	0.55419	12.61967	1.06647	1	-0.00515	-0.00914	0.67320	0.00364	1	0.06158	-0.01301	0.66985	0.00395	1	1.45898	0.81042	0	
1260864	8503.87988	3305838393442	0.49363	0.26481	8503.40430	0.47559	11627	1	0.50215	0.30024	1	0.50077	0.33356	1	0.50146	0.31690	1	0.47868	0.53441	12.06701	1.06647	1	0.74010	0.55393	12.20335	1.06647	1	-0.00515	-0.00914	0.67320	0.00368	1	0.06158	-0.01301	0.66985	0.00397	1	1.45898	0.81042	0	
1260865	8503.88672	3305838459960	0.49382	0.26640	8503.40430	0.48242	11627	1	0.51695	0.33128	1	0.50868	0.33811	1	0.51281	0.33470	1	0.47880	0.53451	12.12794	1.06647	1	0.74017	0.55407	12.14869	1.06647	1	-0.00515	-0.00914	0.67320	0.00364	1	0.06158	-0.01301	0.66985	0.00389	1	1.45898	0.81042	0	
1260866	8503.89355	3305838527151	0.49402	0.26813	8503.40430	0.48926	11627	1	0.51695	0.33128	1	0.50816	0.34433	1	0.51256	0.33781	1	0.47874	0.53230	11.59656	1.06647	1	0.73996	0.55433	12.54230	1.05881	1	-0.00528	-0.00931	0.68986	0.00237	1	0.06035	-0.01276	0.65708	0.00384	1	1.45898	0.81042	0	
1260867	8503.90039	3305838594291	0.49420	0.26928	8503.40430	0.49609	11627	1	0.54598	0.27993	1	0.48929	0.33626	1	0.51763	0.30810	1	0.47917	0.53415	11.40606	1.05881	1	0.73990	0.55389	12.14957	1.05115	1	-0.00528	-0.00931	0.68986	0.00373	1	0.06035	-0.01276	0.65708	0.00400	1	1.45898	0.81042	0	
1260868	8503.90723	3305838662603	0.49425	0.26984	8503.40430	0.50293	11627	1	0.54096	0.30057	1	0.46299	0.31556	1	0.50197	0.30807	1	0.47918	0.53419	11.51841	1.05115	1	0.73986	0.55364	12.22773	1.04349	1	-0.00528	-0.00931	0.68986	0.00374	1	0.06035	-0.01276	0.65708	0.00389	1	1.45898	0.81042	0	
1260869	8503.91309	3305838728045	0.49430	0.27038	8503.40430	0.50879	11627	1	0.54166	0.30697	1	0.46278	0.32206	1	0.50222	0.31451	1	0.47892	0.53197	11.78589	1.04349	1	0.74001	0.55373	12.37198	1.03583	1	-0.00515	-0.00904	0.67319	0.00240	1	0.06008	-0.01269	0.65305	0.00395	1	1.45898	0.81042	0	
1260870	8503.91992	3305838796059	0.49664	0.29808	8503.40430	0.50879	11627	0	0.51641	0.33948	1	0.48071	0.33420	1	0.49856	0.33684	1	0.47917	0.53414	11.43094	1.03583	1	0.74015	0.55352	12.35941	1.03583	1	-0.00515	-0.00904	0.67319	0.00378	1	0.06008	-0.01269	0.65305	0.00394	1	1.45898	0.81042	0	
1260871	8503.92676	3305838861910	0.49382	0.27014	8503.40430	0.50879	11627	0	0.50677	0.15164	1	0.47523	0.33275	1	0.49100	0.24219	1	0.47908	0.53211	11.96914	1.03583	1	0.74011	0.55378	12.43234	1.03583	1	-0.00515	-0.00904	0.67319	0.00241	1	0.06008	-0.01269	0.65305	0.00394	1	1.45898	0.81042	0	
1260872	8503.93359	3305838929071	0.49293	0.25975	8503.40430	0.50879	11627	0	0.50677	0.15164	1	0.47552	0.32633	1	0.49115	0.23898	1	0.47898	0.53197	11.70266	1.03583	1	0.74033	0.55389	13.16939	1.04349	1	-0.00508	-0.00904	0.67704	0.00242	1	0.06301	-0.01329	0.68432	0.00377	1	1.45898	0.81042	0	
1260873	8503.94043	3305838996880	0.49070	0.25766	8503.91992	0.02051	11628	1	0.50073	0.17974	1	0.46731	0.32301	1	0.48402	0.25138	1	0.47904	0.53208	11.96816	1.04349	1	0.74030	0.55384	13.02746	1.05115	1	-0.00508	-0.00904	0.67704	0.00242	1	0.06301	-0.01329	0.68432	0.00388	1	1.45898	0.81042	0	
1260874	8503.94629	3305839060333	0.48784	0.25382	8503.91992	0.02637	11628	1	0.50181	0.15713	1	0.45093	0.31980	1	0.47637	0.23847	1	0.47904	0.53190	12.00584	1.05115	1	0.74004	0.55396	12.62947	1.05881	1	-0.00508	-0.00904	0.67704	0.00243	1	0.06301	-0.01329	0.68432	0.00393	1	1.45898	0.81042	0	
1260875	8503.95312	3305839131175	0.48586	0.25011	8503.91992	0.03320	11628	1	0.50087	0.14967	1	0.45104	0.31344	1	0.47596	0.23155	1	0.47906	0.53398	11.51404	1.05881	1	0.74042	0.55341	13.13617	1.06647	1	-0.00508	-0.00904	0.67704	0.00408	1	0.06301	-0.01324	0.68432	0.00412	1	1.45898	0.81042	0	
1260876	8503.95996	3305839192891	0.48590	0.25684	8503.91992	0.04004	11628	1	0.49502	0.36014	1	0.47726	0.23425	1	0.48614	0.29720	1	0.47920	0.53427	11.71235	1.06647	1	0.74041	0.55309	12.80031	1.06647	1	-0.00508	-0.00904	0.67704	0.00399	1	0.06301	-0.01324	0.68432	0.00429	1	1.45898	0.81042	0	
1260877	8503.96680	3305839259773	0.48567	0.25624	8503.91992	0.04688	11628	1	0.49733	0.26177	1	0.47090	0.24235	1	0.48412	0.25206	1	0.47930	0.53383	11.61875	1.06647	1	0.74040	0.55313	12.89846	1.06647	1	-0.00508	-0.00904	0.67704	0.00400	1	0.06301	-0.01324	0.68432	0.00427	1	1.45898	0.81042	0	
1260878	8503.97363	3305839327852	0.48549	0.25616	8503.91992	0.05371	11628	1	0.49733	0.26177	1	0.47065	0.24923	1	0.48399	0.25550	1	0.47927	0.53175	12.03329	1.06647	1	0.74053	0.55299	12.38195	1.05881	1	-0.00498	-0.00905	0.67813	0.00239	1	0.06081	-0.01272	0.65992	0.00423	1	1.45898	0.81042	0	
1260879	8503.98047	3305839396377	0.48589	0.26023	8503.91992	0.06055	11628	1	0.50999	0.27020	1	0.46912	0.32348	1	0.48955	0.29684	1	0.47945	0.53325	11.80064	1.05881	1	0.74040	0.55382	12.77562	1.05115	1	-0.00498	-0.00905	0.67813	0.00392	1	0.06081	-0.01272	0.65992	0.00389	1	1.45898	0.81042	0	
1260880	8503.98633	3305839460634	0.48612	0.26409	8503.91992	0.06641	11628	1	0.50185	0.28744	1	0.47490	0.31798	1	0.48837	0.30271	1	0.47935	0.53295	11.46439	1.05115	1	0.74047	0.55379	12.67001	1.04349	1	-0.00498	-0.00905	0.67813	0.00407	1	0.06081	-0.01272	0.65992	0.00386	1	1.45898	0.81042	0	
1260881	8503.99316	3305839527252	0.48635	0.26758	8503.91992	0.07324	11628	1	0.50279	0.29396	1	0.47490	0.31798	1	0.48885	0.30597	1	0.47966	0.53344	11.17393	1.04349	1	0.74095	0.55399	12.79940	1.04349	1	-0.00498	-0.00905	0.67813	0.00354	1	0.06294	-0.01315	0.68245	0.00376	1	1.45898	0.81042	0	
1260882	8504.00000	3305839599971	0.48679	0.27246	8503.91992	0.08008	11628	1	0.52947	0.31633	1	0.45475	0.34579	1	0.49211	0.33106	1	0.47973	0.53313	11.01623	1.04349	1	0.74053	0.55404	13.20925	1.05115	1	-0.00498	-0.00905	0.67813	0.00400	1	0.06294	-0.01315	0.68245	0.00378	1	1.45898	0.81042	0	
1260883	8504.00684	3305839661472	0.48706	0.26880	8503.91992	0.08691	11628	1	0.51659	0.16158	1	0.46447	0.28089	1	0.49053	0.22123	1	0.47964	0.53146	11.57993	1.05115	1	0.74063	0.55359	12.90375	1.05881	1	-0.00498	-0.00905	0.67813	0.00243	1	0.06294	-0.01315	0.68245	0.00370	1	1.45898	0.81042	0	
1260884	8504.01367	3305839732532	0.48727	0.26516	8503.91992	0.09375	11628	1	0.51574	0.15415	1	0.46468	0.27424	1	0.49021	0.21419	1	0.47986	0.53140	11.61219	1.05881	1	0.74064	0.55363	12.79811	1.06647	1	-0.00489	-0.00906	0.67866	0.00245	1	0.06256	-0.01305	0.67721	0.00390	1	1.45898	0.81042	0	
1260885	8504.02051	3305839799867	0.48707	0.26393	8503.91992	0.10059	11628	1	0.50485	0.14104	1	0.46330	0.34987	1	0.48408	0.24546	1	0.47984	0.53142	11.72476	1.06647	1	0.74106	0.55384	13.45999	1.06647	1	-0.00489	-0.00906	0.67866	0.00243	1	0.06256	-0.01305	0.67721	0.00391	1	1.45898	0.81042	0	
1260886	8504.02637	3305839862937	0.48699	0.26610	8503.91992	0.10645	11628	1	0.50100	0.27101	1	0.47034	0.33064	1	0.48567	0.30083	1	0.47981	0.53313	11.22054	1.06647	1	0.74123	0.55409	13.27527	1.06647	1	-0.00489	-0.00906	0.67866	0.00353	1	0.06256	-0.01305	0.67721	0.00382	1	1.45898	0.81042	0	
1260887	8504.03418	3305839933808	0.48691	0.26820	8503.91992	0.11426	11628	1	0.50100	0.27101	1	0.47010	0.33689	1	0.48555	0.30395	1	0.47997	0.53347	11.51581	1.06647	1	0.74102	0.55397	13.32377	1.05881	1	-0.00473	-0.00891	0.67127	0.00363	1	0.06114	-0.01275	0.66136	0.00388	1	1.45898	0.81042	0	
1260888	8504.04004	3305840000172	0.48740	0.27122	8503.91992	0.12012	11628	1	0.52154	0.31850	1	0.47124	0.33243	1	0.49639	0.32547	1	0.48035	0.53345	11.68857	1.05881	1	0.74117	0.55396	13.39848	1.05115	1	-0.00473	-0.00891	0.67127	0.00362	1	0.06114	-0.01275	0.66136	0.00387	1	1.45898	0.81042	0	
1260889	8504.04688	3305840068057	0.48771	0.27498	8503.91992	0.12695	11628	1	0.51308	0.33076	1	0.47398	0.36203	1	0.49353	0.34640	1	0.48032	0.53352	12.06115	1.05115	1	0.74122	0.55366	13.25111	1.04349	1	-0.00473	-0.00891	0.67127	0.00359	1	0.06114	-0.01275	0.66136	0.00390	1	1.45898	0.81042	0	
1260890	8504.05371	3305840134082	0.48801	0.27852	8503.91992	0.13379	11628	1	0.51396	0.33696	1	0.47398	0.36203	1	0.49397	0.34949	1	0.48057	0.53355	12.13859	1.04349	1	0.74162	0.55385	12.65493	1.04349	1	-0.00473	-0.00891	0.67127	0.00367	1	0.06431	-0.01340	0.69504	0.00379	1	1.45898	0.81042	0	
1260891	8504.06055	3305840199731	0.48987	0.28178	8503.91992	0.14062	11628	1	0.55488	0.33354	1	0.50293	0.36671	1	0.52890	0.35013	1	0.48090	0.53351	12.01653	1.04349	1	0.74172	0.55383	12.65156	1.05115	1	-0.00473	-0.00891	0.67127	0.00369	1	0.06431	-0.01340	0.69504	0.00378	1	1.45898	0.81042	0	
1260892	8504.06738	3305840268799	0.49040	0.28356	8503.91992	0.14746	11628	1	0.54857	0.31255	1	0.45573	0.33309	1	0.50215	0.32282	1	0.48084	0.53335	11.61091	1.05115	1	0.74127	0.55393	12.93256	1.05881	1	-0.00473	-0.00891	0.67127	0.00374	1	0.06431	-0.01340	0.69504	0.00378	1	1.45898	0.81042	0	
1260893	8504.07422	3305840336339	0.49087	0.28463	8503.91992	0.15430	11628	1	0.54714	0.29875	1	0.45606	0.31938	1	0.50160	0.30907	1	0.48051	0.53112	12.06035	1.06790	1	0.74124	0.55439	13.22371	1.07556	1	-0.00481	-0.00916	0.68975	0.00240	1	0.06266	-0.01303	0.67616	0.00401	1	1.45898	0.81042	0	
1260894	8504.08105	3305840403159	0.48997	0.28584	8503.91992	0.16113	11628	1	0.50636	0.28307	1	0.43040	0.34663	1	0.46838	0.31485	1	0.48059	0.53312	11.25287	1.08464	1	0.74133	0.55443	13.25748	1.08464	1	-0.00481	-0.00916	0.68975	0.00369	1	0.06266	-0.01303	0.67616	0.00390	1	1.45898	0.81042	0	
1260895	8504.08789	3305840470683	0.48941	0.28300	8503.91992	0.16797	11628	1	0.49954	0.10217	1	0.45117	0.32218	1	0.47536	0.21218	1	0.48060	0.53128	11.90450	1.09373	1	0.74169	0.55428	13.73740	1.09373	1	-0.00481	-0.00916	0.68975	0.00254	1	0.06266	-0.01303	0.67616	0.00385	1	1.45898	0.81042	0	
1260896	8504.09375	3305840536901	0.48887	0.28008	8503.91992	0.17383	11628	1	0.49845	0.09320	1	0.45131	0.31490	1	0.47488	0.20405	1	0.48083	0.53356	11.36362	1.10281	1	0.74194	0.55340	12.97417	1.10281	1	-0.00483	-0.00923	0.70758	0.00371	1	0.06266	-0.01303	0.67616	0.00411	1	1.45898	0.81042	0	
1260897	8504.10059	3305840603764	0.48848	0.27624	8503.91992	0.18066	11628	1	0.47989	0.08069	1	0.47588	0.26470	1	0.47788	0.17269	1	0.48067	0.53115	11.98657	1.10281	1	0.74201	0.55359	12.88643	1.10281	1	-0.00483	-0.00923	0.70758	0.00254	1	0.06266	-0.01303	0.67616	0.00389	1	1.45898	0.81042	0	
1260898	8504.10742	3305840670580	0.48833	0.27433	8503.91992	0.18750	11628	1	0.48469	0.23626	1	0.48348	0.20500	1	0.48409	0.22063	1	0.48069	0.53290	11.34909	1.10281	1	0.74208	0.55323	12.94044	1.10281	1	-0.00483	-0.00923	0.70758	0.00404	1	0.06266	-0.01303	0.67616	0.00410	1	1.45898	0.81042	0	
1260899	8504.11426	3305840737560	0.48819	0.27292	8503.91992	0.19434	11628	1	0.48588	0.24406	1	0.48276	0.22014	1	0.48432	0.23210	1	0.48127	0.53335	12.36185	1.09373	1	0.74204	0.55340	13.09276	1.08607	1	-0.00460	-0.00900	0.68213	0.00375	1	0.06150	-0.01278	0.66309	0.00403	1	1.45898	0.81042	0	
1260900	8504.12109	3305840804845	0.48854	0.27303	8503.91992	0.20117	11628	1	0.52071	0.27457	1	0.47722	0.27849	1	0.49896	0.27653	1	0.48120	0.53306	12.26093	1.07698	1	0.74198	0.55355	13.12170	1.06932	1	-0.00460	-0.00900	0.68213	0.00374	1	0.06150	-0.01278	0.66309	0.00407	1	1.45898	0.81042	0	
1260901	8504.12793	3305840871795	0.48926	0.27376	8503.91992	0.20801	11628	1	0.51969	0.30420	1	0.50343	0.28863	1	0.51156	0.29642	1	0.48117	0.53310	12.25753	1.06024	1	0.74249	0.55346	12.17717	1.05258	1	-0.00460	-0.00900	0.68213	0.00373	1	0.06150	-0.01278	0.66309	0.00408	1	1.45898	0.81042	0	
1260902	8504.13477	3305840939064	0.48995	0.27478	8503.91992	0.21484	11628	1	0.52151	0.31804	1	0.50286	0.29653	1	0.51219	0.30729	1	0.48168	0.53338	11.55611	1.04349	1	0.74253	0.55327	12.21674	1.04349	1	-0.00460	-0.00900	0.68213	0.00379	1	0.06378	-0.01335	0.68706	0.00403	1	1.45898	0.81042	0	
1260903	8504.14062	3305841006226	0.49049	0.27179	8503.91992	0.22070	11628	1	0.50459	0.14381	1	0.51192	0.20247	1	0.50826	0.17314	1	0.48104	0.53113	12.10285	1.04349	1	0.74254	0.55238	11.82096	1.05115	1	-0.00460	-0.00900	0.68213	0.00239	1	0.06378	-0.01335	0.68706	0.00430	1	1.45898	0.81042	0	
1260904	8504.14746	3305841072771	0.49170	0.24358	8503.91992	0.22070	11628	0	0.50277	0.14483	1	0.50319	0.26330	1	0.50298	0.20406	1	0.48097	0.53120	11.90489	1.05115	1	0.74244	0.55329	11.80497	1.05881	1	-0.00460	-0.00900	0.68213	0.00242	1	0.06378	-0.01335	0.68706	0.00402	1	1.45898	0.81042	0	
1260905	8504.15430	3305841136504	0.49723	0.22023	8503.91992	0.22070	11628	0	0.50184	0.13727	1	0.50367	0.25649	1	0.50275	0.19688	1	0.48160	0.53353	12.50963	1.05881	1	0.74244	0.55317	12.27805	1.06647	1	-0.00460	-0.00900	0.68213	0.00375	1	0.06378	-0.01335	0.68706	0.00395	1	1.45898	0.81042	0	
1260906	8504.16113	3305841204505	0.50518	0.24337	8503.91992	0.22070	11628	0	0.54222	0.31350	1	0.49994	0.26581	1	0.52108	0.28965	1	0.48150	0.53348	12.33283	1.06647	1	0.74244	0.55335	12.06918	1.06647	1	-0.00460	-0.00900	0.68213	0.00372	1	0.06378	-0.01335	0.68706	0.00417	1	1.45898	0.81042	0	
1260907	8504.16797	3305841270323	0.50934	0.25975	8504.14746	0.02051	11629	1	0.55428	0.31519	1	0.48935	0.30259	1	0.52182	0.30889	1	0.48179	0.53354	12.14623	1.06647	1	0.74230	0.55366	12.43169	1.06647	1	-0.00460	-0.00900	0.68213	0.00369	1	0.06378	-0.01335	0.68706	0.00407	1	1.45898	0.81042	0	
1260908	8504.17480	3305841338397	0.51180	0.27023	8504.14746	0.02734	11629	1	0.55428	0.31519	1	0.48897	0.30905	1	0.52163	0.31212	1	0.48158	0.53350	11.57938	1.06647	1	0.74241	0.55361	12.27553	1.05881	1	-0.00459	-0.00909	0.68083	0.00366	1	0.06038	-0.01263	0.64997	0.00388	1	1.45898	0.81042	0	
1260909	8504.18066	3305841400835	0.51225	0.27902	8504.14746	0.03320	11629	1	0.53388	0.32520	1	0.49515	0.32078	1	0.51451	0.32299	1	0.48149	0.53344	11.30585	1.05881	1	0.74235	0.55380	12.23992	1.05115	1	-0.00459	-0.00909	0.68083	0.00375	1	0.06038	-0.01263	0.64997	0.00404	1	1.45898	0.81042	0	
1260910	8504.18750	3305841472032	0.51346	0.28738	8504.14746	0.04004	11629	1	0.54452	0.33383	1	0.49690	0.34126	1	0.52071	0.33754	1	0.48162	0.53347	11.17166	1.05115	1	0.74240	0.55392	12.12483	1.04349	1	-0.00459	-0.00909	0.68083	0.00374	1	0.06038	-0.01263	0.64997	0.00399	1	1.45898	0.81042	0	
1260911	8504.19434	3305841538388	0.51441	0.29403	8504.14746	0.04688	11629	1	0.54521	0.33998	1	0.49690	0.34126	1	0.52106	0.34062	1	0.48154	0.53338	11.42258	1.04349	1	0.74224	0.55431	13.11694	1.04349	1	-0.00459	-0.00909	0.68083	0.00357	1	0.06378	-0.01335	0.68706	0.00383	1	1.45898	0.81042	0	
1260912	8504.20117	3305841605219	0.51099	0.30502	8504.14746	0.05371	11629	1	0.54521	0.33998	0	0.48363	0.39289	1	0.48363	0.39289	1	0.48154	0.53338	11.42258	1.04349	0	0.74223	0.55443	12.65724	1.05115	1	-0.00459	-0.00909	0.68083	0.00357	1	0.06378	-0.01335	0.68706	0.00390	1	1.45898	0.81042	0	
1260913	8504.20801	3305841672559	0.50829	0.30888	8504.14746	0.06055	11629	1	0.54521	0.33998	0	0.48405	0.34363	1	0.48405	0.34363	1	0.48154	0.53338	11.42258	1.05115	0	0.74219	0.55453	13.15407	1.05881	1	-0.00459	-0.00909	0.68083	0.00357	1	0.06378	-0.01335	0.68706	0.00386	1	1.45898	0.81042	0	
1260914	8504.21387	3305841737902	0.50612	0.31147	8504.14746	0.06641	11629	1	0.54521	0.33998	0	0.48440	0.33742	1	0.48440	0.33742	1	0.48154	0.53338	11.42258	1.05881	0	0.74242	0.55430	12.19882	1.06647	1	-0.00459	-0.00909	0.68083	0.00357	1	0.06378	-0.01335	0.68706	0.00393	1	1.45898	0.81042	0	
1260915	8504.22070	3305841806807	0.50612	0.31147	8504.14746	0.07324	11629	1	0.54521	0.33998	0	0.48440	0.33742	0	0.48440	0.33742	0	0.48154	0.53338	11.42258	1.06647	0	0.74242	0.55430	12.19882	1.06647	0	-0.00459	-0.00909	0.68083	0.00357	1	0.06378	-0.01335	0.68706	0.00393	1	1.45898	0.81042	0	
1260916	8504.22754	3305841873372	0.50612	0.31147	8504.14746	0.08008	11629	1	0.54521	0.33998	0	0.48440	0.33742	0	0.48440	0.33742	0	0.48154	0.53338	11.42258	1.06647	0	0.74242	0.55430	12.19882	1.06647	0	-0.00459	-0.00909	0.68083	0.00357	1	0.06378	-0.01335	0.68706	0.00393	1	1.45898	0.81042	0	
1260917	8504.23438	3305841941493	0.50612	0.31147	8504.14746	0.08691	11629	1	0.54521	0.33998	0	0.48440	0.33742	0	0.48440	0.33742	0	0.48154	0.53338	11.42258	1.06647	0	0.74242	0.55430	12.19882	1.06647	0	-0.00459	-0.00909	0.68083	0.00357	1	0.06378	-0.01335	0.68706	0.00393	1	1.45898	0.81042	0	
1260918	8504.24121	3305842005922	0.50756	0.31826	8504.14746	0.08691	11629	0	0.54521	0.33998	0	0.48440	0.33742	0	0.48440	0.33742	0	0.48154	0.53338	11.42258	1.06647	0	0.74242	0.55430	12.19882	1.06647	0	-0.00459	-0.00909	0.68083	0.00357	1	0.06378	-0.01335	0.68706	0.00393	1	1.45898	0.81042	0	
1260919	8504.24805	3305842077175	0.50756	0.31826	8504.14746	0.08691	11629	0	0.54521	0.33998	0	0.48440	0.33742	0	0.48440	0.33742	0	0.48154	0.53338	11.42258	1.06647	0	0.74242	0.55430	12.19882	1.06647	0	-0.00459	-0.00909	0.68083	0.00357	1	0.06378	-0.01335	0.68706	0.00393	1	1.45898	0.81042	0	
1260920	8504.25488	3305842143952	0.50756	0.31826	8504.14746	0.08691	11629	0	0.54521	0.33998	0	0.48440	0.33742	0	0.48440	0.33742	0	0.48154	0.53338	11.42258	1.06647	0	0.74242	0.55430	12.19882	1.06647	0	-0.00459	-0.00909	0.68083	0.00357	1	0.06378	-0.01335	0.68706	0.00393	1	1.45898	0.81042	0	
1260921	8504.26172	3305842211419	0.00000	0.00000	8504.14746	0.08691	11629	0	0.54521	0.33998	0	0.48440	0.33742	0	0.48440	0.33742	0	0.48154	0.53338	11.42258	1.06647	0	0.74242	0.55430	12.19882	1.06647	0	-0.00459	-0.00909	0.68083	0.00357	1	0.06378	-0.01335	0.68706	0.00393	1	1.45898	0.81042	0	
1260922	8504.26855	3305842277770	0.00000	0.00000	8504.14746	0.08691	11629	0	0.54521	0.33998	0	0.48440	0.33742	0	0.48440	0.33742	0	0.48154	0.53338	11.42258	1.06647	0	0.74242	0.55430	12.19882	1.06647	0	-0.00459	-0.00909	0.68083	0.00357	1	0.06378	-0.01335	0.68706	0.00393	1	1.45898	0.81042	0	
1260923	8504.27539	3305842344853	0.00000	0.00000	8504.14746	0.08691	11629	0	0.54521	0.33998	0	0.48440	0.33742	0	0.48440	0.33742	0	0.48154	0.53338	11.42258	1.06647	0	0.74242	0.55430	12.19882	1.06647	0	-0.00459	-0.00909	0.68083	0.00357	1	0.06378	-0.01335	0.68706	0.00393	1	1.45898	0.81042	0	
1260924	8504.28125	3305842411241	0.48253	0.21517	8504.14746	0.08691	11629	0	0.49961	0.11787	1	0.46545	0.31247	1	0.48253	0.21517	1	0.48105	0.53215	12.21723	1.06647	1	0.74192	0.55472	13.11783	1.06647	1	-0.00459	-0.00909	0.68083	0.00238	1	0.06378	-0.01335	0.68706	0.00388	1	1.45898	0.81042	0	
1260925	8504.28809	3305842479265	0.48207	0.20343	8504.14746	0.08691	11629	0	0.49581	0.09976	1	0.46740	0.28363	1	0.48160	0.19169	1	0.48101	0.53210	12.07849	1.06647	1	0.74196	0.55464	13.04487	1.06647	1	-0.00459	-0.00909	0.68083	0.00241	1	0.06378	-0.01335	0.68706	0.00382	1	1.45898	0.81042	0	
1260926	8504.29492	3305842546426	0.48187	0.20062	8504.14746	0.08691	11629	0	0.49581	0.09976	1	0.46717	0.29022	1	0.48149	0.19499	1	0.48102	0.53449	12.21030	1.06647	1	0.74197	0.55401	12.93845	1.05881	1	-0.00459	-0.00919	0.68083	0.00359	1	0.06150	-0.01308	0.66309	0.00410	1	1.45898	0.81042	0	
1260927	8504.30176	3305842613443	0.48292	0.19425	8504.28125	0.02051	11630	1	0.49220	0.13755	1	0.47996	0.21278	1	0.48608	0.17516	1	0.48094	0.53221	11.90176	1.05881	1	0.74200	0.55393	12.99204	1.05115	1	-0.00459	-0.00919	0.68083	0.00244	1	0.06150	-0.01308	0.66309	0.00405	1	1.45898	0.81042	0	
1260928	8504.30859	3305842680344	0.48468	0.18845	8504.28125	0.02734	11630	1	0.50119	0.13219	1	0.48221	0.19824	1	0.49170	0.16521	1	0.48100	0.53210	12.04991	1.05115	1	0.74208	0.55380	12.86468	1.04349	1	-0.00459	-0.00919	0.68083	0.00243	1	0.06150	-0.01308	0.66309	0.00403	1	1.45898	0.81042	0	
1260929	8504.31543	3305842746769	0.48593	0.18521	8504.28125	0.03418	11630	1	0.50213	0.13984	1	0.48221	0.19824	1	0.49217	0.16904	1	0.48120	0.53437	12.23816	1.04349	1	0.74191	0.55415	12.90293	1.04349	1	-0.00455	-0.00916	0.67490	0.00369	1	0.06266	-0.01334	0.67616	0.00423	1	1.45898	0.81042	0	
1260930	8504.32227	3305842814166	0.48643	0.19236	8504.28125	0.04102	11630	1	0.51474	0.16641	1	0.46422	0.30414	1	0.48948	0.23527	1	0.48111	0.53242	12.31923	1.04349	1	0.74183	0.55467	13.04696	1.05115	1	-0.00455	-0.00916	0.67490	0.00252	1	0.06266	-0.01334	0.67616	0.00394	1	1.45898	0.81042	0	
1260931	8504.32910	3305842881434	0.48792	0.20608	8504.28125	0.04785	11630	1	0.53272	0.35622	1	0.46391	0.24798	1	0.49832	0.30210	1	0.48130	0.53473	12.62327	1.05115	1	0.74176	0.55451	13.22870	1.05881	1	-0.00455	-0.00916	0.67490	0.00363	1	0.06266	-0.01334	0.67616	0.00421	1	1.45898	0.81042	0	
1260932	8504.33496	3305842948524	0.48904	0.21603	8504.28125	0.05371	11630	1	0.53196	0.35022	1	0.46412	0.24109	1	0.49804	0.29566	1	0.48133	0.53467	12.52786	1.05881	1	0.74172	0.55441	11.96875	1.06647	1	-0.00459	-0.00929	0.68083	0.00369	1	0.06266	-0.01334	0.67616	0.00403	1	1.45898	0.81042	0	
1260933	8504.34180	3305843016234	0.48756	0.21377	8504.28125	0.06055	11630	1	0.49263	0.11448	1	0.45568	0.27238	1	0.47416	0.19343	1	0.48086	0.53255	12.60621	1.06647	1	0.74163	0.55477	11.93571	1.06647	1	-0.00459	-0.00929	0.68083	0.00242	1	0.06266	-0.01334	0.67616	0.00423	1	1.45898	0.81042	0	
1260934	8504.34863	3305843081948	0.48801	0.22114	8504.28125	0.06738	11630	1	0.52122	0.35283	1	0.46398	0.23669	1	0.49260	0.29476	1	0.48121	0.53488	12.15266	1.06647	1	0.74175	0.55444	11.75632	1.06647	1	-0.00459	-0.00929	0.68083	0.00375	1	0.06266	-0.01334	0.67616	0.00433	1	1.45898	0.81042	0	
1260935	8504.35547	3305843149067	0.48836	0.22692	8504.28125	0.07422	11630	1	0.52025	0.34578	1	0.46402	0.23540	1	0.49214	0.29059	1	0.48091	0.53463	11.54931	1.07556	1	0.74155	0.55492	12.25496	1.06790	1	-0.00489	-0.00978	0.71627	0.00386	1	0.06061	-0.01291	0.65454	0.00423	1	1.45898	0.81042	0	
1260936	8504.36230	3305843215717	0.48890	0.22489	8504.28125	0.08105	11630	1	0.51204	0.11483	1	0.47887	0.28611	1	0.49545	0.20047	1	0.48082	0.53276	12.49728	1.07698	1	0.74165	0.55495	12.17173	1.06932	1	-0.00489	-0.00978	0.71627	0.00243	1	0.06061	-0.01291	0.65454	0.00427	1	1.45898	0.81042	0	
1260937	8504.36914	3305843283193	0.48902	0.22330	8504.28125	0.08789	11630	1	0.50394	0.14427	1	0.47707	0.26091	1	0.49050	0.20259	1	0.48073	0.53272	12.53211	1.07841	1	0.74160	0.55467	12.12173	1.07075	1	-0.00489	-0.00978	0.71627	0.00239	1	0.06061	-0.01291	0.65454	0.00427	1	1.45898	0.81042	0	
1260938	8504.37500	3305843348163	0.48915	0.22216	8504.28125	0.09375	11630	1	0.50484	0.15164	1	0.47707	0.26091	1	0.49096	0.20627	1	0.48113	0.53477	11.96288	1.07075	1	0.74135	0.55551	12.80436	1.07075	1	-0.00473	-0.00937	0.68617	0.00421	1	0.06266	-0.01334	0.67616	0.00416	1	1.45898	0.81042	0	
1260939	8504.38184	3305843417420	0.48905	0.22478	8504.28125	0.10059	11630	1	0.50484	0.15164	0	0.48759	0.26410	1	0.48759	0.26410	1	0.48113	0.53477	11.96288	1.06166	0	0.74143	0.55543	12.77578	1.06932	1	-0.00473	-0.00937	0.68617	0.00421	1	0.06266	-0.01334	0.67616	0.00398	1	1.45898	0.81042	0	
1260940	8504.38867	3305843480885	0.48905	0.22478	8504.28125	0.10742	11630	1	0.50484	0.15164	0	0.48759	0.26410	0	0.48759	0.26410	0	0.48113	0.53477	11.96288	1.06024	0	0.74143	0.55543	12.77578	1.06790	0	-0.00473	-0.00937	0.68617	0.00421	1	0.06266	-0.01334	0.67616	0.00398	1	1.45898	0.81042	0	
1260941	8504.39551	3305843548032	0.48905	0.22478	8504.28125	0.11426	11630	1	0.50484	0.15164	0	0.48759	0.26410	0	0.48759	0.26410	0	0.48113	0.53477	11.96288	1.05881	0	0.74143	0.55543	12.77578	1.06647	0	-0.00473	-0.00937	0.68617	0.00421	1	0.06266	-0.01334	0.67616	0.00398	1	1.45898	0.81042	0	
1260942	8504.40234	3305843617096	0.48905	0.22478	8504.28125	0.12109	11630	1	0.50484	0.15164	0	0.48759	0.26410	0	0.48759	0.26410	0	0.48113	0.53477	11.96288	1.06647	0	0.74143	0.55543	12.77578	1.06647	0	-0.00473	-0.00937	0.68617	0.00421	1	0.06266	-0.01334	0.67616	0.00398	1	1.45898	0.81042	0	
1260943	8504.40918	3305843683961	0.49109	0.23496	8504.28125	0.12109	11630	0	0.50484	0.15164	0	0.48759	0.26410	0	0.48759	0.26410	0	0.48113	0.53477	11.96288	1.06647	0	0.74143	0.55543	12.77578	1.06647	0	-0.00473	-0.00937	0.68617	0.00421	1	0.06266	-0.01334	0.67616	0.00398	1	1.45898	0.81042	0	
1260944	8504.41602	3305843751467	0.49109	0.23496	8504.28125	0.12109	11630	0	0.50484	0.15164	0	0.48759	0.26410	0	0.48759	0.26410	0	0.48113	0.53477	11.96288	1.06647	0	0.74143	0.55543	12.77578	1.06647	0	-0.00473	-0.00937	0.68617	0.00421	1	0.06266	-0.01334	0.67616	0.00398	1	1.45898	0.81042	0	
1260945	8504.42285	3305843819121	0.49109	0.23496	8504.28125	0.12109	11630	0	0.50484	0.15164	0	0.48759	0.26410	0	0.48759	0.26410	0	0.48113	0.53477	11.96288	1.06647	0	0.74143	0.55543	12.77578	1.06647	0	-0.00473	-0.00937	0.68617	0.00421	1	0.06266	-0.01334	0.67616	0.00398	1	1.45898	0.81042	0	
1260946	8504.42871	3305843882965	0.00000	0.00000	8504.28125	0.12109	11630	0	0.50484	0.15164	0	0.48759	0.26410	0	0.48759	0.26410	0	0.48113	0.53477	11.96288	1.06647	0	0.74143	0.55543	12.77578	1.06647	0	-0.00473	-0.00937	0.68617	0.00421	1	0.06266	-0.01334	0.67616	0.00398	1	1.45898	0.81042	0	
1260947	8504.43555	3305843952599	0.00000	0.00000	8504.28125	0.12109	11630	0	0.50484	0.15164	0	0.48759	0.26410	0	0.48759	0.26410	0	0.48113	0.53477	11.96288	1.06647	0	0.74143	0.55543	12.77578	1.06647	0	-0.00473	-0.00937	0.68617	0.00421	1	0.06266	-0.01334	0.67616	0.00398	1	1.45898	0.81042	0	
1260948	8504.44238	3305844020272	0.00000	0.00000	8504.28125	0.12109	11630	0	0.50484	0.15164	0	0.48759	0.26410	0	0.48759	0.26410	0	0.48113	0.53477	11.96288	1.06647	0	0.74143	0.55543	12.77578	1.06647	0	-0.00473	-0.00937	0.68617	0.00421	1	0.06266	-0.01334	0.67616	0.00398	1	1.45898	0.81042	0	
1260949	8504.44922	3305844087185	0.48626	0.28661	8504.28125	0.12109	11630	0	0.49863	0.26360	1	0.47389	0.30962	1	0.48626	0.28661	1	0.48011	0.53422	11.53993	1.06647	1	0.74120	0.55536	13.01423	1.06647	1	-0.00473	-0.00937	0.68617	0.00411	1	0.06266	-0.01334	0.67616	0.00403	1	1.45898	0.81042	0	
1260950	8504.45508	3305844149392	0.48606	0.28276	8504.28125	0.12109	11630	0	0.49750	0.25578	1	0.47422	0.30202	1	0.48586	0.27890	1	0.48009	0.53283	11.96977	1.07556	1	0.74083	0.55572	12.51494	1.07556	1	-0.00501	-0.00960	0.70319	0.00250	1	0.06289	-0.01348	0.68080	0.00402	1	1.45898	0.81042	0	
1260951	8504.46191	3305844218952	0.49374	0.25931	8504.28125	0.12109	11630	0	0.51317	0.10025	1	0.50504	0.32455	1	0.50911	0.21240	1	0.48000	0.53260	12.07591	1.08464	1	0.74132	0.55554	13.11854	1.08464	1	-0.00501	-0.00960	0.70319	0.00239	1	0.06289	-0.01348	0.68080	0.00411	1	1.45898	0.81042	0	
1260952	8504.46875	3305844285622	0.49919	0.25123	8504.44922	0.01953	11631	1	0.51619	0.14400	1	0.51484	0.31002	1	0.51552	0.22701	1	0.48015	0.53273	12.13792	1.09373	1	0.74108	0.55539	13.08157	1.09373	1	-0.00501	-0.00960	0.70319	0.00252	1	0.06289	-0.01348	0.68080	0.00396	1	1.45898	0.81042	0	
1260953	8504.47559	3305844354836	0.50242	0.24478	8504.44922	0.02637	11631	1	0.51522	0.13538	1	0.51549	0.30258	1	0.51535	0.21898	1	0.48028	0.53482	11.55201	1.10281	1	0.74060	0.55518	12.79177	1.10281	1	-0.00508	-0.00954	0.69898	0.00403	1	0.06294	-0.01346	0.68245	0.00390	1	1.45898	0.81042	0	
1260954	8504.48242	3305844421797	0.50366	0.23303	8504.44922	0.03320	11631	1	0.52377	0.10093	1	0.49600	0.24762	1	0.50989	0.17427	1	0.47986	0.53283	12.55882	1.10281	1	0.74071	0.55499	12.65834	1.10281	1	-0.00508	-0.00954	0.69898	0.00240	1	0.06294	-0.01346	0.68245	0.00399	1	1.45898	0.81042	0	
1260955	8504.48926	3305844487849	0.50057	0.23792	8504.44922	0.04004	11631	1	0.52377	0.10093	0	0.48201	0.26726	1	0.48201	0.26726	1	0.47986	0.53283	12.55882	1.10281	0	0.74055	0.55510	12.90669	1.10281	1	-0.00508	-0.00954	0.69898	0.00240	1	0.06294	-0.01346	0.68245	0.00372	1	1.45898	0.81042	0	
1260956	8504.49609	3305844555302	0.50057	0.23792	8504.44922	0.04688	11631	1	0.52377	0.10093	0	0.48201	0.26726	0	0.48201	0.26726	0	0.47986	0.53283	12.55882	1.10281	0	0.74055	0.55510	12.90669	1.10281	0	-0.00508	-0.00954	0.69898	0.00240	1	0.06294	-0.01346	0.68245	0.00372	1	1.45898	0.81042	0	
1260957	8504.50293	3305844622951	0.50057	0.23792	8504.44922	0.05371	11631	1	0.52377	0.10093	0	0.48201	0.26726	0	0.48201	0.26726	0	0.47986	0.53283	12.55882	1.10281	0	0.74055	0.55510	12.90669	1.10281	0	-0.00508	-0.00954	0.69898	0.00240	1	0.06294	-0.01346	0.68245	0.00372	1	1.45898	0.81042	0	
1260958	8504.50977	3305844689420	0.50057	0.23792	8504.44922	0.06055	11631	1	0.52377	0.10093	0	0.48201	0.26726	0	0.48201	0.26726	0	0.47986	0.53283	12.55882	1.10281	0	0.74055	0.55510	12.90669	1.10281	0	-0.00508	-0.00954	0.69898	0.00240	1	0.06294	-0.01346	0.68245	0.00372	1	1.45898	0.81042	0	
1260959	8504.51660	3305844756494	0.50296	0.22981	8504.44922	0.06055	11631	0	0.52377	0.10093	0	0.48201	0.26726	0	0.48201	0.26726	0	0.47986	0.53283	12.55882	1.10281	0	0.74055	0.55510	12.90669	1.10281	0	-0.00508	-0.00954	0.69898	0.00240	1	0.06294	-0.01346	0.68245	0.00372	1	1.45898	0.81042	0	
1260960	8504.52246	3305844822669	0.50296	0.22981	8504.44922	0.06055	11631	0	0.52377	0.10093	0	0.48201	0.26726	0	0.48201	0.26726	0	0.47986	0.53283	12.55882	1.10281	0	0.74055	0.55510	12.90669	1.10281	0	-0.00508	-0.00954	0.69898	0.00240	1	0.06294	-0.01346	0.68245	0.00372	1	1.45898	0.81042	0	
1260961	8504.52930	3305844886607	0.50296	0.22981	8504.44922	0.06055	11631	0	0.52377	0.10093	0	0.48201	0.26726	0	0.48201	0.26726	0	0.47986	0.53283	12.55882	1.10281	0	0.74055	0.55510	12.90669	1.10281	0	-0.00508	-0.00954	0.69898	0.00240	1	0.06294	-0.01346	0.68245	0.00372	1	1.45898	0.81042	0	
1260962	8504.53613	3305844958132	0.00000	0.00000	8504.44922	0.06055	11631	0	0.52377	0.10093	0	0.48201	0.26726	0	0.48201	0.26726	0	0.47986	0.53283	12.55882	1.10281	0	0.74055	0.55510	12.90669	1.10281	0	-0.00508	-0.00954	0.69898	0.00240	1	0.06294	-0.01346	0.68245	0.00372	1	1.45898	0.81042	0	
1260963	8504.54297	3305845025405	0.00000	0.00000	8504.44922	0.06055	11631	0	0.52377	0.10093	0	0.48201	0.26726	0	0.48201	0.26726	0	0.47986	0.53283	12.55882	1.10281	0	0.74055	0.55510	12.90669	1.10281	0	-0.00508	-0.00954	0.69898	0.00240	1	0.06294	-0.01346	0.68245	0.00372	1	1.45898	0.81042	0	
1260964	8504.54980	3305845091589	0.00000	0.00000	8504.44922	0.06055	11631	0	0.52377	0.10093	0	0.48201	0.26726	0	0.48201	0.26726	0	0.47986	0.53283	12.55882	1.10281	0	0.74055	0.55510	12.90669	1.10281	0	-0.00508	-0.00954	0.69898	0.00240	1	0.06294	-0.01346	0.68245	0.00372	1	1.45898	0.81042	0	
1260965	8504.55664	3305845158566	0.50316	0.19239	8504.44922	0.06055	11631	0	0.52469	0.10982	1	0.48163	0.27496	1	0.50316	0.19239	1	0.47861	0.53275	12.39373	1.09373	1	0.73974	0.55377	12.68370	1.09373	1	-0.00528	-0.00942	0.68986	0.00239	1	0.06304	-0.01355	0.68689	0.00415	1	1.45898	0.81042	0	
1260966	8504.56250	3305845223682	0.49290	0.17884	8504.44922	0.06055	11631	0	0.49148	0.08043	1	0.47380	0.25015	1	0.48264	0.16529	1	0.47861	0.53284	12.30706	1.08464	1	0.73959	0.55427	12.99182	1.08464	1	-0.00528	-0.00942	0.68986	0.00243	1	0.06304	-0.01355	0.68689	0.00412	1	1.45898	0.81042	0	
1260967	8504.56934	3305845289526	0.49078	0.17869	8504.44922	0.06055	11631	0	0.50523	0.08935	1	0.46788	0.26741	1	0.48656	0.17838	1	0.47862	0.53288	12.06016	1.07556	1	0.73955	0.55445	12.98070	1.07556	1	-0.00528	-0.00942	0.68986	0.00241	1	0.06304	-0.01355	0.68689	0.00400	1	1.45898	0.81042	0	
1260968	8504.57617	3305845356844	0.48983	0.18075	8504.55664	0.01953	11632	1	0.50630	0.09857	1	0.46760	0.27529	1	0.48695	0.18693	1	0.47845	0.53270	12.26724	1.06647	1	0.73897	0.55529	13.18649	1.06647	1	-0.00532	-0.00931	0.68231	0.00245	1	0.06304	-0.01350	0.68689	0.00396	1	1.45898	0.81042	0	
1260969	8504.58301	3305845423725	0.49063	0.18904	8504.55664	0.02637	11632	1	0.51124	0.10861	1	0.47641	0.33584	1	0.49383	0.22222	1	0.47844	0.53255	12.53246	1.06647	1	0.73893	0.55510	13.15660	1.06647	1	-0.00532	-0.00931	0.68231	0.00246	1	0.06304	-0.01350	0.68689	0.00398	1	1.45898	0.81042	0	
1260970	8504.58984	3305845491900	0.49017	0.19683	8504.55664	0.03320	11632	1	0.49814	0.10911	1	0.47764	0.36241	1	0.48789	0.23576	1	0.47839	0.53266	12.58167	1.06647	1	0.73894	0.55532	13.20443	1.06647	1	-0.00532	-0.00931	0.68231	0.00248	1	0.06304	-0.01350	0.68689	0.00398	1	1.45898	0.81042	0	
1260971	8504.59668	3305845559348	0.48984	0.20239	8504.55664	0.04004	11632	1	0.49814	0.10911	1	0.47764	0.36241	1	0.48789	0.23576	1	0.47882	0.53537	12.15648	1.06647	1	0.73894	0.55482	13.27402	1.06647	1	-0.00532	-0.00931	0.68231	0.00389	1	0.06145	-0.01313	0.67062	0.00384	1	1.45898	0.81042	0	
1260972	8504.60352	3305845625510	0.49376	0.21884	8504.55664	0.04688	11632	1	0.55015	0.35578	1	0.49223	0.31216	1	0.52119	0.33397	1	0.47852	0.53491	11.67698	1.06647	1	0.73914	0.55485	12.88486	1.06647	1	-0.00532	-0.00931	0.68231	0.00390	1	0.06145	-0.01313	0.67062	0.00385	1	1.45898	0.81042	0	
1260973	8504.60938	3305845690477	0.49590	0.22546	8504.55664	0.05273	11632	1	0.54495	0.26348	1	0.48105	0.29341	1	0.51300	0.27845	1	0.47849	0.53439	11.60769	1.06647	1	0.73902	0.55458	12.67114	1.06647	1	-0.00532	-0.00931	0.68231	0.00413	1	0.06145	-0.01313	0.67062	0.00389	1	1.45898	0.81042	0	
1260974	8504.61621	3305845759025	0.49759	0.22998	8504.55664	0.05957	11632	1	0.54415	0.25568	1	0.48143	0.28567	1	0.51279	0.27068	1	0.47821	0.53270	12.08091	1.07556	1	0.73913	0.55454	12.96673	1.07556	1	-0.00554	-0.00960	0.70303	0.00245	1	0.06261	-0.01332	0.68326	0.00395	1	1.45898	0.81042	0	
1260975	8504.62305	3305845825451	0.49872	0.23408	8504.55664	0.06641	11632	1	0.53250	0.28996	1	0.48754	0.26021	1	0.51002	0.27508	1	0.47831	0.53436	11.88076	1.08464	1	0.73911	0.55454	13.20239	1.08464	1	-0.00554	-0.00960	0.70303	0.00402	1	0.06261	-0.01332	0.68326	0.00387	1	1.45898	0.81042	0	
1260976	8504.62988	3305845895191	0.50001	0.23981	8504.55664	0.07324	11632	1	0.53899	0.31838	1	0.48935	0.28717	1	0.51417	0.30277	1	0.47839	0.53450	11.42725	1.09373	1	0.73912	0.55410	12.83195	1.09373	1	-0.00554	-0.00960	0.70303	0.00359	1	0.06261	-0.01332	0.68326	0.00396	1	1.45898	0.81042	0	
1260977	8504.63672	3305845962397	0.50110	0.24465	8504.55664	0.08008	11632	1	0.53899	0.31838	1	0.48935	0.28717	1	0.51417	0.30277	1	0.47807	0.53245	11.81700	1.09373	1	0.73902	0.55447	12.88982	1.09373	1	-0.00547	-0.00939	0.68793	0.00241	1	0.06145	-0.01303	0.67062	0.00387	1	1.45898	0.81042	0	
1260978	8504.64355	3305846029301	0.50139	0.25094	8504.55664	0.08691	11632	1	0.53111	0.30824	1	0.47918	0.35716	1	0.50515	0.33270	1	0.47828	0.53415	11.24880	1.08464	1	0.73904	0.55445	12.84303	1.08464	1	-0.00547	-0.00939	0.68793	0.00367	1	0.06145	-0.01303	0.67062	0.00380	1	1.45898	0.81042	0	
1260979	8504.65039	3305846096358	0.50108	0.24953	8504.55664	0.09375	11632	1	0.50920	0.13282	1	0.48430	0.32682	1	0.49675	0.22982	1	0.47807	0.53243	11.88140	1.07556	1	0.73907	0.55435	12.73961	1.07556	1	-0.00547	-0.00939	0.68793	0.00240	1	0.06145	-0.01303	0.67062	0.00383	1	1.45898	0.81042	0	
1260980	8504.65723	3305846163524	0.50083	0.24881	8504.55664	0.10059	11632	1	0.51024	0.14167	1	0.48389	0.33421	1	0.49706	0.23794	1	0.47814	0.53241	11.99202	1.06647	1	0.73911	0.55375	12.08059	1.06647	1	-0.00547	-0.00939	0.68793	0.00242	1	0.06145	-0.01303	0.67062	0.00407	1	1.45898	0.81042	0	
1260981	8504.66406	3305846231181	0.50618	0.27592	8504.55664	0.10059	11632	0	0.53113	0.30005	1	0.49697	0.25067	1	0.51405	0.27536	1	0.47824	0.53414	11.46771	1.06647	1	0.73921	0.55354	12.35818	1.06647	1	-0.00547	-0.00939	0.68793	0.00371	1	0.06145	-0.01303	0.67062	0.00392	1	1.45898	0.81042	0	
1260982	8504.66992	3305846297269	0.51126	0.28535	8504.55664	0.10059	11632	0	0.54073	0.32719	1	0.49194	0.26237	1	0.51634	0.29478	1	0.47840	0.53448	11.62862	1.06647	1	0.73915	0.55376	12.69314	1.06647	1	-0.00547	-0.00939	0.68793	0.00360	1	0.06145	-0.01303	0.67062	0.00384	1	1.45898	0.81042	0	
1260983	8504.67676	3305846364213	0.51295	0.28850	8504.55664	0.10059	11632	0	0.54073	0.32719	1	0.49194	0.26237	1	0.51634	0.29478	1	0.47818	0.53221	12.05852	1.06647	1	0.73918	0.55380	12.73118	1.06647	1	-0.00547	-0.00929	0.68793	0.00245	1	0.06145	-0.01303	0.67062	0.00381	1	1.45898	0.81042	0	
1260984	8504.68359	3305846431133	0.51408	0.29395	8504.66406	0.01953	11633	1	0.53817	0.31290	1	0.49678	0.30771	1	0.51747	0.31030	1	0.47832	0.53438	11.28339	1.06647	1	0.73917	0.55399	13.13796	1.06647	1	-0.00547	-0.00929	0.68793	0.00364	1	0.06145	-0.01303	0.67062	0.00379	1	1.45898	0.81042	0	
1260985	8504.69043	3305846498279	0.50970	0.27167	8504.66406	0.02637	11633	1	0.51365	0.12301	1	0.47066	0.24212	1	0.49216	0.18257	1	0.47815	0.53218	12.11730	1.06647	1	0.73916	0.55368	12.69091	1.06647	1	-0.00547	-0.00929	0.68793	0.00245	1	0.06145	-0.01303	0.67062	0.00390	1	1.45898	0.81042	0	
1260986	8504.69727	3305846564814	0.50675	0.25739	8504.66406	0.03320	11633	1	0.51365	0.12301	1	0.47041	0.24900	1	0.49203	0.18601	1	0.47815	0.53218	12.11730	1.06647	1	0.73933	0.55316	11.85111	1.05881	1	-0.00529	-0.00916	0.67845	0.00245	1	0.05994	-0.01270	0.65368	0.00406	1	1.45898	0.81042	0	
1260987	8504.70410	3305846632082	0.50551	0.25010	8504.66406	0.04004	11633	1	0.51864	0.11997	1	0.47745	0.29274	1	0.49805	0.20636	1	0.47814	0.53218	12.12523	1.05881	1	0.73927	0.55341	11.90928	1.05115	1	-0.00529	-0.00916	0.67845	0.00245	1	0.05994	-0.01270	0.65368	0.00407	1	1.45898	0.81042	0	
1260988	8504.70996	3305846697182	0.50484	0.23950	8504.66406	0.04590	11633	1	0.52287	0.12578	1	0.47749	0.20478	1	0.50018	0.16528	1	0.47823	0.53217	12.21721	1.05115	1	0.73927	0.55301	12.03607	1.04349	1	-0.00529	-0.00916	0.67845	0.00241	1	0.05994	-0.01270	0.65368	0.00405	1	1.45898	0.81042	0	
1260989	8504.71680	3305846765723	0.50437	0.23168	8504.66406	0.05273	11633	1	0.52368	0.13346	1	0.47749	0.20478	1	0.50059	0.16912	1	0.47829	0.53200	12.33124	1.04349	1	0.73955	0.55318	13.11550	1.04349	1	-0.00529	-0.00906	0.67845	0.00239	1	0.06145	-0.01303	0.67062	0.00417	1	1.45898	0.81042	0	
1260990	8504.72363	3305846833059	0.50201	0.22778	8504.66406	0.05957	11633	1	0.50399	0.12575	1	0.45756	0.25964	1	0.48077	0.19269	1	0.47831	0.53201	12.22697	1.04349	1	0.73937	0.55312	12.37635	1.05115	1	-0.00529	-0.00906	0.67845	0.00247	1	0.06145	-0.01303	0.67062	0.00440	1	1.45898	0.81042	0	
1260991	8504.73047	3305846900191	0.49888	0.22719	8504.66406	0.06641	11633	1	0.48907	0.12388	1	0.44618	0.31867	1	0.46763	0.22128	1	0.47832	0.53193	12.41855	1.05115	1	0.73925	0.55380	12.91749	1.05881	1	-0.00529	-0.00906	0.67845	0.00244	1	0.06145	-0.01303	0.67062	0.00412	1	1.45898	0.81042	0	
1260992	8504.73730	3305846966635	0.49619	0.22541	8504.66406	0.07324	11633	1	0.48685	0.10701	1	0.44637	0.30475	1	0.46661	0.20588	1	0.47847	0.53189	12.33194	1.06790	1	0.73940	0.55423	13.58751	1.07556	1	-0.00538	-0.00930	0.69647	0.00250	1	0.06304	-0.01324	0.68689	0.00384	1	1.45898	0.81042	0	
1260993	8504.74414	3305847033898	0.49503	0.22948	8504.66406	0.08008	11633	1	0.49984	0.22797	1	0.46228	0.32846	1	0.48106	0.27821	1	0.47861	0.53353	11.88841	1.08464	1	0.73948	0.55409	13.36053	1.08464	1	-0.00538	-0.00930	0.69647	0.00409	1	0.06304	-0.01324	0.68689	0.00386	1	1.45898	0.81042	0	
1260994	8504.75098	3305847101438	0.49415	0.23270	8504.66406	0.08691	11633	1	0.50109	0.22297	1	0.46447	0.32632	1	0.48278	0.27465	1	0.47865	0.53372	11.87385	1.09373	1	0.73952	0.55402	13.42166	1.09373	1	-0.00538	-0.00930	0.69647	0.00401	1	0.06304	-0.01324	0.68689	0.00386	1	1.45898	0.81042	0	
1260995	8504.75684	3305847166683	0.49339	0.23570	8504.66406	0.09277	11633	1	0.50109	0.22297	1	0.46427	0.33244	1	0.48268	0.27771	1	0.47861	0.53165	12.04434	1.09373	1	0.73956	0.55388	13.41582	1.08607	1	-0.00518	-0.00904	0.67718	0.00245	1	0.05999	-0.01264	0.65312	0.00388	1	1.45898	0.81042	0	
1260996	8504.76367	3305847235029	0.49260	0.23323	8504.66406	0.09961	11633	1	0.49537	0.07205	1	0.46629	0.32029	1	0.48083	0.19617	1	0.47865	0.53171	12.32569	1.07698	1	0.73959	0.55395	13.41813	1.06932	1	-0.00518	-0.00904	0.67718	0.00249	1	0.05999	-0.01264	0.65312	0.00385	1	1.45898	0.81042	0	
1260997	8504.77051	3305847301898	0.49221	0.23417	8504.66406	0.10645	11633	1	0.50534	0.17364	1	0.46634	0.32475	1	0.48584	0.24919	1	0.47868	0.53175	12.25330	1.06024	1	0.73950	0.55393	13.31328	1.05258	1	-0.00518	-0.00904	0.67718	0.00248	1	0.05999	-0.01264	0.65312	0.00388	1	1.45898	0.81042	0	
1260998	8504.77734	3305847365227	0.49189	0.23583	8504.66406	0.11328	11633	1	0.50733	0.18955	1	0.46585	0.33868	1	0.48659	0.26412	1	0.47878	0.53171	12.34593	1.04349	1	0.73973	0.55352	12.84480	1.03583	1	-0.00518	-0.00904	0.67718	0.00243	1	0.05999	-0.01264	0.65312	0.00385	1	1.45898	0.81042	0	
1260999	8504.78418	3305847436358	0.49177	0.23655	8504.66406	0.12012	11633	1	0.50510	0.18492	1	0.47377	0.31385	1	0.48943	0.24938	1	0.47872	0.53168	12.42953	1.03583	1	0.73971	0.55361	12.93536	1.03583	1	-0.00518	-0.00904	0.67718	0.00245	1	0.05999	-0.01264	0.65312	0.00384	1	1.45898	0.81042	0	
1261000	8504.79102	3305847500950	0.49225	0.23956	8504.66406	0.12695	11633	1	0.52335	0.31185	1	0.47969	0.28159	1	0.50152	0.29672	1	0.47891	0.53318	11.73908	1.03583	1	0.73981	0.55331	12.71103	1.03583	1	-0.00518	-0.00904	0.67718	0.00396	1	0.05999	-0.01264	0.65312	0.00385	1	1.45898	0.81042	0	
1261001	8504.79785	3305847569736	0.49269	0.24174	8504.66406	0.13379	11633	1	0.52237	0.30424	1	0.48040	0.26671	1	0.50138	0.28548	1	0.47928	0.53394	11.80032	1.04492	1	0.73942	0.55381	13.21814	1.05258	1	-0.00533	-0.00940	0.70383	0.00370	1	0.06277	-0.01321	0.68285	0.00391	1	1.45898	0.81042	0	
1261002	8504.80469	3305847637518	0.49218	0.24527	8504.66406	0.14062	11633	1	0.52028	0.30637	1	0.44271	0.33247	1	0.48149	0.31942	1	0.47919	0.53321	11.34504	1.06166	1	0.73961	0.55403	13.48084	1.06932	1	-0.00533	-0.00940	0.70383	0.00353	1	0.06277	-0.01321	0.68285	0.00395	1	1.45898	0.81042	0	
1261003	8504.81055	3305847704042	0.49133	0.24776	8504.66406	0.14648	11633	1	0.49337	0.27864	1	0.45187	0.32649	1	0.47262	0.30256	1	0.47936	0.53321	11.50170	1.07841	1	0.74006	0.55370	12.71721	1.08607	1	-0.00533	-0.00940	0.70383	0.00356	1	0.06277	-0.01321	0.68285	0.00392	1	1.45898	0.81042	0	
1261004	8504.81738	3305847769301	0.49051	0.24947	8504.66406	0.15332	11633	1	0.49124	0.26461	1	0.45213	0.31303	1	0.47169	0.28882	1	0.47922	0.53146	12.35038	1.09515	1	0.74036	0.55394	13.18275	1.10281	1	-0.00522	-0.00940	0.70384	0.00247	1	0.06301	-0.01319	0.68432	0.00386	1	1.45898	0.81042	0	
1261005	8504.82422	3305847835443	0.49047	0.25173	8504.66406	0.16016	11633	1	0.51472	0.30057	1	0.46436	0.31132	1	0.48954	0.30595	1	0.47961	0.53380	12.19354	1.10281	1	0.74030	0.55390	13.16842	1.10281	1	-0.00522	-0.00940	0.70384	0.00372	1	0.06301	-0.01319	0.68432	0.00386	1	1.45898	0.81042	0	
1261006	8504.83105	3305847904875	0.49092	0.25348	8504.66406	0.16699	11633	1	0.53727	0.32317	1	0.46709	0.27121	1	0.50218	0.29719	1	0.47998	0.53381	12.90483	1.10281	1	0.74033	0.55375	13.16725	1.10281	1	-0.00522	-0.00940	0.70384	0.00374	1	0.06301	-0.01319	0.68432	0.00389	1	1.45898	0.81042	0	
1261007	8504.83789	3305847971433	0.49134	0.25549	8504.66406	0.17383	11633	1	0.53809	0.33023	1	0.46661	0.28532	1	0.50235	0.30777	1	0.47984	0.53333	12.59466	1.09373	1	0.74017	0.55382	13.32322	1.08607	1	-0.00498	-0.00905	0.67813	0.00370	1	0.06081	-0.01272	0.65992	0.00397	1	1.45898	0.81042	0	
1261008	8504.84473	3305848038869	0.48956	0.28828	8504.66406	0.17383	11633	0	0.50630	0.28211	1	0.47387	0.30349	1	0.49008	0.29280	1	0.47948	0.53301	12.02034	1.07698	1	0.74044	0.55373	13.39787	1.06932	1	-0.00498	-0.00905	0.67813	0.00375	1	0.06081	-0.01272	0.65992	0.00383	1	1.45898	0.81042	0	
1261009	8504.85156	3305848106214	0.49548	0.29617	8504.66406	0.17383	11633	0	0.52077	0.30032	1	0.48202	0.30780	1	0.50139	0.30406	1	0.47965	0.53311	12.17086	1.06024	1	0.74057	0.55368	13.19095	1.05258	1	-0.00498	-0.00905	0.67813	0.00376	1	0.06081	-0.01272	0.65992	0.00385	1	1.45898	0.81042	0	
1261010	8504.85742	3305848172595	0.49759	0.29986	8504.66406	0.17383	11633	0	0.52159	0.30668	1	0.48202	0.30780	1	0.50180	0.30724	1	0.47998	0.53338	11.94740	1.05258	1	0.74051	0.55391	13.42533	1.05258	1	-0.00531	-0.00970	0.73038	0.00362	1	0.06224	-0.01306	0.67488	0.00382	1	1.45898	0.81042	0	
1261011	8504.86426	3305848239562	0.49806	0.30188	8504.84473	0.01953	11634	1	0.52583	0.30696	1	0.47312	0.30888	1	0.49947	0.30792	1	0.47971	0.53311	11.23877	1.06166	1	0.74040	0.55383	13.43348	1.06932	1	-0.00531	-0.00970	0.73038	0.00376	1	0.06224	-0.01306	0.67488	0.00388	1	1.45898	0.81042	0	
1261012	8504.87109	3305848306223	0.49262	0.30038	8504.84473	0.02637	11634	1	0.49862	0.27898	1	0.44312	0.30983	1	0.47087	0.29440	1	0.47975	0.53289	11.59457	1.07841	1	0.74040	0.55387	13.34329	1.08607	1	-0.00531	-0.00970	0.73038	0.00368	1	0.06224	-0.01306	0.67488	0.00396	1	1.45898	0.81042	0	
1261013	8504.87793	3305848373649	0.48892	0.29833	8504.84473	0.03320	11634	1	0.49768	0.27257	1	0.44318	0.30356	1	0.47043	0.28806	1	0.48014	0.53252	12.07757	1.08607	1	0.74076	0.55407	13.39275	1.09373	1	-0.00483	-0.00905	0.68555	0.00384	1	0.06289	-0.01317	0.68080	0.00398	1	1.45898	0.81042	0	
1261014	8504.88477	3305848438561	0.48933	0.30248	8504.84473	0.04004	11634	1	0.52771	0.30376	1	0.45587	0.35093	1	0.49179	0.32735	1	0.48051	0.53338	12.39980	1.08464	1	0.74090	0.55427	13.61685	1.08464	1	-0.00483	-0.00905	0.68555	0.00383	1	0.06289	-0.01317	0.68080	0.00388	1	1.45898	0.81042	0	
1261015	8504.89062	3305848505095	0.48907	0.30433	8504.84473	0.04590	11634	1	0.51873	0.27663	1	0.45570	0.35805	1	0.48721	0.31734	1	0.48049	0.53333	12.33480	1.07556	1	0.74090	0.55427	13.61685	1.07556	1	-0.00483	-0.00905	0.68555	0.00376	1	0.06289	-0.01317	0.68080	0.00387	1	1.45898	0.81042	0	
1261016	8504.89844	3305848576103	0.48890	0.30693	8504.84473	0.05371	11634	1	0.51971	0.28427	1	0.45538	0.37115	1	0.48754	0.32771	1	0.48046	0.53346	12.81564	1.06647	1	0.74110	0.55353	12.99598	1.05881	1	-0.00483	-0.00915	0.68555	0.00372	1	0.05959	-0.01252	0.64455	0.00404	1	1.45898	0.81042	0	
1261017	8504.90430	3305848640407	0.48955	0.30019	8504.84473	0.05957	11634	1	0.51134	0.28663	1	0.47942	0.19235	1	0.49538	0.23949	1	0.48033	0.53301	12.04506	1.05881	1	0.74126	0.55297	12.80162	1.05115	1	-0.00483	-0.00915	0.68555	0.00375	1	0.05959	-0.01252	0.64455	0.00402	1	1.45898	0.81042	0	
1261018	8504.91113	3305848708702	0.48979	0.29817	8504.84473	0.06641	11634	1	0.50960	0.32078	1	0.47478	0.23519	1	0.49219	0.27799	1	0.48023	0.53315	11.95227	1.05115	1	0.74117	0.55325	12.96519	1.04349	1	-0.00483	-0.00915	0.68555	0.00377	1	0.05959	-0.01252	0.64455	0.00396	1	1.45898	0.81042	0	
1261019	8504.91797	3305848775694	0.49002	0.29675	8504.84473	0.07324	11634	1	0.51050	0.32705	1	0.47478	0.23519	1	0.49264	0.28112	1	0.48020	0.53312	11.83485	1.04349	1	0.74128	0.55355	12.98957	1.04349	1	-0.00483	-0.00915	0.68555	0.00368	1	0.06288	-0.01320	0.67958	0.00397	1	1.45898	0.81042	0	
1261020	8504.92480	3305848842088	0.48940	0.29201	8504.84473	0.08008	11634	1	0.50603	0.17377	1	0.45777	0.29665	1	0.48190	0.23521	1	0.48038	0.53161	12.19309	1.04349	1	0.74098	0.55405	13.37003	1.05115	1	-0.00483	-0.00915	0.68555	0.00252	1	0.06288	-0.01320	0.67958	0.00390	1	1.45898	0.81042	0	
1261021	8504.93164	3305848909524	0.49069	0.29250	8504.84473	0.08691	11634	1	0.51691	0.33803	1	0.49809	0.25960	1	0.50750	0.29882	1	0.48030	0.53364	12.29518	1.05115	1	0.74161	0.55362	12.47404	1.05881	1	-0.00483	-0.00915	0.68555	0.00365	1	0.06288	-0.01320	0.67958	0.00409	1	1.45898	0.81042	0	
1261022	8504.93750	3305848973912	0.49180	0.29249	8504.84473	0.09277	11634	1	0.51605	0.33189	1	0.49853	0.25277	1	0.50729	0.29233	1	0.48111	0.53401	12.20461	1.05881	1	0.74149	0.55401	12.65834	1.06647	1	-0.00483	-0.00915	0.68555	0.00366	1	0.06288	-0.01320	0.67958	0.00400	1	1.45898	0.81042	0	
1261023	8504.94531	3305849043496	0.49397	0.29344	8504.84473	0.10059	11634	1	0.56734	0.31867	1	0.48587	0.29663	1	0.52660	0.30765	1	0.48118	0.53363	12.27417	1.06647	1	0.74141	0.55423	12.75860	1.06647	1	-0.00483	-0.00915	0.68555	0.00362	1	0.06288	-0.01320	0.67958	0.00403	1	1.45898	0.81042	0	
1261024	8504.95117	3305849110480	0.49497	0.29404	8504.84473	0.10645	11634	1	0.54539	0.29417	1	0.47630	0.31324	1	0.51084	0.30370	1	0.48086	0.53331	11.84692	1.06647	1	0.74119	0.55424	13.05377	1.06647	1	-0.00483	-0.00915	0.68555	0.00351	1	0.06288	-0.01320	0.67958	0.00405	1	1.45898	0.81042	0	
1261025	8504.95801	3305849177167	0.49585	0.29458	8504.84473	0.11328	11634	1	0.54539	0.29417	1	0.47630	0.31324	1	0.51084	0.30370	1	0.48119	0.53355	12.05698	1.06647	1	0.74139	0.55402	12.69475	1.06647	1	-0.00468	-0.00906	0.67854	0.00368	1	0.06266	-0.01313	0.67616	0.00414	1	1.45898	0.81042	0	
1261026	8504.96484	3305849242300	0.49683	0.29092	8504.84473	0.12012	11634	1	0.53689	0.16108	1	0.49220	0.28924	1	0.51455	0.22516	1	0.48082	0.53166	12.52247	1.06647	1	0.74156	0.55403	12.31107	1.06647	1	-0.00468	-0.00906	0.67854	0.00244	1	0.06266	-0.01313	0.67616	0.00422	1	1.45898	0.81042	0	
1261027	8504.97070	3305849304463	0.49641	0.28827	8504.84473	0.12598	11634	1	0.51302	0.15714	1	0.46366	0.31863	1	0.48834	0.23788	1	0.48079	0.53165	12.53280	1.06647	1	0.74143	0.55433	12.67871	1.06647	1	-0.00468	-0.00906	0.67854	0.00242	1	0.06266	-0.01313	0.67616	0.00407	1	1.45898	0.81042	0	
1261028	8504.97754	3305849374772	0.49602	0.28587	8504.84473	0.13281	11634	1	0.51302	0.15714	1	0.46366	0.31863	1	0.48834	0.23788	1	0.48070	0.53183	12.47047	1.06647	1	0.74140	0.55444	12.84461	1.06647	1	-0.00468	-0.00906	0.67854	0.00245	1	0.06266	-0.01313	0.67616	0.00395	1	1.45898	0.81042	0	
1261029	8504.98438	3305849440455	0.49577	0.28531	8504.84473	0.13965	11634	1	0.51384	0.19149	1	0.46709	0.35564	1	0.49047	0.27356	1	0.48072	0.53174	12.54329	1.06647	1	0.74114	0.55472	13.17225	1.06647	1	-0.00468	-0.00906	0.67854	0.00247	1	0.06266	-0.01313	0.67616	0.00411	1	1.45898	0.81042	0	
1261030	8504.99121	3305849511656	0.49554	0.28323	8504.84473	0.14648	11634	1	0.50809	0.16122	1	0.47294	0.31349	1	0.49051	0.23736	1	0.48062	0.53172	12.61195	1.06647	1	0.74123	0.55439	13.17962	1.06647	1	-0.00468	-0.00906	0.67854	0.00249	1	0.06266	-0.01313	0.67616	0.00423	1	1.45898	0.81042	0	
1261031	8504.99805	3305849579550	0.49533	0.28145	8504.84473	0.15332	11634	1	0.50809	0.16122	1	0.47267	0.31987	1	0.49038	0.24054	1	0.48124	0.53408	12.44269	1.06647	1	0.74169	0.55447	12.35510	1.05881	1	-0.00468	-0.00906	0.67854	0.00387	1	0.06061	-0.01281	0.65454	0.00399	1	1.45898	0.81042	0	
1261032	8505.00488	3305849644695	0.49629	0.28360	8504.84473	0.16016	11634	1	0.55232	0.35112	1	0.48641	0.31931	1	0.51937	0.33522	1	0.48124	0.53430	12.28499	1.05881	1	0.74141	0.55487	13.44276	1.05115	1	-0.00468	-0.00906	0.67854	0.00397	1	0.06061	-0.01281	0.65454	0.00383	1	1.45898	0.81042	0	
1261033	8505.01172	3305849709021	0.49575	0.28157	8504.84473	0.16699	11634	1	0.48903	0.13509	1	0.47566	0.32644	1	0.48235	0.23076	1	0.48065	0.53164	12.85878	1.05115	1	0.74130	0.55467	13.25558	1.04349	1	-0.00468	-0.00906	0.67854	0.00251	1	0.06061	-0.01281	0.65454	0.00388	1	1.45898	0.81042	0	
1261034	8505.01855	3305849778177	0.49527	0.27983	8504.84473	0.17383	11634	1	0.49005	0.14272	1	0.47566	0.32644	1	0.48285	0.23458	1	0.48069	0.53193	12.15902	1.04349	1	0.74111	0.55475	13.40295	1.04349	1	-0.00468	-0.00906	0.67854	0.00254	1	0.06431	-0.01361	0.69504	0.00387	1	1.45898	0.81042	0	
1261035	8505.02539	3305849845998	0.49423	0.27736	8504.84473	0.18066	11634	1	0.48180	0.11393	1	0.45017	0.30751	1	0.46598	0.21072	1	0.48066	0.53183	12.42987	1.04349	1	0.74084	0.55482	13.26972	1.05115	1	-0.00468	-0.00906	0.67854	0.00245	1	0.06431	-0.01361	0.69504	0.00394	1	1.45898	0.81042	0	
1261036	8505.03223	3305849913821	0.49236	0.24810	8504.84473	0.18066	11634	0	0.50999	0.11900	1	0.45858	0.30072	1	0.48429	0.20986	1	0.48067	0.53193	12.27603	1.05115	1	0.74096	0.55474	13.23858	1.05881	1	-0.00468	-0.00906	0.67854	0.00243	1	0.06431	-0.01361	0.69504	0.00392	1	1.45898	0.81042	0	
1261037	8505.03906	3305849981143	0.48814	0.22542	8504.84473	0.18066	11634	0	0.50910	0.11126	1	0.45875	0.29422	1	0.48393	0.20274	1	0.48057	0.53190	12.00549	1.05881	1	0.74083	0.55489	13.33419	1.06647	1	-0.00468	-0.00906	0.67854	0.00256	1	0.06431	-0.01361	0.69504	0.00390	1	1.45898	0.81042	0	
1261038	8505.04492	3305850048438	0.48650	0.21491	8504.84473	0.18066	11634	0	0.48531	0.11378	1	0.48113	0.27402	1	0.48322	0.19390	1	0.48045	0.53206	12.17779	1.06647	1	0.74129	0.55489	13.42533	1.06647	1	-0.00468	-0.00906	0.67854	0.00253	1	0.06431	-0.01361	0.69504	0.00381	1	1.45898	0.81042	0	
1261039	8505.05176	3305850115094	0.48891	0.20986	8505.03223	0.01953	11635	1	0.52219	0.10208	1	0.47006	0.28735	1	0.49613	0.19471	1	0.48070	0.53195	12.21091	1.06647	1	0.74119	0.55494	13.69067	1.06647	1	-0.00468	-0.00906	0.67854	0.00245	1	0.06431	-0.01361	0.69504	0.00380	1	1.45898	0.81042	0	
1261040	8505.05859	3305850182053	0.49026	0.20579	8505.03223	0.02637	11635	1	0.52123	0.09289	1	0.47011	0.28612	1	0.49567	0.18951	1	0.48057	0.53356	10.90458	1.07556	1	0.74124	0.55384	12.59939	1.06790	1	-0.00493	-0.00945	0.70758	0.00395	1	0.06061	-0.01291	0.65454	0.00418	1	1.45898	0.81042	0	
1261041	8505.06543	3305850249135	0.49277	0.20219	8505.03223	0.03320	11635	1	0.52778	0.20236	1	0.48282	0.16596	1	0.50530	0.18416	1	0.48063	0.53337	11.03403	1.07698	1	0.74135	0.55384	12.57158	1.06932	1	-0.00493	-0.00945	0.70758	0.00382	1	0.06061	-0.01291	0.65454	0.00418	1	1.45898	0.81042	0	
1261042	8505.07227	3305850315191	0.49339	0.20046	8505.03223	0.04004	11635	1	0.50201	0.10541	1	0.49226	0.27481	1	0.49713	0.19011	1	0.48056	0.53206	12.21424	1.07841	1	0.74153	0.55489	12.48959	1.07075	1	-0.00493	-0.00945	0.70758	0.00249	1	0.06061	-0.01291	0.65454	0.00379	1	1.45898	0.81042	0	
1261043	8505.07910	3305850383832	0.49392	0.19965	8505.03223	0.04688	11635	1	0.50292	0.11306	1	0.49226	0.27481	1	0.49759	0.19393	1	0.48050	0.53338	11.40799	1.07075	1	0.74136	0.55501	12.97600	1.07075	1	-0.00473	-0.00926	0.68617	0.00384	1	0.06431	-0.01371	0.69504	0.00374	1	1.45898	0.81042	0	
1261044	8505.08594	3305850450097	0.49324	0.20277	8505.03223	0.05371	11635	1	0.50686	0.25606	1	0.46875	0.19950	1	0.48781	0.22778	1	0.48052	0.53350	11.45332	1.06166	1	0.74108	0.55416	12.89892	1.06932	1	-0.00473	-0.00926	0.68617	0.00381	1	0.06431	-0.01371	0.69504	0.00414	1	1.45898	0.81042	0	
1261045	8505.09180	3305850516945	0.49453	0.20663	8505.03223	0.05957	11635	1	0.53238	0.24817	1	0.47999	0.23459	1	0.50618	0.24138	1	0.48063	0.53358	11.19672	1.06024	1	0.74123	0.55453	12.85110	1.06790	1	-0.00473	-0.00926	0.68617	0.00379	1	0.06431	-0.01371	0.69504	0.00395	1	1.45898	0.81042	0	
1261046	8505.09863	3305850583962	0.49557	0.20917	8505.03223	0.06641	11635	1	0.53163	0.24144	1	0.48030	0.22765	1	0.50597	0.23454	1	0.48088	0.53384	11.78682	1.06790	1	0.74123	0.55453	12.85110	1.07556	1	-0.00481	-0.00931	0.68975	0.00360	1	0.06431	-0.01371	0.69504	0.00395	1	1.45898	0.81042	0	
1261047	8505.10547	3305850648826	0.49717	0.21250	8505.03223	0.07324	11635	1	0.54480	0.26383	1	0.48473	0.23447	1	0.51477	0.24915	1	0.48087	0.53395	11.65022	1.08464	1	0.74133	0.55458	12.96954	1.08464	1	-0.00481	-0.00931	0.68975	0.00380	1	0.06431	-0.01371	0.69504	0.00393	1	1.45898	0.81042	0	
1261048	8505.11230	3305850718877	0.49838	0.21298	8505.03223	0.08008	11635	1	0.54286	0.23373	1	0.48295	0.20367	1	0.51290	0.21870	1	0.48089	0.53369	11.90229	1.09373	1	0.74134	0.55429	12.44617	1.09373	1	-0.00481	-0.00931	0.68975	0.00366	1	0.06431	-0.01371	0.69504	0.00402	1	1.45898	0.81042	0	
1261049	8505.11914	3305850785752	0.49942	0.21339	8505.03223	0.08691	11635	1	0.54286	0.23373	1	0.48295	0.20367	1	0.51290	0.21870	1	0.48095	0.53388	11.68684	1.09373	1	0.74135	0.55435	12.56176	1.09373	1	-0.00471	-0.00927	0.68307	0.00370	1	0.06431	-0.01371	0.69504	0.00399	1	1.45898	0.81042	0	
1261050	8505.12598	3305850851758	0.50122	0.21525	8505.03223	0.09375	11635	1	0.55393	0.26831	1	0.49909	0.21449	1	0.52651	0.24140	1	0.48100	0.53390	11.93205	1.08464	1	0.74162	0.55446	12.50244	1.08464	1	-0.00471	-0.00927	0.68307	0.00374	1	0.06431	-0.01371	0.69504	0.00405	1	1.45898	0.81042	0	
1261051	8505.13281	3305850918793	0.50168	0.21633	8505.03223	0.10059	11635	1	0.52847	0.23864	1	0.48842	0.22625	1	0.50845	0.23245	1	0.48059	0.53385	11.27266	1.07556	1	0.74144	0.55443	12.72719	1.07556	1	-0.00471	-0.00927	0.68307	0.00362	1	0.06431	-0.01371	0.69504	0.00396	1	1.45898	0.81042	0	
1261052	8505.13867	3305850986311	0.50210	0.21817	8505.03223	0.10645	11635	1	0.53018	0.25361	1	0.48759	0.24178	1	0.50888	0.24769	1	0.48070	0.53248	12.31974	1.05845	1	0.74124	0.55457	12.87824	1.05845	1	-0.00465	-0.00905	0.66640	0.00251	1	0.06431	-0.01371	0.69504	0.00393	1	1.45898	0.81042	0	
1261053	8505.14551	3305851052670	0.50265	0.22302	8505.03223	0.11328	11635	1	0.53810	0.29741	1	0.48597	0.31322	1	0.51204	0.30531	1	0.48072	0.53397	11.57086	1.05044	1	0.74146	0.55465	12.60608	1.05044	1	-0.00465	-0.00905	0.66640	0.00364	1	0.06431	-0.01371	0.69504	0.00391	1	1.45898	0.81042	0	
1261054	8505.15234	3305851120704	0.50323	0.22692	8505.03223	0.12012	11635	1	0.53970	0.31511	1	0.48768	0.27936	1	0.51369	0.29724	1	0.48070	0.53390	11.84417	1.04242	1	0.74146	0.55465	12.71393	1.04242	1	-0.00465	-0.00905	0.66640	0.00356	1	0.06431	-0.01371	0.69504	0.00390	1	1.45898	0.81042	0	
1261055	8505.15918	3305851187025	0.50376	0.23044	8505.03223	0.12695	11635	1	0.53970	0.31511	1	0.48768	0.27936	1	0.51369	0.29724	1	0.48065	0.53389	11.63281	1.04242	1	0.74104	0.55492	13.28520	1.04242	1	-0.00473	-0.00937	0.68617	0.00360	1	0.06431	-0.01371	0.69504	0.00393	1	1.45898	0.81042	0	
1261056	8505.16602	3305851253522	0.50307	0.23283	8505.03223	0.13379	11635	1	0.52755	0.27838	1	0.45106	0.28287	1	0.48931	0.28063	1	0.48057	0.53364	11.41937	1.05044	1	0.74091	0.55495	13.09524	1.05044	1	-0.00473	-0.00937	0.68617	0.00371	1	0.06431	-0.01371	0.69504	0.00399	1	1.45898	0.81042	0	
1261057	8505.17285	3305851320899	0.50250	0.23492	8505.03223	0.14062	11635	1	0.52651	0.24728	1	0.45460	0.31034	1	0.49056	0.27881	1	0.48056	0.53368	11.23704	1.05845	1	0.74089	0.55521	13.11954	1.05845	1	-0.00473	-0.00937	0.68617	0.00369	1	0.06431	-0.01371	0.69504	0.00378	1	1.45898	0.81042	0	
1261058	8505.17969	3305851387889	0.50780	0.26095	8505.03223	0.14062	11635	0	0.52475	0.23221	1	0.45492	0.29597	1	0.48984	0.26409	1	0.48068	0.53419	11.64750	1.07556	1	0.74128	0.55500	13.18115	1.07556	1	-0.00481	-0.00931	0.68975	0.00373	1	0.06431	-0.01371	0.69504	0.00386	1	1.45898	0.81042	0	
1261059	8505.18555	3305851452237	0.50695	0.22553	8505.03223	0.14062	11635	0	0.52156	0.11770	1	0.49065	0.26254	1	0.50610	0.19012	1	0.48052	0.53229	12.50923	1.08464	1	0.74148	0.55479	12.67538	1.08464	1	-0.00481	-0.00931	0.68975	0.00248	1	0.06431	-0.01371	0.69504	0.00387	1	1.45898	0.81042	0	
1261060	8505.19238	3305851518919	0.50751	0.23899	8505.03223	0.14062	11635	0	0.52418	0.28226	1	0.49309	0.24952	1	0.50864	0.26589	1	0.48052	0.53417	11.23584	1.09373	1	0.74147	0.55478	12.66894	1.09373	1	-0.00481	-0.00931	0.68975	0.00369	1	0.06431	-0.01371	0.69504	0.00388	1	1.45898	0.81042	0	
1261061	8505.19922	3305851586273	0.50774	0.24379	8505.17969	0.01953	11636	1	0.52326	0.27480	1	0.49356	0.24160	1	0.50841	0.25820	1	0.48050	0.53427	11.40194	1.10281	1	0.74128	0.55500	13.18115	1.10281	1	-0.00481	-0.00942	0.68975	0.00373	1	0.06431	-0.01371	0.69504	0.00386	1	1.45898	0.81042	0	
1261062	8505.20605	3305851656020	0.50854	0.24936	8505.17969	0.02637	11636	1	0.53188	0.29007	1	0.49162	0.25321	1	0.51175	0.27164	1	0.48065	0.53431	11.32620	1.10281	1	0.74141	0.55497	13.06279	1.10281	1	-0.00481	-0.00942	0.68975	0.00369	1	0.06431	-0.01371	0.69504	0.00385	1	1.45898	0.81042	0	
1261063	8505.21289	3305851723032	0.50754	0.23603	8505.17969	0.03320	11636	1	0.51504	0.10027	1	0.49008	0.23850	1	0.50256	0.16938	1	0.48052	0.53221	12.05852	1.10281	1	0.74141	0.55487	12.84326	1.10281	1	-0.00481	-0.00942	0.68975	0.00245	1	0.06431	-0.01371	0.69504	0.00389	1	1.45898	0.81042	0	
1261064	8505.21973	3305851789561	0.50687	0.22771	8505.17969	0.04004	11636	1	0.51601	0.10917	1	0.48964	0.24644	1	0.50283	0.17781	1	0.48048	0.53227	12.07124	1.09373	1	0.74145	0.55473	12.79426	1.09373	1	-0.00473	-0.00911	0.67127	0.00246	1	0.06431	-0.01371	0.69504	0.00390	1	1.45898	0.81042	0	
1261065	8505.22559	3305851854577	0.50625	0.23560	8505.17969	0.04590	11636	1	0.53673	0.30424	1	0.46704	0.27746	1	0.50188	0.29085	1	0.48074	0.53435	11.39434	1.08464	1	0.74110	0.55513	13.19896	1.08464	1	-0.00473	-0.00911	0.67127	0.00380	1	0.06431	-0.01371	0.69504	0.00389	1	1.45898	0.81042	0	
1261066	8505.23242	3305851921967	0.50565	0.24115	8505.17969	0.05273	11636	1	0.53511	0.30380	1	0.46673	0.26730	1	0.50092	0.28555	1	0.48067	0.53440	11.17273	1.07556	1	0.74112	0.55499	13.33841	1.07556	1	-0.00473	-0.00911	0.67127	0.00366	1	0.06431	-0.01371	0.69504	0.00388	1	1.45898	0.81042	0	
1261067	8505.23926	3305851991533	0.50520	0.24669	8505.17969	0.05957	11636	1	0.53597	0.31120	1	0.46624	0.28183	1	0.50110	0.29651	1	0.48052	0.53232	11.91178	1.06647	1	0.74123	0.55478	13.21650	1.05881	1	-0.00483	-0.00936	0.68560	0.00247	1	0.05959	-0.01271	0.64455	0.00384	1	1.45898	0.81042	0	
1261068	8505.24609	3305852058415	0.50444	0.24370	8505.17969	0.06641	11636	1	0.51694	0.14905	1	0.47673	0.27851	1	0.49683	0.21378	1	0.48052	0.53240	12.01420	1.05881	1	0.74126	0.55469	13.00325	1.05115	1	-0.00483	-0.00936	0.68560	0.00245	1	0.05959	-0.01271	0.64455	0.00377	1	1.45898	0.81042	0	
1261069	8505.25293	3305852124689	0.50339	0.24169	8505.17969	0.07324	11636	1	0.50445	0.13739	1	0.47916	0.30184	1	0.49180	0.21962	1	0.48031	0.53224	12.07962	1.05115	1	0.74134	0.55505	13.06856	1.04349	1	-0.00483	-0.00936	0.68560	0.00245	1	0.05959	-0.01271	0.64455	0.00374	1	1.45898	0.81042	0	
1261070	8505.25977	3305852191567	0.50253	0.24029	8505.17969	0.08008	11636	1	0.50537	0.14500	1	0.47916	0.30184	1	0.49227	0.22342	1	0.48075	0.53412	11.21360	1.04349	1	0.74131	0.55478	12.74557	1.04349	1	-0.00483	-0.00936	0.68560	0.00380	1	0.06431	-0.01371	0.69504	0.00379	1	1.45898	0.81042	0	
1261071	8505.26660	3305852259176	0.50291	0.24247	8505.17969	0.08691	11636	1	0.53085	0.28590	1	0.48477	0.25573	1	0.50781	0.27081	1	0.48060	0.53395	11.13556	1.04349	1	0.74132	0.55461	12.96436	1.05115	1	-0.00483	-0.00936	0.68560	0.00381	1	0.06431	-0.01371	0.69504	0.00380	1	1.45898	0.81042	0	
1261072	8505.27344	3305852326477	0.50255	0.23940	8505.17969	0.09375	11636	1	0.51603	0.14415	1	0.47907	0.24879	1	0.49755	0.19647	1	0.48044	0.53223	11.78602	1.05115	1	0.74133	0.55473	13.10970	1.05881	1	-0.00483	-0.00936	0.68560	0.00248	1	0.06431	-0.01371	0.69504	0.00378	1	1.45898	0.81042	0	
1261073	8505.27930	3305852390725	0.50222	0.23627	8505.17969	0.09961	11636	1	0.51518	0.13660	1	0.47938	0.24190	1	0.49728	0.18925	1	0.48052	0.53226	11.93465	1.05881	1	0.74131	0.55401	12.71657	1.06647	1	-0.00483	-0.00925	0.68555	0.00247	1	0.06431	-0.01371	0.69504	0.00402	1	1.45898	0.81042	0	
1261074	8505.28613	3305852459730	0.50230	0.23488	8505.17969	0.10645	11636	1	0.52042	0.12830	1	0.48665	0.29710	1	0.50354	0.21270	1	0.48049	0.53218	12.10621	1.06647	1	0.74138	0.55467	12.81761	1.06647	1	-0.00483	-0.00925	0.68555	0.00248	1	0.06431	-0.01371	0.69504	0.00381	1	1.45898	0.81042	0	
1261075	8505.29297	3305852526727	0.50229	0.23137	8505.17969	0.11328	11636	1	0.51562	0.12679	1	0.48868	0.21645	1	0.50215	0.17162	1	0.48053	0.53221	12.03443	1.06647	1	0.74147	0.55437	12.97833	1.06647	1	-0.00483	-0.00925	0.68555	0.00247	1	0.06431	-0.01371	0.69504	0.00398	1	1.45898	0.81042	0	
1261076	8505.29980	3305852593541	0.50227	0.22841	8505.17969	0.12012	11636	1	0.51562	0.12679	1	0.48830	0.22353	1	0.50196	0.17516	1	0.48024	0.53211	12.09022	1.06647	1	0.74126	0.55444	12.88757	1.05881	1	-0.00483	-0.00925	0.68555	0.00241	1	0.05959	-0.01271	0.64455	0.00386	1	1.45898	0.81042	0	
1261077	8505.30664	3305852659559	0.50123	0.22759	8505.17969	0.12695	11636	1	0.49934	0.11187	1	0.46343	0.31242	1	0.48139	0.21215	1	0.48021	0.53211	12.04389	1.05881	1	0.74107	0.55479	13.14869	1.05115	1	-0.00483	-0.00925	0.68555	0.00243	1	0.05959	-0.01271	0.64455	0.00394	1	1.45898	0.81042	0	
1261078	8505.31348	3305852727050	0.50096	0.22563	8505.17969	0.13379	11636	1	0.50496	0.14600	1	0.48609	0.22678	1	0.49552	0.18639	1	0.48026	0.53220	12.01178	1.05115	1	0.74140	0.55420	12.82769	1.04349	1	-0.00483	-0.00925	0.68555	0.00242	1	0.05959	-0.01271	0.64455	0.00397	1	1.45898	0.81042	0	
1261079	8505.31934	3305852792968	0.50072	0.22418	8505.17969	0.13965	11636	1	0.50588	0.15354	1	0.48572	0.23394	1	0.49580	0.19374	1	0.48021	0.53211	12.04389	1.04349	1	0.74131	0.55401	12.71657	1.03583	1	-0.00483	-0.00925	0.68555	0.00243	1	0.05959	-0.01271	0.64455	0.00402	1	1.45898	0.81042	0	
1261080	8505.32617	3305852860505	0.50081	0.22762	8505.17969	0.14648	11636	1	0.53683	0.32775	1	0.46855	0.27869	1	0.50269	0.30322	1	0.48062	0.53431	12.59466	1.03583	1	0.74115	0.55464	12.92257	1.03583	1	-0.00483	-0.00925	0.68555	0.00370	1	0.05959	-0.01271	0.64455	0.00396	1	1.45898	0.81042	0	
1261081	8505.33301	3305852928948	0.50147	0.23125	8505.17969	0.15332	11636	1	0.55762	0.34721	1	0.47571	0.28209	1	0.51666	0.31465	1	0.48101	0.53448	12.23803	1.03583	1	0.74121	0.55464	12.77608	1.03583	1	-0.00483	-0.00925	0.68555	0.00367	1	0.05959	-0.01271	0.64455	0.00413	1	1.45898	0.81042	0	
1261082	8505.33984	3305852995412	0.50208	0.23458	8505.17969	0.16016	11636	1	0.55762	0.34721	1	0.47571	0.28209	1	0.51666	0.31465	1	0.48062	0.53416	11.94045	1.03583	1	0.74128	0.55401	12.80305	1.03583	1	-0.00473	-0.00901	0.67127	0.00377	1	0.05959	-0.01271	0.64455	0.00406	1	1.45898	0.81042	0	
1261083	8505.34668	3305853060698	0.50188	0.23747	8505.17969	0.16699	11636	1	0.52603	0.33091	1	0.46815	0.28834	1	0.49709	0.30962	1	0.48051	0.53435	12.48256	1.03583	1	0.74110	0.55426	12.95070	1.03583	1	-0.00473	-0.00901	0.67127	0.00369	1	0.05959	-0.01271	0.64455	0.00422	1	1.45898	0.81042	0	
1261084	8505.35352	3305853128406	0.50160	0.23692	8505.17969	0.17383	11636	1	0.51582	0.14238	1	0.47251	0.30281	1	0.49416	0.22260	1	0.48039	0.53212	12.32217	1.03583	1	0.74122	0.55437	12.94321	1.03583	1	-0.00473	-0.00901	0.67127	0.00243	1	0.05959	-0.01271	0.64455	0.00386	1	1.45898	0.81042	0	
1261085	8505.36035	3305853197286	0.50133	0.23641	8505.17969	0.18066	11636	1	0.51582	0.14238	1	0.47251	0.30281	1	0.49416	0.22260	1	0.48029	0.53207	11.99413	1.03583	1	0.74109	0.55421	12.86740	1.03583	1	-0.00473	-0.00901	0.67127	0.00243	1	0.05959	-0.01271	0.64455	0.00406	1	1.45898	0.81042	0	
1261086	8505.36621	3305853261295	0.50097	0.23545	8505.17969	0.18652	11636	1	0.50876	0.14146	1	0.47280	0.27590	1	0.49078	0.20868	1	0.48041	0.53214	11.96472	1.03583	1	0.74110	0.55414	13.12113	1.03583	1	-0.00473	-0.00901	0.67127	0.00254	1	0.05959	-0.01271	0.64455	0.00408	1	1.45898	0.81042	0	
1261087	8505.37305	3305853325914	0.50045	0.23378	8505.17969	0.19336	11636	1	0.50095	0.13936	1	0.46975	0.23121	1	0.48535	0.18529	1	0.48035	0.53200	11.93901	1.03583	1	0.74113	0.55416	13.01888	1.03583	1	-0.00473	-0.00901	0.67127	0.00241	1	0.05959	-0.01271	0.64455	0.00409	1	1.45898	0.81042	0	
1261088	8505.37988	3305853395840	0.49995	0.23181	8505.17969	0.20020	11636	1	0.49982	0.13021	1	0.47031	0.21554	1	0.48506	0.17288	1	0.48052	0.53192	12.05593	1.04492	1	0.74122	0.55428	12.96917	1.05258	1	-0.00493	-0.00945	0.70758	0.00248	1	0.06431	-0.01366	0.69504	0.00397	1	1.45898	0.81042	0	
1261089	8505.38672	3305853461862	0.50013	0.22938	8505.17969	0.20703	11636	1	0.52752	0.12040	1	0.48372	0.18771	1	0.50562	0.15405	1	0.48062	0.53200	12.27923	1.06166	1	0.74124	0.55404	12.81948	1.06932	1	-0.00493	-0.00945	0.70758	0.00246	1	0.06431	-0.01366	0.69504	0.00395	1	1.45898	0.81042	0	
1261090	8505.39355	3305853526601	0.50000	0.22673	8505.17969	0.21387	11636	1	0.51427	0.08082	1	0.47757	0.20278	1	0.49592	0.14180	1	0.48058	0.53204	12.38505	1.07841	1	0.74118	0.55442	13.00268	1.08607	1	-0.00493	-0.00945	0.70758	0.00246	1	0.06431	-0.01366	0.69504	0.00397	1	1.45898	0.81042	0	
1261091	8505.40039	3305853595877	0.49986	0.22375	8505.17969	0.22070	11636	1	0.51243	0.06373	1	0.47822	0.18738	1	0.49532	0.12555	1	0.48063	0.53203	12.16615	1.09515	1	0.74114	0.55446	12.99704	1.10281	1	-0.00493	-0.00945	0.70758	0.00245	1	0.06431	-0.01371	0.69504	0.00397	1	1.45898	0.81042	0	
1261092	8505.40723	3305853664609	0.49935	0.22090	8505.17969	0.22754	11636	1	0.49399	0.05527	1	0.46971	0.19285	1	0.48185	0.12406	1	0.48066	0.53197	12.22813	1.10281	1	0.74108	0.55442	12.94451	1.10281	1	-0.00493	-0.00945	0.70758	0.00242	1	0.06431	-0.01371	0.69504	0.00398	1	1.45898	0.81042	0	
1261093	8505.41309	3305853729514	0.49881	0.22077	8505.17969	0.23340	11636	1	0.51958	0.20955	1	0.43996	0.22245	1	0.47977	0.21600	1	0.48095	0.53359	11.82942	1.10281	1	0.74104	0.55471	13.00253	1.10281	1	-0.00493	-0.00945	0.70758	0.00388	1	0.06431	-0.01371	0.69504	0.00398	1	1.45898	0.81042	0	
1261094	8505.41992	3305853798964	0.49044	0.19254	8505.17969	0.23340	11636	0	0.52053	0.21755	1	0.43988	0.23726	1	0.48020	0.22740	1	0.48066	0.53191	12.08816	1.09373	1	0.74176	0.55385	11.96446	1.08607	1	-0.00468	-0.00906	0.67854	0.00244	1	0.06061	-0.01291	0.65454	0.00407	1	1.45898	0.81042	0	
1261095	8505.42676	3305853864833	0.48708	0.15877	8505.17969	0.23340	11636	0	0.48012	0.09450	1	0.48732	0.15548	1	0.48372	0.12499	1	0.48064	0.53187	12.18532	1.07698	1	0.74175	0.55373	12.25910	1.06932	1	-0.00468	-0.00906	0.67854	0.00246	1	0.06061	-0.01291	0.65454	0.00416	1	1.45898	0.81042	0	
1261096	8505.43359	3305853933340	0.48029	0.15392	8505.17969	0.23340	11636	0	0.47706	0.10165	1	0.45634	0.18683	1	0.46670	0.14424	1	0.48068	0.53189	12.16560	1.06024	1	0.74169	0.55384	12.27539	1.05258	1	-0.00468	-0.00906	0.67854	0.00249	1	0.06061	-0.01291	0.65454	0.00419	1	1.45898	0.81042	0	
1261097	8505.44043	3305854000215	0.47716	0.15473	8505.41992	0.02051	11637	1	0.47942	0.11874	1	0.45615	0.19557	1	0.46779	0.15716	1	0.48068	0.53189	12.17518	1.04349	1	0.74170	0.55416	12.86050	1.04349	1	-0.00459	-0.00909	0.68083	0.00249	1	0.06266	-0.01334	0.67616	0.00409	1	1.45898	0.81042	0	
1261098	8505.44727	3305854066681	0.47354	0.16468	8505.41992	0.02734	11637	1	0.49201	0.12360	1	0.42612	0.28536	1	0.45907	0.20448	1	0.48079	0.53195	12.30559	1.04349	1	0.74119	0.55486	12.58917	1.05115	1	-0.00459	-0.00909	0.68083	0.00243	1	0.06266	-0.01334	0.67616	0.00433	1	1.45898	0.81042	0	
1261099	8505.45410	3305854134540	0.47166	0.17301	8505.41992	0.03418	11637	1	0.49405	0.13622	1	0.43045	0.29311	1	0.46225	0.21466	1	0.48077	0.53201	12.21399	1.05115	1	0.74128	0.55498	12.64528	1.05881	1	-0.00459	-0.00909	0.68083	0.00240	1	0.06266	-0.01334	0.67616	0.00421	1	1.45898	0.81042	0	
1261100	8505.46094	3305854201084	0.47025	0.17842	8505.41992	0.04102	11637	1	0.49306	0.12859	1	0.43045	0.29311	1	0.46175	0.21085	1	0.48101	0.53357	11.90934	1.05881	1	0.74187	0.55436	13.03079	1.05881	1	-0.00459	-0.00909	0.68083	0.00398	1	0.06150	-0.01308	0.66309	0.00418	1	1.45898	0.81042	0	
1261101	8505.46680	3305854265942	0.47263	0.18765	8505.41992	0.04688	11637	1	0.51178	0.25801	1	0.46686	0.24649	1	0.48932	0.25225	1	0.48112	0.53359	12.04523	1.05881	1	0.74187	0.55436	13.03079	1.05115	1	-0.00459	-0.00909	0.68083	0.00403	1	0.06150	-0.01308	0.66309	0.00418	1	1.45898	0.81042	0	
1261102	8505.47363	3305854335869	0.47380	0.18706	8505.41992	0.05371	11637	1	0.49705	0.12267	1	0.46935	0.24214	1	0.48320	0.18240	1	0.48104	0.53206	11.92841	1.05115	1	0.74190	0.55423	12.90792	1.04349	1	-0.00459	-0.00909	0.68083	0.00239	1	0.06150	-0.01308	0.66309	0.00423	1	1.45898	0.81042	0	
1261103	8505.48047	3305854401964	0.47479	0.18698	8505.41992	0.06055	11637	1	0.49802	0.13039	1	0.46935	0.24214	1	0.48369	0.18627	1	0.48112	0.53208	11.79177	1.04349	1	0.74220	0.55398	12.62496	1.04349	1	-0.00459	-0.00909	0.68083	0.00255	1	0.06378	-0.01355	0.68706	0.00405	1	1.45898	0.81042	0	
1261104	8505.48730	3305854469008	0.47594	0.18890	8505.41992	0.06738	11637	1	0.50808	0.13586	1	0.46679	0.28033	1	0.48744	0.20810	1	0.48120	0.53204	11.77369	1.04349	1	0.74186	0.55474	13.01919	1.05115	1	-0.00459	-0.00909	0.68083	0.00252	1	0.06378	-0.01355	0.68706	0.00385	1	1.45898	0.81042	0	
1261105	8505.49414	3305854536911	0.47733	0.18952	8505.41992	0.07422	11637	1	0.52546	0.11269	1	0.45961	0.28001	1	0.49254	0.19635	1	0.48132	0.53199	12.08949	1.05115	1	0.74176	0.55491	12.93619	1.05881	1	-0.00459	-0.00909	0.68083	0.00253	1	0.06378	-0.01355	0.68706	0.00382	1	1.45898	0.81042	0	
1261106	8505.50098	3305854600581	0.47844	0.18884	8505.41992	0.08105	11637	1	0.52372	0.09568	1	0.46000	0.26546	1	0.49186	0.18057	1	0.48145	0.53190	12.09959	1.06790	1	0.74207	0.55488	12.62021	1.07556	1	-0.00461	-0.00943	0.70663	0.00247	1	0.06378	-0.01355	0.68706	0.00389	1	1.45898	0.81042	0	
1261107	8505.50781	3305854671565	0.47864	0.18744	8505.41992	0.08789	11637	1	0.48332	0.07921	1	0.47909	0.25935	1	0.48120	0.16928	1	0.48153	0.53194	12.19131	1.08464	1	0.74205	0.55478	13.00277	1.08464	1	-0.00461	-0.00943	0.70663	0.00248	1	0.06378	-0.01355	0.68706	0.00380	1	1.45898	0.81042	0	
1261108	8505.51465	3305854737393	0.47771	0.18253	8505.41992	0.09473	11637	1	0.47464	0.08492	1	0.45474	0.14278	1	0.46469	0.11385	1	0.48140	0.53193	12.16463	1.09373	1	0.74240	0.55396	12.07458	1.09373	1	-0.00461	-0.00943	0.70663	0.00242	1	0.06378	-0.01355	0.68706	0.00398	1	1.45898	0.81042	0	
1261109	8505.52051	3305854804911	0.47690	0.17824	8505.41992	0.10059	11637	1	0.47464	0.08492	1	0.45474	0.14278	1	0.46469	0.11385	1	0.48165	0.53199	12.02029	1.09373	1	0.74209	0.55473	12.85214	1.09373	1	-0.00439	-0.00908	0.68045	0.00246	1	0.06355	-0.01348	0.68345	0.00393	1	1.45898	0.81042	0	
1261110	8505.52734	3305854870890	0.47725	0.18109	8505.41992	0.10742	11637	1	0.50997	0.23024	1	0.45571	0.22318	1	0.48284	0.22671	1	0.48187	0.53360	12.21774	1.08464	1	0.74248	0.55448	12.06973	1.08464	1	-0.00439	-0.00908	0.68045	0.00405	1	0.06355	-0.01348	0.68345	0.00397	1	1.45898	0.81042	0	
1261111	8505.53418	3305854936613	0.47644	0.18299	8505.41992	0.11426	11637	1	0.50117	0.08382	1	0.42428	0.34675	1	0.46273	0.21529	1	0.48173	0.53186	11.70463	1.07556	1	0.74201	0.55520	12.95908	1.07556	1	-0.00439	-0.00908	0.68045	0.00241	1	0.06355	-0.01348	0.68345	0.00401	1	1.45898	0.81042	0	
1261112	8505.54102	3305855005596	0.47575	0.18528	8505.41992	0.12109	11637	1	0.50226	0.09310	1	0.42444	0.35999	1	0.46335	0.22654	1	0.48195	0.53187	11.92450	1.06647	1	0.74287	0.55401	12.71657	1.05881	1	-0.00439	-0.00908	0.68045	0.00245	1	0.06131	-0.01300	0.65892	0.00402	1	1.45898	0.81042	0	
1261113	8505.54785	3305855073590	0.47695	0.18488	8505.41992	0.12793	11637	1	0.52264	0.10573	1	0.47699	0.24865	1	0.49981	0.17719	1	0.48208	0.53191	11.95704	1.05881	1	0.74278	0.55451	13.05081	1.05115	1	-0.00439	-0.00908	0.68045	0.00250	1	0.06131	-0.01300	0.65892	0.00399	1	1.45898	0.81042	0	
1261114	8505.55469	3305855138794	0.47758	0.18582	8505.41992	0.13477	11637	1	0.51620	0.11312	1	0.46418	0.29620	1	0.49019	0.20466	1	0.48203	0.53195	12.03349	1.05115	1	0.74265	0.55493	13.09098	1.04349	1	-0.00439	-0.00908	0.68045	0.00252	1	0.06131	-0.01300	0.65892	0.00379	1	1.45898	0.81042	0	
1261115	8505.56055	3305855203021	0.47818	0.18685	8505.41992	0.14062	11637	1	0.51706	0.12090	1	0.46418	0.29620	1	0.49062	0.20855	1	0.48221	0.53196	12.21298	1.04349	1	0.74272	0.55523	12.92753	1.04349	1	-0.00428	-0.00908	0.68009	0.00243	1	0.06291	-0.01333	0.67556	0.00372	1	1.45898	0.81042	0	
1261116	8505.56738	3305855272870	0.47780	0.18651	8505.41992	0.14746	11637	1	0.49352	0.12380	1	0.44552	0.23425	1	0.46952	0.17902	1	0.48241	0.53186	12.08236	1.04349	1	0.74308	0.55422	12.12267	1.05115	1	-0.00428	-0.00908	0.68009	0.00247	1	0.06291	-0.01333	0.67556	0.00401	1	1.45898	0.81042	0	
1261117	8505.57422	3305855339868	0.47725	0.18641	8505.41992	0.15430	11637	1	0.48854	0.11205	1	0.44050	0.25601	1	0.46452	0.18403	1	0.48246	0.53186	12.16000	1.05115	1	0.74299	0.55456	12.81709	1.05881	1	-0.00428	-0.00908	0.68009	0.00243	1	0.06291	-0.01333	0.67556	0.00398	1	1.45898	0.81042	0	
1261118	8505.58105	3305855406970	0.47672	0.18602	8505.41992	0.16113	11637	1	0.48752	0.10424	1	0.44054	0.24919	1	0.46403	0.17672	1	0.48252	0.53166	12.19702	1.05881	1	0.74367	0.55464	12.71019	1.06647	1	-0.00411	-0.00893	0.66925	0.00244	1	0.06295	-0.01331	0.67483	0.00381	1	1.45898	0.81042	0	
1261119	8505.58789	3305855473563	0.47723	0.18670	8505.41992	0.16797	11637	1	0.50366	0.15397	1	0.47632	0.25346	1	0.48999	0.20372	1	0.48258	0.53166	12.19558	1.06647	1	0.74358	0.55446	12.77561	1.06647	1	-0.00411	-0.00893	0.66925	0.00247	1	0.06295	-0.01331	0.67483	0.00396	1	1.45898	0.81042	0	
1261120	8505.59473	3305855539971	0.47780	0.18772	8505.41992	0.17480	11637	1	0.50129	0.17463	1	0.48383	0.25381	1	0.49256	0.21422	1	0.48261	0.53171	12.37532	1.06647	1	0.74364	0.55458	12.75455	1.06647	1	-0.00411	-0.00893	0.66925	0.00235	1	0.06295	-0.01331	0.67483	0.00381	1	1.45898	0.81042	0	
1261121	8505.60156	3305855607756	0.47832	0.18867	8505.41992	0.18164	11637	1	0.50129	0.17463	1	0.48383	0.25381	1	0.49256	0.21422	1	0.48288	0.53162	11.49257	1.06647	1	0.74345	0.55492	13.09705	1.06647	1	-0.00411	-0.00893	0.66925	0.00238	1	0.06339	-0.01338	0.67850	0.00382	1	1.45898	0.81042	0	
1261122	8505.60840	3305855674738	0.47875	0.18904	8505.41992	0.18848	11637	1	0.51653	0.14972	1	0.46471	0.24914	1	0.49062	0.19943	1	0.48280	0.53163	12.02583	1.06647	1	0.74338	0.55465	13.00710	1.06647	1	-0.00411	-0.00893	0.66925	0.00240	1	0.06339	-0.01338	0.67850	0.00398	1	1.45898	0.81042	0	
1261123	8505.61426	3305855741813	0.47946	0.18956	8505.41992	0.19434	11637	1	0.53215	0.17493	1	0.46811	0.23462	1	0.50013	0.20478	1	0.48306	0.53176	12.07372	1.06647	1	0.74346	0.55451	13.03996	1.06647	1	-0.00411	-0.00893	0.66925	0.00241	1	0.06339	-0.01338	0.67850	0.00402	1	1.45898	0.81042	0	
1261124	8505.62109	3305855808842	0.48011	0.18990	8505.41992	0.20117	11637	1	0.53126	0.16637	1	0.46816	0.23333	1	0.49971	0.19985	1	0.48321	0.53163	12.02788	1.07556	1	0.74387	0.55412	12.04239	1.06790	1	-0.00415	-0.00935	0.70064	0.00245	1	0.06074	-0.01281	0.64967	0.00392	1	1.45898	0.81042	0	
1261125	8505.62793	3305855874970	0.47990	0.18955	8505.41992	0.20801	11637	1	0.49562	0.14606	1	0.45118	0.21172	1	0.47340	0.17889	1	0.48318	0.53148	12.35647	1.07698	1	0.74399	0.55427	12.22733	1.06932	1	-0.00415	-0.00935	0.70064	0.00242	1	0.06074	-0.01281	0.64967	0.00387	1	1.45898	0.81042	0	
1261126	8505.63477	3305855942193	0.47970	0.18959	8505.41992	0.21484	11637	1	0.49145	0.14049	1	0.45520	0.24083	1	0.47333	0.19066	1	0.48318	0.53155	12.10548	1.07841	1	0.74398	0.55456	12.24544	1.07075	1	-0.00415	-0.00935	0.70064	0.00244	1	0.06074	-0.01281	0.64967	0.00395	1	1.45898	0.81042	0	
1261127	8505.64160	3305856008834	0.47953	0.18973	8505.41992	0.22168	11637	1	0.49243	0.14789	1	0.45520	0.24083	1	0.47382	0.19436	1	0.48332	0.53139	11.73839	1.07075	1	0.74406	0.55471	12.89420	1.07075	1	-0.00392	-0.00889	0.66996	0.00242	1	0.06338	-0.01336	0.67731	0.00395	1	1.45898	0.81042	0	
1261128	8505.64844	3305856077427	0.48028	0.19293	8505.41992	0.22852	11637	1	0.53856	0.35150	1	0.47292	0.25210	1	0.50574	0.30180	1	0.48375	0.53376	11.76057	1.06166	1	0.74431	0.55457	13.15666	1.06932	1	-0.00392	-0.00889	0.66996	0.00359	1	0.06338	-0.01336	0.67731	0.00384	1	1.45898	0.81042	0	
1261129	8505.65527	3305856143387	0.48053	0.19324	8505.41992	0.23535	11637	1	0.50188	0.14858	1	0.47694	0.25962	1	0.48941	0.20410	1	0.48348	0.53140	12.03253	1.06024	1	0.74435	0.55458	13.13950	1.06790	1	-0.00392	-0.00889	0.66996	0.00246	1	0.06338	-0.01336	0.67731	0.00379	1	1.45898	0.81042	0	
1261130	8505.66113	3305856209868	0.48078	0.19377	8505.41992	0.24121	11637	1	0.50303	0.15778	1	0.47658	0.26795	1	0.48980	0.21286	1	0.48362	0.53131	11.80729	1.05079	1	0.74458	0.55486	13.13040	1.05845	1	-0.00381	-0.00880	0.65932	0.00247	1	0.06393	-0.01345	0.68212	0.00387	1	1.45898	0.81042	0	
1261131	8505.66797	3305856278065	0.48110	0.19410	8505.41992	0.24805	11637	1	0.51795	0.14929	1	0.46761	0.26381	1	0.49278	0.20655	1	0.48365	0.53133	11.75069	1.05044	1	0.74419	0.55480	13.34877	1.05044	1	-0.00381	-0.00880	0.65932	0.00249	1	0.06393	-0.01345	0.68212	0.00391	1	1.45898	0.81042	0	
1261132	8505.67480	3305856344549	0.48145	0.19509	8505.41992	0.25488	11637	1	0.50618	0.16590	1	0.48303	0.29889	1	0.49460	0.23240	1	0.48370	0.53136	11.90620	1.04242	1	0.74447	0.55497	13.21025	1.04242	1	-0.00381	-0.00880	0.65932	0.00241	1	0.06393	-0.01345	0.68212	0.00390	1	1.45898	0.81042	0	
1261133	8505.68164	3305856412031	0.48178	0.19602	8505.41992	0.26172	11637	1	0.50618	0.16590	1	0.48303	0.29889	1	0.49460	0.23240	1	0.48382	0.53135	11.87258	1.04242	1	0.74469	0.55451	12.58332	1.04242	1	-0.00382	-0.00896	0.67117	0.00246	1	0.06393	-0.01345	0.68212	0.00386	1	1.45898	0.81042	0	
1261134	8505.68848	3305856478753	0.48172	0.19608	8505.41992	0.26855	11637	1	0.48855	0.13982	1	0.47010	0.25747	1	0.47933	0.19865	1	0.48392	0.53129	11.80292	1.05044	1	0.74462	0.55458	12.79528	1.05044	1	-0.00382	-0.00896	0.67117	0.00242	1	0.06393	-0.01345	0.68212	0.00395	1	1.45898	0.81042	0	
1261135	8505.69531	3305856546339	0.48147	0.19575	8505.41992	0.27539	11637	1	0.49120	0.15085	1	0.45136	0.21372	1	0.47128	0.18228	1	0.48384	0.53152	12.25883	1.05845	1	0.74478	0.55418	12.20321	1.05845	1	-0.00382	-0.00896	0.67117	0.00237	1	0.06393	-0.01345	0.68212	0.00393	1	1.45898	0.81042	0	
1261136	8505.70215	3305856611862	0.48122	0.19526	8505.41992	0.28223	11637	1	0.49015	0.14303	1	0.45149	0.20625	1	0.47082	0.17464	1	0.48391	0.53147	11.91314	1.06647	1	0.74474	0.55424	12.29163	1.06647	1	-0.00382	-0.00913	0.68776	0.00243	1	0.06393	-0.01345	0.68212	0.00386	1	1.45898	0.81042	0	
1261137	8505.70801	3305856677955	0.48117	0.19538	8505.41992	0.28809	11637	1	0.49539	0.14483	1	0.46299	0.25614	1	0.47919	0.20048	1	0.48399	0.53151	12.36322	1.06647	1	0.74495	0.55480	12.85818	1.06647	1	-0.00382	-0.00913	0.68776	0.00241	1	0.06393	-0.01345	0.68212	0.00381	1	1.45898	0.81042	0	
1261138	8505.71484	3305856746518	0.48097	0.19545	8505.41992	0.29492	11637	1	0.49617	0.13395	1	0.44784	0.26327	1	0.47200	0.19861	1	0.48402	0.53133	11.81776	1.06647	1	0.74469	0.55480	12.33001	1.06647	1	-0.00382	-0.00913	0.68776	0.00246	1	0.06393	-0.01345	0.68212	0.00399	1	1.45898	0.81042	0	
1261139	8505.72168	3305856813900	0.48077	0.19552	8505.41992	0.30176	11637	1	0.49617	0.13395	1	0.44784	0.26327	1	0.47200	0.19861	1	0.48410	0.53120	11.90489	1.06647	1	0.74513	0.55529	13.22726	1.06647	1	-0.00380	-0.00915	0.68504	0.00242	1	0.06291	-0.01322	0.67009	0.00376	1	1.45898	0.81042	0	
1261140	8505.72852	3305856880565	0.48108	0.19788	8505.41992	0.30859	11637	1	0.52077	0.32369	1	0.46975	0.28882	1	0.49526	0.30625	1	0.48432	0.53341	12.58248	1.06647	1	0.74509	0.55504	13.19502	1.06647	1	-0.00380	-0.00915	0.68504	0.00361	1	0.06291	-0.01322	0.67009	0.00386	1	1.45898	0.81042	0	
1261141	8505.73535	3305856947669	0.48156	0.19941	8505.41992	0.31543	11637	1	0.52069	0.29850	1	0.48725	0.24448	1	0.50397	0.27149	1	0.48431	0.53327	12.26190	1.06647	1	0.74527	0.55449	12.88468	1.06647	1	-0.00380	-0.00915	0.68504	0.00367	1	0.06291	-0.01322	0.67009	0.00385	1	1.45898	0.81042	0	
1261142	8505.74219	3305857012656	0.48184	0.20113	8505.41992	0.32227	11637	1	0.52069	0.29850	1	0.48688	0.25136	1	0.50379	0.27493	1	0.48457	0.53320	11.27831	1.06647	1	0.74515	0.55468	13.22719	1.05881	1	-0.00380	-0.00915	0.68504	0.00371	1	0.06183	-0.01298	0.65813	0.00380	1	1.45898	0.81042	0	
1261143	8505.74805	3305857080442	0.48720	0.22916	8505.41992	0.32227	11637	0	0.53182	0.29159	1	0.48723	0.26667	1	0.50952	0.27913	1	0.48454	0.53309	11.28944	1.05881	1	0.74531	0.55459	12.87849	1.05115	1	-0.00380	-0.00915	0.68504	0.00374	1	0.06183	-0.01298	0.65813	0.00383	1	1.45898	0.81042	0	
1261144	8505.75488	3305857148622	0.49834	0.26311	8505.41992	0.32227	11637	0	0.53303	0.31722	1	0.48595	0.27692	1	0.50949	0.29707	1	0.48448	0.53302	11.22194	1.05115	1	0.74532	0.55477	12.83345	1.04349	1	-0.00380	-0.00915	0.68504	0.00367	1	0.06183	-0.01298	0.65813	0.00383	1	1.45898	0.81042	0	
1261145	8505.76172	3305857215565	0.50211	0.27289	8505.41992	0.32227	11637	0	0.53289	0.31605	1	0.48638	0.26886	1	0.50963	0.29246	1	0.48496	0.53326	11.93320	1.05258	1	0.74543	0.55533	12.91058	1.05258	1	-0.00369	-0.00926	0.69369	0.00380	1	0.06399	-0.01353	0.68053	0.00362	1	1.45898	0.81042	0	
1261146	8505.76855	3305857278997	0.49901	0.26960	8505.74805	0.02051	11638	1	0.51817	0.13994	1	0.46127	0.37947	1	0.48972	0.25971	1	0.48523	0.53190	12.00744	1.06166	1	0.74570	0.55606	13.07749	1.06932	1	-0.00369	-0.00926	0.69369	0.00248	1	0.06399	-0.01353	0.68053	0.00406	1	1.45898	0.81042	0	
1261147	8505.77539	3305857344496	0.49253	0.24555	8505.74805	0.02734	11638	1	0.47376	0.09442	1	0.45944	0.20429	1	0.46660	0.14935	1	0.48524	0.53184	11.31113	1.07841	1	0.74600	0.55514	12.81458	1.08607	1	-0.00369	-0.00926	0.69369	0.00251	1	0.06399	-0.01353	0.68053	0.00433	1	1.45898	0.81042	0	
1261148	8505.78223	3305857413411	0.48813	0.22829	8505.74805	0.03418	11638	1	0.47268	0.08668	1	0.45961	0.19727	1	0.46615	0.14197	1	0.48876	0.53527	11.42570	1.08607	1	0.74933	0.55812	13.27940	1.09373	1	-0.00304	-0.00924	0.67675	0.00381	1	0.06435	-0.01375	0.67891	0.00383	1	1.45898	0.81042	0	
1261149	8505.78809	3305857479067	0.50209	0.24167	8505.74805	0.04004	11638	1	0.58783	0.24614	1	0.58392	0.39785	1	0.58587	0.32199	1	0.48938	0.53503	11.72549	1.08464	1	0.74964	0.55812	12.40796	1.08464	1	-0.00304	-0.00924	0.67675	0.00375	1	0.06435	-0.01375	0.67891	0.00390	1	1.45898	0.81042	0	
1261150	8505.79492	3305857545398	0.50739	0.24159	8505.74805	0.04688	11638	1	0.53918	0.13529	1	0.54975	0.34675	1	0.54446	0.24102	1	0.48949	0.53382	11.77650	1.07556	1	0.74985	0.55767	12.69988	1.07556	1	-0.00304	-0.00924	0.67675	0.00239	1	0.06435	-0.01375	0.67891	0.00391	1	1.45898	0.81042	0	
1261151	8505.80176	3305857616620	0.51151	0.24153	8505.74805	0.05371	11638	1	0.53918	0.13529	1	0.54975	0.34675	1	0.54446	0.24102	1	0.49228	0.53710	12.21621	1.07556	1	0.75235	0.56055	13.38731	1.07556	1	-0.00257	-0.00975	0.69903	0.00361	1	0.06551	-0.01417	0.68689	0.00361	1	1.45898	0.81042	0	
1261152	8505.80859	3305857681514	0.52971	0.26766	8505.74805	0.06055	11638	1	0.71994	0.41354	1	0.66709	0.59224	1	0.69351	0.50289	1	0.49255	0.53728	12.37634	1.08464	1	0.75223	0.56066	12.77308	1.08464	1	-0.00257	-0.00975	0.69903	0.00362	1	0.06551	-0.01417	0.68689	0.00385	1	1.45898	0.81042	0	
1261153	8505.81543	3305857749597	0.54616	0.29383	8505.74805	0.06738	11638	1	0.73684	0.48196	1	0.68457	0.62891	1	0.71071	0.55544	1	0.49263	0.53825	12.07645	1.09373	1	0.75243	0.56116	12.46354	1.09373	1	-0.00257	-0.00975	0.69903	0.00370	1	0.06551	-0.01417	0.68689	0.00383	1	1.45898	0.81042	0	
1261154	8505.82227	3305857814341	0.55978	0.31602	8505.74805	0.07422	11638	1	0.73627	0.48700	1	0.68278	0.63320	1	0.70953	0.56010	1	0.49284	0.53834	11.70484	1.08571	1	0.75249	0.56069	12.92363	1.08571	1	-0.00241	-0.00915	0.65563	0.00376	1	0.06569	-0.01418	0.68764	0.00383	1	1.45898	0.81042	0	
1261155	8505.82910	3305857881610	0.57064	0.33437	8505.74805	0.08105	11638	1	0.73014	0.49945	1	0.67189	0.60979	1	0.70101	0.55462	1	0.49258	0.53828	12.34746	1.06861	1	0.75234	0.56064	12.85997	1.06861	1	-0.00241	-0.00915	0.65563	0.00360	1	0.06569	-0.01418	0.68764	0.00382	1	1.45898	0.81042	0	
1261156	8505.83594	3305857952047	0.58015	0.35018	8505.74805	0.08789	11638	1	0.74612	0.52076	1	0.66139	0.59068	1	0.70376	0.55572	1	0.49294	0.53838	11.62472	1.05151	1	0.75262	0.56093	12.98245	1.05151	1	-0.00241	-0.00915	0.65563	0.00382	1	0.06569	-0.01418	0.68764	0.00386	1	1.45898	0.81042	0	
1261157	8505.84277	3305858019106	0.60985	0.38709	8505.74805	0.08789	11638	0	0.74537	0.52636	1	0.65948	0.59605	1	0.70242	0.56121	1	0.49287	0.53777	12.15145	1.04242	1	0.75263	0.56114	12.96034	1.04242	1	-0.00243	-0.00948	0.67616	0.00352	1	0.06392	-0.01385	0.66918	0.00376	1	1.45898	0.81042	0	
1261158	8505.84863	3305858085898	0.65465	0.47080	8505.74805	0.08789	11638	0	0.74731	0.49874	1	0.65159	0.61030	1	0.69945	0.55452	1	0.49290	0.53786	11.94888	1.05044	1	0.75255	0.56077	12.48275	1.05044	1	-0.00243	-0.00948	0.67616	0.00361	1	0.06392	-0.01385	0.66918	0.00384	1	1.45898	0.81042	0	
1261159	8505.85547	3305858152739	0.67219	0.49253	8505.74805	0.08789	11638	0	0.74031	0.44852	1	0.67421	0.62345	1	0.70726	0.53598	1	0.49279	0.53735	11.69217	1.05845	1	0.75270	0.56086	12.60258	1.05845	1	-0.00243	-0.00948	0.67616	0.00352	1	0.06392	-0.01385	0.66918	0.00365	1	1.45898	0.81042	0	
1261160	8505.86230	3305858220214	0.70505	0.54051	8505.74805	0.08789	11638	0	0.74091	0.44306	1	0.67597	0.61898	1	0.70844	0.53102	1	0.49307	0.53837	12.15461	1.06647	1	0.75289	0.56113	12.65320	1.06647	1	-0.00245	-0.00950	0.68114	0.00366	1	0.06569	-0.01418	0.68764	0.00369	1	1.45898	0.81042	0	
1261161	8505.86914	3305858286967	0.70732	0.55383	8505.74805	0.08789	11638	0	0.73862	0.50084	1	0.68056	0.63347	1	0.70959	0.56715	1	0.49272	0.53817	12.58616	1.06647	1	0.75292	0.56088	12.64019	1.06647	1	-0.00245	-0.00950	0.68114	0.00353	1	0.06569	-0.01418	0.68764	0.00371	1	1.45898	0.81042	0	
1261162	8505.87598	3305858353468	0.70775	0.55237	8505.74805	0.08789	11638	0	0.73942	0.50473	1	0.67779	0.59417	1	0.70860	0.54945	1	0.49278	0.53832	11.78320	1.06647	1	0.75293	0.56109	12.67745	1.06647	1	-0.00245	-0.00950	0.68114	0.00367	1	0.06569	-0.01418	0.68764	0.00366	1	1.45898	0.81042	0	
1261163	8505.88281	3305858420816	0.70796	0.55164	8505.86230	0.02051	11639	1	0.73942	0.50473	1	0.67779	0.59417	1	0.70860	0.54945	1	0.49291	0.53776	12.00173	1.06647	1	0.75265	0.56084	12.96635	1.06647	1	-0.00243	-0.00948	0.67616	0.00365	1	0.06569	-0.01429	0.68764	0.00371	1	1.45898	0.81042	0	
1261164	8505.88965	3305858487643	0.70627	0.54482	8505.86230	0.02734	11639	1	0.73933	0.45815	1	0.65966	0.57694	1	0.69950	0.51755	1	0.49271	0.53758	12.00345	1.06647	1	0.75257	0.56094	13.07584	1.06647	1	-0.00243	-0.00948	0.67616	0.00355	1	0.06569	-0.01429	0.68764	0.00370	1	1.45898	0.81042	0	
1261165	8505.89551	3305858554650	0.70719	0.53883	8505.86230	0.03320	11639	1	0.74514	0.42595	1	0.67852	0.59174	1	0.71183	0.50885	1	0.49290	0.53750	11.90168	1.06647	1	0.75283	0.56104	12.77858	1.06647	1	-0.00243	-0.00948	0.67616	0.00360	1	0.06569	-0.01429	0.68764	0.00361	1	1.45898	0.81042	0	
1261166	8505.90234	3305858621868	0.70773	0.53486	8505.86230	0.04004	11639	1	0.74514	0.42595	1	0.67681	0.59621	1	0.71097	0.51108	1	0.49252	0.53753	11.22136	1.06647	1	0.75283	0.56088	12.47764	1.05881	1	-0.00243	-0.00948	0.67616	0.00359	1	0.06371	-0.01394	0.66642	0.00367	1	1.45898	0.81042	0	
1261167	8505.90918	3305858690426	0.70659	0.53429	8505.86230	0.04688	11639	1	0.72810	0.46364	1	0.66912	0.59683	1	0.69861	0.53024	1	0.49276	0.53771	11.77764	1.05881	1	0.75276	0.56108	12.38290	1.05115	1	-0.00243	-0.00948	0.67616	0.00363	1	0.06371	-0.01394	0.66642	0.00383	1	1.45898	0.81042	0	
1261168	8505.91602	3305858757011	0.70388	0.53562	8505.86230	0.05371	11639	1	0.69976	0.48654	1	0.66458	0.60604	1	0.68217	0.54629	1	0.49219	0.53788	11.77664	1.05115	1	0.75273	0.56113	12.49049	1.04349	1	-0.00243	-0.00948	0.67616	0.00362	1	0.06371	-0.01394	0.66642	0.00377	1	1.45898	0.81042	0	
1261169	8505.92285	3305858822876	0.70181	0.53638	8505.86230	0.06055	11639	1	0.69982	0.48561	1	0.66653	0.60075	1	0.68317	0.54318	1	0.49300	0.53815	11.59594	1.05258	1	0.75283	0.56154	12.92314	1.05258	1	-0.00245	-0.00975	0.69504	0.00364	1	0.06539	-0.01430	0.68348	0.00392	1	1.45898	0.81042	0	
1261170	8505.92969	3305858888736	0.70355	0.54027	8505.86230	0.06738	11639	1	0.75849	0.49761	1	0.68347	0.66086	1	0.72098	0.57923	1	0.49299	0.53817	11.88448	1.06166	1	0.75296	0.56197	12.16914	1.06932	1	-0.00245	-0.00975	0.69504	0.00351	1	0.06539	-0.01430	0.68348	0.00396	1	1.45898	0.81042	0	
1261171	8505.93652	3305858957455	0.70254	0.54100	8505.86230	0.07422	11639	1	0.69129	0.41532	1	0.69159	0.68263	1	0.69144	0.54897	1	0.49246	0.53771	11.32254	1.07841	1	0.75306	0.56204	12.26982	1.08607	1	-0.00245	-0.00975	0.69504	0.00345	1	0.06539	-0.01430	0.68348	0.00398	1	1.45898	0.81042	0	
1261172	8505.94238	3305859023849	0.70194	0.54068	8505.86230	0.08008	11639	1	0.69184	0.40359	1	0.69746	0.67020	1	0.69465	0.53689	1	0.49288	0.53765	12.22074	1.09515	1	0.75351	0.56208	12.47272	1.11149	1	-0.00245	-0.00975	0.69504	0.00345	1	0.06547	-0.01431	0.68375	0.00394	1	1.45898	0.81042	0	
1261173	8505.94922	3305859089695	0.70354	0.53657	8505.86230	0.08691	11639	1	0.72495	0.38960	1	0.72391	0.57678	1	0.72443	0.48319	1	0.49293	0.53776	11.77968	1.11149	1	0.75330	0.56160	12.56128	1.12017	1	-0.00245	-0.00975	0.69504	0.00341	1	0.06547	-0.01431	0.68375	0.00379	1	1.45898	0.81042	0	
1261174	8505.95605	3305859157646	0.70570	0.53280	8505.86230	0.09375	11639	1	0.73281	0.41542	1	0.73901	0.54459	1	0.73591	0.48000	1	0.49298	0.53788	11.81138	1.12017	1	0.75360	0.56136	12.46026	1.12885	1	-0.00245	-0.00975	0.69504	0.00339	1	0.06547	-0.01431	0.68375	0.00406	1	1.45898	0.81042	0	
1261175	8505.96289	3305859225440	0.70751	0.52968	8505.86230	0.10059	11639	1	0.73278	0.41569	1	0.73663	0.55002	1	0.73470	0.48286	1	0.49303	0.53798	12.09011	1.11977	1	0.75349	0.56160	12.86777	1.11977	1	-0.00237	-0.00963	0.68667	0.00342	1	0.06514	-0.01422	0.67978	0.00397	1	1.45898	0.81042	0	
1261176	8505.96973	3305859291856	0.70738	0.52714	8505.86230	0.10742	11639	1	0.72169	0.40086	1	0.68873	0.57210	1	0.70521	0.48648	1	0.49288	0.53776	11.66768	1.11068	1	0.75327	0.56154	12.51264	1.10200	1	-0.00237	-0.00963	0.68667	0.00349	1	0.06514	-0.01422	0.67978	0.00403	1	1.45898	0.81042	0	
1261177	8505.97656	3305859358780	0.70755	0.52543	8505.86230	0.11426	11639	1	0.72301	0.41943	1	0.69784	0.57313	1	0.71042	0.49628	1	0.49293	0.53796	11.87650	1.09292	1	0.75347	0.56149	12.76614	1.08424	1	-0.00237	-0.00963	0.68667	0.00347	1	0.06514	-0.01422	0.67978	0.00399	1	1.45898	0.81042	0	
1261178	8505.98340	3305859425741	0.70756	0.52449	8505.86230	0.12109	11639	1	0.72197	0.43163	1	0.69364	0.58366	1	0.70781	0.50764	1	0.49290	0.53805	12.08393	1.07515	1	0.75349	0.56194	12.12207	1.06647	1	-0.00237	-0.00963	0.68667	0.00346	1	0.06514	-0.01422	0.67978	0.00379	1	1.45898	0.81042	0	
1261179	8505.98926	3305859489725	0.70710	0.52396	8505.86230	0.12695	11639	1	0.72209	0.40396	1	0.67452	0.62377	1	0.69830	0.51387	1	0.49297	0.53747	11.88841	1.06647	1	0.75323	0.56176	12.90063	1.06647	1	-0.00237	-0.00963	0.68667	0.00327	1	0.06514	-0.01422	0.67978	0.00382	1	1.45898	0.81042	0	
1261180	8505.99609	3305859557173	0.70693	0.52386	8505.86230	0.13379	11639	1	0.72097	0.40184	1	0.68618	0.64180	1	0.70358	0.52182	1	0.49301	0.53766	12.08451	1.06647	1	0.75332	0.56200	12.19719	1.06647	1	-0.00237	-0.00963	0.68667	0.00329	1	0.06514	-0.01422	0.67978	0.00383	1	1.45898	0.81042	0	
1261181	8506.00293	3305859623808	0.70678	0.52376	8505.86230	0.14062	11639	1	0.72097	0.40184	1	0.68618	0.64180	1	0.70358	0.52182	1	0.49309	0.53741	11.91817	1.06647	1	0.75339	0.56205	11.98135	1.06647	1	-0.00237	-0.00963	0.68667	0.00344	1	0.06514	-0.01422	0.67978	0.00385	1	1.45898	0.81042	0	
1261182	8506.00977	3305859690383	0.70606	0.52383	8505.86230	0.14746	11639	1	0.72157	0.41221	1	0.65909	0.63844	1	0.69033	0.52532	1	0.49296	0.53773	12.04965	1.06647	1	0.75338	0.56206	12.53978	1.06647	1	-0.00237	-0.00963	0.68667	0.00331	1	0.06514	-0.01422	0.67978	0.00382	1	1.45898	0.81042	0	
1261183	8506.01660	3305859760385	0.70604	0.52389	8505.86230	0.15430	11639	1	0.72742	0.41002	1	0.68346	0.64037	1	0.70544	0.52520	1	0.49298	0.53769	11.97787	1.06647	1	0.75336	0.56210	12.47322	1.06647	1	-0.00237	-0.00963	0.68667	0.00332	1	0.06514	-0.01422	0.67978	0.00380	1	1.45898	0.81042	0	
1261184	8506.02344	3305859827796	0.70601	0.52394	8505.86230	0.16113	11639	1	0.72742	0.41002	1	0.68346	0.64037	1	0.70544	0.52520	1	0.49303	0.53772	11.83254	1.06647	1	0.75342	0.56230	12.62312	1.06647	1	-0.00237	-0.00963	0.68667	0.00333	1	0.06514	-0.01422	0.67978	0.00381	1	1.45898	0.81042	0	
1261185	8506.03027	3305859894704	0.70561	0.52410	8505.86230	0.16797	11639	1	0.72198	0.40395	1	0.66893	0.65212	1	0.69545	0.52804	1	0.49297	0.53768	11.87095	1.06647	1	0.75348	0.56214	12.41021	1.06647	1	-0.00237	-0.00963	0.68667	0.00328	1	0.06514	-0.01422	0.67978	0.00383	1	1.45898	0.81042	0	
1261186	8506.03711	3305859961638	0.70588	0.52456	8505.86230	0.17480	11639	1	0.72230	0.42327	1	0.70356	0.64993	1	0.71293	0.53660	1	0.49299	0.53767	11.61227	1.06647	1	0.75362	0.56216	12.35227	1.06647	1	-0.00237	-0.00963	0.68667	0.00329	1	0.06514	-0.01422	0.67978	0.00383	1	1.45898	0.81042	0	
1261187	8506.04297	3305860028090	0.70613	0.52499	8505.86230	0.18066	11639	1	0.72230	0.42327	1	0.70356	0.64993	1	0.71293	0.53660	1	0.49312	0.53786	11.93049	1.06647	1	0.75338	0.56184	12.28299	1.06647	1	-0.00237	-0.00963	0.68667	0.00325	1	0.06514	-0.01422	0.67978	0.00383	1	1.45898	0.81042	0	
1261188	8506.04980	3305860095361	0.70628	0.52510	8505.86230	0.18750	11639	1	0.73545	0.47834	1	0.68555	0.57805	1	0.71050	0.52820	1	0.49312	0.53787	11.90478	1.06647	1	0.75335	0.56197	12.69480	1.06647	1	-0.00237	-0.00963	0.68667	0.00335	1	0.06514	-0.01422	0.67978	0.00387	1	1.45898	0.81042	0	
1261189	8506.05664	3305860161476	0.70601	0.52650	8505.86230	0.19434	11639	1	0.73847	0.49014	1	0.65767	0.64384	1	0.69807	0.56699	1	0.49309	0.53795	11.97129	1.06647	1	0.75338	0.56211	12.67907	1.06647	1	-0.00237	-0.00963	0.68667	0.00330	1	0.06514	-0.01422	0.67978	0.00382	1	1.45898	0.81042	0	
1261190	8506.06348	3305860230998	0.70575	0.52780	8505.86230	0.20117	11639	1	0.73847	0.49014	1	0.65767	0.64384	1	0.69807	0.56699	1	0.49322	0.53815	12.32840	1.06647	1	0.75340	0.56216	12.37494	1.06647	1	-0.00236	-0.00953	0.68322	0.00331	1	0.06514	-0.01428	0.67978	0.00381	1	1.45898	0.81042	0	
1261191	8506.07031	3305860297085	0.70614	0.52906	8505.86230	0.20801	11639	1	0.77222	0.52812	1	0.66412	0.60756	1	0.71817	0.56784	1	0.49357	0.53847	11.62682	1.06647	1	0.75350	0.56228	12.00698	1.06647	1	-0.00236	-0.00953	0.68322	0.00351	1	0.06514	-0.01428	0.67978	0.00383	1	1.45898	0.81042	0	
1261192	8506.07715	3305860363345	0.70582	0.52946	8505.86230	0.21484	11639	1	0.72335	0.49175	1	0.66796	0.59325	1	0.69566	0.54250	1	0.49327	0.53810	11.85124	1.06647	1	0.75338	0.56197	12.09540	1.06647	1	-0.00236	-0.00953	0.68322	0.00333	1	0.06514	-0.01428	0.67978	0.00384	1	1.45898	0.81042	0	
1261193	8506.08301	3305860430004	0.70553	0.52975	8505.86230	0.22070	11639	1	0.72391	0.48597	1	0.66827	0.59242	1	0.69609	0.53919	1	0.49397	0.53777	12.16970	1.07556	1	0.75366	0.56192	12.21305	1.06790	1	-0.00238	-0.00983	0.70435	0.00347	1	0.06289	-0.01372	0.65577	0.00372	1	1.45898	0.81042	0	
1261194	8506.08984	3305860497366	0.70651	0.53055	8505.86230	0.22754	11639	1	0.81012	0.49423	1	0.66928	0.62163	1	0.73970	0.55793	1	0.49416	0.53830	11.49676	1.07698	1	0.75353	0.56187	12.19210	1.06932	1	-0.00238	-0.00983	0.70435	0.00366	1	0.06289	-0.01372	0.65577	0.00370	1	1.45898	0.81042	0	
1261195	8506.09668	3305860565432	0.70682	0.53188	8505.86230	0.23438	11639	1	0.76007	0.50018	1	0.67526	0.65611	1	0.71767	0.57815	1	0.49341	0.53789	11.41381	1.07841	1	0.75359	0.56218	12.19197	1.07075	1	-0.00238	-0.00983	0.70435	0.00348	1	0.06289	-0.01372	0.65577	0.00385	1	1.45898	0.81042	0	
1261196	8506.10352	3305860630932	0.70710	0.53319	8505.86230	0.24121	11639	1	0.75937	0.50493	1	0.67526	0.65611	1	0.71732	0.58052	1	0.49344	0.53787	11.19730	1.07075	1	0.75334	0.56215	12.38982	1.07075	1	-0.00236	-0.00953	0.68322	0.00344	1	0.06514	-0.01422	0.67978	0.00379	1	1.45898	0.81042	0	
1261197	8506.11035	3305860696983	0.70740	0.53480	8505.86230	0.24805	11639	1	0.77191	0.56322	1	0.66447	0.62527	1	0.71819	0.59425	1	0.49360	0.53815	11.42257	1.06166	1	0.75345	0.56184	11.77409	1.06932	1	-0.00236	-0.00953	0.68322	0.00348	1	0.06514	-0.01422	0.67978	0.00381	1	1.45898	0.81042	0	
1261198	8506.11719	3305860765336	0.71127	0.56139	8505.86230	0.24805	11639	0	0.75950	0.52319	1	0.66630	0.63177	1	0.71290	0.57748	1	0.49343	0.53798	11.35887	1.06024	1	0.75351	0.56205	12.11155	1.06790	1	-0.00236	-0.00953	0.68322	0.00343	1	0.06514	-0.01422	0.67978	0.00376	1	1.45898	0.81042	0	
1261199	8506.12402	3305860833318	0.71198	0.56984	8505.86230	0.24805	11639	0	0.75937	0.52406	1	0.66600	0.63255	1	0.71268	0.57830	1	0.49320	0.53768	11.07313	1.05881	1	0.75362	0.56197	11.78224	1.06647	1	-0.00236	-0.00953	0.68322	0.00335	1	0.06514	-0.01422	0.67978	0.00381	1	1.45898	0.81042	0	
1261200	8506.13086	3305860899311	0.71557	0.57151	8505.86230	0.24805	11639	0	0.75932	0.50486	1	0.68622	0.64483	1	0.72277	0.57485	1	0.49347	0.53787	11.19224	1.06647	1	0.75372	0.56219	11.71571	1.06647	1	-0.00236	-0.00953	0.68322	0.00346	1	0.06514	-0.01422	0.67978	0.00376	1	1.45898	0.81042	0	
1261201	8506.13672	3305860965128	0.71767	0.57714	8506.11719	0.01953	11640	1	0.76721	0.50863	1	0.68067	0.67939	1	0.72394	0.59401	1	0.49351	0.53787	11.19696	1.06647	1	0.75363	0.56210	11.87597	1.06647	1	-0.00236	-0.00953	0.68322	0.00362	1	0.06514	-0.01422	0.67978	0.00382	1	1.45898	0.81042	0	
1261202	8506.14355	3305861033083	0.71892	0.58051	8506.11719	0.02637	11640	1	0.76721	0.50863	1	0.68067	0.67939	1	0.72394	0.59401	1	0.49339	0.53758	10.93394	1.06647	1	0.75376	0.56201	11.87514	1.06647	1	-0.00236	-0.00953	0.68322	0.00343	1	0.06514	-0.01422	0.67978	0.00382	1	1.45898	0.81042	0	
1261203	8506.15039	3305861097983	0.71789	0.57952	8506.11719	0.03320	11640	1	0.74682	0.47495	1	0.67868	0.67418	1	0.71275	0.57457	1	0.49327	0.53749	10.71978	1.06647	1	0.75370	0.56201	11.97480	1.06647	1	-0.00236	-0.00953	0.68322	0.00337	1	0.06514	-0.01422	0.67978	0.00379	1	1.45898	0.81042	0	
1261204	8506.15723	3305861167512	0.71702	0.57930	8506.11719	0.04004	11640	1	0.75236	0.49655	1	0.67117	0.65938	1	0.71176	0.57797	1	0.49333	0.53763	10.77419	1.06647	1	0.75359	0.56181	12.05034	1.06647	1	-0.00236	-0.00953	0.68322	0.00342	1	0.06514	-0.01422	0.67978	0.00368	1	1.45898	0.81042	0	
1261205	8506.16406	3305861234725	0.71636	0.57913	8506.11719	0.04688	11640	1	0.75236	0.49655	1	0.67117	0.65938	1	0.71176	0.57797	1	0.49334	0.53725	10.48478	1.06647	1	0.75340	0.56181	11.52164	1.06647	1	-0.00236	-0.00953	0.68322	0.00339	1	0.06514	-0.01422	0.67978	0.00386	1	1.45898	0.81042	0	
1261206	8506.16992	3305861298737	0.71485	0.57819	8506.11719	0.05273	11640	1	0.73167	0.46510	1	0.67392	0.67627	1	0.70279	0.57068	1	0.49301	0.53742	11.42301	1.06647	1	0.75364	0.56200	11.86988	1.06647	1	-0.00236	-0.00953	0.68322	0.00337	1	0.06514	-0.01422	0.67978	0.00386	1	1.45898	0.81042	0	AUDIO_FILE_OFFSET
1261207	8506.17676	3305861364643	0.71484	0.57335	8506.11719	0.05957	11640	1	0.74327	0.43228	1	0.68624	0.62717	1	0.71476	0.52973	1	0.49325	0.53692	10.74740	1.06647	1	0.75343	0.56149	11.47300	1.06647	1	-0.00236	-0.00953	0.68322	0.00361	1	0.06514	-0.01422	0.67978	0.00381	1	1.45898	0.81042	0	
1261208	8506.18359	3305861433962	0.71493	0.56916	8506.11719	0.06641	11640	1	0.74327	0.43228	1	0.68824	0.62239	1	0.71576	0.52734	1	0.49304	0.53687	10.65791	1.06647	1	0.75461	0.55882	10.07531	1.07515	1	-0.00236	-0.00953	0.68322	0.00355	1	0.06757	-0.01471	0.70563	0.00234	1	1.45898	0.81042	0	
1261209	8506.19043	3305861497578	0.71955	0.55491	8506.11719	0.07324	11640	1	0.74127	0.43506	1	0.79953	0.36108	1	0.77040	0.39807	1	0.49324	0.53713	10.89329	1.07515	1	0.75472	0.55884	9.86559	1.08383	1	-0.00236	-0.00953	0.68322	0.00349	1	0.06757	-0.01471	0.70563	0.00236	1	1.45898	0.81042	0	
1261362	8507.21582	3305871750723	0.27388	0.40961	8507.02832	0.14746	11645	0	0.26913	0.35659	1	0.27739	0.52379	1	0.27326	0.44019	1	0.47639	0.53647	9.93533	1.05881	1	0.73737	0.56064	11.98053	1.05115	1	-0.00479	-0.00968	0.67915	0.00226	1	0.06081	-0.01371	0.65992	0.00342	1	1.45898	0.81042	0	START_TRIAL
1261363	8507.22266	3305871817477	0.27223	0.41808	8507.20215	0.02051	11646	1	0.26625	0.36563	1	0.26835	0.52135	1	0.26730	0.44349	1	0.47638	0.53644	9.78658	1.05115	1	0.73715	0.56046	11.50880	1.04349	1	-0.00479	-0.00968	0.67915	0.00219	1	0.06081	-0.01371	0.65992	0.00348	1	1.45898	0.81042	0	
1261364	8507.22852	3305871884686	0.27149	0.42377	8507.20215	0.02637	11646	1	0.26869	0.37167	1	0.26835	0.52135	1	0.26852	0.44651	1	0.47614	0.53661	9.64190	1.04349	1	0.73739	0.56012	11.62386	1.04349	1	-0.00483	-0.00982	0.68555	0.00210	1	0.06301	-0.01422	0.68432	0.00360	1	1.45898	0.81042	0	
1261365	8507.23535	3305871951532	0.27118	0.42084	8507.20215	0.03320	11646	1	0.26233	0.35418	1	0.27693	0.45819	1	0.26963	0.40618	1	0.47615	0.53677	9.81553	1.04349	1	0.73732	0.55986	11.52902	1.05115	1	-0.00483	-0.00982	0.68555	0.00224	1	0.06301	-0.01422	0.68432	0.00370	1	1.45898	0.81042	0	
1261366	8507.24219	3305872018548	0.26933	0.42101	8507.20215	0.04004	11646	1	0.25581	0.35335	1	0.26069	0.49072	1	0.25825	0.42204	1	0.47598	0.53675	9.48836	1.05115	1	0.73706	0.56033	11.28256	1.05881	1	-0.00483	-0.00982	0.68555	0.00219	1	0.06301	-0.01422	0.68432	0.00367	1	1.45898	0.81042	0	
1261367	8507.24902	3305872085158	0.26803	0.42148	8507.20215	0.04688	11646	1	0.25592	0.35364	1	0.26196	0.49599	1	0.25894	0.42482	1	0.47599	0.53681	9.84800	1.05079	1	0.73717	0.56057	11.11169	1.05079	1	-0.00471	-0.00948	0.66156	0.00216	1	0.06081	-0.01371	0.65992	0.00341	1	1.45898	0.81042	0	
1261368	8507.25586	3305872151989	0.27077	0.41958	8507.20215	0.05371	11646	1	0.29014	0.36645	1	0.29523	0.44225	1	0.29268	0.40435	1	0.47609	0.53698	10.42743	1.04278	1	0.73702	0.56056	11.13526	1.03512	1	-0.00471	-0.00948	0.66156	0.00212	1	0.06081	-0.01371	0.65992	0.00341	1	1.45898	0.81042	0	
1261369	8507.26270	3305872219186	0.27116	0.41668	8507.20215	0.06055	11646	1	0.25518	0.33082	1	0.29411	0.45027	1	0.27465	0.39055	1	0.47601	0.53678	9.80113	1.02710	1	0.73708	0.56043	11.06495	1.01944	1	-0.00471	-0.00948	0.66156	0.00216	1	0.06081	-0.01371	0.65992	0.00342	1	1.45898	0.81042	0	
1261370	8507.26953	3305872286343	0.27171	0.41488	8507.20215	0.06738	11646	1	0.26042	0.34403	1	0.29402	0.44979	1	0.27722	0.39691	1	0.47599	0.53698	10.01243	1.01142	1	0.73707	0.56080	11.21314	1.02011	1	-0.00471	-0.00948	0.66156	0.00221	1	0.06437	-0.01464	0.69961	0.00345	1	1.45898	0.81042	0	
1261371	8507.27539	3305872352932	0.27306	0.41838	8507.20215	0.07324	11646	1	0.28376	0.39049	1	0.29214	0.52315	1	0.28795	0.45682	1	0.47597	0.53716	10.07247	1.02011	1	0.73707	0.56080	11.21314	1.03645	1	-0.00471	-0.00948	0.66156	0.00215	1	0.06437	-0.01464	0.69961	0.00345	1	1.45898	0.81042	0	
1261372	8507.28223	3305872418984	0.27361	0.41510	8507.20215	0.08008	11646	1	0.28467	0.33955	1	0.27564	0.41202	1	0.28015	0.37579	1	0.47611	0.53713	10.00692	1.03645	1	0.73681	0.56030	10.77060	1.05279	1	-0.00471	-0.00948	0.66156	0.00225	1	0.06437	-0.01464	0.69961	0.00367	1	1.45898	0.81042	0	
1261373	8507.28906	3305872485570	0.27368	0.41093	8507.20215	0.08691	11646	1	0.27723	0.31945	1	0.27209	0.39412	1	0.27466	0.35679	1	0.47587	0.53707	9.84496	1.06080	1	0.73678	0.56052	10.90235	1.07714	1	-0.00484	-0.00963	0.67209	0.00228	1	0.06437	-0.01464	0.69961	0.00357	1	1.45898	0.81042	0	
1261374	8507.29590	3305872554173	0.27376	0.40588	8507.20215	0.09375	11646	1	0.27822	0.30778	1	0.27153	0.36239	1	0.27487	0.33508	1	0.47584	0.53713	9.66208	1.08516	1	0.73687	0.55998	11.07504	1.08516	1	-0.00484	-0.00963	0.67209	0.00214	1	0.06437	-0.01464	0.69961	0.00368	1	1.45898	0.81042	0	
1261375	8507.30273	3305872621801	0.27407	0.40174	8507.20215	0.10059	11646	1	0.27685	0.30392	1	0.28039	0.37532	1	0.27862	0.33962	1	0.47585	0.53714	9.66741	1.09318	1	0.73695	0.56023	11.08468	1.09318	1	-0.00484	-0.00963	0.67209	0.00215	1	0.06437	-0.01464	0.69961	0.00352	1	1.45898	0.81042	0	
1261376	8507.30957	3305872687916	0.27423	0.39772	8507.20215	0.10742	11646	1	0.27449	0.29738	1	0.27930	0.36938	1	0.27689	0.33338	1	0.47584	0.53721	9.73583	1.10119	1	0.73677	0.56037	11.08348	1.10119	1	-0.00490	-0.00981	0.68138	0.00205	1	0.06437	-0.01464	0.69961	0.00362	1	1.45898	0.81042	0	
1261377	8507.31543	3305872754201	0.27462	0.39326	8507.20215	0.11328	11646	1	0.27387	0.28942	1	0.28854	0.34573	1	0.28120	0.31757	1	0.47580	0.53716	9.47222	1.10119	1	0.73710	0.56008	11.07551	1.10119	1	-0.00490	-0.00981	0.68138	0.00217	1	0.06437	-0.01464	0.69961	0.00359	1	1.45898	0.81042	0	
1261378	8507.32227	3305872821810	0.27480	0.38941	8507.20215	0.12012	11646	1	0.28638	0.27954	1	0.26983	0.36050	1	0.27810	0.32002	1	0.47591	0.53709	9.63674	1.10119	1	0.73689	0.56016	10.94909	1.10119	1	-0.00490	-0.00981	0.68138	0.00215	1	0.06437	-0.01464	0.69961	0.00362	1	1.45898	0.81042	0	
1261379	8507.32910	3305872888355	0.27506	0.38626	8507.20215	0.12695	11646	1	0.28866	0.28621	1	0.27098	0.36650	1	0.27982	0.32636	1	0.47574	0.53699	9.52152	1.09318	1	0.73681	0.56019	10.87576	1.09318	1	-0.00481	-0.00952	0.66112	0.00219	1	0.06437	-0.01464	0.69961	0.00357	1	1.45898	0.81042	0	
1261380	8507.33594	3305872956528	0.27770	0.35910	8507.20215	0.12695	11646	0	0.27609	0.30260	1	0.26037	0.41816	1	0.26823	0.36038	1	0.47572	0.53723	9.60552	1.08516	1	0.73671	0.56071	10.83658	1.08516	1	-0.00481	-0.00952	0.66112	0.00209	1	0.06437	-0.01464	0.69961	0.00337	1	1.45898	0.81042	0	
1261381	8507.34277	3305873023290	0.28307	0.37488	8507.20215	0.12695	11646	0	0.27646	0.30836	1	0.30040	0.47293	1	0.28843	0.39065	1	0.47579	0.53716	9.50531	1.07714	1	0.73694	0.56099	11.12521	1.07714	1	-0.00481	-0.00952	0.66112	0.00209	1	0.06437	-0.01464	0.69961	0.00339	1	1.45898	0.81042	0	
1261382	8507.34961	3305873090078	0.28486	0.38013	8507.20215	0.12695	11646	0	0.27646	0.30836	1	0.30040	0.47293	1	0.28843	0.39065	1	0.47578	0.53721	9.48693	1.07714	1	0.73675	0.56091	10.79412	1.07714	1	-0.00506	-0.00992	0.68899	0.00208	1	0.06446	-0.01471	0.70058	0.00352	1	1.45898	0.81042	0	
1261383	8507.35645	3305873155977	0.28618	0.37704	8507.33594	0.02051	11647	1	0.28592	0.32000	1	0.29437	0.41550	1	0.29015	0.36775	1	0.47589	0.53725	9.65471	1.08516	1	0.73685	0.56068	11.13075	1.08516	1	-0.00506	-0.00992	0.68899	0.00217	1	0.06446	-0.01471	0.70058	0.00353	1	1.45898	0.81042	0	
1261384	8507.36328	3305873224371	0.28372	0.37236	8507.33594	0.02734	11647	1	0.27371	0.29600	1	0.27402	0.41130	1	0.27386	0.35365	1	0.47572	0.53723	9.60552	1.09318	1	0.73691	0.56073	11.24749	1.09318	1	-0.00506	-0.00992	0.68899	0.00209	1	0.06446	-0.01471	0.70058	0.00350	1	1.45898	0.81042	0	
1261385	8507.36914	3305873288824	0.28227	0.37021	8507.33594	0.03320	11647	1	0.27371	0.29600	1	0.27634	0.42288	1	0.27503	0.35944	1	0.47741	0.54040	10.70131	1.09318	1	0.73756	0.56122	10.66595	1.07684	1	-0.00466	-0.00957	0.65464	0.00307	1	0.06008	-0.01376	0.65305	0.00331	1	1.45898	0.81042	0	
1261386	8507.37598	3305873356351	0.28302	0.37091	8507.33594	0.04004	11647	1	0.26420	0.29951	1	0.31085	0.45080	1	0.28752	0.37515	1	0.47667	0.53793	8.37017	1.06882	1	0.73784	0.56170	11.23306	1.05248	1	-0.00466	-0.00957	0.65464	0.00203	1	0.06008	-0.01376	0.65305	0.00356	1	1.45898	0.81042	0	
1261387	8507.38281	3305873425753	0.27939	0.37546	8507.33594	0.04688	11647	1	0.24944	0.33058	1	0.25856	0.48406	1	0.25400	0.40732	1	0.47666	0.53792	8.09208	1.04446	1	0.73769	0.56181	11.28013	1.02812	1	-0.00466	-0.00957	0.65464	0.00190	1	0.06008	-0.01376	0.65305	0.00325	1	1.45898	0.81042	0	
1261388	8507.38965	3305873492429	0.27702	0.38038	8507.33594	0.05371	11647	1	0.25488	0.34413	1	0.26128	0.49522	1	0.25808	0.41967	1	0.48020	0.54184	9.22160	1.02812	1	0.74047	0.56333	10.59296	1.01178	1	-0.00446	-0.01026	0.69110	0.00292	1	0.06114	-0.01416	0.66023	0.00296	1	1.45898	0.81042	0	
1261389	8507.39648	3305873561122	0.29207	0.40488	8507.33594	0.06055	11647	1	0.46633	0.64180	1	0.38861	0.60911	1	0.42747	0.62545	1	0.48087	0.54217	10.39260	1.01980	1	0.74065	0.56360	10.60062	1.01980	1	-0.00446	-0.01026	0.69110	0.00291	1	0.06114	-0.01416	0.66023	0.00298	1	1.45898	0.81042	0	
1261390	8507.40332	3305873625930	0.30306	0.42549	8507.33594	0.06738	11647	1	0.43943	0.68281	1	0.38643	0.58039	1	0.41293	0.63160	1	0.48030	0.54263	9.87935	1.02782	1	0.74065	0.56380	10.64954	1.02782	1	-0.00446	-0.01026	0.69110	0.00326	1	0.06114	-0.01416	0.66023	0.00314	1	1.45898	0.81042	0	
1261391	8507.41016	3305873692896	0.31213	0.44231	8507.33594	0.07422	11647	1	0.43793	0.67892	1	0.38606	0.57559	1	0.41200	0.62725	1	0.48069	0.54287	10.65368	1.03583	1	0.74054	0.56400	10.50838	1.03583	1	-0.00446	-0.01031	0.69110	0.00284	1	0.06114	-0.01431	0.66023	0.00279	1	1.45898	0.81042	0	
1261392	8507.41602	3305873760063	0.32018	0.45862	8507.33594	0.08008	11647	1	0.44889	0.68289	1	0.38460	0.62574	1	0.41674	0.65432	1	0.48050	0.54319	10.71864	1.03583	1	0.74066	0.56436	10.97587	1.03583	1	-0.00446	-0.01031	0.69110	0.00292	1	0.06114	-0.01431	0.66023	0.00291	1	1.45898	0.81042	0	
1261393	8507.42285	3305873827166	0.32714	0.47075	8507.33594	0.08691	11647	1	0.45501	0.63659	1	0.38027	0.62027	1	0.41764	0.62843	1	0.48065	0.54282	10.11412	1.03583	1	0.74064	0.56427	10.62125	1.03583	1	-0.00446	-0.01031	0.69110	0.00297	1	0.06114	-0.01431	0.66023	0.00288	1	1.45898	0.81042	0	
1261394	8507.42969	3305873894258	0.34525	0.50654	8507.33594	0.08691	11647	0	0.45501	0.63659	1	0.38027	0.62027	1	0.41764	0.62843	1	0.48041	0.54299	9.74870	1.03583	1	0.74051	0.56447	10.80860	1.03583	1	-0.00446	-0.01031	0.69110	0.00315	1	0.06114	-0.01431	0.66023	0.00273	1	1.45898	0.81042	0	
1261395	8507.43652	3305873960923	0.37510	0.58278	8507.33594	0.08691	11647	0	0.43587	0.68308	1	0.37402	0.63498	1	0.40495	0.65903	1	0.48035	0.54339	10.71384	1.03583	1	0.74047	0.56448	10.35763	1.03583	1	-0.00446	-0.01031	0.69110	0.00301	1	0.06114	-0.01431	0.66023	0.00303	1	1.45898	0.81042	0	
1261396	8507.44336	3305874025883	0.38645	0.61486	8507.33594	0.08691	11647	0	0.44023	0.70381	1	0.37807	0.65423	1	0.40915	0.67902	1	0.48042	0.54333	10.72114	1.03583	1	0.74065	0.56476	10.50890	1.03583	1	-0.00446	-0.01031	0.69110	0.00290	1	0.06114	-0.01431	0.66023	0.00302	1	1.45898	0.81042	0	
1261397	8507.45020	3305874093281	0.40775	0.67236	8507.33594	0.08691	11647	0	0.44023	0.70381	1	0.37807	0.65423	1	0.40915	0.67902	1	0.48051	0.54324	10.28928	1.03583	1	0.74055	0.56422	10.21974	1.03583	1	-0.00450	-0.01024	0.68245	0.00290	1	0.06114	-0.01436	0.66023	0.00327	1	1.45898	0.81042	0	
1261398	8507.45703	3305874161568	0.43262	0.65982	8507.33594	0.08691	11647	0	0.49886	0.66343	1	0.41614	0.63116	1	0.45750	0.64729	1	0.48057	0.54305	10.26993	1.03583	1	0.74046	0.56445	10.23777	1.03583	1	-0.00450	-0.01024	0.68245	0.00305	1	0.06114	-0.01436	0.66023	0.00318	1	1.45898	0.81042	0	
1261399	8507.46289	3305874228788	0.44194	0.65311	8507.33594	0.08691	11647	0	0.50285	0.67579	1	0.41830	0.60358	1	0.46057	0.63968	1	0.48067	0.54315	10.12245	1.03583	1	0.74047	0.56413	10.23844	1.03583	1	-0.00450	-0.01024	0.68245	0.00298	1	0.06114	-0.01436	0.66023	0.00323	1	1.45898	0.81042	0	
1261400	8507.46973	3305874295954	0.44660	0.64975	8507.45020	0.01953	11648	1	0.50285	0.67579	1	0.41830	0.60358	1	0.46057	0.63968	1	0.48097	0.54317	10.15147	1.03583	1	0.74054	0.56469	10.71548	1.03583	1	-0.00450	-0.01024	0.68245	0.00314	1	0.06114	-0.01431	0.66023	0.00296	1	1.45898	0.81042	0	
1261401	8507.47656	3305874362932	0.44892	0.64907	8507.45020	0.02637	11648	1	0.49217	0.64744	1	0.42424	0.64528	1	0.45820	0.64636	1	0.48051	0.54297	9.88363	1.03583	1	0.74062	0.56467	10.70382	1.03583	1	-0.00450	-0.01024	0.68245	0.00294	1	0.06114	-0.01431	0.66023	0.00298	1	1.45898	0.81042	0	
1261402	8507.48340	3305874429582	0.45123	0.64281	8507.45020	0.03320	11648	1	0.50858	0.65790	1	0.41694	0.56508	1	0.46276	0.61149	1	0.48084	0.54312	10.13961	1.03583	1	0.74046	0.56378	10.22307	1.03583	1	-0.00450	-0.01024	0.68245	0.00311	1	0.06114	-0.01431	0.66023	0.00337	1	1.45898	0.81042	0	
1261403	8507.49023	3305874496989	0.45286	0.63800	8507.45020	0.04004	11648	1	0.50858	0.65790	1	0.41681	0.56040	1	0.46270	0.60915	1	0.48014	0.54262	9.23267	1.03583	1	0.74023	0.56408	10.18523	1.04349	1	-0.00458	-0.01029	0.67939	0.00312	1	0.06288	-0.01473	0.67958	0.00318	1	1.45898	0.81042	0	
1261404	8507.49707	3305874563932	0.45153	0.64015	8507.45020	0.04688	11648	1	0.47194	0.65855	1	0.41244	0.65182	1	0.44219	0.65519	1	0.48007	0.54293	9.08424	1.04349	1	0.74039	0.56466	9.96761	1.05115	1	-0.00458	-0.01029	0.67939	0.00317	1	0.06288	-0.01473	0.67958	0.00298	1	1.45898	0.81042	0	
1261405	8507.50391	3305874630743	0.45062	0.63653	8507.45020	0.05371	11648	1	0.46841	0.65725	1	0.41822	0.55784	1	0.44331	0.60754	1	0.48016	0.54293	9.25662	1.05115	1	0.74039	0.56386	9.62180	1.05881	1	-0.00458	-0.01029	0.67939	0.00311	1	0.06288	-0.01473	0.67958	0.00345	1	1.45898	0.81042	0	
1261406	8507.51074	3305874698054	0.44983	0.63344	8507.45020	0.06055	11648	1	0.46721	0.65343	1	0.41822	0.55784	1	0.44271	0.60563	1	0.47982	0.54344	10.48858	1.05881	1	0.74005	0.56344	9.73000	1.05881	1	-0.00460	-0.01028	0.68213	0.00293	1	0.06191	-0.01454	0.67069	0.00353	1	1.45898	0.81042	0	
1261407	8507.51660	3305874764344	0.44664	0.63433	8507.45020	0.06641	11648	1	0.44410	0.68594	1	0.38551	0.60061	1	0.41481	0.64327	1	0.47974	0.54335	10.05906	1.05881	1	0.73986	0.56411	9.94404	1.05115	1	-0.00460	-0.01028	0.68213	0.00296	1	0.06191	-0.01454	0.67069	0.00281	1	1.45898	0.81042	0	
1261408	8507.52344	3305874829118	0.43418	0.63783	8507.45020	0.07324	11648	1	0.44410	0.68594	0	0.29710	0.67631	1	0.29710	0.67631	1	0.47974	0.54335	10.05906	1.05115	0	0.47986	0.54356	10.74724	1.04349	1	-0.00460	-0.01028	0.68213	0.00296	1	0.06191	-0.01454	0.67069	0.00280	1	1.45898	0.81042	0	
1261409	8507.53027	3305874898772	0.42364	0.64079	8507.45020	0.08008	11648	1	0.44410	0.68594	0	0.29710	0.67631	1	0.29710	0.67631	1	0.47974	0.54335	10.05906	1.04349	0	0.47993	0.54350	10.27814	1.04349	1	-0.00460	-0.01028	0.68213	0.00296	1	-0.00469	-0.01024	0.67946	0.00278	1	1.45898	0.81042	0	
1261410	8507.53711	3305874966278	0.41643	0.64052	8507.45020	0.08691	11648	1	0.44410	0.68594	0	0.32273	0.63705	1	0.32273	0.63705	1	0.47974	0.54335	10.05906	1.04349	0	0.48030	0.54334	10.17747	1.05115	1	-0.00460	-0.01028	0.68213	0.00296	1	-0.00469	-0.01024	0.67946	0.00322	1	1.45898	0.81042	0	
1261411	8507.54395	3305875032979	0.40804	0.63952	8507.45020	0.09375	11648	1	0.44410	0.68594	0	0.29057	0.62552	1	0.29057	0.62552	1	0.47974	0.54335	10.05906	1.05115	0	0.47976	0.54315	10.38665	1.05881	1	-0.00460	-0.01028	0.68213	0.00296	1	-0.00469	-0.01024	0.67946	0.00301	1	1.45898	0.81042	0	
1261412	8507.55078	3305875099375	0.40063	0.63839	8507.45020	0.10059	11648	1	0.44410	0.68594	0	0.28955	0.62143	1	0.28955	0.62143	1	0.47974	0.54335	10.05906	1.05881	0	0.48030	0.54286	9.48030	1.06647	1	-0.00460	-0.01028	0.68213	0.00296	1	-0.00460	-0.01039	0.68213	0.00298	1	1.45898	0.81042	0	
1261413	8507.55762	3305875166713	0.39339	0.63754	8507.45020	0.10742	11648	1	0.44410	0.68594	0	0.27748	0.62387	1	0.27748	0.62387	1	0.47974	0.54335	10.05906	1.06647	0	0.48043	0.54322	10.48458	1.06647	1	-0.00460	-0.01028	0.68213	0.00296	1	-0.00460	-0.01039	0.68213	0.00289	1	1.45898	0.81042	0	
1261414	8507.56348	3305875233532	0.35390	0.63375	8507.45020	0.10742	11648	0	0.44410	0.68594	0	0.26657	0.62373	1	0.26657	0.62373	1	0.47974	0.54335	10.05906	1.06647	0	0.48086	0.54320	10.81872	1.06647	1	-0.00460	-0.01028	0.68213	0.00296	1	-0.00460	-0.01039	0.68213	0.00284	1	1.45898	0.81042	0	
1261415	8507.57031	3305875300426	0.31023	0.62874	8507.45020	0.10742	11648	0	0.44410	0.68594	0	0.26657	0.62373	1	0.26657	0.62373	1	0.47974	0.54335	10.05906	1.06647	0	0.48429	0.54351	10.42188	1.06647	1	-0.00460	-0.01028	0.68213	0.00296	1	-0.00404	-0.01052	0.69092	0.00276	1	1.45898	0.81042	0	
1261416	8507.57715	3305875367805	0.33720	0.60828	8507.45020	0.10742	11648	0	0.44410	0.68594	0	0.39113	0.56735	1	0.39113	0.56735	1	0.47974	0.54335	10.05906	1.06647	0	0.48451	0.54307	9.47526	1.06647	1	-0.00460	-0.01028	0.68213	0.00296	1	-0.00404	-0.01052	0.69092	0.00273	1	1.45898	0.81042	0	
1261417	8507.58398	3305875434587	0.35389	0.60784	8507.56348	0.02051	11649	1	0.44410	0.68594	0	0.40396	0.60653	1	0.40396	0.60653	1	0.47974	0.54335	10.05906	1.06647	0	0.48475	0.54291	10.31290	1.06647	1	-0.00460	-0.01028	0.68213	0.00296	1	-0.00404	-0.01052	0.69092	0.00278	1	1.45898	0.81042	0	
1261418	8507.58984	3305875496868	0.36778	0.61516	8507.56348	0.02637	11649	1	0.44274	0.68235	1	0.40396	0.60653	1	0.42335	0.64444	1	0.48558	0.54332	10.47849	1.06647	1	0.74580	0.56593	11.41329	1.06647	1	-0.00369	-0.01040	0.68323	0.00293	1	0.06338	-0.01478	0.67731	0.00288	1	1.45898	0.81042	0	
1261419	8507.59668	3305875565381	0.40642	0.62056	8507.56348	0.03320	11649	1	0.62365	0.58502	1	0.57554	0.71008	1	0.59960	0.64755	1	0.48572	0.54309	9.74974	1.06647	1	0.74587	0.56575	10.97081	1.06647	1	-0.00369	-0.01040	0.68323	0.00302	1	0.06338	-0.01478	0.67731	0.00294	1	1.45898	0.81042	0	
1261420	8507.60449	3305875636226	0.43370	0.62592	8507.56348	0.04102	11649	1	0.61868	0.60490	1	0.57614	0.71121	1	0.59741	0.65805	1	0.48558	0.54334	10.50452	1.06647	1	0.74579	0.56582	11.34879	1.06647	1	-0.00369	-0.01040	0.68323	0.00294	1	0.06338	-0.01478	0.67731	0.00288	1	1.45898	0.81042	0	
1261421	8507.61035	3305875703523	0.45417	0.62993	8507.56348	0.04688	11649	1	0.61868	0.60490	1	0.57614	0.71121	1	0.59741	0.65805	1	0.48573	0.54321	9.60389	1.06647	1	0.74579	0.56572	11.18364	1.06647	1	-0.00369	-0.01040	0.68323	0.00309	1	0.06338	-0.01478	0.67731	0.00291	1	1.45898	0.81042	0	
1261422	8507.61719	3305875766527	0.47100	0.63492	8507.56348	0.05371	11649	1	0.63798	0.66998	1	0.57339	0.67962	1	0.60568	0.67480	1	0.48592	0.54343	9.95358	1.06647	1	0.74576	0.56542	10.95446	1.06647	1	-0.00369	-0.01040	0.68323	0.00302	1	0.06338	-0.01478	0.67731	0.00304	1	1.45898	0.81042	0	
1261423	8507.62402	3305875833599	0.48344	0.63590	8507.56348	0.06055	11649	1	0.62205	0.58862	1	0.56878	0.70091	1	0.59541	0.64476	1	0.48571	0.54311	9.62203	1.06647	1	0.74602	0.56560	11.04382	1.06647	1	-0.00369	-0.01040	0.68323	0.00302	1	0.06338	-0.01478	0.67731	0.00291	1	1.45898	0.81042	0	
1261424	8507.63086	3305875899599	0.49358	0.63687	8507.56348	0.06738	11649	1	0.62205	0.58862	1	0.56784	0.70454	1	0.59494	0.64658	1	0.48600	0.54325	10.38488	1.06647	1	0.74529	0.56596	11.29024	1.05881	1	-0.00365	-0.01024	0.67573	0.00294	1	0.06183	-0.01441	0.66022	0.00294	1	1.45898	0.81042	0	
1261425	8507.63770	3305875967724	0.49968	0.63995	8507.56348	0.07422	11649	1	0.63846	0.60658	1	0.49503	0.74091	1	0.56675	0.67375	1	0.48589	0.54266	10.01087	1.05881	1	0.74492	0.56609	11.74457	1.05115	1	-0.00365	-0.01024	0.67573	0.00290	1	0.06183	-0.01441	0.66022	0.00322	1	1.45898	0.81042	0	
1261426	8507.64453	3305876036446	0.50511	0.64172	8507.56348	0.08105	11649	1	0.63211	0.59386	1	0.50861	0.73228	1	0.57036	0.66307	1	0.48584	0.54260	10.10066	1.05115	1	0.74508	0.56606	11.33187	1.04349	1	-0.00365	-0.01024	0.67573	0.00304	1	0.06183	-0.01441	0.66022	0.00303	1	1.45898	0.81042	0	
1261427	8507.65039	3305876102350	0.54304	0.64584	8507.56348	0.08105	11649	0	0.63222	0.59810	1	0.50861	0.73228	1	0.57041	0.66519	1	0.48570	0.54292	9.63380	1.04349	1	0.74526	0.56598	11.44013	1.04349	1	-0.00365	-0.01024	0.67573	0.00294	1	0.06393	-0.01489	0.68212	0.00316	1	1.45898	0.81042	0	
1261428	8507.65723	3305876168789	0.56506	0.66481	8507.56348	0.08105	11649	0	0.63194	0.64783	1	0.54224	0.71971	1	0.58709	0.68377	1	0.48577	0.54305	9.63213	1.04349	1	0.74562	0.56585	11.47580	1.05115	1	-0.00365	-0.01024	0.67573	0.00292	1	0.06393	-0.01489	0.68212	0.00294	1	1.45898	0.81042	0	
1261429	8507.66406	3305876238239	0.56728	0.67530	8507.56348	0.08105	11649	0	0.62883	0.61242	1	0.51459	0.78013	1	0.57171	0.69628	1	0.48583	0.54300	10.20699	1.05115	1	0.74523	0.56608	11.77945	1.05881	1	-0.00365	-0.01024	0.67573	0.00287	1	0.06393	-0.01489	0.68212	0.00296	1	1.45898	0.81042	0	
1261430	8507.67090	3305876305399	0.56844	0.67965	8507.65039	0.02051	11650	1	0.62870	0.60832	1	0.51516	0.77707	1	0.57193	0.69270	1	0.48613	0.54298	10.63045	1.05881	1	0.74582	0.56583	11.15531	1.06647	1	-0.00365	-0.01024	0.67573	0.00289	1	0.06393	-0.01489	0.68212	0.00303	1	1.45898	0.81042	0	
1261431	8507.67773	3305876372190	0.57235	0.67458	8507.65039	0.02734	11650	1	0.64308	0.58430	1	0.53286	0.72433	1	0.58797	0.65432	1	0.48600	0.54268	10.34587	1.06647	1	0.74551	0.56600	11.03104	1.06647	1	-0.00365	-0.01024	0.67573	0.00287	1	0.06393	-0.01489	0.68212	0.00298	1	1.45898	0.81042	0	
1261432	8507.68457	3305876439179	0.57378	0.67562	8507.65039	0.03418	11650	1	0.65986	0.60754	1	0.50208	0.75404	1	0.58097	0.68079	1	0.48628	0.54291	10.38146	1.06647	1	0.74539	0.56584	11.15822	1.06647	1	-0.00365	-0.01024	0.67573	0.00293	1	0.06393	-0.01489	0.68212	0.00303	1	1.45898	0.81042	0	
1261433	8507.69141	3305876506298	0.57481	0.67636	8507.65039	0.04102	11650	1	0.65986	0.60754	1	0.50208	0.75404	1	0.58097	0.68079	1	0.48620	0.54266	10.17751	1.06647	1	0.74558	0.56592	11.67166	1.06647	1	-0.00365	-0.01024	0.67573	0.00280	1	0.06393	-0.01489	0.68212	0.00294	1	1.45898	0.81042	0	
1261434	8507.69824	3305876572978	0.57152	0.67542	8507.65039	0.04785	11650	1	0.60138	0.60644	1	0.49556	0.73135	1	0.54847	0.66889	1	0.48612	0.54266	10.42225	1.06647	1	0.74517	0.56575	11.34470	1.06647	1	-0.00365	-0.01024	0.67573	0.00283	1	0.06393	-0.01489	0.68212	0.00307	1	1.45898	0.81042	0	
1261435	8507.70410	3305876640616	0.56979	0.66926	8507.65039	0.05371	11650	1	0.59597	0.55186	1	0.51602	0.68804	1	0.55600	0.61995	1	0.48618	0.54241	10.17689	1.06647	1	0.74547	0.56569	11.51022	1.06647	1	-0.00365	-0.01024	0.67573	0.00281	1	0.06393	-0.01489	0.68212	0.00309	1	1.45898	0.81042	0	
1261436	8507.71094	3305876707523	0.56839	0.66451	8507.65039	0.06055	11650	1	0.59597	0.55186	1	0.51545	0.69174	1	0.55571	0.62180	1	0.48624	0.54260	9.94825	1.06647	1	0.74611	0.56556	11.49285	1.05881	1	-0.00365	-0.01024	0.67573	0.00293	1	0.06183	-0.01439	0.65917	0.00297	1	1.45898	0.81042	0	
1261437	8507.71777	3305876774941	0.56986	0.66697	8507.65039	0.06738	11650	1	0.60352	0.63157	1	0.56561	0.75159	1	0.58457	0.69158	1	0.48609	0.54303	10.55792	1.05881	1	0.74630	0.56597	11.72587	1.05115	1	-0.00365	-0.01024	0.67573	0.00294	1	0.06183	-0.01439	0.65917	0.00284	1	1.45898	0.81042	0	
1261438	8507.72461	3305876841196	0.57050	0.66665	8507.65039	0.07422	11650	1	0.59948	0.59408	1	0.55579	0.73206	1	0.57764	0.66307	1	0.48613	0.54257	10.19987	1.05115	1	0.74617	0.56562	11.49605	1.04349	1	-0.00365	-0.01024	0.67573	0.00311	1	0.06183	-0.01439	0.65917	0.00291	1	1.45898	0.81042	0	
1261439	8507.73145	3305876908020	0.57101	0.66698	8507.65039	0.08105	11650	1	0.60015	0.60277	1	0.55401	0.73917	1	0.57708	0.67097	1	0.48605	0.54332	10.78415	1.03547	1	0.74649	0.56563	10.90108	1.02782	1	-0.00350	-0.00997	0.65797	0.00282	1	0.06183	-0.01439	0.65917	0.00290	1	1.45898	0.81042	0	
1261440	8507.73828	3305876974940	0.57177	0.66851	8507.65039	0.08789	11650	1	0.61102	0.64050	1	0.55228	0.73620	1	0.58165	0.68835	1	0.48623	0.54293	10.25136	1.01980	1	0.74635	0.56572	11.13025	1.01980	1	-0.00350	-0.00997	0.65797	0.00290	1	0.06183	-0.01439	0.65917	0.00289	1	1.45898	0.81042	0	
1261441	8507.74414	3305877041385	0.57285	0.66980	8507.65039	0.09375	11650	1	0.61518	0.60829	1	0.56072	0.76752	1	0.58795	0.68791	1	0.48634	0.54252	9.89452	1.01178	1	0.74676	0.56566	11.19234	1.01178	1	-0.00350	-0.00997	0.65797	0.00300	1	0.06183	-0.01439	0.65917	0.00299	1	1.45898	0.81042	0	
1261442	8507.75098	3305877109341	0.57379	0.67093	8507.65039	0.10059	11650	1	0.61518	0.60829	1	0.56072	0.76752	1	0.58795	0.68791	1	0.48613	0.54257	10.09054	1.01178	1	0.74671	0.56534	11.55447	1.01178	1	-0.00357	-0.01031	0.68058	0.00308	1	0.06183	-0.01436	0.65813	0.00286	1	1.45898	0.81042	0	
1261443	8507.75781	3305877176290	0.57290	0.67377	8507.65039	0.10742	11650	1	0.60578	0.68453	1	0.51146	0.75377	1	0.55862	0.71915	1	0.48620	0.54311	10.72404	1.01980	1	0.74602	0.56582	11.68308	1.01980	1	-0.00357	-0.01031	0.68058	0.00279	1	0.06183	-0.01436	0.65813	0.00297	1	1.45898	0.81042	0	
1261444	8507.76465	3305877242783	0.57256	0.67751	8507.65039	0.11426	11650	1	0.61593	0.67500	1	0.51779	0.80741	1	0.56686	0.74120	1	0.48632	0.54310	10.57032	1.02782	1	0.74606	0.56626	12.58103	1.02782	1	-0.00357	-0.01031	0.68058	0.00281	1	0.06183	-0.01436	0.65813	0.00285	1	1.45898	0.81042	0	
1261445	8507.77148	3305877309947	0.57229	0.68061	8507.65039	0.12109	11650	1	0.61570	0.67109	1	0.51903	0.80137	1	0.56737	0.73623	1	0.48682	0.54313	10.88051	1.03583	1	0.74617	0.56579	11.54205	1.04349	1	-0.00345	-0.01020	0.67691	0.00283	1	0.06281	-0.01453	0.66801	0.00305	1	1.45898	0.81042	0	
1261446	8507.77832	3305877376802	0.57177	0.68065	8507.65039	0.12793	11650	1	0.62327	0.63882	1	0.50033	0.72431	1	0.56180	0.68157	1	0.48684	0.54313	10.71982	1.04349	1	0.74617	0.56577	11.73500	1.05115	1	-0.00345	-0.01020	0.67691	0.00276	1	0.06281	-0.01453	0.66801	0.00302	1	1.45898	0.81042	0	
1261447	8507.78516	3305877443760	0.57061	0.68135	8507.65039	0.13477	11650	1	0.60298	0.65260	1	0.49185	0.73789	1	0.54741	0.69525	1	0.48687	0.54298	10.74076	1.05115	1	0.74596	0.56566	11.37467	1.05881	1	-0.00345	-0.01020	0.67691	0.00277	1	0.06281	-0.01453	0.66801	0.00317	1	1.45898	0.81042	0	
1261448	8507.79199	3305877510739	0.56954	0.68206	8507.65039	0.14160	11650	1	0.60299	0.65278	1	0.49143	0.74141	1	0.54721	0.69709	1	0.48716	0.54258	10.02710	1.05079	1	0.74665	0.56536	11.48590	1.05079	1	-0.00326	-0.00973	0.64849	0.00286	1	0.06183	-0.01434	0.65710	0.00301	1	1.45898	0.81042	0	
1261449	8507.79785	3305877578147	0.57001	0.68186	8507.65039	0.14746	11650	1	0.61286	0.60779	1	0.54752	0.74714	1	0.58019	0.67746	1	0.48710	0.54260	10.21613	1.04278	1	0.74688	0.56543	11.19181	1.03512	1	-0.00326	-0.00973	0.64849	0.00286	1	0.06183	-0.01434	0.65710	0.00298	1	1.45898	0.81042	0	
1261450	8507.80469	3305877644517	0.57043	0.68227	8507.65039	0.15430	11650	1	0.60261	0.61947	1	0.55765	0.76397	1	0.58013	0.69172	1	0.48693	0.54277	10.52436	1.02710	1	0.74710	0.56580	11.29612	1.01944	1	-0.00326	-0.00973	0.64849	0.00283	1	0.06183	-0.01434	0.65710	0.00284	1	1.45898	0.81042	0	
1261451	8507.81152	3305877709958	0.57081	0.68289	8507.65039	0.16113	11650	1	0.60324	0.62797	1	0.55670	0.76744	1	0.57997	0.69770	1	0.48700	0.54228	9.96321	1.01142	1	0.74687	0.56572	11.89022	1.01142	1	-0.00326	-0.00973	0.64849	0.00313	1	0.06369	-0.01458	0.67516	0.00304	1	1.45898	0.81042	0	
1261452	8507.81836	3305877777210	0.57145	0.68471	8507.65039	0.16797	11650	1	0.63711	0.67783	1	0.53786	0.78246	1	0.58749	0.73015	1	0.48733	0.54224	9.85100	1.01142	1	0.74717	0.56555	11.94322	1.01908	1	-0.00326	-0.00973	0.64849	0.00283	1	0.06369	-0.01458	0.67516	0.00289	1	1.45898	0.81042	0	
1261453	8507.82520	3305877845025	0.57192	0.68729	8507.65039	0.17480	11650	1	0.63691	0.71700	1	0.53149	0.79201	1	0.58420	0.75450	1	0.48745	0.54222	9.11988	1.01908	1	0.74714	0.56520	11.74921	1.02674	1	-0.00326	-0.00973	0.64849	0.00265	1	0.06369	-0.01458	0.67516	0.00280	1	1.45898	0.81042	0	
1261454	8507.83105	3305877910336	0.57192	0.68729	8507.65039	0.18066	11650	1	0.63691	0.71700	0	0.53149	0.79201	0	0.58420	0.75450	0	0.48745	0.54222	9.11988	1.02674	0	0.74714	0.56520	11.74921	1.03440	0	-0.00326	-0.00973	0.64849	0.00265	1	0.06369	-0.01458	0.67516	0.00280	1	1.45898	0.81042	0	
1261455	8507.83887	3305877979794	0.57192	0.68729	8507.65039	0.18848	11650	1	0.63691	0.71700	0	0.53149	0.79201	0	0.58420	0.75450	0	0.48745	0.54222	9.11988	1.03440	0	0.74714	0.56520	11.74921	1.03440	0	-0.00326	-0.00973	0.64849	0.00265	1	0.06369	-0.01458	0.67516	0.00280	1	1.45898	0.81042	0	
1261456	8507.84473	3305878046735	0.57192	0.68729	8507.65039	0.19434	11650	1	0.63691	0.71700	0	0.53149	0.79201	0	0.58420	0.75450	0	0.48745	0.54222	9.11988	1.03440	0	0.74714	0.56520	11.74921	1.03440	0	-0.00326	-0.00973	0.64849	0.00265	1	0.06369	-0.01458	0.67516	0.00280	1	1.45898	0.81042	0	
1261457	8507.85156	3305878114061	0.57077	0.70916	8507.65039	0.19434	11650	0	0.63691	0.71700	0	0.53149	0.79201	0	0.58420	0.75450	0	0.48745	0.54222	9.11988	1.03440	0	0.74714	0.56520	11.74921	1.03440	0	-0.00326	-0.00973	0.64849	0.00265	1	0.06369	-0.01458	0.67516	0.00280	1	1.45898	0.81042	0	
1261458	8507.85840	3305878181395	0.57077	0.70916	8507.65039	0.19434	11650	0	0.63691	0.71700	0	0.53149	0.79201	0	0.58420	0.75450	0	0.48745	0.54222	9.11988	1.03440	0	0.74714	0.56520	11.74921	1.03440	0	-0.00326	-0.00973	0.64849	0.00265	1	0.06369	-0.01458	0.67516	0.00280	1	1.45898	0.81042	0	
1261459	8507.86523	3305878247675	0.57077	0.70916	8507.65039	0.19434	11650	0	0.63691	0.71700	0	0.53149	0.79201	0	0.58420	0.75450	0	0.48745	0.54222	9.11988	1.03440	0	0.74714	0.56520	11.74921	1.03440	0	-0.00326	-0.00973	0.64849	0.00265	1	0.06369	-0.01458	0.67516	0.00280	1	1.45898	0.81042	0	
1261460	8507.87207	3305878315240	0.00000	0.00000	8507.65039	0.19434	11650	0	0.63691	0.71700	0	0.53149	0.79201	0	0.58420	0.75450	0	0.48745	0.54222	9.11988	1.03440	0	0.74714	0.56520	11.74921	1.03440	0	-0.00326	-0.00973	0.64849	0.00265	1	0.06369	-0.01458	0.67516	0.00280	1	1.45898	0.81042	0	
1261461	8507.87891	3305878381558	0.00000	0.00000	8507.65039	0.19434	11650	0	0.63691	0.71700	0	0.53149	0.79201	0	0.58420	0.75450	0	0.48745	0.54222	9.11988	1.03440	0	0.74714	0.56520	11.74921	1.03440	0	-0.00326	-0.00973	0.64849	0.00265	1	0.06369	-0.01458	0.67516	0.00280	1	1.45898	0.81042	0	
1261462	8507.88477	3305878446707	0.00000	0.00000	8507.65039	0.19434	11650	0	0.63691	0.71700	0	0.53149	0.79201	0	0.58420	0.75450	0	0.48745	0.54222	9.11988	1.03440	0	0.74714	0.56520	11.74921	1.03440	0	-0.00326	-0.00973	0.64849	0.00265	1	0.06369	-0.01458	0.67516	0.00280	1	1.45898	0.81042	0	
1261463	8507.89160	3305878515838	0.00000	0.00000	8507.65039	0.19434	11650	0	0.63691	0.71700	0	0.53149	0.79201	0	0.58420	0.75450	0	0.48745	0.54222	9.11988	1.03440	0	0.74714	0.56520	11.74921	1.03440	0	-0.00326	-0.00973	0.64849	0.00265	1	0.06369	-0.01458	0.67516	0.00280	1	1.45898	0.81042	0	
1261464	8507.89844	3305878582760	0.00000	0.00000	8507.65039	0.19434	11650	0	0.63691	0.71700	0	0.53149	0.79201	0	0.58420	0.75450	0	0.48745	0.54222	9.11988	1.03440	0	0.74714	0.56520	11.74921	1.03440	0	-0.00326	-0.00973	0.64849	0.00265	1	0.06369	-0.01458	0.67516	0.00280	1	1.45898	0.81042	0	
1261465	8507.90527	3305878647168	0.00000	0.00000	8507.65039	0.19434	11650	0	0.63691	0.71700	0	0.53149	0.79201	0	0.58420	0.75450	0	0.48745	0.54222	9.11988	1.03440	0	0.74714	0.56520	11.74921	1.03440	0	-0.00326	-0.00973	0.64849	0.00265	1	0.06369	-0.01458	0.67516	0.00280	1	1.45898	0.81042	0	
1261466	8507.91211	3305878716608	0.00000	0.00000	8507.65039	0.19434	11650	0	0.63691	0.71700	0	0.53149	0.79201	0	0.58420	0.75450	0	0.48745	0.54222	9.11988	1.03440	0	0.74714	0.56520	11.74921	1.03440	0	-0.00326	-0.00973	0.64849	0.00265	1	0.06369	-0.01458	0.67516	0.00280	1	1.45898	0.81042	0	
1261467	8507.91895	3305878783139	0.00000	0.00000	8507.65039	0.19434	11650	0	0.63691	0.71700	0	0.53149	0.79201	0	0.58420	0.75450	0	0.48745	0.54222	9.11988	1.03440	0	0.74714	0.56520	11.74921	1.03440	0	-0.00326	-0.00973	0.64849	0.00265	1	0.06369	-0.01458	0.67516	0.00280	1	1.45898	0.81042	0	
1261468	8507.92578	3305878850740	0.00000	0.00000	8507.65039	0.19434	11650	0	0.63691	0.71700	0	0.53149	0.79201	0	0.58420	0.75450	0	0.48745	0.54222	9.11988	1.03440	0	0.74714	0.56520	11.74921	1.03440	0	-0.00326	-0.00973	0.64849	0.00265	1	0.06369	-0.01458	0.67516	0.00280	1	1.45898	0.81042	0	
1261469	8507.93262	3305878917776	0.00000	0.00000	8507.65039	0.19434	11650	0	0.63691	0.71700	0	0.53149	0.79201	0	0.58420	0.75450	0	0.48745	0.54222	9.11988	1.03440	0	0.74714	0.56520	11.74921	1.03440	0	-0.00326	-0.00973	0.64849	0.00265	1	0.06369	-0.01458	0.67516	0.00280	1	1.45898	0.81042	0	
1261470	8507.93848	3305878983947	0.00000	0.00000	8507.65039	0.19434	11650	0	0.63691	0.71700	0	0.53149	0.79201	0	0.58420	0.75450	0	0.48745	0.54222	9.11988	1.03440	0	0.74714	0.56520	11.74921	1.03440	0	-0.00326	-0.00973	0.64849	0.00265	1	0.06369	-0.01458	0.67516	0.00280	1	1.45898	0.81042	0	
1261471	8507.94531	3305879051581	0.00000	0.00000	8507.65039	0.19434	11650	0	0.63691	0.71700	0	0.53149	0.79201	0	0.58420	0.75450	0	0.48745	0.54222	9.11988	1.03440	0	0.74714	0.56520	11.74921	1.03440	0	-0.00326	-0.00973	0.64849	0.00265	1	0.06369	-0.01458	0.67516	0.00280	1	1.45898	0.81042	0	
1261472	8507.95215	3305879118644	0.00000	0.00000	8507.65039	0.19434	11650	0	0.63691	0.71700	0	0.53149	0.79201	0	0.58420	0.75450	0	0.48745	0.54222	9.11988	1.03440	0	0.74714	0.56520	11.74921	1.03440	0	-0.00326	-0.00973	0.64849	0.00265	1	0.06369	-0.01458	0.67516	0.00280	1	1.45898	0.81042	0	
1261473	8507.95898	3305879185445	0.00000	0.00000	8507.65039	0.19434	11650	0	0.63691	0.71700	0	0.53149	0.79201	0	0.58420	0.75450	0	0.48745	0.54222	9.11988	1.03440	0	0.74714	0.56520	11.74921	1.03440	0	-0.00326	-0.00973	0.64849	0.00265	1	0.06369	-0.01458	0.67516	0.00280	1	1.45898	0.81042	0	
1261474	8507.96582	3305879252192	0.00000	0.00000	8507.65039	0.19434	11650	0	0.63691	0.71700	0	0.53149	0.79201	0	0.58420	0.75450	0	0.48745	0.54222	9.11988	1.03440	0	0.74714	0.56520	11.74921	1.03440	0	-0.00326	-0.00973	0.64849	0.00265	1	0.06369	-0.01458	0.67516	0.00280	1	1.45898	0.81042	0	
1261475	8507.97266	3305879319630	0.00000	0.00000	8507.65039	0.19434	11650	0	0.63691	0.71700	0	0.53149	0.79201	0	0.58420	0.75450	0	0.48745	0.54222	9.11988	1.03440	0	0.74714	0.56520	11.74921	1.03440	0	-0.00326	-0.00973	0.64849	0.00265	1	0.06369	-0.01458	0.67516	0.00280	1	1.45898	0.81042	0	
1261476	8507.97949	3305879387072	0.00000	0.00000	8507.65039	0.19434	11650	0	0.63691	0.71700	0	0.53149	0.79201	0	0.58420	0.75450	0	0.48745	0.54222	9.11988	1.03440	0	0.74714	0.56520	11.74921	1.03440	0	-0.00326	-0.00973	0.64849	0.00265	1	0.06369	-0.01458	0.67516	0.00280	1	1.45898	0.81042	0	
1261477	8507.98535	3305879452954	0.00000	0.00000	8507.65039	0.19434	11650	0	0.63691	0.71700	0	0.53149	0.79201	0	0.58420	0.75450	0	0.48745	0.54222	9.11988	1.03440	0	0.74714	0.56520	11.74921	1.03440	0	-0.00326	-0.00973	0.64849	0.00265	1	0.06369	-0.01458	0.67516	0.00280	1	1.45898	0.81042	0	
1261478	8507.99219	3305879516109	0.00000	0.00000	8507.65039	0.19434	11650	0	0.63691	0.71700	0	0.53149	0.79201	0	0.58420	0.75450	0	0.48745	0.54222	9.11988	1.03440	0	0.74714	0.56520	11.74921	1.03440	0	-0.00326	-0.00973	0.64849	0.00265	1	0.06369	-0.01458	0.67516	0.00280	1	1.45898	0.81042	0	
1261479	8507.99902	3305879583720	0.00000	0.00000	8507.65039	0.19434	11650	0	0.63691	0.71700	0	0.53149	0.79201	0	0.58420	0.75450	0	0.48745	0.54222	9.11988	1.03440	0	0.74714	0.56520	11.74921	1.03440	0	-0.00326	-0.00973	0.64849	0.00265	1	0.06369	-0.01458	0.67516	0.00280	1	1.45898	0.81042	0	
1261480	8508.00586	3305879651605	0.00000	0.00000	8507.65039	0.19434	11650	0	0.63691	0.71700	0	0.53149	0.79201	0	0.58420	0.75450	0	0.48745	0.54222	9.11988	1.03440	0	0.74714	0.56520	11.74921	1.03440	0	-0.00326	-0.00973	0.64849	0.00265	1	0.06369	-0.01458	0.67516	0.00280	1	1.45898	0.81042	0	
1261481	8508.01270	3305879719347	0.00000	0.00000	8507.65039	0.19434	11650	0	0.63691	0.71700	0	0.53149	0.79201	0	0.58420	0.75450	0	0.48745	0.54222	9.11988	1.03440	0	0.74714	0.56520	11.74921	1.03440	0	-0.00326	-0.00973	0.64849	0.00265	1	0.06369	-0.01458	0.67516	0.00280	1	1.45898	0.81042	0	
1261482	8508.01953	3305879785846	0.25821	0.24136	8507.65039	0.19434	11650	0	0.63691	0.71700	0	0.51643	0.48273	1	0.51643	0.48273	1	0.48745	0.54222	9.11988	1.03440	0	0.74555	0.55926	10.53203	1.03440	1	-0.00326	-0.00973	0.64849	0.00265	1	0.06369	-0.01458	0.67516	0.00343	1	1.45898	0.81042	0	
1261483	8508.02539	3305879852093	0.25821	0.24136	8507.65039	0.19434	11650	0	0.63691	0.71700	0	0.51643	0.48273	0	0.51643	0.48273	0	0.48745	0.54222	9.11988	1.03440	0	0.74555	0.55926	10.53203	1.03440	0	-0.00326	-0.00973	0.64849	0.00265	1	0.06369	-0.01458	0.67516	0.00343	1	1.45898	0.81042	0	
1261484	8508.03223	3305879920423	0.51643	0.48273	8507.65039	0.19434	11650	0	0.63691	0.71700	0	0.51643	0.48273	0	0.51643	0.48273	0	0.48745	0.54222	9.11988	1.03440	0	0.74555	0.55926	10.53203	1.03440	0	-0.00326	-0.00973	0.64849	0.00265	1	0.06369	-0.01458	0.67516	0.00343	1	1.45898	0.81042	0	
1261485	8508.03906	3305879986808	0.50023	0.47929	8507.65039	0.19434	11650	0	0.63691	0.71700	0	0.48402	0.47585	1	0.48402	0.47585	1	0.48745	0.54222	9.11988	1.03440	0	0.74538	0.55926	11.24989	1.03440	1	-0.00326	-0.00973	0.64849	0.00265	1	0.06369	-0.01458	0.67516	0.00343	1	1.45898	0.81042	0	
1261486	8508.04590	3305880054023	0.49357	0.47338	8507.65039	0.19434	11650	0	0.63691	0.71700	0	0.48027	0.46157	1	0.48027	0.46157	1	0.48745	0.54222	9.11988	1.03440	0	0.74530	0.55913	10.97419	1.03440	1	-0.00326	-0.00973	0.64849	0.00265	1	0.06369	-0.01458	0.67516	0.00359	1	1.45898	0.81042	0	
1261487	8508.05273	3305880118373	0.49357	0.47338	8508.03223	0.02051	11651	1	0.63691	0.71700	0	0.48027	0.46157	0	0.48027	0.46157	0	0.48745	0.54222	9.11988	1.03440	0	0.74530	0.55913	10.97419	1.03440	0	-0.00326	-0.00973	0.64849	0.00265	1	0.06369	-0.01458	0.67516	0.00359	1	1.45898	0.81042	0	
1261488	8508.05957	3305880191054	0.49357	0.47338	8508.03223	0.02734	11651	1	0.63691	0.71700	0	0.48027	0.46157	0	0.48027	0.46157	0	0.48745	0.54222	9.11988	1.03440	0	0.74530	0.55913	10.97419	1.03440	0	-0.00326	-0.00973	0.64849	0.00265	1	0.06369	-0.01458	0.67516	0.00359	1	1.45898	0.81042	0	
1261489	8508.06641	3305880257879	0.49357	0.47338	8508.03223	0.03418	11651	1	0.63691	0.71700	0	0.48027	0.46157	0	0.48027	0.46157	0	0.48745	0.54222	9.11988	1.03440	0	0.74530	0.55913	10.97419	1.03440	0	-0.00326	-0.00973	0.64849	0.00265	1	0.06369	-0.01458	0.67516	0.00359	1	1.45898	0.81042	0	
1261490	8508.07324	3305880324038	0.48214	0.46871	8508.03223	0.03418	11651	0	0.63691	0.71700	0	0.48027	0.46157	0	0.48027	0.46157	0	0.48745	0.54222	9.11988	1.03440	0	0.74530	0.55913	10.97419	1.03440	0	-0.00326	-0.00973	0.64849	0.00265	1	0.06369	-0.01458	0.67516	0.00359	1	1.45898	0.81042	0	
1261491	8508.08008	3305880391158	0.48214	0.46871	8508.03223	0.03418	11651	0	0.63691	0.71700	0	0.48027	0.46157	0	0.48027	0.46157	0	0.48745	0.54222	9.11988	1.03440	0	0.74530	0.55913	10.97419	1.03440	0	-0.00326	-0.00973	0.64849	0.00265	1	0.06369	-0.01458	0.67516	0.00359	1	1.45898	0.81042	0	
1261492	8508.08594	3305880457963	0.48214	0.46871	8508.03223	0.03418	11651	0	0.63691	0.71700	0	0.48027	0.46157	0	0.48027	0.46157	0	0.48745	0.54222	9.11988	1.03440	0	0.74530	0.55913	10.97419	1.03440	0	-0.00326	-0.00973	0.64849	0.00265	1	0.06369	-0.01458	0.67516	0.00359	1	1.45898	0.81042	0	
1261493	8508.09277	3305880524721	0.00000	0.00000	8508.03223	0.03418	11651	0	0.63691	0.71700	0	0.48027	0.46157	0	0.48027	0.46157	0	0.48745	0.54222	9.11988	1.03440	0	0.74530	0.55913	10.97419	1.03440	0	-0.00326	-0.00973	0.64849	0.00265	1	0.06369	-0.01458	0.67516	0.00359	1	1.45898	0.81042	0	
1261494	8508.09961	3305880592342	0.00000	0.00000	8508.03223	0.03418	11651	0	0.63691	0.71700	0	0.48027	0.46157	0	0.48027	0.46157	0	0.48745	0.54222	9.11988	1.03440	0	0.74530	0.55913	10.97419	1.03440	0	-0.00326	-0.00973	0.64849	0.00265	1	0.06369	-0.01458	0.67516	0.00359	1	1.45898	0.81042	0	
1261495	8508.10645	3305880659486	0.00000	0.00000	8508.03223	0.03418	11651	0	0.63691	0.71700	0	0.48027	0.46157	0	0.48027	0.46157	0	0.48745	0.54222	9.11988	1.03440	0	0.74530	0.55913	10.97419	1.03440	0	-0.00326	-0.00973	0.64849	0.00265	1	0.06369	-0.01458	0.67516	0.00359	1	1.45898	0.81042	0	
1261496	8508.11328	3305880726038	0.55865	0.58117	8508.03223	0.03418	11651	0	0.63670	0.70650	1	0.48061	0.45583	1	0.55865	0.58117	1	0.48400	0.53687	10.16092	1.04242	1	0.74449	0.55992	11.36046	1.04242	1	-0.00382	-0.00954	0.68777	0.00319	1	0.06393	-0.01407	0.68212	0.00344	1	1.45898	0.81042	0	
1261497	8508.12012	3305880793428	0.53398	0.50631	8508.03223	0.03418	11651	0	0.53513	0.34855	1	0.48346	0.51434	1	0.50930	0.43145	1	0.48412	0.53632	9.94697	1.05044	1	0.74454	0.55981	11.16712	1.05044	1	-0.00382	-0.00954	0.68777	0.00334	1	0.06393	-0.01407	0.68212	0.00351	1	1.45898	0.81042	0	
1261498	8508.12695	3305880861286	0.52619	0.49361	8508.03223	0.03418	11651	0	0.54048	0.42955	1	0.48076	0.50689	1	0.51062	0.46822	1	0.48419	0.53683	10.21852	1.05845	1	0.74451	0.55978	11.15208	1.05845	1	-0.00382	-0.00954	0.68777	0.00322	1	0.06393	-0.01407	0.68212	0.00353	1	1.45898	0.81042	0	
1261499	8508.13281	3305880927644	0.51004	0.45207	8508.03223	0.03418	11651	0	0.53891	0.41744	1	0.48149	0.49565	1	0.51020	0.45655	1	0.48428	0.53706	10.15649	1.07556	1	0.74482	0.55979	10.81009	1.07556	1	-0.00404	-0.00977	0.70052	0.00308	1	0.06393	-0.01417	0.68212	0.00351	1	1.45898	0.81042	0	
1261500	8508.13965	3305880993996	0.51507	0.45378	8508.03223	0.03418	11651	0	0.55325	0.44091	1	0.48694	0.47006	1	0.52010	0.45549	1	0.48439	0.53764	10.29659	1.08464	1	0.74457	0.55953	10.46473	1.08464	1	-0.00404	-0.00977	0.70052	0.00327	1	0.06393	-0.01417	0.68212	0.00357	1	1.45898	0.81042	0	
1261501	8508.14648	3305881060812	0.51797	0.45705	8508.03223	0.03418	11651	0	0.57311	0.43426	1	0.47446	0.49295	1	0.52378	0.46361	1	0.48428	0.53781	10.17061	1.09373	1	0.74436	0.55997	11.20093	1.09373	1	-0.00404	-0.00977	0.70052	0.00329	1	0.06393	-0.01417	0.68212	0.00374	1	1.45898	0.81042	0	
1261502	8508.15332	3305881127927	0.51946	0.45799	8508.13281	0.02051	11652	1	0.57311	0.43426	1	0.47476	0.48733	1	0.52393	0.46079	1	0.48414	0.53754	10.26789	1.09373	1	0.74460	0.55961	10.44755	1.10241	1	-0.00382	-0.00936	0.67118	0.00340	1	0.06564	-0.01451	0.70083	0.00367	1	1.45898	0.81042	0	
1261503	8508.16016	3305881196078	0.51967	0.45198	8508.13281	0.02734	11652	1	0.55552	0.43419	1	0.48548	0.42169	1	0.52050	0.42794	1	0.48405	0.53770	10.35149	1.09332	1	0.74462	0.55925	10.57931	1.10200	1	-0.00382	-0.00936	0.67118	0.00337	1	0.06564	-0.01451	0.70083	0.00341	1	1.45898	0.81042	0	
1261504	8508.16602	3305881259505	0.52041	0.44541	8508.13281	0.03320	11652	1	0.55403	0.40675	1	0.49415	0.41832	1	0.52409	0.41253	1	0.48403	0.53748	10.11147	1.09292	1	0.74430	0.55918	11.10360	1.10160	1	-0.00382	-0.00936	0.67118	0.00342	1	0.06564	-0.01451	0.70083	0.00346	1	1.45898	0.81042	0	
1261505	8508.17383	3305881328931	0.52092	0.43983	8508.13281	0.04102	11652	1	0.55335	0.40062	1	0.49460	0.41213	1	0.52398	0.40638	1	0.48425	0.53765	10.03675	1.10160	1	0.74421	0.55959	11.53874	1.11028	1	-0.00404	-0.00977	0.70052	0.00334	1	0.06461	-0.01425	0.69098	0.00334	1	1.45898	0.81042	0	
1261506	8508.17969	3305881396226	0.52017	0.43382	8508.13281	0.04688	11652	1	0.53254	0.38692	1	0.49735	0.39656	1	0.51494	0.39174	1	0.48377	0.53746	10.48256	1.11936	1	0.74437	0.55938	11.10064	1.11936	1	-0.00404	-0.00977	0.70052	0.00334	1	0.06461	-0.01425	0.69098	0.00336	1	1.45898	0.81042	0	
1261507	8508.18652	3305881462933	0.51942	0.42967	8508.13281	0.05371	11652	1	0.52616	0.36818	1	0.50063	0.42470	1	0.51339	0.39644	1	0.48363	0.53749	10.19595	1.12845	1	0.74435	0.55948	11.04466	1.12845	1	-0.00404	-0.00977	0.70052	0.00345	1	0.06461	-0.01425	0.69098	0.00336	1	1.45898	0.81042	0	
1261508	8508.19336	3305881530049	0.51879	0.42664	8508.13281	0.06055	11652	1	0.52616	0.36818	1	0.50014	0.43069	1	0.51315	0.39944	1	0.48359	0.53752	10.19176	1.12845	1	0.74440	0.55956	11.17885	1.11977	1	-0.00400	-0.00954	0.68388	0.00343	1	0.06339	-0.01399	0.67850	0.00375	1	1.45898	0.81042	0	
1261509	8508.20020	3305881596327	0.51720	0.42671	8508.13281	0.06738	11652	1	0.52735	0.40926	1	0.47518	0.44541	1	0.50126	0.42733	1	0.48361	0.53769	10.30643	1.11068	1	0.74400	0.55945	11.26529	1.10200	1	-0.00400	-0.00954	0.68388	0.00342	1	0.06339	-0.01399	0.67850	0.00355	1	1.45898	0.81042	0	
1261510	8508.20703	3305881663845	0.51728	0.42850	8508.13281	0.07422	11652	1	0.52215	0.43656	1	0.51417	0.45993	1	0.51816	0.44824	1	0.48359	0.53776	9.56823	1.09292	1	0.74427	0.55946	11.45931	1.08424	1	-0.00400	-0.00954	0.68388	0.00340	1	0.06339	-0.01399	0.67850	0.00368	1	1.45898	0.81042	0	
1261511	8508.21387	3305881729239	0.51737	0.43095	8508.13281	0.08105	11652	1	0.52400	0.44864	1	0.51290	0.47213	1	0.51845	0.46038	1	0.48342	0.53775	10.65101	1.07515	1	0.74428	0.55871	11.31347	1.06647	1	-0.00400	-0.00949	0.68389	0.00337	1	0.06349	-0.01397	0.67958	0.00372	1	1.45898	0.81042	0	
1261512	8508.22070	3305881797825	0.51723	0.43654	8508.13281	0.08789	11652	1	0.52166	0.49771	1	0.50929	0.52066	1	0.51548	0.50918	1	0.48338	0.53785	10.91510	1.06647	1	0.74421	0.55944	11.53963	1.06647	1	-0.00400	-0.00949	0.68389	0.00339	1	0.06349	-0.01397	0.67958	0.00367	1	1.45898	0.81042	0	
1261513	8508.22656	3305881864590	0.51706	0.43927	8508.13281	0.09375	11652	1	0.52296	0.50368	1	0.50644	0.45120	1	0.51470	0.47744	1	0.48335	0.53765	10.85646	1.06647	1	0.74416	0.55880	10.95267	1.06647	1	-0.00400	-0.00949	0.68389	0.00346	1	0.06349	-0.01397	0.67958	0.00393	1	1.45898	0.81042	0	
1261514	8508.23340	3305881932459	0.51690	0.44127	8508.13281	0.10059	11652	1	0.52199	0.49792	1	0.50704	0.44478	1	0.51452	0.47135	1	0.48339	0.53784	10.71894	1.07556	1	0.74354	0.55857	11.19352	1.07556	1	-0.00419	-0.00986	0.70696	0.00353	1	0.06337	-0.01396	0.67940	0.00384	1	1.45898	0.81042	0	
1261515	8508.24023	3305881996742	0.51801	0.44229	8508.13281	0.10742	11652	1	0.56551	0.50123	1	0.50583	0.41587	1	0.53567	0.45855	1	0.48341	0.53785	10.38735	1.08464	1	0.74366	0.55833	11.03144	1.08464	1	-0.00419	-0.00986	0.70696	0.00362	1	0.06337	-0.01396	0.67940	0.00380	1	1.45898	0.81042	0	
1261516	8508.24707	3305882065800	0.51880	0.43959	8508.13281	0.11426	11652	1	0.55850	0.39028	1	0.50618	0.39715	1	0.53234	0.39371	1	0.48334	0.53665	10.11099	1.09373	1	0.74368	0.55839	11.13136	1.09373	1	-0.00419	-0.00986	0.70696	0.00340	1	0.06337	-0.01396	0.67940	0.00375	1	1.45898	0.81042	0	
1261517	8508.25391	3305882133013	0.51952	0.43718	8508.13281	0.12109	11652	1	0.55850	0.39028	1	0.50618	0.39715	1	0.53234	0.39371	1	0.48341	0.53687	10.30991	1.09373	1	0.74360	0.55897	11.14868	1.09373	1	-0.00406	-0.00940	0.67712	0.00337	1	0.06295	-0.01382	0.67483	0.00349	1	1.45898	0.81042	0	
1261518	8508.26074	3305882199935	0.51986	0.43888	8508.13281	0.12793	11652	1	0.57185	0.46749	1	0.48075	0.47500	1	0.52630	0.47124	1	0.48349	0.53724	10.72831	1.08464	1	0.74331	0.55933	12.31104	1.08464	1	-0.00406	-0.00940	0.67712	0.00335	1	0.06295	-0.01382	0.67483	0.00355	1	1.45898	0.81042	0	
1261519	8508.26758	3305882266379	0.51965	0.44121	8508.13281	0.13477	11652	1	0.54198	0.45680	1	0.48909	0.51888	1	0.51554	0.48784	1	0.48309	0.53699	10.97270	1.07556	1	0.74350	0.55930	11.42878	1.07556	1	-0.00406	-0.00940	0.67712	0.00334	1	0.06295	-0.01382	0.67483	0.00359	1	1.45898	0.81042	0	
1261520	8508.27344	3305882333900	0.51947	0.44360	8508.13281	0.14062	11652	1	0.54280	0.46290	1	0.48865	0.52465	1	0.51572	0.49377	1	0.48309	0.53715	10.92881	1.06647	1	0.74352	0.55929	11.70567	1.06647	1	-0.00411	-0.00929	0.66924	0.00327	1	0.06349	-0.01391	0.68173	0.00361	1	1.45898	0.81042	0	
1261521	8508.28027	3305882398182	0.51936	0.44526	8508.13281	0.14746	11652	1	0.54881	0.46143	1	0.48495	0.50201	1	0.51688	0.48172	1	0.48313	0.53692	9.96501	1.06647	1	0.74350	0.55884	11.55620	1.06647	1	-0.00411	-0.00929	0.66924	0.00344	1	0.06349	-0.01391	0.68173	0.00349	1	1.45898	0.81042	0	
1261522	8508.28711	3305882468278	0.51892	0.44661	8508.13281	0.15430	11652	1	0.52528	0.44010	1	0.49250	0.51538	1	0.50889	0.47774	1	0.48271	0.53696	10.37742	1.06647	1	0.74325	0.55893	12.02494	1.06647	1	-0.00411	-0.00929	0.66924	0.00354	1	0.06349	-0.01391	0.68173	0.00343	1	1.45898	0.81042	0	
1261523	8508.29395	3305882534796	0.51785	0.44956	8508.13281	0.16113	11652	1	0.52528	0.44010	0	0.49209	0.52031	1	0.49209	0.52031	1	0.48271	0.53696	10.37742	1.06647	0	0.74267	0.55749	11.23741	1.05881	1	-0.00411	-0.00929	0.66924	0.00354	1	0.06131	-0.01324	0.65892	0.00384	1	1.45898	0.81042	0	
1261524	8508.30078	3305882600927	0.51785	0.44956	8508.13281	0.16797	11652	1	0.52528	0.44010	0	0.49209	0.52031	0	0.49209	0.52031	0	0.48271	0.53696	10.37742	1.05881	0	0.74267	0.55749	11.23741	1.05115	0	-0.00411	-0.00929	0.66924	0.00354	1	0.06131	-0.01324	0.65892	0.00384	1	1.45898	0.81042	0	
1261525	8508.30762	3305882668223	0.51785	0.44956	8508.13281	0.17480	11652	1	0.52528	0.44010	0	0.49209	0.52031	0	0.49209	0.52031	0	0.48271	0.53696	10.37742	1.05115	0	0.74267	0.55749	11.23741	1.04349	0	-0.00411	-0.00929	0.66924	0.00354	1	0.06131	-0.01324	0.65892	0.00384	1	1.45898	0.81042	0	
1261526	8508.31445	3305882735647	0.51683	0.45266	8508.13281	0.18164	11652	1	0.52528	0.44010	0	0.49128	0.53019	1	0.49128	0.53019	1	0.48271	0.53696	10.37742	1.04349	0	0.74256	0.55606	11.64623	1.04349	1	-0.00411	-0.00929	0.66924	0.00354	1	0.06378	-0.01376	0.68706	0.00398	1	1.45898	0.81042	0	
1261527	8508.32031	3305882802342	0.51553	0.44932	8508.13281	0.18750	11652	1	0.52528	0.44010	0	0.48174	0.36237	1	0.48174	0.36237	1	0.48271	0.53696	10.37742	1.04349	0	0.74254	0.55581	11.54815	1.05115	1	-0.00411	-0.00929	0.66924	0.00354	1	0.06378	-0.01376	0.68706	0.00409	1	1.45898	0.81042	0	
1261528	8508.32715	3305882868841	0.51553	0.44932	8508.13281	0.19434	11652	1	0.52528	0.44010	0	0.48174	0.36237	0	0.48174	0.36237	0	0.48271	0.53696	10.37742	1.05115	0	0.74254	0.55581	11.54815	1.05881	0	-0.00411	-0.00929	0.66924	0.00354	1	0.06378	-0.01376	0.68706	0.00409	1	1.45898	0.81042	0	
1261529	8508.33398	3305882936187	0.51553	0.44932	8508.13281	0.20117	11652	1	0.52528	0.44010	0	0.48174	0.36237	0	0.48174	0.36237	0	0.48271	0.53696	10.37742	1.05881	0	0.74254	0.55581	11.54815	1.06647	0	-0.00411	-0.00929	0.66924	0.00354	1	0.06378	-0.01376	0.68706	0.00409	1	1.45898	0.81042	0	
1261530	8508.34082	3305883003539	0.51553	0.44932	8508.13281	0.20801	11652	1	0.52528	0.44010	0	0.48174	0.36237	0	0.48174	0.36237	0	0.48271	0.53696	10.37742	1.06647	0	0.74254	0.55581	11.54815	1.06647	0	-0.00411	-0.00929	0.66924	0.00354	1	0.06378	-0.01376	0.68706	0.00409	1	1.45898	0.81042	0	
1261531	8508.34766	3305883069045	0.51361	0.46188	8508.13281	0.20801	11652	0	0.52528	0.44010	0	0.48174	0.36237	0	0.48174	0.36237	0	0.48271	0.53696	10.37742	1.06647	0	0.74254	0.55581	11.54815	1.06647	0	-0.00411	-0.00929	0.66924	0.00354	1	0.06378	-0.01376	0.68706	0.00409	1	1.45898	0.81042	0	
1261532	8508.35449	3305883137980	0.51361	0.46188	8508.13281	0.20801	11652	0	0.52528	0.44010	0	0.48174	0.36237	0	0.48174	0.36237	0	0.48271	0.53696	10.37742	1.06647	0	0.74254	0.55581	11.54815	1.06647	0	-0.00411	-0.00929	0.66924	0.00354	1	0.06378	-0.01376	0.68706	0.00409	1	1.45898	0.81042	0	
1261533	8508.36133	3305883204495	0.51361	0.46188	8508.13281	0.20801	11652	0	0.52528	0.44010	0	0.48174	0.36237	0	0.48174	0.36237	0	0.48271	0.53696	10.37742	1.06647	0	0.74254	0.55581	11.54815	1.06647	0	-0.00411	-0.00929	0.66924	0.00354	1	0.06378	-0.01376	0.68706	0.00409	1	1.45898	0.81042	0	
1261534	8508.36719	3305883271711	0.00000	0.00000	8508.13281	0.20801	11652	0	0.52528	0.44010	0	0.48174	0.36237	0	0.48174	0.36237	0	0.48271	0.53696	10.37742	1.06647	0	0.74254	0.55581	11.54815	1.06647	0	-0.00411	-0.00929	0.66924	0.00354	1	0.06378	-0.01376	0.68706	0.00409	1	1.45898	0.81042	0	
1261535	8508.37402	3305883338117	0.00000	0.00000	8508.13281	0.20801	11652	0	0.52528	0.44010	0	0.48174	0.36237	0	0.48174	0.36237	0	0.48271	0.53696	10.37742	1.06647	0	0.74254	0.55581	11.54815	1.06647	0	-0.00411	-0.00929	0.66924	0.00354	1	0.06378	-0.01376	0.68706	0.00409	1	1.45898	0.81042	0	
1261536	8508.38086	3305883405302	0.00000	0.00000	8508.13281	0.20801	11652	0	0.52528	0.44010	0	0.48174	0.36237	0	0.48174	0.36237	0	0.48271	0.53696	10.37742	1.06647	0	0.74254	0.55581	11.54815	1.06647	0	-0.00411	-0.00929	0.66924	0.00354	1	0.06378	-0.01376	0.68706	0.00409	1	1.45898	0.81042	0	
1261537	8508.38770	3305883472323	0.39057	0.41347	8508.13281	0.20801	11652	0	0.52528	0.44010	0	0.39057	0.41347	1	0.39057	0.41347	1	0.48216	0.53493	10.31270	1.06647	0	0.48216	0.53493	10.31270	1.06647	1	-0.00411	-0.00929	0.66924	0.00354	1	0.06378	-0.01376	0.68706	0.00352	1	1.45898	0.81042	0	
1261538	8508.39453	3305883539400	0.39057	0.41347	8508.13281	0.20801	11652	0	0.52528	0.44010	0	0.39057	0.41347	0	0.39057	0.41347	0	0.48216	0.53493	10.31270	1.06647	0	0.48216	0.53493	10.31270	1.06647	0	-0.00411	-0.00929	0.66924	0.00354	1	0.06378	-0.01376	0.68706	0.00352	1	1.45898	0.81042	0	
1261539	8508.40039	3305883603159	0.39057	0.41347	8508.13281	0.20801	11652	0	0.52528	0.44010	0	0.39057	0.41347	0	0.39057	0.41347	0	0.48216	0.53493	10.31270	1.06647	0	0.48216	0.53493	10.31270	1.06647	0	-0.00411	-0.00929	0.66924	0.00354	1	0.06378	-0.01376	0.68706	0.00352	1	1.45898	0.81042	0	
1261540	8508.40723	3305883671338	0.00000	0.00000	8508.13281	0.20801	11652	0	0.52528	0.44010	0	0.39057	0.41347	0	0.39057	0.41347	0	0.48216	0.53493	10.31270	1.06647	0	0.48216	0.53493	10.31270	1.06647	0	-0.00411	-0.00929	0.66924	0.00354	1	0.06378	-0.01376	0.68706	0.00352	1	1.45898	0.81042	0	
1261541	8508.41406	3305883738305	0.00000	0.00000	8508.13281	0.20801	11652	0	0.52528	0.44010	0	0.39057	0.41347	0	0.39057	0.41347	0	0.48216	0.53493	10.31270	1.06647	0	0.48216	0.53493	10.31270	1.06647	0	-0.00411	-0.00929	0.66924	0.00354	1	0.06378	-0.01376	0.68706	0.00352	1	1.45898	0.81042	0	
1261542	8508.42090	3305883804506	0.00000	0.00000	8508.13281	0.20801	11652	0	0.52528	0.44010	0	0.39057	0.41347	0	0.39057	0.41347	0	0.48216	0.53493	10.31270	1.06647	0	0.48216	0.53493	10.31270	1.06647	0	-0.00411	-0.00929	0.66924	0.00354	1	0.06378	-0.01376	0.68706	0.00352	1	1.45898	0.81042	0	
1261543	8508.42773	3305883872047	0.00000	0.00000	8508.13281	0.20801	11652	0	0.52528	0.44010	0	0.39057	0.41347	0	0.39057	0.41347	0	0.48216	0.53493	10.31270	1.06647	0	0.48216	0.53493	10.31270	1.06647	0	-0.00411	-0.00929	0.66924	0.00354	1	0.06378	-0.01376	0.68706	0.00352	1	1.45898	0.81042	0	
1261544	8508.43457	3305883937925	0.00000	0.00000	8508.13281	0.20801	11652	0	0.52528	0.44010	0	0.39057	0.41347	0	0.39057	0.41347	0	0.48216	0.53493	10.31270	1.06647	0	0.48216	0.53493	10.31270	1.06647	0	-0.00411	-0.00929	0.66924	0.00354	1	0.06378	-0.01376	0.68706	0.00352	1	1.45898	0.81042	0	
1261545	8508.44141	3305884007106	0.00000	0.00000	8508.13281	0.20801	11652	0	0.52528	0.44010	0	0.39057	0.41347	0	0.39057	0.41347	0	0.48216	0.53493	10.31270	1.06647	0	0.48216	0.53493	10.31270	1.06647	0	-0.00411	-0.00929	0.66924	0.00354	1	0.06378	-0.01376	0.68706	0.00352	1	1.45898	0.81042	0	
1261546	8508.44727	3305884071828	0.00000	0.00000	8508.13281	0.20801	11652	0	0.52528	0.44010	0	0.39057	0.41347	0	0.39057	0.41347	0	0.48216	0.53493	10.31270	1.06647	0	0.48216	0.53493	10.31270	1.06647	0	-0.00411	-0.00929	0.66924	0.00354	1	0.06378	-0.01376	0.68706	0.00352	1	1.45898	0.81042	0	
1261547	8508.45410	3305884140178	0.00000	0.00000	8508.13281	0.20801	11652	0	0.52528	0.44010	0	0.39057	0.41347	0	0.39057	0.41347	0	0.48216	0.53493	10.31270	1.06647	0	0.48216	0.53493	10.31270	1.06647	0	-0.00411	-0.00929	0.66924	0.00354	1	0.06378	-0.01376	0.68706	0.00352	1	1.45898	0.81042	0	
1261548	8508.46094	3305884209197	0.25242	0.15409	8508.13281	0.20801	11652	0	0.51299	0.21368	1	0.49670	0.40268	1	0.50484	0.30818	1	0.48206	0.53218	10.24673	1.06647	1	0.74281	0.55531	10.91700	1.06647	1	-0.00411	-0.00929	0.66924	0.00215	1	0.06378	-0.01376	0.68706	0.00390	1	1.45898	0.81042	0	
1261549	8508.46777	3305884273606	0.45004	0.23427	8508.13281	0.20801	11652	0	0.51299	0.21368	0	0.39523	0.16037	1	0.39523	0.16037	1	0.48206	0.53218	10.24673	1.06647	0	0.48204	0.53218	10.19666	1.06647	1	-0.00411	-0.00929	0.66924	0.00215	1	0.06378	-0.01376	0.68706	0.00217	1	1.45898	0.81042	0	
1261550	8508.47461	3305884343255	0.42249	0.19312	8508.13281	0.20801	11652	0	0.51299	0.21368	0	0.39493	0.15197	1	0.39493	0.15197	1	0.48206	0.53218	10.24673	1.06647	0	0.48213	0.53227	9.93930	1.07515	1	-0.00411	-0.00929	0.66924	0.00215	1	-0.00451	-0.00939	0.70718	0.00217	1	1.45898	0.81042	0	
1261551	8508.48145	3305884409134	0.41253	0.21468	8508.13281	0.20801	11652	0	0.51299	0.21368	0	0.39262	0.25779	1	0.39262	0.25779	1	0.48206	0.53218	10.24673	1.07515	0	0.48198	0.53407	10.39010	1.08383	1	-0.00411	-0.00929	0.66924	0.00215	1	-0.00451	-0.00939	0.70718	0.00374	1	1.45898	0.81042	0	
1261552	8508.48828	3305884476924	0.40977	0.25133	8508.46777	0.02051	11653	1	0.51299	0.21368	0	0.40148	0.36128	1	0.40148	0.36128	1	0.48206	0.53218	10.24673	1.08383	0	0.48225	0.53475	10.50927	1.09251	1	-0.00411	-0.00929	0.66924	0.00215	1	-0.00451	-0.00939	0.70718	0.00357	1	1.45898	0.81042	0	
1261553	8508.49512	3305884543758	0.40806	0.27199	8508.46777	0.02734	11653	1	0.51299	0.21368	0	0.40123	0.35465	1	0.40123	0.35465	1	0.48206	0.53218	10.24673	1.09251	0	0.48223	0.53477	10.51060	1.10119	1	-0.00411	-0.00929	0.66924	0.00215	1	-0.00449	-0.00940	0.70432	0.00359	1	1.45898	0.81042	0	
1261554	8508.50195	3305884611647	0.40648	0.28392	8508.46777	0.03418	11653	1	0.51299	0.21368	0	0.39855	0.34359	1	0.39855	0.34359	1	0.48206	0.53218	10.24673	1.10119	0	0.48222	0.53482	10.52616	1.10119	1	-0.00411	-0.00929	0.66924	0.00215	1	-0.00449	-0.00940	0.70432	0.00357	1	1.45898	0.81042	0	
1261555	8508.50879	3305884678857	0.40609	0.25488	8508.46777	0.04102	11653	1	0.51299	0.21368	0	0.40378	0.08059	1	0.40378	0.08059	1	0.48206	0.53218	10.24673	1.10119	0	0.48211	0.53227	10.10082	1.10119	1	-0.00411	-0.00929	0.66924	0.00215	1	-0.00449	-0.00940	0.70432	0.00204	1	1.45898	0.81042	0	
1261556	8508.51465	3305884744925	0.40609	0.25488	8508.46777	0.04688	11653	1	0.51299	0.21368	0	0.40378	0.08059	0	0.40378	0.08059	0	0.48206	0.53218	10.24673	1.10119	0	0.48211	0.53227	10.10082	1.10119	0	-0.00411	-0.00929	0.66924	0.00215	1	-0.00449	-0.00940	0.70432	0.00204	1	1.45898	0.81042	0	
1261557	8508.52148	3305884812187	0.40609	0.25488	8508.46777	0.05371	11653	1	0.51299	0.21368	0	0.40378	0.08059	0	0.40378	0.08059	0	0.48206	0.53218	10.24673	1.10119	0	0.48211	0.53227	10.10082	1.10119	0	-0.00411	-0.00929	0.66924	0.00215	1	-0.00449	-0.00940	0.70432	0.00204	1	1.45898	0.81042	0	
1261558	8508.52832	3305884874620	0.40609	0.25488	8508.46777	0.06055	11653	1	0.51299	0.21368	0	0.40378	0.08059	0	0.40378	0.08059	0	0.48206	0.53218	10.24673	1.10119	0	0.48211	0.53227	10.10082	1.10119	0	-0.00411	-0.00929	0.66924	0.00215	1	-0.00449	-0.00940	0.70432	0.00204	1	1.45898	0.81042	0	
1261559	8508.53516	3305884944370	0.39877	0.25831	8508.46777	0.06055	11653	0	0.51299	0.21368	0	0.40378	0.08059	0	0.40378	0.08059	0	0.48206	0.53218	10.24673	1.10119	0	0.48211	0.53227	10.10082	1.10119	0	-0.00411	-0.00929	0.66924	0.00215	1	-0.00449	-0.00940	0.70432	0.00204	1	1.45898	0.81042	0	
1261560	8508.54199	3305885012680	0.44849	0.31498	8508.46777	0.06055	11653	0	0.51299	0.21368	0	0.49822	0.37166	1	0.49822	0.37166	1	0.48206	0.53218	10.24673	1.10119	0	0.74276	0.55512	10.94701	1.10119	1	-0.00411	-0.00929	0.66924	0.00215	1	-0.00449	-0.00940	0.70432	0.00388	1	1.45898	0.81042	0	
1261561	8508.54883	3305885080259	0.44849	0.31498	8508.46777	0.06055	11653	0	0.51299	0.21368	0	0.49822	0.37166	0	0.49822	0.37166	0	0.48206	0.53218	10.24673	1.10119	0	0.74276	0.55512	10.94701	1.10119	0	-0.00411	-0.00929	0.66924	0.00215	1	-0.00449	-0.00940	0.70432	0.00388	1	1.45898	0.81042	0	
1261562	8508.55566	3305885147337	0.49822	0.37166	8508.46777	0.06055	11653	0	0.51299	0.21368	0	0.49822	0.37166	0	0.49822	0.37166	0	0.48206	0.53218	10.24673	1.10119	0	0.74276	0.55512	10.94701	1.10119	0	-0.00411	-0.00929	0.66924	0.00215	1	-0.00449	-0.00940	0.70432	0.00388	1	1.45898	0.81042	0	
1261563	8508.56152	3305885214029	0.49822	0.37166	8508.46777	0.06055	11653	0	0.51299	0.21368	0	0.49822	0.37166	0	0.49822	0.37166	0	0.48206	0.53218	10.24673	1.10119	0	0.74276	0.55512	10.94701	1.10119	0	-0.00411	-0.00929	0.66924	0.00215	1	-0.00449	-0.00940	0.70432	0.00388	1	1.45898	0.81042	0	
1261564	8508.56836	3305885280699	0.49822	0.37166	8508.46777	0.06055	11653	0	0.51299	0.21368	0	0.49822	0.37166	0	0.49822	0.37166	0	0.48206	0.53218	10.24673	1.10119	0	0.74276	0.55512	10.94701	1.10119	0	-0.00411	-0.00929	0.66924	0.00215	1	-0.00449	-0.00940	0.70432	0.00388	1	1.45898	0.81042	0	
1261565	8508.57520	3305885347390	0.49798	0.37494	8508.55566	0.01953	11654	1	0.51299	0.21368	0	0.49773	0.37821	1	0.49773	0.37821	1	0.48206	0.53218	10.24673	1.10119	0	0.74266	0.55514	10.97636	1.09251	1	-0.00411	-0.00929	0.66924	0.00215	1	0.06349	-0.01340	0.68173	0.00386	1	1.45898	0.81042	0	
1261566	8508.58203	3305885414775	0.48828	0.37800	8508.55566	0.02637	11654	1	0.51299	0.21368	0	0.46887	0.38411	1	0.46887	0.38411	1	0.48206	0.53218	10.24673	1.09251	0	0.74272	0.55521	11.11484	1.08383	1	-0.00411	-0.00929	0.66924	0.00215	1	0.06349	-0.01340	0.68173	0.00382	1	1.45898	0.81042	0	
1261567	8508.58887	3305885481742	0.48828	0.37800	8508.55566	0.03320	11654	1	0.51299	0.21368	0	0.46887	0.38411	0	0.46887	0.38411	0	0.48206	0.53218	10.24673	1.08383	0	0.74272	0.55521	11.11484	1.07515	0	-0.00411	-0.00929	0.66924	0.00215	1	0.06349	-0.01340	0.68173	0.00382	1	1.45898	0.81042	0	
1261568	8508.59473	3305885545096	0.48828	0.37800	8508.55566	0.03906	11654	1	0.51299	0.21368	0	0.46887	0.38411	0	0.46887	0.38411	0	0.48206	0.53218	10.24673	1.07515	0	0.74272	0.55521	11.11484	1.06647	0	-0.00411	-0.00929	0.66924	0.00215	1	0.06349	-0.01340	0.68173	0.00382	1	1.45898	0.81042	0	
1261569	8508.60254	3305885615796	0.48828	0.37800	8508.55566	0.04688	11654	1	0.51299	0.21368	0	0.46887	0.38411	0	0.46887	0.38411	0	0.48206	0.53218	10.24673	1.06647	0	0.74272	0.55521	11.11484	1.06647	0	-0.00411	-0.00929	0.66924	0.00215	1	0.06349	-0.01340	0.68173	0.00382	1	1.45898	0.81042	0	
1261570	8508.60840	3305885679750	0.48330	0.38116	8508.55566	0.04688	11654	0	0.51299	0.21368	0	0.46887	0.38411	0	0.46887	0.38411	0	0.48206	0.53218	10.24673	1.06647	0	0.74272	0.55521	11.11484	1.06647	0	-0.00411	-0.00929	0.66924	0.00215	1	0.06349	-0.01340	0.68173	0.00382	1	1.45898	0.81042	0	
1261571	8508.61523	3305885747613	0.48330	0.38116	8508.55566	0.04688	11654	0	0.51299	0.21368	0	0.46887	0.38411	0	0.46887	0.38411	0	0.48206	0.53218	10.24673	1.06647	0	0.74272	0.55521	11.11484	1.06647	0	-0.00411	-0.00929	0.66924	0.00215	1	0.06349	-0.01340	0.68173	0.00382	1	1.45898	0.81042	0	
1261572	8508.62207	3305885814805	0.48330	0.38116	8508.55566	0.04688	11654	0	0.51299	0.21368	0	0.46887	0.38411	0	0.46887	0.38411	0	0.48206	0.53218	10.24673	1.06647	0	0.74272	0.55521	11.11484	1.06647	0	-0.00411	-0.00929	0.66924	0.00215	1	0.06349	-0.01340	0.68173	0.00382	1	1.45898	0.81042	0	
1261573	8508.62891	3305885883600	0.00000	0.00000	8508.55566	0.04688	11654	0	0.51299	0.21368	0	0.46887	0.38411	0	0.46887	0.38411	0	0.48206	0.53218	10.24673	1.06647	0	0.74272	0.55521	11.11484	1.06647	0	-0.00411	-0.00929	0.66924	0.00215	1	0.06349	-0.01340	0.68173	0.00382	1	1.45898	0.81042	0	
1261574	8508.63574	3305885951574	0.00000	0.00000	8508.55566	0.04688	11654	0	0.51299	0.21368	0	0.46887	0.38411	0	0.46887	0.38411	0	0.48206	0.53218	10.24673	1.06647	0	0.74272	0.55521	11.11484	1.06647	0	-0.00411	-0.00929	0.66924	0.00215	1	0.06349	-0.01340	0.68173	0.00382	1	1.45898	0.81042	0	
1261575	8508.64258	3305886017740	0.00000	0.00000	8508.55566	0.04688	11654	0	0.51299	0.21368	0	0.46887	0.38411	0	0.46887	0.38411	0	0.48206	0.53218	10.24673	1.06647	0	0.74272	0.55521	11.11484	1.06647	0	-0.00411	-0.00929	0.66924	0.00215	1	0.06349	-0.01340	0.68173	0.00382	1	1.45898	0.81042	0	
1261576	8508.64941	3305886084938	0.47575	0.30456	8508.55566	0.04688	11654	0	0.48381	0.14110	1	0.46769	0.46802	1	0.47575	0.30456	1	0.48222	0.53237	10.38608	1.06647	1	0.74269	0.55598	11.46959	1.06647	1	-0.00411	-0.00929	0.66924	0.00212	1	0.06349	-0.01340	0.68173	0.00369	1	1.45898	0.81042	0	
1261577	8508.65527	3305886151322	0.47590	0.30921	8508.55566	0.04688	11654	0	0.48489	0.14893	1	0.46722	0.47880	1	0.47606	0.31387	1	0.48222	0.53237	10.38608	1.05845	1	0.74271	0.55549	11.27147	1.05079	1	-0.00410	-0.00889	0.65851	0.00212	1	0.06131	-0.01300	0.65892	0.00361	1	1.45898	0.81042	0	
1261578	8508.66211	3305886218477	0.47309	0.31360	8508.55566	0.04688	11654	0	0.48772	0.17905	1	0.44723	0.46571	1	0.46747	0.32238	1	0.48229	0.53252	10.24685	1.04278	1	0.74242	0.55575	11.27027	1.03512	1	-0.00410	-0.00889	0.65851	0.00209	1	0.06131	-0.01300	0.65892	0.00403	1	1.45898	0.81042	0	
1261579	8508.66895	3305886285524	0.47287	0.32191	8508.64941	0.01953	11655	1	0.48812	0.21433	1	0.45629	0.47934	1	0.47221	0.34684	1	0.48224	0.53282	10.25077	1.02710	1	0.74260	0.55576	10.92896	1.01944	1	-0.00410	-0.00889	0.65851	0.00209	1	0.06131	-0.01300	0.65892	0.00396	1	1.45898	0.81042	0	
1261580	8508.67578	3305886352425	0.47294	0.32894	8508.64941	0.02637	11655	1	0.49028	0.22911	1	0.45613	0.48501	1	0.47321	0.35706	1	0.48210	0.53279	9.99027	1.01142	1	0.74239	0.55620	11.52695	1.01142	1	-0.00410	-0.00889	0.65851	0.00210	1	0.06355	-0.01348	0.68345	0.00376	1	1.45898	0.81042	0	
1261581	8508.68262	3305886417784	0.47390	0.33453	8508.64941	0.03320	11655	1	0.48803	0.21729	1	0.46943	0.50761	1	0.47873	0.36245	1	0.48206	0.53267	10.26024	1.01142	1	0.74241	0.55613	11.27546	1.01908	1	-0.00410	-0.00889	0.65851	0.00202	1	0.06355	-0.01348	0.68345	0.00378	1	1.45898	0.81042	0	
1261582	8508.68945	3305886486652	0.47270	0.33908	8508.64941	0.04004	11655	1	0.48929	0.21109	1	0.44161	0.52178	1	0.46545	0.36644	1	0.48220	0.53275	10.24753	1.01908	1	0.74241	0.55623	11.30660	1.02674	1	-0.00410	-0.00889	0.65851	0.00203	1	0.06355	-0.01348	0.68345	0.00390	1	1.45898	0.81042	0	
1261583	8508.69629	3305886553190	0.47166	0.34124	8508.64941	0.04688	11655	1	0.48714	0.19614	1	0.44167	0.51649	1	0.46440	0.35632	1	0.48219	0.53278	10.09296	1.03476	1	0.74260	0.55589	11.34206	1.03476	1	-0.00428	-0.00918	0.68009	0.00213	1	0.06131	-0.01300	0.65892	0.00379	1	1.45898	0.81042	0	
1261584	8508.70215	3305886621053	0.47338	0.34219	8508.64941	0.05273	11655	1	0.50177	0.20306	1	0.47259	0.49661	1	0.48718	0.34983	1	0.48208	0.53271	10.23932	1.04278	1	0.74250	0.55624	11.42420	1.03512	1	-0.00428	-0.00918	0.68009	0.00204	1	0.06131	-0.01300	0.65892	0.00378	1	1.45898	0.81042	0	
1261585	8508.70898	3305886687989	0.47457	0.34179	8508.64941	0.05957	11655	1	0.49780	0.20424	1	0.47271	0.47204	1	0.48526	0.33814	1	0.48209	0.53275	10.29916	1.04313	1	0.74247	0.55610	11.40091	1.03547	1	-0.00428	-0.00918	0.68009	0.00203	1	0.06131	-0.01300	0.65892	0.00379	1	1.45898	0.81042	0	
1261586	8508.71582	3305886753741	0.47552	0.34051	8508.64941	0.06641	11655	1	0.49660	0.19538	1	0.47332	0.45999	1	0.48496	0.32769	1	0.48211	0.53285	10.43168	1.05258	1	0.74282	0.55589	10.82314	1.05258	1	-0.00449	-0.00951	0.70432	0.00217	1	0.06355	-0.01348	0.68345	0.00386	1	1.45898	0.81042	0	
1261587	8508.72266	3305886821508	0.47685	0.33529	8508.64941	0.07324	11655	1	0.49424	0.17956	1	0.48887	0.37622	1	0.49155	0.27789	1	0.48210	0.53274	10.66556	1.06166	1	0.74263	0.55549	11.04499	1.06932	1	-0.00449	-0.00951	0.70432	0.00215	1	0.06355	-0.01348	0.68345	0.00413	1	1.45898	0.81042	0	
1261588	8508.72949	3305886888351	0.47768	0.33290	8508.64941	0.08008	11655	1	0.49296	0.15991	1	0.48232	0.44852	1	0.48764	0.30422	1	0.48206	0.53265	10.44146	1.07841	1	0.74259	0.55580	11.17467	1.08607	1	-0.00449	-0.00951	0.70432	0.00213	1	0.06355	-0.01348	0.68345	0.00401	1	1.45898	0.81042	0	
1261589	8508.73633	3305886955933	0.47834	0.32987	8508.64941	0.08691	11655	1	0.49084	0.14403	1	0.48303	0.43690	1	0.48694	0.29047	1	0.48185	0.53284	9.98303	1.09515	1	0.74258	0.55619	11.37226	1.10281	1	-0.00450	-0.00958	0.70550	0.00219	1	0.06355	-0.01348	0.68345	0.00374	1	1.45898	0.81042	0	
1261590	8508.74316	3305887022832	0.47907	0.32769	8508.64941	0.09375	11655	1	0.49738	0.13583	1	0.48111	0.45870	1	0.48925	0.29726	1	0.48188	0.53281	10.02473	1.10281	1	0.74255	0.55613	11.50789	1.10281	1	-0.00450	-0.00958	0.70550	0.00215	1	0.06355	-0.01348	0.68345	0.00374	1	1.45898	0.81042	0	
1261591	8508.74902	3305887089981	0.47988	0.33112	8508.64941	0.09961	11655	1	0.49561	0.32038	1	0.48849	0.44470	1	0.49205	0.38254	1	0.48167	0.53501	10.01249	1.10281	1	0.74274	0.55599	11.18919	1.10281	1	-0.00450	-0.00958	0.70550	0.00368	1	0.06355	-0.01348	0.68345	0.00372	1	1.45898	0.81042	0	
1261592	8508.75586	3305887156362	0.48061	0.33469	8508.64941	0.10645	11655	1	0.49673	0.32747	1	0.48769	0.45620	1	0.49221	0.39184	1	0.48189	0.53475	10.41664	1.09373	1	0.74273	0.55600	10.87155	1.08607	1	-0.00446	-0.00938	0.69111	0.00375	1	0.06038	-0.01282	0.64997	0.00378	1	1.45898	0.81042	0	
1261593	8508.76270	3305887223316	0.48169	0.33363	8508.64941	0.11328	11655	1	0.50439	0.16111	1	0.49593	0.47013	1	0.50016	0.31562	1	0.48187	0.53279	10.58086	1.07698	1	0.74283	0.55609	11.13547	1.06932	1	-0.00446	-0.00938	0.69111	0.00216	1	0.06038	-0.01282	0.64997	0.00367	1	1.45898	0.81042	0	
1261594	8508.76953	3305887288021	0.48247	0.33303	8508.64941	0.12012	11655	1	0.50637	0.17697	1	0.48651	0.46734	1	0.49644	0.32216	1	0.48187	0.53279	10.58086	1.06024	1	0.74266	0.55583	11.06610	1.05258	1	-0.00446	-0.00938	0.69111	0.00216	1	0.06038	-0.01282	0.64997	0.00394	1	1.45898	0.81042	0	
1261595	8508.77637	3305887357422	0.48265	0.34006	8508.64941	0.12695	11655	1	0.50637	0.17697	0	0.48608	0.47368	1	0.48608	0.47368	1	0.48187	0.53279	10.58086	1.04349	0	0.74216	0.55644	11.03211	1.04349	1	-0.00446	-0.00938	0.69111	0.00216	1	0.06378	-0.01355	0.68706	0.00378	1	1.45898	0.81042	0	
1261596	8508.78320	3305887424361	0.48265	0.34006	8508.64941	0.13379	11655	1	0.50637	0.17697	0	0.48608	0.47368	0	0.48608	0.47368	0	0.48187	0.53279	10.58086	1.04349	0	0.74216	0.55644	11.03211	1.05115	0	-0.00446	-0.00938	0.69111	0.00216	1	0.06378	-0.01355	0.68706	0.00378	1	1.45898	0.81042	0	
1261597	8508.79004	3305887491224	0.48265	0.34006	8508.64941	0.14062	11655	1	0.50637	0.17697	0	0.48608	0.47368	0	0.48608	0.47368	0	0.48187	0.53279	10.58086	1.05115	0	0.74216	0.55644	11.03211	1.05881	0	-0.00446	-0.00938	0.69111	0.00216	1	0.06378	-0.01355	0.68706	0.00378	1	1.45898	0.81042	0	
1261598	8508.79590	3305887554606	0.48265	0.34006	8508.64941	0.14648	11655	1	0.50637	0.17697	0	0.48608	0.47368	0	0.48608	0.47368	0	0.48187	0.53279	10.58086	1.05881	0	0.74216	0.55644	11.03211	1.06647	0	-0.00446	-0.00938	0.69111	0.00216	1	0.06378	-0.01355	0.68706	0.00378	1	1.45898	0.81042	0	
1261599	8508.80273	3305887622409	0.48998	0.33928	8508.64941	0.14648	11655	0	0.50637	0.17697	0	0.48608	0.47368	0	0.48608	0.47368	0	0.48187	0.53279	10.58086	1.06647	0	0.74216	0.55644	11.03211	1.06647	0	-0.00446	-0.00938	0.69111	0.00216	1	0.06378	-0.01355	0.68706	0.00378	1	1.45898	0.81042	0	
1261600	8508.80957	3305887689720	0.48998	0.33928	8508.64941	0.14648	11655	0	0.50637	0.17697	0	0.48608	0.47368	0	0.48608	0.47368	0	0.48187	0.53279	10.58086	1.06647	0	0.74216	0.55644	11.03211	1.06647	0	-0.00446	-0.00938	0.69111	0.00216	1	0.06378	-0.01355	0.68706	0.00378	1	1.45898	0.81042	0	
1261601	8508.81641	3305887755422	0.48998	0.33928	8508.64941	0.14648	11655	0	0.50637	0.17697	0	0.48608	0.47368	0	0.48608	0.47368	0	0.48187	0.53279	10.58086	1.06647	0	0.74216	0.55644	11.03211	1.06647	0	-0.00446	-0.00938	0.69111	0.00216	1	0.06378	-0.01355	0.68706	0.00378	1	1.45898	0.81042	0	
1261602	8508.82324	3305887823337	0.00000	0.00000	8508.64941	0.14648	11655	0	0.50637	0.17697	0	0.48608	0.47368	0	0.48608	0.47368	0	0.48187	0.53279	10.58086	1.06647	0	0.74216	0.55644	11.03211	1.06647	0	-0.00446	-0.00938	0.69111	0.00216	1	0.06378	-0.01355	0.68706	0.00378	1	1.45898	0.81042	0	
1261603	8508.82910	3305887890372	0.00000	0.00000	8508.64941	0.14648	11655	0	0.50637	0.17697	0	0.48608	0.47368	0	0.48608	0.47368	0	0.48187	0.53279	10.58086	1.06647	0	0.74216	0.55644	11.03211	1.06647	0	-0.00446	-0.00938	0.69111	0.00216	1	0.06378	-0.01355	0.68706	0.00378	1	1.45898	0.81042	0	
1261604	8508.83594	3305887957830	0.00000	0.00000	8508.64941	0.14648	11655	0	0.50637	0.17697	0	0.48608	0.47368	0	0.48608	0.47368	0	0.48187	0.53279	10.58086	1.06647	0	0.74216	0.55644	11.03211	1.06647	0	-0.00446	-0.00938	0.69111	0.00216	1	0.06378	-0.01355	0.68706	0.00378	1	1.45898	0.81042	0	
1261605	8508.84277	3305888020234	0.00000	0.00000	8508.64941	0.14648	11655	0	0.50637	0.17697	0	0.48608	0.47368	0	0.48608	0.47368	0	0.48187	0.53279	10.58086	1.06647	0	0.74216	0.55644	11.03211	1.06647	0	-0.00446	-0.00938	0.69111	0.00216	1	0.06378	-0.01355	0.68706	0.00378	1	1.45898	0.81042	0	
1261606	8508.84961	3305888091684	0.00000	0.00000	8508.64941	0.14648	11655	0	0.50637	0.17697	0	0.48608	0.47368	0	0.48608	0.47368	0	0.48187	0.53279	10.58086	1.06647	0	0.74216	0.55644	11.03211	1.06647	0	-0.00446	-0.00938	0.69111	0.00216	1	0.06378	-0.01355	0.68706	0.00378	1	1.45898	0.81042	0	
1261607	8508.85645	3305888159163	0.00000	0.00000	8508.64941	0.14648	11655	0	0.50637	0.17697	0	0.48608	0.47368	0	0.48608	0.47368	0	0.48187	0.53279	10.58086	1.06647	0	0.74216	0.55644	11.03211	1.06647	0	-0.00446	-0.00938	0.69111	0.00216	1	0.06378	-0.01355	0.68706	0.00378	1	1.45898	0.81042	0	
1261608	8508.86328	3305888228223	0.00000	0.00000	8508.64941	0.14648	11655	0	0.50637	0.17697	0	0.48608	0.47368	0	0.48608	0.47368	0	0.48187	0.53279	10.58086	1.06647	0	0.74216	0.55644	11.03211	1.06647	0	-0.00446	-0.00938	0.69111	0.00216	1	0.06378	-0.01355	0.68706	0.00378	1	1.45898	0.81042	0	
1261609	8508.87012	3305888295012	0.00000	0.00000	8508.64941	0.14648	11655	0	0.50637	0.17697	0	0.48608	0.47368	0	0.48608	0.47368	0	0.48187	0.53279	10.58086	1.06647	0	0.74216	0.55644	11.03211	1.06647	0	-0.00446	-0.00938	0.69111	0.00216	1	0.06378	-0.01355	0.68706	0.00378	1	1.45898	0.81042	0	
1261610	8508.87695	3305888361788	0.00000	0.00000	8508.64941	0.14648	11655	0	0.50637	0.17697	0	0.48608	0.47368	0	0.48608	0.47368	0	0.48187	0.53279	10.58086	1.06647	0	0.74216	0.55644	11.03211	1.06647	0	-0.00446	-0.00938	0.69111	0.00216	1	0.06378	-0.01355	0.68706	0.00378	1	1.45898	0.81042	0	
1261611	8508.88379	3305888429191	0.00000	0.00000	8508.64941	0.14648	11655	0	0.50637	0.17697	0	0.48608	0.47368	0	0.48608	0.47368	0	0.48187	0.53279	10.58086	1.06647	0	0.74216	0.55644	11.03211	1.06647	0	-0.00446	-0.00938	0.69111	0.00216	1	0.06378	-0.01355	0.68706	0.00378	1	1.45898	0.81042	0	
1261612	8508.88965	3305888495911	0.24276	0.16031	8508.64941	0.14648	11655	0	0.49213	0.19563	1	0.47890	0.44562	1	0.48552	0.32062	1	0.48087	0.53295	10.24366	1.06647	1	0.74175	0.55567	11.50218	1.06647	1	-0.00446	-0.00938	0.69111	0.00211	1	0.06378	-0.01355	0.68706	0.00370	1	1.45898	0.81042	0	
1261613	8508.89648	3305888562553	0.32374	0.21272	8508.64941	0.14648	11655	0	0.49213	0.19563	1	0.47925	0.43946	1	0.48569	0.31755	1	0.48089	0.53294	10.62197	1.06647	1	0.74152	0.55588	10.79488	1.07515	1	-0.00455	-0.00916	0.67490	0.00214	1	0.06596	-0.01400	0.71226	0.00372	1	1.45898	0.81042	0	
1261614	8508.90332	3305888631258	0.48337	0.31653	8508.64941	0.14648	11655	0	0.49113	0.16809	1	0.46668	0.45478	1	0.47891	0.31144	1	0.48085	0.53289	10.58602	1.07515	1	0.74162	0.55597	11.23118	1.08383	1	-0.00455	-0.00916	0.67490	0.00211	1	0.06596	-0.01400	0.71226	0.00384	1	1.45898	0.81042	0	
1261615	8508.91016	3305888697033	0.47976	0.31901	8508.64941	0.14648	11655	0	0.49784	0.18013	1	0.45447	0.46283	1	0.47616	0.32148	1	0.48082	0.53298	10.33713	1.08383	1	0.74138	0.55606	10.73998	1.09251	1	-0.00455	-0.00916	0.67490	0.00211	1	0.06596	-0.01400	0.71226	0.00388	1	1.45898	0.81042	0	
1261616	8508.91699	3305888763853	0.47838	0.31849	8508.64941	0.14648	11655	0	0.49678	0.17210	1	0.45447	0.46283	1	0.47562	0.31747	1	0.48075	0.53300	10.32316	1.09251	1	0.74108	0.55593	11.26581	1.09251	1	-0.00455	-0.00916	0.67490	0.00213	1	0.06431	-0.01371	0.69504	0.00384	1	1.45898	0.81042	0	
1261617	8508.92383	3305888831046	0.47780	0.31373	8508.90332	0.02051	11656	1	0.48901	0.16039	1	0.46307	0.43853	1	0.47604	0.29946	1	0.48085	0.53294	10.36734	1.09251	1	0.74142	0.55593	12.02267	1.08383	1	-0.00455	-0.00916	0.67490	0.00220	1	0.06431	-0.01371	0.69504	0.00376	1	1.45898	0.81042	0	
1261618	8508.93066	3305888897986	0.47270	0.31255	8508.90332	0.02734	11656	1	0.47090	0.16217	1	0.43376	0.45343	1	0.45233	0.30780	1	0.48057	0.53289	10.36096	1.08383	1	0.74105	0.55592	11.20287	1.07515	1	-0.00455	-0.00916	0.67490	0.00213	1	0.06431	-0.01371	0.69504	0.00386	1	1.45898	0.81042	0	
1261619	8508.93652	3305888964524	0.46930	0.31170	8508.90332	0.03320	11656	1	0.47084	0.16179	1	0.43376	0.45315	1	0.45230	0.30747	1	0.48061	0.53294	10.48544	1.08424	1	0.74120	0.55547	11.04036	1.07556	1	-0.00489	-0.00972	0.71627	0.00214	1	0.06431	-0.01361	0.69504	0.00405	1	1.45898	0.81042	0	
1261620	8508.94336	3305889031661	0.46904	0.30716	8508.90332	0.04004	11656	1	0.46946	0.17414	1	0.46544	0.38570	1	0.46745	0.27992	1	0.48061	0.53294	10.48544	1.08464	1	0.74111	0.55522	11.19036	1.08464	1	-0.00489	-0.00972	0.71627	0.00214	1	0.06431	-0.01361	0.69504	0.00419	1	1.45898	0.81042	0	
1261621	8508.95020	3305889097552	0.46917	0.30335	8508.90332	0.04688	11656	1	0.47303	0.18713	1	0.46711	0.36624	1	0.47007	0.27669	1	0.48056	0.53305	10.19534	1.09373	1	0.74112	0.55527	11.16274	1.09373	1	-0.00489	-0.00972	0.71627	0.00216	1	0.06431	-0.01361	0.69504	0.00402	1	1.45898	0.81042	0	
1261622	8508.95703	3305889165889	0.46927	0.30039	8508.90332	0.05371	11656	1	0.47303	0.18713	1	0.46711	0.36624	1	0.47007	0.27669	1	0.48037	0.53294	10.37327	1.09373	1	0.74106	0.55496	11.20850	1.09373	1	-0.00471	-0.00927	0.68307	0.00212	1	0.06431	-0.01355	0.69504	0.00411	1	1.45898	0.81042	0	
1261623	8508.96387	3305889232980	0.46172	0.28203	8508.90332	0.06055	11656	1	0.47303	0.18713	0	0.39378	0.11680	1	0.39378	0.11680	1	0.48037	0.53294	10.37327	1.08464	0	0.48047	0.53287	10.94944	1.08464	1	-0.00471	-0.00927	0.68307	0.00212	1	0.06431	-0.01355	0.69504	0.00214	1	1.45898	0.81042	0	
1261624	8508.97070	3305889299764	0.45640	0.26745	8508.90332	0.06738	11656	1	0.47303	0.18713	0	0.40326	0.12167	1	0.40326	0.12167	1	0.48037	0.53294	10.37327	1.07556	0	0.48054	0.53279	10.78289	1.07556	1	-0.00471	-0.00927	0.68307	0.00212	1	0.06431	-0.01355	0.69504	0.00214	1	1.45898	0.81042	0	
1261625	8508.97754	3305889366955	0.45200	0.25606	8508.90332	0.07422	11656	1	0.47303	0.18713	0	0.40350	0.13072	1	0.40350	0.13072	1	0.48037	0.53294	10.37327	1.06647	0	0.48030	0.53282	10.53908	1.06647	1	-0.00471	-0.00927	0.68307	0.00212	1	-0.00471	-0.00927	0.68307	0.00212	1	1.45898	0.81042	0	
1261626	8508.98340	3305889433748	0.44808	0.26644	8508.90332	0.08008	11656	1	0.47303	0.18713	0	0.40107	0.39102	1	0.40107	0.39102	1	0.48037	0.53294	10.37327	1.06647	0	0.48067	0.53540	10.51775	1.06647	1	-0.00471	-0.00927	0.68307	0.00212	1	-0.00471	-0.00927	0.68307	0.00344	1	1.45898	0.81042	0	
1261627	8508.99023	3305889501065	0.44275	0.26629	8508.90332	0.08691	11656	1	0.47303	0.18713	0	0.37349	0.26437	1	0.37349	0.26437	1	0.48037	0.53294	10.37327	1.06647	0	0.48022	0.53438	10.13659	1.06647	1	-0.00471	-0.00927	0.68307	0.00212	1	-0.00471	-0.00927	0.68307	0.00379	1	1.45898	0.81042	0	
1261628	8508.99707	3305889565693	0.43813	0.26616	8508.90332	0.09375	11656	1	0.47303	0.18713	0	0.37349	0.26437	1	0.37349	0.26437	1	0.48037	0.53294	10.37327	1.06647	0	0.48020	0.53273	10.91530	1.06647	1	-0.00471	-0.00927	0.68307	0.00212	1	-0.00473	-0.00911	0.67127	0.00215	1	1.45898	0.81042	0	
1261629	8509.00391	3305889634793	0.43479	0.25710	8508.90332	0.10059	11656	1	0.47303	0.18713	0	0.38464	0.12121	1	0.38464	0.12121	1	0.48037	0.53294	10.37327	1.06647	0	0.48029	0.53289	10.54910	1.06647	1	-0.00471	-0.00927	0.68307	0.00212	1	-0.00473	-0.00911	0.67127	0.00212	1	1.45898	0.81042	0	
1261630	8509.01074	3305889701211	0.41526	0.22469	8508.90332	0.10059	11656	0	0.47303	0.18713	0	0.39004	0.14535	1	0.39004	0.14535	1	0.48037	0.53294	10.37327	1.06647	0	0.48034	0.53283	10.79747	1.06647	1	-0.00471	-0.00927	0.68307	0.00212	1	-0.00473	-0.00911	0.67127	0.00225	1	1.45898	0.81042	0	
1261631	8509.01758	3305889766851	0.40265	0.18502	8508.90332	0.10059	11656	0	0.47303	0.18713	0	0.39004	0.14535	1	0.39004	0.14535	1	0.48037	0.53294	10.37327	1.06647	0	0.48019	0.53276	10.57975	1.06647	1	-0.00471	-0.00927	0.68307	0.00212	1	-0.00483	-0.00925	0.68555	0.00216	1	1.45898	0.81042	0	
1261632	8509.02344	3305889833051	0.39432	0.16643	8508.90332	0.10059	11656	0	0.47303	0.18713	0	0.37765	0.12924	1	0.37765	0.12924	1	0.48037	0.53294	10.37327	1.06647	0	0.48020	0.53282	10.42922	1.06647	1	-0.00471	-0.00927	0.68307	0.00212	1	-0.00483	-0.00925	0.68555	0.00217	1	1.45898	0.81042	0	
1261633	8509.03027	3305889898192	0.39166	0.15584	8509.01074	0.01953	11657	1	0.47303	0.18713	0	0.38370	0.12408	1	0.38370	0.12408	1	0.48037	0.53294	10.37327	1.06647	0	0.48017	0.53279	10.35024	1.06647	1	-0.00471	-0.00927	0.68307	0.00212	1	-0.00483	-0.00925	0.68555	0.00217	1	1.45898	0.81042	0	
1261634	8509.03711	3305889969897	0.39007	0.14949	8509.01074	0.02637	11657	1	0.47303	0.18713	0	0.38370	0.12408	1	0.38370	0.12408	1	0.48037	0.53294	10.37327	1.06647	0	0.48011	0.53282	10.48151	1.06647	1	-0.00471	-0.00927	0.68307	0.00212	1	-0.00483	-0.00925	0.68555	0.00212	1	1.45898	0.81042	0	
1261635	8509.04395	3305890036759	0.39008	0.18218	8509.01074	0.03320	11657	1	0.47303	0.18713	0	0.39015	0.34564	1	0.39015	0.34564	1	0.48037	0.53294	10.37327	1.06647	0	0.48049	0.53528	10.91085	1.06647	1	-0.00471	-0.00927	0.68307	0.00212	1	-0.00483	-0.00925	0.68555	0.00341	1	1.45898	0.81042	0	
1261636	8509.05078	3305890103707	0.38860	0.17332	8509.01074	0.04004	11657	1	0.47303	0.18713	0	0.37972	0.12014	1	0.37972	0.12014	1	0.48037	0.53294	10.37327	1.06647	0	0.48023	0.53274	10.62525	1.06647	1	-0.00471	-0.00927	0.68307	0.00212	1	-0.00483	-0.00925	0.68555	0.00218	1	1.45898	0.81042	0	
1261637	8509.05762	3305890168233	0.38749	0.16667	8509.01074	0.04688	11657	1	0.47303	0.18713	0	0.37972	0.12014	1	0.37972	0.12014	1	0.48037	0.53294	10.37327	1.06647	0	0.48015	0.53265	10.99625	1.06647	1	-0.00471	-0.00927	0.68307	0.00212	1	-0.00473	-0.00911	0.67127	0.00219	1	1.45898	0.81042	0	
1261638	8509.06445	3305890237525	0.38802	0.18919	8509.01074	0.05371	11657	1	0.47303	0.18713	0	0.39222	0.36940	1	0.39222	0.36940	1	0.48037	0.53294	10.37327	1.06647	0	0.48055	0.53529	10.86762	1.06647	1	-0.00471	-0.00927	0.68307	0.00212	1	-0.00473	-0.00911	0.67127	0.00349	1	1.45898	0.81042	0	
1261639	8509.07031	3305890302700	0.39925	0.21448	8509.01074	0.05957	11657	1	0.51706	0.39639	1	0.48358	0.48773	1	0.50032	0.44206	1	0.48034	0.53549	10.33997	1.06647	1	0.74112	0.55513	11.24289	1.06647	1	-0.00471	-0.00927	0.68307	0.00350	1	-0.00473	-0.00911	0.67127	0.00380	1	1.45898	0.81042	0	
1261640	8509.07812	3305890372185	0.40844	0.23517	8509.01074	0.06738	11657	1	0.51706	0.39639	1	0.48358	0.48773	1	0.50032	0.44206	1	0.48022	0.53555	10.50882	1.06647	1	0.74104	0.55497	11.20963	1.06647	1	-0.00473	-0.00901	0.67127	0.00353	1	0.06256	-0.01315	0.67721	0.00391	1	1.45898	0.81042	0	
1261641	8509.08398	3305890438865	0.41687	0.24957	8509.01074	0.07324	11657	1	0.52703	0.39053	1	0.49222	0.42535	1	0.50962	0.40794	1	0.48048	0.53534	10.68335	1.06647	1	0.74115	0.55445	10.87590	1.06647	1	-0.00473	-0.00901	0.67127	0.00345	1	0.06256	-0.01315	0.67721	0.00368	1	1.45898	0.81042	0	
1261642	8509.09082	3305890505315	0.42370	0.26028	8509.01074	0.08008	11657	1	0.50986	0.39368	1	0.50153	0.38395	1	0.50569	0.38882	1	0.48024	0.53512	10.63746	1.06647	1	0.74131	0.55413	10.87569	1.06647	1	-0.00473	-0.00901	0.67127	0.00352	1	0.06256	-0.01315	0.67721	0.00384	1	1.45898	0.81042	0	
1261643	8509.09766	3305890572468	0.42954	0.26897	8509.01074	0.08691	11657	1	0.50881	0.38698	1	0.50208	0.37697	1	0.50544	0.38197	1	0.48022	0.53480	10.13965	1.07556	1	0.74124	0.55443	11.28153	1.07556	1	-0.00493	-0.00945	0.70758	0.00360	1	0.06289	-0.01317	0.68080	0.00374	1	1.45898	0.81042	0	
1261644	8509.10449	3305890638098	0.44548	0.30354	8509.01074	0.08691	11657	0	0.53374	0.34676	1	0.49651	0.40554	1	0.51512	0.37615	1	0.48061	0.53455	10.60160	1.08464	1	0.74123	0.55436	11.23241	1.08464	1	-0.00493	-0.00945	0.70758	0.00362	1	0.06289	-0.01317	0.68080	0.00377	1	1.45898	0.81042	0	
1261645	8509.11133	3305890706443	0.47483	0.33880	8509.01074	0.08691	11657	0	0.51620	0.35740	1	0.49218	0.39073	1	0.50419	0.37407	1	0.48036	0.53455	10.51016	1.09373	1	0.74115	0.55427	11.08723	1.09373	1	-0.00493	-0.00945	0.70758	0.00359	1	0.06289	-0.01317	0.68080	0.00380	1	1.45898	0.81042	0	
1261646	8509.11816	3305890774011	0.48462	0.35056	8509.01074	0.08691	11657	0	0.51620	0.35740	1	0.49218	0.39073	1	0.50419	0.37407	1	0.48053	0.53440	10.49994	1.09373	1	0.74135	0.55387	10.80366	1.09373	1	-0.00483	-0.00915	0.68555	0.00368	1	0.06256	-0.01305	0.67721	0.00393	1	1.45898	0.81042	0	
1261647	8509.12402	3305890835903	0.48899	0.34907	8509.10449	0.01953	11658	1	0.50682	0.30240	1	0.49741	0.38683	1	0.50211	0.34462	1	0.48029	0.53415	10.03434	1.08464	1	0.74122	0.55417	10.99294	1.08464	1	-0.00483	-0.00915	0.68555	0.00377	1	0.06256	-0.01305	0.67721	0.00388	1	1.45898	0.81042	0	
1261648	8509.13086	3305890907673	0.49480	0.35357	8509.10449	0.02637	11658	1	0.53722	0.38849	1	0.49888	0.35462	1	0.51805	0.37156	1	0.48060	0.53439	10.52832	1.07556	1	0.74127	0.55380	11.01043	1.07556	1	-0.00483	-0.00915	0.68555	0.00365	1	0.06256	-0.01305	0.67721	0.00400	1	1.45898	0.81042	0	
1261649	8509.13770	3305890974558	0.49539	0.35494	8509.10449	0.03320	11658	1	0.53722	0.38849	0	0.49835	0.36179	1	0.49835	0.36179	1	0.48060	0.53439	10.52832	1.06647	0	0.48042	0.53445	10.69745	1.06647	1	-0.00483	-0.00915	0.68555	0.00365	1	-0.00473	-0.00891	0.67127	0.00364	1	1.45898	0.81042	0	
1261650	8509.14453	3305891041278	0.49539	0.35494	8509.10449	0.04004	11658	1	0.53722	0.38849	0	0.49835	0.36179	0	0.49835	0.36179	0	0.48060	0.53439	10.52832	1.06647	0	0.48042	0.53445	10.69745	1.06647	0	-0.00483	-0.00915	0.68555	0.00365	1	-0.00473	-0.00891	0.67127	0.00364	1	1.45898	0.81042	0	
1261651	8509.15137	3305891108447	0.49539	0.35494	8509.10449	0.04688	11658	1	0.53722	0.38849	0	0.49835	0.36179	0	0.49835	0.36179	0	0.48060	0.53439	10.52832	1.06647	0	0.48042	0.53445	10.69745	1.06647	0	-0.00483	-0.00915	0.68555	0.00365	1	-0.00473	-0.00891	0.67127	0.00364	1	1.45898	0.81042	0	
1261652	8509.15820	3305891175284	0.49539	0.35494	8509.10449	0.05371	11658	1	0.53722	0.38849	0	0.49835	0.36179	0	0.49835	0.36179	0	0.48060	0.53439	10.52832	1.06647	0	0.48042	0.53445	10.69745	1.06647	0	-0.00483	-0.00915	0.68555	0.00365	1	-0.00473	-0.00891	0.67127	0.00364	1	1.45898	0.81042	0	
1261653	8509.16504	3305891242534	0.50538	0.36522	8509.10449	0.05371	11658	0	0.53722	0.38849	0	0.49835	0.36179	0	0.49835	0.36179	0	0.48060	0.53439	10.52832	1.06647	0	0.48042	0.53445	10.69745	1.06647	0	-0.00483	-0.00915	0.68555	0.00365	1	-0.00473	-0.00891	0.67127	0.00364	1	1.45898	0.81042	0	
1261654	8509.17090	3305891308951	0.50538	0.36522	8509.10449	0.05371	11658	0	0.53722	0.38849	0	0.49835	0.36179	0	0.49835	0.36179	0	0.48060	0.53439	10.52832	1.06647	0	0.48042	0.53445	10.69745	1.06647	0	-0.00483	-0.00915	0.68555	0.00365	1	-0.00473	-0.00891	0.67127	0.00364	1	1.45898	0.81042	0	
1261655	8509.17773	3305891376199	0.50538	0.36522	8509.10449	0.05371	11658	0	0.53722	0.38849	0	0.49835	0.36179	0	0.49835	0.36179	0	0.48060	0.53439	10.52832	1.06647	0	0.48042	0.53445	10.69745	1.06647	0	-0.00483	-0.00915	0.68555	0.00365	1	-0.00473	-0.00891	0.67127	0.00364	1	1.45898	0.81042	0	
1261656	8509.18457	3305891443368	0.00000	0.00000	8509.10449	0.05371	11658	0	0.53722	0.38849	0	0.49835	0.36179	0	0.49835	0.36179	0	0.48060	0.53439	10.52832	1.06647	0	0.48042	0.53445	10.69745	1.06647	0	-0.00483	-0.00915	0.68555	0.00365	1	-0.00473	-0.00891	0.67127	0.00364	1	1.45898	0.81042	0	
1261657	8509.19141	3305891510404	0.00000	0.00000	8509.10449	0.05371	11658	0	0.53722	0.38849	0	0.49835	0.36179	0	0.49835	0.36179	0	0.48060	0.53439	10.52832	1.06647	0	0.48042	0.53445	10.69745	1.06647	0	-0.00483	-0.00915	0.68555	0.00365	1	-0.00473	-0.00891	0.67127	0.00364	1	1.45898	0.81042	0	
1261658	8509.19824	3305891577339	0.00000	0.00000	8509.10449	0.05371	11658	0	0.53722	0.38849	0	0.49835	0.36179	0	0.49835	0.36179	0	0.48060	0.53439	10.52832	1.06647	0	0.48042	0.53445	10.69745	1.06647	0	-0.00483	-0.00915	0.68555	0.00365	1	-0.00473	-0.00891	0.67127	0.00364	1	1.45898	0.81042	0	
1261659	8509.20508	3305891641228	0.00000	0.00000	8509.10449	0.05371	11658	0	0.53722	0.38849	0	0.49835	0.36179	0	0.49835	0.36179	0	0.48060	0.53439	10.52832	1.06647	0	0.48042	0.53445	10.69745	1.06647	0	-0.00483	-0.00915	0.68555	0.00365	1	-0.00473	-0.00891	0.67127	0.00364	1	1.45898	0.81042	0	
1261660	8509.21094	3305891708622	0.00000	0.00000	8509.10449	0.05371	11658	0	0.53722	0.38849	0	0.49835	0.36179	0	0.49835	0.36179	0	0.48060	0.53439	10.52832	1.06647	0	0.48042	0.53445	10.69745	1.06647	0	-0.00483	-0.00915	0.68555	0.00365	1	-0.00473	-0.00891	0.67127	0.00364	1	1.45898	0.81042	0	
1261661	8509.21777	3305891773869	0.00000	0.00000	8509.10449	0.05371	11658	0	0.53722	0.38849	0	0.49835	0.36179	0	0.49835	0.36179	0	0.48060	0.53439	10.52832	1.06647	0	0.48042	0.53445	10.69745	1.06647	0	-0.00483	-0.00915	0.68555	0.00365	1	-0.00473	-0.00891	0.67127	0.00364	1	1.45898	0.81042	0	
1261662	8509.22461	3305891842808	0.00000	0.00000	8509.10449	0.05371	11658	0	0.53722	0.38849	0	0.49835	0.36179	0	0.49835	0.36179	0	0.48060	0.53439	10.52832	1.06647	0	0.48042	0.53445	10.69745	1.06647	0	-0.00483	-0.00915	0.68555	0.00365	1	-0.00473	-0.00891	0.67127	0.00364	1	1.45898	0.81042	0	
1261663	8509.23145	3305891913233	0.00000	0.00000	8509.10449	0.05371	11658	0	0.53722	0.38849	0	0.49835	0.36179	0	0.49835	0.36179	0	0.48060	0.53439	10.52832	1.06647	0	0.48042	0.53445	10.69745	1.06647	0	-0.00483	-0.00915	0.68555	0.00365	1	-0.00473	-0.00891	0.67127	0.00364	1	1.45898	0.81042	0	
1261664	8509.23828	3305891979343	0.00000	0.00000	8509.10449	0.05371	11658	0	0.53722	0.38849	0	0.49835	0.36179	0	0.49835	0.36179	0	0.48060	0.53439	10.52832	1.06647	0	0.48042	0.53445	10.69745	1.06647	0	-0.00483	-0.00915	0.68555	0.00365	1	-0.00473	-0.00891	0.67127	0.00364	1	1.45898	0.81042	0	
1261665	8509.24512	3305892043742	0.00000	0.00000	8509.10449	0.05371	11658	0	0.53722	0.38849	0	0.49835	0.36179	0	0.49835	0.36179	0	0.48060	0.53439	10.52832	1.06647	0	0.48042	0.53445	10.69745	1.06647	0	-0.00483	-0.00915	0.68555	0.00365	1	-0.00473	-0.00891	0.67127	0.00364	1	1.45898	0.81042	0	
1261666	8509.25195	3305892110012	0.00000	0.00000	8509.10449	0.05371	11658	0	0.53722	0.38849	0	0.49835	0.36179	0	0.49835	0.36179	0	0.48060	0.53439	10.52832	1.06647	0	0.48042	0.53445	10.69745	1.06647	0	-0.00483	-0.00915	0.68555	0.00365	1	-0.00473	-0.00891	0.67127	0.00364	1	1.45898	0.81042	0	
1261667	8509.25781	3305892177149	0.00000	0.00000	8509.10449	0.05371	11658	0	0.53722	0.38849	0	0.49835	0.36179	0	0.49835	0.36179	0	0.48060	0.53439	10.52832	1.06647	0	0.48042	0.53445	10.69745	1.06647	0	-0.00483	-0.00915	0.68555	0.00365	1	-0.00473	-0.00891	0.67127	0.00364	1	1.45898	0.81042	0	
1261668	8509.26562	3305892246601	0.00000	0.00000	8509.10449	0.05371	11658	0	0.53722	0.38849	0	0.49835	0.36179	0	0.49835	0.36179	0	0.48060	0.53439	10.52832	1.06647	0	0.48042	0.53445	10.69745	1.06647	0	-0.00483	-0.00915	0.68555	0.00365	1	-0.00473	-0.00891	0.67127	0.00364	1	1.45898	0.81042	0	
1261669	8509.27148	3305892313987	0.18692	0.16777	8509.10449	0.05371	11658	0	0.53722	0.38849	0	0.37385	0.33554	1	0.37385	0.33554	1	0.48099	0.53425	10.54015	1.06647	0	0.48099	0.53425	10.54015	1.06647	1	-0.00483	-0.00915	0.68555	0.00365	1	-0.00473	-0.00891	0.67127	0.00357	1	1.45898	0.81042	0	
1261670	8509.27832	3305892381100	0.24923	0.22370	8509.10449	0.05371	11658	0	0.53722	0.38849	0	0.37385	0.33554	1	0.37385	0.33554	1	0.48099	0.53425	10.54015	1.06647	0	0.48124	0.53422	10.27340	1.06647	1	-0.00483	-0.00915	0.68555	0.00365	1	-0.00459	-0.00909	0.68083	0.00365	1	1.45898	0.81042	0	
1261671	8509.28516	3305892448053	0.37180	0.34655	8509.10449	0.05371	11658	0	0.53722	0.38849	0	0.36769	0.36857	1	0.36769	0.36857	1	0.48099	0.53425	10.54015	1.06647	0	0.48097	0.53468	10.18730	1.06647	1	-0.00483	-0.00915	0.68555	0.00365	1	-0.00459	-0.00909	0.68083	0.00366	1	1.45898	0.81042	0	
1261672	8509.29199	3305892514853	0.43945	0.38052	8509.10449	0.05371	11658	0	0.51793	0.39035	1	0.49626	0.43861	1	0.50710	0.41448	1	0.48118	0.53430	10.25291	1.06647	1	0.74202	0.55457	11.16584	1.06647	1	-0.00483	-0.00915	0.68555	0.00371	1	-0.00459	-0.00909	0.68083	0.00375	1	1.45898	0.81042	0	
1261673	8509.29883	3305892581024	0.45838	0.39988	8509.10449	0.05371	11658	0	0.51793	0.39035	0	0.49626	0.43861	1	0.49626	0.43861	1	0.48118	0.53430	10.25291	1.06647	0	0.74183	0.55465	11.39867	1.06647	1	-0.00483	-0.00915	0.68555	0.00371	1	0.06266	-0.01313	0.67616	0.00385	1	1.45898	0.81042	0	
1261674	8509.30566	3305892647914	0.50168	0.42654	8509.10449	0.05371	11658	0	0.51793	0.39035	0	0.49626	0.43861	0	0.49626	0.43861	0	0.48118	0.53430	10.25291	1.06647	0	0.74183	0.55465	11.39867	1.06647	0	-0.00483	-0.00915	0.68555	0.00371	1	0.06266	-0.01313	0.67616	0.00385	1	1.45898	0.81042	0	
1261675	8509.31250	3305892717305	0.50168	0.42654	8509.10449	0.05371	11658	0	0.51793	0.39035	0	0.49626	0.43861	0	0.49626	0.43861	0	0.48118	0.53430	10.25291	1.06647	0	0.74183	0.55465	11.39867	1.06647	0	-0.00483	-0.00915	0.68555	0.00371	1	0.06266	-0.01313	0.67616	0.00385	1	1.45898	0.81042	0	
1261676	8509.31934	3305892783721	0.50168	0.42654	8509.10449	0.05371	11658	0	0.51793	0.39035	0	0.49626	0.43861	0	0.49626	0.43861	0	0.48118	0.53430	10.25291	1.06647	0	0.74183	0.55465	11.39867	1.06647	0	-0.00483	-0.00915	0.68555	0.00371	1	0.06266	-0.01313	0.67616	0.00385	1	1.45898	0.81042	0	
1261677	8509.32520	3305892848815	0.00000	0.00000	8509.10449	0.05371	11658	0	0.51793	0.39035	0	0.49626	0.43861	0	0.49626	0.43861	0	0.48118	0.53430	10.25291	1.06647	0	0.74183	0.55465	11.39867	1.06647	0	-0.00483	-0.00915	0.68555	0.00371	1	0.06266	-0.01313	0.67616	0.00385	1	1.45898	0.81042	0	
1261678	8509.33203	3305892917016	0.00000	0.00000	8509.10449	0.05371	11658	0	0.51793	0.39035	0	0.49626	0.43861	0	0.49626	0.43861	0	0.48118	0.53430	10.25291	1.06647	0	0.74183	0.55465	11.39867	1.06647	0	-0.00483	-0.00915	0.68555	0.00371	1	0.06266	-0.01313	0.67616	0.00385	1	1.45898	0.81042	0	
1261679	8509.33887	3305892983749	0.00000	0.00000	8509.10449	0.05371	11658	0	0.51793	0.39035	0	0.49626	0.43861	0	0.49626	0.43861	0	0.48118	0.53430	10.25291	1.06647	0	0.74183	0.55465	11.39867	1.06647	0	-0.00483	-0.00915	0.68555	0.00371	1	0.06266	-0.01313	0.67616	0.00385	1	1.45898	0.81042	0	
1261680	8509.34473	3305893046420	0.00000	0.00000	8509.10449	0.05371	11658	0	0.51793	0.39035	0	0.49626	0.43861	0	0.49626	0.43861	0	0.48118	0.53430	10.25291	1.06647	0	0.74183	0.55465	11.39867	1.06647	0	-0.00483	-0.00915	0.68555	0.00371	1	0.06266	-0.01313	0.67616	0.00385	1	1.45898	0.81042	0	
1261681	8509.35254	3305893117801	0.00000	0.00000	8509.10449	0.05371	11658	0	0.51793	0.39035	0	0.49626	0.43861	0	0.49626	0.43861	0	0.48118	0.53430	10.25291	1.06647	0	0.74183	0.55465	11.39867	1.06647	0	-0.00483	-0.00915	0.68555	0.00371	1	0.06266	-0.01313	0.67616	0.00385	1	1.45898	0.81042	0	
1261682	8509.35840	3305893182563	0.00000	0.00000	8509.10449	0.05371	11658	0	0.51793	0.39035	0	0.49626	0.43861	0	0.49626	0.43861	0	0.48118	0.53430	10.25291	1.06647	0	0.74183	0.55465	11.39867	1.06647	0	-0.00483	-0.00915	0.68555	0.00371	1	0.06266	-0.01313	0.67616	0.00385	1	1.45898	0.81042	0	
1261683	8509.36523	3305893251870	0.50324	0.31889	8509.10449	0.05371	11658	0	0.51930	0.16015	1	0.48718	0.47762	1	0.50324	0.31889	1	0.48131	0.53249	11.13095	1.06647	1	0.74194	0.55564	11.18247	1.06647	1	-0.00483	-0.00915	0.68555	0.00213	1	0.06266	-0.01313	0.67616	0.00383	1	1.45898	0.81042	0	
1261684	8509.37207	3305893318717	0.50482	0.29810	8509.10449	0.05371	11658	0	0.53268	0.15700	1	0.48013	0.39762	1	0.50640	0.27731	1	0.48144	0.53264	10.80011	1.06647	1	0.74184	0.55529	11.26033	1.06647	1	-0.00483	-0.00915	0.68555	0.00223	1	0.06266	-0.01313	0.67616	0.00375	1	1.45898	0.81042	0	
1261685	8509.37891	3305893385946	0.50517	0.28561	8509.10449	0.05371	11658	0	0.53079	0.13833	1	0.48094	0.38294	1	0.50586	0.26063	1	0.48122	0.53498	10.78672	1.08594	1	0.74174	0.55534	11.39287	1.08594	1	-0.00477	-0.00971	0.72346	0.00352	1	0.06266	-0.01313	0.67616	0.00381	1	1.45898	0.81042	0	
1261686	8509.38574	3305893451806	0.46994	0.20258	8509.10449	0.05371	11658	0	0.53079	0.13833	0	0.39756	0.06981	1	0.39756	0.06981	1	0.48122	0.53498	10.78672	1.10541	0	0.48127	0.53271	10.67930	1.10541	1	-0.00477	-0.00971	0.72346	0.00352	1	0.06266	-0.01313	0.67616	0.00222	1	1.45898	0.81042	0	
1261687	8509.39258	3305893519702	0.43345	0.12631	8509.10449	0.05371	11658	0	0.53079	0.13833	0	0.39696	0.05004	1	0.39696	0.05004	1	0.48122	0.53498	10.78672	1.12488	0	0.48127	0.53271	10.69219	1.12488	1	-0.00477	-0.00971	0.72346	0.00352	1	0.06266	-0.01313	0.67616	0.00221	1	1.45898	0.81042	0	
1261688	8509.39941	3305893586856	0.42100	0.09137	8509.10449	0.05371	11658	0	0.53079	0.13833	0	0.39609	0.02148	1	0.39609	0.02148	1	0.48122	0.53498	10.78672	1.14435	0	0.48165	0.53488	11.26315	1.15303	1	-0.00477	-0.00971	0.72346	0.00352	1	-0.00466	-0.00942	0.69785	0.00343	1	1.45898	0.81042	0	
1261689	8509.40527	3305893650198	0.39643	0.11172	8509.10449	0.05371	11658	0	0.53079	0.13833	0	0.39623	0.26365	1	0.39623	0.26365	1	0.48122	0.53498	10.78672	1.15303	0	0.48147	0.53522	11.31336	1.16171	1	-0.00477	-0.00971	0.72346	0.00352	1	-0.00466	-0.00942	0.69785	0.00351	1	1.45898	0.81042	0	
1261690	8509.41211	3305893718439	0.39488	0.06237	8509.10449	0.05371	11658	0	0.53079	0.13833	0	0.39333	0.01301	1	0.39333	0.01301	1	0.48122	0.53498	10.78672	1.16171	0	0.48120	0.53283	10.72952	1.17039	1	-0.00477	-0.00971	0.72346	0.00352	1	-0.00466	-0.00942	0.69785	0.00221	1	1.45898	0.81042	0	
1261691	8509.41895	3305893784082	0.39437	0.04592	8509.10449	0.05371	11658	0	0.53079	0.13833	0	0.39333	0.01301	1	0.39333	0.01301	1	0.48122	0.53498	10.78672	1.17039	0	0.48117	0.53539	10.85320	1.17039	1	-0.00477	-0.00971	0.72346	0.00352	1	-0.00459	-0.00919	0.68083	0.00343	1	1.45898	0.81042	0	
1261692	8509.42578	3305893853262	0.39133	0.10321	8509.40527	0.02051	11659	1	0.53079	0.13833	0	0.38223	0.27508	1	0.38223	0.27508	1	0.48122	0.53498	10.78672	1.17039	0	0.48121	0.53530	11.01793	1.16171	1	-0.00477	-0.00971	0.72346	0.00352	1	-0.00459	-0.00919	0.68083	0.00344	1	1.45898	0.81042	0	
1261693	8509.43262	3305893916800	0.39067	0.09635	8509.40527	0.02734	11659	1	0.53079	0.13833	0	0.38805	0.06891	1	0.38805	0.06891	1	0.48122	0.53498	10.78672	1.16171	0	0.48122	0.53300	11.09531	1.15303	1	-0.00477	-0.00971	0.72346	0.00352	1	-0.00459	-0.00919	0.68083	0.00218	1	1.45898	0.81042	0	
1261694	8509.43945	3305893989366	0.39029	0.09318	8509.40527	0.03418	11659	1	0.53079	0.13833	0	0.38837	0.07736	1	0.38837	0.07736	1	0.48122	0.53498	10.78672	1.15303	0	0.48122	0.53312	11.05993	1.14435	1	-0.00477	-0.00971	0.72346	0.00352	1	-0.00459	-0.00919	0.68083	0.00218	1	1.45898	0.81042	0	
1261695	8509.44629	3305894054450	0.39044	0.08739	8509.40527	0.04102	11659	1	0.53079	0.13833	0	0.39131	0.05263	1	0.39131	0.05263	1	0.48122	0.53498	10.78672	1.14435	0	0.48114	0.53292	11.09613	1.14435	1	-0.00477	-0.00971	0.72346	0.00352	1	-0.00459	-0.00919	0.68083	0.00225	1	1.45898	0.81042	0	
1261696	8509.45215	3305894121071	0.38950	0.08667	8509.40527	0.04688	11659	1	0.53079	0.13833	0	0.38293	0.08161	1	0.38293	0.08161	1	0.48122	0.53498	10.78672	1.14435	0	0.48111	0.53310	10.98238	1.14435	1	-0.00477	-0.00971	0.72346	0.00352	1	-0.00459	-0.00919	0.68083	0.00227	1	1.45898	0.81042	0	
1261697	8509.45898	3305894186568	0.38877	0.08611	8509.40527	0.05371	11659	1	0.53079	0.13833	0	0.38293	0.08161	1	0.38293	0.08161	1	0.48122	0.53498	10.78672	1.14435	0	0.48115	0.53457	10.10910	1.14435	1	-0.00477	-0.00971	0.72346	0.00352	1	-0.00459	-0.00919	0.68083	0.00369	1	1.45898	0.81042	0	
1261698	8509.46582	3305894256498	0.38882	0.10372	8509.40527	0.06055	11659	1	0.53079	0.13833	0	0.38922	0.26228	1	0.38922	0.26228	1	0.48122	0.53498	10.78672	1.14435	0	0.48129	0.53517	10.93142	1.14435	1	-0.00477	-0.00971	0.72346	0.00352	1	-0.00459	-0.00919	0.68083	0.00352	1	1.45898	0.81042	0	
1261699	8509.47266	3305894323613	0.38900	0.11622	8509.40527	0.06738	11659	1	0.53079	0.13833	0	0.39086	0.24116	1	0.39086	0.24116	1	0.48122	0.53498	10.78672	1.14435	0	0.48126	0.53475	10.18728	1.14435	1	-0.00477	-0.00971	0.72346	0.00352	1	-0.00459	-0.00919	0.68083	0.00372	1	1.45898	0.81042	0	
1261700	8509.47949	3305894390945	0.38913	0.12603	8509.40527	0.07422	11659	1	0.53079	0.13833	0	0.39054	0.23394	1	0.39054	0.23394	1	0.48122	0.53498	10.78672	1.14435	0	0.74151	0.55549	11.94166	1.15303	1	-0.00477	-0.00971	0.72346	0.00352	1	0.06596	-0.01400	0.71226	0.00394	1	1.45898	0.81042	0	
1261701	8509.48633	3305894457706	0.38913	0.12603	8509.40527	0.08105	11659	1	0.53079	0.13833	0	0.39054	0.23394	0	0.39054	0.23394	0	0.48122	0.53498	10.78672	1.15303	0	0.74151	0.55549	11.94166	1.16171	0	-0.00477	-0.00971	0.72346	0.00352	1	0.06596	-0.01400	0.71226	0.00394	1	1.45898	0.81042	0	
1261702	8509.49316	3305894524381	0.38913	0.12603	8509.40527	0.08789	11659	1	0.53079	0.13833	0	0.39054	0.23394	0	0.39054	0.23394	0	0.48122	0.53498	10.78672	1.16171	0	0.74151	0.55549	11.94166	1.17039	0	-0.00477	-0.00971	0.72346	0.00352	1	0.06596	-0.01400	0.71226	0.00394	1	1.45898	0.81042	0	
1261703	8509.50000	3305894590376	0.38913	0.12603	8509.40527	0.09473	11659	1	0.53079	0.13833	0	0.39054	0.23394	0	0.39054	0.23394	0	0.48122	0.53498	10.78672	1.17039	0	0.74151	0.55549	11.94166	1.17907	0	-0.00477	-0.00971	0.72346	0.00352	1	0.06596	-0.01400	0.71226	0.00394	1	1.45898	0.81042	0	
1261704	8509.50684	3305894658639	0.38847	0.12733	8509.40527	0.09473	11659	0	0.53079	0.13833	0	0.39054	0.23394	0	0.39054	0.23394	0	0.48122	0.53498	10.78672	1.17907	0	0.74151	0.55549	11.94166	1.17907	0	-0.00477	-0.00971	0.72346	0.00352	1	0.06596	-0.01400	0.71226	0.00394	1	1.45898	0.81042	0	
1261705	8509.51270	3305894725378	0.38847	0.12733	8509.40527	0.09473	11659	0	0.53079	0.13833	0	0.39054	0.23394	0	0.39054	0.23394	0	0.48122	0.53498	10.78672	1.17907	0	0.74151	0.55549	11.94166	1.17907	0	-0.00477	-0.00971	0.72346	0.00352	1	0.06596	-0.01400	0.71226	0.00394	1	1.45898	0.81042	0	
1261706	8509.51953	3305894792321	0.38847	0.12733	8509.40527	0.09473	11659	0	0.53079	0.13833	0	0.39054	0.23394	0	0.39054	0.23394	0	0.48122	0.53498	10.78672	1.17907	0	0.74151	0.55549	11.94166	1.17907	0	-0.00477	-0.00971	0.72346	0.00352	1	0.06596	-0.01400	0.71226	0.00394	1	1.45898	0.81042	0	
1261707	8509.52637	3305894858586	0.00000	0.00000	8509.40527	0.09473	11659	0	0.53079	0.13833	0	0.39054	0.23394	0	0.39054	0.23394	0	0.48122	0.53498	10.78672	1.17907	0	0.74151	0.55549	11.94166	1.17907	0	-0.00477	-0.00971	0.72346	0.00352	1	0.06596	-0.01400	0.71226	0.00394	1	1.45898	0.81042	0	
1261708	8509.53320	3305894926294	0.00000	0.00000	8509.40527	0.09473	11659	0	0.53079	0.13833	0	0.39054	0.23394	0	0.39054	0.23394	0	0.48122	0.53498	10.78672	1.17907	0	0.74151	0.55549	11.94166	1.17907	0	-0.00477	-0.00971	0.72346	0.00352	1	0.06596	-0.01400	0.71226	0.00394	1	1.45898	0.81042	0	
1261709	8509.54004	3305894993374	0.00000	0.00000	8509.40527	0.09473	11659	0	0.53079	0.13833	0	0.39054	0.23394	0	0.39054	0.23394	0	0.48122	0.53498	10.78672	1.17907	0	0.74151	0.55549	11.94166	1.17907	0	-0.00477	-0.00971	0.72346	0.00352	1	0.06596	-0.01400	0.71226	0.00394	1	1.45898	0.81042	0	
1261710	8509.54688	3305895060101	0.47448	0.22112	8509.40527	0.09473	11659	0	0.46611	0.13801	1	0.48284	0.30422	1	0.47448	0.22112	1	0.48063	0.53338	10.80576	1.17907	1	0.74134	0.55512	11.20733	1.17907	1	-0.00477	-0.00971	0.72346	0.00216	1	0.06596	-0.01400	0.71226	0.00415	1	1.45898	0.81042	0	
1261711	8509.55273	3305895126783	0.48547	0.19924	8509.40527	0.09473	11659	0	0.48563	0.06877	1	0.50729	0.28597	1	0.49646	0.17737	1	0.48061	0.53326	10.96856	1.17907	1	0.74167	0.55507	11.86769	1.17907	1	-0.00477	-0.00971	0.72346	0.00213	1	0.06596	-0.01400	0.71226	0.00415	1	1.45898	0.81042	0	
1261712	8509.55957	3305895190740	0.48915	0.19606	8509.40527	0.09473	11659	0	0.48688	0.07858	1	0.50615	0.30082	1	0.49652	0.18970	1	0.48056	0.53318	10.83281	1.16868	1	0.74111	0.55550	11.14065	1.16000	1	-0.00489	-0.00967	0.71627	0.00221	1	0.06431	-0.01371	0.69504	0.00394	1	1.45898	0.81042	0	
1261713	8509.56641	3305895259061	0.48880	0.20712	8509.54688	0.01953	11660	1	0.50953	0.13639	1	0.46598	0.34415	1	0.48776	0.24027	1	0.48048	0.53319	10.89672	1.14962	1	0.74112	0.55529	11.15694	1.14094	1	-0.00489	-0.00967	0.71627	0.00216	1	0.06431	-0.01371	0.69504	0.00389	1	1.45898	0.81042	0	
1261714	8509.57324	3305895327605	0.49189	0.23563	8509.54688	0.02637	11660	1	0.53194	0.31229	1	0.47649	0.38708	1	0.50422	0.34969	1	0.48063	0.53511	10.88612	1.13056	1	0.74127	0.55557	11.47789	1.12188	1	-0.00489	-0.00967	0.71627	0.00366	1	0.06431	-0.01371	0.69504	0.00377	1	1.45898	0.81042	0	
1261715	8509.58008	3305895393220	0.48916	0.26411	8509.54688	0.03320	11660	1	0.53194	0.31229	0	0.47552	0.40649	1	0.47552	0.40649	1	0.48063	0.53511	10.88612	1.11149	0	0.74128	0.55523	11.28423	1.09515	1	-0.00489	-0.00967	0.71627	0.00366	1	0.05959	-0.01271	0.64455	0.00383	1	1.45898	0.81042	0	
1261716	8509.58691	3305895460087	0.48916	0.26411	8509.54688	0.04004	11660	1	0.53194	0.31229	0	0.47552	0.40649	0	0.47552	0.40649	0	0.48063	0.53511	10.88612	1.09515	0	0.74128	0.55523	11.28423	1.08749	0	-0.00489	-0.00967	0.71627	0.00366	1	0.05959	-0.01271	0.64455	0.00383	1	1.45898	0.81042	0	
1261717	8509.59277	3305895525252	0.48916	0.26411	8509.54688	0.04590	11660	1	0.53194	0.31229	0	0.47552	0.40649	0	0.47552	0.40649	0	0.48063	0.53511	10.88612	1.08749	0	0.74128	0.55523	11.28423	1.07983	0	-0.00489	-0.00967	0.71627	0.00366	1	0.05959	-0.01271	0.64455	0.00383	1	1.45898	0.81042	0	
1261718	8509.59961	3305895595137	0.48916	0.26411	8509.54688	0.05273	11660	1	0.53194	0.31229	0	0.47552	0.40649	0	0.47552	0.40649	0	0.48063	0.53511	10.88612	1.07983	0	0.74128	0.55523	11.28423	1.07217	0	-0.00489	-0.00967	0.71627	0.00366	1	0.05959	-0.01271	0.64455	0.00383	1	1.45898	0.81042	0	
1261719	8509.60645	3305895658201	0.49209	0.27270	8509.54688	0.05273	11660	0	0.53194	0.31229	0	0.47552	0.40649	0	0.47552	0.40649	0	0.48063	0.53511	10.88612	1.07217	0	0.74128	0.55523	11.28423	1.07217	0	-0.00489	-0.00967	0.71627	0.00366	1	0.05959	-0.01271	0.64455	0.00383	1	1.45898	0.81042	0	
1261720	8509.61328	3305895728602	0.49209	0.27270	8509.54688	0.05273	11660	0	0.53194	0.31229	0	0.47552	0.40649	0	0.47552	0.40649	0	0.48063	0.53511	10.88612	1.07217	0	0.74128	0.55523	11.28423	1.07217	0	-0.00489	-0.00967	0.71627	0.00366	1	0.05959	-0.01271	0.64455	0.00383	1	1.45898	0.81042	0	
1261721	8509.62012	3305895794658	0.49209	0.27270	8509.54688	0.05273	11660	0	0.53194	0.31229	0	0.47552	0.40649	0	0.47552	0.40649	0	0.48063	0.53511	10.88612	1.07217	0	0.74128	0.55523	11.28423	1.07217	0	-0.00489	-0.00967	0.71627	0.00366	1	0.05959	-0.01271	0.64455	0.00383	1	1.45898	0.81042	0	
1261722	8509.62695	3305895861224	0.00000	0.00000	8509.54688	0.05273	11660	0	0.53194	0.31229	0	0.47552	0.40649	0	0.47552	0.40649	0	0.48063	0.53511	10.88612	1.07217	0	0.74128	0.55523	11.28423	1.07217	0	-0.00489	-0.00967	0.71627	0.00366	1	0.05959	-0.01271	0.64455	0.00383	1	1.45898	0.81042	0	
1261723	8509.63379	3305895930672	0.00000	0.00000	8509.54688	0.05273	11660	0	0.53194	0.31229	0	0.47552	0.40649	0	0.47552	0.40649	0	0.48063	0.53511	10.88612	1.07217	0	0.74128	0.55523	11.28423	1.07217	0	-0.00489	-0.00967	0.71627	0.00366	1	0.05959	-0.01271	0.64455	0.00383	1	1.45898	0.81042	0	
1261724	8509.63965	3305895995373	0.00000	0.00000	8509.54688	0.05273	11660	0	0.53194	0.31229	0	0.47552	0.40649	0	0.47552	0.40649	0	0.48063	0.53511	10.88612	1.07217	0	0.74128	0.55523	11.28423	1.07217	0	-0.00489	-0.00967	0.71627	0.00366	1	0.05959	-0.01271	0.64455	0.00383	1	1.45898	0.81042	0	
1261725	8509.64648	3305896062131	0.50426	0.30669	8509.54688	0.05273	11660	0	0.52011	0.20446	1	0.48842	0.40891	1	0.50426	0.30669	1	0.47968	0.53315	11.19327	1.07217	1	0.74035	0.55531	11.60458	1.07217	1	-0.00489	-0.00967	0.71627	0.00238	1	0.05959	-0.01271	0.64455	0.00375	1	1.45898	0.81042	0	
1261726	8509.65332	3305896131966	0.44742	0.22723	8509.54688	0.05273	11660	0	0.52011	0.20446	0	0.39058	0.14776	1	0.39058	0.14776	1	0.47968	0.53315	11.19327	1.07217	0	0.47956	0.53318	11.45831	1.07217	1	-0.00489	-0.00967	0.71627	0.00238	1	0.05959	-0.01271	0.64455	0.00231	1	1.45898	0.81042	0	
1261727	8509.66016	3305896198357	0.42837	0.19825	8509.54688	0.05273	11660	0	0.52011	0.20446	0	0.39028	0.14030	1	0.39028	0.14030	1	0.47968	0.53315	11.19327	1.07217	0	0.47950	0.53314	10.84985	1.07983	1	-0.00489	-0.00967	0.71627	0.00238	1	-0.00503	-0.00930	0.68498	0.00230	1	1.45898	0.81042	0	
1261728	8509.66699	3305896264128	0.39309	0.19093	8509.54688	0.05273	11660	0	0.52011	0.20446	0	0.39842	0.28473	1	0.39842	0.28473	1	0.47968	0.53315	11.19327	1.07983	0	0.47979	0.53518	10.87964	1.08749	1	-0.00489	-0.00967	0.71627	0.00238	1	-0.00503	-0.00930	0.68498	0.00357	1	1.45898	0.81042	0	
1261729	8509.67383	3305896331487	0.38081	0.13424	8509.54688	0.05273	11660	0	0.52011	0.20446	0	0.36852	0.07755	1	0.36852	0.07755	1	0.47968	0.53315	11.19327	1.08749	0	0.47936	0.53306	10.61661	1.09515	1	-0.00489	-0.00967	0.71627	0.00238	1	-0.00503	-0.00930	0.68498	0.00225	1	1.45898	0.81042	0	
1261730	8509.68066	3305896400495	0.37640	0.10982	8509.54688	0.05273	11660	0	0.52011	0.20446	0	0.36759	0.06098	1	0.36759	0.06098	1	0.47968	0.53315	11.19327	1.09515	0	0.47915	0.53301	10.67073	1.11149	1	-0.00489	-0.00967	0.71627	0.00238	1	-0.00522	-0.00955	0.70384	0.00221	1	1.45898	0.81042	0	
1261731	8509.68750	3305896467350	0.37812	0.14519	8509.66699	0.02051	11661	1	0.52011	0.20446	0	0.38329	0.25131	1	0.38329	0.25131	1	0.47968	0.53315	11.19327	1.11149	0	0.47962	0.53462	10.57101	1.12017	1	-0.00489	-0.00967	0.71627	0.00238	1	-0.00522	-0.00955	0.70384	0.00371	1	1.45898	0.81042	0	
1261732	8509.69434	3305896535160	0.37494	0.12793	8509.66699	0.02734	11661	1	0.52011	0.20446	0	0.36218	0.05889	1	0.36218	0.05889	1	0.47968	0.53315	11.19327	1.12017	0	0.47917	0.53324	10.81996	1.12885	1	-0.00489	-0.00967	0.71627	0.00238	1	-0.00522	-0.00955	0.70384	0.00233	1	1.45898	0.81042	0	
1261733	8509.70020	3305896600815	0.37272	0.11498	8509.66699	0.03320	11661	1	0.52011	0.20446	0	0.36166	0.05021	1	0.36166	0.05021	1	0.47968	0.53315	11.19327	1.12885	0	0.47893	0.53309	11.38667	1.13753	1	-0.00489	-0.00967	0.71627	0.00238	1	-0.00522	-0.00950	0.70384	0.00222	1	1.45898	0.81042	0	
1261734	8509.70703	3305896667782	0.37802	0.13529	8509.66699	0.04004	11661	1	0.52011	0.20446	0	0.40981	0.25714	1	0.40981	0.25714	1	0.47968	0.53315	11.19327	1.13753	0	0.47930	0.53503	11.21585	1.13753	1	-0.00489	-0.00967	0.71627	0.00238	1	-0.00522	-0.00950	0.70384	0.00336	1	1.45898	0.81042	0	
1261735	8509.71387	3305896734799	0.38047	0.12729	8509.66699	0.04688	11661	1	0.52011	0.20446	0	0.39760	0.07132	1	0.39760	0.07132	1	0.47968	0.53315	11.19327	1.13753	0	0.47892	0.53309	11.37004	1.13753	1	-0.00489	-0.00967	0.71627	0.00238	1	-0.00522	-0.00950	0.70384	0.00218	1	1.45898	0.81042	0	
1261736	8509.72070	3305896801678	0.38886	0.12612	8509.66699	0.05371	11661	1	0.51415	0.15322	1	0.39787	0.08027	1	0.45601	0.11675	1	0.47885	0.53310	11.51491	1.12845	1	0.73979	0.55416	10.92239	1.12845	1	-0.00515	-0.00914	0.67320	0.00217	1	0.06503	-0.01378	0.70917	0.00375	1	1.45898	0.81042	0	
1261737	8509.72754	3305896868722	0.40096	0.15021	8509.66699	0.06055	11661	1	0.51934	0.36616	1	0.50031	0.36798	1	0.50983	0.36707	1	0.47893	0.53540	11.05616	1.11936	1	0.73967	0.55429	11.06105	1.11936	1	-0.00515	-0.00914	0.67320	0.00339	1	0.06503	-0.01378	0.70917	0.00372	1	1.45898	0.81042	0	
1261738	8509.73438	3305896936244	0.41094	0.16528	8509.66699	0.06738	11661	1	0.52050	0.27819	1	0.50101	0.35376	1	0.51076	0.31597	1	0.47886	0.53436	10.59195	1.11028	1	0.73975	0.55433	11.14071	1.11028	1	-0.00515	-0.00914	0.67320	0.00373	1	0.06503	-0.01378	0.70917	0.00369	1	1.45898	0.81042	0	
1261739	8509.74121	3305897002676	0.41927	0.17844	8509.66699	0.07422	11661	1	0.52143	0.28557	1	0.50049	0.36071	1	0.51096	0.32314	1	0.47865	0.53311	11.43542	1.10119	1	0.73946	0.55452	11.73311	1.10119	1	-0.00515	-0.00914	0.67320	0.00227	1	0.06503	-0.01378	0.70917	0.00375	1	1.45898	0.81042	0	
1261740	8509.74707	3305897069973	0.42532	0.18922	8509.66699	0.08008	11661	1	0.50862	0.28253	1	0.48716	0.35471	1	0.49789	0.31862	1	0.47878	0.53450	10.18224	1.10119	1	0.73952	0.55406	11.53209	1.10119	1	-0.00515	-0.00914	0.67320	0.00380	1	0.06503	-0.01378	0.70917	0.00398	1	1.45898	0.81042	0	
1261741	8509.75391	3305897136944	0.43181	0.20327	8509.66699	0.08691	11661	1	0.53890	0.37770	1	0.49340	0.39407	1	0.51615	0.38588	1	0.47910	0.53537	10.96158	1.10119	1	0.73956	0.55434	11.78605	1.10119	1	-0.00515	-0.00914	0.67320	0.00348	1	0.06503	-0.01378	0.70917	0.00406	1	1.45898	0.81042	0	
1261742	8509.76074	3305897203700	0.45267	0.24211	8509.66699	0.08691	11661	0	0.53890	0.37770	1	0.49295	0.40044	1	0.51593	0.38907	1	0.47879	0.53536	11.37283	1.10119	1	0.73933	0.55386	11.82821	1.09251	1	-0.00515	-0.00914	0.67320	0.00337	1	0.06145	-0.01303	0.67062	0.00421	1	1.45898	0.81042	0	
1261743	8509.76758	3305897270606	0.47196	0.27441	8509.66699	0.08691	11661	0	0.48903	0.29099	1	0.49346	0.32242	1	0.49125	0.30670	1	0.47845	0.53440	11.21708	1.09251	1	0.73922	0.55353	11.88521	1.08383	1	-0.00515	-0.00914	0.67320	0.00360	1	0.06145	-0.01303	0.67062	0.00412	1	1.45898	0.81042	0	
1261744	8509.77441	3305897337571	0.48568	0.27730	8509.66699	0.08691	11661	0	0.52849	0.19394	1	0.49773	0.37220	1	0.51311	0.28307	1	0.47826	0.53318	10.91243	1.08383	1	0.73923	0.55407	11.99090	1.07515	1	-0.00515	-0.00914	0.67320	0.00225	1	0.06145	-0.01303	0.67062	0.00399	1	1.45898	0.81042	0	
1261745	8509.78125	3305897404914	0.48568	0.27730	8509.76074	0.02051	11662	1	0.52849	0.19394	0	0.49773	0.37220	0	0.51311	0.28307	0	0.47826	0.53318	10.91243	1.07515	0	0.73923	0.55407	11.99090	1.06647	0	-0.00515	-0.00914	0.67320	0.00225	1	0.06145	-0.01303	0.67062	0.00399	1	1.45898	0.81042	0	
1261746	8509.78809	3305897471740	0.48568	0.27730	8509.76074	0.02734	11662	1	0.52849	0.19394	0	0.49773	0.37220	0	0.51311	0.28307	0	0.47826	0.53318	10.91243	1.06647	0	0.73923	0.55407	11.99090	1.06647	0	-0.00515	-0.00914	0.67320	0.00225	1	0.06145	-0.01303	0.67062	0.00399	1	1.45898	0.81042	0	
1261747	8509.79395	3305897537326	0.48568	0.27730	8509.76074	0.03320	11662	1	0.52849	0.19394	0	0.49773	0.37220	0	0.51311	0.28307	0	0.47826	0.53318	10.91243	1.06647	0	0.73923	0.55407	11.99090	1.06647	0	-0.00515	-0.00914	0.67320	0.00225	1	0.06145	-0.01303	0.67062	0.00399	1	1.45898	0.81042	0	
1261748	8509.80078	3305897605637	0.50218	0.29489	8509.76074	0.03320	11662	0	0.52849	0.19394	0	0.49773	0.37220	0	0.51311	0.28307	0	0.47826	0.53318	10.91243	1.06647	0	0.73923	0.55407	11.99090	1.06647	0	-0.00515	-0.00914	0.67320	0.00225	1	0.06145	-0.01303	0.67062	0.00399	1	1.45898	0.81042	0	
1261749	8509.80762	3305897672369	0.50218	0.29489	8509.76074	0.03320	11662	0	0.52849	0.19394	0	0.49773	0.37220	0	0.51311	0.28307	0	0.47826	0.53318	10.91243	1.06647	0	0.73923	0.55407	11.99090	1.06647	0	-0.00515	-0.00914	0.67320	0.00225	1	0.06145	-0.01303	0.67062	0.00399	1	1.45898	0.81042	0	
1261750	8509.81445	3305897739782	0.50218	0.29489	8509.76074	0.03320	11662	0	0.52849	0.19394	0	0.49773	0.37220	0	0.51311	0.28307	0	0.47826	0.53318	10.91243	1.06647	0	0.73923	0.55407	11.99090	1.06647	0	-0.00515	-0.00914	0.67320	0.00225	1	0.06145	-0.01303	0.67062	0.00399	1	1.45898	0.81042	0	
1261751	8509.82129	3305897806542	0.00000	0.00000	8509.76074	0.03320	11662	0	0.52849	0.19394	0	0.49773	0.37220	0	0.51311	0.28307	0	0.47826	0.53318	10.91243	1.06647	0	0.73923	0.55407	11.99090	1.06647	0	-0.00515	-0.00914	0.67320	0.00225	1	0.06145	-0.01303	0.67062	0.00399	1	1.45898	0.81042	0	
1261752	8509.82812	3305897872968	0.00000	0.00000	8509.76074	0.03320	11662	0	0.52849	0.19394	0	0.49773	0.37220	0	0.51311	0.28307	0	0.47826	0.53318	10.91243	1.06647	0	0.73923	0.55407	11.99090	1.06647	0	-0.00515	-0.00914	0.67320	0.00225	1	0.06145	-0.01303	0.67062	0.00399	1	1.45898	0.81042	0	
1261753	8509.83496	3305897940441	0.00000	0.00000	8509.76074	0.03320	11662	0	0.52849	0.19394	0	0.49773	0.37220	0	0.51311	0.28307	0	0.47826	0.53318	10.91243	1.06647	0	0.73923	0.55407	11.99090	1.06647	0	-0.00515	-0.00914	0.67320	0.00225	1	0.06145	-0.01303	0.67062	0.00399	1	1.45898	0.81042	0	
1261754	8509.84082	3305898007635	0.00000	0.00000	8509.76074	0.03320	11662	0	0.52849	0.19394	0	0.49773	0.37220	0	0.51311	0.28307	0	0.47826	0.53318	10.91243	1.06647	0	0.73923	0.55407	11.99090	1.06647	0	-0.00515	-0.00914	0.67320	0.00225	1	0.06145	-0.01303	0.67062	0.00399	1	1.45898	0.81042	0	
1261755	8509.84766	3305898074729	0.24663	0.11071	8509.76074	0.03320	11662	0	0.50805	0.19697	1	0.47848	0.24585	1	0.49327	0.22141	1	0.47719	0.53291	10.91347	1.06647	1	0.73812	0.55264	11.39455	1.06647	1	-0.00515	-0.00914	0.67320	0.00230	1	0.06145	-0.01303	0.67062	0.00390	1	1.45898	0.81042	0	
1261756	8509.85449	3305898141359	0.32757	0.16193	8509.76074	0.03320	11662	0	0.51264	0.18626	1	0.46624	0.34252	1	0.48944	0.26439	1	0.47715	0.53284	10.78151	1.06647	1	0.73797	0.55310	11.68898	1.06647	1	-0.00515	-0.00914	0.67320	0.00228	1	0.06145	-0.01303	0.67062	0.00404	1	1.45898	0.81042	0	
1261757	8509.86133	3305898208409	0.49068	0.25109	8509.76074	0.03320	11662	0	0.51264	0.18626	1	0.46602	0.34868	1	0.48933	0.26747	1	0.47701	0.53306	11.00416	1.06647	1	0.73769	0.55293	12.03748	1.05881	1	-0.00565	-0.00935	0.68473	0.00235	1	0.06067	-0.01272	0.66486	0.00406	1	1.45898	0.81042	0	
1261758	8509.86816	3305898275324	0.48582	0.25413	8509.76074	0.03320	11662	0	0.50088	0.21234	1	0.46106	0.30199	1	0.48097	0.25716	1	0.47703	0.53311	11.11609	1.05881	1	0.73788	0.55246	11.66288	1.05115	1	-0.00565	-0.00935	0.68473	0.00233	1	0.06067	-0.01272	0.66486	0.00403	1	1.45898	0.81042	0	
1261759	8509.87500	3305898341027	0.48374	0.24990	8509.76074	0.03320	11662	0	0.49911	0.16160	1	0.46002	0.32132	1	0.47957	0.24146	1	0.47706	0.53293	11.57017	1.05115	1	0.73786	0.55283	11.70114	1.04349	1	-0.00565	-0.00935	0.68473	0.00224	1	0.06067	-0.01272	0.66486	0.00386	1	1.45898	0.81042	0	
1261760	8509.88184	3305898409658	0.48282	0.24872	8509.86133	0.02051	11663	1	0.50007	0.16903	1	0.46002	0.32132	1	0.48005	0.24518	1	0.47702	0.53302	10.74406	1.04349	1	0.73756	0.55323	11.95753	1.04349	1	-0.00565	-0.00935	0.68473	0.00236	1	0.06204	-0.01301	0.68042	0.00390	1	1.45898	0.81042	0	
1261761	8509.88770	3305898476086	0.47991	0.25132	8509.86133	0.02637	11663	1	0.49325	0.22945	1	0.44330	0.29398	1	0.46828	0.26172	1	0.47688	0.53305	11.25290	1.04349	1	0.73760	0.55257	11.75615	1.05115	1	-0.00565	-0.00935	0.68473	0.00226	1	0.06204	-0.01301	0.68042	0.00415	1	1.45898	0.81042	0	
1261762	8509.89453	3305898541233	0.47784	0.25150	8509.86133	0.03320	11663	1	0.48814	0.17477	1	0.44688	0.33003	1	0.46751	0.25240	1	0.47701	0.53308	11.09590	1.05115	1	0.73765	0.55305	12.02010	1.05881	1	-0.00565	-0.00935	0.68473	0.00237	1	0.06204	-0.01301	0.68042	0.00385	1	1.45898	0.81042	0	
1261763	8509.90137	3305898610563	0.47630	0.25066	8509.86133	0.04004	11663	1	0.48711	0.16743	1	0.44697	0.32374	1	0.46704	0.24558	1	0.47685	0.53302	10.87116	1.05881	1	0.73761	0.55266	11.82147	1.06647	1	-0.00565	-0.00935	0.68473	0.00231	1	0.06125	-0.01287	0.67290	0.00401	1	1.45898	0.81042	0	
1261764	8509.90820	3305898677143	0.47688	0.25080	8509.86133	0.04688	11663	1	0.48947	0.19971	1	0.47246	0.30398	1	0.48097	0.25184	1	0.47689	0.53307	11.42957	1.06647	1	0.73765	0.55260	11.80826	1.06647	1	-0.00565	-0.00935	0.68473	0.00232	1	0.06125	-0.01287	0.67290	0.00403	1	1.45898	0.81042	0	
1261765	8509.91504	3305898745171	0.47868	0.24498	8509.86133	0.05371	11663	1	0.49006	0.15494	1	0.49610	0.24182	1	0.49308	0.19838	1	0.47681	0.53305	11.13180	1.06647	1	0.73766	0.55254	11.82711	1.06647	1	-0.00565	-0.00935	0.68473	0.00223	1	0.06125	-0.01287	0.67290	0.00391	1	1.45898	0.81042	0	
1261766	8509.92188	3305898810993	0.48012	0.24032	8509.86133	0.06055	11663	1	0.49006	0.15494	1	0.49610	0.24182	1	0.49308	0.19838	1	0.47670	0.53301	11.20477	1.06647	1	0.73790	0.55275	11.70543	1.06647	1	-0.00565	-0.00935	0.68473	0.00225	1	0.06125	-0.01287	0.67290	0.00403	1	1.45898	0.81042	0	
1261767	8509.92871	3305898878009	0.48110	0.23921	8509.86133	0.06738	11663	1	0.47980	0.18879	1	0.50190	0.26751	1	0.49085	0.22815	1	0.47671	0.53306	11.57942	1.06647	1	0.73772	0.55273	11.85136	1.06647	1	-0.00565	-0.00935	0.68473	0.00223	1	0.06125	-0.01287	0.67290	0.00385	1	1.45898	0.81042	0	
1261768	8509.93457	3305898945264	0.48186	0.23810	8509.86133	0.07324	11663	1	0.48220	0.19630	1	0.49827	0.25530	1	0.49024	0.22580	1	0.47677	0.53303	11.08894	1.06647	1	0.73766	0.55290	11.84273	1.06647	1	-0.00565	-0.00935	0.68473	0.00229	1	0.06125	-0.01287	0.67290	0.00380	1	1.45898	0.81042	0	
1261769	8509.94141	3305899012550	0.48247	0.23652	8509.86133	0.08008	11663	1	0.48096	0.18789	1	0.49880	0.24722	1	0.48988	0.21756	1	0.47662	0.53295	11.27510	1.07555	1	0.73765	0.55312	11.87422	1.07555	1	-0.00584	-0.00952	0.70122	0.00222	1	0.06125	-0.01287	0.67290	0.00379	1	1.45898	0.81042	0	
1261770	8509.94824	3305899079642	0.48227	0.23670	8509.86133	0.08691	11663	1	0.46802	0.15894	1	0.49121	0.31929	1	0.47961	0.23911	1	0.47668	0.53291	11.12148	1.08464	1	0.73759	0.55319	11.90552	1.08464	1	-0.00584	-0.00952	0.70122	0.00225	1	0.06125	-0.01287	0.67290	0.00377	1	1.45898	0.81042	0	
1261771	8509.95508	3305899146564	0.48219	0.23514	8509.86133	0.09375	11663	1	0.46756	0.16472	1	0.49442	0.26170	1	0.48099	0.21321	1	0.47659	0.53295	11.00903	1.09373	1	0.73761	0.55307	12.09953	1.09373	1	-0.00584	-0.00952	0.70122	0.00222	1	0.06125	-0.01287	0.67290	0.00375	1	1.45898	0.81042	0	
1261772	8509.96191	3305899213145	0.48211	0.23376	8509.86133	0.10059	11663	1	0.46756	0.16472	1	0.49442	0.26170	1	0.48099	0.21321	1	0.47659	0.53285	10.85143	1.09373	1	0.73765	0.55312	12.04868	1.09373	1	-0.00556	-0.00915	0.67423	0.00228	1	0.06125	-0.01287	0.67290	0.00353	1	1.45898	0.81042	0	
1261773	8509.96875	3305899280070	0.48228	0.23390	8509.86133	0.10742	11663	1	0.47463	0.16195	1	0.49537	0.31033	1	0.48500	0.23614	1	0.47673	0.53272	10.80101	1.08464	1	0.73760	0.55331	12.03319	1.08464	1	-0.00556	-0.00915	0.67423	0.00227	1	0.06125	-0.01287	0.67290	0.00359	1	1.45898	0.81042	0	
1261774	8509.97559	3305899346874	0.48148	0.23328	8509.86133	0.11426	11663	1	0.47433	0.17408	1	0.46140	0.27127	1	0.46786	0.22267	1	0.47663	0.53282	10.74516	1.07555	1	0.73748	0.55307	12.23182	1.07555	1	-0.00556	-0.00915	0.67423	0.00231	1	0.06125	-0.01287	0.67290	0.00369	1	1.45898	0.81042	0	
1261775	8509.98145	3305899414013	0.48076	0.23272	8509.86133	0.12012	11663	1	0.47433	0.17408	1	0.46140	0.27127	1	0.46786	0.22267	1	0.47660	0.53275	10.83888	1.07555	1	0.73779	0.55283	12.00433	1.07555	1	-0.00584	-0.00947	0.70122	0.00225	1	0.06125	-0.01287	0.67290	0.00389	1	1.45898	0.81042	0	
1261776	8509.98828	3305899481190	0.48094	0.23383	8509.86133	0.12695	11663	1	0.47130	0.15691	1	0.49744	0.35297	1	0.48437	0.25494	1	0.47662	0.53275	11.50775	1.08464	1	0.73774	0.55325	12.12740	1.08464	1	-0.00584	-0.00947	0.70122	0.00222	1	0.06125	-0.01287	0.67290	0.00387	1	1.45898	0.81042	0	
1261777	8509.99512	3305899548280	0.48148	0.23282	8509.86133	0.13379	11663	1	0.47540	0.15002	1	0.50901	0.27517	1	0.49220	0.21259	1	0.47666	0.53278	10.89002	1.09373	1	0.73779	0.55257	12.11812	1.09373	1	-0.00584	-0.00947	0.70122	0.00226	1	0.06125	-0.01287	0.67290	0.00409	1	1.45898	0.81042	0	
1261778	8510.00195	3305899614509	0.48195	0.23153	8509.86133	0.14062	11663	1	0.47414	0.14143	1	0.50960	0.26745	1	0.49187	0.20444	1	0.47663	0.53278	10.89721	1.10281	1	0.73763	0.55329	11.99900	1.10281	1	-0.00584	-0.00947	0.70122	0.00232	1	0.06125	-0.01287	0.67290	0.00367	1	1.45898	0.81042	0	
1261779	8510.00781	3305899677723	0.48220	0.23107	8509.86133	0.14648	11663	1	0.47414	0.14143	1	0.50101	0.30024	1	0.48758	0.22083	1	0.47666	0.53276	10.82133	1.10281	1	0.73771	0.55355	12.30517	1.10281	1	-0.00584	-0.00947	0.70122	0.00227	1	0.06125	-0.01287	0.67290	0.00362	1	1.45898	0.81042	0	
1261780	8510.01562	3305899747123	0.48171	0.23073	8509.86133	0.15430	11663	1	0.46558	0.14199	1	0.47561	0.30390	1	0.47059	0.22295	1	0.47668	0.53277	10.86083	1.10281	1	0.73743	0.55350	12.44924	1.10281	1	-0.00584	-0.00947	0.70122	0.00228	1	0.06125	-0.01287	0.67290	0.00361	1	1.45898	0.81042	0	
1261781	8510.02148	3305899814414	0.48127	0.23042	8509.86133	0.16016	11663	1	0.46558	0.14199	1	0.47561	0.30390	1	0.47059	0.22295	1	0.47656	0.53272	10.75458	1.10281	1	0.73741	0.55352	12.87265	1.10281	1	-0.00584	-0.00947	0.70122	0.00224	1	0.06125	-0.01287	0.67290	0.00358	1	1.45898	0.81042	0	
1261782	8510.02832	3305899880237	0.48146	0.22949	8509.86133	0.16699	11663	1	0.48600	0.13821	1	0.48645	0.27460	1	0.48623	0.20641	1	0.47656	0.53279	10.91906	1.10281	1	0.73750	0.55327	12.32424	1.10281	1	-0.00584	-0.00947	0.70122	0.00235	1	0.06125	-0.01287	0.67290	0.00363	1	1.45898	0.81042	0	
1261783	8510.03516	3305899949265	0.48174	0.22970	8509.86133	0.17383	11663	1	0.48441	0.14325	1	0.49359	0.32700	1	0.48900	0.23512	1	0.47654	0.53270	11.10853	1.10281	1	0.73758	0.55341	12.45584	1.10281	1	-0.00584	-0.00947	0.70122	0.00225	1	0.06125	-0.01287	0.67290	0.00364	1	1.45898	0.81042	0	
1261784	8510.04199	3305900014494	0.48200	0.22990	8509.86133	0.18066	11663	1	0.48441	0.14325	1	0.49359	0.32700	1	0.48900	0.23512	1	0.47658	0.53279	11.47524	1.10281	1	0.73729	0.55342	12.80829	1.10281	1	-0.00584	-0.00947	0.70122	0.00224	1	0.06125	-0.01287	0.67290	0.00358	1	1.45898	0.81042	0	
1261785	8510.04883	3305900081262	0.48156	0.22928	8509.86133	0.18750	11663	1	0.48994	0.13910	1	0.44851	0.28506	1	0.46922	0.21208	1	0.47649	0.53282	11.05739	1.10281	1	0.73692	0.55348	12.35446	1.10281	1	-0.00584	-0.00947	0.70122	0.00230	1	0.06125	-0.01287	0.67290	0.00370	1	1.45898	0.81042	0	
1261786	8510.05566	3305900147017	0.48182	0.23020	8509.86133	0.19434	11663	1	0.49209	0.14480	1	0.48658	0.36891	1	0.48933	0.25686	1	0.47658	0.53289	11.22828	1.10281	1	0.73753	0.55361	12.53017	1.10281	1	-0.00584	-0.00947	0.70122	0.00233	1	0.06125	-0.01287	0.67290	0.00355	1	1.45898	0.81042	0	
1261787	8510.06250	3305900215372	0.48207	0.23131	8509.86133	0.20117	11663	1	0.49322	0.15335	1	0.48617	0.37578	1	0.48969	0.26457	1	0.47663	0.53296	11.54604	1.09373	1	0.73753	0.55373	12.71838	1.09373	1	-0.00566	-0.00910	0.67443	0.00230	1	0.06125	-0.01287	0.67290	0.00355	1	1.45898	0.81042	0	
1261788	8510.06934	3305900284357	0.48265	0.23108	8509.86133	0.20801	11663	1	0.51485	0.15346	1	0.48645	0.29430	1	0.50065	0.22388	1	0.47657	0.53291	11.38492	1.08464	1	0.73751	0.55330	12.63309	1.08464	1	-0.00566	-0.00910	0.67443	0.00234	1	0.06125	-0.01287	0.67290	0.00357	1	1.45898	0.81042	0	
1261789	8510.07520	3305900351697	0.48336	0.23210	8509.86133	0.21387	11663	1	0.51442	0.16730	1	0.49797	0.36221	1	0.50620	0.26475	1	0.47647	0.53278	11.64019	1.07555	1	0.73766	0.55340	12.47613	1.07555	1	-0.00566	-0.00910	0.67443	0.00233	1	0.06125	-0.01287	0.67290	0.00359	1	1.45898	0.81042	0	
1261790	8510.08203	3305900418537	0.48403	0.23315	8509.86133	0.22070	11663	1	0.51442	0.16730	1	0.49753	0.36820	1	0.50598	0.26775	1	0.47674	0.53436	11.06854	1.07555	1	0.73722	0.55336	11.88619	1.06790	1	-0.00606	-0.00971	0.71539	0.00363	1	0.06006	-0.01263	0.66033	0.00361	1	1.45898	0.81042	0	
1261791	8510.08887	3305900485927	0.48436	0.23528	8509.86133	0.22754	11663	1	0.52305	0.29025	1	0.46780	0.32579	1	0.49542	0.30802	1	0.47661	0.53429	11.05150	1.07698	1	0.73716	0.55319	12.13667	1.06932	1	-0.00606	-0.00971	0.71539	0.00366	1	0.06006	-0.01263	0.66033	0.00362	1	1.45898	0.81042	0	
1261792	8510.09570	3305900553344	0.48479	0.23547	8509.86133	0.23438	11663	1	0.51364	0.15109	1	0.48659	0.33279	1	0.50011	0.24194	1	0.47646	0.53281	11.66392	1.07841	1	0.73753	0.55307	12.14445	1.07075	1	-0.00606	-0.00971	0.71539	0.00225	1	0.06006	-0.01263	0.66033	0.00369	1	1.45898	0.81042	0	
1261793	8510.10254	3305900620154	0.48521	0.23561	8509.86133	0.24121	11663	1	0.51348	0.14973	1	0.48665	0.33163	1	0.50007	0.24068	1	0.47646	0.53281	11.71342	1.07983	1	0.73768	0.55302	12.22609	1.07217	1	-0.00606	-0.00971	0.71539	0.00224	1	0.06022	-0.01261	0.66206	0.00369	1	1.45898	0.81042	0	
1261794	8510.10938	3305900687448	0.48547	0.23770	8509.86133	0.24805	11663	1	0.52822	0.29862	1	0.46243	0.33114	1	0.49533	0.31488	1	0.47663	0.53418	10.80704	1.07217	1	0.73708	0.55290	12.11201	1.07217	1	-0.00606	-0.00971	0.71539	0.00357	1	0.06022	-0.01261	0.66206	0.00371	1	1.45898	0.81042	0	
1261795	8510.11621	3305900753357	0.48557	0.23797	8509.86133	0.25488	11663	1	0.50533	0.19225	1	0.47343	0.30470	1	0.48938	0.24847	1	0.47632	0.53293	11.27064	1.07217	1	0.73729	0.55314	12.30399	1.07217	1	-0.00606	-0.00971	0.71539	0.00221	1	0.06022	-0.01261	0.66206	0.00366	1	1.45898	0.81042	0	
1261796	8510.12305	3305900820873	0.48568	0.23844	8509.86133	0.26172	11663	1	0.50640	0.20063	1	0.47311	0.31230	1	0.48976	0.25646	1	0.47640	0.53294	11.37484	1.06309	1	0.73722	0.55314	12.43570	1.06309	1	-0.00584	-0.00928	0.68362	0.00228	1	0.06022	-0.01261	0.66206	0.00365	1	1.45898	0.81042	0	
1261797	8510.12891	3305900887947	0.49643	0.26808	8509.86133	0.26172	11663	0	0.53554	0.36773	1	0.45485	0.28957	1	0.49519	0.32865	1	0.47669	0.53508	11.44251	1.05400	1	0.73701	0.55277	12.18445	1.05400	1	-0.00584	-0.00928	0.68362	0.00347	1	0.06022	-0.01261	0.66206	0.00368	1	1.45898	0.81042	0	
1261798	8510.13574	3305900953451	0.49267	0.31516	8509.86133	0.26172	11663	0	0.52899	0.36100	1	0.44885	0.36347	1	0.48892	0.36224	1	0.47665	0.53468	11.24134	1.04492	1	0.73691	0.55321	12.67432	1.04492	1	-0.00584	-0.00928	0.68362	0.00355	1	0.06022	-0.01261	0.66206	0.00389	1	1.45898	0.81042	0	
1261799	8510.14258	3305901020811	0.49142	0.33085	8509.86133	0.26172	11663	0	0.52899	0.36100	1	0.44885	0.36347	1	0.48892	0.36224	1	0.47632	0.53275	11.44428	1.04492	1	0.73677	0.55317	12.12849	1.04492	1	-0.00606	-0.00971	0.71539	0.00227	1	0.06022	-0.01261	0.66206	0.00391	1	1.45898	0.81042	0	
1261800	8510.14941	3305901089099	0.49011	0.33095	8510.12891	0.02051	11664	1	0.51356	0.35143	1	0.45874	0.31112	1	0.48615	0.33127	1	0.47643	0.53486	10.40735	1.05400	1	0.73707	0.55273	12.20857	1.05400	1	-0.00606	-0.00971	0.71539	0.00357	1	0.06022	-0.01261	0.66206	0.00376	1	1.45898	0.81042	0	
1261801	8510.15625	3305901155853	0.48668	0.32063	8510.12891	0.02734	11664	1	0.50518	0.19180	1	0.44080	0.36689	1	0.47299	0.27934	1	0.47630	0.53291	11.80965	1.06309	1	0.73676	0.55329	12.32973	1.06309	1	-0.00606	-0.00971	0.71539	0.00237	1	0.06022	-0.01261	0.66206	0.00379	1	1.45898	0.81042	0	
1261802	8510.16309	3305901223691	0.48440	0.31375	8510.12891	0.03418	11664	1	0.50518	0.19180	1	0.44080	0.36689	1	0.47299	0.27934	1	0.47668	0.53489	11.43703	1.06309	1	0.73665	0.55345	12.29803	1.06309	1	-0.00584	-0.00923	0.68362	0.00351	1	0.06022	-0.01261	0.66206	0.00383	1	1.45898	0.81042	0	
1261803	8510.16992	3305901289589	0.48364	0.31633	8510.12891	0.04102	11664	1	0.51802	0.33312	1	0.44019	0.33042	1	0.47910	0.33177	1	0.47644	0.53469	10.53992	1.05400	1	0.73673	0.55319	12.07966	1.05400	1	-0.00584	-0.00923	0.68362	0.00366	1	0.06022	-0.01261	0.66206	0.00389	1	1.45898	0.81042	0	
1261804	8510.17578	3305901356503	0.48369	0.32340	8510.12891	0.04688	11664	1	0.54087	0.37621	1	0.42707	0.36962	1	0.48397	0.37291	1	0.47679	0.53479	11.25122	1.04492	1	0.73657	0.55333	12.03529	1.04492	1	-0.00584	-0.00923	0.68362	0.00359	1	0.06022	-0.01261	0.66206	0.00417	1	1.45898	0.81042	0	
1261805	8510.18262	3305901423580	0.48376	0.32935	8510.12891	0.05371	11664	1	0.54172	0.38319	1	0.42708	0.37075	1	0.48440	0.37697	1	0.47687	0.53479	11.21236	1.03583	1	0.73668	0.55311	11.95405	1.04349	1	-0.00584	-0.00933	0.68362	0.00360	1	0.06210	-0.01302	0.68331	0.00397	1	1.45898	0.81042	0	
1261806	8510.18945	3305901490730	0.48429	0.33123	8510.12891	0.06055	11664	1	0.52997	0.36084	1	0.44800	0.33537	1	0.48898	0.34811	1	0.47664	0.53474	11.10260	1.04349	1	0.73691	0.55295	12.21732	1.05115	1	-0.00584	-0.00933	0.68362	0.00360	1	0.06210	-0.01302	0.68331	0.00397	1	1.45898	0.81042	0	
1261807	8510.19629	3305901557138	0.48506	0.33291	8510.12891	0.06738	11664	1	0.53889	0.35139	1	0.44663	0.34822	1	0.49276	0.34980	1	0.47679	0.53477	11.40022	1.05115	1	0.73689	0.55317	12.66368	1.05881	1	-0.00584	-0.00933	0.68362	0.00359	1	0.06210	-0.01302	0.68331	0.00389	1	1.45898	0.81042	0	
1261808	8510.20312	3305901624535	0.48567	0.33407	8510.12891	0.07422	11664	1	0.53818	0.34535	1	0.44663	0.34822	1	0.49240	0.34679	1	0.47667	0.53451	11.18563	1.05881	1	0.73714	0.55292	12.84961	1.05881	1	-0.00584	-0.00928	0.68362	0.00353	1	0.06022	-0.01261	0.66206	0.00384	1	1.45898	0.81042	0	
1261809	8510.20898	3305901687798	0.48666	0.33473	8510.12891	0.08008	11664	1	0.53948	0.33930	1	0.45763	0.34599	1	0.49856	0.34264	1	0.47679	0.53471	11.48364	1.05881	1	0.73704	0.55312	12.50760	1.05115	1	-0.00584	-0.00928	0.68362	0.00357	1	0.06022	-0.01261	0.66206	0.00392	1	1.45898	0.81042	0	
1261810	8510.21582	3305901755456	0.48774	0.33634	8510.12891	0.08691	11664	1	0.50976	0.35512	1	0.49370	0.35951	1	0.50173	0.35732	1	0.47632	0.53451	11.53100	1.05115	1	0.73757	0.55322	12.67028	1.04349	1	-0.00584	-0.00928	0.68362	0.00365	1	0.06022	-0.01261	0.66206	0.00380	1	1.45898	0.81042	0	
1261811	8510.22266	3305901824474	0.48869	0.33815	8510.12891	0.09375	11664	1	0.51066	0.36114	1	0.49328	0.36570	1	0.50197	0.36342	1	0.47642	0.53508	11.93999	1.04349	1	0.73707	0.55287	11.88232	1.03583	1	-0.00584	-0.00933	0.68362	0.00354	1	0.06006	-0.01263	0.66033	0.00382	1	1.45898	0.81042	0	
1261812	8510.22949	3305901890587	0.48836	0.33962	8510.12891	0.10059	11664	1	0.52591	0.34520	1	0.44107	0.37803	1	0.48349	0.36162	1	0.47668	0.53454	11.02625	1.03583	1	0.73681	0.55335	12.37296	1.03583	1	-0.00584	-0.00933	0.68362	0.00354	1	0.06006	-0.01263	0.66033	0.00388	1	1.45898	0.81042	0	
1261813	8510.23633	3305901955850	0.48862	0.34154	8510.12891	0.10742	11664	1	0.54459	0.36678	1	0.44107	0.37803	1	0.49283	0.37241	1	0.47682	0.53481	11.27355	1.03583	1	0.73681	0.55335	12.37296	1.03583	1	-0.00584	-0.00933	0.68362	0.00356	1	0.06006	-0.01263	0.66033	0.00388	1	1.45898	0.81042	0	
1261814	8510.24316	3305902026325	0.48886	0.34309	8510.12891	0.11426	11664	1	0.54459	0.36678	1	0.44112	0.37196	1	0.49286	0.36937	1	0.47645	0.53490	11.62581	1.03583	1	0.73714	0.55331	12.88711	1.04349	1	-0.00584	-0.00933	0.68362	0.00346	1	0.06210	-0.01307	0.68331	0.00378	1	1.45898	0.81042	0	
1261815	8510.25000	3305902094063	0.49009	0.34573	8510.12891	0.12109	11664	1	0.55137	0.43602	1	0.47330	0.35065	1	0.51234	0.39333	1	0.47693	0.53547	11.65199	1.04349	1	0.73731	0.55312	12.97773	1.05115	1	-0.00584	-0.00933	0.68362	0.00367	1	0.06210	-0.01307	0.68331	0.00363	1	1.45898	0.81042	0	
1261816	8510.25586	3305902158402	0.49120	0.34771	8510.12891	0.12695	11664	1	0.54483	0.42685	1	0.47938	0.34372	1	0.51211	0.38529	1	0.47688	0.53540	11.44184	1.05115	1	0.73737	0.55300	12.90182	1.05881	1	-0.00584	-0.00933	0.68362	0.00359	1	0.06210	-0.01307	0.68331	0.00367	1	1.45898	0.81042	0	
1261817	8510.26367	3305902227490	0.49218	0.34922	8510.12891	0.13477	11664	1	0.54415	0.42137	1	0.47969	0.33752	1	0.51192	0.37944	1	0.47667	0.53521	11.14042	1.05881	1	0.73698	0.55331	12.22892	1.06647	1	-0.00584	-0.00933	0.68362	0.00350	1	0.06210	-0.01307	0.68331	0.00379	1	1.45898	0.81042	0	
1261818	8510.26953	3305902294571	0.49240	0.34934	8510.12891	0.14062	11664	1	0.53857	0.38873	1	0.45546	0.31497	1	0.49702	0.35185	1	0.47675	0.53517	11.07649	1.06647	1	0.73700	0.55330	12.18941	1.06647	1	-0.00584	-0.00933	0.68362	0.00365	1	0.06210	-0.01307	0.68331	0.00379	1	1.45898	0.81042	0	
1261819	8510.27637	3305902360100	0.49206	0.35075	8510.12891	0.14746	11664	1	0.53518	0.37901	1	0.43373	0.38439	1	0.48446	0.38170	1	0.47668	0.53514	10.96106	1.06647	1	0.73669	0.55374	12.49084	1.06647	1	-0.00584	-0.00933	0.68362	0.00358	1	0.06210	-0.01307	0.68331	0.00378	1	1.45898	0.81042	0	
1261820	8510.28320	3305902428462	0.49174	0.35190	8510.12891	0.15430	11664	1	0.53518	0.37901	1	0.43373	0.37776	1	0.48445	0.37839	1	0.47631	0.53499	11.66698	1.06647	1	0.73696	0.55361	12.32312	1.07515	1	-0.00584	-0.00933	0.68362	0.00347	1	0.06435	-0.01355	0.70864	0.00368	1	1.45898	0.81042	0	
1261821	8510.29004	3305902495267	0.49034	0.35093	8510.12891	0.16113	11664	1	0.47574	0.32621	1	0.43781	0.32888	1	0.45677	0.32755	1	0.47584	0.53541	11.13989	1.07515	1	0.73680	0.55305	12.44913	1.08383	1	-0.00584	-0.00933	0.68362	0.00388	1	0.06435	-0.01355	0.70864	0.00380	1	1.45898	0.81042	0	
1261822	8510.29688	3305902559433	0.48954	0.34899	8510.12891	0.16797	11664	1	0.49633	0.26914	1	0.44272	0.33205	1	0.46952	0.30060	1	0.47620	0.53490	11.49268	1.08383	1	0.73681	0.55357	12.31820	1.09251	1	-0.00584	-0.00933	0.68362	0.00381	1	0.06435	-0.01355	0.70864	0.00379	1	1.45898	0.81042	0	
1261823	8510.30371	3305902629340	0.48878	0.34706	8510.12891	0.17480	11664	1	0.49525	0.26183	1	0.44272	0.33205	1	0.46898	0.29694	1	0.47580	0.53580	11.23957	1.09251	1	0.73697	0.55371	12.45354	1.09251	1	-0.00584	-0.00933	0.68362	0.00390	1	0.06116	-0.01289	0.67413	0.00377	1	1.45898	0.81042	0	
1261824	8510.30957	3305902694955	0.48770	0.34756	8510.12891	0.18066	11664	1	0.47951	0.35911	1	0.43785	0.36279	1	0.45868	0.36095	1	0.47581	0.53604	11.52004	1.09251	1	0.73675	0.55342	12.47064	1.08383	1	-0.00584	-0.00933	0.68362	0.00378	1	0.06116	-0.01289	0.67413	0.00380	1	1.45898	0.81042	0	
1261825	8510.31641	3305902761527	0.48757	0.34610	8510.12891	0.18750	11664	1	0.50639	0.31532	1	0.46096	0.29532	1	0.48368	0.30532	1	0.47626	0.53554	11.46392	1.08383	1	0.73670	0.55328	12.49197	1.07515	1	-0.00584	-0.00933	0.68362	0.00365	1	0.06116	-0.01289	0.67413	0.00377	1	1.45898	0.81042	0	
1261826	8510.32324	3305902830329	0.48745	0.34498	8510.12891	0.19434	11664	1	0.50741	0.32225	1	0.46075	0.30263	1	0.48408	0.31244	1	0.47631	0.53575	11.71587	1.07515	1	0.73674	0.55304	12.35016	1.06647	1	-0.00584	-0.00933	0.68362	0.00362	1	0.06116	-0.01289	0.67413	0.00385	1	1.45898	0.81042	0	
1261827	8510.33008	3305902897152	0.48707	0.34495	8510.12891	0.20117	11664	1	0.49845	0.34671	1	0.45309	0.34142	1	0.47577	0.34407	1	0.47613	0.53568	11.71377	1.06647	1	0.73659	0.55326	12.25738	1.06647	1	-0.00584	-0.00933	0.68362	0.00362	1	0.06116	-0.01289	0.67413	0.00388	1	1.45898	0.81042	0	
1261828	8510.33691	3305902964346	0.48679	0.34459	8510.12891	0.20801	11664	1	0.49291	0.33359	1	0.46333	0.33332	1	0.47812	0.33346	1	0.47605	0.53542	11.39579	1.06647	1	0.73680	0.55313	12.32784	1.06647	1	-0.00584	-0.00933	0.68362	0.00358	1	0.06116	-0.01289	0.67413	0.00383	1	1.45898	0.81042	0	
1261829	8510.34375	3305903030925	0.48653	0.34425	8510.12891	0.21484	11664	1	0.49291	0.33359	1	0.46333	0.33332	1	0.47812	0.33346	1	0.47585	0.53555	11.16071	1.06647	1	0.73630	0.55336	12.78701	1.06647	1	-0.00584	-0.00933	0.68362	0.00365	1	0.06116	-0.01284	0.67413	0.00392	1	1.45898	0.81042	0	
1261830	8510.35059	3305903098183	0.48566	0.34365	8510.12891	0.22168	11664	1	0.48878	0.30639	1	0.42484	0.34112	1	0.45681	0.32376	1	0.47597	0.53524	11.78663	1.06647	1	0.73647	0.55332	12.96009	1.06647	1	-0.00584	-0.00933	0.68362	0.00349	1	0.06116	-0.01284	0.67413	0.00385	1	1.45898	0.81042	0	
1261831	8510.35742	3305903164910	0.48525	0.34294	8510.12891	0.22852	11664	1	0.50524	0.31495	1	0.43800	0.32225	1	0.47162	0.31860	1	0.47629	0.53525	12.20625	1.06647	1	0.73673	0.55314	12.15172	1.06647	1	-0.00584	-0.00933	0.68362	0.00340	1	0.06116	-0.01284	0.67413	0.00395	1	1.45898	0.81042	0	
1261832	8510.36328	3305903231902	0.48488	0.34226	8510.12891	0.23438	11664	1	0.50524	0.31495	1	0.43800	0.32225	1	0.47162	0.31860	1	0.47684	0.53483	11.38052	1.06647	1	0.73687	0.55305	12.29265	1.06647	1	-0.00584	-0.00933	0.68362	0.00352	1	0.06210	-0.01302	0.68331	0.00405	1	1.45898	0.81042	0	
1261833	8510.37012	3305903299185	0.48541	0.34173	8510.12891	0.24121	11664	1	0.54062	0.29934	1	0.46860	0.34600	1	0.50461	0.32267	1	0.47690	0.53522	11.34848	1.06647	1	0.73716	0.55324	13.14411	1.06647	1	-0.00584	-0.00933	0.68362	0.00373	1	0.06210	-0.01302	0.68331	0.00382	1	1.45898	0.81042	0	
1261834	8510.37695	3305903365543	0.48576	0.34241	8510.12891	0.24805	11664	1	0.53512	0.37527	1	0.46223	0.35944	1	0.49868	0.36735	1	0.47675	0.53545	11.78453	1.06647	1	0.73709	0.55338	13.12491	1.06647	1	-0.00584	-0.00933	0.68362	0.00360	1	0.06210	-0.01302	0.68331	0.00378	1	1.45898	0.81042	0	
1261835	8510.38379	3305903431166	0.48609	0.34304	8510.12891	0.25488	11664	1	0.53512	0.37527	1	0.46223	0.35944	1	0.49868	0.36735	1	0.47691	0.53551	12.30021	1.06647	1	0.73694	0.55308	12.91788	1.06647	1	-0.00584	-0.00933	0.68362	0.00360	1	0.06210	-0.01302	0.68331	0.00391	1	1.45898	0.81042	0	
1261836	8510.39062	3305903499937	0.48672	0.34353	8510.12891	0.26172	11664	1	0.56782	0.38945	1	0.45452	0.33515	1	0.51117	0.36230	1	0.47725	0.53563	12.07978	1.06647	1	0.73697	0.55310	13.09461	1.06647	1	-0.00584	-0.00933	0.68362	0.00370	1	0.06210	-0.01302	0.68331	0.00389	1	1.45898	0.81042	0	
1261837	8510.39746	3305903567151	0.48746	0.34416	8510.12891	0.26855	11664	1	0.57065	0.38519	1	0.46402	0.35421	1	0.51734	0.36970	1	0.47725	0.53571	12.14290	1.06647	1	0.73719	0.55321	13.18192	1.06647	1	-0.00584	-0.00933	0.68362	0.00359	1	0.06210	-0.01302	0.68331	0.00378	1	1.45898	0.81042	0	
1261838	8510.40332	3305903632903	0.48817	0.34477	8510.12891	0.27441	11664	1	0.57065	0.38519	1	0.46402	0.35421	1	0.51734	0.36970	1	0.47707	0.53548	12.04899	1.06647	1	0.73721	0.55332	13.14348	1.06647	1	-0.00584	-0.00933	0.68362	0.00358	1	0.06210	-0.01297	0.68331	0.00376	1	1.45898	0.81042	0	
1261839	8510.41016	3305903697929	0.48833	0.34400	8510.12891	0.28125	11664	1	0.53412	0.29806	1	0.45599	0.32499	1	0.49506	0.31153	1	0.47676	0.53470	11.16391	1.06647	1	0.73706	0.55304	13.00207	1.06647	1	-0.00584	-0.00933	0.68362	0.00381	1	0.06210	-0.01297	0.68331	0.00391	1	1.45898	0.81042	0	
1261840	8510.41699	3305903765500	0.48901	0.34423	8510.12891	0.28809	11664	1	0.57426	0.37168	1	0.46174	0.33659	1	0.51800	0.35414	1	0.47734	0.53559	11.95372	1.06647	1	0.73717	0.55313	13.02657	1.06647	1	-0.00584	-0.00933	0.68362	0.00376	1	0.06210	-0.01297	0.68331	0.00388	1	1.45898	0.81042	0	
1261841	8510.42383	3305903832438	0.48965	0.34436	8510.12891	0.29492	11664	1	0.57368	0.36482	1	0.46177	0.33544	1	0.51773	0.35013	1	0.47697	0.53532	11.76236	1.07555	1	0.73736	0.55328	12.63351	1.06790	1	-0.00593	-0.00955	0.69947	0.00354	1	0.06022	-0.01261	0.66206	0.00384	1	1.45898	0.81042	0	
1261842	8510.43066	3305903900753	0.49030	0.34474	8510.12891	0.30176	11664	1	0.55499	0.34708	1	0.48399	0.37697	1	0.51949	0.36203	1	0.47701	0.53547	11.85191	1.07698	1	0.73755	0.55332	12.76129	1.06932	1	-0.00593	-0.00955	0.69947	0.00365	1	0.06022	-0.01261	0.66206	0.00383	1	1.45898	0.81042	0	
1261843	8510.43750	3305903966489	0.49088	0.34451	8510.12891	0.30859	11664	1	0.55143	0.32984	1	0.48406	0.33762	1	0.51775	0.33373	1	0.47697	0.53520	11.57235	1.07841	1	0.73749	0.55321	12.57802	1.07075	1	-0.00593	-0.00955	0.69947	0.00372	1	0.06022	-0.01261	0.66206	0.00384	1	1.45898	0.81042	0	
1261844	8510.44336	3305904031755	0.49144	0.34441	8510.12891	0.31445	11664	1	0.55206	0.33586	1	0.48372	0.34380	1	0.51789	0.33983	1	0.47669	0.53308	11.96001	1.07075	1	0.73765	0.55303	12.55454	1.06309	1	-0.00566	-0.00921	0.67443	0.00241	1	0.06006	-0.01263	0.66033	0.00371	1	1.45898	0.81042	0	
1261845	8510.45020	3305904100045	0.49164	0.34558	8510.12891	0.32129	11664	1	0.53505	0.31433	1	0.47713	0.33344	1	0.50609	0.32388	1	0.47674	0.53484	11.09079	1.05400	1	0.73741	0.55311	12.84860	1.05400	1	-0.00566	-0.00921	0.67443	0.00396	1	0.06006	-0.01263	0.66033	0.00372	1	1.45898	0.81042	0	
1261846	8510.45703	3305904166560	0.49210	0.34582	8510.12891	0.32812	11664	1	0.53319	0.37530	1	0.48851	0.37273	1	0.51085	0.37402	1	0.47710	0.53539	12.17015	1.04492	1	0.73760	0.55320	13.00243	1.04492	1	-0.00566	-0.00921	0.67443	0.00379	1	0.06006	-0.01263	0.66033	0.00375	1	1.45898	0.81042	0	
1261847	8510.46387	3305904234651	0.49256	0.34600	8510.12891	0.33496	11664	1	0.53319	0.37530	1	0.48889	0.36665	1	0.51104	0.37097	1	0.47721	0.53567	11.81116	1.04492	1	0.73746	0.55308	12.21405	1.05258	1	-0.00584	-0.00957	0.70122	0.00371	1	0.06125	-0.01287	0.67290	0.00375	1	1.45898	0.81042	0	
1261848	8510.47070	3305904303683	0.49301	0.34620	8510.12891	0.34180	11664	1	0.52365	0.37203	1	0.49155	0.30938	1	0.50760	0.34071	1	0.47691	0.53556	11.62608	1.06166	1	0.73756	0.55284	12.38836	1.06932	1	-0.00584	-0.00957	0.70122	0.00371	1	0.06125	-0.01287	0.67290	0.00375	1	1.45898	0.81042	0	
1261849	8510.47754	3305904371245	0.49363	0.34764	8510.12891	0.34863	11664	1	0.51420	0.37905	1	0.49133	0.31803	1	0.50277	0.34854	1	0.47673	0.53545	11.00440	1.07841	1	0.73764	0.55306	12.45162	1.08607	1	-0.00584	-0.00957	0.70122	0.00379	1	0.06125	-0.01287	0.67290	0.00378	1	1.45898	0.81042	0	
1261850	8510.48438	3305904437726	0.49424	0.34881	8510.12891	0.35547	11664	1	0.51234	0.36661	1	0.49218	0.30439	1	0.50226	0.33550	1	0.47732	0.53538	12.02337	1.09515	1	0.73746	0.55252	12.21743	1.10281	1	-0.00584	-0.00957	0.70122	0.00395	1	0.06125	-0.01277	0.67290	0.00396	1	1.45898	0.81042	0	
1261851	8510.49121	3305904504768	0.49506	0.34817	8510.12891	0.36230	11664	1	0.55026	0.34169	1	0.48661	0.26059	1	0.51843	0.30114	1	0.47732	0.53556	12.40640	1.10281	1	0.73746	0.55252	12.21743	1.10281	1	-0.00584	-0.00957	0.70122	0.00373	1	0.06125	-0.01277	0.67290	0.00396	1	1.45898	0.81042	0	
1261852	8510.49805	3305904571242	0.49529	0.34441	8510.12891	0.36914	11664	1	0.49822	0.13919	1	0.49221	0.24514	1	0.49521	0.19217	1	0.47682	0.53318	11.73340	1.10281	1	0.73761	0.55236	11.83295	1.10281	1	-0.00584	-0.00957	0.70122	0.00239	1	0.06125	-0.01277	0.67290	0.00398	1	1.45898	0.81042	0	
1261853	8510.50391	3305904638391	0.50873	0.31885	8510.12891	0.36914	11664	0	0.49931	0.14779	1	0.49136	0.25968	1	0.49533	0.20373	1	0.47666	0.53526	11.39726	1.09373	1	0.73761	0.55236	11.83295	1.08607	1	-0.00565	-0.00935	0.68473	0.00368	1	0.06022	-0.01261	0.66206	0.00398	1	1.45898	0.81042	0	
1261854	8510.51074	3305904705665	0.49902	0.32778	8510.12891	0.36914	11664	0	0.47539	0.35598	1	0.50324	0.31743	1	0.48932	0.33671	1	0.47662	0.53557	11.46824	1.07698	1	0.73774	0.55279	12.49289	1.06932	1	-0.00565	-0.00935	0.68473	0.00377	1	0.06022	-0.01261	0.66206	0.00398	1	1.45898	0.81042	0	
1261855	8510.51758	3305904772553	0.50049	0.32846	8510.12891	0.36914	11664	0	0.50870	0.37437	1	0.49817	0.28526	1	0.50343	0.32981	1	0.47708	0.53534	12.46795	1.06024	1	0.73779	0.55239	12.27658	1.05258	1	-0.00565	-0.00935	0.68473	0.00360	1	0.06022	-0.01261	0.66206	0.00394	1	1.45898	0.81042	0	
1261856	8510.52441	3305904839736	0.50141	0.33138	8510.50391	0.02051	11665	1	0.51068	0.38710	1	0.49764	0.29319	1	0.50416	0.34015	1	0.47710	0.53540	12.47458	1.04349	1	0.73768	0.55233	12.19748	1.04349	1	-0.00565	-0.00935	0.68473	0.00362	1	0.06155	-0.01288	0.67617	0.00399	1	1.45898	0.81042	0	
1261857	8510.53125	3305904904860	0.50009	0.33235	8510.50391	0.02734	11665	1	0.51818	0.36805	1	0.47142	0.30438	1	0.49480	0.33622	1	0.47720	0.53546	12.20985	1.04349	1	0.73769	0.55255	12.36868	1.05115	1	-0.00565	-0.00935	0.68473	0.00355	1	0.06155	-0.01288	0.67617	0.00381	1	1.45898	0.81042	0	
1261858	8510.53809	3305904971733	0.49948	0.32996	8510.50391	0.03418	11665	1	0.51465	0.31779	1	0.47825	0.31830	1	0.49645	0.31805	1	0.47711	0.53543	12.48808	1.05115	1	0.73778	0.55273	12.37632	1.05881	1	-0.00565	-0.00935	0.68473	0.00352	1	0.06155	-0.01288	0.67617	0.00402	1	1.45898	0.81042	0	
1261859	8510.54492	3305905040359	0.49901	0.32736	8510.50391	0.04102	11665	1	0.51378	0.31150	1	0.47856	0.31191	1	0.49617	0.31171	1	0.47720	0.53538	12.43300	1.05881	1	0.73776	0.55314	12.70995	1.06647	1	-0.00565	-0.00935	0.68473	0.00369	1	0.06155	-0.01288	0.67617	0.00398	1	1.45898	0.81042	0	
1261860	8510.55176	3305905108215	0.49888	0.32738	8510.50391	0.04785	11665	1	0.51739	0.34114	1	0.47864	0.31389	1	0.49802	0.32752	1	0.47727	0.53518	12.24710	1.06647	1	0.73777	0.55273	12.36968	1.06647	1	-0.00565	-0.00935	0.68473	0.00355	1	0.06155	-0.01288	0.67617	0.00396	1	1.45898	0.81042	0	
1261861	8510.55762	3305905174301	0.49996	0.32881	8510.50391	0.05371	11665	1	0.52160	0.33318	1	0.49547	0.34747	1	0.50853	0.34033	1	0.47731	0.53513	12.36682	1.06647	1	0.73806	0.55326	13.25196	1.06647	1	-0.00565	-0.00935	0.68473	0.00348	1	0.06155	-0.01288	0.67617	0.00391	1	1.45898	0.81042	0	
1261862	8510.56445	3305905241658	0.50081	0.32997	8510.50391	0.06055	11665	1	0.52160	0.33318	1	0.49547	0.34747	1	0.50853	0.34033	1	0.47707	0.53319	11.89353	1.06647	1	0.73832	0.55324	12.78810	1.06647	1	-0.00565	-0.00935	0.68473	0.00240	1	0.06155	-0.01288	0.67617	0.00396	1	1.45898	0.81042	0	
1261863	8510.57129	3305905307597	0.50104	0.32946	8510.50391	0.06738	11665	1	0.52007	0.29692	1	0.48663	0.35181	1	0.50335	0.32436	1	0.47730	0.53469	12.24175	1.06647	1	0.73833	0.55337	12.85635	1.06647	1	-0.00565	-0.00935	0.68473	0.00354	1	0.06155	-0.01288	0.67617	0.00390	1	1.45898	0.81042	0	
1261864	8510.57812	3305905377187	0.50127	0.32947	8510.50391	0.07422	11665	1	0.54157	0.34426	1	0.46592	0.31497	1	0.50374	0.32961	1	0.47757	0.53523	12.56760	1.06647	1	0.73797	0.55303	13.10439	1.06647	1	-0.00565	-0.00935	0.68473	0.00357	1	0.06155	-0.01288	0.67617	0.00401	1	1.45898	0.81042	0	
1261865	8510.58496	3305905443713	0.50146	0.32948	8510.50391	0.08105	11665	1	0.54157	0.34426	1	0.46592	0.31497	1	0.50374	0.32961	1	0.47732	0.53499	12.19827	1.06647	1	0.73780	0.55327	13.73098	1.06647	1	-0.00565	-0.00935	0.68473	0.00362	1	0.06125	-0.01277	0.67290	0.00393	1	1.45898	0.81042	0	
1261866	8510.59180	3305905509451	0.50047	0.33036	8510.50391	0.08789	11665	1	0.51523	0.35718	1	0.45993	0.32631	1	0.48758	0.34175	1	0.47719	0.53500	12.32114	1.06647	1	0.73787	0.55296	13.07984	1.06647	1	-0.00565	-0.00935	0.68473	0.00354	1	0.06125	-0.01277	0.67290	0.00389	1	1.45898	0.81042	0	
1261867	8510.59766	3305905575069	0.49997	0.33080	8510.50391	0.09375	11665	1	0.52162	0.36201	1	0.46437	0.31203	1	0.49300	0.33702	1	0.47730	0.53484	12.12904	1.06647	1	0.73789	0.55291	13.05200	1.06647	1	-0.00565	-0.00935	0.68473	0.00356	1	0.06125	-0.01277	0.67290	0.00389	1	1.45898	0.81042	0	
1261868	8510.60449	3305905644411	0.49954	0.33096	8510.50391	0.10059	11665	1	0.52162	0.36201	1	0.46461	0.30480	1	0.49312	0.33340	1	0.47763	0.53489	11.77158	1.06647	1	0.73791	0.55303	12.99844	1.07515	1	-0.00565	-0.00935	0.68473	0.00359	1	0.06361	-0.01320	0.69824	0.00388	1	1.45898	0.81042	0	
1261869	8510.61133	3305905711696	0.49967	0.32842	8510.50391	0.10742	11665	1	0.53924	0.33547	1	0.46421	0.24001	1	0.50172	0.28774	1	0.47752	0.53494	11.71310	1.07515	1	0.73790	0.55234	13.07399	1.08383	1	-0.00565	-0.00935	0.68473	0.00366	1	0.06361	-0.01320	0.69824	0.00420	1	1.45898	0.81042	0	
1261870	8510.61816	3305905778713	0.49971	0.32551	8510.50391	0.11426	11665	1	0.53165	0.31554	1	0.46904	0.23666	1	0.50035	0.27610	1	0.47750	0.53485	11.24584	1.08383	1	0.73794	0.55227	13.01009	1.09251	1	-0.00565	-0.00935	0.68473	0.00371	1	0.06361	-0.01320	0.69824	0.00419	1	1.45898	0.81042	0	
1261871	8510.62500	3305905842143	0.49971	0.32291	8510.50391	0.12109	11665	1	0.53082	0.30862	1	0.46880	0.24342	1	0.49981	0.27602	1	0.47751	0.53471	11.35299	1.09251	1	0.73799	0.55241	13.11883	1.08485	1	-0.00565	-0.00924	0.68474	0.00364	1	0.06067	-0.01262	0.66486	0.00418	1	1.45898	0.81042	0	
1261872	8510.63184	3305905910829	0.49999	0.32273	8510.50391	0.12793	11665	1	0.54182	0.35695	1	0.46869	0.28168	1	0.50525	0.31931	1	0.47761	0.53490	11.84465	1.08485	1	0.73795	0.55246	13.18819	1.06851	1	-0.00565	-0.00924	0.68474	0.00363	1	0.06067	-0.01262	0.66486	0.00419	1	1.45898	0.81042	0	
1261873	8510.63867	3305905978946	0.49995	0.32315	8510.50391	0.13477	11665	1	0.53119	0.34808	1	0.46693	0.31497	1	0.49906	0.33153	1	0.47742	0.53460	11.34446	1.06851	1	0.73796	0.55214	12.97737	1.05217	1	-0.00565	-0.00924	0.68474	0.00369	1	0.06067	-0.01262	0.66486	0.00420	1	1.45898	0.81042	0	
1261874	8510.64551	3305906046266	0.49992	0.32380	8510.50391	0.14160	11665	1	0.53191	0.35372	1	0.46671	0.32108	1	0.49931	0.33740	1	0.47742	0.53472	11.79664	1.06126	1	0.73860	0.55249	12.66564	1.04492	1	-0.00574	-0.00947	0.70172	0.00358	1	0.06067	-0.01262	0.66486	0.00385	1	1.45898	0.81042	0	
1261875	8510.65234	3305906114158	0.50053	0.32336	8510.50391	0.14844	11665	1	0.54180	0.32068	1	0.48611	0.30671	1	0.51395	0.31369	1	0.47761	0.53436	11.86143	1.05400	1	0.73836	0.55198	12.71909	1.05400	1	-0.00574	-0.00947	0.70172	0.00366	1	0.06067	-0.01262	0.66486	0.00382	1	1.45898	0.81042	0	
1261876	8510.65820	3305906180218	0.50134	0.32118	8510.50391	0.15430	11665	1	0.54082	0.31591	1	0.49945	0.22625	1	0.52013	0.27108	1	0.47791	0.53428	11.62474	1.06309	1	0.73847	0.55205	12.30894	1.06309	1	-0.00574	-0.00947	0.70172	0.00370	1	0.06067	-0.01262	0.66486	0.00374	1	1.45898	0.81042	0	
1261877	8510.66504	3305906244640	0.50208	0.31850	8510.50391	0.16113	11665	1	0.53904	0.30011	1	0.50060	0.20835	1	0.51982	0.25423	1	0.47779	0.53468	12.07285	1.08256	1	0.73863	0.55208	12.35659	1.08256	1	-0.00588	-0.00979	0.72555	0.00347	1	0.06067	-0.01252	0.66486	0.00375	1	1.45898	0.81042	0	
1261878	8510.67188	3305906313591	0.50230	0.31673	8510.50391	0.16797	11665	1	0.51536	0.29969	1	0.49991	0.24501	1	0.50764	0.27235	1	0.47763	0.53452	11.90123	1.09294	1	0.73847	0.55205	12.30894	1.09294	1	-0.00588	-0.00979	0.72555	0.00368	1	0.06067	-0.01252	0.66486	0.00374	1	1.45898	0.81042	0	
1261879	8510.67871	3305906380388	0.50219	0.31494	8510.50391	0.17480	11665	1	0.49886	0.25901	1	0.50001	0.27812	1	0.49944	0.26857	1	0.47747	0.53428	11.21788	1.10333	1	0.73844	0.55239	12.45232	1.10333	1	-0.00588	-0.00979	0.72555	0.00381	1	0.06067	-0.01252	0.66486	0.00354	1	1.45898	0.81042	0	
1261880	8510.68555	3305906447052	0.50211	0.31344	8510.50391	0.18164	11665	1	0.49995	0.26661	1	0.49993	0.27932	1	0.49994	0.27296	1	0.47777	0.53392	11.54242	1.09424	1	0.73869	0.55295	12.75767	1.10190	1	-0.00547	-0.00929	0.68793	0.00376	1	0.06206	-0.01284	0.67948	0.00372	1	1.45898	0.81042	0	
1261881	8510.69238	3305906514348	0.50278	0.31386	8510.50391	0.18848	11665	1	0.54547	0.31478	1	0.49782	0.33603	1	0.52165	0.32540	1	0.47804	0.53444	11.83792	1.08243	1	0.73851	0.55280	12.64650	1.09009	1	-0.00547	-0.00929	0.68793	0.00367	1	0.06206	-0.01284	0.67948	0.00368	1	1.45898	0.81042	0	
1261882	8510.69824	3305906580744	0.50350	0.31290	8510.50391	0.19434	11665	1	0.53515	0.29178	1	0.51339	0.27869	1	0.52427	0.28523	1	0.47800	0.53415	12.01953	1.07062	1	0.73865	0.55207	12.23382	1.07828	1	-0.00547	-0.00929	0.68793	0.00371	1	0.06206	-0.01284	0.67948	0.00415	1	1.45898	0.81042	0	
1261883	8510.70508	3305906647773	0.50417	0.31208	8510.50391	0.20117	11665	1	0.53541	0.29404	1	0.51320	0.28103	1	0.52430	0.28753	1	0.47799	0.53383	11.92769	1.06790	1	0.73865	0.55207	12.23382	1.07555	1	-0.00561	-0.00944	0.69922	0.00390	1	0.06206	-0.01284	0.67948	0.00415	1	1.45898	0.81042	0	
1261884	8510.71191	3305906715214	0.50490	0.31111	8510.50391	0.20801	11665	1	0.53362	0.25895	1	0.52139	0.30299	1	0.52751	0.28097	1	0.47796	0.53390	11.90371	1.08464	1	0.73874	0.55257	12.87663	1.08464	1	-0.00561	-0.00944	0.69922	0.00381	1	0.06206	-0.01284	0.67948	0.00380	1	1.45898	0.81042	0	
1261885	8510.71875	3305906779924	0.51353	0.28429	8510.50391	0.20801	11665	0	0.51205	0.25086	1	0.49665	0.23332	1	0.50435	0.24209	1	0.47803	0.53405	11.99575	1.09373	1	0.73834	0.55156	12.25778	1.09373	1	-0.00561	-0.00944	0.69922	0.00379	1	0.06206	-0.01284	0.67948	0.00415	1	1.45898	0.81042	0	
1261886	8510.72559	3305906848905	0.50894	0.26319	8510.50391	0.20801	11665	0	0.51205	0.25086	1	0.49665	0.23332	1	0.50435	0.24209	1	0.47803	0.53424	12.00679	1.09373	1	0.73839	0.55253	12.30854	1.09373	1	-0.00536	-0.00915	0.67428	0.00381	1	0.06190	-0.01286	0.67777	0.00387	1	1.45898	0.81042	0	
1261887	8510.73242	3305906916212	0.50884	0.26042	8510.50391	0.20801	11665	0	0.50828	0.23211	1	0.50901	0.27765	1	0.50865	0.25488	1	0.47795	0.53364	11.90607	1.08464	1	0.73857	0.55256	12.44042	1.08464	1	-0.00536	-0.00915	0.67428	0.00405	1	0.06190	-0.01286	0.67777	0.00394	1	1.45898	0.81042	0	
1261888	8510.73926	3305906982917	0.50820	0.27531	8510.71875	0.02051	11666	1	0.51217	0.28902	1	0.50036	0.35091	1	0.50626	0.31996	1	0.47790	0.53420	11.66975	1.07555	1	0.73849	0.55297	12.64244	1.07555	1	-0.00536	-0.00915	0.67428	0.00380	1	0.06190	-0.01286	0.67777	0.00375	1	1.45898	0.81042	0	
1261889	8510.74512	3305907049551	0.50786	0.28571	8510.71875	0.02637	11666	1	0.51319	0.29655	1	0.49982	0.35811	1	0.50651	0.32733	1	0.47796	0.53426	11.77576	1.06647	1	0.73851	0.55274	12.43674	1.06647	1	-0.00547	-0.00929	0.68793	0.00377	1	0.06206	-0.01284	0.67948	0.00393	1	1.45898	0.81042	0	
1261890	8510.75195	3305907117002	0.50802	0.29423	8510.71875	0.03320	11666	1	0.51596	0.34923	1	0.50171	0.32436	1	0.50884	0.33680	1	0.47792	0.53469	12.17029	1.06647	1	0.73850	0.55265	12.44855	1.06647	1	-0.00547	-0.00929	0.68793	0.00368	1	0.06206	-0.01284	0.67948	0.00391	1	1.45898	0.81042	0	
1261891	8510.75879	3305907183700	0.50730	0.29812	8510.71875	0.04004	11666	1	0.50604	0.29556	1	0.49988	0.34738	1	0.50296	0.32147	1	0.47793	0.53424	11.66330	1.06647	1	0.73851	0.55274	12.43674	1.06647	1	-0.00547	-0.00929	0.68793	0.00378	1	0.06206	-0.01284	0.67948	0.00393	1	1.45898	0.81042	0	
1261892	8510.76562	3305907251207	0.50672	0.30011	8510.71875	0.04688	11666	1	0.50496	0.28801	1	0.50042	0.34008	1	0.50269	0.31405	1	0.47772	0.53368	11.80379	1.07555	1	0.73863	0.55219	12.37477	1.07555	1	-0.00557	-0.00943	0.69480	0.00389	1	0.06206	-0.01284	0.67948	0.00410	1	1.45898	0.81042	0	
1261893	8510.77246	3305907315804	0.50651	0.29756	8510.71875	0.05371	11666	1	0.50211	0.24122	1	0.50753	0.31306	1	0.50482	0.27714	1	0.47788	0.53352	11.66786	1.08464	1	0.73862	0.55261	12.45303	1.08464	1	-0.00557	-0.00943	0.69480	0.00387	1	0.06206	-0.01284	0.67948	0.00395	1	1.45898	0.81042	0	
1261894	8510.77832	3305907382678	0.50550	0.29121	8510.71875	0.05957	11666	1	0.48800	0.22873	1	0.50487	0.23942	1	0.49643	0.23408	1	0.47769	0.53365	11.84717	1.09373	1	0.73858	0.55245	12.33633	1.09373	1	-0.00557	-0.00943	0.69480	0.00389	1	0.06206	-0.01284	0.67948	0.00403	1	1.45898	0.81042	0	
1261895	8510.78516	3305907449264	0.50465	0.28529	8510.71875	0.06641	11666	1	0.48683	0.22081	1	0.50543	0.23141	1	0.49613	0.22611	1	0.47763	0.53360	11.43964	1.10281	1	0.73853	0.55193	12.46622	1.10281	1	-0.00561	-0.00944	0.69922	0.00397	1	0.06206	-0.01284	0.67948	0.00411	1	1.45898	0.81042	0	
1261896	8510.79199	3305907515023	0.50519	0.27866	8510.71875	0.07324	11666	1	0.51867	0.18796	1	0.50347	0.22358	1	0.51107	0.20577	1	0.47783	0.53324	11.93728	1.10281	1	0.73853	0.55177	12.19986	1.10281	1	-0.00561	-0.00944	0.69922	0.00387	1	0.06206	-0.01284	0.67948	0.00404	1	1.45898	0.81042	0	
1261897	8510.79883	3305907585358	0.50632	0.27835	8510.71875	0.08008	11666	1	0.53447	0.30833	1	0.50528	0.24096	1	0.51987	0.27464	1	0.47797	0.53456	11.85173	1.10281	1	0.73855	0.55194	12.37464	1.10281	1	-0.00561	-0.00944	0.69922	0.00367	1	0.06206	-0.01284	0.67948	0.00391	1	1.45898	0.81042	0	
1261898	8510.80566	3305907649923	0.50728	0.27809	8510.71875	0.08691	11666	1	0.53447	0.30833	1	0.50528	0.24096	1	0.51987	0.27464	1	0.47790	0.53374	11.71585	1.10281	1	0.73855	0.55194	12.37464	1.10281	1	-0.00561	-0.00944	0.69922	0.00383	1	0.06206	-0.01284	0.67948	0.00391	1	1.45898	0.81042	0	
1261899	8510.81250	3305907717232	0.50722	0.27853	8510.71875	0.09375	11666	1	0.51823	0.28135	1	0.49440	0.28805	1	0.50632	0.28470	1	0.47774	0.53420	11.94487	1.10281	1	0.73842	0.55249	12.50113	1.10281	1	-0.00561	-0.00944	0.69922	0.00386	1	0.06206	-0.01284	0.67948	0.00354	1	1.45898	0.81042	0	
1261900	8510.81934	3305907784378	0.50729	0.27783	8510.71875	0.10059	11666	1	0.51646	0.22785	1	0.50015	0.30679	1	0.50830	0.26732	1	0.47772	0.53358	11.42692	1.10281	1	0.73855	0.55266	12.75429	1.10281	1	-0.00561	-0.00944	0.69922	0.00394	1	0.06206	-0.01284	0.67948	0.00356	1	1.45898	0.81042	0	
1261901	8510.82520	3305907849671	0.50735	0.27721	8510.71875	0.10645	11666	1	0.51646	0.22785	1	0.50015	0.30679	1	0.50830	0.26732	1	0.47776	0.53465	12.38601	1.10281	1	0.73838	0.55250	13.08558	1.10281	1	-0.00561	-0.00944	0.69922	0.00354	1	0.06190	-0.01276	0.67777	0.00357	1	1.45898	0.81042	0	
1261902	8510.83203	3305907918318	0.50777	0.27589	8510.71875	0.11328	11666	1	0.53689	0.24875	1	0.49289	0.25809	1	0.51489	0.25342	1	0.47804	0.53390	11.84578	1.10281	1	0.73835	0.55230	12.44322	1.10281	1	-0.00561	-0.00944	0.69922	0.00391	1	0.06190	-0.01276	0.67777	0.00362	1	1.45898	0.81042	0	
1261903	8510.83887	3305907984887	0.50791	0.27549	8510.71875	0.12012	11666	1	0.53413	0.23683	1	0.48693	0.29989	1	0.51053	0.26836	1	0.47796	0.53378	11.87091	1.10281	1	0.73832	0.55241	12.86565	1.10281	1	-0.00561	-0.00944	0.69922	0.00386	1	0.06190	-0.01276	0.67777	0.00364	1	1.45898	0.81042	0	
1261904	8510.84570	3305908051475	0.50803	0.27470	8510.71875	0.12695	11666	1	0.53317	0.22795	1	0.48741	0.29139	1	0.51029	0.25967	1	0.47815	0.53454	12.23664	1.11320	1	0.73844	0.55248	12.92529	1.11320	1	-0.00588	-0.00979	0.72555	0.00349	1	0.06190	-0.01276	0.67777	0.00364	1	1.45898	0.81042	0	
1261905	8510.85254	3305908119010	0.50800	0.27197	8510.71875	0.13379	11666	1	0.53070	0.19583	1	0.48393	0.23873	1	0.50731	0.21728	1	0.47796	0.53347	11.83717	1.12358	1	0.73817	0.55213	12.97816	1.12358	1	-0.00588	-0.00979	0.72555	0.00406	1	0.06190	-0.01276	0.67777	0.00361	1	1.45898	0.81042	0	
1261906	8510.85938	3305908189061	0.50804	0.27116	8510.71875	0.14062	11666	1	0.54051	0.26051	1	0.47720	0.24801	1	0.50885	0.25426	1	0.47819	0.53455	12.23766	1.13396	1	0.73810	0.55227	13.16597	1.13396	1	-0.00588	-0.00979	0.72555	0.00362	1	0.06190	-0.01276	0.67777	0.00361	1	1.45898	0.81042	0	
1261907	8510.86621	3305908255280	0.50807	0.27043	8510.71875	0.14746	11666	1	0.54051	0.26051	1	0.47720	0.24801	1	0.50885	0.25426	1	0.47811	0.53459	12.10927	1.13396	1	0.73810	0.55227	13.04310	1.13396	1	-0.00574	-0.00947	0.70172	0.00363	1	0.06190	-0.01276	0.67777	0.00364	1	1.45898	0.81042	0	
1261908	8510.87305	3305908322708	0.50824	0.26956	8510.71875	0.15430	11666	1	0.54319	0.22576	1	0.48091	0.27357	1	0.51205	0.24967	1	0.47781	0.53385	11.64095	1.12358	1	0.73823	0.55242	13.29659	1.12358	1	-0.00574	-0.00947	0.70172	0.00402	1	0.06190	-0.01276	0.67777	0.00360	1	1.45898	0.81042	0	
1261909	8510.87988	3305908389609	0.50850	0.26899	8510.71875	0.16113	11666	1	0.53310	0.24420	1	0.49635	0.26644	1	0.51473	0.25532	1	0.47761	0.53392	11.82124	1.11320	1	0.73843	0.55232	12.84316	1.11320	1	-0.00574	-0.00947	0.70172	0.00406	1	0.06190	-0.01276	0.67777	0.00367	1	1.45898	0.81042	0	
1261910	8510.88574	3305908456739	0.50875	0.26910	8510.71875	0.16699	11666	1	0.53491	0.26056	1	0.49531	0.28283	1	0.51511	0.27169	1	0.47767	0.53490	12.33670	1.09373	1	0.73830	0.55231	13.38207	1.09373	1	-0.00556	-0.00905	0.67423	0.00358	1	0.06190	-0.01276	0.67777	0.00365	1	1.45898	0.81042	0	
1261911	8510.89258	3305908523611	0.50929	0.27101	8510.71875	0.17383	11666	1	0.55971	0.35725	1	0.48677	0.28406	1	0.52324	0.32065	1	0.47789	0.53509	12.10430	1.08464	1	0.73829	0.55226	13.08659	1.08464	1	-0.00556	-0.00905	0.67423	0.00365	1	0.06190	-0.01276	0.67777	0.00369	1	1.45898	0.81042	0	
1261912	8510.89941	3305908588161	0.51024	0.27269	8510.71875	0.18066	11666	1	0.57197	0.35348	1	0.49985	0.28308	1	0.53591	0.31828	1	0.47812	0.53494	12.04247	1.07555	1	0.73845	0.55218	12.78963	1.07555	1	-0.00556	-0.00905	0.67423	0.00372	1	0.06190	-0.01276	0.67777	0.00370	1	1.45898	0.81042	0	
1261913	8510.90625	3305908657292	0.51113	0.27452	8510.71875	0.18750	11666	1	0.57256	0.36043	1	0.49932	0.29086	1	0.53594	0.32565	1	0.47801	0.53487	11.97776	1.06647	1	0.73836	0.55225	13.21311	1.06647	1	-0.00565	-0.00924	0.68474	0.00373	1	0.06190	-0.01276	0.67777	0.00367	1	1.45898	0.81042	0	
1261914	8510.91309	3305908725491	0.51124	0.27617	8510.71875	0.19434	11666	1	0.54820	0.33715	1	0.48072	0.31111	1	0.51446	0.32413	1	0.47772	0.53466	11.92700	1.06647	1	0.73824	0.55239	13.52037	1.06647	1	-0.00565	-0.00924	0.68474	0.00367	1	0.06190	-0.01276	0.67777	0.00360	1	1.45898	0.81042	0	
1261915	8510.91992	3305908791717	0.51166	0.27753	8510.71875	0.20117	11666	1	0.55610	0.34615	1	0.49287	0.29016	1	0.52449	0.31815	1	0.47790	0.53486	12.03183	1.06647	1	0.73835	0.55222	12.92984	1.06647	1	-0.00565	-0.00924	0.68474	0.00365	1	0.06190	-0.01276	0.67777	0.00366	1	1.45898	0.81042	0	SUBJECT_ONSET_LOG
1261916	8510.92676	3305908858425	0.51206	0.27890	8510.71875	0.20801	11666	1	0.55610	0.34615	1	0.49246	0.29671	1	0.52428	0.32143	1	0.47790	0.53508	12.09518	1.06647	1	0.73824	0.55220	13.24019	1.05881	1	-0.00565	-0.00924	0.68474	0.00364	1	0.06067	-0.01252	0.66486	0.00364	1	1.45898	0.81042	0	
1261917	8510.93262	3305908925549	0.51256	0.28041	8510.71875	0.21387	11666	1	0.56152	0.35668	1	0.49603	0.30082	1	0.52878	0.32875	1	0.47792	0.53503	12.07150	1.05881	1	0.73833	0.55205	12.93850	1.05115	1	-0.00565	-0.00924	0.68474	0.00365	1	0.06067	-0.01252	0.66486	0.00375	1	1.45898	0.81042	0	
1261918	8510.93945	3305908993005	0.51287	0.28241	8510.71875	0.22070	11666	1	0.56283	0.38606	1	0.48337	0.31044	1	0.52310	0.34825	1	0.47790	0.53508	12.09518	1.05115	1	0.73824	0.55224	13.23007	1.04349	1	-0.00565	-0.00924	0.68474	0.00364	1	0.06067	-0.01252	0.66486	0.00367	1	1.45898	0.81042	0	AUDIO_FILE_ONSET_LOG
1261919	8510.94629	3305909058876	0.52294	0.31136	8510.71875	0.22070	11666	0	0.56340	0.39183	1	0.48303	0.31698	1	0.52321	0.35441	1	0.47764	0.53482	12.70085	1.04349	1	0.73824	0.55236	13.36800	1.03583	1	-0.00565	-0.00924	0.68474	0.00368	1	0.06067	-0.01252	0.66486	0.00360	1	1.45898	0.81042	0	
1261920	8510.95312	3305909126657	0.51793	0.33512	8510.71875	0.22070	11666	0	0.54803	0.38300	1	0.47782	0.33473	1	0.51293	0.35887	1	0.47773	0.53489	12.77600	1.03583	1	0.73815	0.55238	13.37780	1.03583	1	-0.00565	-0.00924	0.68474	0.00369	1	0.06067	-0.01252	0.66486	0.00362	1	1.45898	0.81042	0	
1261921	8510.95996	3305909193445	0.51439	0.34441	8510.71875	0.22070	11666	0	0.54503	0.38040	1	0.46957	0.34560	1	0.50730	0.36300	1	0.47764	0.53484	12.67572	1.03583	1	0.73806	0.55248	13.60827	1.03583	1	-0.00565	-0.00924	0.68474	0.00370	1	0.06067	-0.01252	0.66486	0.00373	1	1.45898	0.81042	0	
1261922	8510.96680	3305909259086	0.51262	0.34906	8510.94629	0.02051	11667	1	0.54503	0.38040	1	0.46957	0.34560	1	0.50730	0.36300	1	0.47729	0.53472	12.24886	1.03583	1	0.73810	0.55235	13.34273	1.03583	1	-0.00565	-0.00924	0.68474	0.00364	1	0.06067	-0.01252	0.66486	0.00377	1	1.45898	0.81042	0	
1261923	8510.97363	3305909327203	0.50962	0.35311	8510.94629	0.02734	11667	1	0.51681	0.39052	1	0.47842	0.34808	1	0.49761	0.36930	1	0.47717	0.53491	12.15564	1.03583	1	0.73808	0.55243	13.37212	1.03583	1	-0.00565	-0.00924	0.68474	0.00357	1	0.06067	-0.01252	0.66486	0.00373	1	1.45898	0.81042	0	
1261924	8510.97949	3305909394434	0.50838	0.35133	8510.94629	0.03320	11667	1	0.53093	0.35415	1	0.47344	0.33081	1	0.50218	0.34248	1	0.47741	0.53440	12.48971	1.03583	1	0.73807	0.55247	13.46603	1.03583	1	-0.00565	-0.00924	0.68474	0.00381	1	0.06067	-0.01252	0.66486	0.00368	1	1.45898	0.81042	0	
1261925	8510.98633	3305909461406	0.50754	0.34909	8510.94629	0.04004	11667	1	0.53093	0.35415	1	0.47403	0.31707	1	0.50248	0.33561	1	0.47756	0.53471	12.66544	1.03583	1	0.73810	0.55239	13.17458	1.05217	1	-0.00565	-0.00924	0.68474	0.00379	1	0.06527	-0.01349	0.71637	0.00370	1	1.45898	0.81042	0	
1261926	8510.99316	3305909526672	0.50574	0.34794	8510.94629	0.04688	11667	1	0.52699	0.34476	1	0.45936	0.33501	1	0.49318	0.33989	1	0.47737	0.53465	12.29277	1.05217	1	0.73786	0.55265	13.79088	1.06851	1	-0.00565	-0.00924	0.68474	0.00372	1	0.06527	-0.01349	0.71637	0.00371	1	1.45898	0.81042	0	
1261927	8511.00000	3305909593600	0.50447	0.34549	8510.94629	0.05371	11667	1	0.52264	0.33549	1	0.46595	0.31631	1	0.49429	0.32590	1	0.47730	0.53458	12.33087	1.06851	1	0.73787	0.55260	13.69613	1.08485	1	-0.00565	-0.00924	0.68474	0.00363	1	0.06527	-0.01349	0.71637	0.00366	1	1.45898	0.81042	0	
1261928	8511.00684	3305909662578	0.50338	0.34257	8510.94629	0.06055	11667	1	0.52092	0.32257	1	0.46616	0.31006	1	0.49354	0.31632	1	0.47722	0.53439	12.02049	1.08485	1	0.73786	0.55262	13.52369	1.09251	1	-0.00565	-0.00935	0.68473	0.00377	1	0.06125	-0.01267	0.67290	0.00367	1	1.45898	0.81042	0	
1261929	8511.01367	3305909730238	0.50315	0.33894	8510.94629	0.06738	11667	1	0.51143	0.29792	1	0.49036	0.30739	1	0.50090	0.30266	1	0.47722	0.53444	12.03605	1.09251	1	0.73788	0.55254	13.60643	1.08383	1	-0.00565	-0.00935	0.68473	0.00376	1	0.06125	-0.01267	0.67290	0.00367	1	1.45898	0.81042	0	
1261930	8511.01953	3305909793161	0.50487	0.33502	8510.94629	0.07324	11667	1	0.54332	0.28462	1	0.50435	0.29921	1	0.52383	0.29191	1	0.47729	0.53424	11.89890	1.08383	1	0.73779	0.55229	13.81469	1.07515	1	-0.00565	-0.00935	0.68473	0.00394	1	0.06125	-0.01267	0.67290	0.00376	1	1.45898	0.81042	0	
1261931	8511.02637	3305909860122	0.50633	0.33168	8510.94629	0.08008	11667	1	0.54329	0.28429	1	0.50437	0.29887	1	0.52383	0.29158	1	0.47708	0.53412	12.16382	1.08424	1	0.73805	0.55210	12.98177	1.07555	1	-0.00584	-0.00952	0.70122	0.00373	1	0.06125	-0.01267	0.67290	0.00384	1	1.45898	0.81042	0	
1261932	8511.03320	3305909927396	0.50582	0.32647	8510.94629	0.08691	11667	1	0.51872	0.23505	1	0.47958	0.28240	1	0.49915	0.25872	1	0.47698	0.53365	11.81686	1.08464	1	0.73773	0.55215	12.60480	1.08464	1	-0.00584	-0.00952	0.70122	0.00386	1	0.06125	-0.01267	0.67290	0.00383	1	1.45898	0.81042	0	
1261933	8511.04004	3305909997355	0.50662	0.32078	8510.94629	0.09375	11667	1	0.53319	0.22806	1	0.50255	0.25409	1	0.51787	0.24107	1	0.47714	0.53386	12.03666	1.09373	1	0.73773	0.55215	12.91534	1.09373	1	-0.00584	-0.00952	0.70122	0.00371	1	0.06125	-0.01267	0.67290	0.00362	1	1.45898	0.81042	0	
1261934	8511.04688	3305910064918	0.50733	0.31580	8510.94629	0.10059	11667	1	0.53319	0.22806	1	0.50255	0.25409	1	0.51787	0.24107	1	0.47709	0.53353	12.10734	1.09373	1	0.73762	0.55225	12.94278	1.09373	1	-0.00566	-0.00921	0.67443	0.00396	1	0.06125	-0.01267	0.67290	0.00368	1	1.45898	0.81042	0	
1261935	8511.05371	3305910131099	0.50729	0.31314	8510.94629	0.10742	11667	1	0.54501	0.25535	1	0.46832	0.28606	1	0.50667	0.27070	1	0.47701	0.53401	11.99395	1.08464	1	0.73729	0.55219	13.20173	1.08464	1	-0.00566	-0.00921	0.67443	0.00380	1	0.06125	-0.01267	0.67290	0.00368	1	1.45898	0.81042	0	
1261936	8511.06055	3305910198054	0.50798	0.31037	8510.94629	0.11426	11667	1	0.54019	0.22585	1	0.49949	0.30044	1	0.51984	0.26315	1	0.47696	0.53341	11.68570	1.07555	1	0.73766	0.55232	12.94331	1.07555	1	-0.00566	-0.00921	0.67443	0.00412	1	0.06125	-0.01267	0.67290	0.00370	1	1.45898	0.81042	0	
1261937	8511.06738	3305910265058	0.50751	0.31025	8510.94629	0.12109	11667	1	0.54019	0.22585	0	0.49896	0.30807	1	0.49896	0.30807	1	0.47696	0.53341	11.68570	1.06647	0	0.73766	0.55232	12.94331	1.06647	1	-0.00566	-0.00921	0.67443	0.00412	1	0.06125	-0.01267	0.67290	0.00370	1	1.45898	0.81042	0	
1261938	8511.07324	3305910331600	0.50751	0.31025	8510.94629	0.12695	11667	1	0.54019	0.22585	0	0.49896	0.30807	0	0.49896	0.30807	0	0.47696	0.53341	11.68570	1.06647	0	0.73766	0.55232	12.94331	1.06647	0	-0.00566	-0.00921	0.67443	0.00412	1	0.06125	-0.01267	0.67290	0.00370	1	1.45898	0.81042	0	
1261939	8511.08008	3305910399156	0.50751	0.31025	8510.94629	0.13379	11667	1	0.54019	0.22585	0	0.49896	0.30807	0	0.49896	0.30807	0	0.47696	0.53341	11.68570	1.06647	0	0.73766	0.55232	12.94331	1.06647	0	-0.00566	-0.00921	0.67443	0.00412	1	0.06125	-0.01267	0.67290	0.00370	1	1.45898	0.81042	0	
1261940	8511.08691	3305910466012	0.50751	0.31025	8510.94629	0.14062	11667	1	0.54019	0.22585	0	0.49896	0.30807	0	0.49896	0.30807	0	0.47696	0.53341	11.68570	1.06647	0	0.73766	0.55232	12.94331	1.06647	0	-0.00566	-0.00921	0.67443	0.00412	1	0.06125	-0.01267	0.67290	0.00370	1	1.45898	0.81042	0	
1261941	8511.09375	3305910532965	0.50749	0.28759	8510.94629	0.14062	11667	0	0.54019	0.22585	0	0.49896	0.30807	0	0.49896	0.30807	0	0.47696	0.53341	11.68570	1.06647	0	0.73766	0.55232	12.94331	1.06647	0	-0.00566	-0.00921	0.67443	0.00412	1	0.06125	-0.01267	0.67290	0.00370	1	1.45898	0.81042	0	
1261942	8511.10059	3305910601052	0.50749	0.28759	8510.94629	0.14062	11667	0	0.54019	0.22585	0	0.49896	0.30807	0	0.49896	0.30807	0	0.47696	0.53341	11.68570	1.06647	0	0.73766	0.55232	12.94331	1.06647	0	-0.00566	-0.00921	0.67443	0.00412	1	0.06125	-0.01267	0.67290	0.00370	1	1.45898	0.81042	0	
1261943	8511.10742	3305910666945	0.50749	0.28759	8510.94629	0.14062	11667	0	0.54019	0.22585	0	0.49896	0.30807	0	0.49896	0.30807	0	0.47696	0.53341	11.68570	1.06647	0	0.73766	0.55232	12.94331	1.06647	0	-0.00566	-0.00921	0.67443	0.00412	1	0.06125	-0.01267	0.67290	0.00370	1	1.45898	0.81042	0	
1261944	8511.11426	3305910733906	0.00000	0.00000	8510.94629	0.14062	11667	0	0.54019	0.22585	0	0.49896	0.30807	0	0.49896	0.30807	0	0.47696	0.53341	11.68570	1.06647	0	0.73766	0.55232	12.94331	1.06647	0	-0.00566	-0.00921	0.67443	0.00412	1	0.06125	-0.01267	0.67290	0.00370	1	1.45898	0.81042	0	
1261945	8511.12012	3305910801087	0.00000	0.00000	8510.94629	0.14062	11667	0	0.54019	0.22585	0	0.49896	0.30807	0	0.49896	0.30807	0	0.47696	0.53341	11.68570	1.06647	0	0.73766	0.55232	12.94331	1.06647	0	-0.00566	-0.00921	0.67443	0.00412	1	0.06125	-0.01267	0.67290	0.00370	1	1.45898	0.81042	0	
1261946	8511.12695	3305910868023	0.00000	0.00000	8510.94629	0.14062	11667	0	0.54019	0.22585	0	0.49896	0.30807	0	0.49896	0.30807	0	0.47696	0.53341	11.68570	1.06647	0	0.73766	0.55232	12.94331	1.06647	0	-0.00566	-0.00921	0.67443	0.00412	1	0.06125	-0.01267	0.67290	0.00370	1	1.45898	0.81042	0	
1261947	8511.13379	3305910934683	0.52979	0.28452	8510.94629	0.14062	11667	0	0.55244	0.32493	1	0.50714	0.24411	1	0.52979	0.28452	1	0.47701	0.53441	11.80528	1.06647	1	0.73780	0.55161	12.42729	1.06647	1	-0.00566	-0.00921	0.67443	0.00364	1	0.06125	-0.01267	0.67290	0.00395	1	1.45898	0.81042	0	
1261948	8511.14062	3305911004418	0.52935	0.27697	8510.94629	0.14062	11667	0	0.56376	0.31866	1	0.49407	0.22019	1	0.52892	0.26942	1	0.47726	0.53465	12.27745	1.06647	1	0.73757	0.55140	12.83138	1.06647	1	-0.00566	-0.00921	0.67443	0.00363	1	0.06125	-0.01267	0.67290	0.00398	1	1.45898	0.81042	0	
1261949	8511.14746	3305911069570	0.52918	0.27184	8510.94629	0.14062	11667	0	0.56311	0.31134	1	0.49456	0.21182	1	0.52883	0.26158	1	0.47747	0.53475	12.23386	1.07555	1	0.73750	0.55185	13.29622	1.07555	1	-0.00584	-0.00947	0.70122	0.00369	1	0.06125	-0.01267	0.67290	0.00388	1	1.45898	0.81042	0	
1261950	8511.15430	3305911136066	0.52474	0.26805	8511.13379	0.02051	11668	1	0.52779	0.30989	1	0.49505	0.20344	1	0.51142	0.25666	1	0.47719	0.53447	11.80425	1.08464	1	0.73757	0.55148	12.84922	1.08464	1	-0.00584	-0.00947	0.70122	0.00361	1	0.06125	-0.01267	0.67290	0.00395	1	1.45898	0.81042	0	
1261951	8511.16016	3305911200549	0.52380	0.27658	8511.13379	0.02637	11668	1	0.54360	0.30846	1	0.49644	0.31299	1	0.52002	0.31072	1	0.47733	0.53449	12.10355	1.09373	1	0.73765	0.55167	12.78950	1.09373	1	-0.00584	-0.00947	0.70122	0.00369	1	0.06125	-0.01267	0.67290	0.00384	1	1.45898	0.81042	0	
1261952	8511.16797	3305911270290	0.52317	0.28227	8511.13379	0.03418	11668	1	0.54360	0.30846	1	0.49644	0.31299	1	0.52002	0.31072	1	0.47681	0.53201	12.25668	1.09373	1	0.73733	0.55163	13.37152	1.09373	1	-0.00565	-0.00914	0.68474	0.00251	1	0.06125	-0.01247	0.67290	0.00387	1	1.45898	0.81042	0	
1261953	8511.17383	3305911337254	0.51874	0.27792	8511.13379	0.04004	11668	1	0.50330	0.29347	1	0.48107	0.21014	1	0.49218	0.25181	1	0.47708	0.53390	11.84157	1.08464	1	0.73737	0.55063	13.12266	1.08464	1	-0.00565	-0.00914	0.68474	0.00380	1	0.06125	-0.01247	0.67290	0.00399	1	1.45898	0.81042	0	
1261954	8511.18066	3305911403978	0.51616	0.27627	8511.13379	0.04688	11668	1	0.50046	0.27573	1	0.49571	0.25369	1	0.49808	0.26471	1	0.47701	0.53332	11.94533	1.07555	1	0.73759	0.55091	13.13802	1.07555	1	-0.00565	-0.00914	0.68474	0.00355	1	0.06125	-0.01247	0.67290	0.00386	1	1.45898	0.81042	0	
1261955	8511.18750	3305911471228	0.51416	0.27623	8511.13379	0.05371	11668	1	0.50157	0.28338	1	0.49479	0.26847	1	0.49818	0.27593	1	0.47741	0.53368	12.25177	1.06647	1	0.73725	0.55078	13.26630	1.05881	1	-0.00556	-0.00895	0.67423	0.00367	1	0.06006	-0.01223	0.66033	0.00395	1	1.45898	0.81042	0	
1261956	8511.19434	3305911537643	0.51203	0.27903	8511.13379	0.06055	11668	1	0.51328	0.34558	1	0.47234	0.26294	1	0.49281	0.30426	1	0.47718	0.53375	11.99737	1.05881	1	0.73725	0.55078	13.26630	1.05115	1	-0.00556	-0.00895	0.67423	0.00376	1	0.06006	-0.01223	0.66033	0.00394	1	1.45898	0.81042	0	
1261957	8511.20117	3305911604905	0.51050	0.28116	8511.13379	0.06738	11668	1	0.51766	0.33571	1	0.47286	0.26909	1	0.49526	0.30240	1	0.47722	0.53392	12.48804	1.05115	1	0.73726	0.55067	13.17892	1.04349	1	-0.00556	-0.00895	0.67423	0.00371	1	0.06006	-0.01223	0.66033	0.00399	1	1.45898	0.81042	0	
1261958	8511.20703	3305911668297	0.50927	0.28318	8511.13379	0.07324	11668	1	0.51851	0.34187	1	0.47286	0.26909	1	0.49569	0.30548	1	0.47709	0.53398	12.03859	1.04349	1	0.73736	0.55086	13.08059	1.04349	1	-0.00565	-0.00914	0.68474	0.00378	1	0.06125	-0.01247	0.67290	0.00393	1	1.45898	0.81042	0	
1261959	8511.21387	3305911736283	0.50866	0.28592	8511.13379	0.08008	11668	1	0.51778	0.33846	1	0.48491	0.29916	1	0.50134	0.31881	1	0.47723	0.53384	11.78118	1.04349	1	0.73758	0.55094	13.13565	1.05115	1	-0.00565	-0.00914	0.68474	0.00378	1	0.06125	-0.01247	0.67290	0.00380	1	1.45898	0.81042	0	
1261960	8511.22070	3305911803186	0.50727	0.28761	8511.13379	0.08691	11668	1	0.50293	0.31962	1	0.47543	0.29941	1	0.48918	0.30951	1	0.47700	0.53391	12.15606	1.05115	1	0.73731	0.55122	13.58387	1.05881	1	-0.00565	-0.00914	0.68474	0.00383	1	0.06125	-0.01247	0.67290	0.00376	1	1.45898	0.81042	0	
1261961	8511.22754	3305911869056	0.50604	0.28864	8511.13379	0.09375	11668	1	0.50199	0.31334	1	0.47572	0.29289	1	0.48885	0.30311	1	0.47707	0.53281	11.90923	1.05881	1	0.73738	0.55055	13.25663	1.06647	1	-0.00565	-0.00914	0.68474	0.00425	1	0.06125	-0.01247	0.67290	0.00398	1	1.45898	0.81042	0	
1261962	8511.23438	3305911937270	0.50464	0.28903	8511.13379	0.10059	11668	1	0.51137	0.35788	1	0.45579	0.23178	1	0.48358	0.29483	1	0.47710	0.53382	12.03599	1.06647	1	0.73734	0.55049	13.18363	1.06647	1	-0.00565	-0.00914	0.68474	0.00374	1	0.06125	-0.01247	0.67290	0.00398	1	1.45898	0.81042	0	
1261963	8511.24121	3305912005679	0.50281	0.28844	8511.13379	0.10742	11668	1	0.49344	0.31923	1	0.45362	0.23890	1	0.47353	0.27906	1	0.47692	0.53405	12.49352	1.06647	1	0.73734	0.55058	13.21092	1.06647	1	-0.00565	-0.00914	0.68474	0.00374	1	0.06125	-0.01247	0.67290	0.00398	1	1.45898	0.81042	0	
1261964	8511.24805	3305912072837	0.50118	0.28792	8511.13379	0.11426	11668	1	0.49344	0.31923	1	0.45362	0.23890	1	0.47353	0.27906	1	0.47701	0.53414	12.40887	1.06647	1	0.73767	0.55026	13.66241	1.06647	1	-0.00565	-0.00914	0.68474	0.00373	1	0.06125	-0.01247	0.67290	0.00405	1	1.45898	0.81042	0	
1261965	8511.25391	3305912138192	0.50070	0.28749	8511.13379	0.12012	11668	1	0.51740	0.32790	1	0.46658	0.23153	1	0.49199	0.27972	1	0.47724	0.53413	12.63793	1.06647	1	0.73755	0.55065	13.64271	1.06647	1	-0.00565	-0.00914	0.68474	0.00366	1	0.06125	-0.01247	0.67290	0.00388	1	1.45898	0.81042	0	
1261966	8511.26074	3305912204635	0.50034	0.28477	8511.13379	0.12695	11668	1	0.50634	0.25276	1	0.48090	0.21342	1	0.49362	0.23309	1	0.47712	0.53312	12.14673	1.06647	1	0.73777	0.55038	13.91847	1.06647	1	-0.00565	-0.00914	0.68474	0.00408	1	0.06125	-0.01247	0.67290	0.00405	1	1.45898	0.81042	0	
1261967	8511.26758	3305912271790	0.50002	0.28231	8511.13379	0.13379	11668	1	0.50634	0.25276	1	0.48090	0.21342	1	0.49362	0.23309	1	0.47710	0.53375	12.37815	1.06647	1	0.73803	0.55028	13.23133	1.06647	1	-0.00565	-0.00914	0.68474	0.00360	1	0.06125	-0.01247	0.67290	0.00408	1	1.45898	0.81042	0	
1261968	8511.27441	3305912341894	0.49962	0.28106	8511.13379	0.14062	11668	1	0.50650	0.31511	1	0.47591	0.19472	1	0.49121	0.25491	1	0.47705	0.53353	11.87447	1.06647	1	0.73802	0.55023	13.15654	1.06647	1	-0.00565	-0.00914	0.68474	0.00365	1	0.06125	-0.01247	0.67290	0.00411	1	1.45898	0.81042	0	
1261969	8511.28125	3305912408622	0.49945	0.28094	8511.13379	0.14746	11668	1	0.52287	0.32463	1	0.46855	0.23193	1	0.49571	0.27828	1	0.47736	0.53338	12.30424	1.06647	1	0.73797	0.55061	13.39958	1.06647	1	-0.00565	-0.00914	0.68474	0.00370	1	0.06125	-0.01247	0.67290	0.00381	1	1.45898	0.81042	0	
1261970	8511.28809	3305912471947	0.49930	0.28067	8511.13379	0.15430	11668	1	0.52287	0.32463	1	0.46882	0.22404	1	0.49585	0.27433	1	0.47723	0.53350	12.24331	1.06647	1	0.73809	0.55037	13.07383	1.07515	1	-0.00556	-0.00895	0.67423	0.00368	1	0.06527	-0.01327	0.71637	0.00380	1	1.45898	0.81042	0	
1261971	8511.29492	3305912542570	0.49944	0.27908	8511.13379	0.16113	11668	1	0.52600	0.33311	1	0.47939	0.14881	1	0.50269	0.24096	1	0.47738	0.53368	12.67856	1.07515	1	0.73814	0.54970	13.02553	1.08383	1	-0.00556	-0.00895	0.67423	0.00368	1	0.06527	-0.01327	0.71637	0.00401	1	1.45898	0.81042	0	
1261972	8511.30176	3305912609523	0.49935	0.27827	8511.13379	0.16797	11668	1	0.51703	0.30970	1	0.47742	0.20652	1	0.49722	0.25811	1	0.47723	0.53356	12.24793	1.08383	1	0.73820	0.55036	13.19184	1.09251	1	-0.00556	-0.00895	0.67423	0.00366	1	0.06527	-0.01327	0.71637	0.00406	1	1.45898	0.81042	0	
1261973	8511.30762	3305912676198	0.49924	0.27711	8511.13379	0.17383	11668	1	0.51511	0.29542	1	0.47777	0.19825	1	0.49644	0.24683	1	0.47760	0.53346	12.24861	1.10160	1	0.73821	0.55040	12.98064	1.10160	1	-0.00574	-0.00937	0.70172	0.00367	1	0.06204	-0.01260	0.68042	0.00411	1	1.45898	0.81042	0	
1261974	8511.31445	3305912744366	0.49993	0.27595	8511.13379	0.18066	11668	1	0.56931	0.30612	1	0.46752	0.18302	1	0.51842	0.24457	1	0.47813	0.53367	12.30422	1.11068	1	0.73795	0.55045	13.40938	1.10200	1	-0.00574	-0.00937	0.70172	0.00384	1	0.06204	-0.01260	0.68042	0.00404	1	1.45898	0.81042	0	
1261975	8511.32129	3305912807748	0.50023	0.27447	8511.13379	0.18750	11668	1	0.52812	0.28051	1	0.48913	0.18561	1	0.50863	0.23306	1	0.47758	0.53327	12.18735	1.11109	1	0.73821	0.55048	13.11565	1.10241	1	-0.00574	-0.00937	0.70172	0.00373	1	0.06204	-0.01260	0.68042	0.00398	1	1.45898	0.81042	0	
1261976	8511.32812	3305912877472	0.50050	0.27319	8511.13379	0.19434	11668	1	0.52809	0.28018	1	0.48878	0.19230	1	0.50843	0.23624	1	0.47790	0.53310	12.52046	1.11149	1	0.73789	0.55114	14.34663	1.09515	1	-0.00574	-0.00937	0.70172	0.00380	1	0.06067	-0.01232	0.66486	0.00376	1	1.45898	0.81042	0	
1261977	8511.33496	3305912944445	0.50121	0.24668	8511.13379	0.19434	11668	0	0.53588	0.23625	1	0.48938	0.21701	1	0.51263	0.22663	1	0.47802	0.53276	12.06617	1.09515	1	0.73836	0.55072	13.08126	1.08749	1	-0.00574	-0.00937	0.70172	0.00390	1	0.06067	-0.01232	0.66486	0.00382	1	1.45898	0.81042	0	
1261978	8511.34180	3305913011349	0.50749	0.22638	8511.13379	0.19434	11668	0	0.54223	0.22000	1	0.48533	0.19217	1	0.51378	0.20609	1	0.47813	0.53262	12.24196	1.08749	1	0.73823	0.55019	13.20600	1.07983	1	-0.00574	-0.00937	0.70172	0.00401	1	0.06067	-0.01232	0.66486	0.00407	1	1.45898	0.81042	0	
1261979	8511.34863	3305913078836	0.50970	0.22074	8511.13379	0.19434	11668	0	0.54290	0.22676	1	0.48533	0.19217	1	0.51412	0.20946	1	0.47797	0.53244	12.09735	1.07983	1	0.73808	0.55073	13.23988	1.07983	1	-0.00561	-0.00923	0.69922	0.00389	1	0.06190	-0.01256	0.67777	0.00393	1	1.45898	0.81042	0	
1261980	8511.35449	3305913143797	0.50719	0.24010	8511.33496	0.01953	11669	1	0.52882	0.31613	1	0.47051	0.28019	1	0.49966	0.29816	1	0.47825	0.53345	12.16334	1.07983	1	0.73804	0.55112	13.50852	1.08749	1	-0.00561	-0.00923	0.69922	0.00377	1	0.06190	-0.01256	0.67777	0.00380	1	1.45898	0.81042	0	
1261981	8511.36133	3305913211970	0.50580	0.24883	8511.33496	0.02637	11669	1	0.53349	0.29677	1	0.46696	0.27079	1	0.50022	0.28378	1	0.47833	0.53355	12.32243	1.08749	1	0.73794	0.55109	13.60491	1.09515	1	-0.00561	-0.00923	0.69922	0.00381	1	0.06190	-0.01256	0.67777	0.00380	1	1.45898	0.81042	0	
1261982	8511.36816	3305913279092	0.50488	0.25486	8511.33496	0.03320	11669	1	0.53362	0.29793	1	0.46692	0.27200	1	0.50027	0.28497	1	0.47804	0.53319	12.28447	1.08607	1	0.73823	0.55111	13.83309	1.09373	1	-0.00547	-0.00908	0.68793	0.00380	1	0.06190	-0.01256	0.67777	0.00376	1	1.45898	0.81042	0	
1261983	8511.37500	3305913345968	0.50265	0.25674	8511.33496	0.04004	11669	1	0.53619	0.28382	1	0.44247	0.25228	1	0.48933	0.26805	1	0.47836	0.53318	12.68572	1.08464	1	0.73796	0.55098	13.46117	1.08464	1	-0.00547	-0.00908	0.68793	0.00393	1	0.06190	-0.01256	0.67777	0.00391	1	1.45898	0.81042	0	
1261984	8511.38184	3305913413568	0.50145	0.25874	8511.33496	0.04688	11669	1	0.51231	0.27427	1	0.47371	0.27111	1	0.49301	0.27269	1	0.47803	0.53302	12.27017	1.07555	1	0.73851	0.55098	13.30150	1.07555	1	-0.00547	-0.00908	0.68793	0.00389	1	0.06190	-0.01256	0.67777	0.00386	1	1.45898	0.81042	0	
1261985	8511.38867	3305913480674	0.50057	0.26073	8511.33496	0.05371	11669	1	0.51333	0.28193	1	0.47370	0.27146	1	0.49351	0.27670	1	0.47819	0.53345	12.56544	1.06647	1	0.73845	0.55042	12.86051	1.07515	1	-0.00547	-0.00908	0.68793	0.00373	1	0.06516	-0.01320	0.71281	0.00412	1	1.45898	0.81042	0	
1261986	8511.39551	3305913546611	0.49929	0.26383	8511.33496	0.06055	11669	1	0.51018	0.32684	1	0.46543	0.25653	1	0.48781	0.29168	1	0.47790	0.53335	11.96617	1.07515	1	0.73834	0.55112	13.52438	1.08383	1	-0.00547	-0.00908	0.68793	0.00385	1	0.06516	-0.01320	0.71281	0.00379	1	1.45898	0.81042	0	
1261987	8511.40234	3305913614267	0.49930	0.26222	8511.33496	0.06738	11669	1	0.51176	0.30726	1	0.48706	0.18503	1	0.49941	0.24615	1	0.47793	0.53337	11.89656	1.08383	1	0.73863	0.55025	12.63870	1.09251	1	-0.00547	-0.00908	0.68793	0.00378	1	0.06516	-0.01320	0.71281	0.00411	1	1.45898	0.81042	0	
1261988	8511.40918	3305913682089	0.49927	0.26059	8511.33496	0.07422	11669	1	0.51078	0.30026	1	0.48706	0.18503	1	0.49892	0.24265	1	0.47810	0.53304	12.34655	1.09251	1	0.73891	0.55094	13.39184	1.09251	1	-0.00547	-0.00908	0.68793	0.00388	1	0.06190	-0.01256	0.67777	0.00377	1	1.45898	0.81042	0	
1261989	8511.41504	3305913748090	0.49926	0.26043	8511.33496	0.08008	11669	1	0.50771	0.26359	1	0.49056	0.25351	1	0.49914	0.25855	1	0.47797	0.53294	12.46241	1.09251	1	0.73870	0.55077	13.36451	1.08383	1	-0.00547	-0.00908	0.68793	0.00390	1	0.06190	-0.01256	0.67777	0.00386	1	1.45898	0.81042	0	
1261990	8511.42188	3305913814307	0.49909	0.26159	8511.33496	0.08691	11669	1	0.51637	0.28155	1	0.47744	0.27168	1	0.49690	0.27662	1	0.47807	0.53311	12.52683	1.08383	1	0.73861	0.55099	13.54262	1.07515	1	-0.00547	-0.00908	0.68793	0.00385	1	0.06190	-0.01256	0.67777	0.00381	1	1.45898	0.81042	0	
1261991	8511.42871	3305913882080	0.49897	0.26308	8511.33496	0.09375	11669	1	0.51731	0.28875	1	0.47710	0.27919	1	0.49721	0.28397	1	0.47779	0.53271	11.71599	1.07515	1	0.73845	0.55022	13.83756	1.06647	1	-0.00547	-0.00908	0.68793	0.00400	1	0.06190	-0.01256	0.67777	0.00414	1	1.45898	0.81042	0	
1261992	8511.43555	3305913949267	0.49955	0.26277	8511.33496	0.10059	11669	1	0.51493	0.30081	1	0.50156	0.21531	1	0.50824	0.25806	1	0.47801	0.53320	12.00166	1.06647	1	0.73881	0.55028	13.23133	1.06647	1	-0.00547	-0.00908	0.68793	0.00376	1	0.06190	-0.01256	0.67777	0.00409	1	1.45898	0.81042	0	
1261993	8511.44238	3305914015260	0.49906	0.26402	8511.33496	0.10742	11669	1	0.50950	0.30142	1	0.47309	0.26686	1	0.49130	0.28414	1	0.47785	0.53321	11.91138	1.06647	1	0.73842	0.55079	13.80122	1.06647	1	-0.00547	-0.00908	0.68793	0.00381	1	0.06190	-0.01256	0.67777	0.00386	1	1.45898	0.81042	0	
1261994	8511.44922	3305914083135	0.49863	0.26514	8511.33496	0.11426	11669	1	0.50950	0.30142	1	0.47309	0.26686	1	0.49130	0.28414	1	0.47790	0.53331	12.06524	1.06647	1	0.73848	0.55076	13.74605	1.06647	1	-0.00547	-0.00908	0.68793	0.00380	1	0.06190	-0.01256	0.67777	0.00385	1	1.45898	0.81042	0	
1261995	8511.45508	3305914148823	0.49861	0.26543	8511.33496	0.12012	11669	1	0.50844	0.26655	1	0.48820	0.27486	1	0.49832	0.27071	1	0.47789	0.53286	12.00812	1.06647	1	0.73870	0.55079	13.34707	1.06647	1	-0.00547	-0.00908	0.68793	0.00392	1	0.06190	-0.01256	0.67777	0.00384	1	1.45898	0.81042	0	
1261996	8511.46191	3305914215295	0.49889	0.26588	8511.33496	0.12695	11669	1	0.50899	0.29016	1	0.49933	0.25855	1	0.50416	0.27435	1	0.47786	0.53324	12.00931	1.06647	1	0.73847	0.55069	13.48294	1.06647	1	-0.00547	-0.00908	0.68793	0.00375	1	0.06190	-0.01256	0.67777	0.00386	1	1.45898	0.81042	0	
1261997	8511.46875	3305914284357	0.49914	0.26628	8511.33496	0.13379	11669	1	0.50899	0.29016	1	0.49933	0.25855	1	0.50416	0.27435	1	0.47801	0.53318	12.04056	1.06647	1	0.73832	0.55076	13.67155	1.06647	1	-0.00536	-0.00895	0.67428	0.00374	1	0.06190	-0.01256	0.67777	0.00388	1	1.45898	0.81042	0	
1261998	8511.47559	3305914352134	0.49852	0.26586	8511.33496	0.14062	11669	1	0.51578	0.30537	1	0.45529	0.20857	1	0.48553	0.25697	1	0.47800	0.53322	11.98818	1.06647	1	0.73811	0.55027	13.24592	1.06647	1	-0.00536	-0.00895	0.67428	0.00381	1	0.06190	-0.01256	0.67777	0.00419	1	1.45898	0.81042	0	
1261999	8511.48242	3305914418063	0.49773	0.26796	8511.33496	0.14746	11669	1	0.51788	0.30935	1	0.44273	0.31878	1	0.48031	0.31406	1	0.47805	0.53322	12.08490	1.06647	1	0.73798	0.55125	13.52656	1.06647	1	-0.00536	-0.00895	0.67428	0.00375	1	0.06190	-0.01256	0.67777	0.00381	1	1.45898	0.81042	0	
1262000	8511.48926	3305914484314	0.49700	0.26988	8511.33496	0.15430	11669	1	0.51788	0.30935	1	0.44273	0.31878	1	0.48031	0.31406	1	0.47819	0.53335	12.65665	1.06647	1	0.73818	0.55064	13.09690	1.06647	1	-0.00547	-0.00918	0.68793	0.00370	1	0.06190	-0.01256	0.67777	0.00395	1	1.45898	0.81042	0	
1262001	8511.49609	3305914551778	0.49726	0.27015	8511.33496	0.16113	11669	1	0.53065	0.31132	1	0.47596	0.24198	1	0.50330	0.27665	1	0.47826	0.53336	12.64156	1.06647	1	0.73807	0.55072	13.20347	1.06647	1	-0.00547	-0.00918	0.68793	0.00374	1	0.06190	-0.01256	0.67777	0.00396	1	1.45898	0.81042	0	
1262002	8511.50195	3305914618681	0.49719	0.27064	8511.33496	0.16699	11669	1	0.51506	0.31779	1	0.47620	0.24836	1	0.49563	0.28307	1	0.47799	0.53323	12.00918	1.06647	1	0.73809	0.55076	13.20814	1.06647	1	-0.00547	-0.00918	0.68793	0.00388	1	0.06190	-0.01256	0.67777	0.00394	1	1.45898	0.81042	0	
1262003	8511.50879	3305914685425	0.49713	0.27123	8511.33496	0.17383	11669	1	0.51506	0.31779	1	0.47591	0.25520	1	0.49548	0.28649	1	0.47787	0.53370	12.12997	1.06647	1	0.73808	0.55073	13.12287	1.05881	1	-0.00536	-0.00895	0.67428	0.00373	1	0.06067	-0.01232	0.66486	0.00395	1	1.45898	0.81042	0	
1262004	8511.51562	3305914752740	0.49706	0.27173	8511.33496	0.18066	11669	1	0.51647	0.31598	1	0.47397	0.25423	1	0.49522	0.28510	1	0.47797	0.53328	12.05252	1.05881	1	0.73801	0.55068	13.34841	1.05115	1	-0.00536	-0.00895	0.67428	0.00381	1	0.06067	-0.01232	0.66486	0.00397	1	1.45898	0.81042	0	
1262005	8511.52246	3305914820078	0.49692	0.27326	8511.33496	0.18750	11669	1	0.50588	0.35704	1	0.47976	0.27515	1	0.49282	0.31609	1	0.47783	0.53357	11.97399	1.05115	1	0.73816	0.55074	13.75569	1.04349	1	-0.00536	-0.00895	0.67428	0.00370	1	0.06067	-0.01232	0.66486	0.00394	1	1.45898	0.81042	0	
1262006	8511.52930	3305914886703	0.49679	0.27478	8511.33496	0.19434	11669	1	0.50681	0.36304	1	0.47976	0.27515	1	0.49328	0.31909	1	0.47785	0.53353	11.83450	1.04349	1	0.73807	0.55054	13.26631	1.04349	1	-0.00547	-0.00908	0.68793	0.00374	1	0.06190	-0.01256	0.67777	0.00398	1	1.45898	0.81042	0	
1262007	8511.53613	3305914953635	0.49657	0.27483	8511.33496	0.20117	11669	1	0.50582	0.30891	1	0.47397	0.24322	1	0.48989	0.27606	1	0.47782	0.53312	11.88268	1.04349	1	0.73811	0.55061	13.36342	1.05115	1	-0.00547	-0.00908	0.68793	0.00391	1	0.06190	-0.01256	0.67777	0.00396	1	1.45898	0.81042	0	
1262008	8511.54297	3305915021063	0.49657	0.27635	8511.33496	0.20801	11669	1	0.52489	0.35006	1	0.46815	0.29711	1	0.49652	0.32358	1	0.47808	0.53368	12.64363	1.05115	1	0.73800	0.55095	13.57100	1.05881	1	-0.00547	-0.00908	0.68793	0.00365	1	0.06190	-0.01256	0.67777	0.00380	1	1.45898	0.81042	0	
1262009	8511.54883	3305915085677	0.49656	0.27759	8511.33496	0.21387	11669	1	0.52408	0.34401	1	0.46838	0.29057	1	0.49623	0.31729	1	0.47811	0.53371	12.63200	1.05881	1	0.73819	0.55052	12.93395	1.06647	1	-0.00547	-0.00908	0.68793	0.00367	1	0.06190	-0.01256	0.67777	0.00394	1	1.45898	0.81042	0	
1262010	8511.55566	3305915155023	0.49684	0.27805	8511.33496	0.22070	11669	1	0.53263	0.35708	1	0.47953	0.22907	1	0.50608	0.29308	1	0.47829	0.53389	12.73007	1.06647	1	0.73809	0.55054	13.21550	1.06647	1	-0.00547	-0.00908	0.68793	0.00368	1	0.06190	-0.01256	0.67777	0.00398	1	1.45898	0.81042	0	
1262011	8511.56250	3305915221641	0.49718	0.27786	8511.33496	0.22754	11669	1	0.54395	0.29544	1	0.47329	0.24794	1	0.50862	0.27169	1	0.47835	0.53320	12.80103	1.06647	1	0.73802	0.55071	13.14907	1.06647	1	-0.00547	-0.00908	0.68793	0.00393	1	0.06190	-0.01256	0.67777	0.00394	1	1.45898	0.81042	0	
1262012	8511.56934	3305915289032	0.49749	0.27779	8511.33496	0.23438	11669	1	0.54395	0.29544	1	0.47302	0.25479	1	0.50849	0.27511	1	0.47803	0.53283	12.16797	1.06647	1	0.73804	0.55016	13.06562	1.05881	1	-0.00536	-0.00895	0.67428	0.00400	1	0.06067	-0.01232	0.66486	0.00406	1	1.45898	0.81042	0	
1262013	8511.57617	3305915353985	0.49701	0.27521	8511.33496	0.24121	11669	1	0.48653	0.15214	1	0.47315	0.21233	1	0.47984	0.18223	1	0.47767	0.53139	12.79721	1.05881	1	0.73804	0.55016	13.06562	1.05115	1	-0.00536	-0.00895	0.67428	0.00244	1	0.06067	-0.01232	0.66486	0.00405	1	1.45898	0.81042	0	
1262014	8511.58301	3305915420857	0.49713	0.27512	8511.33496	0.24805	11669	1	0.51884	0.31635	1	0.48394	0.22764	1	0.50139	0.27200	1	0.47814	0.53340	12.62460	1.05115	1	0.73821	0.55026	13.23514	1.04349	1	-0.00536	-0.00895	0.67428	0.00373	1	0.06067	-0.01232	0.66486	0.00405	1	1.45898	0.81042	0	
1262015	8511.58984	3305915490222	0.49725	0.27512	8511.33496	0.25488	11669	1	0.51969	0.32265	1	0.48394	0.22764	1	0.50181	0.27515	1	0.47824	0.53375	12.78360	1.04349	1	0.73813	0.55046	13.04869	1.04349	1	-0.00547	-0.00918	0.68793	0.00366	1	0.06204	-0.01260	0.68042	0.00400	1	1.45898	0.81042	0	
1262016	8511.59570	3305915555495	0.49747	0.27518	8511.33496	0.26074	11669	1	0.52712	0.34687	1	0.48493	0.20803	1	0.50603	0.27745	1	0.47815	0.53359	12.22513	1.04349	1	0.73826	0.55024	12.77136	1.05115	1	-0.00547	-0.00918	0.68793	0.00371	1	0.06204	-0.01260	0.68042	0.00410	1	1.45898	0.81042	0	
1262017	8511.60254	3305915623732	0.49696	0.27355	8511.33496	0.26758	11669	1	0.48539	0.13925	1	0.46805	0.27779	1	0.47672	0.20852	1	0.47764	0.53133	12.00163	1.05115	1	0.73798	0.55091	13.07608	1.05881	1	-0.00547	-0.00918	0.68793	0.00251	1	0.06204	-0.01260	0.68042	0.00396	1	1.45898	0.81042	0	
1262018	8511.60938	3305915687604	0.49646	0.27171	8511.33496	0.27441	11669	1	0.48312	0.12261	1	0.46833	0.26987	1	0.47573	0.19624	1	0.47767	0.53148	12.36801	1.06790	1	0.73789	0.55058	12.95663	1.06790	1	-0.00557	-0.00922	0.69481	0.00240	1	0.06067	-0.01232	0.66486	0.00408	1	1.45898	0.81042	0	
1262019	8511.61621	3305915754839	0.49629	0.26996	8511.33496	0.28125	11669	1	0.48860	0.16721	1	0.48974	0.22507	1	0.48917	0.19614	1	0.47770	0.53158	12.53309	1.07698	1	0.73827	0.55033	13.00924	1.06932	1	-0.00557	-0.00922	0.69481	0.00246	1	0.06067	-0.01232	0.66486	0.00393	1	1.45898	0.81042	0	
1262020	8511.62305	3305915822896	0.49598	0.26818	8511.33496	0.28809	11669	1	0.48996	0.13415	1	0.47561	0.24979	1	0.48279	0.19197	1	0.47770	0.53160	12.64212	1.07841	1	0.73804	0.55078	13.22565	1.07075	1	-0.00557	-0.00922	0.69481	0.00240	1	0.06067	-0.01232	0.66486	0.00397	1	1.45898	0.81042	0	
1262021	8511.62988	3305915889528	0.49333	0.23627	8511.33496	0.28809	11669	0	0.49095	0.14160	1	0.47561	0.24979	1	0.48328	0.19569	1	0.47768	0.53147	12.27993	1.07075	1	0.73788	0.55142	13.34498	1.07075	1	-0.00536	-0.00895	0.67428	0.00242	1	0.06190	-0.01256	0.67777	0.00377	1	1.45898	0.81042	0	
1262022	8511.63672	3305915958948	0.48517	0.22905	8511.33496	0.28809	11669	0	0.49262	0.13554	1	0.46142	0.30811	1	0.47702	0.22183	1	0.47772	0.53122	12.12764	1.06166	1	0.73788	0.55142	13.59905	1.06932	1	-0.00536	-0.00895	0.67428	0.00253	1	0.06190	-0.01256	0.67777	0.00377	1	1.45898	0.81042	0	
1262023	8511.64258	3305916025204	0.48064	0.22808	8511.33496	0.28809	11669	0	0.48432	0.14320	1	0.45883	0.30909	1	0.47157	0.22614	1	0.47769	0.53148	12.35315	1.06024	1	0.73795	0.55141	13.38243	1.06790	1	-0.00536	-0.00895	0.67428	0.00241	1	0.06190	-0.01256	0.67777	0.00371	1	1.45898	0.81042	0	
1262024	8511.64941	3305916088510	0.47827	0.22586	8511.62988	0.01953	11670	1	0.48328	0.13568	1	0.45900	0.30270	1	0.47114	0.21919	1	0.47772	0.53136	12.58581	1.06790	1	0.73794	0.55100	13.30773	1.07555	1	-0.00557	-0.00922	0.69481	0.00245	1	0.06190	-0.01256	0.67777	0.00398	1	1.45898	0.81042	0	
1262025	8511.65625	3305916156475	0.47838	0.21577	8511.62988	0.02637	11670	1	0.47928	0.11156	1	0.47836	0.23925	1	0.47882	0.17540	1	0.47763	0.53144	12.09297	1.08464	1	0.73807	0.55074	13.20868	1.08464	1	-0.00557	-0.00922	0.69481	0.00250	1	0.06190	-0.01256	0.67777	0.00402	1	1.45898	0.81042	0	
1262026	8511.66309	3305916224573	0.47866	0.23105	8511.62988	0.03320	11670	1	0.51757	0.31790	1	0.44262	0.29707	1	0.48010	0.30748	1	0.47807	0.53365	12.27293	1.09373	1	0.73799	0.55128	13.27413	1.09373	1	-0.00557	-0.00922	0.69481	0.00375	1	0.06190	-0.01256	0.67777	0.00379	1	1.45898	0.81042	0	
1262027	8511.66992	3305916290027	0.47887	0.24197	8511.62988	0.04004	11670	1	0.51757	0.31790	1	0.44262	0.29707	1	0.48010	0.30748	1	0.47776	0.53131	12.00773	1.09373	1	0.73803	0.55134	13.12591	1.09373	1	-0.00536	-0.00895	0.67428	0.00250	1	0.06190	-0.01256	0.67777	0.00378	1	1.45898	0.81042	0	
1262028	8511.67676	3305916359833	0.47776	0.23572	8511.62988	0.04688	11670	1	0.49559	0.10856	1	0.44451	0.27542	1	0.47005	0.19199	1	0.47779	0.53123	12.05670	1.08464	1	0.73802	0.55116	13.03573	1.08464	1	-0.00536	-0.00895	0.67428	0.00246	1	0.06190	-0.01256	0.67777	0.00419	1	1.45898	0.81042	0	
1262029	8511.68359	3305916427475	0.47603	0.23300	8511.62988	0.05371	11670	1	0.48633	0.13935	1	0.43802	0.28314	1	0.46218	0.21124	1	0.47778	0.53154	12.39283	1.07555	1	0.73791	0.55114	13.10635	1.07555	1	-0.00536	-0.00895	0.67428	0.00246	1	0.06190	-0.01256	0.67777	0.00413	1	1.45898	0.81042	0	
1262030	8511.69043	3305916494618	0.47471	0.23166	8511.62988	0.06055	11670	1	0.48753	0.14816	1	0.43799	0.29087	1	0.46276	0.21952	1	0.47811	0.53369	12.03484	1.06647	1	0.73844	0.55083	12.62021	1.06647	1	-0.00536	-0.00895	0.67428	0.00371	1	0.06221	-0.01267	0.68121	0.00392	1	1.45898	0.81042	0	
1262031	8511.69629	3305916561634	0.47484	0.22882	8511.62988	0.06641	11670	1	0.50742	0.12274	1	0.44495	0.27830	1	0.47618	0.20052	1	0.47785	0.53127	12.39994	1.06647	1	0.73805	0.55109	13.62218	1.06647	1	-0.00536	-0.00895	0.67428	0.00244	1	0.06221	-0.01267	0.68121	0.00385	1	1.45898	0.81042	0	
1262032	8511.70312	3305916628866	0.47633	0.23589	8511.62988	0.07324	11670	1	0.52008	0.35151	1	0.46543	0.27574	1	0.49276	0.31363	1	0.47804	0.53386	12.25945	1.06647	1	0.73826	0.55104	13.00785	1.06647	1	-0.00536	-0.00895	0.67428	0.00369	1	0.06221	-0.01267	0.68121	0.00397	1	1.45898	0.81042	0	
1262033	8511.70996	3305916695367	0.47760	0.24187	8511.62988	0.08008	11670	1	0.52008	0.35151	1	0.46543	0.27574	1	0.49276	0.31363	1	0.47810	0.53322	12.27566	1.06647	1	0.73834	0.55079	12.80714	1.06647	1	-0.00547	-0.00908	0.68793	0.00376	1	0.06221	-0.01267	0.68121	0.00396	1	1.45898	0.81042	0	
1262034	8511.71680	3305916762536	0.47788	0.24521	8511.62988	0.08691	11670	1	0.51352	0.29401	1	0.44965	0.28330	1	0.48158	0.28865	1	0.47803	0.53312	12.15483	1.06647	1	0.73815	0.55099	12.85622	1.06647	1	-0.00547	-0.00908	0.68793	0.00373	1	0.06221	-0.01267	0.68121	0.00420	1	1.45898	0.81042	0	
1262035	8511.72363	3305916829600	0.47909	0.24678	8511.62988	0.09375	11670	1	0.52643	0.30190	1	0.46565	0.23543	1	0.49604	0.26866	1	0.47817	0.53326	12.31707	1.06647	1	0.73825	0.55115	12.90042	1.06647	1	-0.00547	-0.00908	0.68793	0.00377	1	0.06221	-0.01267	0.68121	0.00373	1	1.45898	0.81042	0	
1262036	8511.73047	3305916896722	0.48015	0.24814	8511.62988	0.10059	11670	1	0.52643	0.30190	1	0.46565	0.23543	1	0.49604	0.26866	1	0.47812	0.53331	12.20020	1.06647	1	0.73809	0.55149	13.10769	1.06647	1	-0.00547	-0.00908	0.68793	0.00376	1	0.06221	-0.01267	0.68121	0.00386	1	1.45898	0.81042	0	
1262037	8511.73633	3305916961332	0.48000	0.24552	8511.62988	0.10645	11670	1	0.49809	0.11495	1	0.45709	0.29206	1	0.47759	0.20351	1	0.47782	0.53118	12.05355	1.06647	1	0.73819	0.55116	12.99850	1.06647	1	-0.00547	-0.00908	0.68793	0.00249	1	0.06221	-0.01267	0.68121	0.00411	1	1.45898	0.81042	0	
1262038	8511.74316	3305917030088	0.47968	0.24261	8511.62988	0.11328	11670	1	0.49540	0.12235	1	0.45297	0.26415	1	0.47418	0.19325	1	0.47782	0.53118	12.05355	1.06647	1	0.73811	0.55133	12.97618	1.06647	1	-0.00547	-0.00908	0.68793	0.00249	1	0.06221	-0.01267	0.68121	0.00422	1	1.45898	0.81042	0	
1262039	8511.75000	3305917097375	0.47939	0.24002	8511.62988	0.12012	11670	1	0.49540	0.12235	1	0.45297	0.26415	1	0.47418	0.19325	1	0.47782	0.53118	12.05355	1.06647	1	0.73803	0.55150	13.28125	1.06647	1	-0.00536	-0.00895	0.67428	0.00249	1	0.06221	-0.01267	0.68121	0.00386	1	1.45898	0.81042	0	
1262040	8511.75684	3305917164345	0.47933	0.24477	8511.62988	0.12695	11670	1	0.52011	0.33924	1	0.43620	0.33094	1	0.47815	0.33509	1	0.47804	0.53374	12.20656	1.06647	1	0.73789	0.55146	13.27427	1.06647	1	-0.00536	-0.00895	0.67428	0.00368	1	0.06221	-0.01267	0.68121	0.00390	1	1.45898	0.81042	0	
1262041	8511.76367	3305917231493	0.47890	0.24282	8511.62988	0.13379	11670	1	0.49176	0.13697	1	0.44881	0.27077	1	0.47028	0.20387	1	0.47778	0.53142	12.01359	1.06647	1	0.73813	0.55132	12.85853	1.06647	1	-0.00536	-0.00895	0.67428	0.00247	1	0.06221	-0.01267	0.68121	0.00387	1	1.45898	0.81042	0	
1262042	8511.77051	3305917298091	0.47848	0.24082	8511.62988	0.14062	11670	1	0.49059	0.12806	1	0.44883	0.26953	1	0.46971	0.19880	1	0.47774	0.53154	12.50498	1.07555	1	0.73820	0.55136	12.81837	1.06790	1	-0.00557	-0.00922	0.69481	0.00240	1	0.05970	-0.01217	0.65420	0.00385	1	1.45898	0.81042	0	
1262043	8511.77734	3305917365438	0.47898	0.24026	8511.62988	0.14746	11670	1	0.49250	0.15802	1	0.48760	0.29801	1	0.49005	0.22801	1	0.47772	0.53158	12.62603	1.07698	1	0.73825	0.55130	12.88635	1.06932	1	-0.00557	-0.00922	0.69481	0.00241	1	0.05970	-0.01217	0.65420	0.00376	1	1.45898	0.81042	0	
1262044	8511.78418	3305917432222	0.47898	0.23893	8511.62988	0.15430	11670	1	0.48242	0.13372	1	0.47563	0.28265	1	0.47902	0.20818	1	0.47765	0.53141	12.09878	1.07841	1	0.73807	0.55125	13.06017	1.07075	1	-0.00557	-0.00922	0.69481	0.00242	1	0.05970	-0.01217	0.65420	0.00377	1	1.45898	0.81042	0	
1262045	8511.79004	3305917499524	0.47899	0.23751	8511.62988	0.16016	11670	1	0.48223	0.13233	1	0.47597	0.27485	1	0.47910	0.20359	1	0.47753	0.53143	11.99739	1.07983	1	0.73807	0.55125	13.29578	1.07983	1	-0.00561	-0.00933	0.69922	0.00253	1	0.06190	-0.01256	0.67777	0.00373	1	1.45898	0.81042	0	
1262046	8511.79688	3305917566304	0.47900	0.23590	8511.62988	0.16699	11670	1	0.48187	0.12932	1	0.47660	0.26171	1	0.47924	0.19552	1	0.47751	0.53153	12.28969	1.07983	1	0.73807	0.55118	13.18210	1.08749	1	-0.00561	-0.00933	0.69922	0.00247	1	0.06190	-0.01256	0.67777	0.00377	1	1.45898	0.81042	0	
1262047	8511.80371	3305917632108	0.47982	0.23434	8511.62988	0.17383	11670	1	0.52577	0.09753	1	0.47671	0.29022	1	0.50124	0.19388	1	0.47752	0.53156	12.18390	1.08749	1	0.73806	0.55132	13.27555	1.09515	1	-0.00561	-0.00933	0.69922	0.00249	1	0.06190	-0.01256	0.67777	0.00379	1	1.45898	0.81042	0	
1262048	8511.81055	3305917700104	0.48059	0.23282	8511.62988	0.18066	11670	1	0.52591	0.09895	1	0.47698	0.28419	1	0.50144	0.19157	1	0.47722	0.53427	11.92307	1.08607	1	0.73738	0.55058	13.19556	1.10241	1	-0.00556	-0.00905	0.67423	0.00352	1	0.06391	-0.01317	0.70262	0.00368	1	1.45898	0.81042	0	
1262049	8511.81738	3305917768108	0.48130	0.23036	8511.62988	0.18750	11670	1	0.49225	0.13323	1	0.50969	0.19000	1	0.50097	0.16161	1	0.47612	0.53256	11.88852	1.09332	1	0.73706	0.55134	12.04524	1.10200	1	-0.00556	-0.00905	0.67423	0.00242	1	0.06391	-0.01317	0.70262	0.00375	1	1.45898	0.81042	0	
1262050	8511.82422	3305917834587	0.48941	0.19644	8511.62988	0.18750	11670	0	0.53530	0.10094	1	0.56373	-0.01325	1	0.54951	0.04385	1	0.47613	0.53273	11.05157	1.09292	1	0.73718	0.54976	11.86843	1.10160	1	-0.00556	-0.00905	0.67423	0.00250	1	0.06391	-0.01317	0.70262	0.00270	1	1.45898	0.81042	0	
1262051	8511.83008	3305917898382	0.51950	0.11559	8511.62988	0.18750	11670	0	0.53449	0.09238	1	0.56470	-0.02290	1	0.54960	0.03474	1	0.47329	0.53762	11.95204	1.10160	1	0.73291	0.55418	12.72147	1.11028	1	-0.00641	-0.00986	0.70698	0.00360	1	0.06348	-0.01353	0.70491	0.00359	1	1.45898	0.81042	0	
1262052	8511.83691	3305917968122	0.46808	0.19775	8511.62988	0.18750	11670	0	0.37037	0.37425	1	0.36007	0.34993	1	0.36522	0.36209	1	0.47263	0.53686	11.95851	1.11936	1	0.73276	0.55425	12.86811	1.11936	1	-0.00641	-0.00986	0.70698	0.00391	1	0.06348	-0.01353	0.70491	0.00363	1	1.45898	0.81042	0	
1262053	8511.84375	3305918035759	0.44195	0.24404	8511.82422	0.01953	11671	1	0.36064	0.42401	1	0.36651	0.34176	1	0.36357	0.38289	1	0.47252	0.53749	11.84519	1.12845	1	0.73248	0.55413	12.29050	1.12845	1	-0.00641	-0.00986	0.70698	0.00393	1	0.06348	-0.01353	0.70491	0.00366	1	1.45898	0.81042	0	
1262054	8511.85059	3305918102074	0.42655	0.27361	8511.82422	0.02637	11671	1	0.36245	0.42944	1	0.36748	0.35435	1	0.36497	0.39190	1	0.47236	0.53898	12.38388	1.12043	1	0.73231	0.55493	13.12914	1.11175	1	-0.00595	-0.00905	0.64537	0.00364	1	0.05910	-0.01268	0.65795	0.00342	1	1.45898	0.81042	0	
1262055	8511.85742	3305918168410	0.39844	0.32156	8511.82422	0.02637	11671	0	0.37863	0.50000	1	0.31906	0.37238	1	0.34884	0.43619	1	0.47265	0.53847	11.97812	1.09465	1	0.73207	0.55434	12.59802	1.08597	1	-0.00595	-0.00905	0.64537	0.00359	1	0.05910	-0.01268	0.65795	0.00364	1	1.45898	0.81042	0	
1262056	8511.86426	3305918235888	0.37694	0.40092	8511.82422	0.02637	11671	0	0.37263	0.51608	1	0.33824	0.44448	1	0.35543	0.48028	1	0.47242	0.53846	11.90598	1.06887	1	0.73241	0.55494	13.06499	1.06019	1	-0.00595	-0.00905	0.64537	0.00342	1	0.05910	-0.01268	0.65795	0.00344	1	1.45898	0.81042	0	
1262057	8511.87109	3305918302598	0.37126	0.43400	8511.82422	0.02637	11671	0	0.37862	0.53225	1	0.34118	0.46805	1	0.35990	0.50015	1	0.47255	0.53861	11.81927	1.04308	1	0.73224	0.55467	12.76727	1.02674	1	-0.00595	-0.00905	0.64537	0.00353	1	0.05887	-0.01262	0.65480	0.00341	1	1.45898	0.81042	0	
1262058	8511.87793	3305918369981	0.35957	0.49806	8511.82422	0.02637	11671	0	0.38259	0.55513	1	0.34419	0.47234	1	0.36339	0.51374	1	0.47249	0.53849	11.79853	1.02674	1	0.73246	0.55483	13.03500	1.01908	1	-0.00595	-0.00905	0.64537	0.00350	1	0.05887	-0.01262	0.65480	0.00342	1	1.45898	0.81042	0	
1262059	8511.88379	3305918437137	0.36247	0.52760	8511.82422	0.02637	11671	0	0.38587	0.63655	1	0.34484	0.47775	1	0.36536	0.55715	1	0.47248	0.53854	11.94044	1.01908	1	0.73246	0.55483	13.03500	1.01142	1	-0.00595	-0.00905	0.64537	0.00346	1	0.05887	-0.01262	0.65480	0.00342	1	1.45898	0.81042	0	
1262060	8511.89062	3305918504028	0.36373	0.53814	8511.82422	0.02637	11671	0	0.38768	0.64067	1	0.34484	0.47775	1	0.36626	0.55921	1	0.47240	0.53829	11.84037	1.01142	1	0.73226	0.55463	13.14461	1.01142	1	-0.00595	-0.00905	0.64537	0.00361	1	0.05910	-0.01268	0.65795	0.00331	1	1.45898	0.81042	0	
1262061	8511.89746	3305918567740	0.36335	0.54050	8511.87793	0.01953	11672	1	0.38785	0.62813	1	0.33656	0.46701	1	0.36221	0.54757	1	0.47248	0.53839	12.18725	1.01142	1	0.73225	0.55457	13.10029	1.01908	1	-0.00595	-0.00905	0.64537	0.00346	1	0.05910	-0.01268	0.65795	0.00334	1	1.45898	0.81042	0	
1262062	8511.90430	3305918637022	0.36089	0.54073	8511.87793	0.02637	11672	1	0.37032	0.62725	1	0.33181	0.45608	1	0.35106	0.54167	1	0.47217	0.53853	12.54189	1.01908	1	0.73231	0.55450	13.06625	1.02674	1	-0.00595	-0.00905	0.64537	0.00344	1	0.05910	-0.01268	0.65795	0.00336	1	1.45898	0.81042	0	
1262063	8511.91113	3305918705004	0.35880	0.53924	8511.87793	0.03320	11672	1	0.36642	0.61867	1	0.33029	0.44486	1	0.34836	0.53177	1	0.47219	0.53832	12.46481	1.03476	1	0.73250	0.55448	12.92956	1.04242	1	-0.00625	-0.00943	0.67260	0.00352	1	0.06078	-0.01297	0.67553	0.00347	1	1.45898	0.81042	0	
1262064	8511.91797	3305918771808	0.35737	0.53043	8511.87793	0.04004	11672	1	0.35884	0.54444	1	0.33871	0.41082	1	0.34878	0.47763	1	0.47223	0.53772	12.16485	1.05044	1	0.73239	0.55439	12.72152	1.05044	1	-0.00625	-0.00943	0.67260	0.00358	1	0.06078	-0.01297	0.67553	0.00343	1	1.45898	0.81042	0	
1262065	8511.92480	3305918838887	0.35502	0.52840	8511.87793	0.04688	11672	1	0.35222	0.60656	1	0.32498	0.42173	1	0.33860	0.51414	1	0.47211	0.53846	12.65317	1.05845	1	0.73224	0.55443	13.06538	1.05845	1	-0.00625	-0.00943	0.67260	0.00354	1	0.06078	-0.01297	0.67553	0.00339	1	1.45898	0.81042	0	
1262066	8511.93066	3305918905994	0.35304	0.52625	8511.87793	0.05273	11672	1	0.35018	0.60217	1	0.32417	0.41591	1	0.33718	0.50904	1	0.47211	0.53846	12.65317	1.06647	1	0.73249	0.55453	13.50929	1.06647	1	-0.00625	-0.00943	0.67260	0.00354	1	0.06078	-0.01297	0.67553	0.00340	1	1.45898	0.81042	0	
1262067	8511.93750	3305918972914	0.35207	0.52271	8511.87793	0.05957	11672	1	0.36425	0.58473	1	0.32242	0.39713	1	0.34334	0.49093	1	0.47227	0.53834	12.17037	1.06647	1	0.73262	0.55444	13.09652	1.06647	1	-0.00625	-0.00943	0.67260	0.00357	1	0.06078	-0.01297	0.67553	0.00352	1	1.45898	0.81042	0	
1262068	8511.94434	3305919040364	0.35065	0.51503	8511.87793	0.06641	11672	1	0.36498	0.48520	1	0.30800	0.39116	1	0.33649	0.43818	1	0.47232	0.53820	10.99963	1.06647	1	0.73232	0.55468	12.84488	1.06647	1	-0.00625	-0.00943	0.67260	0.00350	1	0.06078	-0.01297	0.67553	0.00358	1	1.45898	0.81042	0	
1262069	8511.95117	3305919106709	0.34951	0.50886	8511.87793	0.07324	11672	1	0.36498	0.48520	1	0.30888	0.39689	1	0.33693	0.44104	1	0.47390	0.53947	11.65688	1.06647	1	0.73364	0.55640	12.76494	1.05881	1	-0.00605	-0.00974	0.68372	0.00306	1	0.05878	-0.01276	0.65166	0.00317	1	1.45898	0.81042	0	
1262070	8511.95801	3305919174610	0.35250	0.51161	8511.87793	0.08008	11672	1	0.40022	0.56447	1	0.37648	0.52466	1	0.38835	0.54456	1	0.47395	0.53976	11.88229	1.05881	1	0.73384	0.55657	12.52267	1.05115	1	-0.00605	-0.00974	0.68372	0.00340	1	0.05878	-0.01276	0.65166	0.00354	1	1.45898	0.81042	0	
1262071	8511.96484	3305919240800	0.35299	0.51423	8511.87793	0.08691	11672	1	0.36515	0.52081	1	0.35366	0.57573	1	0.35940	0.54827	1	0.47391	0.53949	11.35569	1.05115	1	0.73391	0.55691	12.65409	1.04349	1	-0.00605	-0.00974	0.68372	0.00363	1	0.05878	-0.01276	0.65166	0.00355	1	1.45898	0.81042	0	
1262072	8511.97168	3305919307859	0.35350	0.51681	8511.87793	0.09375	11672	1	0.36700	0.52566	1	0.35424	0.58027	1	0.36062	0.55297	1	0.47592	0.54093	12.98414	1.04349	1	0.73459	0.55726	12.66835	1.03583	1	-0.00576	-0.00970	0.67356	0.00356	1	0.05946	-0.01301	0.65703	0.00322	1	1.45898	0.81042	0	
1262073	8511.97754	3305919374920	0.35624	0.52343	8511.87793	0.09961	11672	1	0.43134	0.63143	1	0.36338	0.61403	1	0.39736	0.62273	1	0.47469	0.54050	12.06473	1.03583	1	0.73450	0.55732	12.81708	1.03583	1	-0.00576	-0.00970	0.67356	0.00323	1	0.05946	-0.01301	0.65703	0.00303	1	1.45898	0.81042	0	
1262074	8511.98438	3305919441664	0.35872	0.52774	8511.87793	0.10645	11672	1	0.43355	0.61435	1	0.36306	0.57901	1	0.39830	0.59668	1	0.47478	0.54033	11.82652	1.03583	1	0.73444	0.55713	12.90799	1.03583	1	-0.00576	-0.00970	0.67356	0.00324	1	0.05946	-0.01301	0.65703	0.00314	1	1.45898	0.81042	0	
1262075	8511.99121	3305919506669	0.36092	0.53157	8511.87793	0.11328	11672	1	0.43355	0.61435	1	0.36306	0.57901	1	0.39830	0.59668	1	0.47554	0.54080	12.30168	1.03583	1	0.73442	0.55732	12.86034	1.03583	1	-0.00576	-0.00965	0.67356	0.00333	1	0.05946	-0.01291	0.65703	0.00330	1	1.45898	0.81042	0	
1262076	8511.99805	3305919574930	0.36428	0.53598	8511.87793	0.12012	11672	1	0.48112	0.63625	1	0.36866	0.59429	1	0.42489	0.61527	1	0.47554	0.54080	12.30168	1.03583	1	0.73460	0.55732	12.75196	1.03583	1	-0.00576	-0.00965	0.67356	0.00333	1	0.05946	-0.01291	0.65703	0.00333	1	1.45898	0.81042	0	
1262077	8512.00488	3305919642704	0.36808	0.54042	8511.87793	0.12695	11672	1	0.47248	0.64455	1	0.40791	0.60516	1	0.44020	0.62485	1	0.47553	0.54076	12.82583	1.03583	1	0.73515	0.55739	12.09855	1.03583	1	-0.00576	-0.00965	0.67356	0.00327	1	0.05946	-0.01291	0.65703	0.00323	1	1.45898	0.81042	0	
1262078	8512.01074	3305919706004	0.37151	0.54434	8511.87793	0.13281	11672	1	0.47248	0.64455	1	0.40772	0.60078	1	0.44010	0.62266	1	0.47510	0.54047	12.35708	1.03583	1	0.73507	0.55741	12.14230	1.04349	1	-0.00576	-0.00965	0.67356	0.00326	1	0.06098	-0.01328	0.67318	0.00326	1	1.45898	0.81042	0	
1262079	8512.01758	3305919774670	0.39198	0.56917	8511.87793	0.13281	11672	0	0.45082	0.62674	1	0.39468	0.62558	1	0.42275	0.62616	1	0.47520	0.54059	12.31845	1.04349	1	0.73505	0.55765	12.87624	1.05115	1	-0.00576	-0.00965	0.67356	0.00312	1	0.06098	-0.01328	0.67318	0.00320	1	1.45898	0.81042	0	
1262080	8512.02441	3305919840513	0.40424	0.58005	8511.87793	0.13281	11672	0	0.44200	0.59948	1	0.39101	0.58236	1	0.41650	0.59092	1	0.47513	0.54040	12.13806	1.05115	1	0.73493	0.55729	12.54195	1.05881	1	-0.00576	-0.00965	0.67356	0.00318	1	0.06098	-0.01328	0.67318	0.00343	1	1.45898	0.81042	0	
1262081	8512.03125	3305919908128	0.40772	0.58050	8511.87793	0.13281	11672	0	0.43901	0.59019	1	0.39034	0.57264	1	0.41467	0.58142	1	0.47514	0.54046	12.23976	1.06790	1	0.73523	0.55699	12.65953	1.07555	1	-0.00593	-0.01007	0.69947	0.00317	1	0.06122	-0.01338	0.67591	0.00343	1	1.45898	0.81042	0	
1262082	8512.03809	3305919974061	0.41368	0.57658	8512.01758	0.02051	11673	1	0.44707	0.57250	1	0.41605	0.55709	1	0.43156	0.56480	1	0.47520	0.54038	11.97975	1.08464	1	0.73529	0.55722	12.73146	1.08464	1	-0.00593	-0.01007	0.69947	0.00323	1	0.06122	-0.01338	0.67591	0.00324	1	1.45898	0.81042	0	
1262083	8512.04492	3305920042152	0.41241	0.57453	8512.01758	0.02734	11673	1	0.43026	0.58351	1	0.38444	0.54918	1	0.40735	0.56634	1	0.47511	0.54039	12.17881	1.09373	1	0.73524	0.55727	12.85542	1.09373	1	-0.00593	-0.01007	0.69947	0.00316	1	0.06122	-0.01338	0.67591	0.00322	1	1.45898	0.81042	0	
1262084	8512.05176	3305920109203	0.41160	0.57354	8512.01758	0.03418	11673	1	0.43026	0.58351	1	0.38479	0.55370	1	0.40752	0.56861	1	0.47508	0.54043	12.29043	1.09373	1	0.73521	0.55697	12.79122	1.08607	1	-0.00566	-0.00966	0.67443	0.00315	1	0.05938	-0.01295	0.65398	0.00324	1	1.45898	0.81042	0	
1262085	8512.05762	3305920175217	0.41322	0.57563	8512.01758	0.04004	11673	1	0.44864	0.61011	1	0.39721	0.56616	1	0.42293	0.58814	1	0.47523	0.54020	12.68599	1.07698	1	0.73547	0.55710	12.99789	1.06932	1	-0.00566	-0.00966	0.67443	0.00318	1	0.05938	-0.01295	0.65398	0.00312	1	1.45898	0.81042	0	
1262086	8512.06445	3305920243024	0.41256	0.58043	8512.01758	0.04688	11673	1	0.43544	0.63335	1	0.38050	0.59470	1	0.40797	0.61402	1	0.47527	0.54029	12.71686	1.06024	1	0.73551	0.55726	12.96903	1.05258	1	-0.00566	-0.00966	0.67443	0.00310	1	0.05938	-0.01295	0.65398	0.00321	1	1.45898	0.81042	0	
1262087	8512.07129	3305920308973	0.41227	0.58517	8512.01758	0.05371	11673	1	0.43852	0.64202	1	0.38135	0.60426	1	0.40993	0.62314	1	0.47555	0.54008	12.21666	1.04349	1	0.73547	0.55740	12.95766	1.03583	1	-0.00566	-0.00966	0.67443	0.00303	1	0.05938	-0.01295	0.65398	0.00327	1	1.45898	0.81042	0	
1262088	8512.07812	3305920379533	0.41344	0.59082	8512.01758	0.06055	11673	1	0.46149	0.64184	1	0.38644	0.64154	1	0.42397	0.64169	1	0.47612	0.54028	12.70632	1.03583	1	0.73558	0.55762	13.00728	1.03583	1	-0.00566	-0.00966	0.67443	0.00320	1	0.05938	-0.01295	0.65398	0.00319	1	1.45898	0.81042	0	
1262089	8512.08496	3305920446111	0.41387	0.59435	8512.01758	0.06738	11673	1	0.46775	0.66477	1	0.36871	0.59437	1	0.41823	0.62957	1	0.47613	0.54018	12.69852	1.03583	1	0.73538	0.55722	12.85322	1.03583	1	-0.00566	-0.00966	0.67443	0.00329	1	0.05938	-0.01295	0.65398	0.00343	1	1.45898	0.81042	0	
1262090	8512.09180	3305920513977	0.41429	0.59746	8512.01758	0.07422	11673	1	0.46903	0.66877	1	0.36873	0.59457	1	0.41888	0.63167	1	0.47579	0.54031	12.52867	1.02782	1	0.73582	0.55741	13.06067	1.03547	1	-0.00556	-0.00958	0.66847	0.00321	1	0.06177	-0.01341	0.67974	0.00329	1	1.45898	0.81042	0	
1262091	8512.09863	3305920579621	0.41506	0.59933	8512.01758	0.08105	11673	1	0.44092	0.64941	1	0.40759	0.59421	1	0.42425	0.62181	1	0.47569	0.53993	12.39200	1.02746	1	0.73596	0.55720	12.99317	1.03512	1	-0.00556	-0.00958	0.66847	0.00307	1	0.06177	-0.01341	0.67974	0.00335	1	1.45898	0.81042	0	
1262092	8512.10547	3305920647279	0.41610	0.60107	8512.01758	0.08789	11673	1	0.44447	0.64798	1	0.41472	0.59934	1	0.42960	0.62366	1	0.47583	0.53980	12.64143	1.02710	1	0.73611	0.55738	12.72209	1.03476	1	-0.00556	-0.00958	0.66847	0.00307	1	0.06177	-0.01341	0.67974	0.00327	1	1.45898	0.81042	0	
1262093	8512.11230	3305920713673	0.41689	0.60211	8512.01758	0.09473	11673	1	0.44143	0.63927	1	0.41455	0.59408	1	0.42799	0.61668	1	0.47581	0.53992	12.76141	1.04385	1	0.73598	0.55729	13.03295	1.04385	1	-0.00580	-0.01016	0.70909	0.00304	1	0.06021	-0.01311	0.66206	0.00319	1	1.45898	0.81042	0	
1262094	8512.11816	3305920781366	0.41696	0.60229	8512.01758	0.10059	11673	1	0.44753	0.62369	1	0.38859	0.58619	1	0.41806	0.60494	1	0.47581	0.53970	12.75526	1.06095	1	0.73603	0.55721	12.99251	1.05329	1	-0.00580	-0.01016	0.70909	0.00306	1	0.06021	-0.01311	0.66206	0.00320	1	1.45898	0.81042	0	
1262095	8512.12500	3305920848534	0.41675	0.60176	8512.01758	0.10742	11673	1	0.44594	0.62343	1	0.38076	0.56336	1	0.41335	0.59340	1	0.47581	0.53970	12.75526	1.07039	1	0.73598	0.55726	12.89818	1.06273	1	-0.00580	-0.01016	0.70909	0.00306	1	0.06021	-0.01311	0.66206	0.00320	1	1.45898	0.81042	0	
1262096	8512.13184	3305920913439	0.41649	0.60088	8512.01758	0.11426	11673	1	0.44432	0.61851	1	0.37991	0.55318	1	0.41212	0.58584	1	0.47589	0.53974	12.76007	1.07983	1	0.73606	0.55719	12.98574	1.07983	1	-0.00580	-0.01016	0.70909	0.00299	1	0.06155	-0.01339	0.67617	0.00318	1	1.45898	0.81042	0	
1262097	8512.13867	3305920982218	0.41691	0.59980	8512.01758	0.12109	11673	1	0.44977	0.59187	1	0.39903	0.56874	1	0.42440	0.58030	1	0.47603	0.54003	12.72049	1.07983	1	0.73605	0.55734	13.10861	1.08749	1	-0.00580	-0.01016	0.70909	0.00312	1	0.06155	-0.01339	0.67617	0.00317	1	1.45898	0.81042	0	
1262098	8512.14551	3305921048698	0.41705	0.60004	8512.01758	0.12793	11673	1	0.43853	0.61275	1	0.40090	0.59659	1	0.41971	0.60467	1	0.47593	0.54037	12.27686	1.08749	1	0.73593	0.55758	13.06684	1.09515	1	-0.00580	-0.01016	0.70909	0.00319	1	0.06155	-0.01339	0.67617	0.00336	1	1.45898	0.81042	0	
1262099	8512.15234	3305921116249	0.41714	0.60006	8512.01758	0.13477	11673	1	0.43718	0.60874	1	0.40067	0.59239	1	0.41893	0.60057	1	0.47584	0.54059	12.84900	1.09515	1	0.73568	0.55781	13.48331	1.10281	1	-0.00580	-0.01016	0.70909	0.00321	1	0.06210	-0.01363	0.68331	0.00327	1	1.45898	0.81042	0	
1262100	8512.15918	3305921182917	0.41647	0.60078	8512.01758	0.14160	11673	1	0.43208	0.59954	1	0.37275	0.63215	1	0.40241	0.61585	1	0.47577	0.54064	12.82286	1.10281	1	0.73570	0.55793	13.64435	1.10281	1	-0.00580	-0.01016	0.70909	0.00312	1	0.06210	-0.01363	0.68331	0.00325	1	1.45898	0.81042	0	
1262101	8512.16504	3305921248816	0.41573	0.60189	8512.01758	0.14746	11673	1	0.43016	0.61938	1	0.36867	0.63299	1	0.39942	0.62619	1	0.47579	0.54059	12.85312	1.10281	1	0.73576	0.55806	13.56151	1.10281	1	-0.00580	-0.01016	0.70909	0.00317	1	0.06210	-0.01363	0.68331	0.00331	1	1.45898	0.81042	0	
1262102	8512.17188	3305921317320	0.41507	0.60305	8512.01758	0.15430	11673	1	0.43016	0.61938	1	0.36952	0.64037	1	0.39984	0.62988	1	0.47580	0.54067	12.79855	1.10281	1	0.73577	0.55820	13.78746	1.08834	1	-0.00580	-0.01016	0.70909	0.00307	1	0.05840	-0.01280	0.64159	0.00318	1	1.45898	0.81042	0	
1262103	8512.17871	3305921382600	0.41535	0.60304	8512.01758	0.16113	11673	1	0.43563	0.59151	1	0.40860	0.61391	1	0.42211	0.60271	1	0.47588	0.54057	12.77355	1.08834	1	0.73611	0.55827	13.31224	1.07388	1	-0.00580	-0.01016	0.70909	0.00315	1	0.05840	-0.01280	0.64159	0.00317	1	1.45898	0.81042	0	
1262104	8512.18555	3305921449959	0.41524	0.60269	8512.01758	0.16797	11673	1	0.43657	0.59306	1	0.38853	0.59464	1	0.41255	0.59385	1	0.47584	0.54047	12.39134	1.07388	1	0.73585	0.55799	13.35697	1.05941	1	-0.00580	-0.01016	0.70909	0.00327	1	0.05840	-0.01280	0.64159	0.00328	1	1.45898	0.81042	0	
1262105	8512.19238	3305921518201	0.41523	0.60277	8512.01758	0.17480	11673	1	0.44080	0.60599	1	0.38924	0.60415	1	0.41502	0.60507	1	0.47571	0.54055	12.76283	1.05032	1	0.73617	0.55811	13.03344	1.04266	1	-0.00549	-0.00971	0.67808	0.00321	1	0.05973	-0.01308	0.65567	0.00321	1	1.45898	0.81042	0	
1262106	8512.19922	3305921585257	0.41523	0.60249	8512.01758	0.18164	11673	1	0.45144	0.62307	1	0.37870	0.56659	1	0.41507	0.59483	1	0.47585	0.54066	12.59353	1.03358	1	0.73606	0.55815	13.31680	1.04039	1	-0.00549	-0.00971	0.67808	0.00310	1	0.05973	-0.01308	0.65567	0.00317	1	1.45898	0.81042	0	
1262107	8512.20605	3305921651862	0.41508	0.60312	8512.01758	0.18848	11673	1	0.44064	0.64404	1	0.38116	0.59726	1	0.41090	0.62065	1	0.47566	0.54080	12.57029	1.03130	1	0.73617	0.55821	13.07435	1.03811	1	-0.00549	-0.00971	0.67808	0.00313	1	0.05973	-0.01308	0.65567	0.00318	1	1.45898	0.81042	0	
1262108	8512.21191	3305921719124	0.41495	0.60381	8512.01758	0.19434	11673	1	0.44106	0.64523	1	0.38162	0.60250	1	0.41134	0.62387	1	0.47588	0.54073	12.63096	1.02902	1	0.73606	0.55799	12.94372	1.02902	1	-0.00549	-0.00971	0.67808	0.00307	1	0.05840	-0.01280	0.64159	0.00318	1	1.45898	0.81042	0	
1262109	8512.21875	3305921784039	0.41486	0.60372	8512.01758	0.20117	11673	1	0.44885	0.63954	1	0.37564	0.56239	1	0.41225	0.60097	1	0.47579	0.54065	12.73458	1.02902	1	0.73602	0.55803	13.23741	1.02222	1	-0.00549	-0.00971	0.67808	0.00303	1	0.05840	-0.01280	0.64159	0.00315	1	1.45898	0.81042	0	
1262110	8512.22559	3305921848538	0.41483	0.60437	8512.01758	0.20801	11673	1	0.44947	0.67078	1	0.37810	0.57843	1	0.41379	0.62460	1	0.47571	0.54077	12.90702	1.02222	1	0.73602	0.55800	13.13439	1.01541	1	-0.00549	-0.00971	0.67808	0.00306	1	0.05840	-0.01280	0.64159	0.00316	1	1.45898	0.81042	0	
1262111	8512.23242	3305921916948	0.41479	0.60494	8512.01758	0.21484	11673	1	0.44907	0.66964	1	0.37798	0.57704	1	0.41352	0.62334	1	0.47571	0.54077	12.90702	1.02449	1	0.73612	0.55834	13.29967	1.01768	1	-0.00580	-0.01016	0.70909	0.00306	1	0.05840	-0.01280	0.64159	0.00319	1	1.45898	0.81042	0	
1262112	8512.23926	3305921987168	0.41503	0.60569	8512.01758	0.22168	11673	1	0.44719	0.66006	1	0.39862	0.60084	1	0.42290	0.63045	1	0.47576	0.54079	12.87722	1.02677	1	0.73609	0.55835	13.21931	1.02677	1	-0.00580	-0.01016	0.70909	0.00310	1	0.05840	-0.01280	0.64159	0.00316	1	1.45898	0.81042	0	
1262113	8512.24609	3305922053711	0.41529	0.60616	8512.01758	0.22852	11673	1	0.44798	0.65560	1	0.40005	0.58856	1	0.42402	0.62208	1	0.47576	0.54079	12.87722	1.03586	1	0.73601	0.55833	13.40332	1.03586	1	-0.00580	-0.01016	0.70909	0.00310	1	0.05840	-0.01280	0.64159	0.00312	1	1.45898	0.81042	0	
1262114	8512.25293	3305922121113	0.41550	0.60641	8512.01758	0.23535	11673	1	0.44637	0.65099	1	0.39953	0.57923	1	0.42295	0.61511	1	0.47669	0.54101	13.04406	1.04494	1	0.73574	0.55843	13.69493	1.05175	1	-0.00580	-0.01032	0.70909	0.00331	1	0.06021	-0.01321	0.66206	0.00310	1	1.45898	0.81042	0	
1262115	8512.25977	3305922188011	0.41518	0.60626	8512.01758	0.24219	11673	1	0.42993	0.63628	1	0.37768	0.56532	1	0.40381	0.60080	1	0.47572	0.54087	12.58695	1.05175	1	0.73559	0.55807	13.84832	1.05856	1	-0.00580	-0.01032	0.70909	0.00308	1	0.06021	-0.01321	0.66206	0.00325	1	1.45898	0.81042	0	
1262116	8512.26562	3305922254715	0.41515	0.60674	8512.01758	0.24805	11673	1	0.43710	0.65190	1	0.39037	0.59682	1	0.41373	0.62436	1	0.47579	0.54091	12.76587	1.05856	1	0.73588	0.55854	13.30952	1.06537	1	-0.00580	-0.01032	0.70909	0.00304	1	0.06021	-0.01321	0.66206	0.00311	1	1.45898	0.81042	0	
1262117	8512.27246	3305922321975	0.41509	0.60704	8512.01758	0.25488	11673	1	0.43586	0.64849	1	0.38978	0.58868	1	0.41282	0.61858	1	0.47571	0.54107	12.48891	1.06537	1	0.73588	0.55854	13.30952	1.07983	1	-0.00580	-0.01026	0.70909	0.00304	1	0.06210	-0.01363	0.68331	0.00311	1	1.45898	0.81042	0	
1262118	8512.27930	3305922389309	0.41517	0.60689	8512.01758	0.26172	11673	1	0.46710	0.65107	1	0.37002	0.55104	1	0.41856	0.60106	1	0.47619	0.54120	13.11042	1.07983	1	0.73557	0.55819	13.77896	1.08749	1	-0.00580	-0.01026	0.70909	0.00323	1	0.06210	-0.01363	0.68331	0.00328	1	1.45898	0.81042	0	
1262119	8512.28613	3305922455901	0.41484	0.60680	8512.01758	0.26855	11673	1	0.42754	0.63080	1	0.37539	0.57587	1	0.40147	0.60333	1	0.47571	0.54107	12.48891	1.08749	1	0.73567	0.55834	13.90834	1.09515	1	-0.00580	-0.01026	0.70909	0.00304	1	0.06210	-0.01363	0.68331	0.00327	1	1.45898	0.81042	0	
1262120	8512.29297	3305922522465	0.41450	0.60662	8512.01758	0.27539	11673	1	0.42612	0.62691	1	0.37499	0.57154	1	0.40056	0.59922	1	0.47576	0.54104	12.42090	1.09515	1	0.73555	0.55824	13.75193	1.10281	1	-0.00580	-0.01032	0.70909	0.00304	1	0.06210	-0.01363	0.68331	0.00326	1	1.45898	0.81042	0	
1262121	8512.29980	3305922590746	0.41409	0.60637	8512.01758	0.28223	11673	1	0.43426	0.61404	1	0.35979	0.57733	1	0.39702	0.59568	1	0.47586	0.54098	12.05515	1.10281	1	0.73546	0.55841	13.45186	1.10281	1	-0.00580	-0.01032	0.70909	0.00308	1	0.06210	-0.01363	0.68331	0.00321	1	1.45898	0.81042	0	
1262122	8512.30664	3305922657017	0.41410	0.60633	8512.01758	0.28906	11673	1	0.45614	0.62083	1	0.37235	0.58864	1	0.41425	0.60473	1	0.47617	0.54117	13.05278	1.10281	1	0.73565	0.55850	13.63773	1.10281	1	-0.00580	-0.01032	0.70909	0.00307	1	0.06210	-0.01363	0.68331	0.00315	1	1.45898	0.81042	0	
1262123	8512.31250	3305922724034	0.41410	0.60630	8512.01758	0.29492	11673	1	0.45614	0.62083	1	0.37235	0.58864	1	0.41425	0.60473	1	0.47645	0.54120	12.94407	1.10281	1	0.73540	0.55829	12.88444	1.10281	1	-0.00580	-0.01032	0.70909	0.00327	1	0.06210	-0.01363	0.68331	0.00328	1	1.45898	0.81042	0	
1262124	8512.31934	3305922790662	0.41398	0.60626	8512.01758	0.30176	11673	1	0.45077	0.64387	1	0.36612	0.56526	1	0.40844	0.60457	1	0.47606	0.54125	13.32324	1.10281	1	0.73553	0.55846	13.72798	1.10281	1	-0.00580	-0.01032	0.70909	0.00327	1	0.06210	-0.01363	0.68331	0.00323	1	1.45898	0.81042	0	
1262125	8512.32617	3305922857655	0.41371	0.60602	8512.01758	0.30859	11673	1	0.44421	0.62982	1	0.35848	0.56014	1	0.40135	0.59498	1	0.47592	0.54108	12.40652	1.10281	1	0.73537	0.55843	13.26612	1.10281	1	-0.00580	-0.01032	0.70909	0.00312	1	0.06210	-0.01363	0.68331	0.00330	1	1.45898	0.81042	0	
1262126	8512.33301	3305922924840	0.41349	0.60598	8512.01758	0.31543	11673	1	0.44711	0.63838	1	0.35963	0.56998	1	0.40337	0.60418	1	0.47605	0.54101	12.15289	1.08571	1	0.73540	0.55843	13.36380	1.08571	1	-0.00556	-0.00978	0.66847	0.00317	1	0.06210	-0.01368	0.68331	0.00329	1	1.45898	0.81042	0	
1262127	8512.33984	3305922991385	0.41340	0.60713	8512.01758	0.32227	11673	1	0.40612	0.64252	1	0.36915	0.60605	1	0.38763	0.62429	1	0.47526	0.54094	12.88488	1.06861	1	0.73532	0.55849	13.25874	1.06861	1	-0.00556	-0.00978	0.66847	0.00291	1	0.06210	-0.01368	0.68331	0.00322	1	1.45898	0.81042	0	
1262128	8512.34668	3305923058541	0.41282	0.60794	8512.01758	0.32910	11673	1	0.41198	0.65160	1	0.36504	0.60829	1	0.38851	0.62994	1	0.47532	0.54108	12.73286	1.05150	1	0.73538	0.55842	13.38428	1.05150	1	-0.00556	-0.00978	0.66847	0.00293	1	0.06210	-0.01368	0.68331	0.00323	1	1.45898	0.81042	0	
1262129	8512.35352	3305923125840	0.41230	0.60905	8512.01758	0.33594	11673	1	0.41385	0.65619	1	0.36563	0.61337	1	0.38974	0.63478	1	0.47520	0.54140	12.76449	1.04242	1	0.73536	0.55847	13.37109	1.04242	1	-0.00566	-0.00986	0.67443	0.00298	1	0.06177	-0.01371	0.67974	0.00320	1	1.45898	0.81042	0	
1262130	8512.35938	3305923192219	0.41148	0.61024	8512.01758	0.34180	11673	1	0.42726	0.64301	1	0.35727	0.60094	1	0.39226	0.62198	1	0.47515	0.54142	12.65231	1.05044	1	0.73529	0.55838	13.21896	1.05044	1	-0.00566	-0.00986	0.67443	0.00303	1	0.06177	-0.01371	0.67974	0.00326	1	1.45898	0.81042	0	
1262131	8512.36621	3305923259747	0.41124	0.61210	8512.01758	0.34863	11673	1	0.43702	0.68068	1	0.35487	0.63064	1	0.39594	0.65566	1	0.47526	0.54130	12.53777	1.05845	1	0.73532	0.55865	13.35712	1.05845	1	-0.00566	-0.00986	0.67443	0.00307	1	0.06177	-0.01371	0.67974	0.00314	1	1.45898	0.81042	0	
1262132	8512.37305	3305923326227	0.41098	0.61383	8512.01758	0.35547	11673	1	0.43555	0.67689	1	0.35427	0.62636	1	0.39491	0.65163	1	0.47495	0.54148	12.24539	1.06647	1	0.73521	0.55882	13.28285	1.06647	1	-0.00566	-0.00981	0.67443	0.00306	1	0.06071	-0.01343	0.66804	0.00312	1	1.45898	0.81042	0	
1262133	8512.37988	3305923393652	0.41088	0.61497	8512.01758	0.36230	11673	1	0.44100	0.66750	1	0.39557	0.61745	1	0.41829	0.64248	1	0.47510	0.54122	12.19093	1.06647	1	0.73539	0.55867	13.01914	1.06647	1	-0.00566	-0.00981	0.67443	0.00311	1	0.06071	-0.01343	0.66804	0.00307	1	1.45898	0.81042	0	
1262134	8512.38672	3305923460253	0.41084	0.61491	8512.01758	0.36914	11673	1	0.43002	0.62292	1	0.38182	0.60011	1	0.40592	0.61152	1	0.47486	0.54127	12.47844	1.06647	1	0.73532	0.55856	13.09459	1.06647	1	-0.00566	-0.00981	0.67443	0.00310	1	0.06071	-0.01343	0.66804	0.00304	1	1.45898	0.81042	0	
1262135	8512.39355	3305923527608	0.41076	0.61467	8512.01758	0.37598	11673	1	0.43002	0.62292	1	0.38182	0.60011	1	0.40592	0.61152	1	0.47510	0.54155	12.32556	1.06647	1	0.73542	0.55862	12.93184	1.06647	1	-0.00566	-0.00986	0.67443	0.00317	1	0.06210	-0.01373	0.68331	0.00301	1	1.45898	0.81042	0	
1262136	8512.40039	3305923594732	0.41061	0.61427	8512.01758	0.38281	11673	1	0.44755	0.62787	1	0.38595	0.61726	1	0.41675	0.62257	1	0.47515	0.54152	12.35642	1.06647	1	0.73537	0.55859	12.94715	1.06647	1	-0.00566	-0.00986	0.67443	0.00308	1	0.06210	-0.01373	0.68331	0.00301	1	1.45898	0.81042	0	
1262137	8512.40625	3305923662150	0.41062	0.61484	8512.01758	0.38867	11673	1	0.44437	0.66150	1	0.39303	0.65198	1	0.41870	0.65674	1	0.47515	0.54169	12.57755	1.06647	1	0.73529	0.55886	13.07390	1.06647	1	-0.00566	-0.00986	0.67443	0.00306	1	0.06210	-0.01373	0.68331	0.00312	1	1.45898	0.81042	0	
1262138	8512.41309	3305923726142	0.41062	0.61540	8512.01758	0.39551	11673	1	0.44437	0.66150	1	0.39333	0.65590	1	0.41885	0.65870	1	0.47505	0.54158	12.17326	1.06647	1	0.73534	0.55892	13.06376	1.05881	1	-0.00566	-0.00986	0.67443	0.00314	1	0.05938	-0.01324	0.65398	0.00309	1	1.45898	0.81042	0	
1262139	8512.41992	3305923793115	0.41046	0.61586	8512.01758	0.40234	11673	1	0.45219	0.66279	1	0.38132	0.62426	1	0.41675	0.64352	1	0.47515	0.54169	11.59299	1.05881	1	0.73538	0.55863	13.13882	1.05115	1	-0.00566	-0.00986	0.67443	0.00313	1	0.05938	-0.01324	0.65398	0.00299	1	1.45898	0.81042	0	
1262140	8512.42676	3305923858000	0.41030	0.61638	8512.01758	0.40918	11673	1	0.44968	0.65891	1	0.39424	0.63848	1	0.42196	0.64870	1	0.47513	0.54156	11.97335	1.05115	1	0.73542	0.55858	13.05505	1.04349	1	-0.00566	-0.00986	0.67443	0.00313	1	0.05938	-0.01324	0.65398	0.00301	1	1.45898	0.81042	0	
1262141	8512.43359	3305923926775	0.41017	0.61703	8512.01758	0.41602	11673	1	0.44944	0.65820	1	0.39418	0.63772	1	0.42181	0.64796	1	0.47513	0.54176	12.72825	1.05258	1	0.73529	0.55859	12.61423	1.04492	1	-0.00606	-0.01046	0.71539	0.00317	1	0.05844	-0.01296	0.64470	0.00310	1	1.45898	0.81042	0	
1262142	8512.43945	3305923993610	0.41025	0.61767	8512.01758	0.42188	11673	1	0.46678	0.64231	1	0.37683	0.62932	1	0.42181	0.63582	1	0.47526	0.54188	12.85926	1.05400	1	0.73525	0.55856	12.86525	1.05400	1	-0.00606	-0.01046	0.71539	0.00310	1	0.05844	-0.01296	0.64470	0.00307	1	1.45898	0.81042	0	
1262143	8512.44629	3305924058889	0.41038	0.61768	8512.01758	0.42871	11673	1	0.46174	0.63560	1	0.37709	0.55192	1	0.41942	0.59376	1	0.47536	0.54185	12.95821	1.06309	1	0.73520	0.55850	12.89689	1.06309	1	-0.00606	-0.01046	0.71539	0.00312	1	0.05844	-0.01296	0.64470	0.00305	1	1.45898	0.81042	0	
1262144	8512.45312	3305924127081	0.41051	0.61774	8512.01758	0.43555	11673	1	0.46029	0.63094	1	0.37661	0.54642	1	0.41845	0.58868	1	0.47566	0.54196	12.71752	1.07217	1	0.73531	0.55887	12.96892	1.07217	1	-0.00606	-0.01046	0.71539	0.00331	1	0.05844	-0.01301	0.64470	0.00312	1	1.45898	0.81042	0	
1262145	8512.45996	3305924195106	0.41025	0.61822	8512.01758	0.44238	11673	1	0.46343	0.65080	1	0.36037	0.55611	1	0.41190	0.60345	1	0.47536	0.54216	12.94731	1.07217	1	0.73489	0.55851	12.45886	1.07217	1	-0.00606	-0.01046	0.71539	0.00319	1	0.05844	-0.01301	0.64470	0.00318	1	1.45898	0.81042	0	
1262146	8512.46680	3305924262343	0.40999	0.61836	8512.01758	0.44922	11673	1	0.43701	0.66007	1	0.37746	0.56300	1	0.40723	0.61154	1	0.47502	0.54209	12.70117	1.07217	1	0.73485	0.55873	12.62879	1.07217	1	-0.00606	-0.01046	0.71539	0.00311	1	0.05844	-0.01301	0.64470	0.00306	1	1.45898	0.81042	0	
1262147	8512.47363	3305924328543	0.40976	0.61865	8512.01758	0.45605	11673	1	0.43865	0.66450	1	0.37753	0.56384	1	0.40809	0.61417	1	0.47517	0.54193	12.89297	1.06309	1	0.73461	0.55895	12.88348	1.07075	1	-0.00584	-0.01000	0.68362	0.00309	1	0.06098	-0.01358	0.67318	0.00299	1	1.45898	0.81042	0	
1262148	8512.48047	3305924398895	0.40975	0.61889	8512.01758	0.46289	11673	1	0.44482	0.64542	1	0.35883	0.60938	1	0.40183	0.62740	1	0.47516	0.54205	12.77489	1.06166	1	0.73449	0.55893	12.97506	1.06932	1	-0.00584	-0.01000	0.68362	0.00309	1	0.06098	-0.01358	0.67318	0.00309	1	1.45898	0.81042	0	
1262149	8512.48730	3305924466219	0.41005	0.61875	8512.01758	0.46973	11673	1	0.47625	0.64522	1	0.35151	0.59376	1	0.41388	0.61949	1	0.47566	0.54190	12.44709	1.06024	1	0.73450	0.55899	13.04859	1.06790	1	-0.00584	-0.01000	0.68362	0.00325	1	0.06098	-0.01358	0.67318	0.00306	1	1.45898	0.81042	0	
1262150	8512.49414	3305924532883	0.41037	0.61864	8512.01758	0.47656	11673	1	0.47766	0.64999	1	0.35222	0.59908	1	0.41494	0.62453	1	0.47508	0.54193	12.00123	1.05079	1	0.73457	0.55881	13.34072	1.05845	1	-0.00571	-0.00968	0.66197	0.00312	1	0.06098	-0.01358	0.67318	0.00309	1	1.45898	0.81042	0	
1262151	8512.50000	3305924599366	0.40994	0.61930	8512.01758	0.48242	11673	1	0.44321	0.65140	1	0.36019	0.61777	1	0.40170	0.63459	1	0.47506	0.54203	12.29007	1.05044	1	0.73448	0.55900	13.21368	1.05044	1	-0.00571	-0.00968	0.66197	0.00314	1	0.06098	-0.01358	0.67318	0.00305	1	1.45898	0.81042	0	
1262152	8512.50684	3305924665856	0.40973	0.62012	8512.01758	0.48926	11673	1	0.44224	0.65937	1	0.36230	0.60686	1	0.40227	0.63312	1	0.47508	0.54201	12.19487	1.04242	1	0.73447	0.55892	12.98880	1.04242	1	-0.00571	-0.00968	0.66197	0.00310	1	0.06098	-0.01358	0.67318	0.00307	1	1.45898	0.81042	0	
1262153	8512.51367	3305924733462	0.40948	0.62079	8512.01758	0.49609	11673	1	0.44369	0.66339	1	0.36284	0.61139	1	0.40327	0.63739	1	0.47533	0.54208	12.75274	1.03440	1	0.73445	0.55886	13.08490	1.03440	1	-0.00571	-0.00968	0.66197	0.00310	1	0.06122	-0.01359	0.67591	0.00307	1	1.45898	0.81042	0	
1262154	8512.52051	3305924800403	0.40901	0.62144	8512.01758	0.50293	11673	1	0.42609	0.65612	1	0.35882	0.59544	1	0.39246	0.62578	1	0.47466	0.54183	11.95407	1.03440	1	0.73445	0.55886	13.08490	1.03440	1	-0.00571	-0.00968	0.66197	0.00303	1	0.06122	-0.01359	0.67591	0.00306	1	1.45898	0.81042	0	
1262155	8512.52734	3305924867424	0.40898	0.62187	8512.01758	0.50977	11673	1	0.43128	0.66742	1	0.38721	0.61587	1	0.40925	0.64165	1	0.47467	0.54193	12.07517	1.03440	1	0.73445	0.55892	13.17464	1.03440	1	-0.00571	-0.00968	0.66197	0.00306	1	0.06122	-0.01359	0.67591	0.00305	1	1.45898	0.81042	0	
1262156	8512.53418	3305924934056	0.40891	0.62216	8512.01758	0.51660	11673	1	0.42974	0.66343	1	0.38685	0.61137	1	0.40830	0.63740	1	0.47479	0.54175	11.45539	1.04242	1	0.73449	0.55888	13.14866	1.04242	1	-0.00587	-0.00988	0.67538	0.00307	1	0.06122	-0.01359	0.67591	0.00305	1	1.45898	0.81042	0	
1262157	8512.54102	3305925001184	0.40878	0.62274	8512.01758	0.52344	11673	1	0.43287	0.64435	1	0.37909	0.61378	1	0.40598	0.62906	1	0.47485	0.54146	11.37784	1.05044	1	0.73448	0.55885	13.19469	1.05044	1	-0.00587	-0.00988	0.67538	0.00304	1	0.06122	-0.01359	0.67591	0.00306	1	1.45898	0.81042	0	
1262158	8512.54688	3305925068118	0.40857	0.62249	8512.01758	0.52930	11673	1	0.42795	0.64911	1	0.37974	0.57552	1	0.40385	0.61231	1	0.47480	0.54154	11.31174	1.05845	1	0.73445	0.55871	13.04451	1.05845	1	-0.00587	-0.00988	0.67538	0.00307	1	0.06122	-0.01359	0.67591	0.00305	1	1.45898	0.81042	0	
1262159	8512.55371	3305925135013	0.40837	0.62226	8512.01758	0.53613	11673	1	0.42795	0.64911	1	0.37974	0.57552	1	0.40385	0.61231	1	0.47455	0.54163	11.62336	1.05845	1	0.73446	0.55880	13.14170	1.05845	1	-0.00571	-0.00968	0.66197	0.00310	1	0.06098	-0.01348	0.67318	0.00300	1	1.45898	0.81042	0	
1262160	8512.56055	3305925202037	0.40806	0.62236	8512.01758	0.54297	11673	1	0.42381	0.67672	1	0.39179	0.59397	1	0.40780	0.63535	1	0.47465	0.54177	11.70726	1.05044	1	0.73450	0.55882	13.31456	1.05044	1	-0.00571	-0.00968	0.66197	0.00304	1	0.06098	-0.01348	0.67318	0.00302	1	1.45898	0.81042	0	
1262161	8512.56738	3305925269177	0.40730	0.62256	8512.01758	0.54980	11673	1	0.40508	0.68270	1	0.37013	0.58094	1	0.38761	0.63182	1	0.47446	0.54171	12.08183	1.04242	1	0.73452	0.55876	13.04821	1.04242	1	-0.00571	-0.00968	0.66197	0.00302	1	0.06098	-0.01348	0.67318	0.00301	1	1.45898	0.81042	0	
1262162	8512.57422	3305925336126	0.40656	0.62291	8512.01758	0.55664	11673	1	0.40508	0.68270	1	0.37013	0.58094	1	0.38761	0.63182	1	0.47458	0.54117	11.44063	1.04242	1	0.73465	0.55878	13.03448	1.04242	1	-0.00587	-0.00988	0.67538	0.00307	1	0.06098	-0.01348	0.67318	0.00299	1	1.45898	0.81042	0	
1262163	8512.58105	3305925403242	0.40672	0.62338	8512.01758	0.56348	11673	1	0.42676	0.64782	1	0.39571	0.59898	1	0.41124	0.62340	1	0.47468	0.54162	12.04335	1.05044	1	0.73466	0.55885	12.98585	1.05044	1	-0.00587	-0.00988	0.67538	0.00299	1	0.06098	-0.01348	0.67318	0.00303	1	1.45898	0.81042	0	
1262164	8512.58789	3305925469266	0.40630	0.62335	8512.01758	0.57031	11673	1	0.42047	0.65664	1	0.36691	0.58894	1	0.39369	0.62279	1	0.47466	0.54152	11.70138	1.05845	1	0.73462	0.55885	13.08624	1.05845	1	-0.00587	-0.00988	0.67538	0.00309	1	0.06098	-0.01348	0.67318	0.00301	1	1.45898	0.81042	0	
1262165	8512.59375	3305925537519	0.40590	0.62344	8512.01758	0.57617	11673	1	0.42047	0.65664	1	0.36691	0.58894	1	0.39369	0.62279	1	0.47470	0.54170	11.79910	1.05845	1	0.73459	0.55885	13.15064	1.05845	1	-0.00571	-0.00968	0.66197	0.00298	1	0.06122	-0.01359	0.67591	0.00303	1	1.45898	0.81042	0	
1262166	8512.60059	3305925604387	0.40513	0.62418	8512.01758	0.58301	11673	1	0.43184	0.70304	1	0.33154	0.57098	1	0.38169	0.63701	1	0.47477	0.54162	11.51221	1.05044	1	0.73450	0.55882	13.03108	1.05044	1	-0.00571	-0.00968	0.66197	0.00300	1	0.06122	-0.01359	0.67591	0.00303	1	1.45898	0.81042	0	
1262167	8512.60742	3305925671493	0.40493	0.62512	8512.01758	0.58984	11673	1	0.43337	0.70669	1	0.35003	0.58967	1	0.39170	0.64818	1	0.47477	0.54162	11.51221	1.04242	1	0.73461	0.55874	12.60857	1.04242	1	-0.00571	-0.00968	0.66197	0.00300	1	0.06122	-0.01359	0.67591	0.00305	1	1.45898	0.81042	0	
1262168	8512.61426	3305925738151	0.40472	0.62604	8512.01758	0.59668	11673	1	0.43164	0.70255	1	0.34931	0.58440	1	0.39048	0.64348	1	0.47466	0.54164	11.53913	1.05150	1	0.73479	0.55874	12.24898	1.05150	1	-0.00606	-0.01046	0.71539	0.00302	1	0.06122	-0.01359	0.67591	0.00307	1	1.45898	0.81042	0	
1262169	8512.62109	3305925804883	0.40467	0.62708	8512.01758	0.60352	11673	1	0.43134	0.71548	1	0.35805	0.57569	1	0.39469	0.64559	1	0.47495	0.54179	12.52248	1.06861	1	0.73493	0.55877	12.29554	1.06861	1	-0.00606	-0.01046	0.71539	0.00296	1	0.06122	-0.01359	0.67591	0.00305	1	1.45898	0.81042	0	
1262170	8512.62793	3305925872788	0.40445	0.62739	8512.01758	0.61035	11673	1	0.43891	0.69228	1	0.36786	0.54723	1	0.40338	0.61975	1	0.47495	0.54164	12.40656	1.08571	1	0.73502	0.55886	12.24546	1.08571	1	-0.00606	-0.01046	0.71539	0.00291	1	0.06122	-0.01359	0.67591	0.00304	1	1.45898	0.81042	0	
1262171	8512.63477	3305925939355	0.40418	0.62752	8512.01758	0.61719	11673	1	0.43587	0.68457	1	0.36684	0.53703	1	0.40136	0.61080	1	0.47501	0.54154	11.89884	1.10281	1	0.73506	0.55892	12.28588	1.10281	1	-0.00606	-0.01046	0.71539	0.00296	1	0.06122	-0.01359	0.67591	0.00303	1	1.45898	0.81042	0	
1262172	8512.64062	3305926006048	0.40409	0.62767	8512.01758	0.62305	11673	1	0.43314	0.66673	1	0.37495	0.55710	1	0.40404	0.61191	1	0.47501	0.54154	11.89884	1.10281	1	0.73506	0.55857	12.35455	1.10281	1	-0.00606	-0.01046	0.71539	0.00296	1	0.06122	-0.01359	0.67591	0.00306	1	1.45898	0.81042	0	
1262173	8512.64746	3305926073662	0.40422	0.62830	8512.01758	0.62988	11673	1	0.44447	0.69657	1	0.37065	0.55324	1	0.40756	0.62490	1	0.47524	0.54182	12.23940	1.10281	1	0.73497	0.55864	12.08602	1.10281	1	-0.00606	-0.01046	0.71539	0.00307	1	0.06122	-0.01359	0.67591	0.00311	1	1.45898	0.81042	0	
1262174	8512.65430	3305926138068	0.40431	0.62877	8512.01758	0.63672	11673	1	0.44447	0.69657	1	0.37108	0.55770	1	0.40777	0.62713	1	0.47499	0.54157	12.02989	1.10281	1	0.73538	0.55861	12.43596	1.09515	1	-0.00606	-0.01046	0.71539	0.00289	1	0.06021	-0.01328	0.66304	0.00310	1	1.45898	0.81042	0	
1262175	8512.66113	3305926204598	0.40420	0.62934	8512.01758	0.64355	11673	1	0.40438	0.65942	1	0.36102	0.64380	1	0.38270	0.65161	1	0.47537	0.54126	11.26849	1.09515	1	0.73529	0.55897	13.05266	1.08749	1	-0.00606	-0.01046	0.71539	0.00308	1	0.06021	-0.01328	0.66304	0.00305	1	1.45898	0.81042	0	
1262176	8512.66797	3305926273592	0.40318	0.62944	8512.01758	0.65039	11673	1	0.36144	0.68658	1	0.31733	0.58238	1	0.33939	0.63448	1	0.47540	0.54140	11.48118	1.08749	1	0.73534	0.55860	12.88329	1.07983	1	-0.00606	-0.01046	0.71539	0.00291	1	0.06021	-0.01328	0.66304	0.00308	1	1.45898	0.81042	0	
1262177	8512.67480	3305926341014	0.40222	0.62970	8512.01758	0.65723	11673	1	0.36746	0.69792	1	0.31996	0.59637	1	0.34371	0.64714	1	0.47857	0.54098	12.25708	1.06273	1	0.73905	0.55896	12.99265	1.05507	1	-0.00512	-0.00969	0.66264	0.00278	1	0.06017	-0.01323	0.65831	0.00295	1	1.45898	0.81042	0	
1262178	8512.68164	3305926407453	0.40437	0.63009	8512.01758	0.66406	11673	1	0.52279	0.64381	1	0.46784	0.63776	1	0.49531	0.64079	1	0.47936	0.54101	11.31389	1.03797	1	0.73933	0.55857	12.06120	1.03797	1	-0.00512	-0.00969	0.66264	0.00288	1	0.06017	-0.01323	0.65831	0.00319	1	1.45898	0.81042	0	
1262179	8512.68750	3305926473951	0.40539	0.62987	8512.01758	0.66992	11673	1	0.47239	0.65295	1	0.41744	0.63713	1	0.44492	0.64504	1	0.47922	0.54087	11.36962	1.02087	1	0.73928	0.55868	12.37243	1.02087	1	-0.00512	-0.00969	0.66264	0.00281	1	0.06017	-0.01323	0.65831	0.00309	1	1.45898	0.81042	0	
1262180	8512.69434	3305926541508	0.40645	0.62979	8512.01758	0.67676	11673	1	0.47383	0.65765	1	0.41747	0.63791	1	0.44565	0.64778	1	0.48160	0.54043	11.16072	1.01178	1	0.74209	0.55930	12.54172	1.01944	1	-0.00469	-0.00994	0.67946	0.00298	1	0.06294	-0.01367	0.68245	0.00311	1	1.45898	0.81042	0	
1262181	8512.70117	3305926606768	0.40968	0.63028	8512.01758	0.68359	11673	1	0.60588	0.60816	1	0.54146	0.72414	1	0.57367	0.66615	1	0.48220	0.54059	12.04168	1.02746	1	0.74216	0.55939	12.38104	1.03512	1	-0.00469	-0.00994	0.67946	0.00284	1	0.06294	-0.01367	0.68245	0.00320	1	1.45898	0.81042	0	
1262182	8512.70801	3305926676186	0.41329	0.63005	8512.01758	0.69043	11673	1	0.61210	0.54731	1	0.54571	0.65403	1	0.57890	0.60067	1	0.48242	0.54020	11.83740	1.04313	1	0.74218	0.55948	12.61136	1.05079	1	-0.00469	-0.00994	0.67946	0.00301	1	0.06294	-0.01367	0.68245	0.00311	1	1.45898	0.81042	0	
1262183	8512.71484	3305926741753	0.45020	0.63300	8512.01758	0.69043	11673	0	0.61185	0.54270	1	0.54571	0.65403	1	0.57878	0.59836	1	0.48247	0.54033	11.84456	1.05079	1	0.74218	0.55945	11.88658	1.05079	1	-0.00435	-0.00932	0.63697	0.00301	1	0.06191	-0.01343	0.67069	0.00306	1	1.45898	0.81042	0	
1262184	8512.72168	3305926809784	0.51101	0.62637	8512.01758	0.69043	11673	0	0.60908	0.56819	1	0.53457	0.67129	1	0.57183	0.61974	1	0.48244	0.54042	11.87455	1.04278	1	0.74193	0.55941	13.38437	1.03512	1	-0.00435	-0.00932	0.63697	0.00299	1	0.06191	-0.01343	0.67069	0.00306	1	1.45898	0.81042	0	
1262185	8512.72852	3305926876688	0.53560	0.63970	8512.01758	0.69043	11673	0	0.61609	0.63403	1	0.55345	0.69871	1	0.58477	0.66637	1	0.48242	0.54056	11.98246	1.02710	1	0.74240	0.55955	12.61241	1.01944	1	-0.00435	-0.00932	0.63697	0.00298	1	0.06191	-0.01343	0.67069	0.00297	1	1.45898	0.81042	0	
1262186	8512.73535	3305926944220	0.58049	0.65150	8512.01758	0.69043	11673	0	0.61630	0.63806	1	0.55345	0.69871	1	0.58488	0.66839	1	0.48243	0.54030	11.56099	1.01944	1	0.74257	0.55940	12.66422	1.01944	1	-0.00450	-0.00998	0.68245	0.00298	1	0.06256	-0.01356	0.67721	0.00300	1	1.45898	0.81042	0	
1262187	8512.74121	3305927011045	0.58013	0.64464	8512.01758	0.69043	11673	0	0.61224	0.56441	1	0.54732	0.71115	1	0.57978	0.63778	1	0.48246	0.54004	11.52919	1.02746	1	0.74267	0.55975	12.65529	1.03512	1	-0.00450	-0.00998	0.68245	0.00310	1	0.06256	-0.01356	0.67721	0.00310	1	1.45898	0.81042	0	
1262188	8512.74805	3305927077651	0.57788	0.64259	8512.01758	0.69043	11673	0	0.58579	0.57599	1	0.56096	0.70098	1	0.57338	0.63849	1	0.48239	0.54043	11.34205	1.04313	1	0.74279	0.55982	12.69248	1.05079	1	-0.00450	-0.00998	0.68245	0.00292	1	0.06256	-0.01356	0.67721	0.00311	1	1.45898	0.81042	0	
1262189	8512.75488	3305927145498	0.57688	0.63949	8512.73535	0.01953	11674	1	0.58494	0.56696	1	0.56280	0.69345	1	0.57387	0.63021	1	0.48261	0.54049	11.32742	1.05881	1	0.74319	0.55994	12.50580	1.06647	1	-0.00446	-0.00984	0.67623	0.00307	1	0.06431	-0.01392	0.69504	0.00318	1	1.45898	0.81042	0	
1262190	8512.76172	3305927210763	0.57744	0.63689	8512.73535	0.02637	11674	1	0.60865	0.53617	1	0.55076	0.71674	1	0.57971	0.62646	1	0.48277	0.54008	11.12252	1.06647	1	0.74307	0.55998	12.58383	1.06647	1	-0.00446	-0.00984	0.67623	0.00314	1	0.06431	-0.01392	0.69504	0.00315	1	1.45898	0.81042	0	
1262191	8512.76855	3305927278544	0.57650	0.63841	8512.73535	0.03320	11674	1	0.58687	0.58870	1	0.55674	0.70342	1	0.57181	0.64606	1	0.48271	0.54039	11.67048	1.06647	1	0.74310	0.55985	12.54953	1.06647	1	-0.00446	-0.00984	0.67623	0.00307	1	0.06431	-0.01392	0.69504	0.00314	1	1.45898	0.81042	0	
1262192	8512.77441	3305927341810	0.57577	0.63976	8512.73535	0.03906	11674	1	0.58687	0.58870	1	0.55589	0.70703	1	0.57138	0.64786	1	0.48308	0.54028	11.90449	1.06647	1	0.74286	0.55984	12.84330	1.05881	1	-0.00450	-0.00988	0.68245	0.00300	1	0.06114	-0.01322	0.66023	0.00310	1	1.45898	0.81042	0	
1262193	8512.78223	3305927412614	0.57755	0.63954	8512.73535	0.04688	11674	1	0.61343	0.57093	1	0.56653	0.70493	1	0.58998	0.63793	1	0.48319	0.54021	11.75914	1.05881	1	0.74330	0.55984	12.66273	1.05115	1	-0.00450	-0.00988	0.68245	0.00300	1	0.06114	-0.01322	0.66023	0.00313	1	1.45898	0.81042	0	
1262194	8512.78809	3305927479425	0.57780	0.64080	8512.73535	0.05273	11674	1	0.61366	0.58480	1	0.54598	0.71710	1	0.57982	0.65095	1	0.48319	0.54030	11.65268	1.05115	1	0.74299	0.55993	12.92273	1.04349	1	-0.00450	-0.00988	0.68245	0.00297	1	0.06114	-0.01322	0.66023	0.00303	1	1.45898	0.81042	0	
1262195	8512.79492	3305927546588	0.57801	0.64203	8512.73535	0.05957	11674	1	0.61389	0.58910	1	0.54598	0.71710	1	0.57994	0.65310	1	0.48327	0.54040	11.78186	1.04349	1	0.74361	0.56003	12.83420	1.04349	1	-0.00446	-0.01006	0.69111	0.00299	1	0.06266	-0.01354	0.67616	0.00313	1	1.45898	0.81042	0	
1262196	8512.80176	3305927613099	0.57883	0.64084	8512.73535	0.06641	11674	1	0.61997	0.58163	1	0.55410	0.67620	1	0.58704	0.62891	1	0.48320	0.54041	11.96677	1.04349	1	0.74355	0.56006	12.96478	1.05115	1	-0.00446	-0.01006	0.69111	0.00297	1	0.06266	-0.01354	0.67616	0.00307	1	1.45898	0.81042	0	
1262197	8512.80859	3305927680680	0.58007	0.64210	8512.73535	0.07324	11674	1	0.61234	0.59766	1	0.57495	0.71425	1	0.59364	0.65595	1	0.48312	0.54053	12.12241	1.05115	1	0.74381	0.56044	12.61641	1.05881	1	-0.00446	-0.01006	0.69111	0.00296	1	0.06266	-0.01354	0.67616	0.00314	1	1.45898	0.81042	0	
1262198	8512.81543	3305927745186	0.58110	0.64300	8512.73535	0.08008	11674	1	0.61210	0.59344	1	0.57495	0.71425	1	0.59352	0.65385	1	0.48328	0.54012	11.44127	1.05881	1	0.74367	0.56022	12.30056	1.05881	1	-0.00428	-0.00979	0.68008	0.00316	1	0.06038	-0.01306	0.64997	0.00315	1	1.45898	0.81042	0	
1262199	8512.82129	3305927812393	0.58081	0.64028	8512.73535	0.08594	11674	1	0.61616	0.54090	1	0.53789	0.66879	1	0.57702	0.60484	1	0.48335	0.54022	11.60013	1.05881	1	0.74353	0.56003	12.14904	1.05115	1	-0.00428	-0.00979	0.68008	0.00305	1	0.06038	-0.01306	0.64997	0.00312	1	1.45898	0.81042	0	
1262200	8512.82812	3305927877418	0.57931	0.63908	8512.73535	0.09277	11674	1	0.58306	0.56867	1	0.53352	0.67603	1	0.55829	0.62235	1	0.48354	0.54019	11.19723	1.05115	1	0.74355	0.55996	12.12871	1.04349	1	-0.00428	-0.00979	0.68008	0.00312	1	0.06038	-0.01306	0.64997	0.00311	1	1.45898	0.81042	0	
1262201	8512.83496	3305927946095	0.57799	0.63830	8512.73535	0.09961	11674	1	0.58349	0.57310	1	0.53281	0.67991	1	0.55815	0.62651	1	0.48363	0.54016	11.21535	1.04349	1	0.74333	0.56006	13.15586	1.03583	1	-0.00428	-0.00990	0.68008	0.00302	1	0.06038	-0.01306	0.64997	0.00316	1	1.45898	0.81042	0	
1262202	8512.84180	3305928013600	0.57735	0.63710	8512.73535	0.10645	11674	1	0.59728	0.55954	1	0.53686	0.67651	1	0.56707	0.61802	1	0.48376	0.54014	11.01178	1.03583	1	0.74364	0.56000	13.14080	1.03583	1	-0.00428	-0.00990	0.68008	0.00304	1	0.06038	-0.01306	0.64997	0.00299	1	1.45898	0.81042	0	
1262203	8512.84863	3305928080811	0.57692	0.63549	8512.73535	0.11328	11674	1	0.60382	0.55270	1	0.53571	0.66351	1	0.56977	0.60810	1	0.48380	0.54001	11.23416	1.03583	1	0.74395	0.55987	12.75775	1.03583	1	-0.00428	-0.00990	0.68008	0.00313	1	0.06038	-0.01306	0.64997	0.00299	1	1.45898	0.81042	0	
1262204	8512.85547	3305928145725	0.57654	0.63429	8512.73535	0.12012	11674	1	0.60413	0.55752	1	0.53495	0.66770	1	0.56954	0.61261	1	0.48399	0.54047	12.09879	1.02782	1	0.74454	0.56036	12.74220	1.02782	1	-0.00409	-0.00950	0.65654	0.00296	1	0.06132	-0.01334	0.65899	0.00307	1	1.45898	0.81042	0	
1262205	8512.86133	3305928212982	0.57742	0.63548	8512.73535	0.12598	11674	1	0.62308	0.59491	1	0.56532	0.72131	1	0.59420	0.65811	1	0.48398	0.54041	11.96677	1.01980	1	0.74453	0.56034	12.41380	1.01980	1	-0.00409	-0.00950	0.65654	0.00297	1	0.06132	-0.01334	0.65899	0.00323	1	1.45898	0.81042	0	
1262206	8512.86816	3305928280143	0.57787	0.63675	8512.73535	0.13281	11674	1	0.60775	0.59314	1	0.56592	0.73121	1	0.58684	0.66217	1	0.48388	0.54034	12.01557	1.01178	1	0.74454	0.56029	12.53970	1.01178	1	-0.00409	-0.00950	0.65654	0.00307	1	0.06132	-0.01334	0.65899	0.00311	1	1.45898	0.81042	0	
1262207	8512.87500	3305928343411	0.57828	0.63791	8512.73535	0.13965	11674	1	0.60775	0.59314	1	0.56592	0.73121	1	0.58684	0.66217	1	0.48393	0.54047	11.82003	1.01178	1	0.74432	0.56037	13.17851	1.01178	1	-0.00452	-0.01092	0.75414	0.00312	1	0.06226	-0.01358	0.66802	0.00313	1	1.45898	0.81042	0	
1262208	8512.88184	3305928418105	0.57860	0.63733	8512.73535	0.14648	11674	1	0.62368	0.59679	1	0.54782	0.65254	1	0.58575	0.62467	1	0.48420	0.54021	11.53370	1.01980	1	0.74452	0.56017	12.37343	1.01980	1	-0.00452	-0.01092	0.75414	0.00308	1	0.06226	-0.01358	0.66802	0.00299	1	1.45898	0.81042	0	
1262209	8512.88867	3305928485228	0.57831	0.63583	8512.73535	0.15332	11674	1	0.62264	0.53608	1	0.52046	0.66661	1	0.57155	0.60134	1	0.48423	0.53978	10.99260	1.02782	1	0.74405	0.56043	12.98433	1.02782	1	-0.00452	-0.01092	0.75414	0.00316	1	0.06226	-0.01358	0.66802	0.00334	1	1.45898	0.81042	0	
1262210	8512.89551	3305928551373	0.57805	0.63427	8512.73535	0.16016	11674	1	0.62245	0.53109	1	0.52111	0.66242	1	0.57178	0.59676	1	0.48444	0.54036	11.64568	1.03583	1	0.74468	0.56065	13.02479	1.03583	1	-0.00452	-0.01097	0.75414	0.00301	1	0.06226	-0.01358	0.66802	0.00305	1	1.45898	0.81042	0	
1262211	8512.90234	3305928618357	0.57826	0.63401	8512.73535	0.16699	11674	1	0.61157	0.56408	1	0.55587	0.69098	1	0.58372	0.62753	1	0.48466	0.54030	11.99962	1.03583	1	0.74466	0.56069	12.95361	1.03583	1	-0.00452	-0.01097	0.75414	0.00296	1	0.06226	-0.01358	0.66802	0.00309	1	1.45898	0.81042	0	
1262212	8512.90918	3305928685105	0.57830	0.63346	8512.73535	0.17383	11674	1	0.60901	0.56975	1	0.54925	0.66875	1	0.57913	0.61925	1	0.48476	0.54029	11.86239	1.03583	1	0.74462	0.56041	13.20474	1.03583	1	-0.00452	-0.01097	0.75414	0.00298	1	0.06226	-0.01358	0.66802	0.00304	1	1.45898	0.81042	0	
1262213	8512.91602	3305928751475	0.57834	0.63288	8512.73535	0.18066	11674	1	0.60901	0.56975	1	0.55007	0.66478	1	0.57954	0.61727	1	0.48478	0.54034	11.80370	1.03583	1	0.74463	0.56049	12.46438	1.04349	1	-0.00452	-0.01103	0.75414	0.00299	1	0.06295	-0.01372	0.67483	0.00304	1	1.45898	0.81042	0	
1262214	8512.92285	3305928820092	0.57859	0.63260	8512.73535	0.18750	11674	1	0.60963	0.55564	1	0.56130	0.69375	1	0.58546	0.62469	1	0.48481	0.54033	11.76758	1.04349	1	0.74518	0.56070	12.71157	1.05115	1	-0.00452	-0.01103	0.75414	0.00300	1	0.06295	-0.01372	0.67483	0.00320	1	1.45898	0.81042	0	
1262215	8512.92871	3305928885417	0.57899	0.63257	8512.73535	0.19336	11674	1	0.62283	0.58412	1	0.55880	0.67902	1	0.59081	0.63157	1	0.48481	0.54045	11.64259	1.05115	1	0.74512	0.56059	12.41806	1.05881	1	-0.00452	-0.01103	0.75414	0.00301	1	0.06295	-0.01372	0.67483	0.00332	1	1.45898	0.81042	0	
1262216	8512.93555	3305928952697	0.57937	0.63254	8512.73535	0.20020	11674	1	0.62284	0.58432	1	0.55876	0.67920	1	0.59080	0.63176	1	0.48485	0.54064	11.76369	1.05079	1	0.74518	0.56058	12.67570	1.05845	1	-0.00389	-0.00960	0.65652	0.00292	1	0.06339	-0.01379	0.67850	0.00322	1	1.45898	0.81042	0	
1262217	8512.94238	3305929019589	0.57972	0.63241	8512.73535	0.20703	11674	1	0.61806	0.59195	1	0.56306	0.66478	1	0.59056	0.62837	1	0.48478	0.54063	12.03309	1.05044	1	0.74515	0.56086	12.68295	1.05044	1	-0.00389	-0.00960	0.65652	0.00289	1	0.06339	-0.01379	0.67850	0.00328	1	1.45898	0.81042	0	
1262218	8512.94922	3305929087723	0.58001	0.63270	8512.73535	0.21387	11674	1	0.61585	0.61628	1	0.56263	0.66794	1	0.58924	0.64211	1	0.48484	0.54061	11.76504	1.04242	1	0.74519	0.56079	12.61792	1.04242	1	-0.00389	-0.00960	0.65652	0.00294	1	0.06339	-0.01379	0.67850	0.00332	1	1.45898	0.81042	0	
1262219	8512.95605	3305929154080	0.58027	0.63304	8512.73535	0.22070	11674	1	0.61585	0.61628	1	0.56171	0.67189	1	0.58878	0.64409	1	0.48493	0.54062	11.47312	1.04242	1	0.74515	0.56121	13.18730	1.03476	1	-0.00382	-0.00982	0.67118	0.00293	1	0.06074	-0.01320	0.64967	0.00316	1	1.45898	0.81042	0	
1262220	8512.96289	3305929221635	0.58032	0.63410	8512.73535	0.22754	11674	1	0.63049	0.63332	1	0.53332	0.70720	1	0.58190	0.67026	1	0.48505	0.54066	11.63479	1.04278	1	0.74510	0.56123	12.41419	1.03512	1	-0.00382	-0.00982	0.67118	0.00293	1	0.06074	-0.01320	0.64967	0.00319	1	1.45898	0.81042	0	
1262221	8512.96973	3305929288654	0.58025	0.63465	8512.73535	0.23438	11674	1	0.62182	0.60892	1	0.53400	0.69858	1	0.57791	0.65375	1	0.48499	0.54065	11.57581	1.04313	1	0.74511	0.56117	12.46873	1.03547	1	-0.00382	-0.00982	0.67118	0.00294	1	0.06074	-0.01320	0.64967	0.00318	1	1.45898	0.81042	0	
1262222	8512.97559	3305929354786	0.58019	0.63522	8512.73535	0.24023	11674	1	0.62200	0.61308	1	0.53400	0.69858	1	0.57800	0.65583	1	0.48474	0.54091	12.17030	1.03547	1	0.74512	0.56097	12.58942	1.03547	1	-0.00390	-0.00968	0.65844	0.00280	1	0.06349	-0.01386	0.67958	0.00314	1	1.45898	0.81042	0	
1262223	8512.98242	3305929422054	0.58013	0.63602	8512.73535	0.24707	11674	1	0.61762	0.66789	1	0.53794	0.66349	1	0.57778	0.66569	1	0.48441	0.54128	11.17383	1.02746	1	0.74441	0.56091	12.80527	1.03512	1	-0.00390	-0.00968	0.65844	0.00299	1	0.06349	-0.01386	0.67958	0.00332	1	1.45898	0.81042	0	
1262224	8512.98926	3305929488999	0.58132	0.63678	8512.73535	0.25391	11674	1	0.67831	0.65638	1	0.57504	0.67469	1	0.62668	0.66554	1	0.48427	0.54110	11.37877	1.02710	1	0.74434	0.56106	13.18951	1.03476	1	-0.00390	-0.00968	0.65844	0.00314	1	0.06349	-0.01386	0.67958	0.00335	1	1.45898	0.81042	0	
1262225	8512.99609	3305929554042	0.58249	0.63728	8512.73535	0.26074	11674	1	0.67877	0.64794	1	0.57726	0.66608	1	0.62801	0.65701	1	0.48027	0.54126	11.78337	1.04385	1	0.74110	0.56040	12.52874	1.05150	1	-0.00478	-0.01048	0.71676	0.00307	1	0.06431	-0.01428	0.69504	0.00310	1	1.45898	0.81042	0	
1262226	8513.00293	3305929623195	0.57947	0.63633	8512.73535	0.26758	11674	1	0.48285	0.59876	1	0.43491	0.59767	1	0.45888	0.59822	1	0.47964	0.54103	11.70417	1.06861	1	0.73997	0.55987	12.04720	1.06861	1	-0.00478	-0.01048	0.71676	0.00324	1	0.06431	-0.01428	0.69504	0.00314	1	1.45898	0.81042	0	
1262227	8513.00977	3305929689456	0.57725	0.63565	8512.73535	0.27441	11674	1	0.47543	0.66791	1	0.49695	0.54773	1	0.48619	0.60782	1	0.47948	0.54137	11.50138	1.08571	1	0.74018	0.55981	12.25023	1.08571	1	-0.00478	-0.01048	0.71676	0.00315	1	0.06431	-0.01428	0.69504	0.00305	1	1.45898	0.81042	0	
1262228	8513.01660	3305929756818	0.57512	0.63496	8512.73535	0.28125	11674	1	0.47426	0.66412	1	0.49697	0.54751	1	0.48562	0.60582	1	0.47908	0.54166	11.78173	1.09373	1	0.73853	0.55992	13.28415	1.08607	1	-0.00484	-0.00983	0.67209	0.00306	1	0.06008	-0.01337	0.65305	0.00304	1	1.45898	0.81042	0	
1262229	8513.02246	3305929823851	0.57131	0.63423	8512.73535	0.28711	11674	1	0.43432	0.66621	1	0.38052	0.53955	1	0.40742	0.60288	1	0.47849	0.54164	11.91179	1.07698	1	0.73831	0.55982	12.96532	1.06932	1	-0.00484	-0.00983	0.67209	0.00310	1	0.06008	-0.01337	0.65305	0.00300	1	1.45898	0.81042	0	
1262230	8513.02930	3305929890968	0.53289	0.63710	8512.73535	0.28711	11674	0	0.42030	0.66019	1	0.37475	0.57643	1	0.39753	0.61831	1	0.47862	0.54158	11.94334	1.06024	1	0.73820	0.55981	12.90730	1.05258	1	-0.00484	-0.00983	0.67209	0.00314	1	0.06008	-0.01337	0.65305	0.00298	1	1.45898	0.81042	0	
1262231	8513.03613	3305929954438	0.46627	0.63223	8512.73535	0.28711	11674	0	0.42360	0.66844	1	0.37568	0.58628	1	0.39964	0.62736	1	0.47833	0.54155	11.76064	1.04349	1	0.73856	0.56005	13.18369	1.03583	1	-0.00484	-0.00983	0.67209	0.00320	1	0.06067	-0.01355	0.65948	0.00303	1	1.45898	0.81042	0	
1262232	8513.04297	3305930021665	0.44121	0.62948	8512.73535	0.28711	11674	0	0.40419	0.67157	1	0.37803	0.57639	1	0.39111	0.62398	1	0.47835	0.54158	11.79866	1.03583	1	0.73826	0.56001	13.10326	1.03583	1	-0.00484	-0.00983	0.67209	0.00318	1	0.06067	-0.01355	0.65948	0.00291	1	1.45898	0.81042	0	
1262233	8513.04980	3305930089153	0.39710	0.62610	8512.73535	0.28711	11674	0	0.41632	0.67935	1	0.38479	0.57460	1	0.40055	0.62697	1	0.47850	0.54175	11.50521	1.03583	1	0.73842	0.55999	13.04830	1.03583	1	-0.00484	-0.00983	0.67209	0.00312	1	0.06067	-0.01355	0.65948	0.00294	1	1.45898	0.81042	0	
1262234	8513.05566	3305930155428	0.39883	0.62654	8512.73535	0.28711	11674	0	0.41632	0.67935	1	0.38479	0.57460	1	0.40055	0.62697	1	0.47864	0.54183	11.37225	1.03583	1	0.73842	0.55976	13.01031	1.03583	1	-0.00484	-0.00983	0.67209	0.00290	1	0.06067	-0.01355	0.65948	0.00309	1	1.45898	0.81042	0	
1262235	8513.06348	3305930225749	0.40168	0.62788	8512.73535	0.28711	11674	0	0.43260	0.68005	1	0.38215	0.58108	1	0.40738	0.63057	1	0.47834	0.54169	12.68985	1.03583	1	0.73840	0.55996	12.87756	1.03583	1	-0.00484	-0.00983	0.67209	0.00288	1	0.06067	-0.01355	0.65948	0.00320	1	1.45898	0.81042	0	
1262236	8513.06934	3305930292994	0.40524	0.63035	8513.04980	0.01953	11675	1	0.44470	0.67776	1	0.38715	0.59778	1	0.41593	0.63777	1	0.47858	0.54169	12.14799	1.03583	1	0.73845	0.56031	13.04032	1.03583	1	-0.00484	-0.00983	0.67209	0.00306	1	0.06067	-0.01355	0.65948	0.00303	1	1.45898	0.81042	0	
1262237	8513.07617	3305930358655	0.40738	0.63184	8513.04980	0.02637	11675	1	0.44470	0.67776	1	0.38715	0.59778	1	0.41593	0.63777	1	0.47864	0.54174	12.08522	1.03583	1	0.73837	0.56033	13.04003	1.03583	1	-0.00484	-0.00983	0.67209	0.00309	1	0.06067	-0.01355	0.65948	0.00304	1	1.45898	0.81042	0	
1262238	8513.08301	3305930426920	0.40742	0.62473	8513.04980	0.03320	11675	1	0.42754	0.58682	1	0.38778	0.59155	1	0.40766	0.58918	1	0.47826	0.54112	11.37002	1.03583	1	0.73835	0.56019	12.97455	1.03583	1	-0.00484	-0.00983	0.67209	0.00326	1	0.06067	-0.01355	0.65948	0.00322	1	1.45898	0.81042	0	
1262239	8513.08984	3305930494200	0.41098	0.62385	8513.04980	0.04004	11675	1	0.46118	0.63185	1	0.40352	0.60525	1	0.43235	0.61855	1	0.47871	0.54179	12.22013	1.03583	1	0.73866	0.56034	12.38757	1.03583	1	-0.00484	-0.00983	0.67209	0.00312	1	0.06067	-0.01355	0.65948	0.00324	1	1.45898	0.81042	0	
1262240	8513.09668	3305930560473	0.41366	0.62318	8513.04980	0.04688	11675	1	0.46118	0.63185	1	0.40352	0.60525	1	0.43235	0.61855	1	0.47816	0.54209	12.16952	1.03583	1	0.73829	0.56004	12.09999	1.03583	1	-0.00484	-0.00983	0.67209	0.00307	1	0.06067	-0.01355	0.65948	0.00334	1	1.45898	0.81042	0	
1262241	8513.10352	3305930627697	0.41601	0.62045	8513.04980	0.05371	11675	1	0.48834	0.66394	1	0.38139	0.53319	1	0.43486	0.59856	1	0.47878	0.54205	11.86858	1.03583	1	0.73833	0.56007	12.46585	1.03583	1	-0.00484	-0.00983	0.67209	0.00320	1	0.06067	-0.01355	0.65948	0.00327	1	1.45898	0.81042	0	
1262242	8513.11035	3305930695145	0.41615	0.61957	8513.04980	0.06055	11675	1	0.45699	0.65374	1	0.37771	0.56967	1	0.41735	0.61171	1	0.47836	0.54195	11.82138	1.03583	1	0.73827	0.56041	12.82816	1.03583	1	-0.00484	-0.00983	0.67209	0.00321	1	0.06067	-0.01355	0.65948	0.00325	1	1.45898	0.81042	0	
1262243	8513.11621	3305930760117	0.41618	0.61859	8513.04980	0.06641	11675	1	0.45545	0.64911	1	0.37758	0.56830	1	0.41652	0.60870	1	0.47834	0.54210	12.48549	1.04492	1	0.73828	0.56036	12.58892	1.03811	1	-0.00497	-0.01004	0.68311	0.00301	1	0.05964	-0.01333	0.64884	0.00324	1	1.45898	0.81042	0	
1262244	8513.12305	3305930828774	0.41656	0.61725	8513.04980	0.07324	11675	1	0.46115	0.65619	1	0.38034	0.54880	1	0.42075	0.60250	1	0.47846	0.54199	12.21191	1.04720	1	0.73823	0.56026	12.33931	1.04039	1	-0.00497	-0.01004	0.68311	0.00322	1	0.05964	-0.01333	0.64884	0.00319	1	1.45898	0.81042	0	
1262245	8513.12988	3305930895582	0.41572	0.61603	8513.04980	0.08008	11675	1	0.44497	0.65907	1	0.36621	0.54382	1	0.40559	0.60145	1	0.47820	0.54213	12.36091	1.04947	1	0.73807	0.56031	12.34549	1.04266	1	-0.00497	-0.01004	0.68311	0.00303	1	0.05964	-0.01333	0.64884	0.00329	1	1.45898	0.81042	0	
1262246	8513.13672	3305930962331	0.41494	0.61457	8513.04980	0.08691	11675	1	0.44457	0.65793	1	0.36514	0.53338	1	0.40485	0.59565	1	0.47819	0.54218	12.40436	1.05175	1	0.73828	0.56031	12.18815	1.05941	1	-0.00514	-0.01050	0.70711	0.00300	1	0.06304	-0.01412	0.68689	0.00319	1	1.45898	0.81042	0	
1262247	8513.14355	3305931029482	0.41495	0.61334	8513.04980	0.09375	11675	1	0.45778	0.66761	1	0.37242	0.52462	1	0.41510	0.59612	1	0.47849	0.54211	12.20780	1.05941	1	0.73824	0.56023	12.19832	1.07388	1	-0.00514	-0.01050	0.70711	0.00320	1	0.06304	-0.01412	0.68689	0.00322	1	1.45898	0.81042	0	
1262248	8513.15039	3305931096712	0.41540	0.61229	8513.04980	0.10059	11675	1	0.45722	0.65699	1	0.38710	0.53600	1	0.42216	0.59650	1	0.47845	0.54213	11.99377	1.07388	1	0.73836	0.56047	12.59618	1.08834	1	-0.00514	-0.01050	0.70711	0.00320	1	0.06304	-0.01412	0.68689	0.00318	1	1.45898	0.81042	0	
1262249	8513.15723	3305931163514	0.41577	0.61119	8513.04980	0.10742	11675	1	0.45634	0.65437	1	0.38687	0.53274	1	0.42161	0.59355	1	0.47790	0.54201	11.37578	1.07926	1	0.73805	0.56038	12.97959	1.09373	1	-0.00499	-0.01008	0.67897	0.00296	1	0.06304	-0.01412	0.68689	0.00311	1	1.45898	0.81042	0	
1262250	8513.16309	3305931230716	0.41409	0.61012	8513.04980	0.11328	11675	1	0.40398	0.62486	1	0.36711	0.55897	1	0.38555	0.59191	1	0.47767	0.54202	11.52300	1.08464	1	0.73785	0.56040	12.94738	1.08464	1	-0.00499	-0.01008	0.67897	0.00313	1	0.06304	-0.01412	0.68689	0.00312	1	1.45898	0.81042	0	
1262251	8513.16992	3305931297559	0.41349	0.61080	8513.04980	0.12012	11675	1	0.44224	0.66354	1	0.36306	0.58278	1	0.40265	0.62316	1	0.47773	0.54239	11.61384	1.07555	1	0.73770	0.56050	12.73456	1.07555	1	-0.00499	-0.01008	0.67897	0.00303	1	0.06304	-0.01412	0.68689	0.00309	1	1.45898	0.81042	0	
1262252	8513.17676	3305931364668	0.41301	0.61177	8513.04980	0.12695	11675	1	0.44384	0.66791	1	0.36415	0.59231	1	0.40399	0.63011	1	0.47800	0.54202	11.79859	1.06647	1	0.73780	0.56016	12.51865	1.05881	1	-0.00506	-0.01003	0.67520	0.00292	1	0.05994	-0.01348	0.65368	0.00334	1	1.45898	0.81042	0	
1262253	8513.18359	3305931431691	0.41300	0.61154	8513.04980	0.13379	11675	1	0.44198	0.65213	1	0.38349	0.56174	1	0.41273	0.60694	1	0.47776	0.54216	12.21785	1.05881	1	0.73757	0.56027	12.87521	1.05115	1	-0.00506	-0.01003	0.67520	0.00294	1	0.05994	-0.01348	0.65368	0.00327	1	1.45898	0.81042	0	
1262254	8513.19043	3305931498623	0.41414	0.61265	8513.04980	0.14062	11675	1	0.49366	0.66734	1	0.38275	0.60452	1	0.43820	0.63593	1	0.47805	0.54218	12.25464	1.05115	1	0.73754	0.56026	12.94886	1.04349	1	-0.00506	-0.01003	0.67520	0.00312	1	0.05994	-0.01348	0.65368	0.00325	1	1.45898	0.81042	0	
1262255	8513.19727	3305931565486	0.41518	0.61363	8513.04980	0.14746	11675	1	0.49346	0.66664	1	0.38268	0.60371	1	0.43807	0.63518	1	0.47742	0.54216	12.51804	1.05258	1	0.73733	0.55982	12.08737	1.04492	1	-0.00536	-0.01051	0.70747	0.00302	1	0.05994	-0.01345	0.65467	0.00339	1	1.45898	0.81042	0	
1262256	8513.20312	3305931629842	0.41539	0.61232	8513.04980	0.15332	11675	1	0.46810	0.65488	1	0.37238	0.50965	1	0.42024	0.58226	1	0.47775	0.54210	12.19101	1.05400	1	0.73735	0.56010	12.09614	1.05400	1	-0.00536	-0.01051	0.70747	0.00313	1	0.05994	-0.01345	0.65467	0.00329	1	1.45898	0.81042	0	
1262257	8513.20996	3305931698955	0.41530	0.61231	8513.04980	0.16016	11675	1	0.45677	0.67045	1	0.36947	0.55343	1	0.41312	0.61194	1	0.47769	0.54219	12.46415	1.06309	1	0.73730	0.56000	12.22936	1.06309	1	-0.00536	-0.01051	0.70747	0.00319	1	0.05994	-0.01345	0.65467	0.00318	1	1.45898	0.81042	0	
1262258	8513.21680	3305931763677	0.41525	0.61237	8513.04980	0.16699	11675	1	0.45809	0.67430	1	0.36949	0.55364	1	0.41379	0.61397	1	0.47735	0.54225	12.17699	1.05507	1	0.73707	0.56001	12.78885	1.06273	1	-0.00506	-0.00973	0.65529	0.00308	1	0.06157	-0.01383	0.67308	0.00326	1	1.45898	0.81042	0	
1262259	8513.22363	3305931833494	0.41530	0.61297	8513.04980	0.17383	11675	1	0.43448	0.67953	1	0.39870	0.57753	1	0.41659	0.62853	1	0.47705	0.54223	11.88519	1.04563	1	0.73704	0.55999	12.79333	1.05329	1	-0.00506	-0.00973	0.65529	0.00296	1	0.06157	-0.01383	0.67308	0.00329	1	1.45898	0.81042	0	
1262260	8513.23047	3305931899910	0.41494	0.61390	8513.04980	0.18066	11675	1	0.42770	0.70088	1	0.38321	0.57730	1	0.40546	0.63909	1	0.47700	0.54224	11.73298	1.03619	1	0.73688	0.56021	13.19474	1.04385	1	-0.00506	-0.00973	0.65529	0.00297	1	0.06157	-0.01383	0.67308	0.00321	1	1.45898	0.81042	0	
1262261	8513.23633	3305931963188	0.41462	0.61480	8513.04980	0.18652	11675	1	0.42798	0.70154	1	0.38328	0.57815	1	0.40563	0.63984	1	0.47693	0.54234	11.44616	1.03476	1	0.73688	0.56042	12.99017	1.04242	1	-0.00537	-0.01028	0.68881	0.00301	1	0.06157	-0.01383	0.67308	0.00310	1	1.45898	0.81042	0	
1262262	8513.24316	3305932031603	0.41505	0.61384	8513.04980	0.19336	11675	1	0.46177	0.67468	1	0.39293	0.49731	1	0.42735	0.58599	1	0.47681	0.54220	11.65225	1.05044	1	0.73699	0.56004	12.53135	1.05044	1	-0.00537	-0.01028	0.68881	0.00300	1	0.06157	-0.01383	0.67308	0.00312	1	1.45898	0.81042	0	
1262263	8513.25098	3305932100430	0.41545	0.61325	8513.04980	0.20117	11675	1	0.47973	0.66092	1	0.37509	0.53037	1	0.42741	0.59565	1	0.47715	0.54234	11.95631	1.05845	1	0.73673	0.56035	12.73783	1.05845	1	-0.00537	-0.01028	0.68881	0.00305	1	0.06157	-0.01383	0.67308	0.00320	1	1.45898	0.81042	0	
1262264	8513.25684	3305932165610	0.41577	0.61248	8513.04980	0.20703	11675	1	0.47723	0.65253	1	0.37457	0.52444	1	0.42590	0.58848	1	0.47697	0.54220	12.68359	1.07555	1	0.73700	0.56021	12.55896	1.06790	1	-0.00549	-0.01040	0.69683	0.00305	1	0.06017	-0.01353	0.65831	0.00332	1	1.45898	0.81042	0	
1262265	8513.26367	3305932232444	0.41577	0.61224	8513.04980	0.21387	11675	1	0.44607	0.65830	1	0.38497	0.55088	1	0.41552	0.60459	1	0.47676	0.54216	12.37050	1.07698	1	0.73685	0.56005	12.66443	1.06932	1	-0.00549	-0.01040	0.69683	0.00300	1	0.06017	-0.01353	0.65831	0.00324	1	1.45898	0.81042	0	
1262266	8513.27051	3305932299269	0.41599	0.61224	8513.04980	0.22070	11675	1	0.46974	0.66353	1	0.37698	0.56129	1	0.42336	0.61241	1	0.47706	0.54213	12.10054	1.07841	1	0.73679	0.55998	12.79774	1.07075	1	-0.00549	-0.01040	0.69683	0.00313	1	0.06017	-0.01353	0.65831	0.00318	1	1.45898	0.81042	0	
1262267	8513.27734	3305932366175	0.41619	0.61216	8513.04980	0.22754	11675	1	0.46952	0.66285	1	0.37650	0.55591	1	0.42301	0.60938	1	0.47672	0.54232	12.51973	1.07983	1	0.73634	0.56028	12.84462	1.07983	1	-0.00549	-0.01040	0.69683	0.00294	1	0.06204	-0.01398	0.68042	0.00311	1	1.45898	0.81042	0	
1262268	8513.28418	3305932436127	0.41584	0.61281	8513.04980	0.23438	11675	1	0.45043	0.66508	1	0.35691	0.60613	1	0.40367	0.63561	1	0.47674	0.54221	12.03683	1.07983	1	0.73652	0.56025	12.57536	1.08749	1	-0.00549	-0.01040	0.69683	0.00305	1	0.06204	-0.01398	0.68042	0.00314	1	1.45898	0.81042	0	
1262269	8513.29102	3305932503245	0.41536	0.61288	8513.04980	0.24121	11675	1	0.44144	0.65263	1	0.35476	0.57835	1	0.39810	0.61549	1	0.47666	0.54227	12.33284	1.08749	1	0.73652	0.56040	12.31931	1.09515	1	-0.00549	-0.01040	0.69683	0.00302	1	0.06204	-0.01398	0.68042	0.00309	1	1.45898	0.81042	0	
1262270	8513.29688	3305932567896	0.41491	0.61297	8513.04980	0.24707	11675	1	0.44169	0.65332	1	0.35486	0.57915	1	0.39828	0.61623	1	0.47632	0.54215	11.64134	1.08607	1	0.73610	0.56038	13.36837	1.09373	1	-0.00550	-0.01008	0.67902	0.00297	1	0.06204	-0.01398	0.68042	0.00309	1	1.45898	0.81042	0	
1262271	8513.30371	3305932637014	0.41524	0.61247	8513.04980	0.25391	11675	1	0.46489	0.60315	1	0.39032	0.58371	1	0.42761	0.59343	1	0.47621	0.54178	11.82927	1.08464	1	0.73614	0.56007	13.06489	1.08464	1	-0.00550	-0.01008	0.67902	0.00297	1	0.06204	-0.01398	0.68042	0.00315	1	1.45898	0.81042	0	
1262272	8513.31055	3305932703864	0.41516	0.61217	8513.04980	0.26074	11675	1	0.43861	0.65081	1	0.38572	0.54978	1	0.41216	0.60029	1	0.47578	0.54227	12.36137	1.07555	1	0.73601	0.55988	12.69601	1.07555	1	-0.00550	-0.01008	0.67902	0.00288	1	0.06204	-0.01398	0.68042	0.00318	1	1.45898	0.81042	0	
1262273	8513.31738	3305932771165	0.41512	0.61205	8513.04980	0.26758	11675	1	0.44023	0.65529	1	0.38646	0.55984	1	0.41335	0.60756	1	0.47605	0.54221	12.61330	1.06647	1	0.73621	0.56001	12.76808	1.05881	1	-0.00550	-0.01008	0.67902	0.00302	1	0.05973	-0.01347	0.65567	0.00310	1	1.45898	0.81042	0	
1262274	8513.32422	3305932838413	0.41577	0.61301	8513.04980	0.27441	11675	1	0.49487	0.69130	1	0.39024	0.61323	1	0.44256	0.65227	1	0.47662	0.54251	12.98722	1.05881	1	0.73614	0.55993	13.03866	1.05115	1	-0.00550	-0.01008	0.67902	0.00320	1	0.05973	-0.01347	0.65567	0.00307	1	1.45898	0.81042	0	
1262275	8513.33105	3305932904156	0.41600	0.61335	8513.04980	0.28125	11675	1	0.47039	0.66381	1	0.38080	0.59175	1	0.42559	0.62778	1	0.47632	0.54224	12.64113	1.05115	1	0.73609	0.55973	12.76780	1.04349	1	-0.00550	-0.01008	0.67902	0.00310	1	0.05973	-0.01347	0.65567	0.00294	1	1.45898	0.81042	0	
1262276	8513.33789	3305932969364	0.41621	0.61361	8513.04980	0.28809	11675	1	0.47017	0.66311	1	0.38034	0.58649	1	0.42525	0.62480	1	0.47595	0.54231	12.14209	1.05258	1	0.73585	0.55983	12.51138	1.05258	1	-0.00584	-0.01047	0.70123	0.00324	1	0.06210	-0.01404	0.68331	0.00297	1	1.45898	0.81042	0	
1262277	8513.34473	3305933038740	0.41586	0.61425	8513.04980	0.29492	11675	1	0.44629	0.64995	1	0.35462	0.63479	1	0.40046	0.64237	1	0.47585	0.54257	12.79800	1.06166	1	0.73564	0.56028	13.34014	1.06932	1	-0.00584	-0.01047	0.70123	0.00313	1	0.06210	-0.01404	0.68331	0.00306	1	1.45898	0.81042	0	
1262278	8513.35156	3305933106069	0.41566	0.61453	8513.04980	0.30176	11675	1	0.44328	0.65654	1	0.37008	0.59697	1	0.40668	0.62676	1	0.47586	0.54264	12.80228	1.07841	1	0.73575	0.56002	12.94318	1.08607	1	-0.00584	-0.01047	0.70123	0.00307	1	0.06210	-0.01404	0.68331	0.00297	1	1.45898	0.81042	0	
1262279	8513.35742	3305933172570	0.41545	0.61470	8513.04980	0.30762	11675	1	0.44195	0.65281	1	0.36964	0.59275	1	0.40579	0.62278	1	0.47496	0.54278	12.44143	1.08607	1	0.73526	0.56007	13.52171	1.09373	1	-0.00566	-0.01007	0.67443	0.00309	1	0.06210	-0.01399	0.68331	0.00295	1	1.45898	0.81042	0	
1262280	8513.36426	3305933240313	0.41527	0.61442	8513.04980	0.31445	11675	1	0.42267	0.65931	1	0.39131	0.54341	1	0.40699	0.60136	1	0.47521	0.54272	12.33946	1.08464	1	0.73531	0.55992	13.55031	1.08464	1	-0.00566	-0.01007	0.67443	0.00299	1	0.06210	-0.01399	0.68331	0.00306	1	1.45898	0.81042	0	
1262281	8513.37109	3305933305902	0.41545	0.61358	8513.04980	0.32129	11675	1	0.44620	0.64000	1	0.36545	0.53106	1	0.40582	0.58553	1	0.47520	0.54259	12.25009	1.07555	1	0.73519	0.55980	12.84919	1.07555	1	-0.00566	-0.01007	0.67443	0.00313	1	0.06210	-0.01399	0.68331	0.00291	1	1.45898	0.81042	0	
1262282	8513.37793	3305933374734	0.41559	0.61287	8513.04980	0.32812	11675	1	0.44776	0.64458	1	0.36650	0.54138	1	0.40713	0.59298	1	0.47512	0.54266	12.46074	1.06647	1	0.73526	0.55984	13.28752	1.05881	1	-0.00566	-0.01007	0.67443	0.00307	1	0.05938	-0.01344	0.65398	0.00297	1	1.45898	0.81042	0	
1262283	8513.38477	3305933441048	0.41592	0.61164	8513.04980	0.33496	11675	1	0.44941	0.59948	1	0.39650	0.54393	1	0.42295	0.57170	1	0.47524	0.54240	12.09160	1.05881	1	0.73536	0.55973	13.07679	1.05115	1	-0.00566	-0.01007	0.67443	0.00320	1	0.05938	-0.01344	0.65398	0.00296	1	1.45898	0.81042	0	
1262284	8513.39062	3305933505708	0.41589	0.61080	8513.04980	0.34082	11675	1	0.44568	0.62371	1	0.38406	0.57108	1	0.41487	0.59740	1	0.47505	0.54268	12.55694	1.05115	1	0.73536	0.55973	13.07679	1.04349	1	-0.00566	-0.01007	0.67443	0.00306	1	0.05938	-0.01344	0.65398	0.00296	1	1.45898	0.81042	0	
1262285	8513.39844	3305933574779	0.41587	0.60994	8513.04980	0.34863	11675	1	0.44543	0.62295	1	0.38400	0.57023	1	0.41471	0.59659	1	0.47554	0.54289	13.32272	1.05258	1	0.73531	0.55964	12.73735	1.04492	1	-0.00606	-0.01068	0.71539	0.00317	1	0.05844	-0.01325	0.64470	0.00299	1	1.45898	0.81042	0	
1262286	8513.40430	3305933641922	0.41657	0.61091	8513.04980	0.35449	11675	1	0.49963	0.65497	1	0.38323	0.61608	1	0.44143	0.63552	1	0.47588	0.54304	13.28554	1.05400	1	0.73531	0.55985	12.81585	1.05400	1	-0.00606	-0.01068	0.71539	0.00339	1	0.05844	-0.01325	0.64470	0.00298	1	1.45898	0.81042	0	
1262287	8513.41113	3305933708990	0.41639	0.61098	8513.04980	0.36133	11675	1	0.46069	0.65241	1	0.38648	0.59132	1	0.42359	0.62187	1	0.47537	0.54294	13.42767	1.06309	1	0.73535	0.55976	12.81001	1.06309	1	-0.00606	-0.01068	0.71539	0.00310	1	0.05844	-0.01325	0.64470	0.00299	1	1.45898	0.81042	0	
1262288	8513.41797	3305933776028	0.41622	0.61109	8513.04980	0.36816	11675	1	0.46199	0.65640	1	0.38650	0.59153	1	0.42424	0.62396	1	0.47490	0.54280	13.03712	1.05507	1	0.73525	0.55974	12.94729	1.06273	1	-0.00571	-0.00988	0.66196	0.00315	1	0.06122	-0.01389	0.67591	0.00301	1	1.45898	0.81042	0	
1262289	8513.42480	3305933839962	0.41569	0.61171	8513.04980	0.37500	11675	1	0.45641	0.66027	1	0.36219	0.59628	1	0.40930	0.62828	1	0.47525	0.54295	13.16927	1.04563	1	0.73493	0.55996	13.54884	1.05329	1	-0.00571	-0.00988	0.66196	0.00324	1	0.06122	-0.01389	0.67591	0.00298	1	1.45898	0.81042	0	
1262290	8513.43164	3305933910875	0.41539	0.61191	8513.04980	0.38184	11675	1	0.44988	0.62449	1	0.35613	0.61843	1	0.40300	0.62146	1	0.47499	0.54279	13.05157	1.03619	1	0.73487	0.55998	13.72166	1.04385	1	-0.00571	-0.00988	0.66196	0.00323	1	0.06122	-0.01389	0.67591	0.00298	1	1.45898	0.81042	0	
1262291	8513.43750	3305933974874	0.41511	0.61220	8513.04980	0.38770	11675	1	0.45013	0.62525	1	0.35624	0.61922	1	0.40318	0.62224	1	0.47469	0.54298	13.36300	1.03476	1	0.73461	0.56001	13.37379	1.04242	1	-0.00595	-0.01026	0.68393	0.00309	1	0.06122	-0.01389	0.67591	0.00297	1	1.45898	0.81042	0	
1262292	8513.44531	3305934043971	0.41434	0.61298	8513.04980	0.39551	11675	1	0.42464	0.65890	1	0.34244	0.62154	1	0.38354	0.64022	1	0.47466	0.54285	12.79156	1.05044	1	0.73457	0.56006	13.36924	1.05044	1	-0.00595	-0.01026	0.68393	0.00317	1	0.06122	-0.01389	0.67591	0.00293	1	1.45898	0.81042	0	
1262293	8513.45117	3305934110952	0.41388	0.61308	8513.04980	0.40137	11675	1	0.43152	0.63981	1	0.33616	0.57233	1	0.38384	0.60607	1	0.47482	0.54279	12.89579	1.05845	1	0.73453	0.56013	13.39431	1.05845	1	-0.00595	-0.01026	0.68393	0.00319	1	0.06122	-0.01389	0.67591	0.00297	1	1.45898	0.81042	0	
1262294	8513.45801	3305934177924	0.41342	0.61320	8513.04980	0.40820	11675	1	0.43002	0.63570	1	0.33543	0.56763	1	0.38272	0.60167	1	0.47445	0.54259	12.39417	1.06647	1	0.73452	0.56032	13.41654	1.06647	1	-0.00587	-0.01008	0.67538	0.00307	1	0.06098	-0.01378	0.67318	0.00307	1	1.45898	0.81042	0	
1262295	8513.46484	3305934244639	0.41233	0.61335	8513.04980	0.41504	11675	1	0.40110	0.62541	1	0.32416	0.58139	1	0.36263	0.60340	1	0.47434	0.54271	12.70411	1.06647	1	0.73461	0.55996	13.14474	1.06647	1	-0.00587	-0.01008	0.67538	0.00302	1	0.06098	-0.01378	0.67318	0.00297	1	1.45898	0.81042	0	
1262296	8513.47168	3305934311760	0.41167	0.61371	8513.04980	0.42188	11675	1	0.44440	0.61474	1	0.33674	0.61235	1	0.39057	0.61354	1	0.47422	0.54267	12.69650	1.06647	1	0.73462	0.56014	13.00066	1.06647	1	-0.00587	-0.01008	0.67538	0.00311	1	0.06098	-0.01378	0.67318	0.00308	1	1.45898	0.81042	0	
1262297	8513.47852	3305934378881	0.41102	0.61413	8513.04980	0.42871	11675	1	0.44440	0.61474	1	0.33674	0.61235	1	0.39057	0.61354	1	0.47428	0.54260	12.44858	1.06647	1	0.73447	0.56022	13.43442	1.06647	1	-0.00595	-0.01026	0.68393	0.00314	1	0.06122	-0.01389	0.67591	0.00307	1	1.45898	0.81042	0	
1262298	8513.48535	3305934446228	0.41128	0.61441	8513.04980	0.43555	11675	1	0.44262	0.59470	1	0.35295	0.61662	1	0.39779	0.60566	1	0.47424	0.54260	12.57601	1.06647	1	0.73439	0.56015	13.46084	1.06647	1	-0.00595	-0.01026	0.68393	0.00311	1	0.06122	-0.01389	0.67591	0.00305	1	1.45898	0.81042	0	
1262299	8513.49219	3305934512658	0.41074	0.61408	8513.04980	0.44238	11675	1	0.43674	0.64014	1	0.31673	0.57391	1	0.37673	0.60702	1	0.47420	0.54271	12.54226	1.06647	1	0.73447	0.56027	13.38572	1.06647	1	-0.00595	-0.01026	0.68393	0.00315	1	0.06122	-0.01389	0.67591	0.00304	1	1.45898	0.81042	0	
1262300	8513.49805	3305934576457	0.41017	0.61360	8513.04980	0.44824	11675	1	0.43674	0.64014	1	0.31673	0.57391	1	0.37673	0.60702	1	0.47420	0.54283	12.83513	1.06647	1	0.73456	0.56013	13.09920	1.06647	1	-0.00595	-0.01026	0.68393	0.00311	1	0.06122	-0.01389	0.67591	0.00305	1	1.45898	0.81042	0	
1262301	8513.50488	3305934642651	0.41019	0.61340	8513.04980	0.45508	11675	1	0.44358	0.60640	1	0.38326	0.58852	1	0.41342	0.59746	1	0.47439	0.54254	12.17403	1.06647	1	0.73446	0.56030	13.49806	1.06647	1	-0.00595	-0.01026	0.68393	0.00314	1	0.06122	-0.01389	0.67591	0.00306	1	1.45898	0.81042	0	
1262302	8513.51172	3305934710360	0.40923	0.61303	8513.04980	0.46191	11675	1	0.42473	0.64111	1	0.36017	0.59506	1	0.39245	0.61809	1	0.47419	0.54271	12.82263	1.06647	1	0.73440	0.56033	13.71385	1.06647	1	-0.00595	-0.01026	0.68393	0.00313	1	0.06122	-0.01389	0.67591	0.00305	1	1.45898	0.81042	0	
1262303	8513.51855	3305934777357	0.40828	0.61267	8513.04980	0.46875	11675	1	0.42473	0.64111	1	0.36017	0.59506	1	0.39245	0.61809	1	0.47421	0.54258	12.70103	1.06647	1	0.73442	0.56040	13.53854	1.06647	1	-0.00587	-0.01008	0.67538	0.00314	1	0.06122	-0.01389	0.67591	0.00306	1	1.45898	0.81042	0	
1262304	8513.52539	3305934845119	0.40792	0.61361	8513.04980	0.47559	11675	1	0.44859	0.69447	1	0.35740	0.56066	1	0.40299	0.62756	1	0.47426	0.54293	12.84743	1.06647	1	0.73436	0.55989	13.06772	1.06647	1	-0.00587	-0.01008	0.67538	0.00311	1	0.06122	-0.01389	0.67591	0.00336	1	1.45898	0.81042	0	
1262305	8513.53125	3305934910734	0.40785	0.61350	8513.04980	0.48145	11675	1	0.44363	0.63050	1	0.37570	0.58228	1	0.40967	0.60639	1	0.47425	0.54279	12.70572	1.06647	1	0.73445	0.56030	13.57363	1.06647	1	-0.00587	-0.01008	0.67538	0.00311	1	0.06122	-0.01389	0.67591	0.00307	1	1.45898	0.81042	0	
1262306	8513.53809	3305934977292	0.40777	0.61334	8513.04980	0.48828	11675	1	0.44363	0.63050	1	0.37570	0.58228	1	0.40967	0.60639	1	0.47431	0.54284	12.63939	1.06647	1	0.73452	0.56030	13.27445	1.06647	1	-0.00587	-0.01008	0.67538	0.00315	1	0.06122	-0.01389	0.67591	0.00305	1	1.45898	0.81042	0	
1262307	8513.54492	3305935044377	0.40749	0.61329	8513.04980	0.49512	11675	1	0.43141	0.66249	1	0.37579	0.58964	1	0.40360	0.62607	1	0.47418	0.54264	12.42487	1.06647	1	0.73436	0.56030	13.43027	1.06647	1	-0.00587	-0.01008	0.67538	0.00319	1	0.06122	-0.01389	0.67591	0.00309	1	1.45898	0.81042	0	
1262308	8513.55176	3305935112642	0.40789	0.61258	8513.04980	0.50195	11675	1	0.45793	0.64487	1	0.39055	0.56529	1	0.42424	0.60508	1	0.47443	0.54283	12.56496	1.06647	1	0.73454	0.56008	13.06529	1.06647	1	-0.00587	-0.01008	0.67538	0.00316	1	0.06122	-0.01389	0.67591	0.00328	1	1.45898	0.81042	0	AUDIO_FILE_OFFSET
1262309	8513.55859	3305935177674	0.40827	0.61186	8513.04980	0.50879	11675	1	0.45793	0.64487	1	0.39055	0.56529	1	0.42424	0.60508	1	0.47427	0.54313	12.83343	1.06647	1	0.73461	0.55995	12.72242	1.06647	1	-0.00595	-0.01026	0.68393	0.00318	1	0.06122	-0.01389	0.67591	0.00330	1	1.45898	0.81042	0	
1262310	8513.56543	3305935249438	0.40818	0.61226	8513.04980	0.51562	11675	1	0.44355	0.62934	1	0.40228	0.58117	1	0.42291	0.60525	1	0.47423	0.54267	12.55208	1.06647	1	0.73468	0.56034	13.08606	1.06647	1	-0.00595	-0.01026	0.68393	0.00316	1	0.06122	-0.01389	0.67591	0.00308	1	1.45898	0.81042	0	
1262311	8513.57227	3305935316560	0.40775	0.61266	8513.04980	0.52246	11675	1	0.45195	0.65592	1	0.36105	0.57357	1	0.40650	0.61474	1	0.47427	0.54307	12.89023	1.06647	1	0.73445	0.56009	12.82684	1.06647	1	-0.00595	-0.01026	0.68393	0.00317	1	0.06122	-0.01389	0.67591	0.00311	1	1.45898	0.81042	0	
1262464	8514.59668	3305945562093	0.46160	0.47374	8514.17480	0.42188	11677	1	0.49600	0.44206	1	0.44458	0.47108	1	0.47029	0.45657	1	0.47689	0.53913	11.56454	1.10281	1	0.73778	0.55739	12.39723	1.10281	1	-0.00580	-0.01010	0.70909	0.00348	1	0.06221	-0.01369	0.68121	0.00346	1	1.45898	0.81042	0	START_TRIAL
1262465	8514.60352	3305945629693	0.46181	0.47278	8514.17480	0.42871	11677	1	0.49713	0.44815	1	0.44450	0.47708	1	0.47081	0.46261	1	0.47678	0.53884	11.38129	1.09373	1	0.73735	0.55763	12.91763	1.09373	1	-0.00556	-0.00966	0.67423	0.00333	1	0.06221	-0.01369	0.68121	0.00360	1	1.45898	0.81042	0	
1262466	8514.61035	3305945695952	0.46226	0.47293	8514.17480	0.43555	11677	1	0.50506	0.45650	1	0.44830	0.48513	1	0.47668	0.47081	1	0.47693	0.53882	11.26308	1.08464	1	0.73780	0.55725	11.97738	1.08464	1	-0.00556	-0.00966	0.67423	0.00328	1	0.06221	-0.01369	0.68121	0.00346	1	1.45898	0.81042	0	
1262467	8514.61621	3305945761244	0.46278	0.47332	8514.17480	0.44141	11677	1	0.50080	0.45041	1	0.47581	0.48074	1	0.48831	0.46558	1	0.47685	0.53892	11.32116	1.07555	1	0.73776	0.55721	12.38159	1.07555	1	-0.00556	-0.00966	0.67423	0.00328	1	0.06221	-0.01369	0.68121	0.00356	1	1.45898	0.81042	0	
1262468	8514.62305	3305945829856	0.46331	0.47382	8514.17480	0.44824	11677	1	0.50080	0.45041	1	0.47581	0.48074	1	0.48831	0.46558	1	0.47670	0.53929	11.70893	1.07555	1	0.73780	0.55710	12.13669	1.07555	1	-0.00580	-0.01021	0.70909	0.00322	1	0.06221	-0.01369	0.68121	0.00359	1	1.45898	0.81042	0	
1262469	8514.62988	3305945897082	0.46324	0.47346	8514.17480	0.45508	11677	1	0.48613	0.44011	1	0.44352	0.49598	1	0.46482	0.46804	1	0.47664	0.53891	11.39583	1.08464	1	0.73734	0.55732	11.51075	1.08464	1	-0.00580	-0.01021	0.70909	0.00363	1	0.06221	-0.01369	0.68121	0.00348	1	1.45898	0.81042	0	
1262470	8514.63672	3305945964879	0.46334	0.47228	8514.17480	0.46191	11677	1	0.50249	0.42028	1	0.50530	0.46602	1	0.50389	0.44315	1	0.47620	0.53878	11.27377	1.09373	1	0.73750	0.55763	11.70998	1.09373	1	-0.00580	-0.01021	0.70909	0.00369	1	0.06221	-0.01369	0.68121	0.00350	1	1.45898	0.81042	0	
1262471	8514.64355	3305946030932	0.46343	0.47115	8514.17480	0.46875	11677	1	0.50249	0.42028	1	0.50482	0.47118	1	0.50365	0.44573	1	0.47389	0.54041	12.14753	1.09373	1	0.73473	0.55761	12.92787	1.08607	1	-0.00602	-0.00990	0.68070	0.00342	1	0.05844	-0.01296	0.64470	0.00346	1	1.45898	0.81042	0	
1262472	8514.65039	3305946095898	0.46216	0.46980	8514.17480	0.47559	11677	1	0.42672	0.51178	1	0.38633	0.35480	1	0.40652	0.43329	1	0.47327	0.53945	11.62225	1.07698	1	0.73426	0.55688	11.98811	1.06932	1	-0.00602	-0.00990	0.68070	0.00326	1	0.05844	-0.01296	0.64470	0.00324	1	1.45898	0.81042	0	
1262473	8514.65723	3305946162762	0.46171	0.47028	8514.17480	0.48242	11677	1	0.46831	0.52638	1	0.43219	0.43156	1	0.45025	0.47897	1	0.47318	0.53966	11.22947	1.06024	1	0.73427	0.55699	12.17082	1.05258	1	-0.00602	-0.00990	0.68070	0.00335	1	0.05844	-0.01296	0.64470	0.00319	1	1.45898	0.81042	0	
1262474	8514.66406	3305946233656	0.46128	0.47107	8514.17480	0.48926	11677	1	0.47089	0.53673	1	0.43221	0.43818	1	0.45155	0.48746	1	0.46963	0.53767	10.28364	1.04349	1	0.73084	0.55789	12.12549	1.04349	1	-0.00652	-0.00999	0.68998	0.00232	1	0.05910	-0.01308	0.65795	0.00366	1	1.45898	0.81042	0	
1262475	8514.67090	3305946300577	0.45768	0.47004	8514.17480	0.49609	11677	1	0.27457	0.38979	1	0.27619	0.39682	1	0.27538	0.39331	1	0.46962	0.53767	10.29066	1.04349	1	0.73092	0.55698	11.84345	1.05115	1	-0.00652	-0.00999	0.68998	0.00229	1	0.05910	-0.01308	0.65795	0.00364	1	1.45898	0.81042	0	
1262476	8514.67773	3305946369751	0.45320	0.46945	8514.17480	0.50293	11677	1	0.24900	0.38586	1	0.26681	0.43897	1	0.25790	0.41242	1	0.46968	0.53771	10.52412	1.05115	1	0.73082	0.55722	11.85738	1.05881	1	-0.00652	-0.00999	0.68998	0.00228	1	0.05910	-0.01308	0.65795	0.00381	1	1.45898	0.81042	0	
1262477	8514.68457	3305946436093	0.41861	0.44759	8514.17480	0.50293	11677	0	0.24645	0.37995	1	0.26563	0.43357	1	0.25604	0.40676	1	0.46968	0.53775	11.00206	1.05881	1	0.73055	0.55685	12.38649	1.06647	1	-0.00637	-0.00982	0.67462	0.00224	1	0.05910	-0.01308	0.65795	0.00378	1	1.45898	0.81042	0	
1262478	8514.69043	3305946503246	0.32784	0.43189	8514.17480	0.50293	11677	0	0.22956	0.37580	1	0.24460	0.45660	1	0.23708	0.41620	1	0.46947	0.53773	10.66041	1.06647	1	0.73054	0.55751	12.53725	1.06647	1	-0.00637	-0.00982	0.67462	0.00228	1	0.05910	-0.01308	0.65795	0.00392	1	1.45898	0.81042	0	
1262479	8514.69727	3305946569381	0.30260	0.43592	8514.17480	0.50293	11677	0	0.24763	0.39357	1	0.25660	0.49435	1	0.25212	0.44396	1	0.46966	0.53772	10.27548	1.06647	1	0.73068	0.55802	12.69360	1.06647	1	-0.00637	-0.00982	0.67462	0.00233	1	0.05910	-0.01308	0.65795	0.00371	1	1.45898	0.81042	0	
1262480	8514.70410	3305946636762	0.24710	0.43471	8514.17480	0.50293	11677	0	0.24763	0.39357	1	0.25660	0.49435	1	0.25212	0.44396	1	0.46966	0.53768	10.02767	1.06647	1	0.73086	0.55786	12.08116	1.06647	1	-0.00637	-0.00982	0.67462	0.00242	1	0.05910	-0.01308	0.65795	0.00374	1	1.45898	0.81042	0	
1262481	8514.71094	3305946703038	0.25163	0.42810	8514.17480	0.50293	11677	0	0.24354	0.37504	1	0.26877	0.46796	1	0.25616	0.42150	1	0.46963	0.53767	10.28364	1.06647	1	0.73097	0.55765	12.01109	1.06647	1	-0.00637	-0.00982	0.67462	0.00232	1	0.05910	-0.01308	0.65795	0.00358	1	1.45898	0.81042	0	
1262482	8514.71777	3305946770821	0.25559	0.42561	8514.17480	0.50293	11677	0	0.25359	0.36496	1	0.27343	0.47626	1	0.26351	0.42061	1	0.46976	0.53758	10.41393	1.06647	1	0.73100	0.55779	12.22231	1.06647	1	-0.00637	-0.00982	0.67462	0.00240	1	0.05910	-0.01308	0.65795	0.00353	1	1.45898	0.81042	0	
1262483	8514.72363	3305946836151	0.25757	0.42436	8514.70410	0.01953	11678	1	0.25359	0.36496	1	0.27343	0.47626	1	0.26351	0.42061	1	0.46972	0.53758	10.44760	1.06647	1	0.73087	0.55781	12.04244	1.06647	1	-0.00652	-0.00999	0.68998	0.00243	1	0.05910	-0.01308	0.65795	0.00363	1	1.45898	0.81042	0	
1262484	8514.73047	3305946904396	0.25728	0.42508	8514.70410	0.02637	11678	1	0.24980	0.37315	1	0.26239	0.48279	1	0.25610	0.42797	1	0.46971	0.53773	10.20251	1.06647	1	0.73082	0.55782	11.99214	1.06647	1	-0.00652	-0.00999	0.68998	0.00233	1	0.05910	-0.01308	0.65795	0.00365	1	1.45898	0.81042	0	
1262485	8514.73730	3305946969914	0.25689	0.42529	8514.70410	0.03320	11678	1	0.24964	0.36904	1	0.26027	0.48369	1	0.25495	0.42636	1	0.46973	0.53779	10.51154	1.06647	1	0.73082	0.55778	11.93186	1.06647	1	-0.00652	-0.00999	0.68998	0.00232	1	0.05910	-0.01308	0.65795	0.00369	1	1.45898	0.81042	0	
1262486	8514.74414	3305947036493	0.25689	0.42627	8514.70410	0.04004	11678	1	0.25226	0.37525	1	0.26154	0.48898	1	0.25690	0.43211	1	0.46992	0.53750	10.02968	1.05845	1	0.73115	0.55744	12.18503	1.05845	1	-0.00606	-0.00936	0.64643	0.00240	1	0.05910	-0.01308	0.65795	0.00339	1	1.45898	0.81042	0	
1262487	8514.75098	3305947105444	0.25721	0.42521	8514.70410	0.04688	11678	1	0.26431	0.37640	1	0.25457	0.45918	1	0.25944	0.41779	1	0.46986	0.53759	10.32143	1.05044	1	0.73103	0.55733	12.17583	1.05044	1	-0.00606	-0.00936	0.64643	0.00233	1	0.05910	-0.01308	0.65795	0.00352	1	1.45898	0.81042	0	
1262488	8514.75781	3305947172326	0.25692	0.42550	8514.70410	0.05371	11678	1	0.26633	0.38952	1	0.24283	0.46608	1	0.25458	0.42780	1	0.46985	0.53763	10.09326	1.04242	1	0.73118	0.55744	12.14667	1.04242	1	-0.00606	-0.00936	0.64643	0.00242	1	0.05910	-0.01308	0.65795	0.00340	1	1.45898	0.81042	0	
1262489	8514.76465	3305947239646	0.25661	0.42543	8514.70410	0.06055	11678	1	0.26633	0.38952	1	0.24128	0.46009	1	0.25381	0.42481	1	0.46984	0.53773	10.29010	1.04242	1	0.73113	0.55757	12.07919	1.05110	1	-0.00637	-0.00982	0.67462	0.00242	1	0.06330	-0.01399	0.70411	0.00350	1	1.45898	0.81042	0	
1262490	8514.77148	3305947306602	0.25579	0.42459	8514.70410	0.06738	11678	1	0.25888	0.37662	1	0.23638	0.45588	1	0.24763	0.41625	1	0.46991	0.53769	10.37073	1.05912	1	0.73120	0.55758	12.16104	1.06780	1	-0.00637	-0.00982	0.67462	0.00234	1	0.06330	-0.01399	0.70411	0.00356	1	1.45898	0.81042	0	
1262491	8514.77734	3305947373423	0.25517	0.42340	8514.70410	0.07324	11678	1	0.25381	0.36619	1	0.24284	0.45435	1	0.24832	0.41027	1	0.46978	0.53766	10.15433	1.07581	1	0.73134	0.55771	12.27275	1.08449	1	-0.00637	-0.00982	0.67462	0.00245	1	0.06330	-0.01399	0.70411	0.00354	1	1.45898	0.81042	0	
1262492	8514.78418	3305947440281	0.25448	0.42191	8514.70410	0.08008	11678	1	0.25103	0.35949	1	0.24135	0.44850	1	0.24619	0.40400	1	0.46996	0.53768	10.03142	1.08449	1	0.73129	0.55772	12.19650	1.09317	1	-0.00595	-0.00939	0.64537	0.00238	1	0.06330	-0.01399	0.70411	0.00358	1	1.45898	0.81042	0	
1262493	8514.79102	3305947503019	0.25312	0.42210	8514.70410	0.08691	11678	1	0.24088	0.36415	1	0.23016	0.48510	1	0.23552	0.42463	1	0.46998	0.53766	10.03752	1.08516	1	0.73123	0.55798	12.25648	1.08516	1	-0.00595	-0.00939	0.64537	0.00236	1	0.06330	-0.01399	0.70411	0.00361	1	1.45898	0.81042	0	
1262494	8514.79785	3305947574479	0.25248	0.42227	8514.70410	0.09375	11678	1	0.23512	0.36989	1	0.25181	0.47928	1	0.24346	0.42458	1	0.47003	0.53768	10.18617	1.07714	1	0.73145	0.55789	12.50957	1.07714	1	-0.00595	-0.00939	0.64537	0.00237	1	0.06330	-0.01399	0.70411	0.00351	1	1.45898	0.81042	0	
1262495	8514.80469	3305947642691	0.25196	0.42259	8514.70410	0.10059	11678	1	0.23512	0.36989	1	0.25324	0.48498	1	0.24418	0.42743	1	0.47007	0.53766	10.25867	1.07714	1	0.73160	0.55767	12.77356	1.06846	1	-0.00634	-0.01004	0.69338	0.00231	1	0.06078	-0.01340	0.67441	0.00351	1	1.45898	0.81042	0	
1262496	8514.81152	3305947708444	0.25211	0.42192	8514.70410	0.10742	11678	1	0.24051	0.36794	1	0.26844	0.45451	1	0.25448	0.41123	1	0.47004	0.53770	10.23563	1.07648	1	0.73174	0.55754	12.61405	1.06780	1	-0.00634	-0.01004	0.69338	0.00233	1	0.06078	-0.01340	0.67441	0.00351	1	1.45898	0.81042	0	
1262497	8514.81836	3305947775668	0.25246	0.42106	8514.70410	0.11426	11678	1	0.24712	0.35508	1	0.26964	0.45793	1	0.25838	0.40650	1	0.47012	0.53753	10.06723	1.07581	1	0.73166	0.55771	12.43277	1.06713	1	-0.00634	-0.01004	0.69338	0.00241	1	0.06078	-0.01340	0.67441	0.00348	1	1.45898	0.81042	0	
1262498	8514.82422	3305947842180	0.25278	0.42032	8514.70410	0.12012	11678	1	0.24733	0.35560	1	0.26974	0.45838	1	0.25854	0.40699	1	0.47014	0.53760	10.06730	1.07515	1	0.73207	0.55759	11.64362	1.06647	1	-0.00634	-0.01009	0.69338	0.00241	1	0.06078	-0.01340	0.67441	0.00349	1	1.45898	0.81042	0	
1262499	8514.83105	3305947909407	0.25364	0.42013	8514.70410	0.12695	11678	1	0.25249	0.35975	1	0.28757	0.47316	1	0.27003	0.41645	1	0.47025	0.53760	10.32655	1.06647	1	0.73203	0.55760	11.66995	1.06647	1	-0.00634	-0.01009	0.69338	0.00239	1	0.06078	-0.01340	0.67441	0.00353	1	1.45898	0.81042	0	
1262500	8514.83789	3305947971192	0.25385	0.41917	8514.70410	0.13379	11678	1	0.24789	0.37000	1	0.26813	0.43008	1	0.25801	0.40004	1	0.47007	0.53766	10.09702	1.06647	1	0.73175	0.55723	12.27519	1.06647	1	-0.00634	-0.01009	0.69338	0.00235	1	0.06078	-0.01340	0.67441	0.00357	1	1.45898	0.81042	0	
1262501	8514.84473	3305948042990	0.25409	0.41843	8514.70410	0.14062	11678	1	0.25053	0.37620	1	0.26803	0.42961	1	0.25928	0.40291	1	0.46969	0.53725	10.85341	1.05845	1	0.73124	0.55765	12.01281	1.06713	1	-0.00595	-0.00939	0.64537	0.00236	1	0.06330	-0.01399	0.70411	0.00361	1	1.45898	0.81042	0	
1262502	8514.85156	3305948111084	0.25351	0.41862	8514.70410	0.14746	11678	1	0.22276	0.33541	1	0.25850	0.50998	1	0.24063	0.42270	1	0.46973	0.53726	10.24662	1.05912	1	0.73113	0.55771	12.04276	1.06780	1	-0.00595	-0.00939	0.64537	0.00239	1	0.06330	-0.01399	0.70411	0.00361	1	1.45898	0.81042	0	
1262503	8514.85840	3305948177212	0.25252	0.41813	8514.70410	0.15430	11678	1	0.22633	0.34770	1	0.23330	0.46594	1	0.22981	0.40682	1	0.46973	0.53726	10.24662	1.05978	1	0.73115	0.55703	11.95994	1.06846	1	-0.00595	-0.00939	0.64537	0.00239	1	0.06330	-0.01399	0.70411	0.00378	1	1.45898	0.81042	0	
1262504	8514.86426	3305948240187	0.25155	0.41754	8514.70410	0.16016	11678	1	0.22332	0.34073	1	0.23330	0.46594	1	0.22831	0.40334	1	0.46983	0.53737	10.33352	1.06846	1	0.73109	0.55729	11.84969	1.06846	1	-0.00634	-0.01009	0.69338	0.00233	1	0.06078	-0.01343	0.67553	0.00369	1	1.45898	0.81042	0	
1262505	8514.87109	3305948308309	0.25042	0.41636	8514.70410	0.16699	11678	1	0.20334	0.33494	1	0.24075	0.43880	1	0.22205	0.38687	1	0.46987	0.53735	10.40938	1.07648	1	0.73128	0.55678	11.92226	1.06780	1	-0.00634	-0.01009	0.69338	0.00230	1	0.06078	-0.01343	0.67553	0.00383	1	1.45898	0.81042	0	
1262506	8514.87793	3305948374485	0.24959	0.41676	8514.70410	0.17383	11678	1	0.20695	0.33727	1	0.24940	0.51719	1	0.22818	0.42723	1	0.46984	0.53732	10.23961	1.07581	1	0.73143	0.55761	12.59650	1.06713	1	-0.00634	-0.01009	0.69338	0.00236	1	0.06078	-0.01343	0.67553	0.00372	1	1.45898	0.81042	0	
1262507	8514.88477	3305948442138	0.24884	0.41715	8514.70410	0.18066	11678	1	0.20719	0.33780	1	0.24951	0.51761	1	0.22835	0.42770	1	0.46990	0.53734	10.26175	1.07515	1	0.73135	0.55660	11.70728	1.06647	1	-0.00634	-0.01009	0.69338	0.00240	1	0.06078	-0.01340	0.67441	0.00402	1	1.45898	0.81042	0	
1262508	8514.89160	3305948509362	0.24875	0.41614	8514.70410	0.18750	11678	1	0.22427	0.35538	1	0.26826	0.42052	1	0.24627	0.38795	1	0.47009	0.53734	10.76647	1.06647	1	0.73169	0.55705	11.77490	1.06647	1	-0.00634	-0.01009	0.69338	0.00242	1	0.06078	-0.01340	0.67441	0.00369	1	1.45898	0.81042	0	
1262509	8514.89844	3305948575203	0.24824	0.41397	8514.70410	0.19434	11678	1	0.21522	0.33517	1	0.25211	0.36662	1	0.23367	0.35090	1	0.46999	0.53718	10.22643	1.06647	1	0.73136	0.55651	11.88789	1.06647	1	-0.00634	-0.01009	0.69338	0.00241	1	0.06078	-0.01340	0.67441	0.00397	1	1.45898	0.81042	0	
1262510	8514.90430	3305948642918	0.24775	0.41183	8514.70410	0.20020	11678	1	0.21522	0.33517	1	0.25068	0.35998	1	0.23295	0.34757	1	0.47020	0.53718	10.31280	1.06647	1	0.73148	0.55736	12.34032	1.07515	1	-0.00634	-0.01009	0.69338	0.00233	1	0.06341	-0.01402	0.70295	0.00361	1	1.45898	0.81042	0	
1262511	8514.91113	3305948710244	0.24752	0.41131	8514.70410	0.20703	11678	1	0.22238	0.34530	1	0.25854	0.44538	1	0.24046	0.39534	1	0.47023	0.53742	10.63237	1.07515	1	0.73159	0.55748	12.20059	1.08383	1	-0.00634	-0.01009	0.69338	0.00225	1	0.06341	-0.01402	0.70295	0.00366	1	1.45898	0.81042	0	
1262512	8514.91797	3305948779296	0.24745	0.41015	8514.70410	0.21387	11678	1	0.23179	0.33059	1	0.25873	0.41517	1	0.24526	0.37288	1	0.47025	0.53720	10.38309	1.08383	1	0.73152	0.55728	12.22159	1.09251	1	-0.00634	-0.01009	0.69338	0.00233	1	0.06341	-0.01402	0.70295	0.00382	1	1.45898	0.81042	0	
1262513	8514.92480	3305948847222	0.24739	0.40904	8514.70410	0.22070	11678	1	0.23157	0.33006	1	0.25863	0.41470	1	0.24510	0.37238	1	0.47035	0.53740	10.22475	1.08449	1	0.73190	0.55717	11.63585	1.09317	1	-0.00593	-0.00951	0.65327	0.00233	1	0.06341	-0.01402	0.70295	0.00359	1	1.45898	0.81042	0	
1262514	8514.93164	3305948913733	0.24730	0.40780	8514.70410	0.22754	11678	1	0.23034	0.32293	1	0.25823	0.40885	1	0.24428	0.36589	1	0.47029	0.53722	10.40283	1.08516	1	0.73195	0.55709	11.55372	1.08516	1	-0.00593	-0.00951	0.65327	0.00248	1	0.06341	-0.01402	0.70295	0.00359	1	1.45898	0.81042	0	
1262515	8514.93848	3305948980892	0.24698	0.40704	8514.70410	0.23438	11678	1	0.22276	0.34419	1	0.24898	0.41613	1	0.23587	0.38016	1	0.47018	0.53731	10.53123	1.07714	1	0.73183	0.55709	11.60068	1.07714	1	-0.00593	-0.00951	0.65327	0.00237	1	0.06341	-0.01402	0.70295	0.00360	1	1.45898	0.81042	0	
1262516	8514.94531	3305949047477	0.23639	0.38261	8514.70410	0.23438	11678	0	0.21964	0.33699	1	0.24891	0.41585	1	0.23428	0.37642	1	0.47045	0.53717	10.55595	1.08623	1	0.73183	0.55716	11.63513	1.07755	1	-0.00630	-0.01027	0.70608	0.00240	1	0.06084	-0.01350	0.67395	0.00352	1	1.45898	0.81042	0	
1262517	8514.95215	3305949115107	0.24198	0.38177	8514.70410	0.23438	11678	0	0.23212	0.31034	1	0.26302	0.45152	1	0.24757	0.38093	1	0.47042	0.53736	10.77097	1.09465	1	0.73207	0.55769	11.84049	1.08597	1	-0.00630	-0.01027	0.70608	0.00231	1	0.06084	-0.01350	0.67395	0.00357	1	1.45898	0.81042	0	
1262518	8514.95898	3305949181647	0.24331	0.38211	8514.70410	0.23438	11678	0	0.24043	0.29947	1	0.25151	0.46612	1	0.24597	0.38280	1	0.47047	0.53725	10.85341	1.10307	1	0.73199	0.55769	11.99727	1.09439	1	-0.00630	-0.01027	0.70608	0.00236	1	0.06084	-0.01350	0.67395	0.00357	1	1.45898	0.81042	0	
1262519	8514.96582	3305949248828	0.24432	0.38317	8514.94531	0.02051	11679	1	0.24321	0.30654	1	0.25151	0.46612	1	0.24736	0.38633	1	0.47055	0.53743	10.39877	1.09439	1	0.73201	0.55781	12.11000	1.09439	1	-0.00588	-0.00958	0.65857	0.00232	1	0.06341	-0.01413	0.70295	0.00353	1	1.45898	0.81042	0	
1262520	8514.97168	3305949315319	0.24681	0.38611	8514.94531	0.02637	11679	1	0.24625	0.33343	1	0.26731	0.46239	1	0.25678	0.39791	1	0.47059	0.53726	10.11218	1.07729	1	0.73215	0.55760	11.91412	1.08597	1	-0.00588	-0.00958	0.65857	0.00240	1	0.06341	-0.01413	0.70295	0.00352	1	1.45898	0.81042	0	
1262521	8514.97852	3305949382730	0.24866	0.38889	8514.94531	0.03320	11679	1	0.25630	0.33587	1	0.25943	0.46964	1	0.25786	0.40276	1	0.47068	0.53735	10.27914	1.06887	1	0.73194	0.55769	11.59556	1.07755	1	-0.00588	-0.00958	0.65857	0.00240	1	0.06341	-0.01413	0.70295	0.00380	1	1.45898	0.81042	0	
1262522	8514.98535	3305949450420	0.24999	0.39091	8514.94531	0.04004	11679	1	0.25643	0.33620	1	0.25949	0.46991	1	0.25796	0.40305	1	0.47059	0.53743	10.37438	1.06846	1	0.73184	0.55836	12.24752	1.07714	1	-0.00617	-0.00997	0.68527	0.00245	1	0.06341	-0.01418	0.70295	0.00372	1	1.45898	0.81042	0	
1262523	8514.99219	3305949516766	0.25004	0.39412	8514.94531	0.04688	11679	1	0.24679	0.33291	1	0.25398	0.50030	1	0.25038	0.41661	1	0.47060	0.53736	10.25325	1.08516	1	0.73189	0.55820	12.02136	1.08516	1	-0.00617	-0.00997	0.68527	0.00247	1	0.06341	-0.01418	0.70295	0.00381	1	1.45898	0.81042	0	
1262524	8514.99902	3305949583753	0.25030	0.39667	8514.94531	0.05371	11679	1	0.24851	0.33130	1	0.25638	0.50280	1	0.25245	0.41705	1	0.47060	0.53741	10.35991	1.09317	1	0.73197	0.55821	12.19770	1.09317	1	-0.00617	-0.00997	0.68527	0.00245	1	0.06341	-0.01418	0.70295	0.00362	1	1.45898	0.81042	0	
1262525	8515.00586	3305949650662	0.25011	0.39750	8514.94531	0.06055	11679	1	0.24308	0.31775	1	0.25367	0.49210	1	0.24838	0.40492	1	0.47048	0.53756	10.33705	1.11028	1	0.73194	0.55809	12.11638	1.11028	1	-0.00630	-0.01027	0.70608	0.00237	1	0.06341	-0.01413	0.70295	0.00359	1	1.45898	0.81042	0	
1262526	8515.01270	3305949717632	0.24879	0.39558	8514.94531	0.06738	11679	1	0.22447	0.27331	1	0.24664	0.47947	1	0.23556	0.37639	1	0.47034	0.53761	10.58899	1.11936	1	0.73192	0.55801	12.02402	1.11936	1	-0.00630	-0.01027	0.70608	0.00242	1	0.06341	-0.01413	0.70295	0.00365	1	1.45898	0.81042	0	
1262527	8515.01855	3305949784970	0.24701	0.39443	8514.94531	0.07324	11679	1	0.21617	0.27177	1	0.23872	0.49190	1	0.22745	0.38183	1	0.47036	0.53757	10.22721	1.12845	1	0.73182	0.55830	12.17651	1.12845	1	-0.00630	-0.01027	0.70608	0.00235	1	0.06341	-0.01413	0.70295	0.00363	1	1.45898	0.81042	0	
1262528	8515.02539	3305949847567	0.24566	0.39391	8514.94531	0.08008	11679	1	0.21882	0.27836	1	0.24007	0.49683	1	0.22945	0.38759	1	0.47039	0.53760	10.05750	1.12043	1	0.73199	0.55816	12.17006	1.12043	1	-0.00593	-0.00951	0.65327	0.00239	1	0.06341	-0.01418	0.70295	0.00354	1	1.45898	0.81042	0	
1262529	8515.03223	3305949915868	0.24518	0.39411	8514.94531	0.08691	11679	1	0.23063	0.29578	1	0.24720	0.49776	1	0.23892	0.39677	1	0.47047	0.53758	10.35421	1.10333	1	0.73193	0.55803	12.14413	1.10333	1	-0.00593	-0.00951	0.65327	0.00237	1	0.06341	-0.01418	0.70295	0.00358	1	1.45898	0.81042	0	
1262530	8515.03906	3305949985478	0.24561	0.39417	8514.94531	0.09375	11679	1	0.23218	0.30895	1	0.27104	0.48105	1	0.25161	0.39500	1	0.47034	0.53761	10.10526	1.08623	1	0.73183	0.55841	11.82940	1.08623	1	-0.00593	-0.00951	0.65327	0.00232	1	0.06341	-0.01418	0.70295	0.00362	1	1.45898	0.81042	0	
1262531	8515.04590	3305950052089	0.24624	0.39501	8514.94531	0.10059	11679	1	0.23787	0.32295	1	0.27354	0.49217	1	0.25570	0.40756	1	0.47031	0.53763	10.08988	1.06912	1	0.73187	0.55833	11.72812	1.06912	1	-0.00593	-0.00951	0.65327	0.00231	1	0.06341	-0.01418	0.70295	0.00363	1	1.45898	0.81042	0	
1262532	8515.05273	3305950119762	0.24643	0.39490	8514.94531	0.10742	11679	1	0.23634	0.28758	1	0.26272	0.49897	1	0.24953	0.39327	1	0.47033	0.53772	10.49014	1.06912	1	0.73148	0.55852	12.39897	1.06912	1	-0.00593	-0.00951	0.65327	0.00232	1	0.06341	-0.01418	0.70295	0.00367	1	1.45898	0.81042	0	
1262533	8515.05859	3305950182953	0.24667	0.39501	8514.94531	0.11328	11679	1	0.23060	0.31587	1	0.27081	0.47771	1	0.25070	0.39679	1	0.47033	0.53761	10.16543	1.06912	1	0.73178	0.55837	11.72011	1.06912	1	-0.00593	-0.00951	0.65327	0.00231	1	0.06341	-0.01418	0.70295	0.00366	1	1.45898	0.81042	0	
1262534	8515.06543	3305950251543	0.24681	0.39494	8514.94531	0.12012	11679	1	0.22788	0.30925	1	0.27091	0.47815	1	0.24939	0.39370	1	0.47020	0.53765	10.28257	1.07714	1	0.73139	0.55805	12.40656	1.06846	1	-0.00634	-0.01009	0.69338	0.00237	1	0.06078	-0.01356	0.67441	0.00360	1	1.45898	0.81042	0	
1262535	8515.07227	3305950317242	0.24644	0.39431	8514.94531	0.12695	11679	1	0.22232	0.28584	1	0.25647	0.47886	1	0.23939	0.38235	1	0.47015	0.53770	10.13985	1.07648	1	0.73150	0.55816	12.65890	1.06780	1	-0.00634	-0.01009	0.69338	0.00240	1	0.06078	-0.01356	0.67441	0.00352	1	1.45898	0.81042	0	
1262536	8515.07910	3305950386107	0.24617	0.39297	8514.94531	0.13379	11679	1	0.23097	0.27126	1	0.25075	0.46092	1	0.24086	0.36609	1	0.47026	0.53759	10.05915	1.07581	1	0.73141	0.55803	12.53602	1.06713	1	-0.00634	-0.01009	0.69338	0.00249	1	0.06078	-0.01356	0.67441	0.00365	1	1.45898	0.81042	0	
1262537	8515.08594	3305950451610	0.24594	0.39177	8514.94531	0.14062	11679	1	0.23119	0.27184	1	0.25087	0.46137	1	0.24103	0.36661	1	0.47008	0.53776	10.14957	1.07515	1	0.73101	0.55834	11.98236	1.06647	1	-0.00634	-0.01014	0.69338	0.00234	1	0.06078	-0.01358	0.67553	0.00385	1	1.45898	0.81042	0	
1262538	8515.09277	3305950520983	0.24538	0.39226	8514.94531	0.14746	11679	1	0.20860	0.29851	1	0.25758	0.50741	1	0.23309	0.40296	1	0.46995	0.53781	10.24243	1.06647	1	0.73113	0.55816	12.02822	1.06647	1	-0.00634	-0.01014	0.69338	0.00236	1	0.06078	-0.01358	0.67553	0.00360	1	1.45898	0.81042	0	
1262539	8515.09961	3305950588423	0.24501	0.39272	8514.94531	0.15430	11679	1	0.21319	0.28557	1	0.25951	0.52146	1	0.23635	0.40352	1	0.46999	0.53774	9.80946	1.06647	1	0.73122	0.55821	11.90938	1.06647	1	-0.00634	-0.01014	0.69338	0.00239	1	0.06078	-0.01358	0.67553	0.00364	1	1.45898	0.81042	0	
1262540	8515.10645	3305950655342	0.24463	0.39305	8514.94531	0.16113	11679	1	0.21319	0.28557	1	0.25813	0.51604	1	0.23566	0.40081	1	0.46966	0.53753	10.03394	1.06647	1	0.73097	0.55831	11.69189	1.07515	1	-0.00634	-0.01009	0.69338	0.00236	1	0.06325	-0.01414	0.70356	0.00368	1	1.45898	0.81042	0	
1262541	8515.11230	3305950722667	0.24379	0.39212	8514.94531	0.16699	11679	1	0.21065	0.27133	1	0.23468	0.46671	1	0.22267	0.36902	1	0.46965	0.53764	9.87746	1.07515	1	0.73086	0.55783	11.68799	1.08383	1	-0.00634	-0.01009	0.69338	0.00242	1	0.06325	-0.01414	0.70356	0.00348	1	1.45898	0.81042	0	
1262542	8515.11914	3305950789282	0.24411	0.39123	8514.94531	0.17383	11679	1	0.22702	0.26899	1	0.27806	0.46691	1	0.25254	0.36795	1	0.46951	0.53762	10.22786	1.08383	1	0.73121	0.55769	11.30797	1.09251	1	-0.00634	-0.01009	0.69338	0.00232	1	0.06325	-0.01414	0.70356	0.00361	1	1.45898	0.81042	0	
1262543	8515.12598	3305950856647	0.24441	0.39038	8514.94531	0.18066	11679	1	0.22680	0.26842	1	0.27797	0.46647	1	0.25238	0.36745	1	0.46952	0.53759	10.16675	1.08449	1	0.73088	0.55767	12.17360	1.09317	1	-0.00621	-0.00965	0.66299	0.00229	1	0.06325	-0.01414	0.70356	0.00372	1	1.45898	0.81042	0	
1262544	8515.13281	3305950923903	0.24424	0.38948	8514.94531	0.18750	11679	1	0.23217	0.25221	1	0.24676	0.47631	1	0.23947	0.36426	1	0.46954	0.53755	10.18622	1.08516	1	0.73069	0.55784	12.17924	1.08516	1	-0.00621	-0.00965	0.66299	0.00230	1	0.06325	-0.01414	0.70356	0.00354	1	1.45898	0.81042	0	
1262545	8515.13965	3305950990519	0.24423	0.38851	8514.94531	0.19434	11679	1	0.23082	0.26098	1	0.25722	0.45983	1	0.24402	0.36041	1	0.46952	0.53755	9.93734	1.07714	1	0.73075	0.55777	12.14364	1.07714	1	-0.00621	-0.00965	0.66299	0.00233	1	0.06325	-0.01414	0.70356	0.00355	1	1.45898	0.81042	0	
1262546	8515.14648	3305951057232	0.24431	0.38790	8514.94531	0.20117	11679	1	0.23349	0.26797	1	0.25989	0.47108	1	0.24669	0.36953	1	0.46945	0.53757	10.41603	1.06912	1	0.73087	0.55788	12.58239	1.06044	1	-0.00621	-0.00965	0.66299	0.00229	1	0.05910	-0.01322	0.65795	0.00351	1	1.45898	0.81042	0	
1262547	8515.15332	3305951124384	0.24426	0.38798	8514.94531	0.20801	11679	1	0.23362	0.28928	1	0.25184	0.49169	1	0.24273	0.39048	1	0.46941	0.53764	10.22226	1.06044	1	0.73064	0.55784	12.07190	1.05176	1	-0.00621	-0.00965	0.66299	0.00222	1	0.05910	-0.01322	0.65795	0.00357	1	1.45898	0.81042	0	
1262548	8515.15918	3305951191034	0.24414	0.38768	8514.94531	0.21387	11679	1	0.22734	0.29334	1	0.25339	0.46293	1	0.24036	0.37813	1	0.46932	0.53766	10.17975	1.05176	1	0.73068	0.55748	11.83309	1.04308	1	-0.00621	-0.00965	0.66299	0.00231	1	0.05910	-0.01322	0.65795	0.00354	1	1.45898	0.81042	0	
1262549	8515.16602	3305951258217	0.24405	0.38749	8514.94531	0.22070	11679	1	0.22757	0.29391	1	0.25479	0.46869	1	0.24118	0.38130	1	0.46925	0.53771	10.25359	1.05110	1	0.73086	0.55732	11.95629	1.03476	1	-0.00637	-0.00982	0.67462	0.00231	1	0.05981	-0.01334	0.66638	0.00361	1	1.45898	0.81042	0	
1262550	8515.17285	3305951325379	0.24383	0.38812	8514.94531	0.22754	11679	1	0.23081	0.30339	1	0.24155	0.51586	1	0.23618	0.40962	1	0.46930	0.53757	10.43352	1.04278	1	0.73038	0.55745	11.66586	1.03512	1	-0.00637	-0.00982	0.67462	0.00224	1	0.05981	-0.01334	0.66638	0.00357	1	1.45898	0.81042	0	
1262551	8515.17969	3305951392123	0.24410	0.38823	8514.94531	0.23438	11679	1	0.22722	0.29535	1	0.27970	0.48863	1	0.25346	0.39199	1	0.46922	0.53765	10.13214	1.04313	1	0.73105	0.55766	12.70830	1.03547	1	-0.00637	-0.00982	0.67462	0.00227	1	0.05981	-0.01334	0.66638	0.00349	1	1.45898	0.81042	0	
1262552	8515.18652	3305951459357	0.24433	0.38826	8514.94531	0.24121	11679	1	0.22709	0.29504	1	0.27854	0.48322	1	0.25282	0.38913	1	0.46912	0.53756	9.76089	1.04349	1	0.73042	0.55737	11.53539	1.04349	1	-0.00637	-0.00982	0.67462	0.00228	1	0.06042	-0.01349	0.67378	0.00367	1	1.45898	0.81042	0	
1262553	8515.19336	3305951526374	0.24452	0.38856	8514.94531	0.24805	11679	1	0.24041	0.28641	1	0.26277	0.51298	1	0.25159	0.39969	1	0.46906	0.53729	10.27135	1.04349	1	0.73044	0.55757	11.64034	1.05115	1	-0.00637	-0.00982	0.67462	0.00235	1	0.06042	-0.01349	0.67378	0.00369	1	1.45898	0.81042	0	
1262554	8515.20020	3305951593370	0.24459	0.38794	8514.94531	0.25488	11679	1	0.22929	0.29348	1	0.26469	0.43582	1	0.24699	0.36465	1	0.46892	0.53751	10.22333	1.05115	1	0.73045	0.55728	11.12102	1.05881	1	-0.00637	-0.00982	0.67462	0.00230	1	0.06042	-0.01349	0.67378	0.00368	1	1.45898	0.81042	0	
1262555	8515.20605	3305951659446	0.24463	0.38729	8514.94531	0.26074	11679	1	0.22941	0.29378	1	0.26339	0.42993	1	0.24640	0.36186	1	0.46888	0.53759	10.23887	1.05079	1	0.73018	0.55724	11.57055	1.06713	1	-0.00630	-0.00962	0.66113	0.00224	1	0.06352	-0.01409	0.70885	0.00376	1	1.45898	0.81042	0	
1262556	8515.21289	3305951727046	0.24465	0.38677	8514.94531	0.26758	11679	1	0.24419	0.32182	1	0.24642	0.41016	1	0.24531	0.36599	1	0.46888	0.53741	10.37645	1.05912	1	0.73017	0.55704	11.31631	1.06780	1	-0.00630	-0.00962	0.66113	0.00226	1	0.06352	-0.01409	0.70885	0.00378	1	1.45898	0.81042	0	
1262557	8515.21973	3305951794053	0.24508	0.38628	8514.94531	0.27441	11679	1	0.24660	0.31155	1	0.27909	0.42093	1	0.26284	0.36624	1	0.46883	0.53740	10.11574	1.05978	1	0.73020	0.55708	11.37864	1.06846	1	-0.00630	-0.00962	0.66113	0.00232	1	0.06352	-0.01409	0.70885	0.00375	1	1.45898	0.81042	0	
1262558	8515.22656	3305951860241	0.24549	0.38581	8514.94531	0.28125	11679	1	0.24638	0.31099	1	0.27900	0.42046	1	0.26269	0.36573	1	0.46861	0.53739	10.07451	1.06044	1	0.73018	0.55772	12.17399	1.06912	1	-0.00635	-0.00956	0.65671	0.00231	1	0.06352	-0.01409	0.70885	0.00362	1	1.45898	0.81042	0	
1262559	8515.23340	3305951928095	0.24549	0.38640	8514.94531	0.28809	11679	1	0.21874	0.30795	1	0.27220	0.51589	1	0.24547	0.41192	1	0.46855	0.53742	10.03224	1.06912	1	0.73020	0.55769	11.95083	1.06912	1	-0.00635	-0.00956	0.65671	0.00231	1	0.06352	-0.01409	0.70885	0.00364	1	1.45898	0.81042	0	
1262560	8515.24023	3305951995049	0.24549	0.38717	8514.94531	0.29492	11679	1	0.22301	0.35340	1	0.26829	0.48849	1	0.24565	0.42094	1	0.46852	0.53740	10.44126	1.06912	1	0.73019	0.55777	12.13777	1.06912	1	-0.00635	-0.00956	0.65671	0.00235	1	0.06352	-0.01409	0.70885	0.00362	1	1.45898	0.81042	0	
1262561	8515.24609	3305952060465	0.24547	0.38784	8514.94531	0.30078	11679	1	0.22023	0.34706	1	0.26839	0.48892	1	0.24431	0.41799	1	0.46856	0.53735	10.20247	1.07714	1	0.73019	0.55777	12.13777	1.06846	1	-0.00664	-0.00991	0.68106	0.00227	1	0.06042	-0.01341	0.67489	0.00362	1	1.45898	0.81042	0	
1262562	8515.25293	3305952125979	0.24538	0.38835	8514.94531	0.30762	11679	1	0.22402	0.28768	1	0.25846	0.53666	1	0.24124	0.41217	1	0.46865	0.53720	10.29817	1.07648	1	0.72992	0.55773	12.49098	1.06780	1	-0.00664	-0.00991	0.68106	0.00233	1	0.06042	-0.01341	0.67489	0.00366	1	1.45898	0.81042	0	
1262563	8515.25977	3305952191504	0.24542	0.38877	8514.94531	0.31445	11679	1	0.22959	0.33368	1	0.26535	0.48282	1	0.24747	0.40825	1	0.46860	0.53741	10.02443	1.07581	1	0.73014	0.55780	11.96295	1.06713	1	-0.00664	-0.00991	0.68106	0.00227	1	0.06042	-0.01341	0.67489	0.00364	1	1.45898	0.81042	0	
1262564	8515.26660	3305952263195	0.24566	0.38931	8514.94531	0.32129	11679	1	0.22982	0.33421	1	0.26545	0.48326	1	0.24763	0.40873	1	0.46843	0.53733	10.42870	1.07515	1	0.72979	0.55763	12.48062	1.06647	1	-0.00664	-0.00991	0.68106	0.00241	1	0.06042	-0.01341	0.67489	0.00380	1	1.45898	0.81042	0	
1262565	8515.27344	3305952330093	0.24549	0.39025	8514.94531	0.32812	11679	1	0.22440	0.35630	1	0.25444	0.49509	1	0.23942	0.42570	1	0.46849	0.53731	10.03703	1.06647	1	0.72988	0.55736	12.47560	1.06647	1	-0.00664	-0.00991	0.68106	0.00227	1	0.06042	-0.01341	0.67489	0.00367	1	1.45898	0.81042	0	
1262566	8515.28027	3305952396907	0.24556	0.39093	8514.94531	0.33496	11679	1	0.24487	0.31633	1	0.25434	0.51507	1	0.24960	0.41570	1	0.46856	0.53755	10.19625	1.06647	1	0.72991	0.55718	12.45916	1.06647	1	-0.00664	-0.00991	0.68106	0.00221	1	0.06042	-0.01341	0.67489	0.00358	1	1.45898	0.81042	0	
1262567	8515.28711	3305952464062	0.24561	0.39154	8514.94531	0.34180	11679	1	0.24487	0.31633	1	0.25434	0.51507	1	0.24960	0.41570	1	0.46856	0.53711	9.93990	1.06647	1	0.72987	0.55701	12.35338	1.06647	1	-0.00672	-0.00998	0.68946	0.00224	1	0.06042	-0.01336	0.67489	0.00362	1	1.45898	0.81042	0	
1262568	8515.29395	3305952530993	0.24510	0.39126	8514.94531	0.34863	11679	1	0.23609	0.36618	1	0.22821	0.40284	1	0.23215	0.38451	1	0.46870	0.53717	8.45959	1.06647	1	0.73022	0.55659	11.45550	1.06647	1	-0.00672	-0.00998	0.68946	0.00186	1	0.06042	-0.01336	0.67489	0.00361	1	1.45898	0.81042	0	
1262569	8515.29980	3305952597879	0.24380	0.39207	8514.94531	0.35449	11679	1	0.23609	0.36618	0	0.19584	0.44150	1	0.19584	0.44150	1	0.46870	0.53717	8.45959	1.06647	0	0.73005	0.55703	11.72200	1.06647	1	-0.00672	-0.00998	0.68946	0.00186	1	0.06042	-0.01336	0.67489	0.00325	1	1.45898	0.81042	0	
1262570	8515.30664	3305952664607	0.24380	0.39207	8514.94531	0.36133	11679	1	0.23609	0.36618	0	0.19584	0.44150	0	0.19584	0.44150	0	0.46870	0.53717	8.45959	1.06647	0	0.73005	0.55703	11.72200	1.06647	0	-0.00672	-0.00998	0.68946	0.00186	1	0.06042	-0.01336	0.67489	0.00325	1	1.45898	0.81042	0	
1262571	8515.31348	3305952731891	0.24380	0.39207	8514.94531	0.36816	11679	1	0.23609	0.36618	0	0.19584	0.44150	0	0.19584	0.44150	0	0.46870	0.53717	8.45959	1.06647	0	0.73005	0.55703	11.72200	1.06647	0	-0.00672	-0.00998	0.68946	0.00186	1	0.06042	-0.01336	0.67489	0.00325	1	1.45898	0.81042	0	
1262572	8515.32031	3305952799086	0.24380	0.39207	8514.94531	0.37500	11679	1	0.23609	0.36618	0	0.19584	0.44150	0	0.19584	0.44150	0	0.46870	0.53717	8.45959	1.06647	0	0.73005	0.55703	11.72200	1.06647	0	-0.00672	-0.00998	0.68946	0.00186	1	0.06042	-0.01336	0.67489	0.00325	1	1.45898	0.81042	0	
1262573	8515.32715	3305952865822	0.24176	0.41074	8514.94531	0.37500	11679	0	0.23609	0.36618	0	0.19584	0.44150	0	0.19584	0.44150	0	0.46870	0.53717	8.45959	1.06647	0	0.73005	0.55703	11.72200	1.06647	0	-0.00672	-0.00998	0.68946	0.00186	1	0.06042	-0.01336	0.67489	0.00325	1	1.45898	0.81042	0	
1262574	8515.33398	3305952932248	0.24176	0.41074	8514.94531	0.37500	11679	0	0.23609	0.36618	0	0.19584	0.44150	0	0.19584	0.44150	0	0.46870	0.53717	8.45959	1.06647	0	0.73005	0.55703	11.72200	1.06647	0	-0.00672	-0.00998	0.68946	0.00186	1	0.06042	-0.01336	0.67489	0.00325	1	1.45898	0.81042	0	
1262575	8515.34082	3305952999728	0.24176	0.41074	8514.94531	0.37500	11679	0	0.23609	0.36618	0	0.19584	0.44150	0	0.19584	0.44150	0	0.46870	0.53717	8.45959	1.06647	0	0.73005	0.55703	11.72200	1.06647	0	-0.00672	-0.00998	0.68946	0.00186	1	0.06042	-0.01336	0.67489	0.00325	1	1.45898	0.81042	0	
1262576	8515.34668	3305953063780	0.00000	0.00000	8514.94531	0.37500	11679	0	0.23609	0.36618	0	0.19584	0.44150	0	0.19584	0.44150	0	0.46870	0.53717	8.45959	1.06647	0	0.73005	0.55703	11.72200	1.06647	0	-0.00672	-0.00998	0.68946	0.00186	1	0.06042	-0.01336	0.67489	0.00325	1	1.45898	0.81042	0	
1262577	8515.35352	3305953133811	0.00000	0.00000	8514.94531	0.37500	11679	0	0.23609	0.36618	0	0.19584	0.44150	0	0.19584	0.44150	0	0.46870	0.53717	8.45959	1.06647	0	0.73005	0.55703	11.72200	1.06647	0	-0.00672	-0.00998	0.68946	0.00186	1	0.06042	-0.01336	0.67489	0.00325	1	1.45898	0.81042	0	
1262578	8515.36035	3305953201025	0.00000	0.00000	8514.94531	0.37500	11679	0	0.23609	0.36618	0	0.19584	0.44150	0	0.19584	0.44150	0	0.46870	0.53717	8.45959	1.06647	0	0.73005	0.55703	11.72200	1.06647	0	-0.00672	-0.00998	0.68946	0.00186	1	0.06042	-0.01336	0.67489	0.00325	1	1.45898	0.81042	0	
1262579	8515.36719	3305953268606	0.00000	0.00000	8514.94531	0.37500	11679	0	0.23609	0.36618	0	0.19584	0.44150	0	0.19584	0.44150	0	0.46870	0.53717	8.45959	1.06647	0	0.73005	0.55703	11.72200	1.06647	0	-0.00672	-0.00998	0.68946	0.00186	1	0.06042	-0.01336	0.67489	0.00325	1	1.45898	0.81042	0	
1262580	8515.37402	3305953336186	0.00000	0.00000	8514.94531	0.37500	11679	0	0.23609	0.36618	0	0.19584	0.44150	0	0.19584	0.44150	0	0.46870	0.53717	8.45959	1.06647	0	0.73005	0.55703	11.72200	1.06647	0	-0.00672	-0.00998	0.68946	0.00186	1	0.06042	-0.01336	0.67489	0.00325	1	1.45898	0.81042	0	
1262581	8515.38086	3305953401839	0.00000	0.00000	8514.94531	0.37500	11679	0	0.23609	0.36618	0	0.19584	0.44150	0	0.19584	0.44150	0	0.46870	0.53717	8.45959	1.06647	0	0.73005	0.55703	11.72200	1.06647	0	-0.00672	-0.00998	0.68946	0.00186	1	0.06042	-0.01336	0.67489	0.00325	1	1.45898	0.81042	0	
1262582	8515.38770	3305953468586	0.00000	0.00000	8514.94531	0.37500	11679	0	0.23609	0.36618	0	0.19584	0.44150	0	0.19584	0.44150	0	0.46870	0.53717	8.45959	1.06647	0	0.73005	0.55703	11.72200	1.06647	0	-0.00672	-0.00998	0.68946	0.00186	1	0.06042	-0.01336	0.67489	0.00325	1	1.45898	0.81042	0	
1262583	8515.39453	3305953535631	0.00000	0.00000	8514.94531	0.37500	11679	0	0.23609	0.36618	0	0.19584	0.44150	0	0.19584	0.44150	0	0.46870	0.53717	8.45959	1.06647	0	0.73005	0.55703	11.72200	1.06647	0	-0.00672	-0.00998	0.68946	0.00186	1	0.06042	-0.01336	0.67489	0.00325	1	1.45898	0.81042	0	
1262584	8515.40039	3305953602568	0.00000	0.00000	8514.94531	0.37500	11679	0	0.23609	0.36618	0	0.19584	0.44150	0	0.19584	0.44150	0	0.46870	0.53717	8.45959	1.06647	0	0.73005	0.55703	11.72200	1.06647	0	-0.00672	-0.00998	0.68946	0.00186	1	0.06042	-0.01336	0.67489	0.00325	1	1.45898	0.81042	0	
1262585	8515.40723	3305953670180	0.00000	0.00000	8514.94531	0.37500	11679	0	0.23609	0.36618	0	0.19584	0.44150	0	0.19584	0.44150	0	0.46870	0.53717	8.45959	1.06647	0	0.73005	0.55703	11.72200	1.06647	0	-0.00672	-0.00998	0.68946	0.00186	1	0.06042	-0.01336	0.67489	0.00325	1	1.45898	0.81042	0	
1262586	8515.41406	3305953737033	0.00000	0.00000	8514.94531	0.37500	11679	0	0.23609	0.36618	0	0.19584	0.44150	0	0.19584	0.44150	0	0.46870	0.53717	8.45959	1.06647	0	0.73005	0.55703	11.72200	1.06647	0	-0.00672	-0.00998	0.68946	0.00186	1	0.06042	-0.01336	0.67489	0.00325	1	1.45898	0.81042	0	
1262587	8515.42090	3305953803536	0.00000	0.00000	8514.94531	0.37500	11679	0	0.23609	0.36618	0	0.19584	0.44150	0	0.19584	0.44150	0	0.46870	0.53717	8.45959	1.06647	0	0.73005	0.55703	11.72200	1.06647	0	-0.00672	-0.00998	0.68946	0.00186	1	0.06042	-0.01336	0.67489	0.00325	1	1.45898	0.81042	0	
1262588	8515.42773	3305953868397	0.00000	0.00000	8514.94531	0.37500	11679	0	0.23609	0.36618	0	0.19584	0.44150	0	0.19584	0.44150	0	0.46870	0.53717	8.45959	1.06647	0	0.73005	0.55703	11.72200	1.06647	0	-0.00672	-0.00998	0.68946	0.00186	1	0.06042	-0.01336	0.67489	0.00325	1	1.45898	0.81042	0	
1262589	8515.43457	3305953938225	0.00000	0.00000	8514.94531	0.37500	11679	0	0.23609	0.36618	0	0.19584	0.44150	0	0.19584	0.44150	0	0.46870	0.53717	8.45959	1.06647	0	0.73005	0.55703	11.72200	1.06647	0	-0.00672	-0.00998	0.68946	0.00186	1	0.06042	-0.01336	0.67489	0.00325	1	1.45898	0.81042	0	
1262590	8515.44141	3305954004828	0.00000	0.00000	8514.94531	0.37500	11679	0	0.23609	0.36618	0	0.19584	0.44150	0	0.19584	0.44150	0	0.46870	0.53717	8.45959	1.06647	0	0.73005	0.55703	11.72200	1.06647	0	-0.00672	-0.00998	0.68946	0.00186	1	0.06042	-0.01336	0.67489	0.00325	1	1.45898	0.81042	0	
1262591	8515.44727	3305954071054	0.00000	0.00000	8514.94531	0.37500	11679	0	0.23609	0.36618	0	0.19584	0.44150	0	0.19584	0.44150	0	0.46870	0.53717	8.45959	1.06647	0	0.73005	0.55703	11.72200	1.06647	0	-0.00672	-0.00998	0.68946	0.00186	1	0.06042	-0.01336	0.67489	0.00325	1	1.45898	0.81042	0	
1262592	8515.45410	3305954137501	0.00000	0.00000	8514.94531	0.37500	11679	0	0.23609	0.36618	0	0.19584	0.44150	0	0.19584	0.44150	0	0.46870	0.53717	8.45959	1.06647	0	0.73005	0.55703	11.72200	1.06647	0	-0.00672	-0.00998	0.68946	0.00186	1	0.06042	-0.01336	0.67489	0.00325	1	1.45898	0.81042	0	
1262593	8515.46094	3305954202436	0.00000	0.00000	8514.94531	0.37500	11679	0	0.23609	0.36618	0	0.19584	0.44150	0	0.19584	0.44150	0	0.46870	0.53717	8.45959	1.06647	0	0.73005	0.55703	11.72200	1.06647	0	-0.00672	-0.00998	0.68946	0.00186	1	0.06042	-0.01336	0.67489	0.00325	1	1.45898	0.81042	0	
1262594	8515.46777	3305954272312	0.00000	0.00000	8514.94531	0.37500	11679	0	0.23609	0.36618	0	0.19584	0.44150	0	0.19584	0.44150	0	0.46870	0.53717	8.45959	1.06647	0	0.73005	0.55703	11.72200	1.06647	0	-0.00672	-0.00998	0.68946	0.00186	1	0.06042	-0.01336	0.67489	0.00325	1	1.45898	0.81042	0	
1262595	8515.47461	3305954339900	0.00000	0.00000	8514.94531	0.37500	11679	0	0.23609	0.36618	0	0.19584	0.44150	0	0.19584	0.44150	0	0.46870	0.53717	8.45959	1.06647	0	0.73005	0.55703	11.72200	1.06647	0	-0.00672	-0.00998	0.68946	0.00186	1	0.06042	-0.01336	0.67489	0.00325	1	1.45898	0.81042	0	
1262596	8515.48145	3305954406446	0.00000	0.00000	8514.94531	0.37500	11679	0	0.23609	0.36618	0	0.19584	0.44150	0	0.19584	0.44150	0	0.46870	0.53717	8.45959	1.06647	0	0.73005	0.55703	11.72200	1.06647	0	-0.00672	-0.00998	0.68946	0.00186	1	0.06042	-0.01336	0.67489	0.00325	1	1.45898	0.81042	0	
1262597	8515.48730	3305954473042	0.00000	0.00000	8514.94531	0.37500	11679	0	0.23609	0.36618	0	0.19584	0.44150	0	0.19584	0.44150	0	0.46870	0.53717	8.45959	1.06647	0	0.73005	0.55703	11.72200	1.06647	0	-0.00672	-0.00998	0.68946	0.00186	1	0.06042	-0.01336	0.67489	0.00325	1	1.45898	0.81042	0	
1262598	8515.49414	3305954538606	0.00000	0.00000	8514.94531	0.37500	11679	0	0.23609	0.36618	0	0.19584	0.44150	0	0.19584	0.44150	0	0.46870	0.53717	8.45959	1.06647	0	0.73005	0.55703	11.72200	1.06647	0	-0.00672	-0.00998	0.68946	0.00186	1	0.06042	-0.01336	0.67489	0.00325	1	1.45898	0.81042	0	
1262599	8515.50098	3305954604799	0.00000	0.00000	8514.94531	0.37500	11679	0	0.23609	0.36618	0	0.19584	0.44150	0	0.19584	0.44150	0	0.46870	0.53717	8.45959	1.06647	0	0.73005	0.55703	11.72200	1.06647	0	-0.00672	-0.00998	0.68946	0.00186	1	0.06042	-0.01336	0.67489	0.00325	1	1.45898	0.81042	0	
1262600	8515.50781	3305954674540	0.00000	0.00000	8514.94531	0.37500	11679	0	0.23609	0.36618	0	0.19584	0.44150	0	0.19584	0.44150	0	0.46870	0.53717	8.45959	1.06647	0	0.73005	0.55703	11.72200	1.06647	0	-0.00672	-0.00998	0.68946	0.00186	1	0.06042	-0.01336	0.67489	0.00325	1	1.45898	0.81042	0	
1262601	8515.51465	3305954739802	0.26867	0.19920	8514.94531	0.37500	11679	0	0.55599	0.39240	1	0.51867	0.40440	1	0.53733	0.39840	1	0.47785	0.53663	10.81420	1.06647	1	0.73885	0.55479	11.36128	1.06647	1	-0.00672	-0.00998	0.68946	0.00345	1	0.06042	-0.01336	0.67489	0.00374	1	1.45898	0.81042	0	
1262602	8515.52148	3305954808098	0.35908	0.25029	8514.94531	0.37500	11679	0	0.55263	0.33752	1	0.52720	0.36740	1	0.53992	0.35246	1	0.47779	0.53655	10.35145	1.06647	1	0.73899	0.55437	10.88409	1.06647	1	-0.00672	-0.00998	0.68946	0.00341	1	0.06042	-0.01336	0.67489	0.00386	1	1.45898	0.81042	0	
1262603	8515.52832	3305954874925	0.53906	0.36777	8514.94531	0.37500	11679	0	0.55263	0.33752	1	0.52720	0.36740	1	0.53992	0.35246	1	0.47772	0.53692	10.47185	1.06647	1	0.73946	0.55508	11.64413	1.06647	1	-0.00556	-0.00935	0.67422	0.00347	1	0.06190	-0.01311	0.67777	0.00384	1	1.45898	0.81042	0	
1262604	8515.53516	3305954944154	0.54893	0.41019	8514.94531	0.37500	11679	0	0.58356	0.39208	1	0.53405	0.51312	1	0.55880	0.45260	1	0.47816	0.53732	11.40000	1.06647	1	0.73924	0.55548	12.16947	1.06647	1	-0.00556	-0.00935	0.67422	0.00346	1	0.06190	-0.01311	0.67777	0.00378	1	1.45898	0.81042	0	
1262605	8515.54102	3305955008608	0.54336	0.40837	8514.94531	0.37500	11679	0	0.55397	0.38474	1	0.51045	0.42472	1	0.53221	0.40473	1	0.47775	0.53719	10.54879	1.06647	1	0.73906	0.55501	11.57650	1.06647	1	-0.00556	-0.00935	0.67422	0.00356	1	0.06190	-0.01311	0.67777	0.00381	1	1.45898	0.81042	0	
1262606	8515.54785	3305955075975	0.54057	0.40746	8515.52832	0.01953	11680	1	0.55397	0.38474	1	0.51045	0.42472	1	0.53221	0.40473	1	0.47804	0.53742	11.04821	1.06647	1	0.73958	0.55536	11.46778	1.06647	1	-0.00556	-0.00935	0.67422	0.00346	1	0.06190	-0.01317	0.67777	0.00396	1	1.45898	0.81042	0	
1262607	8515.55469	3305955144232	0.54161	0.41925	8515.52832	0.02637	11680	1	0.57357	0.48324	1	0.51801	0.44963	1	0.54579	0.46644	1	0.47798	0.53770	11.75144	1.06647	1	0.73930	0.55514	11.07568	1.06647	1	-0.00556	-0.00935	0.67422	0.00342	1	0.06190	-0.01317	0.67777	0.00360	1	1.45898	0.81042	0	
1262608	8515.56152	3305955207420	0.54305	0.42048	8515.52832	0.03320	11680	1	0.58412	0.41515	1	0.51636	0.43805	1	0.55024	0.42660	1	0.47829	0.53750	11.02678	1.06647	1	0.73924	0.55515	12.14137	1.06647	1	-0.00556	-0.00935	0.67422	0.00340	1	0.06190	-0.01317	0.67777	0.00365	1	1.45898	0.81042	0	
1262609	8515.56836	3305955277411	0.54408	0.42135	8515.52832	0.04004	11680	1	0.58412	0.41515	1	0.51636	0.43805	1	0.55024	0.42660	1	0.47812	0.53729	11.08809	1.06647	1	0.73939	0.55493	11.50561	1.06647	1	-0.00565	-0.00955	0.68473	0.00347	1	0.06190	-0.01317	0.67777	0.00372	1	1.45898	0.81042	0	
1262610	8515.57520	3305955344236	0.54490	0.41529	8515.52832	0.04688	11680	1	0.58768	0.37086	1	0.51357	0.37488	1	0.55063	0.37287	1	0.47828	0.53714	11.82552	1.06647	1	0.73954	0.55436	11.03199	1.06647	1	-0.00565	-0.00955	0.68473	0.00354	1	0.06190	-0.01317	0.67777	0.00382	1	1.45898	0.81042	0	
1262611	8515.58203	3305955411145	0.54757	0.41163	8515.52832	0.05371	11680	1	0.60034	0.41785	1	0.53766	0.34676	1	0.56900	0.38231	1	0.47852	0.53752	11.87944	1.06647	1	0.73954	0.55412	11.31277	1.06647	1	-0.00565	-0.00955	0.68473	0.00342	1	0.06190	-0.01317	0.67777	0.00390	1	1.45898	0.81042	0	
1262612	8515.58789	3305955478209	0.54974	0.40801	8515.52832	0.05957	11680	1	0.59996	0.41140	1	0.53851	0.33943	1	0.56924	0.37541	1	0.47832	0.53725	11.51313	1.07555	1	0.73958	0.55482	10.97608	1.07555	1	-0.00565	-0.00969	0.69100	0.00343	1	0.06157	-0.01307	0.67308	0.00381	1	1.45898	0.81042	0	
1262613	8515.59473	3305955545352	0.55074	0.40709	8515.52832	0.06641	11680	1	0.58489	0.40351	1	0.53650	0.39230	1	0.56070	0.39790	1	0.47831	0.53733	11.46911	1.08464	1	0.73955	0.55497	11.05414	1.08464	1	-0.00565	-0.00969	0.69100	0.00349	1	0.06157	-0.01307	0.67308	0.00358	1	1.45898	0.81042	0	
1262614	8515.60156	3305955610674	0.54918	0.40879	8515.52832	0.07324	11680	1	0.54115	0.42849	1	0.52303	0.42659	1	0.53209	0.42754	1	0.47795	0.53758	11.15989	1.09373	1	0.73972	0.55512	11.49632	1.09373	1	-0.00565	-0.00969	0.69100	0.00354	1	0.06157	-0.01307	0.67308	0.00352	1	1.45898	0.81042	0	
1262615	8515.60840	3305955679178	0.54787	0.41066	8515.52832	0.08008	11680	1	0.54186	0.43399	1	0.52240	0.43230	1	0.53213	0.43315	1	0.47871	0.53769	12.12307	1.08571	1	0.73967	0.55519	11.62173	1.08571	1	-0.00526	-0.00920	0.65576	0.00364	1	0.06157	-0.01307	0.67308	0.00346	1	1.45898	0.81042	0	
1262616	8515.61523	3305955745632	0.54724	0.41315	8515.52832	0.08691	11680	1	0.55770	0.43578	1	0.52023	0.45504	1	0.53897	0.44541	1	0.47857	0.53768	12.06417	1.06861	1	0.73974	0.55533	11.75587	1.06861	1	-0.00526	-0.00920	0.65576	0.00361	1	0.06157	-0.01307	0.67308	0.00349	1	1.45898	0.81042	0	
1262617	8515.62207	3305955812945	0.54618	0.41429	8515.52832	0.09375	11680	1	0.54484	0.42587	1	0.51786	0.43474	1	0.53135	0.43030	1	0.47842	0.53744	11.87924	1.05150	1	0.73963	0.55494	11.41041	1.05150	1	-0.00526	-0.00920	0.65576	0.00350	1	0.06157	-0.01307	0.67308	0.00368	1	1.45898	0.81042	0	
1262618	8515.62891	3305955880229	0.54525	0.41570	8515.52832	0.10059	11680	1	0.54564	0.43237	1	0.51716	0.44139	1	0.53140	0.43688	1	0.47864	0.53734	11.16265	1.04242	1	0.73998	0.55484	12.11414	1.04242	1	-0.00542	-0.00951	0.68174	0.00343	1	0.06145	-0.01303	0.67062	0.00368	1	1.45898	0.81042	0	
1262619	8515.63477	3305955946732	0.54543	0.41601	8515.52832	0.10645	11680	1	0.55320	0.42644	1	0.54340	0.41550	1	0.54830	0.42097	1	0.47850	0.53759	12.09214	1.05044	1	0.74008	0.55483	12.12965	1.05044	1	-0.00542	-0.00951	0.68174	0.00336	1	0.06145	-0.01303	0.67062	0.00375	1	1.45898	0.81042	0	
1262620	8515.64160	3305956014147	0.54606	0.41549	8515.52832	0.11328	11680	1	0.56940	0.40361	1	0.54420	0.40946	1	0.55680	0.40653	1	0.47876	0.53746	11.25552	1.05845	1	0.74008	0.55483	12.12965	1.05845	1	-0.00542	-0.00951	0.68174	0.00343	1	0.06145	-0.01303	0.67062	0.00375	1	1.45898	0.81042	0	
1262621	8515.64844	3305956076540	0.54663	0.41470	8515.52832	0.12012	11680	1	0.56885	0.39775	1	0.54500	0.40341	1	0.55693	0.40058	1	0.47884	0.53701	11.23233	1.06647	1	0.74003	0.55531	12.38388	1.06647	1	-0.00536	-0.00946	0.67428	0.00350	1	0.06261	-0.01332	0.68326	0.00371	1	1.45898	0.81042	0	
1262622	8515.65527	3305956145332	0.54734	0.41406	8515.52832	0.12695	11680	1	0.59015	0.39307	1	0.53131	0.41067	1	0.56073	0.40187	1	0.47915	0.53724	12.04142	1.06647	1	0.74026	0.55539	12.02222	1.06647	1	-0.00536	-0.00946	0.67428	0.00346	1	0.06261	-0.01332	0.68326	0.00402	1	1.45898	0.81042	0	
1262623	8515.66211	3305956212345	0.54770	0.41399	8515.52832	0.13379	11680	1	0.59318	0.37783	1	0.51677	0.44721	1	0.55497	0.41252	1	0.47925	0.53739	11.57271	1.06647	1	0.74001	0.55572	12.45832	1.06647	1	-0.00536	-0.00946	0.67428	0.00343	1	0.06261	-0.01332	0.68326	0.00395	1	1.45898	0.81042	0	
1262624	8515.66797	3305956278945	0.54804	0.41362	8515.52832	0.13965	11680	1	0.59274	0.37103	1	0.51745	0.44075	1	0.55509	0.40589	1	0.47948	0.53762	12.13157	1.07555	1	0.74006	0.55592	12.49638	1.07555	1	-0.00554	-0.00981	0.70304	0.00348	1	0.06304	-0.01334	0.68689	0.00387	1	1.45898	0.81042	0	
1262625	8515.67578	3305956348908	0.54835	0.41382	8515.52832	0.14746	11680	1	0.58523	0.40705	1	0.52498	0.42957	1	0.55510	0.41831	1	0.47941	0.53770	12.09278	1.08464	1	0.74018	0.55533	12.04357	1.08464	1	-0.00554	-0.00981	0.70304	0.00362	1	0.06304	-0.01334	0.68689	0.00375	1	1.45898	0.81042	0	
1262626	8515.68164	3305956416052	0.54821	0.41302	8515.52832	0.15332	11680	1	0.56090	0.40201	1	0.52938	0.38705	1	0.54514	0.39453	1	0.47941	0.53770	12.09278	1.09373	1	0.74018	0.55522	12.07851	1.09373	1	-0.00554	-0.00981	0.70304	0.00362	1	0.06304	-0.01334	0.68689	0.00381	1	1.45898	0.81042	0	
1262627	8515.68848	3305956483003	0.54809	0.41201	8515.52832	0.16016	11680	1	0.56024	0.39557	1	0.53014	0.38024	1	0.54519	0.38791	1	0.47981	0.53761	11.94119	1.10281	1	0.74116	0.55636	13.07929	1.10281	1	-0.00541	-0.01006	0.71371	0.00337	1	0.06158	-0.01316	0.66985	0.00361	1	1.45898	0.81042	0	
1262628	8515.69531	3305956549657	0.54827	0.41040	8515.52832	0.16699	11680	1	0.57194	0.36631	1	0.53351	0.37400	1	0.55272	0.37016	1	0.48042	0.53732	11.24493	1.10281	1	0.74138	0.55566	12.29041	1.10281	1	-0.00541	-0.01006	0.71371	0.00357	1	0.06158	-0.01316	0.66985	0.00360	1	1.45898	0.81042	0	
1262629	8515.70215	3305956616808	0.54651	0.40573	8515.52832	0.17383	11680	1	0.52931	0.20816	1	0.47235	0.36027	1	0.50083	0.28421	1	0.48065	0.53528	11.12373	1.10281	1	0.74129	0.55577	12.26694	1.10281	1	-0.00541	-0.01006	0.71371	0.00232	1	0.06158	-0.01316	0.66985	0.00350	1	1.45898	0.81042	0	
1262630	8515.70898	3305956683654	0.54489	0.40176	8515.52832	0.18066	11680	1	0.53019	0.21617	1	0.47179	0.37304	1	0.50099	0.29460	1	0.48402	0.53828	11.17690	1.09373	1	0.74441	0.55713	11.46449	1.08607	1	-0.00450	-0.00978	0.68245	0.00336	1	0.06097	-0.01301	0.65732	0.00358	1	1.45898	0.81042	0	
1262631	8515.71582	3305956750971	0.54841	0.40373	8515.52832	0.18750	11680	1	0.66409	0.40380	1	0.63019	0.51393	1	0.64714	0.45887	1	0.48462	0.53808	11.79215	1.07698	1	0.74496	0.55750	12.93796	1.06932	1	-0.00450	-0.00978	0.68245	0.00384	1	0.06097	-0.01301	0.65732	0.00380	1	1.45898	0.81042	0	
1262632	8515.72266	3305956818280	0.55097	0.40709	8515.52832	0.19434	11680	1	0.64656	0.44325	1	0.60391	0.56563	1	0.62523	0.50444	1	0.48471	0.53832	11.61838	1.06024	1	0.74499	0.55782	12.64249	1.05258	1	-0.00450	-0.00978	0.68245	0.00361	1	0.06097	-0.01301	0.65732	0.00363	1	1.45898	0.81042	0	
1262633	8515.72852	3305956884459	0.55333	0.41067	8515.52832	0.20020	11680	1	0.64664	0.46030	1	0.60123	0.57610	1	0.62394	0.51820	1	0.48613	0.53923	11.28647	1.03547	1	0.74806	0.55590	10.34637	1.03547	1	-0.00405	-0.00955	0.66700	0.00355	1	0.06291	-0.01343	0.67556	0.00255	1	1.45898	0.81042	0	
1262634	8515.73535	3305956951788	0.55786	0.41639	8515.52832	0.20703	11680	1	0.72901	0.51122	1	0.66780	0.67597	1	0.69840	0.59359	1	0.48637	0.53901	11.70260	1.02746	1	0.74670	0.55880	12.10243	1.03512	1	-0.00405	-0.00955	0.66700	0.00354	1	0.06291	-0.01343	0.67556	0.00380	1	1.45898	0.81042	0	
1262635	8515.74219	3305957018550	0.59082	0.42477	8515.52832	0.20703	11680	0	0.73467	0.51595	1	0.74552	0.41708	1	0.74010	0.46652	1	0.48633	0.53902	11.79219	1.02710	1	0.74790	0.55576	10.23552	1.03476	1	-0.00405	-0.00955	0.66700	0.00348	1	0.06291	-0.01343	0.67556	0.00264	1	1.45898	0.81042	0	
1262636	8515.74902	3305957085851	0.66679	0.44124	8515.52832	0.20703	11680	0	0.73524	0.51107	1	0.75027	0.40435	1	0.74275	0.45771	1	0.48643	0.53934	12.12922	1.03476	1	0.74667	0.55856	11.93339	1.05110	1	-0.00417	-0.00977	0.67813	0.00353	1	0.06582	-0.01414	0.70619	0.00360	1	1.45898	0.81042	0	
1262637	8515.75586	3305957152440	0.68022	0.48273	8515.52832	0.20703	11680	0	0.73202	0.50331	1	0.68217	0.62811	1	0.70710	0.56571	1	0.48638	0.53891	11.83288	1.05912	1	0.74670	0.55858	11.74052	1.06780	1	-0.00417	-0.00977	0.67813	0.00356	1	0.06582	-0.01414	0.70619	0.00363	1	1.45898	0.81042	0	
1262638	8515.76270	3305957219744	0.72253	0.52513	8515.52832	0.20703	11680	0	0.74964	0.48580	1	0.68585	0.61815	1	0.71774	0.55198	1	0.48631	0.53923	11.86543	1.07581	1	0.74664	0.55861	11.93136	1.08449	1	-0.00417	-0.00977	0.67813	0.00356	1	0.06582	-0.01414	0.70619	0.00362	1	1.45898	0.81042	0	
1262639	8515.76953	3305957286656	0.72142	0.53361	8515.52832	0.20703	11680	0	0.75102	0.47520	1	0.68962	0.60897	1	0.72032	0.54209	1	0.48640	0.53941	12.20320	1.09251	1	0.74648	0.55850	11.85260	1.10119	1	-0.00417	-0.00971	0.67813	0.00353	1	0.06582	-0.01414	0.70619	0.00365	1	1.45898	0.81042	0	
1262640	8515.77539	3305957353174	0.71654	0.54222	8515.52832	0.20703	11680	0	0.73149	0.51170	1	0.68202	0.60718	1	0.70676	0.55944	1	0.48628	0.53956	11.72768	1.10119	1	0.74653	0.55858	12.05086	1.10119	1	-0.00417	-0.00971	0.67813	0.00351	1	0.06582	-0.01414	0.70619	0.00363	1	1.45898	0.81042	0	
1262641	8515.78223	3305957420718	0.71471	0.54457	8515.76270	0.01953	11681	1	0.73891	0.47366	1	0.67953	0.62961	1	0.70922	0.55163	1	0.48642	0.53918	12.18820	1.10119	1	0.74660	0.55894	11.43465	1.10119	1	-0.00417	-0.00971	0.67813	0.00346	1	0.06582	-0.01414	0.70619	0.00376	1	1.45898	0.81042	0	
1262642	8515.78906	3305957485563	0.71352	0.54579	8515.76270	0.02637	11681	1	0.73956	0.46792	1	0.67796	0.63345	1	0.70876	0.55069	1	0.48653	0.53919	11.96338	1.11028	1	0.74832	0.55609	10.35192	1.09394	1	-0.00418	-0.00985	0.68785	0.00340	1	0.06164	-0.01327	0.66030	0.00253	1	1.45898	0.81042	0	
1262643	8515.79590	3305957554205	0.72007	0.52400	8515.76270	0.03320	11681	1	0.70178	0.45937	1	0.80388	0.37068	1	0.75283	0.41502	1	0.48601	0.53917	11.39528	1.10302	1	0.74833	0.55600	10.06623	1.08668	1	-0.00418	-0.00985	0.68785	0.00353	1	0.06164	-0.01327	0.66030	0.00260	1	1.45898	0.81042	0	
1262644	8515.80273	3305957622261	0.72064	0.53426	8515.76270	0.04004	11681	1	0.74725	0.53258	1	0.70088	0.65905	1	0.72407	0.59581	1	0.48650	0.53974	11.60118	1.09577	1	0.74699	0.55890	11.61569	1.07943	1	-0.00418	-0.00985	0.68785	0.00354	1	0.06164	-0.01327	0.66030	0.00381	1	1.45898	0.81042	0	
1262645	8515.80957	3305957689927	0.72104	0.54220	8515.76270	0.04688	11681	1	0.74666	0.53680	1	0.70098	0.65884	1	0.72382	0.59782	1	0.48654	0.53922	11.52309	1.08851	1	0.74699	0.55872	11.85332	1.07983	1	-0.00419	-0.01007	0.70695	0.00333	1	0.06295	-0.01351	0.67483	0.00372	1	1.45898	0.81042	0	
1262646	8515.81641	3305957755510	0.72069	0.54651	8515.76270	0.05371	11681	1	0.75385	0.52929	1	0.68204	0.63262	1	0.71794	0.58096	1	0.48666	0.53980	11.37158	1.07983	1	0.74671	0.55883	11.60289	1.08749	1	-0.00419	-0.01007	0.70695	0.00361	1	0.06295	-0.01351	0.67483	0.00373	1	1.45898	0.81042	0	
1262647	8515.82324	3305957822784	0.72207	0.55335	8515.76270	0.06055	11681	1	0.78503	0.55484	1	0.68378	0.67502	1	0.73441	0.61493	1	0.48704	0.53983	11.84817	1.08749	1	0.74655	0.55898	11.89120	1.09515	1	-0.00419	-0.01007	0.70695	0.00360	1	0.06295	-0.01351	0.67483	0.00373	1	1.45898	0.81042	0	
1262648	8515.82910	3305957889358	0.72317	0.55902	8515.76270	0.06641	11681	1	0.78487	0.55564	1	0.68347	0.67572	1	0.73417	0.61568	1	0.48679	0.53933	12.04280	1.08607	1	0.74840	0.55603	10.00573	1.09373	1	-0.00406	-0.00965	0.67712	0.00333	1	0.06337	-0.01355	0.67940	0.00240	1	1.45898	0.81042	0	
1262649	8515.83594	3305957956560	0.72224	0.56091	8515.76270	0.07324	11681	1	0.74621	0.47152	1	0.67780	0.69183	1	0.71201	0.58168	1	0.48651	0.53902	11.37039	1.08464	1	0.74661	0.55935	11.46640	1.08464	1	-0.00406	-0.00965	0.67712	0.00342	1	0.06337	-0.01355	0.67940	0.00379	1	1.45898	0.81042	0	
1262650	8515.84180	3305958016531	0.72609	0.55208	8515.76270	0.07910	11681	1	0.74698	0.49740	1	0.79767	0.39493	1	0.77232	0.44617	1	0.48662	0.53929	11.10597	1.07555	1	0.74841	0.55598	9.94394	1.07555	1	-0.00406	-0.00965	0.67712	0.00349	1	0.06337	-0.01355	0.67940	0.00244	1	1.45898	0.81042	0	
1262651	8515.84863	3305958085836	0.72914	0.54537	8515.76270	0.08594	11681	1	0.74559	0.50809	1	0.79209	0.40818	1	0.76884	0.45813	1	0.48697	0.53921	11.42783	1.05845	1	0.74864	0.55597	9.87950	1.05845	1	-0.00390	-0.00938	0.65844	0.00354	1	0.06295	-0.01341	0.67483	0.00253	1	1.45898	0.81042	0	
1262652	8515.85645	3305958158260	0.73248	0.53843	8515.76270	0.09375	11681	1	0.76346	0.46033	1	0.79506	0.42217	1	0.77926	0.44125	1	0.48697	0.53864	11.33387	1.05044	1	0.74855	0.55612	10.46254	1.05044	1	-0.00390	-0.00938	0.65844	0.00368	1	0.06295	-0.01341	0.67483	0.00235	1	1.45898	0.81042	0	
1262653	8515.86328	3305958224063	0.73587	0.53544	8515.76270	0.10059	11681	1	0.77657	0.55246	1	0.79674	0.42866	1	0.78666	0.49056	1	0.48702	0.53920	11.07700	1.04242	1	0.74868	0.55604	9.87226	1.04242	1	-0.00390	-0.00938	0.65844	0.00348	1	0.06295	-0.01341	0.67483	0.00244	1	1.45898	0.81042	0	
1262654	8515.86914	3305958291071	0.73890	0.53261	8515.76270	0.10645	11681	1	0.77758	0.54709	1	0.79722	0.42757	1	0.78740	0.48733	1	0.48701	0.53932	11.11738	1.05150	1	0.74850	0.55605	10.47097	1.04385	1	-0.00419	-0.01007	0.70695	0.00341	1	0.06164	-0.01312	0.66030	0.00238	1	1.45898	0.81042	0	
1262655	8515.87598	3305958358344	0.73965	0.52893	8515.76270	0.11328	11681	1	0.74156	0.51454	1	0.76335	0.41837	1	0.75246	0.46645	1	0.48691	0.53879	11.36360	1.06095	1	0.74843	0.55608	10.48980	1.05329	1	-0.00419	-0.01007	0.70695	0.00351	1	0.06164	-0.01312	0.66030	0.00227	1	1.45898	0.81042	0	
1262656	8515.88281	3305958422489	0.74096	0.52459	8515.76270	0.12012	11681	1	0.73189	0.51827	1	0.79708	0.37463	1	0.76449	0.44645	1	0.48674	0.53863	10.91814	1.07039	1	0.74843	0.55584	10.11649	1.06273	1	-0.00419	-0.01007	0.70695	0.00362	1	0.06164	-0.01312	0.66030	0.00234	1	1.45898	0.81042	0	
1262657	8515.88965	3305958490791	0.74220	0.52052	8515.76270	0.12695	11681	1	0.73192	0.51805	1	0.79972	0.36818	1	0.76582	0.44312	1	0.48697	0.53903	10.85480	1.07075	1	0.74855	0.55576	10.09229	1.07075	1	-0.00400	-0.00974	0.68385	0.00349	1	0.06339	-0.01349	0.67850	0.00225	1	1.45898	0.81042	0	
1262658	8515.89648	3305958556932	0.75808	0.49646	8515.76270	0.12695	11681	0	0.72911	0.54824	1	0.74922	0.38337	1	0.73916	0.46581	1	0.48671	0.53913	10.71981	1.06166	1	0.74850	0.55592	10.09493	1.06932	1	-0.00400	-0.00974	0.68385	0.00331	1	0.06339	-0.01349	0.67850	0.00223	1	1.45898	0.81042	0	
1262659	8515.90234	3305958622303	0.75949	0.46600	8515.76270	0.12695	11681	0	0.74920	0.49725	1	0.77259	0.37384	1	0.76089	0.43554	1	0.48704	0.53861	11.57689	1.06024	1	0.74871	0.55595	9.89938	1.06790	1	-0.00400	-0.00974	0.68385	0.00318	1	0.06339	-0.01349	0.67850	0.00229	1	1.45898	0.81042	0	
1262660	8515.91016	3305958692935	0.75986	0.45619	8515.76270	0.12695	11681	0	0.74908	0.49815	1	0.77215	0.37498	1	0.76061	0.43656	1	0.48693	0.53821	10.78522	1.05881	1	0.74875	0.55579	9.49148	1.06647	1	-0.00394	-0.00955	0.67387	0.00327	1	0.06339	-0.01349	0.67850	0.00223	1	1.45898	0.81042	0	
1262661	8515.91699	3305958760484	0.75719	0.44998	8515.89648	0.02051	11682	1	0.74144	0.50173	1	0.75688	0.36094	1	0.74916	0.43134	1	0.48688	0.53877	10.88800	1.06647	1	0.74859	0.55561	9.23416	1.06647	1	-0.00394	-0.00955	0.67387	0.00338	1	0.06339	-0.01349	0.67850	0.00226	1	1.45898	0.81042	0	
1262662	8515.92285	3305958827234	0.75571	0.44783	8515.89648	0.02637	11682	1	0.73378	0.51638	1	0.76582	0.36208	1	0.74980	0.43923	1	0.48679	0.53896	10.96443	1.06647	1	0.74867	0.55565	9.30701	1.06647	1	-0.00394	-0.00955	0.67387	0.00334	1	0.06339	-0.01349	0.67850	0.00220	1	1.45898	0.81042	0	
1262663	8515.92969	3305958894370	0.75472	0.44639	8515.89648	0.03320	11682	1	0.73378	0.51638	1	0.76582	0.36208	1	0.74980	0.43923	1	0.48664	0.53872	10.54818	1.06647	1	0.74869	0.55547	9.56357	1.06647	1	-0.00400	-0.00974	0.68385	0.00343	1	0.06339	-0.01349	0.67850	0.00229	1	1.45898	0.81042	0	
1262664	8515.93652	3305958961329	0.75398	0.44806	8515.89648	0.04004	11682	1	0.72807	0.51645	1	0.77100	0.39961	1	0.74953	0.45803	1	0.48671	0.53891	10.78008	1.06647	1	0.74878	0.55599	9.71186	1.06647	1	-0.00400	-0.00974	0.68385	0.00341	1	0.06339	-0.01349	0.67850	0.00240	1	1.45898	0.81042	0	
1262665	8515.94336	3305959028422	0.75397	0.44814	8515.89648	0.04688	11682	1	0.73467	0.49434	1	0.77303	0.40314	1	0.75385	0.44874	1	0.48679	0.53862	10.73760	1.06647	1	0.74889	0.55603	9.63422	1.06647	1	-0.00400	-0.00974	0.68385	0.00337	1	0.06339	-0.01349	0.67850	0.00231	1	1.45898	0.81042	0	
1262666	8515.95020	3305959095111	0.75395	0.44821	8515.89648	0.05371	11682	1	0.73467	0.49434	1	0.77303	0.40314	1	0.75385	0.44874	1	0.48677	0.53856	10.95171	1.06647	1	0.74891	0.55598	9.42559	1.06647	1	-0.00400	-0.00974	0.68385	0.00334	1	0.06338	-0.01346	0.67731	0.00233	1	1.45898	0.81042	0	
1262667	8515.95703	3305959162475	0.75618	0.44769	8515.89648	0.06055	11682	1	0.75542	0.50333	1	0.79709	0.38273	1	0.77626	0.44303	1	0.48713	0.53872	10.89509	1.06647	1	0.74924	0.55586	9.51689	1.06647	1	-0.00400	-0.00974	0.68385	0.00331	1	0.06338	-0.01346	0.67731	0.00235	1	1.45898	0.81042	0	
1262668	8515.96387	3305959229173	0.75649	0.44720	8515.89648	0.06738	11682	1	0.75077	0.49624	1	0.76830	0.38835	1	0.75954	0.44230	1	0.48705	0.53866	10.45541	1.06647	1	0.74883	0.55583	10.55655	1.06647	1	-0.00400	-0.00974	0.68385	0.00337	1	0.06338	-0.01346	0.67731	0.00226	1	1.45898	0.81042	0	
1262669	8515.96973	3305959296106	0.75674	0.44679	8515.89648	0.07324	11682	1	0.75077	0.49624	1	0.76830	0.38835	1	0.75954	0.44230	1	0.48713	0.53889	10.66156	1.06647	1	0.74896	0.55616	10.22980	1.06647	1	-0.00400	-0.00974	0.68385	0.00338	1	0.06338	-0.01346	0.67731	0.00219	1	1.45898	0.81042	0	
1262670	8515.97656	3305959363200	0.75729	0.44704	8515.89648	0.08008	11682	1	0.74908	0.50735	1	0.77856	0.39274	1	0.76382	0.45005	1	0.48699	0.53881	10.87719	1.06647	1	0.74890	0.55587	9.74386	1.06647	1	-0.00400	-0.00974	0.68385	0.00332	1	0.06338	-0.01346	0.67731	0.00217	1	1.45898	0.81042	0	
1262671	8515.98340	3305959430182	0.75731	0.44871	8515.89648	0.08691	11682	1	0.73225	0.53921	1	0.78286	0.40167	1	0.75755	0.47044	1	0.48673	0.53922	11.09725	1.06647	1	0.74901	0.55604	9.95089	1.06647	1	-0.00400	-0.00974	0.68385	0.00349	1	0.06338	-0.01346	0.67731	0.00222	1	1.45898	0.81042	0	
1262672	8515.99023	3305959495897	0.75724	0.45036	8515.89648	0.09375	11682	1	0.73225	0.53921	1	0.78044	0.40759	1	0.75634	0.47340	1	0.48602	0.53841	10.24481	1.06647	1	0.74620	0.55777	11.01701	1.05881	1	-0.00417	-0.00961	0.67814	0.00342	1	0.06216	-0.01318	0.66586	0.00396	1	1.45898	0.81042	0	
1262673	8515.99707	3305959563846	0.75822	0.44714	8515.89648	0.10059	11682	1	0.74334	0.45601	1	0.80235	0.34163	1	0.77285	0.39882	1	0.48547	0.53831	10.10310	1.05881	1	0.74785	0.55526	9.80745	1.05115	1	-0.00417	-0.00961	0.67814	0.00359	1	0.06216	-0.01318	0.66586	0.00222	1	1.45898	0.81042	0	
1262674	8516.00391	3305959630840	0.76098	0.44845	8515.89648	0.10742	11682	1	0.79123	0.48822	1	0.81906	0.45060	1	0.80515	0.46941	1	0.48544	0.53826	11.39906	1.05115	1	0.74789	0.55530	10.32353	1.04349	1	-0.00417	-0.00961	0.67814	0.00311	1	0.06216	-0.01318	0.66586	0.00248	1	1.45898	0.81042	0	
1262675	8516.01074	3305959699088	0.76333	0.44991	8515.89648	0.11426	11682	1	0.79031	0.49317	1	0.81633	0.45631	1	0.80332	0.47474	1	0.48183	0.53717	10.20053	1.04349	1	0.74232	0.55629	10.99881	1.03583	1	-0.00473	-0.00931	0.67127	0.00353	1	0.06216	-0.01311	0.67234	0.00357	1	1.45898	0.81042	0	
1262676	8516.01758	3305959766535	0.75364	0.45131	8515.89648	0.12109	11682	1	0.58631	0.46063	1	0.57216	0.49253	1	0.57924	0.47658	1	0.48058	0.53742	10.30324	1.03583	1	0.74222	0.55577	11.00688	1.03583	1	-0.00473	-0.00931	0.67127	0.00363	1	0.06216	-0.01311	0.67234	0.00346	1	1.45898	0.81042	0	
1262677	8516.02344	3305959832846	0.74750	0.45477	8515.89648	0.12695	11682	1	0.62154	0.44409	1	0.64014	0.59670	1	0.63084	0.52040	1	0.48081	0.53651	10.97928	1.03583	1	0.74254	0.55655	12.08043	1.03583	1	-0.00473	-0.00931	0.67127	0.00349	1	0.06216	-0.01311	0.67234	0.00363	1	1.45898	0.81042	0	
1262678	8516.03027	3305959898697	0.74198	0.45778	8515.89648	0.13379	11682	1	0.62154	0.44409	1	0.64162	0.59216	1	0.63158	0.51812	1	0.47879	0.53703	9.96996	1.03583	1	0.73898	0.55505	11.15119	1.04349	1	-0.00515	-0.00934	0.67320	0.00356	1	0.06145	-0.01303	0.67062	0.00364	1	1.45898	0.81042	0	
1262679	8516.03711	3305959965948	0.72993	0.45576	8515.89648	0.14062	11682	1	0.50085	0.47010	1	0.45304	0.35653	1	0.47695	0.41332	1	0.47831	0.53686	10.57520	1.04349	1	0.73895	0.55436	10.86104	1.05115	1	-0.00515	-0.00934	0.67320	0.00338	1	0.06145	-0.01303	0.67062	0.00388	1	1.45898	0.81042	0	
1262680	8516.04395	3305960032882	0.68594	0.45846	8515.89648	0.14062	11682	0	0.52497	0.43446	1	0.46329	0.35344	1	0.49413	0.39395	1	0.47881	0.53673	10.45874	1.05115	1	0.73912	0.55428	10.92321	1.05881	1	-0.00515	-0.00934	0.67320	0.00337	1	0.06145	-0.01303	0.67062	0.00393	1	1.45898	0.81042	0	
1262681	8516.05078	3305960100257	0.58989	0.42331	8515.89648	0.14062	11682	0	0.52416	0.42903	1	0.46350	0.34731	1	0.49383	0.38817	1	0.47875	0.53676	10.57944	1.05881	1	0.73900	0.55488	11.22447	1.06647	1	-0.00515	-0.00934	0.67320	0.00340	1	0.06145	-0.01303	0.67062	0.00375	1	1.45898	0.81042	0	
1262682	8516.05762	3305960166617	0.54771	0.42247	8515.89648	0.14062	11682	0	0.50163	0.40181	1	0.42507	0.43974	1	0.46335	0.42077	1	0.47845	0.53623	10.93497	1.06647	1	0.73897	0.55528	11.43625	1.06647	1	-0.00515	-0.00934	0.67320	0.00355	1	0.06145	-0.01303	0.67062	0.00351	1	1.45898	0.81042	0	
1262683	8516.06348	3305960233832	0.46864	0.40949	8515.89648	0.14062	11682	0	0.47928	0.41857	1	0.41818	0.42046	1	0.44873	0.41952	1	0.47849	0.53643	11.01394	1.06647	1	0.73883	0.55520	11.25945	1.06647	1	-0.00515	-0.00934	0.67320	0.00344	1	0.06145	-0.01303	0.67062	0.00359	1	1.45898	0.81042	0	
1262684	8516.07031	3305960300810	0.45871	0.41590	8515.89648	0.14062	11682	0	0.47928	0.41857	1	0.41829	0.42604	1	0.44879	0.42231	1	0.47882	0.53647	10.16151	1.06647	1	0.73904	0.55487	10.65575	1.05881	1	-0.00515	-0.00934	0.67320	0.00347	1	0.06035	-0.01276	0.65708	0.00390	1	1.45898	0.81042	0	
1262685	8516.07715	3305960367776	0.46635	0.42044	8515.89648	0.14062	11682	0	0.52535	0.43655	1	0.43789	0.42247	1	0.48162	0.42951	1	0.47882	0.53667	10.38895	1.05881	1	0.73908	0.55491	10.70985	1.05115	1	-0.00515	-0.00934	0.67320	0.00340	1	0.06035	-0.01276	0.65708	0.00385	1	1.45898	0.81042	0	
1262686	8516.08398	3305960434976	0.46954	0.42084	8516.06348	0.02051	11683	1	0.52624	0.45998	1	0.43201	0.38409	1	0.47912	0.42204	1	0.47894	0.53679	10.32627	1.05115	1	0.73904	0.55487	10.65575	1.04349	1	-0.00515	-0.00934	0.67320	0.00359	1	0.06035	-0.01276	0.65708	0.00390	1	1.45898	0.81042	0	
1262687	8516.09082	3305960502182	0.47154	0.42160	8516.06348	0.02734	11683	1	0.52704	0.46522	1	0.43201	0.38409	1	0.47952	0.42466	1	0.47892	0.53672	10.22138	1.04349	1	0.73929	0.55463	10.39958	1.04349	1	-0.00515	-0.00934	0.67320	0.00361	1	0.06158	-0.01301	0.66985	0.00383	1	1.45898	0.81042	0	
1262688	8516.09766	3305960567963	0.47335	0.41748	8516.06348	0.03418	11683	1	0.51476	0.42836	1	0.45006	0.36541	1	0.48241	0.39689	1	0.47876	0.53663	10.52531	1.04349	1	0.73928	0.55465	10.44184	1.05115	1	-0.00515	-0.00934	0.67320	0.00342	1	0.06158	-0.01301	0.66985	0.00380	1	1.45898	0.81042	0	
1262689	8516.10449	3305960636237	0.45639	0.41048	8516.06348	0.04102	11683	1	0.51476	0.42836	0	0.35461	0.36847	1	0.35461	0.36847	1	0.47876	0.53663	10.52531	1.05115	0	0.47883	0.53646	10.23636	1.05881	1	-0.00515	-0.00934	0.67320	0.00342	1	0.06158	-0.01301	0.66985	0.00347	1	1.45898	0.81042	0	
1262690	8516.11035	3305960703022	0.44343	0.40268	8516.06348	0.04688	11683	1	0.51476	0.42836	0	0.35270	0.34806	1	0.35270	0.34806	1	0.47876	0.53663	10.52531	1.05881	0	0.47875	0.53655	10.20522	1.08507	1	-0.00515	-0.00934	0.67320	0.00342	1	-0.00548	-0.01020	0.73142	0.00340	1	1.45898	0.81042	0	
1262691	8516.11719	3305960769566	0.43295	0.40213	8516.06348	0.05371	11683	1	0.51476	0.42836	0	0.34911	0.39772	1	0.34911	0.39772	1	0.47876	0.53663	10.52531	1.08507	0	0.47877	0.53661	10.35945	1.10367	1	-0.00515	-0.00934	0.67320	0.00342	1	-0.00548	-0.01020	0.73142	0.00341	1	1.45898	0.81042	0	
1262692	8516.12402	3305960836502	0.42378	0.39144	8516.06348	0.06055	11683	1	0.51476	0.42836	0	0.34127	0.29527	1	0.34127	0.29527	1	0.47876	0.53663	10.52531	1.10367	0	0.47864	0.53630	10.09660	1.12227	1	-0.00515	-0.00934	0.67320	0.00342	1	-0.00548	-0.01020	0.73142	0.00349	1	1.45898	0.81042	0	
1262693	8516.13086	3305960903152	0.41628	0.38270	8516.06348	0.06738	11683	1	0.51476	0.42836	0	0.34127	0.29527	1	0.34127	0.29527	1	0.47876	0.53663	10.52531	1.12227	0	0.47852	0.53674	10.35356	1.12227	1	-0.00515	-0.00934	0.67320	0.00342	1	-0.00506	-0.00961	0.68899	0.00369	1	1.45898	0.81042	0	
1262694	8516.13672	3305960966870	0.41628	0.38270	8516.06348	0.07324	11683	1	0.51476	0.42836	0	0.34127	0.29527	0	0.34127	0.29527	0	0.47876	0.53663	10.52531	1.12227	0	0.47852	0.53674	10.35356	1.10367	0	-0.00515	-0.00934	0.67320	0.00342	1	-0.00506	-0.00961	0.68899	0.00369	1	1.45898	0.81042	0	
1262695	8516.14453	3305961037790	0.41628	0.38270	8516.06348	0.08105	11683	1	0.51476	0.42836	0	0.34127	0.29527	0	0.34127	0.29527	0	0.47876	0.53663	10.52531	1.10367	0	0.47852	0.53674	10.35356	1.08507	0	-0.00515	-0.00934	0.67320	0.00342	1	-0.00506	-0.00961	0.68899	0.00369	1	1.45898	0.81042	0	
1262696	8516.15137	3305961104608	0.41628	0.38270	8516.06348	0.08789	11683	1	0.51476	0.42836	0	0.34127	0.29527	0	0.34127	0.29527	0	0.47876	0.53663	10.52531	1.08507	0	0.47852	0.53674	10.35356	1.06647	0	-0.00515	-0.00934	0.67320	0.00342	1	-0.00506	-0.00961	0.68899	0.00369	1	1.45898	0.81042	0	
1262697	8516.15723	3305961172062	0.41104	0.38002	8516.06348	0.08789	11683	0	0.51476	0.42836	0	0.34127	0.29527	0	0.34127	0.29527	0	0.47876	0.53663	10.52531	1.06647	0	0.47852	0.53674	10.35356	1.06647	0	-0.00515	-0.00934	0.67320	0.00342	1	-0.00506	-0.00961	0.68899	0.00369	1	1.45898	0.81042	0	
1262698	8516.16406	3305961238488	0.41104	0.38002	8516.06348	0.08789	11683	0	0.51476	0.42836	0	0.34127	0.29527	0	0.34127	0.29527	0	0.47876	0.53663	10.52531	1.06647	0	0.47852	0.53674	10.35356	1.06647	0	-0.00515	-0.00934	0.67320	0.00342	1	-0.00506	-0.00961	0.68899	0.00369	1	1.45898	0.81042	0	
1262699	8516.17090	3305961305943	0.41104	0.38002	8516.06348	0.08789	11683	0	0.51476	0.42836	0	0.34127	0.29527	0	0.34127	0.29527	0	0.47876	0.53663	10.52531	1.06647	0	0.47852	0.53674	10.35356	1.06647	0	-0.00515	-0.00934	0.67320	0.00342	1	-0.00506	-0.00961	0.68899	0.00369	1	1.45898	0.81042	0	
1262700	8516.17773	3305961372387	0.00000	0.00000	8516.06348	0.08789	11683	0	0.51476	0.42836	0	0.34127	0.29527	0	0.34127	0.29527	0	0.47876	0.53663	10.52531	1.06647	0	0.47852	0.53674	10.35356	1.06647	0	-0.00515	-0.00934	0.67320	0.00342	1	-0.00506	-0.00961	0.68899	0.00369	1	1.45898	0.81042	0	
1262701	8516.18457	3305961439822	0.00000	0.00000	8516.06348	0.08789	11683	0	0.51476	0.42836	0	0.34127	0.29527	0	0.34127	0.29527	0	0.47876	0.53663	10.52531	1.06647	0	0.47852	0.53674	10.35356	1.06647	0	-0.00515	-0.00934	0.67320	0.00342	1	-0.00506	-0.00961	0.68899	0.00369	1	1.45898	0.81042	0	
1262702	8516.19141	3305961506514	0.00000	0.00000	8516.06348	0.08789	11683	0	0.51476	0.42836	0	0.34127	0.29527	0	0.34127	0.29527	0	0.47876	0.53663	10.52531	1.06647	0	0.47852	0.53674	10.35356	1.06647	0	-0.00515	-0.00934	0.67320	0.00342	1	-0.00506	-0.00961	0.68899	0.00369	1	1.45898	0.81042	0	
1262703	8516.19727	3305961571832	0.00000	0.00000	8516.06348	0.08789	11683	0	0.51476	0.42836	0	0.34127	0.29527	0	0.34127	0.29527	0	0.47876	0.53663	10.52531	1.06647	0	0.47852	0.53674	10.35356	1.06647	0	-0.00515	-0.00934	0.67320	0.00342	1	-0.00506	-0.00961	0.68899	0.00369	1	1.45898	0.81042	0	
1262704	8516.20508	3305961641303	0.00000	0.00000	8516.06348	0.08789	11683	0	0.51476	0.42836	0	0.34127	0.29527	0	0.34127	0.29527	0	0.47876	0.53663	10.52531	1.06647	0	0.47852	0.53674	10.35356	1.06647	0	-0.00515	-0.00934	0.67320	0.00342	1	-0.00506	-0.00961	0.68899	0.00369	1	1.45898	0.81042	0	
1262705	8516.21094	3305961708603	0.00000	0.00000	8516.06348	0.08789	11683	0	0.51476	0.42836	0	0.34127	0.29527	0	0.34127	0.29527	0	0.47876	0.53663	10.52531	1.06647	0	0.47852	0.53674	10.35356	1.06647	0	-0.00515	-0.00934	0.67320	0.00342	1	-0.00506	-0.00961	0.68899	0.00369	1	1.45898	0.81042	0	
1262706	8516.21777	3305961771545	0.00000	0.00000	8516.06348	0.08789	11683	0	0.51476	0.42836	0	0.34127	0.29527	0	0.34127	0.29527	0	0.47876	0.53663	10.52531	1.06647	0	0.47852	0.53674	10.35356	1.06647	0	-0.00515	-0.00934	0.67320	0.00342	1	-0.00506	-0.00961	0.68899	0.00369	1	1.45898	0.81042	0	
1262707	8516.22461	3305961840683	0.18992	0.18591	8516.06348	0.08789	11683	0	0.51476	0.42836	0	0.37983	0.37181	1	0.37983	0.37181	1	0.47948	0.53660	10.32664	1.06647	0	0.47948	0.53660	10.32664	1.06647	1	-0.00515	-0.00934	0.67320	0.00342	1	-0.00506	-0.00961	0.68899	0.00343	1	1.45898	0.81042	0	
1262708	8516.23145	3305961906243	0.25291	0.24310	8516.06348	0.08789	11683	0	0.51476	0.42836	0	0.37891	0.35748	1	0.37891	0.35748	1	0.47948	0.53660	10.32664	1.06647	0	0.47957	0.53636	10.27631	1.08507	1	-0.00515	-0.00934	0.67320	0.00342	1	-0.00519	-0.00995	0.72078	0.00341	1	1.45898	0.81042	0	
1262709	8516.23828	3305961973536	0.36606	0.36387	8516.06348	0.08789	11683	0	0.51476	0.42836	0	0.33944	0.36233	1	0.33944	0.36233	1	0.47948	0.53660	10.32664	1.08507	0	0.47936	0.53674	10.32243	1.10367	1	-0.00515	-0.00934	0.67320	0.00342	1	-0.00519	-0.00995	0.72078	0.00354	1	1.45898	0.81042	0	
1262710	8516.24414	3305962039658	0.35424	0.37903	8516.06348	0.08789	11683	0	0.51476	0.42836	0	0.34243	0.39418	1	0.34243	0.39418	1	0.47948	0.53660	10.32664	1.10367	0	0.47984	0.53721	9.81000	1.12227	1	-0.00515	-0.00934	0.67320	0.00342	1	-0.00519	-0.00995	0.72078	0.00333	1	1.45898	0.81042	0	
1262711	8516.25098	3305962107171	0.35031	0.38408	8516.06348	0.08789	11683	0	0.51476	0.42836	0	0.34243	0.39418	1	0.34243	0.39418	1	0.47948	0.53660	10.32664	1.12227	0	0.48071	0.53396	9.97803	1.12227	1	-0.00515	-0.00934	0.67320	0.00342	1	-0.00473	-0.00947	0.68617	0.00204	1	1.45898	0.81042	0	
1262712	8516.25781	3305962173851	0.38698	0.35280	8516.23828	0.01953	11684	1	0.48205	0.15831	1	0.51199	0.35961	1	0.49702	0.25896	1	0.48080	0.53370	10.40119	1.12227	1	0.74183	0.55478	10.18403	1.10367	1	-0.00515	-0.00934	0.67320	0.00207	1	-0.00473	-0.00947	0.68617	0.00366	1	1.45898	0.81042	0	
1262713	8516.26465	3305962240709	0.40650	0.36113	8516.23828	0.02637	11684	1	0.48205	0.15831	0	0.48456	0.39442	1	0.48456	0.39442	1	0.48080	0.53370	10.40119	1.10367	0	0.74181	0.55495	10.24845	1.08507	1	-0.00515	-0.00934	0.67320	0.00207	1	-0.00473	-0.00947	0.68617	0.00363	1	1.45898	0.81042	0	
1262714	8516.27148	3305962307653	0.40650	0.36113	8516.23828	0.03320	11684	1	0.48205	0.15831	0	0.48456	0.39442	0	0.48456	0.39442	0	0.48080	0.53370	10.40119	1.08507	0	0.74181	0.55495	10.24845	1.06647	0	-0.00515	-0.00934	0.67320	0.00207	1	-0.00473	-0.00947	0.68617	0.00363	1	1.45898	0.81042	0	
1262715	8516.27832	3305962374796	0.40650	0.36113	8516.23828	0.04004	11684	1	0.48205	0.15831	0	0.48456	0.39442	0	0.48456	0.39442	0	0.48080	0.53370	10.40119	1.06647	0	0.74181	0.55495	10.24845	1.06647	0	-0.00515	-0.00934	0.67320	0.00207	1	-0.00473	-0.00947	0.68617	0.00363	1	1.45898	0.81042	0	
1262716	8516.28516	3305962442276	0.40650	0.36113	8516.23828	0.04688	11684	1	0.48205	0.15831	0	0.48456	0.39442	0	0.48456	0.39442	0	0.48080	0.53370	10.40119	1.06647	0	0.74181	0.55495	10.24845	1.06647	0	-0.00515	-0.00934	0.67320	0.00207	1	-0.00473	-0.00947	0.68617	0.00363	1	1.45898	0.81042	0	
1262717	8516.29102	3305962509355	0.41661	0.36044	8516.23828	0.04688	11684	0	0.48205	0.15831	0	0.48456	0.39442	0	0.48456	0.39442	0	0.48080	0.53370	10.40119	1.06647	0	0.74181	0.55495	10.24845	1.06647	0	-0.00515	-0.00934	0.67320	0.00207	1	-0.00473	-0.00947	0.68617	0.00363	1	1.45898	0.81042	0	
1262718	8516.29785	3305962575963	0.41661	0.36044	8516.23828	0.04688	11684	0	0.48205	0.15831	0	0.48456	0.39442	0	0.48456	0.39442	0	0.48080	0.53370	10.40119	1.06647	0	0.74181	0.55495	10.24845	1.06647	0	-0.00515	-0.00934	0.67320	0.00207	1	-0.00473	-0.00947	0.68617	0.00363	1	1.45898	0.81042	0	
1262719	8516.30469	3305962644889	0.41661	0.36044	8516.23828	0.04688	11684	0	0.48205	0.15831	0	0.48456	0.39442	0	0.48456	0.39442	0	0.48080	0.53370	10.40119	1.06647	0	0.74181	0.55495	10.24845	1.06647	0	-0.00515	-0.00934	0.67320	0.00207	1	-0.00473	-0.00947	0.68617	0.00363	1	1.45898	0.81042	0	
1262720	8516.31152	3305962711777	0.00000	0.00000	8516.23828	0.04688	11684	0	0.48205	0.15831	0	0.48456	0.39442	0	0.48456	0.39442	0	0.48080	0.53370	10.40119	1.06647	0	0.74181	0.55495	10.24845	1.06647	0	-0.00515	-0.00934	0.67320	0.00207	1	-0.00473	-0.00947	0.68617	0.00363	1	1.45898	0.81042	0	
1262721	8516.31836	3305962779058	0.00000	0.00000	8516.23828	0.04688	11684	0	0.48205	0.15831	0	0.48456	0.39442	0	0.48456	0.39442	0	0.48080	0.53370	10.40119	1.06647	0	0.74181	0.55495	10.24845	1.06647	0	-0.00515	-0.00934	0.67320	0.00207	1	-0.00473	-0.00947	0.68617	0.00363	1	1.45898	0.81042	0	
1262722	8516.32520	3305962846519	0.00000	0.00000	8516.23828	0.04688	11684	0	0.48205	0.15831	0	0.48456	0.39442	0	0.48456	0.39442	0	0.48080	0.53370	10.40119	1.06647	0	0.74181	0.55495	10.24845	1.06647	0	-0.00515	-0.00934	0.67320	0.00207	1	-0.00473	-0.00947	0.68617	0.00363	1	1.45898	0.81042	0	
1262723	8516.33203	3305962913486	0.00000	0.00000	8516.23828	0.04688	11684	0	0.48205	0.15831	0	0.48456	0.39442	0	0.48456	0.39442	0	0.48080	0.53370	10.40119	1.06647	0	0.74181	0.55495	10.24845	1.06647	0	-0.00515	-0.00934	0.67320	0.00207	1	-0.00473	-0.00947	0.68617	0.00363	1	1.45898	0.81042	0	
1262724	8516.33887	3305962979877	0.24146	0.17837	8516.23828	0.04688	11684	0	0.48205	0.15831	0	0.48292	0.35674	1	0.48292	0.35674	1	0.48080	0.53370	10.40119	1.06647	0	0.74258	0.55538	10.87065	1.06647	1	-0.00515	-0.00934	0.67320	0.00207	1	-0.00473	-0.00947	0.68617	0.00375	1	1.45898	0.81042	0	
1262725	8516.34473	3305963046645	0.31714	0.24302	8516.23828	0.04688	11684	0	0.48205	0.15831	0	0.46850	0.37232	1	0.46850	0.37232	1	0.48080	0.53370	10.40119	1.06647	0	0.74272	0.55549	10.92596	1.06647	1	-0.00515	-0.00934	0.67320	0.00207	1	-0.00473	-0.00947	0.68617	0.00370	1	1.45898	0.81042	0	
1262726	8516.35156	3305963115185	0.47571	0.36453	8516.23828	0.04688	11684	0	0.48205	0.15831	0	0.46850	0.37232	0	0.46850	0.37232	0	0.48080	0.53370	10.40119	1.06647	0	0.74272	0.55549	10.92596	1.06647	0	-0.00515	-0.00934	0.67320	0.00207	1	-0.00473	-0.00947	0.68617	0.00370	1	1.45898	0.81042	0	
1262727	8516.35840	3305963181235	0.47571	0.36453	8516.23828	0.04688	11684	0	0.48205	0.15831	0	0.46850	0.37232	0	0.46850	0.37232	0	0.48080	0.53370	10.40119	1.06647	0	0.74272	0.55549	10.92596	1.06647	0	-0.00515	-0.00934	0.67320	0.00207	1	-0.00473	-0.00947	0.68617	0.00370	1	1.45898	0.81042	0	
1262728	8516.36523	3305963246021	0.47571	0.36453	8516.23828	0.04688	11684	0	0.48205	0.15831	0	0.46850	0.37232	0	0.46850	0.37232	0	0.48080	0.53370	10.40119	1.06647	0	0.74272	0.55549	10.92596	1.06647	0	-0.00515	-0.00934	0.67320	0.00207	1	-0.00473	-0.00947	0.68617	0.00370	1	1.45898	0.81042	0	
1262729	8516.37207	3305963314820	0.00000	0.00000	8516.23828	0.04688	11684	0	0.48205	0.15831	0	0.46850	0.37232	0	0.46850	0.37232	0	0.48080	0.53370	10.40119	1.06647	0	0.74272	0.55549	10.92596	1.06647	0	-0.00515	-0.00934	0.67320	0.00207	1	-0.00473	-0.00947	0.68617	0.00370	1	1.45898	0.81042	0	
1262730	8516.37891	3305963381756	0.00000	0.00000	8516.23828	0.04688	11684	0	0.48205	0.15831	0	0.46850	0.37232	0	0.46850	0.37232	0	0.48080	0.53370	10.40119	1.06647	0	0.74272	0.55549	10.92596	1.06647	0	-0.00515	-0.00934	0.67320	0.00207	1	-0.00473	-0.00947	0.68617	0.00370	1	1.45898	0.81042	0	
1262731	8516.38574	3305963449856	0.00000	0.00000	8516.23828	0.04688	11684	0	0.48205	0.15831	0	0.46850	0.37232	0	0.46850	0.37232	0	0.48080	0.53370	10.40119	1.06647	0	0.74272	0.55549	10.92596	1.06647	0	-0.00515	-0.00934	0.67320	0.00207	1	-0.00473	-0.00947	0.68617	0.00370	1	1.45898	0.81042	0	
1262732	8516.39258	3305963517485	0.00000	0.00000	8516.23828	0.04688	11684	0	0.48205	0.15831	0	0.46850	0.37232	0	0.46850	0.37232	0	0.48080	0.53370	10.40119	1.06647	0	0.74272	0.55549	10.92596	1.06647	0	-0.00515	-0.00934	0.67320	0.00207	1	-0.00473	-0.00947	0.68617	0.00370	1	1.45898	0.81042	0	
1262733	8516.39844	3305963583572	0.00000	0.00000	8516.23828	0.04688	11684	0	0.48205	0.15831	0	0.46850	0.37232	0	0.46850	0.37232	0	0.48080	0.53370	10.40119	1.06647	0	0.74272	0.55549	10.92596	1.06647	0	-0.00515	-0.00934	0.67320	0.00207	1	-0.00473	-0.00947	0.68617	0.00370	1	1.45898	0.81042	0	
1262734	8516.40527	3305963650055	0.00000	0.00000	8516.23828	0.04688	11684	0	0.48205	0.15831	0	0.46850	0.37232	0	0.46850	0.37232	0	0.48080	0.53370	10.40119	1.06647	0	0.74272	0.55549	10.92596	1.06647	0	-0.00515	-0.00934	0.67320	0.00207	1	-0.00473	-0.00947	0.68617	0.00370	1	1.45898	0.81042	0	
1262735	8516.41211	3305963716943	0.46826	0.37827	8516.23828	0.04688	11684	0	0.48205	0.15831	0	0.46826	0.37827	1	0.46826	0.37827	1	0.48269	0.53621	10.61715	1.06647	0	0.48269	0.53621	10.61715	1.05881	1	-0.00515	-0.00934	0.67320	0.00207	1	-0.00414	-0.00912	0.66481	0.00348	1	1.45898	0.81042	0	
1262736	8516.41895	3305963783510	0.46826	0.37827	8516.23828	0.04688	11684	0	0.48205	0.15831	0	0.46826	0.37827	0	0.46826	0.37827	0	0.48269	0.53621	10.61715	1.05881	0	0.48269	0.53621	10.61715	1.05115	0	-0.00515	-0.00934	0.67320	0.00207	1	-0.00414	-0.00912	0.66481	0.00348	1	1.45898	0.81042	0	
1262737	8516.42578	3305963848820	0.46826	0.37827	8516.23828	0.04688	11684	0	0.48205	0.15831	0	0.46826	0.37827	0	0.46826	0.37827	0	0.48269	0.53621	10.61715	1.05115	0	0.48269	0.53621	10.61715	1.04349	0	-0.00515	-0.00934	0.67320	0.00207	1	-0.00414	-0.00912	0.66481	0.00348	1	1.45898	0.81042	0	
1262738	8516.43262	3305963918120	0.00000	0.00000	8516.23828	0.04688	11684	0	0.48205	0.15831	0	0.46826	0.37827	0	0.46826	0.37827	0	0.48269	0.53621	10.61715	1.04349	0	0.48269	0.53621	10.61715	1.03583	0	-0.00515	-0.00934	0.67320	0.00207	1	-0.00414	-0.00912	0.66481	0.00348	1	1.45898	0.81042	0	
1262739	8516.43945	3305963985055	0.00000	0.00000	8516.23828	0.04688	11684	0	0.48205	0.15831	0	0.46826	0.37827	0	0.46826	0.37827	0	0.48269	0.53621	10.61715	1.03583	0	0.48269	0.53621	10.61715	1.03583	0	-0.00515	-0.00934	0.67320	0.00207	1	-0.00414	-0.00912	0.66481	0.00348	1	1.45898	0.81042	0	
1262740	8516.44531	3305964048860	0.00000	0.00000	8516.23828	0.04688	11684	0	0.48205	0.15831	0	0.46826	0.37827	0	0.46826	0.37827	0	0.48269	0.53621	10.61715	1.03583	0	0.48269	0.53621	10.61715	1.03583	0	-0.00515	-0.00934	0.67320	0.00207	1	-0.00414	-0.00912	0.66481	0.00348	1	1.45898	0.81042	0	
1262741	8516.45215	3305964116753	0.00000	0.00000	8516.23828	0.04688	11684	0	0.48205	0.15831	0	0.46826	0.37827	0	0.46826	0.37827	0	0.48269	0.53621	10.61715	1.03583	0	0.48269	0.53621	10.61715	1.03583	0	-0.00515	-0.00934	0.67320	0.00207	1	-0.00414	-0.00912	0.66481	0.00348	1	1.45898	0.81042	0	
1262742	8516.45898	3305964182836	0.00000	0.00000	8516.23828	0.04688	11684	0	0.48205	0.15831	0	0.46826	0.37827	0	0.46826	0.37827	0	0.48269	0.53621	10.61715	1.03583	0	0.48269	0.53621	10.61715	1.03583	0	-0.00515	-0.00934	0.67320	0.00207	1	-0.00414	-0.00912	0.66481	0.00348	1	1.45898	0.81042	0	
1262743	8516.46582	3305964250454	0.00000	0.00000	8516.23828	0.04688	11684	0	0.48205	0.15831	0	0.46826	0.37827	0	0.46826	0.37827	0	0.48269	0.53621	10.61715	1.03583	0	0.48269	0.53621	10.61715	1.03583	0	-0.00515	-0.00934	0.67320	0.00207	1	-0.00414	-0.00912	0.66481	0.00348	1	1.45898	0.81042	0	
1262744	8516.47266	3305964318908	0.00000	0.00000	8516.23828	0.04688	11684	0	0.48205	0.15831	0	0.46826	0.37827	0	0.46826	0.37827	0	0.48269	0.53621	10.61715	1.03583	0	0.48269	0.53621	10.61715	1.03583	0	-0.00515	-0.00934	0.67320	0.00207	1	-0.00414	-0.00912	0.66481	0.00348	1	1.45898	0.81042	0	
1262745	8516.47949	3305964386273	0.00000	0.00000	8516.23828	0.04688	11684	0	0.48205	0.15831	0	0.46826	0.37827	0	0.46826	0.37827	0	0.48269	0.53621	10.61715	1.03583	0	0.48269	0.53621	10.61715	1.03583	0	-0.00515	-0.00934	0.67320	0.00207	1	-0.00414	-0.00912	0.66481	0.00348	1	1.45898	0.81042	0	
1262746	8516.48535	3305964453530	0.24567	0.18446	8516.23828	0.04688	11684	0	0.50388	0.35887	1	0.47882	0.37897	1	0.49135	0.36892	1	0.48242	0.53581	10.10102	1.03583	1	0.74372	0.55546	10.80740	1.03583	1	-0.00515	-0.00934	0.67320	0.00375	1	-0.00414	-0.00912	0.66481	0.00371	1	1.45898	0.81042	0	
1262747	8516.49219	3305964521369	0.48524	0.37090	8516.23828	0.04688	11684	0	0.50388	0.35887	0	0.47913	0.37289	1	0.47913	0.37289	1	0.48242	0.53581	10.10102	1.03583	0	0.48276	0.53545	10.46383	1.04349	1	-0.00515	-0.00934	0.67320	0.00375	1	-0.00411	-0.00909	0.66925	0.00367	1	1.45898	0.81042	0	
1262748	8516.49902	3305964587543	0.43461	0.33913	8516.23828	0.04688	11684	0	0.50388	0.35887	0	0.38398	0.30736	1	0.38398	0.30736	1	0.48242	0.53581	10.10102	1.04349	0	0.48275	0.53548	10.55477	1.05115	1	-0.00515	-0.00934	0.67320	0.00375	1	-0.00411	-0.00909	0.66925	0.00367	1	1.45898	0.81042	0	
1262749	8516.50586	3305964654291	0.41902	0.33689	8516.23828	0.04688	11684	0	0.50388	0.35887	0	0.38784	0.33240	1	0.38784	0.33240	1	0.48242	0.53581	10.10102	1.05115	0	0.48276	0.53565	10.89974	1.05881	1	-0.00515	-0.00934	0.67320	0.00375	1	-0.00411	-0.00909	0.66925	0.00360	1	1.45898	0.81042	0	
1262750	8516.51270	3305964721637	0.38645	0.32198	8516.23828	0.04688	11684	0	0.50388	0.35887	0	0.38752	0.32617	1	0.38752	0.32617	1	0.48242	0.53581	10.10102	1.05881	0	0.48277	0.53568	10.72121	1.06647	1	-0.00515	-0.00934	0.67320	0.00375	1	-0.00411	-0.00909	0.66925	0.00360	1	1.45898	0.81042	0	
1262751	8516.51953	3305964788929	0.38194	0.31511	8516.23828	0.04688	11684	0	0.50388	0.35887	0	0.37743	0.30824	1	0.37743	0.30824	1	0.48242	0.53581	10.10102	1.06647	0	0.48256	0.53563	10.64624	1.06647	1	-0.00515	-0.00934	0.67320	0.00375	1	-0.00411	-0.00909	0.66925	0.00374	1	1.45898	0.81042	0	
1262752	8516.52637	3305964855698	0.37878	0.32282	8516.23828	0.04688	11684	0	0.50388	0.35887	0	0.37245	0.33825	1	0.37245	0.33825	1	0.48242	0.53581	10.10102	1.06647	0	0.48251	0.53546	10.23652	1.06647	1	-0.00515	-0.00934	0.67320	0.00375	1	-0.00411	-0.00909	0.66925	0.00380	1	1.45898	0.81042	0	
1262753	8516.53320	3305964922453	0.37720	0.32668	8516.51270	0.02051	11685	1	0.50388	0.35887	0	0.37245	0.33825	1	0.37245	0.33825	1	0.48242	0.53581	10.10102	1.06647	0	0.48255	0.53570	10.09838	1.06647	1	-0.00515	-0.00934	0.67320	0.00375	1	-0.00428	-0.00928	0.68009	0.00364	1	1.45898	0.81042	0	
1262754	8516.53906	3305964990005	0.38707	0.34148	8516.51270	0.02637	11685	1	0.50388	0.35887	0	0.42659	0.40070	1	0.42659	0.40070	1	0.48242	0.53581	10.10102	1.06647	0	0.48270	0.53613	10.30831	1.06647	1	-0.00515	-0.00934	0.67320	0.00375	1	-0.00428	-0.00928	0.68009	0.00367	1	1.45898	0.81042	0	
1262755	8516.54590	3305965056762	0.39158	0.34254	8516.51270	0.03320	11685	1	0.50388	0.35887	0	0.41412	0.34782	1	0.41412	0.34782	1	0.48242	0.53581	10.10102	1.06647	0	0.48249	0.53574	10.05942	1.06647	1	-0.00515	-0.00934	0.67320	0.00375	1	-0.00428	-0.00928	0.68009	0.00368	1	1.45898	0.81042	0	
1262756	8516.55273	3305965123523	0.39478	0.34231	8516.51270	0.04004	11685	1	0.50388	0.35887	0	0.41396	0.34091	1	0.41396	0.34091	1	0.48242	0.53581	10.10102	1.06647	0	0.48247	0.53585	10.05091	1.07515	1	-0.00515	-0.00934	0.67320	0.00375	1	-0.00450	-0.00958	0.70550	0.00369	1	1.45898	0.81042	0	
1262757	8516.55957	3305965190836	0.41189	0.34298	8516.51270	0.04688	11685	1	0.57613	0.35195	1	0.48714	0.34349	1	0.53164	0.34772	1	0.48286	0.53604	10.75241	1.07515	1	0.74304	0.55551	10.23834	1.08383	1	-0.00515	-0.00934	0.67320	0.00353	1	-0.00450	-0.00958	0.70550	0.00372	1	1.45898	0.81042	0	
1262758	8516.56641	3305965257667	0.42571	0.34282	8516.51270	0.05371	11685	1	0.56274	0.35782	1	0.50981	0.32527	1	0.53627	0.34154	1	0.48267	0.53597	10.97933	1.08383	1	0.74336	0.55485	10.55531	1.09251	1	-0.00515	-0.00934	0.67320	0.00356	1	-0.00450	-0.00958	0.70550	0.00393	1	1.45898	0.81042	0	
1262759	8516.57324	3305965324480	0.43673	0.34237	8516.51270	0.06055	11685	1	0.56212	0.35125	1	0.50981	0.32527	1	0.53596	0.33826	1	0.48267	0.53570	10.39624	1.09251	1	0.74275	0.55541	10.78498	1.09251	1	-0.00439	-0.00929	0.68045	0.00371	1	0.06297	-0.01321	0.67728	0.00379	1	1.45898	0.81042	0	
1262760	8516.58008	3305965391463	0.44324	0.34327	8516.51270	0.06738	11685	1	0.55465	0.36844	1	0.46206	0.33621	1	0.50836	0.35233	1	0.48246	0.53610	11.38114	1.09251	1	0.74262	0.55484	11.08235	1.08383	1	-0.00439	-0.00929	0.68045	0.00351	1	0.06297	-0.01321	0.67728	0.00414	1	1.45898	0.81042	0	
1262761	8516.58594	3305965458710	0.44905	0.34744	8516.51270	0.07324	11685	1	0.55343	0.38358	1	0.47249	0.40305	1	0.51296	0.39332	1	0.48245	0.53616	11.33527	1.08383	1	0.74281	0.55549	10.84550	1.07515	1	-0.00439	-0.00929	0.68045	0.00348	1	0.06297	-0.01321	0.67728	0.00378	1	1.45898	0.81042	0	
1262762	8516.59277	3305965525695	0.45398	0.35146	8516.51270	0.08008	11685	1	0.55412	0.38995	1	0.47220	0.40949	1	0.51316	0.39972	1	0.48234	0.53609	11.17530	1.07515	1	0.74269	0.55513	11.10789	1.06647	1	-0.00446	-0.00938	0.69111	0.00344	1	0.06291	-0.01319	0.67664	0.00381	1	1.45898	0.81042	0	
1262763	8516.59961	3305965592719	0.45759	0.34940	8516.51270	0.08691	11685	1	0.53207	0.32324	1	0.47693	0.32189	1	0.50450	0.32257	1	0.48222	0.53552	11.04681	1.06647	1	0.74284	0.55432	11.10040	1.06647	1	-0.00446	-0.00938	0.69111	0.00362	1	0.06291	-0.01319	0.67664	0.00400	1	1.45898	0.81042	0	
1262764	8516.60645	3305965657523	0.46068	0.35017	8516.51270	0.09375	11685	1	0.52357	0.31050	1	0.48429	0.41125	1	0.50393	0.36087	1	0.48197	0.53525	10.69480	1.06647	1	0.74262	0.55545	11.39443	1.06647	1	-0.00446	-0.00938	0.69111	0.00382	1	0.06291	-0.01319	0.67664	0.00374	1	1.45898	0.81042	0	
1262765	8516.61328	3305965726718	0.49210	0.35912	8516.51270	0.09375	11685	0	0.52357	0.31050	1	0.48394	0.41693	1	0.50376	0.36371	1	0.48170	0.53544	10.06946	1.06647	1	0.74290	0.55515	10.92102	1.05881	1	-0.00450	-0.00932	0.68245	0.00374	1	0.06038	-0.01263	0.64997	0.00389	1	1.45898	0.81042	0	
1262766	8516.62012	3305965793371	0.51570	0.35857	8516.51270	0.09375	11685	0	0.55799	0.39354	1	0.52062	0.32247	1	0.53931	0.35801	1	0.48176	0.53590	10.34480	1.05881	1	0.74274	0.55437	11.16136	1.05115	1	-0.00450	-0.00932	0.68245	0.00356	1	0.06038	-0.01263	0.64997	0.00378	1	1.45898	0.81042	0	
1262767	8516.62695	3305965860518	0.52347	0.35957	8516.51270	0.09375	11685	0	0.55514	0.35892	1	0.52288	0.36421	1	0.53901	0.36157	1	0.48175	0.53595	10.36842	1.05115	1	0.74286	0.55471	10.91204	1.04349	1	-0.00450	-0.00932	0.68245	0.00352	1	0.06038	-0.01263	0.64997	0.00368	1	1.45898	0.81042	0	
1262768	8516.63281	3305965927327	0.52744	0.35901	8516.61328	0.01953	11686	1	0.55503	0.35781	1	0.52363	0.35688	1	0.53933	0.35735	1	0.48177	0.53625	11.49383	1.05258	1	0.74263	0.55433	10.86340	1.05258	1	-0.00466	-0.00953	0.69785	0.00351	1	0.06378	-0.01335	0.68706	0.00371	1	1.45898	0.81042	0	
1262769	8516.63965	3305965994479	0.52797	0.35772	8516.61328	0.02637	11686	1	0.54791	0.36266	1	0.51229	0.34248	1	0.53010	0.35257	1	0.48165	0.53586	11.39675	1.06166	1	0.74263	0.55476	11.25320	1.06932	1	-0.00466	-0.00953	0.69785	0.00373	1	0.06378	-0.01335	0.68706	0.00377	1	1.45898	0.81042	0	
1262770	8516.64648	3305966058504	0.52923	0.34769	8516.61328	0.03320	11686	1	0.55222	0.32870	1	0.51880	0.26636	1	0.53551	0.29753	1	0.48171	0.53586	11.48844	1.07841	1	0.74261	0.55414	10.62310	1.08607	1	-0.00466	-0.00953	0.69785	0.00377	1	0.06378	-0.01335	0.68706	0.00376	1	1.45898	0.81042	0	
1262771	8516.65332	3305966126733	0.53008	0.34009	8516.61328	0.04004	11686	1	0.55160	0.32267	1	0.51880	0.26636	1	0.53520	0.29451	1	0.48161	0.53625	11.40193	1.08607	1	0.74197	0.55518	11.22306	1.08607	1	-0.00455	-0.00926	0.67490	0.00356	1	0.06150	-0.01288	0.66309	0.00358	1	1.45898	0.81042	0	
1262772	8516.66016	3305966193112	0.52759	0.33900	8516.61328	0.04688	11686	1	0.54236	0.33017	1	0.47791	0.33243	1	0.51014	0.33130	1	0.48156	0.53567	11.26169	1.07698	1	0.74204	0.55446	11.01174	1.06932	1	-0.00455	-0.00926	0.67490	0.00369	1	0.06150	-0.01288	0.66309	0.00399	1	1.45898	0.81042	0	
1262773	8516.66602	3305966259034	0.52495	0.34517	8516.61328	0.05273	11686	1	0.55090	0.38052	1	0.45683	0.40858	1	0.50386	0.39455	1	0.48167	0.53619	11.34876	1.06024	1	0.74178	0.55519	11.18524	1.05258	1	-0.00455	-0.00926	0.67490	0.00347	1	0.06150	-0.01288	0.66309	0.00395	1	1.45898	0.81042	0	
1262774	8516.67285	3305966328224	0.52290	0.35108	8516.61328	0.05957	11686	1	0.55229	0.39312	1	0.45664	0.41541	1	0.50447	0.40427	1	0.48149	0.53643	11.26026	1.04349	1	0.74187	0.55487	11.12470	1.04349	1	-0.00459	-0.00940	0.68083	0.00341	1	0.06266	-0.01324	0.67616	0.00402	1	1.45898	0.81042	0	
1262775	8516.67969	3305966393870	0.52066	0.35812	8516.61328	0.06641	11686	1	0.53324	0.40693	1	0.46323	0.45025	1	0.49824	0.42859	1	0.48137	0.53631	11.27167	1.04349	1	0.74190	0.55562	11.40393	1.05115	1	-0.00459	-0.00940	0.68083	0.00345	1	0.06266	-0.01324	0.67616	0.00390	1	1.45898	0.81042	0	
1262776	8516.68652	3305966458387	0.52087	0.36275	8516.61328	0.07324	11686	1	0.53270	0.40567	1	0.51360	0.42160	1	0.52315	0.41363	1	0.48132	0.53608	11.18489	1.05115	1	0.74185	0.55530	11.12476	1.05881	1	-0.00459	-0.00940	0.68083	0.00344	1	0.06266	-0.01324	0.67616	0.00390	1	1.45898	0.81042	0	
1262777	8516.69336	3305966525412	0.52104	0.36623	8516.61328	0.08008	11686	1	0.53194	0.40003	1	0.51416	0.41593	1	0.52305	0.40798	1	0.48110	0.53645	11.12129	1.05881	1	0.74184	0.55474	11.07566	1.06647	1	-0.00473	-0.00947	0.68617	0.00351	1	0.06266	-0.01324	0.67616	0.00392	1	1.45898	0.81042	0	
1262778	8516.70020	3305966594385	0.52214	0.35999	8516.61328	0.08691	11686	1	0.54734	0.28570	1	0.52574	0.27215	1	0.53654	0.27893	1	0.48089	0.53546	10.39370	1.06647	1	0.74208	0.55451	11.03685	1.06647	1	-0.00473	-0.00947	0.68617	0.00344	1	0.06266	-0.01324	0.67616	0.00410	1	1.45898	0.81042	0	
1262779	8516.70703	3305966661416	0.52360	0.36116	8516.61328	0.09375	11686	1	0.55908	0.36852	1	0.52899	0.38637	1	0.54403	0.37745	1	0.48097	0.53606	10.65964	1.06647	1	0.74208	0.55533	11.24766	1.06647	1	-0.00473	-0.00947	0.68617	0.00342	1	0.06266	-0.01324	0.67616	0.00378	1	1.45898	0.81042	0	
1262780	8516.71289	3305966727644	0.52488	0.36174	8516.61328	0.09961	11686	1	0.55839	0.36163	1	0.52976	0.37938	1	0.54408	0.37051	1	0.48109	0.53637	10.54410	1.07555	1	0.74217	0.55500	10.96656	1.07555	1	-0.00490	-0.00976	0.70334	0.00349	1	0.06431	-0.01366	0.69504	0.00393	1	1.45898	0.81042	0	
1262781	8516.72070	3305966797838	0.52503	0.36076	8516.61328	0.10742	11686	1	0.53545	0.36335	1	0.51939	0.32678	1	0.52742	0.34506	1	0.48068	0.53598	11.10084	1.08464	1	0.74196	0.55508	11.21801	1.08464	1	-0.00490	-0.00976	0.70334	0.00347	1	0.06431	-0.01366	0.69504	0.00394	1	1.45898	0.81042	0	
1262782	8516.72656	3305966864679	0.52588	0.35992	8516.61328	0.11328	11686	1	0.55478	0.36042	1	0.52567	0.33081	1	0.54023	0.34561	1	0.48093	0.53624	11.07203	1.09373	1	0.74205	0.55526	11.17639	1.09373	1	-0.00490	-0.00976	0.70334	0.00347	1	0.06431	-0.01366	0.69504	0.00382	1	1.45898	0.81042	0	
1262783	8516.73340	3305966933632	0.52663	0.35917	8516.61328	0.12012	11686	1	0.55478	0.36042	1	0.52567	0.33081	1	0.54023	0.34561	1	0.48050	0.53530	10.74097	1.09373	1	0.74141	0.55555	11.97965	1.09373	1	-0.00473	-0.00931	0.67127	0.00384	1	0.06289	-0.01338	0.68080	0.00371	1	1.45898	0.81042	0	
1262784	8516.74023	3305967000468	0.52583	0.35857	8516.61328	0.12695	11686	1	0.55328	0.34599	1	0.46792	0.34865	1	0.51060	0.34732	1	0.48092	0.53603	11.09741	1.08464	1	0.74110	0.55552	11.56225	1.08464	1	-0.00473	-0.00931	0.67127	0.00374	1	0.06289	-0.01338	0.68080	0.00376	1	1.45898	0.81042	0	
1262785	8516.74707	3305967065660	0.52493	0.35850	8516.61328	0.13379	11686	1	0.54032	0.34839	1	0.47351	0.36547	1	0.50692	0.35693	1	0.48075	0.53590	10.90415	1.07555	1	0.74123	0.55509	11.47228	1.07555	1	-0.00473	-0.00931	0.67127	0.00369	1	0.06289	-0.01338	0.68080	0.00394	1	1.45898	0.81042	0	
1262786	8516.75391	3305967133095	0.52412	0.35888	8516.61328	0.14062	11686	1	0.54115	0.35540	1	0.47292	0.37849	1	0.50703	0.36695	1	0.48064	0.53577	10.98221	1.06647	1	0.74111	0.55523	11.30725	1.05881	1	-0.00484	-0.00933	0.67209	0.00373	1	0.06191	-0.01313	0.67069	0.00398	1	1.45898	0.81042	0	
1262787	8516.76074	3305967198606	0.52372	0.35940	8516.61328	0.14746	11686	1	0.53688	0.33216	1	0.49332	0.40954	1	0.51510	0.37085	1	0.48034	0.53543	10.70015	1.05881	1	0.74118	0.55523	11.32959	1.05115	1	-0.00484	-0.00933	0.67209	0.00377	1	0.06191	-0.01313	0.67069	0.00406	1	1.45898	0.81042	0	
1262788	8516.76758	3305967267065	0.52414	0.35947	8516.61328	0.15430	11686	1	0.56473	0.35312	1	0.50288	0.36918	1	0.53380	0.36115	1	0.48037	0.53561	10.89684	1.05115	1	0.74129	0.55511	11.20896	1.04349	1	-0.00484	-0.00933	0.67209	0.00371	1	0.06191	-0.01313	0.67069	0.00410	1	1.45898	0.81042	0	
1262789	8516.77344	3305967333971	0.52454	0.35937	8516.61328	0.16016	11686	1	0.56463	0.35200	1	0.50345	0.36191	1	0.53404	0.35696	1	0.48014	0.53555	11.38126	1.05258	1	0.74130	0.55535	11.44608	1.05258	1	-0.00508	-0.00970	0.69897	0.00369	1	0.06294	-0.01336	0.68245	0.00381	1	1.45898	0.81042	0	
1262790	8516.78027	3305967400473	0.52531	0.35858	8516.61328	0.16699	11686	1	0.57277	0.36775	1	0.51638	0.30959	1	0.54458	0.33867	1	0.48045	0.53615	10.95667	1.06166	1	0.74109	0.55486	11.69032	1.06932	1	-0.00508	-0.00970	0.69897	0.00356	1	0.06294	-0.01336	0.68245	0.00388	1	1.45898	0.81042	0	
1262791	8516.78711	3305967468051	0.52586	0.35865	8516.61328	0.17383	11686	1	0.55045	0.35202	1	0.52981	0.36924	1	0.54013	0.36063	1	0.48014	0.53597	11.06317	1.07841	1	0.74131	0.55550	11.87502	1.08607	1	-0.00508	-0.00970	0.69897	0.00354	1	0.06294	-0.01336	0.68245	0.00371	1	1.45898	0.81042	0	
1262792	8516.79395	3305967535063	0.52637	0.35826	8516.61328	0.18066	11686	1	0.54907	0.33919	1	0.53123	0.35633	1	0.54015	0.34776	1	0.47995	0.53630	11.21661	1.09515	1	0.74121	0.55495	11.00919	1.10281	1	-0.00508	-0.00970	0.69897	0.00352	1	0.06224	-0.01326	0.67487	0.00384	1	1.45898	0.81042	0	
1262793	8516.80078	3305967602136	0.52633	0.35734	8516.61328	0.18750	11686	1	0.53743	0.35077	1	0.51318	0.31245	1	0.52530	0.33161	1	0.47995	0.53637	11.24686	1.10281	1	0.74102	0.55511	11.70803	1.10281	1	-0.00508	-0.00970	0.69897	0.00354	1	0.06224	-0.01326	0.67487	0.00379	1	1.45898	0.81042	0	
1262794	8516.80762	3305967668930	0.52655	0.35653	8516.61328	0.19434	11686	1	0.54102	0.38982	1	0.52484	0.27632	1	0.53293	0.33307	1	0.47999	0.53646	11.21456	1.10281	1	0.74123	0.55466	11.22260	1.10281	1	-0.00508	-0.00970	0.69897	0.00353	1	0.06224	-0.01326	0.67487	0.00365	1	1.45898	0.81042	0	
1262795	8516.81445	3305967736067	0.52675	0.35611	8516.61328	0.20117	11686	1	0.54182	0.39632	1	0.52352	0.29044	1	0.53267	0.34338	1	0.47996	0.53641	11.23504	1.09373	1	0.74098	0.55487	11.84403	1.08607	1	-0.00493	-0.00932	0.67141	0.00352	1	0.06008	-0.01276	0.65193	0.00389	1	1.45898	0.81042	0	
1262796	8516.82129	3305967803733	0.52659	0.35495	8516.61328	0.20801	11686	1	0.53574	0.36760	1	0.50766	0.27057	1	0.52170	0.31909	1	0.47991	0.53625	11.10841	1.07698	1	0.74098	0.55432	11.52391	1.06932	1	-0.00493	-0.00932	0.67141	0.00351	1	0.06008	-0.01276	0.65193	0.00387	1	1.45898	0.81042	0	
1262797	8516.82715	3305967870094	0.52659	0.35368	8516.61328	0.21387	11686	1	0.53931	0.37590	1	0.51356	0.25017	1	0.52644	0.31303	1	0.47991	0.53627	11.09836	1.06024	1	0.74098	0.55411	11.89396	1.05258	1	-0.00493	-0.00932	0.67141	0.00356	1	0.06008	-0.01276	0.65193	0.00407	1	1.45898	0.81042	0	
1262798	8516.83398	3305967937119	0.52659	0.35290	8516.61328	0.22070	11686	1	0.54087	0.38858	1	0.51235	0.26536	1	0.52661	0.32697	1	0.47980	0.53633	11.22518	1.04349	1	0.74090	0.55426	11.60419	1.03583	1	-0.00506	-0.00961	0.68899	0.00356	1	0.06008	-0.01266	0.65193	0.00404	1	1.45898	0.81042	0	
1262799	8516.84082	3305967999785	0.52650	0.35244	8516.61328	0.22754	11686	1	0.53512	0.44731	1	0.51160	0.22646	1	0.52336	0.33688	1	0.47980	0.53633	11.22518	1.03583	1	0.74098	0.55348	11.70062	1.03583	1	-0.00506	-0.00961	0.68899	0.00356	1	0.06008	-0.01266	0.65193	0.00396	1	1.45898	0.81042	0	
1262800	8516.84766	3305968070589	0.52635	0.35362	8516.61328	0.23438	11686	1	0.53655	0.45083	1	0.50584	0.33887	1	0.52119	0.39485	1	0.47980	0.53634	11.17259	1.03583	1	0.74096	0.55483	11.52576	1.03583	1	-0.00506	-0.00961	0.68899	0.00358	1	0.06008	-0.01266	0.65193	0.00380	1	1.45898	0.81042	0	
1262801	8516.85352	3305968134603	0.52621	0.35473	8516.61328	0.24023	11686	1	0.53655	0.45083	1	0.50584	0.33887	1	0.52119	0.39485	1	0.47993	0.53641	11.08271	1.03583	1	0.74122	0.55481	11.08122	1.03583	1	-0.00493	-0.00932	0.67141	0.00344	1	0.06008	-0.01271	0.65193	0.00398	1	1.45898	0.81042	0	
1262802	8516.86133	3305968205276	0.52641	0.35573	8516.61328	0.24805	11686	1	0.54964	0.42547	1	0.51824	0.35989	1	0.53394	0.39268	1	0.48007	0.53633	11.45134	1.03583	1	0.74122	0.55463	11.30662	1.03583	1	-0.00493	-0.00932	0.67141	0.00345	1	0.06008	-0.01271	0.65193	0.00374	1	1.45898	0.81042	0	
1262803	8516.86816	3305968272476	0.52639	0.35546	8516.61328	0.25488	11686	1	0.54301	0.41070	1	0.50799	0.27987	1	0.52550	0.34528	1	0.47986	0.53638	11.46649	1.03583	1	0.74100	0.55353	11.56501	1.03583	1	-0.00493	-0.00932	0.67141	0.00346	1	0.06008	-0.01271	0.65193	0.00398	1	1.45898	0.81042	0	
1262804	8516.87402	3305968338765	0.52637	0.35494	8516.61328	0.26074	11686	1	0.54217	0.40396	1	0.50914	0.26492	1	0.52565	0.33444	1	0.48059	0.53524	11.08504	1.04492	1	0.74113	0.55441	11.20889	1.05258	1	-0.00508	-0.00959	0.69897	0.00370	1	0.06294	-0.01326	0.68245	0.00387	1	1.45898	0.81042	0	
1262805	8516.88086	3305968406387	0.52633	0.35277	8516.61328	0.26758	11686	1	0.55164	0.23533	1	0.49811	0.29684	1	0.52487	0.26608	1	0.48064	0.53452	11.16160	1.06166	1	0.74122	0.55421	11.31743	1.06932	1	-0.00508	-0.00959	0.69897	0.00391	1	0.06294	-0.01326	0.68245	0.00360	1	1.45898	0.81042	0	
1262806	8516.88770	3305968473104	0.52616	0.35112	8516.61328	0.27441	11686	1	0.53251	0.30016	1	0.50545	0.26660	1	0.51898	0.28338	1	0.48063	0.53530	11.10559	1.07841	1	0.74123	0.55405	11.21040	1.08607	1	-0.00508	-0.00959	0.69897	0.00374	1	0.06294	-0.01326	0.68245	0.00367	1	1.45898	0.81042	0	
1262807	8516.89453	3305968539764	0.52600	0.34946	8516.61328	0.28125	11686	1	0.53254	0.30045	1	0.50597	0.25941	1	0.51926	0.27993	1	0.48072	0.53568	11.20683	1.07805	1	0.74127	0.55399	10.93288	1.09439	1	-0.00470	-0.00901	0.66037	0.00368	1	0.06611	-0.01391	0.71621	0.00377	1	1.45898	0.81042	0	
1262808	8516.90137	3305968606618	0.52601	0.34768	8516.61328	0.28809	11686	1	0.53642	0.25714	1	0.51652	0.28473	1	0.52647	0.27094	1	0.48073	0.53473	11.09528	1.07729	1	0.74146	0.55423	12.00589	1.08597	1	-0.00470	-0.00901	0.66037	0.00400	1	0.06611	-0.01391	0.71621	0.00362	1	1.45898	0.81042	0	
1262809	8516.90820	3305968674074	0.52588	0.34675	8516.61328	0.29492	11686	1	0.54362	0.36590	1	0.49652	0.24604	1	0.52007	0.30597	1	0.48081	0.53604	11.84396	1.06887	1	0.74116	0.55376	11.22622	1.07755	1	-0.00470	-0.00901	0.66037	0.00355	1	0.06611	-0.01391	0.71621	0.00396	1	1.45898	0.81042	0	
1262810	8516.91504	3305968741385	0.52575	0.34571	8516.61328	0.30176	11686	1	0.54285	0.35930	1	0.49700	0.23832	1	0.51993	0.29881	1	0.48090	0.53593	11.62925	1.07755	1	0.74157	0.55297	11.74682	1.08623	1	-0.00501	-0.00960	0.70319	0.00359	1	0.06611	-0.01391	0.71621	0.00389	1	1.45898	0.81042	0	
1262811	8516.92090	3305968807748	0.52338	0.31661	8516.61328	0.30176	11686	0	0.54242	0.33383	1	0.50468	0.13037	1	0.52355	0.23210	1	0.48081	0.53604	11.84396	1.10333	1	0.74161	0.55276	11.52081	1.10333	1	-0.00501	-0.00960	0.70319	0.00354	1	0.06611	-0.01391	0.71621	0.00399	1	1.45898	0.81042	0	
1262812	8516.92773	3305968874546	0.52259	0.28708	8516.61328	0.30176	11686	0	0.54017	0.29597	1	0.50342	0.21912	1	0.52180	0.25754	1	0.48080	0.53563	11.20564	1.12043	1	0.74159	0.55383	11.80150	1.12043	1	-0.00501	-0.00960	0.70319	0.00364	1	0.06611	-0.01391	0.71621	0.00363	1	1.45898	0.81042	0	
1262813	8516.93457	3305968941356	0.52216	0.27375	8516.61328	0.30176	11686	0	0.53868	0.28249	1	0.50392	0.21172	1	0.52130	0.24710	1	0.48074	0.53486	11.05560	1.13753	1	0.74154	0.55430	12.22454	1.12885	1	-0.00501	-0.00960	0.70319	0.00395	1	0.06256	-0.01315	0.67721	0.00367	1	1.45898	0.81042	0	
1262814	8516.94141	3305969008492	0.51981	0.26237	8516.92090	0.02051	11687	1	0.52142	0.21425	1	0.50412	0.24224	1	0.51277	0.22825	1	0.48062	0.53476	11.03321	1.12885	1	0.74169	0.55412	12.01475	1.12017	1	-0.00501	-0.00960	0.70319	0.00399	1	0.06256	-0.01315	0.67721	0.00364	1	1.45898	0.81042	0	
1262815	8516.94824	3305969074372	0.52080	0.25867	8516.92090	0.02734	11687	1	0.54278	0.25309	1	0.50673	0.23464	1	0.52476	0.24386	1	0.48086	0.53516	11.51896	1.12017	1	0.74172	0.55387	11.95649	1.11149	1	-0.00501	-0.00960	0.70319	0.00388	1	0.06256	-0.01315	0.67721	0.00378	1	1.45898	0.81042	0	
1262816	8516.95508	3305969143093	0.52149	0.25872	8516.92090	0.03418	11687	1	0.54429	0.26777	1	0.50562	0.25014	1	0.52496	0.25896	1	0.48078	0.53505	11.36236	1.10241	1	0.74162	0.55369	11.83932	1.09373	1	-0.00483	-0.00936	0.68560	0.00389	1	0.06256	-0.01315	0.67721	0.00377	1	1.45898	0.81042	0	
1262817	8516.96191	3305969209596	0.52049	0.26097	8516.92090	0.04102	11687	1	0.53469	0.28683	1	0.49423	0.26215	1	0.51446	0.27449	1	0.48073	0.53527	10.96930	1.08464	1	0.74150	0.55408	12.03209	1.08464	1	-0.00483	-0.00936	0.68560	0.00380	1	0.06256	-0.01315	0.67721	0.00375	1	1.45898	0.81042	0	
1262818	8516.96777	3305969276415	0.52188	0.26868	8516.92090	0.04688	11687	1	0.54007	0.34181	1	0.52312	0.30343	1	0.53159	0.32262	1	0.48080	0.53588	11.55682	1.07555	1	0.74198	0.55422	11.58901	1.07555	1	-0.00483	-0.00936	0.68560	0.00357	1	0.06256	-0.01315	0.67721	0.00389	1	1.45898	0.81042	0	
1262819	8516.97461	3305969343452	0.52296	0.27549	8516.92090	0.05371	11687	1	0.54090	0.34888	1	0.52239	0.31105	1	0.53164	0.32997	1	0.48063	0.53559	11.04598	1.06647	1	0.74193	0.55444	11.58992	1.06647	1	-0.00483	-0.00936	0.68560	0.00370	1	0.06256	-0.01315	0.67721	0.00374	1	1.45898	0.81042	0	
1262820	8516.98145	3305969410629	0.52286	0.27901	8516.92090	0.06055	11687	1	0.54174	0.34143	1	0.50218	0.27999	1	0.52196	0.31071	1	0.48081	0.53553	11.44816	1.06647	1	0.74169	0.55412	11.97265	1.06647	1	-0.00483	-0.00936	0.68560	0.00370	1	0.06256	-0.01315	0.67721	0.00380	1	1.45898	0.81042	0	
1262821	8516.98828	3305969477308	0.52231	0.28289	8516.92090	0.06738	11687	1	0.53762	0.32800	1	0.49595	0.31537	1	0.51678	0.32169	1	0.48065	0.53561	11.34425	1.06647	1	0.74154	0.55449	12.32738	1.06647	1	-0.00483	-0.00936	0.68560	0.00364	1	0.06256	-0.01315	0.67721	0.00364	1	1.45898	0.81042	0	
1262822	8516.99512	3305969544480	0.52183	0.28639	8516.92090	0.07422	11687	1	0.53762	0.32800	1	0.49552	0.32175	1	0.51657	0.32488	1	0.48064	0.53530	11.29803	1.06647	1	0.74173	0.55429	11.80497	1.05881	1	-0.00483	-0.00936	0.68560	0.00366	1	0.05959	-0.01252	0.64455	0.00373	1	1.45898	0.81042	0	
1262823	8517.00195	3305969611626	0.52249	0.28898	8516.92090	0.08105	11687	1	0.53574	0.30430	1	0.52500	0.33580	1	0.53037	0.32005	1	0.48074	0.53532	11.47336	1.05881	1	0.74201	0.55422	11.44530	1.05115	1	-0.00483	-0.00936	0.68560	0.00362	1	0.05959	-0.01252	0.64455	0.00385	1	1.45898	0.81042	0	
1262824	8517.00781	3305969677435	0.52262	0.29349	8516.92090	0.08691	11687	1	0.53332	0.39029	1	0.51541	0.31405	1	0.52437	0.35217	1	0.48062	0.53539	11.63444	1.05115	1	0.74195	0.55416	11.42103	1.04349	1	-0.00483	-0.00936	0.68560	0.00362	1	0.05959	-0.01252	0.64455	0.00383	1	1.45898	0.81042	0	
1262825	8517.01465	3305969744849	0.52276	0.29711	8516.92090	0.09375	11687	1	0.53318	0.38922	1	0.51609	0.30629	1	0.52464	0.34776	1	0.48086	0.53538	11.96182	1.05258	1	0.74201	0.55453	11.39125	1.05258	1	-0.00481	-0.00942	0.68975	0.00363	1	0.06288	-0.01320	0.67958	0.00374	1	1.45898	0.81042	0	
1262826	8517.02148	3305969812268	0.52329	0.30176	8516.92090	0.10059	11687	1	0.54471	0.41306	1	0.51800	0.33002	1	0.53135	0.37154	1	0.48078	0.53540	11.88805	1.06166	1	0.74198	0.55453	11.36564	1.06932	1	-0.00481	-0.00942	0.68975	0.00354	1	0.06288	-0.01320	0.67958	0.00372	1	1.45898	0.81042	0	
1262827	8517.02832	3305969879411	0.52429	0.30157	8516.92090	0.10742	11687	1	0.55266	0.31104	1	0.52778	0.28590	1	0.54022	0.29847	1	0.48098	0.53462	11.68359	1.07841	1	0.74209	0.55416	11.23889	1.08607	1	-0.00481	-0.00942	0.68975	0.00346	1	0.06288	-0.01320	0.67958	0.00374	1	1.45898	0.81042	0	
1262828	8517.03516	3305969946760	0.52518	0.30104	8516.92090	0.11426	11687	1	0.55205	0.30488	1	0.52841	0.27941	1	0.54023	0.29215	1	0.48143	0.53491	10.91587	1.08607	1	0.74222	0.55404	12.09744	1.09373	1	-0.00473	-0.00937	0.68617	0.00393	1	0.06288	-0.01320	0.67958	0.00386	1	1.45898	0.81042	0	
1262829	8517.04199	3305970013335	0.52480	0.30169	8516.92090	0.12109	11687	1	0.52345	0.31843	1	0.51279	0.30811	1	0.51812	0.31327	1	0.48130	0.53447	11.42684	1.08464	1	0.74218	0.55433	12.30355	1.08464	1	-0.00473	-0.00937	0.68617	0.00348	1	0.06288	-0.01320	0.67958	0.00357	1	1.45898	0.81042	0	
1262830	8517.04785	3305970077231	0.52538	0.29983	8516.92090	0.12695	11687	1	0.54379	0.31706	1	0.52880	0.21193	1	0.53629	0.26450	1	0.48156	0.53473	11.67656	1.07555	1	0.74245	0.55335	11.83112	1.07555	1	-0.00473	-0.00937	0.68617	0.00352	1	0.06288	-0.01320	0.67958	0.00396	1	1.45898	0.81042	0	
1262831	8517.05469	3305970145237	0.52590	0.29852	8516.92090	0.13379	11687	1	0.54458	0.32434	1	0.52803	0.22033	1	0.53631	0.27234	1	0.48137	0.53479	11.27458	1.06647	1	0.74234	0.55347	11.86452	1.06647	1	-0.00455	-0.00916	0.67490	0.00358	1	0.06266	-0.01313	0.67616	0.00379	1	1.45898	0.81042	0	
1262832	8517.06152	3305970212627	0.52541	0.29790	8516.92090	0.14062	11687	1	0.52410	0.32136	1	0.50609	0.24860	1	0.51509	0.28498	1	0.48132	0.53473	11.26684	1.06647	1	0.74250	0.55371	11.70051	1.06647	1	-0.00455	-0.00916	0.67490	0.00361	1	0.06266	-0.01313	0.67616	0.00384	1	1.45898	0.81042	0	
1262833	8517.06836	3305970279957	0.52502	0.29733	8516.92090	0.14746	11687	1	0.53116	0.32356	1	0.50190	0.24609	1	0.51653	0.28482	1	0.48133	0.53438	11.11916	1.06647	1	0.74244	0.55370	11.69346	1.06647	1	-0.00455	-0.00916	0.67490	0.00376	1	0.06266	-0.01313	0.67616	0.00389	1	1.45898	0.81042	0	
1262834	8517.07520	3305970346150	0.52467	0.29681	8516.92090	0.15430	11687	1	0.53116	0.32356	1	0.50190	0.24609	1	0.51653	0.28482	1	0.48164	0.53504	11.49778	1.06647	1	0.74251	0.55397	12.06540	1.06647	1	-0.00459	-0.00919	0.68083	0.00357	1	0.06266	-0.01313	0.67616	0.00377	1	1.45898	0.81042	0	
1262835	8517.08203	3305970412105	0.52461	0.29733	8516.92090	0.16113	11687	1	0.54353	0.36533	1	0.50286	0.25434	1	0.52319	0.30983	1	0.48161	0.53487	11.48271	1.06647	1	0.74241	0.55379	11.69413	1.06647	1	-0.00459	-0.00919	0.68083	0.00371	1	0.06266	-0.01313	0.67616	0.00384	1	1.45898	0.81042	0	
1262836	8517.08887	3305970479418	0.52471	0.29795	8516.92090	0.16797	11687	1	0.55323	0.38034	1	0.50114	0.24630	1	0.52719	0.31332	1	0.48168	0.53526	11.61762	1.06647	1	0.74241	0.55366	11.65890	1.06647	1	-0.00459	-0.00919	0.68083	0.00352	1	0.06266	-0.01313	0.67616	0.00390	1	1.45898	0.81042	0	
1262837	8517.09473	3305970545838	0.52480	0.29852	8516.92090	0.17383	11687	1	0.55323	0.38034	1	0.50114	0.24630	1	0.52719	0.31332	1	0.48179	0.53438	11.76304	1.06647	1	0.74254	0.55399	11.69355	1.06647	1	-0.00455	-0.00916	0.67490	0.00368	1	0.06378	-0.01335	0.68706	0.00382	1	1.45898	0.81042	0	
1262838	8517.10156	3305970613590	0.52496	0.29890	8516.92090	0.18066	11687	1	0.55317	0.32113	1	0.50533	0.29719	1	0.52925	0.30916	1	0.48173	0.53452	11.75999	1.06647	1	0.74249	0.55417	11.92479	1.06647	1	-0.00455	-0.00916	0.67490	0.00375	1	0.06378	-0.01335	0.68706	0.00378	1	1.45898	0.81042	0	
1262839	8517.10840	3305970681030	0.52507	0.29895	8516.92090	0.18750	11687	1	0.54960	0.31793	1	0.50680	0.28280	1	0.52820	0.30036	1	0.48168	0.53451	11.47269	1.06647	1	0.74254	0.55410	11.73059	1.06647	1	-0.00455	-0.00916	0.67490	0.00386	1	0.06378	-0.01335	0.68706	0.00381	1	1.45898	0.81042	0	
1262840	8517.11523	3305970750192	0.52517	0.29900	8516.92090	0.19434	11687	1	0.54960	0.31793	1	0.50680	0.28280	1	0.52820	0.30036	1	0.48188	0.53442	11.82629	1.06647	1	0.74286	0.55442	11.32388	1.06647	1	-0.00455	-0.00916	0.67490	0.00388	1	0.06378	-0.01335	0.68706	0.00379	1	1.45898	0.81042	0	
1262841	8517.12207	3305970816881	0.52584	0.29947	8516.92090	0.20117	11687	1	0.56796	0.29508	1	0.52393	0.33219	1	0.54594	0.31364	1	0.48195	0.53450	12.03975	1.06647	1	0.74283	0.55430	11.61186	1.06647	1	-0.00455	-0.00916	0.67490	0.00385	1	0.06378	-0.01335	0.68706	0.00384	1	1.45898	0.81042	0	
1262842	8517.12891	3305970883662	0.52627	0.30077	8516.92090	0.20801	11687	1	0.55864	0.32858	1	0.52019	0.35365	1	0.53941	0.34111	1	0.48190	0.53455	11.93187	1.06647	1	0.74286	0.55467	11.61319	1.06647	1	-0.00455	-0.00916	0.67490	0.00370	1	0.06378	-0.01335	0.68706	0.00367	1	1.45898	0.81042	0	
1262843	8517.13574	3305970950991	0.52666	0.30187	8516.92090	0.21484	11687	1	0.55795	0.32134	1	0.52030	0.35251	1	0.53912	0.33693	1	0.48178	0.53418	11.67553	1.07555	1	0.74252	0.55486	12.27784	1.06790	1	-0.00472	-0.00960	0.70731	0.00381	1	0.06038	-0.01263	0.64997	0.00359	1	1.45898	0.81042	0	
1262844	8517.14258	3305971018436	0.52653	0.30273	8516.92090	0.22168	11687	1	0.55020	0.33052	1	0.49440	0.33201	1	0.52230	0.33126	1	0.48169	0.53476	12.17123	1.07698	1	0.74270	0.55447	12.08374	1.06932	1	-0.00472	-0.00960	0.70731	0.00353	1	0.06038	-0.01263	0.64997	0.00357	1	1.45898	0.81042	0	
1262845	8517.14941	3305971084536	0.52656	0.30282	8516.92090	0.22852	11687	1	0.55741	0.31984	1	0.49794	0.29218	1	0.52768	0.30601	1	0.48177	0.53463	11.60693	1.07841	1	0.74278	0.55436	12.06124	1.07075	1	-0.00472	-0.00960	0.70731	0.00357	1	0.06038	-0.01263	0.64997	0.00365	1	1.45898	0.81042	0	
1262846	8517.15527	3305971150555	0.52659	0.30288	8516.92090	0.23438	11687	1	0.55730	0.31870	1	0.49803	0.29096	1	0.52766	0.30483	1	0.48205	0.53467	11.01230	1.07983	1	0.74308	0.55439	12.36168	1.07217	1	-0.00472	-0.00960	0.70731	0.00365	1	0.06038	-0.01263	0.64997	0.00364	1	1.45898	0.81042	0	
1262847	8517.16211	3305971218649	0.52671	0.30356	8516.92090	0.24121	11687	1	0.55336	0.31931	1	0.50865	0.33691	1	0.53100	0.32811	1	0.48216	0.53438	11.14265	1.07217	1	0.74298	0.55443	12.38079	1.07217	1	-0.00472	-0.00960	0.70731	0.00357	1	0.06038	-0.01263	0.64997	0.00356	1	1.45898	0.81042	0	
1262848	8517.16895	3305971285886	0.52653	0.30384	8516.92090	0.24805	11687	1	0.54488	0.29894	1	0.49456	0.32968	1	0.51972	0.31431	1	0.48202	0.53419	11.02763	1.07217	1	0.74270	0.55447	12.08374	1.07217	1	-0.00472	-0.00960	0.70731	0.00369	1	0.06038	-0.01263	0.64997	0.00358	1	1.45898	0.81042	0	
1262849	8517.17578	3305971352492	0.52636	0.30430	8516.92090	0.25488	11687	1	0.54567	0.30640	1	0.49407	0.33708	1	0.51987	0.32174	1	0.48206	0.53419	11.13557	1.06309	1	0.74319	0.55438	12.10761	1.06309	1	-0.00450	-0.00932	0.68245	0.00370	1	0.06038	-0.01263	0.64997	0.00360	1	1.45898	0.81042	0	
1262850	8517.18262	3305971419465	0.52661	0.30477	8516.92090	0.26172	11687	1	0.54822	0.33228	1	0.52484	0.31404	1	0.53653	0.32316	1	0.48205	0.53443	11.31516	1.05400	1	0.74329	0.55429	11.98082	1.05400	1	-0.00450	-0.00932	0.68245	0.00350	1	0.06038	-0.01263	0.64997	0.00371	1	1.45898	0.81042	0	
1262851	8517.18945	3305971486534	0.52660	0.30514	8516.92090	0.26855	11687	1	0.52577	0.30710	1	0.52610	0.33220	1	0.52594	0.31965	1	0.48212	0.53403	11.09251	1.04492	1	0.74328	0.55430	12.08846	1.04492	1	-0.00450	-0.00932	0.68245	0.00367	1	0.06038	-0.01263	0.64997	0.00355	1	1.45898	0.81042	0	
1262852	8517.19531	3305971551552	0.52658	0.30548	8516.92090	0.27441	11687	1	0.52577	0.30710	1	0.52610	0.33220	1	0.52594	0.31965	1	0.48196	0.53435	11.28192	1.04492	1	0.74328	0.55352	11.85589	1.04492	1	-0.00457	-0.00956	0.70015	0.00353	1	0.06038	-0.01272	0.64997	0.00376	1	1.45898	0.81042	0	
1262853	8517.20215	3305971620861	0.52688	0.30522	8516.92090	0.28125	11687	1	0.55080	0.34119	1	0.52817	0.24732	1	0.53948	0.29426	1	0.48207	0.53463	11.18944	1.05400	1	0.74325	0.55362	12.04446	1.05400	1	-0.00457	-0.00956	0.70015	0.00360	1	0.06038	-0.01272	0.64997	0.00371	1	1.45898	0.81042	0	
1262854	8517.20898	3305971687289	0.52657	0.30467	8516.92090	0.28809	11687	1	0.52201	0.31998	1	0.50408	0.24156	1	0.51304	0.28077	1	0.48211	0.53471	11.21544	1.06309	1	0.74322	0.55350	12.12819	1.06309	1	-0.00457	-0.00956	0.70015	0.00361	1	0.06038	-0.01272	0.64997	0.00367	1	1.45898	0.81042	0	
1262855	8517.21582	3305971754651	0.52627	0.30414	8516.92090	0.29492	11687	1	0.52201	0.31998	1	0.50408	0.24156	1	0.51304	0.28077	1	0.48211	0.53410	11.10926	1.06309	1	0.74316	0.55419	12.29917	1.06309	1	-0.00446	-0.00938	0.69111	0.00387	1	0.06038	-0.01267	0.64997	0.00357	1	1.45898	0.81042	0	
1262856	8517.22266	3305971821705	0.52609	0.30555	8516.92090	0.30176	11687	1	0.53944	0.38090	1	0.49665	0.35779	1	0.51804	0.36935	1	0.48227	0.53483	11.50995	1.05400	1	0.74318	0.55466	12.28140	1.05400	1	-0.00446	-0.00938	0.69111	0.00356	1	0.06038	-0.01267	0.64997	0.00377	1	1.45898	0.81042	0	
1262857	8517.22949	3305971889142	0.52602	0.30653	8516.92090	0.30859	11687	1	0.54483	0.40018	1	0.50145	0.30324	1	0.52314	0.35171	1	0.48232	0.53493	11.49016	1.04492	1	0.74323	0.55414	11.83751	1.04492	1	-0.00446	-0.00938	0.69111	0.00357	1	0.06038	-0.01267	0.64997	0.00400	1	1.45898	0.81042	0	
1262858	8517.23633	3305971955360	0.52597	0.30756	8516.92090	0.31543	11687	1	0.54564	0.40695	1	0.50136	0.30447	1	0.52350	0.35571	1	0.48212	0.53471	11.35241	1.03583	1	0.74317	0.55435	12.05874	1.04349	1	-0.00446	-0.00938	0.69111	0.00359	1	0.06355	-0.01328	0.68345	0.00406	1	1.45898	0.81042	0	
1262859	8517.24316	3305972022709	0.52608	0.30798	8516.92090	0.32227	11687	1	0.55092	0.36229	1	0.50655	0.31169	1	0.52874	0.33699	1	0.48242	0.53493	11.72917	1.04349	1	0.74331	0.55428	12.01668	1.05115	1	-0.00446	-0.00938	0.69111	0.00355	1	0.06355	-0.01328	0.68345	0.00372	1	1.45898	0.81042	0	
1262860	8517.24902	3305972089745	0.52589	0.30989	8516.92090	0.32812	11687	1	0.52652	0.34107	1	0.49891	0.35737	1	0.51271	0.34922	1	0.48207	0.53458	10.92029	1.05115	1	0.74316	0.55465	12.36101	1.05881	1	-0.00446	-0.00938	0.69111	0.00366	1	0.06355	-0.01328	0.68345	0.00359	1	1.45898	0.81042	0	
1262861	8517.25586	3305972156787	0.52571	0.31189	8516.92090	0.33496	11687	1	0.52572	0.33496	1	0.49936	0.35125	1	0.51254	0.34311	1	0.48198	0.53478	11.37833	1.05881	1	0.74338	0.55489	12.08599	1.06647	1	-0.00439	-0.00929	0.68045	0.00360	1	0.06355	-0.01328	0.68345	0.00349	1	1.45898	0.81042	0	
1262862	8517.26270	3305972221194	0.52594	0.31435	8516.92090	0.34180	11687	1	0.54898	0.35291	1	0.49847	0.33970	1	0.52372	0.34631	1	0.48244	0.53493	11.60923	1.06647	1	0.74321	0.55468	12.22221	1.06647	1	-0.00439	-0.00929	0.68045	0.00361	1	0.06355	-0.01328	0.68345	0.00379	1	1.45898	0.81042	0	
1262863	8517.26953	3305972287393	0.52587	0.31684	8516.92090	0.34863	11687	1	0.54898	0.35291	1	0.49364	0.37306	1	0.52131	0.36298	1	0.48244	0.53493	11.60923	1.06647	1	0.74313	0.55500	12.03043	1.06647	1	-0.00439	-0.00929	0.68045	0.00361	1	0.06355	-0.01328	0.68345	0.00363	1	1.45898	0.81042	0	
1262864	8517.27637	3305972355208	0.52579	0.31906	8516.92090	0.35547	11687	1	0.54898	0.35291	1	0.49323	0.37902	1	0.52110	0.36596	1	0.48242	0.53512	11.98248	1.06647	1	0.74315	0.55509	12.34268	1.05881	1	-0.00446	-0.00938	0.69111	0.00356	1	0.06131	-0.01290	0.65892	0.00363	1	1.45898	0.81042	0	
1262865	8517.28320	3305972425086	0.52595	0.32076	8516.92090	0.36230	11687	1	0.53949	0.36488	1	0.50486	0.34700	1	0.52217	0.35594	1	0.48229	0.53489	11.96050	1.05881	1	0.74330	0.55464	12.09193	1.05115	1	-0.00446	-0.00938	0.69111	0.00360	1	0.06131	-0.01290	0.65892	0.00393	1	1.45898	0.81042	0	
1262866	8517.29004	3305972492230	0.51943	0.34973	8516.92090	0.36230	11687	0	0.53473	0.36981	1	0.49146	0.38756	1	0.51310	0.37869	1	0.48216	0.53472	11.37235	1.05115	1	0.74314	0.55498	12.02214	1.04349	1	-0.00446	-0.00938	0.69111	0.00370	1	0.06131	-0.01290	0.65892	0.00376	1	1.45898	0.81042	0	
1262867	8517.29590	3305972558229	0.51635	0.36718	8516.92090	0.36230	11687	0	0.53548	0.37571	1	0.49106	0.39355	1	0.51327	0.38463	1	0.48221	0.53478	11.37584	1.04349	1	0.74332	0.55494	11.92069	1.03583	1	-0.00446	-0.00938	0.69111	0.00371	1	0.06131	-0.01285	0.65892	0.00379	1	1.45898	0.81042	0	
1262868	8517.30273	3305972625634	0.51270	0.36261	8516.92090	0.36230	11687	0	0.52061	0.34496	1	0.49021	0.36201	1	0.50541	0.35348	1	0.48196	0.53453	11.25034	1.03583	1	0.74306	0.55517	12.28939	1.03583	1	-0.00446	-0.00938	0.69111	0.00376	1	0.06131	-0.01285	0.65892	0.00372	1	1.45898	0.81042	0	
1262869	8517.30957	3305972692539	0.51292	0.36207	8517.29004	0.01953	11688	1	0.53195	0.36493	1	0.49522	0.35597	1	0.51359	0.36045	1	0.48212	0.53465	11.24015	1.03583	1	0.74315	0.55504	12.10430	1.03583	1	-0.00446	-0.00938	0.69111	0.00369	1	0.06131	-0.01285	0.65892	0.00369	1	1.45898	0.81042	0	
1262870	8517.31641	3305972759721	0.51306	0.36175	8517.29004	0.02637	11688	1	0.53195	0.36493	1	0.49522	0.35597	1	0.51359	0.36045	1	0.48207	0.53460	11.21828	1.03583	1	0.74320	0.55514	11.98262	1.03583	1	-0.00439	-0.00919	0.68045	0.00377	1	0.06131	-0.01300	0.65892	0.00367	1	1.45898	0.81042	0	
1262871	8517.32324	3305972826186	0.51226	0.36280	8517.29004	0.03320	11688	1	0.52854	0.36108	1	0.48804	0.37506	1	0.50829	0.36807	1	0.48203	0.53453	11.21631	1.03583	1	0.74303	0.55531	12.39794	1.03583	1	-0.00439	-0.00919	0.68045	0.00375	1	0.06131	-0.01300	0.65892	0.00366	1	1.45898	0.81042	0	
1262872	8517.33008	3305972893114	0.51137	0.36658	8517.29004	0.04004	11688	1	0.52691	0.36012	1	0.48509	0.41840	1	0.50600	0.38926	1	0.48203	0.53462	11.23987	1.03583	1	0.74301	0.55527	12.43609	1.03583	1	-0.00439	-0.00919	0.68045	0.00374	1	0.06131	-0.01300	0.65892	0.00367	1	1.45898	0.81042	0	
1262873	8517.33691	3305972960534	0.51070	0.36941	8517.29004	0.04688	11688	1	0.52691	0.36012	1	0.48509	0.41840	1	0.50600	0.38926	1	0.48215	0.53445	11.12763	1.03583	1	0.74329	0.55537	12.37533	1.03583	1	-0.00450	-0.00926	0.68245	0.00379	1	0.06131	-0.01290	0.65892	0.00364	1	1.45898	0.81042	0	
1262874	8517.34277	3305973027389	0.51111	0.36877	8517.29004	0.05273	11688	1	0.52850	0.37142	1	0.50027	0.35588	1	0.51438	0.36365	1	0.48208	0.53492	11.59227	1.03583	1	0.74325	0.55512	12.12183	1.03583	1	-0.00450	-0.00926	0.68245	0.00357	1	0.06131	-0.01290	0.65892	0.00371	1	1.45898	0.81042	0	
1262875	8517.34961	3305973094391	0.51172	0.36761	8517.29004	0.05957	11688	1	0.53307	0.34103	1	0.50138	0.37327	1	0.51723	0.35715	1	0.48217	0.53452	11.07337	1.03583	1	0.74326	0.55501	12.06347	1.03583	1	-0.00450	-0.00926	0.68245	0.00360	1	0.06131	-0.01290	0.65892	0.00370	1	1.45898	0.81042	0	
1262876	8517.35645	3305973160997	0.51222	0.36572	8517.29004	0.06641	11688	1	0.53217	0.33367	1	0.50243	0.35984	1	0.51730	0.34676	1	0.48219	0.53457	11.02697	1.04492	1	0.74324	0.55510	11.97719	1.05258	1	-0.00461	-0.00954	0.70663	0.00363	1	0.06297	-0.01331	0.67728	0.00373	1	1.45898	0.81042	0	
1262877	8517.36328	3305973228049	0.51349	0.36490	8517.29004	0.07324	11688	1	0.55219	0.31368	1	0.50251	0.39805	1	0.52735	0.35587	1	0.48212	0.53432	11.25304	1.06166	1	0.74326	0.55516	12.04772	1.06932	1	-0.00461	-0.00954	0.70663	0.00352	1	0.06297	-0.01331	0.67728	0.00373	1	1.45898	0.81042	0	
1262878	8517.37012	3305973296033	0.51430	0.36180	8517.29004	0.08008	11688	1	0.55061	0.28038	1	0.49761	0.36882	1	0.52411	0.32460	1	0.48216	0.53414	11.07619	1.07841	1	0.74319	0.55507	11.90374	1.08607	1	-0.00461	-0.00954	0.70663	0.00358	1	0.06297	-0.01331	0.67728	0.00374	1	1.45898	0.81042	0	
1262879	8517.37695	3305973362261	0.51500	0.35870	8517.29004	0.08691	11688	1	0.54998	0.27401	1	0.49804	0.36294	1	0.52401	0.31847	1	0.48223	0.53415	10.86213	1.08607	1	0.74334	0.55530	12.29953	1.09373	1	-0.00450	-0.00926	0.68245	0.00359	1	0.06378	-0.01345	0.68706	0.00371	1	1.45898	0.81042	0	
1262880	8517.38379	3305973429452	0.51732	0.35762	8517.29004	0.09375	11688	1	0.57116	0.29882	1	0.52846	0.38611	1	0.54981	0.34246	1	0.48204	0.53453	11.04258	1.08464	1	0.74330	0.55516	12.21237	1.08464	1	-0.00450	-0.00926	0.68245	0.00360	1	0.06378	-0.01345	0.68706	0.00387	1	1.45898	0.81042	0	
1262881	8517.38965	3305973496319	0.51890	0.35727	8517.29004	0.09961	11688	1	0.57206	0.30774	1	0.51321	0.39621	1	0.54264	0.35197	1	0.48204	0.53457	10.80849	1.07555	1	0.74310	0.55506	12.42618	1.07555	1	-0.00450	-0.00926	0.68245	0.00366	1	0.06378	-0.01345	0.68706	0.00374	1	1.45898	0.81042	0	
1262882	8517.39648	3305973563371	0.52029	0.35737	8517.29004	0.10645	11688	1	0.57265	0.31508	1	0.51257	0.40304	1	0.54261	0.35906	1	0.48191	0.53482	11.97386	1.06647	1	0.74301	0.55523	11.71871	1.06647	1	-0.00459	-0.00929	0.68083	0.00360	1	0.06378	-0.01340	0.68706	0.00373	1	1.45898	0.81042	0	
1262883	8517.40332	3305973630803	0.52065	0.35751	8517.29004	0.11328	11688	1	0.55086	0.33530	1	0.50249	0.38435	1	0.52667	0.35982	1	0.48171	0.53468	11.59248	1.06647	1	0.74288	0.55488	11.76592	1.06647	1	-0.00459	-0.00929	0.68083	0.00371	1	0.06378	-0.01340	0.68706	0.00360	1	1.45898	0.81042	0	
1262884	8517.41016	3305973697474	0.52119	0.35770	8517.29004	0.12012	11688	1	0.54053	0.38239	1	0.52122	0.33980	1	0.53087	0.36109	1	0.48150	0.53502	11.66620	1.06647	1	0.74282	0.55461	11.63083	1.06647	1	-0.00459	-0.00929	0.68083	0.00365	1	0.06378	-0.01340	0.68706	0.00373	1	1.45898	0.81042	0	
1262885	8517.41699	3305973764383	0.52167	0.35818	8517.29004	0.12695	11688	1	0.54126	0.38838	1	0.52059	0.34630	1	0.53092	0.36734	1	0.48161	0.53468	11.17094	1.05845	1	0.74235	0.55419	12.18573	1.05845	1	-0.00468	-0.00931	0.68552	0.00373	1	0.06266	-0.01313	0.67616	0.00370	1	1.45898	0.81042	0	
1262886	8517.42383	3305973831104	0.52267	0.35495	8517.29004	0.13379	11688	1	0.56216	0.30157	1	0.52306	0.27929	1	0.54261	0.29043	1	0.48152	0.53416	11.15241	1.05044	1	0.74238	0.55378	12.17481	1.05044	1	-0.00468	-0.00931	0.68552	0.00386	1	0.06266	-0.01313	0.67616	0.00366	1	1.45898	0.81042	0	
1262887	8517.43066	3305973898477	0.52312	0.35317	8517.29004	0.14062	11688	1	0.53765	0.35842	1	0.52744	0.27322	1	0.53254	0.31582	1	0.48107	0.53468	12.00578	1.04242	1	0.74243	0.55366	12.09488	1.04242	1	-0.00468	-0.00931	0.68552	0.00355	1	0.06266	-0.01313	0.67616	0.00380	1	1.45898	0.81042	0	
1262888	8517.43750	3305973965610	0.52353	0.35122	8517.29004	0.14746	11688	1	0.53678	0.35126	1	0.52823	0.26508	1	0.53250	0.30817	1	0.48073	0.53421	11.43659	1.05150	1	0.74174	0.55407	11.98740	1.05150	1	-0.00490	-0.00955	0.70334	0.00374	1	0.06288	-0.01320	0.67958	0.00368	1	1.45898	0.81042	0	
1262889	8517.44336	3305974032335	0.52294	0.34818	8517.29004	0.15332	11688	1	0.54644	0.31781	1	0.47248	0.23900	1	0.50946	0.27840	1	0.48092	0.53455	11.55235	1.06861	1	0.74154	0.55363	12.08314	1.06861	1	-0.00490	-0.00955	0.70334	0.00370	1	0.06288	-0.01320	0.67958	0.00409	1	1.45898	0.81042	0	
1262890	8517.45020	3305974096257	0.52249	0.34592	8517.29004	0.16016	11688	1	0.54334	0.31255	1	0.47987	0.27047	1	0.51161	0.29151	1	0.48082	0.53450	11.38586	1.08571	1	0.74172	0.55414	12.13907	1.08571	1	-0.00490	-0.00955	0.70334	0.00375	1	0.06288	-0.01320	0.67958	0.00390	1	1.45898	0.81042	0	
1262891	8517.45703	3305974164069	0.52206	0.34357	8517.29004	0.16699	11688	1	0.54264	0.30615	1	0.48019	0.26360	1	0.51142	0.28487	1	0.48098	0.53456	11.68076	1.09373	1	0.74174	0.55362	11.88668	1.09373	1	-0.00473	-0.00911	0.67127	0.00374	1	0.06288	-0.01320	0.67958	0.00392	1	1.45898	0.81042	0	
1262892	8517.46289	3305974228894	0.52188	0.34054	8517.29004	0.17285	11688	1	0.52987	0.31314	1	0.50428	0.21025	1	0.51708	0.26169	1	0.48052	0.53441	11.36397	1.08464	1	0.74168	0.55342	11.96742	1.08464	1	-0.00473	-0.00911	0.67127	0.00363	1	0.06288	-0.01320	0.67958	0.00406	1	1.45898	0.81042	0	
1262893	8517.47070	3305974297606	0.52508	0.30754	8517.29004	0.17285	11688	0	0.53506	0.26614	1	0.49027	0.15849	1	0.51266	0.21232	1	0.48062	0.53385	11.05900	1.07555	1	0.74180	0.55280	11.77850	1.07555	1	-0.00473	-0.00911	0.67127	0.00375	1	0.06288	-0.01320	0.67958	0.00416	1	1.45898	0.81042	0	
1262894	8517.47656	3305974363729	0.51897	0.26406	8517.29004	0.17285	11688	0	0.53592	0.27385	1	0.48981	0.16732	1	0.51287	0.22059	1	0.48062	0.53465	11.02930	1.06647	1	0.74167	0.55332	12.11314	1.06647	1	-0.00473	-0.00911	0.67127	0.00357	1	0.06288	-0.01320	0.67958	0.00404	1	1.45898	0.81042	0	
1262895	8517.48340	3305974431743	0.51804	0.27794	8517.29004	0.17285	11688	0	0.52776	0.33656	1	0.50458	0.27481	1	0.51617	0.30569	1	0.48054	0.53456	11.36401	1.06647	1	0.74167	0.55385	12.21460	1.06647	1	-0.00473	-0.00911	0.67127	0.00366	1	0.06288	-0.01320	0.67958	0.00392	1	1.45898	0.81042	0	
1262896	8517.49023	3305974498381	0.51748	0.28889	8517.47070	0.01953	11689	1	0.53486	0.33364	1	0.49674	0.30987	1	0.51580	0.32176	1	0.48066	0.53458	11.21846	1.06647	1	0.74157	0.55427	12.42938	1.06647	1	-0.00473	-0.00911	0.67127	0.00367	1	0.06288	-0.01320	0.67958	0.00364	1	1.45898	0.81042	0	
1262897	8517.49707	3305974566939	0.51714	0.29547	8517.47070	0.02637	11689	1	0.53486	0.33364	1	0.49674	0.30987	1	0.51580	0.32176	1	0.48055	0.53428	10.90068	1.06647	1	0.74158	0.55455	12.45452	1.06647	1	-0.00483	-0.00936	0.68560	0.00373	1	0.06288	-0.01320	0.67958	0.00363	1	1.45898	0.81042	0	
1262898	8517.50391	3305974632535	0.51772	0.30164	8517.47070	0.03320	11689	1	0.53984	0.32967	1	0.50135	0.33536	1	0.52059	0.33251	1	0.48073	0.53443	11.49964	1.06647	1	0.74156	0.55461	12.48888	1.06647	1	-0.00483	-0.00936	0.68560	0.00376	1	0.06288	-0.01320	0.67958	0.00365	1	1.45898	0.81042	0	
1262899	8517.51074	3305974700591	0.51756	0.30645	8517.47070	0.04004	11689	1	0.52687	0.33790	1	0.50632	0.33278	1	0.51660	0.33534	1	0.48050	0.53453	10.92169	1.06647	1	0.74161	0.55457	12.34071	1.06647	1	-0.00483	-0.00936	0.68560	0.00363	1	0.06288	-0.01320	0.67958	0.00364	1	1.45898	0.81042	0	
1262900	8517.51758	3305974768940	0.51744	0.31006	8517.47070	0.04688	11689	1	0.52687	0.33790	1	0.50632	0.33278	1	0.51660	0.33534	1	0.48063	0.53453	10.98804	1.06647	1	0.74130	0.55451	12.25724	1.06647	1	-0.00483	-0.00936	0.68560	0.00367	1	0.06288	-0.01320	0.67958	0.00372	1	1.45898	0.81042	0	
1262901	8517.52441	3305974836531	0.51778	0.31047	8517.47070	0.05371	11689	1	0.54715	0.32651	1	0.49397	0.30098	1	0.52056	0.31375	1	0.48077	0.53478	11.22755	1.06647	1	0.74149	0.55430	12.21223	1.06647	1	-0.00483	-0.00936	0.68560	0.00369	1	0.06288	-0.01320	0.67958	0.00370	1	1.45898	0.81042	0	
1262902	8517.53125	3305974902815	0.51776	0.30666	8517.47070	0.06055	11689	1	0.53466	0.32843	1	0.50036	0.21631	1	0.51751	0.27237	1	0.48063	0.53453	10.98804	1.06647	1	0.74156	0.55321	11.92416	1.06647	1	-0.00483	-0.00936	0.68560	0.00366	1	0.06288	-0.01320	0.67958	0.00412	1	1.45898	0.81042	0	
1262903	8517.53711	3305974969012	0.51773	0.30355	8517.47070	0.06641	11689	1	0.53466	0.32843	1	0.50036	0.21631	1	0.51751	0.27237	1	0.48060	0.53405	10.95540	1.06647	1	0.74158	0.55319	11.90273	1.06647	1	-0.00473	-0.00911	0.67127	0.00383	1	0.06288	-0.01320	0.67958	0.00412	1	1.45898	0.81042	0	
1262904	8517.54395	3305975036520	0.51720	0.30506	8517.47070	0.07324	11689	1	0.53141	0.32643	1	0.49135	0.31712	1	0.51138	0.32178	1	0.48069	0.53457	11.16469	1.06647	1	0.74150	0.55425	12.09385	1.06647	1	-0.00473	-0.00911	0.67127	0.00371	1	0.06288	-0.01320	0.67958	0.00377	1	1.45898	0.81042	0	
1262905	8517.55078	3305975103987	0.51669	0.29918	8517.47070	0.08008	11689	1	0.52005	0.26170	1	0.50103	0.19532	1	0.51054	0.22851	1	0.48046	0.53379	10.83684	1.06647	1	0.74165	0.55307	11.86527	1.06647	1	-0.00473	-0.00911	0.67127	0.00394	1	0.06288	-0.01320	0.67958	0.00414	1	1.45898	0.81042	0	
1262906	8517.55762	3305975170648	0.51625	0.29413	8517.47070	0.08691	11689	1	0.52005	0.26170	1	0.50103	0.19532	1	0.51054	0.22851	1	0.48054	0.53398	10.90031	1.06647	1	0.74149	0.55407	12.36882	1.06647	1	-0.00483	-0.00925	0.68555	0.00393	1	0.06431	-0.01345	0.69504	0.00363	1	1.45898	0.81042	0	
1262907	8517.56445	3305975237857	0.51516	0.29425	8517.47070	0.09375	11689	1	0.53606	0.30984	1	0.46355	0.28208	1	0.49980	0.29596	1	0.48071	0.53420	11.08194	1.06647	1	0.74147	0.55401	12.15386	1.06647	1	-0.00483	-0.00925	0.68555	0.00394	1	0.06431	-0.01345	0.69504	0.00370	1	1.45898	0.81042	0	
1262908	8517.57129	3305975306734	0.51562	0.29689	8517.47070	0.10059	11689	1	0.53657	0.33377	1	0.50844	0.33922	1	0.52250	0.33650	1	0.48070	0.53453	11.36600	1.06647	1	0.74180	0.55431	12.63488	1.06647	1	-0.00483	-0.00925	0.68555	0.00391	1	0.06431	-0.01345	0.69504	0.00366	1	1.45898	0.81042	0	
1262909	8517.57812	3305975371891	0.51602	0.29922	8517.47070	0.10742	11689	1	0.53657	0.33377	1	0.50844	0.33922	1	0.52250	0.33650	1	0.48057	0.53403	11.21941	1.06647	1	0.74174	0.55418	12.48291	1.06647	1	-0.00473	-0.00911	0.67127	0.00403	1	0.06431	-0.01345	0.69504	0.00368	1	1.45898	0.81042	0	
1262910	8517.58398	3305975438934	0.51515	0.29885	8517.47070	0.11328	11689	1	0.53616	0.30438	1	0.46438	0.28058	1	0.50027	0.29248	1	0.48072	0.53407	11.26601	1.06647	1	0.74148	0.55410	12.18273	1.06647	1	-0.00473	-0.00911	0.67127	0.00399	1	0.06431	-0.01345	0.69504	0.00371	1	1.45898	0.81042	0	
1262911	8517.59082	3305975505732	0.51467	0.29892	8517.47070	0.12012	11689	1	0.53279	0.29474	1	0.47942	0.30573	1	0.50611	0.30023	1	0.48068	0.53419	11.52280	1.06647	1	0.74171	0.55431	12.19968	1.06647	1	-0.00473	-0.00911	0.67127	0.00385	1	0.06431	-0.01345	0.69504	0.00367	1	1.45898	0.81042	0	
1262912	8517.59766	3305975572393	0.51424	0.29898	8517.47070	0.12695	11689	1	0.53279	0.29474	1	0.47942	0.30573	1	0.50611	0.30023	1	0.48103	0.53478	11.70805	1.06647	1	0.74178	0.55367	12.24578	1.06647	1	-0.00483	-0.00925	0.68555	0.00374	1	0.06431	-0.01345	0.69504	0.00363	1	1.45898	0.81042	0	
1262913	8517.60449	3305975639264	0.51440	0.30023	8517.47070	0.13379	11689	1	0.55904	0.33713	1	0.47596	0.31318	1	0.51750	0.32515	1	0.48103	0.53478	11.70805	1.06647	1	0.74176	0.55427	12.77525	1.06647	1	-0.00483	-0.00925	0.68555	0.00374	1	0.06431	-0.01345	0.69504	0.00366	1	1.45898	0.81042	0	
1262914	8517.61133	3305975704882	0.51424	0.30118	8517.47070	0.14062	11689	1	0.55639	0.33480	1	0.46561	0.30746	1	0.51100	0.32113	1	0.48101	0.53478	11.82850	1.06647	1	0.74144	0.55420	12.49538	1.06647	1	-0.00483	-0.00925	0.68555	0.00373	1	0.06431	-0.01345	0.69504	0.00373	1	1.45898	0.81042	0	
1262915	8517.61816	3305975773927	0.51409	0.30173	8517.47070	0.14746	11689	1	0.55568	0.32761	1	0.46587	0.29985	1	0.51077	0.31373	1	0.48084	0.53487	11.39621	1.07555	1	0.74144	0.55399	12.44000	1.07555	1	-0.00490	-0.00950	0.70335	0.00362	1	0.06288	-0.01320	0.67958	0.00397	1	1.45898	0.81042	0	
1262916	8517.62500	3305975840552	0.51455	0.30175	8517.47070	0.15430	11689	1	0.55631	0.31078	1	0.49396	0.29377	1	0.52513	0.30228	1	0.48105	0.53461	11.75471	1.08464	1	0.74191	0.55403	12.85803	1.08464	1	-0.00490	-0.00950	0.70335	0.00378	1	0.06288	-0.01320	0.67958	0.00377	1	1.45898	0.81042	0	
1262917	8517.63086	3305975907439	0.51478	0.30153	8517.47070	0.16016	11689	1	0.54906	0.30234	1	0.49139	0.28997	1	0.52023	0.29615	1	0.48093	0.53438	11.88445	1.09373	1	0.74191	0.55425	13.22783	1.09373	1	-0.00490	-0.00950	0.70335	0.00388	1	0.06288	-0.01320	0.67958	0.00367	1	1.45898	0.81042	0	
1262918	8517.63770	3305975974920	0.51499	0.30089	8517.47070	0.16699	11689	1	0.54832	0.29506	1	0.49229	0.27514	1	0.52030	0.28510	1	0.48092	0.53452	11.96989	1.10281	1	0.74219	0.55404	12.91909	1.11149	1	-0.00490	-0.00955	0.70334	0.00367	1	0.06400	-0.01342	0.69111	0.00361	1	1.45898	0.81042	0	
1262919	8517.64453	3305976041556	0.51390	0.29943	8517.47070	0.17383	11689	1	0.51908	0.26706	1	0.45213	0.25567	1	0.48561	0.26137	1	0.48078	0.53452	11.61096	1.11149	1	0.74169	0.55408	12.72246	1.12017	1	-0.00490	-0.00955	0.70334	0.00371	1	0.06400	-0.01342	0.69111	0.00364	1	1.45898	0.81042	0	
1262920	8517.65137	3305976108889	0.51321	0.29691	8517.47070	0.18066	11689	1	0.50956	0.25287	1	0.47951	0.20480	1	0.49454	0.22883	1	0.48072	0.53406	11.44506	1.12017	1	0.74202	0.55380	12.85572	1.12885	1	-0.00490	-0.00955	0.70334	0.00392	1	0.06400	-0.01342	0.69111	0.00365	1	1.45898	0.81042	0	
1262921	8517.65820	3305976173426	0.51256	0.29470	8517.47070	0.18750	11689	1	0.50961	0.25320	1	0.47916	0.21282	1	0.49438	0.23301	1	0.48092	0.53389	11.97363	1.11977	1	0.74224	0.55435	13.35032	1.11977	1	-0.00473	-0.00926	0.68617	0.00386	1	0.06266	-0.01313	0.67616	0.00360	1	1.45898	0.81042	0	
1262922	8517.66406	3305976238020	0.51228	0.29472	8517.47070	0.19336	11689	1	0.51704	0.30417	1	0.49095	0.28597	1	0.50399	0.29507	1	0.48123	0.53470	12.11817	1.11068	1	0.74226	0.55441	13.01810	1.10200	1	-0.00473	-0.00926	0.68617	0.00357	1	0.06266	-0.01313	0.67616	0.00361	1	1.45898	0.81042	0	
1262923	8517.67090	3305976306811	0.51189	0.29433	8517.47070	0.20020	11689	1	0.51161	0.25655	1	0.48907	0.30907	1	0.50034	0.28281	1	0.48113	0.53401	11.81455	1.09292	1	0.74227	0.55458	13.43837	1.08424	1	-0.00473	-0.00926	0.68617	0.00384	1	0.06266	-0.01313	0.67616	0.00358	1	1.45898	0.81042	0	
1262924	8517.67773	3305976374707	0.51155	0.29432	8517.47070	0.20703	11689	1	0.51359	0.27158	1	0.48863	0.31656	1	0.50111	0.29407	1	0.48119	0.53458	12.25894	1.07515	1	0.74202	0.55439	13.37214	1.07515	1	-0.00455	-0.00906	0.67491	0.00367	1	0.06475	-0.01351	0.69804	0.00363	1	1.45898	0.81042	0	
1262925	8517.68457	3305976444034	0.51133	0.29496	8517.47070	0.21387	11689	1	0.51643	0.32251	1	0.49157	0.30839	1	0.50400	0.31545	1	0.48111	0.53451	12.24378	1.07515	1	0.74231	0.55437	12.79240	1.08383	1	-0.00455	-0.00906	0.67491	0.00369	1	0.06475	-0.01351	0.69804	0.00363	1	1.45898	0.81042	0	
1262926	8517.69141	3305976510711	0.51088	0.29387	8517.47070	0.22070	11689	1	0.52403	0.22418	1	0.46803	0.29108	1	0.49603	0.25763	1	0.48121	0.53352	11.52102	1.08383	1	0.74240	0.55440	12.50981	1.09251	1	-0.00455	-0.00906	0.67491	0.00413	1	0.06475	-0.01351	0.69804	0.00367	1	1.45898	0.81042	0	
1262927	8517.69824	3305976577491	0.51044	0.29272	8517.47070	0.22754	11689	1	0.52314	0.21652	1	0.46803	0.29108	1	0.49559	0.25380	1	0.48149	0.53468	11.08293	1.09251	1	0.74263	0.55406	12.45216	1.09251	1	-0.00459	-0.00909	0.68083	0.00367	1	0.06378	-0.01329	0.68706	0.00374	1	1.45898	0.81042	0	
1262928	8517.70508	3305976644004	0.51062	0.29288	8517.47070	0.23438	11689	1	0.54349	0.32381	1	0.49019	0.27335	1	0.51684	0.29858	1	0.48163	0.53474	12.21577	1.09251	1	0.74266	0.55413	12.90907	1.08383	1	-0.00459	-0.00909	0.68083	0.00361	1	0.06378	-0.01329	0.68706	0.00365	1	1.45898	0.81042	0	
1262929	8517.71191	3305976711800	0.51063	0.29315	8517.47070	0.24121	11689	1	0.53862	0.34535	1	0.48395	0.26032	1	0.51128	0.30284	1	0.48149	0.53489	12.29819	1.08383	1	0.74258	0.55379	12.18103	1.07515	1	-0.00459	-0.00909	0.68083	0.00363	1	0.06378	-0.01329	0.68706	0.00370	1	1.45898	0.81042	0	
1262930	8517.71875	3305976778597	0.51065	0.29340	8517.47070	0.24805	11689	1	0.53858	0.34504	1	0.48397	0.25997	1	0.51128	0.30251	1	0.48209	0.53455	12.14574	1.08424	1	0.74283	0.55398	13.13300	1.07555	1	-0.00466	-0.00932	0.69785	0.00369	1	0.06297	-0.01311	0.67728	0.00363	1	1.45898	0.81042	0	
1262931	8517.72461	3305976845325	0.51016	0.29363	8517.47070	0.25391	11689	1	0.51367	0.37518	1	0.46908	0.22959	1	0.49138	0.30238	1	0.48179	0.53467	12.23272	1.08464	1	0.74271	0.55376	13.13547	1.08464	1	-0.00466	-0.00932	0.69785	0.00367	1	0.06297	-0.01311	0.67728	0.00365	1	1.45898	0.81042	0	
1262932	8517.73145	3305976912251	0.50966	0.29297	8517.47070	0.26074	11689	1	0.51243	0.29413	1	0.46793	0.24039	1	0.49018	0.26726	1	0.48191	0.53436	12.16133	1.09373	1	0.74272	0.55393	13.09622	1.09373	1	-0.00466	-0.00932	0.69785	0.00369	1	0.06297	-0.01311	0.67728	0.00359	1	1.45898	0.81042	0	
1262933	8517.73828	3305976979328	0.50919	0.29225	8517.47070	0.26758	11689	1	0.51243	0.29413	1	0.46819	0.23276	1	0.49031	0.26344	1	0.48206	0.53466	13.19763	1.09373	1	0.74285	0.55421	13.10339	1.10241	1	-0.00439	-0.00908	0.68045	0.00359	1	0.06627	-0.01378	0.71211	0.00368	1	1.45898	0.81042	0	
1262934	8517.74512	3305977046597	0.50885	0.29255	8517.47070	0.27441	11689	1	0.50297	0.33533	1	0.48700	0.27436	1	0.49499	0.30484	1	0.48170	0.53447	12.29580	1.09332	1	0.74300	0.55434	13.23610	1.10200	1	-0.00439	-0.00908	0.68045	0.00370	1	0.06627	-0.01378	0.71211	0.00363	1	1.45898	0.81042	0	
1262935	8517.75195	3305977113407	0.50875	0.29280	8517.47070	0.28125	11689	1	0.52186	0.32756	1	0.48722	0.27923	1	0.50454	0.30339	1	0.48203	0.53438	12.84452	1.09292	1	0.74294	0.55423	12.65623	1.10160	1	-0.00439	-0.00908	0.68045	0.00356	1	0.06627	-0.01378	0.71211	0.00370	1	1.45898	0.81042	0	
1262936	8517.75879	3305977180588	0.50865	0.29313	8517.47070	0.28809	11689	1	0.52190	0.32788	1	0.48680	0.28684	1	0.50435	0.30736	1	0.48231	0.53424	11.70560	1.09251	1	0.74293	0.55429	12.62598	1.09251	1	-0.00439	-0.00908	0.68045	0.00367	1	0.06349	-0.01319	0.68173	0.00371	1	1.45898	0.81042	0	
1262937	8517.76562	3305977247701	0.50879	0.29282	8517.47070	0.29492	11689	1	0.53671	0.29135	1	0.49324	0.26678	1	0.51498	0.27907	1	0.48231	0.53424	11.70560	1.09251	1	0.74312	0.55394	12.46765	1.08383	1	-0.00439	-0.00908	0.68045	0.00367	1	0.06349	-0.01319	0.68173	0.00372	1	1.45898	0.81042	0	
1262938	8517.77148	3305977314634	0.50878	0.29299	8517.47070	0.30078	11689	1	0.54384	0.33365	1	0.47268	0.26771	1	0.50826	0.30068	1	0.48240	0.53405	11.82244	1.08383	1	0.74318	0.55381	12.13357	1.07515	1	-0.00439	-0.00908	0.68045	0.00357	1	0.06349	-0.01319	0.68173	0.00371	1	1.45898	0.81042	0	
1262939	8517.77832	3305977379448	0.50877	0.29331	8517.47070	0.30762	11689	1	0.54459	0.34042	1	0.47238	0.27525	1	0.50849	0.30783	1	0.48226	0.53390	11.50937	1.07515	1	0.74333	0.55380	12.16646	1.06647	1	-0.00439	-0.00908	0.68045	0.00373	1	0.06349	-0.01319	0.68173	0.00370	1	1.45898	0.81042	0	
1262940	8517.78516	3305977447876	0.50878	0.29404	8517.47070	0.31445	11689	1	0.53228	0.40047	1	0.48656	0.25664	1	0.50942	0.32856	1	0.48207	0.53432	11.58708	1.06647	1	0.74330	0.55367	12.23853	1.06647	1	-0.00439	-0.00908	0.68045	0.00375	1	0.06349	-0.01319	0.68173	0.00373	1	1.45898	0.81042	0	
1262941	8517.79199	3305977515278	0.50882	0.29424	8517.47070	0.32129	11689	1	0.54283	0.35917	1	0.51050	0.27471	1	0.52667	0.31694	1	0.48225	0.53385	11.31322	1.06647	1	0.74380	0.55385	12.62815	1.06647	1	-0.00439	-0.00908	0.68045	0.00386	1	0.06349	-0.01319	0.68173	0.00371	1	1.45898	0.81042	0	
1262942	8517.79883	3305977581916	0.50910	0.29609	8517.47070	0.32812	11689	1	0.54202	0.35218	1	0.51113	0.26678	1	0.52657	0.30948	1	0.48242	0.53375	11.78579	1.07555	1	0.74366	0.55403	13.09479	1.07555	1	-0.00449	-0.00940	0.70432	0.00377	1	0.06349	-0.01319	0.68173	0.00361	1	1.45898	0.81042	0	
1262943	8517.80566	3305977650203	0.50899	0.29476	8517.47070	0.33496	11689	1	0.54168	0.23876	1	0.47981	0.24459	1	0.51074	0.24167	1	0.48243	0.53337	11.57724	1.08464	1	0.74359	0.55378	13.12366	1.08464	1	-0.00449	-0.00940	0.70432	0.00397	1	0.06349	-0.01319	0.68173	0.00361	1	1.45898	0.81042	0	
1262944	8517.81250	3305977715805	0.50905	0.29328	8517.47070	0.34180	11689	1	0.54834	0.27399	1	0.48862	0.22824	1	0.51848	0.25112	1	0.48244	0.53372	11.76742	1.09373	1	0.74370	0.55395	13.06071	1.09373	1	-0.00449	-0.00940	0.70432	0.00387	1	0.06349	-0.01319	0.68173	0.00366	1	1.45898	0.81042	0	
1262945	8517.81836	3305977783305	0.50910	0.29181	8517.47070	0.34766	11689	1	0.54834	0.27399	1	0.48862	0.22824	1	0.51848	0.25112	1	0.48270	0.53416	12.10307	1.09373	1	0.74387	0.55423	12.97975	1.09373	1	-0.00428	-0.00908	0.68009	0.00394	1	0.06295	-0.01306	0.67483	0.00372	1	1.45898	0.81042	0	
1262946	8517.82520	3305977849312	0.50934	0.29109	8517.47070	0.35449	11689	1	0.56843	0.33259	1	0.49532	0.26296	1	0.53187	0.29778	1	0.48281	0.53431	12.29592	1.08464	1	0.74385	0.55397	12.62618	1.08464	1	-0.00428	-0.00908	0.68009	0.00389	1	0.06295	-0.01306	0.67483	0.00374	1	1.45898	0.81042	0	
1262947	8517.83203	3305977916994	0.50946	0.29007	8517.47070	0.36133	11689	1	0.55957	0.31347	1	0.48577	0.25957	1	0.52267	0.28652	1	0.48265	0.53385	12.07559	1.07555	1	0.74372	0.55413	12.94122	1.07555	1	-0.00428	-0.00908	0.68009	0.00387	1	0.06295	-0.01306	0.67483	0.00362	1	1.45898	0.81042	0	
1262948	8517.83887	3305977983567	0.50959	0.28921	8517.47070	0.36816	11689	1	0.56025	0.32077	1	0.48536	0.26754	1	0.52280	0.29415	1	0.48263	0.53429	12.16894	1.06647	1	0.74364	0.55377	12.70377	1.06647	1	-0.00428	-0.00908	0.68009	0.00371	1	0.06295	-0.01311	0.67483	0.00360	1	1.45898	0.81042	0	
1262949	8517.84570	3305978051380	0.50948	0.28897	8517.47070	0.37500	11689	1	0.54800	0.32415	1	0.48281	0.28009	1	0.51540	0.30212	1	0.48247	0.53397	11.86136	1.06647	1	0.74374	0.55396	12.95923	1.06647	1	-0.00428	-0.00908	0.68009	0.00386	1	0.06295	-0.01311	0.67483	0.00370	1	1.45898	0.81042	0	
1262950	8517.85156	3305978115252	0.50973	0.28944	8517.47070	0.38086	11689	1	0.56234	0.33892	1	0.49591	0.25079	1	0.52912	0.29485	1	0.48266	0.53426	12.13154	1.06647	1	0.74393	0.55376	12.24140	1.06647	1	-0.00428	-0.00908	0.68009	0.00375	1	0.06295	-0.01311	0.67483	0.00369	1	1.45898	0.81042	0	
1262951	8517.85840	3305978183810	0.50997	0.28991	8517.47070	0.38770	11689	1	0.56234	0.33892	1	0.49591	0.25079	1	0.52912	0.29485	1	0.48265	0.53449	11.99011	1.06647	1	0.74389	0.55384	12.43106	1.06647	1	-0.00428	-0.00908	0.68009	0.00368	1	0.06295	-0.01311	0.67483	0.00363	1	1.45898	0.81042	0	
1262952	8517.86523	3305978247352	0.51043	0.29005	8517.47070	0.39453	11689	1	0.56513	0.34311	1	0.50219	0.31439	1	0.53366	0.32875	1	0.48265	0.53431	12.43820	1.06647	1	0.74406	0.55433	12.27921	1.06647	1	-0.00428	-0.00908	0.68009	0.00370	1	0.06295	-0.01311	0.67483	0.00358	1	1.45898	0.81042	0	
1262953	8517.87207	3305978319084	0.51066	0.29175	8517.47070	0.40137	11689	1	0.56828	0.36470	1	0.47490	0.25526	1	0.52159	0.30998	1	0.48273	0.53467	11.98670	1.06647	1	0.74351	0.55388	12.82193	1.06647	1	-0.00428	-0.00908	0.68009	0.00370	1	0.06295	-0.01311	0.67483	0.00360	1	1.45898	0.81042	0	
1262954	8517.87891	3305978384768	0.51089	0.29345	8517.47070	0.40820	11689	1	0.56828	0.36470	1	0.47490	0.25526	1	0.52159	0.30998	1	0.48275	0.53471	12.08397	1.06647	1	0.74357	0.55382	12.92385	1.06647	1	-0.00428	-0.00908	0.68009	0.00375	1	0.06295	-0.01311	0.67483	0.00356	1	1.45898	0.81042	0	
1262955	8517.88574	3305978451874	0.51167	0.29355	8517.47070	0.41504	11689	1	0.57237	0.33009	1	0.50136	0.27147	1	0.53687	0.30078	1	0.48284	0.53455	12.03042	1.06647	1	0.74399	0.55378	12.26549	1.06647	1	-0.00428	-0.00908	0.68009	0.00376	1	0.06295	-0.01311	0.67483	0.00369	1	1.45898	0.81042	0	
1262956	8517.89160	3305978515527	0.51188	0.29342	8517.47070	0.42090	11689	1	0.56661	0.36463	1	0.49896	0.29608	1	0.53278	0.33036	1	0.48279	0.53457	12.06785	1.06647	1	0.74391	0.55401	12.39782	1.06647	1	-0.00428	-0.00908	0.68009	0.00369	1	0.06295	-0.01311	0.67483	0.00356	1	1.45898	0.81042	0	
1262957	8517.89844	3305978580135	0.51209	0.29329	8517.47070	0.42773	11689	1	0.56661	0.36463	1	0.49896	0.29608	1	0.53278	0.33036	1	0.48283	0.53461	12.00112	1.06647	1	0.74371	0.55396	12.67601	1.06647	1	-0.00428	-0.00908	0.68009	0.00371	1	0.06295	-0.01311	0.67483	0.00355	1	1.45898	0.81042	0	
1262958	8517.90527	3305978651569	0.51271	0.29332	8517.47070	0.43457	11689	1	0.56541	0.30424	1	0.49424	0.28327	1	0.52982	0.29376	1	0.48273	0.53460	11.99651	1.06647	1	0.74389	0.55395	12.65205	1.06647	1	-0.00428	-0.00908	0.68009	0.00376	1	0.06295	-0.01311	0.67483	0.00357	1	1.45898	0.81042	0	
1262959	8517.91211	3305978717309	0.51314	0.29325	8517.47070	0.44141	11689	1	0.56620	0.32809	1	0.48782	0.26531	1	0.52701	0.29670	1	0.48272	0.53460	12.15449	1.06647	1	0.74371	0.55383	12.69534	1.06647	1	-0.00428	-0.00908	0.68009	0.00370	1	0.06295	-0.01311	0.67483	0.00354	1	1.45898	0.81042	0	
1262960	8517.91895	3305978787830	0.51358	0.29301	8517.47070	0.44824	11689	1	0.56556	0.32085	1	0.48825	0.25733	1	0.52691	0.28909	1	0.48264	0.53479	12.08778	1.07555	1	0.74372	0.55385	12.72172	1.07555	1	-0.00449	-0.00940	0.70432	0.00368	1	0.06295	-0.01311	0.67483	0.00358	1	1.45898	0.81042	0	
1262961	8517.92578	3305978854432	0.51370	0.29246	8517.47070	0.45508	11689	1	0.57054	0.33821	1	0.47647	0.25878	1	0.52351	0.29850	1	0.48281	0.53484	12.16990	1.08464	1	0.74365	0.55400	13.24541	1.08464	1	-0.00449	-0.00940	0.70432	0.00374	1	0.06295	-0.01311	0.67483	0.00352	1	1.45898	0.81042	0	
1262962	8517.93262	3305978921174	0.51417	0.29176	8517.47070	0.46191	11689	1	0.58061	0.31494	1	0.48593	0.25976	1	0.53327	0.28735	1	0.48299	0.53476	12.13170	1.09373	1	0.74370	0.55398	12.97887	1.09373	1	-0.00449	-0.00940	0.70432	0.00375	1	0.06295	-0.01311	0.67483	0.00356	1	1.45898	0.81042	0	
1262963	8517.93945	3305978988975	0.51464	0.29105	8517.47070	0.46875	11689	1	0.58009	0.30779	1	0.48634	0.25193	1	0.53322	0.27986	1	0.48278	0.53471	12.33395	1.10281	1	0.74354	0.55387	12.91404	1.10281	1	-0.00449	-0.00940	0.70432	0.00370	1	0.06295	-0.01311	0.67483	0.00361	1	1.45898	0.81042	0	
1262964	8517.94629	3305979055961	0.51463	0.29072	8517.47070	0.47559	11689	1	0.56227	0.32296	1	0.48722	0.25024	1	0.52474	0.28660	1	0.48273	0.53485	12.32416	1.10281	1	0.74375	0.55400	13.21407	1.10281	1	-0.00449	-0.00940	0.70432	0.00367	1	0.06295	-0.01311	0.67483	0.00362	1	1.45898	0.81042	0	
1262965	8517.95312	3305979122769	0.51470	0.29036	8517.47070	0.48242	11689	1	0.57123	0.32945	1	0.47625	0.22823	1	0.52374	0.27884	1	0.48280	0.53483	12.52895	1.10281	1	0.74358	0.55382	12.89530	1.10281	1	-0.00449	-0.00940	0.70432	0.00366	1	0.06295	-0.01311	0.67483	0.00355	1	1.45898	0.81042	0	
1262966	8517.95996	3305979190042	0.51477	0.29023	8517.47070	0.48926	11689	1	0.57123	0.32945	1	0.47625	0.22823	1	0.52374	0.27884	1	0.48250	0.53472	12.36900	1.10281	1	0.74347	0.55408	13.00937	1.10281	1	-0.00449	-0.00940	0.70432	0.00359	1	0.06295	-0.01311	0.67483	0.00357	1	1.45898	0.81042	0	
1262967	8517.96582	3305979256616	0.51498	0.29118	8517.47070	0.49512	11689	1	0.52897	0.35501	1	0.46204	0.25847	1	0.49551	0.30674	1	0.48217	0.53495	11.45692	1.10281	1	0.74338	0.55400	12.81530	1.10281	1	-0.00449	-0.00940	0.70432	0.00365	1	0.06295	-0.01311	0.67483	0.00365	1	1.45898	0.81042	0	
1262968	8517.97266	3305979323694	0.51547	0.29191	8517.47070	0.50195	11689	1	0.55387	0.29592	1	0.48211	0.23253	1	0.51799	0.26422	1	0.48256	0.53480	12.06078	1.10281	1	0.74363	0.55376	12.71503	1.10281	1	-0.00449	-0.00940	0.70432	0.00366	1	0.06295	-0.01311	0.67483	0.00351	1	1.45898	0.81042	0	
1262969	8517.97949	3305979390299	0.51596	0.29248	8517.47070	0.50879	11689	1	0.55387	0.29592	1	0.48247	0.22490	1	0.51817	0.26041	1	0.48255	0.53464	11.61601	1.10281	1	0.74374	0.55404	12.91048	1.11149	1	-0.00449	-0.00940	0.70432	0.00372	1	0.06582	-0.01372	0.70619	0.00347	1	1.45898	0.81042	0	
1262970	8517.98633	3305979457701	0.51624	0.29224	8517.47070	0.51562	11689	1	0.55097	0.31811	1	0.48359	0.24872	1	0.51728	0.28342	1	0.48258	0.53497	12.00187	1.11149	1	0.74369	0.55413	12.92920	1.12017	1	-0.00449	-0.00940	0.70432	0.00365	1	0.06582	-0.01372	0.70619	0.00350	1	1.45898	0.81042	0	
1262971	8517.99316	3305979524658	0.51635	0.29187	8517.47070	0.52246	11689	1	0.52961	0.29073	1	0.48129	0.23873	1	0.50545	0.26473	1	0.48216	0.53472	11.45890	1.12017	1	0.74363	0.55414	13.12402	1.12885	1	-0.00449	-0.00940	0.70432	0.00370	1	0.06582	-0.01372	0.70619	0.00346	1	1.45898	0.81042	0	
1262972	8518.00000	3305979591672	0.51643	0.29118	8517.47070	0.52930	11689	1	0.52878	0.28384	1	0.48129	0.23873	1	0.50504	0.26128	1	0.48213	0.53484	11.79679	1.12885	1	0.74370	0.55353	12.74535	1.12885	1	-0.00449	-0.00940	0.70432	0.00365	1	0.06291	-0.01312	0.67556	0.00374	1	1.45898	0.81042	0	
1262973	8518.00684	3305979658962	0.51638	0.29025	8517.47070	0.53613	11689	1	0.51760	0.30800	1	0.48546	0.23322	1	0.50153	0.27061	1	0.48202	0.53473	11.73785	1.12885	1	0.74368	0.55394	12.79664	1.12017	1	-0.00449	-0.00940	0.70432	0.00368	1	0.06291	-0.01312	0.67556	0.00349	1	1.45898	0.81042	0	
1262974	8518.01270	3305979725735	0.51656	0.29081	8517.47070	0.54199	11689	1	0.53810	0.31571	1	0.47175	0.25329	1	0.50493	0.28450	1	0.48232	0.53471	12.18457	1.12017	1	0.74355	0.55409	13.32073	1.11149	1	-0.00449	-0.00940	0.70432	0.00370	1	0.06291	-0.01312	0.67556	0.00344	1	1.45898	0.81042	0	
1262975	8518.01953	3305979792770	0.51676	0.29182	8517.47070	0.54883	11689	1	0.53968	0.32940	1	0.47092	0.27497	1	0.50530	0.30219	1	0.48247	0.53500	12.33598	1.10241	1	0.74361	0.55356	12.93899	1.08607	1	-0.00439	-0.00908	0.68045	0.00363	1	0.06226	-0.01298	0.66802	0.00377	1	1.45898	0.81042	0	
1262976	8518.02637	3305979858728	0.51715	0.29267	8517.47070	0.55566	11689	1	0.56233	0.37450	1	0.50878	0.30417	1	0.53556	0.33933	1	0.48264	0.53504	12.43388	1.07698	1	0.74369	0.55401	12.94217	1.06932	1	-0.00439	-0.00908	0.68045	0.00370	1	0.06226	-0.01298	0.66802	0.00356	1	1.45898	0.81042	0	
1262977	8518.03320	3305979926523	0.51717	0.29175	8517.47070	0.56250	11689	1	0.51837	0.33276	1	0.50610	0.18526	1	0.51224	0.25901	1	0.48199	0.53440	11.27417	1.06024	1	0.74369	0.55273	12.57256	1.05258	1	-0.00439	-0.00908	0.68045	0.00379	1	0.06226	-0.01298	0.66802	0.00400	1	1.45898	0.81042	0	
1262978	8518.04004	3305979993559	0.51721	0.29108	8517.47070	0.56934	11689	1	0.52021	0.34614	1	0.50551	0.19405	1	0.51286	0.27010	1	0.48236	0.53472	12.15781	1.04349	1	0.74358	0.55297	12.87624	1.04349	1	-0.00439	-0.00908	0.68045	0.00366	1	0.06291	-0.01312	0.67556	0.00390	1	1.45898	0.81042	0	
1262979	8518.04688	3305980059601	0.51807	0.29136	8517.47070	0.57617	11689	1	0.56162	0.36393	1	0.50448	0.26808	1	0.53305	0.31601	1	0.48267	0.53480	11.94508	1.04349	1	0.74364	0.55341	12.99123	1.05115	1	-0.00439	-0.00908	0.68045	0.00368	1	0.06291	-0.01312	0.67556	0.00383	1	1.45898	0.81042	0	
1262980	8518.05371	3305980127690	0.51874	0.29190	8517.47070	0.58301	11689	1	0.54808	0.34768	1	0.49614	0.23894	1	0.52211	0.29331	1	0.48241	0.53467	11.89804	1.05115	1	0.74351	0.55339	12.81845	1.05881	1	-0.00439	-0.00908	0.68045	0.00367	1	0.06291	-0.01312	0.67556	0.00397	1	1.45898	0.81042	0	
1262981	8518.05957	3305980194534	0.51940	0.29239	8517.47070	0.58887	11689	1	0.54742	0.34163	1	0.49657	0.23197	1	0.52199	0.28680	1	0.48189	0.53450	12.02213	1.05881	1	0.74315	0.55404	12.41355	1.06647	1	-0.00446	-0.00928	0.69111	0.00369	1	0.06349	-0.01329	0.68173	0.00386	1	1.45898	0.81042	0	
1262982	8518.06641	3305980261433	0.51965	0.29178	8517.47070	0.59570	11689	1	0.51270	0.28400	1	0.50083	0.26735	1	0.50677	0.27568	1	0.48189	0.53420	11.96333	1.06647	1	0.74362	0.55385	13.02147	1.06647	1	-0.00446	-0.00928	0.69111	0.00369	1	0.06349	-0.01329	0.68173	0.00402	1	1.45898	0.81042	0	
1262983	8518.07324	3305980327724	0.51974	0.29154	8517.47070	0.60254	11689	1	0.52093	0.31030	1	0.49710	0.27294	1	0.50902	0.29162	1	0.48197	0.53441	12.02551	1.06647	1	0.74315	0.55377	12.31415	1.06647	1	-0.00446	-0.00928	0.69111	0.00364	1	0.06349	-0.01329	0.68173	0.00409	1	1.45898	0.81042	0	
1262984	8518.08008	3305980394790	0.51984	0.29121	8517.47070	0.60938	11689	1	0.52093	0.31030	1	0.49710	0.27294	1	0.50902	0.29162	1	0.48201	0.53459	12.26102	1.06647	1	0.74340	0.55298	11.75509	1.06647	1	-0.00446	-0.00938	0.69111	0.00368	1	0.06349	-0.01329	0.68173	0.00414	1	1.45898	0.81042	0	
1262985	8518.08691	3305980460459	0.52022	0.29147	8517.47070	0.61621	11689	1	0.55331	0.35077	1	0.51352	0.23228	1	0.53341	0.29153	1	0.48210	0.53482	12.62757	1.06647	1	0.74339	0.55336	11.93230	1.06647	1	-0.00446	-0.00938	0.69111	0.00356	1	0.06349	-0.01329	0.68173	0.00408	1	1.45898	0.81042	0	
1262986	8518.09375	3305980529458	0.52060	0.29111	8517.47070	0.62305	11689	1	0.55905	0.25963	1	0.49435	0.30735	1	0.52670	0.28349	1	0.48185	0.53384	12.18434	1.06647	1	0.74319	0.55421	12.17733	1.06647	1	-0.00446	-0.00938	0.69111	0.00370	1	0.06349	-0.01329	0.68173	0.00380	1	1.45898	0.81042	0	
1262987	8518.10059	3305980596867	0.52098	0.29044	8517.47070	0.62988	11689	1	0.55835	0.25180	1	0.49484	0.29972	1	0.52660	0.27576	1	0.48181	0.53441	12.21463	1.07555	1	0.74281	0.55436	13.04618	1.07555	1	-0.00472	-0.00960	0.70731	0.00383	1	0.06355	-0.01328	0.68345	0.00383	1	1.45898	0.81042	0	
1262988	8518.10645	3305980663436	0.52127	0.28833	8517.47070	0.63574	11689	1	0.55747	0.22878	1	0.48894	0.22521	1	0.52320	0.22700	1	0.48182	0.53360	11.87823	1.08464	1	0.74296	0.55353	12.72961	1.08464	1	-0.00472	-0.00960	0.70731	0.00409	1	0.06355	-0.01328	0.68345	0.00385	1	1.45898	0.81042	0	
1262989	8518.11328	3305980729489	0.52131	0.28689	8517.47070	0.64258	11689	1	0.55258	0.25413	1	0.50489	0.24142	1	0.52874	0.24778	1	0.48174	0.53387	12.09384	1.09373	1	0.74282	0.55380	13.05650	1.09373	1	-0.00472	-0.00960	0.70731	0.00401	1	0.06355	-0.01328	0.68345	0.00383	1	1.45898	0.81042	0	
1262990	8518.12012	3305980796386	0.52136	0.28560	8517.47070	0.64941	11689	1	0.55258	0.25413	1	0.50489	0.24142	1	0.52874	0.24778	1	0.48159	0.53436	11.61573	1.09373	1	0.74283	0.55329	13.00365	1.09373	1	-0.00459	-0.00929	0.68083	0.00390	1	0.06378	-0.01340	0.68706	0.00396	1	1.45898	0.81042	0	
1262991	8518.12695	3305980863880	0.52158	0.28609	8517.47070	0.65625	11689	1	0.54434	0.30201	1	0.49850	0.22865	1	0.52142	0.26533	1	0.48159	0.53436	11.61573	1.08464	1	0.74270	0.55367	12.85360	1.08464	1	-0.00459	-0.00929	0.68083	0.00390	1	0.06378	-0.01340	0.68706	0.00382	1	1.45898	0.81042	0	
1262992	8518.13379	3305980931163	0.52170	0.28687	8517.47070	0.66309	11689	1	0.54633	0.34552	1	0.50190	0.23128	1	0.52412	0.28840	1	0.48162	0.53465	11.67954	1.07555	1	0.74280	0.55363	13.02949	1.07555	1	-0.00459	-0.00929	0.68083	0.00374	1	0.06378	-0.01340	0.68706	0.00395	1	1.45898	0.81042	0	
1262993	8518.14062	3305980998430	0.52182	0.28781	8517.47070	0.66992	11689	1	0.54711	0.35256	1	0.50135	0.23949	1	0.52423	0.29603	1	0.48153	0.53466	11.71816	1.06647	1	0.74240	0.55415	12.40633	1.06647	1	-0.00459	-0.00929	0.68083	0.00382	1	0.06378	-0.01335	0.68706	0.00377	1	1.45898	0.81042	0	
1262994	8518.14746	3305981065433	0.52137	0.28785	8517.47070	0.67676	11689	1	0.53682	0.29427	1	0.48415	0.30532	1	0.51049	0.29979	1	0.48145	0.53426	11.43414	1.06647	1	0.74247	0.55415	12.53690	1.06647	1	-0.00459	-0.00929	0.68083	0.00381	1	0.06378	-0.01335	0.68706	0.00381	1	1.45898	0.81042	0	
1262995	8518.15332	3305981132579	0.52095	0.28796	8517.47070	0.68262	11689	1	0.53698	0.27958	1	0.46833	0.30447	1	0.50266	0.29202	1	0.48116	0.53408	11.73174	1.06647	1	0.74233	0.55439	12.49990	1.06647	1	-0.00459	-0.00929	0.68083	0.00385	1	0.06378	-0.01335	0.68706	0.00374	1	1.45898	0.81042	0	
1262996	8518.16016	3305981199304	0.52053	0.28792	8517.47070	0.68945	11689	1	0.53698	0.27958	1	0.46833	0.30447	1	0.50266	0.29202	1	0.48107	0.53408	11.92428	1.06647	1	0.74233	0.55409	12.57281	1.06647	1	-0.00455	-0.00916	0.67490	0.00384	1	0.06378	-0.01335	0.68706	0.00385	1	1.45898	0.81042	0	
1262997	8518.16699	3305981266216	0.52011	0.28784	8517.47070	0.69629	11689	1	0.49508	0.30086	1	0.49491	0.29608	1	0.49500	0.29847	1	0.48080	0.53417	11.72607	1.06647	1	0.74229	0.55415	12.60666	1.06647	1	-0.00455	-0.00916	0.67490	0.00403	1	0.06378	-0.01335	0.68706	0.00385	1	1.45898	0.81042	0	
1262998	8518.17383	3305981333448	0.51978	0.28775	8517.47070	0.70312	11689	1	0.53762	0.26094	1	0.48919	0.32041	1	0.51340	0.29068	1	0.48111	0.53367	11.71514	1.06647	1	0.74235	0.55445	12.36713	1.06647	1	-0.00455	-0.00916	0.67490	0.00402	1	0.06378	-0.01335	0.68706	0.00375	1	1.45898	0.81042	0	
1262999	8518.18066	3305981399883	0.51945	0.28767	8517.47070	0.70996	11689	1	0.53762	0.26094	1	0.48919	0.32041	1	0.51340	0.29068	1	0.48103	0.53403	11.86121	1.06647	1	0.74230	0.55449	12.75451	1.06647	1	-0.00473	-0.00937	0.68617	0.00390	1	0.06378	-0.01335	0.68706	0.00371	1	1.45898	0.81042	0	
1263000	8518.18750	3305981467274	0.51905	0.28677	8517.47070	0.71680	11689	1	0.53214	0.28480	1	0.49655	0.28668	1	0.51435	0.28574	1	0.48106	0.53410	11.83499	1.06647	1	0.74228	0.55385	12.52031	1.06647	1	-0.00473	-0.00937	0.68617	0.00385	1	0.06378	-0.01335	0.68706	0.00395	1	1.45898	0.81042	0	
1263001	8518.19336	3305981532742	0.51887	0.28624	8517.47070	0.72266	11689	1	0.53344	0.26480	1	0.49212	0.30417	1	0.51278	0.28448	1	0.48107	0.53401	11.84585	1.06647	1	0.74223	0.55417	12.66698	1.06647	1	-0.00473	-0.00937	0.68617	0.00381	1	0.06378	-0.01335	0.68706	0.00380	1	1.45898	0.81042	0	
1263002	8518.20020	3305981601369	0.51868	0.28578	8517.47070	0.72949	11689	1	0.53344	0.26480	1	0.49172	0.31062	1	0.51258	0.28771	1	0.48091	0.53336	11.50041	1.06647	1	0.74238	0.55386	12.13348	1.05881	1	-0.00471	-0.00927	0.68307	0.00411	1	0.06097	-0.01282	0.65732	0.00390	1	1.45898	0.81042	0	
1263003	8518.20703	3305981668135	0.51827	0.28543	8517.47070	0.73633	11689	1	0.53115	0.27333	1	0.50350	0.29465	1	0.51732	0.28399	1	0.48105	0.53381	11.80303	1.05881	1	0.74239	0.55390	12.24304	1.05115	1	-0.00471	-0.00927	0.68307	0.00396	1	0.06097	-0.01282	0.65732	0.00387	1	1.45898	0.81042	0	
1263004	8518.21387	3305981734636	0.51802	0.28524	8517.47070	0.74316	11689	1	0.53733	0.32870	1	0.50411	0.31424	1	0.52072	0.32147	1	0.48114	0.53456	11.90371	1.05115	1	0.74253	0.55418	12.09502	1.04349	1	-0.00471	-0.00927	0.68307	0.00383	1	0.06097	-0.01282	0.65732	0.00384	1	1.45898	0.81042	0	
1263005	8518.22070	3305981800215	0.51778	0.28526	8517.47070	0.75000	11689	1	0.53883	0.34139	1	0.50359	0.32108	1	0.52121	0.33123	1	0.48101	0.53418	11.67089	1.03547	1	0.74243	0.55393	12.21226	1.03547	1	-0.00468	-0.00931	0.68552	0.00385	1	0.06266	-0.01313	0.67616	0.00391	1	1.45898	0.81042	0	
1263006	8518.22754	3305981868556	0.51755	0.28552	8517.47070	0.75684	11689	1	0.53662	0.30507	1	0.50124	0.30750	1	0.51893	0.30628	1	0.48105	0.53393	11.76963	1.02746	1	0.74242	0.55391	12.24500	1.03512	1	-0.00468	-0.00931	0.68552	0.00394	1	0.06266	-0.01313	0.67616	0.00388	1	1.45898	0.81042	0	
1263007	8518.23438	3305981937874	0.51731	0.28607	8517.47070	0.76367	11689	1	0.53099	0.33897	1	0.49948	0.30699	1	0.51523	0.32298	1	0.48094	0.53414	11.65347	1.02710	1	0.74245	0.55381	12.24499	1.03476	1	-0.00468	-0.00931	0.68552	0.00377	1	0.06266	-0.01313	0.67616	0.00394	1	1.45898	0.81042	0	
1263008	8518.24121	3305982003094	0.51705	0.28630	8517.47070	0.77051	11689	1	0.52821	0.31677	1	0.50113	0.28348	1	0.51467	0.30012	1	0.48094	0.53380	11.75112	1.05423	1	0.74239	0.55400	12.25166	1.06189	1	-0.00500	-0.00983	0.72416	0.00390	1	0.06266	-0.01313	0.67616	0.00377	1	1.45898	0.81042	0	
1263009	8518.24707	3305982070153	0.51676	0.28549	8517.47070	0.77637	11689	1	0.52606	0.28783	1	0.49323	0.23176	1	0.50965	0.25979	1	0.48100	0.53399	11.88153	1.08937	1	0.74228	0.55352	12.50611	1.08937	1	-0.00500	-0.00983	0.72416	0.00382	1	0.06266	-0.01313	0.67616	0.00393	1	1.45898	0.81042	0	
1263010	8518.25391	3305982136061	0.51619	0.28448	8517.47070	0.78320	11689	1	0.52246	0.24834	1	0.48850	0.22892	1	0.50548	0.23863	1	0.48093	0.53412	11.69171	1.11686	1	0.74223	0.55377	12.69034	1.11686	1	-0.00500	-0.00983	0.72416	0.00385	1	0.06266	-0.01313	0.67616	0.00374	1	1.45898	0.81042	0	
1263011	8518.26074	3305982200771	0.51560	0.28331	8517.47070	0.79004	11689	1	0.52074	0.23407	1	0.48930	0.21401	1	0.50502	0.22404	1	0.48085	0.53278	11.56194	1.13396	1	0.74220	0.55377	12.76956	1.13396	1	-0.00481	-0.00942	0.68975	0.00421	1	0.06266	-0.01313	0.67616	0.00348	1	1.45898	0.81042	0	
1263012	8518.26758	3305982267636	0.51540	0.28223	8517.47070	0.79688	11689	1	0.53390	0.21038	1	0.49653	0.25829	1	0.51522	0.23433	1	0.48077	0.53366	11.65741	1.12358	1	0.74228	0.55419	12.41386	1.12358	1	-0.00481	-0.00942	0.68975	0.00393	1	0.06266	-0.01313	0.67616	0.00357	1	1.45898	0.81042	0	
1263013	8518.27441	3305982335246	0.51527	0.28004	8517.47070	0.80371	11689	1	0.53963	0.18356	1	0.49580	0.16432	1	0.51772	0.17394	1	0.48085	0.53348	11.59828	1.11320	1	0.74233	0.55357	12.33539	1.11320	1	-0.00481	-0.00942	0.68975	0.00397	1	0.06266	-0.01313	0.67616	0.00381	1	1.45898	0.81042	0	
1263014	8518.28027	3305982402721	0.51516	0.27797	8517.47070	0.80957	11689	1	0.54055	0.19284	1	0.49571	0.16591	1	0.51813	0.17937	1	0.48075	0.53464	11.86142	1.10281	1	0.74214	0.55409	13.02063	1.11149	1	-0.00481	-0.00942	0.68975	0.00371	1	0.06400	-0.01342	0.69111	0.00350	1	1.45898	0.81042	0	
1263015	8518.28711	3305982467702	0.51562	0.27726	8517.47070	0.81641	11689	1	0.56037	0.32459	1	0.47521	0.22100	1	0.51779	0.27280	1	0.48113	0.53479	12.08478	1.11149	1	0.74199	0.55404	12.67742	1.12017	1	-0.00481	-0.00942	0.68975	0.00361	1	0.06400	-0.01342	0.69111	0.00360	1	1.45898	0.81042	0	
1263016	8518.29395	3305982534322	0.51562	0.27712	8517.47070	0.82324	11689	1	0.54893	0.27909	1	0.48703	0.23617	1	0.51798	0.25763	1	0.48101	0.53444	11.75219	1.12017	1	0.74212	0.55408	12.97555	1.12885	1	-0.00481	-0.00942	0.68975	0.00376	1	0.06400	-0.01342	0.69111	0.00352	1	1.45898	0.81042	0	
1263017	8518.30078	3305982603398	0.51562	0.27707	8517.47070	0.83008	11689	1	0.54896	0.27942	1	0.48701	0.23652	1	0.51798	0.25797	1	0.48106	0.53474	12.20009	1.11977	1	0.74218	0.55395	12.93555	1.12845	1	-0.00473	-0.00911	0.67127	0.00369	1	0.06400	-0.01342	0.69111	0.00359	1	1.45898	0.81042	0	
1263018	8518.30762	3305982671628	0.51541	0.24819	8517.47070	0.83008	11689	0	0.55787	0.27263	1	0.50216	0.24070	1	0.53002	0.25667	1	0.48106	0.53454	12.19458	1.11936	1	0.74208	0.55401	12.77423	1.11936	1	-0.00473	-0.00911	0.67127	0.00375	1	0.06400	-0.01342	0.69111	0.00367	1	1.45898	0.81042	0	
1263019	8518.31445	3305982735947	0.52715	0.26544	8517.47070	0.83008	11689	0	0.55675	0.30183	1	0.52105	0.26353	1	0.53890	0.28268	1	0.48106	0.53480	12.28544	1.11028	1	0.74230	0.55420	12.63198	1.11028	1	-0.00473	-0.00911	0.67127	0.00365	1	0.06400	-0.01342	0.69111	0.00365	1	1.45898	0.81042	0	
1263020	8518.32129	3305982807255	0.53096	0.27241	8517.47070	0.83008	11689	0	0.55675	0.30183	1	0.52039	0.27090	1	0.53857	0.28636	1	0.48101	0.53466	12.14723	1.11028	1	0.74198	0.55430	13.22687	1.10160	1	-0.00490	-0.00955	0.70334	0.00368	1	0.06288	-0.01320	0.67958	0.00360	1	1.45898	0.81042	0	
1263021	8518.32812	3305982874141	0.53092	0.26937	8518.30762	0.02051	11690	1	0.55273	0.26146	1	0.50886	0.25904	1	0.53079	0.26025	1	0.48097	0.53439	12.17293	1.11068	1	0.74214	0.55411	12.89859	1.10200	1	-0.00490	-0.00955	0.70334	0.00376	1	0.06288	-0.01320	0.67958	0.00365	1	1.45898	0.81042	0	
1263022	8518.33496	3305982940368	0.53017	0.26907	8518.30762	0.02734	11690	1	0.55350	0.29381	1	0.50085	0.24193	1	0.52718	0.26787	1	0.48098	0.53475	11.93088	1.11109	1	0.74204	0.55378	12.75068	1.10241	1	-0.00490	-0.00955	0.70334	0.00369	1	0.06288	-0.01320	0.67958	0.00361	1	1.45898	0.81042	0	
1263023	8518.34082	3305983007822	0.52967	0.26881	8518.30762	0.03320	11690	1	0.55347	0.29348	1	0.50087	0.24158	1	0.52717	0.26753	1	0.48110	0.53468	12.06052	1.11149	1	0.74202	0.55365	12.78710	1.10281	1	-0.00481	-0.00942	0.68975	0.00371	1	0.06266	-0.01313	0.67616	0.00366	1	1.45898	0.81042	0	
1263024	8518.34766	3305983074366	0.52552	0.26735	8518.30762	0.04004	11690	1	0.52283	0.28334	1	0.47847	0.23375	1	0.50065	0.25855	1	0.48087	0.53444	11.99924	1.10281	1	0.74202	0.55377	12.83021	1.10281	1	-0.00481	-0.00942	0.68975	0.00369	1	0.06266	-0.01313	0.67616	0.00364	1	1.45898	0.81042	0	
1263025	8518.35449	3305983142022	0.52204	0.26848	8518.30762	0.04688	11690	1	0.52535	0.30314	1	0.46991	0.24972	1	0.49763	0.27643	1	0.48099	0.53447	11.97088	1.10281	1	0.74185	0.55406	13.11147	1.10281	1	-0.00481	-0.00942	0.68975	0.00373	1	0.06266	-0.01313	0.67616	0.00363	1	1.45898	0.81042	0	
1263026	8518.36133	3305983208872	0.51932	0.26937	8518.30762	0.05371	11690	1	0.52535	0.30314	1	0.46991	0.24972	1	0.49763	0.27643	1	0.48099	0.53402	11.79669	1.10281	1	0.74191	0.55400	13.00001	1.10281	1	-0.00490	-0.00955	0.70334	0.00388	1	0.06266	-0.01313	0.67616	0.00361	1	1.45898	0.81042	0	
1263027	8518.36816	3305983275969	0.51731	0.26625	8518.30762	0.06055	11690	1	0.51891	0.26389	1	0.47945	0.21252	1	0.49918	0.23821	1	0.48087	0.53436	11.87802	1.10281	1	0.74201	0.55366	12.79660	1.10281	1	-0.00490	-0.00955	0.70334	0.00373	1	0.06266	-0.01313	0.67616	0.00365	1	1.45898	0.81042	0	
1263028	8518.37500	3305983342783	0.51705	0.26616	8518.30762	0.06738	11690	1	0.53150	0.29593	1	0.49749	0.23466	1	0.51449	0.26530	1	0.48102	0.53453	12.17942	1.10281	1	0.74223	0.55383	12.53438	1.10281	1	-0.00490	-0.00955	0.70334	0.00383	1	0.06266	-0.01313	0.67616	0.00369	1	1.45898	0.81042	0	
1263029	8518.38184	3305983409741	0.51687	0.26729	8518.30762	0.07422	11690	1	0.53312	0.30964	1	0.49655	0.24969	1	0.51484	0.27966	1	0.48114	0.53447	11.92460	1.08571	1	0.74241	0.55420	12.34011	1.08571	1	-0.00468	-0.00931	0.68552	0.00375	1	0.06266	-0.01313	0.67616	0.00368	1	1.45898	0.81042	0	SUBJECT_ONSET_LOG
1263030	8518.38770	3305983476653	0.51610	0.27093	8518.30762	0.08008	11690	1	0.54000	0.30722	1	0.47378	0.32207	1	0.50689	0.31465	1	0.48115	0.53449	11.85151	1.06861	1	0.74208	0.55444	13.34403	1.06861	1	-0.00468	-0.00931	0.68552	0.00381	1	0.06266	-0.01313	0.67616	0.00363	1	1.45898	0.81042	0	
1263031	8518.39453	3305983542137	0.51607	0.27492	8518.30762	0.08691	11690	1	0.54013	0.31955	1	0.49127	0.33405	1	0.51570	0.32680	1	0.48111	0.53421	11.94677	1.05150	1	0.74233	0.55431	12.56724	1.05150	1	-0.00468	-0.00931	0.68552	0.00394	1	0.06266	-0.01313	0.67616	0.00367	1	1.45898	0.81042	0	
1263032	8518.40137	3305983606273	0.51606	0.27888	8518.30762	0.09375	11690	1	0.54097	0.32697	1	0.49080	0.34156	1	0.51588	0.33427	1	0.48119	0.53475	11.74522	1.04242	1	0.74237	0.55462	12.50876	1.04242	1	-0.00455	-0.00916	0.67490	0.00377	1	0.06378	-0.01335	0.68706	0.00358	1	1.45898	0.81042	0	
1263033	8518.40820	3305983677861	0.51463	0.28176	8518.30762	0.10059	11690	1	0.50892	0.31470	1	0.47740	0.33531	1	0.49316	0.32501	1	0.48105	0.53424	11.48242	1.05044	1	0.74239	0.55440	12.43130	1.05044	1	-0.00455	-0.00916	0.67490	0.00387	1	0.06378	-0.01335	0.68706	0.00366	1	1.45898	0.81042	0	AUDIO_FILE_ONSET_LOG
1263034	8518.41504	3305983744961	0.51368	0.28459	8518.30762	0.10742	11690	1	0.52315	0.34073	1	0.47382	0.31896	1	0.49848	0.32985	1	0.48116	0.53486	11.80795	1.05845	1	0.74238	0.55438	12.40379	1.05845	1	-0.00455	-0.00916	0.67490	0.00368	1	0.06378	-0.01335	0.68706	0.00366	1	1.45898	0.81042	0	
1263035	8518.42188	3305983811670	0.51282	0.28674	8518.30762	0.11426	11690	1	0.52230	0.33437	1	0.47411	0.31228	1	0.49820	0.32333	1	0.48162	0.53436	11.72974	1.06647	1	0.74229	0.55439	12.42213	1.06647	1	-0.00455	-0.00916	0.67490	0.00390	1	0.06378	-0.01335	0.68706	0.00366	1	1.45898	0.81042	0	
1263036	8518.42871	3305983878405	0.51299	0.28737	8518.30762	0.12109	11690	1	0.54286	0.28508	1	0.48939	0.31245	1	0.51612	0.29876	1	0.48157	0.53398	11.63897	1.06647	1	0.74259	0.55425	13.06668	1.06647	1	-0.00455	-0.00916	0.67490	0.00402	1	0.06378	-0.01335	0.68706	0.00363	1	1.45898	0.81042	0	
1263037	8518.43457	3305983945382	0.51322	0.28817	8518.30762	0.12695	11690	1	0.55811	0.30607	1	0.47714	0.30057	1	0.51763	0.30332	1	0.48176	0.53432	11.58658	1.06647	1	0.74249	0.55402	12.32539	1.06647	1	-0.00455	-0.00916	0.67490	0.00397	1	0.06378	-0.01335	0.68706	0.00367	1	1.45898	0.81042	0	
1263038	8518.44141	3305984012480	0.51343	0.28853	8518.30762	0.13379	11690	1	0.55742	0.29864	1	0.47749	0.29289	1	0.51745	0.29577	1	0.48208	0.53491	12.38839	1.07555	1	0.74295	0.55415	12.78162	1.07555	1	-0.00466	-0.00932	0.69785	0.00368	1	0.06355	-0.01328	0.68345	0.00363	1	1.45898	0.81042	0	
1263039	8518.44824	3305984079328	0.51338	0.28949	8518.30762	0.14062	11690	1	0.54134	0.32303	1	0.48351	0.29604	1	0.51243	0.30954	1	0.48192	0.53474	12.28925	1.08464	1	0.74292	0.55411	12.80845	1.08464	1	-0.00466	-0.00932	0.69785	0.00364	1	0.06355	-0.01328	0.68345	0.00353	1	1.45898	0.81042	0	
1263040	8518.45508	3305984144764	0.51333	0.28892	8518.30762	0.14746	11690	1	0.53784	0.30608	1	0.48645	0.24672	1	0.51214	0.27640	1	0.48192	0.53465	12.21645	1.09373	1	0.74299	0.55383	12.58206	1.09373	1	-0.00466	-0.00932	0.69785	0.00368	1	0.06355	-0.01328	0.68345	0.00379	1	1.45898	0.81042	0	
1263041	8518.46191	3305984211612	0.51329	0.28824	8518.30762	0.15430	11690	1	0.53784	0.30608	1	0.48685	0.23914	1	0.51234	0.27261	1	0.48175	0.53490	12.07599	1.09373	1	0.74329	0.55444	12.27054	1.10241	1	-0.00450	-0.00916	0.68245	0.00358	1	0.06431	-0.01342	0.69108	0.00357	1	1.45898	0.81042	0	
1263042	8518.46875	3305984278905	0.51347	0.28860	8518.30762	0.16113	11690	1	0.54474	0.32671	1	0.49126	0.26756	1	0.51800	0.29714	1	0.48192	0.53498	12.64632	1.09332	1	0.74304	0.55427	12.65329	1.10200	1	-0.00450	-0.00916	0.68245	0.00357	1	0.06431	-0.01342	0.69108	0.00355	1	1.45898	0.81042	0	
1263043	8518.47461	3305984344979	0.51415	0.29051	8518.30762	0.16699	11690	1	0.55755	0.36535	1	0.50431	0.31127	1	0.53093	0.33831	1	0.48225	0.53469	12.74294	1.09292	1	0.74325	0.55443	12.42566	1.10160	1	-0.00450	-0.00916	0.68245	0.00366	1	0.06431	-0.01342	0.69108	0.00356	1	1.45898	0.81042	0	
1263044	8518.48145	3305984410666	0.51477	0.29229	8518.30762	0.17383	11690	1	0.55759	0.36565	1	0.50429	0.31160	1	0.53094	0.33863	1	0.48223	0.53471	12.76054	1.09251	1	0.74313	0.55426	12.64695	1.10119	1	-0.00446	-0.00928	0.69111	0.00368	1	0.06627	-0.01389	0.71211	0.00387	1	1.45898	0.81042	0	
1263045	8518.48828	3305984478376	0.51459	0.29285	8518.30762	0.18066	11690	1	0.52032	0.34169	1	0.49953	0.27449	1	0.50992	0.30809	1	0.48204	0.53482	11.55606	1.10119	1	0.74315	0.55407	12.62717	1.10119	1	-0.00446	-0.00928	0.69111	0.00374	1	0.06627	-0.01389	0.71211	0.00382	1	1.45898	0.81042	0	
1263046	8518.49512	3305984548257	0.51429	0.29277	8518.30762	0.18750	11690	1	0.51663	0.28383	1	0.49476	0.29719	1	0.50569	0.29051	1	0.48197	0.53444	11.82508	1.10119	1	0.74311	0.55434	12.57091	1.10119	1	-0.00446	-0.00928	0.69111	0.00370	1	0.06627	-0.01389	0.71211	0.00370	1	1.45898	0.81042	0	
1263047	8518.50195	3305984615236	0.51399	0.29282	8518.30762	0.19434	11690	1	0.51663	0.28383	1	0.49430	0.30433	1	0.50546	0.29408	1	0.48189	0.53470	11.70392	1.10119	1	0.74312	0.55459	13.12558	1.09251	1	-0.00446	-0.00928	0.69111	0.00373	1	0.06349	-0.01329	0.68173	0.00357	1	1.45898	0.81042	0	
1263048	8518.50879	3305984682631	0.51396	0.29208	8518.30762	0.20117	11690	1	0.53874	0.29312	1	0.48700	0.24680	1	0.51287	0.26996	1	0.48237	0.53434	11.30220	1.09251	1	0.74335	0.55427	12.52797	1.08383	1	-0.00446	-0.00928	0.69111	0.00380	1	0.06349	-0.01329	0.68173	0.00386	1	1.45898	0.81042	0	
1263049	8518.51562	3305984749163	0.51359	0.29209	8518.30762	0.20801	11690	1	0.51864	0.29098	1	0.48582	0.29394	1	0.50223	0.29246	1	0.48197	0.53420	11.66108	1.08383	1	0.74334	0.55411	12.16695	1.07515	1	-0.00446	-0.00928	0.69111	0.00380	1	0.06349	-0.01329	0.68173	0.00392	1	1.45898	0.81042	0	
1263050	8518.52246	3305984815822	0.51325	0.29232	8518.30762	0.21484	11690	1	0.51956	0.29810	1	0.48542	0.30128	1	0.50249	0.29969	1	0.48212	0.53471	12.46905	1.07515	1	0.74305	0.55461	13.06736	1.06647	1	-0.00446	-0.00928	0.69111	0.00362	1	0.06349	-0.01329	0.68173	0.00378	1	1.45898	0.81042	0	
1263051	8518.52930	3305984883539	0.51329	0.29257	8518.30762	0.22168	11690	1	0.55117	0.35429	1	0.47804	0.24691	1	0.51460	0.30060	1	0.48245	0.53491	11.86557	1.06647	1	0.74321	0.55393	12.42847	1.06647	1	-0.00446	-0.00928	0.69111	0.00368	1	0.06349	-0.01329	0.68173	0.00404	1	1.45898	0.81042	0	
1263052	8518.53516	3305984950799	0.51252	0.29416	8518.30762	0.22754	11690	1	0.51183	0.34349	1	0.46083	0.35330	1	0.48633	0.34840	1	0.48192	0.53468	12.21151	1.06647	1	0.74292	0.55456	12.92098	1.06647	1	-0.00446	-0.00928	0.69111	0.00364	1	0.06349	-0.01329	0.68173	0.00382	1	1.45898	0.81042	0	
1263053	8518.54199	3305985016840	0.51180	0.29567	8518.30762	0.23438	11690	1	0.51183	0.34349	1	0.46083	0.35330	1	0.48633	0.34840	1	0.48197	0.53477	12.18609	1.06647	1	0.74292	0.55456	12.92098	1.06647	1	-0.00446	-0.00938	0.69111	0.00366	1	0.06349	-0.01329	0.68173	0.00382	1	1.45898	0.81042	0	
1263054	8518.54883	3305985084227	0.51153	0.29537	8518.30762	0.24121	11690	1	0.51962	0.34462	1	0.48440	0.22486	1	0.50201	0.28474	1	0.48199	0.53477	12.21363	1.06647	1	0.74327	0.55392	12.35643	1.06647	1	-0.00446	-0.00938	0.69111	0.00364	1	0.06349	-0.01329	0.68173	0.00411	1	1.45898	0.81042	0	
1263055	8518.55566	3305985151315	0.51138	0.29506	8518.30762	0.24805	11690	1	0.53745	0.34489	1	0.47425	0.22232	1	0.50585	0.28361	1	0.48221	0.53480	12.64759	1.06647	1	0.74315	0.55377	12.31415	1.06647	1	-0.00446	-0.00938	0.69111	0.00362	1	0.06349	-0.01329	0.68173	0.00410	1	1.45898	0.81042	0	
1263056	8518.56250	3305985216180	0.51124	0.29477	8518.30762	0.25488	11690	1	0.53745	0.34489	1	0.47425	0.22232	1	0.50585	0.28361	1	0.48208	0.53454	12.45633	1.06647	1	0.74307	0.55404	12.61999	1.06647	1	-0.00446	-0.00938	0.69111	0.00379	1	0.06349	-0.01340	0.68173	0.00401	1	1.45898	0.81042	0	
1263057	8518.56836	3305985282854	0.51077	0.29478	8518.30762	0.26074	11690	1	0.52614	0.32233	1	0.45894	0.26780	1	0.49254	0.29507	1	0.48214	0.53447	12.30683	1.06647	1	0.74295	0.55438	12.70334	1.06647	1	-0.00446	-0.00938	0.69111	0.00382	1	0.06349	-0.01340	0.68173	0.00394	1	1.45898	0.81042	0	
1263058	8518.57520	3305985351716	0.51061	0.29385	8518.30762	0.26758	11690	1	0.52089	0.33138	1	0.48719	0.18219	1	0.50404	0.25679	1	0.48195	0.53471	12.20726	1.06647	1	0.74333	0.55351	12.22398	1.06647	1	-0.00446	-0.00938	0.69111	0.00375	1	0.06349	-0.01340	0.68173	0.00407	1	1.45898	0.81042	0	
1263059	8518.58203	3305985419271	0.51045	0.29297	8518.30762	0.27441	11690	1	0.52089	0.33138	1	0.48719	0.18219	1	0.50404	0.25679	1	0.48220	0.53439	11.26874	1.06647	1	0.74327	0.55437	12.39224	1.06647	1	-0.00446	-0.00938	0.69111	0.00389	1	0.06291	-0.01322	0.67556	0.00389	1	1.45898	0.81042	0	
1263060	8518.58887	3305985484659	0.51056	0.29355	8518.30762	0.28125	11690	1	0.53744	0.36026	1	0.49319	0.27577	1	0.51532	0.31802	1	0.48227	0.53493	12.84246	1.06647	1	0.74317	0.55447	12.51601	1.06647	1	-0.00446	-0.00938	0.69111	0.00361	1	0.06291	-0.01322	0.67556	0.00372	1	1.45898	0.81042	0	
1263061	8518.59570	3305985552686	0.51068	0.29432	8518.30762	0.28809	11690	1	0.52635	0.35337	1	0.50481	0.30121	1	0.51558	0.32729	1	0.48205	0.53497	11.45830	1.06647	1	0.74327	0.55419	12.42289	1.06647	1	-0.00446	-0.00938	0.69111	0.00366	1	0.06291	-0.01322	0.67556	0.00379	1	1.45898	0.81042	0	
1263062	8518.60254	3305985620177	0.51079	0.29519	8518.30762	0.29492	11690	1	0.52718	0.35958	1	0.50430	0.30800	1	0.51574	0.33379	1	0.48218	0.53417	12.30297	1.05845	1	0.74274	0.55407	12.98775	1.05845	1	-0.00433	-0.00887	0.66439	0.00378	1	0.06355	-0.01328	0.68345	0.00371	1	1.45898	0.81042	0	
1263063	8518.60938	3305985686946	0.51022	0.29329	8518.30762	0.30176	11690	1	0.49346	0.13350	1	0.47550	0.28203	1	0.48448	0.20777	1	0.48162	0.53213	12.05998	1.05044	1	0.74284	0.55387	13.02913	1.05044	1	-0.00433	-0.00887	0.66439	0.00248	1	0.06355	-0.01328	0.68345	0.00372	1	1.45898	0.81042	0	
1263064	8518.61621	3305985753765	0.50989	0.29400	8518.30762	0.30859	11690	1	0.50872	0.35537	1	0.48056	0.29736	1	0.49464	0.32636	1	0.48171	0.53447	11.83425	1.04242	1	0.74286	0.55381	12.96130	1.04242	1	-0.00433	-0.00887	0.66439	0.00382	1	0.06355	-0.01328	0.68345	0.00367	1	1.45898	0.81042	0	
1263065	8518.62305	3305985822002	0.50958	0.29481	8518.30762	0.31543	11690	1	0.50968	0.36171	1	0.48022	0.30432	1	0.49495	0.33301	1	0.48218	0.53424	12.14705	1.03440	1	0.74298	0.55360	12.96640	1.03440	1	-0.00433	-0.00887	0.66439	0.00378	1	0.06297	-0.01311	0.67728	0.00380	1	1.45898	0.81042	0	
1263066	8518.62891	3305985888029	0.50931	0.29594	8518.30762	0.32129	11690	1	0.52894	0.35704	1	0.47580	0.24801	1	0.50237	0.30252	1	0.48210	0.53463	12.17977	1.03440	1	0.74293	0.55348	12.90348	1.03440	1	-0.00433	-0.00887	0.66439	0.00367	1	0.06297	-0.01311	0.67728	0.00376	1	1.45898	0.81042	0	
1263067	8518.63574	3305985954626	0.50883	0.29617	8518.30762	0.32812	11690	1	0.53753	0.31861	1	0.49487	0.26865	1	0.51620	0.29363	1	0.48193	0.53416	11.95852	1.03440	1	0.74307	0.55361	12.67295	1.03440	1	-0.00433	-0.00887	0.66439	0.00376	1	0.06297	-0.01311	0.67728	0.00390	1	1.45898	0.81042	0	
1263068	8518.64258	3305986021996	0.50836	0.29618	8518.30762	0.33496	11690	1	0.53676	0.31194	1	0.49532	0.26140	1	0.51604	0.28667	1	0.48201	0.53448	11.89591	1.04242	1	0.74283	0.55329	13.07253	1.04242	1	-0.00452	-0.00914	0.68475	0.00372	1	0.06355	-0.01328	0.68345	0.00366	1	1.45898	0.81042	0	
1263069	8518.64941	3305986087223	0.50818	0.29621	8518.30762	0.34180	11690	1	0.55017	0.27860	1	0.49388	0.24535	1	0.52203	0.26198	1	0.48210	0.53398	12.05014	1.05044	1	0.74306	0.55341	12.52537	1.05044	1	-0.00452	-0.00914	0.68475	0.00369	1	0.06355	-0.01328	0.68345	0.00381	1	1.45898	0.81042	0	
1263070	8518.65527	3305986152212	0.50776	0.29625	8518.30762	0.34766	11690	1	0.53512	0.31664	1	0.47848	0.22316	1	0.50680	0.26990	1	0.48181	0.53426	11.91958	1.05845	1	0.74285	0.55341	12.85499	1.05845	1	-0.00452	-0.00914	0.68475	0.00358	1	0.06355	-0.01328	0.68345	0.00362	1	1.45898	0.81042	0	
1263071	8518.66211	3305986220447	0.50732	0.29599	8518.30762	0.35449	11690	1	0.53348	0.30270	1	0.47917	0.20734	1	0.50633	0.25502	1	0.48151	0.53371	11.40272	1.07555	1	0.74286	0.55350	12.49607	1.07555	1	-0.00466	-0.00932	0.69785	0.00374	1	0.06297	-0.01311	0.67728	0.00359	1	1.45898	0.81042	0	
1263072	8518.66895	3305986287453	0.50740	0.29585	8518.30762	0.36133	11690	1	0.53599	0.26954	1	0.47298	0.23354	1	0.50449	0.25154	1	0.48156	0.53394	11.52825	1.08464	1	0.74271	0.55359	12.09722	1.08464	1	-0.00466	-0.00932	0.69785	0.00381	1	0.06297	-0.01311	0.67728	0.00355	1	1.45898	0.81042	0	
1263073	8518.67578	3305986355474	0.50714	0.29523	8518.30762	0.36816	11690	1	0.51841	0.26764	1	0.45128	0.22639	1	0.48485	0.24701	1	0.48126	0.53425	11.08003	1.09373	1	0.74243	0.55377	12.38672	1.09373	1	-0.00466	-0.00932	0.69785	0.00373	1	0.06297	-0.01311	0.67728	0.00366	1	1.45898	0.81042	0	
1263074	8518.68262	3305986419290	0.50686	0.29438	8518.30762	0.37500	11690	1	0.51745	0.26005	1	0.45155	0.21059	1	0.48450	0.23532	1	0.48125	0.53409	11.12007	1.10281	1	0.74252	0.55388	12.38079	1.11149	1	-0.00466	-0.00932	0.69785	0.00366	1	0.06565	-0.01373	0.70667	0.00363	1	1.45898	0.81042	0	
1263075	8518.68945	3305986488426	0.50694	0.29434	8518.30762	0.38184	11690	1	0.51846	0.25971	1	0.48753	0.21328	1	0.50299	0.23650	1	0.48136	0.53392	11.01422	1.11149	1	0.74293	0.55369	12.43204	1.12017	1	-0.00466	-0.00932	0.69785	0.00372	1	0.06565	-0.01373	0.70667	0.00357	1	1.45898	0.81042	0	
1263076	8518.69629	3305986555600	0.50274	0.25921	8518.30762	0.38184	11690	0	0.51993	0.06867	1	0.46280	0.20620	1	0.49137	0.13743	1	0.48141	0.53203	12.32015	1.12017	1	0.74255	0.55380	12.41467	1.12885	1	-0.00466	-0.00932	0.69785	0.00244	1	0.06565	-0.01373	0.70667	0.00372	1	1.45898	0.81042	0	
1263077	8518.70312	3305986622187	0.49684	0.19617	8518.30762	0.38184	11690	0	0.51905	0.06006	1	0.46280	0.20620	1	0.49093	0.13313	1	0.48129	0.53405	11.23080	1.12885	1	0.74249	0.55371	12.45249	1.12885	1	-0.00466	-0.00932	0.69785	0.00378	1	0.06378	-0.01335	0.68706	0.00365	1	1.45898	0.81042	0	
1263078	8518.70898	3305986688806	0.50257	0.20535	8518.30762	0.38184	11690	0	0.54027	0.25560	1	0.48783	0.19183	1	0.51405	0.22371	1	0.48157	0.53451	12.12961	1.12885	1	0.74255	0.55364	12.40658	1.12017	1	-0.00466	-0.00932	0.69785	0.00368	1	0.06378	-0.01335	0.68706	0.00376	1	1.45898	0.81042	0	
1263079	8518.71582	3305986755520	0.50285	0.21111	8518.69629	0.01953	11691	1	0.51997	0.25713	1	0.48743	0.19966	1	0.50370	0.22840	1	0.48130	0.53418	11.54453	1.12017	1	0.74255	0.55364	12.40658	1.11149	1	-0.00466	-0.00932	0.69785	0.00373	1	0.06378	-0.01335	0.68706	0.00375	1	1.45898	0.81042	0	
1263080	8518.72266	3305986825734	0.50312	0.21764	8518.69629	0.02637	11691	1	0.52179	0.27178	1	0.48661	0.21569	1	0.50420	0.24373	1	0.48155	0.53426	11.68824	1.10241	1	0.74222	0.55440	12.61985	1.09373	1	-0.00455	-0.00906	0.67491	0.00370	1	0.06378	-0.01340	0.68706	0.00368	1	1.45898	0.81042	0	
1263081	8518.72949	3305986891271	0.50058	0.23077	8518.69629	0.03320	11691	1	0.51296	0.31015	1	0.46275	0.28270	1	0.48785	0.29642	1	0.48114	0.53447	12.53652	1.08464	1	0.74222	0.55417	12.58176	1.08464	1	-0.00455	-0.00906	0.67491	0.00370	1	0.06378	-0.01340	0.68706	0.00368	1	1.45898	0.81042	0	
1263082	8518.73633	3305986959320	0.50130	0.24015	8518.69629	0.04004	11691	1	0.51174	0.30497	1	0.49947	0.28784	1	0.50561	0.29641	1	0.48108	0.53419	12.02415	1.07555	1	0.74243	0.55394	12.28726	1.07555	1	-0.00455	-0.00906	0.67491	0.00378	1	0.06378	-0.01340	0.68706	0.00378	1	1.45898	0.81042	0	
1263083	8518.74316	3305987027490	0.50187	0.24812	8518.69629	0.04688	11691	1	0.51277	0.31237	1	0.49894	0.29558	1	0.50586	0.30398	1	0.48114	0.53402	11.98776	1.06647	1	0.74225	0.55411	12.77138	1.06647	1	-0.00459	-0.00919	0.68083	0.00376	1	0.06378	-0.01335	0.68706	0.00374	1	1.45898	0.81042	0	
1263084	8518.75000	3305987093523	0.50099	0.25651	8518.69629	0.05371	11691	1	0.51437	0.31153	1	0.47356	0.33569	1	0.49396	0.32361	1	0.48108	0.53434	12.22141	1.06647	1	0.74199	0.55451	13.17170	1.06647	1	-0.00459	-0.00919	0.68083	0.00376	1	0.06378	-0.01335	0.68706	0.00370	1	1.45898	0.81042	0	
1263085	8518.75684	3305987159594	0.50015	0.26101	8518.69629	0.06055	11691	1	0.52161	0.27828	1	0.46355	0.32464	1	0.49258	0.30146	1	0.48128	0.53408	12.16874	1.06647	1	0.74183	0.55438	13.06865	1.06647	1	-0.00459	-0.00919	0.68083	0.00379	1	0.06378	-0.01335	0.68706	0.00378	1	1.45898	0.81042	0	
1263086	8518.76270	3305987226558	0.49946	0.26468	8518.69629	0.06641	11691	1	0.52161	0.27828	1	0.46355	0.32464	1	0.49258	0.30146	1	0.48130	0.53424	12.11562	1.06647	1	0.74206	0.55418	12.94591	1.06647	1	-0.00459	-0.00919	0.68083	0.00376	1	0.06378	-0.01335	0.68706	0.00373	1	1.45898	0.81042	0	
1263087	8518.76953	3305987294425	0.49954	0.26777	8518.69629	0.07324	11691	1	0.52317	0.31273	1	0.47768	0.29071	1	0.50042	0.30172	1	0.48121	0.53434	12.10087	1.06647	1	0.74206	0.55418	12.94591	1.06647	1	-0.00459	-0.00919	0.68083	0.00372	1	0.06378	-0.01335	0.68706	0.00373	1	1.45898	0.81042	0	
1263088	8518.77637	3305987361903	0.49923	0.27136	8518.69629	0.08008	11691	1	0.51858	0.33087	1	0.47233	0.29794	1	0.49545	0.31441	1	0.48112	0.53467	12.19911	1.06647	1	0.74196	0.55405	12.95862	1.06647	1	-0.00459	-0.00919	0.68083	0.00362	1	0.06378	-0.01335	0.68706	0.00383	1	1.45898	0.81042	0	
1263089	8518.78320	3305987428655	0.49896	0.27443	8518.69629	0.08691	11691	1	0.51858	0.33087	1	0.47233	0.29794	1	0.49545	0.31441	1	0.48132	0.53458	12.54152	1.06647	1	0.74209	0.55371	12.93861	1.06647	1	-0.00471	-0.00917	0.68307	0.00360	1	0.06323	-0.01320	0.68224	0.00380	1	1.45898	0.81042	0	
1263090	8518.79004	3305987495751	0.49903	0.27388	8518.69629	0.09375	11691	1	0.52646	0.28587	1	0.47381	0.24655	1	0.50014	0.26621	1	0.48099	0.53414	12.13096	1.06647	1	0.74201	0.55355	12.90574	1.06647	1	-0.00471	-0.00917	0.68307	0.00372	1	0.06323	-0.01320	0.68224	0.00369	1	1.45898	0.81042	0	
1263091	8518.79688	3305987562234	0.49992	0.27137	8518.69629	0.10059	11691	1	0.55178	0.23040	1	0.47464	0.23699	1	0.51321	0.23369	1	0.48100	0.53339	11.76346	1.06647	1	0.74199	0.55352	12.98090	1.06647	1	-0.00471	-0.00917	0.68307	0.00387	1	0.06323	-0.01320	0.68224	0.00369	1	1.45898	0.81042	0	
1263092	8518.80371	3305987629750	0.50070	0.26916	8518.69629	0.10742	11691	1	0.55178	0.23040	1	0.47464	0.23699	1	0.51321	0.23369	1	0.48061	0.53202	12.24559	1.06647	1	0.74164	0.55319	12.33793	1.06647	1	-0.00468	-0.00906	0.67854	0.00245	1	0.06431	-0.01345	0.69504	0.00374	1	1.45898	0.81042	0	
1263093	8518.81055	3305987696769	0.50053	0.26455	8518.69629	0.11426	11691	1	0.52420	0.11404	1	0.47087	0.25857	1	0.49754	0.18630	1	0.48063	0.53212	12.25653	1.06647	1	0.74159	0.55364	12.41572	1.06647	1	-0.00468	-0.00906	0.67854	0.00251	1	0.06431	-0.01345	0.69504	0.00393	1	1.45898	0.81042	0	
1263094	8518.81641	3305987761854	0.50121	0.26267	8518.69629	0.12012	11691	1	0.52500	0.30105	1	0.50187	0.15656	1	0.51344	0.22881	1	0.48053	0.53419	11.61759	1.06647	1	0.74155	0.55250	12.14844	1.06647	1	-0.00468	-0.00906	0.67854	0.00375	1	0.06431	-0.01345	0.69504	0.00416	1	1.45898	0.81042	0	
1263095	8518.82324	3305987830595	0.50182	0.26098	8518.69629	0.12695	11691	1	0.52500	0.30105	1	0.50187	0.15656	1	0.51344	0.22881	1	0.48018	0.53364	11.76747	1.06647	1	0.74166	0.55266	12.03204	1.06647	1	-0.00473	-0.00901	0.67127	0.00397	1	0.06431	-0.01345	0.69504	0.00421	1	1.45898	0.81042	0	
1263096	8518.83008	3305987897254	0.50202	0.25762	8518.69629	0.13379	11691	1	0.51976	0.11774	1	0.49229	0.26333	1	0.50603	0.19053	1	0.48056	0.53210	12.36843	1.06647	1	0.74147	0.55367	12.29744	1.06647	1	-0.00473	-0.00901	0.67127	0.00246	1	0.06431	-0.01345	0.69504	0.00394	1	1.45898	0.81042	0	
1263097	8518.83691	3305987965154	0.50284	0.25723	8518.69629	0.14062	11691	1	0.52898	0.29730	1	0.51124	0.20051	1	0.52011	0.24891	1	0.48062	0.53416	11.94045	1.06647	1	0.74177	0.55304	12.12163	1.06647	1	-0.00473	-0.00901	0.67127	0.00376	1	0.06431	-0.01345	0.69504	0.00402	1	1.45898	0.81042	0	
1263098	8518.84375	3305988031382	0.50359	0.25687	8518.69629	0.14746	11691	1	0.52898	0.29730	1	0.51124	0.20051	1	0.52011	0.24891	1	0.48042	0.53217	12.06011	1.06647	1	0.74179	0.55278	11.89077	1.06647	1	-0.00483	-0.00925	0.68555	0.00253	1	0.06431	-0.01345	0.69504	0.00409	1	1.45898	0.81042	0	
1263099	8518.85059	3305988099122	0.50388	0.25358	8518.69629	0.15430	11691	1	0.52172	0.11998	1	0.49953	0.23595	1	0.51063	0.17797	1	0.48048	0.53209	11.86445	1.06647	1	0.74157	0.55351	12.27316	1.06647	1	-0.00483	-0.00925	0.68555	0.00254	1	0.06431	-0.01345	0.69504	0.00396	1	1.45898	0.81042	0	
1263100	8518.85742	3305988164590	0.50435	0.24970	8518.69629	0.16113	11691	1	0.51933	0.11346	1	0.51153	0.19997	1	0.51543	0.15671	1	0.48052	0.53205	12.29193	1.06647	1	0.74181	0.55306	12.16289	1.06647	1	-0.00483	-0.00925	0.68555	0.00250	1	0.06431	-0.01345	0.69504	0.00401	1	1.45898	0.81042	0	
1263101	8518.86328	3305988232317	0.51156	0.21310	8518.69629	0.16113	11691	0	0.51933	0.11346	1	0.51153	0.19997	1	0.51543	0.15671	1	0.48072	0.53430	11.96236	1.06647	1	0.74157	0.55352	12.26135	1.06647	1	-0.00473	-0.00901	0.67127	0.00372	1	0.06431	-0.01345	0.69504	0.00398	1	1.45898	0.81042	0	
1263102	8518.87012	3305988296227	0.51916	0.24980	8518.69629	0.16113	11691	0	0.55139	0.31151	1	0.50214	0.26148	1	0.52676	0.28649	1	0.48087	0.53445	12.14746	1.06647	1	0.74169	0.55373	12.51995	1.06647	1	-0.00473	-0.00901	0.67127	0.00372	1	0.06431	-0.01345	0.69504	0.00399	1	1.45898	0.81042	0	
1263103	8518.87695	3305988364315	0.51865	0.25895	8518.69629	0.16113	11691	0	0.52746	0.28506	1	0.50779	0.26945	1	0.51763	0.27725	1	0.48055	0.53404	11.29858	1.06647	1	0.74175	0.55385	12.44584	1.06647	1	-0.00473	-0.00901	0.67127	0.00378	1	0.06431	-0.01345	0.69504	0.00392	1	1.45898	0.81042	0	
1263104	8518.88379	3305988433988	0.51839	0.26353	8518.86328	0.02051	11692	1	0.52746	0.28506	1	0.50779	0.26945	1	0.51763	0.27725	1	0.48055	0.53208	12.24927	1.06647	1	0.74173	0.55328	11.92159	1.06647	1	-0.00473	-0.00901	0.67127	0.00249	1	0.06431	-0.01345	0.69504	0.00406	1	1.45898	0.81042	0	
1263105	8518.89062	3305988500309	0.51617	0.25294	8518.86328	0.02734	11692	1	0.51315	0.12479	1	0.50144	0.29641	1	0.50730	0.21060	1	0.48044	0.53218	12.00050	1.06647	1	0.74167	0.55412	12.74955	1.06647	1	-0.00473	-0.00901	0.67127	0.00249	1	0.06431	-0.01345	0.69504	0.00377	1	1.45898	0.81042	0	
1263106	8518.89746	3305988567342	0.51513	0.26125	8518.86328	0.03418	11692	1	0.53945	0.31613	1	0.48037	0.28942	1	0.50991	0.30278	1	0.48077	0.53442	12.13633	1.06647	1	0.74128	0.55402	13.19288	1.06647	1	-0.00473	-0.00901	0.67127	0.00374	1	0.06431	-0.01345	0.69504	0.00385	1	1.45898	0.81042	0	
1263107	8518.90430	3305988634155	0.51435	0.26610	8518.86328	0.04102	11692	1	0.53862	0.30878	1	0.48075	0.28165	1	0.50968	0.29521	1	0.48076	0.53406	12.09895	1.07555	1	0.74193	0.55341	12.03447	1.07555	1	-0.00493	-0.00945	0.70758	0.00383	1	0.06431	-0.01345	0.69504	0.00398	1	1.45898	0.81042	0	
1263108	8518.91016	3305988699501	0.51557	0.24924	8518.86328	0.04688	11692	1	0.52392	0.07764	1	0.52431	0.18483	1	0.52411	0.13123	1	0.48061	0.53196	12.17462	1.08464	1	0.74195	0.55331	12.33552	1.08464	1	-0.00493	-0.00945	0.70758	0.00246	1	0.06431	-0.01345	0.69504	0.00410	1	1.45898	0.81042	0	
1263109	8518.91699	3305988766845	0.51539	0.23614	8518.86328	0.05371	11692	1	0.50287	0.08631	1	0.52503	0.17627	1	0.51395	0.13129	1	0.48045	0.53207	12.02469	1.09373	1	0.74195	0.55331	12.33552	1.09373	1	-0.00493	-0.00945	0.70758	0.00244	1	0.06431	-0.01345	0.69504	0.00410	1	1.45898	0.81042	0	
1263110	8518.92383	3305988834780	0.51523	0.22477	8518.86328	0.06055	11692	1	0.50181	0.07721	1	0.52576	0.16771	1	0.51378	0.12246	1	0.48049	0.53202	11.90696	1.10281	1	0.74167	0.55308	12.42782	1.10281	1	-0.00493	-0.00945	0.70758	0.00244	1	0.06431	-0.01345	0.69504	0.00416	1	1.45898	0.81042	0	
1263111	8518.93066	3305988902516	0.51449	0.21527	8518.86328	0.06738	11692	1	0.51477	0.06635	1	0.49929	0.17429	1	0.50703	0.12032	1	0.48061	0.53190	12.06058	1.10281	1	0.74188	0.55320	12.14979	1.10281	1	-0.00493	-0.00945	0.70758	0.00242	1	0.06431	-0.01345	0.69504	0.00414	1	1.45898	0.81042	0	
1263112	8518.93750	3305988967367	0.51399	0.20474	8518.86328	0.07422	11692	1	0.51760	0.05041	1	0.49950	0.12742	1	0.50855	0.08891	1	0.48058	0.53189	11.88383	1.10281	1	0.74185	0.55283	12.21454	1.10281	1	-0.00493	-0.00945	0.70758	0.00259	1	0.06431	-0.01345	0.69504	0.00424	1	1.45898	0.81042	0	
1263113	8518.94434	3305989035949	0.51357	0.19583	8518.86328	0.08105	11692	1	0.51760	0.05041	1	0.49950	0.12742	1	0.50855	0.08891	1	0.48041	0.53198	11.94687	1.10281	1	0.74202	0.55330	12.15067	1.10281	1	-0.00493	-0.00945	0.70758	0.00255	1	0.06431	-0.01345	0.69504	0.00421	1	1.45898	0.81042	0	
1263114	8518.95117	3305989103307	0.51366	0.19122	8518.86328	0.08789	11692	1	0.51547	0.06747	1	0.51399	0.19508	1	0.51473	0.13128	1	0.48056	0.53190	12.07228	1.10281	1	0.74180	0.55330	12.10598	1.10281	1	-0.00493	-0.00945	0.70758	0.00245	1	0.06431	-0.01345	0.69504	0.00410	1	1.45898	0.81042	0	
1263115	8518.95703	3305989165684	0.51433	0.18790	8518.86328	0.09375	11692	1	0.51872	0.06028	1	0.52885	0.22240	1	0.52378	0.14134	1	0.48061	0.53196	12.17462	1.10281	1	0.74201	0.55383	12.43776	1.10281	1	-0.00493	-0.00945	0.70758	0.00246	1	0.06431	-0.01345	0.69504	0.00379	1	1.45898	0.81042	0	
1263116	8518.96387	3305989235339	0.51376	0.15881	8518.86328	0.09375	11692	0	0.51872	0.06028	1	0.52885	0.22240	1	0.52378	0.14134	1	0.48061	0.53196	12.17462	1.10281	1	0.74157	0.55344	12.48739	1.10281	1	-0.00493	-0.00945	0.70758	0.00247	1	0.06431	-0.01345	0.69504	0.00400	1	1.45898	0.81042	0	
1263117	8518.97070	3305989301830	0.51130	0.14790	8518.86328	0.09375	11692	0	0.51872	0.06028	1	0.49895	0.21370	1	0.50884	0.13699	1	0.48061	0.53196	12.17462	1.10281	1	0.74157	0.55353	12.70461	1.10281	1	-0.00493	-0.00945	0.70758	0.00247	1	0.06431	-0.01345	0.69504	0.00397	1	1.45898	0.81042	0	
1263118	8518.97754	3305989366795	0.50674	0.14853	8518.86328	0.09375	11692	0	0.52795	0.06055	1	0.46727	0.23905	1	0.49761	0.14980	1	0.48061	0.53200	12.28292	1.10281	1	0.74145	0.55397	13.10421	1.10281	1	-0.00493	-0.00945	0.70758	0.00246	1	0.06431	-0.01345	0.69504	0.00377	1	1.45898	0.81042	0	
1263119	8518.98438	3305989435747	0.50446	0.14885	8518.96387	0.02051	11693	1	0.52795	0.06055	1	0.46727	0.23905	1	0.49761	0.14980	1	0.48055	0.53193	12.14919	1.10281	1	0.74153	0.55397	13.16790	1.10281	1	-0.00493	-0.00945	0.70758	0.00245	1	0.06431	-0.01345	0.69504	0.00379	1	1.45898	0.81042	0	
1263120	8518.99023	3305989502274	0.50246	0.15048	8518.96387	0.02637	11693	1	0.51290	0.07337	1	0.47610	0.24064	1	0.49450	0.15701	1	0.48048	0.53202	11.91575	1.10281	1	0.74157	0.55399	13.18791	1.10281	1	-0.00493	-0.00945	0.70758	0.00245	1	0.06431	-0.01345	0.69504	0.00373	1	1.45898	0.81042	0	
1263121	8518.99707	3305989567432	0.50125	0.15277	8518.96387	0.03320	11693	1	0.51889	0.08878	1	0.47147	0.23963	1	0.49518	0.16420	1	0.48056	0.53207	11.90709	1.10281	1	0.74147	0.55382	12.52075	1.10281	1	-0.00493	-0.00945	0.70758	0.00249	1	0.06431	-0.01345	0.69504	0.00388	1	1.45898	0.81042	0	
1263122	8519.00391	3305989636820	0.50038	0.15440	8518.96387	0.04004	11693	1	0.51889	0.08878	1	0.47147	0.23963	1	0.49518	0.16420	1	0.48054	0.53197	11.70266	1.10281	1	0.74145	0.55397	12.67238	1.10281	1	-0.00493	-0.00945	0.70758	0.00243	1	0.06431	-0.01345	0.69504	0.00378	1	1.45898	0.81042	0	
1263123	8519.01074	3305989704043	0.50007	0.15142	8518.96387	0.04688	11693	1	0.52140	0.04854	1	0.47441	0.21254	1	0.49790	0.13054	1	0.48066	0.53196	12.23450	1.10281	1	0.74157	0.55353	12.70461	1.10281	1	-0.00493	-0.00945	0.70758	0.00242	1	0.06431	-0.01345	0.69504	0.00397	1	1.45898	0.81042	0	
1263124	8519.01758	3305989768953	0.49999	0.15020	8518.96387	0.05371	11693	1	0.52024	0.09152	1	0.47834	0.18941	1	0.49929	0.14047	1	0.48062	0.53212	11.80569	1.10281	1	0.74160	0.55344	12.32287	1.10281	1	-0.00493	-0.00945	0.70758	0.00245	1	0.06431	-0.01345	0.69504	0.00400	1	1.45898	0.81042	0	
1263125	8519.02441	3305989839788	0.49995	0.15009	8518.96387	0.06055	11693	1	0.52118	0.10049	1	0.47799	0.19775	1	0.49958	0.14912	1	0.48063	0.53214	11.84807	1.09373	1	0.74157	0.55378	13.01318	1.09373	1	-0.00468	-0.00906	0.67854	0.00244	1	0.06431	-0.01345	0.69504	0.00392	1	1.45898	0.81042	0	
1263126	8519.03125	3305989905779	0.49908	0.14772	8518.96387	0.06738	11693	1	0.49818	0.07389	1	0.48265	0.17401	1	0.49042	0.12395	1	0.48068	0.53187	12.03646	1.08464	1	0.74168	0.55326	12.27171	1.08464	1	-0.00468	-0.00906	0.67854	0.00243	1	0.06431	-0.01345	0.69504	0.00406	1	1.45898	0.81042	0	
1263127	8519.03809	3305989973524	0.49862	0.15581	8518.96387	0.07422	11693	1	0.50414	0.27146	1	0.48309	0.21819	1	0.49361	0.24482	1	0.48051	0.53383	11.31827	1.07555	1	0.74172	0.55313	12.26653	1.07555	1	-0.00468	-0.00906	0.67854	0.00400	1	0.06431	-0.01345	0.69504	0.00402	1	1.45898	0.81042	0	
1263128	8519.04492	3305990041011	0.49826	0.16327	8518.96387	0.08105	11693	1	0.50522	0.27914	1	0.48269	0.22650	1	0.49396	0.25282	1	0.48062	0.53193	12.16463	1.06647	1	0.74174	0.55307	12.27132	1.06647	1	-0.00468	-0.00906	0.67854	0.00241	1	0.06431	-0.01345	0.69504	0.00399	1	1.45898	0.81042	0	
1263129	8519.05078	3305990105274	0.49604	0.16146	8518.96387	0.08691	11693	1	0.48060	0.11259	1	0.45367	0.16321	1	0.46713	0.13790	1	0.48077	0.53208	11.91706	1.06647	1	0.74162	0.55284	12.11225	1.06647	1	-0.00468	-0.00906	0.67854	0.00242	1	0.06431	-0.01345	0.69504	0.00396	1	1.45898	0.81042	0	
1263130	8519.05762	3305990171623	0.49400	0.16133	8518.96387	0.09375	11693	1	0.48151	0.11162	1	0.44922	0.20729	1	0.46536	0.15945	1	0.48080	0.53205	11.59719	1.06647	1	0.74149	0.55321	12.17556	1.06647	1	-0.00468	-0.00906	0.67854	0.00248	1	0.06431	-0.01345	0.69504	0.00395	1	1.45898	0.81042	0	
1263131	8519.06445	3305990241896	0.49224	0.16144	8518.96387	0.10059	11693	1	0.48260	0.11968	1	0.44923	0.20667	1	0.46591	0.16317	1	0.48092	0.53203	11.80659	1.05845	1	0.74196	0.55275	12.77445	1.06713	1	-0.00435	-0.00850	0.63697	0.00242	1	0.06596	-0.01378	0.71226	0.00418	1	1.45898	0.81042	0	
1263132	8519.07129	3305990304193	0.49200	0.16047	8518.96387	0.10742	11693	1	0.49461	0.10895	1	0.48184	0.18103	1	0.48823	0.14499	1	0.48094	0.53205	11.83767	1.05912	1	0.74204	0.55298	12.85306	1.06780	1	-0.00435	-0.00850	0.63697	0.00241	1	0.06596	-0.01378	0.71226	0.00400	1	1.45898	0.81042	0	
1263133	8519.07812	3305990376452	0.49185	0.16053	8518.96387	0.11426	11693	1	0.50109	0.10645	1	0.47746	0.21656	1	0.48928	0.16150	1	0.48097	0.53199	11.79165	1.05978	1	0.74191	0.55327	12.93862	1.06846	1	-0.00435	-0.00850	0.63697	0.00239	1	0.06596	-0.01378	0.71226	0.00379	1	1.45898	0.81042	0	
1263134	8519.08496	3305990443219	0.49169	0.16035	8518.96387	0.12109	11693	1	0.50003	0.09764	1	0.47746	0.21656	1	0.48875	0.15710	1	0.48092	0.53184	12.13687	1.06846	1	0.74188	0.55372	12.92789	1.06846	1	-0.00459	-0.00909	0.68083	0.00237	1	0.06323	-0.01320	0.68224	0.00377	1	1.45898	0.81042	0	
1263135	8519.09082	3305990507398	0.49155	0.15979	8518.96387	0.12695	11693	1	0.50077	0.09187	1	0.47720	0.20638	1	0.48899	0.14913	1	0.48096	0.53186	12.09562	1.07648	1	0.74202	0.55317	12.54375	1.06780	1	-0.00459	-0.00909	0.68083	0.00240	1	0.06323	-0.01320	0.68224	0.00398	1	1.45898	0.81042	0	
1263136	8519.09766	3305990575230	0.49142	0.15947	8518.96387	0.13379	11693	1	0.49760	0.09089	1	0.47970	0.21547	1	0.48865	0.15318	1	0.48105	0.53199	11.84610	1.07581	1	0.74206	0.55332	13.12390	1.06713	1	-0.00459	-0.00909	0.68083	0.00240	1	0.06323	-0.01320	0.68224	0.00393	1	1.45898	0.81042	0	
1263137	8519.10449	3305990640501	0.49128	0.15938	8518.96387	0.14062	11693	1	0.49768	0.09157	1	0.47935	0.22317	1	0.48852	0.15737	1	0.48107	0.53191	11.86317	1.07515	1	0.74200	0.55322	13.03651	1.05881	1	-0.00459	-0.00909	0.68083	0.00241	1	0.06097	-0.01272	0.65732	0.00393	1	1.45898	0.81042	0	
1263138	8519.11133	3305990706036	0.49165	0.16031	8518.96387	0.14746	11693	1	0.51679	0.10560	1	0.48275	0.25609	1	0.49977	0.18085	1	0.48128	0.53181	11.82067	1.05881	1	0.74213	0.55362	13.30190	1.05115	1	-0.00459	-0.00909	0.68083	0.00240	1	0.06097	-0.01272	0.65732	0.00387	1	1.45898	0.81042	0	
1263139	8519.11816	3305990774816	0.49195	0.16111	8518.96387	0.15430	11693	1	0.52208	0.12718	1	0.47538	0.23166	1	0.49873	0.17942	1	0.48140	0.53189	12.01532	1.05115	1	0.74200	0.55323	12.95609	1.04349	1	-0.00459	-0.00909	0.68083	0.00243	1	0.06097	-0.01272	0.65732	0.00397	1	1.45898	0.81042	0	
1263140	8519.12500	3305990844066	0.49222	0.16164	8518.96387	0.16113	11693	1	0.52192	0.12575	1	0.47572	0.22321	1	0.49882	0.17448	1	0.48135	0.53177	11.85944	1.05258	1	0.74235	0.55382	12.53862	1.05258	1	-0.00466	-0.00932	0.69785	0.00243	1	0.06378	-0.01329	0.68706	0.00397	1	1.45898	0.81042	0	
1263141	8519.13184	3305990911373	0.49263	0.16258	8518.96387	0.16797	11693	1	0.51015	0.10725	1	0.49545	0.26486	1	0.50280	0.18605	1	0.48115	0.53191	11.74322	1.06166	1	0.74236	0.55389	12.53911	1.06932	1	-0.00466	-0.00932	0.69785	0.00239	1	0.06378	-0.01329	0.68706	0.00394	1	1.45898	0.81042	0	
1263142	8519.13770	3305990975923	0.49300	0.16393	8518.96387	0.17383	11693	1	0.51598	0.12279	1	0.48939	0.27539	1	0.50268	0.19909	1	0.48127	0.53182	11.80029	1.07841	1	0.74222	0.55411	13.20319	1.08607	1	-0.00466	-0.00932	0.69785	0.00242	1	0.06378	-0.01329	0.68706	0.00384	1	1.45898	0.81042	0	
1263143	8519.14453	3305991045269	0.49334	0.16494	8518.96387	0.18066	11693	1	0.51515	0.11527	1	0.48976	0.26885	1	0.50246	0.19206	1	0.48153	0.53190	12.05473	1.08607	1	0.74248	0.55353	12.11436	1.09373	1	-0.00452	-0.00914	0.68475	0.00241	1	0.06378	-0.01329	0.68706	0.00403	1	1.45898	0.81042	0	
1263144	8519.15137	3305991112602	0.49391	0.16582	8518.96387	0.18750	11693	1	0.51881	0.12630	1	0.50115	0.25499	1	0.50998	0.19065	1	0.48148	0.53183	11.96025	1.08464	1	0.74245	0.55391	12.15501	1.08464	1	-0.00452	-0.00914	0.68475	0.00240	1	0.06378	-0.01329	0.68706	0.00395	1	1.45898	0.81042	0	
1263145	8519.15820	3305991179632	0.49472	0.16699	8518.96387	0.19434	11693	1	0.53574	0.13854	1	0.50061	0.26294	1	0.51818	0.20074	1	0.48153	0.53190	12.05473	1.07555	1	0.74245	0.55391	12.15501	1.07555	1	-0.00452	-0.00914	0.68475	0.00241	1	0.06378	-0.01329	0.68706	0.00395	1	1.45898	0.81042	0	
1263146	8519.16504	3305991246609	0.49548	0.16835	8518.96387	0.20117	11693	1	0.53659	0.14734	1	0.50007	0.27089	1	0.51833	0.20911	1	0.48147	0.53179	11.79335	1.06647	1	0.74241	0.55365	12.27765	1.06647	1	-0.00452	-0.00914	0.68475	0.00242	1	0.06378	-0.01329	0.68706	0.00398	1	1.45898	0.81042	0	
1263147	8519.17188	3305991313175	0.49617	0.16797	8518.96387	0.20801	11693	1	0.52873	0.07631	1	0.50605	0.23603	1	0.51739	0.15617	1	0.48148	0.53179	11.79727	1.06647	1	0.74248	0.55365	12.39244	1.06647	1	-0.00452	-0.00914	0.68475	0.00242	1	0.06378	-0.01329	0.68706	0.00398	1	1.45898	0.81042	0	
1263148	8519.17871	3305991380076	0.49586	0.16795	8518.96387	0.21484	11693	1	0.50346	0.08951	1	0.46881	0.24506	1	0.48614	0.16729	1	0.48151	0.53176	11.85637	1.06647	1	0.74234	0.55357	12.42378	1.06647	1	-0.00452	-0.00914	0.68475	0.00238	1	0.06378	-0.01329	0.68706	0.00390	1	1.45898	0.81042	0	
1263149	8519.18555	3305991447370	0.49558	0.16793	8518.96387	0.22168	11693	1	0.50346	0.08951	1	0.46881	0.24506	1	0.48614	0.16729	1	0.48160	0.53198	11.82383	1.06647	1	0.74233	0.55396	12.50202	1.06647	1	-0.00452	-0.00914	0.68475	0.00240	1	0.06378	-0.01329	0.68706	0.00373	1	1.45898	0.81042	0	
1263150	8519.19238	3305991514494	0.49550	0.16792	8518.96387	0.22852	11693	1	0.49605	0.09347	1	0.48940	0.24212	1	0.49272	0.16779	1	0.48145	0.53196	12.23450	1.06647	1	0.74228	0.55388	12.23601	1.06647	1	-0.00452	-0.00914	0.68475	0.00242	1	0.06378	-0.01329	0.68706	0.00379	1	1.45898	0.81042	0	
1263151	8519.19824	3305991581636	0.49564	0.16760	8518.96387	0.23438	11693	1	0.52566	0.08928	1	0.47553	0.22308	1	0.50060	0.15618	1	0.48148	0.53186	12.30452	1.06647	1	0.74241	0.55354	11.98559	1.06647	1	-0.00452	-0.00914	0.68475	0.00240	1	0.06378	-0.01329	0.68706	0.00383	1	1.45898	0.81042	0	
1263152	8519.20508	3305991648453	0.49577	0.16729	8518.96387	0.24121	11693	1	0.52566	0.08928	1	0.47553	0.22308	1	0.50060	0.15618	1	0.48149	0.53186	12.30053	1.06647	1	0.74222	0.55330	12.26525	1.06647	1	-0.00452	-0.00914	0.68475	0.00240	1	0.06378	-0.01329	0.68706	0.00391	1	1.45898	0.81042	0	
1263153	8519.21191	3305991716076	0.49608	0.16789	8518.96387	0.24805	11693	1	0.53351	0.10674	1	0.48172	0.27380	1	0.50761	0.19027	1	0.48144	0.53210	11.93790	1.06647	1	0.74208	0.55404	12.38535	1.06647	1	-0.00452	-0.00914	0.68475	0.00243	1	0.06378	-0.01329	0.68706	0.00382	1	1.45898	0.81042	0	
1263154	8519.21875	3305991782281	0.49620	0.16855	8518.96387	0.25488	11693	1	0.52092	0.13109	1	0.48012	0.25597	1	0.50052	0.19353	1	0.48133	0.53210	11.81817	1.06647	1	0.74210	0.55367	12.28724	1.06647	1	-0.00452	-0.00914	0.68475	0.00241	1	0.06378	-0.01329	0.68706	0.00400	1	1.45898	0.81042	0	
1263155	8519.22559	3305991849166	0.49631	0.16917	8518.96387	0.26172	11693	1	0.52092	0.13109	1	0.48012	0.25597	1	0.50052	0.19353	1	0.48140	0.53200	11.96265	1.06647	1	0.74211	0.55385	12.30455	1.06647	1	-0.00452	-0.00914	0.68475	0.00243	1	0.06378	-0.01335	0.68706	0.00381	1	1.45898	0.81042	0	
1263156	8519.23242	3305991916000	0.49636	0.17029	8518.96387	0.26855	11693	1	0.52480	0.11006	1	0.47261	0.32002	1	0.49871	0.21504	1	0.48140	0.53193	12.16463	1.06647	1	0.74197	0.55429	13.01055	1.06647	1	-0.00452	-0.00914	0.68475	0.00242	1	0.06378	-0.01335	0.68706	0.00376	1	1.45898	0.81042	0	
1263157	8519.23926	3305991983325	0.49660	0.17098	8518.96387	0.27539	11693	1	0.52586	0.10964	1	0.48674	0.28849	1	0.50630	0.19907	1	0.48141	0.53195	12.12685	1.06647	1	0.74218	0.55392	12.39849	1.06647	1	-0.00452	-0.00914	0.68475	0.00240	1	0.06378	-0.01335	0.68706	0.00377	1	1.45898	0.81042	0	
1263158	8519.24512	3305992050627	0.49683	0.17163	8518.96387	0.28125	11693	1	0.52586	0.10964	1	0.48674	0.28849	1	0.50630	0.19907	1	0.48132	0.53372	11.01985	1.06647	1	0.74206	0.55418	12.94591	1.06647	1	-0.00450	-0.00916	0.68245	0.00392	1	0.06378	-0.01335	0.68706	0.00373	1	1.45898	0.81042	0	
1263159	8519.25195	3305992117109	0.49700	0.17249	8518.96387	0.28809	11693	1	0.52482	0.11952	1	0.48398	0.29947	1	0.50440	0.20949	1	0.48134	0.53218	11.68026	1.06647	1	0.74210	0.55425	13.03032	1.06647	1	-0.00450	-0.00916	0.68245	0.00245	1	0.06378	-0.01335	0.68706	0.00364	1	1.45898	0.81042	0	
1263160	8519.25879	3305992184929	0.49726	0.17531	8518.96387	0.29492	11693	1	0.53385	0.29901	1	0.48398	0.29947	1	0.50891	0.29924	1	0.48139	0.53430	11.13625	1.06647	1	0.74210	0.55425	13.03032	1.06647	1	-0.00450	-0.00916	0.68245	0.00364	1	0.06378	-0.01335	0.68706	0.00365	1	1.45898	0.81042	0	
1263161	8519.26562	3305992250828	0.50299	0.20682	8518.96387	0.29492	11693	0	0.53385	0.29901	1	0.48364	0.30595	1	0.50874	0.30248	1	0.48128	0.53226	11.87979	1.06647	1	0.74206	0.55418	12.94591	1.05881	1	-0.00450	-0.00932	0.68245	0.00249	1	0.06150	-0.01288	0.66309	0.00373	1	1.45898	0.81042	0	
1263162	8519.27246	3305992318313	0.50060	0.20497	8518.96387	0.29492	11693	0	0.51445	0.11912	1	0.48198	0.28710	1	0.49822	0.20311	1	0.48123	0.53215	12.04633	1.05881	1	0.74218	0.55394	12.56897	1.05115	1	-0.00450	-0.00932	0.68245	0.00245	1	0.06150	-0.01288	0.66309	0.00372	1	1.45898	0.81042	0	
1263163	8519.27930	3305992383284	0.49987	0.21246	8518.96387	0.29492	11693	0	0.51484	0.14438	1	0.48195	0.31053	1	0.49839	0.22745	1	0.48127	0.53227	11.65126	1.05115	1	0.74215	0.55401	12.65230	1.04349	1	-0.00450	-0.00932	0.68245	0.00248	1	0.06150	-0.01288	0.66309	0.00375	1	1.45898	0.81042	0	
1263164	8519.28516	3305992448926	0.49953	0.21506	8519.26562	0.01953	11694	1	0.51468	0.14297	1	0.48235	0.30277	1	0.49851	0.22287	1	0.48131	0.53231	11.74667	1.05258	1	0.74220	0.55406	12.53167	1.05258	1	-0.00466	-0.00953	0.69785	0.00248	1	0.06266	-0.01324	0.67616	0.00373	1	1.45898	0.81042	0	
1263165	8519.29199	3305992516220	0.49963	0.21522	8519.26562	0.02637	11694	1	0.51431	0.12537	1	0.48573	0.30628	1	0.50002	0.21582	1	0.48133	0.53228	11.81978	1.06166	1	0.74214	0.55425	12.68238	1.06932	1	-0.00466	-0.00953	0.69785	0.00248	1	0.06266	-0.01324	0.67616	0.00370	1	1.45898	0.81042	0	
1263166	8519.29883	3305992583745	0.49900	0.21531	8519.26562	0.03320	11694	1	0.51702	0.11629	1	0.47467	0.31527	1	0.49584	0.21578	1	0.48130	0.53223	11.79464	1.07841	1	0.74204	0.55438	12.73061	1.08607	1	-0.00466	-0.00953	0.69785	0.00240	1	0.06266	-0.01324	0.67616	0.00383	1	1.45898	0.81042	0	
1263167	8519.30566	3305992653099	0.49844	0.21367	8519.26562	0.04004	11694	1	0.51521	0.09976	1	0.47500	0.30786	1	0.49510	0.20381	1	0.48138	0.53243	12.11455	1.09515	1	0.74206	0.55418	12.66791	1.09515	1	-0.00472	-0.00960	0.70731	0.00247	1	0.06150	-0.01298	0.66309	0.00356	1	1.45898	0.81042	0	
1263168	8519.31250	3305992719019	0.49788	0.21254	8519.26562	0.04688	11694	1	0.51711	0.12360	1	0.47081	0.28565	1	0.49396	0.20463	1	0.48138	0.53247	12.79838	1.09515	1	0.74194	0.55411	13.07241	1.08749	1	-0.00472	-0.00960	0.70731	0.00244	1	0.06150	-0.01298	0.66309	0.00368	1	1.45898	0.81042	0	
1263169	8519.31934	3305992787280	0.49766	0.21152	8519.26562	0.05371	11694	1	0.50799	0.12279	1	0.48383	0.28399	1	0.49591	0.20339	1	0.48126	0.53238	11.92294	1.08749	1	0.74212	0.55428	12.87598	1.07983	1	-0.00472	-0.00960	0.70731	0.00245	1	0.06150	-0.01298	0.66309	0.00356	1	1.45898	0.81042	0	
1263170	8519.32617	3305992853692	0.49751	0.21141	8519.26562	0.06055	11694	1	0.50886	0.13024	1	0.48349	0.29050	1	0.49618	0.21037	1	0.48128	0.53235	11.43399	1.07983	1	0.74221	0.55431	13.05315	1.07217	1	-0.00466	-0.00953	0.69785	0.00251	1	0.06097	-0.01282	0.65732	0.00357	1	1.45898	0.81042	0	
1263171	8519.33301	3305992920688	0.49782	0.21002	8519.26562	0.06738	11694	1	0.51093	0.12580	1	0.49081	0.26646	1	0.50087	0.19613	1	0.48128	0.53230	11.55791	1.07217	1	0.74222	0.55437	13.08811	1.07217	1	-0.00466	-0.00953	0.69785	0.00250	1	0.06097	-0.01282	0.65732	0.00359	1	1.45898	0.81042	0	
1263172	8519.33887	3305992988364	0.49862	0.21644	8519.26562	0.07324	11694	1	0.53309	0.31980	1	0.48186	0.25440	1	0.50747	0.28710	1	0.48148	0.53450	11.38890	1.07217	1	0.74204	0.55421	12.82877	1.07217	1	-0.00466	-0.00953	0.69785	0.00361	1	0.06097	-0.01282	0.65732	0.00369	1	1.45898	0.81042	0	
1263173	8519.34570	3305993054968	0.49934	0.22220	8519.26562	0.08008	11694	1	0.53397	0.32708	1	0.48180	0.25566	1	0.50788	0.29137	1	0.48142	0.53438	11.25101	1.06309	1	0.74186	0.55434	12.98134	1.07075	1	-0.00450	-0.00926	0.68245	0.00370	1	0.06378	-0.01335	0.68706	0.00377	1	1.45898	0.81042	0	
1263174	8519.35254	3305993122119	0.49962	0.22709	8519.26562	0.08691	11694	1	0.52427	0.30272	1	0.48246	0.27862	1	0.50336	0.29067	1	0.48128	0.53417	11.35353	1.06166	1	0.74207	0.55436	13.26034	1.06932	1	-0.00450	-0.00926	0.68245	0.00366	1	0.06378	-0.01335	0.68706	0.00371	1	1.45898	0.81042	0	
1263175	8519.35938	3305993188619	0.49935	0.22558	8519.26562	0.09375	11694	1	0.51576	0.12120	1	0.47533	0.28769	1	0.49555	0.20444	1	0.48123	0.53215	12.17855	1.06024	1	0.74200	0.55445	13.31541	1.06790	1	-0.00450	-0.00926	0.68245	0.00247	1	0.06378	-0.01335	0.68706	0.00367	1	1.45898	0.81042	0	
1263176	8519.36621	3305993254836	0.49910	0.22382	8519.26562	0.10059	11694	1	0.51491	0.11354	1	0.47561	0.28114	1	0.49526	0.19734	1	0.48130	0.53221	12.05852	1.06790	1	0.74217	0.55405	12.40745	1.07555	1	-0.00466	-0.00942	0.69785	0.00245	1	0.06378	-0.01340	0.68706	0.00371	1	1.45898	0.81042	0	
1263177	8519.37305	3305993323102	0.49877	0.22210	8519.26562	0.10742	11694	1	0.51928	0.10532	1	0.46787	0.28388	1	0.49357	0.19460	1	0.48131	0.53214	12.07360	1.08464	1	0.74189	0.55414	12.76533	1.08464	1	-0.00466	-0.00942	0.69785	0.00239	1	0.06378	-0.01340	0.68706	0.00381	1	1.45898	0.81042	0	
1263178	8519.37988	3305993390100	0.49923	0.22045	8519.26562	0.11426	11694	1	0.52683	0.10058	1	0.48715	0.28436	1	0.50699	0.19247	1	0.48137	0.53228	11.80361	1.09373	1	0.74221	0.55421	12.53414	1.09373	1	-0.00466	-0.00942	0.69785	0.00242	1	0.06378	-0.01340	0.68706	0.00372	1	1.45898	0.81042	0	
1263179	8519.38574	3305993456363	0.49964	0.21898	8519.26562	0.12012	11694	1	0.52683	0.10058	1	0.48715	0.28436	1	0.50699	0.19247	1	0.48134	0.53215	11.58583	1.09373	1	0.74221	0.55451	12.70225	1.09373	1	-0.00450	-0.00921	0.68245	0.00245	1	0.06210	-0.01305	0.66902	0.00368	1	1.45898	0.81042	0	
1263180	8519.39258	3305993523090	0.49860	0.21836	8519.26562	0.12695	11694	1	0.51839	0.08913	1	0.43952	0.32390	1	0.47895	0.20651	1	0.48139	0.53201	11.95677	1.08464	1	0.74186	0.55434	12.64403	1.08464	1	-0.00450	-0.00921	0.68245	0.00244	1	0.06210	-0.01305	0.66902	0.00393	1	1.45898	0.81042	0	
1263181	8519.39941	3305993590919	0.49782	0.21829	8519.26562	0.13379	11694	1	0.53091	0.11040	1	0.43326	0.32328	1	0.48209	0.21684	1	0.48145	0.53218	11.74044	1.07555	1	0.74176	0.55452	12.84573	1.07555	1	-0.00450	-0.00921	0.68245	0.00245	1	0.06210	-0.01305	0.66902	0.00391	1	1.45898	0.81042	0	
1263182	8519.40625	3305993659228	0.49712	0.21859	8519.26562	0.14062	11694	1	0.53180	0.11944	1	0.43327	0.33067	1	0.48253	0.22505	1	0.48148	0.53210	11.84818	1.06647	1	0.74211	0.55443	12.48336	1.06647	1	-0.00452	-0.00914	0.68475	0.00246	1	0.06378	-0.01335	0.68706	0.00378	1	1.45898	0.81042	0	
1263183	8519.41309	3305993725708	0.49677	0.21873	8519.26562	0.14746	11694	1	0.52186	0.12808	1	0.45640	0.31539	1	0.48913	0.22174	1	0.48145	0.53207	11.75609	1.06647	1	0.74224	0.55442	12.60440	1.06647	1	-0.00452	-0.00914	0.68475	0.00245	1	0.06378	-0.01335	0.68706	0.00372	1	1.45898	0.81042	0	
1263184	8519.41992	3305993791950	0.49677	0.21841	8519.26562	0.15430	11694	1	0.52699	0.10376	1	0.46649	0.31809	1	0.49674	0.21093	1	0.48140	0.53193	12.16574	1.06647	1	0.74225	0.55436	12.06332	1.06647	1	-0.00452	-0.00914	0.68475	0.00241	1	0.06378	-0.01335	0.68706	0.00382	1	1.45898	0.81042	0	
1263185	8519.42676	3305993859254	0.49677	0.21811	8519.26562	0.16113	11694	1	0.52699	0.10376	1	0.46649	0.31809	1	0.49674	0.21093	1	0.48136	0.53188	12.30226	1.06647	1	0.74186	0.55435	12.81685	1.06647	1	-0.00452	-0.00914	0.68475	0.00242	1	0.06378	-0.01340	0.68706	0.00389	1	1.45898	0.81042	0	
1263186	8519.43262	3305993926153	0.49617	0.21830	8519.26562	0.16699	11694	1	0.52905	0.11677	1	0.43330	0.32937	1	0.48118	0.22307	1	0.48142	0.53197	12.19882	1.06647	1	0.74169	0.55452	12.92735	1.06647	1	-0.00452	-0.00914	0.68475	0.00240	1	0.06378	-0.01340	0.68706	0.00395	1	1.45898	0.81042	0	
1263187	8519.43945	3305993992854	0.49621	0.21784	8519.26562	0.17383	11694	1	0.52062	0.08639	1	0.47377	0.32577	1	0.49720	0.20608	1	0.48136	0.53188	12.30226	1.06647	1	0.74197	0.55440	12.91855	1.06647	1	-0.00452	-0.00914	0.68475	0.00241	1	0.06378	-0.01340	0.68706	0.00383	1	1.45898	0.81042	0	
1263188	8519.44629	3305994058807	0.49624	0.21742	8519.26562	0.18066	11694	1	0.52062	0.08639	1	0.47377	0.32577	1	0.49720	0.20608	1	0.48145	0.53198	12.22628	1.06647	1	0.74226	0.55400	12.56729	1.06647	1	-0.00452	-0.00914	0.68475	0.00241	1	0.06378	-0.01335	0.68706	0.00372	1	1.45898	0.81042	0	
1263189	8519.45312	3305994126687	0.49656	0.21690	8519.26562	0.18750	11694	1	0.52537	0.09819	1	0.48556	0.30634	1	0.50546	0.20226	1	0.48142	0.53194	12.12348	1.06647	1	0.74219	0.55432	12.78953	1.06647	1	-0.00452	-0.00914	0.68475	0.00241	1	0.06378	-0.01335	0.68706	0.00364	1	1.45898	0.81042	0	
1263190	8519.45996	3305994190525	0.49683	0.21564	8519.26562	0.19434	11694	1	0.51848	0.09691	1	0.49079	0.26137	1	0.50463	0.17914	1	0.48146	0.53197	12.20749	1.06647	1	0.74227	0.55398	12.51550	1.06647	1	-0.00452	-0.00914	0.68475	0.00242	1	0.06378	-0.01335	0.68706	0.00375	1	1.45898	0.81042	0	
1263191	8519.46680	3305994259428	0.49708	0.21447	8519.26562	0.20117	11694	1	0.51848	0.09691	1	0.49079	0.26137	1	0.50463	0.17914	1	0.48144	0.53197	12.22879	1.06647	1	0.74197	0.55412	12.92035	1.06647	1	-0.00452	-0.00914	0.68475	0.00243	1	0.06378	-0.01335	0.68706	0.00374	1	1.45898	0.81042	0	
1263192	8519.47266	3305994325897	0.49727	0.21391	8519.26562	0.20703	11694	1	0.52537	0.11356	1	0.48065	0.27989	1	0.50301	0.19673	1	0.48139	0.53189	12.00922	1.06647	1	0.74212	0.55413	12.72226	1.06647	1	-0.00452	-0.00914	0.68475	0.00244	1	0.06378	-0.01335	0.68706	0.00375	1	1.45898	0.81042	0	
1263193	8519.47949	3305994390272	0.49740	0.21338	8519.26562	0.21387	11694	1	0.52702	0.10935	1	0.47623	0.28353	1	0.50162	0.19644	1	0.48140	0.53209	11.97802	1.06647	1	0.74204	0.55405	12.73458	1.06647	1	-0.00452	-0.00914	0.68475	0.00243	1	0.06378	-0.01335	0.68706	0.00377	1	1.45898	0.81042	0	
1263194	8519.48633	3305994459652	0.49753	0.21320	8519.26562	0.22070	11694	1	0.52783	0.11740	1	0.47564	0.29702	1	0.50173	0.20721	1	0.48140	0.53209	11.97802	1.05845	1	0.74226	0.55423	12.86053	1.05079	1	-0.00438	-0.00875	0.65561	0.00242	1	0.06097	-0.01272	0.65732	0.00370	1	1.45898	0.81042	0	
1263195	8519.49316	3305994529108	0.49775	0.21325	8519.26562	0.22754	11694	1	0.51915	0.11971	1	0.49139	0.31034	1	0.50527	0.21503	1	0.48128	0.53192	11.92548	1.04278	1	0.74230	0.55390	12.66987	1.03512	1	-0.00438	-0.00875	0.65561	0.00253	1	0.06097	-0.01272	0.65732	0.00383	1	1.45898	0.81042	0	
1263196	8519.50000	3305994593381	0.49824	0.21646	8519.26562	0.23438	11694	1	0.54219	0.31952	1	0.48848	0.33818	1	0.51533	0.32885	1	0.48155	0.53396	11.78747	1.02710	1	0.74229	0.55417	12.83176	1.01944	1	-0.00438	-0.00875	0.65561	0.00399	1	0.06097	-0.01272	0.65732	0.00373	1	1.45898	0.81042	0	
1263197	8519.50684	3305994659165	0.49871	0.21959	8519.26562	0.24121	11694	1	0.54290	0.32593	1	0.48848	0.33818	1	0.51569	0.33205	1	0.48133	0.53346	11.12501	1.01944	1	0.74192	0.55370	13.26831	1.01944	1	-0.00459	-0.00909	0.68083	0.00409	1	0.06323	-0.01320	0.68224	0.00376	1	1.45898	0.81042	0	
1263198	8519.51367	3305994727474	0.49860	0.22079	8519.26562	0.24805	11694	1	0.51141	0.24575	1	0.47775	0.28446	1	0.49458	0.26510	1	0.48105	0.53302	11.50141	1.02746	1	0.74203	0.55362	13.13791	1.03512	1	-0.00459	-0.00909	0.68083	0.00414	1	0.06323	-0.01320	0.68224	0.00376	1	1.45898	0.81042	0	
1263199	8519.51953	3305994794442	0.49883	0.21987	8519.26562	0.25391	11694	1	0.51308	0.10003	1	0.50179	0.26982	1	0.50744	0.18493	1	0.48110	0.53171	12.37507	1.04313	1	0.74247	0.55367	12.46049	1.05079	1	-0.00459	-0.00909	0.68083	0.00244	1	0.06323	-0.01320	0.68224	0.00383	1	1.45898	0.81042	0	
1263200	8519.52637	3305994863558	0.49903	0.21861	8519.26562	0.26074	11694	1	0.51129	0.08378	1	0.50276	0.25589	1	0.50702	0.16984	1	0.48098	0.53174	12.31135	1.05881	1	0.74191	0.55327	13.01135	1.06647	1	-0.00459	-0.00909	0.68083	0.00239	1	0.06323	-0.01320	0.68224	0.00393	1	1.45898	0.81042	0	
1263201	8519.53320	3305994930587	0.49872	0.21874	8519.26562	0.26758	11694	1	0.50270	0.21037	1	0.46957	0.23726	1	0.48614	0.22381	1	0.48105	0.53314	11.45003	1.06647	1	0.74194	0.55345	13.23766	1.06647	1	-0.00459	-0.00909	0.68083	0.00413	1	0.06323	-0.01320	0.68224	0.00388	1	1.45898	0.81042	0	
1263202	8519.54004	3305994997696	0.49840	0.21691	8519.26562	0.27441	11694	1	0.49651	0.08628	1	0.47393	0.19718	1	0.48522	0.14173	1	0.48107	0.53168	12.24903	1.06647	1	0.74197	0.55301	12.99128	1.06647	1	-0.00459	-0.00909	0.68083	0.00246	1	0.06323	-0.01320	0.68224	0.00400	1	1.45898	0.81042	0	
1263203	8519.54688	3305995064175	0.49809	0.21516	8519.26562	0.28125	11694	1	0.49651	0.08628	1	0.47393	0.19718	1	0.48522	0.14173	1	0.48097	0.53163	12.08229	1.06647	1	0.74217	0.55359	13.13291	1.06647	1	-0.00459	-0.00909	0.68083	0.00244	1	0.06323	-0.01320	0.68224	0.00396	1	1.45898	0.81042	0	
1263204	8519.55371	3305995131483	0.49809	0.21565	8519.26562	0.28809	11694	1	0.51409	0.26853	1	0.48242	0.20529	1	0.49826	0.23691	1	0.48113	0.53335	12.16861	1.06647	1	0.74209	0.55317	12.79170	1.06647	1	-0.00459	-0.00909	0.68083	0.00382	1	0.06323	-0.01320	0.68224	0.00390	1	1.45898	0.81042	0	
1263205	8519.56055	3305995198798	0.49808	0.21468	8519.26562	0.29492	11694	1	0.51569	0.12709	1	0.47951	0.21655	1	0.49760	0.17182	1	0.48119	0.53174	12.43476	1.06647	1	0.74209	0.55286	12.61344	1.06647	1	-0.00459	-0.00909	0.68083	0.00246	1	0.06323	-0.01320	0.68224	0.00401	1	1.45898	0.81042	0	
1263206	8519.56641	3305995261350	0.49807	0.21375	8519.26562	0.30078	11694	1	0.51569	0.12709	1	0.47951	0.21655	1	0.49760	0.17182	1	0.48110	0.53160	12.15474	1.06647	1	0.74205	0.55352	12.80723	1.06647	1	-0.00459	-0.00909	0.68083	0.00243	1	0.06323	-0.01320	0.68224	0.00371	1	1.45898	0.81042	0	
1263207	8519.57324	3305995332093	0.49795	0.21385	8519.26562	0.30762	11694	1	0.51338	0.13809	1	0.47151	0.29944	1	0.49245	0.21877	1	0.48119	0.53154	12.37883	1.06647	1	0.74194	0.55367	13.28262	1.06647	1	-0.00459	-0.00909	0.68083	0.00236	1	0.06323	-0.01320	0.68224	0.00367	1	1.45898	0.81042	0	
1263208	8519.58008	3305995398207	0.49811	0.21469	8519.26562	0.31445	11694	1	0.52807	0.23464	1	0.48323	0.27291	1	0.50565	0.25378	1	0.48141	0.53311	10.87164	1.06647	1	0.74219	0.55342	13.07713	1.06647	1	-0.00459	-0.00909	0.68083	0.00397	1	0.06323	-0.01320	0.68224	0.00355	1	1.45898	0.81042	0	
1263209	8519.58691	3305995467519	0.49817	0.21566	8519.26562	0.32129	11694	1	0.52807	0.23464	1	0.48323	0.27291	1	0.50565	0.25378	1	0.48161	0.53375	11.16729	1.06647	1	0.74208	0.55365	13.46500	1.06647	1	-0.00459	-0.00909	0.68083	0.00373	1	0.06266	-0.01303	0.67616	0.00374	1	1.45898	0.81042	0	
1263210	8519.59375	3305995530819	0.49855	0.21794	8519.26562	0.32812	11694	1	0.53647	0.32019	1	0.49667	0.30412	1	0.51657	0.31216	1	0.48146	0.53351	11.33065	1.06647	1	0.74241	0.55346	12.24496	1.06647	1	-0.00459	-0.00909	0.68083	0.00355	1	0.06266	-0.01303	0.67616	0.00386	1	1.45898	0.81042	0	
1263211	8519.60059	3305995598215	0.49873	0.21982	8519.26562	0.33496	11694	1	0.53916	0.33415	1	0.47443	0.30113	1	0.50679	0.31764	1	0.48156	0.53347	11.21945	1.06647	1	0.74198	0.55373	13.00239	1.06647	1	-0.00459	-0.00909	0.68083	0.00360	1	0.06266	-0.01303	0.67616	0.00376	1	1.45898	0.81042	0	
1263212	8519.60645	3305995664160	0.49890	0.22156	8519.26562	0.34082	11694	1	0.53832	0.32696	1	0.47507	0.28613	1	0.50670	0.30654	1	0.48147	0.53347	11.21293	1.07555	1	0.74208	0.55339	12.95400	1.08424	1	-0.00466	-0.00932	0.69785	0.00365	1	0.06512	-0.01353	0.70203	0.00368	1	1.45898	0.81042	0	
1263213	8519.61328	3305995732076	0.49881	0.22077	8519.26562	0.34766	11694	1	0.51773	0.11388	1	0.47381	0.24200	1	0.49577	0.17794	1	0.48130	0.53141	12.00457	1.09332	1	0.74201	0.55334	12.89202	1.10200	1	-0.00466	-0.00932	0.69785	0.00245	1	0.06512	-0.01353	0.70203	0.00373	1	1.45898	0.81042	0	
1263214	8519.62012	3305995796980	0.49874	0.22278	8519.26562	0.35449	11694	1	0.53511	0.31151	1	0.44977	0.31311	1	0.49244	0.31231	1	0.48151	0.53351	11.32042	1.11109	1	0.74198	0.55358	13.07572	1.11977	1	-0.00466	-0.00932	0.69785	0.00356	1	0.06512	-0.01353	0.70203	0.00377	1	1.45898	0.81042	0	
1263215	8519.62695	3305995864828	0.50063	0.25353	8519.26562	0.35449	11694	0	0.53432	0.30473	1	0.44977	0.31311	1	0.49205	0.30892	1	0.48129	0.53138	11.84262	1.11977	1	0.74225	0.55315	12.38919	1.11977	1	-0.00452	-0.00914	0.68475	0.00247	1	0.06378	-0.01324	0.68706	0.00382	1	1.45898	0.81042	0	
1263216	8519.63379	3305995931910	0.49847	0.26677	8519.26562	0.35449	11694	0	0.52907	0.29493	1	0.46356	0.26508	1	0.49631	0.28000	1	0.48147	0.53369	12.00929	1.11068	1	0.74214	0.55330	12.52836	1.10200	1	-0.00452	-0.00914	0.68475	0.00357	1	0.06378	-0.01324	0.68706	0.00382	1	1.45898	0.81042	0	
1263217	8519.64062	3305995999221	0.49529	0.24208	8519.26562	0.35449	11694	0	0.51475	0.10528	1	0.46310	0.28016	1	0.48893	0.19272	1	0.48132	0.53130	11.82532	1.09292	1	0.74214	0.55330	12.52836	1.08424	1	-0.00452	-0.00914	0.68475	0.00248	1	0.06378	-0.01324	0.68706	0.00381	1	1.45898	0.81042	0	
1263218	8519.64746	3305996065648	0.49388	0.23381	8519.62695	0.02051	11695	1	0.51668	0.12276	1	0.46264	0.29524	1	0.48966	0.20900	1	0.48140	0.53134	11.54796	1.07515	1	0.74230	0.55387	12.34823	1.06647	1	-0.00452	-0.00914	0.68475	0.00240	1	0.06378	-0.01314	0.68706	0.00382	1	1.45898	0.81042	0	
1263219	8519.65430	3305996136374	0.49551	0.24708	8519.62695	0.02734	11695	1	0.53545	0.33041	1	0.46857	0.26985	1	0.50201	0.30013	1	0.48141	0.53335	11.33595	1.06647	1	0.74228	0.55306	12.49713	1.06647	1	-0.00452	-0.00914	0.68475	0.00357	1	0.06378	-0.01314	0.68706	0.00366	1	1.45898	0.81042	0	
1263220	8519.66113	3305996203358	0.49242	0.24393	8519.62695	0.03418	11695	1	0.47653	0.13818	1	0.47742	0.31818	1	0.47698	0.22818	1	0.48149	0.53132	11.63774	1.06647	1	0.74240	0.55327	12.46716	1.06647	1	-0.00452	-0.00914	0.68475	0.00238	1	0.06378	-0.01314	0.68706	0.00360	1	1.45898	0.81042	0	
1263221	8519.66797	3305996270331	0.49021	0.24168	8519.62695	0.04102	11695	1	0.47653	0.13818	1	0.47742	0.31818	1	0.47698	0.22818	1	0.48145	0.53125	11.83810	1.06647	1	0.74244	0.55289	12.42138	1.06647	1	-0.00452	-0.00914	0.68475	0.00244	1	0.06378	-0.01314	0.68706	0.00372	1	1.45898	0.81042	0	
1263222	8519.67383	3305996337349	0.48952	0.24744	8519.62695	0.04688	11695	1	0.51390	0.32390	1	0.45537	0.25157	1	0.48464	0.28773	1	0.48187	0.53345	12.08210	1.06647	1	0.74244	0.55276	12.45018	1.06647	1	-0.00452	-0.00914	0.68475	0.00364	1	0.06378	-0.01314	0.68706	0.00366	1	1.45898	0.81042	0	
1263223	8519.68066	3305996404169	0.48709	0.24263	8519.62695	0.05371	11695	1	0.47930	0.14116	1	0.45610	0.26714	1	0.46770	0.20415	1	0.48149	0.53148	12.11177	1.06647	1	0.74243	0.55278	12.52223	1.06647	1	-0.00452	-0.00914	0.68475	0.00245	1	0.06378	-0.01314	0.68706	0.00369	1	1.45898	0.81042	0	
1263224	8519.68750	3305996471218	0.48510	0.23794	8519.62695	0.06055	11695	1	0.47805	0.13227	1	0.45628	0.25919	1	0.46716	0.19573	1	0.48163	0.53148	12.26930	1.07555	1	0.74289	0.55282	12.61505	1.07555	1	-0.00461	-0.00943	0.70663	0.00236	1	0.06291	-0.01299	0.67664	0.00364	1	1.45898	0.81042	0	
1263225	8519.69434	3305996538179	0.48425	0.23263	8519.62695	0.06738	11695	1	0.48567	0.12315	1	0.46576	0.23591	1	0.47572	0.17953	1	0.48166	0.53135	11.94344	1.08464	1	0.74261	0.55291	12.16232	1.08464	1	-0.00461	-0.00943	0.70663	0.00237	1	0.06291	-0.01299	0.67664	0.00363	1	1.45898	0.81042	0	
1263226	8519.70117	3305996605284	0.48372	0.22968	8519.62695	0.07422	11695	1	0.49199	0.10981	1	0.46384	0.28471	1	0.47792	0.19726	1	0.48162	0.53138	11.97931	1.09373	1	0.74266	0.55338	13.16108	1.09373	1	-0.00461	-0.00943	0.70663	0.00238	1	0.06291	-0.01299	0.67664	0.00370	1	1.45898	0.81042	0	
1263227	8519.70801	3305996672150	0.48327	0.22719	8519.62695	0.08105	11695	1	0.49199	0.10981	1	0.46384	0.28471	1	0.47792	0.19726	1	0.48176	0.53152	11.78188	1.09373	1	0.74256	0.55351	13.26609	1.09373	1	-0.00439	-0.00908	0.68045	0.00244	1	0.06355	-0.01317	0.68345	0.00367	1	1.45898	0.81042	0	
1263228	8519.71484	3305996739269	0.48341	0.22423	8519.62695	0.08789	11695	1	0.48942	0.12391	1	0.48104	0.24761	1	0.48523	0.18576	1	0.48174	0.53139	11.68300	1.08464	1	0.74291	0.55334	12.91264	1.08464	1	-0.00439	-0.00908	0.68045	0.00242	1	0.06355	-0.01317	0.68345	0.00382	1	1.45898	0.81042	0	
1263229	8519.72070	3305996806384	0.48400	0.22083	8519.62695	0.09375	11695	1	0.49710	0.12573	1	0.48747	0.22072	1	0.49228	0.17323	1	0.48179	0.53134	11.69880	1.07555	1	0.74294	0.55352	12.53113	1.07555	1	-0.00439	-0.00908	0.68045	0.00239	1	0.06355	-0.01317	0.68345	0.00377	1	1.45898	0.81042	0	
1263230	8519.72754	3305996873697	0.48454	0.21839	8519.62695	0.10059	11695	1	0.49823	0.13466	1	0.48703	0.22901	1	0.49263	0.18184	1	0.48184	0.53137	11.87770	1.06647	1	0.74315	0.55333	12.42703	1.06647	1	-0.00439	-0.00908	0.68045	0.00237	1	0.06349	-0.01319	0.68173	0.00370	1	1.45898	0.81042	0	
1263231	8519.73438	3305996939936	0.48548	0.21813	8519.62695	0.10742	11695	1	0.50332	0.15462	1	0.49777	0.27321	1	0.50055	0.21391	1	0.48184	0.53147	12.29490	1.06647	1	0.74314	0.55372	12.35225	1.06647	1	-0.00439	-0.00908	0.68045	0.00240	1	0.06349	-0.01319	0.68173	0.00384	1	1.45898	0.81042	0	
1263232	8519.74121	3305997007064	0.48673	0.21543	8519.62695	0.11426	11695	1	0.50229	0.10682	1	0.51353	0.23241	1	0.50791	0.16961	1	0.48194	0.53145	11.73233	1.06647	1	0.74339	0.55346	11.87984	1.06647	1	-0.00439	-0.00908	0.68045	0.00240	1	0.06349	-0.01319	0.68173	0.00406	1	1.45898	0.81042	0	
1263233	8519.74805	3305997074140	0.48785	0.21302	8519.62695	0.12109	11695	1	0.50229	0.10682	1	0.51353	0.23241	1	0.50791	0.16961	1	0.48206	0.53131	12.23383	1.06647	1	0.74322	0.55380	12.65090	1.06647	1	-0.00428	-0.00908	0.68009	0.00245	1	0.06349	-0.01319	0.68173	0.00395	1	1.45898	0.81042	0	
1263234	8519.75488	3305997141395	0.48802	0.21267	8519.62695	0.12793	11695	1	0.51685	0.13246	1	0.46583	0.27954	1	0.49134	0.20600	1	0.48210	0.53133	12.24482	1.06647	1	0.74303	0.55398	12.81521	1.06647	1	-0.00428	-0.00908	0.68009	0.00245	1	0.06349	-0.01319	0.68173	0.00377	1	1.45898	0.81042	0	
1263235	8519.76172	3305997207875	0.48852	0.21197	8519.62695	0.13477	11695	1	0.51100	0.14847	1	0.48586	0.24747	1	0.49843	0.19797	1	0.48200	0.53146	12.08405	1.06647	1	0.74324	0.55350	12.49061	1.06647	1	-0.00428	-0.00908	0.68009	0.00241	1	0.06349	-0.01319	0.68173	0.00398	1	1.45898	0.81042	0	
1263236	8519.76758	3305997274648	0.48897	0.21133	8519.62695	0.14062	11695	1	0.51100	0.14847	1	0.48586	0.24747	1	0.49843	0.19797	1	0.48215	0.53149	11.47664	1.06647	1	0.74318	0.55371	12.44422	1.06647	1	-0.00428	-0.00908	0.68009	0.00242	1	0.06349	-0.01319	0.68173	0.00391	1	1.45898	0.81042	0	
1263237	8519.77441	3305997342741	0.48853	0.20913	8519.62695	0.14746	11695	1	0.48369	0.10602	1	0.47417	0.21542	1	0.47893	0.16072	1	0.48228	0.53155	11.32835	1.06647	1	0.74312	0.55329	12.36890	1.06647	1	-0.00428	-0.00908	0.68009	0.00249	1	0.06349	-0.01319	0.68173	0.00400	1	1.45898	0.81042	0	
1263238	8519.78125	3305997408849	0.48829	0.20834	8519.62695	0.15430	11695	1	0.48507	0.16016	1	0.48039	0.22014	1	0.48273	0.19015	1	0.48220	0.53158	11.29116	1.06647	1	0.74330	0.55342	12.09704	1.06647	1	-0.00428	-0.00908	0.68009	0.00245	1	0.06349	-0.01319	0.68173	0.00392	1	1.45898	0.81042	0	
1263239	8519.78809	3305997476288	0.48807	0.20761	8519.62695	0.16113	11695	1	0.48507	0.16016	1	0.48039	0.22014	1	0.48273	0.19015	1	0.48270	0.53148	11.67897	1.06647	1	0.74343	0.55384	13.17991	1.06647	1	-0.00411	-0.00893	0.66925	0.00251	1	0.06349	-0.01319	0.68173	0.00380	1	1.45898	0.81042	0	
1263240	8519.79492	3305997539630	0.48862	0.20880	8519.62695	0.16797	11695	1	0.53279	0.14827	1	0.47202	0.32890	1	0.50240	0.23858	1	0.48293	0.53138	11.12030	1.06647	1	0.74317	0.55385	12.17352	1.06647	1	-0.00411	-0.00893	0.66925	0.00222	1	0.06349	-0.01319	0.68173	0.00371	1	1.45898	0.81042	0	
1263241	8519.80176	3305997608522	0.48864	0.20618	8519.62695	0.17480	11695	1	0.48975	0.03529	1	0.48875	0.24048	1	0.48925	0.13788	1	0.48277	0.52969	6.88721	1.06647	1	0.74335	0.55274	10.11459	1.06647	1	-0.00411	-0.00893	0.66925	0.00179	1	0.06349	-0.01319	0.68173	0.00377	1	1.45898	0.81042	0	
1263242	8519.80859	3305997677039	0.48864	0.20618	8519.62695	0.18164	11695	1	0.48975	0.03529	0	0.48875	0.24048	0	0.48925	0.13788	0	0.48277	0.52969	6.88721	1.06647	0	0.74335	0.55274	10.11459	1.06647	0	-0.00411	-0.00893	0.66925	0.00179	1	0.06349	-0.01319	0.68173	0.00377	1	1.45898	0.81042	0	
1263243	8519.81445	3305997741370	0.48864	0.20618	8519.62695	0.18750	11695	1	0.48975	0.03529	0	0.48875	0.24048	0	0.48925	0.13788	0	0.48277	0.52969	6.88721	1.06647	0	0.74335	0.55274	10.11459	1.06647	0	-0.00411	-0.00893	0.66925	0.00179	1	0.06349	-0.01319	0.68173	0.00377	1	1.45898	0.81042	0	
1263244	8519.82129	3305997811367	0.48864	0.20618	8519.62695	0.19434	11695	1	0.48975	0.03529	0	0.48875	0.24048	0	0.48925	0.13788	0	0.48277	0.52969	6.88721	1.06647	0	0.74335	0.55274	10.11459	1.06647	0	-0.00411	-0.00893	0.66925	0.00179	1	0.06349	-0.01319	0.68173	0.00377	1	1.45898	0.81042	0	
1263245	8519.82812	3305997877491	0.49444	0.18787	8519.62695	0.19434	11695	0	0.48975	0.03529	0	0.48875	0.24048	0	0.48925	0.13788	0	0.48277	0.52969	6.88721	1.06647	0	0.74335	0.55274	10.11459	1.06647	0	-0.00411	-0.00893	0.66925	0.00179	1	0.06349	-0.01319	0.68173	0.00377	1	1.45898	0.81042	0	
1263246	8519.83496	3305997944535	0.49444	0.18787	8519.62695	0.19434	11695	0	0.48975	0.03529	0	0.48875	0.24048	0	0.48925	0.13788	0	0.48277	0.52969	6.88721	1.06647	0	0.74335	0.55274	10.11459	1.06647	0	-0.00411	-0.00893	0.66925	0.00179	1	0.06349	-0.01319	0.68173	0.00377	1	1.45898	0.81042	0	
1263247	8519.84082	3305998005597	0.49444	0.18787	8519.62695	0.19434	11695	0	0.48975	0.03529	0	0.48875	0.24048	0	0.48925	0.13788	0	0.48277	0.52969	6.88721	1.06647	0	0.74335	0.55274	10.11459	1.06647	0	-0.00411	-0.00893	0.66925	0.00179	1	0.06349	-0.01319	0.68173	0.00377	1	1.45898	0.81042	0	
1263248	8519.84863	3305998078850	0.00000	0.00000	8519.62695	0.19434	11695	0	0.48975	0.03529	0	0.48875	0.24048	0	0.48925	0.13788	0	0.48277	0.52969	6.88721	1.06647	0	0.74335	0.55274	10.11459	1.06647	0	-0.00411	-0.00893	0.66925	0.00179	1	0.06349	-0.01319	0.68173	0.00377	1	1.45898	0.81042	0	
1263249	8519.85547	3305998145390	0.00000	0.00000	8519.62695	0.19434	11695	0	0.48975	0.03529	0	0.48875	0.24048	0	0.48925	0.13788	0	0.48277	0.52969	6.88721	1.06647	0	0.74335	0.55274	10.11459	1.06647	0	-0.00411	-0.00893	0.66925	0.00179	1	0.06349	-0.01319	0.68173	0.00377	1	1.45898	0.81042	0	
1263250	8519.86133	3305998212098	0.00000	0.00000	8519.62695	0.19434	11695	0	0.48975	0.03529	0	0.48875	0.24048	0	0.48925	0.13788	0	0.48277	0.52969	6.88721	1.06647	0	0.74335	0.55274	10.11459	1.06647	0	-0.00411	-0.00893	0.66925	0.00179	1	0.06349	-0.01319	0.68173	0.00377	1	1.45898	0.81042	0	
1263251	8519.86816	3305998274985	0.00000	0.00000	8519.62695	0.19434	11695	0	0.48975	0.03529	0	0.48875	0.24048	0	0.48925	0.13788	0	0.48277	0.52969	6.88721	1.06647	0	0.74335	0.55274	10.11459	1.06647	0	-0.00411	-0.00893	0.66925	0.00179	1	0.06349	-0.01319	0.68173	0.00377	1	1.45898	0.81042	0	
1263252	8519.87500	3305998343527	0.00000	0.00000	8519.62695	0.19434	11695	0	0.48975	0.03529	0	0.48875	0.24048	0	0.48925	0.13788	0	0.48277	0.52969	6.88721	1.06647	0	0.74335	0.55274	10.11459	1.06647	0	-0.00411	-0.00893	0.66925	0.00179	1	0.06349	-0.01319	0.68173	0.00377	1	1.45898	0.81042	0	
1263253	8519.88184	3305998411483	0.00000	0.00000	8519.62695	0.19434	11695	0	0.48975	0.03529	0	0.48875	0.24048	0	0.48925	0.13788	0	0.48277	0.52969	6.88721	1.06647	0	0.74335	0.55274	10.11459	1.06647	0	-0.00411	-0.00893	0.66925	0.00179	1	0.06349	-0.01319	0.68173	0.00377	1	1.45898	0.81042	0	
1263254	8519.88867	3305998477891	0.00000	0.00000	8519.62695	0.19434	11695	0	0.48975	0.03529	0	0.48875	0.24048	0	0.48925	0.13788	0	0.48277	0.52969	6.88721	1.06647	0	0.74335	0.55274	10.11459	1.06647	0	-0.00411	-0.00893	0.66925	0.00179	1	0.06349	-0.01319	0.68173	0.00377	1	1.45898	0.81042	0	
1263255	8519.89453	3305998544715	0.00000	0.00000	8519.62695	0.19434	11695	0	0.48975	0.03529	0	0.48875	0.24048	0	0.48925	0.13788	0	0.48277	0.52969	6.88721	1.06647	0	0.74335	0.55274	10.11459	1.06647	0	-0.00411	-0.00893	0.66925	0.00179	1	0.06349	-0.01319	0.68173	0.00377	1	1.45898	0.81042	0	
1263256	8519.90234	3305998614183	0.00000	0.00000	8519.62695	0.19434	11695	0	0.48975	0.03529	0	0.48875	0.24048	0	0.48925	0.13788	0	0.48277	0.52969	6.88721	1.06647	0	0.74335	0.55274	10.11459	1.06647	0	-0.00411	-0.00893	0.66925	0.00179	1	0.06349	-0.01319	0.68173	0.00377	1	1.45898	0.81042	0	
1263257	8519.90820	3305998678793	0.00000	0.00000	8519.62695	0.19434	11695	0	0.48975	0.03529	0	0.48875	0.24048	0	0.48925	0.13788	0	0.48277	0.52969	6.88721	1.06647	0	0.74335	0.55274	10.11459	1.06647	0	-0.00411	-0.00893	0.66925	0.00179	1	0.06349	-0.01319	0.68173	0.00377	1	1.45898	0.81042	0	
1263258	8519.91504	3305998746074	0.00000	0.00000	8519.62695	0.19434	11695	0	0.48975	0.03529	0	0.48875	0.24048	0	0.48925	0.13788	0	0.48277	0.52969	6.88721	1.06647	0	0.74335	0.55274	10.11459	1.06647	0	-0.00411	-0.00893	0.66925	0.00179	1	0.06349	-0.01319	0.68173	0.00377	1	1.45898	0.81042	0	
1263259	8519.92188	3305998812139	0.00000	0.00000	8519.62695	0.19434	11695	0	0.48975	0.03529	0	0.48875	0.24048	0	0.48925	0.13788	0	0.48277	0.52969	6.88721	1.06647	0	0.74335	0.55274	10.11459	1.06647	0	-0.00411	-0.00893	0.66925	0.00179	1	0.06349	-0.01319	0.68173	0.00377	1	1.45898	0.81042	0	
1263260	8519.92871	3305998882566	0.00000	0.00000	8519.62695	0.19434	11695	0	0.48975	0.03529	0	0.48875	0.24048	0	0.48925	0.13788	0	0.48277	0.52969	6.88721	1.06647	0	0.74335	0.55274	10.11459	1.06647	0	-0.00411	-0.00893	0.66925	0.00179	1	0.06349	-0.01319	0.68173	0.00377	1	1.45898	0.81042	0	
1263261	8519.93555	3305998949484	0.00000	0.00000	8519.62695	0.19434	11695	0	0.48975	0.03529	0	0.48875	0.24048	0	0.48925	0.13788	0	0.48277	0.52969	6.88721	1.06647	0	0.74335	0.55274	10.11459	1.06647	0	-0.00411	-0.00893	0.66925	0.00179	1	0.06349	-0.01319	0.68173	0.00377	1	1.45898	0.81042	0	
1263262	8519.94238	3305999016479	0.00000	0.00000	8519.62695	0.19434	11695	0	0.48975	0.03529	0	0.48875	0.24048	0	0.48925	0.13788	0	0.48277	0.52969	6.88721	1.06647	0	0.74335	0.55274	10.11459	1.06647	0	-0.00411	-0.00893	0.66925	0.00179	1	0.06349	-0.01319	0.68173	0.00377	1	1.45898	0.81042	0	
1263263	8519.94922	3305999083601	0.00000	0.00000	8519.62695	0.19434	11695	0	0.48975	0.03529	0	0.48875	0.24048	0	0.48925	0.13788	0	0.48277	0.52969	6.88721	1.06647	0	0.74335	0.55274	10.11459	1.06647	0	-0.00411	-0.00893	0.66925	0.00179	1	0.06349	-0.01319	0.68173	0.00377	1	1.45898	0.81042	0	
1263264	8519.95508	3305999150605	0.00000	0.00000	8519.62695	0.19434	11695	0	0.48975	0.03529	0	0.48875	0.24048	0	0.48925	0.13788	0	0.48277	0.52969	6.88721	1.06647	0	0.74335	0.55274	10.11459	1.06647	0	-0.00411	-0.00893	0.66925	0.00179	1	0.06349	-0.01319	0.68173	0.00377	1	1.45898	0.81042	0	
1263265	8519.96191	3305999217419	0.00000	0.00000	8519.62695	0.19434	11695	0	0.48975	0.03529	0	0.48875	0.24048	0	0.48925	0.13788	0	0.48277	0.52969	6.88721	1.06647	0	0.74335	0.55274	10.11459	1.06647	0	-0.00411	-0.00893	0.66925	0.00179	1	0.06349	-0.01319	0.68173	0.00377	1	1.45898	0.81042	0	
1263266	8519.96875	3305999284844	0.00000	0.00000	8519.62695	0.19434	11695	0	0.48975	0.03529	0	0.48875	0.24048	0	0.48925	0.13788	0	0.48277	0.52969	6.88721	1.06647	0	0.74335	0.55274	10.11459	1.06647	0	-0.00411	-0.00893	0.66925	0.00179	1	0.06349	-0.01319	0.68173	0.00377	1	1.45898	0.81042	0	
1263267	8519.97559	3305999351403	0.00000	0.00000	8519.62695	0.19434	11695	0	0.48975	0.03529	0	0.48875	0.24048	0	0.48925	0.13788	0	0.48277	0.52969	6.88721	1.06647	0	0.74335	0.55274	10.11459	1.06647	0	-0.00411	-0.00893	0.66925	0.00179	1	0.06349	-0.01319	0.68173	0.00377	1	1.45898	0.81042	0	
1263268	8519.98242	3305999418427	0.00000	0.00000	8519.62695	0.19434	11695	0	0.48975	0.03529	0	0.48875	0.24048	0	0.48925	0.13788	0	0.48277	0.52969	6.88721	1.06647	0	0.74335	0.55274	10.11459	1.06647	0	-0.00411	-0.00893	0.66925	0.00179	1	0.06349	-0.01319	0.68173	0.00377	1	1.45898	0.81042	0	
1263269	8519.98926	3305999485333	0.48925	0.13788	8519.62695	0.19434	11695	0	0.48975	0.03529	1	0.48875	0.24048	1	0.48925	0.13788	1	0.48335	0.53104	11.11148	1.06647	1	0.74428	0.55420	12.36847	1.06647	1	-0.00399	-0.00901	0.68243	0.00235	1	0.06393	-0.01325	0.68212	0.00373	1	1.45898	0.81042	0	
1263270	8519.99609	3305999552161	0.48736	0.17499	8519.62695	0.19434	11695	0	0.50512	0.12470	1	0.46582	0.29950	1	0.48547	0.21210	1	0.48336	0.53119	11.59929	1.06647	1	0.74421	0.55426	12.20153	1.06647	1	-0.00399	-0.00901	0.68243	0.00225	1	0.06393	-0.01325	0.68212	0.00367	1	1.45898	0.81042	0	
1263271	8520.00195	3305999619332	0.49038	0.18907	8519.62695	0.19434	11695	0	0.52460	0.12551	1	0.46821	0.30898	1	0.49640	0.21725	1	0.48329	0.53113	11.11252	1.06647	1	0.74422	0.55415	12.17643	1.06647	1	-0.00399	-0.00901	0.68243	0.00230	1	0.06393	-0.01325	0.68212	0.00371	1	1.45898	0.81042	0	
1263272	8520.00879	3305999687116	0.49180	0.19404	8519.98926	0.01953	11696	1	0.52366	0.11653	1	0.46849	0.30138	1	0.49607	0.20895	1	0.48329	0.53120	11.34564	1.07555	1	0.74431	0.55439	12.47585	1.07555	1	-0.00415	-0.00925	0.70064	0.00227	1	0.06338	-0.01321	0.67731	0.00359	1	1.45898	0.81042	0	
1263273	8520.01562	3305999752681	0.49118	0.17476	8519.98926	0.02637	11696	1	0.49208	0.10784	1	0.48531	0.08741	1	0.48870	0.09763	1	0.48328	0.53117	11.20822	1.08464	1	0.74440	0.55215	12.34843	1.08464	1	-0.00415	-0.00925	0.70064	0.00229	1	0.06338	-0.01321	0.67731	0.00259	1	1.45898	0.81042	0	
1263274	8520.02246	3305999820391	0.49084	0.16081	8519.98926	0.03320	11696	1	0.48983	0.10758	1	0.48849	0.07447	1	0.48916	0.09103	1	0.48320	0.53127	11.39235	1.09373	1	0.74451	0.55195	12.07216	1.09373	1	-0.00415	-0.00925	0.70064	0.00231	1	0.06338	-0.01321	0.67731	0.00259	1	1.45898	0.81042	0	
1263275	8520.02930	3305999887438	0.49060	0.15084	8519.98926	0.04004	11696	1	0.48983	0.10758	1	0.48849	0.07447	1	0.48916	0.09103	1	0.48325	0.53129	11.50882	1.09373	1	0.74456	0.55206	12.18518	1.09373	1	-0.00399	-0.00901	0.68243	0.00231	1	0.06327	-0.01316	0.67501	0.00257	1	1.45898	0.81042	0	
1263276	8520.03613	3305999953832	0.49106	0.14180	8519.98926	0.04688	11696	1	0.49719	0.11281	1	0.49134	0.04427	1	0.49426	0.07854	1	0.48331	0.53132	11.31177	1.08464	1	0.74446	0.55219	12.72352	1.08464	1	-0.00399	-0.00901	0.68243	0.00228	1	0.06327	-0.01316	0.67501	0.00256	1	1.45898	0.81042	0	
1263277	8520.04297	3306000021243	0.49243	0.13720	8519.98926	0.05371	11696	1	0.51862	0.12755	1	0.48818	0.07318	1	0.50340	0.10036	1	0.48327	0.53127	11.18890	1.07555	1	0.74447	0.55223	12.54690	1.07555	1	-0.00399	-0.00901	0.68243	0.00228	1	0.06327	-0.01316	0.67501	0.00261	1	1.45898	0.81042	0	
1263278	8520.04883	3306000088280	0.49355	0.13443	8519.98926	0.05957	11696	1	0.51959	0.13644	1	0.48774	0.08272	1	0.50367	0.10958	1	0.48330	0.53125	11.45620	1.06647	1	0.74461	0.55240	12.56353	1.06647	1	-0.00399	-0.00901	0.68243	0.00225	1	0.06327	-0.01316	0.67501	0.00251	1	1.45898	0.81042	0	
1263279	8520.05566	3306000154615	0.49284	0.13963	8519.98926	0.06641	11696	1	0.49258	0.13750	1	0.47891	0.24567	1	0.48574	0.19159	1	0.48326	0.53137	11.46111	1.06647	1	0.74441	0.55429	12.78120	1.06647	1	-0.00399	-0.00901	0.68243	0.00236	1	0.06327	-0.01316	0.67501	0.00359	1	1.45898	0.81042	0	
1263280	8520.06250	3306000222304	0.49255	0.14519	8519.98926	0.07324	11696	1	0.50132	0.12664	1	0.47731	0.28604	1	0.48931	0.20634	1	0.48333	0.53129	11.45035	1.06647	1	0.74439	0.55449	12.89217	1.06647	1	-0.00399	-0.00901	0.68243	0.00227	1	0.06327	-0.01316	0.67501	0.00353	1	1.45898	0.81042	0	
1263281	8520.06934	3306000289148	0.49229	0.15015	8519.98926	0.08008	11696	1	0.50132	0.12664	1	0.47701	0.29261	1	0.48916	0.20963	1	0.48344	0.53130	11.31707	1.06647	1	0.74441	0.55396	12.44406	1.05881	1	-0.00392	-0.00889	0.66996	0.00236	1	0.06173	-0.01285	0.65914	0.00374	1	1.45898	0.81042	0	
1263282	8520.07617	3306000353659	0.49206	0.15383	8519.98926	0.08691	11696	1	0.49771	0.15047	1	0.48043	0.25286	1	0.48907	0.20167	1	0.48335	0.53134	11.48056	1.05881	1	0.74443	0.55390	12.37254	1.05115	1	-0.00392	-0.00889	0.66996	0.00237	1	0.06173	-0.01285	0.65914	0.00383	1	1.45898	0.81042	0	
1263283	8520.08203	3306000420242	0.49211	0.15110	8519.98926	0.09277	11696	1	0.49740	0.12987	1	0.48828	0.09597	1	0.49284	0.11292	1	0.48330	0.53148	11.19665	1.05115	1	0.74450	0.55230	12.54286	1.04349	1	-0.00392	-0.00889	0.66996	0.00236	1	0.06173	-0.01285	0.65914	0.00248	1	1.45898	0.81042	0	
1263284	8520.08887	3306000486848	0.49218	0.14921	8519.98926	0.09961	11696	1	0.49837	0.13754	1	0.48790	0.10409	1	0.49313	0.12081	1	0.48330	0.53134	11.52566	1.04349	1	0.74456	0.55238	12.51864	1.03583	1	-0.00392	-0.00889	0.66996	0.00233	1	0.06173	-0.01295	0.65914	0.00256	1	1.45898	0.81042	0	
1263285	8520.09570	3306000554770	0.49256	0.14717	8519.98926	0.10645	11696	1	0.50372	0.11848	1	0.49362	0.11077	1	0.49867	0.11462	1	0.48335	0.53140	11.69393	1.03583	1	0.74458	0.55236	12.43716	1.03583	1	-0.00392	-0.00889	0.66996	0.00233	1	0.06173	-0.01295	0.65914	0.00256	1	1.45898	0.81042	0	
1263286	8520.10254	3306000624065	0.49478	0.15036	8519.98926	0.11328	11696	1	0.56892	0.29153	1	0.49607	0.11762	1	0.53249	0.20458	1	0.48392	0.53354	11.20326	1.03583	1	0.74452	0.55240	12.61156	1.03583	1	-0.00392	-0.00889	0.66996	0.00406	1	0.06173	-0.01295	0.65914	0.00255	1	1.45898	0.81042	0	
1263287	8520.10938	3306000691066	0.49676	0.15321	8519.98926	0.12012	11696	1	0.56892	0.29153	1	0.49607	0.11762	1	0.53249	0.20458	1	0.48395	0.53404	11.18135	1.03583	1	0.74448	0.55248	13.06430	1.03583	1	-0.00392	-0.00889	0.66996	0.00386	1	0.06173	-0.01295	0.65914	0.00252	1	1.45898	0.81042	0	
1263288	8520.11621	3306000757775	0.49689	0.15257	8519.98926	0.12695	11696	1	0.50853	0.14441	1	0.49017	0.13642	1	0.49935	0.14041	1	0.48331	0.53150	11.30958	1.03583	1	0.74455	0.55244	12.76559	1.03583	1	-0.00392	-0.00889	0.66996	0.00233	1	0.06173	-0.01295	0.65914	0.00256	1	1.45898	0.81042	0	
1263289	8520.12305	3306000823373	0.49739	0.15347	8519.98926	0.13379	11696	1	0.52773	0.14269	1	0.48708	0.20021	1	0.50741	0.17145	1	0.48333	0.53167	11.15003	1.03583	1	0.74445	0.55335	12.65256	1.03583	1	-0.00392	-0.00889	0.66996	0.00237	1	0.06173	-0.01295	0.65914	0.00373	1	1.45898	0.81042	0	
1263290	8520.12988	3306000891618	0.49784	0.15372	8519.98926	0.14062	11696	1	0.52679	0.13359	1	0.48790	0.18400	1	0.50735	0.15880	1	0.48365	0.53403	12.10953	1.04492	1	0.74406	0.55397	12.20354	1.05258	1	-0.00415	-0.00935	0.70064	0.00385	1	0.06338	-0.01331	0.67731	0.00376	1	1.45898	0.81042	0	
1263291	8520.13672	3306000958443	0.49894	0.15542	8519.98926	0.14746	11696	1	0.53992	0.26632	1	0.50595	0.11964	1	0.52294	0.19298	1	0.48350	0.53329	11.93806	1.06166	1	0.74439	0.55265	13.23690	1.06932	1	-0.00415	-0.00935	0.70064	0.00412	1	0.06338	-0.01331	0.67731	0.00258	1	1.45898	0.81042	0	
1263292	8520.14258	3306001025621	0.49821	0.15591	8519.98926	0.15332	11696	1	0.48806	0.11180	1	0.47517	0.22231	1	0.48162	0.16705	1	0.48321	0.53167	11.48107	1.07841	1	0.74397	0.55413	12.45897	1.08607	1	-0.00415	-0.00935	0.70064	0.00241	1	0.06338	-0.01331	0.67731	0.00377	1	1.45898	0.81042	0	
1263293	8520.14941	3306001093428	0.49754	0.15606	8519.98926	0.16016	11696	1	0.48707	0.10419	1	0.47545	0.21540	1	0.48126	0.15980	1	0.48308	0.53164	11.32357	1.08607	1	0.74424	0.55259	12.73590	1.09373	1	-0.00399	-0.00911	0.68243	0.00235	1	0.06349	-0.01335	0.67958	0.00254	1	1.45898	0.81042	0	
1263294	8520.15625	3306001160421	0.49846	0.15683	8519.98926	0.16699	11696	1	0.53664	0.27803	1	0.50676	0.07417	1	0.52170	0.17610	1	0.48347	0.53356	11.81884	1.08464	1	0.74436	0.55240	13.28767	1.08464	1	-0.00399	-0.00911	0.68243	0.00405	1	0.06349	-0.01335	0.67958	0.00256	1	1.45898	0.81042	0	
1263295	8520.16309	3306001227034	0.49871	0.15479	8519.98926	0.17383	11696	1	0.50530	0.11774	1	0.50507	0.08566	1	0.50519	0.10170	1	0.48309	0.53168	11.96243	1.07555	1	0.74438	0.55238	13.15781	1.07555	1	-0.00399	-0.00911	0.68243	0.00241	1	0.06349	-0.01335	0.67958	0.00256	1	1.45898	0.81042	0	
1263296	8520.16992	3306001293902	0.49894	0.15252	8519.98926	0.18066	11696	1	0.50409	0.10746	1	0.50573	0.07486	1	0.50491	0.09116	1	0.48301	0.53169	11.97295	1.08594	1	0.74400	0.55405	12.31156	1.08594	1	-0.00437	-0.00973	0.72872	0.00238	1	0.06349	-0.01335	0.67958	0.00414	1	1.45898	0.81042	0	
1263297	8520.17676	3306001360854	0.49930	0.15533	8519.98926	0.18750	11696	1	0.53451	0.29896	1	0.48460	0.16934	1	0.50956	0.23415	1	0.48349	0.53400	11.87205	1.10541	1	0.74407	0.55365	12.33488	1.10541	1	-0.00437	-0.00973	0.72872	0.00395	1	0.06349	-0.01335	0.67958	0.00369	1	1.45898	0.81042	0	
1263298	8520.18262	3306001425869	0.49893	0.15472	8519.98926	0.19336	11696	1	0.49495	0.07955	1	0.48116	0.19428	1	0.48805	0.13691	1	0.48300	0.53178	11.83285	1.12488	1	0.74407	0.55402	12.26886	1.12488	1	-0.00437	-0.00973	0.72872	0.00239	1	0.06349	-0.01335	0.67958	0.00393	1	1.45898	0.81042	0	
1263299	8520.19043	3306001495085	0.49856	0.15387	8519.98926	0.20117	11696	1	0.49386	0.07064	1	0.48152	0.18614	1	0.48769	0.12839	1	0.48316	0.53200	11.75850	1.13396	1	0.74424	0.55341	12.17230	1.13396	1	-0.00415	-0.00935	0.70064	0.00244	1	0.06349	-0.01335	0.67958	0.00403	1	1.45898	0.81042	0	
1263300	8520.19629	3306001559476	0.49873	0.15729	8519.98926	0.20703	11696	1	0.51907	0.32881	1	0.48855	0.19748	1	0.50381	0.26314	1	0.48319	0.53441	11.41775	1.12358	1	0.74398	0.55400	13.13303	1.12358	1	-0.00415	-0.00935	0.70064	0.00378	1	0.06349	-0.01335	0.67958	0.00375	1	1.45898	0.81042	0	
1263301	8520.20312	3306001628811	0.49858	0.15704	8519.98926	0.21387	11696	1	0.50113	0.08431	1	0.48625	0.21410	1	0.49369	0.14921	1	0.48303	0.53170	11.93958	1.11320	1	0.74406	0.55422	12.98415	1.11320	1	-0.00415	-0.00935	0.70064	0.00240	1	0.06349	-0.01335	0.67958	0.00366	1	1.45898	0.81042	0	
1263302	8520.20996	3306001696333	0.49845	0.15735	8519.98926	0.22070	11696	1	0.50340	0.10350	1	0.48537	0.23139	1	0.49439	0.16745	1	0.48317	0.53381	11.45454	1.09373	1	0.74411	0.55416	12.37230	1.09373	1	-0.00399	-0.00911	0.68243	0.00390	1	0.06349	-0.01335	0.67958	0.00387	1	1.45898	0.81042	0	
1263303	8520.21680	3306001763137	0.49851	0.15597	8519.98926	0.22754	11696	1	0.50559	0.13827	1	0.49525	0.07980	1	0.50042	0.10903	1	0.48308	0.53191	12.28918	1.08464	1	0.74420	0.55239	12.48670	1.08464	1	-0.00399	-0.00911	0.68243	0.00237	1	0.06349	-0.01335	0.67958	0.00256	1	1.45898	0.81042	0	
1263304	8520.22363	3306001831103	0.49857	0.15440	8519.98926	0.23438	11696	1	0.51487	0.13192	1	0.48659	0.06726	1	0.50073	0.09959	1	0.48304	0.53188	11.60114	1.07555	1	0.74414	0.55239	12.36005	1.07555	1	-0.00399	-0.00911	0.68243	0.00236	1	0.06349	-0.01335	0.67958	0.00259	1	1.45898	0.81042	0	
1263305	8520.23047	3306001896151	0.49863	0.15292	8519.98926	0.24121	11696	1	0.51487	0.13192	1	0.48659	0.06726	1	0.50073	0.09959	1	0.48317	0.53179	12.02182	1.07555	1	0.74420	0.55444	12.46895	1.07555	1	-0.00415	-0.00935	0.70064	0.00233	1	0.06349	-0.01335	0.67958	0.00397	1	1.45898	0.81042	0	
1263306	8520.23633	3306001960939	0.49877	0.15391	8519.98926	0.24707	11696	1	0.52538	0.14643	1	0.48288	0.23487	1	0.50413	0.19065	1	0.48321	0.53195	11.68942	1.08464	1	0.74410	0.55392	12.05297	1.08464	1	-0.00415	-0.00935	0.70064	0.00235	1	0.06349	-0.01335	0.67958	0.00406	1	1.45898	0.81042	0	
1263307	8520.24414	3306002031921	0.49898	0.15258	8519.98926	0.25488	11696	1	0.51138	0.11445	1	0.50220	0.08937	1	0.50679	0.10191	1	0.48317	0.53179	12.02182	1.09373	1	0.74432	0.55256	12.14417	1.09373	1	-0.00415	-0.00935	0.70064	0.00233	1	0.06349	-0.01335	0.67958	0.00257	1	1.45898	0.81042	0	
1263308	8520.25000	3306002098766	0.49918	0.15120	8519.98926	0.26074	11696	1	0.51138	0.11445	1	0.50272	0.08052	1	0.50705	0.09748	1	0.48328	0.53200	11.89613	1.09373	1	0.74431	0.55255	12.45487	1.10241	1	-0.00392	-0.00899	0.66996	0.00232	1	0.06551	-0.01377	0.70056	0.00255	1	1.45898	0.81042	0	
1263309	8520.25684	3306002165602	0.49919	0.15204	8519.98926	0.26758	11696	1	0.51804	0.32715	1	0.48131	0.04425	1	0.49968	0.18570	1	0.48353	0.53442	10.69692	1.09332	1	0.74437	0.55269	12.58326	1.10200	1	-0.00392	-0.00899	0.66996	0.00385	1	0.06551	-0.01377	0.70056	0.00250	1	1.45898	0.81042	0	
1263310	8520.26367	3306002232332	0.49917	0.15266	8519.98926	0.27441	11696	1	0.51617	0.33490	1	0.47994	0.02129	1	0.49805	0.17809	1	0.48354	0.53435	10.75838	1.09292	1	0.74431	0.55270	12.78253	1.10160	1	-0.00392	-0.00899	0.66996	0.00376	1	0.06551	-0.01377	0.70056	0.00257	1	1.45898	0.81042	0	
1263311	8520.27051	3306002297594	0.49914	0.15337	8519.98926	0.28125	11696	1	0.51621	0.33521	1	0.47957	0.03102	1	0.49789	0.18312	1	0.48361	0.53386	10.70784	1.09251	1	0.74439	0.55282	12.91079	1.09251	1	-0.00399	-0.00911	0.68243	0.00399	1	0.06338	-0.01331	0.67731	0.00255	1	1.45898	0.81042	0	
1263312	8520.27734	3306002365740	0.49918	0.15155	8519.98926	0.28809	11696	1	0.50046	0.10032	1	0.50148	0.04649	1	0.50097	0.07341	1	0.48347	0.53170	11.35537	1.09251	1	0.74460	0.55265	12.00995	1.08383	1	-0.00399	-0.00911	0.68243	0.00228	1	0.06338	-0.01331	0.67731	0.00253	1	1.45898	0.81042	0	
1263313	8520.28320	3306002430203	0.49899	0.15049	8519.98926	0.29395	11696	1	0.51112	0.14043	1	0.47033	0.06681	1	0.49073	0.10362	1	0.48352	0.53193	11.66169	1.08383	1	0.74455	0.55264	12.06761	1.07515	1	-0.00399	-0.00911	0.68243	0.00225	1	0.06338	-0.01331	0.67731	0.00248	1	1.45898	0.81042	0	
1263314	8520.29004	3306002496320	0.49882	0.14966	8519.98926	0.30078	11696	1	0.51209	0.14877	1	0.47005	0.07596	1	0.49107	0.11237	1	0.48371	0.53361	10.57732	1.07515	1	0.74458	0.55281	12.37765	1.06647	1	-0.00399	-0.00911	0.68243	0.00390	1	0.06393	-0.01345	0.68212	0.00255	1	1.45898	0.81042	0	
1263315	8520.29688	3306002560225	0.49837	0.14896	8519.98926	0.30762	11696	1	0.48185	0.14173	1	0.47399	0.09179	1	0.47792	0.11676	1	0.48363	0.53178	11.42698	1.06647	1	0.74454	0.55281	12.46429	1.06647	1	-0.00399	-0.00911	0.68243	0.00230	1	0.06393	-0.01345	0.68212	0.00250	1	1.45898	0.81042	0	
1263316	8520.30371	3306002629066	0.49811	0.14787	8519.98926	0.31445	11696	1	0.49420	0.13582	1	0.47759	0.05716	1	0.48590	0.09649	1	0.48364	0.53185	11.36533	1.06647	1	0.74459	0.55265	11.97735	1.06647	1	-0.00399	-0.00911	0.68243	0.00223	1	0.06393	-0.01345	0.68212	0.00255	1	1.45898	0.81042	0	
1263317	8520.31055	3306002701307	0.49804	0.14681	8519.98926	0.32129	11696	1	0.49305	0.12690	1	0.47795	0.04741	1	0.48550	0.08716	1	0.48389	0.53187	11.39786	1.07555	1	0.74488	0.55284	11.80062	1.07555	1	-0.00408	-0.00944	0.70717	0.00221	1	0.06327	-0.01326	0.67501	0.00245	1	1.45898	0.81042	0	
1263318	8520.31738	3306002768253	0.49828	0.14449	8519.98926	0.32812	11696	1	0.49642	0.13599	1	0.49780	0.06533	1	0.49711	0.10066	1	0.48385	0.53193	11.28194	1.08464	1	0.74499	0.55289	12.09462	1.08464	1	-0.00408	-0.00944	0.70717	0.00232	1	0.06327	-0.01326	0.67501	0.00242	1	1.45898	0.81042	0	
1263319	8520.32422	3306002832937	0.49841	0.14176	8519.98926	0.33496	11696	1	0.50346	0.11158	1	0.50215	0.06091	1	0.50281	0.08624	1	0.48386	0.53176	10.85059	1.09373	1	0.74496	0.55279	11.88444	1.09373	1	-0.00408	-0.00944	0.70717	0.00232	1	0.06327	-0.01326	0.67501	0.00242	1	1.45898	0.81042	0	
1263320	8520.33008	3306002898200	0.49856	0.13937	8519.98926	0.34082	11696	1	0.50440	0.11942	1	0.50167	0.06929	1	0.50304	0.09435	1	0.48407	0.53164	11.05781	1.08571	1	0.74507	0.55287	12.11372	1.08571	1	-0.00372	-0.00884	0.66182	0.00231	1	0.06327	-0.01326	0.67501	0.00249	1	1.45898	0.81042	0	
1263321	8520.33691	3306002965554	0.49556	0.11194	8519.98926	0.34082	11696	0	0.52314	0.12231	1	0.50822	0.09961	1	0.51568	0.11096	1	0.48410	0.53182	11.27471	1.06861	1	0.74509	0.55305	12.68614	1.06861	1	-0.00372	-0.00884	0.66182	0.00233	1	0.06327	-0.01326	0.67501	0.00248	1	1.45898	0.81042	0	
1263322	8520.34375	3306003032471	0.48947	0.12372	8519.98926	0.34082	11696	0	0.48743	0.15130	1	0.47934	0.11971	1	0.48338	0.13550	1	0.48388	0.53178	11.04814	1.05150	1	0.74508	0.55287	12.28647	1.05150	1	-0.00372	-0.00884	0.66182	0.00225	1	0.06327	-0.01326	0.67501	0.00245	1	1.45898	0.81042	0	
1263323	8520.35059	3306003101406	0.48758	0.13069	8519.98926	0.34082	11696	0	0.48865	0.16021	1	0.47897	0.12906	1	0.48381	0.14464	1	0.48393	0.53171	10.95602	1.04242	1	0.74534	0.55275	11.65552	1.04242	1	-0.00380	-0.00915	0.68504	0.00223	1	0.06291	-0.01317	0.67009	0.00250	1	1.45898	0.81042	0	
1263324	8520.35742	3306003169453	0.48923	0.12791	8520.33691	0.02051	11697	1	0.49411	0.14641	1	0.49421	0.09272	1	0.49416	0.11957	1	0.48400	0.53170	10.75395	1.05044	1	0.74532	0.55270	11.89530	1.05044	1	-0.00380	-0.00915	0.68504	0.00232	1	0.06291	-0.01317	0.67009	0.00248	1	1.45898	0.81042	0	
1263325	8520.36426	3306003236214	0.48952	0.12504	8520.33691	0.02734	11697	1	0.49372	0.13502	1	0.48764	0.09214	1	0.49068	0.11358	1	0.48404	0.53167	10.80890	1.05845	1	0.74529	0.55278	11.71268	1.05845	1	-0.00380	-0.00915	0.68504	0.00233	1	0.06291	-0.01317	0.67009	0.00252	1	1.45898	0.81042	0	
1263326	8520.37109	3306003303388	0.48966	0.12177	8520.33691	0.03418	11697	1	0.49269	0.12708	1	0.48803	0.08373	1	0.49036	0.10541	1	0.48434	0.53152	10.94267	1.06647	1	0.74528	0.55271	11.87159	1.06647	1	-0.00380	-0.00915	0.68504	0.00226	1	0.06291	-0.01317	0.67009	0.00250	1	1.45898	0.81042	0	
1263327	8520.37695	3306003367696	0.49116	0.11836	8520.33691	0.04004	11697	1	0.51015	0.11813	1	0.49015	0.07769	1	0.50015	0.09791	1	0.48427	0.53148	10.91359	1.06647	1	0.74530	0.55274	11.71056	1.06647	1	-0.00380	-0.00915	0.68504	0.00223	1	0.06291	-0.01317	0.67009	0.00256	1	1.45898	0.81042	0	
1263328	8520.38379	3306003434585	0.49254	0.11362	8520.33691	0.04688	11697	1	0.51611	0.09958	1	0.48828	0.06124	1	0.50220	0.08041	1	0.48432	0.53153	10.93992	1.06647	1	0.74528	0.55271	11.87159	1.06647	1	-0.00380	-0.00915	0.68504	0.00227	1	0.06291	-0.01317	0.67009	0.00250	1	1.45898	0.81042	0	
1263329	8520.39062	3306003503885	0.49361	0.10993	8520.33691	0.05371	11697	1	0.51611	0.09958	1	0.48828	0.06124	1	0.50220	0.08041	1	0.48429	0.53148	10.78857	1.06647	1	0.74538	0.55265	11.97735	1.06647	1	-0.00382	-0.00913	0.68776	0.00226	1	0.06346	-0.01326	0.67490	0.00255	1	1.45898	0.81042	0	
1263330	8520.39746	3306003570419	0.49292	0.10851	8520.33691	0.06055	11697	1	0.48771	0.15237	1	0.48568	0.03917	1	0.48670	0.09577	1	0.48432	0.53146	10.97280	1.06647	1	0.74548	0.55243	11.82319	1.06647	1	-0.00382	-0.00913	0.68776	0.00226	1	0.06346	-0.01326	0.67490	0.00252	1	1.45898	0.81042	0	
1263331	8520.40430	3306003638254	0.49234	0.11063	8520.33691	0.06738	11697	1	0.48993	0.15016	1	0.48324	0.11350	1	0.48658	0.13183	1	0.48432	0.53142	10.92358	1.06647	1	0.74552	0.55257	11.97371	1.06647	1	-0.00382	-0.00913	0.68776	0.00227	1	0.06346	-0.01326	0.67490	0.00245	1	1.45898	0.81042	0	
1263332	8520.41113	3306003705389	0.49183	0.11165	8520.33691	0.07422	11697	1	0.48875	0.14136	1	0.48364	0.10423	1	0.48619	0.12279	1	0.48448	0.53118	10.64903	1.07555	1	0.74568	0.55227	11.90998	1.07555	1	-0.00389	-0.00944	0.71109	0.00229	1	0.06403	-0.01333	0.68099	0.00237	1	1.45898	0.81042	0	
1263333	8520.41699	3306003769932	0.49166	0.10901	8520.33691	0.08008	11697	1	0.49526	0.11045	1	0.48397	0.04443	1	0.48962	0.07744	1	0.48454	0.53129	10.89997	1.08464	1	0.74550	0.55233	11.87386	1.08464	1	-0.00389	-0.00944	0.71109	0.00215	1	0.06403	-0.01333	0.68099	0.00242	1	1.45898	0.81042	0	
1263334	8520.42480	3306003839142	0.49202	0.10718	8520.33691	0.08789	11697	1	0.50403	0.12099	1	0.48946	0.04566	1	0.49675	0.08333	1	0.48453	0.53118	10.96037	1.09373	1	0.74563	0.55228	12.10438	1.09373	1	-0.00389	-0.00944	0.71109	0.00219	1	0.06403	-0.01333	0.68099	0.00236	1	1.45898	0.81042	0	
1263335	8520.43066	3306003905753	0.49234	0.10559	8520.33691	0.09375	11697	1	0.50403	0.12099	1	0.48946	0.04566	1	0.49675	0.08333	1	0.48459	0.53106	11.12026	1.09373	1	0.74587	0.55204	11.38612	1.09373	1	-0.00367	-0.00898	0.68049	0.00221	1	0.06403	-0.01323	0.68099	0.00239	1	1.45898	0.81042	0	
1263336	8520.43750	3306003973319	0.49263	0.10644	8520.33691	0.10059	11697	1	0.50232	0.13129	1	0.49184	0.10696	1	0.49708	0.11912	1	0.48456	0.53101	10.63892	1.08464	1	0.74571	0.55217	11.41291	1.08464	1	-0.00367	-0.00898	0.68049	0.00226	1	0.06403	-0.01323	0.68099	0.00247	1	1.45898	0.81042	0	
1263337	8520.44434	3306004040190	0.49322	0.10684	8520.33691	0.10742	11697	1	0.50567	0.12635	1	0.49962	0.10041	1	0.50264	0.11338	1	0.48462	0.53098	10.41957	1.07555	1	0.74583	0.55210	11.44961	1.07555	1	-0.00367	-0.00898	0.68049	0.00221	1	0.06403	-0.01323	0.68099	0.00240	1	1.45898	0.81042	0	
1263338	8520.45117	3306004107123	0.49376	0.10771	8520.33691	0.11426	11697	1	0.50674	0.13527	1	0.49908	0.10973	1	0.50291	0.12250	1	0.48465	0.53068	10.77593	1.06647	1	0.74592	0.55184	11.65152	1.06647	1	-0.00362	-0.00901	0.69027	0.00224	1	0.06485	-0.01338	0.68858	0.00233	1	1.45898	0.81042	0	
1263339	8520.45801	3306004174134	0.49365	0.10750	8520.33691	0.12109	11697	1	0.49791	0.13949	1	0.48543	0.06774	1	0.49167	0.10361	1	0.48483	0.53082	10.56395	1.06647	1	0.74602	0.55174	12.27738	1.06647	1	-0.00362	-0.00901	0.69027	0.00222	1	0.06485	-0.01338	0.68858	0.00235	1	1.45898	0.81042	0	
1263340	8520.46484	3306004240858	0.49310	0.10777	8520.33691	0.12793	11697	1	0.49013	0.13719	1	0.47525	0.08860	1	0.48269	0.11290	1	0.48470	0.53074	10.72189	1.06647	1	0.74595	0.55187	11.53061	1.06647	1	-0.00362	-0.00901	0.69027	0.00226	1	0.06485	-0.01338	0.68858	0.00245	1	1.45898	0.81042	0	
1263341	8520.47168	3306004308054	0.49260	0.10820	8520.33691	0.13477	11697	1	0.49013	0.13719	1	0.47497	0.09659	1	0.48255	0.11689	1	0.48483	0.53043	10.68342	1.06647	1	0.74618	0.55174	11.58269	1.05881	1	-0.00362	-0.00901	0.69027	0.00223	1	0.06185	-0.01270	0.65619	0.00244	1	1.45898	0.81042	0	
1263342	8520.47754	3306004373740	0.49286	0.10828	8520.33691	0.14062	11697	1	0.50736	0.10347	1	0.48906	0.11632	1	0.49821	0.10989	1	0.48496	0.53041	10.59136	1.05881	1	0.74608	0.55192	12.49697	1.05115	1	-0.00362	-0.00901	0.69027	0.00224	1	0.06185	-0.01270	0.65619	0.00240	1	1.45898	0.81042	0	
1263343	8520.48438	3306004440023	0.49206	0.11268	8520.33691	0.14746	11697	1	0.50036	0.14385	1	0.44893	0.27528	1	0.47465	0.20956	1	0.48488	0.53051	10.87931	1.05115	1	0.74591	0.55369	12.09496	1.04349	1	-0.00362	-0.00901	0.69027	0.00216	1	0.06185	-0.01270	0.65619	0.00356	1	1.45898	0.81042	0	
1263344	8520.49121	3306004509059	0.49136	0.11688	8520.33691	0.15430	11697	1	0.50131	0.15142	1	0.44893	0.27528	1	0.47512	0.21335	1	0.48494	0.53040	10.53162	1.04349	1	0.74628	0.55150	11.64744	1.04349	1	-0.00362	-0.00890	0.69027	0.00224	1	0.06369	-0.01306	0.67516	0.00235	1	1.45898	0.81042	0	
1263345	8520.49805	3306004572327	0.49125	0.11702	8520.33691	0.16113	11697	1	0.50035	0.13757	1	0.47679	0.10326	1	0.48857	0.12041	1	0.48495	0.53020	10.97590	1.04349	1	0.74630	0.55140	11.73188	1.05115	1	-0.00362	-0.00890	0.69027	0.00225	1	0.06369	-0.01306	0.67516	0.00241	1	1.45898	0.81042	0	
1263346	8520.50488	3306004642058	0.49115	0.11701	8520.33691	0.16797	11697	1	0.48901	0.14829	1	0.48823	0.08556	1	0.48862	0.11692	1	0.48507	0.53027	10.86680	1.05115	1	0.74644	0.55126	11.86381	1.05881	1	-0.00362	-0.00890	0.69027	0.00220	1	0.06369	-0.01306	0.67516	0.00239	1	1.45898	0.81042	0	
1263347	8520.51172	3306004708664	0.49103	0.11638	8520.33691	0.17480	11697	1	0.48679	0.13181	1	0.48906	0.06789	1	0.48792	0.09985	1	0.48526	0.53002	10.50243	1.06790	1	0.74649	0.55117	11.35635	1.07555	1	-0.00371	-0.00925	0.71729	0.00220	1	0.06503	-0.01329	0.68940	0.00241	1	1.45898	0.81042	0	
1263348	8520.51855	3306004776836	0.49105	0.11437	8520.33691	0.18164	11697	1	0.48628	0.07795	1	0.49736	0.04216	1	0.49182	0.06006	1	0.48514	0.52991	10.68282	1.08464	1	0.74662	0.55121	11.79020	1.08464	1	-0.00371	-0.00925	0.71729	0.00217	1	0.06503	-0.01329	0.68940	0.00238	1	1.45898	0.81042	0	
1263349	8520.52441	3306004843784	0.49114	0.11306	8520.33691	0.18750	11697	1	0.49458	0.10507	1	0.49265	0.04784	1	0.49361	0.07646	1	0.48525	0.53020	10.85611	1.09373	1	0.74651	0.55123	11.88443	1.09373	1	-0.00371	-0.00925	0.71729	0.00218	1	0.06503	-0.01329	0.68940	0.00239	1	1.45898	0.81042	0	
1263350	8520.53125	3306004911386	0.49122	0.11138	8520.33691	0.19434	11697	1	0.49346	0.09612	1	0.49356	0.02908	1	0.49351	0.06260	1	0.48537	0.52984	10.68521	1.10281	1	0.74679	0.55111	11.24806	1.11149	1	-0.00357	-0.00916	0.71010	0.00219	1	0.06582	-0.01339	0.69722	0.00240	1	1.45898	0.81042	0	
1263351	8520.53809	3306004977728	0.49128	0.11008	8520.33691	0.20117	11697	1	0.50900	0.08453	1	0.47732	0.05796	1	0.49316	0.07125	1	0.48551	0.52983	10.78809	1.11149	1	0.74671	0.55116	11.24682	1.12017	1	-0.00357	-0.00916	0.71010	0.00222	1	0.06582	-0.01339	0.69722	0.00244	1	1.45898	0.81042	0	
1263352	8520.54492	3306005044726	0.49100	0.10800	8520.33691	0.20801	11697	1	0.47853	0.03611	1	0.48606	0.05067	1	0.48230	0.04339	1	0.48549	0.52980	10.85730	1.12017	1	0.74673	0.55109	11.25338	1.12885	1	-0.00357	-0.00916	0.71010	0.00222	1	0.06582	-0.01339	0.69722	0.00245	1	1.45898	0.81042	0	
1263353	8520.55176	3306005111918	0.49073	0.10619	8520.33691	0.21484	11697	1	0.47858	0.03653	1	0.48566	0.05994	1	0.48212	0.04823	1	0.48556	0.52975	10.85423	1.11977	1	0.74687	0.55103	11.51968	1.11977	1	-0.00339	-0.00874	0.68566	0.00219	1	0.06486	-0.01311	0.68546	0.00242	1	1.45898	0.81042	0	
1263354	8520.55859	3306005179054	0.49052	0.10520	8520.33691	0.22168	11697	1	0.49461	0.08629	1	0.47203	0.05867	1	0.48332	0.07248	1	0.48559	0.52982	10.65513	1.11068	1	0.74699	0.55103	12.01203	1.10200	1	-0.00339	-0.00874	0.68566	0.00221	1	0.06486	-0.01311	0.68546	0.00241	1	1.45898	0.81042	0	
1263355	8520.56543	3306005245577	0.49022	0.10434	8520.33691	0.22852	11697	1	0.48451	0.11079	1	0.47551	0.03974	1	0.48001	0.07526	1	0.48556	0.52980	10.71631	1.09292	1	0.74699	0.55109	11.82091	1.08424	1	-0.00339	-0.00874	0.68566	0.00220	1	0.06486	-0.01311	0.68546	0.00242	1	1.45898	0.81042	0	
1263356	8520.57129	3306005312832	0.48715	0.07837	8520.33691	0.22852	11697	0	0.48684	0.12823	1	0.47486	0.05876	1	0.48085	0.09350	1	0.48580	0.52980	10.65551	1.07515	1	0.74722	0.55118	11.88338	1.06647	1	-0.00339	-0.00874	0.68566	0.00223	1	0.06486	-0.01311	0.68546	0.00237	1	1.45898	0.81042	0	
1263357	8520.57812	3306005379869	0.49213	0.08192	8520.33691	0.22852	11697	0	0.50846	0.12522	1	0.48576	0.04572	1	0.49711	0.08547	1	0.48581	0.52976	10.73094	1.06647	1	0.74707	0.55099	11.63414	1.06647	1	-0.00339	-0.00874	0.68566	0.00223	1	0.06486	-0.01311	0.68546	0.00252	1	1.45898	0.81042	0	
1263358	8520.58496	3306005446768	0.49438	0.08719	8520.33691	0.22852	11697	0	0.50159	0.13849	1	0.49618	0.05699	1	0.49888	0.09774	1	0.48573	0.52973	10.66803	1.06647	1	0.74739	0.55110	11.26074	1.06647	1	-0.00339	-0.00874	0.68566	0.00219	1	0.06486	-0.01311	0.68546	0.00253	1	1.45898	0.81042	0	
1263359	8520.59180	3306005513719	0.49557	0.08866	8520.57129	0.02051	11698	1	0.50159	0.13849	1	0.49666	0.04765	1	0.49913	0.09307	1	0.48589	0.52974	10.52081	1.06647	1	0.74736	0.55106	11.27476	1.07515	1	-0.00339	-0.00874	0.68566	0.00222	1	0.06615	-0.01336	0.69845	0.00242	1	1.45898	0.81042	0	
1263360	8520.59863	3306005580322	0.49442	0.09358	8520.57129	0.02734	11698	1	0.48636	0.13446	1	0.49327	0.09205	1	0.48981	0.11325	1	0.48596	0.52990	10.85730	1.07515	1	0.74727	0.55112	11.42669	1.08383	1	-0.00339	-0.00874	0.68566	0.00224	1	0.06615	-0.01336	0.69845	0.00245	1	1.45898	0.81042	0	
1263361	8520.60547	3306005647790	0.49391	0.09239	8520.57129	0.03418	11698	1	0.48817	0.11642	1	0.49463	0.05643	1	0.49140	0.08643	1	0.48601	0.52974	10.85656	1.08383	1	0.74728	0.55092	11.98501	1.09251	1	-0.00339	-0.00874	0.68566	0.00219	1	0.06615	-0.01336	0.69845	0.00243	1	1.45898	0.81042	0	
1263362	8520.61230	3306005714763	0.49340	0.08745	8520.57129	0.04102	11698	1	0.48454	0.08871	1	0.49612	0.02688	1	0.49033	0.05780	1	0.48611	0.52969	10.84230	1.11198	1	0.74757	0.55115	12.27450	1.12066	1	-0.00350	-0.00931	0.72998	0.00215	1	0.06707	-0.01352	0.70703	0.00232	1	1.45898	0.81042	0	
1263363	8520.61914	3306005782412	0.49404	0.08287	8520.57129	0.04785	11698	1	0.50498	0.07004	1	0.49202	0.03166	1	0.49850	0.05085	1	0.48623	0.52974	10.86480	1.14013	1	0.74770	0.55107	12.23536	1.14013	1	-0.00350	-0.00931	0.72998	0.00224	1	0.06707	-0.01352	0.70703	0.00238	1	1.45898	0.81042	0	
1263364	8520.62500	3306005848014	0.49176	0.07358	8520.57129	0.05371	11698	1	0.46757	0.03819	1	0.47943	-0.03975	1	0.47350	-0.00078	1	0.48611	0.52969	10.84230	1.15960	1	0.74771	0.55103	12.03708	1.15960	1	-0.00350	-0.00931	0.72998	0.00215	1	0.06707	-0.01352	0.70703	0.00239	1	1.45898	0.81042	0	
1263365	8520.63184	3306005913700	0.48991	0.06661	8520.57129	0.06055	11698	1	0.46757	0.03819	1	0.47910	-0.03046	1	0.47334	0.00386	1	0.48641	0.52962	10.89358	1.15960	1	0.74796	0.55098	11.52656	1.15092	1	-0.00315	-0.00864	0.67757	0.00225	1	0.06421	-0.01294	0.67644	0.00248	1	1.45898	0.81042	0	
1263366	8520.63867	3306005982713	0.49010	0.06336	8520.57129	0.06738	11698	1	0.49611	0.05382	1	0.48779	0.00794	1	0.49195	0.03088	1	0.48656	0.52957	10.92754	1.13145	1	0.74792	0.55106	11.89809	1.12277	1	-0.00315	-0.00864	0.67757	0.00225	1	0.06421	-0.01294	0.67644	0.00244	1	1.45898	0.81042	0	
1263367	8520.64551	3306006049645	0.48995	0.06167	8520.57129	0.07422	11698	1	0.49417	0.08398	1	0.48236	0.00220	1	0.48826	0.04309	1	0.48642	0.52964	10.77727	1.10330	1	0.74784	0.55092	11.77247	1.09462	1	-0.00315	-0.00864	0.67757	0.00226	1	0.06421	-0.01294	0.67644	0.00237	1	1.45898	0.81042	0	
1263368	8520.65234	3306006116731	0.48990	0.06251	8520.57129	0.08105	11698	1	0.49763	0.11201	1	0.48116	0.03305	1	0.48939	0.07253	1	0.48686	0.52977	10.81350	1.07515	1	0.74802	0.55119	12.25409	1.06647	1	-0.00315	-0.00864	0.67757	0.00226	1	0.06421	-0.01304	0.67644	0.00239	1	1.45898	0.81042	0	
1263369	8520.65918	3306006183883	0.49061	0.06480	8520.57129	0.08789	11698	1	0.50997	0.12503	1	0.48949	0.06417	1	0.49973	0.09460	1	0.48667	0.52970	10.86551	1.06647	1	0.74804	0.55113	12.04541	1.06647	1	-0.00315	-0.00864	0.67757	0.00221	1	0.06421	-0.01304	0.67644	0.00240	1	1.45898	0.81042	0	
1263370	8520.66504	3306006243746	0.49061	0.06724	8520.57129	0.09375	11698	1	0.49869	0.11607	1	0.48262	0.08665	1	0.49065	0.10136	1	0.48660	0.52962	10.97459	1.06647	1	0.74800	0.55136	11.39216	1.06647	1	-0.00315	-0.00864	0.67757	0.00218	1	0.06421	-0.01304	0.67644	0.00240	1	1.45898	0.81042	0	
1263371	8520.67188	3306006313551	0.49061	0.06937	8520.57129	0.10059	11698	1	0.49869	0.11607	1	0.48262	0.08665	1	0.49065	0.10136	1	0.48661	0.52963	10.93865	1.06647	1	0.74791	0.55295	12.08497	1.06647	1	-0.00315	-0.00864	0.67757	0.00219	1	0.06421	-0.01304	0.67644	0.00366	1	1.45898	0.81042	0	
1263372	8520.67871	3306006381810	0.49161	0.07151	8520.57129	0.10742	11698	1	0.51454	0.12809	1	0.50054	0.08359	1	0.50754	0.10584	1	0.48664	0.52970	11.22727	1.06647	1	0.74812	0.55135	12.09036	1.06647	1	-0.00315	-0.00864	0.67757	0.00222	1	0.06421	-0.01304	0.67644	0.00243	1	1.45898	0.81042	0	
1263373	8520.68555	3306006447716	0.49188	0.07878	8520.57129	0.11426	11698	1	0.51089	0.12357	1	0.48227	0.28118	1	0.49658	0.20237	1	0.48664	0.52963	10.93303	1.06647	1	0.74800	0.55343	12.21111	1.06647	1	-0.00315	-0.00864	0.67757	0.00226	1	0.06421	-0.01304	0.67644	0.00383	1	1.45898	0.81042	0	
1263374	8520.69238	3306006515607	0.49211	0.08502	8520.57129	0.12109	11698	1	0.50986	0.11456	1	0.48233	0.27995	1	0.49609	0.19725	1	0.48665	0.52961	11.02007	1.07556	1	0.74827	0.55144	12.10065	1.06790	1	-0.00321	-0.00894	0.70100	0.00224	1	0.06204	-0.01264	0.65310	0.00240	1	1.45898	0.81042	0	
1263375	8520.69824	3306006582105	0.49221	0.08447	8520.57129	0.12695	11698	1	0.50561	0.10547	1	0.48277	0.04280	1	0.49419	0.07413	1	0.48661	0.52963	11.31390	1.07698	1	0.74826	0.55149	12.21279	1.06932	1	-0.00321	-0.00894	0.70100	0.00226	1	0.06204	-0.01264	0.65310	0.00242	1	1.45898	0.81042	0	
1263376	8520.70508	3306006650211	0.49224	0.08388	8520.57129	0.13379	11698	1	0.49329	0.11266	1	0.49224	0.03114	1	0.49277	0.07190	1	0.48671	0.52971	10.64032	1.07841	1	0.74831	0.55135	11.82105	1.07075	1	-0.00321	-0.00894	0.70100	0.00223	1	0.06204	-0.01264	0.65310	0.00241	1	1.45898	0.81042	0	
1263377	8520.71191	3306006716457	0.49228	0.08350	8520.57129	0.14062	11698	1	0.49426	0.12026	1	0.49224	0.03114	1	0.49325	0.07570	1	0.48675	0.52990	10.86687	1.07075	1	0.74835	0.55167	12.10814	1.07075	1	-0.00315	-0.00864	0.67757	0.00222	1	0.06380	-0.01299	0.67107	0.00242	1	1.45898	0.81042	0	
1263378	8520.71875	3306006783344	0.49231	0.08451	8520.57129	0.14746	11698	1	0.50192	0.15159	1	0.48398	0.06161	1	0.49295	0.10660	1	0.48686	0.53001	11.10321	1.06166	1	0.74835	0.55169	11.82335	1.06932	1	-0.00315	-0.00864	0.67757	0.00224	1	0.06380	-0.01299	0.67107	0.00246	1	1.45898	0.81042	0	
1263379	8520.72559	3306006850293	0.49253	0.08526	8520.57129	0.15430	11698	1	0.50585	0.14033	1	0.48919	0.06469	1	0.49752	0.10251	1	0.48688	0.52978	10.87556	1.06024	1	0.74841	0.55172	11.95008	1.06790	1	-0.00315	-0.00864	0.67757	0.00222	1	0.06380	-0.01299	0.67107	0.00247	1	1.45898	0.81042	0	
1263380	8520.73242	3306006918614	0.49579	0.11147	8520.57129	0.15430	11698	0	0.50602	0.14173	1	0.48912	0.06621	1	0.49757	0.10397	1	0.48686	0.53009	10.97612	1.05881	1	0.74832	0.55182	11.56217	1.06647	1	-0.00315	-0.00874	0.67757	0.00227	1	0.06380	-0.01299	0.67107	0.00244	1	1.45898	0.81042	0	
1263381	8520.73926	3306006987019	0.49238	0.09786	8520.57129	0.15430	11698	0	0.48571	0.08481	1	0.49224	0.08372	1	0.48897	0.08426	1	0.48680	0.53000	10.78364	1.06647	1	0.74837	0.55178	11.73419	1.06647	1	-0.00315	-0.00874	0.67757	0.00226	1	0.06380	-0.01299	0.67107	0.00250	1	1.45898	0.81042	0	
1263382	8520.74609	3306007053912	0.49108	0.10139	8520.57129	0.15430	11698	0	0.48868	0.14088	1	0.48824	0.07599	1	0.48846	0.10843	1	0.48673	0.52998	10.92390	1.06647	1	0.74841	0.55176	11.67010	1.06647	1	-0.00315	-0.00874	0.67757	0.00221	1	0.06380	-0.01299	0.67107	0.00249	1	1.45898	0.81042	0	
1263383	8520.75293	3306007121557	0.49038	0.10416	8520.73242	0.02051	11699	1	0.48868	0.14088	1	0.48787	0.08408	1	0.48828	0.11248	1	0.48664	0.53018	11.10063	1.06647	1	0.74816	0.55423	11.58415	1.05881	1	-0.00315	-0.00874	0.67757	0.00231	1	0.06204	-0.01264	0.65310	0.00369	1	1.45898	0.81042	0	
1263384	8520.75977	3306007188846	0.49440	0.10776	8520.73242	0.02734	11699	1	0.52038	0.13399	1	0.50063	0.11032	1	0.51051	0.12216	1	0.48671	0.53016	10.92379	1.05881	1	0.74833	0.55194	11.90543	1.05115	1	-0.00315	-0.00874	0.67757	0.00234	1	0.06204	-0.01264	0.65310	0.00247	1	1.45898	0.81042	0	
1263385	8520.76562	3306007255018	0.49651	0.11262	8520.73242	0.03320	11699	1	0.50623	0.14744	1	0.50793	0.12647	1	0.50708	0.13695	1	0.48666	0.53033	11.38867	1.05115	1	0.74832	0.55191	11.99629	1.04349	1	-0.00315	-0.00874	0.67757	0.00223	1	0.06204	-0.01264	0.65310	0.00246	1	1.45898	0.81042	0	
1263386	8520.77246	3306007321960	0.49809	0.11664	8520.73242	0.04004	11699	1	0.50714	0.15497	1	0.50793	0.12647	1	0.50754	0.14072	1	0.48665	0.53380	10.49543	1.04349	1	0.74758	0.55445	11.99371	1.04349	1	-0.00318	-0.00899	0.68506	0.00360	1	0.06421	-0.01329	0.67644	0.00349	1	1.45898	0.81042	0	
1263387	8520.77930	3306007389430	0.50024	0.11722	8520.73242	0.04688	11699	1	0.51345	0.13849	1	0.51709	0.10405	1	0.51527	0.12127	1	0.48628	0.53153	10.70165	1.04349	1	0.74765	0.55281	11.55992	1.05115	1	-0.00318	-0.00899	0.68506	0.00232	1	0.06421	-0.01329	0.67644	0.00241	1	1.45898	0.81042	0	
1263388	8520.78613	3306007456286	0.50468	0.10916	8520.73242	0.05371	11699	1	0.51485	0.09176	1	0.56565	-0.00238	1	0.54025	0.04469	1	0.48607	0.53171	10.19801	1.05115	1	0.74771	0.55268	11.49043	1.05881	1	-0.00318	-0.00899	0.68506	0.00237	1	0.06421	-0.01329	0.67644	0.00248	1	1.45898	0.81042	0	
1263389	8520.79297	3306007523249	0.50820	0.10132	8520.73242	0.06055	11699	1	0.51297	0.07440	1	0.56673	-0.01280	1	0.53985	0.03080	1	0.48447	0.53730	11.98284	1.06790	1	0.74477	0.55843	12.00872	1.06790	1	-0.00363	-0.00974	0.70188	0.00319	1	0.06166	-0.01327	0.65522	0.00323	1	1.45898	0.81042	0	
1263390	8520.79980	3306007590278	0.50054	0.13255	8520.73242	0.06738	11699	1	0.44664	0.46744	1	0.40122	0.42230	1	0.42393	0.44487	1	0.48379	0.53810	9.49938	1.07698	1	0.74396	0.55897	11.22959	1.06932	1	-0.00363	-0.00974	0.70188	0.00349	1	0.06166	-0.01327	0.65522	0.00376	1	1.45898	0.81042	0	
1263391	8520.80664	3306007657678	0.49397	0.14790	8520.73242	0.07422	11699	1	0.39986	0.19059	1	0.44358	0.44283	1	0.42172	0.31671	1	0.48336	0.53586	9.44144	1.07841	1	0.74433	0.55903	11.31159	1.07075	1	-0.00363	-0.00974	0.70188	0.00213	1	0.06166	-0.01327	0.65522	0.00377	1	1.45898	0.81042	0	
1263392	8520.81250	3306007724186	0.48853	0.16166	8520.73242	0.08008	11699	1	0.40299	0.20510	1	0.44351	0.44849	1	0.42325	0.32679	1	0.48340	0.54128	11.54763	1.06273	1	0.74346	0.56135	11.22012	1.06273	1	-0.00348	-0.00946	0.65333	0.00290	1	0.06393	-0.01422	0.68212	0.00314	1	1.45898	0.81042	0	
1263393	8520.81934	3306007790460	0.48206	0.19370	8520.73242	0.08691	11699	1	0.43087	0.63866	1	0.36487	0.58187	1	0.39787	0.61027	1	0.48338	0.54133	10.99132	1.04563	1	0.74319	0.56103	11.32020	1.05329	1	-0.00348	-0.00946	0.65333	0.00301	1	0.06393	-0.01422	0.68212	0.00339	1	1.45898	0.81042	0	
1263394	8520.82617	3306007857819	0.47504	0.25121	8520.73242	0.08691	11699	0	0.46894	0.62277	1	0.38091	0.59081	1	0.42493	0.60679	1	0.48366	0.54115	10.97012	1.03619	1	0.74332	0.56118	11.18931	1.04385	1	-0.00348	-0.00946	0.65333	0.00306	1	0.06393	-0.01422	0.68212	0.00343	1	1.45898	0.81042	0	
1263395	8520.83301	3306007924980	0.45037	0.43038	8520.73242	0.08691	11699	0	0.47043	0.62786	1	0.38095	0.59125	1	0.42569	0.60955	1	0.48311	0.54094	10.75978	1.02674	1	0.74348	0.56186	11.76628	1.04308	1	-0.00349	-0.00954	0.65578	0.00320	1	0.06571	-0.01466	0.70048	0.00300	1	1.45898	0.81042	0	
1263396	8520.83984	3306007991987	0.43347	0.50058	8520.73242	0.08691	11699	0	0.44382	0.63189	1	0.35557	0.65007	1	0.39969	0.64098	1	0.48328	0.54131	11.59663	1.04308	1	0.74299	0.56191	11.91140	1.05176	1	-0.00349	-0.00954	0.65578	0.00312	1	0.06571	-0.01466	0.70048	0.00294	1	1.45898	0.81042	0	
1263397	8520.84668	3306008059850	0.40986	0.63137	8520.73242	0.08691	11699	0	0.45730	0.62973	1	0.35111	0.65742	1	0.40421	0.64358	1	0.48361	0.54131	11.41982	1.05176	1	0.74290	0.56206	11.53448	1.06044	1	-0.00349	-0.00954	0.65578	0.00301	1	0.06571	-0.01466	0.70048	0.00298	1	1.45898	0.81042	0	
1263398	8520.85352	3306008126613	0.40547	0.63082	8520.73242	0.08691	11699	0	0.45304	0.61620	1	0.34912	0.64435	1	0.40108	0.63028	1	0.48271	0.54140	10.40046	1.07755	1	0.74283	0.56159	11.53089	1.08623	1	-0.00389	-0.01040	0.71110	0.00295	1	0.06571	-0.01466	0.70048	0.00308	1	1.45898	0.81042	0	
1263399	8520.85938	3306008193321	0.40637	0.62042	8520.73242	0.08691	11699	0	0.43274	0.62791	1	0.38358	0.57131	1	0.40816	0.59961	1	0.48281	0.54143	11.39857	1.10333	1	0.74306	0.56141	10.93061	1.10333	1	-0.00389	-0.01040	0.71110	0.00267	1	0.06571	-0.01466	0.70048	0.00318	1	1.45898	0.81042	0	
1263400	8520.86621	3306008260472	0.40772	0.61659	8520.84668	0.01953	11700	1	0.43290	0.59580	1	0.39065	0.61440	1	0.41178	0.60510	1	0.48290	0.54138	11.03143	1.12043	1	0.74318	0.56187	11.29288	1.12043	1	-0.00389	-0.01040	0.71110	0.00273	1	0.06571	-0.01466	0.70048	0.00302	1	1.45898	0.81042	0	
1263401	8520.87305	3306008326961	0.40823	0.61336	8520.84668	0.02637	11700	1	0.42991	0.58684	1	0.39062	0.61400	1	0.41027	0.60042	1	0.48269	0.54142	11.08111	1.13753	1	0.74292	0.56183	11.58908	1.12119	1	-0.00389	-0.01040	0.71110	0.00275	1	0.06187	-0.01387	0.66060	0.00292	1	1.45898	0.81042	0	
1263402	8520.87988	3306008391833	0.40501	0.61314	8520.84668	0.03320	11700	1	0.41824	0.61315	1	0.35956	0.61094	1	0.38890	0.61205	1	0.48276	0.54137	11.37034	1.12119	1	0.74281	0.56188	11.89949	1.10485	1	-0.00389	-0.01040	0.71110	0.00274	1	0.06187	-0.01387	0.66060	0.00290	1	1.45898	0.81042	0	
1263403	8520.88672	3306008457719	0.40476	0.61249	8520.84668	0.04004	11700	1	0.44088	0.62357	1	0.36565	0.59367	1	0.40326	0.60862	1	0.48304	0.54155	11.00683	1.10485	1	0.74276	0.56156	11.89893	1.08851	1	-0.00389	-0.01040	0.71110	0.00281	1	0.06187	-0.01387	0.66060	0.00307	1	1.45898	0.81042	0	
1263404	8520.89355	3306008527926	0.40478	0.61282	8520.84668	0.04688	11700	1	0.44368	0.63183	1	0.36619	0.59847	1	0.40493	0.61515	1	0.48277	0.54165	11.56071	1.08851	1	0.74273	0.56168	12.05738	1.07983	1	-0.00389	-0.01040	0.71110	0.00279	1	0.06327	-0.01418	0.67501	0.00306	1	1.45898	0.81042	0	
1263405	8520.90039	3306008595228	0.40487	0.61438	8520.84668	0.05371	11700	1	0.44051	0.64834	1	0.37076	0.60531	1	0.40563	0.62682	1	0.48295	0.54172	11.54314	1.07983	1	0.74283	0.56169	12.30961	1.08749	1	-0.00389	-0.01040	0.71110	0.00280	1	0.06327	-0.01418	0.67501	0.00317	1	1.45898	0.81042	0	
1263406	8520.90625	3306008662521	0.40330	0.61630	8520.84668	0.05957	11700	1	0.42180	0.65066	1	0.35647	0.61651	1	0.38913	0.63358	1	0.48267	0.54174	11.45529	1.08749	1	0.74270	0.56171	11.97510	1.09515	1	-0.00389	-0.01040	0.71110	0.00281	1	0.06327	-0.01418	0.67501	0.00315	1	1.45898	0.81042	0	
1263407	8520.91309	3306008726922	0.40212	0.61831	8520.84668	0.06641	11700	1	0.42360	0.65528	1	0.35713	0.62149	1	0.39036	0.63839	1	0.48268	0.54188	11.68517	1.07805	1	0.74273	0.56207	12.08121	1.08571	1	-0.00372	-0.00968	0.66182	0.00281	1	0.06327	-0.01418	0.67501	0.00310	1	1.45898	0.81042	0	
1263408	8520.91992	3306008795629	0.40134	0.62257	8520.84668	0.07324	11700	1	0.41604	0.68341	1	0.36940	0.65540	1	0.39272	0.66941	1	0.48246	0.54205	11.15148	1.06861	1	0.74288	0.56197	12.47578	1.06861	1	-0.00372	-0.00968	0.66182	0.00296	1	0.06327	-0.01418	0.67501	0.00302	1	1.45898	0.81042	0	
1263409	8520.92676	3306008861177	0.40178	0.62548	8520.84668	0.08008	11700	1	0.42362	0.70669	1	0.39040	0.61426	1	0.40701	0.66047	1	0.48255	0.54220	11.83664	1.05150	1	0.74273	0.56214	12.06314	1.05150	1	-0.00372	-0.00968	0.66182	0.00284	1	0.06327	-0.01418	0.67501	0.00316	1	1.45898	0.81042	0	
1263410	8520.93359	3306008929886	0.40231	0.62875	8520.84668	0.08691	11700	1	0.42700	0.71442	1	0.39142	0.62798	1	0.40921	0.67120	1	0.48271	0.54210	11.47220	1.03440	1	0.74266	0.56193	11.84796	1.02674	1	-0.00372	-0.00968	0.66182	0.00293	1	0.06187	-0.01387	0.66060	0.00334	1	1.45898	0.81042	0	
1263411	8520.94043	3306008996863	0.40371	0.63353	8520.84668	0.09375	11700	1	0.46481	0.72484	1	0.38187	0.67619	1	0.42334	0.70051	1	0.48249	0.54220	11.60389	1.02674	1	0.74258	0.56184	11.65006	1.01908	1	-0.00372	-0.00968	0.66182	0.00294	1	0.06187	-0.01387	0.66060	0.00337	1	1.45898	0.81042	0	
1263412	8520.94629	3306009061777	0.40477	0.63645	8520.84668	0.09961	11700	1	0.45816	0.68178	1	0.38307	0.67869	1	0.42061	0.68023	1	0.48270	0.54203	11.12795	1.01908	1	0.74265	0.56201	11.97734	1.01142	1	-0.00372	-0.00968	0.66182	0.00298	1	0.06187	-0.01387	0.66060	0.00331	1	1.45898	0.81042	0	
1263413	8520.95312	3306009128384	0.40568	0.63890	8520.84668	0.10645	11700	1	0.45810	0.68160	1	0.38267	0.67458	1	0.42038	0.67809	1	0.48249	0.54191	11.48253	1.01944	1	0.74285	0.56226	11.58529	1.01944	1	-0.00382	-0.00982	0.67118	0.00288	1	0.06339	-0.01428	0.67743	0.00310	1	1.45898	0.81042	0	
1263414	8520.95996	3306009197691	0.40812	0.63878	8520.84668	0.11328	11700	1	0.50660	0.66181	1	0.39263	0.61182	1	0.44961	0.63681	1	0.48304	0.54212	11.07058	1.02746	1	0.74276	0.56172	11.33450	1.03512	1	-0.00382	-0.00982	0.67118	0.00322	1	0.06339	-0.01428	0.67743	0.00346	1	1.45898	0.81042	0	
1263415	8520.96680	3306009264634	0.40904	0.63838	8520.84668	0.12012	11700	1	0.47813	0.64739	1	0.37290	0.61496	1	0.42551	0.63118	1	0.48250	0.54206	10.88082	1.04313	1	0.74248	0.56182	11.77565	1.05079	1	-0.00382	-0.00982	0.67118	0.00307	1	0.06339	-0.01428	0.67743	0.00326	1	1.45898	0.81042	0	
1263416	8520.97363	3306009331884	0.40974	0.63736	8520.84668	0.12695	11700	1	0.47444	0.63473	1	0.37148	0.60128	1	0.42296	0.61801	1	0.48254	0.54205	11.11940	1.06790	1	0.74257	0.56159	11.85949	1.07556	1	-0.00410	-0.01040	0.71078	0.00306	1	0.06339	-0.01428	0.67743	0.00324	1	1.45898	0.81042	0	
1263417	8520.98047	3306009398867	0.40947	0.63795	8520.84668	0.13379	11700	1	0.42593	0.66224	1	0.38218	0.63695	1	0.40406	0.64959	1	0.48187	0.54216	11.55551	1.08464	1	0.74270	0.56194	11.77230	1.08464	1	-0.00410	-0.01040	0.71078	0.00299	1	0.06339	-0.01428	0.67743	0.00299	1	1.45898	0.81042	0	
1263418	8520.98730	3306009465595	0.40901	0.63780	8520.84668	0.14062	11700	1	0.43754	0.61611	1	0.36128	0.65350	1	0.39941	0.63480	1	0.48216	0.54192	10.76887	1.09373	1	0.74234	0.56207	11.27522	1.09373	1	-0.00410	-0.01040	0.71078	0.00296	1	0.06339	-0.01428	0.67743	0.00302	1	1.45898	0.81042	0	
1263419	8520.99414	3306009532684	0.40854	0.63747	8520.84668	0.14746	11700	1	0.43594	0.61141	1	0.36069	0.64899	1	0.39832	0.63020	1	0.48176	0.54211	11.22624	1.10281	1	0.74211	0.56201	12.14283	1.10281	1	-0.00410	-0.01040	0.71078	0.00302	1	0.06299	-0.01421	0.67420	0.00299	1	1.45898	0.81042	0	
1263420	8521.00000	3306009599496	0.40802	0.63675	8520.84668	0.15332	11700	1	0.43080	0.63303	1	0.36129	0.60729	1	0.39605	0.62016	1	0.48186	0.54195	11.43893	1.10281	1	0.74227	0.56179	12.46624	1.10281	1	-0.00410	-0.01040	0.71078	0.00302	1	0.06299	-0.01421	0.67420	0.00336	1	1.45898	0.81042	0	
1263421	8521.00684	3306009666810	0.40756	0.63812	8520.84668	0.16016	11700	1	0.41132	0.64262	1	0.38181	0.69907	1	0.39657	0.67084	1	0.48173	0.54209	10.75390	1.10281	1	0.74232	0.56244	12.43968	1.10281	1	-0.00410	-0.01040	0.71078	0.00302	1	0.06299	-0.01421	0.67420	0.00306	1	1.45898	0.81042	0	
1263422	8521.01367	3306009733287	0.40722	0.63968	8520.84668	0.16699	11700	1	0.41468	0.65100	1	0.38262	0.70679	1	0.39865	0.67889	1	0.48175	0.54229	11.37146	1.08571	1	0.74195	0.56207	12.14551	1.08571	1	-0.00389	-0.00960	0.65652	0.00296	1	0.06299	-0.01421	0.67420	0.00309	1	1.45898	0.81042	0	
1263423	8521.02051	3306009800682	0.40665	0.63910	8520.84668	0.17383	11700	1	0.42831	0.63730	1	0.35532	0.61047	1	0.39182	0.62389	1	0.48181	0.54192	11.50651	1.06861	1	0.74185	0.56156	12.00382	1.06861	1	-0.00389	-0.00960	0.65652	0.00292	1	0.06299	-0.01421	0.67420	0.00321	1	1.45898	0.81042	0	
1263424	8521.02734	3306009867600	0.40605	0.63917	8520.84668	0.18066	11700	1	0.41725	0.64878	1	0.36257	0.63328	1	0.38991	0.64103	1	0.48167	0.54197	11.08301	1.05150	1	0.74194	0.56191	12.15526	1.05150	1	-0.00389	-0.00960	0.65652	0.00298	1	0.06299	-0.01421	0.67420	0.00302	1	1.45898	0.81042	0	
1263425	8521.03418	3306009934633	0.40558	0.63954	8520.84668	0.18750	11700	1	0.42069	0.65747	1	0.36371	0.64242	1	0.39220	0.64994	1	0.48165	0.54194	11.11285	1.03440	1	0.74194	0.56191	12.15526	1.03440	1	-0.00389	-0.00960	0.65652	0.00297	1	0.06299	-0.01411	0.67420	0.00302	1	1.45898	0.81042	0	
1263426	8521.04102	3306010001656	0.40657	0.64136	8520.84668	0.19434	11700	1	0.46964	0.72803	1	0.40092	0.66037	1	0.43528	0.69420	1	0.48201	0.54209	11.69361	1.03440	1	0.74209	0.56200	12.31185	1.03440	1	-0.00389	-0.00960	0.65652	0.00308	1	0.06299	-0.01411	0.67420	0.00306	1	1.45898	0.81042	0	
1263427	8521.04688	3306010068572	0.40769	0.64283	8520.84668	0.20020	11700	1	0.48570	0.70676	1	0.39702	0.66694	1	0.44136	0.68685	1	0.48235	0.54208	11.38556	1.03440	1	0.74206	0.56198	12.29580	1.03440	1	-0.00389	-0.00960	0.65652	0.00323	1	0.06299	-0.01411	0.67420	0.00304	1	1.45898	0.81042	0	
1263428	8521.05371	3306010134073	0.40870	0.64401	8520.84668	0.20703	11700	1	0.48322	0.69893	1	0.39668	0.66209	1	0.43995	0.68051	1	0.48228	0.54209	11.54745	1.05150	1	0.74213	0.56189	12.41272	1.04385	1	-0.00418	-0.01006	0.68785	0.00318	1	0.06258	-0.01398	0.67037	0.00312	1	1.45898	0.81042	0	
1263429	8521.06055	3306010202189	0.40987	0.64524	8520.84668	0.21387	11700	1	0.49929	0.72945	1	0.39537	0.63975	1	0.44733	0.68460	1	0.48214	0.54211	11.83233	1.06095	1	0.74205	0.56177	12.45881	1.05329	1	-0.00418	-0.01006	0.68785	0.00311	1	0.06258	-0.01398	0.67037	0.00311	1	1.45898	0.81042	0	
1263430	8521.06738	3306010265995	0.41016	0.64561	8520.84668	0.22070	11700	1	0.48062	0.73567	1	0.35934	0.57993	1	0.41998	0.65780	1	0.48192	0.54212	11.82045	1.07039	1	0.74156	0.56146	11.70355	1.06273	1	-0.00418	-0.01006	0.68785	0.00306	1	0.06258	-0.01398	0.67037	0.00306	1	1.45898	0.81042	0	
1263431	8521.07422	3306010335864	0.41041	0.64576	8520.84668	0.22754	11700	1	0.47926	0.73175	1	0.35816	0.57004	1	0.41871	0.65089	1	0.48198	0.54204	11.10657	1.07983	1	0.74150	0.56138	11.78929	1.07983	1	-0.00421	-0.01008	0.69287	0.00312	1	0.06295	-0.01402	0.67483	0.00310	1	1.45898	0.81042	0	
1263432	8521.08008	3306010399355	0.41038	0.64565	8520.84668	0.23340	11700	1	0.45826	0.68578	1	0.36062	0.59786	1	0.40944	0.64182	1	0.48164	0.54162	11.24955	1.07983	1	0.74159	0.56146	12.18120	1.08749	1	-0.00421	-0.01008	0.69287	0.00299	1	0.06295	-0.01402	0.67483	0.00308	1	1.45898	0.81042	0	
1263433	8521.08789	3306010470132	0.41070	0.64548	8520.84668	0.24121	11700	1	0.48453	0.68836	1	0.35949	0.59084	1	0.42201	0.63960	1	0.48187	0.54166	10.97905	1.08749	1	0.74150	0.56167	12.00686	1.09515	1	-0.00421	-0.01008	0.69287	0.00299	1	0.06295	-0.01402	0.67483	0.00306	1	1.45898	0.81042	0	
1263434	8521.09375	3306010533800	0.41099	0.64529	8520.84668	0.24707	11700	1	0.48473	0.68901	1	0.35900	0.58684	1	0.42186	0.63792	1	0.48122	0.54161	11.08068	1.08607	1	0.74143	0.56137	11.88052	1.10241	1	-0.00433	-0.01024	0.70370	0.00285	1	0.06550	-0.01460	0.70278	0.00307	1	1.45898	0.81042	0	
1263435	8521.10059	3306010601793	0.41059	0.64606	8520.84668	0.25391	11700	1	0.40909	0.68083	1	0.38172	0.67020	1	0.39541	0.67552	1	0.48083	0.54163	11.37007	1.09332	1	0.74190	0.56124	11.16226	1.10200	1	-0.00433	-0.01024	0.70370	0.00298	1	0.06550	-0.01460	0.70278	0.00312	1	1.45898	0.81042	0	AUDIO_FILE_OFFSET
1263436	8521.10742	3306010667650	0.41027	0.64641	8520.84668	0.26074	11700	1	0.42034	0.65392	1	0.37531	0.66573	1	0.39782	0.65983	1	0.48099	0.54127	10.93532	1.09292	1	0.74127	0.56124	12.28707	1.10160	1	-0.00433	-0.01024	0.70370	0.00297	1	0.06550	-0.01460	0.70278	0.00294	1	1.45898	0.81042	0	
1263437	8521.11426	3306010735767	0.41000	0.64693	8520.84668	0.26758	11700	1	0.42195	0.65800	1	0.37662	0.67766	1	0.39928	0.66783	1	0.48080	0.54170	11.03215	1.08449	1	0.74131	0.56089	11.69498	1.07684	1	-0.00411	-0.00952	0.66117	0.00290	1	0.06131	-0.01369	0.65892	0.00312	1	1.45898	0.81042	0	
1263438	8521.12109	3306010802513	0.40992	0.64714	8520.84668	0.27441	11700	1	0.42592	0.68689	1	0.38694	0.62522	1	0.40643	0.65606	1	0.48100	0.54144	11.59906	1.06882	1	0.74154	0.56064	11.09163	1.05248	1	-0.00411	-0.00952	0.66117	0.00290	1	0.06131	-0.01369	0.65892	0.00311	1	1.45898	0.81042	0	
1263439	8521.12793	3306010869740	0.40973	0.64710	8520.84668	0.28125	11700	1	0.42989	0.69661	1	0.37337	0.59366	1	0.40163	0.64514	1	0.48096	0.54149	11.57222	1.04446	1	0.74122	0.56081	11.93656	1.02812	1	-0.00411	-0.00952	0.66117	0.00291	1	0.06131	-0.01369	0.65892	0.00301	1	1.45898	0.81042	0	
1263440	8521.13379	3306010936945	0.40959	0.64725	8520.84668	0.28711	11700	1	0.43304	0.70420	1	0.37432	0.60323	1	0.40368	0.65372	1	0.48127	0.54097	11.44422	1.02812	1	0.74109	0.56058	11.51044	1.01178	1	-0.00428	-0.00979	0.68008	0.00283	1	0.06131	-0.01369	0.65892	0.00323	1	1.45898	0.81042	0	
1263592	8522.15234	3306021120549	0.52245	0.40213	8522.01855	0.03320	11704	0	0.51436	0.50332	0	0.52245	0.40213	0	0.52245	0.40213	0	0.48282	0.53212	9.70327	1.06647	0	0.74360	0.55526	10.91311	1.06647	0	-0.00411	-0.00888	0.66925	0.00207	1	0.06291	-0.01322	0.67556	0.00381	1	1.45898	0.81042	0	STOP_TRIAL
1263593	8522.15918	3306021187648	0.00000	0.00000	8522.01855	0.03320	11704	0	0.51436	0.50332	0	0.52245	0.40213	0	0.52245	0.40213	0	0.48282	0.53212	9.70327	1.06647	0	0.74360	0.55526	10.91311	1.06647	0	-0.00411	-0.00888	0.66925	0.00207	1	0.06291	-0.01322	0.67556	0.00381	1	1.45898	0.81042	0	START_TRIAL
1263594	8522.16602	3306021254168	0.00000	0.00000	8522.01855	0.03320	11704	0	0.51436	0.50332	0	0.52245	0.40213	0	0.52245	0.40213	0	0.48282	0.53212	9.70327	1.06647	0	0.74360	0.55526	10.91311	1.06647	0	-0.00411	-0.00888	0.66925	0.00207	1	0.06291	-0.01322	0.67556	0.00381	1	1.45898	0.81042	0	
1263595	8522.17285	3306021321747	0.00000	0.00000	8522.01855	0.03320	11704	0	0.51436	0.50332	0	0.52245	0.40213	0	0.52245	0.40213	0	0.48282	0.53212	9.70327	1.06647	0	0.74360	0.55526	10.91311	1.06647	0	-0.00411	-0.00888	0.66925	0.00207	1	0.06291	-0.01322	0.67556	0.00381	1	1.45898	0.81042	0	
1263596	8522.17969	3306021388581	0.00000	0.00000	8522.01855	0.03320	11704	0	0.51436	0.50332	0	0.52245	0.40213	0	0.52245	0.40213	0	0.48282	0.53212	9.70327	1.06647	0	0.74360	0.55526	10.91311	1.06647	0	-0.00411	-0.00888	0.66925	0.00207	1	0.06291	-0.01322	0.67556	0.00381	1	1.45898	0.81042	0	
1263597	8522.18555	3306021455275	0.00000	0.00000	8522.01855	0.03320	11704	0	0.51436	0.50332	0	0.52245	0.40213	0	0.52245	0.40213	0	0.48282	0.53212	9.70327	1.06647	0	0.74360	0.55526	10.91311	1.06647	0	-0.00411	-0.00888	0.66925	0.00207	1	0.06291	-0.01322	0.67556	0.00381	1	1.45898	0.81042	0	
1263598	8522.19238	3306021522372	0.29569	0.24772	8522.01855	0.03320	11704	0	0.51436	0.50332	0	0.59138	0.49544	1	0.59138	0.49544	1	0.48927	0.53843	10.34103	1.06647	0	0.48927	0.53843	10.34103	1.06647	1	-0.00411	-0.00888	0.66925	0.00207	1	0.06291	-0.01322	0.67556	0.00342	1	1.45898	0.81042	0	
1263599	8522.19922	3306021589789	0.59138	0.49544	8522.01855	0.03320	11704	0	0.51436	0.50332	0	0.59138	0.49544	1	0.59138	0.49544	1	0.48927	0.53843	10.34103	1.06647	0	0.48918	0.53851	10.32935	1.06647	1	-0.00411	-0.00888	0.66925	0.00207	1	-0.00329	-0.00968	0.68622	0.00325	1	1.45898	0.81042	0	
1263600	8522.20605	3306021656385	0.59284	0.50920	8522.01855	0.03320	11704	0	0.51436	0.50332	0	0.59429	0.52296	1	0.59429	0.52296	1	0.48927	0.53843	10.34103	1.06647	0	0.48939	0.53889	10.46309	1.06647	1	-0.00411	-0.00888	0.66925	0.00207	1	-0.00329	-0.00968	0.68622	0.00327	1	1.45898	0.81042	0	
1263601	8522.21289	3306021723567	0.62965	0.52568	8522.01855	0.03320	11704	0	0.74019	0.50584	1	0.66636	0.61146	1	0.70328	0.55865	1	0.48926	0.53875	10.34545	1.06647	1	0.74955	0.56029	10.25369	1.06647	1	-0.00411	-0.00888	0.66925	0.00319	1	-0.00329	-0.00968	0.68622	0.00376	1	1.45898	0.81042	0	
1263602	8522.21973	3306021787978	0.64839	0.53258	8522.19922	0.02051	11705	1	0.74088	0.50018	1	0.66829	0.60634	1	0.70458	0.55326	1	0.48938	0.53907	10.46816	1.07556	1	0.74956	0.55997	10.18968	1.07556	1	-0.00336	-0.01009	0.71151	0.00326	1	0.06486	-0.01393	0.68546	0.00375	1	1.45898	0.81042	0	
1263603	8522.22656	3306021857052	0.65246	0.53428	8522.19922	0.02734	11705	1	0.67840	0.48102	1	0.65912	0.60115	1	0.66876	0.54109	1	0.48907	0.53863	10.48515	1.08464	1	0.74976	0.56038	10.84421	1.08464	1	-0.00336	-0.01009	0.71151	0.00319	1	0.06486	-0.01393	0.68546	0.00374	1	1.45898	0.81042	0	
1263604	8522.23340	3306021924668	0.65364	0.53276	8522.19922	0.03418	11705	1	0.68586	0.46679	1	0.63322	0.58351	1	0.65954	0.52515	1	0.48915	0.53860	10.30311	1.09373	1	0.74972	0.56025	10.58499	1.09373	1	-0.00336	-0.01009	0.71151	0.00318	1	0.06486	-0.01393	0.68546	0.00367	1	1.45898	0.81042	0	
1263605	8522.23926	3306021991406	0.65462	0.53088	8522.19922	0.04004	11705	1	0.68612	0.46093	1	0.63482	0.57829	1	0.66047	0.51961	1	0.48933	0.53893	10.18705	1.10281	1	0.75005	0.55988	10.64750	1.10281	1	-0.00336	-0.01009	0.71151	0.00328	1	0.06486	-0.01398	0.68546	0.00390	1	1.45898	0.81042	0	
1263606	8522.24609	3306022058285	0.65737	0.52764	8522.19922	0.04688	11705	1	0.68116	0.47884	1	0.67207	0.53112	1	0.67662	0.50498	1	0.48906	0.53867	10.15309	1.10281	1	0.75023	0.55956	10.83875	1.10281	1	-0.00336	-0.01009	0.71151	0.00317	1	0.06486	-0.01398	0.68546	0.00394	1	1.45898	0.81042	0	
1263607	8522.25293	3306022123437	0.64515	0.51996	8522.19922	0.05371	11705	1	0.68116	0.47884	0	0.54740	0.45854	1	0.54740	0.45854	1	0.48906	0.53867	10.15309	1.10281	0	0.48927	0.53859	9.84498	1.10281	1	-0.00336	-0.01009	0.71151	0.00317	1	0.06486	-0.01398	0.68546	0.00324	1	1.45898	0.81042	0	
1263608	8522.25977	3306022193040	0.63546	0.51323	8522.19922	0.06055	11705	1	0.68116	0.47884	0	0.54826	0.45265	1	0.54826	0.45265	1	0.48906	0.53867	10.15309	1.10281	0	0.48932	0.53856	9.88994	1.11149	1	-0.00336	-0.01009	0.71151	0.00317	1	-0.00331	-0.00999	0.70075	0.00327	1	1.45898	0.81042	0	
1263609	8522.26660	3306022259459	0.62824	0.49978	8522.19922	0.06738	11705	1	0.68116	0.47884	0	0.55603	0.36528	1	0.55603	0.36528	1	0.48906	0.53867	10.15309	1.11149	0	0.48939	0.53819	9.77629	1.12017	1	-0.00336	-0.01009	0.71151	0.00317	1	-0.00331	-0.00999	0.70075	0.00343	1	1.45898	0.81042	0	
1263610	8522.27344	3306022326370	0.62217	0.48963	8522.19922	0.07422	11705	1	0.68116	0.47884	0	0.55544	0.37792	1	0.55544	0.37792	1	0.48906	0.53867	10.15309	1.12017	0	0.48933	0.53861	9.81862	1.12885	1	-0.00336	-0.01009	0.71151	0.00317	1	-0.00331	-0.00999	0.70075	0.00326	1	1.45898	0.81042	0	
1263611	8522.28027	3306022393113	0.61711	0.48054	8522.19922	0.08105	11705	1	0.68116	0.47884	0	0.55633	0.37154	1	0.55633	0.37154	1	0.48906	0.53867	10.15309	1.12885	0	0.48930	0.53882	10.14595	1.13753	1	-0.00336	-0.01009	0.71151	0.00317	1	-0.00336	-0.01009	0.71151	0.00318	1	1.45898	0.81042	0	
1263612	8522.28613	3306022458269	0.61362	0.47692	8522.19922	0.08691	11705	1	0.68116	0.47884	0	0.56825	0.42983	1	0.56825	0.42983	1	0.48906	0.53867	10.15309	1.13753	0	0.48960	0.53884	10.65598	1.13753	1	-0.00336	-0.01009	0.71151	0.00317	1	-0.00336	-0.01009	0.71151	0.00315	1	1.45898	0.81042	0	
1263613	8522.29297	3306022527228	0.61077	0.47396	8522.19922	0.09375	11705	1	0.68116	0.47884	0	0.57089	0.43249	1	0.57089	0.43249	1	0.48906	0.53867	10.15309	1.13753	0	0.48958	0.53885	10.90450	1.13753	1	-0.00336	-0.01009	0.71151	0.00317	1	-0.00336	-0.01009	0.71151	0.00317	1	1.45898	0.81042	0	
1263614	8522.29980	3306022594567	0.60821	0.47174	8522.19922	0.10059	11705	1	0.68116	0.47884	0	0.56988	0.43841	1	0.56988	0.43841	1	0.48906	0.53867	10.15309	1.13753	0	0.48952	0.53891	10.75628	1.12885	1	-0.00336	-0.01009	0.71151	0.00317	1	-0.00318	-0.00976	0.68507	0.00313	1	1.45898	0.81042	0	
1263615	8522.30664	3306022661017	0.58613	0.44537	8522.19922	0.10059	11705	0	0.68116	0.47884	0	0.56446	0.46802	1	0.56446	0.46802	1	0.48906	0.53867	10.15309	1.12885	0	0.48957	0.53896	10.70046	1.12017	1	-0.00336	-0.01009	0.71151	0.00317	1	-0.00318	-0.00976	0.68507	0.00311	1	1.45898	0.81042	0	
1263616	8522.31348	3306022728202	0.57193	0.45565	8522.19922	0.10059	11705	0	0.68116	0.47884	0	0.55774	0.46594	1	0.55774	0.46594	1	0.48906	0.53867	10.15309	1.12017	0	0.48946	0.53903	9.95278	1.11149	1	-0.00336	-0.01009	0.71151	0.00317	1	-0.00318	-0.00976	0.68507	0.00315	1	1.45898	0.81042	0	
1263617	8522.32031	3306022794889	0.58765	0.46129	8522.19922	0.10059	11705	0	0.68138	0.47338	1	0.55680	0.47174	1	0.61909	0.47256	1	0.48942	0.53896	9.85301	1.11149	1	0.75007	0.56077	11.23521	1.10281	1	-0.00331	-0.00999	0.70075	0.00317	1	0.06649	-0.01444	0.70259	0.00362	1	1.45898	0.81042	0	
1263618	8522.32715	3306022862452	0.60893	0.48036	8522.30664	0.02051	11706	1	0.69333	0.42786	1	0.65221	0.64728	1	0.67277	0.53757	1	0.48928	0.53869	10.66977	1.10281	1	0.75004	0.56097	11.04516	1.10281	1	-0.00331	-0.00999	0.70075	0.00313	1	0.06649	-0.01444	0.70259	0.00362	1	1.45898	0.81042	0	
1263619	8522.33301	3306022929274	0.62221	0.49232	8522.30664	0.02637	11706	1	0.69556	0.44191	1	0.65506	0.63846	1	0.67531	0.54019	1	0.48931	0.53881	10.04530	1.10281	1	0.75004	0.56089	11.09289	1.10281	1	-0.00331	-0.00999	0.70075	0.00316	1	0.06649	-0.01444	0.70259	0.00365	1	1.45898	0.81042	0	
1263620	8522.33984	3306022996008	0.63088	0.50120	8522.30664	0.03320	11706	1	0.69523	0.44792	1	0.65329	0.64319	1	0.67426	0.54555	1	0.48957	0.53889	10.94978	1.09373	1	0.74994	0.56090	11.06017	1.09373	1	-0.00313	-0.00964	0.67268	0.00315	1	0.06649	-0.01444	0.70259	0.00368	1	1.45898	0.81042	0	
1263621	8522.34668	3306023063571	0.63742	0.50711	8522.30664	0.04004	11706	1	0.71144	0.45960	1	0.64180	0.62553	1	0.67662	0.54256	1	0.48953	0.53895	11.14367	1.08464	1	0.74990	0.56063	11.43121	1.08464	1	-0.00313	-0.00964	0.67268	0.00308	1	0.06649	-0.01444	0.70259	0.00358	1	1.45898	0.81042	0	
1263622	8522.35352	3306023128499	0.64249	0.51450	8522.30664	0.04688	11706	1	0.70340	0.47450	1	0.65257	0.65804	1	0.67799	0.56627	1	0.48947	0.53889	11.24072	1.07556	1	0.75002	0.56073	11.08321	1.07556	1	-0.00313	-0.00964	0.67268	0.00311	1	0.06649	-0.01444	0.70259	0.00359	1	1.45898	0.81042	0	
1263623	8522.36035	3306023197579	0.64631	0.52084	8522.30664	0.05371	11706	1	0.70300	0.48038	1	0.65078	0.66272	1	0.67689	0.57155	1	0.48973	0.53852	10.53766	1.06647	1	0.75011	0.56048	10.96049	1.06647	1	-0.00313	-0.00964	0.67268	0.00333	1	0.06486	-0.01414	0.68546	0.00362	1	1.45898	0.81042	0	
1263624	8522.36621	3306023262017	0.65014	0.52570	8522.30664	0.05957	11706	1	0.72331	0.47978	1	0.64594	0.65919	1	0.68462	0.56949	1	0.48976	0.53906	10.61580	1.06647	1	0.75001	0.56088	11.32762	1.06647	1	-0.00313	-0.00964	0.67268	0.00312	1	0.06486	-0.01414	0.68546	0.00351	1	1.45898	0.81042	0	
1263625	8522.37402	3306023331008	0.65299	0.52617	8522.30664	0.06738	11706	1	0.71491	0.42899	1	0.64808	0.63268	1	0.68149	0.53083	1	0.48972	0.53842	10.63155	1.06647	1	0.75002	0.56054	11.05127	1.06647	1	-0.00313	-0.00964	0.67268	0.00331	1	0.06486	-0.01414	0.68546	0.00351	1	1.45898	0.81042	0	
1263626	8522.37988	3306023397855	0.65544	0.52636	8522.30664	0.07324	11706	1	0.71491	0.42899	1	0.64977	0.62796	1	0.68234	0.52848	1	0.48982	0.53905	10.47209	1.06647	1	0.74995	0.56047	11.15451	1.07515	1	-0.00313	-0.00964	0.67268	0.00340	1	0.06615	-0.01441	0.69845	0.00361	1	1.45898	0.81042	0	
1263627	8522.38672	3306023465964	0.65839	0.52824	8522.30664	0.08008	11706	1	0.72947	0.47652	1	0.65811	0.62496	1	0.69379	0.55074	1	0.48982	0.53905	10.47209	1.07515	1	0.75010	0.56056	10.99964	1.08383	1	-0.00313	-0.00964	0.67268	0.00340	1	0.06615	-0.01441	0.69845	0.00362	1	1.45898	0.81042	0	
1263628	8522.39355	3306023531995	0.66076	0.53194	8522.30664	0.08691	11706	1	0.73057	0.50700	1	0.65259	0.65322	1	0.69158	0.58011	1	0.48976	0.53935	10.64859	1.08383	1	0.75001	0.56086	11.76919	1.09251	1	-0.00313	-0.00964	0.67268	0.00325	1	0.06615	-0.01441	0.69845	0.00352	1	1.45898	0.81042	0	
1263629	8522.40039	3306023599067	0.68157	0.55356	8522.30664	0.08691	11706	0	0.73115	0.50168	1	0.65110	0.65714	1	0.69113	0.57941	1	0.48973	0.53935	10.67154	1.09251	1	0.74985	0.56051	11.68997	1.08485	1	-0.00318	-0.00976	0.68507	0.00325	1	0.06223	-0.01350	0.65710	0.00348	1	1.45898	0.81042	0	
1263630	8522.40723	3306023666306	0.68713	0.57683	8522.30664	0.08691	11706	0	0.73394	0.54960	1	0.65146	0.65059	1	0.69270	0.60010	1	0.48976	0.53935	10.64859	1.08485	1	0.75004	0.56065	11.36731	1.06851	1	-0.00318	-0.00976	0.68507	0.00325	1	0.06223	-0.01350	0.65710	0.00352	1	1.45898	0.81042	0	
1263631	8522.41406	3306023733831	0.68309	0.58231	8522.30664	0.08691	11706	0	0.72549	0.55461	1	0.62449	0.63196	1	0.67499	0.59328	1	0.48973	0.53935	10.67154	1.06851	1	0.74974	0.56040	10.93517	1.05217	1	-0.00318	-0.00976	0.68507	0.00325	1	0.06223	-0.01350	0.65710	0.00353	1	1.45898	0.81042	0	
1263632	8522.42090	3306023799450	0.68057	0.58736	8522.40039	0.02051	11707	1	0.72443	0.56403	1	0.62161	0.64094	1	0.67302	0.60248	1	0.48981	0.53922	10.67628	1.05217	1	0.74985	0.56025	10.61448	1.03583	1	-0.00318	-0.00976	0.68507	0.00339	1	0.06223	-0.01350	0.65710	0.00356	1	1.45898	0.81042	0	
1263633	8522.42676	3306023866919	0.68143	0.58872	8522.40039	0.02637	11707	1	0.72028	0.54209	1	0.64949	0.64622	1	0.68488	0.59416	1	0.48968	0.53887	10.98333	1.03583	1	0.75003	0.56045	11.08191	1.03583	1	-0.00318	-0.00976	0.68507	0.00339	1	0.06223	-0.01350	0.65710	0.00345	1	1.45898	0.81042	0	
1263634	8522.43359	3306023933944	0.68132	0.59094	8522.40039	0.03320	11707	1	0.72281	0.55430	1	0.63867	0.64977	1	0.68074	0.60204	1	0.48971	0.53912	10.78242	1.03583	1	0.74998	0.56057	11.07910	1.03583	1	-0.00318	-0.00976	0.68507	0.00326	1	0.06223	-0.01350	0.65710	0.00343	1	1.45898	0.81042	0	
1263635	8522.44043	3306024000972	0.68134	0.59223	8522.40039	0.04004	11707	1	0.72281	0.55430	1	0.64014	0.64562	1	0.68147	0.59996	1	0.48996	0.53900	10.52237	1.03583	1	0.75191	0.55814	10.21135	1.04349	1	-0.00313	-0.00954	0.67268	0.00340	1	0.06435	-0.01395	0.67891	0.00229	1	1.45898	0.81042	0	
1263636	8522.44727	3306024067809	0.68417	0.59167	8522.40039	0.04688	11707	1	0.74871	0.49342	1	0.65933	0.68207	1	0.70402	0.58774	1	0.49014	0.53856	10.31388	1.04349	1	0.75024	0.56094	10.43430	1.05115	1	-0.00313	-0.00954	0.67268	0.00357	1	0.06435	-0.01395	0.67891	0.00358	1	1.45898	0.81042	0	
1263637	8522.45410	3306024134900	0.68604	0.59012	8522.40039	0.05371	11707	1	0.74163	0.47340	1	0.66038	0.68203	1	0.70100	0.57772	1	0.49010	0.53846	10.15889	1.05115	1	0.75024	0.56111	10.66767	1.05881	1	-0.00313	-0.00954	0.67268	0.00351	1	0.06435	-0.01395	0.67891	0.00349	1	1.45898	0.81042	0	
1263638	8522.46094	3306024201856	0.68753	0.58890	8522.40039	0.06055	11707	1	0.74160	0.47364	1	0.66030	0.68221	1	0.70095	0.57792	1	0.48992	0.53810	9.97944	1.05079	1	0.75009	0.56069	11.22620	1.05845	1	-0.00304	-0.00942	0.66429	0.00346	1	0.06435	-0.01395	0.67891	0.00344	1	1.45898	0.81042	0	
1263639	8522.46777	3306024268918	0.68803	0.58797	8522.40039	0.06738	11707	1	0.72728	0.50481	1	0.65874	0.65269	1	0.69301	0.57875	1	0.48984	0.53855	10.02453	1.05044	1	0.75017	0.56059	11.03285	1.05044	1	-0.00304	-0.00942	0.66429	0.00324	1	0.06435	-0.01395	0.67891	0.00357	1	1.45898	0.81042	0	
1263640	8522.47363	3306024335978	0.68784	0.58681	8522.40039	0.07324	11707	1	0.71545	0.50806	1	0.65594	0.64007	1	0.68569	0.57406	1	0.48962	0.53864	10.16833	1.04242	1	0.75021	0.56046	10.83331	1.04242	1	-0.00304	-0.00942	0.66429	0.00347	1	0.06435	-0.01395	0.67891	0.00362	1	1.45898	0.81042	0	
1263641	8522.48047	3306024399358	0.68767	0.58583	8522.40039	0.08008	11707	1	0.71545	0.50806	1	0.65594	0.64007	1	0.68569	0.57406	1	0.48985	0.53865	10.34724	1.04242	1	0.75030	0.56062	10.39976	1.04242	1	-0.00313	-0.00954	0.67268	0.00345	1	0.06435	-0.01395	0.67891	0.00361	1	1.45898	0.81042	0	
1263642	8522.48730	3306024465367	0.68812	0.58722	8522.40039	0.08691	11707	1	0.72490	0.53515	1	0.66288	0.67544	1	0.69389	0.60529	1	0.48970	0.53880	10.57574	1.05044	1	0.75020	0.56077	10.69951	1.05044	1	-0.00313	-0.00954	0.67268	0.00339	1	0.06435	-0.01395	0.67891	0.00350	1	1.45898	0.81042	0	
1263643	8522.49414	3306024533542	0.68805	0.58745	8522.40039	0.09375	11707	1	0.71630	0.52211	1	0.65797	0.65918	1	0.68714	0.59065	1	0.48961	0.53890	10.57056	1.05845	1	0.75015	0.56079	10.81214	1.05845	1	-0.00313	-0.00954	0.67268	0.00330	1	0.06435	-0.01395	0.67891	0.00355	1	1.45898	0.81042	0	
1263644	8522.50098	3306024603659	0.68806	0.58737	8522.40039	0.10059	11707	1	0.71676	0.51720	1	0.65962	0.65500	1	0.68819	0.58610	1	0.49002	0.53904	10.56739	1.06647	1	0.75009	0.56052	10.82644	1.06647	1	-0.00318	-0.00966	0.68507	0.00335	1	0.06528	-0.01405	0.68876	0.00357	1	1.45898	0.81042	0	
1263645	8522.50781	3306024669043	0.68834	0.58655	8522.40039	0.10742	11707	1	0.73691	0.51835	1	0.64858	0.62870	1	0.69275	0.57353	1	0.48994	0.53884	10.74665	1.06647	1	0.75006	0.56051	11.41816	1.06647	1	-0.00318	-0.00966	0.68507	0.00333	1	0.06528	-0.01405	0.68876	0.00354	1	1.45898	0.81042	0	
1263646	8522.51367	3306024734918	0.68831	0.58523	8522.40039	0.11328	11707	1	0.72415	0.48841	1	0.65142	0.63710	1	0.68778	0.56275	1	0.48977	0.53854	10.49246	1.06647	1	0.75015	0.56057	11.45654	1.06647	1	-0.00318	-0.00966	0.68507	0.00321	1	0.06528	-0.01405	0.68876	0.00353	1	1.45898	0.81042	0	
1263647	8522.52051	3306024801716	0.68828	0.58405	8522.40039	0.12012	11707	1	0.72415	0.48841	1	0.65142	0.63710	1	0.68778	0.56275	1	0.48993	0.53871	10.49866	1.06647	1	0.75002	0.56017	10.23005	1.06647	1	-0.00313	-0.00943	0.67268	0.00340	1	0.06528	-0.01405	0.68876	0.00362	1	1.45898	0.81042	0	
1263648	8522.52734	3306024868994	0.68782	0.58355	8522.40039	0.12695	11707	1	0.71955	0.49384	1	0.63859	0.65449	1	0.67907	0.57417	1	0.48973	0.53866	11.31129	1.06647	1	0.74989	0.56026	10.41483	1.06647	1	-0.00313	-0.00943	0.67268	0.00316	1	0.06528	-0.01405	0.68876	0.00363	1	1.45898	0.81042	0	
1263649	8522.53418	3306024935315	0.68738	0.58348	8522.40039	0.13379	11707	1	0.72622	0.54520	1	0.63100	0.61870	1	0.67861	0.58195	1	0.48974	0.53863	10.87151	1.06647	1	0.74972	0.56032	10.51466	1.06647	1	-0.00313	-0.00943	0.67268	0.00326	1	0.06528	-0.01405	0.68876	0.00362	1	1.45898	0.81042	0	
1263650	8522.54102	3306025003342	0.68695	0.58350	8522.40039	0.14062	11707	1	0.72622	0.54520	1	0.62962	0.62295	1	0.67792	0.58407	1	0.48991	0.53818	10.23631	1.06647	1	0.75000	0.56095	10.47066	1.05881	1	-0.00318	-0.00956	0.68507	0.00332	1	0.06192	-0.01329	0.65382	0.00371	1	1.45898	0.81042	0	
1263651	8522.54785	3306025072280	0.68677	0.58385	8522.40039	0.14746	11707	1	0.72258	0.48977	1	0.64314	0.69315	1	0.68286	0.59146	1	0.48977	0.53802	10.61794	1.05881	1	0.75002	0.56064	10.75375	1.05115	1	-0.00318	-0.00956	0.68507	0.00316	1	0.06192	-0.01329	0.65382	0.00367	1	1.45898	0.81042	0	
1263652	8522.55469	3306025139391	0.68636	0.58527	8522.40039	0.15430	11707	1	0.71636	0.49930	1	0.63749	0.73644	1	0.67693	0.61787	1	0.48968	0.53797	10.45206	1.05115	1	0.74998	0.56064	10.72175	1.04349	1	-0.00318	-0.00956	0.68507	0.00311	1	0.06192	-0.01329	0.65382	0.00364	1	1.45898	0.81042	0	
1263653	8522.56152	3306025207610	0.68595	0.58674	8522.40039	0.16113	11707	1	0.71593	0.50419	1	0.63603	0.73991	1	0.67598	0.62205	1	0.48983	0.53788	10.47161	1.04349	1	0.74998	0.56015	10.63872	1.03583	1	-0.00318	-0.00956	0.68507	0.00328	1	0.06223	-0.01331	0.65710	0.00373	1	1.45898	0.81042	0	
1263654	8522.56738	3306025273855	0.68575	0.58718	8522.40039	0.16699	11707	1	0.72133	0.54139	1	0.64025	0.65505	1	0.68079	0.59822	1	0.48974	0.53790	10.26008	1.03583	1	0.75005	0.55971	11.00933	1.03583	1	-0.00318	-0.00956	0.68507	0.00340	1	0.06223	-0.01331	0.65710	0.00358	1	1.45898	0.81042	0	
1263655	8522.57422	3306025340444	0.68531	0.58858	8522.40039	0.17383	11707	1	0.71529	0.54501	1	0.63269	0.70489	1	0.67399	0.62495	1	0.48961	0.53805	10.17670	1.03583	1	0.74993	0.56015	10.60564	1.03583	1	-0.00318	-0.00956	0.68507	0.00320	1	0.06223	-0.01331	0.65710	0.00360	1	1.45898	0.81042	0	
1263656	8522.58105	3306025407653	0.68348	0.59260	8522.40039	0.18066	11707	1	0.71529	0.54501	0	0.63412	0.70115	1	0.63412	0.70115	1	0.48961	0.53805	10.17670	1.03583	0	0.48924	0.54034	9.01062	1.04349	1	-0.00318	-0.00956	0.68507	0.00320	1	-0.00328	-0.00934	0.68409	0.00242	1	1.45898	0.81042	0	
1263657	8522.58789	3306025474488	0.68348	0.59260	8522.40039	0.18750	11707	1	0.71529	0.54501	0	0.63412	0.70115	0	0.63412	0.70115	0	0.48961	0.53805	10.17670	1.04349	0	0.48924	0.54034	9.01062	1.05115	0	-0.00318	-0.00956	0.68507	0.00320	1	-0.00328	-0.00934	0.68409	0.00242	1	1.45898	0.81042	0	
1263658	8522.59473	3306025541464	0.68348	0.59260	8522.40039	0.19434	11707	1	0.71529	0.54501	0	0.63412	0.70115	0	0.63412	0.70115	0	0.48961	0.53805	10.17670	1.05115	0	0.48924	0.54034	9.01062	1.05881	0	-0.00318	-0.00956	0.68507	0.00320	1	-0.00328	-0.00934	0.68409	0.00242	1	1.45898	0.81042	0	
1263659	8522.60156	3306025606513	0.68348	0.59260	8522.40039	0.20117	11707	1	0.71529	0.54501	0	0.63412	0.70115	0	0.63412	0.70115	0	0.48961	0.53805	10.17670	1.05881	0	0.48924	0.54034	9.01062	1.06647	0	-0.00318	-0.00956	0.68507	0.00320	1	-0.00328	-0.00934	0.68409	0.00242	1	1.45898	0.81042	0	
1263660	8522.60840	3306025675172	0.67738	0.59958	8522.40039	0.20117	11707	0	0.71529	0.54501	0	0.63412	0.70115	0	0.63412	0.70115	0	0.48961	0.53805	10.17670	1.06647	0	0.48924	0.54034	9.01062	1.06647	0	-0.00318	-0.00956	0.68507	0.00320	1	-0.00328	-0.00934	0.68409	0.00242	1	1.45898	0.81042	0	
1263661	8522.61523	3306025742663	0.67738	0.59958	8522.40039	0.20117	11707	0	0.71529	0.54501	0	0.63412	0.70115	0	0.63412	0.70115	0	0.48961	0.53805	10.17670	1.06647	0	0.48924	0.54034	9.01062	1.06647	0	-0.00318	-0.00956	0.68507	0.00320	1	-0.00328	-0.00934	0.68409	0.00242	1	1.45898	0.81042	0	
1263662	8522.62109	3306025809640	0.67738	0.59958	8522.40039	0.20117	11707	0	0.71529	0.54501	0	0.63412	0.70115	0	0.63412	0.70115	0	0.48961	0.53805	10.17670	1.06647	0	0.48924	0.54034	9.01062	1.06647	0	-0.00318	-0.00956	0.68507	0.00320	1	-0.00328	-0.00934	0.68409	0.00242	1	1.45898	0.81042	0	
1263663	8522.62793	3306025876297	0.00000	0.00000	8522.40039	0.20117	11707	0	0.71529	0.54501	0	0.63412	0.70115	0	0.63412	0.70115	0	0.48961	0.53805	10.17670	1.06647	0	0.48924	0.54034	9.01062	1.06647	0	-0.00318	-0.00956	0.68507	0.00320	1	-0.00328	-0.00934	0.68409	0.00242	1	1.45898	0.81042	0	
1263664	8522.63477	3306025943904	0.00000	0.00000	8522.40039	0.20117	11707	0	0.71529	0.54501	0	0.63412	0.70115	0	0.63412	0.70115	0	0.48961	0.53805	10.17670	1.06647	0	0.48924	0.54034	9.01062	1.06647	0	-0.00318	-0.00956	0.68507	0.00320	1	-0.00328	-0.00934	0.68409	0.00242	1	1.45898	0.81042	0	
1263665	8522.64160	3306026007771	0.00000	0.00000	8522.40039	0.20117	11707	0	0.71529	0.54501	0	0.63412	0.70115	0	0.63412	0.70115	0	0.48961	0.53805	10.17670	1.06647	0	0.48924	0.54034	9.01062	1.06647	0	-0.00318	-0.00956	0.68507	0.00320	1	-0.00328	-0.00934	0.68409	0.00242	1	1.45898	0.81042	0	
1263666	8522.64844	3306026077514	0.00000	0.00000	8522.40039	0.20117	11707	0	0.71529	0.54501	0	0.63412	0.70115	0	0.63412	0.70115	0	0.48961	0.53805	10.17670	1.06647	0	0.48924	0.54034	9.01062	1.06647	0	-0.00318	-0.00956	0.68507	0.00320	1	-0.00328	-0.00934	0.68409	0.00242	1	1.45898	0.81042	0	
1263667	8522.65527	3306026144473	0.00000	0.00000	8522.40039	0.20117	11707	0	0.71529	0.54501	0	0.63412	0.70115	0	0.63412	0.70115	0	0.48961	0.53805	10.17670	1.06647	0	0.48924	0.54034	9.01062	1.06647	0	-0.00318	-0.00956	0.68507	0.00320	1	-0.00328	-0.00934	0.68409	0.00242	1	1.45898	0.81042	0	
1263668	8522.66113	3306026211247	0.00000	0.00000	8522.40039	0.20117	11707	0	0.71529	0.54501	0	0.63412	0.70115	0	0.63412	0.70115	0	0.48961	0.53805	10.17670	1.06647	0	0.48924	0.54034	9.01062	1.06647	0	-0.00318	-0.00956	0.68507	0.00320	1	-0.00328	-0.00934	0.68409	0.00242	1	1.45898	0.81042	0	
1263669	8522.66797	3306026277705	0.00000	0.00000	8522.40039	0.20117	11707	0	0.71529	0.54501	0	0.63412	0.70115	0	0.63412	0.70115	0	0.48961	0.53805	10.17670	1.06647	0	0.48924	0.54034	9.01062	1.06647	0	-0.00318	-0.00956	0.68507	0.00320	1	-0.00328	-0.00934	0.68409	0.00242	1	1.45898	0.81042	0	
1263670	8522.67480	3306026345353	0.00000	0.00000	8522.40039	0.20117	11707	0	0.71529	0.54501	0	0.63412	0.70115	0	0.63412	0.70115	0	0.48961	0.53805	10.17670	1.06647	0	0.48924	0.54034	9.01062	1.06647	0	-0.00318	-0.00956	0.68507	0.00320	1	-0.00328	-0.00934	0.68409	0.00242	1	1.45898	0.81042	0	
1263671	8522.68164	3306026411482	0.00000	0.00000	8522.40039	0.20117	11707	0	0.71529	0.54501	0	0.63412	0.70115	0	0.63412	0.70115	0	0.48961	0.53805	10.17670	1.06647	0	0.48924	0.54034	9.01062	1.06647	0	-0.00318	-0.00956	0.68507	0.00320	1	-0.00328	-0.00934	0.68409	0.00242	1	1.45898	0.81042	0	
1263672	8522.68848	3306026479601	0.00000	0.00000	8522.40039	0.20117	11707	0	0.71529	0.54501	0	0.63412	0.70115	0	0.63412	0.70115	0	0.48961	0.53805	10.17670	1.06647	0	0.48924	0.54034	9.01062	1.06647	0	-0.00318	-0.00956	0.68507	0.00320	1	-0.00328	-0.00934	0.68409	0.00242	1	1.45898	0.81042	0	
1263673	8522.69531	3306026546579	0.00000	0.00000	8522.40039	0.20117	11707	0	0.71529	0.54501	0	0.63412	0.70115	0	0.63412	0.70115	0	0.48961	0.53805	10.17670	1.06647	0	0.48924	0.54034	9.01062	1.06647	0	-0.00318	-0.00956	0.68507	0.00320	1	-0.00328	-0.00934	0.68409	0.00242	1	1.45898	0.81042	0	
1263674	8522.70117	3306026609640	0.00000	0.00000	8522.40039	0.20117	11707	0	0.71529	0.54501	0	0.63412	0.70115	0	0.63412	0.70115	0	0.48961	0.53805	10.17670	1.06647	0	0.48924	0.54034	9.01062	1.06647	0	-0.00318	-0.00956	0.68507	0.00320	1	-0.00328	-0.00934	0.68409	0.00242	1	1.45898	0.81042	0	
1263675	8522.70801	3306026677457	0.00000	0.00000	8522.40039	0.20117	11707	0	0.71529	0.54501	0	0.63412	0.70115	0	0.63412	0.70115	0	0.48961	0.53805	10.17670	1.06647	0	0.48924	0.54034	9.01062	1.06647	0	-0.00318	-0.00956	0.68507	0.00320	1	-0.00328	-0.00934	0.68409	0.00242	1	1.45898	0.81042	0	
1263676	8522.71484	3306026744774	0.00000	0.00000	8522.40039	0.20117	11707	0	0.71529	0.54501	0	0.63412	0.70115	0	0.63412	0.70115	0	0.48961	0.53805	10.17670	1.06647	0	0.48924	0.54034	9.01062	1.06647	0	-0.00318	-0.00956	0.68507	0.00320	1	-0.00328	-0.00934	0.68409	0.00242	1	1.45898	0.81042	0	
1263677	8522.72168	3306026812091	0.00000	0.00000	8522.40039	0.20117	11707	0	0.71529	0.54501	0	0.63412	0.70115	0	0.63412	0.70115	0	0.48961	0.53805	10.17670	1.06647	0	0.48924	0.54034	9.01062	1.06647	0	-0.00318	-0.00956	0.68507	0.00320	1	-0.00328	-0.00934	0.68409	0.00242	1	1.45898	0.81042	0	
1263678	8522.72852	3306026881230	0.00000	0.00000	8522.40039	0.20117	11707	0	0.71529	0.54501	0	0.63412	0.70115	0	0.63412	0.70115	0	0.48961	0.53805	10.17670	1.06647	0	0.48924	0.54034	9.01062	1.06647	0	-0.00318	-0.00956	0.68507	0.00320	1	-0.00328	-0.00934	0.68409	0.00242	1	1.45898	0.81042	0	
1263679	8522.73535	3306026948287	0.00000	0.00000	8522.40039	0.20117	11707	0	0.71529	0.54501	0	0.63412	0.70115	0	0.63412	0.70115	0	0.48961	0.53805	10.17670	1.06647	0	0.48924	0.54034	9.01062	1.06647	0	-0.00318	-0.00956	0.68507	0.00320	1	-0.00328	-0.00934	0.68409	0.00242	1	1.45898	0.81042	0	
1263680	8522.74219	3306027013152	0.00000	0.00000	8522.40039	0.20117	11707	0	0.71529	0.54501	0	0.63412	0.70115	0	0.63412	0.70115	0	0.48961	0.53805	10.17670	1.06647	0	0.48924	0.54034	9.01062	1.06647	0	-0.00318	-0.00956	0.68507	0.00320	1	-0.00328	-0.00934	0.68409	0.00242	1	1.45898	0.81042	0	
1263681	8522.74902	3306027082202	0.00000	0.00000	8522.40039	0.20117	11707	0	0.71529	0.54501	0	0.63412	0.70115	0	0.63412	0.70115	0	0.48961	0.53805	10.17670	1.06647	0	0.48924	0.54034	9.01062	1.06647	0	-0.00318	-0.00956	0.68507	0.00320	1	-0.00328	-0.00934	0.68409	0.00242	1	1.45898	0.81042	0	
1263682	8522.75586	3306027149293	0.00000	0.00000	8522.40039	0.20117	11707	0	0.71529	0.54501	0	0.63412	0.70115	0	0.63412	0.70115	0	0.48961	0.53805	10.17670	1.06647	0	0.48924	0.54034	9.01062	1.06647	0	-0.00318	-0.00956	0.68507	0.00320	1	-0.00328	-0.00934	0.68409	0.00242	1	1.45898	0.81042	0	
1263683	8522.76172	3306027215817	0.00000	0.00000	8522.40039	0.20117	11707	0	0.71529	0.54501	0	0.63412	0.70115	0	0.63412	0.70115	0	0.48961	0.53805	10.17670	1.06647	0	0.48924	0.54034	9.01062	1.06647	0	-0.00318	-0.00956	0.68507	0.00320	1	-0.00328	-0.00934	0.68409	0.00242	1	1.45898	0.81042	0	
1263684	8522.76855	3306027282942	0.00000	0.00000	8522.40039	0.20117	11707	0	0.71529	0.54501	0	0.63412	0.70115	0	0.63412	0.70115	0	0.48961	0.53805	10.17670	1.06647	0	0.48924	0.54034	9.01062	1.06647	0	-0.00318	-0.00956	0.68507	0.00320	1	-0.00328	-0.00934	0.68409	0.00242	1	1.45898	0.81042	0	
1263685	8522.77539	3306027349812	0.00000	0.00000	8522.40039	0.20117	11707	0	0.71529	0.54501	0	0.63412	0.70115	0	0.63412	0.70115	0	0.48961	0.53805	10.17670	1.06647	0	0.48924	0.54034	9.01062	1.06647	0	-0.00318	-0.00956	0.68507	0.00320	1	-0.00328	-0.00934	0.68409	0.00242	1	1.45898	0.81042	0	
1263686	8522.78223	3306027418190	0.00000	0.00000	8522.40039	0.20117	11707	0	0.71529	0.54501	0	0.63412	0.70115	0	0.63412	0.70115	0	0.48961	0.53805	10.17670	1.06647	0	0.48924	0.54034	9.01062	1.06647	0	-0.00318	-0.00956	0.68507	0.00320	1	-0.00328	-0.00934	0.68409	0.00242	1	1.45898	0.81042	0	
1263687	8522.78906	3306027483901	0.00000	0.00000	8522.40039	0.20117	11707	0	0.71529	0.54501	0	0.63412	0.70115	0	0.63412	0.70115	0	0.48961	0.53805	10.17670	1.06647	0	0.48924	0.54034	9.01062	1.06647	0	-0.00318	-0.00956	0.68507	0.00320	1	-0.00328	-0.00934	0.68409	0.00242	1	1.45898	0.81042	0	
1263688	8522.79590	3306027550558	0.00000	0.00000	8522.40039	0.20117	11707	0	0.71529	0.54501	0	0.63412	0.70115	0	0.63412	0.70115	0	0.48961	0.53805	10.17670	1.06647	0	0.48924	0.54034	9.01062	1.06647	0	-0.00318	-0.00956	0.68507	0.00320	1	-0.00328	-0.00934	0.68409	0.00242	1	1.45898	0.81042	0	
1263689	8522.80176	3306027615462	0.33838	0.30630	8522.40039	0.20117	11707	0	0.71659	0.53134	1	0.63692	0.69386	1	0.67676	0.61260	1	0.47954	0.53130	9.76213	1.05845	1	0.74122	0.55418	11.40605	1.05845	1	-0.00465	-0.00865	0.66640	0.00207	1	0.06431	-0.01329	0.69504	0.00362	1	1.45898	0.81042	0	
1263690	8522.80859	3306027684962	0.56501	0.47894	8522.40039	0.20117	11707	0	0.46799	0.19584	1	0.43853	0.49474	1	0.45326	0.34529	1	0.47955	0.53135	9.86312	1.05044	1	0.74114	0.55406	11.30351	1.05044	1	-0.00465	-0.00865	0.66640	0.00206	1	0.06431	-0.01329	0.69504	0.00363	1	1.45898	0.81042	0	
1263691	8522.81543	3306027751775	0.50531	0.40162	8522.40039	0.20117	11707	0	0.45679	0.20428	1	0.43443	0.44430	1	0.44561	0.32429	1	0.47950	0.53132	9.72478	1.04242	1	0.74106	0.55439	11.88827	1.04242	1	-0.00465	-0.00865	0.66640	0.00207	1	0.06431	-0.01329	0.69504	0.00356	1	1.45898	0.81042	0	
1263692	8522.82227	3306027819414	0.48541	0.37677	8522.40039	0.20117	11707	0	0.45679	0.20428	1	0.43443	0.44984	1	0.44561	0.32706	1	0.47950	0.53138	9.76938	1.04242	1	0.74106	0.55443	11.90792	1.03476	1	-0.00473	-0.00881	0.67127	0.00204	1	0.06061	-0.01252	0.65454	0.00354	1	1.45898	0.81042	0	
1263693	8522.82910	3306027886206	0.44737	0.32488	8522.40039	0.20117	11707	0	0.46284	0.20823	1	0.43894	0.43832	1	0.45089	0.32328	1	0.47951	0.53138	9.74687	1.04278	1	0.74109	0.55412	10.91343	1.03512	1	-0.00473	-0.00881	0.67127	0.00205	1	0.06061	-0.01252	0.65454	0.00372	1	1.45898	0.81042	0	
1263694	8522.83594	3306027952530	0.44880	0.32148	8522.40039	0.20117	11707	0	0.46256	0.20444	1	0.43787	0.43173	1	0.45022	0.31809	1	0.47956	0.53132	9.81398	1.04313	1	0.74113	0.55402	10.95571	1.03547	1	-0.00473	-0.00881	0.67127	0.00205	1	0.06061	-0.01252	0.65454	0.00372	1	1.45898	0.81042	0	
1263695	8522.84277	3306028020094	0.44926	0.32025	8522.40039	0.20117	11707	0	0.46251	0.20411	1	0.43787	0.43147	1	0.45019	0.31779	1	0.47945	0.53162	10.27818	1.04349	1	0.74135	0.55378	11.21494	1.03583	1	-0.00473	-0.00881	0.67127	0.00206	1	0.06061	-0.01252	0.65454	0.00364	1	1.45898	0.81042	0	
1263696	8522.84961	3306028086983	0.44949	0.32404	8522.82910	0.02051	11708	1	0.46705	0.22397	1	0.43334	0.44682	1	0.45019	0.33539	1	0.47957	0.53162	10.16799	1.03583	1	0.74094	0.55427	11.50475	1.03583	1	-0.00473	-0.00881	0.67127	0.00211	1	0.06061	-0.01252	0.65454	0.00366	1	1.45898	0.81042	0	
1263697	8522.85547	3306028151321	0.45142	0.33007	8522.82910	0.02637	11708	1	0.46849	0.24312	1	0.44974	0.46529	1	0.45912	0.35420	1	0.47959	0.53178	9.91709	1.03583	1	0.74120	0.55388	11.51953	1.03583	1	-0.00473	-0.00881	0.67127	0.00206	1	0.06061	-0.01252	0.65454	0.00359	1	1.45898	0.81042	0	
1263698	8522.86230	3306028220687	0.45270	0.33409	8522.82910	0.03320	11708	1	0.46849	0.24312	1	0.44974	0.46529	1	0.45912	0.35420	1	0.47990	0.53186	10.14350	1.03583	1	0.74139	0.55400	11.29516	1.03583	1	-0.00483	-0.00905	0.68555	0.00215	1	0.06061	-0.01252	0.65454	0.00362	1	1.45898	0.81042	0	
1263699	8522.86914	3306028287382	0.45457	0.33535	8522.82910	0.04004	11708	1	0.47433	0.20398	1	0.45725	0.48176	1	0.46579	0.34287	1	0.47971	0.53175	10.35577	1.03583	1	0.74145	0.55440	11.17058	1.03583	1	-0.00483	-0.00905	0.68555	0.00204	1	0.06061	-0.01252	0.65454	0.00373	1	1.45898	0.81042	0	
1263700	8522.87598	3306028354351	0.45551	0.33584	8522.82910	0.04688	11708	1	0.47070	0.20120	1	0.45349	0.47746	1	0.46209	0.33933	1	0.47962	0.53181	10.22335	1.03583	1	0.74138	0.55440	11.58118	1.03583	1	-0.00483	-0.00905	0.68555	0.00212	1	0.06061	-0.01252	0.65454	0.00365	1	1.45898	0.81042	0	
1263701	8522.88281	3306028420292	0.45618	0.33510	8522.82910	0.05371	11708	1	0.46933	0.19258	1	0.45379	0.46578	1	0.46156	0.32918	1	0.47987	0.53174	9.86961	1.04492	1	0.74107	0.55474	11.96968	1.05258	1	-0.00493	-0.00934	0.70758	0.00214	1	0.06431	-0.01334	0.69504	0.00369	1	1.45898	0.81042	0	
1263702	8522.88867	3306028485602	0.45731	0.33373	8522.82910	0.05957	11708	1	0.48035	0.19804	1	0.45453	0.44477	1	0.46744	0.32140	1	0.47984	0.53191	10.28775	1.06166	1	0.74134	0.55438	11.60650	1.06932	1	-0.00493	-0.00934	0.70758	0.00210	1	0.06431	-0.01334	0.69504	0.00361	1	1.45898	0.81042	0	
1263703	8522.89551	3306028553461	0.45813	0.32972	8522.82910	0.06641	11708	1	0.47859	0.17414	1	0.45398	0.40504	1	0.46628	0.28959	1	0.47976	0.53187	10.12585	1.07841	1	0.74137	0.55437	11.42934	1.08607	1	-0.00493	-0.00934	0.70758	0.00216	1	0.06431	-0.01334	0.69504	0.00367	1	1.45898	0.81042	0	
1263704	8522.90234	3306028621952	0.45876	0.32608	8522.82910	0.07324	11708	1	0.47753	0.16697	1	0.45398	0.40504	1	0.46576	0.28600	1	0.47985	0.53191	10.45088	1.08607	1	0.74089	0.55418	11.55318	1.08607	1	-0.00468	-0.00896	0.67854	0.00210	1	0.06114	-0.01268	0.66023	0.00409	1	1.45898	0.81042	0	
1263705	8522.90918	3306028686811	0.45692	0.32513	8522.82910	0.08008	11708	1	0.45178	0.16955	1	0.41790	0.45807	1	0.43484	0.31381	1	0.47988	0.53193	10.51192	1.07698	1	0.74078	0.55486	11.95142	1.06932	1	-0.00468	-0.00896	0.67854	0.00211	1	0.06114	-0.01268	0.66023	0.00379	1	1.45898	0.81042	0	
1263706	8522.91602	3306028752499	0.45608	0.32588	8522.82910	0.08691	11708	1	0.45836	0.21166	1	0.43182	0.45942	1	0.44509	0.33554	1	0.47978	0.53198	10.59103	1.06024	1	0.74102	0.55443	11.81371	1.05258	1	-0.00468	-0.00896	0.67854	0.00209	1	0.06114	-0.01268	0.66023	0.00398	1	1.45898	0.81042	0	
1263707	8522.92285	3306028818969	0.45538	0.32693	8522.82910	0.09375	11708	1	0.45956	0.21869	1	0.43184	0.46480	1	0.44570	0.34174	1	0.47991	0.53199	10.52152	1.05258	1	0.74134	0.55376	11.07319	1.04492	1	-0.00481	-0.00916	0.68975	0.00212	1	0.06061	-0.01262	0.65454	0.00411	1	1.45898	0.81042	0	
1263708	8522.92969	3306028889368	0.44798	0.31493	8522.82910	0.10059	11708	1	0.45956	0.21869	0	0.33690	0.13489	1	0.33690	0.13489	1	0.47991	0.53199	10.52152	1.05400	0	0.47983	0.53224	10.99930	1.05400	1	-0.00481	-0.00916	0.68975	0.00212	1	0.06061	-0.01262	0.65454	0.00215	1	1.45898	0.81042	0	
1263709	8522.93652	3306028957658	0.44212	0.30213	8522.82910	0.10742	11708	1	0.45956	0.21869	0	0.34838	0.09736	1	0.34838	0.09736	1	0.47991	0.53199	10.52152	1.06309	0	0.48002	0.53197	10.46908	1.06309	1	-0.00481	-0.00916	0.68975	0.00212	1	0.06061	-0.01262	0.65454	0.00216	1	1.45898	0.81042	0	
1263710	8522.94336	3306029025619	0.43680	0.28931	8522.82910	0.11426	11708	1	0.45956	0.21869	0	0.34644	0.07130	1	0.34644	0.07130	1	0.47991	0.53199	10.52152	1.07217	0	0.47965	0.53526	10.41545	1.08851	1	-0.00481	-0.00916	0.68975	0.00212	1	-0.00493	-0.00945	0.70758	0.00376	1	1.45898	0.81042	0	
1263711	8522.94922	3306029091163	0.42035	0.24900	8522.82910	0.11426	11708	0	0.45956	0.21869	0	0.36376	0.12781	1	0.36376	0.12781	1	0.47991	0.53199	10.52152	1.08851	0	0.47952	0.53281	10.35026	1.10485	1	-0.00481	-0.00916	0.68975	0.00212	1	-0.00493	-0.00945	0.70758	0.00235	1	1.45898	0.81042	0	
1263712	8522.95605	3306029158470	0.40058	0.15280	8522.82910	0.11426	11708	0	0.45956	0.21869	0	0.38081	0.05660	1	0.38081	0.05660	1	0.47991	0.53199	10.52152	1.10485	0	0.47939	0.53261	9.96781	1.12119	1	-0.00481	-0.00916	0.68975	0.00212	1	-0.00493	-0.00945	0.70758	0.00225	1	1.45898	0.81042	0	
1263713	8522.96289	3306029225570	0.39374	0.11523	8522.82910	0.11426	11708	0	0.45956	0.21869	0	0.38008	0.04008	1	0.38008	0.04008	1	0.47991	0.53199	10.52152	1.12119	0	0.47623	0.53402	10.41261	1.13753	1	-0.00481	-0.00916	0.68975	0.00212	1	-0.00522	-0.00961	0.70384	0.00217	1	1.45898	0.81042	0	
1263714	8522.96973	3306029290477	0.32038	0.07052	8522.82910	0.11426	11708	0	0.45956	0.21869	0	0.20024	0.11487	1	0.20024	0.11487	1	0.47991	0.53199	10.52152	1.13753	0	0.47601	0.53396	10.30625	1.13753	1	-0.00481	-0.00916	0.68975	0.00212	1	-0.00522	-0.00961	0.70384	0.00228	1	1.45898	0.81042	0	
1263715	8522.97656	3306029357807	0.25868	0.08968	8522.82910	0.11426	11708	0	0.45956	0.21869	0	0.19699	0.10884	1	0.19699	0.10884	1	0.47991	0.53199	10.52152	1.13753	0	0.47599	0.53391	10.43102	1.13753	1	-0.00481	-0.00916	0.68975	0.00212	1	-0.00522	-0.00961	0.70384	0.00228	1	1.45898	0.81042	0	
1263716	8522.98340	3306029425983	0.23869	0.09877	8522.82910	0.11426	11708	0	0.45956	0.21869	0	0.19871	0.11694	1	0.19871	0.11694	1	0.47991	0.53199	10.52152	1.13753	0	0.47545	0.53433	10.31091	1.12885	1	-0.00481	-0.00916	0.68975	0.00212	1	-0.00528	-0.00942	0.68986	0.00233	1	1.45898	0.81042	0	
1263717	8522.99023	3306029493365	0.18855	0.13416	8522.82910	0.11426	11708	0	0.45956	0.21869	0	0.16995	0.17669	1	0.16995	0.17669	1	0.47991	0.53199	10.52152	1.12885	0	0.47546	0.53444	10.60572	1.12017	1	-0.00481	-0.00916	0.68975	0.00212	1	-0.00528	-0.00942	0.68986	0.00230	1	1.45898	0.81042	0	
1263718	8522.99609	3306029560596	0.25182	0.21477	8522.82910	0.11426	11708	0	0.30441	0.24003	1	0.32577	0.35073	1	0.31509	0.29538	1	0.47549	0.53429	10.47075	1.12017	1	0.73691	0.55615	11.33089	1.11149	1	-0.00481	-0.00916	0.68975	0.00223	1	-0.00528	-0.00942	0.68986	0.00360	1	1.45898	0.81042	0	
1263719	8523.00293	3306029627631	0.27397	0.24640	8522.82910	0.11426	11708	0	0.30911	0.25517	1	0.32744	0.36413	1	0.31828	0.30965	1	0.47561	0.53482	11.14986	1.10241	1	0.73695	0.55602	11.85231	1.09373	1	-0.00515	-0.00924	0.67320	0.00215	1	0.06261	-0.01343	0.68326	0.00350	1	1.45898	0.81042	0	
1263720	8523.00977	3306029694492	0.31517	0.33069	8522.82910	0.11426	11708	0	0.31309	0.31107	1	0.31118	0.46301	1	0.31214	0.38704	1	0.47562	0.53480	11.16962	1.08464	1	0.73670	0.55666	11.46690	1.08464	1	-0.00515	-0.00924	0.67320	0.00221	1	0.06261	-0.01343	0.68326	0.00370	1	1.45898	0.81042	0	
1263721	8523.01660	3306029760934	0.30886	0.34822	8522.82910	0.11426	11708	0	0.31915	0.31237	1	0.28595	0.41911	1	0.30255	0.36574	1	0.47569	0.53480	10.82579	1.07556	1	0.73670	0.55604	11.50070	1.07556	1	-0.00515	-0.00924	0.67320	0.00237	1	0.06261	-0.01343	0.68326	0.00358	1	1.45898	0.81042	0	
1263722	8523.02344	3306029828311	0.30736	0.35638	8522.82910	0.11426	11708	0	0.32157	0.31980	1	0.28716	0.42560	1	0.30437	0.37270	1	0.47582	0.53482	10.94586	1.06647	1	0.73661	0.55589	11.22221	1.06647	1	-0.00513	-0.00945	0.68451	0.00226	1	0.06304	-0.01350	0.68689	0.00416	1	1.45898	0.81042	0	
1263723	8523.03027	3306029895492	0.30872	0.35059	8523.00977	0.02051	11709	1	0.30726	0.31318	1	0.31832	0.35331	1	0.31279	0.33324	1	0.47575	0.53471	11.32291	1.06647	1	0.73707	0.55601	11.53235	1.06647	1	-0.00513	-0.00945	0.68451	0.00225	1	0.06304	-0.01350	0.68689	0.00380	1	1.45898	0.81042	0	
1263724	8523.03613	3306029960796	0.30883	0.35321	8523.00977	0.02637	11709	1	0.31723	0.32660	1	0.30136	0.40073	1	0.30930	0.36367	1	0.47597	0.53474	11.08352	1.06647	1	0.73682	0.55634	11.33911	1.06647	1	-0.00513	-0.00945	0.68451	0.00221	1	0.06304	-0.01350	0.68689	0.00398	1	1.45898	0.81042	0	
1263725	8523.04297	3306030028907	0.30882	0.35442	8523.00977	0.03320	11709	1	0.31723	0.32660	1	0.30032	0.39432	1	0.30878	0.36046	1	0.47599	0.53473	11.18509	1.06647	1	0.73723	0.55632	11.11778	1.07515	1	-0.00513	-0.00945	0.68451	0.00216	1	0.06478	-0.01391	0.70527	0.00366	1	1.45898	0.81042	0	
1263726	8523.04980	3306030096251	0.30993	0.34805	8523.00977	0.04004	11709	1	0.31778	0.29261	1	0.31535	0.32708	1	0.31656	0.30985	1	0.47598	0.53449	10.30881	1.07515	1	0.73707	0.55570	10.87383	1.08383	1	-0.00513	-0.00945	0.68451	0.00239	1	0.06478	-0.01391	0.70527	0.00390	1	1.45898	0.81042	0	
1263727	8523.05664	3306030161994	0.31085	0.34285	8523.00977	0.04688	11709	1	0.31186	0.23104	1	0.32267	0.38181	1	0.31726	0.30643	1	0.47594	0.53442	10.25136	1.08383	1	0.73724	0.55632	11.54296	1.09251	1	-0.00513	-0.00945	0.68451	0.00226	1	0.06478	-0.01391	0.70527	0.00362	1	1.45898	0.81042	0	
1263728	8523.06348	3306030227760	0.31159	0.33910	8523.00977	0.05371	11709	1	0.31168	0.23045	1	0.32346	0.38774	1	0.31757	0.30909	1	0.47591	0.53438	9.81012	1.08449	1	0.73732	0.55631	11.45668	1.08449	1	-0.00490	-0.00911	0.66034	0.00239	1	0.06304	-0.01355	0.68689	0.00356	1	1.45898	0.81042	0	
1263729	8523.07031	3306030297637	0.31215	0.33788	8523.00977	0.06055	11709	1	0.30794	0.26600	1	0.32638	0.38786	1	0.31716	0.32693	1	0.47593	0.53442	10.29275	1.07648	1	0.73724	0.55628	11.37778	1.06780	1	-0.00490	-0.00911	0.66034	0.00227	1	0.06304	-0.01355	0.68689	0.00364	1	1.45898	0.81042	0	
1263730	8523.07715	3306030364409	0.31320	0.33822	8523.00977	0.06738	11709	1	0.31159	0.29503	1	0.33570	0.38823	1	0.32365	0.34163	1	0.47588	0.53438	10.12534	1.05978	1	0.73739	0.55616	11.41358	1.05110	1	-0.00490	-0.00911	0.66034	0.00232	1	0.06304	-0.01355	0.68689	0.00347	1	1.45898	0.81042	0	
1263731	8523.08398	3306030430626	0.31417	0.33881	8523.00977	0.07422	11709	1	0.31399	0.30239	1	0.33570	0.38823	1	0.32485	0.34531	1	0.47610	0.53432	10.09027	1.05110	1	0.73716	0.55633	11.87131	1.05110	1	-0.00503	-0.00940	0.68498	0.00222	1	0.06478	-0.01391	0.70527	0.00346	1	1.45898	0.81042	0	
1263732	8523.08984	3306030498377	0.31552	0.33848	8523.00977	0.08008	11709	1	0.34635	0.27457	1	0.31721	0.39436	1	0.33178	0.33446	1	0.47628	0.53423	10.22733	1.05912	1	0.73719	0.55636	11.59041	1.06780	1	-0.00503	-0.00940	0.68498	0.00231	1	0.06478	-0.01391	0.70527	0.00345	1	1.45898	0.81042	0	
1263733	8523.09668	3306030561161	0.31604	0.33714	8523.00977	0.08691	11709	1	0.33136	0.26792	1	0.31415	0.37146	1	0.32275	0.31969	1	0.47626	0.53422	10.16455	1.07581	1	0.73714	0.55620	11.50530	1.08449	1	-0.00503	-0.00940	0.68498	0.00233	1	0.06478	-0.01391	0.70527	0.00350	1	1.45898	0.81042	0	
1263734	8523.10352	3306030632179	0.31632	0.33529	8523.00977	0.09375	11709	1	0.32710	0.25357	1	0.31330	0.36542	1	0.32020	0.30949	1	0.47616	0.53439	10.41745	1.09251	1	0.73729	0.55601	11.36862	1.09251	1	-0.00503	-0.00940	0.68498	0.00226	1	0.06316	-0.01355	0.68702	0.00355	1	1.45898	0.81042	0	
1263735	8523.11035	3306030699141	0.31731	0.33283	8523.00977	0.10059	11709	1	0.33458	0.24287	1	0.32982	0.34904	1	0.33220	0.29596	1	0.47627	0.53420	10.13879	1.09251	1	0.73742	0.55595	11.84050	1.08383	1	-0.00503	-0.00940	0.68498	0.00230	1	0.06316	-0.01355	0.68702	0.00350	1	1.45898	0.81042	0	
1263736	8523.11719	3306030763860	0.31809	0.33256	8523.00977	0.10742	11709	1	0.33036	0.27815	1	0.33072	0.37801	1	0.33054	0.32808	1	0.47614	0.53433	10.42108	1.08383	1	0.73739	0.55622	10.69353	1.07515	1	-0.00503	-0.00940	0.68498	0.00223	1	0.06316	-0.01355	0.68702	0.00346	1	1.45898	0.81042	0	
1263737	8523.12402	3306030833279	0.31886	0.33269	8523.00977	0.11426	11709	1	0.33257	0.28548	1	0.33153	0.38457	1	0.33205	0.33502	1	0.47616	0.53439	10.58146	1.07515	1	0.73750	0.55549	10.38876	1.06647	1	-0.00498	-0.00926	0.67813	0.00222	1	0.06316	-0.01355	0.68702	0.00367	1	1.45898	0.81042	0	
1263738	8523.13086	3306030900150	0.32014	0.33160	8523.00977	0.12109	11709	1	0.33432	0.28145	1	0.35203	0.34228	1	0.34317	0.31187	1	0.47623	0.53426	10.22383	1.06647	1	0.73764	0.55575	10.77616	1.06647	1	-0.00498	-0.00926	0.67813	0.00232	1	0.06316	-0.01355	0.68702	0.00364	1	1.45898	0.81042	0	
1263739	8523.13672	3306030967015	0.32088	0.33166	8523.00977	0.12695	11709	1	0.33807	0.28501	1	0.33155	0.38070	1	0.33481	0.33285	1	0.47629	0.53422	10.30640	1.06647	1	0.73735	0.55614	11.31009	1.06647	1	-0.00498	-0.00926	0.67813	0.00226	1	0.06316	-0.01355	0.68702	0.00372	1	1.45898	0.81042	0	
1263740	8523.14355	3306031033989	0.32154	0.33172	8523.00977	0.13379	11709	1	0.33807	0.28501	1	0.33155	0.38070	1	0.33481	0.33285	1	0.47615	0.53420	10.12208	1.06647	1	0.73699	0.55607	11.08369	1.06647	1	-0.00503	-0.00940	0.68498	0.00228	1	0.06316	-0.01355	0.68702	0.00361	1	1.45898	0.81042	0	
1263741	8523.15039	3306031101563	0.32141	0.33094	8523.00977	0.14062	11709	1	0.35006	0.23810	1	0.28754	0.39121	1	0.31880	0.31465	1	0.47601	0.53425	10.02547	1.06647	1	0.73666	0.55616	11.30085	1.06647	1	-0.00503	-0.00940	0.68498	0.00220	1	0.06316	-0.01355	0.68702	0.00396	1	1.45898	0.81042	0	
1263742	8523.15723	3306031168799	0.32230	0.32977	8523.00977	0.14746	11709	1	0.31974	0.20480	1	0.36365	0.40319	1	0.34169	0.30399	1	0.47571	0.53439	9.87564	1.06647	1	0.73710	0.55619	11.41436	1.06647	1	-0.00503	-0.00940	0.68498	0.00217	1	0.06316	-0.01355	0.68702	0.00355	1	1.45898	0.81042	0	
1263743	8523.16406	3306031235011	0.32309	0.32856	8523.00977	0.15430	11709	1	0.31974	0.20480	1	0.36309	0.39676	1	0.34141	0.30078	1	0.47404	0.53563	10.21398	1.06647	1	0.73512	0.55704	11.58232	1.07515	1	-0.00515	-0.00934	0.67320	0.00220	1	0.06516	-0.01417	0.71281	0.00344	1	1.45898	0.81042	0	
1263744	8523.17090	3306031301754	0.32104	0.33056	8523.00977	0.16113	11709	1	0.25960	0.30542	1	0.28384	0.45167	1	0.27172	0.37855	1	0.47388	0.53556	9.85865	1.07515	1	0.73506	0.55709	11.50305	1.08383	1	-0.00515	-0.00934	0.67320	0.00221	1	0.06516	-0.01417	0.71281	0.00343	1	1.45898	0.81042	0	
1263745	8523.17773	3306031368308	0.31880	0.33225	8523.00977	0.16797	11709	1	0.24391	0.30398	1	0.28164	0.44518	1	0.26277	0.37458	1	0.47369	0.53570	9.78937	1.08383	1	0.73496	0.55721	11.71492	1.09251	1	-0.00515	-0.00934	0.67320	0.00224	1	0.06516	-0.01417	0.71281	0.00342	1	1.45898	0.81042	0	
1263746	8523.18457	3306031436098	0.31665	0.33358	8523.00977	0.17480	11709	1	0.24111	0.29682	1	0.28046	0.43928	1	0.26078	0.36805	1	0.47330	0.53598	9.70127	1.09251	1	0.73410	0.55700	11.82683	1.10119	1	-0.00542	-0.00951	0.68174	0.00218	1	0.06527	-0.01424	0.71637	0.00326	1	1.45898	0.81042	0	
1263747	8523.19043	3306031502702	0.31293	0.33642	8523.00977	0.18066	11709	1	0.20575	0.33761	1	0.21912	0.48879	1	0.21244	0.41320	1	0.47312	0.53616	9.40534	1.10119	1	0.73418	0.55752	11.66155	1.10119	1	-0.00542	-0.00951	0.68174	0.00226	1	0.06527	-0.01424	0.71637	0.00354	1	1.45898	0.81042	0	
1263748	8523.19727	3306031570127	0.30963	0.33804	8523.00977	0.18750	11709	1	0.21314	0.33304	1	0.22149	0.43348	1	0.21732	0.38326	1	0.47327	0.53606	9.45286	1.10119	1	0.73407	0.55698	11.64456	1.10119	1	-0.00542	-0.00951	0.68174	0.00215	1	0.06527	-0.01424	0.71637	0.00327	1	1.45898	0.81042	0	
1263749	8523.20410	3306031637342	0.30655	0.33955	8523.00977	0.19434	11709	1	0.21314	0.33304	1	0.22149	0.43348	1	0.21732	0.38326	1	0.47315	0.53596	9.62285	1.10119	1	0.73408	0.55724	11.57646	1.10119	1	-0.00542	-0.00951	0.68174	0.00218	1	0.06139	-0.01334	0.67390	0.00356	1	1.45898	0.81042	0	
1263750	8523.21094	3306031703768	0.27810	0.35500	8523.00977	0.19434	11709	0	0.22913	0.32079	1	0.21743	0.42719	1	0.22328	0.37399	1	0.47317	0.53598	9.68079	1.10119	1	0.73412	0.55684	11.66312	1.10119	1	-0.00542	-0.00951	0.68174	0.00215	1	0.06139	-0.01334	0.67390	0.00329	1	1.45898	0.81042	0	
1263751	8523.21680	3306031767772	0.24628	0.37762	8523.00977	0.19434	11709	0	0.21628	0.36283	1	0.21266	0.43764	1	0.21447	0.40024	1	0.47302	0.53594	9.42789	1.10119	1	0.73407	0.55702	11.63103	1.10119	1	-0.00542	-0.00951	0.68174	0.00216	1	0.06139	-0.01334	0.67390	0.00339	1	1.45898	0.81042	0	
1263752	8523.22461	3306031837693	0.23568	0.38516	8523.00977	0.19434	11709	0	0.21628	0.36283	1	0.21266	0.43764	1	0.21447	0.40024	1	0.47286	0.53592	9.48997	1.10119	1	0.73430	0.55683	11.34736	1.10119	1	-0.00542	-0.00951	0.68174	0.00216	1	0.06139	-0.01334	0.67390	0.00340	1	1.45898	0.81042	0	
1263753	8523.23145	3306031904879	0.24202	0.38284	8523.21094	0.02051	11710	1	0.24491	0.34091	1	0.27715	0.41085	1	0.26103	0.37588	1	0.47294	0.53579	9.35701	1.10119	1	0.73427	0.55696	11.20107	1.10119	1	-0.00542	-0.00951	0.68174	0.00212	1	0.06139	-0.01334	0.67390	0.00342	1	1.45898	0.81042	0	
1263754	8523.23730	3306031971742	0.24490	0.38652	8523.21094	0.02637	11710	1	0.23463	0.36792	1	0.27820	0.43461	1	0.25642	0.40127	1	0.47284	0.53592	9.51255	1.10119	1	0.73431	0.55706	11.22989	1.10119	1	-0.00542	-0.00951	0.68174	0.00215	1	0.06139	-0.01334	0.67390	0.00341	1	1.45898	0.81042	0	
1263755	8523.24414	3306032038902	0.24713	0.38994	8523.21094	0.03320	11710	1	0.23727	0.37395	1	0.27931	0.44009	1	0.25829	0.40702	1	0.47279	0.53560	9.30189	1.09318	1	0.73421	0.55659	11.26456	1.09318	1	-0.00546	-0.00927	0.66799	0.00213	1	0.06527	-0.01413	0.71637	0.00363	1	1.45898	0.81042	0	
1263756	8523.25098	3306032106295	0.24878	0.39188	8523.21094	0.04004	11710	1	0.24167	0.35968	1	0.27569	0.44732	1	0.25868	0.40350	1	0.47284	0.53567	10.18499	1.08516	1	0.73418	0.55663	11.23680	1.08516	1	-0.00546	-0.00927	0.66799	0.00209	1	0.06527	-0.01413	0.71637	0.00359	1	1.45898	0.81042	0	
1263757	8523.25781	3306032172299	0.24968	0.39360	8523.21094	0.04688	11710	1	0.23659	0.36726	1	0.27545	0.44401	1	0.25602	0.40564	1	0.47268	0.53578	10.00673	1.07714	1	0.73420	0.55650	11.23172	1.07714	1	-0.00546	-0.00927	0.66799	0.00216	1	0.06527	-0.01413	0.71637	0.00366	1	1.45898	0.81042	0	
1263758	8523.26465	3306032239176	0.25046	0.39527	8523.21094	0.05371	11710	1	0.23659	0.36726	1	0.27670	0.45000	1	0.25664	0.40863	1	0.47262	0.53533	9.35269	1.07714	1	0.73405	0.55721	12.03081	1.06846	1	-0.00565	-0.00945	0.68473	0.00213	1	0.06207	-0.01335	0.68184	0.00343	1	1.45898	0.81042	0	
1263759	8523.27148	3306032307259	0.24980	0.39871	8523.21094	0.06055	11710	1	0.22610	0.33022	1	0.26158	0.52910	1	0.24384	0.42966	1	0.47257	0.53532	9.08242	1.07648	1	0.73395	0.55677	11.77984	1.06780	1	-0.00565	-0.00945	0.68473	0.00215	1	0.06207	-0.01335	0.68184	0.00333	1	1.45898	0.81042	0	
1263760	8523.27832	3306032374848	0.24984	0.40056	8523.21094	0.06738	11710	1	0.22496	0.32783	1	0.27565	0.51027	1	0.25030	0.41905	1	0.47257	0.53532	9.55351	1.07581	1	0.73416	0.55668	12.52406	1.06713	1	-0.00565	-0.00945	0.68473	0.00210	1	0.06207	-0.01335	0.68184	0.00330	1	1.45898	0.81042	0	
1263761	8523.28418	3306032438614	0.24994	0.40234	8523.21094	0.07324	11710	1	0.22519	0.32836	1	0.27685	0.51556	1	0.25102	0.42196	1	0.47234	0.53497	8.94499	1.07515	1	0.73422	0.55659	12.57417	1.05881	1	-0.00565	-0.00945	0.68473	0.00228	1	0.06060	-0.01304	0.66626	0.00330	1	1.45898	0.81042	0	
1263762	8523.29102	3306032507760	0.24977	0.40387	8523.21094	0.08008	11710	1	0.22993	0.32691	1	0.26561	0.51768	1	0.24777	0.42229	1	0.47249	0.53507	9.33027	1.05881	1	0.73397	0.55649	11.15954	1.05115	1	-0.00565	-0.00945	0.68473	0.00220	1	0.06060	-0.01304	0.66626	0.00338	1	1.45898	0.81042	0	
1263763	8523.29785	3306032575083	0.24802	0.40592	8523.21094	0.08691	11710	1	0.20597	0.35337	1	0.24450	0.51165	1	0.22524	0.43251	1	0.47214	0.53523	9.15721	1.05115	1	0.73367	0.55658	11.58663	1.04349	1	-0.00565	-0.00945	0.68473	0.00238	1	0.06060	-0.01304	0.66626	0.00341	1	1.45898	0.81042	0	
1263764	8523.30469	3306032640707	0.24660	0.40790	8523.21094	0.09375	11710	1	0.20878	0.35953	1	0.24450	0.51165	1	0.22664	0.43559	1	0.47212	0.53508	9.37212	1.04349	1	0.73366	0.55625	11.41509	1.04349	1	-0.00565	-0.00935	0.68473	0.00211	1	0.07203	-0.01546	0.79256	0.00351	1	1.45898	0.81042	0	
1263765	8523.31152	3306032707156	0.24634	0.41072	8523.21094	0.10059	11710	1	0.25113	0.39052	1	0.23390	0.51565	1	0.24252	0.45309	1	0.47227	0.53481	9.43715	1.04349	1	0.73351	0.55650	11.55332	1.05115	1	-0.00565	-0.00935	0.68473	0.00226	1	0.07203	-0.01546	0.79256	0.00354	1	1.45898	0.81042	0	
1263766	8523.31738	3306032771512	0.24514	0.41270	8523.21094	0.10645	11710	1	0.20985	0.39502	1	0.24193	0.49349	1	0.22589	0.44425	1	0.47221	0.53490	9.52365	1.05115	1	0.73365	0.55637	11.66304	1.05881	1	-0.00565	-0.00935	0.68473	0.00217	1	0.07203	-0.01546	0.79256	0.00344	1	1.45898	0.81042	0	
1263767	8523.32422	3306032839764	0.24395	0.41415	8523.21094	0.11328	11710	1	0.20705	0.38917	1	0.24057	0.48848	1	0.22381	0.43883	1	0.47279	0.53516	9.43468	1.05881	1	0.73426	0.55653	12.00707	1.06647	1	-0.00556	-0.00925	0.67422	0.00215	1	0.06207	-0.01335	0.68184	0.00326	1	1.45898	0.81042	0	
1263768	8523.33105	3306032907324	0.24356	0.41336	8523.21094	0.12012	11710	1	0.19977	0.32594	1	0.27328	0.47249	1	0.23653	0.39922	1	0.47295	0.53535	8.79049	1.06647	1	0.73491	0.55684	12.25077	1.06647	1	-0.00556	-0.00925	0.67422	0.00220	1	0.06207	-0.01335	0.68184	0.00348	1	1.45898	0.81042	0	
1263769	8523.33789	3306032974516	0.24113	0.41446	8523.21094	0.12695	11710	1	0.16659	0.34538	1	0.22323	0.52515	1	0.19491	0.43526	1	0.47300	0.53534	8.54338	1.06647	1	0.73491	0.55681	12.22884	1.06647	1	-0.00556	-0.00925	0.67422	0.00220	1	0.06207	-0.01335	0.68184	0.00355	1	1.45898	0.81042	0	
1263770	8523.34473	3306033041273	0.23893	0.41545	8523.21094	0.13379	11710	1	0.16659	0.34538	1	0.22323	0.52515	1	0.19491	0.43526	1	0.47831	0.53935	10.36950	1.06647	1	0.73820	0.55822	11.81413	1.06647	1	-0.00493	-0.00942	0.67141	0.00317	1	0.06316	-0.01365	0.68702	0.00296	1	1.45898	0.81042	0	
1263771	8523.35156	3306033110519	0.24589	0.42430	8523.21094	0.14062	11710	1	0.42168	0.63237	1	0.36243	0.58810	1	0.39205	0.61023	1	0.47866	0.53992	9.65892	1.06647	1	0.73837	0.55843	11.06489	1.06647	1	-0.00493	-0.00942	0.67141	0.00327	1	0.06316	-0.01365	0.68702	0.00331	1	1.45898	0.81042	0	
1263772	8523.35840	3306033177182	0.25142	0.45973	8523.21094	0.14062	11710	0	0.39286	0.63513	1	0.31867	0.54137	1	0.35577	0.58825	1	0.47860	0.53988	9.81388	1.06647	1	0.73844	0.55798	11.05984	1.06647	1	-0.00493	-0.00942	0.67141	0.00322	1	0.06316	-0.01365	0.68702	0.00363	1	1.45898	0.81042	0	
1263773	8523.36523	3306033244283	0.30445	0.52741	8523.21094	0.14062	11710	0	0.39462	0.63925	1	0.32033	0.55093	1	0.35747	0.59509	1	0.48067	0.54040	11.27933	1.05845	1	0.74018	0.55850	9.93621	1.05079	1	-0.00429	-0.00900	0.62857	0.00283	1	0.06191	-0.01348	0.67069	0.00340	1	1.45898	0.81042	0	
1263774	8523.37207	3306033311567	0.36113	0.57337	8523.21094	0.14062	11710	0	0.52736	0.70557	1	0.42162	0.62500	1	0.47449	0.66529	1	0.48119	0.54076	11.69699	1.04278	1	0.74013	0.55911	10.19059	1.03512	1	-0.00429	-0.00900	0.62857	0.00292	1	0.06191	-0.01348	0.67069	0.00325	1	1.45898	0.81042	0	
1263775	8523.37793	3306033377997	0.43603	0.65238	8523.21094	0.14062	11710	0	0.53027	0.69965	1	0.42201	0.69388	1	0.47614	0.69677	1	0.48072	0.54059	10.59846	1.02710	1	0.74012	0.55928	10.18084	1.01944	1	-0.00429	-0.00900	0.62857	0.00284	1	0.06191	-0.01348	0.67069	0.00316	1	1.45898	0.81042	0	
1263776	8523.38477	3306033446145	0.45629	0.67547	8523.21094	0.14062	11710	0	0.53108	0.70322	1	0.42201	0.69388	1	0.47654	0.69855	1	0.48024	0.53985	10.02776	1.01944	1	0.74015	0.55969	10.18600	1.01944	1	-0.00469	-0.00963	0.67946	0.00294	1	0.06224	-0.01356	0.67488	0.00323	1	1.45898	0.81042	0	
1263777	8523.39160	3306033512300	0.45841	0.69127	8523.21094	0.14062	11710	0	0.49559	0.68458	1	0.42968	0.76117	1	0.46264	0.72287	1	0.48011	0.54034	10.32284	1.02746	1	0.74030	0.56012	10.49557	1.03512	1	-0.00469	-0.00963	0.67946	0.00275	1	0.06224	-0.01356	0.67488	0.00300	1	1.45898	0.81042	0	
1263778	8523.39844	3306033579509	0.46043	0.69351	8523.37793	0.02051	11711	1	0.51189	0.66997	1	0.42110	0.73051	1	0.46649	0.70024	1	0.48003	0.54027	10.14888	1.04313	1	0.74018	0.55988	10.29185	1.05079	1	-0.00469	-0.00963	0.67946	0.00292	1	0.06224	-0.01356	0.67488	0.00305	1	1.45898	0.81042	0	
1263779	8523.40527	3306033645860	0.46144	0.69373	8523.37793	0.02734	11711	1	0.51001	0.66231	1	0.42099	0.72693	1	0.46550	0.69462	1	0.48024	0.54025	9.95665	1.05881	1	0.74016	0.55971	10.62903	1.05881	1	-0.00469	-0.00963	0.67946	0.00290	1	0.06191	-0.01348	0.67069	0.00292	1	1.45898	0.81042	0	
1263780	8523.41211	3306033713239	0.46271	0.69385	8523.37793	0.03418	11711	1	0.51888	0.65964	1	0.41928	0.72925	1	0.46908	0.69445	1	0.48018	0.54018	9.98365	1.05881	1	0.74014	0.55975	10.63057	1.05115	1	-0.00469	-0.00963	0.67946	0.00299	1	0.06191	-0.01348	0.67069	0.00290	1	1.45898	0.81042	0	
1263781	8523.41895	3306033780240	0.46358	0.69171	8523.37793	0.04102	11711	1	0.51905	0.67179	1	0.41854	0.68589	1	0.46879	0.67884	1	0.48015	0.54025	10.04954	1.05115	1	0.74014	0.55915	10.24741	1.04349	1	-0.00469	-0.00963	0.67946	0.00291	1	0.06191	-0.01348	0.67069	0.00316	1	1.45898	0.81042	0	
1263782	8523.42480	3306033847192	0.46422	0.69001	8523.37793	0.04688	11711	1	0.51889	0.67110	1	0.41851	0.68519	1	0.46870	0.67815	1	0.47996	0.54019	10.36497	1.05258	1	0.74035	0.55895	10.75860	1.04492	1	-0.00481	-0.00973	0.68975	0.00291	1	0.06191	-0.01348	0.67069	0.00322	1	1.45898	0.81042	0	
1263783	8523.43164	3306033914701	0.46598	0.68647	8523.37793	0.05371	11711	1	0.51744	0.69435	1	0.44261	0.62200	1	0.48003	0.65817	1	0.48020	0.54046	9.54412	1.05400	1	0.74045	0.55868	10.92525	1.05400	1	-0.00481	-0.00973	0.68975	0.00290	1	0.06191	-0.01348	0.67069	0.00319	1	1.45898	0.81042	0	
1263784	8523.43848	3306033979865	0.46688	0.68511	8523.37793	0.06055	11711	1	0.50188	0.72498	1	0.44815	0.62069	1	0.47502	0.67283	1	0.47987	0.54057	10.60710	1.06309	1	0.74051	0.55872	10.87791	1.06309	1	-0.00481	-0.00973	0.68975	0.00286	1	0.06191	-0.01348	0.67069	0.00318	1	1.45898	0.81042	0	
1263785	8523.44531	3306034048175	0.46757	0.68359	8523.37793	0.06738	11711	1	0.50073	0.72109	1	0.44826	0.61574	1	0.47449	0.66842	1	0.47992	0.54036	10.79335	1.07217	1	0.74042	0.55951	10.97095	1.07217	1	-0.00490	-0.00986	0.70334	0.00288	1	0.06191	-0.01348	0.67069	0.00286	1	1.45898	0.81042	0	
1263786	8523.45215	3306034114979	0.46804	0.68233	8523.37793	0.07422	11711	1	0.49999	0.65881	1	0.44626	0.67807	1	0.47313	0.66844	1	0.47984	0.54033	10.71472	1.07217	1	0.74049	0.55958	10.88903	1.07217	1	-0.00490	-0.00986	0.70334	0.00282	1	0.06191	-0.01348	0.67069	0.00295	1	1.45898	0.81042	0	
1263787	8523.45898	3306034181683	0.46845	0.68120	8523.37793	0.08105	11711	1	0.50262	0.65482	1	0.44421	0.68036	1	0.47341	0.66759	1	0.47987	0.54021	10.66913	1.07217	1	0.74047	0.55951	10.99936	1.07217	1	-0.00490	-0.00986	0.70334	0.00289	1	0.06191	-0.01348	0.67069	0.00285	1	1.45898	0.81042	0	
1263788	8523.46582	3306034250738	0.46884	0.68054	8523.37793	0.08789	11711	1	0.50375	0.65926	1	0.44413	0.68476	1	0.47394	0.67201	1	0.48020	0.54005	9.72559	1.06309	1	0.74059	0.55952	11.26347	1.06309	1	-0.00471	-0.00958	0.68306	0.00292	1	0.06191	-0.01338	0.67069	0.00292	1	1.45898	0.81042	0	
1263789	8523.47168	3306034315994	0.46999	0.68023	8523.37793	0.09375	11711	1	0.52144	0.63856	1	0.45074	0.71320	1	0.48609	0.67588	1	0.48016	0.54010	9.85755	1.05400	1	0.74059	0.55952	11.26347	1.05400	1	-0.00471	-0.00958	0.68306	0.00293	1	0.06191	-0.01338	0.67069	0.00292	1	1.45898	0.81042	0	
1263790	8523.47852	3306034382422	0.47105	0.68088	8523.37793	0.10059	11711	1	0.52592	0.68387	1	0.44806	0.69734	1	0.48699	0.69061	1	0.48017	0.54014	9.86592	1.04492	1	0.74057	0.55925	11.05179	1.04492	1	-0.00471	-0.00958	0.68306	0.00294	1	0.06191	-0.01338	0.67069	0.00304	1	1.45898	0.81042	0	
1263791	8523.48535	3306034450153	0.47202	0.68160	8523.37793	0.10742	11711	1	0.52690	0.68817	1	0.44804	0.69803	1	0.48747	0.69310	1	0.48015	0.54013	9.93647	1.03583	1	0.74061	0.55957	11.17228	1.04349	1	-0.00471	-0.00958	0.68306	0.00298	1	0.06256	-0.01356	0.67721	0.00293	1	1.45898	0.81042	0	
1263792	8523.49219	3306034517337	0.47196	0.68317	8523.37793	0.11426	11711	1	0.49849	0.71918	1	0.44344	0.70053	1	0.47096	0.70986	1	0.48016	0.54036	9.95514	1.04349	1	0.74051	0.55940	11.81211	1.05115	1	-0.00471	-0.00958	0.68306	0.00289	1	0.06256	-0.01356	0.67721	0.00288	1	1.45898	0.81042	0	
1263793	8523.49902	3306034584062	0.47136	0.68197	8523.37793	0.12109	11711	1	0.47335	0.61633	1	0.44762	0.70442	1	0.46049	0.66037	1	0.48023	0.53977	9.79871	1.05115	1	0.74055	0.55944	11.64065	1.05881	1	-0.00471	-0.00958	0.68306	0.00273	1	0.06256	-0.01356	0.67721	0.00288	1	1.45898	0.81042	0	
1263794	8523.50586	3306034650412	0.47078	0.68079	8523.37793	0.12793	11711	1	0.47219	0.61221	1	0.44762	0.70442	1	0.45990	0.65832	1	0.48041	0.53949	9.84069	1.05881	1	0.74071	0.55954	11.22615	1.05881	1	-0.00471	-0.00958	0.68306	0.00280	1	0.05959	-0.01291	0.64455	0.00286	1	1.45898	0.81042	0	
1263795	8523.51172	3306034715802	0.47105	0.68008	8523.37793	0.13379	11711	1	0.52706	0.67664	1	0.42568	0.65532	1	0.47637	0.66598	1	0.48103	0.54003	11.18515	1.05881	1	0.74057	0.55913	10.96645	1.05115	1	-0.00471	-0.00958	0.68306	0.00287	1	0.05959	-0.01291	0.64455	0.00284	1	1.45898	0.81042	0	
1263796	8523.51855	3306034780421	0.47030	0.67844	8523.37793	0.14062	11711	1	0.47550	0.62244	1	0.43335	0.66547	1	0.45443	0.64396	1	0.48038	0.53979	9.98783	1.05115	1	0.74077	0.55891	10.46258	1.04349	1	-0.00471	-0.00958	0.68306	0.00287	1	0.05959	-0.01291	0.64455	0.00296	1	1.45898	0.81042	0	
1263797	8523.52539	3306034849883	0.46966	0.67729	8523.37793	0.14746	11711	1	0.47785	0.63077	1	0.43338	0.67349	1	0.45561	0.65213	1	0.48053	0.54009	11.01538	1.03547	1	0.74100	0.55964	10.28237	1.02782	1	-0.00429	-0.00882	0.62857	0.00282	1	0.06114	-0.01327	0.66023	0.00303	1	1.45898	0.81042	0	
1263798	8523.53223	3306034918825	0.46934	0.67953	8523.37793	0.15430	11711	1	0.50982	0.74606	1	0.41436	0.71579	1	0.46209	0.73092	1	0.48061	0.53990	10.67579	1.01980	1	0.74088	0.55949	10.80241	1.01980	1	-0.00429	-0.00882	0.62857	0.00279	1	0.06114	-0.01327	0.66023	0.00296	1	1.45898	0.81042	0	
1263799	8523.53906	3306034985842	0.46941	0.68144	8523.37793	0.16113	11711	1	0.51083	0.74946	1	0.43112	0.70495	1	0.47097	0.72721	1	0.48061	0.53990	10.67579	1.01178	1	0.74113	0.55945	10.41218	1.01178	1	-0.00429	-0.00882	0.62857	0.00279	1	0.06114	-0.01327	0.66023	0.00295	1	1.45898	0.81042	0	
1263800	8523.54590	3306035052951	0.46947	0.68320	8523.37793	0.16797	11711	1	0.51083	0.74946	1	0.43112	0.70495	1	0.47097	0.72721	1	0.48077	0.54016	10.87239	1.01178	1	0.74142	0.55958	11.30063	1.01178	1	-0.00454	-0.00943	0.67259	0.00288	1	0.06114	-0.01322	0.66023	0.00293	1	1.45898	0.81042	0	
1263801	8523.55273	3306035119987	0.46905	0.68478	8523.37793	0.17480	11711	1	0.49403	0.73958	1	0.42226	0.71215	1	0.45814	0.72586	1	0.48080	0.54000	10.99382	1.01980	1	0.74134	0.55946	11.98479	1.01980	1	-0.00454	-0.00943	0.67259	0.00286	1	0.06114	-0.01322	0.66023	0.00288	1	1.45898	0.81042	0	
1263802	8523.55957	3306035186935	0.46818	0.68420	8523.37793	0.18164	11711	1	0.49906	0.68437	1	0.39024	0.65280	1	0.44465	0.66859	1	0.48132	0.53943	10.36170	1.02782	1	0.74159	0.55925	11.22043	1.02782	1	-0.00454	-0.00943	0.67259	0.00290	1	0.06114	-0.01322	0.66023	0.00284	1	1.45898	0.81042	0	
1263803	8523.56543	3306035252762	0.46736	0.68366	8523.37793	0.18750	11711	1	0.49906	0.68437	1	0.39024	0.65280	1	0.44465	0.66859	1	0.48329	0.53869	10.42593	1.02782	1	0.74408	0.55936	11.75314	1.02782	1	-0.00405	-0.00930	0.66699	0.00303	1	0.06226	-0.01338	0.66802	0.00315	1	1.45898	0.81042	0	
1263804	8523.57227	3306035321232	0.46995	0.68405	8523.37793	0.19434	11711	1	0.57504	0.66708	1	0.51500	0.72374	1	0.54502	0.69541	1	0.48409	0.53920	10.99791	1.01980	1	0.74440	0.55942	12.19225	1.01980	1	-0.00405	-0.00930	0.66699	0.00278	1	0.06226	-0.01338	0.66802	0.00292	1	1.45898	0.81042	0	
1263805	8523.57910	3306035387847	0.47149	0.68450	8523.37793	0.20117	11711	1	0.53845	0.65653	1	0.49697	0.73913	1	0.51771	0.69783	1	0.48423	0.53889	11.09511	1.01178	1	0.74461	0.55948	11.99952	1.01178	1	-0.00405	-0.00930	0.66699	0.00284	1	0.06226	-0.01338	0.66802	0.00306	1	1.45898	0.81042	0	
1263806	8523.58594	3306035454862	0.47295	0.68486	8523.37793	0.20801	11711	1	0.53845	0.65653	1	0.49743	0.73562	1	0.51794	0.69608	1	0.48535	0.53881	10.55340	1.01178	1	0.74596	0.55910	11.86447	1.01944	1	-0.00376	-0.00945	0.67736	0.00287	1	0.06393	-0.01366	0.68212	0.00320	1	1.45898	0.81042	0	
1263807	8523.59277	3306035522392	0.47610	0.68446	8523.37793	0.21484	11711	1	0.61343	0.60633	1	0.54092	0.73686	1	0.57717	0.67160	1	0.48555	0.53861	10.63193	1.02746	1	0.74612	0.55974	12.36443	1.03512	1	-0.00376	-0.00945	0.67736	0.00304	1	0.06393	-0.01366	0.68212	0.00315	1	1.45898	0.81042	0	
1263808	8523.59961	3306035588705	0.47930	0.68394	8523.37793	0.22168	11711	1	0.62371	0.58665	1	0.54570	0.74703	1	0.58470	0.66684	1	0.48577	0.53856	11.17467	1.04313	1	0.74593	0.55973	13.20665	1.05079	1	-0.00376	-0.00945	0.67736	0.00303	1	0.06393	-0.01366	0.68212	0.00313	1	1.45898	0.81042	0	
1263809	8523.60645	3306035655357	0.50659	0.69493	8523.37793	0.22168	11711	0	0.62354	0.58233	1	0.54649	0.74370	1	0.58502	0.66301	1	0.48571	0.53854	10.78689	1.05079	1	0.74617	0.55968	12.48410	1.05845	1	-0.00358	-0.00918	0.65444	0.00309	1	0.06393	-0.01366	0.68212	0.00305	1	1.45898	0.81042	0	
1263810	8523.61230	3306035722477	0.54552	0.66624	8523.37793	0.22168	11711	0	0.62021	0.59814	1	0.54869	0.67694	1	0.58445	0.63754	1	0.48573	0.53855	10.82180	1.05044	1	0.74610	0.55966	12.29784	1.05044	1	-0.00358	-0.00918	0.65444	0.00309	1	0.06393	-0.01366	0.68212	0.00307	1	1.45898	0.81042	0	
1263811	8523.61914	3306035789347	0.55809	0.66024	8523.37793	0.22168	11711	0	0.61386	0.60698	1	0.55260	0.68954	1	0.58323	0.64826	1	0.48551	0.53886	11.10843	1.04242	1	0.74616	0.55966	12.52489	1.04242	1	-0.00358	-0.00918	0.65444	0.00286	1	0.06393	-0.01366	0.68212	0.00304	1	1.45898	0.81042	0	
1263812	8523.62598	3306035856935	0.56427	0.65772	8523.60645	0.01953	11712	1	0.61386	0.60698	1	0.55175	0.69334	1	0.58281	0.65016	1	0.48571	0.53901	11.30918	1.04242	1	0.74579	0.55977	12.29400	1.03476	1	-0.00368	-0.00956	0.68150	0.00287	1	0.06183	-0.01320	0.65917	0.00315	1	1.45898	0.81042	0	
1263813	8523.63281	3306035922626	0.56822	0.65707	8523.60645	0.02637	11712	1	0.61140	0.59119	1	0.55667	0.71768	1	0.58403	0.65444	1	0.48562	0.53870	11.00848	1.04278	1	0.74634	0.55985	12.06914	1.03512	1	-0.00368	-0.00956	0.68150	0.00294	1	0.06183	-0.01320	0.65917	0.00312	1	1.45898	0.81042	0	
1263814	8523.63965	3306035990815	0.57168	0.64955	8523.60645	0.03320	11712	1	0.62135	0.55696	1	0.55654	0.66702	1	0.58895	0.61199	1	0.48579	0.53845	10.77685	1.04313	1	0.74629	0.55994	11.70495	1.03547	1	-0.00368	-0.00956	0.68150	0.00297	1	0.06183	-0.01320	0.65917	0.00313	1	1.45898	0.81042	0	
1263815	8523.64648	3306036057853	0.57421	0.64387	8523.60645	0.04004	11712	1	0.62134	0.55675	1	0.55746	0.66285	1	0.58940	0.60980	1	0.48600	0.53906	10.90514	1.04349	1	0.74688	0.56020	12.19221	1.04349	1	-0.00368	-0.00956	0.68150	0.00281	1	0.06403	-0.01364	0.68099	0.00315	1	1.45898	0.81042	0	
1263816	8523.65332	3306036124413	0.57522	0.64051	8523.60645	0.04688	11712	1	0.60115	0.54699	1	0.56341	0.68693	1	0.58228	0.61696	1	0.48626	0.53794	10.16635	1.04349	1	0.74678	0.56016	12.27025	1.05115	1	-0.00368	-0.00956	0.68150	0.00321	1	0.06403	-0.01364	0.68099	0.00315	1	1.45898	0.81042	0	
1263817	8523.65918	3306036189751	0.57584	0.63737	8523.60645	0.05273	11712	1	0.59786	0.54971	1	0.56381	0.67473	1	0.58084	0.61222	1	0.48611	0.53826	10.43688	1.05115	1	0.74669	0.56005	12.07212	1.05881	1	-0.00368	-0.00956	0.68150	0.00327	1	0.06403	-0.01364	0.68099	0.00315	1	1.45898	0.81042	0	
1263818	8523.66602	3306036256290	0.57637	0.63443	8523.60645	0.05957	11712	1	0.59752	0.54514	1	0.56472	0.67089	1	0.58112	0.60801	1	0.48615	0.53882	10.52674	1.05881	1	0.74640	0.56026	13.10910	1.06647	1	-0.00368	-0.00956	0.68150	0.00309	1	0.06403	-0.01364	0.68099	0.00317	1	1.45898	0.81042	0	
1263819	8523.67285	3306036325854	0.57467	0.63457	8523.60645	0.06641	11712	1	0.59518	0.58467	1	0.52015	0.68723	1	0.55766	0.63595	1	0.48604	0.53900	10.94990	1.06647	1	0.74645	0.56005	12.73698	1.06647	1	-0.00368	-0.00956	0.68150	0.00287	1	0.06403	-0.01364	0.68099	0.00312	1	1.45898	0.81042	0	
1263820	8523.67969	3306036394017	0.57357	0.63316	8523.60645	0.07324	11712	1	0.60221	0.56957	1	0.52063	0.66567	1	0.56142	0.61762	1	0.48619	0.53850	10.26062	1.06647	1	0.74643	0.56005	12.46341	1.06647	1	-0.00368	-0.00956	0.68150	0.00318	1	0.06403	-0.01364	0.68099	0.00315	1	1.45898	0.81042	0	
1263821	8523.68652	3306036460505	0.57261	0.63211	8523.60645	0.08008	11712	1	0.60221	0.56957	1	0.52003	0.66954	1	0.56112	0.61956	1	0.48613	0.53907	10.64108	1.06647	1	0.74642	0.56002	12.42287	1.05881	1	-0.00359	-0.00953	0.68343	0.00282	1	0.06183	-0.01321	0.65710	0.00326	1	1.45898	0.81042	0	
1263822	8523.69336	3306036527889	0.57252	0.63332	8523.60645	0.08691	11712	1	0.62470	0.60747	1	0.51799	0.69056	1	0.57135	0.64901	1	0.48656	0.53882	11.12029	1.05881	1	0.74640	0.56007	12.48436	1.05115	1	-0.00359	-0.00953	0.68343	0.00298	1	0.06183	-0.01321	0.65710	0.00330	1	1.45898	0.81042	0	
1263823	8523.70020	3306036593345	0.57283	0.63494	8523.60645	0.09375	11712	1	0.62574	0.65364	1	0.52862	0.66170	1	0.57718	0.65767	1	0.48649	0.53920	11.25535	1.05115	1	0.74665	0.55990	12.31881	1.04349	1	-0.00359	-0.00953	0.68343	0.00280	1	0.06183	-0.01321	0.65710	0.00316	1	1.45898	0.81042	0	
1263824	8523.70605	3306036655669	0.57311	0.63648	8523.60645	0.09961	11712	1	0.62589	0.65744	1	0.52862	0.66170	1	0.57725	0.65957	1	0.48650	0.53914	11.56474	1.04349	1	0.74735	0.56026	11.81100	1.04349	1	-0.00348	-0.00951	0.68201	0.00279	1	0.06485	-0.01379	0.68858	0.00308	1	1.45898	0.81042	0	
1263825	8523.71289	3306036724700	0.57523	0.63833	8523.60645	0.10645	11712	1	0.64848	0.62827	1	0.56987	0.70767	1	0.60918	0.66797	1	0.48687	0.53900	10.89897	1.04349	1	0.74773	0.56041	12.44616	1.05115	1	-0.00348	-0.00951	0.68201	0.00281	1	0.06485	-0.01379	0.68858	0.00313	1	1.45898	0.81042	0	
1263826	8523.71973	3306036791157	0.57564	0.63922	8523.60645	0.11328	11712	1	0.60997	0.60564	1	0.55545	0.70292	1	0.58271	0.65428	1	0.48699	0.53868	10.85896	1.05115	1	0.74747	0.56034	11.92393	1.05881	1	-0.00348	-0.00951	0.68201	0.00279	1	0.06485	-0.01379	0.68858	0.00306	1	1.45898	0.81042	0	
1263827	8523.72656	3306036859012	0.57603	0.63981	8523.60645	0.12012	11712	1	0.60971	0.60148	1	0.55630	0.69928	1	0.58301	0.65038	1	0.48699	0.53843	10.14807	1.05881	1	0.74732	0.56026	12.50310	1.06647	1	-0.00348	-0.00951	0.68201	0.00279	1	0.06503	-0.01381	0.68940	0.00318	1	1.45898	0.81042	0	
1263828	8523.73340	3306036927468	0.57561	0.64124	8523.60645	0.12695	11712	1	0.59692	0.61953	1	0.53812	0.71756	1	0.56752	0.66854	1	0.48679	0.53903	10.93513	1.06647	1	0.74752	0.56046	12.69806	1.06647	1	-0.00348	-0.00951	0.68201	0.00282	1	0.06503	-0.01381	0.68940	0.00318	1	1.45898	0.81042	0	
1263829	8523.74023	3306036994305	0.57463	0.64150	8523.60645	0.13379	11712	1	0.60107	0.61385	1	0.50911	0.67961	1	0.55509	0.64673	1	0.48695	0.53896	10.48154	1.06647	1	0.74707	0.56020	12.01837	1.06647	1	-0.00348	-0.00951	0.68201	0.00288	1	0.06503	-0.01381	0.68940	0.00328	1	1.45898	0.81042	0	
1263830	8523.74707	3306037061284	0.57372	0.64201	8523.60645	0.14062	11712	1	0.60140	0.61808	1	0.50804	0.68731	1	0.55472	0.65269	1	0.48715	0.53913	11.47664	1.05845	1	0.74759	0.56055	12.19986	1.05079	1	-0.00321	-0.00924	0.65897	0.00282	1	0.06221	-0.01325	0.65901	0.00310	1	1.45898	0.81042	0	
1263831	8523.75293	3306037127999	0.57415	0.64348	8523.60645	0.14648	11712	1	0.62508	0.62777	1	0.54179	0.72389	1	0.58343	0.67583	1	0.48721	0.53884	11.21320	1.04278	1	0.74760	0.56050	12.29583	1.03512	1	-0.00321	-0.00924	0.65897	0.00294	1	0.06221	-0.01325	0.65901	0.00313	1	1.45898	0.81042	0	
1263832	8523.75977	3306037196441	0.57468	0.64475	8523.60645	0.15332	11712	1	0.62689	0.62803	1	0.54722	0.71951	1	0.58705	0.67377	1	0.48720	0.53892	10.90514	1.02710	1	0.74785	0.56029	12.23174	1.01944	1	-0.00321	-0.00924	0.65897	0.00281	1	0.06221	-0.01325	0.65901	0.00295	1	1.45898	0.81042	0	
1263833	8523.76660	3306037263976	0.57518	0.64599	8523.60645	0.16016	11712	1	0.62703	0.63211	1	0.54722	0.71951	1	0.58712	0.67581	1	0.48783	0.53797	10.91327	1.01944	1	0.74898	0.56013	11.78626	1.01944	1	-0.00318	-0.00945	0.68507	0.00332	1	0.06649	-0.01412	0.70259	0.00339	1	1.45898	0.81042	0	
1263834	8523.77344	3306037330453	0.57583	0.64793	8523.60645	0.16699	11712	1	0.60695	0.65260	1	0.57698	0.74051	1	0.59196	0.69656	1	0.48852	0.53807	10.81082	1.02746	1	0.74904	0.55969	12.18550	1.03512	1	-0.00318	-0.00945	0.68507	0.00276	1	0.06649	-0.01412	0.70259	0.00311	1	1.45898	0.81042	0	
1263835	8523.78027	3306037397195	0.57559	0.64817	8523.60645	0.17383	11712	1	0.59433	0.58894	1	0.54463	0.71964	1	0.56948	0.65429	1	0.48880	0.53759	10.30871	1.04313	1	0.74923	0.55948	12.43853	1.05079	1	-0.00318	-0.00945	0.68507	0.00293	1	0.06649	-0.01412	0.70259	0.00308	1	1.45898	0.81042	0	
1263836	8523.78711	3306037464286	0.57537	0.64816	8523.60645	0.18066	11712	1	0.59358	0.58011	1	0.54545	0.71594	1	0.56952	0.64802	1	0.49079	0.53550	10.37072	1.05881	1	0.75071	0.55829	11.64257	1.05881	1	-0.00280	-0.00923	0.69130	0.00355	1	0.06212	-0.01288	0.65291	0.00360	1	1.45898	0.81042	0	
1263837	8523.79297	3306037527508	0.57773	0.64501	8523.60645	0.18652	11712	1	0.68455	0.45690	1	0.60309	0.65637	1	0.64382	0.55663	1	0.49112	0.53522	10.94571	1.05881	1	0.75096	0.55780	11.32542	1.05115	1	-0.00280	-0.00923	0.69130	0.00341	1	0.06212	-0.01288	0.65291	0.00354	1	1.45898	0.81042	0	
1263838	8523.79980	3306037597942	0.57961	0.64252	8523.60645	0.19336	11712	1	0.66798	0.48910	1	0.60009	0.65144	1	0.63404	0.57027	1	0.49121	0.53537	10.90269	1.05115	1	0.75086	0.55772	11.40885	1.04349	1	-0.00280	-0.00923	0.69130	0.00346	1	0.06212	-0.01288	0.65291	0.00359	1	1.45898	0.81042	0	
1263839	8523.80664	3306037665079	0.58135	0.64033	8523.60645	0.20020	11712	1	0.66787	0.49409	1	0.59890	0.65553	1	0.63338	0.57481	1	0.49215	0.53605	11.18013	1.04349	1	0.75172	0.55753	11.16654	1.03583	1	-0.00256	-0.00900	0.68192	0.00345	1	0.06371	-0.01309	0.66849	0.00350	1	1.45898	0.81042	0	
1263840	8523.81348	3306037732581	0.58436	0.63899	8523.60645	0.20703	11712	1	0.71535	0.52297	1	0.64015	0.67191	1	0.67775	0.59744	1	0.49200	0.53585	11.35792	1.03583	1	0.75153	0.55779	11.44381	1.03583	1	-0.00256	-0.00900	0.68192	0.00342	1	0.06371	-0.01309	0.66849	0.00353	1	1.45898	0.81042	0	
1263841	8523.82031	3306037799990	0.58779	0.63787	8523.60645	0.21387	11712	1	0.73202	0.51179	1	0.66330	0.69246	1	0.69766	0.60213	1	0.49222	0.53557	10.74226	1.03583	1	0.75191	0.55792	11.90738	1.03583	1	-0.00256	-0.00900	0.68192	0.00366	1	0.06371	-0.01309	0.66849	0.00354	1	1.45898	0.81042	0	
1263842	8523.82715	3306037866522	0.62281	0.62715	8523.60645	0.21387	11712	0	0.73202	0.51179	1	0.66495	0.68862	1	0.69849	0.60021	1	0.49222	0.53557	10.69995	1.03583	1	0.75207	0.55778	11.74637	1.04349	1	-0.00256	-0.00900	0.68192	0.00366	1	0.06528	-0.01343	0.68341	0.00363	1	1.45898	0.81042	0	
1263843	8523.83398	3306037933279	0.66294	0.59480	8523.60645	0.21387	11712	0	0.71873	0.52331	1	0.68740	0.60158	1	0.70306	0.56245	1	0.49209	0.53580	11.06726	1.04349	1	0.75230	0.55711	10.74781	1.05115	1	-0.00256	-0.00900	0.68192	0.00352	1	0.06528	-0.01343	0.68341	0.00360	1	1.45898	0.81042	0	
1263844	8523.84082	3306037999781	0.67444	0.58043	8523.60645	0.21387	11712	0	0.72625	0.51117	1	0.66866	0.59220	1	0.69746	0.55168	1	0.49213	0.53597	10.94988	1.05115	1	0.75238	0.55711	11.35718	1.05881	1	-0.00256	-0.00900	0.68192	0.00346	1	0.06528	-0.01343	0.68341	0.00355	1	1.45898	0.81042	0	
1263845	8523.84766	3306038066865	0.69969	0.55372	8523.60645	0.21387	11712	0	0.72675	0.50636	1	0.67031	0.58771	1	0.69853	0.54703	1	0.49217	0.53525	10.81238	1.05881	1	0.75257	0.55795	11.60983	1.06647	1	-0.00256	-0.00900	0.68192	0.00372	1	0.06528	-0.01343	0.68341	0.00352	1	1.45898	0.81042	0	
1263846	8523.85352	3306038133844	0.69414	0.55386	8523.60645	0.21387	11712	0	0.72151	0.46661	1	0.65568	0.64138	1	0.68860	0.55400	1	0.49212	0.53531	10.97215	1.06647	1	0.75243	0.55765	11.86252	1.06647	1	-0.00256	-0.00900	0.68192	0.00366	1	0.06528	-0.01343	0.68341	0.00360	1	1.45898	0.81042	0	
1263847	8523.86035	3306038199344	0.69021	0.54879	8523.60645	0.21387	11712	0	0.71884	0.44843	1	0.64586	0.62889	1	0.68235	0.53866	1	0.49210	0.53520	10.86921	1.06647	1	0.75239	0.55759	11.57676	1.06647	1	-0.00256	-0.00900	0.68192	0.00366	1	0.06528	-0.01343	0.68341	0.00365	1	1.45898	0.81042	0	
1263848	8523.86719	3306038266311	0.68825	0.54626	8523.84766	0.01953	11713	1	0.71884	0.44843	1	0.64586	0.62889	1	0.68235	0.53866	1	0.49210	0.53520	10.86921	1.06647	1	0.75232	0.55758	11.61544	1.06647	1	-0.00256	-0.00900	0.68192	0.00366	1	0.06392	-0.01305	0.66917	0.00362	1	1.45898	0.81042	0	
1263849	8523.87402	3306038335520	0.68774	0.54479	8523.84766	0.02637	11713	1	0.72070	0.45272	1	0.65073	0.62510	1	0.68571	0.53891	1	0.49208	0.53507	10.81830	1.06647	1	0.75233	0.55757	11.78409	1.06647	1	-0.00256	-0.00900	0.68192	0.00378	1	0.06392	-0.01305	0.66917	0.00363	1	1.45898	0.81042	0	
1263850	8523.88086	3306038402282	0.68746	0.55004	8523.84766	0.03320	11713	1	0.71889	0.49412	1	0.65329	0.65839	1	0.68609	0.57626	1	0.49203	0.53501	10.59251	1.06647	1	0.75245	0.55795	11.70696	1.06647	1	-0.00256	-0.00900	0.68192	0.00370	1	0.06392	-0.01305	0.66917	0.00375	1	1.45898	0.81042	0	
1263851	8523.88770	3306038468941	0.68727	0.55378	8523.84766	0.04004	11713	1	0.71889	0.49412	1	0.65329	0.65839	1	0.68609	0.57626	1	0.49192	0.53500	10.68526	1.06647	1	0.75240	0.55786	11.17763	1.06647	1	-0.00257	-0.00900	0.68582	0.00366	1	0.06569	-0.01346	0.68764	0.00364	1	1.45898	0.81042	0	
1263852	8523.89355	3306038531538	0.68704	0.55779	8523.84766	0.04590	11713	1	0.72073	0.52039	1	0.65020	0.65126	1	0.68547	0.58582	1	0.49197	0.53535	10.87166	1.06647	1	0.75248	0.55795	11.32898	1.06647	1	-0.00257	-0.00900	0.68582	0.00362	1	0.06569	-0.01346	0.68764	0.00365	1	1.45898	0.81042	0	
1263853	8523.90039	3306038602791	0.68664	0.55991	8523.84766	0.05273	11713	1	0.71530	0.49943	1	0.65150	0.65428	1	0.68340	0.57686	1	0.49199	0.53521	10.79772	1.06647	1	0.75247	0.55795	11.30271	1.06647	1	-0.00257	-0.00900	0.68582	0.00354	1	0.06569	-0.01346	0.68764	0.00363	1	1.45898	0.81042	0	
1263854	8523.90723	3306038669943	0.68631	0.56160	8523.84766	0.05957	11713	1	0.71530	0.49943	1	0.65150	0.65428	1	0.68340	0.57686	1	0.49209	0.53515	10.69055	1.06647	1	0.75231	0.55744	11.70173	1.06647	1	-0.00256	-0.00890	0.68192	0.00361	1	0.06392	-0.01305	0.66917	0.00362	1	1.45898	0.81042	0	
1263855	8523.91406	3306038736896	0.68576	0.55851	8523.84766	0.06641	11713	1	0.71487	0.40999	1	0.64567	0.64525	1	0.68027	0.52762	1	0.49207	0.53434	10.73482	1.06647	1	0.75240	0.55770	11.94664	1.06647	1	-0.00256	-0.00890	0.68192	0.00369	1	0.06392	-0.01305	0.66917	0.00363	1	1.45898	0.81042	0	
1263856	8523.92090	3306038803757	0.68704	0.55756	8523.84766	0.07324	11713	1	0.74895	0.44268	1	0.65319	0.65160	1	0.70107	0.54714	1	0.49219	0.53463	10.56269	1.06647	1	0.75241	0.55775	12.01059	1.06647	1	-0.00256	-0.00890	0.68192	0.00367	1	0.06392	-0.01305	0.66917	0.00368	1	1.45898	0.81042	0	
1263857	8523.92773	3306038871013	0.68812	0.55676	8523.84766	0.08008	11713	1	0.74895	0.44268	1	0.65319	0.65160	1	0.70107	0.54714	1	0.49185	0.53480	11.01609	1.06647	1	0.75231	0.55744	11.71084	1.06647	1	-0.00264	-0.00885	0.67821	0.00341	1	0.06569	-0.01346	0.68764	0.00361	1	1.45898	0.81042	0	
1263858	8523.93457	3306038937878	0.69108	0.55761	8523.84766	0.08691	11713	1	0.75827	0.48446	1	0.70098	0.65280	1	0.72963	0.56863	1	0.49189	0.53505	11.07510	1.06647	1	0.75247	0.55780	11.77507	1.06647	1	-0.00264	-0.00885	0.67821	0.00377	1	0.06569	-0.01346	0.68764	0.00375	1	1.45898	0.81042	0	
1263859	8523.94141	3306039004785	0.69335	0.55847	8523.84766	0.09375	11713	1	0.75624	0.50496	1	0.69393	0.63599	1	0.72509	0.57047	1	0.49177	0.53530	11.42042	1.06647	1	0.75236	0.55761	11.40532	1.06647	1	-0.00264	-0.00885	0.67821	0.00362	1	0.06569	-0.01346	0.68764	0.00366	1	1.45898	0.81042	0	
1263860	8523.94727	3306039071800	0.69533	0.55922	8523.84766	0.09961	11713	1	0.75624	0.50496	1	0.69393	0.63599	1	0.72509	0.57047	1	0.49150	0.53562	11.02324	1.06647	1	0.75239	0.55770	11.50823	1.06647	1	-0.00280	-0.00902	0.69131	0.00350	1	0.06569	-0.01346	0.68764	0.00363	1	1.45898	0.81042	0	
1263861	8523.95410	3306039139078	0.69683	0.55901	8523.84766	0.10645	11713	1	0.74319	0.53198	1	0.69825	0.57936	1	0.72072	0.55567	1	0.49156	0.53568	11.10850	1.06647	1	0.75242	0.55702	11.08755	1.06647	1	-0.00280	-0.00902	0.69131	0.00354	1	0.06569	-0.01346	0.68764	0.00365	1	1.45898	0.81042	0	
1263862	8523.96094	3306039205946	0.69810	0.56014	8523.84766	0.11328	11713	1	0.73626	0.50903	1	0.70335	0.64989	1	0.71980	0.57946	1	0.49150	0.53588	11.08081	1.06647	1	0.75247	0.55761	11.65243	1.06647	1	-0.00280	-0.00902	0.69131	0.00357	1	0.06569	-0.01346	0.68764	0.00359	1	1.45898	0.81042	0	
1263863	8523.96777	3306039272862	0.69920	0.56127	8523.84766	0.12012	11713	1	0.73626	0.50903	1	0.70146	0.65395	1	0.71886	0.58149	1	0.49138	0.53545	10.65317	1.06647	1	0.75149	0.55753	11.27878	1.05881	1	-0.00280	-0.00907	0.69130	0.00360	1	0.06371	-0.01309	0.66849	0.00350	1	1.45898	0.81042	0	
1263864	8523.97461	3306039339769	0.69904	0.56126	8523.84766	0.12695	11713	1	0.72543	0.48024	1	0.66667	0.64204	1	0.69605	0.56114	1	0.49141	0.53560	10.78256	1.05881	1	0.75195	0.55751	11.24165	1.05115	1	-0.00280	-0.00907	0.69130	0.00361	1	0.06371	-0.01309	0.66849	0.00361	1	1.45898	0.81042	0	
1263865	8523.98145	3306039406789	0.69833	0.56183	8523.84766	0.13379	11713	1	0.72014	0.52346	1	0.64819	0.62305	1	0.68417	0.57326	1	0.49128	0.53582	10.80903	1.05115	1	0.75167	0.55742	10.74802	1.04349	1	-0.00280	-0.00907	0.69130	0.00339	1	0.06371	-0.01309	0.66849	0.00358	1	1.45898	0.81042	0	
1263866	8523.98828	3306039473828	0.69770	0.56231	8523.84766	0.14062	11713	1	0.72022	0.52258	1	0.64848	0.62225	1	0.68435	0.57241	1	0.49142	0.53592	10.84732	1.05258	1	0.75162	0.55769	11.45804	1.04492	1	-0.00292	-0.00933	0.70710	0.00338	1	0.06371	-0.01309	0.66849	0.00342	1	1.45898	0.81042	0	
1263867	8523.99414	3306039540616	0.69784	0.56307	8523.84766	0.14648	11713	1	0.75733	0.52424	1	0.64484	0.63530	1	0.70108	0.57977	1	0.49141	0.53597	10.83372	1.05400	1	0.75157	0.55754	11.47293	1.05400	1	-0.00292	-0.00933	0.70710	0.00338	1	0.06371	-0.01309	0.66849	0.00349	1	1.45898	0.81042	0	
1263868	8524.00098	3306039606662	0.69789	0.56348	8523.84766	0.15332	11713	1	0.74644	0.49064	1	0.65161	0.65499	1	0.69903	0.57282	1	0.49128	0.53563	10.66261	1.06309	1	0.75163	0.55772	11.20221	1.06309	1	-0.00292	-0.00933	0.70710	0.00331	1	0.06371	-0.01309	0.66849	0.00358	1	1.45898	0.81042	0	
1263869	8524.00781	3306039674690	0.69797	0.56377	8523.84766	0.16016	11713	1	0.74644	0.49064	1	0.65313	0.65098	1	0.69979	0.57081	1	0.49113	0.53499	10.73983	1.06309	1	0.75158	0.55769	11.31906	1.07075	1	-0.00284	-0.00887	0.67554	0.00346	1	0.06556	-0.01353	0.68848	0.00362	1	1.45898	0.81042	0	
1263870	8524.01465	3306039741790	0.69699	0.56516	8523.84766	0.16699	11713	1	0.69769	0.52616	1	0.64744	0.67339	1	0.67257	0.59977	1	0.49051	0.53606	10.74811	1.06166	1	0.75161	0.55808	11.37759	1.06932	1	-0.00284	-0.00887	0.67554	0.00331	1	0.06556	-0.01353	0.68848	0.00361	1	1.45898	0.81042	0	
1263871	8524.02148	3306039808569	0.69691	0.56607	8523.84766	0.17383	11713	1	0.69618	0.52251	1	0.69333	0.65720	1	0.69476	0.58985	1	0.49055	0.53592	10.84743	1.06024	1	0.75149	0.55770	11.24775	1.06790	1	-0.00284	-0.00887	0.67554	0.00342	1	0.06556	-0.01353	0.68848	0.00358	1	1.45898	0.81042	0	
1263872	8524.02832	3306039875565	0.69679	0.56702	8523.84766	0.18066	11713	1	0.69613	0.52338	1	0.69118	0.66193	1	0.69365	0.59266	1	0.49054	0.53612	11.15848	1.05881	1	0.75161	0.55789	11.73090	1.05881	1	-0.00291	-0.00882	0.66839	0.00332	1	0.06191	-0.01274	0.65065	0.00361	1	1.45898	0.81042	0	
1263873	8524.03516	3306039942423	0.69748	0.56813	8523.84766	0.18750	11713	1	0.72997	0.53676	1	0.70335	0.66146	1	0.71666	0.59911	1	0.49060	0.53612	10.92055	1.05881	1	0.75174	0.55777	11.07596	1.05115	1	-0.00291	-0.00882	0.66839	0.00330	1	0.06191	-0.01274	0.65065	0.00354	1	1.45898	0.81042	0	
1263874	8524.04102	3306040007471	0.69800	0.56887	8523.84766	0.19336	11713	1	0.72781	0.53213	1	0.69855	0.64866	1	0.71318	0.59040	1	0.49058	0.53596	10.79374	1.05115	1	0.75169	0.55757	11.56272	1.04349	1	-0.00291	-0.00882	0.66839	0.00338	1	0.06191	-0.01274	0.65065	0.00351	1	1.45898	0.81042	0	
1263875	8524.04785	3306040076711	0.69848	0.56964	8523.84766	0.20020	11713	1	0.72729	0.53678	1	0.69855	0.64866	1	0.71292	0.59272	1	0.49052	0.53571	10.89043	1.04349	1	0.75086	0.55752	11.39852	1.04349	1	-0.00291	-0.00887	0.66839	0.00346	1	0.06380	-0.01314	0.67107	0.00346	1	1.45898	0.81042	0	
1263876	8524.05469	3306040142672	0.69803	0.56987	8523.84766	0.20703	11713	1	0.72231	0.53350	1	0.64585	0.62037	1	0.68408	0.57693	1	0.49044	0.53566	10.66349	1.04349	1	0.75085	0.55748	11.17948	1.05115	1	-0.00291	-0.00887	0.66839	0.00346	1	0.06380	-0.01314	0.67107	0.00356	1	1.45898	0.81042	0	
1263877	8524.06152	3306040210525	0.69764	0.57022	8523.84766	0.21387	11713	1	0.72221	0.52827	1	0.64785	0.63465	1	0.68503	0.58146	1	0.49050	0.53607	11.11018	1.05115	1	0.75081	0.55759	11.71014	1.05881	1	-0.00291	-0.00887	0.66839	0.00335	1	0.06380	-0.01314	0.67107	0.00352	1	1.45898	0.81042	0	
1263878	8524.06836	3306040277679	0.69730	0.57042	8523.84766	0.22070	11713	1	0.72268	0.52359	1	0.64935	0.63048	1	0.68602	0.57703	1	0.49008	0.53616	11.24768	1.05881	1	0.75087	0.55762	11.14641	1.06647	1	-0.00291	-0.00887	0.66839	0.00326	1	0.06421	-0.01329	0.67644	0.00355	1	1.45898	0.81042	0	
1263879	8524.07520	3306040344753	0.69695	0.57082	8523.84766	0.22754	11713	1	0.72171	0.50850	1	0.64862	0.66019	1	0.68517	0.58434	1	0.49005	0.53568	10.94689	1.06647	1	0.75080	0.55794	11.34505	1.06647	1	-0.00291	-0.00887	0.66839	0.00331	1	0.06421	-0.01329	0.67644	0.00363	1	1.45898	0.81042	0	
1263880	8524.08105	3306040407596	0.69699	0.57153	8523.84766	0.23340	11713	1	0.75236	0.54240	1	0.64435	0.65043	1	0.69836	0.59641	1	0.49017	0.53633	11.45311	1.06647	1	0.75079	0.55793	11.52891	1.06647	1	-0.00291	-0.00887	0.66839	0.00334	1	0.06421	-0.01329	0.67644	0.00363	1	1.45898	0.81042	0	
1263881	8524.08789	3306040475054	0.69706	0.57206	8523.84766	0.24023	11713	1	0.75316	0.53705	1	0.64609	0.64565	1	0.69963	0.59135	1	0.48975	0.53612	10.97341	1.07556	1	0.75084	0.55749	11.49845	1.07556	1	-0.00324	-0.00941	0.70907	0.00333	1	0.06528	-0.01341	0.68768	0.00365	1	1.45898	0.81042	0	
1263882	8524.09473	3306040543520	0.69747	0.57189	8523.84766	0.24707	11713	1	0.72441	0.51728	1	0.70054	0.61358	1	0.71247	0.56543	1	0.48966	0.53614	11.19168	1.08464	1	0.75077	0.55751	11.50597	1.08464	1	-0.00324	-0.00941	0.70907	0.00323	1	0.06528	-0.01341	0.68768	0.00351	1	1.45898	0.81042	0	
1263883	8524.10156	3306040609034	0.69790	0.57171	8523.84766	0.25391	11713	1	0.72593	0.51099	1	0.70313	0.61886	1	0.71453	0.56493	1	0.48971	0.53606	11.15347	1.09373	1	0.75087	0.55762	11.15945	1.09373	1	-0.00324	-0.00941	0.70907	0.00328	1	0.06528	-0.01341	0.68768	0.00353	1	1.45898	0.81042	0	
1263884	8524.10840	3306040678174	0.69834	0.57148	8523.84766	0.26074	11713	1	0.72593	0.51099	1	0.70520	0.61412	1	0.71557	0.56256	1	0.48973	0.53603	11.13527	1.09373	1	0.75074	0.55753	11.58265	1.10241	1	-0.00315	-0.00905	0.67757	0.00331	1	0.06707	-0.01373	0.70703	0.00353	1	1.45898	0.81042	0	
1263885	8524.11523	3306040743293	0.69853	0.57122	8523.84766	0.26758	11713	1	0.72775	0.49393	1	0.68445	0.62790	1	0.70610	0.56091	1	0.48972	0.53601	10.99978	1.09332	1	0.75052	0.55771	11.35091	1.10200	1	-0.00315	-0.00905	0.67757	0.00334	1	0.06707	-0.01373	0.70703	0.00366	1	1.45898	0.81042	0	
1263886	8524.12207	3306040812046	0.69875	0.57162	8523.84766	0.27441	11713	1	0.72982	0.50410	1	0.68502	0.67149	1	0.70742	0.58779	1	0.48977	0.53587	10.89107	1.09292	1	0.75046	0.55768	11.73075	1.10160	1	-0.00315	-0.00905	0.67757	0.00341	1	0.06707	-0.01373	0.70703	0.00358	1	1.45898	0.81042	0	
1263887	8524.12793	3306040876886	0.69892	0.57205	8523.84766	0.28027	11713	1	0.72979	0.50435	1	0.68300	0.67596	1	0.70640	0.59015	1	0.48970	0.53610	10.98728	1.09251	1	0.75010	0.55755	11.45317	1.09251	1	-0.00318	-0.00909	0.68506	0.00333	1	0.06452	-0.01322	0.68071	0.00359	1	1.45898	0.81042	0	
1263888	8524.13477	3306040942618	0.69892	0.57058	8523.84766	0.28711	11713	1	0.72558	0.45403	1	0.67163	0.56058	1	0.69860	0.50731	1	0.48976	0.53551	10.76193	1.09251	1	0.75043	0.55702	11.10513	1.08383	1	-0.00318	-0.00909	0.68506	0.00329	1	0.06452	-0.01322	0.68071	0.00372	1	1.45898	0.81042	0	
1263889	8524.14160	3306041014968	0.69894	0.57014	8523.84766	0.29395	11713	1	0.73012	0.48947	1	0.66951	0.61182	1	0.69982	0.55065	1	0.48979	0.53575	11.01397	1.08383	1	0.75036	0.55741	11.33392	1.07515	1	-0.00318	-0.00909	0.68506	0.00322	1	0.06452	-0.01322	0.68071	0.00370	1	1.45898	0.81042	0	
1263890	8524.14844	3306041078303	0.69891	0.56987	8523.84766	0.30078	11713	1	0.72955	0.49492	1	0.66603	0.62096	1	0.69779	0.55794	1	0.48984	0.53629	10.97952	1.07515	1	0.75012	0.55707	11.80174	1.05881	1	-0.00318	-0.00909	0.68506	0.00337	1	0.06192	-0.01270	0.65382	0.00360	1	1.45898	0.81042	0	
1263891	8524.15527	3306041148082	0.69858	0.57070	8523.84766	0.30762	11713	1	0.71539	0.53536	1	0.65163	0.68231	1	0.68351	0.60884	1	0.48959	0.53609	11.29611	1.05881	1	0.75019	0.55753	11.72516	1.05115	1	-0.00318	-0.00909	0.68506	0.00329	1	0.06192	-0.01270	0.65382	0.00347	1	1.45898	0.81042	0	
1263892	8524.16211	3306041213836	0.69835	0.57175	8523.84766	0.31445	11713	1	0.72473	0.54467	1	0.65022	0.69736	1	0.68747	0.62102	1	0.48975	0.53633	11.11515	1.05115	1	0.75019	0.55755	11.66712	1.04349	1	-0.00318	-0.00909	0.68506	0.00331	1	0.06192	-0.01270	0.65382	0.00357	1	1.45898	0.81042	0	
1263893	8524.16895	3306041282520	0.69808	0.57324	8523.84766	0.32129	11713	1	0.72423	0.54924	1	0.64867	0.70113	1	0.68645	0.62518	1	0.48965	0.53604	11.15310	1.04349	1	0.75002	0.55742	11.93017	1.03583	1	-0.00318	-0.00909	0.68506	0.00322	1	0.06192	-0.01270	0.65382	0.00343	1	1.45898	0.81042	0	
1263894	8524.17578	3306041349993	0.69791	0.57356	8523.84766	0.32812	11713	1	0.72826	0.45657	1	0.63283	0.68218	1	0.68055	0.56937	1	0.48989	0.53510	10.51184	1.03583	1	0.74990	0.55752	12.03018	1.03583	1	-0.00318	-0.00909	0.68506	0.00360	1	0.06192	-0.01270	0.65382	0.00349	1	1.45898	0.81042	0	
1263895	8524.18262	3306041416568	0.69772	0.57409	8523.84766	0.33496	11713	1	0.72486	0.48323	1	0.62181	0.64510	1	0.67333	0.56417	1	0.48986	0.53534	10.66050	1.03583	1	0.74968	0.55733	11.63639	1.03583	1	-0.00318	-0.00909	0.68506	0.00344	1	0.06192	-0.01270	0.65382	0.00354	1	1.45898	0.81042	0	
1263896	8524.18848	3306041483827	0.69755	0.57458	8523.84766	0.34082	11713	1	0.72486	0.48323	1	0.62315	0.64092	1	0.67401	0.56208	1	0.48971	0.53505	10.51584	1.03583	1	0.74985	0.55760	11.14478	1.04349	1	-0.00318	-0.00909	0.68506	0.00345	1	0.06486	-0.01337	0.68546	0.00348	1	1.45898	0.81042	0	
1263897	8524.19531	3306041550413	0.69727	0.57467	8523.84766	0.34766	11713	1	0.71358	0.45113	1	0.63126	0.63528	1	0.67242	0.54320	1	0.48964	0.53502	10.63596	1.04349	1	0.74985	0.55757	11.37954	1.05115	1	-0.00318	-0.00909	0.68506	0.00341	1	0.06486	-0.01337	0.68546	0.00352	1	1.45898	0.81042	0	
1263898	8524.20215	3306041617438	0.69699	0.57383	8523.84766	0.35449	11713	1	0.70422	0.43774	1	0.64120	0.63430	1	0.67271	0.53602	1	0.48961	0.53501	10.74442	1.05115	1	0.74994	0.55764	11.87284	1.05881	1	-0.00318	-0.00909	0.68506	0.00339	1	0.06486	-0.01337	0.68546	0.00349	1	1.45898	0.81042	0	
1263899	8524.20898	3306041684529	0.69673	0.57289	8523.84766	0.36133	11713	1	0.70456	0.43240	1	0.64265	0.63013	1	0.67361	0.53126	1	0.48965	0.53500	10.64600	1.05881	1	0.74985	0.55760	11.62898	1.06647	1	-0.00315	-0.00905	0.67757	0.00340	1	0.06486	-0.01342	0.68546	0.00351	1	1.45898	0.81042	0	
1263900	8524.21582	3306041751728	0.69663	0.57255	8523.84766	0.36816	11713	1	0.71651	0.46913	1	0.64523	0.67017	1	0.68087	0.56965	1	0.48969	0.53544	10.95450	1.06647	1	0.74998	0.55805	11.72471	1.06647	1	-0.00315	-0.00905	0.67757	0.00337	1	0.06486	-0.01342	0.68546	0.00359	1	1.45898	0.81042	0	
1263901	8524.22266	3306041817737	0.69665	0.57211	8523.84766	0.37500	11713	1	0.72249	0.47762	1	0.64574	0.63407	1	0.68412	0.55585	1	0.48982	0.53555	10.88514	1.06647	1	0.74998	0.55764	11.56189	1.06647	1	-0.00315	-0.00905	0.67757	0.00339	1	0.06486	-0.01342	0.68546	0.00347	1	1.45898	0.81042	0	
1263902	8524.22852	3306041885160	0.69666	0.57168	8523.84766	0.38086	11713	1	0.72249	0.47762	1	0.64574	0.63407	1	0.68412	0.55585	1	0.48963	0.53522	10.27740	1.06647	1	0.74985	0.55751	11.42880	1.06647	1	-0.00315	-0.00905	0.67757	0.00338	1	0.06486	-0.01337	0.68546	0.00353	1	1.45898	0.81042	0	
1263903	8524.23535	3306041951665	0.69660	0.57196	8523.84766	0.38770	11713	1	0.71122	0.44986	1	0.64323	0.63234	1	0.67722	0.54110	1	0.48960	0.53527	10.46570	1.06647	1	0.75004	0.55759	11.51639	1.06647	1	-0.00315	-0.00905	0.67757	0.00330	1	0.06486	-0.01337	0.68546	0.00345	1	1.45898	0.81042	0	
1263904	8524.24219	3306042019028	0.69621	0.57148	8523.84766	0.39453	11713	1	0.71620	0.44187	1	0.64795	0.60664	1	0.68208	0.52426	1	0.48967	0.53494	10.21573	1.06647	1	0.75007	0.55737	11.15237	1.06647	1	-0.00315	-0.00905	0.67757	0.00343	1	0.06486	-0.01337	0.68546	0.00351	1	1.45898	0.81042	0	
1263905	8524.24902	3306042083369	0.67809	0.54809	8523.84766	0.39453	11713	0	0.71620	0.44187	1	0.64795	0.60664	1	0.68208	0.52426	1	0.48949	0.53513	10.63092	1.06647	1	0.74986	0.55753	11.25629	1.06647	1	-0.00315	-0.00905	0.67757	0.00332	1	0.06649	-0.01381	0.70259	0.00344	1	1.45898	0.81042	0	
1263906	8524.25586	3306042151172	0.67618	0.55798	8523.84766	0.39453	11713	0	0.70828	0.50571	1	0.64026	0.63001	1	0.67427	0.56786	1	0.48955	0.53571	10.89795	1.06647	1	0.74988	0.55752	11.25938	1.06647	1	-0.00315	-0.00905	0.67757	0.00311	1	0.06649	-0.01381	0.70259	0.00346	1	1.45898	0.81042	0	
1263907	8524.26270	3306042220231	0.67796	0.55913	8523.84766	0.39453	11713	0	0.71443	0.49051	1	0.64862	0.63239	1	0.68152	0.56145	1	0.48957	0.53564	10.88948	1.06647	1	0.75001	0.55762	11.66776	1.06647	1	-0.00315	-0.00905	0.67757	0.00318	1	0.06649	-0.01381	0.70259	0.00347	1	1.45898	0.81042	0	
1263908	8524.26953	3306042286956	0.67885	0.55971	8524.24902	0.02051	11714	1	0.71443	0.49051	1	0.64862	0.63239	1	0.68152	0.56145	1	0.48979	0.53598	10.25710	1.06647	1	0.74985	0.55773	11.18153	1.06647	1	-0.00315	-0.00905	0.67757	0.00313	1	0.06649	-0.01381	0.70259	0.00365	1	1.45898	0.81042	0	
1263909	8524.27539	3306042353165	0.67808	0.56436	8524.24902	0.02637	11714	1	0.71552	0.50772	1	0.63448	0.65816	1	0.67500	0.58294	1	0.48962	0.53591	10.67366	1.06647	1	0.74986	0.55781	11.21777	1.06647	1	-0.00315	-0.00905	0.67757	0.00314	1	0.06649	-0.01381	0.70259	0.00354	1	1.45898	0.81042	0	
1263910	8524.28223	3306042421309	0.67990	0.56346	8524.24902	0.03320	11714	1	0.72418	0.47912	1	0.65380	0.63877	1	0.68899	0.55895	1	0.48973	0.53608	10.35394	1.06647	1	0.75010	0.55775	11.15165	1.06647	1	-0.00315	-0.00905	0.67757	0.00311	1	0.06649	-0.01381	0.70259	0.00383	1	1.45898	0.81042	0	
1263911	8524.28906	3306042487913	0.68120	0.56281	8524.24902	0.04004	11714	1	0.72418	0.47912	1	0.65380	0.63877	1	0.68899	0.55895	1	0.48961	0.53592	10.39618	1.06647	1	0.75009	0.55769	11.51410	1.06647	1	-0.00315	-0.00905	0.67757	0.00308	1	0.06649	-0.01381	0.70259	0.00344	1	1.45898	0.81042	0	
1263912	8524.29590	3306042554586	0.68129	0.56115	8524.24902	0.04688	11714	1	0.70486	0.43821	1	0.65892	0.66081	1	0.68189	0.54951	1	0.48967	0.53558	10.92924	1.06647	1	0.75018	0.55798	11.48494	1.06647	1	-0.00315	-0.00905	0.67757	0.00325	1	0.06649	-0.01381	0.70259	0.00339	1	1.45898	0.81042	0	
1263913	8524.30273	3306042618769	0.68123	0.56438	8524.24902	0.05371	11714	1	0.70884	0.50792	1	0.65275	0.67246	1	0.68079	0.59019	1	0.48953	0.53636	10.97209	1.06647	1	0.75013	0.55808	11.04398	1.06647	1	-0.00315	-0.00905	0.67757	0.00318	1	0.06649	-0.01381	0.70259	0.00344	1	1.45898	0.81042	0	
1263914	8524.30957	3306042686322	0.68111	0.56715	8524.24902	0.06055	11714	1	0.70884	0.50792	1	0.65122	0.67633	1	0.68003	0.59212	1	0.48954	0.53632	11.04662	1.06647	1	0.75021	0.55823	11.20677	1.05881	1	-0.00315	-0.00905	0.67757	0.00321	1	0.06223	-0.01291	0.65710	0.00344	1	1.45898	0.81042	0	
1263915	8524.31543	3306042753316	0.68095	0.56996	8524.24902	0.06641	11714	1	0.71998	0.52277	1	0.63862	0.67339	1	0.67930	0.59808	1	0.48973	0.53636	10.85769	1.05881	1	0.75005	0.55793	11.50976	1.05115	1	-0.00315	-0.00905	0.67757	0.00324	1	0.06223	-0.01291	0.65710	0.00343	1	1.45898	0.81042	0	
1263916	8524.32324	3306042822798	0.68112	0.57217	8524.24902	0.07422	11714	1	0.72301	0.53533	1	0.64316	0.65760	1	0.68308	0.59646	1	0.48976	0.53654	10.92287	1.05115	1	0.74996	0.55775	11.05201	1.04349	1	-0.00315	-0.00905	0.67757	0.00323	1	0.06223	-0.01291	0.65710	0.00359	1	1.45898	0.81042	0	
1263917	8524.32910	3306042889848	0.68120	0.57437	8524.24902	0.08008	11714	1	0.72253	0.53996	1	0.64166	0.66166	1	0.68209	0.60081	1	0.48979	0.53611	10.92408	1.04349	1	0.74990	0.55767	11.02763	1.03583	1	-0.00315	-0.00905	0.67757	0.00313	1	0.06192	-0.01290	0.65382	0.00349	1	1.45898	0.81042	0	
1263918	8524.33594	3306042956616	0.68180	0.57676	8524.24902	0.08691	11714	1	0.72492	0.50833	1	0.65435	0.70720	1	0.68964	0.60777	1	0.48979	0.53611	10.92408	1.03583	1	0.75019	0.55824	10.99994	1.03583	1	-0.00315	-0.00905	0.67757	0.00313	1	0.06192	-0.01290	0.65382	0.00343	1	1.45898	0.81042	0	
1263919	8524.34277	3306043023769	0.68217	0.57711	8524.24902	0.09375	11714	1	0.72034	0.49942	1	0.65435	0.66449	1	0.68735	0.58195	1	0.48974	0.53609	10.83867	1.03583	1	0.75028	0.55788	11.57051	1.03583	1	-0.00315	-0.00905	0.67757	0.00305	1	0.06192	-0.01290	0.65382	0.00362	1	1.45898	0.81042	0	
1263920	8524.34961	3306043090614	0.68254	0.57728	8524.24902	0.10059	11714	1	0.72034	0.49942	1	0.65594	0.66044	1	0.68814	0.57993	1	0.48974	0.53608	10.78781	1.03583	1	0.75045	0.55812	11.56074	1.04349	1	-0.00318	-0.00920	0.68506	0.00308	1	0.06452	-0.01343	0.68071	0.00339	1	1.45898	0.81042	0	
1263921	8524.35645	3306043157998	0.68319	0.57857	8524.24902	0.10742	11714	1	0.72803	0.51293	1	0.65904	0.68544	1	0.69354	0.59919	1	0.48985	0.53624	11.16934	1.04349	1	0.75024	0.55805	11.33076	1.05115	1	-0.00318	-0.00920	0.68506	0.00307	1	0.06452	-0.01343	0.68071	0.00344	1	1.45898	0.81042	0	
1263922	8524.36328	3306043224966	0.68416	0.57898	8524.24902	0.11426	11714	1	0.72948	0.51012	1	0.67181	0.66177	1	0.70065	0.58595	1	0.48986	0.53631	10.90517	1.05115	1	0.75046	0.55784	11.33176	1.05881	1	-0.00318	-0.00920	0.68506	0.00311	1	0.06452	-0.01343	0.68071	0.00351	1	1.45898	0.81042	0	
1263923	8524.37012	3306043291711	0.68509	0.57912	8524.24902	0.12109	11714	1	0.73001	0.50531	1	0.67348	0.65779	1	0.70175	0.58155	1	0.48975	0.53607	10.81443	1.05881	1	0.75060	0.55822	11.68376	1.06647	1	-0.00318	-0.00920	0.68506	0.00310	1	0.06452	-0.01343	0.68071	0.00336	1	1.45898	0.81042	0	
1263924	8524.37598	3306043358766	0.68570	0.58184	8524.24902	0.12695	11714	1	0.73402	0.53929	1	0.66063	0.72789	1	0.69732	0.63359	1	0.48982	0.53685	11.18760	1.06647	1	0.75024	0.55854	11.42855	1.06647	1	-0.00318	-0.00920	0.68506	0.00323	1	0.06452	-0.01343	0.68071	0.00358	1	1.45898	0.81042	0	
1263925	8524.38281	3306043425193	0.68675	0.58406	8524.24902	0.13379	11714	1	0.72250	0.54479	1	0.69312	0.71221	1	0.70781	0.62850	1	0.48970	0.53669	10.95311	1.06647	1	0.75076	0.55847	11.79836	1.06647	1	-0.00318	-0.00920	0.68506	0.00323	1	0.06452	-0.01343	0.68071	0.00372	1	1.45898	0.81042	0	
1263926	8524.38965	3306043490887	0.68771	0.58608	8524.24902	0.14062	11714	1	0.72250	0.54479	1	0.69312	0.71221	1	0.70781	0.62850	1	0.48974	0.53688	11.14827	1.06647	1	0.75065	0.55841	11.68921	1.06647	1	-0.00318	-0.00920	0.68506	0.00327	1	0.06452	-0.01343	0.68071	0.00373	1	1.45898	0.81042	0	
1263927	8524.39648	3306043559443	0.68859	0.58875	8524.24902	0.14746	11714	1	0.73476	0.57640	1	0.68140	0.71831	1	0.70808	0.64736	1	0.48984	0.53708	10.90771	1.06647	1	0.75069	0.55860	11.63068	1.06647	1	-0.00318	-0.00920	0.68506	0.00324	1	0.06452	-0.01343	0.68071	0.00359	1	1.45898	0.81042	0	
1263928	8524.40332	3306043624788	0.68962	0.58845	8524.24902	0.15430	11714	1	0.73044	0.55171	1	0.69604	0.61164	1	0.71324	0.58168	1	0.48979	0.53691	11.14989	1.06647	1	0.75073	0.55776	11.16324	1.06647	1	-0.00318	-0.00920	0.68506	0.00331	1	0.06452	-0.01343	0.68071	0.00379	1	1.45898	0.81042	0	
1263929	8524.40918	3306043689883	0.69057	0.58818	8524.24902	0.16016	11714	1	0.73044	0.55171	1	0.69604	0.61164	1	0.71324	0.58168	1	0.48991	0.53704	11.06679	1.06647	1	0.75090	0.55789	10.93998	1.06647	1	-0.00318	-0.00920	0.68506	0.00324	1	0.06452	-0.01343	0.68071	0.00387	1	1.45898	0.81042	0	
1263930	8524.41602	3306043758009	0.69162	0.58913	8524.24902	0.16699	11714	1	0.74931	0.57518	1	0.68653	0.65062	1	0.71792	0.61290	1	0.49004	0.53725	10.60278	1.06647	1	0.75082	0.55781	11.08097	1.06647	1	-0.00318	-0.00920	0.68506	0.00335	1	0.06452	-0.01343	0.68071	0.00381	1	1.45898	0.81042	0	
1263931	8524.42285	3306043824846	0.69220	0.58866	8524.24902	0.17383	11714	1	0.72897	0.56755	1	0.68562	0.58553	1	0.70729	0.57654	1	0.48976	0.53700	11.10746	1.06647	1	0.75059	0.55814	11.19972	1.06647	1	-0.00318	-0.00920	0.68506	0.00326	1	0.06452	-0.01343	0.68071	0.00359	1	1.45898	0.81042	0	
1263932	8524.42969	3306043891928	0.69274	0.58823	8524.24902	0.18066	11714	1	0.72897	0.56755	1	0.68562	0.58553	1	0.70729	0.57654	1	0.48994	0.53709	10.98417	1.06647	1	0.75070	0.55827	11.23536	1.06647	1	-0.00308	-0.00919	0.68471	0.00332	1	0.06452	-0.01343	0.68071	0.00359	1	1.45898	0.81042	0	
1263933	8524.43652	3306043958826	0.69397	0.58809	8524.24902	0.18750	11714	1	0.76164	0.55307	1	0.69526	0.61510	1	0.72845	0.58408	1	0.49038	0.53728	11.09394	1.06647	1	0.75077	0.55784	10.86185	1.06647	1	-0.00308	-0.00919	0.68471	0.00346	1	0.06452	-0.01343	0.68071	0.00381	1	1.45898	0.81042	0	
1263934	8524.44336	3306044026314	0.69504	0.58743	8524.24902	0.19434	11714	1	0.74957	0.54802	1	0.70292	0.58859	1	0.72624	0.56830	1	0.49011	0.53714	10.67607	1.06647	1	0.75091	0.55818	11.22157	1.06647	1	-0.00308	-0.00919	0.68471	0.00335	1	0.06452	-0.01343	0.68071	0.00384	1	1.45898	0.81042	0	
1263935	8524.45020	3306044092342	0.69605	0.58681	8524.24902	0.20117	11714	1	0.74957	0.54802	1	0.70292	0.58859	1	0.72624	0.56830	1	0.49009	0.53701	10.43019	1.06647	1	0.75076	0.55855	11.28569	1.06647	1	-0.00308	-0.00924	0.68471	0.00328	1	0.06528	-0.01364	0.68876	0.00351	1	1.45898	0.81042	0	
1263936	8524.45605	3306044159554	0.69685	0.58619	8524.24902	0.20703	11714	1	0.75205	0.52890	1	0.69127	0.60463	1	0.72166	0.56676	1	0.49012	0.53708	10.47223	1.06647	1	0.75072	0.55816	10.86684	1.06647	1	-0.00308	-0.00924	0.68471	0.00328	1	0.06528	-0.01364	0.68876	0.00363	1	1.45898	0.81042	0	
1263937	8524.46289	3306044227759	0.69703	0.58566	8524.24902	0.21387	11714	1	0.74702	0.53198	1	0.65847	0.60573	1	0.70275	0.56885	1	0.49012	0.53712	10.33667	1.06647	1	0.75064	0.55836	11.09548	1.06647	1	-0.00308	-0.00924	0.68471	0.00328	1	0.06528	-0.01364	0.68876	0.00351	1	1.45898	0.81042	0	
1263938	8524.46973	3306044296085	0.69720	0.58517	8524.24902	0.22070	11714	1	0.74702	0.53198	1	0.65847	0.60573	1	0.70275	0.56885	1	0.48985	0.53678	10.62339	1.06647	1	0.75064	0.55828	11.09959	1.06647	1	-0.00304	-0.00924	0.67675	0.00346	1	0.06421	-0.01344	0.67644	0.00353	1	1.45898	0.81042	0	
1263939	8524.47656	3306044362101	0.69774	0.58531	8524.24902	0.22754	11714	1	0.75508	0.52622	1	0.67732	0.65407	1	0.71620	0.59014	1	0.49024	0.53695	10.53405	1.06647	1	0.75089	0.55890	11.01007	1.06647	1	-0.00304	-0.00924	0.67675	0.00378	1	0.06421	-0.01344	0.67644	0.00359	1	1.45898	0.81042	0	
1263940	8524.48340	3306044427527	0.69827	0.58471	8524.24902	0.23438	11714	1	0.75218	0.50727	1	0.68155	0.62011	1	0.71687	0.56369	1	0.49054	0.53678	11.05382	1.06647	1	0.75092	0.55839	10.79819	1.06647	1	-0.00304	-0.00924	0.67675	0.00380	1	0.06421	-0.01344	0.67644	0.00378	1	1.45898	0.81042	0	
1263941	8524.49023	3306044494899	0.69884	0.58393	8524.24902	0.24121	11714	1	0.75297	0.50163	1	0.68555	0.61021	1	0.71926	0.55592	1	0.49021	0.53651	10.94198	1.07556	1	0.75082	0.55865	11.20822	1.08424	1	-0.00323	-0.00964	0.70657	0.00333	1	0.06707	-0.01405	0.70703	0.00354	1	1.45898	0.81042	0	
1263942	8524.49707	3306044562155	0.69893	0.58206	8524.24902	0.24805	11714	1	0.72486	0.42157	1	0.67938	0.60394	1	0.70212	0.51276	1	0.49015	0.53588	10.53439	1.09332	1	0.75080	0.55853	11.43463	1.10200	1	-0.00323	-0.00964	0.70657	0.00346	1	0.06707	-0.01405	0.70703	0.00352	1	1.45898	0.81042	0	
1263943	8524.50293	3306044629168	0.69884	0.58104	8524.24902	0.25391	11714	1	0.70511	0.46503	1	0.68626	0.61944	1	0.69569	0.54223	1	0.48979	0.53648	10.34103	1.11109	1	0.75088	0.55891	11.58251	1.11977	1	-0.00323	-0.00964	0.70657	0.00343	1	0.06707	-0.01405	0.70703	0.00353	1	1.45898	0.81042	0	
1263944	8524.50977	3306044695602	0.69880	0.57986	8524.24902	0.26074	11714	1	0.70589	0.45374	1	0.68825	0.61462	1	0.69707	0.53418	1	0.48967	0.53679	10.66500	1.12885	1	0.75088	0.55870	11.18826	1.12885	1	-0.00311	-0.00959	0.70282	0.00337	1	0.06421	-0.01349	0.67644	0.00355	1	1.45898	0.81042	0	
1263945	8524.51660	3306044761337	0.71135	0.55401	8524.24902	0.26074	11714	0	0.72862	0.40544	1	0.69012	0.61085	1	0.70937	0.50814	1	0.49019	0.53636	10.80903	1.12885	1	0.75093	0.55869	10.96377	1.12017	1	-0.00311	-0.00959	0.70282	0.00361	1	0.06421	-0.01349	0.67644	0.00358	1	1.45898	0.81042	0	
1263946	8524.52344	3306044828117	0.71351	0.52319	8524.24902	0.26074	11714	0	0.74227	0.33729	1	0.68906	0.64743	1	0.71567	0.49236	1	0.49047	0.53541	10.65703	1.12017	1	0.75094	0.55899	11.27657	1.11149	1	-0.00311	-0.00959	0.70282	0.00366	1	0.06421	-0.01349	0.67644	0.00357	1	1.45898	0.81042	0	
1263947	8524.53027	3306044897056	0.71336	0.51661	8524.24902	0.26074	11714	0	0.74103	0.35046	1	0.68509	0.65648	1	0.71306	0.50347	1	0.49033	0.53632	10.90390	1.10241	1	0.75084	0.55891	11.55172	1.09373	1	-0.00308	-0.00929	0.68471	0.00336	1	0.06421	-0.01349	0.67644	0.00351	1	1.45898	0.81042	0	
1263948	8524.53711	3306044964712	0.71146	0.52694	8524.51660	0.02051	11715	1	0.73471	0.43934	1	0.67680	0.67650	1	0.70576	0.55792	1	0.49042	0.53605	10.62134	1.08464	1	0.75090	0.55922	11.57106	1.08464	1	-0.00308	-0.00929	0.68471	0.00364	1	0.06421	-0.01349	0.67644	0.00364	1	1.45898	0.81042	0	
1263949	8524.54297	3306045029316	0.70683	0.53729	8524.51660	0.02637	11715	1	0.69540	0.46069	1	0.68125	0.69666	1	0.68833	0.57868	1	0.49012	0.53626	9.93615	1.07556	1	0.75098	0.55929	11.42870	1.07556	1	-0.00308	-0.00929	0.68471	0.00347	1	0.06421	-0.01349	0.67644	0.00371	1	1.45898	0.81042	0	
1263950	8524.54980	3306045097765	0.70375	0.54419	8524.51660	0.03320	11715	1	0.69540	0.46069	1	0.68125	0.69666	1	0.68833	0.57868	1	0.49023	0.53673	10.38412	1.07556	1	0.75098	0.55925	11.42497	1.07556	1	-0.00323	-0.00964	0.70657	0.00359	1	0.06421	-0.01349	0.67644	0.00370	1	1.45898	0.81042	0	
1263951	8524.55664	3306045166405	0.70473	0.54960	8524.51660	0.04004	11715	1	0.72231	0.51000	1	0.69891	0.65419	1	0.71061	0.58210	1	0.48970	0.53699	10.45878	1.08464	1	0.75080	0.55884	11.26805	1.08464	1	-0.00323	-0.00964	0.70657	0.00331	1	0.06421	-0.01349	0.67644	0.00344	1	1.45898	0.81042	0	
1263952	8524.56445	3306045234981	0.70992	0.55398	8524.51660	0.04785	11715	1	0.77782	0.47115	1	0.71473	0.69817	1	0.74627	0.58466	1	0.48976	0.53677	11.10395	1.09373	1	0.75064	0.55880	11.42247	1.09373	1	-0.00323	-0.00964	0.70657	0.00337	1	0.06421	-0.01349	0.67644	0.00351	1	1.45898	0.81042	0	
1263953	8524.57031	3306045298779	0.71396	0.55739	8524.51660	0.05371	11715	1	0.77782	0.47115	1	0.71473	0.69817	1	0.74627	0.58466	1	0.48671	0.53493	11.02565	1.09373	1	0.74754	0.55632	11.11158	1.09373	1	-0.00359	-0.00912	0.68344	0.00357	1	0.06369	-0.01317	0.67516	0.00378	1	1.45898	0.81042	0	
1263954	8524.57715	3306045369185	0.70593	0.54736	8524.51660	0.06055	11715	1	0.63245	0.38420	1	0.63485	0.52988	1	0.63365	0.45704	1	0.48601	0.53444	10.34015	1.08464	1	0.74741	0.55618	12.39814	1.08464	1	-0.00359	-0.00912	0.68344	0.00364	1	0.06369	-0.01317	0.67516	0.00345	1	1.45898	0.81042	0	
1263955	8524.58398	3306045432985	0.70276	0.54454	8524.51660	0.06738	11715	1	0.66185	0.46363	1	0.68025	0.56920	1	0.67105	0.51642	1	0.48575	0.53494	10.93157	1.07556	1	0.74747	0.55594	12.34535	1.07556	1	-0.00359	-0.00912	0.68344	0.00320	1	0.06369	-0.01317	0.67516	0.00338	1	1.45898	0.81042	0	
1263956	8524.59082	3306045499286	0.70011	0.54246	8524.51660	0.07422	11715	1	0.66176	0.46963	1	0.68016	0.56944	1	0.67096	0.51953	1	0.48275	0.53103	10.33950	1.06647	1	0.74367	0.55411	11.40709	1.07515	1	-0.00406	-0.00884	0.67712	0.00211	1	0.06563	-0.01345	0.70305	0.00380	1	1.45898	0.81042	0	
1263957	8524.59766	3306045569107	0.68523	0.52024	8524.51660	0.08105	11715	1	0.50220	0.14784	1	0.51108	0.35933	1	0.50664	0.25358	1	0.48265	0.53115	10.32672	1.07515	1	0.74371	0.55333	11.12047	1.08383	1	-0.00406	-0.00884	0.67712	0.00218	1	0.06563	-0.01345	0.70305	0.00373	1	1.45898	0.81042	0	
1263958	8524.60352	3306045632790	0.67195	0.50138	8524.51660	0.08691	11715	1	0.50357	0.15061	1	0.49521	0.36187	1	0.49939	0.25624	1	0.48268	0.53124	10.69153	1.08383	1	0.74359	0.55362	11.28260	1.09251	1	-0.00406	-0.00884	0.67712	0.00216	1	0.06563	-0.01345	0.70305	0.00368	1	1.45898	0.81042	0	
1263959	8524.61035	3306045700479	0.66041	0.48476	8524.51660	0.09375	11715	1	0.50255	0.14235	1	0.49521	0.36187	1	0.49888	0.25211	1	0.48221	0.53085	10.36880	1.09251	1	0.74269	0.55299	11.03126	1.09251	1	-0.00411	-0.00873	0.66925	0.00219	1	0.06349	-0.01299	0.68173	0.00390	1	1.45898	0.81042	0	
1263960	8524.61719	3306045767750	0.62663	0.45170	8524.51660	0.09375	11715	0	0.47702	0.10595	1	0.44145	0.40753	1	0.45924	0.25674	1	0.48230	0.53083	10.50411	1.09251	1	0.74278	0.55405	11.28412	1.08383	1	-0.00411	-0.00873	0.66925	0.00221	1	0.06349	-0.01299	0.68173	0.00385	1	1.45898	0.81042	0	
1263961	8524.62402	3306045834450	0.54679	0.34511	8524.51660	0.09375	11715	0	0.48027	0.12037	1	0.45361	0.35667	1	0.46694	0.23852	1	0.48222	0.53078	10.49179	1.08383	1	0.74288	0.55361	10.95749	1.07515	1	-0.00411	-0.00873	0.66925	0.00219	1	0.06349	-0.01299	0.68173	0.00401	1	1.45898	0.81042	0	
1263962	8524.63086	3306045900166	0.52034	0.31213	8524.51660	0.09375	11715	0	0.48145	0.12889	1	0.45346	0.36348	1	0.46746	0.24618	1	0.48221	0.53085	10.36918	1.07515	1	0.74313	0.55388	11.68074	1.06647	1	-0.00411	-0.00873	0.66925	0.00219	1	0.06295	-0.01286	0.67483	0.00385	1	1.45898	0.81042	0	
1263963	8524.63770	3306045967860	0.46623	0.25332	8524.51660	0.09375	11715	0	0.47921	0.16936	1	0.44935	0.38118	1	0.46428	0.27527	1	0.48213	0.53074	10.70425	1.06647	1	0.74283	0.55378	10.89539	1.06647	1	-0.00411	-0.00873	0.66925	0.00218	1	0.06295	-0.01286	0.67483	0.00396	1	1.45898	0.81042	0	
1263964	8524.64355	3306046035500	0.46657	0.26032	8524.51660	0.09375	11715	0	0.46665	0.13989	1	0.46719	0.39472	1	0.46692	0.26731	1	0.48220	0.53083	10.46703	1.06647	1	0.74307	0.55384	11.58425	1.06647	1	-0.00411	-0.00873	0.66925	0.00217	1	0.06295	-0.01286	0.67483	0.00390	1	1.45898	0.81042	0	
1263965	8524.65039	3306046103162	0.46669	0.26265	8524.51660	0.09375	11715	0	0.46665	0.13989	1	0.46719	0.39472	1	0.46692	0.26731	1	0.48213	0.53094	10.35074	1.06647	1	0.74332	0.55339	11.49999	1.06647	1	-0.00411	-0.00868	0.66925	0.00212	1	0.06295	-0.01286	0.67483	0.00372	1	1.45898	0.81042	0	
1263966	8524.65723	3306046169360	0.46779	0.25489	8524.63770	0.01953	11716	1	0.46853	0.13464	1	0.47362	0.32864	1	0.47107	0.23164	1	0.48207	0.53084	10.69199	1.06647	1	0.74322	0.55306	11.57021	1.06647	1	-0.00411	-0.00868	0.66925	0.00214	1	0.06295	-0.01286	0.67483	0.00385	1	1.45898	0.81042	0	
1263967	8524.66406	3306046238906	0.46861	0.25333	8524.63770	0.02637	11716	1	0.46645	0.13473	1	0.47737	0.35938	1	0.47191	0.24706	1	0.48203	0.53082	10.58856	1.06647	1	0.74328	0.55343	11.86549	1.06647	1	-0.00411	-0.00868	0.66925	0.00220	1	0.06295	-0.01286	0.67483	0.00365	1	1.45898	0.81042	0	
1263968	8524.67090	3306046305829	0.46908	0.25094	8524.63770	0.03320	11716	1	0.46511	0.12579	1	0.47772	0.35220	1	0.47141	0.23899	1	0.48197	0.53077	10.51837	1.07556	1	0.74328	0.55343	11.86549	1.07556	1	-0.00443	-0.00923	0.71132	0.00217	1	0.06295	-0.01286	0.67483	0.00365	1	1.45898	0.81042	0	
1263969	8524.67773	3306046372824	0.47014	0.24768	8524.63770	0.04004	11716	1	0.47663	0.10838	1	0.47642	0.34793	1	0.47653	0.22815	1	0.48194	0.53080	10.53325	1.08464	1	0.74318	0.55351	11.39782	1.08464	1	-0.00443	-0.00923	0.71132	0.00227	1	0.06295	-0.01286	0.67483	0.00371	1	1.45898	0.81042	0	
1263970	8524.68457	3306046439863	0.47168	0.24548	8524.63770	0.04688	11716	1	0.48923	0.10653	1	0.47563	0.35357	1	0.48243	0.23005	1	0.48195	0.53079	10.56936	1.09373	1	0.74310	0.55358	11.45974	1.09373	1	-0.00443	-0.00923	0.71132	0.00221	1	0.06295	-0.01286	0.67483	0.00367	1	1.45898	0.81042	0	
1263971	8524.69141	3306046507095	0.47283	0.24288	8524.63770	0.05371	11716	1	0.48808	0.09759	1	0.47596	0.34653	1	0.48202	0.22206	1	0.48179	0.53096	10.40014	1.10281	1	0.74296	0.55368	11.02840	1.10281	1	-0.00443	-0.00923	0.71132	0.00219	1	0.06349	-0.01299	0.68173	0.00370	1	1.45898	0.81042	0	
1263972	8524.69824	3306046573853	0.47177	0.24186	8524.63770	0.06055	11716	1	0.47184	0.10492	1	0.45266	0.36053	1	0.46225	0.23273	1	0.48182	0.53087	10.60313	1.10281	1	0.74289	0.55360	11.06032	1.10281	1	-0.00443	-0.00923	0.71132	0.00214	1	0.06349	-0.01299	0.68173	0.00375	1	1.45898	0.81042	0	
1263973	8524.70410	3306046640061	0.47097	0.24367	8524.63770	0.06641	11716	1	0.47435	0.14589	1	0.45169	0.37769	1	0.46302	0.26179	1	0.48182	0.53083	10.47336	1.10281	1	0.74277	0.55351	11.27822	1.10281	1	-0.00443	-0.00923	0.71132	0.00215	1	0.06349	-0.01299	0.68173	0.00374	1	1.45898	0.81042	0	
1263974	8524.71094	3306046708665	0.47040	0.24639	8524.63770	0.07324	11716	1	0.47671	0.16199	1	0.45143	0.39044	1	0.46407	0.27621	1	0.48169	0.53084	10.50018	1.08571	1	0.74288	0.55317	11.15788	1.08571	1	-0.00419	-0.00848	0.65706	0.00223	1	0.06291	-0.01282	0.67556	0.00381	1	1.45898	0.81042	0	
1263975	8524.71777	3306046774690	0.47045	0.24831	8524.63770	0.08008	11716	1	0.49498	0.18744	1	0.44724	0.35528	1	0.47111	0.27136	1	0.48169	0.53084	10.50018	1.06861	1	0.74278	0.55285	11.22525	1.06861	1	-0.00419	-0.00848	0.65706	0.00223	1	0.06291	-0.01282	0.67556	0.00406	1	1.45898	0.81042	0	
1263976	8524.72461	3306046841632	0.47050	0.25087	8524.63770	0.08691	11716	1	0.49335	0.18467	1	0.44891	0.38382	1	0.47113	0.28424	1	0.48167	0.53071	11.05106	1.05150	1	0.74276	0.55305	11.22708	1.05150	1	-0.00419	-0.00848	0.65706	0.00219	1	0.06291	-0.01282	0.67556	0.00403	1	1.45898	0.81042	0	
1263977	8524.73145	3306046906828	0.46905	0.26062	8524.63770	0.09375	11716	1	0.49335	0.18467	0	0.44868	0.39709	1	0.44868	0.39709	1	0.48167	0.53071	11.05106	1.03440	0	0.48159	0.53082	10.68664	1.03440	1	-0.00419	-0.00848	0.65706	0.00219	1	-0.00446	-0.00897	0.69110	0.00217	1	1.45898	0.81042	0	
1263978	8524.73828	3306046975761	0.46240	0.25373	8524.63770	0.10059	11716	1	0.49335	0.18467	0	0.36272	0.15044	1	0.36272	0.15044	1	0.48167	0.53071	11.05106	1.03440	0	0.48147	0.53067	10.89379	1.03440	1	-0.00419	-0.00848	0.65706	0.00219	1	-0.00446	-0.00897	0.69110	0.00221	1	1.45898	0.81042	0	
1263979	8524.74512	3306047043322	0.45677	0.24687	8524.63770	0.10742	11716	1	0.49335	0.18467	0	0.36665	0.13698	1	0.36665	0.13698	1	0.48167	0.53071	11.05106	1.03440	0	0.48152	0.53071	10.36022	1.03440	1	-0.00419	-0.00848	0.65706	0.00219	1	-0.00446	-0.00897	0.69110	0.00218	1	1.45898	0.81042	0	
1263980	8524.75195	3306047110265	0.45176	0.24076	8524.63770	0.11426	11716	1	0.49335	0.18467	0	0.36665	0.13698	1	0.36665	0.13698	1	0.48167	0.53071	11.05106	1.03440	0	0.48130	0.53074	10.67046	1.03440	1	-0.00419	-0.00848	0.65706	0.00219	1	-0.00446	-0.00897	0.69110	0.00214	1	1.45898	0.81042	0	
1263981	8524.75781	3306047176227	0.44685	0.23603	8524.63770	0.12012	11716	1	0.49335	0.18467	0	0.35834	0.15087	1	0.35834	0.15087	1	0.48167	0.53071	11.05106	1.03440	0	0.48137	0.53075	10.74850	1.03440	1	-0.00419	-0.00848	0.65706	0.00219	1	-0.00446	-0.00897	0.69110	0.00220	1	1.45898	0.81042	0	
1263982	8524.76465	3306047243546	0.44251	0.23124	8524.63770	0.12695	11716	1	0.49335	0.18467	0	0.36008	0.14020	1	0.36008	0.14020	1	0.48167	0.53071	11.05106	1.03440	0	0.48132	0.53067	10.45315	1.03440	1	-0.00419	-0.00848	0.65706	0.00219	1	-0.00446	-0.00897	0.69110	0.00220	1	1.45898	0.81042	0	
1263983	8524.77148	3306047311121	0.41290	0.21492	8524.63770	0.12695	11716	0	0.49335	0.18467	0	0.36008	0.14020	1	0.36008	0.14020	1	0.48167	0.53071	11.05106	1.03440	0	0.48137	0.53059	10.53927	1.03440	1	-0.00419	-0.00848	0.65706	0.00219	1	-0.00446	-0.00897	0.69110	0.00218	1	1.45898	0.81042	0	
1263984	8524.77832	3306047378277	0.38530	0.18061	8524.63770	0.12695	11716	0	0.49335	0.18467	0	0.35770	0.14629	1	0.35770	0.14629	1	0.48167	0.53071	11.05106	1.03440	0	0.48136	0.53067	10.79378	1.03440	1	-0.00419	-0.00848	0.65706	0.00219	1	-0.00446	-0.00897	0.69110	0.00219	1	1.45898	0.81042	0	
1263985	8524.78516	3306047444506	0.37661	0.16081	8524.63770	0.12695	11716	0	0.49335	0.18467	0	0.35924	0.12122	1	0.35924	0.12122	1	0.48167	0.53071	11.05106	1.03440	0	0.48136	0.53054	10.70242	1.03440	1	-0.00419	-0.00848	0.65706	0.00219	1	-0.00446	-0.00897	0.69110	0.00216	1	1.45898	0.81042	0	
1263986	8524.79199	3306047511590	0.35873	0.12958	8524.63770	0.12695	11716	0	0.49335	0.18467	0	0.35924	0.12122	1	0.35924	0.12122	1	0.48167	0.53071	11.05106	1.03440	0	0.48133	0.53066	10.68209	1.03440	1	-0.00419	-0.00848	0.65706	0.00219	1	-0.00446	-0.00897	0.69110	0.00216	1	1.45898	0.81042	0	
1263987	8524.79883	3306047578701	0.35811	0.13767	8524.63770	0.12695	11716	0	0.49335	0.18467	0	0.35750	0.14575	1	0.35750	0.14575	1	0.48167	0.53071	11.05106	1.03440	0	0.48139	0.53069	10.84804	1.03440	1	-0.00419	-0.00848	0.65706	0.00219	1	-0.00446	-0.00897	0.69110	0.00215	1	1.45898	0.81042	0	
1263988	8524.80469	3306047642835	0.35805	0.13669	8524.63770	0.12695	11716	0	0.49335	0.18467	0	0.35792	0.13475	1	0.35792	0.13475	1	0.48167	0.53071	11.05106	1.03440	0	0.48136	0.53064	10.61349	1.03440	1	-0.00419	-0.00848	0.65706	0.00219	1	-0.00446	-0.00897	0.69110	0.00219	1	1.45898	0.81042	0	
1263989	8524.81152	3306047709523	0.37502	0.14250	8524.79199	0.01953	11717	1	0.49453	0.19329	1	0.35736	0.12658	1	0.42594	0.15994	1	0.48136	0.53069	10.78516	1.04242	1	0.74271	0.55308	11.23247	1.04242	1	-0.00446	-0.00892	0.69111	0.00219	1	0.06291	-0.01282	0.67556	0.00386	1	1.45898	0.81042	0	
1263990	8524.81836	3306047775869	0.39155	0.17453	8524.79199	0.02637	11717	1	0.48418	0.18814	1	0.43117	0.41712	1	0.45768	0.30263	1	0.48142	0.53067	10.84230	1.05044	1	0.74254	0.55348	11.37213	1.05044	1	-0.00446	-0.00892	0.69111	0.00215	1	0.06291	-0.01282	0.67556	0.00372	1	1.45898	0.81042	0	
1263991	8524.82520	3306047843501	0.40143	0.19520	8524.79199	0.03320	11717	1	0.47153	0.17877	1	0.43009	0.41834	1	0.45081	0.29856	1	0.48136	0.53069	10.78516	1.05845	1	0.74256	0.55357	11.36035	1.05845	1	-0.00446	-0.00892	0.69111	0.00219	1	0.06291	-0.01282	0.67556	0.00374	1	1.45898	0.81042	0	
1263992	8524.83203	3306047913333	0.40840	0.20900	8524.79199	0.04004	11717	1	0.47036	0.17115	1	0.43005	0.41244	1	0.45021	0.29180	1	0.48150	0.53055	10.44659	1.06647	1	0.74280	0.55293	10.95839	1.06647	1	-0.00446	-0.00897	0.69110	0.00220	1	0.06291	-0.01282	0.67556	0.00409	1	1.45898	0.81042	0	
1263993	8524.83887	3306047980409	0.40335	0.19523	8524.79199	0.04688	11717	1	0.47036	0.17115	0	0.36801	0.09882	1	0.36801	0.09882	1	0.48150	0.53055	10.44659	1.06647	0	0.48145	0.53065	10.67150	1.06647	1	-0.00446	-0.00897	0.69110	0.00220	1	0.06291	-0.01282	0.67556	0.00221	1	1.45898	0.81042	0	
1263994	8524.84570	3306048048306	0.39932	0.18469	8524.79199	0.05371	11717	1	0.47036	0.17115	0	0.36714	0.10038	1	0.36714	0.10038	1	0.48150	0.53055	10.44659	1.06647	0	0.48152	0.53064	10.61602	1.06647	1	-0.00446	-0.00897	0.69110	0.00220	1	0.06291	-0.01282	0.67556	0.00227	1	1.45898	0.81042	0	
1263995	8524.85156	3306048115032	0.39611	0.17626	8524.79199	0.05957	11717	1	0.47036	0.17115	0	0.36714	0.10038	1	0.36714	0.10038	1	0.48150	0.53055	10.44659	1.06647	0	0.48159	0.53071	10.80649	1.06647	1	-0.00446	-0.00897	0.69110	0.00220	1	-0.00446	-0.00892	0.69111	0.00227	1	1.45898	0.81042	0	
1263996	8524.85840	3306048181610	0.39367	0.16950	8524.79199	0.06641	11717	1	0.47036	0.17115	0	0.36932	0.10190	1	0.36932	0.10190	1	0.48150	0.53055	10.44659	1.06647	0	0.48159	0.53071	10.80649	1.06647	1	-0.00446	-0.00897	0.69110	0.00220	1	-0.00446	-0.00892	0.69111	0.00227	1	1.45898	0.81042	0	
1263997	8524.86523	3306048248600	0.39171	0.16533	8524.79199	0.07324	11717	1	0.47036	0.17115	0	0.37018	0.11949	1	0.37018	0.11949	1	0.48150	0.53055	10.44659	1.06647	0	0.48167	0.53073	10.83220	1.06647	1	-0.00446	-0.00897	0.69110	0.00220	1	-0.00446	-0.00892	0.69111	0.00221	1	1.45898	0.81042	0	
1263998	8524.87207	3306048316035	0.39009	0.16240	8524.79199	0.08008	11717	1	0.47036	0.17115	0	0.37062	0.12718	1	0.37062	0.12718	1	0.48150	0.53055	10.44659	1.06647	0	0.48172	0.53060	10.89358	1.05881	1	-0.00446	-0.00897	0.69110	0.00220	1	-0.00419	-0.00848	0.65706	0.00225	1	1.45898	0.81042	0	
1263999	8524.87891	3306048382905	0.38934	0.15922	8524.79199	0.08691	11717	1	0.47036	0.17115	0	0.37960	0.11786	1	0.37960	0.11786	1	0.48150	0.53055	10.44659	1.05881	0	0.48168	0.53067	10.82544	1.05115	1	-0.00446	-0.00897	0.69110	0.00220	1	-0.00419	-0.00848	0.65706	0.00221	1	1.45898	0.81042	0	
1264000	8524.88574	3306048449359	0.38752	0.15656	8524.79199	0.09375	11717	1	0.47036	0.17115	0	0.36208	0.11937	1	0.36208	0.11937	1	0.48150	0.53055	10.44659	1.05115	0	0.48151	0.53065	10.65503	1.04349	1	-0.00446	-0.00897	0.69110	0.00220	1	-0.00419	-0.00848	0.65706	0.00226	1	1.45898	0.81042	0	
1264001	8524.89160	3306048515226	0.38593	0.15423	8524.79199	0.09961	11717	1	0.47036	0.17115	0	0.36208	0.11937	1	0.36208	0.11937	1	0.48150	0.53055	10.44659	1.04349	0	0.48154	0.53068	10.75122	1.04349	1	-0.00446	-0.00897	0.69110	0.00220	1	-0.00446	-0.00886	0.69111	0.00226	1	1.45898	0.81042	0	
1264002	8524.89844	3306048579296	0.38528	0.15111	8524.79199	0.10645	11717	1	0.47036	0.17115	0	0.37488	0.10106	1	0.37488	0.10106	1	0.48150	0.53055	10.44659	1.04349	0	0.48173	0.53062	10.94823	1.05115	1	-0.00446	-0.00897	0.69110	0.00220	1	-0.00446	-0.00886	0.69111	0.00223	1	1.45898	0.81042	0	
1264003	8524.90527	3306048647579	0.38407	0.14929	8524.79199	0.11328	11717	1	0.47036	0.17115	0	0.36341	0.11834	1	0.36341	0.11834	1	0.48150	0.53055	10.44659	1.05115	0	0.48163	0.53067	11.00614	1.05881	1	-0.00446	-0.00897	0.69110	0.00220	1	-0.00446	-0.00886	0.69111	0.00218	1	1.45898	0.81042	0	
1264004	8524.91211	3306048715963	0.36812	0.11123	8524.79199	0.11328	11717	0	0.47036	0.17115	0	0.36293	0.11060	1	0.36293	0.11060	1	0.48150	0.53055	10.44659	1.05881	0	0.48174	0.53075	10.81686	1.06647	1	-0.00446	-0.00897	0.69110	0.00220	1	-0.00446	-0.00886	0.69111	0.00224	1	1.45898	0.81042	0	
1264005	8524.91895	3306048781485	0.36894	0.11017	8524.79199	0.11328	11717	0	0.47036	0.17115	0	0.36976	0.10911	1	0.36976	0.10911	1	0.48150	0.53055	10.44659	1.06647	0	0.48165	0.53073	10.85423	1.06647	1	-0.00446	-0.00897	0.69110	0.00220	1	-0.00446	-0.00886	0.69111	0.00219	1	1.45898	0.81042	0	
1264006	8524.92578	3306048848672	0.36921	0.10982	8524.79199	0.11328	11717	0	0.47036	0.17115	0	0.36976	0.10911	1	0.36976	0.10911	1	0.48150	0.53055	10.44659	1.06647	0	0.48165	0.53073	10.85423	1.06647	1	-0.00446	-0.00897	0.69110	0.00220	1	-0.00446	-0.00886	0.69111	0.00219	1	1.45898	0.81042	0	
1264007	8524.93164	3306048915725	0.36946	0.11158	8524.91211	0.01953	11718	1	0.47036	0.17115	0	0.37020	0.11687	1	0.37020	0.11687	1	0.48150	0.53055	10.44659	1.06647	0	0.48165	0.53073	10.85423	1.05881	1	-0.00446	-0.00897	0.69110	0.00220	1	-0.00419	-0.00848	0.65706	0.00219	1	1.45898	0.81042	0	
1264008	8524.93848	3306048982293	0.36419	0.11393	8524.91211	0.02637	11718	1	0.47036	0.17115	0	0.34313	0.12334	1	0.34313	0.12334	1	0.48150	0.53055	10.44659	1.05881	0	0.48173	0.53065	11.08299	1.05115	1	-0.00446	-0.00897	0.69110	0.00220	1	-0.00419	-0.00848	0.65706	0.00221	1	1.45898	0.81042	0	
1264009	8524.94531	3306049051185	0.36261	0.11742	8524.91211	0.03320	11718	1	0.47036	0.17115	0	0.35472	0.13488	1	0.35472	0.13488	1	0.48150	0.53055	10.44659	1.05115	0	0.48178	0.53059	11.07866	1.04349	1	-0.00446	-0.00897	0.69110	0.00220	1	-0.00419	-0.00848	0.65706	0.00217	1	1.45898	0.81042	0	
1264010	8524.95215	3306049117318	0.36149	0.11992	8524.91211	0.04004	11718	1	0.47036	0.17115	0	0.35472	0.13488	1	0.35472	0.13488	1	0.48150	0.53055	10.44659	1.04349	0	0.48185	0.53054	11.13458	1.04349	1	-0.00446	-0.00897	0.69110	0.00220	1	-0.00429	-0.00879	0.68177	0.00216	1	1.45898	0.81042	0	
1264011	8524.95898	3306049185961	0.36199	0.12074	8524.91211	0.04688	11718	1	0.47036	0.17115	0	0.36552	0.12653	1	0.36552	0.12653	1	0.48150	0.53055	10.44659	1.04349	0	0.48191	0.53077	10.99401	1.05115	1	-0.00446	-0.00897	0.69110	0.00220	1	-0.00429	-0.00879	0.68177	0.00231	1	1.45898	0.81042	0	
1264012	8524.96582	3306049252823	0.37398	0.13544	8524.91211	0.05371	11718	1	0.49092	0.18192	1	0.44890	0.32403	1	0.46991	0.25297	1	0.48197	0.53074	10.95936	1.05115	1	0.74316	0.55249	11.86319	1.05881	1	-0.00446	-0.00897	0.69110	0.00235	1	-0.00429	-0.00879	0.68177	0.00422	1	1.45898	0.81042	0	
1264013	8524.97266	3306049320702	0.38353	0.14651	8524.91211	0.06055	11718	1	0.48991	0.17463	1	0.44900	0.31770	1	0.46946	0.24616	1	0.48232	0.53067	10.78296	1.05881	1	0.74400	0.55362	12.01435	1.06647	1	-0.00411	-0.00863	0.66925	0.00223	1	0.06339	-0.01287	0.67850	0.00368	1	1.45898	0.81042	0	
1264014	8524.97949	3306049387074	0.39324	0.15861	8524.91211	0.06738	11718	1	0.49777	0.15414	1	0.48292	0.40504	1	0.49034	0.27959	1	0.48249	0.53064	10.92162	1.06647	1	0.74415	0.55333	11.87343	1.06647	1	-0.00411	-0.00863	0.66925	0.00232	1	0.06339	-0.01287	0.67850	0.00420	1	1.45898	0.81042	0	
1264015	8524.98633	3306049454443	0.40212	0.17671	8524.91211	0.07422	11718	1	0.52438	0.34205	1	0.47526	0.40972	1	0.49982	0.37588	1	0.48284	0.53271	10.57150	1.06647	1	0.74411	0.55358	12.12478	1.06647	1	-0.00411	-0.00863	0.66925	0.00364	1	0.06339	-0.01287	0.67850	0.00381	1	1.45898	0.81042	0	
1264016	8524.99219	3306049520940	0.40966	0.19251	8524.91211	0.08008	11718	1	0.52522	0.34835	1	0.47496	0.41567	1	0.50009	0.38201	1	0.48286	0.53222	10.90387	1.05845	1	0.74426	0.55295	11.37222	1.05845	1	-0.00405	-0.00855	0.66700	0.00382	1	0.06338	-0.01290	0.67731	0.00394	1	1.45898	0.81042	0	
1264017	8524.99902	3306049588284	0.41728	0.20291	8524.91211	0.08691	11718	1	0.53748	0.32226	1	0.49526	0.35410	1	0.51637	0.33818	1	0.48300	0.53238	11.20581	1.05044	1	0.74432	0.55258	11.16986	1.05044	1	-0.00405	-0.00855	0.66700	0.00371	1	0.06338	-0.01290	0.67731	0.00414	1	1.45898	0.81042	0	
1264018	8525.00586	3306049654514	0.43552	0.24131	8524.91211	0.08691	11718	0	0.51867	0.34595	1	0.46516	0.42301	1	0.49192	0.38448	1	0.48307	0.53260	11.24900	1.04242	1	0.74427	0.55325	11.66667	1.04242	1	-0.00405	-0.00855	0.66700	0.00369	1	0.06338	-0.01290	0.67731	0.00374	1	1.45898	0.81042	0	
1264019	8525.01270	3306049722101	0.46353	0.30938	8524.91211	0.08691	11718	0	0.51766	0.33868	1	0.46541	0.41623	1	0.49154	0.37746	1	0.48327	0.53237	11.56396	1.05150	1	0.74429	0.55324	11.60415	1.05150	1	-0.00412	-0.00893	0.69619	0.00384	1	0.06338	-0.01290	0.67731	0.00376	1	1.45898	0.81042	0	
1264020	8525.01953	3306049789137	0.46774	0.30656	8524.91211	0.08691	11718	0	0.47852	0.23891	1	0.47379	0.36290	1	0.47615	0.30091	1	0.48293	0.53169	10.94572	1.06861	1	0.74439	0.55297	11.26359	1.06861	1	-0.00412	-0.00893	0.69619	0.00390	1	0.06338	-0.01290	0.67731	0.00402	1	1.45898	0.81042	0	
1264021	8525.02637	3306049855571	0.47312	0.29226	8525.00586	0.02051	11719	1	0.48298	0.13929	1	0.49557	0.35941	1	0.48927	0.24935	1	0.48317	0.53066	11.04036	1.08571	1	0.74469	0.55312	11.86906	1.08571	1	-0.00412	-0.00893	0.69619	0.00230	1	0.06338	-0.01290	0.67731	0.00395	1	1.45898	0.81042	0	
1264022	8525.03320	3306049923526	0.47617	0.28130	8525.00586	0.02734	11719	1	0.48070	0.12284	1	0.49608	0.35207	1	0.48839	0.23746	1	0.48326	0.53058	10.93280	1.10281	1	0.74473	0.55287	11.98940	1.09515	1	-0.00415	-0.00904	0.70064	0.00231	1	0.06187	-0.01258	0.66060	0.00401	1	1.45898	0.81042	0	
1264023	8525.03906	3306049989759	0.48104	0.29080	8525.00586	0.03320	11719	1	0.52705	0.29912	1	0.48367	0.37747	1	0.50536	0.33829	1	0.48368	0.53263	10.99858	1.09515	1	0.74487	0.55317	11.92173	1.08749	1	-0.00415	-0.00904	0.70064	0.00369	1	0.06187	-0.01258	0.66060	0.00387	1	1.45898	0.81042	0	
1264024	8525.04590	3306050056535	0.48403	0.29404	8525.00586	0.04004	11719	1	0.52516	0.28313	1	0.47874	0.34386	1	0.50195	0.31349	1	0.48375	0.53236	10.79011	1.08749	1	0.74482	0.55261	11.87426	1.07983	1	-0.00415	-0.00904	0.70064	0.00381	1	0.06187	-0.01258	0.66060	0.00410	1	1.45898	0.81042	0	
1264025	8525.05273	3306050124850	0.48635	0.29778	8525.00586	0.04688	11719	1	0.52686	0.29694	1	0.47838	0.35108	1	0.50262	0.32401	1	0.48377	0.53242	10.81075	1.07075	1	0.74462	0.55332	12.18998	1.07075	1	-0.00399	-0.00870	0.68243	0.00379	1	0.06327	-0.01286	0.67501	0.00383	1	1.45898	0.81042	0	
1264026	8525.05957	3306050191229	0.48738	0.30436	8525.00586	0.05371	11719	1	0.52074	0.34032	1	0.47041	0.37360	1	0.49557	0.35696	1	0.48360	0.53263	10.75481	1.06166	1	0.74469	0.55289	11.83348	1.06932	1	-0.00399	-0.00870	0.68243	0.00374	1	0.06327	-0.01286	0.67501	0.00390	1	1.45898	0.81042	0	
1264027	8525.06641	3306050257685	0.48900	0.30954	8525.00586	0.06055	11719	1	0.54409	0.32657	1	0.46320	0.38578	1	0.50365	0.35617	1	0.48387	0.53241	10.95000	1.06024	1	0.74461	0.55321	11.93515	1.06790	1	-0.00399	-0.00870	0.68243	0.00377	1	0.06327	-0.01286	0.67501	0.00387	1	1.45898	0.81042	0	
1264028	8525.07324	3306050324881	0.49034	0.31388	8525.00586	0.06738	11719	1	0.54422	0.32771	1	0.46316	0.38687	1	0.50369	0.35729	1	0.48391	0.53288	11.18885	1.05881	1	0.74492	0.55357	11.63915	1.06647	1	-0.00392	-0.00859	0.66997	0.00367	1	0.06327	-0.01286	0.67501	0.00403	1	1.45898	0.81042	0	
1264029	8525.08008	3306050391860	0.49225	0.31747	8525.00586	0.07422	11719	1	0.54243	0.33488	1	0.48407	0.37889	1	0.51325	0.35689	1	0.48384	0.53274	11.08428	1.06647	1	0.74489	0.55296	11.55922	1.06647	1	-0.00392	-0.00859	0.66997	0.00367	1	0.06327	-0.01286	0.67501	0.00421	1	1.45898	0.81042	0	
1264030	8525.08594	3306050457010	0.48556	0.31446	8525.00586	0.08008	11719	1	0.54243	0.33488	0	0.40537	0.27834	1	0.40537	0.27834	1	0.48384	0.53274	11.08428	1.06647	0	0.48379	0.53257	11.15623	1.06647	1	-0.00392	-0.00859	0.66997	0.00367	1	0.06327	-0.01286	0.67501	0.00378	1	1.45898	0.81042	0	
1264031	8525.09277	3306050526309	0.47984	0.31188	8525.00586	0.08691	11719	1	0.54243	0.33488	0	0.40537	0.27834	1	0.40537	0.27834	1	0.48384	0.53274	11.08428	1.06647	0	0.48385	0.53242	11.00317	1.06647	1	-0.00392	-0.00859	0.66997	0.00367	1	-0.00392	-0.00859	0.66997	0.00377	1	1.45898	0.81042	0	
1264032	8525.09961	3306050589390	0.47438	0.30883	8525.00586	0.09375	11719	1	0.54243	0.33488	0	0.39802	0.26620	1	0.39802	0.26620	1	0.48384	0.53274	11.08428	1.06647	0	0.48378	0.53243	11.14321	1.06647	1	-0.00392	-0.00859	0.66997	0.00367	1	-0.00392	-0.00859	0.66997	0.00371	1	1.45898	0.81042	0	
1264033	8525.10645	3306050659811	0.46937	0.29544	8525.00586	0.10059	11719	1	0.54243	0.33488	0	0.39423	0.09463	1	0.39423	0.09463	1	0.48384	0.53274	11.08428	1.06647	0	0.48352	0.53043	11.56862	1.06647	1	-0.00392	-0.00859	0.66997	0.00367	1	-0.00392	-0.00859	0.66997	0.00226	1	1.45898	0.81042	0	
1264034	8525.11328	3306050726279	0.46495	0.28363	8525.00586	0.10742	11719	1	0.54243	0.33488	0	0.39423	0.09463	1	0.39423	0.09463	1	0.48384	0.53274	11.08428	1.06647	0	0.48354	0.53054	11.20677	1.06647	1	-0.00392	-0.00859	0.66997	0.00367	1	-0.00399	-0.00880	0.68243	0.00227	1	1.45898	0.81042	0	
1264035	8525.12012	3306050793973	0.46086	0.27382	8525.00586	0.11426	11719	1	0.54243	0.33488	0	0.39122	0.10708	1	0.39122	0.10708	1	0.48384	0.53274	11.08428	1.06647	0	0.48346	0.53068	11.12765	1.06647	1	-0.00392	-0.00859	0.66997	0.00367	1	-0.00399	-0.00880	0.68243	0.00229	1	1.45898	0.81042	0	
1264036	8525.12695	3306050861324	0.45707	0.26470	8525.00586	0.12109	11719	1	0.54243	0.33488	0	0.38894	0.10039	1	0.38894	0.10039	1	0.48384	0.53274	11.08428	1.06647	0	0.48351	0.53049	11.01982	1.06647	1	-0.00392	-0.00859	0.66997	0.00367	1	-0.00399	-0.00880	0.68243	0.00229	1	1.45898	0.81042	0	
1264037	8525.13281	3306050927814	0.43187	0.22894	8525.00586	0.12109	11719	0	0.54243	0.33488	0	0.38894	0.10039	1	0.38894	0.10039	1	0.48384	0.53274	11.08428	1.06647	0	0.48389	0.53272	11.32792	1.06647	1	-0.00392	-0.00859	0.66997	0.00367	1	-0.00392	-0.00859	0.66997	0.00362	1	1.45898	0.81042	0	
1264038	8525.13965	3306050994612	0.41986	0.25863	8525.00586	0.12109	11719	0	0.54243	0.33488	0	0.40785	0.28831	1	0.40785	0.28831	1	0.48384	0.53274	11.08428	1.06647	0	0.48387	0.53264	11.30631	1.06647	1	-0.00392	-0.00859	0.66997	0.00367	1	-0.00392	-0.00859	0.66997	0.00363	1	1.45898	0.81042	0	
1264039	8525.14648	3306051061935	0.41452	0.26015	8525.00586	0.12109	11719	0	0.54243	0.33488	0	0.40382	0.26319	1	0.40382	0.26319	1	0.48384	0.53274	11.08428	1.06647	0	0.48382	0.53255	11.16925	1.06647	1	-0.00392	-0.00859	0.66997	0.00367	1	-0.00392	-0.00859	0.66997	0.00366	1	1.45898	0.81042	0	
1264040	8525.15332	3306051128842	0.41184	0.26091	8525.13281	0.02051	11720	1	0.54243	0.33488	0	0.40382	0.26319	1	0.40382	0.26319	1	0.48384	0.53274	11.08428	1.06647	0	0.48392	0.53291	11.32313	1.06647	1	-0.00392	-0.00859	0.66997	0.00367	1	-0.00399	-0.00880	0.68243	0.00349	1	1.45898	0.81042	0	
1264041	8525.16016	3306051195239	0.40968	0.27077	8525.13281	0.02734	11720	1	0.54243	0.33488	0	0.40104	0.31025	1	0.40104	0.31025	1	0.48384	0.53274	11.08428	1.06647	0	0.48379	0.53281	11.34618	1.06647	1	-0.00392	-0.00859	0.66997	0.00367	1	-0.00399	-0.00880	0.68243	0.00352	1	1.45898	0.81042	0	
1264042	8525.16699	3306051262437	0.40886	0.27328	8525.13281	0.03418	11720	1	0.54243	0.33488	0	0.40477	0.28581	1	0.40477	0.28581	1	0.48384	0.53274	11.08428	1.06647	0	0.48381	0.53265	11.37358	1.06647	1	-0.00392	-0.00859	0.66997	0.00367	1	-0.00399	-0.00880	0.68243	0.00356	1	1.45898	0.81042	0	
1264043	8525.17383	3306051328840	0.40828	0.27507	8525.13281	0.04102	11720	1	0.54243	0.33488	0	0.40477	0.28581	1	0.40477	0.28581	1	0.48384	0.53274	11.08428	1.06647	0	0.48355	0.53276	11.12294	1.06647	1	-0.00392	-0.00859	0.66997	0.00367	1	-0.00392	-0.00869	0.66997	0.00356	1	1.45898	0.81042	0	
1264044	8525.18066	3306051397090	0.40810	0.27752	8525.13281	0.04785	11720	1	0.54243	0.33488	0	0.40683	0.29471	1	0.40683	0.29471	1	0.48384	0.53274	11.08428	1.06647	0	0.48382	0.53270	11.06934	1.06647	1	-0.00392	-0.00859	0.66997	0.00367	1	-0.00392	-0.00869	0.66997	0.00361	1	1.45898	0.81042	0	
1264045	8525.18652	3306051463407	0.40778	0.28001	8525.13281	0.05371	11720	1	0.54243	0.33488	0	0.40529	0.29989	1	0.40529	0.29989	1	0.48384	0.53274	11.08428	1.06647	0	0.48387	0.53279	11.59777	1.06647	1	-0.00392	-0.00859	0.66997	0.00367	1	-0.00392	-0.00869	0.66997	0.00353	1	1.45898	0.81042	0	
1264046	8525.19336	3306051528396	0.40754	0.28200	8525.13281	0.06055	11720	1	0.54243	0.33488	0	0.40529	0.29989	1	0.40529	0.29989	1	0.48384	0.53274	11.08428	1.06647	0	0.48375	0.53276	11.27108	1.06647	1	-0.00392	-0.00859	0.66997	0.00367	1	-0.00392	-0.00869	0.66997	0.00355	1	1.45898	0.81042	0	
1264047	8525.20020	3306051597528	0.40769	0.28652	8525.13281	0.06738	11720	1	0.54243	0.33488	0	0.40919	0.33177	1	0.40919	0.33177	1	0.48384	0.53274	11.08428	1.06647	0	0.48392	0.53313	11.46488	1.06647	1	-0.00392	-0.00859	0.66997	0.00367	1	-0.00392	-0.00869	0.66997	0.00355	1	1.45898	0.81042	0	
1264048	8525.20703	3306051664500	0.40721	0.28919	8525.13281	0.07422	11720	1	0.54243	0.33488	0	0.40192	0.31850	1	0.40192	0.31850	1	0.48384	0.53274	11.08428	1.06647	0	0.48383	0.53311	11.11552	1.06647	1	-0.00392	-0.00859	0.66997	0.00367	1	-0.00392	-0.00869	0.66997	0.00358	1	1.45898	0.81042	0	
1264049	8525.21387	3306051731716	0.40680	0.29144	8525.13281	0.08105	11720	1	0.54243	0.33488	0	0.40192	0.31850	1	0.40192	0.31850	1	0.48384	0.53274	11.08428	1.06647	0	0.48338	0.53087	11.63174	1.06647	1	-0.00392	-0.00859	0.66997	0.00367	1	-0.00399	-0.00891	0.68243	0.00232	1	1.45898	0.81042	0	
1264050	8525.22070	3306051799143	0.40541	0.27903	8525.13281	0.08789	11720	1	0.54243	0.33488	0	0.38739	0.11772	1	0.38739	0.11772	1	0.48384	0.53274	11.08428	1.06647	0	0.48336	0.53071	11.35814	1.06647	1	-0.00392	-0.00859	0.66997	0.00367	1	-0.00399	-0.00891	0.68243	0.00227	1	1.45898	0.81042	0	
1264051	8525.22754	3306051866154	0.40402	0.26969	8525.13281	0.09473	11720	1	0.54243	0.33488	0	0.38453	0.13890	1	0.38453	0.13890	1	0.48384	0.53274	11.08428	1.06647	0	0.48339	0.53085	11.22923	1.06647	1	-0.00392	-0.00859	0.66997	0.00367	1	-0.00399	-0.00891	0.68243	0.00225	1	1.45898	0.81042	0	
1264052	8525.23340	3306051932604	0.40770	0.26714	8525.13281	0.10059	11720	1	0.54162	0.32769	1	0.38413	0.12993	1	0.46287	0.22881	1	0.48379	0.53331	10.92155	1.07556	1	0.74437	0.55389	12.02130	1.07556	1	-0.00415	-0.00914	0.70064	0.00358	1	0.06393	-0.01305	0.68212	0.00397	1	1.45898	0.81042	0	
1264053	8525.24023	3306051999534	0.41333	0.27352	8525.13281	0.10742	11720	1	0.53476	0.38022	1	0.47211	0.37111	1	0.50343	0.37566	1	0.48372	0.53330	10.90017	1.08464	1	0.74437	0.55363	12.32747	1.08464	1	-0.00415	-0.00914	0.70064	0.00354	1	0.06393	-0.01305	0.68212	0.00414	1	1.45898	0.81042	0	
1264054	8525.24707	3306052066518	0.41868	0.27759	8525.13281	0.11426	11720	1	0.53296	0.37113	1	0.48625	0.32230	1	0.50960	0.34671	1	0.48379	0.53331	10.92154	1.09373	1	0.74453	0.55305	11.75426	1.09373	1	-0.00415	-0.00914	0.70064	0.00357	1	0.06393	-0.01305	0.68212	0.00430	1	1.45898	0.81042	0	
1264055	8525.25391	3306052133311	0.42344	0.28102	8525.13281	0.12109	11720	1	0.53210	0.36441	1	0.48631	0.32115	1	0.50921	0.34278	1	0.48361	0.53319	10.75037	1.10281	1	0.74454	0.55303	11.81317	1.09515	1	-0.00415	-0.00914	0.70064	0.00354	1	0.06183	-0.01263	0.66022	0.00429	1	1.45898	0.81042	0	
1264056	8525.26074	3306052200475	0.42737	0.28106	8525.13281	0.12793	11720	1	0.49593	0.17700	1	0.50792	0.38662	1	0.50192	0.28181	1	0.48331	0.53110	11.61827	1.09515	1	0.74453	0.55385	12.21422	1.08749	1	-0.00415	-0.00914	0.70064	0.00227	1	0.06183	-0.01263	0.66022	0.00390	1	1.45898	0.81042	0	
1264057	8525.26758	3306052267480	0.43118	0.28458	8525.13281	0.13477	11720	1	0.52275	0.34679	1	0.49215	0.36309	1	0.50745	0.35494	1	0.48360	0.53311	10.80647	1.08749	1	0.74465	0.55345	11.93183	1.07983	1	-0.00415	-0.00914	0.70064	0.00353	1	0.06183	-0.01263	0.66022	0.00412	1	1.45898	0.81042	0	
1264058	8525.27441	3306052334912	0.43468	0.28775	8525.13281	0.14160	11720	1	0.52354	0.35266	1	0.49260	0.35634	1	0.50807	0.35450	1	0.48328	0.53074	11.39217	1.07983	1	0.74437	0.55414	12.60796	1.08851	1	-0.00415	-0.00914	0.70064	0.00227	1	0.06622	-0.01352	0.70706	0.00384	1	1.45898	0.81042	0	
1264059	8525.28027	3306052401442	0.46543	0.28401	8525.13281	0.14160	11720	0	0.49524	0.14365	1	0.51849	0.31497	1	0.50687	0.22931	1	0.48325	0.53077	11.33996	1.08851	1	0.74461	0.55377	12.00027	1.10485	1	-0.00415	-0.00914	0.70064	0.00230	1	0.06622	-0.01352	0.70706	0.00392	1	1.45898	0.81042	0	
1264060	8525.28711	3306052467806	0.48272	0.26339	8525.13281	0.14160	11720	0	0.49488	0.15213	1	0.50511	0.33340	1	0.50000	0.24276	1	0.48325	0.53094	11.25589	1.10485	1	0.74448	0.55398	12.35135	1.12119	1	-0.00415	-0.00914	0.70064	0.00232	1	0.06622	-0.01352	0.70706	0.00388	1	1.45898	0.81042	0	
1264061	8525.29395	3306052534467	0.48831	0.25186	8525.13281	0.14160	11720	0	0.49289	0.13689	1	0.50611	0.32070	1	0.49950	0.22880	1	0.48308	0.53286	10.93479	1.12119	1	0.74403	0.55409	11.71884	1.13753	1	-0.00412	-0.00903	0.69618	0.00350	1	0.06622	-0.01352	0.70706	0.00396	1	1.45898	0.81042	0	
1264062	8525.30078	3306052599837	0.49084	0.26168	8525.28027	0.02051	11721	1	0.51219	0.27806	1	0.48466	0.30424	1	0.49842	0.29115	1	0.48318	0.53270	11.31339	1.13753	1	0.74412	0.55392	11.26296	1.13753	1	-0.00412	-0.00903	0.69618	0.00346	1	0.06622	-0.01352	0.70706	0.00396	1	1.45898	0.81042	0	
1264063	8525.30762	3306052667001	0.49704	0.26635	8525.28027	0.02734	11721	1	0.54063	0.27206	1	0.50312	0.29796	1	0.52187	0.28501	1	0.48310	0.53296	11.55868	1.13753	1	0.74438	0.55378	11.15823	1.13753	1	-0.00412	-0.00903	0.69618	0.00337	1	0.06622	-0.01352	0.70706	0.00394	1	1.45898	0.81042	0	
1264064	8525.31348	3306052734722	0.50116	0.27124	8525.28027	0.03320	11721	1	0.54140	0.27931	1	0.50208	0.31211	1	0.52174	0.29571	1	0.48319	0.53269	11.14417	1.12845	1	0.74427	0.55383	11.24901	1.11977	1	-0.00406	-0.00884	0.67712	0.00352	1	0.06338	-0.01295	0.67731	0.00390	1	1.45898	0.81042	0	
1264065	8525.32031	3306052800332	0.50284	0.27750	8525.28027	0.04004	11721	1	0.53055	0.26079	1	0.49533	0.36927	1	0.51294	0.31503	1	0.48304	0.53254	10.93669	1.11068	1	0.74427	0.55383	11.24901	1.10200	1	-0.00406	-0.00884	0.67712	0.00351	1	0.06338	-0.01295	0.67731	0.00390	1	1.45898	0.81042	0	
1264066	8525.32715	3306052868606	0.50487	0.28185	8525.28027	0.04688	11721	1	0.52953	0.28605	1	0.50852	0.33863	1	0.51902	0.31234	1	0.48300	0.53237	11.05124	1.09292	1	0.74455	0.55386	12.02977	1.08424	1	-0.00406	-0.00884	0.67712	0.00346	1	0.06338	-0.01295	0.67731	0.00386	1	1.45898	0.81042	0	
1264067	8525.33398	3306052933955	0.50647	0.28684	8525.28027	0.05371	11721	1	0.53126	0.30058	1	0.50735	0.35282	1	0.51930	0.32670	1	0.48305	0.53310	11.41595	1.07515	1	0.74423	0.55381	11.25127	1.06647	1	-0.00411	-0.00868	0.66925	0.00341	1	0.06338	-0.01295	0.67731	0.00396	1	1.45898	0.81042	0	
1264068	8525.34082	3306053001658	0.50743	0.29430	8525.28027	0.06055	11721	1	0.53815	0.36982	1	0.49388	0.35321	1	0.51602	0.36152	1	0.48301	0.53312	11.13374	1.06647	1	0.74428	0.55390	11.26094	1.06647	1	-0.00411	-0.00868	0.66925	0.00343	1	0.06338	-0.01295	0.67731	0.00389	1	1.45898	0.81042	0	
1264069	8525.34766	3306053067043	0.50816	0.30165	8525.28027	0.06738	11721	1	0.53894	0.34944	1	0.49211	0.40069	1	0.51553	0.37507	1	0.48305	0.53280	11.05974	1.06647	1	0.74427	0.55387	11.24434	1.06647	1	-0.00411	-0.00868	0.66925	0.00349	1	0.06338	-0.01295	0.67731	0.00385	1	1.45898	0.81042	0	
1264070	8525.35449	3306053136632	0.50878	0.30776	8525.28027	0.07422	11721	1	0.53894	0.34944	1	0.49211	0.40069	1	0.51553	0.37507	1	0.48342	0.53309	10.38552	1.06647	1	0.74441	0.55382	11.32182	1.06647	1	-0.00411	-0.00889	0.68512	0.00359	1	0.06338	-0.01295	0.67731	0.00389	1	1.45898	0.81042	0	
1264071	8525.36133	3306053205146	0.50638	0.30654	8525.28027	0.08105	11721	1	0.50524	0.21525	1	0.45002	0.36841	1	0.47763	0.29183	1	0.48340	0.53125	11.48482	1.06647	1	0.74439	0.55404	12.11082	1.06647	1	-0.00411	-0.00889	0.68512	0.00224	1	0.06338	-0.01295	0.67731	0.00389	1	1.45898	0.81042	0	
1264072	8525.36719	3306053270900	0.50235	0.29853	8525.28027	0.08691	11721	1	0.46298	0.12337	1	0.43707	0.26551	1	0.45002	0.19444	1	0.48356	0.53104	10.95120	1.06647	1	0.74452	0.55358	12.49182	1.06647	1	-0.00411	-0.00889	0.68512	0.00233	1	0.06338	-0.01295	0.67731	0.00380	1	1.45898	0.81042	0	
1264073	8525.37402	3306053339134	0.49882	0.29125	8525.28027	0.09375	11721	1	0.46161	0.11432	1	0.43707	0.26427	1	0.44934	0.18929	1	0.48634	0.53422	11.10817	1.07556	1	0.74764	0.55577	13.13325	1.06790	1	-0.00370	-0.00923	0.69541	0.00376	1	0.06183	-0.01276	0.65710	0.00361	1	1.45898	0.81042	0	
1264074	8525.38086	3306053406145	0.50416	0.29602	8525.28027	0.10059	11721	1	0.61232	0.34336	1	0.55618	0.39176	1	0.58425	0.36756	1	0.48659	0.53392	10.87231	1.07698	1	0.74767	0.55507	11.80687	1.06932	1	-0.00370	-0.00923	0.69541	0.00371	1	0.06183	-0.01276	0.65710	0.00378	1	1.45898	0.81042	0	
1264075	8525.38770	3306053472991	0.50767	0.29985	8525.28027	0.10742	11721	1	0.57229	0.31339	1	0.55554	0.40894	1	0.56391	0.36117	1	0.48677	0.53341	10.61106	1.07841	1	0.74766	0.55529	11.92054	1.07075	1	-0.00370	-0.00923	0.69541	0.00365	1	0.06183	-0.01276	0.65710	0.00387	1	1.45898	0.81042	0	
1264076	8525.39453	3306053540271	0.51081	0.30343	8525.28027	0.11426	11721	1	0.57279	0.31952	1	0.55554	0.40894	1	0.56416	0.36423	1	0.48800	0.53495	11.23230	1.07075	1	0.74936	0.55624	11.35697	1.07075	1	-0.00339	-0.00915	0.68566	0.00337	1	0.06424	-0.01336	0.68000	0.00381	1	1.45898	0.81042	0	
1264077	8525.40137	3306053606773	0.51906	0.31258	8525.28027	0.12109	11721	1	0.67374	0.42219	1	0.66133	0.53258	1	0.66754	0.47738	1	0.48824	0.53479	10.46564	1.06166	1	0.74941	0.55637	12.05141	1.06932	1	-0.00339	-0.00915	0.68566	0.00342	1	0.06424	-0.01336	0.68000	0.00359	1	1.45898	0.81042	0	
1264078	8525.40820	3306053674076	0.54019	0.34644	8525.28027	0.12109	11721	0	0.65064	0.46052	1	0.66753	0.48556	1	0.65908	0.47304	1	0.48786	0.53499	11.15401	1.06024	1	0.74955	0.55616	11.33223	1.06790	1	-0.00339	-0.00915	0.68566	0.00333	1	0.06424	-0.01336	0.68000	0.00381	1	1.45898	0.81042	0	
1264079	8525.41504	3306053740767	0.59956	0.41022	8525.28027	0.12109	11721	0	0.65064	0.46148	1	0.66723	0.48654	1	0.65893	0.47401	1	0.48796	0.53524	11.42971	1.05881	1	0.74888	0.55651	12.30682	1.06647	1	-0.00339	-0.00915	0.68566	0.00326	1	0.06366	-0.01314	0.67381	0.00369	1	1.45898	0.81042	0	
1264080	8525.42090	3306053807998	0.61653	0.43928	8525.28027	0.12109	11721	0	0.66829	0.45396	1	0.63262	0.54085	1	0.65045	0.49741	1	0.48809	0.53520	11.25066	1.06647	1	0.74889	0.55661	12.46627	1.06647	1	-0.00339	-0.00915	0.68566	0.00326	1	0.06366	-0.01314	0.67381	0.00363	1	1.45898	0.81042	0	
1264081	8525.42773	3306053874479	0.65179	0.48463	8525.28027	0.12109	11721	0	0.66433	0.44896	1	0.62762	0.51598	1	0.64598	0.48247	1	0.48803	0.53512	11.36599	1.06647	1	0.74890	0.55654	12.35845	1.06647	1	-0.00339	-0.00915	0.68566	0.00330	1	0.06366	-0.01314	0.67381	0.00367	1	1.45898	0.81042	0	
1264082	8525.43457	3306053941516	0.64897	0.48177	8525.28027	0.12109	11721	0	0.66444	0.44279	1	0.62787	0.51505	1	0.64616	0.47892	1	0.48821	0.53444	10.96778	1.07556	1	0.74892	0.55637	12.32442	1.06790	1	-0.00357	-0.00948	0.71010	0.00378	1	0.06221	-0.01280	0.65901	0.00372	1	1.45898	0.81042	0	
1264083	8525.44141	3306054008279	0.65105	0.47048	8525.28027	0.12109	11721	0	0.68350	0.35757	1	0.62689	0.53824	1	0.65519	0.44791	1	0.48812	0.53462	11.31150	1.07698	1	0.74891	0.55667	12.43613	1.06932	1	-0.00357	-0.00948	0.71010	0.00364	1	0.06221	-0.01280	0.65901	0.00362	1	1.45898	0.81042	0	
1264084	8525.44824	3306054075784	0.65618	0.47253	8525.42773	0.02051	11722	1	0.71096	0.39195	1	0.63218	0.56539	1	0.67157	0.47867	1	0.48805	0.53507	11.41507	1.07841	1	0.74897	0.55693	12.27798	1.07075	1	-0.00357	-0.00948	0.71010	0.00331	1	0.06221	-0.01280	0.65901	0.00386	1	1.45898	0.81042	0	
1264085	8525.45508	3306054142692	0.65942	0.47311	8525.42773	0.02734	11722	1	0.71103	0.39092	1	0.63381	0.55990	1	0.67242	0.47541	1	0.48815	0.53401	10.89121	1.07983	1	0.74890	0.55703	12.26250	1.07983	1	-0.00363	-0.00937	0.70189	0.00366	1	0.06369	-0.01317	0.67516	0.00395	1	1.45898	0.81042	0	
1264086	8525.46191	3306054210022	0.66072	0.47391	8525.42773	0.03418	11722	1	0.70391	0.43507	1	0.63046	0.52077	1	0.66718	0.47792	1	0.48792	0.53509	11.02970	1.07983	1	0.74890	0.55651	11.66886	1.08749	1	-0.00363	-0.00937	0.70189	0.00334	1	0.06369	-0.01317	0.67516	0.00391	1	1.45898	0.81042	0	
1264087	8525.46777	3306054276775	0.66100	0.47641	8525.42773	0.04004	11722	1	0.70097	0.43835	1	0.62445	0.54455	1	0.66271	0.49145	1	0.48786	0.53507	11.59214	1.08749	1	0.74872	0.55694	11.64518	1.09515	1	-0.00363	-0.00937	0.70189	0.00333	1	0.06369	-0.01317	0.67516	0.00403	1	1.45898	0.81042	0	
1264088	8525.47461	3306054343565	0.66120	0.47841	8525.42773	0.04688	11722	1	0.70091	0.43931	1	0.62421	0.54542	1	0.66256	0.49236	1	0.48755	0.53509	10.72959	1.08607	1	0.74883	0.55655	11.22174	1.09373	1	-0.00359	-0.00912	0.68344	0.00335	1	0.06503	-0.01339	0.68940	0.00411	1	1.45898	0.81042	0	
1264089	8525.48145	3306054409224	0.65951	0.48030	8525.42773	0.05371	11722	1	0.67337	0.44048	1	0.61871	0.55041	1	0.64604	0.49545	1	0.48747	0.53530	11.38655	1.08464	1	0.74874	0.55677	11.31080	1.08464	1	-0.00359	-0.00912	0.68344	0.00332	1	0.06503	-0.01339	0.68940	0.00380	1	1.45898	0.81042	0	
1264090	8525.48828	3306054478160	0.65868	0.47697	8525.42773	0.06055	11722	1	0.68420	0.35397	1	0.61812	0.54003	1	0.65116	0.44700	1	0.48775	0.53440	10.79878	1.07556	1	0.74873	0.55671	11.37958	1.07556	1	-0.00359	-0.00912	0.68344	0.00370	1	0.06503	-0.01339	0.68940	0.00400	1	1.45898	0.81042	0	
1264091	8525.49512	3306054544406	0.65791	0.47482	8525.42773	0.06738	11722	1	0.68397	0.36087	1	0.61661	0.54570	1	0.65029	0.45328	1	0.48804	0.53456	11.23582	1.06647	1	0.74877	0.55677	11.40936	1.06647	1	-0.00359	-0.00912	0.68344	0.00373	1	0.06503	-0.01339	0.68940	0.00384	1	1.45898	0.81042	0	
1264092	8525.50195	3306054610300	0.65671	0.47893	8525.42773	0.07422	11722	1	0.67371	0.48495	1	0.61331	0.56346	1	0.64351	0.52420	1	0.48741	0.53530	11.48647	1.06647	1	0.74870	0.55677	11.47627	1.06647	1	-0.00359	-0.00912	0.68344	0.00332	1	0.06503	-0.01339	0.68940	0.00383	1	1.45898	0.81042	0	
1264093	8525.50781	3306054674764	0.65616	0.48403	8525.42773	0.08008	11722	1	0.68832	0.47098	1	0.61073	0.61942	1	0.64953	0.54520	1	0.48772	0.53539	11.75766	1.06647	1	0.74862	0.55690	11.56365	1.06647	1	-0.00359	-0.00912	0.68344	0.00335	1	0.06503	-0.01339	0.68940	0.00380	1	1.45898	0.81042	0	
1264094	8525.51465	3306054745304	0.65564	0.48855	8525.42773	0.08691	11722	1	0.68832	0.47098	1	0.60949	0.62366	1	0.64891	0.54732	1	0.48770	0.53400	10.36088	1.06647	1	0.74864	0.55705	11.67123	1.05881	1	-0.00353	-0.00892	0.67176	0.00386	1	0.06221	-0.01280	0.65901	0.00402	1	1.45898	0.81042	0	
1264095	8525.52148	3306054812505	0.65601	0.49015	8525.42773	0.09375	11722	1	0.70348	0.47230	1	0.61873	0.55267	1	0.66110	0.51248	1	0.48793	0.53525	11.53158	1.05881	1	0.74876	0.55675	11.54190	1.05115	1	-0.00353	-0.00892	0.67176	0.00347	1	0.06221	-0.01280	0.65901	0.00414	1	1.45898	0.81042	0	
1264096	8525.52832	3306054880189	0.65563	0.48861	8525.42773	0.10059	11722	1	0.68756	0.38569	1	0.61229	0.54554	1	0.64993	0.46561	1	0.48775	0.53422	10.54544	1.05115	1	0.74874	0.55643	11.40496	1.04349	1	-0.00353	-0.00892	0.67176	0.00383	1	0.06221	-0.01280	0.65901	0.00409	1	1.45898	0.81042	0	
1264097	8525.53516	3306054947409	0.65525	0.48757	8525.42773	0.10742	11722	1	0.68733	0.39141	1	0.61103	0.55042	1	0.64918	0.47091	1	0.48754	0.53497	11.17332	1.04349	1	0.74900	0.55688	12.17969	1.03583	1	-0.00359	-0.00912	0.68344	0.00328	1	0.06221	-0.01280	0.65901	0.00391	1	1.45898	0.81042	0	
1264098	8525.54199	3306055012037	0.65549	0.49022	8525.42773	0.11426	11722	1	0.69630	0.45829	1	0.62288	0.61211	1	0.65959	0.53520	1	0.48787	0.53496	11.28772	1.03583	1	0.74899	0.55675	12.47315	1.03583	1	-0.00359	-0.00912	0.68344	0.00334	1	0.06221	-0.01280	0.65901	0.00372	1	1.45898	0.81042	0	
1264099	8525.54883	3306055080926	0.65572	0.49128	8525.42773	0.12109	11722	1	0.69936	0.46813	1	0.62044	0.55283	1	0.65990	0.51048	1	0.48786	0.53501	11.45089	1.03583	1	0.74886	0.55655	12.41148	1.03583	1	-0.00359	-0.00912	0.68344	0.00335	1	0.06221	-0.01280	0.65901	0.00361	1	1.45898	0.81042	0	
1264100	8525.55566	3306055147663	0.65601	0.49182	8525.42773	0.12793	11722	1	0.69974	0.46196	1	0.62336	0.54219	1	0.66155	0.50208	1	0.48782	0.53499	11.31745	1.04492	1	0.74885	0.55638	12.19434	1.05258	1	-0.00363	-0.00937	0.70189	0.00342	1	0.06424	-0.01321	0.68000	0.00368	1	1.45898	0.81042	0	
1264101	8525.56152	3306055214591	0.65545	0.48974	8525.42773	0.13379	11722	1	0.65357	0.39483	1	0.63475	0.50117	1	0.64416	0.44800	1	0.48796	0.53497	11.34188	1.06166	1	0.74939	0.55629	11.58101	1.06932	1	-0.00363	-0.00937	0.70189	0.00356	1	0.06424	-0.01321	0.68000	0.00389	1	1.45898	0.81042	0	
1264102	8525.56836	3306055281525	0.65383	0.48609	8525.42773	0.14062	11722	1	0.62215	0.33176	1	0.61750	0.48707	1	0.61983	0.40942	1	0.48789	0.53480	11.06025	1.07841	1	0.74940	0.55628	11.62830	1.08607	1	-0.00363	-0.00937	0.70189	0.00364	1	0.06424	-0.01321	0.68000	0.00378	1	1.45898	0.81042	0	
1264103	8525.57520	3306055348035	0.65237	0.48251	8525.42773	0.14746	11722	1	0.62196	0.32578	1	0.61875	0.48196	1	0.62036	0.40387	1	0.49001	0.53624	10.91928	1.08607	1	0.75056	0.55787	11.60064	1.09373	1	-0.00318	-0.00930	0.68506	0.00356	1	0.06452	-0.01343	0.68071	0.00383	1	1.45898	0.81042	0	
1264104	8525.58203	3306055416030	0.65441	0.48457	8525.42773	0.15430	11722	1	0.73843	0.45941	1	0.66382	0.60439	1	0.70113	0.53190	1	0.48997	0.53644	11.34622	1.08464	1	0.75029	0.55802	11.99745	1.08464	1	-0.00318	-0.00930	0.68506	0.00344	1	0.06452	-0.01343	0.68071	0.00367	1	1.45898	0.81042	0	
1264105	8525.58887	3306055482683	0.65717	0.48802	8525.42773	0.16113	11722	1	0.74519	0.50228	1	0.70172	0.63953	1	0.72345	0.57091	1	0.49012	0.53675	11.69253	1.07556	1	0.75087	0.55817	11.19370	1.07556	1	-0.00318	-0.00930	0.68506	0.00345	1	0.06452	-0.01343	0.68071	0.00376	1	1.45898	0.81042	0	
1264106	8525.59570	3306055549098	0.65962	0.49149	8525.42773	0.16797	11722	1	0.74446	0.50792	1	0.69766	0.64849	1	0.72106	0.57820	1	0.49016	0.53681	11.73530	1.06647	1	0.75099	0.55798	11.11797	1.05881	1	-0.00315	-0.00925	0.67757	0.00349	1	0.06297	-0.01309	0.66385	0.00375	1	1.45898	0.81042	0	
1264107	8525.60254	3306055616208	0.66180	0.49284	8525.42773	0.17480	11722	1	0.73449	0.45809	1	0.70198	0.59781	1	0.71824	0.52795	1	0.48995	0.53636	11.18878	1.05881	1	0.75090	0.55799	10.98355	1.05115	1	-0.00315	-0.00925	0.67757	0.00346	1	0.06297	-0.01309	0.66385	0.00372	1	1.45898	0.81042	0	
1264108	8525.60840	3306055683046	0.66372	0.49457	8525.42773	0.18066	11722	1	0.73841	0.48160	1	0.69316	0.60094	1	0.71578	0.54127	1	0.49000	0.53636	11.26401	1.05115	1	0.75083	0.55809	11.07749	1.04349	1	-0.00315	-0.00925	0.67757	0.00349	1	0.06297	-0.01309	0.66385	0.00367	1	1.45898	0.81042	0	
1264109	8525.61523	3306055750388	0.66551	0.49627	8525.42773	0.18750	11722	1	0.73783	0.48661	1	0.69316	0.60094	1	0.71549	0.54378	1	0.49012	0.53702	11.82214	1.04349	1	0.75087	0.55835	11.46040	1.04349	1	-0.00315	-0.00925	0.67757	0.00337	1	0.06452	-0.01343	0.68071	0.00361	1	1.45898	0.81042	0	
1264110	8525.62207	3306055817086	0.66731	0.49792	8525.42773	0.19434	11722	1	0.74237	0.49587	1	0.69652	0.59589	1	0.71944	0.54588	1	0.49011	0.53664	11.63120	1.04349	1	0.75087	0.55810	11.49868	1.05115	1	-0.00315	-0.00925	0.67757	0.00349	1	0.06452	-0.01343	0.68071	0.00376	1	1.45898	0.81042	0	
1264111	8525.62891	3306055883349	0.68892	0.51519	8525.42773	0.19434	11722	0	0.74502	0.53939	1	0.66816	0.61866	1	0.70659	0.57902	1	0.49005	0.53698	11.83900	1.05115	1	0.75080	0.55832	11.41574	1.05881	1	-0.00315	-0.00925	0.67757	0.00333	1	0.06452	-0.01343	0.68071	0.00363	1	1.45898	0.81042	0	
1264112	8525.63574	3306055949416	0.69832	0.54488	8525.42773	0.19434	11722	0	0.74565	0.53479	1	0.66980	0.61436	1	0.70773	0.57458	1	0.49011	0.53685	11.82589	1.05881	1	0.75127	0.55874	12.41930	1.06647	1	-0.00315	-0.00925	0.67757	0.00340	1	0.06421	-0.01334	0.67644	0.00382	1	1.45898	0.81042	0	
1264113	8525.64258	3306056016281	0.69726	0.55599	8525.42773	0.19434	11722	0	0.74281	0.53022	1	0.64742	0.62618	1	0.69512	0.57820	1	0.49002	0.53704	11.98328	1.06647	1	0.75079	0.55858	11.59431	1.06647	1	-0.00315	-0.00925	0.67757	0.00333	1	0.06421	-0.01334	0.67644	0.00387	1	1.45898	0.81042	0	
1264114	8525.64844	3306056083561	0.69746	0.55107	8525.62891	0.01953	11723	1	0.74511	0.46547	1	0.65105	0.60718	1	0.69808	0.53632	1	0.49007	0.53634	11.42309	1.06647	1	0.75093	0.55833	11.59681	1.06647	1	-0.00315	-0.00925	0.67757	0.00355	1	0.06421	-0.01334	0.67644	0.00380	1	1.45898	0.81042	0	
1264115	8525.65527	3306056152093	0.69758	0.54812	8525.62891	0.02637	11723	1	0.74511	0.46547	1	0.65105	0.60718	1	0.69808	0.53632	1	0.49016	0.53673	11.15749	1.06647	1	0.75138	0.55788	11.84427	1.06647	1	-0.00315	-0.00925	0.67757	0.00349	1	0.06421	-0.01334	0.67644	0.00410	1	1.45898	0.81042	0	
1264116	8525.66211	3306056218444	0.69932	0.54607	8525.62891	0.03320	11723	1	0.73622	0.50091	1	0.67974	0.57067	1	0.70798	0.53579	1	0.49000	0.53678	11.50142	1.06647	1	0.75128	0.55785	11.76687	1.06647	1	-0.00315	-0.00925	0.67757	0.00334	1	0.06421	-0.01334	0.67644	0.00406	1	1.45898	0.81042	0	
1264117	8525.66895	3306056286125	0.70103	0.54524	8525.62891	0.04004	11723	1	0.74596	0.48659	1	0.67668	0.59401	1	0.71132	0.54030	1	0.49012	0.53652	11.63277	1.06647	1	0.75123	0.55830	11.89512	1.06647	1	-0.00315	-0.00925	0.67757	0.00354	1	0.06421	-0.01334	0.67644	0.00389	1	1.45898	0.81042	0	
1264118	8525.67578	3306056352424	0.70232	0.54462	8525.62891	0.04688	11723	1	0.74596	0.48659	1	0.67668	0.59401	1	0.71132	0.54030	1	0.49010	0.53675	11.72350	1.06647	1	0.75134	0.55844	11.43497	1.06647	1	-0.00315	-0.00925	0.67757	0.00345	1	0.06421	-0.01334	0.67644	0.00397	1	1.45898	0.81042	0	
1264119	8525.68262	3306056420040	0.70412	0.54320	8525.62891	0.05371	11723	1	0.77027	0.46012	1	0.66681	0.60351	1	0.71854	0.53182	1	0.49040	0.53634	11.27742	1.06647	1	0.75109	0.55829	11.99562	1.06647	1	-0.00315	-0.00925	0.67757	0.00346	1	0.06421	-0.01334	0.67644	0.00385	1	1.45898	0.81042	0	
1264120	8525.68945	3306056486775	0.70481	0.54374	8525.62891	0.06055	11723	1	0.76351	0.48954	1	0.65859	0.60765	1	0.71105	0.54859	1	0.49041	0.53641	11.43808	1.06647	1	0.75107	0.55820	11.84520	1.06647	1	-0.00315	-0.00925	0.67757	0.00345	1	0.06421	-0.01334	0.67644	0.00371	1	1.45898	0.81042	0	
1264121	8525.69531	3306056550385	0.70538	0.54418	8525.62891	0.06641	11723	1	0.76351	0.48954	1	0.65859	0.60765	1	0.71105	0.54859	1	0.49050	0.53660	11.17863	1.06647	1	0.75151	0.55795	11.26404	1.06647	1	-0.00304	-0.00924	0.67675	0.00332	1	0.06421	-0.01334	0.67644	0.00394	1	1.45898	0.81042	0	
1264122	8525.70215	3306056616810	0.70508	0.54274	8525.62891	0.07324	11723	1	0.71238	0.46793	1	0.69125	0.58581	1	0.70182	0.52687	1	0.49038	0.53639	11.29446	1.06647	1	0.75150	0.55809	11.31155	1.06647	1	-0.00304	-0.00924	0.67675	0.00322	1	0.06421	-0.01334	0.67644	0.00381	1	1.45898	0.81042	0	
1264123	8525.70898	3306056687560	0.70448	0.54151	8525.62891	0.08008	11723	1	0.70293	0.46359	1	0.69145	0.58996	1	0.69719	0.52677	1	0.49028	0.53631	10.82112	1.06647	1	0.75146	0.55816	11.44780	1.06647	1	-0.00304	-0.00924	0.67675	0.00328	1	0.06421	-0.01334	0.67644	0.00378	1	1.45898	0.81042	0	
1264124	8525.71582	3306056750812	0.70389	0.54062	8525.62891	0.08691	11723	1	0.70293	0.46359	1	0.68965	0.59445	1	0.69629	0.52902	1	0.49047	0.53621	10.58073	1.06647	1	0.75126	0.55795	10.92042	1.05881	1	-0.00291	-0.00907	0.66839	0.00341	1	0.06357	-0.01323	0.66815	0.00371	1	1.45898	0.81042	0	
1264125	8525.72266	3306056819224	0.70398	0.53840	8525.62891	0.09375	11723	1	0.71616	0.45197	1	0.69437	0.56279	1	0.70526	0.50738	1	0.49050	0.53618	11.01746	1.05881	1	0.75155	0.55766	10.92380	1.05115	1	-0.00291	-0.00907	0.66839	0.00359	1	0.06357	-0.01323	0.66815	0.00385	1	1.45898	0.81042	0	
1264126	8525.72852	3306056884852	0.70490	0.53895	8525.62891	0.09961	11723	1	0.74376	0.48554	1	0.69339	0.60867	1	0.71857	0.54710	1	0.49090	0.53660	11.23364	1.05115	1	0.75161	0.55820	11.50189	1.04349	1	-0.00291	-0.00907	0.66839	0.00363	1	0.06357	-0.01323	0.66815	0.00363	1	1.45898	0.81042	0	
1264127	8525.73535	3306056951376	0.70563	0.53970	8525.62891	0.10645	11723	1	0.74315	0.49052	1	0.69154	0.61312	1	0.71734	0.55182	1	0.49088	0.53639	11.15048	1.04349	1	0.75169	0.55867	12.11642	1.03583	1	-0.00298	-0.00926	0.68619	0.00361	1	0.06357	-0.01323	0.66815	0.00378	1	1.45898	0.81042	0	
1264128	8525.74219	3306057021475	0.70548	0.54051	8525.62891	0.11328	11723	1	0.72993	0.49933	1	0.67596	0.60894	1	0.70295	0.55414	1	0.49071	0.53649	11.29531	1.03583	1	0.75175	0.55826	11.41206	1.03583	1	-0.00298	-0.00926	0.68619	0.00346	1	0.06357	-0.01323	0.66815	0.00381	1	1.45898	0.81042	0	
1264129	8525.74902	3306057085863	0.70470	0.54056	8525.62891	0.12012	11723	1	0.74069	0.51674	1	0.64051	0.56638	1	0.69060	0.54156	1	0.49075	0.53663	11.41378	1.03583	1	0.75154	0.55777	10.93640	1.03583	1	-0.00298	-0.00926	0.68619	0.00343	1	0.06357	-0.01323	0.66815	0.00385	1	1.45898	0.81042	0	
1264130	8525.75586	3306057153518	0.70403	0.54049	8525.62891	0.12695	11723	1	0.74069	0.51674	1	0.64199	0.56160	1	0.69134	0.53917	1	0.49075	0.53663	11.41378	1.03583	1	0.75222	0.55802	11.52986	1.04349	1	-0.00298	-0.00926	0.68619	0.00342	1	0.06551	-0.01357	0.68796	0.00416	1	1.45898	0.81042	0	
1264131	8525.76270	3306057221027	0.70424	0.54297	8525.62891	0.13379	11723	1	0.74640	0.53224	1	0.67058	0.65291	1	0.70849	0.59257	1	0.49090	0.53693	11.96941	1.04349	1	0.75201	0.55865	12.13443	1.05115	1	-0.00298	-0.00926	0.68619	0.00342	1	0.06551	-0.01357	0.68796	0.00399	1	1.45898	0.81042	0	
1264132	8525.76953	3306057291960	0.70422	0.54366	8525.62891	0.14062	11723	1	0.73272	0.50912	1	0.67490	0.60714	1	0.70381	0.55813	1	0.49068	0.53669	11.45399	1.05115	1	0.75207	0.55820	12.04466	1.05881	1	-0.00298	-0.00926	0.68619	0.00336	1	0.06551	-0.01357	0.68796	0.00396	1	1.45898	0.81042	0	
1264133	8525.77637	3306057355320	0.70420	0.54430	8525.62891	0.14746	11723	1	0.73269	0.50935	1	0.67482	0.60734	1	0.70376	0.55835	1	0.49107	0.53679	11.76655	1.05079	1	0.75216	0.55797	11.43367	1.05845	1	-0.00286	-0.00899	0.66935	0.00342	1	0.06551	-0.01357	0.68796	0.00406	1	1.45898	0.81042	0	
1264134	8525.78320	3306057423000	0.70436	0.54432	8525.62891	0.15430	11723	1	0.74527	0.49021	1	0.67080	0.59941	1	0.70804	0.54481	1	0.49100	0.53648	11.63284	1.05044	1	0.75204	0.55809	11.77330	1.05044	1	-0.00286	-0.00899	0.66935	0.00353	1	0.06551	-0.01357	0.68796	0.00391	1	1.45898	0.81042	0	
1264135	8525.78906	3306057488003	0.70457	0.54459	8525.62891	0.16016	11723	1	0.74013	0.46252	1	0.67905	0.63940	1	0.70959	0.55096	1	0.49090	0.53611	11.39565	1.04242	1	0.75217	0.55844	10.95412	1.04242	1	-0.00286	-0.00899	0.66935	0.00356	1	0.06551	-0.01357	0.68796	0.00406	1	1.45898	0.81042	0	
1264136	8525.79590	3306057557600	0.70476	0.54483	8525.62891	0.16699	11723	1	0.74013	0.46252	1	0.67905	0.63940	1	0.70959	0.55096	1	0.49123	0.53679	11.51711	1.04242	1	0.75321	0.55544	10.04479	1.04242	1	-0.00284	-0.00907	0.67554	0.00352	1	0.06551	-0.01357	0.68796	0.00233	1	1.45898	0.81042	0	
1264137	8525.80273	3306057623461	0.70676	0.54105	8525.62891	0.17383	11723	1	0.77435	0.52858	1	0.74291	0.35664	1	0.75863	0.44261	1	0.49140	0.53704	11.27116	1.05044	1	0.75320	0.55550	9.79460	1.05044	1	-0.00284	-0.00907	0.67554	0.00362	1	0.06551	-0.01357	0.68796	0.00234	1	1.45898	0.81042	0	
1264138	8525.80957	3306057692892	0.70848	0.53744	8525.62891	0.18066	11723	1	0.76345	0.52015	1	0.74676	0.35991	1	0.75510	0.44003	1	0.49127	0.53683	11.48280	1.05845	1	0.75313	0.55541	10.51493	1.05845	1	-0.00284	-0.00907	0.67554	0.00358	1	0.06551	-0.01357	0.68796	0.00239	1	1.45898	0.81042	0	
1264139	8525.81641	3306057759925	0.71011	0.53399	8525.62891	0.18750	11723	1	0.76423	0.51523	1	0.74686	0.35961	1	0.75554	0.43742	1	0.49116	0.53635	11.48435	1.06647	1	0.75215	0.55853	11.42055	1.05881	1	-0.00284	-0.00907	0.67554	0.00360	1	0.06109	-0.01269	0.64105	0.00366	1	1.45898	0.81042	0	SUBJECT_ONSET_LOG
1264140	8525.82324	3306057826717	0.71005	0.53468	8525.62891	0.19434	11723	1	0.75910	0.42628	1	0.65774	0.68310	1	0.70842	0.55469	1	0.49119	0.53593	10.96272	1.05881	1	0.75188	0.55860	11.69465	1.05115	1	-0.00284	-0.00907	0.67554	0.00362	1	0.06109	-0.01269	0.64105	0.00387	1	1.45898	0.81042	0	
1264141	8525.83008	3306057893916	0.70989	0.53558	8525.62891	0.20117	11723	1	0.72526	0.53249	1	0.68459	0.59264	1	0.70492	0.56256	1	0.49133	0.53684	11.32580	1.05115	1	0.75222	0.55803	11.48524	1.04349	1	-0.00284	-0.00907	0.67554	0.00355	1	0.06109	-0.01269	0.64105	0.00381	1	1.45898	0.81042	0	
1264142	8525.83691	3306057960803	0.70969	0.53657	8525.62891	0.20801	11723	1	0.72476	0.53714	1	0.68280	0.59720	1	0.70378	0.56717	1	0.49116	0.53639	10.77956	1.04349	1	0.75218	0.55859	11.22741	1.03583	1	-0.00284	-0.00912	0.67554	0.00348	1	0.06109	-0.01269	0.64105	0.00405	1	1.45898	0.81042	0	AUDIO_FILE_ONSET_LOG
1264143	8525.84375	3306058028059	0.70999	0.53880	8525.62891	0.21484	11723	1	0.77366	0.52791	1	0.66539	0.69244	1	0.71953	0.61017	1	0.49140	0.53684	11.36136	1.03583	1	0.75203	0.55886	11.60394	1.03583	1	-0.00284	-0.00912	0.67554	0.00358	1	0.06109	-0.01269	0.64105	0.00378	1	1.45898	0.81042	0	
1264144	8525.84961	3306058094603	0.71133	0.53737	8525.62891	0.22070	11723	1	0.77246	0.54383	1	0.73844	0.43651	1	0.75545	0.49017	1	0.49144	0.53696	11.49663	1.03583	1	0.75313	0.55599	10.33951	1.03583	1	-0.00284	-0.00912	0.67554	0.00361	1	0.06109	-0.01269	0.64105	0.00233	1	1.45898	0.81042	0	
1264145	8525.85645	3306058160708	0.71262	0.53593	8525.62891	0.22754	11723	1	0.77246	0.54383	1	0.74061	0.43070	1	0.75654	0.48726	1	0.49141	0.53714	11.42948	1.03583	1	0.75318	0.55591	9.99626	1.04349	1	-0.00284	-0.00912	0.67554	0.00361	1	0.06551	-0.01367	0.68796	0.00232	1	1.45898	0.81042	0	
1264146	8525.86328	3306058228975	0.71276	0.53649	8525.62891	0.23438	11723	1	0.75941	0.44591	1	0.67564	0.66621	1	0.71752	0.55606	1	0.49120	0.53602	10.55992	1.04349	1	0.75201	0.55866	11.50459	1.05115	1	-0.00284	-0.00912	0.67554	0.00338	1	0.06551	-0.01367	0.68796	0.00372	1	1.45898	0.81042	0	
1264147	8525.87012	3306058296478	0.71307	0.53669	8525.62891	0.24121	11723	1	0.76305	0.48165	1	0.68585	0.60558	1	0.72445	0.54361	1	0.49108	0.53644	10.82996	1.05115	1	0.75228	0.55821	11.16857	1.05881	1	-0.00284	-0.00912	0.67554	0.00330	1	0.06551	-0.01367	0.68796	0.00407	1	1.45898	0.81042	0	
1264148	8525.87695	3306058363667	0.73213	0.51922	8525.62891	0.24121	11723	0	0.76378	0.47665	1	0.68762	0.60117	1	0.72570	0.53891	1	0.49120	0.53631	10.94347	1.05881	1	0.75175	0.55864	10.93019	1.06647	1	-0.00284	-0.00922	0.67554	0.00336	1	0.06556	-0.01374	0.68848	0.00386	1	1.45898	0.81042	0	
1264149	8525.88379	3306058430507	0.72643	0.55236	8525.62891	0.24121	11723	0	0.76206	0.50484	1	0.67940	0.66614	1	0.72073	0.58549	1	0.49116	0.53687	11.16118	1.06647	1	0.75207	0.55881	11.15442	1.06647	1	-0.00284	-0.00922	0.67554	0.00355	1	0.06556	-0.01374	0.68848	0.00380	1	1.45898	0.81042	0	
1264150	8525.89062	3306058496533	0.72083	0.56243	8525.62891	0.24121	11723	0	0.76343	0.52507	1	0.65580	0.64005	1	0.70961	0.58256	1	0.49111	0.53685	11.20985	1.06647	1	0.75165	0.55860	10.97406	1.06647	1	-0.00284	-0.00922	0.67554	0.00342	1	0.06556	-0.01374	0.68848	0.00362	1	1.45898	0.81042	0	
1264151	8525.89648	3306058564777	0.71802	0.56746	8525.87695	0.01953	11724	1	0.76343	0.52507	1	0.65580	0.64005	1	0.70961	0.58256	1	0.49081	0.53699	11.91084	1.06647	1	0.75165	0.55869	11.28087	1.06647	1	-0.00298	-0.00937	0.68619	0.00330	1	0.06556	-0.01374	0.68848	0.00358	1	1.45898	0.81042	0	
1264152	8525.90332	3306058630789	0.71753	0.57054	8525.87695	0.02637	11724	1	0.73720	0.49752	1	0.69394	0.66817	1	0.71557	0.58284	1	0.49070	0.53676	10.93569	1.06647	1	0.75195	0.55893	11.35301	1.06647	1	-0.00298	-0.00937	0.68619	0.00335	1	0.06556	-0.01374	0.68848	0.00365	1	1.45898	0.81042	0	
1264153	8525.91016	3306058698441	0.71509	0.57177	8525.87695	0.03320	11724	1	0.72033	0.49889	1	0.68539	0.65701	1	0.70286	0.57795	1	0.49051	0.53667	11.38521	1.06647	1	0.75180	0.55873	10.64629	1.06647	1	-0.00298	-0.00937	0.68619	0.00339	1	0.06556	-0.01374	0.68848	0.00384	1	1.45898	0.81042	0	
1264154	8525.91699	3306058764592	0.71334	0.57265	8525.87695	0.04004	11724	1	0.72033	0.49889	1	0.68539	0.65701	1	0.70286	0.57795	1	0.49062	0.53684	11.44468	1.06647	1	0.75161	0.55873	11.14423	1.06647	1	-0.00298	-0.00937	0.68619	0.00332	1	0.06556	-0.01374	0.68848	0.00359	1	1.45898	0.81042	0	
1264155	8525.92383	3306058830632	0.71286	0.57290	8525.87695	0.04688	11724	1	0.72466	0.53024	1	0.69434	0.61908	1	0.70950	0.57466	1	0.49051	0.53701	10.70560	1.06647	1	0.75161	0.55844	11.46287	1.06647	1	-0.00298	-0.00937	0.68619	0.00341	1	0.06556	-0.01374	0.68848	0.00362	1	1.45898	0.81042	0	
1264156	8525.92969	3306058896174	0.71220	0.57348	8525.87695	0.05273	11724	1	0.71257	0.52080	1	0.70128	0.63532	1	0.70692	0.57806	1	0.49035	0.53696	11.07192	1.06647	1	0.75169	0.55880	11.08481	1.06647	1	-0.00298	-0.00937	0.68619	0.00328	1	0.06556	-0.01374	0.68848	0.00360	1	1.45898	0.81042	0	
1264157	8525.93750	3306058965805	0.71167	0.57394	8525.87695	0.06055	11724	1	0.71257	0.52080	1	0.70128	0.63532	1	0.70692	0.57806	1	0.49081	0.53699	11.14311	1.06647	1	0.75164	0.55868	11.11347	1.06647	1	-0.00298	-0.00937	0.68619	0.00333	1	0.06380	-0.01334	0.67107	0.00353	1	1.45898	0.81042	0	
1264158	8525.94336	3306059032231	0.71190	0.57214	8525.87695	0.06641	11724	1	0.73125	0.51339	1	0.69709	0.59490	1	0.71417	0.55414	1	0.49064	0.53684	11.45521	1.06647	1	0.75157	0.55814	10.76818	1.06647	1	-0.00298	-0.00937	0.68619	0.00332	1	0.06380	-0.01334	0.67107	0.00363	1	1.45898	0.81042	0	
1264159	8525.95020	3306059099289	0.71159	0.57102	8525.87695	0.07324	11724	1	0.71833	0.48454	1	0.69793	0.63294	1	0.70813	0.55874	1	0.49058	0.53677	11.28348	1.06647	1	0.75160	0.55838	11.42096	1.06647	1	-0.00298	-0.00937	0.68619	0.00334	1	0.06380	-0.01334	0.67107	0.00357	1	1.45898	0.81042	0	
1264160	8525.95703	3306059166453	0.71125	0.57024	8525.87695	0.08008	11724	1	0.71833	0.48454	1	0.69608	0.63711	1	0.70721	0.56083	1	0.49028	0.53664	10.68790	1.06647	1	0.75145	0.55868	11.44419	1.05881	1	-0.00298	-0.00937	0.68619	0.00323	1	0.06160	-0.01284	0.64840	0.00359	1	1.45898	0.81042	0	
1264161	8525.96387	3306059231025	0.71266	0.55830	8525.87695	0.08691	11724	1	0.70027	0.40554	1	0.76166	0.40067	1	0.73097	0.40310	1	0.49040	0.53617	10.41323	1.05881	1	0.75277	0.55582	10.17113	1.05115	1	-0.00298	-0.00937	0.68619	0.00340	1	0.06160	-0.01284	0.64840	0.00239	1	1.45898	0.81042	0	
1264162	8525.97070	3306059301287	0.71432	0.54780	8525.87695	0.09375	11724	1	0.70875	0.41016	1	0.76635	0.39138	1	0.73755	0.40077	1	0.49042	0.53614	10.23698	1.05115	1	0.75273	0.55566	10.15931	1.04349	1	-0.00298	-0.00937	0.68619	0.00342	1	0.06160	-0.01284	0.64840	0.00225	1	1.45898	0.81042	0	
1264163	8525.97754	3306059368279	0.71568	0.53897	8525.87695	0.10059	11724	1	0.70838	0.41569	1	0.76400	0.39750	1	0.73619	0.40660	1	0.49059	0.53638	10.60480	1.04349	1	0.75129	0.55827	10.97574	1.03583	1	-0.00298	-0.00937	0.68619	0.00340	1	0.06160	-0.01284	0.64840	0.00366	1	1.45898	0.81042	0	
1264164	8525.98438	3306059434402	0.71728	0.53210	8525.87695	0.10742	11724	1	0.71771	0.44481	1	0.76789	0.39968	1	0.74280	0.42224	1	0.49057	0.53650	10.65618	1.03583	1	0.75267	0.55577	10.34559	1.03583	1	-0.00298	-0.00937	0.68619	0.00348	1	0.06160	-0.01284	0.64840	0.00224	1	1.45898	0.81042	0	
1264165	8525.99023	3306059502044	0.72041	0.52791	8525.87695	0.11328	11724	1	0.74616	0.52435	1	0.80129	0.38879	1	0.77372	0.45657	1	0.49007	0.53667	11.15139	1.03583	1	0.75265	0.55569	10.19631	1.03583	1	-0.00298	-0.00937	0.68619	0.00348	1	0.06160	-0.01284	0.64840	0.00248	1	1.45898	0.81042	0	
1264166	8525.99707	3306059568865	0.72909	0.49560	8525.87695	0.11328	11724	0	0.74616	0.52435	1	0.80391	0.38258	1	0.77503	0.45346	1	0.48796	0.53646	11.46633	1.03583	1	0.74917	0.55700	11.52886	1.04349	1	-0.00339	-0.00936	0.68566	0.00334	1	0.06424	-0.01341	0.68000	0.00359	1	1.45898	0.81042	0	
1264167	8526.00391	3306059635450	0.69794	0.50627	8525.87695	0.11328	11724	0	0.66200	0.43578	1	0.67155	0.59810	1	0.66678	0.51694	1	0.48726	0.53582	10.76325	1.04349	1	0.74896	0.55720	12.14849	1.05115	1	-0.00339	-0.00936	0.68566	0.00342	1	0.06424	-0.01341	0.68000	0.00366	1	1.45898	0.81042	0	
1264168	8526.01074	3306059702564	0.71422	0.50828	8525.87695	0.11328	11724	0	0.75873	0.39646	1	0.73483	0.62813	1	0.74678	0.51230	1	0.48733	0.53509	10.56444	1.05115	1	0.74911	0.55698	12.45060	1.05881	1	-0.00339	-0.00936	0.68566	0.00315	1	0.06424	-0.01341	0.68000	0.00345	1	1.45898	0.81042	0	
1264169	8526.01758	3306059768326	0.72286	0.50712	8525.99707	0.02051	11725	1	0.76023	0.38418	1	0.73734	0.62307	1	0.74878	0.50363	1	0.48354	0.53457	10.96603	1.06790	1	0.74453	0.55501	12.01071	1.06790	1	-0.00415	-0.00935	0.70064	0.00326	1	0.06074	-0.01262	0.64967	0.00373	1	1.45898	0.81042	0	
1264170	8526.02441	3306059836081	0.68620	0.49447	8525.99707	0.02734	11725	1	0.56658	0.39552	1	0.51259	0.49223	1	0.53958	0.44387	1	0.48348	0.53456	10.63373	1.07698	1	0.74423	0.55528	11.44730	1.06932	1	-0.00415	-0.00935	0.70064	0.00340	1	0.06074	-0.01262	0.64967	0.00371	1	1.45898	0.81042	0	
1264171	8526.03125	3306059903292	0.66007	0.47093	8525.99707	0.03418	11725	1	0.53881	0.19066	1	0.51995	0.51585	1	0.52938	0.35326	1	0.48321	0.53219	10.41544	1.07841	1	0.74431	0.55549	11.80316	1.07075	1	-0.00415	-0.00935	0.70064	0.00214	1	0.06074	-0.01262	0.64967	0.00361	1	1.45898	0.81042	0	
1264172	8526.03711	3306059969870	0.64145	0.45462	8525.99707	0.04004	11725	1	0.53951	0.19768	1	0.51995	0.51585	1	0.52973	0.35677	1	0.48287	0.53198	10.40236	1.07075	1	0.74337	0.55510	11.32189	1.07075	1	-0.00411	-0.00888	0.66925	0.00215	1	0.06339	-0.01308	0.67850	0.00376	1	1.45898	0.81042	0	
1264173	8526.04395	3306060037745	0.62350	0.43825	8525.99707	0.04688	11725	1	0.52594	0.20548	1	0.46975	0.44186	1	0.49784	0.32367	1	0.48289	0.53206	10.39341	1.06166	1	0.74358	0.55488	11.35448	1.06932	1	-0.00411	-0.00888	0.66925	0.00224	1	0.06339	-0.01308	0.67850	0.00360	1	1.45898	0.81042	0	
1264174	8526.05078	3306060104223	0.61082	0.42400	8525.99707	0.05371	11725	1	0.52233	0.23285	1	0.49641	0.38708	1	0.50937	0.30996	1	0.48281	0.53225	10.66768	1.06024	1	0.74393	0.55470	10.45737	1.06790	1	-0.00411	-0.00888	0.66925	0.00216	1	0.06339	-0.01308	0.67850	0.00364	1	1.45898	0.81042	0	
1264175	8526.05762	3306060171293	0.60067	0.41271	8525.99707	0.06055	11725	1	0.52248	0.23412	1	0.49633	0.38817	1	0.50941	0.31114	1	0.48279	0.53230	10.88908	1.05881	1	0.74373	0.55497	10.96895	1.06647	1	-0.00411	-0.00893	0.66925	0.00214	1	0.06349	-0.01315	0.67958	0.00356	1	1.45898	0.81042	0	
1264176	8526.06445	3306060236808	0.59210	0.40760	8525.99707	0.06738	11725	1	0.51727	0.22463	1	0.49549	0.48832	1	0.50638	0.35648	1	0.48284	0.53239	10.83065	1.06647	1	0.74359	0.55515	11.41008	1.06647	1	-0.00411	-0.00893	0.66925	0.00219	1	0.06349	-0.01315	0.67958	0.00347	1	1.45898	0.81042	0	
1264177	8526.07129	3306060305142	0.58438	0.40169	8525.99707	0.07422	11725	1	0.51301	0.20039	1	0.48576	0.47300	1	0.49939	0.33670	1	0.48278	0.53226	10.63004	1.06647	1	0.74350	0.55498	11.30047	1.06647	1	-0.00411	-0.00893	0.66925	0.00218	1	0.06349	-0.01315	0.67958	0.00355	1	1.45898	0.81042	0	
1264178	8526.07715	3306060371454	0.57781	0.39707	8525.99707	0.08008	11725	1	0.51301	0.20039	1	0.48509	0.48289	1	0.49905	0.34164	1	0.48265	0.53492	10.94760	1.06647	1	0.74330	0.55500	11.48282	1.05200	1	-0.00411	-0.00888	0.66925	0.00330	1	0.05999	-0.01244	0.64315	0.00357	1	1.45898	0.81042	0	
1264179	8526.08398	3306060439169	0.55086	0.37953	8525.99707	0.08008	11725	0	0.50843	0.35220	1	0.48071	0.45778	1	0.49457	0.40499	1	0.48249	0.53435	10.32442	1.05200	1	0.74345	0.55494	11.53461	1.03753	1	-0.00411	-0.00888	0.66925	0.00340	1	0.05999	-0.01244	0.64315	0.00348	1	1.45898	0.81042	0	
1264180	8526.09082	3306060506175	0.52900	0.36605	8525.99707	0.08008	11725	0	0.52153	0.19474	1	0.49275	0.51040	1	0.50714	0.35257	1	0.48242	0.53207	10.78180	1.03753	1	0.74357	0.55494	11.09109	1.02307	1	-0.00411	-0.00888	0.66925	0.00218	1	0.05999	-0.01244	0.64315	0.00355	1	1.45898	0.81042	0	
1264181	8526.09766	3306060569295	0.52197	0.36385	8525.99707	0.08008	11725	0	0.52311	0.20849	1	0.49275	0.51040	1	0.50793	0.35945	1	0.48226	0.53217	10.53393	1.02307	1	0.74337	0.55523	11.48206	1.02307	1	-0.00428	-0.00908	0.68009	0.00212	1	0.06291	-0.01302	0.67556	0.00356	1	1.45898	0.81042	0	
1264182	8526.10449	3306060637935	0.51322	0.36286	8526.08398	0.02051	11726	1	0.50893	0.21866	1	0.46499	0.50112	1	0.48696	0.35989	1	0.48220	0.53236	10.81718	1.02307	1	0.74313	0.55521	10.70474	1.03753	1	-0.00428	-0.00908	0.68009	0.00218	1	0.06291	-0.01302	0.67556	0.00376	1	1.45898	0.81042	0	
1264183	8526.11133	3306060703946	0.51230	0.35997	8526.08398	0.02734	11726	1	0.53900	0.19216	1	0.47827	0.50463	1	0.50863	0.34839	1	0.48228	0.53226	10.61731	1.03753	1	0.74292	0.55545	11.29820	1.05200	1	-0.00428	-0.00908	0.68009	0.00216	1	0.06291	-0.01302	0.67556	0.00359	1	1.45898	0.81042	0	
1264184	8526.11719	3306060770775	0.51230	0.35997	8526.08398	0.03320	11726	1	0.53900	0.19216	0	0.47827	0.50463	0	0.50863	0.34839	0	0.48228	0.53226	10.61731	1.05200	0	0.74292	0.55545	11.29820	1.06647	0	-0.00428	-0.00908	0.68009	0.00216	1	0.06291	-0.01302	0.67556	0.00359	1	1.45898	0.81042	0	
1264185	8526.12402	3306060837252	0.51230	0.35997	8526.08398	0.04004	11726	1	0.53900	0.19216	0	0.47827	0.50463	0	0.50863	0.34839	0	0.48228	0.53226	10.61731	1.06647	0	0.74292	0.55545	11.29820	1.06647	0	-0.00428	-0.00908	0.68009	0.00216	1	0.06291	-0.01302	0.67556	0.00359	1	1.45898	0.81042	0	
1264186	8526.13086	3306060904615	0.51230	0.35997	8526.08398	0.04688	11726	1	0.53900	0.19216	0	0.47827	0.50463	0	0.50863	0.34839	0	0.48228	0.53226	10.61731	1.06647	0	0.74292	0.55545	11.29820	1.06647	0	-0.00428	-0.00908	0.68009	0.00216	1	0.06291	-0.01302	0.67556	0.00359	1	1.45898	0.81042	0	
1264187	8526.13770	3306060971845	0.50266	0.35508	8526.08398	0.04688	11726	0	0.53900	0.19216	0	0.47827	0.50463	0	0.50863	0.34839	0	0.48228	0.53226	10.61731	1.06647	0	0.74292	0.55545	11.29820	1.06647	0	-0.00428	-0.00908	0.68009	0.00216	1	0.06291	-0.01302	0.67556	0.00359	1	1.45898	0.81042	0	
1264188	8526.14453	3306061042293	0.50266	0.35508	8526.08398	0.04688	11726	0	0.53900	0.19216	0	0.47827	0.50463	0	0.50863	0.34839	0	0.48228	0.53226	10.61731	1.06647	0	0.74292	0.55545	11.29820	1.06647	0	-0.00428	-0.00908	0.68009	0.00216	1	0.06291	-0.01302	0.67556	0.00359	1	1.45898	0.81042	0	
1264189	8526.15137	3306061104655	0.50266	0.35508	8526.08398	0.04688	11726	0	0.53900	0.19216	0	0.47827	0.50463	0	0.50863	0.34839	0	0.48228	0.53226	10.61731	1.06647	0	0.74292	0.55545	11.29820	1.06647	0	-0.00428	-0.00908	0.68009	0.00216	1	0.06291	-0.01302	0.67556	0.00359	1	1.45898	0.81042	0	
1264190	8526.15723	3306061172058	0.00000	0.00000	8526.08398	0.04688	11726	0	0.53900	0.19216	0	0.47827	0.50463	0	0.50863	0.34839	0	0.48228	0.53226	10.61731	1.06647	0	0.74292	0.55545	11.29820	1.06647	0	-0.00428	-0.00908	0.68009	0.00216	1	0.06291	-0.01302	0.67556	0.00359	1	1.45898	0.81042	0	
1264191	8526.16504	3306061243053	0.00000	0.00000	8526.08398	0.04688	11726	0	0.53900	0.19216	0	0.47827	0.50463	0	0.50863	0.34839	0	0.48228	0.53226	10.61731	1.06647	0	0.74292	0.55545	11.29820	1.06647	0	-0.00428	-0.00908	0.68009	0.00216	1	0.06291	-0.01302	0.67556	0.00359	1	1.45898	0.81042	0	
1264192	8526.17188	3306061310208	0.00000	0.00000	8526.08398	0.04688	11726	0	0.53900	0.19216	0	0.47827	0.50463	0	0.50863	0.34839	0	0.48228	0.53226	10.61731	1.06647	0	0.74292	0.55545	11.29820	1.06647	0	-0.00428	-0.00908	0.68009	0.00216	1	0.06291	-0.01302	0.67556	0.00359	1	1.45898	0.81042	0	
1264193	8526.17773	3306061376762	0.00000	0.00000	8526.08398	0.04688	11726	0	0.53900	0.19216	0	0.47827	0.50463	0	0.50863	0.34839	0	0.48228	0.53226	10.61731	1.06647	0	0.74292	0.55545	11.29820	1.06647	0	-0.00428	-0.00908	0.68009	0.00216	1	0.06291	-0.01302	0.67556	0.00359	1	1.45898	0.81042	0	
1264194	8526.18457	3306061444069	0.20002	0.17256	8526.08398	0.04688	11726	0	0.53900	0.19216	0	0.40004	0.34512	1	0.40004	0.34512	1	0.48181	0.53424	10.16632	1.06647	0	0.48181	0.53424	10.16632	1.06647	1	-0.00428	-0.00908	0.68009	0.00216	1	0.06291	-0.01302	0.67556	0.00349	1	1.45898	0.81042	0	
1264195	8526.19141	3306061510994	0.26813	0.21153	8526.08398	0.04688	11726	0	0.53900	0.19216	0	0.40434	0.28947	1	0.40434	0.28947	1	0.48181	0.53424	10.16632	1.06647	0	0.48182	0.53374	10.08617	1.06647	1	-0.00428	-0.00908	0.68009	0.00216	1	0.06291	-0.01302	0.67556	0.00370	1	1.45898	0.81042	0	
1264196	8526.19824	3306061577784	0.42490	0.28722	8526.08398	0.04688	11726	0	0.53626	0.16463	1	0.40434	0.28947	1	0.47030	0.22705	1	0.48124	0.53071	10.26490	1.06647	1	0.74206	0.55291	10.82130	1.06647	1	-0.00450	-0.00895	0.68223	0.00221	1	0.06378	-0.01309	0.68706	0.00400	1	1.45898	0.81042	0	
1264197	8526.20508	3306061644472	0.45346	0.24779	8526.08398	0.04688	11726	0	0.48859	0.12196	1	0.47546	0.29475	1	0.48203	0.20836	1	0.48146	0.53072	10.65251	1.06647	1	0.74243	0.55224	11.59732	1.06647	1	-0.00450	-0.00895	0.68223	0.00220	1	0.06378	-0.01309	0.68706	0.00405	1	1.45898	0.81042	0	
1264198	8526.21191	3306061711817	0.46177	0.25190	8526.08398	0.04688	11726	0	0.51239	0.17340	1	0.44437	0.34685	1	0.47838	0.26012	1	0.48153	0.53074	10.88675	1.06647	1	0.74189	0.55279	11.40785	1.06647	1	-0.00450	-0.00895	0.68223	0.00221	1	0.06378	-0.01309	0.68706	0.00392	1	1.45898	0.81042	0	
1264199	8526.21875	3306061779138	0.46591	0.25472	8526.19824	0.02051	11727	1	0.51239	0.17340	1	0.44430	0.35297	1	0.47835	0.26318	1	0.48153	0.53074	10.88675	1.06647	1	0.74211	0.55225	10.91319	1.05881	1	-0.00450	-0.00890	0.68223	0.00221	1	0.06150	-0.01258	0.66309	0.00402	1	1.45898	0.81042	0	
1264200	8526.22461	3306061845421	0.46608	0.25242	8526.19824	0.02637	11727	1	0.47673	0.18243	1	0.45672	0.30397	1	0.46672	0.24320	1	0.48147	0.53070	10.97831	1.05881	1	0.74213	0.55228	10.97684	1.05115	1	-0.00450	-0.00890	0.68223	0.00224	1	0.06150	-0.01258	0.66309	0.00412	1	1.45898	0.81042	0	
1264201	8526.23145	3306061911374	0.46985	0.24369	8526.19824	0.03320	11727	1	0.50407	0.11392	1	0.47332	0.28619	1	0.48869	0.20005	1	0.48150	0.53043	10.60620	1.05115	1	0.74242	0.55187	11.80234	1.04349	1	-0.00450	-0.00890	0.68223	0.00228	1	0.06150	-0.01258	0.66309	0.00414	1	1.45898	0.81042	0	
1264202	8526.23828	3306061979687	0.47260	0.23801	8526.19824	0.04004	11727	1	0.50500	0.12170	1	0.47332	0.28619	1	0.48916	0.20394	1	0.48150	0.53043	10.55665	1.04349	1	0.74241	0.55195	11.79159	1.04349	1	-0.00450	-0.00890	0.68223	0.00229	1	0.06378	-0.01299	0.68706	0.00414	1	1.45898	0.81042	0	
1264203	8526.24512	3306062046949	0.47491	0.22993	8526.19824	0.04688	11727	1	0.50465	0.10929	1	0.47750	0.23742	1	0.49108	0.17336	1	0.48152	0.53044	10.60240	1.04349	1	0.74241	0.55139	11.70794	1.05115	1	-0.00450	-0.00890	0.68223	0.00228	1	0.06378	-0.01299	0.68706	0.00437	1	1.45898	0.81042	0	
1264204	8526.25195	3306062113937	0.47660	0.22695	8526.19824	0.05371	11727	1	0.49901	0.15994	1	0.48125	0.24631	1	0.49013	0.20312	1	0.48132	0.53047	11.02349	1.05115	1	0.74248	0.55148	11.72707	1.05881	1	-0.00450	-0.00890	0.68223	0.00216	1	0.06378	-0.01299	0.68706	0.00432	1	1.45898	0.81042	0	
1264205	8526.25879	3306062181212	0.47794	0.22346	8526.19824	0.06055	11727	1	0.49805	0.15249	1	0.48195	0.23156	1	0.49000	0.19203	1	0.48144	0.53042	11.02546	1.05881	1	0.74238	0.55198	11.72069	1.07515	1	-0.00450	-0.00890	0.68223	0.00219	1	0.06565	-0.01341	0.70667	0.00415	1	1.45898	0.81042	0	
1264206	8526.26562	3306062248126	0.47896	0.21588	8526.19824	0.06738	11727	1	0.50053	0.08848	1	0.47779	0.19174	1	0.48916	0.14011	1	0.48144	0.53050	10.72705	1.07515	1	0.74237	0.55126	11.83787	1.08383	1	-0.00450	-0.00890	0.68223	0.00229	1	0.06565	-0.01341	0.70667	0.00433	1	1.45898	0.81042	0	
1264207	8526.27148	3306062314514	0.47951	0.21266	8526.19824	0.07324	11727	1	0.49455	0.12688	1	0.47638	0.22747	1	0.48547	0.17717	1	0.48135	0.53037	11.03969	1.08383	1	0.74239	0.55177	11.78568	1.09251	1	-0.00450	-0.00890	0.68223	0.00218	1	0.06565	-0.01341	0.70667	0.00414	1	1.45898	0.81042	0	
1264208	8526.27832	3306062381325	0.47992	0.20960	8526.19824	0.08008	11727	1	0.49347	0.11843	1	0.47638	0.22747	1	0.48493	0.17295	1	0.48142	0.53032	11.19844	1.09251	1	0.74256	0.55212	11.26806	1.09251	1	-0.00450	-0.00890	0.68223	0.00213	1	0.06378	-0.01304	0.68706	0.00404	1	1.45898	0.81042	0	
1264209	8526.28516	3306062448158	0.48111	0.20975	8526.19824	0.08691	11727	1	0.51329	0.12452	1	0.47974	0.29879	1	0.49651	0.21165	1	0.48161	0.53049	11.38488	1.09251	1	0.74250	0.55243	11.79231	1.08383	1	-0.00450	-0.00890	0.68223	0.00225	1	0.06378	-0.01304	0.68706	0.00401	1	1.45898	0.81042	0	
1264210	8526.29199	3306062515721	0.48155	0.20895	8526.19824	0.09375	11727	1	0.49856	0.11278	1	0.47681	0.28289	1	0.48768	0.19784	1	0.48142	0.53037	11.36070	1.08383	1	0.74240	0.55214	11.63386	1.07515	1	-0.00450	-0.00890	0.68223	0.00221	1	0.06378	-0.01304	0.68706	0.00410	1	1.45898	0.81042	0	
1264211	8526.29883	3306062582757	0.48196	0.20853	8526.19824	0.10059	11727	1	0.49961	0.12135	1	0.47681	0.28289	1	0.48821	0.20212	1	0.48135	0.53034	11.14323	1.07515	1	0.74242	0.55234	11.67726	1.07515	1	-0.00450	-0.00890	0.68223	0.00226	1	0.06565	-0.01336	0.70667	0.00404	1	1.45898	0.81042	0	
1264212	8526.30469	3306062646905	0.48193	0.20862	8526.19824	0.10645	11727	1	0.48537	0.14449	1	0.47748	0.27585	1	0.48142	0.21017	1	0.48149	0.53040	11.12850	1.07515	1	0.74242	0.55189	11.59075	1.08383	1	-0.00450	-0.00890	0.68223	0.00231	1	0.06565	-0.01336	0.70667	0.00424	1	1.45898	0.81042	0	
1264213	8526.31152	3306062712626	0.48170	0.20811	8526.19824	0.11328	11727	1	0.47992	0.12126	1	0.47577	0.27732	1	0.47785	0.19929	1	0.48154	0.53036	10.97889	1.08383	1	0.74238	0.55214	11.73486	1.09251	1	-0.00450	-0.00890	0.68223	0.00229	1	0.06565	-0.01336	0.70667	0.00401	1	1.45898	0.81042	0	
1264214	8526.31836	3306062779615	0.48145	0.20679	8526.19824	0.12012	11727	1	0.47752	0.10385	1	0.47643	0.26229	1	0.47697	0.18307	1	0.48150	0.53040	10.92529	1.10160	1	0.74234	0.55220	11.49618	1.11028	1	-0.00458	-0.00915	0.70150	0.00228	1	0.06565	-0.01341	0.70667	0.00413	1	1.45898	0.81042	0	
1264215	8526.32520	3306062847742	0.48124	0.20493	8526.19824	0.12695	11727	1	0.47631	0.04200	1	0.47820	0.29715	1	0.47725	0.16957	1	0.48162	0.53040	11.04938	1.11936	1	0.74247	0.55260	11.98514	1.11936	1	-0.00458	-0.00915	0.70150	0.00230	1	0.06565	-0.01341	0.70667	0.00400	1	1.45898	0.81042	0	
1264216	8526.33203	3306062917474	0.48108	0.20329	8526.19824	0.13379	11727	1	0.47036	0.04571	1	0.48528	0.29561	1	0.47782	0.17066	1	0.48151	0.53034	11.07154	1.12845	1	0.74248	0.55274	12.12804	1.12845	1	-0.00458	-0.00915	0.70150	0.00226	1	0.06565	-0.01341	0.70667	0.00395	1	1.45898	0.81042	0	
1264217	8526.33887	3306062984424	0.48091	0.20160	8526.19824	0.14062	11727	1	0.46912	0.03654	1	0.48530	0.29528	1	0.47721	0.16591	1	0.48153	0.53044	11.34082	1.13753	1	0.74236	0.55282	12.35350	1.12885	1	-0.00458	-0.00915	0.70150	0.00223	1	0.06297	-0.01280	0.67728	0.00396	1	1.45898	0.81042	0	
1264218	8526.34570	3306063050207	0.48074	0.20050	8526.19824	0.14746	11727	1	0.47877	0.03928	1	0.47539	0.31372	1	0.47708	0.17650	1	0.48163	0.53048	11.39179	1.12885	1	0.74240	0.55281	12.28713	1.12017	1	-0.00458	-0.00915	0.70150	0.00228	1	0.06297	-0.01280	0.67728	0.00392	1	1.45898	0.81042	0	
1264219	8526.35254	3306063118646	0.48043	0.19969	8526.19824	0.15430	11727	1	0.47399	0.05186	1	0.47282	0.31011	1	0.47340	0.18099	1	0.48153	0.53048	11.34380	1.12017	1	0.74238	0.55278	12.38286	1.11149	1	-0.00458	-0.00915	0.70150	0.00227	1	0.06297	-0.01280	0.67728	0.00392	1	1.45898	0.81042	0	
1264220	8526.35938	3306063185841	0.48019	0.19959	8526.19824	0.16113	11727	1	0.47639	0.06982	1	0.47222	0.32436	1	0.47431	0.19709	1	0.48173	0.53050	11.17559	1.10241	1	0.74238	0.55242	12.17145	1.09373	1	-0.00446	-0.00902	0.69110	0.00238	1	0.06297	-0.01280	0.67728	0.00422	1	1.45898	0.81042	0	
1264221	8526.36523	3306063252231	0.48063	0.19935	8526.19824	0.16699	11727	1	0.49093	0.10996	1	0.49245	0.27684	1	0.49169	0.19340	1	0.48178	0.53064	10.93219	1.08464	1	0.74266	0.55217	12.41281	1.08464	1	-0.00446	-0.00902	0.69110	0.00240	1	0.06297	-0.01280	0.67728	0.00426	1	1.45898	0.81042	0	
1264222	8526.37207	3306063319452	0.48092	0.19988	8526.19824	0.17383	11727	1	0.50115	0.10031	1	0.47592	0.32732	1	0.48853	0.21381	1	0.48174	0.53053	11.33593	1.07556	1	0.74242	0.55261	11.97925	1.07556	1	-0.00446	-0.00902	0.69110	0.00234	1	0.06297	-0.01280	0.67728	0.00418	1	1.45898	0.81042	0	
1264223	8526.37891	3306063386204	0.48121	0.20068	8526.19824	0.18066	11727	1	0.50224	0.10945	1	0.47558	0.33470	1	0.48891	0.22208	1	0.48165	0.53051	11.43490	1.06647	1	0.74278	0.55289	11.08742	1.06647	1	-0.00446	-0.00902	0.69110	0.00230	1	0.06355	-0.01297	0.68345	0.00400	1	1.45898	0.81042	0	
1264224	8526.38574	3306063452974	0.48115	0.20276	8526.19824	0.18750	11727	1	0.49297	0.16356	1	0.46593	0.35868	1	0.47945	0.26112	1	0.48173	0.53056	11.35380	1.06647	1	0.74232	0.55290	11.95794	1.06647	1	-0.00446	-0.00902	0.69110	0.00235	1	0.06355	-0.01297	0.68345	0.00408	1	1.45898	0.81042	0	
1264225	8526.39258	3306063519736	0.48160	0.20439	8526.19824	0.19434	11727	1	0.50011	0.15513	1	0.48946	0.34794	1	0.49478	0.25154	1	0.48174	0.53045	11.98876	1.06647	1	0.74302	0.55284	11.73441	1.06647	1	-0.00446	-0.00902	0.69110	0.00227	1	0.06355	-0.01297	0.68345	0.00399	1	1.45898	0.81042	0	
1264226	8526.39941	3306063587385	0.48202	0.20601	8526.19824	0.20117	11727	1	0.50011	0.15513	1	0.48907	0.35408	1	0.49459	0.25461	1	0.48179	0.53042	11.72534	1.06647	1	0.74329	0.55234	11.92776	1.05881	1	-0.00446	-0.00897	0.69110	0.00232	1	0.06131	-0.01245	0.65892	0.00419	1	1.45898	0.81042	0	
1264227	8526.40625	3306063653886	0.48218	0.20760	8526.19824	0.20801	11727	1	0.50570	0.14918	1	0.46841	0.36455	1	0.48706	0.25686	1	0.48187	0.53050	11.63223	1.05881	1	0.74310	0.55269	12.32803	1.05115	1	-0.00446	-0.00897	0.69110	0.00240	1	0.06131	-0.01245	0.65892	0.00411	1	1.45898	0.81042	0	
1264228	8526.41211	3306063720979	0.48240	0.20862	8526.19824	0.21387	11727	1	0.50102	0.15160	1	0.47810	0.33131	1	0.48956	0.24145	1	0.48178	0.53040	11.64813	1.05115	1	0.74325	0.55226	11.84877	1.04349	1	-0.00446	-0.00897	0.69110	0.00233	1	0.06131	-0.01245	0.65892	0.00423	1	1.45898	0.81042	0	
1264229	8526.41895	3306063788359	0.48261	0.20955	8526.19824	0.22070	11727	1	0.50084	0.15020	1	0.47816	0.33012	1	0.48950	0.24016	1	0.48194	0.53030	11.73086	1.05258	1	0.74325	0.55249	12.13000	1.04492	1	-0.00451	-0.00918	0.70718	0.00232	1	0.06131	-0.01250	0.65892	0.00409	1	1.45898	0.81042	0	
1264230	8526.42578	3306063854919	0.48280	0.21055	8526.19824	0.22754	11727	1	0.49728	0.14901	1	0.48113	0.34038	1	0.48921	0.24470	1	0.48209	0.53040	11.51995	1.05400	1	0.74330	0.55239	11.91440	1.05400	1	-0.00451	-0.00918	0.70718	0.00245	1	0.06131	-0.01250	0.65892	0.00420	1	1.45898	0.81042	0	
1264231	8526.43262	3306063922331	0.48284	0.21119	8526.19824	0.23438	11727	1	0.49193	0.14075	1	0.47647	0.32615	1	0.48420	0.23345	1	0.48205	0.53038	11.51693	1.06309	1	0.74325	0.55248	11.88021	1.06309	1	-0.00451	-0.00918	0.70718	0.00227	1	0.06131	-0.01250	0.65892	0.00413	1	1.45898	0.81042	0	
1264232	8526.43945	3306063987985	0.48846	0.23597	8526.19824	0.23438	11727	0	0.49076	0.13184	1	0.47744	0.30521	1	0.48410	0.21852	1	0.48233	0.53037	11.69619	1.07217	1	0.74327	0.55251	12.09536	1.08851	1	-0.00443	-0.00923	0.71132	0.00238	1	0.06582	-0.01335	0.70619	0.00407	1	1.45898	0.81042	0	
1264233	8526.44629	3306064055286	0.48660	0.22393	8526.19824	0.23438	11727	0	0.48698	0.11879	1	0.48248	0.30499	1	0.48473	0.21189	1	0.48234	0.53034	11.45893	1.08851	1	0.74328	0.55284	12.44671	1.10485	1	-0.00443	-0.00923	0.71132	0.00241	1	0.06582	-0.01335	0.70619	0.00399	1	1.45898	0.81042	0	
1264234	8526.45312	3306064123554	0.48426	0.21584	8526.19824	0.23438	11727	0	0.48342	0.10169	1	0.47578	0.29763	1	0.47960	0.19966	1	0.48241	0.53033	11.55149	1.10485	1	0.74321	0.55276	12.29465	1.12119	1	-0.00443	-0.00923	0.71132	0.00245	1	0.06582	-0.01335	0.70619	0.00397	1	1.45898	0.81042	0	
1264235	8526.45996	3306064190044	0.48297	0.21105	8526.43945	0.02051	11728	1	0.48248	0.09459	1	0.47573	0.29878	1	0.47910	0.19668	1	0.48241	0.53030	11.59436	1.11211	1	0.74297	0.55284	12.25392	1.11977	1	-0.00411	-0.00863	0.66925	0.00238	1	0.06295	-0.01275	0.67483	0.00406	1	1.45898	0.81042	0	
1264236	8526.46582	3306064257136	0.48180	0.21266	8526.43945	0.02637	11728	1	0.49148	0.08614	1	0.46274	0.35209	1	0.47711	0.21911	1	0.48250	0.53023	11.67173	1.11068	1	0.74301	0.55303	12.33050	1.10200	1	-0.00411	-0.00863	0.66925	0.00240	1	0.06295	-0.01275	0.67483	0.00401	1	1.45898	0.81042	0	
1264237	8526.47266	3306064319401	0.47943	0.21368	8526.43945	0.03320	11728	1	0.49028	0.11020	1	0.44487	0.32732	1	0.46758	0.21876	1	0.48247	0.53028	11.58348	1.09292	1	0.74306	0.55269	12.26056	1.08424	1	-0.00411	-0.00863	0.66925	0.00238	1	0.06295	-0.01275	0.67483	0.00423	1	1.45898	0.81042	0	
1264238	8526.47949	3306064389857	0.47788	0.21711	8526.43945	0.04004	11728	1	0.49254	0.12764	1	0.44463	0.34776	1	0.46859	0.23770	1	0.48270	0.53018	11.68342	1.07515	1	0.74406	0.55207	11.78050	1.05881	1	-0.00417	-0.00870	0.67813	0.00235	1	0.06164	-0.01253	0.66030	0.00426	1	1.45898	0.81042	0	
1264239	8526.48535	3306064453271	0.48062	0.21557	8526.43945	0.04590	11728	1	0.50028	0.13115	1	0.49925	0.27838	1	0.49976	0.20477	1	0.48262	0.53022	11.61034	1.05881	1	0.74396	0.55182	11.92386	1.05115	1	-0.00417	-0.00870	0.67813	0.00241	1	0.06164	-0.01253	0.66030	0.00431	1	1.45898	0.81042	0	
1264240	8526.49316	3306064522577	0.48204	0.21692	8526.43945	0.05371	11728	1	0.50139	0.13970	1	0.48539	0.31570	1	0.49339	0.22770	1	0.48273	0.53008	11.78378	1.05115	1	0.74370	0.55207	12.57026	1.04349	1	-0.00417	-0.00870	0.67813	0.00232	1	0.06164	-0.01253	0.66030	0.00418	1	1.45898	0.81042	0	
1264241	8526.49902	3306064590123	0.48322	0.21837	8526.43945	0.05957	11728	1	0.50233	0.14729	1	0.48539	0.31570	1	0.49386	0.23150	1	0.48294	0.53015	11.35391	1.04349	1	0.74404	0.55233	11.82153	1.04349	1	-0.00406	-0.00863	0.67713	0.00245	1	0.06339	-0.01287	0.67850	0.00418	1	1.45898	0.81042	0	
1264242	8526.50586	3306064656939	0.48323	0.22164	8526.43945	0.06641	11728	1	0.49934	0.15103	1	0.46730	0.35745	1	0.48332	0.25424	1	0.48300	0.53026	11.63167	1.04349	1	0.74388	0.55268	12.30629	1.05115	1	-0.00406	-0.00863	0.67713	0.00245	1	0.06339	-0.01287	0.67850	0.00407	1	1.45898	0.81042	0	
1264243	8526.51270	3306064721675	0.48395	0.22295	8526.43945	0.07324	11728	1	0.50778	0.13337	1	0.47594	0.34139	1	0.49186	0.23738	1	0.48294	0.53012	11.42861	1.05115	1	0.74390	0.55252	12.28065	1.05881	1	-0.00406	-0.00863	0.67713	0.00246	1	0.06339	-0.01287	0.67850	0.00408	1	1.45898	0.81042	0	
1264244	8526.51953	3306064788089	0.48456	0.22408	8526.43945	0.08008	11728	1	0.50782	0.13373	1	0.47592	0.34168	1	0.49187	0.23770	1	0.48293	0.53012	11.43080	1.05079	1	0.74416	0.55248	12.17166	1.05845	1	-0.00394	-0.00849	0.66597	0.00245	1	0.06339	-0.01287	0.67850	0.00429	1	1.45898	0.81042	0	
1264245	8526.52637	3306064856623	0.48561	0.22447	8526.43945	0.08691	11728	1	0.50905	0.13555	1	0.48948	0.32360	1	0.49926	0.22958	1	0.48302	0.53015	11.40496	1.05044	1	0.74423	0.55221	12.17872	1.05044	1	-0.00394	-0.00849	0.66597	0.00240	1	0.06339	-0.01287	0.67850	0.00448	1	1.45898	0.81042	0	
1264246	8526.53320	3306064925039	0.48503	0.22721	8526.43945	0.09375	11728	1	0.47554	0.14074	1	0.47832	0.39017	1	0.47693	0.26545	1	0.48286	0.53005	12.01491	1.04242	1	0.74407	0.55284	12.44952	1.04242	1	-0.00394	-0.00849	0.66597	0.00240	1	0.06339	-0.01287	0.67850	0.00396	1	1.45898	0.81042	0	
1264247	8526.53906	3306064989990	0.48452	0.22960	8526.43945	0.09961	11728	1	0.47554	0.14074	1	0.47832	0.39017	1	0.47693	0.26545	1	0.48292	0.52993	12.30477	1.04242	1	0.74399	0.55270	12.35775	1.04242	1	-0.00392	-0.00859	0.66997	0.00241	1	0.06339	-0.01287	0.67850	0.00399	1	1.45898	0.81042	0	
1264248	8526.54590	3306065058650	0.48444	0.22842	8526.43945	0.10645	11728	1	0.48110	0.12438	1	0.48503	0.29496	1	0.48306	0.20967	1	0.48310	0.53013	11.67681	1.05044	1	0.74408	0.55210	12.18551	1.05044	1	-0.00392	-0.00859	0.66997	0.00242	1	0.06339	-0.01287	0.67850	0.00422	1	1.45898	0.81042	0	
1264249	8526.55273	3306065124487	0.48469	0.22918	8526.43945	0.11328	11728	1	0.48912	0.14253	1	0.48894	0.34169	1	0.48903	0.24211	1	0.48309	0.53025	11.71627	1.05845	1	0.74417	0.55266	12.19006	1.05845	1	-0.00392	-0.00859	0.66997	0.00240	1	0.06339	-0.01287	0.67850	0.00406	1	1.45898	0.81042	0	
1264250	8526.55957	3306065193945	0.48491	0.22930	8526.43945	0.12012	11728	1	0.48806	0.13465	1	0.48977	0.32810	1	0.48892	0.23138	1	0.48296	0.53018	11.57054	1.06647	1	0.74409	0.55189	11.94255	1.07515	1	-0.00399	-0.00880	0.68243	0.00245	1	0.06611	-0.01342	0.70704	0.00430	1	1.45898	0.81042	0	
1264251	8526.56641	3306065260597	0.48473	0.22964	8526.43945	0.12695	11728	1	0.47957	0.09850	1	0.48296	0.37354	1	0.48126	0.23602	1	0.48302	0.53007	11.61714	1.07515	1	0.74408	0.55317	12.63523	1.08383	1	-0.00399	-0.00880	0.68243	0.00245	1	0.06611	-0.01342	0.70704	0.00380	1	1.45898	0.81042	0	
1264252	8526.57324	3306065329061	0.48454	0.22791	8526.43945	0.13379	11728	1	0.48105	0.09374	1	0.48040	0.29321	1	0.48073	0.19348	1	0.48305	0.53016	11.82879	1.08383	1	0.74409	0.55256	12.49177	1.09251	1	-0.00399	-0.00880	0.68243	0.00245	1	0.06611	-0.01342	0.70704	0.00408	1	1.45898	0.81042	0	
1264253	8526.58008	3306065396179	0.48434	0.22615	8526.43945	0.14062	11728	1	0.47989	0.08501	1	0.48040	0.29321	1	0.48014	0.18911	1	0.48309	0.53027	11.79983	1.09251	1	0.74409	0.55284	12.43957	1.09251	1	-0.00400	-0.00882	0.68374	0.00237	1	0.06339	-0.01287	0.67850	0.00402	1	1.45898	0.81042	0	
1264254	8526.58691	3306065462657	0.48410	0.22574	8526.43945	0.14746	11728	1	0.47502	0.10076	1	0.48269	0.33267	1	0.47885	0.21671	1	0.48305	0.53015	11.87070	1.09251	1	0.74410	0.55274	12.37580	1.08383	1	-0.00400	-0.00882	0.68374	0.00243	1	0.06339	-0.01287	0.67850	0.00399	1	1.45898	0.81042	0	
1264255	8526.59375	3306065529909	0.48384	0.22451	8526.43945	0.15430	11728	1	0.47619	0.10525	1	0.47965	0.28741	1	0.47792	0.19633	1	0.48300	0.53017	11.90976	1.08383	1	0.74409	0.55208	12.11760	1.07515	1	-0.00400	-0.00882	0.68374	0.00241	1	0.06339	-0.01287	0.67850	0.00441	1	1.45898	0.81042	0	
1264256	8526.60059	3306065596839	0.48364	0.22400	8526.43945	0.16113	11728	1	0.47850	0.12186	1	0.47897	0.30161	1	0.47873	0.21174	1	0.48289	0.53014	12.19240	1.06713	1	0.74418	0.55202	12.10540	1.05845	1	-0.00394	-0.00864	0.66596	0.00241	1	0.06339	-0.01287	0.67850	0.00450	1	1.45898	0.81042	0	
1264257	8526.60645	3306065662929	0.48422	0.22525	8526.43945	0.16699	11728	1	0.51607	0.13661	1	0.48120	0.37640	1	0.49864	0.25650	1	0.48304	0.53015	11.87771	1.05044	1	0.74412	0.55271	12.14884	1.05044	1	-0.00394	-0.00864	0.66596	0.00243	1	0.06339	-0.01287	0.67850	0.00433	1	1.45898	0.81042	0	
1264258	8526.61328	3306065730819	0.48460	0.22642	8526.43945	0.17383	11728	1	0.50513	0.15194	1	0.48373	0.36149	1	0.49443	0.25672	1	0.48306	0.53015	11.98541	1.04242	1	0.74412	0.55270	12.21685	1.04242	1	-0.00394	-0.00864	0.66596	0.00243	1	0.06339	-0.01287	0.67850	0.00427	1	1.45898	0.81042	0	
1264259	8526.62012	3306065797835	0.48492	0.22688	8526.43945	0.18066	11728	1	0.50278	0.13270	1	0.48462	0.34579	1	0.49370	0.23925	1	0.48305	0.53031	12.37175	1.06189	1	0.74416	0.55255	12.18415	1.06189	1	-0.00436	-0.00943	0.72656	0.00237	1	0.06339	-0.01287	0.67850	0.00433	1	1.45898	0.81042	0	
1264260	8526.62695	3306065865045	0.48484	0.22723	8526.43945	0.18750	11728	1	0.49321	0.10508	1	0.47177	0.36912	1	0.48249	0.23710	1	0.48288	0.53040	11.89687	1.08937	1	0.74392	0.55299	12.29346	1.08937	1	-0.00436	-0.00943	0.72656	0.00249	1	0.06339	-0.01287	0.67850	0.00417	1	1.45898	0.81042	0	
1264261	8526.63379	3306065930074	0.48475	0.22662	8526.43945	0.19434	11728	1	0.49493	0.09054	1	0.46951	0.32763	1	0.48222	0.20908	1	0.48304	0.53035	11.86476	1.11686	1	0.74390	0.55288	12.40351	1.11686	1	-0.00436	-0.00943	0.72656	0.00257	1	0.06339	-0.01287	0.67850	0.00386	1	1.45898	0.81042	0	
1264262	8526.64062	3306065998431	0.48465	0.22593	8526.43945	0.20117	11728	1	0.49397	0.08270	1	0.46952	0.32735	1	0.48175	0.20503	1	0.48293	0.53037	12.47097	1.12488	1	0.74360	0.55268	13.00971	1.11722	1	-0.00411	-0.00889	0.68512	0.00253	1	0.06154	-0.01256	0.65922	0.00398	1	1.45898	0.81042	0	
1264263	8526.64746	3306066065546	0.48457	0.22518	8526.43945	0.20801	11728	1	0.48617	0.09512	1	0.47779	0.30885	1	0.48198	0.20198	1	0.48279	0.53025	12.28988	1.09775	1	0.74357	0.55265	12.94125	1.09009	1	-0.00411	-0.00889	0.68512	0.00244	1	0.06154	-0.01256	0.65922	0.00395	1	1.45898	0.81042	0	
1264264	8526.65332	3306066132725	0.48495	0.22499	8526.43945	0.21387	11728	1	0.50811	0.14799	1	0.48629	0.28976	1	0.49720	0.21888	1	0.48304	0.53040	11.99026	1.07062	1	0.74368	0.55213	12.68656	1.06296	1	-0.00411	-0.00889	0.68512	0.00255	1	0.06154	-0.01256	0.65922	0.00431	1	1.45898	0.81042	0	
1264265	8526.66016	3306066199473	0.48535	0.22544	8526.43945	0.22070	11728	1	0.51126	0.17418	1	0.48537	0.30648	1	0.49832	0.24033	1	0.48300	0.53045	11.99739	1.04349	1	0.74349	0.55217	12.82922	1.04349	1	-0.00411	-0.00868	0.66925	0.00253	1	0.06295	-0.01280	0.67483	0.00417	1	1.45898	0.81042	0	
1264266	8526.66699	3306066267342	0.48565	0.22666	8526.43945	0.22754	11728	1	0.51295	0.17857	1	0.47905	0.35743	1	0.49600	0.26800	1	0.48287	0.53052	12.22448	1.04349	1	0.74365	0.55280	13.27435	1.05115	1	-0.00411	-0.00868	0.66925	0.00245	1	0.06295	-0.01280	0.67483	0.00387	1	1.45898	0.81042	0	
1264267	8526.67383	3306066334314	0.48579	0.22768	8526.43945	0.23438	11728	1	0.50697	0.15127	1	0.47464	0.37587	1	0.49080	0.26357	1	0.48277	0.53038	11.82752	1.05115	1	0.74361	0.55283	13.13610	1.05881	1	-0.00411	-0.00868	0.66925	0.00246	1	0.06295	-0.01280	0.67483	0.00386	1	1.45898	0.81042	0	
1264268	8526.68066	3306066401168	0.48592	0.22855	8526.43945	0.24121	11728	1	0.50606	0.14377	1	0.47464	0.37587	1	0.49035	0.25982	1	0.48261	0.53042	11.89829	1.05881	1	0.74354	0.55289	13.27415	1.05881	1	-0.00411	-0.00868	0.66925	0.00252	1	0.06154	-0.01256	0.65922	0.00391	1	1.45898	0.81042	0	
1264269	8526.68750	3306066467245	0.48629	0.22856	8526.43945	0.24805	11728	1	0.50785	0.16245	1	0.49230	0.29569	1	0.50008	0.22907	1	0.48272	0.53046	12.13963	1.05881	1	0.74351	0.55199	12.96453	1.05115	1	-0.00411	-0.00868	0.66925	0.00246	1	0.06154	-0.01256	0.65922	0.00420	1	1.45898	0.81042	0	
1264270	8526.69434	3306066534341	0.48651	0.22891	8526.43945	0.25488	11728	1	0.51641	0.15073	1	0.47375	0.33312	1	0.49508	0.24192	1	0.48273	0.53038	11.83132	1.05115	1	0.74358	0.55217	13.08896	1.04349	1	-0.00411	-0.00868	0.66925	0.00246	1	0.06154	-0.01256	0.65922	0.00420	1	1.45898	0.81042	0	
1264271	8526.70020	3306066601758	0.48674	0.22933	8526.43945	0.26074	11728	1	0.51727	0.15823	1	0.47375	0.33312	1	0.49551	0.24567	1	0.48282	0.53036	11.91221	1.04349	1	0.74343	0.55296	13.40703	1.04349	1	-0.00411	-0.00863	0.66925	0.00242	1	0.06295	-0.01280	0.67483	0.00387	1	1.45898	0.81042	0	
1264272	8526.70703	3306066670034	0.48722	0.23000	8526.43945	0.26758	11728	1	0.51048	0.15569	1	0.50265	0.35830	1	0.50656	0.25700	1	0.48270	0.53029	12.05599	1.04349	1	0.74367	0.55281	13.16454	1.05115	1	-0.00411	-0.00863	0.66925	0.00251	1	0.06295	-0.01280	0.67483	0.00388	1	1.45898	0.81042	0	
1264273	8526.71387	3306066735726	0.48726	0.23098	8526.43945	0.27441	11728	1	0.51655	0.14739	1	0.46137	0.39526	1	0.48896	0.27132	1	0.48286	0.53040	11.91235	1.05115	1	0.74347	0.55297	13.33732	1.05881	1	-0.00411	-0.00863	0.66925	0.00251	1	0.06295	-0.01280	0.67483	0.00382	1	1.45898	0.81042	0	
1264274	8526.72070	3306066802620	0.48730	0.23177	8526.43945	0.28125	11728	1	0.51570	0.13986	1	0.46155	0.38943	1	0.48863	0.26465	1	0.48255	0.53034	11.70997	1.05881	1	0.74354	0.55283	13.32858	1.06647	1	-0.00411	-0.00868	0.66925	0.00246	1	0.06295	-0.01286	0.67483	0.00382	1	1.45898	0.81042	0	
1264275	8526.72754	3306066869405	0.48750	0.23200	8526.43945	0.28809	11728	1	0.49545	0.13429	1	0.49705	0.34960	1	0.49625	0.24195	1	0.48254	0.53039	11.90565	1.06647	1	0.74354	0.55283	13.32858	1.06647	1	-0.00411	-0.00868	0.66925	0.00245	1	0.06295	-0.01286	0.67483	0.00382	1	1.45898	0.81042	0	
1264276	8526.73438	3306066936292	0.48772	0.23218	8526.43945	0.29492	11728	1	0.49860	0.11775	1	0.49652	0.36293	1	0.49756	0.24034	1	0.48252	0.53027	11.79653	1.06647	1	0.74355	0.55292	13.35723	1.06647	1	-0.00411	-0.00868	0.66925	0.00246	1	0.06295	-0.01286	0.67483	0.00383	1	1.45898	0.81042	0	
1264277	8526.74023	3306067002279	0.48794	0.23236	8526.43945	0.30078	11728	1	0.49860	0.11775	1	0.49652	0.36293	1	0.49756	0.24034	1	0.48259	0.53047	11.81925	1.06647	1	0.74374	0.55297	13.02189	1.06647	1	-0.00411	-0.00868	0.66925	0.00253	1	0.06295	-0.01286	0.67483	0.00379	1	1.45898	0.81042	0	
1264278	8526.74707	3306067070487	0.48807	0.23200	8526.43945	0.30762	11728	1	0.49303	0.10389	1	0.49541	0.32697	1	0.49422	0.21543	1	0.48247	0.53032	11.93266	1.06647	1	0.74351	0.55245	13.10710	1.06647	1	-0.00411	-0.00868	0.66925	0.00251	1	0.06295	-0.01286	0.67483	0.00412	1	1.45898	0.81042	0	
1264279	8526.75391	3306067137407	0.48812	0.23185	8526.43945	0.31445	11728	1	0.48640	0.09789	1	0.49499	0.35203	1	0.49069	0.22496	1	0.48235	0.53044	12.06443	1.06647	1	0.74349	0.55268	13.22409	1.06647	1	-0.00411	-0.00868	0.66925	0.00242	1	0.06295	-0.01286	0.67483	0.00403	1	1.45898	0.81042	0	
1264280	8526.76074	3306067204718	0.48818	0.23155	8526.43945	0.32129	11728	1	0.48640	0.09789	1	0.49546	0.34510	1	0.49093	0.22150	1	0.48238	0.53055	11.67306	1.06647	1	0.74363	0.55313	13.25519	1.07515	1	-0.00411	-0.00873	0.66925	0.00244	1	0.06501	-0.01329	0.69753	0.00389	1	1.45898	0.81042	0	
1264281	8526.76758	3306067271287	0.48856	0.23154	8526.43945	0.32812	11728	1	0.50363	0.10363	1	0.50291	0.31941	1	0.50327	0.21152	1	0.48240	0.53051	12.28027	1.07515	1	0.74366	0.55248	12.99389	1.08383	1	-0.00411	-0.00873	0.66925	0.00250	1	0.06501	-0.01329	0.69753	0.00410	1	1.45898	0.81042	0	
1264282	8526.77441	3306067339012	0.48927	0.23233	8526.43945	0.33496	11728	1	0.52030	0.09583	1	0.50718	0.37910	1	0.51374	0.23746	1	0.48244	0.53059	12.01658	1.08383	1	0.74373	0.55325	13.03577	1.09251	1	-0.00411	-0.00873	0.66925	0.00246	1	0.06501	-0.01329	0.69753	0.00409	1	1.45898	0.81042	0	
1264283	8526.78125	3306067405168	0.48999	0.23309	8526.43945	0.34180	11728	1	0.51939	0.08714	1	0.50718	0.37910	1	0.51328	0.23312	1	0.48236	0.53059	12.61732	1.09251	1	0.74336	0.55272	12.11040	1.09251	1	-0.00431	-0.00894	0.68487	0.00241	1	0.06349	-0.01299	0.68173	0.00409	1	1.45898	0.81042	0	
1264284	8526.78809	3306067472141	0.49030	0.23292	8526.43945	0.34863	11728	1	0.50577	0.09156	1	0.47891	0.33004	1	0.49234	0.21080	1	0.48230	0.53064	11.78686	1.09251	1	0.74330	0.55254	12.25939	1.08383	1	-0.00431	-0.00894	0.68487	0.00246	1	0.06349	-0.01299	0.68173	0.00422	1	1.45898	0.81042	0	
1264285	8526.79395	3306067539159	0.49071	0.23275	8526.43945	0.35449	11728	1	0.50519	0.07846	1	0.46861	0.34315	1	0.48690	0.21081	1	0.48229	0.53053	12.20461	1.08383	1	0.74313	0.55274	12.35020	1.07515	1	-0.00431	-0.00894	0.68487	0.00244	1	0.06349	-0.01299	0.68173	0.00398	1	1.45898	0.81042	0	
1264286	8526.80078	3306067605186	0.49108	0.23225	8526.43945	0.36133	11728	1	0.50514	0.07805	1	0.46838	0.34894	1	0.48676	0.21350	1	0.48202	0.53073	12.24212	1.08424	1	0.74325	0.55247	12.34042	1.06790	1	-0.00451	-0.00923	0.70718	0.00247	1	0.06131	-0.01255	0.65892	0.00411	1	1.45898	0.81042	0	
1264287	8526.80762	3306067673230	0.49100	0.23300	8526.43945	0.36816	11728	1	0.49527	0.13155	1	0.49576	0.34981	1	0.49551	0.24068	1	0.48213	0.53091	12.01856	1.07698	1	0.74308	0.55289	12.78929	1.06932	1	-0.00451	-0.00923	0.70718	0.00246	1	0.06131	-0.01255	0.65892	0.00397	1	1.45898	0.81042	0	
1264288	8526.81445	3306067739894	0.49125	0.23320	8526.43945	0.37500	11728	1	0.51036	0.12002	1	0.50060	0.35471	1	0.50548	0.23736	1	0.48204	0.53079	11.63621	1.07841	1	0.74325	0.55269	12.39423	1.07075	1	-0.00451	-0.00923	0.70718	0.00247	1	0.06131	-0.01255	0.65892	0.00406	1	1.45898	0.81042	0	
1264289	8526.82129	3306067805172	0.49150	0.23340	8526.43945	0.38184	11728	1	0.51122	0.12755	1	0.50060	0.35471	1	0.50591	0.24113	1	0.48191	0.53064	11.92748	1.07075	1	0.74270	0.55233	12.88428	1.07075	1	-0.00446	-0.00902	0.69110	0.00247	1	0.06297	-0.01290	0.67728	0.00403	1	1.45898	0.81042	0	
1264290	8526.82812	3306067873621	0.49176	0.23336	8526.43945	0.38867	11728	1	0.50623	0.13764	1	0.48567	0.36746	1	0.49595	0.25255	1	0.48185	0.53073	12.19606	1.06166	1	0.74266	0.55288	13.38459	1.06932	1	-0.00446	-0.00902	0.69110	0.00248	1	0.06297	-0.01290	0.67728	0.00388	1	1.45898	0.81042	0	
1264291	8526.83496	3306067941578	0.49201	0.23301	8526.43945	0.39551	11728	1	0.50684	0.11629	1	0.50028	0.32501	1	0.50356	0.22065	1	0.48185	0.53067	12.10507	1.06024	1	0.74276	0.55244	13.13617	1.06790	1	-0.00446	-0.00902	0.69110	0.00247	1	0.06297	-0.01290	0.67728	0.00413	1	1.45898	0.81042	0	
1264292	8526.84082	3306068008106	0.49225	0.23269	8526.43945	0.40137	11728	1	0.50701	0.11772	1	0.50020	0.32618	1	0.50361	0.22195	1	0.48170	0.53075	12.27775	1.05881	1	0.74252	0.55282	13.52128	1.06647	1	-0.00446	-0.00902	0.69110	0.00240	1	0.06297	-0.01290	0.67728	0.00408	1	1.45898	0.81042	0	
1264293	8526.84766	3306068075866	0.49217	0.23281	8526.43945	0.40820	11728	1	0.49299	0.14573	1	0.49812	0.32566	1	0.49556	0.23569	1	0.48170	0.53096	11.63714	1.06647	1	0.74275	0.55249	13.04632	1.06647	1	-0.00446	-0.00902	0.69110	0.00251	1	0.06297	-0.01290	0.67728	0.00412	1	1.45898	0.81042	0	
1264294	8526.85449	3306068141699	0.49244	0.23211	8526.43945	0.41504	11728	1	0.50183	0.09353	1	0.47784	0.36991	1	0.48984	0.23172	1	0.48172	0.53088	12.03382	1.06647	1	0.74249	0.55295	13.31022	1.06647	1	-0.00446	-0.00902	0.69110	0.00256	1	0.06297	-0.01290	0.67728	0.00395	1	1.45898	0.81042	0	
1264295	8526.86133	3306068208950	0.49271	0.23141	8526.43945	0.42188	11728	1	0.50183	0.09353	1	0.47784	0.36991	1	0.48984	0.23172	1	0.48154	0.53067	11.74977	1.06647	1	0.74254	0.55321	12.25107	1.06647	1	-0.00446	-0.00902	0.69110	0.00244	1	0.06378	-0.01309	0.68706	0.00385	1	1.45898	0.81042	0	
1264296	8526.86816	3306068276574	0.49274	0.23226	8526.43945	0.42871	11728	1	0.49470	0.10995	1	0.47471	0.39115	1	0.48471	0.25055	1	0.48151	0.53100	11.48433	1.06647	1	0.74254	0.55296	12.61735	1.06647	1	-0.00446	-0.00902	0.69110	0.00253	1	0.06378	-0.01309	0.68706	0.00380	1	1.45898	0.81042	0	
1264297	8526.87500	3306068342899	0.49262	0.23244	8526.43945	0.43555	11728	1	0.50668	0.13819	1	0.45931	0.36369	1	0.48299	0.25094	1	0.48160	0.53093	11.49677	1.06647	1	0.74223	0.55299	12.82973	1.06647	1	-0.00446	-0.00902	0.69110	0.00245	1	0.06378	-0.01309	0.68706	0.00404	1	1.45898	0.81042	0	
1264298	8526.88184	3306068409772	0.49248	0.23275	8526.43945	0.44238	11728	1	0.50561	0.12930	1	0.45934	0.36257	1	0.48248	0.24594	1	0.48139	0.53105	11.97500	1.07556	1	0.74234	0.55236	12.18665	1.06790	1	-0.00472	-0.00924	0.70789	0.00241	1	0.06096	-0.01252	0.65721	0.00423	1	1.45898	0.81042	0	
1264299	8526.88770	3306068476851	0.49272	0.23254	8526.43945	0.44824	11728	1	0.48529	0.08993	1	0.49963	0.36244	1	0.49246	0.22619	1	0.48132	0.53102	12.05947	1.07698	1	0.74242	0.55292	12.26206	1.06932	1	-0.00472	-0.00924	0.70789	0.00244	1	0.06096	-0.01252	0.65721	0.00391	1	1.45898	0.81042	0	
1264300	8526.89453	3306068543929	0.49336	0.23354	8526.43945	0.45508	11728	1	0.52246	0.13482	1	0.50028	0.34776	1	0.51137	0.24129	1	0.48147	0.53104	12.28302	1.07841	1	0.74246	0.55262	12.36162	1.07075	1	-0.00472	-0.00924	0.70789	0.00241	1	0.06096	-0.01252	0.65721	0.00409	1	1.45898	0.81042	0	
1264301	8526.90137	3306068608102	0.49401	0.23477	8526.43945	0.46191	11728	1	0.52326	0.14225	1	0.49983	0.35388	1	0.51154	0.24807	1	0.48142	0.53092	11.95947	1.07075	1	0.74235	0.55274	12.42317	1.06309	1	-0.00450	-0.00890	0.68223	0.00243	1	0.06096	-0.01252	0.65721	0.00408	1	1.45898	0.81042	0	
1264302	8526.90820	3306068675590	0.49440	0.23508	8526.43945	0.46875	11728	1	0.52351	0.12658	1	0.47179	0.33686	1	0.49765	0.23172	1	0.48139	0.53112	11.98577	1.05400	1	0.74201	0.55253	12.84364	1.05400	1	-0.00450	-0.00890	0.68223	0.00243	1	0.06096	-0.01252	0.65721	0.00406	1	1.45898	0.81042	0	
1264303	8526.91504	3306068742478	0.49504	0.23624	8526.43945	0.47559	11728	1	0.52441	0.12243	1	0.49285	0.38161	1	0.50863	0.25202	1	0.48137	0.53099	11.87655	1.04492	1	0.74229	0.55295	12.57201	1.04492	1	-0.00450	-0.00890	0.68223	0.00243	1	0.06096	-0.01252	0.65721	0.00397	1	1.45898	0.81042	0	
1264304	8526.92090	3306068807911	0.49567	0.23702	8526.43945	0.48145	11728	1	0.52441	0.12243	1	0.49326	0.37558	1	0.50884	0.24901	1	0.48128	0.53107	11.88435	1.04492	1	0.74212	0.55238	12.64895	1.05258	1	-0.00472	-0.00924	0.70789	0.00242	1	0.06323	-0.01300	0.68224	0.00409	1	1.45898	0.81042	0	
1264305	8526.92773	3306068876985	0.49559	0.23584	8526.43945	0.48828	11728	1	0.51857	0.09267	1	0.47072	0.30699	1	0.49464	0.19983	1	0.48133	0.53104	11.82651	1.06166	1	0.74193	0.55231	12.87900	1.06932	1	-0.00472	-0.00924	0.70789	0.00242	1	0.06323	-0.01300	0.68224	0.00422	1	1.45898	0.81042	0	
1264306	8526.93555	3306068946245	0.49572	0.23442	8526.43945	0.49609	11728	1	0.51499	0.07997	1	0.48678	0.29790	1	0.50088	0.18893	1	0.48133	0.53104	11.82651	1.07841	1	0.74223	0.55246	12.56272	1.08607	1	-0.00472	-0.00924	0.70789	0.00241	1	0.06323	-0.01300	0.68224	0.00411	1	1.45898	0.81042	0	
1264307	8526.94141	3306069013525	0.49586	0.23329	8526.43945	0.50195	11728	1	0.51415	0.07215	1	0.48678	0.29790	1	0.50046	0.18502	1	0.48139	0.53112	11.98577	1.08607	1	0.74239	0.55249	11.97838	1.08607	1	-0.00460	-0.00890	0.68213	0.00243	1	0.06096	-0.01252	0.65721	0.00404	1	1.45898	0.81042	0	
1264308	8526.94824	3306069078407	0.49610	0.23302	8526.43945	0.50879	11728	1	0.51383	0.10273	1	0.47384	0.34549	1	0.49384	0.22411	1	0.48134	0.53110	11.90451	1.07698	1	0.74204	0.55263	12.49626	1.06932	1	-0.00460	-0.00890	0.68213	0.00249	1	0.06096	-0.01252	0.65721	0.00419	1	1.45898	0.81042	0	
1264309	8526.95508	3306069142358	0.49670	0.23373	8526.43945	0.51562	11728	1	0.52370	0.13204	1	0.49835	0.35425	1	0.51102	0.24314	1	0.48139	0.53112	11.98577	1.06024	1	0.74245	0.55270	12.11453	1.05258	1	-0.00460	-0.00890	0.68213	0.00242	1	0.06096	-0.01252	0.65721	0.00407	1	1.45898	0.81042	0	
1264310	8526.96191	3306069214105	0.49732	0.23461	8526.43945	0.52246	11728	1	0.52450	0.13961	1	0.49835	0.35425	1	0.51142	0.24693	1	0.48126	0.53119	11.85450	1.05258	1	0.74234	0.55278	12.49924	1.05258	1	-0.00472	-0.00924	0.70789	0.00241	1	0.06323	-0.01300	0.68224	0.00406	1	1.45898	0.81042	0	
1264311	8526.96875	3306069281031	0.49754	0.23512	8526.43945	0.52930	11728	1	0.51545	0.11537	1	0.47001	0.33788	1	0.49273	0.22662	1	0.48130	0.53121	11.95489	1.06166	1	0.74196	0.55256	13.12749	1.06932	1	-0.00472	-0.00924	0.70789	0.00247	1	0.06323	-0.01300	0.68224	0.00417	1	1.45898	0.81042	0	
1264312	8526.97559	3306069347866	0.49755	0.23486	8526.43945	0.53613	11728	1	0.51669	0.12547	1	0.47822	0.28702	1	0.49746	0.20625	1	0.48130	0.53126	11.83671	1.07841	1	0.74207	0.55228	12.63460	1.08607	1	-0.00472	-0.00924	0.70789	0.00241	1	0.06323	-0.01300	0.68224	0.00419	1	1.45898	0.81042	0	
1264313	8526.98242	3306069414720	0.49752	0.23383	8526.43945	0.54297	11728	1	0.51488	0.10909	1	0.47888	0.27292	1	0.49688	0.19100	1	0.48140	0.53125	11.75618	1.09515	1	0.74208	0.55244	12.61244	1.10281	1	-0.00466	-0.00921	0.69785	0.00247	1	0.06323	-0.01300	0.68224	0.00402	1	1.45898	0.81042	0	
1264314	8526.98828	3306069481719	0.49714	0.23281	8526.43945	0.54883	11728	1	0.49864	0.07838	1	0.45722	0.35955	1	0.47793	0.21896	1	0.48112	0.53112	11.91185	1.10281	1	0.74168	0.55310	12.83306	1.10281	1	-0.00466	-0.00921	0.69785	0.00243	1	0.06323	-0.01300	0.68224	0.00413	1	1.45898	0.81042	0	
1264315	8526.99512	3306069548342	0.49729	0.23120	8526.43945	0.55566	11728	1	0.51334	0.08419	1	0.48252	0.28839	1	0.49793	0.18629	1	0.48136	0.53121	11.88729	1.10281	1	0.74208	0.55235	12.58496	1.10281	1	-0.00466	-0.00921	0.69785	0.00248	1	0.06323	-0.01300	0.68224	0.00404	1	1.45898	0.81042	0	
1264316	8527.00195	3306069616144	0.49744	0.22973	8526.43945	0.56250	11728	1	0.51334	0.08419	1	0.48219	0.29474	1	0.49777	0.18946	1	0.48135	0.53111	12.01935	1.10281	1	0.74236	0.55235	12.10941	1.09515	1	-0.00472	-0.00934	0.70732	0.00237	1	0.06096	-0.01252	0.65721	0.00417	1	1.45898	0.81042	0	
1264317	8527.00879	3306069682765	0.49760	0.22911	8526.43945	0.56934	11728	1	0.51635	0.08142	1	0.49946	0.31702	1	0.50791	0.19922	1	0.48131	0.53112	11.85454	1.09515	1	0.74242	0.55258	12.29857	1.08749	1	-0.00472	-0.00934	0.70732	0.00243	1	0.06096	-0.01252	0.65721	0.00413	1	1.45898	0.81042	0	
1264318	8527.01562	3306069749606	0.49744	0.22816	8526.43945	0.57617	11728	1	0.51276	0.09312	1	0.46201	0.29944	1	0.48739	0.19628	1	0.48123	0.53115	12.09017	1.08749	1	0.74223	0.55239	12.14674	1.07983	1	-0.00472	-0.00934	0.70732	0.00249	1	0.06096	-0.01252	0.65721	0.00410	1	1.45898	0.81042	0	
1264319	8527.02246	3306069816470	0.49729	0.22745	8526.43945	0.58301	11728	1	0.51461	0.10987	1	0.46160	0.31341	1	0.48810	0.21164	1	0.48145	0.53121	11.83194	1.07075	1	0.74212	0.55306	12.88133	1.06309	1	-0.00452	-0.00904	0.68475	0.00257	1	0.06096	-0.01252	0.65721	0.00404	1	1.45898	0.81042	0	
1264320	8527.02930	3306069883724	0.49688	0.22749	8526.43945	0.58984	11728	1	0.49441	0.14913	1	0.47900	0.36861	1	0.48670	0.25887	1	0.48129	0.53127	11.71603	1.05400	1	0.74249	0.55291	12.64239	1.05400	1	-0.00452	-0.00904	0.68475	0.00248	1	0.06096	-0.01252	0.65721	0.00418	1	1.45898	0.81042	0	
1264321	8527.03516	3306069950124	0.49651	0.22804	8526.43945	0.59570	11728	1	0.49896	0.14572	1	0.44391	0.45029	1	0.47143	0.29800	1	0.48133	0.53130	11.81496	1.04492	1	0.74192	0.55368	13.13678	1.04492	1	-0.00452	-0.00904	0.68475	0.00250	1	0.06096	-0.01252	0.65721	0.00396	1	1.45898	0.81042	0	
1264322	8527.04199	3306070017747	0.49615	0.22868	8526.43945	0.60254	11728	1	0.49896	0.14572	1	0.44397	0.44480	1	0.47146	0.29526	1	0.48140	0.53105	12.03319	1.04492	1	0.74245	0.55298	12.22070	1.05258	1	-0.00461	-0.00933	0.70663	0.00241	1	0.06378	-0.01309	0.68706	0.00420	1	1.45898	0.81042	0	
1264323	8527.04883	3306070085099	0.49609	0.22870	8526.43945	0.60938	11728	1	0.49828	0.11453	1	0.48803	0.37091	1	0.49316	0.24272	1	0.48141	0.53099	12.08307	1.06166	1	0.74264	0.55301	12.03484	1.06932	1	-0.00461	-0.00933	0.70663	0.00240	1	0.06378	-0.01309	0.68706	0.00433	1	1.45898	0.81042	0	
1264324	8527.05566	3306070151606	0.49573	0.22785	8526.43945	0.61621	11728	1	0.47505	0.11010	1	0.48578	0.28881	1	0.48042	0.19946	1	0.48143	0.53110	11.78972	1.07841	1	0.74256	0.55289	12.25219	1.08607	1	-0.00461	-0.00933	0.70663	0.00241	1	0.06378	-0.01309	0.68706	0.00411	1	1.45898	0.81042	0	
1264325	8527.06250	3306070218400	0.49537	0.22677	8526.43945	0.62305	11728	1	0.47398	0.10247	1	0.48653	0.27506	1	0.48025	0.18877	1	0.48147	0.53114	11.86984	1.08607	1	0.74244	0.55297	12.31897	1.10241	1	-0.00449	-0.00920	0.69694	0.00244	1	0.06565	-0.01346	0.70667	0.00407	1	1.45898	0.81042	0	
1264326	8527.06934	3306070285108	0.49504	0.22703	8526.43945	0.62988	11728	1	0.48353	0.09499	1	0.47349	0.36106	1	0.47851	0.22803	1	0.48154	0.53128	11.81674	1.09332	1	0.74242	0.55316	12.38743	1.10200	1	-0.00449	-0.00920	0.69694	0.00244	1	0.06565	-0.01346	0.70667	0.00409	1	1.45898	0.81042	0	
1264327	8527.07617	3306070352313	0.49484	0.22694	8526.43945	0.63672	11728	1	0.48711	0.09051	1	0.47443	0.35074	1	0.48077	0.22063	1	0.48157	0.53123	11.69873	1.09292	1	0.74239	0.55353	12.50462	1.10160	1	-0.00449	-0.00920	0.69694	0.00242	1	0.06565	-0.01346	0.70667	0.00398	1	1.45898	0.81042	0	
1264328	8527.08203	3306070419542	0.49462	0.22700	8526.43945	0.64258	11728	1	0.48716	0.09092	1	0.47411	0.35776	1	0.48064	0.22434	1	0.48175	0.53109	11.88357	1.09251	1	0.74265	0.55347	13.13865	1.09251	1	-0.00449	-0.00920	0.69694	0.00244	1	0.06297	-0.01290	0.67728	0.00397	1	1.45898	0.81042	0	
1264329	8527.08887	3306070486382	0.49444	0.22729	8526.43945	0.64941	11728	1	0.49330	0.08956	1	0.49586	0.36064	1	0.49458	0.22510	1	0.48177	0.53110	11.88885	1.09251	1	0.74270	0.55308	12.91557	1.08383	1	-0.00449	-0.00920	0.69694	0.00242	1	0.06297	-0.01290	0.67728	0.00411	1	1.45898	0.81042	0	
1264330	8527.09570	3306070553404	0.49403	0.22690	8526.43945	0.65625	11728	1	0.49515	0.08504	1	0.49251	0.35243	1	0.49383	0.21874	1	0.48177	0.53114	11.79691	1.08383	1	0.74274	0.55290	12.68911	1.07515	1	-0.00449	-0.00920	0.69694	0.00242	1	0.06297	-0.01290	0.67728	0.00411	1	1.45898	0.81042	0	
1264331	8527.10254	3306070620353	0.49363	0.22676	8526.43945	0.66309	11728	1	0.49623	0.09383	1	0.49206	0.35930	1	0.49414	0.22656	1	0.48189	0.53112	11.95406	1.07515	1	0.74259	0.55305	12.88511	1.06647	1	-0.00446	-0.00907	0.69110	0.00243	1	0.06297	-0.01290	0.67728	0.00433	1	1.45898	0.81042	0	
1264332	8527.10938	3306070687055	0.49374	0.22716	8526.43945	0.66992	11728	1	0.51209	0.11849	1	0.48297	0.34154	1	0.49753	0.23002	1	0.48191	0.53121	12.10660	1.06647	1	0.74254	0.55295	13.10621	1.06647	1	-0.00446	-0.00907	0.69110	0.00247	1	0.06297	-0.01290	0.67728	0.00409	1	1.45898	0.81042	0	
1264333	8527.11621	3306070754270	0.49402	0.22740	8526.43945	0.67676	11728	1	0.51067	0.12381	1	0.49022	0.32122	1	0.50044	0.22252	1	0.48199	0.53117	12.26011	1.06647	1	0.74263	0.55235	12.92260	1.06647	1	-0.00446	-0.00907	0.69110	0.00241	1	0.06297	-0.01290	0.67728	0.00441	1	1.45898	0.81042	0	
1264334	8527.12207	3306070817987	0.49429	0.22748	8526.43945	0.68262	11728	1	0.50963	0.11480	1	0.49029	0.32005	1	0.49996	0.21742	1	0.48213	0.53094	11.92719	1.07556	1	0.74262	0.55271	12.84618	1.06790	1	-0.00451	-0.00923	0.70718	0.00249	1	0.06131	-0.01255	0.65892	0.00444	1	1.45898	0.81042	0	
1264335	8527.12891	3306070885134	0.49411	0.22791	8526.43945	0.68945	11728	1	0.51906	0.13135	1	0.45432	0.39087	1	0.48669	0.26111	1	0.48211	0.53104	12.17743	1.07698	1	0.74250	0.55328	12.98582	1.06932	1	-0.00451	-0.00923	0.70718	0.00252	1	0.06131	-0.01255	0.65892	0.00407	1	1.45898	0.81042	0	
1264336	8527.13574	3306070954663	0.49343	0.22779	8526.43945	0.69629	11728	1	0.49836	0.16076	1	0.44741	0.30232	1	0.47289	0.23154	1	0.48204	0.53111	11.86445	1.07841	1	0.74271	0.55238	12.81107	1.07075	1	-0.00451	-0.00923	0.70718	0.00254	1	0.06131	-0.01255	0.65892	0.00427	1	1.45898	0.81042	0	
1264337	8527.14258	3306071020664	0.49274	0.22750	8526.43945	0.70312	11728	1	0.49818	0.15941	1	0.44752	0.29472	1	0.47285	0.22706	1	0.48218	0.53098	12.19516	1.07983	1	0.74315	0.55204	12.03908	1.07983	1	-0.00451	-0.00923	0.70718	0.00247	1	0.06349	-0.01299	0.68173	0.00419	1	1.45898	0.81042	0	
1264338	8527.14941	3306071088032	0.49242	0.22697	8526.43945	0.70996	11728	1	0.49749	0.12955	1	0.46388	0.32492	1	0.48068	0.22723	1	0.48217	0.53099	12.17462	1.07983	1	0.74300	0.55260	12.94125	1.08749	1	-0.00451	-0.00923	0.70718	0.00247	1	0.06349	-0.01299	0.68173	0.00414	1	1.45898	0.81042	0	
1264339	8527.15625	3306071153378	0.49218	0.22652	8526.43945	0.71680	11728	1	0.49752	0.12279	1	0.48614	0.27564	1	0.49183	0.19921	1	0.48218	0.53098	12.19516	1.08749	1	0.74326	0.55231	12.40881	1.09515	1	-0.00451	-0.00923	0.70718	0.00247	1	0.06349	-0.01299	0.68173	0.00413	1	1.45898	0.81042	0	
1264340	8527.16211	3306071219760	0.49194	0.22623	8526.43945	0.72266	11728	1	0.49867	0.13199	1	0.48571	0.28363	1	0.49219	0.20781	1	0.48235	0.53085	12.29469	1.07805	1	0.74313	0.55242	12.37061	1.08571	1	-0.00410	-0.00859	0.65852	0.00250	1	0.06349	-0.01299	0.68173	0.00417	1	1.45898	0.81042	0	
1264341	8527.16895	3306071286628	0.49186	0.22667	8526.43945	0.72949	11728	1	0.50251	0.13939	1	0.48088	0.37486	1	0.49170	0.25712	1	0.48228	0.53093	12.16235	1.06861	1	0.74326	0.55285	12.53183	1.06861	1	-0.00410	-0.00859	0.65852	0.00247	1	0.06349	-0.01299	0.68173	0.00402	1	1.45898	0.81042	0	
1264342	8527.17578	3306071355627	0.49203	0.22715	8526.43945	0.73633	11728	1	0.51614	0.13652	1	0.47958	0.37273	1	0.49786	0.25462	1	0.48244	0.53078	12.24379	1.05150	1	0.74334	0.55280	12.49694	1.05150	1	-0.00410	-0.00859	0.65852	0.00247	1	0.06349	-0.01299	0.68173	0.00404	1	1.45898	0.81042	0	
1264343	8527.18262	3306071423799	0.49221	0.22773	8526.43945	0.74316	11728	1	0.51716	0.14554	1	0.47956	0.37305	1	0.49836	0.25930	1	0.48241	0.53078	12.19850	1.04242	1	0.74320	0.55274	12.33075	1.05110	1	-0.00411	-0.00873	0.66925	0.00246	1	0.06501	-0.01329	0.69753	0.00401	1	1.45898	0.81042	0	
1264344	8527.18945	3306071492084	0.49241	0.22712	8526.43945	0.75000	11728	1	0.48916	0.13284	1	0.49962	0.31019	1	0.49439	0.22151	1	0.48233	0.53075	12.60080	1.05912	1	0.74361	0.55226	12.43988	1.06780	1	-0.00411	-0.00873	0.66925	0.00248	1	0.06501	-0.01329	0.69753	0.00421	1	1.45898	0.81042	0	
1264345	8527.19629	3306071556681	0.49254	0.22641	8526.43945	0.75684	11728	1	0.49426	0.11467	1	0.48439	0.31856	1	0.48933	0.21662	1	0.48240	0.53081	12.29308	1.07581	1	0.74330	0.55249	12.37582	1.08449	1	-0.00411	-0.00873	0.66925	0.00257	1	0.06501	-0.01329	0.69753	0.00411	1	1.45898	0.81042	0	
1264346	8527.20312	3306071624311	0.49266	0.22555	8526.43945	0.76367	11728	1	0.49217	0.09809	1	0.48475	0.31203	1	0.48846	0.20506	1	0.48253	0.53063	12.02090	1.09251	1	0.74357	0.55225	13.10366	1.09251	1	-0.00411	-0.00873	0.66925	0.00251	1	0.06295	-0.01286	0.67483	0.00417	1	1.45898	0.81042	0	
1264347	8527.20996	3306071691955	0.49257	0.22535	8526.43945	0.77051	11728	1	0.49219	0.09370	1	0.48349	0.33863	1	0.48784	0.21616	1	0.48250	0.53051	12.05128	1.09251	1	0.74332	0.55282	13.58820	1.08383	1	-0.00411	-0.00873	0.66925	0.00251	1	0.06295	-0.01286	0.67483	0.00407	1	1.45898	0.81042	0	
1264348	8527.21680	3306071759352	0.49226	0.22406	8526.43945	0.77734	11728	1	0.50026	0.10348	1	0.49283	0.25603	1	0.49654	0.17976	1	0.48264	0.53075	12.41156	1.08383	1	0.74346	0.55176	12.80633	1.07515	1	-0.00411	-0.00873	0.66925	0.00252	1	0.06295	-0.01286	0.67483	0.00438	1	1.45898	0.81042	0	
1264349	8527.22266	3306071825982	0.49195	0.22281	8526.43945	0.78320	11728	1	0.50130	0.11212	1	0.49237	0.26368	1	0.49684	0.18790	1	0.48262	0.53063	12.42200	1.07515	1	0.74356	0.55246	13.05435	1.06647	1	-0.00411	-0.00873	0.66925	0.00251	1	0.06295	-0.01286	0.67483	0.00402	1	1.45898	0.81042	0	
1264350	8527.22949	3306071892666	0.49162	0.22278	8526.43945	0.79004	11728	1	0.49719	0.09545	1	0.46588	0.36484	1	0.48153	0.23015	1	0.48256	0.53048	12.01053	1.06647	1	0.74349	0.55289	13.36994	1.06647	1	-0.00411	-0.00873	0.66925	0.00249	1	0.06295	-0.01286	0.67483	0.00379	1	1.45898	0.81042	0	
1264351	8527.23633	3306071960044	0.49114	0.22199	8526.43945	0.79688	11728	1	0.50063	0.11653	1	0.47079	0.31179	1	0.48571	0.21416	1	0.48255	0.53063	12.14574	1.06647	1	0.74349	0.55226	12.91702	1.06647	1	-0.00411	-0.00873	0.66925	0.00250	1	0.06295	-0.01286	0.67483	0.00403	1	1.45898	0.81042	0	
1264352	8527.24316	3306072026768	0.49066	0.22126	8526.43945	0.80371	11728	1	0.50063	0.11653	1	0.47079	0.31179	1	0.48571	0.21416	1	0.48264	0.53060	12.04210	1.06647	1	0.74347	0.55298	13.65772	1.06647	1	-0.00411	-0.00868	0.66925	0.00249	1	0.06295	-0.01286	0.67483	0.00387	1	1.45898	0.81042	0	
1264353	8527.25000	3306072094019	0.49052	0.22221	8526.43945	0.81055	11728	1	0.50413	0.14292	1	0.47182	0.34749	1	0.48797	0.24521	1	0.48264	0.53053	12.06163	1.06647	1	0.74352	0.55265	13.21866	1.06647	1	-0.00411	-0.00868	0.66925	0.00249	1	0.06295	-0.01286	0.67483	0.00410	1	1.45898	0.81042	0	
1264354	8527.25684	3306072160405	0.49031	0.22215	8526.43945	0.81738	11728	1	0.50260	0.13414	1	0.47901	0.23795	1	0.49081	0.18604	1	0.48273	0.53046	12.49397	1.06647	1	0.74358	0.55135	12.90746	1.06647	1	-0.00411	-0.00868	0.66925	0.00250	1	0.06295	-0.01286	0.67483	0.00449	1	1.45898	0.81042	0	
1264355	8527.26367	3306072228019	0.49010	0.22224	8526.43945	0.82422	11728	1	0.50260	0.13414	1	0.47870	0.24487	1	0.49065	0.18951	1	0.48279	0.53040	12.31597	1.06647	1	0.74350	0.55208	12.99383	1.05881	1	-0.00411	-0.00868	0.66925	0.00246	1	0.06164	-0.01253	0.66030	0.00419	1	1.45898	0.81042	0	
1264356	8527.26953	3306072295311	0.49006	0.22299	8526.43945	0.83008	11728	1	0.51570	0.14497	1	0.46812	0.37470	1	0.49191	0.25984	1	0.48296	0.53046	12.17293	1.05881	1	0.74352	0.55287	13.41791	1.05115	1	-0.00411	-0.00868	0.66925	0.00250	1	0.06164	-0.01253	0.66030	0.00388	1	1.45898	0.81042	0	
1264357	8527.27637	3306072362450	0.48972	0.22496	8526.43945	0.83691	11728	1	0.52893	0.31749	1	0.46019	0.35789	1	0.49456	0.33769	1	0.48281	0.53237	12.08168	1.05115	1	0.74333	0.55272	13.27715	1.04349	1	-0.00411	-0.00868	0.66925	0.00367	1	0.06164	-0.01253	0.66030	0.00398	1	1.45898	0.81042	0	
1264358	8527.28320	3306072428769	0.48938	0.22691	8526.43945	0.84375	11728	1	0.52971	0.32377	1	0.46019	0.35789	1	0.49495	0.34083	1	0.48304	0.53038	12.26182	1.04349	1	0.74340	0.55308	13.55418	1.04349	1	-0.00411	-0.00873	0.66925	0.00257	1	0.06349	-0.01295	0.67958	0.00395	1	1.45898	0.81042	0	
1264359	8527.29004	3306072494215	0.48900	0.22783	8526.43945	0.85059	11728	1	0.51246	0.15771	1	0.43635	0.38379	1	0.47441	0.27075	1	0.48277	0.53046	12.34185	1.04349	1	0.74326	0.55300	13.37766	1.05115	1	-0.00411	-0.00873	0.66925	0.00248	1	0.06349	-0.01295	0.67958	0.00401	1	1.45898	0.81042	0	
1264360	8527.29590	3306072558632	0.48853	0.22901	8526.43945	0.85645	11728	1	0.50966	0.12695	1	0.44074	0.39845	1	0.47520	0.26270	1	0.48272	0.53022	11.85413	1.05115	1	0.74345	0.55327	13.54200	1.05881	1	-0.00411	-0.00873	0.66925	0.00253	1	0.06349	-0.01295	0.67958	0.00394	1	1.45898	0.81042	0	
1264361	8527.30273	3306072627159	0.48808	0.23051	8526.43945	0.86328	11728	1	0.50970	0.12731	1	0.44074	0.39872	1	0.47522	0.26302	1	0.48285	0.53029	11.71603	1.05079	1	0.74351	0.55280	13.24323	1.05845	1	-0.00405	-0.00865	0.66700	0.00248	1	0.06339	-0.01287	0.67850	0.00397	1	1.45898	0.81042	0	
1264362	8527.30957	3306072695277	0.48827	0.23160	8526.43945	0.87012	11728	1	0.51835	0.13612	1	0.45592	0.40637	1	0.48713	0.27125	1	0.48288	0.53029	12.35360	1.05044	1	0.74367	0.55323	13.36581	1.05044	1	-0.00405	-0.00865	0.66700	0.00247	1	0.06339	-0.01287	0.67850	0.00399	1	1.45898	0.81042	0	
1264363	8527.31641	3306072759954	0.48814	0.23295	8526.43945	0.87695	11728	1	0.52140	0.15303	1	0.46168	0.34976	1	0.49154	0.25140	1	0.48280	0.53027	12.35203	1.04242	1	0.74378	0.55240	12.27418	1.04242	1	-0.00405	-0.00865	0.66700	0.00241	1	0.06339	-0.01287	0.67850	0.00403	1	1.45898	0.81042	0	
1264364	8527.32324	3306072823927	0.48716	0.26080	8526.43945	0.87695	11728	0	0.52140	0.15303	1	0.46168	0.34976	1	0.49154	0.25140	1	0.48290	0.53007	12.12619	1.04242	1	0.74371	0.55243	13.05653	1.04242	1	-0.00411	-0.00863	0.66925	0.00250	1	0.06422	-0.01299	0.68740	0.00403	1	1.45898	0.81042	0	
1264365	8527.33008	3306072894974	0.48796	0.25327	8526.43945	0.87695	11728	0	0.50754	0.12637	1	0.46999	0.36510	1	0.48876	0.24574	1	0.48280	0.53007	12.13771	1.05044	1	0.74390	0.55282	13.65881	1.05044	1	-0.00411	-0.00863	0.66925	0.00253	1	0.06422	-0.01299	0.68740	0.00408	1	1.45898	0.81042	0	
1264366	8527.33691	3306072961254	0.48810	0.25564	8526.43945	0.87695	11728	0	0.51975	0.13509	1	0.45703	0.38565	1	0.48839	0.26037	1	0.48283	0.53018	12.54218	1.05845	1	0.74368	0.55300	13.12114	1.05845	1	-0.00411	-0.00863	0.66925	0.00248	1	0.06422	-0.01299	0.68740	0.00401	1	1.45898	0.81042	0	
1264367	8527.34375	3306073028745	0.48809	0.25506	8527.32324	0.02051	11729	1	0.51889	0.12717	1	0.45720	0.37948	1	0.48804	0.25333	1	0.48283	0.53011	12.24174	1.06647	1	0.74344	0.55320	13.50437	1.06647	1	-0.00417	-0.00870	0.67813	0.00254	1	0.06349	-0.01284	0.67958	0.00400	1	1.45898	0.81042	0	
1264368	8527.34961	3306073095611	0.49293	0.26454	8527.32324	0.02637	11729	1	0.53614	0.29596	1	0.48843	0.30900	1	0.51229	0.30248	1	0.48304	0.53217	11.47965	1.06647	1	0.74424	0.55230	12.08551	1.06647	1	-0.00417	-0.00870	0.67813	0.00383	1	0.06349	-0.01284	0.67958	0.00435	1	1.45898	0.81042	0	
1264369	8527.35645	3306073163019	0.49393	0.25899	8527.32324	0.03320	11729	1	0.51156	0.11119	1	0.48635	0.35131	1	0.49895	0.23125	1	0.48279	0.53010	12.25084	1.06647	1	0.74419	0.55264	12.56406	1.06647	1	-0.00417	-0.00870	0.67813	0.00250	1	0.06349	-0.01284	0.67958	0.00411	1	1.45898	0.81042	0	
1264370	8527.36328	3306073229371	0.49464	0.25337	8527.32324	0.04004	11729	1	0.51053	0.10207	1	0.48719	0.33713	1	0.49886	0.21960	1	0.48285	0.53015	12.24629	1.07556	1	0.74406	0.55277	12.70840	1.08424	1	-0.00435	-0.00912	0.71550	0.00254	1	0.06551	-0.01324	0.70056	0.00405	1	1.45898	0.81042	0	
1264371	8527.37012	3306073298544	0.49536	0.24767	8527.32324	0.04688	11729	1	0.51216	0.08264	1	0.48875	0.33302	1	0.50046	0.20783	1	0.48286	0.53009	12.15652	1.09332	1	0.74416	0.55286	13.29684	1.10200	1	-0.00435	-0.00912	0.71550	0.00247	1	0.06551	-0.01324	0.70056	0.00389	1	1.45898	0.81042	0	
1264372	8527.37695	3306073366161	0.49566	0.24133	8527.32324	0.05371	11729	1	0.50738	0.06552	1	0.48874	0.31563	1	0.49806	0.19057	1	0.48286	0.53008	12.15671	1.11109	1	0.74416	0.55297	13.89718	1.11977	1	-0.00435	-0.00912	0.71550	0.00247	1	0.06551	-0.01324	0.70056	0.00386	1	1.45898	0.81042	0	
1264373	8527.38379	3306073433995	0.49590	0.23620	8527.32324	0.06055	11729	1	0.50730	0.06485	1	0.48877	0.31511	1	0.49804	0.18998	1	0.48289	0.53013	12.28098	1.11175	1	0.74415	0.55278	13.98330	1.12043	1	-0.00400	-0.00840	0.65909	0.00246	1	0.06611	-0.01342	0.70704	0.00389	1	1.45898	0.81042	0	
1264374	8527.39062	3306073500596	0.49559	0.23320	8527.32324	0.06738	11729	1	0.51244	0.07707	1	0.47259	0.32936	1	0.49252	0.20322	1	0.48283	0.53023	12.12996	1.10333	1	0.74389	0.55290	13.96976	1.10333	1	-0.00400	-0.00840	0.65909	0.00244	1	0.06611	-0.01342	0.70704	0.00398	1	1.45898	0.81042	0	
1264375	8527.39746	3306073567881	0.49577	0.23241	8527.32324	0.07422	11729	1	0.51840	0.09267	1	0.47710	0.35481	1	0.49775	0.22374	1	0.48288	0.53013	12.28253	1.08623	1	0.74405	0.55291	13.82431	1.08623	1	-0.00400	-0.00840	0.65909	0.00246	1	0.06611	-0.01342	0.70704	0.00389	1	1.45898	0.81042	0	
1264376	8527.40430	3306073634584	0.49594	0.23262	8527.32324	0.08105	11729	1	0.51937	0.10177	1	0.47642	0.36866	1	0.49790	0.23521	1	0.48285	0.53015	12.24629	1.07714	1	0.74435	0.55267	13.36024	1.06846	1	-0.00411	-0.00879	0.68512	0.00254	1	0.06338	-0.01285	0.67731	0.00387	1	1.45898	0.81042	0	
1264377	8527.41113	3306073701758	0.49733	0.23227	8527.32324	0.08789	11729	1	0.52361	0.10181	1	0.50726	0.35345	1	0.51544	0.22763	1	0.48297	0.53021	12.36870	1.07648	1	0.74455	0.55278	13.19714	1.06780	1	-0.00411	-0.00879	0.68512	0.00258	1	0.06338	-0.01285	0.67731	0.00383	1	1.45898	0.81042	0	
1264378	8527.41699	3306073768428	0.49652	0.23243	8527.32324	0.09375	11729	1	0.49387	0.10722	1	0.47659	0.36206	1	0.48523	0.23464	1	0.48289	0.53025	11.99462	1.07581	1	0.74403	0.55288	14.01606	1.06713	1	-0.00411	-0.00879	0.68512	0.00247	1	0.06338	-0.01285	0.67731	0.00391	1	1.45898	0.81042	0	
1264379	8527.42383	3306073835629	0.49582	0.23260	8527.32324	0.10059	11729	1	0.49395	0.10788	1	0.47656	0.36258	1	0.48526	0.23523	1	0.48289	0.53025	11.99462	1.07515	1	0.74400	0.55295	14.09248	1.06647	1	-0.00406	-0.00873	0.67713	0.00247	1	0.06338	-0.01290	0.67731	0.00387	1	1.45898	0.81042	0	
1264380	8527.43066	3306073902506	0.49617	0.23196	8527.32324	0.10742	11729	1	0.50129	0.13028	1	0.50233	0.31316	1	0.50181	0.22172	1	0.48294	0.53026	11.88965	1.06647	1	0.74433	0.55242	13.21084	1.06647	1	-0.00406	-0.00873	0.67713	0.00250	1	0.06338	-0.01290	0.67731	0.00388	1	1.45898	0.81042	0	
1264381	8527.43750	3306073969639	0.49668	0.23178	8527.32324	0.11426	11729	1	0.50136	0.11836	1	0.50920	0.33894	1	0.50528	0.22865	1	0.48299	0.53028	11.93348	1.06647	1	0.74454	0.55271	13.18089	1.06647	1	-0.00406	-0.00873	0.67713	0.00252	1	0.06338	-0.01290	0.67731	0.00382	1	1.45898	0.81042	0	
1264382	8527.44434	3306074036646	0.49713	0.23161	8527.32324	0.12109	11729	1	0.50136	0.11836	1	0.50920	0.33894	1	0.50528	0.22865	1	0.48300	0.53029	12.28065	1.06647	1	0.74450	0.55291	13.27597	1.06647	1	-0.00411	-0.00863	0.66925	0.00250	1	0.06338	-0.01290	0.67731	0.00376	1	1.45898	0.81042	0	
1264383	8527.45020	3306074101422	0.49803	0.23221	8527.32324	0.12695	11729	1	0.51965	0.12094	1	0.51067	0.36614	1	0.51516	0.24354	1	0.48289	0.53030	12.18911	1.06647	1	0.74456	0.55288	13.18444	1.06647	1	-0.00411	-0.00863	0.66925	0.00249	1	0.06338	-0.01290	0.67731	0.00379	1	1.45898	0.81042	0	
1264384	8527.45703	3306074166357	0.49884	0.23214	8527.32324	0.13379	11729	1	0.52315	0.11936	1	0.50676	0.34225	1	0.51495	0.23081	1	0.48298	0.53022	12.51047	1.06647	1	0.74448	0.55272	13.05219	1.06647	1	-0.00411	-0.00863	0.66925	0.00247	1	0.06338	-0.01290	0.67731	0.00376	1	1.45898	0.81042	0	
1264385	8527.46387	3306074237582	0.49957	0.23208	8527.32324	0.14062	11729	1	0.52315	0.11936	1	0.50676	0.34225	1	0.51495	0.23081	1	0.48293	0.53195	11.31147	1.06647	1	0.74437	0.55276	13.01780	1.06647	1	-0.00411	-0.00868	0.66925	0.00377	1	0.06338	-0.01290	0.67731	0.00383	1	1.45898	0.81042	0	
1264386	8527.47070	3306074304912	0.49991	0.23299	8527.32324	0.14746	11729	1	0.52398	0.12663	1	0.49076	0.37937	1	0.50737	0.25300	1	0.48289	0.53037	12.43671	1.06647	1	0.74428	0.55313	13.32617	1.06647	1	-0.00411	-0.00868	0.66925	0.00247	1	0.06338	-0.01290	0.67731	0.00384	1	1.45898	0.81042	0	
1264387	8527.47754	3306074371459	0.50010	0.23358	8527.32324	0.15430	11729	1	0.52313	0.14479	1	0.48602	0.34946	1	0.50457	0.24712	1	0.48291	0.53041	12.45519	1.06647	1	0.74419	0.55295	13.45741	1.06647	1	-0.00411	-0.00868	0.66925	0.00256	1	0.06338	-0.01290	0.67731	0.00386	1	1.45898	0.81042	0	
1264388	8527.48438	3306074438506	0.50029	0.23398	8527.32324	0.16113	11729	1	0.52313	0.14479	1	0.48642	0.34251	1	0.50478	0.24365	1	0.48270	0.53062	12.43364	1.06647	1	0.74412	0.55301	13.32820	1.07515	1	-0.00411	-0.00873	0.66925	0.00258	1	0.06551	-0.01335	0.70056	0.00384	1	1.45898	0.81042	0	
1264389	8527.49121	3306074505538	0.50024	0.23403	8527.32324	0.16797	11729	1	0.50691	0.13261	1	0.49115	0.33757	1	0.49903	0.23509	1	0.48268	0.53047	12.49667	1.07515	1	0.74420	0.55295	13.59352	1.08383	1	-0.00411	-0.00873	0.66925	0.00242	1	0.06551	-0.01335	0.70056	0.00384	1	1.45898	0.81042	0	
1264390	8527.49707	3306074570244	0.50028	0.23322	8527.32324	0.17383	11729	1	0.51224	0.07875	1	0.49053	0.34566	1	0.50138	0.21221	1	0.48272	0.53048	12.12342	1.08383	1	0.74424	0.55300	13.13851	1.09251	1	-0.00411	-0.00873	0.66925	0.00253	1	0.06551	-0.01335	0.70056	0.00381	1	1.45898	0.81042	0	
1264391	8527.50391	3306074638898	0.50031	0.23219	8527.32324	0.18066	11729	1	0.51128	0.06992	1	0.49096	0.33885	1	0.50112	0.20438	1	0.48274	0.53054	11.99844	1.09251	1	0.74434	0.55290	12.83772	1.10119	1	-0.00411	-0.00873	0.66925	0.00252	1	0.06551	-0.01335	0.70056	0.00380	1	1.45898	0.81042	0	
1264392	8527.51074	3306074706535	0.50046	0.23082	8527.32324	0.18750	11729	1	0.50588	0.13174	1	0.50331	0.25338	1	0.50459	0.19256	1	0.48271	0.53066	12.22321	1.10119	1	0.74439	0.55194	12.94144	1.10119	1	-0.00411	-0.00873	0.66925	0.00252	1	0.06551	-0.01335	0.70056	0.00433	1	1.45898	0.81042	0	
1264393	8527.51758	3306074770786	0.50020	0.22981	8527.32324	0.19434	11729	1	0.50710	0.08073	1	0.47788	0.32003	1	0.49249	0.20038	1	0.48268	0.53059	12.00052	1.10119	1	0.74399	0.55275	13.32244	1.10119	1	-0.00411	-0.00873	0.66925	0.00248	1	0.06551	-0.01335	0.70056	0.00394	1	1.45898	0.81042	0	
1264394	8527.52441	3306074839380	0.49994	0.22897	8527.32324	0.20117	11729	1	0.50710	0.08073	1	0.47755	0.32698	1	0.49232	0.20386	1	0.48270	0.53064	12.05353	1.10119	1	0.74391	0.55325	14.13123	1.09251	1	-0.00411	-0.00873	0.66925	0.00244	1	0.06349	-0.01295	0.67958	0.00390	1	1.45898	0.81042	0	
1264395	8527.53125	3306074907310	0.49982	0.22961	8527.32324	0.20801	11729	1	0.50821	0.08656	1	0.48398	0.41244	1	0.49609	0.24950	1	0.48272	0.53061	12.21552	1.09251	1	0.74417	0.55359	13.74394	1.08383	1	-0.00411	-0.00873	0.66925	0.00246	1	0.06349	-0.01295	0.67958	0.00403	1	1.45898	0.81042	0	
1264396	8527.53809	3306074973148	0.49955	0.22987	8527.32324	0.21484	11729	1	0.50760	0.10004	1	0.47434	0.37651	1	0.49097	0.23828	1	0.48286	0.53067	12.14446	1.08383	1	0.74396	0.55310	13.47046	1.07515	1	-0.00411	-0.00873	0.66925	0.00246	1	0.06349	-0.01295	0.67958	0.00395	1	1.45898	0.81042	0	
1264397	8527.54492	3306075042036	0.49931	0.23035	8527.32324	0.22168	11729	1	0.50859	0.10871	1	0.47402	0.38317	1	0.49131	0.24594	1	0.48271	0.53064	12.44083	1.07515	1	0.74419	0.55288	13.04075	1.06647	1	-0.00411	-0.00873	0.66925	0.00249	1	0.06349	-0.01295	0.67958	0.00381	1	1.45898	0.81042	0	
1264398	8527.55176	3306075108522	0.49891	0.23141	8527.32324	0.22852	11729	1	0.50751	0.12553	1	0.46282	0.40970	1	0.48516	0.26762	1	0.48273	0.53081	12.27893	1.06647	1	0.74382	0.55344	13.37023	1.06647	1	-0.00411	-0.00873	0.66925	0.00251	1	0.06349	-0.01295	0.67958	0.00392	1	1.45898	0.81042	0	
1264399	8527.55762	3306075174872	0.49844	0.23153	8527.32324	0.23438	11729	1	0.51154	0.13174	1	0.45277	0.33956	1	0.48215	0.23565	1	0.48273	0.53078	12.31771	1.06647	1	0.74360	0.55256	12.93223	1.06647	1	-0.00411	-0.00873	0.66925	0.00252	1	0.06349	-0.01295	0.67958	0.00432	1	1.45898	0.81042	0	
1264400	8527.56445	3306075242185	0.49800	0.23155	8527.32324	0.24121	11729	1	0.51154	0.13174	1	0.45291	0.33256	1	0.48222	0.23215	1	0.48279	0.53265	12.51594	1.06647	1	0.74419	0.55272	12.43056	1.07515	1	-0.00411	-0.00873	0.66925	0.00361	1	0.06551	-0.01335	0.70056	0.00444	1	1.45898	0.81042	0	
1264401	8527.57129	3306075308751	0.49827	0.23397	8527.32324	0.24805	11729	1	0.51507	0.27093	1	0.50090	0.37653	1	0.50799	0.32373	1	0.48280	0.53271	12.33300	1.07515	1	0.74446	0.55322	13.09894	1.08383	1	-0.00411	-0.00873	0.66925	0.00361	1	0.06551	-0.01335	0.70056	0.00386	1	1.45898	0.81042	0	
1264402	8527.57812	3306075375625	0.49839	0.23590	8527.32324	0.25488	11729	1	0.53903	0.29864	1	0.46695	0.31978	1	0.50299	0.30921	1	0.48312	0.53292	12.99954	1.08383	1	0.74386	0.55244	12.92746	1.09251	1	-0.00411	-0.00873	0.66925	0.00364	1	0.06551	-0.01335	0.70056	0.00417	1	1.45898	0.81042	0	
1264403	8527.58496	3306075443712	0.49849	0.23764	8527.32324	0.26172	11729	1	0.53824	0.29159	1	0.46695	0.31978	1	0.50260	0.30568	1	0.48283	0.53065	12.29184	1.09251	1	0.74430	0.55276	13.44114	1.09251	1	-0.00411	-0.00873	0.66925	0.00261	1	0.06338	-0.01290	0.67731	0.00405	1	1.45898	0.81042	0	
1264404	8527.59180	3306075510190	0.49857	0.23690	8527.32324	0.26855	11729	1	0.51497	0.08543	1	0.48808	0.32897	1	0.50153	0.20720	1	0.48292	0.53065	12.43808	1.09251	1	0.74416	0.55269	13.33317	1.08383	1	-0.00411	-0.00873	0.66925	0.00256	1	0.06338	-0.01290	0.67731	0.00401	1	1.45898	0.81042	0	
1264405	8527.59863	3306075577827	0.49864	0.23688	8527.32324	0.27539	11729	1	0.50293	0.08966	1	0.50052	0.38227	1	0.50173	0.23597	1	0.48278	0.53064	12.18257	1.08383	1	0.74441	0.55320	13.47816	1.07515	1	-0.00411	-0.00873	0.66925	0.00250	1	0.06338	-0.01290	0.67731	0.00377	1	1.45898	0.81042	0	
1264406	8527.60449	3306075643935	0.49872	0.23696	8527.32324	0.28125	11729	1	0.50396	0.09841	1	0.50052	0.38227	1	0.50224	0.24034	1	0.48288	0.53071	12.37310	1.07515	1	0.74431	0.55236	13.08400	1.07515	1	-0.00411	-0.00873	0.66925	0.00257	1	0.06551	-0.01335	0.70056	0.00407	1	1.45898	0.81042	0	
1264407	8527.61133	3306075710841	0.49891	0.23847	8527.32324	0.28809	11729	1	0.51774	0.27192	1	0.49592	0.33460	1	0.50683	0.30326	1	0.48270	0.53264	12.27209	1.07515	1	0.74428	0.55263	12.90097	1.08383	1	-0.00411	-0.00873	0.66925	0.00355	1	0.06551	-0.01335	0.70056	0.00421	1	1.45898	0.81042	0	
1264408	8527.61816	3306075778798	0.49906	0.23778	8527.32324	0.29492	11729	1	0.51545	0.11892	1	0.49615	0.29616	1	0.50580	0.20754	1	0.48283	0.53077	12.31959	1.08383	1	0.74428	0.55229	13.00176	1.09251	1	-0.00411	-0.00873	0.66925	0.00254	1	0.06551	-0.01335	0.70056	0.00438	1	1.45898	0.81042	0	
1264409	8527.62500	3306075844674	0.49920	0.23695	8527.32324	0.30176	11729	1	0.51451	0.11042	1	0.49662	0.28895	1	0.50557	0.19968	1	0.48291	0.53075	12.34387	1.09251	1	0.74433	0.55324	12.99078	1.10119	1	-0.00411	-0.00873	0.66925	0.00249	1	0.06551	-0.01335	0.70056	0.00403	1	1.45898	0.81042	0	
1264410	8527.63184	3306075910402	0.49921	0.23668	8527.32324	0.30859	11729	1	0.52027	0.08956	1	0.47904	0.35920	1	0.49965	0.22438	1	0.48294	0.53068	12.45789	1.10119	1	0.74402	0.55300	13.35172	1.10119	1	-0.00411	-0.00873	0.66925	0.00252	1	0.06551	-0.01335	0.70056	0.00423	1	1.45898	0.81042	0	
1264411	8527.63867	3306075978932	0.49893	0.23601	8527.32324	0.31543	11729	1	0.48483	0.09341	1	0.48602	0.31504	1	0.48543	0.20423	1	0.48286	0.53084	11.94395	1.10119	1	0.74408	0.55259	13.23667	1.10119	1	-0.00411	-0.00873	0.66925	0.00253	1	0.06551	-0.01335	0.70056	0.00447	1	1.45898	0.81042	0	
1264412	8527.64551	3306076045573	0.49889	0.23490	8527.32324	0.32227	11729	1	0.48483	0.09341	1	0.48563	0.32203	1	0.48523	0.20772	1	0.48294	0.53082	12.34110	1.10119	1	0.74419	0.55243	12.92391	1.09251	1	-0.00406	-0.00884	0.67712	0.00248	1	0.06338	-0.01290	0.67731	0.00444	1	1.45898	0.81042	0	
1264413	8527.65137	3306076112842	0.49897	0.23403	8527.32324	0.32812	11729	1	0.49295	0.10519	1	0.49253	0.30217	1	0.49274	0.20368	1	0.48289	0.53075	12.53868	1.09251	1	0.74426	0.55210	12.91339	1.08383	1	-0.00406	-0.00884	0.67712	0.00251	1	0.06338	-0.01290	0.67731	0.00453	1	1.45898	0.81042	0	
1264414	8527.65820	3306076181109	0.49897	0.23366	8527.32324	0.33496	11729	1	0.49332	0.11941	1	0.48389	0.36657	1	0.48861	0.24299	1	0.48289	0.53076	12.60348	1.08383	1	0.74410	0.55300	13.09568	1.07515	1	-0.00406	-0.00884	0.67712	0.00247	1	0.06338	-0.01290	0.67731	0.00414	1	1.45898	0.81042	0	
1264415	8527.66504	3306076246901	0.49899	0.23361	8527.32324	0.34180	11729	1	0.49441	0.12792	1	0.48351	0.37332	1	0.48896	0.25062	1	0.48292	0.53062	12.79015	1.07515	1	0.74412	0.55253	12.88822	1.06647	1	-0.00406	-0.00884	0.67712	0.00247	1	0.06338	-0.01290	0.67731	0.00443	1	1.45898	0.81042	0	
1264416	8527.67188	3306076313791	0.49862	0.23227	8527.32324	0.34863	11729	1	0.50096	0.12689	1	0.48823	0.34931	1	0.49460	0.23810	1	0.48295	0.53065	12.83023	1.06647	1	0.74412	0.55253	12.88822	1.06647	1	-0.00406	-0.00884	0.67712	0.00249	1	0.06338	-0.01290	0.67731	0.00443	1	1.45898	0.81042	0	
1264417	8527.67871	3306076379465	0.49864	0.23145	8527.32324	0.35547	11729	1	0.50724	0.10865	1	0.49251	0.27532	1	0.49987	0.19198	1	0.48303	0.53055	12.71613	1.06647	1	0.74418	0.55207	12.80746	1.06647	1	-0.00406	-0.00884	0.67712	0.00247	1	0.06338	-0.01290	0.67731	0.00456	1	1.45898	0.81042	0	
1264418	8527.68555	3306076450196	0.49866	0.23094	8527.32324	0.36230	11729	1	0.50724	0.10865	1	0.49210	0.28198	1	0.49967	0.19532	1	0.48295	0.53063	12.72286	1.06647	1	0.74411	0.55244	12.81898	1.05881	1	-0.00406	-0.00884	0.67712	0.00250	1	0.06183	-0.01263	0.66022	0.00447	1	1.45898	0.81042	0	
1264419	8527.69238	3306076515732	0.49832	0.23076	8527.32324	0.36914	11729	1	0.50280	0.13595	1	0.46527	0.26227	1	0.48404	0.19911	1	0.48299	0.53075	12.46437	1.05881	1	0.74413	0.55261	12.85487	1.05115	1	-0.00406	-0.00884	0.67712	0.00254	1	0.06183	-0.01263	0.66022	0.00447	1	1.45898	0.81042	0	
1264420	8527.69824	3306076581772	0.49811	0.23171	8527.32324	0.37500	11729	1	0.51266	0.15349	1	0.46346	0.31848	1	0.48806	0.23599	1	0.48308	0.53084	12.23416	1.05115	1	0.74413	0.55261	12.85487	1.04349	1	-0.00406	-0.00884	0.67712	0.00249	1	0.06183	-0.01263	0.66022	0.00447	1	1.45898	0.81042	0	
1264421	8527.70508	3306076646113	0.49792	0.23296	8527.32324	0.38184	11729	1	0.51445	0.16881	1	0.46303	0.33173	1	0.48874	0.25027	1	0.48333	0.53085	12.38652	1.03547	1	0.74441	0.55283	13.01146	1.02782	1	-0.00394	-0.00869	0.66596	0.00256	1	0.06183	-0.01263	0.66022	0.00428	1	1.45898	0.81042	0	
1264422	8527.71191	3306076715734	0.49761	0.23379	8527.32324	0.38867	11729	1	0.50093	0.17511	1	0.45454	0.31068	1	0.47773	0.24289	1	0.48322	0.53080	12.21679	1.01980	1	0.74445	0.55280	12.81703	1.01980	1	-0.00394	-0.00869	0.66596	0.00257	1	0.06183	-0.01263	0.66022	0.00425	1	1.45898	0.81042	0	
1264423	8527.71875	3306076779522	0.49709	0.23499	8527.32324	0.39551	11729	1	0.49871	0.17678	1	0.44729	0.38568	1	0.47300	0.28123	1	0.48331	0.53075	12.30147	1.01178	1	0.74433	0.55318	12.99972	1.01178	1	-0.00394	-0.00869	0.66596	0.00251	1	0.06183	-0.01263	0.66022	0.00422	1	1.45898	0.81042	0	
1264424	8527.72559	3306076846594	0.49657	0.23588	8527.32324	0.40234	11729	1	0.49871	0.17678	1	0.44739	0.37952	1	0.47305	0.27815	1	0.48329	0.53085	12.31179	1.01178	1	0.74444	0.55323	12.77024	1.01944	1	-0.00399	-0.00891	0.68243	0.00249	1	0.06393	-0.01305	0.68212	0.00429	1	1.45898	0.81042	0	
1264425	8527.73145	3306076914393	0.49601	0.23639	8527.32324	0.40820	11729	1	0.51442	0.17449	1	0.46220	0.32975	1	0.48831	0.25212	1	0.48345	0.53086	12.28201	1.02746	1	0.74458	0.55319	12.57146	1.03512	1	-0.00399	-0.00891	0.68243	0.00256	1	0.06393	-0.01305	0.68212	0.00426	1	1.45898	0.81042	0	
1264426	8527.73828	3306076982492	0.49589	0.23668	8527.32324	0.41504	11729	1	0.50315	0.15559	1	0.45574	0.34160	1	0.47945	0.24860	1	0.48338	0.53088	12.23050	1.04313	1	0.74440	0.55345	12.96483	1.05079	1	-0.00399	-0.00891	0.68243	0.00247	1	0.06393	-0.01305	0.68212	0.00420	1	1.45898	0.81042	0	
1264427	8527.74512	3306077051203	0.49575	0.23667	8527.32324	0.42188	11729	1	0.50123	0.14017	1	0.45605	0.32880	1	0.47864	0.23448	1	0.48353	0.53082	12.25422	1.05881	1	0.74473	0.55362	13.12292	1.06647	1	-0.00399	-0.00891	0.68243	0.00251	1	0.06393	-0.01305	0.68212	0.00416	1	1.45898	0.81042	0	
1264428	8527.75195	3306077116058	0.49586	0.23688	8527.32324	0.42871	11729	1	0.51601	0.13118	1	0.49790	0.33272	1	0.50696	0.23195	1	0.48355	0.53081	12.27806	1.06647	1	0.74509	0.55305	12.56990	1.06647	1	-0.00399	-0.00891	0.68243	0.00250	1	0.06393	-0.01305	0.68212	0.00409	1	1.45898	0.81042	0	
1264429	8527.75879	3306077180242	0.49603	0.23864	8527.32324	0.43555	11729	1	0.53241	0.31734	1	0.49496	0.30913	1	0.51368	0.31323	1	0.48375	0.53285	12.81679	1.06647	1	0.74511	0.55313	12.57882	1.06647	1	-0.00399	-0.00891	0.68243	0.00354	1	0.06393	-0.01305	0.68212	0.00405	1	1.45898	0.81042	0	
1264430	8527.76562	3306077246791	0.49621	0.24040	8527.32324	0.44238	11729	1	0.53241	0.31734	1	0.49496	0.30913	1	0.51368	0.31323	1	0.48361	0.53078	12.65206	1.06647	1	0.74514	0.55350	13.32091	1.06647	1	-0.00399	-0.00891	0.68243	0.00249	1	0.06291	-0.01282	0.67009	0.00402	1	1.45898	0.81042	0	
1264431	8527.77246	3306077318508	0.49598	0.24068	8527.32324	0.44922	11729	1	0.51423	0.12886	1	0.49404	0.38451	1	0.50413	0.25668	1	0.48361	0.53077	12.30173	1.06647	1	0.74505	0.55357	13.67802	1.06647	1	-0.00399	-0.00891	0.68243	0.00255	1	0.06291	-0.01282	0.67009	0.00399	1	1.45898	0.81042	0	
1264432	8527.77930	3306077385290	0.49581	0.24013	8527.32324	0.45605	11729	1	0.50716	0.11500	1	0.50618	0.29436	1	0.50667	0.20468	1	0.48350	0.53072	12.26778	1.06647	1	0.74520	0.55333	13.24947	1.06647	1	-0.00399	-0.00891	0.68243	0.00246	1	0.06291	-0.01282	0.67009	0.00406	1	1.45898	0.81042	0	
1264433	8527.78613	3306077453037	0.49563	0.23959	8527.32324	0.46289	11729	1	0.50716	0.11500	1	0.50618	0.29436	1	0.50667	0.20468	1	0.48373	0.53057	12.29884	1.06647	1	0.74510	0.55316	13.20597	1.06647	1	-0.00382	-0.00876	0.67118	0.00244	1	0.06291	-0.01282	0.67009	0.00404	1	1.45898	0.81042	0	
1264434	8527.79199	3306077519622	0.49531	0.23891	8527.32324	0.46875	11729	1	0.50171	0.12338	1	0.48181	0.31745	1	0.49176	0.22041	1	0.48382	0.53064	12.54456	1.06647	1	0.74490	0.55319	13.33748	1.06647	1	-0.00382	-0.00876	0.67118	0.00245	1	0.06291	-0.01282	0.67009	0.00408	1	1.45898	0.81042	0	
1264435	8527.79883	3306077587468	0.49533	0.23791	8527.32324	0.47559	11729	1	0.50770	0.11579	1	0.50337	0.28220	1	0.50554	0.19900	1	0.48386	0.53066	12.52483	1.06647	1	0.74514	0.55299	13.12404	1.06647	1	-0.00382	-0.00876	0.67118	0.00239	1	0.06291	-0.01282	0.67009	0.00408	1	1.45898	0.81042	0	
1264436	8527.80566	3306077653235	0.49534	0.23698	8527.32324	0.48242	11729	1	0.50770	0.11579	1	0.50337	0.28220	1	0.50554	0.19900	1	0.48378	0.53063	12.60956	1.06647	1	0.74493	0.55316	12.78831	1.06647	1	-0.00382	-0.00876	0.67118	0.00249	1	0.06291	-0.01282	0.67009	0.00435	1	1.45898	0.81042	0	
1264437	8527.81250	3306077721367	0.49477	0.23638	8527.32324	0.48926	11729	1	0.48147	0.16412	1	0.46178	0.24847	1	0.47162	0.20629	1	0.48384	0.53060	12.57674	1.06647	1	0.74489	0.55244	12.81898	1.06647	1	-0.00382	-0.00876	0.67118	0.00247	1	0.06291	-0.01282	0.67009	0.00447	1	1.45898	0.81042	0	
1264438	8527.81934	3306077788258	0.49422	0.23728	8527.32324	0.49609	11729	1	0.48802	0.16819	1	0.46120	0.34331	1	0.47461	0.25575	1	0.48384	0.53060	12.57674	1.06647	1	0.74495	0.55323	13.15870	1.06647	1	-0.00382	-0.00876	0.67118	0.00247	1	0.06291	-0.01282	0.67009	0.00407	1	1.45898	0.81042	0	
1264439	8527.82617	3306077854367	0.49365	0.23825	8527.32324	0.50293	11729	1	0.48682	0.15955	1	0.46124	0.34216	1	0.47403	0.25085	1	0.48397	0.53054	12.19868	1.07556	1	0.74505	0.55268	12.93443	1.06790	1	-0.00402	-0.00933	0.71458	0.00245	1	0.06183	-0.01254	0.65813	0.00422	1	1.45898	0.81042	0	
1264440	8527.83301	3306077921472	0.49320	0.23800	8527.32324	0.50977	11729	1	0.49123	0.13586	1	0.47460	0.22533	1	0.48292	0.18059	1	0.48395	0.53042	12.27328	1.07698	1	0.74503	0.55239	12.79431	1.06932	1	-0.00402	-0.00933	0.71458	0.00250	1	0.06183	-0.01254	0.65813	0.00439	1	1.45898	0.81042	0	
1264441	8527.83887	3306077988386	0.49289	0.23872	8527.32324	0.51562	11729	1	0.48633	0.13738	1	0.46847	0.33213	1	0.47740	0.23476	1	0.48400	0.53046	12.56146	1.07841	1	0.74506	0.55257	12.71364	1.07075	1	-0.00402	-0.00933	0.71458	0.00243	1	0.06183	-0.01254	0.65813	0.00428	1	1.45898	0.81042	0	
1264442	8527.84570	3306078056641	0.49258	0.23951	8527.32324	0.52246	11729	1	0.48734	0.14481	1	0.46824	0.33834	1	0.47779	0.24158	1	0.48398	0.53037	12.23156	1.07075	1	0.74495	0.55302	13.00996	1.06309	1	-0.00380	-0.00894	0.68504	0.00247	1	0.06183	-0.01254	0.65813	0.00420	1	1.45898	0.81042	0	
1264443	8527.85254	3306078122501	0.49236	0.24005	8527.32324	0.52930	11729	1	0.49733	0.16093	1	0.47318	0.39032	1	0.48525	0.27562	1	0.48401	0.53044	12.70462	1.05400	1	0.74512	0.55317	13.00842	1.05400	1	-0.00380	-0.00894	0.68504	0.00248	1	0.06183	-0.01254	0.65813	0.00406	1	1.45898	0.81042	0	
1264444	8527.85938	3306078190123	0.49210	0.24003	8527.32324	0.53613	11729	1	0.49807	0.15718	1	0.45906	0.31765	1	0.47856	0.23741	1	0.48411	0.53038	12.21542	1.04492	1	0.74522	0.55235	12.71891	1.04492	1	-0.00380	-0.00894	0.68504	0.00252	1	0.06183	-0.01254	0.65813	0.00399	1	1.45898	0.81042	0	
1264445	8527.86621	3306078256207	0.49184	0.24003	8527.32324	0.54297	11729	1	0.49922	0.16609	1	0.45885	0.32532	1	0.47903	0.24571	1	0.48411	0.53038	12.21542	1.03583	1	0.74502	0.55309	13.15439	1.03583	1	-0.00380	-0.00884	0.68504	0.00252	1	0.06183	-0.01254	0.65813	0.00421	1	1.45898	0.81042	0	
1264446	8527.87305	3306078323078	0.49172	0.24014	8527.32324	0.54980	11729	1	0.50955	0.16244	1	0.44899	0.38339	1	0.47927	0.27291	1	0.48408	0.53040	12.32519	1.03583	1	0.74518	0.55281	12.99948	1.03583	1	-0.00380	-0.00884	0.68504	0.00251	1	0.06183	-0.01254	0.65813	0.00421	1	1.45898	0.81042	0	
1264447	8527.87988	3306078391177	0.49172	0.24063	8527.32324	0.55664	11729	1	0.51431	0.17337	1	0.44988	0.34552	1	0.48209	0.25944	1	0.48412	0.53044	12.42494	1.03583	1	0.74516	0.55285	13.11693	1.03583	1	-0.00380	-0.00884	0.68504	0.00251	1	0.06183	-0.01254	0.65813	0.00420	1	1.45898	0.81042	0	
1264448	8527.88672	3306078458037	0.49172	0.24120	8527.32324	0.56348	11729	1	0.51431	0.17337	1	0.44988	0.34552	1	0.48209	0.25944	1	0.48412	0.53044	12.42494	1.03583	1	0.74529	0.55240	12.75271	1.03583	1	-0.00382	-0.00892	0.68777	0.00251	1	0.06183	-0.01254	0.65813	0.00436	1	1.45898	0.81042	0	
1264449	8527.89258	3306078524560	0.49149	0.24250	8527.32324	0.56934	11729	1	0.53187	0.34450	1	0.46224	0.42786	1	0.49706	0.38618	1	0.48438	0.53238	12.37816	1.03583	1	0.74536	0.55321	13.53074	1.03583	1	-0.00382	-0.00892	0.68777	0.00376	1	0.06183	-0.01254	0.65813	0.00398	1	1.45898	0.81042	0	
1264450	8527.89941	3306078592369	0.49118	0.24115	8527.32324	0.57617	11729	1	0.50360	0.16741	1	0.47319	0.32107	1	0.48839	0.24424	1	0.48419	0.53038	12.39537	1.03583	1	0.74551	0.55252	13.15363	1.03583	1	-0.00382	-0.00892	0.68777	0.00250	1	0.06183	-0.01254	0.65813	0.00421	1	1.45898	0.81042	0	
1264451	8527.90625	3306078657881	0.49089	0.23987	8527.32324	0.58301	11729	1	0.50360	0.16741	1	0.47319	0.32107	1	0.48839	0.24424	1	0.48416	0.53031	12.16590	1.03583	1	0.74518	0.55289	13.03984	1.03583	1	-0.00382	-0.00892	0.68777	0.00251	1	0.06183	-0.01254	0.65813	0.00428	1	1.45898	0.81042	0	
1264452	8527.91309	3306078725217	0.48344	0.26720	8527.32324	0.58301	11729	0	0.50653	0.16178	1	0.46526	0.44792	1	0.48589	0.30485	1	0.48411	0.53044	12.55721	1.03583	1	0.74544	0.55362	13.21121	1.03583	1	-0.00382	-0.00892	0.68777	0.00249	1	0.06183	-0.01254	0.65813	0.00412	1	1.45898	0.81042	0	
1264453	8527.91895	3306078787415	0.47924	0.25494	8527.32324	0.58301	11729	0	0.50173	0.15910	1	0.44837	0.32626	1	0.47505	0.24268	1	0.48420	0.53029	12.03051	1.03583	1	0.74512	0.55323	13.09633	1.03583	1	-0.00382	-0.00892	0.68777	0.00259	1	0.06183	-0.01254	0.65813	0.00433	1	1.45898	0.81042	0	
1264454	8527.92676	3306078859211	0.47785	0.25085	8527.32324	0.58301	11729	0	0.50173	0.15910	1	0.44837	0.32626	1	0.47505	0.24268	1	0.48406	0.53026	12.00954	1.03583	1	0.74505	0.55310	13.12621	1.03583	1	-0.00380	-0.00884	0.68504	0.00253	1	0.06183	-0.01259	0.65813	0.00428	1	1.45898	0.81042	0	
1264455	8527.93262	3306078926180	0.47940	0.25832	8527.91309	0.01953	11730	1	0.50456	0.17005	1	0.46357	0.39140	1	0.48407	0.28072	1	0.48419	0.53051	12.71337	1.03583	1	0.74534	0.55290	13.04627	1.03583	1	-0.00380	-0.00884	0.68504	0.00251	1	0.06183	-0.01259	0.65813	0.00411	1	1.45898	0.81042	0	
1264456	8527.93945	3306078993164	0.47753	0.25931	8527.91309	0.02637	11730	1	0.49789	0.17752	1	0.44218	0.34899	1	0.47004	0.26326	1	0.48400	0.53045	12.57499	1.03583	1	0.74504	0.55256	13.04032	1.03583	1	-0.00380	-0.00884	0.68504	0.00248	1	0.06183	-0.01259	0.65813	0.00409	1	1.45898	0.81042	0	
1264457	8527.94629	3306079059384	0.47628	0.25997	8527.91309	0.03320	11730	1	0.49789	0.17752	1	0.44218	0.34899	1	0.47004	0.26326	1	0.48399	0.53034	12.44535	1.03583	1	0.74508	0.55270	13.03863	1.03583	1	-0.00380	-0.00884	0.68504	0.00249	1	0.06183	-0.01254	0.65813	0.00423	1	1.45898	0.81042	0	
1264458	8527.95312	3306079126963	0.47615	0.26076	8527.91309	0.04004	11730	1	0.50078	0.15427	1	0.44992	0.37677	1	0.47535	0.26552	1	0.48409	0.53025	12.40144	1.03583	1	0.74511	0.55280	12.97714	1.03583	1	-0.00380	-0.00884	0.68504	0.00247	1	0.06183	-0.01254	0.65813	0.00431	1	1.45898	0.81042	0	
1264459	8527.95996	3306079194093	0.47657	0.26115	8527.91309	0.04688	11730	1	0.50289	0.16644	1	0.45617	0.36140	1	0.47953	0.26392	1	0.48408	0.53031	12.38440	1.03583	1	0.74522	0.55246	12.97973	1.03583	1	-0.00380	-0.00884	0.68504	0.00245	1	0.06183	-0.01254	0.65813	0.00438	1	1.45898	0.81042	0	
1264460	8527.96680	3306079262383	0.47690	0.26146	8527.91309	0.05371	11730	1	0.50289	0.16644	1	0.45617	0.36140	1	0.47953	0.26392	1	0.48401	0.53011	12.28779	1.03583	1	0.74510	0.55243	13.06670	1.03583	1	-0.00382	-0.00892	0.68777	0.00245	1	0.06183	-0.01254	0.65813	0.00426	1	1.45898	0.81042	0	
1264461	8527.97363	3306079329338	0.47634	0.26314	8527.91309	0.06055	11730	1	0.50354	0.13582	1	0.43916	0.42059	1	0.47135	0.27821	1	0.48404	0.53008	12.31719	1.03583	1	0.74497	0.55330	13.48298	1.03583	1	-0.00382	-0.00892	0.68777	0.00244	1	0.06183	-0.01254	0.65813	0.00395	1	1.45898	0.81042	0	
1264462	8527.98047	3306079395235	0.47585	0.26494	8527.91309	0.06738	11730	1	0.50512	0.14580	1	0.43663	0.42008	1	0.47087	0.28294	1	0.48411	0.53019	12.31032	1.03583	1	0.74493	0.55319	13.66951	1.03583	1	-0.00382	-0.00892	0.68777	0.00251	1	0.06183	-0.01254	0.65813	0.00386	1	1.45898	0.81042	0	
1264463	8527.98633	3306079462735	0.47539	0.26577	8527.91309	0.07324	11730	1	0.50401	0.13671	1	0.43665	0.41325	1	0.47033	0.27498	1	0.48396	0.53010	12.41025	1.04492	1	0.74503	0.55282	13.40240	1.04492	1	-0.00397	-0.00905	0.70533	0.00248	1	0.06183	-0.01254	0.65813	0.00386	1	1.45898	0.81042	0	
1264464	8527.99316	3306079529044	0.47662	0.26613	8527.91309	0.08008	11730	1	0.51210	0.14150	1	0.47076	0.39940	1	0.49143	0.27045	1	0.48394	0.53024	12.14668	1.05400	1	0.74519	0.55311	13.48169	1.05400	1	-0.00397	-0.00905	0.70533	0.00251	1	0.06183	-0.01254	0.65813	0.00385	1	1.45898	0.81042	0	
1264465	8528.00000	3306079596009	0.47751	0.26444	8527.91309	0.08691	11730	1	0.51469	0.11886	1	0.46348	0.36605	1	0.48908	0.24246	1	0.48396	0.53010	12.41025	1.06309	1	0.74496	0.55300	13.45720	1.06309	1	-0.00397	-0.00905	0.70533	0.00248	1	0.06183	-0.01254	0.65813	0.00389	1	1.45898	0.81042	0	
1264466	8528.00684	3306079663356	0.47828	0.26298	8527.91309	0.09375	11730	1	0.51469	0.11886	1	0.46348	0.36605	1	0.48908	0.24246	1	0.48385	0.53020	12.18229	1.06309	1	0.74484	0.55257	13.30022	1.06309	1	-0.00382	-0.00856	0.67118	0.00251	1	0.06183	-0.01254	0.65813	0.00418	1	1.45898	0.81042	0	
1264467	8528.01367	3306079729735	0.48015	0.26611	8527.91309	0.10059	11730	1	0.53782	0.29959	1	0.47860	0.32679	1	0.50821	0.31319	1	0.48418	0.53192	11.92702	1.05400	1	0.74521	0.55235	12.76137	1.05400	1	-0.00382	-0.00856	0.67118	0.00384	1	0.06183	-0.01254	0.65813	0.00412	1	1.45898	0.81042	0	
1264468	8528.02051	3306079796657	0.48098	0.26483	8527.91309	0.10742	11730	1	0.50299	0.17562	1	0.48558	0.31286	1	0.49429	0.24424	1	0.48390	0.53006	12.13188	1.04492	1	0.74533	0.55209	12.78005	1.04492	1	-0.00382	-0.00856	0.67118	0.00255	1	0.06183	-0.01254	0.65813	0.00417	1	1.45898	0.81042	0	
1264469	8528.02637	3306079863551	0.48175	0.26396	8527.91309	0.11328	11730	1	0.50411	0.18437	1	0.48551	0.31407	1	0.49481	0.24922	1	0.48381	0.53006	12.26554	1.03583	1	0.74528	0.55269	13.33236	1.04349	1	-0.00399	-0.00870	0.68243	0.00248	1	0.06291	-0.01277	0.67009	0.00376	1	1.45898	0.81042	0	
1264470	8528.03320	3306079931563	0.48311	0.26320	8527.91309	0.12012	11730	1	0.53126	0.13723	1	0.48379	0.36179	1	0.50753	0.24951	1	0.48377	0.53013	12.49402	1.04349	1	0.74526	0.55273	13.62405	1.05115	1	-0.00399	-0.00870	0.68243	0.00244	1	0.06291	-0.01277	0.67009	0.00376	1	1.45898	0.81042	0	
1264471	8528.04004	3306079998498	0.48432	0.26188	8527.91309	0.12695	11730	1	0.52773	0.12948	1	0.48685	0.34433	1	0.50729	0.23690	1	0.48376	0.53011	12.28067	1.05115	1	0.74495	0.55269	13.36793	1.05881	1	-0.00399	-0.00870	0.68243	0.00252	1	0.06291	-0.01277	0.67009	0.00383	1	1.45898	0.81042	0	
1264472	8528.04688	3306080065316	0.48540	0.26037	8527.91309	0.13379	11730	1	0.52694	0.12182	1	0.48722	0.33812	1	0.50708	0.22997	1	0.48369	0.53014	12.19323	1.05881	1	0.74497	0.55264	13.31472	1.06647	1	-0.00399	-0.00870	0.68243	0.00258	1	0.06291	-0.01277	0.67009	0.00384	1	1.45898	0.81042	0	
1264473	8528.05371	3306080132018	0.48622	0.25924	8527.91309	0.14062	11730	1	0.52400	0.10701	1	0.48269	0.36403	1	0.50334	0.23552	1	0.48370	0.53021	12.52446	1.06647	1	0.74491	0.55273	13.28779	1.06647	1	-0.00399	-0.00870	0.68243	0.00254	1	0.06291	-0.01277	0.67009	0.00381	1	1.45898	0.81042	0	
1264474	8528.06055	3306080198838	0.48740	0.26050	8527.91309	0.14746	11730	1	0.53592	0.24413	1	0.49106	0.33247	1	0.51349	0.28830	1	0.48389	0.53182	11.34969	1.06647	1	0.74502	0.55278	13.30708	1.06647	1	-0.00399	-0.00870	0.68243	0.00385	1	0.06291	-0.01277	0.67009	0.00381	1	1.45898	0.81042	0	
1264475	8528.06738	3306080265929	0.48849	0.26166	8527.91309	0.15430	11730	1	0.53592	0.24413	1	0.49106	0.33247	1	0.51349	0.28830	1	0.48330	0.53175	12.01811	1.06647	1	0.74512	0.55226	13.01736	1.06647	1	-0.00399	-0.00880	0.68243	0.00399	1	0.06327	-0.01286	0.67501	0.00406	1	1.45898	0.81042	0	
1264476	8528.07422	3306080333612	0.48896	0.25997	8527.91309	0.16113	11730	1	0.50996	0.10947	1	0.49058	0.32955	1	0.50027	0.21951	1	0.48353	0.53011	12.22582	1.06647	1	0.74502	0.55257	13.32604	1.06647	1	-0.00399	-0.00880	0.68243	0.00253	1	0.06327	-0.01286	0.67501	0.00402	1	1.45898	0.81042	0	
1264477	8528.08008	3306080398767	0.48917	0.25931	8527.91309	0.16699	11730	1	0.49593	0.10000	1	0.49269	0.38535	1	0.49431	0.24268	1	0.48339	0.52990	12.78746	1.06647	1	0.74507	0.55303	13.28454	1.06647	1	-0.00399	-0.00880	0.68243	0.00252	1	0.06327	-0.01286	0.67501	0.00378	1	1.45898	0.81042	0	
1264478	8528.08691	3306080467520	0.48936	0.25869	8527.91309	0.17383	11730	1	0.49593	0.10000	1	0.49269	0.38535	1	0.49431	0.24268	1	0.48329	0.53024	12.07976	1.06647	1	0.74474	0.55310	13.47046	1.06647	1	-0.00399	-0.00880	0.68243	0.00254	1	0.06327	-0.01286	0.67501	0.00395	1	1.45898	0.81042	0	
1264479	8528.09375	3306080533905	0.49027	0.25729	8527.91309	0.18066	11730	1	0.51412	0.10507	1	0.51576	0.33379	1	0.51494	0.21943	1	0.48323	0.53046	12.20014	1.06647	1	0.74505	0.55238	12.92481	1.06647	1	-0.00399	-0.00880	0.68243	0.00245	1	0.06327	-0.01286	0.67501	0.00432	1	1.45898	0.81042	0	
1264480	8528.10059	3306080600880	0.49085	0.25435	8527.91309	0.18750	11730	1	0.51523	0.06783	1	0.49910	0.27660	1	0.50717	0.17221	1	0.48305	0.53059	11.82626	1.06647	1	0.74430	0.55287	12.86240	1.06647	1	-0.00399	-0.00880	0.68243	0.00249	1	0.06327	-0.01286	0.67501	0.00408	1	1.45898	0.81042	0	
1264481	8528.10742	3306080665685	0.49141	0.25149	8527.91309	0.19434	11730	1	0.51523	0.06783	1	0.49961	0.26905	1	0.50742	0.16844	1	0.48223	0.53453	12.35728	1.06647	1	0.74322	0.55503	12.92645	1.07515	1	-0.00411	-0.00893	0.66925	0.00335	1	0.06563	-0.01371	0.70305	0.00348	1	1.45898	0.81042	0	
1264482	8528.11426	3306080733321	0.49093	0.25698	8527.91309	0.20117	11730	1	0.49147	0.48071	1	0.46214	0.36247	1	0.47680	0.42159	1	0.48138	0.53628	11.53154	1.07515	1	0.74260	0.55550	13.17723	1.08383	1	-0.00411	-0.00893	0.66925	0.00403	1	0.06563	-0.01371	0.70305	0.00400	1	1.45898	0.81042	0	
1264483	8528.12012	3306080797888	0.49110	0.25538	8527.91309	0.20703	11730	1	0.47400	0.16979	1	0.51873	0.24165	1	0.49636	0.20572	1	0.48138	0.53385	10.99735	1.08383	1	0.74272	0.55519	12.56053	1.09251	1	-0.00411	-0.00893	0.66925	0.00236	1	0.06563	-0.01371	0.70305	0.00390	1	1.45898	0.81042	0	
1264484	8528.12695	3306080865563	0.49124	0.25385	8527.91309	0.21387	11730	1	0.47278	0.16166	1	0.51816	0.24841	1	0.49547	0.20503	1	0.48127	0.53936	11.99513	1.09251	1	0.74044	0.55878	12.11137	1.08485	1	-0.00450	-0.00962	0.68245	0.00333	1	0.06114	-0.01337	0.66023	0.00301	1	1.45898	0.81042	0	
1264485	8528.13379	3306080932924	0.48985	0.26433	8527.91309	0.22070	11730	1	0.47462	0.62595	1	0.41385	0.59434	1	0.44424	0.61015	1	0.48029	0.53994	11.72232	1.08485	1	0.74044	0.55930	12.15214	1.06851	1	-0.00450	-0.00962	0.68245	0.00303	1	0.06114	-0.01337	0.66023	0.00317	1	1.45898	0.81042	0	
1264486	8528.14062	3306080997801	0.49206	0.29856	8527.91309	0.22070	11730	0	0.49455	0.56239	1	0.42534	0.61163	1	0.45995	0.58701	1	0.48056	0.54017	11.85670	1.06851	1	0.74017	0.55946	12.53970	1.05217	1	-0.00450	-0.00962	0.68245	0.00315	1	0.06114	-0.01337	0.66023	0.00319	1	1.45898	0.81042	0	
1264487	8528.14746	3306081069405	0.47656	0.44636	8527.91309	0.22070	11730	0	0.49669	0.57184	1	0.42542	0.61648	1	0.46105	0.59416	1	0.48070	0.54120	12.39525	1.05217	1	0.73954	0.56031	12.42327	1.04349	1	-0.00460	-0.00977	0.68214	0.00318	1	0.06256	-0.01387	0.67721	0.00311	1	1.45898	0.81042	0	
1264488	8528.15332	3306081133005	0.45650	0.52438	8527.91309	0.22070	11730	0	0.45313	0.67807	1	0.37963	0.68279	1	0.41638	0.68043	1	0.47976	0.54138	12.41494	1.04349	1	0.73956	0.56027	12.35884	1.05115	1	-0.00460	-0.00977	0.68214	0.00299	1	0.06256	-0.01387	0.67721	0.00316	1	1.45898	0.81042	0	
1264489	8528.16016	3306081199457	0.43272	0.65076	8527.91309	0.22070	11730	0	0.45968	0.67777	1	0.38177	0.67759	1	0.42073	0.67768	1	0.48000	0.54128	11.85645	1.05115	1	0.73951	0.56023	12.21632	1.05881	1	-0.00460	-0.00977	0.68214	0.00305	1	0.06256	-0.01387	0.67721	0.00318	1	1.45898	0.81042	0	
1264490	8528.16699	3306081266257	0.42631	0.66236	8527.91309	0.22070	11730	0	0.45842	0.67410	1	0.38140	0.67384	1	0.41991	0.67397	1	0.47942	0.54153	11.37300	1.05881	1	0.73951	0.56043	12.30021	1.06647	1	-0.00469	-0.00973	0.67946	0.00301	1	0.06289	-0.01399	0.68080	0.00308	1	1.45898	0.81042	0	
1264491	8528.17383	3306081337630	0.42907	0.66849	8527.91309	0.22070	11730	0	0.47895	0.66607	1	0.39020	0.69540	1	0.43457	0.68073	1	0.47960	0.54138	12.27473	1.06647	1	0.73959	0.56052	12.44847	1.06647	1	-0.00469	-0.00973	0.67946	0.00305	1	0.06289	-0.01399	0.68080	0.00306	1	1.45898	0.81042	0	
1264492	8528.18066	3306081405890	0.42575	0.67185	8528.16016	0.02051	11731	1	0.45334	0.67102	1	0.37829	0.69285	1	0.41581	0.68194	1	0.47923	0.54128	11.88333	1.06647	1	0.73947	0.56052	12.25895	1.06647	1	-0.00469	-0.00973	0.67946	0.00282	1	0.06289	-0.01399	0.68080	0.00306	1	1.45898	0.81042	0	
1264493	8528.18750	3306081471755	0.42357	0.67300	8528.16016	0.02734	11731	1	0.45182	0.66667	1	0.37781	0.68856	1	0.41482	0.67762	1	0.47898	0.54143	12.46312	1.07556	1	0.73927	0.56062	12.77653	1.07556	1	-0.00481	-0.00988	0.68975	0.00292	1	0.06256	-0.01387	0.67721	0.00306	1	1.45898	0.81042	0	
1264494	8528.19434	3306081538491	0.41846	0.67876	8528.16016	0.03418	11731	1	0.42847	0.71488	1	0.35736	0.70023	1	0.39292	0.70755	1	0.47877	0.54186	12.40531	1.08464	1	0.73917	0.56058	12.98247	1.08464	1	-0.00481	-0.00988	0.68975	0.00289	1	0.06256	-0.01387	0.67721	0.00309	1	1.45898	0.81042	0	
1264495	8528.20117	3306081605622	0.41656	0.67926	8528.16016	0.04102	11731	1	0.44404	0.68539	1	0.36629	0.67915	1	0.40516	0.68227	1	0.47910	0.54156	12.58995	1.09373	1	0.73933	0.56044	12.72248	1.09373	1	-0.00481	-0.00988	0.68975	0.00294	1	0.06256	-0.01387	0.67721	0.00307	1	1.45898	0.81042	0	
1264496	8528.20801	3306081672508	0.41513	0.67964	8528.16016	0.04785	11731	1	0.44404	0.68539	1	0.36629	0.67915	1	0.40516	0.68227	1	0.47922	0.54152	12.34350	1.09373	1	0.73919	0.56055	12.78776	1.09373	1	-0.00479	-0.00978	0.67914	0.00314	1	0.06256	-0.01387	0.67721	0.00301	1	1.45898	0.81042	0	
1264497	8528.21484	3306081739464	0.41277	0.68367	8528.16016	0.05469	11731	1	0.43561	0.71425	1	0.35205	0.71765	1	0.39383	0.71595	1	0.47888	0.54178	12.39294	1.08464	1	0.73911	0.56074	13.21128	1.08464	1	-0.00479	-0.00978	0.67914	0.00297	1	0.06256	-0.01387	0.67721	0.00301	1	1.45898	0.81042	0	
1264498	8528.22070	3306081806343	0.41239	0.68295	8528.16016	0.06055	11731	1	0.46098	0.67484	1	0.35700	0.67800	1	0.40899	0.67642	1	0.47922	0.54152	12.34350	1.07556	1	0.73923	0.56047	12.79628	1.07556	1	-0.00479	-0.00978	0.67914	0.00314	1	0.06256	-0.01387	0.67721	0.00301	1	1.45898	0.81042	0	
1264499	8528.22754	3306081873561	0.41226	0.68309	8528.16016	0.06738	11731	1	0.46372	0.68289	1	0.35821	0.68623	1	0.41097	0.68456	1	0.47854	0.54163	11.66193	1.05845	1	0.73930	0.56050	12.90501	1.05845	1	-0.00471	-0.00958	0.66155	0.00290	1	0.06289	-0.01399	0.68080	0.00300	1	1.45898	0.81042	0	
1264500	8528.23438	3306081940335	0.41062	0.68499	8528.16016	0.07422	11731	1	0.42534	0.72044	1	0.35983	0.69130	1	0.39258	0.70587	1	0.47860	0.54172	11.67196	1.05044	1	0.73920	0.56044	12.81040	1.05044	1	-0.00471	-0.00958	0.66155	0.00291	1	0.06289	-0.01399	0.68080	0.00299	1	1.45898	0.81042	0	
1264501	8528.24121	3306082007288	0.41020	0.68667	8528.16016	0.08105	11731	1	0.41886	0.70861	1	0.39138	0.70500	1	0.40512	0.70681	1	0.47852	0.54157	11.77916	1.04242	1	0.73924	0.56037	12.96592	1.04242	1	-0.00471	-0.00958	0.66155	0.00297	1	0.06289	-0.01399	0.68080	0.00304	1	1.45898	0.81042	0	
1264502	8528.24805	3306082074383	0.40991	0.68850	8528.16016	0.08789	11731	1	0.42048	0.71226	1	0.39202	0.71241	1	0.40625	0.71233	1	0.47856	0.54155	11.71751	1.03440	1	0.73926	0.56044	13.09078	1.02674	1	-0.00471	-0.00958	0.66155	0.00291	1	0.06191	-0.01373	0.67069	0.00295	1	1.45898	0.81042	0	
1264503	8528.25488	3306082141321	0.40915	0.68950	8528.16016	0.09473	11731	1	0.41118	0.68076	1	0.38562	0.72622	1	0.39840	0.70349	1	0.47820	0.54137	12.58628	1.02674	1	0.73932	0.56063	12.79871	1.01908	1	-0.00471	-0.00958	0.66155	0.00279	1	0.06191	-0.01373	0.67069	0.00303	1	1.45898	0.81042	0	
1264504	8528.26172	3306082208831	0.40944	0.69134	8528.16016	0.10156	11731	1	0.42805	0.70300	1	0.39948	0.73496	1	0.41377	0.71898	1	0.47819	0.54114	12.10012	1.01908	1	0.73948	0.56076	12.75410	1.01142	1	-0.00471	-0.00958	0.66155	0.00308	1	0.06191	-0.01373	0.67069	0.00310	1	1.45898	0.81042	0	
1264505	8528.26758	3306082275104	0.40969	0.69296	8528.16016	0.10742	11731	1	0.42798	0.70283	1	0.39947	0.73480	1	0.41373	0.71882	1	0.47824	0.54114	12.03733	1.01944	1	0.73929	0.56065	12.59166	1.01178	1	-0.00496	-0.00997	0.68859	0.00280	1	0.06191	-0.01373	0.67069	0.00305	1	1.45898	0.81042	0	
1264506	8528.27441	3306082341574	0.41139	0.69323	8528.16016	0.11426	11731	1	0.46775	0.70642	1	0.41290	0.68929	1	0.44033	0.69785	1	0.47844	0.54146	12.14801	1.01980	1	0.73926	0.56057	12.77501	1.01980	1	-0.00496	-0.00997	0.68859	0.00286	1	0.06191	-0.01373	0.67069	0.00305	1	1.45898	0.81042	0	
1264507	8528.28125	3306082407528	0.41338	0.69552	8528.16016	0.12109	11731	1	0.50748	0.72660	1	0.39075	0.74680	1	0.44912	0.73670	1	0.47915	0.54171	12.52331	1.02782	1	0.73927	0.56077	12.86923	1.02782	1	-0.00496	-0.00997	0.68859	0.00306	1	0.06191	-0.01373	0.67069	0.00301	1	1.45898	0.81042	0	
1264508	8528.28809	3306082476257	0.41508	0.69712	8528.16016	0.12793	11731	1	0.50532	0.71907	1	0.38971	0.73593	1	0.44751	0.72750	1	0.47799	0.54173	12.31491	1.04492	1	0.73902	0.56065	12.59260	1.05258	1	-0.00508	-0.01012	0.69897	0.00293	1	0.06301	-0.01406	0.68432	0.00303	1	1.45898	0.81042	0	
1264509	8528.29492	3306082542832	0.41504	0.69707	8528.16016	0.13477	11731	1	0.44095	0.72402	1	0.38724	0.66797	1	0.41409	0.69599	1	0.47800	0.54182	12.41177	1.06166	1	0.73894	0.56059	12.21639	1.06932	1	-0.00508	-0.01012	0.69897	0.00289	1	0.06301	-0.01406	0.68432	0.00316	1	1.45898	0.81042	0	
1264510	8528.30176	3306082609178	0.41514	0.69656	8528.16016	0.14160	11731	1	0.44741	0.69049	1	0.38713	0.68140	1	0.41727	0.68595	1	0.47828	0.54156	12.49182	1.07841	1	0.73885	0.56052	12.24437	1.08607	1	-0.00508	-0.01012	0.69897	0.00294	1	0.06301	-0.01406	0.68432	0.00308	1	1.45898	0.81042	0	
1264511	8528.30762	3306082676087	0.41515	0.69576	8528.16016	0.14746	11731	1	0.44454	0.68286	1	0.38641	0.67345	1	0.41547	0.67816	1	0.47828	0.54156	12.49182	1.09515	1	0.73891	0.56056	12.40509	1.10281	1	-0.00508	-0.01012	0.69897	0.00294	1	0.06301	-0.01406	0.68432	0.00308	1	1.45898	0.81042	0	
1264512	8528.31445	3306082739532	0.41495	0.69595	8528.16016	0.15430	11731	1	0.43232	0.70642	1	0.38844	0.69446	1	0.41038	0.70044	1	0.47809	0.54178	12.39294	1.10281	1	0.73890	0.56069	12.54924	1.10281	1	-0.00508	-0.01012	0.69897	0.00296	1	0.06301	-0.01406	0.68432	0.00299	1	1.45898	0.81042	0	
1264513	8528.32129	3306082807013	0.41481	0.69484	8528.16016	0.16113	11731	1	0.44524	0.68077	1	0.37737	0.65560	1	0.41131	0.66818	1	0.47826	0.54172	12.32699	1.10281	1	0.73884	0.56070	12.31857	1.10281	1	-0.00508	-0.01012	0.69897	0.00301	1	0.06301	-0.01406	0.68432	0.00298	1	1.45898	0.81042	0	
1264514	8528.32812	3306082874926	0.41471	0.69398	8528.16016	0.16797	11731	1	0.44678	0.68489	1	0.37783	0.66005	1	0.41231	0.67247	1	0.47801	0.54176	12.40679	1.09373	1	0.73860	0.56072	12.33509	1.09373	1	-0.00493	-0.00972	0.67141	0.00296	1	0.06301	-0.01406	0.68432	0.00301	1	1.45898	0.81042	0	
1264515	8528.33496	3306082942256	0.41411	0.69450	8528.16016	0.17480	11731	1	0.42669	0.70002	1	0.37027	0.71591	1	0.39848	0.70797	1	0.47787	0.54162	11.51741	1.08464	1	0.73866	0.56077	12.32521	1.08464	1	-0.00493	-0.00972	0.67141	0.00294	1	0.06301	-0.01406	0.68432	0.00301	1	1.45898	0.81042	0	
1264516	8528.34180	3306083010001	0.41335	0.69447	8528.16016	0.18164	11731	1	0.41446	0.68047	1	0.37115	0.70674	1	0.39281	0.69360	1	0.47777	0.54150	11.54211	1.07556	1	0.73867	0.56081	12.35450	1.07556	1	-0.00493	-0.00972	0.67141	0.00296	1	0.06301	-0.01406	0.68432	0.00300	1	1.45898	0.81042	0	
1264517	8528.34863	3306083078377	0.41272	0.69471	8528.16016	0.18848	11731	1	0.41788	0.68845	1	0.37215	0.71452	1	0.39502	0.70149	1	0.47775	0.54160	11.63765	1.05845	1	0.73834	0.56076	13.00917	1.05845	1	-0.00486	-0.00949	0.65532	0.00294	1	0.06301	-0.01406	0.68432	0.00299	1	1.45898	0.81042	0	
1264518	8528.35547	3306083145841	0.41205	0.69456	8528.16016	0.19531	11731	1	0.42032	0.73924	1	0.36527	0.64096	1	0.39280	0.69010	1	0.47768	0.54184	12.06589	1.05044	1	0.73850	0.56053	12.69322	1.05044	1	-0.00486	-0.00949	0.65532	0.00292	1	0.06301	-0.01406	0.68432	0.00303	1	1.45898	0.81042	0	
1264519	8528.36230	3306083213605	0.41147	0.69463	8528.16016	0.20215	11731	1	0.41750	0.73573	1	0.37066	0.65764	1	0.39408	0.69668	1	0.47767	0.54182	11.90260	1.04242	1	0.73850	0.56049	12.69262	1.04242	1	-0.00486	-0.00949	0.65532	0.00301	1	0.06301	-0.01406	0.68432	0.00298	1	1.45898	0.81042	0	
1264520	8528.36816	3306083280141	0.41096	0.69481	8528.16016	0.20801	11731	1	0.41914	0.73916	1	0.37115	0.66178	1	0.39515	0.70047	1	0.47777	0.54181	12.08712	1.03440	1	0.73847	0.56051	12.81424	1.03440	1	-0.00486	-0.00949	0.65532	0.00292	1	0.06301	-0.01406	0.68432	0.00298	1	1.45898	0.81042	0	
1264521	8528.37500	3306083346763	0.41051	0.69459	8528.16016	0.21484	11731	1	0.42836	0.72266	1	0.36381	0.65264	1	0.39608	0.68765	1	0.47782	0.54157	11.61965	1.03440	1	0.73846	0.56044	12.76426	1.03440	1	-0.00486	-0.00949	0.65532	0.00291	1	0.06301	-0.01406	0.68432	0.00301	1	1.45898	0.81042	0	
1264522	8528.38184	3306083413993	0.41013	0.69411	8528.16016	0.22168	11731	1	0.42957	0.69575	1	0.36525	0.66036	1	0.39741	0.67805	1	0.47796	0.54138	11.67392	1.03440	1	0.73839	0.56049	12.79733	1.03440	1	-0.00486	-0.00949	0.65532	0.00284	1	0.06301	-0.01406	0.68432	0.00301	1	1.45898	0.81042	0	
1264523	8528.38867	3306083480935	0.40976	0.69365	8528.16016	0.22852	11731	1	0.42957	0.69575	1	0.36525	0.66036	1	0.39741	0.67805	1	0.47796	0.54138	11.67392	1.03440	1	0.73847	0.56064	12.83173	1.03440	1	-0.00486	-0.00949	0.65532	0.00284	1	0.06301	-0.01406	0.68432	0.00289	1	1.45898	0.81042	0	
1264524	8528.39551	3306083547683	0.40953	0.69394	8528.16016	0.23535	11731	1	0.43609	0.74104	1	0.36650	0.66751	1	0.40130	0.70428	1	0.47795	0.54189	11.48165	1.03440	1	0.73851	0.56048	12.66386	1.03440	1	-0.00486	-0.00949	0.65532	0.00286	1	0.06301	-0.01406	0.68432	0.00309	1	1.45898	0.81042	0	
1264525	8528.40234	3306083614388	0.40980	0.69359	8528.16016	0.24219	11731	1	0.43739	0.73085	1	0.40160	0.63126	1	0.41949	0.68105	1	0.47800	0.54183	12.52062	1.03440	1	0.73897	0.56067	11.90472	1.03440	1	-0.00486	-0.00949	0.65532	0.00272	1	0.06301	-0.01406	0.68432	0.00317	1	1.45898	0.81042	0	
1264526	8528.40820	3306083681935	0.41006	0.69332	8528.16016	0.24805	11731	1	0.43739	0.73085	1	0.40184	0.63545	1	0.41961	0.68315	1	0.47789	0.54169	11.98186	1.03440	1	0.73871	0.56097	12.29623	1.02674	1	-0.00486	-0.00949	0.65532	0.00287	1	0.06067	-0.01355	0.65948	0.00298	1	1.45898	0.81042	0	
1264527	8528.41504	3306083748948	0.40980	0.69461	8528.16016	0.25488	11731	1	0.43328	0.73724	1	0.36725	0.74984	1	0.40026	0.74354	1	0.47786	0.54185	11.84105	1.02674	1	0.73842	0.56092	12.91519	1.01908	1	-0.00486	-0.00949	0.65532	0.00282	1	0.06067	-0.01355	0.65948	0.00297	1	1.45898	0.81042	0	
1264528	8528.42188	3306083815896	0.40949	0.69564	8528.16016	0.26172	11731	1	0.42897	0.74419	1	0.36516	0.72769	1	0.39706	0.73594	1	0.47777	0.54192	11.55768	1.01908	1	0.73842	0.56100	12.90278	1.01142	1	-0.00486	-0.00949	0.65532	0.00288	1	0.06067	-0.01355	0.65948	0.00295	1	1.45898	0.81042	0	
1264529	8528.42871	3306083882834	0.40920	0.69666	8528.16016	0.26855	11731	1	0.43050	0.74748	1	0.36516	0.72769	1	0.39783	0.73758	1	0.47779	0.54159	11.70847	1.01142	1	0.73839	0.56098	13.18830	1.01142	1	-0.00486	-0.00949	0.65532	0.00297	1	0.06301	-0.01406	0.68432	0.00297	1	1.45898	0.81042	0	
1264530	8528.43555	3306083950051	0.40893	0.69683	8528.16016	0.27539	11731	1	0.43323	0.72783	1	0.36245	0.67991	1	0.39784	0.70387	1	0.47783	0.54144	11.54055	1.01142	1	0.73850	0.56061	12.61259	1.01908	1	-0.00486	-0.00949	0.65532	0.00294	1	0.06301	-0.01406	0.68432	0.00304	1	1.45898	0.81042	0	
1264531	8528.44238	3306084017214	0.40877	0.69744	8528.16016	0.28223	11731	1	0.42429	0.69985	1	0.37990	0.74613	1	0.40209	0.72299	1	0.47772	0.54151	11.39780	1.01908	1	0.73870	0.56068	12.23387	1.02674	1	-0.00486	-0.00949	0.65532	0.00300	1	0.06301	-0.01406	0.68432	0.00298	1	1.45898	0.81042	0	
1264532	8528.44922	3306084083999	0.40855	0.69777	8528.16016	0.28906	11731	1	0.41928	0.68813	1	0.37860	0.73525	1	0.39894	0.71169	1	0.47890	0.54131	12.43976	1.04385	1	0.73879	0.56003	11.95709	1.05150	1	-0.00508	-0.01001	0.69897	0.00302	1	0.06301	-0.01396	0.68432	0.00323	1	1.45898	0.81042	0	
1264533	8528.45605	3306084151240	0.40945	0.69746	8528.16016	0.29590	11731	1	0.50572	0.70037	1	0.39217	0.66737	1	0.44895	0.68387	1	0.47906	0.54125	11.78288	1.06861	1	0.73895	0.56003	12.06076	1.06861	1	-0.00508	-0.01001	0.69897	0.00309	1	0.06301	-0.01396	0.68432	0.00302	1	1.45898	0.81042	0	
1264534	8528.46191	3306084218191	0.41028	0.69646	8528.16016	0.30176	11731	1	0.50044	0.69032	1	0.39493	0.61236	1	0.44769	0.65134	1	0.47920	0.54128	11.61735	1.08571	1	0.73893	0.55975	11.67437	1.08571	1	-0.00508	-0.01001	0.69897	0.00316	1	0.06301	-0.01396	0.68432	0.00311	1	1.45898	0.81042	0	AUDIO_FILE_OFFSET
1264535	8528.46875	3306084284875	0.41106	0.69541	8528.16016	0.30859	11731	1	0.49944	0.68670	1	0.39464	0.60804	1	0.44704	0.64737	1	0.47910	0.54126	11.91664	1.09373	1	0.73895	0.56015	12.15014	1.09373	1	-0.00484	-0.00963	0.67209	0.00297	1	0.06301	-0.01396	0.68432	0.00294	1	1.45898	0.81042	0	
1264536	8528.47559	3306084349304	0.41212	0.69461	8528.16016	0.31543	11731	1	0.52903	0.68837	1	0.39515	0.62549	1	0.46209	0.65693	1	0.47961	0.54129	12.17859	1.08464	1	0.73924	0.55987	11.93122	1.08464	1	-0.00484	-0.00963	0.67209	0.00315	1	0.06301	-0.01396	0.68432	0.00310	1	1.45898	0.81042	0	
1264537	8528.48242	3306084417270	0.41281	0.69464	8528.16016	0.32227	11731	1	0.54173	0.67048	1	0.38943	0.63440	1	0.46558	0.65244	1	0.47970	0.54128	11.89390	1.07556	1	0.73915	0.55974	11.31597	1.07556	1	-0.00484	-0.00963	0.67209	0.00322	1	0.06301	-0.01396	0.68432	0.00318	1	1.45898	0.81042	0	
1264689	8529.50098	3306094600118	0.44786	0.45829	8529.29980	0.20117	11737	1	0.48123	0.50834	1	0.42881	0.43835	1	0.45502	0.47335	1	0.47737	0.53798	10.50878	1.06647	1	0.73896	0.55671	11.02874	1.06647	1	-0.00537	-0.00966	0.68882	0.00366	1	0.06277	-0.01352	0.68285	0.00332	1	1.45898	0.81042	0	START_TRIAL
1264690	8529.50684	3306094666992	0.44795	0.45879	8529.29980	0.20703	11737	1	0.47997	0.51381	1	0.42167	0.43479	1	0.45082	0.47430	1	0.47729	0.53803	10.11789	1.06647	1	0.73876	0.55671	11.39987	1.06647	1	-0.00537	-0.00966	0.68882	0.00360	1	0.06277	-0.01352	0.68285	0.00341	1	1.45898	0.81042	0	
1264691	8529.51367	3306094733994	0.44804	0.45926	8529.29980	0.21387	11737	1	0.47997	0.51381	1	0.42167	0.43479	1	0.45082	0.47430	1	0.47724	0.53814	10.22285	1.06647	1	0.73876	0.55670	11.41258	1.06647	1	-0.00531	-0.00949	0.68037	0.00364	1	0.06277	-0.01352	0.68285	0.00337	1	1.45898	0.81042	0	
1264692	8529.52051	3306094800880	0.44803	0.45986	8529.29980	0.22070	11737	1	0.47667	0.50175	1	0.41868	0.45774	1	0.44767	0.47975	1	0.47754	0.53781	9.71959	1.06647	1	0.73880	0.55699	11.73459	1.06647	1	-0.00531	-0.00949	0.68037	0.00329	1	0.06277	-0.01352	0.68285	0.00329	1	1.45898	0.81042	0	
1264693	8529.52734	3306094866822	0.44795	0.46141	8529.29980	0.22754	11737	1	0.46640	0.55951	1	0.42447	0.46813	1	0.44543	0.51382	1	0.47786	0.53853	9.48189	1.06647	1	0.73885	0.55658	11.02281	1.06647	1	-0.00531	-0.00949	0.68037	0.00309	1	0.06277	-0.01352	0.68285	0.00329	1	1.45898	0.81042	0	
1264694	8529.53418	3306094934567	0.44730	0.46159	8529.29980	0.23438	11737	1	0.46640	0.55951	0	0.42447	0.46813	1	0.42447	0.46813	1	0.47786	0.53853	9.48189	1.06647	0	0.73961	0.55752	11.58542	1.06647	1	-0.00531	-0.00949	0.68037	0.00309	1	0.06277	-0.01342	0.68285	0.00329	1	1.45898	0.81042	0	
1264695	8529.54004	3306094997165	0.44784	0.49389	8529.29980	0.23438	11737	0	0.46640	0.55951	0	0.44486	0.69905	1	0.44486	0.69905	1	0.47786	0.53853	9.48189	1.06647	0	0.73973	0.55861	9.05469	1.06647	1	-0.00531	-0.00949	0.68037	0.00309	1	0.06277	-0.01342	0.68285	0.00278	1	1.45898	0.81042	0	
1264696	8529.54688	3306095065315	0.44784	0.49389	8529.29980	0.23438	11737	0	0.46640	0.55951	0	0.44486	0.69905	0	0.44486	0.69905	0	0.47786	0.53853	9.48189	1.06647	0	0.73973	0.55861	9.05469	1.06647	0	-0.00531	-0.00949	0.68037	0.00309	1	0.06277	-0.01342	0.68285	0.00278	1	1.45898	0.81042	0	
1264697	8529.55371	3306095132996	0.44784	0.49389	8529.29980	0.23438	11737	0	0.46640	0.55951	0	0.44486	0.69905	0	0.44486	0.69905	0	0.47786	0.53853	9.48189	1.06647	0	0.73973	0.55861	9.05469	1.06647	0	-0.00531	-0.00949	0.68037	0.00309	1	0.06277	-0.01342	0.68285	0.00278	1	1.45898	0.81042	0	
1264698	8529.56055	3306095203555	0.00000	0.00000	8529.29980	0.23438	11737	0	0.46640	0.55951	0	0.44486	0.69905	0	0.44486	0.69905	0	0.47786	0.53853	9.48189	1.06647	0	0.73973	0.55861	9.05469	1.06647	0	-0.00531	-0.00949	0.68037	0.00309	1	0.06277	-0.01342	0.68285	0.00278	1	1.45898	0.81042	0	
1264699	8529.56738	3306095270697	0.00000	0.00000	8529.29980	0.23438	11737	0	0.46640	0.55951	0	0.44486	0.69905	0	0.44486	0.69905	0	0.47786	0.53853	9.48189	1.06647	0	0.73973	0.55861	9.05469	1.06647	0	-0.00531	-0.00949	0.68037	0.00309	1	0.06277	-0.01342	0.68285	0.00278	1	1.45898	0.81042	0	
1264700	8529.57422	3306095337696	0.00000	0.00000	8529.29980	0.23438	11737	0	0.46640	0.55951	0	0.44486	0.69905	0	0.44486	0.69905	0	0.47786	0.53853	9.48189	1.06647	0	0.73973	0.55861	9.05469	1.06647	0	-0.00531	-0.00949	0.68037	0.00309	1	0.06277	-0.01342	0.68285	0.00278	1	1.45898	0.81042	0	
1264701	8529.58105	3306095404215	0.00000	0.00000	8529.29980	0.23438	11737	0	0.46640	0.55951	0	0.44486	0.69905	0	0.44486	0.69905	0	0.47786	0.53853	9.48189	1.06647	0	0.73973	0.55861	9.05469	1.06647	0	-0.00531	-0.00949	0.68037	0.00309	1	0.06277	-0.01342	0.68285	0.00278	1	1.45898	0.81042	0	
1264702	8529.58789	3306095470992	0.00000	0.00000	8529.29980	0.23438	11737	0	0.46640	0.55951	0	0.44486	0.69905	0	0.44486	0.69905	0	0.47786	0.53853	9.48189	1.06647	0	0.73973	0.55861	9.05469	1.06647	0	-0.00531	-0.00949	0.68037	0.00309	1	0.06277	-0.01342	0.68285	0.00278	1	1.45898	0.81042	0	
1264703	8529.59473	3306095538046	0.00000	0.00000	8529.29980	0.23438	11737	0	0.46640	0.55951	0	0.44486	0.69905	0	0.44486	0.69905	0	0.47786	0.53853	9.48189	1.06647	0	0.73973	0.55861	9.05469	1.06647	0	-0.00531	-0.00949	0.68037	0.00309	1	0.06277	-0.01342	0.68285	0.00278	1	1.45898	0.81042	0	
1264704	8529.60059	3306095605004	0.00000	0.00000	8529.29980	0.23438	11737	0	0.46640	0.55951	0	0.44486	0.69905	0	0.44486	0.69905	0	0.47786	0.53853	9.48189	1.06647	0	0.73973	0.55861	9.05469	1.06647	0	-0.00531	-0.00949	0.68037	0.00309	1	0.06277	-0.01342	0.68285	0.00278	1	1.45898	0.81042	0	
1264705	8529.60742	3306095670758	0.00000	0.00000	8529.29980	0.23438	11737	0	0.46640	0.55951	0	0.44486	0.69905	0	0.44486	0.69905	0	0.47786	0.53853	9.48189	1.06647	0	0.73973	0.55861	9.05469	1.06647	0	-0.00531	-0.00949	0.68037	0.00309	1	0.06277	-0.01342	0.68285	0.00278	1	1.45898	0.81042	0	
1264706	8529.61426	3306095735734	0.00000	0.00000	8529.29980	0.23438	11737	0	0.46640	0.55951	0	0.44486	0.69905	0	0.44486	0.69905	0	0.47786	0.53853	9.48189	1.06647	0	0.73973	0.55861	9.05469	1.06647	0	-0.00531	-0.00949	0.68037	0.00309	1	0.06277	-0.01342	0.68285	0.00278	1	1.45898	0.81042	0	
1264707	8529.62109	3306095801843	0.00000	0.00000	8529.29980	0.23438	11737	0	0.46640	0.55951	0	0.44486	0.69905	0	0.44486	0.69905	0	0.47786	0.53853	9.48189	1.06647	0	0.73973	0.55861	9.05469	1.06647	0	-0.00531	-0.00949	0.68037	0.00309	1	0.06277	-0.01342	0.68285	0.00278	1	1.45898	0.81042	0	
1264708	8529.62793	3306095870253	0.00000	0.00000	8529.29980	0.23438	11737	0	0.46640	0.55951	0	0.44486	0.69905	0	0.44486	0.69905	0	0.47786	0.53853	9.48189	1.06647	0	0.73973	0.55861	9.05469	1.06647	0	-0.00531	-0.00949	0.68037	0.00309	1	0.06277	-0.01342	0.68285	0.00278	1	1.45898	0.81042	0	
1264709	8529.63379	3306095936812	0.00000	0.00000	8529.29980	0.23438	11737	0	0.46640	0.55951	0	0.44486	0.69905	0	0.44486	0.69905	0	0.47786	0.53853	9.48189	1.06647	0	0.73973	0.55861	9.05469	1.06647	0	-0.00531	-0.00949	0.68037	0.00309	1	0.06277	-0.01342	0.68285	0.00278	1	1.45898	0.81042	0	
1264710	8529.64062	3306096004586	0.00000	0.00000	8529.29980	0.23438	11737	0	0.46640	0.55951	0	0.44486	0.69905	0	0.44486	0.69905	0	0.47786	0.53853	9.48189	1.06647	0	0.73973	0.55861	9.05469	1.06647	0	-0.00531	-0.00949	0.68037	0.00309	1	0.06277	-0.01342	0.68285	0.00278	1	1.45898	0.81042	0	
1264711	8529.64746	3306096070938	0.00000	0.00000	8529.29980	0.23438	11737	0	0.46640	0.55951	0	0.44486	0.69905	0	0.44486	0.69905	0	0.47786	0.53853	9.48189	1.06647	0	0.73973	0.55861	9.05469	1.06647	0	-0.00531	-0.00949	0.68037	0.00309	1	0.06277	-0.01342	0.68285	0.00278	1	1.45898	0.81042	0	
1264712	8529.65430	3306096136786	0.00000	0.00000	8529.29980	0.23438	11737	0	0.46640	0.55951	0	0.44486	0.69905	0	0.44486	0.69905	0	0.47786	0.53853	9.48189	1.06647	0	0.73973	0.55861	9.05469	1.06647	0	-0.00531	-0.00949	0.68037	0.00309	1	0.06277	-0.01342	0.68285	0.00278	1	1.45898	0.81042	0	
1264713	8529.66113	3306096206082	0.00000	0.00000	8529.29980	0.23438	11737	0	0.46640	0.55951	0	0.44486	0.69905	0	0.44486	0.69905	0	0.47786	0.53853	9.48189	1.06647	0	0.73973	0.55861	9.05469	1.06647	0	-0.00531	-0.00949	0.68037	0.00309	1	0.06277	-0.01342	0.68285	0.00278	1	1.45898	0.81042	0	
1264714	8529.66797	3306096273885	0.00000	0.00000	8529.29980	0.23438	11737	0	0.46640	0.55951	0	0.44486	0.69905	0	0.44486	0.69905	0	0.47786	0.53853	9.48189	1.06647	0	0.73973	0.55861	9.05469	1.06647	0	-0.00531	-0.00949	0.68037	0.00309	1	0.06277	-0.01342	0.68285	0.00278	1	1.45898	0.81042	0	
1264715	8529.67480	3306096341113	0.00000	0.00000	8529.29980	0.23438	11737	0	0.46640	0.55951	0	0.44486	0.69905	0	0.44486	0.69905	0	0.47786	0.53853	9.48189	1.06647	0	0.73973	0.55861	9.05469	1.06647	0	-0.00531	-0.00949	0.68037	0.00309	1	0.06277	-0.01342	0.68285	0.00278	1	1.45898	0.81042	0	
1264716	8529.68164	3306096408140	0.00000	0.00000	8529.29980	0.23438	11737	0	0.46640	0.55951	0	0.44486	0.69905	0	0.44486	0.69905	0	0.47786	0.53853	9.48189	1.06647	0	0.73973	0.55861	9.05469	1.06647	0	-0.00531	-0.00949	0.68037	0.00309	1	0.06277	-0.01342	0.68285	0.00278	1	1.45898	0.81042	0	
1264717	8529.68848	3306096475506	0.00000	0.00000	8529.29980	0.23438	11737	0	0.46640	0.55951	0	0.44486	0.69905	0	0.44486	0.69905	0	0.47786	0.53853	9.48189	1.06647	0	0.73973	0.55861	9.05469	1.06647	0	-0.00531	-0.00949	0.68037	0.00309	1	0.06277	-0.01342	0.68285	0.00278	1	1.45898	0.81042	0	
1264718	8529.69434	3306096542623	0.00000	0.00000	8529.29980	0.23438	11737	0	0.46640	0.55951	0	0.44486	0.69905	0	0.44486	0.69905	0	0.47786	0.53853	9.48189	1.06647	0	0.73973	0.55861	9.05469	1.06647	0	-0.00531	-0.00949	0.68037	0.00309	1	0.06277	-0.01342	0.68285	0.00278	1	1.45898	0.81042	0	
1264719	8529.70117	3306096609395	0.00000	0.00000	8529.29980	0.23438	11737	0	0.46640	0.55951	0	0.44486	0.69905	0	0.44486	0.69905	0	0.47786	0.53853	9.48189	1.06647	0	0.73973	0.55861	9.05469	1.06647	0	-0.00531	-0.00949	0.68037	0.00309	1	0.06277	-0.01342	0.68285	0.00278	1	1.45898	0.81042	0	
1264720	8529.70801	3306096676526	0.00000	0.00000	8529.29980	0.23438	11737	0	0.46640	0.55951	0	0.44486	0.69905	0	0.44486	0.69905	0	0.47786	0.53853	9.48189	1.06647	0	0.73973	0.55861	9.05469	1.06647	0	-0.00531	-0.00949	0.68037	0.00309	1	0.06277	-0.01342	0.68285	0.00278	1	1.45898	0.81042	0	
1264721	8529.71484	3306096743456	0.00000	0.00000	8529.29980	0.23438	11737	0	0.46640	0.55951	0	0.44486	0.69905	0	0.44486	0.69905	0	0.47786	0.53853	9.48189	1.06647	0	0.73973	0.55861	9.05469	1.06647	0	-0.00531	-0.00949	0.68037	0.00309	1	0.06277	-0.01342	0.68285	0.00278	1	1.45898	0.81042	0	
1264722	8529.72168	3306096809956	0.00000	0.00000	8529.29980	0.23438	11737	0	0.46640	0.55951	0	0.44486	0.69905	0	0.44486	0.69905	0	0.47786	0.53853	9.48189	1.06647	0	0.73973	0.55861	9.05469	1.06647	0	-0.00531	-0.00949	0.68037	0.00309	1	0.06277	-0.01342	0.68285	0.00278	1	1.45898	0.81042	0	
1264723	8529.72852	3306096877568	0.34210	0.26383	8529.29980	0.23438	11737	0	0.72841	0.46928	1	0.63998	0.58606	1	0.68419	0.52767	1	0.48666	0.53729	10.49616	1.06647	1	0.74840	0.55870	11.54905	1.06647	1	-0.00531	-0.00949	0.68037	0.00352	1	0.06277	-0.01342	0.68285	0.00352	1	1.45898	0.81042	0	
1264724	8529.73535	3306096943956	0.45613	0.35178	8529.29980	0.23438	11737	0	0.72841	0.46928	1	0.63998	0.58606	1	0.68419	0.52767	1	0.48672	0.53776	10.69462	1.06647	1	0.74845	0.55871	11.26220	1.06647	1	-0.00387	-0.00937	0.67879	0.00338	1	0.06303	-0.01335	0.66924	0.00340	1	1.45898	0.81042	0	
1264725	8529.74121	3306097010925	0.68133	0.53430	8529.29980	0.23438	11737	0	0.70333	0.51539	1	0.64786	0.57972	1	0.67560	0.54756	1	0.48664	0.53790	11.16813	1.06647	1	0.74841	0.55844	11.13948	1.06647	1	-0.00387	-0.00937	0.67879	0.00335	1	0.06303	-0.01335	0.66924	0.00345	1	1.45898	0.81042	0	
1264726	8529.74805	3306097078709	0.68157	0.53657	8529.29980	0.23438	11737	0	0.71233	0.50563	1	0.65128	0.57205	1	0.68181	0.53884	1	0.48681	0.53786	10.79752	1.06647	1	0.74846	0.55839	11.29184	1.06647	1	-0.00387	-0.00937	0.67879	0.00327	1	0.06303	-0.01335	0.66924	0.00349	1	1.45898	0.81042	0	
1264727	8529.75488	3306097144906	0.68131	0.53896	8529.29980	0.23438	11737	0	0.71191	0.51063	1	0.64970	0.57687	1	0.68080	0.54375	1	0.48703	0.53818	10.40673	1.05845	1	0.74840	0.55881	11.40597	1.05845	1	-0.00372	-0.00908	0.66183	0.00327	1	0.06426	-0.01361	0.68228	0.00350	1	1.45898	0.81042	0	
1264728	8529.76172	3306097212525	0.67478	0.54544	8529.74121	0.02051	11738	1	0.67156	0.50240	1	0.63884	0.62735	1	0.65520	0.56488	1	0.48666	0.53750	10.34275	1.05044	1	0.74846	0.55850	11.30765	1.05044	1	-0.00372	-0.00908	0.66183	0.00318	1	0.06426	-0.01361	0.68228	0.00345	1	1.45898	0.81042	0	
1264729	8529.76855	3306097279312	0.67197	0.55479	8529.74121	0.02734	11738	1	0.69109	0.53704	1	0.63032	0.64734	1	0.66070	0.59219	1	0.48683	0.53728	10.43602	1.04242	1	0.74838	0.55859	11.31189	1.04242	1	-0.00372	-0.00908	0.66183	0.00320	1	0.06426	-0.01361	0.68228	0.00342	1	1.45898	0.81042	0	
1264730	8529.77539	3306097346656	0.66997	0.56137	8529.74121	0.03418	11738	1	0.69109	0.53704	1	0.62891	0.65148	1	0.66000	0.59426	1	0.48682	0.53760	10.83259	1.04242	1	0.74833	0.55848	11.36094	1.03476	1	-0.00376	-0.00925	0.67737	0.00307	1	0.06183	-0.01306	0.65710	0.00347	1	1.45898	0.81042	0	
1264731	8529.78223	3306097413243	0.66850	0.56230	8529.74121	0.04102	11738	1	0.67884	0.47713	1	0.64044	0.65858	1	0.65964	0.56785	1	0.48675	0.53737	10.48186	1.04278	1	0.74845	0.55866	11.80480	1.03512	1	-0.00376	-0.00925	0.67737	0.00310	1	0.06183	-0.01306	0.65710	0.00345	1	1.45898	0.81042	0	
1264732	8529.78809	3306097480184	0.66750	0.56588	8529.74121	0.04688	11738	1	0.67509	0.46395	1	0.64589	0.71793	1	0.66049	0.59094	1	0.48678	0.53697	9.88071	1.04313	1	0.74853	0.55868	11.40754	1.03547	1	-0.00376	-0.00925	0.67737	0.00299	1	0.06183	-0.01306	0.65710	0.00348	1	1.45898	0.81042	0	
1264733	8529.79492	3306097547190	0.66681	0.56844	8529.74121	0.05371	11738	1	0.67510	0.46371	1	0.64749	0.71412	1	0.66129	0.58892	1	0.48699	0.53765	10.15498	1.04349	1	0.74844	0.55865	11.74943	1.04349	1	-0.00382	-0.00944	0.68777	0.00331	1	0.06426	-0.01351	0.68228	0.00347	1	1.45898	0.81042	0	
1264734	8529.80176	3306097614076	0.66987	0.57245	8529.74121	0.06055	11738	1	0.71446	0.51912	1	0.68049	0.69801	1	0.69747	0.60856	1	0.48725	0.53712	10.87411	1.04349	1	0.74906	0.55881	11.84523	1.05115	1	-0.00382	-0.00944	0.68777	0.00327	1	0.06426	-0.01351	0.68228	0.00350	1	1.45898	0.81042	0	
1264735	8529.80859	3306097680291	0.67162	0.57252	8529.74121	0.06738	11738	1	0.71488	0.51433	1	0.66326	0.63204	1	0.68907	0.57319	1	0.48732	0.53714	10.82070	1.05115	1	0.74908	0.55840	11.58335	1.05881	1	-0.00382	-0.00944	0.68777	0.00328	1	0.06426	-0.01351	0.68228	0.00350	1	1.45898	0.81042	0	
1264736	8529.81543	3306097745685	0.67324	0.57200	8529.74121	0.07422	11738	1	0.71531	0.50955	1	0.66670	0.62308	1	0.69101	0.56631	1	0.48723	0.53704	10.67837	1.05881	1	0.74882	0.55828	11.38108	1.07515	1	-0.00382	-0.00944	0.68777	0.00326	1	0.06527	-0.01371	0.69244	0.00358	1	1.45898	0.81042	0	
1264737	8529.82227	3306097813594	0.67475	0.57156	8529.74121	0.08105	11738	1	0.72999	0.51231	1	0.65594	0.62027	1	0.69296	0.56629	1	0.48742	0.53739	10.64859	1.07515	1	0.74898	0.55802	11.66541	1.08383	1	-0.00382	-0.00944	0.68777	0.00323	1	0.06527	-0.01371	0.69244	0.00340	1	1.45898	0.81042	0	
1264738	8529.82812	3306097880463	0.67521	0.57030	8529.74121	0.08691	11738	1	0.71152	0.48919	1	0.65089	0.61869	1	0.68121	0.55394	1	0.48722	0.53709	10.68573	1.08383	1	0.74882	0.55813	11.11059	1.09251	1	-0.00382	-0.00944	0.68777	0.00330	1	0.06527	-0.01371	0.69244	0.00340	1	1.45898	0.81042	0	
1264739	8529.83496	3306097946243	0.67556	0.56934	8529.74121	0.09375	11738	1	0.71156	0.48877	1	0.64935	0.62304	1	0.68045	0.55591	1	0.48717	0.53714	10.61854	1.08449	1	0.74918	0.55779	11.25104	1.08449	1	-0.00358	-0.00888	0.65444	0.00328	1	0.06426	-0.01341	0.68228	0.00345	1	1.45898	0.81042	0	
1264740	8529.84180	3306098013007	0.67608	0.57036	8529.74121	0.10059	11738	1	0.72239	0.53585	1	0.64513	0.63530	1	0.68376	0.58558	1	0.48731	0.53707	10.78175	1.07648	1	0.74882	0.55812	11.41093	1.06780	1	-0.00358	-0.00888	0.65444	0.00328	1	0.06426	-0.01341	0.68228	0.00329	1	1.45898	0.81042	0	
1264741	8529.84863	3306098082778	0.67727	0.57198	8529.74121	0.10742	11738	1	0.71904	0.54764	1	0.67358	0.64836	1	0.69631	0.59800	1	0.48731	0.53707	10.78175	1.05978	1	0.74939	0.55806	11.24521	1.05110	1	-0.00358	-0.00888	0.65444	0.00327	1	0.06426	-0.01341	0.68228	0.00335	1	1.45898	0.81042	0	
1264742	8529.85547	3306098146834	0.67821	0.57381	8529.74121	0.11426	11738	1	0.71852	0.55274	1	0.66996	0.65714	1	0.69424	0.60494	1	0.48738	0.53698	10.94195	1.05110	1	0.74896	0.55749	11.68778	1.03476	1	-0.00382	-0.00934	0.68778	0.00340	1	0.06183	-0.01296	0.65710	0.00331	1	1.45898	0.81042	0	
1264743	8529.86230	3306098217466	0.67907	0.57259	8529.74121	0.12109	11738	1	0.72127	0.52413	1	0.66800	0.57710	1	0.69464	0.55062	1	0.48736	0.53667	10.74836	1.04278	1	0.74885	0.55735	11.48569	1.03512	1	-0.00382	-0.00934	0.68778	0.00347	1	0.06183	-0.01296	0.65710	0.00342	1	1.45898	0.81042	0	
1264744	8529.86816	3306098281089	0.68025	0.57140	8529.74121	0.12695	11738	1	0.72364	0.51992	1	0.68161	0.57760	1	0.70263	0.54876	1	0.48741	0.53691	11.01849	1.04313	1	0.74908	0.55717	11.60832	1.03547	1	-0.00382	-0.00934	0.68778	0.00349	1	0.06183	-0.01296	0.65710	0.00350	1	1.45898	0.81042	0	
1264745	8529.87500	3306098347406	0.68132	0.57031	8529.74121	0.13379	11738	1	0.72366	0.51969	1	0.68170	0.57738	1	0.70268	0.54853	1	0.48736	0.53667	10.74836	1.04349	1	0.74847	0.55773	11.67835	1.03583	1	-0.00382	-0.00934	0.68778	0.00347	1	0.06183	-0.01296	0.65710	0.00339	1	1.45898	0.81042	0	
1264746	8529.88281	3306098419881	0.68132	0.57079	8529.74121	0.14160	11738	1	0.72123	0.50400	1	0.64143	0.65755	1	0.68133	0.58078	1	0.48742	0.53666	10.76017	1.03583	1	0.74853	0.55761	11.52260	1.03583	1	-0.00382	-0.00934	0.68778	0.00352	1	0.06183	-0.01296	0.65710	0.00348	1	1.45898	0.81042	0	
1264747	8529.88867	3306098483704	0.68178	0.57280	8529.74121	0.14746	11738	1	0.72695	0.57519	1	0.65709	0.65900	1	0.69202	0.61709	1	0.48744	0.53681	10.78262	1.03583	1	0.74872	0.55756	12.87367	1.03583	1	-0.00382	-0.00934	0.68778	0.00353	1	0.06183	-0.01296	0.65710	0.00348	1	1.45898	0.81042	0	
1264748	8529.89551	3306098550771	0.68221	0.57465	8529.74121	0.15430	11738	1	0.72695	0.57519	1	0.65709	0.65900	1	0.69202	0.61709	1	0.48731	0.53629	11.11841	1.03583	1	0.74863	0.55767	11.52379	1.03583	1	-0.00382	-0.00934	0.68778	0.00372	1	0.06183	-0.01286	0.65710	0.00348	1	1.45898	0.81042	0	
1264749	8529.90234	3306098617348	0.68173	0.57436	8529.74121	0.16113	11738	1	0.70801	0.48981	1	0.63227	0.64504	1	0.67014	0.56742	1	0.48728	0.53650	10.94277	1.03583	1	0.74837	0.55760	11.20886	1.03583	1	-0.00382	-0.00934	0.68778	0.00355	1	0.06183	-0.01286	0.65710	0.00347	1	1.45898	0.81042	0	
1264750	8529.90918	3306098686206	0.68151	0.57484	8529.74121	0.16797	11738	1	0.71222	0.54400	1	0.63978	0.62971	1	0.67600	0.58686	1	0.48726	0.53692	11.25299	1.03583	1	0.74839	0.55787	10.99867	1.03583	1	-0.00382	-0.00934	0.68778	0.00332	1	0.06183	-0.01286	0.65710	0.00362	1	1.45898	0.81042	0	
1264751	8529.91602	3306098752809	0.68127	0.57546	8529.74121	0.17480	11738	1	0.71178	0.54886	1	0.63823	0.63421	1	0.67501	0.59154	1	0.48639	0.53719	11.47270	1.02782	1	0.74770	0.55779	11.88534	1.02782	1	-0.00381	-0.00905	0.65932	0.00316	1	0.06183	-0.01298	0.65813	0.00332	1	1.45898	0.81042	0	
1264752	8529.92285	3306098820891	0.68055	0.57709	8529.74121	0.18164	11738	1	0.68855	0.55177	1	0.63366	0.69087	1	0.66110	0.62132	1	0.48611	0.53723	10.66771	1.01980	1	0.74762	0.55846	12.45304	1.01980	1	-0.00381	-0.00905	0.65932	0.00363	1	0.06183	-0.01298	0.65813	0.00361	1	1.45898	0.81042	0	
1264753	8529.92871	3306098885253	0.68207	0.57713	8529.74121	0.18750	11738	1	0.74319	0.49153	1	0.70625	0.66457	1	0.72472	0.57805	1	0.48583	0.53689	10.07356	1.01178	1	0.74807	0.55855	12.38419	1.01178	1	-0.00381	-0.00905	0.65932	0.00373	1	0.06183	-0.01298	0.65813	0.00373	1	1.45898	0.81042	0	
1264754	8529.93555	3306098951600	0.68349	0.57716	8529.74121	0.19434	11738	1	0.74319	0.49153	1	0.70625	0.66457	1	0.72472	0.57805	1	0.48327	0.53880	10.85594	1.01178	1	0.74469	0.55881	12.20825	1.01178	1	-0.00439	-0.00949	0.68045	0.00291	1	0.06133	-0.01303	0.65805	0.00319	1	1.45898	0.81042	0	
1264755	8529.94238	3306099017219	0.68015	0.57823	8529.74121	0.20117	11738	1	0.60390	0.55609	1	0.55607	0.66481	1	0.57999	0.61045	1	0.48312	0.53843	10.31569	1.01980	1	0.74394	0.55870	11.59420	1.01980	1	-0.00439	-0.00949	0.68045	0.00312	1	0.06133	-0.01303	0.65805	0.00336	1	1.45898	0.81042	0	
1264756	8529.94922	3306099086203	0.67724	0.58018	8529.74121	0.20801	11738	1	0.60572	0.57407	1	0.56804	0.70693	1	0.58688	0.64050	1	0.48278	0.53879	11.16878	1.02782	1	0.74403	0.55910	11.67516	1.02782	1	-0.00439	-0.00949	0.68045	0.00284	1	0.06133	-0.01303	0.65805	0.00321	1	1.45898	0.81042	0	
1264757	8529.95605	3306099151582	0.67453	0.58182	8529.74121	0.21484	11738	1	0.60541	0.56938	1	0.57002	0.69931	1	0.58772	0.63435	1	0.48244	0.53746	9.88424	1.03583	1	0.74381	0.55910	12.01695	1.04349	1	-0.00450	-0.00957	0.68245	0.00334	1	0.06297	-0.01341	0.67728	0.00302	1	1.45898	0.81042	0	
1264758	8529.96289	3306099219265	0.65204	0.60473	8529.74121	0.21484	11738	0	0.57547	0.56175	1	0.53278	0.66630	1	0.55412	0.61402	1	0.48231	0.53851	10.23007	1.04349	1	0.74352	0.55894	11.26810	1.05115	1	-0.00450	-0.00957	0.68245	0.00281	1	0.06297	-0.01341	0.67728	0.00309	1	1.45898	0.81042	0	
1264759	8529.96875	3306099286328	0.60291	0.57082	8529.74121	0.21484	11738	0	0.58366	0.42030	1	0.52391	0.65352	1	0.55378	0.53691	1	0.48244	0.53710	9.87635	1.05115	1	0.74337	0.55897	11.46255	1.05881	1	-0.00450	-0.00957	0.68245	0.00341	1	0.06297	-0.01341	0.67728	0.00302	1	1.45898	0.81042	0	
1264760	8529.97559	3306099355615	0.58657	0.55793	8529.74121	0.21484	11738	0	0.58323	0.41478	1	0.52453	0.64953	1	0.55388	0.53216	1	0.48275	0.53854	10.43979	1.05881	1	0.74354	0.55910	11.45664	1.06647	1	-0.00450	-0.00957	0.68245	0.00319	1	0.06355	-0.01358	0.68345	0.00299	1	1.45898	0.81042	0	
1264761	8529.98242	3306099421542	0.55576	0.56553	8529.74121	0.21484	11738	0	0.59248	0.60327	1	0.52677	0.65180	1	0.55962	0.62754	1	0.48260	0.53908	10.45331	1.06647	1	0.74344	0.55891	11.53861	1.06647	1	-0.00450	-0.00957	0.68245	0.00292	1	0.06355	-0.01358	0.68345	0.00293	1	1.45898	0.81042	0	
1264762	8529.98926	3306099489370	0.55802	0.57582	8529.74121	0.21484	11738	0	0.59774	0.53865	1	0.52282	0.63355	1	0.56028	0.58610	1	0.48231	0.53879	10.28944	1.06647	1	0.74334	0.55884	11.28339	1.06647	1	-0.00450	-0.00957	0.68245	0.00295	1	0.06355	-0.01358	0.68345	0.00308	1	1.45898	0.81042	0	
1264763	8529.99609	3306099556804	0.55862	0.58144	8529.74121	0.21484	11738	0	0.59809	0.54344	1	0.52155	0.64194	1	0.55982	0.59269	1	0.48241	0.53858	9.72878	1.05845	1	0.74292	0.55920	11.09946	1.05079	1	-0.00441	-0.00921	0.66024	0.00298	1	0.06038	-0.01297	0.64997	0.00320	1	1.45898	0.81042	0	
1264764	8530.00293	3306099625016	0.55326	0.59076	8529.98242	0.02051	11739	1	0.58128	0.55969	1	0.49306	0.67776	1	0.53717	0.61872	1	0.48199	0.53853	9.48033	1.04278	1	0.74292	0.55909	11.09117	1.03512	1	-0.00441	-0.00921	0.66024	0.00294	1	0.06038	-0.01297	0.64997	0.00311	1	1.45898	0.81042	0	
1264765	8530.00977	3306099691812	0.55075	0.60021	8529.98242	0.02734	11739	1	0.59519	0.58087	1	0.48630	0.69513	1	0.54075	0.63800	1	0.48208	0.53839	9.11529	1.02710	1	0.74289	0.55928	11.16567	1.01944	1	-0.00441	-0.00921	0.66024	0.00300	1	0.06038	-0.01297	0.64997	0.00314	1	1.45898	0.81042	0	
1264766	8530.01660	3306099758128	0.54909	0.60719	8529.98242	0.03418	11739	1	0.59555	0.58531	1	0.48592	0.69894	1	0.54074	0.64212	1	0.48210	0.53911	9.93532	1.01944	1	0.74317	0.55909	11.19815	1.01178	1	-0.00454	-0.00943	0.67259	0.00283	1	0.06038	-0.01302	0.64997	0.00307	1	1.45898	0.81042	0	
1264767	8530.02246	3306099824598	0.54954	0.61324	8529.98242	0.04004	11739	1	0.59256	0.61268	1	0.51205	0.68628	1	0.55230	0.64948	1	0.48211	0.53909	10.03986	1.01980	1	0.74312	0.55909	11.39265	1.01980	1	-0.00454	-0.00943	0.67259	0.00284	1	0.06038	-0.01302	0.64997	0.00308	1	1.45898	0.81042	0	
1264768	8530.02930	3306099891550	0.54906	0.61836	8529.98242	0.04688	11739	1	0.59025	0.60366	1	0.50116	0.70482	1	0.54570	0.65424	1	0.48211	0.53909	10.03986	1.02782	1	0.74303	0.55917	11.21270	1.02782	1	-0.00454	-0.00943	0.67259	0.00284	1	0.06038	-0.01302	0.64997	0.00309	1	1.45898	0.81042	0	
1264769	8530.03613	3306099958310	0.54872	0.62168	8529.98242	0.05371	11739	1	0.58984	0.59919	1	0.50215	0.69722	1	0.54599	0.64821	1	0.48192	0.53886	9.42954	1.03583	1	0.74327	0.55926	11.31010	1.04349	1	-0.00454	-0.00943	0.67259	0.00299	1	0.06378	-0.01371	0.68706	0.00318	1	1.45898	0.81042	0	
1264770	8530.04297	3306100025552	0.54958	0.62419	8529.98242	0.06055	11739	1	0.58237	0.61113	1	0.53222	0.68257	1	0.55730	0.64685	1	0.48193	0.53913	9.29032	1.04349	1	0.74319	0.55915	11.21701	1.05115	1	-0.00454	-0.00943	0.67259	0.00306	1	0.06378	-0.01371	0.68706	0.00321	1	1.45898	0.81042	0	
1264771	8530.04980	3306100091795	0.55119	0.62802	8529.98242	0.06738	11739	1	0.59758	0.64026	1	0.53706	0.69230	1	0.56732	0.66628	1	0.48176	0.53950	9.82491	1.05115	1	0.74325	0.55926	11.35919	1.05881	1	-0.00454	-0.00943	0.67259	0.00301	1	0.06378	-0.01371	0.68706	0.00317	1	1.45898	0.81042	0	
1264772	8530.05664	3306100159606	0.55252	0.63105	8529.98242	0.07422	11739	1	0.59724	0.63636	1	0.53706	0.69230	1	0.56715	0.66433	1	0.48186	0.53973	10.38321	1.05881	1	0.74296	0.55930	10.60741	1.05881	1	-0.00469	-0.00958	0.67946	0.00288	1	0.06097	-0.01311	0.65732	0.00313	1	1.45898	0.81042	0	
1264773	8530.06348	3306100226425	0.55441	0.63523	8529.98242	0.08105	11739	1	0.63607	0.65343	1	0.51792	0.71733	1	0.57700	0.68538	1	0.48233	0.53993	9.85265	1.05881	1	0.74290	0.55952	10.67898	1.05115	1	-0.00469	-0.00958	0.67946	0.00305	1	0.06097	-0.01311	0.65732	0.00310	1	1.45898	0.81042	0	
1264774	8530.06934	3306100292892	0.55608	0.64035	8529.98242	0.08691	11739	1	0.63893	0.68705	1	0.51665	0.72682	1	0.57779	0.70694	1	0.48198	0.54002	10.75964	1.05115	1	0.74293	0.55976	11.09290	1.04349	1	-0.00469	-0.00958	0.67946	0.00281	1	0.06097	-0.01311	0.65732	0.00304	1	1.45898	0.81042	0	
1264775	8530.07617	3306100360538	0.55749	0.64527	8529.98242	0.09375	11739	1	0.63904	0.69433	1	0.51545	0.73398	1	0.57725	0.71416	1	0.48151	0.53955	9.47663	1.03547	1	0.74275	0.55900	10.67755	1.02782	1	-0.00457	-0.00925	0.65594	0.00283	1	0.06150	-0.01328	0.66309	0.00317	1	1.45898	0.81042	0	
1264776	8530.08301	3306100427576	0.55821	0.64563	8529.98242	0.10059	11739	1	0.61361	0.61019	1	0.52441	0.69186	1	0.56901	0.65102	1	0.48167	0.53970	8.96655	1.01980	1	0.74267	0.55904	11.47163	1.01980	1	-0.00457	-0.00925	0.65594	0.00299	1	0.06150	-0.01328	0.66309	0.00289	1	1.45898	0.81042	0	
1264777	8530.08984	3306100494174	0.55692	0.64840	8529.98242	0.10742	11739	1	0.58004	0.64787	1	0.49271	0.73749	1	0.53637	0.69268	1	0.48115	0.53976	9.63978	1.01178	1	0.74176	0.55961	11.94314	1.01178	1	-0.00457	-0.00925	0.65594	0.00282	1	0.06150	-0.01328	0.66309	0.00316	1	1.45898	0.81042	0	
1264778	8530.09668	3306100561835	0.55579	0.65076	8529.98242	0.11426	11739	1	0.58004	0.64787	1	0.49313	0.73397	1	0.53659	0.69092	1	0.47998	0.54017	8.97953	1.01178	1	0.74090	0.55911	10.69079	1.01944	1	-0.00506	-0.00982	0.68899	0.00275	1	0.06224	-0.01356	0.67488	0.00307	1	1.45898	0.81042	0	
1264779	8530.10352	3306100628828	0.55599	0.65114	8529.98242	0.12109	11739	1	0.57682	0.62382	1	0.54217	0.69208	1	0.55950	0.65795	1	0.47951	0.54090	9.53125	1.02746	1	0.74059	0.55904	10.40053	1.03512	1	-0.00506	-0.00982	0.68899	0.00276	1	0.06224	-0.01356	0.67488	0.00316	1	1.45898	0.81042	0	
1264780	8530.11035	3306100695556	0.55779	0.64983	8529.98242	0.12793	11739	1	0.59457	0.55054	1	0.58937	0.69947	1	0.59197	0.62500	1	0.47907	0.54010	9.00672	1.04313	1	0.74048	0.55937	10.76188	1.05079	1	-0.00506	-0.00982	0.68899	0.00262	1	0.06224	-0.01356	0.67488	0.00290	1	1.45898	0.81042	0	
1264781	8530.11719	3306100762170	0.55947	0.64801	8529.98242	0.13477	11739	1	0.59340	0.53568	1	0.59293	0.68750	1	0.59316	0.61159	1	0.47583	0.54163	9.80537	1.06790	1	0.73671	0.55954	10.91346	1.07556	1	-0.00580	-0.01016	0.70909	0.00298	1	0.06221	-0.01369	0.68121	0.00283	1	1.45898	0.81042	0	
1264782	8530.12305	3306100828738	0.55287	0.64962	8529.98242	0.14062	11739	1	0.43942	0.69650	1	0.38902	0.67049	1	0.41422	0.68350	1	0.47589	0.54165	10.32084	1.08464	1	0.73643	0.55940	10.93960	1.08464	1	-0.00580	-0.01016	0.70909	0.00283	1	0.06221	-0.01369	0.68121	0.00279	1	1.45898	0.81042	0	
1264783	8530.12988	3306100896710	0.54699	0.65023	8529.98242	0.14746	11739	1	0.46139	0.65094	1	0.37387	0.67642	1	0.41763	0.66368	1	0.47593	0.54140	10.22077	1.09373	1	0.73640	0.55954	11.10074	1.09373	1	-0.00580	-0.01016	0.70909	0.00292	1	0.06221	-0.01369	0.68121	0.00279	1	1.45898	0.81042	0	
1264784	8530.13672	3306100961629	0.54160	0.65079	8529.98242	0.15430	11739	1	0.46139	0.65094	1	0.37387	0.67642	1	0.41763	0.66368	1	0.47548	0.54138	9.87364	1.09373	1	0.73620	0.55965	11.45609	1.09373	1	-0.00566	-0.00976	0.67443	0.00283	1	0.06155	-0.01359	0.67617	0.00280	1	1.45898	0.81042	0	
1264785	8530.14355	3306101030359	0.51562	0.67017	8529.98242	0.15430	11739	0	0.43117	0.66889	1	0.36140	0.69305	1	0.39629	0.68097	1	0.47531	0.54149	10.18972	1.08464	1	0.73617	0.55968	11.47982	1.08464	1	-0.00566	-0.00976	0.67443	0.00280	1	0.06155	-0.01359	0.67617	0.00283	1	1.45898	0.81042	0	
1264786	8530.15039	3306101097321	0.47527	0.68637	8529.98242	0.15430	11739	0	0.46715	0.68628	1	0.40269	0.71886	1	0.43492	0.70257	1	0.47525	0.54156	10.34829	1.07556	1	0.73634	0.55976	11.15820	1.07556	1	-0.00566	-0.00976	0.67443	0.00271	1	0.06155	-0.01359	0.67617	0.00294	1	1.45898	0.81042	0	
1264787	8530.15723	3306101164082	0.46182	0.69177	8529.98242	0.15430	11739	0	0.46715	0.68628	1	0.40269	0.71886	1	0.43492	0.70257	1	0.47506	0.54173	10.02358	1.07556	1	0.73594	0.55913	10.41965	1.07556	1	-0.00593	-0.01018	0.69947	0.00270	1	0.06155	-0.01359	0.67617	0.00304	1	1.45898	0.81042	0	
1264788	8530.16406	3306101231352	0.45136	0.69905	8530.14355	0.02051	11740	1	0.43033	0.71888	1	0.40963	0.72290	1	0.41998	0.72089	1	0.47498	0.54198	9.99310	1.08464	1	0.73612	0.55977	10.78804	1.08464	1	-0.00593	-0.01018	0.69947	0.00273	1	0.06155	-0.01359	0.67617	0.00296	1	1.45898	0.81042	0	
1264789	8530.16992	3306101298043	0.44569	0.69856	8530.14355	0.02637	11740	1	0.43308	0.70688	1	0.41291	0.68630	1	0.42300	0.69659	1	0.47500	0.54184	10.03073	1.09373	1	0.73613	0.55964	10.64483	1.09373	1	-0.00593	-0.01018	0.69947	0.00276	1	0.06155	-0.01359	0.67617	0.00283	1	1.45898	0.81042	0	
1264790	8530.17676	3306101365345	0.44190	0.69823	8530.14355	0.03320	11740	1	0.43308	0.70688	1	0.41291	0.68630	1	0.42300	0.69659	1	0.47504	0.54213	10.19693	1.09373	1	0.73581	0.55967	10.38975	1.09373	1	-0.00584	-0.01000	0.68362	0.00277	1	0.06177	-0.01371	0.67974	0.00280	1	1.45898	0.81042	0	
1264791	8530.18359	3306101432043	0.43739	0.69474	8530.14355	0.04004	11740	1	0.43029	0.70733	1	0.39030	0.64023	1	0.41030	0.67378	1	0.47496	0.54193	10.14691	1.08464	1	0.73571	0.55903	10.40394	1.08464	1	-0.00584	-0.01000	0.68362	0.00283	1	0.06177	-0.01371	0.67974	0.00302	1	1.45898	0.81042	0	
1264792	8530.19043	3306101500336	0.43383	0.69866	8530.14355	0.04688	11740	1	0.42861	0.73453	1	0.38922	0.71765	1	0.40892	0.72609	1	0.47491	0.54200	10.07974	1.07556	1	0.73575	0.55972	10.77613	1.07556	1	-0.00584	-0.01000	0.68362	0.00280	1	0.06177	-0.01371	0.67974	0.00276	1	1.45898	0.81042	0	
1264793	8530.19727	3306101566222	0.43118	0.70214	8530.14355	0.05371	11740	1	0.43033	0.73831	1	0.38960	0.72170	1	0.40996	0.73001	1	0.47487	0.54224	9.88893	1.06647	1	0.73528	0.55991	11.58972	1.06647	1	-0.00587	-0.00988	0.67538	0.00284	1	0.07203	-0.01593	0.79256	0.00286	1	1.45898	0.81042	0	
1264794	8530.20410	3306101633236	0.42866	0.69809	8530.14355	0.06055	11740	1	0.45240	0.69454	1	0.35956	0.62877	1	0.40598	0.66165	1	0.47508	0.54158	9.95191	1.06647	1	0.73528	0.55934	10.97648	1.06647	1	-0.00587	-0.00988	0.67538	0.00267	1	0.07203	-0.01593	0.79256	0.00307	1	1.45898	0.81042	0	
1264795	8530.21094	3306101700111	0.42722	0.69827	8530.14355	0.06738	11740	1	0.43736	0.71154	1	0.38826	0.68863	1	0.41281	0.70009	1	0.47501	0.54173	9.80571	1.06647	1	0.73573	0.56001	11.17799	1.06647	1	-0.00587	-0.00988	0.67538	0.00276	1	0.07203	-0.01593	0.79256	0.00301	1	1.45898	0.81042	0	
1264796	8530.21680	3306101767272	0.42602	0.69842	8530.14355	0.07324	11740	1	0.43736	0.71154	1	0.38826	0.68863	1	0.41281	0.70009	1	0.47473	0.54189	9.88774	1.06647	1	0.73573	0.56001	11.17799	1.06647	1	-0.00587	-0.00988	0.67538	0.00277	1	0.06116	-0.01355	0.67413	0.00301	1	1.45898	0.81042	0	
1264797	8530.22363	3306101834109	0.42467	0.69850	8530.14355	0.08008	11740	1	0.44123	0.73051	1	0.37572	0.66839	1	0.40847	0.69945	1	0.47463	0.54201	9.80381	1.06647	1	0.73551	0.55990	11.17830	1.06647	1	-0.00587	-0.00988	0.67538	0.00283	1	0.06116	-0.01355	0.67413	0.00295	1	1.45898	0.81042	0	
1264798	8530.23047	3306101901083	0.42355	0.69891	8530.14355	0.08691	11740	1	0.44858	0.74722	1	0.36932	0.66121	1	0.40895	0.70422	1	0.47468	0.54223	10.80593	1.06647	1	0.73540	0.55975	11.34343	1.06647	1	-0.00587	-0.00988	0.67538	0.00277	1	0.06116	-0.01355	0.67413	0.00304	1	1.45898	0.81042	0	
1264799	8530.23730	3306101968879	0.42257	0.69926	8530.14355	0.09375	11740	1	0.44858	0.74722	1	0.36932	0.66121	1	0.40895	0.70422	1	0.47455	0.54241	10.26015	1.06647	1	0.73543	0.55956	10.22463	1.06647	1	-0.00587	-0.00988	0.67538	0.00284	1	0.06116	-0.01360	0.67413	0.00318	1	1.45898	0.81042	0	
1264800	8530.24414	3306102035372	0.42230	0.70142	8530.14355	0.10059	11740	1	0.44381	0.76931	1	0.39271	0.69821	1	0.41826	0.73376	1	0.47468	0.54253	10.58862	1.06647	1	0.73581	0.55987	10.84913	1.06647	1	-0.00587	-0.00988	0.67538	0.00284	1	0.06116	-0.01360	0.67413	0.00320	1	1.45898	0.81042	0	
1264801	8530.25098	3306102102238	0.42186	0.70294	8530.14355	0.10742	11740	1	0.46488	0.81417	1	0.36456	0.64033	1	0.41472	0.72725	1	0.47444	0.54268	10.45232	1.06647	1	0.73534	0.55970	10.33011	1.06647	1	-0.00587	-0.00988	0.67538	0.00286	1	0.06116	-0.01360	0.67413	0.00322	1	1.45898	0.81042	0	
1264802	8530.25781	3306102168850	0.42146	0.70429	8530.14355	0.11426	11740	1	0.46488	0.81417	1	0.36456	0.64033	1	0.41472	0.72725	1	0.47427	0.54237	10.15024	1.06647	1	0.73530	0.55999	10.25924	1.06647	1	-0.00587	-0.00988	0.67538	0.00300	1	0.06116	-0.01360	0.67413	0.00306	1	1.45898	0.81042	0	
1264803	8530.26367	3306102235971	0.42158	0.70359	8530.14355	0.12012	11740	1	0.46294	0.76937	1	0.38448	0.61262	1	0.42371	0.69100	1	0.47446	0.54236	10.07808	1.06647	1	0.73511	0.55978	10.37546	1.06647	1	-0.00587	-0.00988	0.67538	0.00290	1	0.06116	-0.01360	0.67413	0.00301	1	1.45898	0.81042	0	
1264804	8530.27051	3306102303090	0.42141	0.70169	8530.14355	0.12695	11740	1	0.45172	0.72364	1	0.38470	0.60767	1	0.41821	0.66565	1	0.47436	0.54240	10.04229	1.06647	1	0.73518	0.55954	10.46662	1.06647	1	-0.00587	-0.00988	0.67538	0.00290	1	0.06116	-0.01360	0.67413	0.00313	1	1.45898	0.81042	0	
1264805	8530.27734	3306102370317	0.42127	0.70008	8530.14355	0.13379	11740	1	0.45172	0.72364	1	0.38505	0.61189	1	0.41838	0.66777	1	0.47446	0.54246	10.22656	1.06647	1	0.73508	0.55958	10.29583	1.05881	1	-0.00605	-0.01005	0.68376	0.00289	1	0.05844	-0.01301	0.64470	0.00313	1	1.45898	0.81042	0	
1264806	8530.28418	3306102437214	0.42067	0.69858	8530.14355	0.14062	11740	1	0.44699	0.73936	1	0.36952	0.59498	1	0.40825	0.66717	1	0.47434	0.54245	10.21913	1.05881	1	0.73504	0.55946	10.26250	1.05115	1	-0.00605	-0.01005	0.68376	0.00294	1	0.05844	-0.01301	0.64470	0.00313	1	1.45898	0.81042	0	
1264807	8530.29102	3306102503770	0.42043	0.69867	8530.14355	0.14746	11740	1	0.45053	0.77972	1	0.37948	0.62166	1	0.41500	0.70069	1	0.47431	0.54254	10.84791	1.05115	1	0.73503	0.55954	10.42106	1.04349	1	-0.00605	-0.01005	0.68376	0.00285	1	0.05844	-0.01301	0.64470	0.00309	1	1.45898	0.81042	0	
1264808	8530.29688	3306102568088	0.42024	0.69891	8530.14355	0.15332	11740	1	0.45187	0.78264	1	0.37988	0.62588	1	0.41587	0.70426	1	0.47421	0.54268	11.05241	1.04349	1	0.73481	0.56005	11.24130	1.03583	1	-0.00605	-0.01005	0.68376	0.00286	1	0.05844	-0.01301	0.64470	0.00295	1	1.45898	0.81042	0	
1264809	8530.30469	3306102637846	0.42039	0.69851	8530.14355	0.16113	11740	1	0.45381	0.73916	1	0.39441	0.63894	1	0.42411	0.68905	1	0.47432	0.54245	10.20399	1.03583	1	0.73502	0.55957	10.34112	1.03583	1	-0.00605	-0.01005	0.68376	0.00302	1	0.05844	-0.01301	0.64470	0.00312	1	1.45898	0.81042	0	
1264810	8530.31055	3306102703501	0.42081	0.69817	8530.14355	0.16699	11740	1	0.45980	0.74237	1	0.40257	0.63684	1	0.43118	0.68960	1	0.47449	0.54247	10.03059	1.03583	1	0.73514	0.55972	10.63835	1.03583	1	-0.00605	-0.01005	0.68376	0.00288	1	0.05844	-0.01301	0.64470	0.00308	1	1.45898	0.81042	0	
1264811	8530.31738	3306102771372	0.42119	0.69785	8530.14355	0.17383	11740	1	0.45980	0.74237	1	0.40257	0.63684	1	0.43118	0.68960	1	0.47442	0.54221	9.83504	1.03583	1	0.73496	0.55942	10.30953	1.03583	1	-0.00605	-0.01005	0.68376	0.00305	1	0.05844	-0.01301	0.64470	0.00327	1	1.45898	0.81042	0	
1264812	8530.32422	3306102837686	0.42127	0.69823	8530.14355	0.18066	11740	1	0.44633	0.73741	1	0.40020	0.67967	1	0.42327	0.70854	1	0.47416	0.54234	10.27523	1.03583	1	0.73505	0.55958	10.25847	1.03583	1	-0.00605	-0.01005	0.68376	0.00304	1	0.05844	-0.01301	0.64470	0.00316	1	1.45898	0.81042	0	
1264813	8530.33105	3306102904271	0.42142	0.69829	8530.14355	0.18750	11740	1	0.45120	0.71995	1	0.40020	0.67967	1	0.42570	0.69981	1	0.47438	0.54232	10.13067	1.03583	1	0.73505	0.55958	10.25847	1.03583	1	-0.00605	-0.01005	0.68376	0.00302	1	0.05844	-0.01301	0.64470	0.00316	1	1.45898	0.81042	0	
1264814	8530.33789	3306102971064	0.42156	0.69834	8530.14355	0.19434	11740	1	0.45120	0.71995	1	0.40020	0.67967	1	0.42570	0.69981	1	0.47421	0.54232	10.35975	1.03583	1	0.73492	0.55987	10.33233	1.03583	1	-0.00605	-0.01005	0.68376	0.00301	1	0.05844	-0.01301	0.64470	0.00302	1	1.45898	0.81042	0	
1264815	8530.34375	3306103037523	0.42135	0.69811	8530.14355	0.20020	11740	1	0.44028	0.73099	1	0.38970	0.65144	1	0.41499	0.69122	1	0.47421	0.54224	10.25093	1.03583	1	0.73497	0.55996	10.32843	1.03583	1	-0.00605	-0.01005	0.68376	0.00307	1	0.05844	-0.01301	0.64470	0.00302	1	1.45898	0.81042	0	
1264816	8530.35059	3306103103995	0.42149	0.69813	8530.14355	0.20703	11740	1	0.46002	0.75745	1	0.39159	0.64017	1	0.42581	0.69881	1	0.47430	0.54264	10.67104	1.03583	1	0.73492	0.55987	10.33233	1.03583	1	-0.00605	-0.01005	0.68376	0.00288	1	0.05844	-0.01301	0.64470	0.00302	1	1.45898	0.81042	0	
1264817	8530.35742	3306103171755	0.42159	0.69802	8530.14355	0.21387	11740	1	0.45849	0.75374	1	0.39122	0.63528	1	0.42485	0.69451	1	0.47425	0.54240	10.11084	1.04492	1	0.73521	0.55991	10.97201	1.04492	1	-0.00618	-0.01030	0.70432	0.00303	1	0.05844	-0.01301	0.64470	0.00293	1	1.45898	0.81042	0	
1264818	8530.36426	3306103238760	0.42126	0.69833	8530.14355	0.22070	11740	1	0.44235	0.75678	1	0.37850	0.66040	1	0.41043	0.70859	1	0.47448	0.54175	10.17855	1.05400	1	0.73520	0.55917	10.55037	1.05400	1	-0.00618	-0.01030	0.70432	0.00277	1	0.05844	-0.01301	0.64470	0.00302	1	1.45898	0.81042	0	
1264819	8530.37109	3306103305183	0.42001	0.69883	8530.14355	0.22754	11740	1	0.42272	0.74361	1	0.33237	0.68788	1	0.37754	0.71575	1	0.47461	0.54107	9.98795	1.06309	1	0.73520	0.55889	10.42562	1.06309	1	-0.00618	-0.01030	0.70432	0.00273	1	0.05844	-0.01301	0.64470	0.00268	1	1.45898	0.81042	0	
1264820	8530.37793	3306103374022	0.41879	0.69914	8530.14355	0.23438	11740	1	0.42093	0.73987	1	0.33079	0.67990	1	0.37586	0.70988	1	0.47525	0.53855	9.66067	1.07217	1	0.73636	0.55671	11.40190	1.07983	1	-0.00584	-0.00978	0.70122	0.00343	1	0.06214	-0.01331	0.68266	0.00360	1	1.45898	0.81042	0	
1264821	8530.38477	3306103438553	0.41959	0.69394	8530.14355	0.24121	11740	1	0.45222	0.56061	1	0.44483	0.45343	1	0.44853	0.50702	1	0.47605	0.53768	10.28203	1.07983	1	0.73691	0.55570	11.23655	1.08749	1	-0.00584	-0.00978	0.70122	0.00312	1	0.06214	-0.01331	0.68266	0.00333	1	1.45898	0.81042	0	
1264822	8530.39160	3306103508597	0.41993	0.69030	8530.14355	0.24805	11740	1	0.48982	0.59209	1	0.37538	0.51902	1	0.43260	0.55556	1	0.47704	0.53776	11.12940	1.08749	1	0.73664	0.55551	11.28023	1.09515	1	-0.00584	-0.00978	0.70122	0.00322	1	0.06214	-0.01331	0.68266	0.00302	1	1.45898	0.81042	0	
1264823	8530.39844	3306103575804	0.42026	0.68687	8530.14355	0.25488	11740	1	0.49001	0.59286	1	0.37546	0.51990	1	0.43273	0.55638	1	0.47724	0.53250	10.22514	1.08607	1	0.73775	0.55313	10.84838	1.09373	1	-0.00547	-0.00918	0.68793	0.00219	1	0.06204	-0.01281	0.68042	0.00380	1	1.45898	0.81042	0	
1264824	8530.40430	3306103642457	0.42350	0.63505	8530.14355	0.25488	11740	0	0.49877	0.38213	1	0.47580	0.38434	1	0.48729	0.38324	1	0.47764	0.53424	9.98023	1.08464	1	0.73815	0.55291	11.39554	1.08464	1	-0.00547	-0.00918	0.68793	0.00358	1	0.06204	-0.01281	0.68042	0.00354	1	1.45898	0.81042	0	
1264825	8530.41113	3306103709737	0.45184	0.46772	8530.14355	0.25488	11740	0	0.49877	0.38213	0	0.48018	0.30039	1	0.48018	0.30039	1	0.47764	0.53424	9.98023	1.07556	0	0.73816	0.55170	10.94551	1.07556	1	-0.00547	-0.00918	0.68793	0.00358	1	0.06204	-0.01281	0.68042	0.00403	1	1.45898	0.81042	0	
1264826	8530.41797	3306103776606	0.45184	0.46772	8530.14355	0.25488	11740	0	0.49877	0.38213	0	0.48018	0.30039	0	0.48018	0.30039	0	0.47764	0.53424	9.98023	1.06647	0	0.73816	0.55170	10.94551	1.06647	0	-0.00547	-0.00918	0.68793	0.00358	1	0.06204	-0.01281	0.68042	0.00403	1	1.45898	0.81042	0	
1264827	8530.42480	3306103843310	0.48018	0.30039	8530.14355	0.25488	11740	0	0.49877	0.38213	0	0.48018	0.30039	0	0.48018	0.30039	0	0.47764	0.53424	9.98023	1.06647	0	0.73816	0.55170	10.94551	1.06647	0	-0.00547	-0.00918	0.68793	0.00358	1	0.06204	-0.01281	0.68042	0.00403	1	1.45898	0.81042	0	
1264828	8530.43164	3306103911165	0.46503	0.33783	8530.14355	0.25488	11740	0	0.49877	0.38213	0	0.44988	0.37527	1	0.44988	0.37527	1	0.47764	0.53424	9.98023	1.06647	0	0.73817	0.55292	11.23994	1.06647	1	-0.00547	-0.00918	0.68793	0.00358	1	0.06204	-0.01281	0.68042	0.00385	1	1.45898	0.81042	0	
1264829	8530.43848	3306103977452	0.46503	0.33783	8530.14355	0.25488	11740	0	0.49877	0.38213	0	0.44988	0.37527	0	0.44988	0.37527	0	0.47764	0.53424	9.98023	1.06647	0	0.73817	0.55292	11.23994	1.06647	0	-0.00547	-0.00918	0.68793	0.00358	1	0.06204	-0.01281	0.68042	0.00385	1	1.45898	0.81042	0	
1264830	8530.44531	3306104044533	0.44988	0.37527	8530.14355	0.25488	11740	0	0.49877	0.38213	0	0.44988	0.37527	0	0.44988	0.37527	0	0.47764	0.53424	9.98023	1.06647	0	0.73817	0.55292	11.23994	1.06647	0	-0.00547	-0.00918	0.68793	0.00358	1	0.06204	-0.01281	0.68042	0.00385	1	1.45898	0.81042	0	
1264831	8530.45117	3306104111233	0.44988	0.37527	8530.14355	0.25488	11740	0	0.49877	0.38213	0	0.44988	0.37527	0	0.44988	0.37527	0	0.47764	0.53424	9.98023	1.06647	0	0.73817	0.55292	11.23994	1.06647	0	-0.00547	-0.00918	0.68793	0.00358	1	0.06204	-0.01281	0.68042	0.00385	1	1.45898	0.81042	0	
1264832	8530.45801	3306104178602	0.44988	0.37527	8530.14355	0.25488	11740	0	0.49877	0.38213	0	0.44988	0.37527	0	0.44988	0.37527	0	0.47764	0.53424	9.98023	1.06647	0	0.73817	0.55292	11.23994	1.06647	0	-0.00547	-0.00918	0.68793	0.00358	1	0.06204	-0.01281	0.68042	0.00385	1	1.45898	0.81042	0	
1264833	8530.46484	3306104245338	0.00000	0.00000	8530.14355	0.25488	11740	0	0.49877	0.38213	0	0.44988	0.37527	0	0.44988	0.37527	0	0.47764	0.53424	9.98023	1.06647	0	0.73817	0.55292	11.23994	1.06647	0	-0.00547	-0.00918	0.68793	0.00358	1	0.06204	-0.01281	0.68042	0.00385	1	1.45898	0.81042	0	
1264834	8530.47168	3306104311986	0.00000	0.00000	8530.14355	0.25488	11740	0	0.49877	0.38213	0	0.44988	0.37527	0	0.44988	0.37527	0	0.47764	0.53424	9.98023	1.06647	0	0.73817	0.55292	11.23994	1.06647	0	-0.00547	-0.00918	0.68793	0.00358	1	0.06204	-0.01281	0.68042	0.00385	1	1.45898	0.81042	0	
1264835	8530.47852	3306104379292	0.00000	0.00000	8530.14355	0.25488	11740	0	0.49877	0.38213	0	0.44988	0.37527	0	0.44988	0.37527	0	0.47764	0.53424	9.98023	1.06647	0	0.73817	0.55292	11.23994	1.06647	0	-0.00547	-0.00918	0.68793	0.00358	1	0.06204	-0.01281	0.68042	0.00385	1	1.45898	0.81042	0	
1264836	8530.48535	3306104448185	0.00000	0.00000	8530.14355	0.25488	11740	0	0.49877	0.38213	0	0.44988	0.37527	0	0.44988	0.37527	0	0.47764	0.53424	9.98023	1.06647	0	0.73817	0.55292	11.23994	1.06647	0	-0.00547	-0.00918	0.68793	0.00358	1	0.06204	-0.01281	0.68042	0.00385	1	1.45898	0.81042	0	
1264837	8530.49219	3306104512980	0.00000	0.00000	8530.14355	0.25488	11740	0	0.49877	0.38213	0	0.44988	0.37527	0	0.44988	0.37527	0	0.47764	0.53424	9.98023	1.06647	0	0.73817	0.55292	11.23994	1.06647	0	-0.00547	-0.00918	0.68793	0.00358	1	0.06204	-0.01281	0.68042	0.00385	1	1.45898	0.81042	0	
1264838	8530.49902	3306104580692	0.23773	0.19270	8530.14355	0.25488	11740	0	0.50102	0.39552	1	0.44988	0.37527	1	0.47545	0.38540	1	0.47751	0.53139	10.81718	1.06647	1	0.73881	0.55208	11.13175	1.06647	1	-0.00547	-0.00898	0.68794	0.00217	1	0.06261	-0.01281	0.68326	0.00403	1	1.45898	0.81042	0	
1264839	8530.50488	3306104647425	0.47521	0.33152	8530.14355	0.25488	11740	0	0.47884	0.19649	1	0.47109	0.35880	1	0.47496	0.27764	1	0.47748	0.53147	10.63703	1.06647	1	0.73879	0.55235	11.20666	1.06647	1	-0.00547	-0.00898	0.68794	0.00208	1	0.06261	-0.01281	0.68326	0.00386	1	1.45898	0.81042	0	
1264840	8530.51172	3306104712829	0.47569	0.29829	8530.14355	0.25488	11740	0	0.47846	0.19248	1	0.47390	0.33764	1	0.47618	0.26506	1	0.47754	0.53146	10.90078	1.06647	1	0.73888	0.55227	10.95257	1.06647	1	-0.00547	-0.00898	0.68794	0.00220	1	0.06261	-0.01281	0.68326	0.00388	1	1.45898	0.81042	0	
1264841	8530.51855	3306104781227	0.47591	0.28604	8530.14355	0.25488	11740	0	0.47846	0.19248	1	0.47421	0.33061	1	0.47633	0.26155	1	0.47745	0.53126	11.14116	1.06647	1	0.73855	0.55287	11.45397	1.07515	1	-0.00547	-0.00898	0.68794	0.00211	1	0.06473	-0.01326	0.70701	0.00380	1	1.45898	0.81042	0	
1264842	8530.52539	3306104848504	0.47464	0.28881	8530.50488	0.02051	11741	1	0.47015	0.20961	1	0.47151	0.38457	1	0.47083	0.29709	1	0.47734	0.53129	10.26596	1.07515	1	0.73888	0.55228	11.14794	1.08383	1	-0.00547	-0.00898	0.68794	0.00222	1	0.06473	-0.01326	0.70701	0.00391	1	1.45898	0.81042	0	
1264843	8530.53223	3306104915314	0.47400	0.28069	8530.50488	0.02734	11741	1	0.47208	0.15725	1	0.47077	0.33916	1	0.47143	0.24820	1	0.47745	0.53125	11.10300	1.08383	1	0.73884	0.55191	10.99885	1.09251	1	-0.00547	-0.00898	0.68794	0.00212	1	0.06473	-0.01326	0.70701	0.00410	1	1.45898	0.81042	0	
1264844	8530.53906	3306104981820	0.47346	0.27459	8530.50488	0.03418	11741	1	0.47085	0.14902	1	0.47077	0.33916	1	0.47081	0.24409	1	0.47725	0.53114	10.56446	1.09251	1	0.73886	0.55253	11.17005	1.09251	1	-0.00547	-0.00898	0.68794	0.00216	1	0.06145	-0.01252	0.67062	0.00376	1	1.45898	0.81042	0	
1264845	8530.54492	3306105049175	0.47067	0.27761	8530.50488	0.04004	11741	1	0.47571	0.18887	1	0.43214	0.40260	1	0.45392	0.29573	1	0.47747	0.53124	10.55266	1.09251	1	0.73870	0.55239	11.17690	1.08383	1	-0.00547	-0.00898	0.68794	0.00219	1	0.06145	-0.01252	0.67062	0.00380	1	1.45898	0.81042	0	
1264846	8530.55176	3306105116178	0.45669	0.26324	8530.50488	0.04688	11741	1	0.47571	0.18887	0	0.35879	0.16266	1	0.35879	0.16266	1	0.47747	0.53124	10.55266	1.08383	0	0.47754	0.53142	10.81710	1.07515	1	-0.00547	-0.00898	0.68794	0.00219	1	0.06145	-0.01252	0.67062	0.00215	1	1.45898	0.81042	0	
1264847	8530.55859	3306105181320	0.44588	0.25298	8530.50488	0.05371	11741	1	0.47571	0.18887	0	0.35937	0.17095	1	0.35937	0.17095	1	0.47747	0.53124	10.55266	1.07515	0	0.47741	0.53102	10.38970	1.06647	1	-0.00547	-0.00898	0.68794	0.00219	1	-0.00547	-0.00898	0.68794	0.00216	1	1.45898	0.81042	0	
1264848	8530.56543	3306105250488	0.43663	0.24073	8530.50488	0.06055	11741	1	0.47571	0.18887	0	0.35341	0.13041	1	0.35341	0.13041	1	0.47747	0.53124	10.55266	1.06647	0	0.47752	0.53092	10.50881	1.06647	1	-0.00547	-0.00898	0.68794	0.00219	1	-0.00547	-0.00898	0.68794	0.00213	1	1.45898	0.81042	0	
1264849	8530.57227	3306105317529	0.42934	0.23283	8530.50488	0.06738	11741	1	0.47571	0.18887	0	0.35644	0.15385	1	0.35644	0.15385	1	0.47747	0.53124	10.55266	1.06647	0	0.47743	0.53108	10.39639	1.06647	1	-0.00547	-0.00898	0.68794	0.00219	1	-0.00547	-0.00898	0.68794	0.00217	1	1.45898	0.81042	0	
1264850	8530.57910	3306105384101	0.42326	0.22625	8530.50488	0.07422	11741	1	0.47571	0.18887	0	0.35644	0.15385	1	0.35644	0.15385	1	0.47747	0.53124	10.55266	1.06647	0	0.47730	0.53087	10.60357	1.06647	1	-0.00547	-0.00898	0.68794	0.00219	1	-0.00542	-0.00879	0.68174	0.00225	1	1.45898	0.81042	0	
1264851	8530.58594	3306105451140	0.41802	0.21727	8530.50488	0.08105	11741	1	0.47571	0.18887	0	0.35514	0.10959	1	0.35514	0.10959	1	0.47747	0.53124	10.55266	1.06647	0	0.47753	0.53071	10.64678	1.06647	1	-0.00547	-0.00898	0.68794	0.00219	1	-0.00542	-0.00879	0.68174	0.00221	1	1.45898	0.81042	0	
1264852	8530.59277	3306105518054	0.41378	0.20902	8530.50488	0.08789	11741	1	0.47571	0.18887	0	0.35863	0.10174	1	0.35863	0.10174	1	0.47747	0.53124	10.55266	1.06647	0	0.47751	0.53077	10.51665	1.06647	1	-0.00547	-0.00898	0.68794	0.00219	1	-0.00542	-0.00879	0.68174	0.00222	1	1.45898	0.81042	0	
1264853	8530.59863	3306105585192	0.39365	0.18082	8530.50488	0.08789	11741	0	0.47571	0.18887	0	0.35863	0.10174	1	0.35863	0.10174	1	0.47747	0.53124	10.55266	1.06647	0	0.47762	0.53085	10.58019	1.06647	1	-0.00547	-0.00898	0.68794	0.00219	1	-0.00542	-0.00879	0.68174	0.00226	1	1.45898	0.81042	0	
1264854	8530.60547	3306105652123	0.38234	0.14366	8530.50488	0.08789	11741	0	0.47571	0.18887	0	0.37103	0.10650	1	0.37103	0.10650	1	0.47747	0.53124	10.55266	1.06647	0	0.47769	0.53076	10.67533	1.06647	1	-0.00547	-0.00898	0.68794	0.00219	1	-0.00542	-0.00879	0.68174	0.00230	1	1.45898	0.81042	0	
1264855	8530.61230	3306105717297	0.37815	0.13552	8530.50488	0.08789	11741	0	0.47571	0.18887	0	0.36976	0.11923	1	0.36976	0.11923	1	0.47747	0.53124	10.55266	1.06647	0	0.47762	0.53074	10.88675	1.06647	1	-0.00547	-0.00898	0.68794	0.00219	1	-0.00542	-0.00879	0.68174	0.00221	1	1.45898	0.81042	0	
1264856	8530.61914	3306105786097	0.38975	0.14311	8530.59863	0.02051	11742	1	0.47932	0.21258	1	0.36976	0.11923	1	0.42454	0.16590	1	0.47775	0.53062	11.00454	1.06647	1	0.73924	0.55233	11.80273	1.06647	1	-0.00542	-0.00869	0.68174	0.00227	1	0.06304	-0.01272	0.68689	0.00381	1	1.45898	0.81042	0	
1264857	8530.62598	3306105852312	0.41005	0.18674	8530.59863	0.02734	11742	1	0.51524	0.33715	1	0.46724	0.38531	1	0.49124	0.36123	1	0.47794	0.53303	10.63401	1.06647	1	0.73921	0.55217	11.61756	1.06647	1	-0.00542	-0.00869	0.68174	0.00359	1	0.06304	-0.01272	0.68689	0.00387	1	1.45898	0.81042	0	
1264858	8530.63281	3306105920332	0.42256	0.20004	8530.59863	0.03418	11742	1	0.49182	0.17016	1	0.47841	0.36294	1	0.48512	0.26655	1	0.47773	0.53061	10.97530	1.06647	1	0.73932	0.55190	11.52237	1.06647	1	-0.00542	-0.00869	0.68174	0.00227	1	0.06304	-0.01272	0.68689	0.00394	1	1.45898	0.81042	0	
1264859	8530.63867	3306105986736	0.43149	0.20954	8530.59863	0.04004	11742	1	0.49182	0.17016	1	0.47841	0.36294	1	0.48512	0.26655	1	0.47787	0.53055	10.92392	1.06647	1	0.73936	0.55232	11.12569	1.06647	1	-0.00535	-0.00874	0.68573	0.00219	1	0.06158	-0.01241	0.66985	0.00387	1	1.45898	0.81042	0	
1264860	8530.64551	3306106053723	0.43692	0.21833	8530.59863	0.04688	11742	1	0.48730	0.15552	1	0.46253	0.40423	1	0.47492	0.27988	1	0.47790	0.53052	10.98854	1.06647	1	0.73957	0.55238	11.39544	1.06647	1	-0.00535	-0.00874	0.68573	0.00215	1	0.06158	-0.01241	0.66985	0.00378	1	1.45898	0.81042	0	
1264861	8530.65234	3306106120905	0.44156	0.22127	8530.59863	0.05371	11742	1	0.50768	0.15780	1	0.44968	0.33173	1	0.47868	0.24476	1	0.47791	0.53068	10.76550	1.06647	1	0.73963	0.55164	10.92033	1.06647	1	-0.00535	-0.00874	0.68573	0.00215	1	0.06158	-0.01241	0.66985	0.00407	1	1.45898	0.81042	0	
1264862	8530.65918	3306106187820	0.44527	0.22393	8530.59863	0.06055	11742	1	0.50768	0.15780	1	0.44957	0.33796	1	0.47863	0.24788	1	0.47786	0.53080	10.61885	1.06647	1	0.73944	0.55227	11.80494	1.05881	1	-0.00535	-0.00874	0.68573	0.00225	1	0.06035	-0.01217	0.65708	0.00400	1	1.45898	0.81042	0	
1264863	8530.66602	3306106253650	0.44872	0.23203	8530.59863	0.06738	11742	1	0.50055	0.18174	1	0.46586	0.44437	1	0.48321	0.31305	1	0.47780	0.53079	10.79740	1.05881	1	0.73923	0.55268	11.72374	1.05115	1	-0.00535	-0.00874	0.68573	0.00222	1	0.06035	-0.01217	0.65708	0.00378	1	1.45898	0.81042	0	
1264864	8530.67285	3306106321787	0.45328	0.23511	8530.59863	0.07422	11742	1	0.50018	0.17995	1	0.50682	0.35795	1	0.50350	0.26895	1	0.47753	0.53071	10.64678	1.05115	1	0.73946	0.55219	11.67715	1.04349	1	-0.00535	-0.00874	0.68573	0.00220	1	0.06035	-0.01217	0.65708	0.00363	1	1.45898	0.81042	0	
1264865	8530.67969	3306106388933	0.45718	0.23799	8530.59863	0.08105	11742	1	0.50113	0.18725	1	0.50682	0.35795	1	0.50397	0.27260	1	0.47504	0.53150	10.97108	1.04349	1	0.73695	0.55260	11.85287	1.04349	1	-0.00561	-0.00888	0.68055	0.00216	1	0.06190	-0.01266	0.67777	0.00374	1	1.45898	0.81042	0	
1264866	8530.68652	3306106455590	0.45362	0.24626	8530.59863	0.08789	11742	1	0.39821	0.29281	1	0.41637	0.41456	1	0.40729	0.35368	1	0.47478	0.53169	10.81399	1.04349	1	0.73686	0.55251	10.94189	1.05115	1	-0.00561	-0.00888	0.68055	0.00210	1	0.06190	-0.01266	0.67777	0.00378	1	1.45898	0.81042	0	
1264867	8530.69238	3306106522887	0.47005	0.28188	8530.59863	0.08789	11742	0	0.41320	0.26965	1	0.43567	0.41339	1	0.42443	0.34152	1	0.47474	0.53159	10.34544	1.05115	1	0.73709	0.55226	11.27093	1.05881	1	-0.00561	-0.00888	0.68055	0.00215	1	0.06190	-0.01266	0.67777	0.00376	1	1.45898	0.81042	0	
1264868	8530.69922	3306106590382	0.44643	0.30333	8530.59863	0.08789	11742	0	0.40993	0.25503	1	0.43570	0.39454	1	0.42281	0.32478	1	0.47422	0.53181	10.32752	1.06790	1	0.73594	0.55249	10.99682	1.08424	1	-0.00593	-0.00913	0.69946	0.00216	1	0.06361	-0.01309	0.69824	0.00386	1	1.45898	0.81042	0	
1264869	8530.70605	3306106655377	0.42827	0.34773	8530.59863	0.08789	11742	0	0.41159	0.46671	1	0.37232	0.40633	1	0.39196	0.43652	1	0.47473	0.53430	10.80342	1.09332	1	0.73612	0.55279	10.93062	1.10200	1	-0.00593	-0.00913	0.69946	0.00380	1	0.06361	-0.01309	0.69824	0.00388	1	1.45898	0.81042	0	
1264870	8530.71289	3306106723506	0.38964	0.35565	8530.59863	0.08789	11742	0	0.33906	0.22912	1	0.36927	0.38217	1	0.35416	0.30565	1	0.47416	0.53172	10.41771	1.11109	1	0.73613	0.55270	11.06647	1.11977	1	-0.00593	-0.00913	0.69946	0.00211	1	0.06361	-0.01309	0.69824	0.00377	1	1.45898	0.81042	0	
1264871	8530.71973	3306106790366	0.37138	0.32876	8530.59863	0.08789	11742	0	0.33698	0.22159	1	0.36927	0.38217	1	0.35312	0.30188	1	0.47429	0.53180	10.39528	1.11977	1	0.73623	0.55318	11.58796	1.11977	1	-0.00555	-0.00863	0.66098	0.00218	1	0.06204	-0.01276	0.68042	0.00359	1	1.45898	0.81042	0	
1264872	8530.72559	3306106854385	0.36926	0.33259	8530.59863	0.08789	11742	0	0.34466	0.23209	1	0.38537	0.44839	1	0.36502	0.34024	1	0.47428	0.53174	10.58333	1.11068	1	0.73633	0.55311	11.79302	1.10200	1	-0.00555	-0.00863	0.66098	0.00212	1	0.06204	-0.01276	0.68042	0.00361	1	1.45898	0.81042	0	
1264873	8530.73242	3306106921855	0.36839	0.34099	8530.71289	0.01953	11743	1	0.35295	0.25117	1	0.37859	0.48124	1	0.36577	0.36621	1	0.47425	0.53181	10.89935	1.09292	1	0.73623	0.55340	11.77754	1.08424	1	-0.00555	-0.00863	0.66098	0.00211	1	0.06204	-0.01276	0.68042	0.00353	1	1.45898	0.81042	0	
1264874	8530.73926	3306106990423	0.36837	0.34873	8530.71289	0.02637	11743	1	0.35711	0.26645	1	0.37948	0.49294	1	0.36829	0.37969	1	0.47429	0.53187	10.12585	1.07515	1	0.73625	0.55327	11.40999	1.06647	1	-0.00555	-0.00863	0.66098	0.00216	1	0.06204	-0.01276	0.68042	0.00359	1	1.45898	0.81042	0	
1264875	8530.74609	3306107056204	0.36810	0.35199	8530.71289	0.03320	11743	1	0.35029	0.27196	1	0.38327	0.46460	1	0.36678	0.36828	1	0.47421	0.53176	10.22240	1.06647	1	0.73627	0.55307	11.43184	1.06647	1	-0.00555	-0.00863	0.66098	0.00211	1	0.06204	-0.01276	0.68042	0.00366	1	1.45898	0.81042	0	
1264876	8530.75293	3306107123205	0.36847	0.35543	8530.71289	0.04004	11743	1	0.36159	0.28775	1	0.37976	0.46440	1	0.37068	0.37607	1	0.47429	0.53184	10.40674	1.06647	1	0.73629	0.55296	11.45635	1.06647	1	-0.00555	-0.00863	0.66098	0.00212	1	0.06204	-0.01276	0.68042	0.00361	1	1.45898	0.81042	0	
1264877	8530.75977	3306107189085	0.36875	0.35801	8530.71289	0.04688	11743	1	0.36159	0.28775	1	0.37976	0.46440	1	0.37068	0.37607	1	0.47433	0.53174	9.99595	1.06647	1	0.73640	0.55248	11.37845	1.06647	1	-0.00555	-0.00863	0.66098	0.00207	1	0.06204	-0.01276	0.68042	0.00364	1	1.45898	0.81042	0	
1264878	8530.76660	3306107257195	0.36966	0.35451	8530.71289	0.05371	11743	1	0.35962	0.24619	1	0.39429	0.40676	1	0.37695	0.32647	1	0.47432	0.53156	10.76313	1.06647	1	0.73645	0.55269	11.56476	1.06647	1	-0.00555	-0.00863	0.66098	0.00218	1	0.06204	-0.01276	0.68042	0.00358	1	1.45898	0.81042	0	
1264879	8530.77246	3306107322899	0.36931	0.35465	8530.71289	0.05957	11743	1	0.36024	0.28858	1	0.37205	0.42329	1	0.36614	0.35594	1	0.47424	0.53186	10.10914	1.06647	1	0.73645	0.55259	11.57696	1.06647	1	-0.00555	-0.00863	0.66098	0.00207	1	0.06204	-0.01276	0.68042	0.00362	1	1.45898	0.81042	0	
1264880	8530.77930	3306107390933	0.36888	0.35383	8530.71289	0.06641	11743	1	0.35810	0.28089	1	0.37104	0.41046	1	0.36457	0.34568	1	0.47423	0.53177	10.56237	1.07556	1	0.73654	0.55290	11.63807	1.08424	1	-0.00593	-0.00913	0.69946	0.00212	1	0.06341	-0.01303	0.69487	0.00351	1	1.45898	0.81042	0	
1264881	8530.78613	3306107457687	0.36809	0.34999	8530.71289	0.07324	11743	1	0.35232	0.23402	1	0.36659	0.38137	1	0.35945	0.30769	1	0.47435	0.53164	10.51879	1.09332	1	0.73642	0.55258	11.31427	1.10200	1	-0.00593	-0.00913	0.69946	0.00222	1	0.06341	-0.01303	0.69487	0.00367	1	1.45898	0.81042	0	
1264882	8530.79297	3306107527444	0.36761	0.34647	8530.71289	0.08008	11743	1	0.35031	0.23175	1	0.37326	0.37664	1	0.36179	0.30419	1	0.47433	0.53172	10.51382	1.11109	1	0.73647	0.55278	11.53161	1.11977	1	-0.00593	-0.00913	0.69946	0.00216	1	0.06341	-0.01303	0.69487	0.00359	1	1.45898	0.81042	0	
1264883	8530.79980	3306107594589	0.36718	0.34341	8530.71289	0.08691	11743	1	0.35016	0.23118	1	0.37322	0.37615	1	0.36169	0.30366	1	0.47446	0.53162	10.73704	1.11175	1	0.73618	0.55313	11.78047	1.12043	1	-0.00556	-0.00867	0.66847	0.00207	1	0.06341	-0.01303	0.69487	0.00365	1	1.45898	0.81042	0	
1264884	8530.80664	3306107661806	0.36593	0.34140	8530.71289	0.09375	11743	1	0.35148	0.23522	1	0.34517	0.39136	1	0.34833	0.31329	1	0.47442	0.53180	10.74603	1.10333	1	0.73609	0.55264	11.03222	1.10333	1	-0.00556	-0.00867	0.66847	0.00216	1	0.06341	-0.01303	0.69487	0.00384	1	1.45898	0.81042	0	
1264885	8530.81348	3306107728620	0.36523	0.34071	8530.71289	0.10059	11743	1	0.35751	0.21997	1	0.35201	0.44084	1	0.35476	0.33040	1	0.47437	0.53151	10.36135	1.08623	1	0.73623	0.55293	11.62740	1.08623	1	-0.00556	-0.00867	0.66847	0.00214	1	0.06341	-0.01303	0.69487	0.00375	1	1.45898	0.81042	0	
1264886	8530.82031	3306107795620	0.36477	0.34091	8530.71289	0.10742	11743	1	0.36146	0.23527	1	0.35327	0.45267	1	0.35737	0.34397	1	0.47441	0.53150	10.17127	1.06912	1	0.73638	0.55248	11.16205	1.06912	1	-0.00556	-0.00867	0.66847	0.00210	1	0.06341	-0.01303	0.69487	0.00375	1	1.45898	0.81042	0	
1264887	8530.82715	3306107862514	0.36405	0.33966	8530.71289	0.11426	11743	1	0.36778	0.25590	1	0.33588	0.38113	1	0.35183	0.31852	1	0.47431	0.53163	10.29479	1.06912	1	0.73632	0.55240	11.07649	1.06912	1	-0.00556	-0.00867	0.66847	0.00215	1	0.06341	-0.01303	0.69487	0.00377	1	1.45898	0.81042	0	
1264888	8530.83301	3306107929274	0.36401	0.33920	8530.71289	0.12012	11743	1	0.36571	0.25557	1	0.36078	0.40628	1	0.36325	0.33093	1	0.47435	0.53149	10.48217	1.06912	1	0.73635	0.55253	11.16755	1.06912	1	-0.00556	-0.00867	0.66847	0.00208	1	0.06341	-0.01303	0.69487	0.00372	1	1.45898	0.81042	0	
1264889	8530.83984	3306107996731	0.36398	0.33895	8530.71289	0.12695	11743	1	0.36571	0.25557	1	0.36136	0.41266	1	0.36354	0.33412	1	0.47442	0.53148	10.53461	1.06912	1	0.73638	0.55262	11.26653	1.06044	1	-0.00556	-0.00867	0.66847	0.00210	1	0.06206	-0.01274	0.67948	0.00366	1	1.45898	0.81042	0	
1264890	8530.84668	3306108064050	0.36367	0.33850	8530.71289	0.13379	11743	1	0.37323	0.26022	1	0.34146	0.39895	1	0.35735	0.32958	1	0.47452	0.53157	10.43724	1.06044	1	0.73626	0.55226	11.11492	1.05176	1	-0.00556	-0.00867	0.66847	0.00209	1	0.06206	-0.01274	0.67948	0.00385	1	1.45898	0.81042	0	
1264891	8530.85352	3306108131817	0.36265	0.33972	8530.71289	0.14062	11743	1	0.34813	0.25310	1	0.33446	0.47753	1	0.34130	0.36532	1	0.47447	0.53143	10.23050	1.05176	1	0.73624	0.55296	11.78673	1.04308	1	-0.00556	-0.00867	0.66847	0.00212	1	0.06206	-0.01274	0.67948	0.00365	1	1.45898	0.81042	0	
1264892	8530.86035	3306108196572	0.36179	0.34113	8530.71289	0.14746	11743	1	0.35028	0.26085	1	0.33527	0.48348	1	0.34278	0.37216	1	0.47451	0.53157	10.59254	1.04308	1	0.73628	0.55307	11.76980	1.03440	1	-0.00556	-0.00867	0.66847	0.00211	1	0.06206	-0.01274	0.67948	0.00363	1	1.45898	0.81042	0	
1264893	8530.86719	3306108265759	0.36146	0.34198	8530.71289	0.15430	11743	1	0.35986	0.26399	1	0.34829	0.45898	1	0.35408	0.36149	1	0.47445	0.53139	9.88948	1.03440	1	0.73650	0.55288	11.67417	1.03440	1	-0.00556	-0.00867	0.66847	0.00213	1	0.06206	-0.01274	0.67948	0.00364	1	1.45898	0.81042	0	
1264894	8530.87402	3306108331838	0.36080	0.34383	8530.71289	0.16113	11743	1	0.35273	0.28401	1	0.33697	0.49250	1	0.34485	0.38825	1	0.47449	0.53167	10.49963	1.03440	1	0.73619	0.55291	11.01221	1.03440	1	-0.00556	-0.00867	0.66847	0.00219	1	0.06206	-0.01274	0.67948	0.00372	1	1.45898	0.81042	0	
1264895	8530.87988	3306108398468	0.36012	0.34519	8530.71289	0.16699	11743	1	0.35074	0.27698	1	0.33544	0.48121	1	0.34309	0.37909	1	0.47454	0.53168	10.28266	1.04242	1	0.73662	0.55232	11.35148	1.05110	1	-0.00561	-0.00888	0.68055	0.00211	1	0.06516	-0.01331	0.71281	0.00392	1	1.45898	0.81042	0	
1264896	8530.88672	3306108461236	0.35985	0.34557	8530.71289	0.17383	11743	1	0.34947	0.26123	1	0.35640	0.44980	1	0.35293	0.35552	1	0.47452	0.53163	10.10380	1.05912	1	0.73663	0.55291	11.79368	1.06780	1	-0.00561	-0.00888	0.68055	0.00207	1	0.06516	-0.01331	0.71281	0.00363	1	1.45898	0.81042	0	
1264897	8530.89355	3306108532436	0.35998	0.34556	8530.71289	0.18066	11743	1	0.34869	0.24357	1	0.37799	0.44694	1	0.36334	0.34526	1	0.47457	0.53163	9.95859	1.07581	1	0.73708	0.55304	11.65074	1.08449	1	-0.00561	-0.00888	0.68055	0.00209	1	0.06516	-0.01331	0.71281	0.00358	1	1.45898	0.81042	0	
1264898	8530.90039	3306108599655	0.35996	0.34485	8530.71289	0.18750	11743	1	0.34250	0.22083	1	0.37669	0.42918	1	0.35959	0.32500	1	0.47511	0.53134	9.84271	1.10160	1	0.73690	0.55301	12.00006	1.11028	1	-0.00580	-0.00925	0.70909	0.00223	1	0.06449	-0.01315	0.70440	0.00376	1	1.45898	0.81042	0	
1264899	8530.90723	3306108666449	0.35982	0.34180	8530.71289	0.19434	11743	1	0.35483	0.16147	1	0.35669	0.34506	1	0.35576	0.25327	1	0.47554	0.53106	8.59376	1.11936	1	0.73785	0.55230	11.00171	1.11936	1	-0.00580	-0.00925	0.70909	0.00192	1	0.06449	-0.01315	0.70440	0.00344	1	1.45898	0.81042	0	
1264900	8530.91406	3306108733455	0.35895	0.34287	8530.71289	0.20117	11743	1	0.35483	0.16147	0	0.33282	0.37510	1	0.33282	0.37510	1	0.47554	0.53106	8.59376	1.12845	0	0.73753	0.55269	11.22533	1.12845	1	-0.00580	-0.00925	0.70909	0.00192	1	0.06449	-0.01315	0.70440	0.00333	1	1.45898	0.81042	0	
1264901	8530.92090	3306108800238	0.35811	0.34367	8530.71289	0.20801	11743	1	0.35483	0.16147	0	0.33204	0.36854	1	0.33204	0.36854	1	0.47554	0.53106	8.59376	1.13753	0	0.73950	0.55388	8.57807	1.13753	1	-0.00580	-0.00925	0.70909	0.00192	1	0.06473	-0.01301	0.70245	0.00317	1	1.45898	0.81042	0	
1264902	8530.92676	3306108867320	0.35811	0.34367	8530.71289	0.21387	11743	1	0.35483	0.16147	0	0.33204	0.36854	0	0.33204	0.36854	0	0.47554	0.53106	8.59376	1.13753	0	0.73950	0.55388	8.57807	1.13753	0	-0.00580	-0.00925	0.70909	0.00192	1	0.06473	-0.01301	0.70245	0.00317	1	1.45898	0.81042	0	
1264903	8530.93359	3306108932487	0.35811	0.34367	8530.71289	0.22070	11743	1	0.35483	0.16147	0	0.33204	0.36854	0	0.33204	0.36854	0	0.47554	0.53106	8.59376	1.13753	0	0.73950	0.55388	8.57807	1.13753	0	-0.00580	-0.00925	0.70909	0.00192	1	0.06473	-0.01301	0.70245	0.00317	1	1.45898	0.81042	0	
1264904	8530.94043	3306108998211	0.35811	0.34367	8530.71289	0.22754	11743	1	0.35483	0.16147	0	0.33204	0.36854	0	0.33204	0.36854	0	0.47554	0.53106	8.59376	1.13753	0	0.73950	0.55388	8.57807	1.13753	0	-0.00580	-0.00925	0.70909	0.00192	1	0.06473	-0.01301	0.70245	0.00317	1	1.45898	0.81042	0	
1264905	8530.94727	3306109064679	0.34833	0.35155	8530.71289	0.22754	11743	0	0.35483	0.16147	0	0.33204	0.36854	0	0.33204	0.36854	0	0.47554	0.53106	8.59376	1.13753	0	0.73950	0.55388	8.57807	1.13753	0	-0.00580	-0.00925	0.70909	0.00192	1	0.06473	-0.01301	0.70245	0.00317	1	1.45898	0.81042	0	
1264906	8530.95312	3306109130793	0.34833	0.35155	8530.71289	0.22754	11743	0	0.35483	0.16147	0	0.33204	0.36854	0	0.33204	0.36854	0	0.47554	0.53106	8.59376	1.13753	0	0.73950	0.55388	8.57807	1.13753	0	-0.00580	-0.00925	0.70909	0.00192	1	0.06473	-0.01301	0.70245	0.00317	1	1.45898	0.81042	0	
1264907	8530.96094	3306109202299	0.34833	0.35155	8530.71289	0.22754	11743	0	0.35483	0.16147	0	0.33204	0.36854	0	0.33204	0.36854	0	0.47554	0.53106	8.59376	1.13753	0	0.73950	0.55388	8.57807	1.13753	0	-0.00580	-0.00925	0.70909	0.00192	1	0.06473	-0.01301	0.70245	0.00317	1	1.45898	0.81042	0	
1264908	8530.96777	3306109269064	0.00000	0.00000	8530.71289	0.22754	11743	0	0.35483	0.16147	0	0.33204	0.36854	0	0.33204	0.36854	0	0.47554	0.53106	8.59376	1.13753	0	0.73950	0.55388	8.57807	1.13753	0	-0.00580	-0.00925	0.70909	0.00192	1	0.06473	-0.01301	0.70245	0.00317	1	1.45898	0.81042	0	
1264909	8530.97363	3306109335940	0.00000	0.00000	8530.71289	0.22754	11743	0	0.35483	0.16147	0	0.33204	0.36854	0	0.33204	0.36854	0	0.47554	0.53106	8.59376	1.13753	0	0.73950	0.55388	8.57807	1.13753	0	-0.00580	-0.00925	0.70909	0.00192	1	0.06473	-0.01301	0.70245	0.00317	1	1.45898	0.81042	0	
1264910	8530.98047	3306109403330	0.00000	0.00000	8530.71289	0.22754	11743	0	0.35483	0.16147	0	0.33204	0.36854	0	0.33204	0.36854	0	0.47554	0.53106	8.59376	1.13753	0	0.73950	0.55388	8.57807	1.13753	0	-0.00580	-0.00925	0.70909	0.00192	1	0.06473	-0.01301	0.70245	0.00317	1	1.45898	0.81042	0	
1264911	8530.98730	3306109470410	0.00000	0.00000	8530.71289	0.22754	11743	0	0.35483	0.16147	0	0.33204	0.36854	0	0.33204	0.36854	0	0.47554	0.53106	8.59376	1.13753	0	0.73950	0.55388	8.57807	1.13753	0	-0.00580	-0.00925	0.70909	0.00192	1	0.06473	-0.01301	0.70245	0.00317	1	1.45898	0.81042	0	
1264912	8530.99414	3306109537809	0.00000	0.00000	8530.71289	0.22754	11743	0	0.35483	0.16147	0	0.33204	0.36854	0	0.33204	0.36854	0	0.47554	0.53106	8.59376	1.13753	0	0.73950	0.55388	8.57807	1.13753	0	-0.00580	-0.00925	0.70909	0.00192	1	0.06473	-0.01301	0.70245	0.00317	1	1.45898	0.81042	0	
1264913	8531.00098	3306109604330	0.00000	0.00000	8530.71289	0.22754	11743	0	0.35483	0.16147	0	0.33204	0.36854	0	0.33204	0.36854	0	0.47554	0.53106	8.59376	1.13753	0	0.73950	0.55388	8.57807	1.13753	0	-0.00580	-0.00925	0.70909	0.00192	1	0.06473	-0.01301	0.70245	0.00317	1	1.45898	0.81042	0	
1264914	8531.00781	3306109671792	0.00000	0.00000	8530.71289	0.22754	11743	0	0.35483	0.16147	0	0.33204	0.36854	0	0.33204	0.36854	0	0.47554	0.53106	8.59376	1.13753	0	0.73950	0.55388	8.57807	1.13753	0	-0.00580	-0.00925	0.70909	0.00192	1	0.06473	-0.01301	0.70245	0.00317	1	1.45898	0.81042	0	
1264915	8531.01465	3306109738900	0.00000	0.00000	8530.71289	0.22754	11743	0	0.35483	0.16147	0	0.33204	0.36854	0	0.33204	0.36854	0	0.47554	0.53106	8.59376	1.13753	0	0.73950	0.55388	8.57807	1.13753	0	-0.00580	-0.00925	0.70909	0.00192	1	0.06473	-0.01301	0.70245	0.00317	1	1.45898	0.81042	0	
1264916	8531.02051	3306109803929	0.00000	0.00000	8530.71289	0.22754	11743	0	0.35483	0.16147	0	0.33204	0.36854	0	0.33204	0.36854	0	0.47554	0.53106	8.59376	1.13753	0	0.73950	0.55388	8.57807	1.13753	0	-0.00580	-0.00925	0.70909	0.00192	1	0.06473	-0.01301	0.70245	0.00317	1	1.45898	0.81042	0	
1264917	8531.02734	3306109873413	0.00000	0.00000	8530.71289	0.22754	11743	0	0.35483	0.16147	0	0.33204	0.36854	0	0.33204	0.36854	0	0.47554	0.53106	8.59376	1.13753	0	0.73950	0.55388	8.57807	1.13753	0	-0.00580	-0.00925	0.70909	0.00192	1	0.06473	-0.01301	0.70245	0.00317	1	1.45898	0.81042	0	
1264918	8531.03418	3306109940656	0.00000	0.00000	8530.71289	0.22754	11743	0	0.35483	0.16147	0	0.33204	0.36854	0	0.33204	0.36854	0	0.47554	0.53106	8.59376	1.13753	0	0.73950	0.55388	8.57807	1.13753	0	-0.00580	-0.00925	0.70909	0.00192	1	0.06473	-0.01301	0.70245	0.00317	1	1.45898	0.81042	0	
1264919	8531.04102	3306110007025	0.00000	0.00000	8530.71289	0.22754	11743	0	0.35483	0.16147	0	0.33204	0.36854	0	0.33204	0.36854	0	0.47554	0.53106	8.59376	1.13753	0	0.73950	0.55388	8.57807	1.13753	0	-0.00580	-0.00925	0.70909	0.00192	1	0.06473	-0.01301	0.70245	0.00317	1	1.45898	0.81042	0	
1264920	8531.04785	3306110072834	0.00000	0.00000	8530.71289	0.22754	11743	0	0.35483	0.16147	0	0.33204	0.36854	0	0.33204	0.36854	0	0.47554	0.53106	8.59376	1.13753	0	0.73950	0.55388	8.57807	1.13753	0	-0.00580	-0.00925	0.70909	0.00192	1	0.06473	-0.01301	0.70245	0.00317	1	1.45898	0.81042	0	
1264921	8531.05469	3306110139719	0.00000	0.00000	8530.71289	0.22754	11743	0	0.35483	0.16147	0	0.33204	0.36854	0	0.33204	0.36854	0	0.47554	0.53106	8.59376	1.13753	0	0.73950	0.55388	8.57807	1.13753	0	-0.00580	-0.00925	0.70909	0.00192	1	0.06473	-0.01301	0.70245	0.00317	1	1.45898	0.81042	0	
1264922	8531.06152	3306110206067	0.00000	0.00000	8530.71289	0.22754	11743	0	0.35483	0.16147	0	0.33204	0.36854	0	0.33204	0.36854	0	0.47554	0.53106	8.59376	1.13753	0	0.73950	0.55388	8.57807	1.13753	0	-0.00580	-0.00925	0.70909	0.00192	1	0.06473	-0.01301	0.70245	0.00317	1	1.45898	0.81042	0	
1264923	8531.06738	3306110273862	0.00000	0.00000	8530.71289	0.22754	11743	0	0.35483	0.16147	0	0.33204	0.36854	0	0.33204	0.36854	0	0.47554	0.53106	8.59376	1.13753	0	0.73950	0.55388	8.57807	1.13753	0	-0.00580	-0.00925	0.70909	0.00192	1	0.06473	-0.01301	0.70245	0.00317	1	1.45898	0.81042	0	
1264924	8531.07422	3306110340713	0.26063	0.10355	8530.71289	0.22754	11743	0	0.52437	0.06789	1	0.51816	0.34630	1	0.52127	0.20709	1	0.47943	0.53008	10.44044	1.13753	1	0.74146	0.55254	12.12718	1.13753	1	-0.00580	-0.00925	0.70909	0.00229	1	0.06473	-0.01301	0.70245	0.00369	1	1.45898	0.81042	0	
1264925	8531.08105	3306110405239	0.34745	0.14178	8530.71289	0.22754	11743	0	0.52525	0.07677	1	0.51690	0.35971	1	0.52108	0.21824	1	0.47935	0.53007	10.41549	1.12845	1	0.74140	0.55268	11.41584	1.11977	1	-0.00513	-0.00873	0.68451	0.00225	1	0.06224	-0.01265	0.67488	0.00367	1	1.45898	0.81042	0	
1264926	8531.08789	3306110472735	0.49210	0.15476	8530.71289	0.22754	11743	0	0.52525	0.07677	0	0.43394	0.03894	1	0.43394	0.03894	1	0.47935	0.53007	10.41549	1.11068	0	0.47950	0.53024	10.18632	1.10200	1	-0.00513	-0.00873	0.68451	0.00225	1	0.06224	-0.01265	0.67488	0.00217	1	1.45898	0.81042	0	
1264927	8531.09473	3306110541863	0.46366	0.10338	8530.71289	0.22754	11743	0	0.52525	0.07677	0	0.43521	0.05199	1	0.43521	0.05199	1	0.47935	0.53007	10.41549	1.09292	0	0.47952	0.53028	10.37020	1.08424	1	-0.00513	-0.00873	0.68451	0.00225	1	0.06224	-0.01265	0.67488	0.00217	1	1.45898	0.81042	0	
1264928	8531.10156	3306110609536	0.45417	0.08944	8530.71289	0.22754	11743	0	0.52525	0.07677	0	0.43520	0.06158	1	0.43520	0.06158	1	0.47935	0.53007	10.41549	1.07515	0	0.47945	0.53041	10.65184	1.07515	1	-0.00513	-0.00873	0.68451	0.00225	1	-0.00533	-0.00908	0.70383	0.00218	1	1.45898	0.81042	0	
1264929	8531.10840	3306110675683	0.45026	0.09724	8531.08789	0.02051	11744	1	0.52525	0.07677	0	0.43854	0.12065	1	0.43854	0.12065	1	0.47935	0.53007	10.41549	1.07515	0	0.47924	0.53054	10.70355	1.08383	1	-0.00513	-0.00873	0.68451	0.00225	1	-0.00533	-0.00908	0.70383	0.00230	1	1.45898	0.81042	0	
1264930	8531.11523	3306110743324	0.44838	0.10364	8531.08789	0.02734	11744	1	0.52525	0.07677	0	0.44084	0.12922	1	0.44084	0.12922	1	0.47935	0.53007	10.41549	1.08383	0	0.47926	0.53059	10.56487	1.09251	1	-0.00513	-0.00873	0.68451	0.00225	1	-0.00533	-0.00908	0.70383	0.00224	1	1.45898	0.81042	0	
1264931	8531.12207	3306110811025	0.44712	0.10790	8531.08789	0.03418	11744	1	0.52525	0.07677	0	0.44084	0.12922	1	0.44084	0.12922	1	0.47935	0.53007	10.41549	1.09251	0	0.47893	0.53057	10.86478	1.09251	1	-0.00513	-0.00873	0.68451	0.00225	1	-0.00518	-0.00874	0.67718	0.00220	1	1.45898	0.81042	0	
1264932	8531.12793	3306110877893	0.44622	0.10617	8531.08789	0.04004	11744	1	0.52525	0.07677	0	0.44079	0.09577	1	0.44079	0.09577	1	0.47935	0.53007	10.41549	1.09251	0	0.47918	0.53067	11.10671	1.08383	1	-0.00513	-0.00873	0.68451	0.00225	1	-0.00518	-0.00874	0.67718	0.00226	1	1.45898	0.81042	0	
1264933	8531.13477	3306110943791	0.44379	0.10701	8531.08789	0.04688	11744	1	0.52525	0.07677	0	0.42678	0.11291	1	0.42678	0.11291	1	0.47935	0.53007	10.41549	1.08383	0	0.47902	0.53079	11.00332	1.07515	1	-0.00513	-0.00873	0.68451	0.00225	1	-0.00518	-0.00874	0.67718	0.00226	1	1.45898	0.81042	0	
1264934	8531.14160	3306111010636	0.44190	0.10864	8531.08789	0.05371	11744	1	0.52525	0.07677	0	0.42683	0.12165	1	0.42683	0.12165	1	0.47935	0.53007	10.41549	1.07515	0	0.47884	0.53070	11.05011	1.06647	1	-0.00513	-0.00873	0.68451	0.00225	1	-0.00518	-0.00874	0.67718	0.00225	1	1.45898	0.81042	0	
1264935	8531.14844	3306111075658	0.43655	0.10945	8531.08789	0.06055	11744	1	0.52525	0.07677	0	0.38836	0.11677	1	0.38836	0.11677	1	0.47935	0.53007	10.41549	1.06647	0	0.47876	0.53081	10.89375	1.06647	1	-0.00513	-0.00873	0.68451	0.00225	1	-0.00518	-0.00874	0.67718	0.00227	1	1.45898	0.81042	0	
1264936	8531.15430	3306111141865	0.43456	0.11103	8531.08789	0.06641	11744	1	0.52525	0.07677	0	0.41465	0.12676	1	0.41465	0.12676	1	0.47935	0.53007	10.41549	1.06647	0	0.47874	0.53080	11.47453	1.06647	1	-0.00513	-0.00873	0.68451	0.00225	1	-0.00518	-0.00874	0.67718	0.00227	1	1.45898	0.81042	0	
1264937	8531.16113	3306111209950	0.43289	0.11161	8531.08789	0.07324	11744	1	0.52525	0.07677	0	0.41450	0.11807	1	0.41450	0.11807	1	0.47935	0.53007	10.41549	1.06647	0	0.47877	0.53108	11.38188	1.07515	1	-0.00513	-0.00873	0.68451	0.00225	1	-0.00538	-0.00898	0.69647	0.00225	1	1.45898	0.81042	0	
1264938	8531.16797	3306111275839	0.43308	0.12440	8531.08789	0.08008	11744	1	0.52525	0.07677	0	0.43536	0.27789	1	0.43536	0.27789	1	0.47935	0.53007	10.41549	1.07515	0	0.47884	0.53263	11.43869	1.08383	1	-0.00513	-0.00873	0.68451	0.00225	1	-0.00538	-0.00898	0.69647	0.00346	1	1.45898	0.81042	0	
1264939	8531.17480	3306111342995	0.44109	0.14131	8531.08789	0.08691	11744	1	0.59196	0.34895	1	0.49849	0.37317	1	0.54523	0.36106	1	0.47925	0.53293	10.94417	1.08383	1	0.74050	0.55241	11.34209	1.09251	1	-0.00513	-0.00873	0.68451	0.00366	1	-0.00538	-0.00898	0.69647	0.00397	1	1.45898	0.81042	0	
1264940	8531.18164	3306111410839	0.44802	0.15574	8531.08789	0.09375	11744	1	0.59154	0.34232	1	0.49849	0.37317	1	0.54502	0.35775	1	0.47864	0.53330	11.25436	1.09251	1	0.74022	0.55277	11.81555	1.09251	1	-0.00536	-0.00875	0.67428	0.00346	1	0.06277	-0.01280	0.68285	0.00402	1	1.45898	0.81042	0	
1264941	8531.18848	3306111475550	0.45291	0.17094	8531.08789	0.10059	11744	1	0.54652	0.37345	1	0.50620	0.42444	1	0.52636	0.39895	1	0.47847	0.53345	11.73331	1.09251	1	0.74020	0.55282	11.74402	1.08383	1	-0.00536	-0.00875	0.67428	0.00342	1	0.06277	-0.01280	0.68285	0.00386	1	1.45898	0.81042	0	
1264942	8531.19531	3306111546473	0.45165	0.21160	8531.08789	0.10059	11744	0	0.54652	0.37345	0	0.41507	0.32239	1	0.41507	0.32239	1	0.47847	0.53345	11.73331	1.08383	0	0.47854	0.53335	11.59589	1.07515	1	-0.00536	-0.00875	0.67428	0.00342	1	0.06277	-0.01280	0.68285	0.00343	1	1.45898	0.81042	0	
1264943	8531.20215	3306111613675	0.43343	0.27052	8531.08789	0.10059	11744	0	0.54652	0.37345	0	0.41522	0.32945	1	0.41522	0.32945	1	0.47847	0.53345	11.73331	1.07515	0	0.47818	0.53303	11.01130	1.06647	1	-0.00536	-0.00875	0.67428	0.00342	1	-0.00542	-0.00879	0.68174	0.00348	1	1.45898	0.81042	0	
1264944	8531.20898	3306111680753	0.42133	0.29608	8531.08789	0.10059	11744	0	0.54652	0.37345	0	0.39713	0.34720	1	0.39713	0.34720	1	0.47847	0.53345	11.73331	1.06647	0	0.47832	0.53301	10.98807	1.06647	1	-0.00536	-0.00875	0.67428	0.00342	1	-0.00542	-0.00879	0.68174	0.00352	1	1.45898	0.81042	0	
1264945	8531.21484	3306111745671	0.40594	0.32404	8531.08789	0.10059	11744	0	0.54652	0.37345	0	0.40547	0.29549	1	0.40547	0.29549	1	0.47847	0.53345	11.73331	1.06647	0	0.47844	0.53294	11.15232	1.06647	1	-0.00536	-0.00875	0.67428	0.00342	1	-0.00542	-0.00879	0.68174	0.00357	1	1.45898	0.81042	0	
1264946	8531.22168	3306111814402	0.40570	0.30977	8531.08789	0.10059	11744	0	0.54652	0.37345	0	0.40547	0.29549	1	0.40547	0.29549	1	0.47847	0.53345	11.73331	1.06647	0	0.47839	0.53290	10.83551	1.06647	1	-0.00536	-0.00875	0.67428	0.00342	1	-0.00542	-0.00879	0.68174	0.00355	1	1.45898	0.81042	0	
1264947	8531.22852	3306111881473	0.40190	0.25104	8531.08789	0.10059	11744	0	0.54652	0.37345	0	0.39431	0.13359	1	0.39431	0.13359	1	0.47847	0.53345	11.73331	1.06647	0	0.47813	0.53098	11.60126	1.06647	1	-0.00536	-0.00875	0.67428	0.00342	1	-0.00542	-0.00879	0.68174	0.00224	1	1.45898	0.81042	0	
1264948	8531.23535	3306111948515	0.40636	0.18367	8531.08789	0.10059	11744	0	0.54652	0.37345	0	0.41931	0.12194	1	0.41931	0.12194	1	0.47847	0.53345	11.73331	1.06647	0	0.47805	0.53080	10.89965	1.06647	1	-0.00536	-0.00875	0.67428	0.00342	1	-0.00542	-0.00879	0.68174	0.00230	1	1.45898	0.81042	0	
1264949	8531.24219	3306112015760	0.41278	0.14844	8531.08789	0.10059	11744	0	0.54652	0.37345	0	0.41919	0.11320	1	0.41919	0.11320	1	0.47847	0.53345	11.73331	1.06647	0	0.47804	0.53085	10.97555	1.07515	1	-0.00536	-0.00875	0.67428	0.00342	1	-0.00564	-0.00895	0.68985	0.00230	1	1.45898	0.81042	0	
1264950	8531.24902	3306112082707	0.41039	0.13219	8531.08789	0.10059	11744	0	0.54652	0.37345	0	0.40561	0.09970	1	0.40561	0.09970	1	0.47847	0.53345	11.73331	1.07515	0	0.47794	0.53083	11.45494	1.08383	1	-0.00536	-0.00875	0.67428	0.00342	1	-0.00564	-0.00895	0.68985	0.00228	1	1.45898	0.81042	0	
1264951	8531.25586	3306112149516	0.41550	0.12011	8531.23535	0.02051	11745	1	0.54652	0.37345	0	0.43085	0.08384	1	0.43085	0.08384	1	0.47847	0.53345	11.73331	1.08383	0	0.47789	0.53078	11.58766	1.09251	1	-0.00536	-0.00875	0.67428	0.00342	1	-0.00564	-0.00895	0.68985	0.00226	1	1.45898	0.81042	0	
1264952	8531.26172	3306112215946	0.43006	0.14022	8531.23535	0.02637	11745	1	0.54575	0.36676	1	0.43083	0.07460	1	0.48829	0.22068	1	0.47779	0.53095	11.32504	1.10160	1	0.73989	0.55298	12.27993	1.10160	1	-0.00564	-0.00895	0.68985	0.00228	1	0.06145	-0.01247	0.67062	0.00390	1	1.45898	0.81042	0	
1264953	8531.26855	3306112283102	0.44539	0.18022	8531.23535	0.03320	11745	1	0.53262	0.34145	1	0.51143	0.41896	1	0.52203	0.38020	1	0.47752	0.53301	11.33049	1.11068	1	0.73987	0.55291	12.39023	1.10200	1	-0.00564	-0.00895	0.68985	0.00360	1	0.06145	-0.01247	0.67062	0.00383	1	1.45898	0.81042	0	
1264954	8531.27539	3306112350571	0.45470	0.20937	8531.23535	0.04004	11745	1	0.53303	0.35221	1	0.48808	0.41632	1	0.51055	0.38427	1	0.47748	0.53321	11.05164	1.11109	1	0.73953	0.55271	11.64435	1.10241	1	-0.00564	-0.00895	0.68985	0.00357	1	0.06145	-0.01247	0.67062	0.00387	1	1.45898	0.81042	0	
1264955	8531.28223	3306112417108	0.46168	0.23236	8531.23535	0.04688	11745	1	0.53384	0.35868	1	0.48731	0.42798	1	0.51057	0.39333	1	0.47755	0.53322	11.34971	1.10241	1	0.73928	0.55283	12.22892	1.08607	1	-0.00556	-0.00875	0.67423	0.00351	1	0.06023	-0.01224	0.65793	0.00386	1	1.45898	0.81042	0	
1264956	8531.28906	3306112484338	0.46799	0.23956	8531.23535	0.05371	11745	1	0.52405	0.17462	1	0.51277	0.41968	1	0.51841	0.29715	1	0.47741	0.53099	11.37382	1.07698	1	0.73912	0.55252	12.19396	1.06932	1	-0.00556	-0.00875	0.67423	0.00233	1	0.06023	-0.01224	0.65793	0.00382	1	1.45898	0.81042	0	
1264957	8531.29590	3306112550445	0.47456	0.25619	8531.23535	0.06055	11745	1	0.53636	0.38704	1	0.53114	0.42476	1	0.53375	0.40590	1	0.47746	0.53311	11.08524	1.06024	1	0.73945	0.55238	12.07207	1.05258	1	-0.00556	-0.00875	0.67423	0.00358	1	0.06023	-0.01224	0.65793	0.00379	1	1.45898	0.81042	0	
1264958	8531.30273	3306112618382	0.47998	0.27068	8531.23535	0.06738	11745	1	0.53795	0.39955	1	0.53033	0.43151	1	0.53414	0.41553	1	0.47736	0.53100	11.44427	1.04349	1	0.73940	0.55224	12.06520	1.04349	1	-0.00556	-0.00875	0.67423	0.00229	1	0.06157	-0.01257	0.67308	0.00372	1	1.45898	0.81042	0	
1264959	8531.30859	3306112685145	0.48319	0.27329	8531.23535	0.07324	11745	1	0.52344	0.20763	1	0.51352	0.39639	1	0.51848	0.30201	1	0.47733	0.53087	11.62879	1.04349	1	0.73917	0.55206	12.25041	1.05115	1	-0.00556	-0.00875	0.67423	0.00229	1	0.06157	-0.01257	0.67308	0.00375	1	1.45898	0.81042	0	
1264960	8531.31543	3306112751965	0.48613	0.27676	8531.23535	0.08008	11745	1	0.52315	0.20778	1	0.51975	0.42905	1	0.52145	0.31841	1	0.47731	0.53103	11.53618	1.05115	1	0.73937	0.55253	12.23050	1.05881	1	-0.00556	-0.00875	0.67423	0.00228	1	0.06157	-0.01257	0.67308	0.00368	1	1.45898	0.81042	0	
1264961	8531.32227	3306112819859	0.50129	0.30109	8531.23535	0.08008	11745	0	0.52234	0.20069	1	0.52035	0.42344	1	0.52134	0.31206	1	0.47722	0.53102	11.53153	1.05881	1	0.73916	0.55241	12.20605	1.06647	1	-0.00566	-0.00875	0.67442	0.00220	1	0.06157	-0.01247	0.67308	0.00380	1	1.45898	0.81042	0	
1264962	8531.32910	3306112887381	0.51787	0.29992	8531.23535	0.08008	11745	0	0.55903	0.18315	1	0.50989	0.41436	1	0.53446	0.29876	1	0.47720	0.53113	11.29521	1.06647	1	0.73912	0.55237	11.96381	1.06647	1	-0.00566	-0.00875	0.67442	0.00228	1	0.06157	-0.01247	0.67308	0.00388	1	1.45898	0.81042	0	
1264963	8531.33594	3306112953038	0.52013	0.30932	8531.23535	0.08008	11745	0	0.55274	0.17978	1	0.49654	0.47644	1	0.52464	0.32811	1	0.47718	0.53089	10.94032	1.06647	1	0.73893	0.55270	12.22079	1.06647	1	-0.00566	-0.00875	0.67442	0.00231	1	0.06157	-0.01247	0.67308	0.00385	1	1.45898	0.81042	0	
1264964	8531.34277	3306113018471	0.52132	0.31328	8531.32227	0.02051	11746	1	0.55274	0.17978	1	0.49703	0.47053	1	0.52489	0.32515	1	0.47697	0.53111	11.13007	1.06647	1	0.73833	0.55255	11.89605	1.07515	1	-0.00584	-0.00887	0.68361	0.00235	1	0.06341	-0.01290	0.69374	0.00389	1	1.45898	0.81042	0	
1264965	8531.34863	3306113084064	0.51804	0.31196	8531.32227	0.02637	11746	1	0.53652	0.18870	1	0.47327	0.42463	1	0.50490	0.30667	1	0.47696	0.53106	11.34325	1.07515	1	0.73854	0.55228	11.35109	1.08383	1	-0.00584	-0.00887	0.68361	0.00230	1	0.06341	-0.01290	0.69374	0.00391	1	1.45898	0.81042	0	
1264966	8531.35547	3306113151798	0.51854	0.31023	8531.32227	0.03320	11746	1	0.53267	0.16716	1	0.50945	0.43610	1	0.52106	0.30163	1	0.47691	0.53106	11.29957	1.08383	1	0.73875	0.55243	11.29508	1.09251	1	-0.00584	-0.00887	0.68361	0.00235	1	0.06341	-0.01290	0.69374	0.00397	1	1.45898	0.81042	0	
1264967	8531.36230	3306113221121	0.51888	0.30799	8531.32227	0.04004	11746	1	0.53184	0.15905	1	0.51003	0.42999	1	0.52094	0.29452	1	0.47669	0.53104	11.33066	1.09251	1	0.73861	0.55210	11.42953	1.10119	1	-0.00584	-0.00887	0.68361	0.00224	1	0.06341	-0.01287	0.69487	0.00389	1	1.45898	0.81042	0	
1264968	8531.36914	3306113288350	0.51853	0.30237	8531.32227	0.04688	11746	1	0.51949	0.12165	1	0.51261	0.40434	1	0.51605	0.26299	1	0.47672	0.53113	11.29678	1.10119	1	0.73833	0.55204	11.98404	1.10119	1	-0.00584	-0.00887	0.68361	0.00230	1	0.06341	-0.01287	0.69487	0.00403	1	1.45898	0.81042	0	
1264969	8531.37598	3306113355727	0.51812	0.29778	8531.32227	0.05371	11746	1	0.52137	0.12967	1	0.50841	0.39250	1	0.51489	0.26108	1	0.47670	0.53119	11.07893	1.10119	1	0.73829	0.55213	11.97358	1.10119	1	-0.00584	-0.00887	0.68361	0.00222	1	0.06341	-0.01287	0.69487	0.00385	1	1.45898	0.81042	0	
1264970	8531.38281	3306113421965	0.51776	0.29366	8531.32227	0.06055	11746	1	0.52044	0.12100	1	0.50844	0.39220	1	0.51444	0.25660	1	0.47633	0.53132	11.33864	1.11028	1	0.73841	0.55236	12.28364	1.10160	1	-0.00600	-0.00903	0.69633	0.00228	1	0.06204	-0.01255	0.68042	0.00380	1	1.45898	0.81042	0	
1264971	8531.38965	3306113488675	0.51719	0.29111	8531.32227	0.06738	11746	1	0.53348	0.11360	1	0.48952	0.41760	1	0.51150	0.26560	1	0.47625	0.53112	10.88726	1.11068	1	0.73793	0.55240	12.06101	1.10200	1	-0.00600	-0.00903	0.69633	0.00225	1	0.06204	-0.01255	0.68042	0.00386	1	1.45898	0.81042	0	
1264972	8531.39648	3306113555739	0.51670	0.29186	8531.32227	0.07422	11746	1	0.53790	0.15461	1	0.48477	0.44562	1	0.51134	0.30011	1	0.47620	0.53098	11.07510	1.11109	1	0.73800	0.55241	11.76426	1.10241	1	-0.00600	-0.00903	0.69633	0.00216	1	0.06204	-0.01255	0.68042	0.00396	1	1.45898	0.81042	0	
1264973	8531.40234	3306113623239	0.51629	0.29247	8531.32227	0.08008	11746	1	0.53786	0.15424	1	0.48479	0.44534	1	0.51133	0.29979	1	0.47577	0.53110	10.58875	1.11149	1	0.73755	0.55193	12.21903	1.10281	1	-0.00623	-0.00927	0.71051	0.00220	1	0.06214	-0.01260	0.68266	0.00396	1	1.45898	0.81042	0	
1264974	8531.40918	3306113689445	0.50802	0.27968	8531.32227	0.08691	11746	1	0.53786	0.15424	0	0.40058	0.11336	1	0.40058	0.11336	1	0.47577	0.53110	10.58875	1.10281	0	0.47581	0.53106	10.41977	1.10281	1	-0.00623	-0.00927	0.71051	0.00220	1	0.06214	-0.01260	0.68266	0.00220	1	1.45898	0.81042	0	
1264975	8531.41602	3306113757312	0.50083	0.26890	8531.32227	0.09375	11746	1	0.53786	0.15424	0	0.40010	0.11811	1	0.40010	0.11811	1	0.47577	0.53110	10.58875	1.10281	0	0.47583	0.53099	10.63183	1.10281	1	-0.00623	-0.00927	0.71051	0.00220	1	0.06214	-0.01260	0.68266	0.00215	1	1.45898	0.81042	0	
1264976	8531.42285	3306113823984	0.49452	0.25895	8531.32227	0.10059	11746	1	0.53786	0.15424	0	0.39984	0.10965	1	0.39984	0.10965	1	0.47577	0.53110	10.58875	1.10281	0	0.47572	0.53117	10.17797	1.11149	1	-0.00623	-0.00927	0.71051	0.00220	1	-0.00623	-0.00927	0.71051	0.00223	1	1.45898	0.81042	0	
1264977	8531.42969	3306113890960	0.47670	0.22207	8531.32227	0.10059	11746	0	0.53786	0.15424	0	0.39827	0.08140	1	0.39827	0.08140	1	0.47577	0.53110	10.58875	1.11149	0	0.47583	0.53114	10.85537	1.12017	1	-0.00623	-0.00927	0.71051	0.00220	1	-0.00623	-0.00927	0.71051	0.00214	1	1.45898	0.81042	0	
1264978	8531.43652	3306113956346	0.43294	0.14960	8531.32227	0.10059	11746	0	0.53786	0.15424	0	0.38918	0.07712	1	0.38918	0.07712	1	0.47577	0.53110	10.58875	1.12017	0	0.47578	0.53103	10.04586	1.12885	1	-0.00623	-0.00927	0.71051	0.00220	1	-0.00623	-0.00927	0.71051	0.00213	1	1.45898	0.81042	0	
1264979	8531.44336	3306114024923	0.41835	0.12544	8531.32227	0.10059	11746	0	0.53786	0.15424	0	0.38918	0.07712	1	0.38918	0.07712	1	0.47577	0.53110	10.58875	1.12885	0	0.47596	0.53102	10.41786	1.12885	1	-0.00623	-0.00927	0.71051	0.00220	1	-0.00587	-0.00881	0.67537	0.00211	1	1.45898	0.81042	0	
1264980	8531.44922	3306114091853	0.38169	0.08236	8531.32227	0.10059	11746	0	0.53786	0.15424	0	0.36670	0.09283	1	0.36670	0.09283	1	0.47577	0.53110	10.58875	1.12885	0	0.47572	0.53106	10.44379	1.12017	1	-0.00623	-0.00927	0.71051	0.00220	1	-0.00587	-0.00881	0.67537	0.00217	1	1.45898	0.81042	0	
1264981	8531.45605	3306114159037	0.38669	0.05842	8531.32227	0.10059	11746	0	0.53786	0.15424	0	0.39169	0.03448	1	0.39169	0.03448	1	0.47577	0.53110	10.58875	1.12017	0	0.47599	0.53100	10.53386	1.11149	1	-0.00623	-0.00927	0.71051	0.00220	1	-0.00587	-0.00881	0.67537	0.00207	1	1.45898	0.81042	0	
1264982	8531.46289	3306114224809	0.38846	0.05345	8531.32227	0.10059	11746	0	0.53786	0.15424	0	0.39200	0.04352	1	0.39200	0.04352	1	0.47577	0.53110	10.58875	1.11149	0	0.47591	0.53096	10.65458	1.10281	1	-0.00623	-0.00927	0.71051	0.00220	1	-0.00587	-0.00881	0.67537	0.00204	1	1.45898	0.81042	0	
1264983	8531.46973	3306114292882	0.38250	0.04939	8531.44922	0.02051	11747	1	0.53786	0.15424	0	0.36464	0.03721	1	0.36464	0.03721	1	0.47577	0.53110	10.58875	1.10281	0	0.47609	0.53095	10.38301	1.10281	1	-0.00623	-0.00927	0.71051	0.00220	1	-0.00587	-0.00881	0.67537	0.00217	1	1.45898	0.81042	0	
1264984	8531.47656	3306114358032	0.38088	0.04947	8531.44922	0.02734	11747	1	0.53786	0.15424	0	0.37438	0.04975	1	0.37438	0.04975	1	0.47577	0.53110	10.58875	1.10281	0	0.47617	0.53104	10.51516	1.10281	1	-0.00623	-0.00927	0.71051	0.00220	1	-0.00587	-0.00881	0.67537	0.00218	1	1.45898	0.81042	0	
1264985	8531.48340	3306114426656	0.37980	0.04951	8531.44922	0.03418	11747	1	0.53786	0.15424	0	0.37438	0.04975	1	0.37438	0.04975	1	0.47577	0.53110	10.58875	1.10281	0	0.47622	0.53109	10.67859	1.10281	1	-0.00623	-0.00927	0.71051	0.00220	1	-0.00581	-0.00888	0.68020	0.00211	1	1.45898	0.81042	0	
1264986	8531.49023	3306114493129	0.37941	0.05380	8531.44922	0.04102	11747	1	0.53786	0.15424	0	0.37711	0.07954	1	0.37711	0.07954	1	0.47577	0.53110	10.58875	1.10281	0	0.47626	0.53128	10.53981	1.10281	1	-0.00623	-0.00927	0.71051	0.00220	1	-0.00581	-0.00888	0.68020	0.00210	1	1.45898	0.81042	0	
1264987	8531.49609	3306114560741	0.37895	0.06224	8531.44922	0.04688	11747	1	0.53786	0.15424	0	0.37572	0.12130	1	0.37572	0.12130	1	0.47577	0.53110	10.58875	1.10281	0	0.47626	0.53103	10.32828	1.10281	1	-0.00623	-0.00927	0.71051	0.00220	1	-0.00581	-0.00888	0.68020	0.00215	1	1.45898	0.81042	0	
1264988	8531.50293	3306114628461	0.38766	0.07149	8531.44922	0.05371	11747	1	0.53864	0.16224	1	0.37611	0.12872	1	0.45737	0.14548	1	0.47655	0.53114	10.15353	1.10281	1	0.73834	0.55245	11.27314	1.09515	1	-0.00593	-0.00913	0.69946	0.00221	1	0.06067	-0.01232	0.66486	0.00384	1	1.45898	0.81042	0	
1264989	8531.50977	3306114692411	0.39594	0.09025	8531.44922	0.06055	11747	1	0.50338	0.11817	1	0.43744	0.40013	1	0.47041	0.25915	1	0.47646	0.53108	9.99689	1.09515	1	0.73797	0.55262	11.75899	1.08749	1	-0.00593	-0.00913	0.69946	0.00220	1	0.06067	-0.01232	0.66486	0.00381	1	1.45898	0.81042	0	
1264990	8531.51660	3306114760842	0.39493	0.09096	8531.44922	0.06738	11747	1	0.50338	0.11817	0	0.38480	0.09805	1	0.38480	0.09805	1	0.47646	0.53108	9.99689	1.08749	0	0.47645	0.53114	9.87063	1.07983	1	-0.00593	-0.00913	0.69946	0.00220	1	0.06067	-0.01232	0.66486	0.00221	1	1.45898	0.81042	0	
1264991	8531.52344	3306114826744	0.39408	0.09155	8531.44922	0.07422	11747	1	0.50338	0.11817	0	0.38480	0.09805	1	0.38480	0.09805	1	0.47646	0.53108	9.99689	1.07983	0	0.47667	0.53122	10.16564	1.07983	1	-0.00593	-0.00913	0.69946	0.00220	1	-0.00555	-0.00863	0.66098	0.00211	1	1.45898	0.81042	0	
1264992	8531.53027	3306114895808	0.39298	0.09243	8531.44922	0.08105	11747	1	0.50338	0.11817	0	0.37977	0.10291	1	0.37977	0.10291	1	0.47646	0.53108	9.99689	1.07983	0	0.47676	0.53138	10.87112	1.08749	1	-0.00593	-0.00913	0.69946	0.00220	1	-0.00555	-0.00863	0.66098	0.00210	1	1.45898	0.81042	0	
1264993	8531.53613	3306114960175	0.39060	0.09286	8531.44922	0.08691	11747	1	0.50338	0.11817	0	0.35966	0.09855	1	0.35966	0.09855	1	0.47646	0.53108	9.99689	1.08749	0	0.47675	0.53133	10.51220	1.09515	1	-0.00593	-0.00913	0.69946	0.00220	1	-0.00555	-0.00863	0.66098	0.00210	1	1.45898	0.81042	0	
1264994	8531.54297	3306115028160	0.38851	0.09273	8531.44922	0.09375	11747	1	0.50338	0.11817	0	0.35917	0.09093	1	0.35917	0.09093	1	0.47646	0.53108	9.99689	1.09515	0	0.47688	0.53147	10.61483	1.10281	1	-0.00593	-0.00913	0.69946	0.00220	1	-0.00555	-0.00863	0.66098	0.00212	1	1.45898	0.81042	0	
1264995	8531.54980	3306115095773	0.38685	0.08870	8531.44922	0.10059	11747	1	0.50338	0.11817	0	0.36206	0.02818	1	0.36206	0.02818	1	0.47646	0.53108	9.99689	1.10281	0	0.47677	0.53111	10.72105	1.10281	1	-0.00593	-0.00913	0.69946	0.00220	1	-0.00555	-0.00863	0.66098	0.00212	1	1.45898	0.81042	0	
1264996	8531.55664	3306115160674	0.38508	0.08598	8531.44922	0.10742	11747	1	0.50338	0.11817	0	0.35666	0.04250	1	0.35666	0.04250	1	0.47646	0.53108	9.99689	1.10281	0	0.47672	0.53120	10.33362	1.10281	1	-0.00593	-0.00913	0.69946	0.00220	1	-0.00555	-0.00863	0.66098	0.00217	1	1.45898	0.81042	0	
1264997	8531.56348	3306115227909	0.38350	0.08357	8531.44922	0.11426	11747	1	0.50338	0.11817	0	0.35666	0.04250	1	0.35666	0.04250	1	0.47646	0.53108	9.99689	1.10281	0	0.47724	0.53144	10.81525	1.10281	1	-0.00593	-0.00913	0.69946	0.00220	1	-0.00561	-0.00888	0.68055	0.00216	1	1.45898	0.81042	0	
1264998	8531.57031	3306115294130	0.38404	0.08204	8531.44922	0.12109	11747	1	0.50338	0.11817	0	0.39372	0.05452	1	0.39372	0.05452	1	0.47646	0.53108	9.99689	1.10281	0	0.47724	0.53144	10.81525	1.10281	1	-0.00593	-0.00913	0.69946	0.00220	1	-0.00561	-0.00888	0.68055	0.00216	1	1.45898	0.81042	0	
1264999	8531.57715	3306115362701	0.38452	0.08066	8531.44922	0.12793	11747	1	0.50338	0.11817	0	0.39372	0.05452	1	0.39372	0.05452	1	0.47646	0.53108	9.99689	1.10281	0	0.47724	0.53144	10.81525	1.10281	1	-0.00593	-0.00913	0.69946	0.00220	1	-0.00561	-0.00888	0.68055	0.00216	1	1.45898	0.81042	0	
1265000	8531.58301	3306115428044	0.38494	0.07899	8531.44922	0.13379	11747	1	0.50338	0.11817	0	0.39342	0.04557	1	0.39342	0.04557	1	0.47646	0.53108	9.99689	1.10281	0	0.47735	0.53130	10.67748	1.11149	1	-0.00593	-0.00913	0.69946	0.00220	1	-0.00580	-0.00931	0.70909	0.00209	1	1.45898	0.81042	0	
1265001	8531.58984	3306115495725	0.38439	0.07616	8531.44922	0.14062	11747	1	0.50338	0.11817	0	0.37268	0.01670	1	0.37268	0.01670	1	0.47646	0.53108	9.99689	1.11149	0	0.47734	0.53136	10.52245	1.12017	1	-0.00593	-0.00913	0.69946	0.00220	1	-0.00580	-0.00931	0.70909	0.00211	1	1.45898	0.81042	0	
1265002	8531.59668	3306115565653	0.38315	0.07356	8531.44922	0.14746	11747	1	0.50338	0.11817	0	0.35583	0.01641	1	0.35583	0.01641	1	0.47646	0.53108	9.99689	1.12017	0	0.47742	0.53144	10.60833	1.12885	1	-0.00593	-0.00913	0.69946	0.00220	1	-0.00580	-0.00931	0.70909	0.00216	1	1.45898	0.81042	0	
1265003	8531.60352	3306115633942	0.38201	0.07118	8531.44922	0.15430	11747	1	0.50338	0.11817	0	0.35583	0.01641	1	0.35583	0.01641	1	0.47646	0.53108	9.99689	1.12885	0	0.47759	0.53160	10.61682	1.12885	1	-0.00593	-0.00913	0.69946	0.00220	1	-0.00552	-0.00895	0.68177	0.00217	1	1.45898	0.81042	0	
1265004	8531.61035	3306115699083	0.36867	0.04530	8531.44922	0.15430	11747	0	0.50338	0.11817	0	0.36457	0.03687	1	0.36457	0.03687	1	0.47646	0.53108	9.99689	1.12885	0	0.47757	0.53143	11.00105	1.12017	1	-0.00593	-0.00913	0.69946	0.00220	1	-0.00552	-0.00895	0.68177	0.00215	1	1.45898	0.81042	0	
1265005	8531.61719	3306115766404	0.37052	0.04661	8531.44922	0.15430	11747	0	0.50338	0.11817	0	0.37237	0.04792	1	0.37237	0.04792	1	0.47646	0.53108	9.99689	1.12017	0	0.47763	0.53155	10.77483	1.11149	1	-0.00593	-0.00913	0.69946	0.00220	1	-0.00552	-0.00895	0.68177	0.00214	1	1.45898	0.81042	0	
1265006	8531.62402	3306115833197	0.37113	0.04705	8531.44922	0.15430	11747	0	0.50338	0.11817	0	0.37237	0.04792	1	0.37237	0.04792	1	0.47646	0.53108	9.99689	1.11149	0	0.47786	0.53148	10.87395	1.11149	1	-0.00593	-0.00913	0.69946	0.00220	1	-0.00549	-0.00915	0.69684	0.00217	1	1.45898	0.81042	0	
1265007	8531.63086	3306115899870	0.37770	0.04367	8531.61035	0.02051	11748	1	0.50338	0.11817	0	0.39739	0.03354	1	0.39739	0.03354	1	0.47646	0.53108	9.99689	1.11149	0	0.47792	0.53152	10.99661	1.12017	1	-0.00593	-0.00913	0.69946	0.00220	1	-0.00549	-0.00915	0.69684	0.00217	1	1.45898	0.81042	0	
1265008	8531.63770	3306115967588	0.37746	0.04954	8531.61035	0.02734	11748	1	0.50338	0.11817	0	0.37650	0.07302	1	0.37650	0.07302	1	0.47646	0.53108	9.99689	1.12017	0	0.47793	0.53142	10.99199	1.12885	1	-0.00593	-0.00913	0.69946	0.00220	1	-0.00549	-0.00915	0.69684	0.00210	1	1.45898	0.81042	0	
1265009	8531.64355	3306116034888	0.38767	0.05597	8531.61035	0.03320	11748	1	0.50052	0.09425	1	0.37693	0.08201	1	0.43873	0.08813	1	0.47876	0.53399	10.54994	1.11977	1	0.73998	0.55333	11.62070	1.11977	1	-0.00537	-0.00904	0.68881	0.00354	1	0.06158	-0.01261	0.66985	0.00391	1	1.45898	0.81042	0	
1265010	8531.65039	3306116101269	0.39762	0.08663	8531.61035	0.04004	11748	1	0.46798	0.10143	1	0.44673	0.43970	1	0.45736	0.27057	1	0.47826	0.53139	10.72626	1.11068	1	0.73969	0.55349	12.08105	1.10200	1	-0.00537	-0.00904	0.68881	0.00215	1	0.06158	-0.01261	0.66985	0.00387	1	1.45898	0.81042	0	
1265011	8531.65723	3306116167990	0.40659	0.10865	8531.61035	0.04688	11748	1	0.47035	0.12806	1	0.46831	0.39753	1	0.46933	0.26279	1	0.47818	0.53136	10.86018	1.09292	1	0.74007	0.55347	12.18762	1.08424	1	-0.00537	-0.00904	0.68881	0.00211	1	0.06158	-0.01261	0.66985	0.00371	1	1.45898	0.81042	0	
1265012	8531.66406	3306116235246	0.41367	0.12746	8531.61035	0.05371	11748	1	0.47287	0.14523	1	0.46777	0.41070	1	0.47032	0.27796	1	0.47845	0.53145	10.82117	1.07515	1	0.74020	0.55324	11.24977	1.06647	1	-0.00529	-0.00885	0.67846	0.00217	1	0.06301	-0.01288	0.68432	0.00380	1	1.45898	0.81042	0	
1265013	8531.67090	3306116300945	0.42182	0.14083	8531.61035	0.06055	11748	1	0.48949	0.14696	1	0.50085	0.37532	1	0.49517	0.26114	1	0.47849	0.53146	10.82665	1.06647	1	0.74050	0.55305	11.27222	1.06647	1	-0.00529	-0.00885	0.67846	0.00217	1	0.06301	-0.01288	0.68432	0.00379	1	1.45898	0.81042	0	
1265014	8531.67773	3306116369103	0.42867	0.15430	8531.61035	0.06738	11748	1	0.50327	0.15000	1	0.49108	0.42811	1	0.49717	0.28906	1	0.47871	0.53151	10.99807	1.06647	1	0.74039	0.55338	11.29424	1.06647	1	-0.00529	-0.00885	0.67846	0.00216	1	0.06301	-0.01288	0.68432	0.00376	1	1.45898	0.81042	0	
1265015	8531.68457	3306116436693	0.43435	0.16489	8531.61035	0.07422	11748	1	0.50218	0.14121	1	0.49155	0.42151	1	0.49686	0.28136	1	0.47880	0.53148	11.07103	1.07556	1	0.74068	0.55349	11.25946	1.07556	1	-0.00533	-0.00924	0.70383	0.00210	1	0.06301	-0.01288	0.68432	0.00374	1	1.45898	0.81042	0	
1265016	8531.69043	3306116502537	0.43802	0.17377	8531.61035	0.08008	11748	1	0.50882	0.14187	1	0.45523	0.41884	1	0.48203	0.28035	1	0.47886	0.53147	10.84956	1.08464	1	0.74021	0.55363	11.54229	1.08464	1	-0.00533	-0.00924	0.70383	0.00214	1	0.06301	-0.01288	0.68432	0.00378	1	1.45898	0.81042	0	
1265017	8531.69727	3306116569838	0.45222	0.20528	8531.61035	0.08008	11748	0	0.50747	0.15736	1	0.43935	0.43765	1	0.47341	0.29751	1	0.47879	0.53150	10.85711	1.09373	1	0.74032	0.55390	11.46585	1.09373	1	-0.00533	-0.00924	0.70383	0.00219	1	0.06301	-0.01288	0.68432	0.00374	1	1.45898	0.81042	0	
1265018	8531.70410	3306116637288	0.46281	0.25139	8531.61035	0.08008	11748	0	0.50747	0.15736	1	0.43935	0.43765	1	0.47341	0.29751	1	0.47903	0.53135	11.21384	1.09373	1	0.74086	0.55345	11.90611	1.09373	1	-0.00513	-0.00898	0.68450	0.00215	1	0.06294	-0.01295	0.68245	0.00402	1	1.45898	0.81042	0	
1265019	8531.71094	3306116704180	0.46195	0.26268	8531.61035	0.08008	11748	0	0.47502	0.12409	1	0.44543	0.44641	1	0.46022	0.28525	1	0.47910	0.53134	11.21136	1.08464	1	0.74045	0.55394	12.53632	1.08464	1	-0.00513	-0.00898	0.68450	0.00215	1	0.06294	-0.01295	0.68245	0.00383	1	1.45898	0.81042	0	
1265020	8531.71777	3306116770980	0.46414	0.26351	8531.69727	0.02051	11749	1	0.47609	0.13944	1	0.46537	0.39254	1	0.47073	0.26599	1	0.47904	0.53142	11.30375	1.07556	1	0.74070	0.55322	11.91947	1.07556	1	-0.00513	-0.00898	0.68450	0.00216	1	0.06294	-0.01295	0.68245	0.00408	1	1.45898	0.81042	0	
1265021	8531.72461	3306116837930	0.46565	0.26695	8531.69727	0.02734	11749	1	0.47849	0.15605	1	0.46489	0.40539	1	0.47169	0.28072	1	0.47925	0.53144	11.43382	1.05845	1	0.74101	0.55366	12.03231	1.05845	1	-0.00495	-0.00875	0.66655	0.00225	1	0.06224	-0.01286	0.67488	0.00380	1	1.45898	0.81042	0	
1265022	8531.73145	3306116905262	0.47029	0.26958	8531.69727	0.03418	11749	1	0.49230	0.18187	1	0.49467	0.38358	1	0.49349	0.28273	1	0.47930	0.53158	10.96263	1.05044	1	0.74120	0.55295	11.21333	1.05044	1	-0.00495	-0.00875	0.66655	0.00227	1	0.06224	-0.01286	0.67488	0.00400	1	1.45898	0.81042	0	
1265023	8531.73730	3306116971954	0.47362	0.27709	8531.69727	0.04004	11749	1	0.50356	0.18557	1	0.48358	0.45874	1	0.49357	0.32216	1	0.47939	0.53154	10.94836	1.04242	1	0.74103	0.55368	11.68554	1.04242	1	-0.00495	-0.00875	0.66655	0.00224	1	0.06224	-0.01286	0.67488	0.00386	1	1.45898	0.81042	0	
1265024	8531.74414	3306117038480	0.47482	0.30051	8531.69727	0.04688	11749	1	0.50356	0.18557	0	0.48321	0.46446	1	0.48321	0.46446	1	0.47939	0.53154	10.94836	1.03440	0	0.47946	0.53166	10.81259	1.03440	1	-0.00495	-0.00875	0.66655	0.00224	1	-0.00505	-0.00902	0.68743	0.00216	1	1.45898	0.81042	0	
1265025	8531.75098	3306117104685	0.46443	0.28154	8531.69727	0.05371	11749	1	0.50356	0.18557	0	0.38136	0.12977	1	0.38136	0.12977	1	0.47939	0.53154	10.94836	1.03440	0	0.47942	0.53161	10.82613	1.03440	1	-0.00495	-0.00875	0.66655	0.00224	1	-0.00505	-0.00902	0.68743	0.00218	1	1.45898	0.81042	0	
1265026	8531.75781	3306117172368	0.45637	0.26540	8531.69727	0.06055	11749	1	0.50356	0.18557	0	0.38381	0.12012	1	0.38381	0.12012	1	0.47939	0.53154	10.94836	1.03440	0	0.47946	0.53157	11.08128	1.03440	1	-0.00495	-0.00875	0.66655	0.00224	1	-0.00505	-0.00902	0.68743	0.00218	1	1.45898	0.81042	0	
1265027	8531.76465	3306117237580	0.44974	0.25137	8531.69727	0.06738	11749	1	0.50356	0.18557	0	0.38341	0.11113	1	0.38341	0.11113	1	0.47939	0.53154	10.94836	1.03440	0	0.47936	0.53162	10.78229	1.04308	1	-0.00495	-0.00875	0.66655	0.00224	1	-0.00513	-0.00930	0.70465	0.00213	1	1.45898	0.81042	0	
1265028	8531.77051	3306117304399	0.44412	0.25958	8531.69727	0.07324	11749	1	0.50356	0.18557	0	0.38228	0.34981	1	0.38228	0.34981	1	0.47939	0.53154	10.94836	1.04308	0	0.47954	0.53405	10.55697	1.05176	1	-0.00495	-0.00875	0.66655	0.00224	1	-0.00513	-0.00930	0.70465	0.00350	1	1.45898	0.81042	0	
1265029	8531.77734	3306117371945	0.44017	0.24914	8531.69727	0.08008	11749	1	0.50356	0.18557	0	0.39277	0.12386	1	0.39277	0.12386	1	0.47939	0.53154	10.94836	1.05176	0	0.47957	0.53175	10.67270	1.06044	1	-0.00495	-0.00875	0.66655	0.00224	1	-0.00513	-0.00930	0.70465	0.00222	1	1.45898	0.81042	0	
1265030	8531.78418	3306117439685	0.43676	0.23956	8531.69727	0.08691	11749	1	0.50356	0.18557	0	0.39245	0.11511	1	0.39245	0.11511	1	0.47939	0.53154	10.94836	1.06044	0	0.47977	0.53405	10.77011	1.06912	1	-0.00495	-0.00875	0.66655	0.00224	1	-0.00531	-0.00970	0.73038	0.00348	1	1.45898	0.81042	0	
1265031	8531.79102	3306117509640	0.43381	0.23092	8531.69727	0.09375	11749	1	0.50356	0.18557	0	0.39251	0.10991	1	0.39251	0.10991	1	0.47939	0.53154	10.94836	1.06912	0	0.47954	0.53185	10.78644	1.06912	1	-0.00495	-0.00875	0.66655	0.00224	1	-0.00531	-0.00970	0.73038	0.00227	1	1.45898	0.81042	0	
1265032	8531.79785	3306117574986	0.43062	0.23678	8531.69727	0.10059	11749	1	0.50356	0.18557	0	0.38279	0.32469	1	0.38279	0.32469	1	0.47939	0.53154	10.94836	1.06912	0	0.47959	0.53420	10.72813	1.06912	1	-0.00495	-0.00875	0.66655	0.00224	1	-0.00531	-0.00970	0.73038	0.00344	1	1.45898	0.81042	0	
1265033	8531.80469	3306117641451	0.42781	0.24195	8531.69727	0.10742	11749	1	0.50356	0.18557	0	0.38279	0.32469	1	0.38279	0.32469	1	0.47939	0.53154	10.94836	1.06912	0	0.47976	0.53438	10.87974	1.06912	1	-0.00495	-0.00875	0.66655	0.00224	1	-0.00513	-0.00930	0.70465	0.00343	1	1.45898	0.81042	0	
1265034	8531.81152	3306117709000	0.43121	0.24472	8531.69727	0.11426	11749	1	0.51080	0.16620	1	0.46744	0.41718	1	0.48912	0.29169	1	0.47958	0.53175	11.15916	1.06912	1	0.74112	0.55401	11.48901	1.06912	1	-0.00495	-0.00875	0.66655	0.00221	1	-0.00513	-0.00930	0.70465	0.00392	1	1.45898	0.81042	0	
1265035	8531.81836	3306117774889	0.41156	0.24058	8531.69727	0.11426	11749	0	0.51815	0.38164	1	0.46618	0.46186	1	0.49217	0.42175	1	0.47959	0.53421	10.64567	1.06912	1	0.74112	0.55401	11.48901	1.06912	1	-0.00495	-0.00875	0.66655	0.00347	1	-0.00513	-0.00930	0.70465	0.00392	1	1.45898	0.81042	0	
1265036	8531.82520	3306117843025	0.45146	0.32651	8531.69727	0.11426	11749	0	0.51629	0.36886	1	0.46643	0.45603	1	0.49136	0.41245	1	0.47962	0.53444	10.89479	1.08623	1	0.74113	0.55372	11.44185	1.07755	1	-0.00513	-0.00930	0.70465	0.00344	1	0.06431	-0.01324	0.69504	0.00411	1	1.45898	0.81042	0	
1265037	8531.83105	3306117909906	0.46423	0.34377	8531.69727	0.11426	11749	0	0.52458	0.36521	1	0.45498	0.39132	1	0.48978	0.37827	1	0.47973	0.53429	11.08634	1.09465	1	0.74091	0.55378	11.22735	1.08597	1	-0.00513	-0.00930	0.70465	0.00347	1	0.06431	-0.01324	0.69504	0.00402	1	1.45898	0.81042	0	
1265038	8531.83789	3306117976911	0.49140	0.39322	8531.69727	0.11426	11749	0	0.51775	0.35997	1	0.46837	0.41794	1	0.49306	0.38895	1	0.47957	0.53430	10.81733	1.10307	1	0.74114	0.55413	11.45834	1.09439	1	-0.00513	-0.00930	0.70465	0.00351	1	0.06431	-0.01324	0.69504	0.00393	1	1.45898	0.81042	0	
1265039	8531.84473	3306118043721	0.49207	0.38801	8531.69727	0.11426	11749	0	0.51686	0.35370	1	0.46863	0.41191	1	0.49274	0.38281	1	0.47952	0.53178	10.62471	1.11149	1	0.74115	0.55413	11.44315	1.10281	1	-0.00513	-0.00930	0.70465	0.00221	1	0.06431	-0.01329	0.69504	0.00400	1	1.45898	0.81042	0	
1265040	8531.85156	3306118111039	0.49403	0.38866	8531.69727	0.11426	11749	0	0.52725	0.36405	1	0.46864	0.41586	1	0.49795	0.38996	1	0.47980	0.53440	11.23973	1.10281	1	0.74121	0.55423	11.46227	1.10281	1	-0.00513	-0.00930	0.70465	0.00341	1	0.06431	-0.01329	0.69504	0.00398	1	1.45898	0.81042	0	
1265041	8531.85840	3306118177886	0.49217	0.35865	8531.83789	0.02051	11750	1	0.51071	0.14808	1	0.46246	0.38915	1	0.48659	0.26862	1	0.47960	0.53177	10.59286	1.10281	1	0.74104	0.55388	11.22755	1.10281	1	-0.00513	-0.00930	0.70465	0.00225	1	0.06431	-0.01329	0.69504	0.00402	1	1.45898	0.81042	0	
1265042	8531.86523	3306118242843	0.48627	0.36347	8531.83789	0.02734	11750	1	0.51071	0.14808	0	0.46267	0.38276	1	0.46267	0.38276	1	0.47960	0.53177	10.59286	1.10281	0	0.47990	0.53427	11.70562	1.11149	1	-0.00513	-0.00930	0.70465	0.00225	1	-0.00513	-0.00930	0.70465	0.00351	1	1.45898	0.81042	0	
1265043	8531.87207	3306118311284	0.46795	0.34917	8531.83789	0.03418	11750	1	0.51071	0.14808	0	0.37634	0.27766	1	0.37634	0.27766	1	0.47960	0.53177	10.59286	1.11149	0	0.47952	0.53388	10.18352	1.12017	1	-0.00513	-0.00930	0.70465	0.00225	1	-0.00513	-0.00930	0.70465	0.00356	1	1.45898	0.81042	0	
1265044	8531.87793	3306118378351	0.45510	0.30723	8531.83789	0.04004	11750	1	0.51071	0.14808	0	0.37797	0.05556	1	0.37797	0.05556	1	0.47960	0.53177	10.59286	1.12017	0	0.47937	0.53171	10.78689	1.12885	1	-0.00513	-0.00930	0.70465	0.00225	1	-0.00513	-0.00930	0.70465	0.00215	1	1.45898	0.81042	0	
1265045	8531.88477	3306118447688	0.44540	0.27468	8531.83789	0.04688	11750	1	0.51071	0.14808	0	0.37757	0.04684	1	0.37757	0.04684	1	0.47960	0.53177	10.59286	1.12885	0	0.47935	0.53170	10.79456	1.13753	1	-0.00513	-0.00930	0.70465	0.00225	1	-0.00508	-0.00917	0.69897	0.00214	1	1.45898	0.81042	0	
1265046	8531.89160	3306118512591	0.43804	0.27198	8531.83789	0.05371	11750	1	0.51071	0.14808	0	0.37913	0.25038	1	0.37913	0.25038	1	0.47960	0.53177	10.59286	1.13753	0	0.47951	0.53391	10.15940	1.13753	1	-0.00513	-0.00930	0.70465	0.00225	1	-0.00508	-0.00917	0.69897	0.00373	1	1.45898	0.81042	0	
1265047	8531.89844	3306118578628	0.43110	0.26827	8531.83789	0.06055	11750	1	0.51071	0.14808	0	0.36865	0.23486	1	0.36865	0.23486	1	0.47960	0.53177	10.59286	1.13753	0	0.47948	0.53362	10.08863	1.13753	1	-0.00513	-0.00930	0.70465	0.00225	1	-0.00508	-0.00917	0.69897	0.00369	1	1.45898	0.81042	0	
1265048	8531.90527	3306118645436	0.43110	0.26827	8531.83789	0.06738	11750	1	0.51071	0.14808	0	0.36865	0.23486	0	0.36865	0.23486	0	0.47960	0.53177	10.59286	1.13753	0	0.47948	0.53362	10.08863	1.13753	0	-0.00513	-0.00930	0.70465	0.00225	1	-0.00508	-0.00917	0.69897	0.00369	1	1.45898	0.81042	0	
1265049	8531.91211	3306118713613	0.43110	0.26827	8531.83789	0.07422	11750	1	0.51071	0.14808	0	0.36865	0.23486	0	0.36865	0.23486	0	0.47960	0.53177	10.59286	1.13753	0	0.47948	0.53362	10.08863	1.13753	0	-0.00513	-0.00930	0.70465	0.00225	1	-0.00508	-0.00917	0.69897	0.00369	1	1.45898	0.81042	0	
1265050	8531.91895	3306118781488	0.43110	0.26827	8531.83789	0.08105	11750	1	0.51071	0.14808	0	0.36865	0.23486	0	0.36865	0.23486	0	0.47960	0.53177	10.59286	1.13753	0	0.47948	0.53362	10.08863	1.13753	0	-0.00513	-0.00930	0.70465	0.00225	1	-0.00508	-0.00917	0.69897	0.00369	1	1.45898	0.81042	0	
1265051	8531.92578	3306118849271	0.42440	0.25438	8531.83789	0.08105	11750	0	0.51071	0.14808	0	0.36865	0.23486	0	0.36865	0.23486	0	0.47960	0.53177	10.59286	1.13753	0	0.47948	0.53362	10.08863	1.13753	0	-0.00513	-0.00930	0.70465	0.00225	1	-0.00508	-0.00917	0.69897	0.00369	1	1.45898	0.81042	0	
1265052	8531.93164	3306118915025	0.42440	0.25438	8531.83789	0.08105	11750	0	0.51071	0.14808	0	0.36865	0.23486	0	0.36865	0.23486	0	0.47960	0.53177	10.59286	1.13753	0	0.47948	0.53362	10.08863	1.13753	0	-0.00513	-0.00930	0.70465	0.00225	1	-0.00508	-0.00917	0.69897	0.00369	1	1.45898	0.81042	0	
1265053	8531.93848	3306118978944	0.42440	0.25438	8531.83789	0.08105	11750	0	0.51071	0.14808	0	0.36865	0.23486	0	0.36865	0.23486	0	0.47960	0.53177	10.59286	1.13753	0	0.47948	0.53362	10.08863	1.13753	0	-0.00513	-0.00930	0.70465	0.00225	1	-0.00508	-0.00917	0.69897	0.00369	1	1.45898	0.81042	0	
1265054	8531.94531	3306119045446	0.00000	0.00000	8531.83789	0.08105	11750	0	0.51071	0.14808	0	0.36865	0.23486	0	0.36865	0.23486	0	0.47960	0.53177	10.59286	1.13753	0	0.47948	0.53362	10.08863	1.13753	0	-0.00513	-0.00930	0.70465	0.00225	1	-0.00508	-0.00917	0.69897	0.00369	1	1.45898	0.81042	0	
1265055	8531.95117	3306119110912	0.00000	0.00000	8531.83789	0.08105	11750	0	0.51071	0.14808	0	0.36865	0.23486	0	0.36865	0.23486	0	0.47960	0.53177	10.59286	1.13753	0	0.47948	0.53362	10.08863	1.13753	0	-0.00513	-0.00930	0.70465	0.00225	1	-0.00508	-0.00917	0.69897	0.00369	1	1.45898	0.81042	0	
1265056	8531.95801	3306119178924	0.00000	0.00000	8531.83789	0.08105	11750	0	0.51071	0.14808	0	0.36865	0.23486	0	0.36865	0.23486	0	0.47960	0.53177	10.59286	1.13753	0	0.47948	0.53362	10.08863	1.13753	0	-0.00513	-0.00930	0.70465	0.00225	1	-0.00508	-0.00917	0.69897	0.00369	1	1.45898	0.81042	0	
1265057	8531.96484	3306119246842	0.00000	0.00000	8531.83789	0.08105	11750	0	0.51071	0.14808	0	0.36865	0.23486	0	0.36865	0.23486	0	0.47960	0.53177	10.59286	1.13753	0	0.47948	0.53362	10.08863	1.13753	0	-0.00513	-0.00930	0.70465	0.00225	1	-0.00508	-0.00917	0.69897	0.00369	1	1.45898	0.81042	0	
1265058	8531.97168	3306119314479	0.00000	0.00000	8531.83789	0.08105	11750	0	0.51071	0.14808	0	0.36865	0.23486	0	0.36865	0.23486	0	0.47960	0.53177	10.59286	1.13753	0	0.47948	0.53362	10.08863	1.13753	0	-0.00513	-0.00930	0.70465	0.00225	1	-0.00508	-0.00917	0.69897	0.00369	1	1.45898	0.81042	0	
1265059	8531.97852	3306119380952	0.00000	0.00000	8531.83789	0.08105	11750	0	0.51071	0.14808	0	0.36865	0.23486	0	0.36865	0.23486	0	0.47960	0.53177	10.59286	1.13753	0	0.47948	0.53362	10.08863	1.13753	0	-0.00513	-0.00930	0.70465	0.00225	1	-0.00508	-0.00917	0.69897	0.00369	1	1.45898	0.81042	0	
1265060	8531.98535	3306119449527	0.43876	0.18693	8531.83789	0.08105	11750	0	0.50789	0.12406	1	0.36963	0.24980	1	0.43876	0.18693	1	0.47924	0.53407	10.88774	1.12845	1	0.74077	0.55269	11.72354	1.11977	1	-0.00513	-0.00904	0.68450	0.00350	1	0.06224	-0.01286	0.67488	0.00429	1	1.45898	0.81042	0	
1265061	8531.99219	3306119515249	0.46368	0.27948	8531.83789	0.08105	11750	0	0.51047	0.32312	1	0.46671	0.42094	1	0.48859	0.37203	1	0.47883	0.53421	10.55159	1.11068	1	0.74073	0.55376	12.63134	1.10200	1	-0.00513	-0.00904	0.68450	0.00349	1	0.06224	-0.01286	0.67488	0.00389	1	1.45898	0.81042	0	
1265062	8531.99902	3306119583278	0.47279	0.31343	8531.83789	0.08105	11750	0	0.52639	0.36689	1	0.45564	0.39581	1	0.49102	0.38135	1	0.47897	0.53440	11.03047	1.09292	1	0.74060	0.55353	12.18963	1.08424	1	-0.00513	-0.00904	0.68450	0.00347	1	0.06224	-0.01286	0.67488	0.00370	1	1.45898	0.81042	0	
1265063	8532.00586	3306119651338	0.49033	0.38039	8531.83789	0.08105	11750	0	0.52727	0.37334	1	0.45547	0.40225	1	0.49137	0.38779	1	0.47877	0.53175	10.65551	1.08424	1	0.74015	0.55371	11.59861	1.07556	1	-0.00533	-0.00924	0.70383	0.00223	1	0.06224	-0.01286	0.67488	0.00382	1	1.45898	0.81042	0	
1265064	8532.01270	3306119718261	0.49462	0.36732	8531.83789	0.08105	11750	0	0.52872	0.30772	1	0.46910	0.40078	1	0.49891	0.35425	1	0.47899	0.53348	10.74640	1.08464	1	0.74051	0.55363	12.28247	1.08464	1	-0.00533	-0.00924	0.70383	0.00381	1	0.06224	-0.01286	0.67488	0.00369	1	1.45898	0.81042	0	
1265065	8532.01855	3306119785175	0.49135	0.36527	8531.83789	0.08105	11750	0	0.50821	0.31929	1	0.46140	0.40306	1	0.48481	0.36117	1	0.47871	0.53350	10.36654	1.09373	1	0.74032	0.55343	12.47287	1.09373	1	-0.00533	-0.00924	0.70383	0.00371	1	0.06224	-0.01286	0.67488	0.00378	1	1.45898	0.81042	0	
1265066	8532.02539	3306119852493	0.48392	0.37306	8532.00586	0.01953	11751	1	0.50821	0.31929	0	0.46162	0.39643	1	0.46162	0.39643	1	0.47871	0.53350	10.36654	1.10281	0	0.74039	0.55330	11.61976	1.10281	1	-0.00533	-0.00924	0.70383	0.00371	1	0.06301	-0.01293	0.68432	0.00382	1	1.45898	0.81042	0	
1265067	8532.03223	3306119919837	0.48392	0.37306	8532.00586	0.02637	11751	1	0.50821	0.31929	0	0.46162	0.39643	0	0.46162	0.39643	0	0.47871	0.53350	10.36654	1.10281	0	0.74039	0.55330	11.61976	1.10281	0	-0.00533	-0.00924	0.70383	0.00371	1	0.06301	-0.01293	0.68432	0.00382	1	1.45898	0.81042	0	
1265068	8532.03906	3306119986321	0.48652	0.37452	8532.00586	0.03320	11751	1	0.50821	0.31929	0	0.49694	0.38034	1	0.49694	0.38034	1	0.47871	0.53350	10.36654	1.10281	0	0.74037	0.55341	11.15523	1.10281	1	-0.00533	-0.00924	0.70383	0.00371	1	0.06301	-0.01293	0.68432	0.00384	1	1.45898	0.81042	0	
1265069	8532.04590	3306120052891	0.48826	0.37549	8532.00586	0.04004	11751	1	0.50821	0.31929	0	0.49694	0.38034	1	0.49694	0.38034	1	0.47871	0.53350	10.36654	1.10281	0	0.74062	0.55290	12.03969	1.10281	1	-0.00533	-0.00924	0.70383	0.00371	1	0.06294	-0.01285	0.68245	0.00388	1	1.45898	0.81042	0	
1265070	8532.05273	3306120120496	0.48826	0.37549	8532.00586	0.04688	11751	1	0.50821	0.31929	0	0.49694	0.38034	0	0.49694	0.38034	0	0.47871	0.53350	10.36654	1.10281	0	0.74062	0.55290	12.03969	1.10281	0	-0.00533	-0.00924	0.70383	0.00371	1	0.06294	-0.01285	0.68245	0.00388	1	1.45898	0.81042	0	
1265071	8532.05957	3306120187278	0.48507	0.37252	8532.00586	0.05371	11751	1	0.50821	0.31929	0	0.46597	0.35473	1	0.46597	0.35473	1	0.47871	0.53350	10.36654	1.10281	0	0.74069	0.55315	12.19089	1.10281	1	-0.00533	-0.00924	0.70383	0.00371	1	0.06294	-0.01285	0.68245	0.00395	1	1.45898	0.81042	0	
1265072	8532.06543	3306120253980	0.48507	0.37252	8532.00586	0.05957	11751	1	0.50821	0.31929	0	0.46597	0.35473	0	0.46597	0.35473	0	0.47871	0.53350	10.36654	1.10281	0	0.74069	0.55315	12.19089	1.10281	0	-0.00533	-0.00924	0.70383	0.00371	1	0.06294	-0.01285	0.68245	0.00395	1	1.45898	0.81042	0	
1265073	8532.07227	3306120321102	0.48507	0.37252	8532.00586	0.06641	11751	1	0.50821	0.31929	0	0.46597	0.35473	0	0.46597	0.35473	0	0.47871	0.53350	10.36654	1.10281	0	0.74069	0.55315	12.19089	1.10281	0	-0.00533	-0.00924	0.70383	0.00371	1	0.06294	-0.01285	0.68245	0.00395	1	1.45898	0.81042	0	
1265074	8532.07910	3306120388288	0.48177	0.37843	8532.00586	0.07324	11751	1	0.50821	0.31929	0	0.45865	0.41975	1	0.45865	0.41975	1	0.47871	0.53350	10.36654	1.10281	0	0.74068	0.55331	12.28878	1.10281	1	-0.00533	-0.00924	0.70383	0.00371	1	0.06294	-0.01285	0.68245	0.00388	1	1.45898	0.81042	0	
1265075	8532.08594	3306120454031	0.47920	0.38302	8532.00586	0.08008	11751	1	0.50821	0.31929	0	0.45865	0.41975	1	0.45865	0.41975	1	0.47871	0.53350	10.36654	1.10281	0	0.74069	0.55315	12.19089	1.10281	1	-0.00533	-0.00924	0.70383	0.00371	1	0.06224	-0.01265	0.67488	0.00395	1	1.45898	0.81042	0	
1265076	8532.09277	3306120522008	0.47659	0.38473	8532.00586	0.08691	11751	1	0.50821	0.31929	0	0.45313	0.40010	1	0.45313	0.40010	1	0.47871	0.53350	10.36654	1.10281	0	0.74057	0.55288	11.98034	1.10281	1	-0.00533	-0.00924	0.70383	0.00371	1	0.06224	-0.01265	0.67488	0.00402	1	1.45898	0.81042	0	
1265077	8532.09961	3306120589066	0.47542	0.37915	8532.00586	0.09375	11751	1	0.50821	0.31929	0	0.46366	0.32339	1	0.46366	0.32339	1	0.47871	0.53350	10.36654	1.10281	0	0.74066	0.55233	11.80862	1.10281	1	-0.00533	-0.00924	0.70383	0.00371	1	0.06224	-0.01265	0.67488	0.00431	1	1.45898	0.81042	0	
1265078	8532.10645	3306120655735	0.47542	0.37915	8532.00586	0.10059	11751	1	0.50821	0.31929	0	0.46366	0.32339	0	0.46366	0.32339	0	0.47871	0.53350	10.36654	1.10281	0	0.74066	0.55233	11.80862	1.10281	0	-0.00533	-0.00924	0.70383	0.00371	1	0.06224	-0.01265	0.67488	0.00431	1	1.45898	0.81042	0	
1265079	8532.11328	3306120723236	0.47542	0.37915	8532.00586	0.10742	11751	1	0.50821	0.31929	0	0.46366	0.32339	0	0.46366	0.32339	0	0.47871	0.53350	10.36654	1.10281	0	0.74066	0.55233	11.80862	1.10281	0	-0.00533	-0.00924	0.70383	0.00371	1	0.06224	-0.01265	0.67488	0.00431	1	1.45898	0.81042	0	
1265080	8532.11914	3306120790376	0.47542	0.37915	8532.00586	0.11328	11751	1	0.50821	0.31929	0	0.46366	0.32339	0	0.46366	0.32339	0	0.47871	0.53350	10.36654	1.10281	0	0.74066	0.55233	11.80862	1.10281	0	-0.00533	-0.00924	0.70383	0.00371	1	0.06224	-0.01265	0.67488	0.00431	1	1.45898	0.81042	0	
1265081	8532.12598	3306120855942	0.47393	0.37903	8532.00586	0.11328	11751	0	0.50821	0.31929	0	0.46366	0.32339	0	0.46366	0.32339	0	0.47871	0.53350	10.36654	1.10281	0	0.74066	0.55233	11.80862	1.10281	0	-0.00533	-0.00924	0.70383	0.00371	1	0.06224	-0.01265	0.67488	0.00431	1	1.45898	0.81042	0	
1265082	8532.13281	3306120922857	0.47502	0.39845	8532.00586	0.11328	11751	0	0.50821	0.31929	0	0.47611	0.41787	1	0.47611	0.41787	1	0.47871	0.53350	10.36654	1.10281	0	0.74092	0.55329	11.92778	1.10281	1	-0.00533	-0.00924	0.70383	0.00371	1	0.06224	-0.01265	0.67488	0.00411	1	1.45898	0.81042	0	
1265083	8532.13965	3306120991628	0.47571	0.38659	8532.00586	0.11328	11751	0	0.50821	0.31929	0	0.47710	0.36286	1	0.47710	0.36286	1	0.47871	0.53350	10.36654	1.10281	0	0.74088	0.55272	11.67976	1.10281	1	-0.00533	-0.00924	0.70383	0.00371	1	0.06224	-0.01265	0.67488	0.00422	1	1.45898	0.81042	0	
1265084	8532.14648	3306121055651	0.47571	0.38659	8532.12598	0.02051	11752	1	0.50821	0.31929	0	0.47710	0.36286	0	0.47710	0.36286	0	0.47871	0.53350	10.36654	1.10281	0	0.74088	0.55272	11.67976	1.10281	0	-0.00533	-0.00924	0.70383	0.00371	1	0.06224	-0.01265	0.67488	0.00422	1	1.45898	0.81042	0	
1265085	8532.15332	3306121125099	0.47571	0.38659	8532.12598	0.02734	11752	1	0.50821	0.31929	0	0.47710	0.36286	0	0.47710	0.36286	0	0.47871	0.53350	10.36654	1.10281	0	0.74088	0.55272	11.67976	1.10281	0	-0.00533	-0.00924	0.70383	0.00371	1	0.06224	-0.01265	0.67488	0.00422	1	1.45898	0.81042	0	
1265086	8532.16016	3306121192107	0.47571	0.38659	8532.12598	0.03418	11752	1	0.50821	0.31929	0	0.47710	0.36286	0	0.47710	0.36286	0	0.47871	0.53350	10.36654	1.10281	0	0.74088	0.55272	11.67976	1.10281	0	-0.00533	-0.00924	0.70383	0.00371	1	0.06224	-0.01265	0.67488	0.00422	1	1.45898	0.81042	0	
1265087	8532.16602	3306121259030	0.47660	0.39037	8532.12598	0.03418	11752	0	0.50821	0.31929	0	0.47710	0.36286	0	0.47710	0.36286	0	0.47871	0.53350	10.36654	1.10281	0	0.74088	0.55272	11.67976	1.10281	0	-0.00533	-0.00924	0.70383	0.00371	1	0.06224	-0.01265	0.67488	0.00422	1	1.45898	0.81042	0	
1265088	8532.17285	3306121326128	0.47017	0.39220	8532.12598	0.03418	11752	0	0.50821	0.31929	0	0.46374	0.39404	1	0.46374	0.39404	1	0.47871	0.53350	10.36654	1.10281	0	0.74070	0.55317	12.19068	1.10281	1	-0.00533	-0.00924	0.70383	0.00371	1	0.06224	-0.01265	0.67488	0.00397	1	1.45898	0.81042	0	
1265089	8532.17969	3306121393200	0.47453	0.38464	8532.12598	0.03418	11752	0	0.50821	0.31929	0	0.48326	0.36951	1	0.48326	0.36951	1	0.47871	0.53350	10.36654	1.10281	0	0.74100	0.55276	11.74666	1.10281	1	-0.00533	-0.00924	0.70383	0.00371	1	0.06224	-0.01265	0.67488	0.00400	1	1.45898	0.81042	0	
1265090	8532.18652	3306121459904	0.47453	0.38464	8532.16602	0.02051	11753	1	0.50821	0.31929	0	0.48326	0.36951	0	0.48326	0.36951	0	0.47871	0.53350	10.36654	1.10281	0	0.74100	0.55276	11.74666	1.10281	0	-0.00533	-0.00924	0.70383	0.00371	1	0.06224	-0.01265	0.67488	0.00400	1	1.45898	0.81042	0	
1265091	8532.19336	3306121526857	0.47453	0.38464	8532.16602	0.02734	11753	1	0.50821	0.31929	0	0.48326	0.36951	0	0.48326	0.36951	0	0.47871	0.53350	10.36654	1.10281	0	0.74100	0.55276	11.74666	1.10281	0	-0.00533	-0.00924	0.70383	0.00371	1	0.06224	-0.01265	0.67488	0.00400	1	1.45898	0.81042	0	
1265092	8532.20020	3306121593907	0.47453	0.38464	8532.16602	0.03418	11753	1	0.50821	0.31929	0	0.48326	0.36951	0	0.48326	0.36951	0	0.47871	0.53350	10.36654	1.10281	0	0.74100	0.55276	11.74666	1.10281	0	-0.00533	-0.00924	0.70383	0.00371	1	0.06224	-0.01265	0.67488	0.00400	1	1.45898	0.81042	0	
1265093	8532.20703	3306121660733	0.47350	0.38177	8532.16602	0.03418	11753	0	0.50821	0.31929	0	0.48326	0.36951	0	0.48326	0.36951	0	0.47871	0.53350	10.36654	1.10281	0	0.74100	0.55276	11.74666	1.10281	0	-0.00533	-0.00924	0.70383	0.00371	1	0.06224	-0.01265	0.67488	0.00400	1	1.45898	0.81042	0	
1265094	8532.21289	3306121728621	0.47350	0.38177	8532.16602	0.03418	11753	0	0.50821	0.31929	0	0.48326	0.36951	0	0.48326	0.36951	0	0.47871	0.53350	10.36654	1.10281	0	0.74100	0.55276	11.74666	1.10281	0	-0.00533	-0.00924	0.70383	0.00371	1	0.06224	-0.01265	0.67488	0.00400	1	1.45898	0.81042	0	
1265095	8532.21973	3306121794831	0.47350	0.38177	8532.16602	0.03418	11753	0	0.50821	0.31929	0	0.48326	0.36951	0	0.48326	0.36951	0	0.47871	0.53350	10.36654	1.10281	0	0.74100	0.55276	11.74666	1.10281	0	-0.00533	-0.00924	0.70383	0.00371	1	0.06224	-0.01265	0.67488	0.00400	1	1.45898	0.81042	0	
1265096	8532.22656	3306121861661	0.00000	0.00000	8532.16602	0.03418	11753	0	0.50821	0.31929	0	0.48326	0.36951	0	0.48326	0.36951	0	0.47871	0.53350	10.36654	1.10281	0	0.74100	0.55276	11.74666	1.10281	0	-0.00533	-0.00924	0.70383	0.00371	1	0.06224	-0.01265	0.67488	0.00400	1	1.45898	0.81042	0	
1265097	8532.23340	3306121928770	0.00000	0.00000	8532.16602	0.03418	11753	0	0.50821	0.31929	0	0.48326	0.36951	0	0.48326	0.36951	0	0.47871	0.53350	10.36654	1.10281	0	0.74100	0.55276	11.74666	1.10281	0	-0.00533	-0.00924	0.70383	0.00371	1	0.06224	-0.01265	0.67488	0.00400	1	1.45898	0.81042	0	
1265098	8532.24023	3306121995939	0.00000	0.00000	8532.16602	0.03418	11753	0	0.50821	0.31929	0	0.48326	0.36951	0	0.48326	0.36951	0	0.47871	0.53350	10.36654	1.10281	0	0.74100	0.55276	11.74666	1.10281	0	-0.00533	-0.00924	0.70383	0.00371	1	0.06224	-0.01265	0.67488	0.00400	1	1.45898	0.81042	0	
1265099	8532.24707	3306122062608	0.49522	0.34082	8532.16602	0.03418	11753	0	0.50718	0.31213	1	0.48326	0.36951	1	0.49522	0.34082	1	0.47953	0.53312	10.73231	1.10281	1	0.74116	0.55294	11.48405	1.10281	1	-0.00508	-0.00912	0.69897	0.00348	1	0.06234	-0.01263	0.67372	0.00409	1	1.45898	0.81042	0	
1265100	8532.25391	3306122129641	0.48925	0.34755	8532.16602	0.03418	11753	0	0.50649	0.31685	1	0.46008	0.39171	1	0.48329	0.35428	1	0.47951	0.53297	10.64338	1.10281	1	0.74143	0.55291	12.17157	1.10281	1	-0.00508	-0.00912	0.69897	0.00356	1	0.06234	-0.01263	0.67372	0.00415	1	1.45898	0.81042	0	
1265101	8532.25977	3306122196727	0.48939	0.35792	8532.16602	0.03418	11753	0	0.51649	0.34981	1	0.46283	0.40749	1	0.48966	0.37865	1	0.47959	0.53325	11.19345	1.10281	1	0.74146	0.55316	11.97999	1.10281	1	-0.00508	-0.00912	0.69897	0.00349	1	0.06234	-0.01263	0.67372	0.00396	1	1.45898	0.81042	0	
1265102	8532.26660	3306122263251	0.48946	0.36310	8532.24707	0.01953	11754	1	0.51649	0.34981	1	0.46283	0.40749	1	0.48966	0.37865	1	0.47993	0.53323	11.23678	1.10281	1	0.74147	0.55285	12.02738	1.10281	1	-0.00508	-0.00912	0.69897	0.00346	1	0.06234	-0.01263	0.67372	0.00408	1	1.45898	0.81042	0	
1265103	8532.27344	3306122328568	0.49137	0.36343	8532.24707	0.02637	11754	1	0.52958	0.34391	1	0.46853	0.38557	1	0.49905	0.36474	1	0.47983	0.53310	10.86938	1.10281	1	0.74154	0.55296	12.08698	1.10281	1	-0.00508	-0.00912	0.69897	0.00343	1	0.06234	-0.01263	0.67372	0.00411	1	1.45898	0.81042	0	
1265104	8532.28027	3306122397610	0.49457	0.36306	8532.24707	0.03320	11754	1	0.55399	0.34590	1	0.46706	0.37652	1	0.51052	0.36121	1	0.48014	0.53327	11.24279	1.10281	1	0.74149	0.55289	12.04526	1.10281	1	-0.00508	-0.00912	0.69897	0.00348	1	0.06234	-0.01263	0.67372	0.00404	1	1.45898	0.81042	0	
1265105	8532.28711	3306122463034	0.49688	0.36377	8532.24707	0.04004	11754	1	0.55469	0.35275	1	0.46680	0.38332	1	0.51075	0.36803	1	0.47991	0.53277	11.02353	1.09373	1	0.74154	0.55298	12.23805	1.09373	1	-0.00489	-0.00875	0.67867	0.00350	1	0.06234	-0.01263	0.67372	0.00410	1	1.45898	0.81042	0	
1265106	8532.29395	3306122531969	0.49848	0.36325	8532.24707	0.04688	11754	1	0.53591	0.33319	1	0.48354	0.38611	1	0.50973	0.35965	1	0.47983	0.53283	11.23935	1.08464	1	0.74179	0.55280	12.10421	1.08464	1	-0.00489	-0.00875	0.67867	0.00344	1	0.06234	-0.01263	0.67372	0.00413	1	1.45898	0.81042	0	
1265107	8532.30078	3306122599147	0.50013	0.36696	8532.24707	0.05371	11754	1	0.56308	0.37883	1	0.46354	0.41435	1	0.51331	0.39659	1	0.48026	0.53321	11.37869	1.07556	1	0.74146	0.55301	12.18351	1.07556	1	-0.00489	-0.00875	0.67867	0.00357	1	0.06234	-0.01263	0.67372	0.00398	1	1.45898	0.81042	0	
1265108	8532.30664	3306122665847	0.50147	0.37059	8532.24707	0.05957	11754	1	0.56373	0.38558	1	0.46330	0.42099	1	0.51352	0.40329	1	0.48006	0.53312	11.24200	1.06647	1	0.74146	0.55297	12.09529	1.06647	1	-0.00489	-0.00886	0.67867	0.00346	1	0.06234	-0.01263	0.67372	0.00406	1	1.45898	0.81042	0	
1265109	8532.31348	3306122732650	0.50221	0.37292	8532.24707	0.06641	11754	1	0.54347	0.35255	1	0.47583	0.43991	1	0.50965	0.39623	1	0.48001	0.53297	11.22846	1.06647	1	0.74168	0.55328	11.56933	1.06647	1	-0.00489	-0.00886	0.67867	0.00352	1	0.06234	-0.01263	0.67372	0.00403	1	1.45898	0.81042	0	
1265110	8532.32031	3306122798804	0.50203	0.37654	8532.24707	0.07324	11754	1	0.53748	0.37774	1	0.46250	0.45491	1	0.49999	0.41633	1	0.48025	0.53322	11.61575	1.06647	1	0.74147	0.55338	12.52247	1.06647	1	-0.00489	-0.00886	0.67867	0.00355	1	0.06234	-0.01263	0.67372	0.00388	1	1.45898	0.81042	0	
1265111	8532.32715	3306122866441	0.50187	0.37960	8532.24707	0.08008	11754	1	0.53748	0.37774	1	0.46250	0.45491	1	0.49999	0.41633	1	0.48000	0.53263	11.07986	1.06647	1	0.74146	0.55329	12.05337	1.06647	1	-0.00489	-0.00886	0.67867	0.00352	1	0.06266	-0.01273	0.67616	0.00391	1	1.45898	0.81042	0	
1265112	8532.33398	3306122933274	0.50179	0.37555	8532.24707	0.08691	11754	1	0.51778	0.29743	1	0.48363	0.34826	1	0.50070	0.32285	1	0.48000	0.53263	11.07986	1.06647	1	0.74179	0.55269	11.80003	1.06647	1	-0.00489	-0.00886	0.67867	0.00352	1	0.06266	-0.01273	0.67616	0.00402	1	1.45898	0.81042	0	
1265113	8532.33984	3306122997522	0.50124	0.37406	8532.24707	0.09277	11754	1	0.51130	0.36795	1	0.47595	0.33864	1	0.49362	0.35329	1	0.47979	0.53292	11.15962	1.06647	1	0.74170	0.55249	11.90851	1.06647	1	-0.00489	-0.00886	0.67867	0.00354	1	0.06266	-0.01273	0.67616	0.00407	1	1.45898	0.81042	0	
1265114	8532.34668	3306123065150	0.49966	0.37185	8532.24707	0.09961	11754	1	0.51130	0.36795	0	0.47595	0.33864	1	0.47595	0.33864	1	0.47979	0.53292	11.15962	1.06647	0	0.74169	0.55274	11.90854	1.06647	1	-0.00489	-0.00886	0.67867	0.00354	1	0.06266	-0.01273	0.67616	0.00382	1	1.45898	0.81042	0	
1265115	8532.35352	3306123132018	0.49966	0.37185	8532.24707	0.10645	11754	1	0.51130	0.36795	0	0.47595	0.33864	0	0.47595	0.33864	0	0.47979	0.53292	11.15962	1.06647	0	0.74169	0.55274	11.90854	1.06647	0	-0.00489	-0.00886	0.67867	0.00354	1	0.06266	-0.01273	0.67616	0.00382	1	1.45898	0.81042	0	
1265116	8532.36035	3306123197022	0.49966	0.37185	8532.24707	0.11328	11754	1	0.51130	0.36795	0	0.47595	0.33864	0	0.47595	0.33864	0	0.47979	0.53292	11.15962	1.06647	0	0.74169	0.55274	11.90854	1.06647	0	-0.00489	-0.00886	0.67867	0.00354	1	0.06266	-0.01273	0.67616	0.00382	1	1.45898	0.81042	0	
1265117	8532.36719	3306123266549	0.49966	0.37185	8532.24707	0.12012	11754	1	0.51130	0.36795	0	0.47595	0.33864	0	0.47595	0.33864	0	0.47979	0.53292	11.15962	1.06647	0	0.74169	0.55274	11.90854	1.06647	0	-0.00489	-0.00886	0.67867	0.00354	1	0.06266	-0.01273	0.67616	0.00382	1	1.45898	0.81042	0	
1265118	8532.37402	3306123332227	0.50307	0.37476	8532.24707	0.12012	11754	0	0.51130	0.36795	0	0.47595	0.33864	0	0.47595	0.33864	0	0.47979	0.53292	11.15962	1.06647	0	0.74169	0.55274	11.90854	1.06647	0	-0.00489	-0.00886	0.67867	0.00354	1	0.06266	-0.01273	0.67616	0.00382	1	1.45898	0.81042	0	
1265119	8532.38086	3306123399852	0.50307	0.37476	8532.24707	0.12012	11754	0	0.51130	0.36795	0	0.47595	0.33864	0	0.47595	0.33864	0	0.47979	0.53292	11.15962	1.06647	0	0.74169	0.55274	11.90854	1.06647	0	-0.00489	-0.00886	0.67867	0.00354	1	0.06266	-0.01273	0.67616	0.00382	1	1.45898	0.81042	0	
1265120	8532.38672	3306123466720	0.50307	0.37476	8532.24707	0.12012	11754	0	0.51130	0.36795	0	0.47595	0.33864	0	0.47595	0.33864	0	0.47979	0.53292	11.15962	1.06647	0	0.74169	0.55274	11.90854	1.06647	0	-0.00489	-0.00886	0.67867	0.00354	1	0.06266	-0.01273	0.67616	0.00382	1	1.45898	0.81042	0	
1265121	8532.39355	3306123533180	0.00000	0.00000	8532.24707	0.12012	11754	0	0.51130	0.36795	0	0.47595	0.33864	0	0.47595	0.33864	0	0.47979	0.53292	11.15962	1.06647	0	0.74169	0.55274	11.90854	1.06647	0	-0.00489	-0.00886	0.67867	0.00354	1	0.06266	-0.01273	0.67616	0.00382	1	1.45898	0.81042	0	
1265122	8532.40039	3306123603528	0.00000	0.00000	8532.24707	0.12012	11754	0	0.51130	0.36795	0	0.47595	0.33864	0	0.47595	0.33864	0	0.47979	0.53292	11.15962	1.06647	0	0.74169	0.55274	11.90854	1.06647	0	-0.00489	-0.00886	0.67867	0.00354	1	0.06266	-0.01273	0.67616	0.00382	1	1.45898	0.81042	0	
1265123	8532.40723	3306123670333	0.00000	0.00000	8532.24707	0.12012	11754	0	0.51130	0.36795	0	0.47595	0.33864	0	0.47595	0.33864	0	0.47979	0.53292	11.15962	1.06647	0	0.74169	0.55274	11.90854	1.06647	0	-0.00489	-0.00886	0.67867	0.00354	1	0.06266	-0.01273	0.67616	0.00382	1	1.45898	0.81042	0	
1265124	8532.41406	3306123736007	0.48869	0.38751	8532.24707	0.12012	11754	0	0.50393	0.38054	1	0.47345	0.39448	1	0.48869	0.38751	1	0.48004	0.53315	11.61295	1.06647	1	0.74167	0.55323	11.65882	1.06647	1	-0.00489	-0.00886	0.67867	0.00382	1	0.06266	-0.01273	0.67616	0.00378	1	1.45898	0.81042	0	
1265125	8532.42090	3306123804209	0.48691	0.39440	8532.24707	0.12012	11754	0	0.49966	0.40008	1	0.47061	0.40252	1	0.48513	0.40130	1	0.48002	0.53335	11.39664	1.06647	1	0.74156	0.55333	11.98496	1.06647	1	-0.00489	-0.00886	0.67867	0.00375	1	0.06266	-0.01273	0.67616	0.00371	1	1.45898	0.81042	0	
1265126	8532.42773	3306123871537	0.48632	0.39670	8532.24707	0.12012	11754	0	0.49966	0.40008	1	0.47061	0.40252	1	0.48513	0.40130	1	0.47985	0.53329	11.26017	1.06647	1	0.74178	0.55332	12.37624	1.06647	1	-0.00489	-0.00886	0.67867	0.00381	1	0.06266	-0.01283	0.67616	0.00369	1	1.45898	0.81042	0	
1265127	8532.43457	3306123938155	0.48830	0.39979	8532.41406	0.02051	11755	1	0.51004	0.41162	1	0.47849	0.40645	1	0.49426	0.40903	1	0.47979	0.53348	11.38139	1.06647	1	0.74171	0.55343	11.97497	1.06647	1	-0.00489	-0.00886	0.67867	0.00386	1	0.06266	-0.01283	0.67616	0.00370	1	1.45898	0.81042	0	
1265128	8532.44043	3306124002792	0.49059	0.39829	8532.41406	0.02637	11755	1	0.51307	0.41225	1	0.48638	0.37239	1	0.49972	0.39232	1	0.48020	0.53364	11.50382	1.06647	1	0.74183	0.55326	12.28628	1.06647	1	-0.00489	-0.00886	0.67867	0.00364	1	0.06266	-0.01283	0.67616	0.00375	1	1.45898	0.81042	0	
1265129	8532.44727	3306124072153	0.49211	0.39730	8532.41406	0.03320	11755	1	0.51307	0.41225	1	0.48638	0.37239	1	0.49972	0.39232	1	0.47996	0.53352	11.65297	1.06647	1	0.74184	0.55335	12.38172	1.06647	1	-0.00496	-0.00904	0.68859	0.00380	1	0.06266	-0.01283	0.67616	0.00371	1	1.45898	0.81042	0	
1265130	8532.45410	3306124138840	0.49193	0.39585	8532.41406	0.04004	11755	1	0.49937	0.37050	1	0.48236	0.40382	1	0.49087	0.38716	1	0.47995	0.53345	11.65242	1.06647	1	0.74177	0.55332	12.35490	1.06647	1	-0.00496	-0.00904	0.68859	0.00376	1	0.06266	-0.01283	0.67616	0.00374	1	1.45898	0.81042	0	
1265131	8532.46094	3306124206348	0.49246	0.39592	8532.41406	0.04688	11755	1	0.50824	0.39297	1	0.48399	0.39987	1	0.49612	0.39642	1	0.48018	0.53372	11.54029	1.06647	1	0.74178	0.55327	12.26189	1.06647	1	-0.00496	-0.00904	0.68859	0.00364	1	0.06266	-0.01283	0.67616	0.00374	1	1.45898	0.81042	0	
1265132	8532.46777	3306124272328	0.49286	0.39598	8532.41406	0.05371	11755	1	0.50824	0.39297	1	0.48399	0.39987	1	0.49612	0.39642	1	0.47986	0.53311	10.81443	1.06647	1	0.74170	0.55343	11.95234	1.06647	1	-0.00489	-0.00886	0.67867	0.00398	1	0.06323	-0.01300	0.68224	0.00371	1	1.45898	0.81042	0	
1265133	8532.47461	3306124340204	0.49210	0.39346	8532.41406	0.06055	11755	1	0.49731	0.33082	1	0.47326	0.41085	1	0.48528	0.37083	1	0.48003	0.53368	11.76653	1.06647	1	0.74161	0.55347	12.22623	1.06647	1	-0.00489	-0.00886	0.67867	0.00371	1	0.06323	-0.01300	0.68224	0.00366	1	1.45898	0.81042	0	
1265134	8532.48145	3306124405814	0.49172	0.39035	8532.41406	0.06738	11755	1	0.48592	0.31396	1	0.48992	0.40449	1	0.48792	0.35922	1	0.47984	0.53281	11.09917	1.06647	1	0.74198	0.55347	11.77746	1.06647	1	-0.00489	-0.00886	0.67867	0.00396	1	0.06323	-0.01300	0.68224	0.00371	1	1.45898	0.81042	0	
1265135	8532.48828	3306124475305	0.49141	0.38776	8532.41406	0.07422	11755	1	0.48592	0.31396	1	0.48992	0.40449	1	0.48792	0.35922	1	0.48007	0.53344	11.21357	1.06647	1	0.74202	0.55343	11.72034	1.06647	1	-0.00496	-0.00904	0.68859	0.00360	1	0.06323	-0.01300	0.68224	0.00371	1	1.45898	0.81042	0	
1265136	8532.49512	3306124543030	0.49145	0.38410	8532.41406	0.08105	11755	1	0.50046	0.37136	1	0.48344	0.30911	1	0.49195	0.34023	1	0.48008	0.53369	11.56545	1.06647	1	0.74177	0.55230	11.86977	1.06647	1	-0.00496	-0.00904	0.68859	0.00372	1	0.06323	-0.01300	0.68224	0.00413	1	1.45898	0.81042	0	
1265137	8532.50098	3306124609406	0.49117	0.38603	8532.41406	0.08691	11755	1	0.49609	0.39500	1	0.47891	0.42727	1	0.48750	0.41114	1	0.48001	0.53390	11.31191	1.06647	1	0.74176	0.55354	12.54195	1.06647	1	-0.00496	-0.00904	0.68859	0.00357	1	0.06323	-0.01300	0.68224	0.00366	1	1.45898	0.81042	0	
1265138	8532.50781	3306124675006	0.49092	0.38770	8532.41406	0.09375	11755	1	0.49609	0.39500	1	0.47891	0.42727	1	0.48750	0.41114	1	0.47976	0.53401	11.14349	1.06647	1	0.74181	0.55348	12.60432	1.06647	1	-0.00489	-0.00886	0.67867	0.00358	1	0.06323	-0.01300	0.68224	0.00368	1	1.45898	0.81042	0	
1265139	8532.51465	3306124742104	0.49125	0.38577	8532.41406	0.10059	11755	1	0.49936	0.31417	1	0.49292	0.39934	1	0.49614	0.35676	1	0.48015	0.53341	11.50613	1.06647	1	0.74192	0.55338	12.21087	1.06647	1	-0.00489	-0.00886	0.67867	0.00365	1	0.06323	-0.01300	0.68224	0.00373	1	1.45898	0.81042	0	
1265140	8532.52148	3306124810975	0.49100	0.38282	8532.41406	0.10742	11755	1	0.48691	0.25711	1	0.48700	0.41400	1	0.48696	0.33556	1	0.47992	0.53300	11.07895	1.06647	1	0.74185	0.55334	12.41782	1.06647	1	-0.00489	-0.00886	0.67867	0.00384	1	0.06323	-0.01300	0.68224	0.00372	1	1.45898	0.81042	0	
1265141	8532.52832	3306124875954	0.49077	0.38455	8532.41406	0.11426	11755	1	0.48691	0.25711	0	0.48700	0.41400	1	0.48700	0.41400	1	0.47992	0.53300	11.07895	1.06647	0	0.74173	0.55350	12.29364	1.06647	1	-0.00489	-0.00886	0.67867	0.00384	1	0.06323	-0.01300	0.68224	0.00368	1	1.45898	0.81042	0	
1265142	8532.53516	3306124942887	0.49033	0.38600	8532.41406	0.12109	11755	1	0.48691	0.25711	0	0.48236	0.41212	1	0.48236	0.41212	1	0.47992	0.53300	11.07895	1.06647	0	0.74174	0.55342	12.12902	1.06647	1	-0.00489	-0.00886	0.67867	0.00384	1	0.06323	-0.01300	0.68224	0.00371	1	1.45898	0.81042	0	
1265143	8532.54199	3306125010304	0.48954	0.38793	8532.41406	0.12793	11755	1	0.48691	0.25711	0	0.47455	0.42471	1	0.47455	0.42471	1	0.47992	0.53300	11.07895	1.06647	0	0.74166	0.55369	12.37075	1.06647	1	-0.00489	-0.00886	0.67867	0.00384	1	0.06323	-0.01300	0.68224	0.00370	1	1.45898	0.81042	0	
1265144	8532.54785	3306125077195	0.48954	0.38793	8532.41406	0.13379	11755	1	0.48691	0.25711	0	0.47455	0.42471	0	0.47455	0.42471	0	0.47992	0.53300	11.07895	1.06647	0	0.74166	0.55369	12.37075	1.06647	0	-0.00489	-0.00886	0.67867	0.00384	1	0.06323	-0.01300	0.68224	0.00370	1	1.45898	0.81042	0	
1265145	8532.55469	3306125141227	0.48954	0.38793	8532.41406	0.14062	11755	1	0.48691	0.25711	0	0.47455	0.42471	0	0.47455	0.42471	0	0.47992	0.53300	11.07895	1.06647	0	0.74166	0.55369	12.37075	1.06647	0	-0.00489	-0.00886	0.67867	0.00384	1	0.06323	-0.01300	0.68224	0.00370	1	1.45898	0.81042	0	
1265146	8532.56152	3306125209846	0.48954	0.38793	8532.41406	0.14746	11755	1	0.48691	0.25711	0	0.47455	0.42471	0	0.47455	0.42471	0	0.47992	0.53300	11.07895	1.06647	0	0.74166	0.55369	12.37075	1.06647	0	-0.00489	-0.00886	0.67867	0.00384	1	0.06323	-0.01300	0.68224	0.00370	1	1.45898	0.81042	0	
1265147	8532.56836	3306125276188	0.48760	0.38261	8532.41406	0.14746	11755	0	0.48691	0.25711	0	0.47455	0.42471	0	0.47455	0.42471	0	0.47992	0.53300	11.07895	1.06647	0	0.74166	0.55369	12.37075	1.06647	0	-0.00489	-0.00886	0.67867	0.00384	1	0.06323	-0.01300	0.68224	0.00370	1	1.45898	0.81042	0	
1265148	8532.57520	3306125342655	0.48760	0.38261	8532.41406	0.14746	11755	0	0.48691	0.25711	0	0.47455	0.42471	0	0.47455	0.42471	0	0.47992	0.53300	11.07895	1.06647	0	0.74166	0.55369	12.37075	1.06647	0	-0.00489	-0.00886	0.67867	0.00384	1	0.06323	-0.01300	0.68224	0.00370	1	1.45898	0.81042	0	
1265149	8532.58203	3306125411131	0.48760	0.38261	8532.41406	0.14746	11755	0	0.48691	0.25711	0	0.47455	0.42471	0	0.47455	0.42471	0	0.47992	0.53300	11.07895	1.06647	0	0.74166	0.55369	12.37075	1.06647	0	-0.00489	-0.00886	0.67867	0.00384	1	0.06323	-0.01300	0.68224	0.00370	1	1.45898	0.81042	0	
1265150	8532.58789	3306125478580	0.00000	0.00000	8532.41406	0.14746	11755	0	0.48691	0.25711	0	0.47455	0.42471	0	0.47455	0.42471	0	0.47992	0.53300	11.07895	1.06647	0	0.74166	0.55369	12.37075	1.06647	0	-0.00489	-0.00886	0.67867	0.00384	1	0.06323	-0.01300	0.68224	0.00370	1	1.45898	0.81042	0	
1265151	8532.59473	3306125541251	0.00000	0.00000	8532.41406	0.14746	11755	0	0.48691	0.25711	0	0.47455	0.42471	0	0.47455	0.42471	0	0.47992	0.53300	11.07895	1.06647	0	0.74166	0.55369	12.37075	1.06647	0	-0.00489	-0.00886	0.67867	0.00384	1	0.06323	-0.01300	0.68224	0.00370	1	1.45898	0.81042	0	
1265152	8532.60156	3306125610045	0.00000	0.00000	8532.41406	0.14746	11755	0	0.48691	0.25711	0	0.47455	0.42471	0	0.47455	0.42471	0	0.47992	0.53300	11.07895	1.06647	0	0.74166	0.55369	12.37075	1.06647	0	-0.00489	-0.00886	0.67867	0.00384	1	0.06323	-0.01300	0.68224	0.00370	1	1.45898	0.81042	0	
1265153	8532.60840	3306125677228	0.48029	0.33366	8532.41406	0.14746	11755	0	0.48570	0.24923	1	0.47488	0.41809	1	0.48029	0.33366	1	0.48006	0.53356	11.10292	1.07556	1	0.74153	0.55343	12.40979	1.07556	1	-0.00508	-0.00917	0.69897	0.00386	1	0.06431	-0.01319	0.69504	0.00392	1	1.45898	0.81042	0	
1265154	8532.61523	3306125744758	0.49190	0.33189	8532.41406	0.14746	11755	0	0.53371	0.25265	1	0.47329	0.40761	1	0.50350	0.33013	1	0.47989	0.53298	10.95179	1.08464	1	0.74162	0.55359	12.45803	1.08464	1	-0.00508	-0.00917	0.69897	0.00397	1	0.06431	-0.01319	0.69504	0.00392	1	1.45898	0.81042	0	
1265155	8532.62109	3306125810831	0.49612	0.33604	8532.41406	0.14746	11755	0	0.53638	0.30257	1	0.47275	0.38609	1	0.50457	0.34433	1	0.47997	0.53344	11.35508	1.09373	1	0.74162	0.55336	12.30686	1.09373	1	-0.00508	-0.00917	0.69897	0.00385	1	0.06431	-0.01319	0.69504	0.00394	1	1.45898	0.81042	0	
1265156	8532.62793	3306125877829	0.49816	0.33636	8532.60840	0.01953	11756	1	0.53554	0.29529	1	0.47306	0.37932	1	0.50430	0.33730	1	0.48000	0.53387	11.45824	1.10281	1	0.74153	0.55335	12.28486	1.10281	1	-0.00508	-0.00917	0.69897	0.00366	1	0.06431	-0.01319	0.69504	0.00397	1	1.45898	0.81042	0	
1265157	8532.63477	3306125942981	0.49894	0.33753	8532.60840	0.02637	11756	1	0.53585	0.30997	1	0.46820	0.37450	1	0.50202	0.34224	1	0.47987	0.53389	11.41535	1.10281	1	0.74153	0.55329	12.31551	1.10281	1	-0.00508	-0.00917	0.69897	0.00361	1	0.06431	-0.01319	0.69504	0.00398	1	1.45898	0.81042	0	
1265158	8532.64160	3306126014158	0.50113	0.33793	8532.60840	0.03320	11756	1	0.55231	0.31251	1	0.47188	0.36736	1	0.51209	0.33994	1	0.48018	0.53369	11.17851	1.10281	1	0.74153	0.55335	12.28486	1.10281	1	-0.00508	-0.00917	0.69897	0.00371	1	0.06431	-0.01319	0.69504	0.00397	1	1.45898	0.81042	0	
1265159	8532.64844	3306126081777	0.50270	0.33822	8532.60840	0.04004	11756	1	0.55231	0.31251	1	0.47188	0.36736	1	0.51209	0.33994	1	0.48012	0.53388	11.73919	1.10281	1	0.74162	0.55336	12.30686	1.10281	1	-0.00508	-0.00917	0.69897	0.00358	1	0.06431	-0.01319	0.69504	0.00394	1	1.45898	0.81042	0	
1265160	8532.65527	3306126148758	0.50122	0.34141	8532.60840	0.04688	11756	1	0.53063	0.31892	1	0.45116	0.40863	1	0.49089	0.36378	1	0.47984	0.53376	11.76822	1.10281	1	0.74124	0.55373	13.24950	1.10281	1	-0.00508	-0.00917	0.69897	0.00354	1	0.06431	-0.01319	0.69504	0.00383	1	1.45898	0.81042	0	
1265161	8532.66211	3306126215567	0.50148	0.33895	8532.60840	0.05371	11756	1	0.54744	0.26919	1	0.45973	0.36934	1	0.50358	0.31927	1	0.48017	0.53334	11.59663	1.10281	1	0.74142	0.55335	12.32463	1.10281	1	-0.00508	-0.00917	0.69897	0.00385	1	0.06431	-0.01319	0.69504	0.00392	1	1.45898	0.81042	0	
1265162	8532.66895	3306126282624	0.50172	0.33770	8532.60840	0.06055	11756	1	0.54819	0.27669	1	0.45953	0.37619	1	0.50386	0.32644	1	0.47968	0.53314	10.88836	1.09373	1	0.74158	0.55347	12.20941	1.09373	1	-0.00496	-0.00904	0.68859	0.00397	1	0.06431	-0.01324	0.69504	0.00384	1	1.45898	0.81042	0	
1265163	8532.67578	3306126349322	0.49896	0.33896	8532.60840	0.06738	11756	1	0.47521	0.29024	1	0.46754	0.41277	1	0.47138	0.35150	1	0.47975	0.53329	10.96527	1.08464	1	0.74154	0.55339	12.14039	1.08464	1	-0.00496	-0.00904	0.68859	0.00397	1	0.06431	-0.01324	0.69504	0.00381	1	1.45898	0.81042	0	
1265164	8532.68262	3306126416576	0.49717	0.33956	8532.60840	0.07422	11756	1	0.47995	0.28289	1	0.47488	0.40940	1	0.47741	0.34615	1	0.47982	0.53268	10.70310	1.07556	1	0.74166	0.55363	12.08029	1.07556	1	-0.00496	-0.00904	0.68859	0.00395	1	0.06431	-0.01324	0.69504	0.00378	1	1.45898	0.81042	0	
1265165	8532.68848	3306126483342	0.49571	0.34110	8532.60840	0.08008	11756	1	0.48232	0.29720	1	0.47425	0.42199	1	0.47829	0.35960	1	0.47982	0.53328	10.87482	1.05845	1	0.74150	0.55360	12.41410	1.05845	1	-0.00467	-0.00860	0.65541	0.00393	1	0.06266	-0.01283	0.67616	0.00383	1	1.45898	0.81042	0	
1265166	8532.69531	3306126550657	0.49478	0.34571	8532.60840	0.08691	11756	1	0.48661	0.38496	1	0.47863	0.42642	1	0.48262	0.40569	1	0.47984	0.53387	11.34263	1.05044	1	0.74172	0.55336	12.11545	1.05044	1	-0.00467	-0.00860	0.65541	0.00361	1	0.06266	-0.01283	0.67616	0.00370	1	1.45898	0.81042	0	
1265167	8532.70215	3306126617859	0.49446	0.34780	8532.60840	0.09375	11756	1	0.49289	0.35068	1	0.48714	0.40328	1	0.49002	0.37698	1	0.47995	0.53363	11.67276	1.04242	1	0.74183	0.55337	12.46751	1.04242	1	-0.00467	-0.00860	0.65541	0.00370	1	0.06266	-0.01283	0.67616	0.00368	1	1.45898	0.81042	0	
1265168	8532.70898	3306126684744	0.49418	0.34962	8532.60840	0.10059	11756	1	0.49289	0.35068	1	0.48714	0.40328	1	0.49002	0.37698	1	0.48037	0.53318	11.87329	1.04242	1	0.74220	0.55321	12.67600	1.04242	1	-0.00473	-0.00881	0.67127	0.00374	1	0.06323	-0.01300	0.68224	0.00378	1	1.45898	0.81042	0	
1265169	8532.71582	3306126752041	0.49474	0.35139	8532.60840	0.10742	11756	1	0.50560	0.35387	1	0.50169	0.40544	1	0.50365	0.37966	1	0.48018	0.53301	11.90750	1.05044	1	0.74213	0.55318	12.56649	1.05044	1	-0.00473	-0.00881	0.67127	0.00379	1	0.06323	-0.01300	0.68224	0.00379	1	1.45898	0.81042	0	
1265170	8532.72266	3306126818568	0.49626	0.35332	8532.60840	0.11426	11756	1	0.53871	0.37464	1	0.50558	0.39780	1	0.52215	0.38622	1	0.48066	0.53386	11.45572	1.05845	1	0.74218	0.55327	12.78523	1.05845	1	-0.00473	-0.00881	0.67127	0.00351	1	0.06323	-0.01300	0.68224	0.00376	1	1.45898	0.81042	0	
1265171	8532.72852	3306126883603	0.49763	0.35419	8532.60840	0.12012	11756	1	0.53712	0.36164	1	0.50726	0.37816	1	0.52219	0.36990	1	0.48051	0.53331	11.11731	1.07556	1	0.74238	0.55337	12.28393	1.08424	1	-0.00493	-0.00923	0.70758	0.00339	1	0.06512	-0.01332	0.70203	0.00376	1	1.45898	0.81042	0	
1265172	8532.73535	3306126950227	0.49800	0.35454	8532.60840	0.12695	11756	1	0.51037	0.32855	1	0.49974	0.39374	1	0.50505	0.36115	1	0.48035	0.53347	12.27572	1.09332	1	0.74210	0.55337	12.79779	1.10200	1	-0.00493	-0.00923	0.70758	0.00336	1	0.06512	-0.01332	0.70203	0.00376	1	1.45898	0.81042	0	
1265173	8532.74219	3306127014972	0.49802	0.35396	8532.60840	0.13379	11756	1	0.51854	0.30837	1	0.47842	0.37642	1	0.49848	0.34239	1	0.48040	0.53341	11.25989	1.11109	1	0.74211	0.55339	12.66648	1.11977	1	-0.00493	-0.00923	0.70758	0.00342	1	0.06512	-0.01332	0.70203	0.00378	1	1.45898	0.81042	0	
1265174	8532.74902	3306127083875	0.49802	0.35328	8532.60840	0.14062	11756	1	0.51763	0.30155	1	0.47842	0.37642	1	0.49803	0.33899	1	0.48068	0.53314	11.48423	1.11977	1	0.74228	0.55314	12.18631	1.11977	1	-0.00483	-0.00895	0.68555	0.00338	1	0.06378	-0.01309	0.68706	0.00383	1	1.45898	0.81042	0	
1265175	8532.75586	3306127152560	0.49818	0.35255	8532.60840	0.14746	11756	1	0.54171	0.31433	1	0.46173	0.35876	1	0.50172	0.33654	1	0.48085	0.53331	11.51599	1.11068	1	0.74220	0.55310	12.07985	1.10200	1	-0.00483	-0.00895	0.68555	0.00342	1	0.06378	-0.01309	0.68706	0.00382	1	1.45898	0.81042	0	
1265176	8532.76270	3306127218338	0.49785	0.35260	8532.60840	0.15430	11756	1	0.53058	0.33676	1	0.44963	0.37040	1	0.49010	0.35358	1	0.48063	0.53335	11.58757	1.09292	1	0.74203	0.55324	12.66893	1.08424	1	-0.00483	-0.00895	0.68555	0.00342	1	0.06378	-0.01309	0.68706	0.00382	1	1.45898	0.81042	0	
1265177	8532.76855	3306127284629	0.49755	0.35290	8532.60840	0.16016	11756	1	0.53142	0.34346	1	0.44951	0.37704	1	0.49046	0.36025	1	0.48085	0.53380	11.56698	1.08424	1	0.74207	0.55367	13.07500	1.07556	1	-0.00493	-0.00923	0.70758	0.00352	1	0.06378	-0.01304	0.68706	0.00382	1	1.45898	0.81042	0	
1265178	8532.77539	3306127351948	0.49744	0.35236	8532.60840	0.16699	11756	1	0.53761	0.29600	1	0.45152	0.38174	1	0.49457	0.33887	1	0.48074	0.53312	11.27375	1.08464	1	0.74214	0.55348	12.75639	1.08464	1	-0.00493	-0.00923	0.70758	0.00378	1	0.06378	-0.01304	0.68706	0.00392	1	1.45898	0.81042	0	
1265179	8532.78223	3306127418307	0.49735	0.35177	8532.60840	0.17383	11756	1	0.53463	0.27431	1	0.45565	0.39843	1	0.49514	0.33637	1	0.48073	0.53296	11.10453	1.09373	1	0.74218	0.55352	12.77727	1.09373	1	-0.00493	-0.00923	0.70758	0.00384	1	0.06378	-0.01304	0.68706	0.00391	1	1.45898	0.81042	0	
1265180	8532.78906	3306127488131	0.49727	0.35122	8532.60840	0.18066	11756	1	0.53463	0.27431	1	0.45565	0.39843	1	0.49514	0.33637	1	0.48080	0.53379	11.26793	1.09373	1	0.74241	0.55340	12.45171	1.09373	1	-0.00468	-0.00891	0.67854	0.00357	1	0.06378	-0.01309	0.68706	0.00398	1	1.45898	0.81042	0	
1265181	8532.79590	3306127553387	0.49735	0.35229	8532.60840	0.18750	11756	1	0.54063	0.37085	1	0.45843	0.39335	1	0.49953	0.38210	1	0.48075	0.53375	11.54462	1.08464	1	0.74220	0.55340	12.39398	1.08464	1	-0.00468	-0.00891	0.67854	0.00351	1	0.06378	-0.01309	0.68706	0.00394	1	1.45898	0.81042	0	
1265182	8532.80273	3306127622475	0.49734	0.35371	8532.60840	0.19434	11756	1	0.54232	0.37913	1	0.45172	0.41106	1	0.49702	0.39510	1	0.48071	0.53344	11.86791	1.07556	1	0.74215	0.55341	12.91957	1.07556	1	-0.00468	-0.00891	0.67854	0.00336	1	0.06378	-0.01309	0.68706	0.00391	1	1.45898	0.81042	0	
1265183	8532.80957	3306127687229	0.49734	0.35536	8532.60840	0.20117	11756	1	0.54313	0.38589	1	0.45146	0.42334	1	0.49729	0.40462	1	0.48094	0.53367	12.44371	1.06647	1	0.74232	0.55302	12.23354	1.05881	1	-0.00468	-0.00885	0.67854	0.00337	1	0.06038	-0.01233	0.64997	0.00410	1	1.45898	0.81042	0	
1265184	8532.81641	3306127754706	0.49723	0.35536	8532.60840	0.20801	11756	1	0.52466	0.34204	1	0.46342	0.36883	1	0.49404	0.35543	1	0.48081	0.53322	11.59089	1.05881	1	0.74223	0.55287	12.33831	1.05115	1	-0.00468	-0.00885	0.67854	0.00337	1	0.06038	-0.01233	0.64997	0.00408	1	1.45898	0.81042	0	
1265185	8532.82324	3306127823621	0.49724	0.35593	8532.60840	0.21484	11756	1	0.53228	0.36053	1	0.46238	0.38800	1	0.49733	0.37427	1	0.48094	0.53305	11.96982	1.05115	1	0.74226	0.55303	12.22208	1.04349	1	-0.00468	-0.00885	0.67854	0.00353	1	0.06038	-0.01233	0.64997	0.00407	1	1.45898	0.81042	0	
1265186	8532.82910	3306127889413	0.49725	0.35665	8532.60840	0.22070	11756	1	0.53304	0.36650	1	0.46218	0.39396	1	0.49761	0.38023	1	0.48110	0.53317	12.03058	1.04349	1	0.74230	0.55330	11.99587	1.03583	1	-0.00468	-0.00885	0.67854	0.00343	1	0.06038	-0.01238	0.64997	0.00398	1	1.45898	0.81042	0	
1265187	8532.83594	3306127956963	0.49690	0.35777	8532.60840	0.22754	11756	1	0.51374	0.35499	1	0.45638	0.43694	1	0.48506	0.39596	1	0.48068	0.53309	12.05232	1.03583	1	0.74213	0.55346	12.95995	1.03583	1	-0.00468	-0.00885	0.67854	0.00339	1	0.06038	-0.01238	0.64997	0.00387	1	1.45898	0.81042	0	
1265188	8532.84277	3306128024169	0.49659	0.35867	8532.60840	0.23438	11756	1	0.48847	0.35985	1	0.48311	0.42059	1	0.48579	0.39022	1	0.48065	0.53283	11.37217	1.03583	1	0.74257	0.55324	11.81549	1.03583	1	-0.00468	-0.00885	0.67854	0.00340	1	0.06038	-0.01238	0.64997	0.00381	1	1.45898	0.81042	0	
1265189	8532.84961	3306128091206	0.49631	0.35961	8532.60840	0.24121	11756	1	0.48957	0.36621	1	0.48309	0.42086	1	0.48633	0.39354	1	0.48046	0.53299	11.30560	1.02782	1	0.74271	0.55295	13.08444	1.03547	1	-0.00435	-0.00831	0.63697	0.00344	1	0.06355	-0.01297	0.68345	0.00383	1	1.45898	0.81042	0	
1265190	8532.85645	3306128157826	0.49623	0.36107	8532.60840	0.24805	11756	1	0.49442	0.41267	1	0.49216	0.41711	1	0.49329	0.41489	1	0.48065	0.53330	11.36496	1.02746	1	0.74271	0.55321	12.82118	1.03512	1	-0.00435	-0.00831	0.63697	0.00355	1	0.06355	-0.01297	0.68345	0.00383	1	1.45898	0.81042	0	
1265191	8532.86328	3306128225373	0.49596	0.36219	8532.60840	0.25488	11756	1	0.51026	0.41019	1	0.46116	0.39955	1	0.48571	0.40487	1	0.48090	0.53316	11.90048	1.02710	1	0.74267	0.55299	13.04136	1.03476	1	-0.00435	-0.00831	0.63697	0.00355	1	0.06355	-0.01297	0.68345	0.00391	1	1.45898	0.81042	0	
1265192	8532.87012	3306128292055	0.49199	0.39028	8532.60840	0.25488	11756	0	0.50825	0.39763	1	0.46158	0.38659	1	0.48491	0.39211	1	0.48152	0.53325	11.67828	1.04385	1	0.74319	0.55249	12.12399	1.05150	1	-0.00472	-0.00924	0.70789	0.00354	1	0.06291	-0.01282	0.67556	0.00408	1	1.45898	0.81042	0	
1265193	8532.87598	3306128358166	0.49812	0.38762	8532.60840	0.25488	11756	0	0.54495	0.35999	1	0.46354	0.40994	1	0.50425	0.38497	1	0.48152	0.53296	11.33704	1.06861	1	0.74307	0.55352	12.48676	1.06861	1	-0.00472	-0.00924	0.70789	0.00362	1	0.06291	-0.01282	0.67556	0.00393	1	1.45898	0.81042	0	
1265194	8532.88281	3306128425957	0.50006	0.37944	8532.60840	0.25488	11756	0	0.54010	0.32829	1	0.46780	0.39784	1	0.50395	0.36306	1	0.48146	0.53301	11.32280	1.08571	1	0.74309	0.55346	12.30800	1.08571	1	-0.00472	-0.00924	0.70789	0.00364	1	0.06291	-0.01282	0.67556	0.00395	1	1.45898	0.81042	0	
1265195	8532.88965	3306128492967	0.50097	0.37382	8532.87012	0.01953	11757	1	0.53938	0.32201	1	0.46804	0.39191	1	0.50371	0.35696	1	0.48139	0.53282	11.23291	1.09373	1	0.74301	0.55303	12.22225	1.09373	1	-0.00450	-0.00890	0.68223	0.00360	1	0.06291	-0.01282	0.67556	0.00399	1	1.45898	0.81042	0	
1265196	8532.89648	3306128560086	0.49917	0.36340	8532.87012	0.02637	11757	1	0.51393	0.29675	1	0.46997	0.34670	1	0.49195	0.32173	1	0.48150	0.53247	11.13881	1.08464	1	0.74313	0.55294	12.33657	1.08464	1	-0.00450	-0.00890	0.68223	0.00360	1	0.06291	-0.01282	0.67556	0.00404	1	1.45898	0.81042	0	
1265197	8532.90332	3306128627045	0.49755	0.35905	8532.87012	0.03320	11757	1	0.49537	0.33448	1	0.48348	0.34018	1	0.48943	0.33733	1	0.48156	0.53273	11.51092	1.07556	1	0.74330	0.55289	11.93315	1.07556	1	-0.00450	-0.00890	0.68223	0.00356	1	0.06291	-0.01282	0.67556	0.00387	1	1.45898	0.81042	0	
1265198	8532.91016	3306128694289	0.49649	0.35789	8532.87012	0.04004	11757	1	0.49754	0.34795	1	0.48273	0.35389	1	0.49013	0.35092	1	0.48158	0.53208	11.34680	1.05845	1	0.74360	0.55289	12.44545	1.05845	1	-0.00447	-0.00889	0.68549	0.00379	1	0.06295	-0.01280	0.67483	0.00378	1	1.45898	0.81042	0	
1265199	8532.91699	3306128761558	0.49732	0.34985	8532.87012	0.04688	11757	1	0.49711	0.18783	1	0.50916	0.39923	1	0.50314	0.29353	1	0.48153	0.53075	11.91403	1.05044	1	0.74379	0.55314	12.42815	1.05044	1	-0.00447	-0.00889	0.68549	0.00236	1	0.06295	-0.01280	0.67483	0.00387	1	1.45898	0.81042	0	
1265200	8532.92285	3306128827748	0.49704	0.35334	8532.87012	0.05273	11757	1	0.51516	0.35668	1	0.47443	0.40586	1	0.49479	0.38127	1	0.48186	0.53258	11.79769	1.04242	1	0.74400	0.55309	12.19650	1.04242	1	-0.00447	-0.00889	0.68549	0.00366	1	0.06295	-0.01280	0.67483	0.00386	1	1.45898	0.81042	0	
1265201	8532.92969	3306128895020	0.49681	0.35613	8532.87012	0.05957	11757	1	0.51516	0.35668	1	0.47443	0.40586	1	0.49479	0.38127	1	0.48242	0.53253	11.21717	1.04242	1	0.74395	0.55346	12.48478	1.04242	1	-0.00446	-0.00886	0.69111	0.00375	1	0.06339	-0.01287	0.67850	0.00395	1	1.45898	0.81042	0	
1265202	8532.93652	3306128961207	0.49735	0.35889	8532.87012	0.06641	11757	1	0.53346	0.34189	1	0.47199	0.43118	1	0.50273	0.38653	1	0.48214	0.53273	11.70382	1.05044	1	0.74395	0.55346	12.48478	1.05044	1	-0.00446	-0.00886	0.69111	0.00358	1	0.06339	-0.01287	0.67850	0.00395	1	1.45898	0.81042	0	
1265203	8532.94336	3306129025985	0.49777	0.35753	8532.87012	0.07324	11757	1	0.53102	0.27600	1	0.47366	0.40914	1	0.50234	0.34257	1	0.48216	0.53191	10.80102	1.05845	1	0.74397	0.55340	12.45171	1.05845	1	-0.00446	-0.00886	0.69111	0.00381	1	0.06339	-0.01287	0.67850	0.00397	1	1.45898	0.81042	0	
1265204	8532.95020	3306129092590	0.49810	0.35589	8532.87012	0.08008	11757	1	0.53022	0.26916	1	0.47395	0.40314	1	0.50208	0.33615	1	0.48209	0.53173	10.79650	1.06647	1	0.74403	0.55258	12.01094	1.06647	1	-0.00428	-0.00872	0.68008	0.00389	1	0.06349	-0.01295	0.67958	0.00407	1	1.45898	0.81042	0	
1265205	8532.95703	3306129160949	0.49918	0.35603	8532.87012	0.08691	11757	1	0.54673	0.28931	1	0.47964	0.42645	1	0.51318	0.35788	1	0.48247	0.53210	11.40704	1.06647	1	0.74410	0.55344	12.08529	1.06647	1	-0.00428	-0.00872	0.68008	0.00396	1	0.06349	-0.01295	0.67958	0.00380	1	1.45898	0.81042	0	
1265206	8532.96289	3306129228176	0.49863	0.35455	8532.87012	0.09277	11757	1	0.50388	0.27765	1	0.47801	0.38997	1	0.49095	0.33381	1	0.48214	0.53180	10.91080	1.06647	1	0.74403	0.55321	12.15918	1.06647	1	-0.00428	-0.00872	0.68008	0.00396	1	0.06349	-0.01295	0.67958	0.00386	1	1.45898	0.81042	0	
1265207	8532.97070	3306129297581	0.49815	0.35325	8532.87012	0.10059	11757	1	0.50388	0.27765	1	0.47801	0.38997	1	0.49095	0.33381	1	0.48211	0.53188	10.99369	1.06647	1	0.74439	0.55337	12.73693	1.06647	1	-0.00429	-0.00869	0.68177	0.00393	1	0.06338	-0.01290	0.67731	0.00371	1	1.45898	0.81042	0	
1265208	8532.97656	3306129362673	0.49848	0.35359	8532.87012	0.10645	11757	1	0.51643	0.32453	1	0.49107	0.39330	1	0.50375	0.35891	1	0.48232	0.53256	11.55918	1.06647	1	0.74431	0.55314	12.80564	1.06647	1	-0.00429	-0.00869	0.68177	0.00372	1	0.06338	-0.01290	0.67731	0.00380	1	1.45898	0.81042	0	
1265209	8532.98340	3306129431603	0.49791	0.35452	8532.87012	0.11328	11757	1	0.48510	0.33544	1	0.49135	0.40540	1	0.48822	0.37042	1	0.48217	0.53266	11.37073	1.06647	1	0.74431	0.55322	12.63367	1.06647	1	-0.00429	-0.00869	0.68177	0.00367	1	0.06338	-0.01290	0.67731	0.00369	1	1.45898	0.81042	0	
1265210	8532.99023	3306129497836	0.49742	0.35568	8532.87012	0.12012	11757	1	0.48619	0.34181	1	0.49093	0.41140	1	0.48856	0.37660	1	0.48233	0.53244	11.35905	1.05845	1	0.74478	0.55310	12.28653	1.05845	1	-0.00406	-0.00837	0.65254	0.00375	1	0.06338	-0.01290	0.67731	0.00376	1	1.45898	0.81042	0	
1265211	8532.99707	3306129564703	0.49802	0.35429	8532.87012	0.12695	11757	1	0.49968	0.31231	1	0.51939	0.34310	1	0.50954	0.32771	1	0.48238	0.53236	11.57747	1.05044	1	0.74473	0.55267	12.11297	1.05044	1	-0.00406	-0.00837	0.65254	0.00368	1	0.06338	-0.01290	0.67731	0.00380	1	1.45898	0.81042	0	
1265212	8533.00391	3306129631524	0.49782	0.35512	8532.87012	0.13379	11757	1	0.50747	0.32454	1	0.48022	0.41926	1	0.49384	0.37190	1	0.48250	0.53248	11.70559	1.04242	1	0.74456	0.55319	12.60347	1.04242	1	-0.00406	-0.00837	0.65254	0.00356	1	0.06338	-0.01290	0.67731	0.00374	1	1.45898	0.81042	0	
1265213	8533.01074	3306129698541	0.49763	0.35602	8532.87012	0.14062	11757	1	0.50747	0.32454	1	0.47989	0.42501	1	0.49368	0.37478	1	0.48259	0.53242	11.78496	1.04242	1	0.74464	0.55311	12.27051	1.03476	1	-0.00418	-0.00866	0.67925	0.00373	1	0.06187	-0.01258	0.66060	0.00382	1	1.45898	0.81042	0	
1265214	8533.01660	3306129765672	0.49707	0.35762	8532.87012	0.14648	11757	1	0.51851	0.35287	1	0.45078	0.43306	1	0.48464	0.39296	1	0.48270	0.53254	12.28041	1.04278	1	0.74442	0.55353	12.88832	1.03512	1	-0.00418	-0.00866	0.67925	0.00373	1	0.06187	-0.01258	0.66060	0.00388	1	1.45898	0.81042	0	
1265215	8533.02344	3306129832598	0.49646	0.35976	8532.87012	0.15332	11757	1	0.49665	0.37792	1	0.46804	0.43988	1	0.48234	0.40890	1	0.48227	0.53288	12.00313	1.04313	1	0.74470	0.55347	12.35968	1.03547	1	-0.00418	-0.00866	0.67925	0.00374	1	0.06187	-0.01258	0.66060	0.00392	1	1.45898	0.81042	0	
1265216	8533.03027	3306129899464	0.49589	0.36172	8532.87012	0.16016	11757	1	0.49661	0.37764	1	0.46805	0.43962	1	0.48233	0.40863	1	0.48315	0.53235	11.31560	1.04349	1	0.74452	0.55349	12.49706	1.03583	1	-0.00418	-0.00866	0.67925	0.00379	1	0.06187	-0.01258	0.66060	0.00390	1	1.45898	0.81042	0	
1265217	8533.03711	3306129966260	0.49614	0.36187	8532.87012	0.16699	11757	1	0.53573	0.30458	1	0.46892	0.42686	1	0.50232	0.36572	1	0.48301	0.53207	11.39075	1.03583	1	0.74468	0.55345	12.49566	1.03583	1	-0.00418	-0.00866	0.67925	0.00358	1	0.06187	-0.01258	0.66060	0.00397	1	1.45898	0.81042	0	
1265218	8533.04395	3306130033843	0.49635	0.36328	8532.87012	0.17383	11757	1	0.53685	0.37998	1	0.46695	0.41984	1	0.50190	0.39991	1	0.48289	0.53218	11.51473	1.03583	1	0.74466	0.55328	12.38054	1.03583	1	-0.00418	-0.00866	0.67925	0.00362	1	0.06187	-0.01258	0.66060	0.00397	1	1.45898	0.81042	0	
1265219	8533.05078	3306130101375	0.49654	0.36424	8532.87012	0.18066	11757	1	0.53597	0.37297	1	0.46746	0.40721	1	0.50171	0.39009	1	0.48290	0.53235	11.39807	1.04492	1	0.74479	0.55355	12.31518	1.05258	1	-0.00435	-0.00912	0.71550	0.00367	1	0.06327	-0.01286	0.67501	0.00390	1	1.45898	0.81042	0	
1265220	8533.05762	3306130167352	0.49737	0.36551	8532.87012	0.18750	11757	1	0.56170	0.36921	1	0.47940	0.43343	1	0.52055	0.40132	1	0.48334	0.53275	11.53809	1.06166	1	0.74486	0.55375	12.40014	1.06932	1	-0.00435	-0.00912	0.71550	0.00357	1	0.06327	-0.01286	0.67501	0.00378	1	1.45898	0.81042	0	
1265221	8533.06348	3306130234513	0.49782	0.36605	8532.87012	0.19336	11757	1	0.54753	0.39041	1	0.47431	0.37280	1	0.51092	0.38160	1	0.48315	0.53278	11.82243	1.07841	1	0.74481	0.55324	12.30265	1.08607	1	-0.00435	-0.00912	0.71550	0.00340	1	0.06327	-0.01286	0.67501	0.00386	1	1.45898	0.81042	0	
1265222	8533.07031	3306130301349	0.49823	0.36646	8532.87012	0.20020	11757	1	0.54689	0.38481	1	0.47431	0.37280	1	0.51060	0.37881	1	0.48302	0.53212	11.01471	1.08607	1	0.74465	0.55322	12.32137	1.08607	1	-0.00406	-0.00863	0.67713	0.00335	1	0.06183	-0.01256	0.65917	0.00393	1	1.45898	0.81042	0	
1265223	8533.07715	3306130368467	0.49867	0.36656	8532.87012	0.20703	11757	1	0.54258	0.34511	1	0.48169	0.39423	1	0.51213	0.36967	1	0.48347	0.53220	11.86129	1.07698	1	0.74491	0.55326	12.18938	1.06932	1	-0.00406	-0.00863	0.67713	0.00339	1	0.06183	-0.01256	0.65917	0.00375	1	1.45898	0.81042	0	
1265224	8533.08398	3306130436431	0.49897	0.36697	8532.87012	0.21387	11757	1	0.53971	0.35159	1	0.47781	0.40815	1	0.50876	0.37987	1	0.48341	0.53244	12.03611	1.06024	1	0.74491	0.55332	12.55795	1.05258	1	-0.00406	-0.00863	0.67713	0.00339	1	0.06183	-0.01256	0.65917	0.00370	1	1.45898	0.81042	0	
1265225	8533.09082	3306130502595	0.49928	0.36764	8532.87012	0.22070	11757	1	0.54126	0.36465	1	0.47745	0.41500	1	0.50935	0.38983	1	0.48341	0.53218	12.05567	1.04349	1	0.74551	0.55300	12.09406	1.04349	1	-0.00406	-0.00863	0.67713	0.00337	1	0.06291	-0.01277	0.67009	0.00369	1	1.45898	0.81042	0	
1265226	8533.09766	3306130569286	0.49932	0.36718	8532.87012	0.22754	11757	1	0.52458	0.32506	1	0.47675	0.37801	1	0.50067	0.35153	1	0.48318	0.53202	11.77630	1.04349	1	0.74518	0.55281	12.78244	1.05115	1	-0.00406	-0.00863	0.67713	0.00339	1	0.06291	-0.01277	0.67009	0.00370	1	1.45898	0.81042	0	
1265227	8533.10352	3306130635083	0.49989	0.36689	8532.87012	0.23340	11757	1	0.53196	0.35377	1	0.50790	0.36019	1	0.51993	0.35698	1	0.48324	0.53209	12.24057	1.05115	1	0.74528	0.55283	12.48010	1.05881	1	-0.00406	-0.00863	0.67713	0.00336	1	0.06291	-0.01277	0.67009	0.00372	1	1.45898	0.81042	0	
1265228	8533.11035	3306130700849	0.50044	0.36654	8532.87012	0.24023	11757	1	0.53199	0.35405	1	0.50846	0.35356	1	0.52023	0.35380	1	0.48295	0.53202	11.39989	1.05079	1	0.74528	0.55316	12.69847	1.06713	1	-0.00394	-0.00849	0.66597	0.00340	1	0.06571	-0.01332	0.69937	0.00375	1	1.45898	0.81042	0	
1265229	8533.11719	3306130771353	0.49968	0.36618	8532.87012	0.24707	11757	1	0.48837	0.33300	1	0.45482	0.37230	1	0.47160	0.35265	1	0.48299	0.53205	11.32159	1.05912	1	0.74528	0.55316	12.69847	1.06780	1	-0.00394	-0.00849	0.66597	0.00340	1	0.06571	-0.01332	0.69937	0.00376	1	1.45898	0.81042	0	
1265230	8533.12402	3306130837479	0.49890	0.36682	8532.87012	0.25391	11757	1	0.48545	0.35753	1	0.45295	0.42534	1	0.46920	0.39143	1	0.48295	0.53233	11.43262	1.05978	1	0.74518	0.55364	12.92310	1.06846	1	-0.00394	-0.00849	0.66597	0.00353	1	0.06571	-0.01332	0.69937	0.00382	1	1.45898	0.81042	0	
1265231	8533.13086	3306130903993	0.49814	0.36735	8532.87012	0.26074	11757	1	0.48426	0.35077	1	0.45295	0.42534	1	0.46861	0.38806	1	0.48345	0.53237	12.05194	1.06846	1	0.74523	0.55378	13.16494	1.06846	1	-0.00399	-0.00870	0.68243	0.00347	1	0.06346	-0.01286	0.67490	0.00378	1	1.45898	0.81042	0	
1265232	8533.13770	3306130968334	0.49777	0.36797	8532.87012	0.26758	11757	1	0.50666	0.34422	1	0.45896	0.44126	1	0.48281	0.39274	1	0.48331	0.53227	12.08437	1.07648	1	0.74530	0.55366	13.02501	1.06780	1	-0.00399	-0.00870	0.68243	0.00354	1	0.06346	-0.01286	0.67490	0.00380	1	1.45898	0.81042	0	
1265233	8533.14355	3306131034350	0.49728	0.36819	8532.87012	0.27344	11757	1	0.50056	0.33433	1	0.45380	0.41956	1	0.47718	0.37695	1	0.48328	0.53229	11.83912	1.07581	1	0.74521	0.55360	12.97697	1.06713	1	-0.00399	-0.00870	0.68243	0.00348	1	0.06346	-0.01286	0.67490	0.00381	1	1.45898	0.81042	0	
1265234	8533.15137	3306131106139	0.49681	0.36840	8532.87012	0.28125	11757	1	0.50064	0.33486	1	0.45379	0.42005	1	0.47721	0.37745	1	0.48356	0.53246	12.35430	1.07515	1	0.74541	0.55402	12.80193	1.06647	1	-0.00399	-0.00870	0.68243	0.00343	1	0.06346	-0.01286	0.67490	0.00390	1	1.45898	0.81042	0	
1265235	8533.15723	3306131171964	0.49681	0.36936	8532.87012	0.28711	11757	1	0.52147	0.34968	1	0.47177	0.47170	1	0.49662	0.41069	1	0.48356	0.53244	11.88228	1.06647	1	0.74561	0.55403	12.42647	1.06647	1	-0.00399	-0.00870	0.68243	0.00345	1	0.06346	-0.01286	0.67490	0.00390	1	1.45898	0.81042	0	
1265236	8533.16406	3306131238897	0.49679	0.37025	8532.87012	0.29395	11757	1	0.51225	0.33907	1	0.47929	0.47971	1	0.49577	0.40939	1	0.48345	0.53222	11.82885	1.06647	1	0.74568	0.55403	12.58649	1.06647	1	-0.00399	-0.00870	0.68243	0.00348	1	0.06346	-0.01286	0.67490	0.00396	1	1.45898	0.81042	0	
1265237	8533.17090	3306131301665	0.49676	0.37110	8532.87012	0.30078	11757	1	0.51225	0.33907	1	0.47929	0.47971	1	0.49577	0.40939	1	0.48351	0.53245	12.20604	1.06647	1	0.74557	0.55414	12.60260	1.06647	1	-0.00399	-0.00870	0.68243	0.00341	1	0.06346	-0.01286	0.67490	0.00388	1	1.45898	0.81042	0	
1265238	8533.17773	3306131370496	0.49675	0.37205	8532.87012	0.30762	11757	1	0.52104	0.35925	1	0.47120	0.47187	1	0.49612	0.41556	1	0.48359	0.53243	12.28621	1.06647	1	0.74556	0.55409	12.48953	1.06647	1	-0.00399	-0.00870	0.68243	0.00349	1	0.06346	-0.01286	0.67490	0.00386	1	1.45898	0.81042	0	
1265239	8533.18457	3306131437625	0.49667	0.37199	8532.87012	0.31445	11757	1	0.51146	0.28451	1	0.47412	0.45395	1	0.49279	0.36923	1	0.48344	0.53171	12.02509	1.06647	1	0.74554	0.55387	12.45890	1.06647	1	-0.00399	-0.00870	0.68243	0.00372	1	0.06346	-0.01286	0.67490	0.00379	1	1.45898	0.81042	0	
1265240	8533.19043	3306131502483	0.49668	0.37155	8532.87012	0.32031	11757	1	0.51146	0.28451	1	0.47412	0.45395	1	0.49279	0.36923	1	0.48347	0.53216	12.03576	1.06647	1	0.74543	0.55380	12.80353	1.06647	1	-0.00399	-0.00870	0.68243	0.00355	1	0.06346	-0.01286	0.67490	0.00380	1	1.45898	0.81042	0	
1265241	8533.19727	3306131570681	0.49629	0.37190	8532.87012	0.32715	11757	1	0.51543	0.33988	1	0.45498	0.46372	1	0.48520	0.40180	1	0.48349	0.53222	12.14032	1.06647	1	0.74531	0.55397	13.09814	1.06647	1	-0.00399	-0.00870	0.68243	0.00353	1	0.06346	-0.01286	0.67490	0.00388	1	1.45898	0.81042	0	
1265242	8533.20508	3306131641113	0.49604	0.37207	8532.87012	0.33496	11757	1	0.51579	0.30378	1	0.46874	0.43814	1	0.49226	0.37096	1	0.48353	0.53190	11.93251	1.06647	1	0.74543	0.55380	12.80353	1.06647	1	-0.00399	-0.00870	0.68243	0.00355	1	0.06346	-0.01286	0.67490	0.00380	1	1.45898	0.81042	0	
1265243	8533.21094	3306131707784	0.49581	0.37249	8532.87012	0.34082	11757	1	0.51668	0.31037	1	0.46849	0.44388	1	0.49258	0.37713	1	0.48356	0.53193	11.98711	1.05845	1	0.74518	0.55357	12.82749	1.05845	1	-0.00394	-0.00849	0.66597	0.00355	1	0.06346	-0.01286	0.67490	0.00391	1	1.45898	0.81042	0	
1265244	8533.21777	3306131774772	0.49587	0.37378	8532.87012	0.34766	11757	1	0.51826	0.35504	1	0.47159	0.41287	1	0.49493	0.38396	1	0.48310	0.53230	12.29384	1.05044	1	0.74552	0.55343	12.47605	1.05044	1	-0.00394	-0.00849	0.66597	0.00330	1	0.06346	-0.01286	0.67490	0.00396	1	1.45898	0.81042	0	
1265245	8533.22461	3306131842173	0.49601	0.37502	8532.87012	0.35449	11757	1	0.53733	0.35592	1	0.45437	0.43739	1	0.49585	0.39666	1	0.48340	0.53222	12.53842	1.04242	1	0.74523	0.55358	12.86012	1.04242	1	-0.00394	-0.00849	0.66597	0.00331	1	0.06346	-0.01286	0.67490	0.00388	1	1.45898	0.81042	0	
1265246	8533.23145	3306131908796	0.49613	0.37610	8532.87012	0.36133	11757	1	0.53810	0.36226	1	0.45422	0.44326	1	0.49616	0.40276	1	0.48294	0.53141	11.48963	1.03440	1	0.74520	0.55357	12.85927	1.03440	1	-0.00394	-0.00849	0.66597	0.00373	1	0.06346	-0.01286	0.67490	0.00386	1	1.45898	0.81042	0	
1265247	8533.23828	3306131974796	0.49611	0.37768	8532.87012	0.36816	11757	1	0.52120	0.34375	1	0.48321	0.39515	1	0.50221	0.36945	1	0.48302	0.53205	11.42498	1.03440	1	0.74534	0.55295	12.32428	1.03440	1	-0.00394	-0.00849	0.66597	0.00338	1	0.06346	-0.01286	0.67490	0.00385	1	1.45898	0.81042	0	
1265248	8533.24512	3306132043052	0.49597	0.37783	8532.87012	0.37500	11757	1	0.50505	0.32176	1	0.47099	0.45546	1	0.48802	0.38861	1	0.48284	0.53191	11.14713	1.03440	1	0.74519	0.55365	12.98803	1.03440	1	-0.00394	-0.00849	0.66597	0.00353	1	0.06346	-0.01286	0.67490	0.00382	1	1.45898	0.81042	0	
1265249	8533.25195	3306132110091	0.49582	0.37786	8532.87012	0.38184	11757	1	0.50406	0.31510	1	0.47126	0.44968	1	0.48766	0.38239	1	0.48306	0.53034	11.63493	1.04242	1	0.74543	0.55298	12.29472	1.04242	1	-0.00411	-0.00879	0.68512	0.00237	1	0.06291	-0.01277	0.67009	0.00387	1	1.45898	0.81042	0	
1265250	8533.25781	3306132177135	0.49591	0.37736	8532.87012	0.38770	11757	1	0.51540	0.31316	1	0.49875	0.41184	1	0.50707	0.36250	1	0.48305	0.53192	11.27179	1.05044	1	0.74521	0.55324	12.88364	1.05044	1	-0.00411	-0.00879	0.68512	0.00330	1	0.06291	-0.01277	0.67009	0.00380	1	1.45898	0.81042	0	
1265251	8533.26465	3306132243311	0.49564	0.37694	8532.87012	0.39453	11757	1	0.50525	0.24264	1	0.47310	0.40228	1	0.48918	0.32246	1	0.48295	0.53113	11.03249	1.05845	1	0.74517	0.55332	12.99684	1.05845	1	-0.00411	-0.00879	0.68512	0.00372	1	0.06291	-0.01277	0.67009	0.00377	1	1.45898	0.81042	0	
1265252	8533.27148	3306132310563	0.49537	0.37645	8532.87012	0.40137	11757	1	0.50429	0.23553	1	0.47369	0.38967	1	0.48899	0.31260	1	0.48321	0.53205	11.85663	1.06647	1	0.74509	0.55314	12.82863	1.07515	1	-0.00411	-0.00879	0.68512	0.00328	1	0.06571	-0.01332	0.69937	0.00385	1	1.45898	0.81042	0	
1265253	8533.27832	3306132378097	0.49497	0.37643	8532.87012	0.40820	11757	1	0.51911	0.32318	1	0.46921	0.39051	1	0.49416	0.35685	1	0.48315	0.53212	11.85980	1.07515	1	0.74544	0.55335	12.46403	1.08383	1	-0.00411	-0.00879	0.68512	0.00330	1	0.06571	-0.01332	0.69937	0.00395	1	1.45898	0.81042	0	
1265254	8533.28516	3306132443956	0.49472	0.37598	8532.87012	0.41504	11757	1	0.48855	0.24114	1	0.46948	0.38402	1	0.47902	0.31258	1	0.48309	0.53124	11.55417	1.08383	1	0.74544	0.55335	12.46403	1.09251	1	-0.00411	-0.00879	0.68512	0.00365	1	0.06571	-0.01332	0.69937	0.00394	1	1.45898	0.81042	0	
1265255	8533.29199	3306132511863	0.49446	0.37546	8532.87012	0.42188	11757	1	0.48743	0.23360	1	0.46948	0.38402	1	0.47845	0.30881	1	0.48327	0.53133	11.83479	1.09251	1	0.74547	0.55303	12.41308	1.09251	1	-0.00399	-0.00870	0.68243	0.00382	1	0.06346	-0.01286	0.67490	0.00412	1	1.45898	0.81042	0	
1265256	8533.29883	3306132579135	0.49417	0.37540	8532.87012	0.42871	11757	1	0.51830	0.33609	1	0.46136	0.37570	1	0.48983	0.35590	1	0.48355	0.53230	12.25426	1.09251	1	0.74533	0.55324	12.42234	1.08383	1	-0.00399	-0.00870	0.68243	0.00342	1	0.06346	-0.01286	0.67490	0.00403	1	1.45898	0.81042	0	
1265257	8533.30469	3306132646702	0.49424	0.37531	8532.87012	0.43457	11757	1	0.52133	0.32383	1	0.46142	0.40862	1	0.49137	0.36622	1	0.48358	0.53236	12.09345	1.08383	1	0.74535	0.55348	12.47577	1.07515	1	-0.00399	-0.00870	0.68243	0.00342	1	0.06346	-0.01286	0.67490	0.00389	1	1.45898	0.81042	0	
1265258	8533.31152	3306132712786	0.49061	0.35036	8532.87012	0.43457	11757	0	0.52128	0.32351	1	0.46142	0.40833	1	0.49135	0.36592	1	0.48371	0.53244	11.66783	1.08424	1	0.74556	0.55358	12.34918	1.07556	1	-0.00408	-0.00902	0.70718	0.00340	1	0.06426	-0.01300	0.68228	0.00376	1	1.45898	0.81042	0	SUBJECT_ONSET_LOG
1265259	8533.31836	3306132779844	0.49652	0.36124	8532.87012	0.43457	11757	0	0.52570	0.32901	1	0.47918	0.41523	1	0.50244	0.37212	1	0.48361	0.53231	11.94205	1.08464	1	0.74563	0.55354	12.17713	1.08464	1	-0.00408	-0.00902	0.70718	0.00339	1	0.06426	-0.01300	0.68228	0.00377	1	1.45898	0.81042	0	
1265260	8533.32520	3306132846500	0.49651	0.36323	8532.87012	0.43457	11757	0	0.51606	0.35787	1	0.47692	0.37655	1	0.49649	0.36721	1	0.48344	0.53275	12.32533	1.09373	1	0.74566	0.55336	12.41835	1.09373	1	-0.00408	-0.00902	0.70718	0.00337	1	0.06426	-0.01300	0.68228	0.00388	1	1.45898	0.81042	0	
1265261	8533.33203	3306132914052	0.49643	0.36251	8533.31152	0.02051	11758	1	0.51508	0.35104	1	0.47726	0.36969	1	0.49617	0.36037	1	0.48393	0.53236	11.56290	1.10281	1	0.74600	0.55319	12.89031	1.10281	1	-0.00408	-0.00902	0.70718	0.00351	1	0.06426	-0.01300	0.68228	0.00372	1	1.45898	0.81042	0	
1265262	8533.33887	3306132981074	0.49821	0.34631	8533.31152	0.02734	11758	1	0.50184	0.24035	1	0.50884	0.32261	1	0.50534	0.28148	1	0.48378	0.53166	11.29112	1.10281	1	0.74605	0.55283	12.86038	1.10281	1	-0.00408	-0.00902	0.70718	0.00357	1	0.06426	-0.01300	0.68228	0.00380	1	1.45898	0.81042	0	AUDIO_FILE_ONSET_LOG
1265263	8533.34473	3306133043267	0.49959	0.33878	8533.31152	0.03320	11758	1	0.53524	0.26994	1	0.47773	0.33230	1	0.50648	0.30112	1	0.48429	0.53201	11.86456	1.10281	1	0.74598	0.55293	12.75134	1.10281	1	-0.00408	-0.00902	0.70718	0.00351	1	0.06426	-0.01300	0.68228	0.00377	1	1.45898	0.81042	0	
1265264	8533.35156	3306133114776	0.50059	0.33487	8533.31152	0.04004	11758	1	0.53608	0.27743	1	0.47709	0.34550	1	0.50658	0.31147	1	0.48385	0.53176	11.18799	1.09373	1	0.74617	0.55299	12.55069	1.08607	1	-0.00382	-0.00856	0.67118	0.00337	1	0.06185	-0.01250	0.65619	0.00385	1	1.45898	0.81042	0	
1265265	8533.35840	3306133181639	0.49780	0.33563	8533.31152	0.04688	11758	1	0.50122	0.26453	1	0.45539	0.41737	1	0.47830	0.34095	1	0.48375	0.53163	11.11646	1.07698	1	0.74598	0.55358	13.10516	1.06932	1	-0.00382	-0.00856	0.67118	0.00349	1	0.06185	-0.01250	0.65619	0.00385	1	1.45898	0.81042	0	
1265266	8533.36523	3306133246742	0.49561	0.34141	8533.31152	0.05371	11758	1	0.50117	0.34657	1	0.45488	0.42859	1	0.47803	0.38758	1	0.48400	0.53224	11.79615	1.06024	1	0.74609	0.55352	12.77727	1.05258	1	-0.00382	-0.00856	0.67118	0.00344	1	0.06185	-0.01250	0.65619	0.00390	1	1.45898	0.81042	0	
1265267	8533.37207	3306133315674	0.49394	0.34702	8533.31152	0.06055	11758	1	0.50325	0.35975	1	0.45471	0.43525	1	0.47898	0.39750	1	0.48415	0.53228	11.99662	1.04349	1	0.74610	0.55359	12.54674	1.04349	1	-0.00380	-0.00873	0.68505	0.00349	1	0.06369	-0.01286	0.67516	0.00382	1	1.45898	0.81042	0	
1265268	8533.37891	3306133382664	0.49417	0.35210	8533.31152	0.06738	11758	1	0.52533	0.36179	1	0.46758	0.44422	1	0.49645	0.40300	1	0.48437	0.53223	12.25662	1.04349	1	0.74630	0.55371	12.36966	1.05115	1	-0.00380	-0.00873	0.68505	0.00343	1	0.06369	-0.01286	0.67516	0.00381	1	1.45898	0.81042	0	
1265269	8533.38574	3306133450105	0.49420	0.35483	8533.31152	0.07422	11758	1	0.51662	0.31023	1	0.47246	0.45938	1	0.49454	0.38480	1	0.48426	0.53180	12.14692	1.05115	1	0.74633	0.55399	12.40936	1.05881	1	-0.00380	-0.00873	0.68505	0.00362	1	0.06369	-0.01286	0.67516	0.00390	1	1.45898	0.81042	0	
1265270	8533.39258	3306133516764	0.49421	0.35669	8533.31152	0.08105	11758	1	0.51576	0.30389	1	0.47273	0.45401	1	0.49425	0.37895	1	0.48412	0.53220	12.10026	1.05881	1	0.74628	0.55397	12.61220	1.06647	1	-0.00380	-0.00873	0.68505	0.00350	1	0.06424	-0.01295	0.68000	0.00376	1	1.45898	0.81042	0	
1265271	8533.39844	3306133583768	0.49518	0.35955	8533.31152	0.08691	11758	1	0.52299	0.32795	1	0.49279	0.46555	1	0.50789	0.39675	1	0.48439	0.53192	12.04968	1.06647	1	0.74658	0.55389	12.14780	1.06647	1	-0.00380	-0.00873	0.68505	0.00356	1	0.06424	-0.01295	0.68000	0.00380	1	1.45898	0.81042	0	
1265272	8533.40527	3306133650210	0.49632	0.35937	8533.31152	0.09375	11758	1	0.54081	0.34754	1	0.48371	0.36631	1	0.51226	0.35693	1	0.48461	0.53210	11.70535	1.06647	1	0.74646	0.55303	11.92820	1.06647	1	-0.00380	-0.00873	0.68505	0.00354	1	0.06424	-0.01295	0.68000	0.00418	1	1.45898	0.81042	0	
1265273	8533.41211	3306133717648	0.49732	0.35922	8533.31152	0.10059	11758	1	0.54081	0.34754	1	0.48371	0.36631	1	0.51226	0.35693	1	0.48486	0.53219	11.97440	1.06647	1	0.74629	0.55354	11.83033	1.06647	1	-0.00367	-0.00868	0.68049	0.00356	1	0.06424	-0.01295	0.68000	0.00385	1	1.45898	0.81042	0	
1265274	8533.41895	3306133784687	0.49804	0.35633	8533.31152	0.10742	11758	1	0.52246	0.29176	1	0.49688	0.32841	1	0.50967	0.31009	1	0.48481	0.53172	11.85766	1.06647	1	0.74670	0.55268	12.48222	1.06647	1	-0.00367	-0.00868	0.68049	0.00363	1	0.06424	-0.01295	0.68000	0.00423	1	1.45898	0.81042	0	
1265275	8533.42578	3306133850263	0.49840	0.35799	8533.31152	0.11426	11758	1	0.53434	0.32988	1	0.47455	0.44271	1	0.50445	0.38629	1	0.48492	0.53192	12.02805	1.06647	1	0.74633	0.55377	13.13299	1.06647	1	-0.00367	-0.00868	0.68049	0.00337	1	0.06424	-0.01295	0.68000	0.00387	1	1.45898	0.81042	0	
1265276	8533.43262	3306133918475	0.49873	0.35932	8533.31152	0.12109	11758	1	0.53434	0.32988	1	0.47486	0.43653	1	0.50460	0.38321	1	0.48478	0.53196	11.89054	1.06647	1	0.74713	0.55308	12.19074	1.07515	1	-0.00367	-0.00868	0.68049	0.00346	1	0.06622	-0.01334	0.70035	0.00422	1	1.45898	0.81042	0	
1265277	8533.43945	3306133985648	0.49865	0.35701	8533.31152	0.12793	11758	1	0.52485	0.31006	1	0.46972	0.31620	1	0.49728	0.31313	1	0.48474	0.53204	11.78223	1.07515	1	0.74703	0.55290	11.84180	1.08383	1	-0.00367	-0.00868	0.68049	0.00337	1	0.06622	-0.01334	0.70035	0.00435	1	1.45898	0.81042	0	
1265278	8533.44531	3306134052543	0.49856	0.35163	8533.31152	0.13379	11758	1	0.50638	0.15997	1	0.48681	0.32787	1	0.49659	0.24392	1	0.48458	0.53022	11.74599	1.08383	1	0.74727	0.55331	12.03568	1.09251	1	-0.00367	-0.00868	0.68049	0.00242	1	0.06622	-0.01334	0.70035	0.00399	1	1.45898	0.81042	0	
1265279	8533.45215	3306134119691	0.49844	0.34654	8533.31152	0.14062	11758	1	0.50538	0.15179	1	0.48681	0.32787	1	0.49609	0.23983	1	0.48485	0.53185	11.74099	1.09251	1	0.74733	0.55362	12.13551	1.09251	1	-0.00359	-0.00871	0.68343	0.00337	1	0.06649	-0.01338	0.70259	0.00418	1	1.45898	0.81042	0	
1265280	8533.45898	3306134185648	0.49860	0.34714	8533.31152	0.14746	11758	1	0.52462	0.31556	1	0.47953	0.40507	1	0.50208	0.36032	1	0.48487	0.53193	11.83441	1.09251	1	0.74720	0.55398	12.27832	1.08383	1	-0.00359	-0.00871	0.68343	0.00337	1	0.06649	-0.01338	0.70259	0.00420	1	1.45898	0.81042	0	
1265281	8533.46582	3306134253054	0.49843	0.34657	8533.31152	0.15430	11758	1	0.51934	0.27409	1	0.46958	0.39279	1	0.49446	0.33344	1	0.48483	0.53159	11.64193	1.08383	1	0.74709	0.55372	11.99993	1.07515	1	-0.00359	-0.00871	0.68343	0.00354	1	0.06649	-0.01338	0.70259	0.00419	1	1.45898	0.81042	0	
1265282	8533.47266	3306134320509	0.49828	0.34632	8533.31152	0.16113	11758	1	0.52027	0.28135	1	0.46931	0.39932	1	0.49479	0.34034	1	0.48513	0.53199	12.06649	1.07515	1	0.74709	0.55378	12.08651	1.06647	1	-0.00359	-0.00871	0.68343	0.00353	1	0.06486	-0.01311	0.68546	0.00419	1	1.45898	0.81042	0	
1265283	8533.47949	3306134387289	0.49797	0.34785	8533.31152	0.16797	11758	1	0.52013	0.33933	1	0.46029	0.43269	1	0.49021	0.38601	1	0.48512	0.53231	12.33742	1.06647	1	0.74689	0.55411	12.56009	1.06647	1	-0.00359	-0.00871	0.68343	0.00347	1	0.06486	-0.01311	0.68546	0.00407	1	1.45898	0.81042	0	
1265284	8533.48633	3306134454135	0.49719	0.34512	8533.31152	0.17480	11758	1	0.48745	0.17082	1	0.46645	0.37726	1	0.47695	0.27404	1	0.48477	0.53025	11.87239	1.06647	1	0.74696	0.55365	12.28445	1.06647	1	-0.00359	-0.00871	0.68343	0.00241	1	0.06486	-0.01311	0.68546	0.00414	1	1.45898	0.81042	0	
1265285	8533.49316	3306134521980	0.49647	0.34258	8533.31152	0.18164	11758	1	0.48745	0.17082	1	0.46645	0.37726	1	0.47695	0.27404	1	0.48506	0.53218	12.32577	1.06647	1	0.74702	0.55343	12.04965	1.06647	1	-0.00359	-0.00871	0.68343	0.00347	1	0.06452	-0.01302	0.68071	0.00417	1	1.45898	0.81042	0	
1265286	8533.49902	3306134587994	0.49626	0.34299	8533.31152	0.18750	11758	1	0.51741	0.32314	1	0.46300	0.38589	1	0.49020	0.35451	1	0.48510	0.53193	12.33116	1.06647	1	0.74691	0.55374	12.64048	1.06647	1	-0.00359	-0.00871	0.68343	0.00353	1	0.06452	-0.01302	0.68071	0.00406	1	1.45898	0.81042	0	
1265287	8533.50586	3306134654640	0.49632	0.34250	8533.31152	0.19434	11758	1	0.51955	0.33315	1	0.47673	0.32321	1	0.49814	0.32818	1	0.48511	0.53194	12.32311	1.06647	1	0.74709	0.55294	12.09336	1.06647	1	-0.00359	-0.00871	0.68343	0.00355	1	0.06452	-0.01302	0.68071	0.00426	1	1.45898	0.81042	0	
1265288	8533.51270	3306134722503	0.49263	0.31405	8533.31152	0.19434	11758	0	0.51857	0.32593	1	0.47708	0.31573	1	0.49782	0.32083	1	0.48542	0.53178	11.50062	1.07556	1	0.74715	0.55355	11.83327	1.07556	1	-0.00366	-0.00903	0.70820	0.00357	1	0.06452	-0.01302	0.68071	0.00390	1	1.45898	0.81042	0	
1265289	8533.51953	3306134789738	0.50557	0.32618	8533.31152	0.19434	11758	0	0.54127	0.26562	1	0.49573	0.41099	1	0.51850	0.33831	1	0.48543	0.53169	11.32214	1.08464	1	0.74753	0.55392	13.08463	1.08464	1	-0.00366	-0.00903	0.70820	0.00360	1	0.06452	-0.01302	0.68071	0.00375	1	1.45898	0.81042	0	
1265290	8533.52637	3306134857010	0.50677	0.31088	8533.31152	0.19434	11758	0	0.53056	0.25905	1	0.48781	0.30155	1	0.50918	0.28030	1	0.48534	0.53185	11.38237	1.09373	1	0.74736	0.55305	12.45661	1.09373	1	-0.00366	-0.00903	0.70820	0.00356	1	0.06452	-0.01302	0.68071	0.00407	1	1.45898	0.81042	0	
1265291	8533.53320	3306134923448	0.50737	0.30324	8533.51270	0.02051	11759	1	0.53056	0.25905	1	0.48781	0.30155	1	0.50918	0.28030	1	0.48514	0.53210	11.85533	1.09373	1	0.74742	0.55300	12.69711	1.09373	1	-0.00346	-0.00865	0.67882	0.00351	1	0.06452	-0.01302	0.68071	0.00404	1	1.45898	0.81042	0	
1265292	8533.53906	3306134987241	0.50802	0.29827	8533.51270	0.02637	11759	1	0.52340	0.27482	1	0.49780	0.28193	1	0.51060	0.27837	1	0.48559	0.53175	11.90642	1.08464	1	0.74740	0.55266	12.40646	1.08464	1	-0.00346	-0.00865	0.67882	0.00351	1	0.06452	-0.01302	0.68071	0.00429	1	1.45898	0.81042	0	
1265293	8533.54590	3306135055258	0.50725	0.30356	8533.51270	0.03320	11759	1	0.50187	0.26846	1	0.50488	0.39162	1	0.50338	0.33004	1	0.48526	0.53166	11.29681	1.07556	1	0.74756	0.55368	12.65692	1.07556	1	-0.00346	-0.00865	0.67882	0.00347	1	0.06452	-0.01302	0.68071	0.00385	1	1.45898	0.81042	0	
1265294	8533.55273	3306135120986	0.50673	0.30838	8533.51270	0.04004	11759	1	0.50297	0.27617	1	0.50431	0.39848	1	0.50364	0.33733	1	0.48525	0.53146	11.14424	1.06647	1	0.74752	0.55280	12.49115	1.06647	1	-0.00346	-0.00865	0.67882	0.00345	1	0.06452	-0.01302	0.68071	0.00417	1	1.45898	0.81042	0	
1265295	8533.55957	3306135188376	0.50564	0.30945	8533.51270	0.04688	11759	1	0.51998	0.27180	1	0.47600	0.36197	1	0.49799	0.31689	1	0.48554	0.53168	11.73723	1.06647	1	0.74715	0.55337	12.88037	1.06647	1	-0.00346	-0.00865	0.67882	0.00344	1	0.06452	-0.01302	0.68071	0.00419	1	1.45898	0.81042	0	
1265296	8533.56641	3306135255294	0.50550	0.31008	8533.51270	0.05371	11759	1	0.51378	0.30902	1	0.49499	0.32131	1	0.50439	0.31516	1	0.48543	0.53198	12.30846	1.06647	1	0.74735	0.55289	12.77746	1.06647	1	-0.00346	-0.00865	0.67882	0.00338	1	0.06452	-0.01302	0.68071	0.00432	1	1.45898	0.81042	0	
1265297	8533.57227	3306135322164	0.50541	0.31023	8533.51270	0.05957	11759	1	0.51378	0.30902	1	0.49547	0.31413	1	0.50463	0.31158	1	0.48537	0.53001	12.20854	1.06647	1	0.74726	0.55414	13.35119	1.07515	1	-0.00346	-0.00865	0.67882	0.00243	1	0.06584	-0.01333	0.69413	0.00384	1	1.45898	0.81042	0	
1265298	8533.57910	3306135390255	0.50408	0.31316	8533.51270	0.06641	11759	1	0.48872	0.31323	1	0.49286	0.37158	1	0.49079	0.34240	1	0.48539	0.53138	11.29975	1.07515	1	0.74736	0.55326	12.76791	1.08383	1	-0.00346	-0.00865	0.67882	0.00372	1	0.06584	-0.01333	0.69413	0.00393	1	1.45898	0.81042	0	
1265299	8533.58594	3306135455299	0.50366	0.31405	8533.51270	0.07324	11759	1	0.50407	0.29828	1	0.49399	0.34944	1	0.49903	0.32386	1	0.48566	0.53130	11.68670	1.08383	1	0.74742	0.55295	12.89855	1.09251	1	-0.00346	-0.00865	0.67882	0.00398	1	0.06584	-0.01333	0.69413	0.00370	1	1.45898	0.81042	0	
1265300	8533.59277	3306135525497	0.50324	0.31397	8533.51270	0.08008	11759	1	0.50197	0.28381	1	0.49447	0.34234	1	0.49822	0.31307	1	0.48544	0.52905	12.22298	1.10160	1	0.74739	0.55285	13.45738	1.10160	1	-0.00357	-0.00884	0.71009	0.00244	1	0.06435	-0.01293	0.67891	0.00381	1	1.45898	0.81042	0	
1265301	8533.59961	3306135591513	0.50243	0.30479	8533.51270	0.08691	11759	1	0.48143	0.05406	1	0.50218	0.31674	1	0.49180	0.18540	1	0.48539	0.52898	12.34970	1.11068	1	0.74756	0.55277	13.01790	1.10200	1	-0.00357	-0.00884	0.71009	0.00246	1	0.06435	-0.01293	0.67891	0.00380	1	1.45898	0.81042	0	
1265302	8533.60645	3306135660128	0.50102	0.29818	8533.51270	0.09375	11759	1	0.47684	0.05957	1	0.48579	0.35182	1	0.48132	0.20570	1	0.48540	0.52897	12.21231	1.11109	1	0.74736	0.55287	13.25626	1.10241	1	-0.00357	-0.00884	0.71009	0.00248	1	0.06435	-0.01293	0.67891	0.00383	1	1.45898	0.81042	0	
1265303	8533.61328	3306135725921	0.49982	0.29268	8533.51270	0.10059	11759	1	0.47801	0.06836	1	0.48579	0.35182	1	0.48190	0.21009	1	0.48542	0.52899	12.29221	1.10241	1	0.74735	0.55294	13.48565	1.10241	1	-0.00335	-0.00843	0.67745	0.00248	1	0.06584	-0.01322	0.69413	0.00383	1	1.45898	0.81042	0	
1265304	8533.62012	3306135795034	0.49974	0.28637	8533.51270	0.10742	11759	1	0.49693	0.07380	1	0.49996	0.29701	1	0.49845	0.18541	1	0.48557	0.52911	12.39030	1.09332	1	0.74748	0.55247	13.04293	1.10200	1	-0.00335	-0.00843	0.67745	0.00241	1	0.06584	-0.01322	0.69413	0.00409	1	1.45898	0.81042	0	
1265305	8533.62695	3306135862750	0.49942	0.28049	8533.51270	0.11426	11759	1	0.48553	0.08053	1	0.50235	0.28048	1	0.49394	0.18051	1	0.48548	0.52905	12.06750	1.09292	1	0.74754	0.55216	12.96329	1.10160	1	-0.00335	-0.00843	0.67745	0.00249	1	0.06584	-0.01322	0.69413	0.00419	1	1.45898	0.81042	0	
1265306	8533.63379	3306135928643	0.49911	0.27560	8533.51270	0.12109	11759	1	0.48558	0.08094	1	0.50136	0.29452	1	0.49347	0.18773	1	0.48533	0.52904	12.28251	1.09251	1	0.74746	0.55204	13.17324	1.08485	1	-0.00345	-0.00843	0.67690	0.00246	1	0.06260	-0.01257	0.66003	0.00425	1	1.45898	0.81042	0	
1265307	8533.63965	3306135994836	0.49809	0.27313	8533.51270	0.12695	11759	1	0.47494	0.07662	1	0.48274	0.37558	1	0.47884	0.22610	1	0.48543	0.52893	12.13817	1.08485	1	0.74733	0.55294	13.43844	1.06851	1	-0.00345	-0.00843	0.67690	0.00252	1	0.06260	-0.01257	0.66003	0.00384	1	1.45898	0.81042	0	
1265308	8533.64648	3306136061727	0.49138	0.24380	8533.51270	0.12695	11759	0	0.48016	0.12793	1	0.48820	0.37959	1	0.48418	0.25376	1	0.48541	0.52922	11.87409	1.06851	1	0.74737	0.55290	13.45180	1.05217	1	-0.00345	-0.00843	0.67690	0.00246	1	0.06260	-0.01257	0.66003	0.00383	1	1.45898	0.81042	0	
1265309	8533.65332	3306136129541	0.48823	0.25451	8533.51270	0.12695	11759	0	0.48241	0.14408	1	0.48777	0.38638	1	0.48509	0.26523	1	0.48556	0.52936	12.19014	1.05217	1	0.74733	0.55294	13.36908	1.04349	1	-0.00345	-0.00843	0.67690	0.00245	1	0.06435	-0.01293	0.67891	0.00381	1	1.45898	0.81042	0	
1265310	8533.66016	3306136194017	0.48886	0.24366	8533.51270	0.12695	11759	0	0.48060	0.13173	1	0.49961	0.31216	1	0.49010	0.22195	1	0.48542	0.52912	12.46118	1.04349	1	0.74750	0.55204	13.05600	1.05115	1	-0.00345	-0.00843	0.67690	0.00250	1	0.06435	-0.01293	0.67891	0.00422	1	1.45898	0.81042	0	
1265311	8533.66699	3306136263690	0.49420	0.23632	8533.64648	0.02051	11760	1	0.51289	0.11886	1	0.50754	0.30974	1	0.51022	0.21430	1	0.48545	0.52916	12.69601	1.05115	1	0.74762	0.55202	12.83115	1.05881	1	-0.00345	-0.00843	0.67690	0.00248	1	0.06435	-0.01293	0.67891	0.00411	1	1.45898	0.81042	0	
1265312	8533.67285	3306136328041	0.49736	0.23049	8533.64648	0.02637	11760	1	0.51202	0.11112	1	0.50805	0.30327	1	0.51003	0.20719	1	0.48582	0.53107	12.15593	1.05881	1	0.74757	0.55161	12.91025	1.06647	1	-0.00345	-0.00843	0.67690	0.00369	1	0.06435	-0.01293	0.67891	0.00423	1	1.45898	0.81042	0	
1265313	8533.67969	3306136396820	0.50250	0.23327	8533.64648	0.03320	11760	1	0.54548	0.21013	1	0.51088	0.28423	1	0.52818	0.24718	1	0.48566	0.53059	12.04875	1.06647	1	0.74763	0.55190	12.96650	1.06647	1	-0.00345	-0.00843	0.67690	0.00382	1	0.06435	-0.01293	0.67891	0.00422	1	1.45898	0.81042	0	
1265314	8533.68652	3306136464203	0.50393	0.24598	8533.64648	0.04004	11760	1	0.54840	0.26903	1	0.47665	0.37535	1	0.51253	0.32219	1	0.48557	0.53085	12.00413	1.06647	1	0.74715	0.55322	13.73469	1.06647	1	-0.00345	-0.00843	0.67690	0.00376	1	0.06435	-0.01293	0.67891	0.00380	1	1.45898	0.81042	0	
1265315	8533.69336	3306136530598	0.50498	0.25458	8533.64648	0.04688	11760	1	0.54764	0.26128	1	0.47700	0.36831	1	0.51232	0.31480	1	0.48520	0.53086	11.46525	1.07556	1	0.74712	0.55323	13.80303	1.07556	1	-0.00363	-0.00879	0.70188	0.00383	1	0.06435	-0.01293	0.67891	0.00378	1	1.45898	0.81042	0	
1265316	8533.70020	3306136598743	0.50565	0.25783	8533.64648	0.05371	11760	1	0.52890	0.19846	1	0.49310	0.36919	1	0.51100	0.28382	1	0.48533	0.53023	11.27695	1.08464	1	0.74742	0.55319	13.08875	1.08464	1	-0.00363	-0.00879	0.70188	0.00390	1	0.06435	-0.01293	0.67891	0.00377	1	1.45898	0.81042	0	
1265317	8533.70703	3306136664929	0.50442	0.25352	8533.64648	0.06055	11760	1	0.50957	0.08200	1	0.47716	0.34741	1	0.49336	0.21471	1	0.48521	0.52917	12.34979	1.09373	1	0.74715	0.55317	13.73635	1.09373	1	-0.00363	-0.00879	0.70188	0.00246	1	0.06435	-0.01293	0.67891	0.00377	1	1.45898	0.81042	0	
1265318	8533.71387	3306136731718	0.50337	0.24952	8533.64648	0.06738	11760	1	0.50855	0.07286	1	0.47722	0.34630	1	0.49288	0.20958	1	0.48513	0.52910	12.16973	1.10281	1	0.74717	0.55318	12.70883	1.09515	1	-0.00366	-0.00882	0.70821	0.00251	1	0.06192	-0.01241	0.65382	0.00377	1	1.45898	0.81042	0	
1265319	8533.72070	3306136798395	0.50269	0.24727	8533.64648	0.07422	11760	1	0.51694	0.07829	1	0.47352	0.36663	1	0.49523	0.22246	1	0.48517	0.52913	12.24174	1.09515	1	0.74717	0.55309	12.52814	1.08749	1	-0.00366	-0.00882	0.70821	0.00252	1	0.06192	-0.01241	0.65382	0.00381	1	1.45898	0.81042	0	
1265320	8533.72754	3306136866346	0.50207	0.24526	8533.64648	0.08105	11760	1	0.50895	0.10107	1	0.48031	0.34115	1	0.49463	0.22111	1	0.48508	0.52925	12.17112	1.08749	1	0.74720	0.55291	13.26738	1.07983	1	-0.00366	-0.00882	0.70821	0.00242	1	0.06192	-0.01241	0.65382	0.00383	1	1.45898	0.81042	0	
1265321	8533.73340	3306136933972	0.50160	0.24438	8533.64648	0.08691	11760	1	0.51084	0.11771	1	0.47993	0.34840	1	0.49539	0.23305	1	0.48496	0.52917	11.88124	1.07075	1	0.74664	0.55335	13.48021	1.07075	1	-0.00359	-0.00851	0.68343	0.00246	1	0.06649	-0.01338	0.70259	0.00398	1	1.45898	0.81042	0	
1265322	8533.74023	3306136999323	0.50092	0.24488	8533.64648	0.09375	11760	1	0.51397	0.11765	1	0.46907	0.38603	1	0.49152	0.25184	1	0.48505	0.52921	12.45032	1.06166	1	0.74703	0.55329	12.52377	1.06932	1	-0.00359	-0.00851	0.68343	0.00251	1	0.06649	-0.01338	0.70259	0.00394	1	1.45898	0.81042	0	
1265323	8533.74707	3306137066641	0.49997	0.24580	8533.64648	0.10059	11760	1	0.50189	0.10710	1	0.46947	0.41224	1	0.48568	0.25967	1	0.48489	0.52897	12.51003	1.06024	1	0.74714	0.55333	12.58367	1.06790	1	-0.00359	-0.00851	0.68343	0.00254	1	0.06649	-0.01338	0.70259	0.00394	1	1.45898	0.81042	0	
1265324	8533.75391	3306137133713	0.49913	0.24669	8533.64648	0.10742	11760	1	0.50206	0.10855	1	0.46943	0.41329	1	0.48574	0.26092	1	0.48484	0.52890	12.43205	1.05881	1	0.74674	0.55274	12.68195	1.06647	1	-0.00359	-0.00851	0.68343	0.00250	1	0.06649	-0.01338	0.70259	0.00395	1	1.45898	0.81042	0	
1265325	8533.76074	3306137199151	0.49823	0.24574	8533.64648	0.11426	11760	1	0.50271	0.09490	1	0.46294	0.36428	1	0.48283	0.22959	1	0.48488	0.52902	12.29903	1.06647	1	0.74691	0.55301	12.63468	1.06647	1	-0.00359	-0.00851	0.68343	0.00247	1	0.06649	-0.01338	0.70259	0.00400	1	1.45898	0.81042	0	
1265326	8533.76660	3306137263182	0.49695	0.24476	8533.64648	0.12012	11760	1	0.48522	0.10289	1	0.46264	0.35118	1	0.47393	0.22704	1	0.48466	0.52900	12.23041	1.06647	1	0.74688	0.55281	12.81943	1.06647	1	-0.00359	-0.00851	0.68343	0.00250	1	0.06649	-0.01338	0.70259	0.00391	1	1.45898	0.81042	0	
1265327	8533.77344	3306137333575	0.49580	0.24387	8533.64648	0.12695	11760	1	0.48522	0.10289	1	0.46264	0.35118	1	0.47393	0.22704	1	0.48468	0.52903	12.38212	1.06647	1	0.74645	0.55289	12.89165	1.06647	1	-0.00359	-0.00851	0.68343	0.00251	1	0.06649	-0.01338	0.70259	0.00405	1	1.45898	0.81042	0	
1265328	8533.78027	3306137399800	0.49515	0.24334	8533.64648	0.13379	11760	1	0.49061	0.11727	1	0.47376	0.34798	1	0.48219	0.23263	1	0.48477	0.52918	11.97907	1.06647	1	0.74671	0.55273	12.93883	1.06647	1	-0.00359	-0.00851	0.68343	0.00250	1	0.06649	-0.01338	0.70259	0.00387	1	1.45898	0.81042	0	
1265329	8533.78711	3306137468572	0.49403	0.24290	8533.64648	0.14062	11760	1	0.48063	0.11533	1	0.46051	0.35225	1	0.47057	0.23379	1	0.48469	0.52902	12.38273	1.06647	1	0.74649	0.55276	13.12788	1.06647	1	-0.00359	-0.00851	0.68343	0.00250	1	0.06649	-0.01338	0.70259	0.00396	1	1.45898	0.81042	0	
1265330	8533.79395	3306137535218	0.49301	0.24264	8533.64648	0.14746	11760	1	0.48063	0.11533	1	0.46033	0.35834	1	0.47048	0.23684	1	0.48462	0.52900	12.25075	1.06647	1	0.74662	0.55285	13.56444	1.05881	1	-0.00367	-0.00847	0.68049	0.00245	1	0.06219	-0.01253	0.65772	0.00390	1	1.45898	0.81042	0	
1265331	8533.80078	3306137602486	0.49248	0.24246	8533.64648	0.15430	11760	1	0.48753	0.10492	1	0.47333	0.37162	1	0.48043	0.23827	1	0.48462	0.52906	12.18993	1.05881	1	0.74663	0.55287	13.44039	1.05115	1	-0.00367	-0.00847	0.68049	0.00243	1	0.06219	-0.01253	0.65772	0.00390	1	1.45898	0.81042	0	
1265332	8533.80762	3306137671031	0.49187	0.24318	8533.64648	0.16113	11760	1	0.48665	0.12050	1	0.46752	0.40052	1	0.47708	0.26051	1	0.48466	0.52904	12.29542	1.05115	1	0.74663	0.55293	13.49563	1.04349	1	-0.00367	-0.00847	0.68049	0.00246	1	0.06219	-0.01253	0.65772	0.00388	1	1.45898	0.81042	0	
1265333	8533.81445	3306137736500	0.49132	0.24411	8533.64648	0.16797	11760	1	0.48768	0.12824	1	0.46728	0.40640	1	0.47748	0.26732	1	0.48458	0.52895	11.96556	1.04349	1	0.74655	0.55283	13.27158	1.03583	1	-0.00367	-0.00847	0.68049	0.00248	1	0.06212	-0.01247	0.65696	0.00394	1	1.45898	0.81042	0	
1265334	8533.82129	3306137803625	0.49148	0.24466	8533.64648	0.17480	11760	1	0.50531	0.14644	1	0.48609	0.37164	1	0.49570	0.25904	1	0.48456	0.52898	12.20524	1.03583	1	0.74655	0.55267	13.20278	1.03583	1	-0.00367	-0.00847	0.68049	0.00243	1	0.06212	-0.01247	0.65696	0.00396	1	1.45898	0.81042	0	
1265335	8533.82715	3306137870620	0.49206	0.24482	8533.64648	0.18066	11760	1	0.52221	0.12696	1	0.49319	0.37138	1	0.50770	0.24917	1	0.48453	0.52903	12.23566	1.03583	1	0.74666	0.55264	13.06662	1.03583	1	-0.00367	-0.00847	0.68049	0.00239	1	0.06212	-0.01247	0.65696	0.00396	1	1.45898	0.81042	0	
1265336	8533.83398	3306137937419	0.49260	0.24487	8533.64648	0.18750	11760	1	0.52221	0.12696	1	0.49361	0.36523	1	0.50791	0.24609	1	0.48452	0.52903	12.17462	1.03583	1	0.74668	0.55286	13.14347	1.04349	1	-0.00367	-0.00847	0.68049	0.00246	1	0.06424	-0.01280	0.68000	0.00384	1	1.45898	0.81042	0	
1265337	8533.84082	3306138004449	0.49312	0.24475	8533.64648	0.19434	11760	1	0.51030	0.11625	1	0.50592	0.36671	1	0.50811	0.24148	1	0.48433	0.52899	12.10912	1.04349	1	0.74683	0.55274	12.94323	1.05115	1	-0.00367	-0.00847	0.68049	0.00241	1	0.06424	-0.01280	0.68000	0.00396	1	1.45898	0.81042	0	
1265338	8533.84766	3306138072409	0.49373	0.24445	8533.64648	0.20117	11760	1	0.52035	0.11152	1	0.50343	0.35912	1	0.51189	0.23532	1	0.48443	0.52887	12.48275	1.05115	1	0.74679	0.55268	12.88858	1.05881	1	-0.00367	-0.00847	0.68049	0.00247	1	0.06424	-0.01280	0.68000	0.00394	1	1.45898	0.81042	0	
1265339	8533.85449	3306138138807	0.49429	0.24395	8533.64648	0.20801	11760	1	0.51953	0.10373	1	0.50391	0.35301	1	0.51172	0.22837	1	0.48415	0.52898	12.17758	1.05881	1	0.74625	0.55279	12.64490	1.06647	1	-0.00380	-0.00853	0.68505	0.00242	1	0.06503	-0.01298	0.68940	0.00398	1	1.45898	0.81042	0	
1265340	8533.86133	3306138205486	0.49396	0.24393	8533.64648	0.21484	11760	1	0.51500	0.10351	1	0.45161	0.38314	1	0.48331	0.24332	1	0.48434	0.52910	12.14876	1.06647	1	0.74597	0.55310	13.26513	1.06647	1	-0.00380	-0.00853	0.68505	0.00252	1	0.06503	-0.01298	0.68940	0.00407	1	1.45898	0.81042	0	
1265341	8533.86816	3306138272062	0.49338	0.24389	8533.64648	0.22168	11760	1	0.50447	0.10945	1	0.44440	0.37590	1	0.47444	0.24267	1	0.48425	0.52898	12.30069	1.06647	1	0.74583	0.55297	12.93758	1.06647	1	-0.00380	-0.00853	0.68505	0.00249	1	0.06503	-0.01298	0.68940	0.00412	1	1.45898	0.81042	0	
1265342	8533.87402	3306138339383	0.49284	0.24386	8533.64648	0.22754	11760	1	0.50447	0.10945	1	0.44440	0.37590	1	0.47444	0.24267	1	0.48408	0.52907	12.39654	1.06647	1	0.74585	0.55281	13.13867	1.06647	1	-0.00380	-0.00853	0.68505	0.00240	1	0.06503	-0.01298	0.68940	0.00401	1	1.45898	0.81042	0	
1265343	8533.88086	3306138406354	0.49277	0.24551	8533.64648	0.23438	11760	1	0.50375	0.21163	1	0.47693	0.39553	1	0.49034	0.30358	1	0.48413	0.53035	12.03247	1.06647	1	0.74598	0.55279	13.13831	1.06647	1	-0.00380	-0.00853	0.68505	0.00401	1	0.06503	-0.01298	0.68940	0.00402	1	1.45898	0.81042	0	
1265344	8533.88770	3306138473201	0.49248	0.24484	8533.64648	0.24121	11760	1	0.48648	0.09842	1	0.47738	0.34256	1	0.48193	0.22049	1	0.48397	0.52894	12.24193	1.06647	1	0.74596	0.55219	12.45980	1.06647	1	-0.00380	-0.00853	0.68505	0.00245	1	0.06503	-0.01298	0.68940	0.00439	1	1.45898	0.81042	0	
1265345	8533.89453	3306138540682	0.49219	0.24406	8533.64648	0.24805	11760	1	0.48527	0.08917	1	0.47743	0.34141	1	0.48135	0.21529	1	0.48385	0.52900	12.12704	1.07556	1	0.74579	0.55186	12.82658	1.06790	1	-0.00402	-0.00890	0.71458	0.00248	1	0.06185	-0.01230	0.65619	0.00442	1	1.45898	0.81042	0	
1265346	8533.90137	3306138605843	0.49183	0.24422	8533.64648	0.25488	11760	1	0.48243	0.13321	1	0.47433	0.36709	1	0.47838	0.25015	1	0.48392	0.52894	12.32233	1.07698	1	0.74556	0.55248	12.98357	1.06932	1	-0.00402	-0.00890	0.71458	0.00240	1	0.06185	-0.01230	0.65619	0.00414	1	1.45898	0.81042	0	
1265347	8533.90723	3306138672215	0.49171	0.24489	8533.64648	0.26074	11760	1	0.49054	0.14165	1	0.48309	0.40054	1	0.48681	0.27110	1	0.48386	0.52892	12.33410	1.07841	1	0.74567	0.55230	12.94524	1.07075	1	-0.00402	-0.00890	0.71458	0.00237	1	0.06185	-0.01230	0.65619	0.00411	1	1.45898	0.81042	0	
1265348	8533.91504	3306138741217	0.49160	0.24562	8533.64648	0.26855	11760	1	0.49152	0.14905	1	0.48309	0.40054	1	0.48731	0.27480	1	0.48383	0.52868	12.19197	1.07075	1	0.74573	0.55217	13.26487	1.07075	1	-0.00382	-0.00836	0.67118	0.00236	1	0.06426	-0.01279	0.68228	0.00411	1	1.45898	0.81042	0	
1265349	8533.92090	3306138807578	0.49188	0.24544	8533.64648	0.27441	11760	1	0.51868	0.13238	1	0.48813	0.34380	1	0.50340	0.23809	1	0.48394	0.52878	12.37084	1.06166	1	0.74572	0.55152	12.95359	1.06932	1	-0.00382	-0.00836	0.67118	0.00240	1	0.06426	-0.01279	0.68228	0.00447	1	1.45898	0.81042	0	
1265350	8533.92773	3306138873982	0.49227	0.24405	8533.64648	0.28125	11760	1	0.51739	0.11243	1	0.49964	0.25901	1	0.50852	0.18572	1	0.48393	0.52858	12.58252	1.06024	1	0.74590	0.55072	12.95146	1.06790	1	-0.00382	-0.00836	0.67118	0.00239	1	0.06426	-0.01279	0.68228	0.00430	1	1.45898	0.81042	0	
1265351	8533.93457	3306138939908	0.49264	0.24276	8533.64648	0.28809	11760	1	0.51755	0.11387	1	0.49956	0.26028	1	0.50855	0.18707	1	0.48375	0.52845	12.14250	1.05881	1	0.74565	0.55217	13.24352	1.06647	1	-0.00382	-0.00836	0.67118	0.00250	1	0.06426	-0.01279	0.68228	0.00408	1	1.45898	0.81042	0	
1265352	8533.94141	3306139005643	0.49285	0.24335	8533.64648	0.29492	11760	1	0.51592	0.15649	1	0.48843	0.38229	1	0.50218	0.26939	1	0.48394	0.52864	11.96577	1.06647	1	0.74578	0.55219	13.20009	1.06647	1	-0.00382	-0.00836	0.67118	0.00252	1	0.06426	-0.01279	0.68228	0.00382	1	1.45898	0.81042	0	
1265353	8533.94727	3306139071219	0.49306	0.24396	8533.64648	0.30078	11760	1	0.53211	0.14965	1	0.47311	0.39363	1	0.50261	0.27164	1	0.48393	0.52868	11.95486	1.06647	1	0.74559	0.55219	12.65067	1.06647	1	-0.00382	-0.00836	0.67118	0.00248	1	0.06426	-0.01279	0.68228	0.00379	1	1.45898	0.81042	0	
1265354	8533.95410	3306139140450	0.49326	0.24455	8533.64648	0.30762	11760	1	0.53211	0.14965	1	0.47311	0.39363	1	0.50261	0.27164	1	0.48358	0.52846	11.53048	1.06647	1	0.74573	0.55209	13.36756	1.06647	1	-0.00382	-0.00836	0.67118	0.00248	1	0.06426	-0.01279	0.68228	0.00385	1	1.45898	0.81042	0	
1265355	8533.96094	3306139207289	0.49356	0.24445	8533.64648	0.31445	11760	1	0.52194	0.14140	1	0.49288	0.33776	1	0.50741	0.23958	1	0.48373	0.52841	11.71210	1.06647	1	0.74585	0.55151	12.98455	1.06647	1	-0.00382	-0.00836	0.67118	0.00242	1	0.06426	-0.01279	0.68228	0.00406	1	1.45898	0.81042	0	
1265356	8533.96777	3306139274476	0.49379	0.24500	8533.64648	0.32129	11760	1	0.51540	0.15070	1	0.48918	0.38986	1	0.50229	0.27028	1	0.48371	0.52847	12.00856	1.06647	1	0.74576	0.55212	13.34633	1.06647	1	-0.00382	-0.00836	0.67118	0.00236	1	0.06426	-0.01279	0.68228	0.00380	1	1.45898	0.81042	0	
1265357	8533.97461	3306139339419	0.49414	0.24510	8533.64648	0.32812	11760	1	0.51540	0.15070	1	0.48918	0.38986	1	0.50229	0.27028	1	0.48372	0.52858	12.13785	1.06647	1	0.74545	0.55202	12.48111	1.06647	1	-0.00382	-0.00836	0.67118	0.00238	1	0.06426	-0.01279	0.68228	0.00387	1	1.45898	0.81042	0	
1265358	8533.98145	3306139406442	0.49452	0.24577	8533.64648	0.33496	11760	1	0.51993	0.13994	1	0.49596	0.36811	1	0.50794	0.25402	1	0.48372	0.52846	11.82858	1.06647	1	0.74581	0.55202	13.01744	1.06647	1	-0.00382	-0.00836	0.67118	0.00253	1	0.06426	-0.01279	0.68228	0.00382	1	1.45898	0.81042	0	
1265359	8533.98828	3306139478870	0.49449	0.24656	8533.64648	0.34180	11760	1	0.52370	0.13104	1	0.49420	0.37339	1	0.50895	0.25222	1	0.48380	0.52849	11.89566	1.06647	1	0.74589	0.55201	13.16174	1.06647	1	-0.00382	-0.00836	0.67118	0.00255	1	0.06426	-0.01279	0.68228	0.00383	1	1.45898	0.81042	0	
1265360	8533.99512	3306139545688	0.49446	0.24733	8533.64648	0.34863	11760	1	0.52276	0.12210	1	0.49469	0.36632	1	0.50872	0.24421	1	0.48370	0.52854	11.89507	1.07556	1	0.74600	0.55207	13.05166	1.07556	1	-0.00408	-0.00880	0.70718	0.00248	1	0.06426	-0.01279	0.68228	0.00382	1	1.45898	0.81042	0	
1265361	8534.00195	3306139613009	0.49370	0.24662	8533.64648	0.35547	11760	1	0.51140	0.13424	1	0.47181	0.29111	1	0.49160	0.21268	1	0.48357	0.52858	11.67023	1.08464	1	0.74551	0.55131	12.22001	1.08464	1	-0.00408	-0.00880	0.70718	0.00247	1	0.06426	-0.01279	0.68228	0.00418	1	1.45898	0.81042	0	
1265362	8534.00879	3306139679994	0.49341	0.24519	8533.64648	0.36230	11760	1	0.52604	0.14058	1	0.47122	0.36651	1	0.49863	0.25355	1	0.48382	0.52865	12.12640	1.09373	1	0.74551	0.55225	12.60722	1.09373	1	-0.00408	-0.00880	0.70718	0.00239	1	0.06426	-0.01279	0.68228	0.00380	1	1.45898	0.81042	0	
1265363	8534.01562	3306139746684	0.49313	0.24391	8533.64648	0.36914	11760	1	0.52604	0.14058	1	0.47122	0.36651	1	0.49863	0.25355	1	0.48370	0.52853	12.15599	1.09373	1	0.74570	0.55200	13.06225	1.09373	1	-0.00382	-0.00836	0.67118	0.00243	1	0.06426	-0.01279	0.68228	0.00386	1	1.45898	0.81042	0	
1265364	8534.02148	3306139812624	0.49288	0.24288	8533.64648	0.37500	11760	1	0.50444	0.12097	1	0.49373	0.34745	1	0.49908	0.23421	1	0.48390	0.52847	11.96445	1.08464	1	0.74584	0.55196	13.32464	1.08464	1	-0.00382	-0.00836	0.67118	0.00250	1	0.06426	-0.01279	0.68228	0.00379	1	1.45898	0.81042	0	
1265365	8534.02832	3306139879909	0.49273	0.24334	8533.64648	0.38184	11760	1	0.47786	0.12964	1	0.49502	0.34388	1	0.48644	0.23676	1	0.48378	0.52849	11.89565	1.07556	1	0.74584	0.55191	13.25262	1.07556	1	-0.00382	-0.00836	0.67118	0.00236	1	0.06426	-0.01279	0.68228	0.00382	1	1.45898	0.81042	0	
1265366	8534.03516	3306139946956	0.49261	0.24407	8533.64648	0.38867	11760	1	0.47912	0.13855	1	0.49452	0.35113	1	0.48682	0.24484	1	0.48378	0.52849	11.69923	1.06647	1	0.74576	0.55186	13.24674	1.06647	1	-0.00382	-0.00836	0.67118	0.00233	1	0.06426	-0.01279	0.68228	0.00389	1	1.45898	0.81042	0	
1265367	8534.04199	3306140014078	0.49232	0.24500	8533.64648	0.39551	11760	1	0.48263	0.15534	1	0.48060	0.37920	1	0.48161	0.26727	1	0.48383	0.52861	11.55230	1.06647	1	0.74560	0.55199	13.40386	1.06647	1	-0.00382	-0.00836	0.67118	0.00241	1	0.06426	-0.01279	0.68228	0.00395	1	1.45898	0.81042	0	
1265368	8534.04883	3306140080862	0.49203	0.24557	8533.64648	0.40234	11760	1	0.47760	0.13786	1	0.48367	0.35868	1	0.48064	0.24827	1	0.48388	0.52843	11.79503	1.06647	1	0.74573	0.55182	13.36642	1.06647	1	-0.00382	-0.00836	0.67118	0.00243	1	0.06426	-0.01279	0.68228	0.00389	1	1.45898	0.81042	0	
1265369	8534.05566	3306140147530	0.49172	0.24572	8533.64648	0.40918	11760	1	0.47633	0.12895	1	0.48407	0.35149	1	0.48020	0.24022	1	0.48392	0.52872	11.93992	1.07556	1	0.74574	0.55198	13.43659	1.07556	1	-0.00402	-0.00890	0.71458	0.00240	1	0.06426	-0.01279	0.68228	0.00385	1	1.45898	0.81042	0	
1265370	8534.06152	3306140214868	0.49128	0.24528	8533.64648	0.41504	11760	1	0.48336	0.10362	1	0.45789	0.35780	1	0.47063	0.23071	1	0.48391	0.52867	11.76004	1.08464	1	0.74570	0.55221	13.24928	1.08464	1	-0.00402	-0.00890	0.71458	0.00243	1	0.06426	-0.01279	0.68228	0.00398	1	1.45898	0.81042	0	
1265371	8534.06836	3306140280727	0.49107	0.24448	8533.64648	0.42188	11760	1	0.48403	0.07918	1	0.46706	0.36336	1	0.47554	0.22127	1	0.48391	0.52861	12.09068	1.09373	1	0.74581	0.55209	13.12514	1.09373	1	-0.00402	-0.00890	0.71458	0.00241	1	0.06426	-0.01279	0.68228	0.00404	1	1.45898	0.81042	0	
1265372	8534.07520	3306140348925	0.49086	0.24365	8533.64648	0.42871	11760	1	0.48403	0.07918	1	0.46706	0.36336	1	0.47554	0.22127	1	0.48401	0.52849	12.48194	1.09373	1	0.74620	0.55136	12.32849	1.09373	1	-0.00380	-0.00853	0.68505	0.00236	1	0.06369	-0.01266	0.67516	0.00436	1	1.45898	0.81042	0	
1265373	8534.08203	3306140415787	0.49101	0.24332	8533.64648	0.43555	11760	1	0.50452	0.08014	1	0.47580	0.34746	1	0.49016	0.21380	1	0.48414	0.52851	11.87422	1.08464	1	0.74596	0.55185	12.55175	1.08464	1	-0.00380	-0.00853	0.68505	0.00231	1	0.06369	-0.01266	0.67516	0.00421	1	1.45898	0.81042	0	
1265374	8534.08887	3306140480169	0.49108	0.24350	8533.64648	0.44238	11760	1	0.49900	0.12437	1	0.45605	0.34690	1	0.47753	0.23563	1	0.48407	0.52862	11.75320	1.07556	1	0.74608	0.55179	12.63423	1.07556	1	-0.00380	-0.00853	0.68505	0.00237	1	0.06369	-0.01266	0.67516	0.00434	1	1.45898	0.81042	0	
1265375	8534.09570	3306140550129	0.49117	0.24385	8533.64648	0.44922	11760	1	0.50011	0.13330	1	0.45587	0.35410	1	0.47799	0.24370	1	0.48412	0.52859	11.93493	1.06647	1	0.74623	0.55166	12.03772	1.06647	1	-0.00380	-0.00853	0.68505	0.00234	1	0.06369	-0.01266	0.67516	0.00416	1	1.45898	0.81042	0	
1265376	8534.10254	3306140616803	0.49129	0.24404	8533.64648	0.45605	11760	1	0.50056	0.11158	1	0.47544	0.37224	1	0.48800	0.24191	1	0.48418	0.52849	11.77992	1.06647	1	0.74633	0.55204	12.20001	1.06647	1	-0.00380	-0.00853	0.68505	0.00239	1	0.06369	-0.01266	0.67516	0.00421	1	1.45898	0.81042	0	
1265377	8534.10938	3306140684266	0.49175	0.24426	8533.64648	0.46289	11760	1	0.50627	0.11681	1	0.47930	0.37203	1	0.49278	0.24442	1	0.48420	0.52856	12.09924	1.06647	1	0.74638	0.55198	12.14817	1.06647	1	-0.00380	-0.00853	0.68505	0.00237	1	0.06369	-0.01266	0.67516	0.00430	1	1.45898	0.81042	0	
1265378	8534.11523	3306140750640	0.49222	0.24442	8533.64648	0.46875	11760	1	0.50627	0.11681	1	0.47930	0.37203	1	0.49278	0.24442	1	0.48430	0.52855	12.16006	1.06647	1	0.74665	0.55220	12.71946	1.06647	1	-0.00367	-0.00847	0.68049	0.00236	1	0.06369	-0.01266	0.67516	0.00401	1	1.45898	0.81042	0	
1265379	8534.12207	3306140817983	0.49221	0.24326	8533.64648	0.47559	11760	1	0.48806	0.12265	1	0.47162	0.24203	1	0.47984	0.18234	1	0.48429	0.52855	12.16298	1.06647	1	0.74621	0.55167	11.98620	1.06647	1	-0.00367	-0.00847	0.68049	0.00236	1	0.06369	-0.01266	0.67516	0.00409	1	1.45898	0.81042	0	
1265380	8534.12891	3306140884844	0.49213	0.24238	8533.64648	0.48242	11760	1	0.47142	0.12313	1	0.47562	0.31388	1	0.47352	0.21851	1	0.48452	0.52876	11.91613	1.06647	1	0.74633	0.55201	12.06043	1.06647	1	-0.00367	-0.00847	0.68049	0.00231	1	0.06369	-0.01266	0.67516	0.00408	1	1.45898	0.81042	0	
1265381	8534.13574	3306140951666	0.49206	0.24152	8533.64648	0.48926	11760	1	0.47258	0.13111	1	0.47532	0.32055	1	0.47395	0.22583	1	0.48473	0.52869	11.55253	1.05845	1	0.74672	0.55178	12.51759	1.05845	1	-0.00352	-0.00822	0.66059	0.00241	1	0.06424	-0.01275	0.68000	0.00417	1	1.45898	0.81042	0	
1265382	8534.14258	3306141019482	0.49211	0.24054	8533.64648	0.49609	11760	1	0.49588	0.12602	1	0.50052	0.29836	1	0.49820	0.21219	1	0.48468	0.52860	11.52530	1.05044	1	0.74673	0.55213	12.73209	1.05044	1	-0.00352	-0.00822	0.66059	0.00246	1	0.06424	-0.01275	0.68000	0.00410	1	1.45898	0.81042	0	
1265383	8534.14941	3306141085109	0.49170	0.24073	8533.64648	0.50293	11760	1	0.49329	0.17878	1	0.48263	0.33728	1	0.48796	0.25803	1	0.48474	0.52863	11.59430	1.04242	1	0.74651	0.55241	12.99175	1.04242	1	-0.00352	-0.00822	0.66059	0.00243	1	0.06424	-0.01275	0.68000	0.00413	1	1.45898	0.81042	0	
1265384	8534.15527	3306141152666	0.49128	0.24104	8533.64648	0.50879	11760	1	0.49329	0.17878	1	0.48229	0.34364	1	0.48779	0.26121	1	0.48493	0.52871	11.88613	1.04242	1	0.74637	0.55264	13.09848	1.03476	1	-0.00359	-0.00851	0.68343	0.00239	1	0.06212	-0.01237	0.65696	0.00411	1	1.45898	0.81042	0	
1265385	8534.16211	3306141219437	0.49080	0.24150	8533.64648	0.51562	11760	1	0.50681	0.16300	1	0.46301	0.36414	1	0.48491	0.26357	1	0.48486	0.52854	11.79160	1.04278	1	0.74651	0.55264	12.84176	1.03512	1	-0.00359	-0.00851	0.68343	0.00235	1	0.06212	-0.01237	0.65696	0.00407	1	1.45898	0.81042	0	
1265386	8534.16895	3306141286564	0.49035	0.24253	8533.64648	0.52246	11760	1	0.50672	0.19442	1	0.47446	0.37458	1	0.49059	0.28450	1	0.48498	0.52868	11.36844	1.04313	1	0.74673	0.55277	12.65926	1.03547	1	-0.00359	-0.00851	0.68343	0.00232	1	0.06212	-0.01237	0.65696	0.00393	1	1.45898	0.81042	0	
1265387	8534.17578	3306141353091	0.48991	0.24363	8533.64648	0.52930	11760	1	0.50668	0.19409	1	0.47476	0.36817	1	0.49072	0.28113	1	0.48550	0.52898	10.19645	1.04349	1	0.74671	0.55208	12.65931	1.04349	1	-0.00345	-0.00843	0.67690	0.00232	1	0.06486	-0.01290	0.68546	0.00411	1	1.45898	0.81042	0	
1265388	8534.18262	3306141416563	0.48984	0.24651	8533.64648	0.53613	11760	1	0.50668	0.19409	0	0.47978	0.38173	1	0.47978	0.38173	1	0.48550	0.52898	10.19645	1.04349	0	0.74674	0.55200	11.05740	1.05115	1	-0.00345	-0.00843	0.67690	0.00232	1	0.06486	-0.01290	0.68546	0.00385	1	1.45898	0.81042	0	
1265389	8534.18945	3306141487295	0.48984	0.24651	8533.64648	0.54297	11760	1	0.50668	0.19409	0	0.47978	0.38173	0	0.47978	0.38173	0	0.48550	0.52898	10.19645	1.05115	0	0.74674	0.55200	11.05740	1.05881	0	-0.00345	-0.00843	0.67690	0.00232	1	0.06486	-0.01290	0.68546	0.00385	1	1.45898	0.81042	0	
1265390	8534.19531	3306141552356	0.48984	0.24651	8533.64648	0.54883	11760	1	0.50668	0.19409	0	0.47978	0.38173	0	0.47978	0.38173	0	0.48550	0.52898	10.19645	1.05881	0	0.74674	0.55200	11.05740	1.06647	0	-0.00345	-0.00843	0.67690	0.00232	1	0.06486	-0.01290	0.68546	0.00385	1	1.45898	0.81042	0	
1265391	8534.20215	3306141621466	0.48984	0.24651	8533.64648	0.55566	11760	1	0.50668	0.19409	0	0.47978	0.38173	0	0.47978	0.38173	0	0.48550	0.52898	10.19645	1.06647	0	0.74674	0.55200	11.05740	1.06647	0	-0.00345	-0.00843	0.67690	0.00232	1	0.06486	-0.01290	0.68546	0.00385	1	1.45898	0.81042	0	
1265392	8534.20898	3306141688388	0.48607	0.25482	8533.64648	0.55566	11760	0	0.50668	0.19409	0	0.47978	0.38173	0	0.47978	0.38173	0	0.48550	0.52898	10.19645	1.06647	0	0.74674	0.55200	11.05740	1.06647	0	-0.00345	-0.00843	0.67690	0.00232	1	0.06486	-0.01290	0.68546	0.00385	1	1.45898	0.81042	0	
1265393	8534.21582	3306141755477	0.48607	0.25482	8533.64648	0.55566	11760	0	0.50668	0.19409	0	0.47978	0.38173	0	0.47978	0.38173	0	0.48550	0.52898	10.19645	1.06647	0	0.74674	0.55200	11.05740	1.06647	0	-0.00345	-0.00843	0.67690	0.00232	1	0.06486	-0.01290	0.68546	0.00385	1	1.45898	0.81042	0	
1265394	8534.22266	3306141822932	0.48607	0.25482	8533.64648	0.55566	11760	0	0.50668	0.19409	0	0.47978	0.38173	0	0.47978	0.38173	0	0.48550	0.52898	10.19645	1.06647	0	0.74674	0.55200	11.05740	1.06647	0	-0.00345	-0.00843	0.67690	0.00232	1	0.06486	-0.01290	0.68546	0.00385	1	1.45898	0.81042	0	
1265395	8534.22949	3306141887827	0.00000	0.00000	8533.64648	0.55566	11760	0	0.50668	0.19409	0	0.47978	0.38173	0	0.47978	0.38173	0	0.48550	0.52898	10.19645	1.06647	0	0.74674	0.55200	11.05740	1.06647	0	-0.00345	-0.00843	0.67690	0.00232	1	0.06486	-0.01290	0.68546	0.00385	1	1.45898	0.81042	0	
1265396	8534.23633	3306141956461	0.00000	0.00000	8533.64648	0.55566	11760	0	0.50668	0.19409	0	0.47978	0.38173	0	0.47978	0.38173	0	0.48550	0.52898	10.19645	1.06647	0	0.74674	0.55200	11.05740	1.06647	0	-0.00345	-0.00843	0.67690	0.00232	1	0.06486	-0.01290	0.68546	0.00385	1	1.45898	0.81042	0	
1265397	8534.24316	3306142023090	0.00000	0.00000	8533.64648	0.55566	11760	0	0.50668	0.19409	0	0.47978	0.38173	0	0.47978	0.38173	0	0.48550	0.52898	10.19645	1.06647	0	0.74674	0.55200	11.05740	1.06647	0	-0.00345	-0.00843	0.67690	0.00232	1	0.06486	-0.01290	0.68546	0.00385	1	1.45898	0.81042	0	
1265398	8534.24902	3306142087971	0.00000	0.00000	8533.64648	0.55566	11760	0	0.50668	0.19409	0	0.47978	0.38173	0	0.47978	0.38173	0	0.48550	0.52898	10.19645	1.06647	0	0.74674	0.55200	11.05740	1.06647	0	-0.00345	-0.00843	0.67690	0.00232	1	0.06486	-0.01290	0.68546	0.00385	1	1.45898	0.81042	0	
1265399	8534.25586	3306142157147	0.00000	0.00000	8533.64648	0.55566	11760	0	0.50668	0.19409	0	0.47978	0.38173	0	0.47978	0.38173	0	0.48550	0.52898	10.19645	1.06647	0	0.74674	0.55200	11.05740	1.06647	0	-0.00345	-0.00843	0.67690	0.00232	1	0.06486	-0.01290	0.68546	0.00385	1	1.45898	0.81042	0	
1265400	8534.26270	3306142224551	0.00000	0.00000	8533.64648	0.55566	11760	0	0.50668	0.19409	0	0.47978	0.38173	0	0.47978	0.38173	0	0.48550	0.52898	10.19645	1.06647	0	0.74674	0.55200	11.05740	1.06647	0	-0.00345	-0.00843	0.67690	0.00232	1	0.06486	-0.01290	0.68546	0.00385	1	1.45898	0.81042	0	
1265401	8534.26953	3306142291665	0.00000	0.00000	8533.64648	0.55566	11760	0	0.50668	0.19409	0	0.47978	0.38173	0	0.47978	0.38173	0	0.48550	0.52898	10.19645	1.06647	0	0.74674	0.55200	11.05740	1.06647	0	-0.00345	-0.00843	0.67690	0.00232	1	0.06486	-0.01290	0.68546	0.00385	1	1.45898	0.81042	0	
1265402	8534.27637	3306142358476	0.00000	0.00000	8533.64648	0.55566	11760	0	0.50668	0.19409	0	0.47978	0.38173	0	0.47978	0.38173	0	0.48550	0.52898	10.19645	1.06647	0	0.74674	0.55200	11.05740	1.06647	0	-0.00345	-0.00843	0.67690	0.00232	1	0.06486	-0.01290	0.68546	0.00385	1	1.45898	0.81042	0	
1265403	8534.28320	3306142425086	0.00000	0.00000	8533.64648	0.55566	11760	0	0.50668	0.19409	0	0.47978	0.38173	0	0.47978	0.38173	0	0.48550	0.52898	10.19645	1.06647	0	0.74674	0.55200	11.05740	1.06647	0	-0.00345	-0.00843	0.67690	0.00232	1	0.06486	-0.01290	0.68546	0.00385	1	1.45898	0.81042	0	
1265404	8534.29004	3306142491784	0.00000	0.00000	8533.64648	0.55566	11760	0	0.50668	0.19409	0	0.47978	0.38173	0	0.47978	0.38173	0	0.48550	0.52898	10.19645	1.06647	0	0.74674	0.55200	11.05740	1.06647	0	-0.00345	-0.00843	0.67690	0.00232	1	0.06486	-0.01290	0.68546	0.00385	1	1.45898	0.81042	0	
1265405	8534.29688	3306142559246	0.00000	0.00000	8533.64648	0.55566	11760	0	0.50668	0.19409	0	0.47978	0.38173	0	0.47978	0.38173	0	0.48550	0.52898	10.19645	1.06647	0	0.74674	0.55200	11.05740	1.06647	0	-0.00345	-0.00843	0.67690	0.00232	1	0.06486	-0.01290	0.68546	0.00385	1	1.45898	0.81042	0	
1265406	8534.30273	3306142625929	0.00000	0.00000	8533.64648	0.55566	11760	0	0.50668	0.19409	0	0.47978	0.38173	0	0.47978	0.38173	0	0.48550	0.52898	10.19645	1.06647	0	0.74674	0.55200	11.05740	1.06647	0	-0.00345	-0.00843	0.67690	0.00232	1	0.06486	-0.01290	0.68546	0.00385	1	1.45898	0.81042	0	
1265407	8534.30957	3306142693308	0.00000	0.00000	8533.64648	0.55566	11760	0	0.50668	0.19409	0	0.47978	0.38173	0	0.47978	0.38173	0	0.48550	0.52898	10.19645	1.06647	0	0.74674	0.55200	11.05740	1.06647	0	-0.00345	-0.00843	0.67690	0.00232	1	0.06486	-0.01290	0.68546	0.00385	1	1.45898	0.81042	0	
1265408	8534.31641	3306142760549	0.00000	0.00000	8533.64648	0.55566	11760	0	0.50668	0.19409	0	0.47978	0.38173	0	0.47978	0.38173	0	0.48550	0.52898	10.19645	1.06647	0	0.74674	0.55200	11.05740	1.06647	0	-0.00345	-0.00843	0.67690	0.00232	1	0.06486	-0.01290	0.68546	0.00385	1	1.45898	0.81042	0	
1265409	8534.32324	3306142827574	0.00000	0.00000	8533.64648	0.55566	11760	0	0.50668	0.19409	0	0.47978	0.38173	0	0.47978	0.38173	0	0.48550	0.52898	10.19645	1.06647	0	0.74674	0.55200	11.05740	1.06647	0	-0.00345	-0.00843	0.67690	0.00232	1	0.06486	-0.01290	0.68546	0.00385	1	1.45898	0.81042	0	
1265410	8534.33008	3306142894267	0.00000	0.00000	8533.64648	0.55566	11760	0	0.50668	0.19409	0	0.47978	0.38173	0	0.47978	0.38173	0	0.48550	0.52898	10.19645	1.06647	0	0.74674	0.55200	11.05740	1.06647	0	-0.00345	-0.00843	0.67690	0.00232	1	0.06486	-0.01290	0.68546	0.00385	1	1.45898	0.81042	0	
1265411	8534.33691	3306142961269	0.00000	0.00000	8533.64648	0.55566	11760	0	0.50668	0.19409	0	0.47978	0.38173	0	0.47978	0.38173	0	0.48550	0.52898	10.19645	1.06647	0	0.74674	0.55200	11.05740	1.06647	0	-0.00345	-0.00843	0.67690	0.00232	1	0.06486	-0.01290	0.68546	0.00385	1	1.45898	0.81042	0	
1265412	8534.34277	3306143027375	0.00000	0.00000	8533.64648	0.55566	11760	0	0.50668	0.19409	0	0.47978	0.38173	0	0.47978	0.38173	0	0.48550	0.52898	10.19645	1.06647	0	0.74674	0.55200	11.05740	1.06647	0	-0.00345	-0.00843	0.67690	0.00232	1	0.06486	-0.01290	0.68546	0.00385	1	1.45898	0.81042	0	
1265413	8534.34961	3306143091357	0.00000	0.00000	8533.64648	0.55566	11760	0	0.50668	0.19409	0	0.47978	0.38173	0	0.47978	0.38173	0	0.48550	0.52898	10.19645	1.06647	0	0.74674	0.55200	11.05740	1.06647	0	-0.00345	-0.00843	0.67690	0.00232	1	0.06486	-0.01290	0.68546	0.00385	1	1.45898	0.81042	0	
1265414	8534.35645	3306143160169	0.24591	0.13161	8533.64648	0.55566	11760	0	0.50284	0.16374	1	0.48080	0.36269	1	0.49182	0.26321	1	0.48540	0.52849	11.07143	1.07556	1	0.74711	0.55267	12.15628	1.07556	1	-0.00363	-0.00869	0.70188	0.00230	1	0.06486	-0.01301	0.68546	0.00389	1	1.45898	0.81042	0	
1265415	8534.36328	3306143226967	0.33034	0.16427	8533.64648	0.55566	11760	0	0.53320	0.09780	1	0.46520	0.36140	1	0.49920	0.22960	1	0.48539	0.52859	11.38590	1.08464	1	0.74698	0.55286	12.42858	1.08464	1	-0.00363	-0.00869	0.70188	0.00232	1	0.06486	-0.01301	0.68546	0.00394	1	1.45898	0.81042	0	
1265416	8534.37012	3306143292768	0.49492	0.22675	8533.64648	0.55566	11760	0	0.52575	0.06782	1	0.46172	0.30704	1	0.49373	0.18743	1	0.48529	0.52841	11.70032	1.09373	1	0.74687	0.55255	12.76641	1.09373	1	-0.00363	-0.00869	0.70188	0.00229	1	0.06486	-0.01301	0.68546	0.00373	1	1.45898	0.81042	0	
1265417	8534.37598	3306143358833	0.49415	0.20292	8533.64648	0.55566	11760	0	0.52484	0.05858	1	0.46193	0.29962	1	0.49339	0.17910	1	0.48526	0.52851	11.61640	1.10281	1	0.74702	0.55256	12.25994	1.10281	1	-0.00366	-0.00871	0.70821	0.00235	1	0.06649	-0.01338	0.70259	0.00405	1	1.45898	0.81042	0	
1265418	8534.38281	3306143426631	0.49362	0.19253	8533.64648	0.55566	11760	0	0.50141	0.07072	1	0.48368	0.27280	1	0.49255	0.17176	1	0.48504	0.52853	11.56912	1.10281	1	0.74720	0.55224	11.84556	1.10281	1	-0.00366	-0.00871	0.70821	0.00228	1	0.06649	-0.01338	0.70259	0.00415	1	1.45898	0.81042	0	
1265419	8534.38965	3306143495384	0.49386	0.19062	8534.37012	0.01953	11761	1	0.50598	0.06866	1	0.48317	0.30111	1	0.49458	0.18488	1	0.48515	0.52859	11.67891	1.10281	1	0.74717	0.55268	12.04544	1.10281	1	-0.00366	-0.00871	0.70821	0.00227	1	0.06649	-0.01338	0.70259	0.00391	1	1.45898	0.81042	0	
1265420	8534.39648	3306143560757	0.49407	0.19113	8534.37012	0.02637	11761	1	0.50701	0.07783	1	0.48278	0.30853	1	0.49490	0.19318	1	0.48509	0.52875	11.48196	1.09373	1	0.74685	0.55219	12.42053	1.09373	1	-0.00353	-0.00841	0.67175	0.00229	1	0.06649	-0.01338	0.70259	0.00416	1	1.45898	0.81042	0	
1265421	8534.40332	3306143628354	0.49428	0.18742	8534.37012	0.03320	11761	1	0.50289	0.09689	1	0.48784	0.24077	1	0.49537	0.16883	1	0.48496	0.52867	11.39106	1.08464	1	0.74684	0.55169	12.35881	1.08464	1	-0.00353	-0.00841	0.67175	0.00231	1	0.06649	-0.01338	0.70259	0.00430	1	1.45898	0.81042	0	
1265422	8534.41016	3306143694152	0.49490	0.18892	8534.37012	0.04004	11761	1	0.50994	0.11982	1	0.48727	0.27610	1	0.49861	0.19796	1	0.48500	0.52878	11.20861	1.07556	1	0.74686	0.55207	12.37969	1.07556	1	-0.00353	-0.00841	0.67175	0.00236	1	0.06649	-0.01338	0.70259	0.00416	1	1.45898	0.81042	0	
1265423	8534.41699	3306143764696	0.49543	0.19063	8534.37012	0.04688	11761	1	0.51098	0.12879	1	0.48725	0.27645	1	0.49911	0.20262	1	0.48496	0.52885	11.27061	1.06647	1	0.74644	0.55253	12.96653	1.07515	1	-0.00359	-0.00861	0.68343	0.00230	1	0.06622	-0.01334	0.70035	0.00438	1	1.45898	0.81042	0	
1265424	8534.42383	3306143830279	0.49488	0.19107	8534.37012	0.05371	11761	1	0.49294	0.08001	1	0.48804	0.30912	1	0.49049	0.19456	1	0.48484	0.52888	11.59945	1.07515	1	0.74651	0.55245	12.88778	1.08383	1	-0.00359	-0.00861	0.68343	0.00228	1	0.06622	-0.01334	0.70035	0.00449	1	1.45898	0.81042	0	
1265425	8534.43066	3306143897865	0.49320	0.19549	8534.37012	0.06055	11761	1	0.48112	0.11977	1	0.47517	0.35076	1	0.47814	0.23527	1	0.48475	0.52897	11.56976	1.08383	1	0.74636	0.55336	13.35383	1.09251	1	-0.00359	-0.00861	0.68343	0.00231	1	0.06622	-0.01334	0.70035	0.00409	1	1.45898	0.81042	0	
1265426	8534.43750	3306143965400	0.49178	0.19872	8534.37012	0.06738	11761	1	0.47995	0.11125	1	0.47517	0.35076	1	0.47756	0.23101	1	0.48475	0.52915	11.89897	1.09251	1	0.74615	0.55294	12.27343	1.09251	1	-0.00359	-0.00861	0.68343	0.00236	1	0.06424	-0.01295	0.68000	0.00420	1	1.45898	0.81042	0	
1265427	8534.44336	3306144032645	0.49199	0.20043	8534.37012	0.07324	11761	1	0.50746	0.13194	1	0.48109	0.30647	1	0.49427	0.21920	1	0.48464	0.52912	11.46376	1.09251	1	0.74635	0.55230	11.89873	1.08383	1	-0.00359	-0.00861	0.68343	0.00234	1	0.06424	-0.01295	0.68000	0.00441	1	1.45898	0.81042	0	
1265428	8534.45020	3306144099936	0.49251	0.20461	8534.37012	0.08008	11761	1	0.50918	0.15173	1	0.48845	0.35778	1	0.49882	0.25475	1	0.48467	0.52923	11.78819	1.08383	1	0.74655	0.55283	12.25586	1.07515	1	-0.00359	-0.00861	0.68343	0.00238	1	0.06424	-0.01295	0.68000	0.00417	1	1.45898	0.81042	0	
1265429	8534.45703	3306144166796	0.49300	0.20922	8534.37012	0.08691	11761	1	0.51108	0.16759	1	0.48764	0.37090	1	0.49936	0.26925	1	0.48500	0.53179	12.40610	1.06713	1	0.74656	0.55284	12.14544	1.05845	1	-0.00352	-0.00832	0.66059	0.00360	1	0.06369	-0.01286	0.67516	0.00427	1	1.45898	0.81042	0	
1265430	8534.46387	3306144231687	0.49301	0.21331	8534.37012	0.09375	11761	1	0.50086	0.18651	1	0.48528	0.35464	1	0.49307	0.27058	1	0.48456	0.52929	11.65382	1.05044	1	0.74652	0.55258	12.11552	1.05044	1	-0.00352	-0.00832	0.66059	0.00245	1	0.06369	-0.01286	0.67516	0.00433	1	1.45898	0.81042	0	
1265431	8534.47070	3306144298837	0.49299	0.21657	8534.37012	0.10059	11761	1	0.50825	0.14869	1	0.47718	0.38228	1	0.49272	0.26548	1	0.48458	0.52925	11.74599	1.04242	1	0.74640	0.55285	12.27442	1.04242	1	-0.00352	-0.00832	0.66059	0.00243	1	0.06369	-0.01286	0.67516	0.00425	1	1.45898	0.81042	0	
1265432	8534.47754	3306144367946	0.49297	0.21945	8534.37012	0.10742	11761	1	0.50825	0.14869	1	0.47718	0.38228	1	0.49272	0.26548	1	0.48478	0.53151	11.19131	1.04242	1	0.74600	0.55304	12.77458	1.04242	1	-0.00382	-0.00872	0.68777	0.00371	1	0.06369	-0.01286	0.67516	0.00417	1	1.45898	0.81042	0	
1265433	8534.48438	3306144435691	0.49344	0.22806	8534.37012	0.11426	11761	1	0.53399	0.40860	1	0.46888	0.34017	1	0.50143	0.37438	1	0.48485	0.53179	11.35666	1.05044	1	0.74587	0.55257	12.58415	1.05044	1	-0.00382	-0.00872	0.68777	0.00384	1	0.06369	-0.01286	0.67516	0.00419	1	1.45898	0.81042	0	
1265434	8534.49023	3306144501746	0.49430	0.26203	8534.37012	0.11426	11761	0	0.54478	0.34956	1	0.48311	0.37394	1	0.51395	0.36175	1	0.48468	0.53167	11.14686	1.05845	1	0.74566	0.55276	12.81178	1.05845	1	-0.00382	-0.00872	0.68777	0.00393	1	0.06369	-0.01286	0.67516	0.00420	1	1.45898	0.81042	0	
1265435	8534.49707	3306144568772	0.50404	0.30875	8534.37012	0.11426	11761	0	0.54407	0.34328	1	0.48347	0.36767	1	0.51377	0.35548	1	0.48445	0.53200	12.20406	1.06647	1	0.74563	0.55262	13.32531	1.06647	1	-0.00380	-0.00873	0.68505	0.00380	1	0.06426	-0.01300	0.68228	0.00438	1	1.45898	0.81042	0	
1265436	8534.50391	3306144633800	0.51019	0.32074	8534.37012	0.11426	11761	0	0.53814	0.32645	1	0.50687	0.36297	1	0.52251	0.34471	1	0.48458	0.53227	12.54690	1.06647	1	0.74606	0.55278	12.95639	1.06647	1	-0.00380	-0.00873	0.68505	0.00393	1	0.06426	-0.01300	0.68228	0.00422	1	1.45898	0.81042	0	
1265437	8534.51074	3306144702773	0.50917	0.31712	8534.49023	0.02051	11762	1	0.52071	0.34151	1	0.49149	0.27100	1	0.50610	0.30626	1	0.48426	0.53217	12.36014	1.06647	1	0.74580	0.55180	12.60255	1.06647	1	-0.00380	-0.00873	0.68505	0.00377	1	0.06426	-0.01300	0.68228	0.00441	1	1.45898	0.81042	0	
1265438	8534.51758	3306144770622	0.50855	0.31495	8534.49023	0.02734	11762	1	0.52071	0.34151	1	0.49149	0.27100	1	0.50610	0.30626	1	0.48394	0.53215	11.59528	1.06647	1	0.74530	0.55259	12.76053	1.06647	1	-0.00380	-0.00873	0.68505	0.00377	1	0.06346	-0.01286	0.67490	0.00410	1	1.45898	0.81042	0	
1265439	8534.52441	3306144836741	0.50808	0.32022	8534.49023	0.03418	11762	1	0.52971	0.35888	1	0.48171	0.33429	1	0.50571	0.34658	1	0.48414	0.53235	12.02633	1.06647	1	0.74523	0.55250	12.77714	1.06647	1	-0.00380	-0.00873	0.68505	0.00368	1	0.06346	-0.01286	0.67490	0.00413	1	1.45898	0.81042	0	
1265440	8534.53125	3306144903603	0.50681	0.31508	8534.49023	0.04102	11762	1	0.52428	0.25259	1	0.47402	0.31596	1	0.49915	0.28428	1	0.48404	0.53132	11.65318	1.06647	1	0.74514	0.55226	12.63587	1.06647	1	-0.00380	-0.00873	0.68505	0.00408	1	0.06346	-0.01286	0.67490	0.00426	1	1.45898	0.81042	0	
1265441	8534.53711	3306144968160	0.50271	0.31519	8534.49023	0.04688	11762	1	0.52428	0.25259	0	0.47402	0.31596	1	0.47402	0.31596	1	0.48404	0.53132	11.65318	1.06647	0	0.74494	0.55319	13.44032	1.06647	1	-0.00380	-0.00873	0.68505	0.00408	1	0.06291	-0.01277	0.67009	0.00397	1	1.45898	0.81042	0	
1265442	8534.54395	3306145037295	0.50271	0.31519	8534.49023	0.05371	11762	1	0.52428	0.25259	0	0.47402	0.31596	0	0.47402	0.31596	0	0.48404	0.53132	11.65318	1.06647	0	0.74494	0.55319	13.44032	1.06647	0	-0.00380	-0.00873	0.68505	0.00408	1	0.06291	-0.01277	0.67009	0.00397	1	1.45898	0.81042	0	
1265443	8534.55078	3306145102503	0.50271	0.31519	8534.49023	0.06055	11762	1	0.52428	0.25259	0	0.47402	0.31596	0	0.47402	0.31596	0	0.48404	0.53132	11.65318	1.06647	0	0.74494	0.55319	13.44032	1.06647	0	-0.00380	-0.00873	0.68505	0.00408	1	0.06291	-0.01277	0.67009	0.00397	1	1.45898	0.81042	0	
1265444	8534.55762	3306145168131	0.50271	0.31519	8534.49023	0.06738	11762	1	0.52428	0.25259	0	0.47402	0.31596	0	0.47402	0.31596	0	0.48404	0.53132	11.65318	1.06647	0	0.74494	0.55319	13.44032	1.06647	0	-0.00380	-0.00873	0.68505	0.00408	1	0.06291	-0.01277	0.67009	0.00397	1	1.45898	0.81042	0	
1265445	8534.56445	3306145236316	0.50391	0.32279	8534.49023	0.06738	11762	0	0.52428	0.25259	0	0.47402	0.31596	0	0.47402	0.31596	0	0.48404	0.53132	11.65318	1.06647	0	0.74494	0.55319	13.44032	1.06647	0	-0.00380	-0.00873	0.68505	0.00408	1	0.06291	-0.01277	0.67009	0.00397	1	1.45898	0.81042	0	
1265446	8534.57031	3306145302995	0.50391	0.32279	8534.49023	0.06738	11762	0	0.52428	0.25259	0	0.47402	0.31596	0	0.47402	0.31596	0	0.48404	0.53132	11.65318	1.06647	0	0.74494	0.55319	13.44032	1.06647	0	-0.00380	-0.00873	0.68505	0.00408	1	0.06291	-0.01277	0.67009	0.00397	1	1.45898	0.81042	0	
1265447	8534.57715	3306145370546	0.50391	0.32279	8534.49023	0.06738	11762	0	0.52428	0.25259	0	0.47402	0.31596	0	0.47402	0.31596	0	0.48404	0.53132	11.65318	1.06647	0	0.74494	0.55319	13.44032	1.06647	0	-0.00380	-0.00873	0.68505	0.00408	1	0.06291	-0.01277	0.67009	0.00397	1	1.45898	0.81042	0	
1265448	8534.58398	3306145438554	0.00000	0.00000	8534.49023	0.06738	11762	0	0.52428	0.25259	0	0.47402	0.31596	0	0.47402	0.31596	0	0.48404	0.53132	11.65318	1.06647	0	0.74494	0.55319	13.44032	1.06647	0	-0.00380	-0.00873	0.68505	0.00408	1	0.06291	-0.01277	0.67009	0.00397	1	1.45898	0.81042	0	
1265449	8534.59082	3306145501886	0.00000	0.00000	8534.49023	0.06738	11762	0	0.52428	0.25259	0	0.47402	0.31596	0	0.47402	0.31596	0	0.48404	0.53132	11.65318	1.06647	0	0.74494	0.55319	13.44032	1.06647	0	-0.00380	-0.00873	0.68505	0.00408	1	0.06291	-0.01277	0.67009	0.00397	1	1.45898	0.81042	0	
1265450	8534.59766	3306145572857	0.00000	0.00000	8534.49023	0.06738	11762	0	0.52428	0.25259	0	0.47402	0.31596	0	0.47402	0.31596	0	0.48404	0.53132	11.65318	1.06647	0	0.74494	0.55319	13.44032	1.06647	0	-0.00380	-0.00873	0.68505	0.00408	1	0.06291	-0.01277	0.67009	0.00397	1	1.45898	0.81042	0	
1265451	8534.60449	3306145640143	0.48751	0.33029	8534.49023	0.06738	11762	0	0.51198	0.31707	1	0.46303	0.34351	1	0.48751	0.33029	1	0.48304	0.53196	11.86127	1.06647	1	0.74420	0.55276	13.26865	1.06647	1	-0.00380	-0.00873	0.68505	0.00387	1	0.06291	-0.01277	0.67009	0.00389	1	1.45898	0.81042	0	
1265452	8534.61133	3306145707474	0.48859	0.33232	8534.49023	0.06738	11762	0	0.51613	0.31706	1	0.46321	0.35164	1	0.48967	0.33435	1	0.48312	0.53189	11.68252	1.06647	1	0.74417	0.55274	13.27986	1.06647	1	-0.00380	-0.00873	0.68505	0.00390	1	0.06291	-0.01277	0.67009	0.00380	1	1.45898	0.81042	0	
1265453	8534.61816	3306145774747	0.48895	0.33300	8534.49023	0.06738	11762	0	0.51613	0.31706	1	0.46321	0.35164	1	0.48967	0.33435	1	0.48294	0.53189	11.56004	1.06647	1	0.74424	0.55284	13.41153	1.06647	1	-0.00418	-0.00866	0.67925	0.00401	1	0.06338	-0.01290	0.67731	0.00388	1	1.45898	0.81042	0	
1265454	8534.62500	3306145841034	0.49220	0.34074	8534.60449	0.02051	11763	1	0.51423	0.35937	1	0.48969	0.36857	1	0.50196	0.36397	1	0.48303	0.53234	11.45774	1.06647	1	0.74426	0.55292	13.42225	1.06647	1	-0.00418	-0.00866	0.67925	0.00389	1	0.06338	-0.01290	0.67731	0.00384	1	1.45898	0.81042	0	
1265455	8534.63086	3306145906192	0.49622	0.34247	8534.60449	0.02637	11763	1	0.54097	0.34197	1	0.48362	0.35678	1	0.51229	0.34937	1	0.48306	0.53230	11.40995	1.06647	1	0.74414	0.55292	13.34347	1.06647	1	-0.00418	-0.00866	0.67925	0.00390	1	0.06338	-0.01290	0.67731	0.00386	1	1.45898	0.81042	0	
1265456	8534.63770	3306145970782	0.49890	0.34362	8534.60449	0.03320	11763	1	0.54097	0.34197	1	0.48362	0.35678	1	0.51229	0.34937	1	0.48302	0.53230	11.33845	1.06647	1	0.74422	0.55293	13.31012	1.06647	1	-0.00411	-0.00863	0.66925	0.00377	1	0.06338	-0.01290	0.67731	0.00382	1	1.45898	0.81042	0	
1265457	8534.64453	3306146039686	0.49781	0.33300	8534.60449	0.04004	11763	1	0.50495	0.16369	1	0.47765	0.37483	1	0.49130	0.26926	1	0.48267	0.53005	11.91740	1.06647	1	0.74401	0.55304	13.64256	1.06647	1	-0.00411	-0.00863	0.66925	0.00242	1	0.06338	-0.01290	0.67731	0.00386	1	1.45898	0.81042	0	
1265458	8534.65137	3306146107593	0.49655	0.32480	8534.60449	0.04688	11763	1	0.50433	0.15064	1	0.47114	0.38419	1	0.48774	0.26741	1	0.48265	0.53002	11.79940	1.06647	1	0.74395	0.55316	13.55604	1.06647	1	-0.00411	-0.00863	0.66925	0.00243	1	0.06338	-0.01290	0.67731	0.00385	1	1.45898	0.81042	0	
1265459	8534.65820	3306146174728	0.49558	0.31842	8534.60449	0.05371	11763	1	0.50433	0.15064	1	0.47114	0.38419	1	0.48774	0.26741	1	0.48278	0.53219	11.12047	1.06647	1	0.74391	0.55314	12.77310	1.06647	1	-0.00411	-0.00863	0.66925	0.00384	1	0.06338	-0.01290	0.67731	0.00380	1	1.45898	0.81042	0	
1265460	8534.66406	3306146238437	0.49537	0.32039	8534.60449	0.05957	11763	1	0.51821	0.30290	1	0.46878	0.37326	1	0.49350	0.33808	1	0.48273	0.53176	12.04060	1.06647	1	0.74391	0.55314	12.77310	1.06647	1	-0.00411	-0.00863	0.66925	0.00407	1	0.06338	-0.01290	0.67731	0.00379	1	1.45898	0.81042	0	
1265461	8534.67090	3306146307393	0.49447	0.32220	8534.60449	0.06641	11763	1	0.50884	0.28075	1	0.46226	0.39983	1	0.48555	0.34029	1	0.48255	0.53159	11.59669	1.06647	1	0.74381	0.55326	13.10811	1.06647	1	-0.00411	-0.00863	0.66925	0.00410	1	0.06338	-0.01290	0.67731	0.00377	1	1.45898	0.81042	0	
1265462	8534.67773	3306146375383	0.49374	0.32343	8534.60449	0.07324	11763	1	0.50884	0.28075	1	0.46248	0.39331	1	0.48566	0.33703	1	0.48265	0.53181	11.79958	1.06647	1	0.74399	0.55296	12.82635	1.07515	1	-0.00411	-0.00863	0.66925	0.00385	1	0.06551	-0.01335	0.70056	0.00396	1	1.45898	0.81042	0	
1265463	8534.68457	3306146442111	0.49359	0.31532	8534.60449	0.08008	11763	1	0.49784	0.16015	1	0.48569	0.27567	1	0.49177	0.21791	1	0.48250	0.53012	11.92565	1.07515	1	0.74416	0.55222	12.12198	1.08383	1	-0.00411	-0.00863	0.66925	0.00241	1	0.06551	-0.01335	0.70056	0.00426	1	1.45898	0.81042	0	
1265464	8534.69141	3306146507488	0.49413	0.31312	8534.60449	0.08691	11763	1	0.51404	0.28226	1	0.48830	0.28679	1	0.50117	0.28452	1	0.48269	0.53177	11.74321	1.08383	1	0.74413	0.55230	12.17397	1.09251	1	-0.00411	-0.00863	0.66925	0.00382	1	0.06551	-0.01335	0.70056	0.00423	1	1.45898	0.81042	0	
1265465	8534.69824	3306146578238	0.49457	0.31097	8534.60449	0.09375	11763	1	0.51309	0.27506	1	0.48830	0.28679	1	0.50069	0.28092	1	0.48244	0.53013	11.65348	1.09251	1	0.74419	0.55243	11.93061	1.09251	1	-0.00411	-0.00863	0.66925	0.00235	1	0.06349	-0.01295	0.67958	0.00436	1	1.45898	0.81042	0	
1265466	8534.70508	3306146644950	0.49431	0.30404	8534.60449	0.10059	11763	1	0.49527	0.08522	1	0.48567	0.31488	1	0.49047	0.20005	1	0.48249	0.53006	11.81050	1.09251	1	0.74411	0.55246	12.43092	1.08383	1	-0.00411	-0.00863	0.66925	0.00243	1	0.06349	-0.01295	0.67958	0.00404	1	1.45898	0.81042	0	
1265467	8534.71191	3306146712244	0.49413	0.29818	8534.60449	0.10742	11763	1	0.48881	0.10582	1	0.49364	0.30312	1	0.49123	0.20447	1	0.48242	0.53012	11.65867	1.08383	1	0.74418	0.55241	12.42091	1.07515	1	-0.00411	-0.00863	0.66925	0.00235	1	0.06349	-0.01295	0.67958	0.00407	1	1.45898	0.81042	0	
1265468	8534.71875	3306146778201	0.49153	0.26831	8534.60449	0.10742	11763	0	0.48993	0.11445	1	0.49318	0.31039	1	0.49155	0.21242	1	0.48236	0.53026	11.54308	1.07515	1	0.74419	0.55239	12.24623	1.06647	1	-0.00411	-0.00863	0.66925	0.00244	1	0.06349	-0.01295	0.67958	0.00416	1	1.45898	0.81042	0	
1265469	8534.72461	3306146845756	0.48866	0.23831	8534.60449	0.10742	11763	0	0.48692	0.12837	1	0.48465	0.28825	1	0.48579	0.20831	1	0.48238	0.53025	11.68751	1.06647	1	0.74409	0.55202	12.20159	1.06647	1	-0.00411	-0.00863	0.66925	0.00233	1	0.06349	-0.01295	0.67958	0.00400	1	1.45898	0.81042	0	
1265470	8534.73145	3306146913053	0.48972	0.22839	8534.60449	0.10742	11763	0	0.49697	0.12978	1	0.48672	0.28729	1	0.49184	0.20854	1	0.48248	0.53026	11.66791	1.06647	1	0.74413	0.55193	11.99231	1.06647	1	-0.00411	-0.00863	0.66925	0.00238	1	0.06349	-0.01295	0.67958	0.00402	1	1.45898	0.81042	0	
1265471	8534.73828	3306146977684	0.49025	0.22342	8534.71875	0.01953	11764	1	0.49697	0.12978	1	0.48672	0.28729	1	0.49184	0.20854	1	0.48247	0.53028	11.58276	1.06647	1	0.74401	0.55200	12.05146	1.06647	1	-0.00411	-0.00863	0.66925	0.00239	1	0.06349	-0.01295	0.67958	0.00401	1	1.45898	0.81042	0	
1265472	8534.74512	3306147046065	0.48766	0.22193	8534.71875	0.02637	11764	1	0.48432	0.10885	1	0.47025	0.32304	1	0.47729	0.21595	1	0.48236	0.53017	11.73147	1.06647	1	0.74394	0.55238	12.05157	1.06647	1	-0.00411	-0.00863	0.66925	0.00228	1	0.06349	-0.01295	0.67958	0.00385	1	1.45898	0.81042	0	
1265473	8534.75195	3306147110378	0.48760	0.22051	8534.71875	0.03320	11764	1	0.48187	0.13149	1	0.49278	0.29535	1	0.48732	0.21342	1	0.48237	0.53019	11.33615	1.06647	1	0.74420	0.55239	11.98223	1.06647	1	-0.00411	-0.00863	0.66925	0.00235	1	0.06349	-0.01295	0.67958	0.00401	1	1.45898	0.81042	0	
1265474	8534.75781	3306147177112	0.48756	0.21950	8534.71875	0.03906	11764	1	0.48187	0.13149	1	0.49278	0.29535	1	0.48732	0.21342	1	0.48243	0.53027	11.67456	1.06647	1	0.74427	0.55263	11.92744	1.06647	1	-0.00411	-0.00863	0.66925	0.00235	1	0.06349	-0.01295	0.67958	0.00416	1	1.45898	0.81042	0	
1265475	8534.76465	3306147245090	0.48646	0.22296	8534.71875	0.04590	11764	1	0.49022	0.13313	1	0.46727	0.36128	1	0.47875	0.24721	1	0.48229	0.53029	11.44294	1.06647	1	0.74392	0.55275	12.50449	1.06647	1	-0.00411	-0.00863	0.66925	0.00233	1	0.06349	-0.01295	0.67958	0.00390	1	1.45898	0.81042	0	
1265476	8534.77148	3306147313159	0.48665	0.22143	8534.71875	0.05273	11764	1	0.49545	0.12525	1	0.48085	0.29311	1	0.48815	0.20918	1	0.48240	0.53026	11.78957	1.06647	1	0.74403	0.55250	12.00434	1.06647	1	-0.00411	-0.00863	0.66925	0.00228	1	0.06349	-0.01295	0.67958	0.00396	1	1.45898	0.81042	0	
1265477	8534.77832	3306147381679	0.48680	0.22020	8534.71875	0.05957	11764	1	0.49545	0.12525	1	0.48085	0.29311	1	0.48815	0.20918	1	0.48242	0.53021	11.55198	1.06647	1	0.74400	0.55258	12.16389	1.06647	1	-0.00411	-0.00868	0.66925	0.00231	1	0.06349	-0.01295	0.67958	0.00393	1	1.45898	0.81042	0	
1265478	8534.78516	3306147445645	0.48639	0.22199	8534.71875	0.06641	11764	1	0.49458	0.13379	1	0.46998	0.34591	1	0.48228	0.23985	1	0.48253	0.53034	11.42378	1.06647	1	0.74389	0.55288	12.56862	1.06647	1	-0.00411	-0.00868	0.66925	0.00234	1	0.06349	-0.01295	0.67958	0.00389	1	1.45898	0.81042	0	
1265479	8534.79199	3306147510914	0.48622	0.22329	8534.71875	0.07324	11764	1	0.49499	0.13252	1	0.47387	0.34266	1	0.48443	0.23759	1	0.48247	0.53020	11.10077	1.06647	1	0.74393	0.55280	12.74031	1.06647	1	-0.00411	-0.00868	0.66925	0.00234	1	0.06349	-0.01295	0.67958	0.00393	1	1.45898	0.81042	0	
1265480	8534.79883	3306147581588	0.48609	0.22439	8534.71875	0.08008	11764	1	0.49499	0.13252	1	0.47387	0.34266	1	0.48443	0.23759	1	0.48245	0.53016	11.21278	1.06647	1	0.74389	0.55289	12.36553	1.06647	1	-0.00411	-0.00863	0.66925	0.00240	1	0.06349	-0.01295	0.67958	0.00401	1	1.45898	0.81042	0	
1265481	8534.80566	3306147649873	0.48619	0.22571	8534.71875	0.08691	11764	1	0.50007	0.13399	1	0.47492	0.35172	1	0.48750	0.24285	1	0.48257	0.53029	11.45401	1.06647	1	0.74398	0.55283	12.14182	1.06647	1	-0.00411	-0.00863	0.66925	0.00231	1	0.06349	-0.01295	0.67958	0.00394	1	1.45898	0.81042	0	
1265482	8534.81250	3306147716488	0.48641	0.22664	8534.71875	0.09375	11764	1	0.50711	0.12709	1	0.47180	0.35218	1	0.48946	0.23963	1	0.48257	0.53019	11.25350	1.06647	1	0.74393	0.55295	12.49292	1.06647	1	-0.00411	-0.00863	0.66925	0.00233	1	0.06349	-0.01295	0.67958	0.00393	1	1.45898	0.81042	0	
1265483	8534.81934	3306147783809	0.48660	0.22745	8534.71875	0.10059	11764	1	0.50711	0.12709	1	0.47180	0.35218	1	0.48946	0.23963	1	0.48258	0.53024	11.42561	1.06647	1	0.74401	0.55286	12.37400	1.06647	1	-0.00411	-0.00863	0.66925	0.00231	1	0.06338	-0.01290	0.67731	0.00389	1	1.45898	0.81042	0	
1265484	8534.82520	3306147850953	0.48665	0.22780	8534.71875	0.10645	11764	1	0.50639	0.11309	1	0.46854	0.35366	1	0.48747	0.23338	1	0.48265	0.53023	11.44892	1.06647	1	0.74390	0.55274	12.37771	1.06647	1	-0.00411	-0.00863	0.66925	0.00226	1	0.06338	-0.01290	0.67731	0.00405	1	1.45898	0.81042	0	
1265485	8534.83203	3306147917789	0.48634	0.22896	8534.71875	0.11328	11764	1	0.51087	0.11863	1	0.45126	0.37866	1	0.48107	0.24864	1	0.48262	0.53014	11.76771	1.06647	1	0.74360	0.55314	12.96665	1.06647	1	-0.00411	-0.00863	0.66925	0.00226	1	0.06338	-0.01290	0.67731	0.00422	1	1.45898	0.81042	0	
1265486	8534.83887	3306147985061	0.48606	0.22999	8534.71875	0.12012	11764	1	0.51087	0.11863	1	0.45126	0.37866	1	0.48107	0.24864	1	0.48272	0.53009	11.78309	1.06647	1	0.74383	0.55258	12.18473	1.06647	1	-0.00411	-0.00863	0.66925	0.00232	1	0.06338	-0.01290	0.67731	0.00427	1	1.45898	0.81042	0	
1265487	8534.84570	3306148051361	0.48608	0.23016	8534.71875	0.12695	11764	1	0.50118	0.10460	1	0.47183	0.36225	1	0.48651	0.23342	1	0.48263	0.52996	11.73087	1.06647	1	0.74385	0.55294	12.44270	1.06647	1	-0.00411	-0.00863	0.66925	0.00231	1	0.06338	-0.01290	0.67731	0.00399	1	1.45898	0.81042	0	
1265488	8534.85254	3306148118815	0.48628	0.22854	8534.71875	0.13379	11764	1	0.50516	0.10117	1	0.47512	0.29104	1	0.49014	0.19610	1	0.48269	0.52999	11.59247	1.06647	1	0.74393	0.55202	12.09206	1.06647	1	-0.00411	-0.00863	0.66925	0.00232	1	0.06338	-0.01290	0.67731	0.00442	1	1.45898	0.81042	0	
1265489	8534.85938	3306148185200	0.48645	0.22707	8534.71875	0.14062	11764	1	0.50516	0.10117	1	0.47512	0.29104	1	0.49014	0.19610	1	0.48267	0.52997	11.67217	1.06647	1	0.74386	0.55259	12.12717	1.06647	1	-0.00418	-0.00866	0.67925	0.00232	1	0.06338	-0.01290	0.67731	0.00431	1	1.45898	0.81042	0	
1265490	8534.86621	3306148252399	0.48656	0.22706	8534.71875	0.14746	11764	1	0.50987	0.09702	1	0.46798	0.35664	1	0.48893	0.22683	1	0.48273	0.53005	11.79985	1.06647	1	0.74388	0.55286	12.40733	1.06647	1	-0.00418	-0.00866	0.67925	0.00231	1	0.06338	-0.01290	0.67731	0.00401	1	1.45898	0.81042	0	
1265491	8534.87207	3306148319801	0.48627	0.22664	8534.71875	0.15332	11764	1	0.51709	0.09438	1	0.44230	0.33955	1	0.47969	0.21696	1	0.48276	0.52995	11.62838	1.06647	1	0.74384	0.55259	12.13691	1.06647	1	-0.00418	-0.00866	0.67925	0.00230	1	0.06338	-0.01290	0.67731	0.00431	1	1.45898	0.81042	0	
1265492	8534.87891	3306148386466	0.48601	0.22625	8534.71875	0.16016	11764	1	0.51709	0.09438	1	0.44230	0.33955	1	0.47969	0.21696	1	0.48280	0.52989	11.34924	1.06647	1	0.74389	0.55268	12.04044	1.06647	1	-0.00418	-0.00866	0.67925	0.00235	1	0.06338	-0.01290	0.67731	0.00409	1	1.45898	0.81042	0	
1265493	8534.88574	3306148453457	0.48624	0.22538	8534.71875	0.16699	11764	1	0.51228	0.08626	1	0.47170	0.32096	1	0.49199	0.20361	1	0.48275	0.52985	11.70872	1.06647	1	0.74433	0.55246	11.51282	1.06647	1	-0.00418	-0.00866	0.67925	0.00232	1	0.06338	-0.01290	0.67731	0.00412	1	1.45898	0.81042	0	
1265494	8534.89258	3306148521078	0.48607	0.22493	8534.71875	0.17383	11764	1	0.51136	0.08095	1	0.45219	0.34567	1	0.48178	0.21331	1	0.48277	0.52983	11.62129	1.06647	1	0.74399	0.55263	11.90829	1.06647	1	-0.00418	-0.00866	0.67925	0.00228	1	0.06338	-0.01290	0.67731	0.00401	1	1.45898	0.81042	0	
1265495	8534.89941	3306148585421	0.48592	0.22452	8534.71875	0.18066	11764	1	0.51136	0.08095	1	0.45219	0.34567	1	0.48178	0.21331	1	0.48285	0.52985	11.41744	1.06647	1	0.74415	0.55302	11.99043	1.06647	1	-0.00406	-0.00863	0.67713	0.00232	1	0.06338	-0.01290	0.67731	0.00383	1	1.45898	0.81042	0	
1265496	8534.90625	3306148654192	0.48291	0.21751	8534.71875	0.18750	11764	1	0.51136	0.08095	0	0.39849	0.02139	1	0.39849	0.02139	1	0.48285	0.52985	11.41744	1.06647	0	0.48281	0.52979	11.53795	1.06647	1	-0.00406	-0.00863	0.67713	0.00232	1	0.06338	-0.01290	0.67731	0.00244	1	1.45898	0.81042	0	
1265497	8534.91309	3306148721784	0.47125	0.18507	8534.71875	0.18750	11764	0	0.51136	0.08095	0	0.40482	0.03417	1	0.40482	0.03417	1	0.48285	0.52985	11.41744	1.06647	0	0.48285	0.53002	11.40289	1.06647	1	-0.00406	-0.00863	0.67713	0.00232	1	0.06338	-0.01290	0.67731	0.00230	1	1.45898	0.81042	0	
1265498	8534.91895	3306148788574	0.43804	0.10962	8534.71875	0.18750	11764	0	0.51136	0.08095	0	0.40482	0.03417	1	0.40482	0.03417	1	0.48285	0.52985	11.41744	1.06647	0	0.48285	0.52993	11.31692	1.06647	1	-0.00406	-0.00863	0.67713	0.00232	1	-0.00406	-0.00863	0.67713	0.00232	1	1.45898	0.81042	0	
1265499	8534.92578	3306148854621	0.42667	0.07884	8534.71875	0.18750	11764	0	0.51136	0.08095	0	0.40393	0.01727	1	0.40393	0.01727	1	0.48285	0.52985	11.41744	1.06647	0	0.48286	0.52980	11.43344	1.06647	1	-0.00406	-0.00863	0.67713	0.00232	1	-0.00406	-0.00863	0.67713	0.00233	1	1.45898	0.81042	0	
1265500	8534.93262	3306148922782	0.40285	0.02533	8534.71875	0.18750	11764	0	0.51136	0.08095	0	0.39980	0.02454	1	0.39980	0.02454	1	0.48285	0.52985	11.41744	1.06647	0	0.48284	0.52981	11.18719	1.06647	1	-0.00406	-0.00863	0.67713	0.00232	1	-0.00406	-0.00863	0.67713	0.00236	1	1.45898	0.81042	0	
1265501	8534.93945	3306148989832	0.40119	0.02019	8534.71875	0.18750	11764	0	0.51136	0.08095	0	0.39954	0.01504	1	0.39954	0.01504	1	0.48285	0.52985	11.41744	1.06647	0	0.48286	0.52976	11.31199	1.07515	1	-0.00406	-0.00863	0.67713	0.00232	1	-0.00435	-0.00912	0.71550	0.00232	1	1.45898	0.81042	0	
1265502	8534.94629	3306149054970	0.40411	0.00965	8534.71875	0.18750	11764	0	0.51136	0.08095	0	0.40994	-0.01142	1	0.40994	-0.01142	1	0.48285	0.52985	11.41744	1.07515	0	0.48289	0.52967	11.42472	1.08383	1	-0.00406	-0.00863	0.67713	0.00232	1	-0.00435	-0.00912	0.71550	0.00239	1	1.45898	0.81042	0	
1265503	8534.95312	3306149123472	0.39679	0.01846	8534.93262	0.02051	11765	1	0.51136	0.08095	0	0.37482	0.04487	1	0.37482	0.04487	1	0.48285	0.52985	11.41744	1.08383	0	0.48293	0.52974	11.61265	1.09251	1	-0.00406	-0.00863	0.67713	0.00232	1	-0.00435	-0.00912	0.71550	0.00236	1	1.45898	0.81042	0	
1265504	8534.95996	3306149190735	0.39239	0.02374	8534.93262	0.02734	11765	1	0.51136	0.08095	0	0.37482	0.04487	1	0.37482	0.04487	1	0.48285	0.52985	11.41744	1.09251	0	0.48299	0.52955	11.31346	1.09251	1	-0.00406	-0.00863	0.67713	0.00232	1	-0.00406	-0.00863	0.67713	0.00233	1	1.45898	0.81042	0	
1265505	8534.96582	3306149257767	0.39091	0.02833	8534.93262	0.03320	11765	1	0.51136	0.08095	0	0.38352	0.05127	1	0.38352	0.05127	1	0.48285	0.52985	11.41744	1.09251	0	0.48299	0.52955	11.31346	1.08383	1	-0.00406	-0.00863	0.67713	0.00232	1	-0.00406	-0.00863	0.67713	0.00233	1	1.45898	0.81042	0	
1265506	8534.97266	3306149324426	0.40399	0.05459	8534.93262	0.04004	11765	1	0.49529	0.08361	1	0.46960	0.34075	1	0.48244	0.21218	1	0.48298	0.52959	11.44058	1.08383	1	0.74429	0.55272	12.50986	1.07515	1	-0.00406	-0.00863	0.67713	0.00233	1	-0.00406	-0.00863	0.67713	0.00398	1	1.45898	0.81042	0	
1265507	8534.97949	3306149389003	0.41379	0.07424	8534.93262	0.04688	11765	1	0.49524	0.08320	1	0.46961	0.34043	1	0.48242	0.21181	1	0.48306	0.52955	11.44001	1.08424	1	0.74434	0.55261	12.56133	1.07556	1	-0.00435	-0.00912	0.71550	0.00235	1	0.06393	-0.01284	0.68212	0.00407	1	1.45898	0.81042	0	
1265508	8534.98633	3306149458310	0.42266	0.08930	8534.93262	0.05371	11765	1	0.51062	0.09055	1	0.47654	0.32902	1	0.49358	0.20978	1	0.48319	0.52959	11.12189	1.08464	1	0.74441	0.55262	12.65701	1.08464	1	-0.00435	-0.00912	0.71550	0.00246	1	0.06393	-0.01284	0.68212	0.00389	1	1.45898	0.81042	0	
1265509	8534.99316	3306149525534	0.42985	0.10078	8534.93262	0.06055	11765	1	0.51731	0.08499	1	0.47180	0.32308	1	0.49456	0.20403	1	0.48304	0.52964	11.38684	1.09373	1	0.74430	0.55274	12.75395	1.09373	1	-0.00435	-0.00912	0.71550	0.00237	1	0.06393	-0.01284	0.68212	0.00393	1	1.45898	0.81042	0	
1265510	8535.00000	3306149592366	0.43573	0.11016	8534.93262	0.06738	11765	1	0.51731	0.08499	1	0.47180	0.32308	1	0.49456	0.20403	1	0.48291	0.52957	11.31871	1.09373	1	0.74431	0.55273	12.59999	1.09373	1	-0.00406	-0.00863	0.67713	0.00234	1	0.06393	-0.01294	0.68212	0.00395	1	1.45898	0.81042	0	
1265511	8535.00684	3306149659047	0.44046	0.11951	8534.93262	0.07422	11765	1	0.51841	0.08981	1	0.46642	0.35488	1	0.49241	0.22235	1	0.48292	0.52956	11.32269	1.08464	1	0.74426	0.55287	12.76502	1.08464	1	-0.00406	-0.00863	0.67713	0.00235	1	0.06393	-0.01294	0.68212	0.00393	1	1.45898	0.81042	0	
1265512	8535.01270	3306149726425	0.44443	0.12788	8534.93262	0.08008	11765	1	0.51828	0.11471	1	0.46607	0.34187	1	0.49218	0.22829	1	0.48294	0.52953	11.30124	1.07556	1	0.74423	0.55278	12.64602	1.07556	1	-0.00406	-0.00863	0.67713	0.00234	1	0.06393	-0.01294	0.68212	0.00406	1	1.45898	0.81042	0	
1265513	8535.01953	3306149793316	0.44784	0.13527	8534.93262	0.08691	11765	1	0.51828	0.11471	1	0.46585	0.34798	1	0.49207	0.23135	1	0.48297	0.52967	11.58409	1.07556	1	0.74459	0.55251	12.22992	1.06790	1	-0.00435	-0.00912	0.71550	0.00235	1	0.06187	-0.01249	0.66060	0.00391	1	1.45898	0.81042	0	
1265514	8535.02637	3306149858702	0.46272	0.17452	8534.93262	0.08691	11765	0	0.52059	0.11269	1	0.46987	0.34600	1	0.49523	0.22935	1	0.48291	0.52968	11.45117	1.07698	1	0.74429	0.55286	12.70573	1.06932	1	-0.00435	-0.00912	0.71550	0.00240	1	0.06187	-0.01249	0.66060	0.00389	1	1.45898	0.81042	0	
1265515	8535.03320	3306149927392	0.47914	0.20229	8534.93262	0.08691	11765	0	0.52345	0.10574	1	0.46769	0.35441	1	0.49557	0.23007	1	0.48290	0.52961	11.44777	1.07841	1	0.74422	0.55293	12.77034	1.07075	1	-0.00435	-0.00912	0.71550	0.00233	1	0.06187	-0.01249	0.66060	0.00392	1	1.45898	0.81042	0	
1265516	8535.04004	3306149993167	0.48464	0.21012	8534.93262	0.08691	11765	0	0.52330	0.10431	1	0.46796	0.34722	1	0.49563	0.22577	1	0.48296	0.52964	11.48667	1.07983	1	0.74411	0.55244	11.66449	1.07983	1	-0.00435	-0.00912	0.71550	0.00234	1	0.06338	-0.01275	0.67731	0.00425	1	1.45898	0.81042	0	
1265517	8535.04688	3306150059790	0.46441	0.15829	8535.02637	0.02051	11766	1	0.52330	0.10431	0	0.40374	0.00279	1	0.40374	0.00279	1	0.48296	0.52964	11.48667	1.07983	0	0.48286	0.52963	11.34009	1.08749	1	-0.00435	-0.00912	0.71550	0.00234	1	0.06338	-0.01275	0.67731	0.00240	1	1.45898	0.81042	0	
1265518	8535.05371	3306150128196	0.45202	0.12928	8535.02637	0.02734	11766	1	0.52330	0.10431	0	0.40247	0.01326	1	0.40247	0.01326	1	0.48296	0.52964	11.48667	1.08749	0	0.48286	0.52976	11.11700	1.09515	1	-0.00435	-0.00912	0.71550	0.00234	1	0.06338	-0.01275	0.67731	0.00240	1	1.45898	0.81042	0	
1265519	8535.05957	3306150195157	0.44373	0.10857	8535.02637	0.03320	11766	1	0.52330	0.10431	0	0.40227	0.00502	1	0.40227	0.00502	1	0.48296	0.52964	11.48667	1.09515	0	0.48270	0.52973	11.19361	1.10281	1	-0.00435	-0.00912	0.71550	0.00234	1	-0.00418	-0.00866	0.67925	0.00232	1	1.45898	0.81042	0	
1265520	8535.06641	3306150262450	0.43477	0.09069	8535.02637	0.04004	11766	1	0.52330	0.10431	0	0.38103	-0.01662	1	0.38103	-0.01662	1	0.48296	0.52964	11.48667	1.10281	0	0.48258	0.52989	11.45732	1.10281	1	-0.00435	-0.00912	0.71550	0.00234	1	-0.00418	-0.00866	0.67925	0.00239	1	1.45898	0.81042	0	
1265521	8535.07324	3306150328291	0.43006	0.07763	8535.02637	0.04688	11766	1	0.52330	0.10431	0	0.39704	-0.01380	1	0.39704	-0.01380	1	0.48296	0.52964	11.48667	1.10281	0	0.48272	0.52985	11.28427	1.10281	1	-0.00435	-0.00912	0.71550	0.00234	1	-0.00418	-0.00866	0.67925	0.00235	1	1.45898	0.81042	0	
1265522	8535.08008	3306150396233	0.42639	0.06747	8535.02637	0.05371	11766	1	0.52330	0.10431	0	0.39704	-0.01380	1	0.39704	-0.01380	1	0.48296	0.52964	11.48667	1.10281	0	0.48258	0.52981	11.35403	1.10281	1	-0.00435	-0.00912	0.71550	0.00234	1	-0.00418	-0.00866	0.67925	0.00235	1	1.45898	0.81042	0	
1265523	8535.08691	3306150463128	0.42195	0.05930	8535.02637	0.06055	11766	1	0.52330	0.10431	0	0.38196	-0.01422	1	0.38196	-0.01422	1	0.48296	0.52964	11.48667	1.10281	0	0.48251	0.52991	11.56038	1.10281	1	-0.00435	-0.00912	0.71550	0.00234	1	-0.00418	-0.00866	0.67925	0.00229	1	1.45898	0.81042	0	
1265524	8535.09375	3306150529674	0.41748	0.05306	8535.02637	0.06738	11766	1	0.52330	0.10431	0	0.37279	-0.00930	1	0.37279	-0.00930	1	0.48296	0.52964	11.48667	1.10281	0	0.48246	0.52990	11.43500	1.10281	1	-0.00435	-0.00912	0.71550	0.00234	1	-0.00418	-0.00866	0.67925	0.00238	1	1.45898	0.81042	0	
1265525	8535.10059	3306150597107	0.41375	0.04786	8535.02637	0.07422	11766	1	0.52330	0.10431	0	0.37279	-0.00930	1	0.37279	-0.00930	1	0.48296	0.52964	11.48667	1.10281	0	0.48235	0.53002	11.32591	1.10281	1	-0.00435	-0.00912	0.71550	0.00234	1	-0.00418	-0.00866	0.67925	0.00235	1	1.45898	0.81042	0	
1265526	8535.10742	3306150665116	0.41094	0.04462	8535.02637	0.08105	11766	1	0.52330	0.10431	0	0.37713	0.00570	1	0.37713	0.00570	1	0.48296	0.52964	11.48667	1.10281	0	0.48243	0.52992	11.46845	1.10281	1	-0.00435	-0.00912	0.71550	0.00234	1	-0.00418	-0.00866	0.67925	0.00236	1	1.45898	0.81042	0	
1265527	8535.11328	3306150731307	0.40474	0.03131	8535.02637	0.08105	11766	0	0.47761	0.06663	1	0.46846	0.33376	1	0.47303	0.20020	1	0.48236	0.53005	11.37868	1.10281	1	0.74389	0.55283	12.28521	1.10281	1	-0.00435	-0.00912	0.71550	0.00234	1	-0.00418	-0.00866	0.67925	0.00385	1	1.45898	0.81042	0	
1265528	8535.12012	3306150798560	0.43913	0.11984	8535.02637	0.08105	11766	0	0.47883	0.07584	1	0.46819	0.34091	1	0.47351	0.20837	1	0.48231	0.53022	11.73856	1.09373	1	0.74397	0.55235	12.11230	1.09373	1	-0.00428	-0.00872	0.68008	0.00239	1	0.06339	-0.01287	0.67850	0.00394	1	1.45898	0.81042	0	
1265529	8535.12695	3306150864965	0.45777	0.15234	8535.02637	0.08105	11766	0	0.52008	0.08853	1	0.47002	0.34616	1	0.49505	0.21734	1	0.48235	0.53021	11.83596	1.08464	1	0.74351	0.55281	13.00893	1.08464	1	-0.00428	-0.00872	0.68008	0.00236	1	0.06339	-0.01287	0.67850	0.00398	1	1.45898	0.81042	0	
1265530	8535.13379	3306150932063	0.49107	0.21685	8535.02637	0.08105	11766	0	0.52456	0.10866	1	0.48474	0.34100	1	0.50465	0.22483	1	0.48229	0.53022	11.81110	1.07556	1	0.74377	0.55271	11.93089	1.07556	1	-0.00428	-0.00872	0.68008	0.00239	1	0.06339	-0.01287	0.67850	0.00402	1	1.45898	0.81042	0	
1265531	8535.14062	3306150998824	0.49786	0.22084	8535.02637	0.08105	11766	0	0.52456	0.10866	1	0.48474	0.34100	1	0.50465	0.22483	1	0.48213	0.53028	11.67723	1.07556	1	0.74387	0.55265	11.93197	1.07556	1	-0.00449	-0.00915	0.70501	0.00239	1	0.06339	-0.01287	0.67850	0.00391	1	1.45898	0.81042	0	
1265532	8535.14648	3306151063464	0.49949	0.22390	8535.02637	0.08105	11766	0	0.51461	0.10487	1	0.49090	0.35516	1	0.50276	0.23002	1	0.48209	0.53033	11.65809	1.08464	1	0.74381	0.55281	12.65091	1.08464	1	-0.00449	-0.00915	0.70501	0.00250	1	0.06339	-0.01287	0.67850	0.00390	1	1.45898	0.81042	0	
1265533	8535.15332	3306151128635	0.49790	0.22282	8535.13379	0.01953	11767	1	0.50468	0.11655	1	0.48155	0.32261	1	0.49312	0.21958	1	0.48200	0.53038	11.66356	1.09373	1	0.74363	0.55250	12.53625	1.09373	1	-0.00449	-0.00915	0.70501	0.00245	1	0.06339	-0.01287	0.67850	0.00396	1	1.45898	0.81042	0	
1265534	8535.16016	3306151196660	0.49694	0.22217	8535.13379	0.02637	11767	1	0.50468	0.11655	1	0.48155	0.32261	1	0.49312	0.21958	1	0.48185	0.53037	11.54681	1.09373	1	0.74356	0.55265	12.38841	1.09373	1	-0.00446	-0.00897	0.69110	0.00238	1	0.06295	-0.01280	0.67483	0.00391	1	1.45898	0.81042	0	
1265535	8535.16699	3306151264096	0.49841	0.21962	8535.13379	0.03320	11767	1	0.51198	0.10916	1	0.49955	0.30461	1	0.50576	0.20688	1	0.48195	0.53033	11.47556	1.08464	1	0.74389	0.55257	11.84859	1.08464	1	-0.00446	-0.00897	0.69110	0.00244	1	0.06295	-0.01280	0.67483	0.00390	1	1.45898	0.81042	0	
1265536	8535.17383	3306151331922	0.49686	0.22289	8535.13379	0.04004	11767	1	0.50367	0.13458	1	0.47138	0.35042	1	0.48752	0.24250	1	0.48184	0.53034	11.41279	1.07556	1	0.74353	0.55295	11.30342	1.07556	1	-0.00446	-0.00897	0.69110	0.00239	1	0.06295	-0.01280	0.67483	0.00395	1	1.45898	0.81042	0	
1265537	8535.18066	3306151399402	0.49574	0.22634	8535.13379	0.04688	11767	1	0.50475	0.14343	1	0.47107	0.35760	1	0.48791	0.25051	1	0.48193	0.53026	11.66384	1.06647	1	0.74294	0.55314	12.51219	1.06647	1	-0.00446	-0.00897	0.69110	0.00242	1	0.06295	-0.01280	0.67483	0.00394	1	1.45898	0.81042	0	
1265538	8535.18750	3306151466442	0.49557	0.22935	8535.13379	0.05371	11767	1	0.50904	0.12718	1	0.47937	0.37966	1	0.49420	0.25342	1	0.48202	0.53028	12.01064	1.06647	1	0.74332	0.55295	13.15919	1.06647	1	-0.00446	-0.00897	0.69110	0.00245	1	0.06295	-0.01280	0.67483	0.00386	1	1.45898	0.81042	0	
1265539	8535.19336	3306151531635	0.49533	0.23138	8535.13379	0.05957	11767	1	0.49997	0.13633	1	0.48647	0.36284	1	0.49322	0.24959	1	0.48187	0.53037	11.65404	1.06647	1	0.74337	0.55292	13.39717	1.06647	1	-0.00446	-0.00897	0.69110	0.00236	1	0.06295	-0.01280	0.67483	0.00387	1	1.45898	0.81042	0	
1265540	8535.20020	3306151598041	0.49514	0.23303	8535.13379	0.06641	11767	1	0.49997	0.13633	1	0.48647	0.36284	1	0.49322	0.24959	1	0.48181	0.53049	11.83407	1.06647	1	0.74340	0.55290	13.34170	1.06647	1	-0.00446	-0.00902	0.69110	0.00230	1	0.06295	-0.01280	0.67483	0.00381	1	1.45898	0.81042	0	
1265541	8535.20703	3306151666861	0.49478	0.23276	8535.13379	0.07324	11767	1	0.51693	0.14416	1	0.46467	0.31551	1	0.49080	0.22983	1	0.48203	0.53046	11.90863	1.06647	1	0.74344	0.55248	12.94983	1.06647	1	-0.00446	-0.00902	0.69110	0.00242	1	0.06295	-0.01280	0.67483	0.00402	1	1.45898	0.81042	0	
1265542	8535.21387	3306151735842	0.49509	0.23080	8535.13379	0.08008	11767	1	0.51693	0.14416	1	0.48065	0.27041	1	0.49879	0.20729	1	0.48203	0.53046	11.90863	1.06647	1	0.74366	0.55195	12.67535	1.06647	1	-0.00446	-0.00902	0.69110	0.00242	1	0.06295	-0.01280	0.67483	0.00421	1	1.45898	0.81042	0	
1265543	8535.22070	3306151802768	0.49535	0.22912	8535.13379	0.08691	11767	1	0.51693	0.14416	1	0.48065	0.27041	1	0.49879	0.20729	1	0.48193	0.53045	11.77092	1.06647	1	0.74366	0.55148	12.66568	1.06647	1	-0.00446	-0.00897	0.69110	0.00241	1	0.06295	-0.01286	0.67483	0.00436	1	1.45898	0.81042	0	
1265544	8535.22754	3306151870141	0.49429	0.23084	8535.13379	0.09375	11767	1	0.49510	0.16185	1	0.46367	0.34783	1	0.47938	0.25484	1	0.48184	0.53054	12.11226	1.06647	1	0.74342	0.55276	13.24761	1.06647	1	-0.00446	-0.00897	0.69110	0.00233	1	0.06295	-0.01286	0.67483	0.00390	1	1.45898	0.81042	0	
1265545	8535.23438	3306151937275	0.49351	0.23137	8535.13379	0.10059	11767	1	0.50189	0.12701	1	0.46188	0.35175	1	0.48188	0.23938	1	0.48186	0.53040	11.80546	1.06647	1	0.74337	0.55289	13.37245	1.06647	1	-0.00446	-0.00897	0.69110	0.00236	1	0.06295	-0.01286	0.67483	0.00386	1	1.45898	0.81042	0	
1265546	8535.24121	3306152003557	0.49283	0.23184	8535.13379	0.10742	11767	1	0.50189	0.12701	1	0.46188	0.35175	1	0.48188	0.23938	1	0.48186	0.53039	11.60552	1.06647	1	0.74342	0.55292	13.34045	1.06647	1	-0.00446	-0.00902	0.69110	0.00237	1	0.06295	-0.01286	0.67483	0.00382	1	1.45898	0.81042	0	
1265547	8535.24707	3306152070646	0.49280	0.23409	8535.13379	0.11328	11767	1	0.52461	0.16620	1	0.46002	0.37845	1	0.49231	0.27232	1	0.48207	0.53061	12.17683	1.06647	1	0.74338	0.55290	13.26825	1.06647	1	-0.00446	-0.00902	0.69110	0.00240	1	0.06295	-0.01286	0.67483	0.00380	1	1.45898	0.81042	0	
1265548	8535.25391	3306152137810	0.49271	0.23510	8535.13379	0.12012	11767	1	0.51955	0.15186	1	0.46273	0.35449	1	0.49114	0.25317	1	0.48205	0.53054	12.04312	1.06647	1	0.74339	0.55292	13.32578	1.06647	1	-0.00446	-0.00902	0.69110	0.00243	1	0.06295	-0.01286	0.67483	0.00383	1	1.45898	0.81042	0	
1265549	8535.26074	3306152204391	0.49263	0.23600	8535.13379	0.12695	11767	1	0.51955	0.15186	1	0.46273	0.35449	1	0.49114	0.25317	1	0.48193	0.53052	12.10287	1.06647	1	0.74344	0.55288	13.23817	1.06647	1	-0.00446	-0.00902	0.69110	0.00237	1	0.06295	-0.01286	0.67483	0.00384	1	1.45898	0.81042	0	
1265550	8535.26758	3306152272372	0.49224	0.23695	8535.13379	0.13379	11767	1	0.50959	0.13447	1	0.45898	0.37745	1	0.48428	0.25596	1	0.48201	0.53038	11.81362	1.06647	1	0.74339	0.55288	13.34489	1.06647	1	-0.00446	-0.00902	0.69110	0.00243	1	0.06295	-0.01286	0.67483	0.00384	1	1.45898	0.81042	0	
1265551	8535.27441	3306152338788	0.49204	0.23776	8535.13379	0.14062	11767	1	0.51073	0.14007	1	0.46530	0.36939	1	0.48802	0.25473	1	0.48202	0.53045	11.93171	1.06647	1	0.74345	0.55301	13.41263	1.06647	1	-0.00446	-0.00902	0.69110	0.00242	1	0.06295	-0.01286	0.67483	0.00386	1	1.45898	0.81042	0	
1265552	8535.28125	3306152405557	0.49187	0.23850	8535.13379	0.14746	11767	1	0.51073	0.14007	1	0.46530	0.36939	1	0.48802	0.25473	1	0.48195	0.53050	11.82437	1.06647	1	0.74348	0.55286	13.36485	1.06647	1	-0.00446	-0.00902	0.69110	0.00244	1	0.06295	-0.01286	0.67483	0.00384	1	1.45898	0.81042	0	
1265553	8535.28809	3306152473410	0.49235	0.23872	8535.13379	0.15430	11767	1	0.51036	0.14167	1	0.49641	0.34580	1	0.50339	0.24374	1	0.48178	0.53041	11.73221	1.06647	1	0.74349	0.55288	13.39155	1.06647	1	-0.00446	-0.00902	0.69110	0.00240	1	0.06295	-0.01286	0.67483	0.00383	1	1.45898	0.81042	0	
1265554	8535.29395	3306152537369	0.49240	0.23916	8535.13379	0.16016	11767	1	0.50024	0.14241	1	0.48708	0.35735	1	0.49366	0.24988	1	0.48193	0.53032	12.21706	1.06647	1	0.74338	0.55286	13.25476	1.06647	1	-0.00446	-0.00902	0.69110	0.00243	1	0.06295	-0.01286	0.67483	0.00385	1	1.45898	0.81042	0	
1265555	8535.30078	3306152604367	0.49245	0.23957	8535.13379	0.16699	11767	1	0.50024	0.14241	1	0.48708	0.35735	1	0.49366	0.24988	1	0.48185	0.53049	11.55636	1.06647	1	0.74355	0.55177	12.91549	1.06647	1	-0.00446	-0.00897	0.69110	0.00248	1	0.06295	-0.01286	0.67483	0.00433	1	1.45898	0.81042	0	
1265556	8535.30762	3306152669283	0.49243	0.24001	8535.13379	0.17383	11767	1	0.50276	0.13682	1	0.48101	0.36582	1	0.49189	0.25132	1	0.48180	0.53045	11.71445	1.06647	1	0.74333	0.55282	13.27821	1.06647	1	-0.00446	-0.00897	0.69110	0.00237	1	0.06295	-0.01286	0.67483	0.00395	1	1.45898	0.81042	0	
1265557	8535.31445	3306152735940	0.49287	0.24003	8535.13379	0.18066	11767	1	0.50753	0.14202	1	0.50205	0.33918	1	0.50479	0.24060	1	0.48177	0.53053	11.83185	1.06647	1	0.74364	0.55260	12.92796	1.06647	1	-0.00446	-0.00897	0.69110	0.00253	1	0.06295	-0.01286	0.67483	0.00387	1	1.45898	0.81042	0	
1265558	8535.32129	3306152805632	0.49328	0.24005	8535.13379	0.18750	11767	1	0.50753	0.14202	1	0.50205	0.33918	1	0.50479	0.24060	1	0.48172	0.53050	12.22764	1.06647	1	0.74366	0.55269	12.74018	1.06647	1	-0.00446	-0.00902	0.69110	0.00241	1	0.06295	-0.01286	0.67483	0.00389	1	1.45898	0.81042	0	
1265559	8535.32715	3306152870099	0.49356	0.24361	8535.13379	0.19336	11767	1	0.51459	0.33542	1	0.48850	0.35845	1	0.50155	0.34693	1	0.48188	0.53265	12.17140	1.06647	1	0.74347	0.55288	13.02041	1.06647	1	-0.00446	-0.00902	0.69110	0.00359	1	0.06295	-0.01286	0.67483	0.00382	1	1.45898	0.81042	0	
1265560	8535.33398	3306152938981	0.49352	0.24343	8535.13379	0.20020	11767	1	0.49379	0.13787	1	0.49105	0.33776	1	0.49242	0.23781	1	0.48168	0.53037	11.83679	1.06647	1	0.74347	0.55290	13.29354	1.06647	1	-0.00446	-0.00902	0.69110	0.00244	1	0.06295	-0.01286	0.67483	0.00382	1	1.45898	0.81042	0	
1265561	8535.34082	3306153003676	0.49349	0.24325	8535.13379	0.20703	11767	1	0.49379	0.13787	1	0.49105	0.33776	1	0.49242	0.23781	1	0.48170	0.53034	11.83432	1.06647	1	0.74340	0.55300	13.35917	1.06647	1	-0.00446	-0.00902	0.69110	0.00242	1	0.06295	-0.01286	0.67483	0.00385	1	1.45898	0.81042	0	
1265562	8535.34766	3306153074671	0.49368	0.24660	8535.13379	0.21387	11767	1	0.51289	0.32551	1	0.48659	0.38229	1	0.49974	0.35390	1	0.48182	0.53260	12.24790	1.06647	1	0.74340	0.55300	13.35917	1.06647	1	-0.00446	-0.00902	0.69110	0.00356	1	0.06295	-0.01286	0.67483	0.00385	1	1.45898	0.81042	0	
1265563	8535.35449	3306153143501	0.49407	0.24978	8535.13379	0.22070	11767	1	0.53005	0.33671	1	0.48444	0.37245	1	0.50725	0.35458	1	0.48215	0.53266	12.09748	1.06647	1	0.74342	0.55289	13.25616	1.06647	1	-0.00446	-0.00902	0.69110	0.00373	1	0.06295	-0.01286	0.67483	0.00388	1	1.45898	0.81042	0	
1265564	8535.36133	3306153210899	0.49940	0.28014	8535.13379	0.22070	11767	0	0.53005	0.33671	1	0.48444	0.37245	1	0.50725	0.35458	1	0.48162	0.53037	11.99967	1.06647	1	0.74350	0.55292	13.21621	1.06647	1	-0.00446	-0.00897	0.69110	0.00239	1	0.06295	-0.01280	0.67483	0.00387	1	1.45898	0.81042	0	
1265565	8535.36816	3306153276163	0.49735	0.25962	8535.13379	0.22070	11767	0	0.50169	0.12881	1	0.48890	0.34941	1	0.49530	0.23911	1	0.48171	0.53037	11.86763	1.06647	1	0.74348	0.55274	13.06083	1.06647	1	-0.00446	-0.00897	0.69110	0.00242	1	0.06295	-0.01280	0.67483	0.00390	1	1.45898	0.81042	0	
1265566	8535.37500	3306153343040	0.49487	0.26259	8535.13379	0.22070	11767	0	0.49408	0.14974	1	0.48575	0.38731	1	0.48992	0.26852	1	0.48179	0.53041	11.98533	1.06647	1	0.74345	0.55303	13.30599	1.06647	1	-0.00446	-0.00897	0.69110	0.00251	1	0.06295	-0.01280	0.67483	0.00388	1	1.45898	0.81042	0	
1265567	8535.38184	3306153410363	0.49363	0.26407	8535.36133	0.02051	11768	1	0.49408	0.14974	1	0.48575	0.38731	1	0.48992	0.26852	1	0.48181	0.53024	11.68121	1.06647	1	0.74343	0.55297	13.30582	1.06647	1	-0.00446	-0.00892	0.69111	0.00247	1	0.06295	-0.01280	0.67483	0.00383	1	1.45898	0.81042	0	
1265568	8535.38770	3306153475684	0.49327	0.26091	8535.36133	0.02637	11768	1	0.49586	0.11929	1	0.48780	0.37718	1	0.49183	0.24824	1	0.48172	0.53019	11.76602	1.06647	1	0.74342	0.55295	13.27804	1.06647	1	-0.00446	-0.00892	0.69111	0.00242	1	0.06295	-0.01280	0.67483	0.00386	1	1.45898	0.81042	0	
1265569	8535.39453	3306153544372	0.49330	0.25701	8535.36133	0.03320	11768	1	0.49894	0.12241	1	0.48794	0.35271	1	0.49344	0.23756	1	0.48173	0.53017	11.96245	1.06647	1	0.74341	0.55273	13.20397	1.06647	1	-0.00446	-0.00892	0.69111	0.00248	1	0.06295	-0.01280	0.67483	0.00399	1	1.45898	0.81042	0	
1265570	8535.40137	3306153605349	0.49335	0.25374	8535.36133	0.04004	11768	1	0.49894	0.12241	1	0.48836	0.34579	1	0.49365	0.23410	1	0.48184	0.53025	12.03754	1.06647	1	0.74344	0.55266	13.17814	1.07515	1	-0.00446	-0.00892	0.69111	0.00250	1	0.06563	-0.01334	0.70305	0.00400	1	1.45898	0.81042	0	
1265571	8535.40820	3306153676633	0.49200	0.24839	8535.36133	0.04688	11768	1	0.50044	0.09738	1	0.46469	0.32443	1	0.48257	0.21091	1	0.48177	0.53015	12.04389	1.07515	1	0.74340	0.55269	13.23418	1.08383	1	-0.00446	-0.00892	0.69111	0.00242	1	0.06563	-0.01334	0.70305	0.00400	1	1.45898	0.81042	0	
1265572	8535.41504	3306153745819	0.49114	0.24376	8535.36133	0.05371	11768	1	0.49436	0.10209	1	0.47406	0.31135	1	0.48421	0.20672	1	0.48175	0.53011	11.88357	1.08383	1	0.74354	0.55257	12.90564	1.09251	1	-0.00446	-0.00892	0.69111	0.00243	1	0.06563	-0.01334	0.70305	0.00400	1	1.45898	0.81042	0	
1265573	8535.42188	3306153812852	0.49038	0.23993	8535.36133	0.06055	11768	1	0.49328	0.09344	1	0.47380	0.31759	1	0.48354	0.20551	1	0.48190	0.53003	11.85001	1.09251	1	0.74364	0.55250	13.06599	1.08485	1	-0.00446	-0.00892	0.69111	0.00240	1	0.06216	-0.01258	0.66586	0.00401	1	1.45898	0.81042	0	
1265574	8535.42871	3306153879187	0.49033	0.23632	8535.36133	0.06738	11768	1	0.50825	0.09634	1	0.47145	0.30410	1	0.48985	0.20022	1	0.48196	0.53017	12.32217	1.08485	1	0.74348	0.55232	13.12347	1.06851	1	-0.00446	-0.00892	0.69111	0.00242	1	0.06216	-0.01258	0.66586	0.00414	1	1.45898	0.81042	0	
1265575	8535.43555	3306153945847	0.49157	0.24354	8535.36133	0.07422	11768	1	0.53374	0.30862	1	0.47677	0.33717	1	0.50526	0.32290	1	0.48222	0.53248	12.33171	1.06851	1	0.74361	0.55249	13.01136	1.05217	1	-0.00446	-0.00892	0.69111	0.00374	1	0.06216	-0.01258	0.66586	0.00401	1	1.45898	0.81042	0	
1265576	8535.44141	3306154012833	0.49266	0.25067	8535.36133	0.08008	11768	1	0.53532	0.32194	1	0.47613	0.35060	1	0.50573	0.33627	1	0.48203	0.53008	12.15884	1.05217	1	0.74359	0.55237	12.88035	1.03583	1	-0.00446	-0.00881	0.69111	0.00254	1	0.06216	-0.01258	0.66586	0.00404	1	1.45898	0.81042	0	
1265577	8535.44824	3306154080535	0.49268	0.25573	8535.36133	0.08691	11768	1	0.50619	0.32107	1	0.47954	0.32188	1	0.49286	0.32147	1	0.48177	0.53238	11.83576	1.03583	1	0.74364	0.55215	12.78207	1.03583	1	-0.00446	-0.00881	0.69111	0.00389	1	0.06216	-0.01258	0.66586	0.00414	1	1.45898	0.81042	0	
1265578	8535.45508	3306154148381	0.49234	0.25648	8535.36133	0.09375	11768	1	0.51897	0.15467	1	0.45620	0.37929	1	0.48759	0.26698	1	0.48204	0.53021	12.13282	1.03583	1	0.74334	0.55276	13.35591	1.03583	1	-0.00446	-0.00881	0.69111	0.00248	1	0.06216	-0.01258	0.66586	0.00402	1	1.45898	0.81042	0	
1265579	8535.46191	3306154213946	0.49204	0.25694	8535.36133	0.10059	11768	1	0.51897	0.15467	1	0.45636	0.37323	1	0.48767	0.26395	1	0.48195	0.52992	11.92450	1.03583	1	0.74326	0.55283	13.13275	1.04349	1	-0.00446	-0.00881	0.69111	0.00245	1	0.06339	-0.01277	0.67850	0.00408	1	1.45898	0.81042	0	
1265580	8535.46875	3306154281093	0.49188	0.25527	8535.36133	0.10742	11768	1	0.51191	0.12038	1	0.46674	0.33645	1	0.48932	0.22842	1	0.48200	0.52991	11.83186	1.04349	1	0.74351	0.55248	12.97521	1.05115	1	-0.00446	-0.00881	0.69111	0.00251	1	0.06339	-0.01277	0.67850	0.00400	1	1.45898	0.81042	0	
1265581	8535.47559	3306154348035	0.49184	0.25266	8535.36133	0.11426	11768	1	0.50589	0.09708	1	0.47618	0.31955	1	0.49104	0.20832	1	0.48191	0.52974	12.40870	1.05115	1	0.74359	0.55242	12.96469	1.05881	1	-0.00446	-0.00881	0.69111	0.00242	1	0.06339	-0.01277	0.67850	0.00402	1	1.45898	0.81042	0	
1265582	8535.48145	3306154413198	0.49177	0.25012	8535.36133	0.12012	11768	1	0.50498	0.08918	1	0.47618	0.31955	1	0.49058	0.20436	1	0.48198	0.52990	11.96656	1.05881	1	0.74337	0.55266	13.28000	1.05881	1	-0.00446	-0.00881	0.69111	0.00242	1	0.06164	-0.01243	0.66030	0.00404	1	1.45898	0.81042	0	
1265583	8535.48828	3306154482130	0.49188	0.24872	8535.36133	0.12695	11768	1	0.52184	0.10012	1	0.46596	0.34435	1	0.49390	0.22223	1	0.48207	0.52989	11.90835	1.05881	1	0.74345	0.55255	13.15331	1.05115	1	-0.00446	-0.00881	0.69111	0.00239	1	0.06164	-0.01243	0.66030	0.00408	1	1.45898	0.81042	0	
1265584	8535.49512	3306154549080	0.49153	0.24685	8535.36133	0.13379	11768	1	0.50763	0.11442	1	0.46138	0.30459	1	0.48450	0.20950	1	0.48195	0.52992	11.92450	1.05115	1	0.74341	0.55204	13.11639	1.04349	1	-0.00446	-0.00881	0.69111	0.00245	1	0.06164	-0.01243	0.66030	0.00435	1	1.45898	0.81042	0	
1265585	8535.50195	3306154612719	0.49123	0.24516	8535.36133	0.14062	11768	1	0.50853	0.12219	1	0.46160	0.29714	1	0.48506	0.20967	1	0.48191	0.52976	12.37433	1.04349	1	0.74343	0.55207	13.05624	1.05217	1	-0.00446	-0.00881	0.69111	0.00242	1	0.06563	-0.01323	0.70305	0.00435	1	1.45898	0.81042	0	
1265586	8535.50879	3306154683317	0.49121	0.24301	8535.36133	0.14746	11768	1	0.50411	0.08972	1	0.47717	0.30165	1	0.49064	0.19568	1	0.48189	0.52972	12.22557	1.05217	1	0.74363	0.55227	12.82244	1.06851	1	-0.00446	-0.00881	0.69111	0.00243	1	0.06563	-0.01323	0.70305	0.00409	1	1.45898	0.81042	0	
1265587	8535.51562	3306154747343	0.49107	0.23943	8535.36133	0.15430	11768	1	0.50333	0.07434	1	0.47243	0.23951	1	0.48788	0.15693	1	0.48186	0.52978	12.31320	1.06851	1	0.74351	0.55161	12.45714	1.08485	1	-0.00446	-0.00881	0.69111	0.00245	1	0.06563	-0.01323	0.70305	0.00438	1	1.45898	0.81042	0	
1265588	8535.52148	3306154814097	0.49091	0.23565	8535.36133	0.16016	11768	1	0.50138	0.05740	1	0.47269	0.23272	1	0.48703	0.14506	1	0.48186	0.52978	12.31320	1.08485	1	0.74369	0.55213	12.60846	1.09251	1	-0.00446	-0.00881	0.69111	0.00245	1	0.06295	-0.01270	0.67483	0.00415	1	1.45898	0.81042	0	
1265589	8535.52832	3306154879008	0.48837	0.20887	8535.36133	0.16016	11768	0	0.50719	0.06113	1	0.46325	0.32956	1	0.48522	0.19534	1	0.48191	0.52976	12.37433	1.09251	1	0.74339	0.55270	12.90477	1.08383	1	-0.00446	-0.00881	0.69111	0.00242	1	0.06295	-0.01270	0.67483	0.00405	1	1.45898	0.81042	0	
1265590	8535.53516	3306154950925	0.48731	0.19072	8535.36133	0.16016	11768	0	0.50139	0.07497	1	0.47112	0.27015	1	0.48625	0.17256	1	0.48185	0.52981	12.50270	1.08383	1	0.74355	0.55200	12.65119	1.07515	1	-0.00446	-0.00881	0.69111	0.00244	1	0.06295	-0.01270	0.67483	0.00425	1	1.45898	0.81042	0	
1265591	8535.54199	3306155018015	0.48713	0.18614	8535.36133	0.16016	11768	0	0.50242	0.08384	1	0.47112	0.27015	1	0.48677	0.17700	1	0.48178	0.52992	12.32067	1.07515	1	0.74354	0.55140	12.75475	1.07515	1	-0.00446	-0.00881	0.69111	0.00253	1	0.06563	-0.01323	0.70305	0.00445	1	1.45898	0.81042	0	
1265592	8535.54883	3306155080528	0.48889	0.18711	8535.52832	0.02051	11769	1	0.49488	0.09983	1	0.49342	0.28023	1	0.49415	0.19003	1	0.48175	0.52998	12.08032	1.07515	1	0.74345	0.55206	12.94075	1.08383	1	-0.00446	-0.00881	0.69111	0.00244	1	0.06563	-0.01323	0.70305	0.00415	1	1.45898	0.81042	0	
1265593	8535.55566	3306155148844	0.49112	0.18622	8535.52832	0.02734	11769	1	0.49853	0.08142	1	0.50155	0.28389	1	0.50004	0.18266	1	0.48179	0.52993	12.04372	1.08383	1	0.74361	0.55220	12.55989	1.09251	1	-0.00446	-0.00881	0.69111	0.00243	1	0.06563	-0.01323	0.70305	0.00407	1	1.45898	0.81042	0	
1265594	8535.56250	3306155215731	0.49252	0.18489	8535.52832	0.03418	11769	1	0.49748	0.07261	1	0.50155	0.28389	1	0.49951	0.17825	1	0.48166	0.52994	12.27234	1.09251	1	0.74361	0.55219	12.61366	1.09251	1	-0.00446	-0.00881	0.69111	0.00245	1	0.06295	-0.01270	0.67483	0.00406	1	1.45898	0.81042	0	
1265595	8535.56934	3306155284425	0.49102	0.18491	8535.52832	0.04102	11769	1	0.48471	0.07352	1	0.47943	0.29655	1	0.48207	0.18503	1	0.48166	0.52983	12.18988	1.09251	1	0.74328	0.55219	11.86771	1.08383	1	-0.00446	-0.00881	0.69111	0.00243	1	0.06295	-0.01270	0.67483	0.00414	1	1.45898	0.81042	0	
1265596	8535.57520	3306155348519	0.48979	0.18302	8535.52832	0.04688	11769	1	0.47378	0.08080	1	0.48861	0.25876	1	0.48120	0.16978	1	0.48148	0.52981	12.28338	1.08383	1	0.74339	0.55182	12.52575	1.07515	1	-0.00446	-0.00881	0.69111	0.00249	1	0.06295	-0.01270	0.67483	0.00415	1	1.45898	0.81042	0	
1265597	8535.58203	3306155416777	0.48888	0.18246	8535.52832	0.05371	11769	1	0.47500	0.08963	1	0.48819	0.26638	1	0.48159	0.17801	1	0.48140	0.52991	11.79050	1.07515	1	0.74335	0.55223	12.81201	1.06647	1	-0.00450	-0.00870	0.68223	0.00246	1	0.06295	-0.01265	0.67483	0.00405	1	1.45898	0.81042	0	
1265598	8535.58887	3306155488151	0.48826	0.18783	8535.52832	0.06055	11769	1	0.48173	0.11065	1	0.48361	0.36167	1	0.48267	0.23616	1	0.48143	0.52992	12.14811	1.06647	1	0.74330	0.55226	12.83670	1.06647	1	-0.00450	-0.00870	0.68223	0.00247	1	0.06295	-0.01265	0.67483	0.00405	1	1.45898	0.81042	0	
1265599	8535.59570	3306155551034	0.48719	0.19103	8535.52832	0.06738	11769	1	0.48591	0.09270	1	0.46705	0.35337	1	0.47648	0.22303	1	0.48148	0.52990	11.76576	1.06647	1	0.74304	0.55224	12.28469	1.06647	1	-0.00450	-0.00870	0.68223	0.00248	1	0.06295	-0.01265	0.67483	0.00408	1	1.45898	0.81042	0	
1265600	8535.60254	3306155618745	0.48629	0.19395	8535.52832	0.07422	11769	1	0.48591	0.09270	1	0.46682	0.35946	1	0.47637	0.22608	1	0.48148	0.52998	12.23140	1.06647	1	0.74345	0.55231	13.01144	1.05881	1	-0.00450	-0.00870	0.68223	0.00244	1	0.06133	-0.01234	0.65805	0.00404	1	1.45898	0.81042	0	
1265601	8535.60938	3306155685027	0.48801	0.19762	8535.52832	0.08105	11769	1	0.52648	0.12203	1	0.49082	0.36118	1	0.50865	0.24160	1	0.48145	0.52994	12.10924	1.05881	1	0.74347	0.55220	12.47099	1.05115	1	-0.00450	-0.00870	0.68223	0.00244	1	0.06133	-0.01234	0.65805	0.00409	1	1.45898	0.81042	0	
1265602	8535.61621	3306155754299	0.48900	0.20084	8535.52832	0.08789	11769	1	0.51542	0.11169	1	0.48847	0.37386	1	0.50194	0.24278	1	0.48142	0.52998	12.11646	1.05115	1	0.74348	0.55224	12.96777	1.04349	1	-0.00450	-0.00870	0.68223	0.00242	1	0.06133	-0.01234	0.65805	0.00400	1	1.45898	0.81042	0	
1265603	8535.62305	3306155821651	0.48991	0.20367	8535.52832	0.09473	11769	1	0.51627	0.11948	1	0.48890	0.36697	1	0.50259	0.24322	1	0.48140	0.52998	12.16529	1.04349	1	0.74306	0.55213	12.26625	1.05217	1	-0.00450	-0.00870	0.68223	0.00240	1	0.06501	-0.01308	0.69753	0.00409	1	1.45898	0.81042	0	
1265604	8535.62891	3306155888817	0.49048	0.20289	8535.52832	0.10059	11769	1	0.52228	0.11110	1	0.47583	0.27119	1	0.49905	0.19115	1	0.48135	0.52995	12.16209	1.05217	1	0.74317	0.55193	12.20533	1.06851	1	-0.00450	-0.00870	0.68223	0.00243	1	0.06501	-0.01308	0.69753	0.00412	1	1.45898	0.81042	0	
1265605	8535.63574	3306155955394	0.49078	0.20212	8535.52832	0.10742	11769	1	0.52173	0.10062	1	0.46925	0.27913	1	0.49549	0.18987	1	0.48144	0.53001	12.22879	1.06851	1	0.74309	0.55206	12.21057	1.08485	1	-0.00450	-0.00870	0.68223	0.00242	1	0.06501	-0.01308	0.69753	0.00410	1	1.45898	0.81042	0	
1265606	8535.64258	3306156022632	0.49097	0.20051	8535.52832	0.11426	11769	1	0.51906	0.07492	1	0.46953	0.27141	1	0.49430	0.17316	1	0.48116	0.52999	11.87315	1.09394	1	0.74303	0.55225	12.61978	1.09394	1	-0.00472	-0.00903	0.70789	0.00237	1	0.06133	-0.01244	0.65805	0.00404	1	1.45898	0.81042	0	
1265607	8535.64941	3306156089312	0.49103	0.19893	8535.52832	0.12109	11769	1	0.51278	0.06390	1	0.47151	0.27696	1	0.49214	0.17043	1	0.48127	0.53006	11.84566	1.10302	1	0.74312	0.55203	12.46799	1.08668	1	-0.00472	-0.00903	0.70789	0.00245	1	0.06133	-0.01244	0.65805	0.00419	1	1.45898	0.81042	0	
1265608	8535.65625	3306156156776	0.49090	0.19743	8535.52832	0.12793	11769	1	0.51086	0.06631	1	0.46576	0.27145	1	0.48831	0.16888	1	0.48131	0.52999	12.11314	1.09577	1	0.74306	0.55212	12.56387	1.07943	1	-0.00472	-0.00903	0.70789	0.00247	1	0.06133	-0.01244	0.65805	0.00412	1	1.45898	0.81042	0	
1265609	8535.66211	3306156220416	0.49081	0.19664	8535.52832	0.13379	11769	1	0.51267	0.08293	1	0.46551	0.27893	1	0.48909	0.18093	1	0.48121	0.53021	12.06011	1.07943	1	0.74323	0.55208	12.16781	1.07075	1	-0.00460	-0.00870	0.68213	0.00252	1	0.06291	-0.01282	0.67556	0.00417	1	1.45898	0.81042	0	
1265610	8535.66992	3306156290181	0.49168	0.20140	8535.52832	0.14160	11769	1	0.54150	0.31164	1	0.47850	0.29086	1	0.51000	0.30125	1	0.48156	0.53227	12.10509	1.06166	1	0.74324	0.55204	12.03083	1.06932	1	-0.00460	-0.00870	0.68213	0.00386	1	0.06291	-0.01282	0.67556	0.00429	1	1.45898	0.81042	0	
1265611	8535.67578	3306156357465	0.49179	0.20215	8535.52832	0.14746	11769	1	0.50998	0.11789	1	0.47817	0.31957	1	0.49408	0.21873	1	0.48112	0.53009	12.20857	1.06024	1	0.74323	0.55232	11.90501	1.06790	1	-0.00460	-0.00870	0.68213	0.00254	1	0.06291	-0.01282	0.67556	0.00410	1	1.45898	0.81042	0	
1265612	8535.68262	3306156425133	0.49189	0.20290	8535.52832	0.15430	11769	1	0.51014	0.11932	1	0.47812	0.32075	1	0.49413	0.22004	1	0.48106	0.52999	12.55826	1.05881	1	0.74320	0.55248	11.90815	1.06647	1	-0.00456	-0.00867	0.67576	0.00245	1	0.06349	-0.01288	0.68173	0.00408	1	1.45898	0.81042	0	
1265613	8535.68945	3306156491304	0.49235	0.20599	8535.52832	0.16113	11769	1	0.54640	0.27434	1	0.46076	0.28623	1	0.50358	0.28029	1	0.48155	0.53205	11.47352	1.06647	1	0.74295	0.55233	12.34751	1.06647	1	-0.00456	-0.00867	0.67576	0.00377	1	0.06349	-0.01288	0.68173	0.00404	1	1.45898	0.81042	0	
1265614	8535.69629	3306156558388	0.49249	0.20935	8535.52832	0.16797	11769	1	0.52545	0.28941	1	0.46665	0.29716	1	0.49605	0.29328	1	0.48129	0.53221	12.43306	1.06647	1	0.74306	0.55234	12.29804	1.06647	1	-0.00456	-0.00867	0.67576	0.00369	1	0.06349	-0.01288	0.68173	0.00399	1	1.45898	0.81042	0	
1265615	8535.70312	3306156625498	0.49263	0.21246	8535.52832	0.17480	11769	1	0.52545	0.28941	1	0.46665	0.29716	1	0.49605	0.29328	1	0.48099	0.53015	12.04389	1.06647	1	0.74316	0.55246	12.19523	1.06647	1	-0.00460	-0.00880	0.68213	0.00242	1	0.06291	-0.01282	0.67556	0.00404	1	1.45898	0.81042	0	
1265616	8535.70996	3306156691534	0.49268	0.21295	8535.52832	0.18164	11769	1	0.49868	0.11951	1	0.48966	0.33317	1	0.49417	0.22634	1	0.48099	0.53012	11.88885	1.06647	1	0.74301	0.55261	12.71942	1.06647	1	-0.00460	-0.00880	0.68213	0.00241	1	0.06291	-0.01282	0.67556	0.00405	1	1.45898	0.81042	0	
1265617	8535.71680	3306156759336	0.49246	0.21356	8535.52832	0.18848	11769	1	0.49840	0.10413	1	0.47382	0.35678	1	0.48611	0.23045	1	0.48099	0.53015	12.04389	1.06647	1	0.74280	0.55277	12.93549	1.06647	1	-0.00460	-0.00880	0.68213	0.00242	1	0.06291	-0.01282	0.67556	0.00402	1	1.45898	0.81042	0	
1265618	8535.72363	3306156827446	0.49224	0.21412	8535.52832	0.19531	11769	1	0.49840	0.10413	1	0.47382	0.35678	1	0.48611	0.23045	1	0.48091	0.53032	12.02436	1.06647	1	0.74284	0.55236	13.07013	1.06647	1	-0.00456	-0.00877	0.67576	0.00238	1	0.06291	-0.01282	0.67556	0.00400	1	1.45898	0.81042	0	
1265619	8535.72949	3306156893859	0.49191	0.21465	8535.52832	0.20117	11769	1	0.48293	0.13788	1	0.48085	0.32349	1	0.48189	0.23068	1	0.48077	0.53031	11.94034	1.06647	1	0.74287	0.55243	12.93076	1.06647	1	-0.00456	-0.00877	0.67576	0.00247	1	0.06291	-0.01282	0.67556	0.00402	1	1.45898	0.81042	0	
1265620	8535.73633	3306156961120	0.49355	0.24465	8535.52832	0.20117	11769	0	0.49007	0.14762	1	0.49270	0.31247	1	0.49139	0.23004	1	0.48084	0.53040	11.90309	1.06647	1	0.74268	0.55242	12.69129	1.06647	1	-0.00456	-0.00877	0.67576	0.00240	1	0.06291	-0.01282	0.67556	0.00405	1	1.45898	0.81042	0	
1265621	8535.74316	3306157027336	0.49247	0.23735	8535.52832	0.20117	11769	0	0.49007	0.14762	1	0.49270	0.31247	1	0.49139	0.23004	1	0.48056	0.53038	11.85544	1.06647	1	0.74273	0.55275	13.10997	1.06647	1	-0.00468	-0.00880	0.67854	0.00247	1	0.06355	-0.01297	0.68345	0.00393	1	1.45898	0.81042	0	
1265622	8535.75000	3306157094374	0.49783	0.23767	8535.52832	0.20117	11769	0	0.52175	0.14665	1	0.49535	0.32996	1	0.50855	0.23831	1	0.48055	0.53034	11.88631	1.06647	1	0.74274	0.55259	13.13739	1.06647	1	-0.00468	-0.00880	0.67854	0.00247	1	0.06355	-0.01297	0.68345	0.00394	1	1.45898	0.81042	0	
1265623	8535.75684	3306157161530	0.50080	0.24009	8535.73633	0.02051	11770	1	0.52108	0.13831	1	0.49835	0.35644	1	0.50972	0.24737	1	0.48055	0.53035	11.72430	1.06647	1	0.74280	0.55282	13.10245	1.06647	1	-0.00468	-0.00880	0.67854	0.00248	1	0.06355	-0.01297	0.68345	0.00393	1	1.45898	0.81042	0	
1265624	8535.76367	3306157228148	0.50254	0.23994	8535.73633	0.02734	11770	1	0.52012	0.12943	1	0.49888	0.34922	1	0.50950	0.23932	1	0.48039	0.53040	11.95966	1.07556	1	0.74221	0.55239	12.96069	1.07556	1	-0.00493	-0.00923	0.70758	0.00245	1	0.06378	-0.01304	0.68706	0.00404	1	1.45898	0.81042	0	
1265625	8535.76953	3306157295328	0.49833	0.23846	8535.73633	0.03320	11770	1	0.50832	0.12286	1	0.44622	0.33924	1	0.47727	0.23105	1	0.48044	0.53045	11.88435	1.08464	1	0.74195	0.55278	13.22039	1.08464	1	-0.00493	-0.00923	0.70758	0.00242	1	0.06378	-0.01304	0.68706	0.00401	1	1.45898	0.81042	0	
1265626	8535.77637	3306157362779	0.49591	0.23434	8535.73633	0.04004	11770	1	0.49983	0.10281	1	0.46293	0.31652	1	0.48138	0.20966	1	0.48034	0.53048	11.80147	1.09373	1	0.74218	0.55271	12.66763	1.09373	1	-0.00493	-0.00923	0.70758	0.00241	1	0.06378	-0.01304	0.68706	0.00399	1	1.45898	0.81042	0	
1265627	8535.78320	3306157429118	0.49409	0.23126	8535.73633	0.04688	11770	1	0.49983	0.10281	1	0.46293	0.31652	1	0.48138	0.20966	1	0.48036	0.53267	12.18271	1.09373	1	0.74204	0.55238	12.83338	1.09373	1	-0.00483	-0.00895	0.68555	0.00350	1	0.06378	-0.01293	0.68706	0.00404	1	1.45898	0.81042	0	
1265628	8535.79004	3306157496244	0.49284	0.22930	8535.73633	0.05371	11770	1	0.49771	0.12604	1	0.46802	0.30128	1	0.48287	0.21366	1	0.48012	0.53067	12.32285	1.08464	1	0.74188	0.55235	12.60912	1.08464	1	-0.00483	-0.00895	0.68555	0.00243	1	0.06378	-0.01293	0.68706	0.00404	1	1.45898	0.81042	0	
1265629	8535.79688	3306157560626	0.49162	0.22714	8535.73633	0.06055	11770	1	0.48505	0.11251	1	0.47625	0.30280	1	0.48065	0.20765	1	0.48004	0.53064	12.02507	1.07556	1	0.74201	0.55234	12.91781	1.07556	1	-0.00483	-0.00895	0.68555	0.00241	1	0.06378	-0.01293	0.68706	0.00400	1	1.45898	0.81042	0	
1265630	8535.80371	3306157630162	0.49063	0.22537	8535.73633	0.06738	11770	1	0.48505	0.11251	1	0.47625	0.30280	1	0.48065	0.20765	1	0.48001	0.53069	12.06393	1.07556	1	0.74205	0.55236	12.70430	1.07556	1	-0.00493	-0.00903	0.69175	0.00244	1	0.06266	-0.01273	0.67616	0.00407	1	1.45898	0.81042	0	
1265631	8535.81055	3306157696843	0.49092	0.22460	8535.73633	0.07422	11770	1	0.48909	0.11373	1	0.49919	0.31868	1	0.49414	0.21621	1	0.48007	0.53072	12.34029	1.08464	1	0.74202	0.55255	12.77815	1.08464	1	-0.00493	-0.00903	0.69175	0.00240	1	0.06266	-0.01273	0.67616	0.00404	1	1.45898	0.81042	0	
1265632	8535.81738	3306157764142	0.49093	0.22415	8535.73633	0.08105	11770	1	0.47916	0.14838	1	0.50295	0.28899	1	0.49105	0.21868	1	0.47991	0.53079	11.89975	1.09373	1	0.74202	0.55232	12.98692	1.09373	1	-0.00493	-0.00903	0.69175	0.00251	1	0.06266	-0.01273	0.67616	0.00407	1	1.45898	0.81042	0	
1265633	8535.82324	3306157831452	0.49094	0.22376	8535.73633	0.08691	11770	1	0.47916	0.14838	1	0.50295	0.28899	1	0.49105	0.21868	1	0.47999	0.53068	11.93277	1.09373	1	0.74182	0.55223	13.09791	1.09373	1	-0.00489	-0.00886	0.67867	0.00245	1	0.06323	-0.01289	0.68224	0.00415	1	1.45898	0.81042	0	
1265634	8535.83008	3306157898561	0.49115	0.22957	8535.73633	0.09375	11770	1	0.50168	0.33230	1	0.48650	0.28967	1	0.49409	0.31098	1	0.48013	0.53330	12.44567	1.08464	1	0.74178	0.55211	13.08508	1.08464	1	-0.00489	-0.00886	0.67867	0.00370	1	0.06323	-0.01289	0.68224	0.00411	1	1.45898	0.81042	0	
1265635	8535.83691	3306157964728	0.49251	0.23497	8535.73633	0.10059	11770	1	0.52912	0.32136	1	0.49658	0.31036	1	0.51285	0.31586	1	0.48054	0.53322	12.06873	1.07556	1	0.74192	0.55249	12.87957	1.07556	1	-0.00489	-0.00886	0.67867	0.00382	1	0.06323	-0.01289	0.68224	0.00405	1	1.45898	0.81042	0	
1265636	8535.84375	3306158032024	0.49371	0.24016	8535.73633	0.10742	11770	1	0.53002	0.32861	1	0.49607	0.31791	1	0.51305	0.32326	1	0.48001	0.53079	12.17188	1.06647	1	0.74178	0.55242	13.17774	1.06647	1	-0.00489	-0.00886	0.67867	0.00243	1	0.06323	-0.01289	0.68224	0.00409	1	1.45898	0.81042	0	
1265637	8535.85059	3306158098968	0.49312	0.24049	8535.73633	0.11426	11770	1	0.48592	0.16595	1	0.48018	0.32607	1	0.48305	0.24601	1	0.47997	0.53078	12.16815	1.06647	1	0.74175	0.55241	13.17617	1.06647	1	-0.00489	-0.00886	0.67867	0.00246	1	0.06323	-0.01289	0.68224	0.00400	1	1.45898	0.81042	0	
1265638	8535.85742	3306158166082	0.49284	0.24085	8535.73633	0.12109	11770	1	0.48728	0.16443	1	0.48829	0.33032	1	0.48779	0.24738	1	0.48002	0.53075	12.26472	1.06647	1	0.74186	0.55251	13.39903	1.06647	1	-0.00489	-0.00886	0.67867	0.00242	1	0.06323	-0.01289	0.68224	0.00396	1	1.45898	0.81042	0	
1265639	8535.86328	3306158232253	0.49257	0.24077	8535.73633	0.12695	11770	1	0.48608	0.15575	1	0.48874	0.32289	1	0.48741	0.23932	1	0.47986	0.53072	12.31047	1.07556	1	0.74177	0.55218	13.07921	1.07556	1	-0.00493	-0.00903	0.69175	0.00245	1	0.06266	-0.01273	0.67616	0.00411	1	1.45898	0.81042	0	
1265640	8535.87012	3306158300058	0.49239	0.23961	8535.73633	0.13379	11770	1	0.48957	0.15319	1	0.48793	0.27958	1	0.48875	0.21638	1	0.47998	0.53069	12.36888	1.08464	1	0.74185	0.55220	13.26336	1.08464	1	-0.00493	-0.00903	0.69175	0.00253	1	0.06266	-0.01273	0.67616	0.00407	1	1.45898	0.81042	0	
1265641	8535.87695	3306158367277	0.49202	0.23723	8535.73633	0.14062	11770	1	0.48195	0.12597	1	0.48667	0.24863	1	0.48431	0.18730	1	0.47979	0.53062	12.12739	1.09373	1	0.74181	0.55196	13.06935	1.09373	1	-0.00493	-0.00903	0.69175	0.00245	1	0.06266	-0.01273	0.67616	0.00415	1	1.45898	0.81042	0	
1265642	8535.88379	3306158433985	0.49170	0.23538	8535.73633	0.14746	11770	1	0.48301	0.13372	1	0.48630	0.25562	1	0.48466	0.19467	1	0.47996	0.53058	12.02474	1.08571	1	0.74174	0.55211	13.04412	1.08571	1	-0.00471	-0.00863	0.66122	0.00245	1	0.06266	-0.01273	0.67616	0.00411	1	1.45898	0.81042	0	
1265643	8535.89062	3306158500854	0.49138	0.23454	8535.73633	0.15430	11770	1	0.48130	0.13737	1	0.48693	0.29276	1	0.48412	0.21506	1	0.47985	0.53049	12.10776	1.06861	1	0.74185	0.55220	13.26336	1.06861	1	-0.00471	-0.00863	0.66122	0.00248	1	0.06266	-0.01273	0.67616	0.00406	1	1.45898	0.81042	0	
1265644	8535.89746	3306158567029	0.49228	0.23891	8535.73633	0.16113	11770	1	0.53790	0.36498	1	0.48954	0.32286	1	0.51372	0.34392	1	0.48067	0.53276	12.38585	1.05150	1	0.74185	0.55221	12.83531	1.05150	1	-0.00471	-0.00863	0.66122	0.00366	1	0.06266	-0.01273	0.67616	0.00407	1	1.45898	0.81042	0	
1265645	8535.90430	3306158634927	0.49310	0.24295	8535.73633	0.16797	11770	1	0.53790	0.36498	1	0.48954	0.32286	1	0.51372	0.34392	1	0.48001	0.53052	12.25739	1.05150	1	0.74181	0.55217	12.85820	1.05150	1	-0.00493	-0.00903	0.69175	0.00247	1	0.06323	-0.01279	0.68224	0.00411	1	1.45898	0.81042	0	
1265646	8535.91113	3306158701934	0.49284	0.24213	8535.73633	0.17480	11770	1	0.49072	0.14145	1	0.48132	0.30010	1	0.48602	0.22078	1	0.48005	0.53065	12.55069	1.06861	1	0.74173	0.55215	12.98665	1.06861	1	-0.00493	-0.00903	0.69175	0.00239	1	0.06323	-0.01279	0.68224	0.00408	1	1.45898	0.81042	0	
1265647	8535.91699	3306158768841	0.49256	0.24122	8535.73633	0.18066	11770	1	0.48067	0.12807	1	0.48927	0.30506	1	0.48497	0.21657	1	0.48000	0.53053	12.16501	1.08571	1	0.74188	0.55243	12.79293	1.08571	1	-0.00493	-0.00903	0.69175	0.00240	1	0.06323	-0.01279	0.68224	0.00405	1	1.45898	0.81042	0	
1265648	8535.92383	3306158836665	0.49228	0.24012	8535.73633	0.18750	11770	1	0.47959	0.12028	1	0.48966	0.29844	1	0.48463	0.20936	1	0.48002	0.53057	12.25725	1.09373	1	0.74188	0.55246	12.79614	1.09373	1	-0.00489	-0.00886	0.67867	0.00241	1	0.06266	-0.01273	0.67616	0.00403	1	1.45898	0.81042	0	
1265649	8535.93066	3306158903535	0.49212	0.23917	8535.73633	0.19434	11770	1	0.49405	0.13989	1	0.48076	0.28328	1	0.48740	0.21158	1	0.48008	0.53065	12.48468	1.08464	1	0.74170	0.55215	13.03191	1.08464	1	-0.00489	-0.00886	0.67867	0.00242	1	0.06266	-0.01273	0.67616	0.00413	1	1.45898	0.81042	0	
1265650	8535.93750	3306158967643	0.49189	0.23872	8535.73633	0.20117	11770	1	0.49324	0.16272	1	0.47686	0.28827	1	0.48505	0.22550	1	0.48000	0.53062	12.50272	1.07556	1	0.74164	0.55219	13.09742	1.07556	1	-0.00489	-0.00886	0.67867	0.00244	1	0.06266	-0.01273	0.67616	0.00412	1	1.45898	0.81042	0	
1265651	8535.94434	3306159034490	0.49168	0.23831	8535.73633	0.20801	11770	1	0.49324	0.16272	1	0.47686	0.28827	1	0.48505	0.22550	1	0.48006	0.53066	12.52932	1.07556	1	0.74176	0.55209	13.05906	1.07556	1	-0.00493	-0.00903	0.69175	0.00239	1	0.06266	-0.01273	0.67616	0.00411	1	1.45898	0.81042	0	
1265652	8535.95020	3306159099403	0.49156	0.23742	8535.73633	0.21387	11770	1	0.48901	0.13902	1	0.48615	0.27887	1	0.48758	0.20895	1	0.48002	0.53066	12.56971	1.08464	1	0.74177	0.55205	13.06101	1.08464	1	-0.00493	-0.00903	0.69175	0.00238	1	0.06266	-0.01273	0.67616	0.00413	1	1.45898	0.81042	0	
1265653	8535.95703	3306159168521	0.49171	0.23878	8535.73633	0.22070	11770	1	0.50763	0.29858	1	0.48627	0.26831	1	0.49695	0.28344	1	0.48034	0.53252	12.23265	1.09373	1	0.74177	0.55205	13.06101	1.09373	1	-0.00493	-0.00903	0.69175	0.00359	1	0.06266	-0.01273	0.67616	0.00414	1	1.45898	0.81042	0	
1265654	8535.96387	3306159237749	0.49187	0.24024	8535.73633	0.22754	11770	1	0.50855	0.30505	1	0.48590	0.27515	1	0.49723	0.29010	1	0.47998	0.53050	12.11074	1.08571	1	0.74170	0.55213	13.07116	1.08571	1	-0.00467	-0.00850	0.65541	0.00241	1	0.06266	-0.01273	0.67616	0.00411	1	1.45898	0.81042	0	
1265655	8535.97070	3306159303242	0.49163	0.23993	8535.73633	0.23438	11770	1	0.48084	0.15670	1	0.48585	0.30109	1	0.48334	0.22889	1	0.47997	0.53057	12.30559	1.06861	1	0.74177	0.55218	13.07921	1.06861	1	-0.00467	-0.00850	0.65541	0.00238	1	0.06266	-0.01273	0.67616	0.00411	1	1.45898	0.81042	0	
1265656	8535.97754	3306159368331	0.49180	0.23901	8535.73633	0.24121	11770	1	0.51654	0.09542	1	0.47907	0.31675	1	0.49780	0.20608	1	0.47991	0.53065	11.29897	1.05150	1	0.74173	0.55225	12.95322	1.05150	1	-0.00467	-0.00850	0.65541	0.00250	1	0.06266	-0.01273	0.67616	0.00398	1	1.45898	0.81042	0	
1265657	8535.98438	3306159439438	0.49197	0.23837	8535.73633	0.24805	11770	1	0.51755	0.10480	1	0.47869	0.32440	1	0.49812	0.21460	1	0.47878	0.53377	11.62074	1.04242	1	0.74056	0.55304	12.70436	1.04242	1	-0.00498	-0.00905	0.67813	0.00371	1	0.06289	-0.01307	0.68080	0.00385	1	1.45898	0.81042	0	
1265658	8535.99121	3306159504137	0.49126	0.24231	8535.73633	0.25488	11770	1	0.47794	0.42828	1	0.45083	0.35561	1	0.46439	0.39195	1	0.47842	0.53544	11.54841	1.05044	1	0.74011	0.55427	11.99622	1.05044	1	-0.00498	-0.00905	0.67813	0.00360	1	0.06289	-0.01307	0.68080	0.00374	1	1.45898	0.81042	0	
1265659	8535.99707	3306159570279	0.49151	0.23917	8535.73633	0.26074	11770	1	0.49150	0.13632	1	0.51105	0.09713	1	0.50127	0.11672	1	0.47842	0.53321	11.11193	1.05845	1	0.74020	0.55185	11.60598	1.05845	1	-0.00498	-0.00905	0.67813	0.00241	1	0.06289	-0.01307	0.68080	0.00269	1	1.45898	0.81042	0	
1265660	8536.00391	3306159638459	0.49174	0.23608	8535.73633	0.26758	11770	1	0.49045	0.12839	1	0.51107	0.09676	1	0.50076	0.11257	1	0.47835	0.53887	12.67779	1.06647	1	0.73809	0.55676	11.94427	1.05881	1	-0.00515	-0.00944	0.67320	0.00334	1	0.05994	-0.01294	0.65368	0.00286	1	1.45898	0.81042	0	
1265661	8536.01074	3306159702619	0.49000	0.24308	8535.73633	0.27441	11770	1	0.42838	0.57022	1	0.40950	0.48968	1	0.41894	0.52995	1	0.47714	0.53922	11.56156	1.05881	1	0.73790	0.55769	12.09128	1.05115	1	-0.00515	-0.00944	0.67320	0.00332	1	0.05994	-0.01294	0.65368	0.00354	1	1.45898	0.81042	0	
1265662	8536.01758	3306159772362	0.47922	0.27985	8535.73633	0.27441	11770	0	0.44636	0.61546	1	0.39195	0.48332	1	0.41915	0.54939	1	0.47739	0.53965	11.46907	1.05115	1	0.73760	0.55758	12.92294	1.04349	1	-0.00515	-0.00944	0.67320	0.00333	1	0.05994	-0.01294	0.65368	0.00355	1	1.45898	0.81042	0	
1265663	8536.02441	3306159838448	0.44911	0.41418	8535.73633	0.27441	11770	0	0.44611	0.61470	1	0.39189	0.48235	1	0.41900	0.54852	1	0.47725	0.54036	11.60868	1.05258	1	0.73731	0.55906	12.55210	1.04492	1	-0.00541	-0.01022	0.71371	0.00310	1	0.05994	-0.01319	0.65368	0.00316	1	1.45898	0.81042	0	
1265664	8536.03125	3306159906797	0.43504	0.49486	8535.73633	0.27441	11770	0	0.44924	0.70520	1	0.36457	0.60723	1	0.40691	0.65622	1	0.47741	0.54057	12.07029	1.05400	1	0.73764	0.55899	13.45994	1.05400	1	-0.00541	-0.01022	0.71371	0.00297	1	0.05994	-0.01319	0.65368	0.00295	1	1.45898	0.81042	0	
1265665	8536.03809	3306159974479	0.41236	0.62449	8535.73633	0.27441	11770	0	0.46625	0.72835	1	0.35607	0.60911	1	0.41116	0.66873	1	0.47774	0.54081	11.84075	1.06309	1	0.73751	0.55905	13.24703	1.06309	1	-0.00541	-0.01022	0.71371	0.00336	1	0.05994	-0.01319	0.65368	0.00293	1	1.45898	0.81042	0	
1265666	8536.04492	3306160041450	0.41110	0.64334	8535.73633	0.27441	11770	0	0.46482	0.72449	1	0.35486	0.59989	1	0.40984	0.66219	1	0.47762	0.54087	12.10623	1.07217	1	0.73768	0.55916	13.03862	1.07983	1	-0.00541	-0.01022	0.71371	0.00308	1	0.06304	-0.01386	0.68689	0.00318	1	1.45898	0.81042	0	
1265667	8536.05176	3306160108155	0.40667	0.64534	8535.73633	0.27441	11770	0	0.43875	0.71902	1	0.35687	0.57964	1	0.39781	0.64933	1	0.47734	0.54097	12.47802	1.07983	1	0.73771	0.55904	13.20794	1.08749	1	-0.00541	-0.01022	0.71371	0.00303	1	0.06304	-0.01386	0.68689	0.00295	1	1.45898	0.81042	0	
1265668	8536.05859	3306160176253	0.40721	0.64468	8536.03809	0.02051	11771	1	0.47471	0.70141	1	0.34294	0.58403	1	0.40883	0.64272	1	0.47792	0.54071	12.12507	1.08749	1	0.73773	0.55928	13.06656	1.09515	1	-0.00541	-0.01022	0.71371	0.00321	1	0.06304	-0.01386	0.68689	0.00308	1	1.45898	0.81042	0	
1265669	8536.06445	3306160240417	0.40742	0.64395	8536.03809	0.02637	11771	1	0.47359	0.69803	1	0.34294	0.58403	1	0.40826	0.64103	1	0.47776	0.54080	11.93645	1.09515	1	0.73811	0.55929	12.36356	1.09515	1	-0.00541	-0.01022	0.71371	0.00313	1	0.06035	-0.01326	0.65708	0.00308	1	1.45898	0.81042	0	
1265670	8536.07129	3306160309199	0.40815	0.64064	8536.03809	0.03320	11771	1	0.46142	0.71520	1	0.36216	0.53298	1	0.41179	0.62409	1	0.47775	0.54083	12.28006	1.09515	1	0.73804	0.55860	12.07524	1.08749	1	-0.00541	-0.01022	0.71371	0.00310	1	0.06035	-0.01326	0.65708	0.00328	1	1.45898	0.81042	0	
1265671	8536.07812	3306160374835	0.40990	0.63772	8536.03809	0.04004	11771	1	0.47768	0.68468	1	0.36317	0.55567	1	0.42042	0.62018	1	0.47791	0.54058	12.41178	1.08749	1	0.73807	0.55868	12.11613	1.07983	1	-0.00541	-0.01022	0.71371	0.00314	1	0.06035	-0.01326	0.65708	0.00327	1	1.45898	0.81042	0	AUDIO_FILE_OFFSET
1265672	8536.08496	3306160443737	0.41132	0.63603	8536.03809	0.04688	11771	1	0.47878	0.68817	1	0.36366	0.56020	1	0.42122	0.62419	1	0.47788	0.54059	12.40550	1.07983	1	0.73814	0.55857	12.15257	1.07217	1	-0.00541	-0.01022	0.71371	0.00315	1	0.06008	-0.01318	0.65305	0.00310	1	1.45898	0.81042	0	
1265673	8536.09180	3306160511038	0.41242	0.63678	8536.03809	0.05371	11771	1	0.45165	0.66013	1	0.39091	0.62544	1	0.42128	0.64278	1	0.47760	0.54026	12.12711	1.07217	1	0.73865	0.55933	12.64491	1.07217	1	-0.00541	-0.01022	0.71371	0.00305	1	0.06008	-0.01318	0.65305	0.00340	1	1.45898	0.81042	0	
1265674	8536.09863	3306160577391	0.41283	0.63662	8536.03809	0.06055	11771	1	0.46059	0.67694	1	0.37247	0.59346	1	0.41653	0.63520	1	0.47769	0.54025	11.98206	1.07217	1	0.73824	0.55906	12.51398	1.07217	1	-0.00541	-0.01022	0.71371	0.00314	1	0.06008	-0.01318	0.65305	0.00327	1	1.45898	0.81042	0	
1265675	8536.10449	3306160642731	0.41326	0.63692	8536.03809	0.06641	11771	1	0.46205	0.68121	1	0.37298	0.59856	1	0.41752	0.63988	1	0.47772	0.54045	12.51511	1.06309	1	0.73835	0.55919	12.33420	1.06309	1	-0.00513	-0.00981	0.68450	0.00301	1	0.06008	-0.01318	0.65305	0.00322	1	1.45898	0.81042	0	
1265828	8537.12988	3306170892740	0.47951	0.50013	8536.92871	0.20117	11774	1	0.43213	0.48110	1	0.42641	0.45174	1	0.42927	0.46642	1	0.47771	0.53722	11.43150	1.11977	1	0.73945	0.55646	12.26552	1.11977	1	-0.00515	-0.00934	0.67320	0.00342	1	0.06277	-0.01352	0.68285	0.00353	1	1.45898	0.81042	0	START_TRIAL
1265829	8537.13672	3306170959289	0.47808	0.49834	8536.92871	0.20801	11774	1	0.45843	0.43655	1	0.40857	0.44960	1	0.43350	0.44308	1	0.47745	0.53707	11.12205	1.11068	1	0.73911	0.55666	12.98163	1.10200	1	-0.00515	-0.00934	0.67320	0.00352	1	0.06277	-0.01352	0.68285	0.00343	1	1.45898	0.81042	0	
1265830	8537.14355	3306171026643	0.46319	0.47483	8536.92871	0.20801	11774	0	0.45920	0.39688	1	0.42644	0.51106	1	0.44282	0.45397	1	0.47751	0.53699	11.14095	1.09292	1	0.73940	0.55645	12.27025	1.08424	1	-0.00515	-0.00934	0.67320	0.00345	1	0.06277	-0.01352	0.68285	0.00347	1	1.45898	0.81042	0	
1265831	8537.14941	3306171093681	0.45335	0.46734	8536.92871	0.20801	11774	0	0.46054	0.40313	1	0.42650	0.51656	1	0.44352	0.45984	1	0.47768	0.53715	11.15866	1.08424	1	0.73914	0.55669	12.88476	1.07556	1	-0.00540	-0.00970	0.69943	0.00331	1	0.06277	-0.01352	0.68285	0.00341	1	1.45898	0.81042	0	
1265832	8537.15625	3306171160721	0.44765	0.47093	8536.92871	0.20801	11774	0	0.46277	0.41106	1	0.40972	0.54517	1	0.43625	0.47811	1	0.47756	0.53699	10.91177	1.08464	1	0.73912	0.55708	12.84002	1.08464	1	-0.00540	-0.00970	0.69943	0.00344	1	0.06277	-0.01352	0.68285	0.00356	1	1.45898	0.81042	0	
1265833	8537.16309	3306171227459	0.44642	0.47308	8537.14355	0.01953	11775	1	0.45092	0.45015	1	0.43450	0.50893	1	0.44271	0.47954	1	0.47736	0.53747	11.21534	1.09373	1	0.73949	0.55660	12.34943	1.09373	1	-0.00540	-0.00970	0.69943	0.00353	1	0.06277	-0.01352	0.68285	0.00337	1	1.45898	0.81042	0	
1265834	8537.16992	3306171295024	0.44553	0.47319	8537.14355	0.02637	11775	1	0.44946	0.44406	1	0.43450	0.50320	1	0.44198	0.47363	1	0.47745	0.53743	11.48956	1.10281	1	0.73932	0.55644	12.18859	1.10281	1	-0.00540	-0.00970	0.69943	0.00330	1	0.06277	-0.01352	0.68285	0.00343	1	1.45898	0.81042	0	
1265835	8537.17676	3306171361718	0.44571	0.46424	8537.14355	0.03320	11775	1	0.46898	0.39850	1	0.42428	0.44045	1	0.44663	0.41947	1	0.47732	0.53720	11.17389	1.10281	1	0.73935	0.55633	12.22178	1.10281	1	-0.00540	-0.00970	0.69943	0.00364	1	0.06277	-0.01352	0.68285	0.00347	1	1.45898	0.81042	0	
1265836	8537.18359	3306171428153	0.44643	0.46594	8537.14355	0.04004	11775	1	0.46877	0.46348	1	0.43272	0.48880	1	0.45075	0.47614	1	0.47756	0.53732	11.82531	1.10281	1	0.73947	0.55660	11.96133	1.10281	1	-0.00540	-0.00970	0.69943	0.00328	1	0.06277	-0.01352	0.68285	0.00363	1	1.45898	0.81042	0	
1265837	8537.19043	3306171495908	0.44697	0.46722	8537.14355	0.04688	11775	1	0.46877	0.46348	1	0.43272	0.48880	1	0.45075	0.47614	1	0.47755	0.53715	11.18120	1.10281	1	0.73929	0.55675	12.46271	1.10281	1	-0.00540	-0.00970	0.69943	0.00326	1	0.06277	-0.01352	0.68285	0.00356	1	1.45898	0.81042	0	
1265838	8537.19629	3306171562096	0.44834	0.46666	8537.14355	0.05273	11775	1	0.49229	0.44424	1	0.42634	0.48019	1	0.45931	0.46222	1	0.47764	0.53716	11.29614	1.10281	1	0.73942	0.55638	12.00128	1.10281	1	-0.00540	-0.00970	0.69943	0.00322	1	0.06277	-0.01352	0.68285	0.00344	1	1.45898	0.81042	0	
1265839	8537.20312	3306171630250	0.44912	0.46689	8537.14355	0.05957	11775	1	0.47909	0.47831	1	0.43323	0.45956	1	0.45616	0.46893	1	0.47778	0.53740	11.44699	1.10281	1	0.73943	0.55632	11.77360	1.10281	1	-0.00540	-0.00970	0.69943	0.00320	1	0.06277	-0.01352	0.68285	0.00353	1	1.45898	0.81042	0	
1265840	8537.20996	3306171696559	0.44976	0.46707	8537.14355	0.06641	11775	1	0.47909	0.47831	1	0.43323	0.45956	1	0.45616	0.46893	1	0.47755	0.53762	11.09032	1.10281	1	0.73938	0.55656	12.31059	1.10281	1	-0.00540	-0.00970	0.69943	0.00332	1	0.06277	-0.01352	0.68285	0.00351	1	1.45898	0.81042	0	
1265841	8537.21680	3306171763654	0.44685	0.47036	8537.14355	0.07324	11775	1	0.42712	0.49079	1	0.40252	0.52237	1	0.41482	0.50658	1	0.47732	0.53749	11.10911	1.10281	1	0.73904	0.55688	12.71229	1.10281	1	-0.00540	-0.00970	0.69943	0.00348	1	0.06277	-0.01352	0.68285	0.00354	1	1.45898	0.81042	0	
1265842	8537.22363	3306171830520	0.44494	0.47067	8537.14355	0.08008	11775	1	0.42908	0.41430	1	0.41496	0.53442	1	0.42202	0.47436	1	0.47746	0.53691	11.12493	1.10281	1	0.73915	0.55680	12.47832	1.10281	1	-0.00540	-0.00970	0.69943	0.00326	1	0.06277	-0.01352	0.68285	0.00340	1	1.45898	0.81042	0	
1265843	8537.23047	3306171897488	0.44337	0.47136	8537.14355	0.08691	11775	1	0.43069	0.42065	1	0.41512	0.53989	1	0.42290	0.48027	1	0.47745	0.53697	10.99788	1.09373	1	0.73916	0.55669	12.66300	1.09373	1	-0.00515	-0.00934	0.67320	0.00325	1	0.06301	-0.01355	0.68432	0.00335	1	1.45898	0.81042	0	
1265844	8537.23730	3306171964647	0.44281	0.47282	8537.14355	0.09375	11775	1	0.45332	0.48020	1	0.41683	0.50626	1	0.43508	0.49323	1	0.47777	0.53737	11.03982	1.08464	1	0.73923	0.55655	12.04558	1.08464	1	-0.00515	-0.00934	0.67320	0.00326	1	0.06301	-0.01355	0.68432	0.00339	1	1.45898	0.81042	0	
1265845	8537.24316	3306172031398	0.44205	0.47430	8537.14355	0.09961	11775	1	0.43971	0.47071	1	0.42135	0.52229	1	0.43053	0.49650	1	0.47757	0.53701	10.78840	1.07556	1	0.73931	0.55671	12.35644	1.07556	1	-0.00515	-0.00934	0.67320	0.00325	1	0.06301	-0.01355	0.68432	0.00334	1	1.45898	0.81042	0	
1265846	8537.25000	3306172098302	0.44142	0.47595	8537.14355	0.10645	11775	1	0.44129	0.47674	1	0.42146	0.52800	1	0.43137	0.50237	1	0.47773	0.53727	10.91546	1.06647	1	0.73922	0.55680	12.17089	1.06647	1	-0.00515	-0.00934	0.67320	0.00327	1	0.06301	-0.01355	0.68432	0.00333	1	1.45898	0.81042	0	
1265847	8537.25684	3306172165671	0.44114	0.47770	8537.14355	0.11328	11775	1	0.45254	0.49141	1	0.42030	0.52353	1	0.43642	0.50747	1	0.47761	0.53735	11.01313	1.06647	1	0.73926	0.55679	11.93331	1.06647	1	-0.00515	-0.00934	0.67320	0.00328	1	0.06301	-0.01355	0.68432	0.00334	1	1.45898	0.81042	0	
1265848	8537.26367	3306172232487	0.44157	0.47916	8537.14355	0.12012	11775	1	0.47307	0.47433	1	0.42534	0.53664	1	0.44921	0.50549	1	0.47802	0.53723	10.58140	1.06647	1	0.73934	0.55675	12.22550	1.06647	1	-0.00515	-0.00934	0.67320	0.00337	1	0.06301	-0.01355	0.68432	0.00332	1	1.45898	0.81042	0	
1265849	8537.27051	3306172299563	0.44195	0.48048	8537.14355	0.12695	11775	1	0.47307	0.47433	1	0.42534	0.53664	1	0.44921	0.50549	1	0.47797	0.53714	10.54035	1.06647	1	0.73939	0.55683	12.20172	1.06647	1	-0.00518	-0.00945	0.67718	0.00345	1	0.06301	-0.01355	0.68432	0.00329	1	1.45898	0.81042	0	
1265850	8537.27734	3306172366446	0.44293	0.48287	8537.14355	0.13379	11775	1	0.48037	0.52884	1	0.44465	0.53241	1	0.46251	0.53063	1	0.47805	0.53762	10.76295	1.06647	1	0.73961	0.55666	11.81171	1.06647	1	-0.00518	-0.00945	0.67718	0.00320	1	0.06301	-0.01355	0.68432	0.00332	1	1.45898	0.81042	0	
1265851	8537.28418	3306172433461	0.44355	0.48486	8537.14355	0.14062	11775	1	0.47451	0.51628	1	0.43885	0.53721	1	0.45668	0.52675	1	0.47803	0.53757	10.69690	1.06647	1	0.73968	0.55676	11.92992	1.06647	1	-0.00518	-0.00945	0.67718	0.00323	1	0.06301	-0.01355	0.68432	0.00336	1	1.45898	0.81042	0	
1265852	8537.29004	3306172500208	0.44412	0.48656	8537.14355	0.14648	11775	1	0.47451	0.51628	1	0.43889	0.53182	1	0.45670	0.52405	1	0.47804	0.53751	10.72304	1.06647	1	0.73971	0.55677	11.73082	1.07515	1	-0.00515	-0.00934	0.67320	0.00324	1	0.06472	-0.01391	0.70230	0.00327	1	1.45898	0.81042	0	
1265853	8537.29688	3306172567516	0.44484	0.48778	8537.14355	0.15332	11775	1	0.47766	0.51157	1	0.44511	0.51973	1	0.46138	0.51565	1	0.47807	0.53750	10.63017	1.07515	1	0.73970	0.55672	11.70041	1.08383	1	-0.00515	-0.00934	0.67320	0.00324	1	0.06472	-0.01391	0.70230	0.00332	1	1.45898	0.81042	0	
1265854	8537.30371	3306172634086	0.44503	0.48906	8537.14355	0.16016	11775	1	0.47423	0.50647	1	0.42465	0.53314	1	0.44944	0.51980	1	0.47804	0.53753	10.69135	1.08383	1	0.73979	0.55681	11.65128	1.09251	1	-0.00515	-0.00934	0.67320	0.00325	1	0.06472	-0.01391	0.70230	0.00334	1	1.45898	0.81042	0	
1265855	8537.31055	3306172701361	0.44517	0.49003	8537.14355	0.16699	11775	1	0.47297	0.50106	1	0.42458	0.52785	1	0.44878	0.51446	1	0.47804	0.53753	10.69135	1.09251	1	0.73985	0.55669	11.47090	1.10119	1	-0.00515	-0.00934	0.67320	0.00324	1	0.06472	-0.01391	0.70230	0.00340	1	1.45898	0.81042	0	
1265856	8537.31738	3306172768244	0.44575	0.49029	8537.14355	0.17383	11775	1	0.47252	0.46852	1	0.44897	0.52537	1	0.46074	0.49695	1	0.47805	0.53741	10.42005	1.10119	1	0.73980	0.55679	11.51007	1.10119	1	-0.00515	-0.00934	0.67320	0.00327	1	0.06472	-0.01391	0.70230	0.00336	1	1.45898	0.81042	0	
1265857	8537.32422	3306172835148	0.44580	0.49068	8537.14355	0.18066	11775	1	0.46521	0.49445	1	0.42932	0.50805	1	0.44727	0.50125	1	0.47800	0.53767	10.60023	1.10119	1	0.73979	0.55668	11.32365	1.10119	1	-0.00515	-0.00934	0.67320	0.00317	1	0.06472	-0.01391	0.70230	0.00340	1	1.45898	0.81042	0	
1265858	8537.33105	3306172902893	0.44585	0.49105	8537.14355	0.18750	11775	1	0.46521	0.49445	1	0.42932	0.50805	1	0.44727	0.50125	1	0.47808	0.53747	10.50477	1.10119	1	0.73977	0.55668	11.61366	1.10119	1	-0.00515	-0.00934	0.67320	0.00319	1	0.06472	-0.01391	0.70230	0.00327	1	1.45898	0.81042	0	
1265859	8537.33789	3306172969288	0.44605	0.49173	8537.14355	0.19434	11775	1	0.47645	0.48979	1	0.42693	0.53347	1	0.45169	0.51163	1	0.47811	0.53766	11.19577	1.10119	1	0.73980	0.55684	11.52331	1.10119	1	-0.00515	-0.00934	0.67320	0.00314	1	0.06472	-0.01391	0.70230	0.00332	1	1.45898	0.81042	0	
1265860	8537.34375	3306173034404	0.44625	0.49045	8537.14355	0.20020	11775	1	0.49075	0.46596	1	0.41367	0.43834	1	0.45221	0.45215	1	0.47826	0.53734	10.70986	1.10119	1	0.73953	0.55650	11.49715	1.10119	1	-0.00515	-0.00934	0.67320	0.00325	1	0.06472	-0.01391	0.70230	0.00326	1	1.45898	0.81042	0	
1265861	8537.35059	3306173102449	0.44641	0.48916	8537.14355	0.20703	11775	1	0.48958	0.46006	1	0.41367	0.43806	1	0.45162	0.44906	1	0.47678	0.53830	10.78613	1.11028	1	0.73891	0.55652	12.01048	1.10160	1	-0.00554	-0.00981	0.70304	0.00367	1	0.06316	-0.01355	0.68702	0.00327	1	1.45898	0.81042	0	
1265862	8537.35742	3306173171327	0.44669	0.48648	8537.14355	0.21387	11775	1	0.45597	0.47341	1	0.45521	0.32770	1	0.45559	0.40055	1	0.47664	0.53740	10.66301	1.11068	1	0.73852	0.55594	11.42730	1.10200	1	-0.00554	-0.00981	0.70304	0.00358	1	0.06316	-0.01355	0.68702	0.00378	1	1.45898	0.81042	0	
1265863	8537.36426	3306173238459	0.44763	0.48391	8537.14355	0.22070	11775	1	0.47910	0.49700	1	0.47779	0.30114	1	0.47844	0.39907	1	0.47656	0.53743	10.33197	1.11109	1	0.73856	0.55497	11.55328	1.10241	1	-0.00554	-0.00981	0.70304	0.00342	1	0.06316	-0.01355	0.68702	0.00362	1	1.45898	0.81042	0	
1265864	8537.37109	3306173304792	0.44852	0.48166	8537.14355	0.22754	11775	1	0.48029	0.50235	1	0.47746	0.30823	1	0.47887	0.40529	1	0.47206	0.53541	9.11527	1.10241	1	0.73511	0.55646	11.05463	1.09373	1	-0.00584	-0.00954	0.68362	0.00203	1	0.06207	-0.01335	0.68184	0.00353	1	1.45898	0.81042	0	
1265865	8537.37695	3306173367232	0.44363	0.48019	8537.14355	0.23340	11775	1	0.23007	0.36400	1	0.31472	0.49380	1	0.27240	0.42890	1	0.47149	0.53567	9.93045	1.08464	1	0.73442	0.55652	12.01708	1.08464	1	-0.00584	-0.00954	0.68362	0.00222	1	0.06207	-0.01335	0.68184	0.00342	1	1.45898	0.81042	0	
1265866	8537.38379	3306173435260	0.43947	0.47853	8537.14355	0.24023	11775	1	0.27165	0.34652	1	0.30770	0.49041	1	0.28967	0.41847	1	0.47167	0.53562	9.99081	1.07556	1	0.73428	0.55652	11.62089	1.07556	1	-0.00584	-0.00954	0.68362	0.00212	1	0.06207	-0.01335	0.68184	0.00340	1	1.45898	0.81042	0	
1265867	8537.39062	3306173504254	0.41492	0.44961	8537.14355	0.24023	11775	0	0.27689	0.36001	1	0.30966	0.50154	1	0.29327	0.43077	1	0.47119	0.53540	9.92307	1.05845	1	0.73327	0.55664	11.51540	1.05845	1	-0.00588	-0.00930	0.67006	0.00212	1	0.06116	-0.01320	0.67413	0.00369	1	1.45898	0.81042	0	
1265868	8537.39746	3306173570091	0.32733	0.45101	8537.14355	0.24023	11775	0	0.21523	0.36247	1	0.26426	0.54233	1	0.23974	0.45240	1	0.47108	0.53538	9.60316	1.05044	1	0.73360	0.55674	11.72495	1.05044	1	-0.00588	-0.00930	0.67006	0.00211	1	0.06116	-0.01320	0.67413	0.00368	1	1.45898	0.81042	0	
1265869	8537.40430	3306173635118	0.29895	0.45311	8537.14355	0.24023	11775	0	0.22052	0.38117	1	0.26384	0.53349	1	0.24218	0.45733	1	0.47105	0.53558	9.54075	1.04242	1	0.73353	0.55677	11.89135	1.04242	1	-0.00588	-0.00930	0.67006	0.00226	1	0.06116	-0.01320	0.67413	0.00362	1	1.45898	0.81042	0	
1265870	8537.41113	3306173704475	0.24206	0.45757	8537.14355	0.24023	11775	0	0.22341	0.38744	1	0.26512	0.53852	1	0.24426	0.46298	1	0.47120	0.53545	9.55668	1.03440	1	0.73402	0.55693	12.93399	1.03440	1	-0.00565	-0.00909	0.65484	0.00209	1	0.06177	-0.01331	0.67974	0.00346	1	1.45898	0.81042	0	
1265871	8537.41797	3306173770447	0.25143	0.46017	8537.14355	0.24023	11775	0	0.22719	0.35343	1	0.29439	0.57211	1	0.26079	0.46277	1	0.47120	0.53525	9.65112	1.03440	1	0.73404	0.55694	12.71422	1.03440	1	-0.00565	-0.00909	0.65484	0.00219	1	0.06177	-0.01331	0.67974	0.00348	1	1.45898	0.81042	0	
1265872	8537.42383	3306173837609	0.25541	0.46142	8537.14355	0.24023	11775	0	0.23324	0.37746	1	0.29352	0.55039	1	0.26338	0.46392	1	0.47129	0.53532	9.78384	1.03440	1	0.73404	0.55675	12.37745	1.03440	1	-0.00565	-0.00909	0.65484	0.00223	1	0.06177	-0.01331	0.67974	0.00350	1	1.45898	0.81042	0	
1265873	8537.43066	3306173905501	0.25678	0.45996	8537.41113	0.01953	11776	1	0.23043	0.37111	1	0.29131	0.54006	1	0.26087	0.45559	1	0.47128	0.53531	9.91394	1.04242	1	0.73365	0.55688	11.75093	1.05110	1	-0.00584	-0.00949	0.68362	0.00214	1	0.06301	-0.01356	0.69281	0.00353	1	1.45898	0.81042	0	
1265874	8537.43750	3306173973497	0.25169	0.45823	8537.41113	0.02637	11776	1	0.22586	0.38431	1	0.23681	0.51830	1	0.23133	0.45131	1	0.47134	0.53531	9.88374	1.05912	1	0.73352	0.55694	11.92160	1.06780	1	-0.00584	-0.00949	0.68362	0.00213	1	0.06301	-0.01356	0.69281	0.00358	1	1.45898	0.81042	0	
1265875	8537.44434	3306174040834	0.24966	0.45725	8537.41113	0.03320	11776	1	0.21905	0.37608	1	0.25995	0.52864	1	0.23950	0.45236	1	0.47134	0.53526	9.67792	1.07581	1	0.73356	0.55683	11.92406	1.08449	1	-0.00584	-0.00949	0.68362	0.00212	1	0.06301	-0.01356	0.69281	0.00354	1	1.45898	0.81042	0	
1265876	8537.45117	3306174107782	0.24770	0.45529	8537.41113	0.04004	11776	1	0.21323	0.36333	1	0.25869	0.52377	1	0.23596	0.44355	1	0.47145	0.53525	9.65144	1.09251	1	0.73390	0.55655	11.78682	1.09251	1	-0.00584	-0.00943	0.68362	0.00209	1	0.06155	-0.01329	0.67617	0.00353	1	1.45898	0.81042	0	
1265877	8537.45801	3306174174855	0.24741	0.44826	8537.41113	0.04688	11776	1	0.22683	0.32285	1	0.26386	0.47514	1	0.24535	0.39900	1	0.47143	0.53536	9.45109	1.09251	1	0.73410	0.55639	12.25510	1.08383	1	-0.00584	-0.00943	0.68362	0.00212	1	0.06155	-0.01329	0.67617	0.00355	1	1.45898	0.81042	0	
1265878	8537.46484	3306174241923	0.24691	0.44516	8537.41113	0.05371	11776	1	0.22974	0.32981	1	0.25605	0.51092	1	0.24290	0.42036	1	0.47143	0.53536	9.45109	1.08383	1	0.73389	0.55666	11.94281	1.07515	1	-0.00584	-0.00943	0.68362	0.00213	1	0.06155	-0.01329	0.67617	0.00351	1	1.45898	0.81042	0	
1265879	8537.47168	3306174308799	0.24672	0.44330	8537.41113	0.06055	11776	1	0.23266	0.33676	1	0.25745	0.51638	1	0.24506	0.42657	1	0.47158	0.53509	9.58824	1.07515	1	0.73418	0.55658	11.15634	1.06647	1	-0.00584	-0.00943	0.68362	0.00225	1	0.06125	-0.01312	0.67290	0.00356	1	1.45898	0.81042	0	
1265880	8537.47852	3306174375612	0.24592	0.44024	8537.41113	0.06738	11776	1	0.22469	0.35274	1	0.25122	0.46657	1	0.23795	0.40965	1	0.47165	0.53504	9.99187	1.06647	1	0.73422	0.55626	11.21943	1.06647	1	-0.00584	-0.00943	0.68362	0.00214	1	0.06125	-0.01312	0.67290	0.00359	1	1.45898	0.81042	0	
1265881	8537.48438	3306174442962	0.24460	0.44029	8537.41113	0.07324	11776	1	0.21728	0.35730	1	0.24272	0.52426	1	0.23000	0.44078	1	0.47166	0.53507	9.63654	1.06647	1	0.73405	0.55678	11.89944	1.06647	1	-0.00584	-0.00943	0.68362	0.00227	1	0.06125	-0.01312	0.67290	0.00351	1	1.45898	0.81042	0	
1265882	8537.49121	3306174507884	0.24347	0.44032	8537.41113	0.08008	11776	1	0.21728	0.35730	1	0.24272	0.52426	1	0.23000	0.44078	1	0.47165	0.53492	9.61103	1.06647	1	0.73396	0.55700	11.48448	1.06647	1	-0.00584	-0.00938	0.68362	0.00224	1	0.06207	-0.01335	0.68184	0.00362	1	1.45898	0.81042	0	
1265883	8537.49805	3306174576461	0.24240	0.44091	8537.41113	0.08691	11776	1	0.20556	0.37585	1	0.25144	0.52115	1	0.22850	0.44850	1	0.47146	0.53515	9.60793	1.06647	1	0.73411	0.55672	11.95083	1.06647	1	-0.00584	-0.00938	0.68362	0.00215	1	0.06207	-0.01335	0.68184	0.00362	1	1.45898	0.81042	0	
1265884	8537.50488	3306174643386	0.24184	0.44008	8537.41113	0.09375	11776	1	0.21473	0.34232	1	0.25315	0.51473	1	0.23394	0.42852	1	0.47158	0.53496	8.96287	1.06647	1	0.73412	0.55680	11.37569	1.06647	1	-0.00584	-0.00938	0.68362	0.00226	1	0.06207	-0.01335	0.68184	0.00362	1	1.45898	0.81042	0	
1265885	8537.51172	3306174710763	0.24130	0.43919	8537.41113	0.10059	11776	1	0.21473	0.34232	1	0.25172	0.50926	1	0.23323	0.42579	1	0.47149	0.53504	9.02501	1.06647	1	0.73414	0.55673	11.36234	1.07515	1	-0.00584	-0.00943	0.68362	0.00218	1	0.06527	-0.01402	0.71637	0.00357	1	1.45898	0.81042	0	
1265886	8537.51855	3306174777893	0.24047	0.43811	8537.41113	0.10742	11776	1	0.20629	0.34338	1	0.24788	0.49837	1	0.22709	0.42087	1	0.47146	0.53500	8.87589	1.07515	1	0.73416	0.55652	11.65442	1.08383	1	-0.00584	-0.00943	0.68362	0.00228	1	0.06527	-0.01402	0.71637	0.00360	1	1.45898	0.81042	0	
1265887	8537.52539	3306174844490	0.23977	0.43657	8537.41113	0.11426	11776	1	0.20949	0.32795	1	0.24643	0.49286	1	0.22796	0.41041	1	0.47160	0.53489	9.50676	1.08383	1	0.73416	0.55652	11.65442	1.09251	1	-0.00584	-0.00943	0.68362	0.00221	1	0.06527	-0.01402	0.71637	0.00360	1	1.45898	0.81042	0	
1265888	8537.53125	3306174911233	0.23903	0.43487	8537.41113	0.12012	11776	1	0.20644	0.32097	1	0.24498	0.48735	1	0.22571	0.40416	1	0.47141	0.53502	9.48359	1.09251	1	0.73416	0.55653	11.53263	1.10119	1	-0.00584	-0.00938	0.68362	0.00222	1	0.06527	-0.01402	0.71637	0.00367	1	1.45898	0.81042	0	
1265889	8537.53809	3306174979611	0.23887	0.43007	8537.41113	0.12695	11776	1	0.20052	0.25843	1	0.27106	0.41953	1	0.23579	0.33898	1	0.47159	0.53480	9.35248	1.10119	1	0.73420	0.55581	11.32356	1.10119	1	-0.00584	-0.00938	0.68362	0.00217	1	0.06527	-0.01402	0.71637	0.00381	1	1.45898	0.81042	0	
1265890	8537.54492	3306175045605	0.23842	0.42585	8537.41113	0.13379	11776	1	0.19336	0.26487	1	0.26568	0.41810	1	0.22952	0.34148	1	0.47139	0.53477	9.01258	1.10119	1	0.73409	0.55578	10.91334	1.10119	1	-0.00584	-0.00938	0.68362	0.00234	1	0.06527	-0.01402	0.71637	0.00384	1	1.45898	0.81042	0	
1265891	8537.55176	3306175112585	0.23805	0.42216	8537.41113	0.14062	11776	1	0.19336	0.26487	1	0.26697	0.42415	1	0.23016	0.34451	1	0.47145	0.53456	9.12779	1.10119	1	0.73365	0.55672	11.92543	1.09251	1	-0.00584	-0.00933	0.68362	0.00216	1	0.06207	-0.01335	0.68184	0.00377	1	1.45898	0.81042	0	
1265892	8537.55859	3306175179145	0.23790	0.41969	8537.41113	0.14746	11776	1	0.19147	0.27261	1	0.27788	0.45809	1	0.23468	0.36535	1	0.47132	0.53472	9.16122	1.09251	1	0.73425	0.55612	11.05731	1.08383	1	-0.00584	-0.00933	0.68362	0.00210	1	0.06207	-0.01335	0.68184	0.00383	1	1.45898	0.81042	0	
1265893	8537.56543	3306175244647	0.23776	0.41827	8537.41113	0.15430	11776	1	0.19811	0.27803	1	0.27111	0.49339	1	0.23461	0.38571	1	0.47139	0.53469	9.26600	1.08383	1	0.73407	0.55641	12.18267	1.07515	1	-0.00584	-0.00933	0.68362	0.00205	1	0.06207	-0.01335	0.68184	0.00367	1	1.45898	0.81042	0	
1265894	8537.57227	3306175313926	0.23150	0.39221	8537.41113	0.15430	11776	0	0.20121	0.28543	1	0.27239	0.49900	1	0.23680	0.39221	1	0.47135	0.53452	9.22504	1.07515	1	0.73431	0.55640	11.60907	1.06647	1	-0.00584	-0.00938	0.68362	0.00208	1	0.06207	-0.01335	0.68184	0.00369	1	1.45898	0.81042	0	
1265895	8537.57812	3306175380647	0.23351	0.37836	8537.41113	0.15430	11776	0	0.19843	0.27201	1	0.27260	0.45703	1	0.23552	0.36452	1	0.47135	0.53465	9.43353	1.06647	1	0.73409	0.55592	11.03726	1.06647	1	-0.00584	-0.00938	0.68362	0.00212	1	0.06207	-0.01335	0.68184	0.00377	1	1.45898	0.81042	0	
1265896	8537.58496	3306175444727	0.23196	0.37588	8537.41113	0.15430	11776	0	0.20767	0.27963	1	0.25009	0.46216	1	0.22888	0.37090	1	0.47142	0.53460	9.42645	1.06647	1	0.73420	0.55623	11.16858	1.06647	1	-0.00584	-0.00938	0.68362	0.00209	1	0.06207	-0.01335	0.68184	0.00378	1	1.45898	0.81042	0	
1265897	8537.59180	3306175511436	0.23119	0.37463	8537.57227	0.01953	11777	1	0.20767	0.27963	1	0.25009	0.46216	1	0.22888	0.37090	1	0.47142	0.53476	9.38971	1.06647	1	0.73395	0.55667	11.41320	1.06647	1	-0.00584	-0.00933	0.68362	0.00206	1	0.06207	-0.01335	0.68184	0.00372	1	1.45898	0.81042	0	
1265898	8537.59863	3306175581467	0.23337	0.37938	8537.57227	0.02637	11777	1	0.20717	0.29750	1	0.27697	0.49927	1	0.24207	0.39838	1	0.47135	0.53480	9.40940	1.06647	1	0.73423	0.55640	11.97212	1.06647	1	-0.00584	-0.00933	0.68362	0.00206	1	0.06207	-0.01335	0.68184	0.00371	1	1.45898	0.81042	0	
1265899	8537.60547	3306175647001	0.23260	0.38071	8537.57227	0.03320	11777	1	0.19629	0.27229	1	0.26117	0.50241	1	0.22873	0.38735	1	0.47119	0.53471	9.03567	1.06647	1	0.73395	0.55667	11.41320	1.06647	1	-0.00584	-0.00933	0.68362	0.00209	1	0.06207	-0.01335	0.68184	0.00372	1	1.45898	0.81042	0	
1265900	8537.61230	3306175716244	0.23204	0.38166	8537.57227	0.04004	11777	1	0.19629	0.27229	1	0.26117	0.50241	1	0.22873	0.38735	1	0.47133	0.53463	9.02277	1.06647	1	0.73399	0.55664	11.42275	1.06647	1	-0.00584	-0.00943	0.68362	0.00207	1	0.06207	-0.01335	0.68184	0.00376	1	1.45898	0.81042	0	
1265901	8537.61914	3306175782462	0.23260	0.38283	8537.57227	0.04688	11777	1	0.19819	0.31029	1	0.27479	0.47175	1	0.23649	0.39102	1	0.47131	0.53483	9.15651	1.06647	1	0.73411	0.55629	11.47837	1.06647	1	-0.00584	-0.00943	0.68362	0.00218	1	0.06207	-0.01335	0.68184	0.00379	1	1.45898	0.81042	0	
1265902	8537.62500	3306175849464	0.23354	0.38245	8537.57227	0.05273	11777	1	0.20741	0.28708	1	0.27479	0.47175	1	0.24110	0.37942	1	0.47138	0.53468	8.91753	1.06647	1	0.73411	0.55629	11.47837	1.06647	1	-0.00584	-0.00943	0.68362	0.00205	1	0.06207	-0.01335	0.68184	0.00379	1	1.45898	0.81042	0	
1265903	8537.63184	3306175916117	0.23430	0.38215	8537.57227	0.05957	11777	1	0.20741	0.28708	1	0.27479	0.47175	1	0.24110	0.37942	1	0.47133	0.53474	9.72755	1.06647	1	0.73395	0.55667	11.41320	1.06647	1	-0.00584	-0.00943	0.68362	0.00207	1	0.06207	-0.01335	0.68184	0.00372	1	1.45898	0.81042	0	
1265904	8537.63867	3306175983635	0.23396	0.38400	8537.57227	0.06641	11777	1	0.19951	0.30139	1	0.26173	0.50374	1	0.23062	0.40257	1	0.47130	0.53474	9.58063	1.06647	1	0.73391	0.55679	11.67694	1.06647	1	-0.00584	-0.00943	0.68362	0.00210	1	0.06207	-0.01335	0.68184	0.00363	1	1.45898	0.81042	0	
1265905	8537.64551	3306176050570	0.23349	0.38435	8537.57227	0.07324	11777	1	0.20431	0.27824	1	0.25228	0.49815	1	0.22830	0.38819	1	0.47139	0.53483	9.10933	1.06647	1	0.73381	0.55662	11.87478	1.06647	1	-0.00584	-0.00943	0.68362	0.00215	1	0.06207	-0.01335	0.68184	0.00369	1	1.45898	0.81042	0	
1265906	8537.65234	3306176116550	0.23309	0.38465	8537.57227	0.08008	11777	1	0.20431	0.27824	1	0.25228	0.49815	1	0.22830	0.38819	1	0.47115	0.53477	8.89082	1.06647	1	0.73385	0.55612	10.83467	1.06647	1	-0.00584	-0.00938	0.68362	0.00216	1	0.06207	-0.01335	0.68184	0.00395	1	1.45898	0.81042	0	
1265907	8537.65918	3306176182943	0.23195	0.38501	8537.57227	0.08691	11777	1	0.20766	0.27814	1	0.22659	0.50126	1	0.21712	0.38970	1	0.47113	0.53473	8.89123	1.06647	1	0.73341	0.55653	11.32176	1.06647	1	-0.00584	-0.00938	0.68362	0.00217	1	0.06207	-0.01335	0.68184	0.00397	1	1.45898	0.81042	0	
1265908	8537.66602	3306176251722	0.23183	0.38499	8537.57227	0.09375	11777	1	0.21495	0.27784	1	0.24516	0.49150	1	0.23006	0.38467	1	0.47120	0.53477	9.09378	1.06647	1	0.73368	0.55649	11.90786	1.06647	1	-0.00584	-0.00938	0.68362	0.00213	1	0.06207	-0.01335	0.68184	0.00382	1	1.45898	0.81042	0	
1265909	8537.67188	3306176318666	0.23185	0.38535	8537.57227	0.09961	11777	1	0.21776	0.28478	1	0.24655	0.49672	1	0.23215	0.39075	1	0.47124	0.53480	9.26259	1.05845	1	0.73353	0.55614	11.52987	1.05845	1	-0.00565	-0.00899	0.65484	0.00209	1	0.06207	-0.01335	0.68184	0.00380	1	1.45898	0.81042	0	
1265910	8537.67871	3306176384934	0.23121	0.38497	8537.57227	0.10645	11777	1	0.21273	0.30441	1	0.22943	0.45337	1	0.22108	0.37889	1	0.47107	0.53488	9.34374	1.05044	1	0.73333	0.55590	11.13869	1.05044	1	-0.00565	-0.00899	0.65484	0.00207	1	0.06207	-0.01335	0.68184	0.00395	1	1.45898	0.81042	0	
1265911	8537.68555	3306176452680	0.23128	0.38736	8537.57227	0.11328	11777	1	0.22913	0.31324	1	0.23565	0.54277	1	0.23239	0.42800	1	0.47115	0.53484	9.50856	1.04242	1	0.73353	0.55670	11.79131	1.04242	1	-0.00565	-0.00899	0.65484	0.00201	1	0.06207	-0.01335	0.68184	0.00367	1	1.45898	0.81042	0	
1265912	8537.69238	3306176519200	0.23145	0.38981	8537.57227	0.12012	11777	1	0.23193	0.32005	1	0.23714	0.54772	1	0.23453	0.43388	1	0.47096	0.53477	9.48357	1.03440	1	0.73358	0.55652	11.48410	1.03440	1	-0.00565	-0.00899	0.65484	0.00209	1	0.06207	-0.01335	0.68184	0.00363	1	1.45898	0.81042	0	
1265913	8537.69922	3306176585895	0.23164	0.39077	8537.57227	0.12695	11777	1	0.22075	0.32823	1	0.24980	0.48979	1	0.23528	0.40901	1	0.47093	0.53495	9.69419	1.03440	1	0.73347	0.55636	11.54278	1.03440	1	-0.00565	-0.00899	0.65484	0.00219	1	0.06207	-0.01335	0.68184	0.00374	1	1.45898	0.81042	0	
1265914	8537.70605	3306176653165	0.23128	0.39230	8537.57227	0.13379	11777	1	0.21548	0.31734	1	0.23267	0.52858	1	0.22407	0.42296	1	0.47095	0.53483	9.58775	1.03440	1	0.73343	0.55656	11.28787	1.03440	1	-0.00565	-0.00899	0.65484	0.00209	1	0.06207	-0.01335	0.68184	0.00376	1	1.45898	0.81042	0	
1265915	8537.71289	3306176720151	0.23108	0.39404	8537.57227	0.14062	11777	1	0.21807	0.32341	1	0.23548	0.53798	1	0.22677	0.43070	1	0.47095	0.53497	9.30812	1.02728	1	0.73364	0.55684	11.63795	1.01962	1	-0.00557	-0.00883	0.63992	0.00205	1	0.06060	-0.01304	0.66626	0.00359	1	1.45898	0.81042	0	
1265916	8537.71875	3306176786996	0.23137	0.39646	8537.57227	0.14648	11777	1	0.23362	0.35433	1	0.24210	0.54470	1	0.23786	0.44951	1	0.47071	0.53504	9.02501	1.01249	1	0.73350	0.55654	11.37277	1.00483	1	-0.00557	-0.00883	0.63992	0.00218	1	0.06060	-0.01304	0.66626	0.00364	1	1.45898	0.81042	0	
1265917	8537.72559	3306176853819	0.23248	0.39959	8537.57227	0.15332	11777	1	0.24341	0.38348	1	0.27242	0.56003	1	0.25791	0.47175	1	0.47087	0.53517	9.51753	0.99771	1	0.73356	0.55659	11.38835	0.99005	1	-0.00557	-0.00883	0.63992	0.00216	1	0.06060	-0.01304	0.66626	0.00362	1	1.45898	0.81042	0	
1265918	8537.73242	3306176921660	0.23349	0.40247	8537.57227	0.16016	11777	1	0.24328	0.38319	1	0.27236	0.55980	1	0.25782	0.47149	1	0.47087	0.53521	9.65093	0.99806	1	0.73354	0.55650	11.67978	0.99040	1	-0.00593	-0.00930	0.67047	0.00212	1	0.06060	-0.01304	0.66626	0.00349	1	1.45898	0.81042	0	
1265919	8537.73926	3306176987469	0.23430	0.40463	8537.57227	0.16699	11777	1	0.23597	0.37386	1	0.27333	0.54331	1	0.25465	0.45859	1	0.47081	0.53511	9.33704	1.00555	1	0.73344	0.55658	11.50273	1.00555	1	-0.00593	-0.00930	0.67047	0.00215	1	0.06060	-0.01304	0.66626	0.00375	1	1.45898	0.81042	0	
1265920	8537.74609	3306177054599	0.23922	0.43285	8537.57227	0.16699	11777	0	0.24136	0.36373	1	0.27097	0.53360	1	0.25616	0.44866	1	0.47088	0.53511	9.39400	1.02069	1	0.73344	0.55658	11.50273	1.02069	1	-0.00593	-0.00930	0.67047	0.00219	1	0.06060	-0.01304	0.66626	0.00375	1	1.45898	0.81042	0	
1265921	8537.75293	3306177121671	0.24549	0.43401	8537.57227	0.16699	11777	0	0.23609	0.35137	1	0.26741	0.51898	1	0.25175	0.43517	1	0.47090	0.53523	9.29411	1.03583	1	0.73353	0.55674	11.80868	1.04349	1	-0.00593	-0.00930	0.67047	0.00208	1	0.06158	-0.01332	0.67765	0.00364	1	1.45898	0.81042	0	
1265922	8537.75879	3306177187131	0.24424	0.43439	8537.57227	0.16699	11777	0	0.22090	0.34696	1	0.26257	0.52335	1	0.24174	0.43515	1	0.47076	0.53522	9.40643	1.04349	1	0.73354	0.55670	11.77629	1.05115	1	-0.00593	-0.00930	0.67047	0.00213	1	0.06158	-0.01332	0.67765	0.00366	1	1.45898	0.81042	0	
1265923	8537.76660	3306177256304	0.24327	0.43347	8537.74609	0.02051	11778	1	0.21641	0.34784	1	0.26435	0.51355	1	0.24038	0.43069	1	0.47071	0.53525	9.50592	1.05115	1	0.73359	0.55668	11.73275	1.05881	1	-0.00593	-0.00930	0.67047	0.00206	1	0.06158	-0.01332	0.67765	0.00362	1	1.45898	0.81042	0	
1265924	8537.77246	3306177319205	0.24230	0.43181	8537.74609	0.02637	11778	1	0.21367	0.34164	1	0.26315	0.50868	1	0.23841	0.42516	1	0.47067	0.53523	9.39961	1.05881	1	0.73344	0.55707	11.76756	1.06647	1	-0.00603	-0.00951	0.68150	0.00205	1	0.06177	-0.01331	0.67974	0.00360	1	1.45898	0.81042	0	
1265925	8537.77930	3306177387670	0.24112	0.42809	8537.74609	0.03320	11778	1	0.21108	0.29225	1	0.25933	0.52680	1	0.23521	0.40952	1	0.47071	0.53525	9.50592	1.06647	1	0.73358	0.55691	11.46904	1.06647	1	-0.00603	-0.00951	0.68150	0.00206	1	0.06177	-0.01331	0.67974	0.00361	1	1.45898	0.81042	0	
1265926	8537.78613	3306177453804	0.23990	0.42446	8537.74609	0.04004	11778	1	0.21474	0.28719	1	0.25039	0.51817	1	0.23256	0.40268	1	0.47069	0.53525	9.39656	1.06647	1	0.73349	0.55711	11.89589	1.06647	1	-0.00603	-0.00951	0.68150	0.00212	1	0.06177	-0.01331	0.67974	0.00354	1	1.45898	0.81042	0	
1265927	8537.79297	3306177521462	0.23889	0.42140	8537.74609	0.04688	11778	1	0.21474	0.28719	1	0.24893	0.51273	1	0.23183	0.39996	1	0.47057	0.53547	9.72367	1.06647	1	0.73322	0.55693	12.14745	1.07515	1	-0.00603	-0.00951	0.68150	0.00214	1	0.06331	-0.01370	0.69722	0.00350	1	1.45898	0.81042	0	
1265928	8537.79980	3306177588718	0.23673	0.41977	8537.74609	0.05371	11778	1	0.20600	0.28935	1	0.23291	0.52406	1	0.21945	0.40670	1	0.47065	0.53523	9.05783	1.07515	1	0.73315	0.55695	11.73754	1.08383	1	-0.00603	-0.00951	0.68150	0.00232	1	0.06331	-0.01370	0.69722	0.00358	1	1.45898	0.81042	0	
1265929	8537.80566	3306177654718	0.23537	0.41776	8537.74609	0.05957	11778	1	0.19885	0.30530	1	0.24748	0.49419	1	0.22316	0.39974	1	0.47049	0.53556	9.58981	1.08383	1	0.73338	0.55661	11.57043	1.09251	1	-0.00603	-0.00951	0.68150	0.00212	1	0.06331	-0.01370	0.69722	0.00351	1	1.45898	0.81042	0	
1265930	8537.81250	3306177721167	0.23412	0.41580	8537.74609	0.06641	11778	1	0.19574	0.29813	1	0.24748	0.49419	1	0.22161	0.39616	1	0.47056	0.53571	9.52685	1.09251	1	0.73319	0.55655	11.79804	1.09251	1	-0.00603	-0.00951	0.68150	0.00213	1	0.06116	-0.01325	0.67413	0.00353	1	1.45898	0.81042	0	
1265931	8537.81934	3306177792666	0.23590	0.41524	8537.74609	0.07324	11778	1	0.23275	0.31608	1	0.27822	0.50205	1	0.25548	0.40906	1	0.47036	0.53577	9.86684	1.09251	1	0.73311	0.55666	11.69732	1.08383	1	-0.00603	-0.00951	0.68150	0.00219	1	0.06116	-0.01325	0.67413	0.00352	1	1.45898	0.81042	0	
1265932	8537.82617	3306177858582	0.23639	0.41414	8537.74609	0.08008	11778	1	0.21292	0.27338	1	0.27146	0.52851	1	0.24219	0.40095	1	0.47002	0.53572	9.55785	1.08383	1	0.73264	0.55695	11.65519	1.07515	1	-0.00603	-0.00951	0.68150	0.00230	1	0.06116	-0.01325	0.67413	0.00347	1	1.45898	0.81042	0	
1265933	8537.83301	3306177923669	0.23709	0.41407	8537.74609	0.08691	11778	1	0.21871	0.28766	1	0.27393	0.53876	1	0.24632	0.41321	1	0.46713	0.53501	10.19972	1.06713	1	0.72918	0.55322	11.44750	1.05845	1	-0.00622	-0.00926	0.66382	0.00222	1	0.06078	-0.01310	0.67441	0.00246	1	1.45898	0.81042	0	
1265934	8537.83984	3306177991433	0.25657	0.52702	8537.74609	0.09375	11778	1	0.21871	0.28766	0	0.52924	2.10822	1	0.52924	2.10822	1	0.76237	0.53679	8.05228	1.05044	0	0.76237	0.53679	8.05228	1.05044	1	-0.00622	-0.00926	0.66382	0.00222	1	0.06078	-0.01310	0.67441	0.00267	1	1.45898	0.81042	0	
1265935	8537.84668	3306178058887	0.25657	0.52702	8537.74609	0.10059	11778	1	0.21871	0.28766	0	0.52924	2.10822	0	0.52924	2.10822	0	0.76237	0.53679	8.05228	1.04242	0	0.76237	0.53679	8.05228	1.04242	0	-0.00622	-0.00926	0.66382	0.00222	1	0.06078	-0.01310	0.67441	0.00267	1	1.45898	0.81042	0	
1265936	8537.85352	3306178126641	0.25657	0.52702	8537.74609	0.10742	11778	1	0.21871	0.28766	0	0.52924	2.10822	0	0.52924	2.10822	0	0.76237	0.53679	8.05228	1.03440	0	0.76237	0.53679	8.05228	1.03440	0	-0.00622	-0.00926	0.66382	0.00222	1	0.06078	-0.01310	0.67441	0.00267	1	1.45898	0.81042	0	
1265937	8537.85938	3306178193341	0.25657	0.52702	8537.74609	0.11328	11778	1	0.21871	0.28766	0	0.52924	2.10822	0	0.52924	2.10822	0	0.76237	0.53679	8.05228	1.03440	0	0.76237	0.53679	8.05228	1.03440	0	-0.00622	-0.00926	0.66382	0.00222	1	0.06078	-0.01310	0.67441	0.00267	1	1.45898	0.81042	0	
1265938	8537.86621	3306178261257	0.25965	0.55017	8537.74609	0.11328	11778	0	0.21871	0.28766	0	0.52924	2.10822	0	0.52924	2.10822	0	0.76237	0.53679	8.05228	1.03440	0	0.76237	0.53679	8.05228	1.03440	0	-0.00622	-0.00926	0.66382	0.00222	1	0.06078	-0.01310	0.67441	0.00267	1	1.45898	0.81042	0	
1265939	8537.87305	3306178327543	0.25965	0.55017	8537.74609	0.11328	11778	0	0.21871	0.28766	0	0.52924	2.10822	0	0.52924	2.10822	0	0.76237	0.53679	8.05228	1.03440	0	0.76237	0.53679	8.05228	1.03440	0	-0.00622	-0.00926	0.66382	0.00222	1	0.06078	-0.01310	0.67441	0.00267	1	1.45898	0.81042	0	
1265940	8537.87988	3306178394719	0.25965	0.55017	8537.74609	0.11328	11778	0	0.21871	0.28766	0	0.52924	2.10822	0	0.52924	2.10822	0	0.76237	0.53679	8.05228	1.03440	0	0.76237	0.53679	8.05228	1.03440	0	-0.00622	-0.00926	0.66382	0.00222	1	0.06078	-0.01310	0.67441	0.00267	1	1.45898	0.81042	0	
1265941	8537.88672	3306178461470	0.00000	0.00000	8537.74609	0.11328	11778	0	0.21871	0.28766	0	0.52924	2.10822	0	0.52924	2.10822	0	0.76237	0.53679	8.05228	1.03440	0	0.76237	0.53679	8.05228	1.03440	0	-0.00622	-0.00926	0.66382	0.00222	1	0.06078	-0.01310	0.67441	0.00267	1	1.45898	0.81042	0	
1265942	8537.89355	3306178528488	0.00000	0.00000	8537.74609	0.11328	11778	0	0.21871	0.28766	0	0.52924	2.10822	0	0.52924	2.10822	0	0.76237	0.53679	8.05228	1.03440	0	0.76237	0.53679	8.05228	1.03440	0	-0.00622	-0.00926	0.66382	0.00222	1	0.06078	-0.01310	0.67441	0.00267	1	1.45898	0.81042	0	
1265943	8537.90039	3306178595925	0.00000	0.00000	8537.74609	0.11328	11778	0	0.21871	0.28766	0	0.52924	2.10822	0	0.52924	2.10822	0	0.76237	0.53679	8.05228	1.03440	0	0.76237	0.53679	8.05228	1.03440	0	-0.00622	-0.00926	0.66382	0.00222	1	0.06078	-0.01310	0.67441	0.00267	1	1.45898	0.81042	0	
1265944	8537.90723	3306178662770	0.00000	0.00000	8537.74609	0.11328	11778	0	0.21871	0.28766	0	0.52924	2.10822	0	0.52924	2.10822	0	0.76237	0.53679	8.05228	1.03440	0	0.76237	0.53679	8.05228	1.03440	0	-0.00622	-0.00926	0.66382	0.00222	1	0.06078	-0.01310	0.67441	0.00267	1	1.45898	0.81042	0	
1265945	8537.91309	3306178728934	0.00000	0.00000	8537.74609	0.11328	11778	0	0.21871	0.28766	0	0.52924	2.10822	0	0.52924	2.10822	0	0.76237	0.53679	8.05228	1.03440	0	0.76237	0.53679	8.05228	1.03440	0	-0.00622	-0.00926	0.66382	0.00222	1	0.06078	-0.01310	0.67441	0.00267	1	1.45898	0.81042	0	
1265946	8537.91992	3306178796554	0.00000	0.00000	8537.74609	0.11328	11778	0	0.21871	0.28766	0	0.52924	2.10822	0	0.52924	2.10822	0	0.76237	0.53679	8.05228	1.03440	0	0.76237	0.53679	8.05228	1.03440	0	-0.00622	-0.00926	0.66382	0.00222	1	0.06078	-0.01310	0.67441	0.00267	1	1.45898	0.81042	0	
1265947	8537.92676	3306178863082	0.00000	0.00000	8537.74609	0.11328	11778	0	0.21871	0.28766	0	0.52924	2.10822	0	0.52924	2.10822	0	0.76237	0.53679	8.05228	1.03440	0	0.76237	0.53679	8.05228	1.03440	0	-0.00622	-0.00926	0.66382	0.00222	1	0.06078	-0.01310	0.67441	0.00267	1	1.45898	0.81042	0	
1265948	8537.93359	3306178931094	0.00000	0.00000	8537.74609	0.11328	11778	0	0.21871	0.28766	0	0.52924	2.10822	0	0.52924	2.10822	0	0.76237	0.53679	8.05228	1.03440	0	0.76237	0.53679	8.05228	1.03440	0	-0.00622	-0.00926	0.66382	0.00222	1	0.06078	-0.01310	0.67441	0.00267	1	1.45898	0.81042	0	
1265949	8537.94043	3306178997501	0.00000	0.00000	8537.74609	0.11328	11778	0	0.21871	0.28766	0	0.52924	2.10822	0	0.52924	2.10822	0	0.76237	0.53679	8.05228	1.03440	0	0.76237	0.53679	8.05228	1.03440	0	-0.00622	-0.00926	0.66382	0.00222	1	0.06078	-0.01310	0.67441	0.00267	1	1.45898	0.81042	0	
1265950	8537.94727	3306179064681	0.00000	0.00000	8537.74609	0.11328	11778	0	0.21871	0.28766	0	0.52924	2.10822	0	0.52924	2.10822	0	0.76237	0.53679	8.05228	1.03440	0	0.76237	0.53679	8.05228	1.03440	0	-0.00622	-0.00926	0.66382	0.00222	1	0.06078	-0.01310	0.67441	0.00267	1	1.45898	0.81042	0	
1265951	8537.95410	3306179131291	0.00000	0.00000	8537.74609	0.11328	11778	0	0.21871	0.28766	0	0.52924	2.10822	0	0.52924	2.10822	0	0.76237	0.53679	8.05228	1.03440	0	0.76237	0.53679	8.05228	1.03440	0	-0.00622	-0.00926	0.66382	0.00222	1	0.06078	-0.01310	0.67441	0.00267	1	1.45898	0.81042	0	
1265952	8537.95996	3306179198666	0.00000	0.00000	8537.74609	0.11328	11778	0	0.21871	0.28766	0	0.52924	2.10822	0	0.52924	2.10822	0	0.76237	0.53679	8.05228	1.03440	0	0.76237	0.53679	8.05228	1.03440	0	-0.00622	-0.00926	0.66382	0.00222	1	0.06078	-0.01310	0.67441	0.00267	1	1.45898	0.81042	0	
1265953	8537.96680	3306179265504	0.00000	0.00000	8537.74609	0.11328	11778	0	0.21871	0.28766	0	0.52924	2.10822	0	0.52924	2.10822	0	0.76237	0.53679	8.05228	1.03440	0	0.76237	0.53679	8.05228	1.03440	0	-0.00622	-0.00926	0.66382	0.00222	1	0.06078	-0.01310	0.67441	0.00267	1	1.45898	0.81042	0	
1265954	8537.97363	3306179332507	0.00000	0.00000	8537.74609	0.11328	11778	0	0.21871	0.28766	0	0.52924	2.10822	0	0.52924	2.10822	0	0.76237	0.53679	8.05228	1.03440	0	0.76237	0.53679	8.05228	1.03440	0	-0.00622	-0.00926	0.66382	0.00222	1	0.06078	-0.01310	0.67441	0.00267	1	1.45898	0.81042	0	
1265955	8537.97949	3306179392585	0.00000	0.00000	8537.74609	0.11328	11778	0	0.21871	0.28766	0	0.52924	2.10822	0	0.52924	2.10822	0	0.76237	0.53679	8.05228	1.03440	0	0.76237	0.53679	8.05228	1.03440	0	-0.00622	-0.00926	0.66382	0.00222	1	0.06078	-0.01310	0.67441	0.00267	1	1.45898	0.81042	0	
1265956	8537.98730	3306179463663	0.00000	0.00000	8537.74609	0.11328	11778	0	0.21871	0.28766	0	0.52924	2.10822	0	0.52924	2.10822	0	0.76237	0.53679	8.05228	1.03440	0	0.76237	0.53679	8.05228	1.03440	0	-0.00622	-0.00926	0.66382	0.00222	1	0.06078	-0.01310	0.67441	0.00267	1	1.45898	0.81042	0	
1265957	8537.99316	3306179529068	0.00000	0.00000	8537.74609	0.11328	11778	0	0.21871	0.28766	0	0.52924	2.10822	0	0.52924	2.10822	0	0.76237	0.53679	8.05228	1.03440	0	0.76237	0.53679	8.05228	1.03440	0	-0.00622	-0.00926	0.66382	0.00222	1	0.06078	-0.01310	0.67441	0.00267	1	1.45898	0.81042	0	
1265958	8538.00000	3306179597898	0.00000	0.00000	8537.74609	0.11328	11778	0	0.21871	0.28766	0	0.52924	2.10822	0	0.52924	2.10822	0	0.76237	0.53679	8.05228	1.03440	0	0.76237	0.53679	8.05228	1.03440	0	-0.00622	-0.00926	0.66382	0.00222	1	0.06078	-0.01310	0.67441	0.00267	1	1.45898	0.81042	0	
1265959	8538.00684	3306179663327	0.00000	0.00000	8537.74609	0.11328	11778	0	0.21871	0.28766	0	0.52924	2.10822	0	0.52924	2.10822	0	0.76237	0.53679	8.05228	1.03440	0	0.76237	0.53679	8.05228	1.03440	0	-0.00622	-0.00926	0.66382	0.00222	1	0.06078	-0.01310	0.67441	0.00267	1	1.45898	0.81042	0	
1265960	8538.01367	3306179731361	0.00000	0.00000	8537.74609	0.11328	11778	0	0.21871	0.28766	0	0.52924	2.10822	0	0.52924	2.10822	0	0.76237	0.53679	8.05228	1.03440	0	0.76237	0.53679	8.05228	1.03440	0	-0.00622	-0.00926	0.66382	0.00222	1	0.06078	-0.01310	0.67441	0.00267	1	1.45898	0.81042	0	
1265961	8538.02051	3306179801288	0.00000	0.00000	8537.74609	0.11328	11778	0	0.21871	0.28766	0	0.52924	2.10822	0	0.52924	2.10822	0	0.76237	0.53679	8.05228	1.03440	0	0.76237	0.53679	8.05228	1.03440	0	-0.00622	-0.00926	0.66382	0.00222	1	0.06078	-0.01310	0.67441	0.00267	1	1.45898	0.81042	0	
1265962	8538.02734	3306179868454	0.00000	0.00000	8537.74609	0.11328	11778	0	0.21871	0.28766	0	0.52924	2.10822	0	0.52924	2.10822	0	0.76237	0.53679	8.05228	1.03440	0	0.76237	0.53679	8.05228	1.03440	0	-0.00622	-0.00926	0.66382	0.00222	1	0.06078	-0.01310	0.67441	0.00267	1	1.45898	0.81042	0	
1265963	8538.03320	3306179931711	0.00000	0.00000	8537.74609	0.11328	11778	0	0.21871	0.28766	0	0.52924	2.10822	0	0.52924	2.10822	0	0.76237	0.53679	8.05228	1.03440	0	0.76237	0.53679	8.05228	1.03440	0	-0.00622	-0.00926	0.66382	0.00222	1	0.06078	-0.01310	0.67441	0.00267	1	1.45898	0.81042	0	
1265964	8538.04004	3306179999113	0.00000	0.00000	8537.74609	0.11328	11778	0	0.21871	0.28766	0	0.52924	2.10822	0	0.52924	2.10822	0	0.76237	0.53679	8.05228	1.03440	0	0.76237	0.53679	8.05228	1.03440	0	-0.00622	-0.00926	0.66382	0.00222	1	0.06078	-0.01310	0.67441	0.00267	1	1.45898	0.81042	0	
1265965	8538.04688	3306180065275	0.00000	0.00000	8537.74609	0.11328	11778	0	0.21871	0.28766	0	0.52924	2.10822	0	0.52924	2.10822	0	0.76237	0.53679	8.05228	1.03440	0	0.76237	0.53679	8.05228	1.03440	0	-0.00622	-0.00926	0.66382	0.00222	1	0.06078	-0.01310	0.67441	0.00267	1	1.45898	0.81042	0	
1265966	8538.05371	3306180133593	0.00000	0.00000	8537.74609	0.11328	11778	0	0.21871	0.28766	0	0.52924	2.10822	0	0.52924	2.10822	0	0.76237	0.53679	8.05228	1.03440	0	0.76237	0.53679	8.05228	1.03440	0	-0.00622	-0.00926	0.66382	0.00222	1	0.06078	-0.01310	0.67441	0.00267	1	1.45898	0.81042	0	
1265967	8538.06055	3306180200139	0.00000	0.00000	8537.74609	0.11328	11778	0	0.21871	0.28766	0	0.52924	2.10822	0	0.52924	2.10822	0	0.76237	0.53679	8.05228	1.03440	0	0.76237	0.53679	8.05228	1.03440	0	-0.00622	-0.00926	0.66382	0.00222	1	0.06078	-0.01310	0.67441	0.00267	1	1.45898	0.81042	0	
1265968	8538.06738	3306180269018	0.00000	0.00000	8537.74609	0.11328	11778	0	0.21871	0.28766	0	0.52924	2.10822	0	0.52924	2.10822	0	0.76237	0.53679	8.05228	1.03440	0	0.76237	0.53679	8.05228	1.03440	0	-0.00622	-0.00926	0.66382	0.00222	1	0.06078	-0.01310	0.67441	0.00267	1	1.45898	0.81042	0	
1265969	8538.07422	3306180334289	0.00000	0.00000	8537.74609	0.11328	11778	0	0.21871	0.28766	0	0.52924	2.10822	0	0.52924	2.10822	0	0.76237	0.53679	8.05228	1.03440	0	0.76237	0.53679	8.05228	1.03440	0	-0.00622	-0.00926	0.66382	0.00222	1	0.06078	-0.01310	0.67441	0.00267	1	1.45898	0.81042	0	
1265970	8538.08105	3306180401587	0.00000	0.00000	8537.74609	0.11328	11778	0	0.21871	0.28766	0	0.52924	2.10822	0	0.52924	2.10822	0	0.76237	0.53679	8.05228	1.03440	0	0.76237	0.53679	8.05228	1.03440	0	-0.00622	-0.00926	0.66382	0.00222	1	0.06078	-0.01310	0.67441	0.00267	1	1.45898	0.81042	0	
1265971	8538.08691	3306180469145	0.00000	0.00000	8537.74609	0.11328	11778	0	0.21871	0.28766	0	0.52924	2.10822	0	0.52924	2.10822	0	0.76237	0.53679	8.05228	1.03440	0	0.76237	0.53679	8.05228	1.03440	0	-0.00622	-0.00926	0.66382	0.00222	1	0.06078	-0.01310	0.67441	0.00267	1	1.45898	0.81042	0	
1265972	8538.09375	3306180534876	0.00000	0.00000	8537.74609	0.11328	11778	0	0.21871	0.28766	0	0.52924	2.10822	0	0.52924	2.10822	0	0.76237	0.53679	8.05228	1.03440	0	0.76237	0.53679	8.05228	1.03440	0	-0.00622	-0.00926	0.66382	0.00222	1	0.06078	-0.01310	0.67441	0.00267	1	1.45898	0.81042	0	
1265973	8538.10059	3306180604969	0.00000	0.00000	8537.74609	0.11328	11778	0	0.21871	0.28766	0	0.52924	2.10822	0	0.52924	2.10822	0	0.76237	0.53679	8.05228	1.03440	0	0.76237	0.53679	8.05228	1.03440	0	-0.00622	-0.00926	0.66382	0.00222	1	0.06078	-0.01310	0.67441	0.00267	1	1.45898	0.81042	0	
1265974	8538.10742	3306180672015	0.00000	0.00000	8537.74609	0.11328	11778	0	0.21871	0.28766	0	0.52924	2.10822	0	0.52924	2.10822	0	0.76237	0.53679	8.05228	1.03440	0	0.76237	0.53679	8.05228	1.03440	0	-0.00622	-0.00926	0.66382	0.00222	1	0.06078	-0.01310	0.67441	0.00267	1	1.45898	0.81042	0	
1265975	8538.11426	3306180739041	0.00000	0.00000	8537.74609	0.11328	11778	0	0.21871	0.28766	0	0.52924	2.10822	0	0.52924	2.10822	0	0.76237	0.53679	8.05228	1.03440	0	0.76237	0.53679	8.05228	1.03440	0	-0.00622	-0.00926	0.66382	0.00222	1	0.06078	-0.01310	0.67441	0.00267	1	1.45898	0.81042	0	
1265976	8538.12109	3306180806168	0.00000	0.00000	8537.74609	0.11328	11778	0	0.21871	0.28766	0	0.52924	2.10822	0	0.52924	2.10822	0	0.76237	0.53679	8.05228	1.03440	0	0.76237	0.53679	8.05228	1.03440	0	-0.00622	-0.00926	0.66382	0.00222	1	0.06078	-0.01310	0.67441	0.00267	1	1.45898	0.81042	0	
1265977	8538.12793	3306180873421	0.00000	0.00000	8537.74609	0.11328	11778	0	0.21871	0.28766	0	0.52924	2.10822	0	0.52924	2.10822	0	0.76237	0.53679	8.05228	1.03440	0	0.76237	0.53679	8.05228	1.03440	0	-0.00622	-0.00926	0.66382	0.00222	1	0.06078	-0.01310	0.67441	0.00267	1	1.45898	0.81042	0	
1265978	8538.13477	3306180939968	0.18355	0.63167	8537.74609	0.11328	11778	0	0.18055	0.19201	1	0.55363	2.33468	1	0.36709	1.26335	1	0.48186	0.51452	8.84095	1.17870	1	0.74537	0.53612	9.75041	1.30891	1	-0.00622	-0.00926	0.66382	0.00224	1	0.08951	-0.01910	0.96102	0.00250	1	1.45898	0.81042	0	
1265979	8538.14160	3306181007336	0.21002	-0.21168	8537.74609	0.11328	11778	0	0.26297	-1.89839	1	0.55363	2.33468	0	0.26297	-1.89839	1	0.48230	0.51496	9.05171	1.45321	1	0.74496	0.53589	9.61374	1.58342	1	-0.00622	-0.00926	0.66382	0.00232	1	0.08951	-0.01910	0.96102	0.00255	1	1.45898	0.81042	0	
1265980	8538.14746	3306181074136	0.28237	-1.04612	8537.74609	0.11328	11778	0	0.21705	-2.50332	1	0.55363	2.33468	0	0.21705	-2.50332	1	0.48240	0.51490	9.22260	1.72772	1	0.74496	0.53573	10.30233	1.85793	1	-0.00622	-0.00926	0.66382	0.00224	1	0.08951	-0.01910	0.96102	0.00250	1	1.45898	0.81042	0	
1265981	8538.15430	3306181140905	0.23672	-2.07612	8537.74609	0.11328	11778	0	0.19107	-3.10612	1	0.55363	2.33468	0	0.19107	-3.10612	1	0.48726	0.51827	9.59027	2.00223	1	0.75021	0.54038	10.33688	2.13244	1	-0.00622	-0.00926	0.66382	0.00227	1	0.08951	-0.01910	0.96102	0.00257	1	1.45898	0.81042	0	
1265982	8538.16113	3306181206083	0.41128	-2.25013	8537.74609	0.11328	11778	0	0.49452	-2.42877	1	1.02629	-2.76751	1	0.76041	-2.59814	1	0.48771	0.51889	9.80586	2.13244	1	0.75015	0.54026	11.02844	2.13244	1	-0.00622	-0.00926	0.66382	0.00232	1	0.08951	-0.01910	0.96102	0.00256	1	1.45898	0.81042	0	
1265983	8538.16797	3306181271500	0.56070	-2.74941	8537.74609	0.11328	11778	0	0.47824	-2.12781	1	0.98302	-2.96014	1	0.73063	-2.54398	1	0.48791	0.51884	10.01027	2.13244	1	0.75015	0.54018	10.69210	2.13244	1	-0.00622	-0.00926	0.66382	0.00250	1	0.08951	-0.01910	0.96102	0.00248	1	1.45898	0.81042	0	
1265984	8538.17480	3306181341157	0.63406	-2.45582	8537.74609	0.11328	11778	0	0.49100	-1.90490	1	0.92384	-2.41958	1	0.70742	-2.16224	1	0.49049	0.52160	10.78476	1.98814	1	0.75315	0.54359	10.72736	1.86661	1	-0.00311	-0.00770	0.65833	0.00248	1	0.06663	-0.01266	0.70024	0.00244	1	1.45898	0.81042	0	
1265985	8538.18066	3306181406243	0.67081	-2.02572	8537.74609	0.11328	11778	0	0.74430	-1.16551	1	0.92384	-2.41958	0	0.74430	-1.16551	1	0.49090	0.52179	10.52804	1.72231	1	0.75304	0.54366	11.00819	1.60078	1	-0.00311	-0.00770	0.65833	0.00239	1	0.06663	-0.01266	0.70024	0.00245	1	1.45898	0.81042	0	
1265986	8538.18750	3306181471526	0.74956	-1.35433	8537.74609	0.11328	11778	0	0.73403	-0.80582	1	0.85988	-0.66465	1	0.79695	-0.73523	1	0.49088	0.52181	10.82593	1.45648	1	0.75311	0.54352	10.24980	1.33495	1	-0.00311	-0.00770	0.65833	0.00240	1	0.06663	-0.01266	0.70024	0.00251	1	1.45898	0.81042	0	
1265987	8538.19434	3306181540770	0.74987	-0.84673	8537.74609	0.11328	11778	0	0.72949	-0.43970	1	0.77086	-0.23855	1	0.75017	-0.33913	1	0.49078	0.52203	10.60133	1.18353	1	0.75341	0.54378	11.11510	1.03885	1	-0.00302	-0.00761	0.65058	0.00241	1	0.05669	-0.01087	0.59633	0.00243	1	1.45898	0.81042	0	
1265988	8538.20117	3306181608482	0.75245	-0.62635	8537.74609	0.11328	11778	0	0.72617	-0.22189	1	0.78906	-0.14930	1	0.75762	-0.18559	1	0.49077	0.52201	10.48207	1.03172	1	0.75355	0.54403	10.92926	1.00858	1	-0.00302	-0.00761	0.65058	0.00241	1	0.05669	-0.01087	0.59633	0.00252	1	1.45898	0.81042	0	
1265989	8538.20801	3306181676189	0.75045	-0.23238	8537.74609	0.11328	11778	0	0.72390	-0.18147	1	0.76320	-0.16335	1	0.74355	-0.17241	1	0.49090	0.52197	10.40101	1.00145	1	0.75334	0.54381	10.78553	0.97830	1	-0.00302	-0.00761	0.65058	0.00236	1	0.05669	-0.01087	0.59633	0.00252	1	1.45898	0.81042	0	
1265990	8538.21484	3306181742787	0.74378	-0.17922	8537.74609	0.11328	11778	0	0.72261	-0.14091	1	0.75161	-0.11121	1	0.73711	-0.12606	1	0.49099	0.52189	10.65320	0.97118	1	0.75364	0.54381	10.55687	0.94194	1	-0.00294	-0.00745	0.63288	0.00234	1	0.05891	-0.01133	0.61917	0.00250	1	1.45898	0.81042	0	
1265991	8538.22070	3306181806922	0.74179	-0.15620	8537.74609	0.11328	11778	0	0.73209	-0.10640	1	0.74355	-0.11391	1	0.73782	-0.11016	1	0.49105	0.52186	10.56766	0.94194	1	0.75360	0.54383	10.69036	0.93585	1	-0.00294	-0.00745	0.63288	0.00230	1	0.05891	-0.01133	0.61917	0.00250	1	1.45898	0.81042	0	
1265992	8538.22852	3306181877868	0.73594	-0.11302	8537.74609	0.11328	11778	0	0.73408	-0.09660	1	0.73169	-0.10907	1	0.73288	-0.10284	1	0.49105	0.52190	10.48351	0.93585	1	0.75369	0.54376	10.79009	0.92975	1	-0.00294	-0.00745	0.63288	0.00231	1	0.05891	-0.01133	0.61917	0.00248	1	1.45898	0.81042	0	
1265993	8538.23535	3306181944386	0.73542	-0.11111	8537.74609	0.11328	11778	0	0.73373	-0.08842	1	0.73607	-0.13000	1	0.73490	-0.10921	1	0.49108	0.52204	10.87020	0.92975	1	0.75384	0.54395	10.86888	0.94422	1	-0.00302	-0.00771	0.65058	0.00234	1	0.06377	-0.01225	0.66965	0.00251	1	1.45898	0.81042	0	
1265994	8538.24121	3306182011890	0.73801	-0.11065	8537.74609	0.11328	11778	0	0.73586	-0.13487	1	0.75054	-0.08457	1	0.74320	-0.10972	1	0.49114	0.52207	10.81221	0.94422	1	0.75397	0.54403	11.07880	0.96478	1	-0.00302	-0.00771	0.65058	0.00233	1	0.06377	-0.01225	0.66965	0.00249	1	1.45898	0.81042	0	
1265995	8538.24805	3306182077075	0.73694	-0.12451	8538.22852	0.01953	11779	1	0.71580	-0.16624	1	0.75166	-0.16595	1	0.73373	-0.16610	1	0.49112	0.52209	10.94869	0.96478	1	0.75373	0.54392	11.35077	0.98534	1	-0.00302	-0.00771	0.65058	0.00236	1	0.06377	-0.01225	0.66965	0.00251	1	1.45898	0.81042	0	
1265996	8538.25488	3306182145530	0.73751	-0.14283	8538.22852	0.02637	11779	1	0.71709	-0.21533	1	0.76252	-0.21692	1	0.73980	-0.21612	1	0.49082	0.52354	10.61270	1.00048	1	0.75334	0.54542	11.96154	1.02104	1	-0.00313	-0.00812	0.67267	0.00247	1	0.06377	-0.01225	0.66965	0.00254	1	1.45898	0.81042	0	
1265997	8538.26172	3306182212709	0.74307	-0.14839	8538.22852	0.03320	11779	1	0.73372	-0.19449	1	0.80796	-0.15788	1	0.77084	-0.17619	1	0.49057	0.52415	10.74303	1.03618	1	0.75342	0.54530	11.17326	1.03618	1	-0.00313	-0.00812	0.67267	0.00234	1	0.06377	-0.01225	0.66965	0.00241	1	1.45898	0.81042	0	
1265998	8538.26855	3306182280190	0.75146	-0.17088	8538.22852	0.04004	11779	1	0.74374	-0.28567	1	0.85990	-0.32598	1	0.80182	-0.30582	1	0.49053	0.52429	11.24999	1.05133	1	0.75371	0.54530	11.51802	1.05133	1	-0.00313	-0.00812	0.67267	0.00232	1	0.06377	-0.01225	0.66965	0.00255	1	1.45898	0.81042	0	
1265999	8538.27539	3306182347234	0.75795	-0.18903	8538.22852	0.04688	11779	1	0.74408	-0.29544	1	0.86260	-0.33673	1	0.80334	-0.31609	1	0.48799	0.53201	11.37682	1.05845	1	0.74983	0.55321	12.40542	1.05845	1	-0.00329	-0.00854	0.65455	0.00365	1	0.06649	-0.01338	0.70259	0.00389	1	1.45898	0.81042	0	
1266000	8538.28223	3306182413853	0.75068	-0.16107	8538.22852	0.05371	11779	1	0.66034	0.06696	1	0.72468	0.05837	1	0.69251	0.06266	1	0.48807	0.53033	11.51252	1.05044	1	0.75037	0.55029	11.92342	1.05044	1	-0.00329	-0.00854	0.65455	0.00241	1	0.06649	-0.01338	0.70259	0.00244	1	1.45898	0.81042	0	
1266001	8538.28809	3306182480389	0.74563	-0.14985	8538.22852	0.05957	11779	1	0.64776	-0.03916	1	0.75262	-0.05865	1	0.70019	-0.04891	1	0.48807	0.53019	12.10541	1.04242	1	0.75050	0.55028	12.04221	1.04242	1	-0.00329	-0.00854	0.65455	0.00231	1	0.06649	-0.01338	0.70259	0.00241	1	1.45898	0.81042	0	
1266002	8538.29492	3306182547540	0.74140	-0.14024	8538.22852	0.06641	11779	1	0.64776	-0.03916	1	0.75040	-0.04914	1	0.69908	-0.04415	1	0.48737	0.53565	11.04805	1.04242	1	0.74838	0.55724	12.73664	1.03476	1	-0.00345	-0.00929	0.67690	0.00361	1	0.06185	-0.01299	0.65619	0.00359	1	1.45898	0.81042	0	
1266003	8538.30176	3306182614719	0.73073	-0.09125	8538.22852	0.07324	11779	1	0.62518	0.38119	1	0.60166	0.51405	1	0.61342	0.44762	1	0.48723	0.53543	10.97720	1.04278	1	0.74817	0.55760	11.10854	1.03512	1	-0.00345	-0.00929	0.67690	0.00369	1	0.06185	-0.01299	0.65619	0.00368	1	1.45898	0.81042	0	
1266004	8538.30859	3306182681201	0.72240	-0.05026	8538.22852	0.08008	11779	1	0.63445	0.40889	1	0.61026	0.47447	1	0.62236	0.44168	1	0.48723	0.53587	11.38341	1.04313	1	0.74832	0.55732	11.68994	1.03548	1	-0.00345	-0.00929	0.67690	0.00353	1	0.06185	-0.01299	0.65619	0.00368	1	1.45898	0.81042	0	
1266005	8538.31543	3306182748777	0.71525	-0.01492	8538.22852	0.08691	11779	1	0.63456	0.41451	1	0.61026	0.47447	1	0.62241	0.44449	1	0.48695	0.53583	11.60970	1.03548	1	0.74803	0.55796	12.72511	1.03548	1	-0.00343	-0.00905	0.66271	0.00344	1	0.06303	-0.01333	0.66818	0.00351	1	1.45898	0.81042	0	
1266006	8538.32227	3306182815466	0.69931	0.05231	8538.22852	0.08691	11779	0	0.59473	0.47586	1	0.58980	0.53339	1	0.59226	0.50463	1	0.48648	0.53636	11.08155	1.02746	1	0.74871	0.55769	11.45663	1.03512	1	-0.00343	-0.00905	0.66271	0.00331	1	0.06303	-0.01333	0.66818	0.00362	1	1.45898	0.81042	0	
1266007	8538.32910	3306182882429	0.65407	0.26539	8538.22852	0.08691	11779	0	0.59980	0.46078	1	0.61785	0.49615	1	0.60882	0.47847	1	0.48670	0.53644	11.17690	1.02710	1	0.74879	0.55745	11.51534	1.03476	1	-0.00343	-0.00905	0.66271	0.00316	1	0.06303	-0.01333	0.66818	0.00344	1	1.45898	0.81042	0	
1266008	8538.33594	3306182949727	0.63934	0.33254	8538.22852	0.08691	11779	0	0.59906	0.44912	1	0.62073	0.48456	1	0.60990	0.46684	1	0.48653	0.53661	11.35740	1.04385	1	0.74886	0.55742	11.35198	1.05151	1	-0.00363	-0.00969	0.70188	0.00317	1	0.06424	-0.01357	0.68000	0.00361	1	1.45898	0.81042	0	
1266009	8538.34180	3306183016799	0.61543	0.47206	8538.22852	0.08691	11779	0	0.64178	0.45891	1	0.61333	0.48282	1	0.62756	0.47087	1	0.48690	0.53666	11.58150	1.06861	1	0.74865	0.55749	11.58203	1.06861	1	-0.00363	-0.00969	0.70188	0.00318	1	0.06424	-0.01357	0.68000	0.00354	1	1.45898	0.81042	0	
1266010	8538.34863	3306183083491	0.61848	0.46380	8538.22852	0.08691	11779	0	0.63346	0.44876	1	0.60963	0.46232	1	0.62154	0.45554	1	0.48679	0.53662	11.68824	1.08571	1	0.74849	0.55749	11.74870	1.08571	1	-0.00363	-0.00969	0.70188	0.00317	1	0.06424	-0.01357	0.68000	0.00343	1	1.45898	0.81042	0	
1266011	8538.35547	3306183150433	0.61991	0.45717	8538.22852	0.08691	11779	0	0.63322	0.43733	1	0.61230	0.45051	1	0.62276	0.44392	1	0.48685	0.53688	11.56000	1.10281	1	0.74830	0.55790	12.66418	1.10281	1	-0.00363	-0.00969	0.70188	0.00329	1	0.06424	-0.01367	0.68000	0.00343	1	1.45898	0.81042	0	
1266012	8538.36230	3306183217487	0.61565	0.45862	8538.34180	0.02051	11780	1	0.61289	0.41168	1	0.59283	0.51422	1	0.60286	0.46295	1	0.48660	0.53684	11.19134	1.10281	1	0.74822	0.55802	12.34058	1.10281	1	-0.00363	-0.00969	0.70188	0.00334	1	0.06424	-0.01367	0.68000	0.00367	1	1.45898	0.81042	0	
1266013	8538.36914	3306183283904	0.61382	0.45817	8538.34180	0.02734	11780	1	0.63252	0.39957	1	0.58049	0.51321	1	0.60650	0.45639	1	0.48682	0.53695	10.82875	1.10281	1	0.74812	0.55803	12.22823	1.10281	1	-0.00363	-0.00969	0.70188	0.00338	1	0.06424	-0.01367	0.68000	0.00366	1	1.45898	0.81042	0	
1266014	8538.37598	3306183351676	0.61261	0.45843	8538.34180	0.03418	11780	1	0.63266	0.40595	1	0.58043	0.51347	1	0.60654	0.45971	1	0.48701	0.53695	11.31313	1.09373	1	0.74781	0.55840	12.95657	1.10241	1	-0.00345	-0.00939	0.67690	0.00337	1	0.06622	-0.01402	0.70035	0.00362	1	1.45898	0.81042	0	
1266015	8538.38281	3306183418407	0.60878	0.45802	8538.34180	0.04102	11780	1	0.62800	0.43345	1	0.54372	0.47767	1	0.58586	0.45556	1	0.48676	0.53713	11.28095	1.09332	1	0.74746	0.55846	12.60567	1.10200	1	-0.00345	-0.00939	0.67690	0.00328	1	0.06622	-0.01402	0.70035	0.00377	1	1.45898	0.81042	0	
1266016	8538.38867	3306183485144	0.61125	0.45944	8538.34180	0.04688	11780	1	0.64869	0.44055	1	0.60833	0.49828	1	0.62851	0.46942	1	0.48702	0.53720	11.89917	1.09292	1	0.74841	0.55841	12.24373	1.10160	1	-0.00345	-0.00939	0.67690	0.00329	1	0.06622	-0.01402	0.70035	0.00355	1	1.45898	0.81042	0	
1266017	8538.39551	3306183552510	0.61324	0.45992	8538.34180	0.05371	11780	1	0.64868	0.43473	1	0.60965	0.49267	1	0.62917	0.46370	1	0.48702	0.53726	11.62976	1.10160	1	0.74832	0.55855	12.35269	1.11028	1	-0.00363	-0.00974	0.70188	0.00333	1	0.06648	-0.01413	0.70312	0.00352	1	1.45898	0.81042	0	
1266018	8538.40234	3306183619668	0.61414	0.46009	8538.34180	0.06055	11780	1	0.63644	0.41554	1	0.60798	0.50770	1	0.62221	0.46162	1	0.48677	0.53727	11.37149	1.11936	1	0.74848	0.55860	11.58383	1.11936	1	-0.00363	-0.00974	0.70188	0.00329	1	0.06648	-0.01413	0.70312	0.00363	1	1.45898	0.81042	0	
1266019	8538.40918	3306183686429	0.61391	0.45942	8538.34180	0.06738	11780	1	0.63271	0.37981	1	0.59048	0.52565	1	0.61159	0.45273	1	0.48692	0.53676	10.82427	1.12845	1	0.74816	0.55891	12.86957	1.12845	1	-0.00363	-0.00974	0.70188	0.00355	1	0.06648	-0.01413	0.70312	0.00341	1	1.45898	0.81042	0	
1266020	8538.41602	3306183753157	0.61366	0.45908	8538.34180	0.07422	11780	1	0.63271	0.37981	1	0.58931	0.53091	1	0.61101	0.45536	1	0.48688	0.53702	10.95562	1.12845	1	0.74824	0.55880	12.75426	1.11977	1	-0.00359	-0.00953	0.68343	0.00345	1	0.06424	-0.01372	0.68000	0.00340	1	1.45898	0.81042	0	
1266021	8538.42285	3306183820482	0.61460	0.46126	8538.34180	0.08105	11780	1	0.65567	0.44584	1	0.59591	0.52905	1	0.62579	0.48745	1	0.48721	0.53739	11.45761	1.11068	1	0.74831	0.55878	12.65578	1.10200	1	-0.00359	-0.00953	0.68343	0.00337	1	0.06424	-0.01372	0.68000	0.00340	1	1.45898	0.81042	0	
1266022	8538.42969	3306183887769	0.61394	0.46156	8538.34180	0.08789	11780	1	0.61552	0.40927	1	0.59519	0.52146	1	0.60536	0.46536	1	0.48728	0.53675	10.84883	1.09292	1	0.74872	0.55871	11.47917	1.08424	1	-0.00359	-0.00953	0.68343	0.00344	1	0.06424	-0.01372	0.68000	0.00352	1	1.45898	0.81042	0	
1266023	8538.43555	3306183953721	0.61330	0.46260	8538.34180	0.09375	11780	1	0.61603	0.42172	1	0.59263	0.53274	1	0.60433	0.47723	1	0.48830	0.53748	10.33554	1.07515	1	0.75003	0.55945	11.33552	1.06647	1	-0.00339	-0.00956	0.68565	0.00325	1	0.06649	-0.01423	0.70259	0.00357	1	1.45898	0.81042	0	
1266024	8538.44238	3306184021311	0.61556	0.46639	8538.34180	0.10059	11780	1	0.66924	0.45713	1	0.62987	0.58927	1	0.64955	0.52320	1	0.48892	0.53769	10.91477	1.06647	1	0.75012	0.55920	11.85164	1.06647	1	-0.00339	-0.00956	0.68565	0.00321	1	0.06649	-0.01423	0.70259	0.00339	1	1.45898	0.81042	0	
1266025	8538.44922	3306184088590	0.61638	0.46688	8538.34180	0.10742	11780	1	0.66171	0.37748	1	0.59727	0.57192	1	0.62949	0.47470	1	0.48890	0.53688	10.76502	1.06647	1	0.74997	0.55914	11.69856	1.06647	1	-0.00339	-0.00956	0.68565	0.00340	1	0.06649	-0.01423	0.70259	0.00336	1	1.45898	0.81042	0	
1266026	8538.45605	3306184154849	0.61711	0.46731	8538.34180	0.11426	11780	1	0.66171	0.37748	1	0.59727	0.57192	1	0.62949	0.47470	1	0.49016	0.53782	11.39651	1.06647	1	0.75244	0.55665	9.54304	1.06647	1	-0.00304	-0.00944	0.67675	0.00331	1	0.06421	-0.01375	0.67644	0.00231	1	1.45898	0.81042	0	
1266027	8538.46289	3306184221928	0.62409	0.46159	8538.34180	0.12109	11780	1	0.73316	0.41302	1	0.76635	0.30430	1	0.74976	0.35866	1	0.49044	0.53734	11.15520	1.06647	1	0.75261	0.55659	9.31835	1.06647	1	-0.00304	-0.00944	0.67675	0.00351	1	0.06421	-0.01375	0.67644	0.00244	1	1.45898	0.81042	0	
1266028	8538.46973	3306184289208	0.63037	0.45925	8538.34180	0.12793	11780	1	0.74607	0.45331	1	0.75322	0.37597	1	0.74964	0.41464	1	0.49023	0.53766	11.61331	1.06647	1	0.75251	0.55672	9.73388	1.06647	1	-0.00304	-0.00944	0.67675	0.00318	1	0.06421	-0.01375	0.67644	0.00237	1	1.45898	0.81042	0	
1266029	8538.47656	3306184356202	0.63605	0.45712	8538.34180	0.13477	11780	1	0.74607	0.45331	1	0.75322	0.37597	1	0.74964	0.41464	1	0.49053	0.53748	10.95971	1.06647	1	0.75256	0.55706	9.55921	1.06647	1	-0.00313	-0.00943	0.67268	0.00367	1	0.06528	-0.01393	0.68768	0.00244	1	1.45898	0.81042	0	
1266030	8538.48242	3306184421626	0.64183	0.45545	8538.34180	0.14062	11780	1	0.74957	0.44364	1	0.77673	0.39686	1	0.76315	0.42025	1	0.49025	0.53779	10.96032	1.06647	1	0.75256	0.55693	9.91643	1.06647	1	-0.00313	-0.00943	0.67268	0.00348	1	0.06528	-0.01393	0.68768	0.00237	1	1.45898	0.81042	0	
1266031	8538.48926	3306184489010	0.67710	0.44868	8538.34180	0.14062	11780	0	0.73909	0.43984	1	0.77678	0.39620	1	0.75793	0.41802	1	0.49003	0.53766	10.69168	1.06647	1	0.75247	0.55692	9.78768	1.06647	1	-0.00313	-0.00943	0.67268	0.00336	1	0.06528	-0.01393	0.68768	0.00234	1	1.45898	0.81042	0	
1266032	8538.49609	3306184557823	0.71751	0.43335	8538.34180	0.14062	11780	0	0.73909	0.43984	1	0.77678	0.39620	1	0.75793	0.41802	1	0.49001	0.53806	10.87164	1.06647	1	0.75213	0.55699	10.01882	1.06647	1	-0.00313	-0.00943	0.67268	0.00328	1	0.06528	-0.01395	0.68876	0.00221	1	1.45898	0.81042	0	
1266033	8538.50293	3306184624040	0.72645	0.43287	8538.34180	0.14062	11780	0	0.73394	0.48671	1	0.75473	0.37710	1	0.74434	0.43190	1	0.49000	0.53795	10.85268	1.06647	1	0.75209	0.55670	9.21180	1.06647	1	-0.00313	-0.00943	0.67268	0.00320	1	0.06528	-0.01395	0.68876	0.00236	1	1.45898	0.81042	0	
1266034	8538.50977	3306184691133	0.73593	0.43604	8538.48926	0.02051	11781	1	0.74790	0.48853	1	0.78083	0.40258	1	0.76436	0.44556	1	0.49000	0.53798	10.61340	1.06647	1	0.75205	0.55716	9.97480	1.06647	1	-0.00313	-0.00943	0.67268	0.00327	1	0.06528	-0.01395	0.68876	0.00221	1	1.45898	0.81042	0	
1266035	8538.51660	3306184758149	0.74198	0.43666	8538.48926	0.02734	11781	1	0.74864	0.48273	1	0.78368	0.39556	1	0.76616	0.43914	1	0.48970	0.53782	10.64279	1.07556	1	0.75207	0.55706	9.64430	1.07556	1	-0.00336	-0.00998	0.71151	0.00321	1	0.06452	-0.01384	0.68071	0.00223	1	1.45898	0.81042	0	
1266036	8538.52344	3306184825155	0.74344	0.43716	8538.48926	0.03418	11781	1	0.72008	0.49394	1	0.78146	0.38540	1	0.75077	0.43967	1	0.48968	0.53816	10.60272	1.08464	1	0.75198	0.55699	9.42160	1.08464	1	-0.00336	-0.00998	0.71151	0.00347	1	0.06452	-0.01384	0.68071	0.00231	1	1.45898	0.81042	0	
1266037	8538.52930	3306184891575	0.74504	0.43647	8538.48926	0.04004	11781	1	0.72591	0.49889	1	0.78329	0.36576	1	0.75460	0.43232	1	0.48977	0.53898	10.94112	1.09373	1	0.75199	0.55692	9.05727	1.09373	1	-0.00336	-0.00998	0.71151	0.00347	1	0.06452	-0.01384	0.68071	0.00234	1	1.45898	0.81042	0	
1266038	8538.53613	3306184956930	0.74623	0.43595	8538.48926	0.04688	11781	1	0.72591	0.49889	1	0.78329	0.36576	1	0.75460	0.43232	1	0.48988	0.53906	10.95234	1.09373	1	0.75180	0.55685	9.51380	1.09373	1	-0.00313	-0.00943	0.67268	0.00355	1	0.06452	-0.01384	0.68071	0.00221	1	1.45898	0.81042	0	
1266039	8538.54297	3306185026021	0.74756	0.43863	8538.48926	0.05371	11781	1	0.73852	0.52710	1	0.77791	0.39295	1	0.75821	0.46003	1	0.48990	0.53856	10.69659	1.08464	1	0.75197	0.55709	9.29329	1.08464	1	-0.00313	-0.00943	0.67268	0.00365	1	0.06452	-0.01384	0.68071	0.00218	1	1.45898	0.81042	0	
1266040	8538.54980	3306185093256	0.74918	0.43953	8538.48926	0.06055	11781	1	0.73219	0.52359	1	0.79516	0.37177	1	0.76368	0.44768	1	0.48984	0.53859	10.82501	1.07556	1	0.75215	0.55703	8.67347	1.07556	1	-0.00313	-0.00943	0.67268	0.00346	1	0.06452	-0.01384	0.68071	0.00239	1	1.45898	0.81042	0	
1266041	8538.55664	3306185161878	0.75033	0.44085	8538.48926	0.06738	11781	1	0.73156	0.52905	1	0.79222	0.37900	1	0.76189	0.45403	1	0.48978	0.53866	11.30369	1.06647	1	0.75050	0.55979	11.33057	1.06647	1	-0.00318	-0.00966	0.68507	0.00320	1	0.06452	-0.01384	0.68071	0.00374	1	1.45898	0.81042	0	
1266042	8538.56348	3306185226706	0.73251	0.44558	8538.48926	0.07422	11781	1	0.73156	0.52905	0	0.53653	0.49760	1	0.53653	0.49760	1	0.48978	0.53866	11.30369	1.06647	0	0.48960	0.53840	8.93224	1.06647	1	-0.00318	-0.00966	0.68507	0.00320	1	0.06452	-0.01384	0.68071	0.00301	1	1.45898	0.81042	0	
1266043	8538.57031	3306185293416	0.70238	0.63698	8538.48926	0.08105	11781	1	0.73156	0.52905	0	0.34070	2.93373	1	0.34070	2.93373	1	0.48978	0.53866	11.30369	1.06647	0	0.50375	0.51655	6.60618	1.06647	1	-0.00318	-0.00966	0.68507	0.00320	1	0.06452	-0.01384	0.68071	0.00204	1	1.45898	0.81042	0	
1266044	8538.57617	3306185359908	0.70238	0.63698	8538.48926	0.08691	11781	1	0.73156	0.52905	0	0.34070	2.93373	0	0.34070	2.93373	0	0.48978	0.53866	11.30369	1.06647	0	0.50375	0.51655	6.60618	1.06647	0	-0.00318	-0.00966	0.68507	0.00320	1	0.06452	-0.01384	0.68071	0.00204	1	1.45898	0.81042	0	
1266045	8538.58301	3306185426496	0.70238	0.63698	8538.48926	0.09375	11781	1	0.73156	0.52905	0	0.34070	2.93373	0	0.34070	2.93373	0	0.48978	0.53866	11.30369	1.06647	0	0.50375	0.51655	6.60618	1.06647	0	-0.00318	-0.00966	0.68507	0.00320	1	0.06452	-0.01384	0.68071	0.00204	1	1.45898	0.81042	0	
1266046	8538.58984	3306185494235	0.70238	0.63698	8538.48926	0.10059	11781	1	0.73156	0.52905	0	0.34070	2.93373	0	0.34070	2.93373	0	0.48978	0.53866	11.30369	1.06647	0	0.50375	0.51655	6.60618	1.06647	0	-0.00318	-0.00966	0.68507	0.00320	1	0.06452	-0.01384	0.68071	0.00204	1	1.45898	0.81042	0	
1266047	8538.59668	3306185558359	0.70448	0.65267	8538.48926	0.10059	11781	0	0.73156	0.52905	0	0.34070	2.93373	0	0.34070	2.93373	0	0.48978	0.53866	11.30369	1.06647	0	0.50375	0.51655	6.60618	1.06647	0	-0.00318	-0.00966	0.68507	0.00320	1	0.06452	-0.01384	0.68071	0.00204	1	1.45898	0.81042	0	
1266048	8538.60254	3306185623908	0.70448	0.65267	8538.48926	0.10059	11781	0	0.73156	0.52905	0	0.34070	2.93373	0	0.34070	2.93373	0	0.48978	0.53866	11.30369	1.06647	0	0.50375	0.51655	6.60618	1.06647	0	-0.00318	-0.00966	0.68507	0.00320	1	0.06452	-0.01384	0.68071	0.00204	1	1.45898	0.81042	0	
1266049	8538.61035	3306185696584	0.70448	0.65267	8538.48926	0.10059	11781	0	0.73156	0.52905	0	0.34070	2.93373	0	0.34070	2.93373	0	0.48978	0.53866	11.30369	1.06647	0	0.50375	0.51655	6.60618	1.06647	0	-0.00318	-0.00966	0.68507	0.00320	1	0.06452	-0.01384	0.68071	0.00204	1	1.45898	0.81042	0	
1266050	8538.61719	3306185763196	0.00000	0.00000	8538.48926	0.10059	11781	0	0.73156	0.52905	0	0.34070	2.93373	0	0.34070	2.93373	0	0.48978	0.53866	11.30369	1.06647	0	0.50375	0.51655	6.60618	1.06647	0	-0.00318	-0.00966	0.68507	0.00320	1	0.06452	-0.01384	0.68071	0.00204	1	1.45898	0.81042	0	
1266051	8538.62402	3306185831143	0.00000	0.00000	8538.48926	0.10059	11781	0	0.73156	0.52905	0	0.34070	2.93373	0	0.34070	2.93373	0	0.48978	0.53866	11.30369	1.06647	0	0.50375	0.51655	6.60618	1.06647	0	-0.00318	-0.00966	0.68507	0.00320	1	0.06452	-0.01384	0.68071	0.00204	1	1.45898	0.81042	0	
1266052	8538.62988	3306185895753	0.00000	0.00000	8538.48926	0.10059	11781	0	0.73156	0.52905	0	0.34070	2.93373	0	0.34070	2.93373	0	0.48978	0.53866	11.30369	1.06647	0	0.50375	0.51655	6.60618	1.06647	0	-0.00318	-0.00966	0.68507	0.00320	1	0.06452	-0.01384	0.68071	0.00204	1	1.45898	0.81042	0	
1266053	8538.63672	3306185959112	0.00000	0.00000	8538.48926	0.10059	11781	0	0.73156	0.52905	0	0.34070	2.93373	0	0.34070	2.93373	0	0.48978	0.53866	11.30369	1.06647	0	0.50375	0.51655	6.60618	1.06647	0	-0.00318	-0.00966	0.68507	0.00320	1	0.06452	-0.01384	0.68071	0.00204	1	1.45898	0.81042	0	
1266054	8538.64355	3306186032232	0.00000	0.00000	8538.48926	0.10059	11781	0	0.73156	0.52905	0	0.34070	2.93373	0	0.34070	2.93373	0	0.48978	0.53866	11.30369	1.06647	0	0.50375	0.51655	6.60618	1.06647	0	-0.00318	-0.00966	0.68507	0.00320	1	0.06452	-0.01384	0.68071	0.00204	1	1.45898	0.81042	0	
1266055	8538.65039	3306186097581	0.00000	0.00000	8538.48926	0.10059	11781	0	0.73156	0.52905	0	0.34070	2.93373	0	0.34070	2.93373	0	0.48978	0.53866	11.30369	1.06647	0	0.50375	0.51655	6.60618	1.06647	0	-0.00318	-0.00966	0.68507	0.00320	1	0.06452	-0.01384	0.68071	0.00204	1	1.45898	0.81042	0	
1266056	8538.65723	3306186164810	0.00000	0.00000	8538.48926	0.10059	11781	0	0.73156	0.52905	0	0.34070	2.93373	0	0.34070	2.93373	0	0.48978	0.53866	11.30369	1.06647	0	0.50375	0.51655	6.60618	1.06647	0	-0.00318	-0.00966	0.68507	0.00320	1	0.06452	-0.01384	0.68071	0.00204	1	1.45898	0.81042	0	
1266057	8538.66406	3306186231176	0.00000	0.00000	8538.48926	0.10059	11781	0	0.73156	0.52905	0	0.34070	2.93373	0	0.34070	2.93373	0	0.48978	0.53866	11.30369	1.06647	0	0.50375	0.51655	6.60618	1.06647	0	-0.00318	-0.00966	0.68507	0.00320	1	0.06452	-0.01384	0.68071	0.00204	1	1.45898	0.81042	0	
1266058	8538.66992	3306186298575	0.00000	0.00000	8538.48926	0.10059	11781	0	0.73156	0.52905	0	0.34070	2.93373	0	0.34070	2.93373	0	0.48978	0.53866	11.30369	1.06647	0	0.50375	0.51655	6.60618	1.06647	0	-0.00318	-0.00966	0.68507	0.00320	1	0.06452	-0.01384	0.68071	0.00204	1	1.45898	0.81042	0	
1266059	8538.67676	3306186364984	0.00000	0.00000	8538.48926	0.10059	11781	0	0.73156	0.52905	0	0.34070	2.93373	0	0.34070	2.93373	0	0.48978	0.53866	11.30369	1.06647	0	0.50375	0.51655	6.60618	1.06647	0	-0.00318	-0.00966	0.68507	0.00320	1	0.06452	-0.01384	0.68071	0.00204	1	1.45898	0.81042	0	
1266060	8538.68359	3306186432743	0.00000	0.00000	8538.48926	0.10059	11781	0	0.73156	0.52905	0	0.34070	2.93373	0	0.34070	2.93373	0	0.48978	0.53866	11.30369	1.06647	0	0.50375	0.51655	6.60618	1.06647	0	-0.00318	-0.00966	0.68507	0.00320	1	0.06452	-0.01384	0.68071	0.00204	1	1.45898	0.81042	0	
1266061	8538.69043	3306186499797	0.00000	0.00000	8538.48926	0.10059	11781	0	0.73156	0.52905	0	0.34070	2.93373	0	0.34070	2.93373	0	0.48978	0.53866	11.30369	1.06647	0	0.50375	0.51655	6.60618	1.06647	0	-0.00318	-0.00966	0.68507	0.00320	1	0.06452	-0.01384	0.68071	0.00204	1	1.45898	0.81042	0	
1266062	8538.69727	3306186567903	0.00000	0.00000	8538.48926	0.10059	11781	0	0.73156	0.52905	0	0.34070	2.93373	0	0.34070	2.93373	0	0.48978	0.53866	11.30369	1.06647	0	0.50375	0.51655	6.60618	1.06647	0	-0.00318	-0.00966	0.68507	0.00320	1	0.06452	-0.01384	0.68071	0.00204	1	1.45898	0.81042	0	
1266063	8538.70410	3306186632374	0.00000	0.00000	8538.48926	0.10059	11781	0	0.73156	0.52905	0	0.34070	2.93373	0	0.34070	2.93373	0	0.48978	0.53866	11.30369	1.06647	0	0.50375	0.51655	6.60618	1.06647	0	-0.00318	-0.00966	0.68507	0.00320	1	0.06452	-0.01384	0.68071	0.00204	1	1.45898	0.81042	0	
1266064	8538.71094	3306186701128	0.00000	0.00000	8538.48926	0.10059	11781	0	0.73156	0.52905	0	0.34070	2.93373	0	0.34070	2.93373	0	0.48978	0.53866	11.30369	1.06647	0	0.50375	0.51655	6.60618	1.06647	0	-0.00318	-0.00966	0.68507	0.00320	1	0.06452	-0.01384	0.68071	0.00204	1	1.45898	0.81042	0	
1266065	8538.71777	3306186768815	0.00000	0.00000	8538.48926	0.10059	11781	0	0.73156	0.52905	0	0.34070	2.93373	0	0.34070	2.93373	0	0.48978	0.53866	11.30369	1.06647	0	0.50375	0.51655	6.60618	1.06647	0	-0.00318	-0.00966	0.68507	0.00320	1	0.06452	-0.01384	0.68071	0.00204	1	1.45898	0.81042	0	
1266066	8538.72363	3306186833271	0.00000	0.00000	8538.48926	0.10059	11781	0	0.73156	0.52905	0	0.34070	2.93373	0	0.34070	2.93373	0	0.48978	0.53866	11.30369	1.06647	0	0.50375	0.51655	6.60618	1.06647	0	-0.00318	-0.00966	0.68507	0.00320	1	0.06452	-0.01384	0.68071	0.00204	1	1.45898	0.81042	0	
1266067	8538.73047	3306186901437	0.00000	0.00000	8538.48926	0.10059	11781	0	0.73156	0.52905	0	0.34070	2.93373	0	0.34070	2.93373	0	0.48978	0.53866	11.30369	1.06647	0	0.50375	0.51655	6.60618	1.06647	0	-0.00318	-0.00966	0.68507	0.00320	1	0.06452	-0.01384	0.68071	0.00204	1	1.45898	0.81042	0	
1266068	8538.73730	3306186967428	0.00000	0.00000	8538.48926	0.10059	11781	0	0.73156	0.52905	0	0.34070	2.93373	0	0.34070	2.93373	0	0.48978	0.53866	11.30369	1.06647	0	0.50375	0.51655	6.60618	1.06647	0	-0.00318	-0.00966	0.68507	0.00320	1	0.06452	-0.01384	0.68071	0.00204	1	1.45898	0.81042	0	
1266069	8538.74414	3306187035567	0.00000	0.00000	8538.48926	0.10059	11781	0	0.73156	0.52905	0	0.34070	2.93373	0	0.34070	2.93373	0	0.48978	0.53866	11.30369	1.06647	0	0.50375	0.51655	6.60618	1.06647	0	-0.00318	-0.00966	0.68507	0.00320	1	0.06452	-0.01384	0.68071	0.00204	1	1.45898	0.81042	0	
1266070	8538.75098	3306187102104	0.00000	0.00000	8538.48926	0.10059	11781	0	0.73156	0.52905	0	0.34070	2.93373	0	0.34070	2.93373	0	0.48978	0.53866	11.30369	1.06647	0	0.50375	0.51655	6.60618	1.06647	0	-0.00318	-0.00966	0.68507	0.00320	1	0.06452	-0.01384	0.68071	0.00204	1	1.45898	0.81042	0	
1266071	8538.75781	3306187169445	0.00000	0.00000	8538.48926	0.10059	11781	0	0.73156	0.52905	0	0.34070	2.93373	0	0.34070	2.93373	0	0.48978	0.53866	11.30369	1.06647	0	0.50375	0.51655	6.60618	1.06647	0	-0.00318	-0.00966	0.68507	0.00320	1	0.06452	-0.01384	0.68071	0.00204	1	1.45898	0.81042	0	
1266072	8538.76367	3306187235099	0.00000	0.00000	8538.48926	0.10059	11781	0	0.73156	0.52905	0	0.34070	2.93373	0	0.34070	2.93373	0	0.48978	0.53866	11.30369	1.06647	0	0.50375	0.51655	6.60618	1.06647	0	-0.00318	-0.00966	0.68507	0.00320	1	0.06452	-0.01384	0.68071	0.00204	1	1.45898	0.81042	0	
1266073	8538.77051	3306187303873	0.00000	0.00000	8538.48926	0.10059	11781	0	0.73156	0.52905	0	0.34070	2.93373	0	0.34070	2.93373	0	0.48978	0.53866	11.30369	1.06647	0	0.50375	0.51655	6.60618	1.06647	0	-0.00318	-0.00966	0.68507	0.00320	1	0.06452	-0.01384	0.68071	0.00204	1	1.45898	0.81042	0	
1266074	8538.77734	3306187367323	0.00000	0.00000	8538.48926	0.10059	11781	0	0.73156	0.52905	0	0.34070	2.93373	0	0.34070	2.93373	0	0.48978	0.53866	11.30369	1.06647	0	0.50375	0.51655	6.60618	1.06647	0	-0.00318	-0.00966	0.68507	0.00320	1	0.06452	-0.01384	0.68071	0.00204	1	1.45898	0.81042	0	
1266075	8538.78418	3306187437377	0.00000	0.00000	8538.48926	0.10059	11781	0	0.73156	0.52905	0	0.34070	2.93373	0	0.34070	2.93373	0	0.48978	0.53866	11.30369	1.06647	0	0.50375	0.51655	6.60618	1.06647	0	-0.00318	-0.00966	0.68507	0.00320	1	0.06452	-0.01384	0.68071	0.00204	1	1.45898	0.81042	0	
1266076	8538.79102	3306187503909	0.00000	0.00000	8538.48926	0.10059	11781	0	0.73156	0.52905	0	0.34070	2.93373	0	0.34070	2.93373	0	0.48978	0.53866	11.30369	1.06647	0	0.50375	0.51655	6.60618	1.06647	0	-0.00318	-0.00966	0.68507	0.00320	1	0.06452	-0.01384	0.68071	0.00204	1	1.45898	0.81042	0	
1266077	8538.79785	3306187570096	0.00000	0.00000	8538.48926	0.10059	11781	0	0.73156	0.52905	0	0.34070	2.93373	0	0.34070	2.93373	0	0.48978	0.53866	11.30369	1.06647	0	0.50375	0.51655	6.60618	1.06647	0	-0.00318	-0.00966	0.68507	0.00320	1	0.06452	-0.01384	0.68071	0.00204	1	1.45898	0.81042	0	
1266078	8538.80469	3306187638446	0.00000	0.00000	8538.48926	0.10059	11781	0	0.73156	0.52905	0	0.34070	2.93373	0	0.34070	2.93373	0	0.48978	0.53866	11.30369	1.06647	0	0.50375	0.51655	6.60618	1.06647	0	-0.00318	-0.00966	0.68507	0.00320	1	0.06452	-0.01384	0.68071	0.00204	1	1.45898	0.81042	0	
1266079	8538.81055	3306187705426	0.00000	0.00000	8538.48926	0.10059	11781	0	0.73156	0.52905	0	0.34070	2.93373	0	0.34070	2.93373	0	0.48978	0.53866	11.30369	1.06647	0	0.50375	0.51655	6.60618	1.06647	0	-0.00318	-0.00966	0.68507	0.00320	1	0.06452	-0.01384	0.68071	0.00204	1	1.45898	0.81042	0	
1266080	8538.81738	3306187773058	0.00000	0.00000	8538.48926	0.10059	11781	0	0.73156	0.52905	0	0.34070	2.93373	0	0.34070	2.93373	0	0.48978	0.53866	11.30369	1.06647	0	0.50375	0.51655	6.60618	1.06647	0	-0.00318	-0.00966	0.68507	0.00320	1	0.06452	-0.01384	0.68071	0.00204	1	1.45898	0.81042	0	
1266081	8538.82422	3306187836994	0.00000	0.00000	8538.48926	0.10059	11781	0	0.73156	0.52905	0	0.34070	2.93373	0	0.34070	2.93373	0	0.48978	0.53866	11.30369	1.06647	0	0.50375	0.51655	6.60618	1.06647	0	-0.00318	-0.00966	0.68507	0.00320	1	0.06452	-0.01384	0.68071	0.00204	1	1.45898	0.81042	0	
1266082	8538.83105	3306187906099	0.00000	0.00000	8538.48926	0.10059	11781	0	0.73156	0.52905	0	0.34070	2.93373	0	0.34070	2.93373	0	0.48978	0.53866	11.30369	1.06647	0	0.50375	0.51655	6.60618	1.06647	0	-0.00318	-0.00966	0.68507	0.00320	1	0.06452	-0.01384	0.68071	0.00204	1	1.45898	0.81042	0	
1266083	8538.83789	3306187973113	0.00000	0.00000	8538.48926	0.10059	11781	0	0.73156	0.52905	0	0.34070	2.93373	0	0.34070	2.93373	0	0.48978	0.53866	11.30369	1.06647	0	0.50375	0.51655	6.60618	1.06647	0	-0.00318	-0.00966	0.68507	0.00320	1	0.06452	-0.01384	0.68071	0.00204	1	1.45898	0.81042	0	
1266084	8538.84473	3306188040309	0.00000	0.00000	8538.48926	0.10059	11781	0	0.73156	0.52905	0	0.34070	2.93373	0	0.34070	2.93373	0	0.48978	0.53866	11.30369	1.06647	0	0.50375	0.51655	6.60618	1.06647	0	-0.00318	-0.00966	0.68507	0.00320	1	0.06452	-0.01384	0.68071	0.00204	1	1.45898	0.81042	0	
1266085	8538.85156	3306188107032	0.00000	0.00000	8538.48926	0.10059	11781	0	0.73156	0.52905	0	0.34070	2.93373	0	0.34070	2.93373	0	0.48978	0.53866	11.30369	1.06647	0	0.50375	0.51655	6.60618	1.06647	0	-0.00318	-0.00966	0.68507	0.00320	1	0.06452	-0.01384	0.68071	0.00204	1	1.45898	0.81042	0	
1266086	8538.85742	3306188174150	0.00000	0.00000	8538.48926	0.10059	11781	0	0.73156	0.52905	0	0.34070	2.93373	0	0.34070	2.93373	0	0.48978	0.53866	11.30369	1.06647	0	0.50375	0.51655	6.60618	1.06647	0	-0.00318	-0.00966	0.68507	0.00320	1	0.06452	-0.01384	0.68071	0.00204	1	1.45898	0.81042	0	
1266087	8538.86426	3306188241094	0.00000	0.00000	8538.48926	0.10059	11781	0	0.73156	0.52905	0	0.34070	2.93373	0	0.34070	2.93373	0	0.48978	0.53866	11.30369	1.06647	0	0.50375	0.51655	6.60618	1.06647	0	-0.00318	-0.00966	0.68507	0.00320	1	0.06452	-0.01384	0.68071	0.00204	1	1.45898	0.81042	0	
1266088	8538.87109	3306188307992	0.00000	0.00000	8538.48926	0.10059	11781	0	0.73156	0.52905	0	0.34070	2.93373	0	0.34070	2.93373	0	0.48978	0.53866	11.30369	1.06647	0	0.50375	0.51655	6.60618	1.06647	0	-0.00318	-0.00966	0.68507	0.00320	1	0.06452	-0.01384	0.68071	0.00204	1	1.45898	0.81042	0	
1266089	8538.87793	3306188374664	0.00000	0.00000	8538.48926	0.10059	11781	0	0.73156	0.52905	0	0.34070	2.93373	0	0.34070	2.93373	0	0.48978	0.53866	11.30369	1.06647	0	0.50375	0.51655	6.60618	1.06647	0	-0.00318	-0.00966	0.68507	0.00320	1	0.06452	-0.01384	0.68071	0.00204	1	1.45898	0.81042	0	
1266090	8538.88477	3306188442038	0.00000	0.00000	8538.48926	0.10059	11781	0	0.73156	0.52905	0	0.34070	2.93373	0	0.34070	2.93373	0	0.48978	0.53866	11.30369	1.06647	0	0.50375	0.51655	6.60618	1.06647	0	-0.00318	-0.00966	0.68507	0.00320	1	0.06452	-0.01384	0.68071	0.00204	1	1.45898	0.81042	0	
1266091	8538.89160	3306188508988	0.00000	0.00000	8538.48926	0.10059	11781	0	0.73156	0.52905	0	0.34070	2.93373	0	0.34070	2.93373	0	0.48978	0.53866	11.30369	1.06647	0	0.50375	0.51655	6.60618	1.06647	0	-0.00318	-0.00966	0.68507	0.00320	1	0.06452	-0.01384	0.68071	0.00204	1	1.45898	0.81042	0	
1266092	8538.89844	3306188575847	0.00000	0.00000	8538.48926	0.10059	11781	0	0.73156	0.52905	0	0.34070	2.93373	0	0.34070	2.93373	0	0.48978	0.53866	11.30369	1.06647	0	0.50375	0.51655	6.60618	1.06647	0	-0.00318	-0.00966	0.68507	0.00320	1	0.06452	-0.01384	0.68071	0.00204	1	1.45898	0.81042	0	
1266093	8538.90527	3306188643242	0.00000	0.00000	8538.48926	0.10059	11781	0	0.73156	0.52905	0	0.34070	2.93373	0	0.34070	2.93373	0	0.48978	0.53866	11.30369	1.06647	0	0.50375	0.51655	6.60618	1.06647	0	-0.00318	-0.00966	0.68507	0.00320	1	0.06452	-0.01384	0.68071	0.00204	1	1.45898	0.81042	0	
1266094	8538.91113	3306188708722	0.00000	0.00000	8538.48926	0.10059	11781	0	0.73156	0.52905	0	0.34070	2.93373	0	0.34070	2.93373	0	0.48978	0.53866	11.30369	1.06647	0	0.50375	0.51655	6.60618	1.06647	0	-0.00318	-0.00966	0.68507	0.00320	1	0.06452	-0.01384	0.68071	0.00204	1	1.45898	0.81042	0	
1266095	8538.91797	3306188777227	0.53603	1.73601	8538.48926	0.10059	11781	0	0.73219	0.52359	1	0.33987	2.94844	1	0.53603	1.73601	1	0.48262	0.53145	10.33868	1.07556	1	0.74415	0.55484	11.09670	1.07556	1	-0.00451	-0.00918	0.70718	0.00205	1	0.06349	-0.01305	0.67958	0.00371	1	1.45898	0.81042	0	
1266096	8538.92480	3306188843905	0.52676	1.08426	8538.48926	0.10059	11781	0	0.57613	0.39863	1	0.45884	0.46640	1	0.51748	0.43251	1	0.48284	0.53369	11.06369	1.08464	1	0.74375	0.55518	11.72445	1.08464	1	-0.00451	-0.00918	0.70718	0.00337	1	0.06349	-0.01305	0.67958	0.00371	1	1.45898	0.81042	0	
1266097	8538.93164	3306188911070	0.53076	0.87234	8538.48926	0.10059	11781	0	0.56334	0.39325	1	0.51422	0.50374	1	0.53878	0.44850	1	0.48259	0.53382	10.80267	1.09373	1	0.74426	0.55452	11.41853	1.09373	1	-0.00451	-0.00918	0.70718	0.00333	1	0.06349	-0.01305	0.67958	0.00357	1	1.45898	0.81042	0	
1266098	8538.93848	3306188978116	0.53159	0.44399	8538.48926	0.10059	11781	0	0.56334	0.39325	1	0.51368	0.50865	1	0.53851	0.45095	1	0.48258	0.53327	10.17078	1.09373	1	0.74422	0.55430	11.40128	1.08607	1	-0.00446	-0.00897	0.69110	0.00352	1	0.06164	-0.01263	0.66030	0.00377	1	1.45898	0.81042	0	
1266099	8538.94531	3306189044407	0.53099	0.42425	8538.48926	0.10059	11781	0	0.55223	0.37598	1	0.50853	0.43303	1	0.53038	0.40451	1	0.48242	0.53317	9.96758	1.07698	1	0.74420	0.55368	10.72507	1.06932	1	-0.00446	-0.00897	0.69110	0.00365	1	0.06164	-0.01263	0.66030	0.00381	1	1.45898	0.81042	0	
1266100	8538.95215	3306189111969	0.53474	0.42802	8538.48926	0.10059	11781	0	0.55580	0.41398	1	0.52871	0.45714	1	0.54226	0.43556	1	0.48245	0.53347	10.18368	1.06024	1	0.74424	0.55382	11.00827	1.05258	1	-0.00446	-0.00897	0.69110	0.00356	1	0.06164	-0.01263	0.66030	0.00370	1	1.45898	0.81042	0	
1266101	8538.95801	3306189178886	0.53669	0.43222	8538.93848	0.01953	11782	1	0.55713	0.42604	1	0.52793	0.46360	1	0.54253	0.44482	1	0.48253	0.53267	10.13474	1.04349	1	0.74368	0.55325	11.00320	1.04349	1	-0.00446	-0.00881	0.69111	0.00376	1	0.06295	-0.01291	0.67483	0.00389	1	1.45898	0.81042	0	
1266102	8538.96484	3306189246173	0.53622	0.42981	8538.93848	0.02637	11782	1	0.55370	0.38670	1	0.51494	0.45369	1	0.53432	0.42020	1	0.48251	0.53275	10.33434	1.04349	1	0.74400	0.55396	10.76050	1.05115	1	-0.00446	-0.00881	0.69111	0.00370	1	0.06295	-0.01291	0.67483	0.00353	1	1.45898	0.81042	0	
1266103	8538.97168	3306189312525	0.53269	0.43212	8538.93848	0.03320	11782	1	0.55370	0.38670	0	0.51508	0.44367	1	0.51508	0.44367	1	0.48251	0.53275	10.33434	1.05115	0	0.74391	0.55384	10.57270	1.05881	1	-0.00446	-0.00881	0.69111	0.00370	1	0.06295	-0.01291	0.67483	0.00353	1	1.45898	0.81042	0	
1266104	8538.97852	3306189376729	0.53269	0.43212	8538.93848	0.04004	11782	1	0.55370	0.38670	0	0.51508	0.44367	0	0.51508	0.44367	0	0.48251	0.53275	10.33434	1.05881	0	0.74391	0.55384	10.57270	1.06647	0	-0.00446	-0.00881	0.69111	0.00370	1	0.06295	-0.01291	0.67483	0.00353	1	1.45898	0.81042	0	
1266105	8538.98438	3306189443336	0.53269	0.43212	8538.93848	0.04590	11782	1	0.55370	0.38670	0	0.51508	0.44367	0	0.51508	0.44367	0	0.48251	0.53275	10.33434	1.06647	0	0.74391	0.55384	10.57270	1.06647	0	-0.00446	-0.00881	0.69111	0.00370	1	0.06295	-0.01291	0.67483	0.00353	1	1.45898	0.81042	0	
1266106	8538.99121	3306189511572	0.53269	0.43212	8538.93848	0.05273	11782	1	0.55370	0.38670	0	0.51508	0.44367	0	0.51508	0.44367	0	0.48251	0.53275	10.33434	1.06647	0	0.74391	0.55384	10.57270	1.06647	0	-0.00446	-0.00881	0.69111	0.00370	1	0.06295	-0.01291	0.67483	0.00353	1	1.45898	0.81042	0	
1266107	8538.99805	3306189580425	0.53291	0.42975	8538.93848	0.05273	11782	0	0.55370	0.38670	0	0.51508	0.44367	0	0.51508	0.44367	0	0.48251	0.53275	10.33434	1.06647	0	0.74391	0.55384	10.57270	1.06647	0	-0.00446	-0.00881	0.69111	0.00370	1	0.06295	-0.01291	0.67483	0.00353	1	1.45898	0.81042	0	
1266108	8539.00488	3306189644744	0.53291	0.42975	8538.93848	0.05273	11782	0	0.55370	0.38670	0	0.51508	0.44367	0	0.51508	0.44367	0	0.48251	0.53275	10.33434	1.06647	0	0.74391	0.55384	10.57270	1.06647	0	-0.00446	-0.00881	0.69111	0.00370	1	0.06295	-0.01291	0.67483	0.00353	1	1.45898	0.81042	0	
1266109	8539.01172	3306189709939	0.53291	0.42975	8538.93848	0.05273	11782	0	0.55370	0.38670	0	0.51508	0.44367	0	0.51508	0.44367	0	0.48251	0.53275	10.33434	1.06647	0	0.74391	0.55384	10.57270	1.06647	0	-0.00446	-0.00881	0.69111	0.00370	1	0.06295	-0.01291	0.67483	0.00353	1	1.45898	0.81042	0	
1266110	8539.01855	3306189777172	0.00000	0.00000	8538.93848	0.05273	11782	0	0.55370	0.38670	0	0.51508	0.44367	0	0.51508	0.44367	0	0.48251	0.53275	10.33434	1.06647	0	0.74391	0.55384	10.57270	1.06647	0	-0.00446	-0.00881	0.69111	0.00370	1	0.06295	-0.01291	0.67483	0.00353	1	1.45898	0.81042	0	
1266111	8539.02539	3306189846594	0.00000	0.00000	8538.93848	0.05273	11782	0	0.55370	0.38670	0	0.51508	0.44367	0	0.51508	0.44367	0	0.48251	0.53275	10.33434	1.06647	0	0.74391	0.55384	10.57270	1.06647	0	-0.00446	-0.00881	0.69111	0.00370	1	0.06295	-0.01291	0.67483	0.00353	1	1.45898	0.81042	0	
1266112	8539.03223	3306189913111	0.00000	0.00000	8538.93848	0.05273	11782	0	0.55370	0.38670	0	0.51508	0.44367	0	0.51508	0.44367	0	0.48251	0.53275	10.33434	1.06647	0	0.74391	0.55384	10.57270	1.06647	0	-0.00446	-0.00881	0.69111	0.00370	1	0.06295	-0.01291	0.67483	0.00353	1	1.45898	0.81042	0	
1266113	8539.03809	3306189979578	0.51564	0.43817	8538.93848	0.05273	11782	0	0.55370	0.38670	0	0.51564	0.43817	1	0.51564	0.43817	1	0.48251	0.53275	10.33434	1.06647	0	0.47977	0.52966	10.17881	1.06647	1	-0.00446	-0.00881	0.69111	0.00370	1	-0.00492	-0.00866	0.68343	0.00215	1	1.45898	0.81042	0	
1266114	8539.04590	3306190049582	0.45168	0.27515	8538.93848	0.05273	11782	0	0.55370	0.38670	0	0.38771	0.11214	1	0.38771	0.11214	1	0.48251	0.53275	10.33434	1.06647	0	0.47959	0.52965	10.82629	1.06647	1	-0.00446	-0.00881	0.69111	0.00370	1	-0.00492	-0.00866	0.68343	0.00212	1	1.45898	0.81042	0	
1266115	8539.05176	3306190116510	0.43037	0.23177	8538.93848	0.05273	11782	0	0.55370	0.38670	0	0.38776	0.14500	1	0.38776	0.14500	1	0.48251	0.53275	10.33434	1.06647	0	0.47963	0.52954	10.73211	1.06647	1	-0.00446	-0.00881	0.69111	0.00370	1	-0.00492	-0.00866	0.68343	0.00218	1	1.45898	0.81042	0	
1266116	8539.05859	3306190183790	0.38774	0.13405	8538.93848	0.05273	11782	0	0.55370	0.38670	0	0.38776	0.14500	1	0.38776	0.14500	1	0.48251	0.53275	10.33434	1.06647	0	0.47929	0.52918	10.08981	1.06647	1	-0.00446	-0.00881	0.69111	0.00370	1	-0.00499	-0.00845	0.67896	0.00217	1	1.45898	0.81042	0	
1266117	8539.06543	3306190250614	0.37883	0.10341	8538.93848	0.05273	11782	0	0.55370	0.38670	0	0.36991	0.07277	1	0.36991	0.07277	1	0.48251	0.53275	10.33434	1.06647	0	0.47919	0.52927	10.14132	1.06647	1	-0.00446	-0.00881	0.69111	0.00370	1	-0.00499	-0.00845	0.67896	0.00224	1	1.45898	0.81042	0	
1266118	8539.07227	3306190317975	0.37658	0.09033	8538.93848	0.05273	11782	0	0.55370	0.38670	0	0.37208	0.06416	1	0.37208	0.06416	1	0.48251	0.53275	10.33434	1.06647	0	0.47916	0.52913	10.64999	1.06647	1	-0.00446	-0.00881	0.69111	0.00370	1	-0.00499	-0.00845	0.67896	0.00220	1	1.45898	0.81042	0	
1266119	8539.07910	3306190385145	0.37545	0.08379	8539.05859	0.02051	11783	1	0.55370	0.38670	0	0.37208	0.06416	1	0.37208	0.06416	1	0.48251	0.53275	10.33434	1.06647	0	0.47896	0.52917	10.58990	1.06647	1	-0.00446	-0.00881	0.69111	0.00370	1	-0.00499	-0.00845	0.67896	0.00215	1	1.45898	0.81042	0	
1266120	8539.08594	3306190452399	0.37518	0.08274	8539.05859	0.02734	11783	1	0.55370	0.38670	0	0.37407	0.07856	1	0.37407	0.07856	1	0.48251	0.53275	10.33434	1.06647	0	0.47892	0.52929	10.45769	1.06647	1	-0.00446	-0.00881	0.69111	0.00370	1	-0.00499	-0.00845	0.67896	0.00211	1	1.45898	0.81042	0	
1266121	8539.09277	3306190519443	0.37496	0.08813	8539.05859	0.03418	11783	1	0.55370	0.38670	0	0.37384	0.11507	1	0.37384	0.11507	1	0.48251	0.53275	10.33434	1.06647	0	0.47894	0.52918	10.54995	1.06647	1	-0.00446	-0.00881	0.69111	0.00370	1	-0.00499	-0.00845	0.67896	0.00218	1	1.45898	0.81042	0	
1266122	8539.09863	3306190585110	0.37473	0.09073	8539.05859	0.04004	11783	1	0.55370	0.38670	0	0.37338	0.10632	1	0.37338	0.10632	1	0.48251	0.53275	10.33434	1.06647	0	0.47890	0.52930	10.41657	1.07515	1	-0.00446	-0.00881	0.69111	0.00370	1	-0.00522	-0.00876	0.70384	0.00215	1	1.45898	0.81042	0	
1266123	8539.10547	3306190652545	0.37433	0.08960	8539.05859	0.04688	11783	1	0.55370	0.38670	0	0.37151	0.08174	1	0.37151	0.08174	1	0.48251	0.53275	10.33434	1.07515	0	0.47894	0.52919	10.50719	1.08383	1	-0.00446	-0.00881	0.69111	0.00370	1	-0.00522	-0.00876	0.70384	0.00219	1	1.45898	0.81042	0	
1266124	8539.11230	3306190719472	0.37417	0.08486	8539.05859	0.05371	11783	1	0.55370	0.38670	0	0.37293	0.04689	1	0.37293	0.04689	1	0.48251	0.53275	10.33434	1.08383	0	0.47889	0.52930	10.41520	1.09251	1	-0.00446	-0.00881	0.69111	0.00370	1	-0.00522	-0.00876	0.70384	0.00216	1	1.45898	0.81042	0	
1266125	8539.11914	3306190786484	0.37405	0.08106	8539.05859	0.06055	11783	1	0.55370	0.38670	0	0.37293	0.04689	1	0.37293	0.04689	1	0.48251	0.53275	10.33434	1.09251	0	0.47849	0.52936	10.58546	1.09251	1	-0.00446	-0.00881	0.69111	0.00370	1	-0.00516	-0.00861	0.68750	0.00218	1	1.45898	0.81042	0	
1266126	8539.12598	3306190852926	0.37388	0.07910	8539.05859	0.06738	11783	1	0.55370	0.38670	0	0.37224	0.05950	1	0.37224	0.05950	1	0.48251	0.53275	10.33434	1.09251	0	0.47852	0.52946	10.35648	1.08383	1	-0.00446	-0.00881	0.69111	0.00370	1	-0.00516	-0.00861	0.68750	0.00218	1	1.45898	0.81042	0	
1266127	8539.13281	3306190920036	0.37493	0.07978	8539.05859	0.07422	11783	1	0.55370	0.38670	0	0.38641	0.08725	1	0.38641	0.08725	1	0.48251	0.53275	10.33434	1.08383	0	0.47874	0.52949	10.52170	1.07515	1	-0.00446	-0.00881	0.69111	0.00370	1	-0.00516	-0.00861	0.68750	0.00219	1	1.45898	0.81042	0	
1266128	8539.13965	3306190987616	0.37584	0.08104	8539.05859	0.08105	11783	1	0.55370	0.38670	0	0.38677	0.09616	1	0.38677	0.09616	1	0.48251	0.53275	10.33434	1.07515	0	0.47869	0.52944	10.67799	1.06647	1	-0.00446	-0.00881	0.69111	0.00370	1	-0.00508	-0.00843	0.67703	0.00217	1	1.45898	0.81042	0	
1266129	8539.14551	3306191053828	0.37463	0.08064	8539.05859	0.08691	11783	1	0.55370	0.38670	0	0.35893	0.07544	1	0.35893	0.07544	1	0.48251	0.53275	10.33434	1.06647	0	0.47877	0.52931	10.44964	1.06647	1	-0.00446	-0.00881	0.69111	0.00370	1	-0.00508	-0.00843	0.67703	0.00215	1	1.45898	0.81042	0	
1266130	8539.15234	3306191121246	0.37390	0.08371	8539.05859	0.09375	11783	1	0.55370	0.38670	0	0.36366	0.12663	1	0.36366	0.12663	1	0.48251	0.53275	10.33434	1.06647	0	0.47884	0.52933	10.44053	1.06647	1	-0.00446	-0.00881	0.69111	0.00370	1	-0.00508	-0.00843	0.67703	0.00211	1	1.45898	0.81042	0	
1266131	8539.15918	3306191188358	0.37323	0.08585	8539.05859	0.10059	11783	1	0.55370	0.38670	0	0.36311	0.11798	1	0.36311	0.11798	1	0.48251	0.53275	10.33434	1.06647	0	0.47891	0.52929	10.44378	1.07515	1	-0.00446	-0.00881	0.69111	0.00370	1	-0.00522	-0.00876	0.70384	0.00212	1	1.45898	0.81042	0	
1266132	8539.16602	3306191255733	0.37911	0.09644	8539.05859	0.10742	11783	1	0.49660	0.16310	1	0.44988	0.36865	1	0.47324	0.26588	1	0.47898	0.52938	10.16392	1.07515	1	0.74042	0.55181	10.98128	1.08383	1	-0.00446	-0.00881	0.69111	0.00216	1	-0.00522	-0.00876	0.70384	0.00393	1	1.45898	0.81042	0	
1266133	8539.17285	3306191322347	0.38446	0.10537	8539.05859	0.11426	11783	1	0.48636	0.15010	1	0.46436	0.36429	1	0.47536	0.25720	1	0.47890	0.52923	10.28854	1.08383	1	0.74066	0.55182	11.29988	1.09251	1	-0.00446	-0.00881	0.69111	0.00215	1	-0.00522	-0.00876	0.70384	0.00381	1	1.45898	0.81042	0	
1266134	8539.17969	3306191389498	0.38923	0.11350	8539.05859	0.12109	11783	1	0.48627	0.14947	1	0.46415	0.37043	1	0.47521	0.25995	1	0.47891	0.52906	10.21886	1.08449	1	0.74059	0.55190	10.88397	1.08449	1	-0.00494	-0.00828	0.66505	0.00218	1	0.06289	-0.01256	0.68080	0.00390	1	1.45898	0.81042	0	
1266135	8539.18555	3306191452158	0.40598	0.14553	8539.05859	0.12109	11783	0	0.46774	0.15625	1	0.47423	0.45689	1	0.47099	0.30657	1	0.47886	0.52926	9.85847	1.07648	1	0.74089	0.55231	10.93619	1.06780	1	-0.00494	-0.00828	0.66505	0.00218	1	0.06289	-0.01256	0.68080	0.00382	1	1.45898	0.81042	0	
1266136	8539.19238	3306191523266	0.43804	0.23100	8539.05859	0.12109	11783	0	0.47267	0.15854	1	0.46752	0.47440	1	0.47009	0.31647	1	0.47899	0.52902	10.27954	1.05978	1	0.74079	0.55246	10.79731	1.05110	1	-0.00494	-0.00828	0.66505	0.00211	1	0.06289	-0.01256	0.68080	0.00382	1	1.45898	0.81042	0	
1266137	8539.19922	3306191590224	0.44889	0.26189	8539.05859	0.12109	11783	0	0.47393	0.16694	1	0.46726	0.48040	1	0.47059	0.32367	1	0.47910	0.52937	10.33106	1.05110	1	0.74106	0.55241	11.31200	1.04242	1	-0.00499	-0.00845	0.67896	0.00213	1	0.06289	-0.01256	0.68080	0.00383	1	1.45898	0.81042	0	
1266138	8539.20605	3306191656897	0.47599	0.30886	8539.05859	0.12109	11783	0	0.48447	0.14788	1	0.49012	0.42498	1	0.48729	0.28643	1	0.47923	0.52930	10.31747	1.05044	1	0.74120	0.55204	11.07581	1.05044	1	-0.00499	-0.00845	0.67896	0.00209	1	0.06289	-0.01256	0.68080	0.00392	1	1.45898	0.81042	0	
1266139	8539.21289	3306191724130	0.48037	0.29900	8539.05859	0.12109	11783	0	0.48527	0.13419	1	0.48423	0.44409	1	0.48475	0.28914	1	0.47925	0.52926	10.18900	1.05845	1	0.74108	0.55216	11.25251	1.05845	1	-0.00499	-0.00845	0.67896	0.00205	1	0.06289	-0.01256	0.68080	0.00387	1	1.45898	0.81042	0	
1266140	8539.21973	3306191791696	0.48191	0.34337	8539.05859	0.12109	11783	0	0.48527	0.13419	0	0.48499	0.43212	1	0.48499	0.43212	1	0.47925	0.52926	10.18900	1.06647	0	0.47944	0.52934	10.41313	1.07515	1	-0.00499	-0.00845	0.67896	0.00205	1	-0.00514	-0.00880	0.70710	0.00212	1	1.45898	0.81042	0	
1266141	8539.22656	3306191858002	0.45959	0.27167	8539.20605	0.02051	11784	1	0.48527	0.13419	0	0.39264	0.05657	1	0.39264	0.05657	1	0.47925	0.52926	10.18900	1.07515	0	0.47956	0.52930	10.44299	1.08383	1	-0.00499	-0.00845	0.67896	0.00205	1	-0.00514	-0.00880	0.70710	0.00213	1	1.45898	0.81042	0	
1266142	8539.23340	3306191925231	0.43899	0.24003	8539.20605	0.02734	11784	1	0.48527	0.13419	0	0.35657	0.11347	1	0.35657	0.11347	1	0.47925	0.52926	10.18900	1.08383	0	0.47939	0.52934	10.25133	1.09251	1	-0.00499	-0.00845	0.67896	0.00205	1	-0.00514	-0.00880	0.70710	0.00204	1	1.45898	0.81042	0	
1266143	8539.23926	3306191992298	0.42525	0.21894	8539.20605	0.03320	11784	1	0.48527	0.13419	0	0.35657	0.11347	1	0.35657	0.11347	1	0.47925	0.52926	10.18900	1.09251	0	0.47963	0.52934	10.62718	1.09251	1	-0.00499	-0.00845	0.67896	0.00205	1	-0.00489	-0.00845	0.67866	0.00205	1	1.45898	0.81042	0	
1266144	8539.24609	3306192059331	0.41877	0.19838	8539.20605	0.04004	11784	1	0.48527	0.13419	0	0.37986	0.07503	1	0.37986	0.07503	1	0.47925	0.52926	10.18900	1.09251	0	0.47968	0.52944	10.19144	1.08383	1	-0.00499	-0.00845	0.67896	0.00205	1	-0.00489	-0.00845	0.67866	0.00208	1	1.45898	0.81042	0	
1266145	8539.25293	3306192126158	0.41019	0.18025	8539.20605	0.04688	11784	1	0.48527	0.13419	0	0.35012	0.05334	1	0.35012	0.05334	1	0.47925	0.52926	10.18900	1.08383	0	0.47962	0.52933	10.59282	1.07515	1	-0.00499	-0.00845	0.67896	0.00205	1	-0.00489	-0.00845	0.67866	0.00205	1	1.45898	0.81042	0	
1266146	8539.25977	3306192193576	0.40358	0.16717	8539.20605	0.05371	11784	1	0.48527	0.13419	0	0.35077	0.06249	1	0.35077	0.06249	1	0.47925	0.52926	10.18900	1.07515	0	0.47997	0.52942	10.26360	1.06647	1	-0.00499	-0.00845	0.67896	0.00205	1	-0.00483	-0.00864	0.68560	0.00213	1	1.45898	0.81042	0	
1266147	8539.26660	3306192259995	0.40003	0.16069	8539.20605	0.06055	11784	1	0.48527	0.13419	0	0.36805	0.10240	1	0.36805	0.10240	1	0.47925	0.52926	10.18900	1.06647	0	0.47991	0.52959	10.45713	1.06647	1	-0.00499	-0.00845	0.67896	0.00205	1	-0.00483	-0.00864	0.68560	0.00208	1	1.45898	0.81042	0	
1266148	8539.27344	3306192326992	0.39724	0.15377	8539.20605	0.06738	11784	1	0.48527	0.13419	0	0.36929	0.08453	1	0.36929	0.08453	1	0.47925	0.52926	10.18900	1.06647	0	0.47995	0.52941	9.90909	1.06647	1	-0.00499	-0.00845	0.67896	0.00205	1	-0.00483	-0.00864	0.68560	0.00208	1	1.45898	0.81042	0	
1266149	8539.28027	3306192394111	0.39486	0.14725	8539.20605	0.07422	11784	1	0.48527	0.13419	0	0.36879	0.07554	1	0.36879	0.07554	1	0.47925	0.52926	10.18900	1.06647	0	0.48008	0.52958	10.01040	1.07515	1	-0.00499	-0.00845	0.67896	0.00205	1	-0.00487	-0.00886	0.69862	0.00221	1	1.45898	0.81042	0	
1266150	8539.28613	3306192460607	0.39351	0.14219	8539.20605	0.08008	11784	1	0.48527	0.13419	0	0.37727	0.08151	1	0.37727	0.08151	1	0.47925	0.52926	10.18900	1.07515	0	0.48017	0.52965	10.33490	1.08383	1	-0.00499	-0.00845	0.67896	0.00205	1	-0.00487	-0.00886	0.69862	0.00208	1	1.45898	0.81042	0	
1266151	8539.29297	3306192527861	0.37573	0.11149	8539.20605	0.08008	11784	0	0.48527	0.13419	0	0.35386	0.08736	1	0.35386	0.08736	1	0.47925	0.52926	10.18900	1.08383	0	0.48024	0.52959	9.78544	1.09251	1	-0.00499	-0.00845	0.67896	0.00205	1	-0.00487	-0.00886	0.69862	0.00212	1	1.45898	0.81042	0	
1266152	8539.29980	3306192594731	0.36480	0.09943	8539.20605	0.08008	11784	0	0.48527	0.13419	0	0.35386	0.08736	1	0.35386	0.08736	1	0.47925	0.52926	10.18900	1.09251	0	0.48047	0.52979	10.60660	1.09251	1	-0.00499	-0.00845	0.67896	0.00205	1	-0.00468	-0.00865	0.67854	0.00213	1	1.45898	0.81042	0	
1266153	8539.30664	3306192662137	0.35759	0.07863	8539.20605	0.08008	11784	0	0.48527	0.13419	0	0.34318	0.03703	1	0.34318	0.03703	1	0.47925	0.52926	10.18900	1.09251	0	0.48041	0.52967	10.59980	1.08383	1	-0.00499	-0.00845	0.67896	0.00205	1	-0.00468	-0.00865	0.67854	0.00211	1	1.45898	0.81042	0	
1266154	8539.31348	3306192728305	0.35437	0.07049	8539.29297	0.02051	11785	1	0.48527	0.13419	0	0.34470	0.04606	1	0.34470	0.04606	1	0.47925	0.52926	10.18900	1.08383	0	0.48037	0.52971	10.66722	1.07515	1	-0.00499	-0.00845	0.67896	0.00205	1	-0.00468	-0.00865	0.67854	0.00207	1	1.45898	0.81042	0	
1266155	8539.32031	3306192796169	0.35257	0.06744	8539.29297	0.02734	11785	1	0.48527	0.13419	0	0.34538	0.05526	1	0.34538	0.05526	1	0.47925	0.52926	10.18900	1.07515	0	0.48077	0.52970	9.96474	1.06647	1	-0.00499	-0.00845	0.67896	0.00205	1	-0.00456	-0.00857	0.67576	0.00208	1	1.45898	0.81042	0	
1266156	8539.32715	3306192862984	0.35439	0.07207	8539.29297	0.03418	11785	1	0.48527	0.13419	0	0.36349	0.09523	1	0.36349	0.09523	1	0.47925	0.52926	10.18900	1.06647	0	0.48073	0.52988	10.31772	1.06647	1	-0.00499	-0.00845	0.67896	0.00205	1	-0.00456	-0.00857	0.67576	0.00205	1	1.45898	0.81042	0	
1266157	8539.33301	3306192930002	0.35074	0.07565	8539.29297	0.04004	11785	1	0.48527	0.13419	0	0.32884	0.09709	1	0.32884	0.09709	1	0.47925	0.52926	10.18900	1.06647	0	0.48065	0.52990	10.35935	1.06647	1	-0.00499	-0.00845	0.67896	0.00205	1	-0.00456	-0.00857	0.67576	0.00201	1	1.45898	0.81042	0	
1266158	8539.33984	3306192996941	0.35766	0.07960	8539.29297	0.04688	11785	1	0.48419	0.12624	1	0.32803	0.08824	1	0.40611	0.10724	1	0.48122	0.52984	10.09883	1.06647	1	0.74230	0.55370	11.97384	1.07515	1	-0.00450	-0.00870	0.68223	0.00211	1	0.06606	-0.01336	0.70992	0.00383	1	1.45898	0.81042	0	
1266159	8539.34668	3306193062028	0.36963	0.10009	8539.29297	0.05371	11785	1	0.49382	0.13469	1	0.43694	0.39342	1	0.46538	0.26406	1	0.48128	0.52994	10.09761	1.07515	1	0.74261	0.55340	11.47291	1.08383	1	-0.00450	-0.00870	0.68223	0.00220	1	0.06606	-0.01336	0.70992	0.00379	1	1.45898	0.81042	0	
1266160	8539.35352	3306193126673	0.37912	0.11219	8539.29297	0.06055	11785	1	0.48865	0.10716	1	0.44042	0.33506	1	0.46453	0.22111	1	0.48125	0.52973	10.40745	1.08383	1	0.74271	0.55326	11.50412	1.09251	1	-0.00450	-0.00870	0.68223	0.00215	1	0.06606	-0.01336	0.70992	0.00368	1	1.45898	0.81042	0	
1266161	8539.36035	3306193197578	0.38683	0.12170	8539.29297	0.06738	11785	1	0.48753	0.09854	1	0.44042	0.33506	1	0.46398	0.21680	1	0.48150	0.52994	10.40356	1.09251	1	0.74285	0.55311	11.10444	1.09251	1	-0.00446	-0.00881	0.69111	0.00212	1	0.06295	-0.01286	0.67483	0.00385	1	1.45898	0.81042	0	
1266162	8539.36719	3306193263712	0.39288	0.13038	8539.29297	0.07422	11785	1	0.47273	0.11586	1	0.44612	0.33586	1	0.45943	0.22586	1	0.48147	0.52993	10.43135	1.09251	1	0.74277	0.55288	11.05865	1.08383	1	-0.00446	-0.00881	0.69111	0.00213	1	0.06295	-0.01286	0.67483	0.00394	1	1.45898	0.81042	0	
1266163	8539.37402	3306193331250	0.39826	0.14051	8539.29297	0.08105	11785	1	0.48367	0.12957	1	0.44190	0.39449	1	0.46279	0.26203	1	0.48150	0.52996	10.64203	1.08383	1	0.74268	0.55337	11.09506	1.07515	1	-0.00446	-0.00881	0.69111	0.00211	1	0.06295	-0.01286	0.67483	0.00412	1	1.45898	0.81042	0	
1266164	8539.37988	3306193394922	0.40287	0.14916	8539.29297	0.08691	11785	1	0.48361	0.12918	1	0.44191	0.39419	1	0.46276	0.26168	1	0.48174	0.53024	10.28787	1.08424	1	0.74333	0.55392	11.41716	1.07556	1	-0.00448	-0.00897	0.70327	0.00211	1	0.06295	-0.01286	0.67483	0.00402	1	1.45898	0.81042	0	
1266165	8539.38672	3306193463444	0.40837	0.15791	8539.29297	0.09375	11785	1	0.48363	0.15174	1	0.48708	0.40887	1	0.48535	0.28031	1	0.48189	0.53028	10.43299	1.08464	1	0.74340	0.55390	11.33082	1.08464	1	-0.00448	-0.00897	0.70327	0.00213	1	0.06295	-0.01286	0.67483	0.00399	1	1.45898	0.81042	0	
1266166	8539.39355	3306193529140	0.43167	0.19445	8539.29297	0.09375	11785	0	0.48364	0.13865	1	0.46025	0.35476	1	0.47195	0.24671	1	0.48189	0.53022	10.24055	1.09373	1	0.74328	0.55404	11.57595	1.09373	1	-0.00448	-0.00897	0.70327	0.00214	1	0.06295	-0.01286	0.67483	0.00395	1	1.45898	0.81042	0	
1266167	8539.40039	3306193597273	0.45208	0.22236	8539.29297	0.09375	11785	0	0.48470	0.14631	1	0.46027	0.35425	1	0.47249	0.25028	1	0.48214	0.53041	10.21848	1.08571	1	0.74347	0.55402	11.40840	1.09439	1	-0.00410	-0.00840	0.65851	0.00215	1	0.06563	-0.01339	0.70305	0.00392	1	1.45898	0.81042	0	
1266168	8539.40625	3306193662095	0.45510	0.22205	8539.29297	0.09375	11785	0	0.47120	0.12167	1	0.45111	0.32119	1	0.46115	0.22143	1	0.48214	0.53041	10.14704	1.07729	1	0.74363	0.55378	10.92939	1.08597	1	-0.00410	-0.00840	0.65851	0.00216	1	0.06563	-0.01339	0.70305	0.00390	1	1.45898	0.81042	0	
1266169	8539.41406	3306193731121	0.45796	0.22476	8539.39355	0.02051	11786	1	0.49041	0.14223	1	0.44266	0.32353	1	0.46653	0.23288	1	0.48227	0.53049	10.33818	1.06887	1	0.74344	0.55397	11.42159	1.07755	1	-0.00410	-0.00840	0.65851	0.00221	1	0.06563	-0.01339	0.70305	0.00382	1	1.45898	0.81042	0	
1266170	8539.42090	3306193801091	0.45967	0.22716	8539.39355	0.02734	11786	1	0.49046	0.14263	1	0.44260	0.33091	1	0.46653	0.23677	1	0.48240	0.53050	10.24425	1.06846	1	0.74402	0.55452	12.01854	1.06846	1	-0.00411	-0.00863	0.66925	0.00212	1	0.06338	-0.01295	0.67731	0.00369	1	1.45898	0.81042	0	
1266171	8539.42676	3306193865062	0.46340	0.23527	8539.39355	0.03320	11786	1	0.49688	0.14585	1	0.46725	0.40578	1	0.48206	0.27581	1	0.48251	0.53054	10.49012	1.07648	1	0.74395	0.55446	12.05983	1.06780	1	-0.00411	-0.00863	0.66925	0.00216	1	0.06338	-0.01295	0.67731	0.00366	1	1.45898	0.81042	0	
1266172	8539.43359	3306193933023	0.46603	0.24200	8539.39355	0.04004	11786	1	0.49084	0.13650	1	0.47268	0.42827	1	0.48176	0.28238	1	0.48247	0.53038	10.14775	1.07581	1	0.74396	0.55452	12.04215	1.06713	1	-0.00411	-0.00863	0.66925	0.00214	1	0.06338	-0.01295	0.67731	0.00368	1	1.45898	0.81042	0	
1266173	8539.44043	3306193998033	0.46795	0.24616	8539.39355	0.04688	11786	1	0.48976	0.12830	1	0.47297	0.42217	1	0.48137	0.27524	1	0.48264	0.53047	10.52889	1.08424	1	0.74421	0.55442	11.33718	1.07556	1	-0.00418	-0.00892	0.68786	0.00219	1	0.06339	-0.01306	0.67743	0.00368	1	1.45898	0.81042	0	
1266174	8539.44727	3306194069909	0.46963	0.24811	8539.39355	0.05371	11786	1	0.48383	0.13169	1	0.48231	0.39574	1	0.48307	0.26372	1	0.48268	0.53043	10.60499	1.08464	1	0.74420	0.55444	11.26733	1.08464	1	-0.00418	-0.00892	0.68786	0.00215	1	0.06339	-0.01306	0.67743	0.00371	1	1.45898	0.81042	0	
1266175	8539.45410	3306194136787	0.47021	0.24862	8539.39355	0.06055	11786	1	0.47103	0.10286	1	0.47989	0.40370	1	0.47546	0.25328	1	0.48249	0.53068	10.34061	1.09373	1	0.74413	0.55430	11.31820	1.09373	1	-0.00418	-0.00892	0.68786	0.00216	1	0.06339	-0.01306	0.67743	0.00376	1	1.45898	0.81042	0	
1266176	8539.46094	3306194202768	0.47070	0.24876	8539.39355	0.06738	11786	1	0.47103	0.10286	1	0.48024	0.39737	1	0.47563	0.25011	1	0.48276	0.53076	10.34998	1.09373	1	0.74422	0.55396	11.00770	1.10241	1	-0.00406	-0.00884	0.67712	0.00219	1	0.06564	-0.01356	0.70083	0.00391	1	1.45898	0.81042	0	
1266177	8539.46777	3306194269636	0.46122	0.23057	8539.39355	0.07422	11786	1	0.47103	0.10286	0	0.35692	0.03047	1	0.35692	0.03047	1	0.48276	0.53076	10.34998	1.09332	0	0.48264	0.53074	10.43081	1.10200	1	-0.00406	-0.00884	0.67712	0.00219	1	0.06564	-0.01356	0.70083	0.00214	1	1.45898	0.81042	0	
1266178	8539.47363	3306194336259	0.45417	0.21566	8539.39355	0.08008	11786	1	0.47103	0.10286	0	0.36956	0.03676	1	0.36956	0.03676	1	0.48276	0.53076	10.34998	1.09292	0	0.48273	0.53071	10.58973	1.10160	1	-0.00406	-0.00884	0.67712	0.00219	1	0.06564	-0.01356	0.70083	0.00205	1	1.45898	0.81042	0	
1266179	8539.48047	3306194403542	0.44816	0.20356	8539.39355	0.08691	11786	1	0.47103	0.10286	0	0.37006	0.04626	1	0.37006	0.04626	1	0.48276	0.53076	10.34998	1.09251	0	0.48295	0.53090	10.39640	1.09251	1	-0.00406	-0.00884	0.67712	0.00219	1	-0.00411	-0.00889	0.68512	0.00215	1	1.45898	0.81042	0	
1266180	8539.48730	3306194470593	0.44347	0.19463	8539.39355	0.09375	11786	1	0.47103	0.10286	0	0.37782	0.06968	1	0.37782	0.06968	1	0.48276	0.53076	10.34998	1.09251	0	0.48289	0.53086	10.40674	1.08383	1	-0.00406	-0.00884	0.67712	0.00219	1	-0.00411	-0.00889	0.68512	0.00213	1	1.45898	0.81042	0	
1266181	8539.49414	3306194537556	0.43954	0.18713	8539.39355	0.10059	11786	1	0.47103	0.10286	0	0.38055	0.07460	1	0.38055	0.07460	1	0.48276	0.53076	10.34998	1.08383	0	0.48292	0.53085	10.08303	1.07515	1	-0.00406	-0.00884	0.67712	0.00219	1	-0.00411	-0.00889	0.68512	0.00214	1	1.45898	0.81042	0	
1266182	8539.50098	3306194603328	0.43612	0.18151	8539.39355	0.10742	11786	1	0.47103	0.10286	0	0.38132	0.09155	1	0.38132	0.09155	1	0.48276	0.53076	10.34998	1.07515	0	0.48290	0.53101	10.39267	1.05881	1	-0.00406	-0.00884	0.67712	0.00219	1	-0.00394	-0.00869	0.66596	0.00217	1	1.45898	0.81042	0	
1266183	8539.50781	3306194671380	0.41776	0.14881	8539.39355	0.10742	11786	0	0.47103	0.10286	0	0.37957	0.11164	1	0.37957	0.11164	1	0.48276	0.53076	10.34998	1.05881	0	0.48298	0.53103	10.43807	1.05115	1	-0.00406	-0.00884	0.67712	0.00219	1	-0.00394	-0.00869	0.66596	0.00211	1	1.45898	0.81042	0	
1266184	8539.51465	3306194738439	0.39727	0.12253	8539.39355	0.10742	11786	0	0.47103	0.10286	0	0.37679	0.09626	1	0.37679	0.09626	1	0.48276	0.53076	10.34998	1.05115	0	0.48283	0.53075	10.66944	1.04349	1	-0.00406	-0.00884	0.67712	0.00219	1	-0.00394	-0.00869	0.66596	0.00210	1	1.45898	0.81042	0	
1266185	8539.52148	3306194805737	0.39044	0.11378	8539.39355	0.10742	11786	0	0.47103	0.10286	0	0.37679	0.09626	1	0.37679	0.09626	1	0.48276	0.53076	10.34998	1.04349	0	0.48285	0.53100	10.35111	1.04349	1	-0.00406	-0.00884	0.67712	0.00219	1	-0.00406	-0.00884	0.67712	0.00218	1	1.45898	0.81042	0	
1266186	8539.52734	3306194872127	0.38521	0.11263	8539.50781	0.01953	11787	1	0.47103	0.10286	0	0.36951	0.10921	1	0.36951	0.10921	1	0.48276	0.53076	10.34998	1.04349	0	0.48285	0.53104	10.33764	1.05115	1	-0.00406	-0.00884	0.67712	0.00219	1	-0.00406	-0.00884	0.67712	0.00222	1	1.45898	0.81042	0	
1266187	8539.53418	3306194939833	0.38353	0.11707	8539.50781	0.02637	11787	1	0.47103	0.10286	0	0.37682	0.13481	1	0.37682	0.13481	1	0.48276	0.53076	10.34998	1.05115	0	0.48279	0.53123	10.44458	1.05881	1	-0.00406	-0.00884	0.67712	0.00219	1	-0.00406	-0.00884	0.67712	0.00222	1	1.45898	0.81042	0	
1266188	8539.54102	3306195006235	0.38235	0.11875	8539.50781	0.03320	11787	1	0.47103	0.10286	0	0.37643	0.12717	1	0.37643	0.12717	1	0.48276	0.53076	10.34998	1.05881	0	0.48286	0.53098	10.57281	1.06647	1	-0.00406	-0.00884	0.67712	0.00219	1	-0.00406	-0.00884	0.67712	0.00214	1	1.45898	0.81042	0	
1266189	8539.54785	3306195073312	0.38137	0.11666	8539.50781	0.04004	11787	1	0.47103	0.10286	0	0.37553	0.10412	1	0.37553	0.10412	1	0.48276	0.53076	10.34998	1.06647	0	0.48282	0.53106	10.78199	1.06647	1	-0.00406	-0.00884	0.67712	0.00219	1	-0.00406	-0.00884	0.67712	0.00216	1	1.45898	0.81042	0	
1266190	8539.55469	3306195140217	0.38194	0.11306	8539.50781	0.04688	11787	1	0.47103	0.10286	0	0.38593	0.08783	1	0.38593	0.08783	1	0.48276	0.53076	10.34998	1.06647	0	0.48293	0.53092	10.80035	1.06647	1	-0.00406	-0.00884	0.67712	0.00219	1	-0.00406	-0.00884	0.67712	0.00208	1	1.45898	0.81042	0	
1266191	8539.56152	3306195206897	0.38239	0.11025	8539.50781	0.05371	11787	1	0.47103	0.10286	0	0.38593	0.08783	1	0.38593	0.08783	1	0.48276	0.53076	10.34998	1.06647	0	0.48295	0.53108	10.60477	1.06647	1	-0.00406	-0.00884	0.67712	0.00219	1	-0.00406	-0.00884	0.67712	0.00210	1	1.45898	0.81042	0	
1266192	8539.56836	3306195273946	0.38248	0.10711	8539.50781	0.06055	11787	1	0.47103	0.10286	0	0.38335	0.07880	1	0.38335	0.07880	1	0.48276	0.53076	10.34998	1.06647	0	0.48296	0.53110	10.66260	1.06647	1	-0.00406	-0.00884	0.67712	0.00219	1	-0.00406	-0.00884	0.67712	0.00210	1	1.45898	0.81042	0	
1266193	8539.57422	3306195342119	0.38246	0.10710	8539.50781	0.06641	11787	1	0.47103	0.10286	0	0.38218	0.10704	1	0.38218	0.10704	1	0.48276	0.53076	10.34998	1.06647	0	0.48291	0.53114	10.62964	1.06647	1	-0.00406	-0.00884	0.67712	0.00219	1	-0.00406	-0.00884	0.67712	0.00213	1	1.45898	0.81042	0	
1266194	8539.58105	3306195408768	0.38243	0.10710	8539.50781	0.07324	11787	1	0.47103	0.10286	0	0.38218	0.10704	1	0.38218	0.10704	1	0.48276	0.53076	10.34998	1.06647	0	0.48288	0.53110	10.75755	1.06647	1	-0.00406	-0.00884	0.67712	0.00219	1	-0.00406	-0.00884	0.67712	0.00213	1	1.45898	0.81042	0	
1266195	8539.58789	3306195474981	0.38172	0.10670	8539.50781	0.08008	11787	1	0.47103	0.10286	0	0.37324	0.10200	1	0.37324	0.10200	1	0.48276	0.53076	10.34998	1.06647	0	0.48284	0.53110	10.67248	1.06647	1	-0.00406	-0.00884	0.67712	0.00219	1	-0.00406	-0.00884	0.67712	0.00215	1	1.45898	0.81042	0	
1266196	8539.59473	3306195540109	0.38152	0.10598	8539.50781	0.08691	11787	1	0.47103	0.10286	0	0.37879	0.09656	1	0.37879	0.09656	1	0.48276	0.53076	10.34998	1.06647	0	0.48289	0.53114	10.52277	1.06647	1	-0.00406	-0.00884	0.67712	0.00219	1	-0.00406	-0.00884	0.67712	0.00215	1	1.45898	0.81042	0	
1266197	8539.60156	3306195608097	0.38452	0.10616	8539.50781	0.09375	11787	1	0.47488	0.12981	1	0.37836	0.08766	1	0.42662	0.10874	1	0.48284	0.53102	10.65625	1.06647	1	0.74422	0.55532	11.97750	1.07515	1	-0.00406	-0.00884	0.67712	0.00217	1	0.06564	-0.01356	0.70083	0.00386	1	1.45898	0.81042	0	
1266198	8539.60840	3306195674700	0.39040	0.11542	8539.50781	0.10059	11787	1	0.49198	0.12783	1	0.46526	0.38075	1	0.47862	0.25429	1	0.48281	0.53093	10.91901	1.07515	1	0.74418	0.55531	11.91507	1.08383	1	-0.00406	-0.00884	0.67712	0.00214	1	0.06564	-0.01356	0.70083	0.00385	1	1.45898	0.81042	0	
1266199	8539.61523	3306195743469	0.39479	0.12475	8539.50781	0.10742	11787	1	0.48478	0.12593	1	0.44520	0.42201	1	0.46499	0.27397	1	0.48271	0.53094	10.80120	1.08383	1	0.74392	0.55529	11.88395	1.09251	1	-0.00406	-0.00884	0.67712	0.00216	1	0.06564	-0.01356	0.70083	0.00392	1	1.45898	0.81042	0	
1266200	8539.62109	3306195810373	0.39866	0.13263	8539.50781	0.11328	11787	1	0.48364	0.11746	1	0.44528	0.41584	1	0.46446	0.26665	1	0.48277	0.53095	10.78472	1.09251	1	0.74417	0.55501	11.74030	1.10119	1	-0.00406	-0.00884	0.67712	0.00217	1	0.06564	-0.01356	0.70083	0.00392	1	1.45898	0.81042	0	
1266201	8539.62793	3306195877098	0.40255	0.14040	8539.50781	0.12012	11787	1	0.48397	0.11878	1	0.46123	0.44167	1	0.47260	0.28023	1	0.48271	0.53099	10.98931	1.10119	1	0.74417	0.55501	11.74030	1.10119	1	-0.00406	-0.00884	0.67712	0.00215	1	0.06564	-0.01356	0.70083	0.00392	1	1.45898	0.81042	0	
1266202	8539.63477	3306195944430	0.42220	0.16909	8539.50781	0.12012	11787	0	0.48571	0.09032	1	0.46123	0.44167	1	0.47347	0.26599	1	0.48276	0.53100	10.97629	1.10119	1	0.74417	0.55501	11.74030	1.10119	1	-0.00406	-0.00884	0.67712	0.00217	1	0.06564	-0.01356	0.70083	0.00392	1	1.45898	0.81042	0	
1266203	8539.64160	3306196008355	0.44784	0.21754	8539.50781	0.12012	11787	0	0.48571	0.09032	1	0.46123	0.44167	1	0.47347	0.26599	1	0.48272	0.53103	10.84081	1.10119	1	0.74417	0.55501	11.74030	1.10119	1	-0.00406	-0.00884	0.67712	0.00221	1	0.06564	-0.01356	0.70083	0.00392	1	1.45898	0.81042	0	
1266204	8539.64844	3306196076327	0.45956	0.24140	8539.50781	0.12012	11787	0	0.48397	0.11878	1	0.48204	0.45942	1	0.48300	0.28910	1	0.48271	0.53099	10.98931	1.10119	1	0.74414	0.55519	11.87309	1.10119	1	-0.00406	-0.00884	0.67712	0.00215	1	0.06564	-0.01356	0.70083	0.00387	1	1.45898	0.81042	0	
1266205	8539.65430	3306196141871	0.48328	0.28053	8539.50781	0.12012	11787	0	0.49334	0.11826	1	0.49341	0.45471	1	0.49338	0.28649	1	0.48250	0.53100	10.91358	1.10119	1	0.74425	0.55511	11.60745	1.10119	1	-0.00406	-0.00884	0.67712	0.00221	1	0.06564	-0.01356	0.70083	0.00393	1	1.45898	0.81042	0	
1266206	8539.66113	3306196210055	0.48805	0.28124	8539.50781	0.12012	11787	0	0.49222	0.10948	1	0.49343	0.45444	1	0.49283	0.28196	1	0.48247	0.53111	10.60085	1.11028	1	0.74441	0.55488	10.98918	1.10160	1	-0.00430	-0.00924	0.70819	0.00223	1	0.06338	-0.01311	0.67731	0.00394	1	1.45898	0.81042	0	
1266207	8539.66797	3306196274909	0.48633	0.26026	8539.50781	0.12012	11787	0	0.48395	0.10015	1	0.48183	0.33644	1	0.48289	0.21829	1	0.48257	0.53102	10.53827	1.11068	1	0.74404	0.55404	11.81470	1.10200	1	-0.00430	-0.00924	0.70819	0.00217	1	0.06338	-0.01311	0.67731	0.00385	1	1.45898	0.81042	0	
1266208	8539.67480	3306196343979	0.48791	0.25377	8539.65430	0.02051	11788	1	0.50324	0.09822	1	0.48206	0.37038	1	0.49265	0.23430	1	0.48270	0.53097	10.58698	1.11109	1	0.74412	0.55414	11.52303	1.10241	1	-0.00430	-0.00924	0.70819	0.00225	1	0.06338	-0.01311	0.67731	0.00382	1	1.45898	0.81042	0	
1266209	8539.68164	3306196412581	0.48892	0.25138	8539.65430	0.02734	11788	1	0.50424	0.10668	1	0.48169	0.37693	1	0.49296	0.24181	1	0.48248	0.53093	10.50938	1.10241	1	0.74382	0.55368	11.82698	1.09373	1	-0.00411	-0.00873	0.66925	0.00222	1	0.06338	-0.01311	0.67731	0.00389	1	1.45898	0.81042	0	
1266210	8539.68848	3306196475771	0.48808	0.24606	8539.65430	0.03418	11788	1	0.48928	0.12591	1	0.47852	0.31298	1	0.48390	0.21944	1	0.48240	0.53088	10.61581	1.08464	1	0.74406	0.55346	11.62561	1.08464	1	-0.00411	-0.00873	0.66925	0.00221	1	0.06338	-0.01311	0.67731	0.00419	1	1.45898	0.81042	0	
1266211	8539.69531	3306196544191	0.47249	0.22129	8539.65430	0.04102	11788	1	0.48928	0.12591	0	0.37891	0.07267	1	0.37891	0.07267	1	0.48240	0.53088	10.61581	1.07556	0	0.48247	0.53086	10.91101	1.07556	1	-0.00411	-0.00873	0.66925	0.00221	1	0.06338	-0.01311	0.67731	0.00219	1	1.45898	0.81042	0	
1266212	8539.70117	3306196611539	0.46085	0.20389	8539.65430	0.04688	11788	1	0.48928	0.12591	0	0.37936	0.08211	1	0.37936	0.08211	1	0.48240	0.53088	10.61581	1.06647	0	0.48243	0.53084	10.34451	1.06647	1	-0.00411	-0.00873	0.66925	0.00221	1	-0.00411	-0.00868	0.66925	0.00223	1	1.45898	0.81042	0	
1266213	8539.70801	3306196679529	0.45104	0.19414	8539.65430	0.05371	11788	1	0.48928	0.12591	0	0.37255	0.11619	1	0.37255	0.11619	1	0.48240	0.53088	10.61581	1.06647	0	0.48244	0.53077	10.72351	1.06647	1	-0.00411	-0.00873	0.66925	0.00221	1	-0.00411	-0.00868	0.66925	0.00220	1	1.45898	0.81042	0	
1266214	8539.71484	3306196745071	0.44320	0.18662	8539.65430	0.06055	11788	1	0.48928	0.12591	0	0.37270	0.11889	1	0.37270	0.11889	1	0.48240	0.53088	10.61581	1.06647	0	0.48241	0.53074	10.64027	1.06647	1	-0.00411	-0.00873	0.66925	0.00221	1	-0.00411	-0.00868	0.66925	0.00220	1	1.45898	0.81042	0	
1266215	8539.72168	3306196811366	0.43679	0.18046	8539.65430	0.06738	11788	1	0.48928	0.12591	0	0.37270	0.11889	1	0.37270	0.11889	1	0.48240	0.53088	10.61581	1.06647	0	0.48258	0.53041	10.63869	1.06647	1	-0.00411	-0.00873	0.66925	0.00221	1	-0.00417	-0.00870	0.67813	0.00218	1	1.45898	0.81042	0	
1266216	8539.72852	3306196877843	0.43173	0.17450	8539.65430	0.07422	11788	1	0.48928	0.12591	0	0.37598	0.10895	1	0.37598	0.10895	1	0.48240	0.53088	10.61581	1.06647	0	0.48251	0.53038	10.57188	1.06647	1	-0.00411	-0.00873	0.66925	0.00221	1	-0.00417	-0.00870	0.67813	0.00221	1	1.45898	0.81042	0	
1266217	8539.73535	3306196949017	0.42711	0.17096	8539.65430	0.08105	11788	1	0.48928	0.12591	0	0.37169	0.12844	1	0.37169	0.12844	1	0.48240	0.53088	10.61581	1.06647	0	0.48242	0.53045	11.49903	1.06647	1	-0.00411	-0.00873	0.66925	0.00221	1	-0.00417	-0.00870	0.67813	0.00220	1	1.45898	0.81042	0	
1266218	8539.74219	3306197015425	0.42311	0.16731	8539.65430	0.08789	11788	1	0.48928	0.12591	0	0.37121	0.11980	1	0.37121	0.11980	1	0.48240	0.53088	10.61581	1.06647	0	0.48245	0.53016	11.29628	1.07515	1	-0.00411	-0.00873	0.66925	0.00221	1	-0.00435	-0.00912	0.71550	0.00219	1	1.45898	0.81042	0	
1266219	8539.74805	3306197079678	0.40343	0.13806	8539.65430	0.08789	11788	0	0.48928	0.12591	0	0.37651	0.09527	1	0.37651	0.09527	1	0.48240	0.53088	10.61581	1.07515	0	0.48251	0.53024	10.89136	1.08383	1	-0.00411	-0.00873	0.66925	0.00221	1	-0.00435	-0.00912	0.71550	0.00226	1	1.45898	0.81042	0	
1266220	8539.75586	3306197149515	0.39421	0.10979	8539.65430	0.08789	11788	0	0.48928	0.12591	0	0.38500	0.08151	1	0.38500	0.08151	1	0.48240	0.53088	10.61581	1.08383	0	0.48259	0.53022	11.62514	1.09251	1	-0.00411	-0.00873	0.66925	0.00221	1	-0.00435	-0.00912	0.71550	0.00224	1	1.45898	0.81042	0	
1266221	8539.76172	3306197216661	0.40809	0.10347	8539.65430	0.08789	11788	0	0.48710	0.10938	1	0.38461	0.07229	1	0.43586	0.09084	1	0.48276	0.53002	10.97629	1.10160	1	0.74438	0.55349	11.48816	1.10160	1	-0.00435	-0.00912	0.71550	0.00217	1	0.06338	-0.01290	0.67731	0.00397	1	1.45898	0.81042	0	
1266222	8539.76855	3306197282950	0.42936	0.13124	8539.74805	0.02051	11789	1	0.48311	0.10327	1	0.50324	0.32582	1	0.49317	0.21454	1	0.48272	0.53005	10.84081	1.11068	1	0.74441	0.55261	11.25920	1.10200	1	-0.00435	-0.00912	0.71550	0.00221	1	0.06338	-0.01290	0.67731	0.00401	1	1.45898	0.81042	0	
1266223	8539.77539	3306197350178	0.43767	0.15461	8539.74805	0.02734	11789	1	0.47228	0.12624	1	0.46949	0.36993	1	0.47088	0.24808	1	0.48250	0.53019	11.01106	1.11109	1	0.74388	0.55336	11.83557	1.10241	1	-0.00435	-0.00912	0.71550	0.00227	1	0.06338	-0.01290	0.67731	0.00388	1	1.45898	0.81042	0	
1266224	8539.78223	3306197416370	0.44320	0.17013	8539.74805	0.03418	11789	1	0.47223	0.12585	1	0.46950	0.36963	1	0.47086	0.24774	1	0.48271	0.52988	11.12992	1.11149	1	0.74401	0.55348	11.78575	1.10281	1	-0.00435	-0.00912	0.71550	0.00223	1	0.06338	-0.01290	0.67731	0.00381	1	1.45898	0.81042	0	
1266225	8539.78906	3306197481139	0.44603	0.18018	8539.74805	0.04102	11789	1	0.47519	0.09927	1	0.45088	0.38175	1	0.46303	0.24051	1	0.48264	0.52990	10.84623	1.10281	1	0.74403	0.55349	12.05511	1.10281	1	-0.00435	-0.00912	0.71550	0.00220	1	0.06338	-0.01290	0.67731	0.00377	1	1.45898	0.81042	0	
1266226	8539.79492	3306197547982	0.44845	0.18862	8539.74805	0.04688	11789	1	0.48485	0.09148	1	0.44581	0.40390	1	0.46533	0.24769	1	0.48273	0.52986	10.78778	1.10281	1	0.74391	0.55359	12.18732	1.10281	1	-0.00435	-0.00912	0.71550	0.00225	1	0.06338	-0.01290	0.67731	0.00379	1	1.45898	0.81042	0	
1266227	8539.80273	3306197617906	0.45039	0.19570	8539.74805	0.05469	11789	1	0.48603	0.10048	1	0.44581	0.40420	1	0.46592	0.25234	1	0.48292	0.52975	10.84159	1.09373	1	0.74431	0.55316	11.49822	1.10241	1	-0.00406	-0.00863	0.67713	0.00219	1	0.06564	-0.01335	0.70083	0.00384	1	1.45898	0.81042	0	
1266228	8539.80859	3306197683157	0.45308	0.20055	8539.74805	0.06055	11789	1	0.49145	0.13467	1	0.46319	0.35371	1	0.47732	0.24419	1	0.48276	0.52965	11.17733	1.09332	1	0.74425	0.55307	11.26246	1.10200	1	-0.00406	-0.00863	0.67713	0.00223	1	0.06564	-0.01335	0.70083	0.00387	1	1.45898	0.81042	0	
1266229	8539.81543	3306197748240	0.45559	0.20626	8539.74805	0.06738	11789	1	0.49721	0.13512	1	0.46416	0.39162	1	0.48068	0.26337	1	0.48285	0.52967	11.22699	1.09292	1	0.74409	0.55347	12.21685	1.10160	1	-0.00406	-0.00863	0.67713	0.00231	1	0.06564	-0.01335	0.70083	0.00377	1	1.45898	0.81042	0	
1266230	8539.82227	3306197814825	0.45770	0.21188	8539.74805	0.07422	11789	1	0.49823	0.14319	1	0.46371	0.40418	1	0.48097	0.27369	1	0.48287	0.52967	10.90533	1.08449	1	0.74422	0.55311	11.47605	1.08449	1	-0.00390	-0.00830	0.65844	0.00224	1	0.06393	-0.01294	0.68212	0.00389	1	1.45898	0.81042	0	
1266231	8539.82910	3306197882658	0.45793	0.21414	8539.74805	0.08105	11789	1	0.47686	0.12304	1	0.44429	0.35954	1	0.46058	0.24129	1	0.48301	0.52944	11.12652	1.07648	1	0.74430	0.55285	11.32177	1.06780	1	-0.00390	-0.00830	0.65844	0.00225	1	0.06393	-0.01294	0.68212	0.00395	1	1.45898	0.81042	0	
1266232	8539.83594	3306197953129	0.45833	0.21727	8539.74805	0.08789	11789	1	0.48967	0.14289	1	0.43741	0.37297	1	0.46354	0.25793	1	0.48309	0.52940	11.13170	1.05978	1	0.74422	0.55309	11.33835	1.05110	1	-0.00390	-0.00830	0.65844	0.00227	1	0.06393	-0.01294	0.68212	0.00386	1	1.45898	0.81042	0	
1266233	8539.84277	3306198020563	0.47136	0.25000	8539.74805	0.08789	11789	0	0.49082	0.15141	1	0.43736	0.38581	1	0.46409	0.26861	1	0.48312	0.52945	11.34366	1.05110	1	0.74439	0.55337	12.48192	1.03476	1	-0.00399	-0.00860	0.68243	0.00223	1	0.06183	-0.01251	0.65917	0.00382	1	1.45898	0.81042	0	
1266234	8539.84961	3306198087645	0.47547	0.25698	8539.74805	0.08789	11789	0	0.49205	0.16004	1	0.46709	0.36789	1	0.47957	0.26396	1	0.48312	0.52941	11.13216	1.04278	1	0.74466	0.55272	11.77327	1.03512	1	-0.00399	-0.00860	0.68243	0.00226	1	0.06183	-0.01251	0.65917	0.00390	1	1.45898	0.81042	0	
1266235	8539.85547	3306198153990	0.47872	0.26787	8539.74805	0.08789	11789	0	0.49409	0.17258	1	0.47637	0.40670	1	0.48523	0.28964	1	0.48315	0.52951	10.61180	1.04313	1	0.74482	0.55311	11.82836	1.03548	1	-0.00399	-0.00860	0.68243	0.00231	1	0.06183	-0.01251	0.65917	0.00381	1	1.45898	0.81042	0	
1266236	8539.86230	3306198221684	0.48038	0.27250	8539.84277	0.01953	11790	1	0.49405	0.17224	1	0.47669	0.40055	1	0.48537	0.28639	1	0.48322	0.52964	11.00454	1.04349	1	0.74484	0.55333	11.90251	1.04349	1	-0.00392	-0.00849	0.66997	0.00227	1	0.06291	-0.01277	0.67009	0.00379	1	1.45898	0.81042	0	
1266237	8539.86914	3306198288638	0.48062	0.27761	8539.84277	0.02637	11790	1	0.49848	0.17102	1	0.46463	0.42511	1	0.48155	0.29806	1	0.48322	0.52964	11.00642	1.04349	1	0.74463	0.55346	12.21344	1.05115	1	-0.00392	-0.00849	0.66997	0.00226	1	0.06291	-0.01277	0.67009	0.00373	1	1.45898	0.81042	0	
1266238	8539.87598	3306198354927	0.48063	0.27921	8539.84277	0.03320	11790	1	0.49464	0.17677	1	0.46679	0.39758	1	0.48072	0.28718	1	0.48319	0.52964	10.99733	1.05115	1	0.74462	0.55324	12.13328	1.05881	1	-0.00392	-0.00849	0.66997	0.00226	1	0.06291	-0.01277	0.67009	0.00373	1	1.45898	0.81042	0	
1266239	8539.88281	3306198422381	0.48053	0.27829	8539.84277	0.04004	11790	1	0.49249	0.16075	1	0.46729	0.38488	1	0.47989	0.27281	1	0.48335	0.52979	11.30460	1.06790	1	0.74488	0.55327	12.09213	1.07556	1	-0.00408	-0.00902	0.70718	0.00229	1	0.06291	-0.01277	0.67009	0.00372	1	1.45898	0.81042	0	
1266240	8539.88965	3306198489307	0.48186	0.27434	8539.84277	0.04688	11790	1	0.49591	0.12776	1	0.48645	0.36559	1	0.49118	0.24668	1	0.48336	0.52992	11.16890	1.08464	1	0.74492	0.55342	12.35466	1.08464	1	-0.00408	-0.00902	0.70718	0.00223	1	0.06291	-0.01277	0.67009	0.00366	1	1.45898	0.81042	0	
1266241	8539.89648	3306198556162	0.48142	0.27116	8539.84277	0.05371	11790	1	0.48695	0.11180	1	0.46889	0.37965	1	0.47792	0.24573	1	0.48324	0.52985	10.94957	1.09373	1	0.74471	0.55374	12.40948	1.09373	1	-0.00408	-0.00902	0.70718	0.00225	1	0.06291	-0.01277	0.67009	0.00371	1	1.45898	0.81042	0	
1266242	8539.90234	3306198623391	0.48104	0.26751	8539.84277	0.05957	11790	1	0.48577	0.10290	1	0.46943	0.36631	1	0.47760	0.23461	1	0.48336	0.53001	10.87107	1.10281	1	0.74511	0.55264	11.28083	1.11149	1	-0.00408	-0.00902	0.70718	0.00222	1	0.06571	-0.01332	0.69937	0.00401	1	1.45898	0.81042	0	
1266243	8539.90918	3306198690327	0.47941	0.26216	8539.84277	0.06641	11790	1	0.47591	0.10827	1	0.45042	0.30903	1	0.46316	0.20865	1	0.48342	0.52996	10.72300	1.11149	1	0.74477	0.55335	11.79737	1.12017	1	-0.00408	-0.00902	0.70718	0.00227	1	0.06571	-0.01332	0.69937	0.00432	1	1.45898	0.81042	0	
1266244	8539.91602	3306198757304	0.47792	0.25650	8539.84277	0.07324	11790	1	0.47585	0.10232	1	0.44720	0.28619	1	0.46153	0.19425	1	0.48338	0.53000	10.84823	1.12017	1	0.74468	0.55354	11.80666	1.12885	1	-0.00408	-0.00902	0.70718	0.00226	1	0.06571	-0.01332	0.69937	0.00431	1	1.45898	0.81042	0	
1266245	8539.92285	3306198824321	0.47666	0.25174	8539.84277	0.08008	11790	1	0.47590	0.10271	1	0.44720	0.28652	1	0.46155	0.19461	1	0.48353	0.53020	10.74944	1.11977	1	0.74523	0.55341	11.40847	1.12845	1	-0.00382	-0.00856	0.67118	0.00232	1	0.06571	-0.01332	0.69937	0.00413	1	1.45898	0.81042	0	
1266246	8539.92969	3306198891576	0.47532	0.25074	8539.84277	0.08691	11790	1	0.47456	0.13302	1	0.44106	0.34246	1	0.45781	0.23774	1	0.48355	0.53034	11.17260	1.11936	1	0.74463	0.55404	11.99656	1.11936	1	-0.00382	-0.00856	0.67118	0.00230	1	0.06571	-0.01332	0.69937	0.00422	1	1.45898	0.81042	0	
1266247	8539.93652	3306198958272	0.47538	0.24797	8539.84277	0.09375	11790	1	0.49553	0.12552	1	0.45697	0.29289	1	0.47625	0.20921	1	0.48366	0.53027	11.18993	1.11028	1	0.74478	0.55344	11.77547	1.11028	1	-0.00382	-0.00856	0.67118	0.00225	1	0.06571	-0.01332	0.69937	0.00436	1	1.45898	0.81042	0	
1266248	8539.94336	3306199025133	0.47546	0.24605	8539.84277	0.10059	11790	1	0.49663	0.13417	1	0.45679	0.30031	1	0.47671	0.21724	1	0.48366	0.53021	11.29605	1.10119	1	0.74536	0.55391	11.66715	1.10119	1	-0.00382	-0.00856	0.67118	0.00224	1	0.06657	-0.01360	0.70855	0.00387	1	1.45898	0.81042	0	
1266249	8539.94922	3306199092070	0.47687	0.24623	8539.84277	0.10645	11790	1	0.49663	0.13417	1	0.50228	0.36405	1	0.49946	0.24911	1	0.48366	0.53031	11.28837	1.10119	1	0.74560	0.55409	11.94936	1.10119	1	-0.00382	-0.00856	0.67118	0.00223	1	0.06657	-0.01360	0.70855	0.00390	1	1.45898	0.81042	0	
1266250	8539.95605	3306199160003	0.47709	0.24668	8539.84277	0.11328	11790	1	0.48342	0.14875	1	0.47812	0.36010	1	0.48077	0.25443	1	0.48359	0.53039	11.01835	1.10119	1	0.74524	0.55408	12.40371	1.10119	1	-0.00382	-0.00856	0.67118	0.00223	1	0.06657	-0.01360	0.70855	0.00388	1	1.45898	0.81042	0	
1266251	8539.96289	3306199226415	0.47728	0.24709	8539.84277	0.12012	11790	1	0.48342	0.14875	1	0.47812	0.36010	1	0.48077	0.25443	1	0.48364	0.53042	11.18959	1.10119	1	0.74537	0.55390	11.92221	1.10119	1	-0.00382	-0.00856	0.67118	0.00228	1	0.06657	-0.01366	0.70855	0.00391	1	1.45898	0.81042	0	
1266252	8539.96973	3306199293056	0.47813	0.24703	8539.84277	0.12695	11790	1	0.49744	0.15166	1	0.49108	0.34020	1	0.49426	0.24593	1	0.48369	0.53039	11.19605	1.10119	1	0.74530	0.55392	11.76253	1.10119	1	-0.00382	-0.00856	0.67118	0.00218	1	0.06657	-0.01366	0.70855	0.00383	1	1.45898	0.81042	0	
1266253	8539.97656	3306199360227	0.47781	0.24823	8539.84277	0.13379	11790	1	0.48162	0.16225	1	0.46086	0.38208	1	0.47124	0.27216	1	0.48384	0.53037	10.45539	1.10119	1	0.74490	0.55429	11.29393	1.10119	1	-0.00382	-0.00856	0.67118	0.00219	1	0.06657	-0.01366	0.70855	0.00380	1	1.45898	0.81042	0	
1266254	8539.98340	3306199427677	0.47704	0.25431	8539.84277	0.14062	11790	1	0.48162	0.16225	0	0.46086	0.38208	1	0.46086	0.38208	1	0.48384	0.53037	10.45539	1.10119	0	0.74445	0.55513	12.12832	1.10119	1	-0.00382	-0.00856	0.67118	0.00219	1	0.06474	-0.01318	0.68906	0.00372	1	1.45898	0.81042	0	
1266255	8539.99023	3306199495181	0.47742	0.26613	8539.84277	0.14746	11790	1	0.48162	0.16225	0	0.48588	0.52618	1	0.48588	0.52618	1	0.48384	0.53037	10.45539	1.10119	0	0.74540	0.55482	9.99720	1.10119	1	-0.00382	-0.00856	0.67118	0.00219	1	0.06474	-0.01318	0.68906	0.00338	1	1.45898	0.81042	0	
1266256	8539.99707	3306199561603	0.47742	0.26613	8539.84277	0.15430	11790	1	0.48162	0.16225	0	0.48588	0.52618	0	0.48588	0.52618	0	0.48384	0.53037	10.45539	1.10119	0	0.74540	0.55482	9.99720	1.10119	0	-0.00382	-0.00856	0.67118	0.00219	1	0.06474	-0.01318	0.68906	0.00338	1	1.45898	0.81042	0	
1266257	8540.00293	3306199628723	0.47742	0.26613	8539.84277	0.16016	11790	1	0.48162	0.16225	0	0.48588	0.52618	0	0.48588	0.52618	0	0.48384	0.53037	10.45539	1.10119	0	0.74540	0.55482	9.99720	1.10119	0	-0.00382	-0.00856	0.67118	0.00219	1	0.06474	-0.01318	0.68906	0.00338	1	1.45898	0.81042	0	
1266258	8540.00977	3306199695072	0.47742	0.26613	8539.84277	0.16699	11790	1	0.48162	0.16225	0	0.48588	0.52618	0	0.48588	0.52618	0	0.48384	0.53037	10.45539	1.10119	0	0.74540	0.55482	9.99720	1.10119	0	-0.00382	-0.00856	0.67118	0.00219	1	0.06474	-0.01318	0.68906	0.00338	1	1.45898	0.81042	0	
1266259	8540.01660	3306199762094	0.47559	0.26978	8539.84277	0.16699	11790	0	0.48162	0.16225	0	0.48588	0.52618	0	0.48588	0.52618	0	0.48384	0.53037	10.45539	1.10119	0	0.74540	0.55482	9.99720	1.10119	0	-0.00382	-0.00856	0.67118	0.00219	1	0.06474	-0.01318	0.68906	0.00338	1	1.45898	0.81042	0	
1266260	8540.02344	3306199829186	0.47559	0.26978	8539.84277	0.16699	11790	0	0.48162	0.16225	0	0.48588	0.52618	0	0.48588	0.52618	0	0.48384	0.53037	10.45539	1.10119	0	0.74540	0.55482	9.99720	1.10119	0	-0.00382	-0.00856	0.67118	0.00219	1	0.06474	-0.01318	0.68906	0.00338	1	1.45898	0.81042	0	
1266261	8540.03027	3306199896015	0.47559	0.26978	8539.84277	0.16699	11790	0	0.48162	0.16225	0	0.48588	0.52618	0	0.48588	0.52618	0	0.48384	0.53037	10.45539	1.10119	0	0.74540	0.55482	9.99720	1.10119	0	-0.00382	-0.00856	0.67118	0.00219	1	0.06474	-0.01318	0.68906	0.00338	1	1.45898	0.81042	0	
1266262	8540.03711	3306199963049	0.00000	0.00000	8539.84277	0.16699	11790	0	0.48162	0.16225	0	0.48588	0.52618	0	0.48588	0.52618	0	0.48384	0.53037	10.45539	1.10119	0	0.74540	0.55482	9.99720	1.10119	0	-0.00382	-0.00856	0.67118	0.00219	1	0.06474	-0.01318	0.68906	0.00338	1	1.45898	0.81042	0	
1266263	8540.04297	3306200028377	0.00000	0.00000	8539.84277	0.16699	11790	0	0.48162	0.16225	0	0.48588	0.52618	0	0.48588	0.52618	0	0.48384	0.53037	10.45539	1.10119	0	0.74540	0.55482	9.99720	1.10119	0	-0.00382	-0.00856	0.67118	0.00219	1	0.06474	-0.01318	0.68906	0.00338	1	1.45898	0.81042	0	
1266264	8540.04980	3306200096800	0.00000	0.00000	8539.84277	0.16699	11790	0	0.48162	0.16225	0	0.48588	0.52618	0	0.48588	0.52618	0	0.48384	0.53037	10.45539	1.10119	0	0.74540	0.55482	9.99720	1.10119	0	-0.00382	-0.00856	0.67118	0.00219	1	0.06474	-0.01318	0.68906	0.00338	1	1.45898	0.81042	0	
1266265	8540.05664	3306200163600	0.00000	0.00000	8539.84277	0.16699	11790	0	0.48162	0.16225	0	0.48588	0.52618	0	0.48588	0.52618	0	0.48384	0.53037	10.45539	1.10119	0	0.74540	0.55482	9.99720	1.10119	0	-0.00382	-0.00856	0.67118	0.00219	1	0.06474	-0.01318	0.68906	0.00338	1	1.45898	0.81042	0	
1266266	8540.06348	3306200231177	0.00000	0.00000	8539.84277	0.16699	11790	0	0.48162	0.16225	0	0.48588	0.52618	0	0.48588	0.52618	0	0.48384	0.53037	10.45539	1.10119	0	0.74540	0.55482	9.99720	1.10119	0	-0.00382	-0.00856	0.67118	0.00219	1	0.06474	-0.01318	0.68906	0.00338	1	1.45898	0.81042	0	
1266267	8540.07031	3306200297725	0.00000	0.00000	8539.84277	0.16699	11790	0	0.48162	0.16225	0	0.48588	0.52618	0	0.48588	0.52618	0	0.48384	0.53037	10.45539	1.10119	0	0.74540	0.55482	9.99720	1.10119	0	-0.00382	-0.00856	0.67118	0.00219	1	0.06474	-0.01318	0.68906	0.00338	1	1.45898	0.81042	0	
1266268	8540.07715	3306200365095	0.00000	0.00000	8539.84277	0.16699	11790	0	0.48162	0.16225	0	0.48588	0.52618	0	0.48588	0.52618	0	0.48384	0.53037	10.45539	1.10119	0	0.74540	0.55482	9.99720	1.10119	0	-0.00382	-0.00856	0.67118	0.00219	1	0.06474	-0.01318	0.68906	0.00338	1	1.45898	0.81042	0	
1266269	8540.08398	3306200430957	0.00000	0.00000	8539.84277	0.16699	11790	0	0.48162	0.16225	0	0.48588	0.52618	0	0.48588	0.52618	0	0.48384	0.53037	10.45539	1.10119	0	0.74540	0.55482	9.99720	1.10119	0	-0.00382	-0.00856	0.67118	0.00219	1	0.06474	-0.01318	0.68906	0.00338	1	1.45898	0.81042	0	
1266270	8540.09082	3306200499226	0.00000	0.00000	8539.84277	0.16699	11790	0	0.48162	0.16225	0	0.48588	0.52618	0	0.48588	0.52618	0	0.48384	0.53037	10.45539	1.10119	0	0.74540	0.55482	9.99720	1.10119	0	-0.00382	-0.00856	0.67118	0.00219	1	0.06474	-0.01318	0.68906	0.00338	1	1.45898	0.81042	0	
1266271	8540.09668	3306200566135	0.00000	0.00000	8539.84277	0.16699	11790	0	0.48162	0.16225	0	0.48588	0.52618	0	0.48588	0.52618	0	0.48384	0.53037	10.45539	1.10119	0	0.74540	0.55482	9.99720	1.10119	0	-0.00382	-0.00856	0.67118	0.00219	1	0.06474	-0.01318	0.68906	0.00338	1	1.45898	0.81042	0	
1266272	8540.10352	3306200632616	0.00000	0.00000	8539.84277	0.16699	11790	0	0.48162	0.16225	0	0.48588	0.52618	0	0.48588	0.52618	0	0.48384	0.53037	10.45539	1.10119	0	0.74540	0.55482	9.99720	1.10119	0	-0.00382	-0.00856	0.67118	0.00219	1	0.06474	-0.01318	0.68906	0.00338	1	1.45898	0.81042	0	
1266273	8540.11035	3306200699860	0.00000	0.00000	8539.84277	0.16699	11790	0	0.48162	0.16225	0	0.48588	0.52618	0	0.48588	0.52618	0	0.48384	0.53037	10.45539	1.10119	0	0.74540	0.55482	9.99720	1.10119	0	-0.00382	-0.00856	0.67118	0.00219	1	0.06474	-0.01318	0.68906	0.00338	1	1.45898	0.81042	0	
1266274	8540.11719	3306200766725	0.00000	0.00000	8539.84277	0.16699	11790	0	0.48162	0.16225	0	0.48588	0.52618	0	0.48588	0.52618	0	0.48384	0.53037	10.45539	1.10119	0	0.74540	0.55482	9.99720	1.10119	0	-0.00382	-0.00856	0.67118	0.00219	1	0.06474	-0.01318	0.68906	0.00338	1	1.45898	0.81042	0	
1266275	8540.12402	3306200833909	0.00000	0.00000	8539.84277	0.16699	11790	0	0.48162	0.16225	0	0.48588	0.52618	0	0.48588	0.52618	0	0.48384	0.53037	10.45539	1.10119	0	0.74540	0.55482	9.99720	1.10119	0	-0.00382	-0.00856	0.67118	0.00219	1	0.06474	-0.01318	0.68906	0.00338	1	1.45898	0.81042	0	
1266276	8540.13086	3306200900882	0.00000	0.00000	8539.84277	0.16699	11790	0	0.48162	0.16225	0	0.48588	0.52618	0	0.48588	0.52618	0	0.48384	0.53037	10.45539	1.10119	0	0.74540	0.55482	9.99720	1.10119	0	-0.00382	-0.00856	0.67118	0.00219	1	0.06474	-0.01318	0.68906	0.00338	1	1.45898	0.81042	0	
1266277	8540.13770	3306200967583	0.00000	0.00000	8539.84277	0.16699	11790	0	0.48162	0.16225	0	0.48588	0.52618	0	0.48588	0.52618	0	0.48384	0.53037	10.45539	1.10119	0	0.74540	0.55482	9.99720	1.10119	0	-0.00382	-0.00856	0.67118	0.00219	1	0.06474	-0.01318	0.68906	0.00338	1	1.45898	0.81042	0	
1266278	8540.14355	3306201035072	0.00000	0.00000	8539.84277	0.16699	11790	0	0.48162	0.16225	0	0.48588	0.52618	0	0.48588	0.52618	0	0.48384	0.53037	10.45539	1.10119	0	0.74540	0.55482	9.99720	1.10119	0	-0.00382	-0.00856	0.67118	0.00219	1	0.06474	-0.01318	0.68906	0.00338	1	1.45898	0.81042	0	
1266279	8540.15039	3306201101802	0.24460	0.15022	8539.84277	0.16699	11790	0	0.50747	0.27359	1	0.47092	0.32729	1	0.48920	0.30044	1	0.48379	0.53129	10.56720	1.10119	1	0.74547	0.55338	11.99890	1.10119	1	-0.00382	-0.00856	0.67118	0.00364	1	0.06474	-0.01318	0.68906	0.00413	1	1.45898	0.81042	0	
1266280	8540.15723	3306201168499	0.48799	0.27267	8539.84277	0.16699	11790	0	0.49690	0.13883	1	0.47667	0.35098	1	0.48678	0.24490	1	0.48378	0.52973	11.15016	1.10119	1	0.74557	0.55347	12.12191	1.10119	1	-0.00382	-0.00856	0.67118	0.00228	1	0.06474	-0.01318	0.68906	0.00411	1	1.45898	0.81042	0	
1266281	8540.16406	3306201235567	0.48712	0.25656	8539.84277	0.16699	11790	0	0.49580	0.13022	1	0.47668	0.35066	1	0.48624	0.24044	1	0.48377	0.53162	11.16383	1.11028	1	0.74542	0.55410	12.77316	1.10160	1	-0.00408	-0.00896	0.70694	0.00362	1	0.06403	-0.01302	0.68099	0.00404	1	1.45898	0.81042	0	
1266282	8540.17090	3306201302610	0.49325	0.29004	8539.84277	0.16699	11790	0	0.54760	0.33968	1	0.46344	0.37435	1	0.50552	0.35701	1	0.48399	0.53202	11.69385	1.11068	1	0.74542	0.55384	12.49665	1.10200	1	-0.00408	-0.00896	0.70694	0.00348	1	0.06403	-0.01302	0.68099	0.00399	1	1.45898	0.81042	0	
1266283	8540.17773	3306201369551	0.49422	0.30066	8540.15723	0.02051	11791	1	0.52794	0.25999	1	0.46628	0.40507	1	0.49711	0.33253	1	0.48383	0.53142	10.97813	1.11109	1	0.74544	0.55401	12.85862	1.10241	1	-0.00408	-0.00896	0.70694	0.00369	1	0.06403	-0.01302	0.68099	0.00404	1	1.45898	0.81042	0	
1266284	8540.18359	3306201429671	0.49479	0.30697	8540.15723	0.02637	11791	1	0.52790	0.25965	1	0.46629	0.40478	1	0.49710	0.33221	1	0.48372	0.53157	10.69114	1.11149	1	0.74559	0.55376	11.96377	1.10281	1	-0.00408	-0.00902	0.70718	0.00360	1	0.06291	-0.01287	0.67009	0.00398	1	1.45898	0.81042	0	
1266285	8540.19043	3306201502669	0.50090	0.30947	8540.15723	0.03320	11791	1	0.54068	0.29789	1	0.52220	0.34601	1	0.53144	0.32195	1	0.48389	0.53163	10.72682	1.10281	1	0.74550	0.55352	11.89611	1.10281	1	-0.00408	-0.00902	0.70718	0.00390	1	0.06291	-0.01287	0.67009	0.00404	1	1.45898	0.81042	0	
1266286	8540.19727	3306201569107	0.50566	0.31301	8540.15723	0.04004	11791	1	0.56035	0.34663	1	0.50806	0.32183	1	0.53421	0.33423	1	0.48419	0.53224	11.13514	1.10281	1	0.74524	0.55372	12.53907	1.10281	1	-0.00408	-0.00902	0.70718	0.00394	1	0.06291	-0.01287	0.67009	0.00393	1	1.45898	0.81042	0	
1266287	8540.20410	3306201633866	0.50923	0.31654	8540.15723	0.04688	11791	1	0.56101	0.35348	1	0.50748	0.32910	1	0.53424	0.34129	1	0.48376	0.53227	10.87058	1.09373	1	0.74485	0.55389	12.92993	1.09373	1	-0.00399	-0.00870	0.68243	0.00363	1	0.06291	-0.01287	0.67009	0.00397	1	1.45898	0.81042	0	
1266288	8540.21094	3306201701155	0.50940	0.31785	8540.15723	0.05371	11791	1	0.52539	0.39463	1	0.49611	0.26193	1	0.51075	0.32828	1	0.48368	0.53233	10.91453	1.08464	1	0.74503	0.55289	12.65422	1.08464	1	-0.00399	-0.00870	0.68243	0.00339	1	0.06291	-0.01287	0.67009	0.00441	1	1.45898	0.81042	0	
1266289	8540.21777	3306201769089	0.50740	0.32544	8540.15723	0.06055	11791	1	0.52121	0.42288	1	0.45752	0.36466	1	0.48936	0.39377	1	0.48348	0.53252	10.96197	1.07556	1	0.74450	0.55379	12.08110	1.07556	1	-0.00399	-0.00870	0.68243	0.00366	1	0.06291	-0.01287	0.67009	0.00437	1	1.45898	0.81042	0	
1266290	8540.22461	3306201837793	0.50579	0.33226	8540.15723	0.06738	11791	1	0.52218	0.42927	1	0.45733	0.37172	1	0.48975	0.40049	1	0.48335	0.53260	11.35035	1.06647	1	0.74476	0.55345	11.91548	1.06647	1	-0.00392	-0.00849	0.66997	0.00365	1	0.06291	-0.01292	0.67009	0.00390	1	1.45898	0.81042	0	
1266291	8540.23047	3306201900479	0.50416	0.33842	8540.15723	0.07324	11791	1	0.49589	0.44711	1	0.47654	0.36532	1	0.48622	0.40622	1	0.48310	0.53280	11.25522	1.06647	1	0.74484	0.55344	11.82581	1.06647	1	-0.00392	-0.00849	0.66997	0.00362	1	0.06291	-0.01292	0.67009	0.00413	1	1.45898	0.81042	0	
1266292	8540.23730	3306201971016	0.50340	0.33283	8540.15723	0.08008	11791	1	0.51208	0.16613	1	0.47654	0.36532	1	0.49431	0.26573	1	0.48320	0.53033	11.46816	1.06647	1	0.74484	0.55344	11.82581	1.06647	1	-0.00392	-0.00849	0.66997	0.00235	1	0.06291	-0.01292	0.67009	0.00413	1	1.45898	0.81042	0	
1266293	8540.24414	3306202038646	0.50273	0.32748	8540.15723	0.08691	11791	1	0.51105	0.15748	1	0.47689	0.35820	1	0.49397	0.25784	1	0.48277	0.53039	11.06077	1.07556	1	0.74475	0.55361	11.98382	1.07556	1	-0.00435	-0.00912	0.71550	0.00234	1	0.06338	-0.01306	0.67731	0.00413	1	1.45898	0.81042	0	
1266294	8540.25098	3306202106527	0.50317	0.32748	8540.15723	0.09375	11791	1	0.54878	0.31849	1	0.46980	0.33655	1	0.50929	0.32752	1	0.48323	0.53285	11.37453	1.08464	1	0.74470	0.55359	11.97550	1.08464	1	-0.00435	-0.00912	0.71550	0.00352	1	0.06338	-0.01306	0.67731	0.00407	1	1.45898	0.81042	0	
1266295	8540.25781	3306202172553	0.50403	0.31980	8540.15723	0.10059	11791	1	0.50802	0.11323	1	0.52590	0.29590	1	0.51696	0.20457	1	0.48276	0.53032	11.25328	1.09373	1	0.74473	0.55328	11.91065	1.09373	1	-0.00435	-0.00912	0.71550	0.00232	1	0.06338	-0.01306	0.67731	0.00417	1	1.45898	0.81042	0	
1266296	8540.26465	3306202240359	0.50479	0.31302	8540.15723	0.10742	11791	1	0.50802	0.11323	1	0.52590	0.29590	1	0.51696	0.20457	1	0.48254	0.53038	11.47412	1.09373	1	0.74436	0.55369	12.85754	1.09373	1	-0.00417	-0.00870	0.67835	0.00232	1	0.06338	-0.01290	0.67731	0.00406	1	1.45898	0.81042	0	
1266297	8540.27148	3306202307207	0.50406	0.30815	8540.15723	0.11426	11791	1	0.49788	0.10561	1	0.48550	0.34530	1	0.49169	0.22546	1	0.48255	0.53026	11.78999	1.08464	1	0.74416	0.55326	12.78469	1.08464	1	-0.00417	-0.00870	0.67835	0.00232	1	0.06338	-0.01290	0.67731	0.00426	1	1.45898	0.81042	0	
1266298	8540.27832	3306202374576	0.50335	0.30424	8540.15723	0.12109	11791	1	0.49541	0.12248	1	0.48559	0.34520	1	0.49050	0.23384	1	0.48248	0.53035	11.58531	1.07556	1	0.74417	0.55309	12.77720	1.07556	1	-0.00417	-0.00870	0.67835	0.00231	1	0.06338	-0.01290	0.67731	0.00427	1	1.45898	0.81042	0	
1266299	8540.28418	3306202441001	0.50272	0.30113	8540.15723	0.12695	11791	1	0.49655	0.13143	1	0.48518	0.35244	1	0.49086	0.24194	1	0.48235	0.53047	11.27130	1.06647	1	0.74399	0.55403	12.10831	1.06647	1	-0.00418	-0.00866	0.67925	0.00238	1	0.06338	-0.01290	0.67731	0.00377	1	1.45898	0.81042	0	
1266300	8540.29102	3306202508357	0.50166	0.30058	8540.15723	0.13379	11791	1	0.48501	0.15448	1	0.47565	0.42478	1	0.48033	0.28963	1	0.48235	0.53049	11.12253	1.06647	1	0.74403	0.55404	12.02449	1.06647	1	-0.00418	-0.00866	0.67925	0.00244	1	0.06338	-0.01290	0.67731	0.00388	1	1.45898	0.81042	0	
1266301	8540.29785	3306202575217	0.50131	0.30124	8540.15723	0.14062	11791	1	0.51494	0.17740	1	0.47290	0.45280	1	0.49392	0.31510	1	0.48225	0.53047	11.21432	1.06647	1	0.74405	0.55386	12.02572	1.06647	1	-0.00418	-0.00866	0.67925	0.00238	1	0.06338	-0.01290	0.67731	0.00387	1	1.45898	0.81042	0	
1266302	8540.30469	3306202642405	0.49659	0.27370	8540.15723	0.14062	11791	0	0.51494	0.17740	1	0.47320	0.44671	1	0.49407	0.31206	1	0.48210	0.53034	11.48443	1.06647	1	0.74399	0.55365	12.48804	1.07515	1	-0.00428	-0.00862	0.68008	0.00242	1	0.06551	-0.01335	0.70056	0.00401	1	1.45898	0.81042	0	
1266303	8540.31152	3306202709313	0.49129	0.28828	8540.15723	0.14062	11791	0	0.52655	0.17619	1	0.44541	0.42952	1	0.48598	0.30285	1	0.48207	0.53043	11.75850	1.07515	1	0.74360	0.55378	12.90670	1.08383	1	-0.00428	-0.00862	0.68008	0.00240	1	0.06551	-0.01335	0.70056	0.00389	1	1.45898	0.81042	0	
1266304	8540.31836	3306202775069	0.49344	0.31798	8540.15723	0.14062	11791	0	0.53487	0.31671	1	0.46064	0.43808	1	0.49776	0.37740	1	0.48222	0.53204	11.15297	1.08383	1	0.74376	0.55393	13.11941	1.09251	1	-0.00428	-0.00862	0.68008	0.00393	1	0.06551	-0.01335	0.70056	0.00391	1	1.45898	0.81042	0	
1266305	8540.32520	3306202843325	0.49434	0.33028	8540.30469	0.02051	11792	1	0.53320	0.30257	1	0.46085	0.43174	1	0.49703	0.36715	1	0.48206	0.53204	11.12729	1.10160	1	0.74373	0.55331	12.86907	1.10160	1	-0.00448	-0.00897	0.70327	0.00381	1	0.06295	-0.01286	0.67483	0.00384	1	1.45898	0.81042	0	
1266306	8540.33203	3306202911104	0.49084	0.31889	8540.30469	0.02734	11792	1	0.49586	0.15120	1	0.45785	0.39544	1	0.47685	0.27332	1	0.48183	0.53036	11.38519	1.11068	1	0.74370	0.55343	12.97040	1.10200	1	-0.00448	-0.00897	0.70327	0.00239	1	0.06295	-0.01286	0.67483	0.00382	1	1.45898	0.81042	0	
1266307	8540.33789	3306202978814	0.49061	0.32070	8540.30469	0.03320	11792	1	0.52017	0.29818	1	0.45874	0.36130	1	0.48946	0.32974	1	0.48202	0.53221	11.46116	1.11109	1	0.74371	0.55338	12.73890	1.10241	1	-0.00448	-0.00897	0.70327	0.00334	1	0.06295	-0.01286	0.67483	0.00385	1	1.45898	0.81042	0	
1266308	8540.34473	3306203045311	0.49044	0.32194	8540.30469	0.04004	11792	1	0.52013	0.29786	1	0.45875	0.36099	1	0.48944	0.32942	1	0.48192	0.53028	11.41284	1.11149	1	0.74377	0.55323	12.71806	1.10281	1	-0.00448	-0.00897	0.70327	0.00245	1	0.06295	-0.01280	0.67483	0.00382	1	1.45898	0.81042	0	
1266309	8540.35156	3306203111611	0.48966	0.31372	8540.30469	0.04688	11792	1	0.49777	0.14694	1	0.47060	0.36545	1	0.48419	0.25619	1	0.48176	0.53037	11.65388	1.10281	1	0.74354	0.55314	13.17368	1.10281	1	-0.00448	-0.00897	0.70327	0.00238	1	0.06295	-0.01280	0.67483	0.00386	1	1.45898	0.81042	0	
1266310	8540.35840	3306203178384	0.48803	0.30677	8540.30469	0.05371	11792	1	0.50021	0.14026	1	0.44977	0.36199	1	0.47499	0.25113	1	0.48192	0.53019	11.84808	1.10281	1	0.74358	0.55305	13.11104	1.10281	1	-0.00448	-0.00897	0.70327	0.00235	1	0.06295	-0.01280	0.67483	0.00388	1	1.45898	0.81042	0	
1266311	8540.36523	3306203244729	0.48678	0.30198	8540.30469	0.06055	11792	1	0.50129	0.14884	1	0.44964	0.36889	1	0.47547	0.25887	1	0.48195	0.53008	11.78378	1.09373	1	0.74356	0.55255	13.05408	1.09373	1	-0.00446	-0.00881	0.69111	0.00231	1	0.06295	-0.01280	0.67483	0.00411	1	1.45898	0.81042	0	
1266312	8540.37207	3306203312194	0.48547	0.29741	8540.30469	0.06738	11792	1	0.50642	0.14021	1	0.43841	0.36314	1	0.47242	0.25168	1	0.48185	0.53011	11.62542	1.08464	1	0.74345	0.55299	13.04136	1.08464	1	-0.00446	-0.00881	0.69111	0.00236	1	0.06295	-0.01280	0.67483	0.00391	1	1.45898	0.81042	0	
1266313	8540.37793	3306203378591	0.48716	0.29257	8540.30469	0.07324	11792	1	0.51301	0.13570	1	0.49857	0.34303	1	0.50579	0.23937	1	0.48193	0.53014	11.74706	1.07556	1	0.74392	0.55272	12.46319	1.07556	1	-0.00446	-0.00881	0.69111	0.00235	1	0.06295	-0.01280	0.67483	0.00407	1	1.45898	0.81042	0	
1266314	8540.38477	3306203446148	0.48861	0.28910	8540.30469	0.08008	11792	1	0.51402	0.14453	1	0.49804	0.35030	1	0.50603	0.24742	1	0.48225	0.53193	11.46593	1.06647	1	0.74370	0.55248	12.79320	1.06647	1	-0.00446	-0.00881	0.69111	0.00360	1	0.06295	-0.01280	0.67483	0.00413	1	1.45898	0.81042	0	
1266315	8540.39160	3306203511232	0.48923	0.28735	8540.30469	0.08691	11792	1	0.50655	0.14698	1	0.48782	0.38237	1	0.49718	0.26467	1	0.48189	0.53006	11.75841	1.06647	1	0.74380	0.55312	12.48146	1.06647	1	-0.00446	-0.00881	0.69111	0.00235	1	0.06295	-0.01280	0.67483	0.00388	1	1.45898	0.81042	0	
1266316	8540.39844	3306203579932	0.48974	0.28639	8540.30469	0.09375	11792	1	0.50553	0.15497	1	0.48825	0.39084	1	0.49689	0.27290	1	0.48196	0.53003	11.89445	1.06647	1	0.74386	0.55319	12.66787	1.06647	1	-0.00446	-0.00881	0.69111	0.00230	1	0.06295	-0.01280	0.67483	0.00386	1	1.45898	0.81042	0	
1266317	8540.40527	3306203647258	0.49018	0.28555	8540.30469	0.10059	11792	1	0.50553	0.15497	1	0.48825	0.39084	1	0.49689	0.27290	1	0.48191	0.53001	11.91010	1.06647	1	0.74359	0.55222	12.68347	1.06647	1	-0.00446	-0.00876	0.69111	0.00234	1	0.06295	-0.01280	0.67483	0.00419	1	1.45898	0.81042	0	
1266318	8540.41211	3306203712742	0.49016	0.28201	8540.30469	0.10742	11792	1	0.51019	0.13522	1	0.46948	0.31556	1	0.48983	0.22539	1	0.48188	0.52991	11.70792	1.06647	1	0.74351	0.55247	12.89762	1.06647	1	-0.00446	-0.00876	0.69111	0.00234	1	0.06295	-0.01280	0.67483	0.00417	1	1.45898	0.81042	0	
1266319	8540.41895	3306203780914	0.49051	0.27856	8540.30469	0.11426	11792	1	0.51130	0.14760	1	0.48154	0.29217	1	0.49642	0.21989	1	0.48189	0.53000	11.76719	1.06647	1	0.74366	0.55211	12.61760	1.06647	1	-0.00446	-0.00876	0.69111	0.00231	1	0.06295	-0.01280	0.67483	0.00422	1	1.45898	0.81042	0	
1266320	8540.42578	3306203848599	0.49104	0.24836	8540.30469	0.11426	11792	0	0.51130	0.14760	1	0.48154	0.29217	1	0.49642	0.21989	1	0.48192	0.52989	11.48729	1.06647	1	0.74362	0.55208	12.59649	1.06647	1	-0.00446	-0.00881	0.69111	0.00227	1	0.06337	-0.01284	0.67940	0.00423	1	1.45898	0.81042	0	
1266321	8540.43164	3306203914413	0.49211	0.24241	8540.30469	0.11426	11792	0	0.51176	0.13843	1	0.47461	0.33451	1	0.49319	0.23647	1	0.48190	0.52994	11.38099	1.06647	1	0.74393	0.55254	11.96197	1.06647	1	-0.00446	-0.00881	0.69111	0.00225	1	0.06337	-0.01284	0.67940	0.00409	1	1.45898	0.81042	0	
1266322	8540.43848	3306203981993	0.48897	0.25005	8540.30469	0.11426	11792	0	0.50208	0.15538	1	0.46330	0.37524	1	0.48269	0.26531	1	0.48174	0.52996	11.18013	1.06647	1	0.74386	0.55302	12.06599	1.06647	1	-0.00446	-0.00881	0.69111	0.00239	1	0.06337	-0.01284	0.67940	0.00388	1	1.45898	0.81042	0	
1266323	8540.44531	3306204048874	0.48740	0.25386	8540.42578	0.01953	11793	1	0.50208	0.15538	1	0.46330	0.37524	1	0.48269	0.26531	1	0.48184	0.52995	11.68005	1.06647	1	0.74393	0.55254	11.96197	1.06647	1	-0.00446	-0.00881	0.69111	0.00236	1	0.06339	-0.01287	0.67850	0.00409	1	1.45898	0.81042	0	
1266324	8540.45215	3306204115824	0.48852	0.24954	8540.42578	0.02637	11793	1	0.50348	0.16375	1	0.48246	0.30073	1	0.49297	0.23224	1	0.48183	0.53004	11.50734	1.06647	1	0.74406	0.55214	11.81458	1.06647	1	-0.00446	-0.00881	0.69111	0.00239	1	0.06339	-0.01287	0.67850	0.00423	1	1.45898	0.81042	0	
1266325	8540.45898	3306204182696	0.48921	0.24658	8540.42578	0.03320	11793	1	0.50514	0.15025	1	0.48025	0.31328	1	0.49270	0.23177	1	0.48178	0.52986	11.08757	1.06647	1	0.74404	0.55224	11.89450	1.06647	1	-0.00446	-0.00881	0.69111	0.00233	1	0.06339	-0.01287	0.67850	0.00418	1	1.45898	0.81042	0	
1266326	8540.46582	3306204250199	0.48966	0.24329	8540.42578	0.04004	11793	1	0.50407	0.14147	1	0.48063	0.30571	1	0.49235	0.22359	1	0.48186	0.52995	11.09949	1.07556	1	0.74389	0.55266	11.84802	1.07556	1	-0.00448	-0.00897	0.70327	0.00222	1	0.06295	-0.01280	0.67483	0.00401	1	1.45898	0.81042	0	
1266327	8540.47266	3306204317527	0.49034	0.23883	8540.42578	0.04688	11793	1	0.50687	0.12837	1	0.48335	0.28689	1	0.49511	0.20763	1	0.48193	0.52995	11.20428	1.08464	1	0.74406	0.55214	11.81458	1.08464	1	-0.00448	-0.00897	0.70327	0.00226	1	0.06295	-0.01280	0.67483	0.00423	1	1.45898	0.81042	0	
1266328	8540.47852	3306204383868	0.49196	0.23477	8540.42578	0.05273	11793	1	0.50937	0.12075	1	0.50040	0.28377	1	0.50489	0.20226	1	0.48197	0.53006	11.44291	1.09373	1	0.74397	0.55222	11.90517	1.09373	1	-0.00448	-0.00897	0.70327	0.00225	1	0.06295	-0.01280	0.67483	0.00422	1	1.45898	0.81042	0	
1266329	8540.48535	3306204450769	0.49320	0.23102	8540.42578	0.05957	11793	1	0.50836	0.11194	1	0.50049	0.28257	1	0.50442	0.19725	1	0.48197	0.53011	11.27806	1.10281	1	0.74409	0.55240	11.91148	1.09515	1	-0.00449	-0.00894	0.70501	0.00227	1	0.06164	-0.01253	0.66030	0.00403	1	1.45898	0.81042	0	
1266330	8540.49219	3306204517712	0.49219	0.23207	8540.42578	0.06641	11793	1	0.50564	0.11226	1	0.45841	0.37298	1	0.48202	0.24262	1	0.48189	0.52998	11.33485	1.09515	1	0.74365	0.55326	12.88263	1.08749	1	-0.00449	-0.00894	0.70501	0.00231	1	0.06164	-0.01253	0.66030	0.00383	1	1.45898	0.81042	0	
1266331	8540.49902	3306204584851	0.49054	0.23218	8540.42578	0.07324	11793	1	0.48116	0.12328	1	0.46375	0.34353	1	0.47245	0.23340	1	0.48192	0.52996	11.17559	1.08749	1	0.74374	0.55297	12.31120	1.07983	1	-0.00449	-0.00894	0.70501	0.00225	1	0.06164	-0.01253	0.66030	0.00390	1	1.45898	0.81042	0	
1266332	8540.50586	3306204650752	0.48924	0.23292	8540.42578	0.08008	11793	1	0.48341	0.13960	1	0.46374	0.34386	1	0.47357	0.24173	1	0.48201	0.52983	10.83156	1.07075	1	0.74401	0.55227	11.76569	1.07943	1	-0.00429	-0.00869	0.68177	0.00227	1	0.06611	-0.01342	0.70704	0.00419	1	1.45898	0.81042	0	
1266333	8540.51270	3306204718652	0.48860	0.23147	8540.42578	0.08691	11793	1	0.48272	0.13492	1	0.47792	0.29042	1	0.48032	0.21267	1	0.48193	0.52985	10.90196	1.07034	1	0.74399	0.55238	11.77726	1.08668	1	-0.00429	-0.00869	0.68177	0.00230	1	0.06611	-0.01342	0.70704	0.00416	1	1.45898	0.81042	0	
1266334	8540.51953	3306204785987	0.48771	0.23018	8540.42578	0.09375	11793	1	0.48297	0.11944	1	0.46756	0.30472	1	0.47526	0.21208	1	0.48201	0.52988	10.96078	1.07760	1	0.74388	0.55260	12.06076	1.09394	1	-0.00429	-0.00869	0.68177	0.00226	1	0.06611	-0.01342	0.70704	0.00398	1	1.45898	0.81042	0	
1266335	8540.52539	3306204852537	0.48693	0.22931	8540.42578	0.09961	11793	1	0.48307	0.12019	1	0.46728	0.31246	1	0.47518	0.21632	1	0.48226	0.52993	10.97660	1.07684	1	0.74390	0.55271	12.08571	1.08449	1	-0.00410	-0.00840	0.65851	0.00226	1	0.06338	-0.01285	0.67731	0.00394	1	1.45898	0.81042	0	
1266336	8540.53223	3306204920005	0.48673	0.23015	8540.42578	0.10645	11793	1	0.49882	0.12804	1	0.46843	0.35891	1	0.48363	0.24348	1	0.48215	0.52996	10.96266	1.07648	1	0.74386	0.55286	12.29543	1.06780	1	-0.00410	-0.00840	0.65851	0.00226	1	0.06338	-0.01285	0.67731	0.00396	1	1.45898	0.81042	0	
1266337	8540.53906	3306204986803	0.48681	0.23176	8540.42578	0.11328	11793	1	0.50903	0.15146	1	0.46706	0.36681	1	0.48805	0.25913	1	0.48221	0.52995	10.80301	1.05978	1	0.74389	0.55275	12.32558	1.05110	1	-0.00410	-0.00840	0.65851	0.00231	1	0.06338	-0.01285	0.67731	0.00393	1	1.45898	0.81042	0	
1266338	8540.54590	3306205053164	0.48689	0.23360	8540.42578	0.12012	11793	1	0.51004	0.15989	1	0.46680	0.37370	1	0.48842	0.26680	1	0.48238	0.53017	10.95848	1.05110	1	0.74405	0.55317	12.44288	1.04242	1	-0.00418	-0.00866	0.67925	0.00234	1	0.06338	-0.01285	0.67731	0.00378	1	1.45898	0.81042	0	
1266339	8540.55273	3306205118908	0.48667	0.23676	8540.42578	0.12695	11793	1	0.49612	0.19182	1	0.46896	0.40173	1	0.48254	0.29677	1	0.48244	0.53014	11.45609	1.05044	1	0.74388	0.55327	12.27454	1.05044	1	-0.00418	-0.00866	0.67925	0.00229	1	0.06338	-0.01285	0.67731	0.00390	1	1.45898	0.81042	0	
1266340	8540.55957	3306205186407	0.48648	0.23933	8540.42578	0.13379	11793	1	0.49540	0.17376	1	0.46975	0.40752	1	0.48257	0.29064	1	0.48245	0.53005	11.31395	1.05845	1	0.74389	0.55330	12.43243	1.05845	1	-0.00418	-0.00866	0.67925	0.00230	1	0.06338	-0.01285	0.67731	0.00387	1	1.45898	0.81042	0	
1266341	8540.56543	3306205252324	0.48628	0.24135	8540.42578	0.13965	11793	1	0.49438	0.16612	1	0.47000	0.40151	1	0.48219	0.28382	1	0.48252	0.52985	10.79108	1.06647	1	0.74436	0.55303	11.40580	1.06647	1	-0.00418	-0.00866	0.67925	0.00225	1	0.06338	-0.01285	0.67731	0.00389	1	1.45898	0.81042	0	
1266342	8540.57227	3306205321245	0.48625	0.24168	8540.42578	0.14648	11793	1	0.49532	0.13451	1	0.47566	0.36356	1	0.48549	0.24904	1	0.48244	0.52982	10.75395	1.06647	1	0.74438	0.55300	11.39535	1.06647	1	-0.00418	-0.00866	0.67925	0.00231	1	0.06338	-0.01285	0.67731	0.00391	1	1.45898	0.81042	0	
1266343	8540.57910	3306205388265	0.48624	0.24302	8540.42578	0.15332	11793	1	0.50410	0.14912	1	0.46790	0.39846	1	0.48600	0.27379	1	0.48257	0.52995	11.05440	1.06647	1	0.74420	0.55333	11.97782	1.06647	1	-0.00418	-0.00866	0.67925	0.00224	1	0.06338	-0.01285	0.67731	0.00382	1	1.45898	0.81042	0	
1266344	8540.58594	3306205452606	0.48623	0.24425	8540.42578	0.16016	11793	1	0.50410	0.14912	1	0.46790	0.39846	1	0.48600	0.27379	1	0.48255	0.52994	11.06117	1.06647	1	0.74480	0.55337	12.22311	1.06647	1	-0.00418	-0.00866	0.67925	0.00222	1	0.06338	-0.01290	0.67731	0.00377	1	1.45898	0.81042	0	
1266345	8540.59375	3306205528366	0.48623	0.24575	8540.42578	0.16797	11793	1	0.50317	0.15291	1	0.46938	0.41332	1	0.48627	0.28311	1	0.48262	0.52998	10.93856	1.06647	1	0.74468	0.55324	12.38640	1.06647	1	-0.00418	-0.00866	0.67925	0.00225	1	0.06338	-0.01290	0.67731	0.00370	1	1.45898	0.81042	0	
1266346	8540.59961	3306205590744	0.48594	0.24715	8540.42578	0.17383	11793	1	0.50413	0.15030	1	0.45250	0.41679	1	0.47831	0.28355	1	0.48269	0.53000	10.65585	1.06647	1	0.74438	0.55354	12.99459	1.06647	1	-0.00418	-0.00866	0.67925	0.00224	1	0.06338	-0.01290	0.67731	0.00368	1	1.45898	0.81042	0	
1266347	8540.60645	3306205657548	0.48394	0.27354	8540.42578	0.17383	11793	0	0.50304	0.14151	1	0.45253	0.41575	1	0.47778	0.27863	1	0.48273	0.53004	10.56313	1.07556	1	0.74459	0.55368	11.99976	1.06790	1	-0.00435	-0.00912	0.71550	0.00223	1	0.06187	-0.01258	0.66060	0.00370	1	1.45898	0.81042	0	
1266348	8540.61328	3306205724879	0.48091	0.27629	8540.42578	0.17383	11793	0	0.47913	0.13244	1	0.47663	0.42562	1	0.47788	0.27903	1	0.48263	0.53008	11.26112	1.07698	1	0.74481	0.55368	11.87417	1.06932	1	-0.00435	-0.00912	0.71550	0.00217	1	0.06187	-0.01258	0.66060	0.00379	1	1.45898	0.81042	0	
1266349	8540.61914	3306205791200	0.48157	0.26763	8540.42578	0.17383	11793	0	0.48327	0.15035	1	0.48249	0.35027	1	0.48288	0.25031	1	0.48275	0.53009	10.75712	1.07841	1	0.74488	0.55332	11.87456	1.07075	1	-0.00435	-0.00912	0.71550	0.00217	1	0.06187	-0.01258	0.66060	0.00395	1	1.45898	0.81042	0	
1266350	8540.62598	3306205855401	0.48192	0.26222	8540.60645	0.01953	11794	1	0.48308	0.14899	1	0.48288	0.34304	1	0.48298	0.24601	1	0.48279	0.53007	10.93139	1.07983	1	0.74485	0.55386	12.21180	1.07983	1	-0.00435	-0.00912	0.71550	0.00218	1	0.06327	-0.01286	0.67501	0.00390	1	1.45898	0.81042	0	
1266351	8540.63281	3306205921440	0.48213	0.25520	8540.60645	0.02637	11794	1	0.48182	0.12591	1	0.48413	0.32834	1	0.48298	0.22712	1	0.48269	0.53011	10.98604	1.07983	1	0.74490	0.55315	11.88940	1.08749	1	-0.00435	-0.00912	0.71550	0.00229	1	0.06327	-0.01286	0.67501	0.00422	1	1.45898	0.81042	0	
1266352	8540.63965	3306205986863	0.48091	0.25260	8540.60645	0.03320	11794	1	0.48169	0.13129	1	0.46792	0.34785	1	0.47480	0.23957	1	0.48274	0.53013	10.50510	1.08749	1	0.74471	0.55355	12.00233	1.09515	1	-0.00435	-0.00912	0.71550	0.00220	1	0.06327	-0.01286	0.67501	0.00418	1	1.45898	0.81042	0	
1266353	8540.64648	3306206058790	0.47909	0.26535	8540.60645	0.04004	11794	1	0.48169	0.13129	0	0.46814	0.34188	1	0.46814	0.34188	1	0.48274	0.53013	10.50510	1.09515	0	0.48284	0.53033	10.83009	1.10281	1	-0.00435	-0.00912	0.71550	0.00220	1	-0.00406	-0.00863	0.67713	0.00222	1	1.45898	0.81042	0	
1266354	8540.65332	3306206126644	0.46560	0.23963	8540.60645	0.04688	11794	1	0.48169	0.13129	0	0.37116	0.05957	1	0.37116	0.05957	1	0.48274	0.53013	10.50510	1.10281	0	0.48281	0.53009	10.85828	1.10281	1	-0.00435	-0.00912	0.71550	0.00220	1	-0.00406	-0.00863	0.67713	0.00220	1	1.45898	0.81042	0	
1266355	8540.66016	3306206193751	0.45530	0.22168	8540.60645	0.05371	11794	1	0.48169	0.13129	0	0.37296	0.07804	1	0.37296	0.07804	1	0.48274	0.53013	10.50510	1.10281	0	0.48289	0.53014	11.19507	1.10281	1	-0.00435	-0.00912	0.71550	0.00220	1	-0.00406	-0.00863	0.67713	0.00226	1	1.45898	0.81042	0	
1266356	8540.66699	3306206260589	0.44707	0.20731	8540.60645	0.06055	11794	1	0.48169	0.13129	0	0.37296	0.07804	1	0.37296	0.07804	1	0.48274	0.53013	10.50510	1.10281	0	0.48264	0.53030	10.73281	1.10281	1	-0.00435	-0.00912	0.71550	0.00220	1	-0.00411	-0.00879	0.68512	0.00235	1	1.45898	0.81042	0	
1266357	8540.67285	3306206326585	0.43877	0.19518	8540.60645	0.06641	11794	1	0.48169	0.13129	0	0.35583	0.07385	1	0.35583	0.07385	1	0.48274	0.53013	10.50510	1.10281	0	0.48264	0.53038	10.86814	1.10281	1	-0.00435	-0.00912	0.71550	0.00220	1	-0.00411	-0.00879	0.68512	0.00229	1	1.45898	0.81042	0	
1266358	8540.67969	3306206393257	0.43455	0.18388	8540.60645	0.07324	11794	1	0.48169	0.13129	0	0.38804	0.05959	1	0.38804	0.05959	1	0.48274	0.53013	10.50510	1.10281	0	0.48267	0.53009	11.51070	1.10281	1	-0.00435	-0.00912	0.71550	0.00220	1	-0.00411	-0.00879	0.68512	0.00220	1	1.45898	0.81042	0	
1266359	8540.68652	3306206460959	0.43094	0.17363	8540.60645	0.08008	11794	1	0.48169	0.13129	0	0.38770	0.05068	1	0.38770	0.05068	1	0.48274	0.53013	10.50510	1.10281	0	0.48259	0.53038	11.07280	1.11149	1	-0.00435	-0.00912	0.71550	0.00220	1	-0.00421	-0.00889	0.69287	0.00219	1	1.45898	0.81042	0	
1266360	8540.69336	3306206527024	0.42776	0.16353	8540.60645	0.08691	11794	1	0.48169	0.13129	0	0.38633	0.03220	1	0.38633	0.03220	1	0.48274	0.53013	10.50510	1.11149	0	0.48263	0.53023	11.13760	1.12017	1	-0.00435	-0.00912	0.71550	0.00220	1	-0.00421	-0.00889	0.69287	0.00224	1	1.45898	0.81042	0	
1266361	8540.70020	3306206594173	0.41064	0.12389	8540.60645	0.08691	11794	0	0.48169	0.13129	0	0.38379	0.00009	1	0.38379	0.00009	1	0.48274	0.53013	10.50510	1.12017	0	0.48259	0.53017	11.44507	1.12885	1	-0.00435	-0.00912	0.71550	0.00220	1	-0.00421	-0.00889	0.69287	0.00224	1	1.45898	0.81042	0	
1266362	8540.70703	3306206661136	0.39721	0.06199	8540.60645	0.08691	11794	0	0.48169	0.13129	0	0.38379	0.00009	1	0.38379	0.00009	1	0.48274	0.53013	10.50510	1.12885	0	0.48266	0.53040	10.53850	1.12885	1	-0.00435	-0.00912	0.71550	0.00220	1	-0.00417	-0.00870	0.67813	0.00231	1	1.45898	0.81042	0	
1266363	8540.71289	3306206728113	0.42642	0.10307	8540.60645	0.08691	11794	0	0.49062	0.06949	1	0.47904	0.30098	1	0.48483	0.18524	1	0.48257	0.53037	10.59764	1.12885	1	0.74442	0.55369	11.90940	1.12017	1	-0.00435	-0.00912	0.71550	0.00224	1	-0.00417	-0.00870	0.67813	0.00417	1	1.45898	0.81042	0	
1266364	8540.71973	3306206795231	0.44716	0.12579	8540.70020	0.01953	11795	1	0.49356	0.09784	1	0.52522	0.29008	1	0.50939	0.19396	1	0.48267	0.53050	10.95698	1.12017	1	0.74468	0.55341	11.56299	1.11149	1	-0.00435	-0.00912	0.71550	0.00225	1	-0.00417	-0.00870	0.67813	0.00412	1	1.45898	0.81042	0	
1266365	8540.72656	3306206859983	0.45962	0.14324	8540.70020	0.02637	11795	1	0.49572	0.11505	1	0.52321	0.31103	1	0.50946	0.21304	1	0.48252	0.53059	10.95109	1.10241	1	0.74441	0.55371	11.12006	1.08607	1	-0.00411	-0.00863	0.66925	0.00232	1	0.06173	-0.01266	0.65914	0.00404	1	1.45898	0.81042	0	
1266366	8540.73340	3306206929168	0.46384	0.16216	8540.70020	0.03320	11795	1	0.49020	0.12427	1	0.47960	0.38924	1	0.48490	0.25676	1	0.48245	0.53035	11.16995	1.07698	1	0.74404	0.55428	11.69867	1.06932	1	-0.00411	-0.00863	0.66925	0.00227	1	0.06173	-0.01266	0.65914	0.00394	1	1.45898	0.81042	0	
1266367	8540.74023	3306206995984	0.46668	0.18098	8540.70020	0.04004	11795	1	0.49487	0.16560	1	0.47263	0.42224	1	0.48375	0.29392	1	0.48244	0.53055	10.82430	1.06024	1	0.74398	0.55437	11.84129	1.05258	1	-0.00411	-0.00863	0.66925	0.00231	1	0.06173	-0.01266	0.65914	0.00393	1	1.45898	0.81042	0	
1266368	8540.74707	3306207063193	0.46893	0.19653	8540.70020	0.04688	11795	1	0.49700	0.18165	1	0.47231	0.42896	1	0.48466	0.30531	1	0.48230	0.53060	11.06117	1.04349	1	0.74417	0.55383	11.57753	1.04349	1	-0.00429	-0.00879	0.68177	0.00223	1	0.06338	-0.01300	0.67731	0.00392	1	1.45898	0.81042	0	
1266369	8540.75391	3306207130005	0.46984	0.20583	8540.70020	0.05371	11795	1	0.48226	0.16733	1	0.47201	0.39316	1	0.47714	0.28025	1	0.48225	0.53050	11.18054	1.04349	1	0.74395	0.55393	11.91723	1.05115	1	-0.00429	-0.00879	0.68177	0.00229	1	0.06338	-0.01300	0.67731	0.00401	1	1.45898	0.81042	0	
1266370	8540.75977	3306207196101	0.47177	0.21231	8540.70020	0.05957	11795	1	0.50581	0.17457	1	0.47251	0.36670	1	0.48916	0.27064	1	0.48224	0.53071	10.68707	1.05115	1	0.74392	0.55392	12.09340	1.05881	1	-0.00429	-0.00879	0.68177	0.00230	1	0.06338	-0.01300	0.67731	0.00395	1	1.45898	0.81042	0	
1266371	8540.76660	3306207264509	0.47334	0.21669	8540.70020	0.06641	11795	1	0.50489	0.16723	1	0.47308	0.35382	1	0.48898	0.26053	1	0.48209	0.53080	11.03618	1.05881	1	0.74382	0.55361	12.13966	1.07515	1	-0.00431	-0.00889	0.68487	0.00231	1	0.06611	-0.01363	0.70704	0.00399	1	1.45898	0.81042	0	
1266372	8540.77344	3306207330889	0.47427	0.21567	8540.70020	0.07324	11795	1	0.48930	0.11985	1	0.47974	0.28912	1	0.48452	0.20448	1	0.48200	0.53075	10.87083	1.07515	1	0.74403	0.55328	11.74560	1.08383	1	-0.00431	-0.00889	0.68487	0.00226	1	0.06611	-0.01363	0.70704	0.00422	1	1.45898	0.81042	0	
1266373	8540.78027	3306207397939	0.47524	0.21489	8540.70020	0.08008	11795	1	0.50589	0.10901	1	0.46799	0.30200	1	0.48694	0.20551	1	0.48191	0.53070	11.05695	1.08383	1	0.74387	0.55338	11.80212	1.09251	1	-0.00431	-0.00889	0.68487	0.00229	1	0.06611	-0.01363	0.70704	0.00397	1	1.45898	0.81042	0	
1266374	8540.78711	3306207464603	0.48914	0.23881	8540.70020	0.08008	11795	0	0.50384	0.09143	1	0.46804	0.30083	1	0.48594	0.19613	1	0.48184	0.53085	10.89534	1.10160	1	0.74359	0.55428	12.38530	1.09394	1	-0.00451	-0.00923	0.70718	0.00227	1	0.06164	-0.01273	0.66030	0.00384	1	1.45898	0.81042	0	
1266375	8540.79395	3306207531903	0.49565	0.23280	8540.70020	0.08008	11795	0	0.50123	0.09965	1	0.50310	0.35391	1	0.50216	0.22678	1	0.48184	0.53084	11.18157	1.10302	1	0.74399	0.55399	12.08744	1.08668	1	-0.00451	-0.00923	0.70718	0.00224	1	0.06164	-0.01273	0.66030	0.00388	1	1.45898	0.81042	0	
1266376	8540.80078	3306207598427	0.49507	0.23331	8540.70020	0.08008	11795	0	0.49189	0.11123	1	0.49589	0.35742	1	0.49389	0.23433	1	0.48169	0.53088	10.99065	1.09577	1	0.74391	0.55402	11.90222	1.07943	1	-0.00451	-0.00923	0.70718	0.00228	1	0.06164	-0.01273	0.66030	0.00383	1	1.45898	0.81042	0	
1266377	8540.80664	3306207663968	0.49492	0.23716	8540.78711	0.01953	11796	1	0.49394	0.12721	1	0.49499	0.37023	1	0.49447	0.24872	1	0.48174	0.53107	11.29914	1.07943	1	0.74357	0.55409	11.21514	1.06309	1	-0.00446	-0.00902	0.69110	0.00225	1	0.06164	-0.01273	0.66030	0.00386	1	1.45898	0.81042	0	
1266378	8540.81348	3306207730251	0.49290	0.24497	8540.78711	0.02637	11796	1	0.49456	0.16238	1	0.47506	0.38998	1	0.48481	0.27618	1	0.48168	0.53109	11.20253	1.05400	1	0.74321	0.55404	11.72055	1.05400	1	-0.00446	-0.00902	0.69110	0.00230	1	0.06164	-0.01273	0.66030	0.00392	1	1.45898	0.81042	0	
1266379	8540.82031	3306207797213	0.49134	0.25111	8540.78711	0.03320	11796	1	0.49267	0.18147	1	0.47447	0.38214	1	0.48357	0.28181	1	0.48167	0.53102	11.24322	1.04492	1	0.74325	0.55390	11.70802	1.04492	1	-0.00446	-0.00902	0.69110	0.00231	1	0.06164	-0.01273	0.66030	0.00399	1	1.45898	0.81042	0	
1266380	8540.82715	3306207862596	0.49034	0.25571	8540.78711	0.04004	11796	1	0.49386	0.19018	1	0.47474	0.37645	1	0.48430	0.28331	1	0.48145	0.53097	11.56794	1.03583	1	0.74306	0.55419	12.52242	1.05217	1	-0.00450	-0.00890	0.68223	0.00226	1	0.06582	-0.01361	0.70619	0.00378	1	1.45898	0.81042	0	
1266381	8540.83398	3306207930522	0.48996	0.25842	8540.78711	0.04688	11796	1	0.50805	0.14994	1	0.46653	0.40488	1	0.48729	0.27741	1	0.48151	0.53086	11.43783	1.05217	1	0.74313	0.55429	12.17205	1.06851	1	-0.00450	-0.00890	0.68223	0.00226	1	0.06582	-0.01361	0.70619	0.00378	1	1.45898	0.81042	0	
1266382	8540.84082	3306208001076	0.48915	0.25698	8540.78711	0.05371	11796	1	0.49754	0.11756	1	0.46779	0.37336	1	0.48267	0.24546	1	0.48144	0.53109	10.92590	1.06851	1	0.74314	0.55416	12.18443	1.08485	1	-0.00450	-0.00890	0.68223	0.00225	1	0.06582	-0.01361	0.70619	0.00392	1	1.45898	0.81042	0	
1266383	8540.84766	3306208067990	0.48841	0.25472	8540.78711	0.06055	11796	1	0.49552	0.10128	1	0.46802	0.36752	1	0.48177	0.23440	1	0.48132	0.53108	11.01627	1.08485	1	0.74291	0.55431	12.73403	1.09251	1	-0.00450	-0.00896	0.68245	0.00228	1	0.06349	-0.01319	0.68173	0.00388	1	1.45898	0.81042	0	
1266384	8540.85352	3306208134808	0.48850	0.25648	8540.78711	0.06641	11796	1	0.49859	0.15572	1	0.48017	0.39242	1	0.48938	0.27407	1	0.48135	0.53129	11.00694	1.09251	1	0.74283	0.55440	12.91048	1.08383	1	-0.00450	-0.00896	0.68245	0.00226	1	0.06349	-0.01319	0.68173	0.00377	1	1.45898	0.81042	0	
1266385	8540.86035	3306208201715	0.48911	0.25512	8540.78711	0.07324	11796	1	0.51941	0.11247	1	0.47220	0.36788	1	0.49581	0.24018	1	0.48126	0.53135	11.31821	1.08383	1	0.74315	0.55403	12.25955	1.07515	1	-0.00450	-0.00896	0.68245	0.00226	1	0.06349	-0.01319	0.68173	0.00384	1	1.45898	0.81042	0	
1266386	8540.86719	3306208268718	0.48964	0.25479	8540.78711	0.08008	11796	1	0.52033	0.12103	1	0.47165	0.38055	1	0.49599	0.25079	1	0.48121	0.53154	11.04172	1.07515	1	0.74283	0.55411	11.62093	1.05881	1	-0.00450	-0.00896	0.68245	0.00224	1	0.06131	-0.01275	0.65892	0.00389	1	1.45898	0.81042	0	
1266387	8540.87402	3306208336206	0.49005	0.25526	8540.78711	0.08691	11796	1	0.52206	0.16630	1	0.46875	0.35636	1	0.49541	0.26133	1	0.48123	0.53146	11.21587	1.05881	1	0.74274	0.55380	11.31809	1.05115	1	-0.00450	-0.00896	0.68245	0.00224	1	0.06131	-0.01275	0.65892	0.00397	1	1.45898	0.81042	0	
1266388	8540.88086	3306208403025	0.49065	0.25654	8540.78711	0.09375	11796	1	0.51877	0.15300	1	0.47941	0.39617	1	0.49909	0.27458	1	0.48121	0.53154	11.04172	1.05115	1	0.74282	0.55410	11.48133	1.04349	1	-0.00450	-0.00896	0.68245	0.00224	1	0.06131	-0.01275	0.65892	0.00386	1	1.45898	0.81042	0	
1266389	8540.88770	3306208469647	0.49118	0.25741	8540.78711	0.10059	11796	1	0.51861	0.15160	1	0.47979	0.38915	1	0.49920	0.27038	1	0.48109	0.53158	11.16054	1.05258	1	0.74314	0.55420	12.17975	1.05258	1	-0.00472	-0.00939	0.70731	0.00226	1	0.06297	-0.01311	0.67728	0.00379	1	1.45898	0.81042	0	
1266390	8540.89453	3306208537224	0.49190	0.25923	8540.78711	0.10742	11796	1	0.50903	0.16234	1	0.49754	0.41425	1	0.50328	0.28829	1	0.48109	0.53156	11.05325	1.06166	1	0.74317	0.55427	12.20767	1.06932	1	-0.00472	-0.00939	0.70731	0.00230	1	0.06297	-0.01311	0.67728	0.00380	1	1.45898	0.81042	0	
1266391	8540.90039	3306208603557	0.49212	0.26029	8540.78711	0.11328	11796	1	0.50954	0.15151	1	0.48222	0.40515	1	0.49588	0.27833	1	0.48116	0.53155	11.11201	1.07841	1	0.74300	0.55439	12.63580	1.08607	1	-0.00472	-0.00939	0.70731	0.00226	1	0.06297	-0.01311	0.67728	0.00375	1	1.45898	0.81042	0	
1266392	8540.90723	3306208670318	0.49228	0.26064	8540.78711	0.12012	11796	1	0.50764	0.13552	1	0.48261	0.39848	1	0.49513	0.26700	1	0.48099	0.53159	11.02735	1.09515	1	0.74272	0.55454	12.37090	1.09515	1	-0.00466	-0.00921	0.69785	0.00225	1	0.06131	-0.01275	0.65892	0.00369	1	1.45898	0.81042	0	
1266393	8540.91406	3306208735909	0.49199	0.26078	8540.78711	0.12695	11796	1	0.50518	0.13324	1	0.46773	0.39374	1	0.48645	0.26349	1	0.48110	0.53160	10.91694	1.09515	1	0.74271	0.55431	12.28859	1.08749	1	-0.00466	-0.00921	0.69785	0.00232	1	0.06131	-0.01275	0.65892	0.00377	1	1.45898	0.81042	0	
1266394	8540.92090	3306208804432	0.49208	0.26121	8540.78711	0.13379	11796	1	0.49929	0.12749	1	0.48886	0.41214	1	0.49407	0.26981	1	0.48112	0.53146	10.92908	1.08749	1	0.74268	0.55440	12.14559	1.07983	1	-0.00466	-0.00921	0.69785	0.00221	1	0.06131	-0.01275	0.65892	0.00375	1	1.45898	0.81042	0	
1266395	8540.92773	3306208871225	0.49220	0.26177	8540.78711	0.14062	11796	1	0.50021	0.13492	1	0.48886	0.41214	1	0.49453	0.27353	1	0.48121	0.53149	11.32501	1.07983	1	0.74270	0.55422	12.00729	1.07983	1	-0.00466	-0.00921	0.69785	0.00221	1	0.06355	-0.01317	0.68345	0.00381	1	1.45898	0.81042	0	
1266396	8540.93457	3306208938495	0.49181	0.26190	8540.78711	0.14746	11796	1	0.51031	0.13486	1	0.45610	0.39472	1	0.48321	0.26479	1	0.48123	0.53154	11.35423	1.07983	1	0.74246	0.55435	12.64398	1.08749	1	-0.00466	-0.00921	0.69785	0.00232	1	0.06355	-0.01317	0.68345	0.00380	1	1.45898	0.81042	0	
1266397	8540.94141	3306209005822	0.49158	0.26165	8540.78711	0.15430	11796	1	0.50295	0.12394	1	0.46992	0.38783	1	0.48644	0.25588	1	0.48101	0.53163	11.14870	1.08749	1	0.74267	0.55433	11.95683	1.09515	1	-0.00466	-0.00921	0.69785	0.00231	1	0.06355	-0.01317	0.68345	0.00381	1	1.45898	0.81042	0	
1266398	8540.94727	3306209071334	0.49136	0.26127	8540.78711	0.16016	11796	1	0.50205	0.11648	1	0.46992	0.38783	1	0.48599	0.25216	1	0.48095	0.53151	11.46470	1.09515	1	0.74297	0.55448	12.76260	1.09515	1	-0.00466	-0.00932	0.69785	0.00232	1	0.06131	-0.01275	0.65892	0.00370	1	1.45898	0.81042	0	
1266399	8540.95410	3306209137491	0.49133	0.26027	8540.78711	0.16699	11796	1	0.50820	0.14424	1	0.47315	0.32619	1	0.49067	0.23521	1	0.48115	0.53174	11.49280	1.09515	1	0.74279	0.55382	11.42503	1.08749	1	-0.00466	-0.00932	0.69785	0.00226	1	0.06131	-0.01275	0.65892	0.00385	1	1.45898	0.81042	0	
1266400	8540.96094	3306209206097	0.49110	0.26061	8540.78711	0.17383	11796	1	0.50124	0.14563	1	0.46877	0.39311	1	0.48500	0.26937	1	0.48107	0.53165	11.17563	1.08749	1	0.74273	0.55426	12.22824	1.07983	1	-0.00466	-0.00932	0.69785	0.00226	1	0.06131	-0.01275	0.65892	0.00378	1	1.45898	0.81042	0	
1266401	8540.96777	3306209271593	0.49089	0.26115	8540.78711	0.18066	11796	1	0.50215	0.15293	1	0.46853	0.39884	1	0.48534	0.27589	1	0.48110	0.53166	11.16679	1.07983	1	0.74245	0.55438	12.31496	1.07218	1	-0.00466	-0.00932	0.69785	0.00227	1	0.06131	-0.01275	0.65892	0.00379	1	1.45898	0.81042	0	
1266402	8540.97461	3306209340630	0.49071	0.26170	8540.78711	0.18750	11796	1	0.51051	0.15746	1	0.46065	0.39633	1	0.48558	0.27690	1	0.48119	0.53164	11.35549	1.07218	1	0.74261	0.55424	12.86152	1.07218	1	-0.00466	-0.00932	0.69785	0.00230	1	0.06131	-0.01275	0.65892	0.00374	1	1.45898	0.81042	0	
1266403	8540.98145	3306209407268	0.49070	0.26248	8540.78711	0.19434	11796	1	0.50957	0.15528	1	0.47153	0.41503	1	0.49055	0.28516	1	0.48112	0.53165	11.12765	1.07218	1	0.74272	0.55445	13.15155	1.07218	1	-0.00466	-0.00932	0.69785	0.00229	1	0.06131	-0.01275	0.65892	0.00363	1	1.45898	0.81042	0	
1266404	8540.98730	3306209470447	0.49070	0.26321	8540.78711	0.20020	11796	1	0.50957	0.15528	1	0.47153	0.41503	1	0.49055	0.28516	1	0.48108	0.53174	11.28666	1.07218	1	0.74253	0.55413	12.77625	1.07218	1	-0.00472	-0.00939	0.70731	0.00226	1	0.06131	-0.01275	0.65892	0.00372	1	1.45898	0.81042	0	
1266405	8540.99414	3306209538939	0.49054	0.26389	8540.78711	0.20703	11796	1	0.50885	0.16466	1	0.46230	0.40551	1	0.48558	0.28509	1	0.48112	0.53182	11.62120	1.07218	1	0.74226	0.55430	12.48200	1.07218	1	-0.00472	-0.00939	0.70731	0.00224	1	0.06131	-0.01275	0.65892	0.00378	1	1.45898	0.81042	0	
1266406	8541.00098	3306209607400	0.48992	0.26444	8540.78711	0.21387	11796	1	0.50724	0.14381	1	0.43272	0.42017	1	0.46998	0.28199	1	0.48104	0.53163	11.10301	1.07218	1	0.74213	0.55455	12.54256	1.07218	1	-0.00472	-0.00939	0.70731	0.00234	1	0.06131	-0.01275	0.65892	0.00377	1	1.45898	0.81042	0	
1266407	8541.00781	3306209675381	0.48934	0.26518	8540.78711	0.22070	11796	1	0.50830	0.15261	1	0.43273	0.42677	1	0.47052	0.28969	1	0.48109	0.53172	11.49658	1.06309	1	0.74261	0.55432	12.88876	1.06309	1	-0.00452	-0.00914	0.68475	0.00230	1	0.06131	-0.01275	0.65892	0.00374	1	1.45898	0.81042	0	
1266408	8541.01465	3306209740793	0.48922	0.26623	8540.78711	0.22754	11796	1	0.50863	0.18324	1	0.46166	0.42057	1	0.48514	0.30191	1	0.48117	0.53172	11.27535	1.05400	1	0.74265	0.55451	12.46981	1.05400	1	-0.00452	-0.00914	0.68475	0.00229	1	0.06131	-0.01275	0.65892	0.00387	1	1.45898	0.81042	0	
1266409	8541.02148	3306209808176	0.48898	0.26749	8540.78711	0.23438	11796	1	0.51427	0.17963	1	0.44644	0.44364	1	0.48036	0.31164	1	0.48116	0.53158	11.50705	1.04492	1	0.74241	0.55462	13.11804	1.04492	1	-0.00452	-0.00914	0.68475	0.00227	1	0.06131	-0.01275	0.65892	0.00384	1	1.45898	0.81042	0	
1266410	8541.02734	3306209873161	0.48875	0.26869	8540.78711	0.24023	11796	1	0.51427	0.17963	1	0.44644	0.44364	1	0.48036	0.31164	1	0.48118	0.53174	11.70308	1.04492	1	0.74272	0.55442	12.99309	1.04492	1	-0.00466	-0.00932	0.69785	0.00233	1	0.06131	-0.01275	0.65892	0.00364	1	1.45898	0.81042	0	
1266411	8541.03418	3306209939232	0.48881	0.26967	8540.78711	0.24707	11796	1	0.50342	0.18500	1	0.47929	0.42671	1	0.49135	0.30585	1	0.48104	0.53168	11.23640	1.05400	1	0.74296	0.55452	12.65780	1.05400	1	-0.00466	-0.00932	0.69785	0.00232	1	0.06131	-0.01275	0.65892	0.00374	1	1.45898	0.81042	0	
1266412	8541.04102	3306210007280	0.48855	0.27013	8540.78711	0.25391	11796	1	0.49308	0.13796	1	0.46370	0.43792	1	0.47839	0.28794	1	0.48119	0.53186	11.45609	1.06309	1	0.74269	0.55463	12.77460	1.06309	1	-0.00466	-0.00932	0.69785	0.00229	1	0.06131	-0.01275	0.65892	0.00374	1	1.45898	0.81042	0	
1266413	8541.04785	3306210074371	0.48829	0.27058	8540.78711	0.26074	11796	1	0.49308	0.13796	1	0.46370	0.43792	1	0.47839	0.28794	1	0.48124	0.53190	11.20860	1.06309	1	0.74278	0.55459	12.84448	1.06309	1	-0.00452	-0.00914	0.68475	0.00231	1	0.06131	-0.01275	0.65892	0.00372	1	1.45898	0.81042	0	
1266414	8541.05469	3306210144373	0.48801	0.27107	8540.78711	0.26758	11796	1	0.49687	0.13647	1	0.45678	0.44520	1	0.47683	0.29083	1	0.48128	0.53184	11.55280	1.05400	1	0.74295	0.55473	12.69290	1.05400	1	-0.00452	-0.00914	0.68475	0.00229	1	0.06131	-0.01275	0.65892	0.00383	1	1.45898	0.81042	0	
1266415	8541.06152	3306210211155	0.48070	0.29777	8540.78711	0.26758	11796	0	0.50467	0.20517	1	0.45721	0.46205	1	0.48094	0.33361	1	0.48133	0.53195	11.69890	1.04492	1	0.74296	0.55480	12.66539	1.04492	1	-0.00452	-0.00914	0.68475	0.00234	1	0.06131	-0.01275	0.65892	0.00394	1	1.45898	0.81042	0	
1266416	8541.06836	3306210278322	0.48109	0.31807	8540.78711	0.26758	11796	0	0.50577	0.21366	1	0.45718	0.46306	1	0.48148	0.33836	1	0.48135	0.53161	11.96522	1.03583	1	0.74292	0.55478	12.66704	1.04349	1	-0.00452	-0.00914	0.68475	0.00231	1	0.06349	-0.01319	0.68173	0.00396	1	1.45898	0.81042	0	
1266417	8541.07520	3306210345888	0.48032	0.31941	8540.78711	0.26758	11796	0	0.49170	0.20353	1	0.46586	0.44065	1	0.47878	0.32209	1	0.48145	0.53173	11.14934	1.04349	1	0.74311	0.55465	12.32486	1.05115	1	-0.00452	-0.00914	0.68475	0.00235	1	0.06349	-0.01319	0.68173	0.00398	1	1.45898	0.81042	0	
1266418	8541.08203	3306210412200	0.47795	0.31463	8541.06152	0.02051	11797	1	0.48384	0.18214	1	0.45784	0.41845	1	0.47084	0.30029	1	0.48147	0.53172	11.26556	1.05115	1	0.74295	0.55448	12.17784	1.05881	1	-0.00452	-0.00914	0.68475	0.00231	1	0.06349	-0.01319	0.68173	0.00399	1	1.45898	0.81042	0	
1266419	8541.08887	3306210479876	0.47635	0.30829	8541.06152	0.02734	11797	1	0.48154	0.16619	1	0.45838	0.39967	1	0.46996	0.28293	1	0.48157	0.53175	11.77444	1.06790	1	0.74312	0.55395	11.75916	1.08424	1	-0.00461	-0.00943	0.70663	0.00234	1	0.06501	-0.01350	0.69753	0.00429	1	1.45898	0.81042	0	
1266420	8541.09473	3306210545918	0.47763	0.30358	8541.06152	0.03320	11797	1	0.48343	0.15356	1	0.48464	0.40646	1	0.48404	0.28001	1	0.48160	0.53179	12.04511	1.09332	1	0.74333	0.55460	12.02749	1.10200	1	-0.00461	-0.00943	0.70663	0.00232	1	0.06501	-0.01350	0.69753	0.00371	1	1.45898	0.81042	0	
1266421	8541.10156	3306210613068	0.47833	0.29492	8541.06152	0.04004	11797	1	0.48868	0.12211	1	0.47635	0.36391	1	0.48252	0.24301	1	0.48172	0.53168	11.63904	1.11109	1	0.74312	0.55453	12.19195	1.11977	1	-0.00461	-0.00943	0.70663	0.00236	1	0.06501	-0.01350	0.69753	0.00375	1	1.45898	0.81042	0	
1266422	8541.10840	3306210680123	0.47878	0.28792	8541.06152	0.04688	11797	1	0.48759	0.11382	1	0.47635	0.36391	1	0.48197	0.23887	1	0.48179	0.53158	11.57579	1.11977	1	0.74296	0.55508	12.25767	1.11977	1	-0.00439	-0.00908	0.68045	0.00235	1	0.06295	-0.01306	0.67483	0.00390	1	1.45898	0.81042	0	
1266423	8541.11523	3306210747160	0.47749	0.28772	8541.06152	0.05371	11797	1	0.48740	0.12654	1	0.44681	0.44577	1	0.46710	0.28615	1	0.48169	0.53156	11.58177	1.11068	1	0.74290	0.55493	12.32530	1.10200	1	-0.00439	-0.00908	0.68045	0.00234	1	0.06295	-0.01306	0.67483	0.00392	1	1.45898	0.81042	0	SUBJECT_ONSET_LOG
1266424	8541.12207	3306210813668	0.47705	0.28752	8541.06152	0.06055	11797	1	0.49654	0.13012	1	0.44976	0.44130	1	0.47315	0.28571	1	0.48173	0.53156	11.41718	1.09292	1	0.74286	0.55488	12.33072	1.08424	1	-0.00439	-0.00908	0.68045	0.00230	1	0.06295	-0.01306	0.67483	0.00396	1	1.45898	0.81042	0	
1266425	8541.12891	3306210881081	0.47674	0.28801	8541.06152	0.06738	11797	1	0.49760	0.13848	1	0.44965	0.44737	1	0.47362	0.29292	1	0.48184	0.53148	11.46221	1.08424	1	0.74299	0.55464	12.17351	1.07556	1	-0.00450	-0.00937	0.70550	0.00230	1	0.06295	-0.01311	0.67483	0.00401	1	1.45898	0.81042	0	
1266426	8541.13477	3306210947580	0.47795	0.28576	8541.06152	0.07324	11797	1	0.50612	0.12495	1	0.47640	0.39696	1	0.49126	0.26096	1	0.48179	0.53139	11.72534	1.08464	1	0.74329	0.55447	12.96327	1.08464	1	-0.00450	-0.00937	0.70550	0.00232	1	0.06295	-0.01311	0.67483	0.00385	1	1.45898	0.81042	0	
1266427	8541.14160	3306211014975	0.47860	0.28196	8541.06152	0.08008	11797	1	0.49988	0.10224	1	0.47297	0.37046	1	0.48643	0.23635	1	0.48185	0.53130	11.59911	1.09373	1	0.74318	0.55424	11.96967	1.09373	1	-0.00450	-0.00937	0.70550	0.00228	1	0.06295	-0.01311	0.67483	0.00404	1	1.45898	0.81042	0	AUDIO_FILE_ONSET_LOG
1266428	8541.14844	3306211079538	0.47915	0.27891	8541.06152	0.08691	11797	1	0.49988	0.10224	1	0.47271	0.37628	1	0.48629	0.23926	1	0.48205	0.53123	11.36311	1.09373	1	0.74329	0.55449	12.58966	1.08607	1	-0.00431	-0.00899	0.68487	0.00229	1	0.06154	-0.01276	0.65922	0.00392	1	1.45898	0.81042	0	
1266429	8541.15527	3306211148884	0.47916	0.27896	8541.06152	0.09375	11797	1	0.51319	0.16011	1	0.44527	0.39946	1	0.47923	0.27978	1	0.48203	0.53133	11.52108	1.07698	1	0.74346	0.55435	12.88941	1.06932	1	-0.00431	-0.00899	0.68487	0.00231	1	0.06154	-0.01276	0.65922	0.00368	1	1.45898	0.81042	0	
1266430	8541.16211	3306211216426	0.47907	0.28535	8541.06152	0.10059	11797	1	0.51773	0.30085	1	0.43787	0.46137	1	0.47780	0.38111	1	0.48233	0.53313	11.17054	1.06024	1	0.74342	0.55485	13.09910	1.05258	1	-0.00431	-0.00899	0.68487	0.00394	1	0.06154	-0.01276	0.65922	0.00384	1	1.45898	0.81042	0	
1266431	8541.16895	3306211283013	0.47905	0.29174	8541.06152	0.10742	11797	1	0.51957	0.31475	1	0.43781	0.47310	1	0.47869	0.39392	1	0.48197	0.53121	11.67081	1.04349	1	0.74354	0.55442	13.00383	1.03583	1	-0.00431	-0.00899	0.68487	0.00231	1	0.06154	-0.01276	0.65922	0.00380	1	1.45898	0.81042	0	
1266432	8541.17578	3306211349877	0.47948	0.29278	8541.06152	0.11426	11797	1	0.49986	0.20296	1	0.47361	0.41805	1	0.48673	0.31050	1	0.48212	0.53131	11.31063	1.03583	1	0.74362	0.55426	12.50784	1.03583	1	-0.00431	-0.00899	0.68487	0.00231	1	0.06154	-0.01276	0.65922	0.00384	1	1.45898	0.81042	0	
1266433	8541.18262	3306211417209	0.47893	0.29437	8541.06152	0.12109	11797	1	0.49903	0.21387	1	0.43913	0.43210	1	0.46908	0.32298	1	0.48206	0.53132	11.59802	1.03583	1	0.74342	0.55429	12.79462	1.03583	1	-0.00431	-0.00899	0.68487	0.00227	1	0.06154	-0.01276	0.65922	0.00386	1	1.45898	0.81042	0	
1266434	8541.18848	3306211483386	0.47844	0.29580	8541.06152	0.12695	11797	1	0.49903	0.21387	1	0.43913	0.43210	1	0.46908	0.32298	1	0.48220	0.53147	11.52254	1.03583	1	0.74356	0.55426	12.94871	1.03583	1	-0.00431	-0.00894	0.68487	0.00234	1	0.06154	-0.01276	0.65922	0.00386	1	1.45898	0.81042	0	
1266435	8541.19531	3306211549510	0.47842	0.29783	8541.06152	0.13379	11797	1	0.50561	0.22450	1	0.45056	0.45225	1	0.47809	0.33837	1	0.48219	0.53143	11.61972	1.03583	1	0.74368	0.55459	13.05841	1.03583	1	-0.00431	-0.00894	0.68487	0.00233	1	0.06154	-0.01276	0.65922	0.00373	1	1.45898	0.81042	0	
1266436	8541.20215	3306211614721	0.47845	0.29878	8541.06152	0.14062	11797	1	0.50373	0.21524	1	0.45430	0.42244	1	0.47902	0.31884	1	0.48218	0.53140	11.50053	1.03583	1	0.74365	0.55435	12.74784	1.03583	1	-0.00431	-0.00894	0.68487	0.00234	1	0.06154	-0.01276	0.65922	0.00381	1	1.45898	0.81042	0	
1266437	8541.20898	3306211684978	0.47847	0.29965	8541.06152	0.14746	11797	1	0.50373	0.21524	1	0.45430	0.42244	1	0.47902	0.31884	1	0.48218	0.53140	11.50053	1.03583	1	0.74372	0.55457	12.76645	1.03583	1	-0.00431	-0.00899	0.68487	0.00234	1	0.06154	-0.01276	0.65922	0.00392	1	1.45898	0.81042	0	
1266438	8541.21582	3306211751699	0.47824	0.29991	8541.06152	0.15430	11797	1	0.50050	0.16472	1	0.44537	0.44678	1	0.47294	0.30575	1	0.48212	0.53123	11.94054	1.03583	1	0.74351	0.55448	13.20443	1.03583	1	-0.00431	-0.00899	0.68487	0.00238	1	0.06154	-0.01276	0.65922	0.00381	1	1.45898	0.81042	0	
1266439	8541.22266	3306211818777	0.47810	0.30085	8541.06152	0.16113	11797	1	0.50420	0.19386	1	0.44522	0.45301	1	0.47471	0.32343	1	0.48215	0.53129	11.33379	1.03583	1	0.74350	0.55456	13.13289	1.03583	1	-0.00431	-0.00899	0.68487	0.00234	1	0.06154	-0.01276	0.65922	0.00378	1	1.45898	0.81042	0	
1266440	8541.22949	3306211885983	0.47659	0.32833	8541.06152	0.16113	11797	0	0.50420	0.19386	1	0.44522	0.45301	1	0.47471	0.32343	1	0.48211	0.53134	11.40949	1.03583	1	0.74350	0.55456	13.13289	1.03583	1	-0.00431	-0.00899	0.68487	0.00236	1	0.06154	-0.01276	0.65922	0.00378	1	1.45898	0.81042	0	
1266441	8541.23535	3306211952445	0.48643	0.32220	8541.06152	0.16113	11797	0	0.51346	0.20366	1	0.47909	0.42846	1	0.49628	0.31606	1	0.48191	0.53145	11.48524	1.03583	1	0.74368	0.55443	12.82417	1.03583	1	-0.00431	-0.00899	0.68487	0.00229	1	0.06154	-0.01276	0.65922	0.00382	1	1.45898	0.81042	0	
1266442	8541.24219	3306212019693	0.48851	0.30952	8541.06152	0.16113	11797	0	0.50718	0.16932	1	0.47817	0.39902	1	0.49268	0.28417	1	0.48185	0.53136	11.84224	1.03583	1	0.74363	0.55413	12.55117	1.03583	1	-0.00431	-0.00899	0.68487	0.00226	1	0.06154	-0.01276	0.65922	0.00382	1	1.45898	0.81042	0	
1266443	8541.24902	3306212086650	0.48946	0.30119	8541.22949	0.01953	11798	1	0.50608	0.16044	1	0.47855	0.39198	1	0.49231	0.27621	1	0.48173	0.53138	11.84977	1.04492	1	0.74337	0.55433	12.02605	1.04492	1	-0.00451	-0.00923	0.70718	0.00227	1	0.06154	-0.01276	0.65922	0.00378	1	1.45898	0.81042	0	
1266444	8541.25586	3306212152613	0.48995	0.29771	8541.22949	0.02637	11798	1	0.50634	0.15159	1	0.47748	0.41599	1	0.49191	0.28379	1	0.48173	0.53138	11.84977	1.05400	1	0.74323	0.55425	12.04093	1.05400	1	-0.00451	-0.00923	0.70718	0.00228	1	0.06154	-0.01276	0.65922	0.00385	1	1.45898	0.81042	0	
1266445	8541.26270	3306212219590	0.49114	0.29406	8541.22949	0.03320	11798	1	0.49616	0.13014	1	0.49795	0.42147	1	0.49706	0.27581	1	0.48177	0.53138	11.77171	1.06309	1	0.74364	0.55449	12.56150	1.06309	1	-0.00451	-0.00923	0.70718	0.00231	1	0.06154	-0.01276	0.65922	0.00370	1	1.45898	0.81042	0	
1266446	8541.26953	3306212287865	0.49201	0.28948	8541.22949	0.04004	11798	1	0.49502	0.12115	1	0.49942	0.40277	1	0.49722	0.26196	1	0.48177	0.53136	11.40142	1.07218	1	0.74335	0.55412	12.65016	1.08852	1	-0.00451	-0.00928	0.70718	0.00234	1	0.06563	-0.01360	0.70305	0.00378	1	1.45898	0.81042	0	
1266447	8541.27637	3306212354401	0.49184	0.28202	8541.22949	0.04688	11798	1	0.49707	0.11320	1	0.48435	0.34654	1	0.49071	0.22987	1	0.48185	0.53134	11.48710	1.08852	1	0.74335	0.55428	12.66435	1.10485	1	-0.00451	-0.00928	0.70718	0.00231	1	0.06563	-0.01360	0.70305	0.00377	1	1.45898	0.81042	0	
1266448	8541.28223	3306212421583	0.49293	0.27818	8541.22949	0.05273	11798	1	0.50413	0.15782	1	0.49905	0.33710	1	0.50159	0.24746	1	0.48185	0.53149	12.07174	1.10485	1	0.74352	0.55399	12.61191	1.12119	1	-0.00451	-0.00928	0.70718	0.00228	1	0.06563	-0.01360	0.70305	0.00384	1	1.45898	0.81042	0	
1266449	8541.28906	3306212487794	0.49372	0.27406	8541.22949	0.05957	11798	1	0.50225	0.14267	1	0.49948	0.33118	1	0.50086	0.23693	1	0.48183	0.53146	12.10561	1.12119	1	0.74341	0.55422	12.89326	1.12885	1	-0.00451	-0.00923	0.70718	0.00230	1	0.06295	-0.01306	0.67483	0.00382	1	1.45898	0.81042	0	
1266450	8541.29590	3306212555543	0.49413	0.26943	8541.22949	0.06641	11798	1	0.50052	0.08563	1	0.49603	0.36073	1	0.49827	0.22318	1	0.48183	0.53146	12.10561	1.12885	1	0.74350	0.55427	13.04484	1.12017	1	-0.00451	-0.00923	0.70718	0.00230	1	0.06295	-0.01306	0.67483	0.00380	1	1.45898	0.81042	0	
1266451	8541.30273	3306212622675	0.49399	0.26509	8541.22949	0.07324	11798	1	0.49255	0.08392	1	0.49221	0.35082	1	0.49238	0.21737	1	0.48178	0.53138	11.64813	1.12017	1	0.74345	0.55433	13.21962	1.11149	1	-0.00451	-0.00923	0.70718	0.00233	1	0.06295	-0.01306	0.67483	0.00377	1	1.45898	0.81042	0	
1266452	8541.30957	3306212686898	0.49389	0.26201	8541.22949	0.08008	11798	1	0.49361	0.09243	1	0.49178	0.35748	1	0.49269	0.22495	1	0.48181	0.53135	11.60196	1.11149	1	0.74342	0.55435	13.45363	1.10281	1	-0.00451	-0.00928	0.70718	0.00240	1	0.06295	-0.01306	0.67483	0.00377	1	1.45898	0.81042	0	
1266453	8541.31641	3306212757323	0.49327	0.26014	8541.22949	0.08691	11798	1	0.50107	0.10428	1	0.46931	0.36745	1	0.48519	0.23586	1	0.48174	0.53147	11.90870	1.10281	1	0.74311	0.55415	12.34580	1.10281	1	-0.00451	-0.00928	0.70718	0.00227	1	0.06295	-0.01306	0.67483	0.00385	1	1.45898	0.81042	0	
1266454	8541.32324	3306212823641	0.49364	0.25790	8541.22949	0.09375	11798	1	0.50352	0.11092	1	0.49419	0.34226	1	0.49886	0.22659	1	0.48183	0.53146	12.10561	1.10281	1	0.74348	0.55408	12.91374	1.10281	1	-0.00451	-0.00928	0.70718	0.00230	1	0.06295	-0.01306	0.67483	0.00380	1	1.45898	0.81042	0	
1266455	8541.32910	3306212888781	0.49398	0.25644	8541.22949	0.09961	11798	1	0.50457	0.11974	1	0.49372	0.34935	1	0.49914	0.23455	1	0.48207	0.53300	11.71810	1.09373	1	0.74314	0.55453	12.91388	1.09373	1	-0.00449	-0.00920	0.69694	0.00395	1	0.06295	-0.01306	0.67483	0.00380	1	1.45898	0.81042	0	
1266456	8541.33594	3306212956182	0.49366	0.25720	8541.22949	0.10645	11798	1	0.49867	0.14325	1	0.47829	0.39535	1	0.48848	0.26930	1	0.48173	0.53151	11.48680	1.08464	1	0.74329	0.55434	12.43867	1.08464	1	-0.00449	-0.00920	0.69694	0.00232	1	0.06295	-0.01306	0.67483	0.00367	1	1.45898	0.81042	0	
1266457	8541.34277	3306213024362	0.49355	0.25809	8541.22949	0.11328	11798	1	0.49648	0.13897	1	0.48691	0.40735	1	0.49170	0.27316	1	0.48165	0.53153	11.49450	1.07556	1	0.74334	0.55432	12.29746	1.07556	1	-0.00449	-0.00920	0.69694	0.00231	1	0.06295	-0.01306	0.67483	0.00368	1	1.45898	0.81042	0	
1266458	8541.34961	3306213091412	0.49347	0.25929	8541.22949	0.12012	11798	1	0.49761	0.14778	1	0.48648	0.41406	1	0.49205	0.28092	1	0.48167	0.53159	11.59721	1.06647	1	0.74321	0.55455	12.46024	1.06647	1	-0.00449	-0.00920	0.69694	0.00229	1	0.06295	-0.01306	0.67483	0.00370	1	1.45898	0.81042	0	
1266459	8541.35645	3306213158633	0.49287	0.25999	8541.22949	0.12695	11798	1	0.48320	0.16907	1	0.47964	0.37746	1	0.48142	0.27326	1	0.48157	0.53167	11.68042	1.06647	1	0.74328	0.55411	11.99807	1.06647	1	-0.00449	-0.00920	0.69694	0.00234	1	0.06295	-0.01306	0.67483	0.00372	1	1.45898	0.81042	0	
1266460	8541.36328	3306213225530	0.49208	0.26086	8541.22949	0.13379	11798	1	0.48572	0.15234	1	0.46694	0.40445	1	0.47633	0.27840	1	0.48159	0.53146	11.27403	1.06647	1	0.74320	0.55434	12.36407	1.06647	1	-0.00449	-0.00920	0.69694	0.00233	1	0.06295	-0.01306	0.67483	0.00373	1	1.45898	0.81042	0	
1266461	8541.37012	3306213292374	0.49137	0.26166	8541.22949	0.14062	11798	1	0.48572	0.15234	1	0.46694	0.40445	1	0.47633	0.27840	1	0.48161	0.53080	11.74094	1.06647	1	0.74301	0.55403	12.37543	1.06647	1	-0.00430	-0.00875	0.66687	0.00240	1	0.06291	-0.01302	0.67556	0.00386	1	1.45898	0.81042	0	
1266462	8541.37598	3306213359123	0.49099	0.25988	8541.22949	0.14648	11798	1	0.49454	0.08588	1	0.47091	0.35567	1	0.48272	0.22077	1	0.48172	0.53071	11.83406	1.06647	1	0.74312	0.55390	12.12241	1.06647	1	-0.00430	-0.00875	0.66687	0.00233	1	0.06291	-0.01302	0.67556	0.00389	1	1.45898	0.81042	0	
1266463	8541.38281	3306213426436	0.49039	0.25915	8541.22949	0.15332	11798	1	0.48936	0.10174	1	0.46384	0.38263	1	0.47660	0.24218	1	0.48162	0.53075	11.70859	1.06647	1	0.74305	0.55392	12.23432	1.06647	1	-0.00430	-0.00875	0.66687	0.00240	1	0.06291	-0.01302	0.67556	0.00386	1	1.45898	0.81042	0	
1266464	8541.38965	3306213490560	0.48982	0.25814	8541.22949	0.16016	11798	1	0.48818	0.09252	1	0.46408	0.37566	1	0.47613	0.23409	1	0.48165	0.53109	11.82546	1.07556	1	0.74291	0.55410	12.52056	1.07556	1	-0.00461	-0.00927	0.70663	0.00233	1	0.06349	-0.01309	0.68173	0.00395	1	1.45898	0.81042	0	
1266465	8541.39648	3306213558891	0.48949	0.25682	8541.22949	0.16699	11798	1	0.48665	0.10981	1	0.47571	0.33754	1	0.48118	0.22367	1	0.48169	0.53109	11.91606	1.08464	1	0.74320	0.55372	12.12015	1.08464	1	-0.00461	-0.00927	0.70663	0.00240	1	0.06349	-0.01309	0.68173	0.00391	1	1.45898	0.81042	0	
1266466	8541.40332	3306213624919	0.48889	0.25530	8541.22949	0.17383	11798	1	0.47897	0.08619	1	0.46791	0.34565	1	0.47344	0.21592	1	0.48159	0.53105	11.74355	1.09373	1	0.74312	0.55388	12.12895	1.09373	1	-0.00461	-0.00927	0.70663	0.00237	1	0.06349	-0.01309	0.68173	0.00397	1	1.45898	0.81042	0	
1266467	8541.40918	3306213691519	0.48815	0.25828	8541.22949	0.17969	11798	1	0.47897	0.08619	0	0.46818	0.33855	1	0.46818	0.33855	1	0.48159	0.53105	11.74355	1.10281	0	0.48159	0.53110	11.90239	1.10281	1	-0.00461	-0.00927	0.70663	0.00237	1	-0.00450	-0.00896	0.68245	0.00233	1	1.45898	0.81042	0	
1266468	8541.41602	3306213758633	0.48428	0.25018	8541.22949	0.18652	11798	1	0.47897	0.08619	0	0.37567	0.02345	1	0.37567	0.02345	1	0.48159	0.53105	11.74355	1.10281	0	0.48164	0.53110	11.91352	1.10281	1	-0.00461	-0.00927	0.70663	0.00237	1	-0.00450	-0.00896	0.68245	0.00235	1	1.45898	0.81042	0	
1266469	8541.42285	3306213824429	0.46035	0.21746	8541.22949	0.18652	11798	0	0.47897	0.08619	0	0.36416	-0.00010	1	0.36416	-0.00010	1	0.48159	0.53105	11.74355	1.10281	0	0.48161	0.53102	11.65186	1.10281	1	-0.00461	-0.00927	0.70663	0.00237	1	-0.00450	-0.00896	0.68245	0.00237	1	1.45898	0.81042	0	
1266470	8541.42969	3306213891782	0.41226	0.10868	8541.22949	0.18652	11798	0	0.47897	0.08619	0	0.36416	-0.00010	1	0.36416	-0.00010	1	0.48159	0.53105	11.74355	1.10281	0	0.48162	0.53123	11.66303	1.10281	1	-0.00461	-0.00927	0.70663	0.00237	1	-0.00430	-0.00875	0.66687	0.00237	1	1.45898	0.81042	0	
1266471	8541.43652	3306213962963	0.39957	0.08093	8541.22949	0.18652	11798	0	0.47897	0.08619	0	0.37420	0.02542	1	0.37420	0.02542	1	0.48159	0.53105	11.74355	1.10281	0	0.48169	0.53117	11.62655	1.10281	1	-0.00461	-0.00927	0.70663	0.00237	1	-0.00430	-0.00875	0.66687	0.00242	1	1.45898	0.81042	0	
1266472	8541.44336	3306214025921	0.36995	0.02168	8541.22949	0.18652	11798	0	0.47897	0.08619	0	0.37149	0.03972	1	0.37149	0.03972	1	0.48159	0.53105	11.74355	1.10281	0	0.48162	0.53122	11.62022	1.10281	1	-0.00461	-0.00927	0.70663	0.00237	1	-0.00430	-0.00875	0.66687	0.00238	1	1.45898	0.81042	0	
1266473	8541.45020	3306214096236	0.37049	0.02618	8541.22949	0.18652	11798	0	0.47897	0.08619	0	0.37102	0.03068	1	0.37102	0.03068	1	0.48159	0.53105	11.74355	1.10281	0	0.48181	0.53116	11.79258	1.11149	1	-0.00461	-0.00927	0.70663	0.00237	1	-0.00450	-0.00937	0.70550	0.00238	1	1.45898	0.81042	0	
1266474	8541.45703	3306214161576	0.37286	0.01840	8541.22949	0.18652	11798	0	0.47897	0.08619	0	0.37762	0.00283	1	0.37762	0.00283	1	0.48159	0.53105	11.74355	1.11149	0	0.48177	0.53108	11.90932	1.12017	1	-0.00461	-0.00927	0.70663	0.00237	1	-0.00450	-0.00937	0.70550	0.00242	1	1.45898	0.81042	0	
1266475	8541.46387	3306214231111	0.37451	0.01024	8541.44336	0.02051	11799	1	0.47897	0.08619	0	0.37946	-0.01423	1	0.37946	-0.01423	1	0.48159	0.53105	11.74355	1.12017	0	0.48177	0.53111	11.66731	1.12885	1	-0.00461	-0.00927	0.70663	0.00237	1	-0.00450	-0.00937	0.70550	0.00241	1	1.45898	0.81042	0	
1266476	8541.47070	3306214298102	0.37542	0.00350	8541.44336	0.02734	11799	1	0.47897	0.08619	0	0.37906	-0.02348	1	0.37906	-0.02348	1	0.48159	0.53105	11.74355	1.12885	0	0.48200	0.53120	11.79402	1.13753	1	-0.00461	-0.00927	0.70663	0.00237	1	-0.00451	-0.00933	0.70718	0.00229	1	1.45898	0.81042	0	
1266477	8541.47656	3306214364743	0.39601	0.02895	8541.44336	0.03320	11799	1	0.49933	0.05637	1	0.49858	0.25609	1	0.49895	0.15623	1	0.48186	0.53122	11.85541	1.13753	1	0.74353	0.55347	12.86050	1.13753	1	-0.00461	-0.00927	0.70663	0.00237	1	-0.00451	-0.00933	0.70718	0.00414	1	1.45898	0.81042	0	
1266478	8541.48340	3306214430934	0.41037	0.04774	8541.44336	0.04004	11799	1	0.50118	0.05272	1	0.49190	0.26817	1	0.49654	0.16045	1	0.48195	0.53117	11.98626	1.13753	1	0.74339	0.55340	12.83392	1.13753	1	-0.00461	-0.00927	0.70663	0.00233	1	-0.00451	-0.00933	0.70718	0.00416	1	1.45898	0.81042	0	
1266479	8541.49023	3306214498113	0.42113	0.06370	8541.44336	0.04688	11799	1	0.50221	0.06174	1	0.49066	0.28907	1	0.49644	0.17540	1	0.48214	0.53120	11.51659	1.12845	1	0.74351	0.55328	12.88554	1.11211	1	-0.00428	-0.00898	0.68009	0.00244	1	0.06154	-0.01276	0.65922	0.00418	1	1.45898	0.81042	0	
1266480	8541.49707	3306214566100	0.42948	0.07711	8541.44336	0.05371	11799	1	0.49561	0.08908	1	0.49700	0.27974	1	0.49631	0.18441	1	0.48217	0.53119	11.52523	1.10302	1	0.74348	0.55300	12.73754	1.08668	1	-0.00428	-0.00898	0.68009	0.00243	1	0.06154	-0.01276	0.65922	0.00428	1	1.45898	0.81042	0	
1266481	8541.50391	3306214632823	0.43485	0.09003	8541.44336	0.06055	11799	1	0.49753	0.10840	1	0.46880	0.30423	1	0.48316	0.20631	1	0.48223	0.53120	11.74681	1.07760	1	0.74343	0.55305	12.65664	1.06126	1	-0.00428	-0.00898	0.68009	0.00244	1	0.06154	-0.01276	0.65922	0.00436	1	1.45898	0.81042	0	
1266482	8541.51074	3306214698772	0.43937	0.10210	8541.44336	0.06738	11799	1	0.50067	0.13374	1	0.46851	0.31190	1	0.48459	0.22282	1	0.48223	0.53120	11.74599	1.05217	1	0.74377	0.55345	12.52512	1.05217	1	-0.00431	-0.00899	0.68487	0.00243	1	0.06563	-0.01360	0.70305	0.00403	1	1.45898	0.81042	0	
1266483	8541.51660	3306214765693	0.44355	0.11199	8541.44336	0.07324	11799	1	0.50212	0.13526	1	0.47685	0.30625	1	0.48948	0.22076	1	0.48216	0.53112	11.54126	1.05217	1	0.74363	0.55333	12.80354	1.06851	1	-0.00431	-0.00899	0.68487	0.00242	1	0.06563	-0.01360	0.70305	0.00415	1	1.45898	0.81042	0	
1266484	8541.52344	3306214834386	0.44787	0.11996	8541.44336	0.08008	11799	1	0.49999	0.11290	1	0.49955	0.31837	1	0.49977	0.21564	1	0.48216	0.53112	11.54126	1.06851	1	0.74392	0.55356	12.41700	1.08485	1	-0.00431	-0.00899	0.68487	0.00242	1	0.06563	-0.01360	0.70305	0.00408	1	1.45898	0.81042	0	
1266485	8541.53027	3306214899979	0.45151	0.12621	8541.44336	0.08691	11799	1	0.49800	0.09655	1	0.49955	0.31837	1	0.49878	0.20746	1	0.48225	0.53113	11.73294	1.08485	1	0.74392	0.55360	12.47128	1.08485	1	-0.00428	-0.00903	0.68009	0.00234	1	0.06164	-0.01283	0.66030	0.00406	1	1.45898	0.81042	0	
1266486	8541.53711	3306214966994	0.47328	0.16104	8541.44336	0.08691	11799	0	0.47960	0.10878	1	0.47393	0.33270	1	0.47676	0.22074	1	0.48227	0.53123	11.77044	1.08485	1	0.74358	0.55343	12.79581	1.06851	1	-0.00428	-0.00903	0.68009	0.00236	1	0.06164	-0.01283	0.66030	0.00417	1	1.45898	0.81042	0	
1266487	8541.54395	3306215033686	0.48411	0.19918	8541.44336	0.08691	11799	0	0.49009	0.11944	1	0.49980	0.35518	1	0.49495	0.23731	1	0.48230	0.53116	11.72553	1.06851	1	0.74396	0.55359	12.21682	1.05217	1	-0.00428	-0.00903	0.68009	0.00232	1	0.06164	-0.01283	0.66030	0.00423	1	1.45898	0.81042	0	
1266488	8541.55078	3306215100836	0.48791	0.21679	8541.44336	0.08691	11799	0	0.49222	0.13570	1	0.49882	0.36836	1	0.49552	0.25203	1	0.48241	0.53128	11.76815	1.05217	1	0.74376	0.55351	12.28240	1.03583	1	-0.00428	-0.00903	0.68009	0.00237	1	0.06164	-0.01283	0.66030	0.00420	1	1.45898	0.81042	0	
1266489	8541.55762	3306215167822	0.48595	0.22991	8541.53711	0.02051	11800	1	0.48602	0.15729	1	0.47412	0.38125	1	0.48007	0.26927	1	0.48227	0.53129	11.69036	1.03583	1	0.74359	0.55372	12.54289	1.03583	1	-0.00428	-0.00903	0.68009	0.00247	1	0.06164	-0.01283	0.66030	0.00435	1	1.45898	0.81042	0	
1266490	8541.56445	3306215234866	0.48406	0.23798	8541.53711	0.02734	11800	1	0.48720	0.15165	1	0.46575	0.38880	1	0.47648	0.27022	1	0.48235	0.53131	11.72498	1.03583	1	0.74385	0.55435	12.64226	1.03583	1	-0.00428	-0.00903	0.68009	0.00240	1	0.06164	-0.01283	0.66030	0.00417	1	1.45898	0.81042	0	
1266491	8541.57031	3306215301860	0.48281	0.24285	8541.53711	0.03320	11800	1	0.48720	0.15165	1	0.46597	0.38279	1	0.47659	0.26722	1	0.48253	0.53132	11.54677	1.03583	1	0.74400	0.55416	12.16573	1.04349	1	-0.00411	-0.00893	0.66925	0.00234	1	0.06349	-0.01315	0.67958	0.00423	1	1.45898	0.81042	0	
1266492	8541.57715	3306215368778	0.48228	0.23605	8541.53711	0.04004	11800	1	0.50237	0.11155	1	0.45578	0.27890	1	0.47908	0.19522	1	0.48259	0.53138	11.72526	1.04349	1	0.74366	0.55373	12.07764	1.05115	1	-0.00411	-0.00893	0.66925	0.00232	1	0.06349	-0.01315	0.67958	0.00431	1	1.45898	0.81042	0	
1266493	8541.58398	3306215435501	0.48165	0.23853	8541.53711	0.04688	11800	1	0.49886	0.15254	1	0.45565	0.35931	1	0.47726	0.25592	1	0.48249	0.53132	11.51801	1.05115	1	0.74367	0.55424	12.02760	1.05881	1	-0.00411	-0.00893	0.66925	0.00238	1	0.06349	-0.01315	0.67958	0.00406	1	1.45898	0.81042	0	
1266494	8541.59082	3306215502725	0.48106	0.23881	8541.53711	0.05371	11800	1	0.49677	0.13614	1	0.45598	0.34601	1	0.47637	0.24108	1	0.48266	0.53141	11.85907	1.06790	1	0.74389	0.55390	12.00171	1.07556	1	-0.00430	-0.00945	0.70819	0.00237	1	0.06339	-0.01318	0.67850	0.00414	1	1.45898	0.81042	0	
1266495	8541.59766	3306215569240	0.48129	0.23319	8541.53711	0.06055	11800	1	0.49921	0.06036	1	0.46751	0.30478	1	0.48336	0.18257	1	0.48265	0.53139	11.50983	1.08464	1	0.74386	0.55424	12.24523	1.08464	1	-0.00430	-0.00945	0.70819	0.00238	1	0.06339	-0.01318	0.67850	0.00398	1	1.45898	0.81042	0	
1266496	8541.60449	3306215637250	0.48203	0.22863	8541.53711	0.06738	11800	1	0.50543	0.08379	1	0.47329	0.28224	1	0.48936	0.18301	1	0.48276	0.53149	11.83017	1.09373	1	0.74389	0.55435	12.29207	1.09373	1	-0.00430	-0.00945	0.70819	0.00243	1	0.06339	-0.01318	0.67850	0.00402	1	1.45898	0.81042	0	
1266497	8541.61035	3306215702805	0.48265	0.22452	8541.53711	0.07324	11800	1	0.50543	0.08379	1	0.47359	0.27495	1	0.48951	0.17937	1	0.48277	0.53146	11.59322	1.09373	1	0.74393	0.55472	12.14528	1.10241	1	-0.00406	-0.00904	0.67712	0.00245	1	0.06551	-0.01366	0.70056	0.00384	1	1.45898	0.81042	0	
1266498	8541.61719	3306215768684	0.48339	0.22359	8541.53711	0.08008	11800	1	0.51790	0.07912	1	0.46656	0.34566	1	0.49223	0.21239	1	0.48281	0.53148	11.79267	1.09332	1	0.74386	0.55488	12.26859	1.10200	1	-0.00406	-0.00904	0.67712	0.00245	1	0.06551	-0.01366	0.70056	0.00387	1	1.45898	0.81042	0	
1266499	8541.62402	3306215835235	0.48338	0.22079	8541.53711	0.08691	11800	1	0.48304	0.06842	1	0.48350	0.30051	1	0.48327	0.18446	1	0.48279	0.53141	11.58123	1.09292	1	0.74405	0.55464	12.22813	1.10160	1	-0.00406	-0.00904	0.67712	0.00237	1	0.06551	-0.01366	0.70056	0.00391	1	1.45898	0.81042	0	
1266500	8541.63086	3306215903237	0.48336	0.21863	8541.53711	0.09375	11800	1	0.48309	0.06883	1	0.48311	0.30795	1	0.48310	0.18839	1	0.48291	0.53148	11.85989	1.09251	1	0.74395	0.55480	12.84924	1.09251	1	-0.00406	-0.00904	0.67712	0.00233	1	0.06338	-0.01316	0.67731	0.00393	1	1.45898	0.81042	0	
1266501	8541.63770	3306215970099	0.48336	0.21727	8541.53711	0.10059	11800	1	0.49228	0.07655	1	0.47452	0.31691	1	0.48340	0.19673	1	0.48289	0.53155	11.73064	1.09251	1	0.74400	0.55451	12.18514	1.08383	1	-0.00406	-0.00904	0.67712	0.00236	1	0.06338	-0.01316	0.67731	0.00397	1	1.45898	0.81042	0	
1266502	8541.64453	3306216038906	0.48281	0.21795	8541.53711	0.10742	11800	1	0.48649	0.08073	1	0.46133	0.37693	1	0.47391	0.22883	1	0.48283	0.53147	12.12842	1.08383	1	0.74376	0.55507	12.40598	1.07515	1	-0.00406	-0.00904	0.67712	0.00235	1	0.06338	-0.01316	0.67731	0.00397	1	1.45898	0.81042	0	
1266503	8541.65137	3306216105668	0.48234	0.21898	8541.53711	0.11426	11800	1	0.48762	0.08956	1	0.46112	0.38358	1	0.47437	0.23657	1	0.48292	0.53144	11.72432	1.07515	1	0.74402	0.55374	11.99083	1.06647	1	-0.00406	-0.00904	0.67712	0.00233	1	0.06338	-0.01316	0.67731	0.00437	1	1.45898	0.81042	0	
1266504	8541.65820	3306216172603	0.48237	0.21696	8541.53711	0.12109	11800	1	0.48724	0.09264	1	0.47859	0.26872	1	0.48291	0.18068	1	0.48282	0.53137	11.76243	1.06647	1	0.74402	0.55374	11.99083	1.06647	1	-0.00406	-0.00904	0.67712	0.00238	1	0.06338	-0.01316	0.67731	0.00437	1	1.45898	0.81042	0	
1266505	8541.66406	3306216239575	0.48322	0.21418	8541.53711	0.12695	11800	1	0.49423	0.10072	1	0.50451	0.22175	1	0.49937	0.16124	1	0.48289	0.53145	11.81702	1.06647	1	0.74432	0.55320	12.30757	1.06647	1	-0.00406	-0.00904	0.67712	0.00242	1	0.06338	-0.01316	0.67731	0.00447	1	1.45898	0.81042	0	
1266506	8541.67090	3306216306365	0.48399	0.21166	8541.53711	0.13379	11800	1	0.49423	0.10072	1	0.50451	0.22175	1	0.49937	0.16124	1	0.48304	0.53152	11.69081	1.06647	1	0.74426	0.55465	12.80734	1.06647	1	-0.00406	-0.00904	0.67712	0.00241	1	0.06338	-0.01321	0.67731	0.00397	1	1.45898	0.81042	0	
1266507	8541.67773	3306216373484	0.48507	0.20992	8541.53711	0.14062	11800	1	0.51245	0.09948	1	0.50318	0.24721	1	0.50781	0.17335	1	0.48304	0.53152	11.69081	1.06647	1	0.74438	0.55346	12.51467	1.06647	1	-0.00406	-0.00904	0.67712	0.00241	1	0.06338	-0.01321	0.67731	0.00441	1	1.45898	0.81042	0	
1266508	8541.68457	3306216440246	0.48542	0.20917	8541.53711	0.14746	11800	1	0.50571	0.09860	1	0.48057	0.28708	1	0.49314	0.19284	1	0.48305	0.53133	11.88910	1.06647	1	0.74447	0.55393	12.61051	1.06647	1	-0.00406	-0.00904	0.67712	0.00240	1	0.06338	-0.01321	0.67731	0.00423	1	1.45898	0.81042	0	
1266509	8541.69141	3306216507651	0.48574	0.20863	8541.53711	0.15430	11800	1	0.50571	0.09860	1	0.48025	0.29365	1	0.49298	0.19613	1	0.48319	0.53150	11.61530	1.06647	1	0.74437	0.55384	12.47967	1.05881	1	-0.00406	-0.00904	0.67712	0.00245	1	0.06173	-0.01285	0.65914	0.00427	1	1.45898	0.81042	0	
1266510	8541.69824	3306216574604	0.48603	0.20826	8541.53711	0.16113	11800	1	0.51509	0.11886	1	0.47094	0.28010	1	0.49302	0.19948	1	0.48324	0.53159	11.35639	1.05881	1	0.74428	0.55381	12.68726	1.05115	1	-0.00406	-0.00904	0.67712	0.00247	1	0.06173	-0.01285	0.65914	0.00444	1	1.45898	0.81042	0	
1266511	8541.70508	3306216641480	0.48613	0.20994	8541.53711	0.16797	11800	1	0.51459	0.12251	1	0.46275	0.38139	1	0.48867	0.25195	1	0.48318	0.53149	11.28439	1.05115	1	0.74425	0.55475	12.69800	1.04349	1	-0.00406	-0.00904	0.67712	0.00238	1	0.06173	-0.01285	0.65914	0.00384	1	1.45898	0.81042	0	
1266512	8541.71094	3306216708586	0.48624	0.21175	8541.53711	0.17383	11800	1	0.51545	0.13022	1	0.46255	0.38741	1	0.48900	0.25881	1	0.48319	0.53151	11.37332	1.04349	1	0.74476	0.55363	11.98414	1.03583	1	-0.00406	-0.00904	0.67712	0.00231	1	0.06173	-0.01295	0.65914	0.00430	1	1.45898	0.81042	0	
1266513	8541.71777	3306216775450	0.48660	0.21232	8541.53711	0.18066	11800	1	0.49524	0.15450	1	0.49742	0.30076	1	0.49633	0.22763	1	0.48315	0.53161	11.59848	1.03583	1	0.74474	0.55376	12.00137	1.03583	1	-0.00406	-0.00904	0.67712	0.00226	1	0.06173	-0.01295	0.65914	0.00432	1	1.45898	0.81042	0	
1266514	8541.72461	3306216842471	0.48647	0.21284	8541.53711	0.18750	11800	1	0.49199	0.13540	1	0.47389	0.31923	1	0.48294	0.22732	1	0.48318	0.53147	11.42289	1.03583	1	0.74438	0.55413	12.66607	1.03583	1	-0.00406	-0.00904	0.67712	0.00232	1	0.06173	-0.01295	0.65914	0.00417	1	1.45898	0.81042	0	
1266515	8541.73145	3306216909244	0.48635	0.21332	8541.53711	0.19434	11800	1	0.49199	0.13540	1	0.47389	0.31923	1	0.48294	0.22732	1	0.48328	0.53155	11.58337	1.03583	1	0.74420	0.55441	12.84495	1.03583	1	-0.00406	-0.00904	0.67712	0.00235	1	0.06173	-0.01295	0.65914	0.00426	1	1.45898	0.81042	0	
1266516	8541.73828	3306216976535	0.48586	0.21403	8541.53711	0.20117	11800	1	0.48058	0.13636	1	0.46155	0.33451	1	0.47106	0.23543	1	0.48317	0.53148	11.31611	1.03583	1	0.74420	0.55445	12.86915	1.03583	1	-0.00406	-0.00904	0.67712	0.00238	1	0.06173	-0.01295	0.65914	0.00423	1	1.45898	0.81042	0	
1266517	8541.74512	3306217043157	0.48600	0.21515	8541.53711	0.20801	11800	1	0.50076	0.15601	1	0.48011	0.34352	1	0.49043	0.24977	1	0.48331	0.53158	11.60713	1.03583	1	0.74448	0.55425	12.43394	1.03583	1	-0.00406	-0.00904	0.67712	0.00231	1	0.06173	-0.01295	0.65914	0.00412	1	1.45898	0.81042	0	
1266518	8541.75195	3306217110363	0.48614	0.21620	8541.53711	0.21484	11800	1	0.50076	0.15601	1	0.48011	0.34352	1	0.49043	0.24977	1	0.48335	0.53153	11.38787	1.03583	1	0.74460	0.55441	12.00509	1.03583	1	-0.00406	-0.00904	0.67712	0.00238	1	0.06183	-0.01292	0.66022	0.00423	1	1.45898	0.81042	0	
1266519	8541.75781	3306217177325	0.48637	0.21722	8541.53711	0.22070	11800	1	0.50299	0.14536	1	0.48530	0.35665	1	0.49414	0.25101	1	0.48333	0.53152	11.06810	1.03583	1	0.74460	0.55441	12.00509	1.03583	1	-0.00406	-0.00904	0.67712	0.00233	1	0.06183	-0.01292	0.66022	0.00423	1	1.45898	0.81042	0	
1266520	8541.76465	3306217244261	0.48654	0.21811	8541.53711	0.22754	11800	1	0.49968	0.14414	1	0.48481	0.35237	1	0.49225	0.24825	1	0.48328	0.53162	10.95572	1.03583	1	0.74460	0.55441	12.00509	1.03583	1	-0.00406	-0.00904	0.67712	0.00231	1	0.06183	-0.01292	0.66022	0.00423	1	1.45898	0.81042	0	
1266521	8541.77148	3306217310641	0.48671	0.21906	8541.53711	0.23438	11800	1	0.50070	0.15217	1	0.48479	0.35266	1	0.49275	0.25242	1	0.48331	0.53150	11.45313	1.02782	1	0.74440	0.55447	12.48363	1.03548	1	-0.00394	-0.00889	0.66596	0.00234	1	0.06393	-0.01335	0.68212	0.00411	1	1.45898	0.81042	0	
1266522	8541.77832	3306217378519	0.48873	0.24800	8541.53711	0.23438	11800	0	0.51279	0.17276	1	0.47496	0.41982	1	0.49387	0.29629	1	0.48333	0.53163	11.19440	1.02746	1	0.74445	0.55518	12.50244	1.03512	1	-0.00394	-0.00889	0.66596	0.00229	1	0.06393	-0.01335	0.68212	0.00388	1	1.45898	0.81042	0	
1266523	8541.78516	3306217445667	0.48926	0.26145	8541.53711	0.23438	11800	0	0.52127	0.15471	1	0.45831	0.39508	1	0.48979	0.27489	1	0.48367	0.53111	9.90833	1.02710	1	0.74416	0.55494	11.33859	1.03476	1	-0.00394	-0.00889	0.66596	0.00200	1	0.06393	-0.01335	0.68212	0.00396	1	1.45898	0.81042	0	
1266524	8541.79102	3306217507420	0.47894	0.30608	8541.53711	0.23438	11800	0	0.52127	0.15471	0	0.45830	0.39535	1	0.45830	0.39535	1	0.48367	0.53111	9.90833	1.02674	0	0.74428	0.55622	11.38081	1.03440	1	-0.00394	-0.00889	0.66596	0.00200	1	0.06393	-0.01325	0.68212	0.00362	1	1.45898	0.81042	0	
1266525	8541.79785	3306217576597	0.47404	0.33512	8541.53711	0.23438	11800	0	0.52127	0.15471	0	0.45830	0.39535	0	0.45830	0.39535	0	0.48367	0.53111	9.90833	1.03440	0	0.74428	0.55622	11.38081	1.03440	0	-0.00394	-0.00889	0.66596	0.00200	1	0.06393	-0.01325	0.68212	0.00362	1	1.45898	0.81042	0	
1266526	8541.80469	3306217644880	0.47404	0.33512	8541.53711	0.23438	11800	0	0.52127	0.15471	0	0.45830	0.39535	0	0.45830	0.39535	0	0.48367	0.53111	9.90833	1.03440	0	0.74428	0.55622	11.38081	1.03440	0	-0.00394	-0.00889	0.66596	0.00200	1	0.06393	-0.01325	0.68212	0.00362	1	1.45898	0.81042	0	
1266527	8541.81152	3306217711009	0.47404	0.33512	8541.53711	0.23438	11800	0	0.52127	0.15471	0	0.45830	0.39535	0	0.45830	0.39535	0	0.48367	0.53111	9.90833	1.03440	0	0.74428	0.55622	11.38081	1.03440	0	-0.00394	-0.00889	0.66596	0.00200	1	0.06393	-0.01325	0.68212	0.00362	1	1.45898	0.81042	0	
1266528	8541.81836	3306217778340	0.00000	0.00000	8541.53711	0.23438	11800	0	0.52127	0.15471	0	0.45830	0.39535	0	0.45830	0.39535	0	0.48367	0.53111	9.90833	1.03440	0	0.74428	0.55622	11.38081	1.03440	0	-0.00394	-0.00889	0.66596	0.00200	1	0.06393	-0.01325	0.68212	0.00362	1	1.45898	0.81042	0	
1266529	8541.82520	3306217846629	0.00000	0.00000	8541.53711	0.23438	11800	0	0.52127	0.15471	0	0.45830	0.39535	0	0.45830	0.39535	0	0.48367	0.53111	9.90833	1.03440	0	0.74428	0.55622	11.38081	1.03440	0	-0.00394	-0.00889	0.66596	0.00200	1	0.06393	-0.01325	0.68212	0.00362	1	1.45898	0.81042	0	
1266530	8541.83203	3306217910843	0.00000	0.00000	8541.53711	0.23438	11800	0	0.52127	0.15471	0	0.45830	0.39535	0	0.45830	0.39535	0	0.48367	0.53111	9.90833	1.03440	0	0.74428	0.55622	11.38081	1.03440	0	-0.00394	-0.00889	0.66596	0.00200	1	0.06393	-0.01325	0.68212	0.00362	1	1.45898	0.81042	0	
1266531	8541.83887	3306217978963	0.00000	0.00000	8541.53711	0.23438	11800	0	0.52127	0.15471	0	0.45830	0.39535	0	0.45830	0.39535	0	0.48367	0.53111	9.90833	1.03440	0	0.74428	0.55622	11.38081	1.03440	0	-0.00394	-0.00889	0.66596	0.00200	1	0.06393	-0.01325	0.68212	0.00362	1	1.45898	0.81042	0	
1266532	8541.84473	3306218043332	0.00000	0.00000	8541.53711	0.23438	11800	0	0.52127	0.15471	0	0.45830	0.39535	0	0.45830	0.39535	0	0.48367	0.53111	9.90833	1.03440	0	0.74428	0.55622	11.38081	1.03440	0	-0.00394	-0.00889	0.66596	0.00200	1	0.06393	-0.01325	0.68212	0.00362	1	1.45898	0.81042	0	
1266533	8541.85156	3306218113077	0.00000	0.00000	8541.53711	0.23438	11800	0	0.52127	0.15471	0	0.45830	0.39535	0	0.45830	0.39535	0	0.48367	0.53111	9.90833	1.03440	0	0.74428	0.55622	11.38081	1.03440	0	-0.00394	-0.00889	0.66596	0.00200	1	0.06393	-0.01325	0.68212	0.00362	1	1.45898	0.81042	0	
1266534	8541.85840	3306218182047	0.00000	0.00000	8541.53711	0.23438	11800	0	0.52127	0.15471	0	0.45830	0.39535	0	0.45830	0.39535	0	0.48367	0.53111	9.90833	1.03440	0	0.74428	0.55622	11.38081	1.03440	0	-0.00394	-0.00889	0.66596	0.00200	1	0.06393	-0.01325	0.68212	0.00362	1	1.45898	0.81042	0	
1266535	8541.86523	3306218248744	0.00000	0.00000	8541.53711	0.23438	11800	0	0.52127	0.15471	0	0.45830	0.39535	0	0.45830	0.39535	0	0.48367	0.53111	9.90833	1.03440	0	0.74428	0.55622	11.38081	1.03440	0	-0.00394	-0.00889	0.66596	0.00200	1	0.06393	-0.01325	0.68212	0.00362	1	1.45898	0.81042	0	
1266536	8541.87207	3306218316149	0.00000	0.00000	8541.53711	0.23438	11800	0	0.52127	0.15471	0	0.45830	0.39535	0	0.45830	0.39535	0	0.48367	0.53111	9.90833	1.03440	0	0.74428	0.55622	11.38081	1.03440	0	-0.00394	-0.00889	0.66596	0.00200	1	0.06393	-0.01325	0.68212	0.00362	1	1.45898	0.81042	0	
1266537	8541.87891	3306218382979	0.00000	0.00000	8541.53711	0.23438	11800	0	0.52127	0.15471	0	0.45830	0.39535	0	0.45830	0.39535	0	0.48367	0.53111	9.90833	1.03440	0	0.74428	0.55622	11.38081	1.03440	0	-0.00394	-0.00889	0.66596	0.00200	1	0.06393	-0.01325	0.68212	0.00362	1	1.45898	0.81042	0	
1266538	8541.88574	3306218450126	0.00000	0.00000	8541.53711	0.23438	11800	0	0.52127	0.15471	0	0.45830	0.39535	0	0.45830	0.39535	0	0.48367	0.53111	9.90833	1.03440	0	0.74428	0.55622	11.38081	1.03440	0	-0.00394	-0.00889	0.66596	0.00200	1	0.06393	-0.01325	0.68212	0.00362	1	1.45898	0.81042	0	
1266539	8541.89160	3306218515142	0.00000	0.00000	8541.53711	0.23438	11800	0	0.52127	0.15471	0	0.45830	0.39535	0	0.45830	0.39535	0	0.48367	0.53111	9.90833	1.03440	0	0.74428	0.55622	11.38081	1.03440	0	-0.00394	-0.00889	0.66596	0.00200	1	0.06393	-0.01325	0.68212	0.00362	1	1.45898	0.81042	0	
1266540	8541.89844	3306218583578	0.00000	0.00000	8541.53711	0.23438	11800	0	0.52127	0.15471	0	0.45830	0.39535	0	0.45830	0.39535	0	0.48367	0.53111	9.90833	1.03440	0	0.74428	0.55622	11.38081	1.03440	0	-0.00394	-0.00889	0.66596	0.00200	1	0.06393	-0.01325	0.68212	0.00362	1	1.45898	0.81042	0	
1266541	8541.90527	3306218648192	0.00000	0.00000	8541.53711	0.23438	11800	0	0.52127	0.15471	0	0.45830	0.39535	0	0.45830	0.39535	0	0.48367	0.53111	9.90833	1.03440	0	0.74428	0.55622	11.38081	1.03440	0	-0.00394	-0.00889	0.66596	0.00200	1	0.06393	-0.01325	0.68212	0.00362	1	1.45898	0.81042	0	
1266542	8541.91211	3306218718007	0.00000	0.00000	8541.53711	0.23438	11800	0	0.52127	0.15471	0	0.45830	0.39535	0	0.45830	0.39535	0	0.48367	0.53111	9.90833	1.03440	0	0.74428	0.55622	11.38081	1.03440	0	-0.00394	-0.00889	0.66596	0.00200	1	0.06393	-0.01325	0.68212	0.00362	1	1.45898	0.81042	0	
1266543	8541.91895	3306218784767	0.00000	0.00000	8541.53711	0.23438	11800	0	0.52127	0.15471	0	0.45830	0.39535	0	0.45830	0.39535	0	0.48367	0.53111	9.90833	1.03440	0	0.74428	0.55622	11.38081	1.03440	0	-0.00394	-0.00889	0.66596	0.00200	1	0.06393	-0.01325	0.68212	0.00362	1	1.45898	0.81042	0	
1266544	8541.92578	3306218851835	0.00000	0.00000	8541.53711	0.23438	11800	0	0.52127	0.15471	0	0.45830	0.39535	0	0.45830	0.39535	0	0.48367	0.53111	9.90833	1.03440	0	0.74428	0.55622	11.38081	1.03440	0	-0.00394	-0.00889	0.66596	0.00200	1	0.06393	-0.01325	0.68212	0.00362	1	1.45898	0.81042	0	
1266545	8541.93262	3306218918647	0.00000	0.00000	8541.53711	0.23438	11800	0	0.52127	0.15471	0	0.45830	0.39535	0	0.45830	0.39535	0	0.48367	0.53111	9.90833	1.03440	0	0.74428	0.55622	11.38081	1.03440	0	-0.00394	-0.00889	0.66596	0.00200	1	0.06393	-0.01325	0.68212	0.00362	1	1.45898	0.81042	0	
1266546	8541.93848	3306218984637	0.00000	0.00000	8541.53711	0.23438	11800	0	0.52127	0.15471	0	0.45830	0.39535	0	0.45830	0.39535	0	0.48367	0.53111	9.90833	1.03440	0	0.74428	0.55622	11.38081	1.03440	0	-0.00394	-0.00889	0.66596	0.00200	1	0.06393	-0.01325	0.68212	0.00362	1	1.45898	0.81042	0	
1266547	8541.94531	3306219052386	0.24529	0.13414	8541.53711	0.23438	11800	0	0.52689	0.13956	1	0.45426	0.39701	1	0.49057	0.26828	1	0.48254	0.53015	11.17155	1.03440	1	0.74366	0.55345	12.16711	1.03440	1	-0.00394	-0.00889	0.66596	0.00227	1	0.06393	-0.01325	0.68212	0.00416	1	1.45898	0.81042	0	
1266548	8541.95215	3306219119724	0.32693	0.17648	8541.53711	0.23438	11800	0	0.52605	0.13150	1	0.45441	0.39079	1	0.49023	0.26114	1	0.48211	0.52991	10.72102	1.04242	1	0.74381	0.55319	12.12564	1.04242	1	-0.00411	-0.00863	0.66925	0.00228	1	0.06299	-0.01289	0.67420	0.00413	1	1.45898	0.81042	0	
1266549	8541.95898	3306219186744	0.49460	0.26292	8541.53711	0.23438	11800	0	0.50870	0.13163	1	0.49727	0.38704	1	0.50299	0.25934	1	0.48226	0.53004	11.05159	1.05044	1	0.74364	0.55357	12.69740	1.05044	1	-0.00411	-0.00863	0.66925	0.00222	1	0.06299	-0.01289	0.67420	0.00401	1	1.45898	0.81042	0	
1266550	8541.96582	3306219252533	0.50350	0.25366	8541.53711	0.23438	11800	0	0.53365	0.12884	1	0.49114	0.35995	1	0.51240	0.24440	1	0.48230	0.53006	10.95395	1.05845	1	0.74353	0.55349	12.22220	1.05845	1	-0.00411	-0.00863	0.66925	0.00226	1	0.06299	-0.01289	0.67420	0.00403	1	1.45898	0.81042	0	
1266551	8541.97266	3306219320767	0.50640	0.24818	8541.53711	0.23438	11800	0	0.53287	0.12089	1	0.49156	0.35357	1	0.51221	0.23723	1	0.48203	0.53012	10.85028	1.06647	1	0.74314	0.55365	12.43390	1.06647	1	-0.00446	-0.00892	0.69111	0.00222	1	0.06295	-0.01286	0.67483	0.00388	1	1.45898	0.81042	0	
1266552	8541.97949	3306219387795	0.50548	0.24808	8541.95898	0.02051	11801	1	0.52177	0.11196	1	0.48369	0.38355	1	0.50273	0.24776	1	0.48205	0.53008	10.60260	1.06647	1	0.74335	0.55304	12.07079	1.06647	1	-0.00446	-0.00892	0.69111	0.00230	1	0.06295	-0.01286	0.67483	0.00397	1	1.45898	0.81042	0	
1266553	8541.98633	3306219454381	0.50421	0.23962	8541.95898	0.02734	11801	1	0.51772	0.11127	1	0.48055	0.30033	1	0.49913	0.20580	1	0.48200	0.53007	10.91917	1.06647	1	0.74326	0.55239	11.80560	1.06647	1	-0.00446	-0.00892	0.69111	0.00219	1	0.06295	-0.01286	0.67483	0.00419	1	1.45898	0.81042	0	
1266554	8541.99219	3306219521716	0.50337	0.23398	8541.95898	0.03320	11801	1	0.51772	0.11127	1	0.48055	0.30033	1	0.49913	0.20580	1	0.48183	0.53021	11.62826	1.06647	1	0.74333	0.55264	11.84588	1.06647	1	-0.00446	-0.00892	0.69111	0.00224	1	0.06349	-0.01299	0.68173	0.00418	1	1.45898	0.81042	0	
1266555	8541.99902	3306219585006	0.50038	0.23083	8541.95898	0.04004	11801	1	0.49786	0.11719	1	0.46706	0.30670	1	0.48246	0.21194	1	0.48174	0.53025	11.48633	1.06647	1	0.74310	0.55238	12.24953	1.06647	1	-0.00446	-0.00892	0.69111	0.00227	1	0.06349	-0.01299	0.68173	0.00412	1	1.45898	0.81042	0	
1266556	8542.00586	3306219652430	0.50035	0.22987	8541.95898	0.04688	11801	1	0.50418	0.11634	1	0.49613	0.32982	1	0.50015	0.22308	1	0.48177	0.53017	11.06874	1.06647	1	0.74317	0.55253	12.20450	1.06647	1	-0.00446	-0.00892	0.69111	0.00238	1	0.06349	-0.01299	0.68173	0.00408	1	1.45898	0.81042	0	
1266557	8542.01270	3306219720678	0.50033	0.22911	8541.95898	0.05371	11801	1	0.50418	0.11634	1	0.49613	0.32982	1	0.50015	0.22308	1	0.48171	0.53013	11.09864	1.06647	1	0.74312	0.55252	12.28065	1.06647	1	-0.00446	-0.00892	0.69111	0.00231	1	0.06349	-0.01299	0.68173	0.00407	1	1.45898	0.81042	0	
1266558	8542.01953	3306219789776	0.49880	0.22933	8541.95898	0.06055	11801	1	0.48183	0.10763	1	0.48813	0.35499	1	0.48498	0.23131	1	0.48158	0.53005	11.19667	1.06647	1	0.74302	0.55274	12.43318	1.06647	1	-0.00446	-0.00892	0.69111	0.00237	1	0.06349	-0.01299	0.68173	0.00415	1	1.45898	0.81042	0	
1266559	8542.02637	3306219856582	0.49797	0.22989	8541.95898	0.06738	11801	1	0.48771	0.10783	1	0.49171	0.36320	1	0.48971	0.23551	1	0.48169	0.53012	11.05661	1.06647	1	0.74309	0.55279	12.69302	1.06647	1	-0.00446	-0.00892	0.69111	0.00233	1	0.06349	-0.01299	0.68173	0.00401	1	1.45898	0.81042	0	
1266560	8542.03320	3306219923662	0.49725	0.22968	8541.95898	0.07422	11801	1	0.48651	0.09867	1	0.49218	0.35604	1	0.48935	0.22736	1	0.48166	0.53010	10.98050	1.07556	1	0.74321	0.55236	11.99407	1.07556	1	-0.00458	-0.00905	0.70150	0.00237	1	0.06291	-0.01282	0.67556	0.00408	1	1.45898	0.81042	0	
1266561	8542.03906	3306219990314	0.49787	0.22718	8541.95898	0.08008	11801	1	0.50727	0.10384	1	0.50324	0.29049	1	0.50525	0.19716	1	0.48160	0.53023	11.27164	1.08464	1	0.74321	0.55212	11.95799	1.08464	1	-0.00458	-0.00905	0.70150	0.00235	1	0.06291	-0.01282	0.67556	0.00421	1	1.45898	0.81042	0	
1266562	8542.04590	3306220057384	0.49832	0.22412	8541.95898	0.08691	11801	1	0.50486	0.08218	1	0.50350	0.28650	1	0.50418	0.18434	1	0.48154	0.53017	11.52310	1.09373	1	0.74320	0.55213	11.91149	1.09373	1	-0.00458	-0.00905	0.70150	0.00233	1	0.06291	-0.01282	0.67556	0.00421	1	1.45898	0.81042	0	
1266563	8542.05273	3306220124698	0.49871	0.22147	8541.95898	0.09375	11801	1	0.50486	0.08218	1	0.50350	0.28650	1	0.50418	0.18434	1	0.48145	0.53024	11.23592	1.09373	1	0.74312	0.55171	12.05348	1.09373	1	-0.00450	-0.00880	0.68223	0.00231	1	0.06291	-0.01282	0.67556	0.00432	1	1.45898	0.81042	0	
1266564	8542.05957	3306220191564	0.49855	0.22146	8541.95898	0.10059	11801	1	0.51086	0.10489	1	0.48162	0.33790	1	0.49624	0.22139	1	0.48148	0.53030	11.12968	1.08464	1	0.74286	0.55268	12.70097	1.08464	1	-0.00450	-0.00880	0.68223	0.00244	1	0.06291	-0.01282	0.67556	0.00382	1	1.45898	0.81042	0	
1266565	8542.06641	3306220258677	0.49893	0.22200	8541.95898	0.10742	11801	1	0.53257	0.11389	1	0.47737	0.34720	1	0.50497	0.23055	1	0.48157	0.53023	11.17644	1.07556	1	0.74284	0.55263	12.76876	1.07556	1	-0.00450	-0.00880	0.68223	0.00238	1	0.06291	-0.01282	0.67556	0.00392	1	1.45898	0.81042	0	
1266566	8542.07324	3306220326304	0.49928	0.22292	8541.95898	0.11426	11801	1	0.53345	0.12290	1	0.47702	0.35442	1	0.50524	0.23866	1	0.48136	0.53029	11.51075	1.06647	1	0.74289	0.55134	12.64760	1.06647	1	-0.00450	-0.00880	0.68223	0.00234	1	0.06355	-0.01297	0.68345	0.00442	1	1.45898	0.81042	0	
1266567	8542.08008	3306220392443	0.49975	0.22155	8541.95898	0.12109	11801	1	0.52109	0.10000	1	0.49521	0.29380	1	0.50815	0.19690	1	0.48127	0.53016	11.25805	1.06647	1	0.74270	0.55217	13.01052	1.06647	1	-0.00450	-0.00880	0.68223	0.00238	1	0.06355	-0.01297	0.68345	0.00422	1	1.45898	0.81042	0	
1266568	8542.08594	3306220459355	0.49991	0.21992	8541.95898	0.12695	11801	1	0.50818	0.11335	1	0.49775	0.26428	1	0.50297	0.18881	1	0.48119	0.53020	11.31736	1.06647	1	0.74272	0.55193	12.97027	1.06647	1	-0.00450	-0.00880	0.68223	0.00236	1	0.06355	-0.01297	0.68345	0.00429	1	1.45898	0.81042	0	
1266569	8542.09277	3306220526609	0.50003	0.21819	8541.95898	0.13379	11801	1	0.50713	0.10424	1	0.49783	0.26302	1	0.50248	0.18363	1	0.48138	0.53024	11.14849	1.07556	1	0.74274	0.55231	12.97909	1.06790	1	-0.00472	-0.00913	0.70789	0.00249	1	0.06131	-0.01245	0.65892	0.00405	1	1.45898	0.81042	0	
1266570	8542.09961	3306220592968	0.50043	0.21738	8541.95898	0.14062	11801	1	0.52410	0.11481	1	0.49335	0.28584	1	0.50872	0.20032	1	0.48138	0.53024	11.14667	1.07698	1	0.74276	0.55212	12.90257	1.06932	1	-0.00472	-0.00913	0.70789	0.00249	1	0.06131	-0.01245	0.65892	0.00415	1	1.45898	0.81042	0	
1266571	8542.10645	3306220660796	0.50064	0.21844	8541.95898	0.14746	11801	1	0.52291	0.11734	1	0.48762	0.36646	1	0.50527	0.24190	1	0.48136	0.53024	11.10763	1.07841	1	0.74261	0.55307	13.22646	1.07075	1	-0.00472	-0.00913	0.70789	0.00251	1	0.06131	-0.01245	0.65892	0.00384	1	1.45898	0.81042	0	
1266572	8542.11328	3306220727110	0.50083	0.21937	8541.95898	0.15430	11801	1	0.52276	0.11594	1	0.48769	0.36534	1	0.50523	0.24064	1	0.48122	0.53022	11.30834	1.07983	1	0.74265	0.55307	13.38905	1.07218	1	-0.00472	-0.00924	0.70789	0.00244	1	0.06038	-0.01233	0.64997	0.00382	1	1.45898	0.81042	0	
1266573	8542.11914	3306220789475	0.50109	0.21898	8541.95898	0.16016	11801	1	0.51886	0.12471	1	0.49611	0.29478	1	0.50748	0.20974	1	0.48124	0.53030	11.31255	1.07218	1	0.74273	0.55231	12.75586	1.07218	1	-0.00472	-0.00924	0.70789	0.00245	1	0.06038	-0.01233	0.64997	0.00416	1	1.45898	0.81042	0	
1266574	8542.12598	3306220859701	0.50106	0.22038	8541.95898	0.16699	11801	1	0.51362	0.12186	1	0.48686	0.38896	1	0.50024	0.25541	1	0.48121	0.53020	11.44985	1.07218	1	0.74264	0.55304	13.36554	1.07218	1	-0.00472	-0.00924	0.70789	0.00233	1	0.06038	-0.01233	0.64997	0.00382	1	1.45898	0.81042	0	
1266575	8542.13281	3306220924706	0.50105	0.22187	8541.95898	0.17383	11801	1	0.51463	0.13083	1	0.48679	0.39004	1	0.50071	0.26044	1	0.48128	0.53043	11.74794	1.06309	1	0.74279	0.55306	12.83599	1.07075	1	-0.00460	-0.00890	0.68213	0.00240	1	0.06378	-0.01304	0.68706	0.00383	1	1.45898	0.81042	0	
1266576	8542.13965	3306220988370	0.50106	0.22337	8541.95898	0.18066	11801	1	0.51514	0.14497	1	0.48737	0.38289	1	0.50126	0.26393	1	0.48119	0.53043	11.56336	1.06166	1	0.74263	0.55306	12.73581	1.06932	1	-0.00460	-0.00890	0.68213	0.00246	1	0.06378	-0.01304	0.68706	0.00383	1	1.45898	0.81042	0	
1266577	8542.14648	3306221058582	0.50064	0.22412	8541.95898	0.18750	11801	1	0.50478	0.10381	1	0.47305	0.38655	1	0.48892	0.24518	1	0.48121	0.53032	11.80501	1.06024	1	0.74243	0.55313	12.50992	1.06790	1	-0.00460	-0.00890	0.68213	0.00244	1	0.06378	-0.01304	0.68706	0.00384	1	1.45898	0.81042	0	
1266578	8542.15332	3306221126083	0.50024	0.22460	8541.95898	0.19434	11801	1	0.50387	0.09602	1	0.47332	0.38071	1	0.48859	0.23836	1	0.48120	0.53046	11.64448	1.06790	1	0.74234	0.55312	12.56595	1.07556	1	-0.00472	-0.00924	0.70789	0.00245	1	0.06378	-0.01309	0.68706	0.00383	1	1.45898	0.81042	0	
1266579	8542.16016	3306221196797	0.50046	0.22441	8541.95898	0.20117	11801	1	0.51489	0.08614	1	0.49953	0.35134	1	0.50721	0.21874	1	0.48123	0.53047	11.61963	1.08464	1	0.74286	0.55305	12.98346	1.08464	1	-0.00472	-0.00924	0.70789	0.00244	1	0.06378	-0.01309	0.68706	0.00380	1	1.45898	0.81042	0	
1266580	8542.16602	3306221259131	0.50034	0.22351	8541.95898	0.20703	11801	1	0.50787	0.07365	1	0.48514	0.31753	1	0.49650	0.19559	1	0.48117	0.53043	11.57684	1.09373	1	0.74255	0.55318	13.30038	1.09373	1	-0.00472	-0.00924	0.70789	0.00242	1	0.06378	-0.01309	0.68706	0.00379	1	1.45898	0.81042	0	
1266581	8542.17285	3306221327877	0.50021	0.22241	8541.95898	0.21387	11801	1	0.50684	0.06444	1	0.48555	0.31018	1	0.49619	0.18731	1	0.48115	0.53042	11.60779	1.10281	1	0.74238	0.55268	12.75610	1.10281	1	-0.00472	-0.00924	0.70789	0.00242	1	0.06378	-0.01309	0.68706	0.00405	1	1.45898	0.81042	0	
1266582	8542.18066	3306221397286	0.49991	0.22087	8541.95898	0.22168	11801	1	0.50149	0.05979	1	0.47867	0.28042	1	0.49008	0.17010	1	0.48115	0.53042	11.60779	1.10281	1	0.74243	0.55240	12.30350	1.10281	1	-0.00472	-0.00924	0.70789	0.00242	1	0.06378	-0.01309	0.68706	0.00417	1	1.45898	0.81042	0	
1266583	8542.18652	3306221461972	0.49960	0.22061	8541.95898	0.22754	11801	1	0.50979	0.07729	1	0.46826	0.34642	1	0.48903	0.21185	1	0.48123	0.53056	11.19065	1.10281	1	0.74228	0.55296	12.88167	1.10281	1	-0.00472	-0.00924	0.70789	0.00245	1	0.06378	-0.01309	0.68706	0.00397	1	1.45898	0.81042	0	
1266584	8542.19336	3306221528347	0.49932	0.22059	8541.95898	0.23438	11801	1	0.51080	0.08638	1	0.46799	0.35346	1	0.48940	0.21992	1	0.48134	0.53056	11.35826	1.09373	1	0.74241	0.55288	12.43122	1.09373	1	-0.00450	-0.00890	0.68223	0.00238	1	0.06378	-0.01309	0.68706	0.00390	1	1.45898	0.81042	0	
1266585	8542.20020	3306221595424	0.49900	0.22054	8541.95898	0.24121	11801	1	0.50761	0.07889	1	0.46744	0.35842	1	0.48752	0.21866	1	0.48125	0.53044	11.92877	1.08464	1	0.74237	0.55306	12.32234	1.08464	1	-0.00450	-0.00890	0.68223	0.00235	1	0.06378	-0.01309	0.68706	0.00406	1	1.45898	0.81042	0	
1266586	8542.20703	3306221664402	0.49835	0.22088	8541.95898	0.24805	11801	1	0.48548	0.08921	1	0.46313	0.37749	1	0.47431	0.23335	1	0.48125	0.53043	11.94547	1.07556	1	0.74226	0.55323	12.37856	1.07556	1	-0.00450	-0.00890	0.68223	0.00236	1	0.06378	-0.01309	0.68706	0.00403	1	1.45898	0.81042	0	
1266587	8542.21289	3306221728904	0.49775	0.22132	8541.95898	0.25391	11801	1	0.48669	0.09845	1	0.46312	0.37780	1	0.47490	0.23813	1	0.48137	0.53061	11.51784	1.06647	1	0.74261	0.55318	13.09320	1.07515	1	-0.00450	-0.00890	0.68223	0.00234	1	0.06565	-0.01346	0.70667	0.00400	1	1.45898	0.81042	0	
1266588	8542.21973	3306221796653	0.49753	0.22184	8541.95898	0.26074	11801	1	0.49412	0.11590	1	0.48418	0.36814	1	0.48915	0.24202	1	0.48126	0.53060	11.26577	1.07515	1	0.74250	0.55306	12.06051	1.08383	1	-0.00450	-0.00890	0.68223	0.00245	1	0.06565	-0.01346	0.70667	0.00413	1	1.45898	0.81042	0	
1266589	8542.22656	3306221861291	0.49725	0.22177	8541.95898	0.26758	11801	1	0.50473	0.09716	1	0.46687	0.34089	1	0.48580	0.21902	1	0.48148	0.53060	11.33721	1.08383	1	0.74226	0.55326	12.34183	1.09251	1	-0.00450	-0.00890	0.68223	0.00241	1	0.06565	-0.01346	0.70667	0.00408	1	1.45898	0.81042	0	
1266590	8542.23340	3306221931795	0.49696	0.22167	8541.95898	0.27441	11801	1	0.50372	0.08847	1	0.46665	0.34692	1	0.48519	0.21769	1	0.48146	0.53064	11.48534	1.09251	1	0.74242	0.55320	11.98520	1.08485	1	-0.00450	-0.00890	0.68223	0.00239	1	0.06038	-0.01243	0.64997	0.00401	1	1.45898	0.81042	0	
1266591	8542.24023	3306221997030	0.49702	0.22156	8541.95898	0.28125	11801	1	0.50650	0.08946	1	0.49242	0.34436	1	0.49946	0.21691	1	0.48151	0.53060	11.40697	1.08485	1	0.74267	0.55322	12.57597	1.06851	1	-0.00450	-0.00890	0.68223	0.00238	1	0.06038	-0.01243	0.64997	0.00402	1	1.45898	0.81042	0	
1266592	8542.24707	3306222067344	0.49701	0.22137	8541.95898	0.28809	11801	1	0.50567	0.09940	1	0.48768	0.32684	1	0.49667	0.21312	1	0.48146	0.53064	11.48534	1.06851	1	0.74259	0.55295	12.62885	1.05217	1	-0.00450	-0.00890	0.68223	0.00239	1	0.06038	-0.01243	0.64997	0.00410	1	1.45898	0.81042	0	
1266593	8542.25391	3306222134387	0.49702	0.22145	8541.95898	0.29492	11801	1	0.50759	0.11595	1	0.48726	0.33407	1	0.49742	0.22501	1	0.48146	0.53064	11.48534	1.05217	1	0.74258	0.55353	12.87202	1.04349	1	-0.00450	-0.00890	0.68223	0.00239	1	0.06297	-0.01300	0.67728	0.00397	1	1.45898	0.81042	0	
1266594	8542.26074	3306222201107	0.49690	0.22189	8541.95898	0.30176	11801	1	0.50721	0.14849	1	0.47566	0.33465	1	0.49144	0.24157	1	0.48151	0.53070	11.52912	1.04349	1	0.74241	0.55295	11.91841	1.05115	1	-0.00450	-0.00890	0.68223	0.00241	1	0.06297	-0.01300	0.67728	0.00417	1	1.45898	0.81042	0	
1266595	8542.26758	3306222267059	0.49663	0.22190	8541.95898	0.30859	11801	1	0.48246	0.13402	1	0.48633	0.31085	1	0.48440	0.22243	1	0.48143	0.53059	11.55876	1.05115	1	0.74261	0.55329	12.90631	1.05881	1	-0.00450	-0.00890	0.68223	0.00238	1	0.06297	-0.01300	0.67728	0.00410	1	1.45898	0.81042	0	
1266596	8542.27441	3306222334929	0.49637	0.22176	8541.95898	0.31543	11801	1	0.48141	0.12637	1	0.48670	0.30440	1	0.48405	0.21538	1	0.48164	0.53063	11.41699	1.05881	1	0.74240	0.55369	13.10324	1.06647	1	-0.00450	-0.00890	0.68223	0.00237	1	0.06349	-0.01309	0.68173	0.00407	1	1.45898	0.81042	0	
1266597	8542.28027	3306222400809	0.49620	0.22124	8541.95898	0.32129	11801	1	0.49898	0.11959	1	0.47393	0.35597	1	0.48646	0.23778	1	0.48167	0.53071	11.49799	1.06647	1	0.74250	0.55378	13.10138	1.06647	1	-0.00450	-0.00890	0.68223	0.00242	1	0.06349	-0.01309	0.68173	0.00399	1	1.45898	0.81042	0	
1266598	8542.28711	3306222468867	0.49559	0.22111	8541.95898	0.32812	11801	1	0.49352	0.11931	1	0.47248	0.35727	1	0.48300	0.23829	1	0.48162	0.53058	11.33787	1.06647	1	0.74280	0.55388	12.70390	1.06647	1	-0.00450	-0.00890	0.68223	0.00233	1	0.06349	-0.01309	0.68173	0.00397	1	1.45898	0.81042	0	
1266599	8542.29395	3306222536146	0.49497	0.22097	8541.95898	0.33496	11801	1	0.49236	0.11025	1	0.47280	0.35007	1	0.48258	0.23016	1	0.48169	0.53062	11.57981	1.07556	1	0.74253	0.55376	12.88452	1.07556	1	-0.00458	-0.00915	0.70150	0.00231	1	0.06349	-0.01309	0.68173	0.00395	1	1.45898	0.81042	0	
1266600	8542.30078	3306222603029	0.49438	0.22064	8541.95898	0.34180	11801	1	0.48855	0.11494	1	0.45999	0.34938	1	0.47427	0.23216	1	0.48174	0.53075	11.93153	1.08464	1	0.74258	0.55387	12.85360	1.08464	1	-0.00458	-0.00915	0.70150	0.00232	1	0.06349	-0.01309	0.68173	0.00397	1	1.45898	0.81042	0	
1266601	8542.30762	3306222670083	0.49408	0.22111	8541.95898	0.34863	11801	1	0.49273	0.11381	1	0.47642	0.34278	1	0.48458	0.22829	1	0.48167	0.53091	11.59643	1.09373	1	0.74249	0.55393	12.73783	1.09373	1	-0.00458	-0.00915	0.70150	0.00229	1	0.06349	-0.01309	0.68173	0.00399	1	1.45898	0.81042	0	
1266602	8542.31445	3306222736609	0.49377	0.22158	8541.95898	0.35547	11801	1	0.49273	0.11381	1	0.47642	0.34278	1	0.48458	0.22829	1	0.48170	0.53091	11.56849	1.09373	1	0.74243	0.55413	12.84111	1.09373	1	-0.00450	-0.00890	0.68223	0.00231	1	0.06349	-0.01309	0.68173	0.00393	1	1.45898	0.81042	0	
1266603	8542.32129	3306222803936	0.49351	0.22155	8541.95898	0.36230	11801	1	0.49143	0.07010	1	0.44841	0.35145	1	0.46992	0.21077	1	0.48178	0.53076	11.30906	1.08464	1	0.74242	0.55388	12.81487	1.08464	1	-0.00450	-0.00890	0.68223	0.00230	1	0.06349	-0.01309	0.68173	0.00395	1	1.45898	0.81042	0	
1266604	8542.32715	3306222870494	0.49285	0.22197	8541.95898	0.36816	11801	1	0.49411	0.08647	1	0.44305	0.39959	1	0.46858	0.24303	1	0.48177	0.53087	11.49193	1.07556	1	0.74232	0.55424	12.20988	1.07556	1	-0.00450	-0.00890	0.68223	0.00238	1	0.06349	-0.01309	0.68173	0.00402	1	1.45898	0.81042	0	
1266605	8542.33398	3306222937930	0.49166	0.22579	8541.95898	0.37500	11801	1	0.49411	0.08647	0	0.44298	0.40634	1	0.44298	0.40634	1	0.48177	0.53087	11.49193	1.06647	0	0.48172	0.53086	11.51161	1.06647	1	-0.00450	-0.00890	0.68223	0.00238	1	-0.00430	-0.00875	0.66687	0.00235	1	1.45898	0.81042	0	
1266606	8542.34082	3306223004775	0.48943	0.22149	8541.95898	0.38184	11801	1	0.49411	0.08647	0	0.37804	0.02516	1	0.37804	0.02516	1	0.48177	0.53087	11.49193	1.06647	0	0.48174	0.53085	11.44288	1.06647	1	-0.00450	-0.00890	0.68223	0.00238	1	-0.00430	-0.00875	0.66687	0.00237	1	1.45898	0.81042	0	
1266607	8542.34766	3306223072340	0.46059	0.21057	8541.95898	0.38184	11801	0	0.49411	0.08647	0	0.38810	0.03113	1	0.38810	0.03113	1	0.48177	0.53087	11.49193	1.06647	0	0.48179	0.53083	11.13971	1.06647	1	-0.00450	-0.00890	0.68223	0.00238	1	-0.00430	-0.00875	0.66687	0.00237	1	1.45898	0.81042	0	
1266608	8542.35449	3306223136517	0.42435	0.12085	8541.95898	0.38184	11801	0	0.49411	0.08647	0	0.38810	0.03113	1	0.38810	0.03113	1	0.48177	0.53087	11.49193	1.06647	0	0.48184	0.53100	11.16795	1.06647	1	-0.00450	-0.00890	0.68223	0.00238	1	-0.00430	-0.00875	0.66687	0.00230	1	1.45898	0.81042	0	
1266609	8542.36133	3306223205731	0.41195	0.10077	8541.95898	0.38184	11801	0	0.49411	0.08647	0	0.38716	0.06061	1	0.38716	0.06061	1	0.48177	0.53087	11.49193	1.06647	0	0.48181	0.53094	11.41911	1.06647	1	-0.00450	-0.00890	0.68223	0.00238	1	-0.00430	-0.00875	0.66687	0.00231	1	1.45898	0.81042	0	
1266610	8542.36816	3306223272394	0.38878	0.03907	8541.95898	0.38184	11801	0	0.49411	0.08647	0	0.39109	0.02546	1	0.39109	0.02546	1	0.48177	0.53087	11.49193	1.06647	0	0.48190	0.53084	11.45785	1.06647	1	-0.00450	-0.00890	0.68223	0.00238	1	-0.00430	-0.00875	0.66687	0.00224	1	1.45898	0.81042	0	
1266611	8542.37402	3306223338617	0.38993	0.03226	8541.95898	0.38184	11801	0	0.49411	0.08647	0	0.39109	0.02546	1	0.39109	0.02546	1	0.48177	0.53087	11.49193	1.06647	0	0.48177	0.53110	11.10086	1.06647	1	-0.00450	-0.00890	0.68223	0.00238	1	-0.00430	-0.00875	0.66687	0.00229	1	1.45898	0.81042	0	
1266612	8542.38086	3306223406647	0.38790	0.03705	8541.95898	0.38184	11801	0	0.49411	0.08647	0	0.38382	0.04662	1	0.38382	0.04662	1	0.48177	0.53087	11.49193	1.06647	0	0.48177	0.53104	11.29948	1.06647	1	-0.00450	-0.00890	0.68223	0.00238	1	-0.00430	-0.00875	0.66687	0.00227	1	1.45898	0.81042	0	
1266613	8542.38770	3306223473850	0.38669	0.03715	8542.36816	0.01953	11802	1	0.49411	0.08647	0	0.38305	0.03747	1	0.38305	0.03747	1	0.48177	0.53087	11.49193	1.06647	0	0.48178	0.53095	11.29239	1.06647	1	-0.00450	-0.00890	0.68223	0.00238	1	-0.00430	-0.00875	0.66687	0.00230	1	1.45898	0.81042	0	
1266614	8542.39453	3306223540736	0.38596	0.03721	8542.36816	0.02637	11802	1	0.49411	0.08647	0	0.38305	0.03747	1	0.38305	0.03747	1	0.48177	0.53087	11.49193	1.06647	0	0.48185	0.53088	10.96513	1.06647	1	-0.00450	-0.00890	0.68223	0.00238	1	-0.00430	-0.00875	0.66687	0.00229	1	1.45898	0.81042	0	
1266615	8542.40137	3306223607744	0.38580	0.03974	8542.36816	0.03320	11802	1	0.49411	0.08647	0	0.38504	0.05237	1	0.38504	0.05237	1	0.48177	0.53087	11.49193	1.06647	0	0.48188	0.53107	11.03247	1.06647	1	-0.00450	-0.00890	0.68223	0.00238	1	-0.00430	-0.00875	0.66687	0.00237	1	1.45898	0.81042	0	
1266616	8542.40820	3306223674314	0.38727	0.03957	8542.36816	0.04004	11802	1	0.49411	0.08647	0	0.39609	0.03852	1	0.39609	0.03852	1	0.48177	0.53087	11.49193	1.06647	0	0.48188	0.53088	11.00082	1.06647	1	-0.00450	-0.00890	0.68223	0.00238	1	-0.00430	-0.00875	0.66687	0.00226	1	1.45898	0.81042	0	
1266617	8542.41504	3306223741579	0.38837	0.03943	8542.36816	0.04688	11802	1	0.49411	0.08647	0	0.39609	0.03852	1	0.39609	0.03852	1	0.48177	0.53087	11.49193	1.06647	0	0.48201	0.53090	10.99924	1.06647	1	-0.00450	-0.00890	0.68223	0.00238	1	-0.00430	-0.00875	0.66687	0.00235	1	1.45898	0.81042	0	
1266618	8542.42090	3306223808758	0.38931	0.03974	8542.36816	0.05273	11802	1	0.49411	0.08647	0	0.39680	0.04221	1	0.39680	0.04221	1	0.48177	0.53087	11.49193	1.06647	0	0.48191	0.53101	11.13342	1.06647	1	-0.00450	-0.00890	0.68223	0.00238	1	-0.00430	-0.00875	0.66687	0.00238	1	1.45898	0.81042	0	
1266619	8542.42773	3306223875665	0.38991	0.03879	8542.36816	0.05957	11802	1	0.49411	0.08647	0	0.39534	0.03020	1	0.39534	0.03020	1	0.48177	0.53087	11.49193	1.06647	0	0.48197	0.53089	10.96336	1.06647	1	-0.00450	-0.00890	0.68223	0.00238	1	-0.00430	-0.00875	0.66687	0.00233	1	1.45898	0.81042	0	
1266620	8542.43457	3306223942328	0.39041	0.03801	8542.36816	0.06641	11802	1	0.49411	0.08647	0	0.39534	0.03020	1	0.39534	0.03020	1	0.48177	0.53087	11.49193	1.06647	0	0.48188	0.53091	10.83338	1.06647	1	-0.00450	-0.00890	0.68223	0.00238	1	-0.00446	-0.00907	0.69110	0.00230	1	1.45898	0.81042	0	
1266621	8542.44141	3306224009616	0.39009	0.04028	8542.36816	0.07324	11802	1	0.49411	0.08647	0	0.38659	0.06527	1	0.38659	0.06527	1	0.48177	0.53087	11.49193	1.06647	0	0.48186	0.53098	11.43138	1.06647	1	-0.00450	-0.00890	0.68223	0.00238	1	-0.00446	-0.00907	0.69110	0.00231	1	1.45898	0.81042	0	
1266622	8542.44824	3306224076535	0.39000	0.03996	8542.36816	0.08008	11802	1	0.49411	0.08647	0	0.38901	0.03609	1	0.38901	0.03609	1	0.48177	0.53087	11.49193	1.06647	0	0.48192	0.53085	10.81861	1.06647	1	-0.00450	-0.00890	0.68223	0.00238	1	-0.00446	-0.00907	0.69110	0.00232	1	1.45898	0.81042	0	
1266623	8542.45508	3306224143503	0.38993	0.03968	8542.36816	0.08691	11802	1	0.49411	0.08647	0	0.38901	0.03609	1	0.38901	0.03609	1	0.48177	0.53087	11.49193	1.06647	0	0.48207	0.53091	10.94639	1.06647	1	-0.00450	-0.00890	0.68223	0.00238	1	-0.00449	-0.00920	0.69694	0.00239	1	1.45898	0.81042	0	
1266624	8542.46191	3306224210543	0.39757	0.05013	8542.36816	0.09375	11802	1	0.51225	0.11507	1	0.49665	0.27784	1	0.50445	0.19645	1	0.48201	0.53104	11.00100	1.06647	1	0.74309	0.55295	12.09016	1.06647	1	-0.00450	-0.00890	0.68223	0.00225	1	-0.00449	-0.00920	0.69694	0.00429	1	1.45898	0.81042	0	
1266625	8542.46777	3306224277425	0.40366	0.06170	8542.36816	0.09961	11802	1	0.51209	0.10763	1	0.47785	0.36286	1	0.49497	0.23524	1	0.48198	0.53095	10.81003	1.06647	1	0.74287	0.55385	12.80276	1.06647	1	-0.00450	-0.00890	0.68223	0.00226	1	-0.00449	-0.00920	0.69694	0.00396	1	1.45898	0.81042	0	
1266626	8542.47461	3306224344335	0.40901	0.07143	8542.36816	0.10645	11802	1	0.51106	0.09848	1	0.47821	0.35571	1	0.49463	0.22709	1	0.48189	0.53109	11.02950	1.07556	1	0.74297	0.55422	12.69674	1.07556	1	-0.00449	-0.00940	0.70432	0.00237	1	0.06349	-0.01319	0.68173	0.00384	1	1.45898	0.81042	0	
1266627	8542.48145	3306224411792	0.41436	0.07873	8542.36816	0.11328	11802	1	0.50306	0.09749	1	0.50761	0.30803	1	0.50533	0.20276	1	0.48183	0.53121	11.32897	1.08464	1	0.74332	0.55340	11.96575	1.08464	1	-0.00449	-0.00940	0.70432	0.00229	1	0.06349	-0.01319	0.68173	0.00420	1	1.45898	0.81042	0	
1266628	8542.48828	3306224478836	0.43708	0.11009	8542.36816	0.11328	11802	0	0.50551	0.08780	1	0.48924	0.27408	1	0.49737	0.18094	1	0.48191	0.53106	11.06335	1.09373	1	0.74300	0.55302	11.91521	1.09373	1	-0.00449	-0.00940	0.70432	0.00236	1	0.06349	-0.01319	0.68173	0.00428	1	1.45898	0.81042	0	
1266629	8542.49512	3306224545373	0.46707	0.14131	8542.36816	0.11328	11802	0	0.50446	0.07871	1	0.48968	0.26637	1	0.49707	0.17254	1	0.48193	0.53105	11.11395	1.10281	1	0.74317	0.55322	11.95906	1.10281	1	-0.00450	-0.00937	0.70550	0.00238	1	0.06349	-0.01319	0.68173	0.00418	1	1.45898	0.81042	0	
1266630	8542.50195	3306224609987	0.47636	0.15749	8542.36816	0.11328	11802	0	0.50219	0.07921	1	0.48767	0.30046	1	0.49493	0.18983	1	0.48195	0.53116	11.40949	1.10281	1	0.74294	0.55344	12.43091	1.10281	1	-0.00450	-0.00937	0.70550	0.00236	1	0.06349	-0.01319	0.68173	0.00410	1	1.45898	0.81042	0	
1266631	8542.50879	3306224680340	0.48213	0.16426	8542.48828	0.02051	11803	1	0.50616	0.06209	1	0.49270	0.30710	1	0.49943	0.18460	1	0.48200	0.53092	10.93054	1.10281	1	0.74303	0.55361	12.02618	1.10281	1	-0.00450	-0.00937	0.70550	0.00235	1	0.06349	-0.01319	0.68173	0.00407	1	1.45898	0.81042	0	
1266632	8542.51562	3306224746701	0.48564	0.16999	8542.48828	0.02734	11803	1	0.50719	0.07132	1	0.49224	0.31448	1	0.49972	0.19290	1	0.48210	0.53096	10.95018	1.09373	1	0.74285	0.55407	12.32462	1.09373	1	-0.00428	-0.00903	0.68009	0.00230	1	0.06349	-0.01309	0.68173	0.00386	1	1.45898	0.81042	0	
1266633	8542.52148	3306224813682	0.48646	0.18044	8542.48828	0.03320	11803	1	0.50721	0.10414	1	0.47393	0.36123	1	0.49057	0.23268	1	0.48205	0.53124	11.25419	1.08464	1	0.74276	0.55392	12.87422	1.08464	1	-0.00428	-0.00903	0.68009	0.00234	1	0.06349	-0.01309	0.68173	0.00387	1	1.45898	0.81042	0	
1266634	8542.52832	3306224880394	0.48831	0.18732	8542.48828	0.04004	11803	1	0.51330	0.11404	1	0.48545	0.34311	1	0.49937	0.22858	1	0.48203	0.53110	11.06853	1.07556	1	0.74298	0.55370	12.14515	1.07556	1	-0.00428	-0.00903	0.68009	0.00234	1	0.06349	-0.01309	0.68173	0.00404	1	1.45898	0.81042	0	
1266635	8542.53516	3306224946921	0.48969	0.19247	8542.48828	0.04688	11803	1	0.51330	0.11404	1	0.48545	0.34311	1	0.49937	0.22858	1	0.48203	0.53110	11.06853	1.07556	1	0.74296	0.55365	12.18851	1.07556	1	-0.00451	-0.00928	0.70718	0.00234	1	0.06349	-0.01309	0.68173	0.00408	1	1.45898	0.81042	0	
1266636	8542.54199	3306225014833	0.49089	0.19255	8542.48828	0.05371	11803	1	0.51381	0.07599	1	0.48707	0.31030	1	0.50044	0.19314	1	0.48205	0.53082	10.85463	1.08464	1	0.74296	0.55365	12.18851	1.08464	1	-0.00451	-0.00928	0.70718	0.00239	1	0.06349	-0.01309	0.68173	0.00408	1	1.45898	0.81042	0	
1266637	8542.54883	3306225080892	0.49102	0.19235	8542.48828	0.06055	11803	1	0.50037	0.07768	1	0.48404	0.30344	1	0.49220	0.19056	1	0.48193	0.53105	11.11395	1.09373	1	0.74293	0.55335	12.48853	1.09373	1	-0.00451	-0.00928	0.70718	0.00238	1	0.06349	-0.01309	0.68173	0.00415	1	1.45898	0.81042	0	
1266638	8542.55566	3306225148183	0.49113	0.19219	8542.48828	0.06738	11803	1	0.50037	0.07768	1	0.48404	0.30344	1	0.49220	0.19056	1	0.48216	0.53087	10.89144	1.09373	1	0.74311	0.55374	12.19394	1.09373	1	-0.00431	-0.00899	0.68487	0.00235	1	0.06349	-0.01309	0.68173	0.00383	1	1.45898	0.81042	0	
1266639	8542.56152	3306225215017	0.49203	0.19291	8542.48828	0.07324	11803	1	0.50444	0.09854	1	0.49953	0.30319	1	0.50199	0.20086	1	0.48225	0.53104	11.39257	1.08464	1	0.74324	0.55341	11.72655	1.08464	1	-0.00431	-0.00899	0.68487	0.00229	1	0.06349	-0.01309	0.68173	0.00394	1	1.45898	0.81042	0	
1266640	8542.56836	3306225282421	0.49229	0.19707	8542.48828	0.08008	11803	1	0.50089	0.14185	1	0.49001	0.35210	1	0.49545	0.24698	1	0.48218	0.53084	11.03651	1.07556	1	0.74308	0.55382	12.24749	1.07556	1	-0.00431	-0.00899	0.68487	0.00231	1	0.06349	-0.01309	0.68173	0.00381	1	1.45898	0.81042	0	
1266641	8542.57520	3306225349309	0.49254	0.20120	8542.48828	0.08691	11803	1	0.50199	0.15064	1	0.48956	0.35928	1	0.49577	0.25496	1	0.48232	0.53065	11.64422	1.06647	1	0.74321	0.55360	12.20033	1.06647	1	-0.00431	-0.00899	0.68487	0.00228	1	0.06349	-0.01309	0.68173	0.00394	1	1.45898	0.81042	0	
1266642	8542.58203	3306225416361	0.49211	0.20287	8542.48828	0.09375	11803	1	0.51036	0.14521	1	0.46165	0.30709	1	0.48601	0.22615	1	0.48230	0.53094	11.57197	1.06647	1	0.74299	0.55341	12.09389	1.06647	1	-0.00431	-0.00899	0.68487	0.00234	1	0.06349	-0.01309	0.68173	0.00404	1	1.45898	0.81042	0	
1266643	8542.58887	3306225483132	0.49202	0.20408	8542.48828	0.10059	11803	1	0.50683	0.12056	1	0.47447	0.32391	1	0.49065	0.22224	1	0.48228	0.53064	11.77361	1.06647	1	0.74317	0.55343	11.95046	1.06647	1	-0.00431	-0.00899	0.68487	0.00227	1	0.06349	-0.01309	0.68173	0.00399	1	1.45898	0.81042	0	
1266644	8542.59570	3306225547478	0.49193	0.20515	8542.48828	0.10742	11803	1	0.50683	0.12056	1	0.47447	0.32391	1	0.49065	0.22224	1	0.48231	0.53061	11.47654	1.06647	1	0.74331	0.55386	12.24372	1.06647	1	-0.00431	-0.00894	0.68487	0.00226	1	0.06291	-0.01292	0.67556	0.00385	1	1.45898	0.81042	0	
1266645	8542.60156	3306225613800	0.49179	0.20873	8542.48828	0.11328	11803	1	0.49860	0.12609	1	0.47998	0.41335	1	0.48929	0.26972	1	0.48254	0.53066	11.66887	1.06647	1	0.74328	0.55394	12.27602	1.06647	1	-0.00431	-0.00894	0.68487	0.00234	1	0.06291	-0.01292	0.67556	0.00383	1	1.45898	0.81042	0	
1266646	8542.60840	3306225679664	0.49118	0.21131	8542.48828	0.12012	11803	1	0.48971	0.11634	1	0.47071	0.39892	1	0.48021	0.25763	1	0.48243	0.53067	11.71353	1.06647	1	0.74311	0.55387	12.32855	1.06647	1	-0.00431	-0.00894	0.68487	0.00231	1	0.06291	-0.01292	0.67556	0.00383	1	1.45898	0.81042	0	
1266647	8542.61523	3306225748288	0.49062	0.21377	8542.48828	0.12695	11803	1	0.48971	0.11634	1	0.47046	0.40468	1	0.48009	0.26051	1	0.48247	0.53052	11.33801	1.06647	1	0.74306	0.55353	12.46510	1.05881	1	-0.00411	-0.00873	0.66925	0.00234	1	0.06164	-0.01263	0.66030	0.00415	1	1.45898	0.81042	0	
1266648	8542.62207	3306225816519	0.48993	0.21489	8542.48828	0.13379	11803	1	0.49418	0.11493	1	0.45800	0.35978	1	0.47609	0.23736	1	0.48249	0.53052	11.29703	1.05881	1	0.74325	0.55333	12.11455	1.05115	1	-0.00411	-0.00873	0.66925	0.00236	1	0.06164	-0.01263	0.66030	0.00415	1	1.45898	0.81042	0	
1266649	8542.62891	3306225883279	0.48901	0.21638	8542.48828	0.14062	11803	1	0.49952	0.10737	1	0.43956	0.38804	1	0.46954	0.24771	1	0.48252	0.53039	11.59651	1.05115	1	0.74300	0.55343	12.60570	1.04349	1	-0.00411	-0.00873	0.66925	0.00233	1	0.06164	-0.01263	0.66030	0.00415	1	1.45898	0.81042	0	
1266650	8542.63574	3306225949275	0.48818	0.21791	8542.48828	0.14746	11803	1	0.50048	0.11520	1	0.43956	0.38804	1	0.47002	0.25162	1	0.48271	0.53024	11.56697	1.04349	1	0.74378	0.55318	12.09177	1.04349	1	-0.00406	-0.00884	0.67712	0.00233	1	0.06339	-0.01298	0.67850	0.00408	1	1.45898	0.81042	0	
1266651	8542.64258	3306226016512	0.48376	0.24289	8542.48828	0.14746	11803	0	0.49484	0.09864	1	0.46779	0.33648	1	0.48132	0.21756	1	0.48274	0.53024	11.65553	1.04349	1	0.74386	0.55307	12.18839	1.05115	1	-0.00406	-0.00884	0.67712	0.00231	1	0.06339	-0.01298	0.67850	0.00399	1	1.45898	0.81042	0	
1266652	8542.64844	3306226083317	0.48679	0.24198	8542.48828	0.14746	11803	0	0.50074	0.11843	1	0.47891	0.36370	1	0.48983	0.24107	1	0.48298	0.53045	11.62552	1.05115	1	0.74410	0.55347	12.03786	1.05881	1	-0.00406	-0.00884	0.67712	0.00233	1	0.06339	-0.01298	0.67850	0.00395	1	1.45898	0.81042	0	
1266653	8542.65527	3306226149473	0.48765	0.24038	8542.48828	0.14746	11803	0	0.49980	0.11068	1	0.47891	0.36370	1	0.48936	0.23719	1	0.48310	0.53026	11.55446	1.05881	1	0.74421	0.55344	12.21867	1.05881	1	-0.00406	-0.00884	0.67712	0.00232	1	0.06153	-0.01254	0.65808	0.00408	1	1.45898	0.81042	0	
1266654	8542.66211	3306226219961	0.48718	0.24272	8542.64258	0.01953	11804	1	0.49210	0.13821	1	0.47950	0.36125	1	0.48580	0.24973	1	0.48316	0.53027	11.75446	1.05881	1	0.74404	0.55331	12.29251	1.05115	1	-0.00406	-0.00884	0.67712	0.00233	1	0.06153	-0.01254	0.65808	0.00406	1	1.45898	0.81042	0	
1266655	8542.66895	3306226287010	0.48488	0.24767	8542.64258	0.02637	11804	1	0.49122	0.14222	1	0.46012	0.39269	1	0.47567	0.26746	1	0.48322	0.53027	11.72193	1.05115	1	0.74383	0.55363	12.68516	1.04349	1	-0.00406	-0.00884	0.67712	0.00233	1	0.06153	-0.01254	0.65808	0.00410	1	1.45898	0.81042	0	
1266656	8542.67578	3306226353842	0.48343	0.25160	8542.64258	0.03320	11804	1	0.49223	0.14980	1	0.46012	0.39269	1	0.47617	0.27125	1	0.48350	0.53008	11.10321	1.04349	1	0.74432	0.55351	12.87237	1.04349	1	-0.00399	-0.00891	0.68243	0.00235	1	0.06327	-0.01286	0.67501	0.00394	1	1.45898	0.81042	0	
1266657	8542.68262	3306226421025	0.48368	0.25317	8542.64258	0.04004	11804	1	0.50844	0.12650	1	0.46188	0.39870	1	0.48516	0.26260	1	0.48348	0.53017	11.33371	1.04349	1	0.74418	0.55329	12.94220	1.05115	1	-0.00399	-0.00891	0.68243	0.00239	1	0.06327	-0.01286	0.67501	0.00403	1	1.45898	0.81042	0	
1266658	8542.68945	3306226487607	0.48492	0.25478	8542.64258	0.04688	11804	1	0.51432	0.13200	1	0.47296	0.40007	1	0.49364	0.26603	1	0.48351	0.53018	11.36546	1.05115	1	0.74441	0.55323	12.87015	1.05881	1	-0.00399	-0.00891	0.68243	0.00233	1	0.06327	-0.01286	0.67501	0.00386	1	1.45898	0.81042	0	
1266659	8542.69629	3306226554524	0.48586	0.25528	8542.64258	0.05371	11804	1	0.51345	0.12435	1	0.47323	0.39427	1	0.49334	0.25931	1	0.48365	0.52988	10.93629	1.05881	1	0.74451	0.55263	12.48559	1.06647	1	-0.00382	-0.00861	0.67118	0.00240	1	0.06327	-0.01286	0.67501	0.00396	1	1.45898	0.81042	0	
1266660	8542.70312	3306226622059	0.48652	0.25314	8542.64258	0.06055	11804	1	0.49747	0.11486	1	0.48753	0.35278	1	0.49250	0.23382	1	0.48363	0.52962	11.54196	1.06647	1	0.74499	0.55264	12.07747	1.06647	1	-0.00382	-0.00861	0.67118	0.00240	1	0.06327	-0.01286	0.67501	0.00414	1	1.45898	0.81042	0	
1266661	8542.70898	3306226687827	0.48607	0.25328	8542.64258	0.06641	11804	1	0.48438	0.14672	1	0.47864	0.36284	1	0.48151	0.25478	1	0.48387	0.52987	11.37416	1.06647	1	0.74482	0.55283	12.31619	1.06647	1	-0.00382	-0.00861	0.67118	0.00238	1	0.06327	-0.01286	0.67501	0.00398	1	1.45898	0.81042	0	
1266662	8542.71582	3306226755387	0.48565	0.25274	8542.64258	0.07324	11804	1	0.48316	0.13789	1	0.47901	0.35569	1	0.48108	0.24679	1	0.48412	0.52966	10.98923	1.07556	1	0.74500	0.55205	12.76588	1.07556	1	-0.00402	-0.00911	0.71458	0.00235	1	0.06291	-0.01271	0.67009	0.00419	1	1.45898	0.81042	0	
1266663	8542.72266	3306226823209	0.48546	0.24711	8542.64258	0.08008	11804	1	0.49399	0.09188	1	0.47221	0.26717	1	0.48310	0.17952	1	0.48404	0.52955	11.26378	1.08464	1	0.74505	0.55208	12.99637	1.08464	1	-0.00402	-0.00911	0.71458	0.00236	1	0.06291	-0.01271	0.67009	0.00428	1	1.45898	0.81042	0	
1266664	8542.72949	3306226889920	0.48577	0.24183	8542.64258	0.08691	11804	1	0.49441	0.08912	1	0.48535	0.25727	1	0.48988	0.17320	1	0.48416	0.52956	11.04264	1.09373	1	0.74525	0.55207	12.53383	1.09373	1	-0.00402	-0.00911	0.71458	0.00236	1	0.06291	-0.01271	0.67009	0.00417	1	1.45898	0.81042	0	
1266665	8542.73633	3306226956853	0.48604	0.23726	8542.64258	0.09375	11804	1	0.49441	0.08912	1	0.48535	0.25727	1	0.48988	0.17320	1	0.48447	0.52947	11.06038	1.09373	1	0.74528	0.55266	12.54874	1.09373	1	-0.00367	-0.00868	0.68049	0.00239	1	0.06346	-0.01276	0.67490	0.00400	1	1.45898	0.81042	0	
1266666	8542.74316	3306227023711	0.48522	0.23429	8542.64258	0.10059	11804	1	0.49259	0.07674	1	0.45326	0.30280	1	0.47292	0.18977	1	0.48447	0.52939	11.17301	1.08464	1	0.74519	0.55247	12.10090	1.08464	1	-0.00367	-0.00868	0.68049	0.00254	1	0.06346	-0.01276	0.67490	0.00422	1	1.45898	0.81042	0	
1266667	8542.74902	3306227089905	0.48467	0.23433	8542.64258	0.10645	11804	1	0.49588	0.10901	1	0.45584	0.36113	1	0.47586	0.23507	1	0.48453	0.52919	11.91000	1.07556	1	0.74519	0.55280	12.27321	1.07556	1	-0.00367	-0.00868	0.68049	0.00242	1	0.06346	-0.01276	0.67490	0.00408	1	1.45898	0.81042	0	
1266668	8542.75586	3306227157702	0.48421	0.23482	8542.64258	0.11328	11804	1	0.49701	0.11808	1	0.45566	0.36821	1	0.47633	0.24315	1	0.48466	0.52930	11.68472	1.06647	1	0.74552	0.55289	12.05096	1.06647	1	-0.00369	-0.00866	0.68323	0.00236	1	0.06346	-0.01276	0.67490	0.00390	1	1.45898	0.81042	0	
1266669	8542.76270	3306227224618	0.48398	0.23488	8542.64258	0.12012	11804	1	0.48393	0.12836	1	0.47575	0.34354	1	0.47984	0.23595	1	0.48466	0.52924	11.61450	1.06647	1	0.74552	0.55224	12.15029	1.06647	1	-0.00369	-0.00866	0.68323	0.00234	1	0.06346	-0.01276	0.67490	0.00403	1	1.45898	0.81042	0	
1266670	8542.76953	3306227289349	0.48374	0.23574	8542.64258	0.12695	11804	1	0.48577	0.10966	1	0.47239	0.39460	1	0.47908	0.25213	1	0.48466	0.52924	11.42419	1.06647	1	0.74555	0.55274	12.04211	1.06647	1	-0.00369	-0.00866	0.68323	0.00235	1	0.06346	-0.01276	0.67490	0.00392	1	1.45898	0.81042	0	
1266671	8542.77637	3306227357335	0.48351	0.23653	8542.64258	0.13379	11804	1	0.48577	0.10966	1	0.47239	0.39460	1	0.47908	0.25213	1	0.48486	0.52901	11.49630	1.06647	1	0.74583	0.55217	12.49832	1.06647	1	-0.00353	-0.00841	0.67175	0.00229	1	0.06485	-0.01296	0.68858	0.00403	1	1.45898	0.81042	0	
1266672	8542.78320	3306227426136	0.48340	0.23586	8542.64258	0.14062	11804	1	0.49505	0.10591	1	0.46712	0.33768	1	0.48109	0.22180	1	0.48487	0.52903	11.36935	1.06647	1	0.74582	0.55222	12.66207	1.06647	1	-0.00353	-0.00841	0.67175	0.00228	1	0.06485	-0.01296	0.68858	0.00404	1	1.45898	0.81042	0	
1266673	8542.79004	3306227492571	0.48341	0.23400	8542.64258	0.14746	11804	1	0.49981	0.09912	1	0.46711	0.28736	1	0.48346	0.19324	1	0.48489	0.52912	11.78399	1.06647	1	0.74576	0.55214	12.50380	1.06647	1	-0.00353	-0.00841	0.67175	0.00231	1	0.06485	-0.01296	0.68858	0.00403	1	1.45898	0.81042	0	
1266674	8542.79590	3306227558133	0.48339	0.23195	8542.64258	0.15332	11804	1	0.49870	0.08989	1	0.46738	0.27957	1	0.48304	0.18473	1	0.48508	0.52893	11.42472	1.07556	1	0.74589	0.55245	12.55241	1.07556	1	-0.00363	-0.00879	0.70188	0.00240	1	0.06503	-0.01298	0.68940	0.00406	1	1.45898	0.81042	0	
1266675	8542.80273	3306227626099	0.48409	0.23215	8542.64258	0.16016	11804	1	0.50908	0.12000	1	0.49279	0.35397	1	0.50093	0.23699	1	0.48510	0.52903	11.74912	1.08464	1	0.74623	0.55248	12.57811	1.08464	1	-0.00363	-0.00879	0.70188	0.00237	1	0.06503	-0.01298	0.68940	0.00403	1	1.45898	0.81042	0	
1266676	8542.80957	3306227693237	0.48394	0.23163	8542.64258	0.16699	11804	1	0.49220	0.10659	1	0.46815	0.33081	1	0.48018	0.21870	1	0.48516	0.52881	11.08656	1.09373	1	0.74621	0.55228	11.97867	1.09373	1	-0.00363	-0.00879	0.70188	0.00250	1	0.06503	-0.01298	0.68940	0.00411	1	1.45898	0.81042	0	
1266677	8542.81641	3306227759061	0.48380	0.23115	8542.64258	0.17383	11804	1	0.49220	0.10659	1	0.46815	0.33081	1	0.48018	0.21870	1	0.48538	0.52882	11.67656	1.09373	1	0.74616	0.55205	11.78302	1.09373	1	-0.00345	-0.00848	0.67690	0.00243	1	0.06503	-0.01298	0.68940	0.00405	1	1.45898	0.81042	0	
1266678	8542.82324	3306227824771	0.48405	0.22992	8542.64258	0.18066	11804	1	0.50556	0.10987	1	0.47582	0.28317	1	0.49069	0.19652	1	0.48545	0.52881	11.86863	1.08464	1	0.74631	0.55173	11.91720	1.08464	1	-0.00345	-0.00848	0.67690	0.00236	1	0.06503	-0.01298	0.68940	0.00419	1	1.45898	0.81042	0	
1266679	8542.83008	3306227892672	0.48371	0.23047	8542.64258	0.18750	11804	1	0.48841	0.13343	1	0.46011	0.35837	1	0.47426	0.24590	1	0.48548	0.52884	11.83699	1.07556	1	0.74606	0.55236	12.06527	1.07556	1	-0.00345	-0.00848	0.67690	0.00235	1	0.06503	-0.01298	0.68940	0.00400	1	1.45898	0.81042	0	
1266680	8542.83691	3306227961646	0.48341	0.23125	8542.64258	0.19434	11804	1	0.48959	0.14229	1	0.45990	0.36549	1	0.47475	0.25389	1	0.48563	0.52878	11.91525	1.06647	1	0.74631	0.55260	13.03761	1.06647	1	-0.00345	-0.00848	0.67690	0.00231	1	0.06503	-0.01298	0.68940	0.00386	1	1.45898	0.81042	0	
1266681	8542.84375	3306228028453	0.48356	0.23042	8542.64258	0.20117	11804	1	0.49899	0.09344	1	0.47703	0.31735	1	0.48801	0.20540	1	0.48567	0.52889	11.81670	1.06647	1	0.74633	0.55245	12.99316	1.06647	1	-0.00345	-0.00848	0.67690	0.00242	1	0.06503	-0.01298	0.68940	0.00388	1	1.45898	0.81042	0	
1266682	8542.84961	3306228095407	0.48359	0.22995	8542.64258	0.20703	11804	1	0.48589	0.08904	1	0.48318	0.34184	1	0.48454	0.21544	1	0.48554	0.52882	11.88299	1.06647	1	0.74642	0.55267	12.69615	1.06647	1	-0.00345	-0.00848	0.67690	0.00232	1	0.06503	-0.01298	0.68940	0.00397	1	1.45898	0.81042	0	
1266683	8542.85645	3306228162278	0.48360	0.22935	8542.64258	0.21387	11804	1	0.48469	0.07972	1	0.48324	0.34068	1	0.48396	0.21020	1	0.48570	0.52893	11.55164	1.07556	1	0.74647	0.55268	13.27051	1.06790	1	-0.00347	-0.00892	0.71191	0.00237	1	0.06219	-0.01243	0.65772	0.00397	1	1.45898	0.81042	0	
1266684	8542.86328	3306228229479	0.48363	0.22868	8542.64258	0.22070	11804	1	0.49765	0.08158	1	0.47170	0.33177	1	0.48467	0.20668	1	0.48570	0.52893	11.55164	1.07698	1	0.74664	0.55257	12.71102	1.06932	1	-0.00347	-0.00892	0.71191	0.00237	1	0.06219	-0.01243	0.65772	0.00395	1	1.45898	0.81042	0	
1266685	8542.87012	3306228296314	0.48358	0.22811	8542.64258	0.22754	11804	1	0.49247	0.08219	1	0.47110	0.33535	1	0.48178	0.20877	1	0.48565	0.52889	11.32106	1.07841	1	0.74668	0.55272	13.33340	1.07075	1	-0.00347	-0.00892	0.71191	0.00242	1	0.06219	-0.01243	0.65772	0.00389	1	1.45898	0.81042	0	
1266686	8542.87695	3306228363345	0.48353	0.22745	8542.64258	0.23438	11804	1	0.49229	0.08074	1	0.47140	0.32800	1	0.48184	0.20437	1	0.48590	0.52903	11.85103	1.07983	1	0.74702	0.55263	12.34307	1.07983	1	-0.00347	-0.00892	0.71191	0.00234	1	0.06649	-0.01328	0.70259	0.00392	1	1.45898	0.81042	0	
1266687	8542.88379	3306228431533	0.48388	0.22666	8542.64258	0.24121	11804	1	0.51269	0.07564	1	0.47979	0.32045	1	0.49624	0.19805	1	0.48596	0.52892	11.86997	1.07983	1	0.74673	0.55266	12.68745	1.08749	1	-0.00347	-0.00892	0.71191	0.00242	1	0.06649	-0.01328	0.70259	0.00404	1	1.45898	0.81042	0	
1266688	8542.89062	3306228496971	0.48422	0.22617	8542.64258	0.24805	11804	1	0.50320	0.07853	1	0.49032	0.33734	1	0.49676	0.20793	1	0.48589	0.52904	11.83792	1.08749	1	0.74694	0.55270	12.41567	1.09515	1	-0.00347	-0.00892	0.71191	0.00236	1	0.06649	-0.01328	0.70259	0.00391	1	1.45898	0.81042	0	
1266689	8542.89648	3306228564106	0.48454	0.22573	8542.64258	0.25391	11804	1	0.50337	0.07998	1	0.49025	0.33846	1	0.49681	0.20922	1	0.48602	0.52908	11.82712	1.08607	1	0.74712	0.55306	12.38825	1.09373	1	-0.00328	-0.00862	0.68410	0.00241	1	0.06649	-0.01338	0.70259	0.00385	1	1.45898	0.81042	0	
1266690	8542.90332	3306228630777	0.48525	0.22551	8542.64258	0.26074	11804	1	0.52640	0.10312	1	0.49939	0.33052	1	0.51290	0.21682	1	0.48613	0.52922	11.91620	1.08464	1	0.74707	0.55278	12.31254	1.08464	1	-0.00328	-0.00862	0.68410	0.00241	1	0.06649	-0.01338	0.70259	0.00404	1	1.45898	0.81042	0	
1266691	8542.91016	3306228698766	0.48579	0.22587	8542.64258	0.26758	11804	1	0.52372	0.10436	1	0.49093	0.37586	1	0.50733	0.24011	1	0.48604	0.52911	11.77648	1.07556	1	0.74706	0.55317	12.32990	1.07556	1	-0.00328	-0.00862	0.68410	0.00241	1	0.06649	-0.01338	0.70259	0.00383	1	1.45898	0.81042	0	
1266692	8542.91699	3306228765275	0.48630	0.22620	8542.64258	0.27441	11804	1	0.52372	0.10436	1	0.49093	0.37586	1	0.50733	0.24011	1	0.48607	0.52919	11.54803	1.07556	1	0.74667	0.55280	13.04571	1.07556	1	-0.00341	-0.00881	0.69951	0.00245	1	0.06649	-0.01338	0.70259	0.00416	1	1.45898	0.81042	0	
1266693	8542.92383	3306228832214	0.48673	0.22535	8542.64258	0.28125	11804	1	0.52755	0.10478	1	0.48230	0.27379	1	0.50493	0.18928	1	0.48616	0.52925	11.38347	1.08464	1	0.74685	0.55262	12.54301	1.08464	1	-0.00341	-0.00881	0.69951	0.00241	1	0.06649	-0.01338	0.70259	0.00417	1	1.45898	0.81042	0	
1266694	8542.93066	3306228898886	0.48690	0.22429	8542.64258	0.28809	11804	1	0.52161	0.08982	1	0.46659	0.26809	1	0.49410	0.17895	1	0.48606	0.52917	11.67775	1.09373	1	0.74655	0.55260	12.75557	1.09373	1	-0.00341	-0.00881	0.69951	0.00243	1	0.06649	-0.01338	0.70259	0.00411	1	1.45898	0.81042	0	
1266695	8542.93652	3306228965166	0.48705	0.22310	8542.64258	0.29395	11804	1	0.52068	0.08076	1	0.46685	0.26034	1	0.49376	0.17055	1	0.48608	0.52927	11.63938	1.10281	1	0.74713	0.55244	12.18384	1.10281	1	-0.00341	-0.00892	0.69950	0.00241	1	0.06486	-0.01311	0.68546	0.00423	1	1.45898	0.81042	0	
1266696	8542.94336	3306229033270	0.48685	0.22300	8542.64258	0.30078	11804	1	0.49229	0.09354	1	0.46362	0.34337	1	0.47795	0.21845	1	0.48606	0.52933	11.82157	1.10281	1	0.74652	0.55292	12.75751	1.10281	1	-0.00341	-0.00892	0.69950	0.00239	1	0.06486	-0.01311	0.68546	0.00438	1	1.45898	0.81042	0	
1266697	8542.95020	3306229100203	0.48693	0.22211	8542.64258	0.30762	11804	1	0.48847	0.05190	1	0.49221	0.31104	1	0.49034	0.18147	1	0.48604	0.52922	11.94016	1.10281	1	0.74699	0.55308	12.31784	1.10281	1	-0.00341	-0.00892	0.69950	0.00242	1	0.06486	-0.01311	0.68546	0.00427	1	1.45898	0.81042	0	
1266698	8542.95703	3306229166874	0.48701	0.22144	8542.64258	0.31445	11804	1	0.48963	0.06122	1	0.49175	0.31839	1	0.49069	0.18980	1	0.48597	0.52928	11.78111	1.09373	1	0.74694	0.55312	12.84668	1.09373	1	-0.00328	-0.00872	0.68410	0.00249	1	0.06486	-0.01311	0.68546	0.00413	1	1.45898	0.81042	0	
1266699	8542.96387	3306229234735	0.48732	0.22008	8542.64258	0.32129	11804	1	0.51463	0.07374	1	0.48294	0.28184	1	0.49879	0.17779	1	0.48603	0.52930	11.44016	1.08464	1	0.74678	0.55320	12.52933	1.08464	1	-0.00328	-0.00872	0.68410	0.00245	1	0.06486	-0.01311	0.68546	0.00438	1	1.45898	0.81042	0	
1266700	8542.97070	3306229301290	0.48750	0.22022	8542.64258	0.32812	11804	1	0.52281	0.11404	1	0.47434	0.38150	1	0.49858	0.24777	1	0.48610	0.52940	11.74751	1.07556	1	0.74675	0.55366	12.57343	1.07556	1	-0.00328	-0.00872	0.68410	0.00245	1	0.06486	-0.01311	0.68546	0.00407	1	1.45898	0.81042	0	
1266701	8542.97754	3306229367815	0.48769	0.22044	8542.64258	0.33496	11804	1	0.52281	0.11404	1	0.47434	0.38150	1	0.49858	0.24777	1	0.48609	0.52928	12.02847	1.07556	1	0.74681	0.55302	12.52304	1.07556	1	-0.00341	-0.00892	0.69950	0.00244	1	0.06486	-0.01311	0.68546	0.00387	1	1.45898	0.81042	0	
1266702	8542.98340	3306229433187	0.48803	0.21902	8542.64258	0.34082	11804	1	0.51082	0.07457	1	0.49299	0.28855	1	0.50191	0.18156	1	0.48601	0.52937	12.01653	1.08464	1	0.74698	0.55321	11.89480	1.08464	1	-0.00341	-0.00892	0.69950	0.00249	1	0.06486	-0.01311	0.68546	0.00412	1	1.45898	0.81042	0	
1266703	8542.99023	3306229501987	0.48855	0.21741	8542.64258	0.34766	11804	1	0.51562	0.06172	1	0.48590	0.31870	1	0.50076	0.19021	1	0.48600	0.52932	11.87891	1.09373	1	0.74685	0.55367	12.74955	1.09373	1	-0.00341	-0.00892	0.69950	0.00249	1	0.06486	-0.01311	0.68546	0.00402	1	1.45898	0.81042	0	
1266704	8542.99707	3306229565784	0.48906	0.21555	8542.64258	0.35449	11804	1	0.51465	0.05242	1	0.48632	0.31136	1	0.50048	0.18189	1	0.48587	0.52951	11.80022	1.10281	1	0.74678	0.55352	12.84055	1.10281	1	-0.00341	-0.00892	0.69950	0.00241	1	0.06649	-0.01349	0.70259	0.00394	1	1.45898	0.81042	0	
1266705	8543.00391	3306229634708	0.48926	0.21374	8542.64258	0.36133	11804	1	0.50802	0.06245	1	0.48123	0.28924	1	0.49462	0.17585	1	0.48593	0.52944	11.53048	1.10281	1	0.74673	0.55335	12.83338	1.10281	1	-0.00341	-0.00892	0.69950	0.00249	1	0.06649	-0.01349	0.70259	0.00405	1	1.45898	0.81042	0	
1266706	8543.01074	3306229699744	0.48917	0.21203	8542.64258	0.36816	11804	1	0.50137	0.07061	1	0.47715	0.29717	1	0.48926	0.18389	1	0.48586	0.52955	11.59378	1.10281	1	0.74673	0.55352	12.75500	1.10281	1	-0.00341	-0.00892	0.69950	0.00244	1	0.06649	-0.01349	0.70259	0.00396	1	1.45898	0.81042	0	
1266707	8543.01758	3306229768450	0.48908	0.21053	8542.64258	0.37500	11804	1	0.50137	0.07061	1	0.47686	0.30346	1	0.48912	0.18703	1	0.48584	0.52949	11.73868	1.10281	1	0.74671	0.55363	12.93636	1.09515	1	-0.00341	-0.00892	0.69950	0.00242	1	0.06219	-0.01263	0.65772	0.00393	1	1.45898	0.81042	0	
1266708	8543.02441	3306229835382	0.48891	0.21008	8542.64258	0.38184	11804	1	0.50578	0.07953	1	0.46289	0.34493	1	0.48434	0.21223	1	0.48584	0.52949	11.73868	1.09515	1	0.74657	0.55388	13.31916	1.08749	1	-0.00341	-0.00892	0.69950	0.00242	1	0.06219	-0.01263	0.65772	0.00394	1	1.45898	0.81042	0	
1266709	8543.03027	3306229902141	0.48895	0.20945	8542.64258	0.38770	11804	1	0.50615	0.09004	1	0.46118	0.35926	1	0.48366	0.22465	1	0.48589	0.52954	11.83017	1.08749	1	0.74651	0.55399	13.06598	1.07983	1	-0.00341	-0.00892	0.69950	0.00244	1	0.06219	-0.01263	0.65772	0.00387	1	1.45898	0.81042	0	
1266710	8543.03711	3306229966012	0.48901	0.20913	8542.64258	0.39453	11804	1	0.50703	0.09773	1	0.46099	0.36523	1	0.48401	0.23148	1	0.48580	0.52962	11.99858	1.07983	1	0.74648	0.55399	13.25364	1.07218	1	-0.00341	-0.00892	0.69950	0.00245	1	0.06212	-0.01266	0.65696	0.00390	1	1.45898	0.81042	0	
1266711	8543.04395	3306230035200	0.48925	0.21008	8542.64258	0.40137	11804	1	0.50577	0.10599	1	0.48323	0.34385	1	0.49450	0.22492	1	0.48580	0.52962	11.99858	1.07218	1	0.74645	0.55391	13.35300	1.07218	1	-0.00341	-0.00892	0.69950	0.00245	1	0.06212	-0.01266	0.65696	0.00389	1	1.45898	0.81042	0	
1266712	8543.05078	3306230103469	0.48937	0.21158	8542.64258	0.40820	11804	1	0.50608	0.11581	1	0.48502	0.37504	1	0.49555	0.24543	1	0.48572	0.52968	12.09799	1.07218	1	0.74652	0.55398	13.28046	1.07218	1	-0.00341	-0.00892	0.69950	0.00237	1	0.06212	-0.01266	0.65696	0.00387	1	1.45898	0.81042	0	
1266713	8543.05762	3306230168618	0.48950	0.21319	8542.64258	0.41504	11804	1	0.50715	0.12484	1	0.48496	0.37614	1	0.49605	0.25049	1	0.48564	0.53001	11.74707	1.06309	1	0.74627	0.55423	12.62462	1.07075	1	-0.00348	-0.00875	0.68202	0.00241	1	0.06369	-0.01306	0.67516	0.00381	1	1.45898	0.81042	0	
1266714	8543.06445	3306230239643	0.48959	0.21385	8542.64258	0.42188	11804	1	0.47982	0.10474	1	0.47537	0.33756	1	0.47760	0.22115	1	0.48544	0.52988	12.38590	1.06166	1	0.74634	0.55360	12.13421	1.06932	1	-0.00348	-0.00875	0.68202	0.00239	1	0.06369	-0.01306	0.67516	0.00417	1	1.45898	0.81042	0	
1266715	8543.07129	3306230306741	0.48967	0.21382	8542.64258	0.42871	11804	1	0.48295	0.10134	1	0.47553	0.36644	1	0.47924	0.23389	1	0.48547	0.52993	12.05002	1.06024	1	0.74640	0.55401	12.48174	1.06790	1	-0.00348	-0.00875	0.68202	0.00238	1	0.06369	-0.01306	0.67516	0.00386	1	1.45898	0.81042	0	
1266716	8543.07812	3306230372654	0.48973	0.21366	8542.64258	0.43555	11804	1	0.48314	0.10279	1	0.47548	0.36756	1	0.47931	0.23517	1	0.48529	0.53019	11.67834	1.05881	1	0.74635	0.55361	12.27912	1.06647	1	-0.00348	-0.00875	0.68202	0.00242	1	0.06369	-0.01306	0.67516	0.00415	1	1.45898	0.81042	0	
1266717	8543.08496	3306230440659	0.49004	0.21364	8542.64258	0.44238	11804	1	0.49189	0.12190	1	0.49802	0.34858	1	0.49495	0.23524	1	0.48523	0.53008	12.02954	1.06647	1	0.74633	0.55369	12.27895	1.06647	1	-0.00348	-0.00875	0.68202	0.00242	1	0.06369	-0.01306	0.67516	0.00405	1	1.45898	0.81042	0	
1266718	8543.09082	3306230507134	0.49055	0.21231	8542.64258	0.44824	11804	1	0.52481	0.10565	1	0.48194	0.27060	1	0.50338	0.18813	1	0.48529	0.53019	11.67834	1.06647	1	0.74603	0.55330	12.45073	1.06647	1	-0.00348	-0.00875	0.68202	0.00242	1	0.06369	-0.01306	0.67516	0.00409	1	1.45898	0.81042	0	
1266719	8543.09766	3306230574039	0.49105	0.21104	8542.64258	0.45508	11804	1	0.52481	0.10565	1	0.48161	0.27729	1	0.50321	0.19147	1	0.48537	0.53026	11.84300	1.06647	1	0.74582	0.55327	12.82234	1.05881	1	-0.00345	-0.00878	0.67691	0.00243	1	0.06185	-0.01275	0.65619	0.00423	1	1.45898	0.81042	0	
1266720	8543.10449	3306230640865	0.49136	0.21109	8542.64258	0.46191	11804	1	0.52516	0.15619	1	0.46693	0.29231	1	0.49604	0.22425	1	0.48532	0.53037	12.06652	1.05881	1	0.74580	0.55349	12.80812	1.05115	1	-0.00345	-0.00878	0.67691	0.00242	1	0.06185	-0.01275	0.65619	0.00437	1	1.45898	0.81042	0	
1266721	8543.11133	3306230707573	0.49176	0.21228	8542.64258	0.46875	11804	1	0.51538	0.11850	1	0.48950	0.38205	1	0.50244	0.25028	1	0.48514	0.53045	11.96922	1.05115	1	0.74580	0.55432	12.89569	1.04349	1	-0.00345	-0.00878	0.67691	0.00243	1	0.06185	-0.01275	0.65619	0.00400	1	1.45898	0.81042	0	
1266722	8543.11816	3306230774690	0.49217	0.21379	8542.64258	0.47559	11804	1	0.51624	0.12625	1	0.48911	0.38807	1	0.50267	0.25716	1	0.48486	0.53055	11.50791	1.04349	1	0.74558	0.55328	11.63592	1.03583	1	-0.00362	-0.00901	0.69027	0.00247	1	0.06183	-0.01276	0.65710	0.00423	1	1.45898	0.81042	0	
1266723	8543.12500	3306230841560	0.49187	0.21391	8542.64258	0.48242	11804	1	0.50419	0.14748	1	0.46965	0.33745	1	0.48692	0.24247	1	0.48478	0.53057	12.00510	1.03583	1	0.74545	0.55377	11.99033	1.03583	1	-0.00362	-0.00901	0.69027	0.00242	1	0.06183	-0.01276	0.65710	0.00419	1	1.45898	0.81042	0	
1266724	8543.13086	3306230908629	0.49190	0.21386	8542.64258	0.48828	11804	1	0.49309	0.13360	1	0.46971	0.29952	1	0.48140	0.21656	1	0.48482	0.53046	11.72848	1.03583	1	0.74546	0.55343	11.89756	1.03583	1	-0.00362	-0.00901	0.69027	0.00247	1	0.06183	-0.01276	0.65710	0.00427	1	1.45898	0.81042	0	
1266725	8543.13770	3306230975964	0.49193	0.21375	8542.64258	0.49512	11804	1	0.49309	0.13360	1	0.46996	0.29285	1	0.48153	0.21322	1	0.48472	0.53061	11.86541	1.03583	1	0.74552	0.55417	12.58317	1.04349	1	-0.00367	-0.00888	0.68049	0.00243	1	0.06403	-0.01323	0.68099	0.00406	1	1.45898	0.81042	0	
1266726	8543.14453	3306231041359	0.49202	0.21467	8542.64258	0.50195	11804	1	0.51047	0.14520	1	0.47977	0.33637	1	0.49512	0.24079	1	0.48465	0.53077	11.77525	1.04349	1	0.74521	0.55447	12.55187	1.05115	1	-0.00367	-0.00888	0.68049	0.00246	1	0.06403	-0.01323	0.68099	0.00404	1	1.45898	0.81042	0	
1266727	8543.15137	3306231111026	0.49265	0.21367	8542.64258	0.50879	11804	1	0.51203	0.13969	1	0.49668	0.25632	1	0.50435	0.19801	1	0.48465	0.53077	11.77525	1.05115	1	0.74546	0.55364	12.69672	1.05881	1	-0.00367	-0.00888	0.68049	0.00246	1	0.06403	-0.01323	0.68099	0.00386	1	1.45898	0.81042	0	
1266728	8543.15820	3306231176709	0.49326	0.21243	8542.64258	0.51562	11804	1	0.51115	0.13210	1	0.49668	0.25632	1	0.50391	0.19421	1	0.48460	0.53085	11.96025	1.05881	1	0.74484	0.55412	12.99547	1.05881	1	-0.00369	-0.00897	0.68323	0.00241	1	0.06183	-0.01278	0.65813	0.00390	1	1.45898	0.81042	0	
1266729	8543.16504	3306231243363	0.49343	0.21285	8542.64258	0.52246	11804	1	0.52395	0.13656	1	0.46840	0.31432	1	0.49618	0.22544	1	0.48451	0.53088	11.89632	1.05881	1	0.74507	0.55411	12.40884	1.05115	1	-0.00369	-0.00897	0.68323	0.00245	1	0.06183	-0.01278	0.65813	0.00406	1	1.45898	0.81042	0	
1266730	8543.17188	3306231309402	0.49371	0.21325	8542.64258	0.52930	11804	1	0.52204	0.11372	1	0.47401	0.35607	1	0.49802	0.23489	1	0.48448	0.53082	11.93996	1.05115	1	0.74474	0.55450	12.92401	1.04349	1	-0.00369	-0.00897	0.68323	0.00246	1	0.06183	-0.01278	0.65813	0.00413	1	1.45898	0.81042	0	
1266731	8543.17871	3306231377442	0.49400	0.21367	8542.64258	0.53613	11804	1	0.52188	0.11227	1	0.47435	0.34871	1	0.49811	0.23049	1	0.48452	0.53092	12.06058	1.05258	1	0.74506	0.55424	12.67256	1.05258	1	-0.00382	-0.00916	0.69817	0.00243	1	0.06291	-0.01302	0.67009	0.00403	1	1.45898	0.81042	0	
1266732	8543.18457	3306231443410	0.49429	0.21377	8542.64258	0.54199	11804	1	0.50475	0.10986	1	0.49264	0.31249	1	0.49869	0.21118	1	0.48426	0.53093	11.78762	1.06166	1	0.74504	0.55433	12.72478	1.06932	1	-0.00382	-0.00916	0.69817	0.00238	1	0.06291	-0.01302	0.67009	0.00400	1	1.45898	0.81042	0	
1266733	8543.19141	3306231509935	0.49462	0.21357	8542.64258	0.54883	11804	1	0.50524	0.07721	1	0.49014	0.32178	1	0.49769	0.19949	1	0.48429	0.53097	11.87315	1.07841	1	0.74498	0.55452	12.82763	1.08607	1	-0.00382	-0.00916	0.69817	0.00238	1	0.06291	-0.01302	0.67009	0.00402	1	1.45898	0.81042	0	
1266734	8543.19824	3306231579102	0.49495	0.21333	8542.64258	0.55566	11804	1	0.50434	0.06936	1	0.49052	0.31557	1	0.49743	0.19246	1	0.48415	0.53118	11.69798	1.08607	1	0.74447	0.55462	12.79087	1.09373	1	-0.00380	-0.00904	0.68504	0.00242	1	0.06393	-0.01325	0.68212	0.00399	1	1.45898	0.81042	0	
1266735	8543.20508	3306231643930	0.49475	0.21333	8542.64258	0.56250	11804	1	0.49871	0.11145	1	0.47436	0.28514	1	0.48654	0.19830	1	0.48415	0.53124	11.82013	1.08464	1	0.74467	0.55426	12.68162	1.08464	1	-0.00380	-0.00904	0.68504	0.00236	1	0.06393	-0.01325	0.68212	0.00402	1	1.45898	0.81042	0	
1266736	8543.21191	3306231712500	0.49452	0.21356	8542.64258	0.56934	11804	1	0.49512	0.09795	1	0.47666	0.33949	1	0.48589	0.21872	1	0.48415	0.53109	11.92152	1.07556	1	0.74481	0.55461	12.23217	1.07556	1	-0.00380	-0.00904	0.68504	0.00240	1	0.06393	-0.01325	0.68212	0.00399	1	1.45898	0.81042	0	
1266737	8543.21875	3306231778980	0.49429	0.21375	8542.64258	0.57617	11804	1	0.49512	0.09795	1	0.47666	0.33949	1	0.48589	0.21872	1	0.48409	0.53121	11.72477	1.07556	1	0.74483	0.55453	12.37160	1.07556	1	-0.00402	-0.00954	0.71457	0.00245	1	0.06393	-0.01325	0.68212	0.00408	1	1.45898	0.81042	0	
1266738	8543.22461	3306231845448	0.49365	0.21414	8542.64258	0.58203	11804	1	0.49109	0.10459	1	0.47327	0.36591	1	0.48218	0.23525	1	0.48409	0.53112	11.94410	1.08464	1	0.74479	0.55485	12.36153	1.08464	1	-0.00402	-0.00954	0.71457	0.00244	1	0.06393	-0.01325	0.68212	0.00401	1	1.45898	0.81042	0	
1266739	8543.23145	3306231911960	0.49297	0.21355	8542.64258	0.58887	11804	1	0.49327	0.08523	1	0.45572	0.33829	1	0.47450	0.21176	1	0.48405	0.53115	11.82611	1.09373	1	0.74451	0.55488	13.17268	1.09373	1	-0.00402	-0.00954	0.71457	0.00242	1	0.06393	-0.01325	0.68212	0.00394	1	1.45898	0.81042	0	
1266740	8543.23828	3306231980758	0.49228	0.21296	8542.64258	0.59570	11804	1	0.49327	0.08523	1	0.45572	0.33829	1	0.47450	0.21176	1	0.48402	0.53114	11.84830	1.09373	1	0.74451	0.55488	13.17268	1.09373	1	-0.00382	-0.00896	0.67117	0.00240	1	0.06393	-0.01325	0.68212	0.00394	1	1.45898	0.81042	0	
1266741	8543.24512	3306232048064	0.49188	0.21338	8542.64258	0.60254	11804	1	0.50162	0.11115	1	0.46974	0.30846	1	0.48568	0.20981	1	0.48405	0.53116	11.87364	1.08464	1	0.74465	0.55449	12.25464	1.08464	1	-0.00382	-0.00896	0.67117	0.00242	1	0.06393	-0.01325	0.68212	0.00407	1	1.45898	0.81042	0	
1266742	8543.25195	3306232114414	0.49142	0.21464	8542.64258	0.60938	11804	1	0.48884	0.11033	1	0.45473	0.36814	1	0.47178	0.23923	1	0.48401	0.53118	11.81426	1.07556	1	0.74443	0.55492	13.27014	1.07556	1	-0.00382	-0.00896	0.67117	0.00239	1	0.06393	-0.01325	0.68212	0.00400	1	1.45898	0.81042	0	
1266743	8543.25879	3306232181327	0.49097	0.21624	8542.64258	0.61621	11804	1	0.49002	0.11939	1	0.45456	0.37516	1	0.47229	0.24728	1	0.48395	0.53135	12.00060	1.06647	1	0.74474	0.55463	12.45663	1.06647	1	-0.00382	-0.00896	0.67117	0.00241	1	0.06393	-0.01325	0.68212	0.00402	1	1.45898	0.81042	0	
1266744	8543.26562	3306232247123	0.49071	0.21691	8542.64258	0.62305	11804	1	0.48431	0.14956	1	0.44670	0.35189	1	0.46551	0.25072	1	0.48391	0.53154	12.26552	1.06647	1	0.74432	0.55472	12.82488	1.06647	1	-0.00382	-0.00896	0.67117	0.00241	1	0.06393	-0.01325	0.68212	0.00407	1	1.45898	0.81042	0	
1266745	8543.27148	3306232313448	0.49052	0.21761	8542.64258	0.62891	11804	1	0.49088	0.09256	1	0.47125	0.33761	1	0.48106	0.21508	1	0.48398	0.53134	12.04472	1.06647	1	0.74429	0.55462	13.00583	1.06647	1	-0.00382	-0.00896	0.67117	0.00244	1	0.06393	-0.01325	0.68212	0.00403	1	1.45898	0.81042	0	
1266746	8543.27930	3306232383420	0.49032	0.21814	8542.64258	0.63672	11804	1	0.49088	0.09256	1	0.47125	0.33761	1	0.48106	0.21508	1	0.48396	0.53140	11.74329	1.06647	1	0.74452	0.55435	12.64817	1.06647	1	-0.00382	-0.00896	0.67117	0.00241	1	0.06327	-0.01316	0.67501	0.00403	1	1.45898	0.81042	0	
1266747	8543.28516	3306232449095	0.49017	0.21887	8542.64258	0.64258	11804	1	0.48275	0.10465	1	0.50061	0.32109	1	0.49168	0.21287	1	0.48386	0.53137	11.94467	1.06647	1	0.74482	0.55450	12.27293	1.06647	1	-0.00382	-0.00896	0.67117	0.00242	1	0.06327	-0.01316	0.67501	0.00407	1	1.45898	0.81042	0	
1266748	8543.29199	3306232516230	0.49013	0.21833	8542.64258	0.64941	11804	1	0.49805	0.11913	1	0.49560	0.32476	1	0.49682	0.22195	1	0.48395	0.53125	11.77719	1.06647	1	0.74475	0.55444	12.23034	1.06647	1	-0.00382	-0.00896	0.67117	0.00244	1	0.06327	-0.01316	0.67501	0.00406	1	1.45898	0.81042	0	
1266749	8543.29883	3306232583118	0.49009	0.21786	8542.64258	0.65625	11804	1	0.49805	0.11913	1	0.49518	0.33107	1	0.49661	0.22510	1	0.48394	0.53137	12.03562	1.06647	1	0.74448	0.55458	12.67130	1.05881	1	-0.00382	-0.00896	0.67117	0.00245	1	0.06173	-0.01285	0.65914	0.00405	1	1.45898	0.81042	0	
1266750	8543.30566	3306232649004	0.48947	0.21892	8542.64258	0.66309	11804	1	0.48115	0.09422	1	0.46283	0.37093	1	0.47199	0.23257	1	0.48383	0.53135	11.73167	1.05881	1	0.74417	0.55476	13.25942	1.05115	1	-0.00382	-0.00896	0.67117	0.00241	1	0.06173	-0.01285	0.65914	0.00400	1	1.45898	0.81042	0	
1266751	8543.31250	3306232716891	0.48905	0.22001	8542.64258	0.66992	11804	1	0.48516	0.11697	1	0.47601	0.36768	1	0.48058	0.24233	1	0.48382	0.53134	11.89880	1.05115	1	0.74445	0.55467	12.75544	1.04349	1	-0.00382	-0.00896	0.67117	0.00240	1	0.06173	-0.01285	0.65914	0.00403	1	1.45898	0.81042	0	
1266752	8543.31934	3306232784189	0.48865	0.22135	8542.64258	0.67676	11804	1	0.48620	0.12474	1	0.47601	0.36768	1	0.48110	0.24621	1	0.48396	0.53125	11.86443	1.04349	1	0.74480	0.55449	12.31225	1.04349	1	-0.00382	-0.00896	0.67117	0.00236	1	0.06393	-0.01325	0.68212	0.00393	1	1.45898	0.81042	0	
1266753	8543.32520	3306232851508	0.48872	0.22220	8542.64258	0.68262	11804	1	0.49231	0.12682	1	0.50401	0.30693	1	0.49816	0.21687	1	0.48396	0.53141	11.81612	1.04349	1	0.74480	0.55432	12.33902	1.05115	1	-0.00382	-0.00896	0.67117	0.00242	1	0.06393	-0.01325	0.68212	0.00400	1	1.45898	0.81042	0	
1266754	8543.33203	3306232917458	0.48865	0.22328	8542.64258	0.68945	11804	1	0.48721	0.11121	1	0.48506	0.36019	1	0.48614	0.23570	1	0.48395	0.53134	12.07186	1.05115	1	0.74449	0.55476	12.74106	1.05881	1	-0.00382	-0.00896	0.67117	0.00247	1	0.06393	-0.01325	0.68212	0.00397	1	1.45898	0.81042	0	
1266755	8543.33887	3306232985610	0.48858	0.22415	8542.64258	0.69629	11804	1	0.48619	0.10340	1	0.48541	0.35410	1	0.48580	0.22875	1	0.48390	0.53145	12.33180	1.05881	1	0.74450	0.55467	12.69251	1.06647	1	-0.00382	-0.00896	0.67117	0.00242	1	0.06393	-0.01325	0.68212	0.00404	1	1.45898	0.81042	0	
1266756	8543.34570	3306233051734	0.48853	0.22414	8542.64258	0.70312	11804	1	0.48111	0.12384	1	0.48210	0.29939	1	0.48160	0.21162	1	0.48381	0.53126	11.87220	1.06647	1	0.74448	0.55409	12.68452	1.06647	1	-0.00382	-0.00896	0.67117	0.00245	1	0.06393	-0.01325	0.68212	0.00410	1	1.45898	0.81042	0	
1266757	8543.35254	3306233120031	0.48865	0.22408	8542.64258	0.70996	11804	1	0.49650	0.13084	1	0.48285	0.31340	1	0.48967	0.22212	1	0.48395	0.53146	12.36648	1.06647	1	0.74449	0.55441	12.64709	1.06647	1	-0.00382	-0.00896	0.67117	0.00237	1	0.06393	-0.01325	0.68212	0.00426	1	1.45898	0.81042	0	
1266758	8543.35938	3306233186195	0.48877	0.22396	8542.64258	0.71680	11804	1	0.49650	0.13084	1	0.48251	0.31978	1	0.48950	0.22531	1	0.48434	0.53150	11.86685	1.06647	1	0.74513	0.55508	13.27832	1.05881	1	-0.00380	-0.00915	0.68504	0.00242	1	0.06183	-0.01285	0.65917	0.00395	1	1.45898	0.81042	0	
1266759	8543.36621	3306233252712	0.48827	0.22421	8542.64258	0.72363	11804	1	0.47611	0.13399	1	0.46481	0.33973	1	0.47046	0.23686	1	0.48456	0.53157	12.29032	1.05881	1	0.74537	0.55436	12.35982	1.05115	1	-0.00380	-0.00915	0.68504	0.00238	1	0.06183	-0.01285	0.65917	0.00442	1	1.45898	0.81042	0	
1266760	8543.37207	3306233320246	0.48711	0.22364	8542.64258	0.72949	11804	1	0.44938	0.10050	1	0.43033	0.33624	1	0.43985	0.21837	1	0.48478	0.53168	11.10663	1.05115	1	0.74519	0.55539	13.32948	1.04349	1	-0.00380	-0.00915	0.68504	0.00241	1	0.06183	-0.01285	0.65917	0.00401	1	1.45898	0.81042	0	
1266761	8543.37891	3306233387254	0.48593	0.22288	8542.64258	0.73633	11804	1	0.44914	0.09903	1	0.43029	0.32874	1	0.43972	0.21389	1	0.48844	0.53585	12.19220	1.05258	1	0.74884	0.55760	12.85071	1.05258	1	-0.00323	-0.00964	0.70657	0.00353	1	0.06649	-0.01402	0.70259	0.00393	1	1.45898	0.81042	0	
1266762	8543.38574	3306233453677	0.48830	0.22732	8542.64258	0.74316	11804	1	0.61392	0.39384	1	0.56869	0.47517	1	0.59131	0.43451	1	0.48926	0.53581	12.25938	1.06166	1	0.74906	0.55717	12.82973	1.06932	1	-0.00323	-0.00964	0.70657	0.00342	1	0.06649	-0.01402	0.70259	0.00366	1	1.45898	0.81042	0	
1266763	8543.39258	3306233520926	0.49053	0.22876	8542.64258	0.75000	11804	1	0.58766	0.22831	1	0.58447	0.37768	1	0.58606	0.30300	1	0.48977	0.53406	11.68085	1.07841	1	0.74964	0.55707	13.05838	1.08607	1	-0.00323	-0.00964	0.70657	0.00252	1	0.06649	-0.01402	0.70259	0.00385	1	1.45898	0.81042	0	
1266764	8543.39844	3306233583304	0.50372	0.25364	8542.64258	0.75000	11804	0	0.58725	0.22158	1	0.58549	0.37180	1	0.58637	0.29669	1	0.49233	0.53597	12.27634	1.08607	1	0.75183	0.55847	12.21639	1.09373	1	-0.00257	-0.00941	0.68581	0.00352	1	0.06377	-0.01346	0.66965	0.00382	1	1.45898	0.81042	0	
1266765	8543.40527	3306233651843	0.60339	0.35456	8542.64258	0.75000	11804	0	0.73368	0.41276	1	0.67243	0.49820	1	0.70306	0.45548	1	0.49232	0.53630	12.20888	1.08464	1	0.75188	0.55824	12.04959	1.08464	1	-0.00257	-0.00941	0.68581	0.00346	1	0.06377	-0.01346	0.66965	0.00394	1	1.45898	0.81042	0	
1266766	8543.41309	3306233721330	0.63606	0.38567	8542.64258	0.75000	11804	0	0.73535	0.39149	1	0.66744	0.50427	1	0.70140	0.44788	1	0.49233	0.53620	12.11390	1.07556	1	0.75181	0.55816	11.99856	1.07556	1	-0.00257	-0.00941	0.68581	0.00355	1	0.06377	-0.01346	0.66965	0.00391	1	1.45898	0.81042	0	
1266767	8543.41895	3306233785062	0.70153	0.45251	8542.64258	0.75000	11804	0	0.73473	0.39806	1	0.66554	0.51028	1	0.70013	0.45417	1	0.49231	0.53611	12.36067	1.06647	1	0.75320	0.55612	11.43972	1.06647	1	-0.00257	-0.00941	0.68581	0.00341	1	0.06377	-0.01346	0.66965	0.00265	1	1.45898	0.81042	0	
1266768	8543.42578	3306233852482	0.72380	0.39555	8542.64258	0.75000	11804	0	0.73454	0.37187	1	0.75758	0.30529	1	0.74606	0.33858	1	0.49240	0.53575	12.11033	1.06647	1	0.75323	0.55602	12.08327	1.06647	1	-0.00257	-0.00941	0.68581	0.00356	1	0.06377	-0.01346	0.66965	0.00268	1	1.45898	0.81042	0	
1266769	8543.43262	3306233922736	0.71597	0.42397	8542.64258	0.75000	11804	0	0.73068	0.40876	1	0.66995	0.55289	1	0.70031	0.48083	1	0.49229	0.53626	12.30429	1.06647	1	0.75197	0.55866	12.29804	1.06647	1	-0.00257	-0.00941	0.68581	0.00352	1	0.06377	-0.01346	0.66965	0.00391	1	1.45898	0.81042	0	
1266770	8543.43945	3306233990628	0.71205	0.43819	8543.41895	0.02051	11805	1	0.73068	0.40876	1	0.66995	0.55289	1	0.70031	0.48083	1	0.49241	0.53598	11.94715	1.06647	1	0.75342	0.55593	11.57571	1.06647	1	-0.00256	-0.00931	0.68191	0.00347	1	0.06551	-0.01375	0.68689	0.00279	1	1.45898	0.81042	0	
1266771	8543.44629	3306234057618	0.70920	0.45014	8543.41895	0.02734	11805	1	0.73319	0.42233	1	0.66242	0.57355	1	0.69780	0.49794	1	0.49229	0.53627	12.11670	1.06647	1	0.75220	0.55849	12.53550	1.06647	1	-0.00256	-0.00931	0.68191	0.00348	1	0.06551	-0.01375	0.68689	0.00379	1	1.45898	0.81042	0	
1266772	8543.45312	3306234124480	0.70902	0.45649	8543.41895	0.03418	11805	1	0.72686	0.41722	1	0.68937	0.55928	1	0.70812	0.48825	1	0.49236	0.53621	11.94048	1.06647	1	0.75255	0.55824	12.79711	1.06647	1	-0.00256	-0.00931	0.68191	0.00353	1	0.06551	-0.01375	0.68689	0.00385	1	1.45898	0.81042	0	
1266773	8543.45898	3306234187661	0.70889	0.46103	8543.41895	0.04004	11805	1	0.72686	0.41722	1	0.68937	0.55928	1	0.70812	0.48825	1	0.49244	0.53631	11.94321	1.06647	1	0.75348	0.55607	12.03777	1.06647	1	-0.00256	-0.00931	0.68191	0.00331	1	0.06551	-0.01375	0.68689	0.00263	1	1.45898	0.81042	0	
1266774	8543.46582	3306234257817	0.71027	0.46430	8543.41895	0.04688	11805	1	0.74874	0.44226	1	0.69102	0.53212	1	0.71988	0.48719	1	0.49255	0.53615	11.76175	1.06647	1	0.75268	0.55801	12.67781	1.06647	1	-0.00256	-0.00931	0.68191	0.00373	1	0.06551	-0.01375	0.68689	0.00392	1	1.45898	0.81042	0	
1266775	8543.47266	3306234325165	0.71153	0.46832	8543.41895	0.05371	11805	1	0.75578	0.46822	1	0.68755	0.53281	1	0.72166	0.50052	1	0.49263	0.53637	11.58358	1.06647	1	0.75259	0.55801	12.95157	1.06647	1	-0.00256	-0.00931	0.68191	0.00369	1	0.06551	-0.01375	0.68689	0.00386	1	1.45898	0.81042	0	
1266776	8543.47949	3306234391729	0.71265	0.47126	8543.41895	0.06055	11805	1	0.75578	0.46822	1	0.68955	0.52725	1	0.72266	0.49774	1	0.49232	0.53648	12.15998	1.06647	1	0.75265	0.55806	12.32282	1.07515	1	-0.00256	-0.00931	0.68191	0.00341	1	0.06676	-0.01395	0.69938	0.00386	1	1.45898	0.81042	0	
1266777	8543.48633	3306234458903	0.71302	0.47204	8543.41895	0.06738	11805	1	0.73039	0.45833	1	0.70313	0.50127	1	0.71676	0.47980	1	0.49229	0.53625	12.41638	1.07515	1	0.75274	0.55766	12.29737	1.08383	1	-0.00256	-0.00931	0.68191	0.00351	1	0.06676	-0.01395	0.69938	0.00374	1	1.45898	0.81042	0	
1266778	8543.49316	3306234525709	0.71332	0.47361	8543.41895	0.07422	11805	1	0.73081	0.46407	1	0.70251	0.51776	1	0.71666	0.49092	1	0.49218	0.53640	12.41805	1.08383	1	0.75281	0.55795	12.12040	1.09251	1	-0.00256	-0.00931	0.68191	0.00346	1	0.06676	-0.01395	0.69938	0.00371	1	1.45898	0.81042	0	
1266779	8543.50000	3306234592796	0.71368	0.47451	8543.41895	0.08105	11805	1	0.73138	0.45842	1	0.70458	0.51220	1	0.71798	0.48531	1	0.49240	0.53634	12.25869	1.09251	1	0.75269	0.55762	12.62342	1.10119	1	-0.00257	-0.00931	0.68582	0.00353	1	0.06676	-0.01395	0.69938	0.00380	1	1.45898	0.81042	0	
1266780	8543.50684	3306234659794	0.71368	0.47276	8543.41895	0.08789	11805	1	0.74538	0.41806	1	0.68194	0.48191	1	0.71366	0.44998	1	0.49247	0.53610	12.15197	1.10119	1	0.75273	0.55777	12.40235	1.10119	1	-0.00257	-0.00931	0.68582	0.00366	1	0.06676	-0.01395	0.69938	0.00378	1	1.45898	0.81042	0	
1266781	8543.51270	3306234726775	0.71355	0.47265	8543.41895	0.09375	11805	1	0.74366	0.46173	1	0.67980	0.48037	1	0.71173	0.47105	1	0.49237	0.53659	12.21435	1.10119	1	0.75269	0.55772	12.56370	1.10119	1	-0.00257	-0.00931	0.68582	0.00347	1	0.06676	-0.01395	0.69938	0.00376	1	1.45898	0.81042	0	
1266782	8543.51953	3306234793661	0.71344	0.47255	8543.41895	0.10059	11805	1	0.74366	0.46173	1	0.67980	0.48037	1	0.71173	0.47105	1	0.49248	0.53639	12.04302	1.10119	1	0.75310	0.55715	12.07994	1.10119	1	-0.00257	-0.00931	0.68582	0.00356	1	0.06676	-0.01395	0.69938	0.00416	1	1.45898	0.81042	0	
1266783	8543.52637	3306234861147	0.71349	0.47209	8543.41895	0.10742	11805	1	0.74516	0.43518	1	0.68371	0.49431	1	0.71443	0.46475	1	0.49239	0.53634	12.31667	1.10119	1	0.75282	0.55729	12.38363	1.10119	1	-0.00257	-0.00931	0.68582	0.00354	1	0.06676	-0.01395	0.69938	0.00398	1	1.45898	0.81042	0	
1266784	8543.53320	3306234925041	0.71355	0.47013	8543.41895	0.11426	11805	1	0.74139	0.42687	1	0.68766	0.44668	1	0.71452	0.43677	1	0.49239	0.53617	12.02068	1.10119	1	0.75283	0.55735	12.59037	1.10119	1	-0.00257	-0.00931	0.68582	0.00359	1	0.06676	-0.01395	0.69938	0.00396	1	1.45898	0.81042	0	
1266785	8543.54004	3306234994697	0.71349	0.46882	8543.41895	0.12109	11805	1	0.74081	0.43227	1	0.68394	0.45837	1	0.71237	0.44532	1	0.49244	0.53626	12.15530	1.09318	1	0.75303	0.55739	12.15808	1.08449	1	-0.00241	-0.00885	0.65563	0.00359	1	0.06528	-0.01363	0.68341	0.00421	1	1.45898	0.81042	0	
1266786	8543.54688	3306235061762	0.71297	0.47045	8543.41895	0.12793	11805	1	0.73420	0.44980	1	0.67206	0.55303	1	0.70313	0.50142	1	0.49236	0.53627	12.31041	1.07648	1	0.75274	0.55775	12.40347	1.06780	1	-0.00241	-0.00885	0.65563	0.00355	1	0.06528	-0.01363	0.68341	0.00391	1	1.45898	0.81042	0	
1266787	8543.55371	3306235128220	0.71279	0.47334	8543.41895	0.13477	11805	1	0.74611	0.45413	1	0.67200	0.60795	1	0.70905	0.53104	1	0.49253	0.53624	11.89014	1.05978	1	0.75283	0.55809	12.36841	1.05110	1	-0.00241	-0.00885	0.65563	0.00362	1	0.06528	-0.01363	0.68341	0.00421	1	1.45898	0.81042	0	
1266788	8543.55957	3306235195195	0.71262	0.47595	8543.41895	0.14062	11805	1	0.74614	0.45386	1	0.67209	0.60772	1	0.70911	0.53079	1	0.49232	0.53616	12.00639	1.06019	1	0.75287	0.55837	12.19456	1.05151	1	-0.00259	-0.00951	0.70448	0.00356	1	0.06522	-0.01360	0.68171	0.00396	1	1.45898	0.81042	0	
1266789	8543.56641	3306235262352	0.71232	0.47805	8543.41895	0.14746	11805	1	0.73424	0.43923	1	0.67714	0.60939	1	0.70569	0.52431	1	0.49238	0.53608	11.94357	1.06861	1	0.75281	0.55829	12.47305	1.06861	1	-0.00259	-0.00951	0.70448	0.00357	1	0.06522	-0.01360	0.68171	0.00396	1	1.45898	0.81042	0	
1266790	8543.57324	3306235329886	0.71229	0.48009	8543.41895	0.15430	11805	1	0.73674	0.45188	1	0.68661	0.60224	1	0.71167	0.52706	1	0.49277	0.53622	11.73524	1.08571	1	0.75297	0.55831	12.97185	1.08571	1	-0.00259	-0.00951	0.70448	0.00368	1	0.06522	-0.01360	0.68171	0.00383	1	1.45898	0.81042	0	
1266791	8543.58008	3306235395137	0.71231	0.48177	8543.41895	0.16113	11805	1	0.73731	0.44658	1	0.68842	0.59772	1	0.71286	0.52215	1	0.49313	0.53602	12.20252	1.09373	1	0.75309	0.55829	13.34955	1.09373	1	-0.00247	-0.00928	0.68721	0.00376	1	0.06522	-0.01360	0.68171	0.00381	1	1.45898	0.81042	0	
1266792	8543.58691	3306235463474	0.71265	0.48227	8543.41895	0.16797	11805	1	0.73748	0.43569	1	0.70443	0.55374	1	0.72095	0.49471	1	0.49275	0.53627	11.84196	1.08464	1	0.75324	0.55783	13.03740	1.08464	1	-0.00247	-0.00928	0.68721	0.00354	1	0.06522	-0.01360	0.68171	0.00390	1	1.45898	0.81042	0	
1266793	8543.59375	3306235529538	0.71317	0.48551	8543.41895	0.17480	11805	1	0.75335	0.49467	1	0.70000	0.64491	1	0.72667	0.56979	1	0.49309	0.53657	12.19233	1.07556	1	0.75314	0.55871	13.09245	1.07556	1	-0.00247	-0.00928	0.68721	0.00366	1	0.06522	-0.01360	0.68171	0.00384	1	1.45898	0.81042	0	
1266794	8543.60059	3306235597427	0.71359	0.48871	8543.41895	0.18164	11805	1	0.75256	0.50037	1	0.69781	0.64972	1	0.72519	0.57505	1	0.49307	0.53657	12.10007	1.06647	1	0.75305	0.55874	13.59784	1.06647	1	-0.00247	-0.00928	0.68721	0.00362	1	0.06539	-0.01369	0.68348	0.00380	1	1.45898	0.81042	0	
1266795	8543.60645	3306235664124	0.71484	0.51782	8543.41895	0.18164	11805	0	0.76327	0.52661	1	0.69048	0.58429	1	0.72687	0.55545	1	0.49307	0.53642	12.17059	1.06647	1	0.75308	0.55874	13.55466	1.06647	1	-0.00247	-0.00928	0.68721	0.00352	1	0.06539	-0.01369	0.68348	0.00385	1	1.45898	0.81042	0	
1266796	8543.61328	3306235724341	0.71932	0.53997	8543.41895	0.18164	11805	0	0.75452	0.47734	1	0.69306	0.64691	1	0.72379	0.56213	1	0.49302	0.53623	12.27663	1.06647	1	0.75304	0.55875	13.62452	1.06647	1	-0.00247	-0.00928	0.68721	0.00362	1	0.06539	-0.01369	0.68348	0.00380	1	1.45898	0.81042	0	
1266797	8543.62012	3306235793802	0.72081	0.54736	8543.41895	0.18164	11805	0	0.75452	0.47734	1	0.69306	0.64691	1	0.72379	0.56213	1	0.49317	0.53640	12.12123	1.06647	1	0.75353	0.55884	12.74101	1.06647	1	-0.00245	-0.00914	0.68059	0.00366	1	0.06539	-0.01369	0.68348	0.00392	1	1.45898	0.81042	0	
1266798	8543.62695	3306235865774	0.72325	0.54836	8543.60645	0.02051	11806	1	0.73934	0.51233	1	0.72179	0.59039	1	0.73057	0.55136	1	0.49273	0.53630	11.75412	1.06647	1	0.75353	0.55858	12.67065	1.06647	1	-0.00245	-0.00914	0.68059	0.00347	1	0.06539	-0.01369	0.68348	0.00394	1	1.45898	0.81042	0	
1266799	8543.63379	3306235932991	0.72422	0.55039	8543.60645	0.02734	11806	1	0.76370	0.53035	1	0.69257	0.58670	1	0.72814	0.55853	1	0.49306	0.53645	11.87922	1.06647	1	0.75340	0.55836	12.75313	1.06647	1	-0.00245	-0.00914	0.68059	0.00355	1	0.06539	-0.01369	0.68348	0.00383	1	1.45898	0.81042	0	
1266800	8543.64062	3306235999425	0.72505	0.55132	8543.60645	0.03418	11806	1	0.76370	0.53035	1	0.69462	0.58158	1	0.72916	0.55597	1	0.49276	0.53617	11.12244	1.06647	1	0.75347	0.55847	12.54906	1.07515	1	-0.00247	-0.00928	0.68721	0.00352	1	0.06547	-0.01369	0.68375	0.00382	1	1.45898	0.81042	0	
1266801	8543.64648	3306236062397	0.72507	0.54601	8543.60645	0.04004	11806	1	0.74770	0.44990	1	0.70268	0.57843	1	0.72519	0.51417	1	0.49283	0.53633	11.40167	1.07515	1	0.75354	0.55860	12.71463	1.08383	1	-0.00247	-0.00928	0.68721	0.00353	1	0.06547	-0.01369	0.68375	0.00386	1	1.45898	0.81042	0	
1266802	8543.65332	3306236132884	0.72500	0.54236	8543.60645	0.04688	11806	1	0.74769	0.44523	1	0.70142	0.58840	1	0.72455	0.51682	1	0.49289	0.53642	11.43128	1.08383	1	0.75347	0.55862	12.58951	1.09251	1	-0.00247	-0.00928	0.68721	0.00358	1	0.06547	-0.01369	0.68375	0.00378	1	1.45898	0.81042	0	
1266803	8543.66016	3306236200407	0.72499	0.53920	8543.60645	0.05371	11806	1	0.74838	0.43943	1	0.70142	0.58840	1	0.72490	0.51392	1	0.49313	0.53646	12.05782	1.09251	1	0.75352	0.55851	12.09583	1.09251	1	-0.00245	-0.00914	0.68059	0.00353	1	0.06539	-0.01369	0.68348	0.00387	1	1.45898	0.81042	0	
1266804	8543.66699	3306236267809	0.72549	0.53799	8543.60645	0.06055	11806	1	0.76693	0.50449	1	0.69298	0.54958	1	0.72995	0.52704	1	0.49306	0.53643	12.14822	1.09251	1	0.75337	0.55837	12.59210	1.08383	1	-0.00245	-0.00914	0.68059	0.00349	1	0.06539	-0.01369	0.68348	0.00386	1	1.45898	0.81042	0	
1266805	8543.67383	3306236333834	0.72503	0.53539	8543.60645	0.06738	11806	1	0.75484	0.46083	1	0.68615	0.55811	1	0.72050	0.50947	1	0.49300	0.53645	11.98305	1.08383	1	0.75322	0.55843	12.58118	1.07515	1	-0.00245	-0.00914	0.68059	0.00348	1	0.06539	-0.01369	0.68348	0.00381	1	1.45898	0.81042	0	
1266806	8543.68066	3306236401081	0.72454	0.53369	8543.60645	0.07422	11806	1	0.75410	0.46650	1	0.68418	0.56342	1	0.71914	0.51496	1	0.49303	0.53640	11.89412	1.07515	1	0.75339	0.55816	12.35193	1.06647	1	-0.00245	-0.00914	0.68059	0.00354	1	0.06539	-0.01369	0.68348	0.00392	1	1.45898	0.81042	0	
1266807	8543.68750	3306236468254	0.72436	0.53384	8543.60645	0.08105	11806	1	0.74616	0.47313	1	0.69813	0.59815	1	0.72214	0.53564	1	0.49296	0.53641	11.97613	1.06647	1	0.75361	0.55878	12.71110	1.06647	1	-0.00245	-0.00914	0.68059	0.00344	1	0.06539	-0.01369	0.68348	0.00403	1	1.45898	0.81042	0	
1266808	8543.69434	3306236535273	0.72582	0.53564	8543.60645	0.08789	11806	1	0.76704	0.52992	1	0.72269	0.58825	1	0.74486	0.55908	1	0.49310	0.53645	12.10987	1.06647	1	0.75359	0.55861	12.66288	1.06647	1	-0.00245	-0.00914	0.68059	0.00351	1	0.06539	-0.01369	0.68348	0.00398	1	1.45898	0.81042	0	
1266809	8543.70117	3306236602314	0.72709	0.53721	8543.60645	0.09473	11806	1	0.76704	0.52992	1	0.72269	0.58825	1	0.74486	0.55908	1	0.49288	0.53657	11.58668	1.06647	1	0.75353	0.55897	12.52987	1.06647	1	-0.00245	-0.00914	0.68059	0.00347	1	0.06539	-0.01369	0.68348	0.00387	1	1.45898	0.81042	0	
1266810	8543.70703	3306236666884	0.72777	0.53565	8543.60645	0.10059	11806	1	0.76213	0.41916	1	0.71392	0.60538	1	0.73802	0.51227	1	0.49281	0.53584	11.00643	1.06647	1	0.75350	0.55864	12.18783	1.06647	1	-0.00245	-0.00914	0.68059	0.00383	1	0.06539	-0.01369	0.68348	0.00397	1	1.45898	0.81042	0	
1266811	8543.71387	3306236735977	0.72784	0.53229	8543.60645	0.10742	11806	1	0.74358	0.38758	1	0.71431	0.56960	1	0.72894	0.47859	1	0.49264	0.53556	10.91029	1.06647	1	0.75344	0.55847	12.18397	1.06647	1	-0.00245	-0.00914	0.68059	0.00352	1	0.06539	-0.01369	0.68348	0.00391	1	1.45898	0.81042	0	
1266812	8543.72070	3306236803351	0.72783	0.52961	8543.60645	0.11426	11806	1	0.74297	0.39344	1	0.71227	0.57446	1	0.72762	0.48395	1	0.49275	0.53624	11.30462	1.05845	1	0.75320	0.55855	12.24691	1.05845	1	-0.00241	-0.00890	0.65563	0.00360	1	0.06522	-0.01360	0.68171	0.00396	1	1.45898	0.81042	0	
1266813	8543.72754	3306236870432	0.72763	0.53051	8543.60645	0.12109	11806	1	0.75718	0.49390	1	0.69083	0.59958	1	0.72400	0.54674	1	0.49271	0.53652	11.44471	1.05044	1	0.75315	0.55868	12.28089	1.05044	1	-0.00241	-0.00890	0.65563	0.00379	1	0.06522	-0.01360	0.68171	0.00393	1	1.45898	0.81042	0	
1266814	8543.73438	3306236937496	0.72752	0.53044	8543.60645	0.12793	11806	1	0.75711	0.49750	1	0.69365	0.56095	1	0.72538	0.52923	1	0.49265	0.53650	11.45827	1.04242	1	0.75317	0.55816	12.05322	1.04242	1	-0.00241	-0.00890	0.65563	0.00359	1	0.06522	-0.01360	0.68171	0.00389	1	1.45898	0.81042	0	
1266815	8543.74121	3306237003646	0.72742	0.53039	8543.60645	0.13477	11806	1	0.75711	0.49750	1	0.69365	0.56095	1	0.72538	0.52923	1	0.49266	0.53651	11.37132	1.04242	1	0.75291	0.55836	12.00341	1.04242	1	-0.00256	-0.00931	0.68191	0.00362	1	0.06539	-0.01369	0.68348	0.00389	1	1.45898	0.81042	0	
1266816	8543.74707	3306237070594	0.72667	0.53114	8543.60645	0.14062	11806	1	0.75145	0.45104	1	0.67064	0.64291	1	0.71105	0.54697	1	0.49264	0.53626	11.35264	1.05044	1	0.75282	0.55866	12.32227	1.05044	1	-0.00256	-0.00931	0.68191	0.00357	1	0.06539	-0.01369	0.68348	0.00363	1	1.45898	0.81042	0	
1266817	8543.75391	3306237137999	0.72602	0.53172	8543.60645	0.14746	11806	1	0.75310	0.45513	1	0.67041	0.63385	1	0.71176	0.54449	1	0.49267	0.53622	11.43951	1.05845	1	0.75274	0.55855	12.37455	1.05845	1	-0.00256	-0.00931	0.68191	0.00352	1	0.06539	-0.01369	0.68348	0.00368	1	1.45898	0.81042	0	
1266818	8543.76074	3306237205015	0.72548	0.53205	8543.60645	0.15430	11806	1	0.75380	0.44973	1	0.67215	0.62946	1	0.71297	0.53959	1	0.49263	0.53655	11.52796	1.06647	1	0.75289	0.55841	12.18804	1.06647	1	-0.00256	-0.00931	0.68191	0.00340	1	0.06539	-0.01369	0.68348	0.00384	1	1.45898	0.81042	0	
1266819	8543.76758	3306237272080	0.72538	0.53275	8543.60645	0.16113	11806	1	0.75646	0.48108	1	0.68971	0.61794	1	0.72308	0.54951	1	0.49264	0.53652	11.34544	1.06647	1	0.75304	0.55889	12.11734	1.06647	1	-0.00256	-0.00931	0.68191	0.00348	1	0.06539	-0.01369	0.68348	0.00384	1	1.45898	0.81042	0	
1266820	8543.77441	3306237338951	0.72503	0.53234	8543.60645	0.16797	11806	1	0.75205	0.43920	1	0.68042	0.60521	1	0.71624	0.52220	1	0.49260	0.53653	11.45277	1.06647	1	0.75285	0.55866	12.14956	1.06647	1	-0.00256	-0.00931	0.68191	0.00345	1	0.06539	-0.01369	0.68348	0.00366	1	1.45898	0.81042	0	
1266821	8543.78125	3306237406176	0.72471	0.53197	8543.60645	0.17480	11806	1	0.75205	0.43920	1	0.68042	0.60521	1	0.71624	0.52220	1	0.49261	0.53648	11.47386	1.06647	1	0.75298	0.55868	12.27969	1.06647	1	-0.00256	-0.00931	0.68191	0.00341	1	0.06539	-0.01369	0.68348	0.00383	1	1.45898	0.81042	0	
1266822	8543.78809	3306237473014	0.72435	0.53308	8543.60645	0.18164	11806	1	0.75044	0.48366	1	0.67900	0.64266	1	0.71472	0.56316	1	0.49256	0.53653	11.39124	1.06647	1	0.75289	0.55915	12.22979	1.06647	1	-0.00256	-0.00931	0.68191	0.00338	1	0.06539	-0.01369	0.68348	0.00377	1	1.45898	0.81042	0	
1266823	8543.79492	3306237539604	0.72411	0.53283	8543.60645	0.18848	11806	1	0.74871	0.42381	1	0.68626	0.62808	1	0.71748	0.52595	1	0.49253	0.53638	11.29119	1.06647	1	0.75292	0.55884	12.43395	1.06647	1	-0.00256	-0.00931	0.68191	0.00339	1	0.06539	-0.01369	0.68348	0.00376	1	1.45898	0.81042	0	
1266824	8543.80078	3306237602472	0.72386	0.53267	8543.60645	0.19434	11806	1	0.74871	0.42381	1	0.68449	0.63229	1	0.71660	0.52805	1	0.49257	0.53617	11.19655	1.06647	1	0.75294	0.55865	11.91649	1.05881	1	-0.00256	-0.00931	0.68191	0.00348	1	0.06371	-0.01335	0.66642	0.00382	1	1.45898	0.81042	0	
1266825	8543.80762	3306237670911	0.72330	0.53225	8543.60645	0.20117	11806	1	0.74029	0.40258	1	0.67232	0.63659	1	0.70631	0.51958	1	0.49240	0.53607	11.22719	1.05881	1	0.75286	0.55903	11.91517	1.05115	1	-0.00256	-0.00931	0.68191	0.00348	1	0.06371	-0.01335	0.66642	0.00388	1	1.45898	0.81042	0	
1266826	8543.81445	3306237738726	0.72294	0.53290	8543.60645	0.20801	11806	1	0.74842	0.45618	1	0.67509	0.64980	1	0.71176	0.55299	1	0.49254	0.53632	11.20087	1.05115	1	0.75293	0.55900	12.08868	1.04349	1	-0.00256	-0.00931	0.68191	0.00357	1	0.06371	-0.01335	0.66642	0.00371	1	1.45898	0.81042	0	
1266827	8543.82129	3306237806030	0.72259	0.53359	8543.60645	0.21484	11806	1	0.74778	0.46137	1	0.67509	0.64980	1	0.71144	0.55558	1	0.49265	0.53672	11.26134	1.04349	1	0.75285	0.55874	12.03839	1.04349	1	-0.00256	-0.00931	0.68191	0.00354	1	0.06522	-0.01360	0.68171	0.00367	1	1.45898	0.81042	0	
1266828	8543.82812	3306237872968	0.72251	0.53445	8543.60645	0.22168	11806	1	0.76030	0.50016	1	0.67961	0.62544	1	0.71995	0.56280	1	0.49266	0.53672	11.36460	1.04349	1	0.75296	0.55886	11.88110	1.05115	1	-0.00256	-0.00931	0.68191	0.00353	1	0.06522	-0.01360	0.68171	0.00374	1	1.45898	0.81042	0	
1266829	8543.83398	3306237938627	0.72241	0.53533	8543.60645	0.22754	11806	1	0.76032	0.50511	1	0.67755	0.62543	1	0.71894	0.56527	1	0.49265	0.53679	11.43763	1.05115	1	0.75294	0.55879	12.05697	1.05881	1	-0.00256	-0.00931	0.68191	0.00349	1	0.06522	-0.01360	0.68171	0.00374	1	1.45898	0.81042	0	
1266830	8543.84082	3306238007387	0.72234	0.53603	8543.60645	0.23438	11806	1	0.76104	0.50028	1	0.67926	0.62117	1	0.72015	0.56072	1	0.49271	0.53690	11.13087	1.05881	1	0.75293	0.55867	11.66969	1.06647	1	-0.00247	-0.00938	0.68721	0.00343	1	0.06539	-0.01369	0.68348	0.00377	1	1.45898	0.81042	0	
1266831	8543.84766	3306238072584	0.72193	0.53625	8543.60645	0.24121	11806	1	0.74390	0.48085	1	0.66979	0.60725	1	0.70685	0.54405	1	0.49284	0.53654	10.83238	1.06647	1	0.75269	0.55881	11.91513	1.06647	1	-0.00247	-0.00938	0.68721	0.00333	1	0.06539	-0.01369	0.68348	0.00376	1	1.45898	0.81042	0	
1266832	8543.85449	3306238138831	0.72182	0.53612	8543.60645	0.24805	11806	1	0.76097	0.44735	1	0.67494	0.61511	1	0.71796	0.53123	1	0.49277	0.53674	11.07855	1.06647	1	0.75284	0.55901	11.58772	1.06647	1	-0.00247	-0.00938	0.68721	0.00329	1	0.06539	-0.01369	0.68348	0.00377	1	1.45898	0.81042	0	
1266833	8543.86133	3306238206604	0.72172	0.53599	8543.60645	0.25488	11806	1	0.76097	0.44735	1	0.67494	0.61511	1	0.71796	0.53123	1	0.49271	0.53607	10.72468	1.06647	1	0.75279	0.55893	11.72966	1.06647	1	-0.00247	-0.00938	0.68721	0.00336	1	0.06539	-0.01369	0.68348	0.00376	1	1.45898	0.81042	0	
1266834	8543.86816	3306238276526	0.72162	0.53629	8543.60645	0.26172	11806	1	0.75727	0.47495	1	0.67773	0.62125	1	0.71750	0.54810	1	0.49301	0.53696	10.78182	1.06647	1	0.75288	0.55888	11.63815	1.06647	1	-0.00247	-0.00938	0.68721	0.00337	1	0.06539	-0.01369	0.68348	0.00381	1	1.45898	0.81042	0	
1266835	8543.87500	3306238343542	0.72084	0.53817	8543.60645	0.26855	11806	1	0.75727	0.47495	0	0.68986	0.61309	1	0.68986	0.61309	1	0.49301	0.53696	10.78182	1.06647	0	0.75312	0.55885	11.47911	1.06647	1	-0.00247	-0.00938	0.68721	0.00337	1	0.06539	-0.01369	0.68348	0.00385	1	1.45898	0.81042	0	
1266836	8543.88184	3306238409230	0.72084	0.53817	8543.60645	0.27539	11806	1	0.75727	0.47495	0	0.68986	0.61309	0	0.68986	0.61309	0	0.49301	0.53696	10.78182	1.06647	0	0.75312	0.55885	11.47911	1.06647	0	-0.00247	-0.00938	0.68721	0.00337	1	0.06539	-0.01369	0.68348	0.00385	1	1.45898	0.81042	0	
1266837	8543.88867	3306238477614	0.72084	0.53817	8543.60645	0.28223	11806	1	0.75727	0.47495	0	0.68986	0.61309	0	0.68986	0.61309	0	0.49301	0.53696	10.78182	1.06647	0	0.75312	0.55885	11.47911	1.06647	0	-0.00247	-0.00938	0.68721	0.00337	1	0.06539	-0.01369	0.68348	0.00385	1	1.45898	0.81042	0	AUDIO_FILE_OFFSET
1266838	8543.89453	3306238544799	0.72084	0.53817	8543.60645	0.28809	11806	1	0.75727	0.47495	0	0.68986	0.61309	0	0.68986	0.61309	0	0.49301	0.53696	10.78182	1.06647	0	0.75312	0.55885	11.47911	1.06647	0	-0.00247	-0.00938	0.68721	0.00337	1	0.06539	-0.01369	0.68348	0.00385	1	1.45898	0.81042	0	
1266839	8543.90137	3306238611448	0.71294	0.55106	8543.60645	0.28809	11806	0	0.75727	0.47495	0	0.68986	0.61309	0	0.68986	0.61309	0	0.49301	0.53696	10.78182	1.06647	0	0.75312	0.55885	11.47911	1.06647	0	-0.00247	-0.00938	0.68721	0.00337	1	0.06539	-0.01369	0.68348	0.00385	1	1.45898	0.81042	0	
1266840	8543.90820	3306238678579	0.71294	0.55106	8543.60645	0.28809	11806	0	0.75727	0.47495	0	0.68986	0.61309	0	0.68986	0.61309	0	0.49301	0.53696	10.78182	1.06647	0	0.75312	0.55885	11.47911	1.06647	0	-0.00247	-0.00938	0.68721	0.00337	1	0.06539	-0.01369	0.68348	0.00385	1	1.45898	0.81042	0	
1266993	8544.93262	3306248924102	0.35010	0.51065	8544.69141	0.22852	11811	0	0.42835	0.58553	1	0.40828	0.57118	1	0.41832	0.57836	1	0.48275	0.54002	10.97745	1.08464	1	0.74340	0.56071	11.27596	1.08464	1	-0.00391	-0.00996	0.69501	0.00314	1	0.06327	-0.01397	0.67501	0.00305	1	1.45898	0.81042	0	START_TRIAL
1266994	8544.93945	3306248990684	0.37840	0.53154	8544.69141	0.22852	11811	0	0.45698	0.57416	1	0.41305	0.57252	1	0.43501	0.57334	1	0.48281	0.53988	10.66309	1.09373	1	0.74352	0.56075	11.04595	1.09373	1	-0.00391	-0.00996	0.69501	0.00306	1	0.06327	-0.01397	0.67501	0.00310	1	1.45898	0.81042	0	
1266995	8544.94629	3306249058761	0.42945	0.57501	8544.69141	0.22852	11811	0	0.45698	0.57416	1	0.41305	0.57252	1	0.43501	0.57334	1	0.48275	0.53962	10.56249	1.09373	1	0.74368	0.56061	10.30489	1.09373	1	-0.00382	-0.00961	0.67118	0.00308	1	0.06327	-0.01397	0.67501	0.00317	1	1.45898	0.81042	0	
1266996	8544.95312	3306249125398	0.43105	0.58299	8544.69141	0.22852	11811	0	0.44293	0.60734	1	0.42236	0.57458	1	0.43265	0.59096	1	0.48287	0.54008	10.99810	1.08464	1	0.74372	0.56076	10.29959	1.08464	1	-0.00382	-0.00961	0.67118	0.00296	1	0.06327	-0.01397	0.67501	0.00315	1	1.45898	0.81042	0	
1266997	8544.95996	3306249194381	0.43074	0.58198	8544.69141	0.22852	11811	0	0.43777	0.58015	1	0.42246	0.57981	1	0.43012	0.57998	1	0.48285	0.53988	10.83028	1.07556	1	0.74374	0.56072	10.32324	1.07556	1	-0.00382	-0.00961	0.67118	0.00302	1	0.06327	-0.01397	0.67501	0.00315	1	1.45898	0.81042	0	
1266998	8544.96680	3306249260364	0.43080	0.58277	8544.94629	0.02051	11812	1	0.43939	0.58524	1	0.42256	0.58503	1	0.43098	0.58514	1	0.48277	0.53983	10.52746	1.06647	1	0.74370	0.56087	10.40974	1.06647	1	-0.00382	-0.00961	0.67118	0.00321	1	0.06327	-0.01397	0.67501	0.00308	1	1.45898	0.81042	0	
1266999	8544.97363	3306249328970	0.43159	0.58724	8544.94629	0.02734	11812	1	0.44309	0.61640	1	0.42648	0.59381	1	0.43478	0.60511	1	0.48284	0.54013	11.10737	1.06647	1	0.74367	0.56079	10.34503	1.06647	1	-0.00382	-0.00961	0.67118	0.00299	1	0.06327	-0.01397	0.67501	0.00311	1	1.45898	0.81042	0	
1267000	8544.98047	3306249396260	0.43254	0.58516	8544.94629	0.03418	11812	1	0.45824	0.58128	1	0.41635	0.56825	1	0.43729	0.57476	1	0.48280	0.53983	10.95980	1.06647	1	0.74347	0.56072	10.79522	1.06647	1	-0.00382	-0.00961	0.67118	0.00316	1	0.06327	-0.01397	0.67501	0.00314	1	1.45898	0.81042	0	
1267001	8544.98633	3306249462077	0.43322	0.58368	8544.94629	0.04004	11812	1	0.45824	0.58128	1	0.41635	0.56825	1	0.43729	0.57476	1	0.48271	0.53989	10.95751	1.06647	1	0.74338	0.56106	11.04086	1.06647	1	-0.00382	-0.00961	0.67118	0.00303	1	0.06327	-0.01397	0.67501	0.00300	1	1.45898	0.81042	0	
1267002	8544.99316	3306249529932	0.43389	0.58199	8544.94629	0.04688	11812	1	0.45801	0.58113	1	0.41913	0.55920	1	0.43857	0.57016	1	0.48277	0.53988	11.03651	1.06647	1	0.74357	0.56060	10.27755	1.06647	1	-0.00382	-0.00961	0.67118	0.00303	1	0.06327	-0.01397	0.67501	0.00313	1	1.45898	0.81042	0	
1267003	8545.00000	3306249594794	0.43391	0.57878	8544.94629	0.05371	11812	1	0.45801	0.58113	1	0.41005	0.52513	1	0.43403	0.55313	1	0.48277	0.53988	11.03651	1.06647	1	0.74339	0.56012	10.50213	1.06647	1	-0.00382	-0.00961	0.67118	0.00303	1	0.06327	-0.01397	0.67501	0.00345	1	1.45898	0.81042	0	
1267004	8545.00684	3306249663513	0.43392	0.57621	8544.94629	0.06055	11812	1	0.45801	0.58113	1	0.41005	0.52513	1	0.43403	0.55313	1	0.48284	0.53986	10.95079	1.06647	1	0.74340	0.56105	11.02540	1.06647	1	-0.00382	-0.00961	0.67118	0.00298	1	0.06327	-0.01397	0.67501	0.00303	1	1.45898	0.81042	0	
1267005	8545.01367	3306249730686	0.43379	0.57585	8544.94629	0.06738	11812	1	0.45960	0.56134	1	0.40531	0.58302	1	0.43245	0.57218	1	0.48275	0.53958	10.74942	1.06647	1	0.74340	0.56095	10.91274	1.06647	1	-0.00382	-0.00961	0.67118	0.00313	1	0.06327	-0.01397	0.67501	0.00305	1	1.45898	0.81042	0	
1267006	8545.02051	3306249797696	0.43354	0.57771	8544.94629	0.07422	11812	1	0.45644	0.61328	1	0.40531	0.58302	1	0.43088	0.59815	1	0.48271	0.53970	10.70903	1.06647	1	0.74340	0.56095	10.91274	1.06647	1	-0.00382	-0.00961	0.67118	0.00307	1	0.06327	-0.01397	0.67501	0.00305	1	1.45898	0.81042	0	
1267007	8545.02734	3306249865228	0.43334	0.57928	8544.94629	0.08105	11812	1	0.45644	0.61328	1	0.40531	0.58302	1	0.43088	0.59815	1	0.48276	0.53941	10.62164	1.06647	1	0.74368	0.56095	11.57527	1.06647	1	-0.00382	-0.00961	0.67118	0.00324	1	0.06327	-0.01397	0.67501	0.00303	1	1.45898	0.81042	0	
1267008	8545.03320	3306249929994	0.43398	0.58276	8544.94629	0.08691	11812	1	0.46156	0.62879	1	0.42318	0.62710	1	0.44237	0.62795	1	0.48277	0.53988	11.03651	1.06647	1	0.74372	0.56100	11.59841	1.06647	1	-0.00382	-0.00961	0.67118	0.00302	1	0.06327	-0.01397	0.67501	0.00302	1	1.45898	0.81042	0	
1267009	8545.04004	3306249998707	0.43440	0.58223	8544.94629	0.09375	11812	1	0.45769	0.59262	1	0.42267	0.55701	1	0.44018	0.57482	1	0.48291	0.53944	10.61494	1.06647	1	0.74370	0.56035	11.21463	1.06647	1	-0.00382	-0.00961	0.67118	0.00299	1	0.06327	-0.01397	0.67501	0.00334	1	1.45898	0.81042	0	
1267010	8545.04688	3306250065617	0.43476	0.58176	8544.94629	0.10059	11812	1	0.45769	0.59262	1	0.42267	0.55701	1	0.44018	0.57482	1	0.48305	0.53937	10.63266	1.06647	1	0.74341	0.56085	10.80322	1.06647	1	-0.00382	-0.00951	0.67118	0.00321	1	0.06393	-0.01407	0.68212	0.00310	1	1.45898	0.81042	0	
1267011	8545.05371	3306250133033	0.43594	0.58267	8544.94629	0.10742	11812	1	0.50732	0.62054	1	0.40256	0.57389	1	0.45494	0.59721	1	0.48316	0.53976	10.76731	1.06647	1	0.74337	0.56091	10.83518	1.06647	1	-0.00382	-0.00951	0.67118	0.00298	1	0.06393	-0.01407	0.68212	0.00307	1	1.45898	0.81042	0	
1267012	8545.06055	3306250199783	0.43527	0.58475	8544.94629	0.11426	11812	1	0.50732	0.62054	0	0.42386	0.62011	1	0.42386	0.62011	1	0.48316	0.53976	10.76731	1.06647	0	0.74364	0.56022	10.18329	1.06647	1	-0.00382	-0.00951	0.67118	0.00298	1	0.06393	-0.01407	0.68212	0.00291	1	1.45898	0.81042	0	
1267013	8545.06738	3306250266458	0.43527	0.58475	8544.94629	0.12109	11812	1	0.50732	0.62054	0	0.42386	0.62011	0	0.42386	0.62011	0	0.48316	0.53976	10.76731	1.06647	0	0.74364	0.56022	10.18329	1.06647	0	-0.00382	-0.00951	0.67118	0.00298	1	0.06393	-0.01407	0.68212	0.00291	1	1.45898	0.81042	0	
1267014	8545.07422	3306250333509	0.43527	0.58475	8544.94629	0.12793	11812	1	0.50732	0.62054	0	0.42386	0.62011	0	0.42386	0.62011	0	0.48316	0.53976	10.76731	1.06647	0	0.74364	0.56022	10.18329	1.06647	0	-0.00382	-0.00951	0.67118	0.00298	1	0.06393	-0.01407	0.68212	0.00291	1	1.45898	0.81042	0	
1267015	8545.08008	3306250400704	0.43527	0.58475	8544.94629	0.13379	11812	1	0.50732	0.62054	0	0.42386	0.62011	0	0.42386	0.62011	0	0.48316	0.53976	10.76731	1.06647	0	0.74364	0.56022	10.18329	1.06647	0	-0.00382	-0.00951	0.67118	0.00298	1	0.06393	-0.01407	0.68212	0.00291	1	1.45898	0.81042	0	
1267016	8545.08691	3306250467449	0.43664	0.58455	8544.94629	0.13379	11812	0	0.50732	0.62054	0	0.42386	0.62011	0	0.42386	0.62011	0	0.48316	0.53976	10.76731	1.06647	0	0.74364	0.56022	10.18329	1.06647	0	-0.00382	-0.00951	0.67118	0.00298	1	0.06393	-0.01407	0.68212	0.00291	1	1.45898	0.81042	0	
1267017	8545.09375	3306250534575	0.43664	0.58455	8544.94629	0.13379	11812	0	0.50732	0.62054	0	0.42386	0.62011	0	0.42386	0.62011	0	0.48316	0.53976	10.76731	1.06647	0	0.74364	0.56022	10.18329	1.06647	0	-0.00382	-0.00951	0.67118	0.00298	1	0.06393	-0.01407	0.68212	0.00291	1	1.45898	0.81042	0	
1267018	8545.10059	3306250601391	0.43664	0.58455	8544.94629	0.13379	11812	0	0.50732	0.62054	0	0.42386	0.62011	0	0.42386	0.62011	0	0.48316	0.53976	10.76731	1.06647	0	0.74364	0.56022	10.18329	1.06647	0	-0.00382	-0.00951	0.67118	0.00298	1	0.06393	-0.01407	0.68212	0.00291	1	1.45898	0.81042	0	
1267019	8545.10742	3306250668437	0.00000	0.00000	8544.94629	0.13379	11812	0	0.50732	0.62054	0	0.42386	0.62011	0	0.42386	0.62011	0	0.48316	0.53976	10.76731	1.06647	0	0.74364	0.56022	10.18329	1.06647	0	-0.00382	-0.00951	0.67118	0.00298	1	0.06393	-0.01407	0.68212	0.00291	1	1.45898	0.81042	0	
1267020	8545.11426	3306250735399	0.00000	0.00000	8544.94629	0.13379	11812	0	0.50732	0.62054	0	0.42386	0.62011	0	0.42386	0.62011	0	0.48316	0.53976	10.76731	1.06647	0	0.74364	0.56022	10.18329	1.06647	0	-0.00382	-0.00951	0.67118	0.00298	1	0.06393	-0.01407	0.68212	0.00291	1	1.45898	0.81042	0	
1267021	8545.12109	3306250802204	0.00000	0.00000	8544.94629	0.13379	11812	0	0.50732	0.62054	0	0.42386	0.62011	0	0.42386	0.62011	0	0.48316	0.53976	10.76731	1.06647	0	0.74364	0.56022	10.18329	1.06647	0	-0.00382	-0.00951	0.67118	0.00298	1	0.06393	-0.01407	0.68212	0.00291	1	1.45898	0.81042	0	
1267022	8545.12695	3306250869221	0.00000	0.00000	8544.94629	0.13379	11812	0	0.50732	0.62054	0	0.42386	0.62011	0	0.42386	0.62011	0	0.48316	0.53976	10.76731	1.06647	0	0.74364	0.56022	10.18329	1.06647	0	-0.00382	-0.00951	0.67118	0.00298	1	0.06393	-0.01407	0.68212	0.00291	1	1.45898	0.81042	0	
1267023	8545.13379	3306250935904	0.00000	0.00000	8544.94629	0.13379	11812	0	0.50732	0.62054	0	0.42386	0.62011	0	0.42386	0.62011	0	0.48316	0.53976	10.76731	1.06647	0	0.74364	0.56022	10.18329	1.06647	0	-0.00382	-0.00951	0.67118	0.00298	1	0.06393	-0.01407	0.68212	0.00291	1	1.45898	0.81042	0	
1267024	8545.14062	3306251003226	0.00000	0.00000	8544.94629	0.13379	11812	0	0.50732	0.62054	0	0.42386	0.62011	0	0.42386	0.62011	0	0.48316	0.53976	10.76731	1.06647	0	0.74364	0.56022	10.18329	1.06647	0	-0.00382	-0.00951	0.67118	0.00298	1	0.06393	-0.01407	0.68212	0.00291	1	1.45898	0.81042	0	
1267025	8545.14746	3306251070620	0.00000	0.00000	8544.94629	0.13379	11812	0	0.50732	0.62054	0	0.42386	0.62011	0	0.42386	0.62011	0	0.48316	0.53976	10.76731	1.06647	0	0.74364	0.56022	10.18329	1.06647	0	-0.00382	-0.00951	0.67118	0.00298	1	0.06393	-0.01407	0.68212	0.00291	1	1.45898	0.81042	0	
1267026	8545.15430	3306251137144	0.00000	0.00000	8544.94629	0.13379	11812	0	0.50732	0.62054	0	0.42386	0.62011	0	0.42386	0.62011	0	0.48316	0.53976	10.76731	1.06647	0	0.74364	0.56022	10.18329	1.06647	0	-0.00382	-0.00951	0.67118	0.00298	1	0.06393	-0.01407	0.68212	0.00291	1	1.45898	0.81042	0	
1267027	8545.16113	3306251204098	0.00000	0.00000	8544.94629	0.13379	11812	0	0.50732	0.62054	0	0.42386	0.62011	0	0.42386	0.62011	0	0.48316	0.53976	10.76731	1.06647	0	0.74364	0.56022	10.18329	1.06647	0	-0.00382	-0.00951	0.67118	0.00298	1	0.06393	-0.01407	0.68212	0.00291	1	1.45898	0.81042	0	
1267028	8545.16797	3306251271371	0.00000	0.00000	8544.94629	0.13379	11812	0	0.50732	0.62054	0	0.42386	0.62011	0	0.42386	0.62011	0	0.48316	0.53976	10.76731	1.06647	0	0.74364	0.56022	10.18329	1.06647	0	-0.00382	-0.00951	0.67118	0.00298	1	0.06393	-0.01407	0.68212	0.00291	1	1.45898	0.81042	0	
1267029	8545.17383	3306251338189	0.00000	0.00000	8544.94629	0.13379	11812	0	0.50732	0.62054	0	0.42386	0.62011	0	0.42386	0.62011	0	0.48316	0.53976	10.76731	1.06647	0	0.74364	0.56022	10.18329	1.06647	0	-0.00382	-0.00951	0.67118	0.00298	1	0.06393	-0.01407	0.68212	0.00291	1	1.45898	0.81042	0	
1267030	8545.18066	3306251404951	0.00000	0.00000	8544.94629	0.13379	11812	0	0.50732	0.62054	0	0.42386	0.62011	0	0.42386	0.62011	0	0.48316	0.53976	10.76731	1.06647	0	0.74364	0.56022	10.18329	1.06647	0	-0.00382	-0.00951	0.67118	0.00298	1	0.06393	-0.01407	0.68212	0.00291	1	1.45898	0.81042	0	
1267031	8545.18750	3306251472434	0.00000	0.00000	8544.94629	0.13379	11812	0	0.50732	0.62054	0	0.42386	0.62011	0	0.42386	0.62011	0	0.48316	0.53976	10.76731	1.06647	0	0.74364	0.56022	10.18329	1.06647	0	-0.00382	-0.00951	0.67118	0.00298	1	0.06393	-0.01407	0.68212	0.00291	1	1.45898	0.81042	0	
1267032	8545.19434	3306251539027	0.00000	0.00000	8544.94629	0.13379	11812	0	0.50732	0.62054	0	0.42386	0.62011	0	0.42386	0.62011	0	0.48316	0.53976	10.76731	1.06647	0	0.74364	0.56022	10.18329	1.06647	0	-0.00382	-0.00951	0.67118	0.00298	1	0.06393	-0.01407	0.68212	0.00291	1	1.45898	0.81042	0	
1267033	8545.20117	3306251606077	0.00000	0.00000	8544.94629	0.13379	11812	0	0.50732	0.62054	0	0.42386	0.62011	0	0.42386	0.62011	0	0.48316	0.53976	10.76731	1.06647	0	0.74364	0.56022	10.18329	1.06647	0	-0.00382	-0.00951	0.67118	0.00298	1	0.06393	-0.01407	0.68212	0.00291	1	1.45898	0.81042	0	
1267034	8545.20801	3306251673416	0.00000	0.00000	8544.94629	0.13379	11812	0	0.50732	0.62054	0	0.42386	0.62011	0	0.42386	0.62011	0	0.48316	0.53976	10.76731	1.06647	0	0.74364	0.56022	10.18329	1.06647	0	-0.00382	-0.00951	0.67118	0.00298	1	0.06393	-0.01407	0.68212	0.00291	1	1.45898	0.81042	0	
1267035	8545.21484	3306251741510	0.00000	0.00000	8544.94629	0.13379	11812	0	0.50732	0.62054	0	0.42386	0.62011	0	0.42386	0.62011	0	0.48316	0.53976	10.76731	1.06647	0	0.74364	0.56022	10.18329	1.06647	0	-0.00382	-0.00951	0.67118	0.00298	1	0.06393	-0.01407	0.68212	0.00291	1	1.45898	0.81042	0	
1267036	8545.22168	3306251807576	0.00000	0.00000	8544.94629	0.13379	11812	0	0.50732	0.62054	0	0.42386	0.62011	0	0.42386	0.62011	0	0.48316	0.53976	10.76731	1.06647	0	0.74364	0.56022	10.18329	1.06647	0	-0.00382	-0.00951	0.67118	0.00298	1	0.06393	-0.01407	0.68212	0.00291	1	1.45898	0.81042	0	
1267037	8545.22754	3306251871715	0.00000	0.00000	8544.94629	0.13379	11812	0	0.50732	0.62054	0	0.42386	0.62011	0	0.42386	0.62011	0	0.48316	0.53976	10.76731	1.06647	0	0.74364	0.56022	10.18329	1.06647	0	-0.00382	-0.00951	0.67118	0.00298	1	0.06393	-0.01407	0.68212	0.00291	1	1.45898	0.81042	0	
1267038	8545.23438	3306251938597	0.00000	0.00000	8544.94629	0.13379	11812	0	0.50732	0.62054	0	0.42386	0.62011	0	0.42386	0.62011	0	0.48316	0.53976	10.76731	1.06647	0	0.74364	0.56022	10.18329	1.06647	0	-0.00382	-0.00951	0.67118	0.00298	1	0.06393	-0.01407	0.68212	0.00291	1	1.45898	0.81042	0	
1267039	8545.24121	3306252005077	0.00000	0.00000	8544.94629	0.13379	11812	0	0.50732	0.62054	0	0.42386	0.62011	0	0.42386	0.62011	0	0.48316	0.53976	10.76731	1.06647	0	0.74364	0.56022	10.18329	1.06647	0	-0.00382	-0.00951	0.67118	0.00298	1	0.06393	-0.01407	0.68212	0.00291	1	1.45898	0.81042	0	
1267040	8545.24805	3306252073305	0.00000	0.00000	8544.94629	0.13379	11812	0	0.50732	0.62054	0	0.42386	0.62011	0	0.42386	0.62011	0	0.48316	0.53976	10.76731	1.06647	0	0.74364	0.56022	10.18329	1.06647	0	-0.00382	-0.00951	0.67118	0.00298	1	0.06393	-0.01407	0.68212	0.00291	1	1.45898	0.81042	0	
1267041	8545.25488	3306252139472	0.30225	0.34196	8544.94629	0.13379	11812	0	0.61710	0.63422	1	0.59189	0.73360	1	0.60449	0.68391	1	0.48783	0.54056	11.51813	1.06647	1	0.74909	0.56273	12.62622	1.06647	1	-0.00382	-0.00951	0.67118	0.00300	1	0.06393	-0.01407	0.68212	0.00299	1	1.45898	0.81042	0	
1267042	8545.26074	3306252206029	0.40376	0.44720	8544.94629	0.13379	11812	0	0.62994	0.57853	1	0.58364	0.73685	1	0.60679	0.65769	1	0.48820	0.53973	10.82371	1.06647	1	0.74945	0.56280	12.48772	1.06647	1	-0.00382	-0.00951	0.67118	0.00318	1	0.06393	-0.01407	0.68212	0.00310	1	1.45898	0.81042	0	
1267043	8545.26758	3306252274631	0.60602	0.66643	8544.94629	0.13379	11812	0	0.62994	0.57853	1	0.58364	0.73685	1	0.60679	0.65769	1	0.48825	0.54008	11.16924	1.06647	1	0.74939	0.56273	12.59102	1.06647	1	-0.00318	-0.00976	0.68507	0.00318	1	0.06421	-0.01415	0.67644	0.00303	1	1.45898	0.81042	0	
1267044	8545.27441	3306252341005	0.60302	0.67343	8544.94629	0.13379	11812	0	0.61619	0.61505	1	0.58385	0.74580	1	0.60002	0.68043	1	0.48792	0.54023	11.15646	1.06647	1	0.74940	0.56275	12.82751	1.06647	1	-0.00318	-0.00976	0.68507	0.00322	1	0.06421	-0.01415	0.67644	0.00302	1	1.45898	0.81042	0	
1267045	8545.28125	3306252406944	0.60220	0.67784	8544.94629	0.13379	11812	0	0.62923	0.64010	1	0.57190	0.73324	1	0.60057	0.68667	1	0.48798	0.54067	11.82560	1.06647	1	0.74930	0.56273	12.76054	1.06647	1	-0.00318	-0.00976	0.68507	0.00295	1	0.06421	-0.01415	0.67644	0.00304	1	1.45898	0.81042	0	
1267046	8545.28809	3306252476613	0.60179	0.68005	8545.26758	0.02051	11813	1	0.62923	0.64010	1	0.57190	0.73324	1	0.60057	0.68667	1	0.48798	0.54068	11.83873	1.06647	1	0.74905	0.56256	12.20063	1.06647	1	-0.00318	-0.00986	0.68507	0.00295	1	0.06421	-0.01415	0.67644	0.00311	1	1.45898	0.81042	0	
1267047	8545.29492	3306252543855	0.60175	0.67398	8545.26758	0.02734	11813	1	0.62783	0.56111	1	0.57536	0.73830	1	0.60159	0.64970	1	0.48819	0.54013	11.22205	1.06647	1	0.74925	0.56262	12.62295	1.06647	1	-0.00318	-0.00986	0.68507	0.00317	1	0.06421	-0.01415	0.67644	0.00306	1	1.45898	0.81042	0	
1267048	8545.30176	3306252610732	0.59991	0.67731	8545.26758	0.03418	11813	1	0.61147	0.62023	1	0.56995	0.76767	1	0.59071	0.69395	1	0.48784	0.54026	11.14018	1.06647	1	0.74886	0.56305	12.96189	1.06647	1	-0.00318	-0.00986	0.68507	0.00324	1	0.06421	-0.01415	0.67644	0.00317	1	1.45898	0.81042	0	
1267049	8545.30859	3306252678045	0.59853	0.67991	8545.26758	0.04102	11813	1	0.61147	0.62023	1	0.56900	0.77082	1	0.59024	0.69552	1	0.48742	0.54092	11.44407	1.06647	1	0.74819	0.56323	12.80161	1.05881	1	-0.00329	-0.00998	0.68621	0.00286	1	0.06192	-0.01368	0.65382	0.00300	1	1.45898	0.81042	0	
1267050	8545.31543	3306252745334	0.59364	0.68037	8545.26758	0.04785	11813	1	0.60272	0.62906	1	0.51601	0.73819	1	0.55936	0.68362	1	0.48723	0.54070	11.03878	1.05881	1	0.74804	0.56271	12.15423	1.05115	1	-0.00329	-0.00998	0.68621	0.00268	1	0.06192	-0.01368	0.65382	0.00310	1	1.45898	0.81042	0	
1267051	8545.32129	3306252812088	0.59273	0.68388	8545.26758	0.05371	11813	1	0.64038	0.62536	1	0.53066	0.79844	1	0.58552	0.71190	1	0.48753	0.54090	11.22075	1.05115	1	0.74820	0.56332	12.34360	1.04349	1	-0.00329	-0.00998	0.68621	0.00276	1	0.06192	-0.01368	0.65382	0.00310	1	1.45898	0.81042	0	
1267052	8545.32812	3306252878353	0.59198	0.68724	8545.26758	0.06055	11813	1	0.64049	0.63355	1	0.52994	0.80155	1	0.58521	0.71755	1	0.48733	0.54098	11.30237	1.03548	1	0.74791	0.56354	12.08868	1.03548	1	-0.00320	-0.00956	0.65698	0.00288	1	0.06486	-0.01434	0.68546	0.00304	1	1.45898	0.81042	0	
1267053	8545.33496	3306252945737	0.58989	0.69062	8545.26758	0.06738	11813	1	0.62331	0.62337	1	0.51456	0.82539	1	0.56893	0.72438	1	0.48729	0.54054	11.04833	1.02746	1	0.74798	0.56357	12.16838	1.03512	1	-0.00320	-0.00956	0.65698	0.00289	1	0.06486	-0.01434	0.68546	0.00302	1	1.45898	0.81042	0	
1267054	8545.34180	3306253012780	0.58820	0.69133	8545.26758	0.07422	11813	1	0.62620	0.60165	1	0.51311	0.79664	1	0.56966	0.69914	1	0.48735	0.54044	11.15559	1.02710	1	0.74796	0.56372	11.97710	1.03476	1	-0.00320	-0.00956	0.65698	0.00313	1	0.06486	-0.01434	0.68546	0.00309	1	1.45898	0.81042	0	
1267055	8545.34863	3306253079811	0.58679	0.69165	8545.26758	0.08105	11813	1	0.62605	0.59737	1	0.51368	0.79364	1	0.56987	0.69550	1	0.48729	0.54051	10.63803	1.03476	1	0.74801	0.56350	12.14710	1.04242	1	-0.00329	-0.00998	0.68621	0.00301	1	0.06649	-0.01475	0.70259	0.00295	1	1.45898	0.81042	0	
1267056	8545.35547	3306253146430	0.58433	0.68649	8545.26758	0.08789	11813	1	0.58874	0.49849	1	0.51583	0.74034	1	0.55229	0.61942	1	0.48723	0.54019	10.20002	1.05044	1	0.74779	0.56319	11.67806	1.05044	1	-0.00329	-0.00998	0.68621	0.00300	1	0.06649	-0.01475	0.70259	0.00296	1	1.45898	0.81042	0	
1267057	8545.36230	3306253213889	0.58283	0.68308	8545.26758	0.09473	11813	1	0.60315	0.57190	1	0.52063	0.69866	1	0.56189	0.63528	1	0.48736	0.54064	10.94131	1.05845	1	0.74788	0.56329	12.12908	1.05845	1	-0.00329	-0.00998	0.68621	0.00294	1	0.06649	-0.01475	0.70259	0.00291	1	1.45898	0.81042	0	
1267058	8545.36816	3306253280755	0.58153	0.67983	8545.26758	0.10059	11813	1	0.60284	0.56733	1	0.52126	0.69483	1	0.56205	0.63108	1	0.48739	0.54052	10.81916	1.06647	1	0.74778	0.56320	11.68963	1.06647	1	-0.00329	-0.00998	0.68621	0.00297	1	0.06649	-0.01475	0.70259	0.00295	1	1.45898	0.81042	0	
1267059	8545.37500	3306253347915	0.58113	0.67756	8545.26758	0.10742	11813	1	0.63983	0.61292	1	0.50956	0.66963	1	0.57469	0.64127	1	0.48752	0.54079	10.87349	1.06647	1	0.74781	0.56306	11.41745	1.06647	1	-0.00329	-0.00998	0.68621	0.00298	1	0.06649	-0.01475	0.70259	0.00310	1	1.45898	0.81042	0	
1267060	8545.38184	3306253414491	0.58015	0.67755	8545.26758	0.11426	11813	1	0.61261	0.67309	1	0.51429	0.68156	1	0.56345	0.67732	1	0.48749	0.54135	11.17668	1.06647	1	0.74789	0.56311	11.71350	1.06647	1	-0.00329	-0.00998	0.68621	0.00301	1	0.06649	-0.01475	0.70259	0.00308	1	1.45898	0.81042	0	
1267061	8545.38867	3306253481729	0.57925	0.67763	8545.26758	0.12109	11813	1	0.61261	0.67309	1	0.51373	0.68531	1	0.56317	0.67920	1	0.48740	0.54149	11.28448	1.06647	1	0.74796	0.56299	11.73266	1.05881	1	-0.00329	-0.01004	0.68621	0.00290	1	0.06223	-0.01380	0.65710	0.00311	1	1.45898	0.81042	0	
1267062	8545.39551	3306253548702	0.57796	0.67690	8545.26758	0.12793	11813	1	0.58768	0.65906	1	0.51912	0.66681	1	0.55340	0.66293	1	0.48741	0.54135	11.29281	1.05881	1	0.74798	0.56302	11.60780	1.05115	1	-0.00329	-0.01004	0.68621	0.00295	1	0.06223	-0.01380	0.65710	0.00308	1	1.45898	0.81042	0	
1267063	8545.40234	3306253616433	0.57767	0.67707	8545.26758	0.13477	11813	1	0.60128	0.67422	1	0.54238	0.68673	1	0.57183	0.68047	1	0.48769	0.54136	10.98706	1.05115	1	0.74837	0.56304	12.31325	1.04349	1	-0.00329	-0.01004	0.68621	0.00296	1	0.06223	-0.01380	0.65710	0.00306	1	1.45898	0.81042	0	
1267064	8545.40918	3306253683012	0.57738	0.67757	8545.26758	0.14160	11813	1	0.60192	0.68170	1	0.54080	0.69451	1	0.57136	0.68811	1	0.48756	0.54132	10.98696	1.03548	1	0.74821	0.56331	12.56912	1.02782	1	-0.00308	-0.00955	0.65278	0.00294	1	0.06223	-0.01380	0.65710	0.00293	1	1.45898	0.81042	0	
1267065	8545.41504	3306253750247	0.57711	0.67889	8545.26758	0.14746	11813	1	0.60130	0.67386	1	0.54080	0.74178	1	0.57105	0.70782	1	0.48755	0.54103	10.98934	1.01980	1	0.74837	0.56351	12.64770	1.01980	1	-0.00308	-0.00955	0.65278	0.00294	1	0.06223	-0.01380	0.65710	0.00308	1	1.45898	0.81042	0	
1267066	8545.42188	3306253816395	0.57673	0.68093	8545.26758	0.15430	11813	1	0.59623	0.71040	1	0.53999	0.74542	1	0.56811	0.72791	1	0.48748	0.54147	11.31643	1.01178	1	0.74837	0.56351	12.64770	1.01178	1	-0.00308	-0.00955	0.65278	0.00300	1	0.06223	-0.01380	0.65710	0.00308	1	1.45898	0.81042	0	
1267067	8545.42871	3306253883932	0.57641	0.68281	8545.26758	0.16113	11813	1	0.59661	0.71409	1	0.54083	0.74165	1	0.56872	0.72787	1	0.48748	0.54147	11.31643	1.00377	1	0.74867	0.56360	13.09371	1.02011	1	-0.00308	-0.00955	0.65278	0.00300	1	0.06707	-0.01490	0.70703	0.00296	1	1.45898	0.81042	0	
1267068	8545.43555	3306253947269	0.57612	0.68410	8545.26758	0.16797	11813	1	0.59912	0.69245	1	0.53836	0.74057	1	0.56874	0.71651	1	0.48749	0.54145	11.28588	1.02011	1	0.74876	0.56357	12.80807	1.03645	1	-0.00308	-0.00955	0.65278	0.00302	1	0.06707	-0.01490	0.70703	0.00291	1	1.45898	0.81042	0	
1267069	8545.44238	3306254017701	0.57609	0.68432	8545.26758	0.17480	11813	1	0.60908	0.63556	1	0.54163	0.74456	1	0.57536	0.69006	1	0.48779	0.54132	11.68671	1.03645	1	0.74882	0.56361	12.70163	1.05279	1	-0.00308	-0.00955	0.65278	0.00298	1	0.06707	-0.01490	0.70703	0.00290	1	1.45898	0.81042	0	
1267070	8545.44922	3306254084853	0.57607	0.68418	8545.26758	0.18164	11813	1	0.60824	0.62286	1	0.54319	0.73771	1	0.57571	0.68028	1	0.48792	0.54091	10.82762	1.06080	1	0.74869	0.56351	12.18527	1.06846	1	-0.00304	-0.00995	0.67674	0.00307	1	0.06421	-0.01426	0.67644	0.00289	1	1.45898	0.81042	0	
1267071	8545.45605	3306254151440	0.57600	0.68364	8545.26758	0.18848	11813	1	0.62300	0.62177	1	0.52464	0.71535	1	0.57382	0.66856	1	0.48798	0.54108	10.58839	1.07648	1	0.74890	0.56348	12.05277	1.06780	1	-0.00304	-0.00995	0.67674	0.00309	1	0.06421	-0.01426	0.67644	0.00302	1	1.45898	0.81042	0	
1267072	8545.46191	3306254218503	0.57626	0.68231	8545.26758	0.19434	11813	1	0.64464	0.59754	1	0.52292	0.69020	1	0.58378	0.64387	1	0.48823	0.54137	10.86024	1.07581	1	0.74872	0.56317	11.60057	1.06713	1	-0.00304	-0.00995	0.67674	0.00304	1	0.06421	-0.01426	0.67644	0.00292	1	1.45898	0.81042	0	
1267073	8545.46875	3306254285646	0.57649	0.68115	8545.26758	0.20117	11813	1	0.64464	0.59790	1	0.52225	0.69421	1	0.58344	0.64605	1	0.48830	0.54127	11.19026	1.07515	1	0.74889	0.56325	11.95033	1.05881	1	-0.00304	-0.00995	0.67674	0.00292	1	0.06204	-0.01386	0.65310	0.00294	1	1.45898	0.81042	0	
1267074	8545.47559	3306254352164	0.57628	0.68073	8545.26758	0.20801	11813	1	0.59625	0.61160	1	0.54332	0.72381	1	0.56979	0.66770	1	0.48841	0.54089	10.82795	1.05881	1	0.74916	0.56350	11.94516	1.05115	1	-0.00304	-0.00995	0.67674	0.00317	1	0.06204	-0.01386	0.65310	0.00294	1	1.45898	0.81042	0	
1267075	8545.48242	3306254419321	0.57605	0.68037	8545.26758	0.21484	11813	1	0.59288	0.61942	1	0.54453	0.71832	1	0.56871	0.66887	1	0.48835	0.54063	10.80329	1.05115	1	0.74915	0.56334	12.64619	1.04349	1	-0.00304	-0.00995	0.67674	0.00309	1	0.06204	-0.01386	0.65310	0.00288	1	1.45898	0.81042	0	
1267076	8545.48926	3306254486275	0.57582	0.68026	8545.26758	0.22168	11813	1	0.59364	0.62772	1	0.54291	0.72563	1	0.56828	0.67667	1	0.48826	0.54090	11.09249	1.03548	1	0.74911	0.56364	12.66647	1.02782	1	-0.00295	-0.00975	0.66645	0.00306	1	0.06204	-0.01386	0.65310	0.00292	1	1.45898	0.81042	0	
1267077	8545.49609	3306254552593	0.57530	0.68056	8545.26758	0.22852	11813	1	0.59326	0.63846	1	0.52160	0.74346	1	0.55743	0.69096	1	0.48829	0.54078	11.31614	1.01980	1	0.74893	0.56373	12.70305	1.01980	1	-0.00295	-0.00975	0.66645	0.00295	1	0.06204	-0.01386	0.65310	0.00295	1	1.45898	0.81042	0	
1267078	8545.50293	3306254620639	0.57475	0.68099	8545.26758	0.23535	11813	1	0.58242	0.63862	1	0.52926	0.75345	1	0.55584	0.69604	1	0.48810	0.54099	11.18893	1.01178	1	0.74893	0.56373	12.74265	1.01178	1	-0.00295	-0.00975	0.66645	0.00309	1	0.06204	-0.01386	0.65310	0.00294	1	1.45898	0.81042	0	
1267079	8545.50879	3306254687328	0.57425	0.68135	8545.26758	0.24121	11813	1	0.58242	0.63862	1	0.52996	0.75004	1	0.55619	0.69433	1	0.48841	0.54085	10.73859	1.01178	1	0.74906	0.56385	13.00397	1.01944	1	-0.00291	-0.00978	0.66838	0.00298	1	0.06380	-0.01419	0.67107	0.00291	1	1.45898	0.81042	0	
1267080	8545.51562	3306254754246	0.57406	0.68109	8545.26758	0.24805	11813	1	0.61049	0.60916	1	0.52355	0.73320	1	0.56702	0.67118	1	0.48864	0.54082	10.37029	1.02746	1	0.74923	0.56368	12.80739	1.03512	1	-0.00291	-0.00978	0.66838	0.00299	1	0.06380	-0.01419	0.67107	0.00283	1	1.45898	0.81042	0	
1267081	8545.52246	3306254822475	0.57370	0.68111	8545.26758	0.25488	11813	1	0.58573	0.62585	1	0.53425	0.73809	1	0.55999	0.68197	1	0.48864	0.54082	10.37029	1.04313	1	0.74950	0.56361	12.05089	1.05079	1	-0.00291	-0.00978	0.66838	0.00298	1	0.06380	-0.01419	0.67107	0.00286	1	1.45898	0.81042	0	
1267082	8545.52930	3306254888080	0.57336	0.68098	8545.26758	0.26172	11813	1	0.58487	0.61757	1	0.53499	0.73453	1	0.55993	0.67605	1	0.48899	0.54103	11.24256	1.05881	1	0.74999	0.56392	12.00322	1.05881	1	-0.00284	-0.00988	0.67553	0.00268	1	0.06371	-0.01419	0.66849	0.00300	1	1.45898	0.81042	0	
1267083	8545.53613	3306254954923	0.57322	0.68119	8545.26758	0.26855	11813	1	0.59017	0.63986	1	0.54489	0.73886	1	0.56753	0.68936	1	0.48901	0.54095	11.37425	1.05881	1	0.74999	0.56372	11.88894	1.05115	1	-0.00284	-0.00988	0.67553	0.00293	1	0.06371	-0.01419	0.66849	0.00283	1	1.45898	0.81042	0	
1267084	8545.54297	3306255021512	0.57300	0.68181	8545.26758	0.27539	11813	1	0.59081	0.66884	1	0.53773	0.74554	1	0.56427	0.70719	1	0.48900	0.54133	11.53433	1.05115	1	0.74998	0.56376	12.02316	1.04349	1	-0.00284	-0.00988	0.67553	0.00275	1	0.06371	-0.01419	0.66849	0.00281	1	1.45898	0.81042	0	
1267085	8545.54980	3306255089608	0.57280	0.68248	8545.26758	0.28223	11813	1	0.59120	0.67254	1	0.53699	0.74891	1	0.56409	0.71072	1	0.48885	0.54143	11.48424	1.04349	1	0.74991	0.56389	11.97895	1.03583	1	-0.00284	-0.00988	0.67553	0.00279	1	0.06371	-0.01419	0.66849	0.00294	1	1.45898	0.81042	0	
1267086	8545.55566	3306255156652	0.57237	0.68325	8545.26758	0.28809	11813	1	0.58866	0.66992	1	0.51987	0.76314	1	0.55426	0.71653	1	0.48901	0.54113	11.02072	1.03583	1	0.74957	0.56391	11.90619	1.03583	1	-0.00284	-0.00988	0.67553	0.00293	1	0.06371	-0.01419	0.66849	0.00305	1	1.45898	0.81042	0	
1267087	8545.56250	3306255222098	0.57242	0.68359	8545.26758	0.29492	11813	1	0.62914	0.64665	1	0.51985	0.75010	1	0.57449	0.69837	1	0.48924	0.54130	10.74532	1.03583	1	0.74964	0.56390	12.42761	1.03583	1	-0.00284	-0.00988	0.67553	0.00295	1	0.06371	-0.01419	0.66849	0.00286	1	1.45898	0.81042	0	
1267088	8545.56934	3306255288488	0.57246	0.68399	8545.26758	0.30176	11813	1	0.62927	0.65074	1	0.51920	0.75361	1	0.57424	0.70217	1	0.48942	0.54133	10.16399	1.02782	1	0.74975	0.56385	12.12305	1.02782	1	-0.00276	-0.00975	0.67021	0.00306	1	0.06371	-0.01419	0.66849	0.00286	1	1.45898	0.81042	0	
1267089	8545.57617	3306255357147	0.57246	0.68478	8545.26758	0.30859	11813	1	0.61357	0.66445	1	0.53129	0.77744	1	0.57243	0.72094	1	0.48913	0.54126	10.75484	1.01980	1	0.74983	0.56394	12.51722	1.01980	1	-0.00276	-0.00975	0.67021	0.00294	1	0.06371	-0.01419	0.66849	0.00293	1	1.45898	0.81042	0	
1267090	8545.58301	3306255424020	0.57264	0.68525	8545.26758	0.31543	11813	1	0.59116	0.65509	1	0.57133	0.75978	1	0.58124	0.70744	1	0.48906	0.54115	10.90611	1.01178	1	0.75004	0.56375	12.07112	1.01178	1	-0.00276	-0.00975	0.67021	0.00301	1	0.06371	-0.01419	0.66849	0.00279	1	1.45898	0.81042	0	
1267091	8545.58984	3306255489051	0.57213	0.68610	8545.26758	0.32227	11813	1	0.59116	0.65509	1	0.57133	0.75978	1	0.58124	0.70744	1	0.48906	0.54146	10.86672	1.01178	1	0.74971	0.56408	12.54111	1.01178	1	-0.00284	-0.00988	0.67553	0.00292	1	0.06371	-0.01419	0.66849	0.00289	1	1.45898	0.81042	0	
1267092	8545.59668	3306255558259	0.57151	0.68726	8545.26758	0.32910	11813	1	0.61479	0.67343	1	0.52574	0.79830	1	0.57027	0.73587	1	0.48904	0.54148	11.09042	1.01980	1	0.74935	0.56417	12.54682	1.01980	1	-0.00284	-0.00988	0.67553	0.00290	1	0.06371	-0.01419	0.66849	0.00295	1	1.45898	0.81042	0	
1267093	8545.60254	3306255625364	0.57041	0.68869	8545.26758	0.33496	11813	1	0.59945	0.68984	1	0.49631	0.82092	1	0.54788	0.75538	1	0.48876	0.54160	11.40827	1.02782	1	0.74892	0.56457	12.00851	1.02782	1	-0.00284	-0.00988	0.67553	0.00293	1	0.06371	-0.01419	0.66849	0.00315	1	1.45898	0.81042	0	
1267094	8545.60938	3306255692030	0.56666	0.71695	8545.26758	0.33496	11813	0	0.59911	0.68605	1	0.49678	0.81794	1	0.54794	0.75200	1	0.48894	0.54120	10.45766	1.03583	1	0.74951	0.56381	11.19845	1.03583	1	-0.00284	-0.00988	0.67553	0.00304	1	0.06371	-0.01419	0.66849	0.00303	1	1.45898	0.81042	0	
1267095	8545.61621	3306255758898	0.57358	0.72850	8545.26758	0.33496	11813	0	0.61673	0.66225	1	0.54429	0.81784	1	0.58051	0.74005	1	0.48872	0.54136	10.65885	1.03583	1	0.74967	0.56446	11.84489	1.03583	1	-0.00284	-0.00988	0.67553	0.00304	1	0.06371	-0.01419	0.66849	0.00298	1	1.45898	0.81042	0	
1267096	8545.62305	3306255823181	0.57225	0.72799	8545.26758	0.33496	11813	0	0.59987	0.69316	1	0.53931	0.76075	1	0.56959	0.72696	1	0.48875	0.54125	10.72131	1.03583	1	0.74946	0.56384	11.26257	1.03583	1	-0.00284	-0.00988	0.67553	0.00306	1	0.06371	-0.01419	0.66849	0.00306	1	1.45898	0.81042	0	
1267097	8545.62988	3306255892641	0.57168	0.72732	8545.60938	0.02051	11814	1	0.59987	0.69316	1	0.54007	0.75747	1	0.56997	0.72532	1	0.48841	0.54179	11.06426	1.03583	1	0.74957	0.56380	11.09370	1.04349	1	-0.00284	-0.00988	0.67553	0.00286	1	0.06551	-0.01460	0.68796	0.00297	1	1.45898	0.81042	0	
1267098	8545.63574	3306255957091	0.57336	0.72018	8545.60938	0.02637	11814	1	0.61771	0.63787	1	0.54239	0.74537	1	0.58005	0.69162	1	0.48873	0.54115	10.46658	1.04349	1	0.74961	0.56372	10.94776	1.05115	1	-0.00284	-0.00988	0.67553	0.00305	1	0.06551	-0.01460	0.68796	0.00301	1	1.45898	0.81042	0	
1267099	8545.64258	3306256022164	0.57512	0.71885	8545.60938	0.03320	11814	1	0.62946	0.67557	1	0.53839	0.74881	1	0.58393	0.71219	1	0.48883	0.54163	10.99002	1.05115	1	0.74955	0.56386	11.40369	1.05881	1	-0.00284	-0.00988	0.67553	0.00278	1	0.06551	-0.01460	0.68796	0.00294	1	1.45898	0.81042	0	
1267100	8545.65039	3306256094730	0.57648	0.71713	8545.60938	0.04102	11814	1	0.62934	0.67193	1	0.53995	0.74178	1	0.58465	0.70685	1	0.48907	0.54178	11.11585	1.05881	1	0.74967	0.56399	11.79428	1.07515	1	-0.00284	-0.00993	0.67553	0.00287	1	0.06663	-0.01486	0.70024	0.00291	1	1.45898	0.81042	0	
1267101	8545.65625	3306256160865	0.57664	0.71415	8545.60938	0.04688	11814	1	0.62119	0.65258	1	0.53432	0.73402	1	0.57775	0.69330	1	0.48878	0.54166	10.70837	1.07515	1	0.74948	0.56380	11.48518	1.08383	1	-0.00284	-0.00993	0.67553	0.00281	1	0.06663	-0.01486	0.70024	0.00295	1	1.45898	0.81042	0	
1267102	8545.66309	3306256228848	0.57898	0.71315	8545.60938	0.05371	11814	1	0.62426	0.64187	1	0.57108	0.76834	1	0.59767	0.70511	1	0.48876	0.54188	11.36415	1.08383	1	0.74963	0.56402	11.91205	1.09251	1	-0.00284	-0.00993	0.67553	0.00275	1	0.06663	-0.01486	0.70024	0.00288	1	1.45898	0.81042	0	
1267103	8545.66992	3306256291634	0.58085	0.71232	8545.60938	0.06055	11814	1	0.62425	0.64154	1	0.57116	0.76808	1	0.59771	0.70481	1	0.48872	0.54181	10.48228	1.08449	1	0.74962	0.56410	12.24693	1.09318	1	-0.00285	-0.00969	0.66575	0.00280	1	0.06663	-0.01486	0.70024	0.00280	1	1.45898	0.81042	0	
1267104	8545.67676	3306256360600	0.58208	0.71317	8545.60938	0.06738	11814	1	0.62072	0.68458	1	0.56809	0.75876	1	0.59441	0.72167	1	0.48877	0.54178	10.44122	1.08516	1	0.74946	0.56413	12.23282	1.08516	1	-0.00285	-0.00969	0.66575	0.00282	1	0.06663	-0.01486	0.70024	0.00279	1	1.45898	0.81042	0	
1267105	8545.68262	3306256425185	0.58255	0.71302	8545.60938	0.07324	11814	1	0.61966	0.64203	1	0.55576	0.78081	1	0.58771	0.71142	1	0.48871	0.54165	10.36814	1.07714	1	0.74951	0.56409	11.80863	1.07714	1	-0.00285	-0.00969	0.66575	0.00288	1	0.06663	-0.01486	0.70024	0.00283	1	1.45898	0.81042	0	
1267106	8545.69043	3306256496115	0.58285	0.71342	8545.60938	0.08105	11814	1	0.61985	0.64600	1	0.55308	0.79040	1	0.58647	0.71820	1	0.48861	0.54142	10.33323	1.06913	1	0.74915	0.56358	11.70541	1.05279	1	-0.00291	-0.00956	0.65674	0.00308	1	0.06204	-0.01381	0.65310	0.00296	1	1.45898	0.81042	0	
1267107	8545.69629	3306256562764	0.58091	0.71280	8545.60938	0.08691	11814	1	0.58782	0.62793	1	0.52361	0.78168	1	0.55571	0.70480	1	0.48829	0.54104	9.74163	1.05279	1	0.74892	0.56304	11.11064	1.03645	1	-0.00291	-0.00956	0.65674	0.00278	1	0.06204	-0.01381	0.65310	0.00319	1	1.45898	0.81042	0	
1267108	8545.70312	3306256629823	0.58271	0.71536	8545.60938	0.09375	11814	1	0.63280	0.66022	1	0.58284	0.84210	1	0.60782	0.75116	1	0.48820	0.54054	9.24594	1.03645	1	0.74915	0.56278	11.48927	1.02011	1	-0.00291	-0.00956	0.65674	0.00259	1	0.06204	-0.01381	0.65310	0.00272	1	1.45898	0.81042	0	
1267109	8545.70996	3306256696716	0.58272	0.72328	8545.60938	0.10059	11814	1	0.63280	0.66022	0	0.58284	0.84210	1	0.58284	0.84210	1	0.48820	0.54054	9.24594	1.02011	0	0.74721	0.55970	10.55602	1.02011	1	-0.00291	-0.00956	0.65674	0.00259	1	0.06622	-0.01423	0.70035	0.00386	1	1.45898	0.81042	0	
1267110	8545.71680	3306256764056	0.58272	0.72328	8545.60938	0.10742	11814	1	0.63280	0.66022	0	0.58284	0.84210	0	0.58284	0.84210	0	0.48820	0.54054	9.24594	1.02011	0	0.74721	0.55970	10.55602	1.03645	0	-0.00291	-0.00956	0.65674	0.00259	1	0.06622	-0.01423	0.70035	0.00386	1	1.45898	0.81042	0	
1267111	8545.72363	3306256831737	0.58272	0.72328	8545.60938	0.11426	11814	1	0.63280	0.66022	0	0.58284	0.84210	0	0.58284	0.84210	0	0.48820	0.54054	9.24594	1.03645	0	0.74721	0.55970	10.55602	1.05279	0	-0.00291	-0.00956	0.65674	0.00259	1	0.06622	-0.01423	0.70035	0.00386	1	1.45898	0.81042	0	
1267112	8545.73047	3306256897790	0.58272	0.72328	8545.60938	0.12109	11814	1	0.63280	0.66022	0	0.58284	0.84210	0	0.58284	0.84210	0	0.48820	0.54054	9.24594	1.05279	0	0.74721	0.55970	10.55602	1.06913	0	-0.00291	-0.00956	0.65674	0.00259	1	0.06622	-0.01423	0.70035	0.00386	1	1.45898	0.81042	0	
1267113	8545.73730	3306256964706	0.58639	0.72194	8545.60938	0.12109	11814	0	0.63280	0.66022	0	0.58284	0.84210	0	0.58284	0.84210	0	0.48820	0.54054	9.24594	1.06913	0	0.74721	0.55970	10.55602	1.06913	0	-0.00291	-0.00956	0.65674	0.00259	1	0.06622	-0.01423	0.70035	0.00386	1	1.45898	0.81042	0	
1267114	8545.74414	3306257031678	0.58639	0.72194	8545.60938	0.12109	11814	0	0.63280	0.66022	0	0.58284	0.84210	0	0.58284	0.84210	0	0.48820	0.54054	9.24594	1.06913	0	0.74721	0.55970	10.55602	1.06913	0	-0.00291	-0.00956	0.65674	0.00259	1	0.06622	-0.01423	0.70035	0.00386	1	1.45898	0.81042	0	
1267115	8545.75000	3306257098631	0.58639	0.72194	8545.60938	0.12109	11814	0	0.63280	0.66022	0	0.58284	0.84210	0	0.58284	0.84210	0	0.48820	0.54054	9.24594	1.06913	0	0.74721	0.55970	10.55602	1.06913	0	-0.00291	-0.00956	0.65674	0.00259	1	0.06622	-0.01423	0.70035	0.00386	1	1.45898	0.81042	0	
1267116	8545.75684	3306257165957	0.00000	0.00000	8545.60938	0.12109	11814	0	0.63280	0.66022	0	0.58284	0.84210	0	0.58284	0.84210	0	0.48820	0.54054	9.24594	1.06913	0	0.74721	0.55970	10.55602	1.06913	0	-0.00291	-0.00956	0.65674	0.00259	1	0.06622	-0.01423	0.70035	0.00386	1	1.45898	0.81042	0	
1267117	8545.76367	3306257232505	0.22634	0.23570	8545.60938	0.12109	11814	0	0.63280	0.66022	0	0.45268	0.47139	1	0.45268	0.47139	1	0.48820	0.54054	9.24594	1.06913	0	0.74527	0.55648	11.25160	1.06913	1	-0.00291	-0.00956	0.65674	0.00259	1	0.06622	-0.01423	0.70035	0.00361	1	1.45898	0.81042	0	
1267118	8545.77051	3306257299705	0.22634	0.23570	8545.60938	0.12109	11814	0	0.63280	0.66022	0	0.45268	0.47139	0	0.45268	0.47139	0	0.48820	0.54054	9.24594	1.06913	0	0.74527	0.55648	11.25160	1.06913	0	-0.00291	-0.00956	0.65674	0.00259	1	0.06622	-0.01423	0.70035	0.00361	1	1.45898	0.81042	0	
1267119	8545.77734	3306257367309	0.45268	0.47139	8545.60938	0.12109	11814	0	0.63280	0.66022	0	0.45268	0.47139	0	0.45268	0.47139	0	0.48820	0.54054	9.24594	1.06913	0	0.74527	0.55648	11.25160	1.06913	0	-0.00291	-0.00956	0.65674	0.00259	1	0.06622	-0.01423	0.70035	0.00361	1	1.45898	0.81042	0	
1267120	8545.78418	3306257434454	0.45268	0.47139	8545.60938	0.12109	11814	0	0.63280	0.66022	0	0.45268	0.47139	0	0.45268	0.47139	0	0.48820	0.54054	9.24594	1.06913	0	0.74527	0.55648	11.25160	1.06913	0	-0.00291	-0.00956	0.65674	0.00259	1	0.06622	-0.01423	0.70035	0.00361	1	1.45898	0.81042	0	
1267121	8545.79102	3306257500451	0.45268	0.47139	8545.60938	0.12109	11814	0	0.63280	0.66022	0	0.45268	0.47139	0	0.45268	0.47139	0	0.48820	0.54054	9.24594	1.06913	0	0.74527	0.55648	11.25160	1.06913	0	-0.00291	-0.00956	0.65674	0.00259	1	0.06622	-0.01423	0.70035	0.00361	1	1.45898	0.81042	0	
1267122	8545.79688	3306257565568	0.00000	0.00000	8545.60938	0.12109	11814	0	0.63280	0.66022	0	0.45268	0.47139	0	0.45268	0.47139	0	0.48820	0.54054	9.24594	1.06913	0	0.74527	0.55648	11.25160	1.06913	0	-0.00291	-0.00956	0.65674	0.00259	1	0.06622	-0.01423	0.70035	0.00361	1	1.45898	0.81042	0	
1267123	8545.80371	3306257634662	0.00000	0.00000	8545.60938	0.12109	11814	0	0.63280	0.66022	0	0.45268	0.47139	0	0.45268	0.47139	0	0.48820	0.54054	9.24594	1.06913	0	0.74527	0.55648	11.25160	1.06913	0	-0.00291	-0.00956	0.65674	0.00259	1	0.06622	-0.01423	0.70035	0.00361	1	1.45898	0.81042	0	
1267124	8545.81055	3306257701200	0.00000	0.00000	8545.60938	0.12109	11814	0	0.63280	0.66022	0	0.45268	0.47139	0	0.45268	0.47139	0	0.48820	0.54054	9.24594	1.06913	0	0.74527	0.55648	11.25160	1.06913	0	-0.00291	-0.00956	0.65674	0.00259	1	0.06622	-0.01423	0.70035	0.00361	1	1.45898	0.81042	0	
1267125	8545.81738	3306257766852	0.00000	0.00000	8545.60938	0.12109	11814	0	0.63280	0.66022	0	0.45268	0.47139	0	0.45268	0.47139	0	0.48820	0.54054	9.24594	1.06913	0	0.74527	0.55648	11.25160	1.06913	0	-0.00291	-0.00956	0.65674	0.00259	1	0.06622	-0.01423	0.70035	0.00361	1	1.45898	0.81042	0	
1267126	8545.82422	3306257836264	0.00000	0.00000	8545.60938	0.12109	11814	0	0.63280	0.66022	0	0.45268	0.47139	0	0.45268	0.47139	0	0.48820	0.54054	9.24594	1.06913	0	0.74527	0.55648	11.25160	1.06913	0	-0.00291	-0.00956	0.65674	0.00259	1	0.06622	-0.01423	0.70035	0.00361	1	1.45898	0.81042	0	
1267127	8545.83105	3306257902690	0.27119	0.28163	8545.60938	0.12109	11814	0	0.63236	0.64399	1	0.45241	0.48253	1	0.54239	0.56326	1	0.48423	0.53301	10.24317	1.06913	1	0.74520	0.55647	10.90539	1.05279	1	-0.00348	-0.00872	0.65334	0.00209	1	0.06166	-0.01297	0.65522	0.00369	1	1.45898	0.81042	0	
1267128	8545.83789	3306257969471	0.49791	0.45285	8545.60938	0.12109	11814	0	0.45884	0.21201	1	0.44802	0.47288	1	0.45343	0.34244	1	0.48420	0.53298	10.06522	1.05279	1	0.74522	0.55636	10.74324	1.03645	1	-0.00348	-0.00872	0.65334	0.00214	1	0.06166	-0.01297	0.65522	0.00372	1	1.45898	0.81042	0	
1267129	8545.84375	3306258033727	0.47103	0.40061	8545.60938	0.12109	11814	0	0.45973	0.24004	1	0.42858	0.45671	1	0.44416	0.34837	1	0.48412	0.53305	10.20146	1.03645	1	0.74525	0.55599	10.87702	1.02011	1	-0.00348	-0.00872	0.65334	0.00210	1	0.06166	-0.01297	0.65522	0.00344	1	1.45898	0.81042	0	
1267130	8545.85059	3306258103775	0.46204	0.38101	8545.60938	0.12109	11814	0	0.45961	0.23934	1	0.42849	0.44428	1	0.44405	0.34181	1	0.48395	0.53562	10.22549	1.03721	1	0.74527	0.55575	10.79026	1.03721	1	-0.00389	-0.00948	0.70990	0.00368	1	0.06682	-0.01406	0.71004	0.00358	1	1.45898	0.81042	0	
1267131	8545.85742	3306258166605	0.46021	0.39020	8545.83789	0.01953	11815	1	0.48539	0.44068	1	0.42405	0.39483	1	0.45472	0.41775	1	0.48406	0.53521	10.13366	1.05431	1	0.74522	0.55609	10.94476	1.07065	1	-0.00389	-0.00948	0.70990	0.00370	1	0.06682	-0.01406	0.71004	0.00372	1	1.45898	0.81042	0	
1267132	8545.86426	3306258237331	0.45403	0.38776	8545.83789	0.02637	11815	1	0.48539	0.44068	0	0.42930	0.37799	1	0.42930	0.37799	1	0.48406	0.53521	10.13366	1.08775	0	0.74521	0.55597	11.00269	1.10409	1	-0.00389	-0.00948	0.70990	0.00370	1	0.06682	-0.01406	0.71004	0.00353	1	1.45898	0.81042	0	
1267133	8545.87109	3306258302556	0.44988	0.38199	8545.83789	0.03320	11815	1	0.48539	0.44068	0	0.42916	0.35316	1	0.42916	0.35316	1	0.48406	0.53521	10.13366	1.12119	0	0.74521	0.55572	10.91786	1.13753	1	-0.00389	-0.00948	0.70990	0.00370	1	0.06682	-0.01406	0.71004	0.00356	1	1.45898	0.81042	0	
1267134	8545.87793	3306258372278	0.44988	0.38199	8545.83789	0.04004	11815	1	0.48539	0.44068	0	0.42916	0.35316	0	0.42916	0.35316	0	0.48406	0.53521	10.13366	1.13753	0	0.74521	0.55572	10.91786	1.13753	0	-0.00389	-0.00948	0.70990	0.00370	1	0.06682	-0.01406	0.71004	0.00356	1	1.45898	0.81042	0	
1267135	8545.88477	3306258438601	0.44988	0.38199	8545.83789	0.04688	11815	1	0.48539	0.44068	0	0.42916	0.35316	0	0.42916	0.35316	0	0.48406	0.53521	10.13366	1.13753	0	0.74521	0.55572	10.91786	1.13753	0	-0.00389	-0.00948	0.70990	0.00370	1	0.06682	-0.01406	0.71004	0.00356	1	1.45898	0.81042	0	
1267136	8545.89062	3306258504847	0.44988	0.38199	8545.83789	0.05273	11815	1	0.48539	0.44068	0	0.42916	0.35316	0	0.42916	0.35316	0	0.48406	0.53521	10.13366	1.13753	0	0.74521	0.55572	10.91786	1.13753	0	-0.00389	-0.00948	0.70990	0.00370	1	0.06682	-0.01406	0.71004	0.00356	1	1.45898	0.81042	0	
1267137	8545.89746	3306258571939	0.44028	0.36782	8545.83789	0.05273	11815	0	0.48539	0.44068	0	0.42916	0.35316	0	0.42916	0.35316	0	0.48406	0.53521	10.13366	1.13753	0	0.74521	0.55572	10.91786	1.13753	0	-0.00389	-0.00948	0.70990	0.00370	1	0.06682	-0.01406	0.71004	0.00356	1	1.45898	0.81042	0	
1267138	8545.90430	3306258639380	0.44028	0.36782	8545.83789	0.05273	11815	0	0.48539	0.44068	0	0.42916	0.35316	0	0.42916	0.35316	0	0.48406	0.53521	10.13366	1.13753	0	0.74521	0.55572	10.91786	1.13753	0	-0.00389	-0.00948	0.70990	0.00370	1	0.06682	-0.01406	0.71004	0.00356	1	1.45898	0.81042	0	
1267139	8545.91113	3306258706318	0.44028	0.36782	8545.83789	0.05273	11815	0	0.48539	0.44068	0	0.42916	0.35316	0	0.42916	0.35316	0	0.48406	0.53521	10.13366	1.13753	0	0.74521	0.55572	10.91786	1.13753	0	-0.00389	-0.00948	0.70990	0.00370	1	0.06682	-0.01406	0.71004	0.00356	1	1.45898	0.81042	0	
1267140	8545.91797	3306258773405	0.00000	0.00000	8545.83789	0.05273	11815	0	0.48539	0.44068	0	0.42916	0.35316	0	0.42916	0.35316	0	0.48406	0.53521	10.13366	1.13753	0	0.74521	0.55572	10.91786	1.13753	0	-0.00389	-0.00948	0.70990	0.00370	1	0.06682	-0.01406	0.71004	0.00356	1	1.45898	0.81042	0	
1267141	8545.92480	3306258840328	0.00000	0.00000	8545.83789	0.05273	11815	0	0.48539	0.44068	0	0.42916	0.35316	0	0.42916	0.35316	0	0.48406	0.53521	10.13366	1.13753	0	0.74521	0.55572	10.91786	1.13753	0	-0.00389	-0.00948	0.70990	0.00370	1	0.06682	-0.01406	0.71004	0.00356	1	1.45898	0.81042	0	
1267142	8545.93066	3306258905197	0.00000	0.00000	8545.83789	0.05273	11815	0	0.48539	0.44068	0	0.42916	0.35316	0	0.42916	0.35316	0	0.48406	0.53521	10.13366	1.13753	0	0.74521	0.55572	10.91786	1.13753	0	-0.00389	-0.00948	0.70990	0.00370	1	0.06682	-0.01406	0.71004	0.00356	1	1.45898	0.81042	0	
1267143	8545.93750	3306258974266	0.44330	0.30161	8545.83789	0.05273	11815	0	0.46008	0.18552	1	0.42652	0.41771	1	0.44330	0.30161	1	0.48391	0.53320	10.53628	1.13753	1	0.74522	0.55644	11.20143	1.13753	1	-0.00389	-0.00948	0.70990	0.00203	1	0.06682	-0.01406	0.71004	0.00365	1	1.45898	0.81042	0	
1267144	8545.94434	3306259043029	0.43645	0.29350	8545.83789	0.05273	11815	0	0.44987	0.17296	1	0.40935	0.39780	1	0.42961	0.28538	1	0.48382	0.53283	10.41033	1.13753	1	0.74496	0.55633	11.02469	1.13753	1	-0.00389	-0.00948	0.70990	0.00213	1	0.06682	-0.01406	0.71004	0.00392	1	1.45898	0.81042	0	
1267145	8545.95117	3306259108539	0.43420	0.29181	8545.83789	0.05273	11815	0	0.44987	0.17296	1	0.40953	0.40390	1	0.42970	0.28843	1	0.48414	0.53302	10.07795	1.13753	1	0.74529	0.55654	10.68714	1.12885	1	-0.00389	-0.00948	0.70990	0.00212	1	0.06369	-0.01337	0.67516	0.00352	1	1.45898	0.81042	0	
1267146	8545.95801	3306259173435	0.43668	0.28813	8545.93750	0.02051	11816	1	0.45626	0.11902	1	0.43194	0.43514	1	0.44410	0.27708	1	0.48401	0.53282	10.33535	1.12885	1	0.74528	0.55669	10.61387	1.12017	1	-0.00389	-0.00948	0.70990	0.00206	1	0.06369	-0.01337	0.67516	0.00366	1	1.45898	0.81042	0	
1267147	8545.96484	3306259242149	0.43657	0.29363	8545.93750	0.02734	11816	1	0.44034	0.19022	1	0.43196	0.44106	1	0.43615	0.31564	1	0.48409	0.53300	10.08232	1.12017	1	0.74528	0.55669	10.61387	1.11149	1	-0.00389	-0.00948	0.70990	0.00210	1	0.06369	-0.01337	0.67516	0.00367	1	1.45898	0.81042	0	
1267148	8545.97168	3306259308645	0.43685	0.30067	8545.93750	0.03418	11816	1	0.44451	0.21314	1	0.43201	0.45863	1	0.43826	0.33588	1	0.48411	0.53289	10.37075	1.09439	1	0.74552	0.55631	10.27697	1.08571	1	-0.00348	-0.00877	0.65334	0.00207	1	0.06369	-0.01337	0.67516	0.00347	1	1.45898	0.81042	0	
1267149	8545.97852	3306259376206	0.43781	0.30564	8545.93750	0.04102	11816	1	0.46397	0.18620	1	0.42313	0.48476	1	0.44355	0.33548	1	0.48410	0.53288	10.31107	1.06861	1	0.74524	0.55681	10.86804	1.06861	1	-0.00348	-0.00877	0.65334	0.00207	1	0.06369	-0.01337	0.67516	0.00357	1	1.45898	0.81042	0	
1267150	8545.98438	3306259443072	0.43878	0.30738	8545.93750	0.04688	11816	1	0.45689	0.21069	1	0.43420	0.42834	1	0.44555	0.31951	1	0.48417	0.53299	10.04777	1.05151	1	0.74539	0.55659	10.93665	1.05151	1	-0.00348	-0.00877	0.65334	0.00209	1	0.06369	-0.01337	0.67516	0.00339	1	1.45898	0.81042	0	
1267151	8545.99121	3306259510160	0.43961	0.30956	8545.93750	0.05371	11816	1	0.45834	0.21911	1	0.43420	0.43499	1	0.44627	0.32705	1	0.48429	0.53293	10.07636	1.04242	1	0.74584	0.55624	11.03555	1.04242	1	-0.00359	-0.00912	0.68344	0.00210	1	0.06369	-0.01337	0.67516	0.00343	1	1.45898	0.81042	0	
1267152	8545.99805	3306259577055	0.44288	0.31112	8545.93750	0.06055	11816	1	0.47843	0.19152	1	0.46629	0.45880	1	0.47236	0.32516	1	0.48448	0.53293	10.32576	1.05044	1	0.74580	0.55630	10.88758	1.05044	1	-0.00359	-0.00912	0.68344	0.00217	1	0.06369	-0.01337	0.67516	0.00345	1	1.45898	0.81042	0	
1267153	8546.00488	3306259643551	0.44422	0.31407	8545.93750	0.06738	11816	1	0.46973	0.23542	1	0.44537	0.45174	1	0.45755	0.34358	1	0.48430	0.53292	10.20537	1.05845	1	0.74557	0.55639	11.25794	1.05845	1	-0.00359	-0.00912	0.68344	0.00205	1	0.06369	-0.01337	0.67516	0.00344	1	1.45898	0.81042	0	
1267154	8546.01172	3306259711278	0.44528	0.31600	8545.93750	0.07422	11816	1	0.46855	0.22823	1	0.44545	0.44608	1	0.45700	0.33716	1	0.48426	0.53295	10.21771	1.06647	1	0.74591	0.55630	11.31312	1.06647	1	-0.00359	-0.00912	0.68344	0.00201	1	0.06369	-0.01337	0.67516	0.00336	1	1.45898	0.81042	0	
1267155	8546.01855	3306259778648	0.44725	0.31558	8545.93750	0.08105	11816	1	0.46699	0.17088	1	0.47471	0.45020	1	0.47085	0.31054	1	0.48435	0.53281	10.36412	1.06647	1	0.74599	0.55635	11.20493	1.06647	1	-0.00359	-0.00912	0.68344	0.00215	1	0.06369	-0.01337	0.67516	0.00347	1	1.45898	0.81042	0	
1267156	8546.02441	3306259841991	0.44840	0.31722	8545.93750	0.08691	11816	1	0.47711	0.25102	1	0.44965	0.42619	1	0.46338	0.33861	1	0.48447	0.53297	10.40951	1.06647	1	0.74600	0.55626	11.14057	1.06647	1	-0.00359	-0.00912	0.68344	0.00201	1	0.06369	-0.01337	0.67516	0.00341	1	1.45898	0.81042	0	
1267157	8546.03125	3306259909553	0.44940	0.31865	8545.93750	0.09375	11816	1	0.47711	0.25102	1	0.44965	0.42619	1	0.46338	0.33861	1	0.48456	0.53288	10.47188	1.06647	1	0.74614	0.55625	10.75251	1.06647	1	-0.00353	-0.00902	0.67175	0.00209	1	0.06369	-0.01337	0.67516	0.00376	1	1.45898	0.81042	0	
1267158	8546.03809	3306259978065	0.45135	0.31943	8545.93750	0.10059	11816	1	0.48338	0.19595	1	0.47771	0.46624	1	0.48054	0.33109	1	0.48458	0.53292	10.39510	1.06647	1	0.74604	0.55663	11.33033	1.06647	1	-0.00353	-0.00902	0.67175	0.00209	1	0.06369	-0.01337	0.67516	0.00350	1	1.45898	0.81042	0	
1267159	8546.04492	3306260043394	0.45201	0.32194	8545.93750	0.10742	11816	1	0.47372	0.18796	1	0.45141	0.53651	1	0.46257	0.36224	1	0.48443	0.53300	10.35637	1.06647	1	0.74603	0.55695	11.14168	1.06647	1	-0.00353	-0.00902	0.67175	0.00217	1	0.06369	-0.01337	0.67516	0.00354	1	1.45898	0.81042	0	
1267160	8546.05176	3306260110194	0.45260	0.32403	8545.93750	0.11426	11816	1	0.47372	0.18796	1	0.45155	0.53111	1	0.46263	0.35954	1	0.48438	0.53312	10.13635	1.06647	1	0.74590	0.55678	11.14201	1.07515	1	-0.00359	-0.00912	0.68344	0.00217	1	0.06582	-0.01381	0.69723	0.00350	1	1.45898	0.81042	0	
1267161	8546.05859	3306260178088	0.45364	0.32981	8545.93750	0.12109	11816	1	0.50442	0.36923	1	0.44033	0.49851	1	0.47237	0.43387	1	0.48484	0.53530	10.50499	1.07515	1	0.74584	0.55690	11.49170	1.08383	1	-0.00359	-0.00912	0.68344	0.00333	1	0.06582	-0.01381	0.69723	0.00347	1	1.45898	0.81042	0	
1267162	8546.06445	3306260242984	0.45292	0.33000	8545.93750	0.12695	11816	1	0.46487	0.19223	1	0.41383	0.47485	1	0.43935	0.33354	1	0.48436	0.53311	10.18085	1.08383	1	0.74586	0.55680	11.21586	1.09251	1	-0.00359	-0.00912	0.68344	0.00218	1	0.06582	-0.01381	0.69723	0.00350	1	1.45898	0.81042	0	
1267163	8546.07129	3306260308975	0.45221	0.32950	8545.93750	0.13379	11816	1	0.46224	0.17596	1	0.41350	0.46310	1	0.43787	0.31953	1	0.48451	0.53301	10.15837	1.10160	1	0.74570	0.55672	10.95940	1.11028	1	-0.00363	-0.00942	0.70189	0.00211	1	0.06582	-0.01381	0.69723	0.00395	1	1.45898	0.81042	0	
1267164	8546.07812	3306260377570	0.45159	0.32814	8545.93750	0.14062	11816	1	0.47231	0.13701	1	0.40488	0.46204	1	0.43860	0.29952	1	0.48456	0.53288	10.47188	1.11936	1	0.74573	0.55678	11.13453	1.11936	1	-0.00363	-0.00942	0.70189	0.00210	1	0.06582	-0.01381	0.69723	0.00373	1	1.45898	0.81042	0	
1267165	8546.08496	3306260445963	0.45094	0.32684	8545.93750	0.14746	11816	1	0.47107	0.12851	1	0.40212	0.46787	1	0.43660	0.29819	1	0.48456	0.53288	10.47188	1.12845	1	0.74566	0.55706	11.37902	1.12845	1	-0.00363	-0.00942	0.70189	0.00210	1	0.06582	-0.01381	0.69723	0.00373	1	1.45898	0.81042	0	
1267166	8546.09180	3306260515942	0.45031	0.32546	8545.93750	0.15430	11816	1	0.46982	0.12000	1	0.40211	0.46761	1	0.43597	0.29381	1	0.48456	0.53281	10.59410	1.13753	1	0.74621	0.55671	10.20913	1.12885	1	-0.00363	-0.00942	0.70189	0.00208	1	0.06649	-0.01391	0.70259	0.00368	1	1.45898	0.81042	0	
1267167	8546.09863	3306260582364	0.45036	0.32511	8545.93750	0.16113	11816	1	0.47535	0.17766	1	0.42789	0.45552	1	0.45162	0.31659	1	0.48454	0.53288	10.45462	1.12885	1	0.74606	0.55693	10.65306	1.12017	1	-0.00363	-0.00942	0.70189	0.00208	1	0.06649	-0.01391	0.70259	0.00361	1	1.45898	0.81042	0	
1267168	8546.10547	3306260649002	0.45013	0.32464	8545.93750	0.16797	11816	1	0.48149	0.15318	1	0.40704	0.47266	1	0.44427	0.31292	1	0.48463	0.53302	10.50327	1.12017	1	0.74583	0.55697	11.25947	1.11149	1	-0.00363	-0.00942	0.70189	0.00215	1	0.06649	-0.01391	0.70259	0.00361	1	1.45898	0.81042	0	
1267169	8546.11230	3306260715867	0.44854	0.33033	8545.93750	0.17480	11816	1	0.48149	0.15318	0	0.40725	0.47832	1	0.40725	0.47832	1	0.48463	0.53302	10.50327	1.11149	0	0.74614	0.55643	10.93871	1.10281	1	-0.00363	-0.00942	0.70189	0.00215	1	0.06424	-0.01346	0.68000	0.00330	1	1.45898	0.81042	0	
1267170	8546.11914	3306260782492	0.44854	0.33033	8545.93750	0.18164	11816	1	0.48149	0.15318	0	0.40725	0.47832	0	0.40725	0.47832	0	0.48463	0.53302	10.50327	1.10281	0	0.74614	0.55643	10.93871	1.10281	0	-0.00363	-0.00942	0.70189	0.00215	1	0.06424	-0.01346	0.68000	0.00330	1	1.45898	0.81042	0	
1267171	8546.12500	3306260849676	0.44854	0.33033	8545.93750	0.18750	11816	1	0.48149	0.15318	0	0.40725	0.47832	0	0.40725	0.47832	0	0.48463	0.53302	10.50327	1.10281	0	0.74614	0.55643	10.93871	1.10281	0	-0.00363	-0.00942	0.70189	0.00215	1	0.06424	-0.01346	0.68000	0.00330	1	1.45898	0.81042	0	
1267172	8546.13184	3306260917262	0.44854	0.33033	8545.93750	0.19434	11816	1	0.48149	0.15318	0	0.40725	0.47832	0	0.40725	0.47832	0	0.48463	0.53302	10.50327	1.10281	0	0.74614	0.55643	10.93871	1.10281	0	-0.00363	-0.00942	0.70189	0.00215	1	0.06424	-0.01346	0.68000	0.00330	1	1.45898	0.81042	0	
1267173	8546.13867	3306260984522	0.44747	0.34493	8545.93750	0.19434	11816	0	0.48149	0.15318	0	0.40725	0.47832	0	0.40725	0.47832	0	0.48463	0.53302	10.50327	1.10281	0	0.74614	0.55643	10.93871	1.10281	0	-0.00363	-0.00942	0.70189	0.00215	1	0.06424	-0.01346	0.68000	0.00330	1	1.45898	0.81042	0	
1267174	8546.14551	3306261051504	0.44747	0.34493	8545.93750	0.19434	11816	0	0.48149	0.15318	0	0.40725	0.47832	0	0.40725	0.47832	0	0.48463	0.53302	10.50327	1.10281	0	0.74614	0.55643	10.93871	1.10281	0	-0.00363	-0.00942	0.70189	0.00215	1	0.06424	-0.01346	0.68000	0.00330	1	1.45898	0.81042	0	
1267175	8546.15234	3306261117587	0.44747	0.34493	8545.93750	0.19434	11816	0	0.48149	0.15318	0	0.40725	0.47832	0	0.40725	0.47832	0	0.48463	0.53302	10.50327	1.10281	0	0.74614	0.55643	10.93871	1.10281	0	-0.00363	-0.00942	0.70189	0.00215	1	0.06424	-0.01346	0.68000	0.00330	1	1.45898	0.81042	0	
1267176	8546.15918	3306261184623	0.00000	0.00000	8545.93750	0.19434	11816	0	0.48149	0.15318	0	0.40725	0.47832	0	0.40725	0.47832	0	0.48463	0.53302	10.50327	1.10281	0	0.74614	0.55643	10.93871	1.10281	0	-0.00363	-0.00942	0.70189	0.00215	1	0.06424	-0.01346	0.68000	0.00330	1	1.45898	0.81042	0	
1267177	8546.16602	3306261251659	0.00000	0.00000	8545.93750	0.19434	11816	0	0.48149	0.15318	0	0.40725	0.47832	0	0.40725	0.47832	0	0.48463	0.53302	10.50327	1.10281	0	0.74614	0.55643	10.93871	1.10281	0	-0.00363	-0.00942	0.70189	0.00215	1	0.06424	-0.01346	0.68000	0.00330	1	1.45898	0.81042	0	
1267178	8546.17188	3306261318741	0.00000	0.00000	8545.93750	0.19434	11816	0	0.48149	0.15318	0	0.40725	0.47832	0	0.40725	0.47832	0	0.48463	0.53302	10.50327	1.10281	0	0.74614	0.55643	10.93871	1.10281	0	-0.00363	-0.00942	0.70189	0.00215	1	0.06424	-0.01346	0.68000	0.00330	1	1.45898	0.81042	0	
1267179	8546.17871	3306261384792	0.21940	0.37037	8545.93750	0.19434	11816	0	0.21358	0.28714	1	0.22521	0.45359	1	0.21940	0.37037	1	0.47724	0.53510	9.58700	1.10281	1	0.73892	0.55819	10.80930	1.10281	1	-0.00363	-0.00942	0.70189	0.00208	1	0.06424	-0.01346	0.68000	0.00400	1	1.45898	0.81042	0	
1267180	8546.18555	3306261451528	0.22720	0.37161	8545.93750	0.19434	11816	0	0.22996	0.27848	1	0.24004	0.46724	1	0.23500	0.37286	1	0.47738	0.53501	9.26494	1.10281	1	0.73921	0.55842	10.78766	1.10281	1	-0.00363	-0.00942	0.70189	0.00213	1	0.06424	-0.01346	0.68000	0.00371	1	1.45898	0.81042	0	
1267181	8546.19238	3306261520795	0.23056	0.37428	8545.93750	0.19434	11816	0	0.23294	0.28606	1	0.24160	0.47315	1	0.23727	0.37961	1	0.47741	0.53497	9.26993	1.09373	1	0.73977	0.55872	11.14003	1.09373	1	-0.00411	-0.00919	0.66925	0.00211	1	0.06349	-0.01370	0.68173	0.00354	1	1.45898	0.81042	0	
1267182	8546.19922	3306261590708	0.23482	0.38060	8546.17871	0.02051	11817	1	0.21638	0.29409	1	0.27884	0.50507	1	0.24761	0.39958	1	0.47733	0.53503	9.28700	1.08464	1	0.73978	0.55875	11.37218	1.08464	1	-0.00411	-0.00919	0.66925	0.00209	1	0.06349	-0.01370	0.68173	0.00355	1	1.45898	0.81042	0	
1267183	8546.20605	3306261651172	0.23304	0.38358	8546.17871	0.02734	11817	1	0.19025	0.28114	1	0.26162	0.50989	1	0.22593	0.39551	1	0.47752	0.53491	9.42672	1.07556	1	0.73945	0.55866	11.29092	1.07556	1	-0.00411	-0.00919	0.66925	0.00215	1	0.06349	-0.01370	0.68173	0.00371	1	1.45898	0.81042	0	
1267184	8546.21289	3306261720735	0.23225	0.38670	8546.17871	0.03418	11817	1	0.19359	0.28892	1	0.26304	0.51561	1	0.22831	0.40226	1	0.47759	0.53488	9.45688	1.06647	1	0.73969	0.55873	11.35323	1.06647	1	-0.00411	-0.00919	0.66925	0.00210	1	0.06291	-0.01363	0.67556	0.00360	1	1.45898	0.81042	0	
1267185	8546.21973	3306261787794	0.23171	0.38876	8546.17871	0.04102	11817	1	0.19881	0.30271	1	0.25806	0.49958	1	0.22843	0.40114	1	0.47758	0.53486	9.52788	1.06647	1	0.73972	0.55855	11.00797	1.06647	1	-0.00411	-0.00919	0.66925	0.00207	1	0.06291	-0.01363	0.67556	0.00361	1	1.45898	0.81042	0	
1267186	8546.22559	3306261854080	0.23176	0.39078	8546.17871	0.04688	11817	1	0.21293	0.29784	1	0.25139	0.51192	1	0.23216	0.40488	1	0.47766	0.53485	9.43910	1.06647	1	0.73970	0.55860	10.77415	1.06647	1	-0.00411	-0.00919	0.66925	0.00205	1	0.06291	-0.01363	0.67556	0.00365	1	1.45898	0.81042	0	
1267187	8546.23242	3306261921423	0.23181	0.39234	8546.17871	0.05371	11817	1	0.21293	0.29784	1	0.25139	0.51192	1	0.23216	0.40488	1	0.47760	0.53493	9.50186	1.06647	1	0.73947	0.55869	11.60095	1.06647	1	-0.00411	-0.00914	0.66925	0.00215	1	0.06349	-0.01370	0.68173	0.00376	1	1.45898	0.81042	0	
1267188	8546.23926	3306261983482	0.23184	0.39296	8546.17871	0.06055	11817	1	0.21213	0.29738	1	0.25208	0.49971	1	0.23210	0.39854	1	0.47768	0.53484	9.56627	1.06647	1	0.73971	0.55849	11.35758	1.06647	1	-0.00411	-0.00914	0.66925	0.00206	1	0.06349	-0.01370	0.68173	0.00369	1	1.45898	0.81042	0	
1267189	8546.24609	3306262051954	0.23203	0.39318	8546.17871	0.06738	11817	1	0.20530	0.30387	1	0.26261	0.48680	1	0.23395	0.39534	1	0.47754	0.53491	9.42944	1.06647	1	0.73980	0.55834	11.41619	1.06647	1	-0.00411	-0.00914	0.66925	0.00211	1	0.06349	-0.01370	0.68173	0.00368	1	1.45898	0.81042	0	
1267190	8546.25293	3306262122430	0.23224	0.39357	8546.17871	0.07422	11817	1	0.20530	0.30387	1	0.26381	0.49183	1	0.23455	0.39785	1	0.47762	0.53484	9.52801	1.06647	1	0.73977	0.55818	11.18913	1.05881	1	-0.00411	-0.00914	0.66925	0.00203	1	0.06226	-0.01348	0.66802	0.00374	1	1.45898	0.81042	0	
1267191	8546.25977	3306262189601	0.23271	0.39332	8546.17871	0.08105	11817	1	0.21627	0.29948	1	0.26042	0.48113	1	0.23834	0.39031	1	0.47776	0.53486	9.30359	1.05881	1	0.73978	0.55818	11.27832	1.05115	1	-0.00411	-0.00914	0.66925	0.00225	1	0.06226	-0.01348	0.66802	0.00372	1	1.45898	0.81042	0	
1267192	8546.26562	3306262256137	0.23309	0.39402	8546.17871	0.08691	11817	1	0.20712	0.30781	1	0.26880	0.49838	1	0.23796	0.40309	1	0.47758	0.53484	9.43613	1.05115	1	0.73982	0.55837	11.42809	1.04349	1	-0.00411	-0.00914	0.66925	0.00224	1	0.06226	-0.01348	0.66802	0.00353	1	1.45898	0.81042	0	
1267193	8546.27246	3306262321129	0.23350	0.39484	8546.17871	0.09375	11817	1	0.20991	0.31431	1	0.26880	0.49838	1	0.23935	0.40634	1	0.47762	0.53493	9.44994	1.04349	1	0.73967	0.55843	11.65307	1.04349	1	-0.00411	-0.00914	0.66925	0.00219	1	0.06295	-0.01361	0.67483	0.00357	1	1.45898	0.81042	0	
1267194	8546.27930	3306262390224	0.23418	0.39636	8546.17871	0.10059	11817	1	0.22972	0.32376	1	0.25904	0.51466	1	0.24438	0.41921	1	0.47777	0.53485	9.24551	1.04349	1	0.73969	0.55843	11.65098	1.05115	1	-0.00411	-0.00914	0.66925	0.00228	1	0.06295	-0.01361	0.67483	0.00357	1	1.45898	0.81042	0	
1267195	8546.28613	3306262457783	0.23427	0.39706	8546.17871	0.10742	11817	1	0.21045	0.30700	1	0.26088	0.50934	1	0.23566	0.40817	1	0.47762	0.53493	9.44994	1.05115	1	0.73966	0.55846	11.61973	1.05881	1	-0.00411	-0.00914	0.66925	0.00219	1	0.06295	-0.01361	0.67483	0.00356	1	1.45898	0.81042	0	
1267196	8546.29297	3306262524437	0.23427	0.39749	8546.17871	0.11426	11817	1	0.20769	0.30049	1	0.26088	0.50934	1	0.23429	0.40492	1	0.47770	0.53493	9.58395	1.05881	1	0.73977	0.55880	11.75342	1.05881	1	-0.00411	-0.00919	0.66925	0.00228	1	0.06226	-0.01348	0.66802	0.00351	1	1.45898	0.81042	0	
1267197	8546.29980	3306262591239	0.23423	0.39853	8546.17871	0.12109	11817	1	0.20781	0.32693	1	0.25934	0.50746	1	0.23358	0.41719	1	0.47763	0.53493	9.27876	1.05881	1	0.73973	0.55837	11.61128	1.05115	1	-0.00411	-0.00919	0.66925	0.00211	1	0.06226	-0.01348	0.66802	0.00368	1	1.45898	0.81042	0	
1267198	8546.30566	3306262655659	0.23422	0.40017	8546.17871	0.12695	11817	1	0.20866	0.33327	1	0.25933	0.52928	1	0.23400	0.43128	1	0.47761	0.53503	9.42239	1.05115	1	0.73978	0.55859	11.80943	1.04349	1	-0.00411	-0.00919	0.66925	0.00213	1	0.06226	-0.01348	0.66802	0.00359	1	1.45898	0.81042	0	
1267199	8546.31348	3306262725334	0.23431	0.40191	8546.17871	0.13477	11817	1	0.21145	0.33958	1	0.26059	0.53412	1	0.23602	0.43685	1	0.47764	0.53510	9.73569	1.04349	1	0.74000	0.55829	11.30977	1.03583	1	-0.00411	-0.00919	0.66925	0.00218	1	0.06226	-0.01348	0.66802	0.00361	1	1.45898	0.81042	0	
1267200	8546.31934	3306262792436	0.23495	0.40308	8546.17871	0.14062	11817	1	0.23316	0.33205	1	0.26372	0.52322	1	0.24844	0.42763	1	0.47742	0.53503	9.38133	1.03583	1	0.73977	0.55844	11.53978	1.03583	1	-0.00411	-0.00919	0.66925	0.00225	1	0.06226	-0.01348	0.66802	0.00361	1	1.45898	0.81042	0	
1267201	8546.32617	3306262859143	0.23554	0.40463	8546.17871	0.14746	11817	1	0.25007	0.33751	1	0.24679	0.53973	1	0.24843	0.43862	1	0.47741	0.53502	9.36591	1.03583	1	0.73950	0.55860	11.68567	1.03583	1	-0.00411	-0.00919	0.66925	0.00225	1	0.06226	-0.01348	0.66802	0.00367	1	1.45898	0.81042	0	
1267202	8546.33301	3306262926130	0.23613	0.40619	8546.17871	0.15430	11817	1	0.25276	0.34416	1	0.24685	0.53995	1	0.24981	0.44205	1	0.47731	0.53513	9.36279	1.02782	1	0.73957	0.55876	11.50848	1.03548	1	-0.00414	-0.00912	0.66481	0.00218	1	0.06291	-0.01363	0.67556	0.00357	1	1.45898	0.81042	0	
1267203	8546.33984	3306262992026	0.23721	0.40703	8546.17871	0.16113	11817	1	0.24759	0.35043	1	0.27856	0.50388	1	0.26307	0.42716	1	0.47733	0.53510	9.32814	1.02746	1	0.73962	0.55834	11.32674	1.03512	1	-0.00414	-0.00912	0.66481	0.00218	1	0.06291	-0.01363	0.67556	0.00364	1	1.45898	0.81042	0	
1267204	8546.34668	3306263061104	0.23828	0.40788	8546.17871	0.16797	11817	1	0.24535	0.34976	1	0.28462	0.50866	1	0.26499	0.42921	1	0.47720	0.53509	9.37241	1.02710	1	0.73977	0.55843	11.24299	1.03476	1	-0.00414	-0.00912	0.66481	0.00225	1	0.06291	-0.01363	0.67556	0.00365	1	1.45898	0.81042	0	
1267205	8546.35352	3306263127231	0.23927	0.40868	8546.17871	0.17480	11817	1	0.24548	0.35006	1	0.28467	0.50889	1	0.26508	0.42947	1	0.47730	0.53500	9.39119	1.02674	1	0.73941	0.55843	11.66778	1.03440	1	-0.00423	-0.00911	0.66409	0.00231	1	0.06291	-0.01363	0.67556	0.00381	1	1.45898	0.81042	0	
1267206	8546.36035	3306263193935	0.23996	0.40989	8546.17871	0.18164	11817	1	0.25055	0.33869	1	0.26680	0.54622	1	0.25867	0.44246	1	0.47741	0.53502	9.36591	1.03440	1	0.73954	0.55865	12.07519	1.03440	1	-0.00423	-0.00911	0.66409	0.00225	1	0.06291	-0.01363	0.67556	0.00365	1	1.45898	0.81042	0	
1267207	8546.36621	3306263260785	0.24042	0.41113	8546.17871	0.18750	11817	1	0.24524	0.34321	1	0.26144	0.54857	1	0.25334	0.44589	1	0.47731	0.53513	9.36279	1.03440	1	0.73937	0.55875	11.63608	1.03440	1	-0.00423	-0.00911	0.66409	0.00218	1	0.06291	-0.01363	0.67556	0.00371	1	1.45898	0.81042	0	
1267208	8546.37305	3306263328166	0.24079	0.41209	8546.17871	0.19434	11817	1	0.24252	0.33660	1	0.26013	0.54362	1	0.25133	0.44011	1	0.47708	0.53518	9.76215	1.04242	1	0.73938	0.55865	11.66585	1.04242	1	-0.00439	-0.00939	0.68045	0.00216	1	0.06291	-0.01363	0.67556	0.00361	1	1.45898	0.81042	0	
1267209	8546.37988	3306263395211	0.24114	0.41211	8546.17871	0.20117	11817	1	0.23327	0.32267	1	0.26990	0.50268	1	0.25158	0.41268	1	0.47709	0.53504	9.83198	1.05044	1	0.73945	0.55835	12.09779	1.05044	1	-0.00439	-0.00939	0.68045	0.00220	1	0.06291	-0.01363	0.67556	0.00368	1	1.45898	0.81042	0	
1267210	8546.38672	3306263461201	0.24103	0.41197	8546.17871	0.20801	11817	1	0.23204	0.29887	1	0.24378	0.51602	1	0.23791	0.40745	1	0.47725	0.53487	9.78886	1.05845	1	0.73948	0.55852	11.67342	1.05845	1	-0.00439	-0.00939	0.68045	0.00226	1	0.06291	-0.01363	0.67556	0.00361	1	1.45898	0.81042	0	
1267211	8546.39355	3306263529818	0.24081	0.41144	8546.17871	0.21484	11817	1	0.22624	0.28433	1	0.24078	0.50520	1	0.23351	0.39476	1	0.47909	0.53420	9.88138	1.07556	1	0.74113	0.55778	11.39720	1.07556	1	-0.00430	-0.00967	0.70819	0.00220	1	0.06299	-0.01350	0.67420	0.00359	1	1.45898	0.81042	0	
1267212	8546.40039	3306263595543	0.24217	0.41062	8546.17871	0.22168	11817	1	0.27764	0.30279	1	0.29639	0.46389	1	0.28701	0.38334	1	0.47971	0.53401	10.31177	1.08464	1	0.74156	0.55772	11.97035	1.08464	1	-0.00430	-0.00967	0.70819	0.00222	1	0.06299	-0.01350	0.67420	0.00336	1	1.45898	0.81042	0	
1267213	8546.40723	3306263663038	0.24194	0.40937	8546.17871	0.22852	11817	1	0.23847	0.28642	1	0.22993	0.44717	1	0.23420	0.36680	1	0.47986	0.53406	9.88961	1.09373	1	0.74135	0.55770	12.42854	1.09373	1	-0.00430	-0.00967	0.70819	0.00215	1	0.06299	-0.01350	0.67420	0.00323	1	1.45898	0.81042	0	
1267214	8546.41309	3306263730096	0.24172	0.40818	8546.17871	0.23438	11817	1	0.23847	0.28642	1	0.22993	0.44717	1	0.23420	0.36680	1	0.48353	0.53287	10.67052	1.09373	1	0.74528	0.55631	10.78818	1.09373	1	-0.00353	-0.00902	0.67175	0.00219	1	0.06369	-0.01337	0.67516	0.00379	1	1.45898	0.81042	0	
1267215	8546.41992	3306263796861	0.24607	0.40608	8546.17871	0.24121	11817	1	0.39345	0.21562	1	0.41173	0.44487	1	0.40259	0.33025	1	0.48398	0.53286	10.68439	1.08464	1	0.74568	0.55701	12.28203	1.08464	1	-0.00353	-0.00902	0.67175	0.00215	1	0.06369	-0.01337	0.67516	0.00346	1	1.45898	0.81042	0	
1267216	8546.42676	3306263860061	0.27594	0.39621	8546.17871	0.24121	11817	0	0.39969	0.23842	1	0.40413	0.43069	1	0.40191	0.33456	1	0.48401	0.53295	10.64823	1.07556	1	0.74566	0.55675	12.03886	1.07556	1	-0.00353	-0.00902	0.67175	0.00218	1	0.06369	-0.01337	0.67516	0.00331	1	1.45898	0.81042	0	
1267217	8546.43359	3306263926354	0.33893	0.36538	8546.17871	0.24121	11817	0	0.39969	0.23842	1	0.40413	0.43069	1	0.40191	0.33456	1	0.48564	0.53478	11.02401	1.07556	1	0.74666	0.55605	10.87397	1.07556	1	-0.00341	-0.00934	0.69950	0.00333	1	0.06649	-0.01391	0.70259	0.00371	1	1.45898	0.81042	0	
1267218	8546.44043	3306263995022	0.39125	0.36772	8546.17871	0.24121	11817	0	0.50824	0.34924	1	0.48358	0.39556	1	0.49591	0.37240	1	0.48568	0.53451	10.76870	1.08464	1	0.74678	0.55636	11.31082	1.08464	1	-0.00341	-0.00934	0.69950	0.00340	1	0.06649	-0.01391	0.70259	0.00367	1	1.45898	0.81042	0	
1267219	8546.44629	3306264062539	0.46242	0.36092	8546.17871	0.24121	11817	0	0.50657	0.32196	1	0.47230	0.42962	1	0.48944	0.37579	1	0.48570	0.53429	10.22674	1.09373	1	0.74670	0.55639	11.05712	1.09373	1	-0.00341	-0.00934	0.69950	0.00345	1	0.06649	-0.01391	0.70259	0.00376	1	1.45898	0.81042	0	
1267220	8546.45312	3306264127912	0.47593	0.36835	8546.17871	0.24121	11817	0	0.50657	0.32196	1	0.47230	0.42962	1	0.48944	0.37579	1	0.48541	0.53439	11.03295	1.09373	1	0.74658	0.55629	11.13601	1.09373	1	-0.00339	-0.00915	0.68566	0.00338	1	0.06649	-0.01391	0.70259	0.00357	1	1.45898	0.81042	0	
1267221	8546.45996	3306264197399	0.47604	0.37892	8546.17871	0.24121	11817	0	0.49814	0.36805	1	0.45441	0.43207	1	0.47628	0.40006	1	0.48551	0.53485	11.52121	1.08464	1	0.74648	0.55625	11.08541	1.08464	1	-0.00339	-0.00915	0.68566	0.00333	1	0.06649	-0.01391	0.70259	0.00347	1	1.45898	0.81042	0	
1267222	8546.46680	3306264262535	0.47545	0.37102	8546.44629	0.02051	11818	1	0.48633	0.31645	1	0.46102	0.37820	1	0.47368	0.34732	1	0.48536	0.53406	10.92134	1.07556	1	0.74653	0.55568	10.99390	1.07556	1	-0.00339	-0.00915	0.68566	0.00352	1	0.06649	-0.01391	0.70259	0.00379	1	1.45898	0.81042	0	
1267223	8546.47363	3306264330026	0.47528	0.36897	8546.44629	0.02734	11818	1	0.48862	0.33022	1	0.46062	0.39127	1	0.47462	0.36074	1	0.48553	0.53439	11.36691	1.05845	1	0.74663	0.55567	10.96835	1.05845	1	-0.00329	-0.00874	0.65454	0.00336	1	0.06649	-0.01391	0.70259	0.00367	1	1.45898	0.81042	0	
1267224	8546.48047	3306264397740	0.47766	0.37200	8546.44629	0.03418	11818	1	0.51958	0.32456	1	0.45954	0.44975	1	0.48956	0.38715	1	0.48542	0.53393	11.19898	1.05044	1	0.74652	0.55608	11.27588	1.05044	1	-0.00329	-0.00874	0.65454	0.00340	1	0.06649	-0.01391	0.70259	0.00356	1	1.45898	0.81042	0	
1267225	8546.48730	3306264464820	0.47980	0.37678	8546.44629	0.04102	11818	1	0.52101	0.38034	1	0.46429	0.43065	1	0.49265	0.40550	1	0.48538	0.53391	11.17882	1.04242	1	0.74661	0.55625	11.56123	1.04242	1	-0.00329	-0.00874	0.65454	0.00336	1	0.06649	-0.01391	0.70259	0.00346	1	1.45898	0.81042	0	
1267226	8546.49414	3306264533661	0.48136	0.37952	8546.44629	0.04785	11818	1	0.52001	0.37337	1	0.46454	0.42393	1	0.49228	0.39865	1	0.48534	0.53386	11.01095	1.05151	1	0.74661	0.55625	11.56123	1.05151	1	-0.00363	-0.00937	0.70189	0.00360	1	0.06649	-0.01391	0.70259	0.00346	1	1.45898	0.81042	0	
1267227	8546.50098	3306264600683	0.48284	0.37955	8546.44629	0.05469	11818	1	0.53208	0.32495	1	0.45714	0.43460	1	0.49461	0.37978	1	0.48541	0.53414	11.29986	1.06861	1	0.74644	0.55635	11.60210	1.06861	1	-0.00363	-0.00937	0.70189	0.00363	1	0.06649	-0.01391	0.70259	0.00342	1	1.45898	0.81042	0	
1267228	8546.50684	3306264665664	0.48342	0.37993	8546.44629	0.06055	11818	1	0.52376	0.32791	1	0.45368	0.43896	1	0.48872	0.38344	1	0.48524	0.53453	11.05017	1.08571	1	0.74641	0.55634	11.25273	1.08571	1	-0.00363	-0.00937	0.70189	0.00348	1	0.06649	-0.01391	0.70259	0.00375	1	1.45898	0.81042	0	
1267229	8546.51367	3306264735341	0.48384	0.37910	8546.44629	0.06738	11818	1	0.52201	0.31449	1	0.45397	0.42697	1	0.48799	0.37073	1	0.48525	0.53469	11.16686	1.10281	1	0.74651	0.55610	11.12131	1.10281	1	-0.00363	-0.00937	0.70189	0.00343	1	0.06649	-0.01391	0.70259	0.00385	1	1.45898	0.81042	0	
1267230	8546.52051	3306264801668	0.48465	0.37857	8546.44629	0.07422	11818	1	0.52472	0.35467	1	0.46246	0.39093	1	0.49359	0.37280	1	0.48521	0.53471	11.15975	1.10281	1	0.74652	0.55616	11.19774	1.10281	1	-0.00363	-0.00937	0.70189	0.00344	1	0.06649	-0.01391	0.70259	0.00382	1	1.45898	0.81042	0	
1267231	8546.52734	3306264868710	0.48472	0.37907	8546.44629	0.08105	11818	1	0.50897	0.37524	1	0.46208	0.39471	1	0.48552	0.38497	1	0.48497	0.53476	10.61410	1.10281	1	0.74657	0.55597	11.26226	1.10281	1	-0.00363	-0.00937	0.70189	0.00341	1	0.06649	-0.01391	0.70259	0.00367	1	1.45898	0.81042	0	
1267232	8546.53418	3306264936044	0.48478	0.37926	8546.44629	0.08789	11818	1	0.50897	0.37524	1	0.46229	0.38837	1	0.48563	0.38180	1	0.48478	0.53478	11.35038	1.10281	1	0.74646	0.55568	11.42012	1.11149	1	-0.00363	-0.00937	0.70189	0.00335	1	0.06622	-0.01387	0.70035	0.00381	1	1.45898	0.81042	0	
1267233	8546.54102	3306265002594	0.48405	0.37690	8546.44629	0.09473	11818	1	0.49542	0.34537	1	0.45200	0.34242	1	0.47371	0.34390	1	0.48478	0.53473	11.34071	1.11149	1	0.74639	0.55558	11.70546	1.12017	1	-0.00363	-0.00937	0.70189	0.00337	1	0.06622	-0.01387	0.70035	0.00360	1	1.45898	0.81042	0	
1267234	8546.54785	3306265069645	0.48384	0.37213	8546.44629	0.10156	11818	1	0.47607	0.29417	1	0.48536	0.30698	1	0.48071	0.30057	1	0.48455	0.53433	10.83094	1.12017	1	0.74648	0.55541	11.42829	1.12885	1	-0.00363	-0.00937	0.70189	0.00350	1	0.06622	-0.01387	0.70035	0.00367	1	1.45898	0.81042	0	
1267235	8546.55371	3306265134363	0.48364	0.36814	8546.44629	0.10742	11818	1	0.47612	0.29449	1	0.48496	0.31419	1	0.48054	0.30434	1	0.48474	0.53460	11.39869	1.11977	1	0.74631	0.55588	11.69034	1.11977	1	-0.00359	-0.00912	0.68344	0.00340	1	0.06503	-0.01360	0.68940	0.00363	1	1.45898	0.81042	0	
1267236	8546.56055	3306265203570	0.48243	0.36640	8546.44629	0.11426	11818	1	0.47861	0.31724	1	0.44510	0.35639	1	0.46185	0.33681	1	0.48451	0.53425	10.99147	1.11068	1	0.74591	0.55581	10.99436	1.10200	1	-0.00359	-0.00912	0.68344	0.00343	1	0.06503	-0.01360	0.68940	0.00364	1	1.45898	0.81042	0	
1267237	8546.56738	3306265270520	0.48335	0.36560	8546.44629	0.12109	11818	1	0.51793	0.36701	1	0.48177	0.33527	1	0.49985	0.35114	1	0.48470	0.53447	11.67093	1.09292	1	0.74600	0.55551	10.99144	1.08424	1	-0.00359	-0.00912	0.68344	0.00332	1	0.06503	-0.01360	0.68940	0.00377	1	1.45898	0.81042	0	
1267238	8546.57422	3306265338893	0.48420	0.36556	8546.44629	0.12793	11818	1	0.51984	0.38023	1	0.48102	0.34948	1	0.50043	0.36486	1	0.48442	0.53434	11.00072	1.07515	1	0.74606	0.55601	10.92396	1.06647	1	-0.00367	-0.00908	0.68050	0.00350	1	0.06503	-0.01360	0.68940	0.00357	1	1.45898	0.81042	0	
1267239	8546.58105	3306265404488	0.48460	0.36634	8546.44629	0.13477	11818	1	0.51226	0.33354	1	0.47271	0.43021	1	0.49248	0.38187	1	0.48454	0.53401	11.21845	1.06647	1	0.74591	0.55604	11.06320	1.06647	1	-0.00367	-0.00908	0.68050	0.00361	1	0.06503	-0.01360	0.68940	0.00372	1	1.45898	0.81042	0	
1267240	8546.58789	3306265471309	0.48449	0.36782	8546.44629	0.14160	11818	1	0.48872	0.34152	1	0.47576	0.45621	1	0.48224	0.39886	1	0.48422	0.53438	10.87309	1.06647	1	0.74598	0.55619	11.30287	1.06647	1	-0.00367	-0.00908	0.68050	0.00366	1	0.06503	-0.01360	0.68940	0.00371	1	1.45898	0.81042	0	
1267241	8546.59473	3306265538604	0.48439	0.36917	8546.44629	0.14844	11818	1	0.48872	0.34152	1	0.47576	0.45621	1	0.48224	0.39886	1	0.48460	0.53427	11.13118	1.06647	1	0.74600	0.55605	11.22614	1.06647	1	-0.00368	-0.00915	0.68151	0.00342	1	0.06503	-0.01360	0.68940	0.00366	1	1.45898	0.81042	0	
1267242	8546.60059	3306265605405	0.48528	0.36926	8546.44629	0.15430	11818	1	0.53293	0.35605	1	0.47825	0.38649	1	0.50559	0.37127	1	0.48453	0.53450	10.96582	1.06647	1	0.74601	0.55562	11.25461	1.06647	1	-0.00368	-0.00915	0.68151	0.00342	1	0.06503	-0.01360	0.68940	0.00375	1	1.45898	0.81042	0	
1267243	8546.60742	3306265672555	0.48604	0.36998	8546.44629	0.16113	11818	1	0.53471	0.35627	1	0.47404	0.41853	1	0.50438	0.38740	1	0.48454	0.53457	11.06572	1.06647	1	0.74591	0.55586	11.07306	1.06647	1	-0.00368	-0.00915	0.68151	0.00346	1	0.06503	-0.01360	0.68940	0.00361	1	1.45898	0.81042	0	
1267244	8546.61426	3306265739241	0.48673	0.37039	8546.44629	0.16797	11818	1	0.53384	0.34925	1	0.47437	0.41186	1	0.50411	0.38056	1	0.48427	0.53467	10.49256	1.07556	1	0.74590	0.55590	11.05323	1.07556	1	-0.00389	-0.00948	0.70990	0.00366	1	0.06503	-0.01360	0.68940	0.00359	1	1.45898	0.81042	0	
1267245	8546.62109	3306265806307	0.48676	0.36956	8546.44629	0.17480	11818	1	0.49203	0.37878	1	0.48302	0.31742	1	0.48753	0.34810	1	0.48421	0.53437	10.44195	1.08464	1	0.74596	0.55501	10.83851	1.08464	1	-0.00389	-0.00948	0.70990	0.00361	1	0.06503	-0.01360	0.68940	0.00406	1	1.45898	0.81042	0	
1267246	8546.62793	3306265873466	0.48554	0.36839	8546.44629	0.18164	11818	1	0.45449	0.31453	1	0.45042	0.35876	1	0.45246	0.33665	1	0.48416	0.53407	10.15704	1.09373	1	0.74586	0.55572	11.08239	1.09373	1	-0.00389	-0.00948	0.70990	0.00340	1	0.06503	-0.01360	0.68940	0.00377	1	1.45898	0.81042	0	
1267247	8546.63477	3306265941838	0.48440	0.36729	8546.44629	0.18848	11818	1	0.45449	0.31453	1	0.45042	0.35876	1	0.45246	0.33665	1	0.48519	0.53213	11.40557	1.09373	1	0.74679	0.55524	11.19441	1.09373	1	-0.00353	-0.00892	0.67176	0.00222	1	0.06424	-0.01341	0.68000	0.00403	1	1.45898	0.81042	0	
1267248	8546.64160	3306266008067	0.48521	0.36661	8546.44629	0.19531	11818	1	0.55276	0.32962	1	0.46455	0.36375	1	0.50866	0.34668	1	0.48562	0.53394	10.43661	1.08464	1	0.74657	0.55572	11.45966	1.08464	1	-0.00353	-0.00892	0.67176	0.00374	1	0.06424	-0.01341	0.68000	0.00364	1	1.45898	0.81042	0	
1267249	8546.64746	3306266072185	0.48610	0.36736	8546.44629	0.20117	11818	1	0.54329	0.31340	1	0.48279	0.46661	1	0.51304	0.39001	1	0.48557	0.53379	10.00454	1.07556	1	0.74692	0.55604	11.81771	1.07556	1	-0.00353	-0.00892	0.67176	0.00362	1	0.06424	-0.01341	0.68000	0.00352	1	1.45898	0.81042	0	
1267250	8546.65430	3306266141531	0.48695	0.36836	8546.44629	0.20801	11818	1	0.54410	0.32071	1	0.48206	0.47806	1	0.51308	0.39939	1	0.48559	0.53429	10.96164	1.06647	1	0.74704	0.55578	11.87315	1.05881	1	-0.00353	-0.00892	0.67176	0.00347	1	0.06212	-0.01296	0.65696	0.00357	1	1.45898	0.81042	0	
1267251	8546.66113	3306266208226	0.48729	0.36870	8546.44629	0.21484	11818	1	0.53324	0.29119	1	0.46347	0.46815	1	0.49835	0.37967	1	0.48537	0.53315	10.51458	1.05881	1	0.74660	0.55587	11.61005	1.05115	1	-0.00353	-0.00892	0.67176	0.00377	1	0.06212	-0.01296	0.65696	0.00361	1	1.45898	0.81042	0	
1267252	8546.66797	3306266275679	0.48785	0.36670	8546.44629	0.22168	11818	1	0.52943	0.19212	1	0.48278	0.40888	1	0.50610	0.30050	1	0.48531	0.53189	11.12927	1.05115	1	0.74688	0.55564	12.03686	1.04349	1	-0.00353	-0.00892	0.67176	0.00218	1	0.06212	-0.01296	0.65696	0.00366	1	1.45898	0.81042	0	
1267253	8546.67480	3306266342182	0.48837	0.36477	8546.44629	0.22852	11818	1	0.52928	0.19078	1	0.48284	0.40780	1	0.50606	0.29929	1	0.48566	0.53414	10.42304	1.05258	1	0.74728	0.55600	11.70759	1.04492	1	-0.00363	-0.00932	0.70189	0.00339	1	0.06212	-0.01296	0.65696	0.00359	1	1.45898	0.81042	0	
1267254	8546.68164	3306266408018	0.48836	0.36781	8546.44629	0.23535	11818	1	0.52928	0.19078	0	0.48796	0.47424	1	0.48796	0.47424	1	0.48566	0.53414	10.42304	1.05400	0	0.74696	0.55604	11.94848	1.05400	1	-0.00363	-0.00932	0.70189	0.00339	1	0.06212	-0.01296	0.65696	0.00359	1	1.45898	0.81042	0	
1267255	8546.68848	3306266476002	0.48836	0.36781	8546.44629	0.24219	11818	1	0.52928	0.19078	0	0.48796	0.47424	0	0.48796	0.47424	0	0.48566	0.53414	10.42304	1.06309	0	0.74696	0.55604	11.94848	1.06309	0	-0.00363	-0.00932	0.70189	0.00339	1	0.06212	-0.01296	0.65696	0.00359	1	1.45898	0.81042	0	
1267256	8546.69434	3306266543135	0.48836	0.36781	8546.44629	0.24805	11818	1	0.52928	0.19078	0	0.48796	0.47424	0	0.48796	0.47424	0	0.48566	0.53414	10.42304	1.07218	0	0.74696	0.55604	11.94848	1.07218	0	-0.00363	-0.00932	0.70189	0.00339	1	0.06212	-0.01296	0.65696	0.00359	1	1.45898	0.81042	0	
1267257	8546.70117	3306266610745	0.48836	0.36781	8546.44629	0.25488	11818	1	0.52928	0.19078	0	0.48796	0.47424	0	0.48796	0.47424	0	0.48566	0.53414	10.42304	1.07218	0	0.74696	0.55604	11.94848	1.07218	0	-0.00363	-0.00932	0.70189	0.00339	1	0.06212	-0.01296	0.65696	0.00359	1	1.45898	0.81042	0	
1267258	8546.70801	3306266677025	0.49451	0.36493	8546.44629	0.25488	11818	0	0.52928	0.19078	0	0.48796	0.47424	0	0.48796	0.47424	0	0.48566	0.53414	10.42304	1.07218	0	0.74696	0.55604	11.94848	1.07218	0	-0.00363	-0.00932	0.70189	0.00339	1	0.06212	-0.01296	0.65696	0.00359	1	1.45898	0.81042	0	
1267259	8546.71484	3306266744711	0.49451	0.36493	8546.44629	0.25488	11818	0	0.52928	0.19078	0	0.48796	0.47424	0	0.48796	0.47424	0	0.48566	0.53414	10.42304	1.07218	0	0.74696	0.55604	11.94848	1.07218	0	-0.00363	-0.00932	0.70189	0.00339	1	0.06212	-0.01296	0.65696	0.00359	1	1.45898	0.81042	0	
1267260	8546.72168	3306266810680	0.49338	0.42840	8546.44629	0.25488	11818	0	0.52928	0.19078	0	0.49224	0.49187	1	0.49224	0.49187	1	0.48566	0.53414	10.42304	1.07218	0	0.74712	0.55635	11.55267	1.07218	1	-0.00363	-0.00932	0.70189	0.00339	1	0.06212	-0.01296	0.65696	0.00370	1	1.45898	0.81042	0	
1267261	8546.72852	3306266878044	0.49224	0.49187	8546.44629	0.25488	11818	0	0.52928	0.19078	0	0.49224	0.49187	0	0.49224	0.49187	0	0.48566	0.53414	10.42304	1.07218	0	0.74712	0.55635	11.55267	1.07218	0	-0.00363	-0.00932	0.70189	0.00339	1	0.06212	-0.01296	0.65696	0.00370	1	1.45898	0.81042	0	
1267262	8546.73535	3306266945287	0.49224	0.49187	8546.44629	0.25488	11818	0	0.52928	0.19078	0	0.49224	0.49187	0	0.49224	0.49187	0	0.48566	0.53414	10.42304	1.07218	0	0.74712	0.55635	11.55267	1.07218	0	-0.00363	-0.00932	0.70189	0.00339	1	0.06212	-0.01296	0.65696	0.00370	1	1.45898	0.81042	0	
1267263	8546.74121	3306267012031	0.49224	0.49187	8546.44629	0.25488	11818	0	0.52928	0.19078	0	0.49224	0.49187	0	0.49224	0.49187	0	0.48566	0.53414	10.42304	1.07218	0	0.74712	0.55635	11.55267	1.07218	0	-0.00363	-0.00932	0.70189	0.00339	1	0.06212	-0.01296	0.65696	0.00370	1	1.45898	0.81042	0	
1267264	8546.74805	3306267078615	0.00000	0.00000	8546.44629	0.25488	11818	0	0.52928	0.19078	0	0.49224	0.49187	0	0.49224	0.49187	0	0.48566	0.53414	10.42304	1.07218	0	0.74712	0.55635	11.55267	1.07218	0	-0.00363	-0.00932	0.70189	0.00339	1	0.06212	-0.01296	0.65696	0.00370	1	1.45898	0.81042	0	
1267265	8546.75488	3306267146983	0.24632	0.24340	8546.44629	0.25488	11818	0	0.52928	0.19078	0	0.49264	0.48679	1	0.49264	0.48679	1	0.48566	0.53414	10.42304	1.07218	0	0.74739	0.55612	11.28794	1.07983	1	-0.00363	-0.00932	0.70189	0.00339	1	0.06649	-0.01381	0.70259	0.00372	1	1.45898	0.81042	0	
1267266	8546.76172	3306267211768	0.32379	0.32000	8546.44629	0.25488	11818	0	0.52928	0.19078	0	0.47873	0.47320	1	0.47873	0.47320	1	0.48566	0.53414	10.42304	1.07983	0	0.74718	0.55620	11.72694	1.08749	1	-0.00363	-0.00932	0.70189	0.00339	1	0.06649	-0.01381	0.70259	0.00365	1	1.45898	0.81042	0	
1267267	8546.76855	3306267280269	0.49211	0.46108	8546.44629	0.25488	11818	0	0.52928	0.19078	0	0.50498	0.42325	1	0.50498	0.42325	1	0.48566	0.53414	10.42304	1.08749	0	0.74718	0.55620	11.72694	1.09515	1	-0.00363	-0.00932	0.70189	0.00339	1	0.06649	-0.01381	0.70259	0.00365	1	1.45898	0.81042	0	
1267268	8546.77539	3306267346931	0.49211	0.46108	8546.44629	0.25488	11818	0	0.52928	0.19078	0	0.50498	0.42325	0	0.50498	0.42325	0	0.48566	0.53414	10.42304	1.09515	0	0.74718	0.55620	11.72694	1.10281	0	-0.00363	-0.00932	0.70189	0.00339	1	0.06649	-0.01381	0.70259	0.00365	1	1.45898	0.81042	0	
1267269	8546.78223	3306267413918	0.49211	0.46108	8546.44629	0.25488	11818	0	0.52928	0.19078	0	0.50498	0.42325	0	0.50498	0.42325	0	0.48566	0.53414	10.42304	1.10281	0	0.74718	0.55620	11.72694	1.10281	0	-0.00363	-0.00932	0.70189	0.00339	1	0.06649	-0.01381	0.70259	0.00365	1	1.45898	0.81042	0	
1267270	8546.78906	3306267481408	0.00000	0.00000	8546.44629	0.25488	11818	0	0.52928	0.19078	0	0.50498	0.42325	0	0.50498	0.42325	0	0.48566	0.53414	10.42304	1.10281	0	0.74718	0.55620	11.72694	1.10281	0	-0.00363	-0.00932	0.70189	0.00339	1	0.06649	-0.01381	0.70259	0.00365	1	1.45898	0.81042	0	
1267271	8546.79492	3306267547972	0.00000	0.00000	8546.44629	0.25488	11818	0	0.52928	0.19078	0	0.50498	0.42325	0	0.50498	0.42325	0	0.48566	0.53414	10.42304	1.10281	0	0.74718	0.55620	11.72694	1.10281	0	-0.00363	-0.00932	0.70189	0.00339	1	0.06649	-0.01381	0.70259	0.00365	1	1.45898	0.81042	0	
1267272	8546.80176	3306267614604	0.00000	0.00000	8546.44629	0.25488	11818	0	0.52928	0.19078	0	0.50498	0.42325	0	0.50498	0.42325	0	0.48566	0.53414	10.42304	1.10281	0	0.74718	0.55620	11.72694	1.10281	0	-0.00363	-0.00932	0.70189	0.00339	1	0.06649	-0.01381	0.70259	0.00365	1	1.45898	0.81042	0	
1267273	8546.80859	3306267681947	0.00000	0.00000	8546.44629	0.25488	11818	0	0.52928	0.19078	0	0.50498	0.42325	0	0.50498	0.42325	0	0.48566	0.53414	10.42304	1.10281	0	0.74718	0.55620	11.72694	1.10281	0	-0.00363	-0.00932	0.70189	0.00339	1	0.06649	-0.01381	0.70259	0.00365	1	1.45898	0.81042	0	
1267274	8546.81543	3306267748100	0.25300	0.20580	8546.44629	0.25488	11818	0	0.52928	0.19078	0	0.50599	0.41160	1	0.50599	0.41160	1	0.48566	0.53414	10.42304	1.10281	0	0.74739	0.55573	11.53890	1.11149	1	-0.00363	-0.00932	0.70189	0.00339	1	0.06615	-0.01378	0.69845	0.00356	1	1.45898	0.81042	0	
1267275	8546.82227	3306267814928	0.25300	0.20580	8546.44629	0.25488	11818	0	0.52928	0.19078	0	0.50599	0.41160	0	0.50599	0.41160	0	0.48566	0.53414	10.42304	1.11149	0	0.74739	0.55573	11.53890	1.12017	0	-0.00363	-0.00932	0.70189	0.00339	1	0.06615	-0.01378	0.69845	0.00356	1	1.45898	0.81042	0	
1267276	8546.82910	3306267882560	0.50599	0.41160	8546.44629	0.25488	11818	0	0.52928	0.19078	0	0.50599	0.41160	0	0.50599	0.41160	0	0.48566	0.53414	10.42304	1.12017	0	0.74739	0.55573	11.53890	1.12885	0	-0.00363	-0.00932	0.70189	0.00339	1	0.06615	-0.01378	0.69845	0.00356	1	1.45898	0.81042	0	
1267277	8546.83594	3306267951607	0.50599	0.41160	8546.44629	0.25488	11818	0	0.52928	0.19078	0	0.50599	0.41160	0	0.50599	0.41160	0	0.48566	0.53414	10.42304	1.12885	0	0.74739	0.55573	11.53890	1.13753	0	-0.00363	-0.00932	0.70189	0.00339	1	0.06615	-0.01378	0.69845	0.00356	1	1.45898	0.81042	0	
1267278	8546.84180	3306268017314	0.50599	0.41160	8546.44629	0.25488	11818	0	0.52928	0.19078	0	0.50599	0.41160	0	0.50599	0.41160	0	0.48566	0.53414	10.42304	1.13753	0	0.74739	0.55573	11.53890	1.13753	0	-0.00363	-0.00932	0.70189	0.00339	1	0.06615	-0.01378	0.69845	0.00356	1	1.45898	0.81042	0	
1267279	8546.84863	3306268084251	0.00000	0.00000	8546.44629	0.25488	11818	0	0.52928	0.19078	0	0.50599	0.41160	0	0.50599	0.41160	0	0.48566	0.53414	10.42304	1.13753	0	0.74739	0.55573	11.53890	1.13753	0	-0.00363	-0.00932	0.70189	0.00339	1	0.06615	-0.01378	0.69845	0.00356	1	1.45898	0.81042	0	
1267280	8546.85547	3306268146009	0.00000	0.00000	8546.44629	0.25488	11818	0	0.52928	0.19078	0	0.50599	0.41160	0	0.50599	0.41160	0	0.48566	0.53414	10.42304	1.13753	0	0.74739	0.55573	11.53890	1.13753	0	-0.00363	-0.00932	0.70189	0.00339	1	0.06615	-0.01378	0.69845	0.00356	1	1.45898	0.81042	0	
1267281	8546.86230	3306268215818	0.00000	0.00000	8546.44629	0.25488	11818	0	0.52928	0.19078	0	0.50599	0.41160	0	0.50599	0.41160	0	0.48566	0.53414	10.42304	1.13753	0	0.74739	0.55573	11.53890	1.13753	0	-0.00363	-0.00932	0.70189	0.00339	1	0.06615	-0.01378	0.69845	0.00356	1	1.45898	0.81042	0	
1267282	8546.86914	3306268282882	0.00000	0.00000	8546.44629	0.25488	11818	0	0.52928	0.19078	0	0.50599	0.41160	0	0.50599	0.41160	0	0.48566	0.53414	10.42304	1.13753	0	0.74739	0.55573	11.53890	1.13753	0	-0.00363	-0.00932	0.70189	0.00339	1	0.06615	-0.01378	0.69845	0.00356	1	1.45898	0.81042	0	
1267283	8546.87500	3306268347403	0.00000	0.00000	8546.44629	0.25488	11818	0	0.52928	0.19078	0	0.50599	0.41160	0	0.50599	0.41160	0	0.48566	0.53414	10.42304	1.13753	0	0.74739	0.55573	11.53890	1.13753	0	-0.00363	-0.00932	0.70189	0.00339	1	0.06615	-0.01378	0.69845	0.00356	1	1.45898	0.81042	0	
1267284	8546.88184	3306268416548	0.00000	0.00000	8546.44629	0.25488	11818	0	0.52928	0.19078	0	0.50599	0.41160	0	0.50599	0.41160	0	0.48566	0.53414	10.42304	1.13753	0	0.74739	0.55573	11.53890	1.13753	0	-0.00363	-0.00932	0.70189	0.00339	1	0.06615	-0.01378	0.69845	0.00356	1	1.45898	0.81042	0	
1267285	8546.88867	3306268481469	0.00000	0.00000	8546.44629	0.25488	11818	0	0.52928	0.19078	0	0.50599	0.41160	0	0.50599	0.41160	0	0.48566	0.53414	10.42304	1.13753	0	0.74739	0.55573	11.53890	1.13753	0	-0.00363	-0.00932	0.70189	0.00339	1	0.06615	-0.01378	0.69845	0.00356	1	1.45898	0.81042	0	
1267286	8546.89551	3306268551690	0.00000	0.00000	8546.44629	0.25488	11818	0	0.52928	0.19078	0	0.50599	0.41160	0	0.50599	0.41160	0	0.48566	0.53414	10.42304	1.13753	0	0.74739	0.55573	11.53890	1.13753	0	-0.00363	-0.00932	0.70189	0.00339	1	0.06615	-0.01378	0.69845	0.00356	1	1.45898	0.81042	0	
1267287	8546.90234	3306268619763	0.00000	0.00000	8546.44629	0.25488	11818	0	0.52928	0.19078	0	0.50599	0.41160	0	0.50599	0.41160	0	0.48566	0.53414	10.42304	1.13753	0	0.74739	0.55573	11.53890	1.13753	0	-0.00363	-0.00932	0.70189	0.00339	1	0.06615	-0.01378	0.69845	0.00356	1	1.45898	0.81042	0	
1267288	8546.90918	3306268686618	0.47778	0.33407	8546.44629	0.25488	11818	0	0.52928	0.19078	0	0.47778	0.33407	1	0.47778	0.33407	1	0.48566	0.53414	10.42304	1.13753	0	0.74830	0.55582	11.05914	1.13753	1	-0.00363	-0.00932	0.70189	0.00339	1	0.06615	-0.01378	0.69845	0.00356	1	1.45898	0.81042	0	
1267289	8546.91602	3306268753161	0.47778	0.33407	8546.44629	0.25488	11818	0	0.52928	0.19078	0	0.47778	0.33407	0	0.47778	0.33407	0	0.48566	0.53414	10.42304	1.13753	0	0.74830	0.55582	11.05914	1.13753	0	-0.00363	-0.00932	0.70189	0.00339	1	0.06615	-0.01378	0.69845	0.00356	1	1.45898	0.81042	0	
1267290	8546.92285	3306268820574	0.47778	0.33407	8546.44629	0.25488	11818	0	0.52928	0.19078	0	0.47778	0.33407	0	0.47778	0.33407	0	0.48566	0.53414	10.42304	1.13753	0	0.74830	0.55582	11.05914	1.13753	0	-0.00363	-0.00932	0.70189	0.00339	1	0.06615	-0.01378	0.69845	0.00356	1	1.45898	0.81042	0	
1267291	8546.92969	3306268887692	0.00000	0.00000	8546.44629	0.25488	11818	0	0.52928	0.19078	0	0.47778	0.33407	0	0.47778	0.33407	0	0.48566	0.53414	10.42304	1.13753	0	0.74830	0.55582	11.05914	1.13753	0	-0.00363	-0.00932	0.70189	0.00339	1	0.06615	-0.01378	0.69845	0.00356	1	1.45898	0.81042	0	
1267292	8546.93555	3306268954167	0.00000	0.00000	8546.44629	0.25488	11818	0	0.52928	0.19078	0	0.47778	0.33407	0	0.47778	0.33407	0	0.48566	0.53414	10.42304	1.13753	0	0.74830	0.55582	11.05914	1.13753	0	-0.00363	-0.00932	0.70189	0.00339	1	0.06615	-0.01378	0.69845	0.00356	1	1.45898	0.81042	0	
1267293	8546.94238	3306269021418	0.00000	0.00000	8546.44629	0.25488	11818	0	0.52928	0.19078	0	0.47778	0.33407	0	0.47778	0.33407	0	0.48566	0.53414	10.42304	1.13753	0	0.74830	0.55582	11.05914	1.13753	0	-0.00363	-0.00932	0.70189	0.00339	1	0.06615	-0.01378	0.69845	0.00356	1	1.45898	0.81042	0	
1267294	8546.94922	3306269086861	0.00000	0.00000	8546.44629	0.25488	11818	0	0.52928	0.19078	0	0.47778	0.33407	0	0.47778	0.33407	0	0.48566	0.53414	10.42304	1.13753	0	0.74830	0.55582	11.05914	1.13753	0	-0.00363	-0.00932	0.70189	0.00339	1	0.06615	-0.01378	0.69845	0.00356	1	1.45898	0.81042	0	
1267295	8546.95605	3306269155768	0.00000	0.00000	8546.44629	0.25488	11818	0	0.52928	0.19078	0	0.47778	0.33407	0	0.47778	0.33407	0	0.48566	0.53414	10.42304	1.13753	0	0.74830	0.55582	11.05914	1.13753	0	-0.00363	-0.00932	0.70189	0.00339	1	0.06615	-0.01378	0.69845	0.00356	1	1.45898	0.81042	0	
1267296	8546.96289	3306269223114	0.00000	0.00000	8546.44629	0.25488	11818	0	0.52928	0.19078	0	0.47778	0.33407	0	0.47778	0.33407	0	0.48566	0.53414	10.42304	1.13753	0	0.74830	0.55582	11.05914	1.13753	0	-0.00363	-0.00932	0.70189	0.00339	1	0.06615	-0.01378	0.69845	0.00356	1	1.45898	0.81042	0	
1267297	8546.96973	3306269289114	0.00000	0.00000	8546.44629	0.25488	11818	0	0.52928	0.19078	0	0.47778	0.33407	0	0.47778	0.33407	0	0.48566	0.53414	10.42304	1.13753	0	0.74830	0.55582	11.05914	1.13753	0	-0.00363	-0.00932	0.70189	0.00339	1	0.06615	-0.01378	0.69845	0.00356	1	1.45898	0.81042	0	
1267298	8546.97559	3306269355291	0.00000	0.00000	8546.44629	0.25488	11818	0	0.52928	0.19078	0	0.47778	0.33407	0	0.47778	0.33407	0	0.48566	0.53414	10.42304	1.13753	0	0.74830	0.55582	11.05914	1.13753	0	-0.00363	-0.00932	0.70189	0.00339	1	0.06615	-0.01378	0.69845	0.00356	1	1.45898	0.81042	0	
1267299	8546.98242	3306269423033	0.00000	0.00000	8546.44629	0.25488	11818	0	0.52928	0.19078	0	0.47778	0.33407	0	0.47778	0.33407	0	0.48566	0.53414	10.42304	1.13753	0	0.74830	0.55582	11.05914	1.13753	0	-0.00363	-0.00932	0.70189	0.00339	1	0.06615	-0.01378	0.69845	0.00356	1	1.45898	0.81042	0	
1267300	8546.98926	3306269489985	0.00000	0.00000	8546.44629	0.25488	11818	0	0.52928	0.19078	0	0.47778	0.33407	0	0.47778	0.33407	0	0.48566	0.53414	10.42304	1.13753	0	0.74830	0.55582	11.05914	1.13753	0	-0.00363	-0.00932	0.70189	0.00339	1	0.06615	-0.01378	0.69845	0.00356	1	1.45898	0.81042	0	
1267301	8546.99609	3306269557613	0.00000	0.00000	8546.44629	0.25488	11818	0	0.52928	0.19078	0	0.47778	0.33407	0	0.47778	0.33407	0	0.48566	0.53414	10.42304	1.13753	0	0.74830	0.55582	11.05914	1.13753	0	-0.00363	-0.00932	0.70189	0.00339	1	0.06615	-0.01378	0.69845	0.00356	1	1.45898	0.81042	0	
1267302	8547.00293	3306269624349	0.00000	0.00000	8546.44629	0.25488	11818	0	0.52928	0.19078	0	0.47778	0.33407	0	0.47778	0.33407	0	0.48566	0.53414	10.42304	1.13753	0	0.74830	0.55582	11.05914	1.13753	0	-0.00363	-0.00932	0.70189	0.00339	1	0.06615	-0.01378	0.69845	0.00356	1	1.45898	0.81042	0	
1267303	8547.00977	3306269690489	0.00000	0.00000	8546.44629	0.25488	11818	0	0.52928	0.19078	0	0.47778	0.33407	0	0.47778	0.33407	0	0.48566	0.53414	10.42304	1.13753	0	0.74830	0.55582	11.05914	1.13753	0	-0.00363	-0.00932	0.70189	0.00339	1	0.06615	-0.01378	0.69845	0.00356	1	1.45898	0.81042	0	
1267304	8547.01660	3306269758363	0.00000	0.00000	8546.44629	0.25488	11818	0	0.52928	0.19078	0	0.47778	0.33407	0	0.47778	0.33407	0	0.48566	0.53414	10.42304	1.13753	0	0.74830	0.55582	11.05914	1.13753	0	-0.00363	-0.00932	0.70189	0.00339	1	0.06615	-0.01378	0.69845	0.00356	1	1.45898	0.81042	0	
1267305	8547.02246	3306269823663	0.00000	0.00000	8546.44629	0.25488	11818	0	0.52928	0.19078	0	0.47778	0.33407	0	0.47778	0.33407	0	0.48566	0.53414	10.42304	1.13753	0	0.74830	0.55582	11.05914	1.13753	0	-0.00363	-0.00932	0.70189	0.00339	1	0.06615	-0.01378	0.69845	0.00356	1	1.45898	0.81042	0	
1267306	8547.02930	3306269892266	0.00000	0.00000	8546.44629	0.25488	11818	0	0.52928	0.19078	0	0.47778	0.33407	0	0.47778	0.33407	0	0.48566	0.53414	10.42304	1.13753	0	0.74830	0.55582	11.05914	1.13753	0	-0.00363	-0.00932	0.70189	0.00339	1	0.06615	-0.01378	0.69845	0.00356	1	1.45898	0.81042	0	
1267307	8547.03613	3306269958963	0.00000	0.00000	8546.44629	0.25488	11818	0	0.52928	0.19078	0	0.47778	0.33407	0	0.47778	0.33407	0	0.48566	0.53414	10.42304	1.13753	0	0.74830	0.55582	11.05914	1.13753	0	-0.00363	-0.00932	0.70189	0.00339	1	0.06615	-0.01378	0.69845	0.00356	1	1.45898	0.81042	0	
1267308	8547.04297	3306270023227	0.00000	0.00000	8546.44629	0.25488	11818	0	0.52928	0.19078	0	0.47778	0.33407	0	0.47778	0.33407	0	0.48566	0.53414	10.42304	1.13753	0	0.74830	0.55582	11.05914	1.13753	0	-0.00363	-0.00932	0.70189	0.00339	1	0.06615	-0.01378	0.69845	0.00356	1	1.45898	0.81042	0	
1267309	8547.04980	3306270090963	0.00000	0.00000	8546.44629	0.25488	11818	0	0.52928	0.19078	0	0.47778	0.33407	0	0.47778	0.33407	0	0.48566	0.53414	10.42304	1.13753	0	0.74830	0.55582	11.05914	1.13753	0	-0.00363	-0.00932	0.70189	0.00339	1	0.06615	-0.01378	0.69845	0.00356	1	1.45898	0.81042	0	
1267310	8547.05664	3306270156761	0.00000	0.00000	8546.44629	0.25488	11818	0	0.52928	0.19078	0	0.47778	0.33407	0	0.47778	0.33407	0	0.48566	0.53414	10.42304	1.13753	0	0.74830	0.55582	11.05914	1.13753	0	-0.00363	-0.00932	0.70189	0.00339	1	0.06615	-0.01378	0.69845	0.00356	1	1.45898	0.81042	0	
1267311	8547.06250	3306270224590	0.00000	0.00000	8546.44629	0.25488	11818	0	0.52928	0.19078	0	0.47778	0.33407	0	0.47778	0.33407	0	0.48566	0.53414	10.42304	1.13753	0	0.74830	0.55582	11.05914	1.13753	0	-0.00363	-0.00932	0.70189	0.00339	1	0.06615	-0.01378	0.69845	0.00356	1	1.45898	0.81042	0	
1267312	8547.06934	3306270291667	0.00000	0.00000	8546.44629	0.25488	11818	0	0.52928	0.19078	0	0.47778	0.33407	0	0.47778	0.33407	0	0.48566	0.53414	10.42304	1.13753	0	0.74830	0.55582	11.05914	1.13753	0	-0.00363	-0.00932	0.70189	0.00339	1	0.06615	-0.01378	0.69845	0.00356	1	1.45898	0.81042	0	
1267313	8547.07617	3306270361686	0.00000	0.00000	8546.44629	0.25488	11818	0	0.52928	0.19078	0	0.47778	0.33407	0	0.47778	0.33407	0	0.48566	0.53414	10.42304	1.13753	0	0.74830	0.55582	11.05914	1.13753	0	-0.00363	-0.00932	0.70189	0.00339	1	0.06615	-0.01378	0.69845	0.00356	1	1.45898	0.81042	0	
1267314	8547.08301	3306270428348	0.00000	0.00000	8546.44629	0.25488	11818	0	0.52928	0.19078	0	0.47778	0.33407	0	0.47778	0.33407	0	0.48566	0.53414	10.42304	1.13753	0	0.74830	0.55582	11.05914	1.13753	0	-0.00363	-0.00932	0.70189	0.00339	1	0.06615	-0.01378	0.69845	0.00356	1	1.45898	0.81042	0	
1267315	8547.08984	3306270495416	0.00000	0.00000	8546.44629	0.25488	11818	0	0.52928	0.19078	0	0.47778	0.33407	0	0.47778	0.33407	0	0.48566	0.53414	10.42304	1.13753	0	0.74830	0.55582	11.05914	1.13753	0	-0.00363	-0.00932	0.70189	0.00339	1	0.06615	-0.01378	0.69845	0.00356	1	1.45898	0.81042	0	
1267316	8547.09668	3306270561778	0.00000	0.00000	8546.44629	0.25488	11818	0	0.52928	0.19078	0	0.47778	0.33407	0	0.47778	0.33407	0	0.48566	0.53414	10.42304	1.13753	0	0.74830	0.55582	11.05914	1.13753	0	-0.00363	-0.00932	0.70189	0.00339	1	0.06615	-0.01378	0.69845	0.00356	1	1.45898	0.81042	0	
1267317	8547.10352	3306270627890	0.00000	0.00000	8546.44629	0.25488	11818	0	0.52928	0.19078	0	0.47778	0.33407	0	0.47778	0.33407	0	0.48566	0.53414	10.42304	1.13753	0	0.74830	0.55582	11.05914	1.13753	0	-0.00363	-0.00932	0.70189	0.00339	1	0.06615	-0.01378	0.69845	0.00356	1	1.45898	0.81042	0	
1267318	8547.11035	3306270695730	0.00000	0.00000	8546.44629	0.25488	11818	0	0.52928	0.19078	0	0.47778	0.33407	0	0.47778	0.33407	0	0.48566	0.53414	10.42304	1.13753	0	0.74830	0.55582	11.05914	1.13753	0	-0.00363	-0.00932	0.70189	0.00339	1	0.06615	-0.01378	0.69845	0.00356	1	1.45898	0.81042	0	
1267319	8547.11621	3306270761541	0.00000	0.00000	8546.44629	0.25488	11818	0	0.52928	0.19078	0	0.47778	0.33407	0	0.47778	0.33407	0	0.48566	0.53414	10.42304	1.13753	0	0.74830	0.55582	11.05914	1.13753	0	-0.00363	-0.00932	0.70189	0.00339	1	0.06615	-0.01378	0.69845	0.00356	1	1.45898	0.81042	0	
1267320	8547.12305	3306270830297	0.00000	0.00000	8546.44629	0.25488	11818	0	0.52928	0.19078	0	0.47778	0.33407	0	0.47778	0.33407	0	0.48566	0.53414	10.42304	1.13753	0	0.74830	0.55582	11.05914	1.13753	0	-0.00363	-0.00932	0.70189	0.00339	1	0.06615	-0.01378	0.69845	0.00356	1	1.45898	0.81042	0	
1267321	8547.12988	3306270897260	0.00000	0.00000	8546.44629	0.25488	11818	0	0.52928	0.19078	0	0.47778	0.33407	0	0.47778	0.33407	0	0.48566	0.53414	10.42304	1.13753	0	0.74830	0.55582	11.05914	1.13753	0	-0.00363	-0.00932	0.70189	0.00339	1	0.06615	-0.01378	0.69845	0.00356	1	1.45898	0.81042	0	
1267322	8547.13672	3306270963716	0.00000	0.00000	8546.44629	0.25488	11818	0	0.52928	0.19078	0	0.47778	0.33407	0	0.47778	0.33407	0	0.48566	0.53414	10.42304	1.13753	0	0.74830	0.55582	11.05914	1.13753	0	-0.00363	-0.00932	0.70189	0.00339	1	0.06615	-0.01378	0.69845	0.00356	1	1.45898	0.81042	0	
1267323	8547.14355	3306271031683	0.00000	0.00000	8546.44629	0.25488	11818	0	0.52928	0.19078	0	0.47778	0.33407	0	0.47778	0.33407	0	0.48566	0.53414	10.42304	1.13753	0	0.74830	0.55582	11.05914	1.13753	0	-0.00363	-0.00932	0.70189	0.00339	1	0.06615	-0.01378	0.69845	0.00356	1	1.45898	0.81042	0	
1267324	8547.15039	3306271098179	0.00000	0.00000	8546.44629	0.25488	11818	0	0.52928	0.19078	0	0.47778	0.33407	0	0.47778	0.33407	0	0.48566	0.53414	10.42304	1.13753	0	0.74830	0.55582	11.05914	1.13753	0	-0.00363	-0.00932	0.70189	0.00339	1	0.06615	-0.01378	0.69845	0.00356	1	1.45898	0.81042	0	
1267325	8547.15723	3306271165229	0.24982	0.12018	8546.44629	0.25488	11818	0	0.52246	0.12700	1	0.47683	0.35373	1	0.49964	0.24037	1	0.48563	0.53456	9.91773	1.12043	1	0.74745	0.55682	11.44298	1.11175	1	-0.00324	-0.00878	0.66478	0.00372	1	0.06421	-0.01339	0.67644	0.00378	1	1.45898	0.81042	0	
1267326	8547.16406	3306271232056	0.32621	0.21960	8546.44629	0.25488	11818	0	0.48794	0.38678	1	0.47003	0.45011	1	0.47898	0.41845	1	0.48578	0.53405	10.14210	1.09465	1	0.74740	0.55699	11.93247	1.08597	1	-0.00324	-0.00878	0.66478	0.00363	1	0.06421	-0.01339	0.67644	0.00374	1	1.45898	0.81042	0	
1267327	8547.16992	3306271298907	0.48864	0.36245	8546.44629	0.25488	11818	0	0.50711	0.45226	1	0.46746	0.40482	1	0.48728	0.42854	1	0.48600	0.53452	10.58516	1.06887	1	0.74747	0.55641	11.23934	1.06019	1	-0.00324	-0.00878	0.66478	0.00365	1	0.06421	-0.01339	0.67644	0.00375	1	1.45898	0.81042	0	
1267328	8547.17676	3306271365742	0.48835	0.40186	8546.44629	0.25488	11818	0	0.50922	0.46437	1	0.46692	0.41816	1	0.48807	0.44126	1	0.48565	0.53448	10.16848	1.05110	1	0.74717	0.55669	11.57086	1.04242	1	-0.00339	-0.00905	0.68566	0.00353	1	0.06421	-0.01339	0.67644	0.00375	1	1.45898	0.81042	0	
1267329	8547.18359	3306271434122	0.48738	0.41355	8546.44629	0.25488	11818	0	0.50743	0.43238	1	0.46345	0.44148	1	0.48544	0.43693	1	0.48558	0.53405	10.27401	1.05044	1	0.74733	0.55658	11.23105	1.05044	1	-0.00339	-0.00905	0.68566	0.00370	1	0.06421	-0.01339	0.67644	0.00372	1	1.45898	0.81042	0	
1267330	8547.19043	3306271500035	0.48810	0.41272	8547.16992	0.02051	11819	1	0.51039	0.42159	1	0.47011	0.39888	1	0.49025	0.41023	1	0.48562	0.53385	10.03924	1.05845	1	0.74747	0.55622	11.13155	1.05845	1	-0.00339	-0.00905	0.68566	0.00372	1	0.06421	-0.01339	0.67644	0.00369	1	1.45898	0.81042	0	
1267331	8547.19727	3306271566967	0.48846	0.41104	8547.16992	0.02734	11819	1	0.50945	0.41584	1	0.47037	0.39280	1	0.48991	0.40432	1	0.48546	0.53412	10.54015	1.06647	1	0.74751	0.55663	11.46869	1.06647	1	-0.00339	-0.00905	0.68566	0.00372	1	0.06421	-0.01339	0.67644	0.00361	1	1.45898	0.81042	0	
1267332	8547.20410	3306271633607	0.48850	0.41644	8547.16992	0.03418	11819	1	0.52138	0.46851	1	0.45603	0.41835	1	0.48870	0.44343	1	0.48545	0.53490	10.83889	1.06647	1	0.74712	0.55650	11.99336	1.06647	1	-0.00339	-0.00905	0.68566	0.00364	1	0.06421	-0.01339	0.67644	0.00369	1	1.45898	0.81042	0	
1267333	8547.20996	3306271699545	0.49088	0.41559	8547.16992	0.04004	11819	1	0.52249	0.40712	1	0.48783	0.41386	1	0.50516	0.41049	1	0.48550	0.53430	10.86563	1.06647	1	0.74734	0.55589	11.70594	1.06647	1	-0.00339	-0.00905	0.68566	0.00392	1	0.06421	-0.01339	0.67644	0.00384	1	1.45898	0.81042	0	
1267334	8547.21777	3306271768489	0.49263	0.41412	8547.16992	0.04785	11819	1	0.52152	0.40054	1	0.48827	0.40714	1	0.50490	0.40384	1	0.48535	0.53492	10.85084	1.07556	1	0.74710	0.55654	12.04909	1.07556	1	-0.00350	-0.00926	0.69726	0.00371	1	0.06649	-0.01391	0.70259	0.00358	1	1.45898	0.81042	0	
1267335	8547.22363	3306271835209	0.49370	0.42083	8547.16992	0.05371	11819	1	0.52941	0.48823	1	0.47498	0.46083	1	0.50220	0.47453	1	0.48556	0.53497	11.05794	1.08464	1	0.74716	0.55656	11.86180	1.08464	1	-0.00350	-0.00926	0.69726	0.00371	1	0.06649	-0.01391	0.70259	0.00368	1	1.45898	0.81042	0	
1267336	8547.23047	3306271899964	0.49461	0.42485	8547.16992	0.06055	11819	1	0.52057	0.45519	1	0.48509	0.46692	1	0.50283	0.46105	1	0.48548	0.53498	10.90189	1.09373	1	0.74704	0.55660	12.09956	1.09373	1	-0.00350	-0.00926	0.69726	0.00370	1	0.06649	-0.01391	0.70259	0.00365	1	1.45898	0.81042	0	
1267337	8547.23730	3306271965902	0.49536	0.42814	8547.16992	0.06738	11819	1	0.52057	0.45519	1	0.48509	0.46692	1	0.50283	0.46105	1	0.48517	0.53429	10.49211	1.09373	1	0.74674	0.55644	11.32901	1.09373	1	-0.00359	-0.00902	0.68344	0.00388	1	0.06649	-0.01391	0.70259	0.00380	1	1.45898	0.81042	0	
1267338	8547.24414	3306272033121	0.49433	0.42449	8547.16992	0.07422	11819	1	0.51858	0.37463	1	0.44745	0.39394	1	0.48301	0.38429	1	0.48509	0.53474	10.45778	1.08464	1	0.74637	0.55590	11.79605	1.08464	1	-0.00359	-0.00902	0.68344	0.00365	1	0.06649	-0.01391	0.70259	0.00362	1	1.45898	0.81042	0	
1267339	8547.25000	3306272099818	0.49584	0.42279	8547.16992	0.08008	11819	1	0.53521	0.42469	1	0.49280	0.37998	1	0.51400	0.40233	1	0.48529	0.53470	10.94762	1.07556	1	0.74702	0.55557	12.07098	1.07556	1	-0.00359	-0.00902	0.68344	0.00358	1	0.06649	-0.01391	0.70259	0.00375	1	1.45898	0.81042	0	
1267340	8547.25781	3306272168712	0.49715	0.42180	8547.16992	0.08789	11819	1	0.53607	0.43106	1	0.49232	0.38693	1	0.51420	0.40900	1	0.48467	0.53461	10.88888	1.06647	1	0.74637	0.55513	11.78205	1.06647	1	-0.00353	-0.00892	0.67176	0.00344	1	0.06649	-0.01391	0.70259	0.00401	1	1.45898	0.81042	0	
1267341	8547.26367	3306272231765	0.49552	0.42104	8547.16992	0.09375	11819	1	0.48634	0.43676	1	0.45889	0.38414	1	0.47262	0.41045	1	0.48443	0.53478	11.00350	1.06647	1	0.74640	0.55570	12.00802	1.06647	1	-0.00353	-0.00892	0.67176	0.00390	1	0.06649	-0.01391	0.70259	0.00354	1	1.45898	0.81042	0	
1267342	8547.27051	3306272299998	0.49475	0.42178	8547.16992	0.10059	11819	1	0.51545	0.47425	1	0.45112	0.39146	1	0.48328	0.43285	1	0.48456	0.53540	11.67333	1.06647	1	0.74638	0.55556	12.01745	1.06647	1	-0.00353	-0.00892	0.67176	0.00363	1	0.06649	-0.01391	0.70259	0.00359	1	1.45898	0.81042	0	
1267343	8547.27734	3306272369496	0.49405	0.42222	8547.16992	0.10742	11819	1	0.51443	0.46823	1	0.45114	0.39038	1	0.48278	0.42930	1	0.48467	0.53498	11.32170	1.07556	1	0.74644	0.55570	12.19098	1.06790	1	-0.00369	-0.00926	0.69369	0.00369	1	0.06175	-0.01295	0.65418	0.00359	1	1.45898	0.81042	0	
1267344	8547.28418	3306272432998	0.49399	0.42295	8547.16992	0.11426	11819	1	0.51698	0.42274	1	0.46912	0.44792	1	0.49305	0.43533	1	0.48460	0.53486	11.23667	1.07698	1	0.74635	0.55620	12.19203	1.06932	1	-0.00369	-0.00926	0.69369	0.00375	1	0.06175	-0.01295	0.65418	0.00346	1	1.45898	0.81042	0	
1267345	8547.29004	3306272497579	0.49445	0.42260	8547.16992	0.12012	11819	1	0.53305	0.39858	1	0.47236	0.43398	1	0.50270	0.41628	1	0.48448	0.53448	11.25692	1.07841	1	0.74633	0.55610	12.05943	1.07075	1	-0.00369	-0.00926	0.69369	0.00355	1	0.06175	-0.01295	0.65418	0.00369	1	1.45898	0.81042	0	
1267346	8547.29785	3306272571926	0.49487	0.42210	8547.16992	0.12793	11819	1	0.53291	0.39755	1	0.47267	0.42747	1	0.50279	0.41251	1	0.48450	0.53452	11.03634	1.07983	1	0.74599	0.55651	11.68135	1.07983	1	-0.00389	-0.00948	0.70990	0.00371	1	0.06503	-0.01360	0.68940	0.00353	1	1.45898	0.81042	0	
1267347	8547.30469	3306272638888	0.49518	0.42192	8547.16992	0.13477	11819	1	0.53185	0.42630	1	0.47101	0.41040	1	0.50143	0.41835	1	0.48450	0.53470	11.10698	1.07983	1	0.74590	0.55602	11.59736	1.08749	1	-0.00389	-0.00948	0.70990	0.00363	1	0.06503	-0.01360	0.68940	0.00365	1	1.45898	0.81042	0	
1267348	8547.31152	3306272705683	0.49579	0.42146	8547.16992	0.14160	11819	1	0.53658	0.41520	1	0.48064	0.40842	1	0.50861	0.41181	1	0.48462	0.53492	11.66981	1.08749	1	0.74606	0.55611	12.07852	1.09515	1	-0.00389	-0.00948	0.70990	0.00358	1	0.06503	-0.01360	0.68940	0.00358	1	1.45898	0.81042	0	
1267349	8547.31738	3306272772369	0.49635	0.42108	8547.16992	0.14746	11819	1	0.53671	0.41620	1	0.48058	0.40945	1	0.50865	0.41283	1	0.48467	0.53480	11.34923	1.08607	1	0.74613	0.55609	12.32925	1.09373	1	-0.00380	-0.00915	0.68504	0.00364	1	0.06503	-0.01360	0.68940	0.00357	1	1.45898	0.81042	0	
1267350	8547.32422	3306272840023	0.49675	0.42110	8547.16992	0.15430	11819	1	0.54679	0.40331	1	0.46524	0.43968	1	0.50601	0.42150	1	0.48468	0.53456	10.80420	1.08464	1	0.74585	0.55638	12.77106	1.08464	1	-0.00380	-0.00915	0.68504	0.00357	1	0.06503	-0.01360	0.68940	0.00354	1	1.45898	0.81042	0	
1267351	8547.33105	3306272906596	0.49711	0.42046	8547.16992	0.16113	11819	1	0.52398	0.39221	1	0.48740	0.41818	1	0.50569	0.40519	1	0.48438	0.53437	11.13924	1.07556	1	0.74604	0.55612	12.09076	1.07556	1	-0.00380	-0.00915	0.68504	0.00342	1	0.06503	-0.01360	0.68940	0.00362	1	1.45898	0.81042	0	
1267352	8547.33789	3306272973817	0.49744	0.41988	8547.16992	0.16797	11819	1	0.52398	0.39221	1	0.48740	0.41818	1	0.50569	0.40519	1	0.48445	0.53434	11.08983	1.07556	1	0.74571	0.55619	11.43623	1.07556	1	-0.00389	-0.00948	0.70990	0.00342	1	0.06503	-0.01360	0.68940	0.00360	1	1.45898	0.81042	0	
1267353	8547.34473	3306273040689	0.49763	0.41846	8547.16992	0.17480	11819	1	0.53051	0.36821	1	0.47455	0.39497	1	0.50253	0.38159	1	0.48446	0.53436	11.00542	1.08464	1	0.74590	0.55588	11.46516	1.08464	1	-0.00389	-0.00948	0.70990	0.00344	1	0.06503	-0.01360	0.68940	0.00372	1	1.45898	0.81042	0	
1267354	8547.35156	3306273107036	0.49761	0.41730	8547.16992	0.18164	11819	1	0.52282	0.36634	1	0.47121	0.40587	1	0.49702	0.38611	1	0.48439	0.53433	10.97781	1.09373	1	0.74592	0.55608	11.63047	1.09373	1	-0.00389	-0.00948	0.70990	0.00344	1	0.06503	-0.01360	0.68940	0.00361	1	1.45898	0.81042	0	
1267355	8547.35742	3306273173952	0.49758	0.41600	8547.16992	0.18750	11819	1	0.52189	0.35958	1	0.47151	0.39926	1	0.49670	0.37942	1	0.48453	0.53450	11.23732	1.10281	1	0.74604	0.55619	12.06329	1.10281	1	-0.00389	-0.00948	0.70990	0.00343	1	0.06503	-0.01360	0.68940	0.00354	1	1.45898	0.81042	0	
1267356	8547.36426	3306273242378	0.49739	0.41535	8547.16992	0.19434	11819	1	0.51275	0.39406	1	0.47151	0.39926	1	0.49213	0.39666	1	0.48419	0.53438	10.75821	1.10281	1	0.74590	0.55604	11.69323	1.10281	1	-0.00389	-0.00948	0.70990	0.00349	1	0.06503	-0.01360	0.68940	0.00364	1	1.45898	0.81042	0	
1267357	8547.37109	3306273309008	0.49742	0.41422	8547.16992	0.20117	11819	1	0.51254	0.37843	1	0.48378	0.38186	1	0.49816	0.38014	1	0.48423	0.53440	10.76985	1.10281	1	0.74606	0.55595	12.13607	1.10281	1	-0.00389	-0.00948	0.70990	0.00344	1	0.06503	-0.01360	0.68940	0.00359	1	1.45898	0.81042	0	
1267358	8547.37793	3306273375608	0.49744	0.41315	8547.16992	0.20801	11819	1	0.51254	0.37843	1	0.48378	0.38186	1	0.49816	0.38014	1	0.48432	0.53414	10.93597	1.10281	1	0.74614	0.55590	12.08677	1.10281	1	-0.00389	-0.00948	0.70990	0.00352	1	0.06297	-0.01312	0.66756	0.00358	1	1.45898	0.81042	0	
1267359	8547.38477	3306273442204	0.49751	0.41237	8547.16992	0.21484	11819	1	0.50752	0.35740	1	0.49167	0.41713	1	0.49959	0.38727	1	0.48447	0.53417	11.12336	1.10281	1	0.74621	0.55606	12.25218	1.10281	1	-0.00389	-0.00948	0.70990	0.00349	1	0.06297	-0.01312	0.66756	0.00357	1	1.45898	0.81042	0	
1267360	8547.39160	3306273509238	0.49728	0.40936	8547.16992	0.22168	11819	1	0.50963	0.34970	1	0.47026	0.27047	1	0.48994	0.31009	1	0.48449	0.53385	10.73023	1.10281	1	0.74622	0.55474	11.49138	1.10281	1	-0.00389	-0.00948	0.70990	0.00367	1	0.06297	-0.01312	0.66756	0.00410	1	1.45898	0.81042	0	
1267361	8547.39844	3306273576183	0.49846	0.37862	8547.16992	0.22168	11819	0	0.50963	0.34970	1	0.47026	0.27047	1	0.48994	0.31009	1	0.48461	0.53400	10.98927	1.10281	1	0.74631	0.55594	11.83792	1.10281	1	-0.00389	-0.00948	0.70990	0.00360	1	0.06503	-0.01360	0.68940	0.00349	1	1.45898	0.81042	0	
1267362	8547.40527	3306273643574	0.49629	0.37833	8547.16992	0.22168	11819	0	0.51420	0.34698	1	0.47404	0.40912	1	0.49412	0.37805	1	0.48459	0.53412	10.99888	1.10281	1	0.74638	0.55610	11.95503	1.10281	1	-0.00389	-0.00948	0.70990	0.00350	1	0.06503	-0.01360	0.68940	0.00348	1	1.45898	0.81042	0	
1267363	8547.41113	3306273710282	0.49184	0.38458	8547.16992	0.22168	11819	0	0.50251	0.38422	1	0.46338	0.40995	1	0.48294	0.39709	1	0.48448	0.53435	11.19690	1.10281	1	0.74620	0.55628	12.08107	1.10281	1	-0.00389	-0.00948	0.70990	0.00351	1	0.06503	-0.01360	0.68940	0.00355	1	1.45898	0.81042	0	
1267364	8547.41797	3306273777559	0.48972	0.38935	8547.39844	0.01953	11820	1	0.50358	0.39078	1	0.46315	0.41647	1	0.48336	0.40363	1	0.48453	0.53388	10.96685	1.09373	1	0.74614	0.55626	11.88231	1.09373	1	-0.00367	-0.00908	0.68050	0.00365	1	0.06297	-0.01312	0.66756	0.00359	1	1.45898	0.81042	0	
1267365	8547.42480	3306273844876	0.49189	0.38806	8547.39844	0.02637	11820	1	0.53054	0.37836	1	0.47060	0.38747	1	0.50057	0.38291	1	0.48453	0.53410	11.13361	1.08464	1	0.74626	0.55605	11.87658	1.08464	1	-0.00367	-0.00908	0.68050	0.00362	1	0.06297	-0.01312	0.66756	0.00348	1	1.45898	0.81042	0	
1267366	8547.43164	3306273909756	0.49350	0.39083	8547.39844	0.03320	11820	1	0.51018	0.37230	1	0.49287	0.43708	1	0.50153	0.40469	1	0.48456	0.53400	11.02858	1.07556	1	0.74625	0.55626	12.22536	1.07556	1	-0.00367	-0.00908	0.68050	0.00345	1	0.06297	-0.01312	0.66756	0.00353	1	1.45898	0.81042	0	
1267367	8547.43848	3306273977145	0.49469	0.39376	8547.39844	0.04004	11820	1	0.51122	0.37912	1	0.49240	0.44355	1	0.50181	0.41134	1	0.48453	0.53417	11.07864	1.06647	1	0.74623	0.55641	12.23469	1.06647	1	-0.00367	-0.00908	0.68050	0.00351	1	0.06297	-0.01312	0.66756	0.00350	1	1.45898	0.81042	0	
1267368	8547.44531	3306274044890	0.49480	0.39576	8547.39844	0.04688	11820	1	0.53593	0.37291	1	0.45525	0.44655	1	0.49559	0.40973	1	0.48450	0.53422	11.14676	1.06647	1	0.74612	0.55620	11.52974	1.06647	1	-0.00367	-0.00908	0.68050	0.00351	1	0.06297	-0.01312	0.66756	0.00351	1	1.45898	0.81042	0	
1267369	8547.45215	3306274112386	0.49404	0.39254	8547.39844	0.05371	11820	1	0.51336	0.38551	1	0.46266	0.34810	1	0.48801	0.36681	1	0.48452	0.53425	10.93654	1.06647	1	0.74612	0.55512	11.06003	1.06647	1	-0.00367	-0.00908	0.68050	0.00348	1	0.06297	-0.01312	0.66756	0.00399	1	1.45898	0.81042	0	
1267370	8547.45801	3306274179016	0.49345	0.38962	8547.39844	0.05957	11820	1	0.51336	0.38551	1	0.46288	0.34116	1	0.48812	0.36334	1	0.48459	0.53455	10.99306	1.06647	1	0.74612	0.55608	11.48160	1.07515	1	-0.00373	-0.00917	0.69114	0.00341	1	0.06582	-0.01370	0.69722	0.00350	1	1.45898	0.81042	0	
1267371	8547.46484	3306274246498	0.49415	0.38872	8547.39844	0.06641	11820	1	0.53663	0.36298	1	0.46563	0.39640	1	0.50113	0.37969	1	0.48462	0.53424	11.00291	1.07515	1	0.74618	0.55583	11.36963	1.08383	1	-0.00373	-0.00917	0.69114	0.00348	1	0.06582	-0.01370	0.69722	0.00356	1	1.45898	0.81042	0	
1267372	8547.47168	3306274313379	0.49189	0.38807	8547.39844	0.07324	11820	1	0.48944	0.35285	1	0.44452	0.40898	1	0.46698	0.38092	1	0.48460	0.53402	11.02205	1.08383	1	0.74624	0.55596	11.39000	1.09251	1	-0.00373	-0.00917	0.69114	0.00352	1	0.06582	-0.01370	0.69722	0.00353	1	1.45898	0.81042	0	
1267373	8547.47852	3306274380121	0.48988	0.38695	8547.39844	0.08008	11820	1	0.48713	0.33926	1	0.44454	0.40795	1	0.46583	0.37360	1	0.48462	0.53388	10.77239	1.10160	1	0.74621	0.55593	11.38080	1.09394	1	-0.00364	-0.00907	0.68289	0.00356	1	0.06141	-0.01278	0.65058	0.00352	1	1.45898	0.81042	0	
1267374	8547.48535	3306274446920	0.48883	0.38717	8547.39844	0.08691	11820	1	0.47643	0.38003	1	0.47394	0.39984	1	0.47518	0.38994	1	0.48437	0.53441	10.39025	1.10302	1	0.74627	0.55582	11.11095	1.08668	1	-0.00364	-0.00907	0.68289	0.00338	1	0.06141	-0.01278	0.65058	0.00358	1	1.45898	0.81042	0	
1267375	8547.49219	3306274514047	0.48767	0.38731	8547.39844	0.09375	11820	1	0.47704	0.37096	1	0.46589	0.40758	1	0.47146	0.38927	1	0.48432	0.53425	10.73084	1.09577	1	0.74616	0.55585	11.38363	1.07943	1	-0.00364	-0.00907	0.68289	0.00335	1	0.06141	-0.01278	0.65058	0.00354	1	1.45898	0.81042	0	
1267376	8547.49902	3306274581486	0.48673	0.38781	8547.39844	0.10059	11820	1	0.47932	0.38307	1	0.46589	0.40758	1	0.47260	0.39532	1	0.48449	0.53432	11.00255	1.07943	1	0.74649	0.55574	11.53913	1.07943	1	-0.00367	-0.00908	0.68050	0.00325	1	0.06582	-0.01370	0.69722	0.00356	1	1.45898	0.81042	0	
1267377	8547.50488	3306274648113	0.48547	0.38923	8547.39844	0.10645	11820	1	0.48263	0.41154	1	0.44794	0.41239	1	0.46528	0.41197	1	0.48441	0.53437	10.81239	1.07034	1	0.74636	0.55591	11.73535	1.08668	1	-0.00367	-0.00908	0.68050	0.00326	1	0.06582	-0.01370	0.69722	0.00342	1	1.45898	0.81042	0	
1267378	8547.51172	3306274715086	0.48489	0.38816	8547.39844	0.11328	11820	1	0.47689	0.37979	1	0.47329	0.36013	1	0.47509	0.36996	1	0.48442	0.53426	10.96927	1.07760	1	0.74669	0.55555	11.13886	1.09394	1	-0.00367	-0.00908	0.68050	0.00339	1	0.06582	-0.01370	0.69722	0.00369	1	1.45898	0.81042	0	
1267379	8547.51855	3306274782367	0.48432	0.38672	8547.39844	0.12012	11820	1	0.47458	0.36761	1	0.47356	0.35424	1	0.47407	0.36093	1	0.48497	0.53450	10.56164	1.09394	1	0.74669	0.55550	11.15773	1.10160	1	-0.00369	-0.00926	0.69369	0.00342	1	0.06366	-0.01324	0.67381	0.00371	1	1.45898	0.81042	0	
1267380	8547.52539	3306274849155	0.48440	0.38559	8547.39844	0.12695	11820	1	0.50501	0.39393	1	0.46658	0.33415	1	0.48579	0.36404	1	0.48488	0.53481	11.13174	1.11068	1	0.74660	0.55551	10.92415	1.10200	1	-0.00369	-0.00926	0.69369	0.00331	1	0.06366	-0.01324	0.67381	0.00373	1	1.45898	0.81042	0	
1267381	8547.53223	3306274915923	0.48465	0.38333	8547.39844	0.13379	11820	1	0.50185	0.39102	1	0.47774	0.28542	1	0.48979	0.33822	1	0.48490	0.53463	10.84511	1.11109	1	0.74670	0.55491	11.01129	1.10241	1	-0.00369	-0.00926	0.69369	0.00332	1	0.06366	-0.01324	0.67381	0.00397	1	1.45898	0.81042	0	
1267382	8547.53906	3306274982665	0.48490	0.38159	8547.39844	0.14062	11820	1	0.50287	0.39719	1	0.47741	0.29263	1	0.49014	0.34491	1	0.48510	0.53456	10.36173	1.10241	1	0.74682	0.55553	11.10042	1.09373	1	-0.00353	-0.00892	0.67176	0.00338	1	0.06486	-0.01347	0.68546	0.00373	1	1.45898	0.81042	0	
1267383	8547.54492	3306275048153	0.48455	0.38312	8547.39844	0.14648	11820	1	0.50763	0.39657	1	0.44597	0.43701	1	0.47680	0.41679	1	0.48490	0.53457	10.17661	1.08464	1	0.74626	0.55621	11.94121	1.08464	1	-0.00353	-0.00892	0.67176	0.00341	1	0.06486	-0.01347	0.68546	0.00359	1	1.45898	0.81042	0	
1267384	8547.55176	3306275117248	0.48464	0.38366	8547.39844	0.15332	11820	1	0.51505	0.37929	1	0.45821	0.41272	1	0.48663	0.39600	1	0.48499	0.53424	10.13934	1.07556	1	0.74645	0.55593	11.68227	1.07556	1	-0.00353	-0.00892	0.67176	0.00352	1	0.06486	-0.01347	0.68546	0.00363	1	1.45898	0.81042	0	
1267385	8547.55859	3306275183517	0.48473	0.38442	8547.39844	0.16016	11820	1	0.51606	0.38606	1	0.45802	0.41937	1	0.48704	0.40271	1	0.48501	0.53461	10.35066	1.06647	1	0.74652	0.55595	11.68853	1.06647	1	-0.00359	-0.00912	0.68344	0.00342	1	0.06486	-0.01347	0.68546	0.00360	1	1.45898	0.81042	0	
1267386	8547.56543	3306275246042	0.48508	0.38488	8547.39844	0.16699	11820	1	0.51971	0.42809	1	0.46783	0.36486	1	0.49377	0.39647	1	0.48504	0.53468	10.22299	1.06647	1	0.74661	0.55533	11.05200	1.06647	1	-0.00359	-0.00912	0.68344	0.00340	1	0.06486	-0.01347	0.68546	0.00369	1	1.45898	0.81042	0	
1267387	8547.57227	3306275317806	0.48532	0.38661	8547.39844	0.17383	11820	1	0.51569	0.42728	1	0.46759	0.43585	1	0.49164	0.43156	1	0.48495	0.53464	10.16548	1.06647	1	0.74666	0.55616	11.59019	1.06647	1	-0.00359	-0.00912	0.68344	0.00338	1	0.06486	-0.01347	0.68546	0.00355	1	1.45898	0.81042	0	
1267388	8547.57910	3306275384363	0.48554	0.38799	8547.39844	0.18066	11820	1	0.51467	0.42086	1	0.46787	0.42933	1	0.49127	0.42510	1	0.48499	0.53471	10.45110	1.07556	1	0.74669	0.55561	11.27003	1.07556	1	-0.00363	-0.00932	0.70189	0.00343	1	0.06486	-0.01347	0.68546	0.00380	1	1.45898	0.81042	0	
1267389	8547.58594	3306275450420	0.48569	0.38787	8547.39844	0.18750	11820	1	0.51540	0.33997	1	0.46434	0.42955	1	0.48987	0.38476	1	0.48501	0.53406	10.19965	1.08464	1	0.74656	0.55616	11.67280	1.08464	1	-0.00363	-0.00932	0.70189	0.00361	1	0.06486	-0.01347	0.68546	0.00381	1	1.45898	0.81042	0	
1267390	8547.59180	3306275514763	0.48573	0.38664	8547.39844	0.19336	11820	1	0.50404	0.34424	1	0.47025	0.35767	1	0.48714	0.35095	1	0.48495	0.53397	10.18608	1.09373	1	0.74668	0.55553	10.95245	1.09373	1	-0.00363	-0.00932	0.70189	0.00371	1	0.06486	-0.01347	0.68546	0.00389	1	1.45898	0.81042	0	
1267391	8547.59863	3306275582464	0.48578	0.38549	8547.39844	0.20020	11820	1	0.50404	0.34424	1	0.47025	0.35767	1	0.48714	0.35095	1	0.48528	0.53405	10.78024	1.09373	1	0.74699	0.55565	10.33443	1.09373	1	-0.00345	-0.00892	0.67595	0.00340	1	0.06486	-0.01347	0.68546	0.00374	1	1.45898	0.81042	0	
1267392	8547.60547	3306275648027	0.48070	0.38462	8547.39844	0.20703	11820	1	0.50404	0.34424	0	0.32337	0.35755	1	0.32337	0.35755	1	0.48528	0.53405	10.78024	1.08464	0	0.48494	0.53459	10.43022	1.08464	1	-0.00345	-0.00892	0.67595	0.00340	1	0.06486	-0.01347	0.68546	0.00349	1	1.45898	0.81042	0	
1267393	8547.61230	3306275718807	0.47678	0.38288	8547.39844	0.21387	11820	1	0.50404	0.34424	0	0.35122	0.32710	1	0.35122	0.32710	1	0.48528	0.53405	10.78024	1.07556	0	0.48531	0.53431	10.88740	1.07556	1	-0.00345	-0.00892	0.67595	0.00340	1	0.06486	-0.01347	0.68546	0.00364	1	1.45898	0.81042	0	
1267394	8547.61914	3306275786807	0.47311	0.38145	8547.39844	0.22070	11820	1	0.50404	0.34424	0	0.35189	0.33439	1	0.35189	0.33439	1	0.48528	0.53405	10.78024	1.06647	0	0.48577	0.53409	10.25515	1.06647	1	-0.00345	-0.00892	0.67595	0.00340	1	-0.00339	-0.00910	0.68566	0.00359	1	1.45898	0.81042	0	
1267395	8547.62598	3306275851580	0.44174	0.37332	8547.39844	0.22070	11820	0	0.50404	0.34424	0	0.35989	0.32229	1	0.35989	0.32229	1	0.48528	0.53405	10.78024	1.06647	0	0.48550	0.53403	10.54786	1.06647	1	-0.00345	-0.00892	0.67595	0.00340	1	-0.00339	-0.00910	0.68566	0.00357	1	1.45898	0.81042	0	
1267396	8547.63184	3306275916985	0.41414	0.35987	8547.39844	0.22070	11820	0	0.50404	0.34424	0	0.38655	0.34641	1	0.38655	0.34641	1	0.48528	0.53405	10.78024	1.06647	0	0.48593	0.53440	10.41529	1.06647	1	-0.00345	-0.00892	0.67595	0.00340	1	-0.00339	-0.00910	0.68566	0.00350	1	1.45898	0.81042	0	
1267397	8547.63867	3306275985927	0.40506	0.35741	8547.39844	0.22070	11820	0	0.50404	0.34424	0	0.38688	0.35250	1	0.38688	0.35250	1	0.48528	0.53405	10.78024	1.06647	0	0.48565	0.53399	9.90600	1.05881	1	-0.00345	-0.00892	0.67595	0.00340	1	-0.00329	-0.00869	0.65454	0.00363	1	1.45898	0.81042	0	
1267398	8547.64551	3306276054691	0.39811	0.35901	8547.62598	0.01953	11821	1	0.50404	0.34424	0	0.37727	0.36381	1	0.37727	0.36381	1	0.48528	0.53405	10.78024	1.05881	0	0.48572	0.53427	10.29959	1.05115	1	-0.00345	-0.00892	0.67595	0.00340	1	-0.00329	-0.00869	0.65454	0.00354	1	1.45898	0.81042	0	
1267399	8547.65234	3306276122879	0.39444	0.35775	8547.62598	0.02637	11821	1	0.50404	0.34424	0	0.37977	0.35270	1	0.37977	0.35270	1	0.48528	0.53405	10.78024	1.05115	0	0.48580	0.53403	10.20886	1.04349	1	-0.00345	-0.00892	0.67595	0.00340	1	-0.00329	-0.00869	0.65454	0.00360	1	1.45898	0.81042	0	
1267400	8547.65918	3306276185462	0.39200	0.35691	8547.62598	0.03320	11821	1	0.50404	0.34424	0	0.37977	0.35270	1	0.37977	0.35270	1	0.48528	0.53405	10.78024	1.04349	0	0.48583	0.53460	10.48679	1.04349	1	-0.00345	-0.00892	0.67595	0.00340	1	-0.00339	-0.00915	0.68566	0.00340	1	1.45898	0.81042	0	
1267401	8547.66602	3306276253374	0.39127	0.36126	8547.62598	0.04004	11821	1	0.50404	0.34424	0	0.38690	0.38734	1	0.38690	0.38734	1	0.48528	0.53405	10.78024	1.04349	0	0.48591	0.53463	10.39132	1.05115	1	-0.00345	-0.00892	0.67595	0.00340	1	-0.00339	-0.00915	0.68566	0.00346	1	1.45898	0.81042	0	
1267402	8547.67285	3306276319481	0.39010	0.36196	8547.62598	0.04688	11821	1	0.50404	0.34424	0	0.38192	0.36692	1	0.38192	0.36692	1	0.48528	0.53405	10.78024	1.05115	0	0.48583	0.53450	10.10999	1.05881	1	-0.00345	-0.00892	0.67595	0.00340	1	-0.00339	-0.00915	0.68566	0.00349	1	1.45898	0.81042	0	
1267403	8547.67871	3306276387093	0.38915	0.36185	8547.62598	0.05273	11821	1	0.50404	0.34424	0	0.38156	0.36094	1	0.38156	0.36094	1	0.48528	0.53405	10.78024	1.05881	0	0.48600	0.53480	10.46448	1.06647	1	-0.00345	-0.00892	0.67595	0.00340	1	-0.00339	-0.00915	0.68566	0.00339	1	1.45898	0.81042	0	
1267404	8547.68652	3306276456772	0.38848	0.36267	8547.62598	0.06055	11821	1	0.50404	0.34424	0	0.38242	0.37004	1	0.38242	0.37004	1	0.48528	0.53405	10.78024	1.06647	0	0.48584	0.53454	10.41916	1.06647	1	-0.00345	-0.00892	0.67595	0.00340	1	-0.00339	-0.00915	0.68566	0.00335	1	1.45898	0.81042	0	
1267405	8547.69238	3306276523674	0.38759	0.36504	8547.62598	0.06641	11821	1	0.50404	0.34424	0	0.37875	0.38871	1	0.37875	0.38871	1	0.48528	0.53405	10.78024	1.06647	0	0.48582	0.53468	10.60523	1.06647	1	-0.00345	-0.00892	0.67595	0.00340	1	-0.00339	-0.00915	0.68566	0.00333	1	1.45898	0.81042	0	
1267406	8547.69922	3306276590981	0.38689	0.36749	8547.62598	0.07324	11821	1	0.50404	0.34424	0	0.37914	0.39449	1	0.37914	0.39449	1	0.48528	0.53405	10.78024	1.06647	0	0.48582	0.53466	10.45725	1.05881	1	-0.00345	-0.00892	0.67595	0.00340	1	-0.00329	-0.00874	0.65454	0.00333	1	1.45898	0.81042	0	
1267407	8547.70605	3306276657042	0.38508	0.36999	8547.62598	0.08008	11821	1	0.50404	0.34424	0	0.36342	0.40001	1	0.36342	0.40001	1	0.48528	0.53405	10.78024	1.05881	0	0.48548	0.53456	10.28528	1.05115	1	-0.00345	-0.00892	0.67595	0.00340	1	-0.00329	-0.00874	0.65454	0.00327	1	1.45898	0.81042	0	
1267408	8547.71289	3306276724694	0.38598	0.37030	8547.62598	0.08691	11821	1	0.50404	0.34424	0	0.39760	0.37423	1	0.39760	0.37423	1	0.48528	0.53405	10.78024	1.05115	0	0.48568	0.53449	10.44366	1.04349	1	-0.00345	-0.00892	0.67595	0.00340	1	-0.00329	-0.00874	0.65454	0.00325	1	1.45898	0.81042	0	
1267409	8547.71973	3306276791745	0.39050	0.37084	8547.62598	0.09375	11821	1	0.50998	0.38267	1	0.39760	0.37423	1	0.45379	0.37845	1	0.48542	0.53448	10.76057	1.04349	1	0.74685	0.55583	10.71855	1.04349	1	-0.00348	-0.00910	0.68202	0.00324	1	0.06649	-0.01391	0.70259	0.00359	1	1.45898	0.81042	0	
1267410	8547.72656	3306276858163	0.39669	0.37326	8547.62598	0.10059	11821	1	0.52374	0.39460	1	0.45550	0.42451	1	0.48962	0.40956	1	0.48511	0.53424	10.34365	1.04349	1	0.74685	0.55597	10.99529	1.05115	1	-0.00348	-0.00910	0.68202	0.00339	1	0.06649	-0.01391	0.70259	0.00353	1	1.45898	0.81042	0	
1267411	8547.73340	3306276924657	0.40307	0.37667	8547.62598	0.10742	11821	1	0.53608	0.41231	1	0.47393	0.45022	1	0.50500	0.43127	1	0.48533	0.53458	10.92046	1.05115	1	0.74681	0.55611	11.21162	1.05881	1	-0.00348	-0.00910	0.68202	0.00334	1	0.06649	-0.01391	0.70259	0.00354	1	1.45898	0.81042	0	
1267412	8547.73926	3306276991392	0.40870	0.37903	8547.62598	0.11328	11821	1	0.53447	0.40009	1	0.47453	0.43834	1	0.50450	0.41922	1	0.48506	0.53489	10.24158	1.06790	1	0.74672	0.55648	11.49029	1.07556	1	-0.00363	-0.00937	0.70189	0.00338	1	0.06649	-0.01391	0.70259	0.00358	1	1.45898	0.81042	0	
1267413	8547.74707	3306277061319	0.41339	0.37993	8547.62598	0.12109	11821	1	0.51544	0.40443	1	0.48030	0.38759	1	0.49787	0.39601	1	0.48499	0.53462	10.25803	1.08464	1	0.74680	0.55578	10.69845	1.08464	1	-0.00363	-0.00937	0.70189	0.00348	1	0.06649	-0.01391	0.70259	0.00343	1	1.45898	0.81042	0	
1267414	8547.75293	3306277128118	0.41755	0.37949	8547.62598	0.12695	11821	1	0.51041	0.36781	1	0.48265	0.37458	1	0.49653	0.37120	1	0.48495	0.53459	10.33192	1.09373	1	0.74681	0.55581	10.71783	1.09373	1	-0.00363	-0.00937	0.70189	0.00328	1	0.06649	-0.01391	0.70259	0.00368	1	1.45898	0.81042	0	
1267415	8547.75977	3306277193220	0.44541	0.39146	8547.62598	0.12695	11821	0	0.50939	0.36106	1	0.48304	0.36771	1	0.49621	0.36438	1	0.48497	0.53429	10.27805	1.10281	1	0.74674	0.55557	10.73730	1.10281	1	-0.00363	-0.00937	0.70189	0.00357	1	0.06649	-0.01391	0.70259	0.00367	1	1.45898	0.81042	0	
1267416	8547.76660	3306277259324	0.46611	0.36763	8547.62598	0.12695	11821	0	0.51028	0.31419	1	0.46334	0.37342	1	0.48681	0.34381	1	0.48502	0.53430	10.24689	1.10281	1	0.74655	0.55605	10.99413	1.10281	1	-0.00363	-0.00937	0.70189	0.00358	1	0.06649	-0.01391	0.70259	0.00353	1	1.45898	0.81042	0	
1267417	8547.77344	3306277327213	0.47693	0.37735	8547.62598	0.12695	11821	0	0.52214	0.43401	1	0.47498	0.35955	1	0.49856	0.39678	1	0.48513	0.53507	10.68783	1.10281	1	0.74673	0.55569	10.77262	1.10281	1	-0.00363	-0.00937	0.70189	0.00325	1	0.06649	-0.01391	0.70259	0.00361	1	1.45898	0.81042	0	
1267418	8547.78027	3306277394441	0.48241	0.38384	8547.75977	0.02051	11822	1	0.52308	0.44016	1	0.47466	0.36649	1	0.49887	0.40332	1	0.48514	0.53508	10.82529	1.09373	1	0.74659	0.55577	10.90630	1.09373	1	-0.00359	-0.00912	0.68344	0.00325	1	0.06486	-0.01352	0.68546	0.00369	1	1.45898	0.81042	0	
1267419	8547.78711	3306277461618	0.48416	0.38741	8547.75977	0.02734	11822	1	0.50397	0.36599	1	0.47836	0.43740	1	0.49116	0.40170	1	0.48484	0.53482	10.50488	1.08464	1	0.74665	0.55622	11.09550	1.08464	1	-0.00359	-0.00912	0.68344	0.00335	1	0.06486	-0.01352	0.68546	0.00345	1	1.45898	0.81042	0	
1267420	8547.79297	3306277528311	0.48595	0.39130	8547.75977	0.03320	11822	1	0.51180	0.37764	1	0.47800	0.44381	1	0.49490	0.41072	1	0.48496	0.53488	10.60444	1.07556	1	0.74665	0.55622	11.09550	1.07556	1	-0.00359	-0.00912	0.68344	0.00328	1	0.06486	-0.01352	0.68546	0.00345	1	1.45898	0.81042	0	
1267421	8547.79980	3306277595255	0.48728	0.39502	8547.75977	0.04004	11822	1	0.51283	0.38442	1	0.47765	0.45021	1	0.49524	0.41731	1	0.48500	0.53493	10.58667	1.06647	1	0.74664	0.55645	10.84648	1.06647	1	-0.00359	-0.00912	0.68344	0.00347	1	0.06486	-0.01352	0.68546	0.00354	1	1.45898	0.81042	0	
1267422	8547.80664	3306277660521	0.48724	0.40136	8547.75977	0.04688	11822	1	0.50968	0.42155	1	0.46419	0.46995	1	0.48694	0.44575	1	0.48489	0.53494	10.47972	1.06647	1	0.74660	0.55651	11.07561	1.06647	1	-0.00359	-0.00912	0.68344	0.00341	1	0.06486	-0.01352	0.68546	0.00358	1	1.45898	0.81042	0	
1267423	8547.81348	3306277729503	0.48249	0.40904	8547.75977	0.05371	11822	1	0.50968	0.42155	0	0.44455	0.47047	1	0.44455	0.47047	1	0.48489	0.53494	10.47972	1.06647	0	0.74628	0.55654	11.27461	1.06647	1	-0.00359	-0.00912	0.68344	0.00341	1	0.06486	-0.01352	0.68546	0.00397	1	1.45898	0.81042	0	
1267424	8547.82031	3306277796174	0.48249	0.40904	8547.75977	0.06055	11822	1	0.50968	0.42155	0	0.44455	0.47047	0	0.44455	0.47047	0	0.48489	0.53494	10.47972	1.06647	0	0.74628	0.55654	11.27461	1.06647	0	-0.00359	-0.00912	0.68344	0.00341	1	0.06486	-0.01352	0.68546	0.00397	1	1.45898	0.81042	0	
1267425	8547.82715	3306277863284	0.48249	0.40904	8547.75977	0.06738	11822	1	0.50968	0.42155	0	0.44455	0.47047	0	0.44455	0.47047	0	0.48489	0.53494	10.47972	1.06647	0	0.74628	0.55654	11.27461	1.06647	0	-0.00359	-0.00912	0.68344	0.00341	1	0.06486	-0.01352	0.68546	0.00397	1	1.45898	0.81042	0	
1267426	8547.83301	3306277929310	0.48249	0.40904	8547.75977	0.07324	11822	1	0.50968	0.42155	0	0.44455	0.47047	0	0.44455	0.47047	0	0.48489	0.53494	10.47972	1.06647	0	0.74628	0.55654	11.27461	1.06647	0	-0.00359	-0.00912	0.68344	0.00341	1	0.06486	-0.01352	0.68546	0.00397	1	1.45898	0.81042	0	
1267427	8547.83984	3306277997117	0.48713	0.41123	8547.75977	0.07324	11822	0	0.50968	0.42155	0	0.44455	0.47047	0	0.44455	0.47047	0	0.48489	0.53494	10.47972	1.06647	0	0.74628	0.55654	11.27461	1.06647	0	-0.00359	-0.00912	0.68344	0.00341	1	0.06486	-0.01352	0.68546	0.00397	1	1.45898	0.81042	0	
1267428	8547.84668	3306278061425	0.48713	0.41123	8547.75977	0.07324	11822	0	0.50968	0.42155	0	0.44455	0.47047	0	0.44455	0.47047	0	0.48489	0.53494	10.47972	1.06647	0	0.74628	0.55654	11.27461	1.06647	0	-0.00359	-0.00912	0.68344	0.00341	1	0.06486	-0.01352	0.68546	0.00397	1	1.45898	0.81042	0	
1267429	8547.85352	3306278126844	0.48713	0.41123	8547.75977	0.07324	11822	0	0.50968	0.42155	0	0.44455	0.47047	0	0.44455	0.47047	0	0.48489	0.53494	10.47972	1.06647	0	0.74628	0.55654	11.27461	1.06647	0	-0.00359	-0.00912	0.68344	0.00341	1	0.06486	-0.01352	0.68546	0.00397	1	1.45898	0.81042	0	
1267430	8547.86035	3306278195216	0.44455	0.47047	8547.75977	0.07324	11822	0	0.50968	0.42155	0	0.44455	0.47047	1	0.44455	0.47047	1	0.48489	0.53494	10.47972	1.06647	0	0.74625	0.55572	10.33172	1.06647	1	-0.00359	-0.00912	0.68344	0.00341	1	0.06503	-0.01360	0.68940	0.00364	1	1.45898	0.81042	0	
1267431	8547.86719	3306278263482	0.44455	0.47047	8547.75977	0.07324	11822	0	0.50968	0.42155	0	0.44455	0.47047	0	0.44455	0.47047	0	0.48489	0.53494	10.47972	1.06647	0	0.74625	0.55572	10.33172	1.06647	0	-0.00359	-0.00912	0.68344	0.00341	1	0.06503	-0.01360	0.68940	0.00364	1	1.45898	0.81042	0	
1267432	8547.87402	3306278331254	0.44455	0.47047	8547.75977	0.07324	11822	0	0.50968	0.42155	0	0.44455	0.47047	0	0.44455	0.47047	0	0.48489	0.53494	10.47972	1.06647	0	0.74625	0.55572	10.33172	1.06647	0	-0.00359	-0.00912	0.68344	0.00341	1	0.06503	-0.01360	0.68940	0.00364	1	1.45898	0.81042	0	
1267433	8547.88086	3306278398921	0.00000	0.00000	8547.75977	0.07324	11822	0	0.50968	0.42155	0	0.44455	0.47047	0	0.44455	0.47047	0	0.48489	0.53494	10.47972	1.06647	0	0.74625	0.55572	10.33172	1.06647	0	-0.00359	-0.00912	0.68344	0.00341	1	0.06503	-0.01360	0.68940	0.00364	1	1.45898	0.81042	0	
1267434	8547.88672	3306278465924	0.00000	0.00000	8547.75977	0.07324	11822	0	0.50968	0.42155	0	0.44455	0.47047	0	0.44455	0.47047	0	0.48489	0.53494	10.47972	1.06647	0	0.74625	0.55572	10.33172	1.06647	0	-0.00359	-0.00912	0.68344	0.00341	1	0.06503	-0.01360	0.68940	0.00364	1	1.45898	0.81042	0	
1267435	8547.89355	3306278533491	0.00000	0.00000	8547.75977	0.07324	11822	0	0.50968	0.42155	0	0.44455	0.47047	0	0.44455	0.47047	0	0.48489	0.53494	10.47972	1.06647	0	0.74625	0.55572	10.33172	1.06647	0	-0.00359	-0.00912	0.68344	0.00341	1	0.06503	-0.01360	0.68940	0.00364	1	1.45898	0.81042	0	
1267436	8547.90039	3306278599661	0.00000	0.00000	8547.75977	0.07324	11822	0	0.50968	0.42155	0	0.44455	0.47047	0	0.44455	0.47047	0	0.48489	0.53494	10.47972	1.06647	0	0.74625	0.55572	10.33172	1.06647	0	-0.00359	-0.00912	0.68344	0.00341	1	0.06503	-0.01360	0.68940	0.00364	1	1.45898	0.81042	0	
1267437	8547.90723	3306278667045	0.00000	0.00000	8547.75977	0.07324	11822	0	0.50968	0.42155	0	0.44455	0.47047	0	0.44455	0.47047	0	0.48489	0.53494	10.47972	1.06647	0	0.74625	0.55572	10.33172	1.06647	0	-0.00359	-0.00912	0.68344	0.00341	1	0.06503	-0.01360	0.68940	0.00364	1	1.45898	0.81042	0	
1267438	8547.91406	3306278733940	0.00000	0.00000	8547.75977	0.07324	11822	0	0.50968	0.42155	0	0.44455	0.47047	0	0.44455	0.47047	0	0.48489	0.53494	10.47972	1.06647	0	0.74625	0.55572	10.33172	1.06647	0	-0.00359	-0.00912	0.68344	0.00341	1	0.06503	-0.01360	0.68940	0.00364	1	1.45898	0.81042	0	
1267439	8547.92090	3306278800898	0.00000	0.00000	8547.75977	0.07324	11822	0	0.50968	0.42155	0	0.44455	0.47047	0	0.44455	0.47047	0	0.48489	0.53494	10.47972	1.06647	0	0.74625	0.55572	10.33172	1.06647	0	-0.00359	-0.00912	0.68344	0.00341	1	0.06503	-0.01360	0.68940	0.00364	1	1.45898	0.81042	0	
1267440	8547.92773	3306278867852	0.24187	0.21762	8547.75977	0.07324	11822	0	0.48725	0.45349	1	0.48023	0.41699	1	0.48374	0.43524	1	0.48373	0.53542	11.13552	1.06647	1	0.74601	0.55575	11.17987	1.06647	1	-0.00359	-0.00912	0.68344	0.00353	1	0.06503	-0.01360	0.68940	0.00361	1	1.45898	0.81042	0	
1267441	8547.93359	3306278934983	0.32582	0.27862	8547.75977	0.07324	11822	0	0.51891	0.40590	1	0.46850	0.39531	1	0.49371	0.40061	1	0.48382	0.53500	11.06059	1.06647	1	0.74584	0.55561	11.37969	1.06647	1	-0.00359	-0.00912	0.68344	0.00359	1	0.06503	-0.01360	0.68940	0.00371	1	1.45898	0.81042	0	
1267442	8547.94043	3306279002316	0.49039	0.41215	8547.75977	0.07324	11822	0	0.51891	0.40590	1	0.46850	0.39531	1	0.49371	0.40061	1	0.48377	0.53530	11.23444	1.06647	1	0.74511	0.55582	11.39116	1.06647	1	-0.00382	-0.00896	0.67117	0.00351	1	0.06403	-0.01343	0.68099	0.00382	1	1.45898	0.81042	0	
1267443	8547.94727	3306279068807	0.48418	0.42205	8547.75977	0.07324	11822	0	0.51292	0.47387	1	0.44304	0.39002	1	0.47798	0.43194	1	0.48369	0.53560	11.43403	1.06647	1	0.74506	0.55596	11.40388	1.06647	1	-0.00382	-0.00896	0.67117	0.00352	1	0.06403	-0.01343	0.68099	0.00351	1	1.45898	0.81042	0	
1267444	8547.95410	3306279135625	0.48579	0.40901	8547.75977	0.07324	11822	0	0.52644	0.44877	1	0.45157	0.31708	1	0.48900	0.38293	1	0.48355	0.53537	11.25067	1.06647	1	0.74518	0.55526	10.84851	1.06647	1	-0.00382	-0.00896	0.67117	0.00345	1	0.06403	-0.01343	0.68099	0.00382	1	1.45898	0.81042	0	
1267445	8547.96094	3306279203637	0.48659	0.40249	8547.94043	0.02051	11823	1	0.52644	0.44877	1	0.45157	0.31708	1	0.48900	0.38293	1	0.48380	0.53515	10.88146	1.06647	1	0.74521	0.55540	10.90387	1.06647	1	-0.00382	-0.00896	0.67117	0.00345	1	0.06403	-0.01343	0.68099	0.00381	1	1.45898	0.81042	0	
1267446	8547.96777	3306279268815	0.48859	0.40126	8547.94043	0.02734	11823	1	0.54617	0.40722	1	0.44696	0.38544	1	0.49656	0.39633	1	0.48392	0.53511	10.82041	1.06647	1	0.74510	0.55577	11.06172	1.06647	1	-0.00382	-0.00896	0.67117	0.00349	1	0.06403	-0.01343	0.68099	0.00385	1	1.45898	0.81042	0	
1267447	8547.97461	3306279336478	0.49155	0.40019	8547.94043	0.03418	11823	1	0.54494	0.40428	1	0.46779	0.38548	1	0.50636	0.39488	1	0.48391	0.53506	10.91188	1.06647	1	0.74548	0.55565	11.59582	1.06647	1	-0.00382	-0.00896	0.67117	0.00353	1	0.06403	-0.01343	0.68099	0.00370	1	1.45898	0.81042	0	
1267448	8547.98047	3306279403816	0.49367	0.39943	8547.94043	0.04004	11823	1	0.54494	0.40428	1	0.46779	0.38548	1	0.50636	0.39488	1	0.48375	0.53480	10.91154	1.06647	1	0.74543	0.55591	11.60816	1.06647	1	-0.00382	-0.00896	0.67117	0.00369	1	0.06403	-0.01343	0.68099	0.00349	1	1.45898	0.81042	0	
1267449	8547.98730	3306279472123	0.49374	0.39832	8547.94043	0.04688	11823	1	0.51124	0.44140	1	0.47726	0.33959	1	0.49425	0.39050	1	0.48368	0.53537	10.96751	1.06647	1	0.74553	0.55542	11.58074	1.06647	1	-0.00382	-0.00896	0.67117	0.00358	1	0.06403	-0.01343	0.68099	0.00377	1	1.45898	0.81042	0	
1267450	8547.99414	3306279538159	0.49397	0.39785	8547.94043	0.05371	11823	1	0.51120	0.45183	1	0.48046	0.33641	1	0.49583	0.39412	1	0.48377	0.53545	11.06030	1.06647	1	0.74564	0.55501	11.73020	1.06647	1	-0.00382	-0.00896	0.67117	0.00355	1	0.06403	-0.01343	0.68099	0.00391	1	1.45898	0.81042	0	
1267451	8548.00098	3306279604811	0.49414	0.39779	8547.94043	0.06055	11823	1	0.51120	0.45183	1	0.48014	0.34262	1	0.49567	0.39722	1	0.48377	0.53462	11.13183	1.06647	1	0.74573	0.55508	11.64232	1.05881	1	-0.00382	-0.00896	0.67117	0.00336	1	0.06183	-0.01291	0.65710	0.00407	1	1.45898	0.81042	0	
1267452	8548.00781	3306279671929	0.49086	0.39566	8547.94043	0.06738	11823	1	0.47806	0.30710	1	0.43798	0.44172	1	0.45802	0.37441	1	0.48363	0.53374	10.82738	1.05881	1	0.74539	0.55600	12.10649	1.05115	1	-0.00382	-0.00896	0.67117	0.00378	1	0.06183	-0.01291	0.65710	0.00348	1	1.45898	0.81042	0	
1267453	8548.01465	3306279738867	0.48859	0.39825	8547.94043	0.07422	11823	1	0.49005	0.41582	1	0.43731	0.43765	1	0.46368	0.42674	1	0.48377	0.53473	11.08591	1.05115	1	0.74534	0.55629	12.28194	1.04349	1	-0.00382	-0.00896	0.67117	0.00333	1	0.06183	-0.01291	0.65710	0.00343	1	1.45898	0.81042	0	
1267454	8548.02148	3306279805763	0.48667	0.40015	8547.94043	0.08105	11823	1	0.48986	0.41478	1	0.43733	0.43103	1	0.46359	0.42290	1	0.48399	0.53485	11.42280	1.05258	1	0.74545	0.55631	12.60023	1.05258	1	-0.00402	-0.00954	0.71457	0.00331	1	0.06303	-0.01315	0.66924	0.00342	1	1.45898	0.81042	0	
1267455	8548.02734	3306279872593	0.48583	0.39861	8547.94043	0.08691	11823	1	0.49451	0.37171	1	0.45534	0.38557	1	0.47492	0.37864	1	0.48389	0.53465	11.17192	1.06166	1	0.74567	0.55550	11.78858	1.06932	1	-0.00402	-0.00954	0.71457	0.00338	1	0.06303	-0.01315	0.66924	0.00370	1	1.45898	0.81042	0	
1267456	8548.03418	3306279938365	0.48557	0.39728	8547.94043	0.09375	11823	1	0.50032	0.40464	1	0.46348	0.35264	1	0.48190	0.37864	1	0.48390	0.53484	11.15892	1.07841	1	0.74569	0.55550	11.56941	1.08607	1	-0.00402	-0.00954	0.71457	0.00341	1	0.06303	-0.01315	0.66924	0.00370	1	1.45898	0.81042	0	
1267457	8548.04102	3306280006784	0.48532	0.39576	8547.94043	0.10059	11823	1	0.49938	0.39913	1	0.46368	0.34666	1	0.48153	0.37289	1	0.48406	0.53481	11.61711	1.08607	1	0.74590	0.55491	11.09340	1.09373	1	-0.00380	-0.00915	0.68504	0.00333	1	0.06297	-0.01312	0.66756	0.00396	1	1.45898	0.81042	0	
1267458	8548.04785	3306280071612	0.48557	0.39848	8547.94043	0.10742	11823	1	0.50385	0.45220	1	0.47535	0.43188	1	0.48960	0.44204	1	0.48391	0.53488	11.26405	1.08464	1	0.74595	0.55603	11.59845	1.08464	1	-0.00380	-0.00915	0.68504	0.00337	1	0.06297	-0.01312	0.66756	0.00352	1	1.45898	0.81042	0	
1267459	8548.05469	3306280138679	0.48596	0.39752	8547.94043	0.11426	11823	1	0.51693	0.37418	1	0.46815	0.38829	1	0.49254	0.38123	1	0.48424	0.53423	10.25273	1.07556	1	0.74584	0.55576	11.29579	1.07556	1	-0.00380	-0.00915	0.68504	0.00362	1	0.06297	-0.01312	0.66756	0.00354	1	1.45898	0.81042	0	
1267460	8548.06055	3306280204690	0.48630	0.39666	8547.94043	0.12012	11823	1	0.51693	0.37418	1	0.46815	0.38829	1	0.49254	0.38123	1	0.48456	0.53438	10.71165	1.07556	1	0.74596	0.55585	11.66972	1.07556	1	-0.00389	-0.00948	0.70990	0.00350	1	0.06297	-0.01312	0.66756	0.00357	1	1.45898	0.81042	0	
1267461	8548.06738	3306280271283	0.48721	0.39783	8547.94043	0.12695	11823	1	0.54210	0.42679	1	0.46701	0.41337	1	0.50455	0.42008	1	0.48459	0.53476	11.02383	1.08464	1	0.74589	0.55605	11.69615	1.08464	1	-0.00389	-0.00948	0.70990	0.00340	1	0.06297	-0.01312	0.66756	0.00362	1	1.45898	0.81042	0	
1267462	8548.07422	3306280337484	0.48814	0.39714	8547.94043	0.13379	11823	1	0.53802	0.38158	1	0.47543	0.38483	1	0.50673	0.38320	1	0.48460	0.53458	11.23303	1.09373	1	0.74596	0.55577	11.58297	1.09373	1	-0.00389	-0.00948	0.70990	0.00344	1	0.06297	-0.01312	0.66756	0.00362	1	1.45898	0.81042	0	
1267463	8548.08105	3306280406381	0.48898	0.39620	8547.94043	0.14062	11823	1	0.53719	0.37495	1	0.47576	0.37804	1	0.50648	0.37650	1	0.48460	0.53458	11.23303	1.10281	1	0.74589	0.55599	11.63748	1.10281	1	-0.00389	-0.00948	0.70990	0.00344	1	0.06297	-0.01312	0.66756	0.00380	1	1.45898	0.81042	0	
1267464	8548.08789	3306280473797	0.48907	0.39667	8547.94043	0.14746	11823	1	0.51993	0.40886	1	0.46214	0.40531	1	0.49104	0.40708	1	0.48428	0.53458	11.53713	1.10281	1	0.74573	0.55608	11.44324	1.10281	1	-0.00389	-0.00948	0.70990	0.00340	1	0.06297	-0.01312	0.66756	0.00386	1	1.45898	0.81042	0	
1267465	8548.09473	3306280539830	0.48878	0.39647	8547.94043	0.15430	11823	1	0.51778	0.33566	1	0.44671	0.44776	1	0.48224	0.39171	1	0.48426	0.53384	10.29393	1.10281	1	0.74559	0.55649	11.65512	1.10281	1	-0.00389	-0.00948	0.70990	0.00367	1	0.06297	-0.01312	0.66756	0.00362	1	1.45898	0.81042	0	
1267466	8548.10156	3306280609599	0.48854	0.39654	8547.94043	0.16113	11823	1	0.51874	0.34262	1	0.44661	0.45395	1	0.48268	0.39828	1	0.48446	0.53415	10.73653	1.09373	1	0.74591	0.55623	11.11174	1.09373	1	-0.00367	-0.00908	0.68050	0.00345	1	0.06503	-0.01360	0.68940	0.00358	1	1.45898	0.81042	0	
1267467	8548.10840	3306280676602	0.48955	0.39556	8547.94043	0.16797	11823	1	0.52302	0.32590	1	0.50673	0.41614	1	0.51488	0.37102	1	0.48443	0.53440	11.03561	1.08464	1	0.74649	0.55602	11.70857	1.08464	1	-0.00367	-0.00908	0.68050	0.00342	1	0.06503	-0.01360	0.68940	0.00358	1	1.45898	0.81042	0	
1267468	8548.11523	3306280743379	0.48985	0.39498	8547.94043	0.17480	11823	1	0.52592	0.33813	1	0.46913	0.42182	1	0.49753	0.37998	1	0.48441	0.53446	11.10961	1.07556	1	0.74627	0.55615	11.45546	1.07556	1	-0.00367	-0.00908	0.68050	0.00337	1	0.06503	-0.01360	0.68940	0.00351	1	1.45898	0.81042	0	
1267469	8548.12109	3306280807589	0.49013	0.39469	8547.94043	0.18066	11823	1	0.52685	0.34524	1	0.46885	0.42840	1	0.49785	0.38682	1	0.48437	0.53410	10.92374	1.06647	1	0.74598	0.55616	11.73546	1.06647	1	-0.00367	-0.00908	0.68050	0.00350	1	0.06503	-0.01360	0.68940	0.00346	1	1.45898	0.81042	0	
1267470	8548.12793	3306280877694	0.49061	0.39359	8547.94043	0.18750	11823	1	0.53888	0.37645	1	0.46934	0.34913	1	0.50411	0.36279	1	0.48458	0.53451	10.71192	1.06647	1	0.74623	0.55527	11.51763	1.06647	1	-0.00367	-0.00908	0.68050	0.00362	1	0.06503	-0.01360	0.68940	0.00385	1	1.45898	0.81042	0	
1267471	8548.13477	3306280944643	0.49029	0.39416	8547.94043	0.19434	11823	1	0.51368	0.41241	1	0.44836	0.40914	1	0.48102	0.41078	1	0.48451	0.53503	11.39305	1.06647	1	0.74633	0.55581	11.92545	1.06647	1	-0.00367	-0.00908	0.68050	0.00370	1	0.06503	-0.01360	0.68940	0.00344	1	1.45898	0.81042	0	
1267472	8548.14160	3306281011349	0.48999	0.39479	8547.94043	0.20117	11823	1	0.51368	0.41241	1	0.44827	0.41482	1	0.48097	0.41361	1	0.48474	0.53431	11.12138	1.06647	1	0.74640	0.55592	12.16743	1.05881	1	-0.00367	-0.00908	0.68050	0.00335	1	0.06221	-0.01300	0.65901	0.00339	1	1.45898	0.81042	0	
1267473	8548.14844	3306281078145	0.48986	0.39520	8547.94043	0.20801	11823	1	0.51338	0.42871	1	0.45789	0.38691	1	0.48563	0.40781	1	0.48460	0.53527	11.56990	1.05881	1	0.74645	0.55558	11.89284	1.05115	1	-0.00367	-0.00908	0.68050	0.00349	1	0.06221	-0.01300	0.65901	0.00355	1	1.45898	0.81042	0	
1267474	8548.15527	3306281145311	0.48924	0.39428	8547.94043	0.21484	11823	1	0.48615	0.32032	1	0.45260	0.40992	1	0.46937	0.36512	1	0.48454	0.53384	10.89309	1.05115	1	0.74634	0.55564	11.70585	1.04349	1	-0.00367	-0.00908	0.68050	0.00384	1	0.06221	-0.01300	0.65901	0.00354	1	1.45898	0.81042	0	
1267475	8548.16211	3306281212089	0.48867	0.39352	8547.94043	0.22168	11823	1	0.48720	0.32660	1	0.45260	0.40992	1	0.46990	0.36826	1	0.48466	0.53484	10.84752	1.04349	1	0.74633	0.55585	12.15904	1.04349	1	-0.00359	-0.00912	0.68344	0.00365	1	0.06424	-0.01341	0.68000	0.00347	1	1.45898	0.81042	0	
1267476	8548.16797	3306281279622	0.48835	0.39052	8547.94043	0.22754	11823	1	0.51659	0.16600	1	0.43879	0.41095	1	0.47769	0.28848	1	0.48519	0.53183	7.95725	1.04349	1	0.74617	0.55586	10.43105	1.05115	1	-0.00359	-0.00912	0.68344	0.00185	1	0.06424	-0.01341	0.68000	0.00351	1	1.45898	0.81042	0	
1267477	8548.17480	3306281346522	0.45380	0.51950	8547.94043	0.22754	11823	0	0.51659	0.16600	0	0.08402	2.08105	1	0.08402	2.08105	1	0.48519	0.53183	7.95725	1.05115	0	0.49322	0.51001	8.81900	1.05881	1	-0.00359	-0.00912	0.68344	0.00185	1	0.06424	-0.01341	0.68000	0.00309	1	1.45898	0.81042	0	
1267478	8548.18164	3306281413289	0.45380	0.51950	8547.94043	0.22754	11823	0	0.51659	0.16600	0	0.08402	2.08105	0	0.08402	2.08105	0	0.48519	0.53183	7.95725	1.05881	0	0.49322	0.51001	8.81900	1.06647	0	-0.00359	-0.00912	0.68344	0.00185	1	0.06424	-0.01341	0.68000	0.00309	1	1.45898	0.81042	0	
1267479	8548.18848	3306281480170	0.45380	0.51950	8547.94043	0.22754	11823	0	0.51659	0.16600	0	0.08402	2.08105	0	0.08402	2.08105	0	0.48519	0.53183	7.95725	1.06647	0	0.49322	0.51001	8.81900	1.06647	0	-0.00359	-0.00912	0.68344	0.00185	1	0.06424	-0.01341	0.68000	0.00309	1	1.45898	0.81042	0	
1267480	8548.19531	3306281547001	0.00000	0.00000	8547.94043	0.22754	11823	0	0.51659	0.16600	0	0.08402	2.08105	0	0.08402	2.08105	0	0.48519	0.53183	7.95725	1.06647	0	0.49322	0.51001	8.81900	1.06647	0	-0.00359	-0.00912	0.68344	0.00185	1	0.06424	-0.01341	0.68000	0.00309	1	1.45898	0.81042	0	
1267481	8548.20215	3306281613691	0.00000	0.00000	8547.94043	0.22754	11823	0	0.51659	0.16600	0	0.08402	2.08105	0	0.08402	2.08105	0	0.48519	0.53183	7.95725	1.06647	0	0.49322	0.51001	8.81900	1.06647	0	-0.00359	-0.00912	0.68344	0.00185	1	0.06424	-0.01341	0.68000	0.00309	1	1.45898	0.81042	0	
1267482	8548.20898	3306281681154	0.00000	0.00000	8547.94043	0.22754	11823	0	0.51659	0.16600	0	0.08402	2.08105	0	0.08402	2.08105	0	0.48519	0.53183	7.95725	1.06647	0	0.49322	0.51001	8.81900	1.06647	0	-0.00359	-0.00912	0.68344	0.00185	1	0.06424	-0.01341	0.68000	0.00309	1	1.45898	0.81042	0	
1267483	8548.21484	3306281748101	0.00000	0.00000	8547.94043	0.22754	11823	0	0.51659	0.16600	0	0.08402	2.08105	0	0.08402	2.08105	0	0.48519	0.53183	7.95725	1.06647	0	0.49322	0.51001	8.81900	1.06647	0	-0.00359	-0.00912	0.68344	0.00185	1	0.06424	-0.01341	0.68000	0.00309	1	1.45898	0.81042	0	
1267484	8548.22168	3306281815225	0.00000	0.00000	8547.94043	0.22754	11823	0	0.51659	0.16600	0	0.08402	2.08105	0	0.08402	2.08105	0	0.48519	0.53183	7.95725	1.06647	0	0.49322	0.51001	8.81900	1.06647	0	-0.00359	-0.00912	0.68344	0.00185	1	0.06424	-0.01341	0.68000	0.00309	1	1.45898	0.81042	0	
1267485	8548.22852	3306281882267	0.00000	0.00000	8547.94043	0.22754	11823	0	0.51659	0.16600	0	0.08402	2.08105	0	0.08402	2.08105	0	0.48519	0.53183	7.95725	1.06647	0	0.49322	0.51001	8.81900	1.06647	0	-0.00359	-0.00912	0.68344	0.00185	1	0.06424	-0.01341	0.68000	0.00309	1	1.45898	0.81042	0	
1267486	8548.23535	3306281949200	0.00000	0.00000	8547.94043	0.22754	11823	0	0.51659	0.16600	0	0.08402	2.08105	0	0.08402	2.08105	0	0.48519	0.53183	7.95725	1.06647	0	0.49322	0.51001	8.81900	1.06647	0	-0.00359	-0.00912	0.68344	0.00185	1	0.06424	-0.01341	0.68000	0.00309	1	1.45898	0.81042	0	
1267487	8548.24219	3306282015932	0.00000	0.00000	8547.94043	0.22754	11823	0	0.51659	0.16600	0	0.08402	2.08105	0	0.08402	2.08105	0	0.48519	0.53183	7.95725	1.06647	0	0.49322	0.51001	8.81900	1.06647	0	-0.00359	-0.00912	0.68344	0.00185	1	0.06424	-0.01341	0.68000	0.00309	1	1.45898	0.81042	0	
1267488	8548.24805	3306282078392	0.00000	0.00000	8547.94043	0.22754	11823	0	0.51659	0.16600	0	0.08402	2.08105	0	0.08402	2.08105	0	0.48519	0.53183	7.95725	1.06647	0	0.49322	0.51001	8.81900	1.06647	0	-0.00359	-0.00912	0.68344	0.00185	1	0.06424	-0.01341	0.68000	0.00309	1	1.45898	0.81042	0	
1267489	8548.25586	3306282150758	0.00000	0.00000	8547.94043	0.22754	11823	0	0.51659	0.16600	0	0.08402	2.08105	0	0.08402	2.08105	0	0.48519	0.53183	7.95725	1.06647	0	0.49322	0.51001	8.81900	1.06647	0	-0.00359	-0.00912	0.68344	0.00185	1	0.06424	-0.01341	0.68000	0.00309	1	1.45898	0.81042	0	
1267490	8548.26270	3306282217838	0.00000	0.00000	8547.94043	0.22754	11823	0	0.51659	0.16600	0	0.08402	2.08105	0	0.08402	2.08105	0	0.48519	0.53183	7.95725	1.06647	0	0.49322	0.51001	8.81900	1.06647	0	-0.00359	-0.00912	0.68344	0.00185	1	0.06424	-0.01341	0.68000	0.00309	1	1.45898	0.81042	0	
1267491	8548.26855	3306282283540	0.00000	0.00000	8547.94043	0.22754	11823	0	0.51659	0.16600	0	0.08402	2.08105	0	0.08402	2.08105	0	0.48519	0.53183	7.95725	1.06647	0	0.49322	0.51001	8.81900	1.06647	0	-0.00359	-0.00912	0.68344	0.00185	1	0.06424	-0.01341	0.68000	0.00309	1	1.45898	0.81042	0	
1267492	8548.27539	3306282351649	0.00000	0.00000	8547.94043	0.22754	11823	0	0.51659	0.16600	0	0.08402	2.08105	0	0.08402	2.08105	0	0.48519	0.53183	7.95725	1.06647	0	0.49322	0.51001	8.81900	1.06647	0	-0.00359	-0.00912	0.68344	0.00185	1	0.06424	-0.01341	0.68000	0.00309	1	1.45898	0.81042	0	
1267493	8548.28223	3306282418793	0.00000	0.00000	8547.94043	0.22754	11823	0	0.51659	0.16600	0	0.08402	2.08105	0	0.08402	2.08105	0	0.48519	0.53183	7.95725	1.06647	0	0.49322	0.51001	8.81900	1.06647	0	-0.00359	-0.00912	0.68344	0.00185	1	0.06424	-0.01341	0.68000	0.00309	1	1.45898	0.81042	0	
1267494	8548.28906	3306282484966	0.00000	0.00000	8547.94043	0.22754	11823	0	0.51659	0.16600	0	0.08402	2.08105	0	0.08402	2.08105	0	0.48519	0.53183	7.95725	1.06647	0	0.49322	0.51001	8.81900	1.06647	0	-0.00359	-0.00912	0.68344	0.00185	1	0.06424	-0.01341	0.68000	0.00309	1	1.45898	0.81042	0	
1267495	8548.29590	3306282551965	0.00000	0.00000	8547.94043	0.22754	11823	0	0.51659	0.16600	0	0.08402	2.08105	0	0.08402	2.08105	0	0.48519	0.53183	7.95725	1.06647	0	0.49322	0.51001	8.81900	1.06647	0	-0.00359	-0.00912	0.68344	0.00185	1	0.06424	-0.01341	0.68000	0.00309	1	1.45898	0.81042	0	
1267496	8548.30273	3306282618780	0.00000	0.00000	8547.94043	0.22754	11823	0	0.51659	0.16600	0	0.08402	2.08105	0	0.08402	2.08105	0	0.48519	0.53183	7.95725	1.06647	0	0.49322	0.51001	8.81900	1.06647	0	-0.00359	-0.00912	0.68344	0.00185	1	0.06424	-0.01341	0.68000	0.00309	1	1.45898	0.81042	0	
1267497	8548.30859	3306282685242	0.00000	0.00000	8547.94043	0.22754	11823	0	0.51659	0.16600	0	0.08402	2.08105	0	0.08402	2.08105	0	0.48519	0.53183	7.95725	1.06647	0	0.49322	0.51001	8.81900	1.06647	0	-0.00359	-0.00912	0.68344	0.00185	1	0.06424	-0.01341	0.68000	0.00309	1	1.45898	0.81042	0	
1267498	8548.31543	3306282753210	0.00000	0.00000	8547.94043	0.22754	11823	0	0.51659	0.16600	0	0.08402	2.08105	0	0.08402	2.08105	0	0.48519	0.53183	7.95725	1.06647	0	0.49322	0.51001	8.81900	1.06647	0	-0.00359	-0.00912	0.68344	0.00185	1	0.06424	-0.01341	0.68000	0.00309	1	1.45898	0.81042	0	
1267499	8548.32227	3306282819379	0.00000	0.00000	8547.94043	0.22754	11823	0	0.51659	0.16600	0	0.08402	2.08105	0	0.08402	2.08105	0	0.48519	0.53183	7.95725	1.06647	0	0.49322	0.51001	8.81900	1.06647	0	-0.00359	-0.00912	0.68344	0.00185	1	0.06424	-0.01341	0.68000	0.00309	1	1.45898	0.81042	0	
1267500	8548.32910	3306282886650	0.00000	0.00000	8547.94043	0.22754	11823	0	0.51659	0.16600	0	0.08402	2.08105	0	0.08402	2.08105	0	0.48519	0.53183	7.95725	1.06647	0	0.49322	0.51001	8.81900	1.06647	0	-0.00359	-0.00912	0.68344	0.00185	1	0.06424	-0.01341	0.68000	0.00309	1	1.45898	0.81042	0	
1267501	8548.33594	3306282953409	0.00000	0.00000	8547.94043	0.22754	11823	0	0.51659	0.16600	0	0.08402	2.08105	0	0.08402	2.08105	0	0.48519	0.53183	7.95725	1.06647	0	0.49322	0.51001	8.81900	1.06647	0	-0.00359	-0.00912	0.68344	0.00185	1	0.06424	-0.01341	0.68000	0.00309	1	1.45898	0.81042	0	
1267502	8548.34277	3306283020870	0.00000	0.00000	8547.94043	0.22754	11823	0	0.51659	0.16600	0	0.08402	2.08105	0	0.08402	2.08105	0	0.48519	0.53183	7.95725	1.06647	0	0.49322	0.51001	8.81900	1.06647	0	-0.00359	-0.00912	0.68344	0.00185	1	0.06424	-0.01341	0.68000	0.00309	1	1.45898	0.81042	0	
1267503	8548.34961	3306283087847	0.00000	0.00000	8547.94043	0.22754	11823	0	0.51659	0.16600	0	0.08402	2.08105	0	0.08402	2.08105	0	0.48519	0.53183	7.95725	1.06647	0	0.49322	0.51001	8.81900	1.06647	0	-0.00359	-0.00912	0.68344	0.00185	1	0.06424	-0.01341	0.68000	0.00309	1	1.45898	0.81042	0	
1267504	8548.35547	3306283154410	0.00000	0.00000	8547.94043	0.22754	11823	0	0.51659	0.16600	0	0.08402	2.08105	0	0.08402	2.08105	0	0.48519	0.53183	7.95725	1.06647	0	0.49322	0.51001	8.81900	1.06647	0	-0.00359	-0.00912	0.68344	0.00185	1	0.06424	-0.01341	0.68000	0.00309	1	1.45898	0.81042	0	
1267505	8548.36230	3306283221565	0.00000	0.00000	8547.94043	0.22754	11823	0	0.51659	0.16600	0	0.08402	2.08105	0	0.08402	2.08105	0	0.48519	0.53183	7.95725	1.06647	0	0.49322	0.51001	8.81900	1.06647	0	-0.00359	-0.00912	0.68344	0.00185	1	0.06424	-0.01341	0.68000	0.00309	1	1.45898	0.81042	0	
1267506	8548.36914	3306283287370	0.23789	0.20946	8547.94043	0.22754	11823	0	0.51631	0.40354	1	0.43527	0.43431	1	0.47579	0.41893	1	0.48539	0.53368	10.94842	1.06647	1	0.74687	0.55617	12.79253	1.06647	1	-0.00359	-0.00912	0.68344	0.00373	1	0.06424	-0.01341	0.68000	0.00355	1	1.45898	0.81042	0	
1267507	8548.37598	3306283353600	0.49027	0.41540	8547.94043	0.22754	11823	0	0.52332	0.40054	1	0.48621	0.42322	1	0.50476	0.41188	1	0.48553	0.53394	11.26403	1.06647	1	0.74732	0.55597	12.55777	1.06647	1	-0.00359	-0.00912	0.68344	0.00377	1	0.06424	-0.01341	0.68000	0.00339	1	1.45898	0.81042	0	
1267508	8548.38281	3306283422834	0.49774	0.41498	8547.94043	0.22754	11823	0	0.52416	0.40640	1	0.48624	0.42273	1	0.50520	0.41457	1	0.48536	0.53436	11.50644	1.05845	1	0.74721	0.55597	12.10868	1.06713	1	-0.00343	-0.00870	0.66271	0.00356	1	0.06615	-0.01378	0.69845	0.00344	1	1.45898	0.81042	0	
1267509	8548.38965	3306283490089	0.49557	0.40651	8547.94043	0.22754	11823	0	0.50021	0.40002	1	0.48225	0.37907	1	0.49123	0.38955	1	0.48509	0.53358	11.01572	1.05912	1	0.74727	0.55580	12.10191	1.06780	1	-0.00343	-0.00870	0.66271	0.00374	1	0.06615	-0.01378	0.69845	0.00355	1	1.45898	0.81042	0	
1267510	8548.39648	3306283556924	0.49689	0.40083	8548.37598	0.02051	11824	1	0.50825	0.41639	1	0.49345	0.35122	1	0.50085	0.38380	1	0.48517	0.53401	11.40812	1.05978	1	0.74705	0.55583	12.20150	1.06846	1	-0.00343	-0.00870	0.66271	0.00356	1	0.06615	-0.01378	0.69845	0.00352	1	1.45898	0.81042	0	
1267511	8548.40234	3306283622359	0.49758	0.39680	8548.37598	0.02637	11824	1	0.50723	0.41013	1	0.49345	0.35122	1	0.50034	0.38067	1	0.48483	0.53381	11.39598	1.06846	1	0.74697	0.55578	12.38598	1.06846	1	-0.00359	-0.00902	0.68344	0.00364	1	0.06486	-0.01352	0.68546	0.00355	1	1.45898	0.81042	0	
1267512	8548.40918	3306283686204	0.49381	0.40081	8548.37598	0.03320	11824	1	0.47190	0.43635	1	0.47805	0.40538	1	0.47498	0.42086	1	0.48463	0.53425	11.00137	1.07648	1	0.74684	0.55615	12.86162	1.06780	1	-0.00359	-0.00902	0.68344	0.00374	1	0.06486	-0.01352	0.68546	0.00362	1	1.45898	0.81042	0	
1267513	8548.41602	3306283757402	0.49296	0.40333	8548.37598	0.04004	11824	1	0.49346	0.44105	1	0.48229	0.39583	1	0.48787	0.41844	1	0.48459	0.53430	11.01332	1.07581	1	0.74683	0.55624	12.89690	1.06713	1	-0.00359	-0.00902	0.68344	0.00374	1	0.06486	-0.01352	0.68546	0.00358	1	1.45898	0.81042	0	
1267514	8548.42285	3306283824372	0.49233	0.40528	8548.37598	0.04688	11824	1	0.49354	0.44150	1	0.48226	0.39633	1	0.48790	0.41892	1	0.48456	0.53463	11.59321	1.07515	1	0.74625	0.55606	12.18924	1.06647	1	-0.00353	-0.00892	0.67176	0.00357	1	0.06486	-0.01352	0.68546	0.00356	1	1.45898	0.81042	0	
1267515	8548.42969	3306283891209	0.49117	0.41027	8548.37598	0.05371	11824	1	0.51631	0.46169	1	0.44750	0.43869	1	0.48190	0.45019	1	0.48458	0.53457	11.60646	1.06647	1	0.74633	0.55599	12.49586	1.06647	1	-0.00353	-0.00892	0.67176	0.00361	1	0.06486	-0.01352	0.68546	0.00352	1	1.45898	0.81042	0	
1267516	8548.43555	3306283955308	0.49045	0.41403	8548.37598	0.05957	11824	1	0.52047	0.45717	1	0.44750	0.43869	1	0.48398	0.44793	1	0.48461	0.53446	11.26441	1.06647	1	0.74630	0.55598	12.49203	1.06647	1	-0.00353	-0.00892	0.67176	0.00362	1	0.06486	-0.01352	0.68546	0.00352	1	1.45898	0.81042	0	SUBJECT_ONSET_LOG
1267517	8548.44238	3306284023029	0.48983	0.41654	8548.37598	0.06641	11824	1	0.51949	0.45102	1	0.44760	0.43221	1	0.48355	0.44161	1	0.48470	0.53446	11.55455	1.07556	1	0.74612	0.55619	12.79616	1.07556	1	-0.00364	-0.00907	0.68289	0.00363	1	0.06486	-0.01352	0.68546	0.00353	1	1.45898	0.81042	0	
1267518	8548.44922	3306284090304	0.48907	0.41588	8548.37598	0.07324	11824	1	0.51385	0.40174	1	0.44769	0.41555	1	0.48077	0.40864	1	0.48455	0.53399	11.12128	1.08464	1	0.74636	0.55610	12.52804	1.08464	1	-0.00364	-0.00907	0.68289	0.00376	1	0.06486	-0.01352	0.68546	0.00346	1	1.45898	0.81042	0	
1267519	8548.45605	3306284158016	0.48934	0.41494	8548.37598	0.08008	11824	1	0.52506	0.42204	1	0.46006	0.38522	1	0.49256	0.40363	1	0.48474	0.53447	11.65619	1.09373	1	0.74651	0.55587	12.43132	1.09373	1	-0.00364	-0.00907	0.68289	0.00354	1	0.06486	-0.01352	0.68546	0.00344	1	1.45898	0.81042	0	AUDIO_FILE_ONSET_LOG
1267520	8548.46289	3306284225479	0.48952	0.41290	8548.37598	0.08691	11824	1	0.52309	0.40856	1	0.46070	0.36424	1	0.49189	0.38640	1	0.48466	0.53456	12.69225	1.11320	1	0.74636	0.55588	12.57579	1.12188	1	-0.00394	-0.00968	0.72955	0.00343	1	0.06582	-0.01375	0.69722	0.00348	1	1.45898	0.81042	0	
1267521	8548.46875	3306284286552	0.48827	0.40997	8548.37598	0.09277	11824	1	0.48245	0.37161	1	0.45917	0.36637	1	0.47081	0.36899	1	0.48419	0.53403	12.10085	1.13226	1	0.74645	0.55584	12.22896	1.14094	1	-0.00394	-0.00968	0.72955	0.00350	1	0.06582	-0.01375	0.69722	0.00349	1	1.45898	0.81042	0	
1267522	8548.47656	3306284359293	0.48796	0.40543	8548.37598	0.10059	11824	1	0.47866	0.36986	1	0.48794	0.30470	1	0.48330	0.33728	1	0.48424	0.53428	12.30440	1.15132	1	0.74646	0.55592	12.29364	1.16000	1	-0.00394	-0.00968	0.72955	0.00339	1	0.06582	-0.01375	0.69722	0.00346	1	1.45898	0.81042	0	
1267523	8548.48340	3306284425599	0.48768	0.40164	8548.37598	0.10742	11824	1	0.47871	0.37015	1	0.48753	0.31174	1	0.48312	0.34094	1	0.48419	0.53434	12.45484	1.15092	1	0.74641	0.55558	12.16598	1.15092	1	-0.00382	-0.00913	0.68776	0.00338	1	0.06503	-0.01360	0.68940	0.00353	1	1.45898	0.81042	0	
1267524	8548.48926	3306284489973	0.48851	0.39943	8548.37598	0.11328	11824	1	0.50298	0.35198	1	0.50216	0.37165	1	0.50257	0.36182	1	0.48416	0.53431	12.11557	1.13145	1	0.74630	0.55591	12.53221	1.12277	1	-0.00382	-0.00913	0.68776	0.00338	1	0.06503	-0.01360	0.68940	0.00356	1	1.45898	0.81042	0	
1267525	8548.49609	3306284557437	0.48942	0.39829	8548.37598	0.12012	11824	1	0.51166	0.38633	1	0.50004	0.36925	1	0.50585	0.37779	1	0.48418	0.53442	12.28955	1.10330	1	0.74636	0.55583	12.25344	1.09462	1	-0.00382	-0.00913	0.68776	0.00342	1	0.06503	-0.01360	0.68940	0.00361	1	1.45898	0.81042	0	
1267526	8548.50293	3306284628587	0.49028	0.39830	8548.37598	0.12695	11824	1	0.51479	0.40659	1	0.49841	0.39071	1	0.50660	0.39865	1	0.48421	0.53450	12.35675	1.07515	1	0.74607	0.55590	13.00430	1.06647	1	-0.00382	-0.00913	0.68776	0.00341	1	0.06503	-0.01360	0.68940	0.00354	1	1.45898	0.81042	0	
1267527	8548.50977	3306284695341	0.49015	0.39879	8548.37598	0.13379	11824	1	0.51629	0.41041	1	0.45911	0.40670	1	0.48770	0.40855	1	0.48415	0.53451	11.85794	1.06647	1	0.74570	0.55586	12.93658	1.06647	1	-0.00382	-0.00913	0.68776	0.00341	1	0.06503	-0.01360	0.68940	0.00353	1	1.45898	0.81042	0	
1267528	8548.51660	3306284761613	0.49026	0.39987	8548.37598	0.14062	11824	1	0.51118	0.40957	1	0.47377	0.43548	1	0.49248	0.42253	1	0.48416	0.53454	11.92757	1.06647	1	0.74594	0.55592	12.62906	1.06647	1	-0.00382	-0.00913	0.68776	0.00343	1	0.06503	-0.01360	0.68940	0.00348	1	1.45898	0.81042	0	
1267529	8548.52344	3306284828994	0.49035	0.40098	8548.37598	0.14746	11824	1	0.51118	0.40957	1	0.47350	0.44098	1	0.49234	0.42528	1	0.48387	0.53432	11.43385	1.06647	1	0.74542	0.55607	12.23656	1.05881	1	-0.00382	-0.00913	0.68776	0.00359	1	0.06185	-0.01294	0.65619	0.00357	1	1.45898	0.81042	0	
1267530	8548.53027	3306284896282	0.48993	0.40161	8548.37598	0.15430	11824	1	0.51477	0.42279	1	0.44578	0.40943	1	0.48028	0.41611	1	0.48386	0.53469	11.49992	1.05881	1	0.74548	0.55575	12.64341	1.05115	1	-0.00382	-0.00913	0.68776	0.00361	1	0.06185	-0.01294	0.65619	0.00369	1	1.45898	0.81042	0	
1267531	8548.53711	3306284963285	0.48995	0.40138	8548.37598	0.16113	11824	1	0.51910	0.40635	1	0.46159	0.38578	1	0.49034	0.39606	1	0.48378	0.53429	11.05667	1.05115	1	0.74572	0.55555	12.15864	1.04349	1	-0.00382	-0.00913	0.68776	0.00367	1	0.06185	-0.01294	0.65619	0.00361	1	1.45898	0.81042	0	
1267532	8548.54395	3306285030292	0.48998	0.40116	8548.37598	0.16797	11824	1	0.51994	0.41199	1	0.46180	0.37900	1	0.49087	0.39549	1	0.48382	0.53415	11.72410	1.04349	1	0.74546	0.55591	12.60234	1.05217	1	-0.00382	-0.00891	0.67118	0.00338	1	0.06657	-0.01395	0.70743	0.00351	1	1.45898	0.81042	0	
1267533	8548.54980	3306285096800	0.49056	0.40161	8548.37598	0.17383	11824	1	0.54243	0.39704	1	0.46848	0.42988	1	0.50545	0.41346	1	0.48379	0.53439	11.68171	1.05217	1	0.74547	0.55584	12.54706	1.06851	1	-0.00382	-0.00891	0.67118	0.00340	1	0.06657	-0.01395	0.70743	0.00359	1	1.45898	0.81042	0	
1267534	8548.55664	3306285163774	0.49188	0.40094	8548.37598	0.18066	11824	1	0.55130	0.40382	1	0.50410	0.36147	1	0.52770	0.38265	1	0.48401	0.53456	12.32500	1.06851	1	0.74563	0.55570	12.32893	1.08485	1	-0.00382	-0.00891	0.67118	0.00343	1	0.06657	-0.01395	0.70743	0.00359	1	1.45898	0.81042	0	
1267535	8548.56348	3306285231119	0.49310	0.40000	8548.37598	0.18750	11824	1	0.54995	0.39197	1	0.50457	0.35552	1	0.52726	0.37375	1	0.48345	0.53425	12.36958	1.08485	1	0.74540	0.55542	12.42150	1.09251	1	-0.00392	-0.00889	0.66996	0.00350	1	0.06403	-0.01343	0.68099	0.00361	1	1.45898	0.81042	0	
1267536	8548.57031	3306285298800	0.49313	0.39945	8548.37598	0.19434	11824	1	0.51540	0.37942	1	0.47261	0.38776	1	0.49401	0.38359	1	0.48345	0.53436	12.48102	1.09251	1	0.74511	0.55586	13.22691	1.08383	1	-0.00392	-0.00889	0.66996	0.00350	1	0.06403	-0.01343	0.68099	0.00373	1	1.45898	0.81042	0	
1267537	8548.57715	3306285365616	0.49314	0.39928	8548.37598	0.20117	11824	1	0.51438	0.40327	1	0.47252	0.38473	1	0.49345	0.39400	1	0.48343	0.53454	12.18341	1.08383	1	0.74509	0.55579	12.83517	1.07515	1	-0.00392	-0.00889	0.66996	0.00343	1	0.06403	-0.01343	0.68099	0.00360	1	1.45898	0.81042	0	
1267538	8548.58398	3306285432110	0.49316	0.39940	8548.37598	0.20801	11824	1	0.51534	0.40950	1	0.47196	0.39714	1	0.49365	0.40332	1	0.48363	0.53447	12.30926	1.07515	1	0.74468	0.55546	12.25347	1.05881	1	-0.00392	-0.00889	0.66996	0.00343	1	0.06183	-0.01298	0.65813	0.00377	1	1.45898	0.81042	0	
1267539	8548.59082	3306285499673	0.49286	0.39942	8548.37598	0.21484	11824	1	0.52140	0.41645	1	0.44491	0.38336	1	0.48315	0.39990	1	0.48350	0.53455	12.35470	1.05881	1	0.74466	0.55550	12.26354	1.05115	1	-0.00392	-0.00889	0.66996	0.00350	1	0.06183	-0.01298	0.65813	0.00375	1	1.45898	0.81042	0	
1267540	8548.59668	3306285565860	0.49259	0.39970	8548.37598	0.22070	11824	1	0.52425	0.41122	1	0.44312	0.40666	1	0.48368	0.40894	1	0.48348	0.53431	12.01395	1.05115	1	0.74465	0.55554	12.19088	1.04349	1	-0.00392	-0.00889	0.66996	0.00339	1	0.06183	-0.01298	0.65813	0.00375	1	1.45898	0.81042	0	
1267541	8548.60352	3306285634029	0.49234	0.40004	8548.37598	0.22754	11824	1	0.52506	0.41683	1	0.44312	0.40666	1	0.48409	0.41175	1	0.48312	0.53483	11.75464	1.04349	1	0.74465	0.55548	12.28957	1.04349	1	-0.00392	-0.00889	0.66996	0.00349	1	0.06291	-0.01322	0.67009	0.00371	1	1.45898	0.81042	0	
1267542	8548.61035	3306285700942	0.49160	0.39979	8548.37598	0.23438	11824	1	0.49598	0.35564	1	0.43535	0.42627	1	0.46566	0.39096	1	0.48298	0.53345	11.37267	1.04349	1	0.74459	0.55582	12.49615	1.05115	1	-0.00392	-0.00889	0.66996	0.00392	1	0.06291	-0.01322	0.67009	0.00360	1	1.45898	0.81042	0	
1267543	8548.61719	3306285767004	0.49090	0.39963	8548.37598	0.24121	11824	1	0.49130	0.40843	1	0.43960	0.37933	1	0.46545	0.39388	1	0.48291	0.53428	11.67301	1.05115	1	0.74464	0.55570	12.46530	1.05881	1	-0.00392	-0.00889	0.66996	0.00352	1	0.06291	-0.01322	0.67009	0.00363	1	1.45898	0.81042	0	
1267544	8548.62402	3306285834875	0.49023	0.39940	8548.37598	0.24805	11824	1	0.49135	0.40869	1	0.43964	0.37289	1	0.46549	0.39079	1	0.48297	0.53328	11.36622	1.05079	1	0.74485	0.55554	12.14006	1.06713	1	-0.00394	-0.00884	0.66596	0.00394	1	0.06571	-0.01382	0.70048	0.00367	1	1.45898	0.81042	0	
1267545	8548.63086	3306285901146	0.49019	0.39807	8548.37598	0.25488	11824	1	0.52276	0.37305	1	0.45464	0.32248	1	0.48870	0.34777	1	0.48309	0.53419	11.63256	1.05912	1	0.74488	0.55513	12.04330	1.06780	1	-0.00394	-0.00884	0.66596	0.00348	1	0.06571	-0.01382	0.70048	0.00381	1	1.45898	0.81042	0	
1267546	8548.63770	3306285968011	0.49018	0.39736	8548.37598	0.26172	11824	1	0.52487	0.37904	1	0.45522	0.35990	1	0.49005	0.36947	1	0.48309	0.53411	11.59545	1.05978	1	0.74478	0.55529	12.24808	1.06846	1	-0.00394	-0.00884	0.66596	0.00348	1	0.06571	-0.01382	0.70048	0.00368	1	1.45898	0.81042	0	
1267547	8548.64355	3306286034644	0.49018	0.39675	8548.37598	0.26758	11824	1	0.52480	0.37854	1	0.45507	0.36621	1	0.48994	0.37237	1	0.48284	0.53382	11.42884	1.06044	1	0.74474	0.55542	12.20759	1.06044	1	-0.00394	-0.00889	0.66596	0.00372	1	0.06393	-0.01345	0.68212	0.00365	1	1.45898	0.81042	0	
1267548	8548.65039	3306286098275	0.49038	0.39632	8548.37598	0.27441	11824	1	0.52004	0.35406	1	0.47716	0.40342	1	0.49860	0.37874	1	0.48304	0.53424	11.63874	1.06044	1	0.74483	0.55551	12.17583	1.05176	1	-0.00394	-0.00889	0.66596	0.00339	1	0.06393	-0.01345	0.68212	0.00365	1	1.45898	0.81042	0	
1267549	8548.65723	3306286167949	0.49037	0.39662	8548.37598	0.28125	11824	1	0.52726	0.41150	1	0.45276	0.40721	1	0.49001	0.40936	1	0.48312	0.53441	12.04634	1.05176	1	0.74483	0.55547	12.07582	1.04308	1	-0.00394	-0.00889	0.66596	0.00338	1	0.06393	-0.01345	0.68212	0.00366	1	1.45898	0.81042	0	
1267550	8548.66406	3306286236799	0.49035	0.39677	8548.37598	0.28809	11824	1	0.52639	0.40535	1	0.45291	0.40081	1	0.48965	0.40308	1	0.48298	0.53436	11.55928	1.06019	1	0.74496	0.55559	11.83396	1.05151	1	-0.00418	-0.00913	0.68786	0.00336	1	0.06393	-0.01345	0.68212	0.00372	1	1.45898	0.81042	0	
1267551	8548.67090	3306286303717	0.49005	0.39543	8548.37598	0.29492	11824	1	0.50258	0.32206	1	0.45086	0.35121	1	0.47672	0.33663	1	0.48287	0.53348	11.49835	1.06861	1	0.74473	0.55531	12.10554	1.06861	1	-0.00418	-0.00913	0.68786	0.00385	1	0.06393	-0.01345	0.68212	0.00367	1	1.45898	0.81042	0	
1267552	8548.67773	3306286370725	0.49038	0.39496	8548.37598	0.30176	11824	1	0.50927	0.37797	1	0.50143	0.36964	1	0.50535	0.37380	1	0.48289	0.53441	11.51314	1.08571	1	0.74482	0.55552	12.02015	1.08571	1	-0.00418	-0.00913	0.68786	0.00339	1	0.06393	-0.01345	0.68212	0.00366	1	1.45898	0.81042	0	
1267553	8548.68457	3306286436824	0.49069	0.39424	8548.37598	0.30859	11824	1	0.50731	0.36533	1	0.50245	0.35649	1	0.50488	0.36091	1	0.48303	0.53448	11.53798	1.10281	1	0.74481	0.55565	12.05849	1.10281	1	-0.00418	-0.00913	0.68786	0.00347	1	0.06393	-0.01345	0.68212	0.00362	1	1.45898	0.81042	0	
1267554	8548.69141	3306286505368	0.49112	0.39283	8548.37598	0.31543	11824	1	0.51130	0.32964	1	0.51137	0.32392	1	0.51133	0.32678	1	0.48297	0.53397	11.37083	1.10281	1	0.74489	0.55532	11.71826	1.10281	1	-0.00418	-0.00913	0.68786	0.00372	1	0.06393	-0.01345	0.68212	0.00383	1	1.45898	0.81042	0	
1267555	8548.69727	3306286570840	0.49137	0.39274	8548.37598	0.32129	11824	1	0.52262	0.40780	1	0.48164	0.41378	1	0.50213	0.41079	1	0.48319	0.53438	11.49127	1.10281	1	0.74488	0.55570	12.06945	1.10281	1	-0.00418	-0.00913	0.68786	0.00346	1	0.06393	-0.01345	0.68212	0.00380	1	1.45898	0.81042	0	
1267556	8548.70410	3306286637692	0.49131	0.39285	8548.37598	0.32812	11824	1	0.52355	0.41416	1	0.48095	0.42575	1	0.50225	0.41996	1	0.48303	0.53116	11.27758	1.09373	1	0.74477	0.55483	12.37905	1.08607	1	-0.00411	-0.00899	0.68512	0.00241	1	0.06183	-0.01285	0.65917	0.00400	1	1.45898	0.81042	0	
1267557	8548.71094	3306286704765	0.49107	0.39183	8548.37598	0.33496	11824	1	0.50197	0.28892	1	0.45786	0.39258	1	0.47991	0.34075	1	0.48327	0.53281	11.79160	1.07698	1	0.74443	0.55476	12.71226	1.06932	1	-0.00411	-0.00899	0.68512	0.00362	1	0.06183	-0.01285	0.65917	0.00380	1	1.45898	0.81042	0	
1267558	8548.71777	3306286771445	0.49125	0.39008	8548.37598	0.34180	11824	1	0.52009	0.35758	1	0.49858	0.24137	1	0.50933	0.29948	1	0.48351	0.53281	11.91107	1.06024	1	0.74477	0.55337	11.99859	1.05258	1	-0.00411	-0.00899	0.68512	0.00358	1	0.06183	-0.01285	0.65917	0.00397	1	1.45898	0.81042	0	
1267559	8548.72461	3306286838773	0.49837	0.36387	8548.37598	0.34180	11824	0	0.52190	0.37057	1	0.49856	0.24174	1	0.51023	0.30616	1	0.48325	0.53037	11.43533	1.04349	1	0.74471	0.55328	11.73666	1.05217	1	-0.00392	-0.00869	0.66997	0.00238	1	0.06571	-0.01361	0.70048	0.00379	1	1.45898	0.81042	0	
1267560	8548.73145	3306286905805	0.49999	0.27445	8548.37598	0.34180	11824	0	0.50151	0.15508	1	0.50171	0.21498	1	0.50161	0.18503	1	0.48326	0.53040	11.53225	1.05217	1	0.74481	0.55336	11.87285	1.06851	1	-0.00392	-0.00869	0.66997	0.00237	1	0.06571	-0.01361	0.70048	0.00377	1	1.45898	0.81042	0	
1267561	8548.73828	3306286973539	0.49922	0.24277	8548.37598	0.34180	11824	0	0.50000	0.13683	1	0.49538	0.22202	1	0.49769	0.17942	1	0.48328	0.53036	11.53892	1.06851	1	0.74463	0.55346	12.23298	1.08485	1	-0.00392	-0.00869	0.66997	0.00245	1	0.06571	-0.01361	0.70048	0.00375	1	1.45898	0.81042	0	
1267562	8548.74414	3306287038652	0.49890	0.17868	8548.37598	0.34180	11824	0	0.49898	0.12868	1	0.49584	0.21449	1	0.49741	0.17159	1	0.48319	0.53060	11.61615	1.07684	1	0.74472	0.55375	12.32230	1.09318	1	-0.00394	-0.00869	0.66596	0.00237	1	0.06571	-0.01361	0.70048	0.00363	1	1.45898	0.81042	0	
1267563	8548.75098	3306287106711	0.50069	0.17148	8548.37598	0.34180	11824	0	0.50469	0.08158	1	0.50025	0.24697	1	0.50247	0.16428	1	0.48337	0.53057	12.10096	1.08516	1	0.74474	0.55377	11.93132	1.08516	1	-0.00394	-0.00869	0.66596	0.00231	1	0.06571	-0.01361	0.70048	0.00363	1	1.45898	0.81042	0	
1267564	8548.75781	3306287171670	0.49963	0.17154	8548.37598	0.34180	11824	0	0.49457	0.10658	1	0.50048	0.23674	1	0.49752	0.17166	1	0.48326	0.53058	11.41579	1.07714	1	0.74475	0.55387	12.19941	1.07714	1	-0.00394	-0.00869	0.66596	0.00238	1	0.06571	-0.01361	0.70048	0.00361	1	1.45898	0.81042	0	
1267565	8548.76465	3306287240533	0.49917	0.17347	8548.74414	0.02051	11825	1	0.49557	0.11459	1	0.50000	0.24394	1	0.49779	0.17926	1	0.48322	0.53070	11.74637	1.06913	1	0.74484	0.55385	12.18442	1.06913	1	-0.00394	-0.00869	0.66596	0.00237	1	0.06571	-0.01361	0.70048	0.00359	1	1.45898	0.81042	0	
1267566	8548.77148	3306287307799	0.49991	0.18092	8548.74414	0.02734	11825	1	0.49862	0.11283	1	0.50715	0.30865	1	0.50288	0.21074	1	0.48323	0.53052	11.89571	1.06913	1	0.74493	0.55380	11.90134	1.06913	1	-0.00394	-0.00869	0.66596	0.00237	1	0.06571	-0.01361	0.70048	0.00363	1	1.45898	0.81042	0	
1267567	8548.77832	3306287374696	0.49822	0.18180	8548.74414	0.03418	11825	1	0.49753	0.10025	1	0.48199	0.27214	1	0.48976	0.18619	1	0.48326	0.53046	11.69563	1.06913	1	0.74438	0.55392	12.90789	1.06913	1	-0.00394	-0.00869	0.66596	0.00238	1	0.06571	-0.01361	0.70048	0.00366	1	1.45898	0.81042	0	
1267568	8548.78418	3306287441788	0.49697	0.18135	8548.74414	0.04004	11825	1	0.49654	0.09213	1	0.48233	0.26517	1	0.48944	0.17865	1	0.48324	0.53062	11.35639	1.07714	1	0.74443	0.55437	13.12849	1.07714	1	-0.00411	-0.00889	0.68512	0.00247	1	0.06571	-0.01361	0.70048	0.00364	1	1.45898	0.81042	0	
1267569	8548.79102	3306287508732	0.49603	0.18522	8548.74414	0.04688	11825	1	0.48943	0.14073	1	0.48954	0.28385	1	0.48948	0.21229	1	0.48310	0.53067	11.76232	1.08516	1	0.74465	0.55425	12.51038	1.08516	1	-0.00411	-0.00889	0.68512	0.00239	1	0.06571	-0.01361	0.70048	0.00372	1	1.45898	0.81042	0	
1267570	8548.79785	3306287575909	0.49537	0.18828	8548.74414	0.05371	11825	1	0.49063	0.13018	1	0.48952	0.29545	1	0.49008	0.21281	1	0.48314	0.53058	11.32987	1.09318	1	0.74457	0.55431	12.55437	1.09318	1	-0.00411	-0.00889	0.68512	0.00243	1	0.06571	-0.01361	0.70048	0.00371	1	1.45898	0.81042	0	
1267571	8548.80469	3306287642541	0.49480	0.19142	8548.74414	0.06055	11825	1	0.49063	0.13018	1	0.48872	0.30901	1	0.48968	0.21960	1	0.48299	0.53052	11.31689	1.09318	1	0.74463	0.55408	12.46779	1.07684	1	-0.00394	-0.00864	0.66596	0.00233	1	0.06173	-0.01275	0.65914	0.00376	1	1.45898	0.81042	0	
1267572	8548.81152	3306287709542	0.49436	0.19479	8548.74414	0.06738	11825	1	0.48193	0.14921	1	0.49798	0.30783	1	0.48996	0.22852	1	0.48310	0.53044	11.38402	1.06882	1	0.74472	0.55396	12.31081	1.05248	1	-0.00394	-0.00864	0.66596	0.00233	1	0.06173	-0.01275	0.65914	0.00382	1	1.45898	0.81042	0	
1267573	8548.81836	3306287776627	0.49408	0.19697	8548.74414	0.07422	11825	1	0.48672	0.11593	1	0.49523	0.32599	1	0.49098	0.22096	1	0.48304	0.53050	11.27517	1.04446	1	0.74472	0.55401	12.26716	1.02812	1	-0.00394	-0.00864	0.66596	0.00239	1	0.06173	-0.01275	0.65914	0.00381	1	1.45898	0.81042	0	
1267574	8548.82520	3306287842735	0.49389	0.19999	8548.74414	0.08105	11825	1	0.48893	0.13263	1	0.49430	0.33993	1	0.49162	0.23628	1	0.48304	0.53050	11.27517	1.02812	1	0.74470	0.55409	12.43778	1.01178	1	-0.00406	-0.00884	0.67712	0.00239	1	0.06183	-0.01273	0.66022	0.00375	1	1.45898	0.81042	0	
1267575	8548.83105	3306287910464	0.49445	0.20618	8548.74414	0.08691	11825	1	0.50700	0.20462	1	0.49644	0.36860	1	0.50172	0.28661	1	0.48293	0.53062	11.51502	1.01980	1	0.74483	0.55391	11.92642	1.01980	1	-0.00406	-0.00884	0.67712	0.00233	1	0.06183	-0.01273	0.66022	0.00388	1	1.45898	0.81042	0	
1267576	8548.83789	3306287974840	0.49476	0.21070	8548.74414	0.09375	11825	1	0.51937	0.19397	1	0.47880	0.35386	1	0.49908	0.27391	1	0.48310	0.53067	11.76232	1.02782	1	0.74447	0.55426	12.94327	1.02782	1	-0.00406	-0.00884	0.67712	0.00239	1	0.06183	-0.01273	0.66022	0.00370	1	1.45898	0.81042	0	
1267577	8548.84473	3306288039877	0.49501	0.21420	8548.74414	0.10059	11825	1	0.51847	0.18627	1	0.47913	0.34724	1	0.49880	0.26676	1	0.48312	0.53058	11.26244	1.03583	1	0.74473	0.55408	12.48678	1.03583	1	-0.00406	-0.00884	0.67712	0.00246	1	0.06183	-0.01273	0.66022	0.00374	1	1.45898	0.81042	0	
1267578	8548.85156	3306288108975	0.49472	0.21755	8548.74414	0.10742	11825	1	0.49369	0.20115	1	0.48645	0.34104	1	0.49007	0.27110	1	0.48309	0.53061	11.65871	1.03583	1	0.74463	0.55438	12.53874	1.03583	1	-0.00406	-0.00884	0.67712	0.00248	1	0.06183	-0.01273	0.66022	0.00368	1	1.45898	0.81042	0	
1267579	8548.85840	3306288179297	0.49523	0.22035	8548.74414	0.11426	11825	1	0.51324	0.16468	1	0.49445	0.37117	1	0.50385	0.26792	1	0.48307	0.53057	11.22688	1.03583	1	0.74472	0.55417	12.34470	1.03583	1	-0.00406	-0.00884	0.67712	0.00239	1	0.06183	-0.01273	0.66022	0.00375	1	1.45898	0.81042	0	
1267580	8548.86523	3306288246523	0.49569	0.22269	8548.74414	0.12109	11825	1	0.51324	0.16468	1	0.49488	0.36501	1	0.50406	0.26485	1	0.48295	0.53042	11.62669	1.03583	1	0.74480	0.55397	12.08975	1.04349	1	-0.00411	-0.00889	0.68512	0.00231	1	0.06327	-0.01306	0.67501	0.00387	1	1.45898	0.81042	0	
1267581	8548.87109	3306288309464	0.49537	0.25193	8548.74414	0.12109	11825	0	0.50779	0.18932	1	0.48121	0.35842	1	0.49450	0.27387	1	0.48301	0.53053	11.36827	1.04349	1	0.74448	0.55413	12.84217	1.05115	1	-0.00411	-0.00889	0.68512	0.00231	1	0.06327	-0.01306	0.67501	0.00375	1	1.45898	0.81042	0	
1267582	8548.87793	3306288376075	0.49582	0.24215	8548.74414	0.12109	11825	0	0.50302	0.16021	1	0.48951	0.30453	1	0.49627	0.23237	1	0.48301	0.53039	11.58974	1.05115	1	0.74463	0.55382	12.33139	1.05881	1	-0.00411	-0.00889	0.68512	0.00235	1	0.06327	-0.01306	0.67501	0.00377	1	1.45898	0.81042	0	
1267583	8548.88477	3306288442362	0.49591	0.24008	8548.74414	0.12109	11825	0	0.50307	0.16055	1	0.48911	0.31133	1	0.49609	0.23594	1	0.48312	0.53027	11.74537	1.05079	1	0.74492	0.55413	11.95845	1.05079	1	-0.00394	-0.00864	0.66596	0.00241	1	0.06183	-0.01273	0.66022	0.00388	1	1.45898	0.81042	0	
1267584	8548.89160	3306288512336	0.49613	0.24819	8548.87109	0.02051	11826	1	0.48607	0.17168	1	0.50753	0.37335	1	0.49680	0.27251	1	0.48308	0.53042	11.52155	1.04278	1	0.74491	0.55407	11.94754	1.03512	1	-0.00394	-0.00864	0.66596	0.00237	1	0.06183	-0.01273	0.66022	0.00388	1	1.45898	0.81042	0	
1267585	8548.89844	3306288581037	0.49634	0.25151	8548.87109	0.02734	11826	1	0.49918	0.18346	1	0.49521	0.34615	1	0.49719	0.26480	1	0.48312	0.53039	11.69519	1.02710	1	0.74473	0.55365	11.94764	1.01944	1	-0.00394	-0.00864	0.66596	0.00234	1	0.06183	-0.01273	0.66022	0.00397	1	1.45898	0.81042	0	
1267586	8548.90527	3306288648072	0.49661	0.25556	8548.87109	0.03418	11826	1	0.50119	0.19870	1	0.49475	0.35289	1	0.49797	0.27579	1	0.48302	0.53030	11.68866	1.01142	1	0.74448	0.55395	12.63122	1.01142	1	-0.00394	-0.00859	0.66596	0.00229	1	0.06393	-0.01315	0.68212	0.00388	1	1.45898	0.81042	0	
1267587	8548.91211	3306288714135	0.49584	0.25668	8548.87109	0.04102	11826	1	0.49229	0.17209	1	0.49007	0.35472	1	0.49118	0.26341	1	0.48310	0.53014	11.89467	1.01142	1	0.74469	0.55379	12.23450	1.01908	1	-0.00394	-0.00859	0.66596	0.00232	1	0.06393	-0.01315	0.68212	0.00391	1	1.45898	0.81042	0	
1267588	8548.91895	3306288780978	0.49593	0.25360	8548.87109	0.04785	11826	1	0.49048	0.17831	1	0.50262	0.28576	1	0.49655	0.23203	1	0.48313	0.53016	11.94380	1.01908	1	0.74479	0.55305	12.10787	1.02674	1	-0.00394	-0.00859	0.66596	0.00231	1	0.06393	-0.01315	0.68212	0.00415	1	1.45898	0.81042	0	
1267589	8548.92578	3306288848173	0.49596	0.24913	8548.87109	0.05469	11826	1	0.48835	0.16286	1	0.50418	0.26397	1	0.49627	0.21341	1	0.48324	0.53029	11.37390	1.03476	1	0.74476	0.55344	12.19412	1.05110	1	-0.00399	-0.00880	0.68243	0.00232	1	0.06571	-0.01350	0.70048	0.00396	1	1.45898	0.81042	0	
1267590	8548.93164	3306288915442	0.49526	0.24612	8548.87109	0.06055	11826	1	0.49118	0.13193	1	0.48669	0.30598	1	0.48894	0.21895	1	0.48321	0.53024	11.68888	1.05912	1	0.74492	0.55372	12.39649	1.06780	1	-0.00399	-0.00880	0.68243	0.00232	1	0.06571	-0.01350	0.70048	0.00389	1	1.45898	0.81042	0	
1267591	8548.93848	3306288982235	0.49469	0.23893	8548.87109	0.06738	11826	1	0.49786	0.10880	1	0.48003	0.22535	1	0.48895	0.16707	1	0.48330	0.53020	11.54193	1.07581	1	0.74476	0.55348	12.16644	1.08449	1	-0.00399	-0.00880	0.68243	0.00240	1	0.06571	-0.01350	0.70048	0.00395	1	1.45898	0.81042	0	
1267592	8548.94531	3306289049434	0.49414	0.23195	8548.87109	0.07422	11826	1	0.49582	0.09213	1	0.48036	0.21813	1	0.48809	0.15513	1	0.48336	0.53016	11.40474	1.09251	1	0.74472	0.55367	12.30831	1.09251	1	-0.00392	-0.00859	0.66997	0.00243	1	0.06271	-0.01288	0.66804	0.00387	1	1.45898	0.81042	0	
1267593	8548.95215	3306289117004	0.49221	0.22772	8548.87109	0.08105	11826	1	0.49011	0.08400	1	0.44800	0.27003	1	0.46906	0.17702	1	0.48337	0.53020	11.51660	1.09251	1	0.74472	0.55360	12.05526	1.08383	1	-0.00392	-0.00859	0.66997	0.00241	1	0.06271	-0.01288	0.66804	0.00390	1	1.45898	0.81042	0	
1267594	8548.95898	3306289183227	0.49115	0.22483	8548.87109	0.08789	11826	1	0.49871	0.09443	1	0.45601	0.28001	1	0.47736	0.18722	1	0.48324	0.53023	11.62371	1.08383	1	0.74480	0.55375	12.27241	1.07515	1	-0.00392	-0.00859	0.66997	0.00244	1	0.06271	-0.01288	0.66804	0.00390	1	1.45898	0.81042	0	
1267595	8548.96582	3306289249659	0.49022	0.22251	8548.87109	0.09473	11826	1	0.49866	0.09402	1	0.45587	0.28621	1	0.47727	0.19012	1	0.48343	0.53015	11.53805	1.08424	1	0.74476	0.55367	12.15191	1.06790	1	-0.00408	-0.00902	0.70718	0.00236	1	0.06183	-0.01269	0.65813	0.00390	1	1.45898	0.81042	0	
1267596	8548.97266	3306289317053	0.49045	0.22115	8548.87109	0.10156	11826	1	0.51000	0.11723	1	0.47777	0.28424	1	0.49388	0.20073	1	0.48349	0.53022	11.30331	1.07698	1	0.74516	0.55383	11.79631	1.06932	1	-0.00408	-0.00902	0.70718	0.00233	1	0.06183	-0.01269	0.65813	0.00381	1	1.45898	0.81042	0	
1267597	8548.97852	3306289384072	0.49047	0.22077	8548.87109	0.10742	11826	1	0.51038	0.11436	1	0.47109	0.31508	1	0.49073	0.21472	1	0.48357	0.53024	11.36246	1.07841	1	0.74513	0.55385	11.98234	1.07075	1	-0.00408	-0.00902	0.70718	0.00233	1	0.06183	-0.01269	0.65813	0.00373	1	1.45898	0.81042	0	
1267598	8548.98535	3306289450821	0.49048	0.22037	8548.87109	0.11426	11826	1	0.51022	0.11295	1	0.47113	0.31390	1	0.49068	0.21343	1	0.48363	0.53019	11.57231	1.07983	1	0.74514	0.55414	12.27829	1.07217	1	-0.00408	-0.00907	0.70694	0.00235	1	0.06183	-0.01269	0.65813	0.00378	1	1.45898	0.81042	0	
1267599	8548.99219	3306289518874	0.49071	0.22149	8548.87109	0.12109	11826	1	0.49896	0.13342	1	0.49090	0.34986	1	0.49493	0.24164	1	0.48367	0.53033	11.21997	1.07217	1	0.74543	0.55415	11.97371	1.07217	1	-0.00408	-0.00907	0.70694	0.00234	1	0.06183	-0.01269	0.65813	0.00385	1	1.45898	0.81042	0	
1267600	8548.99902	3306289583177	0.49092	0.22336	8548.87109	0.12793	11826	1	0.51347	0.17467	1	0.47640	0.34319	1	0.49493	0.25893	1	0.48385	0.53031	10.30042	1.07217	1	0.74516	0.55385	11.40166	1.07217	1	-0.00408	-0.00907	0.70694	0.00213	1	0.06183	-0.01269	0.65813	0.00398	1	1.45898	0.81042	0	
1267601	8549.00586	3306289651569	0.49023	0.22906	8548.87109	0.13477	11826	1	0.51347	0.17467	0	0.47640	0.34319	1	0.47640	0.34319	1	0.48385	0.53031	10.30042	1.07217	0	0.74520	0.55419	12.31232	1.07217	1	-0.00408	-0.00907	0.70694	0.00213	1	0.06183	-0.01269	0.65813	0.00384	1	1.45898	0.81042	0	
1267602	8549.01270	3306289719462	0.49023	0.22906	8548.87109	0.14160	11826	1	0.51347	0.17467	0	0.47640	0.34319	0	0.47640	0.34319	0	0.48385	0.53031	10.30042	1.07217	0	0.74520	0.55419	12.31232	1.07217	0	-0.00408	-0.00907	0.70694	0.00213	1	0.06183	-0.01269	0.65813	0.00384	1	1.45898	0.81042	0	
1267603	8549.01953	3306289786212	0.49023	0.22906	8548.87109	0.14844	11826	1	0.51347	0.17467	0	0.47640	0.34319	0	0.47640	0.34319	0	0.48385	0.53031	10.30042	1.07217	0	0.74520	0.55419	12.31232	1.07217	0	-0.00408	-0.00907	0.70694	0.00213	1	0.06183	-0.01269	0.65813	0.00384	1	1.45898	0.81042	0	
1267604	8549.02539	3306289852674	0.49023	0.22906	8548.87109	0.15430	11826	1	0.51347	0.17467	0	0.47640	0.34319	0	0.47640	0.34319	0	0.48385	0.53031	10.30042	1.07217	0	0.74520	0.55419	12.31232	1.07217	0	-0.00408	-0.00907	0.70694	0.00213	1	0.06183	-0.01269	0.65813	0.00384	1	1.45898	0.81042	0	
1267605	8549.03223	3306289919623	0.48593	0.21401	8548.87109	0.15430	11826	0	0.51347	0.17467	0	0.47640	0.34319	0	0.47640	0.34319	0	0.48385	0.53031	10.30042	1.07217	0	0.74520	0.55419	12.31232	1.07217	0	-0.00408	-0.00907	0.70694	0.00213	1	0.06183	-0.01269	0.65813	0.00384	1	1.45898	0.81042	0	
1267606	8549.03906	3306289986877	0.48593	0.21401	8548.87109	0.15430	11826	0	0.51347	0.17467	0	0.47640	0.34319	0	0.47640	0.34319	0	0.48385	0.53031	10.30042	1.07217	0	0.74520	0.55419	12.31232	1.07217	0	-0.00408	-0.00907	0.70694	0.00213	1	0.06183	-0.01269	0.65813	0.00384	1	1.45898	0.81042	0	
1267607	8549.04590	3306290053644	0.48593	0.21401	8548.87109	0.15430	11826	0	0.51347	0.17467	0	0.47640	0.34319	0	0.47640	0.34319	0	0.48385	0.53031	10.30042	1.07217	0	0.74520	0.55419	12.31232	1.07217	0	-0.00408	-0.00907	0.70694	0.00213	1	0.06183	-0.01269	0.65813	0.00384	1	1.45898	0.81042	0	
1267608	8549.05273	3306290122153	0.00000	0.00000	8548.87109	0.15430	11826	0	0.51347	0.17467	0	0.47640	0.34319	0	0.47640	0.34319	0	0.48385	0.53031	10.30042	1.07217	0	0.74520	0.55419	12.31232	1.07217	0	-0.00408	-0.00907	0.70694	0.00213	1	0.06183	-0.01269	0.65813	0.00384	1	1.45898	0.81042	0	
1267609	8549.05859	3306290185211	0.00000	0.00000	8548.87109	0.15430	11826	0	0.51347	0.17467	0	0.47640	0.34319	0	0.47640	0.34319	0	0.48385	0.53031	10.30042	1.07217	0	0.74520	0.55419	12.31232	1.07217	0	-0.00408	-0.00907	0.70694	0.00213	1	0.06183	-0.01269	0.65813	0.00384	1	1.45898	0.81042	0	
1267610	8549.06543	3306290249919	0.00000	0.00000	8548.87109	0.15430	11826	0	0.51347	0.17467	0	0.47640	0.34319	0	0.47640	0.34319	0	0.48385	0.53031	10.30042	1.07217	0	0.74520	0.55419	12.31232	1.07217	0	-0.00408	-0.00907	0.70694	0.00213	1	0.06183	-0.01269	0.65813	0.00384	1	1.45898	0.81042	0	
1267611	8549.07227	3306290321304	0.00000	0.00000	8548.87109	0.15430	11826	0	0.51347	0.17467	0	0.47640	0.34319	0	0.47640	0.34319	0	0.48385	0.53031	10.30042	1.07217	0	0.74520	0.55419	12.31232	1.07217	0	-0.00408	-0.00907	0.70694	0.00213	1	0.06183	-0.01269	0.65813	0.00384	1	1.45898	0.81042	0	
1267612	8549.07910	3306290389218	0.00000	0.00000	8548.87109	0.15430	11826	0	0.51347	0.17467	0	0.47640	0.34319	0	0.47640	0.34319	0	0.48385	0.53031	10.30042	1.07217	0	0.74520	0.55419	12.31232	1.07217	0	-0.00408	-0.00907	0.70694	0.00213	1	0.06183	-0.01269	0.65813	0.00384	1	1.45898	0.81042	0	
1267613	8549.08594	3306290455970	0.00000	0.00000	8548.87109	0.15430	11826	0	0.51347	0.17467	0	0.47640	0.34319	0	0.47640	0.34319	0	0.48385	0.53031	10.30042	1.07217	0	0.74520	0.55419	12.31232	1.07217	0	-0.00408	-0.00907	0.70694	0.00213	1	0.06183	-0.01269	0.65813	0.00384	1	1.45898	0.81042	0	
1267614	8549.09277	3306290522911	0.00000	0.00000	8548.87109	0.15430	11826	0	0.51347	0.17467	0	0.47640	0.34319	0	0.47640	0.34319	0	0.48385	0.53031	10.30042	1.07217	0	0.74520	0.55419	12.31232	1.07217	0	-0.00408	-0.00907	0.70694	0.00213	1	0.06183	-0.01269	0.65813	0.00384	1	1.45898	0.81042	0	
1267615	8549.09961	3306290589947	0.00000	0.00000	8548.87109	0.15430	11826	0	0.51347	0.17467	0	0.47640	0.34319	0	0.47640	0.34319	0	0.48385	0.53031	10.30042	1.07217	0	0.74520	0.55419	12.31232	1.07217	0	-0.00408	-0.00907	0.70694	0.00213	1	0.06183	-0.01269	0.65813	0.00384	1	1.45898	0.81042	0	
1267616	8549.10645	3306290655332	0.00000	0.00000	8548.87109	0.15430	11826	0	0.51347	0.17467	0	0.47640	0.34319	0	0.47640	0.34319	0	0.48385	0.53031	10.30042	1.07217	0	0.74520	0.55419	12.31232	1.07217	0	-0.00408	-0.00907	0.70694	0.00213	1	0.06183	-0.01269	0.65813	0.00384	1	1.45898	0.81042	0	
1267617	8549.11328	3306290723830	0.00000	0.00000	8548.87109	0.15430	11826	0	0.51347	0.17467	0	0.47640	0.34319	0	0.47640	0.34319	0	0.48385	0.53031	10.30042	1.07217	0	0.74520	0.55419	12.31232	1.07217	0	-0.00408	-0.00907	0.70694	0.00213	1	0.06183	-0.01269	0.65813	0.00384	1	1.45898	0.81042	0	
1267618	8549.11914	3306290790846	0.00000	0.00000	8548.87109	0.15430	11826	0	0.51347	0.17467	0	0.47640	0.34319	0	0.47640	0.34319	0	0.48385	0.53031	10.30042	1.07217	0	0.74520	0.55419	12.31232	1.07217	0	-0.00408	-0.00907	0.70694	0.00213	1	0.06183	-0.01269	0.65813	0.00384	1	1.45898	0.81042	0	
1267619	8549.12598	3306290857550	0.00000	0.00000	8548.87109	0.15430	11826	0	0.51347	0.17467	0	0.47640	0.34319	0	0.47640	0.34319	0	0.48385	0.53031	10.30042	1.07217	0	0.74520	0.55419	12.31232	1.07217	0	-0.00408	-0.00907	0.70694	0.00213	1	0.06183	-0.01269	0.65813	0.00384	1	1.45898	0.81042	0	
1267620	8549.13281	3306290924074	0.00000	0.00000	8548.87109	0.15430	11826	0	0.51347	0.17467	0	0.47640	0.34319	0	0.47640	0.34319	0	0.48385	0.53031	10.30042	1.07217	0	0.74520	0.55419	12.31232	1.07217	0	-0.00408	-0.00907	0.70694	0.00213	1	0.06183	-0.01269	0.65813	0.00384	1	1.45898	0.81042	0	
1267621	8549.13965	3306290991773	0.00000	0.00000	8548.87109	0.15430	11826	0	0.51347	0.17467	0	0.47640	0.34319	0	0.47640	0.34319	0	0.48385	0.53031	10.30042	1.07217	0	0.74520	0.55419	12.31232	1.07217	0	-0.00408	-0.00907	0.70694	0.00213	1	0.06183	-0.01269	0.65813	0.00384	1	1.45898	0.81042	0	
1267622	8549.14648	3306291058833	0.00000	0.00000	8548.87109	0.15430	11826	0	0.51347	0.17467	0	0.47640	0.34319	0	0.47640	0.34319	0	0.48385	0.53031	10.30042	1.07217	0	0.74520	0.55419	12.31232	1.07217	0	-0.00408	-0.00907	0.70694	0.00213	1	0.06183	-0.01269	0.65813	0.00384	1	1.45898	0.81042	0	
1267623	8549.15332	3306291125981	0.00000	0.00000	8548.87109	0.15430	11826	0	0.51347	0.17467	0	0.47640	0.34319	0	0.47640	0.34319	0	0.48385	0.53031	10.30042	1.07217	0	0.74520	0.55419	12.31232	1.07217	0	-0.00408	-0.00907	0.70694	0.00213	1	0.06183	-0.01269	0.65813	0.00384	1	1.45898	0.81042	0	
1267624	8549.16016	3306291192470	0.00000	0.00000	8548.87109	0.15430	11826	0	0.51347	0.17467	0	0.47640	0.34319	0	0.47640	0.34319	0	0.48385	0.53031	10.30042	1.07217	0	0.74520	0.55419	12.31232	1.07217	0	-0.00408	-0.00907	0.70694	0.00213	1	0.06183	-0.01269	0.65813	0.00384	1	1.45898	0.81042	0	
1267625	8549.16602	3306291260166	0.00000	0.00000	8548.87109	0.15430	11826	0	0.51347	0.17467	0	0.47640	0.34319	0	0.47640	0.34319	0	0.48385	0.53031	10.30042	1.07217	0	0.74520	0.55419	12.31232	1.07217	0	-0.00408	-0.00907	0.70694	0.00213	1	0.06183	-0.01269	0.65813	0.00384	1	1.45898	0.81042	0	
1267626	8549.17285	3306291328034	0.00000	0.00000	8548.87109	0.15430	11826	0	0.51347	0.17467	0	0.47640	0.34319	0	0.47640	0.34319	0	0.48385	0.53031	10.30042	1.07217	0	0.74520	0.55419	12.31232	1.07217	0	-0.00408	-0.00907	0.70694	0.00213	1	0.06183	-0.01269	0.65813	0.00384	1	1.45898	0.81042	0	
1267627	8549.17969	3306291393535	0.00000	0.00000	8548.87109	0.15430	11826	0	0.51347	0.17467	0	0.47640	0.34319	0	0.47640	0.34319	0	0.48385	0.53031	10.30042	1.07217	0	0.74520	0.55419	12.31232	1.07217	0	-0.00408	-0.00907	0.70694	0.00213	1	0.06183	-0.01269	0.65813	0.00384	1	1.45898	0.81042	0	
1267628	8549.18652	3306291460652	0.00000	0.00000	8548.87109	0.15430	11826	0	0.51347	0.17467	0	0.47640	0.34319	0	0.47640	0.34319	0	0.48385	0.53031	10.30042	1.07217	0	0.74520	0.55419	12.31232	1.07217	0	-0.00408	-0.00907	0.70694	0.00213	1	0.06183	-0.01269	0.65813	0.00384	1	1.45898	0.81042	0	
1267629	8549.19336	3306291527640	0.00000	0.00000	8548.87109	0.15430	11826	0	0.51347	0.17467	0	0.47640	0.34319	0	0.47640	0.34319	0	0.48385	0.53031	10.30042	1.07217	0	0.74520	0.55419	12.31232	1.07217	0	-0.00408	-0.00907	0.70694	0.00213	1	0.06183	-0.01269	0.65813	0.00384	1	1.45898	0.81042	0	
1267630	8549.20020	3306291594340	0.00000	0.00000	8548.87109	0.15430	11826	0	0.51347	0.17467	0	0.47640	0.34319	0	0.47640	0.34319	0	0.48385	0.53031	10.30042	1.07217	0	0.74520	0.55419	12.31232	1.07217	0	-0.00408	-0.00907	0.70694	0.00213	1	0.06183	-0.01269	0.65813	0.00384	1	1.45898	0.81042	0	
1267631	8549.20703	3306291662147	0.24779	0.13015	8548.87109	0.15430	11826	0	0.51448	0.18320	1	0.47668	0.33738	1	0.49558	0.26029	1	0.48385	0.53263	11.24698	1.06309	1	0.74491	0.55359	12.76605	1.07943	1	-0.00399	-0.00880	0.68243	0.00385	1	0.06657	-0.01371	0.70855	0.00400	1	1.45898	0.81042	0	
1267632	8549.21289	3306291728441	0.49997	0.29170	8548.87109	0.15430	11826	0	0.53448	0.36538	1	0.47425	0.28083	1	0.50436	0.32311	1	0.48328	0.53223	11.58075	1.07034	1	0.74511	0.55371	12.84726	1.08668	1	-0.00399	-0.00880	0.68243	0.00386	1	0.06657	-0.01371	0.70855	0.00381	1	1.45898	0.81042	0	
1267633	8549.21973	3306291795229	0.50335	0.31699	8548.87109	0.15430	11826	0	0.54363	0.36891	1	0.46983	0.31564	1	0.50673	0.34227	1	0.48357	0.53263	11.71554	1.07760	1	0.74509	0.55410	13.31844	1.09394	1	-0.00399	-0.00880	0.68243	0.00387	1	0.06657	-0.01371	0.70855	0.00377	1	1.45898	0.81042	0	
1267634	8549.22656	3306291862359	0.50436	0.32470	8548.87109	0.15430	11826	0	0.54299	0.36345	1	0.46978	0.31680	1	0.50639	0.34013	1	0.48325	0.53314	11.56096	1.08485	1	0.74497	0.55383	13.02064	1.09251	1	-0.00399	-0.00880	0.68243	0.00392	1	0.06291	-0.01297	0.67009	0.00385	1	1.45898	0.81042	0	
1267635	8549.23340	3306291929520	0.50691	0.33601	8549.21289	0.02051	11827	1	0.52398	0.42624	1	0.50510	0.31366	1	0.51454	0.36995	1	0.48321	0.53325	11.59581	1.09251	1	0.74519	0.55361	12.77559	1.08383	1	-0.00399	-0.00880	0.68243	0.00382	1	0.06291	-0.01297	0.67009	0.00381	1	1.45898	0.81042	0	
1267636	8549.24023	3306291993905	0.50358	0.34366	8549.21289	0.02734	11827	1	0.52360	0.41646	1	0.45698	0.33201	1	0.49029	0.37423	1	0.48316	0.53308	11.80274	1.08383	1	0.74491	0.55364	12.33488	1.07515	1	-0.00399	-0.00880	0.68243	0.00379	1	0.06291	-0.01297	0.67009	0.00386	1	1.45898	0.81042	0	
1267637	8549.24609	3306292060938	0.50137	0.34870	8549.21289	0.03320	11827	1	0.52356	0.41617	1	0.45698	0.33169	1	0.49027	0.37393	1	0.48319	0.53237	11.48791	1.08424	1	0.74488	0.55359	12.36471	1.07556	1	-0.00415	-0.00904	0.70064	0.00412	1	0.06393	-0.01320	0.68212	0.00389	1	1.45898	0.81042	0	
1267638	8549.25293	3306292127663	0.50279	0.35139	8549.21289	0.04004	11827	1	0.54394	0.40994	1	0.47872	0.32513	1	0.51133	0.36753	1	0.48344	0.53322	11.87143	1.08464	1	0.74481	0.55388	12.48541	1.08464	1	-0.00415	-0.00904	0.70064	0.00378	1	0.06393	-0.01320	0.68212	0.00388	1	1.45898	0.81042	0	
1267639	8549.25977	3306292194999	0.50283	0.35451	8549.21289	0.04688	11827	1	0.54165	0.41788	1	0.46460	0.33478	1	0.50313	0.37633	1	0.48339	0.53333	11.88905	1.09373	1	0.74455	0.55429	12.85582	1.09373	1	-0.00415	-0.00904	0.70064	0.00379	1	0.06393	-0.01320	0.68212	0.00387	1	1.45898	0.81042	0	
1267640	8549.26660	3306292261430	0.50286	0.35693	8549.21289	0.05371	11827	1	0.54165	0.41788	1	0.46460	0.33478	1	0.50313	0.37633	1	0.48339	0.53333	11.88905	1.09373	1	0.74458	0.55418	12.83448	1.09373	1	-0.00411	-0.00889	0.68512	0.00379	1	0.06393	-0.01315	0.68212	0.00392	1	1.45898	0.81042	0	
1267641	8549.27344	3306292328934	0.50118	0.35927	8549.21289	0.06055	11827	1	0.52995	0.41315	1	0.44217	0.34734	1	0.48606	0.38024	1	0.48332	0.53329	11.95452	1.08464	1	0.74427	0.55431	13.04600	1.08464	1	-0.00411	-0.00889	0.68512	0.00375	1	0.06393	-0.01315	0.68212	0.00389	1	1.45898	0.81042	0	
1267642	8549.28027	3306292395638	0.50011	0.36303	8549.21289	0.06738	11827	1	0.53000	0.45747	1	0.44876	0.34383	1	0.48938	0.40065	1	0.48328	0.53353	12.36626	1.07556	1	0.74434	0.55422	13.05874	1.07556	1	-0.00411	-0.00889	0.68512	0.00373	1	0.06393	-0.01315	0.68212	0.00396	1	1.45898	0.81042	0	
1267643	8549.28711	3306292463586	0.49928	0.36721	8549.21289	0.07422	11827	1	0.53171	0.46895	1	0.44854	0.35744	1	0.49012	0.41319	1	0.48346	0.53335	11.97480	1.05845	1	0.74424	0.55387	13.08626	1.05845	1	-0.00405	-0.00865	0.66700	0.00379	1	0.06393	-0.01325	0.68212	0.00422	1	1.45898	0.81042	0	
1267644	8549.29395	3306292530203	0.49968	0.36774	8549.21289	0.08105	11827	1	0.54926	0.43104	1	0.45967	0.31719	1	0.50447	0.37412	1	0.48355	0.53326	11.98126	1.05044	1	0.74448	0.55317	12.75780	1.05044	1	-0.00405	-0.00865	0.66700	0.00381	1	0.06393	-0.01325	0.68212	0.00426	1	1.45898	0.81042	0	
1267645	8549.29980	3306292596075	0.50031	0.37056	8549.21289	0.08691	11827	1	0.53947	0.42838	1	0.47762	0.38606	1	0.50854	0.40722	1	0.48340	0.53304	12.05722	1.04242	1	0.74442	0.55390	12.85795	1.04242	1	-0.00405	-0.00865	0.66700	0.00365	1	0.06393	-0.01325	0.68212	0.00402	1	1.45898	0.81042	0	
1267646	8549.30762	3306292666958	0.50087	0.37341	8549.21289	0.09473	11827	1	0.54023	0.43416	1	0.47730	0.39233	1	0.50876	0.41324	1	0.48340	0.53335	11.93988	1.03440	1	0.74440	0.55350	12.64377	1.03440	1	-0.00405	-0.00860	0.66700	0.00377	1	0.06393	-0.01315	0.68212	0.00404	1	1.45898	0.81042	0	
1267647	8549.31348	3306292733729	0.50134	0.37440	8549.21289	0.10059	11827	1	0.52328	0.41013	1	0.49326	0.36835	1	0.50827	0.38924	1	0.48314	0.53263	11.41312	1.03440	1	0.74467	0.55369	12.95914	1.03440	1	-0.00405	-0.00860	0.66700	0.00378	1	0.06393	-0.01315	0.68212	0.00421	1	1.45898	0.81042	0	
1267648	8549.32031	3306292800645	0.50038	0.37379	8549.21289	0.10742	11827	1	0.50665	0.36717	1	0.46366	0.36090	1	0.48516	0.36404	1	0.48284	0.53234	12.05571	1.03440	1	0.74453	0.55341	12.85807	1.03440	1	-0.00405	-0.00860	0.66700	0.00375	1	0.06393	-0.01315	0.68212	0.00425	1	1.45898	0.81042	0	
1267649	8549.32715	3306292867144	0.49952	0.37289	8549.21289	0.11426	11827	1	0.50567	0.36087	1	0.46388	0.35439	1	0.48478	0.35763	1	0.48276	0.53235	12.25094	1.04242	1	0.74407	0.55358	12.97520	1.04242	1	-0.00406	-0.00873	0.67713	0.00374	1	0.06393	-0.01320	0.68212	0.00433	1	1.45898	0.81042	0	
1267650	8549.33398	3306292934104	0.49860	0.37379	8549.21289	0.12109	11827	1	0.50378	0.39799	1	0.46043	0.38191	1	0.48210	0.38995	1	0.48278	0.53260	12.58401	1.05044	1	0.74412	0.55396	13.60516	1.05044	1	-0.00406	-0.00873	0.67713	0.00362	1	0.06393	-0.01320	0.68212	0.00409	1	1.45898	0.81042	0	
1267651	8549.34082	3306293001263	0.49777	0.37288	8549.21289	0.12793	11827	1	0.52553	0.35851	1	0.43853	0.35301	1	0.48203	0.35576	1	0.48322	0.53224	11.68023	1.05845	1	0.74415	0.55369	13.48037	1.05845	1	-0.00406	-0.00873	0.67713	0.00380	1	0.06393	-0.01320	0.68212	0.00418	1	1.45898	0.81042	0	
1267652	8549.34766	3306293068094	0.49698	0.37143	8549.21289	0.13477	11827	1	0.52375	0.34523	1	0.43860	0.33935	1	0.48118	0.34229	1	0.48295	0.53229	12.29466	1.07556	1	0.74396	0.55427	13.92223	1.07556	1	-0.00415	-0.00904	0.70064	0.00372	1	0.06393	-0.01315	0.68212	0.00395	1	1.45898	0.81042	0	
1267653	8549.35352	3306293135129	0.49599	0.37172	8549.21289	0.14062	11827	1	0.48868	0.38475	1	0.46161	0.37117	1	0.47515	0.37796	1	0.48262	0.53276	12.69847	1.08464	1	0.74422	0.55404	13.48581	1.08464	1	-0.00415	-0.00904	0.70064	0.00367	1	0.06393	-0.01315	0.68212	0.00392	1	1.45898	0.81042	0	
1267654	8549.36035	3306293201908	0.49528	0.37037	8549.21289	0.14746	11827	1	0.50428	0.34148	1	0.45515	0.33958	1	0.47972	0.34053	1	0.48284	0.53238	12.38518	1.09373	1	0.74410	0.55396	13.24233	1.09373	1	-0.00415	-0.00904	0.70064	0.00376	1	0.06393	-0.01315	0.68212	0.00404	1	1.45898	0.81042	0	
1267655	8549.36719	3306293268895	0.49461	0.36883	8549.21289	0.15430	11827	1	0.50321	0.33450	1	0.45532	0.33243	1	0.47927	0.33347	1	0.48272	0.53254	12.15326	1.10281	1	0.74446	0.55395	13.56677	1.10281	1	-0.00430	-0.00914	0.70819	0.00364	1	0.06393	-0.01315	0.68212	0.00394	1	1.45898	0.81042	0	
1267656	8549.37402	3306293336063	0.49427	0.36731	8549.21289	0.16113	11827	1	0.51558	0.31300	1	0.45621	0.34861	1	0.48590	0.33080	1	0.48317	0.53228	12.70022	1.10281	1	0.74404	0.55408	13.79836	1.10281	1	-0.00430	-0.00914	0.70819	0.00381	1	0.06393	-0.01315	0.68212	0.00399	1	1.45898	0.81042	0	
1267657	8549.38086	3306293403089	0.49380	0.36626	8549.21289	0.16797	11827	1	0.51184	0.31280	1	0.45267	0.36717	1	0.48226	0.33998	1	0.48317	0.53258	13.07948	1.10281	1	0.74400	0.55421	13.71041	1.10281	1	-0.00430	-0.00914	0.70819	0.00371	1	0.06393	-0.01315	0.68212	0.00393	1	1.45898	0.81042	0	
1267658	8549.38770	3306293469888	0.49338	0.36529	8549.21289	0.17480	11827	1	0.51184	0.31280	1	0.45267	0.36717	1	0.48226	0.33998	1	0.48299	0.53207	12.67706	1.10281	1	0.74400	0.55407	13.61896	1.10281	1	-0.00430	-0.00914	0.70819	0.00382	1	0.06393	-0.01315	0.68212	0.00403	1	1.45898	0.81042	0	
1267659	8549.39453	3306293537305	0.49333	0.36274	8549.21289	0.18164	11827	1	0.49217	0.26736	1	0.49200	0.32044	1	0.49209	0.29390	1	0.48279	0.53229	12.65034	1.10281	1	0.74455	0.55366	13.09782	1.10281	1	-0.00430	-0.00914	0.70819	0.00381	1	0.06393	-0.01315	0.68212	0.00402	1	1.45898	0.81042	0	
1267660	8549.40137	3306293603948	0.49306	0.36053	8549.21289	0.18848	11827	1	0.51013	0.26804	1	0.46057	0.32922	1	0.48535	0.29863	1	0.48270	0.53224	12.10606	1.10281	1	0.74454	0.55356	13.35601	1.10281	1	-0.00430	-0.00914	0.70819	0.00378	1	0.06393	-0.01315	0.68212	0.00392	1	1.45898	0.81042	0	
1267661	8549.40723	3306293669893	0.49280	0.35846	8549.21289	0.19434	11827	1	0.51013	0.26804	1	0.46057	0.32922	1	0.48535	0.29863	1	0.48256	0.53221	12.10600	1.10281	1	0.74446	0.55373	13.29964	1.10281	1	-0.00418	-0.00882	0.68786	0.00375	1	0.06327	-0.01296	0.67501	0.00397	1	1.45898	0.81042	0	
1267662	8549.41406	3306293736823	0.48323	0.33161	8549.21289	0.19434	11827	0	0.50046	0.28984	1	0.47597	0.36503	1	0.48822	0.32744	1	0.48291	0.53244	12.93475	1.10281	1	0.74439	0.55369	13.35651	1.10281	1	-0.00418	-0.00882	0.68786	0.00382	1	0.06327	-0.01296	0.67501	0.00401	1	1.45898	0.81042	0	
1267663	8549.42090	3306293805768	0.49097	0.32284	8549.21289	0.19434	11827	0	0.51131	0.24390	1	0.48613	0.38422	1	0.49872	0.31406	1	0.48280	0.53227	12.68309	1.10281	1	0.74454	0.55371	13.34445	1.10281	1	-0.00418	-0.00882	0.68786	0.00393	1	0.06327	-0.01296	0.67501	0.00390	1	1.45898	0.81042	0	
1267664	8549.42773	3306293871948	0.49344	0.31716	8549.21289	0.19434	11827	0	0.51017	0.23507	1	0.48660	0.37652	1	0.49838	0.30580	1	0.48278	0.53238	12.83589	1.11320	1	0.74419	0.55396	13.94483	1.11320	1	-0.00440	-0.00935	0.73344	0.00393	1	0.06327	-0.01296	0.67501	0.00391	1	1.45898	0.81042	0	
1267665	8549.43457	3306293938856	0.48859	0.32043	8549.41406	0.02051	11828	1	0.49115	0.28867	1	0.45695	0.37179	1	0.47405	0.33023	1	0.48271	0.53245	12.78494	1.12358	1	0.74419	0.55396	13.94483	1.12358	1	-0.00440	-0.00935	0.73344	0.00403	1	0.06327	-0.01296	0.67501	0.00391	1	1.45898	0.81042	0	
1267666	8549.44141	3306294004455	0.48503	0.31775	8549.41406	0.02734	11828	1	0.50995	0.24447	1	0.43161	0.36963	1	0.47078	0.30705	1	0.48307	0.53229	12.94129	1.13396	1	0.74419	0.55396	13.94483	1.13396	1	-0.00440	-0.00935	0.73344	0.00380	1	0.06327	-0.01296	0.67501	0.00391	1	1.45898	0.81042	0	
1267667	8549.44727	3306294072397	0.48266	0.31597	8549.41406	0.03320	11828	1	0.50995	0.24447	1	0.43161	0.36963	1	0.47078	0.30705	1	0.48358	0.53179	12.24221	1.13396	1	0.74437	0.55383	13.38426	1.13396	1	-0.00415	-0.00893	0.70064	0.00395	1	0.06327	-0.01296	0.67501	0.00394	1	1.45898	0.81042	0	
1267668	8549.45410	3306294139835	0.48191	0.31118	8549.41406	0.04004	11828	1	0.50896	0.21898	1	0.44588	0.34598	1	0.47742	0.28248	1	0.48346	0.53178	11.80658	1.12358	1	0.74430	0.55352	13.28547	1.12358	1	-0.00415	-0.00893	0.70064	0.00391	1	0.06327	-0.01296	0.67501	0.00405	1	1.45898	0.81042	0	
1267669	8549.46094	3306294206824	0.48472	0.29847	8549.41406	0.04688	11828	1	0.51511	0.09408	1	0.49364	0.32478	1	0.50438	0.20943	1	0.48290	0.53030	12.11945	1.11320	1	0.74428	0.55379	13.41251	1.11320	1	-0.00415	-0.00893	0.70064	0.00260	1	0.06327	-0.01296	0.67501	0.00392	1	1.45898	0.81042	0	
1267670	8549.46777	3306294274147	0.48693	0.28959	8549.41406	0.05371	11828	1	0.51622	0.10422	1	0.49311	0.33297	1	0.50466	0.21860	1	0.48178	0.53325	11.96713	1.10281	1	0.74287	0.55406	12.95734	1.10281	1	-0.00443	-0.00928	0.71132	0.00375	1	0.06349	-0.01325	0.67958	0.00382	1	1.45898	0.81042	0	
1267671	8549.47461	3306294340791	0.48421	0.29505	8549.41406	0.06055	11828	1	0.45915	0.32667	1	0.46032	0.36171	1	0.45974	0.34419	1	0.48101	0.53360	12.14496	1.10281	1	0.74256	0.55513	13.32083	1.10281	1	-0.00443	-0.00928	0.71132	0.00387	1	0.06349	-0.01325	0.67958	0.00371	1	1.45898	0.81042	0	
1267672	8549.48145	3306294407121	0.48348	0.28528	8549.41406	0.06738	11828	1	0.44716	0.12346	1	0.50514	0.25179	1	0.47615	0.18762	1	0.48097	0.53250	11.03556	1.10281	1	0.74283	0.55508	12.62119	1.10281	1	-0.00443	-0.00928	0.71132	0.00252	1	0.06349	-0.01325	0.67958	0.00389	1	1.45898	0.81042	0	
1267673	8549.48828	3306294474602	0.48285	0.27742	8549.41406	0.07422	11828	1	0.44716	0.12346	1	0.50467	0.25841	1	0.47591	0.19093	1	0.47999	0.53718	12.54343	1.10281	1	0.74017	0.55764	13.39830	1.09515	1	-0.00457	-0.00956	0.70015	0.00328	1	0.06097	-0.01321	0.65732	0.00334	1	1.45898	0.81042	0	
1267674	8549.49512	3306294541664	0.47575	0.29599	8549.41406	0.08105	11828	1	0.42813	0.49554	1	0.35297	0.54214	1	0.39055	0.51884	1	0.47966	0.53764	11.65138	1.09515	1	0.73981	0.55797	12.98316	1.08749	1	-0.00457	-0.00956	0.70015	0.00350	1	0.06097	-0.01321	0.65732	0.00354	1	1.45898	0.81042	0	
1267675	8549.50098	3306294608942	0.46936	0.31517	8549.41406	0.08691	11828	1	0.41594	0.59182	1	0.35665	0.53719	1	0.38629	0.56450	1	0.47976	0.53793	12.39706	1.08749	1	0.73986	0.55791	13.20831	1.07983	1	-0.00457	-0.00956	0.70015	0.00341	1	0.06097	-0.01321	0.65732	0.00360	1	1.45898	0.81042	0	
1267676	8549.50781	3306294673861	0.46404	0.33274	8549.41406	0.09375	11828	1	0.42076	0.60529	1	0.35839	0.55225	1	0.38957	0.57877	1	0.48056	0.53813	12.43377	1.06273	1	0.73985	0.55848	12.88508	1.05507	1	-0.00433	-0.00912	0.66438	0.00352	1	0.06097	-0.01321	0.65732	0.00330	1	1.45898	0.81042	0	
1267677	8549.51465	3306294743222	0.45919	0.34717	8549.41406	0.10059	11828	1	0.41618	0.60302	1	0.35656	0.52420	1	0.38637	0.56361	1	0.48006	0.53787	12.51965	1.03797	1	0.74017	0.55850	12.60447	1.03797	1	-0.00433	-0.00912	0.66438	0.00334	1	0.06097	-0.01321	0.65732	0.00331	1	1.45898	0.81042	0	
1267678	8549.52148	3306294810468	0.45621	0.36375	8549.41406	0.10742	11828	1	0.43498	0.66383	1	0.38203	0.59426	1	0.40851	0.62905	1	0.48023	0.53786	12.45959	1.02087	1	0.74059	0.55860	12.65687	1.02087	1	-0.00433	-0.00912	0.66438	0.00322	1	0.06097	-0.01321	0.65732	0.00339	1	1.45898	0.81042	0	
1267679	8549.52832	3306294877653	0.43908	0.40998	8549.41406	0.10742	11828	0	0.43673	0.66845	1	0.38211	0.59511	1	0.40942	0.63178	1	0.47999	0.53787	12.57265	1.01178	1	0.74046	0.55870	12.45468	1.01944	1	-0.00446	-0.00938	0.69111	0.00318	1	0.06378	-0.01381	0.68706	0.00327	1	1.45898	0.81042	0	
1267680	8549.53516	3306294943723	0.41140	0.51876	8549.41406	0.10742	11828	0	0.42180	0.62660	1	0.34564	0.62846	1	0.38372	0.62753	1	0.48007	0.53758	12.60993	1.02746	1	0.74039	0.55864	12.36069	1.03512	1	-0.00446	-0.00938	0.69111	0.00318	1	0.06378	-0.01381	0.68706	0.00323	1	1.45898	0.81042	0	
1267681	8549.54199	3306295010219	0.40148	0.54314	8549.41406	0.10742	11828	0	0.40894	0.62544	1	0.35435	0.55838	1	0.38164	0.59191	1	0.48003	0.53761	12.52712	1.04313	1	0.74046	0.55851	12.23216	1.05079	1	-0.00446	-0.00938	0.69111	0.00318	1	0.06378	-0.01381	0.68706	0.00315	1	1.45898	0.81042	0	
1267682	8549.54785	3306295078036	0.38177	0.60226	8549.41406	0.10742	11828	0	0.40566	0.61706	1	0.35426	0.55765	1	0.37996	0.58735	1	0.48019	0.53768	12.19259	1.05881	1	0.74041	0.55873	12.65493	1.05200	1	-0.00446	-0.00938	0.69111	0.00319	1	0.05856	-0.01266	0.62985	0.00328	1	1.45898	0.81042	0	
1267683	8549.55469	3306295144451	0.38258	0.60565	8549.41406	0.10742	11828	0	0.40870	0.62281	1	0.35807	0.59528	1	0.38338	0.60904	1	0.47989	0.53761	11.94763	1.05200	1	0.74069	0.55834	12.88247	1.03753	1	-0.00446	-0.00938	0.69111	0.00322	1	0.05856	-0.01266	0.62985	0.00318	1	1.45898	0.81042	0	
1267684	8549.56152	3306295211291	0.38665	0.61573	8549.41406	0.10742	11828	0	0.41940	0.64271	1	0.37021	0.62907	1	0.39480	0.63589	1	0.48005	0.53769	11.82929	1.03753	1	0.74082	0.55858	13.05158	1.02307	1	-0.00446	-0.00938	0.69111	0.00323	1	0.05856	-0.01266	0.62985	0.00316	1	1.45898	0.81042	0	
1267685	8549.56836	3306295278357	0.38876	0.62049	8549.54785	0.02051	11829	1	0.42048	0.64551	1	0.36965	0.62404	1	0.39506	0.63478	1	0.48026	0.53741	11.86209	1.03215	1	0.74144	0.55847	12.20938	1.03215	1	-0.00450	-0.00958	0.70550	0.00316	1	0.06349	-0.01370	0.68173	0.00324	1	1.45898	0.81042	0	
1267686	8549.57520	3306295345270	0.39044	0.61239	8549.54785	0.02734	11829	1	0.41731	0.59877	1	0.37700	0.56119	1	0.39716	0.57998	1	0.48016	0.53739	11.49854	1.04124	1	0.74128	0.55819	11.96587	1.05571	1	-0.00450	-0.00958	0.70550	0.00317	1	0.06349	-0.01370	0.68173	0.00323	1	1.45898	0.81042	0	
1267687	8549.58203	3306295412621	0.39095	0.60847	8549.54785	0.03418	11829	1	0.41491	0.60018	1	0.37212	0.57757	1	0.39351	0.58887	1	0.48014	0.53746	11.57851	1.06479	1	0.74136	0.55828	11.89169	1.07926	1	-0.00450	-0.00958	0.70550	0.00316	1	0.06349	-0.01370	0.68173	0.00331	1	1.45898	0.81042	0	
1267688	8549.58887	3306295479004	0.39120	0.60516	8549.54785	0.04102	11829	1	0.41362	0.59664	1	0.37175	0.57387	1	0.39269	0.58526	1	0.48015	0.53747	11.80138	1.07124	1	0.74138	0.55858	12.88056	1.08571	1	-0.00414	-0.00893	0.66481	0.00315	1	0.06291	-0.01353	0.67556	0.00318	1	1.45898	0.81042	0	
1267689	8549.59473	3306295546412	0.39037	0.60333	8549.54785	0.04688	11829	1	0.41234	0.57628	1	0.35685	0.60489	1	0.38459	0.59058	1	0.48052	0.53726	11.46624	1.06861	1	0.74140	0.55862	12.91207	1.06861	1	-0.00414	-0.00893	0.66481	0.00319	1	0.06291	-0.01353	0.67556	0.00318	1	1.45898	0.81042	0	
1267690	8549.60156	3306295613012	0.39137	0.60450	8549.54785	0.05371	11829	1	0.43577	0.62002	1	0.36291	0.60759	1	0.39934	0.61380	1	0.48119	0.53762	12.52151	1.05151	1	0.74138	0.55858	12.88056	1.05151	1	-0.00414	-0.00893	0.66481	0.00344	1	0.06291	-0.01353	0.67556	0.00320	1	1.45898	0.81042	0	
1267691	8549.60840	3306295679782	0.39238	0.60636	8549.54785	0.06055	11829	1	0.43893	0.62917	1	0.36405	0.61714	1	0.40149	0.62316	1	0.48139	0.53743	13.27148	1.03440	1	0.74125	0.55845	12.81429	1.03440	1	-0.00414	-0.00893	0.66481	0.00344	1	0.06349	-0.01370	0.68173	0.00314	1	1.45898	0.81042	0	
1267692	8549.61523	3306295747487	0.39191	0.60843	8549.54785	0.06738	11829	1	0.43247	0.63291	1	0.34201	0.62518	1	0.38724	0.62905	1	0.48090	0.53723	12.45098	1.03440	1	0.74108	0.55849	12.35794	1.03440	1	-0.00414	-0.00893	0.66481	0.00328	1	0.06349	-0.01370	0.68173	0.00315	1	1.45898	0.81042	0	
1267693	8549.62207	3306295814815	0.39124	0.60844	8549.54785	0.07422	11829	1	0.41393	0.58783	1	0.35384	0.62936	1	0.38389	0.60859	1	0.48073	0.53727	12.90698	1.03440	1	0.74130	0.55846	12.73759	1.03440	1	-0.00414	-0.00893	0.66481	0.00324	1	0.06349	-0.01370	0.68173	0.00313	1	1.45898	0.81042	0	
1267694	8549.62891	3306295881695	0.39070	0.60861	8549.54785	0.08105	11829	1	0.41393	0.58783	1	0.35443	0.63354	1	0.38418	0.61069	1	0.48071	0.53733	12.50121	1.03440	1	0.74140	0.55827	12.72977	1.02674	1	-0.00414	-0.00893	0.66481	0.00334	1	0.06164	-0.01327	0.66030	0.00315	1	1.45898	0.81042	0	
1267695	8549.63574	3306295948525	0.39023	0.60790	8549.54785	0.08789	11829	1	0.40377	0.60335	1	0.36439	0.59379	1	0.38408	0.59857	1	0.48065	0.53722	12.40533	1.02674	1	0.74143	0.55826	12.69460	1.01908	1	-0.00414	-0.00893	0.66481	0.00333	1	0.06164	-0.01327	0.66030	0.00319	1	1.45898	0.81042	0	
1267696	8549.64160	3306296011592	0.38962	0.60877	8549.54785	0.09375	11829	1	0.41113	0.64442	1	0.35108	0.59765	1	0.38110	0.62104	1	0.48061	0.53721	12.30200	1.01908	1	0.74125	0.55809	12.22653	1.01142	1	-0.00414	-0.00893	0.66481	0.00323	1	0.06164	-0.01327	0.66030	0.00319	1	1.45898	0.81042	0	
1267697	8549.64844	3306296080624	0.38906	0.60938	8549.54785	0.10059	11829	1	0.41105	0.64423	1	0.35043	0.59292	1	0.38074	0.61858	1	0.48097	0.53668	12.11672	1.01944	1	0.74163	0.55812	12.11775	1.01944	1	-0.00411	-0.00898	0.66925	0.00312	1	0.06349	-0.01366	0.67958	0.00326	1	1.45898	0.81042	0	
1267698	8549.65527	3306296145525	0.38880	0.60847	8549.54785	0.10742	11829	1	0.42050	0.59912	1	0.34872	0.58841	1	0.38461	0.59376	1	0.48096	0.53658	12.12925	1.02746	1	0.74156	0.55816	12.46218	1.03512	1	-0.00411	-0.00898	0.66925	0.00312	1	0.06349	-0.01366	0.67958	0.00325	1	1.45898	0.81042	0	
1267699	8549.66113	3306296210113	0.38896	0.60688	8549.54785	0.11328	11829	1	0.42077	0.56308	1	0.36265	0.59691	1	0.39171	0.57999	1	0.48089	0.53653	12.15964	1.04313	1	0.74192	0.55822	12.72631	1.05079	1	-0.00411	-0.00898	0.66925	0.00322	1	0.06349	-0.01366	0.67958	0.00332	1	1.45898	0.81042	0	
1267700	8549.66797	3306296279564	0.38894	0.60471	8549.54785	0.12012	11829	1	0.41589	0.54834	1	0.36100	0.58282	1	0.38845	0.56558	1	0.48109	0.53667	11.90214	1.06790	1	0.74185	0.55825	12.96266	1.07556	1	-0.00418	-0.00923	0.68786	0.00338	1	0.06299	-0.01350	0.67420	0.00322	1	1.45898	0.81042	0	
1267701	8549.67578	3306296349603	0.38903	0.60409	8549.54785	0.12793	11829	1	0.40008	0.60057	1	0.38149	0.58419	1	0.39078	0.59238	1	0.48081	0.53658	11.97670	1.08464	1	0.74226	0.55830	12.46837	1.08464	1	-0.00418	-0.00923	0.68786	0.00320	1	0.06299	-0.01350	0.67420	0.00328	1	1.45898	0.81042	0	
1267702	8549.68164	3306296414343	0.38876	0.60213	8549.54785	0.13379	11829	1	0.41405	0.60064	1	0.35290	0.52504	1	0.38347	0.56284	1	0.48106	0.53661	12.18784	1.09373	1	0.74173	0.55807	12.52766	1.09373	1	-0.00418	-0.00923	0.68786	0.00315	1	0.06299	-0.01350	0.67420	0.00325	1	1.45898	0.81042	0	
1267703	8549.68848	3306296481708	0.38847	0.60011	8549.54785	0.14062	11829	1	0.41228	0.59580	1	0.35224	0.51949	1	0.38226	0.55764	1	0.48096	0.53636	11.59088	1.10281	1	0.74231	0.55777	12.47845	1.10281	1	-0.00418	-0.00913	0.68786	0.00319	1	0.06299	-0.01340	0.67420	0.00341	1	1.45898	0.81042	0	
1267704	8549.69531	3306296549563	0.38785	0.59904	8549.54785	0.14746	11829	1	0.39079	0.58247	1	0.35750	0.56852	1	0.37415	0.57550	1	0.48143	0.53651	11.97363	1.10281	1	0.74220	0.55732	12.78176	1.10281	1	-0.00418	-0.00913	0.68786	0.00316	1	0.06299	-0.01340	0.67420	0.00324	1	1.45898	0.81042	0	
1267705	8549.70215	3306296614215	0.38590	0.59932	8549.54785	0.15430	11829	1	0.35777	0.64947	1	0.32456	0.56228	1	0.34116	0.60588	1	0.48128	0.53626	12.30809	1.10281	1	0.74254	0.55747	13.34700	1.10281	1	-0.00418	-0.00913	0.68786	0.00295	1	0.06299	-0.01340	0.67420	0.00311	1	1.45898	0.81042	0	
1267706	8549.70898	3306296682513	0.38417	0.59978	8549.54785	0.16113	11829	1	0.35996	0.65389	1	0.32544	0.56747	1	0.34270	0.61068	1	0.48361	0.53369	12.02751	1.09373	1	0.74426	0.55570	13.23962	1.09373	1	-0.00369	-0.00876	0.68323	0.00351	1	0.06346	-0.01316	0.67490	0.00353	1	1.45898	0.81042	0	
1267707	8549.71582	3306296750870	0.38625	0.59396	8549.54785	0.16797	11829	1	0.45381	0.46450	1	0.42232	0.43257	1	0.43806	0.44853	1	0.48397	0.53325	11.44614	1.08464	1	0.74472	0.55480	12.63209	1.08464	1	-0.00369	-0.00876	0.68323	0.00351	1	0.06346	-0.01316	0.67490	0.00378	1	1.45898	0.81042	0	
1267708	8549.72266	3306296820013	0.38765	0.59065	8549.54785	0.17480	11829	1	0.43715	0.49056	1	0.41102	0.51846	1	0.42409	0.50451	1	0.48445	0.53251	12.12509	1.07556	1	0.74499	0.55464	13.31747	1.07556	1	-0.00369	-0.00876	0.68323	0.00332	1	0.06346	-0.01316	0.67490	0.00334	1	1.45898	0.81042	0	
1267709	8549.72852	3306296884833	0.38887	0.55897	8549.54785	0.17480	11829	0	0.43876	0.49641	1	0.41121	0.52419	1	0.42499	0.51030	1	0.48561	0.52852	12.14056	1.06647	1	0.74618	0.55274	12.71821	1.06647	1	-0.00338	-0.00844	0.68221	0.00242	1	0.06369	-0.01276	0.67516	0.00395	1	1.45898	0.81042	0	
1267710	8549.73535	3306296948267	0.44769	0.44901	8549.54785	0.17480	11829	0	0.51652	0.26284	1	0.49649	0.41527	1	0.50651	0.33906	1	0.48585	0.52963	11.94925	1.06647	1	0.74630	0.55261	12.59765	1.06647	1	-0.00338	-0.00844	0.68221	0.00404	1	0.06369	-0.01276	0.67516	0.00384	1	1.45898	0.81042	0	
1267711	8549.74219	3306297019020	0.46589	0.40895	8549.54785	0.17480	11829	0	0.51974	0.30858	1	0.48483	0.34905	1	0.50229	0.32882	1	0.48594	0.53020	12.11340	1.06647	1	0.74644	0.55249	12.67943	1.06647	1	-0.00338	-0.00844	0.68221	0.00379	1	0.06369	-0.01276	0.67516	0.00386	1	1.45898	0.81042	0	
1267712	8549.74902	3306297086991	0.50378	0.33439	8549.54785	0.17480	11829	0	0.52060	0.31513	1	0.48447	0.35547	1	0.50254	0.33530	1	0.48590	0.53038	12.30314	1.05845	1	0.74666	0.55195	12.67764	1.05845	1	-0.00338	-0.00818	0.67290	0.00382	1	0.06503	-0.01298	0.68940	0.00400	1	1.45898	0.81042	0	
1267713	8549.75586	3306297153611	0.50523	0.32402	8549.54785	0.17480	11829	0	0.51601	0.28986	1	0.49735	0.33746	1	0.50668	0.31366	1	0.48583	0.52988	12.12681	1.05044	1	0.74668	0.55183	13.03139	1.05044	1	-0.00338	-0.00818	0.67290	0.00395	1	0.06503	-0.01298	0.68940	0.00388	1	1.45898	0.81042	0	
1267714	8549.76270	3306297220792	0.50575	0.32333	8549.54785	0.17480	11829	0	0.51371	0.29312	1	0.49987	0.35076	1	0.50679	0.32194	1	0.48576	0.52979	12.10261	1.04242	1	0.74671	0.55206	12.99738	1.04242	1	-0.00338	-0.00818	0.67290	0.00391	1	0.06503	-0.01298	0.68940	0.00383	1	1.45898	0.81042	0	
1267715	8549.76953	3306297287675	0.50601	0.32298	8549.74902	0.02051	11830	1	0.51371	0.29312	1	0.49987	0.35076	1	0.50679	0.32194	1	0.48581	0.52976	11.99137	1.04242	1	0.74678	0.55230	12.95133	1.04242	1	-0.00345	-0.00822	0.67690	0.00395	1	0.06424	-0.01280	0.68000	0.00374	1	1.45898	0.81042	0	
1267716	8549.77637	3306297354636	0.50428	0.32791	8549.74902	0.02734	11830	1	0.52458	0.33185	1	0.47013	0.36339	1	0.49735	0.34762	1	0.48591	0.53015	12.23196	1.05044	1	0.74665	0.55226	13.16104	1.05044	1	-0.00345	-0.00822	0.67690	0.00378	1	0.06424	-0.01280	0.68000	0.00375	1	1.45898	0.81042	0	
1267717	8549.78223	3306297421903	0.50131	0.33115	8549.74902	0.03320	11830	1	0.50112	0.34799	1	0.47182	0.34667	1	0.48647	0.34733	1	0.48555	0.52966	11.81391	1.05845	1	0.74668	0.55224	13.10254	1.05845	1	-0.00345	-0.00822	0.67690	0.00402	1	0.06424	-0.01280	0.68000	0.00374	1	1.45898	0.81042	0	
1267718	8549.78906	3306297487818	0.49919	0.33346	8549.74902	0.04004	11830	1	0.50112	0.34799	1	0.47182	0.34667	1	0.48647	0.34733	1	0.48576	0.52937	11.65496	1.05845	1	0.74659	0.55221	13.21576	1.05845	1	-0.00333	-0.00801	0.66370	0.00417	1	0.06424	-0.01280	0.68000	0.00377	1	1.45898	0.81042	0	
1267719	8549.79590	3306297554259	0.50061	0.33598	8549.74902	0.04688	11830	1	0.54475	0.35279	1	0.47639	0.35442	1	0.51057	0.35360	1	0.48579	0.52974	11.87944	1.05044	1	0.74670	0.55212	12.94664	1.05044	1	-0.00333	-0.00801	0.66370	0.00398	1	0.06424	-0.01280	0.68000	0.00373	1	1.45898	0.81042	0	
1267720	8549.80273	3306297623289	0.50168	0.34086	8549.74902	0.05371	11830	1	0.54893	0.39213	1	0.47150	0.36782	1	0.51022	0.37998	1	0.48586	0.53030	12.06089	1.04242	1	0.74664	0.55231	13.25188	1.04242	1	-0.00333	-0.00801	0.66370	0.00382	1	0.06424	-0.01280	0.68000	0.00377	1	1.45898	0.81042	0	
1267721	8549.80957	3306297686411	0.50253	0.34478	8549.74902	0.06055	11830	1	0.54893	0.39213	1	0.47150	0.36782	1	0.51022	0.37998	1	0.48570	0.52962	11.58892	1.04242	1	0.74677	0.55208	13.07108	1.04242	1	-0.00345	-0.00822	0.67690	0.00400	1	0.06486	-0.01290	0.68546	0.00375	1	1.45898	0.81042	0	
1267722	8549.81641	3306297757196	0.50451	0.34637	8549.74902	0.06738	11830	1	0.56798	0.35955	1	0.48048	0.36498	1	0.52423	0.36226	1	0.48579	0.52990	12.02984	1.05044	1	0.74685	0.55224	12.91010	1.05044	1	-0.00345	-0.00822	0.67690	0.00394	1	0.06486	-0.01290	0.68546	0.00371	1	1.45898	0.81042	0	
1267723	8549.82324	3306297824013	0.50572	0.34259	8549.74902	0.07422	11830	1	0.56105	0.27486	1	0.47711	0.32728	1	0.51908	0.30107	1	0.48583	0.52959	11.86804	1.05845	1	0.74676	0.55219	13.13922	1.05845	1	-0.00345	-0.00822	0.67690	0.00398	1	0.06486	-0.01290	0.68546	0.00370	1	1.45898	0.81042	0	
1267724	8549.82910	3306297889809	0.50672	0.33829	8549.74902	0.08008	11830	1	0.55976	0.26027	1	0.47777	0.31315	1	0.51877	0.28671	1	0.48580	0.53028	11.97056	1.07556	1	0.74672	0.55225	13.15978	1.07556	1	-0.00366	-0.00860	0.70821	0.00386	1	0.06486	-0.01290	0.68546	0.00376	1	1.45898	0.81042	0	
1267725	8549.83594	3306297956259	0.50564	0.33738	8549.74902	0.08691	11830	1	0.51357	0.30547	1	0.46952	0.34559	1	0.49154	0.32553	1	0.48579	0.53042	12.00483	1.08464	1	0.74663	0.55217	13.07583	1.08464	1	-0.00366	-0.00860	0.70821	0.00379	1	0.06486	-0.01290	0.68546	0.00377	1	1.45898	0.81042	0	
1267726	8549.84277	3306298024820	0.50600	0.33371	8549.74902	0.09375	11830	1	0.53168	0.24018	1	0.49036	0.32448	1	0.51102	0.28233	1	0.48576	0.52982	11.81058	1.09373	1	0.74696	0.55218	12.34773	1.09373	1	-0.00366	-0.00860	0.70821	0.00380	1	0.06486	-0.01290	0.68546	0.00381	1	1.45898	0.81042	0	
1267727	8549.84961	3306298091450	0.50631	0.33050	8549.74902	0.10059	11830	1	0.53168	0.24018	1	0.49036	0.32448	1	0.51102	0.28233	1	0.48599	0.53015	11.84609	1.09373	1	0.74683	0.55205	12.44142	1.09373	1	-0.00345	-0.00822	0.67690	0.00382	1	0.06486	-0.01290	0.68546	0.00381	1	1.45898	0.81042	0	
1267728	8549.85645	3306298158722	0.50670	0.32971	8549.74902	0.10742	11830	1	0.53758	0.27106	1	0.48820	0.36320	1	0.51289	0.31713	1	0.48578	0.53025	12.06991	1.08464	1	0.74696	0.55248	12.61135	1.08464	1	-0.00345	-0.00822	0.67690	0.00378	1	0.06486	-0.01290	0.68546	0.00389	1	1.45898	0.81042	0	
1267729	8549.86328	3306298225927	0.50638	0.32507	8549.74902	0.11426	11830	1	0.51422	0.09563	1	0.48771	0.39683	1	0.50097	0.24623	1	0.48561	0.52809	11.77433	1.07556	1	0.74691	0.55272	12.42918	1.07556	1	-0.00345	-0.00822	0.67690	0.00248	1	0.06486	-0.01290	0.68546	0.00385	1	1.45898	0.81042	0	
1267730	8549.87012	3306298292692	0.50612	0.32172	8549.74902	0.12109	11830	1	0.51611	0.11289	1	0.48689	0.40964	1	0.50150	0.26127	1	0.48576	0.52988	11.59272	1.05845	1	0.74705	0.55289	12.53616	1.05845	1	-0.00338	-0.00818	0.67290	0.00385	1	0.06649	-0.01328	0.70259	0.00376	1	1.45898	0.81042	0	
1267731	8549.87598	3306298359289	0.50650	0.32047	8549.74902	0.12695	11830	1	0.53284	0.30847	1	0.49449	0.28528	1	0.51366	0.29688	1	0.48574	0.53004	12.09439	1.05044	1	0.74700	0.55208	12.20008	1.05044	1	-0.00338	-0.00818	0.67290	0.00377	1	0.06649	-0.01328	0.70259	0.00448	1	1.45898	0.81042	0	
1267732	8549.88281	3306298426767	0.50654	0.32083	8549.74902	0.13379	11830	1	0.52329	0.25225	1	0.49128	0.40374	1	0.50728	0.32800	1	0.48562	0.52952	11.71473	1.04242	1	0.74698	0.55312	12.65247	1.04242	1	-0.00338	-0.00818	0.67290	0.00384	1	0.06649	-0.01328	0.70259	0.00398	1	1.45898	0.81042	0	
1267733	8549.88965	3306298490911	0.50658	0.32146	8549.74902	0.14062	11830	1	0.52414	0.25939	1	0.49085	0.40989	1	0.50750	0.33464	1	0.48572	0.52974	11.91087	1.03440	1	0.74712	0.55236	12.22739	1.03440	1	-0.00338	-0.00828	0.67290	0.00374	1	0.06649	-0.01328	0.70259	0.00431	1	1.45898	0.81042	0	
1267734	8549.89648	3306298559554	0.50658	0.32374	8549.74902	0.14746	11830	1	0.53215	0.36153	1	0.48097	0.38608	1	0.50656	0.37380	1	0.48600	0.53061	12.39145	1.03440	1	0.74724	0.55303	12.22839	1.03440	1	-0.00338	-0.00828	0.67290	0.00372	1	0.06649	-0.01328	0.70259	0.00420	1	1.45898	0.81042	0	
1267735	8549.90234	3306298622779	0.50628	0.32367	8549.74902	0.15332	11830	1	0.52895	0.36287	1	0.46973	0.28151	1	0.49934	0.32219	1	0.48594	0.53073	12.65936	1.03440	1	0.74705	0.55243	11.84129	1.03440	1	-0.00338	-0.00828	0.67290	0.00363	1	0.06649	-0.01328	0.70259	0.00413	1	1.45898	0.81042	0	
1267736	8549.91016	3306298692576	0.50600	0.32361	8549.74902	0.16113	11830	1	0.52895	0.36287	1	0.46973	0.28151	1	0.49934	0.32219	1	0.48599	0.53033	12.26118	1.03440	1	0.74758	0.55294	12.56040	1.03440	1	-0.00325	-0.00790	0.64609	0.00373	1	0.06649	-0.01328	0.70259	0.00421	1	1.45898	0.81042	0	
1267737	8549.91699	3306298760315	0.50631	0.32578	8549.74902	0.16797	11830	1	0.53829	0.35371	1	0.48995	0.40647	1	0.51412	0.38009	1	0.48611	0.53052	12.15978	1.03440	1	0.74742	0.55262	13.15814	1.03440	1	-0.00325	-0.00790	0.64609	0.00372	1	0.06649	-0.01328	0.70259	0.00364	1	1.45898	0.81042	0	
1267738	8549.92285	3306298828477	0.50710	0.32654	8549.74902	0.17383	11830	1	0.53698	0.32442	1	0.51809	0.36773	1	0.52753	0.34608	1	0.48608	0.53029	12.20829	1.03440	1	0.74746	0.55255	12.84128	1.03440	1	-0.00325	-0.00790	0.64609	0.00376	1	0.06649	-0.01328	0.70259	0.00366	1	1.45898	0.81042	0	
1267739	8549.92969	3306298895366	0.50783	0.32723	8549.74902	0.18066	11830	1	0.53698	0.32442	1	0.51809	0.36773	1	0.52753	0.34608	1	0.48557	0.52812	11.97396	1.03440	1	0.74674	0.55295	13.42507	1.03440	1	-0.00325	-0.00790	0.64609	0.00244	1	0.06486	-0.01290	0.68546	0.00387	1	1.45898	0.81042	0	
1267740	8549.93652	3306298961304	0.50658	0.32537	8549.74902	0.18750	11830	1	0.49979	0.12862	1	0.44350	0.41770	1	0.47165	0.27316	1	0.48557	0.52799	12.27234	1.03440	1	0.74661	0.55319	13.35478	1.03440	1	-0.00325	-0.00790	0.64609	0.00246	1	0.06486	-0.01290	0.68546	0.00400	1	1.45898	0.81042	0	
1267741	8549.94336	3306299029619	0.50525	0.32417	8549.74902	0.19434	11830	1	0.50875	0.14583	1	0.42422	0.43314	1	0.46649	0.28948	1	0.48571	0.52809	11.82068	1.03440	1	0.74657	0.55333	13.70786	1.03440	1	-0.00325	-0.00790	0.64609	0.00257	1	0.06486	-0.01290	0.68546	0.00393	1	1.45898	0.81042	0	
1267742	8549.95020	3306299096335	0.50398	0.32283	8549.74902	0.20117	11830	1	0.50780	0.13780	1	0.42414	0.42721	1	0.46597	0.28250	1	0.48585	0.52818	11.85036	1.04242	1	0.74749	0.55248	13.14216	1.04242	1	-0.00338	-0.00844	0.68221	0.00251	1	0.06452	-0.01292	0.68071	0.00414	1	1.45898	0.81042	0	
1267743	8549.95703	3306299160721	0.50390	0.32152	8549.74902	0.20801	11830	1	0.51267	0.35002	1	0.49030	0.21215	1	0.50149	0.28109	1	0.48563	0.53043	12.33155	1.05044	1	0.74772	0.55167	12.61442	1.05044	1	-0.00338	-0.00844	0.68221	0.00375	1	0.06452	-0.01292	0.68071	0.00412	1	1.45898	0.81042	0	
1267744	8549.96387	3306299229787	0.50347	0.32067	8549.74902	0.21484	11830	1	0.51303	0.31028	1	0.46620	0.27634	1	0.48962	0.29331	1	0.48586	0.53043	12.67013	1.05845	1	0.74733	0.55244	13.11797	1.05845	1	-0.00338	-0.00844	0.68221	0.00367	1	0.06452	-0.01292	0.68071	0.00401	1	1.45898	0.81042	0	
1267745	8549.97070	3306299297525	0.50304	0.31954	8549.74902	0.22168	11830	1	0.51109	0.29621	1	0.46647	0.26809	1	0.48878	0.28215	1	0.48606	0.53053	12.45769	1.07556	1	0.74732	0.55218	12.97095	1.06790	1	-0.00343	-0.00871	0.70389	0.00367	1	0.06253	-0.01256	0.65922	0.00406	1	1.45898	0.81042	0	
1267746	8549.97656	3306299364428	0.50304	0.31516	8549.74902	0.22754	11830	1	0.51732	0.11806	1	0.48897	0.21458	1	0.50315	0.16632	1	0.48591	0.52819	11.96891	1.07698	1	0.74762	0.55183	12.56976	1.06932	1	-0.00343	-0.00871	0.70389	0.00254	1	0.06253	-0.01256	0.65922	0.00410	1	1.45898	0.81042	0	
1267747	8549.98340	3306299431442	0.49557	0.28555	8549.74902	0.22754	11830	0	0.49364	0.11584	1	0.48866	0.21248	1	0.49115	0.16416	1	0.48599	0.52820	11.96458	1.07841	1	0.74760	0.55184	12.61596	1.07075	1	-0.00343	-0.00871	0.70389	0.00250	1	0.06253	-0.01256	0.65922	0.00409	1	1.45898	0.81042	0	
1267748	8549.99023	3306299496732	0.49360	0.22675	8549.74902	0.22754	11830	0	0.49461	0.12342	1	0.48866	0.21248	1	0.49163	0.16795	1	0.48612	0.52839	11.78862	1.07075	1	0.74774	0.55190	12.57015	1.07075	1	-0.00329	-0.00844	0.68621	0.00254	1	0.06528	-0.01310	0.68768	0.00411	1	1.45898	0.81042	0	
1267749	8549.99707	3306299565124	0.49384	0.21061	8549.74902	0.22754	11830	0	0.50623	0.14434	1	0.48241	0.21235	1	0.49432	0.17834	1	0.48607	0.52839	11.82771	1.06166	1	0.74759	0.55179	12.50148	1.06932	1	-0.00329	-0.00844	0.68621	0.00250	1	0.06528	-0.01310	0.68768	0.00414	1	1.45898	0.81042	0	
1267750	8550.00391	3306299632350	0.48998	0.21425	8549.98340	0.02051	11831	1	0.48129	0.14343	1	0.47549	0.30690	1	0.47839	0.22516	1	0.48610	0.52838	11.79591	1.06024	1	0.74745	0.55293	13.30758	1.06790	1	-0.00329	-0.00844	0.68621	0.00255	1	0.06528	-0.01310	0.68768	0.00378	1	1.45898	0.81042	0	
1267751	8550.01074	3306299700422	0.48776	0.21815	8549.98340	0.02734	11831	1	0.48260	0.15269	1	0.47514	0.31481	1	0.47887	0.23375	1	0.48620	0.52854	12.15843	1.05079	1	0.74804	0.55273	12.27796	1.05845	1	-0.00313	-0.00819	0.66220	0.00245	1	0.06421	-0.01294	0.67644	0.00378	1	1.45898	0.81042	0	
1267752	8550.01660	3306299765849	0.48667	0.22434	8549.98340	0.03320	11831	1	0.49121	0.14700	1	0.47123	0.36362	1	0.48122	0.25531	1	0.48624	0.52840	12.32614	1.05044	1	0.74785	0.55320	12.37978	1.05044	1	-0.00313	-0.00819	0.66220	0.00248	1	0.06421	-0.01294	0.67644	0.00374	1	1.45898	0.81042	0	
1267753	8550.02344	3306299833697	0.48697	0.22469	8549.98340	0.04004	11831	1	0.49843	0.16611	1	0.47918	0.28744	1	0.48880	0.22678	1	0.48645	0.52853	11.97738	1.04242	1	0.74798	0.55234	12.17041	1.04242	1	-0.00313	-0.00819	0.66220	0.00253	1	0.06421	-0.01294	0.67644	0.00392	1	1.45898	0.81042	0	
1267754	8550.03027	3306299901019	0.48722	0.22448	8549.98340	0.04688	11831	1	0.49843	0.16611	1	0.47954	0.27983	1	0.48898	0.22297	1	0.48649	0.53023	12.09090	1.04242	1	0.74824	0.55341	12.82057	1.05110	1	-0.00318	-0.00848	0.68507	0.00409	1	0.06558	-0.01320	0.69033	0.00382	1	1.45898	0.81042	0	
1267755	8550.03711	3306299967249	0.48825	0.22855	8549.98340	0.05371	11831	1	0.51190	0.16909	1	0.48095	0.35321	1	0.49642	0.26115	1	0.48651	0.52872	12.61100	1.05912	1	0.74840	0.55321	12.99392	1.06780	1	-0.00318	-0.00848	0.68507	0.00251	1	0.06558	-0.01320	0.69033	0.00362	1	1.45898	0.81042	0	
1267756	8550.04297	3306300029315	0.48747	0.23173	8549.98340	0.05957	11831	1	0.51447	0.16218	1	0.44646	0.35857	1	0.48046	0.26037	1	0.48651	0.52872	12.61100	1.07581	1	0.74781	0.55329	12.72472	1.08449	1	-0.00318	-0.00848	0.68507	0.00252	1	0.06558	-0.01320	0.69033	0.00361	1	1.45898	0.81042	0	
1267757	8550.05078	3306300099076	0.48671	0.23262	8549.98340	0.06738	11831	1	0.51163	0.13776	1	0.44665	0.34531	1	0.47914	0.24154	1	0.48651	0.52998	11.65248	1.10160	1	0.74845	0.55328	12.73907	1.10160	1	-0.00321	-0.00873	0.70100	0.00401	1	0.06380	-0.01283	0.67107	0.00362	1	1.45898	0.81042	0	
1267758	8550.05762	3306300166786	0.48787	0.22718	8549.98340	0.07422	11831	1	0.50562	0.06725	1	0.49558	0.26743	1	0.50060	0.16734	1	0.48668	0.52874	12.00911	1.11068	1	0.74858	0.55324	12.77358	1.10200	1	-0.00321	-0.00873	0.70100	0.00253	1	0.06380	-0.01283	0.67107	0.00366	1	1.45898	0.81042	0	
1267759	8550.06348	3306300232839	0.48891	0.22255	8549.98340	0.08008	11831	1	0.51015	0.08194	1	0.49258	0.25186	1	0.50137	0.16690	1	0.48672	0.52879	12.22476	1.11109	1	0.74849	0.55324	12.84430	1.10241	1	-0.00321	-0.00873	0.70100	0.00245	1	0.06380	-0.01283	0.67107	0.00369	1	1.45898	0.81042	0	
1267760	8550.07031	3306300299142	0.48982	0.21915	8549.98340	0.08691	11831	1	0.51110	0.09053	1	0.49214	0.25935	1	0.50162	0.17494	1	0.48689	0.52857	12.60652	1.10241	1	0.74826	0.55331	12.91790	1.09373	1	-0.00266	-0.00735	0.59042	0.00245	1	0.06551	-0.01326	0.68796	0.00361	1	1.45898	0.81042	0	
1267761	8550.07715	3306300366395	0.48901	0.21751	8549.98340	0.09375	11831	1	0.48113	0.10869	1	0.47433	0.28065	1	0.47773	0.19467	1	0.48703	0.52876	12.08528	1.08464	1	0.74830	0.55326	12.93005	1.08464	1	-0.00266	-0.00735	0.59042	0.00245	1	0.06551	-0.01326	0.68796	0.00359	1	1.45898	0.81042	0	
1267762	8550.08398	3306300432904	0.48775	0.21775	8549.98340	0.10059	11831	1	0.47495	0.09152	1	0.46264	0.35092	1	0.46879	0.22122	1	0.48691	0.52903	12.23417	1.07556	1	0.74803	0.55392	13.21280	1.07556	1	-0.00266	-0.00735	0.59042	0.00242	1	0.06551	-0.01326	0.68796	0.00384	1	1.45898	0.81042	0	
1267763	8550.09082	3306300500761	0.48669	0.21886	8549.98340	0.10742	11831	1	0.47735	0.10889	1	0.46220	0.36442	1	0.46978	0.23666	1	0.48707	0.52893	12.23236	1.05845	1	0.74862	0.55377	12.83979	1.05845	1	-0.00290	-0.00817	0.65630	0.00239	1	0.06377	-0.01286	0.66965	0.00392	1	1.45898	0.81042	0	
1267764	8550.09766	3306300567636	0.48684	0.21822	8549.98340	0.11426	11831	1	0.48962	0.10738	1	0.48926	0.30744	1	0.48944	0.20741	1	0.48711	0.52887	11.99755	1.05044	1	0.74848	0.55342	12.32382	1.05044	1	-0.00290	-0.00817	0.65630	0.00244	1	0.06377	-0.01286	0.66965	0.00431	1	1.45898	0.81042	0	
1267765	8550.10352	3306300633936	0.48596	0.21929	8549.98340	0.12012	11831	1	0.49796	0.13058	1	0.44220	0.34650	1	0.47008	0.23854	1	0.48713	0.52889	12.01673	1.04242	1	0.74854	0.55385	12.58226	1.04242	1	-0.00290	-0.00817	0.65630	0.00244	1	0.06377	-0.01286	0.66965	0.00405	1	1.45898	0.81042	0	
1267766	8550.11133	3306300704106	0.48517	0.22008	8549.98340	0.12793	11831	1	0.49796	0.13058	1	0.44226	0.33941	1	0.47011	0.23500	1	0.48730	0.52876	12.20301	1.04242	1	0.74875	0.55348	12.49701	1.05110	1	-0.00297	-0.00851	0.68345	0.00246	1	0.06740	-0.01363	0.70726	0.00394	1	1.45898	0.81042	0	
1267767	8550.11719	3306300771035	0.48499	0.22070	8549.98340	0.13379	11831	1	0.50878	0.14431	1	0.45415	0.32200	1	0.48146	0.23316	1	0.48737	0.52878	12.36073	1.05912	1	0.74874	0.55399	13.34176	1.06780	1	-0.00297	-0.00851	0.68345	0.00243	1	0.06740	-0.01363	0.70726	0.00376	1	1.45898	0.81042	0	
1267768	8550.12402	3306300837881	0.48495	0.22000	8549.98340	0.14062	11831	1	0.50681	0.12438	1	0.46138	0.28637	1	0.48409	0.20538	1	0.48735	0.52878	12.37067	1.07581	1	0.74882	0.55379	13.47820	1.08449	1	-0.00297	-0.00851	0.68345	0.00243	1	0.06740	-0.01363	0.70726	0.00381	1	1.45898	0.81042	0	
1267769	8550.13086	3306300905108	0.48487	0.21900	8549.98340	0.14746	11831	1	0.50487	0.10797	1	0.46139	0.28607	1	0.48313	0.19702	1	0.48817	0.53101	12.20917	1.09251	1	0.74899	0.55353	13.03401	1.08485	1	-0.00288	-0.00854	0.68562	0.00389	1	0.06239	-0.01265	0.65361	0.00395	1	1.45898	0.81042	0	
1267770	8550.13770	3306300971775	0.48465	0.21819	8549.98340	0.15430	11831	1	0.48338	0.12702	1	0.47579	0.27191	1	0.47958	0.19947	1	0.48773	0.52898	12.17552	1.08485	1	0.74903	0.55343	13.14882	1.06851	1	-0.00288	-0.00854	0.68562	0.00246	1	0.06239	-0.01265	0.65361	0.00399	1	1.45898	0.81042	0	
1267771	8550.14453	3306301038951	0.48451	0.21857	8549.98340	0.16113	11831	1	0.48620	0.14134	1	0.47619	0.31396	1	0.48119	0.22765	1	0.48772	0.52898	12.15998	1.06851	1	0.74908	0.55362	13.11399	1.05217	1	-0.00288	-0.00854	0.68562	0.00247	1	0.06239	-0.01265	0.65361	0.00403	1	1.45898	0.81042	0	
1267772	8550.15137	3306301105525	0.48442	0.21937	8549.98340	0.16797	11831	1	0.48837	0.15727	1	0.47586	0.32129	1	0.48212	0.23928	1	0.48796	0.52878	12.34457	1.05217	1	0.74902	0.55351	12.66960	1.04349	1	-0.00276	-0.00849	0.68163	0.00250	1	0.06392	-0.01295	0.66918	0.00410	1	1.45898	0.81042	0	
1267773	8550.15820	3306301173073	0.48451	0.21953	8549.98340	0.17480	11831	1	0.50856	0.15030	1	0.46515	0.29707	1	0.48685	0.22368	1	0.48804	0.52877	12.17161	1.04349	1	0.74925	0.55358	12.40427	1.05115	1	-0.00276	-0.00849	0.68163	0.00248	1	0.06392	-0.01295	0.66918	0.00408	1	1.45898	0.81042	0	
1267774	8550.16406	3306301239947	0.48460	0.22033	8549.98340	0.18066	11831	1	0.50658	0.18518	1	0.46726	0.29868	1	0.48692	0.24193	1	0.48801	0.52874	12.25703	1.05115	1	0.74930	0.55370	12.01230	1.05881	1	-0.00276	-0.00849	0.68163	0.00248	1	0.06392	-0.01295	0.66918	0.00414	1	1.45898	0.81042	0	
1267775	8550.17090	3306301306730	0.48465	0.22066	8549.98340	0.18750	11831	1	0.50459	0.16930	1	0.46753	0.29094	1	0.48606	0.23012	1	0.48830	0.52881	12.38577	1.06790	1	0.74921	0.55410	12.87381	1.06790	1	-0.00281	-0.00879	0.70633	0.00246	1	0.06371	-0.01295	0.66642	0.00397	1	1.45898	0.81042	0	
1267776	8550.17773	3306301373763	0.48393	0.21998	8549.98340	0.19434	11831	1	0.47038	0.08849	1	0.45569	0.31207	1	0.46304	0.20028	1	0.48839	0.52888	12.32892	1.07698	1	0.74950	0.55402	13.60492	1.06932	1	-0.00281	-0.00879	0.70633	0.00241	1	0.06371	-0.01295	0.66642	0.00376	1	1.45898	0.81042	0	
1267777	8550.18457	3306301440998	0.48242	0.21924	8549.98340	0.20117	11831	1	0.44312	0.09468	1	0.43127	0.29892	1	0.43719	0.19680	1	0.48860	0.52898	11.23042	1.07841	1	0.74993	0.55407	12.84736	1.07075	1	-0.00281	-0.00879	0.70633	0.00242	1	0.06371	-0.01295	0.66642	0.00381	1	1.45898	0.81042	0	
1267778	8550.19141	3306301507887	0.48100	0.21828	8549.98340	0.20801	11831	1	0.44288	0.09323	1	0.43122	0.28401	1	0.43705	0.18862	1	0.49155	0.53245	12.19682	1.07983	1	0.75298	0.55617	12.65972	1.08851	1	-0.00217	-0.00902	0.70744	0.00356	1	0.06698	-0.01371	0.69515	0.00379	1	1.45898	0.81042	0	
1267779	8550.19824	3306301574809	0.48381	0.22331	8549.98340	0.21484	11831	1	0.58078	0.39900	1	0.56625	0.36991	1	0.57352	0.38446	1	0.49228	0.53306	12.29041	1.08851	1	0.75360	0.55619	12.86982	1.10485	1	-0.00217	-0.00902	0.70744	0.00359	1	0.06698	-0.01371	0.69515	0.00397	1	1.45898	0.81042	0	
1267780	8550.20508	3306301642387	0.48537	0.22392	8549.98340	0.22168	11831	1	0.55050	0.11243	1	0.52349	0.37559	1	0.53699	0.24401	1	0.49286	0.53062	11.18103	1.10485	1	0.75374	0.55633	12.79248	1.12119	1	-0.00217	-0.00902	0.70744	0.00252	1	0.06698	-0.01371	0.69515	0.00380	1	1.45898	0.81042	0	
1267781	8550.21094	3306301708907	0.48683	0.22441	8549.98340	0.22754	11831	1	0.54992	0.10543	1	0.52338	0.37665	1	0.53665	0.24104	1	0.49599	0.53368	11.78993	1.11211	1	0.75693	0.55810	13.07458	1.11977	1	-0.00143	-0.00883	0.68088	0.00364	1	0.06719	-0.01385	0.69141	0.00371	1	1.45898	0.81042	0	
1267782	8550.21777	3306301775772	0.50885	0.25346	8549.98340	0.22754	11831	0	0.72544	0.38820	1	0.67187	0.45924	1	0.69866	0.42372	1	0.49686	0.53395	12.00984	1.11068	1	0.75726	0.55796	12.77305	1.10200	1	-0.00143	-0.00883	0.68088	0.00349	1	0.06719	-0.01385	0.69141	0.00391	1	1.45898	0.81042	0	
1267783	8550.22461	3306301842734	0.59912	0.34991	8549.98340	0.22754	11831	0	0.71956	0.41248	1	0.65922	0.48025	1	0.68939	0.44636	1	0.49676	0.53390	12.21341	1.09292	1	0.75714	0.55810	12.62861	1.08424	1	-0.00143	-0.00883	0.68088	0.00349	1	0.06719	-0.01385	0.69141	0.00386	1	1.45898	0.81042	0	
1267784	8550.23145	3306301909712	0.62858	0.38491	8549.98340	0.22754	11831	0	0.71908	0.41849	1	0.65593	0.49132	1	0.68751	0.45491	1	0.49734	0.53463	11.70434	1.08424	1	0.75765	0.55924	13.12294	1.06790	1	-0.00131	-0.00909	0.69685	0.00344	1	0.06389	-0.01323	0.65595	0.00389	1	1.45898	0.81042	0	
1267785	8550.23828	3306301977665	0.69535	0.46697	8549.98340	0.22754	11831	0	0.75617	0.45680	1	0.66216	0.54249	1	0.70916	0.49964	1	0.49735	0.53449	11.59115	1.07698	1	0.75730	0.55871	13.52801	1.06932	1	-0.00131	-0.00909	0.69685	0.00353	1	0.06389	-0.01323	0.65595	0.00369	1	1.45898	0.81042	0	
1267786	8550.24512	3306302043854	0.70468	0.48873	8549.98340	0.22754	11831	0	0.75695	0.47193	1	0.67105	0.54905	1	0.71400	0.51049	1	0.49732	0.53453	11.64954	1.07841	1	0.75736	0.55872	12.68269	1.07075	1	-0.00131	-0.00909	0.69685	0.00347	1	0.06389	-0.01323	0.65595	0.00372	1	1.45898	0.81042	0	
1267787	8550.25195	3306302111989	0.70786	0.49568	8549.98340	0.22754	11831	0	0.75708	0.47101	1	0.67136	0.54816	1	0.71422	0.50959	1	0.49732	0.53446	11.61425	1.07983	1	0.75778	0.55879	13.08381	1.07217	1	-0.00131	-0.00909	0.69685	0.00352	1	0.06493	-0.01340	0.66662	0.00373	1	1.45898	0.81042	0	
1267788	8550.25781	3306302177458	0.71361	0.50617	8550.23828	0.01953	11832	1	0.76067	0.47302	1	0.70106	0.60226	1	0.73087	0.53764	1	0.49737	0.53460	11.53436	1.07217	1	0.75791	0.55936	13.47241	1.07217	1	-0.00131	-0.00909	0.69685	0.00351	1	0.06493	-0.01340	0.66662	0.00379	1	1.45898	0.81042	0	
1267789	8550.26465	3306302244387	0.71552	0.51017	8550.23828	0.02637	11832	1	0.74546	0.43811	1	0.70088	0.61425	1	0.72317	0.52618	1	0.49719	0.53429	11.76622	1.07217	1	0.75793	0.55927	13.31524	1.07217	1	-0.00131	-0.00909	0.69685	0.00351	1	0.06493	-0.01340	0.66662	0.00382	1	1.45898	0.81042	0	
1267790	8550.27148	3306302309801	0.71671	0.51342	8550.23828	0.03320	11832	1	0.74474	0.44430	1	0.70053	0.61505	1	0.72264	0.52967	1	0.49777	0.53420	12.02325	1.06309	1	0.75837	0.55904	13.02110	1.07075	1	-0.00120	-0.00867	0.66433	0.00341	1	0.06611	-0.01371	0.67713	0.00384	1	1.45898	0.81042	0	
1267791	8550.27832	3306302378777	0.71884	0.51528	8550.23828	0.04004	11832	1	0.73326	0.46562	1	0.73003	0.58717	1	0.73164	0.52639	1	0.49785	0.53427	12.19050	1.06166	1	0.75830	0.55897	13.36285	1.06932	1	-0.00120	-0.00867	0.66433	0.00348	1	0.06611	-0.01371	0.67713	0.00375	1	1.45898	0.81042	0	
1267792	8550.28516	3306302446464	0.72089	0.51452	8550.23828	0.04688	11832	1	0.74409	0.46393	1	0.72638	0.55454	1	0.73524	0.50923	1	0.49791	0.53445	12.18789	1.06024	1	0.75832	0.55858	12.65707	1.06790	1	-0.00120	-0.00867	0.66433	0.00345	1	0.06611	-0.01371	0.67713	0.00374	1	1.45898	0.81042	0	
1267793	8550.29199	3306302510839	0.72246	0.51403	8550.23828	0.05371	11832	1	0.74398	0.46488	1	0.72600	0.55542	1	0.73499	0.51015	1	0.49787	0.53429	12.21878	1.05881	1	0.75839	0.55861	12.59853	1.06647	1	-0.00120	-0.00867	0.66433	0.00351	1	0.06611	-0.01371	0.67713	0.00370	1	1.45898	0.81042	0	
1267794	8550.29883	3306302579560	0.72252	0.51133	8550.23828	0.06055	11832	1	0.73846	0.44380	1	0.70765	0.53027	1	0.72305	0.48704	1	0.49780	0.53418	12.08114	1.06647	1	0.75838	0.55855	12.61651	1.06647	1	-0.00120	-0.00867	0.66433	0.00343	1	0.06611	-0.01371	0.67713	0.00397	1	1.45898	0.81042	0	
1267795	8550.30469	3306302645338	0.72098	0.51010	8550.23828	0.06641	11832	1	0.73623	0.45229	1	0.67489	0.54329	1	0.70556	0.49779	1	0.49786	0.53419	12.26303	1.06647	1	0.75823	0.55847	12.44735	1.06647	1	-0.00120	-0.00867	0.66433	0.00341	1	0.06611	-0.01371	0.67713	0.00390	1	1.45898	0.81042	0	
1267796	8550.31152	3306302710282	0.71969	0.50908	8550.23828	0.07324	11832	1	0.73623	0.45229	1	0.67489	0.54329	1	0.70556	0.49779	1	0.49787	0.53428	12.30010	1.06647	1	0.75844	0.55801	12.58632	1.06647	1	-0.00120	-0.00862	0.66433	0.00340	1	0.06675	-0.01379	0.68371	0.00416	1	1.45898	0.81042	0	
1267797	8550.31836	3306302778000	0.71901	0.50819	8550.23828	0.08008	11832	1	0.74782	0.46339	1	0.67396	0.53166	1	0.71089	0.49753	1	0.49793	0.53439	12.18397	1.06647	1	0.75821	0.55845	12.57131	1.06647	1	-0.00120	-0.00862	0.66433	0.00353	1	0.06675	-0.01379	0.68371	0.00405	1	1.45898	0.81042	0	
1267798	8550.32520	3306302843541	0.71905	0.50737	8550.23828	0.08691	11832	1	0.75888	0.44960	1	0.68010	0.54387	1	0.71949	0.49674	1	0.49786	0.53425	12.21621	1.06647	1	0.75839	0.55815	12.41712	1.06647	1	-0.00120	-0.00862	0.66433	0.00348	1	0.06675	-0.01379	0.68371	0.00417	1	1.45898	0.81042	0	
1267799	8550.33105	3306302909809	0.71908	0.50666	8550.23828	0.09277	11832	1	0.75888	0.44960	1	0.68010	0.54387	1	0.71949	0.49674	1	0.49786	0.53419	12.01667	1.06647	1	0.75830	0.55873	12.87860	1.06647	1	-0.00120	-0.00857	0.66433	0.00350	1	0.06675	-0.01379	0.68371	0.00409	1	1.45898	0.81042	0	
1267800	8550.33789	3306302977129	0.71975	0.50727	8550.23828	0.09961	11832	1	0.78558	0.44146	1	0.67421	0.59144	1	0.72990	0.51645	1	0.49779	0.53419	12.12485	1.06647	1	0.75825	0.55907	12.94178	1.06647	1	-0.00120	-0.00857	0.66433	0.00347	1	0.06675	-0.01379	0.68371	0.00397	1	1.45898	0.81042	0	
1267801	8550.34570	3306303049331	0.72028	0.50656	8550.23828	0.10742	11832	1	0.78466	0.44866	1	0.67283	0.54152	1	0.72875	0.49509	1	0.49782	0.53420	12.03094	1.06647	1	0.75815	0.55857	12.35022	1.06647	1	-0.00120	-0.00857	0.66433	0.00351	1	0.06675	-0.01379	0.68371	0.00389	1	1.45898	0.81042	0	
1267802	8550.35254	3306303115890	0.72075	0.50592	8550.23828	0.11426	11832	1	0.78466	0.44866	1	0.67283	0.54152	1	0.72875	0.49509	1	0.49742	0.53439	12.65944	1.06647	1	0.75825	0.55849	12.35556	1.06647	1	-0.00120	-0.00857	0.66433	0.00359	1	0.06675	-0.01379	0.68371	0.00390	1	1.45898	0.81042	0	
1267803	8550.35840	3306303180043	0.72133	0.50459	8550.23828	0.12012	11832	1	0.77995	0.44273	1	0.68357	0.51868	1	0.73176	0.48071	1	0.49773	0.53430	12.13772	1.06647	1	0.75837	0.55823	12.43951	1.06647	1	-0.00120	-0.00857	0.66433	0.00381	1	0.06675	-0.01379	0.68371	0.00410	1	1.45898	0.81042	0	
1267804	8550.36523	3306303248373	0.72193	0.50414	8550.23828	0.12695	11832	1	0.77370	0.44732	1	0.69288	0.54368	1	0.73329	0.49550	1	0.49754	0.53432	12.58205	1.06647	1	0.75815	0.55848	12.61012	1.06647	1	-0.00120	-0.00857	0.66433	0.00366	1	0.06675	-0.01379	0.68371	0.00383	1	1.45898	0.81042	0	
1267805	8550.37207	3306303314253	0.72247	0.50373	8550.23828	0.13379	11832	1	0.77370	0.44732	1	0.69288	0.54368	1	0.73329	0.49550	1	0.49736	0.53416	12.58326	1.06647	1	0.75823	0.55865	13.00202	1.06647	1	-0.00120	-0.00857	0.66433	0.00355	1	0.06546	-0.01348	0.67049	0.00380	1	1.45898	0.81042	0	
1267806	8550.37891	3306303384252	0.72286	0.50375	8550.23828	0.14062	11832	1	0.75175	0.46010	1	0.71051	0.54827	1	0.73113	0.50419	1	0.49736	0.53432	12.82565	1.06647	1	0.75806	0.55859	13.07772	1.06647	1	-0.00120	-0.00857	0.66433	0.00359	1	0.06546	-0.01348	0.67049	0.00380	1	1.45898	0.81042	0	
1267807	8550.38574	3306303452761	0.72319	0.50345	8550.23828	0.14746	11832	1	0.75006	0.44536	1	0.71051	0.54827	1	0.73028	0.49682	1	0.49727	0.53425	12.56508	1.06647	1	0.75806	0.55859	13.07772	1.06647	1	-0.00120	-0.00857	0.66433	0.00359	1	0.06546	-0.01348	0.67049	0.00380	1	1.45898	0.81042	0	
1267808	8550.39258	3306303516209	0.72355	0.50292	8550.23828	0.15430	11832	1	0.75081	0.43920	1	0.71279	0.54257	1	0.73180	0.49089	1	0.49706	0.53429	12.18946	1.07556	1	0.75810	0.55847	13.05682	1.07556	1	-0.00131	-0.00899	0.69685	0.00357	1	0.06611	-0.01371	0.67713	0.00402	1	1.45898	0.81042	0	
1267809	8550.39941	3306303584420	0.72417	0.50185	8550.23828	0.16113	11832	1	0.75539	0.44230	1	0.72268	0.51004	1	0.73903	0.47617	1	0.49721	0.53450	12.43819	1.08464	1	0.75816	0.55834	13.08942	1.08464	1	-0.00131	-0.00899	0.69685	0.00359	1	0.06611	-0.01371	0.67713	0.00383	1	1.45898	0.81042	0	
1267810	8550.40527	3306303651644	0.72487	0.50147	8550.23828	0.16699	11832	1	0.76006	0.44305	1	0.72495	0.54075	1	0.74250	0.49190	1	0.49741	0.53442	12.92064	1.09373	1	0.75817	0.55862	13.71734	1.09373	1	-0.00131	-0.00899	0.69685	0.00359	1	0.06611	-0.01371	0.67713	0.00376	1	1.45898	0.81042	0	
1267811	8550.41211	3306303719003	0.72549	0.50120	8550.23828	0.17383	11832	1	0.76006	0.44305	1	0.72298	0.54550	1	0.74152	0.49427	1	0.49737	0.53435	12.88664	1.09373	1	0.75823	0.55856	13.25717	1.08607	1	-0.00131	-0.00873	0.67252	0.00356	1	0.06335	-0.01310	0.64943	0.00380	1	1.45898	0.81042	0	
1267812	8550.41895	3306303786079	0.72586	0.50095	8550.23828	0.18066	11832	1	0.74894	0.44201	1	0.72278	0.54598	1	0.73586	0.49399	1	0.49729	0.53426	12.60301	1.07698	1	0.75820	0.55868	13.18714	1.06932	1	-0.00131	-0.00873	0.67252	0.00360	1	0.06335	-0.01310	0.64943	0.00368	1	1.45898	0.81042	0	
1267813	8550.42578	3306303851869	0.72563	0.50150	8550.23828	0.18750	11832	1	0.74222	0.44306	1	0.69608	0.59100	1	0.71915	0.51703	1	0.49711	0.53432	12.24908	1.06024	1	0.75791	0.55909	13.34909	1.05258	1	-0.00131	-0.00873	0.67252	0.00355	1	0.06335	-0.01310	0.64943	0.00378	1	1.45898	0.81042	0	
1267814	8550.43262	3306303919031	0.72539	0.50221	8550.23828	0.19434	11832	1	0.74094	0.45453	1	0.69598	0.59124	1	0.71846	0.52289	1	0.49706	0.53436	12.21763	1.04349	1	0.75785	0.55925	13.32586	1.05217	1	-0.00132	-0.00884	0.67752	0.00350	1	0.06838	-0.01419	0.70094	0.00376	1	1.45898	0.81042	0	
1267815	8550.43848	3306303984762	0.72511	0.50393	8550.23828	0.20020	11832	1	0.74443	0.46798	1	0.68922	0.64315	1	0.71683	0.55557	1	0.49708	0.53439	12.32799	1.05217	1	0.75774	0.55956	13.38252	1.06851	1	-0.00132	-0.00884	0.67752	0.00350	1	0.06838	-0.01419	0.70094	0.00390	1	1.45898	0.81042	0	
1267816	8550.44531	3306304051610	0.72490	0.50408	8550.23828	0.20703	11832	1	0.73627	0.42473	1	0.70039	0.59227	1	0.71833	0.50850	1	0.49705	0.53389	12.11561	1.06851	1	0.75786	0.55922	13.31641	1.08485	1	-0.00132	-0.00884	0.67752	0.00348	1	0.06838	-0.01419	0.70094	0.00376	1	1.45898	0.81042	0	
1267817	8550.45215	3306304118276	0.72472	0.50404	8550.23828	0.21387	11832	1	0.73742	0.41335	1	0.70039	0.59227	1	0.71890	0.50281	1	0.49707	0.53438	12.48831	1.08485	1	0.75783	0.55954	13.52870	1.08485	1	-0.00143	-0.00886	0.67906	0.00350	1	0.06493	-0.01350	0.66662	0.00385	1	1.45898	0.81042	0	
1267818	8550.45898	3306304180224	0.72456	0.50473	8550.23828	0.22070	11832	1	0.74105	0.47425	1	0.69771	0.58058	1	0.71938	0.52742	1	0.49703	0.53457	12.39092	1.08485	1	0.75784	0.55892	13.25799	1.06851	1	-0.00143	-0.00886	0.67906	0.00343	1	0.06493	-0.01350	0.66662	0.00372	1	1.45898	0.81042	0	
1267819	8550.46582	3306304251888	0.69660	0.55908	8550.23828	0.22070	11832	0	0.74765	0.44817	1	-0.03267	1.80678	1	0.35749	1.12748	1	0.49707	0.53421	12.04243	1.06851	1	0.74748	0.52671	5.33149	1.05217	1	-0.00143	-0.00886	0.67906	0.00360	1	0.06493	-0.01350	0.66662	0.00189	1	1.45898	0.81042	0	
1267820	8550.47266	3306304318728	0.52770	0.84484	8550.23828	0.22070	11832	0	0.74632	0.45919	1	-0.02871	1.80202	1	0.35881	1.13061	1	0.49662	0.53755	10.34854	1.05217	1	0.75709	0.55954	12.34598	1.04349	1	-0.00132	-0.00874	0.67752	0.00248	1	0.06606	-0.01364	0.67870	0.00357	1	1.45898	0.81042	0	
1267821	8550.47949	3306304385660	0.56394	0.80587	8550.23828	0.22070	11832	0	0.74632	0.45919	0	0.63642	0.72792	1	0.63642	0.72792	1	0.49662	0.53755	10.34854	1.04349	0	0.75694	0.55945	11.02171	1.05115	1	-0.00132	-0.00874	0.67752	0.00248	1	0.06606	-0.01364	0.67870	0.00330	1	1.45898	0.81042	0	
1267822	8550.48535	3306304452496	0.49761	0.92926	8550.23828	0.22070	11832	0	0.74632	0.45919	0	0.63642	0.72792	0	0.63642	0.72792	0	0.49662	0.53755	10.34854	1.05115	0	0.75694	0.55945	11.02171	1.05881	0	-0.00132	-0.00874	0.67752	0.00248	1	0.06606	-0.01364	0.67870	0.00330	1	1.45898	0.81042	0	
1267823	8550.49219	3306304517936	0.49761	0.92926	8550.23828	0.22070	11832	0	0.74632	0.45919	0	0.63642	0.72792	0	0.63642	0.72792	0	0.49662	0.53755	10.34854	1.05881	0	0.75694	0.55945	11.02171	1.06647	0	-0.00132	-0.00874	0.67752	0.00248	1	0.06606	-0.01364	0.67870	0.00330	1	1.45898	0.81042	0	
1267824	8550.49902	3306304589159	0.49761	0.92926	8550.23828	0.22070	11832	0	0.74632	0.45919	0	0.63642	0.72792	0	0.63642	0.72792	0	0.49662	0.53755	10.34854	1.06647	0	0.75694	0.55945	11.02171	1.06647	0	-0.00132	-0.00874	0.67752	0.00248	1	0.06606	-0.01364	0.67870	0.00330	1	1.45898	0.81042	0	
1267825	8550.50586	3306304655953	0.00000	0.00000	8550.23828	0.22070	11832	0	0.74632	0.45919	0	0.63642	0.72792	0	0.63642	0.72792	0	0.49662	0.53755	10.34854	1.06647	0	0.75694	0.55945	11.02171	1.06647	0	-0.00132	-0.00874	0.67752	0.00248	1	0.06606	-0.01364	0.67870	0.00330	1	1.45898	0.81042	0	
1267826	8550.51270	3306304722309	0.00000	0.00000	8550.23828	0.22070	11832	0	0.74632	0.45919	0	0.63642	0.72792	0	0.63642	0.72792	0	0.49662	0.53755	10.34854	1.06647	0	0.75694	0.55945	11.02171	1.06647	0	-0.00132	-0.00874	0.67752	0.00248	1	0.06606	-0.01364	0.67870	0.00330	1	1.45898	0.81042	0	
1267827	8550.51953	3306304790303	0.00000	0.00000	8550.23828	0.22070	11832	0	0.74632	0.45919	0	0.63642	0.72792	0	0.63642	0.72792	0	0.49662	0.53755	10.34854	1.06647	0	0.75694	0.55945	11.02171	1.06647	0	-0.00132	-0.00874	0.67752	0.00248	1	0.06606	-0.01364	0.67870	0.00330	1	1.45898	0.81042	0	
1267828	8550.52637	3306304854773	0.00000	0.00000	8550.23828	0.22070	11832	0	0.74632	0.45919	0	0.63642	0.72792	0	0.63642	0.72792	0	0.49662	0.53755	10.34854	1.06647	0	0.75694	0.55945	11.02171	1.06647	0	-0.00132	-0.00874	0.67752	0.00248	1	0.06606	-0.01364	0.67870	0.00330	1	1.45898	0.81042	0	
1267829	8550.53320	3306304923922	0.00000	0.00000	8550.23828	0.22070	11832	0	0.74632	0.45919	0	0.63642	0.72792	0	0.63642	0.72792	0	0.49662	0.53755	10.34854	1.06647	0	0.75694	0.55945	11.02171	1.06647	0	-0.00132	-0.00874	0.67752	0.00248	1	0.06606	-0.01364	0.67870	0.00330	1	1.45898	0.81042	0	
1267830	8550.53906	3306304990065	0.00000	0.00000	8550.23828	0.22070	11832	0	0.74632	0.45919	0	0.63642	0.72792	0	0.63642	0.72792	0	0.49662	0.53755	10.34854	1.06647	0	0.75694	0.55945	11.02171	1.06647	0	-0.00132	-0.00874	0.67752	0.00248	1	0.06606	-0.01364	0.67870	0.00330	1	1.45898	0.81042	0	
1267831	8550.54590	3306305055874	0.00000	0.00000	8550.23828	0.22070	11832	0	0.74632	0.45919	0	0.63642	0.72792	0	0.63642	0.72792	0	0.49662	0.53755	10.34854	1.06647	0	0.75694	0.55945	11.02171	1.06647	0	-0.00132	-0.00874	0.67752	0.00248	1	0.06606	-0.01364	0.67870	0.00330	1	1.45898	0.81042	0	
1267832	8550.55273	3306305124901	0.00000	0.00000	8550.23828	0.22070	11832	0	0.74632	0.45919	0	0.63642	0.72792	0	0.63642	0.72792	0	0.49662	0.53755	10.34854	1.06647	0	0.75694	0.55945	11.02171	1.06647	0	-0.00132	-0.00874	0.67752	0.00248	1	0.06606	-0.01364	0.67870	0.00330	1	1.45898	0.81042	0	
1267833	8550.55957	3306305191710	0.00000	0.00000	8550.23828	0.22070	11832	0	0.74632	0.45919	0	0.63642	0.72792	0	0.63642	0.72792	0	0.49662	0.53755	10.34854	1.06647	0	0.75694	0.55945	11.02171	1.06647	0	-0.00132	-0.00874	0.67752	0.00248	1	0.06606	-0.01364	0.67870	0.00330	1	1.45898	0.81042	0	
1267834	8550.56641	3306305258885	0.00000	0.00000	8550.23828	0.22070	11832	0	0.74632	0.45919	0	0.63642	0.72792	0	0.63642	0.72792	0	0.49662	0.53755	10.34854	1.06647	0	0.75694	0.55945	11.02171	1.06647	0	-0.00132	-0.00874	0.67752	0.00248	1	0.06606	-0.01364	0.67870	0.00330	1	1.45898	0.81042	0	
1267835	8550.57324	3306305326213	0.00000	0.00000	8550.23828	0.22070	11832	0	0.74632	0.45919	0	0.63642	0.72792	0	0.63642	0.72792	0	0.49662	0.53755	10.34854	1.06647	0	0.75694	0.55945	11.02171	1.06647	0	-0.00132	-0.00874	0.67752	0.00248	1	0.06606	-0.01364	0.67870	0.00330	1	1.45898	0.81042	0	
1267836	8550.58008	3306305393235	0.00000	0.00000	8550.23828	0.22070	11832	0	0.74632	0.45919	0	0.63642	0.72792	0	0.63642	0.72792	0	0.49662	0.53755	10.34854	1.06647	0	0.75694	0.55945	11.02171	1.06647	0	-0.00132	-0.00874	0.67752	0.00248	1	0.06606	-0.01364	0.67870	0.00330	1	1.45898	0.81042	0	
1267837	8550.58691	3306305460351	0.00000	0.00000	8550.23828	0.22070	11832	0	0.74632	0.45919	0	0.63642	0.72792	0	0.63642	0.72792	0	0.49662	0.53755	10.34854	1.06647	0	0.75694	0.55945	11.02171	1.06647	0	-0.00132	-0.00874	0.67752	0.00248	1	0.06606	-0.01364	0.67870	0.00330	1	1.45898	0.81042	0	
1267838	8550.59277	3306305526864	0.00000	0.00000	8550.23828	0.22070	11832	0	0.74632	0.45919	0	0.63642	0.72792	0	0.63642	0.72792	0	0.49662	0.53755	10.34854	1.06647	0	0.75694	0.55945	11.02171	1.06647	0	-0.00132	-0.00874	0.67752	0.00248	1	0.06606	-0.01364	0.67870	0.00330	1	1.45898	0.81042	0	
1267839	8550.59961	3306305593720	0.00000	0.00000	8550.23828	0.22070	11832	0	0.74632	0.45919	0	0.63642	0.72792	0	0.63642	0.72792	0	0.49662	0.53755	10.34854	1.06647	0	0.75694	0.55945	11.02171	1.06647	0	-0.00132	-0.00874	0.67752	0.00248	1	0.06606	-0.01364	0.67870	0.00330	1	1.45898	0.81042	0	
1267840	8550.60645	3306305660065	0.00000	0.00000	8550.23828	0.22070	11832	0	0.74632	0.45919	0	0.63642	0.72792	0	0.63642	0.72792	0	0.49662	0.53755	10.34854	1.06647	0	0.75694	0.55945	11.02171	1.06647	0	-0.00132	-0.00874	0.67752	0.00248	1	0.06606	-0.01364	0.67870	0.00330	1	1.45898	0.81042	0	
1267841	8550.61328	3306305727653	0.00000	0.00000	8550.23828	0.22070	11832	0	0.74632	0.45919	0	0.63642	0.72792	0	0.63642	0.72792	0	0.49662	0.53755	10.34854	1.06647	0	0.75694	0.55945	11.02171	1.06647	0	-0.00132	-0.00874	0.67752	0.00248	1	0.06606	-0.01364	0.67870	0.00330	1	1.45898	0.81042	0	
1267842	8550.62012	3306305794346	0.00000	0.00000	8550.23828	0.22070	11832	0	0.74632	0.45919	0	0.63642	0.72792	0	0.63642	0.72792	0	0.49662	0.53755	10.34854	1.06647	0	0.75694	0.55945	11.02171	1.06647	0	-0.00132	-0.00874	0.67752	0.00248	1	0.06606	-0.01364	0.67870	0.00330	1	1.45898	0.81042	0	
1267843	8550.62695	3306305863172	0.00000	0.00000	8550.23828	0.22070	11832	0	0.74632	0.45919	0	0.63642	0.72792	0	0.63642	0.72792	0	0.49662	0.53755	10.34854	1.06647	0	0.75694	0.55945	11.02171	1.06647	0	-0.00132	-0.00874	0.67752	0.00248	1	0.06606	-0.01364	0.67870	0.00330	1	1.45898	0.81042	0	
1267844	8550.63379	3306305928603	0.00000	0.00000	8550.23828	0.22070	11832	0	0.74632	0.45919	0	0.63642	0.72792	0	0.63642	0.72792	0	0.49662	0.53755	10.34854	1.06647	0	0.75694	0.55945	11.02171	1.06647	0	-0.00132	-0.00874	0.67752	0.00248	1	0.06606	-0.01364	0.67870	0.00330	1	1.45898	0.81042	0	
1267845	8550.63965	3306305996273	0.00000	0.00000	8550.23828	0.22070	11832	0	0.74632	0.45919	0	0.63642	0.72792	0	0.63642	0.72792	0	0.49662	0.53755	10.34854	1.06647	0	0.75694	0.55945	11.02171	1.06647	0	-0.00132	-0.00874	0.67752	0.00248	1	0.06606	-0.01364	0.67870	0.00330	1	1.45898	0.81042	0	
1267846	8550.64648	3306306063093	0.00000	0.00000	8550.23828	0.22070	11832	0	0.74632	0.45919	0	0.63642	0.72792	0	0.63642	0.72792	0	0.49662	0.53755	10.34854	1.06647	0	0.75694	0.55945	11.02171	1.06647	0	-0.00132	-0.00874	0.67752	0.00248	1	0.06606	-0.01364	0.67870	0.00330	1	1.45898	0.81042	0	
1267847	8550.65332	3306306128069	0.00000	0.00000	8550.23828	0.22070	11832	0	0.74632	0.45919	0	0.63642	0.72792	0	0.63642	0.72792	0	0.49662	0.53755	10.34854	1.06647	0	0.75694	0.55945	11.02171	1.06647	0	-0.00132	-0.00874	0.67752	0.00248	1	0.06606	-0.01364	0.67870	0.00330	1	1.45898	0.81042	0	
1267848	8550.66016	3306306193594	0.00000	0.00000	8550.23828	0.22070	11832	0	0.74632	0.45919	0	0.63642	0.72792	0	0.63642	0.72792	0	0.49662	0.53755	10.34854	1.06647	0	0.75694	0.55945	11.02171	1.06647	0	-0.00132	-0.00874	0.67752	0.00248	1	0.06606	-0.01364	0.67870	0.00330	1	1.45898	0.81042	0	
1267849	8550.66699	3306306261326	0.00000	0.00000	8550.23828	0.22070	11832	0	0.74632	0.45919	0	0.63642	0.72792	0	0.63642	0.72792	0	0.49662	0.53755	10.34854	1.06647	0	0.75694	0.55945	11.02171	1.06647	0	-0.00132	-0.00874	0.67752	0.00248	1	0.06606	-0.01364	0.67870	0.00330	1	1.45898	0.81042	0	
1267850	8550.67285	3306306327561	0.00000	0.00000	8550.23828	0.22070	11832	0	0.74632	0.45919	0	0.63642	0.72792	0	0.63642	0.72792	0	0.49662	0.53755	10.34854	1.06647	0	0.75694	0.55945	11.02171	1.06647	0	-0.00132	-0.00874	0.67752	0.00248	1	0.06606	-0.01364	0.67870	0.00330	1	1.45898	0.81042	0	
1267851	8550.67969	3306306394635	0.00000	0.00000	8550.23828	0.22070	11832	0	0.74632	0.45919	0	0.63642	0.72792	0	0.63642	0.72792	0	0.49662	0.53755	10.34854	1.06647	0	0.75694	0.55945	11.02171	1.06647	0	-0.00132	-0.00874	0.67752	0.00248	1	0.06606	-0.01364	0.67870	0.00330	1	1.45898	0.81042	0	
1267852	8550.68652	3306306459667	0.00000	0.00000	8550.23828	0.22070	11832	0	0.74632	0.45919	0	0.63642	0.72792	0	0.63642	0.72792	0	0.49662	0.53755	10.34854	1.06647	0	0.75694	0.55945	11.02171	1.06647	0	-0.00132	-0.00874	0.67752	0.00248	1	0.06606	-0.01364	0.67870	0.00330	1	1.45898	0.81042	0	
1267853	8550.69336	3306306531615	0.00000	0.00000	8550.23828	0.22070	11832	0	0.74632	0.45919	0	0.63642	0.72792	0	0.63642	0.72792	0	0.49662	0.53755	10.34854	1.06647	0	0.75694	0.55945	11.02171	1.06647	0	-0.00132	-0.00874	0.67752	0.00248	1	0.06606	-0.01364	0.67870	0.00330	1	1.45898	0.81042	0	
1267854	8550.70020	3306306598490	0.00000	0.00000	8550.23828	0.22070	11832	0	0.74632	0.45919	0	0.63642	0.72792	0	0.63642	0.72792	0	0.49662	0.53755	10.34854	1.06647	0	0.75694	0.55945	11.02171	1.06647	0	-0.00132	-0.00874	0.67752	0.00248	1	0.06606	-0.01364	0.67870	0.00330	1	1.45898	0.81042	0	
1267855	8550.70703	3306306665028	0.76167	0.42274	8550.23828	0.22070	11832	0	0.77143	0.50930	1	0.75192	0.33619	1	0.76167	0.42274	1	0.49510	0.53501	11.35411	1.06647	1	0.75758	0.55630	11.31707	1.06647	1	-0.00132	-0.00874	0.67752	0.00371	1	0.06606	-0.01364	0.67870	0.00254	1	1.45898	0.81042	0	
1267856	8550.71387	3306306732307	0.76201	0.42104	8550.23828	0.22070	11832	0	0.77236	0.50369	1	0.75232	0.33500	1	0.76234	0.41934	1	0.49510	0.53465	11.19271	1.07556	1	0.75750	0.55625	11.57689	1.06790	1	-0.00197	-0.00922	0.71097	0.00383	1	0.06347	-0.01323	0.65564	0.00257	1	1.45898	0.81042	0	
1267857	8550.72070	3306306799467	0.75132	0.43645	8550.23828	0.22070	11832	0	0.76408	0.45726	1	0.69580	0.47729	1	0.72994	0.46728	1	0.49509	0.53434	11.10305	1.07698	1	0.75672	0.55803	12.21570	1.06932	1	-0.00197	-0.00922	0.71097	0.00380	1	0.06347	-0.01323	0.65564	0.00396	1	1.45898	0.81042	0	
1267858	8550.72754	3306306867033	0.74711	0.44876	8550.70703	0.02051	11833	1	0.74447	0.46505	1	0.72452	0.50627	1	0.73450	0.48566	1	0.49516	0.53453	11.07397	1.07841	1	0.75671	0.55812	12.40577	1.07075	1	-0.00197	-0.00922	0.71097	0.00386	1	0.06347	-0.01323	0.65564	0.00394	1	1.45898	0.81042	0	
1267859	8550.73438	3306306934335	0.74476	0.45606	8550.70703	0.02734	11833	1	0.74388	0.47005	1	0.72680	0.50048	1	0.73534	0.48527	1	0.49508	0.53374	10.95423	1.07075	1	0.75667	0.55874	12.35867	1.07943	1	-0.00183	-0.00877	0.67629	0.00354	1	0.06763	-0.01407	0.69754	0.00379	1	1.45898	0.81042	0	
1267860	8550.74023	3306307000443	0.74065	0.46284	8550.70703	0.03320	11833	1	0.71502	0.44299	1	0.72518	0.55053	1	0.72010	0.49676	1	0.49471	0.53393	11.20599	1.07034	1	0.75665	0.55882	12.51894	1.08668	1	-0.00183	-0.00877	0.67629	0.00334	1	0.06763	-0.01407	0.69754	0.00379	1	1.45898	0.81042	0	
1267861	8550.74707	3306307067464	0.74038	0.46449	8550.70703	0.04004	11833	1	0.73852	0.44251	1	0.73907	0.50622	1	0.73880	0.47436	1	0.49504	0.53446	11.71270	1.07760	1	0.75678	0.55844	12.23359	1.09394	1	-0.00183	-0.00877	0.67629	0.00348	1	0.06763	-0.01407	0.69754	0.00400	1	1.45898	0.81042	0	
1267862	8550.75391	3306307133636	0.74053	0.46437	8550.70703	0.04688	11833	1	0.73970	0.43149	1	0.74348	0.49555	1	0.74159	0.46352	1	0.49486	0.53404	11.04905	1.09394	1	0.75758	0.55603	10.87821	1.11028	1	-0.00182	-0.00905	0.69345	0.00339	1	0.06763	-0.01407	0.69754	0.00259	1	1.45898	0.81042	0	
1267863	8550.76074	3306307200200	0.74100	0.45728	8550.70703	0.05371	11833	1	0.75363	0.31583	1	0.73584	0.48537	1	0.74473	0.40060	1	0.49502	0.53329	10.97312	1.11936	1	0.75670	0.55846	12.31413	1.11936	1	-0.00182	-0.00905	0.69345	0.00370	1	0.06763	-0.01407	0.69754	0.00380	1	1.45898	0.81042	0	
1267864	8550.76758	3306307268340	0.73866	0.45481	8550.70703	0.06055	11833	1	0.69496	0.37325	1	0.74015	0.49188	1	0.71756	0.43256	1	0.49486	0.53386	11.05069	1.12845	1	0.75667	0.55846	12.46148	1.12845	1	-0.00182	-0.00905	0.69345	0.00356	1	0.06763	-0.01407	0.69754	0.00379	1	1.45898	0.81042	0	
1267865	8550.77441	3306307335248	0.73663	0.45328	8550.70703	0.06738	11833	1	0.69470	0.37892	1	0.73804	0.49705	1	0.71637	0.43798	1	0.49520	0.53429	11.44152	1.12043	1	0.75675	0.55857	12.17807	1.12043	1	-0.00170	-0.00840	0.64771	0.00361	1	0.06860	-0.01422	0.70751	0.00386	1	1.45898	0.81042	0	
1267866	8550.78125	3306307403242	0.73656	0.45841	8550.70703	0.07422	11833	1	0.73560	0.47203	1	0.73600	0.55755	1	0.73580	0.51479	1	0.49540	0.53471	11.12346	1.10333	1	0.75669	0.55849	12.25633	1.10333	1	-0.00170	-0.00840	0.64771	0.00379	1	0.06860	-0.01422	0.70751	0.00379	1	1.45898	0.81042	0	
1267867	8550.78711	3306307469803	0.73629	0.46205	8550.70703	0.08008	11833	1	0.73262	0.44832	1	0.73346	0.56332	1	0.73304	0.50582	1	0.49543	0.53427	10.99858	1.08623	1	0.75679	0.55843	12.25156	1.08623	1	-0.00170	-0.00840	0.64771	0.00412	1	0.06860	-0.01422	0.70751	0.00415	1	1.45898	0.81042	0	
1267868	8550.79395	3306307536066	0.73585	0.46595	8550.70703	0.08691	11833	1	0.73147	0.45967	1	0.72889	0.57363	1	0.73018	0.51665	1	0.49537	0.53485	11.43473	1.06913	1	0.75666	0.55847	12.26325	1.06913	1	-0.00177	-0.00879	0.67394	0.00354	1	0.06763	-0.01397	0.69754	0.00381	1	1.45898	0.81042	0	
1267869	8550.80078	3306307601961	0.73455	0.46812	8550.70703	0.09375	11833	1	0.71281	0.42776	1	0.71974	0.56907	1	0.71627	0.49842	1	0.49512	0.53392	11.54059	1.06913	1	0.75674	0.55845	12.21940	1.06913	1	-0.00177	-0.00879	0.67394	0.00342	1	0.06763	-0.01397	0.69754	0.00390	1	1.45898	0.81042	0	
1267870	8550.80762	3306307669105	0.73179	0.47137	8550.70703	0.10059	11833	1	0.71240	0.46611	1	0.66853	0.57432	1	0.69047	0.52021	1	0.49513	0.53428	11.66333	1.06913	1	0.75660	0.55849	12.67702	1.06913	1	-0.00177	-0.00879	0.67394	0.00333	1	0.06763	-0.01397	0.69754	0.00390	1	1.45898	0.81042	0	
1267871	8550.81445	3306307737841	0.72931	0.47440	8550.70703	0.10742	11833	1	0.71240	0.46611	1	0.66668	0.57951	1	0.68954	0.52281	1	0.49510	0.53416	11.64252	1.06913	1	0.75672	0.55857	12.80027	1.06044	1	-0.00170	-0.00831	0.64771	0.00337	1	0.06633	-0.01364	0.68366	0.00411	1	1.45898	0.81042	0	
1267872	8550.82129	3306307805619	0.72863	0.47957	8550.70703	0.11426	11833	1	0.73469	0.46993	1	0.69948	0.66502	1	0.71709	0.56748	1	0.49547	0.53429	11.72358	1.06044	1	0.75675	0.55873	12.67919	1.05176	1	-0.00170	-0.00831	0.64771	0.00343	1	0.06633	-0.01364	0.68366	0.00410	1	1.45898	0.81042	0	
1267873	8550.82715	3306307871289	0.72787	0.48323	8550.70703	0.12012	11833	1	0.74009	0.46544	1	0.68825	0.63281	1	0.71417	0.54912	1	0.49556	0.53429	11.90065	1.05176	1	0.75665	0.55841	12.99584	1.04308	1	-0.00170	-0.00831	0.64771	0.00344	1	0.06633	-0.01364	0.68366	0.00388	1	1.45898	0.81042	0	
1267874	8550.83398	3306307938261	0.72723	0.48642	8550.70703	0.12695	11833	1	0.74004	0.46589	1	0.69015	0.62834	1	0.71510	0.54711	1	0.49556	0.53429	11.90065	1.05110	1	0.75673	0.55843	12.37523	1.05110	1	-0.00172	-0.00864	0.67405	0.00344	1	0.06830	-0.01405	0.70443	0.00392	1	1.45898	0.81042	0	
1267875	8550.84082	3306308005090	0.72657	0.48721	8550.70703	0.13379	11833	1	0.74000	0.47801	1	0.68681	0.52779	1	0.71340	0.50290	1	0.49554	0.53428	11.89607	1.05912	1	0.75690	0.55745	12.33552	1.06780	1	-0.00172	-0.00864	0.67405	0.00345	1	0.06830	-0.01405	0.70443	0.00430	1	1.45898	0.81042	0	
1267876	8550.84766	3306308070653	0.71568	0.51538	8550.70703	0.13379	11833	0	0.74731	0.39716	1	0.68613	0.60541	1	0.71672	0.50129	1	0.49570	0.53372	11.29351	1.07581	1	0.75683	0.55849	12.41481	1.08449	1	-0.00172	-0.00864	0.67405	0.00373	1	0.06830	-0.01405	0.70443	0.00410	1	1.45898	0.81042	0	
1267877	8550.85449	3306308137063	0.71698	0.50422	8550.70703	0.13379	11833	0	0.74861	0.38520	1	0.68794	0.60091	1	0.71827	0.49305	1	0.49572	0.53401	11.63813	1.09251	1	0.75671	0.55732	12.45725	1.09251	1	-0.00172	-0.00864	0.67405	0.00375	1	0.06633	-0.01364	0.68366	0.00409	1	1.45898	0.81042	0	
1267878	8550.86133	3306308203552	0.71488	0.49696	8550.70703	0.13379	11833	0	0.74999	0.40780	1	0.67141	0.55707	1	0.71070	0.48243	1	0.49570	0.53392	11.68373	1.09251	1	0.75654	0.55782	12.36882	1.08383	1	-0.00172	-0.00864	0.67405	0.00365	1	0.06633	-0.01364	0.68366	0.00384	1	1.45898	0.81042	0	
1267879	8550.86719	3306308270072	0.71131	0.50170	8550.84766	0.01953	11834	1	0.73923	0.43003	1	0.66196	0.60186	1	0.70059	0.51595	1	0.49557	0.53396	11.62479	1.08383	1	0.75645	0.55821	12.58518	1.07515	1	-0.00172	-0.00864	0.67405	0.00360	1	0.06633	-0.01364	0.68366	0.00391	1	1.45898	0.81042	0	
1267880	8550.87402	3306308337132	0.70893	0.50564	8550.84766	0.02637	11834	1	0.73860	0.43595	1	0.66017	0.60680	1	0.69939	0.52137	1	0.49564	0.53379	11.65746	1.07515	1	0.75647	0.55824	12.42140	1.06647	1	-0.00172	-0.00864	0.67405	0.00362	1	0.06633	-0.01364	0.68366	0.00397	1	1.45898	0.81042	0	
1267881	8550.88086	3306308404676	0.70874	0.50830	8550.84766	0.03320	11834	1	0.73957	0.46635	1	0.67600	0.57690	1	0.70779	0.52162	1	0.49549	0.53427	11.93802	1.06647	1	0.75671	0.55790	12.52729	1.06647	1	-0.00172	-0.00864	0.67405	0.00344	1	0.06633	-0.01364	0.68366	0.00392	1	1.45898	0.81042	0	AUDIO_FILE_OFFSET
1267882	8550.88770	3306308472689	0.70880	0.50943	8550.84766	0.04004	11834	1	0.74927	0.45575	1	0.66906	0.57666	1	0.70916	0.51620	1	0.49563	0.53427	11.83416	1.06647	1	0.75656	0.55803	12.71435	1.06647	1	-0.00172	-0.00864	0.67405	0.00352	1	0.06633	-0.01364	0.68366	0.00376	1	1.45898	0.81042	0	
1267883	8550.89453	3306308537812	0.70884	0.51028	8550.84766	0.04688	11834	1	0.74927	0.45575	1	0.66906	0.57666	1	0.70916	0.51620	1	0.49550	0.53402	11.46089	1.06647	1	0.75656	0.55803	12.71435	1.06647	1	-0.00172	-0.00864	0.67405	0.00353	1	0.06633	-0.01364	0.68366	0.00375	1	1.45898	0.81042	0	
1267884	8550.90137	3306308605444	0.70754	0.50942	8550.84766	0.05371	11834	1	0.73961	0.43914	1	0.65456	0.56596	1	0.69709	0.50255	1	0.49559	0.53393	11.64094	1.06647	1	0.75641	0.55796	13.12929	1.06647	1	-0.00172	-0.00864	0.67405	0.00355	1	0.06633	-0.01364	0.68366	0.00381	1	1.45898	0.81042	0	
1267885	8550.90820	3306308674727	0.70730	0.51023	8550.84766	0.06055	11834	1	0.74185	0.38778	1	0.66854	0.64723	1	0.70520	0.51750	1	0.49558	0.53348	11.40217	1.06647	1	0.75669	0.55872	12.97055	1.06647	1	-0.00172	-0.00864	0.67405	0.00361	1	0.06633	-0.01364	0.68366	0.00387	1	1.45898	0.81042	0	
1267886	8550.91504	3306308742834	0.70704	0.51107	8550.84766	0.06738	11834	1	0.74185	0.38778	1	0.66690	0.65129	1	0.70438	0.51953	1	0.49560	0.53387	11.88798	1.06647	1	0.75660	0.55868	12.88628	1.05881	1	-0.00172	-0.00859	0.67405	0.00329	1	0.06375	-0.01310	0.65658	0.00386	1	1.45898	0.81042	0	
1268038	8551.93262	3306318923498	0.29737	0.40912	8551.61816	0.29492	11838	0	0.22886	0.30486	1	0.25496	0.49430	1	0.24191	0.39958	1	0.47850	0.53465	10.05300	1.08383	1	0.74053	0.55906	12.39595	1.07515	1	-0.00399	-0.00932	0.68243	0.00224	1	0.06299	-0.01370	0.67420	0.00352	1	1.45898	0.81042	0	START_TRIAL
1268039	8551.93945	3306318989102	0.24152	0.39261	8551.61816	0.29492	11838	0	0.23178	0.31202	1	0.25636	0.49988	1	0.24407	0.40595	1	0.47873	0.53478	9.98503	1.07515	1	0.74058	0.55838	11.86608	1.06647	1	-0.00399	-0.00932	0.68243	0.00224	1	0.06353	-0.01380	0.67892	0.00366	1	1.45898	0.81042	0	
1268040	8551.94629	3306319057636	0.25028	0.38623	8551.61816	0.29492	11838	0	0.25337	0.32137	1	0.26471	0.43834	1	0.25904	0.37986	1	0.47877	0.53473	9.87324	1.06647	1	0.74060	0.55834	11.44271	1.06647	1	-0.00399	-0.00932	0.68243	0.00227	1	0.06353	-0.01380	0.67892	0.00386	1	1.45898	0.81042	0	
1268041	8551.95312	3306319124350	0.24990	0.38321	8551.61816	0.29492	11838	0	0.23823	0.28890	1	0.26006	0.46542	1	0.24915	0.37716	1	0.47863	0.53485	9.91194	1.06647	1	0.74048	0.55855	11.43839	1.06647	1	-0.00399	-0.00932	0.68243	0.00217	1	0.06353	-0.01380	0.67892	0.00391	1	1.45898	0.81042	0	
1268042	8551.95996	3306319191278	0.24986	0.38234	8551.93945	0.02051	11839	1	0.23823	0.28890	1	0.26127	0.47059	1	0.24975	0.37975	1	0.47843	0.53499	9.98742	1.06647	1	0.74070	0.55911	11.82671	1.05881	1	-0.00400	-0.00939	0.68389	0.00232	1	0.06074	-0.01320	0.64967	0.00364	1	1.45898	0.81042	0	
1268043	8551.96582	3306319258137	0.25065	0.38694	8551.93945	0.02637	11839	1	0.24472	0.32606	1	0.26290	0.48462	1	0.25381	0.40534	1	0.47855	0.53510	9.59884	1.05881	1	0.74057	0.55919	11.92119	1.05115	1	-0.00400	-0.00939	0.68389	0.00235	1	0.06074	-0.01320	0.64967	0.00368	1	1.45898	0.81042	0	
1268044	8551.97266	3306319325252	0.25243	0.38940	8551.93945	0.03320	11839	1	0.25796	0.30465	1	0.26471	0.49872	1	0.26134	0.40168	1	0.47871	0.53488	9.80173	1.05115	1	0.74055	0.55927	12.05901	1.04349	1	-0.00400	-0.00939	0.68389	0.00217	1	0.06074	-0.01320	0.64967	0.00367	1	1.45898	0.81042	0	
1268045	8551.97949	3306319392011	0.25416	0.39248	8551.93945	0.04004	11839	1	0.26302	0.31795	1	0.26598	0.50401	1	0.26450	0.41098	1	0.47862	0.53502	9.63792	1.03547	1	0.74083	0.55949	12.60221	1.03547	1	-0.00394	-0.00919	0.66596	0.00215	1	0.06338	-0.01382	0.67731	0.00350	1	1.45898	0.81042	0	
1268046	8551.98633	3306319458132	0.25517	0.39669	8551.93945	0.04688	11839	1	0.26007	0.33030	1	0.26447	0.52195	1	0.26227	0.42613	1	0.47878	0.53493	9.77454	1.02746	1	0.74055	0.55952	11.62680	1.03512	1	-0.00394	-0.00919	0.66596	0.00230	1	0.06338	-0.01382	0.67731	0.00359	1	1.45898	0.81042	0	
1268047	8551.99316	3306319525569	0.25599	0.40117	8551.93945	0.05371	11839	1	0.25391	0.35092	1	0.27123	0.52318	1	0.26257	0.43705	1	0.47860	0.53519	9.51413	1.02710	1	0.74100	0.55941	11.85591	1.03476	1	-0.00394	-0.00919	0.66596	0.00222	1	0.06338	-0.01382	0.67731	0.00356	1	1.45898	0.81042	0	
1268048	8552.00000	3306319593427	0.25640	0.40392	8551.93945	0.06055	11839	1	0.25134	0.34462	1	0.26872	0.51268	1	0.26003	0.42865	1	0.47862	0.53528	9.77823	1.03476	1	0.74100	0.55958	12.04053	1.05110	1	-0.00400	-0.00944	0.68389	0.00221	1	0.06564	-0.01440	0.70083	0.00354	1	1.45898	0.81042	0	
1268049	8552.00684	3306319660155	0.25489	0.40631	8551.93945	0.06738	11839	1	0.21812	0.35009	1	0.26140	0.51032	1	0.23976	0.43020	1	0.47858	0.53518	9.96974	1.05912	1	0.74098	0.55964	12.15980	1.06780	1	-0.00400	-0.00944	0.68389	0.00230	1	0.06564	-0.01440	0.70083	0.00352	1	1.45898	0.81042	0	
1268050	8552.01270	3306319726931	0.25311	0.40765	8551.93945	0.07324	11839	1	0.21598	0.33898	1	0.25126	0.50573	1	0.23362	0.42235	1	0.47864	0.53529	9.57866	1.07581	1	0.74087	0.55967	12.01747	1.08449	1	-0.00400	-0.00944	0.68389	0.00235	1	0.06564	-0.01440	0.70083	0.00352	1	1.45898	0.81042	0	
1268051	8552.01953	3306319793525	0.25134	0.40807	8551.93945	0.08008	11839	1	0.21016	0.32563	1	0.24995	0.50070	1	0.23005	0.41316	1	0.47863	0.53525	9.46404	1.09251	1	0.74108	0.55950	12.81802	1.09251	1	-0.00400	-0.00949	0.68389	0.00243	1	0.06393	-0.01397	0.68212	0.00349	1	1.45898	0.81042	0	
1268052	8552.02637	3306319860643	0.25003	0.40817	8551.93945	0.08691	11839	1	0.22782	0.30681	1	0.23832	0.51204	1	0.23307	0.40943	1	0.47884	0.53529	9.83316	1.09251	1	0.74079	0.55975	12.21435	1.08383	1	-0.00400	-0.00949	0.68389	0.00220	1	0.06393	-0.01397	0.68212	0.00352	1	1.45898	0.81042	0	
1268053	8552.03320	3306319927931	0.24973	0.40971	8551.93945	0.09375	11839	1	0.22315	0.32243	1	0.26791	0.54027	1	0.24553	0.43135	1	0.47880	0.53527	9.43231	1.08383	1	0.74106	0.55993	11.93251	1.07515	1	-0.00400	-0.00949	0.68389	0.00231	1	0.06393	-0.01397	0.68212	0.00357	1	1.45898	0.81042	0	
1268054	8552.04004	3306319994887	0.24960	0.41145	8551.93945	0.10059	11839	1	0.22611	0.32945	1	0.26922	0.54550	1	0.24767	0.43748	1	0.47867	0.53531	9.36972	1.07515	1	0.74108	0.55995	11.91669	1.06647	1	-0.00400	-0.00944	0.68389	0.00222	1	0.06327	-0.01387	0.67501	0.00350	1	1.45898	0.81042	0	
1268055	8552.04688	3306320061563	0.24932	0.41280	8551.93945	0.10742	11839	1	0.22033	0.32318	1	0.26922	0.54550	1	0.24477	0.43434	1	0.47874	0.53525	9.30474	1.06647	1	0.74106	0.55993	11.93251	1.06647	1	-0.00400	-0.00944	0.68389	0.00228	1	0.06327	-0.01387	0.67501	0.00357	1	1.45898	0.81042	0	
1268056	8552.05371	3306320129018	0.24894	0.41430	8551.93945	0.11426	11839	1	0.21481	0.34185	1	0.27016	0.53786	1	0.24249	0.43985	1	0.47857	0.53524	9.37959	1.06647	1	0.74108	0.55998	11.96931	1.06647	1	-0.00400	-0.00944	0.68389	0.00237	1	0.06327	-0.01387	0.67501	0.00353	1	1.45898	0.81042	0	
1268057	8552.06055	3306320196623	0.24860	0.41564	8551.93945	0.12109	11839	1	0.21481	0.34185	1	0.27016	0.53786	1	0.24249	0.43985	1	0.47892	0.53498	9.53907	1.06647	1	0.74118	0.55985	12.29268	1.06647	1	-0.00400	-0.00944	0.68389	0.00226	1	0.06393	-0.01407	0.68212	0.00354	1	1.45898	0.81042	0	
1268058	8552.06641	3306320262953	0.24893	0.41555	8551.93945	0.12695	11839	1	0.23766	0.31008	1	0.27259	0.51756	1	0.25513	0.41382	1	0.47896	0.53506	9.77638	1.06647	1	0.74114	0.55965	11.95083	1.06647	1	-0.00400	-0.00944	0.68389	0.00224	1	0.06393	-0.01407	0.68212	0.00363	1	1.45898	0.81042	0	
1268059	8552.07324	3306320329768	0.24936	0.41556	8551.93945	0.13379	11839	1	0.24044	0.29309	1	0.27540	0.53824	1	0.25792	0.41567	1	0.47898	0.53491	9.55744	1.06647	1	0.74118	0.55980	12.09388	1.06647	1	-0.00400	-0.00944	0.68389	0.00222	1	0.06393	-0.01407	0.68212	0.00353	1	1.45898	0.81042	0	
1268060	8552.08008	3306320395751	0.24983	0.41583	8551.93945	0.14062	11839	1	0.24309	0.29990	1	0.27657	0.54313	1	0.25983	0.42151	1	0.47908	0.53499	9.81737	1.05845	1	0.74120	0.55965	11.86010	1.05845	1	-0.00372	-0.00908	0.66183	0.00221	1	0.06393	-0.01407	0.68212	0.00361	1	1.45898	0.81042	0	
1268061	8552.08691	3306320462771	0.25010	0.41645	8551.93945	0.14746	11839	1	0.25394	0.33442	1	0.25826	0.52584	1	0.25610	0.43013	1	0.47914	0.53504	9.66624	1.05044	1	0.74122	0.55952	11.71981	1.05044	1	-0.00372	-0.00908	0.66183	0.00218	1	0.06393	-0.01407	0.68212	0.00364	1	1.45898	0.81042	0	
1268062	8552.09375	3306320530700	0.25046	0.41747	8551.93945	0.15430	11839	1	0.25476	0.36356	1	0.26264	0.51847	1	0.25870	0.44102	1	0.47907	0.53489	9.66063	1.04242	1	0.74129	0.55952	11.81960	1.04242	1	-0.00372	-0.00908	0.66183	0.00219	1	0.06393	-0.01407	0.68212	0.00354	1	1.45898	0.81042	0	
1268063	8552.10059	3306320597704	0.25087	0.41865	8551.93945	0.16113	11839	1	0.25741	0.36996	1	0.26393	0.52361	1	0.26067	0.44679	1	0.47916	0.53492	9.79113	1.03440	1	0.74112	0.55967	11.84912	1.03440	1	-0.00372	-0.00903	0.66183	0.00216	1	0.06393	-0.01407	0.68212	0.00362	1	1.45898	0.81042	0	
1268064	8552.10742	3306320664849	0.25140	0.41931	8551.93945	0.16797	11839	1	0.26358	0.36063	1	0.26557	0.51106	1	0.26457	0.43585	1	0.47918	0.53494	9.44177	1.03440	1	0.74137	0.55931	11.42047	1.03440	1	-0.00372	-0.00903	0.66183	0.00220	1	0.06393	-0.01407	0.68212	0.00359	1	1.45898	0.81042	0	
1268065	8552.11328	3306320731173	0.25160	0.42048	8551.93945	0.17383	11839	1	0.25901	0.36935	1	0.25466	0.53235	1	0.25684	0.45085	1	0.47922	0.53490	9.66232	1.03440	1	0.74115	0.55960	11.86386	1.03440	1	-0.00372	-0.00903	0.66183	0.00222	1	0.06393	-0.01407	0.68212	0.00357	1	1.45898	0.81042	0	
1268066	8552.12012	3306320799042	0.25172	0.42136	8551.93945	0.18066	11839	1	0.25637	0.36294	1	0.25331	0.52727	1	0.25484	0.44511	1	0.47921	0.53463	9.62463	1.04242	1	0.74134	0.55923	11.34694	1.04242	1	-0.00387	-0.00927	0.67879	0.00219	1	0.06393	-0.01397	0.68212	0.00363	1	1.45898	0.81042	0	
1268067	8552.12695	3306320865529	0.25200	0.42163	8551.93945	0.18750	11839	1	0.26028	0.37803	1	0.25966	0.48031	1	0.25997	0.42917	1	0.47915	0.53480	9.75269	1.05044	1	0.74126	0.55922	11.48225	1.05044	1	-0.00387	-0.00927	0.67879	0.00217	1	0.06393	-0.01397	0.68212	0.00361	1	1.45898	0.81042	0	
1268068	8552.13379	3306320932447	0.25223	0.42138	8551.93945	0.19434	11839	1	0.25192	0.36513	1	0.26594	0.46361	1	0.25893	0.41437	1	0.47921	0.53470	9.65009	1.05845	1	0.74130	0.55917	11.17758	1.05845	1	-0.00387	-0.00927	0.67879	0.00211	1	0.06393	-0.01397	0.68212	0.00369	1	1.45898	0.81042	0	
1268069	8552.14062	3306320999686	0.25238	0.42097	8551.93945	0.20117	11839	1	0.24930	0.35883	1	0.26470	0.45813	1	0.25700	0.40848	1	0.47913	0.53457	9.45397	1.06647	1	0.74115	0.55941	11.30052	1.06647	1	-0.00387	-0.00927	0.67879	0.00223	1	0.06393	-0.01386	0.68212	0.00378	1	1.45898	0.81042	0	
1268070	8552.14746	3306321066932	0.25215	0.42138	8551.93945	0.20801	11839	1	0.24506	0.35356	1	0.24453	0.51447	1	0.24479	0.43402	1	0.47918	0.53460	9.66961	1.06647	1	0.74118	0.55907	11.28284	1.06647	1	-0.00387	-0.00927	0.67879	0.00221	1	0.06393	-0.01386	0.68212	0.00369	1	1.45898	0.81042	0	
1268071	8552.15430	3306321133754	0.25230	0.42169	8551.93945	0.21484	11839	1	0.25144	0.35541	1	0.26293	0.50782	1	0.25719	0.43161	1	0.47923	0.53459	9.67268	1.06647	1	0.74139	0.55904	11.23104	1.06647	1	-0.00387	-0.00927	0.67879	0.00218	1	0.06393	-0.01386	0.68212	0.00370	1	1.45898	0.81042	0	
1268072	8552.16016	3306321200548	0.25244	0.42198	8551.93945	0.22070	11839	1	0.25144	0.35541	1	0.26293	0.50782	1	0.25719	0.43161	1	0.47926	0.53443	9.95361	1.06647	1	0.74121	0.55894	11.29884	1.06647	1	-0.00387	-0.00927	0.67879	0.00210	1	0.06393	-0.01386	0.68212	0.00380	1	1.45898	0.81042	0	
1268073	8552.16699	3306321267430	0.25278	0.42164	8551.93945	0.22754	11839	1	0.26065	0.34301	1	0.26809	0.47748	1	0.26437	0.41025	1	0.47925	0.53450	9.53344	1.06647	1	0.74109	0.55862	11.29774	1.06647	1	-0.00387	-0.00927	0.67879	0.00226	1	0.06393	-0.01386	0.68212	0.00375	1	1.45898	0.81042	0	
1268074	8552.17383	3306321332787	0.25313	0.42064	8551.93945	0.23438	11839	1	0.25407	0.35398	1	0.27650	0.41719	1	0.26528	0.38558	1	0.47918	0.53456	9.63831	1.06647	1	0.74116	0.55816	11.18688	1.06647	1	-0.00387	-0.00927	0.67879	0.00220	1	0.06393	-0.01386	0.68212	0.00368	1	1.45898	0.81042	0	
1268075	8552.18066	3306321401818	0.25351	0.41986	8551.93945	0.24121	11839	1	0.25666	0.36031	1	0.27765	0.42297	1	0.26715	0.39164	1	0.47908	0.53451	9.36125	1.05845	1	0.74116	0.55827	11.29891	1.05845	1	-0.00381	-0.00895	0.65932	0.00219	1	0.06393	-0.01386	0.68212	0.00367	1	1.45898	0.81042	0	
1268076	8552.18750	3306321468450	0.25397	0.42002	8551.93945	0.24805	11839	1	0.25416	0.36444	1	0.28745	0.48788	1	0.27080	0.42616	1	0.47898	0.53440	9.71390	1.05044	1	0.74139	0.55869	11.31056	1.05044	1	-0.00381	-0.00895	0.65932	0.00222	1	0.06393	-0.01386	0.68212	0.00344	1	1.45898	0.81042	0	
1268077	8552.19434	3306321535866	0.25438	0.42014	8551.93945	0.25488	11839	1	0.24829	0.34965	1	0.29198	0.49932	1	0.27014	0.42449	1	0.47893	0.53431	9.63863	1.04242	1	0.74142	0.55866	11.25403	1.04242	1	-0.00381	-0.00895	0.65932	0.00216	1	0.06393	-0.01386	0.68212	0.00347	1	1.45898	0.81042	0	
1268078	8552.20117	3306321602454	0.25476	0.42017	8551.93945	0.26172	11839	1	0.24829	0.34965	1	0.29083	0.49358	1	0.26956	0.42162	1	0.47868	0.53436	9.83369	1.04242	1	0.74119	0.55866	11.79105	1.05110	1	-0.00399	-0.00932	0.68243	0.00217	1	0.06668	-0.01447	0.71197	0.00345	1	1.45898	0.81042	0	
1268079	8552.20703	3306321669653	0.25461	0.42043	8551.93945	0.26758	11839	1	0.23487	0.35392	1	0.26274	0.50727	1	0.24880	0.43060	1	0.47886	0.53447	9.75539	1.05912	1	0.74112	0.55879	11.68422	1.06780	1	-0.00399	-0.00932	0.68243	0.00213	1	0.06668	-0.01447	0.71197	0.00352	1	1.45898	0.81042	0	
1268080	8552.21387	3306321736764	0.25492	0.42040	8551.93945	0.27441	11839	1	0.23355	0.34945	1	0.30138	0.48869	1	0.26747	0.41907	1	0.47888	0.53448	8.20792	1.07581	1	0.74168	0.55895	12.57755	1.08449	1	-0.00399	-0.00932	0.68243	0.00203	1	0.06668	-0.01447	0.71197	0.00343	1	1.45898	0.81042	0	
1268081	8552.22070	3306321803420	0.25598	0.42186	8551.93945	0.28125	11839	1	0.23355	0.34945	0	0.30043	0.48351	1	0.30043	0.48351	1	0.47888	0.53448	8.20792	1.09251	0	0.74082	0.55939	12.29155	1.09251	1	-0.00399	-0.00932	0.68243	0.00203	1	0.06299	-0.01350	0.67420	0.00333	1	1.45898	0.81042	0	
1268082	8552.22754	3306321870431	0.25598	0.42186	8551.93945	0.28809	11839	1	0.23355	0.34945	0	0.30043	0.48351	0	0.30043	0.48351	0	0.47888	0.53448	8.20792	1.09251	0	0.74082	0.55939	12.29155	1.08383	0	-0.00399	-0.00932	0.68243	0.00203	1	0.06299	-0.01350	0.67420	0.00333	1	1.45898	0.81042	0	
1268083	8552.23438	3306321936042	0.25598	0.42186	8551.93945	0.29492	11839	1	0.23355	0.34945	0	0.30043	0.48351	0	0.30043	0.48351	0	0.47888	0.53448	8.20792	1.08383	0	0.74082	0.55939	12.29155	1.07515	0	-0.00399	-0.00932	0.68243	0.00203	1	0.06299	-0.01350	0.67420	0.00333	1	1.45898	0.81042	0	
1268084	8552.24121	3306322004036	0.25598	0.42186	8551.93945	0.30176	11839	1	0.23355	0.34945	0	0.30043	0.48351	0	0.30043	0.48351	0	0.47888	0.53448	8.20792	1.07515	0	0.74082	0.55939	12.29155	1.06647	0	-0.00399	-0.00932	0.68243	0.00203	1	0.06299	-0.01350	0.67420	0.00333	1	1.45898	0.81042	0	
1268085	8552.24707	3306322069066	0.26526	0.42418	8551.93945	0.30176	11839	0	0.23355	0.34945	0	0.30043	0.48351	0	0.30043	0.48351	0	0.47888	0.53448	8.20792	1.06647	0	0.74082	0.55939	12.29155	1.06647	0	-0.00399	-0.00932	0.68243	0.00203	1	0.06299	-0.01350	0.67420	0.00333	1	1.45898	0.81042	0	
1268086	8552.25391	3306322137346	0.26526	0.42418	8551.93945	0.30176	11839	0	0.23355	0.34945	0	0.30043	0.48351	0	0.30043	0.48351	0	0.47888	0.53448	8.20792	1.06647	0	0.74082	0.55939	12.29155	1.06647	0	-0.00399	-0.00932	0.68243	0.00203	1	0.06299	-0.01350	0.67420	0.00333	1	1.45898	0.81042	0	
1268087	8552.26074	3306322206056	0.26526	0.42418	8551.93945	0.30176	11839	0	0.23355	0.34945	0	0.30043	0.48351	0	0.30043	0.48351	0	0.47888	0.53448	8.20792	1.06647	0	0.74082	0.55939	12.29155	1.06647	0	-0.00399	-0.00932	0.68243	0.00203	1	0.06299	-0.01350	0.67420	0.00333	1	1.45898	0.81042	0	
1268088	8552.26758	3306322271140	0.00000	0.00000	8551.93945	0.30176	11839	0	0.23355	0.34945	0	0.30043	0.48351	0	0.30043	0.48351	0	0.47888	0.53448	8.20792	1.06647	0	0.74082	0.55939	12.29155	1.06647	0	-0.00399	-0.00932	0.68243	0.00203	1	0.06299	-0.01350	0.67420	0.00333	1	1.45898	0.81042	0	
1268089	8552.27441	3306322335951	0.00000	0.00000	8551.93945	0.30176	11839	0	0.23355	0.34945	0	0.30043	0.48351	0	0.30043	0.48351	0	0.47888	0.53448	8.20792	1.06647	0	0.74082	0.55939	12.29155	1.06647	0	-0.00399	-0.00932	0.68243	0.00203	1	0.06299	-0.01350	0.67420	0.00333	1	1.45898	0.81042	0	
1268090	8552.28125	3306322403771	0.00000	0.00000	8551.93945	0.30176	11839	0	0.23355	0.34945	0	0.30043	0.48351	0	0.30043	0.48351	0	0.47888	0.53448	8.20792	1.06647	0	0.74082	0.55939	12.29155	1.06647	0	-0.00399	-0.00932	0.68243	0.00203	1	0.06299	-0.01350	0.67420	0.00333	1	1.45898	0.81042	0	
1268091	8552.28711	3306322470412	0.00000	0.00000	8551.93945	0.30176	11839	0	0.23355	0.34945	0	0.30043	0.48351	0	0.30043	0.48351	0	0.47888	0.53448	8.20792	1.06647	0	0.74082	0.55939	12.29155	1.06647	0	-0.00399	-0.00932	0.68243	0.00203	1	0.06299	-0.01350	0.67420	0.00333	1	1.45898	0.81042	0	
1268092	8552.29395	3306322538653	0.00000	0.00000	8551.93945	0.30176	11839	0	0.23355	0.34945	0	0.30043	0.48351	0	0.30043	0.48351	0	0.47888	0.53448	8.20792	1.06647	0	0.74082	0.55939	12.29155	1.06647	0	-0.00399	-0.00932	0.68243	0.00203	1	0.06299	-0.01350	0.67420	0.00333	1	1.45898	0.81042	0	
1268093	8552.30078	3306322603113	0.00000	0.00000	8551.93945	0.30176	11839	0	0.23355	0.34945	0	0.30043	0.48351	0	0.30043	0.48351	0	0.47888	0.53448	8.20792	1.06647	0	0.74082	0.55939	12.29155	1.06647	0	-0.00399	-0.00932	0.68243	0.00203	1	0.06299	-0.01350	0.67420	0.00333	1	1.45898	0.81042	0	
1268094	8552.30762	3306322672002	0.00000	0.00000	8551.93945	0.30176	11839	0	0.23355	0.34945	0	0.30043	0.48351	0	0.30043	0.48351	0	0.47888	0.53448	8.20792	1.06647	0	0.74082	0.55939	12.29155	1.06647	0	-0.00399	-0.00932	0.68243	0.00203	1	0.06299	-0.01350	0.67420	0.00333	1	1.45898	0.81042	0	
1268095	8552.31445	3306322738420	0.00000	0.00000	8551.93945	0.30176	11839	0	0.23355	0.34945	0	0.30043	0.48351	0	0.30043	0.48351	0	0.47888	0.53448	8.20792	1.06647	0	0.74082	0.55939	12.29155	1.06647	0	-0.00399	-0.00932	0.68243	0.00203	1	0.06299	-0.01350	0.67420	0.00333	1	1.45898	0.81042	0	
1268096	8552.32129	3306322807170	0.00000	0.00000	8551.93945	0.30176	11839	0	0.23355	0.34945	0	0.30043	0.48351	0	0.30043	0.48351	0	0.47888	0.53448	8.20792	1.06647	0	0.74082	0.55939	12.29155	1.06647	0	-0.00399	-0.00932	0.68243	0.00203	1	0.06299	-0.01350	0.67420	0.00333	1	1.45898	0.81042	0	
1268097	8552.32812	3306322875221	0.00000	0.00000	8551.93945	0.30176	11839	0	0.23355	0.34945	0	0.30043	0.48351	0	0.30043	0.48351	0	0.47888	0.53448	8.20792	1.06647	0	0.74082	0.55939	12.29155	1.06647	0	-0.00399	-0.00932	0.68243	0.00203	1	0.06299	-0.01350	0.67420	0.00333	1	1.45898	0.81042	0	
1268098	8552.33496	3306322942420	0.00000	0.00000	8551.93945	0.30176	11839	0	0.23355	0.34945	0	0.30043	0.48351	0	0.30043	0.48351	0	0.47888	0.53448	8.20792	1.06647	0	0.74082	0.55939	12.29155	1.06647	0	-0.00399	-0.00932	0.68243	0.00203	1	0.06299	-0.01350	0.67420	0.00333	1	1.45898	0.81042	0	
1268099	8552.34180	3306323009061	0.00000	0.00000	8551.93945	0.30176	11839	0	0.23355	0.34945	0	0.30043	0.48351	0	0.30043	0.48351	0	0.47888	0.53448	8.20792	1.06647	0	0.74082	0.55939	12.29155	1.06647	0	-0.00399	-0.00932	0.68243	0.00203	1	0.06299	-0.01350	0.67420	0.00333	1	1.45898	0.81042	0	
1268100	8552.34766	3306323075738	0.00000	0.00000	8551.93945	0.30176	11839	0	0.23355	0.34945	0	0.30043	0.48351	0	0.30043	0.48351	0	0.47888	0.53448	8.20792	1.06647	0	0.74082	0.55939	12.29155	1.06647	0	-0.00399	-0.00932	0.68243	0.00203	1	0.06299	-0.01350	0.67420	0.00333	1	1.45898	0.81042	0	
1268101	8552.35449	3306323143036	0.00000	0.00000	8551.93945	0.30176	11839	0	0.23355	0.34945	0	0.30043	0.48351	0	0.30043	0.48351	0	0.47888	0.53448	8.20792	1.06647	0	0.74082	0.55939	12.29155	1.06647	0	-0.00399	-0.00932	0.68243	0.00203	1	0.06299	-0.01350	0.67420	0.00333	1	1.45898	0.81042	0	
1268102	8552.36133	3306323207206	0.00000	0.00000	8551.93945	0.30176	11839	0	0.23355	0.34945	0	0.30043	0.48351	0	0.30043	0.48351	0	0.47888	0.53448	8.20792	1.06647	0	0.74082	0.55939	12.29155	1.06647	0	-0.00399	-0.00932	0.68243	0.00203	1	0.06299	-0.01350	0.67420	0.00333	1	1.45898	0.81042	0	
1268103	8552.36816	3306323277244	0.00000	0.00000	8551.93945	0.30176	11839	0	0.23355	0.34945	0	0.30043	0.48351	0	0.30043	0.48351	0	0.47888	0.53448	8.20792	1.06647	0	0.74082	0.55939	12.29155	1.06647	0	-0.00399	-0.00932	0.68243	0.00203	1	0.06299	-0.01350	0.67420	0.00333	1	1.45898	0.81042	0	
1268104	8552.37500	3306323342492	0.00000	0.00000	8551.93945	0.30176	11839	0	0.23355	0.34945	0	0.30043	0.48351	0	0.30043	0.48351	0	0.47888	0.53448	8.20792	1.06647	0	0.74082	0.55939	12.29155	1.06647	0	-0.00399	-0.00932	0.68243	0.00203	1	0.06299	-0.01350	0.67420	0.00333	1	1.45898	0.81042	0	
1268105	8552.38184	3306323410690	0.00000	0.00000	8551.93945	0.30176	11839	0	0.23355	0.34945	0	0.30043	0.48351	0	0.30043	0.48351	0	0.47888	0.53448	8.20792	1.06647	0	0.74082	0.55939	12.29155	1.06647	0	-0.00399	-0.00932	0.68243	0.00203	1	0.06299	-0.01350	0.67420	0.00333	1	1.45898	0.81042	0	
1268106	8552.38867	3306323477632	0.00000	0.00000	8551.93945	0.30176	11839	0	0.23355	0.34945	0	0.30043	0.48351	0	0.30043	0.48351	0	0.47888	0.53448	8.20792	1.06647	0	0.74082	0.55939	12.29155	1.06647	0	-0.00399	-0.00932	0.68243	0.00203	1	0.06299	-0.01350	0.67420	0.00333	1	1.45898	0.81042	0	
1268107	8552.39453	3306323545282	0.00000	0.00000	8551.93945	0.30176	11839	0	0.23355	0.34945	0	0.30043	0.48351	0	0.30043	0.48351	0	0.47888	0.53448	8.20792	1.06647	0	0.74082	0.55939	12.29155	1.06647	0	-0.00399	-0.00932	0.68243	0.00203	1	0.06299	-0.01350	0.67420	0.00333	1	1.45898	0.81042	0	
1268108	8552.40137	3306323612242	0.00000	0.00000	8551.93945	0.30176	11839	0	0.23355	0.34945	0	0.30043	0.48351	0	0.30043	0.48351	0	0.47888	0.53448	8.20792	1.06647	0	0.74082	0.55939	12.29155	1.06647	0	-0.00399	-0.00932	0.68243	0.00203	1	0.06299	-0.01350	0.67420	0.00333	1	1.45898	0.81042	0	
1268109	8552.40820	3306323678930	0.00000	0.00000	8551.93945	0.30176	11839	0	0.23355	0.34945	0	0.30043	0.48351	0	0.30043	0.48351	0	0.47888	0.53448	8.20792	1.06647	0	0.74082	0.55939	12.29155	1.06647	0	-0.00399	-0.00932	0.68243	0.00203	1	0.06299	-0.01350	0.67420	0.00333	1	1.45898	0.81042	0	
1268110	8552.41504	3306323745935	0.00000	0.00000	8551.93945	0.30176	11839	0	0.23355	0.34945	0	0.30043	0.48351	0	0.30043	0.48351	0	0.47888	0.53448	8.20792	1.06647	0	0.74082	0.55939	12.29155	1.06647	0	-0.00399	-0.00932	0.68243	0.00203	1	0.06299	-0.01350	0.67420	0.00333	1	1.45898	0.81042	0	
1268111	8552.42188	3306323812872	0.00000	0.00000	8551.93945	0.30176	11839	0	0.23355	0.34945	0	0.30043	0.48351	0	0.30043	0.48351	0	0.47888	0.53448	8.20792	1.06647	0	0.74082	0.55939	12.29155	1.06647	0	-0.00399	-0.00932	0.68243	0.00203	1	0.06299	-0.01350	0.67420	0.00333	1	1.45898	0.81042	0	
1268112	8552.42871	3306323879878	0.00000	0.00000	8551.93945	0.30176	11839	0	0.23355	0.34945	0	0.30043	0.48351	0	0.30043	0.48351	0	0.47888	0.53448	8.20792	1.06647	0	0.74082	0.55939	12.29155	1.06647	0	-0.00399	-0.00932	0.68243	0.00203	1	0.06299	-0.01350	0.67420	0.00333	1	1.45898	0.81042	0	
1268113	8552.43555	3306323946705	0.41218	0.10531	8551.93945	0.30176	11839	0	0.81884	0.18075	1	0.82989	0.24049	1	0.82436	0.21062	1	0.49516	0.53271	11.56789	1.06647	1	0.75754	0.55644	11.03445	1.06647	1	-0.00399	-0.00932	0.68243	0.00241	1	0.06299	-0.01350	0.67420	0.00253	1	1.45898	0.81042	0	
1268114	8552.44141	3306324013677	0.54790	0.14628	8551.93945	0.30176	11839	0	0.81689	0.19466	1	0.82177	0.26177	1	0.81933	0.22821	1	0.49487	0.53288	11.69262	1.05133	1	0.75724	0.55639	11.12900	1.04367	1	-0.00213	-0.00862	0.64540	0.00230	1	0.07416	-0.01576	0.76958	0.00251	1	1.45898	0.81042	0	
1268115	8552.44824	3306324080747	0.81782	0.23750	8551.93945	0.30176	11839	0	0.81738	0.20573	1	0.80214	0.34162	1	0.80976	0.27368	1	0.49485	0.53305	12.33718	1.02852	1	0.75729	0.55643	11.54941	1.02087	1	-0.00213	-0.00862	0.64540	0.00237	1	0.07416	-0.01576	0.76958	0.00249	1	1.45898	0.81042	0	
1268116	8552.45508	3306324147681	0.81317	0.26483	8551.93945	0.30176	11839	0	0.81273	0.26599	1	0.80431	0.31832	1	0.80852	0.29215	1	0.49487	0.53283	11.93795	1.00572	1	0.75720	0.55635	11.45174	0.99806	1	-0.00213	-0.00862	0.64540	0.00236	1	0.07416	-0.01576	0.76958	0.00259	1	1.45898	0.81042	0	
1268117	8552.46191	3306324215194	0.81145	0.27507	8551.93945	0.30176	11839	0	0.81170	0.27281	1	0.80431	0.31832	1	0.80800	0.29556	1	0.49466	0.53301	12.05930	0.99806	1	0.75693	0.55647	11.16216	0.99806	1	-0.00237	-0.00922	0.68679	0.00234	1	0.06538	-0.01385	0.67906	0.00247	1	1.45898	0.81042	0	
1268118	8552.46875	3306324280754	0.81164	0.28093	8552.44824	0.02051	11840	1	0.79963	0.27401	1	0.82480	0.32296	1	0.81222	0.29848	1	0.49462	0.53315	12.07955	1.01321	1	0.75700	0.55638	11.29426	1.02087	1	-0.00237	-0.00922	0.68679	0.00236	1	0.06538	-0.01385	0.67906	0.00256	1	1.45898	0.81042	0	
1268119	8552.47559	3306324348851	0.81300	0.28203	8552.44824	0.02734	11840	1	0.80035	0.24426	1	0.83653	0.32868	1	0.81844	0.28647	1	0.49451	0.53308	12.06727	1.03601	1	0.75708	0.55651	11.20131	1.04367	1	-0.00237	-0.00922	0.68679	0.00234	1	0.06538	-0.01385	0.67906	0.00262	1	1.45898	0.81042	0	
1268120	8552.48145	3306324414083	0.81484	0.27944	8552.44824	0.03320	11840	1	0.80307	0.22405	1	0.84498	0.30888	1	0.82403	0.26647	1	0.49448	0.53305	12.12642	1.05881	1	0.75698	0.55659	11.05135	1.06647	1	-0.00237	-0.00922	0.68679	0.00240	1	0.06481	-0.01378	0.67315	0.00250	1	1.45898	0.81042	0	
1268121	8552.48926	3306324484552	0.81480	0.27393	8552.44824	0.04102	11840	1	0.79312	0.22781	1	0.83603	0.25395	1	0.81457	0.24088	1	0.49438	0.53304	12.26572	1.06647	1	0.75686	0.55643	11.13484	1.06647	1	-0.00237	-0.00922	0.68679	0.00240	1	0.06481	-0.01378	0.67315	0.00252	1	1.45898	0.81042	0	
1268122	8552.49512	3306324551061	0.81622	0.26905	8552.44824	0.04688	11840	1	0.81482	0.15353	1	0.83747	0.31624	1	0.82615	0.23488	1	0.49442	0.53294	12.47394	1.06647	1	0.75695	0.55661	11.29843	1.06647	1	-0.00237	-0.00922	0.68679	0.00240	1	0.06481	-0.01378	0.67315	0.00259	1	1.45898	0.81042	0	
1268123	8552.50195	3306324616938	0.81732	0.26525	8552.44824	0.05371	11840	1	0.81482	0.15353	1	0.83747	0.31624	1	0.82615	0.23488	1	0.49408	0.53314	12.05299	1.06647	1	0.75665	0.55658	11.42649	1.06647	1	-0.00247	-0.00928	0.68721	0.00239	1	0.06538	-0.01385	0.67906	0.00250	1	1.45898	0.81042	0	
1268124	8552.50879	3306324683517	0.81707	0.26496	8552.44824	0.06055	11840	1	0.80462	0.22548	1	0.82501	0.29912	1	0.81481	0.26230	1	0.49414	0.53315	12.07125	1.06647	1	0.75670	0.55645	11.46431	1.06647	1	-0.00247	-0.00928	0.68721	0.00236	1	0.06538	-0.01385	0.67906	0.00257	1	1.45898	0.81042	0	
1268125	8552.51562	3306324750865	0.81753	0.26422	8552.44824	0.06738	11840	1	0.81239	0.21557	1	0.83188	0.29819	1	0.82213	0.25688	1	0.49417	0.53311	11.98787	1.06647	1	0.75681	0.55650	11.47315	1.06647	1	-0.00247	-0.00928	0.68721	0.00239	1	0.06538	-0.01385	0.67906	0.00261	1	1.45898	0.81042	0	
1268126	8552.52246	3306324817736	0.81810	0.26294	8552.44824	0.07422	11840	1	0.81352	0.20752	1	0.83514	0.29021	1	0.82433	0.24886	1	0.49400	0.53315	12.20617	1.07556	1	0.75659	0.55644	11.51919	1.07556	1	-0.00259	-0.00951	0.70448	0.00241	1	0.06538	-0.01395	0.67906	0.00254	1	1.45898	0.81042	0	
1268127	8552.52930	3306324884423	0.81684	0.26793	8552.44824	0.08105	11840	1	0.78072	0.40718	1	0.82284	0.24839	1	0.80178	0.32778	1	0.49342	0.53548	12.56942	1.08464	1	0.75657	0.55657	11.56323	1.08464	1	-0.00259	-0.00951	0.70448	0.00379	1	0.06538	-0.01395	0.67906	0.00255	1	1.45898	0.81042	0	
1268128	8552.53516	3306324950811	0.81620	0.27042	8552.44824	0.08691	11840	1	0.78334	0.37753	1	0.83225	0.22816	1	0.80779	0.30284	1	0.49355	0.53506	12.24642	1.09373	1	0.75665	0.55647	11.50815	1.09373	1	-0.00259	-0.00951	0.70448	0.00405	1	0.06538	-0.01395	0.67906	0.00256	1	1.45898	0.81042	0	
1268129	8552.54199	3306325019342	0.81574	0.27232	8552.44824	0.09375	11840	1	0.78334	0.37753	1	0.83527	0.22015	1	0.80930	0.29884	1	0.49317	0.53573	12.11007	1.09373	1	0.75643	0.55644	11.60679	1.10241	1	-0.00256	-0.00921	0.68191	0.00379	1	0.06739	-0.01442	0.70158	0.00256	1	1.45898	0.81042	0	
1268130	8552.54883	3306325085799	0.81750	0.27562	8552.44824	0.10059	11840	1	0.80408	0.36692	1	0.88373	0.28342	1	0.84391	0.32517	1	0.49311	0.53503	11.76709	1.09332	1	0.75666	0.55651	11.62843	1.10200	1	-0.00256	-0.00921	0.68191	0.00398	1	0.06739	-0.01442	0.70158	0.00269	1	1.45898	0.81042	0	
1268131	8552.55566	3306325151649	0.82047	0.28010	8552.44824	0.10742	11840	1	0.82571	0.35980	1	0.91038	0.34381	1	0.86804	0.35181	1	0.49270	0.53456	12.04980	1.09292	1	0.75636	0.55628	11.66331	1.10160	1	-0.00256	-0.00921	0.68191	0.00373	1	0.06739	-0.01442	0.70158	0.00271	1	1.45898	0.81042	0	
1268132	8552.56250	3306325219778	0.82292	0.28447	8552.44824	0.11426	11840	1	0.82565	0.36009	1	0.90340	0.35743	1	0.86453	0.35876	1	0.48945	0.52960	11.80158	1.09251	1	0.75204	0.55200	12.68407	1.08485	1	-0.00266	-0.00762	0.59042	0.00248	1	0.06237	-0.01291	0.65447	0.00285	1	1.45898	0.81042	0	
1268133	8552.56934	3306325284273	0.81626	0.27206	8552.44824	0.12109	11840	1	0.65761	0.00672	1	0.73515	0.09034	1	0.69638	0.04853	1	0.48888	0.52881	10.71909	1.08485	1	0.75173	0.55136	11.56482	1.06851	1	-0.00266	-0.00762	0.59042	0.00207	1	0.06237	-0.01291	0.65447	0.00247	1	1.45898	0.81042	0	
1268134	8552.57520	3306325351741	0.78660	0.10703	8552.44824	0.12109	11840	0	0.65761	0.00672	0	0.46010	-1.73229	1	0.46010	-1.73229	1	0.48888	0.52881	10.71909	1.06851	0	0.48550	0.51155	37.56328	1.05217	1	-0.00266	-0.00762	0.59042	0.00207	1	0.06237	-0.01291	0.65447	0.01027	1	1.45898	0.81042	0	
1268135	8552.58301	3306325420929	0.62322	-0.80061	8552.44824	0.12109	11840	0	0.65761	0.00672	0	0.45983	-1.70826	1	0.45983	-1.70826	1	0.48888	0.52881	10.71909	1.05217	0	0.47602	0.55914	8.08184	1.04349	1	-0.00266	-0.00762	0.59042	0.00207	1	0.06237	-0.01291	0.65447	0.00268	1	1.45898	0.81042	0	
1268136	8552.58887	3306325487637	0.62322	-0.80061	8552.44824	0.12109	11840	0	0.65761	0.00672	0	0.45983	-1.70826	0	0.45983	-1.70826	0	0.48888	0.52881	10.71909	1.04349	0	0.47602	0.55914	8.08184	1.05115	0	-0.00266	-0.00762	0.59042	0.00207	1	0.06237	-0.01291	0.65447	0.00268	1	1.45898	0.81042	0	
1268137	8552.59570	3306325553991	0.45983	-1.70826	8552.44824	0.12109	11840	0	0.65761	0.00672	0	0.45983	-1.70826	0	0.45983	-1.70826	0	0.48888	0.52881	10.71909	1.05115	0	0.47602	0.55914	8.08184	1.05881	0	-0.00266	-0.00762	0.59042	0.00207	1	0.06237	-0.01291	0.65447	0.00268	1	1.45898	0.81042	0	
1268138	8552.60254	3306325621985	0.45983	-1.70826	8552.44824	0.12109	11840	0	0.65761	0.00672	0	0.45983	-1.70826	0	0.45983	-1.70826	0	0.48888	0.52881	10.71909	1.05881	0	0.47602	0.55914	8.08184	1.06647	0	-0.00266	-0.00762	0.59042	0.00207	1	0.06237	-0.01291	0.65447	0.00268	1	1.45898	0.81042	0	
1268139	8552.60938	3306325688689	0.45983	-1.70826	8552.44824	0.12109	11840	0	0.65761	0.00672	0	0.45983	-1.70826	0	0.45983	-1.70826	0	0.48888	0.52881	10.71909	1.06647	0	0.47602	0.55914	8.08184	1.06647	0	-0.00266	-0.00762	0.59042	0.00207	1	0.06237	-0.01291	0.65447	0.00268	1	1.45898	0.81042	0	
1268140	8552.61621	3306325755757	0.00000	0.00000	8552.44824	0.12109	11840	0	0.65761	0.00672	0	0.45983	-1.70826	0	0.45983	-1.70826	0	0.48888	0.52881	10.71909	1.06647	0	0.47602	0.55914	8.08184	1.06647	0	-0.00266	-0.00762	0.59042	0.00207	1	0.06237	-0.01291	0.65447	0.00268	1	1.45898	0.81042	0	
1268141	8552.62305	3306325822613	0.00000	0.00000	8552.44824	0.12109	11840	0	0.65761	0.00672	0	0.45983	-1.70826	0	0.45983	-1.70826	0	0.48888	0.52881	10.71909	1.06647	0	0.47602	0.55914	8.08184	1.06647	0	-0.00266	-0.00762	0.59042	0.00207	1	0.06237	-0.01291	0.65447	0.00268	1	1.45898	0.81042	0	
1268142	8552.62988	3306325889685	0.00000	0.00000	8552.44824	0.12109	11840	0	0.65761	0.00672	0	0.45983	-1.70826	0	0.45983	-1.70826	0	0.48888	0.52881	10.71909	1.06647	0	0.47602	0.55914	8.08184	1.06647	0	-0.00266	-0.00762	0.59042	0.00207	1	0.06237	-0.01291	0.65447	0.00268	1	1.45898	0.81042	0	
1268143	8552.63574	3306325956298	0.00000	0.00000	8552.44824	0.12109	11840	0	0.65761	0.00672	0	0.45983	-1.70826	0	0.45983	-1.70826	0	0.48888	0.52881	10.71909	1.06647	0	0.47602	0.55914	8.08184	1.06647	0	-0.00266	-0.00762	0.59042	0.00207	1	0.06237	-0.01291	0.65447	0.00268	1	1.45898	0.81042	0	
1268144	8552.64258	3306326023218	0.00000	0.00000	8552.44824	0.12109	11840	0	0.65761	0.00672	0	0.45983	-1.70826	0	0.45983	-1.70826	0	0.48888	0.52881	10.71909	1.06647	0	0.47602	0.55914	8.08184	1.06647	0	-0.00266	-0.00762	0.59042	0.00207	1	0.06237	-0.01291	0.65447	0.00268	1	1.45898	0.81042	0	
1268145	8552.64941	3306326089259	0.00000	0.00000	8552.44824	0.12109	11840	0	0.65761	0.00672	0	0.45983	-1.70826	0	0.45983	-1.70826	0	0.48888	0.52881	10.71909	1.06647	0	0.47602	0.55914	8.08184	1.06647	0	-0.00266	-0.00762	0.59042	0.00207	1	0.06237	-0.01291	0.65447	0.00268	1	1.45898	0.81042	0	
1268146	8552.65625	3306326157269	0.00000	0.00000	8552.44824	0.12109	11840	0	0.65761	0.00672	0	0.45983	-1.70826	0	0.45983	-1.70826	0	0.48888	0.52881	10.71909	1.06647	0	0.47602	0.55914	8.08184	1.06647	0	-0.00266	-0.00762	0.59042	0.00207	1	0.06237	-0.01291	0.65447	0.00268	1	1.45898	0.81042	0	
1268147	8552.66309	3306326221357	0.00000	0.00000	8552.44824	0.12109	11840	0	0.65761	0.00672	0	0.45983	-1.70826	0	0.45983	-1.70826	0	0.48888	0.52881	10.71909	1.06647	0	0.47602	0.55914	8.08184	1.06647	0	-0.00266	-0.00762	0.59042	0.00207	1	0.06237	-0.01291	0.65447	0.00268	1	1.45898	0.81042	0	
1268148	8552.66895	3306326289273	0.00000	0.00000	8552.44824	0.12109	11840	0	0.65761	0.00672	0	0.45983	-1.70826	0	0.45983	-1.70826	0	0.48888	0.52881	10.71909	1.06647	0	0.47602	0.55914	8.08184	1.06647	0	-0.00266	-0.00762	0.59042	0.00207	1	0.06237	-0.01291	0.65447	0.00268	1	1.45898	0.81042	0	
1268149	8552.67578	3306326354801	0.00000	0.00000	8552.44824	0.12109	11840	0	0.65761	0.00672	0	0.45983	-1.70826	0	0.45983	-1.70826	0	0.48888	0.52881	10.71909	1.06647	0	0.47602	0.55914	8.08184	1.06647	0	-0.00266	-0.00762	0.59042	0.00207	1	0.06237	-0.01291	0.65447	0.00268	1	1.45898	0.81042	0	
1268150	8552.68262	3306326422323	0.00000	0.00000	8552.44824	0.12109	11840	0	0.65761	0.00672	0	0.45983	-1.70826	0	0.45983	-1.70826	0	0.48888	0.52881	10.71909	1.06647	0	0.47602	0.55914	8.08184	1.06647	0	-0.00266	-0.00762	0.59042	0.00207	1	0.06237	-0.01291	0.65447	0.00268	1	1.45898	0.81042	0	
1268151	8552.68945	3306326490804	0.00000	0.00000	8552.44824	0.12109	11840	0	0.65761	0.00672	0	0.45983	-1.70826	0	0.45983	-1.70826	0	0.48888	0.52881	10.71909	1.06647	0	0.47602	0.55914	8.08184	1.06647	0	-0.00266	-0.00762	0.59042	0.00207	1	0.06237	-0.01291	0.65447	0.00268	1	1.45898	0.81042	0	
1268152	8552.69629	3306326556618	0.00000	0.00000	8552.44824	0.12109	11840	0	0.65761	0.00672	0	0.45983	-1.70826	0	0.45983	-1.70826	0	0.48888	0.52881	10.71909	1.06647	0	0.47602	0.55914	8.08184	1.06647	0	-0.00266	-0.00762	0.59042	0.00207	1	0.06237	-0.01291	0.65447	0.00268	1	1.45898	0.81042	0	
1268153	8552.70312	3306326624030	0.00000	0.00000	8552.44824	0.12109	11840	0	0.65761	0.00672	0	0.45983	-1.70826	0	0.45983	-1.70826	0	0.48888	0.52881	10.71909	1.06647	0	0.47602	0.55914	8.08184	1.06647	0	-0.00266	-0.00762	0.59042	0.00207	1	0.06237	-0.01291	0.65447	0.00268	1	1.45898	0.81042	0	
1268154	8552.70996	3306326691169	0.00000	0.00000	8552.44824	0.12109	11840	0	0.65761	0.00672	0	0.45983	-1.70826	0	0.45983	-1.70826	0	0.48888	0.52881	10.71909	1.06647	0	0.47602	0.55914	8.08184	1.06647	0	-0.00266	-0.00762	0.59042	0.00207	1	0.06237	-0.01291	0.65447	0.00268	1	1.45898	0.81042	0	
1268155	8552.71582	3306326757083	0.00000	0.00000	8552.44824	0.12109	11840	0	0.65761	0.00672	0	0.45983	-1.70826	0	0.45983	-1.70826	0	0.48888	0.52881	10.71909	1.06647	0	0.47602	0.55914	8.08184	1.06647	0	-0.00266	-0.00762	0.59042	0.00207	1	0.06237	-0.01291	0.65447	0.00268	1	1.45898	0.81042	0	
1268156	8552.72266	3306326824440	0.00000	0.00000	8552.44824	0.12109	11840	0	0.65761	0.00672	0	0.45983	-1.70826	0	0.45983	-1.70826	0	0.48888	0.52881	10.71909	1.06647	0	0.47602	0.55914	8.08184	1.06647	0	-0.00266	-0.00762	0.59042	0.00207	1	0.06237	-0.01291	0.65447	0.00268	1	1.45898	0.81042	0	
1268157	8552.72949	3306326894091	0.00000	0.00000	8552.44824	0.12109	11840	0	0.65761	0.00672	0	0.45983	-1.70826	0	0.45983	-1.70826	0	0.48888	0.52881	10.71909	1.06647	0	0.47602	0.55914	8.08184	1.06647	0	-0.00266	-0.00762	0.59042	0.00207	1	0.06237	-0.01291	0.65447	0.00268	1	1.45898	0.81042	0	
1268158	8552.73633	3306326960665	0.00000	0.00000	8552.44824	0.12109	11840	0	0.65761	0.00672	0	0.45983	-1.70826	0	0.45983	-1.70826	0	0.48888	0.52881	10.71909	1.06647	0	0.47602	0.55914	8.08184	1.06647	0	-0.00266	-0.00762	0.59042	0.00207	1	0.06237	-0.01291	0.65447	0.00268	1	1.45898	0.81042	0	
1268159	8552.74316	3306327026886	0.00000	0.00000	8552.44824	0.12109	11840	0	0.65761	0.00672	0	0.45983	-1.70826	0	0.45983	-1.70826	0	0.48888	0.52881	10.71909	1.06647	0	0.47602	0.55914	8.08184	1.06647	0	-0.00266	-0.00762	0.59042	0.00207	1	0.06237	-0.01291	0.65447	0.00268	1	1.45898	0.81042	0	
1268160	8552.75000	3306327094902	0.00000	0.00000	8552.44824	0.12109	11840	0	0.65761	0.00672	0	0.45983	-1.70826	0	0.45983	-1.70826	0	0.48888	0.52881	10.71909	1.06647	0	0.47602	0.55914	8.08184	1.06647	0	-0.00266	-0.00762	0.59042	0.00207	1	0.06237	-0.01291	0.65447	0.00268	1	1.45898	0.81042	0	
1268161	8552.75684	3306327162342	0.00000	0.00000	8552.44824	0.12109	11840	0	0.65761	0.00672	0	0.45983	-1.70826	0	0.45983	-1.70826	0	0.48888	0.52881	10.71909	1.06647	0	0.47602	0.55914	8.08184	1.06647	0	-0.00266	-0.00762	0.59042	0.00207	1	0.06237	-0.01291	0.65447	0.00268	1	1.45898	0.81042	0	
1268162	8552.76367	3306327228603	0.00000	0.00000	8552.44824	0.12109	11840	0	0.65761	0.00672	0	0.45983	-1.70826	0	0.45983	-1.70826	0	0.48888	0.52881	10.71909	1.06647	0	0.47602	0.55914	8.08184	1.06647	0	-0.00266	-0.00762	0.59042	0.00207	1	0.06237	-0.01291	0.65447	0.00268	1	1.45898	0.81042	0	
1268163	8552.77051	3306327296638	0.00000	0.00000	8552.44824	0.12109	11840	0	0.65761	0.00672	0	0.45983	-1.70826	0	0.45983	-1.70826	0	0.48888	0.52881	10.71909	1.06647	0	0.47602	0.55914	8.08184	1.06647	0	-0.00266	-0.00762	0.59042	0.00207	1	0.06237	-0.01291	0.65447	0.00268	1	1.45898	0.81042	0	
1268164	8552.77637	3306327363687	0.00000	0.00000	8552.44824	0.12109	11840	0	0.65761	0.00672	0	0.45983	-1.70826	0	0.45983	-1.70826	0	0.48888	0.52881	10.71909	1.06647	0	0.47602	0.55914	8.08184	1.06647	0	-0.00266	-0.00762	0.59042	0.00207	1	0.06237	-0.01291	0.65447	0.00268	1	1.45898	0.81042	0	
1268165	8552.78320	3306327431920	0.00000	0.00000	8552.44824	0.12109	11840	0	0.65761	0.00672	0	0.45983	-1.70826	0	0.45983	-1.70826	0	0.48888	0.52881	10.71909	1.06647	0	0.47602	0.55914	8.08184	1.06647	0	-0.00266	-0.00762	0.59042	0.00207	1	0.06237	-0.01291	0.65447	0.00268	1	1.45898	0.81042	0	
1268166	8552.79004	3306327497800	0.00000	0.00000	8552.44824	0.12109	11840	0	0.65761	0.00672	0	0.45983	-1.70826	0	0.45983	-1.70826	0	0.48888	0.52881	10.71909	1.06647	0	0.47602	0.55914	8.08184	1.06647	0	-0.00266	-0.00762	0.59042	0.00207	1	0.06237	-0.01291	0.65447	0.00268	1	1.45898	0.81042	0	
1268167	8552.79688	3306327563845	0.00000	0.00000	8552.44824	0.12109	11840	0	0.65761	0.00672	0	0.45983	-1.70826	0	0.45983	-1.70826	0	0.48888	0.52881	10.71909	1.06647	0	0.47602	0.55914	8.08184	1.06647	0	-0.00266	-0.00762	0.59042	0.00207	1	0.06237	-0.01291	0.65447	0.00268	1	1.45898	0.81042	0	
1268168	8552.80371	3306327630578	0.00000	0.00000	8552.44824	0.12109	11840	0	0.65761	0.00672	0	0.45983	-1.70826	0	0.45983	-1.70826	0	0.48888	0.52881	10.71909	1.06647	0	0.47602	0.55914	8.08184	1.06647	0	-0.00266	-0.00762	0.59042	0.00207	1	0.06237	-0.01291	0.65447	0.00268	1	1.45898	0.81042	0	
1268169	8552.81055	3306327697603	0.00000	0.00000	8552.44824	0.12109	11840	0	0.65761	0.00672	0	0.45983	-1.70826	0	0.45983	-1.70826	0	0.48888	0.52881	10.71909	1.06647	0	0.47602	0.55914	8.08184	1.06647	0	-0.00266	-0.00762	0.59042	0.00207	1	0.06237	-0.01291	0.65447	0.00268	1	1.45898	0.81042	0	
1268170	8552.81738	3306327765555	0.00000	0.00000	8552.44824	0.12109	11840	0	0.65761	0.00672	0	0.45983	-1.70826	0	0.45983	-1.70826	0	0.48888	0.52881	10.71909	1.06647	0	0.47602	0.55914	8.08184	1.06647	0	-0.00266	-0.00762	0.59042	0.00207	1	0.06237	-0.01291	0.65447	0.00268	1	1.45898	0.81042	0	
1268171	8552.82324	3306327831838	0.00000	0.00000	8552.44824	0.12109	11840	0	0.65761	0.00672	0	0.45983	-1.70826	0	0.45983	-1.70826	0	0.48888	0.52881	10.71909	1.06647	0	0.47602	0.55914	8.08184	1.06647	0	-0.00266	-0.00762	0.59042	0.00207	1	0.06237	-0.01291	0.65447	0.00268	1	1.45898	0.81042	0	
1268172	8552.83008	3306327898617	0.00000	0.00000	8552.44824	0.12109	11840	0	0.65761	0.00672	0	0.45983	-1.70826	0	0.45983	-1.70826	0	0.48888	0.52881	10.71909	1.06647	0	0.47602	0.55914	8.08184	1.06647	0	-0.00266	-0.00762	0.59042	0.00207	1	0.06237	-0.01291	0.65447	0.00268	1	1.45898	0.81042	0	
1268173	8552.83691	3306327965659	0.00000	0.00000	8552.44824	0.12109	11840	0	0.65761	0.00672	0	0.45983	-1.70826	0	0.45983	-1.70826	0	0.48888	0.52881	10.71909	1.06647	0	0.47602	0.55914	8.08184	1.06647	0	-0.00266	-0.00762	0.59042	0.00207	1	0.06237	-0.01291	0.65447	0.00268	1	1.45898	0.81042	0	
1268174	8552.84375	3306328032742	0.00000	0.00000	8552.44824	0.12109	11840	0	0.65761	0.00672	0	0.45983	-1.70826	0	0.45983	-1.70826	0	0.48888	0.52881	10.71909	1.06647	0	0.47602	0.55914	8.08184	1.06647	0	-0.00266	-0.00762	0.59042	0.00207	1	0.06237	-0.01291	0.65447	0.00268	1	1.45898	0.81042	0	
1268175	8552.85059	3306328100037	0.00000	0.00000	8552.44824	0.12109	11840	0	0.65761	0.00672	0	0.45983	-1.70826	0	0.45983	-1.70826	0	0.48888	0.52881	10.71909	1.06647	0	0.47602	0.55914	8.08184	1.06647	0	-0.00266	-0.00762	0.59042	0.00207	1	0.06237	-0.01291	0.65447	0.00268	1	1.45898	0.81042	0	
1268176	8552.85742	3306328165523	0.39947	-0.30011	8552.44824	0.12109	11840	0	0.37418	-0.27264	1	0.42475	-0.32759	1	0.39947	-0.30011	1	0.48210	0.52552	11.07996	1.06647	1	0.74397	0.54784	11.72037	1.06647	1	-0.00266	-0.00762	0.59042	0.00220	1	0.06237	-0.01291	0.65447	0.00253	1	1.45898	0.81042	0	
1268177	8552.86426	3306328233386	0.39989	-0.29759	8552.44824	0.12109	11840	0	0.37586	-0.26160	1	0.42475	-0.32853	1	0.40030	-0.29506	1	0.48411	0.53233	10.38943	1.05845	1	0.74526	0.55461	10.85187	1.06713	1	-0.00358	-0.00859	0.65443	0.00381	1	0.06571	-0.01385	0.69937	0.00404	1	1.45898	0.81042	0	
1268178	8552.87012	3306328300219	0.43170	-0.16833	8552.44824	0.12109	11840	0	0.49172	0.09498	1	0.49891	0.08537	1	0.49531	0.09018	1	0.48400	0.53073	10.75395	1.05912	1	0.74547	0.55329	12.42104	1.06780	1	-0.00358	-0.00859	0.65443	0.00232	1	0.06571	-0.01385	0.69937	0.00247	1	1.45898	0.81042	0	
1268179	8552.87695	3306328365820	0.45884	-0.05729	8552.44824	0.12109	11840	0	0.48623	0.05933	1	0.47556	0.00667	1	0.48090	0.03300	1	0.48392	0.53083	10.65929	1.05978	1	0.74549	0.55313	11.91481	1.06846	1	-0.00358	-0.00859	0.65443	0.00219	1	0.06571	-0.01385	0.69937	0.00247	1	1.45898	0.81042	0	
1268180	8552.88379	3306328431440	0.46958	-0.01445	8552.44824	0.12109	11840	0	0.48507	0.05013	1	0.47556	0.00667	1	0.48032	0.02840	1	0.48436	0.53196	10.90162	1.06846	1	0.74570	0.55755	11.84779	1.06846	1	-0.00361	-0.00888	0.66910	0.00218	1	0.06346	-0.01357	0.67490	0.00379	1	1.45898	0.81042	0	
1268181	8552.89062	3306328498203	0.47938	0.08391	8552.44824	0.12109	11840	0	0.51307	0.13357	1	0.48490	0.42767	1	0.49898	0.28062	1	0.48433	0.53189	10.71964	1.07648	1	0.74576	0.55745	11.30074	1.06780	1	-0.00361	-0.00888	0.66910	0.00218	1	0.06346	-0.01357	0.67490	0.00375	1	1.45898	0.81042	0	
1268182	8552.89746	3306328566210	0.49242	0.19285	8552.44824	0.12109	11840	0	0.51314	0.13422	1	0.48280	0.40486	1	0.49797	0.26954	1	0.48433	0.53189	10.71964	1.07581	1	0.74582	0.55744	11.43376	1.06713	1	-0.00361	-0.00888	0.66910	0.00218	1	0.06346	-0.01357	0.67490	0.00368	1	1.45898	0.81042	0	
1268183	8552.90430	3306328636035	0.49544	0.23331	8552.44824	0.12109	11840	0	0.51411	0.14266	1	0.48280	0.40486	1	0.49845	0.27376	1	0.48440	0.53453	10.77761	1.06713	1	0.74591	0.55761	11.44783	1.06713	1	-0.00363	-0.00884	0.66240	0.00339	1	0.06682	-0.01427	0.71004	0.00368	1	1.45898	0.81042	0	
1268184	8552.91113	3306328702970	0.50283	0.24863	8552.44824	0.12109	11840	0	0.53034	0.19245	1	0.50488	0.36608	1	0.51761	0.27927	1	0.48448	0.53243	10.87901	1.05912	1	0.74604	0.55691	11.24528	1.06780	1	-0.00363	-0.00884	0.66240	0.00215	1	0.06682	-0.01427	0.71004	0.00398	1	1.45898	0.81042	0	
1268185	8552.91699	3306328769750	0.50304	0.26136	8552.89746	0.01953	11841	1	0.51646	0.18818	1	0.49090	0.41096	1	0.50368	0.29957	1	0.48439	0.53245	10.87612	1.05978	1	0.74588	0.55733	11.32020	1.06846	1	-0.00363	-0.00884	0.66240	0.00216	1	0.06682	-0.01427	0.71004	0.00380	1	1.45898	0.81042	0	
1268186	8552.92383	3306328836550	0.50312	0.27130	8552.89746	0.02637	11841	1	0.51718	0.19423	1	0.48973	0.42786	1	0.50346	0.31104	1	0.48455	0.53444	11.05181	1.05332	1	0.74612	0.55735	11.99239	1.04566	1	-0.00357	-0.00858	0.64261	0.00335	1	0.06185	-0.01329	0.65619	0.00370	1	1.45898	0.81042	0	
1268187	8552.93066	3306328903515	0.50279	0.28355	8552.89746	0.03320	11841	1	0.53808	0.22649	1	0.46413	0.46309	1	0.50111	0.34479	1	0.48460	0.53264	10.85771	1.03853	1	0.74586	0.55757	11.53009	1.02219	1	-0.00357	-0.00858	0.64261	0.00219	1	0.06185	-0.01329	0.65619	0.00372	1	1.45898	0.81042	0	
1268188	8552.93750	3306328968586	0.50168	0.29635	8552.89746	0.04004	11841	1	0.52936	0.25986	1	0.46077	0.48648	1	0.49506	0.37317	1	0.48442	0.53255	11.26662	1.01507	1	0.74580	0.55751	11.31680	0.99873	1	-0.00357	-0.00858	0.64261	0.00216	1	0.06185	-0.01329	0.65619	0.00375	1	1.45898	0.81042	0	
1268189	8552.94434	3306329037833	0.50095	0.30727	8552.89746	0.04688	11841	1	0.53107	0.27467	1	0.46055	0.49268	1	0.49581	0.38368	1	0.48473	0.53506	11.05106	0.99873	1	0.74625	0.55708	11.87112	0.99005	1	-0.00373	-0.00890	0.66328	0.00345	1	0.06369	-0.01367	0.67516	0.00391	1	1.45898	0.81042	0	
1268190	8552.95117	3306329104608	0.50436	0.32558	8552.89746	0.05371	11841	1	0.57424	0.48687	1	0.48899	0.45737	1	0.53162	0.47212	1	0.48504	0.53530	10.50076	0.99717	1	0.74623	0.55721	11.85237	1.00483	1	-0.00373	-0.00890	0.66328	0.00342	1	0.06369	-0.01367	0.67516	0.00395	1	1.45898	0.81042	0	
1268191	8552.95801	3306329170380	0.50473	0.33783	8552.89746	0.06055	11841	1	0.55302	0.47084	1	0.46307	0.42523	1	0.50805	0.44804	1	0.48469	0.53520	10.27636	1.01196	1	0.74579	0.55713	11.04592	1.01962	1	-0.00373	-0.00890	0.66328	0.00339	1	0.06369	-0.01367	0.67516	0.00401	1	1.45898	0.81042	0	
1268192	8552.96484	3306329239254	0.50501	0.34734	8552.89746	0.06738	11841	1	0.55237	0.46549	1	0.46328	0.41941	1	0.50782	0.44245	1	0.48440	0.53507	10.77200	1.01962	1	0.74618	0.55794	12.32455	1.02728	1	-0.00359	-0.00869	0.64736	0.00341	1	0.06369	-0.01367	0.67516	0.00365	1	1.45898	0.81042	0	
1268193	8552.97070	3306329306273	0.50605	0.35199	8552.89746	0.07324	11841	1	0.53110	0.36378	1	0.50398	0.44256	1	0.51754	0.40317	1	0.48446	0.53499	10.69801	1.02015	1	0.74649	0.55724	11.71973	1.02015	1	-0.00359	-0.00869	0.64736	0.00334	1	0.06369	-0.01367	0.67516	0.00394	1	1.45898	0.81042	0	
1268194	8552.97754	3306329371361	0.50714	0.36124	8552.89746	0.08008	11841	1	0.54804	0.47704	1	0.49243	0.46746	1	0.52024	0.47225	1	0.48468	0.53510	11.12005	1.01303	1	0.74635	0.55751	11.81070	1.01303	1	-0.00359	-0.00869	0.64736	0.00338	1	0.06369	-0.01367	0.67516	0.00390	1	1.45898	0.81042	0	
1268195	8552.98438	3306329437809	0.50808	0.36917	8552.89746	0.08691	11841	1	0.54804	0.47704	1	0.49243	0.46746	1	0.52024	0.47225	1	0.48454	0.53546	11.08086	1.01303	1	0.74645	0.55795	11.87691	1.01303	1	-0.00373	-0.00890	0.66328	0.00343	1	0.06503	-0.01401	0.68940	0.00382	1	1.45898	0.81042	0	
1268196	8552.99121	3306329506536	0.51010	0.40693	8552.89746	0.08691	11841	0	0.55580	0.40401	1	0.47737	0.51734	1	0.51658	0.46067	1	0.48477	0.53506	11.34019	1.02015	1	0.74650	0.55823	11.93248	1.02015	1	-0.00373	-0.00890	0.66328	0.00354	1	0.06503	-0.01401	0.68940	0.00369	1	1.45898	0.81042	0	
1268197	8552.99805	3306329573515	0.50928	0.43097	8552.89746	0.08691	11841	0	0.55234	0.44220	1	0.46455	0.46779	1	0.50845	0.45500	1	0.48471	0.53564	11.37291	1.02728	1	0.74621	0.55762	11.78336	1.02728	1	-0.00373	-0.00890	0.66328	0.00349	1	0.06503	-0.01401	0.68940	0.00394	1	1.45898	0.81042	0	
1268198	8553.00488	3306329640802	0.50893	0.43728	8552.89746	0.08691	11841	0	0.55174	0.43710	1	0.46476	0.46271	1	0.50825	0.44990	1	0.48472	0.53531	11.38916	1.03440	1	0.74635	0.55786	11.67662	1.03440	1	-0.00372	-0.00893	0.66182	0.00356	1	0.06503	-0.01401	0.68940	0.00383	1	1.45898	0.81042	0	
1268199	8553.01172	3306329707472	0.50989	0.44088	8552.99121	0.02051	11842	1	0.56030	0.40803	1	0.46520	0.49531	1	0.51275	0.45167	1	0.48489	0.53524	11.31686	1.03440	1	0.74627	0.55815	11.90599	1.03440	1	-0.00372	-0.00893	0.66182	0.00357	1	0.06503	-0.01401	0.68940	0.00363	1	1.45898	0.81042	0	
1268200	8553.01758	3306329774269	0.50824	0.44499	8552.99121	0.02637	11842	1	0.53303	0.43318	1	0.47027	0.48970	1	0.50165	0.46144	1	0.48442	0.53532	11.13107	1.03440	1	0.74636	0.55795	11.63593	1.03440	1	-0.00372	-0.00893	0.66182	0.00352	1	0.06503	-0.01401	0.68940	0.00365	1	1.45898	0.81042	0	
1268201	8553.02441	3306329838912	0.50717	0.44723	8552.99121	0.03320	11842	1	0.53303	0.43318	1	0.47056	0.48373	1	0.50179	0.45846	1	0.48458	0.53541	11.00346	1.03440	1	0.74630	0.55824	11.93860	1.04308	1	-0.00358	-0.00888	0.65444	0.00348	1	0.06582	-0.01417	0.69722	0.00354	1	1.45898	0.81042	0	
1268202	8553.03125	3306329906963	0.50999	0.44670	8552.99121	0.04004	11842	1	0.56370	0.41790	1	0.49015	0.46912	1	0.52692	0.44351	1	0.48492	0.53524	11.35463	1.04308	1	0.74664	0.55817	11.02257	1.05176	1	-0.00358	-0.00888	0.65444	0.00349	1	0.06582	-0.01417	0.69722	0.00371	1	1.45898	0.81042	0	
1268203	8553.03809	3306329971160	0.50975	0.44253	8552.99121	0.04688	11842	1	0.52930	0.39896	1	0.48679	0.42769	1	0.50805	0.41333	1	0.48475	0.53520	11.25773	1.05176	1	0.74661	0.55801	11.02917	1.06044	1	-0.00358	-0.00888	0.65444	0.00345	1	0.06582	-0.01417	0.69722	0.00377	1	1.45898	0.81042	0	
1268204	8553.04395	3306330038407	0.50951	0.43893	8552.99121	0.05273	11842	1	0.52842	0.39252	1	0.48679	0.42769	1	0.50761	0.41011	1	0.48456	0.53452	11.08677	1.06044	1	0.74692	0.55824	11.85042	1.06044	1	-0.00358	-0.00888	0.65444	0.00374	1	0.06490	-0.01396	0.68692	0.00367	1	1.45898	0.81042	0	
1268205	8553.05078	3306330105928	0.51014	0.43574	8552.99121	0.05957	11842	1	0.53581	0.38939	1	0.49580	0.42471	1	0.51581	0.40705	1	0.48488	0.53525	11.55033	1.06044	1	0.74671	0.55818	11.52376	1.05176	1	-0.00358	-0.00888	0.65444	0.00353	1	0.06490	-0.01396	0.68692	0.00368	1	1.45898	0.81042	0	
1268206	8553.05762	3306330174696	0.51042	0.43351	8552.99121	0.06641	11842	1	0.52100	0.41170	1	0.50557	0.41085	1	0.51329	0.41127	1	0.48464	0.53545	11.31426	1.05176	1	0.74689	0.55823	11.24245	1.04308	1	-0.00358	-0.00888	0.65444	0.00354	1	0.06490	-0.01396	0.68692	0.00367	1	1.45898	0.81042	0	
1268207	8553.06445	3306330242227	0.51066	0.43170	8552.99121	0.07324	11842	1	0.52107	0.41218	1	0.50553	0.41135	1	0.51330	0.41177	1	0.48480	0.53543	11.63436	1.05110	1	0.74683	0.55771	11.16352	1.04242	1	-0.00367	-0.00929	0.68050	0.00360	1	0.06490	-0.01396	0.68692	0.00396	1	1.45898	0.81042	0	
1268208	8553.07129	3306330305988	0.51061	0.43028	8552.99121	0.08008	11842	1	0.52237	0.41496	1	0.49748	0.41146	1	0.50992	0.41321	1	0.48466	0.53562	11.25482	1.05044	1	0.74674	0.55816	11.49783	1.05044	1	-0.00367	-0.00929	0.68050	0.00367	1	0.06490	-0.01396	0.68692	0.00390	1	1.45898	0.81042	0	
1268209	8553.07812	3306330372751	0.51005	0.43015	8552.99121	0.08691	11842	1	0.52507	0.41727	1	0.48061	0.43961	1	0.50284	0.42844	1	0.48474	0.53549	11.54635	1.05845	1	0.74650	0.55865	12.06815	1.05845	1	-0.00367	-0.00929	0.68050	0.00371	1	0.06490	-0.01396	0.68692	0.00381	1	1.45898	0.81042	0	
1268210	8553.08496	3306330441863	0.50955	0.42965	8552.99121	0.09375	11842	1	0.52423	0.41150	1	0.48094	0.43384	1	0.50259	0.42267	1	0.48484	0.53561	11.33717	1.06647	1	0.74629	0.55860	11.87069	1.06647	1	-0.00367	-0.00929	0.68050	0.00372	1	0.06486	-0.01403	0.68546	0.00397	1	1.45898	0.81042	0	
1268211	8553.09082	3306330508002	0.51048	0.42890	8552.99121	0.09961	11842	1	0.53003	0.43309	1	0.51874	0.40237	1	0.52438	0.41773	1	0.48517	0.53572	10.76808	1.06647	1	0.74706	0.55816	11.82332	1.06647	1	-0.00367	-0.00929	0.68050	0.00385	1	0.06486	-0.01403	0.68546	0.00380	1	1.45898	0.81042	0	
1268212	8553.09863	3306330577706	0.50995	0.42711	8552.99121	0.10742	11842	1	0.50319	0.45145	1	0.49958	0.34529	1	0.50138	0.39837	1	0.48470	0.53569	10.85211	1.06647	1	0.74674	0.55756	11.03157	1.06647	1	-0.00367	-0.00929	0.68050	0.00406	1	0.06486	-0.01403	0.68546	0.00401	1	1.45898	0.81042	0	
1268213	8553.10449	3306330641831	0.50937	0.42256	8552.99121	0.11328	11842	1	0.50319	0.45145	0	0.49958	0.34529	1	0.49958	0.34529	1	0.48470	0.53569	10.85211	1.06647	0	0.74678	0.55845	11.15415	1.06647	1	-0.00367	-0.00929	0.68050	0.00406	1	0.06486	-0.01403	0.68546	0.00374	1	1.45898	0.81042	0	
1268214	8553.11133	3306330710443	0.50937	0.42256	8552.99121	0.12012	11842	1	0.50319	0.45145	0	0.49958	0.34529	0	0.49958	0.34529	0	0.48470	0.53569	10.85211	1.06647	0	0.74678	0.55845	11.15415	1.06647	0	-0.00367	-0.00929	0.68050	0.00406	1	0.06486	-0.01403	0.68546	0.00374	1	1.45898	0.81042	0	
1268215	8553.11816	3306330779043	0.50909	0.42270	8552.99121	0.12695	11842	1	0.50319	0.45145	0	0.50409	0.42514	1	0.50409	0.42514	1	0.48470	0.53569	10.85211	1.06647	0	0.74689	0.55845	11.97553	1.06647	1	-0.00367	-0.00929	0.68050	0.00406	1	0.06486	-0.01403	0.68546	0.00365	1	1.45898	0.81042	0	
1268216	8553.12500	3306330845942	0.50909	0.42270	8552.99121	0.13379	11842	1	0.50319	0.45145	0	0.50409	0.42514	0	0.50409	0.42514	0	0.48470	0.53569	10.85211	1.06647	0	0.74689	0.55845	11.97553	1.06647	0	-0.00367	-0.00929	0.68050	0.00406	1	0.06486	-0.01403	0.68546	0.00365	1	1.45898	0.81042	0	
1268217	8553.13184	3306330913130	0.50909	0.42270	8552.99121	0.14062	11842	1	0.50319	0.45145	0	0.50409	0.42514	0	0.50409	0.42514	0	0.48470	0.53569	10.85211	1.06647	0	0.74689	0.55845	11.97553	1.06647	0	-0.00367	-0.00929	0.68050	0.00406	1	0.06486	-0.01403	0.68546	0.00365	1	1.45898	0.81042	0	
1268218	8553.13867	3306330979521	0.50909	0.42270	8552.99121	0.14746	11842	1	0.50319	0.45145	0	0.50409	0.42514	0	0.50409	0.42514	0	0.48470	0.53569	10.85211	1.06647	0	0.74689	0.55845	11.97553	1.06647	0	-0.00367	-0.00929	0.68050	0.00406	1	0.06486	-0.01403	0.68546	0.00365	1	1.45898	0.81042	0	
1268219	8553.14551	3306331047145	0.50882	0.42310	8552.99121	0.15430	11842	1	0.50319	0.45145	0	0.50361	0.43074	1	0.50361	0.43074	1	0.48470	0.53569	10.85211	1.06647	0	0.74682	0.55807	11.19074	1.05881	1	-0.00367	-0.00929	0.68050	0.00406	1	0.06219	-0.01342	0.65772	0.00389	1	1.45898	0.81042	0	
1268220	8553.15137	3306331113238	0.50823	0.42450	8552.99121	0.16016	11842	1	0.50319	0.45145	0	0.49637	0.45249	1	0.49637	0.45249	1	0.48470	0.53569	10.85211	1.05881	0	0.74673	0.55828	11.19355	1.05115	1	-0.00367	-0.00929	0.68050	0.00406	1	0.06219	-0.01342	0.65772	0.00369	1	1.45898	0.81042	0	
1268221	8553.15820	3306331181180	0.50823	0.42450	8552.99121	0.16699	11842	1	0.50319	0.45145	0	0.49637	0.45249	0	0.49637	0.45249	0	0.48470	0.53569	10.85211	1.05115	0	0.74673	0.55828	11.19355	1.04349	0	-0.00367	-0.00929	0.68050	0.00406	1	0.06219	-0.01342	0.65772	0.00369	1	1.45898	0.81042	0	
1268222	8553.16504	3306331247716	0.50765	0.42627	8552.99121	0.17383	11842	1	0.50319	0.45145	0	0.49550	0.46343	1	0.49550	0.46343	1	0.48470	0.53569	10.85211	1.04349	0	0.74672	0.55682	11.33493	1.03583	1	-0.00367	-0.00929	0.68050	0.00406	1	0.06219	-0.01342	0.65772	0.00392	1	1.45898	0.81042	0	
1268223	8553.17188	3306331313528	0.50693	0.42730	8552.99121	0.18066	11842	1	0.50319	0.45145	0	0.49116	0.45005	1	0.49116	0.45005	1	0.48470	0.53569	10.85211	1.03583	0	0.74659	0.55798	11.23380	1.03583	1	-0.00367	-0.00929	0.68050	0.00406	1	0.06219	-0.01342	0.65772	0.00339	1	1.45898	0.81042	0	
1268224	8553.17871	3306331382015	0.50693	0.42730	8552.99121	0.18750	11842	1	0.50319	0.45145	0	0.49116	0.45005	0	0.49116	0.45005	0	0.48470	0.53569	10.85211	1.03583	0	0.74659	0.55798	11.23380	1.03583	0	-0.00367	-0.00929	0.68050	0.00406	1	0.06219	-0.01342	0.65772	0.00339	1	1.45898	0.81042	0	
1268225	8553.18555	3306331446636	0.50629	0.42802	8552.99121	0.19434	11842	1	0.50319	0.45145	0	0.49157	0.44448	1	0.49157	0.44448	1	0.48470	0.53569	10.85211	1.03583	0	0.74644	0.56060	9.66250	1.04349	1	-0.00367	-0.00929	0.68050	0.00406	1	0.06424	-0.01367	0.68000	0.00278	1	1.45898	0.81042	0	
1268226	8553.19238	3306331516476	0.50629	0.42802	8552.99121	0.20117	11842	1	0.50319	0.45145	0	0.49157	0.44448	0	0.49157	0.44448	0	0.48470	0.53569	10.85211	1.04349	0	0.74644	0.56060	9.66250	1.05115	0	-0.00367	-0.00929	0.68050	0.00406	1	0.06424	-0.01367	0.68000	0.00278	1	1.45898	0.81042	0	
1268227	8553.19922	3306331582908	0.50629	0.42802	8552.99121	0.20801	11842	1	0.50319	0.45145	0	0.49157	0.44448	0	0.49157	0.44448	0	0.48470	0.53569	10.85211	1.05115	0	0.74644	0.56060	9.66250	1.05881	0	-0.00367	-0.00929	0.68050	0.00406	1	0.06424	-0.01367	0.68000	0.00278	1	1.45898	0.81042	0	
1268228	8553.20508	3306331649441	0.50629	0.42802	8552.99121	0.21387	11842	1	0.50319	0.45145	0	0.49157	0.44448	0	0.49157	0.44448	0	0.48470	0.53569	10.85211	1.05881	0	0.74644	0.56060	9.66250	1.06647	0	-0.00367	-0.00929	0.68050	0.00406	1	0.06424	-0.01367	0.68000	0.00278	1	1.45898	0.81042	0	
1268229	8553.21191	3306331715700	0.50192	0.42434	8552.99121	0.21387	11842	0	0.50319	0.45145	0	0.49157	0.44448	0	0.49157	0.44448	0	0.48470	0.53569	10.85211	1.06647	0	0.74644	0.56060	9.66250	1.06647	0	-0.00367	-0.00929	0.68050	0.00406	1	0.06424	-0.01367	0.68000	0.00278	1	1.45898	0.81042	0	
1268230	8553.21875	3306331779941	0.50192	0.42434	8552.99121	0.21387	11842	0	0.50319	0.45145	0	0.49157	0.44448	0	0.49157	0.44448	0	0.48470	0.53569	10.85211	1.06647	0	0.74644	0.56060	9.66250	1.06647	0	-0.00367	-0.00929	0.68050	0.00406	1	0.06424	-0.01367	0.68000	0.00278	1	1.45898	0.81042	0	
1268231	8553.22559	3306331851323	0.50192	0.42434	8552.99121	0.21387	11842	0	0.50319	0.45145	0	0.49157	0.44448	0	0.49157	0.44448	0	0.48470	0.53569	10.85211	1.06647	0	0.74644	0.56060	9.66250	1.06647	0	-0.00367	-0.00929	0.68050	0.00406	1	0.06424	-0.01367	0.68000	0.00278	1	1.45898	0.81042	0	
1268232	8553.23242	3306331917471	0.00000	0.00000	8552.99121	0.21387	11842	0	0.50319	0.45145	0	0.49157	0.44448	0	0.49157	0.44448	0	0.48470	0.53569	10.85211	1.06647	0	0.74644	0.56060	9.66250	1.06647	0	-0.00367	-0.00929	0.68050	0.00406	1	0.06424	-0.01367	0.68000	0.00278	1	1.45898	0.81042	0	
1268233	8553.23926	3306331984419	0.00000	0.00000	8552.99121	0.21387	11842	0	0.50319	0.45145	0	0.49157	0.44448	0	0.49157	0.44448	0	0.48470	0.53569	10.85211	1.06647	0	0.74644	0.56060	9.66250	1.06647	0	-0.00367	-0.00929	0.68050	0.00406	1	0.06424	-0.01367	0.68000	0.00278	1	1.45898	0.81042	0	
1268234	8553.24512	3306332050728	0.00000	0.00000	8552.99121	0.21387	11842	0	0.50319	0.45145	0	0.49157	0.44448	0	0.49157	0.44448	0	0.48470	0.53569	10.85211	1.06647	0	0.74644	0.56060	9.66250	1.06647	0	-0.00367	-0.00929	0.68050	0.00406	1	0.06424	-0.01367	0.68000	0.00278	1	1.45898	0.81042	0	
1268235	8553.25195	3306332118826	0.00000	0.00000	8552.99121	0.21387	11842	0	0.50319	0.45145	0	0.49157	0.44448	0	0.49157	0.44448	0	0.48470	0.53569	10.85211	1.06647	0	0.74644	0.56060	9.66250	1.06647	0	-0.00367	-0.00929	0.68050	0.00406	1	0.06424	-0.01367	0.68000	0.00278	1	1.45898	0.81042	0	
1268236	8553.25879	3306332185809	0.00000	0.00000	8552.99121	0.21387	11842	0	0.50319	0.45145	0	0.49157	0.44448	0	0.49157	0.44448	0	0.48470	0.53569	10.85211	1.06647	0	0.74644	0.56060	9.66250	1.06647	0	-0.00367	-0.00929	0.68050	0.00406	1	0.06424	-0.01367	0.68000	0.00278	1	1.45898	0.81042	0	
1268237	8553.26562	3306332249188	0.00000	0.00000	8552.99121	0.21387	11842	0	0.50319	0.45145	0	0.49157	0.44448	0	0.49157	0.44448	0	0.48470	0.53569	10.85211	1.06647	0	0.74644	0.56060	9.66250	1.06647	0	-0.00367	-0.00929	0.68050	0.00406	1	0.06424	-0.01367	0.68000	0.00278	1	1.45898	0.81042	0	
1268238	8553.27246	3306332316915	0.00000	0.00000	8552.99121	0.21387	11842	0	0.50319	0.45145	0	0.49157	0.44448	0	0.49157	0.44448	0	0.48470	0.53569	10.85211	1.06647	0	0.74644	0.56060	9.66250	1.06647	0	-0.00367	-0.00929	0.68050	0.00406	1	0.06424	-0.01367	0.68000	0.00278	1	1.45898	0.81042	0	
1268239	8553.27930	3306332384739	0.00000	0.00000	8552.99121	0.21387	11842	0	0.50319	0.45145	0	0.49157	0.44448	0	0.49157	0.44448	0	0.48470	0.53569	10.85211	1.06647	0	0.74644	0.56060	9.66250	1.06647	0	-0.00367	-0.00929	0.68050	0.00406	1	0.06424	-0.01367	0.68000	0.00278	1	1.45898	0.81042	0	
1268240	8553.28613	3306332453247	0.00000	0.00000	8552.99121	0.21387	11842	0	0.50319	0.45145	0	0.49157	0.44448	0	0.49157	0.44448	0	0.48470	0.53569	10.85211	1.06647	0	0.74644	0.56060	9.66250	1.06647	0	-0.00367	-0.00929	0.68050	0.00406	1	0.06424	-0.01367	0.68000	0.00278	1	1.45898	0.81042	0	
1268241	8553.29297	3306332520697	0.00000	0.00000	8552.99121	0.21387	11842	0	0.50319	0.45145	0	0.49157	0.44448	0	0.49157	0.44448	0	0.48470	0.53569	10.85211	1.06647	0	0.74644	0.56060	9.66250	1.06647	0	-0.00367	-0.00929	0.68050	0.00406	1	0.06424	-0.01367	0.68000	0.00278	1	1.45898	0.81042	0	
1268242	8553.29883	3306332587470	0.00000	0.00000	8552.99121	0.21387	11842	0	0.50319	0.45145	0	0.49157	0.44448	0	0.49157	0.44448	0	0.48470	0.53569	10.85211	1.06647	0	0.74644	0.56060	9.66250	1.06647	0	-0.00367	-0.00929	0.68050	0.00406	1	0.06424	-0.01367	0.68000	0.00278	1	1.45898	0.81042	0	
1268243	8553.30566	3306332654087	0.00000	0.00000	8552.99121	0.21387	11842	0	0.50319	0.45145	0	0.49157	0.44448	0	0.49157	0.44448	0	0.48470	0.53569	10.85211	1.06647	0	0.74644	0.56060	9.66250	1.06647	0	-0.00367	-0.00929	0.68050	0.00406	1	0.06424	-0.01367	0.68000	0.00278	1	1.45898	0.81042	0	
1268244	8553.31250	3306332721882	0.00000	0.00000	8552.99121	0.21387	11842	0	0.50319	0.45145	0	0.49157	0.44448	0	0.49157	0.44448	0	0.48470	0.53569	10.85211	1.06647	0	0.74644	0.56060	9.66250	1.06647	0	-0.00367	-0.00929	0.68050	0.00406	1	0.06424	-0.01367	0.68000	0.00278	1	1.45898	0.81042	0	
1268245	8553.31934	3306332788819	0.00000	0.00000	8552.99121	0.21387	11842	0	0.50319	0.45145	0	0.49157	0.44448	0	0.49157	0.44448	0	0.48470	0.53569	10.85211	1.06647	0	0.74644	0.56060	9.66250	1.06647	0	-0.00367	-0.00929	0.68050	0.00406	1	0.06424	-0.01367	0.68000	0.00278	1	1.45898	0.81042	0	
1268246	8553.32617	3306332855305	0.00000	0.00000	8552.99121	0.21387	11842	0	0.50319	0.45145	0	0.49157	0.44448	0	0.49157	0.44448	0	0.48470	0.53569	10.85211	1.06647	0	0.74644	0.56060	9.66250	1.06647	0	-0.00367	-0.00929	0.68050	0.00406	1	0.06424	-0.01367	0.68000	0.00278	1	1.45898	0.81042	0	
1268247	8553.33301	3306332922251	0.00000	0.00000	8552.99121	0.21387	11842	0	0.50319	0.45145	0	0.49157	0.44448	0	0.49157	0.44448	0	0.48470	0.53569	10.85211	1.06647	0	0.74644	0.56060	9.66250	1.06647	0	-0.00367	-0.00929	0.68050	0.00406	1	0.06424	-0.01367	0.68000	0.00278	1	1.45898	0.81042	0	
1268248	8553.33984	3306332989256	0.00000	0.00000	8552.99121	0.21387	11842	0	0.50319	0.45145	0	0.49157	0.44448	0	0.49157	0.44448	0	0.48470	0.53569	10.85211	1.06647	0	0.74644	0.56060	9.66250	1.06647	0	-0.00367	-0.00929	0.68050	0.00406	1	0.06424	-0.01367	0.68000	0.00278	1	1.45898	0.81042	0	
1268249	8553.34570	3306333056354	0.00000	0.00000	8552.99121	0.21387	11842	0	0.50319	0.45145	0	0.49157	0.44448	0	0.49157	0.44448	0	0.48470	0.53569	10.85211	1.06647	0	0.74644	0.56060	9.66250	1.06647	0	-0.00367	-0.00929	0.68050	0.00406	1	0.06424	-0.01367	0.68000	0.00278	1	1.45898	0.81042	0	
1268250	8553.35254	3306333123710	0.00000	0.00000	8552.99121	0.21387	11842	0	0.50319	0.45145	0	0.49157	0.44448	0	0.49157	0.44448	0	0.48470	0.53569	10.85211	1.06647	0	0.74644	0.56060	9.66250	1.06647	0	-0.00367	-0.00929	0.68050	0.00406	1	0.06424	-0.01367	0.68000	0.00278	1	1.45898	0.81042	0	
1268251	8553.35938	3306333188600	0.00000	0.00000	8552.99121	0.21387	11842	0	0.50319	0.45145	0	0.49157	0.44448	0	0.49157	0.44448	0	0.48470	0.53569	10.85211	1.06647	0	0.74644	0.56060	9.66250	1.06647	0	-0.00367	-0.00929	0.68050	0.00406	1	0.06424	-0.01367	0.68000	0.00278	1	1.45898	0.81042	0	
1268252	8553.36621	3306333257318	0.00000	0.00000	8552.99121	0.21387	11842	0	0.50319	0.45145	0	0.49157	0.44448	0	0.49157	0.44448	0	0.48470	0.53569	10.85211	1.06647	0	0.74644	0.56060	9.66250	1.06647	0	-0.00367	-0.00929	0.68050	0.00406	1	0.06424	-0.01367	0.68000	0.00278	1	1.45898	0.81042	0	
1268253	8553.37305	3306333324286	0.00000	0.00000	8552.99121	0.21387	11842	0	0.50319	0.45145	0	0.49157	0.44448	0	0.49157	0.44448	0	0.48470	0.53569	10.85211	1.06647	0	0.74644	0.56060	9.66250	1.06647	0	-0.00367	-0.00929	0.68050	0.00406	1	0.06424	-0.01367	0.68000	0.00278	1	1.45898	0.81042	0	
1268254	8553.37988	3306333391228	0.00000	0.00000	8552.99121	0.21387	11842	0	0.50319	0.45145	0	0.49157	0.44448	0	0.49157	0.44448	0	0.48470	0.53569	10.85211	1.06647	0	0.74644	0.56060	9.66250	1.06647	0	-0.00367	-0.00929	0.68050	0.00406	1	0.06424	-0.01367	0.68000	0.00278	1	1.45898	0.81042	0	
1268255	8553.38574	3306333457138	0.00000	0.00000	8552.99121	0.21387	11842	0	0.50319	0.45145	0	0.49157	0.44448	0	0.49157	0.44448	0	0.48470	0.53569	10.85211	1.06647	0	0.74644	0.56060	9.66250	1.06647	0	-0.00367	-0.00929	0.68050	0.00406	1	0.06424	-0.01367	0.68000	0.00278	1	1.45898	0.81042	0	
1268256	8553.39258	3306333525156	0.00000	0.00000	8552.99121	0.21387	11842	0	0.50319	0.45145	0	0.49157	0.44448	0	0.49157	0.44448	0	0.48470	0.53569	10.85211	1.06647	0	0.74644	0.56060	9.66250	1.06647	0	-0.00367	-0.00929	0.68050	0.00406	1	0.06424	-0.01367	0.68000	0.00278	1	1.45898	0.81042	0	
1268257	8553.39941	3306333592180	0.00000	0.00000	8552.99121	0.21387	11842	0	0.50319	0.45145	0	0.49157	0.44448	0	0.49157	0.44448	0	0.48470	0.53569	10.85211	1.06647	0	0.74644	0.56060	9.66250	1.06647	0	-0.00367	-0.00929	0.68050	0.00406	1	0.06424	-0.01367	0.68000	0.00278	1	1.45898	0.81042	0	
1268258	8553.40625	3306333657911	0.00000	0.00000	8552.99121	0.21387	11842	0	0.50319	0.45145	0	0.49157	0.44448	0	0.49157	0.44448	0	0.48470	0.53569	10.85211	1.06647	0	0.74644	0.56060	9.66250	1.06647	0	-0.00367	-0.00929	0.68050	0.00406	1	0.06424	-0.01367	0.68000	0.00278	1	1.45898	0.81042	0	
1268259	8553.41309	3306333726688	0.00000	0.00000	8552.99121	0.21387	11842	0	0.50319	0.45145	0	0.49157	0.44448	0	0.49157	0.44448	0	0.48470	0.53569	10.85211	1.06647	0	0.74644	0.56060	9.66250	1.06647	0	-0.00367	-0.00929	0.68050	0.00406	1	0.06424	-0.01367	0.68000	0.00278	1	1.45898	0.81042	0	
1268260	8553.41992	3306333791941	0.00000	0.00000	8552.99121	0.21387	11842	0	0.50319	0.45145	0	0.49157	0.44448	0	0.49157	0.44448	0	0.48470	0.53569	10.85211	1.06647	0	0.74644	0.56060	9.66250	1.06647	0	-0.00367	-0.00929	0.68050	0.00406	1	0.06424	-0.01367	0.68000	0.00278	1	1.45898	0.81042	0	
1268261	8553.42676	3306333860183	0.00000	0.00000	8552.99121	0.21387	11842	0	0.50319	0.45145	0	0.49157	0.44448	0	0.49157	0.44448	0	0.48470	0.53569	10.85211	1.06647	0	0.74644	0.56060	9.66250	1.06647	0	-0.00367	-0.00929	0.68050	0.00406	1	0.06424	-0.01367	0.68000	0.00278	1	1.45898	0.81042	0	
1268262	8553.43359	3306333926967	0.00000	0.00000	8552.99121	0.21387	11842	0	0.50319	0.45145	0	0.49157	0.44448	0	0.49157	0.44448	0	0.48470	0.53569	10.85211	1.06647	0	0.74644	0.56060	9.66250	1.06647	0	-0.00367	-0.00929	0.68050	0.00406	1	0.06424	-0.01367	0.68000	0.00278	1	1.45898	0.81042	0	
1268263	8553.43945	3306333994323	0.00000	0.00000	8552.99121	0.21387	11842	0	0.50319	0.45145	0	0.49157	0.44448	0	0.49157	0.44448	0	0.48470	0.53569	10.85211	1.06647	0	0.74644	0.56060	9.66250	1.06647	0	-0.00367	-0.00929	0.68050	0.00406	1	0.06424	-0.01367	0.68000	0.00278	1	1.45898	0.81042	0	
1268264	8553.44629	3306334061377	0.00000	0.00000	8552.99121	0.21387	11842	0	0.50319	0.45145	0	0.49157	0.44448	0	0.49157	0.44448	0	0.48470	0.53569	10.85211	1.06647	0	0.74644	0.56060	9.66250	1.06647	0	-0.00367	-0.00929	0.68050	0.00406	1	0.06424	-0.01367	0.68000	0.00278	1	1.45898	0.81042	0	
1268265	8553.45312	3306334128734	0.00000	0.00000	8552.99121	0.21387	11842	0	0.50319	0.45145	0	0.49157	0.44448	0	0.49157	0.44448	0	0.48470	0.53569	10.85211	1.06647	0	0.74644	0.56060	9.66250	1.06647	0	-0.00367	-0.00929	0.68050	0.00406	1	0.06424	-0.01367	0.68000	0.00278	1	1.45898	0.81042	0	
1268266	8553.45996	3306334195035	0.23197	0.22382	8552.99121	0.21387	11842	0	0.50319	0.45145	0	0.46394	0.44764	1	0.46394	0.44764	1	0.48470	0.53569	10.85211	1.06647	0	0.74621	0.55807	10.42644	1.06647	1	-0.00367	-0.00929	0.68050	0.00406	1	0.06424	-0.01367	0.68000	0.00374	1	1.45898	0.81042	0	
1268267	8553.46680	3306334262191	0.30929	0.29843	8552.99121	0.21387	11842	0	0.50319	0.45145	0	0.46394	0.44764	1	0.46394	0.44764	1	0.48470	0.53569	10.85211	1.06647	0	0.74624	0.55833	10.46230	1.06647	1	-0.00367	-0.00929	0.68050	0.00406	1	0.06503	-0.01401	0.68940	0.00356	1	1.45898	0.81042	0	
1268268	8553.47363	3306334327111	0.46394	0.44764	8552.99121	0.21387	11842	0	0.50319	0.45145	0	0.46394	0.44764	0	0.46394	0.44764	0	0.48470	0.53569	10.85211	1.06647	0	0.74624	0.55833	10.46230	1.06647	0	-0.00367	-0.00929	0.68050	0.00406	1	0.06503	-0.01401	0.68940	0.00356	1	1.45898	0.81042	0	
1268269	8553.47949	3306334393770	0.45973	0.44275	8552.99121	0.21387	11842	0	0.50319	0.45145	0	0.45551	0.43787	1	0.45551	0.43787	1	0.48470	0.53569	10.85211	1.06647	0	0.74605	0.55834	10.90587	1.06647	1	-0.00367	-0.00929	0.68050	0.00406	1	0.06503	-0.01401	0.68940	0.00348	1	1.45898	0.81042	0	
1268270	8553.48633	3306334462946	0.45973	0.44275	8552.99121	0.21387	11842	0	0.50319	0.45145	0	0.45551	0.43787	0	0.45551	0.43787	0	0.48470	0.53569	10.85211	1.06647	0	0.74605	0.55834	10.90587	1.06647	0	-0.00367	-0.00929	0.68050	0.00406	1	0.06503	-0.01401	0.68940	0.00348	1	1.45898	0.81042	0	
1268271	8553.49316	3306334527193	0.45973	0.44275	8553.47363	0.01953	11843	1	0.50319	0.45145	0	0.45551	0.43787	0	0.45551	0.43787	0	0.48470	0.53569	10.85211	1.06647	0	0.74605	0.55834	10.90587	1.06647	0	-0.00367	-0.00929	0.68050	0.00406	1	0.06503	-0.01401	0.68940	0.00348	1	1.45898	0.81042	0	
1268272	8553.49902	3306334590172	0.45973	0.44275	8553.47363	0.02539	11843	1	0.50319	0.45145	0	0.45551	0.43787	0	0.45551	0.43787	0	0.48470	0.53569	10.85211	1.06647	0	0.74605	0.55834	10.90587	1.06647	0	-0.00367	-0.00929	0.68050	0.00406	1	0.06503	-0.01401	0.68940	0.00348	1	1.45898	0.81042	0	
1268273	8553.50684	3306334664265	0.45551	0.43787	8553.47363	0.02539	11843	0	0.50319	0.45145	0	0.45551	0.43787	0	0.45551	0.43787	0	0.48470	0.53569	10.85211	1.06647	0	0.74605	0.55834	10.90587	1.06647	0	-0.00367	-0.00929	0.68050	0.00406	1	0.06503	-0.01401	0.68940	0.00348	1	1.45898	0.81042	0	
1268274	8553.51367	3306334727215	0.45551	0.43787	8553.47363	0.02539	11843	0	0.50319	0.45145	0	0.45551	0.43787	0	0.45551	0.43787	0	0.48470	0.53569	10.85211	1.06647	0	0.74605	0.55834	10.90587	1.06647	0	-0.00367	-0.00929	0.68050	0.00406	1	0.06503	-0.01401	0.68940	0.00348	1	1.45898	0.81042	0	
1268275	8553.51953	3306334794433	0.45551	0.43787	8553.47363	0.02539	11843	0	0.50319	0.45145	0	0.45551	0.43787	0	0.45551	0.43787	0	0.48470	0.53569	10.85211	1.06647	0	0.74605	0.55834	10.90587	1.06647	0	-0.00367	-0.00929	0.68050	0.00406	1	0.06503	-0.01401	0.68940	0.00348	1	1.45898	0.81042	0	
1268276	8553.52637	3306334861980	0.00000	0.00000	8553.47363	0.02539	11843	0	0.50319	0.45145	0	0.45551	0.43787	0	0.45551	0.43787	0	0.48470	0.53569	10.85211	1.06647	0	0.74605	0.55834	10.90587	1.06647	0	-0.00367	-0.00929	0.68050	0.00406	1	0.06503	-0.01401	0.68940	0.00348	1	1.45898	0.81042	0	
1268277	8553.53418	3306334932397	0.00000	0.00000	8553.47363	0.02539	11843	0	0.50319	0.45145	0	0.45551	0.43787	0	0.45551	0.43787	0	0.48470	0.53569	10.85211	1.06647	0	0.74605	0.55834	10.90587	1.06647	0	-0.00367	-0.00929	0.68050	0.00406	1	0.06503	-0.01401	0.68940	0.00348	1	1.45898	0.81042	0	
1268278	8553.54004	3306334999084	0.00000	0.00000	8553.47363	0.02539	11843	0	0.50319	0.45145	0	0.45551	0.43787	0	0.45551	0.43787	0	0.48470	0.53569	10.85211	1.06647	0	0.74605	0.55834	10.90587	1.06647	0	-0.00367	-0.00929	0.68050	0.00406	1	0.06503	-0.01401	0.68940	0.00348	1	1.45898	0.81042	0	
1268279	8553.54688	3306335064321	0.00000	0.00000	8553.47363	0.02539	11843	0	0.50319	0.45145	0	0.45551	0.43787	0	0.45551	0.43787	0	0.48470	0.53569	10.85211	1.06647	0	0.74605	0.55834	10.90587	1.06647	0	-0.00367	-0.00929	0.68050	0.00406	1	0.06503	-0.01401	0.68940	0.00348	1	1.45898	0.81042	0	
1268280	8553.55371	3306335132674	0.00000	0.00000	8553.47363	0.02539	11843	0	0.50319	0.45145	0	0.45551	0.43787	0	0.45551	0.43787	0	0.48470	0.53569	10.85211	1.06647	0	0.74605	0.55834	10.90587	1.06647	0	-0.00367	-0.00929	0.68050	0.00406	1	0.06503	-0.01401	0.68940	0.00348	1	1.45898	0.81042	0	
1268281	8553.56055	3306335199547	0.25199	0.22278	8553.47363	0.02539	11843	0	0.52893	0.42739	1	0.47904	0.46371	1	0.50399	0.44555	1	0.48516	0.53662	10.56861	1.06647	1	0.74611	0.55887	11.13497	1.06647	1	-0.00367	-0.00929	0.68050	0.00339	1	0.06503	-0.01401	0.68940	0.00371	1	1.45898	0.81042	0	
1268282	8553.56738	3306335267044	0.50385	0.44238	8553.47363	0.02539	11843	0	0.52802	0.42099	1	0.47941	0.45742	1	0.50371	0.43920	1	0.48509	0.53696	10.75459	1.07556	1	0.74622	0.55856	10.49849	1.07556	1	-0.00369	-0.00957	0.69369	0.00340	1	0.06503	-0.01422	0.68940	0.00376	1	1.45898	0.81042	0	
1268283	8553.57422	3306335333864	0.49970	0.45556	8553.47363	0.02539	11843	0	0.52219	0.43800	1	0.46891	0.49948	1	0.49555	0.46874	1	0.48505	0.53680	10.77054	1.08464	1	0.74590	0.55924	11.31514	1.08464	1	-0.00369	-0.00957	0.69369	0.00350	1	0.06503	-0.01422	0.68940	0.00353	1	1.45898	0.81042	0	
1268284	8553.58105	3306335400885	0.50090	0.43835	8553.47363	0.02539	11843	0	0.51465	0.39729	1	0.49197	0.41054	1	0.50331	0.40392	1	0.48499	0.53664	10.33089	1.09373	1	0.74624	0.55854	10.47070	1.09373	1	-0.00369	-0.00957	0.69369	0.00332	1	0.06503	-0.01422	0.68940	0.00380	1	1.45898	0.81042	0	
1268285	8553.58691	3306335468034	0.50150	0.42974	8553.56738	0.01953	11844	1	0.51465	0.39729	1	0.49197	0.41054	1	0.50331	0.40392	1	0.48489	0.53603	10.00113	1.09373	1	0.74582	0.55887	11.45924	1.09373	1	-0.00367	-0.00939	0.68050	0.00358	1	0.06426	-0.01402	0.68228	0.00358	1	1.45898	0.81042	0	
1268286	8553.59375	3306335535139	0.50076	0.42947	8553.56738	0.02637	11844	1	0.50524	0.42455	1	0.49029	0.43225	1	0.49777	0.42840	1	0.48438	0.53613	10.38089	1.08464	1	0.74580	0.55870	11.07985	1.08464	1	-0.00367	-0.00939	0.68050	0.00366	1	0.06426	-0.01402	0.68228	0.00351	1	1.45898	0.81042	0	
1268287	8553.60059	3306335601931	0.50171	0.43018	8553.56738	0.03320	11844	1	0.53943	0.38648	1	0.47356	0.48093	1	0.50650	0.43371	1	0.48504	0.53587	10.21454	1.07556	1	0.74561	0.55900	11.72437	1.07556	1	-0.00367	-0.00939	0.68050	0.00374	1	0.06426	-0.01402	0.68228	0.00350	1	1.45898	0.81042	0	
1268288	8553.60742	3306335668949	0.50246	0.43118	8553.56738	0.04004	11844	1	0.54026	0.39318	1	0.47355	0.48120	1	0.50691	0.43719	1	0.48412	0.53378	10.51482	1.06647	1	0.74503	0.55869	11.27307	1.07515	1	-0.00367	-0.00939	0.68050	0.00217	1	0.06682	-0.01448	0.71004	0.00375	1	1.45898	0.81042	0	
1268289	8553.61426	3306335736066	0.49794	0.43351	8553.56738	0.04688	11844	1	0.49709	0.47213	1	0.43556	0.42758	1	0.46633	0.44986	1	0.48421	0.53641	10.51464	1.07515	1	0.74495	0.55870	11.39761	1.08383	1	-0.00367	-0.00939	0.68050	0.00352	1	0.06682	-0.01448	0.71004	0.00376	1	1.45898	0.81042	0	
1268290	8553.62109	3306335802744	0.49606	0.42966	8553.56738	0.05371	11844	1	0.50368	0.42953	1	0.45836	0.36816	1	0.48102	0.39885	1	0.48438	0.53629	10.62319	1.08383	1	0.74519	0.55830	10.94439	1.09251	1	-0.00367	-0.00939	0.68050	0.00353	1	0.06682	-0.01448	0.71004	0.00367	1	1.45898	0.81042	0	
1268291	8553.62695	3306335868380	0.49451	0.42595	8553.56738	0.05957	11844	1	0.50265	0.42351	1	0.45855	0.36155	1	0.48060	0.39253	1	0.48423	0.53628	10.44044	1.09251	1	0.74539	0.55871	10.84045	1.10119	1	-0.00367	-0.00939	0.68050	0.00355	1	0.06657	-0.01448	0.70743	0.00357	1	1.45898	0.81042	0	
1268292	8553.63379	3306335937225	0.49336	0.42606	8553.56738	0.06641	11844	1	0.49253	0.43930	1	0.47121	0.41509	1	0.48187	0.42720	1	0.48420	0.53634	10.63534	1.10119	1	0.74553	0.55869	10.24830	1.10119	1	-0.00367	-0.00939	0.68050	0.00353	1	0.06657	-0.01448	0.70743	0.00362	1	1.45898	0.81042	0	
1268293	8553.64062	3306336003043	0.49225	0.42563	8553.56738	0.07324	11844	1	0.49779	0.41712	1	0.46212	0.42461	1	0.47996	0.42086	1	0.48422	0.53620	10.46787	1.10119	1	0.74540	0.55865	10.58811	1.10119	1	-0.00367	-0.00939	0.68050	0.00370	1	0.06657	-0.01448	0.70743	0.00365	1	1.45898	0.81042	0	
1268294	8553.64746	3306336070017	0.48991	0.42602	8553.56738	0.08008	11844	1	0.49779	0.41712	0	0.46191	0.43073	1	0.46191	0.43073	1	0.48422	0.53620	10.46787	1.10119	0	0.74547	0.55905	11.48746	1.09251	1	-0.00367	-0.00939	0.68050	0.00370	1	0.06426	-0.01402	0.68228	0.00359	1	1.45898	0.81042	0	
1268295	8553.65430	3306336137219	0.48991	0.42602	8553.56738	0.08691	11844	1	0.49779	0.41712	0	0.46191	0.43073	0	0.46191	0.43073	0	0.48422	0.53620	10.46787	1.09251	0	0.74547	0.55905	11.48746	1.08383	0	-0.00367	-0.00939	0.68050	0.00370	1	0.06426	-0.01402	0.68228	0.00359	1	1.45898	0.81042	0	
1268296	8553.66113	3306336205492	0.48991	0.42602	8553.56738	0.09375	11844	1	0.49779	0.41712	0	0.46191	0.43073	0	0.46191	0.43073	0	0.48422	0.53620	10.46787	1.08383	0	0.74547	0.55905	11.48746	1.07515	0	-0.00367	-0.00939	0.68050	0.00370	1	0.06426	-0.01402	0.68228	0.00359	1	1.45898	0.81042	0	
1268297	8553.66797	3306336272374	0.48991	0.42602	8553.56738	0.10059	11844	1	0.49779	0.41712	0	0.46191	0.43073	0	0.46191	0.43073	0	0.48422	0.53620	10.46787	1.07515	0	0.74547	0.55905	11.48746	1.06647	0	-0.00367	-0.00939	0.68050	0.00370	1	0.06426	-0.01402	0.68228	0.00359	1	1.45898	0.81042	0	
1268298	8553.67480	3306336339414	0.48875	0.42466	8553.56738	0.10059	11844	0	0.49779	0.41712	0	0.46191	0.43073	0	0.46191	0.43073	0	0.48422	0.53620	10.46787	1.06647	0	0.74547	0.55905	11.48746	1.06647	0	-0.00367	-0.00939	0.68050	0.00370	1	0.06426	-0.01402	0.68228	0.00359	1	1.45898	0.81042	0	
1268299	8553.68066	3306336405787	0.48875	0.42466	8553.56738	0.10059	11844	0	0.49779	0.41712	0	0.46191	0.43073	0	0.46191	0.43073	0	0.48422	0.53620	10.46787	1.06647	0	0.74547	0.55905	11.48746	1.06647	0	-0.00367	-0.00939	0.68050	0.00370	1	0.06426	-0.01402	0.68228	0.00359	1	1.45898	0.81042	0	
1268300	8553.68750	3306336470228	0.48875	0.42466	8553.56738	0.10059	11844	0	0.49779	0.41712	0	0.46191	0.43073	0	0.46191	0.43073	0	0.48422	0.53620	10.46787	1.06647	0	0.74547	0.55905	11.48746	1.06647	0	-0.00367	-0.00939	0.68050	0.00370	1	0.06426	-0.01402	0.68228	0.00359	1	1.45898	0.81042	0	
1268301	8553.69434	3306336538055	0.00000	0.00000	8553.56738	0.10059	11844	0	0.49779	0.41712	0	0.46191	0.43073	0	0.46191	0.43073	0	0.48422	0.53620	10.46787	1.06647	0	0.74547	0.55905	11.48746	1.06647	0	-0.00367	-0.00939	0.68050	0.00370	1	0.06426	-0.01402	0.68228	0.00359	1	1.45898	0.81042	0	
1268302	8553.70117	3306336607390	0.00000	0.00000	8553.56738	0.10059	11844	0	0.49779	0.41712	0	0.46191	0.43073	0	0.46191	0.43073	0	0.48422	0.53620	10.46787	1.06647	0	0.74547	0.55905	11.48746	1.06647	0	-0.00367	-0.00939	0.68050	0.00370	1	0.06426	-0.01402	0.68228	0.00359	1	1.45898	0.81042	0	
1268303	8553.70801	3306336671336	0.00000	0.00000	8553.56738	0.10059	11844	0	0.49779	0.41712	0	0.46191	0.43073	0	0.46191	0.43073	0	0.48422	0.53620	10.46787	1.06647	0	0.74547	0.55905	11.48746	1.06647	0	-0.00367	-0.00939	0.68050	0.00370	1	0.06426	-0.01402	0.68228	0.00359	1	1.45898	0.81042	0	
1268304	8553.71387	3306336735895	0.36995	0.39767	8553.56738	0.10059	11844	0	0.49779	0.41712	0	0.36995	0.39767	1	0.36995	0.39767	1	0.48497	0.53625	10.06532	1.06647	0	0.48497	0.53625	10.06532	1.06647	1	-0.00367	-0.00939	0.68050	0.00370	1	0.06426	-0.01402	0.68228	0.00339	1	1.45898	0.81042	0	
1268305	8553.72070	3306336804595	0.37750	0.38840	8553.56738	0.10059	11844	0	0.49779	0.41712	0	0.38504	0.37912	1	0.38504	0.37912	1	0.48497	0.53625	10.06532	1.06647	0	0.48516	0.53614	10.22218	1.06647	1	-0.00367	-0.00939	0.68050	0.00370	1	0.06426	-0.01402	0.68228	0.00347	1	1.45898	0.81042	0	
1268306	8553.72754	3306336873435	0.38001	0.38531	8553.56738	0.10059	11844	0	0.49779	0.41712	0	0.38504	0.37912	1	0.38504	0.37912	1	0.48497	0.53625	10.06532	1.06647	0	0.48504	0.53552	10.30948	1.06647	1	-0.00367	-0.00939	0.68050	0.00370	1	-0.00348	-0.00941	0.68201	0.00362	1	1.45898	0.81042	0	
1268307	8553.73438	3306336941338	0.37341	0.32740	8553.71387	0.02051	11845	1	0.49779	0.41712	0	0.35360	0.15366	1	0.35360	0.15366	1	0.48497	0.53625	10.06532	1.06647	0	0.48488	0.53371	10.44463	1.06647	1	-0.00367	-0.00939	0.68050	0.00370	1	-0.00348	-0.00941	0.68201	0.00198	1	1.45898	0.81042	0	
1268308	8553.74121	3306337008787	0.37318	0.26576	8553.71387	0.02051	11845	0	0.49779	0.41712	0	0.36905	0.15112	1	0.36905	0.15112	1	0.48497	0.53625	10.06532	1.06647	0	0.48498	0.53363	10.65195	1.06647	1	-0.00367	-0.00939	0.68050	0.00370	1	-0.00348	-0.00941	0.68201	0.00201	1	1.45898	0.81042	0	
1268309	8553.74805	3306337075581	0.37112	0.20844	8553.71387	0.02051	11845	0	0.49779	0.41712	0	0.36905	0.15112	1	0.36905	0.15112	1	0.48497	0.53625	10.06532	1.06647	0	0.48507	0.53360	10.69598	1.06647	1	-0.00367	-0.00939	0.68050	0.00370	1	-0.00348	-0.00941	0.68201	0.00206	1	1.45898	0.81042	0	
1268310	8553.75488	3306337142411	0.36354	0.18878	8553.71387	0.02051	11845	0	0.49779	0.41712	0	0.34840	0.14945	1	0.34840	0.14945	1	0.48497	0.53625	10.06532	1.06647	0	0.48508	0.53360	10.66008	1.06647	1	-0.00367	-0.00939	0.68050	0.00370	1	-0.00348	-0.00941	0.68201	0.00206	1	1.45898	0.81042	0	
1268311	8553.76172	3306337209238	0.35493	0.15322	8553.71387	0.02051	11845	0	0.49779	0.41712	0	0.34733	0.15909	1	0.34733	0.15909	1	0.48497	0.53625	10.06532	1.06647	0	0.48508	0.53359	10.33762	1.06647	1	-0.00367	-0.00939	0.68050	0.00370	1	-0.00348	-0.00941	0.68201	0.00206	1	1.45898	0.81042	0	
1268312	8553.76855	3306337276427	0.35113	0.15616	8553.71387	0.02051	11845	0	0.49779	0.41712	0	0.34733	0.15909	1	0.34733	0.15909	1	0.48497	0.53625	10.06532	1.06647	0	0.48520	0.53375	10.01546	1.06647	1	-0.00367	-0.00939	0.68050	0.00370	1	-0.00348	-0.00941	0.68201	0.00208	1	1.45898	0.81042	0	
1268313	8553.77441	3306337343154	0.35131	0.14043	8553.71387	0.02051	11845	0	0.49779	0.41712	0	0.35169	0.10898	1	0.35169	0.10898	1	0.48497	0.53625	10.06532	1.06647	0	0.48531	0.53365	10.21579	1.06647	1	-0.00367	-0.00939	0.68050	0.00370	1	-0.00348	-0.00941	0.68201	0.00197	1	1.45898	0.81042	0	
1268314	8553.78125	3306337410262	0.35161	0.13269	8553.76172	0.01953	11846	1	0.49779	0.41712	0	0.35248	0.10947	1	0.35248	0.10947	1	0.48497	0.53625	10.06532	1.06647	0	0.48528	0.53368	10.00537	1.06647	1	-0.00367	-0.00939	0.68050	0.00370	1	-0.00348	-0.00941	0.68201	0.00204	1	1.45898	0.81042	0	
1268315	8553.78809	3306337476251	0.35178	0.12805	8553.76172	0.02637	11846	1	0.49779	0.41712	0	0.35248	0.10947	1	0.35248	0.10947	1	0.48497	0.53625	10.06532	1.06647	0	0.48529	0.53364	10.35683	1.06647	1	-0.00367	-0.00939	0.68050	0.00370	1	-0.00348	-0.00931	0.68202	0.00198	1	1.45898	0.81042	0	
1268316	8553.79492	3306337544602	0.35312	0.12931	8553.76172	0.03320	11846	1	0.49779	0.41712	0	0.35981	0.13564	1	0.35981	0.13564	1	0.48497	0.53625	10.06532	1.06647	0	0.48529	0.53360	10.24361	1.06647	1	-0.00367	-0.00939	0.68050	0.00370	1	-0.00348	-0.00931	0.68202	0.00197	1	1.45898	0.81042	0	
1268317	8553.80176	3306337611263	0.35432	0.13337	8553.76172	0.04004	11846	1	0.49779	0.41712	0	0.36153	0.15772	1	0.36153	0.15772	1	0.48497	0.53625	10.06532	1.06647	0	0.48543	0.53362	9.92326	1.06647	1	-0.00367	-0.00939	0.68050	0.00370	1	-0.00348	-0.00931	0.68202	0.00209	1	1.45898	0.81042	0	
1268318	8553.80859	3306337678266	0.35522	0.13641	8553.76172	0.04688	11846	1	0.49779	0.41712	0	0.36153	0.15772	1	0.36153	0.15772	1	0.48497	0.53625	10.06532	1.06647	0	0.48540	0.53368	9.76915	1.06647	1	-0.00367	-0.00939	0.68050	0.00370	1	-0.00339	-0.00936	0.68566	0.00202	1	1.45898	0.81042	0	
1268319	8553.81543	3306337744857	0.35522	0.13641	8553.76172	0.05371	11846	1	0.49779	0.41712	0	0.36153	0.15772	0	0.36153	0.15772	0	0.48497	0.53625	10.06532	1.06647	0	0.48540	0.53368	9.76915	1.06647	0	-0.00367	-0.00939	0.68050	0.00370	1	-0.00339	-0.00936	0.68566	0.00202	1	1.45898	0.81042	0	
1268320	8553.82129	3306337812025	0.35522	0.13641	8553.76172	0.05957	11846	1	0.49779	0.41712	0	0.36153	0.15772	0	0.36153	0.15772	0	0.48497	0.53625	10.06532	1.06647	0	0.48540	0.53368	9.76915	1.06647	0	-0.00367	-0.00939	0.68050	0.00370	1	-0.00339	-0.00936	0.68566	0.00202	1	1.45898	0.81042	0	
1268321	8553.82812	3306337878975	0.35522	0.13641	8553.76172	0.06641	11846	1	0.49779	0.41712	0	0.36153	0.15772	0	0.36153	0.15772	0	0.48497	0.53625	10.06532	1.06647	0	0.48540	0.53368	9.76915	1.06647	0	-0.00367	-0.00939	0.68050	0.00370	1	-0.00339	-0.00936	0.68566	0.00202	1	1.45898	0.81042	0	
1268322	8553.83496	3306337945948	0.35526	0.13401	8553.76172	0.06641	11846	0	0.49779	0.41712	0	0.36153	0.15772	0	0.36153	0.15772	0	0.48497	0.53625	10.06532	1.06647	0	0.48540	0.53368	9.76915	1.06647	0	-0.00367	-0.00939	0.68050	0.00370	1	-0.00339	-0.00936	0.68566	0.00202	1	1.45898	0.81042	0	
1268323	8553.84180	3306338012313	0.35526	0.13401	8553.76172	0.06641	11846	0	0.49779	0.41712	0	0.36153	0.15772	0	0.36153	0.15772	0	0.48497	0.53625	10.06532	1.06647	0	0.48540	0.53368	9.76915	1.06647	0	-0.00367	-0.00939	0.68050	0.00370	1	-0.00339	-0.00936	0.68566	0.00202	1	1.45898	0.81042	0	
1268324	8553.84863	3306338079734	0.35526	0.13401	8553.76172	0.06641	11846	0	0.49779	0.41712	0	0.36153	0.15772	0	0.36153	0.15772	0	0.48497	0.53625	10.06532	1.06647	0	0.48540	0.53368	9.76915	1.06647	0	-0.00367	-0.00939	0.68050	0.00370	1	-0.00339	-0.00936	0.68566	0.00202	1	1.45898	0.81042	0	
1268325	8553.85547	3306338147163	0.00000	0.00000	8553.76172	0.06641	11846	0	0.49779	0.41712	0	0.36153	0.15772	0	0.36153	0.15772	0	0.48497	0.53625	10.06532	1.06647	0	0.48540	0.53368	9.76915	1.06647	0	-0.00367	-0.00939	0.68050	0.00370	1	-0.00339	-0.00936	0.68566	0.00202	1	1.45898	0.81042	0	
1268326	8553.86230	3306338213922	0.00000	0.00000	8553.76172	0.06641	11846	0	0.49779	0.41712	0	0.36153	0.15772	0	0.36153	0.15772	0	0.48497	0.53625	10.06532	1.06647	0	0.48540	0.53368	9.76915	1.06647	0	-0.00367	-0.00939	0.68050	0.00370	1	-0.00339	-0.00936	0.68566	0.00202	1	1.45898	0.81042	0	
1268327	8553.86816	3306338281193	0.00000	0.00000	8553.76172	0.06641	11846	0	0.49779	0.41712	0	0.36153	0.15772	0	0.36153	0.15772	0	0.48497	0.53625	10.06532	1.06647	0	0.48540	0.53368	9.76915	1.06647	0	-0.00367	-0.00939	0.68050	0.00370	1	-0.00339	-0.00936	0.68566	0.00202	1	1.45898	0.81042	0	
1268328	8553.87500	3306338346249	0.00000	0.00000	8553.76172	0.06641	11846	0	0.49779	0.41712	0	0.36153	0.15772	0	0.36153	0.15772	0	0.48497	0.53625	10.06532	1.06647	0	0.48540	0.53368	9.76915	1.06647	0	-0.00367	-0.00939	0.68050	0.00370	1	-0.00339	-0.00936	0.68566	0.00202	1	1.45898	0.81042	0	
1268329	8553.88184	3306338412267	0.17848	0.06684	8553.76172	0.06641	11846	0	0.49779	0.41712	0	0.35696	0.13367	1	0.35696	0.13367	1	0.48497	0.53625	10.06532	1.06647	0	0.48619	0.53345	9.61279	1.06647	1	-0.00367	-0.00939	0.68050	0.00370	1	-0.00339	-0.00936	0.68566	0.00197	1	1.45898	0.81042	0	
1268330	8553.88867	3306338479952	0.23797	0.08912	8553.76172	0.06641	11846	0	0.49779	0.41712	0	0.35696	0.13367	1	0.35696	0.13367	1	0.48497	0.53625	10.06532	1.06647	0	0.48647	0.53348	9.86834	1.06647	1	-0.00367	-0.00939	0.68050	0.00370	1	-0.00304	-0.00924	0.67675	0.00198	1	1.45898	0.81042	0	
1268331	8553.89551	3306338548439	0.36627	0.15503	8553.76172	0.06641	11846	0	0.49779	0.41712	0	0.38489	0.19774	1	0.38489	0.19774	1	0.48497	0.53625	10.06532	1.06647	0	0.48650	0.53349	9.92744	1.06647	1	-0.00367	-0.00939	0.68050	0.00370	1	-0.00304	-0.00924	0.67675	0.00204	1	1.45898	0.81042	0	
1268332	8553.90234	3306338615092	0.35988	0.13593	8553.76172	0.06641	11846	0	0.49779	0.41712	0	0.35350	0.11682	1	0.35350	0.11682	1	0.48497	0.53625	10.06532	1.06647	0	0.48644	0.53340	10.00622	1.06647	1	-0.00367	-0.00939	0.68050	0.00370	1	-0.00304	-0.00924	0.67675	0.00201	1	1.45898	0.81042	0	
1268333	8553.90918	3306338682137	0.35775	0.12956	8553.76172	0.06641	11846	0	0.49779	0.41712	0	0.35350	0.11682	1	0.35350	0.11682	1	0.48497	0.53625	10.06532	1.06647	0	0.48684	0.53357	10.49168	1.06647	1	-0.00367	-0.00939	0.68050	0.00370	1	-0.00304	-0.00924	0.67675	0.00202	1	1.45898	0.81042	0	
1268334	8553.91504	3306338745590	0.35546	0.13822	8553.89551	0.01953	11847	1	0.49779	0.41712	0	0.34856	0.16419	1	0.34856	0.16419	1	0.48497	0.53625	10.06532	1.06647	0	0.48671	0.53368	10.31942	1.06647	1	-0.00367	-0.00939	0.68050	0.00370	1	-0.00304	-0.00924	0.67675	0.00205	1	1.45898	0.81042	0	
1268335	8553.92188	3306338814876	0.35760	0.13972	8553.89551	0.02637	11847	1	0.49779	0.41712	0	0.36618	0.14573	1	0.36618	0.14573	1	0.48497	0.53625	10.06532	1.06647	0	0.48685	0.53354	10.45313	1.06647	1	-0.00367	-0.00939	0.68050	0.00370	1	-0.00304	-0.00924	0.67675	0.00203	1	1.45898	0.81042	0	
1268336	8553.92871	3306338881074	0.35903	0.14072	8553.89551	0.03320	11847	1	0.49779	0.41712	0	0.36618	0.14573	1	0.36618	0.14573	1	0.48497	0.53625	10.06532	1.06647	0	0.48712	0.53339	10.22414	1.06647	1	-0.00367	-0.00939	0.68050	0.00370	1	-0.00298	-0.00937	0.68619	0.00208	1	1.45898	0.81042	0	
1268337	8553.93555	3306338948756	0.36086	0.13738	8553.89551	0.04004	11847	1	0.49779	0.41712	0	0.37186	0.11733	1	0.37186	0.11733	1	0.48497	0.53625	10.06532	1.06647	0	0.48709	0.53333	10.07702	1.06647	1	-0.00367	-0.00939	0.68050	0.00370	1	-0.00298	-0.00937	0.68619	0.00207	1	1.45898	0.81042	0	
1268338	8553.94238	3306339017810	0.36223	0.13525	8553.89551	0.04688	11847	1	0.49779	0.41712	0	0.37177	0.12033	1	0.37177	0.12033	1	0.48497	0.53625	10.06532	1.06647	0	0.48709	0.53324	10.03598	1.06647	1	-0.00367	-0.00939	0.68050	0.00370	1	-0.00298	-0.00937	0.68619	0.00202	1	1.45898	0.81042	0	
1268339	8553.94922	3306339084997	0.36329	0.13359	8553.89551	0.05371	11847	1	0.49779	0.41712	0	0.37177	0.12033	1	0.37177	0.12033	1	0.48497	0.53625	10.06532	1.06647	0	0.48744	0.53343	10.07831	1.06647	1	-0.00367	-0.00939	0.68050	0.00370	1	-0.00284	-0.00922	0.67554	0.00208	1	1.45898	0.81042	0	
1268340	8553.95605	3306339152209	0.36431	0.13246	8553.89551	0.06055	11847	1	0.49779	0.41712	0	0.37356	0.12229	1	0.37356	0.12229	1	0.48497	0.53625	10.06532	1.06647	0	0.48740	0.53327	9.95175	1.06647	1	-0.00367	-0.00939	0.68050	0.00370	1	-0.00284	-0.00922	0.67554	0.00207	1	1.45898	0.81042	0	
1268341	8553.96289	3306339219326	0.36152	0.13178	8553.89551	0.06738	11847	1	0.49779	0.41712	0	0.33353	0.12495	1	0.33353	0.12495	1	0.48497	0.53625	10.06532	1.06647	0	0.48730	0.53342	9.80851	1.06647	1	-0.00367	-0.00939	0.68050	0.00370	1	-0.00284	-0.00922	0.67554	0.00204	1	1.45898	0.81042	0	
1268342	8553.96875	3306339285929	0.35918	0.13121	8553.89551	0.07324	11847	1	0.49779	0.41712	0	0.33353	0.12495	1	0.33353	0.12495	1	0.48497	0.53625	10.06532	1.06647	0	0.48762	0.53345	10.51424	1.06647	1	-0.00367	-0.00939	0.68050	0.00370	1	-0.00280	-0.00944	0.69130	0.00201	1	1.45898	0.81042	0	
1268343	8553.97559	3306339352565	0.36020	0.12888	8553.89551	0.08008	11847	1	0.49779	0.41712	0	0.37239	0.10094	1	0.37239	0.10094	1	0.48497	0.53625	10.06532	1.06647	0	0.48781	0.53313	10.21103	1.06647	1	-0.00367	-0.00939	0.68050	0.00370	1	-0.00280	-0.00944	0.69130	0.00213	1	1.45898	0.81042	0	
1268344	8553.98242	3306339419824	0.36066	0.12885	8553.89551	0.08691	11847	1	0.49779	0.41712	0	0.36667	0.12848	1	0.36667	0.12848	1	0.48497	0.53625	10.06532	1.06647	0	0.48773	0.53341	10.19467	1.06647	1	-0.00367	-0.00939	0.68050	0.00370	1	-0.00280	-0.00944	0.69130	0.00211	1	1.45898	0.81042	0	
1268345	8553.98926	3306339487047	0.36103	0.12825	8553.89551	0.09375	11847	1	0.49779	0.41712	0	0.36615	0.11984	1	0.36615	0.11984	1	0.48497	0.53625	10.06532	1.06647	0	0.48814	0.53550	10.15837	1.07515	1	-0.00367	-0.00939	0.68050	0.00370	1	-0.00278	-0.00954	0.69917	0.00335	1	1.45898	0.81042	0	
1268346	8553.99609	3306339553374	0.36094	0.12760	8553.89551	0.10059	11847	1	0.49779	0.41712	0	0.35967	0.11780	1	0.35967	0.11780	1	0.48497	0.53625	10.06532	1.07515	0	0.48800	0.53343	10.30312	1.08383	1	-0.00367	-0.00939	0.68050	0.00370	1	-0.00278	-0.00954	0.69917	0.00201	1	1.45898	0.81042	0	
1268347	8554.00293	3306339620433	0.36040	0.12553	8553.89551	0.10742	11847	1	0.49779	0.41712	0	0.35173	0.09248	1	0.35173	0.09248	1	0.48497	0.53625	10.06532	1.08383	0	0.48804	0.53329	10.18972	1.09251	1	-0.00367	-0.00939	0.68050	0.00370	1	-0.00278	-0.00954	0.69917	0.00202	1	1.45898	0.81042	0	
1268348	8554.00977	3306339688078	0.35992	0.12370	8553.89551	0.11426	11847	1	0.49779	0.41712	0	0.35173	0.09248	1	0.35173	0.09248	1	0.48497	0.53625	10.06532	1.09251	0	0.48856	0.53296	9.86671	1.09251	1	-0.00367	-0.00939	0.68050	0.00370	1	-0.00257	-0.00931	0.68582	0.00205	1	1.45898	0.81042	0	
1268349	8554.01562	3306339754701	0.36055	0.12296	8553.89551	0.12012	11847	1	0.49779	0.41712	0	0.37191	0.10977	1	0.37191	0.10977	1	0.48497	0.53625	10.06532	1.09251	0	0.48867	0.53282	10.24067	1.08383	1	-0.00367	-0.00939	0.68050	0.00370	1	-0.00257	-0.00931	0.68582	0.00207	1	1.45898	0.81042	0	
1268350	8554.02246	3306339821904	0.36130	0.12268	8553.89551	0.12695	11847	1	0.49779	0.41712	0	0.37545	0.11728	1	0.37545	0.11728	1	0.48497	0.53625	10.06532	1.08383	0	0.48873	0.53290	9.95762	1.07515	1	-0.00367	-0.00939	0.68050	0.00370	1	-0.00257	-0.00931	0.68582	0.00204	1	1.45898	0.81042	0	
1268351	8554.02930	3306339888655	0.36199	0.12283	8553.89551	0.13379	11847	1	0.49779	0.41712	0	0.37590	0.12595	1	0.37590	0.12595	1	0.48497	0.53625	10.06532	1.07515	0	0.48919	0.53251	9.56951	1.06647	1	-0.00367	-0.00939	0.68050	0.00370	1	-0.00247	-0.00928	0.68721	0.00209	1	1.45898	0.81042	0	
1268352	8554.03613	3306339955643	0.36727	0.13033	8553.89551	0.14062	11847	1	0.48671	0.14096	1	0.46944	0.43449	1	0.47807	0.28772	1	0.48930	0.53245	10.14023	1.06647	1	0.75019	0.55892	10.67654	1.06647	1	-0.00367	-0.00939	0.68050	0.00211	1	-0.00247	-0.00928	0.68721	0.00373	1	1.45898	0.81042	0	
1268353	8554.04297	3306340022572	0.37233	0.13690	8553.89551	0.14746	11847	1	0.49142	0.15884	1	0.47596	0.40394	1	0.48369	0.28139	1	0.48929	0.53257	9.90164	1.06647	1	0.75024	0.55930	11.13509	1.06647	1	-0.00367	-0.00939	0.68050	0.00213	1	-0.00247	-0.00928	0.68721	0.00369	1	1.45898	0.81042	0	
1268354	8554.04980	3306340089281	0.37698	0.14278	8553.89551	0.15430	11847	1	0.49142	0.15884	1	0.47628	0.39744	1	0.48385	0.27814	1	0.48955	0.53271	10.31310	1.06647	1	0.75002	0.55934	11.27921	1.07515	1	-0.00235	-0.00918	0.68032	0.00209	1	0.06739	-0.01452	0.70158	0.00390	1	1.45898	0.81042	0	
1268355	8554.05566	3306340156564	0.40360	0.17042	8553.89551	0.15430	11847	0	0.51353	0.16813	1	0.44325	0.41938	1	0.47839	0.29376	1	0.48983	0.53279	10.43888	1.07515	1	0.75009	0.55952	11.35500	1.08383	1	-0.00235	-0.00918	0.68032	0.00209	1	0.06739	-0.01452	0.70158	0.00388	1	1.45898	0.81042	0	
1268356	8554.06250	3306340223384	0.43383	0.23510	8553.89551	0.15430	11847	0	0.50152	0.14749	1	0.42661	0.45205	1	0.46406	0.29977	1	0.48968	0.53273	10.57786	1.08383	1	0.75028	0.55945	11.58782	1.09251	1	-0.00235	-0.00918	0.68032	0.00206	1	0.06739	-0.01452	0.70158	0.00381	1	1.45898	0.81042	0	
1268357	8554.06934	3306340289120	0.44374	0.25528	8553.89551	0.15430	11847	0	0.50048	0.13921	1	0.42661	0.45205	1	0.46355	0.29563	1	0.48983	0.53256	10.25740	1.09251	1	0.75096	0.55935	10.52150	1.09251	1	-0.00227	-0.00929	0.68829	0.00207	1	0.06480	-0.01395	0.67407	0.00378	1	1.45898	0.81042	0	
1268358	8554.07617	3306340357458	0.42354	0.21373	8554.05566	0.02051	11848	1	0.50048	0.13921	0	0.36296	0.08910	1	0.36296	0.08910	1	0.48983	0.53256	10.25740	1.09251	0	0.48987	0.53249	10.07838	1.08383	1	-0.00227	-0.00929	0.68829	0.00207	1	0.06480	-0.01395	0.67407	0.00202	1	1.45898	0.81042	0	
1268359	8554.08203	3306340419849	0.40904	0.18898	8554.05566	0.02637	11848	1	0.50048	0.13921	0	0.35101	0.08997	1	0.35101	0.08997	1	0.48983	0.53256	10.25740	1.08383	0	0.48986	0.53252	9.85899	1.07515	1	-0.00227	-0.00929	0.68829	0.00207	1	0.06480	-0.01395	0.67407	0.00217	1	1.45898	0.81042	0	
1268360	8554.08984	3306340489034	0.39947	0.17395	8554.05566	0.03418	11848	1	0.50048	0.13921	0	0.35165	0.09883	1	0.35165	0.09883	1	0.48983	0.53256	10.25740	1.07515	0	0.49018	0.53260	10.19646	1.06647	1	-0.00227	-0.00929	0.68829	0.00207	1	-0.00223	-0.00906	0.67466	0.00208	1	1.45898	0.81042	0	
1268361	8554.09668	3306340558359	0.39570	0.16442	8554.05566	0.04102	11848	1	0.50048	0.13921	0	0.37303	0.10723	1	0.37303	0.10723	1	0.48983	0.53256	10.25740	1.06647	0	0.49027	0.53267	10.30899	1.06647	1	-0.00227	-0.00929	0.68829	0.00207	1	-0.00223	-0.00906	0.67466	0.00206	1	1.45898	0.81042	0	
1268362	8554.10352	3306340625594	0.39356	0.15644	8554.05566	0.04785	11848	1	0.50048	0.13921	0	0.37857	0.10057	1	0.37857	0.10057	1	0.48983	0.53256	10.25740	1.06647	0	0.49026	0.53262	10.59583	1.06647	1	-0.00227	-0.00929	0.68829	0.00207	1	-0.00223	-0.00906	0.67466	0.00207	1	1.45898	0.81042	0	
1268363	8554.10938	3306340692583	0.39189	0.15023	8554.05566	0.05371	11848	1	0.50048	0.13921	0	0.37857	0.10057	1	0.37857	0.10057	1	0.48983	0.53256	10.25740	1.06647	0	0.49059	0.53269	10.66349	1.06647	1	-0.00227	-0.00929	0.68829	0.00207	1	-0.00214	-0.00906	0.67881	0.00206	1	1.45898	0.81042	0	
1268364	8554.11621	3306340759356	0.39202	0.14716	8554.05566	0.06055	11848	1	0.50048	0.13921	0	0.39317	0.11953	1	0.39317	0.11953	1	0.48983	0.53256	10.25740	1.06647	0	0.49058	0.53260	10.66369	1.06647	1	-0.00227	-0.00929	0.68829	0.00207	1	-0.00214	-0.00906	0.67881	0.00212	1	1.45898	0.81042	0	
1268365	8554.12305	3306340826361	0.39180	0.14090	8554.05566	0.06738	11848	1	0.50048	0.13921	0	0.38962	0.07825	1	0.38962	0.07825	1	0.48983	0.53256	10.25740	1.06647	0	0.49054	0.53228	10.69573	1.06647	1	-0.00227	-0.00929	0.68829	0.00207	1	-0.00214	-0.00906	0.67881	0.00209	1	1.45898	0.81042	0	
1268366	8554.12988	3306340892236	0.39162	0.13568	8554.05566	0.07422	11848	1	0.50048	0.13921	0	0.38962	0.07825	1	0.38962	0.07825	1	0.48983	0.53256	10.25740	1.06647	0	0.49079	0.53235	10.05550	1.06647	1	-0.00227	-0.00929	0.68829	0.00207	1	-0.00204	-0.00909	0.68095	0.00223	1	1.45898	0.81042	0	
1268367	8554.13672	3306340960418	0.39106	0.13197	8554.05566	0.08105	11848	1	0.50048	0.13921	0	0.38435	0.08746	1	0.38435	0.08746	1	0.48983	0.53256	10.25740	1.06647	0	0.49079	0.53235	10.05550	1.06647	1	-0.00227	-0.00929	0.68829	0.00207	1	-0.00204	-0.00909	0.68095	0.00223	1	1.45898	0.81042	0	
1268368	8554.14355	3306341027312	0.38872	0.12859	8554.05566	0.08789	11848	1	0.50048	0.13921	0	0.35825	0.08464	1	0.35825	0.08464	1	0.48983	0.53256	10.25740	1.06647	0	0.49072	0.53238	10.19534	1.06647	1	-0.00227	-0.00929	0.68829	0.00207	1	-0.00204	-0.00909	0.68095	0.00215	1	1.45898	0.81042	0	
1268369	8554.15039	3306341094731	0.37242	0.09325	8554.05566	0.08789	11848	0	0.50048	0.13921	0	0.35825	0.08464	1	0.35825	0.08464	1	0.48983	0.53256	10.25740	1.06647	0	0.49088	0.53239	10.21575	1.06647	1	-0.00227	-0.00929	0.68829	0.00207	1	-0.00206	-0.00920	0.68556	0.00208	1	1.45898	0.81042	0	
1268370	8554.15625	3306341160021	0.37040	0.09146	8554.05566	0.08789	11848	0	0.50048	0.13921	0	0.36837	0.08966	1	0.36837	0.08966	1	0.48983	0.53256	10.25740	1.06647	0	0.49089	0.53238	10.20971	1.06647	1	-0.00227	-0.00929	0.68829	0.00207	1	-0.00206	-0.00920	0.68556	0.00207	1	1.45898	0.81042	0	
1268371	8554.16309	3306341228129	0.36870	0.08734	8554.05566	0.08789	11848	0	0.50048	0.13921	0	0.36530	0.07909	1	0.36530	0.07909	1	0.48983	0.53256	10.25740	1.06647	0	0.49092	0.53242	10.39663	1.06647	1	-0.00227	-0.00929	0.68829	0.00207	1	-0.00206	-0.00920	0.68556	0.00207	1	1.45898	0.81042	0	
1268372	8554.16992	3306341295195	0.36772	0.08302	8554.15039	0.01953	11849	1	0.50048	0.13921	0	0.36477	0.07006	1	0.36477	0.07006	1	0.48983	0.53256	10.25740	1.06647	0	0.49104	0.53260	10.65347	1.07515	1	-0.00227	-0.00929	0.68829	0.00207	1	-0.00202	-0.00929	0.69223	0.00203	1	1.45898	0.81042	0	
1268373	8554.17676	3306341361877	0.36910	0.08562	8554.15039	0.02637	11849	1	0.50048	0.13921	0	0.37466	0.09601	1	0.37466	0.09601	1	0.48983	0.53256	10.25740	1.07515	0	0.49106	0.53244	10.44362	1.08383	1	-0.00227	-0.00929	0.68829	0.00207	1	-0.00202	-0.00929	0.69223	0.00206	1	1.45898	0.81042	0	
1268374	8554.18359	3306341429762	0.37245	0.08434	8554.15039	0.03320	11849	1	0.50048	0.13921	0	0.38919	0.07793	1	0.38919	0.07793	1	0.48983	0.53256	10.25740	1.08383	0	0.49114	0.53264	10.70160	1.09251	1	-0.00227	-0.00929	0.68829	0.00207	1	-0.00202	-0.00929	0.69223	0.00210	1	1.45898	0.81042	0	
1268375	8554.19043	3306341495807	0.37484	0.08342	8554.15039	0.04004	11849	1	0.50048	0.13921	0	0.38919	0.07793	1	0.38919	0.07793	1	0.48983	0.53256	10.25740	1.09251	0	0.49123	0.53251	10.92255	1.09251	1	-0.00227	-0.00929	0.68829	0.00207	1	-0.00196	-0.00924	0.68844	0.00217	1	1.45898	0.81042	0	
1268376	8554.19727	3306341563193	0.37492	0.08155	8554.15039	0.04688	11849	1	0.50048	0.13921	0	0.37544	0.06841	1	0.37544	0.06841	1	0.48983	0.53256	10.25740	1.09251	0	0.49106	0.53250	10.71114	1.08383	1	-0.00227	-0.00929	0.68829	0.00207	1	-0.00196	-0.00924	0.68844	0.00217	1	1.45898	0.81042	0	
1268377	8554.20312	3306341630243	0.37536	0.08330	8554.15039	0.05273	11849	1	0.50048	0.13921	0	0.37886	0.09737	1	0.37886	0.09737	1	0.48983	0.53256	10.25740	1.08383	0	0.49118	0.53265	10.66281	1.07515	1	-0.00227	-0.00929	0.68829	0.00207	1	-0.00196	-0.00924	0.68844	0.00218	1	1.45898	0.81042	0	
1268378	8554.20996	3306341697710	0.38189	0.08763	8554.15039	0.05957	11849	1	0.50255	0.15578	1	0.37886	0.09737	1	0.44071	0.12657	1	0.49122	0.53260	10.58668	1.07515	1	0.75198	0.55959	11.18885	1.07515	1	-0.00196	-0.00924	0.68844	0.00211	1	0.06788	-0.01464	0.70226	0.00399	1	1.45898	0.81042	0	
1268379	8554.21680	3306341764254	0.39073	0.10534	8554.15039	0.06641	11849	1	0.49831	0.14613	1	0.45989	0.41872	1	0.47910	0.28242	1	0.49111	0.53255	10.75209	1.07515	1	0.75201	0.55950	11.21247	1.08383	1	-0.00196	-0.00924	0.68844	0.00222	1	0.06788	-0.01464	0.70226	0.00391	1	1.45898	0.81042	0	
1268380	8554.22363	3306341831212	0.39906	0.12009	8554.15039	0.07324	11849	1	0.49240	0.13086	1	0.48905	0.43379	1	0.49072	0.28233	1	0.49112	0.53249	10.77920	1.08383	1	0.75206	0.55970	11.21888	1.09251	1	-0.00196	-0.00924	0.68844	0.00211	1	0.06788	-0.01464	0.70226	0.00395	1	1.45898	0.81042	0	
1268381	8554.23047	3306341898592	0.40609	0.13201	8554.15039	0.08008	11849	1	0.49130	0.12244	1	0.48947	0.42768	1	0.49038	0.27506	1	0.49120	0.53263	10.58471	1.09251	1	0.75201	0.55950	11.21247	1.10119	1	-0.00194	-0.00917	0.67947	0.00209	1	0.06788	-0.01464	0.70226	0.00391	1	1.45898	0.81042	0	
1268382	8554.23730	3306341963754	0.41169	0.14239	8554.15039	0.08691	11849	1	0.49037	0.11895	1	0.47872	0.43565	1	0.48455	0.27730	1	0.49114	0.53254	10.16451	1.10119	1	0.75187	0.55973	11.22367	1.10119	1	-0.00194	-0.00917	0.67947	0.00218	1	0.06788	-0.01464	0.70226	0.00400	1	1.45898	0.81042	0	
1268383	8554.24414	3306342032224	0.41704	0.15053	8554.15039	0.09375	11849	1	0.49904	0.11940	1	0.48479	0.40973	1	0.49191	0.26456	1	0.49122	0.53259	10.17840	1.10119	1	0.75201	0.55950	11.21247	1.10119	1	-0.00194	-0.00917	0.67947	0.00215	1	0.06788	-0.01464	0.70226	0.00391	1	1.45898	0.81042	0	
1268384	8554.25000	3306342099042	0.43972	0.18254	8554.15039	0.09375	11849	0	0.49904	0.11940	1	0.48479	0.40973	1	0.49191	0.26456	1	0.49128	0.53251	10.82491	1.10119	1	0.75201	0.55950	11.21247	1.10119	1	-0.00194	-0.00917	0.67947	0.00216	1	0.06788	-0.01464	0.70226	0.00391	1	1.45898	0.81042	0	
1268385	8554.25684	3306342166105	0.47252	0.22069	8554.15039	0.09375	11849	0	0.51323	0.12272	1	0.49743	0.39494	1	0.50533	0.25883	1	0.49140	0.53257	10.84182	1.10119	1	0.75217	0.55929	11.29787	1.10119	1	-0.00194	-0.00917	0.67947	0.00218	1	0.06788	-0.01464	0.70226	0.00380	1	1.45898	0.81042	0	
1268386	8554.26367	3306342232720	0.48107	0.23401	8554.15039	0.09375	11849	0	0.49889	0.12815	1	0.49744	0.39315	1	0.49817	0.26065	1	0.49122	0.53265	10.69823	1.10119	1	0.75220	0.55932	11.44802	1.10119	1	-0.00194	-0.00917	0.67947	0.00215	1	0.06788	-0.01464	0.70226	0.00372	1	1.45898	0.81042	0	
1268387	8554.27051	3306342297894	0.48528	0.24147	8554.25000	0.02051	11850	1	0.49889	0.12815	1	0.49696	0.39954	1	0.49793	0.26384	1	0.49120	0.53249	10.99661	1.10119	1	0.75222	0.55930	11.37671	1.09251	1	-0.00196	-0.00924	0.68844	0.00217	1	0.06528	-0.01407	0.67486	0.00379	1	1.45898	0.81042	0	
1268388	8554.27734	3306342364886	0.48859	0.24725	8554.25000	0.02734	11850	1	0.49767	0.15123	1	0.50594	0.38959	1	0.50181	0.27041	1	0.49111	0.53252	10.78051	1.09251	1	0.75228	0.55919	11.31419	1.08383	1	-0.00196	-0.00924	0.68844	0.00216	1	0.06528	-0.01407	0.67486	0.00381	1	1.45898	0.81042	0	
1268389	8554.28320	3306342431093	0.48965	0.25113	8554.25000	0.03320	11850	1	0.49862	0.13503	1	0.49124	0.40600	1	0.49493	0.27052	1	0.49115	0.53244	10.89872	1.08383	1	0.75213	0.55928	11.32020	1.07515	1	-0.00196	-0.00924	0.68844	0.00215	1	0.06528	-0.01407	0.67486	0.00380	1	1.45898	0.81042	0	
1268390	8554.29004	3306342498852	0.49049	0.25594	8554.25000	0.04004	11850	1	0.50065	0.15117	1	0.49039	0.41838	1	0.49552	0.28477	1	0.49104	0.53251	10.43451	1.06713	1	0.75211	0.55947	11.78020	1.05845	1	-0.00196	-0.00902	0.67152	0.00220	1	0.06527	-0.01409	0.67588	0.00374	1	1.45898	0.81042	0	
1268391	8554.29688	3306342567413	0.49098	0.26448	8554.25000	0.04688	11850	1	0.49423	0.18956	1	0.49461	0.45894	1	0.49442	0.32425	1	0.49098	0.53268	10.84670	1.05044	1	0.75217	0.55966	11.30082	1.05044	1	-0.00196	-0.00902	0.67152	0.00227	1	0.06527	-0.01409	0.67588	0.00397	1	1.45898	0.81042	0	
1268392	8554.30371	3306342630372	0.49081	0.27110	8554.25000	0.05371	11850	1	0.48914	0.18227	1	0.48976	0.46597	1	0.48945	0.32412	1	0.49105	0.53253	10.55716	1.04242	1	0.75209	0.55981	11.30551	1.04242	1	-0.00196	-0.00902	0.67152	0.00217	1	0.06527	-0.01409	0.67588	0.00386	1	1.45898	0.81042	0	
1268393	8554.31055	3306342698903	0.49067	0.27641	8554.25000	0.06055	11850	1	0.48914	0.18227	1	0.48976	0.46597	1	0.48945	0.32412	1	0.49098	0.53265	10.84674	1.04242	1	0.75215	0.55973	11.04673	1.04242	1	-0.00206	-0.00920	0.68556	0.00217	1	0.06527	-0.01409	0.67588	0.00387	1	1.45898	0.81042	0	
1268394	8554.31738	3306342764292	0.49075	0.28007	8554.25000	0.06738	11850	1	0.49884	0.16792	1	0.48429	0.46548	1	0.49156	0.31670	1	0.49107	0.53263	10.84074	1.05044	1	0.75205	0.55986	11.35202	1.05044	1	-0.00206	-0.00920	0.68556	0.00222	1	0.06527	-0.01409	0.67588	0.00381	1	1.45898	0.81042	0	
1268395	8554.32324	3306342831048	0.49110	0.28055	8554.25000	0.07324	11850	1	0.48892	0.17226	1	0.50097	0.39942	1	0.49494	0.28584	1	0.49104	0.53260	10.64513	1.05845	1	0.75227	0.55967	11.12054	1.05845	1	-0.00206	-0.00920	0.68556	0.00218	1	0.06527	-0.01409	0.67588	0.00390	1	1.45898	0.81042	0	
1268396	8554.33105	3306342901082	0.49138	0.28043	8554.25000	0.08105	11850	1	0.48786	0.16460	1	0.50145	0.39332	1	0.49466	0.27896	1	0.49102	0.53256	10.96263	1.06647	1	0.75221	0.55980	11.56579	1.06647	1	-0.00206	-0.00920	0.68556	0.00228	1	0.06586	-0.01424	0.68297	0.00390	1	1.45898	0.81042	0	
1268397	8554.33691	3306342969134	0.49139	0.28066	8554.25000	0.08691	11850	1	0.49117	0.13708	1	0.49185	0.43021	1	0.49151	0.28364	1	0.49097	0.53242	11.43382	1.06647	1	0.75213	0.55942	11.37848	1.06647	1	-0.00206	-0.00920	0.68556	0.00225	1	0.06586	-0.01424	0.68297	0.00401	1	1.45898	0.81042	0	
1268398	8554.34375	3306343036778	0.49155	0.28053	8554.25000	0.09375	11850	1	0.48579	0.15817	1	0.50205	0.39940	1	0.49392	0.27878	1	0.49100	0.53259	10.43571	1.06647	1	0.75225	0.55966	11.25945	1.06647	1	-0.00206	-0.00920	0.68556	0.00219	1	0.06586	-0.01424	0.68297	0.00398	1	1.45898	0.81042	0	
1268399	8554.35059	3306343103922	0.49168	0.27994	8554.25000	0.10059	11850	1	0.48458	0.14943	1	0.50260	0.39254	1	0.49359	0.27099	1	0.49145	0.53278	10.58444	1.07556	1	0.75245	0.55996	11.68456	1.07556	1	-0.00202	-0.00935	0.69223	0.00216	1	0.06578	-0.01425	0.68112	0.00382	1	1.45898	0.81042	0	
1268400	8554.35742	3306343170867	0.49289	0.27818	8554.25000	0.10742	11850	1	0.51645	0.16328	1	0.50787	0.33693	1	0.51216	0.25011	1	0.49145	0.53282	10.68317	1.08464	1	0.75231	0.55967	11.90489	1.08464	1	-0.00202	-0.00935	0.69223	0.00216	1	0.06578	-0.01425	0.68112	0.00385	1	1.45898	0.81042	0	
1268401	8554.36426	3306343237264	0.49342	0.27603	8554.25000	0.11426	11850	1	0.50177	0.13942	1	0.50341	0.33949	1	0.50259	0.23945	1	0.49127	0.53271	10.54694	1.09373	1	0.75227	0.55969	12.11336	1.09373	1	-0.00202	-0.00935	0.69223	0.00222	1	0.06578	-0.01425	0.68112	0.00383	1	1.45898	0.81042	0	
1268402	8554.37109	3306343304524	0.49391	0.27410	8554.25000	0.12109	11850	1	0.50177	0.13942	1	0.50341	0.33949	1	0.50259	0.23945	1	0.49102	0.53275	10.65270	1.09373	1	0.75210	0.55998	11.36626	1.09373	1	-0.00204	-0.00919	0.68095	0.00221	1	0.06578	-0.01425	0.68112	0.00374	1	1.45898	0.81042	0	
1268403	8554.37793	3306343371030	0.49471	0.27349	8554.25000	0.12793	11850	1	0.51906	0.15720	1	0.50085	0.36657	1	0.50995	0.26189	1	0.49112	0.53275	10.54810	1.08464	1	0.75214	0.55999	11.10907	1.08464	1	-0.00204	-0.00919	0.68095	0.00217	1	0.06578	-0.01425	0.68112	0.00385	1	1.45898	0.81042	0	
1268404	8554.38477	3306343438703	0.49501	0.27257	8554.25000	0.13477	11850	1	0.50978	0.15598	1	0.49206	0.35214	1	0.50092	0.25406	1	0.49100	0.53284	10.55864	1.07556	1	0.75213	0.55969	11.02532	1.07556	1	-0.00204	-0.00919	0.68095	0.00216	1	0.06578	-0.01425	0.68112	0.00393	1	1.45898	0.81042	0	
1268405	8554.39062	3306343504115	0.49529	0.27209	8554.25000	0.14062	11850	1	0.51082	0.16464	1	0.49159	0.35933	1	0.50120	0.26198	1	0.49096	0.53301	10.83026	1.06647	1	0.75178	0.56028	11.75372	1.06647	1	-0.00206	-0.00931	0.68556	0.00212	1	0.06547	-0.01421	0.67896	0.00404	1	1.45898	0.81042	0	
1268406	8554.39746	3306343572376	0.49537	0.27235	8554.25000	0.14746	11850	1	0.51357	0.13812	1	0.48063	0.41822	1	0.49710	0.27817	1	0.49101	0.53290	10.94882	1.06647	1	0.75195	0.56038	11.23819	1.06647	1	-0.00206	-0.00931	0.68556	0.00214	1	0.06547	-0.01421	0.67896	0.00396	1	1.45898	0.81042	0	
1268407	8554.40430	3306343639126	0.49602	0.27283	8554.25000	0.15430	11850	1	0.53674	0.13698	1	0.48564	0.43053	1	0.51119	0.28376	1	0.49101	0.53290	10.94882	1.06647	1	0.75202	0.56048	11.40170	1.06647	1	-0.00206	-0.00931	0.68556	0.00214	1	0.06547	-0.01421	0.67896	0.00395	1	1.45898	0.81042	0	
1268408	8554.41113	3306343705362	0.49563	0.27888	8554.25000	0.16113	11850	1	0.53674	0.13698	0	0.48604	0.42425	1	0.48604	0.42425	1	0.49101	0.53290	10.94882	1.06647	0	0.49086	0.53310	11.06425	1.07515	1	-0.00206	-0.00931	0.68556	0.00214	1	-0.00217	-0.00966	0.70743	0.00216	1	1.45898	0.81042	0	
1268409	8554.41797	3306343773539	0.49178	0.27155	8554.25000	0.16797	11850	1	0.53674	0.13698	0	0.39570	0.08816	1	0.39570	0.08816	1	0.49101	0.53290	10.94882	1.07515	0	0.49073	0.53311	10.89057	1.08383	1	-0.00206	-0.00931	0.68556	0.00214	1	-0.00217	-0.00966	0.70743	0.00221	1	1.45898	0.81042	0	
1268410	8554.42480	3306343840651	0.48865	0.26455	8554.25000	0.17480	11850	1	0.53674	0.13698	0	0.40715	0.08273	1	0.40715	0.08273	1	0.49101	0.53290	10.94882	1.08383	0	0.49078	0.53310	10.72044	1.09251	1	-0.00206	-0.00931	0.68556	0.00214	1	-0.00217	-0.00966	0.70743	0.00221	1	1.45898	0.81042	0	
1268411	8554.43164	3306343907482	0.47781	0.22889	8554.25000	0.17480	11850	0	0.53674	0.13698	0	0.40715	0.08273	1	0.40715	0.08273	1	0.49101	0.53290	10.94882	1.09251	0	0.49054	0.53328	10.91463	1.09251	1	-0.00206	-0.00931	0.68556	0.00214	1	-0.00214	-0.00927	0.67881	0.00222	1	1.45898	0.81042	0	
1268412	8554.43750	3306343974501	0.43299	0.17346	8554.25000	0.17480	11850	0	0.53674	0.13698	0	0.38817	0.11802	1	0.38817	0.11802	1	0.49101	0.53290	10.94882	1.09251	0	0.49063	0.53330	10.91481	1.08383	1	-0.00206	-0.00931	0.68556	0.00214	1	-0.00214	-0.00927	0.67881	0.00226	1	1.45898	0.81042	0	
1268413	8554.44434	3306344041311	0.42023	0.15562	8554.25000	0.17480	11850	0	0.53674	0.13698	0	0.39470	0.11994	1	0.39470	0.11994	1	0.49101	0.53290	10.94882	1.08383	0	0.49060	0.53334	11.03617	1.07515	1	-0.00206	-0.00931	0.68556	0.00214	1	-0.00214	-0.00927	0.67881	0.00230	1	1.45898	0.81042	0	
1268414	8554.45117	3306344108609	0.39262	0.12218	8554.25000	0.17480	11850	0	0.53674	0.13698	0	0.39500	0.12860	1	0.39500	0.12860	1	0.49101	0.53290	10.94882	1.07515	0	0.49036	0.53337	11.27649	1.06647	1	-0.00206	-0.00931	0.68556	0.00214	1	-0.00227	-0.00940	0.68828	0.00213	1	1.45898	0.81042	0	
1268415	8554.45801	3306344175561	0.39669	0.12830	8554.25000	0.17480	11850	0	0.53674	0.13698	0	0.40076	0.13441	1	0.40076	0.13441	1	0.49101	0.53290	10.94882	1.06647	0	0.49035	0.53345	10.90389	1.06647	1	-0.00206	-0.00931	0.68556	0.00214	1	-0.00227	-0.00940	0.68828	0.00216	1	1.45898	0.81042	0	
1268416	8554.46484	3306344242444	0.40101	0.13527	8554.25000	0.17480	11850	0	0.53674	0.13698	0	0.40966	0.14922	1	0.40966	0.14922	1	0.49101	0.53290	10.94882	1.06647	0	0.49033	0.53341	10.96870	1.06647	1	-0.00206	-0.00931	0.68556	0.00214	1	-0.00227	-0.00940	0.68828	0.00216	1	1.45898	0.81042	0	
1268417	8554.47168	3306344309305	0.40313	0.13663	8554.45117	0.02051	11851	1	0.53674	0.13698	0	0.40947	0.14072	1	0.40947	0.14072	1	0.49101	0.53290	10.94882	1.06647	0	0.49043	0.53341	10.99251	1.07515	1	-0.00206	-0.00931	0.68556	0.00214	1	-0.00228	-0.00969	0.70586	0.00222	1	1.45898	0.81042	0	
1268418	8554.47754	3306344373559	0.42728	0.16578	8554.45117	0.02637	11851	1	0.52984	0.18250	1	0.51794	0.38223	1	0.52389	0.28236	1	0.49039	0.53336	10.88041	1.07515	1	0.75167	0.56002	12.21370	1.08383	1	-0.00206	-0.00931	0.68556	0.00221	1	-0.00228	-0.00969	0.70586	0.00369	1	1.45898	0.81042	0	
1268419	8554.48438	3306344441026	0.44370	0.19520	8554.45117	0.03320	11851	1	0.53051	0.28577	1	0.52106	0.39888	1	0.52578	0.34233	1	0.49037	0.53480	10.11222	1.08383	1	0.75186	0.56039	12.13667	1.09251	1	-0.00206	-0.00931	0.68556	0.00355	1	-0.00228	-0.00969	0.70586	0.00365	1	1.45898	0.81042	0	
1268420	8554.49121	3306344506206	0.45536	0.21571	8554.45117	0.04004	11851	1	0.52966	0.27861	1	0.52106	0.39888	1	0.52536	0.33875	1	0.49042	0.53334	10.93700	1.09251	1	0.75161	0.56003	12.29380	1.09251	1	-0.00227	-0.00940	0.68828	0.00220	1	0.06538	-0.01426	0.67906	0.00372	1	1.45898	0.81042	0	
1268421	8554.49805	3306344575177	0.46090	0.22433	8554.45117	0.04688	11851	1	0.49692	0.17285	1	0.50238	0.39648	1	0.49965	0.28466	1	0.49040	0.53347	11.03765	1.09251	1	0.75152	0.56018	12.24965	1.08383	1	-0.00227	-0.00940	0.68828	0.00220	1	0.06538	-0.01426	0.67906	0.00373	1	1.45898	0.81042	0	
1268422	8554.50488	3306344640087	0.46531	0.23899	8554.45117	0.05371	11851	1	0.51518	0.31411	1	0.48594	0.39841	1	0.50056	0.35626	1	0.49055	0.53508	10.40211	1.08383	1	0.75166	0.56009	12.27202	1.07515	1	-0.00227	-0.00940	0.68828	0.00343	1	0.06538	-0.01426	0.67906	0.00375	1	1.45898	0.81042	0	
1268423	8554.51172	3306344707655	0.46885	0.25036	8554.45117	0.06055	11851	1	0.51514	0.31379	1	0.48636	0.39161	1	0.50075	0.35270	1	0.49037	0.53511	10.16382	1.08424	1	0.75189	0.56025	11.97560	1.08424	1	-0.00228	-0.00963	0.70586	0.00359	1	0.06698	-0.01460	0.69515	0.00372	1	1.45898	0.81042	0	
1268424	8554.51855	3306344778544	0.47268	0.26016	8554.45117	0.06738	11851	1	0.51802	0.33816	1	0.50400	0.37810	1	0.51101	0.35813	1	0.49065	0.53542	11.18313	1.09332	1	0.75189	0.56014	11.91664	1.10200	1	-0.00228	-0.00963	0.70586	0.00338	1	0.06698	-0.01460	0.69515	0.00377	1	1.45898	0.81042	0	
1268425	8554.52539	3306344845447	0.47511	0.26377	8554.45117	0.07422	11851	1	0.50545	0.26536	1	0.49823	0.34156	1	0.50184	0.30346	1	0.49045	0.53478	10.52892	1.11109	1	0.75180	0.55998	12.08140	1.11977	1	-0.00228	-0.00963	0.70586	0.00371	1	0.06698	-0.01460	0.69515	0.00380	1	1.45898	0.81042	0	
1268426	8554.53125	3306344912239	0.47713	0.26654	8554.45117	0.08008	11851	1	0.50446	0.25821	1	0.49823	0.34156	1	0.50135	0.29988	1	0.49054	0.53309	11.43235	1.11977	1	0.75146	0.56025	12.47062	1.11977	1	-0.00214	-0.00927	0.67881	0.00216	1	0.06586	-0.01434	0.68297	0.00389	1	1.45898	0.81042	0	
1268427	8554.53809	3306344979256	0.49138	0.29301	8554.45117	0.08008	11851	0	0.51380	0.22075	1	0.46060	0.39464	1	0.48720	0.30770	1	0.49062	0.53427	10.38700	1.11068	1	0.75163	0.56033	12.46334	1.10200	1	-0.00214	-0.00927	0.67881	0.00385	1	0.06586	-0.01434	0.68297	0.00393	1	1.45898	0.81042	0	
1268428	8554.54492	3306345046062	0.49036	0.29937	8554.45117	0.08008	11851	0	0.51878	0.19358	1	0.45992	0.41788	1	0.48935	0.30573	1	0.49065	0.53374	10.54436	1.09292	1	0.75158	0.56054	12.39228	1.08424	1	-0.00214	-0.00927	0.67881	0.00390	1	0.06586	-0.01434	0.68297	0.00382	1	1.45898	0.81042	0	
1268429	8554.55176	3306345112758	0.49027	0.30630	8554.45117	0.08008	11851	0	0.52066	0.20963	1	0.45951	0.43070	1	0.49009	0.32016	1	0.49112	0.53518	10.51098	1.07515	1	0.75232	0.56036	11.34504	1.06647	1	-0.00204	-0.00929	0.68095	0.00339	1	0.06547	-0.01421	0.67896	0.00400	1	1.45898	0.81042	0	
1268430	8554.55859	3306345180886	0.49771	0.32045	8554.53809	0.02051	11852	1	0.54168	0.32428	1	0.49836	0.40149	1	0.52002	0.36288	1	0.49090	0.53468	10.64734	1.06647	1	0.75219	0.55998	11.58358	1.06647	1	-0.00204	-0.00929	0.68095	0.00341	1	0.06547	-0.01421	0.67896	0.00385	1	1.45898	0.81042	0	
1268431	8554.56543	3306345245749	0.50188	0.33484	8554.53809	0.02734	11852	1	0.55237	0.36542	1	0.48472	0.41936	1	0.51854	0.39239	1	0.49105	0.53502	11.26497	1.06647	1	0.75198	0.56013	12.08999	1.06647	1	-0.00204	-0.00929	0.68095	0.00348	1	0.06547	-0.01421	0.67896	0.00373	1	1.45898	0.81042	0	
1268432	8554.57227	3306345313968	0.50465	0.34443	8554.53809	0.03418	11852	1	0.55237	0.36542	1	0.48472	0.41936	1	0.51854	0.39239	1	0.49113	0.53318	11.48572	1.06647	1	0.75243	0.55994	12.20220	1.06647	1	-0.00204	-0.00929	0.68095	0.00232	1	0.06578	-0.01425	0.68112	0.00380	1	1.45898	0.81042	0	
1268433	8554.57910	3306345381743	0.50947	0.34579	8554.53809	0.04102	11852	1	0.56446	0.36786	1	0.51222	0.34001	1	0.53834	0.35393	1	0.49160	0.53522	10.86722	1.06647	1	0.75244	0.55965	12.09638	1.06647	1	-0.00204	-0.00929	0.68095	0.00374	1	0.06578	-0.01425	0.68112	0.00387	1	1.45898	0.81042	0	
1268434	8554.58496	3306345448833	0.50828	0.34668	8554.53809	0.04688	11852	1	0.50654	0.32989	1	0.49340	0.37597	1	0.49997	0.35293	1	0.49116	0.53436	10.46132	1.06647	1	0.75254	0.55998	12.11527	1.06647	1	-0.00204	-0.00929	0.68095	0.00373	1	0.06578	-0.01425	0.68112	0.00378	1	1.45898	0.81042	0	
1268435	8554.59180	3306345516336	0.50736	0.34737	8554.53809	0.05371	11852	1	0.50654	0.32989	1	0.49340	0.37597	1	0.49997	0.35293	1	0.49156	0.53537	11.03963	1.06647	1	0.75203	0.56009	12.73073	1.06647	1	-0.00206	-0.00931	0.68556	0.00347	1	0.06605	-0.01429	0.68288	0.00383	1	1.45898	0.81042	0	
1268436	8554.59863	3306345582232	0.50668	0.34074	8554.53809	0.06055	11852	1	0.50821	0.20935	1	0.49304	0.35281	1	0.50063	0.28108	1	0.49119	0.53299	11.34719	1.06647	1	0.75246	0.55970	12.10760	1.06647	1	-0.00206	-0.00931	0.68556	0.00228	1	0.06605	-0.01429	0.68288	0.00388	1	1.45898	0.81042	0	
1268437	8554.60547	3306345649772	0.50459	0.33432	8554.53809	0.06738	11852	1	0.49866	0.18202	1	0.46874	0.35816	1	0.48370	0.27009	1	0.49108	0.53287	11.25910	1.06647	1	0.75251	0.55965	11.93063	1.06647	1	-0.00206	-0.00931	0.68556	0.00226	1	0.06605	-0.01429	0.68288	0.00391	1	1.45898	0.81042	0	
1268438	8554.61230	3306345716119	0.50285	0.32897	8554.53809	0.07422	11852	1	0.49866	0.18202	1	0.46874	0.35816	1	0.48370	0.27009	1	0.49167	0.53481	11.22712	1.06647	1	0.75249	0.55988	12.34624	1.06647	1	-0.00196	-0.00935	0.68844	0.00353	1	0.06605	-0.01429	0.68288	0.00399	1	1.45898	0.81042	0	
1268439	8554.61914	3306345783230	0.50304	0.33072	8554.53809	0.08105	11852	1	0.52795	0.31380	1	0.48256	0.38976	1	0.50525	0.35178	1	0.49154	0.53441	10.85975	1.06647	1	0.75272	0.55996	12.09906	1.06647	1	-0.00196	-0.00935	0.68844	0.00365	1	0.06605	-0.01429	0.68288	0.00409	1	1.45898	0.81042	0	
1268440	8554.62500	3306345849373	0.50257	0.33296	8554.53809	0.08691	11852	1	0.52857	0.31190	1	0.46439	0.41211	1	0.49648	0.36200	1	0.49151	0.53445	10.93175	1.06647	1	0.75239	0.56021	12.43986	1.06647	1	-0.00196	-0.00935	0.68844	0.00361	1	0.06605	-0.01429	0.68288	0.00396	1	1.45898	0.81042	0	
1268441	8554.63184	3306345916942	0.50214	0.33442	8554.53809	0.09375	11852	1	0.52766	0.30450	1	0.46463	0.40539	1	0.49615	0.35495	1	0.49188	0.53435	10.35331	1.07556	1	0.75268	0.56037	12.06303	1.07556	1	-0.00197	-0.00954	0.71096	0.00375	1	0.06605	-0.01429	0.68288	0.00394	1	1.45898	0.81042	0	
1268442	8554.63867	3306345984054	0.50358	0.33625	8554.53809	0.10059	11852	1	0.55031	0.36192	1	0.49997	0.36530	1	0.52514	0.36361	1	0.49226	0.53509	10.86819	1.08464	1	0.75296	0.55993	11.49902	1.08464	1	-0.00197	-0.00954	0.71096	0.00377	1	0.06605	-0.01429	0.68288	0.00384	1	1.45898	0.81042	0	
1268443	8554.64551	3306346051139	0.50349	0.33569	8554.53809	0.10742	11852	1	0.52933	0.29051	1	0.47478	0.36313	1	0.50205	0.32682	1	0.49197	0.53443	10.29044	1.09373	1	0.75300	0.56000	12.57128	1.09373	1	-0.00197	-0.00954	0.71096	0.00378	1	0.06605	-0.01429	0.68288	0.00381	1	1.45898	0.81042	0	
1268444	8554.65234	3306346118558	0.50339	0.33496	8554.53809	0.11426	11852	1	0.52845	0.28312	1	0.47483	0.36204	1	0.50164	0.32258	1	0.49266	0.53485	11.28051	1.10281	1	0.75325	0.55932	12.17181	1.09515	1	-0.00182	-0.00931	0.69345	0.00371	1	0.06420	-0.01391	0.66219	0.00406	1	1.45898	0.81042	0	
1268445	8554.65918	3306346184705	0.50415	0.33509	8554.53809	0.12109	11852	1	0.55475	0.33138	1	0.48111	0.34335	1	0.51793	0.33737	1	0.49268	0.53483	11.33077	1.09515	1	0.75311	0.55956	12.39041	1.08749	1	-0.00182	-0.00931	0.69345	0.00363	1	0.06420	-0.01391	0.66219	0.00408	1	1.45898	0.81042	0	
1268446	8554.66602	3306346251564	0.50416	0.33494	8554.53809	0.12793	11852	1	0.53372	0.31111	1	0.47494	0.35305	1	0.50433	0.33208	1	0.49246	0.53447	11.49640	1.08749	1	0.75333	0.55985	12.19053	1.07983	1	-0.00182	-0.00931	0.69345	0.00340	1	0.06420	-0.01391	0.66219	0.00409	1	1.45898	0.81042	0	
1268447	8554.67188	3306346316205	0.50419	0.33495	8554.53809	0.13379	11852	1	0.53445	0.31723	1	0.47494	0.35305	1	0.50469	0.33514	1	0.49248	0.53463	11.40685	1.07983	1	0.75328	0.55989	12.18243	1.07983	1	-0.00175	-0.00951	0.70806	0.00359	1	0.06556	-0.01414	0.67567	0.00410	1	1.45898	0.81042	0	
1268448	8554.67871	3306346384403	0.50441	0.33601	8554.53809	0.14062	11852	1	0.52910	0.32878	1	0.48913	0.38791	1	0.50911	0.35835	1	0.49227	0.53427	11.01741	1.07983	1	0.75359	0.56015	12.85599	1.08749	1	-0.00175	-0.00951	0.70806	0.00359	1	0.06556	-0.01414	0.67567	0.00399	1	1.45898	0.81042	0	
1268449	8554.68555	3306346448985	0.50399	0.33593	8554.53809	0.14746	11852	1	0.50366	0.32999	1	0.48583	0.33797	1	0.49475	0.33398	1	0.49223	0.53427	10.94444	1.08749	1	0.75349	0.55956	12.05490	1.09515	1	-0.00175	-0.00951	0.70806	0.00375	1	0.06556	-0.01414	0.67567	0.00386	1	1.45898	0.81042	0	
1268450	8554.69238	3306346517886	0.50360	0.33602	8554.53809	0.15430	11852	1	0.50383	0.33110	1	0.48542	0.34515	1	0.49463	0.33812	1	0.49223	0.53417	11.05411	1.08607	1	0.75400	0.55997	12.19138	1.08607	1	-0.00165	-0.00920	0.68906	0.00394	1	0.06441	-0.01388	0.66331	0.00383	1	1.45898	0.81042	0	
1268451	8554.69922	3306346584608	0.50394	0.33667	8554.53809	0.16113	11852	1	0.55763	0.31359	1	0.46668	0.39130	1	0.51216	0.35245	1	0.49314	0.53405	11.42355	1.07698	1	0.75371	0.56019	12.70860	1.06932	1	-0.00165	-0.00920	0.68906	0.00350	1	0.06441	-0.01388	0.66331	0.00383	1	1.45898	0.81042	0	
1268452	8554.70508	3306346649432	0.50413	0.33814	8554.53809	0.16699	11852	1	0.53564	0.35184	1	0.48223	0.39766	1	0.50893	0.37475	1	0.49318	0.53443	11.27316	1.06024	1	0.75389	0.56010	12.76091	1.05258	1	-0.00165	-0.00920	0.68906	0.00337	1	0.06441	-0.01388	0.66331	0.00381	1	1.45898	0.81042	0	
1268453	8554.71191	3306346716865	0.50433	0.33961	8554.53809	0.17383	11852	1	0.53637	0.35782	1	0.48223	0.39766	1	0.50930	0.37774	1	0.49330	0.53450	11.24541	1.05258	1	0.75406	0.55981	12.33780	1.05258	1	-0.00154	-0.00943	0.70672	0.00334	1	0.06606	-0.01425	0.67870	0.00412	1	1.45898	0.81042	0	
1268454	8554.71875	3306346785972	0.50455	0.34165	8554.53809	0.18066	11852	1	0.55478	0.41124	1	0.46669	0.38273	1	0.51074	0.39698	1	0.49342	0.53490	12.05584	1.06166	1	0.75406	0.56001	12.52690	1.06932	1	-0.00154	-0.00943	0.70672	0.00337	1	0.06606	-0.01425	0.67870	0.00401	1	1.45898	0.81042	0	
1268455	8554.72559	3306346852877	0.50487	0.34274	8554.53809	0.18750	11852	1	0.54506	0.36003	1	0.48228	0.38646	1	0.51367	0.37325	1	0.49337	0.53452	11.56512	1.07841	1	0.75422	0.56013	12.38580	1.08607	1	-0.00154	-0.00943	0.70672	0.00343	1	0.06606	-0.01425	0.67870	0.00403	1	1.45898	0.81042	0	
1268456	8554.73242	3306346917841	0.50516	0.34357	8554.53809	0.19434	11852	1	0.54440	0.35422	1	0.48260	0.38071	1	0.51350	0.36746	1	0.49307	0.53409	11.57924	1.08607	1	0.75471	0.55954	12.32699	1.09373	1	-0.00143	-0.00907	0.67906	0.00336	1	0.06605	-0.01420	0.67862	0.00396	1	1.45898	0.81042	0	
1268457	8554.73926	3306346985901	0.50532	0.34333	8554.53809	0.20117	11852	1	0.51198	0.31612	1	0.50869	0.35632	1	0.51034	0.33622	1	0.49323	0.53398	11.37820	1.08464	1	0.75470	0.55973	12.37423	1.08464	1	-0.00143	-0.00907	0.67906	0.00332	1	0.06605	-0.01420	0.67862	0.00390	1	1.45898	0.81042	0	
1268458	8554.74609	3306347051614	0.50512	0.34087	8554.53809	0.20801	11852	1	0.51919	0.15758	1	0.47815	0.37149	1	0.49867	0.26453	1	0.49337	0.53217	11.79205	1.07556	1	0.75456	0.55996	12.95160	1.07556	1	-0.00143	-0.00907	0.67906	0.00240	1	0.06605	-0.01420	0.67862	0.00380	1	1.45898	0.81042	0	
1268459	8554.75293	3306347120135	0.50492	0.33864	8554.53809	0.21484	11852	1	0.51919	0.15758	1	0.47785	0.37740	1	0.49852	0.26749	1	0.49358	0.53232	11.38716	1.07556	1	0.75484	0.56001	12.47443	1.06790	1	-0.00142	-0.00937	0.70191	0.00234	1	0.06515	-0.01403	0.66786	0.00382	1	1.45898	0.81042	0	
1268460	8554.75977	3306347189774	0.50497	0.33953	8554.53809	0.22168	11852	1	0.51807	0.36435	1	0.49551	0.37292	1	0.50679	0.36863	1	0.49368	0.53436	12.03470	1.07698	1	0.75484	0.55979	12.04879	1.06932	1	-0.00142	-0.00937	0.70191	0.00340	1	0.06515	-0.01403	0.66786	0.00387	1	1.45898	0.81042	0	
1268461	8554.76562	3306347256262	0.50532	0.34056	8554.53809	0.22754	11852	1	0.54830	0.33688	1	0.48587	0.41458	1	0.51709	0.37573	1	0.49376	0.53440	12.06005	1.07841	1	0.75474	0.56013	12.53665	1.07075	1	-0.00142	-0.00937	0.70191	0.00337	1	0.06515	-0.01403	0.66786	0.00380	1	1.45898	0.81042	0	
1268462	8554.77246	3306347323604	0.50566	0.34153	8554.53809	0.23438	11852	1	0.54895	0.34286	1	0.48627	0.40819	1	0.51761	0.37553	1	0.49327	0.53408	11.34719	1.07075	1	0.75469	0.55994	12.69951	1.07943	1	-0.00143	-0.00907	0.67906	0.00342	1	0.06838	-0.01472	0.70094	0.00378	1	1.45898	0.81042	0	
1268463	8554.77930	3306347390705	0.50489	0.34221	8554.53809	0.24121	11852	1	0.49049	0.35233	1	0.46404	0.38116	1	0.47727	0.36674	1	0.49317	0.53437	11.18696	1.07034	1	0.75441	0.55995	13.16838	1.08668	1	-0.00143	-0.00907	0.67906	0.00348	1	0.06838	-0.01472	0.70094	0.00385	1	1.45898	0.81042	0	
1268464	8554.78613	3306347457724	0.50437	0.33988	8554.53809	0.24805	11852	1	0.49035	0.16629	1	0.48013	0.34039	1	0.48524	0.25334	1	0.49327	0.53231	11.52839	1.07760	1	0.75462	0.55980	12.94760	1.09394	1	-0.00143	-0.00907	0.67906	0.00234	1	0.06838	-0.01472	0.70094	0.00381	1	1.45898	0.81042	0	
1268465	8554.79297	3306347524648	0.50387	0.33758	8554.53809	0.25488	11852	1	0.48941	0.15945	1	0.48007	0.34151	1	0.48474	0.25048	1	0.49392	0.53458	11.80618	1.08485	1	0.75474	0.55962	12.28265	1.09251	1	-0.00132	-0.00904	0.67752	0.00341	1	0.06675	-0.01441	0.68371	0.00411	1	1.45898	0.81042	0	
1268466	8554.79980	3306347591821	0.50399	0.33807	8554.53809	0.26172	11852	1	0.52713	0.32199	1	0.49040	0.39191	1	0.50876	0.35695	1	0.49381	0.53442	11.90748	1.09251	1	0.75479	0.56017	12.41180	1.08383	1	-0.00132	-0.00904	0.67752	0.00340	1	0.06675	-0.01441	0.68371	0.00396	1	1.45898	0.81042	0	
1268467	8554.80664	3306347658350	0.50393	0.33837	8554.53809	0.26855	11852	1	0.53969	0.34625	1	0.46322	0.35435	1	0.50146	0.35030	1	0.49402	0.53445	11.65269	1.08383	1	0.75476	0.55984	12.29015	1.07515	1	-0.00132	-0.00904	0.67752	0.00343	1	0.06675	-0.01441	0.68371	0.00409	1	1.45898	0.81042	0	
1268468	8554.81348	3306347725497	0.50387	0.33864	8554.53809	0.27539	11852	1	0.53965	0.34594	1	0.46323	0.35403	1	0.50144	0.34998	1	0.49374	0.53367	10.95995	1.08424	1	0.75470	0.56015	12.39454	1.07556	1	-0.00131	-0.00930	0.69684	0.00381	1	0.06675	-0.01441	0.68371	0.00401	1	1.45898	0.81042	0	
1268469	8554.81934	3306347790923	0.50388	0.33924	8554.53809	0.28125	11852	1	0.53990	0.33423	1	0.46820	0.39407	1	0.50405	0.36415	1	0.49405	0.53425	11.35711	1.08464	1	0.75482	0.56027	12.45474	1.08464	1	-0.00131	-0.00930	0.69684	0.00378	1	0.06675	-0.01441	0.68371	0.00397	1	1.45898	0.81042	0	
1268470	8554.82617	3306347859013	0.50360	0.33973	8554.53809	0.28809	11852	1	0.52189	0.30606	1	0.46191	0.41554	1	0.49190	0.36080	1	0.49380	0.53404	11.00030	1.09373	1	0.75475	0.56047	13.05325	1.09373	1	-0.00131	-0.00930	0.69684	0.00379	1	0.06675	-0.01441	0.68371	0.00386	1	1.45898	0.81042	0	
1268471	8554.83301	3306347926660	0.50334	0.34019	8554.53809	0.29492	11852	1	0.52189	0.30606	1	0.46191	0.41554	1	0.49190	0.36080	1	0.49388	0.53384	10.78382	1.09373	1	0.75486	0.56047	12.65913	1.09373	1	-0.00120	-0.00887	0.66433	0.00386	1	0.06675	-0.01441	0.68371	0.00387	1	1.45898	0.81042	0	
1268472	8554.83984	3306347993681	0.50327	0.34084	8554.53809	0.30176	11852	1	0.53836	0.32489	1	0.46146	0.41469	1	0.49991	0.36979	1	0.49402	0.53446	11.43870	1.08464	1	0.75479	0.56043	12.72392	1.08464	1	-0.00120	-0.00887	0.66433	0.00380	1	0.06675	-0.01441	0.68371	0.00375	1	1.45898	0.81042	0	
1268473	8554.84668	3306348060602	0.50328	0.34166	8554.53809	0.30859	11852	1	0.52394	0.32917	1	0.48337	0.42969	1	0.50366	0.37943	1	0.49378	0.53422	11.20964	1.07556	1	0.75512	0.56048	12.44501	1.07556	1	-0.00120	-0.00887	0.66433	0.00379	1	0.06675	-0.01441	0.68371	0.00364	1	1.45898	0.81042	0	
1268474	8554.85352	3306348127409	0.50329	0.34259	8554.53809	0.31543	11852	1	0.52488	0.33636	1	0.48297	0.43622	1	0.50393	0.38629	1	0.49383	0.53390	11.12163	1.06647	1	0.75505	0.56025	12.27201	1.06647	1	-0.00120	-0.00892	0.66433	0.00377	1	0.06675	-0.01441	0.68371	0.00366	1	1.45898	0.81042	0	
1268475	8554.86035	3306348194579	0.50386	0.34439	8554.53809	0.32227	11852	1	0.54821	0.34410	1	0.48947	0.41505	1	0.51884	0.37958	1	0.49408	0.53436	11.21937	1.06647	1	0.75521	0.56035	12.70192	1.06647	1	-0.00120	-0.00892	0.66433	0.00370	1	0.06675	-0.01441	0.68371	0.00363	1	1.45898	0.81042	0	
1268476	8554.86621	3306348261124	0.50407	0.34570	8554.53809	0.32812	11852	1	0.51384	0.35494	1	0.48495	0.38168	1	0.49939	0.36831	1	0.49398	0.53436	11.58372	1.06647	1	0.75511	0.55993	12.21562	1.06647	1	-0.00120	-0.00892	0.66433	0.00378	1	0.06675	-0.01441	0.68371	0.00368	1	1.45898	0.81042	0	
1268477	8554.87305	3306348328389	0.50427	0.34663	8554.53809	0.33496	11852	1	0.51384	0.35494	1	0.48534	0.37500	1	0.49959	0.36497	1	0.49379	0.53351	10.79196	1.06647	1	0.75516	0.56033	13.28799	1.07515	1	-0.00120	-0.00892	0.66433	0.00400	1	0.06910	-0.01488	0.70616	0.00366	1	1.45898	0.81042	0	
1268478	8554.87988	3306348395437	0.50381	0.34634	8554.53809	0.34180	11852	1	0.52299	0.32238	1	0.47329	0.37559	1	0.49814	0.34899	1	0.49409	0.53422	11.10211	1.07515	1	0.75528	0.55987	12.75630	1.08383	1	-0.00120	-0.00892	0.66433	0.00378	1	0.06910	-0.01488	0.70616	0.00366	1	1.45898	0.81042	0	
1268479	8554.88672	3306348462198	0.50328	0.34517	8554.53809	0.34863	11852	1	0.50908	0.35836	1	0.47634	0.31405	1	0.49271	0.33620	1	0.49397	0.53452	11.01702	1.08383	1	0.75529	0.55949	12.67590	1.09251	1	-0.00120	-0.00892	0.66433	0.00371	1	0.06910	-0.01488	0.70616	0.00392	1	1.45898	0.81042	0	
1268480	8554.89355	3306348529688	0.50273	0.34386	8554.53809	0.35547	11852	1	0.50808	0.35177	1	0.47666	0.30700	1	0.49237	0.32938	1	0.49393	0.53450	11.32490	1.09251	1	0.75535	0.55959	12.64351	1.10119	1	-0.00120	-0.00897	0.66433	0.00383	1	0.06941	-0.01500	0.70934	0.00379	1	1.45898	0.81042	0	
1268481	8554.90039	3306348595708	0.50206	0.34333	8554.53809	0.36230	11852	1	0.53361	0.33746	1	0.47869	0.31945	1	0.50615	0.32845	1	0.49425	0.53447	11.54734	1.10119	1	0.75532	0.55963	12.84470	1.10119	1	-0.00120	-0.00897	0.66433	0.00372	1	0.06941	-0.01500	0.70934	0.00374	1	1.45898	0.81042	0	
1268482	8554.90723	3306348663250	0.50187	0.34192	8554.53809	0.36914	11852	1	0.50676	0.25309	1	0.47502	0.31743	1	0.49089	0.28526	1	0.49395	0.53400	11.03832	1.10119	1	0.75532	0.55964	12.78025	1.10119	1	-0.00120	-0.00897	0.66433	0.00389	1	0.06941	-0.01500	0.70934	0.00375	1	1.45898	0.81042	0	
1268483	8554.91309	3306348726853	0.50168	0.34051	8554.53809	0.37500	11852	1	0.50676	0.25309	1	0.47502	0.31743	1	0.49089	0.28526	1	0.49393	0.53261	11.97109	1.10119	1	0.75540	0.55987	13.01224	1.10119	1	-0.00120	-0.00892	0.66433	0.00235	1	0.06941	-0.01500	0.70934	0.00371	1	1.45898	0.81042	0	
1268484	8554.91992	3306348797136	0.50144	0.34171	8554.53809	0.38184	11852	1	0.50698	0.30198	1	0.47122	0.37569	1	0.48910	0.33884	1	0.49398	0.53451	11.00994	1.10119	1	0.75520	0.56016	13.28936	1.10119	1	-0.00120	-0.00892	0.66433	0.00374	1	0.06941	-0.01500	0.70934	0.00377	1	1.45898	0.81042	0	
1268485	8554.92676	3306348864163	0.50176	0.34311	8554.53809	0.38867	11852	1	0.51702	0.32179	1	0.48116	0.35301	1	0.49909	0.33740	1	0.49408	0.53407	11.26135	1.10119	1	0.75540	0.55997	12.97584	1.10119	1	-0.00120	-0.00892	0.66433	0.00387	1	0.06941	-0.01500	0.70934	0.00375	1	1.45898	0.81042	0	
1268486	8554.93359	3306348931179	0.50208	0.34458	8554.53809	0.39551	11852	1	0.51702	0.32179	1	0.48080	0.35970	1	0.49891	0.34074	1	0.49412	0.53485	11.58367	1.10119	1	0.75547	0.56016	13.23443	1.09251	1	-0.00120	-0.00892	0.66433	0.00360	1	0.06662	-0.01434	0.68027	0.00370	1	1.45898	0.81042	0	
1268487	8554.94043	3306348998066	0.50214	0.34504	8554.53809	0.40234	11852	1	0.53879	0.38314	1	0.47777	0.36449	1	0.50828	0.37381	1	0.49437	0.53484	11.86355	1.09251	1	0.75538	0.55993	12.85302	1.08383	1	-0.00120	-0.00892	0.66433	0.00360	1	0.06662	-0.01434	0.68027	0.00375	1	1.45898	0.81042	0	
1268488	8554.94727	3306349065460	0.50231	0.34545	8554.53809	0.40918	11852	1	0.53667	0.36125	1	0.47248	0.40176	1	0.50457	0.38150	1	0.49431	0.53474	11.74261	1.08383	1	0.75535	0.56001	12.99217	1.07515	1	-0.00120	-0.00892	0.66433	0.00366	1	0.06662	-0.01434	0.68027	0.00377	1	1.45898	0.81042	0	
1268489	8554.95410	3306349132420	0.50249	0.34614	8554.53809	0.41602	11852	1	0.53747	0.36780	1	0.47218	0.40821	1	0.50483	0.38801	1	0.49392	0.53435	11.08240	1.07515	1	0.75544	0.55999	12.80217	1.06647	1	-0.00120	-0.00892	0.66433	0.00367	1	0.06638	-0.01434	0.67786	0.00379	1	1.45898	0.81042	0	
1268490	8554.95996	3306349198740	0.50221	0.34640	8554.53809	0.42188	11852	1	0.54065	0.36507	1	0.48291	0.38718	1	0.51178	0.37613	1	0.49433	0.53457	11.82051	1.06647	1	0.75547	0.56004	13.10623	1.06647	1	-0.00120	-0.00892	0.66433	0.00359	1	0.06638	-0.01434	0.67786	0.00383	1	1.45898	0.81042	0	
1268491	8554.96680	3306349266266	0.50187	0.34650	8554.53809	0.42871	11852	1	0.50411	0.27885	1	0.46697	0.38433	1	0.48554	0.33159	1	0.49383	0.53359	11.10965	1.06647	1	0.75522	0.56015	13.18855	1.06647	1	-0.00120	-0.00892	0.66433	0.00417	1	0.06638	-0.01434	0.67786	0.00377	1	1.45898	0.81042	0	
1268492	8554.97363	3306349333267	0.50153	0.34669	8554.53809	0.43555	11852	1	0.50411	0.27885	1	0.46697	0.38433	1	0.48554	0.33159	1	0.49424	0.53446	11.66153	1.06647	1	0.75563	0.56018	12.56505	1.06647	1	-0.00120	-0.00892	0.66433	0.00367	1	0.06662	-0.01434	0.68027	0.00375	1	1.45898	0.81042	0	
1268493	8554.98047	3306349400223	0.50124	0.34714	8554.53809	0.44238	11852	1	0.52357	0.30634	1	0.48404	0.41208	1	0.50380	0.35921	1	0.49413	0.53389	11.80779	1.06647	1	0.75543	0.56026	13.07014	1.06647	1	-0.00120	-0.00892	0.66433	0.00337	1	0.06662	-0.01434	0.68027	0.00376	1	1.45898	0.81042	0	
1268494	8554.98730	3306349464457	0.50099	0.34682	8554.53809	0.44922	11852	1	0.50336	0.24817	1	0.48160	0.38567	1	0.49248	0.31692	1	0.49391	0.53297	11.54759	1.06647	1	0.75546	0.55996	13.12157	1.06647	1	-0.00120	-0.00892	0.66433	0.00371	1	0.06662	-0.01434	0.68027	0.00377	1	1.45898	0.81042	0	
1268495	8554.99316	3306349530718	0.50074	0.34638	8554.53809	0.45508	11852	1	0.50336	0.24817	1	0.48197	0.37902	1	0.49266	0.31359	1	0.49404	0.53403	11.55167	1.06647	1	0.75537	0.55997	12.99494	1.07515	1	-0.00120	-0.00887	0.66433	0.00334	1	0.06910	-0.01488	0.70616	0.00379	1	1.45898	0.81042	0	
1268496	8555.00000	3306349598416	0.50053	0.34633	8554.53809	0.46191	11852	1	0.51848	0.34301	1	0.47914	0.36981	1	0.49881	0.35641	1	0.49398	0.53427	11.50938	1.07515	1	0.75537	0.55997	12.99494	1.08383	1	-0.00120	-0.00887	0.66433	0.00342	1	0.06910	-0.01488	0.70616	0.00379	1	1.45898	0.81042	0	
1268497	8555.00684	3306349664560	0.50059	0.34664	8554.53809	0.46875	11852	1	0.52759	0.31302	1	0.46766	0.38400	1	0.49762	0.34851	1	0.49425	0.53414	12.07653	1.08383	1	0.75528	0.56016	13.41650	1.09251	1	-0.00120	-0.00887	0.66433	0.00335	1	0.06910	-0.01488	0.70616	0.00376	1	1.45898	0.81042	0	
1268498	8555.01367	3306349731638	0.50064	0.34678	8554.53809	0.47559	11852	1	0.52672	0.30607	1	0.46766	0.38400	1	0.49719	0.34504	1	0.49408	0.53389	11.41558	1.09251	1	0.75515	0.55984	13.02240	1.09251	1	-0.00120	-0.00897	0.66433	0.00340	1	0.06662	-0.01434	0.68027	0.00387	1	1.45898	0.81042	0	
1268499	8555.02051	3306349799948	0.50020	0.34623	8554.53809	0.48242	11852	1	0.51166	0.31700	1	0.47010	0.33513	1	0.49088	0.32607	1	0.49401	0.53423	11.67611	1.09251	1	0.75522	0.55960	12.96830	1.08383	1	-0.00120	-0.00897	0.66433	0.00341	1	0.06662	-0.01434	0.68027	0.00380	1	1.45898	0.81042	0	
1268500	8555.02734	3306349866975	0.50022	0.34575	8554.53809	0.48926	11852	1	0.52808	0.33239	1	0.49207	0.37058	1	0.51008	0.35148	1	0.49386	0.53417	11.46981	1.08383	1	0.75519	0.55978	13.00155	1.07515	1	-0.00120	-0.00897	0.66433	0.00335	1	0.06662	-0.01434	0.68027	0.00385	1	1.45898	0.81042	0	
1268501	8555.03418	3306349932788	0.50025	0.34527	8554.53809	0.49609	11852	1	0.52895	0.33917	1	0.49207	0.37058	1	0.51051	0.35488	1	0.49376	0.53403	11.33260	1.07515	1	0.75526	0.55969	12.77636	1.07515	1	-0.00120	-0.00887	0.66433	0.00340	1	0.07041	-0.01519	0.72061	0.00385	1	1.45898	0.81042	0	
1268502	8555.04102	3306350003711	0.50010	0.34412	8554.53809	0.50293	11852	1	0.52515	0.33034	1	0.48254	0.35297	1	0.50384	0.34165	1	0.49378	0.53429	11.77296	1.07515	1	0.75496	0.55996	12.52586	1.08383	1	-0.00120	-0.00887	0.66433	0.00347	1	0.07041	-0.01519	0.72061	0.00404	1	1.45898	0.81042	0	
1268503	8555.04785	3306350070081	0.49983	0.34360	8554.53809	0.50977	11852	1	0.51852	0.35099	1	0.48291	0.34617	1	0.50072	0.34858	1	0.49374	0.53431	12.46492	1.08383	1	0.75496	0.55996	12.52586	1.09251	1	-0.00120	-0.00887	0.66433	0.00340	1	0.07041	-0.01519	0.72061	0.00404	1	1.45898	0.81042	0	
1268504	8555.05469	3306350137788	0.49956	0.34314	8554.53809	0.51660	11852	1	0.51759	0.34435	1	0.48291	0.34617	1	0.50025	0.34526	1	0.49361	0.53439	12.36691	1.09251	1	0.75467	0.56003	12.87405	1.09251	1	-0.00132	-0.00904	0.67752	0.00343	1	0.06675	-0.01441	0.68371	0.00413	1	1.45898	0.81042	0	
1268505	8555.06055	3306350203493	0.49907	0.34312	8554.53809	0.52246	11852	1	0.48793	0.28936	1	0.48570	0.38107	1	0.48682	0.33521	1	0.49323	0.53368	11.43894	1.09251	1	0.75472	0.56008	12.80279	1.08383	1	-0.00132	-0.00904	0.67752	0.00386	1	0.06675	-0.01441	0.68371	0.00401	1	1.45898	0.81042	0	
1268506	8555.06738	3306350267846	0.49885	0.34459	8554.53809	0.52930	11852	1	0.50276	0.25606	1	0.47418	0.41409	1	0.48847	0.33507	1	0.49312	0.53345	11.27009	1.08383	1	0.75457	0.56044	13.07646	1.07515	1	-0.00132	-0.00904	0.67752	0.00397	1	0.06675	-0.01441	0.68371	0.00386	1	1.45898	0.81042	0	
1268507	8555.07422	3306350334861	0.49865	0.34614	8554.53809	0.53613	11852	1	0.50379	0.26347	1	0.47387	0.42045	1	0.48883	0.34196	1	0.49333	0.53455	11.89896	1.07515	1	0.75441	0.55931	13.18454	1.06647	1	-0.00143	-0.00917	0.67906	0.00351	1	0.06611	-0.01422	0.67713	0.00412	1	1.45898	0.81042	0	
1268508	8555.08105	3306350401566	0.49889	0.34537	8554.53809	0.54297	11852	1	0.55567	0.38032	1	0.48070	0.28291	1	0.51818	0.33162	1	0.49380	0.53469	12.14837	1.06647	1	0.75461	0.55898	12.74939	1.06647	1	-0.00143	-0.00917	0.67906	0.00371	1	0.06611	-0.01422	0.67713	0.00408	1	1.45898	0.81042	0	
1268509	8555.08691	3306350468952	0.49875	0.34452	8554.53809	0.54883	11852	1	0.54439	0.37561	1	0.47641	0.29461	1	0.51040	0.33511	1	0.49329	0.53454	11.37836	1.06647	1	0.75459	0.55899	12.77374	1.06647	1	-0.00143	-0.00917	0.67906	0.00370	1	0.06611	-0.01422	0.67713	0.00411	1	1.45898	0.81042	0	
1268510	8555.09375	3306350537258	0.49860	0.34345	8554.53809	0.55566	11852	1	0.54359	0.36876	1	0.47709	0.27950	1	0.51034	0.32413	1	0.49328	0.53474	11.23118	1.07556	1	0.75415	0.55885	12.16182	1.08424	1	-0.00152	-0.00937	0.69786	0.00362	1	0.06898	-0.01487	0.70822	0.00425	1	1.45898	0.81042	0	
1268511	8555.10059	3306350601208	0.49900	0.34256	8554.53809	0.56250	11852	1	0.51308	0.31240	1	0.47965	0.33527	1	0.49636	0.32384	1	0.49286	0.53413	11.95892	1.09332	1	0.75424	0.55964	12.36077	1.10200	1	-0.00152	-0.00937	0.69786	0.00342	1	0.06898	-0.01487	0.70822	0.00399	1	1.45898	0.81042	0	
1268512	8555.10742	3306350671183	0.49915	0.34342	8554.53809	0.56934	11852	1	0.50807	0.27135	1	0.47742	0.31791	1	0.49275	0.29463	1	0.49284	0.53413	12.01297	1.11109	1	0.75413	0.55960	12.30434	1.11977	1	-0.00152	-0.00937	0.69786	0.00342	1	0.06898	-0.01487	0.70822	0.00415	1	1.45898	0.81042	0	
1268513	8555.11426	3306350736754	0.49931	0.34427	8554.53809	0.57617	11852	1	0.50709	0.26424	1	0.47742	0.31791	1	0.49226	0.29107	1	0.49292	0.53431	12.18484	1.11977	1	0.75401	0.56022	13.17924	1.11977	1	-0.00157	-0.00935	0.69643	0.00340	1	0.06606	-0.01425	0.67870	0.00384	1	1.45898	0.81042	0	
1268514	8555.12109	3306350803586	0.49910	0.34367	8554.53809	0.58301	11852	1	0.50949	0.27254	1	0.48787	0.38438	1	0.49868	0.32846	1	0.49282	0.53462	12.21118	1.11068	1	0.75400	0.55973	13.07051	1.10200	1	-0.00157	-0.00935	0.69643	0.00351	1	0.06606	-0.01425	0.67870	0.00384	1	1.45898	0.81042	0	
1268515	8555.12695	3306350869486	0.49910	0.34367	8554.53809	0.58887	11852	1	0.51889	0.36210	1	0.48381	0.33833	1	0.50135	0.35022	1	0.49290	0.53458	12.38929	1.09292	1	0.75392	0.55922	12.64372	1.08424	1	-0.00157	-0.00935	0.69643	0.00348	1	0.06606	-0.01425	0.67870	0.00398	1	1.45898	0.81042	0	
1268516	8555.13477	3306350940601	0.49911	0.34396	8554.53809	0.59668	11852	1	0.52078	0.37540	1	0.48302	0.35249	1	0.50190	0.36395	1	0.49236	0.53380	11.54152	1.07515	1	0.75382	0.55886	12.96115	1.06647	1	-0.00162	-0.00912	0.67584	0.00396	1	0.06606	-0.01425	0.67870	0.00412	1	1.45898	0.81042	0	
1268517	8555.14160	3306351008017	0.49873	0.34403	8554.53809	0.60352	11852	1	0.49950	0.36475	1	0.47283	0.37048	1	0.48617	0.36762	1	0.49252	0.53441	11.50605	1.06647	1	0.75371	0.55936	13.26703	1.06647	1	-0.00162	-0.00912	0.67584	0.00374	1	0.06606	-0.01425	0.67870	0.00361	1	1.45898	0.81042	0	
1268518	8555.14746	3306351074601	0.49865	0.34319	8554.53809	0.60938	11852	1	0.50731	0.27413	1	0.46861	0.36692	1	0.48796	0.32053	1	0.49234	0.53381	11.38172	1.06647	1	0.75364	0.55930	13.17666	1.06647	1	-0.00162	-0.00912	0.67584	0.00404	1	0.06606	-0.01425	0.67870	0.00362	1	1.45898	0.81042	0	
1268519	8555.15430	3306351141759	0.49857	0.34236	8554.53809	0.61621	11852	1	0.50731	0.27413	1	0.46861	0.36692	1	0.48796	0.32053	1	0.49251	0.53498	12.26028	1.06647	1	0.75389	0.55917	13.13447	1.06647	1	-0.00162	-0.00912	0.67584	0.00355	1	0.06606	-0.01425	0.67870	0.00358	1	1.45898	0.81042	0	
1268520	8555.16113	3306351208436	0.49862	0.34333	8554.53809	0.62305	11852	1	0.54067	0.41091	1	0.46387	0.42245	1	0.50227	0.41668	1	0.49283	0.53485	12.08182	1.06647	1	0.75368	0.55979	13.32193	1.06647	1	-0.00162	-0.00912	0.67584	0.00362	1	0.06606	-0.01425	0.67870	0.00390	1	1.45898	0.81042	0	
1268521	8555.16797	3306351276059	0.49877	0.34273	8554.53809	0.62988	11852	1	0.55011	0.34594	1	0.47197	0.35484	1	0.51104	0.35039	1	0.49297	0.53478	12.03939	1.06647	1	0.75373	0.55932	13.08269	1.06647	1	-0.00162	-0.00912	0.67584	0.00361	1	0.06606	-0.01425	0.67870	0.00373	1	1.45898	0.81042	0	
1268522	8555.17480	3306351342693	0.49892	0.34191	8554.53809	0.63672	11852	1	0.55011	0.34594	1	0.47227	0.34795	1	0.51119	0.34694	1	0.49313	0.53494	12.38433	1.06647	1	0.75372	0.55933	13.01963	1.07515	1	-0.00166	-0.00927	0.69086	0.00363	1	0.06832	-0.01475	0.70250	0.00374	1	1.45898	0.81042	0	
1268523	8555.18164	3306351409949	0.49875	0.34212	8554.53809	0.64355	11852	1	0.55677	0.38115	1	0.46445	0.39817	1	0.51061	0.38966	1	0.49311	0.53499	12.15374	1.07515	1	0.75358	0.55973	13.32861	1.08383	1	-0.00166	-0.00927	0.69086	0.00376	1	0.06832	-0.01475	0.70250	0.00382	1	1.45898	0.81042	0	
1268524	8555.18848	3306351476220	0.49891	0.34176	8554.53809	0.65039	11852	1	0.54894	0.31669	1	0.46477	0.38531	1	0.50686	0.35100	1	0.49303	0.53467	12.18436	1.08383	1	0.75361	0.55962	13.32439	1.09251	1	-0.00166	-0.00927	0.69086	0.00364	1	0.06832	-0.01475	0.70250	0.00377	1	1.45898	0.81042	0	
1268525	8555.19531	3306351543538	0.49905	0.34133	8554.53809	0.65723	11852	1	0.54822	0.30979	1	0.46501	0.37883	1	0.50661	0.34431	1	0.49318	0.53516	12.11561	1.09251	1	0.75374	0.55939	13.02279	1.10119	1	-0.00162	-0.00912	0.67584	0.00382	1	0.06832	-0.01475	0.70250	0.00383	1	1.45898	0.81042	0	
1268526	8555.20117	3306351608571	0.49911	0.34050	8554.53809	0.66309	11852	1	0.52491	0.29253	1	0.47661	0.32574	1	0.50076	0.30914	1	0.49267	0.53437	11.93769	1.10119	1	0.75369	0.55932	12.75815	1.10119	1	-0.00162	-0.00912	0.67584	0.00387	1	0.06832	-0.01475	0.70250	0.00388	1	1.45898	0.81042	0	
1268527	8555.20801	3306351677385	0.49932	0.33904	8554.53809	0.66992	11852	1	0.52308	0.23627	1	0.48253	0.29636	1	0.50280	0.26632	1	0.49264	0.53376	11.55542	1.10119	1	0.75384	0.55897	12.80172	1.10119	1	-0.00162	-0.00912	0.67584	0.00403	1	0.06832	-0.01475	0.70250	0.00405	1	1.45898	0.81042	0	
1268528	8555.21484	3306351744677	0.49954	0.33773	8554.53809	0.67676	11852	1	0.52308	0.23627	1	0.48253	0.29636	1	0.50280	0.26632	1	0.49258	0.53394	11.67283	1.10119	1	0.75365	0.55923	13.11370	1.10119	1	-0.00166	-0.00927	0.69086	0.00395	1	0.06832	-0.01475	0.70250	0.00395	1	1.45898	0.81042	0	
1268529	8555.22168	3306351811424	0.49944	0.33792	8554.53809	0.68359	11852	1	0.52820	0.32078	1	0.47486	0.35486	1	0.50153	0.33782	1	0.49269	0.53475	11.93792	1.10119	1	0.75372	0.55933	13.42924	1.10119	1	-0.00166	-0.00927	0.69086	0.00360	1	0.06832	-0.01475	0.70250	0.00361	1	1.45898	0.81042	0	
1268530	8555.22852	3306351878676	0.49937	0.33810	8554.53809	0.69043	11852	1	0.51326	0.24528	1	0.46166	0.34283	1	0.48746	0.29405	1	0.49258	0.53394	11.67283	1.10119	1	0.75358	0.55929	13.39496	1.10119	1	-0.00166	-0.00927	0.69086	0.00395	1	0.06832	-0.01475	0.70250	0.00364	1	1.45898	0.81042	0	
1268531	8555.23535	3306351944924	0.49930	0.33836	8554.53809	0.69727	11852	1	0.51326	0.24528	1	0.46145	0.34959	1	0.48736	0.29743	1	0.49271	0.53419	11.74891	1.10119	1	0.75369	0.55954	13.61788	1.09251	1	-0.00166	-0.00927	0.69086	0.00390	1	0.06606	-0.01425	0.67870	0.00370	1	1.45898	0.81042	0	
1268532	8555.24219	3306352012683	0.49941	0.33822	8554.53809	0.70410	11852	1	0.51857	0.28932	1	0.47052	0.37555	1	0.49454	0.33243	1	0.49295	0.53446	12.34072	1.09251	1	0.75369	0.55954	13.61788	1.08383	1	-0.00166	-0.00927	0.69086	0.00383	1	0.06606	-0.01425	0.67870	0.00371	1	1.45898	0.81042	0	
1268533	8555.24805	3306352079432	0.49922	0.33821	8554.53809	0.70996	11852	1	0.52042	0.31135	1	0.45952	0.36206	1	0.48997	0.33671	1	0.49259	0.53404	11.52603	1.08383	1	0.75351	0.55923	13.54949	1.07515	1	-0.00166	-0.00927	0.69086	0.00389	1	0.06606	-0.01425	0.67870	0.00373	1	1.45898	0.81042	0	
1268534	8555.25488	3306352146051	0.49904	0.33827	8554.53809	0.71680	11852	1	0.52133	0.31831	1	0.45933	0.36883	1	0.49033	0.34357	1	0.49270	0.53461	11.83875	1.07515	1	0.75350	0.55920	13.43910	1.06647	1	-0.00166	-0.00927	0.69086	0.00367	1	0.06606	-0.01425	0.67870	0.00379	1	1.45898	0.81042	0	
1268535	8555.26172	3306352213771	0.49883	0.33696	8554.53809	0.72363	11852	1	0.51055	0.31871	1	0.48602	0.30308	1	0.49828	0.31089	1	0.49272	0.53435	12.24739	1.06647	1	0.75391	0.55863	12.79652	1.06647	1	-0.00166	-0.00927	0.69086	0.00378	1	0.06606	-0.01425	0.67870	0.00407	1	1.45898	0.81042	0	
1268536	8555.26855	3306352280330	0.49874	0.33563	8554.53809	0.73047	11852	1	0.52271	0.30274	1	0.47800	0.33252	1	0.50035	0.31763	1	0.49255	0.53431	11.65491	1.06647	1	0.75375	0.55889	13.06799	1.06647	1	-0.00166	-0.00927	0.69086	0.00368	1	0.06606	-0.01425	0.67870	0.00411	1	1.45898	0.81042	0	
1268537	8555.27539	3306352347297	0.49865	0.33416	8554.53809	0.73730	11852	1	0.52271	0.30274	1	0.47800	0.33252	1	0.50035	0.31763	1	0.49294	0.53468	12.36530	1.06647	1	0.75412	0.55848	12.19115	1.06647	1	-0.00162	-0.00912	0.67584	0.00361	1	0.06605	-0.01420	0.67862	0.00427	1	1.45898	0.81042	0	
1268538	8555.28125	3306352411649	0.49842	0.33287	8554.53809	0.74316	11852	1	0.50906	0.25392	1	0.49259	0.37385	1	0.50082	0.31388	1	0.49279	0.53364	11.99572	1.06647	1	0.75398	0.55940	12.93160	1.06647	1	-0.00162	-0.00912	0.67584	0.00391	1	0.06605	-0.01420	0.67862	0.00379	1	1.45898	0.81042	0	
1268539	8555.28809	3306352479704	0.49840	0.33378	8554.53809	0.75000	11852	1	0.51705	0.38333	1	0.45200	0.36748	1	0.48453	0.37541	1	0.49278	0.53454	12.32788	1.06647	1	0.75375	0.55923	13.05985	1.06647	1	-0.00162	-0.00912	0.67584	0.00352	1	0.06605	-0.01420	0.67862	0.00417	1	1.45898	0.81042	0	
1268540	8555.29492	3306352547153	0.49837	0.33448	8554.53809	0.75684	11852	1	0.51605	0.37654	1	0.45229	0.35362	1	0.48417	0.36508	1	0.49274	0.53460	12.39038	1.07556	1	0.75400	0.55962	12.60744	1.08424	1	-0.00167	-0.00969	0.71759	0.00351	1	0.06841	-0.01470	0.70238	0.00395	1	1.45898	0.81042	0	
1268541	8555.30176	3306352615340	0.49820	0.33400	8554.53809	0.76367	11852	1	0.52435	0.28799	1	0.46678	0.38508	1	0.49556	0.33653	1	0.49304	0.53422	12.57635	1.09332	1	0.75401	0.55972	12.69884	1.10200	1	-0.00167	-0.00969	0.71759	0.00343	1	0.06841	-0.01470	0.70238	0.00389	1	1.45898	0.81042	0	
1268542	8555.30859	3306352682366	0.49830	0.33476	8554.53809	0.77051	11852	1	0.51583	0.32147	1	0.47900	0.38469	1	0.49741	0.35308	1	0.49294	0.53428	12.40512	1.11109	1	0.75413	0.55970	12.44234	1.11977	1	-0.00167	-0.00969	0.71759	0.00344	1	0.06841	-0.01470	0.70238	0.00383	1	1.45898	0.81042	0	
1268543	8555.31543	3306352749003	0.49839	0.33537	8554.53809	0.77734	11852	1	0.51394	0.30774	1	0.47935	0.37806	1	0.49664	0.34290	1	0.49268	0.53424	11.93466	1.12885	1	0.75424	0.55969	12.41628	1.12885	1	-0.00152	-0.00937	0.69786	0.00344	1	0.06605	-0.01420	0.67862	0.00388	1	1.45898	0.81042	0	
1268544	8555.32227	3306352815971	0.49846	0.33486	8554.53809	0.78418	11852	1	0.51511	0.32593	1	0.48968	0.33815	1	0.50239	0.33204	1	0.49292	0.53460	12.03465	1.12885	1	0.75437	0.55963	12.92235	1.12017	1	-0.00152	-0.00937	0.69786	0.00354	1	0.06605	-0.01420	0.67862	0.00385	1	1.45898	0.81042	0	
1268545	8555.32910	3306352883940	0.49806	0.33510	8554.53809	0.79102	11852	1	0.52683	0.32288	1	0.42968	0.39692	1	0.47826	0.35990	1	0.49308	0.53457	12.45027	1.12017	1	0.75386	0.56002	13.94877	1.11149	1	-0.00152	-0.00937	0.69786	0.00359	1	0.06605	-0.01420	0.67862	0.00387	1	1.45898	0.81042	0	
1268546	8555.33594	3306352951443	0.49768	0.33568	8554.53809	0.79785	11852	1	0.52856	0.33647	1	0.42976	0.40973	1	0.47916	0.37310	1	0.49283	0.53421	11.80991	1.10241	1	0.75446	0.55983	13.25521	1.09373	1	-0.00143	-0.00907	0.67906	0.00362	1	0.06649	-0.01432	0.68212	0.00378	1	1.45898	0.81042	0	
1268547	8555.34180	3306353016963	0.49755	0.33581	8554.53809	0.80371	11852	1	0.49301	0.29705	1	0.47558	0.36711	1	0.48429	0.33208	1	0.49291	0.53405	11.66850	1.08464	1	0.75453	0.55939	12.95240	1.08464	1	-0.00143	-0.00907	0.67906	0.00341	1	0.06649	-0.01432	0.68212	0.00383	1	1.45898	0.81042	0	
1268548	8555.34863	3306353084816	0.49718	0.33541	8554.53809	0.81055	11852	1	0.51066	0.29904	1	0.47475	0.36554	1	0.49270	0.33229	1	0.49320	0.53370	11.66837	1.07556	1	0.75453	0.55931	12.90374	1.07556	1	-0.00143	-0.00907	0.67906	0.00334	1	0.06649	-0.01432	0.68212	0.00377	1	1.45898	0.81042	0	
1268549	8555.35547	3306353151161	0.49682	0.33509	8554.53809	0.81738	11852	1	0.51170	0.30649	1	0.47442	0.37260	1	0.49306	0.33954	1	0.49310	0.53352	11.08764	1.06647	1	0.75432	0.55954	13.26848	1.06647	1	-0.00143	-0.00907	0.67906	0.00340	1	0.06611	-0.01422	0.67713	0.00379	1	1.45898	0.81042	0	
1268550	8555.36230	3306353217732	0.49643	0.33490	8554.53809	0.82422	11852	1	0.50251	0.27196	1	0.46735	0.39330	1	0.48493	0.33263	1	0.49305	0.53330	11.13604	1.06647	1	0.75440	0.55959	13.47127	1.06647	1	-0.00143	-0.00907	0.67906	0.00349	1	0.06611	-0.01422	0.67713	0.00374	1	1.45898	0.81042	0	
1268551	8555.36914	3306353285263	0.49604	0.33421	8554.53809	0.83105	11852	1	0.49703	0.24514	1	0.46737	0.38625	1	0.48220	0.31569	1	0.49305	0.53313	11.01838	1.06647	1	0.75439	0.55949	13.40606	1.06647	1	-0.00143	-0.00907	0.67906	0.00357	1	0.06611	-0.01422	0.67713	0.00383	1	1.45898	0.81042	0	
1268552	8555.37598	3306353351919	0.49566	0.33360	8554.53809	0.83789	11852	1	0.49703	0.24514	1	0.46737	0.38625	1	0.48220	0.31569	1	0.49338	0.53390	12.14679	1.06647	1	0.75444	0.55939	13.39637	1.06647	1	-0.00143	-0.00907	0.67906	0.00347	1	0.06611	-0.01422	0.67713	0.00370	1	1.45898	0.81042	0	
1268553	8555.38281	3306353419061	0.49608	0.33434	8554.53809	0.84473	11852	1	0.54358	0.35095	1	0.46986	0.39098	1	0.50672	0.37096	1	0.49370	0.53436	12.25603	1.06647	1	0.75444	0.55953	13.36962	1.06647	1	-0.00143	-0.00907	0.67906	0.00346	1	0.06611	-0.01422	0.67713	0.00379	1	1.45898	0.81042	0	
1268554	8555.38867	3306353486143	0.49616	0.33528	8554.53809	0.85059	11852	1	0.51908	0.33685	1	0.46533	0.42327	1	0.49220	0.38006	1	0.49373	0.53430	12.29015	1.06647	1	0.75447	0.55980	13.41182	1.06647	1	-0.00143	-0.00907	0.67906	0.00350	1	0.06611	-0.01422	0.67713	0.00388	1	1.45898	0.81042	0	
1268555	8555.39551	3306353552668	0.49623	0.33607	8554.53809	0.85742	11852	1	0.51908	0.33685	1	0.46533	0.42327	1	0.49220	0.38006	1	0.49357	0.53429	12.18854	1.06647	1	0.75463	0.55980	13.20328	1.06647	1	-0.00143	-0.00907	0.67906	0.00350	1	0.06611	-0.01422	0.67713	0.00386	1	1.45898	0.81042	0	
1268556	8555.40234	3306353620296	0.49542	0.33668	8554.53809	0.86426	11852	1	0.51306	0.29302	1	0.44602	0.42879	1	0.47954	0.36091	1	0.49365	0.53368	12.35870	1.06647	1	0.75454	0.55986	13.27732	1.06647	1	-0.00143	-0.00907	0.67906	0.00377	1	0.06611	-0.01422	0.67713	0.00387	1	1.45898	0.81042	0	
1268557	8555.40918	3306353687066	0.49490	0.33748	8554.53809	0.87109	11852	1	0.51093	0.33874	1	0.45970	0.40804	1	0.48532	0.37339	1	0.49358	0.53430	12.16607	1.06647	1	0.75472	0.55970	13.31475	1.06647	1	-0.00143	-0.00907	0.67906	0.00353	1	0.06611	-0.01422	0.67713	0.00392	1	1.45898	0.81042	0	
1268558	8555.41602	3306353753673	0.49438	0.33844	8554.53809	0.87793	11852	1	0.51093	0.33874	1	0.45990	0.40159	1	0.48542	0.37017	1	0.49384	0.53409	12.18741	1.06647	1	0.75489	0.55965	12.71241	1.07515	1	-0.00132	-0.00904	0.67752	0.00356	1	0.07041	-0.01508	0.72061	0.00390	1	1.45898	0.81042	0	
1268559	8555.42285	3306353820966	0.49439	0.33916	8554.53809	0.88477	11852	1	0.52675	0.30870	1	0.46700	0.40766	1	0.49687	0.35818	1	0.49377	0.53396	12.22320	1.07515	1	0.75481	0.55990	12.67547	1.08383	1	-0.00132	-0.00904	0.67752	0.00359	1	0.07041	-0.01508	0.72061	0.00389	1	1.45898	0.81042	0	
1268560	8555.42969	3306353887393	0.49449	0.34018	8554.53809	0.89160	11852	1	0.52345	0.29269	1	0.47123	0.39483	1	0.49734	0.34376	1	0.49384	0.53394	12.52365	1.08383	1	0.75490	0.55984	12.50314	1.09251	1	-0.00132	-0.00904	0.67752	0.00364	1	0.07041	-0.01508	0.72061	0.00384	1	1.45898	0.81042	0	
1268561	8555.43555	3306353954532	0.49459	0.34114	8554.53809	0.89746	11852	1	0.52255	0.28558	1	0.47151	0.38842	1	0.49703	0.33700	1	0.49388	0.53376	12.64900	1.09251	1	0.75503	0.55995	12.39382	1.10119	1	-0.00132	-0.00904	0.67752	0.00370	1	0.07041	-0.01513	0.72061	0.00380	1	1.45898	0.81042	0	
1268562	8555.44238	3306354022094	0.49475	0.34179	8554.53809	0.90430	11852	1	0.52539	0.32097	1	0.48759	0.39896	1	0.50649	0.35997	1	0.49386	0.53422	12.95449	1.10119	1	0.75514	0.55999	12.38680	1.10119	1	-0.00132	-0.00904	0.67752	0.00348	1	0.07041	-0.01513	0.72061	0.00395	1	1.45898	0.81042	0	
1268563	8555.44922	3306354088812	0.49475	0.34165	8554.53809	0.91113	11852	1	0.51496	0.29510	1	0.48829	0.39122	1	0.50162	0.34316	1	0.49368	0.53407	12.49826	1.10119	1	0.75508	0.55981	13.11693	1.10119	1	-0.00132	-0.00904	0.67752	0.00353	1	0.07041	-0.01513	0.72061	0.00382	1	1.45898	0.81042	0	
1268564	8555.45605	3306354156229	0.49475	0.34121	8554.53809	0.91797	11852	1	0.51496	0.29510	1	0.48829	0.39122	1	0.50162	0.34316	1	0.49382	0.53413	12.76561	1.10119	1	0.75542	0.56000	13.06442	1.10119	1	-0.00132	-0.00904	0.67752	0.00351	1	0.07041	-0.01513	0.72061	0.00386	1	1.45898	0.81042	0	
1268565	8555.46289	3306354223111	0.49528	0.34061	8554.53809	0.92480	11852	1	0.52338	0.30901	1	0.49994	0.36854	1	0.51166	0.33878	1	0.49382	0.53413	12.76561	1.10119	1	0.75528	0.55972	12.97679	1.10119	1	-0.00132	-0.00904	0.67752	0.00351	1	0.07041	-0.01513	0.72061	0.00366	1	1.45898	0.81042	0	
1268566	8555.46973	3306354290143	0.49572	0.34156	8554.53809	0.93164	11852	1	0.53680	0.31339	1	0.48164	0.41854	1	0.50922	0.36597	1	0.49394	0.53402	12.79252	1.10119	1	0.75506	0.56004	12.21484	1.10119	1	-0.00132	-0.00904	0.67752	0.00349	1	0.07041	-0.01513	0.72061	0.00387	1	1.45898	0.81042	0	
1268567	8555.47656	3306354355989	0.49616	0.34263	8554.53809	0.93848	11852	1	0.53680	0.31339	1	0.48097	0.43017	1	0.50889	0.37178	1	0.49374	0.53208	11.89706	1.10119	1	0.75530	0.55971	13.01636	1.08485	1	-0.00132	-0.00904	0.67752	0.00250	1	0.06347	-0.01359	0.64961	0.00383	1	1.45898	0.81042	0	
1268568	8555.48242	3306354420866	0.49627	0.34031	8554.53809	0.94434	11852	1	0.53484	0.27249	1	0.48078	0.33875	1	0.50781	0.30562	1	0.49394	0.53340	11.36368	1.08485	1	0.75539	0.55895	13.06485	1.06851	1	-0.00132	-0.00904	0.67752	0.00364	1	0.06347	-0.01359	0.64961	0.00368	1	1.45898	0.81042	0	
1268569	8555.48926	3306354488794	0.49608	0.33855	8554.53809	0.95117	11852	1	0.52324	0.18005	1	0.48010	0.35195	1	0.50167	0.26600	1	0.49385	0.53227	11.01417	1.06851	1	0.75539	0.55895	13.06485	1.05217	1	-0.00132	-0.00904	0.67752	0.00389	1	0.06347	-0.01359	0.64961	0.00368	1	1.45898	0.81042	0	
1268570	8555.49609	3306354553690	0.49589	0.33710	8554.53809	0.95801	11852	1	0.52494	0.19534	1	0.47973	0.35896	1	0.50234	0.27715	1	0.49425	0.53199	11.63688	1.05217	1	0.75533	0.55904	12.91870	1.04349	1	-0.00120	-0.00882	0.66433	0.00399	1	0.06515	-0.01392	0.66532	0.00374	1	1.45898	0.81042	0	
1268571	8555.50293	3306354621112	0.49609	0.33554	8554.53809	0.96484	11852	1	0.56336	0.27567	1	0.47642	0.35384	1	0.51989	0.31476	1	0.49444	0.53260	11.98916	1.04349	1	0.75534	0.55901	12.86117	1.05115	1	-0.00120	-0.00882	0.66433	0.00395	1	0.06515	-0.01392	0.66532	0.00375	1	1.45898	0.81042	0	
1268572	8555.50977	3306354688851	0.49648	0.33481	8554.53809	0.97168	11852	1	0.57923	0.28040	1	0.47223	0.35154	1	0.52573	0.31597	1	0.49464	0.53305	12.36963	1.05115	1	0.75524	0.55914	13.22802	1.05881	1	-0.00120	-0.00882	0.66433	0.00396	1	0.06515	-0.01392	0.66532	0.00376	1	1.45898	0.81042	0	
1268573	8555.51562	3306354755523	0.49688	0.33409	8554.53809	0.97754	11852	1	0.57876	0.27386	1	0.47249	0.34540	1	0.52563	0.30963	1	0.49414	0.53265	11.77021	1.05881	1	0.75523	0.55926	13.47954	1.06647	1	-0.00120	-0.00887	0.66433	0.00379	1	0.06722	-0.01439	0.68746	0.00373	1	1.45898	0.81042	0	
1268574	8555.52246	3306354820950	0.49713	0.33362	8554.53809	0.98438	11852	1	0.54661	0.24390	1	0.47958	0.32913	1	0.51309	0.28652	1	0.49422	0.53317	11.88246	1.06647	1	0.75545	0.55896	13.07558	1.06647	1	-0.00120	-0.00887	0.66433	0.00364	1	0.06722	-0.01439	0.68746	0.00374	1	1.45898	0.81042	0	
1268575	8555.52930	3306354891408	0.49733	0.33421	8554.53809	0.99121	11852	1	0.54020	0.25234	1	0.48407	0.33696	1	0.51214	0.29465	1	0.49411	0.53324	11.79208	1.06647	1	0.75549	0.55908	13.22607	1.06647	1	-0.00120	-0.00887	0.66433	0.00369	1	0.06722	-0.01439	0.68746	0.00376	1	1.45898	0.81042	0	
1268576	8555.53613	3306354959734	0.51250	0.31205	8554.53809	0.99121	11852	0	0.54020	0.25234	1	0.48372	0.34317	1	0.51196	0.29776	1	0.49412	0.53344	11.62866	1.06647	1	0.75533	0.55894	13.24985	1.05881	1	-0.00132	-0.00904	0.67752	0.00363	1	0.06347	-0.01359	0.64961	0.00389	1	1.45898	0.81042	0	
1268577	8555.54297	3306355026596	0.51472	0.30820	8554.53809	0.99121	11852	0	0.55790	0.32125	1	0.47599	0.28743	1	0.51694	0.30434	1	0.49430	0.53404	12.19621	1.05881	1	0.75535	0.55895	13.20603	1.05115	1	-0.00132	-0.00904	0.67752	0.00362	1	0.06347	-0.01359	0.64961	0.00391	1	1.45898	0.81042	0	
1268578	8555.54980	3306355093590	0.51287	0.30655	8554.53809	0.99121	11852	0	0.53259	0.28895	1	0.48576	0.31755	1	0.50918	0.30325	1	0.49390	0.53378	11.26362	1.05115	1	0.75547	0.55874	12.93573	1.04349	1	-0.00132	-0.00904	0.67752	0.00365	1	0.06347	-0.01359	0.64961	0.00396	1	1.45898	0.81042	0	
1268579	8555.55664	3306355159771	0.51204	0.30653	8555.53613	0.02051	11853	1	0.53334	0.29544	1	0.48576	0.31755	1	0.50955	0.30650	1	0.49394	0.53412	12.28957	1.04349	1	0.75546	0.55867	12.75556	1.04349	1	-0.00132	-0.00904	0.67752	0.00360	1	0.06675	-0.01431	0.68371	0.00395	1	1.45898	0.81042	0	
1268580	8555.56348	3306355227356	0.51465	0.30974	8555.53613	0.02734	11853	1	0.54263	0.34210	1	0.50749	0.30301	1	0.52506	0.32255	1	0.49395	0.53408	12.11555	1.04349	1	0.75546	0.55877	12.87548	1.05115	1	-0.00132	-0.00904	0.67752	0.00363	1	0.06675	-0.01431	0.68371	0.00393	1	1.45898	0.81042	0	
1268581	8555.57031	3306355294310	0.51499	0.31196	8555.53613	0.03418	11853	1	0.52959	0.29959	1	0.50383	0.34659	1	0.51671	0.32309	1	0.49382	0.53375	12.23787	1.05115	1	0.75541	0.55915	12.90815	1.05881	1	-0.00132	-0.00904	0.67752	0.00377	1	0.06675	-0.01431	0.68371	0.00393	1	1.45898	0.81042	0	
1268582	8555.57715	3306355361914	0.51522	0.31265	8555.53613	0.04102	11853	1	0.52881	0.29317	1	0.50431	0.34039	1	0.51656	0.31678	1	0.49375	0.53367	12.26379	1.05881	1	0.75543	0.55938	13.53683	1.06647	1	-0.00132	-0.00904	0.67752	0.00381	1	0.06675	-0.01431	0.68371	0.00390	1	1.45898	0.81042	0	
1268583	8555.58301	3306355428461	0.51575	0.30284	8555.53613	0.04688	11853	1	0.51860	0.15019	1	0.52047	0.31816	1	0.51953	0.23418	1	0.49372	0.53188	12.46268	1.06647	1	0.75530	0.55909	13.14449	1.06647	1	-0.00132	-0.00904	0.67752	0.00253	1	0.06675	-0.01431	0.68371	0.00385	1	1.45898	0.81042	0	
1268584	8555.58984	3306355495915	0.51655	0.30214	8555.53613	0.05371	11853	1	0.51814	0.25135	1	0.52766	0.34176	1	0.52290	0.29656	1	0.49362	0.53334	11.90574	1.06647	1	0.75538	0.55934	13.22816	1.06647	1	-0.00132	-0.00904	0.67752	0.00381	1	0.06675	-0.01431	0.68371	0.00378	1	1.45898	0.81042	0	
1268585	8555.59668	3306355562297	0.51718	0.30159	8555.53613	0.06055	11853	1	0.51814	0.25135	1	0.52766	0.34176	1	0.52290	0.29656	1	0.49364	0.53348	12.04999	1.06647	1	0.75526	0.55897	13.26948	1.06647	1	-0.00143	-0.00907	0.67906	0.00376	1	0.06675	-0.01431	0.68371	0.00391	1	1.45898	0.81042	0	
1268586	8555.60352	3306355629923	0.51787	0.30044	8555.53613	0.06738	11853	1	0.53588	0.24272	1	0.51357	0.33531	1	0.52473	0.28901	1	0.49360	0.53316	12.31182	1.06647	1	0.75522	0.55882	13.37671	1.06647	1	-0.00143	-0.00907	0.67906	0.00372	1	0.06675	-0.01431	0.68371	0.00379	1	1.45898	0.81042	0	
1268587	8555.61035	3306355696384	0.51756	0.29929	8555.53613	0.07422	11853	1	0.52269	0.24876	1	0.50571	0.32456	1	0.51420	0.28666	1	0.49347	0.53341	12.36413	1.06647	1	0.75496	0.55891	13.77082	1.06647	1	-0.00143	-0.00907	0.67906	0.00365	1	0.06675	-0.01431	0.68371	0.00385	1	1.45898	0.81042	0	SUBJECT_ONSET_LOG
1268588	8555.61719	3306355763722	0.51730	0.29832	8555.53613	0.08105	11853	1	0.52269	0.24876	1	0.50571	0.32456	1	0.51420	0.28666	1	0.49334	0.53192	12.25187	1.06647	1	0.75523	0.55836	13.13091	1.06647	1	-0.00143	-0.00907	0.67906	0.00249	1	0.06675	-0.01431	0.68371	0.00401	1	1.45898	0.81042	0	
1268589	8555.62305	3306355830323	0.51699	0.29665	8555.53613	0.08691	11853	1	0.53272	0.22430	1	0.49319	0.32552	1	0.51295	0.27491	1	0.49365	0.53310	11.88961	1.06647	1	0.75486	0.55860	12.53895	1.06647	1	-0.00143	-0.00907	0.67906	0.00355	1	0.06675	-0.01431	0.68371	0.00395	1	1.45898	0.81042	0	
1268590	8555.62988	3306355897125	0.51734	0.29584	8555.53613	0.09375	11853	1	0.55445	0.27557	1	0.48992	0.29333	1	0.52219	0.28445	1	0.49350	0.53323	11.94372	1.06647	1	0.75480	0.55851	12.38816	1.06647	1	-0.00143	-0.00907	0.67906	0.00357	1	0.06675	-0.01431	0.68371	0.00401	1	1.45898	0.81042	0	
1268591	8555.63672	3306355964790	0.51764	0.29512	8555.53613	0.10059	11853	1	0.55445	0.27557	1	0.48992	0.29333	1	0.52219	0.28445	1	0.49334	0.53335	11.76171	1.06647	1	0.75464	0.55889	12.94094	1.06647	1	-0.00143	-0.00907	0.67906	0.00367	1	0.06675	-0.01431	0.68371	0.00396	1	1.45898	0.81042	0	AUDIO_FILE_ONSET_LOG
1268592	8555.64355	3306356031218	0.51780	0.29352	8555.53613	0.10742	11853	1	0.54030	0.21540	1	0.50016	0.32040	1	0.52023	0.26790	1	0.49340	0.53288	11.74756	1.06647	1	0.75491	0.55873	12.43591	1.06647	1	-0.00143	-0.00907	0.67906	0.00383	1	0.06675	-0.01431	0.68371	0.00397	1	1.45898	0.81042	0	
1268593	8555.65039	3306356098314	0.51784	0.29389	8555.53613	0.11426	11853	1	0.54819	0.26236	1	0.48916	0.33791	1	0.51868	0.30014	1	0.49342	0.53328	11.83986	1.06647	1	0.75478	0.55901	12.45297	1.06647	1	-0.00143	-0.00907	0.67906	0.00384	1	0.06675	-0.01431	0.68371	0.00377	1	1.45898	0.81042	0	
1268594	8555.65723	3306356164922	0.51789	0.29422	8555.53613	0.12109	11853	1	0.54819	0.26236	1	0.48916	0.33791	1	0.51868	0.30014	1	0.49322	0.53351	11.59202	1.06647	1	0.75461	0.55891	12.82904	1.06647	1	-0.00152	-0.00904	0.67751	0.00382	1	0.06534	-0.01403	0.67034	0.00376	1	1.45898	0.81042	0	
1268595	8555.66406	3306356231165	0.51642	0.29516	8555.53613	0.12793	11853	1	0.51808	0.26307	1	0.45911	0.36281	1	0.48860	0.31294	1	0.49299	0.53340	11.94174	1.06647	1	0.75435	0.55923	13.27164	1.06647	1	-0.00152	-0.00904	0.67751	0.00381	1	0.06534	-0.01403	0.67034	0.00379	1	1.45898	0.81042	0	
1268596	8555.67090	3306356299437	0.51598	0.29581	8555.53613	0.13477	11853	1	0.54178	0.26979	1	0.47235	0.34796	1	0.50707	0.30888	1	0.49329	0.53367	11.80254	1.06647	1	0.75444	0.55913	13.15915	1.06647	1	-0.00152	-0.00904	0.67751	0.00377	1	0.06534	-0.01403	0.67034	0.00383	1	1.45898	0.81042	0	
1268597	8555.67676	3306356367142	0.51556	0.29620	8555.53613	0.14062	11853	1	0.54097	0.26205	1	0.47240	0.34682	1	0.50668	0.30443	1	0.49280	0.53172	12.39372	1.07556	1	0.75451	0.55880	13.12468	1.06790	1	-0.00167	-0.00958	0.71759	0.00243	1	0.06389	-0.01373	0.65595	0.00389	1	1.45898	0.81042	0	
1268598	8555.68359	3306356434263	0.51504	0.29346	8555.53613	0.14746	11853	1	0.51270	0.12761	1	0.49462	0.33893	1	0.50366	0.23327	1	0.49292	0.53179	12.35123	1.07698	1	0.75446	0.55885	13.26772	1.06932	1	-0.00167	-0.00958	0.71759	0.00249	1	0.06389	-0.01373	0.65595	0.00387	1	1.45898	0.81042	0	
1268599	8555.69043	3306356500430	0.51444	0.28984	8555.53613	0.15430	11853	1	0.50411	0.12033	1	0.49714	0.29276	1	0.50062	0.20655	1	0.49278	0.53176	12.50270	1.07841	1	0.75448	0.55897	13.16546	1.07075	1	-0.00167	-0.00958	0.71759	0.00244	1	0.06389	-0.01373	0.65595	0.00379	1	1.45898	0.81042	0	
1268600	8555.69727	3306356567314	0.51390	0.28666	8555.53613	0.16113	11853	1	0.50501	0.12787	1	0.49714	0.29276	1	0.50107	0.21032	1	0.49275	0.53327	12.11944	1.07075	1	0.75449	0.55910	13.21060	1.07075	1	-0.00165	-0.00920	0.68906	0.00365	1	0.06605	-0.01420	0.67862	0.00369	1	1.45898	0.81042	0	
1268601	8555.70410	3306356633109	0.51467	0.28702	8555.53613	0.16797	11853	1	0.53576	0.27544	1	0.53185	0.31636	1	0.53380	0.29590	1	0.49279	0.53359	12.23396	1.06166	1	0.75463	0.55914	13.13595	1.06932	1	-0.00165	-0.00920	0.68906	0.00346	1	0.06605	-0.01420	0.67862	0.00371	1	1.45898	0.81042	0	
1268602	8555.71094	3306356701801	0.51511	0.28735	8555.53613	0.17480	11853	1	0.52318	0.24356	1	0.52987	0.34846	1	0.52653	0.29601	1	0.49266	0.53299	12.10031	1.06024	1	0.75464	0.55923	13.45684	1.06790	1	-0.00165	-0.00920	0.68906	0.00373	1	0.06605	-0.01420	0.67862	0.00364	1	1.45898	0.81042	0	
1268603	8555.71680	3306356767975	0.51552	0.28770	8555.53613	0.18066	11853	1	0.52333	0.24482	1	0.52974	0.34961	1	0.52654	0.29721	1	0.49265	0.53313	12.10451	1.05881	1	0.75371	0.55941	13.50482	1.06647	1	-0.00165	-0.00920	0.68906	0.00363	1	0.06605	-0.01420	0.67862	0.00372	1	1.45898	0.81042	0	
1268604	8555.72363	3306356835132	0.51576	0.28738	8555.53613	0.18750	11853	1	0.54650	0.23961	1	0.49874	0.31737	1	0.52262	0.27849	1	0.49259	0.53300	11.85823	1.06647	1	0.75409	0.55911	12.66269	1.06647	1	-0.00165	-0.00920	0.68906	0.00365	1	0.06605	-0.01420	0.67862	0.00377	1	1.45898	0.81042	0	
1268605	8555.73047	3306356901832	0.51585	0.28803	8555.53613	0.19434	11853	1	0.54481	0.28045	1	0.49224	0.33301	1	0.51853	0.30673	1	0.49257	0.53345	12.27469	1.06647	1	0.75407	0.55902	12.41375	1.06647	1	-0.00165	-0.00920	0.68906	0.00359	1	0.06605	-0.01420	0.67862	0.00379	1	1.45898	0.81042	0	
1268606	8555.73730	3306356966993	0.51593	0.28873	8555.53613	0.20117	11853	1	0.54481	0.28045	1	0.49184	0.33925	1	0.51833	0.30985	1	0.49227	0.53368	11.09540	1.06647	1	0.75382	0.55831	12.86563	1.05881	1	-0.00172	-0.00900	0.67405	0.00368	1	0.06439	-0.01380	0.66209	0.00404	1	1.45898	0.81042	0	
1268607	8555.74414	3306357036114	0.51552	0.28933	8555.53613	0.20801	11853	1	0.52603	0.33670	1	0.47974	0.27866	1	0.50288	0.30768	1	0.49223	0.53406	12.27480	1.05881	1	0.75377	0.55817	12.56381	1.05115	1	-0.00172	-0.00900	0.67405	0.00359	1	0.06439	-0.01380	0.66209	0.00409	1	1.45898	0.81042	0	
1268608	8555.75098	3306357100114	0.51542	0.28817	8555.53613	0.21484	11853	1	0.53074	0.16115	1	0.49325	0.34095	1	0.51200	0.25105	1	0.49231	0.53192	12.53931	1.05115	1	0.75409	0.55888	12.39714	1.04349	1	-0.00172	-0.00900	0.67405	0.00242	1	0.06439	-0.01380	0.66209	0.00394	1	1.45898	0.81042	0	
1268609	8555.75684	3306357166874	0.51533	0.28718	8555.53613	0.22070	11853	1	0.53151	0.16857	1	0.49325	0.34095	1	0.51238	0.25476	1	0.49190	0.53189	12.59725	1.04349	1	0.75369	0.55871	13.17312	1.04349	1	-0.00184	-0.00912	0.68284	0.00241	1	0.06633	-0.01425	0.68366	0.00388	1	1.45898	0.81042	0	
1268610	8555.76367	3306357233856	0.51547	0.28666	8555.53613	0.22754	11853	1	0.52762	0.26530	1	0.51299	0.27219	1	0.52030	0.26874	1	0.49192	0.53298	12.18622	1.04349	1	0.75357	0.55859	13.23979	1.05115	1	-0.00184	-0.00912	0.68284	0.00367	1	0.06633	-0.01425	0.68366	0.00378	1	1.45898	0.81042	0	
1268611	8555.77051	3306357302659	0.51571	0.28722	8555.53613	0.23438	11853	1	0.53294	0.26865	1	0.51499	0.34552	1	0.52396	0.30709	1	0.49195	0.53301	12.18951	1.05115	1	0.75373	0.55877	13.19519	1.05881	1	-0.00184	-0.00912	0.68284	0.00376	1	0.06633	-0.01425	0.68366	0.00382	1	1.45898	0.81042	0	
1268612	8555.77734	3306357368041	0.51593	0.28759	8555.53613	0.24121	11853	1	0.53219	0.26201	1	0.51555	0.33930	1	0.52387	0.30066	1	0.49183	0.53312	11.66169	1.05881	1	0.75319	0.55880	12.89425	1.06647	1	-0.00184	-0.00912	0.68284	0.00354	1	0.06556	-0.01404	0.67567	0.00388	1	1.45898	0.81042	0	
1268613	8555.78418	3306357435207	0.51614	0.28721	8555.53613	0.24805	11853	1	0.55112	0.25569	1	0.49709	0.29115	1	0.52411	0.27342	1	0.49190	0.53335	11.83155	1.06647	1	0.75332	0.55857	12.27231	1.06647	1	-0.00184	-0.00912	0.68284	0.00363	1	0.06556	-0.01404	0.67567	0.00397	1	1.45898	0.81042	0	
1268614	8555.79102	3306357501654	0.51604	0.28726	8555.53613	0.25488	11853	1	0.53922	0.23261	1	0.48486	0.34522	1	0.51204	0.28891	1	0.49174	0.53302	11.74155	1.06647	1	0.75306	0.55921	12.99488	1.06647	1	-0.00184	-0.00912	0.68284	0.00366	1	0.06556	-0.01404	0.67567	0.00378	1	1.45898	0.81042	0	
1268615	8555.79785	3306357570105	0.51594	0.28721	8555.53613	0.26172	11853	1	0.53922	0.23261	1	0.48526	0.33824	1	0.51224	0.28543	1	0.49189	0.53308	11.98116	1.06647	1	0.75278	0.55874	13.26501	1.07515	1	-0.00194	-0.00907	0.67947	0.00380	1	0.06763	-0.01449	0.69754	0.00407	1	1.45898	0.81042	0	
1268616	8555.80371	3306357636431	0.51549	0.28608	8555.53613	0.26758	11853	1	0.52561	0.23949	1	0.46886	0.24236	1	0.49723	0.24093	1	0.49148	0.53298	10.99030	1.07515	1	0.75287	0.55838	12.76429	1.08383	1	-0.00194	-0.00907	0.67947	0.00391	1	0.06763	-0.01449	0.69754	0.00403	1	1.45898	0.81042	0	
1268617	8555.81055	3306357702614	0.51545	0.28507	8555.53613	0.27441	11853	1	0.54906	0.26002	1	0.47850	0.22722	1	0.51378	0.24362	1	0.49194	0.53345	11.99761	1.08383	1	0.75297	0.55805	12.97228	1.09251	1	-0.00194	-0.00907	0.67947	0.00389	1	0.06763	-0.01449	0.69754	0.00405	1	1.45898	0.81042	0	
1268618	8555.81738	3306357773536	0.51539	0.28410	8555.53613	0.28125	11853	1	0.54834	0.25267	1	0.47820	0.23405	1	0.51327	0.24336	1	0.49137	0.53357	12.15139	1.09251	1	0.75304	0.55773	12.81986	1.08485	1	-0.00194	-0.00907	0.67947	0.00374	1	0.06401	-0.01369	0.66127	0.00425	1	1.45898	0.81042	0	
1268619	8555.82422	3306357839536	0.51486	0.28483	8555.53613	0.28809	11853	1	0.50055	0.23974	1	0.48318	0.39242	1	0.49186	0.31608	1	0.49115	0.53339	11.95140	1.08485	1	0.75313	0.55906	13.18839	1.06851	1	-0.00194	-0.00907	0.67947	0.00378	1	0.06401	-0.01369	0.66127	0.00392	1	1.45898	0.81042	0	
1268620	8555.83105	3306357906759	0.51492	0.28614	8555.53613	0.29492	11853	1	0.50651	0.26744	1	0.52821	0.42022	1	0.51736	0.34383	1	0.49111	0.53337	11.73545	1.06851	1	0.75315	0.55909	13.29418	1.05217	1	-0.00194	-0.00907	0.67947	0.00377	1	0.06401	-0.01369	0.66127	0.00387	1	1.45898	0.81042	0	
1268621	8555.83789	3306357971702	0.51498	0.28762	8555.53613	0.30176	11853	1	0.50844	0.28142	1	0.52746	0.42670	1	0.51795	0.35406	1	0.49099	0.53144	12.17472	1.05217	1	0.75235	0.55820	13.02795	1.04349	1	-0.00204	-0.00909	0.68095	0.00245	1	0.06528	-0.01397	0.67486	0.00381	1	1.45898	0.81042	0	
1268622	8555.84473	3306358041175	0.51453	0.28658	8555.53613	0.30859	11853	1	0.48570	0.13262	1	0.50220	0.34519	1	0.49395	0.23890	1	0.49094	0.53150	12.36030	1.04349	1	0.75257	0.55794	12.54041	1.05115	1	-0.00204	-0.00909	0.68095	0.00239	1	0.06528	-0.01397	0.67486	0.00379	1	1.45898	0.81042	0	
1268623	8555.85156	3306358107728	0.51389	0.28594	8555.53613	0.31543	11853	1	0.48460	0.15955	1	0.48267	0.35233	1	0.48363	0.25594	1	0.49090	0.53151	12.29168	1.05115	1	0.75229	0.55802	12.88867	1.05881	1	-0.00204	-0.00909	0.68095	0.00244	1	0.06528	-0.01397	0.67486	0.00376	1	1.45898	0.81042	0	
1268624	8555.85840	3306358174495	0.51328	0.28463	8555.53613	0.32227	11853	1	0.48356	0.15209	1	0.48300	0.34618	1	0.48328	0.24914	1	0.49096	0.53154	12.25725	1.05881	1	0.75229	0.55802	12.88867	1.06647	1	-0.00204	-0.00909	0.68095	0.00241	1	0.06621	-0.01412	0.68452	0.00376	1	1.45898	0.81042	0	
1268625	8555.86426	3306358241815	0.51262	0.28242	8555.53613	0.32812	11853	1	0.48582	0.14298	1	0.48470	0.25356	1	0.48526	0.19827	1	0.49088	0.53144	12.25270	1.06647	1	0.75232	0.55760	12.98171	1.06647	1	-0.00204	-0.00909	0.68095	0.00244	1	0.06621	-0.01412	0.68452	0.00377	1	1.45898	0.81042	0	
1268626	8555.87109	3306358305758	0.51274	0.28118	8555.53613	0.33496	11853	1	0.51470	0.14963	1	0.51544	0.33804	1	0.51507	0.24384	1	0.49095	0.53151	12.35659	1.06647	1	0.75284	0.55807	13.65562	1.06647	1	-0.00204	-0.00909	0.68095	0.00240	1	0.06621	-0.01412	0.68452	0.00366	1	1.45898	0.81042	0	
1268627	8555.87793	3306358372903	0.51286	0.27988	8555.53613	0.34180	11853	1	0.51470	0.14963	1	0.51544	0.33804	1	0.51507	0.24384	1	0.49088	0.53144	12.25270	1.06647	1	0.75260	0.55752	12.45229	1.06647	1	-0.00204	-0.00909	0.68095	0.00244	1	0.06528	-0.01397	0.67486	0.00385	1	1.45898	0.81042	0	
1268628	8555.88477	3306358441088	0.51201	0.27739	8555.53613	0.34863	11853	1	0.48417	0.13968	1	0.48420	0.26620	1	0.48418	0.20294	1	0.49094	0.53143	12.26380	1.06647	1	0.75231	0.55783	12.60790	1.06647	1	-0.00204	-0.00909	0.68095	0.00254	1	0.06528	-0.01397	0.67486	0.00377	1	1.45898	0.81042	0	
1268629	8555.89160	3306358507374	0.51147	0.27491	8555.53613	0.35547	11853	1	0.49859	0.14066	1	0.48357	0.26761	1	0.49108	0.20414	1	0.49082	0.53149	12.33179	1.06647	1	0.75230	0.55768	12.84681	1.06647	1	-0.00204	-0.00909	0.68095	0.00248	1	0.06528	-0.01397	0.67486	0.00373	1	1.45898	0.81042	0	
1268630	8555.89844	3306358577378	0.51094	0.27256	8555.53613	0.36230	11853	1	0.49859	0.14066	1	0.48357	0.26761	1	0.49108	0.20414	1	0.49085	0.53162	12.45912	1.06647	1	0.75225	0.55776	12.79589	1.06647	1	-0.00204	-0.00909	0.68095	0.00248	1	0.06528	-0.01397	0.67486	0.00369	1	1.45898	0.81042	0	
1268631	8555.90430	3306358641901	0.49787	0.24713	8555.53613	0.36230	11853	0	0.50576	0.15917	1	0.48739	0.29384	1	0.49657	0.22650	1	0.49083	0.53162	12.45987	1.06647	1	0.75239	0.55808	13.18862	1.06647	1	-0.00204	-0.00909	0.68095	0.00246	1	0.06528	-0.01397	0.67486	0.00390	1	1.45898	0.81042	0	
1268632	8555.91113	3306358707334	0.49252	0.21680	8555.53613	0.36230	11853	0	0.49914	0.11062	1	0.47519	0.26234	1	0.48716	0.18648	1	0.49087	0.53149	12.10018	1.06647	1	0.75219	0.55789	12.85275	1.06647	1	-0.00204	-0.00909	0.68095	0.00246	1	0.06528	-0.01397	0.67486	0.00378	1	1.45898	0.81042	0	
1268633	8555.91797	3306358775073	0.49073	0.20670	8555.53613	0.36230	11853	0	0.49914	0.11062	1	0.47519	0.26234	1	0.48716	0.18648	1	0.49078	0.53155	12.21163	1.06647	1	0.75209	0.55812	13.36441	1.06647	1	-0.00204	-0.00909	0.68095	0.00247	1	0.06528	-0.01397	0.67486	0.00376	1	1.45898	0.81042	0	
1268634	8555.92480	3306358840677	0.49000	0.20663	8555.90430	0.02051	11854	1	0.50510	0.12093	1	0.47054	0.29196	1	0.48782	0.20645	1	0.49076	0.53170	12.03242	1.06647	1	0.75213	0.55796	13.38535	1.06647	1	-0.00204	-0.00909	0.68095	0.00252	1	0.06528	-0.01397	0.67486	0.00392	1	1.45898	0.81042	0	
1268635	8555.93164	3306358911433	0.49096	0.20794	8555.90430	0.02734	11854	1	0.50708	0.13365	1	0.48253	0.29271	1	0.49481	0.21318	1	0.49072	0.53165	12.27150	1.06647	1	0.75227	0.55785	12.92684	1.06647	1	-0.00204	-0.00909	0.68095	0.00251	1	0.06528	-0.01397	0.67486	0.00387	1	1.45898	0.81042	0	
1268636	8555.93848	3306358978637	0.49160	0.20882	8555.90430	0.03418	11854	1	0.50708	0.13365	1	0.48253	0.29271	1	0.49481	0.21318	1	0.49080	0.53177	12.05240	1.06647	1	0.75235	0.55760	12.91873	1.06647	1	-0.00204	-0.00909	0.68095	0.00246	1	0.06528	-0.01397	0.67486	0.00389	1	1.45898	0.81042	0	
1268637	8555.94531	3306359043841	0.49221	0.21194	8555.90430	0.04102	11854	1	0.51029	0.13446	1	0.48139	0.32686	1	0.49584	0.23066	1	0.49088	0.53176	12.33542	1.06647	1	0.75222	0.55789	13.42899	1.06647	1	-0.00204	-0.00909	0.68095	0.00247	1	0.06528	-0.01397	0.67486	0.00386	1	1.45898	0.81042	0	
1268638	8555.95215	3306359112586	0.49246	0.20865	8555.90430	0.04785	11854	1	0.50770	0.11314	1	0.48073	0.25808	1	0.49421	0.18561	1	0.49092	0.53152	12.40410	1.06647	1	0.75223	0.55789	12.95079	1.06647	1	-0.00204	-0.00909	0.68095	0.00243	1	0.06528	-0.01397	0.67486	0.00414	1	1.45898	0.81042	0	
1268639	8555.95898	3306359180222	0.49265	0.20609	8555.90430	0.05469	11854	1	0.50770	0.11314	1	0.48073	0.25808	1	0.49421	0.18561	1	0.49095	0.53161	12.61628	1.06647	1	0.75230	0.55788	12.98626	1.06647	1	-0.00204	-0.00909	0.68095	0.00244	1	0.06528	-0.01397	0.67486	0.00367	1	1.45898	0.81042	0	
1268640	8555.96484	3306359245479	0.49237	0.20556	8555.90430	0.06055	11854	1	0.50118	0.12437	1	0.47835	0.27728	1	0.48976	0.20082	1	0.49076	0.53160	12.72286	1.06647	1	0.75216	0.55780	13.39389	1.06647	1	-0.00204	-0.00909	0.68095	0.00250	1	0.06528	-0.01397	0.67486	0.00378	1	1.45898	0.81042	0	
1268641	8555.97168	3306359313411	0.49226	0.20419	8555.90430	0.06738	11854	1	0.50205	0.12791	1	0.48027	0.25297	1	0.49116	0.19044	1	0.49079	0.53162	12.83649	1.06647	1	0.75222	0.55797	13.12004	1.06647	1	-0.00204	-0.00909	0.68095	0.00248	1	0.06528	-0.01397	0.67486	0.00368	1	1.45898	0.81042	0	
1268642	8555.97852	3306359380472	0.49216	0.20304	8555.90430	0.07422	11854	1	0.50205	0.12791	1	0.48027	0.25297	1	0.49116	0.19044	1	0.49120	0.53325	12.15389	1.06647	1	0.75222	0.55797	13.12004	1.06647	1	-0.00204	-0.00909	0.68095	0.00374	1	0.06528	-0.01397	0.67486	0.00369	1	1.45898	0.81042	0	
1268643	8555.98535	3306359447341	0.49194	0.20400	8555.90430	0.08105	11854	1	0.50319	0.13942	1	0.47530	0.29168	1	0.48925	0.21555	1	0.49084	0.53189	12.06516	1.06647	1	0.75220	0.55845	13.00203	1.06647	1	-0.00204	-0.00909	0.68095	0.00247	1	0.06528	-0.01397	0.67486	0.00389	1	1.45898	0.81042	0	
1268644	8555.99219	3306359514534	0.49132	0.20365	8555.90430	0.08789	11854	1	0.51041	0.13600	1	0.45624	0.26228	1	0.48333	0.19914	1	0.49089	0.53182	12.23416	1.06647	1	0.75228	0.55832	12.98533	1.06647	1	-0.00204	-0.00909	0.68095	0.00249	1	0.06528	-0.01397	0.67486	0.00386	1	1.45898	0.81042	0	
1268645	8555.99902	3306359581572	0.49076	0.20279	8555.90430	0.09473	11854	1	0.50938	0.12709	1	0.45642	0.25429	1	0.48290	0.19069	1	0.49111	0.53186	12.38229	1.07556	1	0.75245	0.55858	12.63733	1.07556	1	-0.00202	-0.00924	0.69223	0.00242	1	0.06528	-0.01397	0.67486	0.00389	1	1.45898	0.81042	0	
1268646	8556.00488	3306359646830	0.48922	0.20455	8555.90430	0.10059	11854	1	0.48256	0.13819	1	0.44969	0.32375	1	0.46613	0.23097	1	0.49109	0.53194	12.48162	1.08464	1	0.75256	0.55850	12.65485	1.08464	1	-0.00202	-0.00924	0.69223	0.00245	1	0.06528	-0.01397	0.67486	0.00396	1	1.45898	0.81042	0	
1268647	8556.01172	3306359715900	0.48806	0.20346	8555.90430	0.10742	11854	1	0.48799	0.10522	1	0.45102	0.26665	1	0.46950	0.18594	1	0.49106	0.53183	12.41301	1.09373	1	0.75255	0.55849	12.68612	1.09373	1	-0.00202	-0.00924	0.69223	0.00244	1	0.06528	-0.01397	0.67486	0.00395	1	1.45898	0.81042	0	
1268648	8556.01855	3306359782815	0.48700	0.20236	8555.90430	0.11426	11854	1	0.48683	0.09626	1	0.45094	0.27124	1	0.46888	0.18375	1	0.49141	0.53186	12.44822	1.10281	1	0.75322	0.55883	13.06260	1.08834	1	-0.00197	-0.00949	0.71096	0.00252	1	0.06149	-0.01314	0.63478	0.00412	1	1.45898	0.81042	0	
1268649	8556.02539	3306359848477	0.48780	0.20278	8555.90430	0.12109	11854	1	0.51412	0.11528	1	0.49038	0.30515	1	0.50225	0.21021	1	0.49140	0.53184	12.44013	1.08834	1	0.75315	0.55864	12.96663	1.07388	1	-0.00197	-0.00949	0.71096	0.00251	1	0.06149	-0.01314	0.63478	0.00386	1	1.45898	0.81042	0	
1268650	8556.03223	3306359915901	0.48778	0.20710	8555.90430	0.12793	11854	1	0.51927	0.25318	1	0.45568	0.32522	1	0.48747	0.28920	1	0.49170	0.53339	11.93756	1.07388	1	0.75267	0.55889	13.53353	1.05941	1	-0.00197	-0.00949	0.71096	0.00373	1	0.06149	-0.01314	0.63478	0.00386	1	1.45898	0.81042	0	
1268651	8556.03906	3306359983468	0.48783	0.21167	8555.90430	0.13477	11854	1	0.52179	0.27352	1	0.45550	0.33272	1	0.48865	0.30312	1	0.49186	0.53300	11.75752	1.05032	1	0.75273	0.55834	12.98476	1.05032	1	-0.00184	-0.00912	0.68284	0.00365	1	0.06556	-0.01404	0.67567	0.00409	1	1.45898	0.81042	0	
1268652	8556.04590	3306360050407	0.48778	0.21218	8555.90430	0.14160	11854	1	0.50537	0.16144	1	0.46825	0.28429	1	0.48681	0.22287	1	0.49161	0.53185	12.48703	1.04124	1	0.75281	0.55807	12.99314	1.05571	1	-0.00184	-0.00912	0.68284	0.00243	1	0.06556	-0.01404	0.67567	0.00415	1	1.45898	0.81042	0	
1268653	8556.05176	3306360117032	0.48784	0.21206	8555.90430	0.14746	11854	1	0.51221	0.17357	1	0.46613	0.24546	1	0.48917	0.20951	1	0.49173	0.53197	12.04826	1.04662	1	0.75283	0.55795	12.96715	1.06109	1	-0.00184	-0.00912	0.68284	0.00261	1	0.06556	-0.01404	0.67567	0.00418	1	1.45898	0.81042	0	
1268654	8556.05859	3306360184758	0.48787	0.21139	8555.90430	0.15430	11854	1	0.51055	0.15964	1	0.46655	0.23244	1	0.48855	0.19604	1	0.49183	0.53179	12.25950	1.06109	1	0.75306	0.55858	13.35354	1.07556	1	-0.00182	-0.00926	0.69345	0.00245	1	0.06633	-0.01425	0.68366	0.00373	1	1.45898	0.81042	0	
1268655	8556.06543	3306360247288	0.48767	0.21019	8555.90430	0.16113	11854	1	0.50107	0.11053	1	0.46467	0.25216	1	0.48287	0.18134	1	0.49187	0.53180	12.31933	1.08464	1	0.75279	0.55875	13.39986	1.08464	1	-0.00182	-0.00926	0.69345	0.00244	1	0.06633	-0.01425	0.68366	0.00383	1	1.45898	0.81042	0	
1268656	8556.07227	3306360316971	0.48719	0.21022	8555.90430	0.16797	11854	1	0.50112	0.11393	1	0.44925	0.30776	1	0.47519	0.21085	1	0.49190	0.53185	12.12291	1.09373	1	0.75293	0.55905	13.82537	1.09373	1	-0.00182	-0.00926	0.69345	0.00245	1	0.06633	-0.01425	0.68366	0.00374	1	1.45898	0.81042	0	
1268657	8556.07910	3306360385105	0.48674	0.21024	8555.90430	0.17480	11854	1	0.50112	0.11393	1	0.44925	0.30776	1	0.47519	0.21085	1	0.49218	0.53186	12.54954	1.09373	1	0.75359	0.55825	13.22389	1.09373	1	-0.00172	-0.00900	0.67405	0.00251	1	0.06633	-0.01425	0.68366	0.00423	1	1.45898	0.81042	0	
1268658	8556.08594	3306360451715	0.48626	0.20953	8555.90430	0.18164	11854	1	0.48022	0.11526	1	0.46611	0.26554	1	0.47316	0.19040	1	0.49205	0.53181	12.34545	1.08464	1	0.75361	0.55836	13.24717	1.08464	1	-0.00172	-0.00900	0.67405	0.00244	1	0.06633	-0.01425	0.68366	0.00415	1	1.45898	0.81042	0	
1268659	8556.09277	3306360518973	0.48578	0.21048	8555.90430	0.18848	11854	1	0.48758	0.13294	1	0.45707	0.34121	1	0.47233	0.23708	1	0.49211	0.53190	12.56685	1.07556	1	0.75342	0.55904	13.56577	1.07556	1	-0.00172	-0.00900	0.67405	0.00252	1	0.06633	-0.01425	0.68366	0.00386	1	1.45898	0.81042	0	
1268660	8556.09961	3306360586368	0.48535	0.21164	8555.90430	0.19531	11854	1	0.48877	0.14181	1	0.45689	0.34847	1	0.47283	0.24514	1	0.49243	0.53181	12.36472	1.06647	1	0.75374	0.55850	13.06375	1.06647	1	-0.00165	-0.00920	0.68906	0.00247	1	0.06606	-0.01415	0.67870	0.00387	1	1.45898	0.81042	0	
1268661	8556.10547	3306360653486	0.48544	0.21161	8555.90430	0.20117	11854	1	0.50192	0.13294	1	0.47469	0.28861	1	0.48830	0.21077	1	0.49245	0.53175	12.46864	1.06647	1	0.75375	0.55847	13.09183	1.06647	1	-0.00165	-0.00920	0.68906	0.00247	1	0.06606	-0.01415	0.67870	0.00389	1	1.45898	0.81042	0	
1268662	8556.11230	3306360720028	0.48544	0.21472	8555.90430	0.20801	11854	1	0.50451	0.30297	1	0.46631	0.31940	1	0.48541	0.31119	1	0.49260	0.53365	12.23269	1.06647	1	0.75361	0.55877	13.48855	1.06647	1	-0.00165	-0.00920	0.68906	0.00360	1	0.06606	-0.01415	0.67870	0.00392	1	1.45898	0.81042	0	
1268663	8556.11914	3306360787074	0.48544	0.21764	8555.90430	0.21484	11854	1	0.50451	0.30297	1	0.46631	0.31940	1	0.48541	0.31119	1	0.49266	0.53161	12.44033	1.06647	1	0.75382	0.55840	13.19375	1.06647	1	-0.00165	-0.00920	0.68906	0.00247	1	0.06606	-0.01415	0.67870	0.00378	1	1.45898	0.81042	0	
1268664	8556.12598	3306360852466	0.48539	0.21664	8555.90430	0.22168	11854	1	0.49284	0.11918	1	0.47436	0.24812	1	0.48360	0.18365	1	0.49268	0.53160	12.43578	1.06647	1	0.75378	0.55854	13.37202	1.06647	1	-0.00165	-0.00920	0.68906	0.00248	1	0.06606	-0.01415	0.67870	0.00373	1	1.45898	0.81042	0	
1268665	8556.13281	3306360921038	0.48540	0.21670	8555.90430	0.22852	11854	1	0.49463	0.11380	1	0.47716	0.32370	1	0.48589	0.21875	1	0.49269	0.53155	12.46911	1.06647	1	0.75383	0.55876	13.56933	1.06647	1	-0.00165	-0.00920	0.68906	0.00249	1	0.06606	-0.01415	0.67870	0.00374	1	1.45898	0.81042	0	
1268666	8556.13867	3306360986144	0.48541	0.21676	8555.90430	0.23438	11854	1	0.49463	0.11380	1	0.47716	0.32370	1	0.48589	0.21875	1	0.49273	0.53151	12.21568	1.06647	1	0.75413	0.55865	13.58772	1.06647	1	-0.00152	-0.00904	0.67751	0.00249	1	0.06605	-0.01420	0.67862	0.00376	1	1.45898	0.81042	0	
1268667	8556.14551	3306361054881	0.48536	0.21732	8555.90430	0.24121	11854	1	0.50443	0.13982	1	0.46240	0.33498	1	0.48341	0.23740	1	0.49284	0.53173	12.34660	1.06647	1	0.75352	0.55895	13.61969	1.06647	1	-0.00152	-0.00904	0.67751	0.00255	1	0.06605	-0.01420	0.67862	0.00384	1	1.45898	0.81042	0	
1268668	8556.15234	3306361119994	0.48528	0.21635	8555.90430	0.24805	11854	1	0.50499	0.13041	1	0.45977	0.23065	1	0.48238	0.18053	1	0.49280	0.53168	12.44034	1.06647	1	0.75425	0.55769	13.42555	1.06647	1	-0.00152	-0.00904	0.67751	0.00255	1	0.06605	-0.01420	0.67862	0.00421	1	1.45898	0.81042	0	
1268669	8556.15918	3306361188197	0.48521	0.21543	8555.90430	0.25488	11854	1	0.50499	0.13041	1	0.45977	0.23065	1	0.48238	0.18053	1	0.49294	0.53173	12.37201	1.06647	1	0.75444	0.55782	13.13267	1.06647	1	-0.00143	-0.00907	0.67906	0.00250	1	0.06605	-0.01420	0.67862	0.00417	1	1.45898	0.81042	0	
1268670	8556.16602	3306361255626	0.48548	0.21562	8555.90430	0.26172	11854	1	0.52230	0.14681	1	0.46973	0.29938	1	0.49601	0.22309	1	0.49309	0.53182	12.48357	1.06647	1	0.75448	0.55852	13.10861	1.06647	1	-0.00143	-0.00907	0.67906	0.00247	1	0.06605	-0.01420	0.67862	0.00372	1	1.45898	0.81042	0	
1268671	8556.17285	3306361322551	0.48557	0.21575	8555.90430	0.26855	11854	1	0.51647	0.13393	1	0.46193	0.30781	1	0.48920	0.22087	1	0.49299	0.53178	12.59584	1.06647	1	0.75425	0.55865	13.58439	1.06647	1	-0.00143	-0.00907	0.67906	0.00250	1	0.06605	-0.01420	0.67862	0.00379	1	1.45898	0.81042	0	
1268672	8556.17969	3306361389738	0.48566	0.21579	8555.90430	0.27539	11854	1	0.51647	0.13393	1	0.46215	0.30054	1	0.48931	0.21724	1	0.49319	0.53368	11.34047	1.06647	1	0.75415	0.55886	13.70700	1.07515	1	-0.00143	-0.00907	0.67906	0.00355	1	0.06841	-0.01470	0.70238	0.00387	1	1.45898	0.81042	0	
1268673	8556.18652	3306361457451	0.48550	0.21536	8555.90430	0.28223	11854	1	0.50323	0.13020	1	0.45415	0.26501	1	0.47869	0.19761	1	0.49305	0.53166	12.72313	1.07515	1	0.75418	0.55881	13.55582	1.08383	1	-0.00143	-0.00907	0.67906	0.00253	1	0.06841	-0.01470	0.70238	0.00387	1	1.45898	0.81042	0	
1268674	8556.19238	3306361523800	0.48546	0.21507	8555.90430	0.28809	11854	1	0.50518	0.10692	1	0.46257	0.29799	1	0.48388	0.20246	1	0.49315	0.53172	12.65780	1.08383	1	0.75432	0.55893	13.87021	1.09251	1	-0.00143	-0.00907	0.67906	0.00251	1	0.06841	-0.01470	0.70238	0.00383	1	1.45898	0.81042	0	
1268675	8556.19922	3306361591733	0.48541	0.21477	8555.90430	0.29492	11854	1	0.50417	0.09831	1	0.46238	0.30432	1	0.48327	0.20132	1	0.49316	0.53176	12.75360	1.09251	1	0.75451	0.55777	13.16559	1.08485	1	-0.00143	-0.00907	0.67906	0.00249	1	0.06389	-0.01373	0.65595	0.00433	1	1.45898	0.81042	0	
1268676	8556.20605	3306361658530	0.48533	0.21438	8555.90430	0.30176	11854	1	0.49255	0.09848	1	0.47051	0.29521	1	0.48153	0.19684	1	0.49310	0.53162	12.90657	1.08485	1	0.75453	0.55875	13.31404	1.06851	1	-0.00143	-0.00907	0.67906	0.00246	1	0.06389	-0.01373	0.65595	0.00388	1	1.45898	0.81042	0	
1268677	8556.21289	3306361725709	0.48541	0.21308	8555.90430	0.30859	11854	1	0.50180	0.12589	1	0.47680	0.18140	1	0.48930	0.15365	1	0.49313	0.53162	12.83649	1.06851	1	0.75450	0.55749	12.90439	1.05217	1	-0.00143	-0.00907	0.67906	0.00248	1	0.06389	-0.01373	0.65595	0.00436	1	1.45898	0.81042	0	
1268678	8556.21973	3306361791804	0.48551	0.21218	8555.90430	0.31543	11854	1	0.50378	0.14204	1	0.47616	0.19724	1	0.48997	0.16964	1	0.49320	0.53181	12.30260	1.05217	1	0.75449	0.55816	13.26440	1.03583	1	-0.00143	-0.00907	0.67906	0.00249	1	0.06389	-0.01373	0.65595	0.00415	1	1.45898	0.81042	0	
1268679	8556.22656	3306361858877	0.48534	0.21168	8555.90430	0.32227	11854	1	0.50277	0.16064	1	0.47664	0.28608	1	0.48970	0.22336	1	0.49312	0.53174	12.54116	1.03583	1	0.75452	0.55804	13.14141	1.03583	1	-0.00143	-0.00907	0.67906	0.00250	1	0.06389	-0.01373	0.65595	0.00419	1	1.45898	0.81042	0	
1268680	8556.23340	3306361925662	0.48539	0.21265	8555.90430	0.32910	11854	1	0.49879	0.15716	1	0.48109	0.30840	1	0.48994	0.23278	1	0.49310	0.53176	12.52759	1.03583	1	0.75458	0.55820	13.16232	1.03583	1	-0.00143	-0.00907	0.67906	0.00249	1	0.06389	-0.01373	0.65595	0.00414	1	1.45898	0.81042	0	
1268681	8556.23926	3306361992462	0.48545	0.21361	8555.90430	0.33496	11854	1	0.49879	0.15716	1	0.48109	0.30840	1	0.48994	0.23278	1	0.49313	0.53182	12.47968	1.03583	1	0.75442	0.55816	12.96458	1.03583	1	-0.00143	-0.00907	0.67906	0.00241	1	0.06389	-0.01373	0.65595	0.00417	1	1.45898	0.81042	0	
1268682	8556.24609	3306362059552	0.48534	0.21438	8555.90430	0.34180	11854	1	0.49788	0.16755	1	0.46666	0.31861	1	0.48227	0.24308	1	0.49306	0.53180	12.63090	1.03583	1	0.75435	0.55864	13.10749	1.03583	1	-0.00143	-0.00907	0.67906	0.00249	1	0.06389	-0.01373	0.65595	0.00392	1	1.45898	0.81042	0	
1268683	8556.25293	3306362126695	0.48524	0.21469	8555.90430	0.34863	11854	1	0.50775	0.16715	1	0.47275	0.28905	1	0.49025	0.22810	1	0.49318	0.53171	12.56504	1.03583	1	0.75445	0.55876	13.32941	1.03583	1	-0.00143	-0.00907	0.67906	0.00246	1	0.06389	-0.01373	0.65595	0.00388	1	1.45898	0.81042	0	
1268684	8556.25977	3306362193525	0.48515	0.21493	8555.90430	0.35547	11854	1	0.50775	0.16715	1	0.47302	0.28230	1	0.49039	0.22473	1	0.49326	0.53177	12.75810	1.03583	1	0.75458	0.55820	13.16232	1.04349	1	-0.00143	-0.00907	0.67906	0.00247	1	0.06649	-0.01432	0.68212	0.00414	1	1.45898	0.81042	0	
1268685	8556.26660	3306362260500	0.48542	0.21603	8555.90430	0.36230	11854	1	0.53974	0.28852	1	0.47802	0.27821	1	0.50888	0.28336	1	0.49355	0.53341	11.64152	1.04349	1	0.75458	0.55802	13.08697	1.05115	1	-0.00143	-0.00907	0.67906	0.00398	1	0.06649	-0.01432	0.68212	0.00428	1	1.45898	0.81042	0	
1268686	8556.27344	3306362327609	0.48530	0.21666	8555.90430	0.36914	11854	1	0.50632	0.15161	1	0.47065	0.28071	1	0.48848	0.21616	1	0.49318	0.53179	12.29014	1.05115	1	0.75443	0.55876	13.65803	1.05881	1	-0.00143	-0.00907	0.67906	0.00248	1	0.06649	-0.01432	0.68212	0.00395	1	1.45898	0.81042	0	
1268687	8556.27930	3306362391619	0.48517	0.21715	8555.90430	0.37500	11854	1	0.50541	0.14411	1	0.47090	0.27405	1	0.48815	0.20908	1	0.49324	0.53194	12.19131	1.05881	1	0.75428	0.55940	13.80138	1.06647	1	-0.00143	-0.00907	0.67906	0.00248	1	0.06605	-0.01420	0.67862	0.00406	1	1.45898	0.81042	0	
1268688	8556.28711	3306362461580	0.48518	0.21750	8555.90430	0.38281	11854	1	0.50690	0.16519	1	0.47318	0.26997	1	0.49004	0.21758	1	0.49316	0.53191	12.21111	1.06647	1	0.75452	0.55875	13.19245	1.06647	1	-0.00143	-0.00907	0.67906	0.00242	1	0.06605	-0.01420	0.67862	0.00391	1	1.45898	0.81042	0	
1268689	8556.29297	3306362524777	0.48516	0.21779	8555.90430	0.38867	11854	1	0.51086	0.14272	1	0.46949	0.26643	1	0.49018	0.20457	1	0.49319	0.53193	12.15902	1.06647	1	0.75436	0.55872	13.65451	1.06647	1	-0.00143	-0.00907	0.67906	0.00253	1	0.06605	-0.01420	0.67862	0.00378	1	1.45898	0.81042	0	
1268690	8556.29980	3306362593768	0.48514	0.21809	8555.90430	0.39551	11854	1	0.51086	0.14272	1	0.46949	0.26643	1	0.49018	0.20457	1	0.49317	0.53177	12.07897	1.06647	1	0.75429	0.55866	13.65964	1.06647	1	-0.00143	-0.00914	0.68087	0.00246	1	0.06605	-0.01420	0.67862	0.00379	1	1.45898	0.81042	0	
1268691	8556.30664	3306362659163	0.48489	0.21825	8555.90430	0.40234	11854	1	0.49330	0.14830	1	0.46086	0.29841	1	0.47708	0.22335	1	0.49305	0.53196	11.88865	1.06647	1	0.75424	0.55899	13.82009	1.06647	1	-0.00143	-0.00914	0.68087	0.00254	1	0.06605	-0.01420	0.67862	0.00384	1	1.45898	0.81042	0	
1268692	8556.31348	3306362725756	0.48509	0.21814	8555.90430	0.40918	11854	1	0.50403	0.14719	1	0.48217	0.24028	1	0.49310	0.19373	1	0.49314	0.53193	12.11646	1.06647	1	0.75459	0.55849	12.95506	1.06647	1	-0.00143	-0.00914	0.68087	0.00242	1	0.06605	-0.01420	0.67862	0.00392	1	1.45898	0.81042	0	
1268693	8556.32031	3306362793696	0.48530	0.21820	8555.90430	0.41602	11854	1	0.50403	0.14719	1	0.48217	0.24028	1	0.49310	0.19373	1	0.49322	0.53199	12.18843	1.06647	1	0.75444	0.55843	13.00238	1.06647	1	-0.00143	-0.00907	0.67906	0.00248	1	0.06605	-0.01420	0.67862	0.00383	1	1.45898	0.81042	0	
1268694	8556.32617	3306362860024	0.48557	0.21712	8555.90430	0.42188	11854	1	0.49408	0.13587	1	0.46426	0.22222	1	0.47917	0.17904	1	0.49313	0.53197	12.32279	1.06647	1	0.75438	0.55834	13.04640	1.06647	1	-0.00143	-0.00907	0.67906	0.00250	1	0.06605	-0.01420	0.67862	0.00384	1	1.45898	0.81042	0	
1268695	8556.33301	3306362925608	0.48597	0.21755	8555.90430	0.42871	11854	1	0.50751	0.14077	1	0.46939	0.27249	1	0.48845	0.20663	1	0.49318	0.53192	12.25796	1.06647	1	0.75444	0.55839	13.01790	1.06647	1	-0.00143	-0.00907	0.67906	0.00248	1	0.06605	-0.01420	0.67862	0.00384	1	1.45898	0.81042	0	
1268696	8556.33984	3306362993858	0.48638	0.21803	8555.90430	0.43555	11854	1	0.50751	0.14077	1	0.46939	0.27249	1	0.48845	0.20663	1	0.49307	0.53192	12.31042	1.06647	1	0.75453	0.55829	13.03346	1.06647	1	-0.00143	-0.00907	0.67906	0.00249	1	0.06606	-0.01425	0.67870	0.00378	1	1.45898	0.81042	0	
1268697	8556.34668	3306363062184	0.48655	0.21982	8555.90430	0.44238	11854	1	0.55198	0.32612	1	0.46949	0.26643	1	0.51074	0.29627	1	0.49383	0.53416	12.02550	1.06647	1	0.75436	0.55872	13.65451	1.06647	1	-0.00143	-0.00907	0.67906	0.00398	1	0.06606	-0.01425	0.67870	0.00379	1	1.45898	0.81042	0	
1268698	8556.35352	3306363127854	0.48666	0.21786	8555.90430	0.44922	11854	1	0.52674	0.14038	1	0.45846	0.24997	1	0.49260	0.19517	1	0.49312	0.53195	12.23372	1.06647	1	0.75423	0.55844	13.37263	1.06647	1	-0.00143	-0.00907	0.67906	0.00240	1	0.06606	-0.01425	0.67870	0.00375	1	1.45898	0.81042	0	
1268699	8556.36035	3306363197918	0.48674	0.21561	8555.90430	0.45605	11854	1	0.52674	0.14038	1	0.45846	0.24997	1	0.49260	0.19517	1	0.49306	0.53188	12.01856	1.06647	1	0.75444	0.55808	12.84052	1.06647	1	-0.00143	-0.00907	0.67906	0.00246	1	0.06606	-0.01425	0.67870	0.00377	1	1.45898	0.81042	0	
1268700	8556.36719	3306363264213	0.48736	0.21511	8555.90430	0.46289	11854	1	0.52946	0.14719	1	0.50304	0.24986	1	0.51625	0.19853	1	0.49306	0.53198	12.12804	1.06647	1	0.75419	0.55866	13.40700	1.06647	1	-0.00143	-0.00907	0.67906	0.00250	1	0.06606	-0.01425	0.67870	0.00380	1	1.45898	0.81042	0	
1268701	8556.37402	3306363331921	0.48804	0.21539	8555.90430	0.46973	11854	1	0.52163	0.13156	1	0.52228	0.31439	1	0.52196	0.22297	1	0.49303	0.53180	12.48930	1.06647	1	0.75449	0.55919	13.08240	1.06647	1	-0.00143	-0.00907	0.67906	0.00248	1	0.06606	-0.01425	0.67870	0.00399	1	1.45898	0.81042	0	
1268702	8556.38086	3306363399500	0.48873	0.21578	8555.90430	0.47656	11854	1	0.52067	0.12262	1	0.52300	0.30680	1	0.52184	0.21471	1	0.49284	0.53363	12.11734	1.07556	1	0.75416	0.55876	12.90102	1.07556	1	-0.00154	-0.00943	0.70672	0.00389	1	0.06606	-0.01425	0.67870	0.00378	1	1.45898	0.81042	0	
1268703	8556.38672	3306363465938	0.48942	0.21601	8555.90430	0.48242	11854	1	0.52788	0.14285	1	0.50348	0.24204	1	0.51568	0.19244	1	0.49306	0.53204	12.35297	1.08464	1	0.75418	0.55858	12.46560	1.08464	1	-0.00154	-0.00943	0.70672	0.00247	1	0.06606	-0.01425	0.67870	0.00384	1	1.45898	0.81042	0	
1268704	8556.39355	3306363533403	0.49013	0.21508	8555.90430	0.48926	11854	1	0.51401	0.11861	1	0.50534	0.21370	1	0.50967	0.16615	1	0.49298	0.53206	12.22931	1.09373	1	0.75420	0.55846	12.41647	1.09373	1	-0.00154	-0.00943	0.70672	0.00253	1	0.06606	-0.01425	0.67870	0.00384	1	1.45898	0.81042	0	
1268705	8556.40039	3306363600296	0.49085	0.21414	8555.90430	0.49609	11854	1	0.51401	0.11861	1	0.50534	0.21370	1	0.50967	0.16615	1	0.49291	0.53193	12.61110	1.09373	1	0.75382	0.55848	12.79244	1.09373	1	-0.00152	-0.00904	0.67751	0.00252	1	0.06606	-0.01425	0.67870	0.00391	1	1.45898	0.81042	0	
1268706	8556.40723	3306363666629	0.49137	0.21352	8555.90430	0.50293	11854	1	0.50847	0.13351	1	0.48770	0.18744	1	0.49808	0.16048	1	0.49291	0.53197	12.51331	1.08464	1	0.75389	0.55798	12.64675	1.08464	1	-0.00152	-0.00904	0.67751	0.00253	1	0.06606	-0.01425	0.67870	0.00414	1	1.45898	0.81042	0	
1268707	8556.41406	3306363734269	0.49192	0.21335	8555.90430	0.50977	11854	1	0.50443	0.25853	1	0.49262	0.19938	1	0.49852	0.22895	1	0.49279	0.53391	12.43696	1.07556	1	0.75394	0.55815	12.65042	1.07556	1	-0.00152	-0.00904	0.67751	0.00384	1	0.06606	-0.01425	0.67870	0.00405	1	1.45898	0.81042	0	
1268708	8556.42090	3306363801130	0.49246	0.21318	8555.90430	0.51660	11854	1	0.50551	0.26633	1	0.49214	0.20786	1	0.49882	0.23709	1	0.49276	0.53391	12.35645	1.06647	1	0.75367	0.55873	13.15240	1.06647	1	-0.00166	-0.00927	0.69086	0.00392	1	0.06606	-0.01425	0.67870	0.00388	1	1.45898	0.81042	0	
1268709	8556.42676	3306363867293	0.49251	0.21464	8555.90430	0.52246	11854	1	0.51360	0.26523	1	0.46808	0.29607	1	0.49084	0.28065	1	0.49284	0.53371	11.93095	1.06647	1	0.75363	0.55854	13.11940	1.06647	1	-0.00166	-0.00927	0.69086	0.00398	1	0.06606	-0.01425	0.67870	0.00432	1	1.45898	0.81042	0	
1268710	8556.43359	3306363934902	0.49267	0.21337	8555.90430	0.52930	11854	1	0.51327	0.24397	1	0.47286	0.25605	1	0.49306	0.25001	1	0.49282	0.53361	12.01004	1.06647	1	0.75366	0.55872	13.26034	1.06647	1	-0.00166	-0.00927	0.69086	0.00394	1	0.06606	-0.01425	0.67870	0.00386	1	1.45898	0.81042	0	
1268711	8556.44043	3306364002191	0.49283	0.21209	8555.90430	0.53613	11854	1	0.51327	0.24397	1	0.47286	0.25605	1	0.49306	0.25001	1	0.49253	0.53205	12.40569	1.06647	1	0.75334	0.55937	13.82897	1.06647	1	-0.00166	-0.00927	0.69086	0.00246	1	0.06719	-0.01447	0.69141	0.00406	1	1.45898	0.81042	0	
1268712	8556.44727	3306364069337	0.49296	0.21226	8555.90430	0.54297	11854	1	0.50459	0.11549	1	0.47479	0.26851	1	0.48969	0.19200	1	0.49244	0.53197	12.26089	1.06647	1	0.75367	0.55862	13.22654	1.06647	1	-0.00166	-0.00927	0.69086	0.00251	1	0.06719	-0.01447	0.69141	0.00392	1	1.45898	0.81042	0	
1268713	8556.45410	3306364136303	0.49302	0.21155	8555.90430	0.54980	11854	1	0.50318	0.10857	1	0.47467	0.26049	1	0.48893	0.18453	1	0.49237	0.53198	12.42184	1.06647	1	0.75368	0.55860	13.24141	1.06647	1	-0.00166	-0.00927	0.69086	0.00247	1	0.06719	-0.01447	0.69141	0.00393	1	1.45898	0.81042	0	
1268714	8556.46094	3306364203141	0.49308	0.21084	8555.90430	0.55664	11854	1	0.50318	0.10857	1	0.47467	0.26049	1	0.48893	0.18453	1	0.49246	0.53216	12.57425	1.06647	1	0.75374	0.55795	12.97821	1.06647	1	-0.00166	-0.00927	0.69086	0.00247	1	0.06556	-0.01414	0.67567	0.00407	1	1.45898	0.81042	0	
1268715	8556.46777	3306364270155	0.49385	0.20990	8555.90430	0.56348	11854	1	0.53843	0.12299	1	0.50219	0.26151	1	0.52031	0.19225	1	0.49233	0.53208	11.90460	1.06647	1	0.75338	0.55841	13.26539	1.06647	1	-0.00166	-0.00927	0.69086	0.00245	1	0.06556	-0.01414	0.67567	0.00388	1	1.45898	0.81042	0	
1268716	8556.47461	3306364337031	0.49463	0.21030	8555.90430	0.57031	11854	1	0.52551	0.12355	1	0.51404	0.27582	1	0.51977	0.19969	1	0.49230	0.53222	11.72441	1.06647	1	0.75345	0.55824	12.23246	1.06647	1	-0.00166	-0.00927	0.69086	0.00239	1	0.06556	-0.01414	0.67567	0.00397	1	1.45898	0.81042	0	
1268717	8556.48047	3306364402469	0.49541	0.21070	8555.90430	0.57617	11854	1	0.52551	0.12355	1	0.51404	0.27582	1	0.51977	0.19969	1	0.49224	0.53385	7.34090	1.06647	1	0.75269	0.55929	13.13366	1.06647	1	-0.00166	-0.00927	0.69086	0.00234	1	0.06633	-0.01425	0.68366	0.00386	1	1.45898	0.81042	0	
1268718	8556.48730	3306364471072	0.49457	0.21366	8555.90430	0.58301	11854	1	0.52551	0.12355	0	0.45574	0.36538	1	0.45574	0.36538	1	0.49224	0.53385	7.34090	1.06647	0	0.75268	0.55920	11.08378	1.06647	1	-0.00166	-0.00927	0.69086	0.00234	1	0.06633	-0.01425	0.68366	0.00388	1	1.45898	0.81042	0	
1268719	8556.49414	3306364538824	0.49457	0.21366	8555.90430	0.58984	11854	1	0.52551	0.12355	0	0.45574	0.36538	0	0.45574	0.36538	0	0.49224	0.53385	7.34090	1.06647	0	0.75268	0.55920	11.08378	1.06647	0	-0.00166	-0.00927	0.69086	0.00234	1	0.06633	-0.01425	0.68366	0.00388	1	1.45898	0.81042	0	
1268720	8556.50098	3306364602241	0.49457	0.21366	8555.90430	0.59668	11854	1	0.52551	0.12355	0	0.45574	0.36538	0	0.45574	0.36538	0	0.49224	0.53385	7.34090	1.06647	0	0.75268	0.55920	11.08378	1.06647	0	-0.00166	-0.00927	0.69086	0.00234	1	0.06633	-0.01425	0.68366	0.00388	1	1.45898	0.81042	0	
1268721	8556.50781	3306364669490	0.49457	0.21366	8555.90430	0.60352	11854	1	0.52551	0.12355	0	0.45574	0.36538	0	0.45574	0.36538	0	0.49224	0.53385	7.34090	1.06647	0	0.75268	0.55920	11.08378	1.06647	0	-0.00166	-0.00927	0.69086	0.00234	1	0.06633	-0.01425	0.68366	0.00388	1	1.45898	0.81042	0	
1268722	8556.51367	3306364734824	0.49646	0.23040	8555.90430	0.60352	11854	0	0.52551	0.12355	0	0.45574	0.36538	0	0.45574	0.36538	0	0.49224	0.53385	7.34090	1.06647	0	0.75268	0.55920	11.08378	1.06647	0	-0.00166	-0.00927	0.69086	0.00234	1	0.06633	-0.01425	0.68366	0.00388	1	1.45898	0.81042	0	
1268723	8556.52051	3306364802711	0.49646	0.23040	8555.90430	0.60352	11854	0	0.52551	0.12355	0	0.45574	0.36538	0	0.45574	0.36538	0	0.49224	0.53385	7.34090	1.06647	0	0.75268	0.55920	11.08378	1.06647	0	-0.00166	-0.00927	0.69086	0.00234	1	0.06633	-0.01425	0.68366	0.00388	1	1.45898	0.81042	0	
1268724	8556.52734	3306364869935	0.49646	0.23040	8555.90430	0.60352	11854	0	0.52551	0.12355	0	0.45574	0.36538	0	0.45574	0.36538	0	0.49224	0.53385	7.34090	1.06647	0	0.75268	0.55920	11.08378	1.06647	0	-0.00166	-0.00927	0.69086	0.00234	1	0.06633	-0.01425	0.68366	0.00388	1	1.45898	0.81042	0	
1268725	8556.53418	3306364937016	0.00000	0.00000	8555.90430	0.60352	11854	0	0.52551	0.12355	0	0.45574	0.36538	0	0.45574	0.36538	0	0.49224	0.53385	7.34090	1.06647	0	0.75268	0.55920	11.08378	1.06647	0	-0.00166	-0.00927	0.69086	0.00234	1	0.06633	-0.01425	0.68366	0.00388	1	1.45898	0.81042	0	
1268726	8556.54102	3306365005238	0.00000	0.00000	8555.90430	0.60352	11854	0	0.52551	0.12355	0	0.45574	0.36538	0	0.45574	0.36538	0	0.49224	0.53385	7.34090	1.06647	0	0.75268	0.55920	11.08378	1.06647	0	-0.00166	-0.00927	0.69086	0.00234	1	0.06633	-0.01425	0.68366	0.00388	1	1.45898	0.81042	0	
1268727	8556.54785	3306365073847	0.00000	0.00000	8555.90430	0.60352	11854	0	0.52551	0.12355	0	0.45574	0.36538	0	0.45574	0.36538	0	0.49224	0.53385	7.34090	1.06647	0	0.75268	0.55920	11.08378	1.06647	0	-0.00166	-0.00927	0.69086	0.00234	1	0.06633	-0.01425	0.68366	0.00388	1	1.45898	0.81042	0	
1268728	8556.55469	3306365140843	0.00000	0.00000	8555.90430	0.60352	11854	0	0.52551	0.12355	0	0.45574	0.36538	0	0.45574	0.36538	0	0.49224	0.53385	7.34090	1.06647	0	0.75268	0.55920	11.08378	1.06647	0	-0.00166	-0.00927	0.69086	0.00234	1	0.06633	-0.01425	0.68366	0.00388	1	1.45898	0.81042	0	
1268729	8556.56152	3306365208173	0.00000	0.00000	8555.90430	0.60352	11854	0	0.52551	0.12355	0	0.45574	0.36538	0	0.45574	0.36538	0	0.49224	0.53385	7.34090	1.06647	0	0.75268	0.55920	11.08378	1.06647	0	-0.00166	-0.00927	0.69086	0.00234	1	0.06633	-0.01425	0.68366	0.00388	1	1.45898	0.81042	0	
1268730	8556.56836	3306365274968	0.00000	0.00000	8555.90430	0.60352	11854	0	0.52551	0.12355	0	0.45574	0.36538	0	0.45574	0.36538	0	0.49224	0.53385	7.34090	1.06647	0	0.75268	0.55920	11.08378	1.06647	0	-0.00166	-0.00927	0.69086	0.00234	1	0.06633	-0.01425	0.68366	0.00388	1	1.45898	0.81042	0	
1268731	8556.57422	3306365342145	0.00000	0.00000	8555.90430	0.60352	11854	0	0.52551	0.12355	0	0.45574	0.36538	0	0.45574	0.36538	0	0.49224	0.53385	7.34090	1.06647	0	0.75268	0.55920	11.08378	1.06647	0	-0.00166	-0.00927	0.69086	0.00234	1	0.06633	-0.01425	0.68366	0.00388	1	1.45898	0.81042	0	
1268732	8556.58105	3306365409173	0.00000	0.00000	8555.90430	0.60352	11854	0	0.52551	0.12355	0	0.45574	0.36538	0	0.45574	0.36538	0	0.49224	0.53385	7.34090	1.06647	0	0.75268	0.55920	11.08378	1.06647	0	-0.00166	-0.00927	0.69086	0.00234	1	0.06633	-0.01425	0.68366	0.00388	1	1.45898	0.81042	0	
1268733	8556.58789	3306365476344	0.00000	0.00000	8555.90430	0.60352	11854	0	0.52551	0.12355	0	0.45574	0.36538	0	0.45574	0.36538	0	0.49224	0.53385	7.34090	1.06647	0	0.75268	0.55920	11.08378	1.06647	0	-0.00166	-0.00927	0.69086	0.00234	1	0.06633	-0.01425	0.68366	0.00388	1	1.45898	0.81042	0	
1268734	8556.59473	3306365542785	0.00000	0.00000	8555.90430	0.60352	11854	0	0.52551	0.12355	0	0.45574	0.36538	0	0.45574	0.36538	0	0.49224	0.53385	7.34090	1.06647	0	0.75268	0.55920	11.08378	1.06647	0	-0.00166	-0.00927	0.69086	0.00234	1	0.06633	-0.01425	0.68366	0.00388	1	1.45898	0.81042	0	
1268735	8556.60156	3306365609491	0.00000	0.00000	8555.90430	0.60352	11854	0	0.52551	0.12355	0	0.45574	0.36538	0	0.45574	0.36538	0	0.49224	0.53385	7.34090	1.06647	0	0.75268	0.55920	11.08378	1.06647	0	-0.00166	-0.00927	0.69086	0.00234	1	0.06633	-0.01425	0.68366	0.00388	1	1.45898	0.81042	0	
1268736	8556.60840	3306365676520	0.00000	0.00000	8555.90430	0.60352	11854	0	0.52551	0.12355	0	0.45574	0.36538	0	0.45574	0.36538	0	0.49224	0.53385	7.34090	1.06647	0	0.75268	0.55920	11.08378	1.06647	0	-0.00166	-0.00927	0.69086	0.00234	1	0.06633	-0.01425	0.68366	0.00388	1	1.45898	0.81042	0	
1268737	8556.61426	3306365741468	0.00000	0.00000	8555.90430	0.60352	11854	0	0.52551	0.12355	0	0.45574	0.36538	0	0.45574	0.36538	0	0.49224	0.53385	7.34090	1.06647	0	0.75268	0.55920	11.08378	1.06647	0	-0.00166	-0.00927	0.69086	0.00234	1	0.06633	-0.01425	0.68366	0.00388	1	1.45898	0.81042	0	
1268738	8556.62207	3306365811076	0.00000	0.00000	8555.90430	0.60352	11854	0	0.52551	0.12355	0	0.45574	0.36538	0	0.45574	0.36538	0	0.49224	0.53385	7.34090	1.06647	0	0.75268	0.55920	11.08378	1.06647	0	-0.00166	-0.00927	0.69086	0.00234	1	0.06633	-0.01425	0.68366	0.00388	1	1.45898	0.81042	0	
1268739	8556.62793	3306365877573	0.00000	0.00000	8555.90430	0.60352	11854	0	0.52551	0.12355	0	0.45574	0.36538	0	0.45574	0.36538	0	0.49224	0.53385	7.34090	1.06647	0	0.75268	0.55920	11.08378	1.06647	0	-0.00166	-0.00927	0.69086	0.00234	1	0.06633	-0.01425	0.68366	0.00388	1	1.45898	0.81042	0	
1268740	8556.63477	3306365944273	0.00000	0.00000	8555.90430	0.60352	11854	0	0.52551	0.12355	0	0.45574	0.36538	0	0.45574	0.36538	0	0.49224	0.53385	7.34090	1.06647	0	0.75268	0.55920	11.08378	1.06647	0	-0.00166	-0.00927	0.69086	0.00234	1	0.06633	-0.01425	0.68366	0.00388	1	1.45898	0.81042	0	
1268741	8556.64160	3306366010859	0.00000	0.00000	8555.90430	0.60352	11854	0	0.52551	0.12355	0	0.45574	0.36538	0	0.45574	0.36538	0	0.49224	0.53385	7.34090	1.06647	0	0.75268	0.55920	11.08378	1.06647	0	-0.00166	-0.00927	0.69086	0.00234	1	0.06633	-0.01425	0.68366	0.00388	1	1.45898	0.81042	0	
1268742	8556.64844	3306366078546	0.00000	0.00000	8555.90430	0.60352	11854	0	0.52551	0.12355	0	0.45574	0.36538	0	0.45574	0.36538	0	0.49224	0.53385	7.34090	1.06647	0	0.75268	0.55920	11.08378	1.06647	0	-0.00166	-0.00927	0.69086	0.00234	1	0.06633	-0.01425	0.68366	0.00388	1	1.45898	0.81042	0	
1268743	8556.65527	3306366145223	0.00000	0.00000	8555.90430	0.60352	11854	0	0.52551	0.12355	0	0.45574	0.36538	0	0.45574	0.36538	0	0.49224	0.53385	7.34090	1.06647	0	0.75268	0.55920	11.08378	1.06647	0	-0.00166	-0.00927	0.69086	0.00234	1	0.06633	-0.01425	0.68366	0.00388	1	1.45898	0.81042	0	
1268744	8556.66211	3306366212569	0.24531	0.12223	8555.90430	0.60352	11854	0	0.52551	0.12355	1	0.45574	0.36538	1	0.49062	0.24447	1	0.49148	0.53349	11.53241	1.06647	1	0.75175	0.55882	13.39893	1.06647	1	-0.00194	-0.00907	0.67947	0.00385	1	0.06528	-0.01407	0.67486	0.00401	1	1.45898	0.81042	0	
1268745	8556.66797	3306366279722	0.33110	0.18946	8555.90430	0.60352	11854	0	0.54106	0.33225	1	0.46432	0.31558	1	0.50269	0.32392	1	0.49174	0.53399	12.35648	1.06647	1	0.75199	0.55867	13.48954	1.06647	1	-0.00194	-0.00907	0.67947	0.00383	1	0.06528	-0.01407	0.67486	0.00395	1	1.45898	0.81042	0	
1268746	8556.67480	3306366346257	0.49668	0.28488	8555.90430	0.60352	11854	0	0.52341	0.25513	1	0.47006	0.31739	1	0.49673	0.28626	1	0.49140	0.53351	11.45025	1.06647	1	0.75202	0.55878	13.40794	1.06647	1	-0.00194	-0.00907	0.67947	0.00395	1	0.06528	-0.01407	0.67486	0.00391	1	1.45898	0.81042	0	
1268747	8556.68164	3306366413924	0.49671	0.28557	8555.90430	0.60352	11854	0	0.52341	0.25513	1	0.47006	0.31739	1	0.49673	0.28626	1	0.49158	0.53412	12.77043	1.06647	1	0.75214	0.55894	13.68830	1.06647	1	-0.00194	-0.00907	0.67947	0.00377	1	0.06528	-0.01407	0.67486	0.00388	1	1.45898	0.81042	0	
1268748	8556.68848	3306366479193	0.50156	0.29348	8555.90430	0.60352	11854	0	0.53530	0.31152	1	0.48723	0.30707	1	0.51126	0.30929	1	0.49159	0.53414	12.62952	1.06647	1	0.75234	0.55867	14.02218	1.06647	1	-0.00194	-0.00907	0.67947	0.00383	1	0.06528	-0.01407	0.67486	0.00392	1	1.45898	0.81042	0	
1268749	8556.69531	3306366544992	0.50200	0.29252	8556.67480	0.02051	11855	1	0.53104	0.26169	1	0.47562	0.31759	1	0.50333	0.28964	1	0.49155	0.53416	12.95389	1.06647	1	0.75220	0.55869	13.68086	1.06647	1	-0.00194	-0.00907	0.67947	0.00378	1	0.06528	-0.01407	0.67486	0.00396	1	1.45898	0.81042	0	
1268750	8556.70215	3306366611985	0.50227	0.29194	8556.67480	0.02734	11855	1	0.53104	0.26169	1	0.47562	0.31759	1	0.50333	0.28964	1	0.49174	0.53442	13.27263	1.06647	1	0.75194	0.55882	13.53906	1.06647	1	-0.00194	-0.00907	0.67947	0.00381	1	0.06528	-0.01407	0.67486	0.00393	1	1.45898	0.81042	0	
1268751	8556.70801	3306366677739	0.50118	0.27888	8556.67480	0.03320	11855	1	0.50780	0.09911	1	0.48366	0.32800	1	0.49573	0.21356	1	0.49133	0.53180	12.72635	1.06647	1	0.75225	0.55858	14.01565	1.06647	1	-0.00194	-0.00907	0.67947	0.00252	1	0.06528	-0.01407	0.67486	0.00391	1	1.45898	0.81042	0	
1268752	8556.71484	3306366745237	0.50109	0.28092	8556.67480	0.04004	11855	1	0.52414	0.29127	1	0.47693	0.29501	1	0.50054	0.29314	1	0.49143	0.53407	12.73439	1.06647	1	0.75225	0.55870	14.14292	1.06647	1	-0.00194	-0.00907	0.67947	0.00379	1	0.06528	-0.01407	0.67486	0.00388	1	1.45898	0.81042	0	
1268753	8556.72168	3306366813230	0.50098	0.28149	8556.67480	0.04688	11855	1	0.52320	0.28370	1	0.47728	0.28729	1	0.50024	0.28549	1	0.49153	0.53176	12.66937	1.07556	1	0.75196	0.55892	13.70511	1.07556	1	-0.00197	-0.00949	0.71096	0.00253	1	0.06528	-0.01407	0.67486	0.00389	1	1.45898	0.81042	0	
1268754	8556.72852	3306366880564	0.50379	0.27831	8556.67480	0.05371	11855	1	0.55477	0.24021	1	0.49778	0.26549	1	0.52628	0.25285	1	0.49200	0.53385	11.88369	1.08464	1	0.75248	0.55837	13.93631	1.08464	1	-0.00197	-0.00949	0.71096	0.00376	1	0.06528	-0.01407	0.67486	0.00378	1	1.45898	0.81042	0	
1268755	8556.73535	3306366946846	0.50601	0.27736	8556.67480	0.06055	11855	1	0.55677	0.25545	1	0.49521	0.28221	1	0.52599	0.26883	1	0.49196	0.53394	12.10015	1.09373	1	0.75244	0.55853	14.03347	1.09373	1	-0.00197	-0.00949	0.71096	0.00373	1	0.06528	-0.01407	0.67486	0.00378	1	1.45898	0.81042	0	
1268756	8556.74219	3306367015107	0.50784	0.27720	8556.67480	0.06738	11855	1	0.55738	0.26221	1	0.49478	0.28896	1	0.52608	0.27559	1	0.49192	0.53400	12.04847	1.08571	1	0.75277	0.55882	13.56855	1.08571	1	-0.00177	-0.00900	0.67394	0.00378	1	0.06605	-0.01429	0.68288	0.00373	1	1.45898	0.81042	0	
1268757	8556.74805	3306367078890	0.50754	0.27916	8556.67480	0.07324	11855	1	0.52469	0.26294	1	0.48394	0.33851	1	0.50431	0.30072	1	0.49187	0.53383	11.86150	1.06861	1	0.75266	0.55900	13.65368	1.06861	1	-0.00177	-0.00900	0.67394	0.00381	1	0.06605	-0.01429	0.68288	0.00375	1	1.45898	0.81042	0	
1268758	8556.75586	3306367150149	0.50676	0.27998	8556.67480	0.08105	11855	1	0.51122	0.28830	1	0.48343	0.29133	1	0.49732	0.28982	1	0.49186	0.53411	12.31518	1.05151	1	0.75277	0.55876	13.56401	1.05151	1	-0.00177	-0.00900	0.67394	0.00376	1	0.06605	-0.01429	0.68288	0.00374	1	1.45898	0.81042	0	
1268759	8556.76270	3306367218317	0.50608	0.28068	8556.67480	0.08789	11855	1	0.51122	0.28830	1	0.48343	0.29133	1	0.49732	0.28982	1	0.49209	0.53444	12.67172	1.05151	1	0.75301	0.55918	13.89546	1.05151	1	-0.00182	-0.00926	0.69345	0.00371	1	0.06605	-0.01429	0.68288	0.00384	1	1.45898	0.81042	0	
1268760	8556.76855	3306367284009	0.50530	0.28316	8556.67480	0.09375	11855	1	0.52306	0.34634	1	0.46566	0.28932	1	0.49436	0.31783	1	0.49211	0.53422	12.33840	1.06861	1	0.75273	0.55849	13.89809	1.06861	1	-0.00182	-0.00926	0.69345	0.00374	1	0.06605	-0.01429	0.68288	0.00375	1	1.45898	0.81042	0	
1268761	8556.77539	3306367351273	0.50437	0.28483	8556.67480	0.10059	11855	1	0.52029	0.31725	1	0.46041	0.30249	1	0.49035	0.30987	1	0.49219	0.53422	12.14549	1.08571	1	0.75269	0.55879	14.06086	1.08571	1	-0.00182	-0.00926	0.69345	0.00382	1	0.06605	-0.01429	0.68288	0.00377	1	1.45898	0.81042	0	
1268762	8556.78223	3306367418068	0.50352	0.28592	8556.67480	0.10742	11855	1	0.51945	0.31088	1	0.46059	0.29586	1	0.49002	0.30337	1	0.49218	0.53420	13.31818	1.09373	1	0.75285	0.55854	13.57792	1.09373	1	-0.00172	-0.00900	0.67405	0.00378	1	0.06633	-0.01425	0.68366	0.00399	1	1.45898	0.81042	0	
1268763	8556.78906	3306367485366	0.50371	0.29023	8556.67480	0.11426	11855	1	0.53945	0.37439	1	0.47435	0.35264	1	0.50690	0.36351	1	0.49233	0.53415	13.26314	1.08464	1	0.75293	0.55889	13.47530	1.08464	1	-0.00172	-0.00900	0.67405	0.00379	1	0.06633	-0.01425	0.68366	0.00382	1	1.45898	0.81042	0	
1268764	8556.79590	3306367551297	0.50323	0.29276	8556.67480	0.12109	11855	1	0.52208	0.33998	1	0.46702	0.33660	1	0.49455	0.33829	1	0.49212	0.53373	12.79429	1.07556	1	0.75285	0.55881	13.48505	1.07556	1	-0.00172	-0.00900	0.67405	0.00379	1	0.06633	-0.01425	0.68366	0.00381	1	1.45898	0.81042	0	
1268765	8556.80273	3306367620117	0.50281	0.29539	8556.67480	0.12793	11855	1	0.52304	0.34708	1	0.46675	0.34390	1	0.49489	0.34549	1	0.49240	0.53382	12.46366	1.06647	1	0.75325	0.55866	13.83604	1.06647	1	-0.00165	-0.00920	0.68906	0.00386	1	0.06633	-0.01425	0.68366	0.00374	1	1.45898	0.81042	0	
1268766	8556.80957	3306367687429	0.50278	0.29276	8556.67480	0.13477	11855	1	0.51168	0.30456	1	0.49255	0.17560	1	0.50211	0.24008	1	0.49278	0.53332	12.13614	1.06647	1	0.75352	0.55724	13.49934	1.06647	1	-0.00165	-0.00920	0.68906	0.00385	1	0.06633	-0.01425	0.68366	0.00424	1	1.45898	0.81042	0	
1268767	8556.81543	3306367753243	0.50157	0.29382	8556.67480	0.14062	11855	1	0.49402	0.32331	1	0.45853	0.30865	1	0.47628	0.31598	1	0.49263	0.53347	12.27679	1.06647	1	0.75346	0.55856	14.12670	1.06647	1	-0.00165	-0.00920	0.68906	0.00365	1	0.06633	-0.01425	0.68366	0.00379	1	1.45898	0.81042	0	
1268768	8556.82227	3306367820300	0.50045	0.29459	8556.67480	0.14746	11855	1	0.49286	0.31600	1	0.45856	0.30746	1	0.47571	0.31173	1	0.49327	0.53365	13.39487	1.07556	1	0.75385	0.55795	13.19314	1.06790	1	-0.00167	-0.00958	0.71759	0.00363	1	0.06375	-0.01369	0.65658	0.00419	1	1.45898	0.81042	0	
1268769	8556.82910	3306367887281	0.50066	0.29633	8556.67480	0.15430	11855	1	0.54973	0.36519	1	0.46109	0.30728	1	0.50541	0.33624	1	0.49328	0.53383	13.40328	1.07698	1	0.75355	0.55902	13.89352	1.06932	1	-0.00167	-0.00958	0.71759	0.00366	1	0.06375	-0.01369	0.65658	0.00384	1	1.45898	0.81042	0	
1268770	8556.83594	3306367953798	0.50032	0.29784	8556.67480	0.16113	11855	1	0.52095	0.35065	1	0.46336	0.31729	1	0.49215	0.33397	1	0.49303	0.53387	13.35188	1.07841	1	0.75363	0.55858	13.70686	1.07075	1	-0.00167	-0.00958	0.71759	0.00367	1	0.06375	-0.01369	0.65658	0.00397	1	1.45898	0.81042	0	
1268771	8556.84277	3306368021039	0.50002	0.29934	8556.67480	0.16797	11855	1	0.52176	0.35655	1	0.46336	0.31729	1	0.49256	0.33692	1	0.49323	0.53338	13.04131	1.07075	1	0.75396	0.55856	13.99364	1.07075	1	-0.00152	-0.00904	0.67751	0.00375	1	0.06605	-0.01420	0.67862	0.00399	1	1.45898	0.81042	0	
1268772	8556.84961	3306368087847	0.50013	0.29950	8556.67480	0.17480	11855	1	0.52012	0.30492	1	0.48618	0.30245	1	0.50315	0.30368	1	0.49294	0.53321	12.58948	1.06166	1	0.75391	0.55860	14.00176	1.06932	1	-0.00152	-0.00904	0.67751	0.00374	1	0.06605	-0.01420	0.67862	0.00393	1	1.45898	0.81042	0	
1268773	8556.85645	3306368154790	0.50045	0.29821	8556.67480	0.18164	11855	1	0.52753	0.27589	1	0.49054	0.25087	1	0.50904	0.26338	1	0.49298	0.53276	12.50214	1.06024	1	0.75400	0.55859	14.20571	1.06790	1	-0.00152	-0.00904	0.67751	0.00387	1	0.06605	-0.01420	0.67862	0.00392	1	1.45898	0.81042	0	
1268774	8556.86230	3306368221963	0.50075	0.29705	8556.67480	0.18750	11855	1	0.52768	0.27711	1	0.49047	0.25215	1	0.50907	0.26463	1	0.49341	0.53264	12.13360	1.05881	1	0.75410	0.55820	14.14851	1.06647	1	-0.00143	-0.00907	0.67906	0.00374	1	0.06605	-0.01420	0.67862	0.00402	1	1.45898	0.81042	0	
1268775	8556.86914	3306368289022	0.50064	0.29718	8556.67480	0.19434	11855	1	0.52120	0.29591	1	0.47376	0.30600	1	0.49748	0.30095	1	0.49378	0.53304	12.26889	1.06647	1	0.75419	0.55894	13.97524	1.06647	1	-0.00143	-0.00907	0.67906	0.00386	1	0.06605	-0.01420	0.67862	0.00381	1	1.45898	0.81042	0	
1268776	8556.87598	3306368355624	0.50118	0.29618	8556.67480	0.20117	11855	1	0.53583	0.30801	1	0.49909	0.22438	1	0.51746	0.26619	1	0.49315	0.53316	12.89453	1.06647	1	0.75412	0.55808	14.09819	1.06647	1	-0.00143	-0.00907	0.67906	0.00374	1	0.06605	-0.01420	0.67862	0.00417	1	1.45898	0.81042	0	
1268777	8556.88281	3306368422131	0.50170	0.29546	8556.67480	0.20801	11855	1	0.53659	0.31456	1	0.49862	0.23174	1	0.51760	0.27315	1	0.49185	0.53401	13.04458	1.05845	1	0.75216	0.55960	14.71037	1.05845	1	-0.00152	-0.00881	0.65594	0.00363	1	0.06556	-0.01424	0.67567	0.00390	1	1.45898	0.81042	0	
1268778	8556.88965	3306368488580	0.49972	0.29488	8556.67480	0.21484	11855	1	0.43006	0.21037	1	0.44277	0.34224	1	0.43641	0.27631	1	0.49069	0.53285	12.80370	1.05044	1	0.75164	0.55989	13.99913	1.05044	1	-0.00152	-0.00881	0.65594	0.00261	1	0.06556	-0.01424	0.67567	0.00405	1	1.45898	0.81042	0	
1268779	8556.89648	3306368557087	0.49926	0.29368	8556.67480	0.22168	11855	1	0.45460	0.16181	1	0.51372	0.34611	1	0.48416	0.25396	1	0.49037	0.53273	11.61098	1.04242	1	0.75168	0.55967	13.93279	1.04242	1	-0.00152	-0.00881	0.65594	0.00278	1	0.06556	-0.01424	0.67567	0.00388	1	1.45898	0.81042	0	
1268780	8556.90332	3306368624802	0.49883	0.29284	8556.67480	0.22852	11855	1	0.45590	0.16968	1	0.51257	0.35902	1	0.48423	0.26435	1	0.48642	0.53406	12.38400	1.03440	1	0.74738	0.56095	13.90831	1.02674	1	-0.00211	-0.00895	0.65590	0.00253	1	0.06278	-0.01399	0.65467	0.00377	1	1.45898	0.81042	0	
1268781	8556.90918	3306368690120	0.49285	0.29490	8556.67480	0.23438	11855	1	0.28766	0.26171	1	0.27920	0.47220	1	0.28343	0.36695	1	0.48587	0.53421	12.13800	1.02674	1	0.74657	0.56103	13.75490	1.01908	1	-0.00211	-0.00895	0.65590	0.00264	1	0.06278	-0.01399	0.65467	0.00398	1	1.45898	0.81042	0	
1268782	8556.91602	3306368757314	0.46085	0.29551	8556.67480	0.23438	11855	0	0.30257	0.29617	1	0.28857	0.45509	1	0.29557	0.37563	1	0.48597	0.53427	11.75523	1.01908	1	0.74662	0.56133	13.92125	1.01143	1	-0.00211	-0.00895	0.65590	0.00273	1	0.06278	-0.01399	0.65467	0.00386	1	1.45898	0.81042	0	
1268783	8556.92285	3306368825054	0.37817	0.33543	8556.67480	0.23438	11855	0	0.30247	0.29585	1	0.28852	0.45483	1	0.29549	0.37534	1	0.48563	0.53459	11.80114	1.01944	1	0.74644	0.56124	13.35007	1.01178	1	-0.00223	-0.00926	0.67466	0.00256	1	0.06285	-0.01403	0.65641	0.00374	1	1.45898	0.81042	0	
1268784	8556.92969	3306368892953	0.34777	0.34854	8556.67480	0.23438	11855	0	0.28699	0.31280	1	0.28696	0.43673	1	0.28698	0.37476	1	0.48560	0.53458	11.80228	1.01980	1	0.74664	0.56117	13.65103	1.01980	1	-0.00223	-0.00926	0.67466	0.00251	1	0.06285	-0.01403	0.65641	0.00372	1	1.45898	0.81042	0	
1268785	8556.93652	3306368959458	0.28636	0.36719	8556.67480	0.23438	11855	0	0.27445	0.30800	1	0.27878	0.39494	1	0.27662	0.35147	1	0.48562	0.53465	11.83197	1.02782	1	0.74657	0.56137	13.71609	1.02782	1	-0.00223	-0.00926	0.67466	0.00246	1	0.06285	-0.01403	0.65641	0.00379	1	1.45898	0.81042	0	
1268786	8556.94336	3306369025667	0.28028	0.35459	8556.67480	0.23438	11855	0	0.27192	0.30107	1	0.27649	0.38288	1	0.27420	0.34198	1	0.48571	0.53457	11.83025	1.03583	1	0.74662	0.56141	13.24944	1.04349	1	-0.00223	-0.00926	0.67466	0.00254	1	0.06539	-0.01459	0.68242	0.00375	1	1.45898	0.81042	0	
1268787	8556.94922	3306369092104	0.27866	0.35408	8556.67480	0.23438	11855	0	0.27296	0.34491	1	0.27784	0.36122	1	0.27540	0.35306	1	0.48564	0.53468	11.98417	1.04349	1	0.74658	0.56117	13.17349	1.05115	1	-0.00223	-0.00926	0.67466	0.00246	1	0.06539	-0.01459	0.68242	0.00395	1	1.45898	0.81042	0	
1268788	8556.95605	3306369158544	0.27864	0.35561	8556.93652	0.01953	11856	1	0.26222	0.32752	1	0.29497	0.39290	1	0.27859	0.36021	1	0.48579	0.53455	11.75006	1.05115	1	0.74697	0.56167	13.59642	1.05881	1	-0.00223	-0.00926	0.67466	0.00251	1	0.06539	-0.01459	0.68242	0.00380	1	1.45898	0.81042	0	
1268789	8556.96289	3306369226788	0.27865	0.35659	8556.93652	0.02637	11856	1	0.26233	0.32781	1	0.29501	0.39316	1	0.27867	0.36049	1	0.48567	0.53459	11.77628	1.05079	1	0.74684	0.56149	13.22906	1.05845	1	-0.00214	-0.00910	0.66303	0.00257	1	0.06539	-0.01459	0.68242	0.00392	1	1.45898	0.81042	0	
1268790	8556.96973	3306369293813	0.27541	0.35339	8556.93652	0.03320	11856	1	0.25476	0.29041	1	0.26371	0.38447	1	0.25924	0.33744	1	0.48567	0.53459	11.77628	1.05044	1	0.74673	0.56159	13.85818	1.05044	1	-0.00214	-0.00910	0.66303	0.00257	1	0.06539	-0.01459	0.68242	0.00392	1	1.45898	0.81042	0	
1268791	8556.97656	3306369360881	0.27134	0.35766	8556.93652	0.04004	11856	1	0.26300	0.34242	1	0.23089	0.42407	1	0.24694	0.38325	1	0.48564	0.53459	11.71290	1.04242	1	0.74664	0.56138	13.48060	1.04242	1	-0.00214	-0.00910	0.66303	0.00255	1	0.06539	-0.01459	0.68242	0.00395	1	1.45898	0.81042	0	
1268792	8556.98340	3306369427752	0.26855	0.36163	8556.93652	0.04688	11856	1	0.26558	0.34898	1	0.23241	0.42991	1	0.24900	0.38945	1	0.48590	0.53463	11.56927	1.03440	1	0.74711	0.56125	12.89909	1.03440	1	-0.00214	-0.00910	0.66303	0.00255	1	0.06535	-0.01455	0.68089	0.00393	1	1.45898	0.81042	0	
1268793	8556.99023	3306369495191	0.26792	0.36096	8556.93652	0.05371	11856	1	0.27251	0.30504	1	0.25319	0.40617	1	0.26285	0.35560	1	0.48586	0.53456	11.44544	1.03440	1	0.74691	0.56053	13.44077	1.03440	1	-0.00214	-0.00910	0.66303	0.00253	1	0.06535	-0.01455	0.68089	0.00405	1	1.45898	0.81042	0	
1268794	8556.99707	3306369562344	0.26570	0.36341	8556.93652	0.06055	11856	1	0.24243	0.29331	1	0.24896	0.47760	1	0.24569	0.38546	1	0.48589	0.53444	11.32082	1.03440	1	0.74698	0.56135	13.71403	1.03440	1	-0.00214	-0.00910	0.66303	0.00249	1	0.06535	-0.01455	0.68089	0.00372	1	1.45898	0.81042	0	
1268795	8557.00293	3306369628719	0.26394	0.36565	8556.93652	0.06641	11856	1	0.24243	0.29331	1	0.25030	0.48284	1	0.24636	0.38808	1	0.48577	0.53444	11.78137	1.03440	1	0.74723	0.56167	12.90834	1.02674	1	-0.00214	-0.00910	0.66303	0.00249	1	0.06328	-0.01408	0.65884	0.00368	1	1.45898	0.81042	0	
1268796	8557.00977	3306369695694	0.26298	0.36739	8556.93652	0.07324	11856	1	0.23751	0.30783	1	0.26730	0.46510	1	0.25241	0.38646	1	0.48565	0.53447	11.80087	1.02674	1	0.74714	0.56109	13.07360	1.01908	1	-0.00214	-0.00910	0.66303	0.00253	1	0.06328	-0.01408	0.65884	0.00403	1	1.45898	0.81042	0	
1268797	8557.01660	3306369760509	0.26284	0.37091	8556.93652	0.08008	11856	1	0.24761	0.31640	1	0.27491	0.50989	1	0.26126	0.41315	1	0.48586	0.53454	11.35604	1.01908	1	0.74725	0.56156	13.41541	1.01143	1	-0.00214	-0.00910	0.66303	0.00247	1	0.06328	-0.01408	0.65884	0.00373	1	1.45898	0.81042	0	
1268798	8557.02344	3306369829726	0.26282	0.37416	8556.93652	0.08691	11856	1	0.25023	0.32302	1	0.27491	0.50989	1	0.26257	0.41646	1	0.48586	0.53454	11.35604	1.01143	1	0.74715	0.56088	13.14145	1.01143	1	-0.00214	-0.00910	0.66303	0.00247	1	0.06400	-0.01423	0.66578	0.00397	1	1.45898	0.81042	0	
1268799	8557.03027	3306369896197	0.26242	0.37583	8556.93652	0.09375	11856	1	0.24841	0.31856	1	0.26519	0.47986	1	0.25680	0.39921	1	0.48583	0.53456	11.39505	1.01143	1	0.74710	0.56132	13.17502	1.01908	1	-0.00214	-0.00910	0.66303	0.00244	1	0.06400	-0.01423	0.66578	0.00382	1	1.45898	0.81042	0	
1268800	8557.03711	3306369963617	0.26187	0.37741	8556.93652	0.10059	11856	1	0.24715	0.35548	1	0.25984	0.44662	1	0.25349	0.40105	1	0.48590	0.53452	11.81847	1.01908	1	0.74706	0.56095	13.07755	1.02674	1	-0.00214	-0.00910	0.66303	0.00244	1	0.06400	-0.01423	0.66578	0.00397	1	1.45898	0.81042	0	
1268801	8557.04395	3306370030998	0.26126	0.37845	8556.93652	0.10742	11856	1	0.24452	0.34916	1	0.25858	0.44111	1	0.25155	0.39514	1	0.48600	0.53450	11.51232	1.02674	1	0.74721	0.56109	13.18008	1.03440	1	-0.00214	-0.00910	0.66303	0.00248	1	0.06400	-0.01423	0.66578	0.00374	1	1.45898	0.81042	0	
1268802	8557.04980	3306370097795	0.26094	0.37720	8556.93652	0.11328	11856	1	0.24266	0.30214	1	0.26836	0.40992	1	0.25551	0.35603	1	0.48591	0.53455	11.64861	1.03440	1	0.74718	0.56106	13.15316	1.03440	1	-0.00214	-0.00910	0.66303	0.00247	1	0.06400	-0.01423	0.66578	0.00390	1	1.45898	0.81042	0	
1268803	8557.05664	3306370164557	0.26076	0.37546	8556.93652	0.12012	11856	1	0.24618	0.30221	1	0.26876	0.38580	1	0.25747	0.34401	1	0.48591	0.53451	11.55181	1.03440	1	0.74719	0.56116	13.13845	1.03440	1	-0.00214	-0.00910	0.66303	0.00247	1	0.06400	-0.01423	0.66578	0.00382	1	1.45898	0.81042	0	
1268804	8557.06348	3306370231622	0.26062	0.37403	8556.93652	0.12695	11856	1	0.24618	0.30221	1	0.26995	0.39172	1	0.25806	0.34697	1	0.48550	0.53520	11.46515	1.03440	1	0.74673	0.56220	13.90579	1.02674	1	-0.00214	-0.00920	0.66303	0.00249	1	0.06278	-0.01402	0.65361	0.00349	1	1.45898	0.81042	0	
1268805	8557.07031	3306370298522	0.26020	0.37630	8556.93652	0.13379	11856	1	0.25478	0.37384	1	0.24860	0.46925	1	0.25169	0.42155	1	0.48556	0.53527	11.67937	1.02674	1	0.74687	0.56218	13.84018	1.01908	1	-0.00214	-0.00920	0.66303	0.00249	1	0.06278	-0.01402	0.65361	0.00360	1	1.45898	0.81042	0	
1268806	8557.07715	3306370365229	0.26040	0.37865	8556.93652	0.14062	11856	1	0.27870	0.37269	1	0.25074	0.48361	1	0.26472	0.42815	1	0.48563	0.53531	12.14153	1.01908	1	0.74691	0.56219	13.89352	1.01143	1	-0.00214	-0.00920	0.66303	0.00252	1	0.06278	-0.01402	0.65361	0.00357	1	1.45898	0.81042	0	
1268807	8557.08301	3306370429869	0.26067	0.38105	8556.93652	0.14648	11856	1	0.28114	0.37886	1	0.25209	0.48893	1	0.26662	0.43390	1	0.48565	0.53532	12.05467	1.01143	1	0.74683	0.56206	13.56586	1.00377	1	-0.00214	-0.00920	0.66303	0.00251	1	0.06328	-0.01418	0.65884	0.00364	1	1.45898	0.81042	0	
1268808	8557.09082	3306370499156	0.26041	0.38279	8556.93652	0.15430	11856	1	0.25380	0.39098	1	0.25498	0.45429	1	0.25439	0.42263	1	0.48556	0.53538	12.16757	1.00377	1	0.74685	0.56187	13.20378	1.00377	1	-0.00214	-0.00920	0.66303	0.00245	1	0.06328	-0.01418	0.65884	0.00367	1	1.45898	0.81042	0	
1268809	8557.09668	3306370562784	0.26017	0.38458	8556.93652	0.16016	11856	1	0.25925	0.38467	1	0.24956	0.47079	1	0.25440	0.42773	1	0.48552	0.53521	11.73856	1.00377	1	0.74683	0.56214	13.51913	1.00377	1	-0.00214	-0.00920	0.66303	0.00249	1	0.06328	-0.01418	0.65884	0.00361	1	1.45898	0.81042	0	
1268810	8557.10352	3306370634119	0.25995	0.38624	8556.93652	0.16699	11856	1	0.25925	0.38467	1	0.24956	0.47079	1	0.25440	0.42773	1	0.48565	0.53528	11.87361	1.00377	1	0.74669	0.56168	13.05766	1.00377	1	-0.00211	-0.00915	0.65589	0.00245	1	0.06278	-0.01402	0.65361	0.00383	1	1.45898	0.81042	0	
1268811	8557.11035	3306370701264	0.25991	0.38827	8556.93652	0.17383	11856	1	0.26256	0.40320	1	0.25509	0.47858	1	0.25882	0.44089	1	0.48564	0.53541	11.89943	1.00377	1	0.74693	0.56211	14.28381	1.00377	1	-0.00211	-0.00915	0.65589	0.00250	1	0.06278	-0.01402	0.65361	0.00359	1	1.45898	0.81042	0	
1268812	8557.11719	3306370767485	0.25978	0.39001	8556.93652	0.18066	11856	1	0.26346	0.40305	1	0.24956	0.47079	1	0.25651	0.43692	1	0.48560	0.53542	11.66141	1.00377	1	0.74684	0.56214	13.53178	1.00377	1	-0.00211	-0.00915	0.65589	0.00243	1	0.06278	-0.01402	0.65361	0.00361	1	1.45898	0.81042	0	
1268813	8557.12402	3306370830905	0.25967	0.39162	8556.93652	0.18750	11856	1	0.26346	0.40305	1	0.24956	0.47079	1	0.25651	0.43692	1	0.48556	0.53549	11.69214	1.00377	1	0.74701	0.56202	13.92866	1.00377	1	-0.00211	-0.00915	0.65589	0.00245	1	0.06328	-0.01418	0.65884	0.00360	1	1.45898	0.81042	0	
1268814	8557.13086	3306370900416	0.25969	0.39291	8556.93652	0.19434	11856	1	0.27379	0.37439	1	0.24686	0.48596	1	0.26033	0.43018	1	0.48570	0.53555	11.91549	1.00377	1	0.74676	0.56235	13.89548	1.00377	1	-0.00211	-0.00915	0.65589	0.00254	1	0.06328	-0.01418	0.65884	0.00359	1	1.45898	0.81042	0	
1268815	8557.13770	3306370968071	0.25794	0.42467	8556.93652	0.19434	11856	0	0.26633	0.41000	1	0.25131	0.47498	1	0.25882	0.44249	1	0.48564	0.53553	11.92662	1.00377	1	0.74682	0.56212	13.23659	1.00377	1	-0.00211	-0.00915	0.65589	0.00241	1	0.06328	-0.01418	0.65884	0.00364	1	1.45898	0.81042	0	
1268816	8557.14453	3306371036466	0.25804	0.43222	8556.93652	0.19434	11856	0	0.26633	0.41000	1	0.24996	0.46955	1	0.25814	0.43978	1	0.48560	0.53550	11.85011	1.00377	1	0.74685	0.56204	13.08095	1.01143	1	-0.00211	-0.00915	0.65589	0.00243	1	0.06490	-0.01450	0.67618	0.00366	1	1.45898	0.81042	0	
1268817	8557.15039	3306371103718	0.26389	0.42707	8556.93652	0.19434	11856	0	0.28572	0.35472	1	0.26543	0.47880	1	0.27557	0.41676	1	0.48558	0.53547	11.90244	1.01143	1	0.74688	0.56219	13.10949	1.01908	1	-0.00211	-0.00915	0.65589	0.00243	1	0.06490	-0.01450	0.67618	0.00365	1	1.45898	0.81042	0	
1268818	8557.15723	3306371169522	0.26159	0.42362	8557.13770	0.01953	11857	1	0.27329	0.40015	1	0.23609	0.42640	1	0.25469	0.41327	1	0.48547	0.53559	11.71528	1.01908	1	0.74667	0.56187	13.17355	1.02674	1	-0.00211	-0.00915	0.65589	0.00262	1	0.06490	-0.01450	0.67618	0.00378	1	1.45898	0.81042	0	
1268819	8557.16406	3306371235969	0.25965	0.41975	8557.13770	0.02637	11857	1	0.27081	0.39418	1	0.23303	0.41435	1	0.25192	0.40427	1	0.48537	0.53567	11.81770	1.02674	1	0.74664	0.56251	13.98090	1.04308	1	-0.00211	-0.00915	0.65589	0.00256	1	0.06769	-0.01514	0.70581	0.00370	1	1.45898	0.81042	0	
1268820	8557.17090	3306371300998	0.25901	0.41960	8557.13770	0.03320	11857	1	0.26151	0.37321	1	0.25011	0.46445	1	0.25581	0.41883	1	0.48542	0.53547	11.96298	1.04308	1	0.74661	0.56234	13.78568	1.05176	1	-0.00211	-0.00915	0.65589	0.00250	1	0.06769	-0.01514	0.70581	0.00355	1	1.45898	0.81042	0	
1268821	8557.17773	3306371368442	0.25808	0.41467	8557.13770	0.04004	11857	1	0.25838	0.33209	1	0.24656	0.43813	1	0.25247	0.38511	1	0.48528	0.53559	11.88574	1.05176	1	0.74665	0.56226	13.82617	1.06044	1	-0.00211	-0.00915	0.65589	0.00252	1	0.06769	-0.01514	0.70581	0.00357	1	1.45898	0.81042	0	
1268822	8557.18457	3306371436761	0.25695	0.40976	8557.13770	0.04688	11857	1	0.25300	0.31837	1	0.24518	0.43249	1	0.24909	0.37543	1	0.48519	0.53553	11.70325	1.06846	1	0.74668	0.56237	13.93130	1.06846	1	-0.00227	-0.00960	0.68828	0.00249	1	0.06495	-0.01454	0.67783	0.00357	1	1.45898	0.81042	0	
1268823	8557.19043	3306371503865	0.25365	0.40716	8557.13770	0.05273	11857	1	0.22228	0.31179	1	0.23215	0.46082	1	0.22721	0.38631	1	0.48550	0.53570	11.44677	1.07648	1	0.74677	0.56248	13.95707	1.06780	1	-0.00227	-0.00960	0.68828	0.00244	1	0.06495	-0.01454	0.67783	0.00363	1	1.45898	0.81042	0	
1268824	8557.19727	3306371570087	0.24946	0.40218	8557.13770	0.05957	11857	1	0.21651	0.27779	1	0.20697	0.43687	1	0.21174	0.35733	1	0.48555	0.53570	10.87829	1.07581	1	0.74672	0.56258	13.45537	1.06713	1	-0.00227	-0.00960	0.68828	0.00243	1	0.06495	-0.01454	0.67783	0.00403	1	1.45898	0.81042	0	
1268825	8557.20410	3306371637358	0.24605	0.39815	8557.13770	0.06641	11857	1	0.21674	0.27836	1	0.20711	0.43733	1	0.21193	0.35785	1	0.48959	0.53915	11.47803	1.07515	1	0.75007	0.56368	13.04215	1.06647	1	-0.00183	-0.00970	0.67693	0.00311	1	0.06578	-0.01497	0.68112	0.00327	1	1.45898	0.81042	0	
1268826	8557.21094	3306371705240	0.25679	0.41131	8557.13770	0.07324	11857	1	0.38435	0.57221	1	0.36554	0.54011	1	0.37494	0.55616	1	0.49054	0.54014	12.39156	1.06647	1	0.75128	0.56472	12.24813	1.06647	1	-0.00183	-0.00970	0.67693	0.00335	1	0.06578	-0.01497	0.68112	0.00357	1	1.45898	0.81042	0	
1268827	8557.21777	3306371772177	0.26269	0.42014	8557.13770	0.08008	11857	1	0.33197	0.50906	1	0.33511	0.54294	1	0.33354	0.52600	1	0.49051	0.53988	11.42077	1.06647	1	0.75122	0.56473	12.96877	1.06647	1	-0.00183	-0.00970	0.67693	0.00345	1	0.06578	-0.01497	0.68112	0.00349	1	1.45898	0.81042	0	
1268828	8557.22461	3306371838953	0.26778	0.42786	8557.13770	0.08691	11857	1	0.33197	0.50906	1	0.33581	0.54760	1	0.33389	0.52833	1	0.49395	0.54056	11.62239	1.06647	1	0.75415	0.56566	12.06632	1.05881	1	-0.00112	-0.00997	0.67834	0.00290	1	0.06389	-0.01466	0.65595	0.00336	1	1.45898	0.81042	0	
1268829	8557.23145	3306371906180	0.28160	0.43805	8557.13770	0.09375	11857	1	0.48817	0.57102	1	0.46202	0.59039	1	0.47510	0.58071	1	0.49425	0.54072	12.16135	1.05881	1	0.75403	0.56602	12.42643	1.05115	1	-0.00112	-0.00997	0.67834	0.00293	1	0.06389	-0.01466	0.65595	0.00333	1	1.45898	0.81042	0	
1268830	8557.23730	3306371971354	0.29441	0.44579	8557.13770	0.09961	11857	1	0.50928	0.57749	1	0.46384	0.54618	1	0.48656	0.56183	1	0.49421	0.54089	12.14678	1.05115	1	0.75403	0.56602	12.42643	1.04349	1	-0.00112	-0.00997	0.67834	0.00284	1	0.06389	-0.01466	0.65595	0.00333	1	1.45898	0.81042	0	
1268831	8557.24414	3306372040149	0.30576	0.45303	8557.13770	0.10645	11857	1	0.51117	0.58647	1	0.46362	0.55121	1	0.48740	0.56884	1	0.49439	0.54094	12.48537	1.03548	1	0.75413	0.56613	12.05084	1.03548	1	-0.00104	-0.00967	0.65773	0.00283	1	0.06649	-0.01525	0.68212	0.00326	1	1.45898	0.81042	0	
1268832	8557.25098	3306372107001	0.34490	0.48531	8557.13770	0.10645	11857	0	0.53207	0.63207	1	0.45781	0.64747	1	0.49494	0.63977	1	0.49428	0.54129	12.37154	1.02746	1	0.75414	0.56650	12.48283	1.03512	1	-0.00104	-0.00967	0.65773	0.00296	1	0.06649	-0.01525	0.68212	0.00310	1	1.45898	0.81042	0	
1268833	8557.25781	3306372172975	0.42063	0.55192	8557.13770	0.10645	11857	0	0.53003	0.60536	1	0.46269	0.63169	1	0.49636	0.61853	1	0.49427	0.54094	12.27450	1.02710	1	0.75408	0.56626	12.18031	1.03476	1	-0.00104	-0.00967	0.65773	0.00280	1	0.06649	-0.01525	0.68212	0.00318	1	1.45898	0.81042	0	
1268834	8557.26465	3306372241148	0.44574	0.57341	8557.13770	0.10645	11857	0	0.52922	0.60109	1	0.46269	0.63169	1	0.49596	0.61639	1	0.49432	0.54139	12.36412	1.03476	1	0.75407	0.56648	12.25392	1.03476	1	-0.00112	-0.00997	0.67834	0.00293	1	0.06389	-0.01466	0.65595	0.00306	1	1.45898	0.81042	0	
1268835	8557.27148	3306372308564	0.49846	0.62460	8557.13770	0.10645	11857	0	0.52366	0.59057	1	0.48246	0.68721	1	0.50306	0.63889	1	0.49426	0.54096	12.16679	1.04278	1	0.75439	0.56686	13.43075	1.03512	1	-0.00112	-0.00997	0.67834	0.00312	1	0.06389	-0.01466	0.65595	0.00302	1	1.45898	0.81042	0	
1268836	8557.27832	3306372374967	0.49525	0.63735	8557.13770	0.10645	11857	0	0.51509	0.63914	1	0.46898	0.66104	1	0.49203	0.65009	1	0.49422	0.54144	12.20533	1.04313	1	0.75421	0.56664	12.15384	1.03548	1	-0.00112	-0.00997	0.67834	0.00292	1	0.06389	-0.01466	0.65595	0.00306	1	1.45898	0.81042	0	
1268837	8557.28418	3306372441640	0.49421	0.64087	8557.13770	0.10645	11857	0	0.51505	0.63896	1	0.46923	0.65685	1	0.49214	0.64791	1	0.49406	0.54129	12.20989	1.04349	1	0.75427	0.56686	13.09114	1.04349	1	-0.00124	-0.01017	0.68800	0.00287	1	0.06534	-0.01503	0.67034	0.00301	1	1.45898	0.81042	0	
1268838	8557.29102	3306372509129	0.49373	0.64082	8557.27148	0.01953	11858	1	0.51532	0.62288	1	0.46924	0.65849	1	0.49228	0.64068	1	0.49409	0.54125	12.18289	1.04349	1	0.75429	0.56667	13.47312	1.05115	1	-0.00124	-0.01017	0.68800	0.00288	1	0.06534	-0.01503	0.67034	0.00306	1	1.45898	0.81042	0	
1268839	8557.29785	3306372573907	0.49509	0.64222	8557.27148	0.02637	11858	1	0.52453	0.63678	1	0.47650	0.65890	1	0.50051	0.64784	1	0.49424	0.54144	12.30507	1.05115	1	0.75439	0.56690	13.56524	1.05881	1	-0.00124	-0.01017	0.68800	0.00290	1	0.06534	-0.01503	0.67034	0.00298	1	1.45898	0.81042	0	
1268840	8557.30469	3306372640141	0.49595	0.64250	8557.27148	0.03320	11858	1	0.52370	0.63283	1	0.47679	0.65497	1	0.50025	0.64390	1	0.49431	0.54132	12.33660	1.05881	1	0.75441	0.56695	13.46309	1.06647	1	-0.00124	-0.01017	0.68800	0.00294	1	0.06649	-0.01525	0.68212	0.00298	1	1.45898	0.81042	0	
1268841	8557.31152	3306372707149	0.49795	0.64246	8557.27148	0.04004	11858	1	0.53769	0.62351	1	0.48228	0.66086	1	0.50999	0.64218	1	0.49443	0.54127	11.92230	1.06647	1	0.75445	0.56679	13.34575	1.06647	1	-0.00124	-0.01017	0.68800	0.00298	1	0.06649	-0.01525	0.68212	0.00303	1	1.45898	0.81042	0	
1268842	8557.31738	3306372773073	0.49849	0.63915	8557.27148	0.04590	11858	1	0.51947	0.57589	1	0.48506	0.65605	1	0.50226	0.61597	1	0.49426	0.54097	11.98391	1.06647	1	0.75439	0.56677	13.27251	1.06647	1	-0.00124	-0.01017	0.68800	0.00289	1	0.06649	-0.01525	0.68212	0.00303	1	1.45898	0.81042	0	
1268843	8557.32520	3306372843029	0.49891	0.63657	8557.27148	0.05371	11858	1	0.51947	0.57589	1	0.48506	0.65605	1	0.50226	0.61597	1	0.49418	0.54119	11.90842	1.06647	1	0.75432	0.56691	13.34950	1.06647	1	-0.00124	-0.01017	0.68800	0.00291	1	0.06534	-0.01503	0.67034	0.00298	1	1.45898	0.81042	0	
1268844	8557.33105	3306372908039	0.49912	0.63567	8557.27148	0.05957	11858	1	0.52067	0.61320	1	0.48131	0.64191	1	0.50099	0.62755	1	0.49429	0.54120	11.74603	1.06647	1	0.75436	0.56673	13.18323	1.06647	1	-0.00124	-0.01017	0.68800	0.00298	1	0.06534	-0.01503	0.67034	0.00306	1	1.45898	0.81042	0	
1268845	8557.33789	3306372978029	0.49956	0.63558	8557.27148	0.06641	11858	1	0.52687	0.61391	1	0.48100	0.65550	1	0.50393	0.63471	1	0.49425	0.54118	11.89411	1.06647	1	0.75435	0.56683	13.40123	1.06647	1	-0.00124	-0.01017	0.68800	0.00292	1	0.06534	-0.01503	0.67034	0.00298	1	1.45898	0.81042	0	
1268846	8557.34473	3306373044595	0.49992	0.63551	8557.27148	0.07324	11858	1	0.52687	0.61391	1	0.48100	0.65550	1	0.50393	0.63471	1	0.49432	0.54124	12.16391	1.06647	1	0.75440	0.56685	13.44285	1.06647	1	-0.00124	-0.01017	0.68800	0.00293	1	0.06649	-0.01535	0.68212	0.00298	1	1.45898	0.81042	0	
1268847	8557.35156	3306373111624	0.50117	0.63497	8557.27148	0.08008	11858	1	0.54564	0.60214	1	0.48663	0.65496	1	0.51613	0.62855	1	0.49428	0.54123	12.04057	1.06647	1	0.75447	0.56678	13.59221	1.06647	1	-0.00124	-0.01017	0.68800	0.00293	1	0.06649	-0.01535	0.68212	0.00303	1	1.45898	0.81042	0	
1268848	8557.35840	3306373178589	0.50243	0.63505	8557.27148	0.08691	11858	1	0.55341	0.62127	1	0.48431	0.65086	1	0.51886	0.63606	1	0.49423	0.54114	11.80911	1.06647	1	0.75439	0.56671	13.32325	1.06647	1	-0.00124	-0.01017	0.68800	0.00293	1	0.06649	-0.01535	0.68212	0.00307	1	1.45898	0.81042	0	
1268849	8557.36523	3306373244423	0.50353	0.63512	8557.27148	0.09375	11858	1	0.55341	0.62127	1	0.48431	0.65086	1	0.51886	0.63606	1	0.49424	0.54132	11.87009	1.06647	1	0.75454	0.56679	12.79495	1.06647	1	-0.00121	-0.01002	0.67452	0.00294	1	0.06649	-0.01525	0.68212	0.00306	1	1.45898	0.81042	0	
1268850	8557.37207	3306373312742	0.50454	0.63591	8557.27148	0.10059	11858	1	0.54706	0.63493	1	0.49227	0.66057	1	0.51967	0.64775	1	0.49418	0.54132	11.97749	1.06647	1	0.75451	0.56693	13.10157	1.06647	1	-0.00121	-0.01002	0.67452	0.00292	1	0.06649	-0.01525	0.68212	0.00298	1	1.45898	0.81042	0	
1268851	8557.37891	3306373379971	0.50532	0.63530	8557.27148	0.10742	11858	1	0.54597	0.58912	1	0.48975	0.66216	1	0.51786	0.62564	1	0.49420	0.54133	12.03414	1.06647	1	0.75451	0.56692	12.96660	1.06647	1	-0.00121	-0.01002	0.67452	0.00292	1	0.06649	-0.01525	0.68212	0.00299	1	1.45898	0.81042	0	
1268852	8557.38477	3306373446771	0.50602	0.63477	8557.27148	0.11328	11858	1	0.54597	0.58912	1	0.48975	0.66216	1	0.51786	0.62564	1	0.49383	0.54147	12.48628	1.06647	1	0.75456	0.56687	13.11118	1.06647	1	-0.00121	-0.01002	0.67452	0.00287	1	0.06649	-0.01535	0.68212	0.00301	1	1.45898	0.81042	0	
1268853	8557.39160	3306373513596	0.50689	0.63489	8557.27148	0.12012	11858	1	0.55538	0.60999	1	0.48973	0.66435	1	0.52256	0.63717	1	0.49435	0.54130	11.90969	1.06647	1	0.75452	0.56682	13.00869	1.06647	1	-0.00121	-0.01002	0.67452	0.00294	1	0.06649	-0.01535	0.68212	0.00301	1	1.45898	0.81042	0	
1268854	8557.39844	3306373578923	0.50710	0.63492	8557.27148	0.12695	11858	1	0.53703	0.61552	1	0.48542	0.65546	1	0.51123	0.63549	1	0.49419	0.54136	11.94833	1.06647	1	0.75447	0.56691	12.85789	1.06647	1	-0.00121	-0.01002	0.67452	0.00290	1	0.06649	-0.01535	0.68212	0.00303	1	1.45898	0.81042	0	
1268855	8557.40527	3306373647287	0.50730	0.63495	8557.27148	0.13379	11858	1	0.53703	0.61552	1	0.48542	0.65546	1	0.51123	0.63549	1	0.49413	0.54108	11.74304	1.06647	1	0.75446	0.56684	12.88067	1.06647	1	-0.00124	-0.01017	0.68800	0.00307	1	0.06649	-0.01535	0.68212	0.00300	1	1.45898	0.81042	0	
1268856	8557.41211	3306373713558	0.50748	0.63410	8557.27148	0.14062	11858	1	0.52833	0.57716	1	0.49430	0.65546	1	0.51132	0.61631	1	0.49404	0.54133	11.85930	1.06647	1	0.75456	0.56687	13.11118	1.06647	1	-0.00124	-0.01017	0.68800	0.00300	1	0.06649	-0.01535	0.68212	0.00301	1	1.45898	0.81042	0	
1268857	8557.41895	3306373782397	0.50705	0.63304	8557.27148	0.14746	11858	1	0.51876	0.55909	1	0.47653	0.66035	1	0.49764	0.60972	1	0.49422	0.54105	11.64426	1.06647	1	0.75434	0.56687	13.29404	1.06647	1	-0.00124	-0.01017	0.68800	0.00309	1	0.06649	-0.01535	0.68212	0.00297	1	1.45898	0.81042	0	
1268858	8557.42578	3306373849438	0.50666	0.63215	8557.27148	0.15430	11858	1	0.51876	0.55909	1	0.47624	0.66424	1	0.49750	0.61166	1	0.49482	0.54144	11.92791	1.06647	1	0.75534	0.56679	12.87142	1.05881	1	-0.00101	-0.00994	0.67250	0.00299	1	0.06526	-0.01503	0.66801	0.00304	1	1.45898	0.81042	0	
1268859	8557.43262	3306373916458	0.50726	0.63268	8557.27148	0.16113	11858	1	0.56244	0.59221	1	0.48130	0.69858	1	0.52187	0.64540	1	0.49573	0.54159	11.59403	1.05881	1	0.75550	0.56753	12.87534	1.05115	1	-0.00101	-0.00994	0.67250	0.00294	1	0.06526	-0.01503	0.66801	0.00312	1	1.45898	0.81042	0	
1268860	8557.43848	3306373982163	0.50628	0.63197	8557.27148	0.16699	11858	1	0.50922	0.56431	1	0.45404	0.66407	1	0.48163	0.61419	1	0.49564	0.54113	11.66248	1.05115	1	0.75557	0.56728	12.64862	1.04349	1	-0.00101	-0.00994	0.67250	0.00308	1	0.06526	-0.01503	0.66801	0.00312	1	1.45898	0.81042	0	
1268861	8557.44531	3306374049315	0.50538	0.63140	8557.27148	0.17383	11858	1	0.51014	0.56879	1	0.45404	0.66407	1	0.48209	0.61643	1	0.49726	0.54109	11.78914	1.04349	1	0.75720	0.56721	13.24349	1.04349	1	-0.00082	-0.01011	0.68441	0.00309	1	0.06688	-0.01534	0.68189	0.00306	1	1.45898	0.81042	0	
1268862	8557.45215	3306374116344	0.50761	0.63241	8557.27148	0.18066	11858	1	0.61181	0.60189	1	0.52341	0.71760	1	0.56761	0.65975	1	0.49720	0.54145	12.28905	1.04349	1	0.75703	0.56776	13.28705	1.05115	1	-0.00082	-0.01011	0.68441	0.00294	1	0.06688	-0.01534	0.68189	0.00315	1	1.45898	0.81042	0	
1268863	8557.45898	3306374183438	0.50988	0.63225	8557.27148	0.18750	11858	1	0.61196	0.56635	1	0.53514	0.68946	1	0.57355	0.62790	1	0.49719	0.54139	12.25512	1.05115	1	0.75718	0.56758	13.27527	1.05881	1	-0.00082	-0.01011	0.68441	0.00294	1	0.06688	-0.01534	0.68189	0.00322	1	1.45898	0.81042	0	
1268864	8557.46484	3306374246899	0.51200	0.63211	8557.27148	0.19336	11858	1	0.61198	0.56656	1	0.53511	0.68963	1	0.57354	0.62809	1	0.49722	0.54141	12.32260	1.05079	1	0.75754	0.56783	13.39966	1.05845	1	-0.00078	-0.01022	0.69197	0.00292	1	0.06688	-0.01534	0.68189	0.00315	1	1.45898	0.81042	0	
1268865	8557.47266	3306374317055	0.51428	0.63222	8557.27148	0.20117	11858	1	0.61177	0.57175	1	0.55369	0.69891	1	0.58273	0.63533	1	0.49717	0.54137	12.32404	1.05044	1	0.75753	0.56779	13.59437	1.05044	1	-0.00078	-0.01022	0.69197	0.00295	1	0.06688	-0.01534	0.68189	0.00316	1	1.45898	0.81042	0	
1268866	8557.47852	3306374384396	0.51648	0.63324	8557.27148	0.20703	11858	1	0.61748	0.59022	1	0.55172	0.73948	1	0.58460	0.66485	1	0.49721	0.54135	12.30679	1.04242	1	0.75759	0.56789	13.38168	1.04242	1	-0.00078	-0.01022	0.69197	0.00295	1	0.06688	-0.01534	0.68189	0.00311	1	1.45898	0.81042	0	
1268867	8557.48535	3306374448237	0.51853	0.63443	8557.27148	0.21387	11858	1	0.61789	0.59872	1	0.55006	0.74624	1	0.58397	0.67248	1	0.49711	0.54149	12.40473	1.02728	1	0.75774	0.56792	13.37149	1.02728	1	-0.00068	-0.00948	0.64469	0.00295	1	0.06604	-0.01508	0.67233	0.00321	1	1.45898	0.81042	0	
1268868	8557.49219	3306374515617	0.52030	0.63566	8557.27148	0.22070	11858	1	0.59801	0.61458	1	0.55953	0.73787	1	0.57877	0.67622	1	0.49697	0.54150	12.68740	1.02015	1	0.75780	0.56783	13.29285	1.02015	1	-0.00068	-0.00948	0.64469	0.00297	1	0.06604	-0.01508	0.67233	0.00316	1	1.45898	0.81042	0	
1268869	8557.49902	3306374581707	0.55104	0.64292	8557.27148	0.22070	11858	0	0.60547	0.57157	1	0.56375	0.75389	1	0.58461	0.66273	1	0.49704	0.54124	11.91635	1.01303	1	0.75782	0.56789	13.49203	1.01303	1	-0.00068	-0.00948	0.64469	0.00295	1	0.06604	-0.01508	0.67233	0.00319	1	1.45898	0.81042	0	
1268870	8557.50586	3306374650692	0.56759	0.65368	8557.27148	0.22070	11858	0	0.60547	0.57157	1	0.56279	0.75730	1	0.58413	0.66443	1	0.49714	0.54130	12.10970	1.01303	1	0.75784	0.56773	12.95020	1.00537	1	-0.00065	-0.00991	0.66734	0.00296	1	0.06496	-0.01487	0.66081	0.00324	1	1.45898	0.81042	0	
1268871	8557.51172	3306374716713	0.57448	0.66451	8557.27148	0.22070	11858	0	0.60800	0.57364	1	0.56856	0.79874	1	0.58828	0.68619	1	0.49711	0.54121	11.91711	1.01249	1	0.75788	0.56790	12.98214	1.00483	1	-0.00065	-0.00991	0.66734	0.00297	1	0.06496	-0.01487	0.66081	0.00331	1	1.45898	0.81042	0	
1268872	8557.51855	3306374783311	0.57859	0.67057	8557.49902	0.01953	11859	1	0.61125	0.63930	1	0.57058	0.73818	1	0.59092	0.68874	1	0.49724	0.54131	12.27218	1.01196	1	0.75794	0.56771	13.23235	1.00430	1	-0.00065	-0.00991	0.66734	0.00296	1	0.06496	-0.01487	0.66081	0.00320	1	1.45898	0.81042	0	
1268873	8557.52539	3306374849106	0.58105	0.67426	8557.49902	0.02637	11859	1	0.61127	0.63959	1	0.57051	0.73843	1	0.59089	0.68901	1	0.49720	0.54133	12.29013	1.01143	1	0.75775	0.56777	13.34605	1.00377	1	-0.00065	-0.00986	0.66734	0.00296	1	0.06481	-0.01478	0.65928	0.00318	1	1.45898	0.81042	0	
1268874	8557.53223	3306374918790	0.58157	0.67654	8557.49902	0.03320	11859	1	0.61355	0.65752	1	0.55480	0.71832	1	0.58417	0.68792	1	0.49715	0.54136	12.41851	1.00377	1	0.75766	0.56739	12.58200	1.00377	1	-0.00065	-0.00986	0.66734	0.00296	1	0.06481	-0.01478	0.65928	0.00326	1	1.45898	0.81042	0	
1268875	8557.53906	3306374984262	0.58284	0.67935	8557.49902	0.04004	11859	1	0.61109	0.65174	1	0.56979	0.74077	1	0.59044	0.69626	1	0.49700	0.54126	12.14799	1.00377	1	0.75790	0.56733	13.07987	1.00377	1	-0.00065	-0.00986	0.66734	0.00298	1	0.06481	-0.01478	0.65928	0.00313	1	1.45898	0.81042	0	
1268876	8557.54590	3306375053929	0.58379	0.68147	8557.49902	0.04688	11859	1	0.61109	0.65174	1	0.56979	0.74077	1	0.59044	0.69626	1	0.49712	0.54127	12.09515	1.00377	1	0.75789	0.56747	12.73717	1.00377	1	-0.00065	-0.00981	0.66734	0.00295	1	0.06481	-0.01478	0.65928	0.00322	1	1.45898	0.81042	0	
1268877	8557.55273	3306375121276	0.58424	0.67709	8557.49902	0.05371	11859	1	0.60802	0.59392	1	0.56767	0.69026	1	0.58784	0.64209	1	0.49718	0.54116	12.37542	1.00377	1	0.75784	0.56740	12.80133	1.00377	1	-0.00065	-0.00981	0.66734	0.00299	1	0.06481	-0.01478	0.65928	0.00317	1	1.45898	0.81042	0	
1268878	8557.55957	3306375187140	0.58442	0.67773	8557.49902	0.06055	11859	1	0.61031	0.62881	1	0.56169	0.73823	1	0.58600	0.68352	1	0.49720	0.54125	12.55607	1.00377	1	0.75774	0.56748	13.26281	1.00377	1	-0.00065	-0.00981	0.66734	0.00294	1	0.06481	-0.01478	0.65928	0.00307	1	1.45898	0.81042	0	
1268879	8557.56641	3306375254953	0.58456	0.67826	8557.49902	0.06738	11859	1	0.61031	0.62881	1	0.56169	0.73823	1	0.58600	0.68352	1	0.49710	0.54131	12.62364	1.00377	1	0.75774	0.56727	12.86306	1.00377	1	-0.00065	-0.00981	0.66734	0.00293	1	0.06481	-0.01478	0.65928	0.00305	1	1.45898	0.81042	0	
1268880	8557.57324	3306375323124	0.58486	0.67682	8557.49902	0.07422	11859	1	0.61293	0.62374	1	0.56329	0.69820	1	0.58811	0.66097	1	0.49709	0.54114	11.91364	1.00377	1	0.75781	0.56718	12.81146	1.00377	1	-0.00065	-0.00981	0.66734	0.00294	1	0.06481	-0.01478	0.65928	0.00307	1	1.45898	0.81042	0	
1268881	8557.57910	3306375389952	0.58480	0.67706	8557.49902	0.08008	11859	1	0.61196	0.63275	1	0.55620	0.72720	1	0.58408	0.67998	1	0.49708	0.54113	12.21348	1.00377	1	0.75775	0.56724	12.63565	1.00377	1	-0.00065	-0.00981	0.66734	0.00289	1	0.06481	-0.01478	0.65928	0.00311	1	1.45898	0.81042	0	
1268882	8557.58594	3306375456305	0.58474	0.67727	8557.49902	0.08691	11859	1	0.61196	0.63275	1	0.55620	0.72720	1	0.58408	0.67998	1	0.49716	0.54118	12.36125	1.00377	1	0.75781	0.56734	12.68111	1.00377	1	-0.00065	-0.00981	0.66734	0.00287	1	0.06481	-0.01478	0.65928	0.00311	1	1.45898	0.81042	0	
1268883	8557.59277	3306375523703	0.58504	0.67587	8557.49902	0.09375	11859	1	0.61174	0.60868	1	0.56660	0.70388	1	0.58917	0.65628	1	0.49716	0.54116	12.44643	1.00377	1	0.75783	0.56744	12.73984	1.00377	1	-0.00065	-0.00981	0.66734	0.00287	1	0.06481	-0.01478	0.65928	0.00312	1	1.45898	0.81042	0	
1268884	8557.59961	3306375589994	0.58577	0.67601	8557.49902	0.10059	11859	1	0.62520	0.60296	1	0.56816	0.75321	1	0.59668	0.67809	1	0.49724	0.54113	12.22589	1.00377	1	0.75786	0.56740	12.64702	1.00377	1	-0.00065	-0.00981	0.66734	0.00287	1	0.06481	-0.01478	0.65928	0.00313	1	1.45898	0.81042	0	
1268885	8557.60645	3306375659213	0.58644	0.67603	8557.49902	0.10742	11859	1	0.62520	0.60296	1	0.56916	0.74976	1	0.59718	0.67636	1	0.49706	0.54080	12.25003	1.00377	1	0.75792	0.56736	12.87733	1.01143	1	-0.00078	-0.01017	0.69197	0.00282	1	0.06604	-0.01508	0.67233	0.00314	1	1.45898	0.81042	0	
1268886	8557.61328	3306375726170	0.58603	0.67590	8557.49902	0.11426	11859	1	0.59862	0.59482	1	0.55948	0.75271	1	0.57905	0.67376	1	0.49700	0.54083	12.34500	1.01143	1	0.75778	0.56772	13.41428	1.01908	1	-0.00078	-0.01017	0.69197	0.00284	1	0.06604	-0.01508	0.67233	0.00299	1	1.45898	0.81042	0	
1268887	8557.61914	3306375791352	0.58580	0.67533	8557.49902	0.12012	11859	1	0.59825	0.59358	1	0.56528	0.73625	1	0.58177	0.66492	1	0.49697	0.54093	12.28918	1.01908	1	0.75777	0.56765	13.12358	1.02674	1	-0.00078	-0.01017	0.69197	0.00282	1	0.06604	-0.01508	0.67233	0.00300	1	1.45898	0.81042	0	
1268888	8557.62598	3306375856791	0.58563	0.67440	8557.49902	0.12695	11859	1	0.59755	0.58462	1	0.56723	0.72908	1	0.58239	0.65685	1	0.49674	0.54071	11.36968	1.03476	1	0.75756	0.56713	13.27817	1.04242	1	-0.00082	-0.01006	0.68441	0.00293	1	0.06605	-0.01500	0.67346	0.00302	1	1.45898	0.81042	0	
1268889	8557.63281	3306375924116	0.58514	0.67163	8557.49902	0.13379	11859	1	0.58973	0.56009	1	0.56087	0.67235	1	0.57530	0.61622	1	0.49621	0.54067	10.36478	1.05044	1	0.75683	0.56683	12.42196	1.05044	1	-0.00082	-0.01006	0.68441	0.00287	1	0.06605	-0.01500	0.67346	0.00308	1	1.45898	0.81042	0	
1268890	8557.63965	3306375992719	0.58664	0.67129	8557.49902	0.14062	11859	1	0.63233	0.59772	1	0.60380	0.73037	1	0.61806	0.66405	1	0.49602	0.54074	11.13148	1.05845	1	0.75667	0.56650	13.40301	1.05845	1	-0.00082	-0.01006	0.68441	0.00273	1	0.06605	-0.01500	0.67346	0.00293	1	1.45898	0.81042	0	
1268891	8557.64648	3306376059807	0.58800	0.67087	8557.49902	0.14746	11859	1	0.63221	0.59335	1	0.60386	0.73021	1	0.61804	0.66178	1	0.49278	0.53984	11.37887	1.06647	1	0.75302	0.56488	12.90975	1.05881	1	-0.00143	-0.00978	0.67905	0.00325	1	0.06375	-0.01440	0.65552	0.00327	1	1.45898	0.81042	0	
1268892	8557.65332	3306376126253	0.58411	0.66590	8557.49902	0.15430	11859	1	0.51166	0.56163	1	0.47749	0.54136	1	0.49457	0.55150	1	0.49226	0.53966	11.47216	1.05881	1	0.75271	0.56411	12.38768	1.05115	1	-0.00143	-0.00978	0.67905	0.00299	1	0.06375	-0.01440	0.65552	0.00324	1	1.45898	0.81042	0	
1268893	8557.66016	3306376192683	0.58213	0.66186	8557.49902	0.16113	11859	1	0.54357	0.53787	1	0.52559	0.59212	1	0.53458	0.56500	1	0.49185	0.53935	11.51609	1.05115	1	0.75275	0.56395	13.66516	1.04349	1	-0.00143	-0.00978	0.67905	0.00301	1	0.06375	-0.01440	0.65552	0.00284	1	1.45898	0.81042	0	
1268894	8557.66602	3306376260012	0.58033	0.65831	8557.49902	0.16699	11859	1	0.54499	0.54742	1	0.52564	0.59174	1	0.53532	0.56958	1	0.48846	0.54010	11.63561	1.03548	1	0.74892	0.56338	13.44455	1.04416	1	-0.00193	-0.00946	0.66027	0.00351	1	0.06550	-0.01476	0.68090	0.00339	1	1.45898	0.81042	0	
1268895	8557.67285	3306376326595	0.55583	0.62858	8557.49902	0.16699	11859	0	0.37518	0.57346	1	0.33881	0.55625	1	0.35699	0.56485	1	0.48798	0.53927	11.63178	1.03614	1	0.74813	0.56326	13.03573	1.05248	1	-0.00193	-0.00946	0.66027	0.00328	1	0.06550	-0.01476	0.68090	0.00342	1	1.45898	0.81042	0	
1268896	8557.67969	3306376393884	0.45656	0.58726	8557.49902	0.16699	11859	0	0.37482	0.56901	1	0.33976	0.52286	1	0.35729	0.54594	1	0.48808	0.53937	12.36055	1.04446	1	0.74819	0.56348	13.12845	1.06080	1	-0.00193	-0.00946	0.66027	0.00317	1	0.06550	-0.01476	0.68090	0.00340	1	1.45898	0.81042	0	
1268897	8557.68652	3306376460562	0.42259	0.57016	8557.49902	0.16699	11859	0	0.37096	0.55936	1	0.33834	0.51255	1	0.35465	0.53595	1	0.48758	0.53941	11.39308	1.06080	1	0.74731	0.56326	12.81755	1.07714	1	-0.00210	-0.00950	0.66637	0.00344	1	0.06658	-0.01505	0.69423	0.00353	1	1.45898	0.81042	0	
1268898	8557.69336	3306376528204	0.33734	0.54015	8557.49902	0.16699	11859	0	0.34327	0.58881	1	0.25691	0.48829	1	0.30009	0.53855	1	0.48761	0.53950	11.47293	1.08516	1	0.74720	0.56337	12.97025	1.08516	1	-0.00210	-0.00950	0.66637	0.00339	1	0.06658	-0.01505	0.69423	0.00351	1	1.45898	0.81042	0	
1268899	8557.69922	3306376591692	0.31713	0.51805	8557.49902	0.16699	11859	0	0.33264	0.51258	1	0.26119	0.47932	1	0.29691	0.49595	1	0.48760	0.53915	11.12423	1.09318	1	0.74742	0.56339	12.90666	1.09318	1	-0.00210	-0.00950	0.66637	0.00344	1	0.06658	-0.01505	0.69423	0.00343	1	1.45898	0.81042	0	
1268900	8557.70605	3306376659548	0.31026	0.51075	8557.49902	0.16699	11859	0	0.33056	0.50762	1	0.26247	0.48470	1	0.29651	0.49616	1	0.48793	0.53923	11.66279	1.10119	1	0.74752	0.56344	12.49312	1.08485	1	-0.00210	-0.00950	0.66637	0.00344	1	0.06328	-0.01428	0.65884	0.00337	1	1.45898	0.81042	0	
1268901	8557.71289	3306376726974	0.30861	0.51374	8557.69336	0.01953	11860	1	0.34758	0.52597	1	0.25978	0.51940	1	0.30368	0.52269	1	0.48776	0.53934	11.76938	1.08485	1	0.74723	0.56345	12.80148	1.06851	1	-0.00210	-0.00950	0.66637	0.00334	1	0.06328	-0.01428	0.65884	0.00344	1	1.45898	0.81042	0	
1268902	8557.71973	3306376793141	0.30957	0.51413	8557.69336	0.02637	11860	1	0.34731	0.51027	1	0.27951	0.52111	1	0.31341	0.51569	1	0.48755	0.53897	11.48940	1.06851	1	0.74752	0.56341	12.38066	1.05217	1	-0.00210	-0.00950	0.66637	0.00331	1	0.06328	-0.01428	0.65884	0.00337	1	1.45898	0.81042	0	
1268903	8557.72656	3306376858948	0.31092	0.51656	8557.69336	0.03320	11860	1	0.35347	0.52571	1	0.28190	0.53171	1	0.31769	0.52871	1	0.48721	0.53945	11.15481	1.04416	1	0.74754	0.56357	12.37082	1.03548	1	-0.00214	-0.00950	0.66302	0.00334	1	0.06535	-0.01476	0.68089	0.00339	1	1.45898	0.81042	0	
1268904	8557.73340	3306376927253	0.31037	0.51950	8557.69336	0.04004	11860	1	0.33951	0.53613	1	0.27454	0.53824	1	0.30703	0.53719	1	0.48693	0.53885	11.07511	1.02746	1	0.74740	0.56355	12.76122	1.03512	1	-0.00214	-0.00950	0.66302	0.00353	1	0.06535	-0.01476	0.68089	0.00335	1	1.45898	0.81042	0	
1268905	8557.74023	3306376993056	0.30990	0.52559	8557.69336	0.04688	11860	1	0.34599	0.58525	1	0.26730	0.55120	1	0.30665	0.56823	1	0.48705	0.53945	11.17708	1.02710	1	0.74725	0.56370	13.17241	1.03476	1	-0.00214	-0.00950	0.66302	0.00348	1	0.06535	-0.01476	0.68089	0.00331	1	1.45898	0.81042	0	
1268906	8557.74609	3306377059017	0.30955	0.53035	8557.69336	0.05273	11860	1	0.34609	0.58546	1	0.26736	0.55142	1	0.30672	0.56844	1	0.48715	0.53955	11.55592	1.02674	1	0.74750	0.56363	12.61936	1.03440	1	-0.00214	-0.00950	0.66302	0.00327	1	0.06535	-0.01476	0.68089	0.00332	1	1.45898	0.81042	0	
1268907	8557.75293	3306377127294	0.31021	0.53476	8557.69336	0.05957	11860	1	0.34919	0.59831	1	0.28317	0.55043	1	0.31618	0.57437	1	0.48715	0.53958	11.55668	1.03440	1	0.74760	0.56352	12.47261	1.03440	1	-0.00214	-0.00950	0.66302	0.00329	1	0.06535	-0.01476	0.68089	0.00334	1	1.45898	0.81042	0	
1268908	8557.75977	3306377197583	0.31092	0.53686	8557.69336	0.06641	11860	1	0.34535	0.58723	1	0.29073	0.52850	1	0.31804	0.55787	1	0.48708	0.53955	11.43927	1.03440	1	0.74759	0.56351	12.36508	1.03440	1	-0.00214	-0.00950	0.66302	0.00335	1	0.06535	-0.01476	0.68089	0.00341	1	1.45898	0.81042	0	
1268909	8557.76660	3306377264205	0.31156	0.53881	8557.69336	0.07324	11860	1	0.34535	0.58723	1	0.29177	0.53340	1	0.31856	0.56031	1	0.48713	0.53966	11.42544	1.03440	1	0.74769	0.56360	12.46790	1.02674	1	-0.00210	-0.00928	0.65122	0.00330	1	0.06328	-0.01428	0.65884	0.00335	1	1.45898	0.81042	0	
1268910	8557.77344	3306377328514	0.31217	0.54220	8557.69336	0.08008	11860	1	0.34238	0.60949	1	0.29666	0.55617	1	0.31952	0.58283	1	0.48705	0.53970	11.20951	1.02674	1	0.74773	0.56348	12.34842	1.01908	1	-0.00210	-0.00928	0.65122	0.00342	1	0.06328	-0.01428	0.65884	0.00339	1	1.45898	0.81042	0	
1268911	8557.78027	3306377398584	0.31320	0.54604	8557.69336	0.08691	11860	1	0.36044	0.61430	1	0.29257	0.57763	1	0.32651	0.59597	1	0.48725	0.53957	11.93538	1.01908	1	0.74768	0.56364	12.43106	1.01143	1	-0.00210	-0.00928	0.65122	0.00327	1	0.06328	-0.01428	0.65884	0.00336	1	1.45898	0.81042	0	
1268912	8557.78711	3306377465795	0.31404	0.54920	8557.69336	0.09375	11860	1	0.36035	0.61410	1	0.29147	0.57278	1	0.32591	0.59344	1	0.48777	0.53996	11.21550	1.01944	1	0.74844	0.56407	11.95543	1.01944	1	-0.00206	-0.00982	0.68555	0.00325	1	0.06400	-0.01463	0.66578	0.00323	1	1.45898	0.81042	0	
1268913	8557.79395	3306377530730	0.31540	0.55122	8557.69336	0.10059	11860	1	0.35855	0.60213	1	0.31284	0.56083	1	0.33570	0.58148	1	0.48852	0.54054	11.59036	1.02746	1	0.74841	0.56465	12.56147	1.03512	1	-0.00206	-0.00982	0.68555	0.00336	1	0.06400	-0.01463	0.66578	0.00350	1	1.45898	0.81042	0	
1268914	8557.80078	3306377599346	0.31206	0.54690	8557.69336	0.10742	11860	1	0.24435	0.42598	1	0.27294	0.52982	1	0.25865	0.47790	1	0.48750	0.53848	10.32632	1.04313	1	0.74854	0.56439	12.69608	1.05079	1	-0.00206	-0.00982	0.68555	0.00228	1	0.06400	-0.01463	0.66578	0.00334	1	1.45898	0.81042	0	
1268915	8557.80664	3306377666255	0.30891	0.54261	8557.69336	0.11328	11860	1	0.23900	0.41442	1	0.27174	0.52480	1	0.25537	0.46961	1	0.49097	0.54183	11.92759	1.05881	1	0.75074	0.56606	12.65366	1.05881	1	-0.00166	-0.01021	0.69084	0.00295	1	0.06301	-0.01452	0.65193	0.00315	1	1.45898	0.81042	0	
1268916	8557.81348	3306377733663	0.31569	0.54784	8557.69336	0.12012	11860	1	0.48579	0.66980	1	0.38981	0.61421	1	0.43780	0.64200	1	0.49180	0.54230	12.04466	1.05881	1	0.75089	0.56642	12.56440	1.05115	1	-0.00166	-0.01021	0.69084	0.00321	1	0.06301	-0.01452	0.65193	0.00307	1	1.45898	0.81042	0	
1268917	8557.82031	3306377800330	0.32235	0.55205	8557.69336	0.12695	11860	1	0.53144	0.66685	1	0.36634	0.59734	1	0.44889	0.63210	1	0.49209	0.54233	12.07096	1.05115	1	0.75092	0.56640	12.55083	1.04349	1	-0.00166	-0.01021	0.69084	0.00330	1	0.06301	-0.01452	0.65193	0.00308	1	1.45898	0.81042	0	
1268918	8557.82715	3306377867603	0.32841	0.55606	8557.69336	0.13379	11860	1	0.53222	0.67058	1	0.36683	0.60173	1	0.44953	0.63615	1	0.49100	0.54180	11.12485	1.04349	1	0.75107	0.56676	12.16710	1.03583	1	-0.00166	-0.01021	0.69084	0.00324	1	0.06401	-0.01478	0.66127	0.00297	1	1.45898	0.81042	0	
1268919	8557.83398	3306377934597	0.35333	0.58259	8557.69336	0.13379	11860	0	0.47439	0.67789	1	0.41656	0.64507	1	0.44547	0.66148	1	0.49115	0.54215	11.27946	1.03583	1	0.75141	0.56668	12.02161	1.03583	1	-0.00166	-0.01021	0.69084	0.00304	1	0.06401	-0.01478	0.66127	0.00298	1	1.45898	0.81042	0	
1268920	8557.84082	3306378001318	0.40809	0.62381	8557.69336	0.13379	11860	0	0.51530	0.69189	1	0.41042	0.63816	1	0.46286	0.66502	1	0.49174	0.54228	12.08884	1.03583	1	0.75131	0.56658	12.08410	1.03583	1	-0.00166	-0.01021	0.69084	0.00317	1	0.06401	-0.01478	0.66127	0.00300	1	1.45898	0.81042	0	
1268921	8557.84766	3306378068451	0.42656	0.63951	8557.69336	0.13379	11860	0	0.51625	0.69566	1	0.41076	0.64617	1	0.46350	0.67092	1	0.49190	0.54246	12.24331	1.02782	1	0.75146	0.56665	12.08578	1.02101	1	-0.00165	-0.00992	0.66499	0.00303	1	0.06184	-0.01429	0.63932	0.00304	1	1.45898	0.81042	0	
1268922	8557.85352	3306378134748	0.46421	0.67318	8557.69336	0.13379	11860	0	0.51874	0.70538	1	0.41382	0.66183	1	0.46628	0.68361	1	0.49179	0.54241	11.98532	1.01299	1	0.75142	0.56669	12.17325	1.00618	1	-0.00165	-0.00992	0.66499	0.00319	1	0.06184	-0.01429	0.63932	0.00301	1	1.45898	0.81042	0	
1268923	8557.86035	3306378202492	0.46516	0.67649	8557.69336	0.13379	11860	0	0.51995	0.70392	1	0.41227	0.65569	1	0.46611	0.67980	1	0.49175	0.54243	12.22227	0.99817	1	0.75137	0.56664	12.05048	0.99136	1	-0.00165	-0.00992	0.66499	0.00296	1	0.06184	-0.01429	0.63932	0.00300	1	1.45898	0.81042	0	
1268924	8557.86719	3306378269387	0.46561	0.67814	8557.69336	0.13379	11860	0	0.52075	0.70716	1	0.41227	0.65569	1	0.46651	0.68142	1	0.49199	0.54266	11.90989	0.99136	1	0.75133	0.56678	12.00762	0.99136	1	-0.00176	-0.01028	0.68897	0.00316	1	0.06301	-0.01457	0.65193	0.00296	1	1.45898	0.81042	0	
1268925	8557.87402	3306378334127	0.46351	0.67728	8557.85352	0.02051	11861	1	0.48411	0.66900	1	0.43027	0.68040	1	0.45719	0.67470	1	0.49123	0.54252	12.54492	0.99937	1	0.75129	0.56689	12.14387	1.00618	1	-0.00176	-0.01028	0.68897	0.00298	1	0.06301	-0.01457	0.65193	0.00293	1	1.45898	0.81042	0	
1268926	8557.88086	3306378401594	0.45834	0.67351	8557.85352	0.02734	11861	1	0.47406	0.64763	1	0.40124	0.66926	1	0.43765	0.65845	1	0.49107	0.54232	11.78411	1.01420	1	0.75127	0.56681	12.08440	1.02101	1	-0.00176	-0.01028	0.68897	0.00310	1	0.06301	-0.01457	0.65193	0.00295	1	1.45898	0.81042	0	
1268927	8557.88672	3306378467191	0.45451	0.66892	8557.85352	0.03320	11861	1	0.47030	0.63506	1	0.40047	0.65689	1	0.43538	0.64597	1	0.49098	0.54246	11.83139	1.03811	1	0.75101	0.56693	12.72705	1.04492	1	-0.00186	-0.01060	0.71047	0.00294	1	0.06301	-0.01457	0.65193	0.00295	1	1.45898	0.81042	0	
1268928	8557.89453	3306378538368	0.45079	0.66623	8557.85352	0.04102	11861	1	0.44746	0.65324	1	0.40949	0.64692	1	0.42848	0.65008	1	0.49069	0.54244	11.83320	1.05400	1	0.75126	0.56674	11.90045	1.05400	1	-0.00186	-0.01060	0.71047	0.00290	1	0.06301	-0.01457	0.65193	0.00311	1	1.45898	0.81042	0	
1268929	8557.90137	3306378605049	0.44605	0.66470	8557.85352	0.04785	11861	1	0.41588	0.64789	1	0.40986	0.66014	1	0.41287	0.65401	1	0.49030	0.54236	11.67307	1.06309	1	0.75097	0.56686	12.74539	1.06309	1	-0.00186	-0.01060	0.71047	0.00289	1	0.06301	-0.01457	0.65193	0.00298	1	1.45898	0.81042	0	
1268930	8557.90723	3306378671503	0.44224	0.66279	8557.85352	0.05371	11861	1	0.41406	0.64331	1	0.40947	0.65167	1	0.41177	0.64749	1	0.49029	0.54239	11.63127	1.07218	1	0.75088	0.56685	12.80404	1.07983	1	-0.00186	-0.01060	0.71047	0.00287	1	0.06527	-0.01511	0.67588	0.00297	1	1.45898	0.81042	0	
1268931	8557.91406	3306378733371	0.44017	0.65854	8557.85352	0.06055	11861	1	0.43771	0.61379	1	0.40527	0.62675	1	0.42149	0.62027	1	0.49034	0.54224	11.46759	1.07983	1	0.75084	0.56682	12.63966	1.08749	1	-0.00186	-0.01060	0.71047	0.00282	1	0.06527	-0.01511	0.67588	0.00298	1	1.45898	0.81042	0	
1268932	8557.92090	3306378803712	0.43867	0.65480	8557.85352	0.06738	11861	1	0.43886	0.60316	1	0.40857	0.63176	1	0.42371	0.61746	1	0.49031	0.54223	11.71485	1.08749	1	0.75084	0.56688	12.67070	1.09515	1	-0.00186	-0.01060	0.71047	0.00279	1	0.06527	-0.01511	0.67588	0.00294	1	1.45898	0.81042	0	
1268933	8557.92773	3306378872079	0.43736	0.65136	8557.85352	0.07422	11861	1	0.43752	0.59908	1	0.40839	0.62780	1	0.42295	0.61344	1	0.49031	0.54231	11.76420	1.09515	1	0.75082	0.56678	12.70637	1.10281	1	-0.00186	-0.01060	0.71047	0.00281	1	0.06527	-0.01511	0.67588	0.00300	1	1.45898	0.81042	0	
1268934	8557.93359	3306378935103	0.43493	0.64905	8557.85352	0.08008	11861	1	0.43366	0.61141	1	0.37778	0.63137	1	0.40572	0.62139	1	0.49021	0.54218	11.69562	1.10281	1	0.75059	0.56689	12.44502	1.10281	1	-0.00186	-0.01060	0.71047	0.00281	1	0.06527	-0.01511	0.67588	0.00300	1	1.45898	0.81042	0	
1268935	8557.94141	3306379006238	0.43315	0.64685	8557.85352	0.08789	11861	1	0.42612	0.59126	1	0.39405	0.64517	1	0.41008	0.61822	1	0.49024	0.54215	11.55490	1.10281	1	0.75077	0.56686	12.64097	1.10281	1	-0.00186	-0.01060	0.71047	0.00279	1	0.06527	-0.01511	0.67588	0.00300	1	1.45898	0.81042	0	
1268936	8557.94727	3306379071986	0.43168	0.64526	8557.85352	0.09375	11861	1	0.42778	0.59614	1	0.39438	0.64972	1	0.41108	0.62293	1	0.49020	0.54225	11.39974	1.09373	1	0.75093	0.56676	12.40254	1.09373	1	-0.00184	-0.01025	0.68351	0.00278	1	0.06527	-0.01511	0.67588	0.00299	1	1.45898	0.81042	0	
1268937	8557.95410	3306379140062	0.43058	0.64427	8557.85352	0.10059	11861	1	0.42687	0.61221	1	0.40113	0.64673	1	0.41400	0.62947	1	0.49020	0.54219	11.60356	1.08464	1	0.75081	0.56679	12.58715	1.08464	1	-0.00184	-0.01025	0.68351	0.00279	1	0.06527	-0.01511	0.67588	0.00304	1	1.45898	0.81042	0	
1268938	8557.96094	3306379207231	0.42990	0.64318	8557.85352	0.10742	11861	1	0.44236	0.61558	1	0.39584	0.63607	1	0.41910	0.62583	1	0.49043	0.54231	11.51776	1.07556	1	0.75073	0.56687	12.76416	1.07556	1	-0.00184	-0.01025	0.68351	0.00286	1	0.06527	-0.01511	0.67588	0.00302	1	1.45898	0.81042	0	
1268939	8557.96777	3306379273945	0.42935	0.64248	8557.85352	0.11426	11861	1	0.44395	0.62037	1	0.39616	0.64081	1	0.42005	0.63059	1	0.49049	0.54238	11.48447	1.06647	1	0.75093	0.56690	12.76392	1.06647	1	-0.00184	-0.01025	0.68351	0.00287	1	0.06527	-0.01511	0.67588	0.00304	1	1.45898	0.81042	0	
1268940	8557.97461	3306379341021	0.42900	0.64122	8557.85352	0.12109	11861	1	0.43640	0.61736	1	0.40869	0.61957	1	0.42255	0.61846	1	0.49024	0.54211	11.50648	1.06647	1	0.75087	0.56643	12.51452	1.06647	1	-0.00184	-0.01025	0.68351	0.00283	1	0.06527	-0.01511	0.67588	0.00327	1	1.45898	0.81042	0	
1268941	8557.98145	3306379406402	0.42790	0.63951	8557.85352	0.12793	11861	1	0.43279	0.61076	1	0.38153	0.60337	1	0.40716	0.60707	1	0.49024	0.54215	11.55490	1.06647	1	0.75049	0.56646	11.91267	1.06647	1	-0.00184	-0.01025	0.68351	0.00280	1	0.06527	-0.01511	0.67588	0.00328	1	1.45898	0.81042	0	
1268942	8557.98828	3306379474678	0.42692	0.63797	8557.85352	0.13477	11861	1	0.43279	0.61076	1	0.38153	0.60337	1	0.40716	0.60707	1	0.49023	0.54218	11.64177	1.06647	1	0.75084	0.56680	12.63347	1.06647	1	-0.00183	-0.01020	0.67693	0.00279	1	0.06527	-0.01511	0.67588	0.00296	1	1.45898	0.81042	0	
1268943	8557.99512	3306379542036	0.42667	0.63738	8557.85352	0.14160	11861	1	0.44012	0.61773	1	0.40290	0.63231	1	0.42151	0.62502	1	0.49026	0.54215	11.62162	1.06647	1	0.75084	0.56671	12.63169	1.06647	1	-0.00183	-0.01020	0.67693	0.00278	1	0.06527	-0.01511	0.67588	0.00302	1	1.45898	0.81042	0	
1268944	8558.00098	3306379608896	0.42619	0.63706	8557.85352	0.14746	11861	1	0.43051	0.62429	1	0.40082	0.63569	1	0.41566	0.62999	1	0.49008	0.54236	12.24273	1.06647	1	0.75079	0.56685	12.97379	1.06647	1	-0.00183	-0.01020	0.67693	0.00275	1	0.06527	-0.01511	0.67588	0.00301	1	1.45898	0.81042	0	
1268945	8558.00781	3306379675885	0.42576	0.63685	8557.85352	0.15430	11861	1	0.43051	0.62429	1	0.40106	0.63973	1	0.41578	0.63201	1	0.49011	0.54235	12.35426	1.06647	1	0.75085	0.56696	12.88053	1.05881	1	-0.00183	-0.01020	0.67693	0.00273	1	0.06301	-0.01457	0.65193	0.00297	1	1.45898	0.81042	0	
1268946	8558.01465	3306379742827	0.42559	0.63779	8557.85352	0.16113	11861	1	0.44374	0.66716	1	0.39942	0.65376	1	0.42158	0.66046	1	0.49029	0.54265	11.83124	1.05881	1	0.75082	0.56690	13.07127	1.05115	1	-0.00183	-0.01020	0.67693	0.00295	1	0.06301	-0.01457	0.65193	0.00295	1	1.45898	0.81042	0	
1268947	8558.02148	3306379808947	0.42515	0.63881	8557.85352	0.16797	11861	1	0.43657	0.66508	1	0.39193	0.66328	1	0.41425	0.66418	1	0.49018	0.54276	12.20052	1.05115	1	0.75061	0.56697	12.72773	1.04349	1	-0.00183	-0.01020	0.67693	0.00293	1	0.06301	-0.01457	0.65193	0.00296	1	1.45898	0.81042	0	
1268948	8558.02832	3306379877513	0.42478	0.63982	8557.85352	0.17480	11861	1	0.43799	0.66884	1	0.39193	0.66328	1	0.41496	0.66606	1	0.49032	0.54245	12.11696	1.04349	1	0.75081	0.56676	12.90960	1.04349	1	-0.00184	-0.01025	0.68351	0.00278	1	0.06578	-0.01527	0.68112	0.00306	1	1.45898	0.81042	0	
1268949	8558.03516	3306379943976	0.42438	0.64030	8557.85352	0.18164	11861	1	0.42572	0.63806	1	0.40137	0.66851	1	0.41355	0.65329	1	0.49011	0.54235	12.35426	1.04349	1	0.75081	0.56706	13.17515	1.05115	1	-0.00184	-0.01025	0.68351	0.00273	1	0.06578	-0.01527	0.68112	0.00293	1	1.45898	0.81042	0	
1268950	8558.04102	3306380006366	0.42416	0.64134	8557.85352	0.18750	11861	1	0.43219	0.68974	1	0.40415	0.65139	1	0.41817	0.67057	1	0.49024	0.54276	12.32344	1.05115	1	0.75086	0.56700	13.17747	1.05881	1	-0.00184	-0.01025	0.68351	0.00290	1	0.06578	-0.01527	0.68112	0.00294	1	1.45898	0.81042	0	
1268951	8558.04785	3306380078012	0.42393	0.64219	8557.85352	0.19434	11861	1	0.43074	0.68615	1	0.40393	0.64744	1	0.41734	0.66680	1	0.49023	0.54257	11.78696	1.05881	1	0.75081	0.56676	12.90960	1.06647	1	-0.00184	-0.01025	0.68351	0.00291	1	0.06527	-0.01521	0.67588	0.00306	1	1.45898	0.81042	0	
1268952	8558.05469	3306380144849	0.42427	0.64239	8557.85352	0.20117	11861	1	0.46700	0.66892	1	0.40166	0.62813	1	0.43433	0.64853	1	0.49061	0.54277	12.81207	1.06647	1	0.75078	0.56662	12.94508	1.06647	1	-0.00184	-0.01025	0.68351	0.00290	1	0.06527	-0.01521	0.67588	0.00312	1	1.45898	0.81042	0	
1268953	8558.06152	3306380211895	0.42423	0.64329	8557.85352	0.20801	11861	1	0.44621	0.67868	1	0.39983	0.66335	1	0.42302	0.67101	1	0.49033	0.54283	11.98278	1.06647	1	0.75079	0.56694	12.89404	1.06647	1	-0.00184	-0.01025	0.68351	0.00287	1	0.06527	-0.01521	0.67588	0.00320	1	1.45898	0.81042	0	
1268954	8558.06836	3306380279314	0.42419	0.64413	8557.85352	0.21484	11861	1	0.44621	0.67868	1	0.39983	0.66335	1	0.42302	0.67101	1	0.49029	0.54274	12.03216	1.06647	1	0.75045	0.56659	12.06341	1.06647	1	-0.00184	-0.01025	0.68351	0.00292	1	0.06527	-0.01521	0.67588	0.00341	1	1.45898	0.81042	0	
1268955	8558.07520	3306380345826	0.42430	0.64489	8557.85352	0.22168	11861	1	0.45727	0.69696	1	0.39825	0.64307	1	0.42776	0.67001	1	0.49013	0.54313	12.90841	1.06647	1	0.75072	0.56671	11.96342	1.06647	1	-0.00184	-0.01025	0.68351	0.00299	1	0.06527	-0.01521	0.67588	0.00321	1	1.45898	0.81042	0	
1268956	8558.08203	3306380413533	0.42438	0.64488	8557.85352	0.22852	11861	1	0.46026	0.65252	1	0.39385	0.63688	1	0.42706	0.64470	1	0.49017	0.54315	12.83216	1.06647	1	0.75033	0.56676	12.73032	1.06647	1	-0.00184	-0.01025	0.68351	0.00302	1	0.06527	-0.01521	0.67588	0.00313	1	1.45898	0.81042	0	
1268957	8558.08887	3306380479773	0.42446	0.64498	8557.85352	0.23535	11861	1	0.46026	0.65252	1	0.39440	0.64448	1	0.42733	0.64850	1	0.49012	0.54300	12.19617	1.06647	1	0.75003	0.56698	12.35008	1.05200	1	-0.00193	-0.01020	0.67668	0.00334	1	0.06221	-0.01456	0.64515	0.00326	1	1.45898	0.81042	0	
1268958	8558.09473	3306380546905	0.42420	0.64527	8557.85352	0.24121	11861	1	0.44957	0.67089	1	0.37990	0.64002	1	0.41474	0.65546	1	0.48988	0.54312	13.12054	1.05200	1	0.75003	0.56681	12.41451	1.03753	1	-0.00193	-0.01020	0.67668	0.00304	1	0.06221	-0.01456	0.64515	0.00330	1	1.45898	0.81042	0	
1268959	8558.10156	3306380613770	0.42399	0.64552	8557.85352	0.24805	11861	1	0.44915	0.66082	1	0.38376	0.64879	1	0.41646	0.65481	1	0.48999	0.54309	13.16075	1.03753	1	0.75010	0.56710	12.39187	1.02307	1	-0.00193	-0.01020	0.67668	0.00306	1	0.06221	-0.01456	0.64515	0.00330	1	1.45898	0.81042	0	
1268960	8558.10840	3306380680748	0.42386	0.64606	8557.85352	0.25488	11861	1	0.45312	0.67211	1	0.38486	0.66083	1	0.41899	0.66647	1	0.48999	0.54309	13.16075	1.01505	1	0.75019	0.56729	12.64858	1.00058	1	-0.00185	-0.01007	0.66821	0.00305	1	0.06156	-0.01437	0.63845	0.00315	1	1.45898	0.81042	0	
1268961	8558.11523	3306380747706	0.42445	0.64828	8557.85352	0.26172	11861	1	0.49280	0.73359	1	0.40166	0.73643	1	0.44723	0.73501	1	0.49056	0.54319	12.69333	0.99257	1	0.75031	0.56732	12.76683	0.99257	1	-0.00185	-0.01007	0.66821	0.00345	1	0.06156	-0.01437	0.63845	0.00317	1	1.45898	0.81042	0	
1268962	8558.12207	3306380814796	0.42481	0.65031	8557.85352	0.26855	11861	1	0.46929	0.73472	1	0.40957	0.72873	1	0.43943	0.73173	1	0.49021	0.54313	13.10536	0.98455	1	0.75058	0.56746	12.79231	0.98455	1	-0.00185	-0.01007	0.66821	0.00311	1	0.06156	-0.01437	0.63845	0.00327	1	1.45898	0.81042	0	
1268963	8558.12891	3306380880934	0.42829	0.67759	8557.85352	0.26855	11861	0	0.47064	0.73835	1	0.40960	0.72931	1	0.44012	0.73383	1	0.49027	0.54309	12.85866	0.97653	1	0.75012	0.56685	13.17215	0.98334	1	-0.00180	-0.00973	0.64836	0.00317	1	0.06381	-0.01483	0.66123	0.00309	1	1.45898	0.81042	0	
1268964	8558.13574	3306380948795	0.43145	0.69346	8557.85352	0.26855	11861	0	0.48281	0.73857	1	0.38640	0.68009	1	0.43460	0.70933	1	0.49029	0.54313	12.88602	0.98334	1	0.75011	0.56664	12.76997	0.99015	1	-0.00180	-0.00973	0.64836	0.00315	1	0.06381	-0.01483	0.66123	0.00302	1	1.45898	0.81042	0	
1268965	8558.14160	3306381015744	0.43525	0.68797	8557.85352	0.26855	11861	0	0.51554	0.73500	1	0.37016	0.61896	1	0.44285	0.67698	1	0.49077	0.54316	12.71667	0.99015	1	0.74974	0.56612	12.17459	0.99696	1	-0.00180	-0.00973	0.64836	0.00343	1	0.06381	-0.01483	0.66123	0.00314	1	1.45898	0.81042	0	
1268966	8558.14844	3306381083153	0.43699	0.68435	8558.12891	0.01953	11862	1	0.51470	0.73195	1	0.36973	0.61502	1	0.44221	0.67348	1	0.49050	0.54315	13.01414	0.99696	1	0.74985	0.56657	12.33721	1.00377	1	-0.00185	-0.00997	0.66821	0.00325	1	0.06381	-0.01488	0.66123	0.00302	1	1.45898	0.81042	0	
1268967	8558.15527	3306381149205	0.43673	0.68751	8558.12891	0.02637	11862	1	0.46682	0.72650	1	0.40455	0.67385	1	0.43568	0.70018	1	0.49015	0.54301	12.86480	1.00377	1	0.75034	0.56677	12.81977	1.00377	1	-0.00185	-0.00997	0.66821	0.00311	1	0.06381	-0.01488	0.66123	0.00307	1	1.45898	0.81042	0	
1268968	8558.16211	3306381214432	0.43256	0.68620	8558.12891	0.03320	11862	1	0.46266	0.72012	1	0.36079	0.63913	1	0.41172	0.67962	1	0.49003	0.54295	12.41863	1.00377	1	0.74976	0.56646	12.22408	1.00377	1	-0.00185	-0.00997	0.66821	0.00301	1	0.06381	-0.01488	0.66123	0.00303	1	1.45898	0.81042	0	
1268969	8558.16895	3306381284476	0.42958	0.68526	8558.12891	0.04004	11862	1	0.46266	0.72012	1	0.36079	0.63913	1	0.41172	0.67962	1	0.49034	0.54295	12.85170	1.00377	1	0.74998	0.56641	12.40134	1.00377	1	-0.00185	-0.01002	0.66821	0.00309	1	0.06381	-0.01488	0.66123	0.00306	1	1.45898	0.81042	0	
1268970	8558.17578	3306381351859	0.42900	0.68402	8558.12891	0.04688	11862	1	0.47969	0.69891	1	0.37021	0.65176	1	0.42495	0.67533	1	0.49028	0.54282	12.50969	1.00377	1	0.74985	0.56664	12.37945	1.00377	1	-0.00185	-0.01002	0.66821	0.00313	1	0.06381	-0.01488	0.66123	0.00301	1	1.45898	0.81042	0	
1268971	8558.18262	3306381417541	0.42900	0.68417	8558.12891	0.05371	11862	1	0.49106	0.72249	1	0.36695	0.64831	1	0.42901	0.68540	1	0.49051	0.54293	12.31561	1.00377	1	0.74982	0.56656	12.39787	1.00377	1	-0.00185	-0.01002	0.66821	0.00334	1	0.06381	-0.01488	0.66123	0.00303	1	1.45898	0.81042	0	
1268972	8558.18945	3306381485279	0.42892	0.68389	8558.12891	0.06055	11862	1	0.48990	0.71884	1	0.36642	0.64394	1	0.42816	0.68139	1	0.49022	0.54290	12.37200	1.01178	1	0.74981	0.56628	12.25691	1.01178	1	-0.00193	-0.01010	0.67668	0.00322	1	0.06381	-0.01488	0.66123	0.00317	1	1.45898	0.81042	0	
1268973	8558.19531	3306381551522	0.42729	0.68267	8558.12891	0.06641	11862	1	0.44631	0.70204	1	0.37563	0.63873	1	0.41097	0.67039	1	0.48998	0.54292	13.07090	1.01980	1	0.74988	0.56667	12.38645	1.01980	1	-0.00193	-0.01010	0.67668	0.00312	1	0.06381	-0.01488	0.66123	0.00294	1	1.45898	0.81042	0	
1268974	8558.20215	3306381618332	0.42576	0.68059	8558.12891	0.07324	11862	1	0.45397	0.70536	1	0.36405	0.61012	1	0.40901	0.65774	1	0.48998	0.54292	13.07090	1.02782	1	0.74981	0.56628	12.25691	1.02782	1	-0.00193	-0.01010	0.67668	0.00312	1	0.06381	-0.01488	0.66123	0.00317	1	1.45898	0.81042	0	
1268975	8558.20898	3306381685820	0.42442	0.67866	8558.12891	0.08008	11862	1	0.45257	0.70165	1	0.36396	0.60943	1	0.40827	0.65554	1	0.48978	0.54271	12.16993	1.03583	1	0.74981	0.56628	12.25691	1.02902	1	-0.00193	-0.01010	0.67668	0.00296	1	0.06156	-0.01437	0.63845	0.00317	1	1.45898	0.81042	0	
1268976	8558.21582	3306381752517	0.42341	0.67834	8558.12891	0.08691	11862	1	0.45593	0.67816	1	0.36459	0.67023	1	0.41026	0.67420	1	0.48996	0.54274	12.06595	1.02902	1	0.74987	0.56669	12.19015	1.02222	1	-0.00193	-0.01010	0.67668	0.00309	1	0.06156	-0.01437	0.63845	0.00298	1	1.45898	0.81042	0	
1268977	8558.22266	3306381819467	0.42250	0.67749	8558.12891	0.09375	11862	1	0.45184	0.70099	1	0.36792	0.63009	1	0.40988	0.66554	1	0.48993	0.54276	12.09732	1.02222	1	0.74983	0.56631	12.06683	1.01541	1	-0.00193	-0.01010	0.67668	0.00299	1	0.06156	-0.01437	0.63845	0.00318	1	1.45898	0.81042	0	
1268978	8558.22949	3306381886858	0.42177	0.67696	8558.12891	0.10059	11862	1	0.45304	0.70418	1	0.36835	0.63389	1	0.41070	0.66904	1	0.49009	0.54303	12.34982	1.01541	1	0.74978	0.56649	12.38615	1.00860	1	-0.00190	-0.00998	0.66547	0.00319	1	0.06140	-0.01428	0.63679	0.00312	1	1.45898	0.81042	0	
1268979	8558.23535	3306381952975	0.42145	0.67751	8558.12891	0.10645	11862	1	0.46625	0.71553	1	0.36650	0.65707	1	0.41637	0.68630	1	0.49009	0.54295	12.13066	1.00860	1	0.74983	0.56654	12.46934	1.00860	1	-0.00190	-0.00998	0.66547	0.00317	1	0.06140	-0.01428	0.63679	0.00313	1	1.45898	0.81042	0	
1268980	8558.24219	3306382020204	0.42015	0.67750	8558.12891	0.11328	11862	1	0.42968	0.70362	1	0.36661	0.65100	1	0.39815	0.67731	1	0.48956	0.54263	11.87448	1.00860	1	0.74981	0.56667	12.29724	1.00860	1	-0.00190	-0.00998	0.66547	0.00295	1	0.06140	-0.01428	0.63679	0.00306	1	1.45898	0.81042	0	
1268981	8558.24902	3306382087404	0.41892	0.67715	8558.12891	0.12012	11862	1	0.42787	0.69931	1	0.36556	0.64242	1	0.39671	0.67087	1	0.48947	0.54247	11.87615	1.01769	1	0.74981	0.56675	12.31594	1.02449	1	-0.00206	-0.01049	0.70300	0.00288	1	0.06340	-0.01476	0.65799	0.00309	1	1.45898	0.81042	0	
1268982	8558.25586	3306382154399	0.41757	0.67709	8558.12891	0.12695	11862	1	0.41412	0.68053	1	0.36959	0.67132	1	0.39186	0.67593	1	0.48924	0.54258	12.15563	1.03358	1	0.74999	0.56690	12.57375	1.04039	1	-0.00206	-0.01049	0.70300	0.00287	1	0.06340	-0.01476	0.65799	0.00312	1	1.45898	0.81042	0	
1268983	8558.26270	3306382221346	0.41686	0.67544	8558.12891	0.13379	11862	1	0.40761	0.67275	1	0.39771	0.61234	1	0.40266	0.64255	1	0.48910	0.54262	12.61738	1.04947	1	0.74999	0.56690	12.57375	1.05628	1	-0.00206	-0.01049	0.70300	0.00287	1	0.06340	-0.01476	0.65799	0.00312	1	1.45898	0.81042	0	
1268984	8558.26953	3306382288240	0.41612	0.67348	8558.12891	0.14062	11862	1	0.40427	0.66502	1	0.39690	0.59930	1	0.40058	0.63216	1	0.48917	0.54260	12.18838	1.06537	1	0.74964	0.56699	13.03741	1.07983	1	-0.00206	-0.01049	0.70300	0.00281	1	0.06538	-0.01528	0.67906	0.00293	1	1.45898	0.81042	0	
1268985	8558.27637	3306382354832	0.41534	0.67235	8558.12891	0.14746	11862	1	0.41693	0.67156	1	0.37932	0.62371	1	0.39813	0.64764	1	0.48914	0.54277	12.16864	1.07983	1	0.74959	0.56671	12.83263	1.08749	1	-0.00206	-0.01049	0.70300	0.00288	1	0.06538	-0.01528	0.67906	0.00309	1	1.45898	0.81042	0	
1268986	8558.28223	3306382421802	0.41522	0.67155	8558.12891	0.15332	11862	1	0.43446	0.67293	1	0.39070	0.63329	1	0.41258	0.65311	1	0.48942	0.54281	11.69111	1.08749	1	0.74983	0.56683	12.41819	1.09515	1	-0.00206	-0.01049	0.70300	0.00287	1	0.06538	-0.01528	0.67906	0.00313	1	1.45898	0.81042	0	
1268987	8558.28906	3306382486233	0.41512	0.67084	8558.12891	0.16016	11862	1	0.43472	0.67360	1	0.39076	0.63402	1	0.41274	0.65381	1	0.48939	0.54283	11.21307	1.08607	1	0.74980	0.56692	12.33755	1.09373	1	-0.00208	-0.01045	0.69301	0.00284	1	0.06538	-0.01528	0.67906	0.00303	1	1.45898	0.81042	0	
1268988	8558.29590	3306382552790	0.41451	0.67103	8558.12891	0.16699	11862	1	0.41258	0.67593	1	0.38600	0.67566	1	0.39929	0.67579	1	0.48945	0.54333	11.53935	1.08464	1	0.74983	0.56722	12.41422	1.08464	1	-0.00208	-0.01045	0.69301	0.00295	1	0.06538	-0.01528	0.67906	0.00307	1	1.45898	0.81042	0	
1268989	8558.30273	3306382620782	0.41355	0.67128	8558.12891	0.17383	11862	1	0.41392	0.67743	1	0.36324	0.67795	1	0.38858	0.67769	1	0.48948	0.54336	11.49402	1.07556	1	0.74991	0.56714	12.33265	1.07556	1	-0.00208	-0.01045	0.69301	0.00288	1	0.06538	-0.01528	0.67906	0.00309	1	1.45898	0.81042	0	
1268990	8558.30957	3306382687203	0.41266	0.67151	8558.12891	0.18066	11862	1	0.41392	0.67743	1	0.36324	0.67795	1	0.38858	0.67769	1	0.48942	0.54313	11.28019	1.07556	1	0.74992	0.56706	12.35882	1.07556	1	-0.00204	-0.01049	0.69928	0.00296	1	0.06481	-0.01520	0.67315	0.00291	1	1.45898	0.81042	0	
1268991	8558.31543	3306382753636	0.41232	0.67073	8558.12891	0.18652	11862	1	0.41068	0.68562	1	0.39469	0.61226	1	0.40268	0.64894	1	0.48946	0.54337	11.81035	1.08464	1	0.74989	0.56709	12.27232	1.08464	1	-0.00204	-0.01049	0.69928	0.00290	1	0.06481	-0.01520	0.67315	0.00314	1	1.45898	0.81042	0	
1268992	8558.32227	3306382819473	0.41251	0.67008	8558.12891	0.19336	11862	1	0.44030	0.66006	1	0.39605	0.64242	1	0.41818	0.65124	1	0.48957	0.54323	11.30062	1.09373	1	0.74992	0.56738	12.40637	1.09373	1	-0.00204	-0.01049	0.69928	0.00285	1	0.06481	-0.01520	0.67315	0.00299	1	1.45898	0.81042	0	
1268993	8558.32910	3306382888018	0.41269	0.66947	8558.12891	0.20020	11862	1	0.44030	0.66006	1	0.39605	0.64242	1	0.41818	0.65124	1	0.48990	0.54330	11.77748	1.09373	1	0.74985	0.56733	12.21118	1.09373	1	-0.00208	-0.01045	0.69301	0.00303	1	0.06481	-0.01520	0.67315	0.00307	1	1.45898	0.81042	0	
1268994	8558.33594	3306382955515	0.41330	0.66977	8558.12891	0.20703	11862	1	0.48044	0.68521	1	0.38388	0.67309	1	0.43216	0.67915	1	0.49005	0.54352	12.26613	1.08464	1	0.74984	0.56709	12.00892	1.08464	1	-0.00208	-0.01045	0.69301	0.00299	1	0.06481	-0.01520	0.67315	0.00317	1	1.45898	0.81042	0	
1268995	8558.34277	3306383021850	0.41383	0.66965	8558.12891	0.21387	11862	1	0.48041	0.66886	1	0.38126	0.66228	1	0.43084	0.66557	1	0.48976	0.54347	12.09742	1.07556	1	0.74980	0.56750	12.18193	1.07556	1	-0.00208	-0.01045	0.69301	0.00300	1	0.06481	-0.01520	0.67315	0.00296	1	1.45898	0.81042	0	
1268996	8558.34961	3306383087871	0.41436	0.66966	8558.12891	0.22070	11862	1	0.48172	0.67318	1	0.38170	0.66680	1	0.43171	0.66999	1	0.48992	0.54345	11.77177	1.06647	1	0.74962	0.56718	12.44832	1.06647	1	-0.00208	-0.01045	0.69301	0.00306	1	0.06538	-0.01528	0.67906	0.00282	1	1.45898	0.81042	0	AUDIO_FILE_OFFSET
1268997	8558.35645	3306383158867	0.41556	0.66979	8558.12891	0.22754	11862	1	0.50093	0.68298	1	0.41156	0.66598	1	0.45625	0.67448	1	0.48998	0.54356	11.82659	1.06647	1	0.74976	0.56697	12.02499	1.06647	1	-0.00208	-0.01045	0.69301	0.00313	1	0.06538	-0.01528	0.67906	0.00282	1	1.45898	0.81042	0	
1268998	8558.36328	3306383226804	0.41657	0.66994	8558.12891	0.23438	11862	1	0.50093	0.68298	1	0.40321	0.66726	1	0.45207	0.67512	1	0.48998	0.54356	11.82659	1.06647	1	0.74969	0.56712	11.77869	1.06647	1	-0.00208	-0.01045	0.69301	0.00313	1	0.06538	-0.01528	0.67906	0.00291	1	1.45898	0.81042	0	
1268999	8558.37012	3306383293977	0.41754	0.67018	8558.12891	0.24121	11862	1	0.50093	0.68298	1	0.40363	0.67446	1	0.45228	0.67872	1	0.48874	0.54326	11.26892	1.06647	1	0.74964	0.56745	12.45573	1.05200	1	-0.00211	-0.01008	0.66890	0.00298	1	0.06177	-0.01446	0.64260	0.00306	1	1.45898	0.81042	0	
1269152	8559.39453	3306393542266	0.45894	0.45164	8558.91211	0.48242	11865	1	0.47468	0.51172	1	0.44319	0.43262	1	0.45893	0.47217	1	0.48782	0.54017	11.50470	1.10119	1	0.74893	0.56300	12.56622	1.10119	1	-0.00265	-0.00997	0.67840	0.00340	1	0.06658	-0.01520	0.69642	0.00350	1	1.45898	0.81042	0	STOP_TRIAL
1269153	8559.40137	3306393607100	0.45933	0.45098	8558.91211	0.48926	11865	1	0.47947	0.36348	1	0.44511	0.44959	1	0.46229	0.40654	1	0.48764	0.53921	10.97925	1.10119	1	0.74867	0.56331	12.06592	1.10119	1	-0.00265	-0.00997	0.67840	0.00365	1	0.06658	-0.01520	0.69642	0.00354	1	1.45898	0.81042	0	START_TRIAL
1269154	8559.40820	3306393675185	0.46086	0.44897	8558.91211	0.49609	11865	1	0.52953	0.34695	1	0.51776	0.39645	1	0.52365	0.37170	1	0.48760	0.53899	11.05929	1.10119	1	0.74894	0.56301	12.33977	1.10119	1	-0.00265	-0.00997	0.67840	0.00384	1	0.06658	-0.01520	0.69642	0.00364	1	1.45898	0.81042	0	
1269155	8559.41504	3306393742427	0.46240	0.44689	8558.91211	0.50293	11865	1	0.52953	0.34695	1	0.51776	0.39645	1	0.52365	0.37170	1	0.48387	0.54048	11.20458	1.10119	1	0.74520	0.56288	12.56197	1.10119	1	-0.00318	-0.01007	0.68506	0.00385	1	0.06584	-0.01510	0.69413	0.00359	1	1.45898	0.81042	0	
1269156	8559.42188	3306393809826	0.46062	0.44684	8558.91211	0.50977	11865	1	0.35841	0.56363	1	0.38507	0.44998	1	0.37174	0.50680	1	0.48323	0.54092	11.32303	1.10119	1	0.74537	0.56360	12.30155	1.10119	1	-0.00318	-0.01007	0.68506	0.00394	1	0.06584	-0.01510	0.69413	0.00346	1	1.45898	0.81042	0	
1269157	8559.42773	3306393876432	0.45970	0.44717	8558.91211	0.51562	11865	1	0.41264	0.48642	1	0.43150	0.50338	1	0.42207	0.49490	1	0.48340	0.54035	11.44910	1.10119	1	0.74531	0.56356	12.89622	1.10119	1	-0.00318	-0.01007	0.68506	0.00331	1	0.06584	-0.01510	0.69413	0.00353	1	1.45898	0.81042	0	
1269158	8559.43457	3306393941986	0.45876	0.44743	8558.91211	0.52246	11865	1	0.41264	0.48642	1	0.43150	0.50338	1	0.42207	0.49490	1	0.48085	0.53838	10.55237	1.10119	1	0.74258	0.56343	12.79635	1.10119	1	-0.00345	-0.01000	0.67691	0.00239	1	0.06657	-0.01533	0.70743	0.00350	1	1.45898	0.81042	0	
1269159	8559.44141	3306394010470	0.45483	0.44575	8558.91211	0.52930	11865	1	0.25382	0.30960	1	0.28285	0.48397	1	0.26834	0.39679	1	0.48082	0.53839	10.60744	1.10119	1	0.74257	0.56354	12.74338	1.10119	1	-0.00345	-0.01000	0.67691	0.00241	1	0.06657	-0.01533	0.70743	0.00349	1	1.45898	0.81042	0	
1269160	8559.44824	3306394079764	0.42221	0.43692	8558.91211	0.52930	11865	0	0.23664	0.32296	1	0.28416	0.44076	1	0.26040	0.38186	1	0.48059	0.53843	10.46916	1.10119	1	0.74260	0.56341	12.71618	1.10119	1	-0.00345	-0.01000	0.67691	0.00241	1	0.06657	-0.01533	0.70743	0.00350	1	1.45898	0.81042	0	
1269161	8559.45508	3306394145620	0.34185	0.41216	8558.91211	0.52930	11865	0	0.23664	0.32296	1	0.28633	0.45184	1	0.26148	0.38740	1	0.48053	0.53840	10.86628	1.10119	1	0.74267	0.56269	12.15478	1.08485	1	-0.00347	-0.01002	0.68137	0.00245	1	0.06185	-0.01422	0.65619	0.00379	1	1.45898	0.81042	0	
1269162	8559.46191	3306394210962	0.31044	0.40781	8558.91211	0.52930	11865	0	0.23157	0.34968	1	0.26371	0.44853	1	0.24764	0.39910	1	0.48053	0.53840	10.86628	1.08485	1	0.74259	0.56327	12.67832	1.06851	1	-0.00347	-0.01002	0.68137	0.00245	1	0.06185	-0.01422	0.65619	0.00351	1	1.45898	0.81042	0	
1269163	8559.46875	3306394278503	0.25560	0.39745	8558.91211	0.52930	11865	0	0.24421	0.35949	1	0.27112	0.45219	1	0.25767	0.40584	1	0.48053	0.53840	10.86628	1.06851	1	0.74259	0.56336	12.64115	1.05217	1	-0.00347	-0.01002	0.68137	0.00245	1	0.06185	-0.01422	0.65619	0.00347	1	1.45898	0.81042	0	
1269164	8559.47461	3306394344757	0.25860	0.40769	8558.91211	0.52930	11865	0	0.24962	0.37228	1	0.27359	0.46360	1	0.26160	0.41794	1	0.48084	0.53843	10.58820	1.05217	1	0.74262	0.56332	12.47695	1.03583	1	-0.00347	-0.00996	0.68080	0.00231	1	0.06185	-0.01422	0.65619	0.00349	1	1.45898	0.81042	0	
1269165	8559.48145	3306394411315	0.26338	0.40400	8558.91211	0.52930	11865	0	0.27028	0.36390	1	0.27560	0.42932	1	0.27294	0.39661	1	0.48086	0.53841	10.58824	1.03583	1	0.74259	0.56274	12.12973	1.03583	1	-0.00347	-0.00996	0.68080	0.00230	1	0.06185	-0.01422	0.65619	0.00372	1	1.45898	0.81042	0	
1269166	8559.48828	3306394479115	0.26386	0.40590	8559.46875	0.01953	11866	1	0.26421	0.36904	1	0.26642	0.45418	1	0.26532	0.41161	1	0.48075	0.53841	10.62246	1.03583	1	0.74250	0.56262	12.00941	1.03583	1	-0.00347	-0.00996	0.68080	0.00236	1	0.06185	-0.01422	0.65619	0.00379	1	1.45898	0.81042	0	
1269167	8559.49512	3306394546036	0.26415	0.40704	8559.46875	0.02637	11866	1	0.26421	0.36904	1	0.26642	0.45418	1	0.26532	0.41161	1	0.48079	0.53846	10.85747	1.03583	1	0.74248	0.56271	12.12814	1.03583	1	-0.00347	-0.01002	0.68137	0.00234	1	0.06185	-0.01422	0.65619	0.00376	1	1.45898	0.81042	0	
1269168	8559.50195	3306394613250	0.26376	0.40981	8559.46875	0.03320	11866	1	0.25936	0.37564	1	0.26426	0.47161	1	0.26181	0.42363	1	0.48062	0.53842	10.39343	1.03583	1	0.74253	0.56324	12.45676	1.03583	1	-0.00347	-0.01002	0.68137	0.00249	1	0.06185	-0.01422	0.65619	0.00354	1	1.45898	0.81042	0	
1269169	8559.50879	3306394679934	0.26395	0.41217	8559.46875	0.04004	11866	1	0.26079	0.35772	1	0.26937	0.49503	1	0.26508	0.42637	1	0.48069	0.53821	10.71549	1.03583	1	0.74263	0.56308	12.31694	1.03583	1	-0.00347	-0.01002	0.68137	0.00239	1	0.06185	-0.01422	0.65619	0.00357	1	1.45898	0.81042	0	
1269170	8559.51465	3306394744051	0.26402	0.41363	8559.46875	0.04590	11866	1	0.26079	0.35772	1	0.26818	0.48991	1	0.26449	0.42381	1	0.48084	0.53831	10.33181	1.03583	1	0.74265	0.56323	12.23011	1.04349	1	-0.00347	-0.01002	0.68137	0.00237	1	0.06369	-0.01468	0.67516	0.00353	1	1.45898	0.81042	0	
1269171	8559.52148	3306394813968	0.26340	0.41671	8559.46875	0.05273	11866	1	0.25411	0.35555	1	0.26272	0.52721	1	0.25841	0.44138	1	0.48069	0.53834	10.45209	1.04349	1	0.74253	0.56341	12.48782	1.05115	1	-0.00347	-0.01002	0.68137	0.00235	1	0.06369	-0.01468	0.67516	0.00350	1	1.45898	0.81042	0	
1269172	8559.52832	3306394881215	0.26382	0.41365	8559.46875	0.05957	11866	1	0.25177	0.33841	1	0.28353	0.43377	1	0.26765	0.38609	1	0.48058	0.53821	10.73817	1.05115	1	0.74290	0.56314	11.75526	1.05881	1	-0.00347	-0.01002	0.68137	0.00231	1	0.06369	-0.01468	0.67516	0.00359	1	1.45898	0.81042	0	
1269173	8559.53516	3306394948081	0.26401	0.41061	8559.46875	0.06641	11866	1	0.24925	0.33215	1	0.28248	0.42832	1	0.26587	0.38023	1	0.48064	0.53832	10.38751	1.05881	1	0.74238	0.56293	12.43554	1.06647	1	-0.00347	-0.01002	0.68137	0.00232	1	0.06369	-0.01468	0.67516	0.00373	1	1.45898	0.81042	0	
1269174	8559.54199	3306395014870	0.26269	0.41115	8559.46875	0.07324	11866	1	0.23734	0.33821	1	0.25899	0.49585	1	0.24816	0.41703	1	0.48057	0.53825	10.10857	1.06647	1	0.74251	0.56339	12.78807	1.06647	1	-0.00347	-0.01002	0.68137	0.00235	1	0.06369	-0.01468	0.67516	0.00350	1	1.45898	0.81042	0	
1269175	8559.54883	3306395080298	0.26208	0.41120	8559.46875	0.08008	11866	1	0.24634	0.33629	1	0.26320	0.48745	1	0.25477	0.41187	1	0.48062	0.53829	10.27171	1.06647	1	0.74249	0.56335	12.72055	1.06647	1	-0.00347	-0.01002	0.68137	0.00234	1	0.06369	-0.01468	0.67516	0.00354	1	1.45898	0.81042	0	
1269176	8559.55566	3306395148850	0.26140	0.41078	8559.46875	0.08691	11866	1	0.24336	0.32896	1	0.26178	0.48150	1	0.25257	0.40523	1	0.48065	0.53821	10.83292	1.07556	1	0.74249	0.56335	12.72055	1.07556	1	-0.00359	-0.01015	0.69385	0.00232	1	0.06503	-0.01494	0.68940	0.00354	1	1.45898	0.81042	0	
1269177	8559.56250	3306395215972	0.26112	0.40891	8559.46875	0.09375	11866	1	0.24947	0.29967	1	0.26487	0.46591	1	0.25717	0.38279	1	0.48074	0.53811	10.25939	1.08464	1	0.74249	0.56306	12.44368	1.08464	1	-0.00359	-0.01015	0.69385	0.00234	1	0.06503	-0.01494	0.68940	0.00351	1	1.45898	0.81042	0	
1269178	8559.56836	3306395283208	0.26001	0.40602	8559.46875	0.09961	11866	1	0.23801	0.30977	1	0.24890	0.41561	1	0.24345	0.36269	1	0.48069	0.53817	10.80456	1.09373	1	0.74244	0.56272	12.17708	1.09373	1	-0.00359	-0.01015	0.69385	0.00236	1	0.06503	-0.01494	0.68940	0.00377	1	1.45898	0.81042	0	
1269179	8559.57520	3306395348650	0.25908	0.40363	8559.46875	0.10645	11866	1	0.23801	0.30977	1	0.25016	0.42099	1	0.24408	0.36538	1	0.48084	0.53840	10.47376	1.09373	1	0.74267	0.56308	12.31350	1.08607	1	-0.00347	-0.01002	0.68137	0.00243	1	0.06185	-0.01427	0.65619	0.00355	1	1.45898	0.81042	0	
1269180	8559.58203	3306395416670	0.25802	0.40339	8559.46875	0.11328	11866	1	0.21574	0.29835	1	0.26443	0.50023	1	0.24008	0.39929	1	0.48111	0.53836	10.33366	1.07698	1	0.74292	0.56374	11.58901	1.06932	1	-0.00347	-0.01002	0.68137	0.00227	1	0.06185	-0.01427	0.65619	0.00366	1	1.45898	0.81042	0	
1269181	8559.58887	3306395483651	0.25557	0.40299	8559.46875	0.12012	11866	1	0.17586	0.31853	1	0.24717	0.47321	1	0.21152	0.39587	1	0.48095	0.53847	10.03081	1.06024	1	0.74311	0.56394	12.51766	1.05258	1	-0.00347	-0.01002	0.68137	0.00209	1	0.06185	-0.01427	0.65619	0.00368	1	1.45898	0.81042	0	
1269182	8559.59570	3306395549440	0.25357	0.40314	8559.46875	0.12695	11866	1	0.18234	0.33248	1	0.24874	0.47935	1	0.21554	0.40591	1	0.48515	0.54208	10.98322	1.04349	1	0.74591	0.56534	12.54891	1.04349	1	-0.00266	-0.00890	0.59042	0.00289	1	0.06421	-0.01502	0.67644	0.00306	1	1.45898	0.81042	0	
1269183	8559.60254	3306395618308	0.25861	0.41235	8559.46875	0.13379	11866	1	0.36820	0.60860	1	0.35068	0.58449	1	0.35944	0.59654	1	0.48560	0.54272	12.10096	1.04349	1	0.74628	0.56538	11.31350	1.05115	1	-0.00266	-0.00890	0.59042	0.00309	1	0.06421	-0.01502	0.67644	0.00325	1	1.45898	0.81042	0	
1269184	8559.60938	3306395684913	0.26250	0.42009	8559.46875	0.14062	11866	1	0.37532	0.64199	1	0.31307	0.52340	1	0.34419	0.58270	1	0.48559	0.54313	11.87929	1.05115	1	0.74657	0.56545	12.04443	1.05881	1	-0.00266	-0.00890	0.59042	0.00333	1	0.06421	-0.01502	0.67644	0.00347	1	1.45898	0.81042	0	
1269185	8559.61523	3306395751673	0.26600	0.42697	8559.46875	0.14648	11866	1	0.37350	0.63804	1	0.31221	0.51857	1	0.34286	0.57830	1	0.48777	0.54262	11.03288	1.05881	1	0.74842	0.56662	11.90647	1.06647	1	-0.00270	-0.01053	0.69174	0.00288	1	0.06569	-0.01542	0.68764	0.00299	1	1.45898	0.81042	0	
1269186	8559.62207	3306395818676	0.28366	0.46026	8559.46875	0.14648	11866	0	0.46562	0.60532	1	0.41088	0.66765	1	0.43825	0.63649	1	0.48806	0.54303	11.12731	1.06647	1	0.74818	0.56666	11.83910	1.06647	1	-0.00270	-0.01053	0.69174	0.00297	1	0.06569	-0.01542	0.68764	0.00307	1	1.45898	0.81042	0	
1269187	8559.62891	3306395886485	0.36549	0.52575	8559.46875	0.14648	11866	0	0.46867	0.61193	1	0.42596	0.57058	1	0.44732	0.59125	1	0.48806	0.54309	11.31583	1.06647	1	0.74832	0.56651	11.35848	1.06647	1	-0.00270	-0.01053	0.69174	0.00295	1	0.06569	-0.01542	0.68764	0.00300	1	1.45898	0.81042	0	
1269188	8559.63574	3306395951206	0.39276	0.54759	8559.46875	0.14648	11866	0	0.46867	0.61193	1	0.42596	0.57058	1	0.44732	0.59125	1	0.48812	0.54303	10.65263	1.06647	1	0.74862	0.56674	11.66743	1.06647	1	-0.00270	-0.01053	0.69174	0.00289	1	0.06569	-0.01542	0.68764	0.00295	1	1.45898	0.81042	0	
1269189	8559.64258	3306396019474	0.45552	0.59803	8559.46875	0.14648	11866	0	0.48915	0.57543	1	0.45470	0.64772	1	0.47192	0.61157	1	0.48787	0.54285	10.92530	1.06647	1	0.74880	0.56668	11.98479	1.06647	1	-0.00270	-0.01053	0.69174	0.00277	1	0.06569	-0.01542	0.68764	0.00301	1	1.45898	0.81042	0	
1269190	8559.64941	3306396086680	0.45824	0.59472	8559.46875	0.14648	11866	0	0.48976	0.56174	1	0.43217	0.62111	1	0.46096	0.59142	1	0.48796	0.54264	10.53387	1.06647	1	0.74855	0.56657	11.76077	1.06647	1	-0.00270	-0.01053	0.69174	0.00279	1	0.06569	-0.01542	0.68764	0.00298	1	1.45898	0.81042	0	
1269191	8559.65625	3306396153507	0.45915	0.59362	8559.46875	0.14648	11866	0	0.48976	0.56174	1	0.43217	0.62111	1	0.46096	0.59142	1	0.48768	0.54287	10.94648	1.06647	1	0.74848	0.56652	11.69910	1.06647	1	-0.00265	-0.01038	0.67839	0.00276	1	0.06569	-0.01542	0.68764	0.00301	1	1.45898	0.81042	0	
1269192	8559.66211	3306396220538	0.45826	0.59978	8559.64258	0.01953	11867	1	0.47725	0.60517	1	0.43391	0.63135	1	0.45558	0.61826	1	0.48768	0.54300	10.95746	1.06647	1	0.74855	0.56653	11.21271	1.06647	1	-0.00265	-0.01038	0.67839	0.00279	1	0.06569	-0.01542	0.68764	0.00304	1	1.45898	0.81042	0	
1269193	8559.66895	3306396287896	0.45613	0.59782	8559.64258	0.02637	11867	1	0.46854	0.56587	1	0.42669	0.61409	1	0.44761	0.58998	1	0.48763	0.54259	10.67556	1.06647	1	0.74842	0.56639	11.47878	1.06647	1	-0.00265	-0.01038	0.67839	0.00299	1	0.06569	-0.01542	0.68764	0.00307	1	1.45898	0.81042	0	
1269194	8559.67578	3306396354096	0.45482	0.59762	8559.64258	0.03320	11867	1	0.46976	0.57050	1	0.42681	0.62269	1	0.44829	0.59659	1	0.48758	0.54273	10.92265	1.05845	1	0.74840	0.56651	11.58381	1.05079	1	-0.00264	-0.01012	0.66456	0.00298	1	0.06371	-0.01484	0.66642	0.00302	1	1.45898	0.81042	0	
1269195	8559.68262	3306396421652	0.45642	0.60417	8559.64258	0.04004	11867	1	0.49624	0.63819	1	0.43575	0.64876	1	0.46600	0.64348	1	0.48757	0.54275	10.73782	1.04278	1	0.74868	0.56665	12.13736	1.03512	1	-0.00264	-0.01012	0.66456	0.00306	1	0.06371	-0.01484	0.66642	0.00297	1	1.45898	0.81042	0	
1269196	8559.68945	3306396488612	0.45829	0.60587	8559.64258	0.04688	11867	1	0.49596	0.61826	1	0.44683	0.61724	1	0.47140	0.61775	1	0.48762	0.54294	10.87074	1.02710	1	0.74872	0.56668	12.06627	1.01944	1	-0.00264	-0.01012	0.66456	0.00288	1	0.06371	-0.01484	0.66642	0.00297	1	1.45898	0.81042	0	
1269197	8559.69629	3306396554043	0.45980	0.60742	8559.64258	0.05371	11867	1	0.49700	0.62245	1	0.44683	0.61724	1	0.47192	0.61984	1	0.48763	0.54300	11.33182	1.01944	1	0.74833	0.56657	11.41635	1.01944	1	-0.00265	-0.01038	0.67839	0.00285	1	0.06569	-0.01542	0.68764	0.00298	1	1.45898	0.81042	0	
1269198	8559.70312	3306396623643	0.46147	0.61145	8559.64258	0.06055	11867	1	0.50310	0.61515	1	0.44982	0.68022	1	0.47646	0.64768	1	0.48767	0.54310	10.97927	1.02746	1	0.74880	0.56677	11.83112	1.03512	1	-0.00265	-0.01038	0.67839	0.00289	1	0.06569	-0.01542	0.68764	0.00299	1	1.45898	0.81042	0	
1269199	8559.70996	3306396690147	0.46172	0.61154	8559.64258	0.06738	11867	1	0.49644	0.61393	1	0.43201	0.61100	1	0.46423	0.61246	1	0.48765	0.54303	10.82398	1.04313	1	0.74849	0.56636	11.10253	1.05079	1	-0.00265	-0.01038	0.67839	0.00286	1	0.06569	-0.01542	0.68764	0.00313	1	1.45898	0.81042	0	
1269200	8559.71582	3306396755627	0.46189	0.61144	8559.64258	0.07324	11867	1	0.49543	0.60977	1	0.43201	0.61100	1	0.46372	0.61038	1	0.48770	0.54300	10.88647	1.05079	1	0.74842	0.56609	10.82154	1.05079	1	-0.00264	-0.01012	0.66456	0.00286	1	0.06183	-0.01446	0.64677	0.00322	1	1.45898	0.81042	0	
1269201	8559.72266	3306396819898	0.46216	0.61271	8559.64258	0.08008	11867	1	0.50445	0.60687	1	0.42632	0.64887	1	0.46539	0.62787	1	0.48772	0.54296	10.73309	1.04278	1	0.74844	0.56656	11.52295	1.03512	1	-0.00264	-0.01012	0.66456	0.00290	1	0.06183	-0.01446	0.64677	0.00303	1	1.45898	0.81042	0	
1269202	8559.72949	3306396888687	0.46223	0.61433	8559.64258	0.08691	11867	1	0.50108	0.62506	1	0.42535	0.64582	1	0.46321	0.63544	1	0.48763	0.54301	10.89253	1.02710	1	0.74838	0.56659	11.21353	1.01944	1	-0.00264	-0.01012	0.66456	0.00289	1	0.06183	-0.01446	0.64677	0.00299	1	1.45898	0.81042	0	
1269203	8559.73633	3306396954767	0.46233	0.61601	8559.64258	0.09375	11867	1	0.50209	0.62920	1	0.42542	0.64997	1	0.46375	0.63959	1	0.48760	0.54300	10.74459	1.01944	1	0.74917	0.56684	11.40000	1.01178	1	-0.00270	-0.01053	0.69174	0.00287	1	0.06371	-0.01494	0.66642	0.00299	1	1.45898	0.81042	0	
1269204	8559.74219	3306397021635	0.46184	0.61661	8559.64258	0.09961	11867	1	0.49433	0.60790	1	0.41471	0.64325	1	0.45452	0.62558	1	0.48829	0.54264	10.59695	1.01980	1	0.74895	0.56701	12.06818	1.01980	1	-0.00270	-0.01053	0.69174	0.00279	1	0.06371	-0.01494	0.66642	0.00296	1	1.45898	0.81042	0	
1269205	8559.74902	3306397088872	0.45922	0.61434	8559.64258	0.10645	11867	1	0.42496	0.60805	1	0.40958	0.54791	1	0.41727	0.57798	1	0.48802	0.54281	10.72830	1.02782	1	0.74924	0.56595	10.75940	1.02782	1	-0.00270	-0.01053	0.69174	0.00284	1	0.06371	-0.01494	0.66642	0.00346	1	1.45898	0.81042	0	
1269206	8559.75586	3306397156491	0.45684	0.61205	8559.64258	0.11328	11867	1	0.42337	0.60356	1	0.40939	0.54284	1	0.41638	0.57320	1	0.49108	0.54323	10.05576	1.03583	1	0.75226	0.56741	12.19097	1.03583	1	-0.00227	-0.01053	0.68828	0.00293	1	0.06340	-0.01483	0.65904	0.00295	1	1.45898	0.81042	0	
1269207	8559.76270	3306397222706	0.46108	0.61384	8559.64258	0.12012	11867	1	0.56414	0.60267	1	0.51071	0.68914	1	0.53742	0.64591	1	0.49146	0.54281	10.83921	1.03583	1	0.75213	0.56742	12.09726	1.03583	1	-0.00227	-0.01053	0.68828	0.00304	1	0.06340	-0.01483	0.65904	0.00293	1	1.45898	0.81042	0	
1269208	8559.76953	3306397290645	0.46515	0.61654	8559.64258	0.12695	11867	1	0.55293	0.60499	1	0.53190	0.73083	1	0.54242	0.66791	1	0.49162	0.54277	11.12916	1.03583	1	0.75261	0.56785	12.25818	1.03583	1	-0.00227	-0.01053	0.68828	0.00283	1	0.06340	-0.01483	0.65904	0.00306	1	1.45898	0.81042	0	
1269209	8559.77637	3306397356418	0.46883	0.61899	8559.64258	0.13379	11867	1	0.55293	0.60499	1	0.53190	0.73083	1	0.54242	0.66791	1	0.49192	0.54329	11.37730	1.03583	1	0.75275	0.56790	12.77224	1.03583	1	-0.00208	-0.01060	0.69300	0.00300	1	0.06381	-0.01488	0.66123	0.00310	1	1.45898	0.81042	0	
1269210	8559.78320	3306397422894	0.47349	0.62285	8559.64258	0.14062	11867	1	0.59232	0.65542	1	0.55032	0.75260	1	0.57132	0.70401	1	0.49179	0.54346	11.53676	1.03583	1	0.75281	0.56806	13.22591	1.03583	1	-0.00208	-0.01060	0.69300	0.00309	1	0.06381	-0.01488	0.66123	0.00306	1	1.45898	0.81042	0	
1269211	8559.79004	3306397493194	0.47749	0.62562	8559.64258	0.14746	11867	1	0.60788	0.65736	1	0.52314	0.71595	1	0.56551	0.68666	1	0.49202	0.54334	11.32399	1.03583	1	0.75244	0.56820	12.95733	1.03583	1	-0.00208	-0.01060	0.69300	0.00293	1	0.06381	-0.01488	0.66123	0.00326	1	1.45898	0.81042	0	
1269212	8559.79688	3306397560108	0.50045	0.64474	8559.64258	0.14746	11867	0	0.60788	0.65736	1	0.52378	0.71234	1	0.56583	0.68485	1	0.49190	0.54330	11.15977	1.03583	1	0.75297	0.56808	12.28780	1.04349	1	-0.00208	-0.01060	0.69300	0.00291	1	0.06586	-0.01537	0.68297	0.00314	1	1.45898	0.81042	0	
1269213	8559.80273	3306397627103	0.54915	0.64663	8559.64258	0.14746	11867	0	0.63285	0.55055	1	0.56285	0.74648	1	0.59785	0.64852	1	0.49219	0.54322	11.18317	1.04349	1	0.75306	0.56812	12.37268	1.05115	1	-0.00208	-0.01060	0.69300	0.00299	1	0.06586	-0.01537	0.68297	0.00322	1	1.45898	0.81042	0	
1269214	8559.80957	3306397693270	0.56478	0.65270	8559.64258	0.14746	11867	0	0.62323	0.58317	1	0.56885	0.74650	1	0.59604	0.66483	1	0.49199	0.54333	11.32125	1.05115	1	0.75315	0.56819	12.07054	1.05881	1	-0.00208	-0.01060	0.69300	0.00307	1	0.06586	-0.01537	0.68297	0.00315	1	1.45898	0.81042	0	
1269215	8559.81641	3306397761906	0.57269	0.65478	8559.79688	0.01953	11868	1	0.62306	0.57886	1	0.56980	0.74317	1	0.59643	0.66101	1	0.49191	0.54359	11.62491	1.05881	1	0.75310	0.56825	12.33061	1.06647	1	-0.00208	-0.01065	0.69300	0.00291	1	0.06538	-0.01528	0.67906	0.00303	1	1.45898	0.81042	0	
1269216	8559.82324	3306397827974	0.57494	0.65289	8559.79688	0.02637	11868	1	0.62185	0.58138	1	0.54597	0.70934	1	0.58391	0.64536	1	0.49197	0.54349	11.75776	1.06647	1	0.75277	0.56805	12.02047	1.06647	1	-0.00208	-0.01065	0.69300	0.00296	1	0.06538	-0.01528	0.67906	0.00304	1	1.45898	0.81042	0	
1269217	8559.83008	3306397895027	0.57856	0.64826	8559.79688	0.03320	11868	1	0.63503	0.57626	1	0.55828	0.67392	1	0.59666	0.62509	1	0.49215	0.54350	11.27912	1.06647	1	0.75285	0.56795	12.08609	1.06647	1	-0.00208	-0.01065	0.69300	0.00295	1	0.06538	-0.01528	0.67906	0.00308	1	1.45898	0.81042	0	
1269218	8559.83691	3306397962030	0.58108	0.64556	8559.79688	0.04004	11868	1	0.63513	0.58076	1	0.55738	0.67792	1	0.59625	0.62934	1	0.49213	0.54344	11.15470	1.05845	1	0.75261	0.56796	11.88888	1.05845	1	-0.00210	-0.01001	0.65129	0.00300	1	0.06538	-0.01528	0.67906	0.00308	1	1.45898	0.81042	0	
1269219	8559.84375	3306398028993	0.58151	0.64785	8559.79688	0.04688	11868	1	0.61878	0.60019	1	0.55015	0.72762	1	0.58446	0.66390	1	0.49195	0.54348	11.59646	1.05044	1	0.75279	0.56780	11.92765	1.05044	1	-0.00210	-0.01001	0.65129	0.00296	1	0.06538	-0.01528	0.67906	0.00312	1	1.45898	0.81042	0	
1269220	8559.85059	3306398096157	0.58146	0.65106	8559.79688	0.05371	11868	1	0.61747	0.61692	1	0.54464	0.73666	1	0.58106	0.67679	1	0.49191	0.54359	11.62491	1.04242	1	0.75269	0.56797	11.86113	1.04242	1	-0.00210	-0.01001	0.65129	0.00291	1	0.06538	-0.01528	0.67906	0.00304	1	1.45898	0.81042	0	
1269221	8559.85645	3306398163156	0.58135	0.65420	8559.79688	0.05957	11868	1	0.61769	0.62121	1	0.54303	0.74370	1	0.58036	0.68245	1	0.49191	0.54359	11.62491	1.03440	1	0.75288	0.56796	12.06956	1.02674	1	-0.00210	-0.01001	0.65129	0.00291	1	0.06384	-0.01491	0.66263	0.00304	1	1.45898	0.81042	0	
1269222	8559.86328	3306398228311	0.58214	0.65686	8559.79688	0.06641	11868	1	0.62083	0.60710	1	0.55942	0.75976	1	0.59012	0.68343	1	0.49197	0.54349	11.75776	1.02674	1	0.75303	0.56811	12.53971	1.01908	1	-0.00210	-0.01001	0.65129	0.00296	1	0.06384	-0.01491	0.66263	0.00302	1	1.45898	0.81042	0	
1269223	8559.87012	3306398298303	0.58293	0.65941	8559.79688	0.07324	11868	1	0.62293	0.60777	1	0.56027	0.76708	1	0.59160	0.68742	1	0.49197	0.54349	11.75776	1.01908	1	0.75305	0.56811	12.42374	1.01143	1	-0.00210	-0.01001	0.65129	0.00296	1	0.06384	-0.01491	0.66263	0.00305	1	1.45898	0.81042	0	
1269224	8559.87695	3306398364146	0.58361	0.66173	8559.79688	0.08008	11868	1	0.62310	0.61204	1	0.56027	0.76708	1	0.59169	0.68956	1	0.49199	0.54325	11.61413	1.01143	1	0.75318	0.56833	12.35676	1.01143	1	-0.00210	-0.01001	0.65129	0.00307	1	0.06586	-0.01537	0.68297	0.00312	1	1.45898	0.81042	0	
1269225	8559.88379	3306398430684	0.58424	0.66365	8559.79688	0.08691	11868	1	0.62560	0.62866	1	0.55925	0.74855	1	0.59243	0.68861	1	0.49195	0.54348	11.59646	1.01143	1	0.75302	0.56795	11.86213	1.01908	1	-0.00210	-0.01001	0.65129	0.00296	1	0.06586	-0.01537	0.68297	0.00306	1	1.45898	0.81042	0	
1269226	8559.89062	3306398498102	0.58462	0.66412	8559.79688	0.09375	11868	1	0.62188	0.62530	1	0.55825	0.71621	1	0.59007	0.67076	1	0.49195	0.54348	11.59646	1.01908	1	0.75304	0.56819	12.15075	1.02674	1	-0.00210	-0.01001	0.65129	0.00296	1	0.06586	-0.01537	0.68297	0.00304	1	1.45898	0.81042	0	
1269227	8559.89648	3306398564825	0.58499	0.66429	8559.79688	0.09961	11868	1	0.62170	0.62116	1	0.55915	0.71256	1	0.59043	0.66686	1	0.49175	0.54341	11.36935	1.02674	1	0.75300	0.56806	11.97635	1.03440	1	-0.00205	-0.01026	0.66713	0.00299	1	0.06586	-0.01537	0.68297	0.00306	1	1.45898	0.81042	0	
1269228	8559.90332	3306398629771	0.58536	0.66287	8559.79688	0.10645	11868	1	0.62620	0.54265	1	0.55650	0.73767	1	0.59135	0.64016	1	0.49211	0.54300	11.16678	1.03440	1	0.75297	0.56804	11.95123	1.03440	1	-0.00205	-0.01026	0.66713	0.00317	1	0.06586	-0.01537	0.68297	0.00314	1	1.45898	0.81042	0	
1269229	8559.91016	3306398698813	0.58561	0.66140	8559.79688	0.11328	11868	1	0.61999	0.59267	1	0.55964	0.68025	1	0.58982	0.63646	1	0.49198	0.54348	11.61496	1.03440	1	0.75294	0.56787	11.71538	1.03440	1	-0.00205	-0.01026	0.66713	0.00294	1	0.06586	-0.01537	0.68297	0.00318	1	1.45898	0.81042	0	
1269230	8559.91699	3306398765948	0.58583	0.66009	8559.79688	0.12012	11868	1	0.61999	0.59267	1	0.55964	0.68025	1	0.58982	0.63646	1	0.49194	0.54338	11.56446	1.03440	1	0.75306	0.56807	12.12892	1.03440	1	-0.00205	-0.01021	0.66713	0.00298	1	0.06586	-0.01537	0.68297	0.00313	1	1.45898	0.81042	0	
1269231	8559.92383	3306398833403	0.58622	0.65974	8559.79688	0.12695	11868	1	0.63319	0.60685	1	0.55407	0.69932	1	0.59363	0.65309	1	0.49215	0.54292	11.16716	1.03440	1	0.75295	0.56806	12.35885	1.03440	1	-0.00205	-0.01021	0.66713	0.00311	1	0.06586	-0.01537	0.68297	0.00314	1	1.45898	0.81042	0	
1269232	8559.93066	3306398899506	0.58637	0.65827	8559.79688	0.13379	11868	1	0.62331	0.51231	1	0.55557	0.74552	1	0.58944	0.62891	1	0.49207	0.54268	10.98366	1.03440	1	0.75290	0.56814	11.84577	1.03440	1	-0.00205	-0.01021	0.66713	0.00312	1	0.06586	-0.01537	0.68297	0.00316	1	1.45898	0.81042	0	
1269233	8559.93652	3306398962758	0.58651	0.65682	8559.79688	0.13965	11868	1	0.62312	0.50717	1	0.55561	0.74536	1	0.58937	0.62627	1	0.49199	0.54282	11.08164	1.04242	1	0.75287	0.56780	12.07225	1.03476	1	-0.00208	-0.01060	0.69300	0.00314	1	0.06381	-0.01488	0.66123	0.00309	1	1.45898	0.81042	0	
1269234	8559.94336	3306399030624	0.58705	0.65700	8559.79688	0.14648	11868	1	0.62481	0.58004	1	0.57285	0.74212	1	0.59883	0.66108	1	0.49199	0.54282	11.08164	1.04278	1	0.75323	0.56785	12.02867	1.03512	1	-0.00208	-0.01060	0.69300	0.00314	1	0.06381	-0.01488	0.66123	0.00301	1	1.45898	0.81042	0	
1269235	8559.95020	3306399096603	0.58746	0.65769	8559.79688	0.15332	11868	1	0.62656	0.60227	1	0.56765	0.74470	1	0.59711	0.67348	1	0.49203	0.54299	11.19790	1.04313	1	0.75306	0.56803	12.84608	1.03548	1	-0.00208	-0.01060	0.69300	0.00309	1	0.06381	-0.01488	0.66123	0.00298	1	1.45898	0.81042	0	
1269236	8559.95703	3306399168540	0.58785	0.65832	8559.79688	0.16016	11868	1	0.62656	0.60207	1	0.56769	0.74454	1	0.59712	0.67331	1	0.49189	0.54302	11.23293	1.04349	1	0.75302	0.56794	13.18181	1.03583	1	-0.00208	-0.01065	0.69300	0.00314	1	0.06381	-0.01488	0.66123	0.00305	1	1.45898	0.81042	0	
1269237	8559.96387	3306399234902	0.58739	0.65832	8559.79688	0.16699	11868	1	0.60962	0.59844	1	0.54207	0.71819	1	0.57584	0.65832	1	0.49201	0.54278	11.22867	1.03583	1	0.75314	0.56767	12.68850	1.03583	1	-0.00208	-0.01065	0.69300	0.00292	1	0.06381	-0.01488	0.66123	0.00297	1	1.45898	0.81042	0	
1269238	8559.97070	3306399301360	0.58707	0.65826	8559.79688	0.17383	11868	1	0.62204	0.61559	1	0.53537	0.69797	1	0.57871	0.65678	1	0.49219	0.54312	11.04427	1.03583	1	0.75301	0.56748	12.52002	1.03583	1	-0.00208	-0.01065	0.69300	0.00270	1	0.06381	-0.01488	0.66123	0.00292	1	1.45898	0.81042	0	
1269239	8559.97754	3306399368192	0.58677	0.65821	8559.79688	0.18066	11868	1	0.62204	0.61559	1	0.53537	0.69797	1	0.57871	0.65678	1	0.49205	0.54499	10.40335	1.03583	1	0.75272	0.56772	13.48284	1.03583	1	-0.00215	-0.01036	0.68371	0.00211	1	0.06381	-0.01468	0.66123	0.00291	1	1.45898	0.81042	0	
1269240	8559.98438	3306399435586	0.58530	0.66308	8559.79688	0.18750	11868	1	0.62204	0.61559	0	0.54428	0.79969	1	0.54428	0.79969	1	0.49205	0.54499	10.40335	1.03583	0	0.75272	0.56762	11.09615	1.03583	1	-0.00215	-0.01036	0.68371	0.00211	1	0.06381	-0.01468	0.66123	0.00276	1	1.45898	0.81042	0	
1269241	8559.99121	3306399502716	0.58530	0.66308	8559.79688	0.19434	11868	1	0.62204	0.61559	0	0.54428	0.79969	0	0.54428	0.79969	0	0.49205	0.54499	10.40335	1.03583	0	0.75272	0.56762	11.09615	1.03583	0	-0.00215	-0.01036	0.68371	0.00211	1	0.06381	-0.01468	0.66123	0.00276	1	1.45898	0.81042	0	
1269242	8559.99707	3306399569878	0.58530	0.66308	8559.79688	0.20020	11868	1	0.62204	0.61559	0	0.54428	0.79969	0	0.54428	0.79969	0	0.49205	0.54499	10.40335	1.03583	0	0.75272	0.56762	11.09615	1.03583	0	-0.00215	-0.01036	0.68371	0.00211	1	0.06381	-0.01468	0.66123	0.00276	1	1.45898	0.81042	0	
1269243	8560.00391	3306399637801	0.58530	0.66308	8559.79688	0.20703	11868	1	0.62204	0.61559	0	0.54428	0.79969	0	0.54428	0.79969	0	0.49205	0.54499	10.40335	1.03583	0	0.75272	0.56762	11.09615	1.03583	0	-0.00215	-0.01036	0.68371	0.00211	1	0.06381	-0.01468	0.66123	0.00276	1	1.45898	0.81042	0	
1269244	8560.01074	3306399703435	0.58522	0.66338	8559.79688	0.20703	11868	0	0.62204	0.61559	0	0.54428	0.79969	0	0.54428	0.79969	0	0.49205	0.54499	10.40335	1.03583	0	0.75272	0.56762	11.09615	1.03583	0	-0.00215	-0.01036	0.68371	0.00211	1	0.06381	-0.01468	0.66123	0.00276	1	1.45898	0.81042	0	
1269245	8560.01758	3306399769182	0.58522	0.66338	8559.79688	0.20703	11868	0	0.62204	0.61559	0	0.54428	0.79969	0	0.54428	0.79969	0	0.49205	0.54499	10.40335	1.03583	0	0.75272	0.56762	11.09615	1.03583	0	-0.00215	-0.01036	0.68371	0.00211	1	0.06381	-0.01468	0.66123	0.00276	1	1.45898	0.81042	0	
1269246	8560.02441	3306399838638	0.58522	0.66338	8559.79688	0.20703	11868	0	0.62204	0.61559	0	0.54428	0.79969	0	0.54428	0.79969	0	0.49205	0.54499	10.40335	1.03583	0	0.75272	0.56762	11.09615	1.03583	0	-0.00215	-0.01036	0.68371	0.00211	1	0.06381	-0.01468	0.66123	0.00276	1	1.45898	0.81042	0	
1269247	8560.03125	3306399905958	0.00000	0.00000	8559.79688	0.20703	11868	0	0.62204	0.61559	0	0.54428	0.79969	0	0.54428	0.79969	0	0.49205	0.54499	10.40335	1.03583	0	0.75272	0.56762	11.09615	1.03583	0	-0.00215	-0.01036	0.68371	0.00211	1	0.06381	-0.01468	0.66123	0.00276	1	1.45898	0.81042	0	
1269248	8560.03809	3306399971690	0.00000	0.00000	8559.79688	0.20703	11868	0	0.62204	0.61559	0	0.54428	0.79969	0	0.54428	0.79969	0	0.49205	0.54499	10.40335	1.03583	0	0.75272	0.56762	11.09615	1.03583	0	-0.00215	-0.01036	0.68371	0.00211	1	0.06381	-0.01468	0.66123	0.00276	1	1.45898	0.81042	0	
1269249	8560.04395	3306400039118	0.00000	0.00000	8559.79688	0.20703	11868	0	0.62204	0.61559	0	0.54428	0.79969	0	0.54428	0.79969	0	0.49205	0.54499	10.40335	1.03583	0	0.75272	0.56762	11.09615	1.03583	0	-0.00215	-0.01036	0.68371	0.00211	1	0.06381	-0.01468	0.66123	0.00276	1	1.45898	0.81042	0	
1269250	8560.05078	3306400105545	0.00000	0.00000	8559.79688	0.20703	11868	0	0.62204	0.61559	0	0.54428	0.79969	0	0.54428	0.79969	0	0.49205	0.54499	10.40335	1.03583	0	0.75272	0.56762	11.09615	1.03583	0	-0.00215	-0.01036	0.68371	0.00211	1	0.06381	-0.01468	0.66123	0.00276	1	1.45898	0.81042	0	
1269251	8560.05762	3306400172834	0.00000	0.00000	8559.79688	0.20703	11868	0	0.62204	0.61559	0	0.54428	0.79969	0	0.54428	0.79969	0	0.49205	0.54499	10.40335	1.03583	0	0.75272	0.56762	11.09615	1.03583	0	-0.00215	-0.01036	0.68371	0.00211	1	0.06381	-0.01468	0.66123	0.00276	1	1.45898	0.81042	0	
1269252	8560.06445	3306400239832	0.00000	0.00000	8559.79688	0.20703	11868	0	0.62204	0.61559	0	0.54428	0.79969	0	0.54428	0.79969	0	0.49205	0.54499	10.40335	1.03583	0	0.75272	0.56762	11.09615	1.03583	0	-0.00215	-0.01036	0.68371	0.00211	1	0.06381	-0.01468	0.66123	0.00276	1	1.45898	0.81042	0	
1269253	8560.07129	3306400306728	0.00000	0.00000	8559.79688	0.20703	11868	0	0.62204	0.61559	0	0.54428	0.79969	0	0.54428	0.79969	0	0.49205	0.54499	10.40335	1.03583	0	0.75272	0.56762	11.09615	1.03583	0	-0.00215	-0.01036	0.68371	0.00211	1	0.06381	-0.01468	0.66123	0.00276	1	1.45898	0.81042	0	
1269254	8560.07812	3306400373322	0.00000	0.00000	8559.79688	0.20703	11868	0	0.62204	0.61559	0	0.54428	0.79969	0	0.54428	0.79969	0	0.49205	0.54499	10.40335	1.03583	0	0.75272	0.56762	11.09615	1.03583	0	-0.00215	-0.01036	0.68371	0.00211	1	0.06381	-0.01468	0.66123	0.00276	1	1.45898	0.81042	0	
1269255	8560.08496	3306400440610	0.00000	0.00000	8559.79688	0.20703	11868	0	0.62204	0.61559	0	0.54428	0.79969	0	0.54428	0.79969	0	0.49205	0.54499	10.40335	1.03583	0	0.75272	0.56762	11.09615	1.03583	0	-0.00215	-0.01036	0.68371	0.00211	1	0.06381	-0.01468	0.66123	0.00276	1	1.45898	0.81042	0	
1269256	8560.09082	3306400507675	0.00000	0.00000	8559.79688	0.20703	11868	0	0.62204	0.61559	0	0.54428	0.79969	0	0.54428	0.79969	0	0.49205	0.54499	10.40335	1.03583	0	0.75272	0.56762	11.09615	1.03583	0	-0.00215	-0.01036	0.68371	0.00211	1	0.06381	-0.01468	0.66123	0.00276	1	1.45898	0.81042	0	
1269257	8560.09766	3306400574236	0.00000	0.00000	8559.79688	0.20703	11868	0	0.62204	0.61559	0	0.54428	0.79969	0	0.54428	0.79969	0	0.49205	0.54499	10.40335	1.03583	0	0.75272	0.56762	11.09615	1.03583	0	-0.00215	-0.01036	0.68371	0.00211	1	0.06381	-0.01468	0.66123	0.00276	1	1.45898	0.81042	0	
1269258	8560.10449	3306400640305	0.00000	0.00000	8559.79688	0.20703	11868	0	0.62204	0.61559	0	0.54428	0.79969	0	0.54428	0.79969	0	0.49205	0.54499	10.40335	1.03583	0	0.75272	0.56762	11.09615	1.03583	0	-0.00215	-0.01036	0.68371	0.00211	1	0.06381	-0.01468	0.66123	0.00276	1	1.45898	0.81042	0	
1269259	8560.11133	3306400705755	0.00000	0.00000	8559.79688	0.20703	11868	0	0.62204	0.61559	0	0.54428	0.79969	0	0.54428	0.79969	0	0.49205	0.54499	10.40335	1.03583	0	0.75272	0.56762	11.09615	1.03583	0	-0.00215	-0.01036	0.68371	0.00211	1	0.06381	-0.01468	0.66123	0.00276	1	1.45898	0.81042	0	
1269260	8560.11816	3306400776575	0.00000	0.00000	8559.79688	0.20703	11868	0	0.62204	0.61559	0	0.54428	0.79969	0	0.54428	0.79969	0	0.49205	0.54499	10.40335	1.03583	0	0.75272	0.56762	11.09615	1.03583	0	-0.00215	-0.01036	0.68371	0.00211	1	0.06381	-0.01468	0.66123	0.00276	1	1.45898	0.81042	0	
1269261	8560.12500	3306400843092	0.00000	0.00000	8559.79688	0.20703	11868	0	0.62204	0.61559	0	0.54428	0.79969	0	0.54428	0.79969	0	0.49205	0.54499	10.40335	1.03583	0	0.75272	0.56762	11.09615	1.03583	0	-0.00215	-0.01036	0.68371	0.00211	1	0.06381	-0.01468	0.66123	0.00276	1	1.45898	0.81042	0	
1269262	8560.13184	3306400910194	0.00000	0.00000	8559.79688	0.20703	11868	0	0.62204	0.61559	0	0.54428	0.79969	0	0.54428	0.79969	0	0.49205	0.54499	10.40335	1.03583	0	0.75272	0.56762	11.09615	1.03583	0	-0.00215	-0.01036	0.68371	0.00211	1	0.06381	-0.01468	0.66123	0.00276	1	1.45898	0.81042	0	
1269263	8560.13770	3306400976035	0.00000	0.00000	8559.79688	0.20703	11868	0	0.62204	0.61559	0	0.54428	0.79969	0	0.54428	0.79969	0	0.49205	0.54499	10.40335	1.03583	0	0.75272	0.56762	11.09615	1.03583	0	-0.00215	-0.01036	0.68371	0.00211	1	0.06381	-0.01468	0.66123	0.00276	1	1.45898	0.81042	0	
1269264	8560.14453	3306401038953	0.00000	0.00000	8559.79688	0.20703	11868	0	0.62204	0.61559	0	0.54428	0.79969	0	0.54428	0.79969	0	0.49205	0.54499	10.40335	1.03583	0	0.75272	0.56762	11.09615	1.03583	0	-0.00215	-0.01036	0.68371	0.00211	1	0.06381	-0.01468	0.66123	0.00276	1	1.45898	0.81042	0	
1269265	8560.15137	3306401108105	0.00000	0.00000	8559.79688	0.20703	11868	0	0.62204	0.61559	0	0.54428	0.79969	0	0.54428	0.79969	0	0.49205	0.54499	10.40335	1.03583	0	0.75272	0.56762	11.09615	1.03583	0	-0.00215	-0.01036	0.68371	0.00211	1	0.06381	-0.01468	0.66123	0.00276	1	1.45898	0.81042	0	
1269266	8560.15820	3306401174399	0.00000	0.00000	8559.79688	0.20703	11868	0	0.62204	0.61559	0	0.54428	0.79969	0	0.54428	0.79969	0	0.49205	0.54499	10.40335	1.03583	0	0.75272	0.56762	11.09615	1.03583	0	-0.00215	-0.01036	0.68371	0.00211	1	0.06381	-0.01468	0.66123	0.00276	1	1.45898	0.81042	0	
1269267	8560.16406	3306401239537	0.00000	0.00000	8559.79688	0.20703	11868	0	0.62204	0.61559	0	0.54428	0.79969	0	0.54428	0.79969	0	0.49205	0.54499	10.40335	1.03583	0	0.75272	0.56762	11.09615	1.03583	0	-0.00215	-0.01036	0.68371	0.00211	1	0.06381	-0.01468	0.66123	0.00276	1	1.45898	0.81042	0	
1269268	8560.17090	3306401307808	0.00000	0.00000	8559.79688	0.20703	11868	0	0.62204	0.61559	0	0.54428	0.79969	0	0.54428	0.79969	0	0.49205	0.54499	10.40335	1.03583	0	0.75272	0.56762	11.09615	1.03583	0	-0.00215	-0.01036	0.68371	0.00211	1	0.06381	-0.01468	0.66123	0.00276	1	1.45898	0.81042	0	
1269269	8560.17871	3306401378188	0.00000	0.00000	8559.79688	0.20703	11868	0	0.62204	0.61559	0	0.54428	0.79969	0	0.54428	0.79969	0	0.49205	0.54499	10.40335	1.03583	0	0.75272	0.56762	11.09615	1.03583	0	-0.00215	-0.01036	0.68371	0.00211	1	0.06381	-0.01468	0.66123	0.00276	1	1.45898	0.81042	0	
1269270	8560.18457	3306401445177	0.00000	0.00000	8559.79688	0.20703	11868	0	0.62204	0.61559	0	0.54428	0.79969	0	0.54428	0.79969	0	0.49205	0.54499	10.40335	1.03583	0	0.75272	0.56762	11.09615	1.03583	0	-0.00215	-0.01036	0.68371	0.00211	1	0.06381	-0.01468	0.66123	0.00276	1	1.45898	0.81042	0	
1269271	8560.19141	3306401512010	0.00000	0.00000	8559.79688	0.20703	11868	0	0.62204	0.61559	0	0.54428	0.79969	0	0.54428	0.79969	0	0.49205	0.54499	10.40335	1.03583	0	0.75272	0.56762	11.09615	1.03583	0	-0.00215	-0.01036	0.68371	0.00211	1	0.06381	-0.01468	0.66123	0.00276	1	1.45898	0.81042	0	
1269272	8560.19824	3306401577966	0.29200	0.35222	8559.79688	0.20703	11868	0	0.62204	0.61559	1	0.54597	0.79330	1	0.58401	0.70444	1	0.48744	0.53644	11.48375	1.03583	1	0.74845	0.56035	12.28485	1.05217	1	-0.00280	-0.00964	0.69130	0.00355	1	0.06676	-0.01479	0.69938	0.00382	1	1.45898	0.81042	0	
1269273	8560.20508	3306401646242	0.34517	0.36587	8559.79688	0.20703	11868	0	0.47411	0.38901	1	0.42889	0.39734	1	0.45150	0.39317	1	0.48740	0.53685	11.01659	1.05217	1	0.74878	0.56024	11.88625	1.06851	1	-0.00280	-0.00964	0.69130	0.00383	1	0.06676	-0.01479	0.69938	0.00384	1	1.45898	0.81042	0	
1269274	8560.21191	3306401713336	0.48941	0.49148	8559.79688	0.20703	11868	0	0.44858	0.37018	1	0.41686	0.38347	1	0.43272	0.37683	1	0.48707	0.53681	11.75611	1.06851	1	0.74857	0.55997	11.98512	1.08485	1	-0.00280	-0.00964	0.69130	0.00394	1	0.06676	-0.01479	0.69938	0.00396	1	1.45898	0.81042	0	
1269275	8560.21875	3306401780387	0.45991	0.42455	8559.79688	0.20703	11868	0	0.44437	0.35081	1	0.41646	0.36441	1	0.43042	0.35761	1	0.48728	0.53697	11.82591	1.09394	1	0.74821	0.56047	12.24455	1.11028	1	-0.00292	-0.00986	0.70709	0.00374	1	0.06676	-0.01479	0.69938	0.00422	1	1.45898	0.81042	0	
1269276	8560.22559	3306401847340	0.45975	0.39256	8559.79688	0.20703	11868	0	0.45403	0.28282	1	0.46485	0.37436	1	0.45944	0.32859	1	0.48724	0.53650	11.66547	1.11936	1	0.74851	0.56025	12.32351	1.11936	1	-0.00292	-0.00986	0.70709	0.00385	1	0.06676	-0.01479	0.69938	0.00388	1	1.45898	0.81042	0	
1269277	8560.23242	3306401914506	0.45698	0.32711	8559.79688	0.20703	11868	0	0.47732	0.30096	1	0.48487	0.28931	1	0.48110	0.29514	1	0.48719	0.53674	11.59466	1.12845	1	0.74878	0.55948	11.84051	1.12845	1	-0.00292	-0.00986	0.70709	0.00389	1	0.06676	-0.01479	0.69938	0.00391	1	1.45898	0.81042	0	
1269278	8560.23828	3306401981335	0.46874	0.30927	8559.79688	0.20703	11868	0	0.47610	0.29386	1	0.48489	0.28899	1	0.48050	0.29142	1	0.48701	0.53677	10.96677	1.13753	1	0.74877	0.55938	11.85620	1.12885	1	-0.00292	-0.00986	0.70709	0.00396	1	0.06475	-0.01436	0.67884	0.00395	1	1.45898	0.81042	0	
1269279	8560.24512	3306402048640	0.47480	0.32301	8559.79688	0.20703	11868	0	0.48938	0.40317	1	0.48449	0.29781	1	0.48693	0.35049	1	0.48729	0.53734	11.33839	1.12885	1	0.74875	0.55958	11.94128	1.12017	1	-0.00292	-0.00986	0.70709	0.00356	1	0.06475	-0.01436	0.67884	0.00390	1	1.45898	0.81042	0	
1269280	8560.25195	3306402114552	0.47581	0.32751	8560.23242	0.01953	11869	1	0.47762	0.37149	1	0.48000	0.31055	1	0.47881	0.34102	1	0.48717	0.53693	11.58682	1.12017	1	0.74868	0.55965	11.63226	1.11149	1	-0.00292	-0.00986	0.70709	0.00364	1	0.06475	-0.01436	0.67884	0.00389	1	1.45898	0.81042	0	
1269281	8560.25879	3306402182406	0.47649	0.33154	8560.23242	0.02637	11869	1	0.47880	0.37778	1	0.47965	0.31751	1	0.47923	0.34764	1	0.48720	0.53678	11.55456	1.11149	1	0.74801	0.56009	11.77429	1.10281	1	-0.00302	-0.00987	0.70719	0.00364	1	0.06475	-0.01436	0.67884	0.00395	1	1.45898	0.81042	0	
1269282	8560.26562	3306402249326	0.47351	0.33644	8560.23242	0.03320	11869	1	0.48910	0.32007	1	0.42809	0.40183	1	0.45859	0.36095	1	0.48701	0.53679	11.33981	1.10281	1	0.74797	0.56029	12.30002	1.10281	1	-0.00302	-0.00987	0.70719	0.00361	1	0.06475	-0.01436	0.67884	0.00388	1	1.45898	0.81042	0	
1269283	8560.27246	3306402315924	0.47058	0.34166	8560.23242	0.04004	11869	1	0.48910	0.32007	1	0.41693	0.42590	1	0.45301	0.37298	1	0.48701	0.53679	11.33981	1.10281	1	0.74777	0.56077	12.56750	1.10281	1	-0.00302	-0.00987	0.70719	0.00361	1	0.06475	-0.01436	0.67884	0.00369	1	1.45898	0.81042	0	
1269284	8560.27832	3306402383199	0.46838	0.34558	8560.23242	0.04590	11869	1	0.48910	0.32007	1	0.41693	0.42590	1	0.45301	0.37298	1	0.48700	0.53660	11.31282	1.10281	1	0.74791	0.56073	12.55025	1.10281	1	-0.00302	-0.00987	0.70719	0.00364	1	0.06475	-0.01436	0.67884	0.00375	1	1.45898	0.81042	0	
1269285	8560.28516	3306402450126	0.46771	0.34153	8560.23242	0.05273	11869	1	0.49578	0.28565	1	0.42879	0.33276	1	0.46228	0.30920	1	0.48718	0.53636	11.05768	1.10281	1	0.74790	0.55963	11.99649	1.10281	1	-0.00302	-0.00987	0.70719	0.00373	1	0.06475	-0.01436	0.67884	0.00423	1	1.45898	0.81042	0	
1269286	8560.29199	3306402515457	0.46687	0.33925	8560.23242	0.05957	11869	1	0.49641	0.29426	1	0.42219	0.34308	1	0.45930	0.31867	1	0.48716	0.53632	10.96108	1.10281	1	0.74782	0.55979	12.07426	1.10281	1	-0.00302	-0.00987	0.70719	0.00374	1	0.06475	-0.01436	0.67884	0.00422	1	1.45898	0.81042	0	
1269287	8560.29883	3306402584496	0.46623	0.33803	8560.23242	0.06641	11869	1	0.49752	0.30157	1	0.42228	0.35012	1	0.45990	0.32584	1	0.48688	0.53660	11.11982	1.09373	1	0.74778	0.56061	12.14757	1.09373	1	-0.00298	-0.00957	0.68618	0.00378	1	0.06556	-0.01456	0.68848	0.00383	1	1.45898	0.81042	0	
1269288	8560.30566	3306402647296	0.46534	0.33940	8560.23242	0.07324	11869	1	0.48696	0.28478	1	0.42403	0.42420	1	0.45550	0.35449	1	0.48695	0.53621	11.15665	1.08464	1	0.74791	0.56062	12.29831	1.08464	1	-0.00298	-0.00957	0.68618	0.00353	1	0.06556	-0.01456	0.68848	0.00378	1	1.45898	0.81042	0	
1269289	8560.31250	3306402718109	0.46491	0.33950	8560.23242	0.08008	11869	1	0.48493	0.28487	1	0.43461	0.39660	1	0.45977	0.34074	1	0.48692	0.53637	11.21203	1.07556	1	0.74810	0.56034	11.79371	1.07556	1	-0.00298	-0.00957	0.68618	0.00347	1	0.06556	-0.01456	0.68848	0.00382	1	1.45898	0.81042	0	
1269290	8560.31934	3306402785345	0.46459	0.33987	8560.23242	0.08691	11869	1	0.48615	0.29245	1	0.43461	0.39691	1	0.46038	0.34468	1	0.48642	0.53681	12.01716	1.06647	1	0.74779	0.56011	12.19248	1.07515	1	-0.00298	-0.00957	0.68618	0.00354	1	0.06663	-0.01476	0.70024	0.00380	1	1.45898	0.81042	0	
1269291	8560.32520	3306402851559	0.46269	0.34227	8560.23242	0.09277	11869	1	0.45044	0.35987	1	0.42181	0.39186	1	0.43613	0.37587	1	0.48629	0.53687	11.51597	1.07515	1	0.74745	0.56021	12.69729	1.08383	1	-0.00298	-0.00957	0.68618	0.00369	1	0.06663	-0.01476	0.70024	0.00387	1	1.45898	0.81042	0	
1269292	8560.33203	3306402918922	0.46149	0.34406	8560.23242	0.09961	11869	1	0.45684	0.35224	1	0.43005	0.38955	1	0.44345	0.37090	1	0.48640	0.53629	11.48245	1.08383	1	0.74756	0.56038	12.66082	1.09251	1	-0.00298	-0.00957	0.68618	0.00383	1	0.06663	-0.01476	0.70024	0.00375	1	1.45898	0.81042	0	
1269293	8560.33887	3306402986913	0.46034	0.34504	8560.23242	0.10645	11869	1	0.45407	0.33861	1	0.43002	0.38283	1	0.44204	0.36072	1	0.48602	0.53725	11.76160	1.10160	1	0.74724	0.56043	13.22635	1.10160	1	-0.00311	-0.00980	0.70282	0.00396	1	0.06380	-0.01409	0.67107	0.00379	1	1.45898	0.81042	0	
1269294	8560.34570	3306403053040	0.45994	0.34527	8560.23242	0.11328	11869	1	0.45407	0.33861	0	0.45304	0.34919	1	0.45304	0.34919	1	0.48602	0.53725	11.76160	1.11068	0	0.74759	0.55990	12.92130	1.10200	1	-0.00311	-0.00980	0.70282	0.00396	1	0.06380	-0.01409	0.67107	0.00376	1	1.45898	0.81042	0	
1269295	8560.35254	3306403120672	0.45994	0.34527	8560.23242	0.12012	11869	1	0.45407	0.33861	0	0.45304	0.34919	0	0.45304	0.34919	0	0.48602	0.53725	11.76160	1.11109	0	0.74759	0.55990	12.92130	1.10241	0	-0.00311	-0.00980	0.70282	0.00396	1	0.06380	-0.01409	0.67107	0.00376	1	1.45898	0.81042	0	
1269296	8560.35938	3306403186657	0.45994	0.34527	8560.23242	0.12695	11869	1	0.45407	0.33861	0	0.45304	0.34919	0	0.45304	0.34919	0	0.48602	0.53725	11.76160	1.11149	0	0.74759	0.55990	12.92130	1.10281	0	-0.00311	-0.00980	0.70282	0.00396	1	0.06380	-0.01409	0.67107	0.00376	1	1.45898	0.81042	0	
1269297	8560.36621	3306403253329	0.45994	0.34527	8560.23242	0.13379	11869	1	0.45407	0.33861	0	0.45304	0.34919	0	0.45304	0.34919	0	0.48602	0.53725	11.76160	1.10281	0	0.74759	0.55990	12.92130	1.10281	0	-0.00311	-0.00980	0.70282	0.00396	1	0.06380	-0.01409	0.67107	0.00376	1	1.45898	0.81042	0	
1269298	8560.37305	3306403321079	0.45315	0.34969	8560.23242	0.13379	11869	0	0.45407	0.33861	0	0.45304	0.34919	0	0.45304	0.34919	0	0.48602	0.53725	11.76160	1.10281	0	0.74759	0.55990	12.92130	1.10281	0	-0.00311	-0.00980	0.70282	0.00396	1	0.06380	-0.01409	0.67107	0.00376	1	1.45898	0.81042	0	
1269299	8560.37891	3306403387498	0.45315	0.34969	8560.23242	0.13379	11869	0	0.45407	0.33861	0	0.45304	0.34919	0	0.45304	0.34919	0	0.48602	0.53725	11.76160	1.10281	0	0.74759	0.55990	12.92130	1.10281	0	-0.00311	-0.00980	0.70282	0.00396	1	0.06380	-0.01409	0.67107	0.00376	1	1.45898	0.81042	0	
1269300	8560.38574	3306403454332	0.45315	0.34969	8560.23242	0.13379	11869	0	0.45407	0.33861	0	0.45304	0.34919	0	0.45304	0.34919	0	0.48602	0.53725	11.76160	1.10281	0	0.74759	0.55990	12.92130	1.10281	0	-0.00311	-0.00980	0.70282	0.00396	1	0.06380	-0.01409	0.67107	0.00376	1	1.45898	0.81042	0	
1269301	8560.39258	3306403521515	0.00000	0.00000	8560.23242	0.13379	11869	0	0.45407	0.33861	0	0.45304	0.34919	0	0.45304	0.34919	0	0.48602	0.53725	11.76160	1.10281	0	0.74759	0.55990	12.92130	1.10281	0	-0.00311	-0.00980	0.70282	0.00396	1	0.06380	-0.01409	0.67107	0.00376	1	1.45898	0.81042	0	
1269302	8560.39941	3306403588977	0.00000	0.00000	8560.23242	0.13379	11869	0	0.45407	0.33861	0	0.45304	0.34919	0	0.45304	0.34919	0	0.48602	0.53725	11.76160	1.10281	0	0.74759	0.55990	12.92130	1.10281	0	-0.00311	-0.00980	0.70282	0.00396	1	0.06380	-0.01409	0.67107	0.00376	1	1.45898	0.81042	0	
1269303	8560.40625	3306403655838	0.00000	0.00000	8560.23242	0.13379	11869	0	0.45407	0.33861	0	0.45304	0.34919	0	0.45304	0.34919	0	0.48602	0.53725	11.76160	1.10281	0	0.74759	0.55990	12.92130	1.10281	0	-0.00311	-0.00980	0.70282	0.00396	1	0.06380	-0.01409	0.67107	0.00376	1	1.45898	0.81042	0	
1269304	8560.41309	3306403721667	0.50504	0.37657	8560.23242	0.13379	11869	0	0.51090	0.39327	1	0.49918	0.35987	1	0.50504	0.37657	1	0.48735	0.53659	12.16119	1.10281	1	0.74869	0.55898	11.84428	1.10281	1	-0.00311	-0.00980	0.70282	0.00343	1	0.06380	-0.01409	0.67107	0.00423	1	1.45898	0.81042	0	
1269305	8560.41992	3306403789556	0.50529	0.37827	8560.23242	0.13379	11869	0	0.51192	0.39976	1	0.49916	0.36018	1	0.50554	0.37997	1	0.48779	0.53603	11.46180	1.09373	1	0.74862	0.55962	12.59948	1.10241	1	-0.00298	-0.00957	0.68618	0.00354	1	0.06681	-0.01464	0.70211	0.00395	1	1.45898	0.81042	0	
1269306	8560.42578	3306403856588	0.51509	0.38521	8560.23242	0.13379	11869	0	0.54063	0.36067	1	0.52874	0.43749	1	0.53468	0.39908	1	0.48782	0.53602	11.46473	1.09332	1	0.74878	0.55980	12.52796	1.10200	1	-0.00298	-0.00957	0.68618	0.00357	1	0.06681	-0.01464	0.70211	0.00382	1	1.45898	0.81042	0	
1269307	8560.43262	3306403923739	0.51859	0.38354	8560.41309	0.01953	11870	1	0.54112	0.35414	1	0.51706	0.40298	1	0.52909	0.37856	1	0.48780	0.53617	11.43033	1.09292	1	0.74857	0.55953	12.60337	1.10160	1	-0.00298	-0.00957	0.68618	0.00353	1	0.06681	-0.01464	0.70211	0.00386	1	1.45898	0.81042	0	
1269308	8560.43945	3306403990781	0.52061	0.38189	8560.41309	0.02637	11870	1	0.54036	0.34759	1	0.51706	0.40298	1	0.52871	0.37529	1	0.48736	0.53601	11.66838	1.10160	1	0.74848	0.55977	12.41641	1.10160	1	-0.00324	-0.00984	0.70909	0.00351	1	0.06380	-0.01399	0.67107	0.00391	1	1.45898	0.81042	0	
1269309	8560.44629	3306404057521	0.51978	0.37670	8560.41309	0.03320	11870	1	0.52293	0.31818	1	0.50828	0.38333	1	0.51561	0.35075	1	0.48710	0.53575	11.88623	1.11068	1	0.74843	0.55920	12.38404	1.10200	1	-0.00324	-0.00984	0.70909	0.00340	1	0.06380	-0.01399	0.67107	0.00383	1	1.45898	0.81042	0	
1269310	8560.45312	3306404124639	0.52002	0.37163	8560.41309	0.04004	11870	1	0.54472	0.29633	1	0.49818	0.38610	1	0.52145	0.34122	1	0.48714	0.53583	11.47732	1.11109	1	0.74828	0.55933	12.47569	1.10241	1	-0.00324	-0.00984	0.70909	0.00339	1	0.06380	-0.01399	0.67107	0.00378	1	1.45898	0.81042	0	
1269311	8560.45996	3306404191403	0.52021	0.36867	8560.41309	0.04688	11870	1	0.54545	0.30323	1	0.49769	0.39254	1	0.52157	0.34788	1	0.48733	0.53593	11.66337	1.10241	1	0.74799	0.55922	12.08012	1.09373	1	-0.00318	-0.00956	0.68507	0.00340	1	0.06421	-0.01410	0.67644	0.00392	1	1.45898	0.81042	0	
1269312	8560.46680	3306404258964	0.51928	0.37532	8560.41309	0.05371	11870	1	0.54246	0.38627	1	0.48113	0.47082	1	0.51180	0.42854	1	0.48704	0.53628	11.89785	1.08464	1	0.74805	0.55945	12.37782	1.08464	1	-0.00318	-0.00956	0.68507	0.00339	1	0.06421	-0.01410	0.67644	0.00386	1	1.45898	0.81042	0	
1269313	8560.47266	3306404326024	0.52047	0.37752	8560.41309	0.05957	11870	1	0.55838	0.40251	1	0.50405	0.39220	1	0.53121	0.39735	1	0.48720	0.53643	11.89308	1.07556	1	0.74797	0.55928	12.09802	1.07556	1	-0.00318	-0.00956	0.68507	0.00350	1	0.06421	-0.01410	0.67644	0.00390	1	1.45898	0.81042	0	
1269314	8560.47949	3306404392529	0.52148	0.37964	8560.41309	0.06641	11870	1	0.55907	0.40906	1	0.50402	0.39250	1	0.53154	0.40078	1	0.48700	0.53630	11.62683	1.06647	1	0.74776	0.55939	12.50029	1.07515	1	-0.00313	-0.00933	0.67268	0.00351	1	0.06707	-0.01469	0.70703	0.00386	1	1.45898	0.81042	0	
1269315	8560.48633	3306404459415	0.52174	0.37987	8560.41309	0.07324	11870	1	0.53842	0.36295	1	0.51090	0.40206	1	0.52466	0.38250	1	0.48698	0.53595	11.34350	1.07515	1	0.74768	0.55892	12.15172	1.08383	1	-0.00313	-0.00933	0.67268	0.00359	1	0.06707	-0.01469	0.70703	0.00379	1	1.45898	0.81042	0	
1269316	8560.49316	3306404524129	0.52203	0.37764	8560.41309	0.08008	11870	1	0.53199	0.30854	1	0.51907	0.39321	1	0.52553	0.35088	1	0.48689	0.53541	11.09531	1.08383	1	0.74780	0.55870	12.09995	1.09251	1	-0.00313	-0.00933	0.67268	0.00385	1	0.06707	-0.01469	0.70703	0.00387	1	1.45898	0.81042	0	
1269317	8560.50000	3306404593191	0.52225	0.37498	8560.41309	0.08691	11870	1	0.53028	0.29426	1	0.51975	0.38646	1	0.52501	0.34036	1	0.48647	0.53626	11.57340	1.10160	1	0.74775	0.55887	12.32391	1.10160	1	-0.00330	-0.00964	0.69860	0.00350	1	0.06452	-0.01404	0.68071	0.00386	1	1.45898	0.81042	0	
1269318	8560.50684	3306404660818	0.52053	0.37365	8560.41309	0.09375	11870	1	0.49748	0.30386	1	0.49550	0.40602	1	0.49649	0.35494	1	0.48642	0.53564	11.64282	1.11068	1	0.74748	0.55902	12.56371	1.10200	1	-0.00330	-0.00964	0.69860	0.00348	1	0.06452	-0.01404	0.68071	0.00387	1	1.45898	0.81042	0	
1269319	8560.51270	3306404722689	0.52020	0.37188	8560.41309	0.09961	11870	1	0.51196	0.31865	1	0.51847	0.37228	1	0.51522	0.34547	1	0.48656	0.53597	10.99471	1.11109	1	0.74777	0.55867	11.93075	1.10241	1	-0.00330	-0.00964	0.69860	0.00348	1	0.06452	-0.01404	0.68071	0.00388	1	1.45898	0.81042	0	
1269320	8560.51953	3306404792873	0.51990	0.37089	8560.41309	0.10645	11870	1	0.51291	0.32538	1	0.51727	0.38463	1	0.51509	0.35501	1	0.48618	0.53605	11.01353	1.10241	1	0.74745	0.55855	10.96942	1.08607	1	-0.00328	-0.00944	0.68409	0.00351	1	0.06192	-0.01349	0.65382	0.00387	1	1.45898	0.81042	0	
1269321	8560.52637	3306404857014	0.52019	0.37239	8560.41309	0.11328	11870	1	0.56454	0.37134	1	0.48598	0.42426	1	0.52526	0.39780	1	0.48653	0.53601	11.12264	1.07698	1	0.74740	0.55899	11.42600	1.06932	1	-0.00328	-0.00944	0.68409	0.00348	1	0.06192	-0.01349	0.65382	0.00386	1	1.45898	0.81042	0	
1269322	8560.53320	3306404926674	0.51990	0.37415	8560.41309	0.12012	11870	1	0.55452	0.38196	1	0.47451	0.42968	1	0.51452	0.40582	1	0.48643	0.53611	10.44566	1.06024	1	0.74719	0.55903	11.60708	1.05258	1	-0.00328	-0.00944	0.68409	0.00360	1	0.06192	-0.01349	0.65382	0.00389	1	1.45898	0.81042	0	
1269323	8560.54004	3306404992372	0.51965	0.37621	8560.41309	0.12695	11870	1	0.55587	0.39454	1	0.47418	0.43635	1	0.51502	0.41544	1	0.48604	0.53559	10.92821	1.04349	1	0.74726	0.55884	12.03851	1.04349	1	-0.00339	-0.00946	0.68565	0.00356	1	0.06649	-0.01444	0.70259	0.00394	1	1.45898	0.81042	0	
1269324	8560.54688	3306405060472	0.51909	0.37924	8560.41309	0.13379	11870	1	0.53117	0.40024	1	0.48447	0.47949	1	0.50782	0.43986	1	0.48598	0.53596	10.84186	1.04349	1	0.74726	0.55890	12.00948	1.05115	1	-0.00339	-0.00946	0.68565	0.00356	1	0.06649	-0.01444	0.70259	0.00412	1	1.45898	0.81042	0	
1269325	8560.55273	3306405126348	0.51893	0.37993	8560.41309	0.13965	11870	1	0.54280	0.33986	1	0.48858	0.44890	1	0.51569	0.39438	1	0.48622	0.53561	11.14252	1.05115	1	0.74735	0.55864	11.84694	1.05881	1	-0.00339	-0.00946	0.68565	0.00369	1	0.06649	-0.01444	0.70259	0.00407	1	1.45898	0.81042	0	
1269326	8560.55957	3306405191683	0.51879	0.38031	8560.41309	0.14648	11870	1	0.54211	0.33375	1	0.48896	0.44345	1	0.51554	0.38860	1	0.48610	0.53554	11.10591	1.05881	1	0.74728	0.55785	11.71493	1.06647	1	-0.00339	-0.00941	0.68566	0.00359	1	0.06649	-0.01444	0.70259	0.00438	1	1.45898	0.81042	0	
1269327	8560.56641	3306405260370	0.51807	0.38183	8560.41309	0.15332	11870	1	0.54011	0.35388	1	0.46312	0.48005	1	0.50161	0.41697	1	0.48614	0.53600	11.07764	1.06647	1	0.74697	0.55905	12.66222	1.06647	1	-0.00339	-0.00941	0.68566	0.00354	1	0.06649	-0.01444	0.70259	0.00386	1	1.45898	0.81042	0	
1269328	8560.57324	3306405328702	0.51823	0.38272	8560.41309	0.16016	11870	1	0.55002	0.36887	1	0.49407	0.43883	1	0.52205	0.40385	1	0.48627	0.53616	11.40515	1.06647	1	0.74748	0.55858	11.37030	1.06647	1	-0.00339	-0.00941	0.68566	0.00356	1	0.06649	-0.01444	0.70259	0.00415	1	1.45898	0.81042	0	
1269329	8560.58008	3306405397746	0.51838	0.38353	8560.41309	0.16699	11870	1	0.55002	0.36887	1	0.49407	0.43883	1	0.52205	0.40385	1	0.48618	0.53574	11.23946	1.06647	1	0.74712	0.55873	12.24799	1.06647	1	-0.00339	-0.00936	0.68566	0.00366	1	0.06649	-0.01444	0.70259	0.00400	1	1.45898	0.81042	0	
1269330	8560.58691	3306405464082	0.51791	0.38347	8560.41309	0.17383	11870	1	0.53762	0.33936	1	0.47402	0.42435	1	0.50582	0.38186	1	0.48618	0.53585	11.20635	1.06647	1	0.74713	0.55843	12.14408	1.06647	1	-0.00339	-0.00936	0.68566	0.00354	1	0.06649	-0.01444	0.70259	0.00415	1	1.45898	0.81042	0	
1269331	8560.59277	3306405526975	0.51767	0.38375	8560.41309	0.17969	11870	1	0.54240	0.37328	1	0.47962	0.40981	1	0.51101	0.39155	1	0.48617	0.53609	11.22270	1.06647	1	0.74722	0.55833	11.99125	1.06647	1	-0.00339	-0.00936	0.68566	0.00348	1	0.06649	-0.01444	0.70259	0.00398	1	1.45898	0.81042	0	
1269332	8560.60059	3306405598044	0.51744	0.38402	8560.41309	0.18750	11870	1	0.54240	0.37328	1	0.47962	0.40981	1	0.51101	0.39155	1	0.48620	0.53539	11.03924	1.06647	1	0.74751	0.55871	11.63163	1.06647	1	-0.00339	-0.00936	0.68566	0.00366	1	0.06649	-0.01444	0.70259	0.00395	1	1.45898	0.81042	0	
1269333	8560.60742	3306405665228	0.51733	0.38313	8560.41309	0.19434	11870	1	0.54053	0.36372	1	0.48825	0.35084	1	0.51439	0.35728	1	0.48615	0.53575	11.10595	1.06647	1	0.74734	0.55766	11.70200	1.06647	1	-0.00339	-0.00936	0.68566	0.00364	1	0.06649	-0.01444	0.70259	0.00437	1	1.45898	0.81042	0	
1269334	8560.61328	3306405732043	0.51399	0.38032	8560.41309	0.20020	11870	1	0.54053	0.36372	0	0.41369	0.29585	1	0.41369	0.29585	1	0.48615	0.53575	11.10595	1.06647	0	0.48631	0.53559	11.25862	1.06647	1	-0.00339	-0.00936	0.68566	0.00364	1	0.06649	-0.01444	0.70259	0.00367	1	1.45898	0.81042	0	
1269335	8560.62012	3306405799596	0.51086	0.37768	8560.41309	0.20703	11870	1	0.54053	0.36372	0	0.41369	0.29585	1	0.41369	0.29585	1	0.48615	0.53575	11.10595	1.06647	0	0.48618	0.53554	10.96267	1.06647	1	-0.00339	-0.00936	0.68566	0.00364	1	-0.00339	-0.00936	0.68566	0.00368	1	1.45898	0.81042	0	
1269336	8560.62695	3306405866292	0.50802	0.37675	8560.41309	0.21387	11870	1	0.54053	0.36372	0	0.41727	0.34714	1	0.41727	0.34714	1	0.48615	0.53575	11.10595	1.06647	0	0.48643	0.53615	11.29415	1.06647	1	-0.00339	-0.00936	0.68566	0.00364	1	-0.00339	-0.00936	0.68566	0.00360	1	1.45898	0.81042	0	
1269337	8560.63379	3306405933140	0.48000	0.36291	8560.41309	0.21387	11870	0	0.54053	0.36372	0	0.41181	0.28060	1	0.41181	0.28060	1	0.48615	0.53575	11.10595	1.06647	0	0.48630	0.53552	11.12340	1.06647	1	-0.00339	-0.00936	0.68566	0.00364	1	-0.00339	-0.00936	0.68566	0.00372	1	1.45898	0.81042	0	
1269338	8560.64062	3306406000043	0.44590	0.32176	8560.41309	0.21387	11870	0	0.54053	0.36372	0	0.41181	0.28060	1	0.41181	0.28060	1	0.48615	0.53575	11.10595	1.06647	0	0.48631	0.53559	11.25941	1.06647	1	-0.00339	-0.00936	0.68566	0.00364	1	-0.00339	-0.00936	0.68566	0.00368	1	1.45898	0.81042	0	
1269339	8560.64746	3306406067058	0.43541	0.31096	8560.41309	0.21387	11870	0	0.54053	0.36372	0	0.41442	0.28938	1	0.41442	0.28938	1	0.48615	0.53575	11.10595	1.06647	0	0.48631	0.53559	11.25941	1.06647	1	-0.00339	-0.00936	0.68566	0.00364	1	-0.00339	-0.00936	0.68566	0.00368	1	1.45898	0.81042	0	
1269340	8560.65430	3306406134114	0.41255	0.28235	8560.41309	0.21387	11870	0	0.54053	0.36372	0	0.41143	0.27706	1	0.41143	0.27706	1	0.48615	0.53575	11.10595	1.06647	0	0.48623	0.53546	10.96358	1.06647	1	-0.00339	-0.00936	0.68566	0.00364	1	-0.00339	-0.00936	0.68566	0.00375	1	1.45898	0.81042	0	
1269341	8560.66016	3306406199724	0.41199	0.27970	8560.41309	0.21387	11870	0	0.54053	0.36372	0	0.41143	0.27706	1	0.41143	0.27706	1	0.48615	0.53575	11.10595	1.06647	0	0.48618	0.53575	11.16474	1.06647	1	-0.00339	-0.00936	0.68566	0.00364	1	-0.00339	-0.00936	0.68566	0.00360	1	1.45898	0.81042	0	
1269342	8560.66699	3306406267578	0.41279	0.29004	8560.41309	0.21387	11870	0	0.54053	0.36372	0	0.41438	0.31072	1	0.41438	0.31072	1	0.48615	0.53575	11.10595	1.06647	0	0.48634	0.53587	11.43930	1.06647	1	-0.00339	-0.00936	0.68566	0.00364	1	-0.00339	-0.00936	0.68566	0.00364	1	1.45898	0.81042	0	
1269343	8560.67383	3306406334617	0.41336	0.29672	8560.65430	0.01953	11871	1	0.54053	0.36372	0	0.41506	0.31676	1	0.41506	0.31676	1	0.48615	0.53575	11.10595	1.06647	0	0.48631	0.53584	11.26932	1.06647	1	-0.00339	-0.00936	0.68566	0.00364	1	-0.00339	-0.00936	0.68566	0.00348	1	1.45898	0.81042	0	
1269344	8560.68066	3306406402499	0.42624	0.30543	8560.65430	0.02637	11871	1	0.54053	0.36372	1	0.41506	0.31676	1	0.47780	0.34024	1	0.48643	0.53608	11.39059	1.06647	1	0.74710	0.55815	11.79226	1.06647	1	-0.00339	-0.00946	0.68565	0.00343	1	0.06649	-0.01444	0.70259	0.00406	1	1.45898	0.81042	0	
1269345	8560.68750	3306406469274	0.43984	0.31216	8560.65430	0.03320	11871	1	0.53753	0.36736	1	0.47809	0.32425	1	0.50781	0.34581	1	0.48613	0.53625	11.14421	1.06647	1	0.74713	0.55731	11.61990	1.06647	1	-0.00339	-0.00946	0.68565	0.00348	1	0.06649	-0.01444	0.70259	0.00411	1	1.45898	0.81042	0	
1269346	8560.69434	3306406536153	0.44970	0.31715	8560.65430	0.04004	11871	1	0.54601	0.38103	1	0.47167	0.31315	1	0.50884	0.34709	1	0.48627	0.53587	11.28369	1.06647	1	0.74706	0.55736	11.73644	1.06647	1	-0.00339	-0.00946	0.68565	0.00354	1	0.06649	-0.01444	0.70259	0.00409	1	1.45898	0.81042	0	
1269347	8560.70117	3306406603158	0.45709	0.32089	8560.65430	0.04688	11871	1	0.54601	0.38103	1	0.47167	0.31315	1	0.50884	0.34709	1	0.48627	0.53587	11.28369	1.06647	1	0.74724	0.55830	11.77522	1.06647	1	-0.00339	-0.00941	0.68566	0.00353	1	0.06649	-0.01444	0.70259	0.00400	1	1.45898	0.81042	0	
1269348	8560.70703	3306406669923	0.46456	0.32656	8560.65430	0.05273	11871	1	0.55979	0.33455	1	0.48888	0.40930	1	0.52434	0.37193	1	0.48649	0.53565	10.28332	1.06647	1	0.74738	0.55805	11.25233	1.06647	1	-0.00339	-0.00941	0.68566	0.00366	1	0.06649	-0.01444	0.70259	0.00422	1	1.45898	0.81042	0	
1269349	8560.71387	3306406736734	0.46789	0.32524	8560.65430	0.05957	11871	1	0.52519	0.17997	1	0.47046	0.44665	1	0.49783	0.31331	1	0.48601	0.53369	10.76403	1.06647	1	0.74709	0.55872	12.06312	1.06647	1	-0.00339	-0.00941	0.68566	0.00222	1	0.06649	-0.01444	0.70259	0.00402	1	1.45898	0.81042	0	
1269350	8560.72070	3306406800530	0.47060	0.32440	8560.65430	0.06641	11871	1	0.52519	0.17997	1	0.47021	0.45207	1	0.49770	0.31602	1	0.48622	0.53367	10.88675	1.06647	1	0.74743	0.55904	11.74483	1.05881	1	-0.00329	-0.00942	0.68620	0.00221	1	0.06223	-0.01350	0.65710	0.00399	1	1.45898	0.81042	0	
1269351	8560.72754	3306406868287	0.47393	0.32505	8560.65430	0.07324	11871	1	0.53533	0.18818	1	0.48593	0.47618	1	0.51063	0.33218	1	0.48622	0.53372	11.00857	1.05881	1	0.74736	0.55900	11.78267	1.05115	1	-0.00329	-0.00942	0.68620	0.00220	1	0.06223	-0.01350	0.65710	0.00384	1	1.45898	0.81042	0	
1269352	8560.73340	3306406933302	0.47596	0.32616	8560.65430	0.07910	11871	1	0.51031	0.18236	1	0.49027	0.49661	1	0.50029	0.33949	1	0.48621	0.53371	10.75582	1.05115	1	0.74738	0.55906	11.99047	1.04349	1	-0.00329	-0.00942	0.68620	0.00223	1	0.06223	-0.01350	0.65710	0.00381	1	1.45898	0.81042	0	
1269353	8560.74023	3306407001758	0.47772	0.32755	8560.65430	0.08594	11871	1	0.51121	0.18964	1	0.48988	0.50179	1	0.50054	0.34572	1	0.48647	0.53594	10.33668	1.04349	1	0.74738	0.55906	11.99047	1.03583	1	-0.00329	-0.00942	0.68620	0.00353	1	0.06223	-0.01350	0.65710	0.00382	1	1.45898	0.81042	0	
1269354	8560.74707	3306407067933	0.47866	0.33839	8560.65430	0.09277	11871	1	0.51121	0.18964	0	0.49187	0.49012	1	0.49187	0.49012	1	0.48647	0.53594	10.33668	1.03583	0	0.74748	0.55891	11.46797	1.03583	1	-0.00329	-0.00942	0.68620	0.00353	1	0.06223	-0.01350	0.65710	0.00390	1	1.45898	0.81042	0	
1269355	8560.75391	3306407136665	0.47866	0.33839	8560.65430	0.09961	11871	1	0.51121	0.18964	0	0.49187	0.49012	0	0.49187	0.49012	0	0.48647	0.53594	10.33668	1.03583	0	0.74748	0.55891	11.46797	1.03583	0	-0.00329	-0.00942	0.68620	0.00353	1	0.06223	-0.01350	0.65710	0.00390	1	1.45898	0.81042	0	
1269356	8560.76074	3306407205610	0.47866	0.33839	8560.65430	0.10645	11871	1	0.51121	0.18964	0	0.49187	0.49012	0	0.49187	0.49012	0	0.48647	0.53594	10.33668	1.03583	0	0.74748	0.55891	11.46797	1.03583	0	-0.00329	-0.00942	0.68620	0.00353	1	0.06223	-0.01350	0.65710	0.00390	1	1.45898	0.81042	0	
1269357	8560.76758	3306407272664	0.47866	0.33839	8560.65430	0.11328	11871	1	0.51121	0.18964	0	0.49187	0.49012	0	0.49187	0.49012	0	0.48647	0.53594	10.33668	1.03583	0	0.74748	0.55891	11.46797	1.03583	0	-0.00329	-0.00942	0.68620	0.00353	1	0.06223	-0.01350	0.65710	0.00390	1	1.45898	0.81042	0	
1269358	8560.77441	3306407339601	0.49513	0.35048	8560.65430	0.11328	11871	0	0.51121	0.18964	0	0.49187	0.49012	0	0.49187	0.49012	0	0.48647	0.53594	10.33668	1.03583	0	0.74748	0.55891	11.46797	1.03583	0	-0.00329	-0.00942	0.68620	0.00353	1	0.06223	-0.01350	0.65710	0.00390	1	1.45898	0.81042	0	
1269359	8560.78125	3306407406662	0.49513	0.35048	8560.65430	0.11328	11871	0	0.51121	0.18964	0	0.49187	0.49012	0	0.49187	0.49012	0	0.48647	0.53594	10.33668	1.03583	0	0.74748	0.55891	11.46797	1.03583	0	-0.00329	-0.00942	0.68620	0.00353	1	0.06223	-0.01350	0.65710	0.00390	1	1.45898	0.81042	0	
1269360	8560.78809	3306407473438	0.49513	0.35048	8560.65430	0.11328	11871	0	0.51121	0.18964	0	0.49187	0.49012	0	0.49187	0.49012	0	0.48647	0.53594	10.33668	1.03583	0	0.74748	0.55891	11.46797	1.03583	0	-0.00329	-0.00942	0.68620	0.00353	1	0.06223	-0.01350	0.65710	0.00390	1	1.45898	0.81042	0	
1269361	8560.79492	3306407540542	0.00000	0.00000	8560.65430	0.11328	11871	0	0.51121	0.18964	0	0.49187	0.49012	0	0.49187	0.49012	0	0.48647	0.53594	10.33668	1.03583	0	0.74748	0.55891	11.46797	1.03583	0	-0.00329	-0.00942	0.68620	0.00353	1	0.06223	-0.01350	0.65710	0.00390	1	1.45898	0.81042	0	
1269362	8560.80078	3306407607442	0.00000	0.00000	8560.65430	0.11328	11871	0	0.51121	0.18964	0	0.49187	0.49012	0	0.49187	0.49012	0	0.48647	0.53594	10.33668	1.03583	0	0.74748	0.55891	11.46797	1.03583	0	-0.00329	-0.00942	0.68620	0.00353	1	0.06223	-0.01350	0.65710	0.00390	1	1.45898	0.81042	0	
1269363	8560.80762	3306407675560	0.00000	0.00000	8560.65430	0.11328	11871	0	0.51121	0.18964	0	0.49187	0.49012	0	0.49187	0.49012	0	0.48647	0.53594	10.33668	1.03583	0	0.74748	0.55891	11.46797	1.03583	0	-0.00329	-0.00942	0.68620	0.00353	1	0.06223	-0.01350	0.65710	0.00390	1	1.45898	0.81042	0	
1269364	8560.81445	3306407741535	0.48985	0.34103	8560.65430	0.11328	11871	0	0.52433	0.19872	1	0.45538	0.48333	1	0.48985	0.34103	1	0.48679	0.53373	10.66850	1.03583	1	0.74766	0.55919	12.18641	1.03583	1	-0.00329	-0.00942	0.68620	0.00213	1	0.06223	-0.01350	0.65710	0.00386	1	1.45898	0.81042	0	
1269365	8560.82129	3306407808706	0.48989	0.33970	8560.65430	0.11328	11871	0	0.52433	0.19872	1	0.45552	0.47803	1	0.48993	0.33837	1	0.48683	0.53370	10.76909	1.03583	1	0.74807	0.55917	11.36265	1.04349	1	-0.00319	-0.00943	0.68699	0.00213	1	0.06421	-0.01395	0.67644	0.00387	1	1.45898	0.81042	0	
1269366	8560.82812	3306407875607	0.49491	0.33909	8560.65430	0.11328	11871	0	0.51817	0.18180	1	0.49174	0.49392	1	0.50495	0.33786	1	0.48679	0.53358	10.56020	1.04349	1	0.74822	0.55961	11.49537	1.05115	1	-0.00319	-0.00943	0.68699	0.00215	1	0.06421	-0.01395	0.67644	0.00396	1	1.45898	0.81042	0	
1269367	8560.83496	3306407942407	0.49548	0.33841	8560.81445	0.02051	11872	1	0.51451	0.19016	1	0.47991	0.48258	1	0.49721	0.33637	1	0.48673	0.53364	10.59680	1.05115	1	0.74802	0.55932	11.83851	1.05881	1	-0.00319	-0.00943	0.68699	0.00212	1	0.06421	-0.01395	0.67644	0.00386	1	1.45898	0.81042	0	
1269368	8560.84180	3306408010149	0.49577	0.33676	8560.81445	0.02734	11872	1	0.51364	0.18294	1	0.48022	0.47738	1	0.49693	0.33016	1	0.48684	0.53375	10.54134	1.05881	1	0.74806	0.55916	11.86025	1.06647	1	-0.00315	-0.00925	0.67757	0.00215	1	0.06421	-0.01395	0.67644	0.00390	1	1.45898	0.81042	0	
1269369	8560.84766	3306408076532	0.49608	0.33244	8560.81445	0.03320	11872	1	0.51441	0.16893	1	0.48078	0.45273	1	0.49760	0.31083	1	0.48672	0.53367	10.51397	1.06647	1	0.74808	0.55931	11.50131	1.06647	1	-0.00315	-0.00925	0.67757	0.00214	1	0.06421	-0.01395	0.67644	0.00390	1	1.45898	0.81042	0	
1269370	8560.85449	3306408143174	0.49719	0.32785	8560.81445	0.04004	11872	1	0.51789	0.17022	1	0.48979	0.43049	1	0.50384	0.30036	1	0.48682	0.53376	10.52768	1.06647	1	0.74816	0.55949	11.50380	1.06647	1	-0.00315	-0.00925	0.67757	0.00217	1	0.06421	-0.01395	0.67644	0.00387	1	1.45898	0.81042	0	
1269371	8560.86133	3306408210142	0.49802	0.32442	8560.81445	0.04688	11872	1	0.51789	0.17022	1	0.48979	0.43049	1	0.50384	0.30036	1	0.48687	0.53364	10.75107	1.06647	1	0.74778	0.55968	12.00331	1.06647	1	-0.00319	-0.00943	0.68699	0.00216	1	0.06421	-0.01400	0.67644	0.00380	1	1.45898	0.81042	0	
1269372	8560.86816	3306408277380	0.49838	0.32190	8560.81445	0.05371	11872	1	0.51792	0.16999	1	0.48466	0.43360	1	0.50129	0.30179	1	0.48676	0.53366	10.88441	1.06647	1	0.74809	0.55951	11.42280	1.06647	1	-0.00319	-0.00943	0.68699	0.00217	1	0.06421	-0.01400	0.67644	0.00385	1	1.45898	0.81042	0	
1269373	8560.87500	3306408344676	0.49856	0.32050	8560.81445	0.06055	11872	1	0.51746	0.17963	1	0.48281	0.43604	1	0.50014	0.30784	1	0.48681	0.53380	10.65574	1.06647	1	0.74809	0.55937	11.40392	1.06647	1	-0.00319	-0.00943	0.68699	0.00214	1	0.06421	-0.01400	0.67644	0.00381	1	1.45898	0.81042	0	
1269374	8560.88184	3306408410007	0.49716	0.33043	8560.81445	0.06738	11872	1	0.51746	0.17963	0	0.48319	0.42981	1	0.48319	0.42981	1	0.48681	0.53380	10.65574	1.06647	0	0.48679	0.53372	10.66556	1.07515	1	-0.00319	-0.00943	0.68699	0.00214	1	-0.00324	-0.00979	0.70910	0.00214	1	1.45898	0.81042	0	
1269375	8560.88867	3306408477597	0.48873	0.31120	8560.81445	0.07422	11872	1	0.51746	0.17963	0	0.39604	0.09960	1	0.39604	0.09960	1	0.48681	0.53380	10.65574	1.07515	0	0.48679	0.53379	10.50449	1.08383	1	-0.00319	-0.00943	0.68699	0.00214	1	-0.00324	-0.00979	0.70910	0.00216	1	1.45898	0.81042	0	
1269376	8560.89551	3306408546819	0.48183	0.29108	8560.81445	0.08105	11872	1	0.51746	0.17963	0	0.39903	0.04963	1	0.39903	0.04963	1	0.48681	0.53380	10.65574	1.08383	0	0.48674	0.53371	10.70036	1.09251	1	-0.00319	-0.00943	0.68699	0.00214	1	-0.00324	-0.00979	0.70910	0.00211	1	1.45898	0.81042	0	
1269377	8560.90137	3306408613405	0.47592	0.27383	8560.81445	0.08691	11872	1	0.51746	0.17963	0	0.39903	0.04963	1	0.39903	0.04963	1	0.48681	0.53380	10.65574	1.09251	0	0.48683	0.53395	10.45207	1.09251	1	-0.00319	-0.00943	0.68699	0.00214	1	-0.00313	-0.00933	0.67268	0.00208	1	1.45898	0.81042	0	
1269378	8560.90820	3306408679444	0.47106	0.26039	8560.81445	0.09375	11872	1	0.51746	0.17963	0	0.40303	0.07226	1	0.40303	0.07226	1	0.48681	0.53380	10.65574	1.09251	0	0.48681	0.53384	10.65492	1.08383	1	-0.00319	-0.00943	0.68699	0.00214	1	-0.00313	-0.00933	0.67268	0.00219	1	1.45898	0.81042	0	
1269379	8560.91504	3306408743691	0.45667	0.21952	8560.81445	0.09375	11872	0	0.51746	0.17963	0	0.39610	0.08200	1	0.39610	0.08200	1	0.48681	0.53380	10.65574	1.08383	0	0.48674	0.53390	10.71358	1.07515	1	-0.00319	-0.00943	0.68699	0.00214	1	-0.00313	-0.00933	0.67268	0.00212	1	1.45898	0.81042	0	
1269380	8560.92188	3306408810108	0.42639	0.15076	8560.81445	0.09375	11872	0	0.51746	0.17963	0	0.39610	0.08200	1	0.39610	0.08200	1	0.48681	0.53380	10.65574	1.07515	0	0.48676	0.53396	10.37751	1.07515	1	-0.00319	-0.00943	0.68699	0.00214	1	-0.00324	-0.00989	0.70910	0.00226	1	1.45898	0.81042	0	
1269381	8560.92871	3306408878627	0.41619	0.12488	8560.81445	0.09375	11872	0	0.51746	0.17963	0	0.39581	0.07312	1	0.39581	0.07312	1	0.48681	0.53380	10.65574	1.07515	0	0.48674	0.53393	10.34997	1.08383	1	-0.00319	-0.00943	0.68699	0.00214	1	-0.00324	-0.00989	0.70910	0.00225	1	1.45898	0.81042	0	
1269382	8560.93555	3306408947624	0.39645	0.07646	8560.81445	0.09375	11872	0	0.51746	0.17963	0	0.39743	0.07425	1	0.39743	0.07425	1	0.48681	0.53380	10.65574	1.08383	0	0.48675	0.53407	10.38088	1.09251	1	-0.00319	-0.00943	0.68699	0.00214	1	-0.00324	-0.00989	0.70910	0.00224	1	1.45898	0.81042	0	
1269383	8560.94141	3306409012211	0.39694	0.07535	8560.81445	0.09375	11872	0	0.51746	0.17963	0	0.39743	0.07425	1	0.39743	0.07425	1	0.48681	0.53380	10.65574	1.09251	0	0.48668	0.53399	10.39228	1.09251	1	-0.00319	-0.00943	0.68699	0.00214	1	-0.00318	-0.00956	0.68507	0.00220	1	1.45898	0.81042	0	
1269384	8560.94824	3306409079571	0.39865	0.07812	8560.81445	0.09375	11872	0	0.51746	0.17963	0	0.40206	0.08366	1	0.40206	0.08366	1	0.48681	0.53380	10.65574	1.09251	0	0.48680	0.53394	10.53445	1.08383	1	-0.00319	-0.00943	0.68699	0.00214	1	-0.00318	-0.00956	0.68507	0.00212	1	1.45898	0.81042	0	
1269385	8560.95508	3306409145449	0.40099	0.08537	8560.93555	0.01953	11873	1	0.51746	0.17963	0	0.40802	0.10714	1	0.40802	0.10714	1	0.48681	0.53380	10.65574	1.08383	0	0.48695	0.53400	10.53507	1.07515	1	-0.00319	-0.00943	0.68699	0.00214	1	-0.00318	-0.00956	0.68507	0.00225	1	1.45898	0.81042	0	
1269386	8560.96191	3306409213177	0.40243	0.09148	8560.93555	0.02637	11873	1	0.51746	0.17963	0	0.40822	0.11591	1	0.40822	0.11591	1	0.48681	0.53380	10.65574	1.07515	0	0.48667	0.53399	10.43861	1.06647	1	-0.00319	-0.00943	0.68699	0.00214	1	-0.00313	-0.00933	0.67268	0.00216	1	1.45898	0.81042	0	
1269387	8560.96875	3306409283164	0.40378	0.09219	8560.93555	0.03320	11873	1	0.51746	0.17963	0	0.41052	0.09575	1	0.41052	0.09575	1	0.48681	0.53380	10.65574	1.06647	0	0.48685	0.53393	10.49435	1.06647	1	-0.00319	-0.00943	0.68699	0.00214	1	-0.00313	-0.00933	0.67268	0.00213	1	1.45898	0.81042	0	
1269388	8560.97559	3306409346499	0.40211	0.09396	8560.93555	0.04004	11873	1	0.51746	0.17963	0	0.39208	0.10458	1	0.39208	0.10458	1	0.48681	0.53380	10.65574	1.06647	0	0.48677	0.53401	10.40422	1.06647	1	-0.00319	-0.00943	0.68699	0.00214	1	-0.00313	-0.00933	0.67268	0.00219	1	1.45898	0.81042	0	
1269389	8560.98242	3306409416271	0.40086	0.09529	8560.93555	0.04688	11873	1	0.51746	0.17963	0	0.39208	0.10458	1	0.39208	0.10458	1	0.48681	0.53380	10.65574	1.06647	0	0.48672	0.53412	10.24361	1.06647	1	-0.00319	-0.00943	0.68699	0.00214	1	-0.00318	-0.00956	0.68507	0.00216	1	1.45898	0.81042	0	
1269390	8560.98926	3306409483518	0.40074	0.09758	8560.93555	0.05371	11873	1	0.51746	0.17963	0	0.39985	0.11591	1	0.39985	0.11591	1	0.48681	0.53380	10.65574	1.06647	0	0.48677	0.53408	10.46048	1.06647	1	-0.00319	-0.00943	0.68699	0.00214	1	-0.00318	-0.00956	0.68507	0.00218	1	1.45898	0.81042	0	
1269391	8560.99512	3306409550254	0.40065	0.09891	8560.93555	0.05957	11873	1	0.51746	0.17963	0	0.39977	0.11090	1	0.39977	0.11090	1	0.48681	0.53380	10.65574	1.06647	0	0.48676	0.53412	10.32163	1.06647	1	-0.00319	-0.00943	0.68699	0.00214	1	-0.00318	-0.00956	0.68507	0.00212	1	1.45898	0.81042	0	
1269392	8561.00195	3306409617311	0.40591	0.10273	8560.93555	0.06641	11873	1	0.51746	0.17963	1	0.39951	0.10209	1	0.45849	0.14086	1	0.48659	0.53421	10.36569	1.06647	1	0.74813	0.55941	11.35898	1.07515	1	-0.00318	-0.00956	0.68507	0.00212	1	0.06584	-0.01447	0.69413	0.00377	1	1.45898	0.81042	0	
1269393	8561.00879	3306409683873	0.41376	0.11663	8560.93555	0.07324	11873	1	0.50486	0.15384	1	0.49545	0.38525	1	0.50016	0.26954	1	0.48661	0.53414	10.41099	1.07515	1	0.74784	0.55925	11.83823	1.08383	1	-0.00318	-0.00956	0.68507	0.00216	1	0.06584	-0.01447	0.69413	0.00381	1	1.45898	0.81042	0	
1269394	8561.01562	3306409750984	0.42141	0.12725	8560.93555	0.08008	11873	1	0.51051	0.13569	1	0.51583	0.37384	1	0.51317	0.25476	1	0.48664	0.53404	10.55590	1.08383	1	0.74819	0.55908	11.22984	1.09251	1	-0.00318	-0.00956	0.68507	0.00216	1	0.06584	-0.01447	0.69413	0.00394	1	1.45898	0.81042	0	
1269395	8561.02246	3306409817963	0.42793	0.13606	8560.93555	0.08691	11873	1	0.50953	0.12732	1	0.51583	0.37384	1	0.51268	0.25058	1	0.48662	0.53417	10.29230	1.09251	1	0.74794	0.55903	11.78071	1.09251	1	-0.00318	-0.00956	0.68507	0.00223	1	0.06421	-0.01410	0.67644	0.00386	1	1.45898	0.81042	0	
1269396	8561.02930	3306409885259	0.43274	0.14316	8560.93555	0.09375	11873	1	0.50362	0.16791	1	0.49677	0.31708	1	0.50019	0.24250	1	0.48654	0.53439	10.87258	1.09251	1	0.74786	0.55838	11.61102	1.08383	1	-0.00318	-0.00956	0.68507	0.00217	1	0.06421	-0.01410	0.67644	0.00404	1	1.45898	0.81042	0	
1269397	8561.03516	3306409950898	0.44832	0.17451	8560.93555	0.09375	11873	0	0.49406	0.16658	1	0.49112	0.40992	1	0.49259	0.28825	1	0.48646	0.53434	10.64999	1.08383	1	0.74785	0.55937	11.72991	1.07515	1	-0.00318	-0.00956	0.68507	0.00220	1	0.06421	-0.01410	0.67644	0.00368	1	1.45898	0.81042	0	
1269398	8561.04199	3306410019212	0.47045	0.23121	8560.93555	0.09375	11873	0	0.49401	0.16620	1	0.49114	0.40962	1	0.49257	0.28791	1	0.48648	0.53435	10.54592	1.08424	1	0.74778	0.55946	11.84173	1.07556	1	-0.00330	-0.00975	0.69860	0.00221	1	0.06421	-0.01410	0.67644	0.00370	1	1.45898	0.81042	0	
1269399	8561.04883	3306410084201	0.48120	0.24048	8560.93555	0.09375	11873	0	0.51907	0.14934	1	0.48634	0.36870	1	0.50270	0.25902	1	0.48642	0.53427	10.98748	1.08464	1	0.74771	0.55896	11.78374	1.08464	1	-0.00330	-0.00975	0.69860	0.00214	1	0.06421	-0.01410	0.67644	0.00392	1	1.45898	0.81042	0	
1269400	8561.05566	3306410152604	0.50025	0.26206	8560.93555	0.09375	11873	0	0.51482	0.13034	1	0.49611	0.34817	1	0.50547	0.23926	1	0.48644	0.53418	10.71436	1.09373	1	0.74783	0.55873	11.60523	1.09373	1	-0.00330	-0.00975	0.69860	0.00216	1	0.06421	-0.01410	0.67644	0.00390	1	1.45898	0.81042	0	
1269401	8561.06250	3306410219716	0.50286	0.25066	8560.93555	0.09375	11873	0	0.51482	0.13034	1	0.49611	0.34817	1	0.50547	0.23926	1	0.48629	0.53409	10.46837	1.09373	1	0.74737	0.55890	11.23877	1.09373	1	-0.00328	-0.00954	0.68408	0.00220	1	0.06435	-0.01416	0.67891	0.00405	1	1.45898	0.81042	0	
1269402	8561.06934	3306410285284	0.49807	0.25058	8560.93555	0.09375	11873	0	0.50482	0.15732	1	0.47215	0.34351	1	0.48849	0.25042	1	0.48614	0.53408	10.81670	1.08464	1	0.74749	0.55871	11.16848	1.08464	1	-0.00328	-0.00954	0.68408	0.00221	1	0.06435	-0.01416	0.67891	0.00401	1	1.45898	0.81042	0	
1269403	8561.07617	3306410353534	0.50242	0.25660	8561.05566	0.02051	11874	1	0.53523	0.16624	1	0.49574	0.38313	1	0.51548	0.27469	1	0.48618	0.53414	10.99706	1.07556	1	0.74745	0.55902	11.27676	1.07556	1	-0.00328	-0.00954	0.68408	0.00219	1	0.06435	-0.01416	0.67891	0.00397	1	1.45898	0.81042	0	
1269404	8561.08301	3306410420688	0.50503	0.26022	8561.05566	0.02734	11874	1	0.53523	0.16624	1	0.49574	0.38313	1	0.51548	0.27469	1	0.48599	0.53420	10.82045	1.07556	1	0.74742	0.55904	11.02363	1.07556	1	-0.00341	-0.00976	0.69949	0.00215	1	0.06486	-0.01424	0.68546	0.00398	1	1.45898	0.81042	0	
1269405	8561.08984	3306410489100	0.50522	0.26049	8561.05566	0.03418	11874	1	0.51849	0.15460	1	0.49385	0.36909	1	0.50617	0.26185	1	0.48603	0.53418	10.82942	1.08464	1	0.74743	0.55899	11.02249	1.08464	1	-0.00341	-0.00976	0.69949	0.00214	1	0.06486	-0.01424	0.68546	0.00407	1	1.45898	0.81042	0	
1269406	8561.09570	3306410555594	0.48969	0.23265	8561.05566	0.04004	11874	1	0.51849	0.15460	0	0.39649	0.06559	1	0.39649	0.06559	1	0.48603	0.53418	10.82942	1.09373	0	0.48597	0.53399	10.48893	1.09373	1	-0.00341	-0.00976	0.69949	0.00214	1	0.06486	-0.01424	0.68546	0.00212	1	1.45898	0.81042	0	
1269407	8561.10254	3306410622668	0.47800	0.21060	8561.05566	0.04688	11874	1	0.51849	0.15460	0	0.39620	0.05623	1	0.39620	0.05623	1	0.48603	0.53418	10.82942	1.10281	0	0.48587	0.53408	10.15067	1.10281	1	-0.00341	-0.00976	0.69949	0.00214	1	-0.00339	-0.00956	0.68565	0.00225	1	1.45898	0.81042	0	
1269408	8561.10938	3306410688625	0.46892	0.19050	8561.05566	0.05371	11874	1	0.51849	0.15460	0	0.39621	0.02974	1	0.39621	0.02974	1	0.48603	0.53418	10.82942	1.10281	0	0.48588	0.53393	10.97629	1.10281	1	-0.00341	-0.00976	0.69949	0.00214	1	-0.00339	-0.00956	0.68565	0.00217	1	1.45898	0.81042	0	
1269409	8561.11621	3306410755679	0.46133	0.17924	8561.05566	0.06055	11874	1	0.51849	0.15460	0	0.39307	0.07788	1	0.39307	0.07788	1	0.48603	0.53418	10.82942	1.10281	0	0.48589	0.53410	11.42345	1.10281	1	-0.00341	-0.00976	0.69949	0.00214	1	-0.00339	-0.00956	0.68565	0.00218	1	1.45898	0.81042	0	
1269410	8561.12305	3306410822818	0.45512	0.17002	8561.05566	0.06738	11874	1	0.51849	0.15460	0	0.39307	0.07788	1	0.39307	0.07788	1	0.48603	0.53418	10.82942	1.10281	0	0.48560	0.53386	11.16590	1.10281	1	-0.00341	-0.00976	0.69949	0.00214	1	-0.00345	-0.00939	0.67690	0.00219	1	1.45898	0.81042	0	
1269411	8561.12891	3306410886939	0.45049	0.16184	8561.05566	0.07324	11874	1	0.51849	0.15460	0	0.39956	0.07180	1	0.39956	0.07180	1	0.48603	0.53418	10.82942	1.10281	0	0.48556	0.53397	11.06388	1.10281	1	-0.00341	-0.00976	0.69949	0.00214	1	-0.00345	-0.00939	0.67690	0.00212	1	1.45898	0.81042	0	
1269412	8561.13574	3306410956670	0.44664	0.15633	8561.05566	0.08008	11874	1	0.51849	0.15460	0	0.40035	0.09017	1	0.40035	0.09017	1	0.48603	0.53418	10.82942	1.10281	0	0.48568	0.53378	10.53195	1.10281	1	-0.00341	-0.00976	0.69949	0.00214	1	-0.00345	-0.00939	0.67690	0.00228	1	1.45898	0.81042	0	
1269413	8561.14258	3306411023590	0.44333	0.15160	8561.05566	0.08691	11874	1	0.51849	0.15460	0	0.40035	0.09017	1	0.40035	0.09017	1	0.48603	0.53418	10.82942	1.10281	0	0.48554	0.53371	10.89826	1.10281	1	-0.00341	-0.00976	0.69949	0.00214	1	-0.00345	-0.00933	0.67594	0.00213	1	1.45898	0.81042	0	
1269414	8561.14941	3306411090458	0.42584	0.13945	8561.05566	0.08691	11874	0	0.51849	0.15460	0	0.39766	0.30270	1	0.39766	0.30270	1	0.48603	0.53418	10.82942	1.10281	0	0.48565	0.53613	10.55923	1.10281	1	-0.00341	-0.00976	0.69949	0.00214	1	-0.00345	-0.00933	0.67594	0.00353	1	1.45898	0.81042	0	
1269415	8561.15625	3306411157548	0.41495	0.23964	8561.05566	0.08691	11874	0	0.51849	0.15460	0	0.40405	0.33983	1	0.40405	0.33983	1	0.48603	0.53418	10.82942	1.10281	0	0.48588	0.53580	10.26823	1.10281	1	-0.00341	-0.00976	0.69949	0.00214	1	-0.00345	-0.00933	0.67594	0.00366	1	1.45898	0.81042	0	
1269416	8561.16309	3306411224601	0.43010	0.24029	8561.05566	0.08691	11874	0	0.51656	0.13741	1	0.40425	0.34577	1	0.46041	0.24159	1	0.48532	0.53360	10.84230	1.10281	1	0.74654	0.55797	11.40659	1.09515	1	-0.00363	-0.00958	0.70189	0.00215	1	0.06221	-0.01344	0.65901	0.00397	1	1.45898	0.81042	0	
1269417	8561.16992	3306411291346	0.45860	0.28397	8561.05566	0.08691	11874	0	0.53190	0.17064	1	0.49081	0.37034	1	0.51136	0.27049	1	0.48545	0.53361	11.04312	1.09515	1	0.74654	0.55797	11.40659	1.08749	1	-0.00363	-0.00958	0.70189	0.00219	1	0.06221	-0.01344	0.65901	0.00397	1	1.45898	0.81042	0	
1269418	8561.17676	3306411358570	0.47828	0.28689	8561.05566	0.08691	11874	0	0.49998	0.18793	1	0.49593	0.39169	1	0.49795	0.28981	1	0.48531	0.53353	10.80678	1.08749	1	0.74666	0.55817	11.28770	1.07983	1	-0.00363	-0.00958	0.70189	0.00216	1	0.06221	-0.01344	0.65901	0.00387	1	1.45898	0.81042	0	
1269419	8561.18359	3306411426600	0.48499	0.28903	8561.05566	0.08691	11874	0	0.50090	0.19493	1	0.49593	0.39169	1	0.49841	0.29331	1	0.48522	0.53331	10.89778	1.07983	1	0.74654	0.55857	11.19967	1.07983	1	-0.00363	-0.00958	0.70189	0.00216	1	0.06369	-0.01377	0.67516	0.00367	1	1.45898	0.81042	0	
1269420	8561.18945	3306411492201	0.49132	0.28614	8561.16992	0.01953	11875	1	0.53035	0.16015	1	0.49027	0.39478	1	0.51031	0.27746	1	0.48537	0.53333	11.20074	1.07983	1	0.74658	0.55828	11.57539	1.08749	1	-0.00363	-0.00958	0.70189	0.00212	1	0.06369	-0.01377	0.67516	0.00367	1	1.45898	0.81042	0	
1269421	8561.19629	3306411559088	0.49359	0.28214	8561.16992	0.02637	11875	1	0.52289	0.15835	1	0.48249	0.37392	1	0.50269	0.26613	1	0.48536	0.53332	11.12882	1.08749	1	0.74657	0.55836	11.60335	1.09515	1	-0.00363	-0.00958	0.70189	0.00213	1	0.06369	-0.01377	0.67516	0.00363	1	1.45898	0.81042	0	
1269422	8561.20312	3306411623948	0.49507	0.27839	8561.16992	0.03320	11875	1	0.52210	0.15115	1	0.48281	0.36813	1	0.50246	0.25964	1	0.48532	0.53324	10.98701	1.09515	1	0.74670	0.55816	11.75297	1.10281	1	-0.00363	-0.00958	0.70189	0.00213	1	0.06369	-0.01377	0.67516	0.00371	1	1.45898	0.81042	0	
1269423	8561.20996	3306411690496	0.49752	0.27728	8561.16992	0.04004	11875	1	0.53121	0.11830	1	0.49321	0.42302	1	0.51221	0.27066	1	0.48537	0.53315	10.94393	1.10281	1	0.74662	0.55824	11.31727	1.10281	1	-0.00363	-0.00958	0.70189	0.00209	1	0.06369	-0.01377	0.67516	0.00374	1	1.45898	0.81042	0	
1269424	8561.21680	3306411759121	0.49892	0.27630	8561.16992	0.04688	11875	1	0.52229	0.14092	1	0.49509	0.39786	1	0.50869	0.26939	1	0.48530	0.53321	10.89263	1.10281	1	0.74667	0.55810	11.29845	1.10281	1	-0.00363	-0.00958	0.70189	0.00215	1	0.06369	-0.01377	0.67516	0.00373	1	1.45898	0.81042	0	
1269425	8561.22266	3306411824510	0.50003	0.27637	8561.16992	0.05273	11875	1	0.52322	0.14948	1	0.49461	0.40449	1	0.50891	0.27699	1	0.48529	0.53314	10.67887	1.09373	1	0.74674	0.55782	11.02565	1.09373	1	-0.00348	-0.00931	0.68202	0.00215	1	0.06503	-0.01401	0.68940	0.00384	1	1.45898	0.81042	0	
1269426	8561.22949	3306411892072	0.50148	0.27586	8561.16992	0.05957	11875	1	0.53202	0.15522	1	0.49706	0.38733	1	0.51454	0.27127	1	0.48537	0.53320	10.91584	1.08464	1	0.74671	0.55767	10.97626	1.08464	1	-0.00348	-0.00931	0.68202	0.00218	1	0.06503	-0.01401	0.68940	0.00390	1	1.45898	0.81042	0	
1269427	8561.23633	3306411959024	0.50254	0.27547	8561.16992	0.06641	11875	1	0.52938	0.15000	1	0.49701	0.39298	1	0.51319	0.27149	1	0.48543	0.53298	11.16719	1.07556	1	0.74671	0.55783	11.25836	1.07556	1	-0.00348	-0.00931	0.68202	0.00218	1	0.06503	-0.01401	0.68940	0.00385	1	1.45898	0.81042	0	
1269428	8561.24316	3306412026343	0.50345	0.27578	8561.16992	0.07324	11875	1	0.53028	0.15870	1	0.49650	0.39982	1	0.51339	0.27926	1	0.48544	0.53288	11.07039	1.06647	1	0.74669	0.55754	11.01464	1.06647	1	-0.00348	-0.00931	0.68202	0.00211	1	0.06490	-0.01396	0.68692	0.00392	1	1.45898	0.81042	0	
1269429	8561.25000	3306412094171	0.50213	0.27751	8561.16992	0.08008	11875	1	0.51289	0.20353	1	0.45987	0.39303	1	0.48638	0.29828	1	0.48543	0.53304	10.85258	1.06647	1	0.74653	0.55760	11.19134	1.06647	1	-0.00348	-0.00931	0.68202	0.00208	1	0.06490	-0.01396	0.68692	0.00397	1	1.45898	0.81042	0	
1269430	8561.25684	3306412160797	0.50030	0.27866	8561.16992	0.08691	11875	1	0.49811	0.17776	1	0.45478	0.40939	1	0.47645	0.29357	1	0.48526	0.53280	11.39442	1.06647	1	0.74639	0.55773	11.25941	1.06647	1	-0.00348	-0.00931	0.68202	0.00221	1	0.06490	-0.01396	0.68692	0.00399	1	1.45898	0.81042	0	
1269431	8561.26367	3306412229074	0.49871	0.27965	8561.16992	0.09375	11875	1	0.49811	0.17776	1	0.45478	0.40939	1	0.47645	0.29357	1	0.48554	0.53283	10.82142	1.06647	1	0.74667	0.55760	11.95520	1.06647	1	-0.00348	-0.00931	0.68202	0.00216	1	0.06486	-0.01393	0.68546	0.00385	1	1.45898	0.81042	0	
1269432	8561.27051	3306412296528	0.49829	0.28124	8561.16992	0.10059	11875	1	0.51812	0.17407	1	0.46598	0.43605	1	0.49205	0.30506	1	0.48560	0.53291	10.65598	1.06647	1	0.74660	0.55814	11.33143	1.06647	1	-0.00348	-0.00931	0.68202	0.00221	1	0.06486	-0.01393	0.68546	0.00397	1	1.45898	0.81042	0	
1269433	8561.27637	3306412360940	0.49830	0.28192	8561.16992	0.10645	11875	1	0.51814	0.14777	1	0.47868	0.43763	1	0.49841	0.29270	1	0.48566	0.53296	10.60177	1.06647	1	0.74685	0.55855	12.02230	1.06647	1	-0.00348	-0.00931	0.68202	0.00221	1	0.06486	-0.01393	0.68546	0.00382	1	1.45898	0.81042	0	
1269434	8561.28320	3306412428298	0.49831	0.28251	8561.16992	0.11328	11875	1	0.51814	0.14777	1	0.47868	0.43763	1	0.49841	0.29270	1	0.48576	0.53288	10.70448	1.06647	1	0.74712	0.55831	11.91664	1.06647	1	-0.00345	-0.00919	0.67690	0.00227	1	0.06486	-0.01393	0.68546	0.00400	1	1.45898	0.81042	0	
1269435	8561.29004	3306412497213	0.49766	0.28151	8561.16992	0.12012	11875	1	0.50148	0.14793	1	0.47054	0.37885	1	0.48601	0.26339	1	0.48567	0.53284	10.61602	1.06647	1	0.74704	0.55787	11.86629	1.06647	1	-0.00345	-0.00919	0.67690	0.00227	1	0.06486	-0.01393	0.68546	0.00396	1	1.45898	0.81042	0	
1269436	8561.29688	3306412564220	0.49686	0.28177	8561.16992	0.12695	11875	1	0.50076	0.16807	1	0.46247	0.40532	1	0.48162	0.28670	1	0.48561	0.53280	10.72708	1.06647	1	0.74693	0.55829	12.04306	1.06647	1	-0.00345	-0.00919	0.67690	0.00220	1	0.06486	-0.01393	0.68546	0.00397	1	1.45898	0.81042	0	
1269437	8561.30371	3306412628857	0.49613	0.28200	8561.16992	0.13379	11875	1	0.50076	0.16807	1	0.46247	0.40532	1	0.48162	0.28670	1	0.48575	0.53297	11.15801	1.06647	1	0.74741	0.55852	11.37779	1.06647	1	-0.00339	-0.00936	0.68566	0.00224	1	0.06649	-0.01433	0.70259	0.00392	1	1.45898	0.81042	0	
1269438	8561.31055	3306412697017	0.49663	0.28242	8561.16992	0.14062	11875	1	0.51386	0.16748	1	0.50049	0.41500	1	0.50718	0.29124	1	0.48589	0.53312	11.42345	1.06647	1	0.74759	0.55842	11.06664	1.06647	1	-0.00339	-0.00936	0.68566	0.00218	1	0.06649	-0.01433	0.70259	0.00398	1	1.45898	0.81042	0	
1269439	8561.31641	3306412760750	0.49644	0.28252	8561.16992	0.14648	11875	1	0.50472	0.14812	1	0.47958	0.42139	1	0.49215	0.28475	1	0.48581	0.53290	10.94649	1.06647	1	0.74727	0.55840	11.40205	1.06647	1	-0.00339	-0.00936	0.68566	0.00216	1	0.06649	-0.01433	0.70259	0.00370	1	1.45898	0.81042	0	
1269440	8561.32324	3306412827920	0.49627	0.28248	8561.16992	0.15332	11875	1	0.50472	0.14812	1	0.47993	0.41503	1	0.49232	0.28158	1	0.48596	0.53290	11.10112	1.06647	1	0.74727	0.55836	11.56562	1.07515	1	-0.00339	-0.00936	0.68566	0.00212	1	0.06580	-0.01417	0.69479	0.00368	1	1.45898	0.81042	0	
1269441	8561.33008	3306412900098	0.49646	0.28235	8561.16992	0.16016	11875	1	0.51131	0.14468	1	0.49105	0.41339	1	0.50118	0.27904	1	0.48588	0.53292	11.00107	1.07515	1	0.74737	0.55861	11.40170	1.08383	1	-0.00339	-0.00936	0.68566	0.00215	1	0.06580	-0.01417	0.69479	0.00366	1	1.45898	0.81042	0	
1269442	8561.33691	3306412963208	0.49269	0.27434	8561.16992	0.16699	11875	1	0.51131	0.14468	0	0.39828	0.07413	1	0.39828	0.07413	1	0.48588	0.53292	11.00107	1.08383	0	0.48594	0.53287	10.65629	1.09251	1	-0.00339	-0.00936	0.68566	0.00215	1	0.06580	-0.01417	0.69479	0.00218	1	1.45898	0.81042	0	
1269443	8561.34375	3306413033877	0.48919	0.26692	8561.16992	0.17383	11875	1	0.51131	0.14468	0	0.39828	0.07413	1	0.39828	0.07413	1	0.48588	0.53292	11.00107	1.09251	0	0.48620	0.53315	10.86627	1.09251	1	-0.00339	-0.00936	0.68566	0.00215	1	-0.00328	-0.00934	0.68409	0.00219	1	1.45898	0.81042	0	
1269444	8561.34961	3306413095577	0.46835	0.23243	8561.16992	0.17383	11875	0	0.51131	0.14468	0	0.38479	0.08212	1	0.38479	0.08212	1	0.48588	0.53292	11.00107	1.09251	0	0.48604	0.53306	10.56471	1.08383	1	-0.00339	-0.00936	0.68566	0.00215	1	-0.00328	-0.00934	0.68409	0.00227	1	1.45898	0.81042	0	
1269445	8561.35645	3306413163228	0.42755	0.17019	8561.16992	0.17383	11875	0	0.51131	0.14468	0	0.38675	0.10796	1	0.38675	0.10796	1	0.48588	0.53292	11.00107	1.08383	0	0.48618	0.53310	10.61120	1.07515	1	-0.00339	-0.00936	0.68566	0.00215	1	-0.00328	-0.00934	0.68409	0.00221	1	1.45898	0.81042	0	
1269446	8561.36426	3306413234909	0.41407	0.15236	8561.16992	0.17383	11875	0	0.51131	0.14468	0	0.38711	0.11671	1	0.38711	0.11671	1	0.48588	0.53292	11.00107	1.07515	0	0.48650	0.53315	11.62514	1.06647	1	-0.00339	-0.00936	0.68566	0.00215	1	-0.00328	-0.00934	0.68409	0.00224	1	1.45898	0.81042	0	
1269447	8561.37012	3306413301093	0.38313	0.11207	8561.16992	0.17383	11875	0	0.51131	0.14468	0	0.37552	0.11154	1	0.37552	0.11154	1	0.48588	0.53292	11.00107	1.06647	0	0.48644	0.53306	11.16469	1.06647	1	-0.00339	-0.00936	0.68566	0.00215	1	-0.00328	-0.00934	0.68409	0.00227	1	1.45898	0.81042	0	
1269448	8561.37695	3306413368969	0.38184	0.09967	8561.16992	0.17383	11875	0	0.51131	0.14468	0	0.38055	0.08727	1	0.38055	0.08727	1	0.48588	0.53292	11.00107	1.06647	0	0.48645	0.53316	11.00832	1.06647	1	-0.00339	-0.00936	0.68566	0.00215	1	-0.00328	-0.00934	0.68409	0.00228	1	1.45898	0.81042	0	
1269449	8561.38379	3306413435617	0.38141	0.09554	8561.16992	0.17383	11875	0	0.51131	0.14468	0	0.38055	0.08727	1	0.38055	0.08727	1	0.48588	0.53292	11.00107	1.06647	0	0.48676	0.53323	10.99703	1.06647	1	-0.00339	-0.00936	0.68566	0.00215	1	-0.00315	-0.00925	0.67757	0.00218	1	1.45898	0.81042	0	
1269450	8561.39062	3306413499789	0.38560	0.10364	8561.37012	0.02051	11876	1	0.51131	0.14468	0	0.39818	0.12794	1	0.39818	0.12794	1	0.48588	0.53292	11.00107	1.06647	0	0.48675	0.53327	11.12508	1.06647	1	-0.00339	-0.00936	0.68566	0.00215	1	-0.00315	-0.00925	0.67757	0.00215	1	1.45898	0.81042	0	
1269451	8561.39746	3306413569392	0.38791	0.10357	8561.37012	0.02734	11876	1	0.51131	0.14468	0	0.39716	0.10332	1	0.39716	0.10332	1	0.48588	0.53292	11.00107	1.06647	0	0.48673	0.53312	11.30316	1.06647	1	-0.00339	-0.00936	0.68566	0.00215	1	-0.00315	-0.00925	0.67757	0.00219	1	1.45898	0.81042	0	
1269452	8561.40430	3306413636397	0.38945	0.10353	8561.37012	0.03418	11876	1	0.51131	0.14468	0	0.39716	0.10332	1	0.39716	0.10332	1	0.48588	0.53292	11.00107	1.06647	0	0.48695	0.53312	10.78668	1.06647	1	-0.00339	-0.00936	0.68566	0.00215	1	-0.00304	-0.00924	0.67675	0.00221	1	1.45898	0.81042	0	
1269453	8561.41113	3306413703168	0.38892	0.10454	8561.37012	0.04102	11876	1	0.51131	0.14468	0	0.38572	0.11057	1	0.38572	0.11057	1	0.48588	0.53292	11.00107	1.06647	0	0.48696	0.53317	10.98908	1.06647	1	-0.00339	-0.00936	0.68566	0.00215	1	-0.00304	-0.00924	0.67675	0.00219	1	1.45898	0.81042	0	
1269454	8561.41699	3306413767919	0.38858	0.10625	8561.37012	0.04688	11876	1	0.51131	0.14468	0	0.38618	0.11823	1	0.38618	0.11823	1	0.48588	0.53292	11.00107	1.06647	0	0.48695	0.53314	10.87594	1.06647	1	-0.00339	-0.00936	0.68566	0.00215	1	-0.00304	-0.00924	0.67675	0.00221	1	1.45898	0.81042	0	
1269455	8561.42383	3306413836831	0.38831	0.10758	8561.37012	0.05371	11876	1	0.51131	0.14468	0	0.38618	0.11823	1	0.38618	0.11823	1	0.48588	0.53292	11.00107	1.06647	0	0.48698	0.53337	11.06047	1.06647	1	-0.00339	-0.00936	0.68566	0.00215	1	-0.00304	-0.00924	0.67675	0.00223	1	1.45898	0.81042	0	
1269456	8561.43066	3306413904213	0.38837	0.10960	8561.37012	0.06055	11876	1	0.51131	0.14468	0	0.38886	0.12774	1	0.38886	0.12774	1	0.48588	0.53292	11.00107	1.06647	0	0.48690	0.53328	11.23055	1.06647	1	-0.00339	-0.00936	0.68566	0.00215	1	-0.00304	-0.00924	0.67675	0.00214	1	1.45898	0.81042	0	
1269457	8561.43750	3306413971032	0.38962	0.11204	8561.37012	0.06738	11876	1	0.51131	0.14468	0	0.40218	0.13650	1	0.40218	0.13650	1	0.48588	0.53292	11.00107	1.06647	0	0.48711	0.53335	11.27437	1.06647	1	-0.00339	-0.00936	0.68566	0.00215	1	-0.00304	-0.00924	0.67675	0.00226	1	1.45898	0.81042	0	
1269458	8561.44434	3306414038183	0.39065	0.11336	8561.37012	0.07422	11876	1	0.51131	0.14468	0	0.40193	0.12790	1	0.40193	0.12790	1	0.48588	0.53292	11.00107	1.06647	0	0.48714	0.53344	10.87289	1.07515	1	-0.00339	-0.00936	0.68566	0.00215	1	-0.00311	-0.00959	0.70282	0.00222	1	1.45898	0.81042	0	
1269459	8561.45117	3306414104487	0.38968	0.11365	8561.37012	0.08105	11876	1	0.51131	0.14468	0	0.37803	0.11708	1	0.37803	0.11708	1	0.48588	0.53292	11.00107	1.07515	0	0.48725	0.53342	10.92599	1.08383	1	-0.00339	-0.00936	0.68566	0.00215	1	-0.00311	-0.00959	0.70282	0.00214	1	1.45898	0.81042	0	
1269460	8561.45801	3306414172234	0.38946	0.11564	8561.37012	0.08789	11876	1	0.51131	0.14468	0	0.38663	0.14148	1	0.38663	0.14148	1	0.48588	0.53292	11.00107	1.08383	0	0.48728	0.53345	10.98717	1.09251	1	-0.00339	-0.00936	0.68566	0.00215	1	-0.00311	-0.00959	0.70282	0.00214	1	1.45898	0.81042	0	
1269461	8561.46484	3306414239115	0.39336	0.11691	8561.37012	0.09473	11876	1	0.50936	0.12794	1	0.38663	0.14148	1	0.44800	0.13471	1	0.48752	0.53352	11.01709	1.09251	1	0.74871	0.55967	11.88252	1.09251	1	-0.00298	-0.00937	0.68619	0.00228	1	0.06556	-0.01425	0.68848	0.00383	1	1.45898	0.81042	0	
1269462	8561.47070	3306414304841	0.39933	0.12693	8561.37012	0.10059	11876	1	0.51501	0.11691	1	0.46281	0.43743	1	0.48891	0.27717	1	0.48745	0.53349	10.93992	1.09251	1	0.74853	0.55970	12.17026	1.08383	1	-0.00298	-0.00937	0.68619	0.00227	1	0.06556	-0.01425	0.68848	0.00381	1	1.45898	0.81042	0	
1269463	8561.47754	3306414372782	0.40467	0.13619	8561.37012	0.10742	11876	1	0.51536	0.12735	1	0.46483	0.44136	1	0.49010	0.28435	1	0.48749	0.53346	10.93808	1.08383	1	0.74854	0.55973	12.32728	1.07515	1	-0.00298	-0.00937	0.68619	0.00224	1	0.06556	-0.01425	0.68848	0.00380	1	1.45898	0.81042	0	
1269464	8561.48438	3306414439859	0.40945	0.14465	8561.37012	0.11426	11876	1	0.51631	0.13579	1	0.46483	0.44136	1	0.49057	0.28857	1	0.48746	0.53350	10.94853	1.07515	1	0.74874	0.55985	11.96589	1.07515	1	-0.00298	-0.00937	0.68619	0.00218	1	0.06740	-0.01469	0.70726	0.00373	1	1.45898	0.81042	0	
1269465	8561.49121	3306414507055	0.43055	0.18380	8561.37012	0.11426	11876	0	0.54888	0.32319	1	0.48906	0.34399	1	0.51897	0.33359	1	0.48788	0.53580	11.08878	1.07515	1	0.74888	0.55876	11.23322	1.08383	1	-0.00298	-0.00937	0.68619	0.00347	1	0.06740	-0.01469	0.70726	0.00418	1	1.45898	0.81042	0	
1269466	8561.49805	3306414573965	0.46636	0.21104	8561.37012	0.11426	11876	0	0.51237	0.13503	1	0.49198	0.34154	1	0.50217	0.23828	1	0.48752	0.53361	10.61448	1.08383	1	0.74900	0.55889	11.37158	1.09251	1	-0.00298	-0.00937	0.68619	0.00221	1	0.06740	-0.01469	0.70726	0.00405	1	1.45898	0.81042	0	
1269467	8561.50488	3306414641055	0.47814	0.21872	8561.37012	0.11426	11876	0	0.51140	0.12665	1	0.49198	0.34154	1	0.50169	0.23409	1	0.48746	0.53364	10.85595	1.09251	1	0.74891	0.55865	11.23920	1.09251	1	-0.00291	-0.00917	0.66839	0.00224	1	0.06551	-0.01432	0.68689	0.00413	1	1.45898	0.81042	0	
1269468	8561.51172	3306414707807	0.51016	0.27642	8561.37012	0.11426	11876	0	0.55024	0.31157	1	0.50301	0.40218	1	0.52662	0.35687	1	0.48794	0.53559	11.12048	1.09251	1	0.74916	0.55920	11.45707	1.08383	1	-0.00291	-0.00917	0.66839	0.00364	1	0.06551	-0.01432	0.68689	0.00387	1	1.45898	0.81042	0	
1269469	8561.51758	3306414774727	0.51196	0.26545	8561.37012	0.11426	11876	0	0.51182	0.15740	1	0.51568	0.35156	1	0.51375	0.25448	1	0.48756	0.53366	10.78016	1.08383	1	0.74933	0.55860	11.72922	1.07515	1	-0.00291	-0.00917	0.66839	0.00222	1	0.06551	-0.01432	0.68689	0.00405	1	1.45898	0.81042	0	
1269470	8561.52441	3306414838448	0.51261	0.26431	8561.37012	0.11426	11876	0	0.51279	0.16560	1	0.51505	0.35846	1	0.51392	0.26203	1	0.48774	0.53371	11.07364	1.07515	1	0.74941	0.55889	11.75772	1.06647	1	-0.00284	-0.00927	0.67554	0.00215	1	0.06551	-0.01437	0.68689	0.00391	1	1.45898	0.81042	0	
1269471	8561.53125	3306414906137	0.51213	0.26983	8561.51172	0.01953	11877	1	0.52599	0.16192	1	0.49539	0.41089	1	0.51069	0.28640	1	0.48767	0.53350	11.51661	1.06647	1	0.74903	0.55916	11.02188	1.06647	1	-0.00284	-0.00927	0.67554	0.00219	1	0.06551	-0.01437	0.68689	0.00384	1	1.45898	0.81042	0	
1269472	8561.53809	3306414971462	0.51316	0.26895	8561.51172	0.02637	11877	1	0.53419	0.16546	1	0.50034	0.36539	1	0.51726	0.26542	1	0.48774	0.53376	11.08781	1.06647	1	0.74909	0.55884	10.99651	1.06647	1	-0.00284	-0.00927	0.67554	0.00221	1	0.06551	-0.01437	0.68689	0.00400	1	1.45898	0.81042	0	
1269473	8561.54492	3306415040548	0.51384	0.26836	8561.51172	0.03320	11877	1	0.53419	0.16546	1	0.50034	0.36539	1	0.51726	0.26542	1	0.48782	0.53560	10.47869	1.06647	1	0.74915	0.55878	10.92522	1.06647	1	-0.00284	-0.00932	0.67554	0.00352	1	0.06569	-0.01439	0.68764	0.00389	1	1.45898	0.81042	0	
1269474	8561.55078	3306415105261	0.51283	0.28023	8561.51172	0.03906	11877	1	0.52483	0.33154	1	0.48866	0.37126	1	0.50675	0.35140	1	0.48792	0.53540	10.15170	1.06647	1	0.74932	0.55931	11.44266	1.06647	1	-0.00284	-0.00932	0.67554	0.00348	1	0.06569	-0.01439	0.68764	0.00390	1	1.45898	0.81042	0	
1269475	8561.55762	3306415171672	0.51103	0.29554	8561.51172	0.04590	11877	1	0.53079	0.34227	1	0.46614	0.46320	1	0.49847	0.40273	1	0.48803	0.53560	10.12250	1.06647	1	0.74892	0.55992	12.33342	1.06647	1	-0.00284	-0.00932	0.67554	0.00357	1	0.06569	-0.01439	0.68764	0.00392	1	1.45898	0.81042	0	
1269476	8561.56445	3306415243372	0.50964	0.30745	8561.51172	0.05273	11877	1	0.53079	0.34227	1	0.46614	0.46320	1	0.49847	0.40273	1	0.48810	0.53560	10.07261	1.06647	1	0.74921	0.55919	11.98609	1.06647	1	-0.00284	-0.00937	0.67554	0.00356	1	0.06528	-0.01435	0.68341	0.00371	1	1.45898	0.81042	0	
1269477	8561.57129	3306415310125	0.50884	0.30030	8561.51172	0.05957	11877	1	0.51455	0.17329	1	0.48877	0.29866	1	0.50166	0.23598	1	0.48784	0.53375	10.97258	1.06647	1	0.74931	0.55854	11.76750	1.06647	1	-0.00284	-0.00937	0.67554	0.00222	1	0.06528	-0.01435	0.68341	0.00427	1	1.45898	0.81042	0	
1269478	8561.57812	3306415377451	0.50798	0.30736	8561.51172	0.06641	11877	1	0.52601	0.33377	1	0.47271	0.42203	1	0.49936	0.37790	1	0.48794	0.53565	10.16672	1.06647	1	0.74912	0.55947	11.98071	1.06647	1	-0.00284	-0.00937	0.67554	0.00352	1	0.06528	-0.01435	0.68341	0.00388	1	1.45898	0.81042	0	
1269479	8561.58496	3306415444930	0.50723	0.31266	8561.51172	0.07324	11877	1	0.52507	0.32656	1	0.47303	0.41539	1	0.49905	0.37098	1	0.48796	0.53548	10.32937	1.07556	1	0.74926	0.55956	11.92362	1.07556	1	-0.00286	-0.00961	0.69271	0.00361	1	0.06528	-0.01435	0.68341	0.00400	1	1.45898	0.81042	0	
1269480	8561.59180	3306415511979	0.50645	0.31178	8561.51172	0.08008	11877	1	0.50851	0.17140	1	0.48564	0.43107	1	0.49708	0.30124	1	0.48806	0.53388	11.31712	1.08464	1	0.74926	0.55970	12.08346	1.08464	1	-0.00286	-0.00961	0.69271	0.00222	1	0.06528	-0.01435	0.68341	0.00413	1	1.45898	0.81042	0	
1269481	8561.59863	3306415577985	0.50645	0.31724	8561.51172	0.08691	11877	1	0.53023	0.34699	1	0.48253	0.42937	1	0.50638	0.38818	1	0.48837	0.53622	10.86518	1.09373	1	0.74919	0.55967	12.22150	1.09373	1	-0.00286	-0.00961	0.69271	0.00362	1	0.06528	-0.01435	0.68341	0.00418	1	1.45898	0.81042	0	
1269482	8561.60547	3306415645318	0.50646	0.32176	8561.51172	0.09375	11877	1	0.53023	0.34699	1	0.48290	0.42323	1	0.50657	0.38511	1	0.48810	0.53366	11.20441	1.09373	1	0.74930	0.55947	12.05471	1.10241	1	-0.00280	-0.00959	0.69130	0.00224	1	0.06756	-0.01484	0.70671	0.00413	1	1.45898	0.81042	0	
1269483	8561.61133	3306415712484	0.50499	0.31867	8561.51172	0.09961	11877	1	0.50632	0.16369	1	0.45962	0.38093	1	0.48297	0.27231	1	0.48814	0.53390	11.71640	1.09332	1	0.74924	0.55971	12.08523	1.10200	1	-0.00280	-0.00959	0.69130	0.00226	1	0.06756	-0.01484	0.70671	0.00418	1	1.45898	0.81042	0	
1269484	8561.61816	3306415778953	0.50372	0.31623	8561.51172	0.10645	11877	1	0.49683	0.16382	1	0.47014	0.39042	1	0.48348	0.27712	1	0.48805	0.53382	11.16890	1.09292	1	0.74942	0.55979	11.78473	1.10160	1	-0.00280	-0.00959	0.69130	0.00223	1	0.06756	-0.01484	0.70671	0.00415	1	1.45898	0.81042	0	
1269485	8561.62500	3306415846443	0.50260	0.31407	8561.51172	0.11328	11877	1	0.49688	0.16420	1	0.47012	0.39071	1	0.48350	0.27746	1	0.48873	0.53638	11.29829	1.09251	1	0.74947	0.55977	12.13619	1.10119	1	-0.00280	-0.00959	0.69130	0.00348	1	0.06756	-0.01484	0.70671	0.00407	1	1.45898	0.81042	0	
1269486	8561.63184	3306415913235	0.50212	0.31599	8561.51172	0.12012	11877	1	0.52572	0.30698	1	0.46118	0.39407	1	0.49345	0.35053	1	0.48842	0.53559	10.98363	1.10119	1	0.74932	0.55987	12.07166	1.10119	1	-0.00280	-0.00959	0.69130	0.00357	1	0.06756	-0.01484	0.70671	0.00406	1	1.45898	0.81042	0	
1269487	8561.63867	3306415981019	0.50203	0.31854	8561.51172	0.12695	11877	1	0.53700	0.35196	1	0.46362	0.38176	1	0.50031	0.36686	1	0.48847	0.53600	11.49301	1.10119	1	0.74920	0.56026	12.20297	1.10119	1	-0.00280	-0.00959	0.69130	0.00349	1	0.06756	-0.01484	0.70671	0.00396	1	1.45898	0.81042	0	
1269488	8561.64551	3306416047322	0.50195	0.32084	8561.51172	0.13379	11877	1	0.53700	0.35196	1	0.46362	0.38176	1	0.50031	0.36686	1	0.48857	0.53605	11.40254	1.10119	1	0.74928	0.56016	12.18129	1.10119	1	-0.00280	-0.00954	0.69130	0.00359	1	0.06756	-0.01484	0.70671	0.00397	1	1.45898	0.81042	0	
1269489	8561.65234	3306416114124	0.50212	0.32298	8561.51172	0.14062	11877	1	0.53445	0.33809	1	0.47702	0.39801	1	0.50573	0.36805	1	0.48850	0.53604	11.45502	1.10119	1	0.74949	0.55984	12.30606	1.10119	1	-0.00280	-0.00954	0.69130	0.00353	1	0.06756	-0.01484	0.70671	0.00404	1	1.45898	0.81042	0	
1269490	8561.65820	3306416181261	0.50195	0.32567	8561.51172	0.14648	11877	1	0.53113	0.33282	1	0.46559	0.43675	1	0.49836	0.38479	1	0.48846	0.53577	11.28013	1.10119	1	0.74934	0.56003	12.14137	1.10119	1	-0.00280	-0.00954	0.69130	0.00353	1	0.06756	-0.01484	0.70671	0.00396	1	1.45898	0.81042	0	
1269491	8561.66504	3306416248613	0.50180	0.32813	8561.51172	0.15332	11877	1	0.53113	0.33282	1	0.46559	0.43675	1	0.49836	0.38479	1	0.48846	0.53572	11.19021	1.10119	1	0.74940	0.55972	12.05140	1.10119	1	-0.00261	-0.00891	0.64578	0.00360	1	0.06756	-0.01484	0.70671	0.00408	1	1.45898	0.81042	0	
1269492	8561.67188	3306416314932	0.50160	0.32880	8561.51172	0.16016	11877	1	0.53219	0.30777	1	0.46129	0.38200	1	0.49674	0.34489	1	0.48845	0.53563	11.41350	1.10119	1	0.74931	0.55979	12.02429	1.10119	1	-0.00261	-0.00891	0.64578	0.00364	1	0.06756	-0.01484	0.70671	0.00397	1	1.45898	0.81042	0	
1269493	8561.67871	3306416382458	0.50181	0.32938	8561.51172	0.16699	11877	1	0.52973	0.29663	1	0.48424	0.39120	1	0.50699	0.34391	1	0.48844	0.53550	11.21389	1.10119	1	0.74961	0.55990	11.50896	1.10119	1	-0.00261	-0.00891	0.64578	0.00368	1	0.06756	-0.01484	0.70671	0.00393	1	1.45898	0.81042	0	
1269494	8561.68555	3306416449621	0.50199	0.33004	8561.51172	0.17383	11877	1	0.52973	0.29663	1	0.48386	0.39759	1	0.50680	0.34711	1	0.48862	0.53568	11.31304	1.10119	1	0.74972	0.55984	11.33953	1.09251	1	-0.00280	-0.00949	0.69130	0.00347	1	0.06522	-0.01432	0.68171	0.00390	1	1.45898	0.81042	0	
1269495	8561.69238	3306416514728	0.50223	0.33219	8561.51172	0.18066	11877	1	0.55172	0.34828	1	0.46578	0.43239	1	0.50875	0.39034	1	0.48877	0.53606	12.03324	1.09251	1	0.74937	0.56003	12.00208	1.08383	1	-0.00280	-0.00949	0.69130	0.00343	1	0.06522	-0.01432	0.68171	0.00392	1	1.45898	0.81042	0	
1269496	8561.69824	3306416582062	0.50293	0.33308	8561.51172	0.18652	11877	1	0.54467	0.35813	1	0.50041	0.35764	1	0.52254	0.35788	1	0.48863	0.53613	12.07019	1.08383	1	0.74987	0.55936	12.17767	1.07515	1	-0.00280	-0.00949	0.69130	0.00343	1	0.06522	-0.01432	0.68171	0.00392	1	1.45898	0.81042	0	
1269497	8561.70605	3306416651425	0.50510	0.36393	8561.51172	0.18652	11877	0	0.54542	0.36470	1	0.50041	0.35764	1	0.52291	0.36117	1	0.48851	0.53556	11.15567	1.07515	1	0.74960	0.55936	11.83285	1.07515	1	-0.00280	-0.00949	0.69130	0.00360	1	0.06756	-0.01484	0.70671	0.00406	1	1.45898	0.81042	0	
1269498	8561.71191	3306416718013	0.50412	0.36622	8561.51172	0.18652	11877	0	0.52379	0.33795	1	0.48250	0.39906	1	0.50315	0.36850	1	0.48829	0.53588	11.28494	1.07515	1	0.74957	0.55984	12.11347	1.08383	1	-0.00280	-0.00949	0.69130	0.00362	1	0.06756	-0.01484	0.70671	0.00396	1	1.45898	0.81042	0	
1269499	8561.71875	3306416784827	0.50718	0.35838	8561.51172	0.18652	11877	0	0.54130	0.33422	1	0.48528	0.35117	1	0.51329	0.34270	1	0.48859	0.53572	11.22078	1.08383	1	0.74959	0.55888	11.92397	1.09251	1	-0.00280	-0.00949	0.69130	0.00363	1	0.06756	-0.01484	0.70671	0.00414	1	1.45898	0.81042	0	
1269500	8561.72559	3306416851125	0.50866	0.35276	8561.70605	0.01953	11878	1	0.54053	0.32745	1	0.48567	0.34441	1	0.51310	0.33593	1	0.48851	0.53579	11.11033	1.09251	1	0.74946	0.55906	11.92844	1.10119	1	-0.00280	-0.00944	0.69130	0.00359	1	0.06756	-0.01484	0.70671	0.00396	1	1.45898	0.81042	0	
1269501	8561.73242	3306416916527	0.50829	0.34941	8561.70605	0.02637	11878	1	0.54388	0.33850	1	0.46979	0.33352	1	0.50684	0.33601	1	0.48857	0.53552	11.34582	1.10119	1	0.74931	0.55936	12.20801	1.10119	1	-0.00280	-0.00944	0.69130	0.00341	1	0.06756	-0.01484	0.70671	0.00390	1	1.45898	0.81042	0	
1269502	8561.73926	3306416986347	0.50963	0.34418	8561.70605	0.03320	11878	1	0.53873	0.32478	1	0.49386	0.31131	1	0.51629	0.31805	1	0.48857	0.53537	11.42579	1.10119	1	0.74937	0.55909	12.02734	1.10119	1	-0.00280	-0.00944	0.69130	0.00346	1	0.06756	-0.01484	0.70671	0.00406	1	1.45898	0.81042	0	
1269503	8561.74609	3306417051339	0.51058	0.34045	8561.70605	0.04004	11878	1	0.53873	0.32478	1	0.49386	0.31131	1	0.51629	0.31805	1	0.48845	0.53522	11.36235	1.10119	1	0.74937	0.55867	11.96648	1.10119	1	-0.00280	-0.00944	0.69130	0.00374	1	0.06756	-0.01479	0.70671	0.00425	1	1.45898	0.81042	0	
1269504	8561.75195	3306417116963	0.51131	0.33786	8561.70605	0.04590	11878	1	0.53439	0.28619	1	0.49838	0.35323	1	0.51639	0.31971	1	0.48853	0.53509	11.40063	1.10119	1	0.74947	0.55884	12.15874	1.10119	1	-0.00280	-0.00944	0.69130	0.00360	1	0.06756	-0.01479	0.70671	0.00420	1	1.45898	0.81042	0	
1269505	8561.75879	3306417182994	0.51109	0.33703	8561.70605	0.05273	11878	1	0.52409	0.31858	1	0.49462	0.34215	1	0.50935	0.33036	1	0.48830	0.53526	11.32840	1.10119	1	0.74940	0.55879	11.95291	1.10119	1	-0.00280	-0.00944	0.69130	0.00355	1	0.06756	-0.01479	0.70671	0.00421	1	1.45898	0.81042	0	
1269506	8561.76562	3306417251522	0.51087	0.33599	8561.70605	0.05957	11878	1	0.52317	0.31147	1	0.49464	0.34183	1	0.50890	0.32665	1	0.48811	0.53462	10.34513	1.11028	1	0.74932	0.55955	12.37422	1.10160	1	-0.00292	-0.00965	0.70710	0.00375	1	0.06569	-0.01429	0.68764	0.00383	1	1.45898	0.81042	0	
1269507	8561.77246	3306417316548	0.51041	0.33409	8561.70605	0.06641	11878	1	0.52895	0.22079	1	0.48265	0.40952	1	0.50580	0.31515	1	0.48802	0.53445	10.54295	1.11068	1	0.74922	0.55944	12.48535	1.10200	1	-0.00292	-0.00965	0.70710	0.00370	1	0.06569	-0.01429	0.68764	0.00385	1	1.45898	0.81042	0	
1269508	8561.77930	3306417383781	0.51019	0.33254	8561.70605	0.07324	11878	1	0.52269	0.25333	1	0.49297	0.37765	1	0.50783	0.31549	1	0.48795	0.53458	11.14652	1.11109	1	0.74932	0.55933	12.50151	1.10241	1	-0.00292	-0.00965	0.70710	0.00360	1	0.06569	-0.01429	0.68764	0.00391	1	1.45898	0.81042	0	
1269509	8561.78613	3306417454356	0.51003	0.33176	8561.70605	0.08008	11878	1	0.52357	0.26057	1	0.49253	0.38415	1	0.50805	0.32236	1	0.48797	0.53326	11.49641	1.10241	1	0.74927	0.55872	12.25607	1.09373	1	-0.00284	-0.00922	0.67554	0.00232	1	0.06528	-0.01415	0.68341	0.00389	1	1.45898	0.81042	0	
1269510	8561.79199	3306417519748	0.50947	0.33170	8561.70605	0.08594	11878	1	0.52497	0.29747	1	0.47940	0.36431	1	0.50218	0.33089	1	0.48798	0.53492	10.79171	1.08464	1	0.74911	0.55889	12.34165	1.08464	1	-0.00284	-0.00922	0.67554	0.00341	1	0.06528	-0.01415	0.68341	0.00378	1	1.45898	0.81042	0	
1269511	8561.79980	3306417588835	0.50917	0.33284	8561.70605	0.09375	11878	1	0.51852	0.32168	1	0.49139	0.37608	1	0.50495	0.34888	1	0.48788	0.53520	10.82423	1.07556	1	0.74929	0.55904	12.32371	1.07556	1	-0.00284	-0.00922	0.67554	0.00343	1	0.06528	-0.01415	0.68341	0.00394	1	1.45898	0.81042	0	
1269512	8561.80566	3306417655664	0.50892	0.33429	8561.70605	0.09961	11878	1	0.51950	0.32894	1	0.49092	0.38306	1	0.50521	0.35600	1	0.48786	0.53312	11.51384	1.06647	1	0.74934	0.55802	12.19232	1.06647	1	-0.00284	-0.00922	0.67554	0.00227	1	0.06528	-0.01415	0.68341	0.00412	1	1.45898	0.81042	0	
1269513	8561.81250	3306417722043	0.50828	0.33347	8561.70605	0.10645	11878	1	0.49885	0.30160	1	0.49707	0.33913	1	0.49796	0.32036	1	0.48789	0.53475	11.40689	1.06647	1	0.74941	0.55799	12.08087	1.06647	1	-0.00284	-0.00922	0.67554	0.00344	1	0.06528	-0.01415	0.68341	0.00400	1	1.45898	0.81042	0	
1269514	8561.81934	3306417788201	0.50816	0.33618	8561.70605	0.11328	11878	1	0.51532	0.40125	1	0.49690	0.36334	1	0.50611	0.38229	1	0.48815	0.53533	11.39802	1.06647	1	0.74947	0.55827	12.10751	1.06647	1	-0.00284	-0.00922	0.67554	0.00339	1	0.06528	-0.01415	0.68341	0.00393	1	1.45898	0.81042	0	
1269515	8561.82617	3306417856571	0.50805	0.33861	8561.70605	0.12012	11878	1	0.51532	0.40125	1	0.49690	0.36334	1	0.50611	0.38229	1	0.48797	0.53446	11.49737	1.06647	1	0.74949	0.55796	11.85255	1.06647	1	-0.00284	-0.00917	0.67554	0.00378	1	0.06528	-0.01415	0.68341	0.00378	1	1.45898	0.81042	0	
1269516	8561.83301	3306417923462	0.50719	0.33855	8561.70605	0.12695	11878	1	0.49361	0.33696	1	0.48802	0.33798	1	0.49081	0.33747	1	0.48774	0.53449	11.16988	1.06647	1	0.74929	0.55808	12.15827	1.06647	1	-0.00284	-0.00917	0.67554	0.00374	1	0.06528	-0.01415	0.68341	0.00377	1	1.45898	0.81042	0	
1269517	8561.83984	3306417990284	0.50752	0.33676	8561.70605	0.13379	11878	1	0.52443	0.30166	1	0.50400	0.30006	1	0.51421	0.30086	1	0.48792	0.53423	11.18749	1.06647	1	0.74951	0.55772	11.79235	1.06647	1	-0.00284	-0.00917	0.67554	0.00382	1	0.06528	-0.01415	0.68341	0.00388	1	1.45898	0.81042	0	
1269518	8561.84570	3306418056788	0.50783	0.33513	8561.70605	0.13965	11878	1	0.52443	0.30166	1	0.50400	0.30006	1	0.51421	0.30086	1	0.48788	0.53404	11.39563	1.06647	1	0.74953	0.55793	11.98758	1.06647	1	-0.00284	-0.00912	0.67554	0.00382	1	0.06528	-0.01415	0.68341	0.00386	1	1.45898	0.81042	0	
1269519	8561.85254	3306418123641	0.50759	0.33579	8561.70605	0.14648	11878	1	0.51511	0.34362	1	0.48952	0.35704	1	0.50231	0.35033	1	0.48777	0.53456	11.21246	1.06647	1	0.74935	0.55815	12.07106	1.06647	1	-0.00284	-0.00912	0.67554	0.00372	1	0.06528	-0.01415	0.68341	0.00379	1	1.45898	0.81042	0	
1269520	8561.85938	3306418190701	0.50771	0.33553	8561.70605	0.15332	11878	1	0.52208	0.29052	1	0.49897	0.36886	1	0.51052	0.32969	1	0.48790	0.53420	11.40293	1.06647	1	0.74946	0.55838	12.21191	1.06647	1	-0.00284	-0.00912	0.67554	0.00382	1	0.06528	-0.01415	0.68341	0.00361	1	1.45898	0.81042	0	
1269521	8561.86621	3306418257815	0.50782	0.33530	8561.70605	0.16016	11878	1	0.52208	0.29052	1	0.49897	0.36886	1	0.51052	0.32969	1	0.48806	0.53448	10.88970	1.06647	1	0.74951	0.55841	12.52574	1.06647	1	-0.00284	-0.00907	0.67554	0.00375	1	0.06528	-0.01415	0.68341	0.00364	1	1.45898	0.81042	0	
1269522	8561.87305	3306418324983	0.50794	0.33468	8561.70605	0.16699	11878	1	0.51672	0.33217	1	0.50489	0.30612	1	0.51081	0.31915	1	0.48780	0.53461	11.51628	1.06647	1	0.74950	0.55791	12.01146	1.06647	1	-0.00284	-0.00907	0.67554	0.00375	1	0.06528	-0.01415	0.68341	0.00385	1	1.45898	0.81042	0	
1269523	8561.87988	3306418391520	0.50817	0.33457	8561.70605	0.17383	11878	1	0.52092	0.36854	1	0.50766	0.29485	1	0.51429	0.33170	1	0.48778	0.53463	11.45451	1.06647	1	0.74961	0.55755	11.93701	1.06647	1	-0.00284	-0.00907	0.67554	0.00370	1	0.06528	-0.01415	0.68341	0.00410	1	1.45898	0.81042	0	
1269524	8561.88672	3306418458627	0.50838	0.33420	8561.70605	0.18066	11878	1	0.51995	0.36163	1	0.50827	0.28710	1	0.51411	0.32437	1	0.48771	0.53372	11.09361	1.07556	1	0.74952	0.55854	12.54459	1.07556	1	-0.00292	-0.00944	0.70710	0.00397	1	0.06569	-0.01408	0.68764	0.00367	1	1.45898	0.81042	0	
1269525	8561.89355	3306418526027	0.50857	0.33492	8561.70605	0.18750	11878	1	0.52477	0.32741	1	0.50284	0.38228	1	0.51380	0.35485	1	0.48787	0.53434	11.22864	1.08464	1	0.74947	0.55864	12.46726	1.08464	1	-0.00292	-0.00944	0.70710	0.00374	1	0.06569	-0.01408	0.68764	0.00371	1	1.45898	0.81042	0	
1269526	8561.89941	3306418592926	0.50854	0.33428	8561.70605	0.19336	11878	1	0.51677	0.25472	1	0.49875	0.37702	1	0.50776	0.31587	1	0.48785	0.53352	11.24841	1.09373	1	0.74940	0.55855	12.48017	1.09373	1	-0.00292	-0.00944	0.70710	0.00347	1	0.06569	-0.01408	0.68764	0.00367	1	1.45898	0.81042	0	
1269527	8561.90625	3306418659491	0.50852	0.33369	8561.70605	0.20020	11878	1	0.51677	0.25472	1	0.49875	0.37702	1	0.50776	0.31587	1	0.48767	0.53426	11.36069	1.09373	1	0.74932	0.55841	12.32238	1.09373	1	-0.00284	-0.00902	0.67554	0.00380	1	0.06569	-0.01408	0.68764	0.00373	1	1.45898	0.81042	0	
1269528	8561.91309	3306418726185	0.50833	0.33399	8561.70605	0.20703	11878	1	0.50936	0.33412	1	0.49567	0.35252	1	0.50251	0.34332	1	0.48774	0.53422	11.97031	1.08464	1	0.74940	0.55845	12.30780	1.08464	1	-0.00284	-0.00902	0.67554	0.00334	1	0.06569	-0.01408	0.68764	0.00377	1	1.45898	0.81042	0	
1269529	8561.91992	3306418793825	0.50856	0.33411	8561.70605	0.21387	11878	1	0.53583	0.25186	1	0.49599	0.42392	1	0.51591	0.33789	1	0.48812	0.53354	11.74993	1.07556	1	0.74947	0.55849	12.37729	1.07556	1	-0.00284	-0.00902	0.67554	0.00353	1	0.06569	-0.01408	0.68764	0.00377	1	1.45898	0.81042	0	
1269530	8561.92676	3306418861113	0.50878	0.33422	8561.70605	0.22070	11878	1	0.53583	0.25186	1	0.49599	0.42392	1	0.51591	0.33789	1	0.48793	0.53413	11.68214	1.07556	1	0.74931	0.55828	12.17189	1.07556	1	-0.00292	-0.00944	0.70710	0.00330	1	0.06569	-0.01408	0.68764	0.00371	1	1.45898	0.81042	0	
1269531	8561.93262	3306418925745	0.50873	0.33421	8561.70605	0.22656	11878	1	0.52289	0.26950	1	0.49133	0.39850	1	0.50711	0.33400	1	0.48799	0.53338	11.48868	1.08464	1	0.74932	0.55850	12.31553	1.08464	1	-0.00292	-0.00944	0.70710	0.00369	1	0.06569	-0.01408	0.68764	0.00378	1	1.45898	0.81042	0	
1269532	8561.94043	3306418995022	0.50881	0.33427	8561.70605	0.23438	11878	1	0.53385	0.30400	1	0.48945	0.36898	1	0.51165	0.33649	1	0.48809	0.53405	11.32869	1.09373	1	0.74933	0.55857	12.37856	1.09373	1	-0.00292	-0.00944	0.70710	0.00333	1	0.06569	-0.01408	0.68764	0.00373	1	1.45898	0.81042	0	
1269533	8561.94629	3306419061515	0.50888	0.33414	8561.70605	0.24023	11878	1	0.53299	0.29673	1	0.48989	0.36206	1	0.51144	0.32939	1	0.48813	0.53398	11.93168	1.10281	1	0.74947	0.55864	12.62558	1.10281	1	-0.00292	-0.00944	0.70710	0.00337	1	0.06569	-0.01408	0.68764	0.00375	1	1.45898	0.81042	0	
1269534	8561.95312	3306419128524	0.50876	0.33416	8561.70605	0.24707	11878	1	0.51486	0.29882	1	0.49407	0.37090	1	0.50446	0.33486	1	0.48820	0.53433	11.94776	1.10281	1	0.74939	0.55859	12.34978	1.10281	1	-0.00292	-0.00944	0.70710	0.00343	1	0.06569	-0.01408	0.68764	0.00386	1	1.45898	0.81042	0	
1269535	8561.95996	3306419195315	0.50895	0.33461	8561.70605	0.25391	11878	1	0.53410	0.34344	1	0.49757	0.35992	1	0.51584	0.35168	1	0.48852	0.53436	11.63861	1.10281	1	0.74945	0.55863	12.58545	1.10281	1	-0.00292	-0.00944	0.70710	0.00347	1	0.06569	-0.01408	0.68764	0.00374	1	1.45898	0.81042	0	
1269536	8561.96680	3306419261552	0.50912	0.33521	8561.70605	0.26074	11878	1	0.53495	0.35033	1	0.49707	0.36687	1	0.51601	0.35860	1	0.48852	0.53436	11.63861	1.09373	1	0.74948	0.55807	12.32526	1.09373	1	-0.00284	-0.00902	0.67554	0.00347	1	0.06528	-0.01394	0.68341	0.00382	1	1.45898	0.81042	0	
1269537	8561.97363	3306419329765	0.50931	0.33534	8561.70605	0.26758	11878	1	0.53784	0.33802	1	0.49571	0.34301	1	0.51677	0.34051	1	0.48851	0.53432	11.58184	1.08464	1	0.74939	0.55831	12.37301	1.08464	1	-0.00284	-0.00902	0.67554	0.00348	1	0.06528	-0.01394	0.68341	0.00379	1	1.45898	0.81042	0	
1269538	8561.98047	3306419396436	0.50949	0.33629	8561.70605	0.27441	11878	1	0.53800	0.35330	1	0.49621	0.39739	1	0.51710	0.37534	1	0.48848	0.53413	11.54365	1.07556	1	0.74947	0.55819	12.37750	1.07556	1	-0.00284	-0.00902	0.67554	0.00347	1	0.06528	-0.01394	0.68341	0.00375	1	1.45898	0.81042	0	
1269539	8561.98730	3306419463537	0.50968	0.33736	8561.70605	0.28125	11878	1	0.53884	0.36027	1	0.49570	0.40419	1	0.51727	0.38223	1	0.48788	0.53409	11.52917	1.06647	1	0.74937	0.55772	12.50702	1.06647	1	-0.00284	-0.00902	0.67554	0.00345	1	0.06528	-0.01394	0.68341	0.00390	1	1.45898	0.81042	0	
1269540	8561.99316	3306419529189	0.50943	0.33690	8561.70605	0.28711	11878	1	0.50861	0.30025	1	0.48892	0.33351	1	0.49877	0.31688	1	0.48804	0.53372	12.15796	1.06647	1	0.74928	0.55750	12.24840	1.06647	1	-0.00284	-0.00902	0.67554	0.00345	1	0.06528	-0.01394	0.68341	0.00399	1	1.45898	0.81042	0	
1269541	8562.00000	3306419597353	0.50896	0.33665	8561.70605	0.29395	11878	1	0.48057	0.30623	1	0.49585	0.34502	1	0.48821	0.32562	1	0.48771	0.53380	11.04049	1.06647	1	0.74940	0.55763	12.40832	1.06647	1	-0.00284	-0.00902	0.67554	0.00350	1	0.06528	-0.01394	0.68341	0.00394	1	1.45898	0.81042	0	
1269542	8562.00684	3306419664373	0.50850	0.33624	8561.70605	0.30078	11878	1	0.47931	0.29876	1	0.49636	0.33771	1	0.48783	0.31823	1	0.48825	0.53389	12.06959	1.07556	1	0.74940	0.55807	12.25245	1.07556	1	-0.00292	-0.00944	0.70710	0.00350	1	0.06569	-0.01408	0.68764	0.00397	1	1.45898	0.81042	0	
1269543	8562.01367	3306419731294	0.50855	0.33620	8561.70605	0.30762	11878	1	0.52837	0.32426	1	0.49389	0.34391	1	0.51113	0.33408	1	0.48838	0.53424	11.82215	1.08464	1	0.74939	0.55779	12.42795	1.08464	1	-0.00292	-0.00944	0.70710	0.00350	1	0.06569	-0.01408	0.68764	0.00403	1	1.45898	0.81042	0	
1269544	8562.02051	3306419798864	0.50851	0.33553	8561.70605	0.31445	11878	1	0.51476	0.28099	1	0.49825	0.32722	1	0.50651	0.30411	1	0.48822	0.53340	11.91339	1.09373	1	0.74938	0.55767	12.48274	1.09373	1	-0.00292	-0.00944	0.70710	0.00379	1	0.06569	-0.01408	0.68764	0.00400	1	1.45898	0.81042	0	
1269545	8562.02734	3306419865064	0.50854	0.33428	8561.70605	0.32129	11878	1	0.51476	0.28099	1	0.49825	0.32722	1	0.50651	0.30411	1	0.48846	0.53380	11.18274	1.09373	1	0.74927	0.55803	12.43892	1.09373	1	-0.00284	-0.00902	0.67554	0.00361	1	0.06569	-0.01408	0.68764	0.00382	1	1.45898	0.81042	0	
1269546	8562.03418	3306419932171	0.50864	0.33350	8561.70605	0.32812	11878	1	0.52003	0.26512	1	0.49635	0.39617	1	0.50819	0.33064	1	0.48821	0.53370	12.06571	1.08464	1	0.74933	0.55830	12.30744	1.08464	1	-0.00284	-0.00902	0.67554	0.00356	1	0.06569	-0.01408	0.68764	0.00373	1	1.45898	0.81042	0	
1269547	8562.04004	3306419998846	0.50827	0.33357	8561.70605	0.33398	11878	1	0.50167	0.33129	1	0.48847	0.36122	1	0.49507	0.34625	1	0.48796	0.53390	12.04199	1.07556	1	0.74932	0.55819	12.51139	1.07556	1	-0.00284	-0.00902	0.67554	0.00362	1	0.06569	-0.01408	0.68764	0.00387	1	1.45898	0.81042	0	
1269548	8562.04688	3306420065011	0.50789	0.33378	8561.70605	0.34082	11878	1	0.50167	0.33129	1	0.48847	0.36122	1	0.49507	0.34625	1	0.48811	0.53391	11.93735	1.07556	1	0.74927	0.55767	12.28265	1.07556	1	-0.00292	-0.00944	0.70710	0.00362	1	0.06569	-0.01408	0.68764	0.00410	1	1.45898	0.81042	0	
1269549	8562.05371	3306420134675	0.50794	0.33288	8561.70605	0.34766	11878	1	0.51973	0.28242	1	0.49900	0.30295	1	0.50937	0.29268	1	0.48827	0.53382	11.76977	1.08464	1	0.74934	0.55777	12.15845	1.08464	1	-0.00292	-0.00944	0.70710	0.00344	1	0.06569	-0.01408	0.68764	0.00409	1	1.45898	0.81042	0	
1269550	8562.06055	3306420200614	0.50765	0.33234	8561.70605	0.35449	11878	1	0.50804	0.27246	1	0.49669	0.31166	1	0.50236	0.29206	1	0.48811	0.53380	11.82767	1.09373	1	0.74939	0.55795	12.24374	1.09373	1	-0.00292	-0.00944	0.70710	0.00344	1	0.06569	-0.01408	0.68764	0.00397	1	1.45898	0.81042	0	
1269551	8562.06738	3306420267125	0.50736	0.33164	8561.70605	0.36133	11878	1	0.50700	0.26491	1	0.49719	0.30425	1	0.50210	0.28458	1	0.48771	0.53427	11.49817	1.10281	1	0.74937	0.55841	12.55277	1.10281	1	-0.00292	-0.00944	0.70710	0.00351	1	0.06569	-0.01408	0.68764	0.00370	1	1.45898	0.81042	0	
1269552	8562.07422	3306420334229	0.50696	0.33200	8561.70605	0.36816	11878	1	0.50676	0.32576	1	0.48841	0.34778	1	0.49758	0.33677	1	0.48801	0.53418	11.67850	1.10281	1	0.74932	0.55827	12.74925	1.10281	1	-0.00292	-0.00944	0.70710	0.00353	1	0.06569	-0.01408	0.68764	0.00376	1	1.45898	0.81042	0	
1269553	8562.08105	3306420401142	0.50683	0.33225	8561.70605	0.37500	11878	1	0.51753	0.33727	1	0.48841	0.34778	1	0.50297	0.34252	1	0.48822	0.53434	12.31759	1.10281	1	0.74932	0.55827	12.74925	1.10281	1	-0.00292	-0.00944	0.70710	0.00347	1	0.06569	-0.01408	0.68764	0.00376	1	1.45898	0.81042	0	
1269554	8562.08691	3306420468087	0.50671	0.33273	8561.70605	0.38086	11878	1	0.51850	0.34421	1	0.48798	0.35482	1	0.50324	0.34952	1	0.48821	0.53417	11.99678	1.09373	1	0.74945	0.55827	12.59636	1.09373	1	-0.00280	-0.00923	0.69130	0.00351	1	0.06569	-0.01408	0.68764	0.00382	1	1.45898	0.81042	0	
1269555	8562.09375	3306420535090	0.50657	0.33323	8561.70605	0.38770	11878	1	0.51914	0.31626	1	0.47881	0.36209	1	0.49898	0.33917	1	0.48827	0.53415	12.06675	1.08464	1	0.74908	0.55846	13.36960	1.08464	1	-0.00280	-0.00923	0.69130	0.00345	1	0.06569	-0.01408	0.68764	0.00372	1	1.45898	0.81042	0	
1269556	8562.10059	3306420602005	0.50672	0.33361	8561.70605	0.39453	11878	1	0.52667	0.30642	1	0.50283	0.36109	1	0.51475	0.33376	1	0.48838	0.53398	11.85482	1.07556	1	0.74954	0.55835	12.59799	1.07556	1	-0.00280	-0.00923	0.69130	0.00349	1	0.06569	-0.01408	0.68764	0.00373	1	1.45898	0.81042	0	
1269557	8562.10742	3306420669990	0.50686	0.33400	8561.70605	0.40137	11878	1	0.52759	0.31380	1	0.50227	0.36821	1	0.51493	0.34101	1	0.48817	0.53391	11.98518	1.06647	1	0.74940	0.55834	12.20835	1.06647	1	-0.00284	-0.00902	0.67554	0.00338	1	0.06569	-0.01418	0.68764	0.00367	1	1.45898	0.81042	0	
1269558	8562.11426	3306420736566	0.50699	0.33467	8561.70605	0.40820	11878	1	0.53531	0.33070	1	0.48161	0.39521	1	0.50846	0.36295	1	0.48805	0.53426	12.09894	1.06647	1	0.74909	0.55866	12.69946	1.06647	1	-0.00284	-0.00902	0.67554	0.00335	1	0.06569	-0.01418	0.68764	0.00374	1	1.45898	0.81042	0	
1269559	8562.12012	3306420800426	0.50735	0.33514	8561.70605	0.41406	11878	1	0.54593	0.36861	1	0.49853	0.37432	1	0.52223	0.37147	1	0.48828	0.53453	11.95570	1.06647	1	0.74943	0.55840	12.30890	1.06647	1	-0.00284	-0.00902	0.67554	0.00364	1	0.06569	-0.01418	0.68764	0.00367	1	1.45898	0.81042	0	
1269560	8562.12695	3306420868198	0.50770	0.33546	8561.70605	0.42090	11878	1	0.54593	0.36861	1	0.49853	0.37432	1	0.52223	0.37147	1	0.48773	0.53357	11.52910	1.06647	1	0.74950	0.55839	12.27370	1.06647	1	-0.00284	-0.00902	0.67554	0.00373	1	0.06569	-0.01418	0.68764	0.00366	1	1.45898	0.81042	0	
1269561	8562.13379	3306420934269	0.50792	0.33456	8561.70605	0.42773	11878	1	0.51593	0.30843	1	0.50113	0.24605	1	0.50853	0.27724	1	0.48778	0.53404	11.69429	1.06647	1	0.74942	0.55690	12.10195	1.06647	1	-0.00284	-0.00902	0.67554	0.00355	1	0.06569	-0.01418	0.68764	0.00427	1	1.45898	0.81042	0	
1269562	8562.14062	3306421001765	0.50792	0.33323	8561.70605	0.43457	11878	1	0.51225	0.25872	1	0.49952	0.37790	1	0.50589	0.31831	1	0.48777	0.53337	11.74071	1.06647	1	0.74940	0.55847	12.22633	1.06647	1	-0.00284	-0.00902	0.67554	0.00361	1	0.06569	-0.01418	0.68764	0.00367	1	1.45898	0.81042	0	
1269563	8562.14746	3306421066840	0.50792	0.33189	8561.70605	0.44141	11878	1	0.51225	0.25872	1	0.49952	0.37790	1	0.50589	0.31831	1	0.48777	0.53337	11.74071	1.06647	1	0.74929	0.55822	12.50611	1.06647	1	-0.00284	-0.00902	0.67554	0.00362	1	0.06528	-0.01415	0.68341	0.00365	1	1.45898	0.81042	0	
1269564	8562.15430	3306421136525	0.50811	0.33162	8561.70605	0.44824	11878	1	0.51251	0.27601	1	0.48821	0.37219	1	0.50036	0.32410	1	0.48778	0.53342	11.64076	1.06647	1	0.74928	0.55824	12.43687	1.06647	1	-0.00284	-0.00902	0.67554	0.00365	1	0.06528	-0.01415	0.68341	0.00371	1	1.45898	0.81042	0	
1269565	8562.16113	3306421202002	0.50800	0.33129	8561.70605	0.45508	11878	1	0.52483	0.25048	1	0.49222	0.31987	1	0.50853	0.28518	1	0.48797	0.53316	11.68144	1.06647	1	0.74931	0.55777	12.19600	1.06647	1	-0.00284	-0.00902	0.67554	0.00411	1	0.06528	-0.01415	0.68341	0.00392	1	1.45898	0.81042	0	
1269566	8562.16797	3306421271153	0.50788	0.33096	8561.70605	0.46191	11878	1	0.52483	0.25048	1	0.49222	0.31987	1	0.50853	0.28518	1	0.48791	0.53423	11.86920	1.06647	1	0.74927	0.55827	12.53599	1.06647	1	-0.00284	-0.00902	0.67554	0.00341	1	0.06569	-0.01418	0.68764	0.00368	1	1.45898	0.81042	0	
1269567	8562.17383	3306421336409	0.50802	0.33133	8561.70605	0.46777	11878	1	0.52880	0.37817	1	0.48954	0.35774	1	0.50917	0.36795	1	0.48789	0.53453	11.62109	1.06647	1	0.74928	0.55809	12.48583	1.06647	1	-0.00284	-0.00902	0.67554	0.00368	1	0.06569	-0.01418	0.68764	0.00375	1	1.45898	0.81042	0	
1269568	8562.18066	3306421401987	0.50785	0.33134	8561.70605	0.47461	11878	1	0.51768	0.31036	1	0.48680	0.34959	1	0.50224	0.32997	1	0.48788	0.53397	11.51013	1.06647	1	0.74923	0.55810	12.85116	1.06647	1	-0.00284	-0.00902	0.67554	0.00389	1	0.06569	-0.01418	0.68764	0.00362	1	1.45898	0.81042	0	
1269569	8562.18750	3306421472901	0.50767	0.33134	8561.70605	0.48145	11878	1	0.51768	0.31036	1	0.48680	0.34959	1	0.50224	0.32997	1	0.48791	0.53406	11.50126	1.06647	1	0.74939	0.55801	12.46563	1.06647	1	-0.00284	-0.00907	0.67554	0.00393	1	0.06569	-0.01418	0.68764	0.00379	1	1.45898	0.81042	0	
1269570	8562.19434	3306421541059	0.50770	0.33054	8561.70605	0.48828	11878	1	0.53709	0.25732	1	0.48712	0.30405	1	0.51211	0.28069	1	0.48780	0.53377	11.42007	1.06647	1	0.74924	0.55780	12.56432	1.06647	1	-0.00284	-0.00907	0.67554	0.00402	1	0.06569	-0.01418	0.68764	0.00385	1	1.45898	0.81042	0	
1269571	8562.20117	3306421607013	0.50762	0.33025	8561.70605	0.49512	11878	1	0.53601	0.32261	1	0.48454	0.31278	1	0.51027	0.31769	1	0.48776	0.53432	11.27533	1.06647	1	0.74923	0.55815	12.69525	1.06647	1	-0.00284	-0.00907	0.67554	0.00363	1	0.06569	-0.01418	0.68764	0.00376	1	1.45898	0.81042	0	
1269572	8562.20801	3306421674356	0.50753	0.33018	8561.70605	0.50195	11878	1	0.53601	0.32261	1	0.48419	0.31916	1	0.51010	0.32089	1	0.48775	0.53448	11.64388	1.06647	1	0.74916	0.55817	12.94234	1.05881	1	-0.00284	-0.00912	0.67554	0.00375	1	0.06207	-0.01346	0.65029	0.00366	1	1.45898	0.81042	0	
1269573	8562.21484	3306421741088	0.50747	0.32959	8561.70605	0.50879	11878	1	0.54503	0.32556	1	0.47685	0.32821	1	0.51094	0.32688	1	0.48783	0.53459	11.68475	1.05881	1	0.74908	0.55815	12.91630	1.05115	1	-0.00284	-0.00912	0.67554	0.00368	1	0.06207	-0.01346	0.65029	0.00406	1	1.45898	0.81042	0	
1269574	8562.22168	3306421807762	0.50771	0.33029	8561.70605	0.51562	11878	1	0.55508	0.34615	1	0.48315	0.35274	1	0.51912	0.34945	1	0.48798	0.53463	11.73727	1.05115	1	0.74917	0.55804	12.83517	1.04349	1	-0.00284	-0.00912	0.67554	0.00366	1	0.06207	-0.01346	0.65029	0.00402	1	1.45898	0.81042	0	
1269575	8562.22754	3306421874685	0.50795	0.33106	8561.70605	0.52148	11878	1	0.55570	0.35222	1	0.48315	0.35274	1	0.51942	0.35248	1	0.48782	0.53521	12.22703	1.04349	1	0.74918	0.55823	12.97590	1.04349	1	-0.00291	-0.00907	0.66839	0.00358	1	0.06475	-0.01405	0.67884	0.00369	1	1.45898	0.81042	0	
1269576	8562.23438	3306421939731	0.50821	0.33139	8561.70605	0.52832	11878	1	0.54887	0.38115	1	0.48071	0.33797	1	0.51479	0.35956	1	0.48785	0.53494	11.70405	1.04349	1	0.74917	0.55826	12.85422	1.05115	1	-0.00291	-0.00907	0.66839	0.00357	1	0.06475	-0.01405	0.67884	0.00407	1	1.45898	0.81042	0	
1269577	8562.24121	3306422008703	0.50819	0.33172	8561.70605	0.53516	11878	1	0.54781	0.39395	1	0.48221	0.31345	1	0.51501	0.35370	1	0.48786	0.53511	11.95953	1.05115	1	0.74914	0.55819	12.85878	1.05881	1	-0.00291	-0.00907	0.66839	0.00351	1	0.06475	-0.01405	0.67884	0.00408	1	1.45898	0.81042	0	
1269578	8562.24805	3306422075201	0.50817	0.33185	8561.70605	0.54199	11878	1	0.54714	0.38823	1	0.48292	0.29974	1	0.51503	0.34399	1	0.48792	0.53525	11.85785	1.05881	1	0.74918	0.55819	12.78467	1.07515	1	-0.00298	-0.00937	0.68619	0.00359	1	0.06629	-0.01440	0.69557	0.00420	1	1.45898	0.81042	0	
1269579	8562.25488	3306422142404	0.50824	0.33114	8561.70605	0.54883	11878	1	0.53124	0.33047	1	0.48956	0.26973	1	0.51040	0.30010	1	0.48759	0.53518	12.60574	1.07515	1	0.74918	0.55833	12.74919	1.08383	1	-0.00298	-0.00937	0.68619	0.00350	1	0.06629	-0.01440	0.69557	0.00424	1	1.45898	0.81042	0	
1269580	8562.26172	3306422209796	0.50897	0.33120	8561.70605	0.55566	11878	1	0.55490	0.33423	1	0.53871	0.34399	1	0.54680	0.33911	1	0.48800	0.53525	11.95961	1.08383	1	0.74929	0.55922	12.85838	1.09251	1	-0.00298	-0.00937	0.68619	0.00361	1	0.06629	-0.01440	0.69557	0.00405	1	1.45898	0.81042	0	
1269581	8562.26855	3306422276588	0.50970	0.33133	8561.70605	0.56250	11878	1	0.55422	0.32747	1	0.53871	0.34399	1	0.54646	0.33573	1	0.48748	0.53490	12.16592	1.09251	1	0.74898	0.55888	12.28723	1.09251	1	-0.00298	-0.00937	0.68619	0.00360	1	0.06551	-0.01429	0.68796	0.00409	1	1.45898	0.81042	0	
1269582	8562.27441	3306422343322	0.51007	0.33085	8561.70605	0.56836	11878	1	0.53411	0.30159	1	0.51017	0.32204	1	0.52214	0.31182	1	0.48777	0.53507	12.66230	1.09251	1	0.74881	0.55870	12.37664	1.08383	1	-0.00298	-0.00937	0.68619	0.00356	1	0.06551	-0.01429	0.68796	0.00400	1	1.45898	0.81042	0	
1269583	8562.28125	3306422410748	0.51008	0.33026	8561.70605	0.57520	11878	1	0.52021	0.33457	1	0.51189	0.31244	1	0.51605	0.32351	1	0.48746	0.53502	12.39874	1.08383	1	0.74880	0.55863	12.34394	1.07515	1	-0.00298	-0.00937	0.68619	0.00355	1	0.06551	-0.01429	0.68796	0.00402	1	1.45898	0.81042	0	
1269584	8562.28809	3306422477745	0.51008	0.32968	8561.70605	0.58203	11878	1	0.52113	0.34134	1	0.51128	0.31965	1	0.51621	0.33049	1	0.48740	0.53503	12.36204	1.07515	1	0.74856	0.55922	13.25992	1.06647	1	-0.00304	-0.00924	0.67675	0.00353	1	0.06551	-0.01429	0.68796	0.00376	1	1.45898	0.81042	0	
1269585	8562.29492	3306422544900	0.50982	0.32917	8561.70605	0.58887	11878	1	0.50964	0.28483	1	0.49856	0.34709	1	0.50410	0.31596	1	0.48732	0.53469	12.03841	1.06647	1	0.74870	0.55908	12.70335	1.06647	1	-0.00304	-0.00924	0.67675	0.00347	1	0.06551	-0.01429	0.68796	0.00380	1	1.45898	0.81042	0	
1269586	8562.30176	3306422611202	0.50981	0.32774	8561.70605	0.59570	11878	1	0.52593	0.27518	1	0.50784	0.33871	1	0.51689	0.30695	1	0.48717	0.53444	12.05075	1.06647	1	0.74877	0.55887	12.39150	1.06647	1	-0.00304	-0.00924	0.67675	0.00361	1	0.06551	-0.01429	0.68796	0.00386	1	1.45898	0.81042	0	
1269587	8562.30859	3306422678638	0.50981	0.32610	8561.70605	0.60254	11878	1	0.52593	0.27518	1	0.50842	0.33167	1	0.51718	0.30343	1	0.48721	0.53452	12.14938	1.06647	1	0.74848	0.55903	12.47975	1.07515	1	-0.00304	-0.00924	0.67675	0.00361	1	0.06663	-0.01455	0.70024	0.00379	1	1.45898	0.81042	0	
1269588	8562.31543	3306422744683	0.51017	0.32557	8561.70605	0.60938	11878	1	0.53436	0.30419	1	0.49801	0.27875	1	0.51619	0.29147	1	0.48727	0.53463	12.28456	1.07515	1	0.74856	0.55860	12.39572	1.08383	1	-0.00304	-0.00924	0.67675	0.00347	1	0.06663	-0.01455	0.70024	0.00401	1	1.45898	0.81042	0	
1269589	8562.32129	3306422812404	0.51062	0.32549	8561.70605	0.61523	11878	1	0.53779	0.32279	1	0.48137	0.32081	1	0.50958	0.32180	1	0.48739	0.53510	12.19867	1.08383	1	0.74829	0.55902	12.92468	1.09251	1	-0.00304	-0.00924	0.67675	0.00341	1	0.06663	-0.01455	0.70024	0.00377	1	1.45898	0.81042	0	
1269590	8562.32812	3306422879620	0.51106	0.32549	8561.70605	0.62207	11878	1	0.53700	0.31593	1	0.48137	0.32081	1	0.50918	0.31837	1	0.48751	0.53510	12.28355	1.09251	1	0.74821	0.55878	12.73517	1.09251	1	-0.00304	-0.00924	0.67675	0.00343	1	0.06551	-0.01429	0.68796	0.00378	1	1.45898	0.81042	0	
1269591	8562.33496	3306422945232	0.51080	0.32529	8561.70605	0.62891	11878	1	0.52860	0.33477	1	0.46875	0.31395	1	0.49868	0.32436	1	0.48728	0.53534	12.48447	1.09251	1	0.74819	0.55875	12.83984	1.08383	1	-0.00304	-0.00924	0.67675	0.00341	1	0.06551	-0.01429	0.68796	0.00377	1	1.45898	0.81042	0	
1269592	8562.34180	3306423010239	0.51136	0.32618	8561.70605	0.63574	11878	1	0.59054	0.38428	1	0.47598	0.30933	1	0.53326	0.34680	1	0.48776	0.53599	12.29041	1.08383	1	0.74825	0.55878	12.64643	1.07515	1	-0.00304	-0.00924	0.67675	0.00384	1	0.06551	-0.01429	0.68796	0.00397	1	1.45898	0.81042	0	
1269593	8562.34863	3306423080616	0.51192	0.32706	8561.70605	0.64258	11878	1	0.59052	0.38398	1	0.47599	0.30900	1	0.53325	0.34649	1	0.48692	0.53526	12.15957	1.08424	1	0.74832	0.55885	12.74538	1.07556	1	-0.00317	-0.00952	0.69368	0.00378	1	0.06421	-0.01405	0.67644	0.00390	1	1.45898	0.81042	0	
1269594	8562.35547	3306423147685	0.51259	0.32710	8561.70605	0.64941	11878	1	0.55995	0.34013	1	0.52082	0.32428	1	0.54038	0.33220	1	0.48732	0.53583	12.33112	1.08464	1	0.74822	0.55893	12.89196	1.08464	1	-0.00317	-0.00952	0.69368	0.00358	1	0.06421	-0.01405	0.67644	0.00372	1	1.45898	0.81042	0	
1269595	8562.36230	3306423214716	0.51312	0.32476	8561.70605	0.65625	11878	1	0.52335	0.18818	1	0.51753	0.28022	1	0.52044	0.23420	1	0.48645	0.53436	11.82789	1.09373	1	0.74812	0.55877	12.66743	1.09373	1	-0.00317	-0.00952	0.69368	0.00404	1	0.06421	-0.01405	0.67644	0.00376	1	1.45898	0.81042	0	
1269596	8562.36816	3306423280991	0.51365	0.32235	8561.70605	0.66211	11878	1	0.52335	0.18818	1	0.51816	0.27287	1	0.52076	0.23053	1	0.48499	0.53612	12.03626	1.09373	1	0.74621	0.55922	12.86884	1.10241	1	-0.00348	-0.00951	0.68201	0.00355	1	0.06622	-0.01460	0.70035	0.00363	1	1.45898	0.81042	0	
1269597	8562.37500	3306423347324	0.51282	0.32350	8561.70605	0.66895	11878	1	0.48818	0.37682	1	0.45086	0.31914	1	0.46952	0.34798	1	0.48458	0.53667	13.07400	1.09332	1	0.74553	0.55909	12.38243	1.10200	1	-0.00348	-0.00951	0.68201	0.00345	1	0.06622	-0.01460	0.70035	0.00391	1	1.45898	0.81042	0	
1269598	8562.38184	3306423415288	0.51371	0.32234	8561.70605	0.67578	11878	1	0.50750	0.15431	1	0.58204	0.31849	1	0.54477	0.23640	1	0.48360	0.53425	11.83224	1.09292	1	0.74606	0.55903	12.81878	1.10160	1	-0.00348	-0.00951	0.68201	0.00256	1	0.06622	-0.01460	0.70035	0.00399	1	1.45898	0.81042	0	
1269599	8562.38867	3306423482632	0.51459	0.32135	8561.70605	0.68262	11878	1	0.50755	0.15469	1	0.58198	0.31882	1	0.54477	0.23676	1	0.47868	0.53503	11.32754	1.09251	1	0.74042	0.55987	14.05299	1.10119	1	-0.00417	-0.00956	0.67814	0.00252	1	0.06563	-0.01471	0.70305	0.00374	1	1.45898	0.81042	0	
1269600	8562.39551	3306423549355	0.51028	0.32047	8561.70605	0.68945	11878	1	0.25839	0.20813	1	0.32246	0.38147	1	0.29043	0.29480	1	0.47786	0.53528	11.51455	1.10119	1	0.74005	0.55983	13.26957	1.10119	1	-0.00417	-0.00956	0.67814	0.00249	1	0.06563	-0.01471	0.70305	0.00376	1	1.45898	0.81042	0	
1269601	8562.40234	3306423616137	0.48664	0.29241	8561.70605	0.68945	11878	0	0.29112	0.15947	1	0.37743	0.36058	1	0.33427	0.26002	1	0.47762	0.53520	11.37097	1.10119	1	0.74008	0.55957	13.34037	1.10119	1	-0.00417	-0.00956	0.67814	0.00252	1	0.06563	-0.01471	0.70305	0.00348	1	1.45898	0.81042	0	
1269602	8562.40918	3306423684155	0.41111	0.27962	8561.70605	0.68945	11878	0	0.29333	0.16703	1	0.37783	0.36664	1	0.33558	0.26683	1	0.47468	0.53637	11.39028	1.09318	1	0.73668	0.56019	13.14961	1.09318	1	-0.00435	-0.00908	0.63697	0.00261	1	0.06600	-0.01501	0.71499	0.00382	1	1.45898	0.81042	0	
1269603	8562.41504	3306423750233	0.33669	0.31141	8561.70605	0.68945	11878	0	0.14439	0.31389	1	0.23128	0.43607	1	0.18784	0.37498	1	0.47427	0.53658	11.98888	1.08516	1	0.73655	0.56081	14.02858	1.08516	1	-0.00435	-0.00908	0.63697	0.00266	1	0.06600	-0.01501	0.71499	0.00393	1	1.45898	0.81042	0	
1269604	8562.42188	3306423817409	0.23636	0.34293	8561.70605	0.68945	11878	0	0.15048	0.31804	1	0.22087	0.45588	1	0.18567	0.38696	1	0.47439	0.53652	12.14678	1.07714	1	0.73647	0.56106	13.90664	1.07714	1	-0.00435	-0.00908	0.63697	0.00257	1	0.06600	-0.01501	0.71499	0.00381	1	1.45898	0.81042	0	
1269605	8562.42871	3306423884800	0.21262	0.36941	8561.70605	0.68945	11878	0	0.15368	0.32463	1	0.22409	0.46715	1	0.18889	0.39589	1	0.47416	0.53671	11.91476	1.06913	1	0.73585	0.56119	13.16357	1.06044	1	-0.00457	-0.00935	0.65593	0.00261	1	0.06294	-0.01438	0.68245	0.00394	1	1.45898	0.81042	0	
1269606	8562.43555	3306423951319	0.19586	0.38065	8561.70605	0.68945	11878	0	0.13448	0.33134	1	0.19019	0.47490	1	0.16234	0.40312	1	0.47407	0.53659	12.08640	1.06044	1	0.73582	0.56111	13.13821	1.05176	1	-0.00457	-0.00935	0.65593	0.00266	1	0.06294	-0.01438	0.68245	0.00395	1	1.45898	0.81042	0	
1269607	8562.44238	3306424018695	0.18978	0.38926	8562.42188	0.02051	11879	1	0.14778	0.37389	1	0.19525	0.45632	1	0.17152	0.41511	1	0.47403	0.53676	12.25709	1.05176	1	0.73589	0.56075	13.17800	1.04308	1	-0.00457	-0.00935	0.65593	0.00259	1	0.06294	-0.01438	0.68245	0.00398	1	1.45898	0.81042	0	
1269608	8562.44922	3306424085338	0.18668	0.39572	8562.42188	0.02734	11879	1	0.15139	0.38073	1	0.19719	0.46235	1	0.17429	0.42154	1	0.47402	0.53661	11.83049	1.04308	1	0.73589	0.56077	13.15187	1.03440	1	-0.00457	-0.00935	0.65593	0.00263	1	0.06294	-0.01438	0.68245	0.00396	1	1.45898	0.81042	0	
1269609	8562.45605	3306424152060	0.18411	0.39792	8562.42188	0.03418	11879	1	0.14732	0.35581	1	0.19521	0.46211	1	0.17127	0.40896	1	0.47398	0.53658	11.87694	1.03440	1	0.73590	0.56068	13.23419	1.03440	1	-0.00457	-0.00935	0.65593	0.00265	1	0.06294	-0.01438	0.68245	0.00389	1	1.45898	0.81042	0	
1269610	8562.46191	3306424219090	0.18303	0.39820	8562.42188	0.04004	11879	1	0.15134	0.35658	1	0.20174	0.44317	1	0.17654	0.39987	1	0.47397	0.53649	12.27065	1.03440	1	0.73591	0.56047	13.39216	1.03440	1	-0.00457	-0.00935	0.65593	0.00261	1	0.06294	-0.01438	0.68245	0.00383	1	1.45898	0.81042	0	
1269611	8562.46875	3306424286042	0.18250	0.39909	8562.42188	0.04688	11879	1	0.15432	0.36240	1	0.20329	0.44826	1	0.17881	0.40533	1	0.47418	0.53625	12.25644	1.02728	1	0.73597	0.56080	13.46299	1.02728	1	-0.00445	-0.00919	0.64483	0.00261	1	0.06294	-0.01438	0.68245	0.00395	1	1.45898	0.81042	0	
1269612	8562.47559	3306424352793	0.18144	0.40237	8562.42188	0.05371	11879	1	0.16744	0.34766	1	0.17846	0.50957	1	0.17295	0.42862	1	0.47424	0.53636	11.87015	1.02015	1	0.73598	0.56076	13.49310	1.02015	1	-0.00445	-0.00919	0.64483	0.00259	1	0.06294	-0.01438	0.68245	0.00399	1	1.45898	0.81042	0	
1269613	8562.48242	3306424420063	0.18253	0.40336	8562.42188	0.06055	11879	1	0.16836	0.35129	1	0.21633	0.47316	1	0.19235	0.41223	1	0.47424	0.53636	11.87015	1.01303	1	0.73644	0.56071	13.81148	1.01303	1	-0.00445	-0.00919	0.64483	0.00258	1	0.06294	-0.01438	0.68245	0.00381	1	1.45898	0.81042	0	
1269614	8562.48926	3306424487035	0.18334	0.40389	8562.42188	0.06738	11879	1	0.16836	0.35129	1	0.21452	0.46707	1	0.19144	0.40918	1	0.47423	0.53639	11.82801	1.01303	1	0.73627	0.56084	14.05812	1.02171	1	-0.00465	-0.00945	0.66640	0.00261	1	0.06611	-0.01509	0.71621	0.00378	1	1.45898	0.81042	0	
1269615	8562.49609	3306424553721	0.18383	0.40613	8562.42188	0.07422	11879	1	0.16275	0.35999	1	0.21558	0.50155	1	0.18916	0.43077	1	0.47414	0.53641	11.87981	1.02883	1	0.73658	0.56070	14.01524	1.03751	1	-0.00465	-0.00945	0.66640	0.00264	1	0.06611	-0.01509	0.71621	0.00365	1	1.45898	0.81042	0	
1269616	8562.50293	3306424620909	0.18271	0.40690	8562.42188	0.08105	11879	1	0.13939	0.34130	1	0.19927	0.49097	1	0.16933	0.41614	1	0.47408	0.53648	11.82801	1.04464	1	0.73642	0.56068	13.95786	1.05332	1	-0.00465	-0.00945	0.66640	0.00271	1	0.06611	-0.01509	0.71621	0.00371	1	1.45898	0.81042	0	
1269617	8562.50977	3306424688133	0.18162	0.40730	8562.42188	0.08789	11879	1	0.13572	0.33413	1	0.19927	0.49097	1	0.16750	0.41255	1	0.47427	0.53642	11.73478	1.05332	1	0.73645	0.56037	13.68008	1.05332	1	-0.00445	-0.00914	0.64483	0.00264	1	0.06256	-0.01417	0.67721	0.00355	1	1.45898	0.81042	0	
1269618	8562.51562	3306424754513	0.18140	0.40665	8562.42188	0.09375	11879	1	0.16711	0.31692	1	0.18954	0.47820	1	0.17833	0.39756	1	0.47427	0.53642	11.73478	1.04619	1	0.73653	0.56056	13.80255	1.03751	1	-0.00445	-0.00914	0.64483	0.00264	1	0.06256	-0.01417	0.67721	0.00365	1	1.45898	0.81042	0	
1269619	8562.52246	3306424819582	0.18097	0.40800	8562.42188	0.10059	11879	1	0.16099	0.34972	1	0.18800	0.50675	1	0.17449	0.42823	1	0.47413	0.53641	11.88163	1.03039	1	0.73651	0.56068	14.02976	1.02171	1	-0.00445	-0.00914	0.64483	0.00264	1	0.06256	-0.01417	0.67721	0.00363	1	1.45898	0.81042	0	
1269620	8562.52930	3306424886313	0.18083	0.40971	8562.42188	0.10742	11879	1	0.16750	0.36278	1	0.18967	0.51146	1	0.17859	0.43712	1	0.47430	0.53641	11.77409	1.01458	1	0.73655	0.56086	13.86881	1.01458	1	-0.00445	-0.00914	0.64483	0.00257	1	0.06528	-0.01477	0.70607	0.00372	1	1.45898	0.81042	0	
1269621	8562.53613	3306424953830	0.18062	0.41061	8562.42188	0.11426	11879	1	0.17408	0.36178	1	0.17987	0.49005	1	0.17698	0.42591	1	0.47438	0.53610	11.80297	1.01458	1	0.73630	0.56054	13.73558	1.02326	1	-0.00445	-0.00914	0.64483	0.00270	1	0.06528	-0.01477	0.70607	0.00377	1	1.45898	0.81042	0	
1269622	8562.54297	3306425020010	0.18029	0.41233	8562.42188	0.12109	11879	1	0.15700	0.36729	1	0.19179	0.51894	1	0.17440	0.44311	1	0.47431	0.53633	12.03882	1.02326	1	0.73660	0.56078	13.60585	1.03194	1	-0.00445	-0.00914	0.64483	0.00257	1	0.06528	-0.01477	0.70607	0.00371	1	1.45898	0.81042	0	
1269623	8562.54980	3306425090082	0.17990	0.41369	8562.42188	0.12793	11879	1	0.15337	0.36021	1	0.19179	0.51894	1	0.17258	0.43957	1	0.47438	0.53627	12.04302	1.03194	1	0.73678	0.56045	13.27230	1.03194	1	-0.00445	-0.00914	0.64483	0.00261	1	0.06431	-0.01454	0.69504	0.00373	1	1.45898	0.81042	0	
1269624	8562.55566	3306425154282	0.18021	0.41357	8562.42188	0.13379	11879	1	0.16105	0.36154	1	0.21145	0.46085	1	0.18625	0.41119	1	0.47422	0.53622	12.13998	1.03194	1	0.73691	0.56019	13.50971	1.02326	1	-0.00445	-0.00914	0.64483	0.00260	1	0.06431	-0.01454	0.69504	0.00374	1	1.45898	0.81042	0	
1269625	8562.56250	3306425220270	0.18060	0.41425	8562.42188	0.14062	11879	1	0.17143	0.37827	1	0.20644	0.47876	1	0.18893	0.42851	1	0.47439	0.53620	11.86584	1.02326	1	0.73673	0.56045	13.25471	1.01458	1	-0.00445	-0.00914	0.64483	0.00266	1	0.06431	-0.01454	0.69504	0.00374	1	1.45898	0.81042	0	
1269626	8562.56934	3306425287895	0.18108	0.41515	8562.42188	0.14746	11879	1	0.17497	0.38524	1	0.20834	0.48478	1	0.19165	0.43501	1	0.47438	0.53611	11.94468	1.01458	1	0.73685	0.56015	13.34579	1.00590	1	-0.00445	-0.00914	0.64483	0.00268	1	0.06431	-0.01454	0.69504	0.00377	1	1.45898	0.81042	0	
1269627	8562.57617	3306425354825	0.18156	0.41542	8562.42188	0.15430	11879	1	0.17591	0.37463	1	0.20911	0.46844	1	0.19251	0.42154	1	0.47436	0.53610	12.32258	1.00590	1	0.73678	0.56001	12.75503	1.00590	1	-0.00445	-0.00914	0.64483	0.00259	1	0.06431	-0.01454	0.69504	0.00381	1	1.45898	0.81042	0	
1269628	8562.58301	3306425422882	0.18185	0.41675	8562.42188	0.16113	11879	1	0.18503	0.38653	1	0.19258	0.51090	1	0.18880	0.44872	1	0.47437	0.53605	11.88424	1.00590	1	0.73651	0.56067	12.92331	1.00590	1	-0.00445	-0.00914	0.64483	0.00266	1	0.06431	-0.01454	0.69504	0.00374	1	1.45898	0.81042	0	
1269629	8562.58887	3306425488483	0.18212	0.41798	8562.42188	0.16699	11879	1	0.18503	0.38653	1	0.19258	0.51090	1	0.18880	0.44872	1	0.47418	0.53623	12.13738	1.00590	1	0.73644	0.56072	13.65957	1.00590	1	-0.00445	-0.00914	0.64483	0.00256	1	0.06431	-0.01454	0.69504	0.00386	1	1.45898	0.81042	0	
1269630	8562.59570	3306425556285	0.18120	0.41790	8562.42188	0.17383	11879	1	0.13875	0.37438	1	0.17621	0.45729	1	0.15748	0.41583	1	0.47374	0.53656	11.88827	1.00590	1	0.73578	0.56008	13.07764	1.00590	1	-0.00445	-0.00914	0.64483	0.00265	1	0.06431	-0.01454	0.69504	0.00428	1	1.45898	0.81042	0	
1269631	8562.60254	3306425623775	0.18191	0.41860	8562.42188	0.18066	11879	1	0.17627	0.37978	1	0.22586	0.49500	1	0.20106	0.43739	1	0.47359	0.53660	12.18585	1.00590	1	0.73590	0.56038	13.29431	1.00590	1	-0.00445	-0.00914	0.64483	0.00254	1	0.06431	-0.01454	0.69504	0.00391	1	1.45898	0.81042	0	
1269632	8562.60938	3306425690837	0.18253	0.41915	8562.42188	0.18750	11879	1	0.17335	0.37397	1	0.22596	0.49537	1	0.19965	0.43467	1	0.47101	0.53725	11.55537	1.01303	1	0.73323	0.56153	13.42600	1.00537	1	-0.00486	-0.00939	0.65533	0.00256	1	0.05994	-0.01373	0.65368	0.00403	1	1.45898	0.81042	0	
1269633	8562.61621	3306425757978	0.17925	0.42222	8562.42188	0.19434	11879	1	0.01605	0.45948	1	0.15230	0.56287	1	0.08417	0.51117	1	0.47023	0.53770	12.19739	1.01249	1	0.73309	0.56175	13.47681	1.00483	1	-0.00486	-0.00939	0.65533	0.00269	1	0.05994	-0.01373	0.65368	0.00400	1	1.45898	0.81042	0	
1269634	8562.62305	3306425827132	0.17569	0.42543	8562.42188	0.20117	11879	1	-0.01193	0.45410	1	0.14998	0.58934	1	0.06902	0.52172	1	0.46997	0.53762	12.08735	1.01196	1	0.73265	0.56210	12.57265	1.00430	1	-0.00486	-0.00939	0.65533	0.00262	1	0.05994	-0.01373	0.65368	0.00449	1	1.45898	0.81042	0	
1269635	8562.62988	3306425893811	0.15943	0.45241	8562.42188	0.20117	11879	0	-0.01623	0.44852	1	0.14579	0.58040	1	0.06478	0.51446	1	0.46885	0.53806	12.01445	1.01944	1	0.72944	0.55970	12.31877	1.01944	1	-0.00486	-0.00939	0.65533	0.00267	1	0.06253	-0.01438	0.68468	0.00269	1	1.45898	0.81042	0	
1269636	8562.63672	3306425960576	0.05653	0.42763	8562.42188	0.20117	11879	0	-0.04797	0.45039	1	-0.04475	0.35531	1	-0.04636	0.40285	1	0.46887	0.53789	12.37006	1.02746	1	0.72942	0.55971	12.33577	1.03512	1	-0.00486	-0.00939	0.65533	0.00275	1	0.06253	-0.01438	0.68468	0.00269	1	1.45898	0.81042	0	
1269637	8562.64355	3306426027790	0.01863	0.41465	8562.42188	0.20117	11879	0	-0.06302	0.44382	1	-0.05135	0.33355	1	-0.05719	0.38868	1	0.46884	0.53802	12.26053	1.04313	1	0.72945	0.55966	12.34220	1.05079	1	-0.00486	-0.00939	0.65533	0.00270	1	0.06253	-0.01438	0.68468	0.00266	1	1.45898	0.81042	0	
1269638	8562.65039	3306426094746	-0.05630	0.38943	8562.42188	0.20117	11879	0	-0.07239	0.43227	1	-0.05834	0.32127	1	-0.06536	0.37677	1	0.46887	0.53823	12.00315	1.05881	1	0.72954	0.55994	12.92233	1.06647	1	-0.00486	-0.00939	0.65533	0.00274	1	0.06190	-0.01428	0.67777	0.00269	1	1.45898	0.81042	0	
1269639	8562.65625	3306426161400	-0.06401	0.38934	8562.42188	0.20117	11879	0	-0.07429	0.43118	1	-0.06915	0.34731	1	-0.07172	0.38924	1	0.46894	0.53806	12.00319	1.06647	1	0.72965	0.55993	12.74106	1.06647	1	-0.00486	-0.00939	0.65533	0.00270	1	0.06190	-0.01428	0.67777	0.00269	1	1.45898	0.81042	0	
1269640	8562.66309	3306426228314	-0.06736	0.39493	8562.42188	0.20117	11879	0	-0.07379	0.45381	1	-0.07433	0.35842	1	-0.07406	0.40612	1	0.46897	0.53814	11.94897	1.06647	1	0.72957	0.56007	12.73755	1.06647	1	-0.00486	-0.00939	0.65533	0.00268	1	0.06190	-0.01428	0.67777	0.00264	1	1.45898	0.81042	0	
1269641	8562.66992	3306426294771	-0.06620	0.40185	8562.65039	0.01953	11880	1	-0.06476	0.46457	1	-0.06067	0.38062	1	-0.06271	0.42260	1	0.46909	0.53797	11.87490	1.05133	1	0.72990	0.55993	12.50943	1.03686	1	-0.00486	-0.00939	0.65533	0.00269	1	0.05930	-0.01366	0.64825	0.00261	1	1.45898	0.81042	0	
1269642	8562.67676	3306426361732	-0.05997	0.40664	8562.65039	0.02637	11880	1	-0.03775	0.45137	1	-0.03239	0.40029	1	-0.03507	0.42583	1	0.46909	0.53797	11.95350	1.02172	1	0.72992	0.55998	12.26349	1.00725	1	-0.00486	-0.00939	0.65533	0.00268	1	0.05930	-0.01366	0.64825	0.00267	1	1.45898	0.81042	0	
1269643	8562.68359	3306426429562	-0.05432	0.41345	8562.65039	0.03320	11880	1	-0.02905	0.47559	1	-0.02305	0.41941	1	-0.02605	0.44750	1	0.46910	0.53798	11.83446	0.99211	1	0.72982	0.55995	12.41935	0.97764	1	-0.00486	-0.00939	0.65533	0.00270	1	0.05930	-0.01366	0.64825	0.00269	1	1.45898	0.81042	0	
1269644	8562.69043	3306426495683	-0.04880	0.42036	8562.65039	0.04004	11880	1	-0.01544	0.49219	1	-0.01593	0.43136	1	-0.01569	0.46177	1	0.46915	0.53799	12.20240	0.96962	1	0.73005	0.55985	12.26694	0.96196	1	-0.00486	-0.00939	0.65533	0.00265	1	0.06023	-0.01387	0.65793	0.00258	1	1.45898	0.81042	0	
1269645	8562.69727	3306426563495	-0.04367	0.42446	8562.65039	0.04688	11880	1	-0.00874	0.49808	1	-0.00669	0.40828	1	-0.00772	0.45318	1	0.46915	0.53800	12.01518	0.96909	1	0.73005	0.55985	12.26694	0.97590	1	-0.00486	-0.00939	0.65533	0.00271	1	0.06023	-0.01387	0.65793	0.00258	1	1.45898	0.81042	0	
1269646	8562.70312	3306426630564	-0.04042	0.42568	8562.65039	0.05273	11880	1	-0.01480	0.46765	1	-0.01411	0.40328	1	-0.01445	0.43547	1	0.46915	0.53792	12.23336	0.98302	1	0.73003	0.55989	12.24262	0.98983	1	-0.00486	-0.00939	0.65533	0.00263	1	0.06023	-0.01387	0.65793	0.00261	1	1.45898	0.81042	0	
1269647	8562.70996	3306426697820	-0.03854	0.42560	8562.65039	0.05957	11880	1	-0.02308	0.45715	1	-0.02022	0.39258	1	-0.02165	0.42486	1	0.46917	0.53794	12.36708	0.99696	1	0.73003	0.55988	12.24038	1.00377	1	-0.00486	-0.00939	0.65533	0.00262	1	0.06023	-0.01387	0.65793	0.00261	1	1.45898	0.81042	0	
1269648	8562.71680	3306426765070	-0.03816	0.42633	8562.65039	0.06641	11880	1	-0.02421	0.47952	1	-0.04442	0.38772	1	-0.03432	0.43362	1	0.46929	0.53810	11.94302	1.00377	1	0.73006	0.55987	12.20209	1.00377	1	-0.00486	-0.00939	0.65533	0.00270	1	0.06023	-0.01387	0.65793	0.00259	1	1.45898	0.81042	0	
1269649	8562.72363	3306426831476	-0.03729	0.42535	8562.65039	0.07324	11880	1	-0.01629	0.48456	1	-0.03925	0.34448	1	-0.02777	0.41452	1	0.46929	0.53791	11.81549	1.00377	1	0.73007	0.55981	12.06326	1.00377	1	-0.00486	-0.00939	0.65533	0.00267	1	0.06023	-0.01387	0.65793	0.00267	1	1.45898	0.81042	0	
1269650	8562.73047	3306426898619	-0.03702	0.42380	8562.65039	0.08008	11880	1	-0.02099	0.47878	1	-0.04639	0.33177	1	-0.03369	0.40528	1	0.46932	0.53789	12.07759	1.01178	1	0.73024	0.55992	12.32358	1.01944	1	-0.00486	-0.00939	0.65533	0.00266	1	0.06261	-0.01445	0.68326	0.00261	1	1.45898	0.81042	0	
1269651	8562.73730	3306426963648	-0.03914	0.42044	8562.65039	0.08691	11880	1	-0.08925	0.43174	1	-0.04437	0.32175	1	-0.06681	0.37674	1	0.46930	0.53789	12.03957	1.02746	1	0.73023	0.55991	12.27006	1.03512	1	-0.00486	-0.00939	0.65533	0.00266	1	0.06261	-0.01445	0.68326	0.00256	1	1.45898	0.81042	0	
1269652	8562.74414	3306427032299	-0.04108	0.41920	8562.65039	0.09375	11880	1	-0.07726	0.46186	1	-0.05897	0.34180	1	-0.06812	0.40183	1	0.46934	0.53790	12.05665	1.04313	1	0.73021	0.55987	11.88892	1.05079	1	-0.00486	-0.00939	0.65533	0.00268	1	0.06261	-0.01445	0.68326	0.00262	1	1.45898	0.81042	0	
1269653	8562.75000	3306427099223	-0.04329	0.41738	8562.65039	0.09961	11880	1	-0.08684	0.45057	1	-0.06607	0.32965	1	-0.07646	0.39011	1	0.46896	0.53837	11.81351	1.05881	1	0.72991	0.56008	12.13934	1.06647	1	-0.00486	-0.00939	0.65533	0.00267	1	0.06261	-0.01445	0.68326	0.00262	1	1.45898	0.81042	0	
1269654	8562.75684	3306427166548	-0.04620	0.41518	8562.65039	0.10645	11880	1	-0.13009	0.48258	1	-0.05555	0.27728	1	-0.09282	0.37993	1	0.46838	0.53881	11.88660	1.06647	1	0.72975	0.56009	12.30408	1.06647	1	-0.00486	-0.00939	0.65533	0.00275	1	0.06261	-0.01445	0.68326	0.00256	1	1.45898	0.81042	0	
1269655	8562.76367	3306427230717	-0.04682	0.41305	8562.65039	0.11328	11880	1	-0.10160	0.46920	1	-0.01295	0.28446	1	-0.05727	0.37683	1	0.46806	0.53882	11.84572	1.06647	1	0.72970	0.56012	12.48805	1.06647	1	-0.00486	-0.00939	0.65533	0.00265	1	0.06261	-0.01445	0.68326	0.00263	1	1.45898	0.81042	0	
1269656	8562.77051	3306427296329	-0.04657	0.41244	8562.65039	0.12012	11880	1	-0.08823	0.48419	1	0.00406	0.31898	1	-0.04208	0.40159	1	0.46598	0.53984	11.65513	1.04495	1	0.72638	0.56118	12.27032	1.02439	1	-0.00486	-0.00939	0.65533	0.00264	1	0.05707	-0.01344	0.62854	0.00263	1	1.45898	0.81042	0	
1269657	8562.77734	3306427367117	-0.05384	0.41477	8562.65039	0.12695	11880	1	-0.25490	0.51363	1	-0.12907	0.40433	1	-0.19199	0.45898	1	0.46544	0.54004	12.24223	1.00287	1	0.72594	0.56136	11.87150	0.98231	1	-0.00486	-0.00939	0.65533	0.00267	1	0.05707	-0.01344	0.62854	0.00263	1	1.45898	0.81042	0	
1269658	8562.78418	3306427434262	-0.05746	0.41955	8562.65039	0.13379	11880	1	-0.17235	0.59564	1	-0.08732	0.43466	1	-0.12984	0.51515	1	0.46516	0.53989	11.99960	0.96080	1	0.72591	0.56137	11.67067	0.94024	1	-0.00486	-0.00939	0.65533	0.00268	1	0.05707	-0.01344	0.62854	0.00258	1	1.45898	0.81042	0	
1269659	8562.79102	3306427501565	-0.05976	0.42494	8562.65039	0.14062	11880	1	-0.14483	0.61844	1	-0.07137	0.45756	1	-0.10810	0.53800	1	0.46435	0.54001	11.95306	0.92509	1	0.72490	0.56158	12.06475	0.91063	1	-0.00486	-0.00939	0.65533	0.00263	1	0.05874	-0.01386	0.64854	0.00260	1	1.45898	0.81042	0	
1269660	8562.79785	3306427568923	-0.06379	0.43134	8562.65039	0.14746	11880	1	-0.17614	0.63169	1	-0.12863	0.51298	1	-0.15239	0.57234	1	0.46429	0.54006	11.87440	0.91700	1	0.72497	0.56163	12.36299	0.92309	1	-0.00486	-0.00939	0.65533	0.00260	1	0.05874	-0.01386	0.64854	0.00257	1	1.45898	0.81042	0	
1269661	8562.80371	3306427635000	-0.09803	0.44420	8562.65039	0.14746	11880	0	-0.17478	0.57343	1	-0.13874	0.45394	1	-0.15676	0.51368	1	0.46444	0.54013	11.62348	0.92947	1	0.72491	0.56161	12.05818	0.93556	1	-0.00486	-0.00939	0.65533	0.00262	1	0.05874	-0.01386	0.64854	0.00262	1	1.45898	0.81042	0	
1269662	8562.81055	3306427701795	-0.13172	0.47446	8562.65039	0.14746	11880	0	-0.18466	0.56486	1	-0.14616	0.44455	1	-0.16541	0.50471	1	0.46428	0.54026	12.33239	0.94194	1	0.72488	0.56176	12.13917	0.94803	1	-0.00486	-0.00939	0.65533	0.00259	1	0.05777	-0.01368	0.63783	0.00258	1	1.45898	0.81042	0	
1269663	8562.81738	3306427768309	-0.13515	0.49539	8562.65039	0.14746	11880	0	-0.13493	0.62088	1	-0.14913	0.45361	1	-0.14203	0.53725	1	0.46423	0.54031	11.86468	0.94803	1	0.72487	0.56170	11.94271	0.94803	1	-0.00486	-0.00939	0.65533	0.00267	1	0.05777	-0.01368	0.63783	0.00258	1	1.45898	0.81042	0	
1269664	8562.82422	3306427835997	-0.13704	0.50688	8562.80371	0.02051	11881	1	-0.13661	0.62455	1	-0.14876	0.45820	1	-0.14269	0.54137	1	0.46426	0.54027	11.31144	0.94803	1	0.72489	0.56170	12.10674	0.94803	1	-0.00486	-0.00939	0.65533	0.00264	1	0.05777	-0.01368	0.63783	0.00255	1	1.45898	0.81042	0	
1269665	8562.83105	3306427902959	-0.13817	0.51378	8562.80371	0.02734	11881	1	-0.13661	0.62455	1	-0.14876	0.45820	1	-0.14269	0.54137	1	0.46424	0.54035	11.39787	0.94803	1	0.72489	0.56153	11.95752	0.94803	1	-0.00486	-0.00939	0.65533	0.00260	1	0.05874	-0.01396	0.64854	0.00261	1	1.45898	0.81042	0	
1269666	8562.83789	3306427970100	-0.13938	0.51729	8562.80371	0.03418	11881	1	-0.13667	0.62846	1	-0.15422	0.44126	1	-0.14545	0.53486	1	0.46426	0.54035	11.35365	0.94803	1	0.72483	0.56165	12.02699	0.94803	1	-0.00486	-0.00939	0.65533	0.00260	1	0.05874	-0.01396	0.64854	0.00258	1	1.45898	0.81042	0	
1269667	8562.84375	3306428036964	-0.14033	0.52077	8562.80371	0.04004	11881	1	-0.14455	0.62396	1	-0.14753	0.45933	1	-0.14604	0.54165	1	0.46422	0.54037	11.48376	0.94803	1	0.72490	0.56182	12.40630	0.94803	1	-0.00486	-0.00939	0.65533	0.00258	1	0.05874	-0.01396	0.64854	0.00253	1	1.45898	0.81042	0	
1269668	8562.85059	3306428104332	-0.14105	0.52338	8562.80371	0.04688	11881	1	-0.14455	0.62396	1	-0.14753	0.45933	1	-0.14604	0.54165	1	0.46417	0.54033	11.49025	0.94803	1	0.72490	0.56182	12.40630	0.94803	1	-0.00486	-0.00939	0.65533	0.00267	1	0.05874	-0.01396	0.64854	0.00253	1	1.45898	0.81042	0	
1269669	8562.85742	3306428171902	-0.14255	0.52554	8562.80371	0.05371	11881	1	-0.15829	0.63419	1	-0.15081	0.45139	1	-0.15455	0.54279	1	0.46405	0.54043	11.63678	0.94803	1	0.72488	0.56172	12.26135	0.94803	1	-0.00486	-0.00939	0.65533	0.00265	1	0.05874	-0.01396	0.64854	0.00257	1	1.45898	0.81042	0	
1269670	8562.86426	3306428238675	-0.14348	0.52775	8562.80371	0.06055	11881	1	-0.14488	0.64044	1	-0.15886	0.45481	1	-0.15187	0.54763	1	0.46411	0.54035	11.61439	0.94803	1	0.72472	0.56181	12.27166	0.94803	1	-0.00486	-0.00939	0.65533	0.00261	1	0.05874	-0.01396	0.64854	0.00254	1	1.45898	0.81042	0	
1269671	8562.87109	3306428305197	-0.14094	0.53278	8562.80371	0.06738	11881	1	-0.10448	0.67201	1	-0.12659	0.49421	1	-0.11553	0.58311	1	0.46406	0.54053	11.49276	0.89503	1	0.72472	0.56184	12.22954	0.89503	1	-0.00353	-0.00706	0.48039	0.00274	1	0.05777	-0.01368	0.63783	0.00256	1	1.45898	0.81042	0	
1269672	8562.87793	3306428371726	-0.13819	0.54022	8562.80371	0.07422	11881	1	-0.12655	0.69847	1	-0.08935	0.54562	1	-0.10795	0.62205	1	0.46396	0.54043	11.50141	0.84203	1	0.72485	0.56200	11.77573	0.84203	1	-0.00353	-0.00706	0.48039	0.00271	1	0.05777	-0.01368	0.63783	0.00255	1	1.45898	0.81042	0	
1269673	8562.88477	3306428438955	-0.13348	0.55075	8562.80371	0.08105	11881	1	-0.08534	0.75584	1	-0.06864	0.59848	1	-0.07699	0.67716	1	0.46398	0.54045	11.30230	0.78903	1	0.72470	0.56212	11.88853	0.78903	1	-0.00353	-0.00706	0.48039	0.00275	1	0.05777	-0.01368	0.63783	0.00262	1	1.45898	0.81042	0	
1269674	8562.89062	3306428506208	-0.12715	0.56177	8562.80371	0.08691	11881	1	-0.04802	0.78006	1	-0.04163	0.62999	1	-0.04483	0.70502	1	0.46390	0.54051	11.44057	0.74576	1	0.72464	0.56198	12.11150	0.74576	1	-0.00406	-0.00780	0.53027	0.00269	1	0.05874	-0.01396	0.64854	0.00262	1	1.45898	0.81042	0	
1269675	8562.89746	3306428572763	-0.12098	0.57057	8562.80371	0.09375	11881	1	-0.03784	0.77312	1	-0.03141	0.61433	1	-0.03463	0.69373	1	0.46397	0.54062	11.65114	0.75550	1	0.72484	0.56197	11.75790	0.75550	1	-0.00406	-0.00780	0.53027	0.00270	1	0.05874	-0.01396	0.64854	0.00255	1	1.45898	0.81042	0	
1269676	8562.90430	3306428639960	-0.11720	0.57685	8562.80371	0.10059	11881	1	-0.07434	0.74020	1	-0.04662	0.60186	1	-0.06048	0.67103	1	0.46393	0.54047	11.61162	0.76523	1	0.72463	0.56196	12.07970	0.76523	1	-0.00406	-0.00780	0.53027	0.00262	1	0.05874	-0.01396	0.64854	0.00262	1	1.45898	0.81042	0	
1269677	8562.91113	3306428707348	-0.10700	0.60800	8562.80371	0.10059	11881	0	-0.12021	0.70831	1	-0.07915	0.56245	1	-0.09968	0.63538	1	0.46391	0.54056	11.67826	0.81823	1	0.72462	0.56213	11.79132	0.81823	1	-0.00406	-0.00780	0.53027	0.00257	1	0.05874	-0.01396	0.64854	0.00259	1	1.45898	0.81042	0	
1269678	8562.91797	3306428773999	-0.11567	0.60841	8562.80371	0.10059	11881	0	-0.14370	0.70592	1	-0.10496	0.51171	1	-0.12433	0.60881	1	0.46379	0.54065	11.39939	0.86150	1	0.72477	0.56183	11.85101	0.86150	1	-0.00406	-0.00780	0.53027	0.00274	1	0.05874	-0.01396	0.64854	0.00258	1	1.45898	0.81042	0	
1269679	8562.92480	3306428838985	-0.12484	0.59764	8562.80371	0.10059	11881	0	-0.15264	0.65518	1	-0.13373	0.49703	1	-0.14319	0.57610	1	0.46384	0.54052	11.39062	0.90476	1	0.72464	0.56200	11.93419	0.90476	1	-0.00406	-0.00780	0.53027	0.00260	1	0.05874	-0.01396	0.64854	0.00262	1	1.45898	0.81042	0	
1269680	8562.93066	3306428905768	-0.13547	0.58662	8562.91113	0.01953	11882	1	-0.18218	0.63265	1	-0.15253	0.47446	1	-0.16736	0.55355	1	0.46377	0.54063	11.50196	0.94165	1	0.72462	0.56216	11.99687	0.93556	1	-0.00406	-0.00780	0.53027	0.00262	1	0.05645	-0.01343	0.62375	0.00251	1	1.45898	0.81042	0	
1269681	8562.93750	3306428972718	-0.14136	0.58696	8562.91113	0.02637	11882	1	-0.20262	0.67677	1	-0.12727	0.49988	1	-0.16495	0.58832	1	0.46365	0.54061	11.93382	0.92919	1	0.72469	0.56210	11.82335	0.92309	1	-0.00406	-0.00780	0.53027	0.00266	1	0.05645	-0.01343	0.62375	0.00255	1	1.45898	0.81042	0	
1269682	8562.94434	3306429038204	-0.14395	0.58527	8562.91113	0.03320	11882	1	-0.19938	0.67797	1	-0.11434	0.47562	1	-0.15686	0.57679	1	0.46366	0.54059	11.93392	0.91672	1	0.72468	0.56214	11.85253	0.91063	1	-0.00406	-0.00780	0.53027	0.00266	1	0.05645	-0.01343	0.62375	0.00253	1	1.45898	0.81042	0	
1269683	8562.95117	3306429107137	-0.14542	0.58431	8562.91113	0.04004	11882	1	-0.19424	0.68148	1	-0.11434	0.47562	1	-0.15429	0.57855	1	0.46367	0.54064	11.85448	0.91063	1	0.72458	0.56225	12.07379	0.91063	1	-0.00406	-0.00780	0.53027	0.00267	1	0.05776	-0.01375	0.63878	0.00254	1	1.45898	0.81042	0	
1269684	8562.95801	3306429171943	-0.14694	0.57930	8562.91113	0.04688	11882	1	-0.18861	0.63309	1	-0.12642	0.45542	1	-0.15752	0.54426	1	0.46369	0.54064	11.81265	0.91700	1	0.72459	0.56198	12.53944	0.92309	1	-0.00406	-0.00780	0.53027	0.00267	1	0.05776	-0.01375	0.63878	0.00261	1	1.45898	0.81042	0	
1269685	8562.96484	3306429239294	-0.14797	0.57519	8562.91113	0.05371	11882	1	-0.19044	0.59665	1	-0.12199	0.48789	1	-0.15622	0.54227	1	0.46362	0.54070	11.97060	0.92947	1	0.72450	0.56200	12.19340	0.93556	1	-0.00406	-0.00780	0.53027	0.00269	1	0.05776	-0.01375	0.63878	0.00261	1	1.45898	0.81042	0	
1269686	8562.97070	3306429307066	-0.14628	0.57438	8562.91113	0.05957	11882	1	-0.16113	0.62039	1	-0.10115	0.51387	1	-0.13114	0.56713	1	0.46347	0.54075	11.67394	0.89348	1	0.72424	0.56213	11.86407	0.89957	1	-0.00378	-0.00726	0.49391	0.00265	1	0.05747	-0.01370	0.63662	0.00263	1	1.45898	0.81042	0	
1269687	8562.97754	3306429374312	-0.14304	0.57676	8562.91113	0.06641	11882	1	-0.12834	0.64866	1	-0.09290	0.55245	1	-0.11062	0.60056	1	0.46343	0.54075	11.66778	0.85112	1	0.72424	0.56208	12.00045	0.85112	1	-0.00378	-0.00726	0.49391	0.00266	1	0.05747	-0.01370	0.63662	0.00253	1	1.45898	0.81042	0	
1269688	8562.98438	3306429440994	-0.13722	0.58112	8562.91113	0.07324	11882	1	-0.08669	0.67678	1	-0.05957	0.58132	1	-0.07313	0.62905	1	0.46345	0.54075	11.73641	0.80266	1	0.72422	0.56201	11.93041	0.80266	1	-0.00378	-0.00726	0.49391	0.00265	1	0.05747	-0.01370	0.63662	0.00251	1	1.45898	0.81042	0	
1269689	8562.99121	3306429510835	-0.13229	0.58480	8562.91113	0.08008	11882	1	-0.08669	0.67678	1	-0.05957	0.58132	1	-0.07313	0.62905	1	0.46329	0.54074	11.71635	0.80266	1	0.72400	0.56213	12.20695	0.80266	1	-0.00378	-0.00726	0.49391	0.00260	1	0.05806	-0.01380	0.64320	0.00260	1	1.45898	0.81042	0	
1269690	8562.99805	3306429577763	-0.13105	0.58636	8562.91113	0.08691	11882	1	-0.13450	0.62333	1	-0.09532	0.58999	1	-0.11491	0.60666	1	0.46321	0.54088	11.69103	0.85112	1	0.72403	0.56224	12.31068	0.85112	1	-0.00378	-0.00726	0.49391	0.00267	1	0.05806	-0.01380	0.64320	0.00262	1	1.45898	0.81042	0	
1269691	8563.00488	3306429643435	-0.13226	0.58382	8562.91113	0.09375	11882	1	-0.16472	0.59037	1	-0.13392	0.50611	1	-0.14932	0.54824	1	0.46330	0.54072	11.62910	0.89957	1	0.72400	0.56198	11.95874	0.89957	1	-0.00378	-0.00726	0.49391	0.00266	1	0.05806	-0.01380	0.64320	0.00255	1	1.45898	0.81042	0	
1269692	8563.01172	3306429709256	-0.13548	0.57945	8562.91113	0.10059	11882	1	-0.20383	0.55688	1	-0.16368	0.47088	1	-0.18375	0.51388	1	0.46349	0.54050	12.02144	0.94803	1	0.72421	0.56167	12.38805	0.94803	1	-0.00378	-0.00726	0.49391	0.00270	1	0.05806	-0.01380	0.64320	0.00261	1	1.45898	0.81042	0	
1269693	8563.01855	3306429778725	-0.13682	0.58056	8562.91113	0.10742	11882	1	-0.18029	0.72976	1	-0.13631	0.46675	1	-0.15830	0.59825	1	0.46345	0.54092	8.06598	0.94803	1	0.72470	0.56144	12.44239	0.94803	1	-0.00378	-0.00726	0.49391	0.00172	1	0.05806	-0.01380	0.64320	0.00265	1	1.45898	0.81042	0	
1269694	8563.02539	3306429845300	-0.09863	0.65373	8562.91113	0.10742	11882	0	0.76364	2.44766	1	-0.20603	0.52611	1	0.27880	1.48688	1	0.49008	0.51714	9.60984	0.94803	1	0.72451	0.56176	11.54359	0.94803	1	-0.00378	-0.00726	0.49391	0.00292	1	0.05806	-0.01380	0.64320	0.00258	1	1.45898	0.81042	0	
1269695	8563.03223	3306429913542	-0.09863	0.65373	8562.91113	0.10742	11882	0	0.76364	2.44766	0	-0.20603	0.52611	0	0.27880	1.48688	0	0.49008	0.51714	9.60984	0.94803	0	0.72451	0.56176	11.54359	0.94803	0	-0.00378	-0.00726	0.49391	0.00292	1	0.05806	-0.01380	0.64320	0.00258	1	1.45898	0.81042	0	
1269696	8563.03809	3306429980734	-0.09863	0.65373	8562.91113	0.10742	11882	0	0.76364	2.44766	0	-0.20603	0.52611	0	0.27880	1.48688	0	0.49008	0.51714	9.60984	0.94803	0	0.72451	0.56176	11.54359	0.94803	0	-0.00378	-0.00726	0.49391	0.00292	1	0.05806	-0.01380	0.64320	0.00258	1	1.45898	0.81042	0	
1269697	8563.04492	3306430047368	0.00000	0.00000	8562.91113	0.10742	11882	0	0.76364	2.44766	0	-0.20603	0.52611	0	0.27880	1.48688	0	0.49008	0.51714	9.60984	0.94803	0	0.72451	0.56176	11.54359	0.94803	0	-0.00378	-0.00726	0.49391	0.00292	1	0.05806	-0.01380	0.64320	0.00258	1	1.45898	0.81042	0	
1269698	8563.05176	3306430113809	0.00000	0.00000	8562.91113	0.10742	11882	0	0.76364	2.44766	0	-0.20603	0.52611	0	0.27880	1.48688	0	0.49008	0.51714	9.60984	0.94803	0	0.72451	0.56176	11.54359	0.94803	0	-0.00378	-0.00726	0.49391	0.00292	1	0.05806	-0.01380	0.64320	0.00258	1	1.45898	0.81042	0	
1269699	8563.05859	3306430180652	0.00000	0.00000	8562.91113	0.10742	11882	0	0.76364	2.44766	0	-0.20603	0.52611	0	0.27880	1.48688	0	0.49008	0.51714	9.60984	0.94803	0	0.72451	0.56176	11.54359	0.94803	0	-0.00378	-0.00726	0.49391	0.00292	1	0.05806	-0.01380	0.64320	0.00258	1	1.45898	0.81042	0	
1269700	8563.06543	3306430247956	0.00000	0.00000	8562.91113	0.10742	11882	0	0.76364	2.44766	0	-0.20603	0.52611	0	0.27880	1.48688	0	0.49008	0.51714	9.60984	0.94803	0	0.72451	0.56176	11.54359	0.94803	0	-0.00378	-0.00726	0.49391	0.00292	1	0.05806	-0.01380	0.64320	0.00258	1	1.45898	0.81042	0	
1269701	8563.07227	3306430314519	0.00000	0.00000	8562.91113	0.10742	11882	0	0.76364	2.44766	0	-0.20603	0.52611	0	0.27880	1.48688	0	0.49008	0.51714	9.60984	0.94803	0	0.72451	0.56176	11.54359	0.94803	0	-0.00378	-0.00726	0.49391	0.00292	1	0.05806	-0.01380	0.64320	0.00258	1	1.45898	0.81042	0	
1269702	8563.07910	3306430381696	0.00000	0.00000	8562.91113	0.10742	11882	0	0.76364	2.44766	0	-0.20603	0.52611	0	0.27880	1.48688	0	0.49008	0.51714	9.60984	0.94803	0	0.72451	0.56176	11.54359	0.94803	0	-0.00378	-0.00726	0.49391	0.00292	1	0.05806	-0.01380	0.64320	0.00258	1	1.45898	0.81042	0	
1269703	8563.08496	3306430448595	0.00000	0.00000	8562.91113	0.10742	11882	0	0.76364	2.44766	0	-0.20603	0.52611	0	0.27880	1.48688	0	0.49008	0.51714	9.60984	0.94803	0	0.72451	0.56176	11.54359	0.94803	0	-0.00378	-0.00726	0.49391	0.00292	1	0.05806	-0.01380	0.64320	0.00258	1	1.45898	0.81042	0	
1269704	8563.09180	3306430515409	0.00000	0.00000	8562.91113	0.10742	11882	0	0.76364	2.44766	0	-0.20603	0.52611	0	0.27880	1.48688	0	0.49008	0.51714	9.60984	0.94803	0	0.72451	0.56176	11.54359	0.94803	0	-0.00378	-0.00726	0.49391	0.00292	1	0.05806	-0.01380	0.64320	0.00258	1	1.45898	0.81042	0	
1269705	8563.09863	3306430582482	0.00000	0.00000	8562.91113	0.10742	11882	0	0.76364	2.44766	0	-0.20603	0.52611	0	0.27880	1.48688	0	0.49008	0.51714	9.60984	0.94803	0	0.72451	0.56176	11.54359	0.94803	0	-0.00378	-0.00726	0.49391	0.00292	1	0.05806	-0.01380	0.64320	0.00258	1	1.45898	0.81042	0	
1269706	8563.10547	3306430648909	0.00000	0.00000	8562.91113	0.10742	11882	0	0.76364	2.44766	0	-0.20603	0.52611	0	0.27880	1.48688	0	0.49008	0.51714	9.60984	0.94803	0	0.72451	0.56176	11.54359	0.94803	0	-0.00378	-0.00726	0.49391	0.00292	1	0.05806	-0.01380	0.64320	0.00258	1	1.45898	0.81042	0	
1269707	8563.11230	3306430717011	0.00000	0.00000	8562.91113	0.10742	11882	0	0.76364	2.44766	0	-0.20603	0.52611	0	0.27880	1.48688	0	0.49008	0.51714	9.60984	0.94803	0	0.72451	0.56176	11.54359	0.94803	0	-0.00378	-0.00726	0.49391	0.00292	1	0.05806	-0.01380	0.64320	0.00258	1	1.45898	0.81042	0	
1269708	8563.11914	3306430783539	0.00000	0.00000	8562.91113	0.10742	11882	0	0.76364	2.44766	0	-0.20603	0.52611	0	0.27880	1.48688	0	0.49008	0.51714	9.60984	0.94803	0	0.72451	0.56176	11.54359	0.94803	0	-0.00378	-0.00726	0.49391	0.00292	1	0.05806	-0.01380	0.64320	0.00258	1	1.45898	0.81042	0	SUBJECT_ONSET_LOG
1269709	8563.12598	3306430850192	0.00000	0.00000	8562.91113	0.10742	11882	0	0.76364	2.44766	0	-0.20603	0.52611	0	0.27880	1.48688	0	0.49008	0.51714	9.60984	0.94803	0	0.72451	0.56176	11.54359	0.94803	0	-0.00378	-0.00726	0.49391	0.00292	1	0.05806	-0.01380	0.64320	0.00258	1	1.45898	0.81042	0	
1269710	8563.13184	3306430917954	0.00000	0.00000	8562.91113	0.10742	11882	0	0.76364	2.44766	0	-0.20603	0.52611	0	0.27880	1.48688	0	0.49008	0.51714	9.60984	0.94803	0	0.72451	0.56176	11.54359	0.94803	0	-0.00378	-0.00726	0.49391	0.00292	1	0.05806	-0.01380	0.64320	0.00258	1	1.45898	0.81042	0	
1269711	8563.13867	3306430984302	0.00000	0.00000	8562.91113	0.10742	11882	0	0.76364	2.44766	0	-0.20603	0.52611	0	0.27880	1.48688	0	0.49008	0.51714	9.60984	0.94803	0	0.72451	0.56176	11.54359	0.94803	0	-0.00378	-0.00726	0.49391	0.00292	1	0.05806	-0.01380	0.64320	0.00258	1	1.45898	0.81042	0	
1269712	8563.14551	3306431051624	0.00000	0.00000	8562.91113	0.10742	11882	0	0.76364	2.44766	0	-0.20603	0.52611	0	0.27880	1.48688	0	0.49008	0.51714	9.60984	0.94803	0	0.72451	0.56176	11.54359	0.94803	0	-0.00378	-0.00726	0.49391	0.00292	1	0.05806	-0.01380	0.64320	0.00258	1	1.45898	0.81042	0	AUDIO_FILE_ONSET_LOG
1269713	8563.15234	3306431117164	0.00000	0.00000	8562.91113	0.10742	11882	0	0.76364	2.44766	0	-0.20603	0.52611	0	0.27880	1.48688	0	0.49008	0.51714	9.60984	0.94803	0	0.72451	0.56176	11.54359	0.94803	0	-0.00378	-0.00726	0.49391	0.00292	1	0.05806	-0.01380	0.64320	0.00258	1	1.45898	0.81042	0	
1269714	8563.15918	3306431185223	0.00000	0.00000	8562.91113	0.10742	11882	0	0.76364	2.44766	0	-0.20603	0.52611	0	0.27880	1.48688	0	0.49008	0.51714	9.60984	0.94803	0	0.72451	0.56176	11.54359	0.94803	0	-0.00378	-0.00726	0.49391	0.00292	1	0.05806	-0.01380	0.64320	0.00258	1	1.45898	0.81042	0	
1269715	8563.16504	3306431250358	0.00000	0.00000	8562.91113	0.10742	11882	0	0.76364	2.44766	0	-0.20603	0.52611	0	0.27880	1.48688	0	0.49008	0.51714	9.60984	0.94803	0	0.72451	0.56176	11.54359	0.94803	0	-0.00378	-0.00726	0.49391	0.00292	1	0.05806	-0.01380	0.64320	0.00258	1	1.45898	0.81042	0	
1269716	8563.17285	3306431319796	0.00000	0.00000	8562.91113	0.10742	11882	0	0.76364	2.44766	0	-0.20603	0.52611	0	0.27880	1.48688	0	0.49008	0.51714	9.60984	0.94803	0	0.72451	0.56176	11.54359	0.94803	0	-0.00378	-0.00726	0.49391	0.00292	1	0.05806	-0.01380	0.64320	0.00258	1	1.45898	0.81042	0	
1269717	8563.17871	3306431386369	0.00000	0.00000	8562.91113	0.10742	11882	0	0.76364	2.44766	0	-0.20603	0.52611	0	0.27880	1.48688	0	0.49008	0.51714	9.60984	0.94803	0	0.72451	0.56176	11.54359	0.94803	0	-0.00378	-0.00726	0.49391	0.00292	1	0.05806	-0.01380	0.64320	0.00258	1	1.45898	0.81042	0	
1269718	8563.18555	3306431452195	0.00000	0.00000	8562.91113	0.10742	11882	0	0.76364	2.44766	0	-0.20603	0.52611	0	0.27880	1.48688	0	0.49008	0.51714	9.60984	0.94803	0	0.72451	0.56176	11.54359	0.94803	0	-0.00378	-0.00726	0.49391	0.00292	1	0.05806	-0.01380	0.64320	0.00258	1	1.45898	0.81042	0	
1269719	8563.19238	3306431519971	0.00000	0.00000	8562.91113	0.10742	11882	0	0.76364	2.44766	0	-0.20603	0.52611	0	0.27880	1.48688	0	0.49008	0.51714	9.60984	0.94803	0	0.72451	0.56176	11.54359	0.94803	0	-0.00378	-0.00726	0.49391	0.00292	1	0.05806	-0.01380	0.64320	0.00258	1	1.45898	0.81042	0	
1269720	8563.19922	3306431585862	0.23211	0.26763	8562.91113	0.10742	11882	0	0.49360	0.54449	1	0.43485	0.52602	1	0.46422	0.53526	1	0.48415	0.53691	12.68824	0.94803	1	0.74609	0.55962	13.18034	0.94803	1	-0.00378	-0.00726	0.49391	0.00369	1	0.05806	-0.01380	0.64320	0.00366	1	1.45898	0.81042	0	
1269721	8563.20605	3306431654328	0.46635	0.53890	8562.91113	0.10742	11882	0	0.50309	0.55813	1	0.43385	0.52697	1	0.46847	0.54255	1	0.48429	0.53661	12.63935	0.94803	1	0.74611	0.55951	13.13899	0.94803	1	-0.00378	-0.00726	0.49391	0.00374	1	0.05806	-0.01380	0.64320	0.00368	1	1.45898	0.81042	0	
1269722	8563.21289	3306431721186	0.46656	0.53125	8562.91113	0.10742	11882	0	0.49973	0.54222	1	0.43382	0.50497	1	0.46678	0.52360	1	0.48441	0.53618	12.54778	0.97226	1	0.74615	0.55958	13.10907	0.97907	1	-0.00363	-0.00969	0.70188	0.00367	1	0.06212	-0.01375	0.65696	0.00361	1	1.45898	0.81042	0	
1269723	8563.21973	3306431788127	0.46195	0.52132	8562.91113	0.10742	11882	0	0.46882	0.51023	1	0.43661	0.49268	1	0.45271	0.50145	1	0.48438	0.53634	12.58959	1.00329	1	0.74617	0.55960	12.89382	1.01010	1	-0.00363	-0.00969	0.70188	0.00360	1	0.06212	-0.01375	0.65696	0.00367	1	1.45898	0.81042	0	
1269724	8563.22559	3306431854887	0.45939	0.50791	8563.20605	0.01953	11883	1	0.46492	0.47919	1	0.43850	0.45619	1	0.45171	0.46769	1	0.48424	0.53642	12.64705	1.03433	1	0.74613	0.55970	12.81972	1.04114	1	-0.00363	-0.00969	0.70188	0.00372	1	0.06212	-0.01375	0.65696	0.00361	1	1.45898	0.81042	0	
1269725	8563.23242	3306431921883	0.45751	0.49626	8563.20605	0.02637	11883	1	0.46143	0.46427	1	0.43860	0.43506	1	0.45002	0.44966	1	0.48436	0.53667	12.79490	1.05628	1	0.74613	0.55955	12.77719	1.07075	1	-0.00348	-0.00941	0.68201	0.00357	1	0.06486	-0.01434	0.68546	0.00367	1	1.45898	0.81042	0	
1269726	8563.23926	3306431989185	0.45631	0.48956	8563.20605	0.03320	11883	1	0.46040	0.50140	1	0.44025	0.41074	1	0.45032	0.45607	1	0.48435	0.53676	12.80221	1.06166	1	0.74626	0.55929	12.94781	1.06932	1	-0.00348	-0.00941	0.68201	0.00359	1	0.06486	-0.01434	0.68546	0.00373	1	1.45898	0.81042	0	
1269727	8563.24609	3306432055591	0.45645	0.48095	8563.20605	0.04004	11883	1	0.47035	0.47224	1	0.44414	0.38627	1	0.45724	0.42926	1	0.48453	0.53661	13.23843	1.06024	1	0.74619	0.55899	12.91053	1.06790	1	-0.00348	-0.00941	0.68201	0.00352	1	0.06486	-0.01434	0.68546	0.00390	1	1.45898	0.81042	0	
1269728	8563.25293	3306432123227	0.45648	0.47380	8563.20605	0.04688	11883	1	0.46920	0.46711	1	0.44420	0.38045	1	0.45670	0.42378	1	0.48448	0.53638	12.86174	1.06790	1	0.74611	0.55910	12.96711	1.07556	1	-0.00363	-0.00963	0.70188	0.00363	1	0.06649	-0.01465	0.70259	0.00387	1	1.45898	0.81042	0	
1269729	8563.25977	3306432190248	0.45546	0.46883	8563.20605	0.05371	11883	1	0.46228	0.44394	1	0.43227	0.41425	1	0.44727	0.42910	1	0.48449	0.53614	12.84759	1.08464	1	0.74605	0.55935	13.22530	1.08464	1	-0.00363	-0.00963	0.70188	0.00367	1	0.06649	-0.01465	0.70259	0.00383	1	1.45898	0.81042	0	
1269730	8563.26660	3306432257039	0.45320	0.46309	8563.20605	0.06055	11883	1	0.44384	0.40770	1	0.42207	0.41498	1	0.43295	0.41134	1	0.48428	0.53615	12.50232	1.09373	1	0.74596	0.55965	13.48355	1.09373	1	-0.00363	-0.00963	0.70188	0.00359	1	0.06649	-0.01465	0.70259	0.00362	1	1.45898	0.81042	0	
1269731	8563.27246	3306432322662	0.45129	0.45779	8563.20605	0.06641	11883	1	0.44233	0.40125	1	0.42197	0.40848	1	0.43215	0.40487	1	0.48441	0.53626	12.86163	1.10281	1	0.74589	0.55958	13.01673	1.10281	1	-0.00350	-0.00947	0.69725	0.00356	1	0.06649	-0.01465	0.70259	0.00374	1	1.45898	0.81042	0	
1269732	8563.27930	3306432391229	0.45114	0.45425	8563.20605	0.07324	11883	1	0.48105	0.38327	1	0.41782	0.44726	1	0.44943	0.41527	1	0.48479	0.53597	13.24791	1.10281	1	0.74586	0.55949	13.15521	1.10281	1	-0.00350	-0.00947	0.69725	0.00358	1	0.06649	-0.01465	0.70259	0.00362	1	1.45898	0.81042	0	
1269733	8563.28613	3306432457985	0.45047	0.45250	8563.20605	0.08008	11883	1	0.47132	0.40831	1	0.41376	0.45483	1	0.44254	0.43157	1	0.48455	0.53597	12.98459	1.10281	1	0.74586	0.55952	13.19162	1.10281	1	-0.00350	-0.00947	0.69725	0.00364	1	0.06649	-0.01465	0.70259	0.00360	1	1.45898	0.81042	0	
1269734	8563.29297	3306432525003	0.44996	0.45146	8563.20605	0.08691	11883	1	0.47262	0.41469	1	0.41392	0.46095	1	0.44327	0.43782	1	0.48497	0.53579	11.91908	1.09373	1	0.74586	0.55954	13.16969	1.09373	1	-0.00339	-0.00936	0.68566	0.00378	1	0.06435	-0.01416	0.67891	0.00365	1	1.45898	0.81042	0	
1269735	8563.29980	3306432592403	0.45024	0.44783	8563.20605	0.09375	11883	1	0.48766	0.39388	1	0.42055	0.40040	1	0.45410	0.39714	1	0.48490	0.53566	12.27958	1.08464	1	0.74626	0.55941	13.97642	1.08464	1	-0.00339	-0.00936	0.68566	0.00368	1	0.06435	-0.01416	0.67891	0.00358	1	1.45898	0.81042	0	
1269736	8563.30664	3306432658889	0.44974	0.44981	8563.20605	0.10059	11883	1	0.47759	0.48294	1	0.40697	0.47586	1	0.44228	0.47940	1	0.48507	0.53616	12.65935	1.07556	1	0.74649	0.55947	13.50635	1.07556	1	-0.00339	-0.00936	0.68566	0.00367	1	0.06435	-0.01416	0.67891	0.00353	1	1.45898	0.81042	0	
1269737	8563.31348	3306432726023	0.44935	0.45190	8563.20605	0.10742	11883	1	0.47889	0.48884	1	0.40720	0.48195	1	0.44305	0.48539	1	0.48499	0.53594	12.42593	1.06647	1	0.74665	0.55929	13.32449	1.06647	1	-0.00339	-0.00936	0.68566	0.00386	1	0.06452	-0.01414	0.68071	0.00350	1	1.45898	0.81042	0	
1269738	8563.31934	3306432792244	0.44881	0.45248	8563.20605	0.11328	11883	1	0.45141	0.53160	1	0.42799	0.39311	1	0.43970	0.46235	1	0.48499	0.53594	12.42593	1.06647	1	0.74675	0.55905	13.70879	1.06647	1	-0.00339	-0.00936	0.68566	0.00385	1	0.06452	-0.01414	0.68071	0.00336	1	1.45898	0.81042	0	
1269739	8563.32617	3306432858218	0.44855	0.45059	8563.20605	0.12012	11883	1	0.45322	0.40488	1	0.43474	0.42834	1	0.44398	0.41661	1	0.48509	0.53532	12.42485	1.06647	1	0.74691	0.55892	13.43860	1.06647	1	-0.00339	-0.00936	0.68566	0.00373	1	0.06452	-0.01414	0.68071	0.00354	1	1.45898	0.81042	0	
1269740	8563.33301	3306432923336	0.44833	0.44874	8563.20605	0.12695	11883	1	0.45322	0.40488	1	0.43474	0.42207	1	0.44398	0.41347	1	0.48619	0.53505	13.21653	1.06647	1	0.74743	0.55866	13.44394	1.07515	1	-0.00315	-0.00905	0.67757	0.00381	1	0.06558	-0.01424	0.69033	0.00378	1	1.45898	0.81042	0	
1269741	8563.33984	3306432991719	0.45004	0.44360	8563.20605	0.13379	11883	1	0.50417	0.35888	1	0.46444	0.32273	1	0.48431	0.34080	1	0.48679	0.53420	12.60470	1.07515	1	0.74803	0.55810	13.90577	1.08383	1	-0.00315	-0.00905	0.67757	0.00351	1	0.06558	-0.01424	0.69033	0.00381	1	1.45898	0.81042	0	
1269742	8563.34668	3306433058744	0.45086	0.44107	8563.20605	0.14062	11883	1	0.47460	0.41621	1	0.46140	0.35980	1	0.46800	0.38800	1	0.48679	0.53459	13.13395	1.08383	1	0.74806	0.55733	14.05439	1.09251	1	-0.00315	-0.00905	0.67757	0.00365	1	0.06558	-0.01424	0.69033	0.00359	1	1.45898	0.81042	0	
1269743	8563.35254	3306433125070	0.45157	0.43863	8563.20605	0.14648	11883	1	0.47335	0.41007	1	0.46140	0.35980	1	0.46738	0.38493	1	0.48780	0.53385	13.17960	1.09251	1	0.74819	0.55712	13.18039	1.09251	1	-0.00291	-0.00887	0.66839	0.00365	1	0.06556	-0.01404	0.68848	0.00402	1	1.45898	0.81042	0	
1269744	8563.35938	3306433192672	0.45388	0.43418	8563.20605	0.15332	11883	1	0.53358	0.32432	1	0.48031	0.33956	1	0.50695	0.33194	1	0.48764	0.53381	13.05740	1.09251	1	0.74824	0.55689	13.02910	1.08383	1	-0.00291	-0.00887	0.66839	0.00370	1	0.06556	-0.01404	0.68848	0.00377	1	1.45898	0.81042	0	
1269745	8563.36621	3306433257495	0.45594	0.43045	8563.20605	0.16016	11883	1	0.54171	0.31421	1	0.46880	0.36732	1	0.50526	0.34076	1	0.48783	0.53366	13.16683	1.08383	1	0.74818	0.55752	13.24906	1.07515	1	-0.00291	-0.00887	0.66839	0.00370	1	0.06556	-0.01404	0.68848	0.00399	1	1.45898	0.81042	0	
1269746	8563.37305	3306433327298	0.46705	0.39875	8563.20605	0.16016	11883	0	0.54248	0.32113	1	0.46880	0.36732	1	0.50564	0.34423	1	0.48767	0.53376	12.90786	1.07515	1	0.74820	0.55727	13.34958	1.07515	1	-0.00291	-0.00887	0.66839	0.00376	1	0.06629	-0.01419	0.69557	0.00403	1	1.45898	0.81042	0	
1269747	8563.37988	3306433394925	0.49563	0.36935	8563.20605	0.16016	11883	0	0.54333	0.33321	1	0.50510	0.34667	1	0.52421	0.33994	1	0.48775	0.53373	13.21060	1.07515	1	0.74874	0.55752	14.12326	1.08383	1	-0.00291	-0.00887	0.66839	0.00371	1	0.06629	-0.01419	0.69557	0.00400	1	1.45898	0.81042	0	
1269748	8563.38672	3306433457996	0.50194	0.36246	8563.20605	0.16016	11883	0	0.54437	0.33014	1	0.48477	0.36721	1	0.51457	0.34868	1	0.48788	0.53379	13.15365	1.08383	1	0.74843	0.55739	13.20923	1.09251	1	-0.00291	-0.00887	0.66839	0.00374	1	0.06629	-0.01419	0.69557	0.00406	1	1.45898	0.81042	0	
1269749	8563.39355	3306433527813	0.50505	0.35733	8563.37305	0.02051	11884	1	0.54362	0.32334	1	0.48516	0.36057	1	0.51439	0.34196	1	0.48728	0.53388	12.67777	1.09251	1	0.74858	0.55770	14.31375	1.10119	1	-0.00291	-0.00887	0.66839	0.00364	1	0.06629	-0.01419	0.69557	0.00390	1	1.45898	0.81042	0	
1269750	8563.40039	3306433596632	0.50685	0.34900	8563.37305	0.02734	11884	1	0.52592	0.33094	1	0.50215	0.30041	1	0.51404	0.31568	1	0.48760	0.53387	13.21723	1.10119	1	0.74864	0.55738	14.15850	1.10119	1	-0.00291	-0.00887	0.66839	0.00362	1	0.06629	-0.01419	0.69557	0.00406	1	1.45898	0.81042	0	
1269751	8563.40723	3306433663364	0.50906	0.34735	8563.37305	0.03418	11884	1	0.54153	0.33827	1	0.49874	0.33995	1	0.52013	0.33911	1	0.48776	0.53381	13.29843	1.10119	1	0.74865	0.55768	14.18749	1.10119	1	-0.00291	-0.00887	0.66839	0.00366	1	0.06629	-0.01419	0.69557	0.00390	1	1.45898	0.81042	0	
1269752	8563.41406	3306433731083	0.51065	0.34617	8563.37305	0.04102	11884	1	0.54153	0.33827	1	0.49874	0.33995	1	0.52013	0.33911	1	0.48731	0.53385	12.45965	1.10119	1	0.74818	0.55771	13.29893	1.10119	1	-0.00291	-0.00882	0.66839	0.00366	1	0.06629	-0.01419	0.69557	0.00390	1	1.45898	0.81042	0	
1269753	8563.41992	3306433798905	0.50969	0.34238	8563.37305	0.04688	11884	1	0.52082	0.30203	1	0.48512	0.32959	1	0.50297	0.31581	1	0.48761	0.53383	12.93010	1.10119	1	0.74842	0.55768	13.79229	1.10119	1	-0.00291	-0.00882	0.66839	0.00368	1	0.06629	-0.01419	0.69557	0.00388	1	1.45898	0.81042	0	
1269754	8563.42676	3306433864966	0.50952	0.34317	8563.37305	0.05371	11884	1	0.53528	0.33382	1	0.48106	0.36517	1	0.50817	0.34950	1	0.48763	0.53385	12.99232	1.10119	1	0.74837	0.55763	13.84534	1.10119	1	-0.00291	-0.00882	0.66839	0.00365	1	0.06629	-0.01419	0.69557	0.00389	1	1.45898	0.81042	0	
1269755	8563.43359	3306433931466	0.50938	0.34380	8563.37305	0.06055	11884	1	0.53528	0.33382	1	0.48106	0.36517	1	0.50817	0.34950	1	0.48748	0.53400	12.73113	1.10119	1	0.74829	0.55782	13.03139	1.10119	1	-0.00291	-0.00892	0.66839	0.00360	1	0.06629	-0.01419	0.69557	0.00389	1	1.45898	0.81042	0	
1269756	8563.44043	3306433997814	0.50839	0.33821	8563.37305	0.06738	11884	1	0.50772	0.28866	1	0.48920	0.27583	1	0.49846	0.28225	1	0.48732	0.53333	12.37276	1.10119	1	0.74842	0.55704	13.71141	1.10119	1	-0.00291	-0.00892	0.66839	0.00390	1	0.06629	-0.01419	0.69557	0.00427	1	1.45898	0.81042	0	
1269757	8563.44727	3306434065470	0.50762	0.33433	8563.37305	0.07422	11884	1	0.51200	0.30013	1	0.48627	0.28329	1	0.49913	0.29171	1	0.48739	0.53375	12.55471	1.10119	1	0.74839	0.55770	13.79492	1.10119	1	-0.00291	-0.00892	0.66839	0.00369	1	0.06629	-0.01419	0.69557	0.00391	1	1.45898	0.81042	0	
1269758	8563.45410	3306434132522	0.50697	0.33105	8563.37305	0.08105	11884	1	0.51200	0.30013	1	0.48627	0.28329	1	0.49913	0.29171	1	0.48737	0.53367	12.50463	1.10119	1	0.74855	0.55786	13.95973	1.10119	1	-0.00291	-0.00892	0.66839	0.00373	1	0.06740	-0.01448	0.70726	0.00385	1	1.45898	0.81042	0	
1269759	8563.45996	3306434199165	0.50597	0.32776	8563.37305	0.08691	11884	1	0.50498	0.29890	1	0.48112	0.27107	1	0.49305	0.28498	1	0.48735	0.53367	12.44332	1.10119	1	0.74836	0.55773	13.04903	1.10119	1	-0.00291	-0.00892	0.66839	0.00374	1	0.06740	-0.01448	0.70726	0.00382	1	1.45898	0.81042	0	
1269760	8563.46680	3306434263849	0.50536	0.32421	8563.37305	0.09375	11884	1	0.50727	0.32530	1	0.48634	0.22371	1	0.49681	0.27450	1	0.48730	0.53379	12.56829	1.10119	1	0.74842	0.55697	12.86569	1.10119	1	-0.00291	-0.00892	0.66839	0.00373	1	0.06740	-0.01448	0.70726	0.00421	1	1.45898	0.81042	0	
1269761	8563.47363	3306434333323	0.50481	0.32135	8563.37305	0.10059	11884	1	0.50727	0.32530	1	0.48594	0.23142	1	0.49661	0.27836	1	0.48737	0.53396	12.60712	1.10119	1	0.74823	0.55758	13.04858	1.09251	1	-0.00291	-0.00892	0.66839	0.00369	1	0.06556	-0.01415	0.68848	0.00405	1	1.45898	0.81042	0	
1269762	8563.48047	3306434401017	0.50468	0.31838	8563.37305	0.10742	11884	1	0.51943	0.32220	1	0.48576	0.21965	1	0.50260	0.27092	1	0.48748	0.53398	12.41164	1.09251	1	0.74839	0.55685	12.79149	1.08383	1	-0.00291	-0.00892	0.66839	0.00384	1	0.06556	-0.01415	0.68848	0.00422	1	1.45898	0.81042	0	
1269763	8563.48730	3306434467202	0.50410	0.31970	8563.37305	0.11426	11884	1	0.50246	0.35067	1	0.48602	0.33379	1	0.49424	0.34223	1	0.48714	0.53379	12.13867	1.08383	1	0.74845	0.55791	13.12299	1.07515	1	-0.00291	-0.00892	0.66839	0.00380	1	0.06556	-0.01415	0.68848	0.00377	1	1.45898	0.81042	0	
1269764	8563.49414	3306434535120	0.50357	0.32104	8563.37305	0.12109	11884	1	0.50241	0.35036	1	0.48568	0.33965	1	0.49405	0.34501	1	0.48729	0.53421	12.67840	1.08424	1	0.74799	0.55773	13.47001	1.06790	1	-0.00310	-0.00936	0.70095	0.00366	1	0.06254	-0.01341	0.65725	0.00400	1	1.45898	0.81042	0	
1269765	8563.50098	3306434600459	0.50283	0.32221	8563.37305	0.12793	11884	1	0.53305	0.32108	1	0.44449	0.36778	1	0.48877	0.34443	1	0.48765	0.53363	12.29183	1.07698	1	0.74781	0.55744	13.91559	1.06932	1	-0.00310	-0.00936	0.70095	0.00374	1	0.06254	-0.01341	0.65725	0.00395	1	1.45898	0.81042	0	
1269766	8563.50684	3306434666407	0.50218	0.32322	8563.37305	0.13379	11884	1	0.50995	0.33164	1	0.46824	0.35540	1	0.48909	0.34352	1	0.48731	0.53385	12.45965	1.07841	1	0.74816	0.55710	13.13425	1.07075	1	-0.00310	-0.00936	0.70095	0.00366	1	0.06254	-0.01341	0.65725	0.00400	1	1.45898	0.81042	0	
1269767	8563.51367	3306434734766	0.50160	0.32428	8563.37305	0.14062	11884	1	0.51082	0.33768	1	0.46824	0.35540	1	0.48953	0.34654	1	0.48733	0.53252	11.98099	1.07075	1	0.74809	0.55698	13.27651	1.07075	1	-0.00291	-0.00892	0.66839	0.00390	1	0.06380	-0.01369	0.67107	0.00402	1	1.45898	0.81042	0	
1269768	8563.52051	3306434803111	0.50086	0.32421	8563.37305	0.14746	11884	1	0.51834	0.30022	1	0.45075	0.34515	1	0.48455	0.32269	1	0.48742	0.53288	12.03259	1.06166	1	0.74789	0.55736	13.77194	1.06932	1	-0.00291	-0.00892	0.66839	0.00380	1	0.06380	-0.01369	0.67107	0.00406	1	1.45898	0.81042	0	
1269769	8563.52734	3306434870279	0.49990	0.32424	8563.37305	0.15430	11884	1	0.51413	0.31108	1	0.44143	0.33858	1	0.47778	0.32483	1	0.48746	0.53324	12.12221	1.06024	1	0.74777	0.55747	13.90397	1.06790	1	-0.00291	-0.00892	0.66839	0.00361	1	0.06380	-0.01369	0.67107	0.00406	1	1.45898	0.81042	0	
1269770	8563.53418	3306434936419	0.49902	0.32417	8563.37305	0.16113	11884	1	0.51429	0.31225	1	0.44147	0.33273	1	0.47788	0.32249	1	0.48782	0.53388	12.68725	1.05881	1	0.74780	0.55756	13.94072	1.07515	1	-0.00308	-0.00914	0.68471	0.00374	1	0.06558	-0.01408	0.69033	0.00404	1	1.45898	0.81042	0	
1269771	8563.54102	3306435000501	0.49908	0.32315	8563.37305	0.16797	11884	1	0.53365	0.28916	1	0.46769	0.30611	1	0.50067	0.29763	1	0.48725	0.53332	12.47170	1.07515	1	0.74811	0.55717	13.27996	1.08383	1	-0.00308	-0.00914	0.68471	0.00360	1	0.06558	-0.01408	0.69033	0.00409	1	1.45898	0.81042	0	
1269772	8563.54688	3306435067862	0.49915	0.32258	8563.37305	0.17383	11884	1	0.53808	0.32311	1	0.46385	0.29258	1	0.50096	0.30785	1	0.48742	0.53369	12.48437	1.08383	1	0.74807	0.55735	13.36233	1.09251	1	-0.00308	-0.00914	0.68471	0.00364	1	0.06558	-0.01408	0.69033	0.00402	1	1.45898	0.81042	0	
1269773	8563.55371	3306435133720	0.49920	0.32154	8563.37305	0.18066	11884	1	0.53645	0.30908	1	0.46431	0.27782	1	0.50038	0.29345	1	0.48741	0.53333	11.98409	1.10160	1	0.74791	0.55720	12.37765	1.11028	1	-0.00310	-0.00936	0.70095	0.00364	1	0.06558	-0.01408	0.69033	0.00413	1	1.45898	0.81042	0	
1269774	8563.56055	3306435201264	0.49937	0.31953	8563.37305	0.18750	11884	1	0.53437	0.28348	1	0.47380	0.24302	1	0.50409	0.26325	1	0.48744	0.53352	12.02404	1.11936	1	0.74817	0.55707	12.16417	1.11936	1	-0.00310	-0.00936	0.70095	0.00367	1	0.06558	-0.01408	0.69033	0.00413	1	1.45898	0.81042	0	
1269775	8563.56738	3306435266738	0.49949	0.31786	8563.37305	0.19434	11884	1	0.53639	0.28922	1	0.46972	0.24938	1	0.50305	0.26930	1	0.48745	0.53382	12.05162	1.12845	1	0.74815	0.55742	13.23901	1.12845	1	-0.00310	-0.00936	0.70095	0.00384	1	0.06558	-0.01408	0.69033	0.00401	1	1.45898	0.81042	0	
1269776	8563.57422	3306435333496	0.49960	0.31641	8563.37305	0.20117	11884	1	0.53639	0.28922	1	0.46946	0.25670	1	0.50292	0.27296	1	0.48760	0.53403	11.98806	1.12845	1	0.74820	0.55762	13.13528	1.11977	1	-0.00308	-0.00914	0.68471	0.00394	1	0.06380	-0.01369	0.67107	0.00397	1	1.45898	0.81042	0	
1269777	8563.58105	3306435405891	0.50013	0.31635	8563.37305	0.20801	11884	1	0.55872	0.34676	1	0.47431	0.28235	1	0.51652	0.31455	1	0.48765	0.53411	12.30389	1.11068	1	0.74822	0.55772	13.20256	1.10200	1	-0.00308	-0.00914	0.68471	0.00383	1	0.06380	-0.01369	0.67107	0.00390	1	1.45898	0.81042	0	
1269778	8563.58789	3306435472136	0.50024	0.31657	8563.37305	0.21484	11884	1	0.55109	0.33039	1	0.45661	0.31659	1	0.50385	0.32349	1	0.48763	0.53376	12.04782	1.09292	1	0.74795	0.55784	13.38635	1.08424	1	-0.00308	-0.00914	0.68471	0.00420	1	0.06380	-0.01369	0.67107	0.00389	1	1.45898	0.81042	0	
1269779	8563.59473	3306435538782	0.50035	0.31697	8563.37305	0.22168	11884	1	0.55179	0.33713	1	0.45644	0.32366	1	0.50411	0.33040	1	0.48763	0.53401	12.11940	1.08424	1	0.74786	0.55792	13.41942	1.07556	1	-0.00310	-0.00936	0.70095	0.00394	1	0.06380	-0.01369	0.67107	0.00388	1	1.45898	0.81042	0	
1269780	8563.60059	3306435605675	0.50079	0.31658	8563.37305	0.22754	11884	1	0.55800	0.32654	1	0.47335	0.28025	1	0.51567	0.30340	1	0.48771	0.53405	12.33401	1.08464	1	0.74820	0.55764	13.23102	1.08464	1	-0.00310	-0.00936	0.70095	0.00390	1	0.06380	-0.01369	0.67107	0.00384	1	1.45898	0.81042	0	
1269781	8563.60742	3306435673727	0.50153	0.31640	8563.37305	0.23438	11884	1	0.57637	0.35793	1	0.47826	0.26178	1	0.52731	0.30985	1	0.48756	0.53413	12.15960	1.09373	1	0.74831	0.55753	12.93174	1.09373	1	-0.00310	-0.00936	0.70095	0.00383	1	0.06380	-0.01369	0.67107	0.00387	1	1.45898	0.81042	0	
1269782	8563.61426	3306435740035	0.50223	0.31612	8563.37305	0.24121	11884	1	0.57637	0.35793	1	0.47860	0.25431	1	0.52748	0.30612	1	0.48705	0.53163	12.40302	1.09373	1	0.74826	0.55756	12.80486	1.10241	1	-0.00308	-0.00914	0.68471	0.00249	1	0.06558	-0.01408	0.69033	0.00386	1	1.45898	0.81042	0	
1269783	8563.62109	3306435807063	0.50270	0.31615	8563.37305	0.24805	11884	1	0.55423	0.32340	1	0.48577	0.31144	1	0.52000	0.31742	1	0.48722	0.53400	12.75079	1.09332	1	0.74835	0.55791	13.01278	1.10200	1	-0.00308	-0.00914	0.68471	0.00355	1	0.06558	-0.01408	0.69033	0.00385	1	1.45898	0.81042	0	
1269784	8563.62793	3306435873562	0.50287	0.31622	8563.37305	0.25488	11884	1	0.54728	0.31938	1	0.47130	0.31838	1	0.50929	0.31888	1	0.48715	0.53367	11.96138	1.09292	1	0.74816	0.55814	13.09296	1.10160	1	-0.00308	-0.00914	0.68471	0.00364	1	0.06558	-0.01408	0.69033	0.00389	1	1.45898	0.81042	0	
1269785	8563.63477	3306435941008	0.50302	0.31639	8563.37305	0.26172	11884	1	0.54731	0.31969	1	0.47101	0.32566	1	0.50916	0.32268	1	0.48714	0.53354	11.80984	1.09251	1	0.74787	0.55786	12.76997	1.09251	1	-0.00308	-0.00914	0.68471	0.00357	1	0.06380	-0.01369	0.67107	0.00392	1	1.45898	0.81042	0	
1269786	8563.64160	3306436008138	0.50358	0.31631	8563.37305	0.26855	11884	1	0.56373	0.33533	1	0.48752	0.29139	1	0.52562	0.31336	1	0.48738	0.53390	12.17859	1.09251	1	0.74769	0.55768	12.71015	1.08383	1	-0.00308	-0.00914	0.68471	0.00367	1	0.06380	-0.01369	0.67107	0.00377	1	1.45898	0.81042	0	
1269787	8563.64844	3306436074942	0.50390	0.31550	8563.37305	0.27539	11884	1	0.53883	0.27254	1	0.49518	0.29173	1	0.51701	0.28213	1	0.48696	0.53328	11.72104	1.08383	1	0.74785	0.55710	12.53329	1.07515	1	-0.00308	-0.00914	0.68471	0.00360	1	0.06380	-0.01369	0.67107	0.00383	1	1.45898	0.81042	0	
1269788	8563.65430	3306436142048	0.50420	0.31489	8563.37305	0.28125	11884	1	0.53962	0.27980	1	0.49471	0.29909	1	0.51716	0.28944	1	0.48664	0.53322	11.80185	1.07515	1	0.74785	0.55743	12.54819	1.06647	1	-0.00315	-0.00905	0.67757	0.00362	1	0.06421	-0.01380	0.67644	0.00383	1	1.45898	0.81042	0	
1269789	8563.66113	3306436208489	0.50412	0.31270	8563.37305	0.28809	11884	1	0.49955	0.13747	1	0.50176	0.29941	1	0.50066	0.21844	1	0.48661	0.53157	12.14616	1.06647	1	0.74789	0.55723	12.42564	1.06647	1	-0.00315	-0.00905	0.67757	0.00242	1	0.06421	-0.01380	0.67644	0.00377	1	1.45898	0.81042	0	
1269790	8563.66797	3306436275938	0.50417	0.31082	8563.37305	0.29492	11884	1	0.51361	0.15992	1	0.49883	0.29664	1	0.50622	0.22828	1	0.48667	0.53148	12.10596	1.06647	1	0.74789	0.55721	12.35968	1.06647	1	-0.00315	-0.00905	0.67757	0.00237	1	0.06421	-0.01380	0.67644	0.00383	1	1.45898	0.81042	0	
1269791	8563.67480	3306436342874	0.51515	0.28652	8563.37305	0.29492	11884	0	0.51361	0.15992	1	0.49883	0.29664	1	0.50622	0.22828	1	0.48642	0.53164	11.78866	1.06647	1	0.74768	0.55734	13.10842	1.06647	1	-0.00315	-0.00905	0.67757	0.00244	1	0.06421	-0.01380	0.67644	0.00387	1	1.45898	0.81042	0	
1269792	8563.68164	3306436408580	0.50144	0.26522	8563.37305	0.29492	11884	0	0.49835	0.16374	1	0.47711	0.32411	1	0.48773	0.24393	1	0.48647	0.53163	12.11758	1.06647	1	0.74750	0.55741	13.01662	1.06647	1	-0.00315	-0.00905	0.67757	0.00241	1	0.06421	-0.01380	0.67644	0.00391	1	1.45898	0.81042	0	
1269793	8563.68848	3306436477447	0.49650	0.26458	8563.37305	0.29492	11884	0	0.48652	0.16480	1	0.48671	0.36179	1	0.48661	0.26329	1	0.48640	0.53155	11.76338	1.06647	1	0.74774	0.55749	12.32983	1.06647	1	-0.00315	-0.00905	0.67757	0.00246	1	0.06421	-0.01380	0.67644	0.00394	1	1.45898	0.81042	0	
1269794	8563.69434	3306436542814	0.49393	0.26228	8563.67480	0.01953	11885	1	0.48531	0.15613	1	0.48714	0.35462	1	0.48622	0.25537	1	0.48632	0.53170	12.34029	1.07556	1	0.74693	0.55755	12.36208	1.07556	1	-0.00330	-0.00933	0.69851	0.00241	1	0.06421	-0.01380	0.67644	0.00405	1	1.45898	0.81042	0	
1269795	8563.70117	3306436610989	0.48976	0.25456	8563.67480	0.02637	11885	1	0.50833	0.11491	1	0.43784	0.33248	1	0.47309	0.22370	1	0.48626	0.53183	12.10015	1.08464	1	0.74688	0.55755	12.32137	1.08464	1	-0.00330	-0.00933	0.69851	0.00244	1	0.06421	-0.01380	0.67644	0.00410	1	1.45898	0.81042	0	
1269796	8563.70801	3306436678212	0.48837	0.24694	8563.67480	0.03320	11885	1	0.50651	0.10667	1	0.45633	0.31096	1	0.48142	0.20881	1	0.48626	0.53174	12.28281	1.09373	1	0.74718	0.55758	13.00006	1.09373	1	-0.00330	-0.00933	0.69851	0.00242	1	0.06421	-0.01380	0.67644	0.00395	1	1.45898	0.81042	0	
1269797	8563.71484	3306436744748	0.48739	0.24099	8563.67480	0.04004	11885	1	0.50651	0.10667	1	0.45650	0.30390	1	0.48150	0.20529	1	0.48612	0.53173	12.21125	1.09373	1	0.74708	0.55757	12.15668	1.10241	1	-0.00328	-0.00913	0.68409	0.00238	1	0.06580	-0.01417	0.69479	0.00400	1	1.45898	0.81042	0	
1269798	8563.72168	3306436810564	0.48863	0.23492	8563.67480	0.04688	11885	1	0.52631	0.12300	1	0.46828	0.26182	1	0.49729	0.19241	1	0.48605	0.53169	12.21932	1.09332	1	0.74694	0.55686	12.28252	1.10200	1	-0.00328	-0.00913	0.68409	0.00249	1	0.06580	-0.01417	0.69479	0.00393	1	1.45898	0.81042	0	
1269799	8563.72754	3306436873830	0.49046	0.22562	8563.67480	0.05273	11885	1	0.50774	0.10061	1	0.50245	0.20194	1	0.50510	0.15128	1	0.48601	0.53162	12.02977	1.09292	1	0.74705	0.55644	11.95040	1.10160	1	-0.00328	-0.00913	0.68409	0.00248	1	0.06580	-0.01417	0.69479	0.00413	1	1.45898	0.81042	0	
1269800	8563.73438	3306436943381	0.49192	0.21823	8563.67480	0.05957	11885	1	0.50779	0.10101	1	0.50243	0.20231	1	0.50511	0.15166	1	0.48600	0.53159	11.92386	1.09251	1	0.74690	0.55655	12.12889	1.10119	1	-0.00328	-0.00913	0.68409	0.00249	1	0.06580	-0.01417	0.69479	0.00410	1	1.45898	0.81042	0	
1269801	8563.74121	3306437010891	0.49174	0.21178	8563.67480	0.06641	11885	1	0.50712	0.10318	1	0.47266	0.19155	1	0.48989	0.14737	1	0.48586	0.53145	11.81702	1.10119	1	0.74696	0.55619	12.12594	1.10119	1	-0.00328	-0.00913	0.68409	0.00242	1	0.06580	-0.01417	0.69479	0.00399	1	1.45898	0.81042	0	
1269802	8563.74805	3306437077676	0.49268	0.20712	8563.67480	0.07324	11885	1	0.50951	0.07465	1	0.49648	0.23697	1	0.50300	0.15581	1	0.48594	0.53161	11.38309	1.10119	1	0.74699	0.55665	12.43185	1.10119	1	-0.00328	-0.00913	0.68409	0.00243	1	0.06580	-0.01417	0.69479	0.00389	1	1.45898	0.81042	0	
1269803	8563.75488	3306437144050	0.49345	0.20347	8563.67480	0.08008	11885	1	0.50951	0.07465	1	0.49601	0.24459	1	0.50276	0.15962	1	0.48596	0.53166	11.57526	1.10119	1	0.74679	0.55675	12.20548	1.09251	1	-0.00328	-0.00913	0.68409	0.00241	1	0.06649	-0.01433	0.70259	0.00374	1	1.45898	0.81042	0	
1269804	8563.76172	3306437208997	0.49391	0.19924	8563.67480	0.08691	11885	1	0.50936	0.09154	1	0.49026	0.19693	1	0.49981	0.14424	1	0.48591	0.53153	12.25742	1.09251	1	0.74685	0.55635	12.15766	1.08383	1	-0.00328	-0.00913	0.68409	0.00238	1	0.06649	-0.01433	0.70259	0.00396	1	1.45898	0.81042	0	
1269805	8563.76855	3306437280477	0.49472	0.19939	8563.67480	0.09375	11885	1	0.51544	0.13967	1	0.49670	0.26346	1	0.50607	0.20156	1	0.48590	0.53151	12.11081	1.08383	1	0.74704	0.55668	12.31044	1.07515	1	-0.00328	-0.00913	0.68409	0.00239	1	0.06649	-0.01433	0.70259	0.00386	1	1.45898	0.81042	0	
1269806	8563.77539	3306437345634	0.49544	0.20002	8563.67480	0.10059	11885	1	0.51638	0.14801	1	0.49621	0.27105	1	0.50630	0.20953	1	0.48588	0.53156	12.40614	1.07515	1	0.74694	0.55659	12.38836	1.06647	1	-0.00328	-0.00913	0.68409	0.00236	1	0.06649	-0.01433	0.70259	0.00390	1	1.45898	0.81042	0	
1269807	8563.78223	3306437412787	0.49554	0.20107	8563.67480	0.10742	11885	1	0.52365	0.13665	1	0.47060	0.29888	1	0.49712	0.21776	1	0.48597	0.53152	12.21041	1.06647	1	0.74664	0.55665	12.69549	1.06647	1	-0.00328	-0.00913	0.68409	0.00238	1	0.06649	-0.01433	0.70259	0.00393	1	1.45898	0.81042	0	
1269808	8563.78809	3306437475360	0.49657	0.20399	8563.67480	0.11328	11885	1	0.53708	0.25092	1	0.49108	0.25630	1	0.51408	0.25361	1	0.48625	0.53288	11.21406	1.06647	1	0.74693	0.55667	12.38440	1.06647	1	-0.00328	-0.00913	0.68409	0.00389	1	0.06649	-0.01433	0.70259	0.00392	1	1.45898	0.81042	0	
1269809	8563.79492	3306437548237	0.49750	0.20640	8563.67480	0.12012	11885	1	0.53708	0.25092	1	0.49153	0.24859	1	0.51430	0.24975	1	0.48610	0.53166	11.72636	1.06647	1	0.74702	0.55652	12.37457	1.07515	1	-0.00328	-0.00913	0.68409	0.00240	1	0.06580	-0.01417	0.69479	0.00392	1	1.45898	0.81042	0	
1269810	8563.80176	3306437616720	0.49757	0.20631	8563.67480	0.12695	11885	1	0.52349	0.16242	1	0.47414	0.24687	1	0.49881	0.20464	1	0.48612	0.53161	11.73752	1.07515	1	0.74704	0.55665	12.39785	1.08383	1	-0.00328	-0.00913	0.68409	0.00242	1	0.06580	-0.01417	0.69479	0.00393	1	1.45898	0.81042	0	
1269811	8563.80859	3306437682502	0.49746	0.20520	8563.67480	0.13379	11885	1	0.51881	0.13587	1	0.47171	0.23010	1	0.49526	0.18298	1	0.48600	0.53160	11.91902	1.08383	1	0.74703	0.55657	12.35311	1.09251	1	-0.00328	-0.00913	0.68409	0.00249	1	0.06580	-0.01417	0.69479	0.00396	1	1.45898	0.81042	0	
1269812	8563.81543	3306437748457	0.49734	0.20400	8563.67480	0.14062	11885	1	0.51789	0.12750	1	0.47171	0.23010	1	0.49480	0.17880	1	0.48592	0.53135	11.73009	1.09251	1	0.74695	0.55666	12.36088	1.09251	1	-0.00328	-0.00913	0.68409	0.00236	1	0.06649	-0.01433	0.70259	0.00393	1	1.45898	0.81042	0	
1269813	8563.82227	3306437816477	0.49698	0.20354	8563.67480	0.14746	11885	1	0.50587	0.12292	1	0.47254	0.26409	1	0.48920	0.19350	1	0.48589	0.53144	11.64448	1.09251	1	0.74704	0.55686	12.45244	1.08383	1	-0.00328	-0.00913	0.68409	0.00245	1	0.06649	-0.01433	0.70259	0.00384	1	1.45898	0.81042	0	
1269814	8563.82910	3306437883587	0.49628	0.20205	8563.67480	0.15430	11885	1	0.51165	0.13089	1	0.44872	0.20454	1	0.48018	0.16772	1	0.48586	0.53141	11.60192	1.08383	1	0.74695	0.55629	12.17188	1.07515	1	-0.00328	-0.00913	0.68409	0.00244	1	0.06649	-0.01433	0.70259	0.00394	1	1.45898	0.81042	0	
1269815	8563.83594	3306437950569	0.49566	0.20100	8563.67480	0.16113	11885	1	0.51262	0.13930	1	0.44860	0.21257	1	0.48061	0.17594	1	0.48589	0.53150	12.03985	1.07515	1	0.74697	0.55618	11.80464	1.06647	1	-0.00328	-0.00913	0.68409	0.00240	1	0.06649	-0.01433	0.70259	0.00407	1	1.45898	0.81042	0	
1269816	8563.84180	3306438017331	0.49584	0.20387	8563.67480	0.16699	11885	1	0.53776	0.29924	1	0.46324	0.25205	1	0.50050	0.27564	1	0.48616	0.53318	11.11345	1.06647	1	0.74685	0.55655	12.05314	1.06647	1	-0.00328	-0.00913	0.68409	0.00373	1	0.06649	-0.01433	0.70259	0.00390	1	1.45898	0.81042	0	
1269817	8563.84863	3306438084996	0.49586	0.20420	8563.67480	0.17383	11885	1	0.52613	0.15934	1	0.46652	0.26600	1	0.49632	0.21267	1	0.48603	0.53168	11.63495	1.06647	1	0.74695	0.55666	12.36088	1.06647	1	-0.00328	-0.00913	0.68409	0.00237	1	0.06649	-0.01433	0.70259	0.00394	1	1.45898	0.81042	0	
1269818	8563.85547	3306438149445	0.49588	0.20437	8563.67480	0.18066	11885	1	0.52613	0.15934	1	0.46677	0.25839	1	0.49645	0.20886	1	0.48601	0.53161	12.14942	1.06647	1	0.74695	0.55717	12.38855	1.07515	1	-0.00328	-0.00913	0.68409	0.00233	1	0.06580	-0.01417	0.69479	0.00378	1	1.45898	0.81042	0	
1269819	8563.86230	3306438218475	0.49581	0.20524	8563.67480	0.18750	11885	1	0.51194	0.13385	1	0.47576	0.32573	1	0.49385	0.22979	1	0.48600	0.53150	11.60529	1.07515	1	0.74711	0.55717	12.31482	1.08383	1	-0.00328	-0.00913	0.68409	0.00236	1	0.06580	-0.01417	0.69479	0.00380	1	1.45898	0.81042	0	
1269820	8563.86914	3306438285157	0.49549	0.20494	8563.67480	0.19434	11885	1	0.51951	0.13302	1	0.45266	0.25931	1	0.48609	0.19616	1	0.48604	0.53149	12.13648	1.08383	1	0.74709	0.55634	12.27902	1.09251	1	-0.00328	-0.00913	0.68409	0.00238	1	0.06580	-0.01417	0.69479	0.00406	1	1.45898	0.81042	0	
1269821	8563.87598	3306438352058	0.49517	0.20440	8563.67480	0.20117	11885	1	0.51859	0.12463	1	0.45280	0.25184	1	0.48570	0.18823	1	0.48602	0.53157	12.08854	1.09251	1	0.74650	0.55693	12.73708	1.10119	1	-0.00328	-0.00913	0.68409	0.00234	1	0.06580	-0.01417	0.69479	0.00419	1	1.45898	0.81042	0	
1269822	8563.88281	3306438419454	0.49484	0.20488	8563.67480	0.20801	11885	1	0.51767	0.13630	1	0.45114	0.30300	1	0.48441	0.21965	1	0.48606	0.53164	11.84287	1.10119	1	0.74705	0.55693	12.19711	1.10119	1	-0.00328	-0.00913	0.68409	0.00234	1	0.06580	-0.01417	0.69479	0.00368	1	1.45898	0.81042	0	
1269823	8563.88867	3306438486451	0.49490	0.20451	8563.67480	0.21387	11885	1	0.52261	0.12267	1	0.47158	0.26265	1	0.49710	0.19266	1	0.48609	0.53165	11.84052	1.10119	1	0.74708	0.55709	12.39265	1.10119	1	-0.00328	-0.00913	0.68409	0.00232	1	0.06580	-0.01417	0.69479	0.00379	1	1.45898	0.81042	0	
1269824	8563.89551	3306438553264	0.49497	0.20416	8563.67480	0.22070	11885	1	0.52261	0.12267	1	0.47158	0.26265	1	0.49710	0.19266	1	0.48608	0.53168	11.91613	1.10119	1	0.74705	0.55701	12.12549	1.10119	1	-0.00328	-0.00913	0.68409	0.00231	1	0.06580	-0.01417	0.69479	0.00385	1	1.45898	0.81042	0	
1269825	8563.90234	3306438618841	0.49478	0.20390	8563.67480	0.22754	11885	1	0.51663	0.12297	1	0.45995	0.26689	1	0.48829	0.19493	1	0.48603	0.53162	11.79410	1.10119	1	0.74719	0.55667	12.23460	1.10119	1	-0.00328	-0.00913	0.68409	0.00233	1	0.06580	-0.01417	0.69479	0.00396	1	1.45898	0.81042	0	
1269826	8563.90918	3306438687151	0.49441	0.20402	8563.67480	0.23438	11885	1	0.52252	0.12591	1	0.44047	0.29104	1	0.48150	0.20848	1	0.48605	0.53169	11.76103	1.10119	1	0.74692	0.55684	12.27456	1.10119	1	-0.00328	-0.00913	0.68409	0.00236	1	0.06580	-0.01417	0.69479	0.00377	1	1.45898	0.81042	0	
1269827	8563.91602	3306438754120	0.49406	0.20414	8563.67480	0.24121	11885	1	0.52252	0.12591	1	0.44047	0.29104	1	0.48150	0.20848	1	0.48604	0.53172	11.83226	1.10119	1	0.74702	0.55689	11.98700	1.10119	1	-0.00328	-0.00913	0.68409	0.00235	1	0.06580	-0.01417	0.69479	0.00386	1	1.45898	0.81042	0	
1269828	8563.92285	3306438819875	0.49424	0.20439	8563.67480	0.24805	11885	1	0.52390	0.21930	1	0.47816	0.20790	1	0.50103	0.21360	1	0.48610	0.53266	10.96944	1.10119	1	0.74709	0.55644	11.94172	1.10119	1	-0.00328	-0.00913	0.68409	0.00379	1	0.06580	-0.01417	0.69479	0.00403	1	1.45898	0.81042	0	
1269829	8563.92871	3306438884422	0.49370	0.20459	8563.67480	0.25391	11885	1	0.49743	0.14966	1	0.44903	0.27476	1	0.47323	0.21221	1	0.48609	0.53169	11.79259	1.10119	1	0.74708	0.55676	12.50117	1.10119	1	-0.00328	-0.00913	0.68409	0.00240	1	0.06580	-0.01417	0.69479	0.00378	1	1.45898	0.81042	0	
1269830	8563.93555	3306438953035	0.49319	0.20487	8563.67480	0.26074	11885	1	0.49743	0.14966	1	0.44891	0.28204	1	0.47317	0.21585	1	0.48625	0.53176	11.76131	1.10119	1	0.74709	0.55694	12.42643	1.09251	1	-0.00328	-0.00913	0.68409	0.00248	1	0.06435	-0.01385	0.67891	0.00399	1	1.45898	0.81042	0	
1269831	8563.94238	3306439018920	0.49281	0.20461	8563.67480	0.26758	11885	1	0.50311	0.10390	1	0.45212	0.28441	1	0.47761	0.19416	1	0.48616	0.53179	11.79727	1.09251	1	0.74709	0.55665	12.04160	1.08383	1	-0.00328	-0.00913	0.68409	0.00242	1	0.06435	-0.01385	0.67891	0.00397	1	1.45898	0.81042	0	
1269832	8563.94922	3306439087311	0.49237	0.20528	8563.67480	0.27441	11885	1	0.49325	0.11901	1	0.45504	0.34651	1	0.47414	0.23276	1	0.48602	0.53171	11.63968	1.08383	1	0.74715	0.55711	12.26857	1.07515	1	-0.00328	-0.00913	0.68409	0.00247	1	0.06435	-0.01385	0.67891	0.00385	1	1.45898	0.81042	0	
1269833	8563.95605	3306439153076	0.49195	0.20617	8563.67480	0.28125	11885	1	0.49434	0.12753	1	0.45473	0.35947	1	0.47454	0.24350	1	0.48622	0.53166	11.94685	1.07515	1	0.74755	0.55678	12.34539	1.05881	1	-0.00328	-0.00913	0.68409	0.00238	1	0.06260	-0.01346	0.66003	0.00377	1	1.45898	0.81042	0	
1269834	8563.96289	3306439219996	0.49184	0.20660	8563.67480	0.28809	11885	1	0.49091	0.17664	1	0.48308	0.27308	1	0.48699	0.22486	1	0.48642	0.53173	12.13000	1.05881	1	0.74764	0.55681	12.49917	1.05115	1	-0.00328	-0.00913	0.68409	0.00244	1	0.06260	-0.01346	0.66003	0.00376	1	1.45898	0.81042	0	
1269835	8563.96973	3306439289013	0.49151	0.20771	8563.67480	0.29492	11885	1	0.49226	0.19531	1	0.46133	0.31774	1	0.47680	0.25652	1	0.48627	0.53177	12.30986	1.05115	1	0.74725	0.55672	12.08006	1.04349	1	-0.00328	-0.00913	0.68409	0.00237	1	0.06260	-0.01346	0.66003	0.00382	1	1.45898	0.81042	0	
1269836	8563.97656	3306439356094	0.49118	0.20874	8563.67480	0.30176	11885	1	0.49208	0.19397	1	0.46137	0.31653	1	0.47672	0.25525	1	0.48637	0.53162	11.99897	1.05258	1	0.74754	0.55686	12.63396	1.04492	1	-0.00330	-0.00933	0.69851	0.00245	1	0.06260	-0.01346	0.66003	0.00372	1	1.45898	0.81042	0	
1269837	8563.98242	3306439424223	0.49095	0.20882	8563.67480	0.30762	11885	1	0.49508	0.17149	1	0.46511	0.25326	1	0.48010	0.21238	1	0.48630	0.53155	12.00934	1.05400	1	0.74729	0.55664	11.95037	1.05400	1	-0.00330	-0.00933	0.69851	0.00246	1	0.06260	-0.01346	0.66003	0.00386	1	1.45898	0.81042	0	
1269838	8563.98926	3306439488884	0.49063	0.20989	8563.67480	0.31445	11885	1	0.49460	0.17035	1	0.45696	0.34997	1	0.47578	0.26016	1	0.48639	0.53162	11.85355	1.06309	1	0.74721	0.55716	12.82880	1.06309	1	-0.00330	-0.00933	0.69851	0.00243	1	0.06260	-0.01346	0.66003	0.00382	1	1.45898	0.81042	0	
1269839	8563.99609	3306439557778	0.48980	0.20911	8563.67480	0.32129	11885	1	0.49344	0.16170	1	0.45730	0.33658	1	0.47537	0.24914	1	0.48637	0.53163	11.88864	1.07218	1	0.74738	0.55729	13.37120	1.07983	1	-0.00330	-0.00933	0.69851	0.00239	1	0.06421	-0.01380	0.67644	0.00372	1	1.45898	0.81042	0	
1269840	8564.00293	3306439624568	0.47769	0.23696	8563.67480	0.32129	11885	0	0.50551	0.26399	1	0.47012	0.30948	1	0.48782	0.28674	1	0.48650	0.53295	11.76506	1.07983	1	0.74743	0.55729	12.77205	1.08749	1	-0.00330	-0.00933	0.69851	0.00394	1	0.06421	-0.01380	0.67644	0.00390	1	1.45898	0.81042	0	
1269841	8564.00977	3306439691979	0.48150	0.22151	8563.67480	0.32129	11885	0	0.49455	0.13630	1	0.47605	0.27580	1	0.48530	0.20605	1	0.48636	0.53157	11.62516	1.08749	1	0.74747	0.55722	12.71349	1.09515	1	-0.00330	-0.00933	0.69851	0.00241	1	0.06421	-0.01380	0.67644	0.00385	1	1.45898	0.81042	0	
1269842	8564.01660	3306439759031	0.48278	0.21678	8563.67480	0.32129	11885	0	0.49473	0.13767	1	0.47600	0.27701	1	0.48536	0.20734	1	0.48645	0.53286	11.58616	1.08607	1	0.74766	0.55734	12.24153	1.09373	1	-0.00315	-0.00905	0.67757	0.00381	1	0.06421	-0.01380	0.67644	0.00381	1	1.45898	0.81042	0	
1269843	8564.02344	3306439825975	0.48630	0.23647	8564.00293	0.02051	11886	1	0.50594	0.26919	1	0.48774	0.32190	1	0.49684	0.29554	1	0.48653	0.53293	11.71364	1.08464	1	0.74768	0.55706	12.17282	1.08464	1	-0.00315	-0.00905	0.67757	0.00379	1	0.06421	-0.01380	0.67644	0.00399	1	1.45898	0.81042	0	
1269844	8564.02930	3306439892054	0.48762	0.23221	8564.00293	0.02637	11886	1	0.49250	0.13798	1	0.49332	0.29232	1	0.49291	0.21515	1	0.48646	0.53160	11.91044	1.07556	1	0.74777	0.55708	12.06960	1.07556	1	-0.00315	-0.00905	0.67757	0.00238	1	0.06421	-0.01380	0.67644	0.00394	1	1.45898	0.81042	0	
1269845	8564.03613	3306439959532	0.48856	0.23074	8564.00293	0.03320	11886	1	0.49365	0.14680	1	0.49284	0.30001	1	0.49325	0.22341	1	0.48648	0.53144	11.89104	1.06647	1	0.74771	0.55654	12.26816	1.06647	1	-0.00315	-0.00905	0.67757	0.00231	1	0.06421	-0.01380	0.67644	0.00376	1	1.45898	0.81042	0	
1269846	8564.04297	3306440025561	0.49198	0.23658	8564.00293	0.04004	11886	1	0.52805	0.25194	1	0.49694	0.29125	1	0.51250	0.27160	1	0.48679	0.53277	10.81442	1.06647	1	0.74781	0.55680	12.38230	1.06647	1	-0.00315	-0.00905	0.67757	0.00391	1	0.06421	-0.01380	0.67644	0.00366	1	1.45898	0.81042	0	
1269847	8564.04980	3306440093929	0.49340	0.23318	8564.00293	0.04688	11886	1	0.51622	0.15820	1	0.49054	0.26062	1	0.50338	0.20941	1	0.48655	0.53153	12.10521	1.06647	1	0.74769	0.55677	12.49099	1.06647	1	-0.00315	-0.00905	0.67757	0.00233	1	0.06421	-0.01380	0.67644	0.00364	1	1.45898	0.81042	0	
1269848	8564.05664	3306440161812	0.49454	0.23012	8564.00293	0.05371	11886	1	0.51622	0.15820	1	0.49098	0.25295	1	0.50360	0.20558	1	0.48681	0.53291	11.04645	1.06647	1	0.74781	0.55707	12.89089	1.07515	1	-0.00315	-0.00905	0.67757	0.00377	1	0.06558	-0.01408	0.69033	0.00354	1	1.45898	0.81042	0	
1269849	8564.06348	3306440228769	0.49630	0.22857	8564.00293	0.06055	11886	1	0.51722	0.13596	1	0.50719	0.29340	1	0.51220	0.21468	1	0.48668	0.53158	12.36197	1.07515	1	0.74797	0.55704	12.34159	1.08383	1	-0.00315	-0.00905	0.67757	0.00237	1	0.06558	-0.01408	0.69033	0.00404	1	1.45898	0.81042	0	
1269850	8564.07031	3306440294554	0.49547	0.23329	8564.00293	0.06738	11886	1	0.51722	0.13596	0	0.48717	0.28047	1	0.48717	0.28047	1	0.48668	0.53158	12.36197	1.08383	0	0.74760	0.55764	12.87693	1.09251	1	-0.00315	-0.00905	0.67757	0.00237	1	0.06558	-0.01408	0.69033	0.00382	1	1.45898	0.81042	0	
1269851	8564.07617	3306440361723	0.49478	0.23722	8564.00293	0.07324	11886	1	0.51722	0.13596	0	0.48717	0.28047	1	0.48717	0.28047	1	0.48668	0.53158	12.36197	1.09251	0	0.74754	0.55766	12.94860	1.09251	1	-0.00315	-0.00905	0.67757	0.00237	1	0.06421	-0.01380	0.67644	0.00382	1	1.45898	0.81042	0	
1269852	8564.08301	3306440428912	0.49478	0.23722	8564.00293	0.08008	11886	1	0.51722	0.13596	0	0.48717	0.28047	0	0.48717	0.28047	0	0.48668	0.53158	12.36197	1.09251	0	0.74754	0.55766	12.94860	1.08383	0	-0.00315	-0.00905	0.67757	0.00237	1	0.06421	-0.01380	0.67644	0.00382	1	1.45898	0.81042	0	
1269853	8564.08984	3306440495683	0.49478	0.23722	8564.00293	0.08691	11886	1	0.51722	0.13596	0	0.48717	0.28047	0	0.48717	0.28047	0	0.48668	0.53158	12.36197	1.08383	0	0.74754	0.55766	12.94860	1.07515	0	-0.00315	-0.00905	0.67757	0.00237	1	0.06421	-0.01380	0.67644	0.00382	1	1.45898	0.81042	0	
1269854	8564.09668	3306440560169	0.49478	0.23722	8564.00293	0.09375	11886	1	0.51722	0.13596	0	0.48717	0.28047	0	0.48717	0.28047	0	0.48668	0.53158	12.36197	1.07515	0	0.74754	0.55766	12.94860	1.06647	0	-0.00315	-0.00905	0.67757	0.00237	1	0.06421	-0.01380	0.67644	0.00382	1	1.45898	0.81042	0	
1269855	8564.10352	3306440629810	0.49634	0.23725	8564.00293	0.09375	11886	0	0.51722	0.13596	0	0.48717	0.28047	0	0.48717	0.28047	0	0.48668	0.53158	12.36197	1.06647	0	0.74754	0.55766	12.94860	1.06647	0	-0.00315	-0.00905	0.67757	0.00237	1	0.06421	-0.01380	0.67644	0.00382	1	1.45898	0.81042	0	
1269856	8564.11035	3306440696479	0.49634	0.23725	8564.00293	0.09375	11886	0	0.51722	0.13596	0	0.48717	0.28047	0	0.48717	0.28047	0	0.48668	0.53158	12.36197	1.06647	0	0.74754	0.55766	12.94860	1.06647	0	-0.00315	-0.00905	0.67757	0.00237	1	0.06421	-0.01380	0.67644	0.00382	1	1.45898	0.81042	0	
1269857	8564.11719	3306440763608	0.49634	0.23725	8564.00293	0.09375	11886	0	0.51722	0.13596	0	0.48717	0.28047	0	0.48717	0.28047	0	0.48668	0.53158	12.36197	1.06647	0	0.74754	0.55766	12.94860	1.06647	0	-0.00315	-0.00905	0.67757	0.00237	1	0.06421	-0.01380	0.67644	0.00382	1	1.45898	0.81042	0	
1269858	8564.12305	3306440827532	0.00000	0.00000	8564.00293	0.09375	11886	0	0.51722	0.13596	0	0.48717	0.28047	0	0.48717	0.28047	0	0.48668	0.53158	12.36197	1.06647	0	0.74754	0.55766	12.94860	1.06647	0	-0.00315	-0.00905	0.67757	0.00237	1	0.06421	-0.01380	0.67644	0.00382	1	1.45898	0.81042	0	
1269859	8564.12988	3306440895159	0.00000	0.00000	8564.00293	0.09375	11886	0	0.51722	0.13596	0	0.48717	0.28047	0	0.48717	0.28047	0	0.48668	0.53158	12.36197	1.06647	0	0.74754	0.55766	12.94860	1.06647	0	-0.00315	-0.00905	0.67757	0.00237	1	0.06421	-0.01380	0.67644	0.00382	1	1.45898	0.81042	0	
1269860	8564.13672	3306440960270	0.00000	0.00000	8564.00293	0.09375	11886	0	0.51722	0.13596	0	0.48717	0.28047	0	0.48717	0.28047	0	0.48668	0.53158	12.36197	1.06647	0	0.74754	0.55766	12.94860	1.06647	0	-0.00315	-0.00905	0.67757	0.00237	1	0.06421	-0.01380	0.67644	0.00382	1	1.45898	0.81042	0	
1269861	8564.14355	3306441027507	0.49860	0.19673	8564.00293	0.09375	11886	0	0.49963	0.10789	1	0.49757	0.28556	1	0.49860	0.19673	1	0.48659	0.53193	11.74426	1.06647	1	0.74790	0.55725	12.05362	1.06647	1	-0.00315	-0.00905	0.67757	0.00241	1	0.06421	-0.01380	0.67644	0.00404	1	1.45898	0.81042	0	
1269862	8564.15039	3306441097364	0.50633	0.24662	8564.00293	0.09375	11886	0	0.53189	0.30879	1	0.49624	0.28424	1	0.51407	0.29652	1	0.48686	0.53379	10.85804	1.06647	1	0.74786	0.55730	12.06305	1.06647	1	-0.00315	-0.00905	0.67757	0.00384	1	0.06421	-0.01380	0.67644	0.00405	1	1.45898	0.81042	0	
1269863	8564.15723	3306441166570	0.50897	0.26550	8564.00293	0.09375	11886	0	0.53268	0.31534	1	0.49579	0.29115	1	0.51423	0.30325	1	0.48670	0.53187	11.75701	1.05845	1	0.74792	0.55737	11.80973	1.05845	1	-0.00302	-0.00880	0.65941	0.00236	1	0.06421	-0.01380	0.67644	0.00406	1	1.45898	0.81042	0	
1269864	8564.16406	3306441233058	0.50708	0.25923	8564.14355	0.02051	11887	1	0.52022	0.16684	1	0.48263	0.31402	1	0.50142	0.24043	1	0.48674	0.53196	12.02043	1.05044	1	0.74764	0.55728	12.69539	1.05044	1	-0.00302	-0.00880	0.65941	0.00252	1	0.06421	-0.01380	0.67644	0.00400	1	1.45898	0.81042	0	
1269865	8564.16992	3306441296425	0.50485	0.25082	8564.14355	0.02637	11887	1	0.50486	0.12563	1	0.48695	0.30873	1	0.49591	0.21718	1	0.48662	0.53184	11.81943	1.04242	1	0.74768	0.55733	12.39333	1.04242	1	-0.00302	-0.00880	0.65941	0.00247	1	0.06421	-0.01380	0.67644	0.00399	1	1.45898	0.81042	0	
1269866	8564.17676	3306441367435	0.50336	0.24521	8564.14355	0.03320	11887	1	0.50486	0.12563	1	0.48695	0.30873	1	0.49591	0.21718	1	0.48657	0.53171	12.37507	1.04242	1	0.74780	0.55720	12.02775	1.04242	1	-0.00315	-0.00905	0.67757	0.00244	1	0.06421	-0.01380	0.67644	0.00412	1	1.45898	0.81042	0	
1269867	8564.18359	3306441433025	0.50277	0.23922	8564.14355	0.04004	11887	1	0.50889	0.10722	1	0.48959	0.29931	1	0.49924	0.20326	1	0.48662	0.53166	12.48322	1.05044	1	0.74776	0.55731	12.28540	1.05044	1	-0.00315	-0.00905	0.67757	0.00239	1	0.06421	-0.01380	0.67644	0.00409	1	1.45898	0.81042	0	
1269868	8564.19043	3306441496330	0.50208	0.23046	8564.14355	0.04688	11887	1	0.49980	0.09312	1	0.49469	0.24522	1	0.49724	0.16917	1	0.48655	0.53171	12.38963	1.05845	1	0.74774	0.55673	12.11886	1.05845	1	-0.00315	-0.00905	0.67757	0.00236	1	0.06421	-0.01380	0.67644	0.00425	1	1.45898	0.81042	0	
1269869	8564.19727	3306441564628	0.50154	0.22236	8564.14355	0.05371	11887	1	0.49881	0.08487	1	0.49561	0.23011	1	0.49721	0.15749	1	0.48650	0.53180	12.12698	1.06647	1	0.74749	0.55762	12.86921	1.07515	1	-0.00315	-0.00905	0.67757	0.00235	1	0.06584	-0.01416	0.69413	0.00383	1	1.45898	0.81042	0	
1269870	8564.20410	3306441634182	0.49977	0.22248	8564.14355	0.06055	11887	1	0.50650	0.08636	1	0.46132	0.36085	1	0.48391	0.22360	1	0.48647	0.53186	12.10217	1.07515	1	0.74729	0.55783	13.30005	1.08383	1	-0.00315	-0.00905	0.67757	0.00236	1	0.06584	-0.01416	0.69413	0.00383	1	1.45898	0.81042	0	
1269871	8564.21094	3306441701568	0.49777	0.22159	8564.14355	0.06738	11887	1	0.49217	0.09147	1	0.46339	0.33383	1	0.47778	0.21265	1	0.48638	0.53191	12.18619	1.08383	1	0.74729	0.55783	13.34941	1.09251	1	-0.00315	-0.00905	0.67757	0.00239	1	0.06584	-0.01416	0.69413	0.00385	1	1.45898	0.81042	0	
1269872	8564.21777	3306441768874	0.49603	0.21951	8564.14355	0.07422	11887	1	0.48993	0.07357	1	0.46385	0.31973	1	0.47689	0.19665	1	0.48632	0.53191	12.17273	1.10160	1	0.74704	0.55754	12.21151	1.11028	1	-0.00330	-0.00933	0.69851	0.00239	1	0.06580	-0.01417	0.69479	0.00416	1	1.45898	0.81042	0	
1269873	8564.22363	3306441835411	0.49411	0.21734	8564.14355	0.08008	11887	1	0.47347	0.04993	1	0.46853	0.33273	1	0.47100	0.19133	1	0.48615	0.53198	12.07654	1.11936	1	0.74697	0.55795	12.28263	1.11936	1	-0.00330	-0.00933	0.69851	0.00246	1	0.06580	-0.01417	0.69479	0.00401	1	1.45898	0.81042	0	
1269874	8564.23047	3306441901646	0.49225	0.21444	8564.14355	0.08691	11887	1	0.49257	0.03081	1	0.44372	0.32272	1	0.46815	0.17677	1	0.48614	0.53190	12.30733	1.12845	1	0.74698	0.55781	12.19811	1.12845	1	-0.00330	-0.00933	0.69851	0.00246	1	0.06580	-0.01417	0.69479	0.00396	1	1.45898	0.81042	0	
1269875	8564.23730	3306441969277	0.49064	0.21216	8564.14355	0.09375	11887	1	0.49257	0.03081	1	0.44365	0.32946	1	0.46811	0.18014	1	0.48613	0.53196	12.23450	1.12845	1	0.74687	0.55771	12.65298	1.11977	1	-0.00328	-0.00913	0.68409	0.00242	1	0.06649	-0.01433	0.70259	0.00380	1	1.45898	0.81042	0	
1269876	8564.24414	3306442036424	0.49167	0.21056	8564.14355	0.10059	11887	1	0.52233	0.09366	1	0.49161	0.27972	1	0.50697	0.18669	1	0.48615	0.53188	12.31045	1.11068	1	0.74692	0.55725	12.70342	1.10200	1	-0.00328	-0.00913	0.68409	0.00243	1	0.06649	-0.01433	0.70259	0.00366	1	1.45898	0.81042	0	
1269877	8564.25098	3306442102081	0.49281	0.20926	8564.14355	0.10742	11887	1	0.52513	0.08131	1	0.49711	0.29542	1	0.51112	0.18836	1	0.48610	0.53186	12.52402	1.09292	1	0.74702	0.55730	12.31407	1.08424	1	-0.00328	-0.00913	0.68409	0.00239	1	0.06649	-0.01433	0.70259	0.00361	1	1.45898	0.81042	0	
1269878	8564.25684	3306442167844	0.49386	0.20942	8564.14355	0.11328	11887	1	0.52773	0.10723	1	0.49567	0.31701	1	0.51170	0.21212	1	0.48595	0.53173	12.40086	1.06713	1	0.74682	0.55713	13.12779	1.05845	1	-0.00324	-0.00887	0.66478	0.00246	1	0.06649	-0.01433	0.70259	0.00366	1	1.45898	0.81042	0	
1269879	8564.26465	3306442237586	0.49528	0.21600	8564.14355	0.12109	11887	1	0.54310	0.36217	1	0.49843	0.30668	1	0.52077	0.33442	1	0.48618	0.53410	11.54038	1.05044	1	0.74712	0.55698	12.58776	1.05044	1	-0.00324	-0.00887	0.66478	0.00381	1	0.06649	-0.01433	0.70259	0.00374	1	1.45898	0.81042	0	
1269880	8564.27148	3306442305341	0.49537	0.22186	8564.14355	0.12793	11887	1	0.52371	0.29619	1	0.47066	0.37027	1	0.49718	0.33323	1	0.48602	0.53392	10.99249	1.04242	1	0.74665	0.55711	12.60928	1.04242	1	-0.00324	-0.00887	0.66478	0.00382	1	0.06649	-0.01433	0.70259	0.00388	1	1.45898	0.81042	0	
1269881	8564.27734	3306442371140	0.49546	0.22716	8564.14355	0.13379	11887	1	0.52371	0.29619	1	0.47066	0.37027	1	0.49718	0.33323	1	0.48578	0.53198	11.79940	1.04242	1	0.74682	0.55686	12.55689	1.04242	1	-0.00339	-0.00915	0.68566	0.00243	1	0.06649	-0.01433	0.70259	0.00382	1	1.45898	0.81042	0	
1269882	8564.28418	3306442438268	0.49537	0.22806	8564.14355	0.14062	11887	1	0.50908	0.14127	1	0.47807	0.35269	1	0.49357	0.24698	1	0.48573	0.53208	11.96519	1.05044	1	0.74681	0.55705	12.89140	1.05044	1	-0.00339	-0.00915	0.68566	0.00246	1	0.06649	-0.01433	0.70259	0.00379	1	1.45898	0.81042	0	
1269883	8564.29102	3306442505396	0.49507	0.22787	8564.14355	0.14746	11887	1	0.49715	0.10362	1	0.47959	0.34358	1	0.48837	0.22360	1	0.48569	0.53184	12.01349	1.05845	1	0.74678	0.55702	12.93524	1.05845	1	-0.00339	-0.00915	0.68566	0.00242	1	0.06649	-0.01433	0.70259	0.00379	1	1.45898	0.81042	0	
1269884	8564.29785	3306442572271	0.49477	0.22739	8564.14355	0.15430	11887	1	0.49614	0.09545	1	0.47992	0.33708	1	0.48803	0.21627	1	0.48557	0.53170	12.37932	1.06647	1	0.74654	0.55701	12.92115	1.06647	1	-0.00339	-0.00915	0.68566	0.00246	1	0.06649	-0.01433	0.70259	0.00383	1	1.45898	0.81042	0	
1269885	8564.30469	3306442639230	0.49455	0.22580	8564.14355	0.16113	11887	1	0.49817	0.09752	1	0.48040	0.27778	1	0.48928	0.18765	1	0.48567	0.53186	12.57384	1.06647	1	0.74669	0.55695	12.75735	1.06647	1	-0.00339	-0.00915	0.68566	0.00241	1	0.06649	-0.01433	0.70259	0.00375	1	1.45898	0.81042	0	
1269886	8564.31152	3306442706366	0.49434	0.22388	8564.14355	0.16797	11887	1	0.49852	0.10199	1	0.47939	0.24986	1	0.48896	0.17592	1	0.48571	0.53195	11.90329	1.06647	1	0.74671	0.55682	12.71162	1.06647	1	-0.00339	-0.00915	0.68566	0.00243	1	0.06649	-0.01433	0.70259	0.00380	1	1.45898	0.81042	0	
1269887	8564.31738	3306442773306	0.49414	0.22210	8564.14355	0.17383	11887	1	0.49852	0.10199	1	0.47939	0.24986	1	0.48896	0.17592	1	0.48566	0.53189	12.09650	1.06647	1	0.74675	0.55658	12.60824	1.06647	1	-0.00339	-0.00915	0.68566	0.00241	1	0.06649	-0.01433	0.70259	0.00388	1	1.45898	0.81042	0	
1269888	8564.32422	3306442840176	0.49376	0.22079	8564.14355	0.18066	11887	1	0.49378	0.10790	1	0.47323	0.26311	1	0.48351	0.18551	1	0.48559	0.53193	12.16989	1.06647	1	0.74664	0.55685	12.91628	1.06647	1	-0.00339	-0.00915	0.68566	0.00241	1	0.06649	-0.01433	0.70259	0.00383	1	1.45898	0.81042	0	
1269889	8564.33105	3306442907253	0.49345	0.21957	8564.14355	0.18750	11887	1	0.49349	0.09215	1	0.47603	0.27829	1	0.48476	0.18522	1	0.48562	0.53186	12.05847	1.06647	1	0.74668	0.55695	12.78276	1.06647	1	-0.00339	-0.00915	0.68566	0.00239	1	0.06649	-0.01433	0.70259	0.00378	1	1.45898	0.81042	0	
1269890	8564.33789	3306442973918	0.49315	0.21801	8564.14355	0.19434	11887	1	0.49234	0.08286	1	0.47670	0.26291	1	0.48452	0.17288	1	0.48569	0.53340	11.65945	1.07556	1	0.74655	0.55697	12.56972	1.08424	1	-0.00357	-0.00948	0.71010	0.00400	1	0.06582	-0.01422	0.69722	0.00380	1	1.45898	0.81042	0	
1269891	8564.34473	3306443038338	0.49268	0.21758	8564.14355	0.20117	11887	1	0.48253	0.24963	1	0.47471	0.15985	1	0.47862	0.20474	1	0.48537	0.53326	11.00146	1.09332	1	0.74663	0.55581	12.79671	1.10200	1	-0.00357	-0.00948	0.71010	0.00406	1	0.06582	-0.01422	0.69722	0.00415	1	1.45898	0.81042	0	
1269892	8564.35059	3306443104330	0.49265	0.21885	8564.14355	0.20703	11887	1	0.51373	0.30399	1	0.46975	0.21253	1	0.49174	0.25826	1	0.48580	0.53411	12.34338	1.11109	1	0.74656	0.55653	12.94046	1.11977	1	-0.00357	-0.00948	0.71010	0.00368	1	0.06582	-0.01422	0.69722	0.00391	1	1.45898	0.81042	0	
1269893	8564.35742	3306443173400	0.49260	0.21972	8564.14355	0.21387	11887	1	0.51181	0.28997	1	0.47003	0.20451	1	0.49092	0.24724	1	0.48538	0.53192	12.19132	1.12885	1	0.74618	0.55715	12.26399	1.12885	1	-0.00357	-0.00948	0.71010	0.00245	1	0.06503	-0.01401	0.68940	0.00413	1	1.45898	0.81042	0	
1269894	8564.36426	3306443237880	0.49181	0.21730	8564.14355	0.22070	11887	1	0.48147	0.08298	1	0.44999	0.19241	1	0.46573	0.13769	1	0.48543	0.53194	12.19053	1.12885	1	0.74627	0.55650	12.26756	1.12017	1	-0.00357	-0.00948	0.71010	0.00248	1	0.06503	-0.01401	0.68940	0.00394	1	1.45898	0.81042	0	
1269895	8564.37109	3306443306650	0.48368	0.19141	8564.14355	0.22070	11887	0	0.47956	0.10103	1	0.45865	0.19828	1	0.46911	0.14965	1	0.48543	0.53183	12.23572	1.12017	1	0.74643	0.55638	12.27114	1.11149	1	-0.00357	-0.00948	0.71010	0.00239	1	0.06503	-0.01401	0.68940	0.00382	1	1.45898	0.81042	0	
1269896	8564.37793	3306443373160	0.47688	0.17883	8564.14355	0.22070	11887	0	0.48190	0.11820	1	0.45828	0.21428	1	0.47009	0.16624	1	0.48538	0.53180	12.00510	1.10241	1	0.74619	0.55649	12.12131	1.09373	1	-0.00348	-0.00910	0.68202	0.00238	1	0.06369	-0.01377	0.67516	0.00391	1	1.45898	0.81042	0	
1269897	8564.38477	3306443443159	0.48436	0.18271	8564.14355	0.22070	11887	0	0.50526	0.13229	1	0.49337	0.24869	1	0.49931	0.19049	1	0.48532	0.53186	12.52402	1.08464	1	0.74622	0.55652	12.15077	1.08464	1	-0.00348	-0.00910	0.68202	0.00239	1	0.06369	-0.01377	0.67516	0.00392	1	1.45898	0.81042	0	
1269898	8564.39160	3306443510045	0.49060	0.18754	8564.37109	0.02051	11888	1	0.52553	0.14428	1	0.49314	0.25975	1	0.50934	0.20202	1	0.48530	0.53189	12.00922	1.07556	1	0.74622	0.55652	12.15077	1.07556	1	-0.00348	-0.00910	0.68202	0.00244	1	0.06369	-0.01377	0.67516	0.00392	1	1.45898	0.81042	0	
1269899	8564.39844	3306443576962	0.49435	0.19043	8564.37109	0.02734	11888	1	0.52553	0.14428	1	0.49314	0.25975	1	0.50934	0.20202	1	0.48516	0.53168	11.98348	1.07556	1	0.74580	0.55667	12.95282	1.07556	1	-0.00363	-0.00937	0.70189	0.00242	1	0.06503	-0.01401	0.68940	0.00393	1	1.45898	0.81042	0	
1269900	8564.40527	3306443643595	0.49460	0.18725	8564.37109	0.03418	11888	1	0.50932	0.11526	1	0.48238	0.22741	1	0.49585	0.17134	1	0.48510	0.53177	12.30993	1.08464	1	0.74596	0.55640	12.78534	1.08464	1	-0.00363	-0.00937	0.70189	0.00252	1	0.06503	-0.01401	0.68940	0.00403	1	1.45898	0.81042	0	
1269901	8564.41211	3306443712110	0.49553	0.18253	8564.37109	0.04102	11888	1	0.51131	0.10564	1	0.49094	0.20273	1	0.50112	0.15418	1	0.48525	0.53189	12.01526	1.09373	1	0.74612	0.55605	12.61689	1.09373	1	-0.00363	-0.00937	0.70189	0.00246	1	0.06503	-0.01401	0.68940	0.00400	1	1.45898	0.81042	0	
1269902	8564.41797	3306443777928	0.49623	0.17898	8564.37109	0.04688	11888	1	0.51131	0.10564	1	0.49094	0.20273	1	0.50112	0.15418	1	0.48511	0.53184	11.98843	1.09373	1	0.74583	0.55626	12.76860	1.09373	1	-0.00359	-0.00912	0.68344	0.00241	1	0.06503	-0.01401	0.68940	0.00422	1	1.45898	0.81042	0	
1269903	8564.42480	3306443845186	0.49441	0.18480	8564.37109	0.05371	11888	1	0.49910	0.15937	1	0.46057	0.30336	1	0.47984	0.23136	1	0.48501	0.53167	12.45286	1.08464	1	0.74571	0.55677	13.18757	1.08464	1	-0.00359	-0.00912	0.68344	0.00241	1	0.06503	-0.01401	0.68940	0.00393	1	1.45898	0.81042	0	
1269904	8564.43164	3306443913233	0.49417	0.19201	8564.37109	0.06055	11888	1	0.51759	0.24611	1	0.46635	0.26760	1	0.49197	0.25685	1	0.48514	0.53290	11.04933	1.07556	1	0.74580	0.55635	12.92944	1.07556	1	-0.00359	-0.00912	0.68344	0.00385	1	0.06503	-0.01401	0.68940	0.00418	1	1.45898	0.81042	0	
1269905	8564.43848	3306443978879	0.49399	0.19892	8564.37109	0.06738	11888	1	0.51858	0.25400	1	0.46587	0.28213	1	0.49223	0.26806	1	0.48486	0.53169	11.98912	1.06647	1	0.74585	0.55601	12.93951	1.05881	1	-0.00359	-0.00912	0.68344	0.00243	1	0.06185	-0.01329	0.65619	0.00428	1	1.45898	0.81042	0	
1269906	8564.44531	3306444045369	0.49313	0.19801	8564.37109	0.07422	11888	1	0.50538	0.13622	1	0.46189	0.23960	1	0.48363	0.18791	1	0.48489	0.53173	11.75403	1.05881	1	0.74569	0.55583	12.57863	1.05115	1	-0.00359	-0.00912	0.68344	0.00240	1	0.06185	-0.01329	0.65619	0.00440	1	1.45898	0.81042	0	
1269907	8564.45215	3306444112111	0.49136	0.20299	8564.37109	0.08105	11888	1	0.50914	0.20388	1	0.43109	0.32181	1	0.47012	0.26284	1	0.48498	0.53182	12.44262	1.05115	1	0.74523	0.55664	12.78064	1.04349	1	-0.00359	-0.00912	0.68344	0.00240	1	0.06185	-0.01329	0.65619	0.00425	1	1.45898	0.81042	0	
1269908	8564.45801	3306444177952	0.48983	0.20695	8564.37109	0.08691	11888	1	0.50897	0.20255	1	0.43106	0.31418	1	0.47002	0.25837	1	0.48481	0.53167	12.21711	1.05258	1	0.74532	0.55671	12.88107	1.05258	1	-0.00369	-0.00926	0.69369	0.00239	1	0.06403	-0.01374	0.68099	0.00417	1	1.45898	0.81042	0	
1269909	8564.46484	3306444246590	0.48821	0.20986	8564.37109	0.09375	11888	1	0.49465	0.18225	1	0.43637	0.31887	1	0.46551	0.25056	1	0.48481	0.53171	12.26520	1.06166	1	0.74539	0.55678	12.59779	1.06932	1	-0.00369	-0.00926	0.69369	0.00240	1	0.06403	-0.01374	0.68099	0.00390	1	1.45898	0.81042	0	
1269910	8564.47168	3306444313865	0.48765	0.21034	8564.37109	0.10059	11888	1	0.49960	0.15053	1	0.45894	0.28468	1	0.47927	0.21760	1	0.48484	0.53176	12.16438	1.07841	1	0.74525	0.55665	12.43707	1.08607	1	-0.00369	-0.00926	0.69369	0.00238	1	0.06403	-0.01374	0.68099	0.00408	1	1.45898	0.81042	0	
1269911	8564.47852	3306444379469	0.48711	0.20988	8564.37109	0.10742	11888	1	0.49757	0.13451	1	0.45931	0.27057	1	0.47844	0.20254	1	0.48473	0.53162	12.19141	1.09515	1	0.74547	0.55678	12.56963	1.10281	1	-0.00369	-0.00926	0.69369	0.00239	1	0.06346	-0.01357	0.67490	0.00395	1	1.45898	0.81042	0	
1269912	8564.48535	3306444447548	0.48695	0.20864	8564.37109	0.11426	11888	1	0.48915	0.13520	1	0.47935	0.23981	1	0.48425	0.18751	1	0.48473	0.53156	12.70489	1.10281	1	0.74558	0.55569	12.10226	1.10281	1	-0.00369	-0.00926	0.69369	0.00240	1	0.06346	-0.01357	0.67490	0.00429	1	1.45898	0.81042	0	
1269913	8564.49219	3306444514411	0.48608	0.21037	8564.37109	0.12109	11888	1	0.48195	0.12367	1	0.45879	0.35953	1	0.47037	0.24160	1	0.48475	0.53165	11.88140	1.10281	1	0.74536	0.55705	12.93351	1.10281	1	-0.00369	-0.00926	0.69369	0.00239	1	0.06346	-0.01357	0.67490	0.00386	1	1.45898	0.81042	0	
1269914	8564.49902	3306444584939	0.48530	0.21177	8564.37109	0.12793	11888	1	0.48195	0.12367	1	0.45898	0.35291	1	0.47047	0.23829	1	0.48473	0.53147	11.92312	1.10281	1	0.74508	0.55682	13.35413	1.11149	1	-0.00369	-0.00926	0.69369	0.00246	1	0.06682	-0.01427	0.71004	0.00381	1	1.45898	0.81042	0	
1269915	8564.50586	3306444649665	0.48525	0.21552	8564.37109	0.13477	11888	1	0.51217	0.29821	1	0.45622	0.28306	1	0.48419	0.29063	1	0.48501	0.53345	12.38164	1.11149	1	0.74518	0.55655	12.98820	1.12017	1	-0.00369	-0.00926	0.69369	0.00355	1	0.06682	-0.01427	0.71004	0.00373	1	1.45898	0.81042	0	
1269916	8564.51172	3306444714583	0.48592	0.21447	8564.37109	0.14062	11888	1	0.51495	0.12074	1	0.48524	0.26376	1	0.50009	0.19225	1	0.48479	0.53168	12.21815	1.12017	1	0.74529	0.55620	12.67677	1.12885	1	-0.00369	-0.00926	0.69369	0.00246	1	0.06682	-0.01427	0.71004	0.00369	1	1.45898	0.81042	0	
1269917	8564.51855	3306444781620	0.48653	0.21367	8564.37109	0.14746	11888	1	0.51499	0.12113	1	0.48484	0.27131	1	0.49992	0.19622	1	0.48470	0.53138	11.91397	1.11977	1	0.74515	0.55623	12.97103	1.11977	1	-0.00373	-0.00917	0.69114	0.00251	1	0.06346	-0.01357	0.67490	0.00402	1	1.45898	0.81042	0	
1269918	8564.52539	3306444849611	0.48719	0.21548	8564.37109	0.15430	11888	1	0.53265	0.23189	1	0.47195	0.28229	1	0.50230	0.25709	1	0.48497	0.53304	12.10864	1.11068	1	0.74505	0.55617	12.91680	1.10200	1	-0.00373	-0.00917	0.69114	0.00364	1	0.06346	-0.01357	0.67490	0.00375	1	1.45898	0.81042	0	
1269919	8564.53223	3306444913613	0.48814	0.21801	8564.37109	0.16113	11888	1	0.55508	0.27531	1	0.46718	0.28224	1	0.51113	0.27878	1	0.48499	0.53332	11.69243	1.09292	1	0.74500	0.55605	12.82257	1.08424	1	-0.00373	-0.00917	0.69114	0.00368	1	0.06346	-0.01357	0.67490	0.00388	1	1.45898	0.81042	0	
1269920	8564.53809	3306444979157	0.48904	0.22092	8564.37109	0.16699	11888	1	0.55646	0.28999	1	0.46666	0.29729	1	0.51156	0.29364	1	0.48455	0.53120	11.75473	1.07515	1	0.74509	0.55592	12.90969	1.06647	1	-0.00369	-0.00897	0.68323	0.00242	1	0.06346	-0.01357	0.67490	0.00392	1	1.45898	0.81042	0	
1269921	8564.54492	3306445048501	0.48983	0.21969	8564.37109	0.17383	11888	1	0.52247	0.12617	1	0.49816	0.24900	1	0.51031	0.18758	1	0.48450	0.53115	12.04433	1.06647	1	0.74550	0.55548	12.40075	1.06647	1	-0.00369	-0.00897	0.68323	0.00239	1	0.06346	-0.01357	0.67490	0.00387	1	1.45898	0.81042	0	
1269922	8564.55176	3306445113371	0.49027	0.21887	8564.37109	0.18066	11888	1	0.52041	0.11168	1	0.48387	0.28217	1	0.50214	0.19692	1	0.48455	0.53120	11.75652	1.06647	1	0.74521	0.55583	12.89915	1.06647	1	-0.00369	-0.00897	0.68323	0.00242	1	0.06346	-0.01357	0.67490	0.00392	1	1.45898	0.81042	0	
1269923	8564.55859	3306445184091	0.49068	0.21812	8564.37109	0.18750	11888	1	0.52041	0.11168	1	0.48387	0.28217	1	0.50214	0.19692	1	0.48448	0.53124	11.79137	1.06647	1	0.74536	0.55550	12.31643	1.06647	1	-0.00369	-0.00897	0.68323	0.00242	1	0.06346	-0.01357	0.67490	0.00398	1	1.45898	0.81042	0	
1269924	8564.56543	3306445244582	0.49166	0.21924	8564.37109	0.19434	11888	1	0.54309	0.28565	1	0.49679	0.21800	1	0.51994	0.25182	1	0.48472	0.53317	11.61825	1.06647	1	0.74549	0.55541	12.08706	1.06647	1	-0.00369	-0.00897	0.68323	0.00383	1	0.06346	-0.01357	0.67490	0.00397	1	1.45898	0.81042	0	
1269925	8564.57227	3306445315374	0.49218	0.21849	8564.37109	0.20117	11888	1	0.52154	0.12946	1	0.49442	0.26214	1	0.50798	0.19580	1	0.48451	0.53125	11.82736	1.06647	1	0.74546	0.55581	12.34889	1.06647	1	-0.00369	-0.00897	0.68323	0.00242	1	0.06346	-0.01357	0.67490	0.00381	1	1.45898	0.81042	0	
1269926	8564.57812	3306445381072	0.49267	0.21751	8564.37109	0.20703	11888	1	0.52058	0.12050	1	0.49492	0.25412	1	0.50775	0.18731	1	0.48446	0.53130	11.81496	1.07556	1	0.74514	0.55537	12.80150	1.07556	1	-0.00389	-0.00944	0.71109	0.00250	1	0.06399	-0.01363	0.68053	0.00399	1	1.45898	0.81042	0	
1269927	8564.58496	3306445449117	0.49310	0.21853	8564.37109	0.21387	11888	1	0.53946	0.26687	1	0.47419	0.23539	1	0.50682	0.25113	1	0.48466	0.53322	11.43747	1.08464	1	0.74510	0.55574	13.22152	1.08464	1	-0.00389	-0.00944	0.71109	0.00383	1	0.06399	-0.01363	0.68053	0.00390	1	1.45898	0.81042	0	
1269928	8564.59277	3306445519484	0.49374	0.22017	8564.37109	0.22168	11888	1	0.55518	0.31817	1	0.47471	0.23042	1	0.51495	0.27429	1	0.48493	0.53382	12.28976	1.09373	1	0.74507	0.55561	13.22929	1.09373	1	-0.00389	-0.00944	0.71109	0.00364	1	0.06399	-0.01363	0.68053	0.00399	1	1.45898	0.81042	0	
1269929	8564.59961	3306445587378	0.49435	0.22172	8564.37109	0.22852	11888	1	0.55518	0.31817	1	0.47471	0.23042	1	0.51495	0.27429	1	0.48439	0.53121	12.00498	1.09373	1	0.74540	0.55578	12.77149	1.09373	1	-0.00369	-0.00897	0.68323	0.00246	1	0.06346	-0.01346	0.67490	0.00394	1	1.45898	0.81042	0	
1269930	8564.60547	3306445653043	0.49469	0.22045	8564.37109	0.23438	11888	1	0.51123	0.11263	1	0.50243	0.23993	1	0.50683	0.17628	1	0.48444	0.53128	11.89484	1.08464	1	0.74559	0.55520	11.95417	1.08464	1	-0.00369	-0.00897	0.68323	0.00249	1	0.06346	-0.01346	0.67490	0.00401	1	1.45898	0.81042	0	
1269931	8564.61230	3306445720575	0.49489	0.22045	8564.37109	0.24121	11888	1	0.51440	0.12210	1	0.48948	0.31837	1	0.50194	0.22024	1	0.48441	0.53127	11.71934	1.07556	1	0.74535	0.55568	12.64853	1.07556	1	-0.00369	-0.00897	0.68323	0.00248	1	0.06346	-0.01346	0.67490	0.00386	1	1.45898	0.81042	0	
1269932	8564.61914	3306445787379	0.49508	0.22066	8564.37109	0.24805	11888	1	0.51540	0.13105	1	0.48903	0.32584	1	0.50222	0.22845	1	0.48466	0.53329	11.70624	1.06647	1	0.74509	0.55547	13.00024	1.06647	1	-0.00367	-0.00888	0.68049	0.00381	1	0.06346	-0.01346	0.67490	0.00395	1	1.45898	0.81042	0	
1269933	8564.62598	3306445854025	0.49554	0.22027	8564.37109	0.25488	11888	1	0.53114	0.11717	1	0.49468	0.29347	1	0.51291	0.20532	1	0.48455	0.53105	12.17744	1.06647	1	0.74541	0.55558	12.49448	1.06647	1	-0.00367	-0.00888	0.68049	0.00245	1	0.06346	-0.01346	0.67490	0.00391	1	1.45898	0.81042	0	
1269934	8564.63281	3306445921446	0.49632	0.22182	8564.37109	0.26172	11888	1	0.54670	0.30440	1	0.50699	0.26037	1	0.52684	0.28238	1	0.48480	0.53327	11.74769	1.06647	1	0.74559	0.55521	12.10386	1.06647	1	-0.00367	-0.00888	0.68049	0.00370	1	0.06346	-0.01346	0.67490	0.00401	1	1.45898	0.81042	0	
1269935	8564.63965	3306445987029	0.49707	0.22330	8564.37109	0.26855	11888	1	0.54670	0.30440	1	0.50699	0.26037	1	0.52684	0.28238	1	0.48457	0.53099	12.22879	1.06647	1	0.74533	0.55574	12.84629	1.06647	1	-0.00367	-0.00888	0.68049	0.00242	1	0.06346	-0.01336	0.67490	0.00373	1	1.45898	0.81042	0	
1269936	8564.64648	3306446055655	0.49731	0.22293	8564.37109	0.27539	11888	1	0.52569	0.11578	1	0.48902	0.30017	1	0.50735	0.20797	1	0.48454	0.53114	11.96954	1.06647	1	0.74531	0.55566	12.59111	1.06647	1	-0.00367	-0.00888	0.68049	0.00241	1	0.06346	-0.01336	0.67490	0.00380	1	1.45898	0.81042	0	
1269937	8564.65234	3306446122292	0.49757	0.22296	8564.37109	0.28125	11888	1	0.52292	0.17851	1	0.49424	0.26948	1	0.50858	0.22399	1	0.48457	0.53099	12.22879	1.06647	1	0.74547	0.55527	12.29139	1.06647	1	-0.00367	-0.00888	0.68049	0.00242	1	0.06346	-0.01336	0.67490	0.00408	1	1.45898	0.81042	0	
1269938	8564.65918	3306446189255	0.49782	0.22298	8564.37109	0.28809	11888	1	0.52292	0.17851	1	0.49424	0.26948	1	0.50858	0.22399	1	0.48446	0.53087	11.88157	1.06647	1	0.74533	0.55538	12.37304	1.06647	1	-0.00367	-0.00888	0.68049	0.00248	1	0.06403	-0.01353	0.68099	0.00390	1	1.45898	0.81042	0	
1269939	8564.66602	3306446256251	0.49781	0.22465	8564.37109	0.29492	11888	1	0.53172	0.27214	1	0.46297	0.32380	1	0.49735	0.29797	1	0.48497	0.53261	12.13014	1.06647	1	0.74528	0.55544	12.46907	1.06647	1	-0.00367	-0.00888	0.68049	0.00364	1	0.06403	-0.01353	0.68099	0.00383	1	1.45898	0.81042	0	
1269940	8564.67285	3306446322051	0.49775	0.22650	8564.37109	0.30176	11888	1	0.52253	0.27372	1	0.46737	0.34626	1	0.49495	0.30999	1	0.48478	0.53213	11.91928	1.06647	1	0.74544	0.55569	12.28515	1.06647	1	-0.00367	-0.00888	0.68049	0.00380	1	0.06403	-0.01353	0.68099	0.00379	1	1.45898	0.81042	0	
1269941	8564.67969	3306446390245	0.49768	0.22812	8564.37109	0.30859	11888	1	0.52157	0.26599	1	0.46764	0.33898	1	0.49460	0.30249	1	0.48485	0.53239	11.55966	1.07556	1	0.74508	0.55591	13.47012	1.07556	1	-0.00381	-0.00933	0.71476	0.00415	1	0.06346	-0.01336	0.67490	0.00390	1	1.45898	0.81042	0	
1269942	8564.68652	3306446457103	0.50366	0.25555	8564.37109	0.30859	11888	0	0.50212	0.24365	1	0.42128	0.31931	1	0.46170	0.28148	1	0.48488	0.53191	11.80634	1.08464	1	0.74508	0.55584	13.37323	1.08464	1	-0.00381	-0.00933	0.71476	0.00375	1	0.06346	-0.01336	0.67490	0.00394	1	1.45898	0.81042	0	
1269943	8564.69238	3306446522994	0.49362	0.28090	8564.37109	0.30859	11888	0	0.51899	0.29563	1	0.44817	0.31687	1	0.48358	0.30625	1	0.48515	0.53252	11.94595	1.09373	1	0.74551	0.55580	12.56920	1.09373	1	-0.00381	-0.00933	0.71476	0.00369	1	0.06346	-0.01336	0.67490	0.00390	1	1.45898	0.81042	0	
1269944	8564.69922	3306446591315	0.49013	0.28690	8564.37109	0.30859	11888	0	0.51803	0.28828	1	0.44828	0.30954	1	0.48316	0.29891	1	0.48512	0.53283	12.36865	1.10281	1	0.74596	0.55556	13.11786	1.10281	1	-0.00381	-0.00933	0.71476	0.00355	1	0.06426	-0.01351	0.68228	0.00398	1	1.45898	0.81042	0	
1269945	8564.70605	3306446658475	0.49059	0.29088	8564.68652	0.01953	11889	1	0.51704	0.31633	1	0.46691	0.28928	1	0.49198	0.30280	1	0.48514	0.53283	12.25560	1.10281	1	0.74579	0.55549	13.35446	1.10281	1	-0.00381	-0.00933	0.71476	0.00361	1	0.06426	-0.01351	0.68228	0.00389	1	1.45898	0.81042	0	
1269946	8564.71289	3306446725179	0.48733	0.27481	8564.68652	0.02637	11889	1	0.47926	0.14361	1	0.46926	0.27751	1	0.47426	0.21056	1	0.48470	0.53083	12.09571	1.10281	1	0.74581	0.55529	13.29160	1.10281	1	-0.00381	-0.00933	0.71476	0.00243	1	0.06426	-0.01351	0.68228	0.00388	1	1.45898	0.81042	0	
1269947	8564.71973	3306446791487	0.48513	0.26464	8564.68652	0.03320	11889	1	0.47926	0.14361	1	0.46903	0.28392	1	0.47414	0.21376	1	0.48487	0.53061	11.96173	1.10281	1	0.74585	0.55554	13.21348	1.09515	1	-0.00381	-0.00933	0.71476	0.00251	1	0.06185	-0.01299	0.65619	0.00379	1	1.45898	0.81042	0	
1269948	8564.72656	3306446856950	0.48643	0.27717	8564.68652	0.04004	11889	1	0.53081	0.35187	1	0.45767	0.35281	1	0.49424	0.35234	1	0.48522	0.53305	12.54002	1.09515	1	0.74572	0.55579	13.15142	1.08749	1	-0.00381	-0.00933	0.71476	0.00358	1	0.06185	-0.01299	0.65619	0.00389	1	1.45898	0.81042	0	
1269949	8564.73340	3306446926010	0.48567	0.27102	8564.68652	0.04688	11889	1	0.49159	0.16085	1	0.46911	0.29511	1	0.48035	0.22798	1	0.48482	0.53072	12.31201	1.08749	1	0.74576	0.55570	13.45827	1.07983	1	-0.00381	-0.00933	0.71476	0.00240	1	0.06185	-0.01299	0.65619	0.00385	1	1.45898	0.81042	0	
1269950	8564.74023	3306446993504	0.48518	0.26754	8564.68652	0.05371	11889	1	0.49371	0.17658	1	0.46883	0.30273	1	0.48127	0.23966	1	0.48486	0.53220	11.76521	1.07075	1	0.74561	0.55574	13.32334	1.07075	1	-0.00362	-0.00901	0.69027	0.00384	1	0.06369	-0.01337	0.67516	0.00394	1	1.45898	0.81042	0	
1269951	8564.74609	3306447060857	0.48496	0.27339	8564.68652	0.05957	11889	1	0.50524	0.32508	1	0.46064	0.32705	1	0.48294	0.32606	1	0.48488	0.53267	11.86636	1.06166	1	0.74574	0.55587	13.33444	1.06932	1	-0.00362	-0.00901	0.69027	0.00359	1	0.06369	-0.01337	0.67516	0.00391	1	1.45898	0.81042	0	
1269952	8564.75293	3306447127093	0.48469	0.27040	8564.68652	0.06641	11889	1	0.50548	0.14625	1	0.45848	0.33489	1	0.48198	0.24057	1	0.48497	0.53052	12.29235	1.06024	1	0.74568	0.55598	13.27961	1.06790	1	-0.00362	-0.00901	0.69027	0.00245	1	0.06369	-0.01337	0.67516	0.00383	1	1.45898	0.81042	0	
1269953	8564.75977	3306447194106	0.48447	0.26802	8564.68652	0.07324	11889	1	0.50565	0.14765	1	0.45845	0.33604	1	0.48205	0.24185	1	0.48502	0.53064	12.22175	1.05881	1	0.74595	0.55603	13.56525	1.06647	1	-0.00362	-0.00901	0.69027	0.00243	1	0.06503	-0.01370	0.68940	0.00381	1	1.45898	0.81042	0	
1269954	8564.76660	3306447260200	0.48577	0.26328	8564.68652	0.08008	11889	1	0.51189	0.16328	1	0.49092	0.24928	1	0.50140	0.20628	1	0.48509	0.53074	12.27117	1.06647	1	0.74610	0.55564	13.13592	1.06647	1	-0.00362	-0.00901	0.69027	0.00246	1	0.06503	-0.01370	0.68940	0.00379	1	1.45898	0.81042	0	
1269955	8564.77344	3306447328122	0.48683	0.26495	8564.68652	0.08691	11889	1	0.52494	0.25400	1	0.47614	0.31938	1	0.50054	0.28669	1	0.48521	0.53181	11.39626	1.06647	1	0.74592	0.55577	13.37476	1.06647	1	-0.00362	-0.00901	0.69027	0.00394	1	0.06503	-0.01370	0.68940	0.00377	1	1.45898	0.81042	0	
1269956	8564.78027	3306447394987	0.48774	0.26640	8564.68652	0.09375	11889	1	0.52494	0.25400	1	0.47614	0.31938	1	0.50054	0.28669	1	0.48531	0.53060	11.84315	1.06647	1	0.74577	0.55571	13.21894	1.06647	1	-0.00348	-0.00890	0.68202	0.00256	1	0.06369	-0.01337	0.67516	0.00379	1	1.45898	0.81042	0	
1269957	8564.78711	3306447462573	0.48898	0.26352	8564.68652	0.10059	11889	1	0.51712	0.16168	1	0.49792	0.27905	1	0.50752	0.22036	1	0.48531	0.53060	11.84315	1.06647	1	0.74626	0.55546	12.27316	1.06647	1	-0.00348	-0.00890	0.68202	0.00255	1	0.06369	-0.01337	0.67516	0.00396	1	1.45898	0.81042	0	
1269958	8564.79297	3306447529040	0.48982	0.26090	8564.68652	0.10645	11889	1	0.50917	0.14937	1	0.49731	0.28861	1	0.50324	0.21899	1	0.48523	0.53064	12.02874	1.06647	1	0.74625	0.55586	12.29048	1.06647	1	-0.00348	-0.00890	0.68202	0.00248	1	0.06369	-0.01337	0.67516	0.00378	1	1.45898	0.81042	0	
1269959	8564.79980	3306447595861	0.49056	0.25857	8564.68652	0.11328	11889	1	0.50917	0.14937	1	0.49731	0.28861	1	0.50324	0.21899	1	0.48527	0.53075	12.05408	1.06647	1	0.74621	0.55582	12.42361	1.06647	1	-0.00348	-0.00890	0.68202	0.00248	1	0.06503	-0.01370	0.68940	0.00382	1	1.45898	0.81042	0	
1269960	8564.80664	3306447661180	0.49143	0.25486	8564.68652	0.12012	11889	1	0.52339	0.14508	1	0.49073	0.23110	1	0.50706	0.18809	1	0.48525	0.53069	12.18887	1.06647	1	0.74616	0.55560	12.30348	1.06647	1	-0.00348	-0.00890	0.68202	0.00246	1	0.06503	-0.01370	0.68940	0.00392	1	1.45898	0.81042	0	
1269961	8564.81348	3306447729997	0.49193	0.25361	8564.68652	0.12695	11889	1	0.51531	0.15669	1	0.48758	0.30310	1	0.50144	0.22989	1	0.48518	0.53065	12.27192	1.06647	1	0.74615	0.55567	12.73906	1.06647	1	-0.00348	-0.00890	0.68202	0.00239	1	0.06503	-0.01370	0.68940	0.00388	1	1.45898	0.81042	0	
1269962	8564.82031	3306447796845	0.49238	0.25248	8564.68652	0.13379	11889	1	0.51531	0.15669	1	0.48758	0.30310	1	0.50144	0.22989	1	0.48570	0.53236	11.84994	1.06647	1	0.74638	0.55568	12.51995	1.06647	1	-0.00348	-0.00890	0.68202	0.00353	1	0.06503	-0.01370	0.68940	0.00398	1	1.45898	0.81042	0	
1269963	8564.82715	3306447863743	0.49376	0.25433	8564.68652	0.14062	11889	1	0.55776	0.28291	1	0.48758	0.30310	1	0.52267	0.29300	1	0.48575	0.53207	11.80640	1.06647	1	0.74615	0.55567	12.73906	1.06647	1	-0.00348	-0.00890	0.68202	0.00397	1	0.06503	-0.01370	0.68940	0.00389	1	1.45898	0.81042	0	
1269964	8564.83301	3306447924462	0.49411	0.25133	8564.68652	0.14648	11889	1	0.52485	0.16137	1	0.47897	0.20962	1	0.50191	0.18550	1	0.48535	0.53074	12.06923	1.06647	1	0.74595	0.55514	12.57395	1.06647	1	-0.00348	-0.00890	0.68202	0.00253	1	0.06503	-0.01370	0.68940	0.00403	1	1.45898	0.81042	0	
1269965	8564.83984	3306447998298	0.49444	0.24859	8564.68652	0.15332	11889	1	0.52485	0.16137	1	0.47897	0.20962	1	0.50191	0.18550	1	0.48530	0.53046	12.51689	1.06647	1	0.74613	0.55513	12.29439	1.06647	1	-0.00348	-0.00890	0.68202	0.00247	1	0.06369	-0.01347	0.67516	0.00405	1	1.45898	0.81042	0	
1269966	8564.84668	3306448062595	0.49522	0.24636	8564.68652	0.16016	11889	1	0.52868	0.15146	1	0.49919	0.23397	1	0.51394	0.19271	1	0.48539	0.53073	12.27883	1.06647	1	0.74626	0.55546	12.27316	1.06647	1	-0.00348	-0.00890	0.68202	0.00255	1	0.06369	-0.01347	0.67516	0.00396	1	1.45898	0.81042	0	
1269967	8564.85352	3306448131401	0.50656	0.21910	8564.68652	0.16016	11889	0	0.52826	0.11361	1	0.49931	0.24550	1	0.51379	0.17956	1	0.48532	0.53064	12.02564	1.06647	1	0.74629	0.55537	12.24482	1.06647	1	-0.00348	-0.00890	0.68202	0.00253	1	0.06369	-0.01347	0.67516	0.00397	1	1.45898	0.81042	0	
1269968	8564.86035	3306448198718	0.51017	0.19933	8564.68652	0.16016	11889	0	0.52826	0.11361	1	0.49931	0.24550	1	0.51379	0.17956	1	0.48516	0.53075	12.40357	1.06647	1	0.74649	0.55556	12.60058	1.06647	1	-0.00348	-0.00890	0.68202	0.00246	1	0.06503	-0.01370	0.68940	0.00400	1	1.45898	0.81042	0	
1269969	8564.86719	3306448265287	0.50755	0.19560	8564.68652	0.16016	11889	0	0.51217	0.12326	1	0.49246	0.25305	1	0.50232	0.18816	1	0.48513	0.53077	12.36130	1.06647	1	0.74622	0.55551	12.65159	1.06647	1	-0.00348	-0.00890	0.68202	0.00249	1	0.06503	-0.01370	0.68940	0.00390	1	1.45898	0.81042	0	
1269970	8564.87402	3306448332544	0.50767	0.19192	8564.85352	0.02051	11890	1	0.51897	0.13438	1	0.49705	0.22733	1	0.50801	0.18086	1	0.48524	0.53089	11.90641	1.06647	1	0.74622	0.55544	12.60009	1.06647	1	-0.00348	-0.00890	0.68202	0.00247	1	0.06503	-0.01370	0.68940	0.00394	1	1.45898	0.81042	0	
1269971	8564.88086	3306448399504	0.50774	0.18971	8564.85352	0.02734	11890	1	0.51897	0.13438	1	0.49705	0.22733	1	0.50801	0.18086	1	0.48503	0.53111	11.82858	1.06647	1	0.74589	0.55557	12.95317	1.06647	1	-0.00362	-0.00901	0.69027	0.00254	1	0.06503	-0.01381	0.68940	0.00388	1	1.45898	0.81042	0	
1269972	8564.88672	3306448466805	0.50559	0.19648	8564.85352	0.03320	11890	1	0.51239	0.27944	1	0.47736	0.18123	1	0.49488	0.23033	1	0.48498	0.53304	12.00787	1.06647	1	0.74596	0.55500	12.69334	1.06647	1	-0.00362	-0.00901	0.69027	0.00378	1	0.06503	-0.01381	0.68940	0.00418	1	1.45898	0.81042	0	
1269973	8564.89355	3306448533764	0.50642	0.20413	8564.85352	0.04004	11890	1	0.53926	0.29036	1	0.48357	0.20975	1	0.51142	0.25006	1	0.48546	0.53322	12.04392	1.06647	1	0.74602	0.55502	12.80307	1.06647	1	-0.00362	-0.00901	0.69027	0.00394	1	0.06503	-0.01381	0.68940	0.00405	1	1.45898	0.81042	0	
1269974	8564.90039	3306448599761	0.50705	0.20987	8564.85352	0.04688	11890	1	0.53926	0.29036	1	0.48357	0.20975	1	0.51142	0.25006	1	0.48510	0.53346	12.66579	1.06647	1	0.74577	0.55604	13.03483	1.06647	1	-0.00362	-0.00901	0.69027	0.00367	1	0.06369	-0.01357	0.67516	0.00388	1	1.45898	0.81042	0	
1269975	8564.90723	3306448667677	0.50440	0.21961	8564.85352	0.05371	11890	1	0.51015	0.29340	1	0.45623	0.30156	1	0.48319	0.29748	1	0.48496	0.53301	12.03796	1.06647	1	0.74557	0.55557	13.11961	1.06647	1	-0.00362	-0.00901	0.69027	0.00383	1	0.06369	-0.01357	0.67516	0.00423	1	1.45898	0.81042	0	
1269976	8564.91406	3306448734660	0.50205	0.21577	8564.85352	0.06055	11890	1	0.50057	0.11671	1	0.46119	0.24579	1	0.48088	0.18125	1	0.48509	0.53110	11.89349	1.06647	1	0.74567	0.55560	12.97561	1.06647	1	-0.00362	-0.00901	0.69027	0.00248	1	0.06369	-0.01357	0.67516	0.00422	1	1.45898	0.81042	0	
1269977	8564.92090	3306448801632	0.50012	0.21263	8564.85352	0.06738	11890	1	0.50057	0.11671	1	0.46119	0.24579	1	0.48088	0.18125	1	0.48510	0.53346	12.66579	1.06647	1	0.74586	0.55547	12.88326	1.06647	1	-0.00362	-0.00901	0.69027	0.00366	1	0.06503	-0.01381	0.68940	0.00415	1	1.45898	0.81042	0	
1269978	8564.92676	3306448866623	0.50162	0.21623	8564.85352	0.07324	11890	1	0.55271	0.31373	1	0.48344	0.19796	1	0.51808	0.25585	1	0.48564	0.53342	12.02134	1.06647	1	0.74603	0.55487	12.55865	1.06647	1	-0.00362	-0.00901	0.69027	0.00374	1	0.06503	-0.01381	0.68940	0.00421	1	1.45898	0.81042	0	
1269979	8564.93359	3306448934126	0.50043	0.22239	8564.85352	0.08008	11890	1	0.50083	0.32433	1	0.47158	0.26823	1	0.48620	0.29628	1	0.48483	0.53332	12.18810	1.06647	1	0.74577	0.55585	12.90311	1.06647	1	-0.00362	-0.00901	0.69027	0.00381	1	0.06503	-0.01381	0.68940	0.00406	1	1.45898	0.81042	0	
1269980	8564.94043	3306448999130	0.49942	0.22767	8564.85352	0.08691	11890	1	0.50083	0.32433	1	0.47158	0.26823	1	0.48620	0.29628	1	0.48489	0.53113	12.04389	1.06647	1	0.74597	0.55516	12.65161	1.06647	1	-0.00362	-0.00901	0.69027	0.00242	1	0.06369	-0.01357	0.67516	0.00417	1	1.45898	0.81042	0	
1269981	8564.94727	3306449066241	0.49971	0.22921	8564.85352	0.09375	11890	1	0.52765	0.29316	1	0.48012	0.20854	1	0.50388	0.25085	1	0.48527	0.53294	12.29687	1.06647	1	0.74595	0.55495	12.72653	1.06647	1	-0.00362	-0.00901	0.69027	0.00408	1	0.06369	-0.01357	0.67516	0.00419	1	1.45898	0.81042	0	
1269982	8564.95410	3306449134440	0.49993	0.23048	8564.85352	0.10059	11890	1	0.52388	0.29201	1	0.48239	0.20696	1	0.50314	0.24948	1	0.48520	0.53322	12.52880	1.06647	1	0.74601	0.55512	12.60506	1.06647	1	-0.00362	-0.00901	0.69027	0.00373	1	0.06369	-0.01357	0.67516	0.00415	1	1.45898	0.81042	0	
1269983	8564.96094	3306449199973	0.50009	0.23134	8564.85352	0.10742	11890	1	0.52293	0.28444	1	0.48245	0.20563	1	0.50269	0.24503	1	0.48496	0.53128	12.17513	1.07556	1	0.74566	0.55637	13.28659	1.06790	1	-0.00381	-0.00933	0.71476	0.00251	1	0.06185	-0.01319	0.65619	0.00384	1	1.45898	0.81042	0	
1269984	8564.96777	3306449268343	0.49880	0.22983	8564.85352	0.11426	11890	1	0.48682	0.11857	1	0.46694	0.28990	1	0.47688	0.20424	1	0.48484	0.53120	12.05495	1.07698	1	0.74577	0.55562	13.09229	1.06932	1	-0.00381	-0.00933	0.71476	0.00247	1	0.06185	-0.01319	0.65619	0.00391	1	1.45898	0.81042	0	
1269985	8564.97363	3306449333653	0.49893	0.23141	8564.85352	0.12012	11890	1	0.52207	0.28386	1	0.48033	0.23579	1	0.50120	0.25983	1	0.48519	0.53330	12.49512	1.07841	1	0.74598	0.55543	12.66919	1.07075	1	-0.00381	-0.00933	0.71476	0.00372	1	0.06185	-0.01319	0.65619	0.00392	1	1.45898	0.81042	0	
1269986	8564.98047	3306449400150	0.49905	0.23260	8564.85352	0.12695	11890	1	0.52192	0.28268	1	0.48071	0.22759	1	0.50131	0.25513	1	0.48527	0.53324	12.51158	1.07983	1	0.74575	0.55568	13.11537	1.07983	1	-0.00364	-0.00896	0.68289	0.00383	1	0.06426	-0.01371	0.68228	0.00391	1	1.45898	0.81042	0	
1269987	8564.98730	3306449469187	0.49872	0.23399	8564.85352	0.13379	11890	1	0.52014	0.27966	1	0.46407	0.24390	1	0.49210	0.26178	1	0.48521	0.53310	12.23398	1.07983	1	0.74571	0.55574	13.14388	1.08749	1	-0.00364	-0.00896	0.68289	0.00387	1	0.06426	-0.01371	0.68228	0.00393	1	1.45898	0.81042	0	
1269988	8564.99414	3306449538688	0.49841	0.23386	8564.85352	0.14062	11890	1	0.51583	0.23311	1	0.46816	0.22923	1	0.49199	0.23117	1	0.48511	0.53268	12.07605	1.08749	1	0.74574	0.55573	13.14096	1.09515	1	-0.00364	-0.00896	0.68289	0.00398	1	0.06426	-0.01371	0.68228	0.00393	1	1.45898	0.81042	0	
1269989	8565.00098	3306449606280	0.49811	0.23360	8564.85352	0.14746	11890	1	0.51500	0.22644	1	0.46816	0.22923	1	0.49158	0.22783	1	0.48483	0.53340	12.01449	1.09515	1	0.74600	0.55613	13.19740	1.09515	1	-0.00364	-0.00901	0.68289	0.00375	1	0.06185	-0.01319	0.65619	0.00383	1	1.45898	0.81042	0	
1269990	8565.00781	3306449671152	0.49774	0.23069	8564.85352	0.15430	11890	1	0.50977	0.09575	1	0.46863	0.23197	1	0.48920	0.16386	1	0.48473	0.53121	12.14735	1.09515	1	0.74578	0.55562	13.00941	1.08749	1	-0.00364	-0.00901	0.68289	0.00252	1	0.06185	-0.01319	0.65619	0.00397	1	1.45898	0.81042	0	
1269991	8565.01465	3306449739662	0.49840	0.22847	8564.85352	0.16113	11890	1	0.51282	0.07091	1	0.51546	0.27925	1	0.51414	0.17508	1	0.48441	0.53138	11.76954	1.08749	1	0.74577	0.55617	13.15565	1.07983	1	-0.00364	-0.00901	0.68289	0.00250	1	0.06185	-0.01319	0.65619	0.00387	1	1.45898	0.81042	0	
1269992	8565.02148	3306449806505	0.49902	0.22702	8564.85352	0.16797	11890	1	0.51467	0.08800	1	0.51425	0.29361	1	0.51446	0.19081	1	0.48249	0.53483	11.62747	1.07075	1	0.74355	0.55654	13.50636	1.06309	1	-0.00399	-0.00921	0.68243	0.00381	1	0.06187	-0.01338	0.66060	0.00345	1	1.45898	0.81042	0	
1269993	8565.02734	3306449872411	0.49692	0.22715	8564.85352	0.17383	11890	1	0.42608	0.18835	1	0.45886	0.27292	1	0.44247	0.23063	1	0.48133	0.53319	11.59901	1.05400	1	0.74292	0.55665	12.64304	1.05400	1	-0.00399	-0.00921	0.68243	0.00244	1	0.06187	-0.01338	0.66060	0.00393	1	1.45898	0.81042	0	
1269994	8565.03418	3306449940398	0.49685	0.22772	8564.85352	0.18066	11890	1	0.46803	0.17017	1	0.52153	0.31626	1	0.49478	0.24321	1	0.48109	0.53304	11.00982	1.04492	1	0.74280	0.55707	13.10336	1.04492	1	-0.00399	-0.00921	0.68243	0.00262	1	0.06187	-0.01338	0.66060	0.00355	1	1.45898	0.81042	0	
1269995	8565.04102	3306450007107	0.49678	0.22815	8564.85352	0.18750	11890	1	0.46803	0.17017	1	0.52215	0.30974	1	0.49509	0.23995	1	0.47693	0.53449	11.28062	1.04492	1	0.73787	0.55776	13.26115	1.05258	1	-0.00489	-0.00994	0.71627	0.00247	1	0.06256	-0.01387	0.67721	0.00374	1	1.45898	0.81042	0	
1269996	8565.04785	3306450074214	0.48934	0.23184	8564.85352	0.19434	11890	1	0.26233	0.29540	1	0.28437	0.38233	1	0.27335	0.33887	1	0.47616	0.53485	11.43290	1.06166	1	0.73733	0.55865	12.34065	1.06932	1	-0.00489	-0.00994	0.71627	0.00254	1	0.06256	-0.01387	0.67721	0.00397	1	1.45898	0.81042	0	
1269997	8565.05469	3306450140014	0.45839	0.23963	8564.85352	0.19434	11890	0	0.26649	0.29414	1	0.33389	0.34041	1	0.30019	0.31728	1	0.47632	0.53488	11.46293	1.07841	1	0.73737	0.55826	12.44190	1.08607	1	-0.00489	-0.00994	0.71627	0.00249	1	0.06256	-0.01387	0.67721	0.00405	1	1.45898	0.81042	0	
1269998	8565.06152	3306450208311	0.37853	0.27536	8564.85352	0.19434	11890	0	0.26415	0.28773	1	0.33321	0.33443	1	0.29868	0.31108	1	0.47551	0.53537	11.17438	1.08607	1	0.73639	0.55864	12.84328	1.09373	1	-0.00489	-0.00947	0.67905	0.00250	1	0.06277	-0.01403	0.68285	0.00373	1	1.45898	0.81042	0	
1269999	8565.06836	3306450275350	0.34011	0.29358	8564.85352	0.19434	11890	0	0.25596	0.27910	1	0.27054	0.38098	1	0.26325	0.33004	1	0.47537	0.53536	11.04779	1.08464	1	0.73641	0.55860	12.81491	1.08464	1	-0.00489	-0.00947	0.67905	0.00249	1	0.06277	-0.01403	0.68285	0.00376	1	1.45898	0.81042	0	
1270000	8565.07520	3306450342320	0.27631	0.33117	8564.85352	0.19434	11890	0	0.26181	0.32311	1	0.27222	0.38169	1	0.26701	0.35240	1	0.47544	0.53532	11.33981	1.07556	1	0.73641	0.55878	12.87280	1.07556	1	-0.00489	-0.00947	0.67905	0.00246	1	0.06277	-0.01403	0.68285	0.00372	1	1.45898	0.81042	0	
1270001	8565.08105	3306450409073	0.27239	0.34371	8564.85352	0.19434	11890	0	0.26465	0.33049	1	0.27227	0.38200	1	0.26846	0.35624	1	0.47528	0.53545	10.92597	1.06647	1	0.73640	0.55881	12.75110	1.07515	1	-0.00489	-0.00947	0.67905	0.00258	1	0.06446	-0.01440	0.70058	0.00373	1	1.45898	0.81042	0	
1270002	8565.08789	3306450475491	0.26379	0.35117	8564.85352	0.19434	11890	0	0.23719	0.32355	1	0.25598	0.40865	1	0.24658	0.36610	1	0.47515	0.53534	11.22608	1.07515	1	0.73623	0.55906	13.16803	1.08383	1	-0.00489	-0.00947	0.67905	0.00256	1	0.06446	-0.01440	0.70058	0.00370	1	1.45898	0.81042	0	
1270003	8565.09473	3306450542643	0.26044	0.34978	8565.07520	0.01953	11891	1	0.24089	0.27558	1	0.25988	0.41561	1	0.25038	0.34559	1	0.47508	0.53542	10.95673	1.08383	1	0.73631	0.55913	12.90941	1.09251	1	-0.00489	-0.00947	0.67905	0.00258	1	0.06446	-0.01440	0.70058	0.00368	1	1.45898	0.81042	0	
1270004	8565.10156	3306450610488	0.25814	0.34820	8565.07520	0.02637	11891	1	0.23808	0.26818	1	0.25988	0.41561	1	0.24898	0.34190	1	0.47490	0.53534	11.23689	1.09251	1	0.73613	0.55889	12.88965	1.09251	1	-0.00506	-0.00961	0.68899	0.00244	1	0.06277	-0.01403	0.68285	0.00387	1	1.45898	0.81042	0	
1270005	8565.10840	3306450677239	0.25439	0.34737	8565.07520	0.03320	11891	1	0.21800	0.31734	1	0.25322	0.36904	1	0.23561	0.34319	1	0.47488	0.53528	11.56335	1.09251	1	0.73614	0.55858	12.58646	1.08383	1	-0.00506	-0.00961	0.68899	0.00249	1	0.06277	-0.01403	0.68285	0.00383	1	1.45898	0.81042	0	
1270006	8565.11523	3306450744638	0.25170	0.34835	8565.07520	0.04004	11891	1	0.21698	0.30875	1	0.25412	0.39972	1	0.23555	0.35424	1	0.47485	0.53527	11.60834	1.08383	1	0.73611	0.55839	12.89019	1.07515	1	-0.00506	-0.00961	0.68899	0.00248	1	0.06277	-0.01403	0.68285	0.00383	1	1.45898	0.81042	0	
1270007	8565.12109	3306450806864	0.24995	0.34993	8565.07520	0.04590	11891	1	0.21997	0.31588	1	0.25553	0.40606	1	0.23775	0.36097	1	0.47452	0.53529	11.26375	1.07515	1	0.73585	0.55829	13.23087	1.06647	1	-0.00513	-0.00955	0.68451	0.00251	1	0.06124	-0.01361	0.66730	0.00368	1	1.45898	0.81042	0	
1270008	8565.12793	3306450876619	0.24922	0.34881	8565.07520	0.05273	11891	1	0.26032	0.32822	1	0.22628	0.35158	1	0.24330	0.33990	1	0.47463	0.53522	11.15709	1.06647	1	0.73562	0.55788	13.01957	1.06647	1	-0.00513	-0.00955	0.68451	0.00248	1	0.06124	-0.01361	0.66730	0.00343	1	1.45898	0.81042	0	
1270009	8565.13477	3306450945033	0.24772	0.34614	8565.07520	0.05957	11891	1	0.24781	0.31288	1	0.22078	0.33125	1	0.23429	0.32206	1	0.47458	0.53523	11.20037	1.06647	1	0.73560	0.55770	13.05852	1.06647	1	-0.00513	-0.00955	0.68451	0.00249	1	0.06124	-0.01361	0.66730	0.00346	1	1.45898	0.81042	0	
1270010	8565.14160	3306451012895	0.24669	0.34454	8565.07520	0.06641	11891	1	0.25042	0.31952	1	0.22233	0.33763	1	0.23637	0.32857	1	0.47435	0.53514	11.22288	1.05845	1	0.73544	0.55752	12.66948	1.05845	1	-0.00502	-0.00925	0.66333	0.00246	1	0.06124	-0.01361	0.66730	0.00381	1	1.45898	0.81042	0	
1270011	8565.14844	3306451078967	0.24718	0.34528	8565.07520	0.07324	11891	1	0.24040	0.33023	1	0.26464	0.37659	1	0.25252	0.35341	1	0.47423	0.53519	11.24856	1.05044	1	0.73544	0.55795	13.23812	1.05044	1	-0.00502	-0.00925	0.66333	0.00255	1	0.06124	-0.01361	0.66730	0.00386	1	1.45898	0.81042	0	
1270012	8565.15527	3306451145958	0.24825	0.34559	8565.07520	0.08008	11891	1	0.25390	0.35995	1	0.26822	0.33859	1	0.26106	0.34927	1	0.47429	0.53529	11.28675	1.04242	1	0.73542	0.55747	12.69118	1.04242	1	-0.00502	-0.00925	0.66333	0.00252	1	0.06124	-0.01361	0.66730	0.00393	1	1.45898	0.81042	0	
1270013	8565.16211	3306451213523	0.24916	0.34585	8565.07520	0.08691	11891	1	0.25390	0.35995	1	0.26822	0.33859	1	0.26106	0.34927	1	0.47396	0.53517	11.26461	1.04242	1	0.73532	0.55835	13.09684	1.04242	1	-0.00518	-0.00945	0.67718	0.00252	1	0.06195	-0.01379	0.67610	0.00379	1	1.45898	0.81042	0	
1270014	8565.16895	3306451280008	0.24866	0.34789	8565.07520	0.09375	11891	1	0.22885	0.36336	1	0.25438	0.38955	1	0.24162	0.37646	1	0.47394	0.53533	11.63600	1.05044	1	0.73535	0.55812	13.15819	1.05044	1	-0.00518	-0.00945	0.67718	0.00257	1	0.06195	-0.01379	0.67610	0.00387	1	1.45898	0.81042	0	
1270015	8565.17480	3306451347017	0.24799	0.34853	8565.07520	0.09961	11891	1	0.22185	0.33199	1	0.25408	0.38432	1	0.23797	0.35815	1	0.47385	0.53521	11.21918	1.05845	1	0.73530	0.55810	13.02897	1.05845	1	-0.00518	-0.00945	0.67718	0.00259	1	0.06195	-0.01379	0.67610	0.00390	1	1.45898	0.81042	0	
1270016	8565.18164	3306451413582	0.24740	0.34910	8565.07520	0.10645	11891	1	0.22185	0.33199	1	0.25408	0.38432	1	0.23797	0.35815	1	0.47368	0.53523	11.45040	1.05845	1	0.73524	0.55845	13.04072	1.05845	1	-0.00512	-0.00924	0.66264	0.00247	1	0.06195	-0.01379	0.67610	0.00383	1	1.45898	0.81042	0	
1270017	8565.18848	3306451480830	0.24748	0.35281	8565.07520	0.11328	11891	1	0.24132	0.33415	1	0.25631	0.49775	1	0.24881	0.41595	1	0.47373	0.53511	11.67369	1.05044	1	0.73534	0.55876	13.30480	1.05044	1	-0.00512	-0.00924	0.66264	0.00246	1	0.06195	-0.01379	0.67610	0.00366	1	1.45898	0.81042	0	
1270018	8565.19531	3306451547495	0.24827	0.35564	8565.07520	0.12012	11891	1	0.26485	0.34014	1	0.26036	0.47315	1	0.26260	0.40665	1	0.47384	0.53523	11.70924	1.04242	1	0.73547	0.55843	13.23694	1.04242	1	-0.00512	-0.00924	0.66264	0.00241	1	0.06195	-0.01379	0.67610	0.00357	1	1.45898	0.81042	0	
1270019	8565.20215	3306451615612	0.24899	0.35819	8565.07520	0.12695	11891	1	0.26485	0.34014	1	0.26036	0.47315	1	0.26260	0.40665	1	0.47387	0.53550	11.86556	1.04242	1	0.73542	0.55843	13.07700	1.04242	1	-0.00531	-0.00949	0.68037	0.00241	1	0.06107	-0.01362	0.66759	0.00356	1	1.45898	0.81042	0	
1270020	8565.20898	3306451684132	0.24950	0.35875	8565.07520	0.13379	11891	1	0.25812	0.31922	1	0.26134	0.42036	1	0.25973	0.36979	1	0.47375	0.53565	11.48732	1.05044	1	0.73547	0.55833	13.17084	1.05044	1	-0.00531	-0.00949	0.68037	0.00252	1	0.06107	-0.01362	0.66759	0.00357	1	1.45898	0.81042	0	
1270021	8565.21582	3306451749231	0.24937	0.35917	8565.07520	0.14062	11891	1	0.23023	0.32359	1	0.26285	0.41241	1	0.24654	0.36800	1	0.47381	0.53558	11.63740	1.05845	1	0.73541	0.55836	13.05423	1.05845	1	-0.00531	-0.00949	0.68037	0.00248	1	0.06107	-0.01362	0.66759	0.00358	1	1.45898	0.81042	0	
1270022	8565.22168	3306451815493	0.24916	0.35928	8565.07520	0.14648	11891	1	0.22749	0.31696	1	0.26159	0.40656	1	0.24454	0.36176	1	0.47378	0.53596	11.41481	1.06647	1	0.73547	0.55834	13.10354	1.06647	1	-0.00531	-0.00949	0.68037	0.00255	1	0.06107	-0.01362	0.66759	0.00353	1	1.45898	0.81042	0	
1270023	8565.22852	3306451880884	0.24904	0.36025	8565.07520	0.15332	11891	1	0.23055	0.35516	1	0.26216	0.41011	1	0.24635	0.38263	1	0.47376	0.53598	11.92112	1.06647	1	0.73551	0.55840	13.16172	1.06647	1	-0.00531	-0.00949	0.68037	0.00250	1	0.06107	-0.01362	0.66759	0.00350	1	1.45898	0.81042	0	
1270024	8565.23535	3306451949765	0.24917	0.36176	8565.07520	0.16016	11891	1	0.24518	0.33433	1	0.25919	0.46161	1	0.25218	0.39797	1	0.47367	0.53603	11.48765	1.06647	1	0.73549	0.55836	13.07826	1.06647	1	-0.00531	-0.00949	0.68037	0.00245	1	0.06107	-0.01362	0.66759	0.00354	1	1.45898	0.81042	0	
1270025	8565.24219	3306452016854	0.24928	0.36315	8565.07520	0.16699	11891	1	0.24518	0.33433	1	0.25919	0.46161	1	0.25218	0.39797	1	0.47358	0.53585	11.01096	1.06647	1	0.73540	0.55834	12.91380	1.06647	1	-0.00531	-0.00949	0.68037	0.00252	1	0.06107	-0.01362	0.66759	0.00353	1	1.45898	0.81042	0	
1270026	8565.24902	3306452083842	0.24904	0.36411	8565.07520	0.17383	11891	1	0.24402	0.34742	1	0.24123	0.43031	1	0.24262	0.38887	1	0.47360	0.53583	11.02587	1.06647	1	0.73516	0.55825	12.87656	1.06647	1	-0.00531	-0.00949	0.68037	0.00251	1	0.06107	-0.01362	0.66759	0.00345	1	1.45898	0.81042	0	
1270027	8565.25586	3306452151057	0.24872	0.36465	8565.07520	0.18066	11891	1	0.25537	0.33970	1	0.22482	0.41902	1	0.24010	0.37936	1	0.47374	0.53593	11.38914	1.06647	1	0.73487	0.55808	13.07825	1.06647	1	-0.00531	-0.00949	0.68037	0.00255	1	0.06107	-0.01362	0.66759	0.00337	1	1.45898	0.81042	0	
1270028	8565.26270	3306452217539	0.24842	0.36516	8565.07520	0.18750	11891	1	0.25537	0.33970	1	0.22482	0.41902	1	0.24010	0.37936	1	0.47363	0.53581	11.50767	1.06647	1	0.73463	0.55817	12.82957	1.06647	1	-0.00537	-0.00966	0.68882	0.00251	1	0.06107	-0.01362	0.66759	0.00344	1	1.45898	0.81042	0	
1270029	8565.26855	3306452284507	0.24808	0.36549	8565.07520	0.19336	11891	1	0.24166	0.33026	1	0.23462	0.41977	1	0.23814	0.37502	1	0.47350	0.53581	11.26935	1.06647	1	0.73503	0.55814	13.26035	1.06647	1	-0.00537	-0.00966	0.68882	0.00247	1	0.06107	-0.01362	0.66759	0.00356	1	1.45898	0.81042	0	
1270030	8565.27539	3306452351714	0.24733	0.36607	8565.07520	0.20020	11891	1	0.23611	0.33068	1	0.21369	0.43612	1	0.22490	0.38340	1	0.47357	0.53581	11.46238	1.06647	1	0.73469	0.55819	12.82359	1.06647	1	-0.00537	-0.00966	0.68882	0.00251	1	0.06107	-0.01362	0.66759	0.00344	1	1.45898	0.81042	0	
1270031	8565.28223	3306452418639	0.24663	0.36661	8565.07520	0.20703	11891	1	0.23611	0.33068	1	0.21369	0.43612	1	0.22490	0.38340	1	0.47346	0.53577	11.80810	1.06647	1	0.73471	0.55819	13.05608	1.06647	1	-0.00537	-0.00966	0.68882	0.00250	1	0.06107	-0.01357	0.66759	0.00352	1	1.45898	0.81042	0	
1270032	8565.28906	3306452484056	0.24623	0.36653	8565.07520	0.21387	11891	1	0.23669	0.32746	1	0.23039	0.40100	1	0.23354	0.36423	1	0.47356	0.53576	11.54138	1.06647	1	0.73491	0.55787	12.77758	1.06647	1	-0.00537	-0.00966	0.68882	0.00248	1	0.06107	-0.01357	0.66759	0.00355	1	1.45898	0.81042	0	
1270033	8565.29590	3306452549456	0.24551	0.36724	8565.07520	0.22070	11891	1	0.22745	0.33383	1	0.21605	0.44738	1	0.22175	0.39060	1	0.47333	0.53578	11.42017	1.06647	1	0.73475	0.55832	12.84357	1.06647	1	-0.00537	-0.00966	0.68882	0.00263	1	0.06107	-0.01357	0.66759	0.00357	1	1.45898	0.81042	0	
1270034	8565.30273	3306452617867	0.24481	0.36782	8565.07520	0.22754	11891	1	0.22745	0.33383	1	0.21433	0.44140	1	0.22089	0.38761	1	0.47327	0.53582	11.46555	1.06647	1	0.73472	0.55766	12.86843	1.07515	1	-0.00531	-0.00949	0.68037	0.00257	1	0.06516	-0.01449	0.71281	0.00377	1	1.45898	0.81042	0	
1270035	8565.30859	3306452683588	0.24446	0.36826	8565.07520	0.23340	11891	1	0.23086	0.33567	1	0.23365	0.43161	1	0.23225	0.38364	1	0.47346	0.53577	11.80810	1.07515	1	0.73514	0.55845	13.38406	1.08383	1	-0.00531	-0.00949	0.68037	0.00249	1	0.06516	-0.01449	0.71281	0.00350	1	1.45898	0.81042	0	
1270036	8565.31543	3306452751529	0.24400	0.36840	8565.07520	0.24023	11891	1	0.24426	0.32101	1	0.21053	0.42539	1	0.22740	0.37320	1	0.47351	0.53587	11.32979	1.08383	1	0.73476	0.55832	13.18261	1.09251	1	-0.00531	-0.00949	0.68037	0.00259	1	0.06516	-0.01449	0.71281	0.00360	1	1.45898	0.81042	0	
1270037	8565.32227	3306452815973	0.24352	0.36843	8565.07520	0.24707	11891	1	0.24145	0.31399	1	0.21053	0.42539	1	0.22599	0.36969	1	0.47361	0.53564	11.13804	1.09251	1	0.73535	0.55823	13.08334	1.09251	1	-0.00531	-0.00949	0.68037	0.00250	1	0.06107	-0.01357	0.66759	0.00354	1	1.45898	0.81042	0	
1270038	8565.32910	3306452884200	0.24316	0.36945	8565.07520	0.25391	11891	1	0.22613	0.34512	1	0.23250	0.47157	1	0.22931	0.40834	1	0.47342	0.53561	11.46976	1.09251	1	0.73507	0.55858	13.49115	1.08383	1	-0.00531	-0.00949	0.68037	0.00251	1	0.06107	-0.01357	0.66759	0.00362	1	1.45898	0.81042	0	
1270039	8565.33594	3306452952204	0.24324	0.37036	8565.07520	0.26074	11891	1	0.23560	0.35956	1	0.25696	0.45168	1	0.24628	0.40562	1	0.47351	0.53580	11.28578	1.08383	1	0.73547	0.55835	13.06533	1.07515	1	-0.00531	-0.00949	0.68037	0.00245	1	0.06107	-0.01357	0.66759	0.00358	1	1.45898	0.81042	0	
1270040	8565.34277	3306453021533	0.24336	0.37137	8565.07520	0.26758	11891	1	0.23849	0.36627	1	0.25835	0.45760	1	0.24842	0.41194	1	0.47359	0.53570	11.31447	1.07515	1	0.73549	0.55836	12.98845	1.06647	1	-0.00531	-0.00949	0.68037	0.00239	1	0.06107	-0.01357	0.66759	0.00355	1	1.45898	0.81042	0	
1270041	8565.34863	3306453081549	0.24348	0.37262	8565.07520	0.27344	11891	1	0.24400	0.37358	1	0.25268	0.47390	1	0.24834	0.42374	1	0.47359	0.53574	11.21066	1.06647	1	0.73537	0.55864	13.07844	1.06647	1	-0.00531	-0.00949	0.68037	0.00249	1	0.06107	-0.01357	0.66759	0.00362	1	1.45898	0.81042	0	
1270042	8565.35547	3306453151020	0.24344	0.37360	8565.07520	0.28027	11891	1	0.23046	0.35542	1	0.25268	0.47390	1	0.24157	0.41466	1	0.47373	0.53549	11.12300	1.06647	1	0.73537	0.55864	13.07844	1.06647	1	-0.00531	-0.00949	0.68037	0.00237	1	0.06107	-0.01357	0.66759	0.00363	1	1.45898	0.81042	0	
1270043	8565.36328	3306453223185	0.24344	0.37466	8565.07520	0.28809	11891	1	0.23320	0.36175	1	0.25401	0.47925	1	0.24360	0.42050	1	0.47374	0.53543	10.48938	1.05845	1	0.73527	0.55869	13.01576	1.05845	1	-0.00512	-0.00924	0.66264	0.00263	1	0.06145	-0.01363	0.67062	0.00372	1	1.45898	0.81042	0	
1270044	8565.36914	3306453287750	0.23466	0.39906	8565.07520	0.28809	11891	0	0.20870	0.34783	1	0.25152	0.45045	1	0.23011	0.39914	1	0.47367	0.53534	10.88540	1.05044	1	0.73530	0.55849	12.76484	1.05044	1	-0.00512	-0.00924	0.66264	0.00255	1	0.06145	-0.01363	0.67062	0.00372	1	1.45898	0.81042	0	
1270045	8565.37598	3306453356531	0.23523	0.40357	8565.07520	0.28809	11891	0	0.20817	0.37117	1	0.26342	0.44499	1	0.23580	0.40808	1	0.47371	0.53540	11.05398	1.04242	1	0.73545	0.55821	12.60997	1.04242	1	-0.00512	-0.00924	0.66264	0.00254	1	0.06145	-0.01363	0.67062	0.00373	1	1.45898	0.81042	0	
1270046	8565.38281	3306453421486	0.23519	0.40404	8565.07520	0.28809	11891	0	0.20817	0.37117	1	0.26204	0.43882	1	0.23511	0.40499	1	0.47415	0.53534	11.16206	1.04242	1	0.73540	0.55813	12.85155	1.05110	1	-0.00518	-0.00945	0.67718	0.00251	1	0.06503	-0.01441	0.70917	0.00383	1	1.45898	0.81042	0	
1270047	8565.38965	3306453488323	0.23657	0.40015	8565.36914	0.02051	11892	1	0.22276	0.34857	1	0.25866	0.42839	1	0.24071	0.38848	1	0.47402	0.53538	10.95677	1.05912	1	0.73538	0.55830	13.16578	1.06780	1	-0.00518	-0.00945	0.67718	0.00247	1	0.06503	-0.01441	0.70917	0.00373	1	1.45898	0.81042	0	
1270048	8565.39551	3306453554099	0.23565	0.39761	8565.36914	0.02637	11892	1	0.23413	0.33893	1	0.22982	0.43599	1	0.23198	0.38746	1	0.47427	0.53543	11.17437	1.07581	1	0.73540	0.55880	13.31314	1.08450	1	-0.00518	-0.00945	0.67718	0.00244	1	0.06503	-0.01441	0.70917	0.00361	1	1.45898	0.81042	0	
1270049	8565.40234	3306453621901	0.23480	0.39534	8565.36914	0.03320	11892	1	0.23123	0.33200	1	0.22982	0.43599	1	0.23052	0.38400	1	0.47444	0.53537	10.94490	1.08450	1	0.73545	0.55860	13.03420	1.08450	1	-0.00497	-0.00911	0.65686	0.00242	1	0.06304	-0.01396	0.68689	0.00361	1	1.45898	0.81042	0	
1270050	8565.40918	3306453689022	0.23442	0.39381	8565.36914	0.04004	11892	1	0.23896	0.32200	1	0.22539	0.44718	1	0.23217	0.38459	1	0.47433	0.53548	10.95781	1.07648	1	0.73558	0.55833	12.59337	1.06780	1	-0.00497	-0.00911	0.65686	0.00240	1	0.06304	-0.01396	0.68689	0.00359	1	1.45898	0.81042	0	
1270051	8565.41602	3306453757456	0.23452	0.39166	8565.36914	0.04688	11892	1	0.23926	0.35017	1	0.23117	0.40306	1	0.23521	0.37661	1	0.47428	0.53532	10.99434	1.05978	1	0.73563	0.55815	12.45439	1.05110	1	-0.00497	-0.00911	0.65686	0.00242	1	0.06304	-0.01396	0.68689	0.00357	1	1.45898	0.81042	0	
1270052	8565.42285	3306453825437	0.23493	0.39105	8565.36914	0.05371	11892	1	0.24219	0.35710	1	0.23423	0.41518	1	0.23821	0.38614	1	0.47453	0.53525	10.78822	1.05110	1	0.73618	0.55839	12.86154	1.03476	1	-0.00513	-0.00945	0.68451	0.00247	1	0.06190	-0.01375	0.67393	0.00355	1	1.45898	0.81042	0	
1270053	8565.42969	3306453893297	0.23816	0.38965	8565.36914	0.06055	11892	1	0.26253	0.34612	1	0.27197	0.40809	1	0.26725	0.37711	1	0.47459	0.53529	10.90415	1.04278	1	0.73623	0.55834	12.85360	1.03512	1	-0.00513	-0.00945	0.68451	0.00248	1	0.06190	-0.01375	0.67393	0.00359	1	1.45898	0.81042	0	
1270054	8565.43652	3306453959499	0.23978	0.39101	8565.36914	0.06738	11892	1	0.25715	0.35439	1	0.25487	0.45487	1	0.25601	0.40463	1	0.47447	0.53532	10.85808	1.04313	1	0.73604	0.55883	12.99402	1.03548	1	-0.00513	-0.00945	0.68451	0.00258	1	0.06190	-0.01375	0.67393	0.00346	1	1.45898	0.81042	0	
1270055	8565.44336	3306454026757	0.24124	0.39240	8565.36914	0.07422	11892	1	0.25966	0.36056	1	0.25487	0.45487	1	0.25727	0.40772	1	0.47447	0.53532	10.85808	1.03548	1	0.73649	0.55855	12.72221	1.03548	1	-0.00490	-0.00911	0.66034	0.00258	1	0.06136	-0.01362	0.66746	0.00345	1	1.45898	0.81042	0	
1270056	8565.45020	3306454093075	0.24184	0.39363	8565.36914	0.08105	11892	1	0.21625	0.37143	1	0.28185	0.44524	1	0.24905	0.40834	1	0.47447	0.53532	10.85808	1.02746	1	0.73652	0.55860	12.79893	1.03512	1	-0.00490	-0.00911	0.66034	0.00258	1	0.06136	-0.01362	0.66746	0.00352	1	1.45898	0.81042	0	
1270057	8565.45703	3306454160718	0.24229	0.39588	8565.36914	0.08789	11892	1	0.23300	0.37070	1	0.26314	0.47961	1	0.24807	0.42516	1	0.47469	0.53537	11.05476	1.02710	1	0.73624	0.55894	13.33145	1.03476	1	-0.00490	-0.00911	0.66034	0.00240	1	0.06136	-0.01362	0.66746	0.00348	1	1.45898	0.81042	0	
1270058	8565.46289	3306454228125	0.24254	0.39745	8565.36914	0.09375	11892	1	0.23029	0.36453	1	0.26191	0.47438	1	0.24610	0.41946	1	0.47470	0.53538	10.56811	1.03476	1	0.73632	0.55886	12.73120	1.04242	1	-0.00506	-0.00961	0.68899	0.00243	1	0.06136	-0.01362	0.66746	0.00341	1	1.45898	0.81042	0	
1270059	8565.46973	3306454296212	0.24217	0.39857	8565.36914	0.10059	11892	1	0.22038	0.35877	1	0.25269	0.47177	1	0.23653	0.41527	1	0.47470	0.53550	10.78302	1.05044	1	0.73613	0.55893	13.12368	1.05044	1	-0.00506	-0.00961	0.68899	0.00243	1	0.06136	-0.01362	0.66746	0.00349	1	1.45898	0.81042	0	
1270060	8565.47656	3306454359837	0.24227	0.39845	8565.36914	0.10742	11892	1	0.22545	0.37208	1	0.26226	0.42102	1	0.24385	0.39655	1	0.47474	0.53548	10.87589	1.05845	1	0.73620	0.55845	12.49380	1.05845	1	-0.00506	-0.00961	0.68899	0.00240	1	0.06136	-0.01362	0.66746	0.00360	1	1.45898	0.81042	0	
1270061	8565.48340	3306454428175	0.24220	0.39783	8565.36914	0.11426	11892	1	0.22265	0.36583	1	0.25963	0.40897	1	0.24114	0.38740	1	0.47494	0.53553	10.69904	1.06647	1	0.73628	0.55863	12.41065	1.07515	1	-0.00506	-0.00961	0.68899	0.00238	1	0.06437	-0.01432	0.69961	0.00373	1	1.45898	0.81042	0	
1270062	8565.49023	3306454495075	0.24182	0.39639	8565.36914	0.12109	11892	1	0.22811	0.34074	1	0.24186	0.39996	1	0.23498	0.37035	1	0.47491	0.53546	10.35326	1.07515	1	0.73633	0.55867	12.34418	1.08383	1	-0.00506	-0.00961	0.68899	0.00242	1	0.06437	-0.01432	0.69961	0.00376	1	1.45898	0.81042	0	
1270063	8565.49707	3306454561789	0.24197	0.39573	8565.36914	0.12793	11892	1	0.22943	0.33312	1	0.26020	0.43326	1	0.24482	0.38319	1	0.47496	0.53540	10.40301	1.08383	1	0.73676	0.55897	11.98497	1.09251	1	-0.00506	-0.00961	0.68899	0.00236	1	0.06437	-0.01432	0.69961	0.00358	1	1.45898	0.81042	0	
1270064	8565.50293	3306454628998	0.24204	0.39497	8565.36914	0.13379	11892	1	0.22652	0.32619	1	0.26020	0.43326	1	0.24336	0.37972	1	0.47528	0.53543	10.49061	1.09251	1	0.73655	0.55841	11.90770	1.09251	1	-0.00506	-0.00961	0.68899	0.00240	1	0.06301	-0.01406	0.68432	0.00381	1	1.45898	0.81042	0	
1270065	8565.50977	3306454695946	0.24215	0.39248	8565.36914	0.14062	11892	1	0.24559	0.30224	1	0.24354	0.37850	1	0.24457	0.34037	1	0.47507	0.53531	10.54107	1.09251	1	0.73670	0.55887	11.97305	1.08383	1	-0.00506	-0.00961	0.68899	0.00241	1	0.06301	-0.01406	0.68432	0.00360	1	1.45898	0.81042	0	
1270066	8565.51660	3306454762239	0.24214	0.39130	8565.36914	0.14746	11892	1	0.24719	0.33712	1	0.23668	0.39326	1	0.24194	0.36519	1	0.47516	0.53541	10.23359	1.08383	1	0.73670	0.55887	12.05996	1.07515	1	-0.00506	-0.00961	0.68899	0.00240	1	0.06301	-0.01406	0.68432	0.00361	1	1.45898	0.81042	0	
1270067	8565.52344	3306454830000	0.24223	0.39049	8565.36914	0.15430	11892	1	0.24999	0.34401	1	0.23822	0.39964	1	0.24411	0.37182	1	0.47508	0.53539	10.79406	1.07515	1	0.73672	0.55897	12.15189	1.06647	1	-0.00489	-0.00947	0.67905	0.00247	1	0.06301	-0.01406	0.68432	0.00357	1	1.45898	0.81042	0	
1270068	8565.53027	3306454896937	0.24260	0.39009	8565.36914	0.16113	11892	1	0.25228	0.34249	1	0.25076	0.41887	1	0.25152	0.38068	1	0.47520	0.53536	10.78372	1.06647	1	0.73690	0.55911	12.15585	1.06647	1	-0.00489	-0.00947	0.67905	0.00240	1	0.06301	-0.01406	0.68432	0.00361	1	1.45898	0.81042	0	
1270069	8565.53711	3306454963760	0.24275	0.38848	8565.36914	0.16797	11892	1	0.24626	0.31217	1	0.24681	0.38417	1	0.24653	0.34817	1	0.47511	0.53551	10.73133	1.06647	1	0.73672	0.55880	11.86394	1.06647	1	-0.00489	-0.00947	0.67905	0.00231	1	0.06301	-0.01406	0.68432	0.00362	1	1.45898	0.81042	0	
1270070	8565.54297	3306455029112	0.24289	0.38699	8565.36914	0.17383	11892	1	0.24626	0.31217	1	0.24681	0.38417	1	0.24653	0.34817	1	0.47519	0.53569	10.54189	1.06647	1	0.73675	0.55935	12.54525	1.06647	1	-0.00489	-0.00947	0.67905	0.00234	1	0.06301	-0.01406	0.68432	0.00356	1	1.45898	0.81042	0	
1270071	8565.55078	3306455098780	0.24312	0.38735	8565.36914	0.18164	11892	1	0.24991	0.32765	1	0.24855	0.46641	1	0.24923	0.39703	1	0.47523	0.53573	10.40130	1.06647	1	0.73688	0.55950	12.36602	1.06647	1	-0.00489	-0.00947	0.67905	0.00235	1	0.06301	-0.01406	0.68432	0.00361	1	1.45898	0.81042	0	
1270072	8565.55664	3306455165256	0.24363	0.38773	8565.36914	0.18750	11892	1	0.25302	0.33301	1	0.26310	0.46406	1	0.25806	0.39854	1	0.47531	0.53578	10.29010	1.06647	1	0.73708	0.55942	12.91905	1.06647	1	-0.00489	-0.00947	0.67905	0.00241	1	0.06301	-0.01406	0.68432	0.00356	1	1.45898	0.81042	0	
1270073	8565.56348	3306455231834	0.24411	0.38809	8565.36914	0.19434	11892	1	0.25302	0.33301	1	0.26310	0.46406	1	0.25806	0.39854	1	0.47504	0.53567	10.59294	1.06647	1	0.73671	0.55936	12.40351	1.06647	1	-0.00489	-0.00947	0.67905	0.00241	1	0.06301	-0.01411	0.68432	0.00351	1	1.45898	0.81042	0	
1270074	8565.57031	3306455297056	0.24374	0.38802	8565.36914	0.20117	11892	1	0.23850	0.35811	1	0.22671	0.41349	1	0.23260	0.38580	1	0.47511	0.53564	10.80743	1.06647	1	0.73651	0.55895	12.58310	1.06647	1	-0.00489	-0.00947	0.67905	0.00228	1	0.06301	-0.01411	0.68432	0.00359	1	1.45898	0.81042	0	
1270075	8565.57715	3306455365581	0.24341	0.38730	8565.36914	0.20801	11892	1	0.24089	0.32877	1	0.22519	0.40096	1	0.23304	0.36487	1	0.47504	0.53572	10.70884	1.06647	1	0.73641	0.55887	12.60478	1.06647	1	-0.00489	-0.00947	0.67905	0.00231	1	0.06301	-0.01411	0.68432	0.00371	1	1.45898	0.81042	0	
1270076	8565.58398	3306455433503	0.24309	0.38662	8565.36914	0.21484	11892	1	0.24089	0.32877	1	0.22519	0.40096	1	0.23304	0.36487	1	0.47511	0.53557	10.29991	1.06647	1	0.73683	0.55927	12.16446	1.06647	1	-0.00489	-0.00947	0.67905	0.00251	1	0.06301	-0.01411	0.68432	0.00351	1	1.45898	0.81042	0	
1270077	8565.59082	3306455498624	0.24292	0.38654	8565.36914	0.22168	11892	1	0.23244	0.31122	1	0.24216	0.45659	1	0.23730	0.38391	1	0.47492	0.53555	10.34630	1.06647	1	0.73675	0.55944	12.26100	1.06647	1	-0.00489	-0.00947	0.67905	0.00237	1	0.06301	-0.01411	0.68432	0.00361	1	1.45898	0.81042	0	
1270078	8565.59668	3306455566805	0.24293	0.38648	8565.36914	0.22754	11892	1	0.23939	0.31628	1	0.24681	0.45287	1	0.24310	0.38457	1	0.47505	0.53550	10.41216	1.06647	1	0.73681	0.55959	12.10593	1.06647	1	-0.00489	-0.00947	0.67905	0.00245	1	0.06301	-0.01411	0.68432	0.00366	1	1.45898	0.81042	0	
1270079	8565.60352	3306455633744	0.24293	0.38643	8565.36914	0.23438	11892	1	0.23939	0.31628	1	0.24681	0.45287	1	0.24310	0.38457	1	0.47499	0.53558	10.29387	1.06647	1	0.73668	0.55952	12.21365	1.06647	1	-0.00489	-0.00947	0.67905	0.00226	1	0.06301	-0.01411	0.68432	0.00358	1	1.45898	0.81042	0	
1270080	8565.61035	3306455700688	0.24280	0.38631	8565.36914	0.24121	11892	1	0.24023	0.31450	1	0.23575	0.44987	1	0.23799	0.38219	1	0.47500	0.53557	10.34459	1.06647	1	0.73668	0.55946	12.08452	1.06647	1	-0.00489	-0.00947	0.67905	0.00227	1	0.06301	-0.01411	0.68432	0.00355	1	1.45898	0.81042	0	
1270081	8565.61719	3306455767746	0.24250	0.38635	8565.36914	0.24805	11892	1	0.22906	0.32629	1	0.23415	0.44935	1	0.23160	0.38782	1	0.47485	0.53562	10.33169	1.06647	1	0.73660	0.55952	12.01139	1.06647	1	-0.00489	-0.00947	0.67905	0.00234	1	0.06301	-0.01411	0.68432	0.00356	1	1.45898	0.81042	0	
1270082	8565.62402	3306455834966	0.24228	0.38654	8565.36914	0.25488	11892	1	0.23180	0.33285	1	0.23561	0.45487	1	0.23371	0.39386	1	0.47474	0.53571	10.18251	1.05845	1	0.73654	0.55958	12.10059	1.05845	1	-0.00470	-0.00921	0.66036	0.00240	1	0.06301	-0.01411	0.68432	0.00343	1	1.45898	0.81042	0	
1270083	8565.63086	3306455901914	0.24216	0.38752	8565.36914	0.26172	11892	1	0.24724	0.33635	1	0.22756	0.51515	1	0.23740	0.42575	1	0.47503	0.53565	10.37391	1.05044	1	0.73652	0.56009	12.34678	1.05044	1	-0.00470	-0.00921	0.66036	0.00227	1	0.06301	-0.01411	0.68432	0.00361	1	1.45898	0.81042	0	
1270084	8565.63672	3306455964751	0.24221	0.38800	8565.36914	0.26758	11892	1	0.23955	0.34501	1	0.24962	0.46877	1	0.24459	0.40689	1	0.47491	0.53565	10.21239	1.04242	1	0.73682	0.55955	12.30895	1.04242	1	-0.00470	-0.00921	0.66036	0.00234	1	0.06301	-0.01411	0.68432	0.00345	1	1.45898	0.81042	0	
1270085	8565.64453	3306456035751	0.24227	0.38845	8565.36914	0.27539	11892	1	0.23955	0.34501	1	0.24962	0.46877	1	0.24459	0.40689	1	0.47492	0.53574	10.02388	1.04242	1	0.73652	0.55887	12.22060	1.04242	1	-0.00489	-0.00947	0.67905	0.00238	1	0.06301	-0.01411	0.68432	0.00350	1	1.45898	0.81042	0	
1270086	8565.65039	3306456102682	0.24208	0.38823	8565.36914	0.28125	11892	1	0.23413	0.34840	1	0.23374	0.41012	1	0.23393	0.37926	1	0.47499	0.53574	10.58874	1.05044	1	0.73648	0.55938	12.36911	1.05044	1	-0.00489	-0.00947	0.67905	0.00235	1	0.06301	-0.01411	0.68432	0.00336	1	1.45898	0.81042	0	
1270087	8565.65723	3306456169695	0.24186	0.38820	8565.36914	0.28809	11892	1	0.24692	0.34240	1	0.21826	0.43096	1	0.23259	0.38668	1	0.47512	0.53582	10.50729	1.05845	1	0.73639	0.55921	12.22409	1.05845	1	-0.00489	-0.00947	0.67905	0.00230	1	0.06301	-0.01411	0.68432	0.00346	1	1.45898	0.81042	0	
1270088	8565.66406	3306456237260	0.24161	0.38803	8565.36914	0.29492	11892	1	0.24428	0.33593	1	0.21667	0.42527	1	0.23047	0.38060	1	0.47513	0.53577	10.50222	1.06647	1	0.73639	0.55930	12.09245	1.06647	1	-0.00489	-0.00947	0.67905	0.00229	1	0.06158	-0.01384	0.66877	0.00345	1	1.45898	0.81042	0	
1270089	8565.67090	3306456303969	0.24131	0.38754	8565.36914	0.30176	11892	1	0.22604	0.33372	1	0.23005	0.39750	1	0.22805	0.36561	1	0.47489	0.53573	10.46804	1.06647	1	0.73647	0.55939	12.26676	1.06647	1	-0.00489	-0.00947	0.67905	0.00231	1	0.06158	-0.01384	0.66877	0.00338	1	1.45898	0.81042	0	
1270090	8565.67773	3306456370840	0.24101	0.38715	8565.36914	0.30859	11892	1	0.24514	0.32989	1	0.20897	0.40864	1	0.22705	0.36926	1	0.47512	0.53566	10.48467	1.06647	1	0.73626	0.55954	12.27981	1.06647	1	-0.00489	-0.00947	0.67905	0.00225	1	0.06158	-0.01384	0.66877	0.00343	1	1.45898	0.81042	0	
1270091	8565.68457	3306456437298	0.24072	0.38678	8565.36914	0.31543	11892	1	0.24514	0.32989	1	0.20897	0.40864	1	0.22705	0.36926	1	0.47503	0.53568	10.03132	1.06647	1	0.73635	0.55973	12.32964	1.06647	1	-0.00484	-0.00943	0.67209	0.00227	1	0.06158	-0.01384	0.66877	0.00341	1	1.45898	0.81042	0	
1270092	8565.69043	3306456503708	0.24091	0.38657	8565.36914	0.32129	11892	1	0.22808	0.34540	1	0.25914	0.43243	1	0.24361	0.38891	1	0.47479	0.53596	10.36080	1.06647	1	0.73655	0.55980	12.45897	1.06647	1	-0.00484	-0.00943	0.67209	0.00240	1	0.06158	-0.01384	0.66877	0.00337	1	1.45898	0.81042	0	
1270093	8565.69727	3306456566637	0.24094	0.38614	8565.36914	0.32812	11892	1	0.23191	0.33785	1	0.24339	0.43701	1	0.23765	0.38743	1	0.47488	0.53599	10.01787	1.06647	1	0.73641	0.55976	12.48586	1.06647	1	-0.00484	-0.00943	0.67209	0.00230	1	0.06158	-0.01384	0.66877	0.00337	1	1.45898	0.81042	0	
1270094	8565.70410	3306456638617	0.24095	0.38563	8565.36914	0.33496	11892	1	0.22882	0.33052	1	0.24181	0.43065	1	0.23532	0.38058	1	0.47488	0.53601	10.01327	1.07556	1	0.73645	0.55960	12.55698	1.07556	1	-0.00508	-0.00980	0.69897	0.00229	1	0.06158	-0.01384	0.66877	0.00341	1	1.45898	0.81042	0	
1270095	8565.71094	3306456705992	0.24111	0.38540	8565.36914	0.34180	11892	1	0.22873	0.29098	1	0.26796	0.46342	1	0.24834	0.37720	1	0.47488	0.53601	10.01327	1.08464	1	0.73640	0.56003	12.52907	1.08464	1	-0.00508	-0.00980	0.69897	0.00229	1	0.06158	-0.01384	0.66877	0.00344	1	1.45898	0.81042	0	
1270096	8565.71777	3306456772641	0.24125	0.38487	8565.36914	0.34863	11892	1	0.22430	0.27765	1	0.25316	0.44694	1	0.23873	0.36229	1	0.47488	0.53604	10.05094	1.09373	1	0.73622	0.56003	12.94505	1.09373	1	-0.00508	-0.00980	0.69897	0.00232	1	0.06158	-0.01384	0.66877	0.00350	1	1.45898	0.81042	0	
1270097	8565.72461	3306456840850	0.24141	0.38436	8565.36914	0.35547	11892	1	0.22430	0.27765	1	0.25177	0.44108	1	0.23803	0.35936	1	0.47487	0.53603	10.07419	1.09373	1	0.73610	0.55985	12.86227	1.10241	1	-0.00493	-0.00942	0.67141	0.00229	1	0.06332	-0.01425	0.68829	0.00362	1	1.45898	0.81042	0	
1270098	8565.73145	3306456906110	0.24140	0.38395	8565.36914	0.36230	11892	1	0.21554	0.29275	1	0.24824	0.43748	1	0.23189	0.36512	1	0.47483	0.53597	10.12680	1.09332	1	0.73613	0.55988	12.64201	1.10200	1	-0.00493	-0.00942	0.67141	0.00230	1	0.06332	-0.01425	0.68829	0.00353	1	1.45898	0.81042	0	
1270099	8565.73730	3306456970377	0.24143	0.38400	8565.36914	0.36816	11892	1	0.22419	0.30789	1	0.24946	0.44984	1	0.23683	0.37886	1	0.47485	0.53613	10.23404	1.09292	1	0.73611	0.55997	12.44488	1.10160	1	-0.00493	-0.00942	0.67141	0.00233	1	0.06332	-0.01425	0.68829	0.00350	1	1.45898	0.81042	0	
1270100	8565.74414	3306457035669	0.24141	0.38385	8565.36914	0.37500	11892	1	0.22432	0.30822	1	0.24953	0.45011	1	0.23693	0.37916	1	0.47501	0.53608	10.17557	1.09251	1	0.73647	0.55981	12.22832	1.10119	1	-0.00493	-0.00942	0.67141	0.00235	1	0.06332	-0.01425	0.68829	0.00350	1	1.45898	0.81042	0	
1270101	8565.75098	3306457104967	0.24123	0.38294	8565.36914	0.38184	11892	1	0.22462	0.29311	1	0.29253	0.37369	1	0.25858	0.33340	1	0.47496	0.53602	10.32013	1.10119	1	0.73677	0.55926	11.62257	1.10119	1	-0.00493	-0.00942	0.67141	0.00239	1	0.06332	-0.01425	0.68829	0.00356	1	1.45898	0.81042	0	AUDIO_FILE_OFFSET
1270102	8565.75781	3306457170720	0.24112	0.38179	8565.36914	0.38867	11892	1	0.23397	0.28421	1	0.26796	0.41483	1	0.25096	0.34952	1	0.47510	0.53590	10.29201	1.10119	1	0.73646	0.55980	12.20497	1.10119	1	-0.00493	-0.00942	0.67141	0.00233	1	0.06332	-0.01425	0.68829	0.00352	1	1.45898	0.81042	0	
1270103	8565.76465	3306457237933	0.24100	0.38065	8565.36914	0.39551	11892	1	0.23397	0.28421	1	0.26923	0.42091	1	0.25160	0.35256	1	0.47493	0.53589	10.32347	1.10119	1	0.73642	0.55997	12.33161	1.09251	1	-0.00506	-0.00971	0.68899	0.00234	1	0.06316	-0.01417	0.68702	0.00347	1	1.45898	0.81042	0	
1270104	8565.77148	3306457305527	0.24117	0.37944	8565.36914	0.40234	11892	1	0.21887	0.30394	1	0.29560	0.39702	1	0.25724	0.35048	1	0.47486	0.53615	10.54844	1.09251	1	0.73684	0.55954	11.84844	1.08383	1	-0.00506	-0.00971	0.68899	0.00226	1	0.06316	-0.01417	0.68702	0.00347	1	1.45898	0.81042	0	
1270256	8566.78906	3306467489717	0.58867	0.64127	8566.71582	0.07324	11896	1	0.64546	0.55412	1	0.55362	0.67100	1	0.59954	0.61256	1	0.48758	0.54010	10.59762	1.03583	1	0.74808	0.56313	12.92730	1.03583	1	-0.00329	-0.00988	0.68621	0.00302	1	0.06192	-0.01388	0.65382	0.00328	1	1.45898	0.81042	0	STOP_TRIAL
1270257	8566.79590	3306467556259	0.58834	0.64202	8566.71582	0.08008	11896	1	0.61943	0.65206	1	0.54939	0.64978	1	0.58441	0.65092	1	0.48753	0.54025	11.10908	1.03583	1	0.74812	0.56319	12.65995	1.03583	1	-0.00329	-0.00988	0.68621	0.00294	1	0.06192	-0.01388	0.65382	0.00323	1	1.45898	0.81042	0	START_TRIAL
1270258	8566.80273	3306467621780	0.58876	0.64305	8566.71582	0.08691	11896	1	0.62361	0.59966	1	0.56496	0.71326	1	0.59428	0.65646	1	0.48756	0.53990	10.53097	1.03583	1	0.74833	0.56276	12.60812	1.03583	1	-0.00329	-0.00988	0.68621	0.00285	1	0.06192	-0.01388	0.65382	0.00298	1	1.45898	0.81042	0	
1270259	8566.80957	3306467690698	0.58914	0.64409	8566.71582	0.09375	11896	1	0.62379	0.60411	1	0.56491	0.71343	1	0.59435	0.65877	1	0.48779	0.54047	10.12943	1.02782	1	0.74803	0.56350	12.92634	1.03548	1	-0.00325	-0.00945	0.66662	0.00279	1	0.06486	-0.01445	0.68546	0.00307	1	1.45898	0.81042	0	
1270260	8566.81641	3306467757226	0.58469	0.65528	8566.71582	0.10059	11896	1	0.62379	0.60411	0	0.51794	0.82308	1	0.51794	0.82308	1	0.48779	0.54047	10.12943	1.02746	0	0.74767	0.56313	11.85698	1.03512	1	-0.00325	-0.00945	0.66662	0.00279	1	0.06486	-0.01445	0.68546	0.00295	1	1.45898	0.81042	0	
1270261	8566.82324	3306467824105	0.58469	0.65528	8566.71582	0.10742	11896	1	0.62379	0.60411	0	0.51794	0.82308	0	0.51794	0.82308	0	0.48779	0.54047	10.12943	1.02710	0	0.74767	0.56313	11.85698	1.03476	0	-0.00325	-0.00945	0.66662	0.00279	1	0.06486	-0.01445	0.68546	0.00295	1	1.45898	0.81042	0	
1270262	8566.83008	3306467891529	0.58469	0.65528	8566.71582	0.11426	11896	1	0.62379	0.60411	0	0.51794	0.82308	0	0.51794	0.82308	0	0.48779	0.54047	10.12943	1.02674	0	0.74767	0.56313	11.85698	1.03440	0	-0.00325	-0.00945	0.66662	0.00279	1	0.06486	-0.01445	0.68546	0.00295	1	1.45898	0.81042	0	
1270263	8566.83594	3306467958238	0.58469	0.65528	8566.71582	0.12012	11896	1	0.62379	0.60411	0	0.51794	0.82308	0	0.51794	0.82308	0	0.48779	0.54047	10.12943	1.03440	0	0.74767	0.56313	11.85698	1.03440	0	-0.00325	-0.00945	0.66662	0.00279	1	0.06486	-0.01445	0.68546	0.00295	1	1.45898	0.81042	0	
1270264	8566.84277	3306468025688	0.58383	0.65386	8566.71582	0.12012	11896	0	0.62379	0.60411	0	0.51794	0.82308	0	0.51794	0.82308	0	0.48779	0.54047	10.12943	1.03440	0	0.74767	0.56313	11.85698	1.03440	0	-0.00325	-0.00945	0.66662	0.00279	1	0.06486	-0.01445	0.68546	0.00295	1	1.45898	0.81042	0	
1270265	8566.84961	3306468091807	0.58383	0.65386	8566.71582	0.12012	11896	0	0.62379	0.60411	0	0.51794	0.82308	0	0.51794	0.82308	0	0.48779	0.54047	10.12943	1.03440	0	0.74767	0.56313	11.85698	1.03440	0	-0.00325	-0.00945	0.66662	0.00279	1	0.06486	-0.01445	0.68546	0.00295	1	1.45898	0.81042	0	
1270266	8566.85645	3306468159494	0.58383	0.65386	8566.71582	0.12012	11896	0	0.62379	0.60411	0	0.51794	0.82308	0	0.51794	0.82308	0	0.48779	0.54047	10.12943	1.03440	0	0.74767	0.56313	11.85698	1.03440	0	-0.00325	-0.00945	0.66662	0.00279	1	0.06486	-0.01445	0.68546	0.00295	1	1.45898	0.81042	0	
1270267	8566.86328	3306468226389	0.00000	0.00000	8566.71582	0.12012	11896	0	0.62379	0.60411	0	0.51794	0.82308	0	0.51794	0.82308	0	0.48779	0.54047	10.12943	1.03440	0	0.74767	0.56313	11.85698	1.03440	0	-0.00325	-0.00945	0.66662	0.00279	1	0.06486	-0.01445	0.68546	0.00295	1	1.45898	0.81042	0	
1270268	8566.87012	3306468293331	0.00000	0.00000	8566.71582	0.12012	11896	0	0.62379	0.60411	0	0.51794	0.82308	0	0.51794	0.82308	0	0.48779	0.54047	10.12943	1.03440	0	0.74767	0.56313	11.85698	1.03440	0	-0.00325	-0.00945	0.66662	0.00279	1	0.06486	-0.01445	0.68546	0.00295	1	1.45898	0.81042	0	
1270269	8566.87695	3306468360377	0.00000	0.00000	8566.71582	0.12012	11896	0	0.62379	0.60411	0	0.51794	0.82308	0	0.51794	0.82308	0	0.48779	0.54047	10.12943	1.03440	0	0.74767	0.56313	11.85698	1.03440	0	-0.00325	-0.00945	0.66662	0.00279	1	0.06486	-0.01445	0.68546	0.00295	1	1.45898	0.81042	0	
1270270	8566.88281	3306468427450	0.00000	0.00000	8566.71582	0.12012	11896	0	0.62379	0.60411	0	0.51794	0.82308	0	0.51794	0.82308	0	0.48779	0.54047	10.12943	1.03440	0	0.74767	0.56313	11.85698	1.03440	0	-0.00325	-0.00945	0.66662	0.00279	1	0.06486	-0.01445	0.68546	0.00295	1	1.45898	0.81042	0	
1270271	8566.88965	3306468494450	0.00000	0.00000	8566.71582	0.12012	11896	0	0.62379	0.60411	0	0.51794	0.82308	0	0.51794	0.82308	0	0.48779	0.54047	10.12943	1.03440	0	0.74767	0.56313	11.85698	1.03440	0	-0.00325	-0.00945	0.66662	0.00279	1	0.06486	-0.01445	0.68546	0.00295	1	1.45898	0.81042	0	
1270272	8566.89648	3306468560336	0.00000	0.00000	8566.71582	0.12012	11896	0	0.62379	0.60411	0	0.51794	0.82308	0	0.51794	0.82308	0	0.48779	0.54047	10.12943	1.03440	0	0.74767	0.56313	11.85698	1.03440	0	-0.00325	-0.00945	0.66662	0.00279	1	0.06486	-0.01445	0.68546	0.00295	1	1.45898	0.81042	0	
1270273	8566.90332	3306468628484	0.00000	0.00000	8566.71582	0.12012	11896	0	0.62379	0.60411	0	0.51794	0.82308	0	0.51794	0.82308	0	0.48779	0.54047	10.12943	1.03440	0	0.74767	0.56313	11.85698	1.03440	0	-0.00325	-0.00945	0.66662	0.00279	1	0.06486	-0.01445	0.68546	0.00295	1	1.45898	0.81042	0	
1270274	8566.91016	3306468695708	0.00000	0.00000	8566.71582	0.12012	11896	0	0.62379	0.60411	0	0.51794	0.82308	0	0.51794	0.82308	0	0.48779	0.54047	10.12943	1.03440	0	0.74767	0.56313	11.85698	1.03440	0	-0.00325	-0.00945	0.66662	0.00279	1	0.06486	-0.01445	0.68546	0.00295	1	1.45898	0.81042	0	
1270275	8566.91699	3306468762169	0.00000	0.00000	8566.71582	0.12012	11896	0	0.62379	0.60411	0	0.51794	0.82308	0	0.51794	0.82308	0	0.48779	0.54047	10.12943	1.03440	0	0.74767	0.56313	11.85698	1.03440	0	-0.00325	-0.00945	0.66662	0.00279	1	0.06486	-0.01445	0.68546	0.00295	1	1.45898	0.81042	0	
1270276	8566.92383	3306468829308	0.00000	0.00000	8566.71582	0.12012	11896	0	0.62379	0.60411	0	0.51794	0.82308	0	0.51794	0.82308	0	0.48779	0.54047	10.12943	1.03440	0	0.74767	0.56313	11.85698	1.03440	0	-0.00325	-0.00945	0.66662	0.00279	1	0.06486	-0.01445	0.68546	0.00295	1	1.45898	0.81042	0	
1270277	8566.92969	3306468895714	0.00000	0.00000	8566.71582	0.12012	11896	0	0.62379	0.60411	0	0.51794	0.82308	0	0.51794	0.82308	0	0.48779	0.54047	10.12943	1.03440	0	0.74767	0.56313	11.85698	1.03440	0	-0.00325	-0.00945	0.66662	0.00279	1	0.06486	-0.01445	0.68546	0.00295	1	1.45898	0.81042	0	
1270278	8566.93652	3306468964458	0.00000	0.00000	8566.71582	0.12012	11896	0	0.62379	0.60411	0	0.51794	0.82308	0	0.51794	0.82308	0	0.48779	0.54047	10.12943	1.03440	0	0.74767	0.56313	11.85698	1.03440	0	-0.00325	-0.00945	0.66662	0.00279	1	0.06486	-0.01445	0.68546	0.00295	1	1.45898	0.81042	0	
1270279	8566.94336	3306469030391	0.00000	0.00000	8566.71582	0.12012	11896	0	0.62379	0.60411	0	0.51794	0.82308	0	0.51794	0.82308	0	0.48779	0.54047	10.12943	1.03440	0	0.74767	0.56313	11.85698	1.03440	0	-0.00325	-0.00945	0.66662	0.00279	1	0.06486	-0.01445	0.68546	0.00295	1	1.45898	0.81042	0	
1270280	8566.95020	3306469096172	0.00000	0.00000	8566.71582	0.12012	11896	0	0.62379	0.60411	0	0.51794	0.82308	0	0.51794	0.82308	0	0.48779	0.54047	10.12943	1.03440	0	0.74767	0.56313	11.85698	1.03440	0	-0.00325	-0.00945	0.66662	0.00279	1	0.06486	-0.01445	0.68546	0.00295	1	1.45898	0.81042	0	
1270281	8566.95703	3306469163789	0.00000	0.00000	8566.71582	0.12012	11896	0	0.62379	0.60411	0	0.51794	0.82308	0	0.51794	0.82308	0	0.48779	0.54047	10.12943	1.03440	0	0.74767	0.56313	11.85698	1.03440	0	-0.00325	-0.00945	0.66662	0.00279	1	0.06486	-0.01445	0.68546	0.00295	1	1.45898	0.81042	0	
1270282	8566.96387	3306469232316	0.00000	0.00000	8566.71582	0.12012	11896	0	0.62379	0.60411	0	0.51794	0.82308	0	0.51794	0.82308	0	0.48779	0.54047	10.12943	1.03440	0	0.74767	0.56313	11.85698	1.03440	0	-0.00325	-0.00945	0.66662	0.00279	1	0.06486	-0.01445	0.68546	0.00295	1	1.45898	0.81042	0	
1270283	8566.97070	3306469299331	0.00000	0.00000	8566.71582	0.12012	11896	0	0.62379	0.60411	0	0.51794	0.82308	0	0.51794	0.82308	0	0.48779	0.54047	10.12943	1.03440	0	0.74767	0.56313	11.85698	1.03440	0	-0.00325	-0.00945	0.66662	0.00279	1	0.06486	-0.01445	0.68546	0.00295	1	1.45898	0.81042	0	
1270284	8566.97656	3306469365174	0.00000	0.00000	8566.71582	0.12012	11896	0	0.62379	0.60411	0	0.51794	0.82308	0	0.51794	0.82308	0	0.48779	0.54047	10.12943	1.03440	0	0.74767	0.56313	11.85698	1.03440	0	-0.00325	-0.00945	0.66662	0.00279	1	0.06486	-0.01445	0.68546	0.00295	1	1.45898	0.81042	0	
1270285	8566.98340	3306469432197	0.00000	0.00000	8566.71582	0.12012	11896	0	0.62379	0.60411	0	0.51794	0.82308	0	0.51794	0.82308	0	0.48779	0.54047	10.12943	1.03440	0	0.74767	0.56313	11.85698	1.03440	0	-0.00325	-0.00945	0.66662	0.00279	1	0.06486	-0.01445	0.68546	0.00295	1	1.45898	0.81042	0	
1270286	8566.99023	3306469499664	0.00000	0.00000	8566.71582	0.12012	11896	0	0.62379	0.60411	0	0.51794	0.82308	0	0.51794	0.82308	0	0.48779	0.54047	10.12943	1.03440	0	0.74767	0.56313	11.85698	1.03440	0	-0.00325	-0.00945	0.66662	0.00279	1	0.06486	-0.01445	0.68546	0.00295	1	1.45898	0.81042	0	
1270287	8566.99707	3306469567098	0.00000	0.00000	8566.71582	0.12012	11896	0	0.62379	0.60411	0	0.51794	0.82308	0	0.51794	0.82308	0	0.48779	0.54047	10.12943	1.03440	0	0.74767	0.56313	11.85698	1.03440	0	-0.00325	-0.00945	0.66662	0.00279	1	0.06486	-0.01445	0.68546	0.00295	1	1.45898	0.81042	0	
1270288	8567.00391	3306469632841	0.00000	0.00000	8566.71582	0.12012	11896	0	0.62379	0.60411	0	0.51794	0.82308	0	0.51794	0.82308	0	0.48779	0.54047	10.12943	1.03440	0	0.74767	0.56313	11.85698	1.03440	0	-0.00325	-0.00945	0.66662	0.00279	1	0.06486	-0.01445	0.68546	0.00295	1	1.45898	0.81042	0	
1270289	8567.01074	3306469700219	0.00000	0.00000	8566.71582	0.12012	11896	0	0.62379	0.60411	0	0.51794	0.82308	0	0.51794	0.82308	0	0.48779	0.54047	10.12943	1.03440	0	0.74767	0.56313	11.85698	1.03440	0	-0.00325	-0.00945	0.66662	0.00279	1	0.06486	-0.01445	0.68546	0.00295	1	1.45898	0.81042	0	
1270290	8567.01758	3306469767178	0.24122	0.22114	8566.71582	0.12012	11896	0	0.52891	0.44242	1	0.43597	0.44215	1	0.48244	0.44229	1	0.48190	0.53415	10.88230	1.03440	1	0.74297	0.55634	12.31735	1.03440	1	-0.00325	-0.00945	0.66662	0.00364	1	0.06486	-0.01445	0.68546	0.00381	1	1.45898	0.81042	0	
1270291	8567.02441	3306469834809	0.48374	0.42399	8566.71582	0.12012	11896	0	0.53255	0.38566	1	0.43755	0.42575	1	0.48505	0.40570	1	0.48208	0.53414	11.19431	1.03440	1	0.74300	0.55662	12.34157	1.03440	1	-0.00325	-0.00945	0.66662	0.00358	1	0.06486	-0.01445	0.68546	0.00379	1	1.45898	0.81042	0	
1270292	8567.03027	3306469901104	0.48420	0.41181	8566.71582	0.12012	11896	0	0.53174	0.37950	1	0.43757	0.41976	1	0.48466	0.39963	1	0.48186	0.53439	10.62203	1.04242	1	0.74329	0.55631	12.27852	1.04242	1	-0.00446	-0.00917	0.69111	0.00350	1	0.06295	-0.01341	0.67483	0.00368	1	1.45898	0.81042	0	
1270293	8567.03711	3306469968306	0.49581	0.41522	8566.71582	0.12012	11896	0	0.55752	0.40566	1	0.48053	0.43840	1	0.51902	0.42203	1	0.48206	0.53426	10.71200	1.05044	1	0.74331	0.55633	12.23679	1.05044	1	-0.00446	-0.00917	0.69111	0.00354	1	0.06295	-0.01341	0.67483	0.00372	1	1.45898	0.81042	0	
1270294	8567.04395	3306470035040	0.49706	0.40736	8567.02441	0.01953	11897	1	0.52856	0.37065	1	0.47307	0.39690	1	0.50081	0.38377	1	0.48202	0.53410	10.73262	1.05845	1	0.74321	0.55621	12.14528	1.05845	1	-0.00446	-0.00917	0.69111	0.00345	1	0.06295	-0.01341	0.67483	0.00371	1	1.45898	0.81042	0	
1270295	8567.05078	3306470101094	0.49776	0.40142	8567.02441	0.02637	11897	1	0.52774	0.36452	1	0.47335	0.39081	1	0.50055	0.37766	1	0.48168	0.53431	11.24756	1.06647	1	0.74307	0.55661	12.08606	1.06647	1	-0.00446	-0.00917	0.69111	0.00345	1	0.06291	-0.01343	0.67556	0.00384	1	1.45898	0.81042	0	
1270296	8567.05762	3306470168937	0.49946	0.40871	8567.02441	0.03320	11897	1	0.52555	0.40229	1	0.49039	0.48807	1	0.50797	0.44518	1	0.48150	0.53451	11.17053	1.06647	1	0.74314	0.55674	12.33659	1.06647	1	-0.00446	-0.00917	0.69111	0.00356	1	0.06291	-0.01343	0.67556	0.00379	1	1.45898	0.81042	0	
1270297	8567.06445	3306470236134	0.50291	0.41216	8567.02441	0.04004	11897	1	0.52378	0.40483	1	0.52348	0.46088	1	0.52363	0.43286	1	0.48156	0.53422	10.94669	1.06647	1	0.74322	0.55688	12.56191	1.06647	1	-0.00446	-0.00917	0.69111	0.00347	1	0.06291	-0.01343	0.67556	0.00374	1	1.45898	0.81042	0	
1270298	8567.07031	3306470303058	0.50551	0.41546	8567.02441	0.04590	11897	1	0.52462	0.41066	1	0.52284	0.46648	1	0.52373	0.43857	1	0.48137	0.53450	10.75822	1.05845	1	0.74287	0.55586	12.30952	1.05845	1	-0.00426	-0.00867	0.65322	0.00377	1	0.06349	-0.01360	0.68173	0.00395	1	1.45898	0.81042	0	
1270299	8567.07715	3306470369951	0.50601	0.41772	8567.02441	0.05273	11897	1	0.53973	0.43454	1	0.48021	0.43696	1	0.50997	0.43575	1	0.48144	0.53479	11.29118	1.05044	1	0.74258	0.55645	11.72441	1.05044	1	-0.00426	-0.00867	0.65322	0.00364	1	0.06349	-0.01360	0.68173	0.00376	1	1.45898	0.81042	0	
1270300	8567.08398	3306470435312	0.50705	0.41834	8567.02441	0.05957	11897	1	0.53990	0.41468	1	0.49298	0.43327	1	0.51644	0.42398	1	0.48142	0.53453	11.12005	1.04242	1	0.74276	0.55639	12.90787	1.04242	1	-0.00426	-0.00867	0.65322	0.00372	1	0.06349	-0.01360	0.68173	0.00369	1	1.45898	0.81042	0	
1270301	8567.09082	3306470503611	0.50791	0.41885	8567.02441	0.06641	11897	1	0.53990	0.41468	1	0.49298	0.43327	1	0.51644	0.42398	1	0.48122	0.53440	11.01286	1.04242	1	0.74253	0.55639	11.97460	1.04242	1	-0.00459	-0.00909	0.68083	0.00339	1	0.06297	-0.01351	0.67728	0.00368	1	1.45898	0.81042	0	
1270302	8567.09766	3306470571321	0.50780	0.41055	8567.02441	0.07324	11897	1	0.51444	0.21379	1	0.49888	0.42472	1	0.50666	0.31926	1	0.48108	0.53248	11.34379	1.05044	1	0.74279	0.55622	11.52702	1.05044	1	-0.00459	-0.00909	0.68083	0.00224	1	0.06297	-0.01351	0.67728	0.00370	1	1.45898	0.81042	0	
1270303	8567.10449	3306470637723	0.50724	0.40048	8567.02441	0.08008	11897	1	0.50638	0.16455	1	0.49472	0.39474	1	0.50055	0.27964	1	0.48108	0.53247	11.24039	1.05845	1	0.74274	0.55623	12.61372	1.05845	1	-0.00459	-0.00909	0.68083	0.00220	1	0.06297	-0.01351	0.67728	0.00363	1	1.45898	0.81042	0	
1270304	8567.11133	3306470704707	0.50675	0.39136	8567.02441	0.08691	11897	1	0.50543	0.15684	1	0.49516	0.38861	1	0.50030	0.27273	1	0.48168	0.53455	10.95336	1.06647	1	0.74245	0.55636	12.14465	1.06647	1	-0.00459	-0.00909	0.68083	0.00371	1	0.06297	-0.01351	0.67728	0.00365	1	1.45898	0.81042	0	
1270305	8567.11719	3306470771229	0.50667	0.38949	8567.02441	0.09277	11897	1	0.53585	0.29730	1	0.47535	0.42934	1	0.50560	0.36332	1	0.48149	0.53419	10.96240	1.06647	1	0.74246	0.55640	12.00897	1.06647	1	-0.00459	-0.00909	0.68083	0.00386	1	0.06297	-0.01351	0.67728	0.00366	1	1.45898	0.81042	0	
1270306	8567.12402	3306470834955	0.50581	0.38700	8567.02441	0.09961	11897	1	0.50915	0.25888	1	0.47656	0.44027	1	0.49285	0.34958	1	0.48107	0.53382	10.32226	1.06647	1	0.74248	0.55644	11.86452	1.06647	1	-0.00459	-0.00909	0.68083	0.00367	1	0.06297	-0.01351	0.67728	0.00366	1	1.45898	0.81042	0	
1270307	8567.13086	3306470906498	0.50505	0.38479	8567.02441	0.10645	11897	1	0.50915	0.25888	1	0.47656	0.44027	1	0.49285	0.34958	1	0.48103	0.53419	10.63892	1.06647	1	0.74234	0.55652	12.06770	1.06647	1	-0.00459	-0.00909	0.68083	0.00353	1	0.06297	-0.01351	0.67728	0.00373	1	1.45898	0.81042	0	
1270308	8567.13770	3306470968440	0.50438	0.38362	8567.02441	0.11328	11897	1	0.52022	0.32001	1	0.46599	0.40732	1	0.49311	0.36367	1	0.48123	0.53431	10.83677	1.06647	1	0.74228	0.55647	12.25752	1.06647	1	-0.00459	-0.00909	0.68083	0.00367	1	0.06297	-0.01351	0.67728	0.00379	1	1.45898	0.81042	0	
1270309	8567.14453	3306471037304	0.50321	0.37838	8567.02441	0.12012	11897	1	0.49735	0.13698	1	0.46700	0.43100	1	0.48217	0.28399	1	0.48102	0.53247	11.22076	1.06647	1	0.74235	0.55657	12.11918	1.06647	1	-0.00459	-0.00909	0.68083	0.00249	1	0.06297	-0.01351	0.67728	0.00373	1	1.45898	0.81042	0	
1270310	8567.15137	3306471107681	0.49993	0.34579	8567.02441	0.12012	11897	0	0.49735	0.13698	1	0.46700	0.43100	1	0.48217	0.28399	1	0.48116	0.53415	10.89041	1.06647	1	0.74244	0.55656	12.21067	1.06647	1	-0.00459	-0.00909	0.68083	0.00375	1	0.06355	-0.01358	0.68345	0.00371	1	1.45898	0.81042	0	
1270311	8567.15820	3306471174406	0.49682	0.36649	8567.02441	0.12012	11897	0	0.52063	0.34108	1	0.46678	0.43332	1	0.49371	0.38720	1	0.48120	0.53417	10.94245	1.06647	1	0.74231	0.55665	12.32940	1.06647	1	-0.00459	-0.00909	0.68083	0.00362	1	0.06355	-0.01358	0.68345	0.00375	1	1.45898	0.81042	0	
1270312	8567.16406	3306471235978	0.50011	0.37681	8567.02441	0.12012	11897	0	0.54004	0.36385	1	0.47333	0.43104	1	0.50668	0.39744	1	0.48150	0.53427	11.01744	1.06647	1	0.74243	0.55665	12.24576	1.06647	1	-0.00459	-0.00909	0.68083	0.00375	1	0.06355	-0.01358	0.68345	0.00370	1	1.45898	0.81042	0	
1270313	8567.17090	3306471304801	0.50175	0.38197	8567.15137	0.01953	11898	1	0.54004	0.36385	1	0.47333	0.43104	1	0.50668	0.39744	1	0.48147	0.53441	11.23798	1.06647	1	0.74242	0.55654	12.26527	1.06647	1	-0.00459	-0.00909	0.68083	0.00372	1	0.06297	-0.01351	0.67728	0.00373	1	1.45898	0.81042	0	
1270314	8567.17773	3306471371817	0.50090	0.38098	8567.15137	0.02637	11898	1	0.52310	0.34547	1	0.47188	0.40859	1	0.49749	0.37703	1	0.48122	0.53437	11.00825	1.06647	1	0.74245	0.55629	12.64825	1.06647	1	-0.00459	-0.00909	0.68083	0.00363	1	0.06297	-0.01351	0.67728	0.00371	1	1.45898	0.81042	0	
1270315	8567.18457	3306471437746	0.50210	0.38039	8567.15137	0.03320	11898	1	0.53364	0.34952	1	0.48258	0.40537	1	0.50811	0.37744	1	0.48140	0.53440	11.23035	1.06647	1	0.74251	0.55634	12.28470	1.06647	1	-0.00459	-0.00909	0.68083	0.00371	1	0.06297	-0.01351	0.67728	0.00367	1	1.45898	0.81042	0	
1270316	8567.19141	3306471506652	0.50292	0.37898	8567.15137	0.04004	11898	1	0.53276	0.34245	1	0.48298	0.39858	1	0.50787	0.37051	1	0.48150	0.53425	11.34884	1.07556	1	0.74252	0.55648	12.21239	1.07556	1	-0.00466	-0.00932	0.69785	0.00380	1	0.06297	-0.01351	0.67728	0.00368	1	1.45898	0.81042	0	
1270317	8567.19727	3306471570612	0.50424	0.37421	8567.15137	0.04590	11898	1	0.53550	0.30461	1	0.49140	0.37702	1	0.51345	0.34081	1	0.48155	0.53397	11.49196	1.08464	1	0.74264	0.55615	12.20932	1.08464	1	-0.00466	-0.00932	0.69785	0.00346	1	0.06297	-0.01351	0.67728	0.00373	1	1.45898	0.81042	0	
1270318	8567.20410	3306471639943	0.50621	0.37160	8567.15137	0.05273	11898	1	0.52805	0.29093	1	0.51582	0.41046	1	0.52194	0.35069	1	0.48144	0.53405	11.53215	1.09373	1	0.74314	0.55640	12.14057	1.09373	1	-0.00466	-0.00932	0.69785	0.00341	1	0.06297	-0.01351	0.67728	0.00369	1	1.45898	0.81042	0	
1270319	8567.21191	3306471710356	0.50780	0.36849	8567.15137	0.06055	11898	1	0.52716	0.28355	1	0.51710	0.39755	1	0.52213	0.34055	1	0.48137	0.53346	11.17142	1.10281	1	0.74294	0.55616	12.82392	1.11149	1	-0.00466	-0.00932	0.69785	0.00361	1	0.06627	-0.01421	0.71211	0.00371	1	1.45898	0.81042	0	
1270320	8567.21777	3306471777140	0.50756	0.36609	8567.15137	0.06641	11898	1	0.50417	0.31877	1	0.50612	0.36542	1	0.50515	0.34210	1	0.48139	0.53430	11.59147	1.11149	1	0.74284	0.55619	12.68043	1.12017	1	-0.00466	-0.00932	0.69785	0.00372	1	0.06627	-0.01421	0.71211	0.00371	1	1.45898	0.81042	0	
1270321	8567.22461	3306471843692	0.50597	0.36159	8567.15137	0.07324	11898	1	0.49869	0.29037	1	0.47824	0.33387	1	0.48847	0.31212	1	0.48135	0.53412	11.21246	1.12017	1	0.74285	0.55589	12.83814	1.12885	1	-0.00466	-0.00932	0.69785	0.00386	1	0.06627	-0.01421	0.71211	0.00365	1	1.45898	0.81042	0	
1270322	8567.23145	3306471911127	0.50463	0.35855	8567.15137	0.08008	11898	1	0.49969	0.29707	1	0.47760	0.34702	1	0.48865	0.32204	1	0.48129	0.53334	10.73456	1.11175	1	0.74235	0.55627	12.62035	1.11175	1	-0.00433	-0.00887	0.66439	0.00397	1	0.06297	-0.01351	0.67728	0.00383	1	1.45898	0.81042	0	
1270323	8567.23828	3306471977245	0.50390	0.35204	8567.15137	0.08691	11898	1	0.49902	0.15755	1	0.48984	0.37722	1	0.49443	0.26738	1	0.48141	0.53236	11.52673	1.09465	1	0.74264	0.55616	12.14345	1.08597	1	-0.00433	-0.00887	0.66439	0.00234	1	0.06297	-0.01351	0.67728	0.00370	1	1.45898	0.81042	0	
1270324	8567.24512	3306472044389	0.50256	0.35363	8567.15137	0.09375	11898	1	0.50173	0.34466	1	0.46584	0.40718	1	0.48378	0.37592	1	0.48129	0.53411	11.06981	1.06887	1	0.74266	0.55633	13.01476	1.06019	1	-0.00433	-0.00887	0.66439	0.00384	1	0.06297	-0.01351	0.67728	0.00372	1	1.45898	0.81042	0	
1270325	8567.25195	3306472111451	0.50021	0.35854	8567.15137	0.10059	11898	1	0.50173	0.34466	0	0.46488	0.43222	1	0.46488	0.43222	1	0.48129	0.53411	11.06981	1.04308	0	0.74319	0.55661	12.40531	1.02674	1	-0.00433	-0.00887	0.66439	0.00384	1	0.06131	-0.01315	0.65892	0.00381	1	1.45898	0.81042	0	
1270326	8567.25781	3306472176341	0.50021	0.35854	8567.15137	0.10645	11898	1	0.50173	0.34466	0	0.46488	0.43222	0	0.46488	0.43222	0	0.48129	0.53411	11.06981	1.02674	0	0.74319	0.55661	12.40531	1.01909	0	-0.00433	-0.00887	0.66439	0.00384	1	0.06131	-0.01315	0.65892	0.00381	1	1.45898	0.81042	0	
1270327	8567.26465	3306472245345	0.50021	0.35854	8567.15137	0.11328	11898	1	0.50173	0.34466	0	0.46488	0.43222	0	0.46488	0.43222	0	0.48129	0.53411	11.06981	1.01909	0	0.74319	0.55661	12.40531	1.01143	0	-0.00433	-0.00887	0.66439	0.00384	1	0.06131	-0.01315	0.65892	0.00381	1	1.45898	0.81042	0	
1270328	8567.27148	3306472310540	0.50021	0.35854	8567.15137	0.12012	11898	1	0.50173	0.34466	0	0.46488	0.43222	0	0.46488	0.43222	0	0.48129	0.53411	11.06981	1.01143	0	0.74319	0.55661	12.40531	1.00377	0	-0.00433	-0.00887	0.66439	0.00384	1	0.06131	-0.01315	0.65892	0.00381	1	1.45898	0.81042	0	
1270329	8567.27832	3306472379749	0.49969	0.35073	8567.15137	0.12012	11898	0	0.50173	0.34466	0	0.46488	0.43222	0	0.46488	0.43222	0	0.48129	0.53411	11.06981	1.00377	0	0.74319	0.55661	12.40531	1.00377	0	-0.00433	-0.00887	0.66439	0.00384	1	0.06131	-0.01315	0.65892	0.00381	1	1.45898	0.81042	0	
1270330	8567.28516	3306472446208	0.49969	0.35073	8567.15137	0.12012	11898	0	0.50173	0.34466	0	0.46488	0.43222	0	0.46488	0.43222	0	0.48129	0.53411	11.06981	1.00377	0	0.74319	0.55661	12.40531	1.00377	0	-0.00433	-0.00887	0.66439	0.00384	1	0.06131	-0.01315	0.65892	0.00381	1	1.45898	0.81042	0	
1270331	8567.29199	3306472513363	0.49969	0.35073	8567.15137	0.12012	11898	0	0.50173	0.34466	0	0.46488	0.43222	0	0.46488	0.43222	0	0.48129	0.53411	11.06981	1.00377	0	0.74319	0.55661	12.40531	1.00377	0	-0.00433	-0.00887	0.66439	0.00384	1	0.06131	-0.01315	0.65892	0.00381	1	1.45898	0.81042	0	
1270332	8567.29883	3306472580235	0.00000	0.00000	8567.15137	0.12012	11898	0	0.50173	0.34466	0	0.46488	0.43222	0	0.46488	0.43222	0	0.48129	0.53411	11.06981	1.00377	0	0.74319	0.55661	12.40531	1.00377	0	-0.00433	-0.00887	0.66439	0.00384	1	0.06131	-0.01315	0.65892	0.00381	1	1.45898	0.81042	0	
1270333	8567.30469	3306472646901	0.00000	0.00000	8567.15137	0.12012	11898	0	0.50173	0.34466	0	0.46488	0.43222	0	0.46488	0.43222	0	0.48129	0.53411	11.06981	1.00377	0	0.74319	0.55661	12.40531	1.00377	0	-0.00433	-0.00887	0.66439	0.00384	1	0.06131	-0.01315	0.65892	0.00381	1	1.45898	0.81042	0	
1270334	8567.31152	3306472714261	0.00000	0.00000	8567.15137	0.12012	11898	0	0.50173	0.34466	0	0.46488	0.43222	0	0.46488	0.43222	0	0.48129	0.53411	11.06981	1.00377	0	0.74319	0.55661	12.40531	1.00377	0	-0.00433	-0.00887	0.66439	0.00384	1	0.06131	-0.01315	0.65892	0.00381	1	1.45898	0.81042	0	
1270335	8567.31836	3306472781511	0.49203	0.35883	8567.15137	0.12012	11898	0	0.52062	0.23810	1	0.46345	0.47957	1	0.49203	0.35883	1	0.48191	0.53234	11.82501	1.00377	1	0.74306	0.55679	12.56955	1.00377	1	-0.00433	-0.00887	0.66439	0.00230	1	0.06131	-0.01315	0.65892	0.00366	1	1.45898	0.81042	0	
1270336	8567.32520	3306472848279	0.48490	0.35105	8567.15137	0.12012	11898	0	0.49044	0.23203	1	0.46511	0.45452	1	0.47777	0.34327	1	0.48186	0.53225	11.56176	1.00377	1	0.74307	0.55649	12.29567	1.00377	1	-0.00433	-0.00887	0.66439	0.00230	1	0.06131	-0.01315	0.65892	0.00380	1	1.45898	0.81042	0	
1270337	8567.33203	3306472914942	0.48230	0.34162	8567.15137	0.12012	11898	0	0.48807	0.21583	1	0.46610	0.42965	1	0.47708	0.32274	1	0.48199	0.53259	11.13792	1.02087	1	0.74346	0.55618	11.52301	1.03721	1	-0.00449	-0.00940	0.70432	0.00227	1	0.06563	-0.01403	0.70305	0.00376	1	1.45898	0.81042	0	
1270338	8567.33887	3306472981972	0.48136	0.33625	8567.31836	0.02051	11899	1	0.48726	0.21849	1	0.46982	0.42178	1	0.47854	0.32014	1	0.48187	0.53261	11.00630	1.05431	1	0.74347	0.55644	11.76238	1.07065	1	-0.00449	-0.00940	0.70432	0.00240	1	0.06563	-0.01403	0.70305	0.00368	1	1.45898	0.81042	0	
1270339	8567.34570	3306473050186	0.47990	0.32174	8567.31836	0.02734	11899	1	0.49322	0.17395	1	0.45495	0.35350	1	0.47408	0.26372	1	0.48197	0.53252	11.07178	1.08775	1	0.74328	0.55610	11.92385	1.10409	1	-0.00449	-0.00940	0.70432	0.00223	1	0.06563	-0.01403	0.70305	0.00402	1	1.45898	0.81042	0	
1270340	8567.35156	3306473113738	0.47872	0.30863	8567.31836	0.03320	11899	1	0.49017	0.15136	1	0.45539	0.33483	1	0.47278	0.24309	1	0.48225	0.53230	11.11836	1.11211	1	0.74356	0.55581	11.47473	1.12845	1	-0.00411	-0.00893	0.66925	0.00221	1	0.06563	-0.01403	0.70305	0.00404	1	1.45898	0.81042	0	
1270341	8567.35840	3306473180456	0.47646	0.29513	8567.31836	0.04004	11899	1	0.47227	0.13061	1	0.45357	0.29755	1	0.46292	0.21408	1	0.48216	0.53215	11.66841	1.11936	1	0.74362	0.55570	11.07020	1.11936	1	-0.00411	-0.00893	0.66925	0.00222	1	0.06563	-0.01403	0.70305	0.00404	1	1.45898	0.81042	0	
1270342	8567.36523	3306473245151	0.46227	0.26692	8567.31836	0.04688	11899	1	0.47227	0.13061	0	0.36293	0.06952	1	0.36293	0.06952	1	0.48216	0.53215	11.66841	1.11028	0	0.48230	0.53234	10.90985	1.11028	1	-0.00411	-0.00893	0.66925	0.00222	1	0.06563	-0.01403	0.70305	0.00225	1	1.45898	0.81042	0	
1270343	8567.37207	3306473314229	0.45129	0.24601	8567.31836	0.05371	11899	1	0.47227	0.13061	0	0.36348	0.07867	1	0.36348	0.07867	1	0.48216	0.53215	11.66841	1.10119	0	0.48425	0.53493	11.46200	1.10119	1	-0.00411	-0.00893	0.66925	0.00222	1	-0.00408	-0.00944	0.70717	0.00335	1	1.45898	0.81042	0	
1270344	8567.37891	3306473383280	0.44421	0.23306	8567.31836	0.06055	11899	1	0.47227	0.13061	0	0.38048	0.11653	1	0.38048	0.11653	1	0.48216	0.53215	11.66841	1.10119	0	0.48495	0.53308	10.82005	1.10119	1	-0.00411	-0.00893	0.66925	0.00222	1	-0.00408	-0.00944	0.70717	0.00221	1	1.45898	0.81042	0	
1270345	8567.38574	3306473448148	0.43517	0.22221	8567.31836	0.06738	11899	1	0.47227	0.13061	0	0.34478	0.11373	1	0.34478	0.11373	1	0.48216	0.53215	11.66841	1.10119	0	0.48512	0.53312	10.19999	1.10119	1	-0.00411	-0.00893	0.66925	0.00222	1	-0.00408	-0.00944	0.70717	0.00221	1	1.45898	0.81042	0	
1270346	8567.39258	3306473517948	0.42770	0.21388	8567.31836	0.07422	11899	1	0.47227	0.13061	0	0.34545	0.12219	1	0.34545	0.12219	1	0.48216	0.53215	11.66841	1.10119	0	0.48895	0.53553	10.53838	1.09251	1	-0.00411	-0.00893	0.66925	0.00222	1	-0.00315	-0.00925	0.67757	0.00365	1	1.45898	0.81042	0	
1270347	8567.39941	3306473585070	0.43424	0.23103	8567.31836	0.08105	11899	1	0.47227	0.13061	0	0.51275	0.43689	1	0.51275	0.43689	1	0.48216	0.53215	11.66841	1.09251	0	0.48956	0.53596	11.06025	1.08383	1	-0.00411	-0.00893	0.66925	0.00222	1	-0.00315	-0.00925	0.67757	0.00333	1	1.45898	0.81042	0	
1270348	8567.40527	3306473650837	0.44081	0.24581	8567.31836	0.08691	11899	1	0.47227	0.13061	0	0.52630	0.43793	1	0.52630	0.43793	1	0.48216	0.53215	11.66841	1.08383	0	0.48971	0.53646	10.59968	1.07515	1	-0.00411	-0.00893	0.66925	0.00222	1	-0.00315	-0.00925	0.67757	0.00326	1	1.45898	0.81042	0	
1270349	8567.41211	3306473719662	0.44647	0.25903	8567.31836	0.09375	11899	1	0.47227	0.13061	0	0.52559	0.44413	1	0.52559	0.44413	1	0.48216	0.53215	11.66841	1.07515	0	0.49098	0.53587	10.80262	1.06647	1	-0.00411	-0.00893	0.66925	0.00222	1	-0.00284	-0.00922	0.67554	0.00336	1	1.45898	0.81042	0	
1270350	8567.41895	3306473785837	0.45325	0.27161	8567.31836	0.10059	11899	1	0.47227	0.13061	0	0.55499	0.46036	1	0.55499	0.46036	1	0.48216	0.53215	11.66841	1.06647	0	0.49107	0.53632	10.90588	1.06647	1	-0.00411	-0.00893	0.66925	0.00222	1	-0.00284	-0.00922	0.67554	0.00324	1	1.45898	0.81042	0	
1270351	8567.42578	3306473852669	0.45955	0.28207	8567.31836	0.10742	11899	1	0.47227	0.13061	0	0.56041	0.44934	1	0.56041	0.44934	1	0.48216	0.53215	11.66841	1.06647	0	0.49108	0.53624	10.87345	1.06647	1	-0.00411	-0.00893	0.66925	0.00222	1	-0.00284	-0.00922	0.67554	0.00327	1	1.45898	0.81042	0	
1270352	8567.43262	3306473919867	0.46294	0.28409	8567.31836	0.11426	11899	1	0.48068	0.18791	1	0.56048	0.44887	1	0.52058	0.31839	1	0.49116	0.53607	10.85427	1.05845	1	0.75295	0.55693	10.32391	1.06713	1	-0.00276	-0.00915	0.67022	0.00340	1	0.06663	-0.01434	0.70024	0.00250	1	1.45898	0.81042	0	
1270353	8567.43945	3306473986679	0.47702	0.28893	8567.31836	0.12109	11899	1	0.71277	0.46344	1	0.74823	0.28867	1	0.73050	0.37605	1	0.49124	0.53605	10.72516	1.05912	1	0.75311	0.55687	10.67355	1.06780	1	-0.00276	-0.00915	0.67022	0.00333	1	0.06663	-0.01434	0.70024	0.00244	1	1.45898	0.81042	0	
1270354	8567.44531	3306474053123	0.50820	0.31016	8567.31836	0.12109	11899	0	0.71788	0.43312	1	0.74822	0.30238	1	0.73305	0.36775	1	0.49128	0.53591	10.91241	1.05978	1	0.75314	0.55703	10.25124	1.06846	1	-0.00276	-0.00915	0.67022	0.00343	1	0.06663	-0.01434	0.70024	0.00248	1	1.45898	0.81042	0	
1270355	8567.45215	3306474118528	0.62007	0.34057	8567.31836	0.12109	11899	0	0.71792	0.43266	1	0.74595	0.30931	1	0.73193	0.37099	1	0.49140	0.53587	10.91618	1.06045	1	0.75320	0.55689	10.32591	1.06045	1	-0.00276	-0.00915	0.67022	0.00353	1	0.06551	-0.01398	0.68796	0.00229	1	1.45898	0.81042	0	
1270356	8567.45898	3306474187407	0.65906	0.35525	8567.31836	0.12109	11899	0	0.72167	0.47164	1	0.75246	0.29755	1	0.73706	0.38459	1	0.49136	0.53634	10.77927	1.06045	1	0.75317	0.55684	10.29122	1.05176	1	-0.00276	-0.00915	0.67022	0.00346	1	0.06551	-0.01398	0.68796	0.00241	1	1.45898	0.81042	0	
1270357	8567.46582	3306474254692	0.73196	0.38092	8567.31836	0.12109	11899	0	0.72053	0.45818	1	0.73322	0.31620	1	0.72688	0.38719	1	0.49132	0.53623	10.59950	1.05176	1	0.75310	0.55681	10.46664	1.04308	1	-0.00276	-0.00915	0.67022	0.00338	1	0.06551	-0.01398	0.68796	0.00237	1	1.45898	0.81042	0	
1270358	8567.47266	3306474322021	0.72883	0.38598	8567.31836	0.12109	11899	0	0.72049	0.45863	1	0.73093	0.32345	1	0.72571	0.39104	1	0.49132	0.53631	10.74268	1.05110	1	0.75322	0.55663	10.36397	1.03476	1	-0.00280	-0.00938	0.69130	0.00341	1	0.06371	-0.01359	0.66849	0.00250	1	1.45898	0.81042	0	
1270359	8567.47949	3306474389746	0.72948	0.39590	8567.31836	0.12109	11899	0	0.70796	0.44720	1	0.75362	0.38428	1	0.73079	0.41574	1	0.49122	0.53593	10.82232	1.04278	1	0.75327	0.55671	10.44955	1.03512	1	-0.00280	-0.00938	0.69130	0.00348	1	0.06371	-0.01359	0.66849	0.00235	1	1.45898	0.81042	0	
1270360	8567.48633	3306474456830	0.73091	0.40716	8567.46582	0.02051	11900	1	0.71886	0.47240	1	0.75154	0.40946	1	0.73520	0.44093	1	0.49132	0.53631	10.74268	1.04314	1	0.75338	0.55688	10.73833	1.03548	1	-0.00280	-0.00938	0.69130	0.00341	1	0.06371	-0.01359	0.66849	0.00240	1	1.45898	0.81042	0	
1270361	8567.49316	3306474522604	0.73178	0.41386	8567.46582	0.02734	11900	1	0.71888	0.47216	1	0.75165	0.40918	1	0.73526	0.44067	1	0.49120	0.53624	10.98771	1.04349	1	0.75348	0.55660	10.35260	1.03583	1	-0.00280	-0.00923	0.69130	0.00332	1	0.06371	-0.01354	0.66849	0.00245	1	1.45898	0.81042	0	
1270362	8567.49902	3306474589967	0.73276	0.41209	8567.46582	0.03320	11900	1	0.72196	0.44345	1	0.75328	0.36299	1	0.73762	0.40322	1	0.49144	0.53585	10.88487	1.03583	1	0.75334	0.55655	10.24158	1.03583	1	-0.00280	-0.00923	0.69130	0.00322	1	0.06371	-0.01354	0.66849	0.00260	1	1.45898	0.81042	0	
1270363	8567.50586	3306474656703	0.73327	0.41204	8567.46582	0.04004	11900	1	0.71901	0.45767	1	0.75373	0.36586	1	0.73637	0.41177	1	0.49131	0.53597	11.23715	1.03583	1	0.75337	0.55649	10.45040	1.03583	1	-0.00280	-0.00923	0.69130	0.00316	1	0.06371	-0.01354	0.66849	0.00257	1	1.45898	0.81042	0	
1270364	8567.51270	3306474723159	0.73380	0.41161	8567.46582	0.04688	11900	1	0.71901	0.45767	1	0.75601	0.35951	1	0.73751	0.40859	1	0.49125	0.53593	11.01361	1.03583	1	0.75328	0.55656	10.96193	1.04349	1	-0.00280	-0.00923	0.69130	0.00336	1	0.06551	-0.01386	0.68689	0.00237	1	1.45898	0.81042	0	
1270365	8567.51953	3306474790441	0.73416	0.41238	8567.46582	0.05371	11900	1	0.71508	0.50320	1	0.75903	0.33388	1	0.73706	0.41854	1	0.49120	0.53603	11.14769	1.04349	1	0.75331	0.55643	10.45075	1.05115	1	-0.00280	-0.00923	0.69130	0.00331	1	0.06551	-0.01386	0.68689	0.00255	1	1.45898	0.81042	0	
1270366	8567.52637	3306474857526	0.72988	0.42342	8567.46582	0.06055	11900	1	0.71074	0.46421	1	0.67197	0.58127	1	0.69136	0.52274	1	0.49127	0.53561	11.15844	1.05115	1	0.75201	0.55906	11.70043	1.05881	1	-0.00280	-0.00923	0.69130	0.00323	1	0.06551	-0.01386	0.68689	0.00365	1	1.45898	0.81042	0	
1270367	8567.53320	3306474925031	0.72648	0.43200	8567.46582	0.06738	11900	1	0.71114	0.45906	1	0.67364	0.57669	1	0.69239	0.51787	1	0.49127	0.53579	11.26978	1.05881	1	0.75335	0.55630	10.45899	1.06647	1	-0.00280	-0.00923	0.69130	0.00323	1	0.06551	-0.01386	0.68689	0.00242	1	1.45898	0.81042	0	
1270368	8567.54004	3306474991994	0.72743	0.42887	8567.46582	0.07422	11900	1	0.70385	0.46566	1	0.77212	0.32325	1	0.73798	0.39445	1	0.49109	0.53547	10.53804	1.06647	1	0.75357	0.55619	10.94593	1.06647	1	-0.00280	-0.00923	0.69130	0.00326	1	0.06551	-0.01386	0.68689	0.00241	1	1.45898	0.81042	0	
1270369	8567.54590	3306475058557	0.72494	0.43504	8567.46582	0.08008	11900	1	0.71393	0.46255	1	0.67612	0.55552	1	0.69503	0.50904	1	0.49121	0.53544	10.51294	1.06647	1	0.75206	0.55879	11.49659	1.06647	1	-0.00280	-0.00923	0.69130	0.00327	1	0.06551	-0.01386	0.68689	0.00375	1	1.45898	0.81042	0	
1270370	8567.55273	3306475122266	0.72280	0.44033	8567.46582	0.08691	11900	1	0.71393	0.46255	1	0.67612	0.55552	1	0.69503	0.50904	1	0.49153	0.53548	10.42491	1.06647	1	0.75356	0.55610	10.97970	1.06647	1	-0.00280	-0.00918	0.69130	0.00343	1	0.06475	-0.01364	0.67884	0.00231	1	1.45898	0.81042	0	
1270371	8567.55957	3306475189439	0.72162	0.44648	8567.46582	0.09375	11900	1	0.72612	0.48346	1	0.68409	0.58176	1	0.70511	0.53261	1	0.49136	0.53542	10.87209	1.06647	1	0.75215	0.55876	11.63602	1.06647	1	-0.00280	-0.00918	0.69130	0.00345	1	0.06475	-0.01364	0.67884	0.00370	1	1.45898	0.81042	0	
1270372	8567.56641	3306475258603	0.72310	0.44191	8567.46582	0.10059	11900	1	0.71473	0.44044	1	0.77576	0.30648	1	0.74524	0.37346	1	0.49124	0.53522	11.24073	1.06647	1	0.75352	0.55608	10.28258	1.06647	1	-0.00280	-0.00918	0.69130	0.00344	1	0.06475	-0.01364	0.67884	0.00248	1	1.45898	0.81042	0	
1270373	8567.57324	3306475325166	0.72448	0.43767	8567.46582	0.10742	11900	1	0.71473	0.44044	1	0.77843	0.29896	1	0.74658	0.36970	1	0.49155	0.53548	10.69235	1.06647	1	0.75359	0.55569	10.19947	1.07515	1	-0.00280	-0.00918	0.69130	0.00351	1	0.06767	-0.01420	0.70888	0.00250	1	1.45898	0.81042	0	
1270374	8567.58008	3306475391071	0.72387	0.44275	8567.46582	0.11426	11900	1	0.72344	0.46773	1	0.70352	0.59055	1	0.71348	0.52914	1	0.49133	0.53533	10.66031	1.07515	1	0.75243	0.55831	11.57567	1.08383	1	-0.00280	-0.00918	0.69130	0.00341	1	0.06767	-0.01420	0.70888	0.00369	1	1.45898	0.81042	0	
1270375	8567.58594	3306475456226	0.72349	0.44700	8567.46582	0.12012	11900	1	0.72143	0.48729	1	0.71186	0.55958	1	0.71664	0.52344	1	0.49132	0.53560	11.15249	1.08383	1	0.75247	0.55793	11.40560	1.09251	1	-0.00280	-0.00918	0.69130	0.00338	1	0.06767	-0.01420	0.70888	0.00370	1	1.45898	0.81042	0	
1270376	8567.59277	3306475525800	0.71615	0.47651	8567.46582	0.12012	11900	0	0.72194	0.48182	1	0.71400	0.55435	1	0.71797	0.51809	1	0.49126	0.53502	10.65660	1.09251	1	0.75351	0.55554	10.44464	1.10119	1	-0.00280	-0.00902	0.69131	0.00334	1	0.06676	-0.01395	0.69938	0.00240	1	1.45898	0.81042	0	
1270377	8567.59961	3306475596027	0.73341	0.43270	8567.46582	0.12012	11900	0	0.72374	0.44066	1	0.77759	0.33712	1	0.75066	0.38889	1	0.49140	0.53526	10.77559	1.10119	1	0.75344	0.55568	10.44160	1.10119	1	-0.00280	-0.00902	0.69131	0.00346	1	0.06676	-0.01395	0.69938	0.00245	1	1.45898	0.81042	0	
1270378	8567.60645	3306475660834	0.72476	0.45677	8567.46582	0.12012	11900	0	0.72049	0.46329	1	0.69443	0.54653	1	0.70746	0.50491	1	0.49126	0.53510	10.72215	1.10119	1	0.75260	0.55794	11.19670	1.10119	1	-0.00280	-0.00902	0.69131	0.00335	1	0.06676	-0.01395	0.69938	0.00379	1	1.45898	0.81042	0	
1270379	8567.61328	3306475724266	0.72043	0.46880	8567.59277	0.02051	11901	1	0.72049	0.46329	1	0.69443	0.54653	1	0.70746	0.50491	1	0.49130	0.53441	10.63674	1.10119	1	0.75367	0.55529	10.26579	1.10119	1	-0.00280	-0.00902	0.69131	0.00325	1	0.06767	-0.01409	0.70888	0.00252	1	1.45898	0.81042	0	
1270380	8567.62012	3306475795462	0.72800	0.45760	8567.59277	0.02734	11901	1	0.73168	0.49506	1	0.78481	0.33053	1	0.75824	0.41280	1	0.49137	0.53486	10.74247	1.10119	1	0.75364	0.55540	10.49200	1.10119	1	-0.00280	-0.00902	0.69131	0.00331	1	0.06767	-0.01409	0.70888	0.00244	1	1.45898	0.81042	0	
1270381	8567.62695	3306475862657	0.73206	0.44422	8567.59277	0.03418	11901	1	0.72034	0.45368	1	0.78448	0.30089	1	0.75241	0.37729	1	0.49125	0.53458	10.53771	1.10119	1	0.75360	0.55525	10.27670	1.10119	1	-0.00280	-0.00902	0.69131	0.00324	1	0.06767	-0.01409	0.70888	0.00248	1	1.45898	0.81042	0	
1270382	8567.63379	3306475929740	0.73497	0.43466	8567.59277	0.04102	11901	1	0.72034	0.45368	1	0.78448	0.30089	1	0.75241	0.37729	1	0.49152	0.53449	10.63216	1.10119	1	0.75355	0.55513	10.64487	1.10119	1	-0.00280	-0.00902	0.69131	0.00341	1	0.06767	-0.01409	0.70888	0.00245	1	1.45898	0.81042	0	
1270383	8567.63965	3306475994826	0.73149	0.44249	8567.59277	0.04688	11901	1	0.73286	0.43455	1	0.68131	0.56017	1	0.70709	0.49736	1	0.49145	0.53441	10.84312	1.10119	1	0.75233	0.55806	11.60468	1.10119	1	-0.00280	-0.00902	0.69131	0.00334	1	0.06767	-0.01409	0.70888	0.00370	1	1.45898	0.81042	0	
1270384	8567.64648	3306476063681	0.72770	0.44967	8567.59277	0.05371	11901	1	0.73500	0.46528	1	0.65976	0.54884	1	0.69738	0.50706	1	0.49153	0.53465	10.66686	1.10119	1	0.75240	0.55788	11.56598	1.10119	1	-0.00280	-0.00902	0.69131	0.00357	1	0.06767	-0.01409	0.70888	0.00382	1	1.45898	0.81042	0	
1270385	8567.65332	3306476130260	0.72458	0.45567	8567.59277	0.06055	11901	1	0.73500	0.46528	1	0.65803	0.55408	1	0.69652	0.50968	1	0.49150	0.53445	10.91618	1.10119	1	0.75370	0.55501	10.23209	1.09251	1	-0.00280	-0.00892	0.69131	0.00346	1	0.06569	-0.01356	0.68764	0.00240	1	1.45898	0.81042	0	
1270386	8567.66016	3306476197387	0.72186	0.46242	8567.59277	0.06738	11901	1	0.73716	0.43325	1	0.65220	0.62662	1	0.69468	0.52994	1	0.49159	0.53441	10.56239	1.09251	1	0.75239	0.55810	10.92409	1.08383	1	-0.00280	-0.00892	0.69131	0.00361	1	0.06569	-0.01356	0.68764	0.00386	1	1.45898	0.81042	0	
1270387	8567.66699	3306476262665	0.71906	0.46656	8567.59277	0.07422	11901	1	0.73325	0.43680	1	0.64322	0.58744	1	0.68823	0.51212	1	0.49159	0.53420	10.47956	1.08383	1	0.75235	0.55768	11.00409	1.07515	1	-0.00280	-0.00892	0.69131	0.00373	1	0.06569	-0.01356	0.68764	0.00372	1	1.45898	0.81042	0	
1270388	8567.67285	3306476327030	0.71660	0.47049	8567.59277	0.08008	11901	1	0.73266	0.44266	1	0.64158	0.59249	1	0.68712	0.51758	1	0.49197	0.53450	10.95093	1.07515	1	0.75405	0.55483	10.27419	1.06647	1	-0.00264	-0.00865	0.67821	0.00351	1	0.06528	-0.01343	0.68341	0.00247	1	1.45898	0.81042	0	
1270389	8567.67969	3306476396181	0.71386	0.47354	8567.59277	0.08691	11901	1	0.69985	0.42653	1	0.65662	0.59994	1	0.67824	0.51324	1	0.49183	0.53358	11.24803	1.06647	1	0.75251	0.55728	11.48986	1.06647	1	-0.00264	-0.00865	0.67821	0.00332	1	0.06528	-0.01343	0.68341	0.00386	1	1.45898	0.81042	0	
1270390	8567.68750	3306476465372	0.71153	0.47720	8567.59277	0.09473	11901	1	0.71107	0.47050	1	0.64668	0.58623	1	0.67887	0.52836	1	0.49190	0.53353	11.16253	1.06647	1	0.75238	0.55724	11.56790	1.06647	1	-0.00264	-0.00865	0.67821	0.00336	1	0.06528	-0.01343	0.68341	0.00385	1	1.45898	0.81042	0	
1270391	8567.69336	3306476529457	0.70949	0.48039	8567.59277	0.10059	11901	1	0.71107	0.47050	1	0.64668	0.58623	1	0.67887	0.52836	1	0.49211	0.53312	11.05451	1.06647	1	0.75389	0.55448	10.73911	1.06647	1	-0.00256	-0.00869	0.68192	0.00367	1	0.06528	-0.01343	0.68341	0.00237	1	1.45898	0.81042	0	
1270392	8567.70020	3306476599779	0.70824	0.48246	8567.59277	0.10742	11901	1	0.70785	0.44664	1	0.66889	0.58452	1	0.68837	0.51558	1	0.49185	0.53318	10.92127	1.06647	1	0.75266	0.55704	12.32497	1.06647	1	-0.00256	-0.00869	0.68192	0.00330	1	0.06528	-0.01343	0.68341	0.00360	1	1.45898	0.81042	0	
1270393	8567.70703	3306476666048	0.70797	0.48400	8567.59277	0.11426	11901	1	0.72654	0.45420	1	0.68022	0.56622	1	0.70338	0.51021	1	0.49219	0.53338	10.82810	1.06647	1	0.75282	0.55689	11.79982	1.06647	1	-0.00256	-0.00869	0.68192	0.00343	1	0.06528	-0.01343	0.68341	0.00373	1	1.45898	0.81042	0	
1270394	8567.71387	3306476732981	0.69184	0.51497	8567.59277	0.11426	11901	0	0.72654	0.45420	1	0.68022	0.56622	1	0.70338	0.51021	1	0.49192	0.53270	10.71814	1.06647	1	0.75249	0.55686	10.57348	1.06647	1	-0.00257	-0.00859	0.68582	0.00359	1	0.06569	-0.01336	0.68764	0.00384	1	1.45898	0.81042	0	
1270395	8567.72070	3306476800368	0.73057	0.46436	8567.59277	0.11426	11901	0	0.74028	0.43516	1	0.79831	0.39233	1	0.76929	0.41374	1	0.49169	0.53260	10.58771	1.06647	1	0.75392	0.55395	10.40005	1.06647	1	-0.00257	-0.00859	0.68582	0.00334	1	0.06569	-0.01336	0.68764	0.00241	1	1.45898	0.81042	0	
1270396	8567.72754	3306476867241	0.75787	0.46111	8567.59277	0.11426	11901	0	0.79575	0.52974	1	0.82922	0.37946	1	0.81248	0.45460	1	0.49154	0.53303	10.94921	1.06647	1	0.75416	0.55395	10.44323	1.06647	1	-0.00257	-0.00859	0.68582	0.00334	1	0.06569	-0.01336	0.68764	0.00254	1	1.45898	0.81042	0	
1270397	8567.73438	3306476934042	0.79881	0.43886	8567.59277	0.11426	11901	0	0.79687	0.52430	1	0.83246	0.37220	1	0.81467	0.44825	1	0.48793	0.53174	10.24384	1.07556	1	0.74893	0.55502	12.31130	1.07556	1	-0.00324	-0.00867	0.70908	0.00340	1	0.06421	-0.01294	0.67644	0.00360	1	1.45898	0.81042	0	
1270398	8567.74023	3306477001256	0.71193	0.42244	8567.59277	0.11426	11901	0	0.64120	0.40166	1	0.60889	0.41037	1	0.62504	0.40602	1	0.48818	0.53141	10.54782	1.08464	1	0.74890	0.55388	10.89671	1.08464	1	-0.00324	-0.00867	0.70908	0.00370	1	0.06421	-0.01294	0.67644	0.00377	1	1.45898	0.81042	0	
1270399	8567.74707	3306477068688	0.69001	0.42506	8567.59277	0.11426	11901	0	0.63727	0.43574	1	0.65510	0.42484	1	0.64618	0.43029	1	0.48767	0.53112	10.30898	1.09373	1	0.74882	0.55382	11.03003	1.09373	1	-0.00324	-0.00867	0.70908	0.00354	1	0.06421	-0.01294	0.67644	0.00366	1	1.45898	0.81042	0	
1270400	8567.75391	3306477135211	0.63941	0.42008	8567.59277	0.11426	11901	0	0.63717	0.42961	1	0.65687	0.41827	1	0.64702	0.42394	1	0.48549	0.52805	10.54210	1.10281	1	0.74653	0.55260	10.86186	1.10281	1	-0.00346	-0.00827	0.68896	0.00217	1	0.06503	-0.01298	0.68940	0.00384	1	1.45898	0.81042	0	
1270401	8567.76074	3306477201999	0.57516	0.40445	8567.59277	0.11426	11901	0	0.51806	0.38680	1	0.50376	0.39084	1	0.51091	0.38882	1	0.48587	0.53059	10.55125	1.10281	1	0.74642	0.55294	10.91514	1.10281	1	-0.00346	-0.00827	0.68896	0.00343	1	0.06503	-0.01298	0.68940	0.00361	1	1.45898	0.81042	0	
1270402	8567.76758	3306477269253	0.55472	0.39021	8567.59277	0.11426	11901	0	0.51484	0.34058	1	0.51284	0.38289	1	0.51384	0.36173	1	0.48587	0.52966	10.42739	1.10281	1	0.74656	0.55264	10.95094	1.10281	1	-0.00346	-0.00827	0.68896	0.00339	1	0.06503	-0.01298	0.68940	0.00374	1	1.45898	0.81042	0	
1270403	8567.77344	3306477333030	0.51313	0.37073	8567.59277	0.11426	11901	0	0.51582	0.34750	1	0.51349	0.37580	1	0.51466	0.36165	1	0.48608	0.52753	9.95222	1.09373	1	0.74628	0.55327	11.70283	1.11233	1	-0.00329	-0.00813	0.68621	0.00214	1	0.06971	-0.01389	0.73777	0.00356	1	1.45898	0.81042	0	
1270404	8567.78125	3306477402772	0.49934	0.33469	8567.59277	0.11426	11901	0	0.50895	0.19121	1	0.46214	0.40608	1	0.48554	0.29864	1	0.48620	0.52786	10.34993	1.10324	1	0.74653	0.55324	11.70014	1.12184	1	-0.00329	-0.00813	0.68621	0.00208	1	0.06971	-0.01389	0.73777	0.00355	1	1.45898	0.81042	0	
1270405	8567.78711	3306477470090	0.49526	0.34767	8567.59277	0.11426	11901	0	0.51107	0.36398	1	0.46310	0.38326	1	0.48709	0.37362	1	0.48651	0.53001	10.27558	1.11276	1	0.74657	0.55314	11.16713	1.13136	1	-0.00329	-0.00813	0.68621	0.00327	1	0.06971	-0.01389	0.73777	0.00370	1	1.45898	0.81042	0	
1270406	8567.79395	3306477537391	0.49305	0.35410	8567.77344	0.02051	11902	1	0.51003	0.35700	1	0.46288	0.38983	1	0.48645	0.37341	1	0.48675	0.52778	10.59296	1.12227	1	0.74755	0.55304	11.40601	1.12227	1	-0.00313	-0.00797	0.67268	0.00207	1	0.06486	-0.01290	0.68546	0.00354	1	1.45898	0.81042	0	
1270407	8567.80078	3306477604246	0.49225	0.34471	8567.77344	0.02734	11902	1	0.49296	0.18718	1	0.48511	0.42709	1	0.48904	0.30713	1	0.48677	0.52751	10.38169	1.12227	1	0.74759	0.55327	11.40997	1.10367	1	-0.00313	-0.00797	0.67268	0.00208	1	0.06486	-0.01290	0.68546	0.00349	1	1.45898	0.81042	0	
1270408	8567.80762	3306477670147	0.49015	0.34931	8567.77344	0.03418	11902	1	0.48723	0.33655	1	0.47210	0.40811	1	0.47967	0.37233	1	0.48699	0.52958	9.38100	1.10367	1	0.74746	0.55298	11.53983	1.08507	1	-0.00313	-0.00797	0.67268	0.00344	1	0.06486	-0.01290	0.68546	0.00354	1	1.45898	0.81042	0	
1270409	8567.81445	3306477737644	0.48878	0.35459	8567.77344	0.04102	11902	1	0.48965	0.35080	1	0.47148	0.42171	1	0.48056	0.38625	1	0.48723	0.52735	10.32756	1.08507	1	0.74762	0.55209	10.65599	1.06647	1	-0.00297	-0.00810	0.68346	0.00203	1	0.06421	-0.01273	0.67644	0.00390	1	1.45898	0.81042	0	
1270410	8567.82129	3306477805037	0.49188	0.36244	8567.77344	0.04785	11902	1	0.50980	0.40537	1	0.51728	0.42944	1	0.51354	0.41741	1	0.48722	0.52963	10.17374	1.06647	1	0.74825	0.55293	11.12800	1.06647	1	-0.00297	-0.00810	0.68346	0.00340	1	0.06421	-0.01273	0.67644	0.00358	1	1.45898	0.81042	0	
1270411	8567.82715	3306477871433	0.49116	0.36398	8567.77344	0.05371	11902	1	0.51507	0.36245	1	0.45568	0.39005	1	0.48538	0.37625	1	0.48729	0.52916	10.28249	1.06647	1	0.74796	0.55277	11.57184	1.06647	1	-0.00297	-0.00810	0.68346	0.00360	1	0.06421	-0.01273	0.67644	0.00351	1	1.45898	0.81042	0	
1270412	8567.83398	3306477936235	0.49054	0.36451	8567.77344	0.06055	11902	1	0.51405	0.35548	1	0.45586	0.38315	1	0.48496	0.36931	1	0.48766	0.52703	10.45462	1.07556	1	0.74810	0.55333	11.57096	1.07556	1	-0.00288	-0.00812	0.69855	0.00209	1	0.06551	-0.01295	0.68796	0.00351	1	1.45898	0.81042	0	
1270413	8567.84082	3306478006060	0.48927	0.35880	8567.77344	0.06738	11902	1	0.48209	0.18793	1	0.47124	0.41555	1	0.47667	0.30174	1	0.48781	0.52719	10.09881	1.08464	1	0.74826	0.55320	11.68359	1.08464	1	-0.00288	-0.00812	0.69855	0.00213	1	0.06551	-0.01295	0.68796	0.00350	1	1.45898	0.81042	0	
1270414	8567.84766	3306478072365	0.48882	0.34764	8567.77344	0.07422	11902	1	0.47831	0.15274	1	0.48926	0.29689	1	0.48378	0.22481	1	0.48777	0.52694	10.60041	1.09373	1	0.74846	0.55179	10.89633	1.09373	1	-0.00288	-0.00812	0.69855	0.00205	1	0.06551	-0.01295	0.68796	0.00410	1	1.45898	0.81042	0	
1270415	8567.85449	3306478139884	0.48892	0.34260	8567.77344	0.08105	11902	1	0.47831	0.15274	0	0.49012	0.28218	1	0.49012	0.28218	1	0.48777	0.52694	10.60041	1.10281	0	0.74883	0.55321	11.55287	1.11149	1	-0.00288	-0.00812	0.69855	0.00205	1	0.06740	-0.01331	0.70726	0.00360	1	1.45898	0.81042	0	
1270416	8567.86133	3306478206392	0.48892	0.34260	8567.77344	0.08789	11902	1	0.47831	0.15274	0	0.49012	0.28218	0	0.49012	0.28218	0	0.48777	0.52694	10.60041	1.11149	0	0.74883	0.55321	11.55287	1.12017	0	-0.00288	-0.00812	0.69855	0.00205	1	0.06740	-0.01331	0.70726	0.00360	1	1.45898	0.81042	0	
1270417	8567.86816	3306478273797	0.48829	0.34373	8567.77344	0.09473	11902	1	0.47831	0.15274	0	0.48014	0.35837	1	0.48014	0.35837	1	0.48777	0.52694	10.60041	1.12017	0	0.74915	0.55291	11.10822	1.12885	1	-0.00288	-0.00812	0.69855	0.00205	1	0.06740	-0.01331	0.70726	0.00355	1	1.45898	0.81042	0	
1270418	8567.87500	3306478341006	0.48829	0.34373	8567.77344	0.10156	11902	1	0.47831	0.15274	0	0.48014	0.35837	0	0.48014	0.35837	0	0.48777	0.52694	10.60041	1.12885	0	0.74915	0.55291	11.10822	1.13754	0	-0.00288	-0.00812	0.69855	0.00205	1	0.06740	-0.01331	0.70726	0.00355	1	1.45898	0.81042	0	
1270419	8567.88086	3306478407540	0.48829	0.34373	8567.77344	0.10742	11902	1	0.47831	0.15274	0	0.48014	0.35837	0	0.48014	0.35837	0	0.48777	0.52694	10.60041	1.13754	0	0.74915	0.55291	11.10822	1.13754	0	-0.00288	-0.00812	0.69855	0.00205	1	0.06740	-0.01331	0.70726	0.00355	1	1.45898	0.81042	0	
1270420	8567.88770	3306478474481	0.48829	0.34373	8567.77344	0.11426	11902	1	0.47831	0.15274	0	0.48014	0.35837	0	0.48014	0.35837	0	0.48777	0.52694	10.60041	1.13754	0	0.74915	0.55291	11.10822	1.13754	0	-0.00288	-0.00812	0.69855	0.00205	1	0.06740	-0.01331	0.70726	0.00355	1	1.45898	0.81042	0	
1270421	8567.89453	3306478540147	0.48645	0.34523	8567.77344	0.11426	11902	0	0.47831	0.15274	0	0.48014	0.35837	0	0.48014	0.35837	0	0.48777	0.52694	10.60041	1.13754	0	0.74915	0.55291	11.10822	1.13754	0	-0.00288	-0.00812	0.69855	0.00205	1	0.06740	-0.01331	0.70726	0.00355	1	1.45898	0.81042	0	
1270422	8567.90137	3306478608332	0.48645	0.34523	8567.77344	0.11426	11902	0	0.47831	0.15274	0	0.48014	0.35837	0	0.48014	0.35837	0	0.48777	0.52694	10.60041	1.13754	0	0.74915	0.55291	11.10822	1.13754	0	-0.00288	-0.00812	0.69855	0.00205	1	0.06740	-0.01331	0.70726	0.00355	1	1.45898	0.81042	0	
1270423	8567.90820	3306478675794	0.48645	0.34523	8567.77344	0.11426	11902	0	0.47831	0.15274	0	0.48014	0.35837	0	0.48014	0.35837	0	0.48777	0.52694	10.60041	1.13754	0	0.74915	0.55291	11.10822	1.13754	0	-0.00288	-0.00812	0.69855	0.00205	1	0.06740	-0.01331	0.70726	0.00355	1	1.45898	0.81042	0	
1270424	8567.91504	3306478743252	0.00000	0.00000	8567.77344	0.11426	11902	0	0.47831	0.15274	0	0.48014	0.35837	0	0.48014	0.35837	0	0.48777	0.52694	10.60041	1.13754	0	0.74915	0.55291	11.10822	1.13754	0	-0.00288	-0.00812	0.69855	0.00205	1	0.06740	-0.01331	0.70726	0.00355	1	1.45898	0.81042	0	
1270425	8567.92188	3306478809049	0.00000	0.00000	8567.77344	0.11426	11902	0	0.47831	0.15274	0	0.48014	0.35837	0	0.48014	0.35837	0	0.48777	0.52694	10.60041	1.13754	0	0.74915	0.55291	11.10822	1.13754	0	-0.00288	-0.00812	0.69855	0.00205	1	0.06740	-0.01331	0.70726	0.00355	1	1.45898	0.81042	0	
1270426	8567.92773	3306478876506	0.00000	0.00000	8567.77344	0.11426	11902	0	0.47831	0.15274	0	0.48014	0.35837	0	0.48014	0.35837	0	0.48777	0.52694	10.60041	1.13754	0	0.74915	0.55291	11.10822	1.13754	0	-0.00288	-0.00812	0.69855	0.00205	1	0.06740	-0.01331	0.70726	0.00355	1	1.45898	0.81042	0	
1270427	8567.93457	3306478943090	0.47686	0.23933	8567.77344	0.11426	11902	0	0.47360	0.12000	1	0.48012	0.35867	1	0.47686	0.23933	1	0.48931	0.52675	10.67784	1.12845	1	0.74985	0.55332	11.51502	1.12845	1	-0.00245	-0.00787	0.68113	0.00207	1	0.06757	-0.01334	0.70563	0.00350	1	1.45898	0.81042	0	
1270428	8567.94141	3306479011500	0.48255	0.24493	8567.77344	0.11426	11902	0	0.50344	0.15184	1	0.47303	0.34922	1	0.48824	0.25053	1	0.48941	0.52680	10.62835	1.11936	1	0.74979	0.55274	11.29024	1.11936	1	-0.00245	-0.00787	0.68113	0.00206	1	0.06757	-0.01334	0.70563	0.00382	1	1.45898	0.81042	0	
1270429	8567.94824	3306479077243	0.48405	0.26344	8567.77344	0.11426	11902	0	0.50266	0.18425	1	0.47146	0.41664	1	0.48706	0.30045	1	0.48928	0.52693	10.33775	1.11028	1	0.74978	0.55337	11.67132	1.11028	1	-0.00245	-0.00787	0.68113	0.00207	1	0.06757	-0.01334	0.70563	0.00349	1	1.45898	0.81042	0	
1270430	8567.95508	3306479143296	0.48486	0.27528	8567.93457	0.02051	11903	1	0.50371	0.19242	1	0.47088	0.42920	1	0.48730	0.31081	1	0.48942	0.52681	10.28518	1.10119	1	0.75015	0.55330	10.78785	1.09251	1	-0.00236	-0.00789	0.68321	0.00208	1	0.06514	-0.01280	0.67978	0.00353	1	1.45898	0.81042	0	
1270431	8567.96094	3306479208830	0.48867	0.27790	8567.93457	0.02637	11903	1	0.50434	0.15529	1	0.50343	0.42143	1	0.50389	0.28836	1	0.48958	0.52692	10.14430	1.09251	1	0.75029	0.55285	10.41074	1.08383	1	-0.00236	-0.00789	0.68321	0.00206	1	0.06514	-0.01280	0.67978	0.00354	1	1.45898	0.81042	0	
1270432	8567.96777	3306479275855	0.48945	0.27839	8567.93457	0.03320	11903	1	0.49803	0.17860	1	0.48870	0.38315	1	0.49336	0.28088	1	0.48960	0.52701	10.41856	1.08383	1	0.75008	0.55292	10.45968	1.07515	1	-0.00236	-0.00789	0.68321	0.00205	1	0.06514	-0.01280	0.67978	0.00351	1	1.45898	0.81042	0	
1270433	8567.97461	3306479344851	0.49006	0.27979	8567.93457	0.04004	11903	1	0.49909	0.18664	1	0.48828	0.38977	1	0.49368	0.28820	1	0.48956	0.52718	10.09444	1.07515	1	0.75017	0.55240	10.24210	1.06647	1	-0.00236	-0.00801	0.68469	0.00211	1	0.06514	-0.01280	0.67978	0.00373	1	1.45898	0.81042	0	
1270434	8567.98145	3306479408410	0.47678	0.26176	8567.93457	0.04688	11903	1	0.49909	0.18664	0	0.38384	0.13553	1	0.38384	0.13553	1	0.48956	0.52718	10.09444	1.06647	0	0.48969	0.52708	10.16281	1.06647	1	-0.00236	-0.00801	0.68469	0.00211	1	0.06514	-0.01280	0.67978	0.00202	1	1.45898	0.81042	0	
1270435	8567.98828	3306479476799	0.46686	0.24525	8567.93457	0.05371	11903	1	0.49909	0.18664	0	0.38754	0.11319	1	0.38754	0.11319	1	0.48956	0.52718	10.09444	1.06647	0	0.48970	0.52714	10.30197	1.06647	1	-0.00236	-0.00801	0.68469	0.00211	1	0.06514	-0.01280	0.67978	0.00202	1	1.45898	0.81042	0	
1270436	8567.99512	3306479543635	0.45889	0.23117	8567.93457	0.06055	11903	1	0.49909	0.18664	0	0.38718	0.10442	1	0.38718	0.10442	1	0.48956	0.52718	10.09444	1.06647	0	0.48984	0.52748	10.07748	1.07515	1	-0.00236	-0.00801	0.68469	0.00211	1	-0.00236	-0.00828	0.69903	0.00215	1	1.45898	0.81042	0	
1270437	8568.00195	3306479611425	0.45132	0.21945	8567.93457	0.06738	11903	1	0.49909	0.18664	0	0.37558	0.10224	1	0.37558	0.10224	1	0.48956	0.52718	10.09444	1.07515	0	0.48996	0.52739	10.09403	1.08383	1	-0.00236	-0.00801	0.68469	0.00211	1	-0.00236	-0.00828	0.69903	0.00208	1	1.45898	0.81042	0	
1270438	8568.00879	3306479678177	0.44477	0.20879	8567.93457	0.07422	11903	1	0.49909	0.18664	0	0.37276	0.09160	1	0.37276	0.09160	1	0.48956	0.52718	10.09444	1.08383	0	0.48998	0.52734	10.04822	1.09251	1	-0.00236	-0.00801	0.68469	0.00211	1	-0.00236	-0.00828	0.69903	0.00204	1	1.45898	0.81042	0	
1270439	8568.01465	3306479744011	0.43920	0.19911	8567.93457	0.08008	11903	1	0.49909	0.18664	0	0.37230	0.08287	1	0.37230	0.08287	1	0.48956	0.52718	10.09444	1.09251	0	0.49027	0.52764	10.25397	1.10119	1	-0.00236	-0.00801	0.68469	0.00211	1	-0.00228	-0.00836	0.70587	0.00206	1	1.45898	0.81042	0	
1270440	8568.02148	3306479811296	0.43387	0.19148	8567.93457	0.08691	11903	1	0.49909	0.18664	0	0.36458	0.09231	1	0.36458	0.09231	1	0.48956	0.52718	10.09444	1.10119	0	0.49013	0.52743	10.28936	1.10119	1	-0.00236	-0.00801	0.68469	0.00211	1	-0.00228	-0.00836	0.70587	0.00209	1	1.45898	0.81042	0	
1270441	8568.02832	3306479881214	0.42919	0.18668	8567.93457	0.09375	11903	1	0.49909	0.18664	0	0.36366	0.11950	1	0.36366	0.11950	1	0.48956	0.52718	10.09444	1.10119	0	0.49024	0.52738	10.10988	1.10119	1	-0.00236	-0.00801	0.68469	0.00211	1	-0.00228	-0.00836	0.70587	0.00211	1	1.45898	0.81042	0	
1270442	8568.03516	3306479950257	0.40521	0.15225	8567.93457	0.09375	11903	0	0.49909	0.18664	0	0.36419	0.12793	1	0.36419	0.12793	1	0.48956	0.52718	10.09444	1.10119	0	0.49045	0.52711	10.11943	1.09251	1	-0.00236	-0.00801	0.68469	0.00211	1	-0.00215	-0.00810	0.68346	0.00205	1	1.45898	0.81042	0	
1270443	8568.04199	3306480017080	0.39602	0.15271	8567.93457	0.09375	11903	0	0.49909	0.18664	0	0.38682	0.15318	1	0.38682	0.15318	1	0.48956	0.52718	10.09444	1.09251	0	0.49051	0.52735	9.83869	1.08383	1	-0.00236	-0.00801	0.68469	0.00211	1	-0.00215	-0.00810	0.68346	0.00217	1	1.45898	0.81042	0	
1270444	8568.04883	3306480083500	0.39763	0.24008	8567.93457	0.09375	11903	0	0.49909	0.18664	0	0.40086	0.41480	1	0.40086	0.41480	1	0.48956	0.52718	10.09444	1.08383	0	0.49086	0.52995	10.28236	1.07515	1	-0.00236	-0.00801	0.68469	0.00211	1	-0.00215	-0.00810	0.68346	0.00328	1	1.45898	0.81042	0	
1270445	8568.05566	3306480149041	0.41263	0.29154	8567.93457	0.09375	11903	0	0.49909	0.18664	1	0.40136	0.42667	1	0.45022	0.30666	1	0.49098	0.52944	10.23317	1.07515	1	0.75131	0.55262	11.12040	1.05881	1	-0.00208	-0.00806	0.69300	0.00349	1	0.06384	-0.01252	0.66263	0.00390	1	1.45898	0.81042	0	
1270446	8568.06250	3306480216207	0.45780	0.31877	8567.93457	0.09375	11903	0	0.53570	0.36119	1	0.47023	0.33080	1	0.50297	0.34600	1	0.49116	0.52905	10.17802	1.05881	1	0.75131	0.55247	11.12997	1.05115	1	-0.00208	-0.00806	0.69300	0.00366	1	0.06384	-0.01252	0.66263	0.00394	1	1.45898	0.81042	0	
1270447	8568.06934	3306480283826	0.47043	0.32820	8567.93457	0.09375	11903	0	0.51596	0.35191	1	0.47539	0.34221	1	0.49568	0.34706	1	0.49125	0.52880	10.00296	1.05115	1	0.75143	0.55251	10.96441	1.04349	1	-0.00208	-0.00806	0.69300	0.00372	1	0.06384	-0.01252	0.66263	0.00363	1	1.45898	0.81042	0	
1270448	8568.07520	3306480350337	0.49825	0.34771	8567.93457	0.09375	11903	0	0.51683	0.35795	1	0.47539	0.34221	1	0.49611	0.35008	1	0.49135	0.52925	10.17098	1.04349	1	0.75220	0.55304	11.04566	1.04349	1	-0.00193	-0.00787	0.67667	0.00362	1	0.06586	-0.01291	0.68297	0.00374	1	1.45898	0.81042	0	
1270449	8568.08203	3306480417149	0.49827	0.36578	8567.93457	0.09375	11903	0	0.51921	0.37739	1	0.47737	0.39029	1	0.49829	0.38384	1	0.49123	0.52852	10.06129	1.04349	1	0.75218	0.55284	11.68921	1.05115	1	-0.00193	-0.00787	0.67667	0.00349	1	0.06586	-0.01291	0.68297	0.00349	1	1.45898	0.81042	0	
1270450	8568.08887	3306480484125	0.49059	0.36765	8567.93457	0.09375	11903	0	0.48790	0.33174	1	0.46258	0.41108	1	0.47524	0.37141	1	0.49118	0.52783	9.98682	1.05115	1	0.75207	0.55348	11.33014	1.05881	1	-0.00193	-0.00787	0.67667	0.00369	1	0.06586	-0.01291	0.68297	0.00372	1	1.45898	0.81042	0	
1270451	8568.09570	3306480552485	0.48653	0.36534	8568.07520	0.02051	11904	1	0.48563	0.31819	1	0.46301	0.39859	1	0.47432	0.35839	1	0.49154	0.52682	10.27360	1.06790	1	0.75222	0.55277	10.91477	1.07556	1	-0.00187	-0.00822	0.71199	0.00217	1	0.06528	-0.01275	0.67486	0.00395	1	1.45898	0.81042	0	
1270452	8568.10254	3306480618528	0.48901	0.34166	8568.07520	0.02734	11904	1	0.50982	0.19147	1	0.48805	0.30247	1	0.49894	0.24697	1	0.49165	0.52678	10.12350	1.08464	1	0.75233	0.55226	11.07222	1.08464	1	-0.00187	-0.00822	0.71199	0.00215	1	0.06528	-0.01275	0.67486	0.00376	1	1.45898	0.81042	0	
1270453	8568.10938	3306480685451	0.48608	0.32478	8568.07520	0.03418	11904	1	0.48567	0.18567	1	0.45724	0.29502	1	0.47145	0.24035	1	0.49169	0.52678	10.64773	1.09373	1	0.75221	0.55240	11.00562	1.09373	1	-0.00187	-0.00822	0.71199	0.00209	1	0.06528	-0.01275	0.67486	0.00379	1	1.45898	0.81042	0	
1270454	8568.11523	3306480752042	0.48399	0.31272	8568.07520	0.04004	11904	1	0.48567	0.18567	1	0.45724	0.29502	1	0.47145	0.24035	1	0.49213	0.52662	10.66150	1.09373	1	0.75304	0.55296	11.07935	1.09373	1	-0.00172	-0.00779	0.67406	0.00207	1	0.06605	-0.01286	0.68288	0.00408	1	1.45898	0.81042	0	
1270455	8568.12207	3306480819042	0.48667	0.31506	8568.07520	0.04688	11904	1	0.52758	0.36857	1	0.48322	0.29441	1	0.50540	0.33149	1	0.49224	0.52844	9.43389	1.08464	1	0.75304	0.55233	11.22275	1.08464	1	-0.00172	-0.00779	0.67406	0.00347	1	0.06605	-0.01286	0.68288	0.00383	1	1.45898	0.81042	0	
1270456	8568.12891	3306480885757	0.48610	0.31644	8568.07520	0.05371	11904	1	0.48156	0.35999	1	0.48159	0.29497	1	0.48157	0.32748	1	0.49193	0.52833	10.03176	1.07556	1	0.75304	0.55220	11.19089	1.07556	1	-0.00172	-0.00779	0.67406	0.00367	1	0.06605	-0.01286	0.68288	0.00384	1	1.45898	0.81042	0	
1270457	8568.13574	3306480953222	0.48565	0.31755	8568.07520	0.06055	11904	1	0.48156	0.35999	1	0.48159	0.29497	1	0.48157	0.32748	1	0.49236	0.52618	10.46390	1.07556	1	0.75322	0.55265	11.35173	1.07556	1	-0.00162	-0.00794	0.69628	0.00216	1	0.06556	-0.01272	0.67567	0.00374	1	1.45898	0.81042	0	
1270458	8568.14258	3306481019812	0.48686	0.31360	8568.07520	0.06738	11904	1	0.50082	0.31163	1	0.49715	0.23676	1	0.49898	0.27419	1	0.49269	0.52781	9.99247	1.08464	1	0.75329	0.55165	11.28676	1.08464	1	-0.00162	-0.00794	0.69628	0.00364	1	0.06556	-0.01272	0.67567	0.00392	1	1.45898	0.81042	0	
1270459	8568.14941	3306481086971	0.48724	0.31445	8568.07520	0.07422	11904	1	0.50322	0.31296	1	0.47957	0.33450	1	0.49139	0.32373	1	0.49268	0.52782	10.01970	1.09373	1	0.75303	0.55273	11.16781	1.09373	1	-0.00162	-0.00794	0.69628	0.00365	1	0.06556	-0.01272	0.67567	0.00351	1	1.45898	0.81042	0	
1270460	8568.15625	3306481153625	0.48756	0.31516	8568.07520	0.08105	11904	1	0.50322	0.31296	1	0.47957	0.33450	1	0.49139	0.32373	1	0.49282	0.52611	10.19834	1.09373	1	0.75369	0.55322	11.57283	1.09373	1	-0.00157	-0.00793	0.69600	0.00218	1	0.06556	-0.01272	0.67567	0.00353	1	1.45898	0.81042	0	
1270461	8568.16309	3306481222839	0.48850	0.31086	8568.07520	0.08789	11904	1	0.49655	0.14481	1	0.50503	0.36511	1	0.50079	0.25496	1	0.49264	0.52584	10.51991	1.08464	1	0.75388	0.55305	11.47211	1.08464	1	-0.00157	-0.00793	0.69600	0.00209	1	0.06556	-0.01272	0.67567	0.00355	1	1.45898	0.81042	0	
1270462	8568.16992	3306481289545	0.48907	0.30688	8568.07520	0.09473	11904	1	0.51654	0.20987	1	0.47745	0.29235	1	0.49699	0.25111	1	0.49288	0.52598	10.50907	1.07556	1	0.75379	0.55251	11.20811	1.07556	1	-0.00157	-0.00793	0.69600	0.00219	1	0.06556	-0.01272	0.67567	0.00356	1	1.45898	0.81042	0	
1270463	8568.17578	3306481354123	0.48958	0.30389	8568.07520	0.10059	11904	1	0.51753	0.21808	1	0.47710	0.30003	1	0.49731	0.25905	1	0.49291	0.52593	10.53500	1.06647	1	0.75339	0.55274	11.64327	1.06647	1	-0.00154	-0.00768	0.68279	0.00216	1	0.06556	-0.01272	0.67567	0.00353	1	1.45898	0.81042	0	
1270464	8568.18262	3306481419505	0.48984	0.30848	8568.07520	0.10742	11904	1	0.51279	0.39785	1	0.47494	0.36584	1	0.49386	0.38185	1	0.49278	0.52814	10.73537	1.06647	1	0.75372	0.55309	11.30696	1.06647	1	-0.00154	-0.00768	0.68279	0.00324	1	0.06556	-0.01272	0.67567	0.00359	1	1.45898	0.81042	0	
1270465	8568.18945	3306481484964	0.48988	0.31355	8568.07520	0.11426	11904	1	0.52303	0.38782	1	0.45826	0.41195	1	0.49064	0.39988	1	0.49295	0.52818	10.78923	1.06647	1	0.75356	0.55293	11.36351	1.06647	1	-0.00154	-0.00768	0.68279	0.00322	1	0.06556	-0.01272	0.67567	0.00361	1	1.45898	0.81042	0	
1270466	8568.19629	3306481554099	0.48990	0.31774	8568.07520	0.12109	11904	1	0.52207	0.38107	1	0.45846	0.40523	1	0.49026	0.39315	1	0.49284	0.52805	10.96703	1.07556	1	0.75373	0.55270	11.30317	1.07556	1	-0.00153	-0.00791	0.70282	0.00326	1	0.06556	-0.01272	0.67567	0.00384	1	1.45898	0.81042	0	
1270467	8568.20215	3306481619602	0.48944	0.32207	8568.07520	0.12695	11904	1	0.50475	0.40790	1	0.45654	0.40072	1	0.48064	0.40431	1	0.49267	0.52802	10.47174	1.08464	1	0.75352	0.55302	11.94712	1.08464	1	-0.00153	-0.00791	0.70282	0.00337	1	0.06556	-0.01272	0.67567	0.00370	1	1.45898	0.81042	0	
1270468	8568.20898	3306481687977	0.49019	0.32425	8568.07520	0.13379	11904	1	0.51653	0.35247	1	0.49396	0.38323	1	0.50525	0.36785	1	0.49279	0.52783	10.75317	1.09373	1	0.75400	0.55283	11.23319	1.09373	1	-0.00153	-0.00791	0.70282	0.00338	1	0.06556	-0.01272	0.67567	0.00387	1	1.45898	0.81042	0	
1270469	8568.21582	3306481756921	0.49088	0.32623	8568.07520	0.14062	11904	1	0.51653	0.35247	1	0.49396	0.38323	1	0.50525	0.36785	1	0.49299	0.52554	10.87076	1.09373	1	0.75376	0.55280	11.47229	1.09373	1	-0.00154	-0.00768	0.68279	0.00219	1	0.06633	-0.01272	0.68366	0.00389	1	1.45898	0.81042	0	
1270470	8568.22266	3306481823937	0.49059	0.32808	8568.07520	0.14746	11904	1	0.51326	0.32725	1	0.45523	0.41038	1	0.48425	0.36881	1	0.49287	0.52729	9.89585	1.08464	1	0.75349	0.55255	11.83008	1.08464	1	-0.00154	-0.00768	0.68279	0.00368	1	0.06633	-0.01272	0.68366	0.00387	1	1.45898	0.81042	0	
1270471	8568.22949	3306481890697	0.49114	0.33032	8568.07520	0.15430	11904	1	0.52707	0.38608	1	0.48050	0.37726	1	0.50379	0.38167	1	0.49296	0.52736	10.56483	1.07556	1	0.75385	0.55220	11.41365	1.07556	1	-0.00154	-0.00768	0.68279	0.00346	1	0.06633	-0.01272	0.68366	0.00374	1	1.45898	0.81042	0	
1270472	8568.23633	3306481957613	0.49165	0.33264	8568.07520	0.16113	11904	1	0.52799	0.39279	1	0.48013	0.38422	1	0.50406	0.38850	1	0.49291	0.52548	11.04272	1.06647	1	0.75378	0.55109	11.25937	1.06647	1	-0.00154	-0.00768	0.68279	0.00213	1	0.06556	-0.01252	0.67567	0.00389	1	1.45898	0.81042	0	
1270473	8568.24316	3306482024829	0.49639	0.36025	8568.07520	0.16113	11904	0	0.52928	0.38261	1	0.47944	0.33529	1	0.50436	0.35895	1	0.49299	0.52746	10.67588	1.06647	1	0.75384	0.55155	11.24822	1.06647	1	-0.00154	-0.00768	0.68279	0.00341	1	0.06556	-0.01252	0.67567	0.00395	1	1.45898	0.81042	0	
1270474	8568.25000	3306482090655	0.49856	0.36182	8568.07520	0.16113	11904	0	0.51569	0.40534	1	0.48578	0.32144	1	0.50073	0.36339	1	0.49284	0.52764	10.36792	1.06647	1	0.75387	0.55154	11.29424	1.06647	1	-0.00154	-0.00768	0.68279	0.00338	1	0.06556	-0.01252	0.67567	0.00395	1	1.45898	0.81042	0	
1270475	8568.25684	3306482158979	0.49929	0.36234	8568.07520	0.16113	11904	0	0.51569	0.40534	1	0.48578	0.32144	1	0.50073	0.36339	1	0.49284	0.52525	10.39474	1.06647	1	0.75382	0.55168	11.70158	1.06647	1	-0.00157	-0.00778	0.69600	0.00222	1	0.06719	-0.01281	0.69141	0.00349	1	1.45898	0.81042	0	
1270476	8568.26270	3306482226210	0.49817	0.35435	8568.24316	0.01953	11905	1	0.52176	0.34341	1	0.46791	0.31732	1	0.49484	0.33036	1	0.49290	0.52703	10.60057	1.06647	1	0.75366	0.55168	11.34597	1.06647	1	-0.00157	-0.00778	0.69600	0.00360	1	0.06719	-0.01281	0.69141	0.00376	1	1.45898	0.81042	0	
1270477	8568.26953	3306482292766	0.49906	0.35366	8568.24316	0.02637	11905	1	0.51505	0.31161	1	0.49018	0.39017	1	0.50262	0.35089	1	0.49291	0.52654	10.56106	1.06647	1	0.75361	0.55181	11.46742	1.06647	1	-0.00157	-0.00778	0.69600	0.00349	1	0.06719	-0.01281	0.69141	0.00359	1	1.45898	0.81042	0	
1270478	8568.27637	3306482359759	0.49965	0.35319	8568.24316	0.03320	11905	1	0.51505	0.31161	1	0.49018	0.39017	1	0.50262	0.35089	1	0.49275	0.52502	10.71927	1.06647	1	0.75381	0.55193	11.40930	1.06647	1	-0.00154	-0.00748	0.68279	0.00217	1	0.06556	-0.01252	0.67567	0.00361	1	1.45898	0.81042	0	
1270479	8568.28320	3306482426633	0.50191	0.35735	8568.24316	0.04004	11905	1	0.52704	0.40330	1	0.50391	0.36125	1	0.51547	0.38228	1	0.49305	0.52762	11.04456	1.06647	1	0.75379	0.55198	11.48310	1.06647	1	-0.00154	-0.00748	0.68279	0.00335	1	0.06556	-0.01252	0.67567	0.00358	1	1.45898	0.81042	0	
1270480	8568.29004	3306482493513	0.50311	0.35703	8568.24316	0.04688	11905	1	0.51423	0.36304	1	0.50872	0.34657	1	0.51148	0.35481	1	0.49282	0.52666	10.27390	1.06647	1	0.75392	0.55171	11.28292	1.06647	1	-0.00154	-0.00748	0.68279	0.00373	1	0.06556	-0.01252	0.67567	0.00362	1	1.45898	0.81042	0	
1270481	8568.29688	3306482559940	0.50404	0.35678	8568.24316	0.05371	11905	1	0.51423	0.36304	1	0.50872	0.34657	1	0.51148	0.35481	1	0.49288	0.52734	11.11214	1.06647	1	0.75362	0.55202	11.54390	1.06647	1	-0.00165	-0.00755	0.68908	0.00342	1	0.06633	-0.01261	0.68366	0.00357	1	1.45898	0.81042	0	
1270482	8568.30273	3306482627102	0.50462	0.34921	8568.24316	0.05957	11905	1	0.51412	0.21120	1	0.50550	0.35093	1	0.50981	0.28106	1	0.49254	0.52495	10.83414	1.06647	1	0.75350	0.55186	11.30183	1.06647	1	-0.00165	-0.00755	0.68908	0.00216	1	0.06633	-0.01261	0.68366	0.00355	1	1.45898	0.81042	0	
1270483	8568.30957	3306482694392	0.50495	0.34493	8568.24316	0.06641	11905	1	0.50881	0.21700	1	0.50784	0.38721	1	0.50832	0.30210	1	0.49242	0.52492	10.63541	1.06647	1	0.75357	0.55195	11.54858	1.06647	1	-0.00165	-0.00755	0.68908	0.00222	1	0.06633	-0.01261	0.68366	0.00353	1	1.45898	0.81042	0	
1270484	8568.31641	3306482762484	0.50522	0.34073	8568.24316	0.07324	11905	1	0.50775	0.20878	1	0.50844	0.38025	1	0.50810	0.29452	1	0.49230	0.52490	10.67681	1.07556	1	0.75329	0.55082	11.76527	1.07556	1	-0.00176	-0.00780	0.71244	0.00216	1	0.06442	-0.01225	0.66399	0.00384	1	1.45898	0.81042	0	
1270485	8568.32324	3306482829058	0.50578	0.34061	8568.24316	0.08008	11905	1	0.52718	0.35071	1	0.49801	0.32777	1	0.51259	0.33924	1	0.49265	0.52656	10.21762	1.08464	1	0.75338	0.55126	11.77586	1.08464	1	-0.00176	-0.00780	0.71244	0.00322	1	0.06442	-0.01225	0.66399	0.00366	1	1.45898	0.81042	0	
1270486	8568.33008	3306482895624	0.50719	0.34231	8568.24316	0.08691	11905	1	0.55013	0.40620	1	0.50094	0.32254	1	0.52553	0.36437	1	0.49297	0.52739	10.70286	1.09373	1	0.75336	0.55116	12.05098	1.09373	1	-0.00176	-0.00780	0.71244	0.00348	1	0.06442	-0.01225	0.66399	0.00375	1	1.45898	0.81042	0	
1270487	8568.33691	3306482962432	0.50841	0.34332	8568.24316	0.09375	11905	1	0.54939	0.39979	1	0.50147	0.31522	1	0.52543	0.35750	1	0.49271	0.52720	10.73128	1.10281	1	0.75304	0.55123	11.15283	1.10281	1	-0.00171	-0.00763	0.69187	0.00354	1	0.06556	-0.01242	0.67567	0.00392	1	1.45898	0.81042	0	
1270488	8568.34375	3306483029148	0.50907	0.34608	8568.24316	0.10059	11905	1	0.56524	0.41720	1	0.47272	0.35777	1	0.51898	0.38748	1	0.49284	0.52750	10.58423	1.10281	1	0.75287	0.55159	11.61563	1.10281	1	-0.00171	-0.00763	0.69187	0.00347	1	0.06556	-0.01242	0.67567	0.00385	1	1.45898	0.81042	0	
1270489	8568.35059	3306483096674	0.50845	0.34730	8568.24316	0.10742	11905	1	0.53263	0.36077	1	0.46443	0.37281	1	0.49853	0.36679	1	0.49235	0.52748	11.23567	1.10281	1	0.75287	0.55181	11.68699	1.10281	1	-0.00171	-0.00763	0.69187	0.00343	1	0.06556	-0.01242	0.67567	0.00374	1	1.45898	0.81042	0	
1270490	8568.35645	3306483159941	0.50793	0.34837	8568.24316	0.11328	11905	1	0.53349	0.36752	1	0.46468	0.36567	1	0.49908	0.36659	1	0.49202	0.52662	10.26117	1.09373	1	0.75299	0.55164	11.45721	1.11233	1	-0.00178	-0.00774	0.69758	0.00366	1	0.07013	-0.01336	0.72388	0.00363	1	1.45898	0.81042	0	
1270491	8568.36328	3306483227435	0.50760	0.34866	8568.24316	0.12012	11905	1	0.52033	0.35890	1	0.48294	0.34865	1	0.50164	0.35378	1	0.49206	0.52722	10.58081	1.10324	1	0.75309	0.55164	11.41532	1.12184	1	-0.00178	-0.00774	0.69758	0.00357	1	0.07013	-0.01336	0.72388	0.00381	1	1.45898	0.81042	0	
1270492	8568.37012	3306483296950	0.50740	0.34123	8568.24316	0.12695	11905	1	0.49288	0.14013	1	0.51425	0.25998	1	0.50357	0.20006	1	0.49199	0.52506	10.68751	1.11276	1	0.75312	0.55137	11.43276	1.13136	1	-0.00178	-0.00774	0.69758	0.00230	1	0.07013	-0.01336	0.72388	0.00373	1	1.45898	0.81042	0	
1270493	8568.37695	3306483360882	0.50717	0.33447	8568.24316	0.13379	11905	1	0.49171	0.13121	1	0.51364	0.26757	1	0.50267	0.19939	1	0.49198	0.52544	10.87252	1.12227	1	0.75302	0.55196	11.51578	1.12227	1	-0.00183	-0.00762	0.67691	0.00224	1	0.06605	-0.01265	0.68288	0.00351	1	1.45898	0.81042	0	
1270494	8568.38379	3306483429591	0.50670	0.33060	8568.24316	0.14062	11905	1	0.47883	0.14661	1	0.51453	0.35205	1	0.49668	0.24933	1	0.49175	0.52522	10.97358	1.12227	1	0.75285	0.55222	11.66837	1.10367	1	-0.00183	-0.00762	0.67691	0.00213	1	0.06605	-0.01265	0.68288	0.00351	1	1.45898	0.81042	0	
1270495	8568.38965	3306483495485	0.50780	0.33181	8568.24316	0.14648	11905	1	0.54942	0.35258	1	0.51461	0.36401	1	0.53202	0.35830	1	0.49222	0.52727	10.54381	1.10367	1	0.75285	0.55217	11.65765	1.08507	1	-0.00183	-0.00762	0.67691	0.00370	1	0.06605	-0.01265	0.68288	0.00352	1	1.45898	0.81042	0	
1270496	8568.39648	3306483562955	0.50881	0.33321	8568.24316	0.15332	11905	1	0.55020	0.35970	1	0.51393	0.37138	1	0.53206	0.36554	1	0.49162	0.52685	10.79874	1.09416	1	0.75255	0.55174	12.10951	1.07556	1	-0.00195	-0.00791	0.70324	0.00351	1	0.06605	-0.01265	0.68288	0.00348	1	1.45898	0.81042	0	
1270497	8568.40332	3306483630880	0.50919	0.33320	8568.24316	0.16016	11905	1	0.54588	0.32431	1	0.49069	0.34141	1	0.51829	0.33286	1	0.49180	0.52707	10.65881	1.08464	1	0.75249	0.55169	12.15027	1.08464	1	-0.00195	-0.00791	0.70324	0.00340	1	0.06605	-0.01265	0.68288	0.00358	1	1.45898	0.81042	0	
1270498	8568.41016	3306483696362	0.50925	0.33015	8568.24316	0.16699	11905	1	0.52095	0.18307	1	0.50056	0.32495	1	0.51076	0.25401	1	0.49147	0.52546	10.98381	1.09373	1	0.75259	0.55179	12.15005	1.09373	1	-0.00195	-0.00791	0.70324	0.00215	1	0.06605	-0.01265	0.68288	0.00353	1	1.45898	0.81042	0	
1270499	8568.41699	3306483761503	0.50930	0.32733	8568.24316	0.17383	11905	1	0.52095	0.18307	1	0.50056	0.32495	1	0.51076	0.25401	1	0.49132	0.52750	10.39290	1.09373	1	0.75225	0.55177	11.99954	1.09373	1	-0.00194	-0.00765	0.67972	0.00346	1	0.06605	-0.01265	0.68288	0.00364	1	1.45898	0.81042	0	
1270500	8568.42383	3306483833134	0.50727	0.30031	8568.24316	0.17383	11905	0	0.50493	0.25741	1	0.45745	0.34876	1	0.48119	0.30308	1	0.49122	0.52698	10.01184	1.08464	1	0.75194	0.55194	11.43986	1.08464	1	-0.00194	-0.00765	0.67972	0.00364	1	0.06605	-0.01265	0.68288	0.00367	1	1.45898	0.81042	0	
1270501	8568.43066	3306483900390	0.50425	0.31430	8568.24316	0.17383	11905	0	0.52907	0.34546	1	0.47338	0.31112	1	0.50123	0.32829	1	0.49147	0.52755	10.57182	1.07556	1	0.75218	0.55147	11.10406	1.07556	1	-0.00194	-0.00765	0.67972	0.00347	1	0.06605	-0.01265	0.68288	0.00368	1	1.45898	0.81042	0	
1270502	8568.43750	3306483967182	0.50334	0.32139	8568.24316	0.17383	11905	0	0.52998	0.35251	1	0.47306	0.31864	1	0.50152	0.33558	1	0.49115	0.52769	10.30241	1.06647	1	0.75206	0.55210	11.44436	1.06647	1	-0.00194	-0.00765	0.67972	0.00337	1	0.06527	-0.01257	0.67588	0.00354	1	1.45898	0.81042	0	
1270503	8568.44434	3306484034022	0.50140	0.30555	8568.42383	0.02051	11906	1	0.49522	0.21788	1	0.49593	0.29812	1	0.49557	0.25800	1	0.49100	0.52586	10.79409	1.06647	1	0.75208	0.55144	11.18297	1.06647	1	-0.00194	-0.00765	0.67972	0.00224	1	0.06527	-0.01257	0.67588	0.00363	1	1.45898	0.81042	0	
1270504	8568.45020	3306484101044	0.50416	0.30432	8568.42383	0.02637	11906	1	0.50751	0.21521	1	0.52294	0.38362	1	0.51522	0.29941	1	0.49124	0.52591	10.30519	1.06647	1	0.75219	0.55208	11.25355	1.06647	1	-0.00194	-0.00765	0.67972	0.00218	1	0.06527	-0.01257	0.67588	0.00356	1	1.45898	0.81042	0	
1270505	8568.45703	3306484167733	0.50729	0.31754	8568.42383	0.03320	11906	1	0.50751	0.21521	0	0.52294	0.38362	1	0.52294	0.38362	1	0.49124	0.52591	10.30519	1.06647	0	0.75136	0.55289	11.41129	1.06647	1	-0.00194	-0.00765	0.67972	0.00218	1	0.06547	-0.01258	0.67896	0.00317	1	1.45898	0.81042	0	
1270506	8568.46387	3306484235603	0.50729	0.31754	8568.42383	0.04004	11906	1	0.50751	0.21521	0	0.52294	0.38362	0	0.52294	0.38362	0	0.49124	0.52591	10.30519	1.06647	0	0.75136	0.55289	11.41129	1.06647	0	-0.00194	-0.00765	0.67972	0.00218	1	0.06547	-0.01258	0.67896	0.00317	1	1.45898	0.81042	0	
1270507	8568.47070	3306484303648	0.50729	0.31754	8568.42383	0.04688	11906	1	0.50751	0.21521	0	0.52294	0.38362	0	0.52294	0.38362	0	0.49124	0.52591	10.30519	1.06647	0	0.75136	0.55289	11.41129	1.06647	0	-0.00194	-0.00765	0.67972	0.00218	1	0.06547	-0.01258	0.67896	0.00317	1	1.45898	0.81042	0	
1270508	8568.47754	3306484370008	0.50729	0.31754	8568.42383	0.05371	11906	1	0.50751	0.21521	0	0.52294	0.38362	0	0.52294	0.38362	0	0.49124	0.52591	10.30519	1.06647	0	0.75136	0.55289	11.41129	1.06647	0	-0.00194	-0.00765	0.67972	0.00218	1	0.06547	-0.01258	0.67896	0.00317	1	1.45898	0.81042	0	
1270509	8568.48438	3306484435697	0.50730	0.32098	8568.42383	0.05371	11906	0	0.50751	0.21521	0	0.52294	0.38362	0	0.52294	0.38362	0	0.49124	0.52591	10.30519	1.06647	0	0.75136	0.55289	11.41129	1.06647	0	-0.00194	-0.00765	0.67972	0.00218	1	0.06547	-0.01258	0.67896	0.00317	1	1.45898	0.81042	0	
1270510	8568.49121	3306484503534	0.50730	0.32098	8568.42383	0.05371	11906	0	0.50751	0.21521	0	0.52294	0.38362	0	0.52294	0.38362	0	0.49124	0.52591	10.30519	1.06647	0	0.75136	0.55289	11.41129	1.06647	0	-0.00194	-0.00765	0.67972	0.00218	1	0.06547	-0.01258	0.67896	0.00317	1	1.45898	0.81042	0	
1270511	8568.49707	3306484568133	0.50730	0.32098	8568.42383	0.05371	11906	0	0.50751	0.21521	0	0.52294	0.38362	0	0.52294	0.38362	0	0.49124	0.52591	10.30519	1.06647	0	0.75136	0.55289	11.41129	1.06647	0	-0.00194	-0.00765	0.67972	0.00218	1	0.06547	-0.01258	0.67896	0.00317	1	1.45898	0.81042	0	
1270512	8568.50391	3306484637216	0.00000	0.00000	8568.42383	0.05371	11906	0	0.50751	0.21521	0	0.52294	0.38362	0	0.52294	0.38362	0	0.49124	0.52591	10.30519	1.06647	0	0.75136	0.55289	11.41129	1.06647	0	-0.00194	-0.00765	0.67972	0.00218	1	0.06547	-0.01258	0.67896	0.00317	1	1.45898	0.81042	0	
1270513	8568.51074	3306484704200	0.00000	0.00000	8568.42383	0.05371	11906	0	0.50751	0.21521	0	0.52294	0.38362	0	0.52294	0.38362	0	0.49124	0.52591	10.30519	1.06647	0	0.75136	0.55289	11.41129	1.06647	0	-0.00194	-0.00765	0.67972	0.00218	1	0.06547	-0.01258	0.67896	0.00317	1	1.45898	0.81042	0	
1270514	8568.51758	3306484771089	0.00000	0.00000	8568.42383	0.05371	11906	0	0.50751	0.21521	0	0.52294	0.38362	0	0.52294	0.38362	0	0.49124	0.52591	10.30519	1.06647	0	0.75136	0.55289	11.41129	1.06647	0	-0.00194	-0.00765	0.67972	0.00218	1	0.06547	-0.01258	0.67896	0.00317	1	1.45898	0.81042	0	
1270515	8568.52441	3306484837518	0.00000	0.00000	8568.42383	0.05371	11906	0	0.50751	0.21521	0	0.52294	0.38362	0	0.52294	0.38362	0	0.49124	0.52591	10.30519	1.06647	0	0.75136	0.55289	11.41129	1.06647	0	-0.00194	-0.00765	0.67972	0.00218	1	0.06547	-0.01258	0.67896	0.00317	1	1.45898	0.81042	0	
1270516	8568.53125	3306484904942	0.00000	0.00000	8568.42383	0.05371	11906	0	0.50751	0.21521	0	0.52294	0.38362	0	0.52294	0.38362	0	0.49124	0.52591	10.30519	1.06647	0	0.75136	0.55289	11.41129	1.06647	0	-0.00194	-0.00765	0.67972	0.00218	1	0.06547	-0.01258	0.67896	0.00317	1	1.45898	0.81042	0	
1270517	8568.53809	3306484972726	0.00000	0.00000	8568.42383	0.05371	11906	0	0.50751	0.21521	0	0.52294	0.38362	0	0.52294	0.38362	0	0.49124	0.52591	10.30519	1.06647	0	0.75136	0.55289	11.41129	1.06647	0	-0.00194	-0.00765	0.67972	0.00218	1	0.06547	-0.01258	0.67896	0.00317	1	1.45898	0.81042	0	
1270518	8568.54395	3306485038865	0.00000	0.00000	8568.42383	0.05371	11906	0	0.50751	0.21521	0	0.52294	0.38362	0	0.52294	0.38362	0	0.49124	0.52591	10.30519	1.06647	0	0.75136	0.55289	11.41129	1.06647	0	-0.00194	-0.00765	0.67972	0.00218	1	0.06547	-0.01258	0.67896	0.00317	1	1.45898	0.81042	0	
1270519	8568.55078	3306485105483	0.00000	0.00000	8568.42383	0.05371	11906	0	0.50751	0.21521	0	0.52294	0.38362	0	0.52294	0.38362	0	0.49124	0.52591	10.30519	1.06647	0	0.75136	0.55289	11.41129	1.06647	0	-0.00194	-0.00765	0.67972	0.00218	1	0.06547	-0.01258	0.67896	0.00317	1	1.45898	0.81042	0	
1270520	8568.55762	3306485171125	0.00000	0.00000	8568.42383	0.05371	11906	0	0.50751	0.21521	0	0.52294	0.38362	0	0.52294	0.38362	0	0.49124	0.52591	10.30519	1.06647	0	0.75136	0.55289	11.41129	1.06647	0	-0.00194	-0.00765	0.67972	0.00218	1	0.06547	-0.01258	0.67896	0.00317	1	1.45898	0.81042	0	
1270521	8568.56445	3306485236759	0.00000	0.00000	8568.42383	0.05371	11906	0	0.50751	0.21521	0	0.52294	0.38362	0	0.52294	0.38362	0	0.49124	0.52591	10.30519	1.06647	0	0.75136	0.55289	11.41129	1.06647	0	-0.00194	-0.00765	0.67972	0.00218	1	0.06547	-0.01258	0.67896	0.00317	1	1.45898	0.81042	0	
1270522	8568.57129	3306485306938	0.00000	0.00000	8568.42383	0.05371	11906	0	0.50751	0.21521	0	0.52294	0.38362	0	0.52294	0.38362	0	0.49124	0.52591	10.30519	1.06647	0	0.75136	0.55289	11.41129	1.06647	0	-0.00194	-0.00765	0.67972	0.00218	1	0.06547	-0.01258	0.67896	0.00317	1	1.45898	0.81042	0	
1270523	8568.57812	3306485373607	0.00000	0.00000	8568.42383	0.05371	11906	0	0.50751	0.21521	0	0.52294	0.38362	0	0.52294	0.38362	0	0.49124	0.52591	10.30519	1.06647	0	0.75136	0.55289	11.41129	1.06647	0	-0.00194	-0.00765	0.67972	0.00218	1	0.06547	-0.01258	0.67896	0.00317	1	1.45898	0.81042	0	
1270524	8568.58496	3306485441232	0.00000	0.00000	8568.42383	0.05371	11906	0	0.50751	0.21521	0	0.52294	0.38362	0	0.52294	0.38362	0	0.49124	0.52591	10.30519	1.06647	0	0.75136	0.55289	11.41129	1.06647	0	-0.00194	-0.00765	0.67972	0.00218	1	0.06547	-0.01258	0.67896	0.00317	1	1.45898	0.81042	0	
1270525	8568.59082	3306485507743	0.00000	0.00000	8568.42383	0.05371	11906	0	0.50751	0.21521	0	0.52294	0.38362	0	0.52294	0.38362	0	0.49124	0.52591	10.30519	1.06647	0	0.75136	0.55289	11.41129	1.06647	0	-0.00194	-0.00765	0.67972	0.00218	1	0.06547	-0.01258	0.67896	0.00317	1	1.45898	0.81042	0	
1270526	8568.59766	3306485574940	0.00000	0.00000	8568.42383	0.05371	11906	0	0.50751	0.21521	0	0.52294	0.38362	0	0.52294	0.38362	0	0.49124	0.52591	10.30519	1.06647	0	0.75136	0.55289	11.41129	1.06647	0	-0.00194	-0.00765	0.67972	0.00218	1	0.06547	-0.01258	0.67896	0.00317	1	1.45898	0.81042	0	
1270527	8568.60449	3306485641990	0.00000	0.00000	8568.42383	0.05371	11906	0	0.50751	0.21521	0	0.52294	0.38362	0	0.52294	0.38362	0	0.49124	0.52591	10.30519	1.06647	0	0.75136	0.55289	11.41129	1.06647	0	-0.00194	-0.00765	0.67972	0.00218	1	0.06547	-0.01258	0.67896	0.00317	1	1.45898	0.81042	0	
1270528	8568.61133	3306485708667	0.00000	0.00000	8568.42383	0.05371	11906	0	0.50751	0.21521	0	0.52294	0.38362	0	0.52294	0.38362	0	0.49124	0.52591	10.30519	1.06647	0	0.75136	0.55289	11.41129	1.06647	0	-0.00194	-0.00765	0.67972	0.00218	1	0.06547	-0.01258	0.67896	0.00317	1	1.45898	0.81042	0	
1270529	8568.61816	3306485774164	0.00000	0.00000	8568.42383	0.05371	11906	0	0.50751	0.21521	0	0.52294	0.38362	0	0.52294	0.38362	0	0.49124	0.52591	10.30519	1.06647	0	0.75136	0.55289	11.41129	1.06647	0	-0.00194	-0.00765	0.67972	0.00218	1	0.06547	-0.01258	0.67896	0.00317	1	1.45898	0.81042	0	
1270530	8568.62500	3306485842978	0.00000	0.00000	8568.42383	0.05371	11906	0	0.50751	0.21521	0	0.52294	0.38362	0	0.52294	0.38362	0	0.49124	0.52591	10.30519	1.06647	0	0.75136	0.55289	11.41129	1.06647	0	-0.00194	-0.00765	0.67972	0.00218	1	0.06547	-0.01258	0.67896	0.00317	1	1.45898	0.81042	0	
1270531	8568.63184	3306485909927	0.00000	0.00000	8568.42383	0.05371	11906	0	0.50751	0.21521	0	0.52294	0.38362	0	0.52294	0.38362	0	0.49124	0.52591	10.30519	1.06647	0	0.75136	0.55289	11.41129	1.06647	0	-0.00194	-0.00765	0.67972	0.00218	1	0.06547	-0.01258	0.67896	0.00317	1	1.45898	0.81042	0	
1270532	8568.63770	3306485976806	0.25761	0.14971	8568.42383	0.05371	11906	0	0.50751	0.21521	1	0.52294	0.38362	1	0.51522	0.29941	1	0.49108	0.52570	10.93280	1.06647	1	0.75223	0.55123	11.33479	1.06647	1	-0.00194	-0.00775	0.67972	0.00231	1	0.06527	-0.01267	0.67588	0.00354	1	1.45898	0.81042	0	
1270533	8568.64453	3306486043898	0.49964	0.27005	8568.42383	0.05371	11906	0	0.49732	0.14702	1	0.47080	0.33434	1	0.48406	0.24068	1	0.49110	0.52561	11.21147	1.06647	1	0.75214	0.55224	11.56514	1.06647	1	-0.00194	-0.00775	0.67972	0.00237	1	0.06527	-0.01267	0.67588	0.00388	1	1.45898	0.81042	0	
1270534	8568.65137	3306486110996	0.49534	0.26825	8568.42383	0.05371	11906	0	0.50169	0.14673	1	0.48038	0.38617	1	0.49104	0.26645	1	0.49113	0.52561	11.22465	1.06647	1	0.75231	0.55207	11.69869	1.06647	1	-0.00194	-0.00775	0.67972	0.00234	1	0.06527	-0.01267	0.67588	0.00388	1	1.45898	0.81042	0	
1270535	8568.65820	3306486177540	0.49396	0.26654	8568.42383	0.05371	11906	0	0.50169	0.14673	1	0.48074	0.37953	1	0.49122	0.26313	1	0.49141	0.52771	11.18674	1.06647	1	0.75243	0.55211	12.06340	1.07515	1	-0.00194	-0.00765	0.67972	0.00369	1	0.06788	-0.01317	0.70226	0.00384	1	1.45898	0.81042	0	
1270536	8568.66504	3306486244623	0.49559	0.28901	8568.64453	0.02051	11907	1	0.52955	0.33878	1	0.47141	0.37402	1	0.50048	0.35640	1	0.49146	0.52792	10.99943	1.07515	1	0.75256	0.55230	12.16380	1.08383	1	-0.00194	-0.00765	0.67972	0.00366	1	0.06788	-0.01317	0.70226	0.00400	1	1.45898	0.81042	0	
1270537	8568.67188	3306486311552	0.49717	0.29716	8568.64453	0.02734	11907	1	0.53910	0.29245	1	0.46781	0.36711	1	0.50345	0.32978	1	0.49171	0.52752	11.14852	1.08383	1	0.75246	0.55200	12.29472	1.09251	1	-0.00194	-0.00765	0.67972	0.00393	1	0.06788	-0.01317	0.70226	0.00390	1	1.45898	0.81042	0	
1270538	8568.67871	3306486378660	0.49815	0.30201	8568.64453	0.03418	11907	1	0.53831	0.28534	1	0.46781	0.36711	1	0.50306	0.32623	1	0.49137	0.52789	11.72104	1.09251	1	0.75262	0.55272	12.08304	1.09251	1	-0.00194	-0.00765	0.67972	0.00361	1	0.06528	-0.01265	0.67486	0.00386	1	1.45898	0.81042	0	
1270539	8568.68457	3306486445082	0.50011	0.31760	8568.64453	0.04004	11907	1	0.54386	0.39248	1	0.47993	0.42977	1	0.51190	0.41113	1	0.49160	0.52769	11.74143	1.09251	1	0.75264	0.55276	12.09441	1.08383	1	-0.00194	-0.00765	0.67972	0.00383	1	0.06528	-0.01265	0.67486	0.00384	1	1.45898	0.81042	0	
1270540	8568.69141	3306486512453	0.49662	0.32999	8568.64453	0.04688	11907	1	0.48517	0.33807	1	0.45917	0.49546	1	0.47217	0.41677	1	0.49164	0.52704	11.67131	1.08383	1	0.75246	0.55284	12.48073	1.07515	1	-0.00194	-0.00765	0.67972	0.00357	1	0.06528	-0.01265	0.67486	0.00381	1	1.45898	0.81042	0	
1270541	8568.69824	3306486579581	0.49396	0.34033	8568.64453	0.05371	11907	1	0.48633	0.34483	1	0.45897	0.50116	1	0.47265	0.42299	1	0.49186	0.52661	11.15306	1.07515	1	0.75251	0.55248	12.15738	1.06647	1	-0.00174	-0.00766	0.68095	0.00383	1	0.06605	-0.01268	0.68183	0.00389	1	1.45898	0.81042	0	
1270542	8568.70508	3306486645981	0.49797	0.34513	8568.64453	0.06055	11907	1	0.55684	0.42025	1	0.51130	0.35645	1	0.53407	0.38835	1	0.49269	0.52794	11.68106	1.06647	1	0.75326	0.55194	11.87240	1.06647	1	-0.00174	-0.00766	0.68095	0.00360	1	0.06605	-0.01268	0.68183	0.00392	1	1.45898	0.81042	0	
1270543	8568.71191	3306486713487	0.49908	0.34962	8568.64453	0.06738	11907	1	0.52311	0.39625	1	0.49721	0.39283	1	0.51016	0.39454	1	0.49215	0.52754	11.08367	1.06647	1	0.75298	0.55219	12.29780	1.06647	1	-0.00174	-0.00766	0.68095	0.00346	1	0.06605	-0.01268	0.68183	0.00387	1	1.45898	0.81042	0	
1270544	8568.71875	3306486780724	0.50000	0.35336	8568.64453	0.07422	11907	1	0.52311	0.39625	1	0.49721	0.39283	1	0.51016	0.39454	1	0.49231	0.52677	11.09932	1.06647	1	0.75318	0.55193	12.11462	1.06647	1	-0.00171	-0.00750	0.67135	0.00356	1	0.06556	-0.01252	0.67567	0.00390	1	1.45898	0.81042	0	
1270545	8568.72559	3306486847719	0.50010	0.35398	8568.64453	0.08105	11907	1	0.52529	0.32801	1	0.47726	0.39471	1	0.50128	0.36136	1	0.49225	0.52678	11.11159	1.06647	1	0.75339	0.55177	11.85340	1.06647	1	-0.00171	-0.00750	0.67135	0.00360	1	0.06556	-0.01252	0.67567	0.00421	1	1.45898	0.81042	0	
1270546	8568.73242	3306486914711	0.50020	0.35581	8568.64453	0.08789	11907	1	0.52825	0.33973	1	0.47483	0.41962	1	0.50154	0.37967	1	0.49230	0.52682	11.06021	1.06647	1	0.75338	0.55185	11.94749	1.06647	1	-0.00171	-0.00750	0.67135	0.00364	1	0.06556	-0.01252	0.67567	0.00419	1	1.45898	0.81042	0	
1270547	8568.73828	3306486980288	0.49851	0.36007	8568.64453	0.09375	11907	1	0.52825	0.33973	0	0.47483	0.41962	1	0.47483	0.41962	1	0.49230	0.52682	11.06021	1.06647	0	0.49233	0.52669	10.99855	1.06647	1	-0.00171	-0.00750	0.67135	0.00364	1	-0.00165	-0.00770	0.68908	0.00365	1	1.45898	0.81042	0	
1270548	8568.74512	3306487048175	0.49047	0.35554	8568.64453	0.10059	11907	1	0.52825	0.33973	0	0.36993	0.28770	1	0.36993	0.28770	1	0.49230	0.52682	11.06021	1.06647	0	0.49268	0.52667	11.42799	1.06647	1	-0.00171	-0.00750	0.67135	0.00364	1	-0.00165	-0.00770	0.68908	0.00368	1	1.45898	0.81042	0	
1270549	8568.75195	3306487115535	0.48415	0.35297	8568.64453	0.10742	11907	1	0.52825	0.33973	0	0.38291	0.31185	1	0.38291	0.31185	1	0.49230	0.52682	11.06021	1.06647	0	0.49270	0.52697	11.65498	1.06647	1	-0.00171	-0.00750	0.67135	0.00364	1	-0.00165	-0.00770	0.68908	0.00366	1	1.45898	0.81042	0	
1270550	8568.75879	3306487181917	0.46871	0.37503	8568.64453	0.10742	11907	0	0.52825	0.33973	0	0.38291	0.31185	1	0.38291	0.31185	1	0.49230	0.52682	11.06021	1.06647	0	0.49334	0.52675	11.79742	1.06647	1	-0.00171	-0.00750	0.67135	0.00364	1	-0.00154	-0.00758	0.68279	0.00376	1	1.45898	0.81042	0	
1270551	8568.76465	3306487244561	0.44357	0.32706	8568.64453	0.10742	11907	0	0.52825	0.33973	0	0.41842	0.27908	1	0.41842	0.27908	1	0.49230	0.52682	11.06021	1.06647	0	0.49341	0.52666	11.74053	1.06647	1	-0.00171	-0.00750	0.67135	0.00364	1	-0.00154	-0.00758	0.68279	0.00376	1	1.45898	0.81042	0	
1270552	8568.77148	3306487312273	0.43502	0.31455	8568.64453	0.10742	11907	0	0.52825	0.33973	0	0.41793	0.28955	1	0.41793	0.28955	1	0.49230	0.52682	11.06021	1.06647	0	0.49344	0.52678	12.05428	1.06647	1	-0.00171	-0.00750	0.67135	0.00364	1	-0.00154	-0.00758	0.68279	0.00377	1	1.45898	0.81042	0	
1270553	8568.77832	3306487379339	0.41805	0.28360	8568.64453	0.10742	11907	0	0.52825	0.33973	0	0.41780	0.28217	1	0.41780	0.28217	1	0.49230	0.52682	11.06021	1.06647	0	0.49326	0.52599	10.96704	1.07515	1	-0.00171	-0.00750	0.67135	0.00364	1	-0.00155	-0.00784	0.71070	0.00407	1	1.45898	0.81042	0	
1270554	8568.78516	3306487449578	0.40965	0.21982	8568.64453	0.10742	11907	0	0.52825	0.33973	0	0.40125	0.15603	1	0.40125	0.15603	1	0.49230	0.52682	11.06021	1.07515	0	0.49309	0.52542	10.82175	1.08383	1	-0.00171	-0.00750	0.67135	0.00364	1	-0.00155	-0.00784	0.71070	0.00399	1	1.45898	0.81042	0	
1270555	8568.79199	3306487514286	0.40565	0.22048	8568.64453	0.10742	11907	0	0.52825	0.33973	0	0.39765	0.22181	1	0.39765	0.22181	1	0.49230	0.52682	11.06021	1.08383	0	0.49310	0.52623	10.85324	1.09251	1	-0.00171	-0.00750	0.67135	0.00364	1	-0.00155	-0.00784	0.71070	0.00389	1	1.45898	0.81042	0	
1270556	8568.79883	3306487579407	0.39945	0.18892	8568.64453	0.10742	11907	0	0.52825	0.33973	0	0.39765	0.22181	0	0.39765	0.22181	0	0.49230	0.52682	11.06021	1.09251	0	0.49310	0.52623	10.85324	1.10119	0	-0.00171	-0.00750	0.67135	0.00364	1	-0.00155	-0.00784	0.71070	0.00389	1	1.45898	0.81042	0	
1270557	8568.80566	3306487647908	0.39945	0.18892	8568.64453	0.10742	11907	0	0.52825	0.33973	0	0.39765	0.22181	0	0.39765	0.22181	0	0.49230	0.52682	11.06021	1.10119	0	0.49310	0.52623	10.85324	1.10119	0	-0.00171	-0.00750	0.67135	0.00364	1	-0.00155	-0.00784	0.71070	0.00389	1	1.45898	0.81042	0	
1270558	8568.81250	3306487715430	0.39945	0.18892	8568.64453	0.10742	11907	0	0.52825	0.33973	0	0.39765	0.22181	0	0.39765	0.22181	0	0.49230	0.52682	11.06021	1.10119	0	0.49310	0.52623	10.85324	1.10119	0	-0.00171	-0.00750	0.67135	0.00364	1	-0.00155	-0.00784	0.71070	0.00389	1	1.45898	0.81042	0	
1270559	8568.81934	3306487784129	0.00000	0.00000	8568.64453	0.10742	11907	0	0.52825	0.33973	0	0.39765	0.22181	0	0.39765	0.22181	0	0.49230	0.52682	11.06021	1.10119	0	0.49310	0.52623	10.85324	1.10119	0	-0.00171	-0.00750	0.67135	0.00364	1	-0.00155	-0.00784	0.71070	0.00389	1	1.45898	0.81042	0	
1270560	8568.82617	3306487852216	0.00000	0.00000	8568.64453	0.10742	11907	0	0.52825	0.33973	0	0.39765	0.22181	0	0.39765	0.22181	0	0.49230	0.52682	11.06021	1.10119	0	0.49310	0.52623	10.85324	1.10119	0	-0.00171	-0.00750	0.67135	0.00364	1	-0.00155	-0.00784	0.71070	0.00389	1	1.45898	0.81042	0	
1270561	8568.83203	3306487918865	0.00000	0.00000	8568.64453	0.10742	11907	0	0.52825	0.33973	0	0.39765	0.22181	0	0.39765	0.22181	0	0.49230	0.52682	11.06021	1.10119	0	0.49310	0.52623	10.85324	1.10119	0	-0.00171	-0.00750	0.67135	0.00364	1	-0.00155	-0.00784	0.71070	0.00389	1	1.45898	0.81042	0	
1270562	8568.83887	3306487986256	0.00000	0.00000	8568.64453	0.10742	11907	0	0.52825	0.33973	0	0.39765	0.22181	0	0.39765	0.22181	0	0.49230	0.52682	11.06021	1.10119	0	0.49310	0.52623	10.85324	1.10119	0	-0.00171	-0.00750	0.67135	0.00364	1	-0.00155	-0.00784	0.71070	0.00389	1	1.45898	0.81042	0	
1270563	8568.84570	3306488052784	0.00000	0.00000	8568.64453	0.10742	11907	0	0.52825	0.33973	0	0.39765	0.22181	0	0.39765	0.22181	0	0.49230	0.52682	11.06021	1.10119	0	0.49310	0.52623	10.85324	1.10119	0	-0.00171	-0.00750	0.67135	0.00364	1	-0.00155	-0.00784	0.71070	0.00389	1	1.45898	0.81042	0	
1270564	8568.85254	3306488120273	0.00000	0.00000	8568.64453	0.10742	11907	0	0.52825	0.33973	0	0.39765	0.22181	0	0.39765	0.22181	0	0.49230	0.52682	11.06021	1.10119	0	0.49310	0.52623	10.85324	1.10119	0	-0.00171	-0.00750	0.67135	0.00364	1	-0.00155	-0.00784	0.71070	0.00389	1	1.45898	0.81042	0	
1270565	8568.85938	3306488186280	0.00000	0.00000	8568.64453	0.10742	11907	0	0.52825	0.33973	0	0.39765	0.22181	0	0.39765	0.22181	0	0.49230	0.52682	11.06021	1.10119	0	0.49310	0.52623	10.85324	1.10119	0	-0.00171	-0.00750	0.67135	0.00364	1	-0.00155	-0.00784	0.71070	0.00389	1	1.45898	0.81042	0	
1270566	8568.86621	3306488253868	0.26126	0.15530	8568.64453	0.10742	11907	0	0.51895	0.26459	1	0.52607	0.35662	1	0.52251	0.31061	1	0.49377	0.52634	11.07946	1.10119	1	0.75495	0.55203	12.21250	1.10119	1	-0.00171	-0.00750	0.67135	0.00377	1	-0.00155	-0.00784	0.71070	0.00382	1	1.45898	0.81042	0	
1270567	8568.87305	3306488320942	0.34360	0.20852	8568.64453	0.10742	11907	0	0.52234	0.27220	1	0.49424	0.35773	1	0.50829	0.31496	1	0.49387	0.52633	11.00772	1.10119	1	0.75486	0.55218	12.60849	1.10119	1	-0.00171	-0.00750	0.67135	0.00376	1	-0.00155	-0.00784	0.71070	0.00376	1	1.45898	0.81042	0	
1270568	8568.87891	3306488387487	0.51288	0.31221	8568.64453	0.10742	11907	0	0.52141	0.26471	1	0.49427	0.35741	1	0.50784	0.31106	1	0.49389	0.52680	10.97938	1.11028	1	0.75485	0.55218	12.51530	1.10160	1	-0.00132	-0.00788	0.70520	0.00368	1	0.06611	-0.01270	0.67713	0.00384	1	1.45898	0.81042	0	
1270569	8568.88574	3306488454556	0.51623	0.31140	8568.64453	0.10742	11907	0	0.53347	0.28370	1	0.50568	0.33746	1	0.51957	0.31058	1	0.49397	0.52667	11.42799	1.11068	1	0.75494	0.55183	12.00447	1.10200	1	-0.00132	-0.00788	0.70520	0.00361	1	0.06611	-0.01270	0.67713	0.00384	1	1.45898	0.81042	0	
1270570	8568.89258	3306488521813	0.51536	0.31331	8568.64453	0.10742	11907	0	0.53173	0.27807	1	0.49553	0.35618	1	0.51363	0.31713	1	0.49394	0.52649	10.92128	1.11109	1	0.75493	0.55215	12.29707	1.10241	1	-0.00132	-0.00788	0.70520	0.00371	1	0.06611	-0.01270	0.67713	0.00382	1	1.45898	0.81042	0	
1270571	8568.89941	3306488589074	0.51493	0.31418	8568.87891	0.02051	11908	1	0.53169	0.27774	1	0.49555	0.35587	1	0.51362	0.31681	1	0.49388	0.52478	11.68106	1.11149	1	0.75459	0.55240	13.00727	1.10281	1	-0.00132	-0.00777	0.70521	0.00232	1	0.06546	-0.01257	0.67049	0.00377	1	1.45898	0.81042	0	
1270572	8568.90625	3306488656044	0.51147	0.29407	8568.87891	0.02734	11908	1	0.51942	0.12060	1	0.47591	0.30666	1	0.49766	0.21363	1	0.49389	0.52483	11.82985	1.10281	1	0.75453	0.55220	12.75794	1.10281	1	-0.00132	-0.00777	0.70521	0.00231	1	0.06546	-0.01257	0.67049	0.00383	1	1.45898	0.81042	0	
1270573	8568.91309	3306488723223	0.51029	0.28006	8568.87891	0.03418	11908	1	0.51990	0.12451	1	0.48889	0.29546	1	0.50439	0.20999	1	0.49388	0.52478	11.68106	1.10281	1	0.75471	0.55205	12.26533	1.10281	1	-0.00132	-0.00777	0.70521	0.00232	1	0.06546	-0.01257	0.67049	0.00383	1	1.45898	0.81042	0	
1270574	8568.91992	3306488790142	0.50945	0.27005	8568.87891	0.04102	11908	1	0.51990	0.12451	1	0.48889	0.29546	1	0.50439	0.20999	1	0.49389	0.52471	11.39341	1.10281	1	0.75472	0.55185	12.19217	1.10281	1	-0.00132	-0.00777	0.70521	0.00235	1	0.06675	-0.01277	0.68371	0.00389	1	1.45898	0.81042	0	
1270575	8568.92578	3306488857080	0.50873	0.26599	8568.87891	0.04688	11908	1	0.52469	0.13394	1	0.48267	0.34130	1	0.50368	0.23762	1	0.49385	0.52475	11.31570	1.10281	1	0.75465	0.55189	12.23906	1.10281	1	-0.00132	-0.00777	0.70521	0.00240	1	0.06675	-0.01277	0.68371	0.00388	1	1.45898	0.81042	0	
1270576	8568.93262	3306488923918	0.50768	0.26826	8568.87891	0.05371	11908	1	0.51904	0.27238	1	0.47947	0.30041	1	0.49926	0.28639	1	0.49375	0.52654	11.03310	1.10281	1	0.75465	0.55205	12.33927	1.10281	1	-0.00132	-0.00777	0.70521	0.00370	1	0.06675	-0.01277	0.68371	0.00382	1	1.45898	0.81042	0	
1270577	8568.93945	3306488990870	0.50684	0.27007	8568.87891	0.06055	11908	1	0.51904	0.27238	1	0.47947	0.30041	1	0.49926	0.28639	1	0.49377	0.52649	11.04874	1.10281	1	0.75477	0.55212	12.41318	1.10281	1	-0.00131	-0.00776	0.69908	0.00382	1	0.06611	-0.01270	0.67713	0.00385	1	1.45898	0.81042	0	
1270578	8568.94629	3306489057980	0.50740	0.27289	8568.87891	0.06738	11908	1	0.53288	0.30169	1	0.49317	0.30043	1	0.51302	0.30106	1	0.49395	0.52680	11.43787	1.10281	1	0.75484	0.55217	12.53427	1.10281	1	-0.00131	-0.00776	0.69908	0.00366	1	0.06611	-0.01270	0.67713	0.00386	1	1.45898	0.81042	0	
1270579	8568.95312	3306489124613	0.50773	0.26615	8568.87891	0.07422	11908	1	0.52329	0.11485	1	0.49941	0.26922	1	0.51135	0.19203	1	0.49383	0.52473	11.14914	1.10281	1	0.75485	0.55185	11.98098	1.10281	1	-0.00131	-0.00776	0.69908	0.00241	1	0.06611	-0.01270	0.67713	0.00385	1	1.45898	0.81042	0	
1270580	8568.95996	3306489192229	0.50802	0.26108	8568.87891	0.08105	11908	1	0.52420	0.12363	1	0.49889	0.27692	1	0.51155	0.20027	1	0.49380	0.52450	11.68252	1.09373	1	0.75478	0.55228	12.48093	1.09373	1	-0.00133	-0.00749	0.68410	0.00227	1	0.06675	-0.01287	0.68371	0.00378	1	1.45898	0.81042	0	
1270581	8568.96680	3306489258654	0.50753	0.25863	8568.87891	0.08789	11908	1	0.51851	0.13303	1	0.48367	0.32040	1	0.50109	0.22671	1	0.49383	0.52472	10.94444	1.08464	1	0.75468	0.55213	12.31929	1.08464	1	-0.00133	-0.00749	0.68410	0.00233	1	0.06675	-0.01287	0.68371	0.00379	1	1.45898	0.81042	0	
1270582	8568.97266	3306489322532	0.50725	0.25731	8568.87891	0.09375	11908	1	0.51726	0.12355	1	0.48962	0.35417	1	0.50344	0.23886	1	0.49390	0.52463	11.25846	1.07556	1	0.75478	0.55228	12.48093	1.07556	1	-0.00133	-0.00749	0.68410	0.00233	1	0.06675	-0.01287	0.68371	0.00379	1	1.45898	0.81042	0	
1270583	8568.97949	3306489390864	0.50700	0.25635	8568.87891	0.10059	11908	1	0.51726	0.12355	1	0.48924	0.36021	1	0.50325	0.24188	1	0.49372	0.52474	11.49018	1.07556	1	0.75468	0.55225	12.29453	1.06790	1	-0.00132	-0.00770	0.70290	0.00225	1	0.06335	-0.01213	0.64943	0.00378	1	1.45898	0.81042	0	
1270584	8568.98633	3306489459885	0.50705	0.26144	8568.87891	0.10742	11908	1	0.52789	0.33149	1	0.48762	0.35445	1	0.50775	0.34297	1	0.49389	0.52685	11.22823	1.07698	1	0.75475	0.55234	12.47401	1.06932	1	-0.00132	-0.00770	0.70290	0.00356	1	0.06335	-0.01213	0.64943	0.00375	1	1.45898	0.81042	0	
1270585	8568.99316	3306489526800	0.50672	0.26591	8568.87891	0.11426	11908	1	0.53569	0.31508	1	0.46660	0.36851	1	0.50114	0.34180	1	0.49398	0.52665	11.13114	1.07841	1	0.75444	0.55242	11.73854	1.07075	1	-0.00132	-0.00770	0.70290	0.00370	1	0.06335	-0.01213	0.64943	0.00380	1	1.45898	0.81042	0	
1270586	8569.00000	3306489593499	0.50644	0.27022	8568.87891	0.12109	11908	1	0.53641	0.32122	1	0.46638	0.37447	1	0.50139	0.34784	1	0.49383	0.52718	11.41054	1.07075	1	0.75445	0.55239	11.68399	1.06309	1	-0.00133	-0.00759	0.68410	0.00354	1	0.06389	-0.01225	0.65595	0.00377	1	1.45898	0.81042	0	
1270587	8569.00684	3306489659487	0.50545	0.27135	8568.87891	0.12793	11908	1	0.50130	0.18417	1	0.47194	0.40130	1	0.48662	0.29274	1	0.49351	0.52469	11.38787	1.05400	1	0.75455	0.55256	11.67111	1.05400	1	-0.00133	-0.00759	0.68410	0.00238	1	0.06389	-0.01225	0.65595	0.00383	1	1.45898	0.81042	0	
1270588	8569.01367	3306489727883	0.50462	0.27098	8568.87891	0.13477	11908	1	0.49724	0.17521	1	0.47884	0.35201	1	0.48804	0.26361	1	0.49347	0.52485	11.13312	1.04492	1	0.75421	0.55215	12.00935	1.04492	1	-0.00133	-0.00759	0.68410	0.00230	1	0.06389	-0.01225	0.65595	0.00398	1	1.45898	0.81042	0	
1270589	8569.01953	3306489794784	0.50389	0.27087	8568.87891	0.14062	11908	1	0.49840	0.18397	1	0.47878	0.35317	1	0.48859	0.26857	1	0.49354	0.52714	10.23772	1.03583	1	0.75424	0.55232	12.27286	1.04349	1	-0.00143	-0.00763	0.68276	0.00363	1	0.06606	-0.01262	0.67870	0.00367	1	1.45898	0.81042	0	
1270590	8569.02637	3306489861453	0.50385	0.27096	8568.87891	0.14746	11908	1	0.51572	0.19363	1	0.49009	0.35216	1	0.50290	0.27290	1	0.49329	0.52491	11.18349	1.04349	1	0.75404	0.55207	12.02440	1.05115	1	-0.00143	-0.00763	0.68276	0.00230	1	0.06606	-0.01262	0.67870	0.00369	1	1.45898	0.81042	0	
1270591	8569.03320	3306489928507	0.50450	0.27061	8568.87891	0.15430	11908	1	0.53368	0.16560	1	0.50555	0.35962	1	0.51961	0.26261	1	0.49331	0.52486	11.11879	1.05115	1	0.75422	0.55225	12.13886	1.05881	1	-0.00143	-0.00763	0.68276	0.00228	1	0.06606	-0.01262	0.67870	0.00372	1	1.45898	0.81042	0	
1270592	8569.04004	3306489995372	0.50510	0.26970	8568.87891	0.16113	11908	1	0.53205	0.14945	1	0.50663	0.34626	1	0.51934	0.24786	1	0.49302	0.52513	11.01046	1.06790	1	0.75403	0.55236	12.09535	1.07556	1	-0.00153	-0.00791	0.70282	0.00228	1	0.06606	-0.01273	0.67870	0.00364	1	1.45898	0.81042	0	
1270593	8569.04688	3306490062435	0.50453	0.26868	8568.87891	0.16797	11908	1	0.50024	0.13965	1	0.48035	0.34674	1	0.49029	0.24320	1	0.49277	0.52531	11.00688	1.08464	1	0.75388	0.55223	11.47433	1.08464	1	-0.00153	-0.00791	0.70282	0.00225	1	0.06606	-0.01273	0.67870	0.00389	1	1.45898	0.81042	0	
1270594	8569.05371	3306490128584	0.50430	0.26789	8568.87891	0.17480	11908	1	0.49852	0.11661	1	0.49821	0.37798	1	0.49836	0.24729	1	0.49283	0.52507	10.95210	1.09373	1	0.75413	0.55268	11.93285	1.09373	1	-0.00153	-0.00791	0.70282	0.00220	1	0.06606	-0.01273	0.67870	0.00365	1	1.45898	0.81042	0	
1270595	8569.05957	3306490195075	0.50408	0.26725	8568.87891	0.18066	11908	1	0.49852	0.11661	1	0.49778	0.38376	1	0.49815	0.25018	1	0.49277	0.52539	11.49196	1.09373	1	0.75340	0.55271	12.31989	1.08607	1	-0.00154	-0.00768	0.68279	0.00225	1	0.06441	-0.01249	0.66331	0.00367	1	1.45898	0.81042	0	
1270596	8569.06641	3306490262752	0.50459	0.26595	8568.87891	0.18750	11908	1	0.52698	0.16166	1	0.51093	0.29705	1	0.51895	0.22935	1	0.49269	0.52532	11.27994	1.07698	1	0.75354	0.55162	11.64016	1.06932	1	-0.00154	-0.00768	0.68279	0.00229	1	0.06441	-0.01249	0.66331	0.00413	1	1.45898	0.81042	0	
1270597	8569.07324	3306490329500	0.50539	0.26581	8568.87891	0.19434	11908	1	0.52926	0.16731	1	0.52760	0.35608	1	0.52843	0.26169	1	0.49271	0.52544	11.32799	1.06024	1	0.75382	0.55210	11.22091	1.05258	1	-0.00154	-0.00768	0.68279	0.00230	1	0.06441	-0.01249	0.66331	0.00406	1	1.45898	0.81042	0	
1270598	8569.08008	3306490398924	0.50615	0.26605	8568.87891	0.20117	11908	1	0.53095	0.18330	1	0.52683	0.36341	1	0.52889	0.27336	1	0.49237	0.52537	10.93806	1.04349	1	0.75319	0.55233	11.50681	1.04349	1	-0.00165	-0.00775	0.68908	0.00223	1	0.06556	-0.01272	0.67567	0.00365	1	1.45898	0.81042	0	
1270599	8569.08691	3306490465449	0.50602	0.26656	8568.87891	0.20801	11908	1	0.51694	0.19113	1	0.48756	0.37387	1	0.50225	0.28250	1	0.49231	0.52531	10.71680	1.04349	1	0.75315	0.55249	11.43446	1.05115	1	-0.00165	-0.00775	0.68908	0.00228	1	0.06556	-0.01272	0.67567	0.00371	1	1.45898	0.81042	0	
1270600	8569.09375	3306490530949	0.50596	0.26689	8568.87891	0.21484	11908	1	0.52956	0.18184	1	0.47857	0.37277	1	0.50407	0.27731	1	0.49232	0.52536	10.91243	1.05115	1	0.75296	0.55250	11.73693	1.05881	1	-0.00165	-0.00775	0.68908	0.00225	1	0.06556	-0.01272	0.67567	0.00373	1	1.45898	0.81042	0	
1270601	8569.10059	3306490598573	0.50590	0.26700	8568.87891	0.22168	11908	1	0.52879	0.17457	1	0.47888	0.36677	1	0.50383	0.27067	1	0.49201	0.52549	11.14203	1.05881	1	0.75292	0.55218	11.27676	1.06647	1	-0.00174	-0.00766	0.68095	0.00224	1	0.06605	-0.01278	0.68183	0.00397	1	1.45898	0.81042	0	
1270602	8569.10742	3306490666200	0.50551	0.26734	8568.87891	0.22852	11908	1	0.50141	0.17057	1	0.48261	0.38717	1	0.49201	0.27887	1	0.49194	0.52531	10.94894	1.06647	1	0.75275	0.55274	11.21321	1.06647	1	-0.00174	-0.00766	0.68095	0.00228	1	0.06605	-0.01278	0.68183	0.00372	1	1.45898	0.81042	0	
1270603	8569.11328	3306490731509	0.50513	0.26659	8568.87891	0.23438	11908	1	0.50103	0.17644	1	0.48270	0.30453	1	0.49186	0.24049	1	0.49192	0.52551	10.51138	1.06647	1	0.75270	0.55194	11.69703	1.06647	1	-0.00174	-0.00766	0.68095	0.00230	1	0.06605	-0.01278	0.68183	0.00409	1	1.45898	0.81042	0	
1270604	8569.12012	3306490799372	0.50451	0.26779	8568.87891	0.24121	11908	1	0.50103	0.17644	0	0.48236	0.31098	1	0.48236	0.31098	1	0.49192	0.52551	10.51138	1.06647	0	0.49187	0.52527	11.11470	1.05881	1	-0.00174	-0.00766	0.68095	0.00230	1	-0.00173	-0.00742	0.65969	0.00232	1	1.45898	0.81042	0	
1270605	8569.12695	3306490867335	0.50155	0.26398	8568.87891	0.24805	11908	1	0.50103	0.17644	0	0.39210	0.12293	1	0.39210	0.12293	1	0.49192	0.52551	10.51138	1.05881	0	0.49175	0.52532	11.16322	1.05115	1	-0.00174	-0.00766	0.68095	0.00230	1	-0.00173	-0.00742	0.65969	0.00225	1	1.45898	0.81042	0	
1270606	8569.13379	3306490935243	0.49902	0.26085	8568.87891	0.25488	11908	1	0.50103	0.17644	0	0.40274	0.14203	1	0.40274	0.14203	1	0.49192	0.52551	10.51138	1.05115	0	0.49181	0.52540	10.97483	1.04349	1	-0.00174	-0.00766	0.68095	0.00230	1	-0.00173	-0.00742	0.65969	0.00220	1	1.45898	0.81042	0	
1270607	8569.14062	3306491000005	0.47919	0.23602	8568.87891	0.25488	11908	0	0.50103	0.17644	0	0.40274	0.14203	1	0.40274	0.14203	1	0.49192	0.52551	10.51138	1.04349	0	0.49161	0.52546	11.00327	1.04349	1	-0.00174	-0.00766	0.68095	0.00230	1	-0.00189	-0.00792	0.69891	0.00224	1	1.45898	0.81042	0	
1270608	8569.14746	3306491067326	0.44400	0.16376	8568.87891	0.25488	11908	0	0.50103	0.17644	0	0.40882	0.09150	1	0.40882	0.09150	1	0.49192	0.52551	10.51138	1.04349	0	0.49154	0.52549	11.33570	1.05115	1	-0.00174	-0.00766	0.68095	0.00230	1	-0.00189	-0.00792	0.69891	0.00223	1	1.45898	0.81042	0	
1270609	8569.15430	3306491133852	0.42829	0.14039	8568.87891	0.25488	11908	0	0.50103	0.17644	0	0.39687	0.09365	1	0.39687	0.09365	1	0.49192	0.52551	10.51138	1.05115	0	0.49140	0.52556	11.08053	1.05881	1	-0.00174	-0.00766	0.68095	0.00230	1	-0.00189	-0.00792	0.69891	0.00224	1	1.45898	0.81042	0	
1270610	8569.16016	3306491200877	0.40077	0.09028	8568.87891	0.25488	11908	0	0.50103	0.17644	0	0.39662	0.08570	1	0.39662	0.08570	1	0.49192	0.52551	10.51138	1.05881	0	0.49137	0.52565	10.88414	1.06647	1	-0.00174	-0.00766	0.68095	0.00230	1	-0.00194	-0.00765	0.67972	0.00227	1	1.45898	0.81042	0	
1270611	8569.16699	3306491265957	0.39890	0.07656	8568.87891	0.25488	11908	0	0.50103	0.17644	0	0.39703	0.06283	1	0.39703	0.06283	1	0.49192	0.52551	10.51138	1.06647	0	0.49127	0.52538	11.46404	1.06647	1	-0.00174	-0.00766	0.68095	0.00230	1	-0.00194	-0.00765	0.67972	0.00231	1	1.45898	0.81042	0	
1270612	8569.17383	3306491333582	0.39422	0.08446	8568.87891	0.25488	11908	0	0.50103	0.17644	0	0.38486	0.10026	1	0.38486	0.10026	1	0.49192	0.52551	10.51138	1.06647	0	0.49131	0.52565	10.84312	1.06647	1	-0.00174	-0.00766	0.68095	0.00230	1	-0.00194	-0.00765	0.67972	0.00234	1	1.45898	0.81042	0	
1270613	8569.18066	3306491399489	0.39188	0.08841	8569.16016	0.02051	11909	1	0.50103	0.17644	0	0.38486	0.10026	1	0.38486	0.10026	1	0.49192	0.52551	10.51138	1.06647	0	0.49117	0.52570	10.86868	1.06647	1	-0.00174	-0.00766	0.68095	0.00230	1	-0.00193	-0.00766	0.67667	0.00230	1	1.45898	0.81042	0	
1270614	8569.18652	3306491462356	0.38719	0.08852	8569.16016	0.02637	11909	1	0.50103	0.17644	0	0.36844	0.08899	1	0.36844	0.08899	1	0.49192	0.52551	10.51138	1.06647	0	0.49094	0.52557	11.42517	1.06647	1	-0.00174	-0.00766	0.68095	0.00230	1	-0.00193	-0.00766	0.67667	0.00224	1	1.45898	0.81042	0	
1270615	8569.19336	3306491532770	0.38710	0.08715	8569.16016	0.03320	11909	1	0.50103	0.17644	0	0.38665	0.08026	1	0.38665	0.08026	1	0.49192	0.52551	10.51138	1.06647	0	0.49120	0.52570	10.99435	1.06647	1	-0.00174	-0.00766	0.68095	0.00230	1	-0.00193	-0.00766	0.67667	0.00226	1	1.45898	0.81042	0	
1270616	8569.20117	3306491602687	0.38703	0.08616	8569.16016	0.04102	11909	1	0.50103	0.17644	0	0.38665	0.08026	1	0.38665	0.08026	1	0.49192	0.52551	10.51138	1.06647	0	0.49093	0.52592	11.18856	1.06647	1	-0.00174	-0.00766	0.68095	0.00230	1	-0.00210	-0.00799	0.70071	0.00220	1	1.45898	0.81042	0	
1270617	8569.20703	3306491668462	0.38690	0.10744	8569.16016	0.04688	11909	1	0.50103	0.17644	0	0.38597	0.25641	1	0.38597	0.25641	1	0.49192	0.52551	10.51138	1.06647	0	0.49089	0.52750	10.79034	1.06647	1	-0.00174	-0.00766	0.68095	0.00230	1	-0.00210	-0.00799	0.70071	0.00348	1	1.45898	0.81042	0	
1270618	8569.21387	3306491734176	0.38876	0.10710	8569.16016	0.05371	11909	1	0.50103	0.17644	0	0.40360	0.10433	1	0.40360	0.10433	1	0.49192	0.52551	10.51138	1.06647	0	0.49079	0.52574	11.15416	1.06647	1	-0.00174	-0.00766	0.68095	0.00230	1	-0.00210	-0.00799	0.70071	0.00220	1	1.45898	0.81042	0	
1270619	8569.22070	3306491802087	0.39022	0.10593	8569.16016	0.06055	11909	1	0.50103	0.17644	0	0.40336	0.09547	1	0.40336	0.09547	1	0.49192	0.52551	10.51138	1.06647	0	0.49066	0.52582	11.46488	1.07515	1	-0.00174	-0.00766	0.68095	0.00230	1	-0.00218	-0.00812	0.70765	0.00218	1	1.45898	0.81042	0	
1270620	8569.22754	3306491871176	0.39056	0.10442	8569.16016	0.06738	11909	1	0.50103	0.17644	0	0.39398	0.08925	1	0.39398	0.08925	1	0.49192	0.52551	10.51138	1.07515	0	0.49060	0.52584	11.41888	1.08383	1	-0.00174	-0.00766	0.68095	0.00230	1	-0.00218	-0.00812	0.70765	0.00223	1	1.45898	0.81042	0	
1270621	8569.23438	3306491935643	0.38998	0.10339	8569.16016	0.07422	11909	1	0.50103	0.17644	0	0.38356	0.09209	1	0.38356	0.09209	1	0.49192	0.52551	10.51138	1.08383	0	0.49046	0.52582	11.48944	1.09251	1	-0.00174	-0.00766	0.68095	0.00230	1	-0.00218	-0.00812	0.70765	0.00224	1	1.45898	0.81042	0	
1270622	8569.24121	3306492005798	0.38948	0.10252	8569.16016	0.08105	11909	1	0.50103	0.17644	0	0.38356	0.09209	1	0.38356	0.09209	1	0.49192	0.52551	10.51138	1.09251	0	0.49046	0.52608	11.27587	1.09251	1	-0.00174	-0.00766	0.68095	0.00230	1	-0.00215	-0.00789	0.68346	0.00223	1	1.45898	0.81042	0	
1270623	8569.24805	3306492071864	0.38926	0.10293	8569.16016	0.08789	11909	1	0.50103	0.17644	0	0.38631	0.10818	1	0.38631	0.10818	1	0.49192	0.52551	10.51138	1.09251	0	0.49044	0.52596	11.18157	1.08383	1	-0.00174	-0.00766	0.68095	0.00230	1	-0.00215	-0.00789	0.68346	0.00225	1	1.45898	0.81042	0	
1270624	8569.25391	3306492139089	0.39699	0.10917	8569.16016	0.09375	11909	1	0.50598	0.16929	1	0.50467	0.22376	1	0.50533	0.19652	1	0.49049	0.52607	11.19991	1.08383	1	0.75107	0.55144	11.43791	1.07515	1	-0.00174	-0.00766	0.68095	0.00225	1	-0.00215	-0.00789	0.68346	0.00423	1	1.45898	0.81042	0	
1270625	8569.26074	3306492206333	0.40378	0.11513	8569.16016	0.10059	11909	1	0.50699	0.17740	1	0.50412	0.23167	1	0.50556	0.20454	1	0.49043	0.52620	11.27069	1.07515	1	0.75110	0.55158	11.47495	1.06647	1	-0.00215	-0.00789	0.68346	0.00234	1	0.06400	-0.01253	0.66578	0.00406	1	1.45898	0.81042	0	
1270626	8569.26758	3306492272968	0.41032	0.12540	8569.16016	0.10742	11909	1	0.50806	0.20715	1	0.52192	0.37227	1	0.51499	0.28971	1	0.49043	0.52620	11.27069	1.06647	1	0.75140	0.55246	11.14346	1.06647	1	-0.00215	-0.00789	0.68346	0.00234	1	0.06400	-0.01253	0.66578	0.00394	1	1.45898	0.81042	0	
1270627	8569.27441	3306492340135	0.42950	0.15385	8569.16016	0.10742	11909	0	0.49377	0.20416	1	0.50852	0.27067	1	0.50115	0.23742	1	0.49025	0.52616	11.36209	1.06647	1	0.75108	0.55205	11.77288	1.06647	1	-0.00215	-0.00789	0.68346	0.00230	1	0.06400	-0.01253	0.66578	0.00377	1	1.45898	0.81042	0	
1270628	8569.28125	3306492406753	0.46519	0.19156	8569.16016	0.10742	11909	0	0.49261	0.19583	1	0.50913	0.26272	1	0.50087	0.22927	1	0.49001	0.52621	11.18724	1.07556	1	0.75107	0.55150	11.71618	1.07556	1	-0.00227	-0.00815	0.70524	0.00226	1	0.06400	-0.01253	0.66578	0.00393	1	1.45898	0.81042	0	
1270629	8569.28809	3306492473776	0.48025	0.21193	8569.16016	0.10742	11909	0	0.52723	0.19124	1	0.49356	0.31409	1	0.51039	0.25266	1	0.48994	0.52621	11.26490	1.08464	1	0.75095	0.55210	11.86052	1.08464	1	-0.00227	-0.00815	0.70524	0.00223	1	0.06400	-0.01253	0.66578	0.00393	1	1.45898	0.81042	0	
1270630	8569.29492	3306492541098	0.50664	0.23064	8569.16016	0.10742	11909	0	0.52028	0.15940	1	0.49704	0.26059	1	0.50866	0.20999	1	0.48997	0.52612	11.21277	1.09373	1	0.75094	0.55186	11.95531	1.09373	1	-0.00227	-0.00815	0.70524	0.00225	1	0.06400	-0.01253	0.66578	0.00411	1	1.45898	0.81042	0	
1270631	8569.30176	3306492607934	0.50766	0.21437	8569.16016	0.10742	11909	0	0.51933	0.15091	1	0.49802	0.24527	1	0.50867	0.19809	1	0.48913	0.52604	11.13031	1.10281	1	0.75001	0.55201	12.01637	1.11149	1	-0.00247	-0.00809	0.70039	0.00225	1	0.06769	-0.01323	0.70581	0.00355	1	1.45898	0.81042	0	
1270632	8569.30762	3306492674922	0.49788	0.20632	8569.16016	0.10742	11909	0	0.46449	0.08544	1	0.49218	0.29498	1	0.47834	0.19021	1	0.48911	0.52588	11.61667	1.11149	1	0.75008	0.55251	12.19201	1.12017	1	-0.00247	-0.00809	0.70039	0.00233	1	0.06769	-0.01323	0.70581	0.00367	1	1.45898	0.81042	0	
1270633	8569.31445	3306492739931	0.48537	0.19880	8569.29492	0.01953	11910	1	0.45806	0.08485	1	0.43760	0.26767	1	0.44783	0.17626	1	0.48905	0.52597	11.40113	1.12017	1	0.74962	0.55258	11.69340	1.12885	1	-0.00247	-0.00809	0.70039	0.00232	1	0.06769	-0.01323	0.70581	0.00365	1	1.45898	0.81042	0	
1270634	8569.32129	3306492808993	0.47786	0.19508	8569.29492	0.02637	11910	1	0.45812	0.08525	1	0.43757	0.27516	1	0.44784	0.18021	1	0.48912	0.52591	11.50567	1.11977	1	0.74937	0.55267	12.49331	1.11977	1	-0.00236	-0.00789	0.68321	0.00228	1	0.06514	-0.01280	0.67978	0.00360	1	1.45898	0.81042	0	
1270635	8569.32812	3306492875737	0.47668	0.19624	8569.29492	0.03320	11910	1	0.47232	0.13627	1	0.46920	0.26774	1	0.47076	0.20201	1	0.48919	0.52596	11.50788	1.11068	1	0.75009	0.55235	12.35393	1.10200	1	-0.00236	-0.00789	0.68321	0.00227	1	0.06514	-0.01280	0.67978	0.00362	1	1.45898	0.81042	0	
1270636	8569.33496	3306492941631	0.47705	0.19986	8569.29492	0.04004	11910	1	0.47407	0.15879	1	0.48446	0.28437	1	0.47926	0.22158	1	0.48925	0.52596	10.94094	1.09292	1	0.74996	0.55219	12.37550	1.08424	1	-0.00236	-0.00789	0.68321	0.00230	1	0.06514	-0.01280	0.67978	0.00378	1	1.45898	0.81042	0	
1270637	8569.34180	3306493008393	0.47738	0.20354	8569.29492	0.04688	11910	1	0.47528	0.16693	1	0.48407	0.29172	1	0.47968	0.22932	1	0.48917	0.52591	11.05238	1.08424	1	0.74953	0.55242	12.27847	1.07556	1	-0.00247	-0.00809	0.70039	0.00228	1	0.06477	-0.01277	0.67590	0.00363	1	1.45898	0.81042	0	
1270638	8569.34863	3306493077588	0.47706	0.20304	8569.29492	0.05371	11910	1	0.47062	0.13221	1	0.47851	0.26587	1	0.47457	0.19904	1	0.48910	0.52584	11.27281	1.08464	1	0.74980	0.55225	12.20506	1.08464	1	-0.00247	-0.00809	0.70039	0.00227	1	0.06477	-0.01277	0.67590	0.00367	1	1.45898	0.81042	0	
1270639	8569.35449	3306493144556	0.47599	0.20264	8569.29492	0.05957	11910	1	0.46737	0.13463	1	0.46535	0.26336	1	0.46636	0.19899	1	0.48909	0.52586	11.16620	1.09373	1	0.74966	0.55210	12.02427	1.09373	1	-0.00247	-0.00809	0.70039	0.00230	1	0.06477	-0.01277	0.67590	0.00367	1	1.45898	0.81042	0	
1270640	8569.36133	3306493211470	0.47507	0.20155	8569.29492	0.06641	11910	1	0.46606	0.12590	1	0.46560	0.25558	1	0.46583	0.19074	1	0.48900	0.52576	11.30289	1.10281	1	0.74993	0.55225	11.86776	1.10281	1	-0.00247	-0.00809	0.70039	0.00229	1	0.06477	-0.01267	0.67590	0.00370	1	1.45898	0.81042	0	
1270641	8569.36816	3306493279071	0.47355	0.19937	8569.29492	0.07324	11910	1	0.45632	0.12735	1	0.45736	0.22337	1	0.45684	0.17536	1	0.48896	0.52571	11.23143	1.10281	1	0.74947	0.55192	12.20880	1.10281	1	-0.00247	-0.00809	0.70039	0.00231	1	0.06477	-0.01267	0.67590	0.00374	1	1.45898	0.81042	0	
1270642	8569.37500	3306493340812	0.47253	0.20044	8569.29492	0.08008	11910	1	0.46414	0.14058	1	0.45652	0.28604	1	0.46033	0.21331	1	0.48901	0.52582	11.09247	1.10281	1	0.74949	0.55204	12.17715	1.10281	1	-0.00247	-0.00809	0.70039	0.00232	1	0.06477	-0.01267	0.67590	0.00373	1	1.45898	0.81042	0	
1270643	8569.38184	3306493410072	0.47166	0.20136	8569.29492	0.08691	11910	1	0.46414	0.14058	1	0.45652	0.28604	1	0.46033	0.21331	1	0.48885	0.52577	11.10301	1.10281	1	0.74947	0.55201	12.21621	1.10281	1	-0.00245	-0.00798	0.69503	0.00234	1	0.06514	-0.01269	0.67978	0.00373	1	1.45898	0.81042	0	
1270644	8569.38770	3306493474816	0.47125	0.20293	8569.29492	0.09277	11910	1	0.47297	0.13185	1	0.45802	0.31782	1	0.46550	0.22484	1	0.48885	0.52582	11.23640	1.10281	1	0.74948	0.55230	12.16006	1.10281	1	-0.00245	-0.00798	0.69503	0.00233	1	0.06514	-0.01269	0.67978	0.00366	1	1.45898	0.81042	0	
1270645	8569.39453	3306493542892	0.47098	0.20276	8569.29492	0.09961	11910	1	0.47802	0.13215	1	0.45586	0.26838	1	0.46694	0.20027	1	0.48890	0.52587	11.49658	1.10281	1	0.74948	0.55175	12.03898	1.10281	1	-0.00245	-0.00798	0.69503	0.00231	1	0.06514	-0.01269	0.67978	0.00381	1	1.45898	0.81042	0	
1270646	8569.40137	3306493610989	0.47078	0.20288	8569.29492	0.10645	11910	1	0.47925	0.14081	1	0.45585	0.26873	1	0.46755	0.20477	1	0.48877	0.52564	11.45313	1.09373	1	0.74933	0.55202	12.48430	1.10241	1	-0.00243	-0.00766	0.67615	0.00234	1	0.06547	-0.01277	0.68375	0.00391	1	1.45898	0.81042	0	
1270647	8569.40820	3306493677896	0.47060	0.20341	8569.29492	0.11328	11910	1	0.49669	0.11000	1	0.43852	0.31500	1	0.46760	0.21250	1	0.48876	0.52558	11.75828	1.09332	1	0.74928	0.55222	12.32839	1.10200	1	-0.00243	-0.00766	0.67615	0.00235	1	0.06547	-0.01277	0.68375	0.00386	1	1.45898	0.81042	0	
1270648	8569.41504	3306493745527	0.47054	0.20517	8569.29492	0.12012	11910	1	0.49584	0.13583	1	0.44304	0.33779	1	0.46944	0.23681	1	0.48877	0.52564	11.45313	1.09292	1	0.74933	0.55210	12.49033	1.10160	1	-0.00243	-0.00766	0.67615	0.00234	1	0.06547	-0.01277	0.68375	0.00385	1	1.45898	0.81042	0	
1270649	8569.42188	3306493811384	0.47049	0.20709	8569.29492	0.12695	11910	1	0.49589	0.13622	1	0.44291	0.35088	1	0.46940	0.24355	1	0.48882	0.52567	11.38787	1.09251	1	0.74930	0.55167	12.11339	1.08485	1	-0.00243	-0.00776	0.67615	0.00238	1	0.06335	-0.01231	0.66161	0.00409	1	1.45898	0.81042	0	
1270650	8569.42773	3306493873912	0.47038	0.20789	8569.29492	0.13281	11910	1	0.49687	0.11856	1	0.43981	0.32928	1	0.46834	0.22392	1	0.48881	0.52552	11.64813	1.08485	1	0.74931	0.55186	12.31560	1.06851	1	-0.00243	-0.00776	0.67615	0.00234	1	0.06335	-0.01231	0.66161	0.00386	1	1.45898	0.81042	0	
1270651	8569.43457	3306493944084	0.47055	0.20904	8569.29492	0.13965	11910	1	0.49548	0.12477	1	0.45256	0.34159	1	0.47402	0.23318	1	0.48881	0.52552	11.77171	1.06851	1	0.74953	0.55156	12.36723	1.05217	1	-0.00243	-0.00776	0.67615	0.00231	1	0.06335	-0.01231	0.66161	0.00386	1	1.45898	0.81042	0	
1270652	8569.44141	3306494012817	0.47074	0.21060	8569.29492	0.14648	11910	1	0.49754	0.14094	1	0.45242	0.34867	1	0.47498	0.24481	1	0.48877	0.52548	11.52566	1.05217	1	0.74924	0.55202	12.69125	1.04349	1	-0.00245	-0.00776	0.68113	0.00233	1	0.06522	-0.01268	0.68171	0.00387	1	1.45898	0.81042	0	
1270653	8569.44824	3306494081917	0.47085	0.21271	8569.29492	0.15332	11910	1	0.49797	0.16466	1	0.44852	0.35786	1	0.47325	0.26126	1	0.48876	0.52561	11.21147	1.04349	1	0.74939	0.55172	12.68340	1.05115	1	-0.00245	-0.00776	0.68113	0.00237	1	0.06522	-0.01268	0.68171	0.00375	1	1.45898	0.81042	0	
1270654	8569.45508	3306494148634	0.47076	0.21403	8569.29492	0.16016	11910	1	0.49428	0.15559	1	0.44338	0.33620	1	0.46883	0.24590	1	0.48872	0.52560	11.44624	1.05115	1	0.74931	0.55151	12.59438	1.05881	1	-0.00245	-0.00776	0.68113	0.00235	1	0.06522	-0.01268	0.68171	0.00382	1	1.45898	0.81042	0	
1270655	8569.46191	3306494213499	0.47065	0.21468	8569.29492	0.16699	11910	1	0.49213	0.13923	1	0.44351	0.32256	1	0.46782	0.23090	1	0.48864	0.52540	11.48784	1.06790	1	0.74919	0.55175	12.44713	1.07556	1	-0.00257	-0.00793	0.70017	0.00230	1	0.06522	-0.01268	0.68171	0.00407	1	1.45898	0.81042	0	
1270656	8569.46875	3306494282561	0.47066	0.21429	8569.29492	0.17383	11910	1	0.49710	0.10205	1	0.44473	0.30603	1	0.47092	0.20404	1	0.48880	0.52549	11.45099	1.08464	1	0.74928	0.55158	12.55919	1.08464	1	-0.00257	-0.00793	0.70017	0.00239	1	0.06522	-0.01268	0.68171	0.00394	1	1.45898	0.81042	0	
1270657	8569.47559	3306494349639	0.47048	0.21488	8569.29492	0.18066	11910	1	0.49340	0.11857	1	0.43788	0.34324	1	0.46564	0.23090	1	0.48872	0.52547	11.51834	1.09373	1	0.74912	0.55204	12.78851	1.09373	1	-0.00257	-0.00793	0.70017	0.00236	1	0.06522	-0.01268	0.68171	0.00373	1	1.45898	0.81042	0	
1270658	8569.48242	3306494415955	0.47031	0.21544	8569.29492	0.18750	11910	1	0.49340	0.11857	1	0.43788	0.34324	1	0.46564	0.23090	1	0.48872	0.52551	11.43288	1.09373	1	0.74924	0.55189	12.71610	1.09373	1	-0.00243	-0.00766	0.67615	0.00236	1	0.06522	-0.01268	0.68171	0.00368	1	1.45898	0.81042	0	
1270659	8569.48828	3306494482742	0.47057	0.21447	8569.29492	0.19336	11910	1	0.49953	0.11948	1	0.45631	0.25345	1	0.47792	0.18647	1	0.48881	0.52554	11.62921	1.08464	1	0.74949	0.55119	12.06998	1.08464	1	-0.00243	-0.00766	0.67615	0.00241	1	0.06522	-0.01268	0.68171	0.00388	1	1.45898	0.81042	0	
1270660	8569.49512	3306494550573	0.47035	0.21472	8569.29492	0.20020	11910	1	0.49122	0.15230	1	0.43627	0.29244	1	0.46374	0.22237	1	0.48872	0.52547	11.43227	1.07556	1	0.74920	0.55126	12.62314	1.07556	1	-0.00243	-0.00766	0.67615	0.00231	1	0.06522	-0.01268	0.68171	0.00387	1	1.45898	0.81042	0	
1270661	8569.50195	3306494617444	0.47016	0.21522	8569.29492	0.20703	11910	1	0.49238	0.16100	1	0.43625	0.30009	1	0.46432	0.23054	1	0.48866	0.52543	11.54086	1.06647	1	0.74944	0.55148	12.13948	1.06647	1	-0.00245	-0.00766	0.68113	0.00233	1	0.06522	-0.01268	0.68171	0.00380	1	1.45898	0.81042	0	
1270662	8569.50879	3306494682394	0.47023	0.21636	8569.29492	0.21387	11910	1	0.49510	0.17260	1	0.44980	0.33322	1	0.47245	0.25291	1	0.48873	0.52540	11.48640	1.06647	1	0.74943	0.55165	12.19753	1.06647	1	-0.00245	-0.00766	0.68113	0.00229	1	0.06522	-0.01268	0.68171	0.00370	1	1.45898	0.81042	0	
1270663	8569.51562	3306494748941	0.46988	0.21784	8569.29492	0.22070	11910	1	0.47817	0.18427	1	0.43843	0.34906	1	0.45830	0.26666	1	0.48880	0.52539	11.53648	1.06647	1	0.74924	0.55174	12.37637	1.06647	1	-0.00245	-0.00766	0.68113	0.00226	1	0.06522	-0.01268	0.68171	0.00373	1	1.45898	0.81042	0	
1270664	8569.52246	3306494817578	0.46955	0.21924	8569.29492	0.22754	11910	1	0.47817	0.18427	1	0.43843	0.34906	1	0.45830	0.26666	1	0.48877	0.52536	11.40424	1.06647	1	0.74913	0.55167	12.14873	1.06647	1	-0.00245	-0.00766	0.68113	0.00227	1	0.06539	-0.01266	0.68348	0.00382	1	1.45898	0.81042	0	
1270665	8569.52930	3306494885006	0.46939	0.22075	8569.29492	0.23438	11910	1	0.48959	0.17126	1	0.43798	0.37631	1	0.46379	0.27379	1	0.48864	0.52543	11.53332	1.06647	1	0.74921	0.55172	12.11616	1.06647	1	-0.00245	-0.00766	0.68113	0.00233	1	0.06539	-0.01266	0.68348	0.00380	1	1.45898	0.81042	0	
1270666	8569.53516	3306494951545	0.46973	0.22297	8569.29492	0.24023	11910	1	0.52136	0.29353	1	0.44299	0.31248	1	0.48217	0.30301	1	0.48909	0.52676	10.81960	1.06647	1	0.74928	0.55153	12.21787	1.06647	1	-0.00245	-0.00766	0.68113	0.00361	1	0.06539	-0.01266	0.68348	0.00378	1	1.45898	0.81042	0	
1270667	8569.54297	3306495020546	0.47006	0.22516	8569.29492	0.24805	11910	1	0.52136	0.29353	1	0.44292	0.31885	1	0.48214	0.30619	1	0.48876	0.52509	11.76295	1.06647	1	0.74940	0.55133	12.15090	1.05881	1	-0.00245	-0.00766	0.68113	0.00227	1	0.06285	-0.01211	0.65641	0.00379	1	1.45898	0.81042	0	
1270668	8569.54883	3306495085536	0.47004	0.22528	8569.29492	0.25391	11910	1	0.47987	0.18805	1	0.45852	0.27106	1	0.46919	0.22955	1	0.48888	0.52510	11.89113	1.05881	1	0.74952	0.55081	12.07728	1.05115	1	-0.00245	-0.00766	0.68113	0.00232	1	0.06285	-0.01211	0.65641	0.00401	1	1.45898	0.81042	0	
1270669	8569.55566	3306495150503	0.46810	0.25320	8569.29492	0.25391	11910	0	0.46680	0.21215	1	0.45157	0.32652	1	0.45919	0.26934	1	0.48895	0.52513	11.86318	1.05115	1	0.74944	0.55121	12.20550	1.04349	1	-0.00245	-0.00766	0.68113	0.00240	1	0.06285	-0.01211	0.65641	0.00362	1	1.45898	0.81042	0	
1270670	8569.56250	3306495219863	0.46397	0.26122	8569.29492	0.25391	11910	0	0.46796	0.21924	1	0.45171	0.31926	1	0.45983	0.26925	1	0.48992	0.52702	12.11419	1.04349	1	0.75008	0.55149	12.37529	1.05217	1	-0.00236	-0.00769	0.68321	0.00358	1	0.06658	-0.01286	0.69423	0.00366	1	1.45898	0.81042	0	
1270671	8569.56934	3306495283688	0.47630	0.28580	8569.29492	0.25391	11910	0	0.54033	0.34009	1	0.46159	0.32980	1	0.50096	0.33494	1	0.49014	0.52678	11.49143	1.05217	1	0.75035	0.55157	12.25273	1.06851	1	-0.00236	-0.00769	0.68321	0.00369	1	0.06658	-0.01286	0.69423	0.00373	1	1.45898	0.81042	0	
1270672	8569.57520	3306495349297	0.47744	0.29531	8569.55566	0.01953	11911	1	0.51095	0.32716	1	0.45078	0.32054	1	0.48086	0.32385	1	0.48973	0.52658	11.88927	1.06851	1	0.75019	0.55105	11.93177	1.08485	1	-0.00236	-0.00769	0.68321	0.00369	1	0.06658	-0.01286	0.69423	0.00370	1	1.45898	0.81042	0	
1270673	8569.58203	3306495418362	0.47795	0.29909	8569.55566	0.02637	11911	1	0.50907	0.31410	1	0.45089	0.31434	1	0.47998	0.31422	1	0.48962	0.52499	12.18726	1.08485	1	0.75022	0.55148	12.10750	1.09251	1	-0.00236	-0.00769	0.68321	0.00235	1	0.06535	-0.01251	0.68089	0.00366	1	1.45898	0.81042	0	
1270674	8569.58887	3306495483265	0.47929	0.30226	8569.55566	0.03320	11911	1	0.52572	0.32412	1	0.44625	0.31207	1	0.48598	0.31809	1	0.48995	0.52681	11.13439	1.09251	1	0.75018	0.55162	12.14006	1.08383	1	-0.00236	-0.00769	0.68321	0.00358	1	0.06535	-0.01251	0.68089	0.00371	1	1.45898	0.81042	0	
1270675	8569.59570	3306495551416	0.47862	0.29296	8569.55566	0.04004	11911	1	0.50314	0.15512	1	0.44616	0.31917	1	0.47465	0.23715	1	0.48970	0.52485	11.82800	1.08383	1	0.75018	0.55162	12.14006	1.07515	1	-0.00236	-0.00769	0.68321	0.00238	1	0.06535	-0.01251	0.68089	0.00370	1	1.45898	0.81042	0	
1270676	8569.60254	3306495623210	0.47819	0.28694	8569.55566	0.04688	11911	1	0.50417	0.16335	1	0.44607	0.32627	1	0.47512	0.24481	1	0.48977	0.52515	11.89445	1.07515	1	0.75033	0.55137	12.08992	1.06647	1	-0.00236	-0.00769	0.68321	0.00231	1	0.06490	-0.01248	0.67618	0.00373	1	1.45898	0.81042	0	
1270677	8569.60840	3306495682299	0.48070	0.29124	8569.55566	0.05273	11911	1	0.54243	0.31539	1	0.45915	0.33595	1	0.50079	0.32567	1	0.49010	0.52672	11.02736	1.06647	1	0.75037	0.55131	12.15788	1.06647	1	-0.00236	-0.00769	0.68321	0.00374	1	0.06490	-0.01248	0.67618	0.00371	1	1.45898	0.81042	0	
1270678	8569.61621	3306495755673	0.48117	0.28580	8569.55566	0.06055	11911	1	0.51010	0.17934	1	0.46070	0.29439	1	0.48540	0.23686	1	0.48968	0.52511	11.79511	1.06647	1	0.75037	0.55131	12.15788	1.06647	1	-0.00236	-0.00769	0.68321	0.00237	1	0.06490	-0.01248	0.67618	0.00371	1	1.45898	0.81042	0	
1270679	8569.62305	3306495823431	0.48155	0.28136	8569.55566	0.06738	11911	1	0.51010	0.17934	1	0.46070	0.29439	1	0.48540	0.23686	1	0.49021	0.52705	11.30789	1.06647	1	0.75024	0.55154	12.09144	1.06647	1	-0.00236	-0.00769	0.68321	0.00363	1	0.06490	-0.01258	0.67618	0.00367	1	1.45898	0.81042	0	
1270680	8569.62988	3306495890343	0.48304	0.28676	8569.55566	0.07422	11911	1	0.53080	0.31283	1	0.46794	0.37957	1	0.49937	0.34620	1	0.49005	0.52674	11.04834	1.06647	1	0.75051	0.55170	13.36408	1.06647	1	-0.00236	-0.00769	0.68321	0.00362	1	0.06490	-0.01258	0.67618	0.00365	1	1.45898	0.81042	0	
1270681	8569.63574	3306495957239	0.48457	0.29405	8569.55566	0.08008	11911	1	0.54826	0.37005	1	0.45767	0.39310	1	0.50297	0.38157	1	0.49021	0.52703	11.21203	1.06647	1	0.75038	0.55184	13.09585	1.06647	1	-0.00236	-0.00769	0.68321	0.00354	1	0.06490	-0.01258	0.67618	0.00367	1	1.45898	0.81042	0	
1270682	8569.64258	3306496023749	0.48586	0.29981	8569.55566	0.08691	11911	1	0.54749	0.36316	1	0.45787	0.38623	1	0.50268	0.37469	1	0.49008	0.52676	10.94657	1.07556	1	0.75008	0.55166	12.54134	1.07556	1	-0.00236	-0.00786	0.69904	0.00366	1	0.06535	-0.01261	0.68089	0.00376	1	1.45898	0.81042	0	
1270683	8569.64941	3306496090923	0.48608	0.30059	8569.55566	0.09375	11911	1	0.53660	0.29590	1	0.44163	0.32711	1	0.48912	0.31150	1	0.49005	0.52663	10.94134	1.08464	1	0.75003	0.55165	12.35685	1.08464	1	-0.00236	-0.00786	0.69904	0.00370	1	0.06535	-0.01261	0.68089	0.00380	1	1.45898	0.81042	0	
1270684	8569.65625	3306496156293	0.48610	0.30142	8569.55566	0.10059	11911	1	0.52839	0.28657	1	0.44448	0.34114	1	0.48644	0.31385	1	0.49002	0.52671	10.95345	1.09373	1	0.75019	0.55153	12.21930	1.09373	1	-0.00236	-0.00786	0.69904	0.00374	1	0.06535	-0.01261	0.68089	0.00370	1	1.45898	0.81042	0	
1270685	8569.66309	3306496225431	0.48612	0.30215	8569.55566	0.10742	11911	1	0.52839	0.28657	1	0.44448	0.34114	1	0.48644	0.31385	1	0.49000	0.52698	11.87970	1.09373	1	0.75025	0.55151	11.90977	1.09373	1	-0.00236	-0.00769	0.68321	0.00363	1	0.06490	-0.01258	0.67618	0.00374	1	1.45898	0.81042	0	
1270686	8569.66992	3306496292094	0.48706	0.30222	8569.55566	0.11426	11911	1	0.54341	0.32624	1	0.46274	0.28065	1	0.50308	0.30344	1	0.49021	0.52699	11.37009	1.08464	1	0.75033	0.55115	12.38559	1.08464	1	-0.00236	-0.00769	0.68321	0.00363	1	0.06490	-0.01258	0.67618	0.00372	1	1.45898	0.81042	0	
1270687	8569.67676	3306496358909	0.48791	0.30220	8569.55566	0.12109	11911	1	0.52646	0.32978	1	0.47974	0.27371	1	0.50310	0.30175	1	0.48992	0.52683	11.16075	1.07556	1	0.75056	0.55111	12.38836	1.07556	1	-0.00236	-0.00769	0.68321	0.00369	1	0.06490	-0.01258	0.67618	0.00374	1	1.45898	0.81042	0	
1270688	8569.68262	3306496425728	0.48868	0.30255	8569.55566	0.12695	11911	1	0.52739	0.33696	1	0.47937	0.28155	1	0.50338	0.30926	1	0.48962	0.52528	11.74489	1.06647	1	0.75020	0.55125	12.15499	1.06647	1	-0.00236	-0.00769	0.68321	0.00238	1	0.06490	-0.01258	0.67618	0.00376	1	1.45898	0.81042	0	
1270689	8569.68945	3306496492687	0.48858	0.30204	8569.55566	0.13379	11911	1	0.51681	0.31073	1	0.45646	0.27272	1	0.48664	0.29172	1	0.48977	0.52687	11.83255	1.06647	1	0.75033	0.55101	12.06644	1.06647	1	-0.00236	-0.00769	0.68321	0.00356	1	0.06490	-0.01258	0.67618	0.00377	1	1.45898	0.81042	0	
1270690	8569.69629	3306496560200	0.48805	0.29832	8569.55566	0.14062	11911	1	0.50468	0.14775	1	0.44917	0.29286	1	0.47692	0.22031	1	0.48964	0.52515	11.89510	1.06647	1	0.75019	0.55105	12.08547	1.06647	1	-0.00236	-0.00769	0.68321	0.00236	1	0.06490	-0.01258	0.67618	0.00372	1	1.45898	0.81042	0	
1270691	8569.70312	3306496626824	0.48757	0.29477	8569.55566	0.14746	11911	1	0.50468	0.14775	1	0.44928	0.28549	1	0.47698	0.21662	1	0.48986	0.52719	12.25792	1.06647	1	0.75009	0.55113	12.23609	1.07515	1	-0.00236	-0.00769	0.68321	0.00358	1	0.06658	-0.01286	0.69423	0.00372	1	1.45898	0.81042	0	
1270692	8569.70996	3306496693916	0.48789	0.29537	8569.55566	0.15430	11911	1	0.54168	0.30047	1	0.44849	0.31776	1	0.49508	0.30911	1	0.49018	0.52699	11.34475	1.07515	1	0.75021	0.55120	12.12755	1.08383	1	-0.00236	-0.00769	0.68321	0.00365	1	0.06658	-0.01286	0.69423	0.00377	1	1.45898	0.81042	0	
1270693	8569.71680	3306496761248	0.48732	0.29580	8569.55566	0.16113	11911	1	0.50611	0.32225	1	0.44134	0.29036	1	0.47373	0.30631	1	0.48959	0.52732	11.78733	1.08383	1	0.75002	0.55146	12.30483	1.09251	1	-0.00236	-0.00769	0.68321	0.00345	1	0.06658	-0.01286	0.69423	0.00381	1	1.45898	0.81042	0	
1270694	8569.72363	3306496827625	0.48678	0.29608	8569.55566	0.16797	11911	1	0.50509	0.31538	1	0.44134	0.29036	1	0.47322	0.30287	1	0.48993	0.52736	11.52786	1.09251	1	0.75003	0.55143	12.23503	1.09251	1	-0.00236	-0.00769	0.68321	0.00351	1	0.06490	-0.01258	0.67618	0.00382	1	1.45898	0.81042	0	
1270695	8569.72949	3306496894884	0.48697	0.29576	8569.55566	0.17383	11911	1	0.53079	0.29412	1	0.45332	0.28083	1	0.49205	0.28747	1	0.49000	0.52691	11.17783	1.09251	1	0.75025	0.55115	11.91528	1.08383	1	-0.00236	-0.00769	0.68321	0.00357	1	0.06490	-0.01258	0.67618	0.00378	1	1.45898	0.81042	0	
1270696	8569.73633	3306496961409	0.48696	0.29513	8569.55566	0.18066	11911	1	0.52155	0.27391	1	0.45184	0.28257	1	0.48669	0.27824	1	0.48994	0.52693	10.96632	1.08383	1	0.75020	0.55119	12.04053	1.07515	1	-0.00236	-0.00769	0.68321	0.00357	1	0.06490	-0.01258	0.67618	0.00377	1	1.45898	0.81042	0	
1270697	8569.74316	3306497028631	0.48696	0.29491	8569.55566	0.18750	11911	1	0.52246	0.28116	1	0.45158	0.29651	1	0.48702	0.28884	1	0.49018	0.52727	11.67912	1.07515	1	0.75023	0.55101	12.01829	1.05881	1	-0.00236	-0.00769	0.68321	0.00363	1	0.06289	-0.01215	0.65577	0.00374	1	1.45898	0.81042	0	
1270698	8569.75000	3306497095590	0.48706	0.29590	8569.55566	0.19434	11911	1	0.53991	0.34608	1	0.43960	0.30301	1	0.48976	0.32455	1	0.49002	0.52744	11.68392	1.05881	1	0.75003	0.55132	12.34586	1.05115	1	-0.00236	-0.00769	0.68321	0.00357	1	0.06289	-0.01215	0.65577	0.00379	1	1.45898	0.81042	0	
1270699	8569.75684	3306497162878	0.48727	0.29715	8569.55566	0.20117	11911	1	0.53532	0.35675	1	0.45175	0.31210	1	0.49354	0.33443	1	0.49003	0.52748	11.61870	1.05115	1	0.75020	0.55119	12.01940	1.04349	1	-0.00236	-0.00769	0.68321	0.00351	1	0.06289	-0.01215	0.65577	0.00373	1	1.45898	0.81042	0	
1270700	8569.76367	3306497229778	0.48747	0.29840	8569.55566	0.20801	11911	1	0.53607	0.36275	1	0.45175	0.31210	1	0.49391	0.33742	1	0.48994	0.52744	11.61895	1.04349	1	0.75025	0.55130	12.02158	1.04349	1	-0.00236	-0.00769	0.68321	0.00344	1	0.06490	-0.01258	0.67618	0.00372	1	1.45898	0.81042	0	
1270701	8569.77051	3306497296602	0.48816	0.30033	8569.55566	0.21484	11911	1	0.55413	0.39816	1	0.46632	0.32603	1	0.51022	0.36209	1	0.49028	0.52791	11.92272	1.04349	1	0.75048	0.55137	12.71680	1.05115	1	-0.00236	-0.00769	0.68321	0.00361	1	0.06490	-0.01258	0.67618	0.00369	1	1.45898	0.81042	0	
1270702	8569.77637	3306497363686	0.48797	0.29857	8569.55566	0.22070	11911	1	0.51336	0.14157	1	0.45000	0.33891	1	0.48168	0.24024	1	0.48988	0.52544	11.86023	1.05115	1	0.75016	0.55155	12.35291	1.05881	1	-0.00236	-0.00769	0.68321	0.00245	1	0.06490	-0.01258	0.67618	0.00367	1	1.45898	0.81042	0	
1270703	8569.78320	3306497430717	0.48777	0.29647	8569.55566	0.22754	11911	1	0.51146	0.12500	1	0.45024	0.32531	1	0.48085	0.22516	1	0.48988	0.52544	11.73176	1.06790	1	0.75055	0.55147	12.79688	1.07556	1	-0.00236	-0.00786	0.69904	0.00243	1	0.06490	-0.01258	0.67618	0.00363	1	1.45898	0.81042	0	
1270704	8569.79004	3306497498270	0.48833	0.29645	8569.55566	0.23438	11911	1	0.55947	0.29244	1	0.45654	0.29947	1	0.50801	0.29596	1	0.49040	0.52756	11.58677	1.08464	1	0.75033	0.55150	11.82740	1.08464	1	-0.00236	-0.00786	0.69904	0.00385	1	0.06490	-0.01258	0.67618	0.00368	1	1.45898	0.81042	0	
1270705	8569.79688	3306497563520	0.48837	0.29304	8569.55566	0.24121	11911	1	0.51597	0.10660	1	0.46361	0.23391	1	0.48979	0.17026	1	0.48990	0.52552	11.51995	1.09373	1	0.75036	0.55096	12.04318	1.09373	1	-0.00236	-0.00786	0.69904	0.00246	1	0.06490	-0.01258	0.67618	0.00391	1	1.45898	0.81042	0	
1270706	8569.80371	3306497631142	0.48840	0.28968	8569.55566	0.24805	11911	1	0.51499	0.09768	1	0.46364	0.23265	1	0.48932	0.16516	1	0.48987	0.52567	12.01068	1.10281	1	0.75074	0.55065	11.31805	1.09515	1	-0.00236	-0.00786	0.69904	0.00245	1	0.06278	-0.01216	0.65361	0.00401	1	1.45898	0.81042	0	
1270707	8569.81055	3306497699221	0.48880	0.28710	8569.55566	0.25488	11911	1	0.51150	0.11507	1	0.49678	0.26325	1	0.50414	0.18916	1	0.48987	0.52567	12.01068	1.09515	1	0.75090	0.55115	11.90315	1.08749	1	-0.00236	-0.00786	0.69904	0.00245	1	0.06278	-0.01216	0.65361	0.00381	1	1.45898	0.81042	0	
1270708	8569.81738	3306497765393	0.48940	0.28712	8569.55566	0.26172	11911	1	0.52380	0.33079	1	0.50206	0.24467	1	0.51293	0.28773	1	0.49030	0.52787	11.82611	1.08749	1	0.75100	0.55095	11.82397	1.07984	1	-0.00236	-0.00786	0.69904	0.00381	1	0.06278	-0.01216	0.65361	0.00392	1	1.45898	0.81042	0	
1270709	8569.82324	3306497832334	0.48999	0.28720	8569.55566	0.26758	11911	1	0.52459	0.33677	1	0.50206	0.24467	1	0.51332	0.29072	1	0.49004	0.52664	10.83345	1.07984	1	0.75108	0.55110	12.02578	1.07984	1	-0.00232	-0.00815	0.71986	0.00405	1	0.06480	-0.01254	0.67407	0.00392	1	1.45898	0.81042	0	
1270710	8569.83008	3306497899489	0.49085	0.28727	8569.55566	0.27441	11911	1	0.54325	0.30814	1	0.50958	0.27194	1	0.52642	0.29004	1	0.49023	0.52765	11.34926	1.07984	1	0.75109	0.55123	12.31934	1.08749	1	-0.00232	-0.00815	0.71986	0.00364	1	0.06480	-0.01254	0.67407	0.00381	1	1.45898	0.81042	0	
1270711	8569.83691	3306497966742	0.50090	0.25815	8569.55566	0.27441	11911	0	0.50435	0.23548	1	0.49614	0.25217	1	0.50025	0.24383	1	0.48998	0.52678	11.10125	1.08749	1	0.75095	0.55092	12.25666	1.09515	1	-0.00232	-0.00815	0.71986	0.00397	1	0.06480	-0.01254	0.67407	0.00386	1	1.45898	0.81042	0	
1270712	8569.84375	3306498032963	0.50045	0.24766	8569.55566	0.27441	11911	0	0.50346	0.22882	1	0.49656	0.24552	1	0.50001	0.23717	1	0.49004	0.52660	11.01605	1.09515	1	0.75106	0.55101	11.91512	1.10281	1	-0.00227	-0.00793	0.70524	0.00399	1	0.06480	-0.01254	0.67407	0.00383	1	1.45898	0.81042	0	
1270713	8569.85059	3306498100814	0.50525	0.25538	8569.55566	0.27441	11911	0	0.52438	0.26397	1	0.50533	0.27770	1	0.51486	0.27083	1	0.49038	0.52740	11.62335	1.10281	1	0.75107	0.55126	12.24919	1.10281	1	-0.00227	-0.00793	0.70524	0.00394	1	0.06480	-0.01254	0.67407	0.00379	1	1.45898	0.81042	0	
1270714	8569.85742	3306498167573	0.50532	0.25487	8569.83691	0.02051	11912	1	0.51253	0.22146	1	0.49848	0.28517	1	0.50550	0.25331	1	0.49016	0.52694	11.15115	1.10281	1	0.75098	0.55130	12.10391	1.10281	1	-0.00227	-0.00793	0.70524	0.00401	1	0.06480	-0.01254	0.67407	0.00376	1	1.45898	0.81042	0	
1270715	8569.86426	3306498234495	0.50535	0.25456	8569.83691	0.02734	11912	1	0.51253	0.22146	1	0.49848	0.28517	1	0.50550	0.25331	1	0.48998	0.52719	11.02643	1.10281	1	0.75101	0.55101	12.10503	1.10281	1	-0.00232	-0.00815	0.71986	0.00393	1	0.06480	-0.01254	0.67407	0.00384	1	1.45898	0.81042	0	
1270716	8569.87012	3306498301203	0.50461	0.24368	8569.83691	0.03320	11912	1	0.49847	0.10470	1	0.50337	0.27391	1	0.50092	0.18930	1	0.49003	0.52554	12.14942	1.10281	1	0.75102	0.55123	12.08188	1.10281	1	-0.00232	-0.00815	0.71986	0.00242	1	0.06480	-0.01254	0.67407	0.00394	1	1.45898	0.81042	0	
1270717	8569.87695	3306498368421	0.50396	0.23657	8569.83691	0.04004	11912	1	0.50212	0.11266	1	0.49793	0.27518	1	0.50003	0.19392	1	0.49006	0.52566	11.42195	1.10281	1	0.75103	0.55137	12.24712	1.10281	1	-0.00232	-0.00815	0.71986	0.00248	1	0.06480	-0.01254	0.67407	0.00372	1	1.45898	0.81042	0	
1270718	8569.88379	3306498435529	0.50347	0.23124	8569.83691	0.04688	11912	1	0.50212	0.11266	1	0.49793	0.27518	1	0.50003	0.19392	1	0.49012	0.52573	11.65871	1.10281	1	0.75111	0.55102	12.10715	1.10281	1	-0.00227	-0.00804	0.70524	0.00248	1	0.06480	-0.01254	0.67407	0.00385	1	1.45898	0.81042	0	
1270719	8569.89062	3306498501964	0.50328	0.22479	8569.83691	0.05371	11912	1	0.49147	0.09987	1	0.51217	0.24657	1	0.50182	0.17322	1	0.48984	0.52554	12.14259	1.10281	1	0.75122	0.55119	11.87658	1.10281	1	-0.00227	-0.00804	0.70524	0.00232	1	0.06480	-0.01254	0.67407	0.00406	1	1.45898	0.81042	0	
1270720	8569.89746	3306498569269	0.50321	0.22105	8569.83691	0.06055	11912	1	0.49495	0.10956	1	0.51016	0.26521	1	0.50256	0.18739	1	0.48991	0.52550	11.71395	1.10281	1	0.75111	0.55102	12.10715	1.10281	1	-0.00227	-0.00804	0.70524	0.00241	1	0.06480	-0.01254	0.67407	0.00385	1	1.45898	0.81042	0	
1270721	8569.90430	3306498636451	0.50318	0.21875	8569.83691	0.06738	11912	1	0.49606	0.11840	1	0.50955	0.27295	1	0.50281	0.19568	1	0.48999	0.52561	11.96115	1.09373	1	0.75107	0.55083	11.96271	1.09373	1	-0.00227	-0.00779	0.68828	0.00234	1	0.06480	-0.01254	0.67407	0.00388	1	1.45898	0.81042	0	
1270722	8569.91113	3306498703158	0.50298	0.22050	8569.83691	0.07422	11912	1	0.50727	0.15928	1	0.49441	0.32029	1	0.50084	0.23978	1	0.49011	0.52590	11.71033	1.08464	1	0.75095	0.55151	12.08261	1.08464	1	-0.00227	-0.00779	0.68828	0.00254	1	0.06480	-0.01254	0.67407	0.00407	1	1.45898	0.81042	0	
1270723	8569.91797	3306498770165	0.50314	0.22011	8569.83691	0.08105	11912	1	0.50191	0.14410	1	0.50826	0.28682	1	0.50508	0.21546	1	0.48998	0.52569	12.03700	1.07556	1	0.75112	0.55098	12.08798	1.07556	1	-0.00227	-0.00779	0.68828	0.00237	1	0.06480	-0.01254	0.67407	0.00388	1	1.45898	0.81042	0	
1270724	8569.92383	3306498837528	0.50328	0.21978	8569.83691	0.08691	11912	1	0.50191	0.14410	1	0.50826	0.28682	1	0.50508	0.21546	1	0.49004	0.52761	11.28306	1.07556	1	0.75080	0.55079	12.57011	1.07556	1	-0.00227	-0.00793	0.70524	0.00370	1	0.06480	-0.01254	0.67407	0.00375	1	1.45898	0.81042	0	
1270725	8569.93066	3306498904178	0.50242	0.22300	8569.83691	0.09375	11912	1	0.48430	0.28383	1	0.49631	0.25231	1	0.49030	0.26807	1	0.49001	0.52738	11.54060	1.08464	1	0.75091	0.55087	12.64414	1.08464	1	-0.00227	-0.00793	0.70524	0.00376	1	0.06480	-0.01254	0.67407	0.00383	1	1.45898	0.81042	0	
1270726	8569.93750	3306498970996	0.50287	0.22657	8569.83691	0.10059	11912	1	0.50498	0.32000	1	0.51425	0.24030	1	0.50962	0.28015	1	0.48997	0.52789	11.72456	1.09373	1	0.75119	0.55085	11.88986	1.09373	1	-0.00227	-0.00793	0.70524	0.00364	1	0.06480	-0.01254	0.67407	0.00394	1	1.45898	0.81042	0	
1270727	8569.94434	3306499038079	0.50325	0.22928	8569.83691	0.10742	11912	1	0.50392	0.31285	1	0.51489	0.23229	1	0.50941	0.27257	1	0.49026	0.52574	11.92622	1.10281	1	0.75105	0.55103	12.11256	1.10281	1	-0.00232	-0.00815	0.71986	0.00246	1	0.06480	-0.01254	0.67407	0.00384	1	1.45898	0.81042	0	
1270728	8569.95117	3306499105581	0.50308	0.23257	8569.83691	0.11426	11912	1	0.49801	0.30727	1	0.50231	0.26987	1	0.50016	0.28857	1	0.49019	0.52774	11.69816	1.10281	1	0.75107	0.55112	12.20106	1.10281	1	-0.00232	-0.00815	0.71986	0.00359	1	0.06480	-0.01254	0.67407	0.00381	1	1.45898	0.81042	0	
1270729	8569.95801	3306499172147	0.50260	0.23386	8569.83691	0.12109	11912	1	0.47821	0.24601	1	0.50969	0.26826	1	0.49395	0.25713	1	0.48998	0.52688	11.34274	1.10281	1	0.75113	0.55113	12.08532	1.10281	1	-0.00232	-0.00815	0.71986	0.00403	1	0.06480	-0.01254	0.67407	0.00383	1	1.45898	0.81042	0	
1270730	8569.96387	3306499237099	0.50217	0.23503	8569.83691	0.12695	11912	1	0.47821	0.24601	1	0.50969	0.26826	1	0.49395	0.25713	1	0.49009	0.52719	11.29882	1.10281	1	0.75097	0.55154	12.71998	1.10281	1	-0.00232	-0.00815	0.71986	0.00379	1	0.06480	-0.01254	0.67407	0.00362	1	1.45898	0.81042	0	
1270731	8569.97070	3306499301781	0.50173	0.23784	8569.83691	0.13379	11912	1	0.48072	0.27356	1	0.50509	0.31452	1	0.49291	0.29404	1	0.49004	0.52729	11.44808	1.10281	1	0.75107	0.55145	12.50327	1.10281	1	-0.00232	-0.00815	0.71986	0.00378	1	0.06480	-0.01254	0.67407	0.00363	1	1.45898	0.81042	0	
1270732	8569.97754	3306499369837	0.50180	0.23870	8569.83691	0.14062	11912	1	0.49192	0.28394	1	0.51482	0.22961	1	0.50337	0.25677	1	0.49020	0.52729	11.39817	1.10281	1	0.75120	0.55096	11.94902	1.10281	1	-0.00232	-0.00815	0.71986	0.00373	1	0.06480	-0.01254	0.67407	0.00385	1	1.45898	0.81042	0	
1270733	8569.98438	3306499436990	0.50186	0.23963	8569.83691	0.14746	11912	1	0.49192	0.28394	1	0.51428	0.23639	1	0.50310	0.26016	1	0.49006	0.52559	11.57801	1.10281	1	0.75115	0.55124	12.25693	1.09515	1	-0.00232	-0.00815	0.71986	0.00236	1	0.06340	-0.01226	0.65904	0.00369	1	1.45898	0.81042	0	
1270734	8569.99121	3306499504304	0.50127	0.24185	8569.83691	0.15430	11912	1	0.47279	0.28787	1	0.50276	0.29786	1	0.48777	0.29286	1	0.48991	0.52742	11.25868	1.09515	1	0.75105	0.55131	12.28145	1.08749	1	-0.00232	-0.00815	0.71986	0.00394	1	0.06340	-0.01226	0.65904	0.00369	1	1.45898	0.81042	0	
1270735	8569.99805	3306499571805	0.49844	0.27092	8569.83691	0.15430	11912	0	0.47971	0.31502	1	0.50355	0.30125	1	0.49163	0.30814	1	0.48991	0.52783	11.16766	1.08749	1	0.75112	0.55141	12.29446	1.07984	1	-0.00232	-0.00815	0.71986	0.00365	1	0.06340	-0.01226	0.65904	0.00355	1	1.45898	0.81042	0	
1270736	8570.00391	3306499638143	0.49547	0.29477	8569.83691	0.15430	11912	0	0.48201	0.32838	1	0.50299	0.30885	1	0.49250	0.31861	1	0.48997	0.52775	11.15911	1.07075	1	0.75107	0.55146	12.23790	1.07075	1	-0.00227	-0.00774	0.68828	0.00364	1	0.06480	-0.01254	0.67407	0.00357	1	1.45898	0.81042	0	
1270737	8570.01074	3306499705781	0.49719	0.30000	8569.83691	0.15430	11912	0	0.50174	0.33410	1	0.49954	0.28683	1	0.50064	0.31047	1	0.49022	0.52770	11.71775	1.06166	1	0.75100	0.55104	12.36961	1.06932	1	-0.00227	-0.00774	0.68828	0.00367	1	0.06480	-0.01254	0.67407	0.00385	1	1.45898	0.81042	0	
1270738	8570.01758	3306499771098	0.49982	0.30084	8569.99805	0.01953	11913	1	0.51207	0.29010	1	0.50336	0.31664	1	0.50772	0.30337	1	0.49040	0.52720	11.76649	1.06024	1	0.75113	0.55158	12.35872	1.06790	1	-0.00227	-0.00774	0.68828	0.00383	1	0.06480	-0.01254	0.67407	0.00357	1	1.45898	0.81042	0	
1270739	8570.02441	3306499837840	0.50136	0.30007	8569.99805	0.02637	11913	1	0.51120	0.28367	1	0.50384	0.31028	1	0.50752	0.29697	1	0.49001	0.52731	11.77779	1.06790	1	0.75090	0.55143	12.86149	1.07556	1	-0.00227	-0.00793	0.70524	0.00395	1	0.06480	-0.01254	0.67407	0.00358	1	1.45898	0.81042	0	
1270740	8570.03125	3306499908958	0.49969	0.29739	8569.99805	0.03320	11913	1	0.48302	0.28522	1	0.49968	0.28273	1	0.49135	0.28397	1	0.49000	0.52688	11.24662	1.08464	1	0.75096	0.55125	12.36127	1.08464	1	-0.00227	-0.00793	0.70524	0.00391	1	0.06480	-0.01254	0.67407	0.00362	1	1.45898	0.81042	0	
1270741	8570.03809	3306499975789	0.49947	0.28699	8569.99805	0.04004	11913	1	0.50256	0.19114	1	0.49376	0.25811	1	0.49816	0.22462	1	0.49004	0.52648	10.98666	1.09373	1	0.75091	0.55106	12.14418	1.09373	1	-0.00227	-0.00793	0.70524	0.00399	1	0.06480	-0.01254	0.67407	0.00382	1	1.45898	0.81042	0	
1270742	8570.04492	3306500043114	0.49927	0.27819	8569.99805	0.04688	11913	1	0.50149	0.18291	1	0.49423	0.25026	1	0.49786	0.21658	1	0.49009	0.52536	11.86291	1.10281	1	0.75088	0.55104	12.16407	1.10281	1	-0.00227	-0.00793	0.70524	0.00238	1	0.06480	-0.01254	0.67407	0.00381	1	1.45898	0.81042	0	
1270743	8570.05176	3306500110136	0.49943	0.28212	8569.99805	0.05371	11913	1	0.51229	0.35938	1	0.48905	0.26767	1	0.50067	0.31353	1	0.49010	0.52784	11.60777	1.10281	1	0.75084	0.55148	12.51372	1.10281	1	-0.00227	-0.00793	0.70524	0.00366	1	0.06480	-0.01254	0.67407	0.00368	1	1.45898	0.81042	0	
1270744	8570.05859	3306500176895	0.49932	0.28488	8569.99805	0.06055	11913	1	0.50756	0.35185	1	0.48905	0.26767	1	0.49830	0.30976	1	0.48991	0.52775	11.24500	1.10281	1	0.75084	0.55148	12.51372	1.10281	1	-0.00227	-0.00793	0.70524	0.00364	1	0.06480	-0.01254	0.67407	0.00368	1	1.45898	0.81042	0	
1270745	8570.06445	3306500244124	0.49925	0.28780	8569.99805	0.06641	11913	1	0.50860	0.35868	1	0.48862	0.27537	1	0.49861	0.31703	1	0.48994	0.52662	10.88111	1.09373	1	0.75069	0.55153	12.73501	1.09373	1	-0.00227	-0.00774	0.68828	0.00407	1	0.06490	-0.01258	0.67618	0.00364	1	1.45898	0.81042	0	SUBJECT_ONSET_LOG
1270746	8570.07129	3306500310837	0.49895	0.28943	8569.99805	0.07324	11913	1	0.51478	0.30964	1	0.47638	0.30493	1	0.49558	0.30728	1	0.49013	0.52717	11.40308	1.08464	1	0.75066	0.55148	13.11463	1.08464	1	-0.00227	-0.00774	0.68828	0.00336	1	0.06490	-0.01258	0.67618	0.00366	1	1.45898	0.81042	0	
1270747	8570.07812	3306500378303	0.49935	0.29242	8569.99805	0.08008	11913	1	0.53364	0.34887	1	0.47473	0.30778	1	0.50419	0.32833	1	0.49039	0.52766	11.66587	1.07556	1	0.75067	0.55148	12.87846	1.07556	1	-0.00227	-0.00774	0.68828	0.00361	1	0.06490	-0.01258	0.67618	0.00371	1	1.45898	0.81042	0	
1270748	8570.08496	3306500445190	0.49972	0.29525	8569.99805	0.08691	11913	1	0.53452	0.35589	1	0.47471	0.30812	1	0.50461	0.33200	1	0.49048	0.52765	11.80503	1.06647	1	0.75036	0.55166	13.15838	1.07515	1	-0.00227	-0.00774	0.68828	0.00373	1	0.06769	-0.01313	0.70581	0.00368	1	1.45898	0.81042	0	
1270749	8570.09180	3306500511638	0.50001	0.29663	8569.99805	0.09375	11913	1	0.53975	0.33040	1	0.46822	0.30165	1	0.50399	0.31603	1	0.49005	0.52731	11.18885	1.07515	1	0.75055	0.55160	13.39958	1.08383	1	-0.00227	-0.00774	0.68828	0.00363	1	0.06769	-0.01313	0.70581	0.00363	1	1.45898	0.81042	0	AUDIO_FILE_ONSET_LOG
1270750	8570.09863	3306500578681	0.50017	0.29849	8569.99805	0.10059	11913	1	0.55940	0.35783	1	0.44568	0.29502	1	0.50254	0.32642	1	0.49043	0.52771	12.10919	1.08383	1	0.75017	0.55156	12.67156	1.09251	1	-0.00227	-0.00774	0.68828	0.00364	1	0.06769	-0.01313	0.70581	0.00370	1	1.45898	0.81042	0	
1270751	8570.10547	3306500645378	0.50029	0.29994	8569.99805	0.10742	11913	1	0.55875	0.35126	1	0.44568	0.29502	1	0.50222	0.32314	1	0.49011	0.52771	11.40382	1.09251	1	0.75024	0.55065	12.24599	1.09251	1	-0.00236	-0.00769	0.68321	0.00365	1	0.06490	-0.01258	0.67618	0.00419	1	1.45898	0.81042	0	
1270752	8570.11133	3306500712802	0.50076	0.30049	8569.99805	0.11328	11913	1	0.54445	0.32209	1	0.47297	0.29746	1	0.50871	0.30977	1	0.49025	0.52786	11.82077	1.09251	1	0.75024	0.55150	12.35493	1.08383	1	-0.00236	-0.00769	0.68321	0.00366	1	0.06490	-0.01258	0.67618	0.00372	1	1.45898	0.81042	0	
1270753	8570.11816	3306500779548	0.50052	0.30189	8569.99805	0.12012	11913	1	0.51530	0.32978	1	0.47733	0.32445	1	0.49631	0.32711	1	0.48981	0.52761	11.06122	1.08383	1	0.75021	0.55162	12.68319	1.07515	1	-0.00236	-0.00769	0.68321	0.00362	1	0.06490	-0.01258	0.67618	0.00369	1	1.45898	0.81042	0	
1270754	8570.12500	3306500846716	0.50032	0.30296	8569.99805	0.12695	11913	1	0.51525	0.32946	1	0.47768	0.31704	1	0.49646	0.32325	1	0.48988	0.52770	11.93398	1.08424	1	0.75007	0.55131	12.76608	1.08424	1	-0.00245	-0.00787	0.69503	0.00363	1	0.06769	-0.01313	0.70581	0.00365	1	1.45898	0.81042	0	
1270755	8570.13184	3306500913208	0.50062	0.30255	8569.99805	0.13379	11913	1	0.51581	0.31476	1	0.49731	0.27386	1	0.50656	0.29431	1	0.48983	0.52793	11.91568	1.09332	1	0.75017	0.55128	12.80279	1.10200	1	-0.00245	-0.00787	0.69503	0.00369	1	0.06769	-0.01313	0.70581	0.00367	1	1.45898	0.81042	0	
1270756	8570.13867	3306500981072	0.50059	0.30051	8569.99805	0.14062	11913	1	0.50591	0.27129	1	0.49433	0.24439	1	0.50012	0.25784	1	0.48974	0.52751	11.86853	1.11109	1	0.75012	0.55129	12.74920	1.11977	1	-0.00245	-0.00787	0.69503	0.00380	1	0.06769	-0.01313	0.70581	0.00358	1	1.45898	0.81042	0	
1270757	8570.14551	3306501047160	0.50055	0.29850	8569.99805	0.14746	11913	1	0.50493	0.26418	1	0.49433	0.24439	1	0.49963	0.25428	1	0.48949	0.52727	11.51316	1.11977	1	0.75019	0.55144	12.78118	1.11977	1	-0.00243	-0.00766	0.67615	0.00377	1	0.06514	-0.01259	0.67978	0.00364	1	1.45898	0.81042	0	
1270758	8570.15137	3306501113476	0.50147	0.29873	8569.99805	0.15332	11913	1	0.55196	0.31463	1	0.49336	0.29334	1	0.52266	0.30399	1	0.48952	0.52782	11.47269	1.11068	1	0.75020	0.55142	12.32563	1.10200	1	-0.00243	-0.00766	0.67615	0.00361	1	0.06514	-0.01259	0.67978	0.00373	1	1.45898	0.81042	0	
1270759	8570.15820	3306501181603	0.50207	0.29753	8569.99805	0.16016	11913	1	0.54916	0.24587	1	0.48346	0.29131	1	0.51631	0.26859	1	0.48955	0.52701	11.45433	1.09292	1	0.74993	0.55147	12.87701	1.08424	1	-0.00243	-0.00766	0.67615	0.00407	1	0.06514	-0.01259	0.67978	0.00365	1	1.45898	0.81042	0	
1270760	8570.16504	3306501249401	0.50263	0.29699	8569.99805	0.16699	11913	1	0.55062	0.26103	1	0.48269	0.30624	1	0.51665	0.28363	1	0.48938	0.52740	11.09013	1.07515	1	0.74968	0.55159	13.37562	1.06647	1	-0.00243	-0.00766	0.67615	0.00394	1	0.06514	-0.01259	0.67978	0.00361	1	1.45898	0.81042	0	
1270761	8570.17188	3306501315418	0.50276	0.29558	8569.99805	0.17383	11913	1	0.53176	0.21755	1	0.48084	0.30026	1	0.50630	0.25890	1	0.48929	0.52648	10.96965	1.06647	1	0.74989	0.55138	12.97466	1.06647	1	-0.00243	-0.00766	0.67615	0.00399	1	0.06514	-0.01259	0.67978	0.00361	1	1.45898	0.81042	0	
1270762	8570.17871	3306501382555	0.50263	0.29676	8569.99805	0.18066	11913	1	0.54083	0.34311	1	0.45697	0.31375	1	0.49890	0.32843	1	0.48938	0.52777	11.25906	1.06647	1	0.74954	0.55131	12.16656	1.06647	1	-0.00243	-0.00766	0.67615	0.00361	1	0.06514	-0.01259	0.67978	0.00370	1	1.45898	0.81042	0	
1270763	8570.18555	3306501449235	0.50250	0.29772	8569.99805	0.18750	11913	1	0.54083	0.34311	1	0.45715	0.30653	1	0.49899	0.32482	1	0.48945	0.52828	11.32757	1.06647	1	0.74934	0.55179	12.67061	1.07515	1	-0.00255	-0.00781	0.68067	0.00366	1	0.06756	-0.01314	0.70671	0.00368	1	1.45898	0.81042	0	
1270764	8570.19141	3306501513102	0.50246	0.29844	8569.99805	0.19336	11913	1	0.53306	0.32262	1	0.46976	0.31589	1	0.50141	0.31925	1	0.48923	0.52764	11.57103	1.07515	1	0.74969	0.55155	13.27751	1.08383	1	-0.00255	-0.00781	0.68067	0.00375	1	0.06756	-0.01314	0.70671	0.00367	1	1.45898	0.81042	0	
1270765	8570.19824	3306501579152	0.50199	0.29835	8569.99805	0.20020	11913	1	0.53123	0.29272	1	0.44447	0.29822	1	0.48785	0.29547	1	0.48914	0.52767	11.57646	1.08383	1	0.74938	0.55158	12.64115	1.09251	1	-0.00255	-0.00781	0.68067	0.00375	1	0.06756	-0.01314	0.70671	0.00372	1	1.45898	0.81042	0	
1270766	8570.20508	3306501646698	0.50154	0.29814	8569.99805	0.20703	11913	1	0.53039	0.28562	1	0.44447	0.29822	1	0.48743	0.29192	1	0.48882	0.52656	11.36917	1.09251	1	0.74962	0.55067	12.44141	1.09251	1	-0.00256	-0.00788	0.68193	0.00403	1	0.06528	-0.01271	0.68341	0.00408	1	1.45898	0.81042	0	
1270767	8570.21191	3306501718020	0.50162	0.29745	8569.99805	0.21387	11913	1	0.49962	0.25776	1	0.50898	0.29246	1	0.50430	0.27511	1	0.48877	0.52723	11.58209	1.09251	1	0.74951	0.55144	12.36344	1.08383	1	-0.00256	-0.00788	0.68193	0.00384	1	0.06528	-0.01271	0.68341	0.00393	1	1.45898	0.81042	0	
1270768	8570.21875	3306501784319	0.50164	0.29708	8569.99805	0.22070	11913	1	0.49891	0.28341	1	0.50531	0.28627	1	0.50211	0.28484	1	0.48871	0.52715	11.49452	1.08383	1	0.74953	0.55121	12.02282	1.07515	1	-0.00256	-0.00788	0.68193	0.00388	1	0.06528	-0.01271	0.68341	0.00405	1	1.45898	0.81042	0	
1270769	8570.22559	3306501851609	0.50166	0.29693	8569.99805	0.22754	11913	1	0.49997	0.29060	1	0.50476	0.29368	1	0.50237	0.29214	1	0.48849	0.52817	11.61879	1.07515	1	0.74955	0.55126	12.02032	1.06647	1	-0.00265	-0.00784	0.67840	0.00368	1	0.06528	-0.01271	0.68341	0.00394	1	1.45898	0.81042	0	
1270770	8570.23242	3306501917049	0.50151	0.29714	8569.99805	0.23438	11913	1	0.49613	0.28755	1	0.49683	0.32121	1	0.49648	0.30438	1	0.48871	0.52725	11.58975	1.06647	1	0.74943	0.55135	12.03442	1.06647	1	-0.00265	-0.00784	0.67840	0.00371	1	0.06528	-0.01271	0.68341	0.00390	1	1.45898	0.81042	0	
1270771	8570.23926	3306501985357	0.50158	0.29621	8569.99805	0.24121	11913	1	0.49841	0.22271	1	0.50969	0.30264	1	0.50405	0.26267	1	0.48884	0.52690	11.66594	1.06647	1	0.74962	0.55129	11.92432	1.06647	1	-0.00265	-0.00784	0.67840	0.00360	1	0.06528	-0.01271	0.68341	0.00403	1	1.45898	0.81042	0	
1270772	8570.24609	3306502052337	0.50165	0.29533	8569.99805	0.24805	11913	1	0.49841	0.22271	1	0.50969	0.30264	1	0.50405	0.26267	1	0.48853	0.52752	11.20495	1.06647	1	0.74949	0.55114	12.17869	1.06647	1	-0.00265	-0.00784	0.67840	0.00357	1	0.06528	-0.01271	0.68341	0.00391	1	1.45898	0.81042	0	
1270773	8570.25195	3306502119434	0.50175	0.29556	8569.99805	0.25391	11913	1	0.51013	0.29448	1	0.50165	0.31449	1	0.50589	0.30448	1	0.48848	0.52785	11.94148	1.06647	1	0.74945	0.55140	12.16267	1.06647	1	-0.00265	-0.00784	0.67840	0.00355	1	0.06528	-0.01271	0.68341	0.00403	1	1.45898	0.81042	0	
1270774	8570.25879	3306502186297	0.50193	0.29545	8569.99805	0.26074	11913	1	0.53270	0.25894	1	0.48451	0.32334	1	0.50860	0.29114	1	0.48886	0.52745	11.76581	1.06647	1	0.74926	0.55150	12.36602	1.06647	1	-0.00265	-0.00784	0.67840	0.00365	1	0.06528	-0.01271	0.68341	0.00399	1	1.45898	0.81042	0	
1270775	8570.26562	3306502252929	0.50209	0.29535	8569.99805	0.26758	11913	1	0.53270	0.25894	1	0.48451	0.32334	1	0.50860	0.29114	1	0.48859	0.52760	11.50949	1.06647	1	0.74883	0.55138	12.97159	1.06647	1	-0.00265	-0.00784	0.67840	0.00358	1	0.06475	-0.01263	0.67884	0.00405	1	1.45898	0.81042	0	
1270776	8570.27246	3306502320306	0.50228	0.29517	8569.99805	0.27441	11913	1	0.54568	0.29661	1	0.47427	0.27920	1	0.50997	0.28791	1	0.48869	0.52808	11.71479	1.06647	1	0.74908	0.55098	12.72134	1.06647	1	-0.00265	-0.00784	0.67840	0.00355	1	0.06475	-0.01263	0.67884	0.00417	1	1.45898	0.81042	0	
1270777	8570.27930	3306502387172	0.50239	0.29621	8569.99805	0.28125	11913	1	0.53827	0.33596	1	0.47614	0.34396	1	0.50721	0.33996	1	0.48850	0.52818	11.96711	1.06647	1	0.74910	0.55183	12.93883	1.06647	1	-0.00265	-0.00784	0.67840	0.00352	1	0.06475	-0.01263	0.67884	0.00392	1	1.45898	0.81042	0	
1270778	8570.28613	3306502454569	0.50250	0.29728	8569.99805	0.28809	11913	1	0.53827	0.33596	1	0.47585	0.35012	1	0.50706	0.34304	1	0.48843	0.52780	11.07007	1.06647	1	0.74890	0.55195	12.22158	1.05881	1	-0.00276	-0.00787	0.68101	0.00365	1	0.06237	-0.01217	0.65447	0.00407	1	1.45898	0.81042	0	
1270779	8570.29297	3306502522389	0.50257	0.29840	8569.99805	0.29492	11913	1	0.53330	0.34341	1	0.47830	0.35271	1	0.50580	0.34806	1	0.48832	0.52808	12.11276	1.05881	1	0.74875	0.55196	12.41022	1.05115	1	-0.00276	-0.00787	0.68101	0.00357	1	0.06237	-0.01217	0.65447	0.00399	1	1.45898	0.81042	0	
1270780	8570.29980	3306502588895	0.50292	0.29986	8569.99805	0.30176	11913	1	0.53967	0.35727	1	0.49720	0.37322	1	0.51843	0.36524	1	0.48851	0.52856	11.53726	1.05115	1	0.74868	0.55181	12.38092	1.04349	1	-0.00276	-0.00787	0.68101	0.00364	1	0.06237	-0.01217	0.65447	0.00394	1	1.45898	0.81042	0	
1270781	8570.30566	3306502654932	0.50325	0.30131	8569.99805	0.30762	11913	1	0.54038	0.36326	1	0.49720	0.37322	1	0.51879	0.36824	1	0.48810	0.52875	11.91390	1.04349	1	0.74858	0.55184	12.86106	1.04349	1	-0.00295	-0.00818	0.70350	0.00353	1	0.06551	-0.01285	0.68796	0.00391	1	1.45898	0.81042	0	
1270782	8570.31250	3306502722202	0.50305	0.30108	8569.99805	0.31445	11913	1	0.49638	0.23020	1	0.49043	0.35003	1	0.49341	0.29012	1	0.48791	0.52737	11.62941	1.04349	1	0.74850	0.55212	12.93812	1.05115	1	-0.00295	-0.00818	0.70350	0.00412	1	0.06551	-0.01285	0.68796	0.00386	1	1.45898	0.81042	0	
1270783	8570.31934	3306502789116	0.50328	0.30244	8569.99805	0.32129	11913	1	0.52871	0.34845	1	0.48997	0.32394	1	0.50934	0.33619	1	0.48787	0.52871	11.74588	1.05115	1	0.74855	0.55132	12.05371	1.05881	1	-0.00295	-0.00818	0.70350	0.00365	1	0.06551	-0.01285	0.68796	0.00410	1	1.45898	0.81042	0	
1270784	8570.32617	3306502856253	0.50362	0.30274	8569.99805	0.32812	11913	1	0.52793	0.34239	1	0.48997	0.32394	1	0.50895	0.33317	1	0.48768	0.52816	11.19144	1.05881	1	0.74799	0.55177	13.06352	1.05881	1	-0.00295	-0.00818	0.70350	0.00402	1	0.06254	-0.01222	0.65725	0.00384	1	1.45898	0.81042	0	
1270785	8570.33301	3306502923098	0.50367	0.30237	8569.99805	0.33496	11913	1	0.54035	0.25940	1	0.46624	0.32562	1	0.50330	0.29251	1	0.48778	0.52784	10.96996	1.05881	1	0.74811	0.55196	13.13039	1.05115	1	-0.00295	-0.00818	0.70350	0.00413	1	0.06254	-0.01222	0.65725	0.00387	1	1.45898	0.81042	0	
1270786	8570.33984	3306502990059	0.50489	0.32951	8569.99805	0.33496	11913	0	0.54035	0.25940	0	0.46780	0.35856	1	0.46780	0.35856	1	0.48778	0.52784	10.96996	1.05115	0	0.74821	0.55160	12.78221	1.04349	1	-0.00295	-0.00818	0.70350	0.00413	1	0.06254	-0.01222	0.65725	0.00387	1	1.45898	0.81042	0	
1270787	8570.34570	3306503056675	0.50489	0.32951	8569.99805	0.33496	11913	0	0.54035	0.25940	0	0.46780	0.35856	0	0.46780	0.35856	0	0.48778	0.52784	10.96996	1.04349	0	0.74821	0.55160	12.78221	1.03583	0	-0.00295	-0.00818	0.70350	0.00413	1	0.06254	-0.01222	0.65725	0.00387	1	1.45898	0.81042	0	
1270788	8570.35254	3306503123940	0.50489	0.32951	8569.99805	0.33496	11913	0	0.54035	0.25940	0	0.46780	0.35856	0	0.46780	0.35856	0	0.48778	0.52784	10.96996	1.03583	0	0.74821	0.55160	12.78221	1.03583	0	-0.00295	-0.00818	0.70350	0.00413	1	0.06254	-0.01222	0.65725	0.00387	1	1.45898	0.81042	0	
1270789	8570.35938	3306503190593	0.00000	0.00000	8569.99805	0.33496	11913	0	0.54035	0.25940	0	0.46780	0.35856	0	0.46780	0.35856	0	0.48778	0.52784	10.96996	1.03583	0	0.74821	0.55160	12.78221	1.03583	0	-0.00295	-0.00818	0.70350	0.00413	1	0.06254	-0.01222	0.65725	0.00387	1	1.45898	0.81042	0	
1270790	8570.36621	3306503254940	0.00000	0.00000	8569.99805	0.33496	11913	0	0.54035	0.25940	0	0.46780	0.35856	0	0.46780	0.35856	0	0.48778	0.52784	10.96996	1.03583	0	0.74821	0.55160	12.78221	1.03583	0	-0.00295	-0.00818	0.70350	0.00413	1	0.06254	-0.01222	0.65725	0.00387	1	1.45898	0.81042	0	
1270791	8570.37207	3306503320219	0.00000	0.00000	8569.99805	0.33496	11913	0	0.54035	0.25940	0	0.46780	0.35856	0	0.46780	0.35856	0	0.48778	0.52784	10.96996	1.03583	0	0.74821	0.55160	12.78221	1.03583	0	-0.00295	-0.00818	0.70350	0.00413	1	0.06254	-0.01222	0.65725	0.00387	1	1.45898	0.81042	0	
1270792	8570.37891	3306503388037	0.00000	0.00000	8569.99805	0.33496	11913	0	0.54035	0.25940	0	0.46780	0.35856	0	0.46780	0.35856	0	0.48778	0.52784	10.96996	1.03583	0	0.74821	0.55160	12.78221	1.03583	0	-0.00295	-0.00818	0.70350	0.00413	1	0.06254	-0.01222	0.65725	0.00387	1	1.45898	0.81042	0	
1270793	8570.38672	3306503459603	0.00000	0.00000	8569.99805	0.33496	11913	0	0.54035	0.25940	0	0.46780	0.35856	0	0.46780	0.35856	0	0.48778	0.52784	10.96996	1.03583	0	0.74821	0.55160	12.78221	1.03583	0	-0.00295	-0.00818	0.70350	0.00413	1	0.06254	-0.01222	0.65725	0.00387	1	1.45898	0.81042	0	
1270794	8570.39355	3306503526447	0.00000	0.00000	8569.99805	0.33496	11913	0	0.54035	0.25940	0	0.46780	0.35856	0	0.46780	0.35856	0	0.48778	0.52784	10.96996	1.03583	0	0.74821	0.55160	12.78221	1.03583	0	-0.00295	-0.00818	0.70350	0.00413	1	0.06254	-0.01222	0.65725	0.00387	1	1.45898	0.81042	0	
1270795	8570.39941	3306503589226	0.00000	0.00000	8569.99805	0.33496	11913	0	0.54035	0.25940	0	0.46780	0.35856	0	0.46780	0.35856	0	0.48778	0.52784	10.96996	1.03583	0	0.74821	0.55160	12.78221	1.03583	0	-0.00295	-0.00818	0.70350	0.00413	1	0.06254	-0.01222	0.65725	0.00387	1	1.45898	0.81042	0	
1270796	8570.40625	3306503656953	0.25257	0.15948	8569.99805	0.33496	11913	0	0.54247	0.27935	1	0.46780	0.35856	1	0.50513	0.31896	1	0.48768	0.52858	11.30841	1.03583	1	0.74774	0.55218	12.54797	1.04349	1	-0.00286	-0.00807	0.68133	0.00359	1	0.06421	-0.01268	0.67644	0.00387	1	1.45898	0.81042	0	
1270797	8570.41211	3306503720111	0.33680	0.22880	8569.99805	0.33496	11913	0	0.54706	0.35064	1	0.46349	0.38427	1	0.50528	0.36745	1	0.48780	0.52879	11.93262	1.04349	1	0.74804	0.55239	12.79692	1.05115	1	-0.00286	-0.00807	0.68133	0.00351	1	0.06421	-0.01268	0.67644	0.00377	1	1.45898	0.81042	0	
1270798	8570.41992	3306503793869	0.49866	0.33721	8569.99805	0.33496	11913	0	0.50355	0.31092	1	0.46760	0.33952	1	0.48557	0.32522	1	0.48755	0.52855	11.47816	1.05115	1	0.74817	0.55223	12.75811	1.05881	1	-0.00286	-0.00807	0.68133	0.00368	1	0.06421	-0.01268	0.67644	0.00372	1	1.45898	0.81042	0	
1270799	8570.42676	3306503859766	0.49194	0.32807	8569.99805	0.33496	11913	0	0.50261	0.30458	1	0.46783	0.33329	1	0.48522	0.31894	1	0.48779	0.52837	11.59215	1.05881	1	0.74819	0.55217	12.61098	1.06647	1	-0.00286	-0.00807	0.68133	0.00364	1	0.06380	-0.01258	0.67107	0.00376	1	1.45898	0.81042	0	
1270800	8570.43359	3306503927853	0.48997	0.32314	8569.99805	0.33496	11913	0	0.49960	0.29135	1	0.47248	0.33519	1	0.48604	0.31327	1	0.48752	0.52812	10.97170	1.06647	1	0.74817	0.55216	12.61097	1.06647	1	-0.00286	-0.00807	0.68133	0.00364	1	0.06380	-0.01258	0.67107	0.00376	1	1.45898	0.81042	0	
1270801	8570.43945	3306503994281	0.49207	0.31896	8570.41992	0.01953	11914	1	0.52075	0.30940	1	0.47594	0.30348	1	0.49834	0.30644	1	0.48779	0.52837	11.59215	1.06647	1	0.74825	0.55198	12.41709	1.06647	1	-0.00286	-0.00807	0.68133	0.00364	1	0.06380	-0.01258	0.67107	0.00381	1	1.45898	0.81042	0	
1270802	8570.44629	3306504058635	0.49332	0.31646	8570.41992	0.02637	11914	1	0.52075	0.30940	1	0.47594	0.30348	1	0.49834	0.30644	1	0.48785	0.52852	11.67041	1.06647	1	0.74804	0.55224	13.01239	1.06647	1	-0.00286	-0.00807	0.68133	0.00361	1	0.06551	-0.01295	0.68796	0.00385	1	1.45898	0.81042	0	
1270803	8570.45312	3306504128916	0.49339	0.32163	8570.41992	0.03320	11914	1	0.51413	0.36601	1	0.47335	0.32892	1	0.49374	0.34746	1	0.48810	0.52907	12.38303	1.06647	1	0.74823	0.55244	12.91485	1.06647	1	-0.00286	-0.00807	0.68133	0.00359	1	0.06551	-0.01295	0.68796	0.00376	1	1.45898	0.81042	0	
1270804	8570.45996	3306504195868	0.49430	0.32548	8570.41992	0.04004	11914	1	0.52514	0.35150	1	0.47438	0.34570	1	0.49976	0.34860	1	0.48828	0.52900	12.43076	1.06647	1	0.74832	0.55221	12.61819	1.06647	1	-0.00286	-0.00807	0.68133	0.00366	1	0.06551	-0.01295	0.68796	0.00384	1	1.45898	0.81042	0	
1270805	8570.46680	3306504263323	0.49495	0.32747	8570.41992	0.04688	11914	1	0.52420	0.34445	1	0.47471	0.33841	1	0.49945	0.34143	1	0.48803	0.52871	11.97170	1.07556	1	0.74823	0.55225	12.64421	1.07556	1	-0.00283	-0.00812	0.68564	0.00374	1	0.06551	-0.01295	0.68796	0.00386	1	1.45898	0.81042	0	
1270806	8570.47363	3306504330735	0.49344	0.32341	8570.41992	0.05371	11914	1	0.49659	0.28622	1	0.46626	0.29563	1	0.48143	0.29093	1	0.48790	0.52847	11.87170	1.08464	1	0.74807	0.55232	12.88951	1.08464	1	-0.00283	-0.00812	0.68564	0.00373	1	0.06551	-0.01295	0.68796	0.00383	1	1.45898	0.81042	0	
1270807	8570.48047	3306504396780	0.49225	0.31915	8570.41992	0.06055	11914	1	0.49870	0.27736	1	0.46435	0.28428	1	0.48153	0.28082	1	0.48794	0.52834	11.72478	1.09373	1	0.74804	0.55228	12.77596	1.09373	1	-0.00283	-0.00812	0.68564	0.00384	1	0.06551	-0.01295	0.68796	0.00388	1	1.45898	0.81042	0	
1270808	8570.48730	3306504463667	0.49128	0.31567	8570.41992	0.06738	11914	1	0.49870	0.27736	1	0.46435	0.28428	1	0.48153	0.28082	1	0.48812	0.52812	11.89924	1.09373	1	0.74867	0.55197	12.64775	1.09373	1	-0.00276	-0.00808	0.68164	0.00389	1	0.06551	-0.01295	0.68796	0.00378	1	1.45898	0.81042	0	
1270809	8570.49316	3306504530823	0.49136	0.31443	8570.41992	0.07324	11914	1	0.51541	0.29524	1	0.46917	0.30645	1	0.49229	0.30084	1	0.48824	0.52854	12.26278	1.08464	1	0.74820	0.55236	13.07241	1.08464	1	-0.00276	-0.00808	0.68164	0.00378	1	0.06551	-0.01295	0.68796	0.00369	1	1.45898	0.81042	0	
1270810	8570.50000	3306504597561	0.49086	0.31457	8570.41992	0.08008	11914	1	0.50960	0.30811	1	0.46020	0.32429	1	0.48490	0.31620	1	0.48809	0.52850	11.93118	1.07556	1	0.74851	0.55213	11.95413	1.07556	1	-0.00276	-0.00808	0.68164	0.00382	1	0.06551	-0.01295	0.68796	0.00384	1	1.45898	0.81042	0	
1270811	8570.50684	3306504665022	0.49048	0.31496	8570.41992	0.08691	11914	1	0.51064	0.31549	1	0.46019	0.32462	1	0.48542	0.32005	1	0.48856	0.52881	11.65948	1.06647	1	0.74864	0.55170	12.44874	1.07515	1	-0.00270	-0.00804	0.69174	0.00384	1	0.06740	-0.01326	0.70726	0.00403	1	1.45898	0.81042	0	
1270812	8570.51367	3306504730967	0.49051	0.31395	8570.41992	0.09375	11914	1	0.53190	0.29276	1	0.44996	0.30673	1	0.49093	0.29974	1	0.48844	0.52839	11.21026	1.07515	1	0.74863	0.55209	12.56246	1.08383	1	-0.00270	-0.00804	0.69174	0.00403	1	0.06740	-0.01326	0.70726	0.00404	1	1.45898	0.81042	0	
1270813	8570.52051	3306504798453	0.49058	0.31077	8570.41992	0.10059	11914	1	0.53547	0.26006	1	0.44804	0.26607	1	0.49176	0.26307	1	0.48856	0.52815	11.32867	1.08383	1	0.74859	0.55171	12.20492	1.09251	1	-0.00270	-0.00804	0.69174	0.00398	1	0.06740	-0.01326	0.70726	0.00406	1	1.45898	0.81042	0	
1270814	8570.52734	3306504865338	0.49063	0.30774	8570.41992	0.10742	11914	1	0.53466	0.25269	1	0.44804	0.26607	1	0.49135	0.25938	1	0.48886	0.52867	11.82854	1.09251	1	0.74907	0.55180	12.70109	1.09251	1	-0.00270	-0.00804	0.69174	0.00361	1	0.06551	-0.01283	0.68689	0.00383	1	1.45898	0.81042	0	
1270815	8570.53418	3306504932460	0.49125	0.30722	8570.41992	0.11426	11914	1	0.51641	0.32050	1	0.48727	0.27615	1	0.50184	0.29832	1	0.48897	0.52875	12.14553	1.09251	1	0.74920	0.55183	12.75399	1.08383	1	-0.00270	-0.00804	0.69174	0.00364	1	0.06551	-0.01283	0.68689	0.00394	1	1.45898	0.81042	0	
1270816	8570.54004	3306504999578	0.49113	0.30890	8570.41992	0.12012	11914	1	0.51186	0.32614	1	0.46605	0.35218	1	0.48895	0.33916	1	0.48891	0.52878	12.21682	1.08383	1	0.74895	0.55216	13.22073	1.07515	1	-0.00270	-0.00804	0.69174	0.00355	1	0.06551	-0.01283	0.68689	0.00387	1	1.45898	0.81042	0	
1270817	8570.54688	3306505066529	0.49102	0.31040	8570.41992	0.12695	11914	1	0.51181	0.32582	1	0.46606	0.35186	1	0.48894	0.33884	1	0.48908	0.52869	12.39903	1.08424	1	0.74907	0.55220	12.75794	1.07556	1	-0.00268	-0.00820	0.70076	0.00362	1	0.06569	-0.01284	0.68764	0.00384	1	1.45898	0.81042	0	
1270818	8570.55371	3306505133108	0.49171	0.31048	8570.41992	0.13379	11914	1	0.52821	0.32775	1	0.48280	0.29642	1	0.50550	0.31209	1	0.48923	0.52886	12.88289	1.08464	1	0.74913	0.55189	12.52895	1.08464	1	-0.00268	-0.00820	0.70076	0.00357	1	0.06569	-0.01284	0.68764	0.00405	1	1.45898	0.81042	0	
1270819	8570.56055	3306505200312	0.49156	0.31156	8570.41992	0.14062	11914	1	0.51025	0.32594	1	0.46640	0.34272	1	0.48832	0.33433	1	0.48884	0.52896	12.11080	1.09373	1	0.74889	0.55236	12.73842	1.09373	1	-0.00268	-0.00820	0.70076	0.00359	1	0.06569	-0.01284	0.68764	0.00388	1	1.45898	0.81042	0	
1270820	8570.56738	3306505267364	0.49142	0.31255	8570.41992	0.14746	11914	1	0.51025	0.32594	1	0.46640	0.34272	1	0.48832	0.33433	1	0.48909	0.52875	12.34071	1.09373	1	0.74937	0.55200	12.18501	1.09373	1	-0.00255	-0.00791	0.68066	0.00360	1	0.06569	-0.01284	0.68764	0.00379	1	1.45898	0.81042	0	
1270821	8570.57422	3306505334346	0.49211	0.31218	8570.41992	0.15430	11914	1	0.51459	0.27733	1	0.50132	0.32998	1	0.50796	0.30365	1	0.48897	0.52779	11.42551	1.08464	1	0.74940	0.55231	12.60515	1.08464	1	-0.00255	-0.00791	0.68066	0.00399	1	0.06569	-0.01284	0.68764	0.00377	1	1.45898	0.81042	0	
1270822	8570.58105	3306505401442	0.49351	0.31433	8570.41992	0.16113	11914	1	0.55628	0.39296	1	0.49819	0.33861	1	0.52723	0.36578	1	0.48954	0.52894	11.51821	1.07556	1	0.74940	0.55224	12.24929	1.07556	1	-0.00255	-0.00791	0.68066	0.00365	1	0.06569	-0.01284	0.68764	0.00387	1	1.45898	0.81042	0	
1270823	8570.58691	3306505468259	0.49481	0.31657	8570.41992	0.16699	11914	1	0.55699	0.39959	1	0.49767	0.34592	1	0.52733	0.37275	1	0.48915	0.52862	11.01005	1.06647	1	0.74936	0.55181	12.31322	1.06647	1	-0.00245	-0.00787	0.68113	0.00366	1	0.06539	-0.01276	0.68348	0.00400	1	1.45898	0.81042	0	
1270824	8570.59375	3306505535322	0.49457	0.31641	8570.41992	0.17383	11914	1	0.53112	0.34604	1	0.44530	0.27812	1	0.48821	0.31208	1	0.48961	0.52837	11.93896	1.06647	1	0.74937	0.55175	12.27449	1.06647	1	-0.00245	-0.00787	0.68113	0.00342	1	0.06539	-0.01276	0.68348	0.00405	1	1.45898	0.81042	0	
1270825	8570.60059	3306505602746	0.49454	0.31632	8570.41992	0.18066	11914	1	0.53588	0.33106	1	0.45195	0.29678	1	0.49392	0.31392	1	0.48967	0.52827	12.33195	1.06647	1	0.74944	0.55158	12.23873	1.06647	1	-0.00245	-0.00787	0.68113	0.00342	1	0.06539	-0.01276	0.68348	0.00396	1	1.45898	0.81042	0	
1270826	8570.60742	3306505670498	0.49451	0.31598	8570.41992	0.18750	11914	1	0.53502	0.32384	1	0.45210	0.28909	1	0.49356	0.30646	1	0.48970	0.52862	12.09824	1.07556	1	0.74963	0.55208	12.99839	1.07556	1	-0.00247	-0.00809	0.70039	0.00362	1	0.06539	-0.01276	0.68348	0.00387	1	1.45898	0.81042	0	
1270827	8570.61426	3306505737162	0.49451	0.31626	8570.41992	0.19434	11914	1	0.52029	0.32284	1	0.46855	0.32568	1	0.49442	0.32426	1	0.48983	0.52834	12.01384	1.08464	1	0.74974	0.55217	13.04059	1.08464	1	-0.00247	-0.00809	0.70039	0.00352	1	0.06539	-0.01276	0.68348	0.00383	1	1.45898	0.81042	0	
1270828	8570.62109	3306505803055	0.49475	0.31610	8570.41992	0.20117	11914	1	0.52647	0.33612	1	0.47792	0.28683	1	0.50220	0.31147	1	0.48990	0.52839	11.98614	1.09373	1	0.74983	0.55179	12.94606	1.09373	1	-0.00247	-0.00809	0.70039	0.00357	1	0.06539	-0.01276	0.68348	0.00407	1	1.45898	0.81042	0	
1270829	8570.62793	3306505871067	0.49499	0.31596	8570.41992	0.20801	11914	1	0.52647	0.33612	1	0.47792	0.28683	1	0.50220	0.31147	1	0.48990	0.52818	12.13509	1.09373	1	0.75017	0.55188	12.32329	1.09373	1	-0.00236	-0.00789	0.68321	0.00361	1	0.06495	-0.01261	0.67783	0.00399	1	1.45898	0.81042	0	
1270830	8570.63477	3306505938168	0.49564	0.31558	8570.41992	0.21484	11914	1	0.54212	0.33544	1	0.49097	0.27181	1	0.51655	0.30362	1	0.49011	0.52828	11.69708	1.08464	1	0.75009	0.55161	12.11871	1.08464	1	-0.00236	-0.00789	0.68321	0.00355	1	0.06495	-0.01261	0.67783	0.00391	1	1.45898	0.81042	0	
1270831	8570.64062	3306506004404	0.49612	0.31567	8570.41992	0.22070	11914	1	0.52604	0.32841	1	0.49786	0.30901	1	0.51195	0.31871	1	0.48990	0.52818	12.13509	1.07556	1	0.75020	0.55192	12.33939	1.07556	1	-0.00236	-0.00789	0.68321	0.00361	1	0.06495	-0.01261	0.67783	0.00398	1	1.45898	0.81042	0	
1270832	8570.64746	3306506071070	0.49657	0.31576	8570.41992	0.22754	11914	1	0.52604	0.32841	1	0.49786	0.30901	1	0.51195	0.31871	1	0.49018	0.52808	11.75638	1.07556	1	0.75015	0.55212	12.39723	1.07556	1	-0.00236	-0.00807	0.69903	0.00357	1	0.06514	-0.01269	0.67978	0.00383	1	1.45898	0.81042	0	
1270833	8570.65430	3306506138066	0.49730	0.31588	8570.41992	0.23438	11914	1	0.55092	0.30530	1	0.49486	0.33505	1	0.52289	0.32017	1	0.49034	0.52809	12.11001	1.08464	1	0.75019	0.55232	12.40448	1.08464	1	-0.00236	-0.00807	0.69903	0.00357	1	0.06514	-0.01269	0.67978	0.00389	1	1.45898	0.81042	0	
1270834	8570.66113	3306506206595	0.49810	0.31600	8570.41992	0.24121	11914	1	0.54607	0.31143	1	0.50739	0.32867	1	0.52673	0.32005	1	0.49023	0.52814	11.70532	1.09373	1	0.75032	0.55231	12.18815	1.09373	1	-0.00236	-0.00807	0.69903	0.00353	1	0.06514	-0.01269	0.67978	0.00386	1	1.45898	0.81042	0	
1270835	8570.66797	3306506273518	0.49886	0.31601	8570.41992	0.24805	11914	1	0.54607	0.31143	1	0.50794	0.32172	1	0.52701	0.31657	1	0.49006	0.52827	12.35563	1.09373	1	0.75033	0.55224	12.51955	1.10241	1	-0.00227	-0.00795	0.68827	0.00342	1	0.06658	-0.01296	0.69423	0.00379	1	1.45898	0.81042	0	
1270836	8570.67480	3306506340184	0.49886	0.31571	8570.41992	0.25488	11914	1	0.51241	0.29316	1	0.48531	0.31512	1	0.49886	0.30414	1	0.49016	0.52790	12.03808	1.09332	1	0.75037	0.55222	12.54078	1.10200	1	-0.00227	-0.00795	0.68827	0.00345	1	0.06658	-0.01296	0.69423	0.00382	1	1.45898	0.81042	0	
1270837	8570.68066	3306506405662	0.49907	0.31556	8570.41992	0.26074	11914	1	0.52503	0.30182	1	0.48941	0.31812	1	0.50722	0.30997	1	0.49029	0.52793	11.64521	1.09292	1	0.75043	0.55234	12.53219	1.10160	1	-0.00227	-0.00795	0.68827	0.00350	1	0.06658	-0.01296	0.69423	0.00389	1	1.45898	0.81042	0	
1270838	8570.68750	3306506472823	0.49926	0.31552	8570.41992	0.26758	11914	1	0.52507	0.30215	1	0.48898	0.32541	1	0.50702	0.31378	1	0.49010	0.52635	11.73340	1.09251	1	0.75037	0.55173	11.95684	1.09251	1	-0.00227	-0.00795	0.68827	0.00239	1	0.06535	-0.01272	0.68089	0.00411	1	1.45898	0.81042	0	
1270839	8570.69434	3306506539678	0.49879	0.31406	8570.41992	0.27441	11914	1	0.49902	0.25098	1	0.46001	0.25742	1	0.47951	0.25420	1	0.48988	0.52743	10.98672	1.09251	1	0.75033	0.55161	11.89422	1.08383	1	-0.00227	-0.00795	0.68827	0.00385	1	0.06535	-0.01272	0.68089	0.00409	1	1.45898	0.81042	0	
1270840	8570.70117	3306506607983	0.49853	0.31260	8570.41992	0.28125	11914	1	0.50502	0.21268	1	0.47036	0.29027	1	0.48769	0.25147	1	0.49000	0.52722	11.15894	1.08383	1	0.75046	0.55190	12.13009	1.07515	1	-0.00227	-0.00795	0.68827	0.00370	1	0.06535	-0.01272	0.68089	0.00409	1	1.45898	0.81042	0	
1270841	8570.70801	3306506675526	0.49830	0.31139	8570.41992	0.28809	11914	1	0.50604	0.22044	1	0.47008	0.29762	1	0.48806	0.25903	1	0.49010	0.52765	11.55912	1.07515	1	0.75037	0.55196	12.47561	1.06647	1	-0.00227	-0.00795	0.68827	0.00369	1	0.06490	-0.01258	0.67618	0.00403	1	1.45898	0.81042	0	
1270842	8570.71484	3306506741450	0.49809	0.31180	8570.41992	0.29492	11914	1	0.51189	0.30890	1	0.46616	0.35104	1	0.48902	0.32997	1	0.49006	0.52801	11.55999	1.06647	1	0.75044	0.55206	12.38445	1.06647	1	-0.00227	-0.00795	0.68827	0.00348	1	0.06490	-0.01258	0.67618	0.00405	1	1.45898	0.81042	0	
1270843	8570.72168	3306506807884	0.49798	0.31181	8570.41992	0.30176	11914	1	0.52450	0.32567	1	0.46191	0.29917	1	0.49321	0.31242	1	0.49030	0.52804	12.29618	1.06647	1	0.75040	0.55180	11.98767	1.06647	1	-0.00227	-0.00795	0.68827	0.00349	1	0.06490	-0.01258	0.67618	0.00403	1	1.45898	0.81042	0	
1270844	8570.72754	3306506875024	0.49788	0.31175	8570.41992	0.30762	11914	1	0.52450	0.32567	1	0.46213	0.29183	1	0.49332	0.30875	1	0.49032	0.52826	12.34822	1.06647	1	0.75043	0.55158	11.86901	1.07515	1	-0.00227	-0.00795	0.68827	0.00346	1	0.06769	-0.01313	0.70581	0.00409	1	1.45898	0.81042	0	
1270845	8570.73438	3306506942004	0.49777	0.30977	8570.41992	0.31445	11914	1	0.52309	0.14480	1	0.46166	0.28893	1	0.49238	0.21687	1	0.49037	0.52623	11.84256	1.07515	1	0.75041	0.55187	12.16851	1.08383	1	-0.00227	-0.00795	0.68827	0.00249	1	0.06769	-0.01313	0.70581	0.00409	1	1.45898	0.81042	0	
1270846	8570.74121	3306507005362	0.49742	0.30793	8570.41992	0.32129	11914	1	0.49611	0.21239	1	0.46765	0.28542	1	0.48188	0.24891	1	0.49022	0.52708	11.77701	1.08383	1	0.75043	0.55170	12.06816	1.09251	1	-0.00227	-0.00795	0.68827	0.00375	1	0.06769	-0.01313	0.70581	0.00398	1	1.45898	0.81042	0	
1270847	8570.74805	3306507073263	0.49164	0.27924	8570.41992	0.32129	11914	0	0.49503	0.20462	1	0.46791	0.27815	1	0.48147	0.24139	1	0.49016	0.52708	11.62723	1.09251	1	0.75075	0.55228	12.89880	1.10119	1	-0.00227	-0.00795	0.68827	0.00376	1	0.06769	-0.01313	0.70581	0.00390	1	1.45898	0.81042	0	
1270848	8570.75488	3306507141466	0.49444	0.27678	8570.41992	0.32129	11914	0	0.50852	0.26276	1	0.48595	0.28589	1	0.49724	0.27432	1	0.49011	0.52784	11.71377	1.10119	1	0.75073	0.55187	12.53360	1.10119	1	-0.00227	-0.00795	0.68827	0.00356	1	0.06769	-0.01313	0.70581	0.00387	1	1.45898	0.81042	0	
1270849	8570.76172	3306507208182	0.49278	0.27740	8570.41992	0.32129	11914	0	0.51107	0.25748	1	0.46786	0.29977	1	0.48947	0.27862	1	0.49012	0.52777	11.59697	1.10119	1	0.75045	0.55201	12.10481	1.10119	1	-0.00227	-0.00795	0.68827	0.00368	1	0.06769	-0.01313	0.70581	0.00381	1	1.45898	0.81042	0	
1270850	8570.76758	3306507274260	0.49186	0.27582	8570.74805	0.01953	11915	1	0.51006	0.24986	1	0.46813	0.29233	1	0.48910	0.27109	1	0.49015	0.52796	11.61439	1.11028	1	0.75044	0.55200	12.04239	1.11028	1	-0.00227	-0.00815	0.70524	0.00358	1	0.06769	-0.01313	0.70581	0.00384	1	1.45898	0.81042	0	
1270851	8570.77441	3306507339149	0.49111	0.26971	8570.74805	0.02637	11915	1	0.49831	0.22052	1	0.47794	0.27007	1	0.48813	0.24529	1	0.49004	0.52781	11.10546	1.11936	1	0.75066	0.55193	12.56957	1.11936	1	-0.00227	-0.00815	0.70524	0.00345	1	0.06769	-0.01313	0.70581	0.00414	1	1.45898	0.81042	0	
1270852	8570.78125	3306507409459	0.49296	0.27144	8570.74805	0.03320	11915	1	0.52059	0.28328	1	0.48385	0.27688	1	0.50222	0.28008	1	0.49023	0.52825	12.21323	1.12845	1	0.75074	0.55213	12.76628	1.12845	1	-0.00227	-0.00815	0.70524	0.00336	1	0.06769	-0.01313	0.70581	0.00402	1	1.45898	0.81042	0	
1270853	8570.78809	3306507475406	0.49426	0.27318	8570.74805	0.04004	11915	1	0.52059	0.28328	1	0.48348	0.28400	1	0.50204	0.28364	1	0.49007	0.52632	12.11895	1.12845	1	0.75044	0.55218	12.42211	1.11977	1	-0.00227	-0.00795	0.68827	0.00236	1	0.06535	-0.01272	0.68089	0.00389	1	1.45898	0.81042	0	
1270854	8570.79492	3306507540013	0.49435	0.27365	8570.74805	0.04688	11915	1	0.51835	0.24371	1	0.47155	0.31011	1	0.49495	0.27691	1	0.49023	0.52771	11.66990	1.11068	1	0.75053	0.55226	12.41110	1.10200	1	-0.00227	-0.00795	0.68827	0.00368	1	0.06535	-0.01272	0.68089	0.00389	1	1.45898	0.81042	0	
1270855	8570.80176	3306507609671	0.49420	0.27400	8570.74805	0.05371	11915	1	0.50398	0.22975	1	0.48201	0.32387	1	0.49300	0.27681	1	0.49003	0.52753	11.46633	1.09292	1	0.75029	0.55215	12.28293	1.08424	1	-0.00227	-0.00795	0.68827	0.00351	1	0.06535	-0.01272	0.68089	0.00393	1	1.45898	0.81042	0	
1270856	8570.80762	3306507673972	0.49416	0.27542	8570.74805	0.05957	11915	1	0.50606	0.24522	1	0.48163	0.33123	1	0.49384	0.28822	1	0.49018	0.52795	11.55945	1.07515	1	0.75002	0.55239	12.41290	1.07515	1	-0.00227	-0.00795	0.68827	0.00362	1	0.06658	-0.01307	0.69423	0.00374	1	1.45898	0.81042	0	
1270857	8570.81445	3306507740981	0.49236	0.27954	8570.74805	0.06641	11915	1	0.50727	0.31403	1	0.44134	0.32738	1	0.47431	0.32071	1	0.49004	0.52808	11.16991	1.07515	1	0.75010	0.55234	12.36473	1.08383	1	-0.00227	-0.00795	0.68827	0.00348	1	0.06658	-0.01307	0.69423	0.00377	1	1.45898	0.81042	0	
1270858	8570.82227	3306507812942	0.49283	0.28092	8570.74805	0.07422	11915	1	0.53699	0.28559	1	0.45915	0.30660	1	0.49807	0.29610	1	0.49054	0.52810	11.86456	1.08383	1	0.75042	0.55214	12.79682	1.09251	1	-0.00227	-0.00795	0.68827	0.00353	1	0.06658	-0.01307	0.69423	0.00369	1	1.45898	0.81042	0	
1270859	8570.82812	3306507880032	0.49321	0.28154	8570.74805	0.08008	11915	1	0.53619	0.27843	1	0.45934	0.29951	1	0.49776	0.28897	1	0.49047	0.52810	11.92793	1.09251	1	0.75038	0.55211	12.27651	1.10119	1	-0.00227	-0.00795	0.68827	0.00346	1	0.06658	-0.01307	0.69423	0.00371	1	1.45898	0.81042	0	
1270860	8570.83496	3306507947086	0.49344	0.28294	8570.74805	0.08691	11915	1	0.53520	0.31734	1	0.45763	0.28492	1	0.49642	0.30113	1	0.49047	0.52835	11.98625	1.10119	1	0.75028	0.55194	12.21048	1.10119	1	-0.00227	-0.00795	0.68827	0.00350	1	0.06658	-0.01307	0.69423	0.00377	1	1.45898	0.81042	0	
1270861	8570.84180	3306508013676	0.49345	0.28575	8570.74805	0.09375	11915	1	0.54299	0.35382	1	0.44430	0.29646	1	0.49364	0.32514	1	0.49054	0.52877	11.90420	1.10119	1	0.75014	0.55211	12.32559	1.10119	1	-0.00227	-0.00795	0.68827	0.00376	1	0.06658	-0.01307	0.69423	0.00379	1	1.45898	0.81042	0	
1270862	8570.84863	3306508081381	0.49346	0.28844	8570.74805	0.10059	11915	1	0.54299	0.35382	1	0.44422	0.30358	1	0.49361	0.32870	1	0.49058	0.52896	12.27068	1.10119	1	0.75016	0.55243	12.23709	1.09251	1	-0.00227	-0.00795	0.68827	0.00370	1	0.06477	-0.01277	0.67590	0.00378	1	1.45898	0.81042	0	
1270863	8570.85547	3306508146960	0.49567	0.29135	8570.74805	0.10742	11915	1	0.56779	0.36883	1	0.49425	0.30726	1	0.53102	0.33804	1	0.49053	0.52882	12.05836	1.09251	1	0.75018	0.55241	12.51435	1.08383	1	-0.00227	-0.00795	0.68827	0.00368	1	0.06477	-0.01277	0.67590	0.00377	1	1.45898	0.81042	0	
1270864	8570.86230	3306508215399	0.49773	0.29255	8570.74805	0.11426	11915	1	0.57073	0.32239	1	0.49468	0.30352	1	0.53270	0.31296	1	0.49062	0.52895	11.99350	1.08383	1	0.75012	0.55260	12.27909	1.07515	1	-0.00227	-0.00795	0.68827	0.00374	1	0.06477	-0.01277	0.67590	0.00375	1	1.45898	0.81042	0	
1270865	8570.86816	3306508281538	0.49959	0.29381	8570.74805	0.12012	11915	1	0.57130	0.32924	1	0.49468	0.30352	1	0.53299	0.31638	1	0.49010	0.52774	11.02046	1.07515	1	0.75035	0.55265	12.47674	1.07515	1	-0.00236	-0.00796	0.68469	0.00403	1	0.06769	-0.01334	0.70581	0.00367	1	1.45898	0.81042	0	
1270866	8570.87500	3306508348805	0.50069	0.29252	8570.74805	0.12695	11915	1	0.53089	0.29509	1	0.51232	0.24084	1	0.52160	0.26797	1	0.49003	0.52836	11.02416	1.07515	1	0.75031	0.55164	12.36989	1.08383	1	-0.00236	-0.00796	0.68469	0.00380	1	0.06769	-0.01334	0.70581	0.00393	1	1.45898	0.81042	0	
1270867	8570.88184	3306508416022	0.50178	0.29243	8570.74805	0.13379	11915	1	0.54575	0.31653	1	0.50156	0.26504	1	0.52365	0.29078	1	0.49024	0.52884	11.35740	1.08383	1	0.75024	0.55235	12.27197	1.09251	1	-0.00236	-0.00796	0.68469	0.00359	1	0.06769	-0.01334	0.70581	0.00365	1	1.45898	0.81042	0	
1270868	8570.88867	3306508482706	0.50276	0.29220	8570.74805	0.14062	11915	1	0.54501	0.30962	1	0.50156	0.26504	1	0.52328	0.28733	1	0.49031	0.52877	11.57695	1.09251	1	0.75024	0.55232	12.26607	1.09251	1	-0.00236	-0.00796	0.68469	0.00380	1	0.06477	-0.01277	0.67590	0.00369	1	1.45898	0.81042	0	
1270869	8570.89551	3306508549556	0.50296	0.29333	8570.74805	0.14746	11915	1	0.53568	0.27897	1	0.47935	0.35725	1	0.50751	0.31811	1	0.49009	0.52805	10.93456	1.09251	1	0.74996	0.55263	12.84742	1.08383	1	-0.00236	-0.00796	0.68469	0.00390	1	0.06477	-0.01277	0.67590	0.00373	1	1.45898	0.81042	0	
1270870	8570.90234	3306508616587	0.50353	0.29335	8570.74805	0.15430	11915	1	0.53686	0.27150	1	0.49599	0.31600	1	0.51642	0.29375	1	0.49011	0.52835	11.40637	1.08383	1	0.75027	0.55245	12.44457	1.07515	1	-0.00236	-0.00796	0.68469	0.00380	1	0.06477	-0.01277	0.67590	0.00369	1	1.45898	0.81042	0	
1270871	8570.90918	3306508683225	0.50404	0.29335	8570.74805	0.16113	11915	1	0.53682	0.27116	1	0.49601	0.31567	1	0.51642	0.29342	1	0.49005	0.52874	11.69090	1.08424	1	0.75002	0.55215	12.29323	1.07556	1	-0.00249	-0.00823	0.70755	0.00375	1	0.06477	-0.01277	0.67590	0.00379	1	1.45898	0.81042	0	
1270872	8570.91602	3306508751249	0.50414	0.29367	8570.74805	0.16797	11915	1	0.50486	0.23258	1	0.50816	0.37067	1	0.50651	0.30163	1	0.48961	0.52765	11.87647	1.08464	1	0.75033	0.55253	12.63024	1.08464	1	-0.00249	-0.00823	0.70755	0.00395	1	0.06477	-0.01277	0.67590	0.00371	1	1.45898	0.81042	0	
1270873	8570.92188	3306508817709	0.50391	0.29461	8570.74805	0.17383	11915	1	0.50485	0.30716	1	0.49127	0.33121	1	0.49806	0.31918	1	0.48965	0.52886	11.96444	1.09373	1	0.75008	0.55206	12.42271	1.09373	1	-0.00249	-0.00823	0.70755	0.00356	1	0.06477	-0.01277	0.67590	0.00380	1	1.45898	0.81042	0	
1270874	8570.92871	3306508884257	0.50371	0.29537	8570.74805	0.18066	11915	1	0.50485	0.30716	1	0.49170	0.32429	1	0.49827	0.31572	1	0.48922	0.52768	11.00866	1.09373	1	0.74982	0.55216	12.73984	1.10241	1	-0.00245	-0.00797	0.68113	0.00405	1	0.06756	-0.01336	0.70671	0.00368	1	1.45898	0.81042	0	
1270875	8570.93555	3306508951457	0.50411	0.29588	8570.74805	0.18750	11915	1	0.55886	0.30759	1	0.47181	0.31273	1	0.51534	0.31016	1	0.48962	0.52869	11.58270	1.09332	1	0.74975	0.55209	12.52941	1.10200	1	-0.00245	-0.00797	0.68113	0.00378	1	0.06756	-0.01336	0.70671	0.00370	1	1.45898	0.81042	0	
1270876	8570.94238	3306509016840	0.50436	0.29471	8570.74805	0.19434	11915	1	0.53799	0.24393	1	0.48523	0.27796	1	0.51161	0.26095	1	0.48939	0.52801	11.29347	1.09292	1	0.74955	0.55209	12.07400	1.10160	1	-0.00245	-0.00797	0.68113	0.00396	1	0.06756	-0.01336	0.70671	0.00375	1	1.45898	0.81042	0	
1270877	8570.94922	3306509085275	0.50373	0.29442	8570.74805	0.20117	11915	1	0.53799	0.24393	0	0.48482	0.28558	1	0.48482	0.28558	1	0.48939	0.52801	11.29347	1.09251	0	0.74944	0.55252	12.15165	1.09251	1	-0.00245	-0.00797	0.68113	0.00396	1	0.06528	-0.01292	0.68341	0.00369	1	1.45898	0.81042	0	
1270878	8570.95605	3306509151372	0.50373	0.29442	8570.74805	0.20801	11915	1	0.53799	0.24393	0	0.48482	0.28558	0	0.48482	0.28558	0	0.48939	0.52801	11.29347	1.09251	0	0.74944	0.55252	12.15165	1.08383	0	-0.00245	-0.00797	0.68113	0.00396	1	0.06528	-0.01292	0.68341	0.00369	1	1.45898	0.81042	0	
1270879	8570.96289	3306509219441	0.50373	0.29442	8570.74805	0.21484	11915	1	0.53799	0.24393	0	0.48482	0.28558	0	0.48482	0.28558	0	0.48939	0.52801	11.29347	1.08383	0	0.74944	0.55252	12.15165	1.07515	0	-0.00245	-0.00797	0.68113	0.00396	1	0.06528	-0.01292	0.68341	0.00369	1	1.45898	0.81042	0	
1270880	8570.96875	3306509284073	0.50373	0.29442	8570.74805	0.22070	11915	1	0.53799	0.24393	0	0.48482	0.28558	0	0.48482	0.28558	0	0.48939	0.52801	11.29347	1.07515	0	0.74944	0.55252	12.15165	1.06647	0	-0.00245	-0.00797	0.68113	0.00396	1	0.06528	-0.01292	0.68341	0.00369	1	1.45898	0.81042	0	
1270881	8570.97559	3306509351945	0.51029	0.29538	8570.74805	0.22070	11915	0	0.53799	0.24393	0	0.48482	0.28558	0	0.48482	0.28558	0	0.48939	0.52801	11.29347	1.06647	0	0.74944	0.55252	12.15165	1.06647	0	-0.00245	-0.00797	0.68113	0.00396	1	0.06528	-0.01292	0.68341	0.00369	1	1.45898	0.81042	0	
1270882	8570.98242	3306509418068	0.51029	0.29538	8570.74805	0.22070	11915	0	0.53799	0.24393	0	0.48482	0.28558	0	0.48482	0.28558	0	0.48939	0.52801	11.29347	1.06647	0	0.74944	0.55252	12.15165	1.06647	0	-0.00245	-0.00797	0.68113	0.00396	1	0.06528	-0.01292	0.68341	0.00369	1	1.45898	0.81042	0	
1270883	8570.98926	3306509485894	0.51029	0.29538	8570.74805	0.22070	11915	0	0.53799	0.24393	0	0.48482	0.28558	0	0.48482	0.28558	0	0.48939	0.52801	11.29347	1.06647	0	0.74944	0.55252	12.15165	1.06647	0	-0.00245	-0.00797	0.68113	0.00396	1	0.06528	-0.01292	0.68341	0.00369	1	1.45898	0.81042	0	
1270884	8570.99609	3306509553921	0.00000	0.00000	8570.74805	0.22070	11915	0	0.53799	0.24393	0	0.48482	0.28558	0	0.48482	0.28558	0	0.48939	0.52801	11.29347	1.06647	0	0.74944	0.55252	12.15165	1.06647	0	-0.00245	-0.00797	0.68113	0.00396	1	0.06528	-0.01292	0.68341	0.00369	1	1.45898	0.81042	0	
1270885	8571.00195	3306509618819	0.00000	0.00000	8570.74805	0.22070	11915	0	0.53799	0.24393	0	0.48482	0.28558	0	0.48482	0.28558	0	0.48939	0.52801	11.29347	1.06647	0	0.74944	0.55252	12.15165	1.06647	0	-0.00245	-0.00797	0.68113	0.00396	1	0.06528	-0.01292	0.68341	0.00369	1	1.45898	0.81042	0	
1270886	8571.00879	3306509687779	0.00000	0.00000	8570.74805	0.22070	11915	0	0.53799	0.24393	0	0.48482	0.28558	0	0.48482	0.28558	0	0.48939	0.52801	11.29347	1.06647	0	0.74944	0.55252	12.15165	1.06647	0	-0.00245	-0.00797	0.68113	0.00396	1	0.06528	-0.01292	0.68341	0.00369	1	1.45898	0.81042	0	
1270887	8571.01562	3306509754554	0.51921	0.31722	8570.74805	0.22070	11915	0	0.54604	0.30041	1	0.49237	0.33404	1	0.51921	0.31722	1	0.48944	0.52847	11.16609	1.06647	1	0.74938	0.55218	12.31936	1.06647	1	-0.00245	-0.00797	0.68113	0.00393	1	0.06528	-0.01292	0.68341	0.00385	1	1.45898	0.81042	0	
1270888	8571.02246	3306509822247	0.51586	0.32159	8570.74805	0.22070	11915	0	0.53935	0.28599	1	0.48567	0.36593	1	0.51251	0.32596	1	0.48935	0.52824	11.16320	1.06647	1	0.74919	0.55247	12.86404	1.06647	1	-0.00245	-0.00797	0.68113	0.00385	1	0.06528	-0.01292	0.68341	0.00376	1	1.45898	0.81042	0	
1270889	8571.02930	3306509888770	0.51474	0.32305	8570.74805	0.22070	11915	0	0.53935	0.28599	1	0.48567	0.36593	1	0.51251	0.32596	1	0.48911	0.52815	11.31070	1.06647	1	0.74919	0.55247	12.86404	1.06647	1	-0.00256	-0.00788	0.68193	0.00383	1	0.06528	-0.01281	0.68341	0.00376	1	1.45898	0.81042	0	
1270890	8571.03613	3306509956067	0.50924	0.31707	8571.01562	0.02051	11916	1	0.51980	0.27671	1	0.46570	0.32157	1	0.49275	0.29914	1	0.48912	0.52816	11.30736	1.06647	1	0.74892	0.55186	12.62127	1.06647	1	-0.00256	-0.00788	0.68193	0.00383	1	0.06528	-0.01281	0.68341	0.00415	1	1.45898	0.81042	0	
1270891	8571.04297	3306510023879	0.50793	0.31126	8571.01562	0.02734	11916	1	0.52592	0.24674	1	0.47943	0.32933	1	0.50268	0.28803	1	0.48917	0.52789	11.21619	1.06647	1	0.74911	0.55227	12.81973	1.06647	1	-0.00256	-0.00788	0.68193	0.00380	1	0.06528	-0.01281	0.68341	0.00383	1	1.45898	0.81042	0	
1270892	8571.04980	3306510088355	0.50705	0.30739	8571.01562	0.03418	11916	1	0.52592	0.24674	1	0.47943	0.32933	1	0.50268	0.28803	1	0.48921	0.52849	11.70832	1.06647	1	0.74935	0.55185	12.52723	1.06647	1	-0.00256	-0.00788	0.68193	0.00338	1	0.06528	-0.01271	0.68341	0.00403	1	1.45898	0.81042	0	
1270893	8571.05664	3306510156865	0.50786	0.31103	8571.01562	0.04102	11916	1	0.53466	0.30803	1	0.49067	0.35772	1	0.51266	0.33287	1	0.48923	0.52800	11.32013	1.06647	1	0.74928	0.55229	12.74272	1.06647	1	-0.00256	-0.00788	0.68193	0.00365	1	0.06528	-0.01271	0.68341	0.00383	1	1.45898	0.81042	0	
1270894	8571.06250	3306510223136	0.50860	0.31177	8571.01562	0.04688	11916	1	0.54381	0.33137	1	0.48381	0.30249	1	0.51381	0.31693	1	0.48937	0.52840	11.35692	1.06647	1	0.74917	0.55182	12.30604	1.06647	1	-0.00256	-0.00788	0.68193	0.00352	1	0.06528	-0.01271	0.68341	0.00408	1	1.45898	0.81042	0	
1270895	8571.06934	3306510291136	0.50918	0.31234	8571.01562	0.05371	11916	1	0.54381	0.33137	1	0.48381	0.30249	1	0.51381	0.31693	1	0.48925	0.52846	11.22427	1.06647	1	0.74924	0.55198	12.52202	1.06647	1	-0.00256	-0.00788	0.68193	0.00352	1	0.06528	-0.01271	0.68341	0.00399	1	1.45898	0.81042	0	
1270896	8571.07617	3306510358583	0.50908	0.31209	8571.01562	0.06055	11916	1	0.51907	0.31138	1	0.49737	0.30824	1	0.50822	0.30981	1	0.48896	0.52800	10.99713	1.06647	1	0.74939	0.55210	12.26450	1.06647	1	-0.00256	-0.00788	0.68193	0.00356	1	0.06528	-0.01271	0.68341	0.00387	1	1.45898	0.81042	0	
1270897	8571.08301	3306510423069	0.50961	0.31311	8571.01562	0.06738	11916	1	0.53792	0.34322	1	0.49190	0.30338	1	0.51491	0.32330	1	0.48935	0.52839	11.47689	1.06647	1	0.74929	0.55169	12.45038	1.06647	1	-0.00256	-0.00788	0.68193	0.00347	1	0.06528	-0.01271	0.68341	0.00406	1	1.45898	0.81042	0	
1270898	8571.08984	3306510493046	0.51004	0.31423	8571.01562	0.07422	11916	1	0.53792	0.34322	1	0.49150	0.30984	1	0.51471	0.32653	1	0.48910	0.52850	11.37399	1.06647	1	0.74929	0.55169	12.45038	1.05881	1	-0.00256	-0.00788	0.68193	0.00339	1	0.06207	-0.01210	0.65029	0.00405	1	1.45898	0.81042	0	
1270899	8571.09668	3306510559928	0.50943	0.31662	8571.01562	0.08105	11916	1	0.52560	0.39082	1	0.47870	0.29990	1	0.50215	0.34536	1	0.48909	0.52865	11.45346	1.05881	1	0.74913	0.55124	12.71471	1.05115	1	-0.00256	-0.00788	0.68193	0.00342	1	0.06207	-0.01210	0.65029	0.00415	1	1.45898	0.81042	0	
1270900	8571.10254	3306510625162	0.50857	0.31112	8571.01562	0.08691	11916	1	0.50392	0.19044	1	0.49095	0.28886	1	0.49744	0.23965	1	0.48883	0.52652	11.70479	1.05115	1	0.74936	0.55093	12.19771	1.04349	1	-0.00256	-0.00788	0.68193	0.00231	1	0.06207	-0.01210	0.65029	0.00417	1	1.45898	0.81042	0	
1270901	8571.10938	3306510690819	0.50786	0.30580	8571.01562	0.09375	11916	1	0.50375	0.18910	1	0.49188	0.27329	1	0.49782	0.23119	1	0.48890	0.52845	12.06487	1.05258	1	0.74914	0.55134	12.63929	1.06126	1	-0.00268	-0.00809	0.70076	0.00356	1	0.06629	-0.01294	0.69557	0.00416	1	1.45898	0.81042	0	
1270902	8571.11621	3306510759754	0.50758	0.30952	8571.01562	0.10059	11916	1	0.53791	0.35397	1	0.46883	0.37697	1	0.50337	0.36547	1	0.48927	0.52844	11.38913	1.07034	1	0.74896	0.55221	12.98454	1.08668	1	-0.00268	-0.00809	0.70076	0.00352	1	0.06629	-0.01294	0.69557	0.00383	1	1.45898	0.81042	0	
1270903	8571.12305	3306510827296	0.50655	0.31068	8571.01562	0.10742	11916	1	0.52121	0.32187	1	0.45917	0.33636	1	0.49019	0.32912	1	0.48902	0.52825	11.68802	1.09577	1	0.74883	0.55201	12.74339	1.11211	1	-0.00268	-0.00809	0.70076	0.00351	1	0.06629	-0.01294	0.69557	0.00392	1	1.45898	0.81042	0	
1270904	8571.12988	3306510894720	0.50558	0.31079	8571.01562	0.11426	11916	1	0.51857	0.30196	1	0.45953	0.32335	1	0.48905	0.31266	1	0.48922	0.52816	11.25754	1.12120	1	0.74880	0.55195	12.66184	1.12885	1	-0.00268	-0.00809	0.70076	0.00352	1	0.06475	-0.01263	0.67884	0.00395	1	1.45898	0.81042	0	
1270905	8571.13672	3306510961098	0.50524	0.31033	8571.01562	0.12109	11916	1	0.53077	0.27413	1	0.46741	0.32991	1	0.49909	0.30202	1	0.48928	0.52826	11.41196	1.12885	1	0.74889	0.55157	12.86604	1.12017	1	-0.00268	-0.00809	0.70076	0.00346	1	0.06475	-0.01263	0.67884	0.00416	1	1.45898	0.81042	0	
1270906	8571.14355	3306511028389	0.50465	0.30918	8571.01562	0.12793	11916	1	0.52500	0.28444	1	0.46183	0.29028	1	0.49341	0.28736	1	0.48912	0.52828	11.48412	1.12017	1	0.74877	0.55156	12.92006	1.11149	1	-0.00268	-0.00809	0.70076	0.00350	1	0.06475	-0.01263	0.67884	0.00420	1	1.45898	0.81042	0	
1270907	8571.15039	3306511094856	0.50414	0.30897	8571.01562	0.13477	11916	1	0.52675	0.29865	1	0.46122	0.31109	1	0.49399	0.30487	1	0.48923	0.52859	11.67861	1.10241	1	0.74886	0.55172	12.89980	1.08607	1	-0.00256	-0.00788	0.68193	0.00343	1	0.06207	-0.01210	0.65029	0.00412	1	1.45898	0.81042	0	
1270908	8571.15625	3306511161859	0.50459	0.30863	8571.01562	0.14062	11916	1	0.53598	0.35747	1	0.49228	0.24549	1	0.51413	0.30148	1	0.48919	0.52848	11.65830	1.07698	1	0.74932	0.55068	11.97649	1.06932	1	-0.00256	-0.00788	0.68193	0.00348	1	0.06207	-0.01210	0.65029	0.00436	1	1.45898	0.81042	0	
1270909	8571.16309	3306511228886	0.50466	0.31029	8571.01562	0.14746	11916	1	0.52555	0.34079	1	0.48653	0.35280	1	0.50604	0.34680	1	0.48904	0.52839	11.29982	1.06024	1	0.74924	0.55159	12.24257	1.05258	1	-0.00256	-0.00788	0.68193	0.00345	1	0.06207	-0.01210	0.65029	0.00411	1	1.45898	0.81042	0	
1270910	8571.16992	3306511293658	0.50474	0.31224	8571.01562	0.15430	11916	1	0.52729	0.35404	1	0.48610	0.36014	1	0.50669	0.35709	1	0.48920	0.52801	11.24469	1.04349	1	0.74926	0.55158	12.32668	1.04349	1	-0.00256	-0.00788	0.68193	0.00368	1	0.06528	-0.01271	0.68341	0.00408	1	1.45898	0.81042	0	
1270911	8571.17578	3306511356075	0.50495	0.31388	8571.01562	0.16016	11916	1	0.53584	0.34743	1	0.48419	0.35888	1	0.51002	0.35316	1	0.48916	0.52837	11.59869	1.04349	1	0.74922	0.55224	12.54863	1.05115	1	-0.00256	-0.00788	0.68193	0.00343	1	0.06528	-0.01271	0.68341	0.00386	1	1.45898	0.81042	0	
1270912	8571.18359	3306511429350	0.50557	0.31542	8571.01562	0.16797	11916	1	0.54936	0.38771	1	0.49267	0.32014	1	0.52102	0.35393	1	0.48944	0.52882	11.57648	1.05115	1	0.74935	0.55185	12.52723	1.05881	1	-0.00256	-0.00788	0.68193	0.00349	1	0.06528	-0.01271	0.68341	0.00403	1	1.45898	0.81042	0	
1270913	8571.18945	3306511493855	0.50614	0.31662	8571.01562	0.17383	11916	1	0.54871	0.38195	1	0.49308	0.31376	1	0.52090	0.34785	1	0.48930	0.52798	11.44227	1.05881	1	0.74900	0.55216	12.65999	1.06647	1	-0.00256	-0.00788	0.68193	0.00372	1	0.06528	-0.01271	0.68341	0.00388	1	1.45898	0.81042	0	
1270914	8571.19629	3306511560772	0.50629	0.31865	8571.01562	0.18066	11916	1	0.54799	0.37180	1	0.47269	0.37493	1	0.51034	0.37337	1	0.48942	0.52881	11.52601	1.06647	1	0.74907	0.55241	12.86794	1.06647	1	-0.00256	-0.00788	0.68193	0.00361	1	0.06528	-0.01271	0.68341	0.00381	1	1.45898	0.81042	0	
1270915	8571.20312	3306511628800	0.50672	0.31980	8571.01562	0.18750	11916	1	0.55027	0.37942	1	0.48714	0.32492	1	0.51871	0.35217	1	0.48945	0.52881	12.02347	1.06647	1	0.74928	0.55194	12.49054	1.06647	1	-0.00256	-0.00788	0.68193	0.00369	1	0.06528	-0.01271	0.68341	0.00402	1	1.45898	0.81042	0	
1270916	8571.20996	3306511693373	0.50712	0.32109	8571.01562	0.19434	11916	1	0.55094	0.38542	1	0.48676	0.33152	1	0.51885	0.35847	1	0.48932	0.52887	11.33803	1.05845	1	0.74944	0.55175	12.14392	1.05845	1	-0.00242	-0.00761	0.65882	0.00348	1	0.06528	-0.01271	0.68341	0.00406	1	1.45898	0.81042	0	
1270917	8571.21680	3306511764991	0.50729	0.32221	8571.01562	0.20117	11916	1	0.53335	0.36475	1	0.49153	0.34711	1	0.51244	0.35593	1	0.48922	0.52852	11.43399	1.05044	1	0.74938	0.55218	12.31936	1.05044	1	-0.00242	-0.00761	0.65882	0.00335	1	0.06528	-0.01271	0.68341	0.00385	1	1.45898	0.81042	0	
1270918	8571.22363	3306511831057	0.50801	0.32307	8571.01562	0.20801	11916	1	0.56292	0.37712	1	0.49756	0.32229	1	0.53024	0.34970	1	0.48963	0.52854	12.29784	1.04242	1	0.74942	0.55178	12.16190	1.04242	1	-0.00242	-0.00761	0.65882	0.00344	1	0.06528	-0.01271	0.68341	0.00403	1	1.45898	0.81042	0	
1270919	8571.23047	3306511895454	0.51663	0.34936	8571.01562	0.20801	11916	0	0.56224	0.37014	1	0.49810	0.31461	1	0.53017	0.34237	1	0.48926	0.52825	11.37015	1.05151	1	0.74936	0.55174	12.01213	1.05151	1	-0.00257	-0.00807	0.69902	0.00348	1	0.06528	-0.01271	0.68341	0.00402	1	1.45898	0.81042	0	
1270920	8571.23730	3306511965810	0.51738	0.31772	8571.01562	0.20801	11916	0	0.53311	0.28980	1	0.50316	0.28237	1	0.51814	0.28609	1	0.48930	0.52804	11.24701	1.06861	1	0.74948	0.55106	12.27421	1.06861	1	-0.00257	-0.00807	0.69902	0.00357	1	0.06528	-0.01271	0.68341	0.00394	1	1.45898	0.81042	0	
1270921	8571.24414	3306512032543	0.51876	0.32223	8571.01562	0.20801	11916	0	0.53600	0.33810	1	0.50702	0.32439	1	0.52151	0.33125	1	0.48924	0.52796	11.16595	1.08571	1	0.74954	0.55121	12.05993	1.08571	1	-0.00257	-0.00807	0.69902	0.00362	1	0.06528	-0.01271	0.68341	0.00387	1	1.45898	0.81042	0	
1270922	8571.25000	3306512099601	0.51942	0.32289	8571.23047	0.01953	11917	1	0.53525	0.33189	1	0.50754	0.31789	1	0.52140	0.32489	1	0.48946	0.52773	11.42059	1.09373	1	0.74962	0.55110	12.21779	1.09373	1	-0.00245	-0.00787	0.68113	0.00353	1	0.06528	-0.01271	0.68341	0.00383	1	1.45898	0.81042	0	
1270923	8571.25684	3306512166315	0.51861	0.32714	8571.23047	0.02637	11917	1	0.52282	0.35814	1	0.50790	0.33006	1	0.51536	0.34410	1	0.48948	0.52820	11.96656	1.08464	1	0.74958	0.55120	12.14357	1.08464	1	-0.00245	-0.00787	0.68113	0.00362	1	0.06528	-0.01271	0.68341	0.00388	1	1.45898	0.81042	0	
1270924	8571.26367	3306512233897	0.51766	0.32809	8571.23047	0.03320	11917	1	0.51631	0.33000	1	0.50948	0.33571	1	0.51290	0.33285	1	0.48933	0.52783	11.48299	1.07556	1	0.74959	0.55131	12.38884	1.07556	1	-0.00245	-0.00787	0.68113	0.00366	1	0.06528	-0.01271	0.68341	0.00386	1	1.45898	0.81042	0	
1270925	8571.27051	3306512300611	0.51700	0.32981	8571.23047	0.04004	11917	1	0.51731	0.33718	1	0.50887	0.34305	1	0.51309	0.34012	1	0.48929	0.52696	11.13122	1.06647	1	0.74958	0.55140	12.41471	1.06647	1	-0.00245	-0.00776	0.68113	0.00386	1	0.06569	-0.01274	0.68764	0.00363	1	1.45898	0.81042	0	
1270926	8571.27734	3306512367605	0.51518	0.33389	8571.23047	0.04688	11917	1	0.51365	0.32834	1	0.49111	0.39666	1	0.50238	0.36250	1	0.48930	0.52774	11.25957	1.06647	1	0.74934	0.55164	12.20741	1.06647	1	-0.00245	-0.00776	0.68113	0.00370	1	0.06569	-0.01274	0.68764	0.00376	1	1.45898	0.81042	0	
1270927	8571.28418	3306512435451	0.51401	0.33466	8571.23047	0.05371	11917	1	0.51349	0.30866	1	0.49595	0.37297	1	0.50472	0.34082	1	0.48934	0.52730	11.03531	1.06647	1	0.74940	0.55165	12.13825	1.06647	1	-0.00245	-0.00776	0.68113	0.00387	1	0.06569	-0.01274	0.68764	0.00382	1	1.45898	0.81042	0	
1270928	8571.29102	3306512501659	0.51306	0.33455	8571.23047	0.06055	11917	1	0.51246	0.30123	1	0.49646	0.36589	1	0.50446	0.33356	1	0.48937	0.52687	11.28661	1.07556	1	0.74947	0.55145	11.96800	1.07556	1	-0.00245	-0.00787	0.69503	0.00407	1	0.06569	-0.01274	0.68764	0.00374	1	1.45898	0.81042	0	
1270929	8571.29688	3306512568400	0.51231	0.33166	8571.23047	0.06641	11917	1	0.50733	0.23673	1	0.50239	0.36863	1	0.50486	0.30268	1	0.48967	0.52677	11.79439	1.08464	1	0.74948	0.55168	12.46892	1.08464	1	-0.00245	-0.00787	0.69503	0.00400	1	0.06569	-0.01274	0.68764	0.00377	1	1.45898	0.81042	0	
1270930	8571.30371	3306512635486	0.51080	0.33368	8571.23047	0.07324	11917	1	0.51738	0.37377	1	0.47089	0.33816	1	0.49414	0.35597	1	0.48977	0.52772	12.17956	1.09373	1	0.74931	0.55133	12.21296	1.09373	1	-0.00245	-0.00787	0.69503	0.00347	1	0.06569	-0.01274	0.68764	0.00376	1	1.45898	0.81042	0	
1270931	8571.31055	3306512702638	0.50953	0.33513	8571.23047	0.08008	11917	1	0.51738	0.37377	1	0.47117	0.33131	1	0.49428	0.35254	1	0.48958	0.52557	11.67780	1.09373	1	0.74938	0.55146	12.15926	1.10241	1	-0.00236	-0.00769	0.68321	0.00239	1	0.06756	-0.01314	0.70671	0.00378	1	1.45898	0.81042	0	
1270932	8571.31738	3306512770480	0.50792	0.33547	8571.23047	0.08691	11917	1	0.50903	0.34423	1	0.46488	0.33562	1	0.48695	0.33992	1	0.48967	0.52790	12.27234	1.09332	1	0.74925	0.55160	12.30751	1.10200	1	-0.00236	-0.00769	0.68321	0.00351	1	0.06756	-0.01314	0.70671	0.00371	1	1.45898	0.81042	0	
1270933	8571.32422	3306512837252	0.50685	0.33219	8571.23047	0.09375	11917	1	0.51165	0.30699	1	0.47235	0.26543	1	0.49200	0.28621	1	0.48973	0.52768	12.25905	1.09292	1	0.74936	0.55136	12.32775	1.10160	1	-0.00236	-0.00769	0.68321	0.00343	1	0.06756	-0.01314	0.70671	0.00373	1	1.45898	0.81042	0	
1270934	8571.33105	3306512902713	0.50593	0.32934	8571.23047	0.10059	11917	1	0.51169	0.30731	1	0.47233	0.26577	1	0.49201	0.28654	1	0.48981	0.52739	11.91648	1.09251	1	0.74935	0.55172	12.40704	1.10119	1	-0.00236	-0.00769	0.68321	0.00341	1	0.06756	-0.01314	0.70671	0.00367	1	1.45898	0.81042	0	
1270935	8571.33691	3306512968904	0.50541	0.32683	8571.23047	0.10645	11917	1	0.53714	0.31220	1	0.45732	0.26133	1	0.49723	0.28676	1	0.49013	0.52759	11.58981	1.10119	1	0.74947	0.55126	12.15498	1.10119	1	-0.00236	-0.00769	0.68321	0.00339	1	0.06756	-0.01314	0.70671	0.00366	1	1.45898	0.81042	0	
1270936	8571.34375	3306513037046	0.50531	0.32592	8571.23047	0.11328	11917	1	0.52717	0.24559	1	0.47983	0.37507	1	0.50350	0.31033	1	0.48999	0.52705	11.57991	1.10119	1	0.74947	0.55168	12.16268	1.10119	1	-0.00236	-0.00769	0.68321	0.00359	1	0.06756	-0.01314	0.70671	0.00372	1	1.45898	0.81042	0	
1270937	8571.35059	3306513104292	0.50521	0.32510	8571.23047	0.12012	11917	1	0.52717	0.24559	1	0.47983	0.37507	1	0.50350	0.31033	1	0.49015	0.52747	11.59301	1.10119	1	0.74954	0.55135	12.14069	1.10119	1	-0.00236	-0.00769	0.68321	0.00353	1	0.06756	-0.01314	0.70671	0.00366	1	1.45898	0.81042	0	
1270938	8571.35742	3306513171636	0.50450	0.32143	8571.23047	0.12695	11917	1	0.52119	0.20930	1	0.46078	0.29411	1	0.49099	0.25171	1	0.48994	0.52682	10.85885	1.10119	1	0.74962	0.55117	12.24614	1.10119	1	-0.00236	-0.00769	0.68321	0.00372	1	0.06756	-0.01314	0.70671	0.00391	1	1.45898	0.81042	0	
1270939	8571.36426	3306513238219	0.50410	0.32171	8571.23047	0.13379	11917	1	0.53246	0.34899	1	0.45977	0.30560	1	0.49612	0.32729	1	0.49008	0.52774	11.99137	1.10119	1	0.74969	0.55107	12.37961	1.10119	1	-0.00236	-0.00769	0.68321	0.00334	1	0.06756	-0.01314	0.70671	0.00375	1	1.45898	0.81042	0	
1270940	8571.37109	3306513304956	0.50374	0.32196	8571.23047	0.14062	11917	1	0.53246	0.34899	1	0.45977	0.30560	1	0.49612	0.32729	1	0.49028	0.52753	11.80690	1.10119	1	0.74941	0.55121	12.23963	1.10119	1	-0.00236	-0.00769	0.68321	0.00338	1	0.06756	-0.01314	0.70671	0.00381	1	1.45898	0.81042	0	
1270941	8571.37793	3306513373129	0.50304	0.32407	8571.23047	0.14746	11917	1	0.53617	0.37010	1	0.43894	0.37085	1	0.48755	0.37048	1	0.49007	0.52806	11.63050	1.10119	1	0.74931	0.55165	12.43473	1.10119	1	-0.00236	-0.00769	0.68321	0.00351	1	0.06756	-0.01314	0.70671	0.00371	1	1.45898	0.81042	0	
1270942	8571.38379	3306513437124	0.50292	0.32454	8571.23047	0.15332	11917	1	0.54629	0.34090	1	0.45411	0.32978	1	0.50020	0.33534	1	0.49023	0.52763	11.81096	1.10119	1	0.74947	0.55144	12.19649	1.10119	1	-0.00236	-0.00769	0.68321	0.00340	1	0.06756	-0.01314	0.70671	0.00364	1	1.45898	0.81042	0	
1270943	8571.39160	3306513506370	0.50279	0.32483	8571.23047	0.16113	11917	1	0.54553	0.33399	1	0.45412	0.32946	1	0.49983	0.33172	1	0.49027	0.52739	12.16199	1.11028	1	0.74962	0.55139	12.92380	1.10160	1	-0.00236	-0.00786	0.69904	0.00341	1	0.06539	-0.01266	0.68348	0.00378	1	1.45898	0.81042	0	
1270944	8571.39746	3306513573277	0.50266	0.32499	8571.23047	0.16699	11917	1	0.53645	0.30609	1	0.46216	0.35226	1	0.49931	0.32917	1	0.49014	0.52719	11.37282	1.11068	1	0.74965	0.55155	12.94337	1.10200	1	-0.00236	-0.00786	0.69904	0.00342	1	0.06539	-0.01266	0.68348	0.00378	1	1.45898	0.81042	0	
1270945	8571.40430	3306513640919	0.50245	0.32485	8571.23047	0.17383	11917	1	0.53057	0.31971	1	0.46316	0.32231	1	0.49686	0.32101	1	0.49035	0.52751	12.14575	1.11109	1	0.74964	0.55155	12.94052	1.10241	1	-0.00236	-0.00786	0.69904	0.00341	1	0.06539	-0.01266	0.68348	0.00382	1	1.45898	0.81042	0	
1270946	8571.41113	3306513707198	0.50225	0.32506	8571.23047	0.18066	11917	1	0.53140	0.32643	1	0.46275	0.33533	1	0.49707	0.33088	1	0.49021	0.52725	12.11797	1.10241	1	0.75007	0.55133	12.23716	1.08607	1	-0.00227	-0.00774	0.68828	0.00340	1	0.06285	-0.01211	0.65641	0.00377	1	1.45898	0.81042	0	
1270947	8571.41797	3306513772381	0.50173	0.32642	8571.23047	0.18750	11917	1	0.51468	0.37297	1	0.45931	0.35583	1	0.48700	0.36440	1	0.49010	0.52724	12.12926	1.07698	1	0.74961	0.55127	13.10172	1.06932	1	-0.00227	-0.00774	0.68828	0.00347	1	0.06285	-0.01211	0.65641	0.00386	1	1.45898	0.81042	0	
1270948	8571.42480	3306513841184	0.50148	0.32726	8571.23047	0.19434	11917	1	0.51543	0.36332	1	0.47292	0.33998	1	0.49417	0.35165	1	0.49007	0.52688	11.79934	1.06024	1	0.74977	0.55112	12.78548	1.05258	1	-0.00227	-0.00774	0.68828	0.00352	1	0.06285	-0.01211	0.65641	0.00381	1	1.45898	0.81042	0	
1270949	8571.43164	3306513907916	0.50127	0.32837	8571.23047	0.20117	11917	1	0.51731	0.37623	1	0.47260	0.34742	1	0.49495	0.36182	1	0.49010	0.52667	11.55912	1.04349	1	0.74966	0.55150	13.43570	1.04349	1	-0.00227	-0.00774	0.68828	0.00370	1	0.06514	-0.01254	0.67978	0.00379	1	1.45898	0.81042	0	
1270950	8571.43848	3306513975142	0.50112	0.32832	8571.23047	0.20801	11917	1	0.51625	0.34532	1	0.47681	0.30825	1	0.49653	0.32679	1	0.49008	0.52680	11.66782	1.04349	1	0.74984	0.55096	12.85991	1.05115	1	-0.00227	-0.00774	0.68828	0.00369	1	0.06514	-0.01254	0.67978	0.00383	1	1.45898	0.81042	0	
1270951	8571.44434	3306514042251	0.50133	0.32825	8571.23047	0.21387	11917	1	0.53351	0.31537	1	0.48268	0.33657	1	0.50809	0.32597	1	0.49039	0.52657	11.88611	1.05115	1	0.74992	0.55117	12.58816	1.05881	1	-0.00227	-0.00774	0.68828	0.00391	1	0.06514	-0.01254	0.67978	0.00386	1	1.45898	0.81042	0	
1270952	8571.45117	3306514108970	0.50152	0.32800	8571.23047	0.22070	11917	1	0.53276	0.30908	1	0.48301	0.33031	1	0.50789	0.31969	1	0.49043	0.52649	11.77069	1.05881	1	0.74990	0.55128	12.75629	1.06647	1	-0.00227	-0.00774	0.68828	0.00399	1	0.06514	-0.01254	0.67978	0.00385	1	1.45898	0.81042	0	
1270953	8571.45801	3306514176225	0.50139	0.32746	8571.23047	0.22754	11917	1	0.51371	0.28907	1	0.47996	0.32880	1	0.49684	0.30894	1	0.49049	0.52634	11.82795	1.06647	1	0.74993	0.55131	12.72277	1.06647	1	-0.00227	-0.00774	0.68828	0.00384	1	0.06514	-0.01254	0.67978	0.00384	1	1.45898	0.81042	0	
1270954	8571.46484	3306514240871	0.50126	0.32716	8571.23047	0.23438	11917	1	0.51386	0.30483	1	0.47996	0.32880	1	0.49691	0.31682	1	0.49055	0.52635	11.99564	1.06647	1	0.74993	0.55131	12.72277	1.06647	1	-0.00227	-0.00774	0.68828	0.00384	1	0.06514	-0.01254	0.67978	0.00385	1	1.45898	0.81042	0	
1270955	8571.47168	3306514310039	0.50114	0.32668	8571.23047	0.24121	11917	1	0.51284	0.29737	1	0.48033	0.32136	1	0.49659	0.30937	1	0.49071	0.52684	11.17153	1.07556	1	0.74999	0.55121	12.41819	1.07556	1	-0.00232	-0.00804	0.71986	0.00376	1	0.06514	-0.01259	0.67978	0.00387	1	1.45898	0.81042	0	
1270956	8571.47852	3306514377071	0.50121	0.32661	8571.23047	0.24805	11917	1	0.52217	0.30619	1	0.48568	0.34200	1	0.50393	0.32409	1	0.49064	0.52663	12.07906	1.08464	1	0.74999	0.55135	12.52563	1.08464	1	-0.00232	-0.00804	0.71986	0.00381	1	0.06514	-0.01259	0.67978	0.00381	1	1.45898	0.81042	0	
1270957	8571.48535	3306514444224	0.50099	0.32653	8571.23047	0.25488	11917	1	0.49899	0.31197	1	0.48609	0.33479	1	0.49254	0.32338	1	0.49029	0.52673	11.65180	1.09373	1	0.74999	0.55135	12.52563	1.09373	1	-0.00232	-0.00804	0.71986	0.00373	1	0.06514	-0.01259	0.67978	0.00380	1	1.45898	0.81042	0	
1270958	8571.49121	3306514511255	0.50077	0.32627	8571.23047	0.26074	11917	1	0.49789	0.30475	1	0.48651	0.32759	1	0.49220	0.31617	1	0.49063	0.52717	10.85472	1.10281	1	0.74998	0.55140	12.49308	1.10281	1	-0.00227	-0.00793	0.70524	0.00372	1	0.06514	-0.01254	0.67978	0.00379	1	1.45898	0.81042	0	
1270959	8571.49805	3306514578359	0.50040	0.32623	8571.23047	0.26758	11917	1	0.52027	0.30104	1	0.45126	0.34841	1	0.48577	0.32473	1	0.49064	0.52676	12.13934	1.10281	1	0.74950	0.55159	13.10692	1.10281	1	-0.00227	-0.00793	0.70524	0.00388	1	0.06514	-0.01254	0.67978	0.00386	1	1.45898	0.81042	0	
1270960	8571.50488	3306514644971	0.50045	0.32587	8571.23047	0.27441	11917	1	0.53674	0.28406	1	0.46792	0.33834	1	0.50233	0.31120	1	0.49089	0.52665	11.35460	1.10281	1	0.74971	0.55146	13.00580	1.10281	1	-0.00227	-0.00793	0.70524	0.00391	1	0.06514	-0.01254	0.67978	0.00383	1	1.45898	0.81042	0	
1270961	8571.51172	3306514712097	0.50049	0.32553	8571.23047	0.28125	11917	1	0.53674	0.28406	1	0.46792	0.33834	1	0.50233	0.31120	1	0.49086	0.52663	11.40383	1.10281	1	0.74978	0.55147	12.99699	1.10281	1	-0.00227	-0.00793	0.70524	0.00384	1	0.06514	-0.01254	0.67978	0.00381	1	1.45898	0.81042	0	
1270962	8571.51855	3306514778815	0.50029	0.32279	8571.23047	0.28809	11917	1	0.49133	0.13711	1	0.49156	0.27244	1	0.49145	0.20478	1	0.49034	0.52479	12.09847	1.10281	1	0.75009	0.55096	12.55310	1.10281	1	-0.00227	-0.00793	0.70524	0.00238	1	0.06514	-0.01254	0.67978	0.00376	1	1.45898	0.81042	0	
1270963	8571.52539	3306514846111	0.50028	0.32260	8571.23047	0.29492	11917	1	0.51824	0.31672	1	0.48131	0.31157	1	0.49978	0.31415	1	0.49055	0.52690	11.44924	1.10281	1	0.74997	0.55109	12.27856	1.10281	1	-0.00227	-0.00793	0.70524	0.00367	1	0.06514	-0.01254	0.67978	0.00385	1	1.45898	0.81042	0	
1270964	8571.53223	3306514912727	0.50027	0.32257	8571.23047	0.30176	11917	1	0.51920	0.32383	1	0.48093	0.31891	1	0.50007	0.32137	1	0.49065	0.52718	12.01729	1.09373	1	0.75009	0.55086	12.17554	1.09373	1	-0.00227	-0.00774	0.68828	0.00359	1	0.06514	-0.01259	0.67978	0.00387	1	1.45898	0.81042	0	
1270965	8571.53809	3306514980004	0.50061	0.32184	8571.23047	0.30762	11917	1	0.53874	0.28306	1	0.49412	0.29340	1	0.51643	0.28823	1	0.49053	0.52675	12.07849	1.08464	1	0.75012	0.55098	12.43346	1.08464	1	-0.00227	-0.00774	0.68828	0.00354	1	0.06514	-0.01259	0.67978	0.00382	1	1.45898	0.81042	0	
1270966	8571.54492	3306515046913	0.50059	0.32203	8571.23047	0.31445	11917	1	0.52884	0.30941	1	0.46988	0.35258	1	0.49936	0.33100	1	0.49032	0.52701	12.27981	1.07556	1	0.74975	0.55128	12.68540	1.07556	1	-0.00227	-0.00774	0.68828	0.00350	1	0.06514	-0.01259	0.67978	0.00388	1	1.45898	0.81042	0	
1270967	8571.55176	3306515113331	0.50023	0.32186	8571.23047	0.32129	11917	1	0.52975	0.31677	1	0.46935	0.36579	1	0.49955	0.34128	1	0.49025	0.52653	11.84213	1.06647	1	0.74987	0.55122	12.58161	1.05881	1	-0.00227	-0.00774	0.68828	0.00362	1	0.06285	-0.01216	0.65641	0.00380	1	1.45898	0.81042	0	
1270968	8571.55859	3306515179236	0.50003	0.32286	8571.23047	0.32812	11917	1	0.52894	0.31135	1	0.48835	0.35631	1	0.50865	0.33383	1	0.49037	0.52669	11.97110	1.05881	1	0.75011	0.55116	12.31944	1.05115	1	-0.00227	-0.00774	0.68828	0.00358	1	0.06285	-0.01216	0.65641	0.00383	1	1.45898	0.81042	0	
1270969	8571.56543	3306515247996	0.49975	0.32276	8571.23047	0.33496	11917	1	0.53143	0.28352	1	0.48401	0.37011	1	0.50772	0.32682	1	0.49043	0.52643	11.70471	1.05115	1	0.75002	0.55127	12.29741	1.04349	1	-0.00227	-0.00774	0.68828	0.00384	1	0.06285	-0.01216	0.65641	0.00380	1	1.45898	0.81042	0	
1270970	8571.57227	3306515313440	0.49947	0.32294	8571.23047	0.34180	11917	1	0.53219	0.29005	1	0.48366	0.37622	1	0.50792	0.33314	1	0.49028	0.52642	11.47489	1.04349	1	0.74975	0.55128	12.93066	1.03583	1	-0.00227	-0.00774	0.68828	0.00358	1	0.06285	-0.01211	0.65641	0.00373	1	1.45898	0.81042	0	
1270971	8571.57812	3306515378462	0.49923	0.32287	8571.23047	0.34766	11917	1	0.53796	0.32386	1	0.47031	0.35851	1	0.50413	0.34118	1	0.49041	0.52680	11.99704	1.03583	1	0.74976	0.55111	12.42098	1.03583	1	-0.00227	-0.00774	0.68828	0.00354	1	0.06285	-0.01211	0.65641	0.00384	1	1.45898	0.81042	0	
1270972	8571.58496	3306515445900	0.49902	0.32244	8571.23047	0.35449	11917	1	0.51735	0.29119	1	0.48754	0.33285	1	0.50245	0.31202	1	0.49018	0.52626	11.59106	1.03583	1	0.75008	0.55100	12.01973	1.03583	1	-0.00227	-0.00774	0.68828	0.00376	1	0.06285	-0.01211	0.65641	0.00390	1	1.45898	0.81042	0	
1270973	8571.59180	3306515510917	0.49879	0.32186	8571.23047	0.36133	11917	1	0.51735	0.29119	1	0.48754	0.33285	1	0.50245	0.31202	1	0.49040	0.52663	12.12102	1.03583	1	0.74990	0.55098	12.51971	1.03583	1	-0.00227	-0.00774	0.68828	0.00361	1	0.06285	-0.01211	0.65641	0.00388	1	1.45898	0.81042	0	
1270974	8571.59863	3306515583714	0.49885	0.32119	8571.23047	0.36816	11917	1	0.54291	0.32300	1	0.46745	0.33846	1	0.50518	0.33073	1	0.49048	0.52694	11.63768	1.03583	1	0.74976	0.55113	12.80276	1.03583	1	-0.00227	-0.00774	0.68828	0.00384	1	0.06285	-0.01211	0.65641	0.00382	1	1.45898	0.81042	0	
1270975	8571.60547	3306515649771	0.49873	0.32101	8571.23047	0.37500	11917	1	0.52442	0.31516	1	0.47315	0.34847	1	0.49879	0.33182	1	0.49022	0.52670	11.44025	1.03583	1	0.74979	0.55110	12.73976	1.03583	1	-0.00227	-0.00774	0.68828	0.00361	1	0.06285	-0.01211	0.65641	0.00380	1	1.45898	0.81042	0	
1270976	8571.61133	3306515712211	0.49861	0.32075	8571.23047	0.38086	11917	1	0.52345	0.30758	1	0.47376	0.33468	1	0.49860	0.32113	1	0.49005	0.52492	12.14827	1.04492	1	0.74953	0.55142	13.13346	1.05258	1	-0.00227	-0.00793	0.70524	0.00238	1	0.06514	-0.01249	0.67978	0.00386	1	1.45898	0.81042	0	
1270977	8571.61816	3306515780237	0.49870	0.32145	8571.23047	0.38770	11917	1	0.53933	0.35845	1	0.47954	0.31450	1	0.50944	0.33647	1	0.49046	0.52692	11.76572	1.06166	1	0.74992	0.55096	12.60240	1.06932	1	-0.00227	-0.00793	0.70524	0.00358	1	0.06514	-0.01249	0.67978	0.00382	1	1.45898	0.81042	0	
1270978	8571.62500	3306515847903	0.49870	0.31934	8571.23047	0.39453	11917	1	0.49586	0.24171	1	0.49269	0.26765	1	0.49428	0.25468	1	0.49024	0.52577	11.39455	1.07841	1	0.75011	0.55103	12.32341	1.08607	1	-0.00227	-0.00793	0.70524	0.00387	1	0.06514	-0.01249	0.67978	0.00381	1	1.45898	0.81042	0	
1270979	8571.63184	3306515915442	0.49869	0.31700	8571.23047	0.40137	11917	1	0.49377	0.22711	1	0.49356	0.25322	1	0.49367	0.24017	1	0.49020	0.52496	12.01539	1.09515	1	0.74980	0.55130	12.78103	1.10281	1	-0.00227	-0.00793	0.70524	0.00241	1	0.06514	-0.01249	0.67978	0.00384	1	1.45898	0.81042	0	
1270980	8571.63867	3306515984544	0.49892	0.31625	8571.23047	0.40820	11917	1	0.51074	0.29483	1	0.48470	0.31297	1	0.49772	0.30390	1	0.49049	0.52666	11.90376	1.10281	1	0.74997	0.55119	12.74073	1.10281	1	-0.00227	-0.00793	0.70524	0.00375	1	0.06514	-0.01249	0.67978	0.00386	1	1.45898	0.81042	0	
1270981	8571.64551	3306516051241	0.49912	0.31649	8571.23047	0.41504	11917	1	0.51664	0.27928	1	0.48724	0.31636	1	0.50194	0.29782	1	0.49059	0.52665	11.87465	1.10281	1	0.75003	0.55113	12.29209	1.10281	1	-0.00227	-0.00793	0.70524	0.00388	1	0.06514	-0.01249	0.67978	0.00383	1	1.45898	0.81042	0	
1270982	8571.65234	3306516118326	0.49934	0.31681	8571.23047	0.42188	11917	1	0.51761	0.28670	1	0.48722	0.31668	1	0.50241	0.30169	1	0.49097	0.52673	11.43864	1.09373	1	0.75027	0.55027	12.08579	1.10241	1	-0.00210	-0.00740	0.66639	0.00394	1	0.06658	-0.01276	0.69423	0.00405	1	1.45898	0.81042	0	
1270983	8571.65918	3306516185471	0.49980	0.31646	8571.23047	0.42871	11917	1	0.52403	0.31367	1	0.51504	0.22667	1	0.51954	0.27017	1	0.49068	0.52670	12.25940	1.09332	1	0.75037	0.55033	12.11043	1.10200	1	-0.00210	-0.00740	0.66639	0.00376	1	0.06658	-0.01276	0.69423	0.00412	1	1.45898	0.81042	0	
1270984	8571.66602	3306516251951	0.50027	0.31640	8571.23047	0.43555	11917	1	0.53814	0.32015	1	0.51354	0.29423	1	0.52584	0.30719	1	0.49090	0.52675	11.56385	1.09292	1	0.75036	0.55050	12.11814	1.10160	1	-0.00210	-0.00740	0.66639	0.00372	1	0.06658	-0.01276	0.69423	0.00418	1	1.45898	0.81042	0	
1270985	8571.67285	3306516319506	0.50074	0.31634	8571.23047	0.44238	11917	1	0.53817	0.32047	1	0.51351	0.29456	1	0.52584	0.30752	1	0.49143	0.52709	12.25654	1.09251	1	0.75025	0.55097	12.27358	1.10119	1	-0.00213	-0.00744	0.67521	0.00362	1	0.06769	-0.01292	0.70581	0.00400	1	1.45898	0.81042	0	
1270986	8571.67871	3306516386497	0.50090	0.31780	8571.23047	0.44824	11917	1	0.53713	0.30126	1	0.46093	0.34301	1	0.49903	0.32213	1	0.49085	0.52629	10.96410	1.10119	1	0.75034	0.55089	12.32045	1.10119	1	-0.00213	-0.00744	0.67521	0.00387	1	0.06769	-0.01292	0.70581	0.00406	1	1.45898	0.81042	0	
1270987	8571.68555	3306516452688	0.50086	0.31643	8571.23047	0.45508	11917	1	0.53593	0.23706	1	0.45262	0.28561	1	0.49427	0.26134	1	0.49092	0.52556	11.15126	1.10119	1	0.75023	0.55055	12.30069	1.10119	1	-0.00213	-0.00744	0.67521	0.00405	1	0.06769	-0.01292	0.70581	0.00418	1	1.45898	0.81042	0	
1270988	8571.69238	3306516519628	0.50482	0.28806	8571.23047	0.45508	11917	0	0.53509	0.22929	1	0.45276	0.27807	1	0.49393	0.25368	1	0.49145	0.52700	12.40718	1.11028	1	0.75046	0.55055	12.87314	1.11028	1	-0.00218	-0.00775	0.70765	0.00363	1	0.06769	-0.01292	0.70581	0.00419	1	1.45898	0.81042	0	
1270989	8571.69922	3306516588128	0.50456	0.28008	8571.23047	0.45508	11917	0	0.53014	0.28825	1	0.47845	0.25596	1	0.50430	0.27210	1	0.49080	0.52626	11.26647	1.11936	1	0.75065	0.55025	12.65262	1.11936	1	-0.00218	-0.00775	0.70765	0.00356	1	0.06769	-0.01292	0.70581	0.00414	1	1.45898	0.81042	0	
1270990	8571.70605	3306516652850	0.50194	0.27779	8571.23047	0.45508	11917	0	0.52805	0.25680	1	0.46534	0.28962	1	0.49670	0.27321	1	0.49117	0.52627	12.25027	1.12845	1	0.75050	0.55010	12.59994	1.12845	1	-0.00218	-0.00775	0.70765	0.00330	1	0.06769	-0.01292	0.70581	0.00398	1	1.45898	0.81042	0	
1270991	8571.71289	3306516722220	0.50060	0.27752	8571.69238	0.02051	11918	1	0.52805	0.25680	1	0.46511	0.29663	1	0.49658	0.27671	1	0.49082	0.52599	11.10018	1.12845	1	0.75091	0.55027	12.27321	1.11977	1	-0.00204	-0.00743	0.67865	0.00343	1	0.06480	-0.01234	0.67407	0.00405	1	1.45898	0.81042	0	
1270992	8571.71973	3306516788531	0.49793	0.26534	8571.69238	0.02734	11918	1	0.50561	0.12260	1	0.46890	0.31060	1	0.48725	0.21660	1	0.49087	0.52442	11.80937	1.11068	1	0.75053	0.55075	12.98393	1.10200	1	-0.00204	-0.00743	0.67865	0.00238	1	0.06480	-0.01234	0.67407	0.00390	1	1.45898	0.81042	0	
1270993	8571.72559	3306516855701	0.49823	0.27493	8571.69238	0.03320	11918	1	0.50854	0.27832	1	0.49086	0.36746	1	0.49970	0.32289	1	0.49078	0.52580	11.20091	1.09292	1	0.75091	0.55063	12.66548	1.08424	1	-0.00204	-0.00743	0.67865	0.00341	1	0.06480	-0.01234	0.67407	0.00366	1	1.45898	0.81042	0	
1270994	8571.73242	3306516922354	0.49852	0.28381	8571.69238	0.04004	11918	1	0.51057	0.29300	1	0.48996	0.38114	1	0.50026	0.33707	1	0.49083	0.52588	11.07728	1.07515	1	0.75090	0.55047	12.49746	1.06647	1	-0.00204	-0.00743	0.67865	0.00347	1	0.06480	-0.01234	0.67407	0.00366	1	1.45898	0.81042	0	
1270995	8571.73926	3306516988364	0.50096	0.29100	8571.69238	0.04688	11918	1	0.53684	0.30660	1	0.49935	0.37604	1	0.51810	0.34132	1	0.49123	0.52612	12.27720	1.06647	1	0.75096	0.55060	12.20999	1.06647	1	-0.00204	-0.00743	0.67865	0.00349	1	0.06480	-0.01234	0.67407	0.00370	1	1.45898	0.81042	0	
1270996	8571.74609	3306517055177	0.49923	0.29225	8571.69238	0.05371	11918	1	0.48793	0.29956	1	0.48286	0.30498	1	0.48539	0.30227	1	0.49080	0.52584	11.16669	1.06647	1	0.75072	0.55029	12.78666	1.06647	1	-0.00204	-0.00743	0.67865	0.00343	1	0.06480	-0.01234	0.67407	0.00371	1	1.45898	0.81042	0	
1270997	8571.75293	3306517122506	0.49781	0.29249	8571.69238	0.06055	11918	1	0.48672	0.29204	1	0.48326	0.29733	1	0.48499	0.29469	1	0.49099	0.52418	11.85525	1.07556	1	0.75092	0.55020	12.34782	1.07556	1	-0.00205	-0.00768	0.70099	0.00233	1	0.06480	-0.01234	0.67407	0.00376	1	1.45898	0.81042	0	
1270998	8571.75977	3306517190503	0.49876	0.29345	8571.69238	0.06738	11918	1	0.52417	0.34074	1	0.49231	0.26528	1	0.50824	0.30301	1	0.49143	0.52609	12.05581	1.08464	1	0.75094	0.55018	12.20076	1.08464	1	-0.00205	-0.00768	0.70099	0.00360	1	0.06480	-0.01234	0.67407	0.00380	1	1.45898	0.81042	0	
1270999	8571.76660	3306517257224	0.49869	0.29867	8571.69238	0.07422	11918	1	0.52168	0.36023	1	0.47421	0.35189	1	0.49795	0.35606	1	0.49139	0.52639	12.10166	1.09373	1	0.75061	0.55055	12.94366	1.09373	1	-0.00205	-0.00768	0.70099	0.00358	1	0.06480	-0.01234	0.67407	0.00375	1	1.45898	0.81042	0	
1271000	8571.77246	3306517324277	0.49861	0.30255	8571.69238	0.08008	11918	1	0.52073	0.35342	1	0.47453	0.34483	1	0.49763	0.34913	1	0.49124	0.52529	11.44405	1.10281	1	0.75090	0.55021	12.30902	1.10281	1	-0.00205	-0.00768	0.70099	0.00388	1	0.06480	-0.01234	0.67407	0.00370	1	1.45898	0.81042	0	
1271001	8571.77930	3306517388478	0.49952	0.30211	8571.69238	0.08691	11918	1	0.52242	0.26528	1	0.50039	0.32756	1	0.51140	0.29642	1	0.49147	0.52540	10.86032	1.10281	1	0.75097	0.55026	12.30323	1.10281	1	-0.00205	-0.00768	0.70099	0.00384	1	0.06480	-0.01234	0.67407	0.00374	1	1.45898	0.81042	0	
1271002	8571.78613	3306517456856	0.49880	0.29958	8571.69238	0.09375	11918	1	0.51749	0.25634	1	0.45979	0.27204	1	0.48864	0.26419	1	0.49148	0.52541	10.90499	1.10281	1	0.75110	0.55043	12.10397	1.10281	1	-0.00205	-0.00768	0.70099	0.00386	1	0.06480	-0.01234	0.67407	0.00373	1	1.45898	0.81042	0	
1271003	8571.79297	3306517525249	0.49819	0.29785	8571.69238	0.10059	11918	1	0.51845	0.26396	1	0.45958	0.27969	1	0.48902	0.27182	1	0.49158	0.52532	10.96559	1.09373	1	0.75131	0.55018	12.64928	1.09373	1	-0.00194	-0.00734	0.67973	0.00391	1	0.06480	-0.01234	0.67407	0.00370	1	1.45898	0.81042	0	
1271004	8571.79980	3306517592191	0.49843	0.29806	8571.69238	0.10742	11918	1	0.53684	0.30179	1	0.46792	0.30110	1	0.50238	0.30144	1	0.49165	0.52543	11.09274	1.08464	1	0.75132	0.54993	12.57934	1.08464	1	-0.00194	-0.00734	0.67973	0.00386	1	0.06480	-0.01234	0.67407	0.00369	1	1.45898	0.81042	0	
1271005	8571.80664	3306517659159	0.49812	0.30011	8571.69238	0.11426	11918	1	0.52871	0.32579	1	0.45679	0.34433	1	0.49275	0.33506	1	0.49157	0.52537	10.82442	1.07556	1	0.75112	0.55037	12.85962	1.07556	1	-0.00194	-0.00734	0.67973	0.00392	1	0.06480	-0.01234	0.67407	0.00372	1	1.45898	0.81042	0	
1271006	8571.81348	3306517726419	0.49785	0.30233	8571.69238	0.12109	11918	1	0.52962	0.33301	1	0.45661	0.35156	1	0.49311	0.34228	1	0.49168	0.52545	11.08538	1.06647	1	0.75170	0.55000	12.33669	1.06647	1	-0.00183	-0.00721	0.67692	0.00373	1	0.06586	-0.01250	0.68297	0.00379	1	1.45898	0.81042	0	
1271007	8571.81934	3306517793381	0.49849	0.30472	8571.69238	0.12695	11918	1	0.53131	0.34919	1	0.48975	0.35097	1	0.51053	0.35008	1	0.49188	0.52544	11.45832	1.06647	1	0.75172	0.55048	12.60237	1.06647	1	-0.00183	-0.00721	0.67692	0.00373	1	0.06586	-0.01250	0.68297	0.00375	1	1.45898	0.81042	0	
1271008	8571.82617	3306517860405	0.49829	0.30583	8571.69238	0.13379	11918	1	0.50884	0.33410	1	0.47983	0.32206	1	0.49433	0.32808	1	0.49156	0.52536	11.17044	1.06647	1	0.75144	0.55004	12.60863	1.06647	1	-0.00183	-0.00721	0.67692	0.00346	1	0.06586	-0.01250	0.68297	0.00381	1	1.45898	0.81042	0	
1271009	8571.83301	3306517927072	0.49811	0.30685	8571.69238	0.14062	11918	1	0.50884	0.33410	1	0.47983	0.32206	1	0.49433	0.32808	1	0.49187	0.52520	11.94095	1.06647	1	0.75151	0.54955	12.13904	1.06647	1	-0.00183	-0.00721	0.67692	0.00342	1	0.06547	-0.01227	0.67896	0.00417	1	1.45898	0.81042	0	
1271010	8571.83984	3306517994097	0.49844	0.30752	8571.69238	0.14746	11918	1	0.51702	0.34660	1	0.49434	0.29825	1	0.50568	0.32243	1	0.49210	0.52551	12.15208	1.06647	1	0.75168	0.54971	12.17900	1.06647	1	-0.00183	-0.00721	0.67692	0.00350	1	0.06547	-0.01227	0.67896	0.00409	1	1.45898	0.81042	0	
1271011	8571.84668	3306518060197	0.49845	0.30997	8571.69238	0.15430	11918	1	0.51916	0.34980	1	0.47820	0.38277	1	0.49868	0.36629	1	0.49212	0.52550	12.19247	1.06647	1	0.75155	0.55060	13.08723	1.06647	1	-0.00183	-0.00721	0.67692	0.00350	1	0.06547	-0.01227	0.67896	0.00381	1	1.45898	0.81042	0	
1271012	8571.85352	3306518128299	0.49847	0.31209	8571.69238	0.16113	11918	1	0.51916	0.34980	1	0.47854	0.37611	1	0.49885	0.36295	1	0.49239	0.52497	11.16061	1.06647	1	0.75202	0.55013	12.46056	1.07515	1	-0.00174	-0.00725	0.68096	0.00360	1	0.06750	-0.01264	0.69943	0.00393	1	1.45898	0.81042	0	
1271013	8571.86035	3306518195270	0.49839	0.31185	8571.69238	0.16797	11918	1	0.53244	0.28694	1	0.46062	0.32474	1	0.49653	0.30584	1	0.49239	0.52495	11.10235	1.07515	1	0.75192	0.55007	12.52860	1.08383	1	-0.00174	-0.00725	0.68096	0.00370	1	0.06750	-0.01264	0.69943	0.00401	1	1.45898	0.81042	0	
1271014	8571.86719	3306518262470	0.49836	0.31230	8571.69238	0.17480	11918	1	0.53614	0.35882	1	0.45892	0.28917	1	0.49753	0.32399	1	0.49239	0.52521	11.21487	1.08383	1	0.75186	0.55007	12.55791	1.09251	1	-0.00174	-0.00725	0.68096	0.00365	1	0.06750	-0.01264	0.69943	0.00403	1	1.45898	0.81042	0	
1271015	8571.87305	3306518329028	0.49830	0.31234	8571.69238	0.18066	11918	1	0.53449	0.34537	1	0.45912	0.28160	1	0.49680	0.31348	1	0.49216	0.52322	11.99118	1.10160	1	0.75229	0.55008	12.78588	1.10160	1	-0.00175	-0.00752	0.70651	0.00235	1	0.06578	-0.01231	0.68112	0.00402	1	1.45898	0.81042	0	
1271016	8571.87988	3306518395958	0.49861	0.31188	8571.69238	0.18750	11918	1	0.53310	0.30968	1	0.48146	0.28837	1	0.50728	0.29903	1	0.49229	0.52521	11.63049	1.11068	1	0.75223	0.54999	12.84845	1.10200	1	-0.00175	-0.00752	0.70651	0.00357	1	0.06578	-0.01231	0.68112	0.00388	1	1.45898	0.81042	0	
1271017	8571.88672	3306518463090	0.49878	0.31072	8571.69238	0.19434	11918	1	0.52854	0.28003	1	0.47848	0.27379	1	0.50351	0.27691	1	0.49241	0.52463	11.16993	1.11109	1	0.75225	0.54985	12.86480	1.10241	1	-0.00175	-0.00752	0.70651	0.00366	1	0.06578	-0.01231	0.68112	0.00391	1	1.45898	0.81042	0	
1271018	8571.89355	3306518530056	0.49893	0.30996	8571.69238	0.20117	11918	1	0.52938	0.28706	1	0.47785	0.28755	1	0.50362	0.28730	1	0.49287	0.52487	11.69317	1.10241	1	0.75231	0.55012	12.66127	1.08607	1	-0.00162	-0.00715	0.67569	0.00370	1	0.06301	-0.01178	0.65193	0.00387	1	1.45898	0.81042	0	
1271019	8571.90039	3306518596906	0.49862	0.30834	8571.69238	0.20801	11918	1	0.50535	0.17450	1	0.47250	0.34176	1	0.48892	0.25813	1	0.49235	0.52317	11.88558	1.07698	1	0.75219	0.55035	13.05147	1.06932	1	-0.00162	-0.00715	0.67569	0.00238	1	0.06301	-0.01178	0.65193	0.00384	1	1.45898	0.81042	0	
1271020	8571.90723	3306518663334	0.49847	0.30972	8571.69238	0.21484	11918	1	0.52239	0.33920	1	0.46484	0.36812	1	0.49361	0.35366	1	0.49253	0.52493	11.53735	1.06024	1	0.75208	0.55023	13.25411	1.05258	1	-0.00162	-0.00715	0.67569	0.00366	1	0.06301	-0.01178	0.65193	0.00386	1	1.45898	0.81042	0	
1271021	8571.91406	3306518732153	0.49835	0.31131	8571.69238	0.22168	11918	1	0.52417	0.35248	1	0.46459	0.37531	1	0.49438	0.36389	1	0.49248	0.52301	11.83804	1.04349	1	0.75233	0.54978	12.17072	1.04349	1	-0.00162	-0.00715	0.67569	0.00233	1	0.06621	-0.01237	0.68452	0.00409	1	1.45898	0.81042	0	
1271022	8571.92090	3306518799483	0.49802	0.31000	8571.69238	0.22852	11918	1	0.49204	0.18734	1	0.48199	0.34348	1	0.48702	0.26541	1	0.49248	0.52301	11.83804	1.04349	1	0.75232	0.55017	12.84257	1.05115	1	-0.00162	-0.00715	0.67569	0.00233	1	0.06621	-0.01237	0.68452	0.00394	1	1.45898	0.81042	0	
1271023	8571.92676	3306518866871	0.49768	0.30866	8571.69238	0.23438	11918	1	0.48817	0.19235	1	0.48334	0.33169	1	0.48576	0.26202	1	0.49248	0.52299	11.88659	1.05115	1	0.75235	0.54995	12.58065	1.05881	1	-0.00162	-0.00715	0.67569	0.00235	1	0.06621	-0.01237	0.68452	0.00399	1	1.45898	0.81042	0	
1271024	8571.93359	3306518930988	0.49736	0.30712	8571.69238	0.24121	11918	1	0.48714	0.18513	1	0.48407	0.31826	1	0.48561	0.25169	1	0.49268	0.52304	11.49698	1.05881	1	0.75250	0.55011	12.18124	1.07515	1	-0.00157	-0.00736	0.69600	0.00235	1	0.06776	-0.01265	0.69993	0.00379	1	1.45898	0.81042	0	
1271025	8571.94043	3306518999439	0.49755	0.30661	8571.69238	0.24805	11918	1	0.51795	0.32258	1	0.49124	0.25238	1	0.50459	0.28748	1	0.49291	0.52472	12.33299	1.07515	1	0.75241	0.54946	12.02130	1.08383	1	-0.00157	-0.00736	0.69600	0.00379	1	0.06776	-0.01265	0.69993	0.00393	1	1.45898	0.81042	0	
1271026	8571.94727	3306519066674	0.49749	0.30399	8571.69238	0.25488	11918	1	0.49103	0.15112	1	0.49949	0.25778	1	0.49526	0.20445	1	0.49268	0.52280	11.98349	1.08383	1	0.75256	0.54987	12.18517	1.09251	1	-0.00157	-0.00736	0.69600	0.00238	1	0.06776	-0.01265	0.69993	0.00391	1	1.45898	0.81042	0	
1271027	8571.95410	3306519133170	0.49537	0.27555	8571.69238	0.25488	11918	0	0.48992	0.14286	1	0.49999	0.25027	1	0.49495	0.19656	1	0.49312	0.52429	11.25248	1.09251	1	0.75271	0.54997	12.41783	1.10119	1	-0.00154	-0.00727	0.68280	0.00387	1	0.06776	-0.01265	0.69993	0.00391	1	1.45898	0.81042	0	
1271028	8571.96094	3306519199979	0.49995	0.27770	8571.69238	0.25488	11918	0	0.54334	0.30385	1	0.46570	0.25585	1	0.50452	0.27985	1	0.49334	0.52490	11.86187	1.10119	1	0.75243	0.54973	12.31141	1.10119	1	-0.00154	-0.00727	0.68280	0.00384	1	0.06776	-0.01265	0.69993	0.00380	1	1.45898	0.81042	0	
1271029	8571.96680	3306519267027	0.50094	0.27629	8571.69238	0.25488	11918	0	0.52685	0.25506	1	0.47901	0.29187	1	0.50293	0.27347	1	0.49309	0.52430	11.12359	1.10119	1	0.75257	0.55001	12.47519	1.10119	1	-0.00154	-0.00727	0.68280	0.00385	1	0.06776	-0.01265	0.69993	0.00382	1	1.45898	0.81042	0	
1271030	8571.97363	3306519330590	0.50144	0.27558	8571.95410	0.01953	11919	1	0.52685	0.25506	1	0.47901	0.29187	1	0.50293	0.27347	1	0.49319	0.52463	11.07547	1.10119	1	0.75288	0.55038	12.45169	1.10119	1	-0.00154	-0.00727	0.68280	0.00366	1	0.06776	-0.01265	0.69993	0.00386	1	1.45898	0.81042	0	
1271031	8571.98047	3306519401701	0.50070	0.28345	8571.95410	0.02637	11919	1	0.53371	0.31438	1	0.46181	0.31549	1	0.49776	0.31494	1	0.49317	0.52489	11.12182	1.10119	1	0.75275	0.55036	12.27325	1.10119	1	-0.00154	-0.00727	0.68280	0.00377	1	0.06776	-0.01265	0.69993	0.00384	1	1.45898	0.81042	0	
1271032	8571.98730	3306519468172	0.49923	0.27309	8571.95410	0.03320	11919	1	0.51464	0.14240	1	0.46911	0.30018	1	0.49187	0.22129	1	0.49298	0.52294	11.87448	1.10119	1	0.75284	0.55026	12.24985	1.10119	1	-0.00154	-0.00727	0.68280	0.00238	1	0.06776	-0.01265	0.69993	0.00398	1	1.45898	0.81042	0	
1271033	8571.99316	3306519530505	0.49818	0.26569	8571.95410	0.03906	11919	1	0.51464	0.14240	1	0.46911	0.30018	1	0.49187	0.22129	1	0.49305	0.52459	11.05635	1.10119	1	0.75277	0.55028	12.39470	1.10119	1	-0.00154	-0.00727	0.68280	0.00377	1	0.06776	-0.01265	0.69993	0.00381	1	1.45898	0.81042	0	
1271034	8572.00000	3306519598169	0.49790	0.26926	8571.95410	0.04590	11919	1	0.52493	0.27688	1	0.46699	0.31155	1	0.49596	0.29422	1	0.49301	0.52447	10.84899	1.10119	1	0.75282	0.55034	12.56351	1.10119	1	-0.00154	-0.00727	0.68280	0.00384	1	0.06776	-0.01265	0.69993	0.00380	1	1.45898	0.81042	0	
1271035	8572.00684	3306519665088	0.49724	0.27386	8571.95410	0.05273	11919	1	0.52729	0.28543	1	0.45662	0.33602	1	0.49196	0.31072	1	0.49305	0.52456	10.91757	1.10119	1	0.75266	0.55042	12.30188	1.10119	1	-0.00154	-0.00727	0.68280	0.00377	1	0.06776	-0.01265	0.69993	0.00379	1	1.45898	0.81042	0	
1271036	8572.01367	3306519735694	0.49671	0.27755	8571.95410	0.05957	11919	1	0.52729	0.28543	1	0.45662	0.33602	1	0.49196	0.31072	1	0.49316	0.52472	11.11174	1.10119	1	0.75270	0.55039	12.08156	1.10119	1	-0.00154	-0.00727	0.68280	0.00383	1	0.06683	-0.01253	0.69041	0.00382	1	1.45898	0.81042	0	
1271037	8572.02051	3306519800892	0.49707	0.28051	8571.95410	0.06641	11919	1	0.53174	0.30908	1	0.46944	0.31109	1	0.50059	0.31009	1	0.49315	0.52495	11.21428	1.10119	1	0.75287	0.55016	12.31146	1.10119	1	-0.00154	-0.00727	0.68280	0.00360	1	0.06683	-0.01253	0.69041	0.00382	1	1.45898	0.81042	0	
1271038	8572.02734	3306519864882	0.49747	0.28220	8571.95410	0.07324	11919	1	0.53309	0.28209	1	0.47074	0.31960	1	0.50191	0.30085	1	0.49311	0.52464	11.03245	1.10119	1	0.75287	0.55047	12.31307	1.10119	1	-0.00154	-0.00727	0.68280	0.00371	1	0.06683	-0.01253	0.69041	0.00384	1	1.45898	0.81042	0	
1271039	8572.03418	3306519935401	0.49781	0.28364	8571.95410	0.08008	11919	1	0.53309	0.28209	1	0.47074	0.31960	1	0.50191	0.30085	1	0.49312	0.52492	11.22391	1.10119	1	0.75267	0.55017	12.09174	1.10119	1	-0.00154	-0.00727	0.68280	0.00363	1	0.06776	-0.01265	0.69993	0.00380	1	1.45898	0.81042	0	
1271040	8572.04102	3306520002009	0.49661	0.28616	8571.95410	0.08691	11919	1	0.52144	0.29536	1	0.44057	0.34256	1	0.48100	0.31896	1	0.49305	0.52488	10.98252	1.10119	1	0.75244	0.55054	12.52249	1.10119	1	-0.00154	-0.00727	0.68280	0.00366	1	0.06776	-0.01265	0.69993	0.00377	1	1.45898	0.81042	0	
1271041	8572.04785	3306520070528	0.49565	0.28257	8571.95410	0.09375	11919	1	0.49899	0.15195	1	0.46526	0.31253	1	0.48213	0.23224	1	0.49280	0.52316	11.92068	1.10119	1	0.75277	0.55037	12.57429	1.10119	1	-0.00154	-0.00727	0.68280	0.00232	1	0.06776	-0.01265	0.69993	0.00371	1	1.45898	0.81042	0	
1271042	8572.05469	3306520137726	0.49480	0.27942	8571.95410	0.10059	11919	1	0.49899	0.15195	1	0.46526	0.31253	1	0.48213	0.23224	1	0.49278	0.52317	11.85925	1.10119	1	0.75258	0.55046	12.08139	1.10119	1	-0.00154	-0.00727	0.68280	0.00237	1	0.06683	-0.01258	0.69041	0.00370	1	1.45898	0.81042	0	
1271043	8572.06055	3306520204184	0.49468	0.28030	8571.95410	0.10645	11919	1	0.52999	0.26972	1	0.45566	0.31900	1	0.49282	0.29436	1	0.49320	0.52500	11.18811	1.10119	1	0.75259	0.55046	12.00440	1.10119	1	-0.00154	-0.00727	0.68280	0.00357	1	0.06683	-0.01258	0.69041	0.00374	1	1.45898	0.81042	0	
1271044	8572.06738	3306520271609	0.49367	0.27716	8571.95410	0.11328	11919	1	0.49729	0.12842	1	0.45566	0.31900	1	0.47647	0.22371	1	0.49266	0.52315	11.71552	1.10119	1	0.75259	0.55029	12.01973	1.10119	1	-0.00154	-0.00727	0.68280	0.00236	1	0.06683	-0.01258	0.69041	0.00374	1	1.45898	0.81042	0	
1271045	8572.07422	3306520338547	0.49274	0.27411	8571.95410	0.12012	11919	1	0.49620	0.11972	1	0.45567	0.31868	1	0.47593	0.21920	1	0.49259	0.52329	11.47187	1.11028	1	0.75255	0.55034	12.27001	1.10160	1	-0.00163	-0.00746	0.70005	0.00236	1	0.06605	-0.01243	0.68183	0.00372	1	1.45898	0.81042	0	
1271046	8572.08105	3306520405456	0.49184	0.27191	8571.95410	0.12695	11919	1	0.50660	0.11155	1	0.44295	0.34872	1	0.47477	0.23014	1	0.49287	0.52326	11.46917	1.11068	1	0.75253	0.55072	12.75050	1.10200	1	-0.00163	-0.00746	0.70005	0.00233	1	0.06605	-0.01243	0.68183	0.00371	1	1.45898	0.81042	0	
1271047	8572.08789	3306520472307	0.49204	0.27307	8571.95410	0.13379	11919	1	0.53233	0.28754	1	0.45964	0.30499	1	0.49598	0.29627	1	0.49322	0.52532	11.44203	1.11109	1	0.75266	0.55016	12.29463	1.10241	1	-0.00163	-0.00746	0.70005	0.00354	1	0.06605	-0.01243	0.68183	0.00374	1	1.45898	0.81042	0	
1271048	8572.09473	3306520538553	0.49224	0.27428	8571.95410	0.14062	11919	1	0.53315	0.29451	1	0.45964	0.30499	1	0.49639	0.29975	1	0.49292	0.52546	11.83454	1.10241	1	0.75255	0.55018	12.11561	1.10241	1	-0.00154	-0.00727	0.68280	0.00347	1	0.06771	-0.01280	0.69941	0.00363	1	1.45898	0.81042	0	
1271049	8572.10156	3306520607159	0.49121	0.27097	8571.95410	0.14746	11919	1	0.49656	0.12731	1	0.44057	0.26915	1	0.46857	0.19823	1	0.49270	0.52321	11.70510	1.09332	1	0.75240	0.55031	12.28759	1.10200	1	-0.00154	-0.00727	0.68280	0.00241	1	0.06771	-0.01280	0.69941	0.00378	1	1.45898	0.81042	0	
1271050	8572.10840	3306520674336	0.49044	0.26795	8571.95410	0.15430	11919	1	0.49349	0.13233	1	0.45226	0.26450	1	0.47288	0.19841	1	0.49258	0.52333	11.67930	1.09292	1	0.75256	0.55025	12.11604	1.10160	1	-0.00154	-0.00727	0.68280	0.00235	1	0.06771	-0.01280	0.69941	0.00363	1	1.45898	0.81042	0	
1271051	8572.11426	3306520741807	0.48974	0.26518	8571.95410	0.16016	11919	1	0.49354	0.13272	1	0.45226	0.26485	1	0.47290	0.19878	1	0.49253	0.52336	11.82863	1.09251	1	0.75265	0.54912	11.85122	1.10119	1	-0.00154	-0.00727	0.68280	0.00231	1	0.06776	-0.01276	0.69993	0.00416	1	1.45898	0.81042	0	
1271052	8572.12109	3306520807479	0.48009	0.23473	8571.95410	0.16016	11919	0	0.48555	0.13258	1	0.45470	0.25436	1	0.47013	0.19347	1	0.49258	0.52342	11.64946	1.10119	1	0.75257	0.54965	11.99296	1.10119	1	-0.00154	-0.00727	0.68280	0.00237	1	0.06776	-0.01276	0.69993	0.00419	1	1.45898	0.81042	0	
1271053	8572.12793	3306520874330	0.47482	0.22460	8571.95410	0.16016	11919	0	0.49262	0.15779	1	0.44647	0.27114	1	0.46955	0.21447	1	0.49260	0.52353	11.33669	1.10119	1	0.75247	0.54986	12.11064	1.10119	1	-0.00154	-0.00727	0.68280	0.00237	1	0.06776	-0.01276	0.69993	0.00411	1	1.45898	0.81042	0	
1271054	8572.13477	3306520941783	0.47289	0.21854	8571.95410	0.16016	11919	0	0.49149	0.14934	1	0.44657	0.26348	1	0.46903	0.20641	1	0.49271	0.52548	10.92295	1.11028	1	0.75251	0.54945	12.12416	1.11028	1	-0.00163	-0.00746	0.70005	0.00347	1	0.06683	-0.01258	0.69041	0.00425	1	1.45898	0.81042	0	
1271055	8572.14160	3306521008133	0.47461	0.20050	8572.12109	0.02051	11920	1	0.49104	0.12936	1	0.46854	0.16345	1	0.47979	0.14641	1	0.49269	0.52351	11.42378	1.11936	1	0.75274	0.54869	11.67335	1.11936	1	-0.00163	-0.00746	0.70005	0.00235	1	0.06683	-0.01258	0.69041	0.00422	1	1.45898	0.81042	0	
1271056	8572.14844	3306521075309	0.47381	0.19608	8572.12109	0.02734	11920	1	0.48632	0.11622	1	0.45485	0.24055	1	0.47058	0.17838	1	0.49263	0.52345	11.58463	1.12845	1	0.75258	0.55028	12.18427	1.12845	1	-0.00163	-0.00746	0.70005	0.00236	1	0.06683	-0.01258	0.69041	0.00364	1	1.45898	0.81042	0	
1271057	8572.15430	3306521142950	0.47327	0.19313	8572.12109	0.03320	11920	1	0.48632	0.11622	1	0.45485	0.24055	1	0.47058	0.17838	1	0.49255	0.52350	11.48305	1.12845	1	0.75270	0.55031	12.15865	1.12845	1	-0.00162	-0.00720	0.67580	0.00234	1	0.06683	-0.01258	0.69041	0.00375	1	1.45898	0.81042	0	
1271058	8572.16113	3306521208790	0.47472	0.19674	8572.12109	0.04004	11920	1	0.50643	0.13631	1	0.46044	0.30050	1	0.48344	0.21841	1	0.49266	0.52352	11.47916	1.11936	1	0.75266	0.55037	12.14069	1.11936	1	-0.00162	-0.00720	0.67580	0.00242	1	0.06683	-0.01258	0.69041	0.00364	1	1.45898	0.81042	0	
1271059	8572.16797	3306521276203	0.47494	0.19977	8572.12109	0.04688	11920	1	0.50328	0.14530	1	0.44963	0.29661	1	0.47645	0.22095	1	0.49253	0.52354	11.56775	1.11028	1	0.75257	0.55009	12.13262	1.11028	1	-0.00162	-0.00720	0.67580	0.00232	1	0.06683	-0.01258	0.69041	0.00358	1	1.45898	0.81042	0	
1271060	8572.17480	3306521343071	0.47515	0.20340	8572.12109	0.05371	11920	1	0.50432	0.15378	1	0.44940	0.31105	1	0.47686	0.23242	1	0.49227	0.52580	11.11149	1.10119	1	0.75276	0.55006	12.26696	1.09251	1	-0.00162	-0.00720	0.67580	0.00362	1	0.06621	-0.01248	0.68452	0.00365	1	1.45898	0.81042	0	
1271061	8572.18164	3306521410200	0.47713	0.20923	8572.12109	0.06055	11920	1	0.52864	0.15475	1	0.46125	0.36883	1	0.49494	0.26179	1	0.49278	0.52359	11.69583	1.09251	1	0.75276	0.55050	12.42131	1.08383	1	-0.00162	-0.00720	0.67580	0.00238	1	0.06621	-0.01248	0.68452	0.00366	1	1.45898	0.81042	0	
1271062	8572.18848	3306521477137	0.47747	0.22127	8572.12109	0.06738	11920	1	0.50478	0.34232	1	0.45694	0.34097	1	0.48086	0.34165	1	0.49229	0.52551	11.20752	1.08383	1	0.75269	0.55028	12.41261	1.07515	1	-0.00162	-0.00720	0.67580	0.00384	1	0.06621	-0.01248	0.68452	0.00358	1	1.45898	0.81042	0	
1271063	8572.19434	3306521542350	0.47780	0.23158	8572.12109	0.07324	11920	1	0.50580	0.34904	1	0.45694	0.34097	1	0.48137	0.34501	1	0.49252	0.52562	11.47426	1.07515	1	0.75255	0.55020	12.14111	1.07515	1	-0.00162	-0.00720	0.67580	0.00373	1	0.06771	-0.01280	0.69941	0.00368	1	1.45898	0.81042	0	
1271064	8572.20117	3306521604235	0.47686	0.23707	8572.12109	0.08008	11920	1	0.47932	0.33360	1	0.45185	0.27229	1	0.46558	0.30294	1	0.49229	0.52593	10.95282	1.07515	1	0.75255	0.55022	12.17118	1.08383	1	-0.00162	-0.00720	0.67580	0.00372	1	0.06771	-0.01280	0.69941	0.00363	1	1.45898	0.81042	0	
1271065	8572.20801	3306521675223	0.47667	0.24096	8572.12109	0.08691	11920	1	0.49312	0.31735	1	0.45531	0.26566	1	0.47422	0.29150	1	0.49247	0.52520	11.30663	1.08383	1	0.75263	0.55029	12.16484	1.09251	1	-0.00162	-0.00720	0.67580	0.00390	1	0.06771	-0.01280	0.69941	0.00367	1	1.45898	0.81042	0	
1271066	8572.21484	3306521745083	0.47647	0.24410	8572.12109	0.09375	11920	1	0.49202	0.31042	1	0.45531	0.26566	1	0.47367	0.28804	1	0.49334	0.52571	11.17043	1.09251	1	0.75325	0.55029	12.29065	1.09251	1	-0.00154	-0.00737	0.68279	0.00376	1	0.06605	-0.01248	0.68183	0.00384	1	1.45898	0.81042	0	
1271067	8572.22168	3306521811128	0.47708	0.24317	8572.12109	0.10059	11920	1	0.48678	0.12811	1	0.48572	0.33040	1	0.48625	0.22926	1	0.49297	0.52380	11.38309	1.09251	1	0.75311	0.55127	12.49314	1.08383	1	-0.00154	-0.00737	0.68279	0.00244	1	0.06605	-0.01248	0.68183	0.00385	1	1.45898	0.81042	0	
1271068	8572.22852	3306521878969	0.47585	0.24157	8572.12109	0.10742	11920	1	0.48293	0.14232	1	0.42938	0.28973	1	0.45616	0.21603	1	0.49316	0.52379	11.26298	1.08383	1	0.75296	0.55084	13.05339	1.07515	1	-0.00154	-0.00737	0.68279	0.00247	1	0.06605	-0.01248	0.68183	0.00385	1	1.45898	0.81042	0	
1271069	8572.23535	3306521945569	0.47479	0.24059	8572.12109	0.11426	11920	1	0.48409	0.15066	1	0.42942	0.29706	1	0.45676	0.22386	1	0.49576	0.52676	11.84471	1.07515	1	0.75591	0.55228	13.03249	1.06647	1	-0.00113	-0.00751	0.68554	0.00353	1	0.06546	-0.01247	0.67049	0.00373	1	1.45898	0.81042	0	
1271070	8572.24219	3306522013129	0.48395	0.28284	8572.12109	0.11426	11920	0	0.60540	0.42286	1	0.56317	0.45845	1	0.58429	0.44065	1	0.49651	0.52713	11.84608	1.06647	1	0.75685	0.55279	12.95629	1.06647	1	-0.00113	-0.00751	0.68554	0.00359	1	0.06546	-0.01247	0.67049	0.00397	1	1.45898	0.81042	0	
1271071	8572.24805	3306522079674	0.51170	0.28384	8572.12109	0.11426	11920	0	0.55325	0.18605	1	0.52564	0.38361	1	0.53944	0.28483	1	0.49664	0.52511	11.69779	1.06647	1	0.75653	0.55248	12.06696	1.06647	1	-0.00113	-0.00751	0.68554	0.00237	1	0.06546	-0.01247	0.67049	0.00378	1	1.45898	0.81042	0	
1271072	8572.25488	3306522146020	0.52084	0.28257	8572.12109	0.11426	11920	0	0.55251	0.17760	1	0.52576	0.38251	1	0.53913	0.28005	1	0.49941	0.52773	11.81344	1.07556	1	0.75915	0.55347	12.41527	1.06790	1	-0.00059	-0.00784	0.71078	0.00372	1	0.06521	-0.01251	0.66437	0.00402	1	1.45898	0.81042	0	
1271073	8572.26172	3306522212631	0.58531	0.33375	8572.12109	0.11426	11920	0	0.70268	0.40262	1	0.65205	0.47011	1	0.67737	0.43636	1	0.49967	0.52794	11.25962	1.07698	1	0.75906	0.55333	11.95375	1.06932	1	-0.00059	-0.00784	0.71078	0.00365	1	0.06521	-0.01251	0.66437	0.00375	1	1.45898	0.81042	0	
1271074	8572.26855	3306522280931	0.62740	0.39129	8572.12109	0.11426	11920	0	0.70069	0.43765	1	0.63830	0.46001	1	0.66949	0.44883	1	0.49961	0.52816	11.66055	1.07841	1	0.75922	0.55337	12.81917	1.07075	1	-0.00059	-0.00784	0.71078	0.00365	1	0.06521	-0.01251	0.66437	0.00383	1	1.45898	0.81042	0	
1271075	8572.27539	3306522348488	0.64138	0.41134	8572.12109	0.11426	11920	0	0.70037	0.44286	1	0.63830	0.46001	1	0.66934	0.45143	1	0.49978	0.52746	11.07738	1.07075	1	0.75999	0.55337	12.41431	1.07075	1	-0.00041	-0.00758	0.68720	0.00366	1	0.06604	-0.01266	0.67233	0.00372	1	1.45898	0.81042	0	
1271076	8572.28223	3306522415278	0.67803	0.44801	8572.12109	0.11426	11920	0	0.73038	0.37353	1	0.66012	0.51397	1	0.69525	0.44375	1	0.50014	0.52744	11.76440	1.06166	1	0.76003	0.55386	12.66866	1.06932	1	-0.00041	-0.00758	0.68720	0.00365	1	0.06604	-0.01266	0.67233	0.00366	1	1.45898	0.81042	0	
1271077	8572.28906	3306522481532	0.68482	0.43365	8572.12109	0.11426	11920	0	0.72062	0.35143	1	0.66260	0.48716	1	0.69161	0.41930	1	0.50013	0.52713	11.33223	1.06024	1	0.75997	0.55367	12.50357	1.06790	1	-0.00041	-0.00758	0.68720	0.00374	1	0.06604	-0.01266	0.67233	0.00363	1	1.45898	0.81042	0	
1271078	8572.29492	3306522549022	0.68676	0.43008	8572.12109	0.11426	11920	0	0.72054	0.35253	1	0.66072	0.49335	1	0.69063	0.42294	1	0.50047	0.52782	11.07308	1.05881	1	0.75979	0.55329	12.08817	1.05881	1	-0.00040	-0.00749	0.67453	0.00372	1	0.06481	-0.01241	0.65928	0.00361	1	1.45898	0.81042	0	
1271079	8572.30176	3306522615950	0.68472	0.43380	8572.28223	0.01953	11921	1	0.70357	0.36399	1	0.65367	0.52594	1	0.67862	0.44496	1	0.50025	0.52744	11.50254	1.05881	1	0.75991	0.55386	12.62995	1.05115	1	-0.00040	-0.00749	0.67453	0.00367	1	0.06481	-0.01241	0.65928	0.00378	1	1.45898	0.81042	0	
1271080	8572.30859	3306522680931	0.68294	0.44615	8572.28223	0.02637	11921	1	0.69727	0.42923	1	0.65435	0.56183	1	0.67581	0.49553	1	0.50040	0.52791	11.44389	1.05115	1	0.75998	0.55423	12.74748	1.04349	1	-0.00040	-0.00749	0.67453	0.00355	1	0.06481	-0.01241	0.65928	0.00377	1	1.45898	0.81042	0	
1271081	8572.31543	3306522748695	0.68173	0.45483	8572.28223	0.03320	11921	1	0.69697	0.43463	1	0.65435	0.56183	1	0.67566	0.49823	1	0.50043	0.52810	11.54488	1.04349	1	0.75994	0.55379	12.66952	1.04349	1	-0.00040	-0.00759	0.67453	0.00362	1	0.06749	-0.01289	0.68495	0.00356	1	1.45898	0.81042	0	
1271082	8572.32227	3306522816882	0.68047	0.45918	8572.28223	0.04004	11921	1	0.69318	0.40353	1	0.65269	0.56706	1	0.67294	0.48530	1	0.50036	0.52764	11.00511	1.04349	1	0.75993	0.55439	12.59096	1.05115	1	-0.00040	-0.00759	0.67453	0.00354	1	0.06749	-0.01289	0.68495	0.00373	1	1.45898	0.81042	0	
1271083	8572.32910	3306522883594	0.68116	0.45464	8572.28223	0.04688	11921	1	0.70579	0.38557	1	0.66625	0.46017	1	0.68602	0.42287	1	0.50054	0.52760	11.21781	1.05115	1	0.76000	0.55361	12.11310	1.05881	1	-0.00040	-0.00759	0.67453	0.00361	1	0.06749	-0.01289	0.68495	0.00357	1	1.45898	0.81042	0	
1271084	8572.33594	3306522951581	0.68181	0.45049	8572.28223	0.05371	11921	1	0.70614	0.37986	1	0.66787	0.45470	1	0.68700	0.41728	1	0.50046	0.52759	10.98382	1.05881	1	0.76061	0.55377	12.57088	1.06647	1	-0.00030	-0.00759	0.67494	0.00357	1	0.06749	-0.01295	0.68495	0.00372	1	1.45898	0.81042	0	
1271085	8572.34180	3306523017957	0.68299	0.44792	8572.28223	0.05957	11921	1	0.69792	0.38111	1	0.68928	0.46854	1	0.69360	0.42483	1	0.50038	0.52749	11.02061	1.06647	1	0.76046	0.55432	12.83519	1.06647	1	-0.00030	-0.00759	0.67494	0.00360	1	0.06749	-0.01295	0.68495	0.00373	1	1.45898	0.81042	0	
1271086	8572.34863	3306523083678	0.68396	0.44806	8572.28223	0.06641	11921	1	0.69676	0.40770	1	0.69061	0.49107	1	0.69368	0.44939	1	0.50035	0.52784	11.56271	1.06647	1	0.76049	0.55416	12.21797	1.06647	1	-0.00030	-0.00759	0.67494	0.00349	1	0.06749	-0.01295	0.68495	0.00389	1	1.45898	0.81042	0	
1271087	8572.35547	3306523151242	0.68477	0.44817	8572.28223	0.07324	11921	1	0.69676	0.40770	1	0.69061	0.49107	1	0.69368	0.44939	1	0.50026	0.52796	11.82781	1.06647	1	0.76047	0.55432	12.97374	1.06647	1	-0.00030	-0.00759	0.67494	0.00346	1	0.06749	-0.01300	0.68495	0.00386	1	1.45898	0.81042	0	
1271088	8572.36230	3306523219272	0.68591	0.44528	8572.28223	0.08008	11921	1	0.69753	0.38901	1	0.70154	0.43231	1	0.69954	0.41066	1	0.50039	0.52776	11.44006	1.06647	1	0.76061	0.55409	12.56601	1.06647	1	-0.00030	-0.00759	0.67494	0.00349	1	0.06749	-0.01300	0.68495	0.00375	1	1.45898	0.81042	0	
1271089	8572.36914	3306523285524	0.68527	0.44468	8572.28223	0.08691	11921	1	0.69735	0.43648	1	0.65642	0.43733	1	0.67689	0.43690	1	0.50035	0.52801	11.43495	1.06647	1	0.76066	0.55398	12.45270	1.06647	1	-0.00030	-0.00759	0.67494	0.00359	1	0.06749	-0.01300	0.68495	0.00376	1	1.45898	0.81042	0	
1271090	8572.37500	3306523347810	0.68471	0.44417	8572.28223	0.09277	11921	1	0.69735	0.43648	1	0.65642	0.43733	1	0.67689	0.43690	1	0.50045	0.52816	11.64753	1.06647	1	0.76085	0.55498	12.29147	1.06647	1	-0.00030	-0.00759	0.67494	0.00359	1	0.06749	-0.01300	0.68495	0.00409	1	1.45898	0.81042	0	
1271091	8572.38184	3306523416912	0.68463	0.44600	8572.28223	0.09961	11921	1	0.70454	0.43752	1	0.66234	0.50940	1	0.68344	0.47346	1	0.50043	0.52816	11.67203	1.06647	1	0.76076	0.55480	12.11404	1.06647	1	-0.00030	-0.00759	0.67494	0.00358	1	0.06749	-0.01300	0.68495	0.00379	1	1.45898	0.81042	0	
1271092	8572.38965	3306523487524	0.68517	0.44719	8572.28223	0.10742	11921	1	0.72429	0.44897	1	0.66340	0.48375	1	0.69384	0.46636	1	0.50076	0.52823	12.32608	1.06647	1	0.76075	0.55469	12.49212	1.06647	1	-0.00030	-0.00759	0.67494	0.00360	1	0.06749	-0.01300	0.68495	0.00364	1	1.45898	0.81042	0	
1271093	8572.39551	3306523554002	0.68568	0.44806	8572.28223	0.11328	11921	1	0.72484	0.44283	1	0.66370	0.48277	1	0.69427	0.46280	1	0.50079	0.52826	12.18998	1.07556	1	0.76063	0.55450	12.53234	1.06790	1	-0.00026	-0.00792	0.70406	0.00360	1	0.06578	-0.01266	0.66715	0.00370	1	1.45898	0.81042	0	
1271094	8572.40234	3306523621304	0.68590	0.44932	8572.28223	0.12012	11921	1	0.72660	0.45829	1	0.65340	0.48577	1	0.69000	0.47203	1	0.50076	0.52837	11.93213	1.07698	1	0.76069	0.55459	12.44430	1.06932	1	-0.00026	-0.00792	0.70406	0.00359	1	0.06578	-0.01266	0.66715	0.00364	1	1.45898	0.81042	0	
1271095	8572.40918	3306523684554	0.68671	0.44985	8572.28223	0.12695	11921	1	0.74167	0.42492	1	0.66244	0.49475	1	0.70205	0.45984	1	0.50099	0.52824	12.08907	1.07841	1	0.76079	0.55463	12.77931	1.07075	1	-0.00026	-0.00792	0.70406	0.00346	1	0.06578	-0.01266	0.66715	0.00366	1	1.45898	0.81042	0	
1271096	8572.41602	3306523753085	0.68743	0.45045	8572.28223	0.13379	11921	1	0.74110	0.43020	1	0.66244	0.49475	1	0.70177	0.46248	1	0.50110	0.52817	12.05433	1.07075	1	0.76119	0.55514	13.55739	1.07075	1	-0.00020	-0.00761	0.67657	0.00343	1	0.06784	-0.01313	0.68641	0.00379	1	1.45898	0.81042	0	
1271097	8572.42285	3306523819199	0.68751	0.44880	8572.28223	0.14062	11921	1	0.68984	0.36820	1	0.68861	0.46013	1	0.68923	0.41417	1	0.50114	0.52795	12.28833	1.06166	1	0.76115	0.55490	13.24346	1.06932	1	-0.00020	-0.00761	0.67657	0.00345	1	0.06784	-0.01313	0.68641	0.00379	1	1.45898	0.81042	0	
1271098	8572.42871	3306523884526	0.68777	0.44969	8572.28223	0.14648	11921	1	0.70793	0.46859	1	0.67904	0.46994	1	0.69348	0.46926	1	0.50126	0.52885	11.99225	1.06024	1	0.76108	0.55501	13.05613	1.06790	1	-0.00020	-0.00761	0.67657	0.00345	1	0.06784	-0.01313	0.68641	0.00388	1	1.45898	0.81042	0	
1271099	8572.43555	3306523951467	0.68804	0.45042	8572.28223	0.15332	11921	1	0.70786	0.46953	1	0.68065	0.46486	1	0.69425	0.46720	1	0.50175	0.52874	11.49920	1.05881	1	0.76176	0.55532	12.64604	1.07515	1	-0.00000	-0.00777	0.68600	0.00359	1	0.07108	-0.01375	0.71871	0.00395	1	1.45898	0.81042	0	
1271100	8572.44238	3306524022489	0.68828	0.45256	8572.28223	0.16016	11921	1	0.71632	0.44879	1	0.67163	0.55895	1	0.69398	0.50387	1	0.50181	0.52914	11.73082	1.07515	1	0.76168	0.55547	12.52480	1.08383	1	-0.00000	-0.00777	0.68600	0.00358	1	0.07108	-0.01375	0.71871	0.00392	1	1.45898	0.81042	0	
1271101	8572.44922	3306524088853	0.68867	0.45492	8572.28223	0.16699	11921	1	0.73532	0.47745	1	0.66155	0.55062	1	0.69843	0.51403	1	0.50166	0.52936	11.81300	1.08383	1	0.76153	0.55552	12.96374	1.09251	1	-0.00000	-0.00777	0.68600	0.00347	1	0.07108	-0.01375	0.71871	0.00373	1	1.45898	0.81042	0	
1271102	8572.45605	3306524154879	0.68901	0.45710	8572.28223	0.17383	11921	1	0.73592	0.47190	1	0.66000	0.55527	1	0.69796	0.51359	1	0.50167	0.52931	11.82597	1.09251	1	0.76184	0.55556	13.33407	1.08485	1	-0.00000	-0.00777	0.68600	0.00350	1	0.06661	-0.01296	0.67246	0.00375	1	1.45898	0.81042	0	
1271103	8572.46289	3306524223562	0.68948	0.45800	8572.28223	0.18066	11921	1	0.72775	0.40399	1	0.67666	0.56103	1	0.70220	0.48251	1	0.50201	0.52898	11.17777	1.08485	1	0.76177	0.55545	13.32922	1.06851	1	-0.00000	-0.00777	0.68600	0.00367	1	0.06661	-0.01296	0.67246	0.00368	1	1.45898	0.81042	0	
1271104	8572.46973	3306524290346	0.68914	0.45943	8572.28223	0.18750	11921	1	0.68429	0.41932	1	0.67462	0.57961	1	0.67946	0.49946	1	0.50167	0.52897	11.71481	1.06851	1	0.76184	0.55556	13.33407	1.05217	1	-0.00000	-0.00777	0.68600	0.00350	1	0.06661	-0.01296	0.67246	0.00375	1	1.45898	0.81042	0	
1271105	8572.47656	3306524356975	0.68877	0.46105	8572.28223	0.19434	11921	1	0.68384	0.43082	1	0.67270	0.58484	1	0.67827	0.50783	1	0.50229	0.52900	11.72733	1.05217	1	0.76226	0.55565	12.93515	1.04349	1	-0.00000	-0.00777	0.68600	0.00343	1	0.06636	-0.01285	0.66949	0.00397	1	1.45898	0.81042	0	
1271106	8572.48340	3306524424709	0.68942	0.46164	8572.28223	0.20117	11921	1	0.71893	0.42597	1	0.69849	0.53278	1	0.70871	0.47937	1	0.50229	0.52890	11.64875	1.04349	1	0.76223	0.55542	13.06118	1.05115	1	-0.00000	-0.00777	0.68600	0.00346	1	0.06636	-0.01285	0.66949	0.00361	1	1.45898	0.81042	0	
1271107	8572.48926	3306524490472	0.68988	0.46354	8572.28223	0.20703	11921	1	0.72700	0.46357	1	0.68152	0.58155	1	0.70426	0.52256	1	0.50241	0.52922	12.08528	1.05115	1	0.76194	0.55557	13.41196	1.05881	1	-0.00000	-0.00777	0.68600	0.00354	1	0.06636	-0.01285	0.66949	0.00358	1	1.45898	0.81042	0	
1271108	8572.49609	3306524558607	0.69537	0.49139	8572.28223	0.20703	11921	0	0.72698	0.46381	1	0.68144	0.58177	1	0.70421	0.52279	1	0.50227	0.52895	11.59745	1.05079	1	0.76209	0.55591	13.27982	1.05845	1	0.00005	-0.00740	0.65348	0.00349	1	0.06646	-0.01292	0.67043	0.00369	1	1.45898	0.81042	0	
1271109	8572.50293	3306524625598	0.70211	0.50823	8572.28223	0.20703	11921	0	0.71446	0.42440	1	0.70326	0.62576	1	0.70886	0.52508	1	0.50227	0.52878	11.71708	1.05044	1	0.76222	0.55589	13.26700	1.05044	1	0.00005	-0.00740	0.65348	0.00359	1	0.06646	-0.01292	0.67043	0.00376	1	1.45898	0.81042	0	
1271110	8572.50977	3306524691071	0.70047	0.51865	8572.28223	0.20703	11921	0	0.71636	0.43951	1	0.67800	0.63944	1	0.69718	0.53947	1	0.50228	0.52891	11.80732	1.04242	1	0.76207	0.55593	13.31340	1.04242	1	0.00005	-0.00740	0.65348	0.00343	1	0.06646	-0.01292	0.67043	0.00368	1	1.45898	0.81042	0	
1271111	8572.51660	3306524759676	0.69965	0.52385	8572.49609	0.02051	11922	1	0.71636	0.43951	1	0.67800	0.63944	1	0.69718	0.53947	1	0.50253	0.52918	12.28966	1.04242	1	0.76227	0.55538	12.82409	1.04242	1	0.00010	-0.00771	0.68120	0.00354	1	0.06636	-0.01285	0.66949	0.00397	1	1.45898	0.81042	0	
1271112	8572.52344	3306524826388	0.70078	0.51431	8572.49609	0.02734	11922	1	0.72204	0.37960	1	0.68860	0.57264	1	0.70532	0.47612	1	0.50253	0.52867	11.35772	1.05044	1	0.76209	0.55592	13.31123	1.05044	1	0.00010	-0.00771	0.68120	0.00368	1	0.06636	-0.01285	0.66949	0.00382	1	1.45898	0.81042	0	
1271113	8572.53027	3306524893669	0.70051	0.51006	8572.49609	0.03418	11922	1	0.72955	0.42327	1	0.66871	0.55434	1	0.69913	0.48880	1	0.50247	0.52903	11.97004	1.05845	1	0.76209	0.55568	13.08679	1.05845	1	0.00010	-0.00771	0.68120	0.00361	1	0.06636	-0.01285	0.66949	0.00377	1	1.45898	0.81042	0	
1271114	8572.53613	3306524958596	0.70060	0.50587	8572.49609	0.04004	11922	1	0.73008	0.41762	1	0.67229	0.54392	1	0.70119	0.48077	1	0.50249	0.52919	12.25612	1.06647	1	0.76216	0.55599	13.06873	1.07515	1	0.00010	-0.00771	0.68120	0.00357	1	0.06974	-0.01355	0.70295	0.00384	1	1.45898	0.81042	0	
1271115	8572.54297	3306525027699	0.70196	0.51136	8572.49609	0.04688	11922	1	0.74823	0.48054	1	0.67472	0.61898	1	0.71148	0.54976	1	0.50266	0.52933	12.15882	1.07515	1	0.76208	0.55612	12.70041	1.08383	1	0.00010	-0.00771	0.68120	0.00357	1	0.06974	-0.01355	0.70295	0.00388	1	1.45898	0.81042	0	
1271116	8572.54980	3306525095150	0.70232	0.51385	8572.49609	0.05371	11922	1	0.75274	0.47543	1	0.65769	0.59216	1	0.70521	0.53380	1	0.50271	0.52933	12.02495	1.08383	1	0.76216	0.55632	12.85407	1.09251	1	0.00010	-0.00771	0.68120	0.00364	1	0.06974	-0.01355	0.70295	0.00382	1	1.45898	0.81042	0	
1271117	8572.55664	3306525162063	0.70274	0.51532	8572.49609	0.06055	11922	1	0.75347	0.46988	1	0.65941	0.58723	1	0.70644	0.52855	1	0.50264	0.52921	11.83568	1.09251	1	0.76243	0.55636	12.61437	1.10119	1	0.00021	-0.00780	0.68906	0.00358	1	0.06974	-0.01355	0.70295	0.00393	1	1.45898	0.81042	0	AUDIO_FILE_OFFSET
1271118	8572.56348	3306525228378	0.70205	0.51333	8572.49609	0.06738	11922	1	0.73282	0.40833	1	0.65756	0.57850	1	0.69519	0.49342	1	0.50247	0.52874	11.53368	1.10119	1	0.76222	0.55579	13.11976	1.10119	1	0.00021	-0.00780	0.68906	0.00350	1	0.06974	-0.01355	0.70295	0.00359	1	1.45898	0.81042	0	
1271119	8572.57031	3306525294939	0.70193	0.51373	8572.49609	0.07422	11922	1	0.72932	0.48923	1	0.67184	0.54691	1	0.70058	0.51807	1	0.50273	0.52952	12.09192	1.10119	1	0.76236	0.55583	12.69693	1.10119	1	0.00021	-0.00780	0.68906	0.00361	1	0.06974	-0.01355	0.70295	0.00366	1	1.45898	0.81042	0	
1271120	8572.57715	3306525362281	0.70175	0.51426	8572.49609	0.08105	11922	1	0.72932	0.48923	1	0.67002	0.55217	1	0.69967	0.52070	1	0.50268	0.52931	11.72108	1.10119	1	0.76291	0.55610	12.19560	1.09251	1	0.00021	-0.00780	0.68906	0.00355	1	0.06974	-0.01355	0.70295	0.00374	1	1.45898	0.81042	0	
1271121	8572.58301	3306525426197	0.70295	0.51449	8572.49609	0.08691	11922	1	0.74553	0.45174	1	0.69141	0.58325	1	0.71847	0.51749	1	0.50296	0.52961	11.69000	1.09251	1	0.76275	0.55617	12.45245	1.08383	1	0.00021	-0.00780	0.68906	0.00357	1	0.06974	-0.01355	0.70295	0.00354	1	1.45898	0.81042	0	
1271423	8574.60645	3306545657373	0.24889	0.39981	8574.54590	0.06055	11932	1	0.20394	0.35723	1	0.27120	0.44211	1	0.23757	0.39967	1	0.48475	0.52679	9.62920	1.10119	1	0.74598	0.55289	11.08157	1.09251	1	-0.00245	-0.00766	0.68113	0.00217	1	0.06485	-0.01263	0.67887	0.00343	1	1.45898	0.81042	0	START_TRIAL
1271424	8574.61328	3306545724727	0.24949	0.39861	8574.54590	0.06738	11932	1	0.22970	0.32929	1	0.28125	0.44380	1	0.25548	0.38654	1	0.48489	0.52672	9.37859	1.09251	1	0.74601	0.55311	11.35256	1.08383	1	-0.00245	-0.00766	0.68113	0.00212	1	0.06485	-0.01263	0.67887	0.00344	1	1.45898	0.81042	0	
1271425	8574.62012	3306545791658	0.24981	0.39894	8574.54590	0.07422	11932	1	0.23217	0.36103	1	0.27450	0.44408	1	0.25333	0.40256	1	0.48481	0.52688	9.11607	1.08383	1	0.74594	0.55292	11.15724	1.07515	1	-0.00245	-0.00766	0.68113	0.00218	1	0.06485	-0.01263	0.67887	0.00343	1	1.45898	0.81042	0	
1271426	8574.62598	3306545858891	0.25024	0.39970	8574.54590	0.08008	11932	1	0.23509	0.36773	1	0.27575	0.45008	1	0.25542	0.40890	1	0.48455	0.52689	9.04410	1.07515	1	0.74619	0.55323	11.73158	1.06647	1	-0.00245	-0.00766	0.68113	0.00215	1	0.06569	-0.01284	0.68764	0.00341	1	1.45898	0.81042	0	
1271427	8574.63281	3306545925607	0.25071	0.40390	8574.54590	0.08691	11932	1	0.23921	0.37453	1	0.27445	0.54237	1	0.25683	0.45845	1	0.48438	0.52692	8.83646	1.06647	1	0.74585	0.55365	11.89507	1.06647	1	-0.00245	-0.00766	0.68113	0.00213	1	0.06569	-0.01284	0.68764	0.00331	1	1.45898	0.81042	0	
1271428	8574.63965	3306545992374	0.25185	0.40523	8574.54590	0.09375	11932	1	0.24043	0.35330	1	0.29521	0.49444	1	0.26782	0.42387	1	0.48447	0.52682	8.41330	1.06647	1	0.74618	0.55347	11.25115	1.06647	1	-0.00245	-0.00766	0.68113	0.00177	1	0.06569	-0.01284	0.68764	0.00336	1	1.45898	0.81042	0	
1271429	8574.64648	3306546059435	0.25450	0.41045	8574.54590	0.10059	11932	1	0.24043	0.35330	0	0.29410	0.48879	1	0.29410	0.48879	1	0.48447	0.52682	8.41330	1.06647	0	0.74599	0.55242	10.83061	1.07515	1	-0.00245	-0.00766	0.68113	0.00177	1	0.06640	-0.01281	0.69452	0.00394	1	1.45898	0.81042	0	
1271430	8574.65332	3306546126489	0.25294	0.43276	8574.54590	0.10742	11932	1	0.24043	0.35330	0	0.22813	0.78961	1	0.22813	0.78961	1	0.48447	0.52682	8.41330	1.07515	0	0.74614	0.55579	11.24527	1.08383	1	-0.00245	-0.00766	0.68113	0.00177	1	0.06640	-0.01281	0.69452	0.00271	1	1.45898	0.81042	0	
1271431	8574.66016	3306546193822	0.25097	0.43731	8574.54590	0.11426	11932	1	0.24043	0.35330	0	0.21749	0.51480	1	0.21749	0.51480	1	0.48447	0.52682	8.41330	1.08383	0	0.74662	0.55266	9.21956	1.09251	1	-0.00245	-0.00766	0.68113	0.00177	1	0.06640	-0.01281	0.69452	0.00308	1	1.45898	0.81042	0	
1271432	8574.66602	3306546259738	0.25097	0.43731	8574.54590	0.12012	11932	1	0.24043	0.35330	0	0.21749	0.51480	0	0.21749	0.51480	0	0.48447	0.52682	8.41330	1.09251	0	0.74662	0.55266	9.21956	1.10119	0	-0.00245	-0.00766	0.68113	0.00177	1	0.06640	-0.01281	0.69452	0.00308	1	1.45898	0.81042	0	
1271433	8574.67285	3306546327596	0.25097	0.43731	8574.54590	0.12695	11932	1	0.24043	0.35330	0	0.21749	0.51480	0	0.21749	0.51480	0	0.48447	0.52682	8.41330	1.10119	0	0.74662	0.55266	9.21956	1.10119	0	-0.00245	-0.00766	0.68113	0.00177	1	0.06640	-0.01281	0.69452	0.00308	1	1.45898	0.81042	0	
1271434	8574.67969	3306546394416	0.25097	0.43731	8574.54590	0.13379	11932	1	0.24043	0.35330	0	0.21749	0.51480	0	0.21749	0.51480	0	0.48447	0.52682	8.41330	1.10119	0	0.74662	0.55266	9.21956	1.10119	0	-0.00245	-0.00766	0.68113	0.00177	1	0.06640	-0.01281	0.69452	0.00308	1	1.45898	0.81042	0	
1271435	8574.68652	3306546461590	0.25022	0.45513	8574.54590	0.13379	11932	0	0.24043	0.35330	0	0.21749	0.51480	0	0.21749	0.51480	0	0.48447	0.52682	8.41330	1.10119	0	0.74662	0.55266	9.21956	1.10119	0	-0.00245	-0.00766	0.68113	0.00177	1	0.06640	-0.01281	0.69452	0.00308	1	1.45898	0.81042	0	
1271436	8574.69336	3306546528961	0.25022	0.45513	8574.54590	0.13379	11932	0	0.24043	0.35330	0	0.21749	0.51480	0	0.21749	0.51480	0	0.48447	0.52682	8.41330	1.10119	0	0.74662	0.55266	9.21956	1.10119	0	-0.00245	-0.00766	0.68113	0.00177	1	0.06640	-0.01281	0.69452	0.00308	1	1.45898	0.81042	0	
1271437	8574.70020	3306546595727	0.25022	0.45513	8574.54590	0.13379	11932	0	0.24043	0.35330	0	0.21749	0.51480	0	0.21749	0.51480	0	0.48447	0.52682	8.41330	1.10119	0	0.74662	0.55266	9.21956	1.10119	0	-0.00245	-0.00766	0.68113	0.00177	1	0.06640	-0.01281	0.69452	0.00308	1	1.45898	0.81042	0	
1271438	8574.70703	3306546662349	0.00000	0.00000	8574.54590	0.13379	11932	0	0.24043	0.35330	0	0.21749	0.51480	0	0.21749	0.51480	0	0.48447	0.52682	8.41330	1.10119	0	0.74662	0.55266	9.21956	1.10119	0	-0.00245	-0.00766	0.68113	0.00177	1	0.06640	-0.01281	0.69452	0.00308	1	1.45898	0.81042	0	
1271439	8574.71387	3306546729811	0.00000	0.00000	8574.54590	0.13379	11932	0	0.24043	0.35330	0	0.21749	0.51480	0	0.21749	0.51480	0	0.48447	0.52682	8.41330	1.10119	0	0.74662	0.55266	9.21956	1.10119	0	-0.00245	-0.00766	0.68113	0.00177	1	0.06640	-0.01281	0.69452	0.00308	1	1.45898	0.81042	0	
1271440	8574.71973	3306546795212	0.00000	0.00000	8574.54590	0.13379	11932	0	0.24043	0.35330	0	0.21749	0.51480	0	0.21749	0.51480	0	0.48447	0.52682	8.41330	1.10119	0	0.74662	0.55266	9.21956	1.10119	0	-0.00245	-0.00766	0.68113	0.00177	1	0.06640	-0.01281	0.69452	0.00308	1	1.45898	0.81042	0	
1271441	8574.72656	3306546862448	0.00000	0.00000	8574.54590	0.13379	11932	0	0.24043	0.35330	0	0.21749	0.51480	0	0.21749	0.51480	0	0.48447	0.52682	8.41330	1.10119	0	0.74662	0.55266	9.21956	1.10119	0	-0.00245	-0.00766	0.68113	0.00177	1	0.06640	-0.01281	0.69452	0.00308	1	1.45898	0.81042	0	
1271442	8574.73340	3306546930312	0.00000	0.00000	8574.54590	0.13379	11932	0	0.24043	0.35330	0	0.21749	0.51480	0	0.21749	0.51480	0	0.48447	0.52682	8.41330	1.10119	0	0.74662	0.55266	9.21956	1.10119	0	-0.00245	-0.00766	0.68113	0.00177	1	0.06640	-0.01281	0.69452	0.00308	1	1.45898	0.81042	0	
1271443	8574.74023	3306546997480	0.00000	0.00000	8574.54590	0.13379	11932	0	0.24043	0.35330	0	0.21749	0.51480	0	0.21749	0.51480	0	0.48447	0.52682	8.41330	1.10119	0	0.74662	0.55266	9.21956	1.10119	0	-0.00245	-0.00766	0.68113	0.00177	1	0.06640	-0.01281	0.69452	0.00308	1	1.45898	0.81042	0	
1271444	8574.74707	3306547063766	0.00000	0.00000	8574.54590	0.13379	11932	0	0.24043	0.35330	0	0.21749	0.51480	0	0.21749	0.51480	0	0.48447	0.52682	8.41330	1.10119	0	0.74662	0.55266	9.21956	1.10119	0	-0.00245	-0.00766	0.68113	0.00177	1	0.06640	-0.01281	0.69452	0.00308	1	1.45898	0.81042	0	
1271445	8574.75391	3306547131143	0.00000	0.00000	8574.54590	0.13379	11932	0	0.24043	0.35330	0	0.21749	0.51480	0	0.21749	0.51480	0	0.48447	0.52682	8.41330	1.10119	0	0.74662	0.55266	9.21956	1.10119	0	-0.00245	-0.00766	0.68113	0.00177	1	0.06640	-0.01281	0.69452	0.00308	1	1.45898	0.81042	0	
1271446	8574.76074	3306547198198	0.00000	0.00000	8574.54590	0.13379	11932	0	0.24043	0.35330	0	0.21749	0.51480	0	0.21749	0.51480	0	0.48447	0.52682	8.41330	1.10119	0	0.74662	0.55266	9.21956	1.10119	0	-0.00245	-0.00766	0.68113	0.00177	1	0.06640	-0.01281	0.69452	0.00308	1	1.45898	0.81042	0	
1271447	8574.76660	3306547265695	0.00000	0.00000	8574.54590	0.13379	11932	0	0.24043	0.35330	0	0.21749	0.51480	0	0.21749	0.51480	0	0.48447	0.52682	8.41330	1.10119	0	0.74662	0.55266	9.21956	1.10119	0	-0.00245	-0.00766	0.68113	0.00177	1	0.06640	-0.01281	0.69452	0.00308	1	1.45898	0.81042	0	
1271448	8574.77344	3306547332226	0.00000	0.00000	8574.54590	0.13379	11932	0	0.24043	0.35330	0	0.21749	0.51480	0	0.21749	0.51480	0	0.48447	0.52682	8.41330	1.10119	0	0.74662	0.55266	9.21956	1.10119	0	-0.00245	-0.00766	0.68113	0.00177	1	0.06640	-0.01281	0.69452	0.00308	1	1.45898	0.81042	0	
1271449	8574.78027	3306547399995	0.00000	0.00000	8574.54590	0.13379	11932	0	0.24043	0.35330	0	0.21749	0.51480	0	0.21749	0.51480	0	0.48447	0.52682	8.41330	1.10119	0	0.74662	0.55266	9.21956	1.10119	0	-0.00245	-0.00766	0.68113	0.00177	1	0.06640	-0.01281	0.69452	0.00308	1	1.45898	0.81042	0	
1271450	8574.78711	3306547466615	0.00000	0.00000	8574.54590	0.13379	11932	0	0.24043	0.35330	0	0.21749	0.51480	0	0.21749	0.51480	0	0.48447	0.52682	8.41330	1.10119	0	0.74662	0.55266	9.21956	1.10119	0	-0.00245	-0.00766	0.68113	0.00177	1	0.06640	-0.01281	0.69452	0.00308	1	1.45898	0.81042	0	
1271451	8574.79395	3306547533248	0.00000	0.00000	8574.54590	0.13379	11932	0	0.24043	0.35330	0	0.21749	0.51480	0	0.21749	0.51480	0	0.48447	0.52682	8.41330	1.10119	0	0.74662	0.55266	9.21956	1.10119	0	-0.00245	-0.00766	0.68113	0.00177	1	0.06640	-0.01281	0.69452	0.00308	1	1.45898	0.81042	0	
1271452	8574.79980	3306547597591	0.00000	0.00000	8574.54590	0.13379	11932	0	0.24043	0.35330	0	0.21749	0.51480	0	0.21749	0.51480	0	0.48447	0.52682	8.41330	1.10119	0	0.74662	0.55266	9.21956	1.10119	0	-0.00245	-0.00766	0.68113	0.00177	1	0.06640	-0.01281	0.69452	0.00308	1	1.45898	0.81042	0	
1271453	8574.80664	3306547665789	0.00000	0.00000	8574.54590	0.13379	11932	0	0.24043	0.35330	0	0.21749	0.51480	0	0.21749	0.51480	0	0.48447	0.52682	8.41330	1.10119	0	0.74662	0.55266	9.21956	1.10119	0	-0.00245	-0.00766	0.68113	0.00177	1	0.06640	-0.01281	0.69452	0.00308	1	1.45898	0.81042	0	
1271454	8574.81348	3306547730861	0.00000	0.00000	8574.54590	0.13379	11932	0	0.24043	0.35330	0	0.21749	0.51480	0	0.21749	0.51480	0	0.48447	0.52682	8.41330	1.10119	0	0.74662	0.55266	9.21956	1.10119	0	-0.00245	-0.00766	0.68113	0.00177	1	0.06640	-0.01281	0.69452	0.00308	1	1.45898	0.81042	0	
1271455	8574.82031	3306547798542	0.00000	0.00000	8574.54590	0.13379	11932	0	0.24043	0.35330	0	0.21749	0.51480	0	0.21749	0.51480	0	0.48447	0.52682	8.41330	1.10119	0	0.74662	0.55266	9.21956	1.10119	0	-0.00245	-0.00766	0.68113	0.00177	1	0.06640	-0.01281	0.69452	0.00308	1	1.45898	0.81042	0	
1271456	8574.82715	3306547868165	0.00000	0.00000	8574.54590	0.13379	11932	0	0.24043	0.35330	0	0.21749	0.51480	0	0.21749	0.51480	0	0.48447	0.52682	8.41330	1.10119	0	0.74662	0.55266	9.21956	1.10119	0	-0.00245	-0.00766	0.68113	0.00177	1	0.06640	-0.01281	0.69452	0.00308	1	1.45898	0.81042	0	
1271457	8574.83398	3306547932172	0.00000	0.00000	8574.54590	0.13379	11932	0	0.24043	0.35330	0	0.21749	0.51480	0	0.21749	0.51480	0	0.48447	0.52682	8.41330	1.10119	0	0.74662	0.55266	9.21956	1.10119	0	-0.00245	-0.00766	0.68113	0.00177	1	0.06640	-0.01281	0.69452	0.00308	1	1.45898	0.81042	0	
1271458	8574.84082	3306548001735	0.00000	0.00000	8574.54590	0.13379	11932	0	0.24043	0.35330	0	0.21749	0.51480	0	0.21749	0.51480	0	0.48447	0.52682	8.41330	1.10119	0	0.74662	0.55266	9.21956	1.10119	0	-0.00245	-0.00766	0.68113	0.00177	1	0.06640	-0.01281	0.69452	0.00308	1	1.45898	0.81042	0	
1271459	8574.84766	3306548070005	0.00000	0.00000	8574.54590	0.13379	11932	0	0.24043	0.35330	0	0.21749	0.51480	0	0.21749	0.51480	0	0.48447	0.52682	8.41330	1.10119	0	0.74662	0.55266	9.21956	1.10119	0	-0.00245	-0.00766	0.68113	0.00177	1	0.06640	-0.01281	0.69452	0.00308	1	1.45898	0.81042	0	
1271460	8574.85352	3306548134975	0.25967	0.20601	8574.54590	0.13379	11932	0	0.55742	0.39318	1	0.48125	0.43086	1	0.51934	0.41202	1	0.49273	0.52616	10.15986	1.10119	1	0.75311	0.55090	11.00703	1.10119	1	-0.00245	-0.00766	0.68113	0.00372	1	0.06640	-0.01281	0.69452	0.00376	1	1.45898	0.81042	0	
1271461	8574.86035	3306548200662	0.34789	0.27501	8574.54590	0.13379	11932	0	0.55270	0.41711	1	0.49598	0.40894	1	0.52434	0.41302	1	0.49264	0.52649	10.28290	1.10119	1	0.75335	0.55113	10.86311	1.10119	1	-0.00245	-0.00766	0.68113	0.00358	1	0.06640	-0.01281	0.69452	0.00358	1	1.45898	0.81042	0	
1271462	8574.86719	3306548270529	0.52259	0.41373	8574.54590	0.13379	11932	0	0.55270	0.41711	1	0.49551	0.41520	1	0.52410	0.41615	1	0.49284	0.52644	10.26121	1.10119	1	0.75318	0.55061	10.86845	1.09251	1	-0.00171	-0.00720	0.67135	0.00369	1	0.06605	-0.01238	0.68183	0.00381	1	1.45898	0.81042	0	
1271463	8574.87402	3306548332649	0.52723	0.40413	8574.54590	0.13379	11932	0	0.56235	0.42212	1	0.50138	0.36692	1	0.53187	0.39452	1	0.49278	0.52657	10.38060	1.09251	1	0.75340	0.55075	10.56463	1.08383	1	-0.00171	-0.00720	0.67135	0.00362	1	0.06605	-0.01238	0.68183	0.00387	1	1.45898	0.81042	0	
1271464	8574.88086	3306548403179	0.52667	0.39497	8574.54590	0.13379	11932	0	0.56292	0.37941	1	0.48819	0.37391	1	0.52556	0.37666	1	0.49275	0.52638	10.18809	1.08383	1	0.75323	0.55051	10.81890	1.07515	1	-0.00171	-0.00720	0.67135	0.00363	1	0.06605	-0.01238	0.68183	0.00387	1	1.45898	0.81042	0	
1271465	8574.88770	3306548471591	0.52642	0.39203	8574.86719	0.02051	11933	1	0.56354	0.38580	1	0.48777	0.38060	1	0.52566	0.38320	1	0.49280	0.52644	10.32591	1.07515	1	0.75309	0.55084	11.12576	1.06647	1	-0.00171	-0.00720	0.67135	0.00365	1	0.06605	-0.01238	0.68183	0.00368	1	1.45898	0.81042	0	
1271466	8574.89453	3306548537979	0.52344	0.38997	8574.86719	0.02734	11933	1	0.55004	0.37534	1	0.47300	0.38816	1	0.51152	0.38175	1	0.49262	0.52632	10.29403	1.06647	1	0.75299	0.55084	11.18639	1.06647	1	-0.00171	-0.00720	0.67135	0.00366	1	0.06605	-0.01238	0.68183	0.00384	1	1.45898	0.81042	0	
1271467	8574.90137	3306548604819	0.52289	0.38362	8574.86719	0.03418	11933	1	0.55288	0.38741	1	0.48746	0.31628	1	0.52017	0.35185	1	0.49264	0.52666	10.48841	1.06647	1	0.75317	0.54999	10.99961	1.06647	1	-0.00171	-0.00720	0.67135	0.00350	1	0.06605	-0.01238	0.68183	0.00399	1	1.45898	0.81042	0	
1271468	8574.90723	3306548668626	0.52250	0.37908	8574.86719	0.04004	11933	1	0.55288	0.38741	1	0.48746	0.31628	1	0.52017	0.35185	1	0.49265	0.52662	10.48105	1.06647	1	0.75346	0.55073	11.89045	1.06647	1	-0.00178	-0.00753	0.69758	0.00357	1	0.06605	-0.01238	0.68183	0.00381	1	1.45898	0.81042	0	
1271469	8574.91406	3306548739062	0.52235	0.38460	8574.86719	0.04688	11933	1	0.54339	0.39998	1	0.49906	0.44651	1	0.52123	0.42324	1	0.49243	0.52610	10.62272	1.06647	1	0.75347	0.55141	12.25116	1.06647	1	-0.00178	-0.00753	0.69758	0.00369	1	0.06605	-0.01238	0.68183	0.00348	1	1.45898	0.81042	0	
1271470	8574.92090	3306548806084	0.52136	0.38750	8574.86719	0.05371	11933	1	0.53051	0.36198	1	0.49637	0.45936	1	0.51344	0.41067	1	0.49234	0.52615	10.99392	1.06647	1	0.75344	0.55155	12.18960	1.06647	1	-0.00178	-0.00753	0.69758	0.00367	1	0.06605	-0.01238	0.68183	0.00353	1	1.45898	0.81042	0	
1271471	8574.92773	3306548872903	0.52056	0.38981	8574.86719	0.06055	11933	1	0.53051	0.36198	1	0.49637	0.45936	1	0.51344	0.41067	1	0.49276	0.52628	10.16902	1.06647	1	0.75310	0.55038	10.72751	1.06647	1	-0.00174	-0.00735	0.68096	0.00370	1	0.06605	-0.01243	0.68183	0.00382	1	1.45898	0.81042	0	
1271472	8574.93457	3306548939920	0.51933	0.39214	8574.86719	0.06738	11933	1	0.53498	0.42223	1	0.47906	0.40859	1	0.50702	0.41541	1	0.49236	0.52633	10.51089	1.06647	1	0.75310	0.55094	11.42734	1.06647	1	-0.00174	-0.00735	0.68096	0.00366	1	0.06605	-0.01243	0.68183	0.00374	1	1.45898	0.81042	0	
1271473	8574.94141	3306549006747	0.51961	0.39523	8574.86719	0.07422	11933	1	0.57439	0.42159	1	0.47087	0.43678	1	0.52263	0.42919	1	0.49286	0.52694	10.69915	1.06647	1	0.75293	0.55117	11.56485	1.06647	1	-0.00174	-0.00735	0.68096	0.00351	1	0.06605	-0.01243	0.68183	0.00350	1	1.45898	0.81042	0	
1271474	8574.94824	3306549073865	0.51985	0.39760	8574.86719	0.08105	11933	1	0.57439	0.42159	1	0.47116	0.43056	1	0.52278	0.42607	1	0.49272	0.52651	10.70945	1.06647	1	0.75342	0.55099	11.84544	1.07515	1	-0.00171	-0.00730	0.67135	0.00359	1	0.06776	-0.01276	0.69993	0.00393	1	1.45898	0.81042	0	
1271475	8574.95508	3306549141635	0.52050	0.39502	8574.86719	0.08789	11933	1	0.55717	0.40176	1	0.50082	0.32111	1	0.52899	0.36144	1	0.49264	0.52682	10.49304	1.07515	1	0.75335	0.55051	11.92496	1.08383	1	-0.00171	-0.00730	0.67135	0.00343	1	0.06776	-0.01276	0.69993	0.00389	1	1.45898	0.81042	0	
1271476	8574.96094	3306549207538	0.52096	0.39190	8574.86719	0.09375	11933	1	0.55019	0.36530	1	0.50455	0.33114	1	0.52737	0.34822	1	0.49262	0.52621	10.25952	1.08383	1	0.75340	0.55073	11.48598	1.09251	1	-0.00171	-0.00730	0.67135	0.00364	1	0.06776	-0.01276	0.69993	0.00406	1	1.45898	0.81042	0	
1271477	8574.96777	3306549274212	0.52134	0.38896	8574.86719	0.10059	11933	1	0.54948	0.35879	1	0.50455	0.33114	1	0.52701	0.34496	1	0.49276	0.52686	10.56694	1.09251	1	0.75346	0.55121	12.04207	1.09251	1	-0.00171	-0.00730	0.67135	0.00345	1	0.06605	-0.01243	0.68183	0.00364	1	1.45898	0.81042	0	
1271478	8574.97461	3306549341841	0.52024	0.38796	8574.86719	0.10742	11933	1	0.52484	0.38373	1	0.48054	0.36019	1	0.50269	0.37196	1	0.49233	0.52680	10.93484	1.09251	1	0.75305	0.55118	12.08738	1.08383	1	-0.00171	-0.00730	0.67135	0.00345	1	0.06605	-0.01243	0.68183	0.00359	1	1.45898	0.81042	0	
1271479	8574.98145	3306549408725	0.52004	0.38815	8574.86719	0.11426	11933	1	0.52643	0.40225	1	0.50670	0.38025	1	0.51657	0.39125	1	0.49261	0.52651	9.94211	1.08383	1	0.75353	0.55117	11.96991	1.07515	1	-0.00171	-0.00730	0.67135	0.00351	1	0.06605	-0.01243	0.68183	0.00354	1	1.45898	0.81042	0	
1271480	8574.98828	3306549474421	0.51984	0.38845	8574.86719	0.12109	11933	1	0.52639	0.40195	1	0.50623	0.38581	1	0.51631	0.39388	1	0.49271	0.52629	10.05270	1.08424	1	0.75336	0.55059	12.15614	1.06790	1	-0.00176	-0.00769	0.71244	0.00355	1	0.06387	-0.01201	0.65880	0.00380	1	1.45898	0.81042	0	
1271481	8574.99512	3306549542873	0.51988	0.38914	8574.86719	0.12793	11933	1	0.55987	0.44241	1	0.48146	0.36207	1	0.52066	0.40224	1	0.49267	0.52706	10.44649	1.07698	1	0.75313	0.55119	12.24801	1.06932	1	-0.00176	-0.00769	0.71244	0.00362	1	0.06387	-0.01201	0.65880	0.00357	1	1.45898	0.81042	0	
1271482	8575.00098	3306549609670	0.51985	0.38814	8574.86719	0.13379	11933	1	0.55480	0.38181	1	0.48351	0.35467	1	0.51915	0.36824	1	0.49304	0.52657	10.83230	1.07841	1	0.75312	0.55115	12.17931	1.07075	1	-0.00176	-0.00769	0.71244	0.00359	1	0.06387	-0.01201	0.65880	0.00356	1	1.45898	0.81042	0	
1271483	8575.00781	3306549676693	0.51982	0.38705	8574.86719	0.14062	11933	1	0.55469	0.38075	1	0.48391	0.34748	1	0.51930	0.36412	1	0.49324	0.52645	11.08161	1.07984	1	0.75333	0.55130	12.33382	1.07984	1	-0.00163	-0.00761	0.70013	0.00366	1	0.06556	-0.01231	0.67567	0.00349	1	1.45898	0.81042	0	
1271484	8575.01465	3306549744375	0.51998	0.38729	8574.86719	0.14746	11933	1	0.55065	0.40288	1	0.49634	0.38215	1	0.52349	0.39251	1	0.49302	0.52677	10.75526	1.07984	1	0.75326	0.55115	12.32960	1.08749	1	-0.00163	-0.00761	0.70013	0.00369	1	0.06556	-0.01231	0.67567	0.00354	1	1.45898	0.81042	0	
1271485	8575.02148	3306549810903	0.52039	0.38627	8574.86719	0.15430	11933	1	0.55002	0.39738	1	0.50942	0.32820	1	0.52972	0.36279	1	0.49302	0.52677	10.75526	1.08749	1	0.75353	0.55029	11.85585	1.09515	1	-0.00163	-0.00761	0.70013	0.00369	1	0.06556	-0.01231	0.67567	0.00388	1	1.45898	0.81042	0	
1271486	8575.02832	3306549877694	0.52077	0.38464	8574.86719	0.16113	11933	1	0.54855	0.38442	1	0.51119	0.30681	1	0.52987	0.34562	1	0.49296	0.52652	10.55079	1.10554	1	0.75327	0.55119	12.35477	1.12188	1	-0.00177	-0.00798	0.73915	0.00375	1	0.06763	-0.01271	0.69754	0.00352	1	1.45898	0.81042	0	
1271487	8575.03516	3306549945246	0.52082	0.38396	8574.86719	0.16797	11933	1	0.54788	0.34551	1	0.49656	0.38847	1	0.52222	0.36699	1	0.49299	0.52680	10.75228	1.13226	1	0.75328	0.55123	12.52629	1.14094	1	-0.00177	-0.00798	0.73915	0.00363	1	0.06763	-0.01271	0.69754	0.00350	1	1.45898	0.81042	0	
1271488	8575.04199	3306550012250	0.52069	0.38306	8574.86719	0.17480	11933	1	0.54359	0.36353	1	0.49083	0.35585	1	0.51721	0.35969	1	0.49293	0.52632	10.65964	1.15132	1	0.75321	0.55127	12.38012	1.16001	1	-0.00177	-0.00798	0.73915	0.00381	1	0.06763	-0.01271	0.69754	0.00348	1	1.45898	0.81042	0	
1271489	8575.04785	3306550078484	0.52056	0.38235	8574.86719	0.18066	11933	1	0.54363	0.36382	1	0.49041	0.36249	1	0.51702	0.36315	1	0.49295	0.52702	11.13787	1.15092	1	0.75311	0.55126	12.23373	1.15092	1	-0.00165	-0.00749	0.68908	0.00347	1	0.06556	-0.01231	0.67567	0.00356	1	1.45898	0.81042	0	
1271490	8575.05469	3306550145871	0.52064	0.38193	8574.86719	0.18750	11933	1	0.55472	0.37588	1	0.49103	0.36429	1	0.52287	0.37009	1	0.49302	0.52702	11.24057	1.13145	1	0.75319	0.55102	12.20475	1.12277	1	-0.00165	-0.00749	0.68908	0.00352	1	0.06556	-0.01231	0.67567	0.00356	1	1.45898	0.81042	0	
1271491	8575.06152	3306550213683	0.52066	0.38168	8574.86719	0.19434	11933	1	0.55041	0.39861	1	0.49203	0.35049	1	0.52122	0.37455	1	0.49339	0.52693	11.25859	1.10330	1	0.75319	0.55109	12.23890	1.09462	1	-0.00165	-0.00749	0.68908	0.00367	1	0.06556	-0.01231	0.67567	0.00356	1	1.45898	0.81042	0	
1271492	8575.06836	3306550279459	0.52069	0.38213	8574.86719	0.20117	11933	1	0.55267	0.41850	1	0.49060	0.37241	1	0.52164	0.39546	1	0.49326	0.52623	11.12420	1.07515	1	0.75352	0.55101	11.80290	1.06647	1	-0.00165	-0.00755	0.68908	0.00403	1	0.06556	-0.01231	0.67567	0.00360	1	1.45898	0.81042	0	
1271493	8575.07520	3306550346631	0.52115	0.38180	8574.86719	0.20801	11933	1	0.56735	0.36202	1	0.50318	0.38098	1	0.53526	0.37150	1	0.49322	0.52626	11.10953	1.06647	1	0.75347	0.55106	11.70430	1.06647	1	-0.00165	-0.00755	0.68908	0.00377	1	0.06556	-0.01231	0.67567	0.00361	1	1.45898	0.81042	0	
1271494	8575.08203	3306550413461	0.52081	0.38276	8574.86719	0.21484	11933	1	0.54324	0.40345	1	0.47725	0.42360	1	0.51024	0.41353	1	0.49324	0.52645	11.08161	1.06647	1	0.75305	0.55113	12.09048	1.06647	1	-0.00165	-0.00755	0.68908	0.00366	1	0.06556	-0.01231	0.67567	0.00361	1	1.45898	0.81042	0	
1271495	8575.08887	3306550480671	0.52049	0.38355	8574.86719	0.22168	11933	1	0.54243	0.39685	1	0.47730	0.42256	1	0.50986	0.40970	1	0.49333	0.52695	10.93633	1.07556	1	0.75332	0.55113	12.29927	1.06790	1	-0.00163	-0.00761	0.70013	0.00369	1	0.06387	-0.01201	0.65880	0.00360	1	1.45898	0.81042	0	
1271496	8575.09570	3306550548277	0.52043	0.38465	8574.86719	0.22852	11933	1	0.53292	0.41814	1	0.50348	0.42575	1	0.51820	0.42194	1	0.49311	0.52690	10.80095	1.07698	1	0.75338	0.55111	12.08182	1.06932	1	-0.00163	-0.00761	0.70013	0.00358	1	0.06387	-0.01201	0.65880	0.00356	1	1.45898	0.81042	0	
1271497	8575.10156	3306550613883	0.52001	0.38569	8574.86719	0.23438	11933	1	0.51621	0.40861	1	0.49485	0.43553	1	0.50553	0.42207	1	0.49284	0.52672	10.52767	1.07841	1	0.75339	0.55139	12.34932	1.07075	1	-0.00163	-0.00761	0.70013	0.00347	1	0.06387	-0.01201	0.65880	0.00346	1	1.45898	0.81042	0	
1271498	8575.10840	3306550681600	0.51963	0.38657	8574.86719	0.24121	11933	1	0.51605	0.40758	1	0.49534	0.42901	1	0.50570	0.41830	1	0.49311	0.52664	10.82796	1.07983	1	0.75335	0.55105	11.69650	1.07983	1	-0.00163	-0.00767	0.70005	0.00353	1	0.06556	-0.01231	0.67567	0.00364	1	1.45898	0.81042	0	
1271499	8575.11523	3306550748511	0.51986	0.38513	8574.86719	0.24805	11933	1	0.53496	0.38579	1	0.52216	0.27789	1	0.52856	0.33184	1	0.49316	0.52660	10.96892	1.07983	1	0.75370	0.54973	11.01440	1.08749	1	-0.00163	-0.00767	0.70005	0.00345	1	0.06556	-0.01231	0.67567	0.00411	1	1.45898	0.81042	0	
1271500	8575.12207	3306550815448	0.52013	0.38468	8574.86719	0.25488	11933	1	0.54114	0.40685	1	0.51956	0.32859	1	0.53035	0.36772	1	0.49315	0.52691	10.93009	1.08749	1	0.75365	0.55070	11.11267	1.09515	1	-0.00163	-0.00767	0.70005	0.00342	1	0.06556	-0.01231	0.67567	0.00380	1	1.45898	0.81042	0	
1271501	8575.12891	3306550882457	0.52039	0.38428	8574.86719	0.26172	11933	1	0.54126	0.40786	1	0.51945	0.32974	1	0.53036	0.36880	1	0.49323	0.52702	11.45225	1.08607	1	0.75363	0.55076	11.22531	1.09373	1	-0.00154	-0.00748	0.68279	0.00336	1	0.06556	-0.01231	0.67567	0.00372	1	1.45898	0.81042	0	
1271502	8575.13574	3306550949554	0.52070	0.38439	8574.86719	0.26855	11933	1	0.55358	0.41753	1	0.51269	0.36007	1	0.53314	0.38880	1	0.49338	0.52681	11.41688	1.08464	1	0.75359	0.55069	11.13144	1.08464	1	-0.00154	-0.00748	0.68279	0.00353	1	0.06556	-0.01231	0.67567	0.00373	1	1.45898	0.81042	0	
1271503	8575.14160	3306551015971	0.52116	0.38406	8574.86719	0.27441	11933	1	0.55380	0.43562	1	0.52655	0.30541	1	0.54018	0.37051	1	0.49334	0.52722	11.48145	1.07556	1	0.75380	0.55055	10.95443	1.07556	1	-0.00154	-0.00748	0.68279	0.00332	1	0.06556	-0.01231	0.67567	0.00401	1	1.45898	0.81042	0	
1271504	8575.14844	3306551083228	0.52160	0.38391	8574.86719	0.28125	11933	1	0.55452	0.44190	1	0.52580	0.31302	1	0.54016	0.37746	1	0.49363	0.52715	10.96838	1.06647	1	0.75389	0.55132	11.18198	1.06647	1	-0.00154	-0.00748	0.68279	0.00337	1	0.06633	-0.01251	0.68366	0.00381	1	1.45898	0.81042	0	
1271505	8575.15527	3306551150994	0.52227	0.38456	8574.86719	0.28809	11933	1	0.56570	0.39720	1	0.53656	0.42786	1	0.55113	0.41253	1	0.49364	0.52694	10.33354	1.06647	1	0.75394	0.55170	11.20279	1.06647	1	-0.00154	-0.00748	0.68279	0.00345	1	0.06633	-0.01251	0.68366	0.00381	1	1.45898	0.81042	0	
1271506	8575.16211	3306551217152	0.52293	0.38581	8574.86719	0.29492	11933	1	0.57706	0.42704	1	0.52657	0.45447	1	0.55182	0.44075	1	0.49374	0.52706	10.67999	1.06647	1	0.75390	0.55183	11.41445	1.06647	1	-0.00154	-0.00748	0.68279	0.00341	1	0.06633	-0.01251	0.68366	0.00378	1	1.45898	0.81042	0	
1271507	8575.16895	3306551284409	0.52356	0.38700	8574.86719	0.30176	11933	1	0.57706	0.42704	1	0.52657	0.45447	1	0.55182	0.44075	1	0.49368	0.52711	10.73423	1.06647	1	0.75373	0.55187	11.39571	1.06647	1	-0.00157	-0.00757	0.69600	0.00339	1	0.06633	-0.01251	0.68366	0.00377	1	1.45898	0.81042	0	
1271508	8575.17578	3306551351258	0.52350	0.38778	8574.86719	0.30859	11933	1	0.56570	0.39720	1	0.47572	0.44990	1	0.52071	0.42355	1	0.49363	0.52691	10.29827	1.06647	1	0.75379	0.55182	11.53807	1.06647	1	-0.00157	-0.00757	0.69600	0.00344	1	0.06633	-0.01251	0.68366	0.00391	1	1.45898	0.81042	0	
1271509	8575.18262	3306551418162	0.52346	0.38827	8574.86719	0.31543	11933	1	0.56570	0.39720	1	0.47772	0.42496	1	0.52171	0.41108	1	0.49363	0.52691	10.29827	1.06647	1	0.75378	0.55160	11.27887	1.06647	1	-0.00157	-0.00757	0.69600	0.00344	1	0.06633	-0.01251	0.68366	0.00396	1	1.45898	0.81042	0	
1271510	8575.18945	3306551485228	0.52344	0.38807	8574.86719	0.32227	11933	1	0.56506	0.39055	1	0.47808	0.41834	1	0.52157	0.40444	1	0.49360	0.52669	10.23587	1.07556	1	0.75381	0.55157	10.80915	1.07556	1	-0.00153	-0.00770	0.70282	0.00342	1	0.06633	-0.01251	0.68366	0.00385	1	1.45898	0.81042	0	
1271511	8575.19531	3306551547840	0.52341	0.38938	8574.86719	0.32812	11933	1	0.57968	0.44255	1	0.48123	0.47222	1	0.53046	0.45738	1	0.49378	0.52724	10.73356	1.08464	1	0.75389	0.55177	11.23441	1.08464	1	-0.00153	-0.00770	0.70282	0.00336	1	0.06633	-0.01251	0.68366	0.00384	1	1.45898	0.81042	0	
1271512	8575.20215	3306551617832	0.52328	0.38965	8574.86719	0.33496	11933	1	0.55934	0.35468	1	0.47929	0.42443	1	0.51932	0.38956	1	0.49358	0.52679	10.26857	1.09373	1	0.75382	0.55130	10.89995	1.09373	1	-0.00153	-0.00770	0.70282	0.00346	1	0.06633	-0.01251	0.68366	0.00386	1	1.45898	0.81042	0	
1271513	8575.20898	3306551682870	0.52315	0.38951	8574.86719	0.34180	11933	1	0.55867	0.34784	1	0.48039	0.40475	1	0.51953	0.37630	1	0.49358	0.52679	10.26857	1.10281	1	0.75345	0.55165	11.15594	1.12141	1	-0.00153	-0.00759	0.70283	0.00346	1	0.07095	-0.01336	0.73009	0.00402	1	1.45898	0.81042	0	
1271514	8575.21582	3306551748569	0.52335	0.38965	8574.86719	0.34863	11933	1	0.57216	0.36903	1	0.46952	0.40806	1	0.52084	0.38854	1	0.49376	0.52660	10.71820	1.12141	1	0.75370	0.55169	10.97223	1.14002	1	-0.00153	-0.00759	0.70283	0.00362	1	0.07095	-0.01336	0.73009	0.00376	1	1.45898	0.81042	0	
1271515	8575.22266	3306551819046	0.52334	0.39039	8574.86719	0.35547	11933	1	0.56595	0.37080	1	0.47401	0.40443	1	0.51998	0.38762	1	0.49363	0.52671	10.44751	1.14002	1	0.75377	0.55162	10.74891	1.15862	1	-0.00153	-0.00759	0.70283	0.00352	1	0.07095	-0.01336	0.73009	0.00388	1	1.45898	0.81042	0	
1271516	8575.22949	3306551886236	0.52332	0.39106	8574.86719	0.36230	11933	1	0.56472	0.35763	1	0.47376	0.40970	1	0.51924	0.38367	1	0.49346	0.52658	10.05367	1.15862	1	0.75348	0.55161	11.26438	1.15096	1	-0.00153	-0.00749	0.70283	0.00353	1	0.06375	-0.01202	0.65658	0.00387	1	1.45898	0.81042	0	
1271517	8575.23535	3306551947283	0.52325	0.38991	8574.86719	0.36816	11933	1	0.55343	0.34289	1	0.48212	0.39335	1	0.51777	0.36812	1	0.49350	0.52688	10.38333	1.15096	1	0.75382	0.55100	10.80215	1.12470	1	-0.00153	-0.00749	0.70283	0.00338	1	0.06375	-0.01202	0.65658	0.00363	1	1.45898	0.81042	0	
1271518	8575.24219	3306552017916	0.52364	0.38880	8574.86719	0.37500	11933	1	0.56294	0.35115	1	0.50168	0.36365	1	0.53231	0.35740	1	0.49363	0.52663	10.28897	1.12470	1	0.75378	0.55068	10.46275	1.09844	1	-0.00153	-0.00749	0.70283	0.00354	1	0.06375	-0.01202	0.65658	0.00366	1	1.45898	0.81042	0	
1271519	8575.24902	3306552085941	0.52405	0.38811	8574.86719	0.38184	11933	1	0.56539	0.37713	1	0.50055	0.37819	1	0.53297	0.37766	1	0.49359	0.52653	10.30137	1.08935	1	0.75387	0.55158	11.10014	1.07943	1	-0.00154	-0.00727	0.68280	0.00356	1	0.06779	-0.01272	0.69813	0.00370	1	1.45898	0.81042	0	
1271520	8575.25586	3306552151059	0.52437	0.38776	8574.86719	0.38867	11933	1	0.54091	0.37487	1	0.50352	0.42227	1	0.52221	0.39857	1	0.49327	0.52589	9.84123	1.07034	1	0.75380	0.55126	10.96094	1.08668	1	-0.00154	-0.00727	0.68280	0.00340	1	0.06779	-0.01272	0.69813	0.00365	1	1.45898	0.81042	0	
1271521	8575.26270	3306552221528	0.52461	0.38688	8574.86719	0.39551	11933	1	0.54900	0.32710	1	0.52001	0.44651	1	0.53451	0.38681	1	0.49332	0.52581	9.90461	1.07760	1	0.75371	0.55156	11.23356	1.09394	1	-0.00154	-0.00727	0.68280	0.00344	1	0.06779	-0.01272	0.69813	0.00357	1	1.45898	0.81042	0	
1271522	8575.26953	3306552288636	0.52485	0.38587	8574.86719	0.40234	11933	1	0.54764	0.31419	1	0.52059	0.44120	1	0.53411	0.37769	1	0.49350	0.52635	10.28911	1.09394	1	0.75361	0.55095	10.96745	1.10160	1	-0.00163	-0.00746	0.70005	0.00352	1	0.06556	-0.01231	0.67567	0.00381	1	1.45898	0.81042	0	
1271523	8575.27637	3306552356110	0.52464	0.38644	8574.86719	0.40918	11933	1	0.52547	0.35705	1	0.51242	0.42096	1	0.51895	0.38900	1	0.49304	0.52617	9.69027	1.11068	1	0.75353	0.55139	11.61226	1.10200	1	-0.00163	-0.00746	0.70005	0.00350	1	0.06556	-0.01231	0.67567	0.00362	1	1.45898	0.81042	0	
1271524	8575.28223	3306552421302	0.52473	0.38769	8574.86719	0.41504	11933	1	0.53701	0.39522	1	0.52627	0.42039	1	0.53164	0.40781	1	0.49285	0.52643	10.46302	1.11109	1	0.75374	0.55125	11.31528	1.10241	1	-0.00163	-0.00746	0.70005	0.00351	1	0.06556	-0.01231	0.67567	0.00362	1	1.45898	0.81042	0	
1271525	8575.28906	3306552488769	0.52483	0.38892	8574.86719	0.42188	11933	1	0.53698	0.39494	1	0.52700	0.41392	1	0.53199	0.40443	1	0.49219	0.52388	10.35999	1.11149	1	0.75281	0.55121	11.22493	1.11149	1	-0.00175	-0.00752	0.70651	0.00216	1	0.06776	-0.01265	0.69993	0.00356	1	1.45898	0.81042	0	
1271526	8575.29590	3306552557280	0.52508	0.38780	8574.86719	0.42871	11933	1	0.50484	0.27365	1	0.52405	0.36275	1	0.51444	0.31820	1	0.49195	0.52533	10.18571	1.11149	1	0.75301	0.55112	10.99593	1.12017	1	-0.00175	-0.00752	0.70651	0.00360	1	0.06776	-0.01265	0.69993	0.00367	1	1.45898	0.81042	0	
1271527	8575.30273	3306552623790	0.52496	0.38718	8574.86719	0.43555	11933	1	0.50986	0.38323	1	0.51164	0.33959	1	0.51075	0.36141	1	0.49201	0.52605	10.37096	1.12017	1	0.75276	0.55077	11.48872	1.12885	1	-0.00175	-0.00752	0.70651	0.00330	1	0.06776	-0.01265	0.69993	0.00351	1	1.45898	0.81042	0	
1271528	8575.30957	3306552690933	0.52484	0.38658	8574.86719	0.44238	11933	1	0.50991	0.38351	1	0.51104	0.34655	1	0.51047	0.36503	1	0.49165	0.52381	10.52177	1.11977	1	0.75231	0.55014	10.66076	1.11977	1	-0.00174	-0.00725	0.68096	0.00206	1	0.06528	-0.01215	0.67486	0.00376	1	1.45898	0.81042	0	
1271529	8575.31641	3306552757857	0.52399	0.38293	8574.86719	0.44922	11933	1	0.48110	0.15948	1	0.47869	0.29491	1	0.47990	0.22719	1	0.49176	0.52370	10.37064	1.11068	1	0.75223	0.54944	10.75893	1.10200	1	-0.00174	-0.00725	0.68096	0.00212	1	0.06528	-0.01215	0.67486	0.00382	1	1.45898	0.81042	0	
1271530	8575.32324	3306552824954	0.52322	0.38096	8574.86719	0.45605	11933	1	0.49255	0.16097	1	0.47220	0.38589	1	0.48237	0.27343	1	0.49175	0.52380	10.57498	1.09292	1	0.75214	0.54981	10.83078	1.08424	1	-0.00174	-0.00725	0.68096	0.00214	1	0.06528	-0.01215	0.67486	0.00391	1	1.45898	0.81042	0	
1271531	8575.32910	3306552890939	0.51287	0.35007	8574.86719	0.45605	11933	0	0.49478	0.17758	1	0.47134	0.40502	1	0.48306	0.29130	1	0.49144	0.52378	10.51300	1.07515	1	0.75223	0.55001	10.81295	1.05881	1	-0.00183	-0.00721	0.67692	0.00206	1	0.06301	-0.01173	0.65193	0.00393	1	1.45898	0.81042	0	
1271532	8575.33594	3306552958387	0.50425	0.32366	8574.86719	0.45605	11933	0	0.51798	0.19550	1	0.47329	0.39898	1	0.49564	0.29724	1	0.49139	0.52381	10.50761	1.05881	1	0.75214	0.55034	10.84108	1.05115	1	-0.00183	-0.00721	0.67692	0.00203	1	0.06301	-0.01173	0.65193	0.00385	1	1.45898	0.81042	0	
1271533	8575.34277	3306553024424	0.50257	0.31661	8574.86719	0.45605	11933	0	0.51907	0.23346	1	0.47936	0.37156	1	0.49921	0.30251	1	0.49134	0.52381	10.40214	1.05115	1	0.75226	0.54963	10.79250	1.04349	1	-0.00183	-0.00721	0.67692	0.00202	1	0.06301	-0.01173	0.65193	0.00385	1	1.45898	0.81042	0	
1271534	8575.34961	3306553093514	0.50181	0.31116	8575.32910	0.02051	11934	1	0.51892	0.23218	1	0.48010	0.35742	1	0.49951	0.29480	1	0.49118	0.52387	10.36111	1.05258	1	0.75196	0.54919	10.21730	1.06126	1	-0.00195	-0.00749	0.70325	0.00209	1	0.06750	-0.01259	0.69943	0.00376	1	1.45898	0.81042	0	
1271535	8575.35645	3306553160353	0.50417	0.31905	8575.32910	0.02734	11934	1	0.52439	0.38875	1	0.50287	0.31252	1	0.51363	0.35064	1	0.49134	0.52602	10.73484	1.07034	1	0.75180	0.54969	10.42337	1.08668	1	-0.00195	-0.00749	0.70325	0.00333	1	0.06750	-0.01259	0.69943	0.00371	1	1.45898	0.81042	0	
1271536	8575.36328	3306553226942	0.50260	0.31225	8575.32910	0.03418	11934	1	0.49149	0.20216	1	0.49800	0.35434	1	0.49474	0.27825	1	0.49118	0.52400	10.39085	1.09577	1	0.75178	0.54971	10.48490	1.11211	1	-0.00195	-0.00749	0.70325	0.00212	1	0.06750	-0.01259	0.69943	0.00370	1	1.45898	0.81042	0	
1271537	8575.37012	3306553293831	0.50140	0.30688	8575.32910	0.04102	11934	1	0.49044	0.19472	1	0.49798	0.35461	1	0.49421	0.27466	1	0.49074	0.52393	10.33644	1.10409	1	0.75148	0.54999	11.00632	1.11175	1	-0.00194	-0.00707	0.66340	0.00210	1	0.06586	-0.01229	0.68297	0.00352	1	1.45898	0.81042	0	
1271538	8575.37695	3306553360926	0.49807	0.30643	8575.32910	0.04785	11934	1	0.50127	0.19427	1	0.44815	0.41220	1	0.47471	0.30324	1	0.49084	0.52397	10.17213	1.09465	1	0.75099	0.55024	11.00050	1.08597	1	-0.00194	-0.00707	0.66340	0.00205	1	0.06586	-0.01229	0.68297	0.00370	1	1.45898	0.81042	0	
1271539	8575.38281	3306553427759	0.49693	0.30536	8575.32910	0.05371	11934	1	0.50762	0.20558	1	0.46802	0.38800	1	0.48782	0.29679	1	0.49082	0.52394	10.69765	1.06887	1	0.75133	0.54969	11.10404	1.06019	1	-0.00194	-0.00707	0.66340	0.00212	1	0.06586	-0.01229	0.68297	0.00384	1	1.45898	0.81042	0	
1271540	8575.38965	3306553494056	0.49609	0.30599	8575.32910	0.06055	11934	1	0.50970	0.22180	1	0.46747	0.40162	1	0.48859	0.31171	1	0.49055	0.52394	10.65909	1.05110	1	0.75135	0.54974	11.05554	1.04242	1	-0.00204	-0.00723	0.67865	0.00204	1	0.06547	-0.01217	0.67896	0.00382	1	1.45898	0.81042	0	
1271541	8575.39648	3306553559153	0.49555	0.30609	8575.32910	0.06738	11934	1	0.51513	0.23289	1	0.46513	0.38135	1	0.49013	0.30712	1	0.49055	0.52400	10.50688	1.05044	1	0.75127	0.54955	10.77633	1.05044	1	-0.00204	-0.00723	0.67865	0.00206	1	0.06547	-0.01217	0.67896	0.00387	1	1.45898	0.81042	0	
1271542	8575.40332	3306553628711	0.49615	0.31278	8575.32910	0.07422	11934	1	0.53623	0.40372	1	0.46928	0.36906	1	0.50276	0.38639	1	0.49071	0.52618	9.95573	1.05845	1	0.75135	0.54944	10.92721	1.05845	1	-0.00204	-0.00723	0.67865	0.00323	1	0.06547	-0.01217	0.67896	0.00390	1	1.45898	0.81042	0	
1271543	8575.41016	3306553695183	0.49663	0.31719	8575.32910	0.08105	11934	1	0.53460	0.39119	1	0.47010	0.34879	1	0.50235	0.36999	1	0.49053	0.52612	10.48845	1.07556	1	0.75089	0.55001	10.64366	1.08424	1	-0.00218	-0.00754	0.70766	0.00321	1	0.06837	-0.01263	0.71069	0.00360	1	1.45898	0.81042	0	
1271544	8575.41699	3306553763040	0.49515	0.31850	8575.32910	0.08789	11934	1	0.50826	0.27125	1	0.44355	0.39991	1	0.47591	0.33558	1	0.49043	0.52492	9.95144	1.09332	1	0.75088	0.55023	10.61084	1.10200	1	-0.00218	-0.00754	0.70766	0.00366	1	0.06837	-0.01263	0.71069	0.00366	1	1.45898	0.81042	0	
1271545	8575.42285	3306553824746	0.49354	0.32261	8575.32910	0.09375	11934	1	0.51011	0.38829	1	0.43203	0.37214	1	0.47107	0.38021	1	0.49044	0.52615	10.39945	1.11109	1	0.75080	0.54998	10.55348	1.11977	1	-0.00218	-0.00754	0.70766	0.00331	1	0.06837	-0.01263	0.71069	0.00365	1	1.45898	0.81042	0	
1271546	8575.42969	3306553894172	0.49211	0.32582	8575.32910	0.10059	11934	1	0.50914	0.38210	1	0.43201	0.36574	1	0.47058	0.37392	1	0.49062	0.52576	10.57976	1.11977	1	0.75078	0.54976	10.34594	1.12845	1	-0.00216	-0.00730	0.68550	0.00346	1	0.06837	-0.01263	0.71069	0.00364	1	1.45898	0.81042	0	
1271547	8575.43652	3306553958705	0.49168	0.32736	8575.32910	0.10742	11934	1	0.52295	0.34728	1	0.44675	0.35661	1	0.48485	0.35194	1	0.49065	0.52600	10.65808	1.11936	1	0.75096	0.54997	10.59541	1.11936	1	-0.00216	-0.00730	0.68550	0.00339	1	0.06837	-0.01263	0.71069	0.00363	1	1.45898	0.81042	0	
1271548	8575.44336	3306554027820	0.49207	0.33024	8575.32910	0.11426	11934	1	0.53688	0.42301	1	0.46055	0.33559	1	0.49871	0.37930	1	0.49080	0.52619	10.82136	1.11028	1	0.75082	0.54962	10.18815	1.11028	1	-0.00216	-0.00730	0.68550	0.00330	1	0.06837	-0.01263	0.71069	0.00373	1	1.45898	0.81042	0	
1271549	8575.45020	3306554097659	0.49244	0.33317	8575.32910	0.12109	11934	1	0.53770	0.42920	1	0.46034	0.34267	1	0.49902	0.38593	1	0.49034	0.52341	10.21582	1.10119	1	0.75105	0.54969	10.39984	1.10119	1	-0.00216	-0.00730	0.68550	0.00213	1	0.06837	-0.01263	0.71069	0.00368	1	1.45898	0.81042	0	
1271550	8575.45703	3306554164722	0.49159	0.33526	8575.32910	0.12793	11934	1	0.50684	0.38843	1	0.44405	0.36132	1	0.47545	0.37488	1	0.49041	0.52566	10.11359	1.10119	1	0.75089	0.54989	10.51159	1.10119	1	-0.00216	-0.00730	0.68550	0.00356	1	0.06837	-0.01263	0.71069	0.00364	1	1.45898	0.81042	0	
1271551	8575.46387	3306554231042	0.49083	0.33753	8575.32910	0.13477	11934	1	0.51515	0.40444	1	0.43633	0.36132	1	0.47574	0.38288	1	0.49044	0.52588	10.94888	1.10119	1	0.75079	0.54975	10.28163	1.10119	1	-0.00216	-0.00730	0.68550	0.00337	1	0.06837	-0.01263	0.71069	0.00370	1	1.45898	0.81042	0	
1271552	8575.47070	3306554298654	0.48519	0.36786	8575.32910	0.13477	11934	0	0.51515	0.40444	1	0.43631	0.36791	1	0.47573	0.38618	1	0.49032	0.52365	9.95716	1.10119	1	0.75069	0.54987	10.31081	1.09251	1	-0.00216	-0.00730	0.68550	0.00204	1	0.06400	-0.01183	0.66578	0.00368	1	1.45898	0.81042	0	
1271553	8575.47656	3306554365199	0.48507	0.34206	8575.32910	0.13477	11934	0	0.49677	0.21150	1	0.47313	0.42100	1	0.48495	0.31625	1	0.49027	0.52369	10.17947	1.09251	1	0.75098	0.54995	10.59692	1.08383	1	-0.00216	-0.00730	0.68550	0.00205	1	0.06400	-0.01183	0.66578	0.00359	1	1.45898	0.81042	0	
1271554	8575.48340	3306554433133	0.47593	0.32364	8575.32910	0.13477	11934	0	0.49237	0.16281	1	0.42294	0.41083	1	0.45766	0.28682	1	0.49021	0.52355	9.76694	1.08383	1	0.75061	0.55006	11.01603	1.07515	1	-0.00216	-0.00730	0.68550	0.00210	1	0.06400	-0.01183	0.66578	0.00366	1	1.45898	0.81042	0	
1271555	8575.49023	3306554499410	0.47135	0.31356	8575.47070	0.01953	11935	1	0.49232	0.16243	1	0.42285	0.40418	1	0.45758	0.28331	1	0.49063	0.52612	10.28051	1.08424	1	0.75096	0.54985	10.57670	1.08424	1	-0.00218	-0.00754	0.70766	0.00336	1	0.06837	-0.01263	0.71069	0.00359	1	1.45898	0.81042	0	
1271556	8575.49707	3306554566027	0.47445	0.32918	8575.47070	0.02637	11935	1	0.53098	0.41130	1	0.44275	0.37207	1	0.48686	0.39168	1	0.49071	0.52613	10.86021	1.09332	1	0.75094	0.55006	10.67949	1.10200	1	-0.00218	-0.00754	0.70766	0.00325	1	0.06837	-0.01263	0.71069	0.00357	1	1.45898	0.81042	0	
1271557	8575.50391	3306554633253	0.47295	0.31842	8575.47070	0.03320	11935	1	0.48757	0.16786	1	0.44340	0.36137	1	0.46549	0.26462	1	0.49029	0.52387	10.08118	1.11109	1	0.75094	0.54992	10.64280	1.11977	1	-0.00218	-0.00754	0.70766	0.00214	1	0.06837	-0.01263	0.71069	0.00356	1	1.45898	0.81042	0	
1271558	8575.51074	3306554700137	0.46875	0.32266	8575.47070	0.04004	11935	1	0.48757	0.16786	0	0.44354	0.34809	1	0.44354	0.34809	1	0.49029	0.52387	10.08118	1.12885	0	0.49059	0.52387	10.73608	1.13754	1	-0.00218	-0.00754	0.70766	0.00214	1	-0.00218	-0.00754	0.70766	0.00207	1	1.45898	0.81042	0	
1271559	8575.51758	3306554767289	0.45931	0.29089	8575.47070	0.04688	11935	1	0.48757	0.16786	0	0.39320	0.06853	1	0.39320	0.06853	1	0.49029	0.52387	10.08118	1.13754	0	0.49055	0.52369	10.00109	1.13754	1	-0.00218	-0.00754	0.70766	0.00214	1	-0.00218	-0.00754	0.70766	0.00210	1	1.45898	0.81042	0	
1271560	8575.52344	3306554834322	0.45140	0.27065	8575.47070	0.05273	11935	1	0.48757	0.16786	0	0.38816	0.10869	1	0.38816	0.10869	1	0.49029	0.52387	10.08118	1.13754	0	0.49058	0.52394	10.58471	1.13754	1	-0.00218	-0.00754	0.70766	0.00214	1	-0.00218	-0.00754	0.70766	0.00208	1	1.45898	0.81042	0	
1271561	8575.53027	3306554901141	0.44508	0.25445	8575.47070	0.05957	11935	1	0.48757	0.16786	0	0.38816	0.10869	1	0.38816	0.10869	1	0.49029	0.52387	10.08118	1.13754	0	0.49061	0.52609	9.63981	1.13754	1	-0.00218	-0.00754	0.70766	0.00214	1	-0.00218	-0.00754	0.70766	0.00325	1	1.45898	0.81042	0	
1271562	8575.53711	3306554967750	0.44086	0.26144	8575.47070	0.06641	11935	1	0.48757	0.16786	0	0.39872	0.33130	1	0.39872	0.33130	1	0.49029	0.52387	10.08118	1.13754	0	0.49083	0.52640	9.64082	1.13754	1	-0.00218	-0.00754	0.70766	0.00214	1	-0.00218	-0.00754	0.70766	0.00352	1	1.45898	0.81042	0	
1271563	8575.54395	3306555035415	0.43722	0.26906	8575.47070	0.07324	11935	1	0.48757	0.16786	0	0.39709	0.35294	1	0.39709	0.35294	1	0.49029	0.52387	10.08118	1.13754	0	0.49083	0.52640	9.50711	1.13754	1	-0.00218	-0.00754	0.70766	0.00214	1	-0.00218	-0.00754	0.70766	0.00356	1	1.45898	0.81042	0	
1271564	8575.55078	3306555102410	0.43415	0.27601	8575.47070	0.08008	11935	1	0.48757	0.16786	0	0.39736	0.35937	1	0.39736	0.35937	1	0.49029	0.52387	10.08118	1.13754	0	0.49064	0.52387	10.36288	1.12885	1	-0.00218	-0.00754	0.70766	0.00214	1	-0.00204	-0.00723	0.67865	0.00206	1	1.45898	0.81042	0	
1271565	8575.55762	3306555168353	0.43062	0.26327	8575.47070	0.08691	11935	1	0.48757	0.16786	0	0.38468	0.09765	1	0.38468	0.09765	1	0.49029	0.52387	10.08118	1.12885	0	0.49085	0.52390	10.16826	1.12017	1	-0.00218	-0.00754	0.70766	0.00214	1	-0.00204	-0.00723	0.67865	0.00207	1	1.45898	0.81042	0	
1271566	8575.56445	3306555235415	0.42698	0.25462	8575.47070	0.09375	11935	1	0.48757	0.16786	0	0.37599	0.13346	1	0.37599	0.13346	1	0.49029	0.52387	10.08118	1.12017	0	0.49073	0.52401	10.35072	1.11149	1	-0.00218	-0.00754	0.70766	0.00214	1	-0.00204	-0.00723	0.67865	0.00208	1	1.45898	0.81042	0	
1271567	8575.57031	3306555302945	0.40797	0.22556	8575.47070	0.09375	11935	0	0.48757	0.16786	0	0.37642	0.14172	1	0.37642	0.14172	1	0.49029	0.52387	10.08118	1.11149	0	0.49077	0.52406	10.19382	1.10281	1	-0.00218	-0.00754	0.70766	0.00214	1	-0.00204	-0.00723	0.67865	0.00210	1	1.45898	0.81042	0	
1271568	8575.57715	3306555367877	0.39466	0.18182	8575.47070	0.09375	11935	0	0.48757	0.16786	0	0.38134	0.13809	1	0.38134	0.13809	1	0.49029	0.52387	10.08118	1.10281	0	0.49081	0.52412	10.37449	1.10281	1	-0.00218	-0.00754	0.70766	0.00214	1	-0.00204	-0.00723	0.67865	0.00210	1	1.45898	0.81042	0	
1271569	8575.58398	3306555437076	0.38159	0.15137	8575.47070	0.09375	11935	0	0.48757	0.16786	0	0.35544	0.09047	1	0.35544	0.09047	1	0.49029	0.52387	10.08118	1.10281	0	0.49077	0.52403	10.05439	1.10281	1	-0.00218	-0.00754	0.70766	0.00214	1	-0.00204	-0.00723	0.67865	0.00212	1	1.45898	0.81042	0	
1271570	8575.59082	3306555503173	0.38657	0.12339	8575.47070	0.09375	11935	0	0.48978	0.18372	1	0.35606	0.09951	1	0.42292	0.14161	1	0.49077	0.52412	10.42406	1.09373	1	0.75182	0.55019	10.62557	1.09373	1	-0.00208	-0.00743	0.69300	0.00205	1	0.06586	-0.01229	0.68297	0.00358	1	1.45898	0.81042	0	
1271571	8575.59766	3306555567858	0.43611	0.19692	8575.47070	0.09375	11935	0	0.48189	0.17841	1	0.48942	0.36250	1	0.48566	0.27045	1	0.49081	0.52412	10.37983	1.08464	1	0.75163	0.55021	10.98419	1.08464	1	-0.00208	-0.00743	0.69300	0.00208	1	0.06586	-0.01229	0.68297	0.00350	1	1.45898	0.81042	0	
1271572	8575.60449	3306555638866	0.45393	0.22701	8575.47070	0.09375	11935	0	0.48703	0.19280	1	0.49212	0.38155	1	0.48957	0.28718	1	0.49088	0.52412	10.46683	1.07556	1	0.75170	0.55011	10.41852	1.07556	1	-0.00208	-0.00743	0.69300	0.00205	1	0.06586	-0.01229	0.68297	0.00357	1	1.45898	0.81042	0	
1271573	8575.61035	3306555702083	0.48839	0.28416	8575.47070	0.09375	11935	0	0.48823	0.20117	1	0.49165	0.38849	1	0.48994	0.29483	1	0.49091	0.52413	10.47410	1.06647	1	0.75168	0.55035	10.42166	1.06647	1	-0.00194	-0.00724	0.67973	0.00215	1	0.06586	-0.01229	0.68297	0.00347	1	1.45898	0.81042	0	
1271574	8575.61719	3306555770904	0.49202	0.27758	8575.47070	0.09375	11935	0	0.49278	0.17808	1	0.49854	0.36395	1	0.49566	0.27101	1	0.49099	0.52400	10.46045	1.06647	1	0.75176	0.55018	10.23993	1.06647	1	-0.00194	-0.00724	0.67973	0.00206	1	0.06586	-0.01229	0.68297	0.00352	1	1.45898	0.81042	0	
1271575	8575.62402	3306555837778	0.49102	0.27948	8575.47070	0.09375	11935	0	0.48842	0.18068	1	0.48962	0.38585	1	0.48902	0.28326	1	0.49092	0.52396	10.78427	1.06647	1	0.75169	0.55033	10.30223	1.06647	1	-0.00194	-0.00724	0.67973	0.00214	1	0.06586	-0.01229	0.68297	0.00348	1	1.45898	0.81042	0	
1271576	8575.63086	3306555902894	0.49052	0.28042	8575.61035	0.02051	11936	1	0.48842	0.18068	1	0.48962	0.38585	1	0.48902	0.28326	1	0.49128	0.52393	10.51777	1.06647	1	0.75181	0.55004	10.49752	1.06647	1	-0.00194	-0.00724	0.67973	0.00214	1	0.06586	-0.01229	0.68297	0.00364	1	1.45898	0.81042	0	
1271577	8575.63770	3306555970908	0.48846	0.27569	8575.61035	0.02734	11936	1	0.51764	0.20738	1	0.44278	0.30611	1	0.48021	0.25674	1	0.49118	0.52407	10.54371	1.06647	1	0.75168	0.54922	10.37763	1.06647	1	-0.00194	-0.00724	0.67973	0.00207	1	0.06586	-0.01229	0.68297	0.00374	1	1.45898	0.81042	0	
1271578	8575.64453	3306556037682	0.48735	0.28187	8575.61035	0.03418	11936	1	0.50760	0.34127	1	0.45600	0.28432	1	0.48180	0.31280	1	0.49114	0.52526	9.99851	1.06647	1	0.75182	0.54936	10.38669	1.06647	1	-0.00194	-0.00724	0.67973	0.00373	1	0.06586	-0.01229	0.68297	0.00374	1	1.45898	0.81042	0	
1271579	8575.65039	3306556103037	0.48657	0.28576	8575.61035	0.04004	11936	1	0.50760	0.34127	1	0.45617	0.27687	1	0.48189	0.30907	1	0.49172	0.52646	9.53664	1.06647	1	0.75217	0.54986	10.96091	1.07515	1	-0.00183	-0.00721	0.67692	0.00346	1	0.06750	-0.01259	0.69943	0.00368	1	1.45898	0.81042	0	
1271580	8575.65723	3306556171429	0.48563	0.28840	8575.61035	0.04688	11936	1	0.50170	0.21711	1	0.45639	0.39669	1	0.47904	0.30690	1	0.49150	0.52392	10.22415	1.07515	1	0.75195	0.55007	10.40704	1.08383	1	-0.00183	-0.00721	0.67692	0.00214	1	0.06750	-0.01259	0.69943	0.00370	1	1.45898	0.81042	0	
1271581	8575.66504	3306556240953	0.48092	0.30553	8575.61035	0.05469	11936	1	0.50170	0.21711	0	0.44324	0.44258	1	0.44324	0.44258	1	0.49150	0.52392	10.22415	1.08383	0	0.75169	0.55051	10.94496	1.09251	1	-0.00183	-0.00721	0.67692	0.00214	1	0.06750	-0.01259	0.69943	0.00369	1	1.45898	0.81042	0	
1271582	8575.67090	3306556307172	0.48092	0.30553	8575.61035	0.06055	11936	1	0.50170	0.21711	0	0.44324	0.44258	0	0.44324	0.44258	0	0.49150	0.52392	10.22415	1.09251	0	0.75169	0.55051	10.94496	1.10119	0	-0.00183	-0.00721	0.67692	0.00214	1	0.06750	-0.01259	0.69943	0.00369	1	1.45898	0.81042	0	
1271583	8575.67773	3306556375052	0.48092	0.30553	8575.61035	0.06738	11936	1	0.50170	0.21711	0	0.44324	0.44258	0	0.44324	0.44258	0	0.49150	0.52392	10.22415	1.10119	0	0.75169	0.55051	10.94496	1.10119	0	-0.00183	-0.00721	0.67692	0.00214	1	0.06750	-0.01259	0.69943	0.00369	1	1.45898	0.81042	0	
1271584	8575.68457	3306556441710	0.48092	0.30553	8575.61035	0.07422	11936	1	0.50170	0.21711	0	0.44324	0.44258	0	0.44324	0.44258	0	0.49150	0.52392	10.22415	1.10119	0	0.75169	0.55051	10.94496	1.10119	0	-0.00183	-0.00721	0.67692	0.00214	1	0.06750	-0.01259	0.69943	0.00369	1	1.45898	0.81042	0	
1271585	8575.69141	3306556508967	0.47999	0.30820	8575.61035	0.07422	11936	0	0.50170	0.21711	0	0.44324	0.44258	0	0.44324	0.44258	0	0.49150	0.52392	10.22415	1.10119	0	0.75169	0.55051	10.94496	1.10119	0	-0.00183	-0.00721	0.67692	0.00214	1	0.06750	-0.01259	0.69943	0.00369	1	1.45898	0.81042	0	
1271586	8575.69824	3306556575848	0.47999	0.30820	8575.61035	0.07422	11936	0	0.50170	0.21711	0	0.44324	0.44258	0	0.44324	0.44258	0	0.49150	0.52392	10.22415	1.10119	0	0.75169	0.55051	10.94496	1.10119	0	-0.00183	-0.00721	0.67692	0.00214	1	0.06750	-0.01259	0.69943	0.00369	1	1.45898	0.81042	0	
1271587	8575.70508	3306556642689	0.47999	0.30820	8575.61035	0.07422	11936	0	0.50170	0.21711	0	0.44324	0.44258	0	0.44324	0.44258	0	0.49150	0.52392	10.22415	1.10119	0	0.75169	0.55051	10.94496	1.10119	0	-0.00183	-0.00721	0.67692	0.00214	1	0.06750	-0.01259	0.69943	0.00369	1	1.45898	0.81042	0	
1271588	8575.71191	3306556709834	0.00000	0.00000	8575.61035	0.07422	11936	0	0.50170	0.21711	0	0.44324	0.44258	0	0.44324	0.44258	0	0.49150	0.52392	10.22415	1.10119	0	0.75169	0.55051	10.94496	1.10119	0	-0.00183	-0.00721	0.67692	0.00214	1	0.06750	-0.01259	0.69943	0.00369	1	1.45898	0.81042	0	
1271589	8575.71777	3306556776389	0.00000	0.00000	8575.61035	0.07422	11936	0	0.50170	0.21711	0	0.44324	0.44258	0	0.44324	0.44258	0	0.49150	0.52392	10.22415	1.10119	0	0.75169	0.55051	10.94496	1.10119	0	-0.00183	-0.00721	0.67692	0.00214	1	0.06750	-0.01259	0.69943	0.00369	1	1.45898	0.81042	0	
1271590	8575.72461	3306556843631	0.00000	0.00000	8575.61035	0.07422	11936	0	0.50170	0.21711	0	0.44324	0.44258	0	0.44324	0.44258	0	0.49150	0.52392	10.22415	1.10119	0	0.75169	0.55051	10.94496	1.10119	0	-0.00183	-0.00721	0.67692	0.00214	1	0.06750	-0.01259	0.69943	0.00369	1	1.45898	0.81042	0	
1271591	8575.73145	3306556910735	0.44331	0.43657	8575.61035	0.07422	11936	0	0.50170	0.21711	0	0.44331	0.43657	1	0.44331	0.43657	1	0.49150	0.52392	10.22415	1.10119	0	0.49221	0.52325	10.41977	1.10119	1	-0.00183	-0.00721	0.67692	0.00214	1	-0.00176	-0.00741	0.71062	0.00221	1	1.45898	0.81042	0	
1271592	8575.73828	3306556978045	0.42151	0.27926	8575.61035	0.07422	11936	0	0.50170	0.21711	0	0.39971	0.12195	1	0.39971	0.12195	1	0.49150	0.52392	10.22415	1.10119	0	0.49221	0.52324	10.43365	1.10119	1	-0.00183	-0.00721	0.67692	0.00214	1	-0.00176	-0.00741	0.71062	0.00220	1	1.45898	0.81042	0	
1271593	8575.74512	3306557044740	0.40384	0.27014	8575.61035	0.07422	11936	0	0.50170	0.21711	0	0.36849	0.25190	1	0.36849	0.25190	1	0.49150	0.52392	10.22415	1.10119	0	0.49225	0.52485	10.09829	1.10119	1	-0.00183	-0.00721	0.67692	0.00214	1	-0.00176	-0.00741	0.71062	0.00374	1	1.45898	0.81042	0	
1271594	8575.75195	3306557111665	0.38410	0.18693	8575.61035	0.07422	11936	0	0.50170	0.21711	0	0.36849	0.25190	0	0.36849	0.25190	0	0.49150	0.52392	10.22415	1.10119	0	0.49225	0.52485	10.09829	1.10119	0	-0.00183	-0.00721	0.67692	0.00214	1	-0.00176	-0.00741	0.71062	0.00374	1	1.45898	0.81042	0	
1271595	8575.75879	3306557178798	0.38410	0.18693	8575.61035	0.07422	11936	0	0.50170	0.21711	0	0.36849	0.25190	0	0.36849	0.25190	0	0.49150	0.52392	10.22415	1.10119	0	0.49225	0.52485	10.09829	1.10119	0	-0.00183	-0.00721	0.67692	0.00214	1	-0.00176	-0.00741	0.71062	0.00374	1	1.45898	0.81042	0	
1271596	8575.76465	3306557246467	0.38410	0.18693	8575.61035	0.07422	11936	0	0.50170	0.21711	0	0.36849	0.25190	0	0.36849	0.25190	0	0.49150	0.52392	10.22415	1.10119	0	0.49225	0.52485	10.09829	1.10119	0	-0.00183	-0.00721	0.67692	0.00214	1	-0.00176	-0.00741	0.71062	0.00374	1	1.45898	0.81042	0	
1271597	8575.77148	3306557313550	0.00000	0.00000	8575.61035	0.07422	11936	0	0.50170	0.21711	0	0.36849	0.25190	0	0.36849	0.25190	0	0.49150	0.52392	10.22415	1.10119	0	0.49225	0.52485	10.09829	1.10119	0	-0.00183	-0.00721	0.67692	0.00214	1	-0.00176	-0.00741	0.71062	0.00374	1	1.45898	0.81042	0	
1271598	8575.77832	3306557379689	0.00000	0.00000	8575.61035	0.07422	11936	0	0.50170	0.21711	0	0.36849	0.25190	0	0.36849	0.25190	0	0.49150	0.52392	10.22415	1.10119	0	0.49225	0.52485	10.09829	1.10119	0	-0.00183	-0.00721	0.67692	0.00214	1	-0.00176	-0.00741	0.71062	0.00374	1	1.45898	0.81042	0	
1271599	8575.78516	3306557446582	0.00000	0.00000	8575.61035	0.07422	11936	0	0.50170	0.21711	0	0.36849	0.25190	0	0.36849	0.25190	0	0.49150	0.52392	10.22415	1.10119	0	0.49225	0.52485	10.09829	1.10119	0	-0.00183	-0.00721	0.67692	0.00214	1	-0.00176	-0.00741	0.71062	0.00374	1	1.45898	0.81042	0	
1271600	8575.79199	3306557513677	0.00000	0.00000	8575.61035	0.07422	11936	0	0.50170	0.21711	0	0.36849	0.25190	0	0.36849	0.25190	0	0.49150	0.52392	10.22415	1.10119	0	0.49225	0.52485	10.09829	1.10119	0	-0.00183	-0.00721	0.67692	0.00214	1	-0.00176	-0.00741	0.71062	0.00374	1	1.45898	0.81042	0	
1271601	8575.79883	3306557580190	0.00000	0.00000	8575.61035	0.07422	11936	0	0.50170	0.21711	0	0.36849	0.25190	0	0.36849	0.25190	0	0.49150	0.52392	10.22415	1.10119	0	0.49225	0.52485	10.09829	1.10119	0	-0.00183	-0.00721	0.67692	0.00214	1	-0.00176	-0.00741	0.71062	0.00374	1	1.45898	0.81042	0	
1271602	8575.80566	3306557647353	0.00000	0.00000	8575.61035	0.07422	11936	0	0.50170	0.21711	0	0.36849	0.25190	0	0.36849	0.25190	0	0.49150	0.52392	10.22415	1.10119	0	0.49225	0.52485	10.09829	1.10119	0	-0.00183	-0.00721	0.67692	0.00214	1	-0.00176	-0.00741	0.71062	0.00374	1	1.45898	0.81042	0	
1271603	8575.81152	3306557713888	0.00000	0.00000	8575.61035	0.07422	11936	0	0.50170	0.21711	0	0.36849	0.25190	0	0.36849	0.25190	0	0.49150	0.52392	10.22415	1.10119	0	0.49225	0.52485	10.09829	1.10119	0	-0.00183	-0.00721	0.67692	0.00214	1	-0.00176	-0.00741	0.71062	0.00374	1	1.45898	0.81042	0	
1271604	8575.81836	3306557781891	0.25054	0.15222	8575.61035	0.07422	11936	0	0.50226	0.29592	1	0.49989	0.31294	1	0.50107	0.30443	1	0.49275	0.52459	10.14540	1.10119	1	0.75336	0.54973	11.98848	1.10119	1	-0.00183	-0.00721	0.67692	0.00371	1	-0.00176	-0.00741	0.71062	0.00368	1	1.45898	0.81042	0	
1271605	8575.82520	3306557847948	0.32832	0.19344	8575.61035	0.07422	11936	0	0.49149	0.19716	1	0.47629	0.35462	1	0.48389	0.27589	1	0.49262	0.52305	10.84051	1.10119	1	0.75341	0.55004	10.39818	1.10119	1	-0.00183	-0.00721	0.67692	0.00211	1	-0.00176	-0.00741	0.71062	0.00349	1	1.45898	0.81042	0	
1271606	8575.83203	3306557916005	0.48708	0.31165	8575.61035	0.07422	11936	0	0.49149	0.19716	0	0.47629	0.35462	1	0.47629	0.35462	1	0.49262	0.52305	10.84051	1.10119	0	0.49280	0.52295	10.54398	1.10119	1	-0.00183	-0.00721	0.67692	0.00211	1	-0.00153	-0.00727	0.70283	0.00212	1	1.45898	0.81042	0	
1271607	8575.83887	3306557981452	0.42463	0.34463	8575.61035	0.07422	11936	0	0.49149	0.19716	0	0.36217	0.37762	1	0.36217	0.37762	1	0.49262	0.52305	10.84051	1.10119	0	0.49297	0.52549	10.63982	1.10119	1	-0.00183	-0.00721	0.67692	0.00211	1	-0.00153	-0.00727	0.70283	0.00350	1	1.45898	0.81042	0	
1271608	8575.84570	3306558049312	0.40298	0.27430	8575.61035	0.07422	11936	0	0.49149	0.19716	0	0.35970	0.13364	1	0.35970	0.13364	1	0.49262	0.52305	10.84051	1.10119	0	0.49297	0.52311	10.57279	1.10119	1	-0.00183	-0.00721	0.67692	0.00211	1	-0.00153	-0.00727	0.70283	0.00220	1	1.45898	0.81042	0	
1271609	8575.85254	3306558116357	0.36071	0.21774	8575.61035	0.07422	11936	0	0.49149	0.19716	0	0.36026	0.14196	1	0.36026	0.14196	1	0.49262	0.52305	10.84051	1.10119	0	0.49300	0.52295	10.49689	1.09251	1	-0.00183	-0.00721	0.67692	0.00211	1	-0.00143	-0.00707	0.68276	0.00224	1	1.45898	0.81042	0	
1271610	8575.85840	3306558183671	0.36773	0.18494	8575.61035	0.07422	11936	0	0.49149	0.19716	0	0.37476	0.15213	1	0.37476	0.15213	1	0.49262	0.52305	10.84051	1.09251	0	0.49312	0.52294	10.83648	1.08383	1	-0.00183	-0.00721	0.67692	0.00211	1	-0.00143	-0.00707	0.68276	0.00215	1	1.45898	0.81042	0	
1271611	8575.86523	3306558248468	0.37124	0.17007	8575.61035	0.07422	11936	0	0.49149	0.19716	0	0.37825	0.14034	1	0.37825	0.14034	1	0.49262	0.52305	10.84051	1.08383	0	0.49313	0.52290	10.87967	1.07515	1	-0.00183	-0.00721	0.67692	0.00211	1	-0.00143	-0.00707	0.68276	0.00215	1	1.45898	0.81042	0	
1271612	8575.87207	3306558317517	0.37299	0.16264	8575.85254	0.01953	11937	1	0.49149	0.19716	0	0.37825	0.14034	1	0.37825	0.14034	1	0.49262	0.52305	10.84051	1.07515	0	0.49355	0.52465	10.50206	1.07515	1	-0.00183	-0.00721	0.67692	0.00211	1	-0.00143	-0.00731	0.70624	0.00331	1	1.45898	0.81042	0	
1271613	8575.87891	3306558384321	0.37562	0.19598	8575.85254	0.02637	11937	1	0.49149	0.19716	0	0.38612	0.32933	1	0.38612	0.32933	1	0.49262	0.52305	10.84051	1.07515	0	0.49367	0.52512	10.73399	1.08383	1	-0.00183	-0.00721	0.67692	0.00211	1	-0.00143	-0.00731	0.70624	0.00334	1	1.45898	0.81042	0	
1271614	8575.88574	3306558451319	0.37691	0.21646	8575.85254	0.03320	11937	1	0.49149	0.19716	0	0.38338	0.31889	1	0.38338	0.31889	1	0.49262	0.52305	10.84051	1.08383	0	0.49365	0.52497	10.39771	1.09251	1	-0.00183	-0.00721	0.67692	0.00211	1	-0.00143	-0.00731	0.70624	0.00338	1	1.45898	0.81042	0	
1271615	8575.89258	3306558517946	0.37784	0.23109	8575.85254	0.04004	11937	1	0.49149	0.19716	0	0.38338	0.31889	1	0.38338	0.31889	1	0.49262	0.52305	10.84051	1.09251	0	0.49350	0.52269	11.20088	1.09251	1	-0.00183	-0.00721	0.67692	0.00211	1	-0.00133	-0.00708	0.68411	0.00219	1	1.45898	0.81042	0	
1271616	8575.89941	3306558585458	0.39259	0.23327	8575.85254	0.04688	11937	1	0.50471	0.19475	1	0.48704	0.30222	1	0.49587	0.24848	1	0.49354	0.52282	10.99140	1.09251	1	0.75466	0.54940	10.85045	1.08383	1	-0.00183	-0.00721	0.67692	0.00227	1	-0.00133	-0.00708	0.68411	0.00388	1	1.45898	0.81042	0	
1271617	8575.90527	3306558651834	0.40145	0.23717	8575.85254	0.05273	11937	1	0.48655	0.17587	1	0.45814	0.36087	1	0.47234	0.26837	1	0.49367	0.52274	10.83899	1.08383	1	0.75431	0.55001	11.48203	1.07515	1	-0.00183	-0.00721	0.67692	0.00218	1	-0.00133	-0.00708	0.68411	0.00391	1	1.45898	0.81042	0	
1271618	8575.91211	3306558719797	0.40859	0.24103	8575.85254	0.05957	11937	1	0.48769	0.18394	1	0.45795	0.36765	1	0.47282	0.27579	1	0.49447	0.52478	10.57516	1.07515	1	0.75454	0.54959	10.97344	1.06647	1	-0.00122	-0.00703	0.67949	0.00333	1	0.06649	-0.01228	0.68212	0.00385	1	1.45898	0.81042	0	
1271619	8575.91895	3306558786071	0.41649	0.25304	8575.85254	0.06641	11937	1	0.52595	0.34275	1	0.46504	0.40342	1	0.49550	0.37308	1	0.49409	0.52453	10.79855	1.06647	1	0.75446	0.55040	11.06047	1.06647	1	-0.00122	-0.00703	0.67949	0.00330	1	0.06649	-0.01228	0.68212	0.00382	1	1.45898	0.81042	0	
1271620	8575.92578	3306558852989	0.42308	0.26439	8575.85254	0.07324	11937	1	0.52486	0.34093	1	0.46632	0.43760	1	0.49559	0.38926	1	0.49411	0.52442	10.94815	1.06647	1	0.75440	0.55063	11.42623	1.06647	1	-0.00122	-0.00703	0.67949	0.00334	1	0.06649	-0.01228	0.68212	0.00373	1	1.45898	0.81042	0	
1271621	8575.93262	3306558920206	0.42867	0.27376	8575.85254	0.08008	11937	1	0.52486	0.34093	1	0.46657	0.43139	1	0.49572	0.38616	1	0.49422	0.52484	11.64252	1.06647	1	0.75435	0.55053	11.09623	1.07515	1	-0.00122	-0.00703	0.67949	0.00320	1	0.06871	-0.01273	0.70438	0.00372	1	1.45898	0.81042	0	
1271622	8575.93945	3306558986922	0.43307	0.28223	8575.85254	0.08691	11937	1	0.52048	0.40851	1	0.46020	0.37625	1	0.49034	0.39238	1	0.49446	0.52548	11.32862	1.07515	1	0.75431	0.55074	11.53391	1.08383	1	-0.00122	-0.00703	0.67949	0.00345	1	0.06871	-0.01273	0.70438	0.00376	1	1.45898	0.81042	0	
1271623	8575.94629	3306559053791	0.45262	0.30884	8575.85254	0.08691	11937	0	0.48207	0.21535	1	0.48217	0.31487	1	0.48212	0.26511	1	0.49394	0.52299	10.74671	1.08383	1	0.75460	0.55036	11.03088	1.09251	1	-0.00122	-0.00703	0.67949	0.00227	1	0.06871	-0.01273	0.70438	0.00382	1	1.45898	0.81042	0	
1271624	8575.95215	3306559120972	0.46736	0.28669	8575.85254	0.08691	11937	0	0.48198	0.21476	1	0.48220	0.31433	1	0.48209	0.26454	1	0.49439	0.52524	10.64345	1.08450	1	0.75422	0.55057	11.19668	1.09318	1	-0.00117	-0.00699	0.67576	0.00338	1	0.06871	-0.01273	0.70438	0.00379	1	1.45898	0.81042	0	
1271625	8575.95898	3306559188697	0.47688	0.31124	8575.85254	0.08691	11937	0	0.50885	0.36624	1	0.48298	0.35441	1	0.49592	0.36033	1	0.49429	0.52540	10.61559	1.08516	1	0.75472	0.55043	11.09955	1.08516	1	-0.00117	-0.00699	0.67576	0.00358	1	0.06871	-0.01273	0.70438	0.00370	1	1.45898	0.81042	0	
1271626	8575.96582	3306559254819	0.47750	0.30194	8575.94629	0.01953	11938	1	0.48822	0.16440	1	0.47050	0.38372	1	0.47936	0.27406	1	0.49410	0.52298	10.80403	1.07714	1	0.75443	0.55088	11.61226	1.07714	1	-0.00117	-0.00699	0.67576	0.00215	1	0.06871	-0.01273	0.70438	0.00366	1	1.45898	0.81042	0	
1271627	8575.97266	3306559322089	0.47787	0.29637	8575.94629	0.02637	11938	1	0.48822	0.16440	1	0.47050	0.38372	1	0.47936	0.27406	1	0.49460	0.52544	10.78049	1.07714	1	0.75454	0.55061	11.23049	1.07714	1	-0.00112	-0.00707	0.67800	0.00349	1	0.06871	-0.01273	0.70438	0.00358	1	1.45898	0.81042	0	
1271628	8575.97949	3306559389108	0.48110	0.30733	8575.94629	0.03320	11938	1	0.53056	0.38190	1	0.46393	0.34240	1	0.49725	0.36215	1	0.49461	0.52556	11.03586	1.08516	1	0.75442	0.55051	11.33310	1.08516	1	-0.00112	-0.00707	0.67800	0.00338	1	0.06871	-0.01273	0.70438	0.00368	1	1.45898	0.81042	0	
1271629	8575.98633	3306559455397	0.48429	0.31708	8575.94629	0.04004	11938	1	0.53463	0.39609	1	0.47218	0.35504	1	0.50341	0.37556	1	0.49466	0.52559	10.96748	1.09318	1	0.75457	0.55069	11.39842	1.09318	1	-0.00112	-0.00707	0.67800	0.00347	1	0.06871	-0.01273	0.70438	0.00360	1	1.45898	0.81042	0	
1271630	8575.99316	3306559522682	0.48665	0.32364	8575.94629	0.04688	11938	1	0.53388	0.39034	1	0.47245	0.34884	1	0.50316	0.36959	1	0.49468	0.52550	10.80768	1.10119	1	0.75450	0.55083	11.62614	1.10119	1	-0.00112	-0.00715	0.67657	0.00344	1	0.06871	-0.01273	0.70438	0.00365	1	1.45898	0.81042	0	
1271631	8575.99902	3306559587969	0.48804	0.32698	8575.94629	0.05273	11938	1	0.52563	0.33408	1	0.47273	0.37329	1	0.49918	0.35369	1	0.49463	0.52523	10.53435	1.10119	1	0.75450	0.55085	11.52250	1.10119	1	-0.00112	-0.00715	0.67657	0.00367	1	0.06871	-0.01273	0.70438	0.00366	1	1.45898	0.81042	0	
1271632	8576.00586	3306559653767	0.48798	0.32075	8575.94629	0.05957	11938	1	0.49205	0.18140	1	0.48287	0.34792	1	0.48746	0.26466	1	0.49420	0.52354	11.19943	1.10119	1	0.75468	0.55071	11.52428	1.10119	1	-0.00112	-0.00715	0.67657	0.00224	1	0.06871	-0.01273	0.70438	0.00360	1	1.45898	0.81042	0	
1271633	8576.01270	3306559721914	0.48790	0.31495	8575.94629	0.06641	11938	1	0.49092	0.17314	1	0.48325	0.34087	1	0.48709	0.25700	1	0.49414	0.52358	11.26962	1.11028	1	0.75442	0.55102	11.55681	1.11028	1	-0.00122	-0.00751	0.70508	0.00226	1	0.06871	-0.01273	0.70438	0.00358	1	1.45898	0.81042	0	
1271634	8576.01953	3306559788694	0.48750	0.30980	8575.94629	0.07324	11938	1	0.48707	0.12014	1	0.47905	0.38611	1	0.48306	0.25313	1	0.49416	0.52359	11.20451	1.11936	1	0.75457	0.55095	11.67637	1.11936	1	-0.00122	-0.00751	0.70508	0.00225	1	0.06871	-0.01273	0.70438	0.00363	1	1.45898	0.81042	0	
1271635	8576.02637	3306559857199	0.48720	0.30785	8575.94629	0.08008	11938	1	0.50260	0.27087	1	0.46468	0.29798	1	0.48364	0.28443	1	0.49429	0.52520	10.23426	1.12845	1	0.75441	0.55090	11.48631	1.12845	1	-0.00122	-0.00751	0.70508	0.00355	1	0.06871	-0.01273	0.70438	0.00363	1	1.45898	0.81042	0	
1271636	8576.03320	3306559923276	0.48695	0.30618	8575.94629	0.08691	11938	1	0.50260	0.27087	1	0.46468	0.29798	1	0.48364	0.28443	1	0.49426	0.52545	10.50276	1.12845	1	0.75418	0.55115	11.85391	1.12845	1	-0.00113	-0.00730	0.68554	0.00357	1	0.06838	-0.01272	0.70094	0.00368	1	1.45898	0.81042	0	
1271637	8576.03906	3306559990212	0.48564	0.30268	8575.94629	0.09277	11938	1	0.47990	0.13619	1	0.45480	0.37134	1	0.46735	0.25376	1	0.49414	0.52356	11.22802	1.11936	1	0.75425	0.55110	12.04350	1.11936	1	-0.00113	-0.00730	0.68554	0.00227	1	0.06838	-0.01272	0.70094	0.00360	1	1.45898	0.81042	0	
1271638	8576.04590	3306560056282	0.48573	0.30608	8575.94629	0.09961	11938	1	0.52096	0.34744	1	0.45314	0.36668	1	0.48705	0.35706	1	0.49454	0.52597	10.89534	1.11028	1	0.75416	0.55109	11.94878	1.11028	1	-0.00113	-0.00730	0.68554	0.00343	1	0.06838	-0.01272	0.70094	0.00379	1	1.45898	0.81042	0	
1271639	8576.05273	3306560125802	0.48582	0.30967	8575.94629	0.10645	11938	1	0.52190	0.35425	1	0.45285	0.38001	1	0.48737	0.36713	1	0.49425	0.52537	10.05171	1.10119	1	0.75438	0.55097	11.95165	1.09251	1	-0.00113	-0.00730	0.68554	0.00362	1	0.06675	-0.01236	0.68371	0.00366	1	1.45898	0.81042	0	
1271640	8576.05957	3306560192993	0.48611	0.31032	8575.94629	0.11328	11938	1	0.51971	0.28973	1	0.46213	0.35293	1	0.49092	0.32133	1	0.49445	0.52528	10.54732	1.09251	1	0.75433	0.55106	11.88182	1.08383	1	-0.00113	-0.00730	0.68554	0.00369	1	0.06675	-0.01236	0.68371	0.00363	1	1.45898	0.81042	0	
1271641	8576.06641	3306560259497	0.48686	0.30924	8575.94629	0.12012	11938	1	0.51917	0.28400	1	0.48168	0.29561	1	0.50043	0.28980	1	0.49446	0.52513	10.36448	1.08383	1	0.75458	0.55033	11.14931	1.07515	1	-0.00113	-0.00730	0.68554	0.00374	1	0.06675	-0.01236	0.68371	0.00372	1	1.45898	0.81042	0	
1271642	8576.07324	3306560326891	0.48755	0.30863	8575.94629	0.12695	11938	1	0.52009	0.29118	1	0.48132	0.30293	1	0.50071	0.29705	1	0.49457	0.52534	10.86369	1.07515	1	0.75470	0.55037	11.25425	1.06647	1	-0.00113	-0.00730	0.68554	0.00365	1	0.06611	-0.01229	0.67713	0.00374	1	1.45898	0.81042	0	
1271643	8576.08008	3306560393395	0.48838	0.31046	8575.94629	0.13379	11938	1	0.51076	0.34573	1	0.49915	0.34853	1	0.50496	0.34713	1	0.49433	0.52488	10.36543	1.06647	1	0.75494	0.55064	11.97190	1.06647	1	-0.00113	-0.00730	0.68554	0.00376	1	0.06611	-0.01229	0.67713	0.00364	1	1.45898	0.81042	0	
1271644	8576.08691	3306560460867	0.48896	0.31171	8575.94629	0.14062	11938	1	0.51951	0.33836	1	0.48264	0.33726	1	0.50107	0.33781	1	0.49442	0.52506	10.60029	1.06647	1	0.75462	0.55060	11.32849	1.06647	1	-0.00113	-0.00730	0.68554	0.00370	1	0.06611	-0.01229	0.67713	0.00367	1	1.45898	0.81042	0	
1271645	8576.09375	3306560528727	0.48949	0.31284	8575.94629	0.14746	11938	1	0.51951	0.33836	1	0.48264	0.33726	1	0.50107	0.33781	1	0.49464	0.52575	10.86100	1.06647	1	0.75462	0.55093	11.61053	1.06647	1	-0.00113	-0.00730	0.68554	0.00353	1	0.06675	-0.01236	0.68371	0.00359	1	1.45898	0.81042	0	
1271646	8576.09961	3306560594907	0.48956	0.31650	8575.94629	0.15332	11938	1	0.51951	0.33836	0	0.49126	0.40054	1	0.49126	0.40054	1	0.49464	0.52575	10.86100	1.06647	0	0.75491	0.55109	12.18460	1.06647	1	-0.00113	-0.00730	0.68554	0.00353	1	0.06675	-0.01236	0.68371	0.00350	1	1.45898	0.81042	0	
1271647	8576.10645	3306560662007	0.48956	0.31650	8575.94629	0.16016	11938	1	0.51951	0.33836	0	0.49126	0.40054	0	0.49126	0.40054	0	0.49464	0.52575	10.86100	1.06647	0	0.75491	0.55109	12.18460	1.06647	0	-0.00113	-0.00730	0.68554	0.00353	1	0.06675	-0.01236	0.68371	0.00350	1	1.45898	0.81042	0	
1271648	8576.11328	3306560728891	0.48956	0.31650	8575.94629	0.16699	11938	1	0.51951	0.33836	0	0.49126	0.40054	0	0.49126	0.40054	0	0.49464	0.52575	10.86100	1.06647	0	0.75491	0.55109	12.18460	1.06647	0	-0.00113	-0.00730	0.68554	0.00353	1	0.06675	-0.01236	0.68371	0.00350	1	1.45898	0.81042	0	
1271649	8576.12012	3306560795546	0.48956	0.31650	8575.94629	0.17383	11938	1	0.51951	0.33836	0	0.49126	0.40054	0	0.49126	0.40054	0	0.49464	0.52575	10.86100	1.06647	0	0.75491	0.55109	12.18460	1.06647	0	-0.00113	-0.00730	0.68554	0.00353	1	0.06675	-0.01236	0.68371	0.00350	1	1.45898	0.81042	0	
1271650	8576.12695	3306560861319	0.49162	0.32319	8575.94629	0.17383	11938	0	0.51951	0.33836	0	0.49126	0.40054	0	0.49126	0.40054	0	0.49464	0.52575	10.86100	1.06647	0	0.75491	0.55109	12.18460	1.06647	0	-0.00113	-0.00730	0.68554	0.00353	1	0.06675	-0.01236	0.68371	0.00350	1	1.45898	0.81042	0	
1271651	8576.13379	3306560929756	0.49162	0.32319	8575.94629	0.17383	11938	0	0.51951	0.33836	0	0.49126	0.40054	0	0.49126	0.40054	0	0.49464	0.52575	10.86100	1.06647	0	0.75491	0.55109	12.18460	1.06647	0	-0.00113	-0.00730	0.68554	0.00353	1	0.06675	-0.01236	0.68371	0.00350	1	1.45898	0.81042	0	
1271652	8576.14062	3306560997351	0.49162	0.32319	8575.94629	0.17383	11938	0	0.51951	0.33836	0	0.49126	0.40054	0	0.49126	0.40054	0	0.49464	0.52575	10.86100	1.06647	0	0.75491	0.55109	12.18460	1.06647	0	-0.00113	-0.00730	0.68554	0.00353	1	0.06675	-0.01236	0.68371	0.00350	1	1.45898	0.81042	0	
1271653	8576.14648	3306561063844	0.00000	0.00000	8575.94629	0.17383	11938	0	0.51951	0.33836	0	0.49126	0.40054	0	0.49126	0.40054	0	0.49464	0.52575	10.86100	1.06647	0	0.75491	0.55109	12.18460	1.06647	0	-0.00113	-0.00730	0.68554	0.00353	1	0.06675	-0.01236	0.68371	0.00350	1	1.45898	0.81042	0	
1271654	8576.15332	3306561130589	0.00000	0.00000	8575.94629	0.17383	11938	0	0.51951	0.33836	0	0.49126	0.40054	0	0.49126	0.40054	0	0.49464	0.52575	10.86100	1.06647	0	0.75491	0.55109	12.18460	1.06647	0	-0.00113	-0.00730	0.68554	0.00353	1	0.06675	-0.01236	0.68371	0.00350	1	1.45898	0.81042	0	
1271655	8576.16016	3306561197706	0.00000	0.00000	8575.94629	0.17383	11938	0	0.51951	0.33836	0	0.49126	0.40054	0	0.49126	0.40054	0	0.49464	0.52575	10.86100	1.06647	0	0.75491	0.55109	12.18460	1.06647	0	-0.00113	-0.00730	0.68554	0.00353	1	0.06675	-0.01236	0.68371	0.00350	1	1.45898	0.81042	0	
1271656	8576.16699	3306561264911	0.51459	0.32252	8575.94629	0.17383	11938	0	0.52870	0.30619	1	0.50048	0.33884	1	0.51459	0.32252	1	0.49465	0.52521	10.91040	1.06647	1	0.75496	0.55065	12.07204	1.06647	1	-0.00113	-0.00730	0.68554	0.00356	1	0.06675	-0.01236	0.68371	0.00367	1	1.45898	0.81042	0	
1271657	8576.17383	3306561331818	0.51463	0.31705	8575.94629	0.17383	11938	0	0.52778	0.29875	1	0.50154	0.32444	1	0.51466	0.31159	1	0.49456	0.52494	10.75374	1.07556	1	0.75493	0.55068	12.03903	1.08424	1	-0.00111	-0.00752	0.70599	0.00373	1	0.07041	-0.01303	0.72061	0.00365	1	1.45898	0.81042	0	
1271658	8576.18066	3306561398838	0.51399	0.30389	8575.94629	0.17383	11938	0	0.52033	0.23823	1	0.50513	0.31692	1	0.51273	0.27757	1	0.49451	0.52472	10.54250	1.09332	1	0.75497	0.55089	12.37112	1.10200	1	-0.00111	-0.00752	0.70599	0.00383	1	0.07041	-0.01303	0.72061	0.00354	1	1.45898	0.81042	0	
1271659	8576.18750	3306561465694	0.51518	0.30240	8576.16699	0.02051	11939	1	0.53619	0.25883	1	0.50131	0.33698	1	0.51875	0.29790	1	0.49476	0.52501	11.19098	1.11109	1	0.75497	0.55058	12.03066	1.11977	1	-0.00111	-0.00752	0.70599	0.00366	1	0.07041	-0.01303	0.72061	0.00366	1	1.45898	0.81042	0	
1271660	8576.19336	3306561529920	0.51579	0.29932	8576.16699	0.02637	11939	1	0.53458	0.24410	1	0.50183	0.32995	1	0.51821	0.28703	1	0.49476	0.52528	11.40426	1.12885	1	0.75479	0.55063	12.13449	1.12885	1	-0.00111	-0.00752	0.70599	0.00363	1	0.06611	-0.01229	0.67713	0.00361	1	1.45898	0.81042	0	
1271661	8576.20020	3306561597048	0.51282	0.29299	8576.16699	0.03320	11939	1	0.50744	0.25974	1	0.48851	0.26294	1	0.49798	0.26134	1	0.49438	0.52492	10.35798	1.12885	1	0.75468	0.55046	11.32869	1.12017	1	-0.00111	-0.00752	0.70599	0.00379	1	0.06611	-0.01229	0.67713	0.00372	1	1.45898	0.81042	0	
1271662	8576.20703	3306561661928	0.51003	0.29413	8576.16699	0.04004	11939	1	0.51896	0.25380	1	0.46770	0.34815	1	0.49333	0.30097	1	0.49458	0.52495	10.77382	1.12017	1	0.75446	0.55074	11.53009	1.11149	1	-0.00111	-0.00752	0.70599	0.00377	1	0.06611	-0.01229	0.67713	0.00373	1	1.45898	0.81042	0	
1271663	8576.21387	3306561730583	0.50804	0.29634	8576.16699	0.04688	11939	1	0.52079	0.26849	1	0.46744	0.35512	1	0.49411	0.31181	1	0.49436	0.52508	10.35311	1.10241	1	0.75462	0.55064	11.22831	1.10241	1	-0.00113	-0.00730	0.68554	0.00372	1	0.06871	-0.01284	0.70438	0.00375	1	1.45898	0.81042	0	
1271664	8576.22070	3306561798310	0.50796	0.30275	8576.16699	0.05371	11939	1	0.52933	0.35377	1	0.48520	0.35429	1	0.50727	0.35403	1	0.49467	0.52568	11.43745	1.09332	1	0.75469	0.55084	11.34434	1.10200	1	-0.00113	-0.00730	0.68554	0.00351	1	0.06871	-0.01284	0.70438	0.00374	1	1.45898	0.81042	0	
1271665	8576.22656	3306561864927	0.50458	0.29885	8576.16699	0.05957	11939	1	0.47621	0.15619	1	0.47211	0.37130	1	0.47416	0.26374	1	0.49403	0.52360	11.34082	1.09292	1	0.75442	0.55100	12.07018	1.10160	1	-0.00113	-0.00730	0.68554	0.00224	1	0.06871	-0.01284	0.70438	0.00363	1	1.45898	0.81042	0	
1271666	8576.23340	3306561932565	0.50180	0.29599	8576.16699	0.06641	11939	1	0.47626	0.15657	1	0.47181	0.37815	1	0.47404	0.26736	1	0.49421	0.52536	10.33669	1.09251	1	0.75460	0.55081	11.58042	1.09251	1	-0.00113	-0.00730	0.68554	0.00361	1	0.06611	-0.01229	0.67713	0.00367	1	1.45898	0.81042	0	
1271667	8576.24023	3306561999880	0.50138	0.30003	8576.16699	0.07324	11939	1	0.50921	0.31560	1	0.48429	0.37338	1	0.49675	0.34449	1	0.49432	0.52571	10.60248	1.09251	1	0.75469	0.55076	11.52629	1.08383	1	-0.00113	-0.00730	0.68554	0.00353	1	0.06611	-0.01229	0.67713	0.00367	1	1.45898	0.81042	0	
1271668	8576.24707	3306562064349	0.50068	0.30322	8576.16699	0.08008	11939	1	0.50798	0.29296	1	0.47648	0.39018	1	0.49223	0.34157	1	0.49433	0.52503	10.45427	1.08383	1	0.75459	0.55078	11.53900	1.07515	1	-0.00113	-0.00730	0.68554	0.00361	1	0.06611	-0.01229	0.67713	0.00370	1	1.45898	0.81042	0	
1271669	8576.25391	3306562135362	0.50010	0.30645	8576.16699	0.08691	11939	1	0.50898	0.30007	1	0.47615	0.39673	1	0.49256	0.34840	1	0.49433	0.52503	10.45427	1.07515	1	0.75457	0.55077	11.58962	1.06647	1	-0.00122	-0.00724	0.67949	0.00361	1	0.06649	-0.01238	0.68212	0.00371	1	1.45898	0.81042	0	
1271670	8576.26074	3306562201589	0.49901	0.30980	8576.16699	0.09375	11939	1	0.49234	0.33380	1	0.47517	0.37970	1	0.48376	0.35675	1	0.49404	0.52535	11.43696	1.06647	1	0.75459	0.55078	11.39328	1.06647	1	-0.00122	-0.00724	0.67949	0.00348	1	0.06649	-0.01238	0.68212	0.00375	1	1.45898	0.81042	0	
1271671	8576.26758	3306562269017	0.49830	0.31291	8576.16699	0.10059	11939	1	0.49147	0.32991	1	0.48387	0.38915	1	0.48767	0.35953	1	0.49403	0.52520	11.22432	1.06647	1	0.75468	0.55098	11.65516	1.06647	1	-0.00122	-0.00724	0.67949	0.00357	1	0.06649	-0.01238	0.68212	0.00358	1	1.45898	0.81042	0	
1271672	8576.27441	3306562336515	0.49767	0.31566	8576.16699	0.10742	11939	1	0.49147	0.32991	1	0.48387	0.38915	1	0.48767	0.35953	1	0.49417	0.52488	11.64431	1.06647	1	0.75468	0.55098	11.65516	1.06647	1	-0.00122	-0.00724	0.67949	0.00375	1	0.06534	-0.01212	0.67034	0.00358	1	1.45898	0.81042	0	
1271673	8576.28027	3306562401341	0.49726	0.31718	8576.16699	0.11328	11939	1	0.49417	0.32144	1	0.48631	0.36461	1	0.49024	0.34302	1	0.49400	0.52527	11.45406	1.06647	1	0.75465	0.55046	11.51195	1.06647	1	-0.00122	-0.00724	0.67949	0.00351	1	0.06534	-0.01212	0.67034	0.00379	1	1.45898	0.81042	0	
1271674	8576.28809	3306562471331	0.49703	0.31911	8576.16699	0.12109	11939	1	0.51528	0.34866	1	0.47029	0.35910	1	0.49278	0.35388	1	0.49400	0.52494	11.24552	1.06647	1	0.75441	0.55053	11.92469	1.06647	1	-0.00122	-0.00724	0.67949	0.00361	1	0.06534	-0.01212	0.67034	0.00374	1	1.45898	0.81042	0	
1271675	8576.29395	3306562537258	0.49681	0.32085	8576.16699	0.12695	11939	1	0.51528	0.34866	1	0.47029	0.35910	1	0.49278	0.35388	1	0.49426	0.52532	11.58453	1.06647	1	0.75405	0.55089	12.57268	1.06647	1	-0.00122	-0.00724	0.67949	0.00345	1	0.06534	-0.01212	0.67034	0.00382	1	1.45898	0.81042	0	
1271676	8576.30078	3306562603804	0.49635	0.32245	8576.16699	0.13379	11939	1	0.48747	0.31238	1	0.48656	0.39668	1	0.48701	0.35453	1	0.49394	0.52465	10.93741	1.06647	1	0.75474	0.55069	11.26383	1.06647	1	-0.00122	-0.00724	0.67949	0.00370	1	0.06534	-0.01212	0.67034	0.00401	1	1.45898	0.81042	0	
1271677	8576.30762	3306562669412	0.49579	0.32317	8576.16699	0.14062	11939	1	0.48681	0.28271	1	0.48144	0.39372	1	0.48412	0.33822	1	0.49395	0.52419	10.85287	1.06647	1	0.75466	0.55078	11.33572	1.06647	1	-0.00122	-0.00724	0.67949	0.00385	1	0.06534	-0.01212	0.67034	0.00382	1	1.45898	0.81042	0	
1271678	8576.31445	3306562738342	0.48931	0.34934	8576.16699	0.14062	11939	0	0.48681	0.28271	1	0.48144	0.39372	1	0.48412	0.33822	1	0.49397	0.52447	11.04239	1.06647	1	0.75431	0.55028	11.91812	1.06647	1	-0.00122	-0.00716	0.67746	0.00384	1	0.06534	-0.01212	0.67034	0.00397	1	1.45898	0.81042	0	
1271679	8576.32129	3306562805097	0.49578	0.35257	8576.16699	0.14062	11939	0	0.53558	0.37592	1	0.46891	0.33567	1	0.50225	0.35580	1	0.49427	0.52541	11.27291	1.06647	1	0.75444	0.55024	11.57015	1.06647	1	-0.00122	-0.00716	0.67746	0.00353	1	0.06534	-0.01212	0.67034	0.00400	1	1.45898	0.81042	0	
1271680	8576.32715	3306562870854	0.49122	0.35287	8576.16699	0.14062	11939	0	0.51989	0.33731	1	0.44431	0.36962	1	0.48210	0.35346	1	0.49403	0.52496	10.97626	1.06647	1	0.75402	0.55050	12.22747	1.06647	1	-0.00122	-0.00716	0.67746	0.00371	1	0.06534	-0.01212	0.67034	0.00387	1	1.45898	0.81042	0	
1271681	8576.33496	3306562939981	0.48894	0.35302	8576.31445	0.02051	11940	1	0.51989	0.33731	1	0.44431	0.36962	1	0.48210	0.35346	1	0.49420	0.52525	11.27217	1.06647	1	0.75424	0.54999	12.12591	1.06647	1	-0.00122	-0.00706	0.67746	0.00346	1	0.06534	-0.01212	0.67034	0.00393	1	1.45898	0.81042	0	
1271682	8576.34082	3306563005520	0.49052	0.35736	8576.31445	0.02637	11940	1	0.53364	0.41349	1	0.46004	0.33597	1	0.49684	0.37473	1	0.49425	0.52522	11.21724	1.06647	1	0.75426	0.55018	12.06039	1.06647	1	-0.00122	-0.00706	0.67746	0.00354	1	0.06534	-0.01212	0.67034	0.00404	1	1.45898	0.81042	0	
1271683	8576.34766	3306563070481	0.49216	0.36280	8576.31445	0.03320	11940	1	0.53364	0.41349	1	0.46708	0.36653	1	0.50036	0.39001	1	0.49425	0.52522	11.21724	1.06647	1	0.75441	0.54999	11.88293	1.06647	1	-0.00122	-0.00706	0.67746	0.00354	1	0.06534	-0.01212	0.67034	0.00410	1	1.45898	0.81042	0	
1271684	8576.35449	3306563140078	0.49335	0.36620	8576.31445	0.04004	11940	1	0.53364	0.41349	1	0.46734	0.35974	1	0.50049	0.38662	1	0.49384	0.52479	10.66107	1.06647	1	0.75413	0.55022	12.10242	1.07515	1	-0.00122	-0.00706	0.67746	0.00366	1	0.06841	-0.01270	0.70238	0.00356	1	1.45898	0.81042	0	
1271685	8576.36133	3306563207567	0.49223	0.35909	8576.31445	0.04688	11940	1	0.50916	0.35392	1	0.45965	0.26473	1	0.48440	0.30932	1	0.49397	0.52467	10.89937	1.07515	1	0.75420	0.54909	11.74343	1.08383	1	-0.00122	-0.00706	0.67746	0.00362	1	0.06841	-0.01270	0.70238	0.00418	1	1.45898	0.81042	0	
1271686	8576.36816	3306563273878	0.49267	0.35094	8576.31445	0.05371	11940	1	0.50808	0.28193	1	0.48430	0.28942	1	0.49619	0.28568	1	0.49391	0.52424	11.12121	1.08383	1	0.75425	0.54948	11.74270	1.09251	1	-0.00122	-0.00706	0.67746	0.00334	1	0.06841	-0.01270	0.70238	0.00392	1	1.45898	0.81042	0	
1271687	8576.37500	3306563341126	0.49299	0.34369	8576.31445	0.06055	11940	1	0.50708	0.27473	1	0.48469	0.28217	1	0.49588	0.27845	1	0.49427	0.52464	11.47939	1.09251	1	0.75424	0.54947	11.63304	1.10119	1	-0.00122	-0.00706	0.67746	0.00343	1	0.06841	-0.01270	0.70238	0.00397	1	1.45898	0.81042	0	
1271688	8576.38086	3306563408481	0.49364	0.34006	8576.31445	0.06641	11940	1	0.52106	0.31595	1	0.47908	0.29160	1	0.50007	0.30378	1	0.49419	0.52448	11.44004	1.10119	1	0.75414	0.54963	11.76033	1.10119	1	-0.00122	-0.00706	0.67746	0.00337	1	0.06841	-0.01270	0.70238	0.00393	1	1.45898	0.81042	0	
1271689	8576.38770	3306563474096	0.49457	0.33810	8576.31445	0.07324	11940	1	0.51094	0.26399	1	0.49885	0.36909	1	0.50489	0.31654	1	0.49398	0.52420	11.04458	1.10119	1	0.75408	0.55023	12.11842	1.10119	1	-0.00122	-0.00706	0.67746	0.00341	1	0.06841	-0.01270	0.70238	0.00354	1	1.45898	0.81042	0	
1271690	8576.39453	3306563540091	0.49535	0.33589	8576.31445	0.08008	11940	1	0.50993	0.25643	1	0.49936	0.36221	1	0.50465	0.30932	1	0.49392	0.52467	11.23529	1.11028	1	0.75416	0.55042	12.07099	1.11028	1	-0.00132	-0.00728	0.70291	0.00348	1	0.06841	-0.01270	0.70238	0.00353	1	1.45898	0.81042	0	
1271691	8576.40137	3306563608535	0.49713	0.33503	8576.31445	0.08691	11940	1	0.54176	0.34658	1	0.49870	0.30118	1	0.52023	0.32388	1	0.49409	0.52491	11.94320	1.11936	1	0.75412	0.55028	12.31542	1.11936	1	-0.00132	-0.00728	0.70291	0.00337	1	0.06841	-0.01270	0.70238	0.00347	1	1.45898	0.81042	0	
1271692	8576.40820	3306563673949	0.49846	0.33483	8576.31445	0.09375	11940	1	0.54294	0.30935	1	0.49145	0.35463	1	0.51720	0.33199	1	0.49415	0.52486	11.18754	1.12845	1	0.75400	0.55071	12.42332	1.12845	1	-0.00132	-0.00728	0.70291	0.00360	1	0.06841	-0.01270	0.70238	0.00366	1	1.45898	0.81042	0	
1271693	8576.41406	3306563739997	0.49961	0.33442	8576.31445	0.09961	11940	1	0.54218	0.30234	1	0.49147	0.35433	1	0.51682	0.32834	1	0.49411	0.52479	11.41613	1.13754	1	0.75407	0.55002	12.02061	1.12885	1	-0.00132	-0.00728	0.70291	0.00341	1	0.06605	-0.01227	0.67862	0.00396	1	1.45898	0.81042	0	
1271694	8576.42090	3306563806546	0.50050	0.33317	8576.31445	0.10645	11940	1	0.53371	0.31762	1	0.49588	0.30862	1	0.51480	0.31312	1	0.49405	0.52460	11.25958	1.12885	1	0.75401	0.55036	12.18187	1.12017	1	-0.00132	-0.00728	0.70291	0.00342	1	0.06605	-0.01227	0.67862	0.00378	1	1.45898	0.81042	0	
1271695	8576.42773	3306563873911	0.50116	0.33070	8576.31445	0.11328	11940	1	0.52909	0.28424	1	0.49545	0.29317	1	0.51227	0.28871	1	0.49398	0.52462	11.10981	1.12017	1	0.75405	0.55019	11.95117	1.11149	1	-0.00132	-0.00728	0.70291	0.00342	1	0.06605	-0.01227	0.67862	0.00388	1	1.45898	0.81042	0	
1271696	8576.43457	3306563941402	0.50178	0.32906	8576.31445	0.12012	11940	1	0.53078	0.29845	1	0.49497	0.30061	1	0.51288	0.29953	1	0.49351	0.52457	11.04831	1.10241	1	0.75363	0.55027	11.44872	1.10241	1	-0.00133	-0.00713	0.68411	0.00352	1	0.06832	-0.01270	0.70250	0.00381	1	1.45898	0.81042	0	
1271697	8576.44141	3306564006392	0.50117	0.32910	8576.31445	0.12695	11940	1	0.49636	0.34702	1	0.48278	0.31281	1	0.48957	0.32992	1	0.49336	0.52527	11.06401	1.09332	1	0.75387	0.55036	11.59808	1.10200	1	-0.00133	-0.00713	0.68411	0.00353	1	0.06832	-0.01270	0.70250	0.00386	1	1.45898	0.81042	0	
1271698	8576.44824	3306564076252	0.50018	0.33068	8576.31445	0.13379	11940	1	0.48699	0.36693	1	0.47416	0.35763	1	0.48057	0.36228	1	0.49319	0.52525	11.08767	1.09292	1	0.75378	0.55060	11.47522	1.10160	1	-0.00133	-0.00713	0.68411	0.00354	1	0.06832	-0.01270	0.70250	0.00374	1	1.45898	0.81042	0	
1271699	8576.45508	3306564145112	0.49929	0.33228	8576.31445	0.14062	11940	1	0.48704	0.36724	1	0.47385	0.36459	1	0.48044	0.36591	1	0.49323	0.52518	11.09503	1.09251	1	0.75350	0.55017	11.70753	1.09251	1	-0.00143	-0.00712	0.68276	0.00354	1	0.06719	-0.01250	0.69141	0.00380	1	1.45898	0.81042	0	
1271700	8576.46191	3306564211960	0.49883	0.33281	8576.31445	0.14746	11940	1	0.50865	0.34347	1	0.46894	0.34523	1	0.48879	0.34435	1	0.49323	0.52518	11.09503	1.09251	1	0.75369	0.55038	11.35398	1.08383	1	-0.00143	-0.00712	0.68276	0.00354	1	0.06719	-0.01250	0.69141	0.00396	1	1.45898	0.81042	0	
1271701	8576.46875	3306564278848	0.49922	0.33293	8576.31445	0.15430	11940	1	0.53393	0.34554	1	0.48238	0.32623	1	0.50816	0.33589	1	0.49323	0.52518	11.09503	1.08383	1	0.75346	0.55024	11.84251	1.07515	1	-0.00143	-0.00712	0.68276	0.00354	1	0.06719	-0.01250	0.69141	0.00392	1	1.45898	0.81042	0	
1271702	8576.47461	3306564345929	0.49959	0.33319	8576.31445	0.16016	11940	1	0.53476	0.35222	1	0.48238	0.32623	1	0.50857	0.33923	1	0.49332	0.52545	11.23596	1.07515	1	0.75343	0.55005	11.94015	1.07515	1	-0.00143	-0.00712	0.68276	0.00355	1	0.06779	-0.01262	0.69813	0.00383	1	1.45898	0.81042	0	
1271703	8576.48145	3306564412865	0.49979	0.33432	8576.31445	0.16699	11940	1	0.53646	0.35883	1	0.47283	0.36637	1	0.50464	0.36260	1	0.49321	0.52530	11.27696	1.07515	1	0.75295	0.55067	12.24663	1.08383	1	-0.00143	-0.00712	0.68276	0.00355	1	0.06779	-0.01262	0.69813	0.00360	1	1.45898	0.81042	0	
1271704	8576.48828	3306564479848	0.50064	0.33486	8576.31445	0.17383	11940	1	0.54028	0.37852	1	0.50515	0.31956	1	0.52272	0.34904	1	0.49324	0.52553	11.57961	1.08383	1	0.75343	0.55005	11.67411	1.09251	1	-0.00143	-0.00712	0.68276	0.00346	1	0.06779	-0.01262	0.69813	0.00386	1	1.45898	0.81042	0	
1271705	8576.49512	3306564546989	0.50141	0.33525	8576.31445	0.18066	11940	1	0.53950	0.37211	1	0.50515	0.31956	1	0.52233	0.34583	1	0.49284	0.52560	10.63116	1.09251	1	0.75336	0.55086	12.20161	1.09251	1	-0.00154	-0.00727	0.68280	0.00353	1	0.06556	-0.01221	0.67567	0.00371	1	1.45898	0.81042	0	
1271706	8576.50195	3306564613666	0.50154	0.33721	8576.31445	0.18750	11940	1	0.52029	0.38575	1	0.48985	0.39814	1	0.50507	0.39195	1	0.49295	0.52558	10.99699	1.09251	1	0.75323	0.55093	12.57911	1.08383	1	-0.00154	-0.00727	0.68280	0.00347	1	0.06556	-0.01221	0.67567	0.00368	1	1.45898	0.81042	0	
1271707	8576.50879	3306564680544	0.50134	0.33903	8576.31445	0.19434	11940	1	0.52470	0.38599	1	0.46662	0.39765	1	0.49566	0.39182	1	0.49295	0.52546	10.91061	1.08383	1	0.75284	0.55093	12.11942	1.07515	1	-0.00154	-0.00727	0.68280	0.00352	1	0.06556	-0.01221	0.67567	0.00368	1	1.45898	0.81042	0	
1271708	8576.51562	3306564747703	0.50116	0.34062	8576.31445	0.20117	11940	1	0.52466	0.38570	1	0.46689	0.39086	1	0.49577	0.38828	1	0.49275	0.52559	11.97577	1.08424	1	0.75296	0.55045	11.57708	1.08424	1	-0.00163	-0.00746	0.70005	0.00344	1	0.06763	-0.01261	0.69754	0.00379	1	1.45898	0.81042	0	
1271709	8576.52148	3306564814770	0.50149	0.34067	8576.31445	0.20703	11940	1	0.53841	0.37106	1	0.48472	0.31364	1	0.51156	0.34235	1	0.49276	0.52545	11.88844	1.09332	1	0.75310	0.55037	11.52384	1.10200	1	-0.00163	-0.00746	0.70005	0.00347	1	0.06763	-0.01261	0.69754	0.00387	1	1.45898	0.81042	0	
1271710	8576.52832	3306564881478	0.50168	0.34047	8576.31445	0.21387	11940	1	0.53940	0.34156	1	0.47618	0.32643	1	0.50779	0.33399	1	0.49288	0.52528	11.73239	1.11109	1	0.75296	0.55070	11.58872	1.11977	1	-0.00163	-0.00746	0.70005	0.00348	1	0.06763	-0.01261	0.69754	0.00372	1	1.45898	0.81042	0	
1271711	8576.53516	3306564948187	0.50185	0.34008	8576.31445	0.22070	11940	1	0.53863	0.33501	1	0.47649	0.31965	1	0.50756	0.32733	1	0.49236	0.52476	10.97628	1.11977	1	0.75249	0.55055	12.31493	1.12845	1	-0.00162	-0.00720	0.67580	0.00382	1	0.06776	-0.01265	0.69993	0.00393	1	1.45898	0.81042	0	
1271712	8576.54199	3306565015659	0.50201	0.33780	8576.31445	0.22754	11940	1	0.52603	0.23166	1	0.48855	0.28853	1	0.50729	0.26009	1	0.49236	0.52471	11.07763	1.11936	1	0.75277	0.54986	11.68121	1.11936	1	-0.00162	-0.00720	0.67580	0.00373	1	0.06776	-0.01265	0.69993	0.00390	1	1.45898	0.81042	0	
1271713	8576.54883	3306565082855	0.50254	0.33597	8576.31445	0.23438	11940	1	0.51855	0.23798	1	0.52397	0.30572	1	0.52126	0.27185	1	0.49225	0.52497	11.14657	1.11028	1	0.75286	0.55043	11.88536	1.11028	1	-0.00162	-0.00720	0.67580	0.00361	1	0.06776	-0.01265	0.69993	0.00385	1	1.45898	0.81042	0	
1271714	8576.55566	3306565149115	0.50304	0.33453	8576.31445	0.24121	11940	1	0.51950	0.24570	1	0.52258	0.32012	1	0.52104	0.28291	1	0.49192	0.52547	11.61210	1.10119	1	0.75218	0.55072	12.47573	1.09251	1	-0.00174	-0.00725	0.68096	0.00362	1	0.06605	-0.01239	0.68288	0.00367	1	1.45898	0.81042	0	
1271715	8576.56250	3306565215636	0.50260	0.33509	8576.31445	0.24805	11940	1	0.49003	0.32411	1	0.48263	0.38696	1	0.48633	0.35553	1	0.49168	0.52544	11.39197	1.09251	1	0.75233	0.55098	12.92320	1.08383	1	-0.00174	-0.00725	0.68096	0.00363	1	0.06605	-0.01239	0.68288	0.00361	1	1.45898	0.81042	0	
1271716	8576.56934	3306565284067	0.50210	0.33562	8576.31445	0.25488	11940	1	0.48140	0.32298	1	0.48468	0.38855	1	0.48304	0.35577	1	0.49156	0.52559	11.29247	1.08383	1	0.75235	0.55092	12.65441	1.07515	1	-0.00174	-0.00725	0.68096	0.00370	1	0.06605	-0.01239	0.68288	0.00363	1	1.45898	0.81042	0	
1271717	8576.57520	3306565350579	0.50162	0.33611	8576.31445	0.26074	11940	1	0.48134	0.32266	1	0.48469	0.38825	1	0.48302	0.35545	1	0.49168	0.52500	11.01306	1.08424	1	0.75198	0.55078	11.77676	1.07556	1	-0.00183	-0.00744	0.69841	0.00351	1	0.06605	-0.01239	0.68288	0.00375	1	1.45898	0.81042	0	
1271718	8576.58203	3306565417539	0.50139	0.33630	8576.31445	0.26758	11940	1	0.51158	0.33102	1	0.47283	0.35664	1	0.49220	0.34383	1	0.49162	0.52523	11.23590	1.08464	1	0.75219	0.55052	11.31440	1.08464	1	-0.00183	-0.00744	0.69841	0.00342	1	0.06605	-0.01239	0.68288	0.00373	1	1.45898	0.81042	0	
1271719	8576.58887	3306565484635	0.50107	0.33592	8576.31445	0.27441	11940	1	0.50169	0.29574	1	0.47424	0.34479	1	0.48796	0.32027	1	0.49160	0.52521	10.97853	1.09373	1	0.75219	0.55058	11.33476	1.09373	1	-0.00183	-0.00744	0.69841	0.00342	1	0.06605	-0.01239	0.68288	0.00372	1	1.45898	0.81042	0	
1271720	8576.59570	3306565551464	0.50077	0.33547	8576.31445	0.28125	11940	1	0.50169	0.29574	1	0.47454	0.33799	1	0.48812	0.31687	1	0.49145	0.52492	11.00849	1.09373	1	0.75198	0.55043	12.08016	1.10241	1	-0.00183	-0.00721	0.67692	0.00345	1	0.06750	-0.01264	0.69943	0.00378	1	1.45898	0.81042	0	
1271721	8576.60156	3306565614119	0.50063	0.33492	8576.31445	0.28711	11940	1	0.52504	0.30336	1	0.46365	0.31852	1	0.49435	0.31094	1	0.49184	0.52534	11.57673	1.09332	1	0.75201	0.55053	12.05997	1.10200	1	-0.00183	-0.00721	0.67692	0.00342	1	0.06750	-0.01264	0.69943	0.00390	1	1.45898	0.81042	0	
1271722	8576.60840	3306565681396	0.50089	0.33557	8576.31445	0.29395	11940	1	0.53423	0.35979	1	0.49078	0.36862	1	0.51251	0.36421	1	0.49161	0.52590	11.45573	1.09292	1	0.75203	0.55078	12.14931	1.10160	1	-0.00183	-0.00721	0.67692	0.00361	1	0.06750	-0.01264	0.69943	0.00378	1	1.45898	0.81042	0	
1271723	8576.61523	3306565749975	0.50114	0.33605	8576.31445	0.30078	11940	1	0.53342	0.35328	1	0.49121	0.36205	1	0.51231	0.35767	1	0.49189	0.52597	11.10928	1.10160	1	0.75184	0.55068	12.12688	1.11028	1	-0.00193	-0.00746	0.69588	0.00362	1	0.06750	-0.01269	0.69943	0.00377	1	1.45898	0.81042	0	
1271724	8576.62207	3306565817136	0.50150	0.33558	8576.31445	0.30762	11940	1	0.54029	0.31861	1	0.49624	0.30919	1	0.51827	0.31390	1	0.49177	0.52600	11.11836	1.11936	1	0.75172	0.55017	12.10267	1.11936	1	-0.00193	-0.00746	0.69588	0.00361	1	0.06750	-0.01269	0.69943	0.00392	1	1.45898	0.81042	0	
1271725	8576.62891	3306565883468	0.50180	0.33524	8576.31445	0.31445	11940	1	0.54083	0.28537	1	0.49063	0.35380	1	0.51573	0.31959	1	0.49172	0.52604	10.88514	1.12845	1	0.75162	0.55074	12.32109	1.12845	1	-0.00193	-0.00746	0.69588	0.00362	1	0.06750	-0.01269	0.69943	0.00368	1	1.45898	0.81042	0	
1271726	8576.63574	3306565951739	0.50234	0.33455	8576.31445	0.32129	11940	1	0.54005	0.27818	1	0.49065	0.35349	1	0.51535	0.31584	1	0.49095	0.52641	11.63752	1.13754	1	0.75171	0.55078	12.18724	1.12885	1	-0.00204	-0.00750	0.69928	0.00353	1	0.06547	-0.01237	0.67896	0.00367	1	1.45898	0.81042	0	
1271727	8576.64258	3306566020600	0.50233	0.33441	8576.31445	0.32812	11940	1	0.51038	0.33801	1	0.49338	0.36059	1	0.50188	0.34930	1	0.49127	0.52650	11.54200	1.12885	1	0.75166	0.55085	12.35773	1.12017	1	-0.00204	-0.00750	0.69928	0.00354	1	0.06547	-0.01237	0.67896	0.00363	1	1.45898	0.81042	0	
1271728	8576.64941	3306566087470	0.50270	0.33445	8576.31445	0.33496	11940	1	0.50386	0.34965	1	0.49590	0.36102	1	0.49988	0.35533	1	0.49111	0.52641	11.61473	1.12017	1	0.75179	0.55075	12.15230	1.11149	1	-0.00204	-0.00750	0.69928	0.00350	1	0.06547	-0.01237	0.67896	0.00364	1	1.45898	0.81042	0	
1271729	8576.65625	3306566153965	0.50309	0.33477	8576.31445	0.34180	11940	1	0.50590	0.36283	1	0.49495	0.37448	1	0.50043	0.36866	1	0.49112	0.52608	11.46154	1.10241	1	0.75120	0.55078	11.77676	1.09373	1	-0.00208	-0.00754	0.69300	0.00352	1	0.06547	-0.01227	0.67896	0.00375	1	1.45898	0.81042	0	
1271730	8576.66211	3306566220833	0.50268	0.33449	8576.31445	0.34766	11940	1	0.50711	0.35498	1	0.44734	0.36805	1	0.47722	0.36152	1	0.49110	0.52621	11.64313	1.08464	1	0.75096	0.55063	11.96514	1.08464	1	-0.00208	-0.00754	0.69300	0.00348	1	0.06547	-0.01227	0.67896	0.00382	1	1.45898	0.81042	0	
1271731	8576.66895	3306566288840	0.50216	0.33422	8576.31445	0.35449	11940	1	0.48450	0.35693	1	0.46663	0.39735	1	0.47557	0.37714	1	0.49086	0.52606	11.29729	1.07556	1	0.75128	0.55093	12.11942	1.07556	1	-0.00208	-0.00754	0.69300	0.00351	1	0.06547	-0.01227	0.67896	0.00368	1	1.45898	0.81042	0	
1271732	8576.67578	3306566355349	0.50165	0.33417	8576.31445	0.36133	11940	1	0.48573	0.36390	1	0.46637	0.40414	1	0.47605	0.38402	1	0.49086	0.52606	11.29729	1.06647	1	0.75117	0.55091	11.82975	1.06647	1	-0.00208	-0.00754	0.69300	0.00351	1	0.06481	-0.01217	0.67315	0.00372	1	1.45898	0.81042	0	
1271733	8576.68262	3306566422375	0.50202	0.33520	8576.31445	0.36816	11940	1	0.52728	0.37038	1	0.47681	0.34718	1	0.50205	0.35878	1	0.49108	0.52630	11.99206	1.06647	1	0.75140	0.55029	12.41679	1.06647	1	-0.00208	-0.00754	0.69300	0.00343	1	0.06481	-0.01217	0.67315	0.00377	1	1.45898	0.81042	0	
1271734	8576.68945	3306566489184	0.50202	0.33696	8576.31445	0.37500	11940	1	0.51924	0.37456	1	0.47328	0.36614	1	0.49626	0.37035	1	0.49089	0.52618	11.52807	1.06647	1	0.75141	0.55058	11.33476	1.06647	1	-0.00208	-0.00754	0.69300	0.00346	1	0.06481	-0.01217	0.67315	0.00372	1	1.45898	0.81042	0	
1271735	8576.69629	3306566556635	0.50203	0.33888	8576.31445	0.38184	11940	1	0.51924	0.37456	1	0.47328	0.36614	1	0.49626	0.37035	1	0.49088	0.52623	11.37688	1.06647	1	0.75133	0.55050	11.62029	1.06647	1	-0.00208	-0.00754	0.69300	0.00346	1	0.06481	-0.01217	0.67315	0.00379	1	1.45898	0.81042	0	
1271736	8576.70312	3306566622666	0.50212	0.34084	8576.31445	0.38867	11940	1	0.52637	0.41108	1	0.48274	0.38460	1	0.50455	0.39784	1	0.49102	0.52641	12.12159	1.06647	1	0.75153	0.55073	11.57730	1.06647	1	-0.00208	-0.00754	0.69300	0.00337	1	0.06481	-0.01217	0.67315	0.00373	1	1.45898	0.81042	0	
1271737	8576.70996	3306566690666	0.50229	0.34160	8576.31445	0.39551	11940	1	0.55252	0.39576	1	0.47326	0.31014	1	0.51289	0.35295	1	0.49141	0.52641	11.83639	1.06647	1	0.75137	0.55007	11.54617	1.06647	1	-0.00208	-0.00754	0.69300	0.00354	1	0.06481	-0.01217	0.67315	0.00397	1	1.45898	0.81042	0	
1271738	8576.71582	3306566756986	0.50246	0.34228	8576.31445	0.40137	11940	1	0.55178	0.38909	1	0.47389	0.29529	1	0.51284	0.34219	1	0.49133	0.52628	11.67829	1.07556	1	0.75157	0.55069	12.44592	1.08424	1	-0.00205	-0.00768	0.70099	0.00358	1	0.06698	-0.01256	0.69515	0.00379	1	1.45898	0.81042	0	
1271739	8576.72266	3306566823859	0.49645	0.36768	8576.31445	0.40137	11940	0	0.52630	0.37759	1	0.48061	0.36848	1	0.50345	0.37304	1	0.49141	0.52660	11.95796	1.09332	1	0.75150	0.55089	12.39928	1.10200	1	-0.00205	-0.00768	0.70099	0.00350	1	0.06698	-0.01256	0.69515	0.00365	1	1.45898	0.81042	0	
1271740	8576.72949	3306566890832	0.49947	0.36294	8576.31445	0.40137	11940	0	0.51725	0.36160	1	0.48773	0.35478	1	0.50249	0.35819	1	0.49137	0.52648	11.73408	1.11109	1	0.75158	0.55090	12.60454	1.11977	1	-0.00205	-0.00768	0.70099	0.00355	1	0.06698	-0.01256	0.69515	0.00364	1	1.45898	0.81042	0	
1271741	8576.73633	3306566958016	0.50032	0.36029	8576.31445	0.40137	11940	0	0.51633	0.35521	1	0.48773	0.35478	1	0.50203	0.35499	1	0.49143	0.52639	10.74606	1.11977	1	0.75147	0.55018	12.27809	1.11977	1	-0.00194	-0.00744	0.67973	0.00358	1	0.06547	-0.01227	0.67896	0.00400	1	1.45898	0.81042	0	
1271742	8576.74316	3306567025343	0.50211	0.35265	8576.72266	0.02051	11941	1	0.51739	0.34308	1	0.49753	0.31641	1	0.50746	0.32975	1	0.49136	0.52635	11.48830	1.11068	1	0.75171	0.55022	12.10775	1.10200	1	-0.00194	-0.00744	0.67973	0.00355	1	0.06547	-0.01227	0.67896	0.00397	1	1.45898	0.81042	0	
1271743	8576.75000	3306567092079	0.50111	0.35307	8576.72266	0.02734	11941	1	0.49770	0.37879	1	0.49654	0.33071	1	0.49712	0.35475	1	0.49097	0.52630	10.79231	1.09292	1	0.75171	0.55022	12.10775	1.08424	1	-0.00194	-0.00744	0.67973	0.00355	1	0.06547	-0.01227	0.67896	0.00397	1	1.45898	0.81042	0	
1271744	8576.75684	3306567158741	0.50054	0.35388	8576.72266	0.03418	11941	1	0.49877	0.38516	1	0.49654	0.33071	1	0.49766	0.35794	1	0.49140	0.52622	11.01231	1.08424	1	0.75187	0.55046	12.11110	1.08424	1	-0.00193	-0.00757	0.69588	0.00350	1	0.06750	-0.01269	0.69943	0.00385	1	1.45898	0.81042	0	
1271745	8576.76270	3306567226006	0.49868	0.35471	8576.72266	0.04004	11941	1	0.51522	0.38432	1	0.45987	0.33504	1	0.48755	0.35968	1	0.49120	0.52647	12.20502	1.09332	1	0.75197	0.55056	12.16396	1.10200	1	-0.00193	-0.00757	0.69588	0.00344	1	0.06750	-0.01269	0.69943	0.00381	1	1.45898	0.81042	0	
1271746	8576.76953	3306567292654	0.49928	0.35111	8576.72266	0.04688	11941	1	0.53839	0.35545	1	0.46853	0.29633	1	0.50346	0.32589	1	0.49170	0.52641	11.12930	1.11109	1	0.75209	0.55004	11.77411	1.11977	1	-0.00193	-0.00757	0.69588	0.00356	1	0.06750	-0.01269	0.69943	0.00419	1	1.45898	0.81042	0	
1271747	8576.77637	3306567360018	0.49971	0.34756	8576.72266	0.05371	11941	1	0.53761	0.34901	1	0.46879	0.28931	1	0.50320	0.31916	1	0.49180	0.52653	11.49187	1.11977	1	0.75186	0.55010	11.63111	1.12845	1	-0.00189	-0.00760	0.69891	0.00350	1	0.06750	-0.01269	0.69943	0.00400	1	1.45898	0.81042	0	
1271748	8576.78320	3306567427040	0.49773	0.34555	8576.72266	0.06055	11941	1	0.51731	0.33220	1	0.44238	0.32284	1	0.47985	0.32752	1	0.49173	0.52629	11.30003	1.11936	1	0.75176	0.55072	12.24049	1.11936	1	-0.00189	-0.00760	0.69891	0.00356	1	0.06750	-0.01269	0.69943	0.00376	1	1.45898	0.81042	0	
1271749	8576.79004	3306567492279	0.49676	0.34525	8576.72266	0.06738	11941	1	0.51582	0.35197	1	0.45840	0.33252	1	0.48711	0.34225	1	0.49170	0.52640	11.27597	1.11028	1	0.75188	0.55048	12.18484	1.11028	1	-0.00189	-0.00760	0.69891	0.00348	1	0.06750	-0.01269	0.69943	0.00377	1	1.45898	0.81042	0	
1271750	8576.79688	3306567561539	0.49598	0.34586	8576.72266	0.07422	11941	1	0.51679	0.35875	1	0.45803	0.34640	1	0.48741	0.35258	1	0.49174	0.52581	11.47583	1.10119	1	0.75245	0.54989	11.93245	1.09251	1	-0.00183	-0.00731	0.67692	0.00364	1	0.06621	-0.01237	0.68452	0.00397	1	1.45898	0.81042	0	
1271751	8576.80273	3306567624731	0.49492	0.34609	8576.72266	0.08008	11941	1	0.49446	0.32539	1	0.46994	0.37231	1	0.48220	0.34885	1	0.49178	0.52598	11.41591	1.09251	1	0.75212	0.55061	12.03190	1.08383	1	-0.00183	-0.00731	0.67692	0.00369	1	0.06621	-0.01237	0.68452	0.00387	1	1.45898	0.81042	0	
1271752	8576.80957	3306567694953	0.49361	0.34661	8576.72266	0.08691	11941	1	0.50027	0.37009	1	0.45273	0.33664	1	0.47650	0.35336	1	0.49180	0.52636	11.49436	1.08383	1	0.75185	0.55018	11.85326	1.07515	1	-0.00183	-0.00731	0.67692	0.00353	1	0.06621	-0.01237	0.68452	0.00408	1	1.45898	0.81042	0	
1271753	8576.81641	3306567762000	0.49250	0.34728	8576.72266	0.09375	11941	1	0.50133	0.37658	1	0.45273	0.33664	1	0.47703	0.35661	1	0.49212	0.52643	10.95974	1.07515	1	0.75259	0.55028	12.06466	1.07515	1	-0.00174	-0.00735	0.68096	0.00353	1	0.06776	-0.01265	0.69993	0.00388	1	1.45898	0.81042	0	
1271754	8576.82324	3306567825816	0.49360	0.34691	8576.72266	0.10059	11941	1	0.51235	0.33750	1	0.50799	0.34515	1	0.51017	0.34132	1	0.49201	0.52586	11.26131	1.07515	1	0.75277	0.55046	12.32823	1.08383	1	-0.00174	-0.00735	0.68096	0.00360	1	0.06776	-0.01265	0.69993	0.00399	1	1.45898	0.81042	0	
1271755	8576.83008	3306567894473	0.49344	0.34713	8576.72266	0.10742	11941	1	0.52871	0.36006	1	0.45295	0.34132	1	0.49083	0.35069	1	0.49229	0.52590	10.81160	1.08383	1	0.75256	0.55051	12.69626	1.09251	1	-0.00174	-0.00735	0.68096	0.00368	1	0.06776	-0.01265	0.69993	0.00391	1	1.45898	0.81042	0	
1271756	8576.83691	3306567960096	0.49325	0.34676	8576.72266	0.11426	11941	1	0.52695	0.34662	1	0.45310	0.33418	1	0.49002	0.34040	1	0.49339	0.52553	11.07728	1.10160	1	0.75322	0.55037	12.21778	1.10160	1	-0.00163	-0.00746	0.70005	0.00415	1	0.06556	-0.01231	0.67567	0.00380	1	1.45898	0.81042	0	
1271757	8576.84277	3306568027707	0.49395	0.34553	8576.72266	0.12012	11941	1	0.53301	0.31756	1	0.48012	0.32946	1	0.50656	0.32351	1	0.49320	0.52554	11.36325	1.11068	1	0.75340	0.55030	12.19607	1.10200	1	-0.00163	-0.00746	0.70005	0.00360	1	0.06556	-0.01231	0.67567	0.00386	1	1.45898	0.81042	0	
1271758	8576.84961	3306568095064	0.49344	0.34443	8576.72266	0.12695	11941	1	0.49915	0.31801	1	0.46809	0.32891	1	0.48362	0.32346	1	0.49334	0.52558	11.38661	1.11109	1	0.75365	0.55034	11.89190	1.10241	1	-0.00163	-0.00746	0.70005	0.00340	1	0.06556	-0.01231	0.67567	0.00396	1	1.45898	0.81042	0	
1271759	8576.85645	3306568161307	0.49299	0.34375	8576.72266	0.13379	11941	1	0.50019	0.32476	1	0.46783	0.33578	1	0.48401	0.33027	1	0.49414	0.52551	11.93641	1.10241	1	0.75486	0.55052	12.24886	1.09373	1	-0.00133	-0.00729	0.68411	0.00345	1	0.06606	-0.01222	0.67870	0.00370	1	1.45898	0.81042	0	
1271760	8576.86328	3306568228565	0.49527	0.34359	8576.72266	0.14062	11941	1	0.57125	0.30270	1	0.51516	0.37771	1	0.54321	0.34021	1	0.49452	0.52502	11.16188	1.08464	1	0.75479	0.55042	12.38155	1.08464	1	-0.00133	-0.00729	0.68411	0.00364	1	0.06606	-0.01222	0.67870	0.00362	1	1.45898	0.81042	0	
1271761	8576.87012	3306568298052	0.49740	0.34482	8576.72266	0.14746	11941	1	0.57033	0.35690	1	0.51842	0.38661	1	0.54438	0.37176	1	0.49450	0.52517	11.28396	1.07556	1	0.75483	0.55017	12.34038	1.07556	1	-0.00133	-0.00729	0.68411	0.00364	1	0.06606	-0.01222	0.67870	0.00376	1	1.45898	0.81042	0	
1271762	8576.87695	3306568364607	0.49936	0.34594	8576.72266	0.15430	11941	1	0.57033	0.35690	1	0.51842	0.38661	1	0.54438	0.37176	1	0.49468	0.52521	11.59015	1.07556	1	0.75515	0.55015	12.04670	1.07556	1	-0.00132	-0.00749	0.70291	0.00354	1	0.06605	-0.01227	0.67862	0.00380	1	1.45898	0.81042	0	
1271763	8576.88379	3306568431798	0.50051	0.34584	8576.72266	0.16113	11941	1	0.55817	0.32533	1	0.49786	0.36133	1	0.52801	0.34333	1	0.49476	0.52487	11.85826	1.08464	1	0.75493	0.55054	12.52341	1.08464	1	-0.00132	-0.00749	0.70291	0.00357	1	0.06605	-0.01227	0.67862	0.00373	1	1.45898	0.81042	0	
1271764	8576.89062	3306568498355	0.50162	0.34531	8576.72266	0.16797	11941	1	0.53073	0.32651	1	0.52797	0.33790	1	0.52935	0.33220	1	0.49468	0.52499	11.90694	1.09373	1	0.75533	0.55056	11.60486	1.09373	1	-0.00132	-0.00749	0.70291	0.00355	1	0.06605	-0.01227	0.67862	0.00385	1	1.45898	0.81042	0	
1271765	8576.89746	3306568565694	0.50264	0.34456	8576.72266	0.17480	11941	1	0.52985	0.31942	1	0.52872	0.33069	1	0.52929	0.32505	1	0.49521	0.52486	11.89933	1.10281	1	0.75572	0.55056	12.48572	1.10281	1	-0.00122	-0.00751	0.70508	0.00368	1	0.06611	-0.01219	0.67713	0.00373	1	1.45898	0.81042	0	
1271766	8576.90430	3306568633341	0.50426	0.34368	8576.72266	0.18164	11941	1	0.54258	0.30035	1	0.55325	0.33926	1	0.54791	0.31981	1	0.49489	0.52478	11.65707	1.10281	1	0.75567	0.55052	12.25769	1.10281	1	-0.00122	-0.00751	0.70508	0.00378	1	0.06611	-0.01219	0.67713	0.00373	1	1.45898	0.81042	0	
1271767	8576.91016	3306568699636	0.50558	0.34165	8576.72266	0.18750	11941	1	0.54659	0.26332	1	0.53882	0.30626	1	0.54270	0.28479	1	0.49502	0.52447	11.73153	1.10281	1	0.75553	0.55059	12.60480	1.10281	1	-0.00122	-0.00751	0.70508	0.00380	1	0.06611	-0.01219	0.67713	0.00371	1	1.45898	0.81042	0	
1271768	8576.91699	3306568767157	0.50682	0.34000	8576.72266	0.19434	11941	1	0.54734	0.27086	1	0.53799	0.31368	1	0.54267	0.29227	1	0.49541	0.52500	11.07443	1.09373	1	0.75557	0.55065	12.17415	1.09373	1	-0.00113	-0.00730	0.68554	0.00368	1	0.06546	-0.01217	0.67049	0.00369	1	1.45898	0.81042	0	
1271769	8576.92383	3306568833490	0.50824	0.33990	8576.72266	0.20117	11941	1	0.57677	0.34981	1	0.52509	0.32364	1	0.55093	0.33673	1	0.49541	0.52501	11.00077	1.08464	1	0.75574	0.55061	11.93644	1.08464	1	-0.00113	-0.00730	0.68554	0.00371	1	0.06546	-0.01217	0.67049	0.00371	1	1.45898	0.81042	0	
1271770	8576.93066	3306568900346	0.53674	0.33372	8576.72266	0.20117	11941	0	0.58119	0.31590	1	0.52700	0.39693	1	0.55409	0.35642	1	0.49551	0.52510	11.19589	1.07556	1	0.75578	0.55040	11.85644	1.07556	1	-0.00113	-0.00730	0.68554	0.00369	1	0.06546	-0.01217	0.67049	0.00375	1	1.45898	0.81042	0	
1271771	8576.93750	3306568967094	0.54560	0.34343	8576.72266	0.20117	11941	0	0.58119	0.31590	1	0.52772	0.39040	1	0.55445	0.35315	1	0.49518	0.52496	11.22208	1.07556	1	0.75573	0.55011	12.47985	1.08424	1	-0.00111	-0.00752	0.70599	0.00364	1	0.07041	-0.01303	0.72061	0.00400	1	1.45898	0.81042	0	
1271772	8576.94434	3306569034609	0.54475	0.32596	8576.72266	0.20117	11941	0	0.56470	0.25696	1	0.52142	0.32507	1	0.54306	0.29101	1	0.49524	0.52424	11.01811	1.09332	1	0.75599	0.55039	12.66306	1.10200	1	-0.00111	-0.00752	0.70599	0.00391	1	0.07041	-0.01303	0.72061	0.00372	1	1.45898	0.81042	0	
1271773	8576.95020	3306569101471	0.54327	0.30842	8576.93066	0.01953	11942	1	0.56286	0.25157	1	0.51478	0.26004	1	0.53882	0.25580	1	0.49522	0.52452	11.12110	1.11109	1	0.75590	0.54980	11.96777	1.11977	1	-0.00111	-0.00752	0.70599	0.00387	1	0.07041	-0.01303	0.72061	0.00430	1	1.45898	0.81042	0	
1271774	8576.95703	3306569168241	0.54232	0.29717	8576.93066	0.02637	11942	1	0.56225	0.24433	1	0.51478	0.26004	1	0.53851	0.25219	1	0.49546	0.52416	11.09327	1.11977	1	0.75592	0.55023	12.13354	1.11977	1	-0.00102	-0.00706	0.67738	0.00377	1	0.06722	-0.01243	0.68746	0.00386	1	1.45898	0.81042	0	
1271775	8576.96387	3306569235001	0.53914	0.29399	8576.93066	0.03320	11942	1	0.51298	0.21549	1	0.53347	0.34068	1	0.52323	0.27809	1	0.49522	0.52414	10.76539	1.11068	1	0.75621	0.55061	12.37283	1.10200	1	-0.00102	-0.00706	0.67738	0.00377	1	0.06722	-0.01243	0.68746	0.00372	1	1.45898	0.81042	0	
1271776	8576.97070	3306569302524	0.53455	0.29747	8576.93066	0.04004	11942	1	0.51974	0.26220	1	0.49428	0.37451	1	0.50701	0.31835	1	0.49528	0.52413	11.02037	1.09292	1	0.75569	0.55047	11.58923	1.08424	1	-0.00102	-0.00706	0.67738	0.00383	1	0.06722	-0.01243	0.68746	0.00377	1	1.45898	0.81042	0	
1271777	8576.97754	3306569369429	0.53113	0.30095	8576.93066	0.04688	11942	1	0.52065	0.26950	1	0.49382	0.38114	1	0.50723	0.32532	1	0.49596	0.52478	11.70447	1.08424	1	0.75605	0.55025	12.22824	1.07556	1	-0.00101	-0.00739	0.70918	0.00375	1	0.06612	-0.01220	0.67518	0.00370	1	1.45898	0.81042	0	
1271778	8576.98438	3306569436620	0.53264	0.30212	8576.93066	0.05371	11942	1	0.56422	0.31349	1	0.52525	0.30936	1	0.54473	0.31143	1	0.49597	0.52480	11.92035	1.08464	1	0.75618	0.55002	12.21734	1.08464	1	-0.00101	-0.00739	0.70918	0.00371	1	0.06612	-0.01220	0.67518	0.00365	1	1.45898	0.81042	0	
1271779	8576.99121	3306569503697	0.53452	0.30231	8576.93066	0.06055	11942	1	0.56387	0.30111	1	0.53905	0.30694	1	0.55146	0.30403	1	0.49596	0.52483	11.88012	1.09373	1	0.75630	0.54995	12.17520	1.09373	1	-0.00101	-0.00739	0.70918	0.00368	1	0.06612	-0.01220	0.67518	0.00396	1	1.45898	0.81042	0	
1271780	8576.99707	3306569570434	0.53607	0.30179	8576.93066	0.06641	11942	1	0.56323	0.29383	1	0.53988	0.29946	1	0.55156	0.29665	1	0.49599	0.52480	11.96129	1.10281	1	0.75610	0.55013	12.50588	1.10281	1	-0.00101	-0.00745	0.70918	0.00369	1	0.06515	-0.01208	0.66532	0.00390	1	1.45898	0.81042	0	
1271781	8577.00391	3306569635442	0.53776	0.29885	8576.93066	0.07324	11942	1	0.57105	0.30795	1	0.54148	0.22509	1	0.55627	0.26652	1	0.49614	0.52495	12.34056	1.10281	1	0.75633	0.54983	12.13873	1.10281	1	-0.00101	-0.00745	0.70918	0.00375	1	0.06515	-0.01208	0.66532	0.00392	1	1.45898	0.81042	0	
1271782	8577.01074	3306569704474	0.53908	0.29761	8576.93066	0.08008	11942	1	0.55683	0.25891	1	0.55322	0.30641	1	0.55502	0.28266	1	0.49594	0.52435	11.63932	1.10281	1	0.75649	0.55057	12.03422	1.10281	1	-0.00101	-0.00745	0.70918	0.00383	1	0.06515	-0.01208	0.66532	0.00363	1	1.45898	0.81042	0	
1271783	8577.01758	3306569771434	0.54022	0.29654	8576.93066	0.08691	11942	1	0.55683	0.25891	1	0.55322	0.30641	1	0.55502	0.28266	1	0.49567	0.52452	11.52582	1.10281	1	0.75631	0.55009	11.61253	1.10281	1	-0.00101	-0.00750	0.70918	0.00385	1	0.06515	-0.01208	0.66532	0.00384	1	1.45898	0.81042	0	
1271784	8577.02441	3306569838486	0.54109	0.29424	8576.93066	0.09375	11942	1	0.54902	0.24795	1	0.55756	0.27612	1	0.55329	0.26203	1	0.49579	0.52410	11.49246	1.10281	1	0.75653	0.55024	11.86029	1.10281	1	-0.00101	-0.00750	0.70918	0.00390	1	0.06515	-0.01208	0.66532	0.00395	1	1.45898	0.81042	0	
1271785	8577.03125	3306569905036	0.54146	0.29334	8576.93066	0.10059	11942	1	0.54820	0.25582	1	0.54580	0.30396	1	0.54700	0.27989	1	0.49580	0.52442	11.62913	1.10281	1	0.75637	0.55056	12.15417	1.10281	1	-0.00101	-0.00750	0.70918	0.00381	1	0.06515	-0.01208	0.66532	0.00363	1	1.45898	0.81042	0	
1271786	8577.03809	3306569972224	0.54178	0.29299	8576.93066	0.10742	11942	1	0.54895	0.26342	1	0.54491	0.31141	1	0.54693	0.28741	1	0.49587	0.52491	12.22152	1.09373	1	0.75645	0.55017	12.12101	1.09373	1	-0.00092	-0.00728	0.68392	0.00368	1	0.06638	-0.01240	0.67786	0.00387	1	1.45898	0.81042	0	
1271787	8577.04492	3306570039902	0.54266	0.29411	8576.93066	0.11426	11942	1	0.56288	0.27417	1	0.55234	0.35207	1	0.55761	0.31312	1	0.49596	0.52448	11.76973	1.08464	1	0.75657	0.55084	12.51089	1.08464	1	-0.00092	-0.00728	0.68392	0.00385	1	0.06638	-0.01240	0.67786	0.00370	1	1.45898	0.81042	0	
1271788	8577.05078	3306570107064	0.54292	0.29483	8576.93066	0.12012	11942	1	0.54941	0.28959	1	0.54564	0.32602	1	0.54752	0.30781	1	0.49584	0.52462	11.89276	1.07556	1	0.75648	0.55045	12.17367	1.07556	1	-0.00092	-0.00728	0.68392	0.00378	1	0.06638	-0.01240	0.67786	0.00386	1	1.45898	0.81042	0	
1271789	8577.05762	3306570172431	0.54315	0.29586	8576.93066	0.12695	11942	1	0.55017	0.29709	1	0.54473	0.33347	1	0.54745	0.31528	1	0.49585	0.52468	11.92886	1.06647	1	0.75641	0.55074	12.47546	1.06647	1	-0.00092	-0.00728	0.68392	0.00381	1	0.06515	-0.01213	0.66532	0.00379	1	1.45898	0.81042	0	
1271790	8577.06445	3306570240039	0.54339	0.29709	8576.93066	0.13379	11942	1	0.55148	0.31149	1	0.54521	0.33216	1	0.54835	0.32182	1	0.49574	0.52459	11.80268	1.06647	1	0.75648	0.55058	12.44949	1.06647	1	-0.00092	-0.00728	0.68392	0.00377	1	0.06515	-0.01213	0.66532	0.00384	1	1.45898	0.81042	0	
1271791	8577.07129	3306570306704	0.54406	0.30003	8576.93066	0.14062	11942	1	0.57298	0.34914	1	0.54295	0.37420	1	0.55797	0.36167	1	0.49606	0.52501	12.47867	1.06647	1	0.75644	0.55084	12.60588	1.06647	1	-0.00092	-0.00728	0.68392	0.00370	1	0.06515	-0.01213	0.66532	0.00364	1	1.45898	0.81042	0	
1271792	8577.07812	3306570375571	0.54466	0.30271	8576.93066	0.14746	11942	1	0.57298	0.34914	1	0.54295	0.37420	1	0.55797	0.36167	1	0.49592	0.52528	12.10480	1.06647	1	0.75641	0.55094	12.53761	1.06647	1	-0.00092	-0.00728	0.68392	0.00357	1	0.06515	-0.01213	0.66532	0.00364	1	1.45898	0.81042	0	
1271793	8577.08496	3306570442389	0.54510	0.30337	8576.93066	0.15430	11942	1	0.56099	0.33009	1	0.54962	0.30705	1	0.55531	0.31857	1	0.49592	0.52488	12.14232	1.06647	1	0.75658	0.55041	12.09620	1.06647	1	-0.00092	-0.00728	0.68392	0.00370	1	0.06515	-0.01213	0.66532	0.00398	1	1.45898	0.81042	0	
1271794	8577.09180	3306570508998	0.54546	0.30453	8576.93066	0.16113	11942	1	0.56908	0.32976	1	0.53883	0.33508	1	0.55396	0.33242	1	0.49610	0.52483	12.08117	1.06647	1	0.75640	0.55052	12.26941	1.06647	1	-0.00092	-0.00728	0.68392	0.00370	1	0.06515	-0.01213	0.66532	0.00379	1	1.45898	0.81042	0	
1271795	8577.09766	3306570575093	0.54579	0.30560	8576.93066	0.16699	11942	1	0.56908	0.32976	1	0.53883	0.33508	1	0.55396	0.33242	1	0.49545	0.52467	11.83905	1.06647	1	0.75643	0.55016	12.33359	1.06647	1	-0.00102	-0.00721	0.67738	0.00358	1	0.06638	-0.01240	0.67786	0.00395	1	1.45898	0.81042	0	
1271796	8577.10449	3306570641624	0.54646	0.30603	8576.93066	0.17383	11942	1	0.57981	0.31569	1	0.54836	0.31873	1	0.56409	0.31721	1	0.49547	0.52467	11.41357	1.06647	1	0.75653	0.55047	12.29753	1.06647	1	-0.00102	-0.00721	0.67738	0.00356	1	0.06638	-0.01240	0.67786	0.00386	1	1.45898	0.81042	0	
1271797	8577.11133	3306570708898	0.54698	0.30585	8576.93066	0.18066	11942	1	0.58028	0.31897	1	0.54159	0.28268	1	0.56094	0.30083	1	0.49545	0.52467	11.83905	1.06647	1	0.75643	0.55006	12.26603	1.06647	1	-0.00102	-0.00721	0.67738	0.00358	1	0.06638	-0.01240	0.67786	0.00394	1	1.45898	0.81042	0	
1271798	8577.11816	3306570776331	0.54745	0.30579	8576.93066	0.18750	11942	1	0.58028	0.31897	1	0.54085	0.28932	1	0.56056	0.30415	1	0.49545	0.52476	11.71920	1.06647	1	0.75643	0.54979	12.15730	1.05881	1	-0.00102	-0.00721	0.67738	0.00363	1	0.06506	-0.01212	0.66491	0.00404	1	1.45898	0.81042	0	
1271799	8577.12500	3306570842682	0.54806	0.30585	8576.93066	0.19434	11942	1	0.58264	0.30567	1	0.54921	0.30985	1	0.56592	0.30776	1	0.49549	0.52456	11.41799	1.05881	1	0.75650	0.55001	12.15942	1.05115	1	-0.00102	-0.00721	0.67738	0.00369	1	0.06506	-0.01212	0.66491	0.00401	1	1.45898	0.81042	0	
1271800	8577.13184	3306570909976	0.54868	0.30623	8576.93066	0.20117	11942	1	0.58626	0.34225	1	0.54805	0.29301	1	0.56715	0.31763	1	0.49555	0.52487	11.55251	1.05115	1	0.75651	0.54995	12.18563	1.04349	1	-0.00102	-0.00721	0.67738	0.00351	1	0.06506	-0.01212	0.66491	0.00402	1	1.45898	0.81042	0	
1271801	8577.13770	3306570976936	0.54926	0.30655	8576.93066	0.20703	11942	1	0.58618	0.34112	1	0.54820	0.29176	1	0.56719	0.31644	1	0.49529	0.52460	11.07237	1.05258	1	0.75637	0.55043	12.00753	1.04492	1	-0.00111	-0.00752	0.70599	0.00363	1	0.06506	-0.01212	0.66491	0.00388	1	1.45898	0.81042	0	
1271802	8577.14453	3306571043822	0.54943	0.30739	8576.93066	0.21387	11942	1	0.56692	0.33636	1	0.54261	0.33173	1	0.55477	0.33405	1	0.49526	0.52487	11.16279	1.05400	1	0.75647	0.55049	11.93616	1.05400	1	-0.00111	-0.00752	0.70599	0.00364	1	0.06506	-0.01212	0.66491	0.00385	1	1.45898	0.81042	0	
1271803	8577.15137	3306571111092	0.54953	0.30836	8576.93066	0.22070	11942	1	0.57579	0.35125	1	0.53050	0.32962	1	0.55314	0.34044	1	0.49535	0.52508	11.26021	1.06309	1	0.75616	0.55040	11.53935	1.06309	1	-0.00111	-0.00752	0.70599	0.00361	1	0.06506	-0.01212	0.66491	0.00391	1	1.45898	0.81042	0	
1271804	8577.15820	3306571177990	0.54965	0.30898	8576.93066	0.22754	11942	1	0.57522	0.34419	1	0.53196	0.31581	1	0.55359	0.33000	1	0.49564	0.52525	11.69329	1.07218	1	0.75598	0.55045	11.69437	1.07983	1	-0.00111	-0.00752	0.70599	0.00367	1	0.06722	-0.01258	0.68746	0.00370	1	1.45898	0.81042	0	
1271805	8577.16504	3306571244647	0.54969	0.30943	8576.93066	0.23438	11942	1	0.57779	0.33676	1	0.52445	0.31366	1	0.55112	0.32521	1	0.49537	0.52519	11.92941	1.07983	1	0.75612	0.55056	11.55978	1.08749	1	-0.00111	-0.00752	0.70599	0.00343	1	0.06722	-0.01258	0.68746	0.00368	1	1.45898	0.81042	0	
1271806	8577.17188	3306571311744	0.54954	0.30865	8576.93066	0.24121	11942	1	0.57264	0.30074	1	0.51518	0.26048	1	0.54391	0.28061	1	0.49538	0.52520	11.29317	1.08749	1	0.75590	0.55032	12.20725	1.09515	1	-0.00111	-0.00752	0.70599	0.00365	1	0.06722	-0.01258	0.68746	0.00373	1	1.45898	0.81042	0	
1271807	8577.17871	3306571379187	0.54940	0.30784	8576.93066	0.24805	11942	1	0.57273	0.30189	1	0.51569	0.25422	1	0.54421	0.27806	1	0.49523	0.52546	12.05364	1.08607	1	0.75596	0.55008	12.04206	1.10241	1	-0.00113	-0.00730	0.68554	0.00350	1	0.07041	-0.01313	0.72061	0.00371	1	1.45898	0.81042	0	
1271808	8577.18555	3306571446042	0.54927	0.30738	8576.93066	0.25488	11942	1	0.56168	0.31503	1	0.52728	0.26428	1	0.54448	0.28965	1	0.49517	0.52570	12.05538	1.09332	1	0.75570	0.55022	12.37485	1.10200	1	-0.00113	-0.00730	0.68554	0.00346	1	0.07041	-0.01313	0.72061	0.00378	1	1.45898	0.81042	0	
1271809	8577.19141	3306571512777	0.54901	0.30683	8576.93066	0.26074	11942	1	0.54527	0.29094	1	0.53219	0.28027	1	0.53873	0.28560	1	0.49497	0.52522	12.08061	1.09292	1	0.75579	0.55034	12.26089	1.10160	1	-0.00113	-0.00730	0.68554	0.00345	1	0.07041	-0.01313	0.72061	0.00374	1	1.45898	0.81042	0	
1271810	8577.19824	3306571579872	0.54875	0.30641	8576.93066	0.26758	11942	1	0.54530	0.29127	1	0.53141	0.28791	1	0.53835	0.28959	1	0.49495	0.52542	12.05398	1.09251	1	0.75574	0.55013	12.08944	1.09251	1	-0.00113	-0.00730	0.68554	0.00337	1	0.06611	-0.01239	0.67713	0.00381	1	1.45898	0.81042	0	
1271811	8577.20508	3306571647145	0.54870	0.30734	8576.93066	0.27441	11942	1	0.55167	0.34268	1	0.54207	0.34826	1	0.54687	0.34547	1	0.49499	0.52578	11.84846	1.09251	1	0.75562	0.55083	12.17847	1.08383	1	-0.00113	-0.00730	0.68554	0.00355	1	0.06611	-0.01239	0.67713	0.00369	1	1.45898	0.81042	0	
1271812	8577.21191	3306571709705	0.54898	0.30784	8576.93066	0.28125	11942	1	0.57677	0.34307	1	0.54502	0.31414	1	0.56089	0.32860	1	0.49491	0.52573	11.30515	1.08383	1	0.75559	0.55040	12.39939	1.07515	1	-0.00113	-0.00730	0.68554	0.00362	1	0.06611	-0.01239	0.67713	0.00381	1	1.45898	0.81042	0	
1271813	8577.21875	3306571777951	0.54925	0.30847	8576.93066	0.28809	11942	1	0.57729	0.34975	1	0.54415	0.32135	1	0.56072	0.33555	1	0.49463	0.52518	11.26171	1.07515	1	0.75566	0.55088	12.44359	1.06647	1	-0.00122	-0.00724	0.67949	0.00332	1	0.06611	-0.01239	0.67713	0.00367	1	1.45898	0.81042	0	
1271814	8577.22461	3306571845555	0.54965	0.30945	8576.93066	0.29395	11942	1	0.58762	0.35140	1	0.54691	0.35413	1	0.56726	0.35277	1	0.49467	0.52573	11.02996	1.06647	1	0.75570	0.55077	12.11383	1.06647	1	-0.00122	-0.00724	0.67949	0.00364	1	0.06611	-0.01239	0.67713	0.00368	1	1.45898	0.81042	0	
1271815	8577.23145	3306571910559	0.54988	0.31005	8576.93066	0.30078	11942	1	0.57628	0.30563	1	0.54445	0.36878	1	0.56037	0.33720	1	0.49464	0.52557	11.09663	1.06647	1	0.75570	0.55083	12.16986	1.06647	1	-0.00122	-0.00724	0.67949	0.00358	1	0.06611	-0.01239	0.67713	0.00367	1	1.45898	0.81042	0	
1271816	8577.23828	3306571981829	0.55011	0.31048	8576.93066	0.30762	11942	1	0.57572	0.29821	1	0.54535	0.36163	1	0.56054	0.32992	1	0.49478	0.52588	11.88324	1.07556	1	0.75537	0.55077	11.64042	1.07556	1	-0.00132	-0.00749	0.70291	0.00375	1	0.06534	-0.01222	0.67034	0.00375	1	1.45898	0.81042	0	
1271817	8577.24512	3306572048807	0.55039	0.31138	8576.93066	0.31445	11942	1	0.59557	0.34214	1	0.53167	0.36553	1	0.56362	0.35383	1	0.49490	0.52639	12.17015	1.08464	1	0.75538	0.55088	11.51460	1.08464	1	-0.00132	-0.00749	0.70291	0.00356	1	0.06534	-0.01222	0.67034	0.00402	1	1.45898	0.81042	0	
1271818	8577.25195	3306572112595	0.55082	0.31140	8576.93066	0.32129	11942	1	0.58687	0.33849	1	0.52746	0.33079	1	0.55717	0.33464	1	0.49472	0.52605	11.87034	1.09373	1	0.75535	0.55065	11.58836	1.09373	1	-0.00132	-0.00749	0.70291	0.00379	1	0.06534	-0.01222	0.67034	0.00381	1	1.45898	0.81042	0	
1271819	8577.25879	3306572180863	0.55087	0.31101	8576.93066	0.32812	11942	1	0.58687	0.33849	1	0.52746	0.33079	1	0.55717	0.33464	1	0.49491	0.52621	11.85203	1.09373	1	0.75500	0.55004	12.01253	1.09373	1	-0.00133	-0.00729	0.68411	0.00392	1	0.06606	-0.01242	0.67870	0.00396	1	1.45898	0.81042	0	
1271820	8577.26465	3306572246519	0.55080	0.31050	8576.93066	0.33398	11942	1	0.55555	0.24192	1	0.52340	0.29049	1	0.53947	0.26620	1	0.49435	0.52530	11.70104	1.08464	1	0.75491	0.55041	12.34939	1.08464	1	-0.00133	-0.00729	0.68411	0.00382	1	0.06606	-0.01242	0.67870	0.00371	1	1.45898	0.81042	0	
1271821	8577.27246	3306572317123	0.55135	0.31141	8576.93066	0.34180	11942	1	0.59286	0.31594	1	0.53759	0.28370	1	0.56522	0.29982	1	0.49483	0.52597	11.73547	1.07556	1	0.75513	0.55020	12.06515	1.07556	1	-0.00133	-0.00729	0.68411	0.00383	1	0.06606	-0.01242	0.67870	0.00387	1	1.45898	0.81042	0	
1271822	8577.27930	3306572383645	0.55190	0.31256	8576.93066	0.34863	11942	1	0.59330	0.32321	1	0.53675	0.29150	1	0.56502	0.30736	1	0.49430	0.52563	12.00959	1.06647	1	0.75492	0.55025	12.06866	1.06647	1	-0.00133	-0.00729	0.68411	0.00377	1	0.06605	-0.01237	0.67862	0.00376	1	1.45898	0.81042	0	
1271823	8577.28516	3306572450548	0.55232	0.31327	8576.93066	0.35449	11942	1	0.56641	0.32976	1	0.51989	0.29396	1	0.54315	0.31186	1	0.49441	0.52583	11.84245	1.06647	1	0.75483	0.55033	12.16783	1.06647	1	-0.00133	-0.00729	0.68411	0.00371	1	0.06605	-0.01237	0.67862	0.00383	1	1.45898	0.81042	0	
1271824	8577.29199	3306572517577	0.55289	0.31311	8576.93066	0.36133	11942	1	0.52407	0.30144	1	0.54451	0.32050	1	0.53429	0.31097	1	0.49381	0.52557	11.16992	1.06647	1	0.75486	0.55051	12.06341	1.06647	1	-0.00133	-0.00729	0.68411	0.00387	1	0.06605	-0.01237	0.67862	0.00379	1	1.45898	0.81042	0	
1271825	8577.29883	3306572584400	0.55345	0.31266	8576.93066	0.36816	11942	1	0.52313	0.29395	1	0.54541	0.31294	1	0.53427	0.30345	1	0.49386	0.52579	11.46309	1.07556	1	0.75491	0.55015	11.87251	1.07556	1	-0.00143	-0.00757	0.70624	0.00353	1	0.06605	-0.01237	0.67862	0.00390	1	1.45898	0.81042	0	
1271826	8577.30566	3306572650147	0.55362	0.31159	8576.93066	0.37500	11942	1	0.55345	0.24474	1	0.55204	0.27582	1	0.55274	0.26028	1	0.49385	0.52534	10.89947	1.08464	1	0.75497	0.55022	12.00079	1.08464	1	-0.00143	-0.00757	0.70624	0.00379	1	0.06605	-0.01237	0.67862	0.00388	1	1.45898	0.81042	0	
1271827	8577.31250	3306572718639	0.55373	0.31145	8576.93066	0.38184	11942	1	0.56578	0.26527	1	0.54851	0.32903	1	0.55715	0.29715	1	0.49372	0.52533	10.86363	1.09373	1	0.75489	0.55064	11.99753	1.09373	1	-0.00143	-0.00757	0.70624	0.00382	1	0.06605	-0.01237	0.67862	0.00372	1	1.45898	0.81042	0	
1271828	8577.31934	3306572785546	0.55385	0.31130	8576.93066	0.38867	11942	1	0.56516	0.25769	1	0.54943	0.32172	1	0.55729	0.28971	1	0.49247	0.52605	11.49683	1.10281	1	0.75323	0.55028	12.51368	1.10281	1	-0.00163	-0.00756	0.70005	0.00364	1	0.06633	-0.01251	0.68366	0.00403	1	1.45898	0.81042	0	
1271829	8577.32520	3306572851607	0.55295	0.31152	8576.93066	0.39453	11942	1	0.52938	0.28437	1	0.49662	0.26957	1	0.51300	0.27697	1	0.49240	0.52559	10.89440	1.10281	1	0.75323	0.54991	12.19684	1.10281	1	-0.00163	-0.00756	0.70005	0.00371	1	0.06633	-0.01251	0.68366	0.00394	1	1.45898	0.81042	0	
1271830	8577.33203	3306572918844	0.55225	0.31047	8576.93066	0.40137	11942	1	0.52269	0.24095	1	0.52040	0.22374	1	0.52154	0.23235	1	0.49227	0.52512	10.89119	1.10281	1	0.75332	0.54923	11.87778	1.10281	1	-0.00163	-0.00756	0.70005	0.00366	1	0.06633	-0.01251	0.68366	0.00422	1	1.45898	0.81042	0	
1271831	8577.33887	3306572985746	0.54210	0.28271	8576.93066	0.40137	11942	0	0.52361	0.24869	1	0.52037	0.22410	1	0.52199	0.23639	1	0.49158	0.52367	11.23346	1.09373	1	0.75233	0.55067	12.88980	1.10241	1	-0.00174	-0.00725	0.68096	0.00235	1	0.06776	-0.01276	0.69993	0.00374	1	1.45898	0.81042	0	
1271832	8577.34570	3306573053141	0.50631	0.27159	8576.93066	0.40137	11942	0	0.48364	0.17007	1	0.45739	0.35088	1	0.47052	0.26047	1	0.49165	0.52370	11.23527	1.09332	1	0.75231	0.55072	12.92739	1.10200	1	-0.00174	-0.00725	0.68096	0.00232	1	0.06776	-0.01276	0.69993	0.00370	1	1.45898	0.81042	0	
1271833	8577.35254	3306573120912	0.49806	0.26625	8576.93066	0.40137	11942	0	0.47792	0.17626	1	0.48522	0.33487	1	0.48157	0.25556	1	0.49160	0.52368	11.21528	1.09292	1	0.75264	0.55053	12.40717	1.10160	1	-0.00174	-0.00725	0.68096	0.00236	1	0.06776	-0.01276	0.69993	0.00370	1	1.45898	0.81042	0	
1271834	8577.35938	3306573187714	0.49394	0.26366	8577.33887	0.02051	11943	1	0.47798	0.17663	1	0.48520	0.33519	1	0.48159	0.25591	1	0.49159	0.52367	11.20608	1.09251	1	0.75260	0.55068	12.46462	1.10119	1	-0.00174	-0.00725	0.68096	0.00236	1	0.06776	-0.01276	0.69993	0.00368	1	1.45898	0.81042	0	
1271835	8577.36621	3306573254051	0.49109	0.25891	8577.33887	0.02734	11943	1	0.48292	0.16850	1	0.47646	0.31128	1	0.47969	0.23989	1	0.49162	0.52370	11.14896	1.10119	1	0.75262	0.55044	12.29662	1.10119	1	-0.00174	-0.00725	0.68096	0.00236	1	0.06776	-0.01276	0.69993	0.00370	1	1.45898	0.81042	0	
1271836	8577.37207	3306573319789	0.48978	0.25544	8577.33887	0.03320	11943	1	0.48521	0.16223	1	0.48121	0.31390	1	0.48321	0.23807	1	0.49165	0.52372	11.18641	1.10119	1	0.75267	0.55027	12.16887	1.10119	1	-0.00174	-0.00725	0.68096	0.00231	1	0.06776	-0.01276	0.69993	0.00373	1	1.45898	0.81042	0	
1271837	8577.37891	3306573386284	0.48882	0.25345	8577.33887	0.04004	11943	1	0.48521	0.16223	1	0.48086	0.32090	1	0.48303	0.24157	1	0.49167	0.52370	11.20027	1.10119	1	0.75258	0.55024	12.44421	1.09251	1	-0.00174	-0.00725	0.68096	0.00231	1	0.06442	-0.01207	0.66501	0.00367	1	1.45898	0.81042	0	
1271838	8577.38574	3306573456075	0.48822	0.25533	8577.33887	0.04688	11943	1	0.48631	0.16089	1	0.48182	0.37603	1	0.48407	0.26846	1	0.49161	0.52359	11.36164	1.09251	1	0.75268	0.55054	12.58939	1.08383	1	-0.00174	-0.00725	0.68096	0.00236	1	0.06442	-0.01207	0.66501	0.00377	1	1.45898	0.81042	0	
1271839	8577.39258	3306573523991	0.48540	0.25928	8577.33887	0.05371	11943	1	0.47916	0.18463	1	0.44644	0.39712	1	0.46280	0.29087	1	0.49160	0.52368	11.21612	1.08383	1	0.75260	0.55049	12.36849	1.07515	1	-0.00174	-0.00725	0.68096	0.00236	1	0.06442	-0.01207	0.66501	0.00376	1	1.45898	0.81042	0	
1271840	8577.39941	3306573589493	0.48314	0.26240	8577.33887	0.06055	11943	1	0.47911	0.18426	1	0.44645	0.39681	1	0.46278	0.29054	1	0.49167	0.52363	11.28707	1.08424	1	0.75250	0.55059	12.62075	1.07556	1	-0.00175	-0.00752	0.70651	0.00231	1	0.06605	-0.01238	0.68183	0.00377	1	1.45898	0.81042	0	
1271841	8577.40625	3306573655990	0.48146	0.26304	8577.33887	0.06738	11943	1	0.48517	0.16455	1	0.44418	0.37427	1	0.46468	0.26941	1	0.49168	0.52353	11.47669	1.08464	1	0.75247	0.55048	12.46249	1.08464	1	-0.00175	-0.00752	0.70651	0.00229	1	0.06605	-0.01238	0.68183	0.00382	1	1.45898	0.81042	0	
1271842	8577.41309	3306573722070	0.48009	0.26094	8577.33887	0.07422	11943	1	0.49089	0.13994	1	0.43927	0.33577	1	0.46508	0.23786	1	0.49178	0.52347	11.40633	1.09373	1	0.75241	0.55041	12.48877	1.09373	1	-0.00175	-0.00752	0.70651	0.00228	1	0.06605	-0.01238	0.68183	0.00376	1	1.45898	0.81042	0	
1271843	8577.41895	3306573787128	0.47890	0.25856	8577.33887	0.08008	11943	1	0.48974	0.13128	1	0.43931	0.32860	1	0.46453	0.22994	1	0.49176	0.52354	11.19754	1.10281	1	0.75247	0.55054	12.44302	1.10281	1	-0.00175	-0.00752	0.70651	0.00221	1	0.06605	-0.01232	0.68183	0.00379	1	1.45898	0.81042	0	
1271844	8577.42578	3306573854346	0.47772	0.25742	8577.33887	0.08691	11943	1	0.48345	0.14935	1	0.44140	0.33593	1	0.46243	0.24264	1	0.49166	0.52362	11.35958	1.10281	1	0.75243	0.55033	12.32495	1.10281	1	-0.00175	-0.00752	0.70651	0.00228	1	0.06605	-0.01232	0.68183	0.00380	1	1.45898	0.81042	0	
1271845	8577.43262	3306573922574	0.47667	0.25575	8577.33887	0.09375	11943	1	0.48491	0.15367	1	0.43914	0.31110	1	0.46203	0.23239	1	0.49166	0.52362	11.33547	1.10281	1	0.75244	0.55046	12.65635	1.10281	1	-0.00175	-0.00752	0.70651	0.00228	1	0.06605	-0.01232	0.68183	0.00372	1	1.45898	0.81042	0	
1271846	8577.43945	3306573988190	0.47576	0.25429	8577.33887	0.10059	11943	1	0.48491	0.15367	1	0.43914	0.31110	1	0.46203	0.23239	1	0.49167	0.52346	11.49877	1.10281	1	0.75244	0.55031	12.54405	1.10281	1	-0.00175	-0.00752	0.70651	0.00233	1	0.06605	-0.01227	0.68183	0.00376	1	1.45898	0.81042	0	
1271847	8577.44629	3306574058508	0.47518	0.25477	8577.33887	0.10742	11943	1	0.48380	0.16000	1	0.44793	0.36498	1	0.46586	0.26249	1	0.49175	0.52361	11.25407	1.10281	1	0.75252	0.55069	12.40348	1.10281	1	-0.00175	-0.00752	0.70651	0.00233	1	0.06605	-0.01227	0.68183	0.00369	1	1.45898	0.81042	0	
1271848	8577.45312	3306574125216	0.47475	0.25460	8577.33887	0.11426	11943	1	0.48559	0.15335	1	0.44927	0.34988	1	0.46743	0.25161	1	0.49175	0.52360	11.21413	1.10281	1	0.75254	0.55065	12.40812	1.10281	1	-0.00175	-0.00752	0.70651	0.00232	1	0.06605	-0.01227	0.68183	0.00367	1	1.45898	0.81042	0	
1271849	8577.45996	3306574191850	0.47439	0.25485	8577.33887	0.12109	11943	1	0.48677	0.16183	1	0.44915	0.35687	1	0.46796	0.25935	1	0.49194	0.52350	11.39880	1.09373	1	0.75253	0.55055	12.33871	1.09373	1	-0.00162	-0.00720	0.67580	0.00239	1	0.06442	-0.01207	0.66501	0.00371	1	1.45898	0.81042	0	
1271850	8577.46680	3306574259262	0.47363	0.25452	8577.33887	0.12793	11943	1	0.46955	0.16829	1	0.44888	0.32837	1	0.45921	0.24833	1	0.49185	0.52350	11.42417	1.08464	1	0.75260	0.55053	12.22363	1.08464	1	-0.00162	-0.00720	0.67580	0.00232	1	0.06442	-0.01207	0.66501	0.00377	1	1.45898	0.81042	0	
1271851	8577.47266	3306574326163	0.47308	0.25506	8577.33887	0.13379	11943	1	0.47015	0.16707	1	0.45394	0.36467	1	0.46205	0.26587	1	0.49184	0.52348	11.47741	1.07556	1	0.75254	0.55065	12.37744	1.07556	1	-0.00162	-0.00720	0.67580	0.00232	1	0.06442	-0.01207	0.66501	0.00372	1	1.45898	0.81042	0	
1271852	8577.47949	3306574392889	0.47260	0.25604	8577.33887	0.14062	11943	1	0.47147	0.17566	1	0.45365	0.37767	1	0.46256	0.27666	1	0.49183	0.52352	11.39830	1.06647	1	0.75242	0.55063	12.45175	1.05881	1	-0.00162	-0.00720	0.67580	0.00231	1	0.06387	-0.01191	0.65880	0.00375	1	1.45898	0.81042	0	
1271853	8577.48633	3306574459867	0.47235	0.25757	8577.33887	0.14746	11943	1	0.48182	0.20753	1	0.45192	0.37474	1	0.46687	0.29113	1	0.49193	0.52361	11.53160	1.05881	1	0.75263	0.55053	12.17830	1.05115	1	-0.00162	-0.00720	0.67580	0.00232	1	0.06387	-0.01191	0.65880	0.00370	1	1.45898	0.81042	0	
1271854	8577.49316	3306574526677	0.47213	0.25854	8577.33887	0.15430	11943	1	0.48231	0.18096	1	0.45180	0.38075	1	0.46705	0.28085	1	0.49192	0.52350	11.54268	1.05115	1	0.75263	0.55053	12.17830	1.04349	1	-0.00162	-0.00720	0.67580	0.00234	1	0.06387	-0.01191	0.65880	0.00370	1	1.45898	0.81042	0	
1271855	8577.50000	3306574593797	0.47195	0.25958	8577.33887	0.16113	11943	1	0.48338	0.18826	1	0.45180	0.38075	1	0.46759	0.28451	1	0.49191	0.52353	11.44575	1.04349	1	0.75271	0.55054	12.05765	1.04349	1	-0.00162	-0.00720	0.67580	0.00235	1	0.06556	-0.01221	0.67567	0.00370	1	1.45898	0.81042	0	
1271856	8577.50684	3306574661532	0.47137	0.26120	8577.33887	0.16797	11943	1	0.48032	0.20342	1	0.43333	0.40019	1	0.45683	0.30181	1	0.49185	0.52353	11.42169	1.04349	1	0.75231	0.55074	12.41480	1.05115	1	-0.00162	-0.00720	0.67580	0.00232	1	0.06556	-0.01221	0.67567	0.00378	1	1.45898	0.81042	0	
1271857	8577.51367	3306574727748	0.47142	0.26203	8577.33887	0.17480	11943	1	0.48265	0.19070	1	0.46320	0.37615	1	0.47293	0.28342	1	0.49191	0.52353	11.44575	1.05115	1	0.75283	0.55049	11.63147	1.05881	1	-0.00162	-0.00720	0.67580	0.00235	1	0.06556	-0.01221	0.67567	0.00369	1	1.45898	0.81042	0	
1271858	8577.51953	3306574795308	0.47147	0.26243	8577.33887	0.18066	11943	1	0.48159	0.18347	1	0.46363	0.36342	1	0.47261	0.27345	1	0.49210	0.52357	11.48205	1.05881	1	0.75288	0.55070	12.77466	1.07515	1	-0.00154	-0.00727	0.68280	0.00226	1	0.06844	-0.01279	0.70478	0.00366	1	1.45898	0.81042	0	
1271859	8577.52637	3306574859155	0.47115	0.26215	8577.33887	0.18750	11943	1	0.46903	0.15723	1	0.45536	0.35106	1	0.46220	0.25414	1	0.49219	0.52345	11.34077	1.07515	1	0.75264	0.55065	12.57553	1.08383	1	-0.00154	-0.00727	0.68280	0.00229	1	0.06844	-0.01279	0.70478	0.00357	1	1.45898	0.81042	0	
1271860	8577.53320	3306574924791	0.47061	0.26203	8577.33887	0.19434	11943	1	0.46299	0.15485	1	0.44714	0.36213	1	0.45506	0.25849	1	0.49211	0.52341	11.66980	1.08383	1	0.75294	0.55060	12.86985	1.09251	1	-0.00154	-0.00727	0.68280	0.00232	1	0.06844	-0.01279	0.70478	0.00360	1	1.45898	0.81042	0	
1271861	8577.54004	3306574991508	0.47009	0.26167	8577.33887	0.20117	11943	1	0.46170	0.14660	1	0.44723	0.35548	1	0.45447	0.25104	1	0.49249	0.52351	11.37371	1.09251	1	0.75329	0.55055	12.47491	1.10119	1	-0.00154	-0.00727	0.68280	0.00240	1	0.06779	-0.01272	0.69813	0.00372	1	1.45898	0.81042	0	
1271862	8577.54688	3306575062491	0.46992	0.26048	8577.33887	0.20801	11943	1	0.48147	0.13860	1	0.44802	0.30847	1	0.46474	0.22354	1	0.49252	0.52341	11.68106	1.10119	1	0.75333	0.55012	12.38895	1.10119	1	-0.00154	-0.00727	0.68280	0.00235	1	0.06779	-0.01272	0.69813	0.00370	1	1.45898	0.81042	0	
1271863	8577.55371	3306575129858	0.46988	0.25931	8577.33887	0.21484	11943	1	0.48265	0.13403	1	0.45429	0.30997	1	0.46847	0.22200	1	0.49257	0.52341	11.32092	1.10119	1	0.75340	0.55018	12.27524	1.10119	1	-0.00154	-0.00727	0.68280	0.00242	1	0.06779	-0.01272	0.69813	0.00371	1	1.45898	0.81042	0	
1271864	8577.55957	3306575194901	0.46982	0.25808	8577.33887	0.22070	11943	1	0.48145	0.12537	1	0.45429	0.30964	1	0.46787	0.21751	1	0.49261	0.52335	11.57996	1.11028	1	0.75325	0.55064	12.68398	1.10160	1	-0.00153	-0.00749	0.70283	0.00235	1	0.06719	-0.01260	0.69141	0.00369	1	1.45898	0.81042	0	
1271865	8577.56641	3306575259659	0.46961	0.25780	8577.33887	0.22754	11943	1	0.48807	0.12618	1	0.43688	0.36984	1	0.46248	0.24801	1	0.49262	0.52334	11.76250	1.11068	1	0.75313	0.55082	12.66028	1.10200	1	-0.00153	-0.00749	0.70283	0.00234	1	0.06719	-0.01260	0.69141	0.00373	1	1.45898	0.81042	0	
1271866	8577.57324	3306575329681	0.46922	0.25726	8577.33887	0.23438	11943	1	0.45414	0.13178	1	0.45711	0.34499	1	0.45563	0.23839	1	0.49246	0.52335	11.72421	1.11109	1	0.75332	0.55057	12.67657	1.10241	1	-0.00153	-0.00749	0.70283	0.00232	1	0.06719	-0.01260	0.69141	0.00369	1	1.45898	0.81042	0	
1271867	8577.58008	3306575397808	0.46887	0.25703	8577.33887	0.24121	11943	1	0.45546	0.14002	1	0.45679	0.35767	1	0.45612	0.24884	1	0.49254	0.52337	11.71972	1.10241	1	0.75331	0.55074	12.39693	1.08607	1	-0.00143	-0.00727	0.68276	0.00238	1	0.06375	-0.01195	0.65552	0.00368	1	1.45898	0.81042	0	
1271868	8577.58691	3306575461991	0.46865	0.25745	8577.33887	0.24805	11943	1	0.47551	0.16622	1	0.44551	0.37970	1	0.46051	0.27296	1	0.49267	0.52345	11.39222	1.07698	1	0.75327	0.55067	12.46878	1.06932	1	-0.00143	-0.00727	0.68276	0.00234	1	0.06375	-0.01195	0.65552	0.00371	1	1.45898	0.81042	0	
1271869	8577.59375	3306575528652	0.46847	0.25800	8577.33887	0.25488	11943	1	0.47243	0.16585	1	0.45118	0.39202	1	0.46180	0.27894	1	0.49266	0.52330	11.60595	1.06024	1	0.75340	0.55071	12.42552	1.05258	1	-0.00143	-0.00727	0.68276	0.00228	1	0.06375	-0.01195	0.65552	0.00368	1	1.45898	0.81042	0	
1271870	8577.59961	3306575595196	0.46833	0.25881	8577.33887	0.26074	11943	1	0.47486	0.18193	1	0.45104	0.39899	1	0.46295	0.29046	1	0.49285	0.52333	11.55055	1.04349	1	0.75336	0.55071	12.51207	1.04349	1	-0.00143	-0.00727	0.68276	0.00228	1	0.06714	-0.01252	0.68983	0.00367	1	1.45898	0.81042	0	
1271871	8577.60645	3306575663001	0.46830	0.25947	8577.33887	0.26758	11943	1	0.48312	0.20446	1	0.45035	0.36689	1	0.46674	0.28567	1	0.49278	0.52342	11.37255	1.04349	1	0.75341	0.55057	12.20055	1.05115	1	-0.00143	-0.00727	0.68276	0.00232	1	0.06714	-0.01252	0.68983	0.00367	1	1.45898	0.81042	0	
1271872	8577.61328	3306575730357	0.46829	0.25951	8577.33887	0.27441	11943	1	0.48424	0.18100	1	0.45198	0.34169	1	0.46811	0.26135	1	0.49281	0.52340	11.29074	1.05115	1	0.75340	0.55029	12.13523	1.05881	1	-0.00143	-0.00727	0.68276	0.00237	1	0.06714	-0.01252	0.68983	0.00372	1	1.45898	0.81042	0	
1271873	8577.62012	3306575797157	0.46828	0.25940	8577.33887	0.28125	11943	1	0.48319	0.17370	1	0.45210	0.33549	1	0.46765	0.25459	1	0.49280	0.52353	11.54771	1.05881	1	0.75376	0.55051	12.69406	1.06647	1	-0.00143	-0.00727	0.68276	0.00238	1	0.06606	-0.01242	0.67870	0.00366	1	1.45898	0.81042	0	
1271874	8577.62695	3306575864698	0.46826	0.25960	8577.33887	0.28809	11943	1	0.49132	0.16243	1	0.44348	0.37397	1	0.46740	0.26820	1	0.49289	0.52340	11.41940	1.06647	1	0.75323	0.55080	12.81960	1.06647	1	-0.00143	-0.00727	0.68276	0.00232	1	0.06606	-0.01242	0.67870	0.00368	1	1.45898	0.81042	0	
1271875	8577.63379	3306575933072	0.46822	0.25851	8577.33887	0.29492	11943	1	0.47413	0.17998	1	0.45890	0.24124	1	0.46652	0.21061	1	0.49265	0.52350	11.41025	1.06647	1	0.75345	0.54931	11.80113	1.06647	1	-0.00143	-0.00727	0.68276	0.00234	1	0.06606	-0.01242	0.67870	0.00418	1	1.45898	0.81042	0	
1271876	8577.64062	3306576000785	0.46818	0.25738	8577.33887	0.30176	11943	1	0.47413	0.17998	1	0.45909	0.23344	1	0.46661	0.20671	1	0.49288	0.52357	11.48205	1.06647	1	0.75382	0.54938	12.32624	1.07515	1	-0.00143	-0.00727	0.68276	0.00226	1	0.06898	-0.01296	0.70822	0.00409	1	1.45898	0.81042	0	
1271877	8577.64746	3306576064905	0.46849	0.25617	8577.33887	0.30859	11943	1	0.48638	0.18810	1	0.47927	0.21305	1	0.48282	0.20057	1	0.49280	0.52353	11.54771	1.07515	1	0.75376	0.54960	12.06405	1.08383	1	-0.00143	-0.00727	0.68276	0.00238	1	0.06898	-0.01296	0.70822	0.00407	1	1.45898	0.81042	0	
1271878	8577.65430	3306576134007	0.46888	0.25532	8577.33887	0.31543	11943	1	0.49687	0.17137	1	0.47738	0.25895	1	0.48713	0.21516	1	0.49304	0.52351	11.52246	1.08383	1	0.75375	0.54954	12.41309	1.09251	1	-0.00143	-0.00727	0.68276	0.00241	1	0.06898	-0.01296	0.70822	0.00408	1	1.45898	0.81042	0	
1271879	8577.66016	3306576200931	0.46772	0.25366	8577.33887	0.32129	11943	1	0.49468	0.15480	1	0.47773	0.25111	1	0.48621	0.20295	1	0.49311	0.52356	11.58027	1.10160	1	0.75359	0.55025	11.28411	1.10160	1	-0.00143	-0.00752	0.70624	0.00233	1	0.06606	-0.01242	0.67870	0.00383	1	1.45898	0.81042	0	SUBJECT_ONSET_LOG
1271880	8577.66699	3306576264643	0.46766	0.25226	8577.33887	0.32812	11943	1	0.46324	0.14388	1	0.47234	0.24327	1	0.46779	0.19358	1	0.49300	0.52349	11.48665	1.11068	1	0.75368	0.54964	11.25049	1.10200	1	-0.00143	-0.00752	0.70624	0.00228	1	0.06606	-0.01242	0.67870	0.00403	1	1.45898	0.81042	0	
1271881	8577.67383	3306576331519	0.46738	0.25036	8577.33887	0.33496	11943	1	0.46583	0.13839	1	0.47035	0.19039	1	0.46809	0.16439	1	0.49295	0.52348	11.50928	1.11109	1	0.75365	0.54953	11.22752	1.10241	1	-0.00143	-0.00752	0.70624	0.00231	1	0.06606	-0.01242	0.67870	0.00405	1	1.45898	0.81042	0	
1271882	8577.68066	3306576402298	0.47194	0.21865	8577.33887	0.33496	11943	0	0.46577	0.13801	1	0.47064	0.18206	1	0.46820	0.16004	1	0.49279	0.52352	11.60263	1.11149	1	0.75398	0.55057	12.17899	1.11149	1	-0.00143	-0.00752	0.70624	0.00238	1	0.06898	-0.01296	0.70822	0.00385	1	1.45898	0.81042	0	
1271883	8577.68750	3306576468543	0.47869	0.22584	8577.33887	0.33496	11943	0	0.46476	0.12850	1	0.50611	0.33754	1	0.48544	0.23302	1	0.49301	0.52344	11.94157	1.11149	1	0.75422	0.55109	11.89525	1.12017	1	-0.00143	-0.00752	0.70624	0.00238	1	0.06898	-0.01296	0.70822	0.00396	1	1.45898	0.81042	0	AUDIO_FILE_ONSET_LOG
1271884	8577.69434	3306576537019	0.47718	0.22009	8577.33887	0.33496	11943	0	0.46307	0.12379	1	0.48522	0.29342	1	0.47415	0.20860	1	0.49304	0.52338	11.81457	1.12017	1	0.75425	0.55065	11.93397	1.12885	1	-0.00143	-0.00752	0.70624	0.00239	1	0.06898	-0.01296	0.70822	0.00415	1	1.45898	0.81042	0	
1271885	8577.70117	3306576603283	0.47642	0.21731	8577.68066	0.02051	11944	1	0.46313	0.12417	1	0.48520	0.29375	1	0.47417	0.20896	1	0.49326	0.52598	12.07898	1.11977	1	0.75421	0.55015	12.02257	1.12845	1	-0.00133	-0.00734	0.68410	0.00345	1	0.06898	-0.01296	0.70822	0.00398	1	1.45898	0.81042	0	
1271886	8577.70703	3306576670216	0.47262	0.21144	8577.68066	0.02637	11944	1	0.45703	0.14426	1	0.45777	0.23168	1	0.45740	0.18797	1	0.49296	0.52358	11.53940	1.11936	1	0.75419	0.55009	11.93967	1.11936	1	-0.00133	-0.00734	0.68410	0.00230	1	0.06898	-0.01296	0.70822	0.00396	1	1.45898	0.81042	0	
1271887	8577.71387	3306576737322	0.47297	0.21144	8577.68066	0.03320	11944	1	0.47528	0.14704	1	0.47417	0.27586	1	0.47473	0.21145	1	0.49309	0.52364	11.76192	1.11028	1	0.75401	0.55043	12.55239	1.11028	1	-0.00133	-0.00734	0.68410	0.00234	1	0.06898	-0.01296	0.70822	0.00412	1	1.45898	0.81042	0	
1271888	8577.72070	3306576804084	0.47327	0.21311	8577.68066	0.04004	11944	1	0.47652	0.15553	1	0.47356	0.29067	1	0.47504	0.22310	1	0.49314	0.52505	11.00853	1.10119	1	0.75422	0.55097	11.91918	1.09251	1	-0.00133	-0.00734	0.68410	0.00368	1	0.06649	-0.01248	0.68212	0.00387	1	1.45898	0.81042	0	
1271889	8577.72754	3306576871293	0.47211	0.21677	8577.68066	0.04688	11944	1	0.46818	0.11320	1	0.45984	0.37160	1	0.46401	0.24240	1	0.49311	0.52365	11.25680	1.09251	1	0.75429	0.55117	11.99085	1.08383	1	-0.00133	-0.00734	0.68410	0.00232	1	0.06649	-0.01248	0.68212	0.00393	1	1.45898	0.81042	0	
1271890	8577.73438	3306576936807	0.47136	0.23069	8577.68066	0.05371	11944	1	0.48598	0.29914	1	0.44484	0.38506	1	0.46541	0.34210	1	0.49322	0.52546	11.08228	1.08383	1	0.75407	0.55129	12.46586	1.07515	1	-0.00133	-0.00734	0.68410	0.00379	1	0.06649	-0.01248	0.68212	0.00379	1	1.45898	0.81042	0	
1271891	8577.74121	3306577005151	0.47082	0.24252	8577.68066	0.06055	11944	1	0.48713	0.30621	1	0.44476	0.39163	1	0.46595	0.34892	1	0.49340	0.52550	11.25533	1.07515	1	0.75407	0.55129	12.46586	1.06647	1	-0.00133	-0.00734	0.68410	0.00375	1	0.06649	-0.01248	0.68212	0.00380	1	1.45898	0.81042	0	
1271892	8577.74805	3306577071909	0.47021	0.25449	8577.68066	0.06738	11944	1	0.49522	0.34461	1	0.43289	0.40376	1	0.46405	0.37418	1	0.49321	0.52582	11.13821	1.06647	1	0.75391	0.55136	12.54774	1.06647	1	-0.00133	-0.00734	0.68410	0.00362	1	0.06649	-0.01248	0.68212	0.00376	1	1.45898	0.81042	0	
1271893	8577.75488	3306577139321	0.46968	0.25479	8577.68066	0.07422	11944	1	0.48816	0.17621	1	0.43953	0.33997	1	0.46385	0.25809	1	0.49325	0.52394	11.85959	1.06647	1	0.75401	0.55105	12.53468	1.06647	1	-0.00133	-0.00734	0.68410	0.00236	1	0.06649	-0.01248	0.68212	0.00383	1	1.45898	0.81042	0	
1271894	8577.76074	3306577206441	0.46918	0.25467	8577.68066	0.08008	11944	1	0.48697	0.16763	1	0.43954	0.33882	1	0.46325	0.25323	1	0.49325	0.52388	11.85593	1.07556	1	0.75391	0.55104	11.87856	1.06790	1	-0.00132	-0.00759	0.70290	0.00241	1	0.06335	-0.01193	0.64944	0.00378	1	1.45898	0.81042	0	
1271895	8577.76758	3306577273326	0.46890	0.26065	8577.68066	0.08691	11944	1	0.47094	0.32700	1	0.45957	0.34987	1	0.46525	0.33844	1	0.49331	0.52578	11.22735	1.07698	1	0.75424	0.55155	12.19370	1.06932	1	-0.00132	-0.00759	0.70290	0.00376	1	0.06335	-0.01193	0.64944	0.00367	1	1.45898	0.81042	0	
1271896	8577.77441	3306577338774	0.46834	0.26763	8577.68066	0.09375	11944	1	0.47228	0.33807	1	0.44867	0.39276	1	0.46047	0.36541	1	0.49377	0.52594	10.74916	1.07841	1	0.75409	0.55172	12.54259	1.07075	1	-0.00132	-0.00759	0.70290	0.00375	1	0.06335	-0.01193	0.64944	0.00374	1	1.45898	0.81042	0	
1271897	8577.78125	3306577406817	0.46788	0.27393	8577.68066	0.10059	11944	1	0.47339	0.34407	1	0.44867	0.39276	1	0.46103	0.36842	1	0.49431	0.52395	12.03410	1.07075	1	0.75550	0.55076	12.04422	1.07075	1	-0.00113	-0.00740	0.68554	0.00236	1	0.06722	-0.01279	0.68746	0.00417	1	1.45898	0.81042	0	
1271898	8577.78809	3306577473856	0.47073	0.30502	8577.68066	0.10059	11944	0	0.55434	0.32724	1	0.49702	0.34174	1	0.52568	0.33449	1	0.49499	0.52593	11.24505	1.06166	1	0.75566	0.55134	12.10895	1.06932	1	-0.00113	-0.00740	0.68554	0.00356	1	0.06722	-0.01279	0.68746	0.00378	1	1.45898	0.81042	0	
1271899	8577.79492	3306577540577	0.49092	0.30138	8577.68066	0.10059	11944	0	0.53126	0.31450	1	0.49097	0.28097	1	0.51111	0.29774	1	0.49505	0.52564	11.09590	1.06024	1	0.75552	0.55052	12.00233	1.06790	1	-0.00113	-0.00740	0.68554	0.00397	1	0.06722	-0.01279	0.68746	0.00409	1	1.45898	0.81042	0	
1271900	8577.80176	3306577608302	0.49766	0.30056	8577.68066	0.10059	11944	0	0.53140	0.31567	1	0.49090	0.28220	1	0.51115	0.29894	1	0.49472	0.52552	11.01150	1.05881	1	0.75571	0.55119	11.95961	1.06647	1	-0.00102	-0.00732	0.67738	0.00381	1	0.06638	-0.01261	0.67786	0.00388	1	1.45898	0.81042	0	
1271901	8577.80762	3306577675370	0.49853	0.30732	8577.78809	0.01953	11945	1	0.50716	0.30202	1	0.49508	0.35312	1	0.50112	0.32757	1	0.49472	0.52552	11.01150	1.06647	1	0.75563	0.55133	12.30826	1.06647	1	-0.00102	-0.00732	0.67738	0.00381	1	0.06638	-0.01261	0.67786	0.00382	1	1.45898	0.81042	0	
1271902	8577.81445	3306577742182	0.49880	0.31056	8577.78809	0.02637	11945	1	0.50627	0.29859	1	0.49350	0.34849	1	0.49988	0.32354	1	0.49466	0.52555	11.02954	1.06647	1	0.75562	0.55166	12.25638	1.06647	1	-0.00102	-0.00732	0.67738	0.00379	1	0.06638	-0.01261	0.67786	0.00385	1	1.45898	0.81042	0	
1271903	8577.82129	3306577810639	0.49898	0.31273	8577.78809	0.03320	11945	1	0.50627	0.29859	1	0.49350	0.34849	1	0.49988	0.32354	1	0.49483	0.52590	11.08082	1.06647	1	0.75570	0.55177	12.47788	1.06647	1	-0.00102	-0.00732	0.67738	0.00372	1	0.06638	-0.01261	0.67786	0.00381	1	1.45898	0.81042	0	
1271904	8577.82812	3306577874813	0.50154	0.32060	8577.78809	0.04004	11945	1	0.54613	0.36199	1	0.48763	0.37365	1	0.51688	0.36782	1	0.49560	0.52608	11.11515	1.06647	1	0.75585	0.55202	12.15657	1.06647	1	-0.00102	-0.00732	0.67738	0.00381	1	0.06638	-0.01261	0.67786	0.00392	1	1.45898	0.81042	0	
1271905	8577.83496	3306577944326	0.50181	0.32810	8577.78809	0.04688	11945	1	0.54461	0.38314	1	0.46278	0.37808	1	0.50369	0.38061	1	0.49562	0.52642	11.36479	1.06647	1	0.75589	0.55199	12.17691	1.06647	1	-0.00102	-0.00732	0.67738	0.00361	1	0.06638	-0.01261	0.67786	0.00389	1	1.45898	0.81042	0	
1271906	8577.84082	3306578007123	0.50200	0.33280	8577.78809	0.05273	11945	1	0.54381	0.37637	1	0.46324	0.36438	1	0.50352	0.37037	1	0.49569	0.52613	11.27910	1.07556	1	0.75593	0.55210	12.19294	1.08424	1	-0.00100	-0.00757	0.70096	0.00370	1	0.06910	-0.01311	0.70509	0.00384	1	1.45898	0.81042	0	
1271907	8577.84863	3306578077064	0.50296	0.33347	8577.78809	0.06055	11945	1	0.54982	0.34023	1	0.47335	0.33891	1	0.51159	0.33957	1	0.49573	0.52598	11.09399	1.09332	1	0.75608	0.55192	11.94765	1.10200	1	-0.00100	-0.00757	0.70096	0.00366	1	0.06910	-0.01311	0.70509	0.00415	1	1.45898	0.81042	0	
1271908	8577.85449	3306578144029	0.50241	0.33316	8577.78809	0.06641	11945	1	0.53490	0.30463	1	0.45908	0.35552	1	0.49699	0.33008	1	0.49553	0.52580	10.78826	1.11109	1	0.75582	0.55235	12.04582	1.11977	1	-0.00100	-0.00757	0.70096	0.00368	1	0.06910	-0.01311	0.70509	0.00383	1	1.45898	0.81042	0	
1271909	8577.86133	3306578210906	0.50193	0.33262	8577.78809	0.07324	11945	1	0.53410	0.29780	1	0.45908	0.35552	1	0.49659	0.32666	1	0.49572	0.52601	11.28022	1.11977	1	0.75596	0.55221	11.94880	1.11977	1	-0.00092	-0.00739	0.68392	0.00359	1	0.06688	-0.01268	0.68189	0.00389	1	1.45898	0.81042	0	
1271910	8577.86816	3306578277747	0.50173	0.32968	8577.78809	0.08008	11945	1	0.52335	0.25403	1	0.47542	0.33469	1	0.49938	0.29436	1	0.49549	0.52533	10.71459	1.11068	1	0.75617	0.55209	12.91258	1.10200	1	-0.00092	-0.00739	0.68392	0.00381	1	0.06688	-0.01268	0.68189	0.00372	1	1.45898	0.81042	0	
1271911	8577.87500	3306578345045	0.50233	0.33217	8577.78809	0.08691	11945	1	0.54074	0.34075	1	0.47935	0.38839	1	0.51005	0.36457	1	0.49563	0.52603	11.41446	1.09292	1	0.75617	0.55177	12.44053	1.08424	1	-0.00092	-0.00739	0.68392	0.00357	1	0.06688	-0.01268	0.68189	0.00353	1	1.45898	0.81042	0	
1271912	8577.88184	3306578409676	0.50285	0.33477	8577.78809	0.09375	11945	1	0.54152	0.34741	1	0.47900	0.39490	1	0.51026	0.37116	1	0.49565	0.52591	11.08338	1.08424	1	0.75622	0.55153	12.23591	1.07556	1	-0.00100	-0.00757	0.70096	0.00361	1	0.06688	-0.01268	0.68189	0.00366	1	1.45898	0.81042	0	
1271913	8577.88867	3306578479910	0.50371	0.33503	8577.78809	0.10059	11945	1	0.54354	0.31865	1	0.48956	0.35925	1	0.51655	0.33895	1	0.49566	0.52595	11.21919	1.08464	1	0.75633	0.55152	12.36592	1.08464	1	-0.00100	-0.00757	0.70096	0.00365	1	0.06688	-0.01268	0.68189	0.00371	1	1.45898	0.81042	0	
1271914	8577.89551	3306578545746	0.50497	0.33512	8577.78809	0.10742	11945	1	0.54949	0.34798	1	0.50082	0.32520	1	0.52515	0.33659	1	0.49574	0.52603	11.27668	1.09373	1	0.75645	0.55178	11.98091	1.09373	1	-0.00100	-0.00757	0.70096	0.00360	1	0.06688	-0.01268	0.68189	0.00385	1	1.45898	0.81042	0	
1271915	8577.90137	3306578612918	0.50610	0.33462	8577.78809	0.11328	11945	1	0.54875	0.34108	1	0.50186	0.31093	1	0.52530	0.32600	1	0.49561	0.52602	11.40141	1.10281	1	0.75592	0.55125	12.07222	1.11149	1	-0.00100	-0.00757	0.70096	0.00357	1	0.06910	-0.01311	0.70509	0.00388	1	1.45898	0.81042	0	
1271916	8577.90820	3306578679920	0.50621	0.33340	8577.78809	0.12012	11945	1	0.55679	0.32278	1	0.45953	0.30033	1	0.50816	0.31156	1	0.49586	0.52607	11.66827	1.11149	1	0.75583	0.55117	11.99987	1.12017	1	-0.00100	-0.00757	0.70096	0.00374	1	0.06910	-0.01311	0.70509	0.00384	1	1.45898	0.81042	0	
1271917	8577.91504	3306578746666	0.50617	0.33164	8577.78809	0.12695	11945	1	0.55052	0.31583	1	0.46044	0.28049	1	0.50548	0.29816	1	0.49576	0.52600	11.23233	1.12017	1	0.75585	0.55116	12.03326	1.12885	1	-0.00100	-0.00757	0.70096	0.00364	1	0.06910	-0.01311	0.70509	0.00387	1	1.45898	0.81042	0	
1271918	8577.92188	3306578813819	0.50613	0.32972	8577.78809	0.13379	11945	1	0.54984	0.30915	1	0.46064	0.27342	1	0.50524	0.29128	1	0.49546	0.52597	11.89354	1.12885	1	0.75603	0.55158	12.71027	1.13754	1	-0.00100	-0.00757	0.70096	0.00359	1	0.06910	-0.01311	0.70509	0.00380	1	1.45898	0.81042	0	
1271919	8577.92871	3306578881661	0.50670	0.32918	8577.78809	0.14062	11945	1	0.53922	0.31371	1	0.49810	0.32217	1	0.51866	0.31794	1	0.49561	0.52618	12.26510	1.13754	1	0.75610	0.55164	12.96612	1.13754	1	-0.00100	-0.00757	0.70096	0.00356	1	0.06910	-0.01311	0.70509	0.00380	1	1.45898	0.81042	0	
1271920	8577.93555	3306578947847	0.50695	0.32751	8577.78809	0.14746	11945	1	0.54632	0.29195	1	0.47861	0.28927	1	0.51246	0.29061	1	0.49578	0.52607	11.24200	1.13754	1	0.75574	0.55146	12.17302	1.13754	1	-0.00100	-0.00757	0.70096	0.00364	1	0.06910	-0.01311	0.70509	0.00382	1	1.45898	0.81042	0	
1271921	8577.94238	3306579014937	0.50718	0.32597	8577.78809	0.15430	11945	1	0.54632	0.29195	1	0.47861	0.28927	1	0.51246	0.29061	1	0.49550	0.52582	10.99254	1.13754	1	0.75581	0.55078	12.06638	1.13754	1	-0.00100	-0.00757	0.70096	0.00374	1	0.06910	-0.01311	0.70509	0.00395	1	1.45898	0.81042	0	
1271922	8577.94824	3306579080520	0.50774	0.32178	8577.78809	0.16016	11945	1	0.53050	0.18206	1	0.51198	0.26056	1	0.52124	0.22131	1	0.49565	0.52506	11.22415	1.13754	1	0.75576	0.55089	12.07836	1.13754	1	-0.00100	-0.00757	0.70096	0.00371	1	0.06910	-0.01311	0.70509	0.00408	1	1.45898	0.81042	0	
1271923	8577.95508	3306579148974	0.50774	0.31857	8577.78809	0.16699	11945	1	0.52924	0.24402	1	0.48642	0.23237	1	0.50783	0.23819	1	0.49561	0.52500	11.14770	1.13754	1	0.75581	0.55051	12.02702	1.13754	1	-0.00100	-0.00757	0.70096	0.00371	1	0.06910	-0.01311	0.70509	0.00416	1	1.45898	0.81042	0	
1271924	8577.96191	3306579215335	0.50774	0.31573	8577.78809	0.17383	11945	1	0.52924	0.24402	1	0.48603	0.23977	1	0.50764	0.24190	1	0.49489	0.52337	11.75308	1.13754	1	0.75564	0.55098	12.41075	1.12885	1	-0.00100	-0.00747	0.70096	0.00237	1	0.06662	-0.01250	0.68027	0.00380	1	1.45898	0.81042	0	
1271925	8577.96875	3306579283583	0.51127	0.28577	8577.78809	0.17383	11945	0	0.48724	0.27325	1	0.48389	0.25681	1	0.48557	0.26503	1	0.49481	0.52513	11.34340	1.12885	1	0.75582	0.55034	12.31787	1.12017	1	-0.00100	-0.00747	0.70096	0.00364	1	0.06662	-0.01250	0.68027	0.00383	1	1.45898	0.81042	0	
1271926	8577.97559	3306579349768	0.51068	0.29178	8577.78809	0.17383	11945	0	0.51708	0.33570	1	0.50313	0.25987	1	0.51010	0.29779	1	0.49528	0.52537	11.92753	1.12017	1	0.75576	0.55014	12.35078	1.11149	1	-0.00100	-0.00747	0.70096	0.00359	1	0.06662	-0.01250	0.68027	0.00375	1	1.45898	0.81042	0	
1271927	8577.98242	3306579416755	0.51056	0.29610	8577.78809	0.17383	11945	0	0.51799	0.34225	1	0.50261	0.26725	1	0.51030	0.30475	1	0.49478	0.52247	11.53683	1.11149	1	0.75526	0.55051	13.07812	1.10281	1	-0.00100	-0.00747	0.70096	0.00241	1	0.06515	-0.01213	0.66532	0.00371	1	1.45898	0.81042	0	
1271928	8577.98926	3306579483387	0.50480	0.26642	8577.96875	0.02051	11946	1	0.49415	0.09303	1	0.48092	0.26172	1	0.48754	0.17737	1	0.49493	0.52250	11.74520	1.10281	1	0.75538	0.55023	12.77709	1.10281	1	-0.00100	-0.00747	0.70096	0.00238	1	0.06515	-0.01213	0.66532	0.00373	1	1.45898	0.81042	0	
1271929	8577.99609	3306579552568	0.49816	0.25002	8577.96875	0.02734	11946	1	0.48354	0.10477	1	0.45963	0.26405	1	0.47159	0.18441	1	0.49483	0.52250	11.64956	1.10281	1	0.75543	0.55018	12.59185	1.10281	1	-0.00100	-0.00747	0.70096	0.00241	1	0.06515	-0.01213	0.66532	0.00373	1	1.45898	0.81042	0	
1271930	8578.00195	3306579617752	0.49381	0.24047	8577.96875	0.03320	11946	1	0.48473	0.11366	1	0.45943	0.27176	1	0.47208	0.19271	1	0.49496	0.52257	11.98296	1.09373	1	0.75508	0.55026	12.77241	1.09373	1	-0.00092	-0.00728	0.68392	0.00236	1	0.06515	-0.01213	0.66532	0.00387	1	1.45898	0.81042	0	
1271931	8578.00879	3306579680784	0.49152	0.23236	8577.96875	0.04004	11946	1	0.48513	0.12131	1	0.47040	0.24614	1	0.47777	0.18372	1	0.49487	0.52253	11.91255	1.08464	1	0.75564	0.54988	12.32072	1.08464	1	-0.00092	-0.00728	0.68392	0.00234	1	0.06515	-0.01213	0.66532	0.00372	1	1.45898	0.81042	0	
1271932	8578.01562	3306579747066	0.48931	0.22691	8577.96875	0.04688	11946	1	0.49252	0.11242	1	0.45513	0.26503	1	0.47382	0.18873	1	0.49501	0.52254	12.07204	1.07556	1	0.75538	0.55003	12.89299	1.07556	1	-0.00092	-0.00728	0.68392	0.00234	1	0.06515	-0.01213	0.66532	0.00372	1	1.45898	0.81042	0	
1271933	8578.02148	3306579814653	0.48763	0.22397	8577.96875	0.05273	11946	1	0.49367	0.12146	1	0.45482	0.27958	1	0.47425	0.20052	1	0.49509	0.52249	11.69590	1.06647	1	0.75558	0.54981	12.33971	1.05881	1	-0.00092	-0.00728	0.68392	0.00237	1	0.06324	-0.01176	0.64535	0.00373	1	1.45898	0.81042	0	
1271934	8578.02930	3306579884102	0.48720	0.22224	8577.96875	0.06055	11946	1	0.51385	0.13862	1	0.45273	0.27464	1	0.48329	0.20663	1	0.49515	0.52260	11.76764	1.05881	1	0.75577	0.55004	12.21562	1.05115	1	-0.00092	-0.00728	0.68392	0.00237	1	0.06324	-0.01176	0.64535	0.00364	1	1.45898	0.81042	0	
1271935	8578.03516	3306579949319	0.48588	0.22161	8577.96875	0.06641	11946	1	0.49738	0.16178	1	0.44793	0.26889	1	0.47265	0.21533	1	0.49498	0.52252	11.68971	1.05115	1	0.75559	0.54984	12.35407	1.04349	1	-0.00092	-0.00728	0.68392	0.00243	1	0.06324	-0.01176	0.64535	0.00374	1	1.45898	0.81042	0	
1271936	8578.04199	3306580016253	0.48477	0.22098	8577.96875	0.07324	11946	1	0.49720	0.16039	1	0.44795	0.26762	1	0.47257	0.21401	1	0.49507	0.52259	11.71784	1.05258	1	0.75561	0.55045	12.35996	1.04492	1	-0.00091	-0.00756	0.71025	0.00241	1	0.06324	-0.01176	0.64535	0.00376	1	1.45898	0.81042	0	
1271937	8578.04883	3306580083444	0.48443	0.22172	8577.96875	0.08008	11946	1	0.51291	0.15260	1	0.44784	0.30864	1	0.48037	0.23062	1	0.49529	0.52262	11.93698	1.05400	1	0.75569	0.55053	12.30196	1.05400	1	-0.00091	-0.00756	0.71025	0.00242	1	0.06324	-0.01176	0.64535	0.00378	1	1.45898	0.81042	0	
1271938	8578.05566	3306580153340	0.48403	0.22430	8577.96875	0.08691	11946	1	0.51627	0.15966	1	0.44133	0.35596	1	0.47880	0.25781	1	0.49527	0.52270	11.86953	1.06309	1	0.75557	0.55068	12.41015	1.06309	1	-0.00091	-0.00756	0.71025	0.00243	1	0.06324	-0.01176	0.64535	0.00373	1	1.45898	0.81042	0	
1271939	8578.06250	3306580218990	0.48365	0.22580	8577.96875	0.09375	11946	1	0.51527	0.15093	1	0.44143	0.34269	1	0.47835	0.24681	1	0.49528	0.52269	11.53829	1.07218	1	0.75609	0.55050	12.83722	1.07983	1	-0.00091	-0.00756	0.71025	0.00246	1	0.06688	-0.01248	0.68189	0.00367	1	1.45898	0.81042	0	
1271940	8578.06934	3306580284661	0.48320	0.22538	8577.96875	0.10059	11946	1	0.50713	0.12940	1	0.44574	0.30873	1	0.47643	0.21907	1	0.49526	0.52263	11.70288	1.07983	1	0.75566	0.55074	12.62318	1.08749	1	-0.00091	-0.00756	0.71025	0.00245	1	0.06688	-0.01248	0.68189	0.00370	1	1.45898	0.81042	0	
1271941	8578.07617	3306580354231	0.48305	0.22363	8577.96875	0.10742	11946	1	0.51561	0.08863	1	0.44558	0.30258	1	0.48060	0.19560	1	0.49533	0.52273	12.04312	1.08749	1	0.75562	0.55065	12.70729	1.09515	1	-0.00091	-0.00756	0.71025	0.00244	1	0.06688	-0.01248	0.68189	0.00369	1	1.45898	0.81042	0	
1271942	8578.08301	3306580421489	0.48291	0.22214	8577.96875	0.11426	11946	1	0.51577	0.09006	1	0.44557	0.30375	1	0.48067	0.19690	1	0.49526	0.52263	11.70537	1.08607	1	0.75628	0.55045	13.04336	1.09373	1	-0.00082	-0.00729	0.68478	0.00244	1	0.06688	-0.01248	0.68189	0.00366	1	1.45898	0.81042	0	
1271943	8578.08887	3306580484918	0.48325	0.22128	8577.96875	0.12012	11946	1	0.50299	0.12713	1	0.47547	0.28430	1	0.48923	0.20571	1	0.49538	0.52278	11.79090	1.08464	1	0.75605	0.55025	12.93757	1.08464	1	-0.00082	-0.00729	0.68478	0.00236	1	0.06688	-0.01248	0.68189	0.00360	1	1.45898	0.81042	0	
1271944	8578.09570	3306580555193	0.48328	0.22036	8577.96875	0.12695	11946	1	0.48290	0.13474	1	0.48486	0.27130	1	0.48388	0.20302	1	0.49522	0.52266	11.47343	1.07556	1	0.75624	0.55009	12.64801	1.07556	1	-0.00082	-0.00729	0.68478	0.00243	1	0.06688	-0.01248	0.68189	0.00360	1	1.45898	0.81042	0	
1271945	8578.10254	3306580622120	0.48332	0.22009	8577.96875	0.13379	11946	1	0.48413	0.14360	1	0.48410	0.28579	1	0.48411	0.21470	1	0.49531	0.52262	11.42796	1.06647	1	0.75620	0.55042	13.05725	1.05881	1	-0.00082	-0.00729	0.68478	0.00243	1	0.06521	-0.01211	0.66437	0.00359	1	1.45898	0.81042	0	
1271946	8578.10938	3306580689545	0.48324	0.22044	8577.96875	0.14062	11946	1	0.49163	0.11121	1	0.47146	0.34419	1	0.48155	0.22770	1	0.49526	0.52268	11.53351	1.05881	1	0.75603	0.55054	13.23677	1.05115	1	-0.00082	-0.00729	0.68478	0.00244	1	0.06521	-0.01211	0.66437	0.00362	1	1.45898	0.81042	0	
1271947	8578.11621	3306580756071	0.48339	0.21974	8577.96875	0.14746	11946	1	0.49023	0.12192	1	0.48343	0.28658	1	0.48683	0.20425	1	0.49534	0.52268	11.53547	1.05115	1	0.75627	0.55015	12.80360	1.04349	1	-0.00082	-0.00729	0.68478	0.00236	1	0.06521	-0.01211	0.66437	0.00366	1	1.45898	0.81042	0	
1271948	8578.12305	3306580822253	0.48356	0.21925	8577.96875	0.15430	11946	1	0.49124	0.12965	1	0.48343	0.28658	1	0.48734	0.20811	1	0.49549	0.52276	11.45578	1.04349	1	0.75647	0.55037	12.53433	1.04349	1	-0.00082	-0.00729	0.68478	0.00238	1	0.06704	-0.01249	0.68247	0.00368	1	1.45898	0.81042	0	
1271949	8578.12988	3306580889234	0.48388	0.22035	8577.96875	0.16113	11946	1	0.48408	0.16109	1	0.49895	0.33246	1	0.49152	0.24678	1	0.49556	0.52244	11.85681	1.04349	1	0.75647	0.55053	12.70730	1.05115	1	-0.00082	-0.00729	0.68478	0.00237	1	0.06704	-0.01249	0.68247	0.00362	1	1.45898	0.81042	0	
1271950	8578.13574	3306580957330	0.48335	0.22230	8577.96875	0.16699	11946	1	0.48496	0.17379	1	0.45517	0.36811	1	0.47006	0.27095	1	0.49550	0.52270	11.32609	1.05115	1	0.75612	0.55078	13.46087	1.05881	1	-0.00082	-0.00729	0.68478	0.00240	1	0.06704	-0.01249	0.68247	0.00365	1	1.45898	0.81042	0	
1271951	8578.14258	3306581024438	0.48282	0.22356	8577.96875	0.17383	11946	1	0.48268	0.15771	1	0.45548	0.35495	1	0.46908	0.25633	1	0.49558	0.52262	11.52978	1.06790	1	0.75665	0.55069	12.01157	1.07556	1	-0.00078	-0.00735	0.69046	0.00239	1	0.06704	-0.01249	0.68247	0.00375	1	1.45898	0.81042	0	
1271952	8578.14941	3306581091928	0.48290	0.22348	8577.96875	0.18066	11946	1	0.50298	0.13309	1	0.46756	0.30960	1	0.48527	0.22134	1	0.49576	0.52262	11.44015	1.08464	1	0.75632	0.55051	12.41478	1.08464	1	-0.00078	-0.00735	0.69046	0.00245	1	0.06704	-0.01249	0.68247	0.00389	1	1.45898	0.81042	0	
1271953	8578.15625	3306581157592	0.48261	0.22307	8577.96875	0.18750	11946	1	0.48407	0.11800	1	0.46485	0.30519	1	0.47446	0.21160	1	0.49569	0.52260	11.29919	1.09373	1	0.75634	0.55070	12.41541	1.09373	1	-0.00078	-0.00735	0.69046	0.00239	1	0.06704	-0.01249	0.68247	0.00389	1	1.45898	0.81042	0	
1271954	8578.16309	3306581225382	0.48234	0.22279	8577.96875	0.19434	11946	1	0.48407	0.11800	1	0.46464	0.31146	1	0.47436	0.21473	1	0.49577	0.52263	11.32416	1.09373	1	0.75641	0.55106	13.17725	1.08607	1	-0.00072	-0.00732	0.68756	0.00239	1	0.06481	-0.01206	0.65928	0.00372	1	1.45898	0.81042	0	
1271955	8578.16992	3306581292368	0.48192	0.22353	8577.96875	0.20117	11946	1	0.50998	0.12083	1	0.42869	0.37045	1	0.46934	0.24564	1	0.49591	0.52254	11.49019	1.07698	1	0.75611	0.55112	12.95798	1.06932	1	-0.00072	-0.00732	0.68756	0.00240	1	0.06481	-0.01206	0.65928	0.00382	1	1.45898	0.81042	0	
1271956	8578.17676	3306581358443	0.48192	0.22341	8577.96875	0.20801	11946	1	0.50836	0.16033	1	0.45555	0.27890	1	0.48196	0.21961	1	0.49597	0.52278	11.79501	1.06024	1	0.75656	0.54985	12.02363	1.05258	1	-0.00072	-0.00732	0.68756	0.00237	1	0.06481	-0.01206	0.65928	0.00430	1	1.45898	0.81042	0	
1271957	8578.18359	3306581426326	0.48193	0.22340	8577.96875	0.21484	11946	1	0.50925	0.16770	1	0.45555	0.27890	1	0.48240	0.22330	1	0.49607	0.52259	11.93080	1.05258	1	0.75638	0.55028	12.12523	1.05258	1	-0.00068	-0.00747	0.70126	0.00235	1	0.06448	-0.01199	0.65546	0.00400	1	1.45898	0.81042	0	
1271958	8578.18945	3306581493181	0.48186	0.22324	8577.96875	0.22070	11946	1	0.51571	0.13590	1	0.44314	0.30000	1	0.47942	0.21795	1	0.49607	0.52259	11.93080	1.06166	1	0.75634	0.55081	12.70633	1.06932	1	-0.00068	-0.00747	0.70126	0.00235	1	0.06448	-0.01199	0.65546	0.00374	1	1.45898	0.81042	0	
1271959	8578.19629	3306581560124	0.48146	0.22318	8577.96875	0.22754	11946	1	0.48466	0.13986	1	0.45117	0.30193	1	0.46792	0.22089	1	0.49605	0.52270	11.84115	1.07841	1	0.75641	0.55095	12.50759	1.08607	1	-0.00068	-0.00747	0.70126	0.00244	1	0.06448	-0.01199	0.65546	0.00378	1	1.45898	0.81042	0	
1271960	8578.20312	3306581627445	0.48107	0.22292	8577.96875	0.23438	11946	1	0.48364	0.13245	1	0.45129	0.29560	1	0.46747	0.21402	1	0.49627	0.52271	11.31346	1.08607	1	0.75629	0.55082	12.26073	1.09373	1	-0.00061	-0.00719	0.67545	0.00234	1	0.06749	-0.01259	0.68495	0.00387	1	1.45898	0.81042	0	
1271961	8578.20996	3306581694597	0.48076	0.22248	8577.96875	0.24121	11946	1	0.47827	0.13456	1	0.46036	0.27850	1	0.46932	0.20653	1	0.49626	0.52272	11.27716	1.08464	1	0.75658	0.55071	11.79891	1.08464	1	-0.00061	-0.00719	0.67545	0.00240	1	0.06749	-0.01259	0.68495	0.00391	1	1.45898	0.81042	0	
1271962	8578.21582	3306581756986	0.48065	0.22149	8577.96875	0.24707	11946	1	0.46856	0.12447	1	0.48466	0.24503	1	0.47661	0.18475	1	0.49625	0.52254	11.53243	1.07556	1	0.75696	0.55075	12.62652	1.07556	1	-0.00061	-0.00719	0.67545	0.00235	1	0.06749	-0.01259	0.68495	0.00388	1	1.45898	0.81042	0	
1271963	8578.22363	3306581828098	0.48055	0.22076	8577.96875	0.25488	11946	1	0.46988	0.13342	1	0.48425	0.25312	1	0.47707	0.19327	1	0.49630	0.52249	11.68866	1.06647	1	0.75715	0.55072	12.35752	1.06647	1	-0.00060	-0.00703	0.66965	0.00229	1	0.06749	-0.01253	0.68495	0.00398	1	1.45898	0.81042	0	
1271964	8578.22949	3306581894426	0.48080	0.22095	8577.96875	0.26074	11946	1	0.49126	0.12268	1	0.48924	0.33388	1	0.49025	0.22828	1	0.49644	0.52237	11.95318	1.06647	1	0.75714	0.55092	12.42342	1.06647	1	-0.00060	-0.00703	0.66965	0.00233	1	0.06749	-0.01253	0.68495	0.00387	1	1.45898	0.81042	0	
1271965	8578.23633	3306581962184	0.48083	0.22073	8577.96875	0.26758	11946	1	0.49046	0.12810	1	0.47390	0.29549	1	0.48218	0.21179	1	0.49647	0.52245	11.64742	1.06647	1	0.75722	0.55063	12.31008	1.06647	1	-0.00060	-0.00703	0.66965	0.00236	1	0.06749	-0.01253	0.68495	0.00405	1	1.45898	0.81042	0	
1271966	8578.24316	3306582029885	0.48086	0.22051	8577.96875	0.27441	11946	1	0.49046	0.12810	1	0.47390	0.29549	1	0.48218	0.21179	1	0.49652	0.52247	11.62065	1.06647	1	0.75719	0.55085	12.69727	1.06647	1	-0.00051	-0.00726	0.68658	0.00233	1	0.06749	-0.01264	0.68495	0.00401	1	1.45898	0.81042	0	
1271967	8578.25000	3306582096055	0.48081	0.22057	8577.96875	0.28125	11946	1	0.50168	0.13779	1	0.45511	0.30794	1	0.47840	0.22286	1	0.49652	0.52258	11.57423	1.06647	1	0.75692	0.55091	12.70937	1.06647	1	-0.00051	-0.00726	0.68658	0.00239	1	0.06749	-0.01264	0.68495	0.00409	1	1.45898	0.81042	0	
1271968	8578.25684	3306582162938	0.48106	0.22011	8577.96875	0.28809	11946	1	0.49770	0.14128	1	0.48649	0.25940	1	0.49210	0.20034	1	0.49650	0.52256	11.65794	1.06647	1	0.75742	0.55068	12.03141	1.06647	1	-0.00051	-0.00726	0.68658	0.00234	1	0.06749	-0.01264	0.68495	0.00399	1	1.45898	0.81042	0	
1271969	8578.26367	3306582230123	0.48130	0.21975	8577.96875	0.29492	11946	1	0.49770	0.14128	1	0.48613	0.26617	1	0.49192	0.20373	1	0.49650	0.52244	11.19940	1.06647	1	0.75744	0.55064	12.00632	1.05881	1	-0.00051	-0.00719	0.68504	0.00234	1	0.06578	-0.01231	0.66715	0.00399	1	1.45898	0.81042	0	
1271970	8578.27051	3306582297146	0.48142	0.21936	8577.96875	0.30176	11946	1	0.50139	0.13238	1	0.47155	0.27170	1	0.48647	0.20204	1	0.49664	0.52244	11.36825	1.05881	1	0.75719	0.55081	12.58132	1.05115	1	-0.00051	-0.00719	0.68504	0.00234	1	0.06578	-0.01231	0.66715	0.00390	1	1.45898	0.81042	0	
1271971	8578.27734	3306582364074	0.48133	0.21943	8577.96875	0.30859	11946	1	0.50169	0.14525	1	0.45335	0.29964	1	0.47752	0.22245	1	0.49662	0.52241	11.21349	1.05115	1	0.75688	0.55117	12.85151	1.04349	1	-0.00051	-0.00719	0.68504	0.00235	1	0.06578	-0.01231	0.66715	0.00382	1	1.45898	0.81042	0	
1271972	8578.28320	3306582430922	0.48126	0.21957	8577.96875	0.31445	11946	1	0.50263	0.15280	1	0.45335	0.29964	1	0.47799	0.22622	1	0.49664	0.52250	11.69234	1.04349	1	0.75701	0.55092	12.61409	1.04349	1	-0.00051	-0.00721	0.67674	0.00226	1	0.06749	-0.01269	0.68495	0.00408	1	1.45898	0.81042	0	
1271973	8578.29004	3306582498045	0.48072	0.21772	8577.96875	0.32129	11946	1	0.49704	0.16613	1	0.47379	0.22839	1	0.48541	0.19726	1	0.49656	0.52262	11.41548	1.04349	1	0.75718	0.55034	12.04208	1.05115	1	-0.00051	-0.00721	0.67674	0.00232	1	0.06749	-0.01269	0.68495	0.00409	1	1.45898	0.81042	0	
1271974	8578.29688	3306582564679	0.48011	0.21611	8577.96875	0.32812	11946	1	0.49867	0.15793	1	0.46232	0.28257	1	0.48049	0.22025	1	0.49664	0.52255	11.48056	1.05115	1	0.75704	0.55084	12.16374	1.05881	1	-0.00051	-0.00721	0.67674	0.00237	1	0.06749	-0.01269	0.68495	0.00385	1	1.45898	0.81042	0	
1271975	8578.30371	3306582630549	0.47948	0.21420	8577.96875	0.33496	11946	1	0.49771	0.15047	1	0.46251	0.27593	1	0.48011	0.21320	1	0.49665	0.52243	11.62822	1.05881	1	0.75711	0.55112	12.45418	1.06647	1	-0.00051	-0.00726	0.68658	0.00224	1	0.06749	-0.01269	0.68495	0.00376	1	1.45898	0.81042	0	
1271976	8578.31055	3306582698863	0.47948	0.21462	8577.96875	0.34180	11946	1	0.50050	0.13249	1	0.47452	0.26272	1	0.48751	0.19761	1	0.49660	0.52244	11.58109	1.06647	1	0.75720	0.55121	12.42197	1.06647	1	-0.00051	-0.00726	0.68658	0.00225	1	0.06749	-0.01269	0.68495	0.00374	1	1.45898	0.81042	0	
1271977	8578.31738	3306582765863	0.47975	0.21490	8577.96875	0.34863	11946	1	0.49747	0.12149	1	0.47209	0.27422	1	0.48478	0.19786	1	0.49664	0.52240	11.63413	1.06647	1	0.75720	0.55109	12.56330	1.06647	1	-0.00051	-0.00726	0.68658	0.00222	1	0.06749	-0.01269	0.68495	0.00374	1	1.45898	0.81042	0	
1271978	8578.32422	3306582832710	0.48002	0.21501	8577.96875	0.35547	11946	1	0.49747	0.12149	1	0.47209	0.27422	1	0.48478	0.19786	1	0.49664	0.52255	11.48056	1.06647	1	0.75710	0.55085	12.28033	1.06647	1	-0.00051	-0.00721	0.67674	0.00237	1	0.06749	-0.01269	0.68495	0.00377	1	1.45898	0.81042	0	
1271979	8578.33008	3306582899844	0.48019	0.21488	8577.96875	0.36133	11946	1	0.49506	0.14225	1	0.47728	0.21233	1	0.48617	0.17729	1	0.49657	0.52268	11.21147	1.06647	1	0.75725	0.55033	12.03403	1.06647	1	-0.00051	-0.00721	0.67674	0.00237	1	0.06749	-0.01269	0.68495	0.00404	1	1.45898	0.81042	0	
1271980	8578.33691	3306582966815	0.48028	0.21499	8577.96875	0.36816	11946	1	0.49675	0.14300	1	0.45961	0.24526	1	0.47818	0.19413	1	0.49664	0.52255	11.48056	1.06647	1	0.75699	0.55078	12.58573	1.06647	1	-0.00051	-0.00721	0.67674	0.00237	1	0.06749	-0.01269	0.68495	0.00376	1	1.45898	0.81042	0	
1271981	8578.34375	3306583031910	0.48037	0.21486	8577.96875	0.37500	11946	1	0.49675	0.14300	1	0.45961	0.24526	1	0.47818	0.19413	1	0.49660	0.52247	11.62368	1.06647	1	0.75687	0.55108	12.61987	1.06647	1	-0.00051	-0.00721	0.67674	0.00227	1	0.06749	-0.01269	0.68495	0.00383	1	1.45898	0.81042	0	
1271982	8578.35059	3306583100731	0.48064	0.21517	8577.96875	0.38184	11946	1	0.49804	0.11940	1	0.49485	0.32391	1	0.49644	0.22165	1	0.49660	0.52279	10.94418	1.06647	1	0.75723	0.55139	12.61964	1.06647	1	-0.00051	-0.00721	0.67674	0.00234	1	0.06749	-0.01269	0.68495	0.00371	1	1.45898	0.81042	0	
1271983	8578.35742	3306583167204	0.48107	0.21471	8577.96875	0.38867	11946	1	0.49694	0.09492	1	0.48971	0.29166	1	0.49332	0.19329	1	0.49663	0.52249	11.70779	1.06647	1	0.75716	0.55107	12.24318	1.06647	1	-0.00051	-0.00721	0.67674	0.00224	1	0.06749	-0.01269	0.68495	0.00381	1	1.45898	0.81042	0	
1271984	8578.36426	3306583234555	0.48150	0.21428	8577.96875	0.39551	11946	1	0.49694	0.09492	1	0.48971	0.29166	1	0.49332	0.19329	1	0.49647	0.52263	11.33242	1.06647	1	0.75713	0.55127	12.43455	1.06647	1	-0.00051	-0.00726	0.68658	0.00229	1	0.06749	-0.01269	0.68495	0.00376	1	1.45898	0.81042	0	
1271985	8578.37109	3306583301638	0.48166	0.21317	8577.96875	0.40234	11946	1	0.49006	0.10230	1	0.48575	0.25287	1	0.48791	0.17759	1	0.49643	0.52260	11.24057	1.06647	1	0.75704	0.55084	11.83696	1.06647	1	-0.00051	-0.00726	0.68658	0.00229	1	0.06749	-0.01269	0.68495	0.00384	1	1.45898	0.81042	0	
1271986	8578.37695	3306583369051	0.48189	0.21199	8577.96875	0.40820	11946	1	0.48467	0.10450	1	0.49530	0.29719	1	0.48998	0.20084	1	0.49643	0.52263	11.31324	1.06647	1	0.75713	0.55132	12.28056	1.06647	1	-0.00051	-0.00726	0.68658	0.00228	1	0.06749	-0.01269	0.68495	0.00371	1	1.45898	0.81042	0	
1271987	8578.38379	3306583435663	0.48213	0.21085	8577.96875	0.41504	11946	1	0.48346	0.09530	1	0.49580	0.28947	1	0.48963	0.19239	1	0.49640	0.52269	11.28324	1.07556	1	0.75687	0.55129	11.76585	1.07556	1	-0.00058	-0.00743	0.69802	0.00227	1	0.06749	-0.01269	0.68495	0.00371	1	1.45898	0.81042	0	
1271988	8578.39062	3306583502689	0.48216	0.20959	8577.96875	0.42188	11946	1	0.48530	0.08546	1	0.47116	0.23173	1	0.47823	0.15859	1	0.49643	0.52267	11.36276	1.08464	1	0.75678	0.55107	11.51673	1.08464	1	-0.00058	-0.00743	0.69802	0.00223	1	0.06749	-0.01269	0.68495	0.00385	1	1.45898	0.81042	0	
1271989	8578.39746	3306583569691	0.48215	0.20910	8577.96875	0.42871	11946	1	0.48233	0.07540	1	0.47710	0.26869	1	0.47971	0.17204	1	0.49643	0.52259	11.16486	1.09373	1	0.75693	0.55105	11.31991	1.09373	1	-0.00058	-0.00743	0.69802	0.00227	1	0.06749	-0.01269	0.68495	0.00380	1	1.45898	0.81042	0	
1271990	8578.40430	3306583635255	0.48213	0.20858	8577.96875	0.43555	11946	1	0.48233	0.07540	1	0.47710	0.26869	1	0.47971	0.17204	1	0.49646	0.52281	10.93795	1.09373	1	0.75694	0.55091	11.01781	1.09373	1	-0.00061	-0.00719	0.67545	0.00231	1	0.06749	-0.01269	0.68495	0.00380	1	1.45898	0.81042	0	
1271991	8578.41016	3306583701545	0.48199	0.20771	8577.96875	0.44141	11946	1	0.48876	0.09143	1	0.47644	0.23621	1	0.48260	0.16382	1	0.49650	0.52285	11.11017	1.08464	1	0.75690	0.55110	11.55008	1.08464	1	-0.00061	-0.00719	0.67545	0.00227	1	0.06749	-0.01269	0.68495	0.00382	1	1.45898	0.81042	0	
1271992	8578.41699	3306583769048	0.48193	0.20708	8577.96875	0.44824	11946	1	0.48181	0.08938	1	0.48075	0.25617	1	0.48128	0.17277	1	0.49637	0.52258	11.10396	1.07556	1	0.75688	0.55086	11.47993	1.07556	1	-0.00061	-0.00719	0.67545	0.00229	1	0.06749	-0.01269	0.68495	0.00376	1	1.45898	0.81042	0	
1271993	8578.42383	3306583836020	0.48188	0.20646	8577.96875	0.45508	11946	1	0.48304	0.09862	1	0.48005	0.27089	1	0.48154	0.18476	1	0.49637	0.52260	11.10311	1.06647	1	0.75686	0.55115	12.16349	1.05881	1	-0.00061	-0.00719	0.67545	0.00229	1	0.06457	-0.01210	0.65587	0.00371	1	1.45898	0.81042	0	
1271994	8578.43066	3306583905375	0.48171	0.20731	8577.96875	0.46191	11946	1	0.48055	0.15750	1	0.46609	0.37967	1	0.47332	0.26859	1	0.49632	0.52270	10.64258	1.05881	1	0.75680	0.55138	12.38695	1.05115	1	-0.00061	-0.00719	0.67545	0.00226	1	0.06457	-0.01210	0.65587	0.00367	1	1.45898	0.81042	0	
1271995	8578.43750	3306583968744	0.48144	0.20856	8577.96875	0.46875	11946	1	0.48104	0.15340	1	0.46664	0.37478	1	0.47384	0.26409	1	0.49625	0.52254	11.02699	1.05115	1	0.75672	0.55126	12.12584	1.04349	1	-0.00061	-0.00719	0.67545	0.00226	1	0.06457	-0.01210	0.65587	0.00370	1	1.45898	0.81042	0	
1271996	8578.44434	3306584036429	0.48117	0.20973	8577.96875	0.47559	11946	1	0.48210	0.16091	1	0.46690	0.36791	1	0.47450	0.26441	1	0.49619	0.52249	11.00558	1.04349	1	0.75666	0.55099	11.53102	1.05217	1	-0.00061	-0.00709	0.67545	0.00227	1	0.06888	-0.01280	0.69962	0.00382	1	1.45898	0.81042	0	
1271997	8578.45020	3306584101468	0.48097	0.20872	8577.96875	0.48145	11946	1	0.47575	0.14911	1	0.48826	0.24741	1	0.48201	0.19826	1	0.49628	0.52252	10.91922	1.05217	1	0.75705	0.55052	11.30450	1.06851	1	-0.00061	-0.00709	0.67545	0.00235	1	0.06888	-0.01280	0.69962	0.00384	1	1.45898	0.81042	0	
1271998	8578.45703	3306584168973	0.48107	0.20742	8577.96875	0.48828	11946	1	0.46842	0.12832	1	0.48113	0.28873	1	0.47478	0.20853	1	0.49621	0.52250	11.01595	1.06851	1	0.75695	0.55044	11.38012	1.08485	1	-0.00061	-0.00709	0.67545	0.00225	1	0.06888	-0.01280	0.69962	0.00373	1	1.45898	0.81042	0	
1271999	8578.46387	3306584236617	0.48117	0.20619	8577.96875	0.49512	11946	1	0.46603	0.11217	1	0.48145	0.28228	1	0.47374	0.19723	1	0.49628	0.52222	10.83401	1.08485	1	0.75689	0.55042	11.32490	1.09251	1	-0.00061	-0.00704	0.67545	0.00224	1	0.06749	-0.01248	0.68495	0.00370	1	1.45898	0.81042	0	
1272000	8578.47070	3306584304098	0.48115	0.20519	8577.96875	0.50195	11946	1	0.49041	0.07805	1	0.47800	0.26869	1	0.48421	0.17337	1	0.49650	0.52220	10.95994	1.09251	1	0.75685	0.55042	11.30946	1.08383	1	-0.00061	-0.00704	0.67545	0.00223	1	0.06749	-0.01248	0.68495	0.00373	1	1.45898	0.81042	0	
1272001	8578.47754	3306584373423	0.48124	0.20478	8577.96875	0.50879	11946	1	0.48396	0.09974	1	0.47440	0.28421	1	0.47918	0.19198	1	0.49635	0.52227	10.65723	1.08383	1	0.75688	0.55026	11.24564	1.07515	1	-0.00061	-0.00704	0.67545	0.00224	1	0.06749	-0.01248	0.68495	0.00375	1	1.45898	0.81042	0	
1272002	8578.48438	3306584440370	0.48135	0.20454	8577.96875	0.51562	11946	1	0.48511	0.10842	1	0.47381	0.29815	1	0.47946	0.20329	1	0.49632	0.52224	10.57071	1.07515	1	0.75691	0.54992	11.22506	1.05881	1	-0.00061	-0.00704	0.67545	0.00225	1	0.06457	-0.01195	0.65587	0.00387	1	1.45898	0.81042	0	
1272003	8578.49121	3306584506182	0.48157	0.20411	8577.96875	0.52246	11946	1	0.48383	0.14032	1	0.47583	0.31019	1	0.47983	0.22525	1	0.49631	0.52216	10.99562	1.05881	1	0.75684	0.55022	11.39220	1.05115	1	-0.00061	-0.00704	0.67545	0.00223	1	0.06457	-0.01195	0.65587	0.00384	1	1.45898	0.81042	0	
1272004	8578.49805	3306584574473	0.48135	0.20449	8577.96875	0.52930	11946	1	0.46913	0.17890	1	0.47338	0.29605	1	0.47126	0.23748	1	0.49620	0.52229	10.35866	1.05115	1	0.75686	0.55007	11.25709	1.04349	1	-0.00061	-0.00704	0.67545	0.00230	1	0.06457	-0.01195	0.65587	0.00389	1	1.45898	0.81042	0	
1272005	8578.50488	3306584641306	0.48113	0.20486	8577.96875	0.53613	11946	1	0.47027	0.18622	1	0.47338	0.29605	1	0.47183	0.24114	1	0.49621	0.52228	10.36683	1.04349	1	0.75671	0.54969	11.16322	1.04349	1	-0.00061	-0.00704	0.67545	0.00231	1	0.06448	-0.01195	0.65546	0.00399	1	1.45898	0.81042	0	
1272006	8578.51172	3306584708489	0.48129	0.20474	8577.96875	0.54297	11946	1	0.50094	0.17741	1	0.47401	0.24724	1	0.48747	0.21232	1	0.49624	0.52217	10.96628	1.04349	1	0.75681	0.54948	11.05301	1.05115	1	-0.00061	-0.00704	0.67545	0.00227	1	0.06448	-0.01195	0.65546	0.00401	1	1.45898	0.81042	0	
1272007	8578.51758	3306584775164	0.48167	0.20430	8577.96875	0.54883	11946	1	0.49251	0.15482	1	0.47961	0.24423	1	0.48606	0.19953	1	0.49617	0.52223	10.71037	1.05115	1	0.75687	0.54948	11.16336	1.05881	1	-0.00061	-0.00704	0.67545	0.00230	1	0.06448	-0.01195	0.65546	0.00396	1	1.45898	0.81042	0	
1272008	8578.52441	3306584843374	0.48205	0.20384	8577.96875	0.55566	11946	1	0.49151	0.14733	1	0.47992	0.23731	1	0.48572	0.19232	1	0.49608	0.52217	10.80938	1.05881	1	0.75660	0.55050	11.95539	1.06647	1	-0.00061	-0.00699	0.67546	0.00223	1	0.06448	-0.01195	0.65546	0.00364	1	1.45898	0.81042	0	
1272009	8578.53125	3306584909290	0.48231	0.20357	8577.96875	0.56250	11946	1	0.49726	0.14009	1	0.46612	0.24716	1	0.48169	0.19363	1	0.49618	0.52209	11.09735	1.06647	1	0.75667	0.54974	11.68887	1.06647	1	-0.00061	-0.00699	0.67546	0.00215	1	0.06448	-0.01195	0.65546	0.00392	1	1.45898	0.81042	0	
1272010	8578.53809	3306584976362	0.48247	0.20411	8577.96875	0.56934	11946	1	0.50242	0.16022	1	0.46636	0.26105	1	0.48439	0.21063	1	0.49617	0.52214	10.80675	1.06647	1	0.75669	0.55001	11.86112	1.06647	1	-0.00061	-0.00699	0.67546	0.00222	1	0.06448	-0.01195	0.65546	0.00382	1	1.45898	0.81042	0	
1272011	8578.54492	3306585042841	0.48262	0.20448	8577.96875	0.57617	11946	1	0.50242	0.16022	1	0.46636	0.26105	1	0.48439	0.21063	1	0.49617	0.52196	10.86483	1.06647	1	0.75675	0.55056	12.54058	1.06647	1	-0.00061	-0.00699	0.67546	0.00222	1	0.06448	-0.01195	0.65546	0.00352	1	1.45898	0.81042	0	
1272012	8578.55176	3306585110055	0.48248	0.20432	8577.96875	0.58301	11946	1	0.50631	0.12650	1	0.46069	0.31541	1	0.48350	0.22096	1	0.49630	0.52201	10.95038	1.06647	1	0.75670	0.55052	12.25343	1.06647	1	-0.00061	-0.00699	0.67546	0.00225	1	0.06448	-0.01195	0.65546	0.00355	1	1.45898	0.81042	0	
1272013	8578.55859	3306585176951	0.48278	0.20308	8577.96875	0.58984	11946	1	0.50722	0.13864	1	0.48546	0.16602	1	0.49634	0.15233	1	0.49638	0.52205	10.88935	1.06647	1	0.75698	0.54911	11.26846	1.06647	1	-0.00061	-0.00699	0.67546	0.00222	1	0.06448	-0.01195	0.65546	0.00416	1	1.45898	0.81042	0	
1272014	8578.56543	3306585245173	0.48308	0.20176	8577.96875	0.59668	11946	1	0.50722	0.13864	1	0.48586	0.15759	1	0.49654	0.14812	1	0.49625	0.52191	10.92303	1.06647	1	0.75698	0.54986	11.23230	1.07515	1	-0.00061	-0.00704	0.67545	0.00216	1	0.06900	-0.01279	0.70194	0.00370	1	1.45898	0.81042	0	
1272015	8578.57129	3306585310707	0.48313	0.20108	8577.96875	0.60254	11946	1	0.48882	0.12539	1	0.47329	0.25490	1	0.48106	0.19014	1	0.49613	0.52194	10.79521	1.07515	1	0.75674	0.55010	11.78476	1.08383	1	-0.00061	-0.00704	0.67545	0.00222	1	0.06900	-0.01279	0.70194	0.00365	1	1.45898	0.81042	0	
1272016	8578.57812	3306585378054	0.48334	0.20080	8577.96875	0.60938	11946	1	0.49674	0.09735	1	0.50711	0.27708	1	0.50192	0.18722	1	0.49617	0.52189	10.57366	1.08383	1	0.75696	0.55034	11.37659	1.09251	1	-0.00061	-0.00704	0.67545	0.00219	1	0.06900	-0.01279	0.70194	0.00371	1	1.45898	0.81042	0	
1272017	8578.58496	3306585444649	0.48354	0.20012	8577.96875	0.61621	11946	1	0.49456	0.07956	1	0.50825	0.26200	1	0.50140	0.17078	1	0.49612	0.52186	10.69741	1.10160	1	0.75653	0.55018	11.99516	1.11028	1	-0.00068	-0.00726	0.70127	0.00216	1	0.06900	-0.01279	0.70194	0.00363	1	1.45898	0.81042	0	
1272018	8578.59180	3306585512107	0.48360	0.19921	8577.96875	0.62305	11946	1	0.48416	0.07330	1	0.49491	0.24346	1	0.48954	0.15838	1	0.49607	0.52195	10.58912	1.11936	1	0.75669	0.55014	11.61483	1.11936	1	-0.00068	-0.00726	0.70127	0.00231	1	0.06900	-0.01279	0.70194	0.00369	1	1.45898	0.81042	0	
1272019	8578.59863	3306585579113	0.48376	0.19752	8577.96875	0.62988	11946	1	0.49730	0.05977	1	0.47365	0.22271	1	0.48547	0.14124	1	0.49601	0.52194	10.58094	1.12845	1	0.75638	0.55023	12.19957	1.12845	1	-0.00068	-0.00726	0.70127	0.00227	1	0.06900	-0.01279	0.70194	0.00364	1	1.45898	0.81042	0	
1272020	8578.60547	3306585646660	0.48391	0.19565	8577.96875	0.63672	11946	1	0.49623	0.05073	1	0.47366	0.22236	1	0.48495	0.13655	1	0.49598	0.52195	10.52543	1.13754	1	0.75640	0.55011	12.30470	1.12885	1	-0.00068	-0.00726	0.70127	0.00226	1	0.06604	-0.01225	0.67233	0.00367	1	1.45898	0.81042	0	
1272021	8578.61133	3306585712876	0.48386	0.19487	8577.96875	0.64258	11946	1	0.50271	0.06481	1	0.46310	0.25525	1	0.48291	0.16003	1	0.49602	0.52198	10.56258	1.12885	1	0.75621	0.55035	12.22162	1.12017	1	-0.00068	-0.00726	0.70127	0.00217	1	0.06604	-0.01225	0.67233	0.00379	1	1.45898	0.81042	0	
1272022	8578.61816	3306585780129	0.48401	0.19363	8577.96875	0.64941	11946	1	0.50547	0.08704	1	0.46997	0.23457	1	0.48772	0.16080	1	0.49604	0.52199	10.87208	1.12017	1	0.75637	0.55008	12.15393	1.11149	1	-0.00068	-0.00726	0.70127	0.00218	1	0.06604	-0.01225	0.67233	0.00370	1	1.45898	0.81042	0	
1272023	8578.62500	3306585844310	0.48997	0.16726	8577.96875	0.64941	11946	0	0.50747	0.10440	1	0.46919	0.25668	1	0.48833	0.18054	1	0.49603	0.52200	10.56665	1.10241	1	0.75659	0.55021	11.64540	1.08607	1	-0.00061	-0.00699	0.67546	0.00217	1	0.06496	-0.01199	0.66081	0.00370	1	1.45898	0.81042	0	
1272024	8578.63184	3306585914762	0.48903	0.18528	8577.96875	0.64941	11946	0	0.50672	0.11054	1	0.46946	0.29605	1	0.48809	0.20330	1	0.49602	0.52198	10.56458	1.07698	1	0.75639	0.55033	11.94727	1.06932	1	-0.00061	-0.00699	0.67546	0.00217	1	0.06496	-0.01199	0.66081	0.00374	1	1.45898	0.81042	0	
1272025	8578.63867	3306585982003	0.48877	0.19583	8577.96875	0.64941	11946	0	0.48755	0.13427	1	0.48894	0.29963	1	0.48825	0.21695	1	0.49602	0.52198	10.56258	1.06024	1	0.75668	0.55008	11.53418	1.05258	1	-0.00061	-0.00699	0.67546	0.00217	1	0.06496	-0.01199	0.66081	0.00372	1	1.45898	0.81042	0	
1272026	8578.64551	3306586045349	0.48881	0.20498	8578.62500	0.02051	11947	1	0.48978	0.15083	1	0.48811	0.31400	1	0.48894	0.23241	1	0.49607	0.52217	10.76827	1.04349	1	0.75669	0.55024	11.64723	1.03583	1	-0.00061	-0.00699	0.67546	0.00220	1	0.06481	-0.01202	0.65928	0.00364	1	1.45898	0.81042	0	
1272027	8578.65137	3306586113573	0.48814	0.21506	8578.62500	0.02637	11947	1	0.49272	0.17081	1	0.47820	0.33994	1	0.48546	0.25537	1	0.49608	0.52224	10.78950	1.03583	1	0.75692	0.55025	11.42011	1.03583	1	-0.00061	-0.00699	0.67546	0.00221	1	0.06481	-0.01202	0.65928	0.00367	1	1.45898	0.81042	0	
1272028	8578.65820	3306586177830	0.48617	0.21867	8578.62500	0.03320	11947	1	0.48493	0.16234	1	0.46763	0.31109	1	0.47628	0.23671	1	0.49600	0.52203	10.70554	1.03583	1	0.75669	0.55016	11.63432	1.03583	1	-0.00061	-0.00699	0.67546	0.00220	1	0.06481	-0.01202	0.65928	0.00366	1	1.45898	0.81042	0	
1272029	8578.66504	3306586246698	0.48355	0.23093	8578.62500	0.04004	11947	1	0.48493	0.16234	0	0.46787	0.30451	1	0.46787	0.30451	1	0.49600	0.52203	10.70554	1.03583	0	0.49605	0.52212	10.51146	1.04349	1	-0.00061	-0.00699	0.67546	0.00220	1	-0.00061	-0.00699	0.67546	0.00225	1	1.45898	0.81042	0	
1272030	8578.67188	3306586313453	0.47025	0.21303	8578.62500	0.04688	11947	1	0.48493	0.16234	0	0.37714	0.08774	1	0.37714	0.08774	1	0.49600	0.52203	10.70554	1.04349	0	0.49616	0.52198	10.49394	1.05115	1	-0.00061	-0.00699	0.67546	0.00220	1	-0.00061	-0.00699	0.67546	0.00222	1	1.45898	0.81042	0	
1272031	8578.67871	3306586383307	0.45995	0.19805	8578.62500	0.05371	11947	1	0.48493	0.16234	0	0.37752	0.07816	1	0.37752	0.07816	1	0.49600	0.52203	10.70554	1.05115	0	0.49622	0.52199	10.86009	1.05881	1	-0.00061	-0.00699	0.67546	0.00220	1	-0.00061	-0.00699	0.67546	0.00214	1	1.45898	0.81042	0	
1272032	8578.68555	3306586449845	0.45167	0.18525	8578.62500	0.06055	11947	1	0.48493	0.16234	0	0.37714	0.07012	1	0.37714	0.07012	1	0.49600	0.52203	10.70554	1.05881	0	0.49635	0.52213	10.69388	1.06647	1	-0.00061	-0.00699	0.67546	0.00220	1	-0.00061	-0.00699	0.67546	0.00224	1	1.45898	0.81042	0	
1272033	8578.69238	3306586515634	0.44595	0.17454	8578.62500	0.06738	11947	1	0.48493	0.16234	0	0.38879	0.06738	1	0.38879	0.06738	1	0.49600	0.52203	10.70554	1.06647	0	0.49637	0.52196	10.24911	1.06647	1	-0.00061	-0.00699	0.67546	0.00220	1	-0.00061	-0.00699	0.67546	0.00220	1	1.45898	0.81042	0	
1272034	8578.69922	3306586583902	0.43962	0.16611	8578.62500	0.07422	11947	1	0.48493	0.16234	0	0.36997	0.07345	1	0.36997	0.07345	1	0.49600	0.52203	10.70554	1.06647	0	0.49644	0.52204	10.80843	1.06647	1	-0.00061	-0.00699	0.67546	0.00220	1	-0.00061	-0.00699	0.67546	0.00215	1	1.45898	0.81042	0	
1272035	8578.70605	3306586650874	0.43426	0.15899	8578.62500	0.08105	11947	1	0.48493	0.16234	0	0.36997	0.07345	1	0.36997	0.07345	1	0.49600	0.52203	10.70554	1.06647	0	0.49629	0.52207	10.50243	1.06647	1	-0.00061	-0.00699	0.67546	0.00220	1	-0.00061	-0.00699	0.67546	0.00218	1	1.45898	0.81042	0	
1272036	8578.71191	3306586717799	0.43008	0.15353	8578.62500	0.08691	11947	1	0.48493	0.16234	0	0.37571	0.08265	1	0.37571	0.08265	1	0.49600	0.52203	10.70554	1.06647	0	0.49646	0.52211	10.87412	1.06647	1	-0.00061	-0.00699	0.67546	0.00220	1	-0.00061	-0.00699	0.67546	0.00216	1	1.45898	0.81042	0	
1272037	8578.71875	3306586784844	0.42604	0.14887	8578.62500	0.09375	11947	1	0.48493	0.16234	0	0.36951	0.08360	1	0.36951	0.08360	1	0.49600	0.52203	10.70554	1.06647	0	0.49635	0.52204	10.34606	1.06647	1	-0.00061	-0.00699	0.67546	0.00220	1	-0.00061	-0.00699	0.67546	0.00217	1	1.45898	0.81042	0	
1272038	8578.72559	3306586851377	0.40036	0.12398	8578.62500	0.09375	11947	0	0.48493	0.16234	0	0.36901	0.07460	1	0.36901	0.07460	1	0.49600	0.52203	10.70554	1.06647	0	0.49643	0.52207	10.44391	1.07515	1	-0.00061	-0.00699	0.67546	0.00220	1	-0.00059	-0.00741	0.71078	0.00219	1	1.45898	0.81042	0	
1272039	8578.73242	3306586918061	0.38716	0.10177	8578.62500	0.09375	11947	0	0.48493	0.16234	0	0.37397	0.07956	1	0.37397	0.07956	1	0.49600	0.52203	10.70554	1.07515	0	0.49645	0.52224	10.55908	1.08383	1	-0.00061	-0.00699	0.67546	0.00220	1	-0.00059	-0.00741	0.71078	0.00218	1	1.45898	0.81042	0	
1272040	8578.73926	3306586985589	0.41854	0.14439	8578.62500	0.09375	11947	0	0.49732	0.13637	1	0.46523	0.32287	1	0.48128	0.22962	1	0.49657	0.52217	10.52891	1.08383	1	0.75666	0.55054	11.49601	1.09251	1	-0.00061	-0.00699	0.67546	0.00225	1	-0.00059	-0.00741	0.71078	0.00382	1	1.45898	0.81042	0	
1272041	8578.74609	3306587052690	0.43409	0.16465	8578.72559	0.02051	11948	1	0.49626	0.12799	1	0.46523	0.32287	1	0.48075	0.22543	1	0.49664	0.52204	10.92446	1.09251	1	0.75713	0.54954	11.66839	1.09251	1	-0.00051	-0.00700	0.67675	0.00217	1	0.06749	-0.01248	0.68495	0.00406	1	1.45898	0.81042	0	
1272042	8578.75293	3306587120932	0.44495	0.16296	8578.72559	0.02734	11948	1	0.50481	0.06214	1	0.47194	0.25030	1	0.48838	0.15622	1	0.49661	0.52199	10.51240	1.09251	1	0.75717	0.54984	10.97421	1.08383	1	-0.00051	-0.00700	0.67675	0.00207	1	0.06749	-0.01248	0.68495	0.00391	1	1.45898	0.81042	0	
1272043	8578.75879	3306587187505	0.45419	0.15936	8578.72559	0.03320	11948	1	0.49004	0.11417	1	0.51079	0.16853	1	0.50041	0.14135	1	0.49651	0.52200	10.75478	1.08383	1	0.75735	0.54885	11.58789	1.07515	1	-0.00051	-0.00700	0.67675	0.00211	1	0.06749	-0.01248	0.68495	0.00404	1	1.45898	0.81042	0	
1272044	8578.76562	3306587253375	0.46083	0.15800	8578.72559	0.04004	11948	1	0.49115	0.12273	1	0.51020	0.17690	1	0.50067	0.14982	1	0.49668	0.52204	10.73550	1.07515	1	0.75725	0.54895	11.46742	1.06647	1	-0.00051	-0.00700	0.67675	0.00222	1	0.06749	-0.01248	0.68495	0.00393	1	1.45898	0.81042	0	
1272045	8578.77246	3306587322610	0.46487	0.15738	8578.72559	0.04688	11948	1	0.50330	0.14420	1	0.48300	0.16186	1	0.49315	0.15303	1	0.49670	0.52224	10.43462	1.06647	1	0.75732	0.54876	11.37725	1.06647	1	-0.00051	-0.00700	0.67675	0.00216	1	0.06749	-0.01248	0.68495	0.00392	1	1.45898	0.81042	0	
1272046	8578.77930	3306587387526	0.46845	0.15666	8578.72559	0.05371	11948	1	0.50794	0.13267	1	0.48615	0.16917	1	0.49704	0.15092	1	0.49678	0.52208	10.67298	1.06647	1	0.75732	0.54919	11.85654	1.06647	1	-0.00051	-0.00700	0.67675	0.00217	1	0.06749	-0.01248	0.68495	0.00389	1	1.45898	0.81042	0	
1272047	8578.78613	3306587454300	0.47129	0.15646	8578.72559	0.06055	11948	1	0.50794	0.13267	1	0.48579	0.17659	1	0.49686	0.15463	1	0.49678	0.52207	10.50907	1.06647	1	0.75762	0.54962	11.38966	1.05881	1	-0.00041	-0.00716	0.68720	0.00219	1	0.06578	-0.01216	0.66715	0.00379	1	1.45898	0.81042	0	
1272048	8578.79297	3306587521605	0.47289	0.15651	8578.72559	0.06738	11948	1	0.50536	0.10465	1	0.47252	0.20940	1	0.48894	0.15702	1	0.49672	0.52216	10.15449	1.05881	1	0.75756	0.54932	11.35738	1.05115	1	-0.00041	-0.00716	0.68720	0.00217	1	0.06578	-0.01216	0.66715	0.00379	1	1.45898	0.81042	0	
1272049	8578.79980	3306587588529	0.47416	0.16003	8578.72559	0.07422	11948	1	0.51227	0.15704	1	0.46402	0.24042	1	0.48815	0.19873	1	0.49683	0.52220	10.14731	1.05115	1	0.75748	0.54970	11.39811	1.04349	1	-0.00041	-0.00716	0.68720	0.00223	1	0.06578	-0.01216	0.66715	0.00363	1	1.45898	0.81042	0	
1272050	8578.80566	3306587655284	0.47528	0.16298	8578.72559	0.08008	11948	1	0.51315	0.16450	1	0.46426	0.23244	1	0.48870	0.19847	1	0.49685	0.52218	10.14581	1.04349	1	0.75768	0.54980	11.03221	1.05217	1	-0.00040	-0.00698	0.67453	0.00221	1	0.06986	-0.01291	0.70852	0.00367	1	1.45898	0.81042	0	
1272051	8578.81250	3306587722580	0.47617	0.16875	8578.72559	0.08691	11948	1	0.49281	0.15860	1	0.48276	0.32883	1	0.48779	0.24372	1	0.49683	0.52213	10.71964	1.05217	1	0.75769	0.55058	11.16040	1.06851	1	-0.00040	-0.00698	0.67453	0.00218	1	0.06986	-0.01291	0.70852	0.00371	1	1.45898	0.81042	0	
1272052	8578.81934	3306587786513	0.47664	0.17254	8578.72559	0.09375	11948	1	0.49178	0.15829	1	0.47456	0.29300	1	0.48317	0.22564	1	0.49685	0.52226	10.28619	1.06851	1	0.75765	0.55050	11.20561	1.08485	1	-0.00040	-0.00698	0.67453	0.00225	1	0.06986	-0.01291	0.70852	0.00379	1	1.45898	0.81042	0	
1272053	8578.82617	3306587854141	0.47698	0.17537	8578.72559	0.10059	11948	1	0.48968	0.14262	1	0.47456	0.29300	1	0.48212	0.21781	1	0.49699	0.52219	10.48150	1.08485	1	0.75750	0.55037	11.19687	1.08485	1	-0.00040	-0.00698	0.67453	0.00212	1	0.06077	-0.01122	0.61543	0.00376	1	1.45898	0.81042	0	
1272054	8578.83203	3306587919723	0.47707	0.17764	8578.72559	0.10645	11948	1	0.48095	0.12882	1	0.47579	0.29918	1	0.47837	0.21400	1	0.49715	0.52210	10.20846	1.08485	1	0.75759	0.55013	11.22595	1.06851	1	-0.00040	-0.00698	0.67453	0.00220	1	0.06077	-0.01122	0.61543	0.00363	1	1.45898	0.81042	0	
1272055	8578.83887	3306587988416	0.47691	0.18048	8578.72559	0.11328	11948	1	0.47669	0.11302	1	0.47196	0.34437	1	0.47432	0.22869	1	0.49703	0.52213	10.47559	1.06851	1	0.75755	0.55059	11.16906	1.05217	1	-0.00040	-0.00698	0.67453	0.00216	1	0.06077	-0.01122	0.61543	0.00350	1	1.45898	0.81042	0	
1272056	8578.84570	3306588054450	0.47683	0.18364	8578.72559	0.12012	11948	1	0.47898	0.12939	1	0.47166	0.35144	1	0.47532	0.24042	1	0.49710	0.52213	10.49962	1.05217	1	0.75777	0.55022	11.21452	1.04349	1	-0.00040	-0.00698	0.67453	0.00212	1	0.06784	-0.01251	0.68641	0.00366	1	1.45898	0.81042	0	
1272057	8578.85254	3306588121441	0.47722	0.18473	8578.72559	0.12695	11948	1	0.48777	0.13886	1	0.48164	0.27234	1	0.48471	0.20560	1	0.49711	0.52215	10.44504	1.04349	1	0.75769	0.54997	10.95436	1.05115	1	-0.00040	-0.00698	0.67453	0.00212	1	0.06784	-0.01251	0.68641	0.00392	1	1.45898	0.81042	0	
1272058	8578.85938	3306588190081	0.47676	0.18592	8578.72559	0.13379	11948	1	0.48865	0.12382	1	0.44632	0.29563	1	0.46748	0.20972	1	0.49719	0.52210	10.61651	1.05115	1	0.75751	0.55019	11.33147	1.05881	1	-0.00040	-0.00698	0.67453	0.00207	1	0.06784	-0.01251	0.68641	0.00386	1	1.45898	0.81042	0	
1272059	8578.86523	3306588252121	0.48046	0.21116	8578.72559	0.13379	11948	0	0.48643	0.10694	1	0.44650	0.28135	1	0.46646	0.19415	1	0.49738	0.52193	10.57392	1.06790	1	0.75744	0.55064	11.30867	1.07556	1	-0.00037	-0.00737	0.71176	0.00218	1	0.06784	-0.01251	0.68641	0.00365	1	1.45898	0.81042	0	
1272060	8578.87305	3306588324065	0.46809	0.21914	8578.72559	0.13379	11948	0	0.48735	0.08953	1	0.42410	0.36469	1	0.45572	0.22711	1	0.49716	0.52214	10.34767	1.08464	1	0.75721	0.55108	10.95435	1.08464	1	-0.00037	-0.00737	0.71176	0.00217	1	0.06784	-0.01251	0.68641	0.00412	1	1.45898	0.81042	0	
1272061	8578.87988	3306588392359	0.46863	0.21369	8578.72559	0.13379	11948	0	0.49166	0.10617	1	0.44773	0.29940	1	0.46970	0.20279	1	0.49734	0.52201	10.25298	1.09373	1	0.75761	0.55048	11.12543	1.09373	1	-0.00037	-0.00737	0.71176	0.00211	1	0.06784	-0.01251	0.68641	0.00382	1	1.45898	0.81042	0	
1272062	8578.88672	3306588457908	0.46888	0.21175	8578.86523	0.02148	11949	1	0.49166	0.10617	1	0.44764	0.30570	1	0.46965	0.20594	1	0.49752	0.52204	10.48284	1.09373	1	0.75852	0.55077	11.15179	1.08607	1	-0.00030	-0.00699	0.67494	0.00218	1	0.06523	-0.01207	0.65955	0.00394	1	1.45898	0.81042	0	
1272063	8578.89355	3306588526632	0.47179	0.21555	8578.86523	0.02832	11949	1	0.49619	0.12146	1	0.47065	0.34005	1	0.48342	0.23076	1	0.49743	0.52207	10.42534	1.07698	1	0.75798	0.55075	11.45479	1.06932	1	-0.00030	-0.00699	0.67494	0.00220	1	0.06523	-0.01207	0.65955	0.00387	1	1.45898	0.81042	0	
1272064	8578.89941	3306588593403	0.47389	0.22238	8578.86523	0.03418	11949	1	0.49835	0.13629	1	0.47043	0.37671	1	0.48439	0.25650	1	0.49739	0.52204	10.28687	1.06024	1	0.75800	0.55094	10.44112	1.05258	1	-0.00030	-0.00699	0.67494	0.00222	1	0.06523	-0.01207	0.65955	0.00386	1	1.45898	0.81042	0	
1272065	8578.90625	3306588660162	0.47544	0.22822	8578.86523	0.04102	11949	1	0.49930	0.14384	1	0.47017	0.38271	1	0.48474	0.26328	1	0.49766	0.52196	10.49357	1.05258	1	0.75841	0.55085	10.86583	1.04492	1	-0.00027	-0.00732	0.70684	0.00215	1	0.06553	-0.01208	0.66258	0.00383	1	1.45898	0.81042	0	
1272066	8578.91309	3306588727282	0.47636	0.23239	8578.86523	0.04785	11949	1	0.49241	0.14110	1	0.47319	0.38202	1	0.48280	0.26156	1	0.49768	0.52196	10.67626	1.05400	1	0.75845	0.55095	11.23489	1.05400	1	-0.00027	-0.00732	0.70684	0.00210	1	0.06553	-0.01208	0.66258	0.00383	1	1.45898	0.81042	0	
1272067	8578.91992	3306588791252	0.47666	0.23329	8578.86523	0.05469	11949	1	0.48716	0.14178	1	0.47101	0.33921	1	0.47909	0.24049	1	0.49762	0.52200	10.64565	1.06309	1	0.75840	0.55074	11.18906	1.06309	1	-0.00027	-0.00732	0.70684	0.00214	1	0.06553	-0.01208	0.66258	0.00384	1	1.45898	0.81042	0	
1272068	8578.92676	3306588861385	0.47692	0.23370	8578.86523	0.06152	11949	1	0.48716	0.14178	1	0.47127	0.33300	1	0.47921	0.23739	1	0.49771	0.52194	10.67150	1.06309	1	0.75844	0.55069	11.20137	1.07075	1	-0.00020	-0.00707	0.68285	0.00213	1	0.06780	-0.01254	0.68503	0.00375	1	1.45898	0.81042	0	
1272069	8578.93359	3306588926854	0.47787	0.23360	8578.86523	0.06836	11949	1	0.49763	0.13554	1	0.47724	0.32967	1	0.48743	0.23261	1	0.49773	0.52208	10.71189	1.06166	1	0.75846	0.55056	11.12660	1.06932	1	-0.00020	-0.00707	0.68285	0.00213	1	0.06780	-0.01254	0.68503	0.00383	1	1.45898	0.81042	0	
1272070	8578.94043	3306588995413	0.47888	0.23285	8578.86523	0.07520	11949	1	0.50086	0.13019	1	0.47897	0.31917	1	0.48992	0.22468	1	0.49779	0.52190	10.59115	1.06024	1	0.75845	0.55045	11.09679	1.06790	1	-0.00020	-0.00707	0.68285	0.00208	1	0.06780	-0.01254	0.68503	0.00387	1	1.45898	0.81042	0	
1272071	8578.94629	3306589059684	0.47972	0.23257	8578.86523	0.08105	11949	1	0.50104	0.13161	1	0.47860	0.32668	1	0.48982	0.22914	1	0.49782	0.52179	10.52465	1.05881	1	0.75837	0.55043	11.08152	1.05881	1	-0.00020	-0.00707	0.68285	0.00214	1	0.06484	-0.01198	0.65465	0.00379	1	1.45898	0.81042	0	
1272072	8578.95312	3306589126304	0.47987	0.23305	8578.86523	0.08789	11949	1	0.50169	0.13801	1	0.46203	0.34056	1	0.48186	0.23929	1	0.49775	0.52203	10.39652	1.05881	1	0.75820	0.55059	11.09069	1.05115	1	-0.00020	-0.00707	0.68285	0.00220	1	0.06484	-0.01198	0.65465	0.00393	1	1.45898	0.81042	0	
1272073	8578.95996	3306589194717	0.48032	0.23422	8578.86523	0.09473	11949	1	0.49968	0.14681	1	0.47336	0.35442	1	0.48652	0.25061	1	0.49779	0.52199	10.46688	1.05115	1	0.75838	0.55077	11.25466	1.04349	1	-0.00020	-0.00707	0.68285	0.00221	1	0.06484	-0.01198	0.65465	0.00374	1	1.45898	0.81042	0	
1272074	8578.96680	3306589259491	0.48072	0.23567	8578.86523	0.10156	11949	1	0.50063	0.15435	1	0.47309	0.36063	1	0.48686	0.25749	1	0.49789	0.52206	10.61658	1.04349	1	0.75847	0.55058	11.28682	1.03583	1	-0.00020	-0.00707	0.68285	0.00214	1	0.06484	-0.01198	0.65465	0.00361	1	1.45898	0.81042	0	
1272075	8578.97266	3306589325982	0.48137	0.23581	8578.86523	0.10742	11949	1	0.51420	0.16562	1	0.46908	0.31020	1	0.49164	0.23791	1	0.49790	0.52205	10.44353	1.03583	1	0.75835	0.55062	11.18569	1.03583	1	-0.00020	-0.00707	0.68285	0.00217	1	0.06484	-0.01198	0.65465	0.00385	1	1.45898	0.81042	0	
1272076	8578.98047	3306589397065	0.48113	0.23585	8578.86523	0.11523	11949	1	0.48423	0.16557	1	0.47004	0.30767	1	0.47714	0.23662	1	0.49791	0.52213	10.69388	1.03583	1	0.75840	0.55072	11.20452	1.03583	1	-0.00020	-0.00707	0.68285	0.00225	1	0.06484	-0.01198	0.65465	0.00382	1	1.45898	0.81042	0	
1272077	8578.98730	3306589464079	0.48092	0.23589	8578.86523	0.12207	11949	1	0.48423	0.16557	1	0.47004	0.30767	1	0.47714	0.23662	1	0.49802	0.52203	10.79036	1.03583	1	0.75835	0.55062	11.18569	1.03583	1	-0.00020	-0.00707	0.68285	0.00217	1	0.06484	-0.01198	0.65465	0.00385	1	1.45898	0.81042	0	
1272078	8578.99316	3306589530833	0.48062	0.23655	8578.86523	0.12793	11949	1	0.48895	0.16536	1	0.46082	0.33275	1	0.47488	0.24906	1	0.49792	0.52192	10.93810	1.03583	1	0.75820	0.55084	11.29861	1.03583	1	-0.00020	-0.00707	0.68285	0.00222	1	0.06484	-0.01198	0.65465	0.00375	1	1.45898	0.81042	0	
1272079	8579.00000	3306589599025	0.48072	0.23757	8578.86523	0.13477	11949	1	0.49889	0.17814	1	0.46657	0.33763	1	0.48273	0.25789	1	0.49805	0.52210	10.55729	1.03583	1	0.75826	0.55112	11.23570	1.03583	1	-0.00020	-0.00707	0.68285	0.00218	1	0.06484	-0.01198	0.65465	0.00376	1	1.45898	0.81042	0	
1272080	8579.00684	3306589665391	0.48081	0.23849	8578.86523	0.14160	11949	1	0.49889	0.17814	1	0.46657	0.33763	1	0.48273	0.25789	1	0.49796	0.52215	10.35015	1.03583	1	0.75833	0.55093	11.38460	1.03583	1	-0.00020	-0.00707	0.68285	0.00218	1	0.06484	-0.01203	0.65465	0.00381	1	1.45898	0.81042	0	
1272081	8579.01367	3306589732031	0.48077	0.23952	8578.86523	0.14844	11949	1	0.49077	0.17303	1	0.46907	0.35150	1	0.47992	0.26226	1	0.49793	0.52218	10.58777	1.03583	1	0.75837	0.55111	11.45065	1.03583	1	-0.00020	-0.00707	0.68285	0.00214	1	0.06484	-0.01203	0.65465	0.00373	1	1.45898	0.81042	0	
1272082	8579.02051	3306589798533	0.48101	0.24000	8578.86523	0.15527	11949	1	0.50178	0.17218	1	0.47102	0.32961	1	0.48640	0.25090	1	0.49802	0.52214	10.55960	1.03583	1	0.75838	0.55081	11.31728	1.03583	1	-0.00020	-0.00707	0.68285	0.00215	1	0.06484	-0.01203	0.65465	0.00380	1	1.45898	0.81042	0	
1272083	8579.02734	3306589864842	0.48123	0.24030	8578.86523	0.16211	11949	1	0.50178	0.17218	1	0.47128	0.32317	1	0.48653	0.24767	1	0.49801	0.52224	10.54019	1.03583	1	0.75837	0.55115	11.21749	1.04349	1	-0.00020	-0.00707	0.68285	0.00219	1	0.06646	-0.01232	0.67043	0.00373	1	1.45898	0.81042	0	
1272084	8579.03418	3306589933561	0.48111	0.24013	8578.86523	0.16895	11949	1	0.48843	0.15747	1	0.46783	0.31386	1	0.47813	0.23566	1	0.49805	0.52215	10.70495	1.04349	1	0.75829	0.55091	11.24355	1.05115	1	-0.00020	-0.00707	0.68285	0.00217	1	0.06646	-0.01232	0.67043	0.00391	1	1.45898	0.81042	0	
1272085	8579.04102	3306590000835	0.48113	0.24042	8578.86523	0.17578	11949	1	0.49575	0.16284	1	0.46783	0.33324	1	0.48179	0.24804	1	0.49804	0.52219	10.61104	1.05115	1	0.75829	0.55114	11.40825	1.05881	1	-0.00020	-0.00707	0.68285	0.00219	1	0.06646	-0.01232	0.67043	0.00372	1	1.45898	0.81042	0	
1272086	8579.04688	3306590066567	0.48114	0.24056	8578.86523	0.18164	11949	1	0.49477	0.15541	1	0.46783	0.33324	1	0.48130	0.24433	1	0.49798	0.52198	10.34878	1.05881	1	0.75825	0.55095	11.90770	1.05881	1	-0.00020	-0.00707	0.68285	0.00218	1	0.06484	-0.01198	0.65465	0.00375	1	1.45898	0.81042	0	
1272087	8579.05371	3306590134035	0.48081	0.24024	8578.86523	0.18848	11949	1	0.49254	0.13139	1	0.45056	0.33116	1	0.47155	0.23127	1	0.49794	0.52189	10.42236	1.05881	1	0.75807	0.55114	11.99612	1.05115	1	-0.00020	-0.00707	0.68285	0.00218	1	0.06484	-0.01198	0.65465	0.00371	1	1.45898	0.81042	0	
1272088	8579.06055	3306590200988	0.48048	0.24076	8578.86523	0.19531	11949	1	0.50122	0.13804	1	0.44041	0.37389	1	0.47082	0.25597	1	0.49786	0.52193	10.45134	1.05115	1	0.75789	0.55126	11.76912	1.04349	1	-0.00020	-0.00707	0.68285	0.00217	1	0.06484	-0.01198	0.65465	0.00372	1	1.45898	0.81042	0	
1272089	8579.06738	3306590267854	0.48018	0.24147	8578.86523	0.20215	11949	1	0.50217	0.14564	1	0.44037	0.37995	1	0.47127	0.26280	1	0.49775	0.52185	10.63619	1.04349	1	0.75825	0.55040	10.99980	1.03583	1	-0.00020	-0.00707	0.68285	0.00218	1	0.06484	-0.01198	0.65465	0.00389	1	1.45898	0.81042	0	
1272090	8579.07422	3306590335002	0.48030	0.24091	8578.86523	0.20898	11949	1	0.50011	0.13910	1	0.46783	0.30756	1	0.48397	0.22333	1	0.49777	0.52181	10.35547	1.03583	1	0.75833	0.55052	11.02390	1.03583	1	-0.00020	-0.00707	0.68285	0.00220	1	0.06484	-0.01198	0.65465	0.00385	1	1.45898	0.81042	0	
1272091	8579.08105	3306590400904	0.48045	0.24020	8578.86523	0.21582	11949	1	0.50739	0.14116	1	0.46356	0.29372	1	0.48548	0.21744	1	0.49786	0.52171	10.45443	1.03583	1	0.75831	0.55053	11.04565	1.03583	1	-0.00020	-0.00707	0.68285	0.00207	1	0.06484	-0.01198	0.65465	0.00391	1	1.45898	0.81042	0	
1272092	8579.08691	3306590468971	0.48061	0.23943	8578.86523	0.22168	11949	1	0.50739	0.14116	1	0.46377	0.28701	1	0.48558	0.21409	1	0.49789	0.52175	10.45508	1.03583	1	0.75831	0.55053	11.04565	1.04349	1	-0.00020	-0.00707	0.68285	0.00210	1	0.06737	-0.01244	0.67968	0.00391	1	1.45898	0.81042	0	
1272093	8579.09375	3306590535341	0.48089	0.23896	8578.86523	0.22852	11949	1	0.50458	0.14770	1	0.47653	0.29841	1	0.49056	0.22306	1	0.49786	0.52190	10.57978	1.04349	1	0.75842	0.55070	11.37377	1.05115	1	-0.00020	-0.00707	0.68285	0.00216	1	0.06737	-0.01244	0.67968	0.00384	1	1.45898	0.81042	0	
1272094	8579.10059	3306590603467	0.48106	0.23853	8578.86523	0.23535	11949	1	0.49643	0.13394	1	0.47729	0.31324	1	0.48686	0.22359	1	0.49777	0.52188	10.56505	1.05115	1	0.75847	0.55086	11.23300	1.05881	1	-0.00020	-0.00707	0.68285	0.00218	1	0.06737	-0.01244	0.67968	0.00381	1	1.45898	0.81042	0	
1272095	8579.10742	3306590669847	0.48120	0.23794	8578.86523	0.24219	11949	1	0.49545	0.12630	1	0.47759	0.30682	1	0.48652	0.21656	1	0.49777	0.52188	10.56505	1.05881	1	0.75848	0.55101	11.22326	1.06647	1	-0.00020	-0.00707	0.68285	0.00218	1	0.06646	-0.01232	0.67043	0.00376	1	1.45898	0.81042	0	
1272096	8579.11426	3306590736884	0.48119	0.23775	8578.86523	0.24902	11949	1	0.49733	0.12267	1	0.46397	0.33876	1	0.48065	0.23071	1	0.49775	0.52188	10.58231	1.06647	1	0.75824	0.55110	11.57701	1.06647	1	-0.00020	-0.00707	0.68285	0.00217	1	0.06646	-0.01232	0.67043	0.00374	1	1.45898	0.81042	0	
1272097	8579.12109	3306590803029	0.48136	0.23742	8578.86523	0.25586	11949	1	0.50283	0.11562	1	0.47317	0.33453	1	0.48800	0.22508	1	0.49784	0.52191	10.56984	1.06647	1	0.75835	0.55120	11.29587	1.06647	1	-0.00020	-0.00707	0.68285	0.00223	1	0.06646	-0.01232	0.67043	0.00368	1	1.45898	0.81042	0	
1272098	8579.12793	3306590870926	0.48153	0.23719	8578.86523	0.26270	11949	1	0.50283	0.11562	1	0.47290	0.34076	1	0.48787	0.22819	1	0.49781	0.52197	10.55550	1.06647	1	0.75844	0.55115	11.47271	1.05881	1	-0.00020	-0.00707	0.68285	0.00223	1	0.06484	-0.01203	0.65465	0.00364	1	1.45898	0.81042	0	
1272099	8579.13379	3306590936344	0.48162	0.23732	8578.86523	0.26855	11949	1	0.50113	0.13868	1	0.46991	0.34576	1	0.48552	0.24222	1	0.49778	0.52209	10.94710	1.05881	1	0.75828	0.55111	11.68570	1.05115	1	-0.00020	-0.00707	0.68285	0.00219	1	0.06484	-0.01203	0.65465	0.00376	1	1.45898	0.81042	0	
1272100	8579.14062	3306591004999	0.48157	0.23720	8578.86523	0.27539	11949	1	0.49592	0.15988	1	0.46292	0.30536	1	0.47942	0.23262	1	0.49774	0.52208	10.28287	1.05115	1	0.75820	0.55118	11.65505	1.04349	1	-0.00020	-0.00707	0.68285	0.00214	1	0.06484	-0.01203	0.65465	0.00367	1	1.45898	0.81042	0	
1272101	8579.14746	3306591072057	0.48153	0.23726	8578.86523	0.28223	11949	1	0.49689	0.16733	1	0.46271	0.31193	1	0.47980	0.23963	1	0.49777	0.52209	10.71290	1.04349	1	0.75820	0.55118	11.65505	1.03583	1	-0.00020	-0.00707	0.68285	0.00216	1	0.06661	-0.01246	0.67246	0.00367	1	1.45898	0.81042	0	
1272102	8579.15430	3306591138623	0.48153	0.23793	8578.86523	0.28906	11949	1	0.49434	0.15389	1	0.46908	0.37942	1	0.48171	0.26665	1	0.49777	0.52194	10.50078	1.03583	1	0.75836	0.55131	11.79867	1.03583	1	-0.00020	-0.00707	0.68285	0.00219	1	0.06661	-0.01246	0.67246	0.00364	1	1.45898	0.81042	0	
1272103	8579.16113	3306591203570	0.48161	0.23869	8578.86523	0.29590	11949	1	0.49276	0.17155	1	0.47684	0.37322	1	0.48480	0.27238	1	0.49760	0.52204	10.47612	1.03583	1	0.75850	0.55124	11.34011	1.03583	1	-0.00020	-0.00707	0.68285	0.00219	1	0.06661	-0.01246	0.67246	0.00367	1	1.45898	0.81042	0	
1272104	8579.16797	3306591272900	0.48168	0.23936	8578.86523	0.30273	11949	1	0.49276	0.17155	1	0.47714	0.36709	1	0.48495	0.26932	1	0.49758	0.52205	10.52024	1.03583	1	0.75855	0.55106	11.09628	1.04349	1	-0.00020	-0.00707	0.68285	0.00218	1	0.06780	-0.01264	0.68503	0.00371	1	1.45898	0.81042	0	
1272105	8579.17480	3306591339558	0.48209	0.23898	8578.86523	0.30957	11949	1	0.51495	0.11091	1	0.48705	0.33206	1	0.50100	0.22148	1	0.49760	0.52207	10.52651	1.04349	1	0.75857	0.55100	10.94576	1.05115	1	-0.00020	-0.00707	0.68285	0.00218	1	0.06780	-0.01264	0.68503	0.00374	1	1.45898	0.81042	0	
1272106	8579.18066	3306591406081	0.48244	0.23902	8578.86523	0.31543	11949	1	0.51571	0.13271	1	0.48203	0.34870	1	0.49887	0.24071	1	0.49767	0.52222	10.71797	1.05115	1	0.75856	0.55119	11.21677	1.05881	1	-0.00020	-0.00707	0.68285	0.00214	1	0.06780	-0.01264	0.68503	0.00372	1	1.45898	0.81042	0	
1272107	8579.18750	3306591473553	0.48281	0.23955	8578.86523	0.32227	11949	1	0.51485	0.12507	1	0.48203	0.34870	1	0.49844	0.23689	1	0.49761	0.52221	11.02236	1.05881	1	0.75861	0.55137	11.63007	1.05881	1	-0.00020	-0.00708	0.67951	0.00216	1	0.06523	-0.01217	0.65955	0.00370	1	1.45898	0.81042	0	
1272108	8579.19434	3306591540537	0.48341	0.23876	8578.86523	0.32910	11949	1	0.50864	0.10495	1	0.45960	0.27312	1	0.48412	0.18903	1	0.49753	0.52208	10.52947	1.05881	1	0.75812	0.55082	11.88456	1.05115	1	-0.00020	-0.00708	0.67951	0.00217	1	0.06523	-0.01217	0.65955	0.00371	1	1.45898	0.81042	0	
1272109	8579.20117	3306591607472	0.48395	0.23897	8578.86523	0.33594	11949	1	0.50678	0.11713	1	0.48462	0.30847	1	0.49570	0.21280	1	0.49751	0.52209	10.63612	1.05115	1	0.75862	0.55074	11.18585	1.04349	1	-0.00020	-0.00708	0.67951	0.00220	1	0.06523	-0.01217	0.65955	0.00375	1	1.45898	0.81042	0	
1272110	8579.20801	3306591671979	0.48450	0.23919	8578.86523	0.34277	11949	1	0.50769	0.12489	1	0.48462	0.30847	1	0.49615	0.21668	1	0.49760	0.52221	10.97629	1.04349	1	0.75799	0.55085	12.20502	1.04349	1	-0.00030	-0.00705	0.67140	0.00218	1	0.06678	-0.01247	0.67569	0.00362	1	1.45898	0.81042	0	
1272111	8579.21387	3306591737479	0.48462	0.23853	8578.86523	0.34863	11949	1	0.51423	0.10528	1	0.46379	0.29301	1	0.48901	0.19914	1	0.49760	0.52221	10.97629	1.04349	1	0.75788	0.55123	12.20195	1.05115	1	-0.00030	-0.00705	0.67140	0.00218	1	0.06678	-0.01247	0.67569	0.00374	1	1.45898	0.81042	0	
1272112	8579.22070	3306591803527	0.48459	0.23750	8578.86523	0.35547	11949	1	0.50143	0.11061	1	0.46490	0.30377	1	0.48317	0.20719	1	0.49749	0.52216	10.96304	1.05115	1	0.75790	0.55129	12.19034	1.05881	1	-0.00030	-0.00705	0.67140	0.00226	1	0.06678	-0.01247	0.67569	0.00367	1	1.45898	0.81042	0	
1272113	8579.22754	3306591872955	0.48455	0.23619	8578.86523	0.36230	11949	1	0.50049	0.10281	1	0.46512	0.29728	1	0.48280	0.20004	1	0.49741	0.52231	10.55665	1.05881	1	0.75794	0.55134	12.25072	1.06647	1	-0.00030	-0.00707	0.66854	0.00229	1	0.06678	-0.01247	0.67569	0.00370	1	1.45898	0.81042	0	
1272114	8579.23438	3306591940729	0.48470	0.23495	8578.86523	0.36914	11949	1	0.51075	0.10363	1	0.46937	0.30082	1	0.49006	0.20222	1	0.49748	0.52220	10.81989	1.06647	1	0.75794	0.55134	12.25072	1.06647	1	-0.00030	-0.00707	0.66854	0.00227	1	0.06678	-0.01247	0.67569	0.00370	1	1.45898	0.81042	0	
1272115	8579.24121	3306592005605	0.48474	0.23431	8578.86523	0.37598	11949	1	0.50133	0.10869	1	0.46036	0.31124	1	0.48085	0.20997	1	0.49746	0.52217	10.87647	1.06647	1	0.75779	0.55136	12.52222	1.06647	1	-0.00030	-0.00707	0.66854	0.00228	1	0.06678	-0.01247	0.67569	0.00369	1	1.45898	0.81042	0	
1272116	8579.24805	3306592073084	0.48477	0.23374	8578.86523	0.38281	11949	1	0.50133	0.10869	1	0.46036	0.31124	1	0.48085	0.20997	1	0.49740	0.52223	10.40035	1.06647	1	0.75778	0.55121	12.20974	1.06647	1	-0.00030	-0.00697	0.66855	0.00222	1	0.06727	-0.01251	0.68069	0.00376	1	1.45898	0.81042	0	
1272117	8579.25488	3306592141162	0.48488	0.23300	8578.86523	0.38965	11949	1	0.49921	0.11583	1	0.48650	0.27828	1	0.49286	0.19705	1	0.49736	0.52226	10.49761	1.06647	1	0.75786	0.55094	12.04328	1.06647	1	-0.00030	-0.00697	0.66855	0.00213	1	0.06727	-0.01251	0.68069	0.00379	1	1.45898	0.81042	0	
1272118	8579.26074	3306592207217	0.48490	0.23319	8578.86523	0.39551	11949	1	0.50018	0.12020	1	0.48103	0.34709	1	0.49061	0.23364	1	0.49747	0.52246	10.87858	1.06647	1	0.75780	0.55124	12.09500	1.06647	1	-0.00030	-0.00697	0.66855	0.00226	1	0.06727	-0.01251	0.68069	0.00375	1	1.45898	0.81042	0	
1272119	8579.26758	3306592274317	0.48492	0.23328	8578.86523	0.40234	11949	1	0.50018	0.12020	1	0.48103	0.34709	1	0.49061	0.23364	1	0.49756	0.52223	10.85664	1.06647	1	0.75787	0.55109	12.28869	1.06647	1	-0.00030	-0.00697	0.66855	0.00221	1	0.06678	-0.01247	0.67569	0.00381	1	1.45898	0.81042	0	
1272120	8579.27441	3306592341149	0.48510	0.23304	8578.86523	0.40918	11949	1	0.51050	0.11530	1	0.47131	0.34009	1	0.49090	0.22770	1	0.49747	0.52218	10.87930	1.06647	1	0.75800	0.55118	12.11195	1.06647	1	-0.00030	-0.00697	0.66855	0.00227	1	0.06678	-0.01247	0.67569	0.00371	1	1.45898	0.81042	0	
1272121	8579.28125	3306592410026	0.48547	0.23265	8578.86523	0.41602	11949	1	0.50907	0.10596	1	0.49875	0.35780	1	0.50391	0.23188	1	0.49757	0.52224	10.84081	1.06647	1	0.75841	0.55124	11.38014	1.06647	1	-0.00030	-0.00697	0.66855	0.00221	1	0.06678	-0.01247	0.67569	0.00381	1	1.45898	0.81042	0	
1272122	8579.28809	3306592478671	0.48582	0.23212	8578.86523	0.42285	11949	1	0.50907	0.10596	1	0.49875	0.35780	1	0.50391	0.23188	1	0.49760	0.52228	10.78799	1.06647	1	0.75742	0.55133	11.48391	1.06647	1	-0.00030	-0.00699	0.67494	0.00219	1	0.06784	-0.01261	0.68641	0.00407	1	1.45898	0.81042	0	
1272123	8579.29492	3306592545375	0.48579	0.23123	8578.86523	0.42969	11949	1	0.51061	0.10788	1	0.46971	0.28270	1	0.49016	0.19529	1	0.49759	0.52220	11.02392	1.06647	1	0.75789	0.55060	11.89956	1.06647	1	-0.00030	-0.00699	0.67494	0.00217	1	0.06784	-0.01261	0.68641	0.00385	1	1.45898	0.81042	0	
1272124	8579.30176	3306592610265	0.48587	0.23048	8578.86523	0.43652	11949	1	0.50469	0.09561	1	0.45730	0.30574	1	0.48100	0.20067	1	0.49754	0.52218	11.17218	1.06647	1	0.75779	0.55087	11.95248	1.06647	1	-0.00030	-0.00699	0.67494	0.00216	1	0.06784	-0.01261	0.68641	0.00376	1	1.45898	0.81042	0	
1272125	8579.30859	3306592678119	0.48594	0.22948	8578.86523	0.44336	11949	1	0.50361	0.08635	1	0.45767	0.29084	1	0.48064	0.18860	1	0.49761	0.52215	11.13639	1.07556	1	0.75810	0.55062	11.38744	1.08424	1	-0.00027	-0.00741	0.71101	0.00219	1	0.07108	-0.01315	0.71871	0.00389	1	1.45898	0.81042	0	
1272126	8579.31543	3306592745067	0.48596	0.22818	8578.86523	0.45020	11949	1	0.48613	0.11892	1	0.46470	0.25381	1	0.47542	0.18636	1	0.49759	0.52213	10.85462	1.09332	1	0.75820	0.55048	11.54681	1.10200	1	-0.00027	-0.00741	0.71101	0.00218	1	0.07108	-0.01315	0.71871	0.00401	1	1.45898	0.81042	0	
1272127	8579.32227	3306592813695	0.48578	0.22590	8578.86523	0.45703	11949	1	0.47835	0.10615	1	0.46986	0.19098	1	0.47410	0.14856	1	0.49759	0.52215	10.80201	1.11109	1	0.75833	0.55002	11.24483	1.11977	1	-0.00027	-0.00741	0.71101	0.00218	1	0.07108	-0.01315	0.71871	0.00416	1	1.45898	0.81042	0	
1272128	8579.32812	3306592880608	0.48559	0.22345	8578.86523	0.46289	11949	1	0.47719	0.09773	1	0.47013	0.18315	1	0.47366	0.14044	1	0.49768	0.52198	10.52240	1.11977	1	0.75813	0.55076	12.08941	1.12845	1	-0.00020	-0.00708	0.67951	0.00225	1	0.07108	-0.01315	0.71871	0.00383	1	1.45898	0.81042	0	
1272129	8579.33496	3306592947430	0.48550	0.22140	8578.86523	0.46973	11949	1	0.48793	0.07568	1	0.46329	0.25160	1	0.47561	0.16364	1	0.49771	0.52199	10.83569	1.11936	1	0.75820	0.55065	11.94914	1.11936	1	-0.00020	-0.00708	0.67951	0.00223	1	0.07108	-0.01315	0.71871	0.00382	1	1.45898	0.81042	0	
1272130	8579.34180	3306593014115	0.48514	0.22027	8578.86523	0.47656	11949	1	0.48784	0.08767	1	0.45048	0.30562	1	0.46916	0.19664	1	0.49773	0.52196	10.55788	1.11028	1	0.75799	0.55124	12.14274	1.11028	1	-0.00020	-0.00708	0.67951	0.00222	1	0.07108	-0.01315	0.71871	0.00383	1	1.45898	0.81042	0	
1272131	8579.34863	3306593081162	0.48235	0.19304	8578.86523	0.47656	11949	0	0.48899	0.09663	1	0.45035	0.31293	1	0.46967	0.20478	1	0.49777	0.52195	10.78655	1.10119	1	0.75852	0.55071	11.10771	1.10119	1	-0.00020	-0.00707	0.68285	0.00218	1	0.06921	-0.01279	0.69873	0.00389	1	1.45898	0.81042	0	
1272132	8579.35547	3306593148418	0.47896	0.16929	8578.86523	0.47656	11949	0	0.46315	0.05217	1	0.48800	0.23893	1	0.47558	0.14555	1	0.49775	0.52192	10.70644	1.10119	1	0.75857	0.55059	11.02874	1.10119	1	-0.00020	-0.00707	0.68285	0.00226	1	0.06921	-0.01279	0.69873	0.00400	1	1.45898	0.81042	0	
1272133	8579.36230	3306593215289	0.48154	0.17363	8578.86523	0.47656	11949	0	0.48590	0.09984	1	0.48748	0.26478	1	0.48669	0.18231	1	0.49802	0.52199	10.98068	1.10119	1	0.75859	0.55074	11.09549	1.10119	1	-0.00020	-0.00707	0.68285	0.00226	1	0.06921	-0.01279	0.69873	0.00388	1	1.45898	0.81042	0	
1272134	8579.36914	3306593282207	0.48277	0.17673	8579.34863	0.02051	11950	1	0.48590	0.09984	1	0.48708	0.27217	1	0.48649	0.18600	1	0.49795	0.52206	10.90037	1.10119	1	0.75844	0.55100	11.52367	1.09251	1	-0.00020	-0.00708	0.67951	0.00224	1	0.06646	-0.01232	0.67043	0.00385	1	1.45898	0.81042	0	
1272135	8579.37500	3306593349577	0.48257	0.17822	8579.34863	0.02637	11950	1	0.48356	0.07957	1	0.47997	0.28881	1	0.48176	0.18419	1	0.49790	0.52203	10.54720	1.09251	1	0.75849	0.55105	11.91676	1.08383	1	-0.00020	-0.00708	0.67951	0.00227	1	0.06646	-0.01232	0.67043	0.00381	1	1.45898	0.81042	0	
1272136	8579.38184	3306593416189	0.48141	0.18332	8579.34863	0.03320	11950	1	0.47902	0.12513	1	0.47217	0.29248	1	0.47560	0.20881	1	0.49788	0.52206	11.07041	1.08383	1	0.75835	0.55100	11.63319	1.07515	1	-0.00020	-0.00708	0.67951	0.00226	1	0.06646	-0.01232	0.67043	0.00384	1	1.45898	0.81042	0	
1272137	8579.38867	3306593482964	0.48064	0.18809	8579.34863	0.04004	11950	1	0.48020	0.13361	1	0.47188	0.29981	1	0.47604	0.21671	1	0.49823	0.52185	10.99140	1.07515	1	0.75861	0.55099	12.04696	1.06647	1	-0.00010	-0.00710	0.68120	0.00227	1	0.06646	-0.01232	0.67043	0.00382	1	1.45898	0.81042	0	
1272138	8579.39551	3306593549821	0.48247	0.19418	8579.34863	0.04688	11950	1	0.49955	0.13152	1	0.49104	0.34220	1	0.49529	0.23686	1	0.49826	0.52191	10.78372	1.06647	1	0.75873	0.55121	12.30745	1.06647	1	-0.00010	-0.00710	0.68120	0.00232	1	0.06646	-0.01232	0.67043	0.00379	1	1.45898	0.81042	0	
1272139	8579.40234	3306593616963	0.48185	0.19705	8579.34863	0.05371	11950	1	0.50326	0.12615	1	0.45052	0.31379	1	0.47689	0.21997	1	0.49824	0.52187	10.91710	1.06647	1	0.75837	0.55116	11.57224	1.06647	1	-0.00010	-0.00710	0.68120	0.00228	1	0.06646	-0.01232	0.67043	0.00382	1	1.45898	0.81042	0	
1272140	8579.40918	3306593684080	0.48136	0.19934	8579.34863	0.06055	11950	1	0.50326	0.12615	1	0.45052	0.31379	1	0.47689	0.21997	1	0.49835	0.52182	10.91927	1.06647	1	0.75870	0.55073	12.13910	1.06647	1	-0.00000	-0.00712	0.68790	0.00227	1	0.06646	-0.01242	0.67043	0.00386	1	1.45898	0.81042	0	
1272141	8579.41504	3306593750017	0.48092	0.19785	8579.34863	0.06641	11950	1	0.47943	0.11782	1	0.47376	0.24803	1	0.47659	0.18292	1	0.49834	0.52186	10.99245	1.06647	1	0.75875	0.55024	12.01530	1.06647	1	-0.00000	-0.00712	0.68790	0.00227	1	0.06646	-0.01242	0.67043	0.00412	1	1.45898	0.81042	0	
1272142	8579.42188	3306593817441	0.47954	0.19848	8579.34863	0.07324	11950	1	0.47885	0.12359	1	0.44979	0.28713	1	0.46432	0.20536	1	0.49832	0.52183	11.07195	1.06647	1	0.75877	0.55081	12.26229	1.06647	1	-0.00000	-0.00712	0.68790	0.00226	1	0.06646	-0.01242	0.67043	0.00384	1	1.45898	0.81042	0	
1272143	8579.42871	3306593884713	0.47837	0.19901	8579.34863	0.08008	11950	1	0.47885	0.12359	1	0.44979	0.28713	1	0.46432	0.20536	1	0.49852	0.52161	11.17783	1.06647	1	0.75882	0.55033	11.92435	1.06647	1	-0.00000	-0.00712	0.68790	0.00237	1	0.06752	-0.01245	0.68016	0.00407	1	1.45898	0.81042	0	
1272144	8579.43555	3306593947048	0.47851	0.19855	8579.34863	0.08691	11950	1	0.50428	0.12081	1	0.45651	0.26435	1	0.48039	0.19258	1	0.49863	0.52187	10.50678	1.06647	1	0.75888	0.55057	11.86870	1.06647	1	-0.00000	-0.00712	0.68790	0.00232	1	0.06752	-0.01245	0.68016	0.00408	1	1.45898	0.81042	0	
1272145	8579.44238	3306594018060	0.47953	0.19914	8579.34863	0.09375	11950	1	0.50314	0.11560	1	0.48428	0.29927	1	0.49371	0.20744	1	0.49869	0.52180	11.41261	1.06647	1	0.75935	0.55088	11.37296	1.06647	1	-0.00000	-0.00712	0.68790	0.00232	1	0.06752	-0.01245	0.68016	0.00383	1	1.45898	0.81042	0	
1272146	8579.44922	3306594082864	0.48041	0.19966	8579.34863	0.10059	11950	1	0.50314	0.11560	1	0.48428	0.29927	1	0.49371	0.20744	1	0.49879	0.52173	11.58608	1.06647	1	0.75946	0.55083	11.48329	1.06647	1	-0.00000	-0.00712	0.68790	0.00224	1	0.06672	-0.01238	0.67107	0.00392	1	1.45898	0.81042	0	
1272147	8579.45508	3306594148194	0.48063	0.20018	8579.34863	0.10645	11950	1	0.49060	0.11259	1	0.47744	0.30466	1	0.48402	0.20863	1	0.49880	0.52176	11.52617	1.06647	1	0.75927	0.55103	11.42278	1.06647	1	-0.00000	-0.00712	0.68790	0.00223	1	0.06672	-0.01238	0.67107	0.00385	1	1.45898	0.81042	0	
1272148	8579.46191	3306594216428	0.48085	0.20073	8579.34863	0.11328	11950	1	0.48366	0.10555	1	0.48551	0.31447	1	0.48458	0.21001	1	0.49873	0.52166	11.42586	1.06647	1	0.75938	0.55090	11.19616	1.06647	1	-0.00000	-0.00712	0.68790	0.00224	1	0.06672	-0.01238	0.67107	0.00388	1	1.45898	0.81042	0	
1272149	8579.46973	3306594287545	0.48104	0.20122	8579.34863	0.12109	11950	1	0.48366	0.10555	1	0.48551	0.31447	1	0.48458	0.21001	1	0.49888	0.52170	11.25957	1.06647	1	0.75952	0.55049	12.07643	1.06647	1	0.00010	-0.00705	0.68120	0.00234	1	0.06672	-0.01233	0.67107	0.00400	1	1.45898	0.81042	0	
1272150	8579.47559	3306594353327	0.48134	0.20328	8579.34863	0.12695	11950	1	0.48440	0.13730	1	0.48942	0.34739	1	0.48691	0.24234	1	0.49889	0.52157	11.59207	1.06647	1	0.75950	0.55115	12.54132	1.06647	1	0.00010	-0.00705	0.68120	0.00230	1	0.06672	-0.01233	0.67107	0.00376	1	1.45898	0.81042	0	
1272151	8579.48242	3306594419144	0.48182	0.20326	8579.34863	0.13379	11950	1	0.50379	0.12646	1	0.47904	0.27927	1	0.49142	0.20287	1	0.49901	0.52153	11.63662	1.06647	1	0.75966	0.55037	11.75096	1.06647	1	0.00010	-0.00705	0.68120	0.00227	1	0.06672	-0.01233	0.67107	0.00407	1	1.45898	0.81042	0	
1272152	8579.48926	3306594487891	0.48226	0.20307	8579.34863	0.14062	11950	1	0.50379	0.12646	1	0.47939	0.27176	1	0.49159	0.19911	1	0.49922	0.52163	11.12290	1.06647	1	0.75961	0.55071	12.05604	1.07515	1	0.00020	-0.00707	0.68285	0.00223	1	0.06988	-0.01285	0.70230	0.00391	1	1.45898	0.81042	0	
1272153	8579.49609	3306594554028	0.48192	0.20416	8579.34863	0.14746	11950	1	0.50605	0.15007	1	0.44294	0.30620	1	0.47450	0.22813	1	0.49936	0.52164	11.02950	1.07515	1	0.75951	0.55089	12.47167	1.08383	1	0.00020	-0.00707	0.68285	0.00238	1	0.06988	-0.01285	0.70230	0.00396	1	1.45898	0.81042	0	
1272154	8579.50293	3306594621777	0.48106	0.20356	8579.34863	0.15430	11950	1	0.47179	0.11602	1	0.45066	0.26383	1	0.46122	0.18993	1	0.49929	0.52157	11.10396	1.08383	1	0.75955	0.55080	12.26163	1.09251	1	0.00020	-0.00707	0.68285	0.00228	1	0.06988	-0.01285	0.70230	0.00389	1	1.45898	0.81042	0	
1272155	8579.50977	3306594689296	0.48024	0.20298	8579.34863	0.16113	11950	1	0.47056	0.10746	1	0.45055	0.27039	1	0.46055	0.18893	1	0.49957	0.52170	11.40544	1.09251	1	0.75981	0.55091	12.02684	1.08485	1	0.00020	-0.00707	0.68285	0.00224	1	0.06453	-0.01200	0.64759	0.00388	1	1.45898	0.81042	0	
1272156	8579.51562	3306594755485	0.47977	0.20423	8579.34863	0.16699	11950	1	0.46588	0.12301	1	0.47013	0.34806	1	0.46801	0.23554	1	0.49939	0.52158	10.95781	1.08485	1	0.75993	0.55124	11.47627	1.06851	1	0.00020	-0.00707	0.68285	0.00233	1	0.06453	-0.01200	0.64759	0.00389	1	1.45898	0.81042	0	
1272157	8579.52246	3306594823607	0.47984	0.20572	8579.34863	0.17383	11950	1	0.48863	0.13544	1	0.47454	0.35334	1	0.48158	0.24439	1	0.49955	0.52165	11.25285	1.06851	1	0.76000	0.55115	11.44864	1.05217	1	0.00020	-0.00707	0.68285	0.00238	1	0.06453	-0.01200	0.64759	0.00390	1	1.45898	0.81042	0	
1272158	8579.52930	3306594889564	0.47993	0.20751	8579.34863	0.18066	11950	1	0.49077	0.15146	1	0.47422	0.36034	1	0.48250	0.25590	1	0.49976	0.52176	11.38787	1.05217	1	0.76015	0.55093	12.01851	1.04349	1	0.00030	-0.00699	0.67494	0.00238	1	0.06754	-0.01255	0.67721	0.00389	1	1.45898	0.81042	0	
1272159	8579.53613	3306594956578	0.47950	0.20818	8579.34863	0.18750	11950	1	0.48278	0.11691	1	0.45176	0.33720	1	0.46727	0.22705	1	0.49979	0.52185	10.99140	1.04349	1	0.76007	0.55167	12.63259	1.05115	1	0.00030	-0.00699	0.67494	0.00227	1	0.06754	-0.01255	0.67721	0.00381	1	1.45898	0.81042	0	
1272160	8579.54297	3306595023614	0.47869	0.20234	8579.34863	0.19434	11950	1	0.45335	0.05421	1	0.45707	0.01173	1	0.45521	0.03297	1	0.49980	0.52193	10.80891	1.05115	1	0.76028	0.54902	11.66120	1.05881	1	0.00030	-0.00699	0.67494	0.00223	1	0.06754	-0.01255	0.67721	0.00245	1	1.45898	0.81042	0	
1272161	8579.54980	3306595090413	0.47791	0.19661	8579.34863	0.20117	11950	1	0.45213	0.04596	1	0.45724	0.00314	1	0.45468	0.02455	1	0.50227	0.52682	11.00027	1.05881	1	0.76201	0.55437	12.02962	1.06647	1	0.00072	-0.00753	0.68756	0.00321	1	0.06874	-0.01319	0.68718	0.00336	1	1.45898	0.81042	0	
1272162	8579.55664	3306595157328	0.47944	0.20267	8579.34863	0.20801	11950	1	0.53569	0.44190	1	0.51772	0.33906	1	0.52670	0.39048	1	0.50249	0.52820	10.96424	1.06647	1	0.76226	0.55437	11.05722	1.06647	1	0.00072	-0.00753	0.68756	0.00327	1	0.06874	-0.01319	0.68718	0.00387	1	1.45898	0.81042	0	
1272163	8579.56250	3306595224166	0.48041	0.20532	8579.34863	0.21387	11950	1	0.50418	0.22475	1	0.51879	0.35542	1	0.51148	0.29009	1	0.50253	0.52598	10.90465	1.06647	1	0.76221	0.55535	11.54286	1.06647	1	0.00072	-0.00753	0.68756	0.00215	1	0.06874	-0.01319	0.68718	0.00373	1	1.45898	0.81042	0	
1272164	8579.56934	3306595292920	0.48132	0.20781	8579.34863	0.22070	11950	1	0.50418	0.22475	1	0.51879	0.35542	1	0.51148	0.29009	1	0.50376	0.53039	10.49544	1.06647	1	0.76258	0.55819	11.50687	1.06647	1	0.00102	-0.00787	0.67737	0.00269	1	0.06779	-0.01333	0.67567	0.00312	1	1.45898	0.81042	0	
1272165	8579.57617	3306595358609	0.48822	0.24809	8579.34863	0.22070	11950	0	0.61736	0.53962	1	0.53841	0.67465	1	0.57788	0.60714	1	0.50403	0.53071	11.09888	1.06647	1	0.76281	0.55902	11.72239	1.06647	1	0.00102	-0.00787	0.67737	0.00277	1	0.06779	-0.01333	0.67567	0.00328	1	1.45898	0.81042	0	
1272166	8579.58301	3306595425265	0.53397	0.44024	8579.34863	0.22070	11950	0	0.61261	0.58064	1	0.54684	0.68414	1	0.57973	0.63239	1	0.50396	0.53088	11.24787	1.06647	1	0.76282	0.55912	12.27437	1.06647	1	0.00102	-0.00787	0.67737	0.00284	1	0.06779	-0.01333	0.67567	0.00324	1	1.45898	0.81042	0	
1272167	8579.58984	3306595492274	0.54922	0.50429	8579.34863	0.22070	11950	0	0.61261	0.58064	1	0.54684	0.68414	1	0.57973	0.63239	1	0.50351	0.53134	11.29086	1.06647	1	0.76234	0.55950	12.02106	1.06647	1	0.00102	-0.00793	0.67737	0.00297	1	0.06755	-0.01338	0.67328	0.00317	1	1.45898	0.81042	0	
1272168	8579.59668	3306595558792	0.57559	0.64411	8579.34863	0.22070	11950	0	0.60283	0.59827	1	0.53177	0.73682	1	0.56730	0.66755	1	0.50376	0.53136	11.48839	1.06647	1	0.76260	0.55975	12.54417	1.06647	1	0.00102	-0.00793	0.67737	0.00278	1	0.06755	-0.01338	0.67328	0.00312	1	1.45898	0.81042	0	
1272169	8579.60352	3306595626515	0.56183	0.64540	8579.34863	0.22070	11950	0	0.59395	0.58333	1	0.50219	0.71006	1	0.54807	0.64670	1	0.50370	0.53122	11.21634	1.06647	1	0.76257	0.55952	12.63682	1.06647	1	0.00102	-0.00793	0.67737	0.00291	1	0.06755	-0.01338	0.67328	0.00316	1	1.45898	0.81042	0	
1272170	8579.60938	3306595692042	0.55716	0.64642	8579.34863	0.22070	11950	0	0.59395	0.58333	1	0.50172	0.71360	1	0.54783	0.64847	1	0.50378	0.53136	11.37976	1.06647	1	0.76323	0.55953	12.09354	1.05881	1	0.00102	-0.00793	0.67737	0.00285	1	0.06548	-0.01306	0.65224	0.00302	1	1.45898	0.81042	0	
1272171	8579.61621	3306595760356	0.56009	0.64851	8579.59668	0.01953	11951	1	0.59585	0.63600	1	0.54186	0.67351	1	0.56885	0.65475	1	0.50359	0.53166	10.92700	1.05881	1	0.76320	0.55960	12.13193	1.05115	1	0.00102	-0.00793	0.67737	0.00309	1	0.06548	-0.01306	0.65224	0.00294	1	1.45898	0.81042	0	
1272172	8579.62305	3306595824281	0.56172	0.64939	8579.59668	0.02637	11951	1	0.60074	0.56905	1	0.53573	0.73678	1	0.56824	0.65292	1	0.50381	0.53129	10.79468	1.05115	1	0.76321	0.55961	12.31175	1.04349	1	0.00102	-0.00793	0.67737	0.00291	1	0.06548	-0.01306	0.65224	0.00296	1	1.45898	0.81042	0	
1272173	8579.62988	3306595892330	0.56277	0.65063	8579.59668	0.03320	11951	1	0.60106	0.57348	1	0.53501	0.74021	1	0.56803	0.65684	1	0.50390	0.53164	10.68071	1.04349	1	0.76352	0.55957	11.99531	1.03583	1	0.00102	-0.00793	0.67737	0.00282	1	0.06548	-0.01306	0.65224	0.00296	1	1.45898	0.81042	0	
1272174	8579.63672	3306595959328	0.56454	0.65353	8579.59668	0.04004	11951	1	0.59554	0.65644	1	0.55478	0.68539	1	0.57516	0.67092	1	0.50355	0.53182	11.07846	1.03583	1	0.76346	0.55955	12.47650	1.03583	1	0.00102	-0.00793	0.67737	0.00290	1	0.06548	-0.01306	0.65224	0.00298	1	1.45898	0.81042	0	
1272175	8579.64355	3306596026772	0.56408	0.65611	8579.59668	0.04688	11951	1	0.58920	0.66894	1	0.53251	0.67937	1	0.56085	0.67415	1	0.50348	0.53197	11.03407	1.03583	1	0.76342	0.55949	12.09176	1.03583	1	0.00102	-0.00793	0.67737	0.00299	1	0.06548	-0.01306	0.65224	0.00287	1	1.45898	0.81042	0	
1272176	8579.65039	3306596095180	0.56376	0.65790	8579.59668	0.05371	11951	1	0.58920	0.66894	1	0.53321	0.67549	1	0.56121	0.67221	1	0.50367	0.53185	11.38607	1.03583	1	0.76355	0.55963	11.93704	1.04349	1	0.00102	-0.00793	0.67737	0.00285	1	0.06875	-0.01370	0.68428	0.00293	1	1.45898	0.81042	0	
1272177	8579.65625	3306596157877	0.56569	0.65656	8579.59668	0.05957	11951	1	0.61843	0.63391	1	0.54768	0.65513	1	0.58306	0.64452	1	0.50391	0.53182	10.59104	1.04349	1	0.76370	0.55946	12.21309	1.05115	1	0.00102	-0.00793	0.67737	0.00293	1	0.06875	-0.01370	0.68428	0.00284	1	1.45898	0.81042	0	
1272178	8579.66309	3306596224959	0.56677	0.66075	8579.59668	0.06641	11951	1	0.59987	0.66585	1	0.55525	0.73951	1	0.57756	0.70268	1	0.50364	0.53196	11.61709	1.05115	1	0.76381	0.56020	12.12835	1.05881	1	0.00102	-0.00793	0.67737	0.00290	1	0.06875	-0.01370	0.68428	0.00304	1	1.45898	0.81042	0	
1272179	8579.66992	3306596291876	0.56773	0.66379	8579.59668	0.07324	11951	1	0.59955	0.66213	1	0.55707	0.73233	1	0.57831	0.69723	1	0.50375	0.53169	11.08719	1.05881	1	0.76388	0.55989	12.12040	1.07515	1	0.00102	-0.00793	0.67737	0.00306	1	0.07041	-0.01402	0.70026	0.00301	1	1.45898	0.81042	0	
1272180	8579.67676	3306596359373	0.57013	0.66444	8579.59668	0.08008	11951	1	0.62581	0.64133	1	0.57205	0.70309	1	0.59893	0.67221	1	0.50393	0.53164	11.32735	1.07515	1	0.76404	0.56000	12.28293	1.08383	1	0.00102	-0.00793	0.67737	0.00288	1	0.07041	-0.01402	0.70026	0.00293	1	1.45898	0.81042	0	
1272181	8579.68359	3306596428669	0.57030	0.66464	8579.59668	0.08691	11951	1	0.58885	0.65440	1	0.55618	0.68012	1	0.57252	0.66726	1	0.50356	0.53205	11.26958	1.08383	1	0.76387	0.55989	12.12227	1.09251	1	0.00102	-0.00793	0.67737	0.00294	1	0.07041	-0.01402	0.70026	0.00287	1	1.45898	0.81042	0	
1272182	8579.69043	3306596497179	0.57046	0.66454	8579.59668	0.09375	11951	1	0.58842	0.65022	1	0.55713	0.67594	1	0.57277	0.66308	1	0.50372	0.53165	10.97628	1.09251	1	0.76374	0.56018	12.50210	1.10119	1	0.00102	-0.00793	0.67737	0.00307	1	0.07041	-0.01402	0.70026	0.00301	1	1.45898	0.81042	0	
1272183	8579.69727	3306596563978	0.57041	0.66522	8579.59668	0.10059	11951	1	0.58745	0.61877	1	0.55170	0.73233	1	0.56958	0.67555	1	0.50348	0.53188	10.86814	1.10119	1	0.76374	0.56035	12.47616	1.10119	1	0.00102	-0.00793	0.67737	0.00326	1	0.07041	-0.01402	0.70026	0.00305	1	1.45898	0.81042	0	
1272184	8579.70312	3306596631270	0.57115	0.66560	8579.59668	0.10645	11951	1	0.58697	0.61883	1	0.57889	0.72454	1	0.58293	0.67168	1	0.50355	0.53179	11.12904	1.10119	1	0.76410	0.56029	12.50445	1.10119	1	0.00102	-0.00793	0.67737	0.00317	1	0.07041	-0.01402	0.70026	0.00312	1	1.45898	0.81042	0	
1272185	8579.70996	3306596698683	0.57177	0.66605	8579.59668	0.11328	11951	1	0.58697	0.61883	1	0.57778	0.72834	1	0.58237	0.67358	1	0.50371	0.53180	11.62211	1.10119	1	0.76366	0.55998	11.52019	1.09251	1	0.00102	-0.00793	0.67737	0.00302	1	0.06788	-0.01351	0.67456	0.00318	1	1.45898	0.81042	0	
1272186	8579.71680	3306596765123	0.57227	0.66559	8579.59668	0.12012	11951	1	0.60583	0.56501	1	0.55675	0.74957	1	0.58129	0.65729	1	0.50386	0.53137	11.22260	1.09251	1	0.76374	0.56045	12.23300	1.08383	1	0.00102	-0.00793	0.67737	0.00289	1	0.06788	-0.01351	0.67456	0.00318	1	1.45898	0.81042	0	
1272187	8579.72363	3306596832029	0.57327	0.66627	8579.59668	0.12695	11951	1	0.61787	0.62850	1	0.56680	0.73006	1	0.59233	0.67928	1	0.50392	0.53182	11.40974	1.08383	1	0.76388	0.56027	12.27046	1.07515	1	0.00102	-0.00793	0.67737	0.00279	1	0.06788	-0.01351	0.67456	0.00304	1	1.45898	0.81042	0	
1272188	8579.73047	3306596899181	0.57416	0.66709	8579.59668	0.13379	11951	1	0.61809	0.63288	1	0.56576	0.73390	1	0.59192	0.68339	1	0.50391	0.53170	10.87936	1.07515	1	0.76386	0.56027	12.31295	1.06647	1	0.00102	-0.00793	0.67737	0.00272	1	0.06788	-0.01351	0.67456	0.00301	1	1.45898	0.81042	0	
1272189	8579.73730	3306596966211	0.57478	0.66766	8579.59668	0.14062	11951	1	0.60329	0.57195	1	0.57245	0.78725	1	0.58787	0.67960	1	0.50381	0.53167	10.89235	1.06647	1	0.76413	0.56060	12.48610	1.06647	1	0.00102	-0.00793	0.67737	0.00285	1	0.06788	-0.01351	0.67456	0.00316	1	1.45898	0.81042	0	
1272190	8579.74414	3306597033203	0.57530	0.66624	8579.59668	0.14746	11951	1	0.60879	0.57931	1	0.56443	0.69085	1	0.58661	0.63508	1	0.50392	0.53166	10.89124	1.06647	1	0.76399	0.56025	12.42777	1.06647	1	0.00102	-0.00793	0.67737	0.00271	1	0.06788	-0.01351	0.67456	0.00307	1	1.45898	0.81042	0	
1272191	8579.75000	3306597099578	0.57577	0.66494	8579.59668	0.15332	11951	1	0.60879	0.57931	1	0.56443	0.69085	1	0.58661	0.63508	1	0.50380	0.53162	10.89942	1.06647	1	0.76380	0.56011	12.02742	1.06647	1	0.00102	-0.00798	0.67737	0.00285	1	0.06788	-0.01351	0.67456	0.00311	1	1.45898	0.81042	0	
1272192	8579.75684	3306597167229	0.57632	0.66398	8579.59668	0.16016	11951	1	0.60676	0.58118	1	0.57217	0.70048	1	0.58946	0.64083	1	0.50383	0.53160	10.98377	1.06647	1	0.76406	0.56038	12.70662	1.06647	1	0.00102	-0.00798	0.67737	0.00284	1	0.06788	-0.01351	0.67456	0.00307	1	1.45898	0.81042	0	
1272193	8579.76367	3306597234077	0.57689	0.66343	8579.59668	0.16699	11951	1	0.61340	0.59601	1	0.56916	0.70375	1	0.59128	0.64988	1	0.50390	0.53179	11.16564	1.06647	1	0.76408	0.56031	12.59229	1.06647	1	0.00102	-0.00798	0.67737	0.00285	1	0.06788	-0.01351	0.67456	0.00309	1	1.45898	0.81042	0	
1272194	8579.77051	3306597300877	0.57743	0.66293	8579.59668	0.17383	11951	1	0.61340	0.59601	1	0.56916	0.70375	1	0.59128	0.64988	1	0.50392	0.53237	11.23808	1.06647	1	0.76400	0.56084	13.22012	1.06647	1	0.00102	-0.00813	0.67737	0.00277	1	0.06875	-0.01375	0.68428	0.00294	1	1.45898	0.81042	0	
1272195	8579.77734	3306597368233	0.57786	0.66399	8579.59668	0.18066	11951	1	0.60286	0.66030	1	0.57633	0.72463	1	0.58960	0.69246	1	0.50408	0.53237	11.83653	1.06647	1	0.76409	0.56064	12.92956	1.06647	1	0.00102	-0.00813	0.67737	0.00278	1	0.06875	-0.01375	0.68428	0.00290	1	1.45898	0.81042	0	
1272196	8579.78418	3306597435166	0.57835	0.66518	8579.59668	0.18750	11951	1	0.61097	0.62374	1	0.57331	0.77344	1	0.59214	0.69859	1	0.50387	0.53227	11.54779	1.06647	1	0.76414	0.56097	12.83496	1.06647	1	0.00102	-0.00813	0.67737	0.00277	1	0.06875	-0.01375	0.68428	0.00296	1	1.45898	0.81042	0	
1272197	8579.79102	3306597501918	0.57881	0.66629	8579.59668	0.19434	11951	1	0.61097	0.62374	1	0.57331	0.77344	1	0.59214	0.69859	1	0.50374	0.53230	11.20174	1.06647	1	0.76397	0.56090	12.57078	1.06647	1	0.00102	-0.00813	0.67737	0.00281	1	0.06875	-0.01375	0.68428	0.00295	1	1.45898	0.81042	0	
1272198	8579.79785	3306597568902	0.57946	0.66629	8579.59668	0.20117	11951	1	0.62644	0.61784	1	0.57159	0.71428	1	0.59902	0.66606	1	0.50373	0.53226	11.40729	1.06647	1	0.76399	0.56060	12.86134	1.06647	1	0.00102	-0.00813	0.67737	0.00289	1	0.06875	-0.01375	0.68428	0.00289	1	1.45898	0.81042	0	
1272199	8579.80371	3306597635730	0.57996	0.66636	8579.59668	0.20703	11951	1	0.62644	0.61784	1	0.56442	0.71975	1	0.59543	0.66880	1	0.50373	0.53226	11.40729	1.06647	1	0.76393	0.56052	12.70811	1.06647	1	0.00102	-0.00813	0.67737	0.00289	1	0.06875	-0.01375	0.68428	0.00290	1	1.45898	0.81042	0	
1272200	8579.81055	3306597702827	0.58043	0.66644	8579.59668	0.21387	11951	1	0.62644	0.61784	1	0.56442	0.71975	1	0.59543	0.66880	1	0.50372	0.53235	11.34125	1.06647	1	0.76383	0.56055	12.99945	1.06647	1	0.00102	-0.00813	0.67737	0.00286	1	0.06875	-0.01375	0.68428	0.00293	1	1.45898	0.81042	0	
1272201	8579.81738	3306597767054	0.58073	0.66649	8579.59668	0.22070	11951	1	0.62791	0.61532	1	0.55346	0.72138	1	0.59069	0.66835	1	0.50380	0.53228	11.43078	1.06647	1	0.76378	0.56062	13.07387	1.06647	1	0.00102	-0.00813	0.67737	0.00283	1	0.06875	-0.01375	0.68428	0.00291	1	1.45898	0.81042	0	
1272202	8579.82422	3306597836790	0.58141	0.66748	8579.59668	0.22754	11951	1	0.63128	0.64559	1	0.57721	0.75642	1	0.60425	0.70101	1	0.50377	0.53237	11.43233	1.06647	1	0.76383	0.56055	12.99945	1.06647	1	0.00102	-0.00813	0.67737	0.00283	1	0.06875	-0.01375	0.68428	0.00293	1	1.45898	0.81042	0	
1272203	8579.83105	3306597903787	0.58203	0.66846	8579.59668	0.23438	11951	1	0.63128	0.64559	1	0.57621	0.75965	1	0.60375	0.70262	1	0.50361	0.53181	10.98854	1.06647	1	0.76351	0.56073	13.34734	1.05881	1	0.00102	-0.00813	0.67737	0.00299	1	0.06628	-0.01327	0.66012	0.00291	1	1.45898	0.81042	0	
1272204	8579.83789	3306597969497	0.58207	0.66854	8579.59668	0.24121	11951	1	0.61992	0.58687	1	0.54761	0.75591	1	0.58377	0.67139	1	0.50361	0.53181	10.98854	1.05881	1	0.76332	0.56042	12.53337	1.05115	1	0.00102	-0.00813	0.67737	0.00299	1	0.06628	-0.01327	0.66012	0.00302	1	1.45898	0.81042	0	
1272205	8579.84473	3306598038625	0.58180	0.66918	8579.59668	0.24805	11951	1	0.62417	0.62799	1	0.51937	0.75790	1	0.57177	0.69295	1	0.50356	0.53198	11.08525	1.05115	1	0.76298	0.56035	12.27593	1.04349	1	0.00102	-0.00813	0.67737	0.00295	1	0.06628	-0.01327	0.66012	0.00312	1	1.45898	0.81042	0	
1272206	8579.85059	3306598104576	0.58154	0.66988	8579.59668	0.25391	11951	1	0.62433	0.63198	1	0.51877	0.76117	1	0.57155	0.69658	1	0.50342	0.53221	11.02730	1.04349	1	0.76341	0.56037	12.24808	1.03583	1	0.00102	-0.00798	0.67737	0.00291	1	0.06548	-0.01306	0.65224	0.00294	1	1.45898	0.81042	0	
1272207	8579.85742	3306598171750	0.58175	0.67137	8579.59668	0.26074	11951	1	0.62596	0.64810	1	0.55366	0.81081	1	0.58981	0.72946	1	0.50366	0.53230	11.42713	1.03583	1	0.76352	0.56045	12.48535	1.03583	1	0.00102	-0.00798	0.67737	0.00277	1	0.06548	-0.01306	0.65224	0.00304	1	1.45898	0.81042	0	
1272208	8579.86426	3306598238322	0.58185	0.67216	8579.59668	0.26758	11951	1	0.60145	0.65492	1	0.57048	0.75237	1	0.58596	0.70364	1	0.50340	0.53231	11.05503	1.03583	1	0.76339	0.56022	12.54806	1.03583	1	0.00102	-0.00798	0.67737	0.00289	1	0.06548	-0.01306	0.65224	0.00294	1	1.45898	0.81042	0	
1272209	8579.87109	3306598305650	0.58194	0.67300	8579.59668	0.27441	11951	1	0.60178	0.65895	1	0.56945	0.75588	1	0.58561	0.70741	1	0.50357	0.53226	11.29107	1.02782	1	0.76298	0.55994	12.15964	1.02782	1	0.00084	-0.00772	0.66009	0.00283	1	0.06628	-0.01317	0.66012	0.00308	1	1.45898	0.81042	0	
1272210	8579.87793	3306598372796	0.58217	0.67355	8579.59668	0.28125	11951	1	0.62486	0.65663	1	0.55862	0.73718	1	0.59174	0.69691	1	0.50362	0.53220	11.55284	1.01980	1	0.76311	0.56006	12.32471	1.01980	1	0.00084	-0.00772	0.66009	0.00283	1	0.06628	-0.01317	0.66012	0.00310	1	1.45898	0.81042	0	
1272211	8579.88477	3306598439527	0.58229	0.67513	8579.59668	0.28809	11951	1	0.62364	0.69893	1	0.55134	0.78726	1	0.58749	0.74310	1	0.50358	0.53227	11.47140	1.01178	1	0.76309	0.56017	12.47629	1.01178	1	0.00084	-0.00772	0.66009	0.00281	1	0.06628	-0.01317	0.66012	0.00298	1	1.45898	0.81042	0	
1272212	8579.89160	3306598506748	0.58786	0.70458	8579.59668	0.28809	11951	0	0.62364	0.69893	1	0.55221	0.78410	1	0.58792	0.74152	1	0.50360	0.53212	11.67396	1.01178	1	0.76300	0.55978	12.04881	1.01944	1	0.00082	-0.00801	0.68477	0.00283	1	0.06837	-0.01349	0.68151	0.00303	1	1.45898	0.81042	0	
1272213	8579.89746	3306598573801	0.59139	0.69593	8579.59668	0.28809	11951	0	0.63498	0.63420	1	0.55486	0.74036	1	0.59492	0.68728	1	0.50381	0.53178	10.71520	1.02746	1	0.76300	0.55979	12.00561	1.03512	1	0.00082	-0.00801	0.68477	0.00289	1	0.06837	-0.01349	0.68151	0.00305	1	1.45898	0.81042	0	
1272214	8579.90430	3306598639047	0.58898	0.69985	8579.59668	0.28809	11951	0	0.61901	0.66268	1	0.54929	0.75269	1	0.58415	0.70768	1	0.50359	0.53203	11.68699	1.04313	1	0.76298	0.55990	11.94721	1.05079	1	0.00082	-0.00801	0.68477	0.00276	1	0.06837	-0.01349	0.68151	0.00303	1	1.45898	0.81042	0	
1272215	8579.91113	3306598707315	0.58793	0.70000	8579.89160	0.01953	11952	1	0.61861	0.65497	1	0.55096	0.74594	1	0.58479	0.70046	1	0.50320	0.53170	10.64494	1.05881	1	0.76305	0.55991	12.07215	1.06647	1	0.00082	-0.00801	0.68477	0.00292	1	0.06837	-0.01349	0.68151	0.00303	1	1.45898	0.81042	0	
1272216	8579.91797	3306598774117	0.58746	0.69634	8579.89160	0.02637	11952	1	0.60755	0.62544	1	0.56366	0.73792	1	0.58560	0.68168	1	0.50347	0.53169	10.25688	1.06647	1	0.76308	0.55982	12.17852	1.06647	1	0.00082	-0.00801	0.68477	0.00282	1	0.06837	-0.01349	0.68151	0.00302	1	1.45898	0.81042	0	
1272217	8579.92480	3306598841928	0.58545	0.69566	8579.89160	0.03320	11952	1	0.59250	0.63862	1	0.55821	0.74590	1	0.57535	0.69226	1	0.50320	0.53170	10.64494	1.06647	1	0.76304	0.55990	11.99906	1.06647	1	0.00082	-0.00801	0.68477	0.00292	1	0.06837	-0.01349	0.68151	0.00301	1	1.45898	0.81042	0	
1272218	8579.93164	3306598908671	0.58400	0.69517	8579.89160	0.04004	11952	1	0.59250	0.63862	1	0.55821	0.74590	1	0.57535	0.69226	1	0.50374	0.53127	10.74986	1.06647	1	0.76308	0.55994	12.56231	1.06647	1	0.00082	-0.00801	0.68477	0.00276	1	0.06755	-0.01338	0.67328	0.00298	1	1.45898	0.81042	0	
1272219	8579.93750	3306598974284	0.58400	0.69480	8579.89160	0.04590	11952	1	0.61149	0.64101	1	0.55650	0.74333	1	0.58399	0.69217	1	0.50353	0.53134	10.33082	1.06647	1	0.76302	0.55988	12.59489	1.06647	1	0.00082	-0.00801	0.68477	0.00278	1	0.06755	-0.01338	0.67328	0.00298	1	1.45898	0.81042	0	
1272220	8579.94434	3306599042435	0.58425	0.69411	8579.89160	0.05273	11952	1	0.61265	0.62652	1	0.55972	0.75072	1	0.58618	0.68862	1	0.50350	0.53128	10.25306	1.06647	1	0.76309	0.55979	12.07067	1.06647	1	0.00082	-0.00801	0.68477	0.00279	1	0.06755	-0.01338	0.67328	0.00301	1	1.45898	0.81042	0	
1272221	8579.95117	3306599109467	0.58440	0.69394	8579.89160	0.05957	11952	1	0.61289	0.63064	1	0.55880	0.75414	1	0.58584	0.69239	1	0.50351	0.53126	10.22467	1.05845	1	0.76319	0.55991	12.25649	1.05845	1	0.00084	-0.00772	0.66009	0.00282	1	0.06837	-0.01349	0.68151	0.00298	1	1.45898	0.81042	0	
1272222	8579.95801	3306599176774	0.58426	0.69245	8579.89160	0.06641	11952	1	0.61045	0.59254	1	0.55521	0.76268	1	0.58283	0.67761	1	0.50350	0.53146	10.31445	1.05044	1	0.76310	0.55982	12.10633	1.05044	1	0.00084	-0.00772	0.66009	0.00270	1	0.06837	-0.01349	0.68151	0.00300	1	1.45898	0.81042	0	
1272223	8579.96484	3306599243303	0.58470	0.69409	8579.89160	0.07324	11952	1	0.61644	0.65587	1	0.56262	0.76831	1	0.58953	0.71209	1	0.50352	0.53176	10.18187	1.04242	1	0.76319	0.55991	12.25649	1.04242	1	0.00084	-0.00772	0.66009	0.00280	1	0.06837	-0.01349	0.68151	0.00299	1	1.45898	0.81042	0	
1272224	8579.97168	3306599310558	0.58504	0.69576	8579.89160	0.08008	11952	1	0.61666	0.65987	1	0.56166	0.77167	1	0.58916	0.71577	1	0.50337	0.53154	10.00941	1.03440	1	0.76316	0.55993	12.19738	1.03440	1	0.00084	-0.00772	0.66009	0.00283	1	0.06837	-0.01349	0.68151	0.00298	1	1.45898	0.81042	0	
1272225	8579.97852	3306599377434	0.58440	0.69719	8579.89160	0.08691	11952	1	0.60875	0.67466	1	0.54327	0.75706	1	0.57601	0.71586	1	0.50347	0.53169	10.25688	1.03440	1	0.76284	0.55996	11.95670	1.03440	1	0.00084	-0.00772	0.66009	0.00282	1	0.06837	-0.01349	0.68151	0.00300	1	1.45898	0.81042	0	
1272226	8579.98535	3306599444478	0.58298	0.69780	8579.89160	0.09375	11952	1	0.59891	0.65269	1	0.52741	0.75975	1	0.56316	0.70622	1	0.50320	0.53186	10.76809	1.03440	1	0.76256	0.55993	11.89182	1.03440	1	0.00084	-0.00772	0.66009	0.00280	1	0.06837	-0.01349	0.68151	0.00302	1	1.45898	0.81042	0	
1272227	8579.99121	3306599511402	0.58174	0.69832	8579.89160	0.09961	11952	1	0.59891	0.65269	1	0.52741	0.75975	1	0.56316	0.70622	1	0.50306	0.53197	10.47536	1.03440	1	0.76258	0.55995	12.14380	1.03440	1	0.00084	-0.00772	0.66009	0.00281	1	0.06837	-0.01349	0.68151	0.00298	1	1.45898	0.81042	0	
1272228	8579.99805	3306599578483	0.58150	0.69993	8579.89160	0.10645	11952	1	0.61234	0.67005	1	0.54286	0.78137	1	0.57760	0.72571	1	0.50347	0.53186	9.90884	1.03440	1	0.76289	0.56003	12.24243	1.03440	1	0.00084	-0.00772	0.66009	0.00272	1	0.06837	-0.01349	0.68151	0.00296	1	1.45898	0.81042	0	
1272229	8580.00488	3306599643613	0.58088	0.70074	8579.89160	0.11328	11952	1	0.60438	0.63774	1	0.53612	0.79118	1	0.57025	0.71446	1	0.50340	0.53179	9.94816	1.03440	1	0.76282	0.56025	12.59736	1.03440	1	0.00084	-0.00772	0.66009	0.00280	1	0.06837	-0.01349	0.68151	0.00292	1	1.45898	0.81042	0	
1272230	8580.01172	3306599712744	0.58033	0.70127	8579.89160	0.12012	11952	1	0.60407	0.63357	1	0.53689	0.78798	1	0.57048	0.71077	1	0.50337	0.53187	10.40097	1.04242	1	0.76288	0.56012	11.91413	1.04242	1	0.00082	-0.00801	0.68477	0.00272	1	0.06837	-0.01349	0.68151	0.00291	1	1.45898	0.81042	0	
1272231	8580.01855	3306599777733	0.58075	0.70092	8579.89160	0.12695	11952	1	0.65519	0.65158	1	0.52216	0.73717	1	0.58868	0.69437	1	0.50336	0.53204	10.56114	1.05044	1	0.76254	0.55981	11.23835	1.05044	1	0.00082	-0.00801	0.68477	0.00280	1	0.06837	-0.01349	0.68151	0.00298	1	1.45898	0.81042	0	
1272232	8580.02539	3306599844450	0.58200	0.70021	8579.89160	0.13379	11952	1	0.64470	0.65482	1	0.56949	0.71686	1	0.60709	0.68584	1	0.50325	0.53185	10.31802	1.05845	1	0.76288	0.55970	10.79392	1.05845	1	0.00082	-0.00801	0.68477	0.00280	1	0.06837	-0.01349	0.68151	0.00291	1	1.45898	0.81042	0	
1272233	8580.03125	3306599907073	0.58314	0.69946	8579.89160	0.13965	11952	1	0.64468	0.65088	1	0.56954	0.71670	1	0.60711	0.68379	1	0.50262	0.53202	9.64030	1.06647	1	0.76243	0.55950	11.59526	1.05881	1	0.00082	-0.00801	0.68477	0.00286	1	0.06628	-0.01311	0.66210	0.00296	1	1.45898	0.81042	0	
1272234	8580.03809	3306599977395	0.58381	0.69838	8579.89160	0.14648	11952	1	0.63403	0.62092	1	0.56292	0.72855	1	0.59848	0.67474	1	0.50299	0.53161	10.15498	1.05881	1	0.76273	0.55950	11.51494	1.05115	1	0.00082	-0.00801	0.68477	0.00268	1	0.06628	-0.01311	0.66210	0.00292	1	1.45898	0.81042	0	
1272235	8580.04492	3306600044984	0.58339	0.69850	8579.89160	0.15332	11952	1	0.61838	0.68047	1	0.52926	0.72160	1	0.57382	0.70103	1	0.50273	0.53176	9.83783	1.05115	1	0.76236	0.55962	11.94884	1.04349	1	0.00082	-0.00801	0.68477	0.00280	1	0.06628	-0.01311	0.66210	0.00290	1	1.45898	0.81042	0	
1272236	8580.05176	3306600111169	0.58301	0.69867	8579.89160	0.16016	11952	1	0.61857	0.68408	1	0.52926	0.72160	1	0.57392	0.70284	1	0.50301	0.53181	9.83724	1.04349	1	0.76267	0.55983	11.59661	1.04349	1	0.00082	-0.00801	0.68477	0.00279	1	0.06697	-0.01324	0.66857	0.00283	1	1.45898	0.81042	0	
1272237	8580.05859	3306600178451	0.58317	0.69926	8579.89160	0.16699	11952	1	0.63695	0.70028	1	0.53707	0.72768	1	0.58701	0.71398	1	0.50301	0.53189	10.06562	1.04349	1	0.76275	0.55985	11.55716	1.05115	1	0.00082	-0.00801	0.68477	0.00285	1	0.06697	-0.01324	0.66857	0.00285	1	1.45898	0.81042	0	
1272238	8580.06543	3306600244795	0.58395	0.69914	8579.89160	0.17383	11952	1	0.64633	0.68058	1	0.56212	0.71173	1	0.60422	0.69615	1	0.50313	0.53188	10.11334	1.05115	1	0.76271	0.55949	10.91916	1.05881	1	0.00082	-0.00801	0.68477	0.00280	1	0.06697	-0.01324	0.66857	0.00295	1	1.45898	0.81042	0	
1272239	8580.07129	3306600312674	0.58470	0.69884	8579.89160	0.17969	11952	1	0.64632	0.67697	1	0.56404	0.70410	1	0.60518	0.69054	1	0.50318	0.53202	10.13826	1.05881	1	0.76287	0.55962	11.10235	1.07515	1	0.00082	-0.00801	0.68477	0.00270	1	0.07012	-0.01385	0.69946	0.00292	1	1.45898	0.81042	0	
1272240	8580.07812	3306600379964	0.58435	0.69810	8579.89160	0.18652	11952	1	0.60789	0.64023	1	0.54092	0.71458	1	0.57440	0.67740	1	0.50307	0.53198	10.29118	1.07515	1	0.76278	0.55985	11.27845	1.08383	1	0.00082	-0.00801	0.68477	0.00276	1	0.07012	-0.01385	0.69946	0.00285	1	1.45898	0.81042	0	
1272241	8580.08496	3306600449627	0.58396	0.69755	8579.89160	0.19336	11952	1	0.60840	0.63631	1	0.53709	0.72715	1	0.57275	0.68173	1	0.50307	0.53213	10.33221	1.08383	1	0.76271	0.55990	11.51293	1.09251	1	0.00082	-0.00801	0.68477	0.00275	1	0.07012	-0.01385	0.69946	0.00282	1	1.45898	0.81042	0	
1272242	8580.09180	3306600516120	0.58361	0.69691	8579.89160	0.20020	11952	1	0.60811	0.63199	1	0.53789	0.72336	1	0.57300	0.67767	1	0.50336	0.53203	10.05127	1.09251	1	0.76290	0.55978	11.28364	1.10119	1	0.00082	-0.00801	0.68477	0.00280	1	0.07012	-0.01385	0.69946	0.00284	1	1.45898	0.81042	0	
1272243	8580.09863	3306600582511	0.58340	0.69655	8579.89160	0.20703	11952	1	0.60311	0.62896	1	0.55068	0.74217	1	0.57689	0.68557	1	0.50300	0.53214	9.58702	1.10119	1	0.76296	0.55994	11.09228	1.10119	1	0.00082	-0.00801	0.68477	0.00274	1	0.07012	-0.01385	0.69946	0.00283	1	1.45898	0.81042	0	
1272244	8580.10547	3306600649674	0.58324	0.69689	8579.89160	0.21387	11952	1	0.62332	0.69355	1	0.53318	0.72173	1	0.57825	0.70764	1	0.50320	0.53188	9.50912	1.10119	1	0.76265	0.55986	11.36031	1.10119	1	0.00082	-0.00801	0.68477	0.00260	1	0.07012	-0.01385	0.69946	0.00288	1	1.45898	0.81042	0	
1272245	8580.11230	3306600716713	0.58309	0.69726	8579.89160	0.22070	11952	1	0.62332	0.69355	1	0.53242	0.72554	1	0.57787	0.70954	1	0.50316	0.53189	9.35857	1.10119	1	0.76288	0.55991	11.52550	1.09251	1	0.00082	-0.00801	0.68477	0.00271	1	0.06755	-0.01338	0.67328	0.00289	1	1.45898	0.81042	0	
1272246	8580.11914	3306600782618	0.58215	0.69751	8579.89160	0.22754	11952	1	0.57665	0.66972	1	0.52380	0.74239	1	0.55022	0.70606	1	0.50300	0.53211	9.80007	1.09251	1	0.76256	0.56006	12.38722	1.08383	1	0.00082	-0.00801	0.68477	0.00278	1	0.06755	-0.01338	0.67328	0.00293	1	1.45898	0.81042	0	
1272247	8580.12598	3306600850888	0.58150	0.69746	8579.89160	0.23438	11952	1	0.59568	0.62829	1	0.52178	0.76251	1	0.55873	0.69540	1	0.50328	0.53196	9.64733	1.08383	1	0.76249	0.56017	12.49319	1.07515	1	0.00082	-0.00801	0.68477	0.00278	1	0.06755	-0.01338	0.67328	0.00292	1	1.45898	0.81042	0	
1272248	8580.13281	3306600919386	0.58088	0.69751	8579.89160	0.24121	11952	1	0.59606	0.63268	1	0.52109	0.76607	1	0.55858	0.69937	1	0.50328	0.53168	9.89068	1.07515	1	0.76260	0.56026	12.46299	1.06647	1	0.00082	-0.00801	0.68477	0.00262	1	0.06837	-0.01349	0.68151	0.00292	1	1.45898	0.81042	0	
1272249	8580.13867	3306600985709	0.58042	0.69704	8579.89160	0.24707	11952	1	0.60147	0.57568	1	0.52594	0.78375	1	0.56370	0.67971	1	0.50333	0.53122	9.77346	1.06647	1	0.76260	0.56026	12.46299	1.06647	1	0.00082	-0.00801	0.68477	0.00290	1	0.06837	-0.01349	0.68151	0.00292	1	1.45898	0.81042	0	
1272250	8580.14551	3306601051551	0.58019	0.69700	8579.89160	0.25391	11952	1	0.60990	0.62476	1	0.53236	0.76632	1	0.57113	0.69554	1	0.50344	0.53171	10.27860	1.06647	1	0.76261	0.56010	12.28574	1.06647	1	0.00082	-0.00801	0.68477	0.00260	1	0.06837	-0.01349	0.68151	0.00298	1	1.45898	0.81042	0	
1272251	8580.15234	3306601119077	0.57996	0.69696	8579.89160	0.26074	11952	1	0.60990	0.62476	1	0.53236	0.76632	1	0.57113	0.69554	1	0.50335	0.53159	10.18927	1.06647	1	0.76247	0.56010	11.66969	1.06647	1	0.00082	-0.00801	0.68477	0.00263	1	0.06837	-0.01349	0.68151	0.00296	1	1.45898	0.81042	0	
1272252	8580.15918	3306601186050	0.57991	0.69723	8579.89160	0.26758	11952	1	0.61799	0.66185	1	0.53762	0.75404	1	0.57781	0.70794	1	0.50340	0.53169	10.14465	1.06647	1	0.76270	0.55991	11.50907	1.06647	1	0.00082	-0.00801	0.68477	0.00266	1	0.06837	-0.01349	0.68151	0.00293	1	1.45898	0.81042	0	
1272253	8580.16602	3306601251315	0.57937	0.69742	8579.89160	0.27441	11952	1	0.59948	0.65580	1	0.51544	0.75471	1	0.55746	0.70526	1	0.50330	0.53147	10.13315	1.06647	1	0.76285	0.55998	11.81020	1.06647	1	0.00082	-0.00801	0.68477	0.00292	1	0.06837	-0.01349	0.68151	0.00290	1	1.45898	0.81042	0	
1272254	8580.17285	3306601320091	0.57886	0.69761	8579.89160	0.28125	11952	1	0.59948	0.65580	1	0.51544	0.75471	1	0.55746	0.70526	1	0.50332	0.53146	9.97418	1.06647	1	0.76230	0.56032	11.60074	1.06647	1	0.00082	-0.00801	0.68477	0.00294	1	0.06755	-0.01338	0.67328	0.00301	1	1.45898	0.81042	0	
1272255	8580.17969	3306601387267	0.57833	0.69844	8579.89160	0.28809	11952	1	0.59595	0.68417	1	0.51479	0.78451	1	0.55537	0.73434	1	0.50325	0.53199	10.60133	1.06647	1	0.76238	0.56030	11.83625	1.06647	1	0.00082	-0.00801	0.68477	0.00260	1	0.06755	-0.01338	0.67328	0.00296	1	1.45898	0.81042	0	
1272256	8580.18555	3306601453653	0.57754	0.69894	8579.89160	0.29395	11952	1	0.57429	0.68847	1	0.51147	0.75383	1	0.54288	0.72115	1	0.50292	0.53204	9.69442	1.06647	1	0.76268	0.56008	11.43649	1.06647	1	0.00082	-0.00801	0.68477	0.00267	1	0.06755	-0.01338	0.67328	0.00294	1	1.45898	0.81042	0	
1272257	8580.19238	3306601520684	0.57679	0.69943	8579.89160	0.30078	11952	1	0.57429	0.68847	1	0.51147	0.75383	1	0.54288	0.72115	1	0.50338	0.53192	9.68846	1.06647	1	0.76285	0.55995	11.32847	1.06647	1	0.00082	-0.00801	0.68477	0.00261	1	0.06755	-0.01338	0.67328	0.00294	1	1.45898	0.81042	0	
1272258	8580.19922	3306601587921	0.57640	0.69988	8579.89160	0.30762	11952	1	0.60461	0.64863	1	0.51289	0.79260	1	0.55875	0.72061	1	0.50334	0.53154	10.10325	1.06647	1	0.76270	0.56036	11.96817	1.06647	1	0.00082	-0.00801	0.68477	0.00288	1	0.06755	-0.01338	0.67328	0.00280	1	1.45898	0.81042	0	
1272259	8580.20605	3306601654468	0.57620	0.70012	8579.89160	0.31445	11952	1	0.61252	0.66253	1	0.52077	0.76037	1	0.56664	0.71145	1	0.50344	0.53164	10.47339	1.06647	1	0.76289	0.56000	11.61789	1.06647	1	0.00082	-0.00801	0.68477	0.00279	1	0.06755	-0.01338	0.67328	0.00289	1	1.45898	0.81042	0	
1272260	8580.21289	3306601722227	0.57576	0.70021	8579.89160	0.32129	11952	1	0.61224	0.65815	1	0.52088	0.75978	1	0.56656	0.70897	1	0.50356	0.53161	10.25929	1.07556	1	0.76305	0.56025	11.10160	1.06790	1	0.00090	-0.00821	0.70661	0.00280	1	0.06548	-0.01296	0.65224	0.00287	1	1.45898	0.81042	0	
1272261	8580.21973	3306601789851	0.57521	0.70091	8579.89160	0.32812	11952	1	0.62789	0.67178	1	0.50987	0.76963	1	0.56888	0.72070	1	0.50380	0.53201	10.40419	1.07698	1	0.76270	0.56033	10.96442	1.06932	1	0.00090	-0.00821	0.70661	0.00257	1	0.06548	-0.01296	0.65224	0.00278	1	1.45898	0.81042	0	
1272262	8580.22656	3306601855993	0.57495	0.70100	8579.89160	0.33496	11952	1	0.62365	0.66674	1	0.51905	0.75772	1	0.57135	0.71223	1	0.50360	0.53191	10.72590	1.07841	1	0.76288	0.56007	11.01001	1.07075	1	0.00090	-0.00821	0.70661	0.00263	1	0.06548	-0.01296	0.65224	0.00284	1	1.45898	0.81042	0	
1272263	8580.23242	3306601922204	0.57465	0.70146	8579.89160	0.34082	11952	1	0.62412	0.67750	1	0.51729	0.76721	1	0.57070	0.72236	1	0.50338	0.53167	10.01131	1.05561	1	0.76289	0.56000	10.61811	1.04795	1	0.00087	-0.00755	0.64500	0.00274	1	0.06628	-0.01307	0.66012	0.00283	1	1.45898	0.81042	0	
1272264	8580.23926	3306601988131	0.57439	0.70257	8579.89160	0.34766	11952	1	0.61917	0.70407	1	0.52654	0.76626	1	0.57286	0.73516	1	0.50355	0.53197	10.20669	1.02372	1	0.76286	0.55983	10.90456	1.02372	1	0.00087	-0.00755	0.64500	0.00257	1	0.06628	-0.01307	0.66012	0.00286	1	1.45898	0.81042	0	
1272265	8580.24609	3306602054220	0.57439	0.70347	8579.89160	0.35449	11952	1	0.62124	0.69674	1	0.52919	0.77385	1	0.57522	0.73529	1	0.50360	0.53171	10.15639	0.99949	1	0.76309	0.55987	10.66543	0.99949	1	0.00087	-0.00755	0.64500	0.00270	1	0.06628	-0.01307	0.66012	0.00277	1	1.45898	0.81042	0	
1272266	8580.25293	3306602120981	0.57438	0.70445	8579.89160	0.36133	11952	1	0.62146	0.70110	1	0.52835	0.77775	1	0.57491	0.73943	1	0.50377	0.53121	9.23902	0.99040	1	0.76306	0.55971	10.28336	0.99040	1	0.00092	-0.00795	0.68392	0.00295	1	0.06548	-0.01287	0.65224	0.00288	1	1.45898	0.81042	0	
1272267	8580.25977	3306602188688	0.57403	0.70521	8579.89160	0.36816	11952	1	0.61075	0.71072	1	0.52412	0.74671	1	0.56744	0.72872	1	0.50339	0.53183	10.20877	1.00555	1	0.76292	0.55973	10.28904	1.00555	1	0.00092	-0.00795	0.68392	0.00264	1	0.06548	-0.01287	0.65224	0.00292	1	1.45898	0.81042	0	
1272268	8580.26660	3306602257860	0.57392	0.70542	8579.89160	0.37500	11952	1	0.63327	0.65339	1	0.52847	0.74336	1	0.58087	0.69837	1	0.50373	0.53122	9.35778	1.02069	1	0.76306	0.55983	10.61838	1.02069	1	0.00092	-0.00795	0.68392	0.00302	1	0.06548	-0.01287	0.65224	0.00292	1	1.45898	0.81042	0	
1272269	8580.27344	3306602324667	0.57382	0.70554	8579.89160	0.38184	11952	1	0.63327	0.65339	1	0.52847	0.74336	1	0.58087	0.69837	1	0.50366	0.53163	9.56393	1.02069	1	0.76295	0.55973	10.31573	1.02069	1	0.00086	-0.00737	0.63408	0.00277	1	0.06548	-0.01287	0.65224	0.00291	1	1.45898	0.81042	0	
1272270	8580.27930	3306602392439	0.57368	0.70656	8579.89160	0.38770	11952	1	0.61672	0.70592	1	0.53622	0.74677	1	0.57647	0.72634	1	0.50343	0.53173	10.09672	1.00555	1	0.76314	0.55962	10.31092	1.00555	1	0.00086	-0.00737	0.63408	0.00271	1	0.06548	-0.01287	0.65224	0.00292	1	1.45898	0.81042	0	
1272271	8580.28613	3306602459010	0.57348	0.70710	8579.89160	0.39453	11952	1	0.62744	0.71223	1	0.53227	0.76383	1	0.57985	0.73803	1	0.50362	0.53163	9.47094	0.99040	1	0.76307	0.55976	10.60325	0.99040	1	0.00086	-0.00737	0.63408	0.00279	1	0.06548	-0.01287	0.65224	0.00296	1	1.45898	0.81042	0	
1272272	8580.29297	3306602522844	0.57328	0.70764	8579.89160	0.40137	11952	1	0.62759	0.71598	1	0.53149	0.76740	1	0.57954	0.74169	1	0.50376	0.53146	9.66226	0.98239	1	0.76318	0.55987	10.80851	0.98239	1	0.00094	-0.00768	0.66027	0.00286	1	0.06628	-0.01307	0.66012	0.00282	1	1.45898	0.81042	0	
1272273	8580.29883	3306602588241	0.57337	0.70829	8579.89160	0.40723	11952	1	0.63249	0.70929	1	0.52794	0.78473	1	0.58021	0.74701	1	0.50375	0.53179	9.87309	0.98951	1	0.76315	0.55976	10.70845	0.98951	1	0.00094	-0.00768	0.66027	0.00272	1	0.06628	-0.01307	0.66012	0.00277	1	1.45898	0.81042	0	
1272274	8580.30664	3306602660967	0.57380	0.70914	8579.89160	0.41504	11952	1	0.63250	0.71386	1	0.53502	0.78083	1	0.58376	0.74734	1	0.50372	0.53194	10.05522	0.99664	1	0.76318	0.55986	10.77943	0.99664	1	0.00094	-0.00768	0.66027	0.00261	1	0.06628	-0.01307	0.66012	0.00278	1	1.45898	0.81042	0	
1272275	8580.31348	3306602726074	0.57424	0.70986	8579.89160	0.42188	11952	1	0.63229	0.70685	1	0.53651	0.77440	1	0.58440	0.74062	1	0.50354	0.53176	9.65687	1.01178	1	0.76329	0.55989	10.57874	1.01178	1	0.00092	-0.00790	0.68392	0.00268	1	0.06548	-0.01287	0.65224	0.00279	1	1.45898	0.81042	0	
1272276	8580.31934	3306602789565	0.57416	0.70990	8579.89160	0.42773	11952	1	0.60983	0.70880	1	0.53785	0.74646	1	0.57384	0.72763	1	0.50344	0.53203	9.38180	1.01980	1	0.76323	0.55975	10.19600	1.01980	1	0.00092	-0.00790	0.68392	0.00260	1	0.06548	-0.01287	0.65224	0.00287	1	1.45898	0.81042	0	
1272277	8580.32617	3306602857857	0.57441	0.70949	8579.89160	0.43457	11952	1	0.62182	0.62969	1	0.54231	0.76026	1	0.58206	0.69497	1	0.50362	0.53115	9.09960	1.02782	1	0.76328	0.55987	10.18108	1.02782	1	0.00092	-0.00790	0.68392	0.00300	1	0.06548	-0.01287	0.65224	0.00282	1	1.45898	0.81042	0	
1272278	8580.33301	3306602925045	0.57465	0.70916	8579.89160	0.44141	11952	1	0.62182	0.62969	1	0.54231	0.76026	1	0.58206	0.69497	1	0.50347	0.53149	10.00168	1.02782	1	0.76321	0.55976	10.21546	1.02782	1	0.00084	-0.00767	0.65989	0.00284	1	0.06523	-0.01286	0.64969	0.00283	1	1.45898	0.81042	0	
1272279	8580.33984	3306602992143	0.57416	0.70966	8579.89160	0.44824	11952	1	0.60059	0.67552	1	0.53002	0.76129	1	0.56531	0.71840	1	0.50320	0.53165	9.41518	1.01980	1	0.76313	0.55970	10.11062	1.01980	1	0.00084	-0.00767	0.65989	0.00281	1	0.06523	-0.01286	0.64969	0.00284	1	1.45898	0.81042	0	
1272280	8580.34668	3306603058018	0.57353	0.71078	8579.89160	0.45508	11952	1	0.61563	0.71967	1	0.53799	0.75958	1	0.57681	0.73963	1	0.50337	0.53177	9.93963	1.01178	1	0.76312	0.55975	10.54556	1.01178	1	0.00084	-0.00767	0.65989	0.00272	1	0.06523	-0.01286	0.64969	0.00284	1	1.45898	0.81042	0	
1272281	8580.35352	3306603125535	0.57290	0.71202	8579.89160	0.46191	11952	1	0.61586	0.72329	1	0.53719	0.76310	1	0.57653	0.74320	1	0.50353	0.53173	9.52909	1.00377	1	0.76286	0.55989	10.53429	1.00377	1	0.00084	-0.00767	0.65989	0.00270	1	0.06548	-0.01287	0.65224	0.00294	1	1.45898	0.81042	0	
1272282	8580.36035	3306603194975	0.57193	0.71306	8579.89160	0.46875	11952	1	0.57857	0.68037	1	0.52522	0.76904	1	0.55189	0.72471	1	0.50299	0.53174	9.50913	1.00377	1	0.76318	0.55977	10.71603	1.00377	1	0.00084	-0.00767	0.65989	0.00283	1	0.06548	-0.01287	0.65224	0.00281	1	1.45898	0.81042	0	
1272283	8580.36719	3306603262196	0.57170	0.71397	8579.89160	0.47559	11952	1	0.59065	0.71975	1	0.53533	0.76920	1	0.56299	0.74447	1	0.50305	0.53209	9.64148	1.00377	1	0.76327	0.55970	10.46098	1.00377	1	0.00084	-0.00767	0.65989	0.00266	1	0.06548	-0.01287	0.65224	0.00278	1	1.45898	0.81042	0	
1272284	8580.37305	3306603329583	0.57148	0.71476	8579.89160	0.48145	11952	1	0.59023	0.71610	1	0.53612	0.76572	1	0.56317	0.74091	1	0.50337	0.53160	8.81587	1.01178	1	0.76314	0.55962	10.31092	1.01178	1	0.00083	-0.00800	0.68827	0.00286	1	0.06548	-0.01287	0.65224	0.00291	1	1.45898	0.81042	0	
1272285	8580.37988	3306603395946	0.57079	0.71460	8579.89160	0.48828	11952	1	0.58698	0.66891	1	0.52137	0.74380	1	0.55418	0.70636	1	0.50302	0.53186	9.52812	1.01980	1	0.76297	0.55987	10.51867	1.01980	1	0.00083	-0.00800	0.68827	0.00282	1	0.06548	-0.01287	0.65224	0.00290	1	1.45898	0.81042	0	
1272286	8580.38672	3306603463345	0.56982	0.71484	8579.89160	0.49512	11952	1	0.58759	0.67468	1	0.52793	0.74024	1	0.55776	0.70746	1	0.50322	0.53180	9.44166	1.02782	1	0.76303	0.55979	10.37022	1.02782	1	0.00083	-0.00800	0.68827	0.00252	1	0.06548	-0.01287	0.65224	0.00281	1	1.45898	0.81042	0	
1272287	8580.39355	3306603529259	0.56885	0.71508	8579.89160	0.50195	11952	1	0.58716	0.67077	1	0.52932	0.73317	1	0.55824	0.70197	1	0.50304	0.53202	9.70616	1.03583	1	0.76278	0.56027	11.14741	1.04349	1	0.00082	-0.00791	0.68477	0.00257	1	0.06837	-0.01349	0.68151	0.00283	1	1.45898	0.81042	0	
1272288	8580.40039	3306603597714	0.56877	0.71616	8579.89160	0.50879	11952	1	0.62402	0.68860	1	0.51706	0.76977	1	0.57054	0.72919	1	0.50284	0.53157	9.26673	1.04349	1	0.76280	0.56007	11.32290	1.05115	1	0.00082	-0.00791	0.68477	0.00283	1	0.06837	-0.01349	0.68151	0.00292	1	1.45898	0.81042	0	
1272289	8580.40723	3306603664740	0.56894	0.71723	8579.89160	0.51562	11952	1	0.62779	0.65616	1	0.53436	0.81007	1	0.58107	0.73311	1	0.50287	0.53136	9.09479	1.05115	1	0.76276	0.56058	11.45250	1.05881	1	0.00082	-0.00791	0.68477	0.00286	1	0.06837	-0.01349	0.68151	0.00282	1	1.45898	0.81042	0	
1272290	8580.41406	3306603732094	0.56910	0.71841	8579.89160	0.52246	11952	1	0.62780	0.65634	1	0.53362	0.81305	1	0.58071	0.73469	1	0.50304	0.53195	9.72588	1.05079	1	0.76271	0.56016	11.48230	1.05079	1	0.00074	-0.00760	0.65373	0.00272	1	0.06490	-0.01282	0.64744	0.00290	1	1.45898	0.81042	0	
1272291	8580.41992	3306603796546	0.56915	0.71982	8579.89160	0.52832	11952	1	0.63636	0.69496	1	0.52238	0.81120	1	0.57937	0.75308	1	0.50307	0.53204	10.06027	1.04278	1	0.76262	0.56000	11.31265	1.03512	1	0.00074	-0.00760	0.65373	0.00265	1	0.06490	-0.01282	0.64744	0.00294	1	1.45898	0.81042	0	
1272292	8580.42676	3306603862346	0.56884	0.72095	8579.89160	0.53516	11952	1	0.61881	0.69577	1	0.50816	0.82782	1	0.56348	0.76179	1	0.50270	0.53171	9.42777	1.02710	1	0.76232	0.56009	11.29212	1.01944	1	0.00074	-0.00760	0.65373	0.00272	1	0.06490	-0.01282	0.64744	0.00304	1	1.45898	0.81042	0	
1272293	8580.43359	3306603929728	0.56854	0.72210	8579.89160	0.54199	11952	1	0.61900	0.69935	1	0.50762	0.83064	1	0.56331	0.76499	1	0.50248	0.53159	8.44807	1.01944	1	0.76298	0.55968	10.44581	1.01178	1	0.00071	-0.00786	0.67634	0.00285	1	0.06658	-0.01312	0.66517	0.00303	1	1.45898	0.81042	0	
1272294	8580.43945	3306603992102	0.56892	0.72320	8579.89160	0.54785	11952	1	0.59507	0.73532	1	0.54220	0.78215	1	0.56864	0.75873	1	0.50240	0.53204	8.71408	1.01980	1	0.76253	0.55969	10.12821	1.01980	1	0.00071	-0.00786	0.67634	0.00288	1	0.06658	-0.01312	0.66517	0.00293	1	1.45898	0.81042	0	
1272295	8580.44727	3306604063360	0.56928	0.72486	8579.89160	0.55566	11952	1	0.59469	0.73185	1	0.55713	0.81848	1	0.57591	0.77516	1	0.50240	0.53204	8.71408	1.02782	1	0.76278	0.55995	10.62601	1.02782	1	0.00071	-0.00786	0.67634	0.00288	1	0.06658	-0.01312	0.66517	0.00280	1	1.45898	0.81042	0	
1272296	8580.45410	3306604133097	0.56965	0.72637	8579.89160	0.56250	11952	1	0.59431	0.72838	1	0.55807	0.81547	1	0.57619	0.77192	1	0.50226	0.53225	9.91639	1.03583	1	0.76206	0.55993	10.36295	1.03583	1	0.00061	-0.00785	0.67545	0.00273	1	0.06658	-0.01312	0.66517	0.00293	1	1.45898	0.81042	0	
1272297	8580.45996	3306604198753	0.57018	0.72790	8579.89160	0.56836	11952	1	0.64542	0.71789	1	0.53299	0.78767	1	0.58921	0.75278	1	0.50246	0.53181	9.11592	1.03583	1	0.76234	0.55974	10.55305	1.03583	1	0.00061	-0.00785	0.67545	0.00264	1	0.06658	-0.01312	0.66517	0.00281	1	1.45898	0.81042	0	
1272298	8580.46680	3306604263442	0.57073	0.72957	8579.89160	0.57520	11952	1	0.63851	0.69828	1	0.55646	0.85323	1	0.59748	0.77576	1	0.50229	0.53208	9.83367	1.03583	1	0.76246	0.55976	10.47431	1.03583	1	0.00061	-0.00785	0.67545	0.00267	1	0.06658	-0.01312	0.66517	0.00275	1	1.45898	0.81042	0	
1272299	8580.47363	3306604331563	0.57862	0.75725	8579.89160	0.57520	11952	0	0.63851	0.69828	1	0.55646	0.85323	1	0.59748	0.77576	1	0.50135	0.53150	9.15905	1.03583	1	0.76115	0.55788	9.86241	1.03583	1	0.00040	-0.00769	0.67453	0.00283	1	0.06627	-0.01305	0.66400	0.00312	1	1.45898	0.81042	0	
1272300	8580.48047	3306604399764	0.56782	0.73699	8579.89160	0.57520	11952	0	0.60816	0.69294	1	0.50589	0.74054	1	0.55702	0.71674	1	0.50093	0.53080	8.55375	1.03583	1	0.76074	0.55843	10.52406	1.03583	1	0.00040	-0.00769	0.67453	0.00265	1	0.06627	-0.01305	0.66400	0.00287	1	1.45898	0.81042	0	
1272301	8580.48730	3306604464865	0.57772	0.73500	8579.89160	0.57520	11952	0	0.60637	0.71895	1	0.58868	0.74307	1	0.59752	0.73101	1	0.50097	0.53002	8.20355	1.03583	1	0.76126	0.55772	10.61042	1.03583	1	0.00040	-0.00769	0.67453	0.00275	1	0.06627	-0.01305	0.66400	0.00260	1	1.45898	0.81042	0	
1272302	8580.49414	3306604531881	0.58074	0.73616	8580.47363	0.02051	11953	1	0.60637	0.71895	0	0.58979	0.73964	1	0.58979	0.73964	1	0.50097	0.53002	8.20355	1.03583	0	0.75915	0.55500	10.10373	1.04349	1	0.00040	-0.00769	0.67453	0.00275	1	0.06826	-0.01305	0.68756	0.00355	1	1.45898	0.81042	0	
1272303	8580.50000	3306604595147	0.58074	0.73616	8580.47363	0.02637	11953	1	0.60637	0.71895	0	0.58979	0.73964	0	0.58979	0.73964	0	0.50097	0.53002	8.20355	1.04349	0	0.75915	0.55500	10.10373	1.05115	0	0.00040	-0.00769	0.67453	0.00275	1	0.06826	-0.01305	0.68756	0.00355	1	1.45898	0.81042	0	
1272304	8580.50781	3306604668949	0.56372	0.70935	8580.47363	0.03418	11953	1	0.60637	0.71895	0	0.49567	0.60213	1	0.49567	0.60213	1	0.50097	0.53002	8.20355	1.05115	0	0.75893	0.55451	10.14010	1.05881	1	0.00040	-0.00769	0.67453	0.00275	1	0.06826	-0.01305	0.68756	0.00322	1	1.45898	0.81042	0	AUDIO_FILE_OFFSET
1272305	8580.51367	3306604736180	0.56372	0.70935	8580.47363	0.04004	11953	1	0.60637	0.71895	0	0.49567	0.60213	0	0.49567	0.60213	0	0.50097	0.53002	8.20355	1.05881	0	0.75893	0.55451	10.14010	1.06647	0	0.00040	-0.00769	0.67453	0.00275	1	0.06826	-0.01305	0.68756	0.00322	1	1.45898	0.81042	0	
1272306	8580.52051	3306604802736	0.56372	0.70935	8580.47363	0.04688	11953	1	0.60637	0.71895	0	0.49567	0.60213	0	0.49567	0.60213	0	0.50097	0.53002	8.20355	1.06647	0	0.75893	0.55451	10.14010	1.06647	0	0.00040	-0.00769	0.67453	0.00275	1	0.06826	-0.01305	0.68756	0.00322	1	1.45898	0.81042	0	
1272307	8580.52832	3306604874482	0.56372	0.70935	8580.47363	0.05469	11953	1	0.60637	0.71895	0	0.49567	0.60213	0	0.49567	0.60213	0	0.50097	0.53002	8.20355	1.06647	0	0.75893	0.55451	10.14010	1.06647	0	0.00040	-0.00769	0.67453	0.00275	1	0.06826	-0.01305	0.68756	0.00322	1	1.45898	0.81042	0	
1272308	8580.53516	3306604949029	0.56000	0.69738	8580.47363	0.05469	11953	0	0.60637	0.71895	0	0.49567	0.60213	0	0.49567	0.60213	0	0.50097	0.53002	8.20355	1.06647	0	0.75893	0.55451	10.14010	1.06647	0	0.00040	-0.00769	0.67453	0.00275	1	0.06826	-0.01305	0.68756	0.00322	1	1.45898	0.81042	0	
1272611	8582.56348	3306625230752	0.27366	0.34164	8582.44336	0.12012	11960	1	0.27103	0.31108	1	0.29284	0.39938	1	0.28194	0.35523	1	0.48341	0.52951	10.33223	1.07075	1	0.74526	0.55516	11.45979	1.07075	1	-0.00286	-0.00818	0.68133	0.00237	1	0.06380	-0.01293	0.67107	0.00356	1	1.45898	0.81042	0	STOP_TRIAL
1272612	8582.57031	3306625299884	0.27400	0.34485	8582.44336	0.12695	11960	1	0.27945	0.34185	1	0.28143	0.46968	1	0.28044	0.40576	1	0.48357	0.52954	10.40599	1.06166	1	0.74519	0.55567	12.04944	1.06932	1	-0.00286	-0.00818	0.68133	0.00223	1	0.06380	-0.01293	0.67107	0.00349	1	1.45898	0.81042	0	START_TRIAL
1272613	8582.57715	3306625366274	0.27386	0.34646	8582.44336	0.13379	11960	1	0.27308	0.33462	1	0.26900	0.42276	1	0.27104	0.37869	1	0.48347	0.52948	10.46253	1.06024	1	0.74498	0.55521	12.07150	1.06790	1	-0.00286	-0.00818	0.68133	0.00221	1	0.06380	-0.01293	0.67107	0.00357	1	1.45898	0.81042	0	
1272614	8582.58398	3306625433501	0.27374	0.34798	8582.44336	0.14062	11960	1	0.27352	0.33578	1	0.26921	0.42378	1	0.27137	0.37978	1	0.48345	0.52932	10.12554	1.05881	1	0.74457	0.55498	11.95801	1.06647	1	-0.00286	-0.00818	0.68133	0.00226	1	0.06421	-0.01299	0.67644	0.00364	1	1.45898	0.81042	0	
1272615	8582.58984	3306625498193	0.27332	0.34980	8582.44336	0.14648	11960	1	0.26479	0.34366	1	0.26308	0.43622	1	0.26394	0.38994	1	0.48329	0.52942	10.77340	1.06647	1	0.74440	0.55524	12.06254	1.06647	1	-0.00286	-0.00818	0.68133	0.00222	1	0.06421	-0.01299	0.67644	0.00371	1	1.45898	0.81042	0	
1272616	8582.59766	3306625569334	0.27297	0.35085	8582.44336	0.15430	11960	1	0.27731	0.32265	1	0.25281	0.42755	1	0.26506	0.37510	1	0.48354	0.52945	10.21250	1.06647	1	0.74467	0.55504	11.84854	1.06647	1	-0.00286	-0.00818	0.68133	0.00229	1	0.06421	-0.01299	0.67644	0.00373	1	1.45898	0.81042	0	
1272617	8582.60352	3306625634498	0.27263	0.35170	8582.44336	0.16016	11960	1	0.27731	0.32265	1	0.25138	0.42139	1	0.26434	0.37202	1	0.48342	0.52943	10.13679	1.06647	1	0.74469	0.55514	11.97361	1.07515	1	-0.00286	-0.00818	0.68133	0.00241	1	0.06558	-0.01331	0.69033	0.00371	1	1.45898	0.81042	0	
1272618	8582.61035	3306625700518	0.27233	0.35120	8582.44336	0.16699	11960	1	0.27372	0.32170	1	0.25596	0.35595	1	0.26484	0.33883	1	0.48353	0.52942	10.32228	1.07515	1	0.74472	0.55464	11.85312	1.08383	1	-0.00286	-0.00818	0.68133	0.00226	1	0.06558	-0.01331	0.69033	0.00384	1	1.45898	0.81042	0	
1272619	8582.61719	3306625766980	0.27123	0.35162	8582.44336	0.17383	11960	1	0.25149	0.36700	1	0.23387	0.35791	1	0.24268	0.36246	1	0.48346	0.52935	10.12680	1.08383	1	0.74447	0.55479	12.11131	1.09251	1	-0.00286	-0.00818	0.68133	0.00225	1	0.06558	-0.01331	0.69033	0.00386	1	1.45898	0.81042	0	
1272620	8582.62402	3306625836338	0.27019	0.35199	8582.44336	0.18066	11960	1	0.24872	0.36036	1	0.23523	0.36369	1	0.24197	0.36202	1	0.48351	0.52912	9.98691	1.09251	1	0.74462	0.55447	11.52122	1.08485	1	-0.00295	-0.00839	0.70350	0.00228	1	0.06212	-0.01258	0.65291	0.00380	1	1.45898	0.81042	0	
1272621	8582.63086	3306625902654	0.26940	0.35284	8582.44336	0.18750	11960	1	0.24613	0.32636	1	0.24873	0.42646	1	0.24743	0.37641	1	0.48356	0.52907	9.95683	1.08485	1	0.74475	0.55480	12.11913	1.06851	1	-0.00295	-0.00839	0.70350	0.00227	1	0.06212	-0.01258	0.65291	0.00374	1	1.45898	0.81042	0	
1272622	8582.63770	3306625969866	0.26908	0.35537	8582.44336	0.19434	11960	1	0.25939	0.34745	1	0.26037	0.51023	1	0.25988	0.42884	1	0.48353	0.52907	10.05649	1.06851	1	0.74475	0.55508	12.02270	1.05217	1	-0.00295	-0.00839	0.70350	0.00225	1	0.06212	-0.01258	0.65291	0.00364	1	1.45898	0.81042	0	
1272623	8582.64453	3306626036195	0.26117	0.38345	8582.44336	0.19434	11960	0	0.26170	0.35321	1	0.26031	0.50997	1	0.26100	0.43159	1	0.48348	0.52896	10.37307	1.06126	1	0.74515	0.55506	11.60212	1.05258	1	-0.00288	-0.00833	0.69855	0.00220	1	0.06556	-0.01327	0.68848	0.00357	1	1.45898	0.81042	0	
1272624	8582.65039	3306626102213	0.25659	0.39794	8582.44336	0.19434	11960	0	0.23552	0.32895	1	0.26850	0.49590	1	0.25201	0.41243	1	0.48354	0.52892	10.23369	1.06166	1	0.74503	0.55486	11.21744	1.06932	1	-0.00288	-0.00833	0.69855	0.00217	1	0.06556	-0.01327	0.68848	0.00376	1	1.45898	0.81042	0	
1272625	8582.65723	3306626171308	0.25322	0.39771	8582.44336	0.19434	11960	0	0.22057	0.31540	1	0.27241	0.47912	1	0.24649	0.39726	1	0.48350	0.52887	10.23917	1.07841	1	0.74510	0.55510	11.28879	1.08607	1	-0.00288	-0.00833	0.69855	0.00222	1	0.06556	-0.01327	0.68848	0.00356	1	1.45898	0.81042	0	
1272626	8582.66406	3306626237443	0.25066	0.39514	8582.64453	0.01953	11961	1	0.21483	0.30167	1	0.27110	0.47320	1	0.24296	0.38743	1	0.48359	0.52885	10.22385	1.09515	1	0.74524	0.55502	11.69691	1.09515	1	-0.00283	-0.00812	0.68564	0.00224	1	0.06357	-0.01283	0.66815	0.00357	1	1.45898	0.81042	0	
1272627	8582.67090	3306626304704	0.25102	0.39430	8582.64453	0.02637	11961	1	0.22615	0.29740	1	0.27875	0.48446	1	0.25245	0.39093	1	0.48358	0.52880	10.16675	1.09515	1	0.74517	0.55497	12.15757	1.08749	1	-0.00283	-0.00812	0.68564	0.00228	1	0.06357	-0.01283	0.66815	0.00343	1	1.45898	0.81042	0	
1272628	8582.67773	3306626371368	0.25270	0.39555	8582.64453	0.03320	11961	1	0.23720	0.30877	1	0.28499	0.49487	1	0.26109	0.40182	1	0.48367	0.52886	10.19030	1.08749	1	0.74528	0.55516	11.96984	1.07983	1	-0.00283	-0.00812	0.68564	0.00228	1	0.06357	-0.01283	0.66815	0.00353	1	1.45898	0.81042	0	
1272629	8582.68457	3306626438573	0.25438	0.39784	8582.64453	0.04004	11961	1	0.24270	0.32246	1	0.28621	0.50071	1	0.26445	0.41158	1	0.48362	0.52881	9.75033	1.07075	1	0.74537	0.55488	11.82037	1.07075	1	-0.00286	-0.00807	0.68133	0.00233	1	0.06556	-0.01327	0.68848	0.00349	1	1.45898	0.81042	0	
1272630	8582.69141	3306626504822	0.25548	0.40062	8582.64453	0.04688	11961	1	0.23828	0.37013	1	0.28809	0.46992	1	0.26319	0.42003	1	0.48354	0.52875	10.22108	1.06166	1	0.74533	0.55493	11.94475	1.06932	1	-0.00286	-0.00807	0.68133	0.00228	1	0.06556	-0.01327	0.68848	0.00341	1	1.45898	0.81042	0	
1272631	8582.69727	3306626572155	0.25718	0.40197	8582.64453	0.05273	11961	1	0.24526	0.37054	1	0.29634	0.45508	1	0.27080	0.41281	1	0.48370	0.52877	10.16079	1.06024	1	0.74541	0.55460	11.73044	1.06790	1	-0.00286	-0.00807	0.68133	0.00222	1	0.06556	-0.01327	0.68848	0.00344	1	1.45898	0.81042	0	
1272632	8582.70410	3306626639152	0.25837	0.40249	8582.64453	0.05957	11961	1	0.24271	0.36457	1	0.29538	0.44982	1	0.26905	0.40720	1	0.48350	0.52878	10.45227	1.06790	1	0.74533	0.55476	11.65075	1.07556	1	-0.00283	-0.00812	0.68564	0.00233	1	0.06377	-0.01286	0.66965	0.00346	1	1.45898	0.81042	0	
1272633	8582.71094	3306626705945	0.25801	0.40106	8582.64453	0.06641	11961	1	0.22415	0.29740	1	0.28464	0.47611	1	0.25439	0.38676	1	0.48361	0.52873	9.94898	1.08464	1	0.74529	0.55492	11.85357	1.08464	1	-0.00283	-0.00812	0.68564	0.00229	1	0.06377	-0.01286	0.66965	0.00342	1	1.45898	0.81042	0	
1272634	8582.71777	3306626773663	0.25750	0.40201	8582.64453	0.07324	11961	1	0.21677	0.34487	1	0.28716	0.47997	1	0.25197	0.41242	1	0.48345	0.52875	10.29424	1.09373	1	0.74533	0.55504	11.82323	1.09373	1	-0.00283	-0.00812	0.68564	0.00234	1	0.06377	-0.01286	0.66965	0.00359	1	1.45898	0.81042	0	
1272635	8582.72461	3306626839753	0.25703	0.40259	8582.64453	0.08008	11961	1	0.21677	0.34487	1	0.28603	0.47435	1	0.25140	0.40961	1	0.48363	0.52883	10.00961	1.09373	1	0.74527	0.55464	11.72918	1.10241	1	-0.00276	-0.00808	0.68164	0.00230	1	0.06740	-0.01358	0.70726	0.00346	1	1.45898	0.81042	0	
1272636	8582.73145	3306626907048	0.25716	0.40122	8582.64453	0.08691	11961	1	0.23441	0.35041	1	0.28322	0.41624	1	0.25882	0.38333	1	0.48367	0.52890	10.03140	1.09332	1	0.74538	0.55435	11.47278	1.10200	1	-0.00276	-0.00808	0.68164	0.00230	1	0.06740	-0.01358	0.70726	0.00350	1	1.45898	0.81042	0	
1272637	8582.73828	3306626974006	0.25598	0.39981	8582.64453	0.09375	11961	1	0.23070	0.35121	1	0.24811	0.40903	1	0.23940	0.38012	1	0.48368	0.52888	10.27382	1.09292	1	0.74510	0.55442	11.41341	1.10160	1	-0.00276	-0.00808	0.68164	0.00231	1	0.06740	-0.01358	0.70726	0.00383	1	1.45898	0.81042	0	
1272638	8582.74414	3306627040901	0.25495	0.39860	8582.64453	0.09961	11961	1	0.23083	0.35152	1	0.24817	0.40932	1	0.23950	0.38042	1	0.48370	0.52881	10.44201	1.09251	1	0.74526	0.55512	12.05628	1.10119	1	-0.00276	-0.00808	0.68164	0.00229	1	0.06740	-0.01363	0.70726	0.00365	1	1.45898	0.81042	0	
1272639	8582.75098	3306627108344	0.25466	0.39911	8582.64453	0.10645	11961	1	0.23895	0.33645	1	0.26105	0.47803	1	0.25000	0.40724	1	0.48373	0.52878	10.58172	1.10119	1	0.74538	0.55509	11.96376	1.10119	1	-0.00276	-0.00808	0.68164	0.00224	1	0.06740	-0.01363	0.70726	0.00354	1	1.45898	0.81042	0	
1272640	8582.75781	3306627175221	0.25417	0.40027	8582.64453	0.11328	11961	1	0.23895	0.33645	1	0.25293	0.50375	1	0.24594	0.42010	1	0.48373	0.52878	10.58172	1.10119	1	0.74524	0.55529	12.10877	1.10119	1	-0.00276	-0.00808	0.68164	0.00224	1	0.06740	-0.01363	0.70726	0.00356	1	1.45898	0.81042	0	
1272641	8582.76465	3306627242295	0.25374	0.40132	8582.64453	0.12012	11961	1	0.23895	0.33645	1	0.25293	0.50375	1	0.24594	0.42010	1	0.48370	0.52891	10.19220	1.10119	1	0.74532	0.55525	11.93170	1.10119	1	-0.00276	-0.00808	0.68164	0.00232	1	0.06740	-0.01358	0.70726	0.00356	1	1.45898	0.81042	0	
1272642	8582.77148	3306627308878	0.25307	0.40105	8582.64453	0.12695	11961	1	0.22583	0.29671	1	0.25474	0.49517	1	0.24028	0.39594	1	0.48370	0.52881	10.44201	1.10119	1	0.74528	0.55528	12.16073	1.10119	1	-0.00276	-0.00808	0.68164	0.00229	1	0.06740	-0.01358	0.70726	0.00349	1	1.45898	0.81042	0	
1272643	8582.77832	3306627375926	0.25265	0.39900	8582.64453	0.13379	11961	1	0.23857	0.29598	1	0.25001	0.42002	1	0.24429	0.35800	1	0.48380	0.52888	10.51550	1.10119	1	0.74517	0.55441	11.61721	1.10119	1	-0.00276	-0.00808	0.68164	0.00224	1	0.06740	-0.01358	0.70726	0.00389	1	1.45898	0.81042	0	
1272644	8582.78516	3306627443119	0.25236	0.39741	8582.64453	0.14062	11961	1	0.24115	0.30255	1	0.25131	0.42559	1	0.24623	0.36407	1	0.48370	0.52882	10.37758	1.09318	1	0.74516	0.55424	11.70802	1.09318	1	-0.00262	-0.00781	0.65925	0.00227	1	0.06740	-0.01363	0.70726	0.00400	1	1.45898	0.81042	0	
1272645	8582.79102	3306627510143	0.25213	0.39622	8582.64453	0.14648	11961	1	0.23083	0.35295	1	0.26355	0.38702	1	0.24719	0.36999	1	0.48368	0.52884	10.39543	1.08516	1	0.74531	0.55457	11.76011	1.08516	1	-0.00262	-0.00781	0.65925	0.00229	1	0.06740	-0.01363	0.70726	0.00381	1	1.45898	0.81042	0	
1272646	8582.79785	3306627576487	0.25244	0.39532	8582.64453	0.15332	11961	1	0.24122	0.31663	1	0.27769	0.43248	1	0.25945	0.37455	1	0.48377	0.52887	10.12160	1.07714	1	0.74547	0.55496	11.98663	1.07714	1	-0.00262	-0.00781	0.65925	0.00229	1	0.06740	-0.01363	0.70726	0.00360	1	1.45898	0.81042	0	
1272647	8582.80469	3306627643863	0.25274	0.39461	8582.64453	0.16016	11961	1	0.24122	0.31663	1	0.27891	0.43856	1	0.26007	0.37759	1	0.48385	0.52890	10.25218	1.07714	1	0.74537	0.55438	11.85210	1.06846	1	-0.00276	-0.00808	0.68164	0.00227	1	0.06551	-0.01324	0.68689	0.00366	1	1.45898	0.81042	0	
1272648	8582.81152	3306627711294	0.25236	0.39253	8582.64453	0.16699	11961	1	0.24364	0.30784	1	0.24180	0.37350	1	0.24272	0.34067	1	0.48382	0.52875	10.42715	1.07648	1	0.74530	0.55417	11.70931	1.06780	1	-0.00276	-0.00808	0.68164	0.00230	1	0.06551	-0.01324	0.68689	0.00360	1	1.45898	0.81042	0	
1272649	8582.81836	3306627778057	0.25179	0.39222	8582.64453	0.17383	11961	1	0.21560	0.30794	1	0.25842	0.46031	1	0.23701	0.38412	1	0.48410	0.52877	10.05157	1.07581	1	0.74560	0.55514	12.28877	1.06713	1	-0.00276	-0.00808	0.68164	0.00220	1	0.06551	-0.01324	0.68689	0.00361	1	1.45898	0.81042	0	
1272650	8582.82520	3306627844816	0.25118	0.39171	8582.64453	0.18066	11961	1	0.21268	0.30096	1	0.25707	0.45458	1	0.23487	0.37777	1	0.48686	0.53123	11.24986	1.08424	1	0.74810	0.55387	11.59464	1.07556	1	-0.00247	-0.00830	0.70053	0.00342	1	0.06539	-0.01315	0.68242	0.00336	1	1.45898	0.81042	0	
1272651	8582.83203	3306627913089	0.25324	0.39182	8582.64453	0.18750	11961	1	0.21268	0.30096	0	0.31095	0.39493	1	0.31095	0.39493	1	0.48686	0.53123	11.24986	1.08464	0	0.74838	0.55459	12.54733	1.08464	1	-0.00247	-0.00830	0.70053	0.00342	1	0.06539	-0.01315	0.68242	0.00337	1	1.45898	0.81042	0	
1272652	8582.83789	3306627978442	0.25324	0.39182	8582.64453	0.19336	11961	1	0.21268	0.30096	0	0.31095	0.39493	0	0.31095	0.39493	0	0.48686	0.53123	11.24986	1.09373	0	0.74838	0.55459	12.54733	1.09373	0	-0.00247	-0.00830	0.70053	0.00342	1	0.06539	-0.01315	0.68242	0.00337	1	1.45898	0.81042	0	
1272653	8582.84473	3306628045364	0.25324	0.39182	8582.64453	0.20020	11961	1	0.21268	0.30096	0	0.31095	0.39493	0	0.31095	0.39493	0	0.48686	0.53123	11.24986	1.10281	0	0.74838	0.55459	12.54733	1.10281	0	-0.00247	-0.00830	0.70053	0.00342	1	0.06539	-0.01315	0.68242	0.00337	1	1.45898	0.81042	0	
1272654	8582.85156	3306628109654	0.25324	0.39182	8582.64453	0.20703	11961	1	0.21268	0.30096	0	0.31095	0.39493	0	0.31095	0.39493	0	0.48686	0.53123	11.24986	1.10281	0	0.74838	0.55459	12.54733	1.10281	0	-0.00247	-0.00830	0.70053	0.00342	1	0.06539	-0.01315	0.68242	0.00337	1	1.45898	0.81042	0	
1272655	8582.85840	3306628175981	0.25124	0.38149	8582.64453	0.20703	11961	0	0.21268	0.30096	0	0.31095	0.39493	0	0.31095	0.39493	0	0.48686	0.53123	11.24986	1.10281	0	0.74838	0.55459	12.54733	1.10281	0	-0.00247	-0.00830	0.70053	0.00342	1	0.06539	-0.01315	0.68242	0.00337	1	1.45898	0.81042	0	
1272656	8582.86523	3306628243605	0.25124	0.38149	8582.64453	0.20703	11961	0	0.21268	0.30096	0	0.31095	0.39493	0	0.31095	0.39493	0	0.48686	0.53123	11.24986	1.10281	0	0.74838	0.55459	12.54733	1.10281	0	-0.00247	-0.00830	0.70053	0.00342	1	0.06539	-0.01315	0.68242	0.00337	1	1.45898	0.81042	0	
1272657	8582.87207	3306628312088	0.25124	0.38149	8582.64453	0.20703	11961	0	0.21268	0.30096	0	0.31095	0.39493	0	0.31095	0.39493	0	0.48686	0.53123	11.24986	1.10281	0	0.74838	0.55459	12.54733	1.10281	0	-0.00247	-0.00830	0.70053	0.00342	1	0.06539	-0.01315	0.68242	0.00337	1	1.45898	0.81042	0	
1272658	8582.87793	3306628376903	0.00000	0.00000	8582.64453	0.20703	11961	0	0.21268	0.30096	0	0.31095	0.39493	0	0.31095	0.39493	0	0.48686	0.53123	11.24986	1.10281	0	0.74838	0.55459	12.54733	1.10281	0	-0.00247	-0.00830	0.70053	0.00342	1	0.06539	-0.01315	0.68242	0.00337	1	1.45898	0.81042	0	
1272659	8582.88477	3306628445888	0.00000	0.00000	8582.64453	0.20703	11961	0	0.21268	0.30096	0	0.31095	0.39493	0	0.31095	0.39493	0	0.48686	0.53123	11.24986	1.10281	0	0.74838	0.55459	12.54733	1.10281	0	-0.00247	-0.00830	0.70053	0.00342	1	0.06539	-0.01315	0.68242	0.00337	1	1.45898	0.81042	0	
1272660	8582.89160	3306628510307	0.00000	0.00000	8582.64453	0.20703	11961	0	0.21268	0.30096	0	0.31095	0.39493	0	0.31095	0.39493	0	0.48686	0.53123	11.24986	1.10281	0	0.74838	0.55459	12.54733	1.10281	0	-0.00247	-0.00830	0.70053	0.00342	1	0.06539	-0.01315	0.68242	0.00337	1	1.45898	0.81042	0	
1272661	8582.89844	3306628580801	0.51486	0.44235	8582.64453	0.20703	11961	0	0.53532	0.41822	1	0.49440	0.46648	1	0.51486	0.44235	1	0.49310	0.52989	11.12497	1.10281	1	0.75411	0.55536	12.02170	1.10281	1	-0.00247	-0.00830	0.70053	0.00347	1	0.06539	-0.01315	0.68242	0.00341	1	1.45898	0.81042	0	
1272662	8582.90527	3306628646115	0.51485	0.44671	8582.64453	0.20703	11961	0	0.53616	0.42449	1	0.49352	0.47767	1	0.51484	0.45108	1	0.49318	0.53040	11.60406	1.09373	1	0.75416	0.55530	11.84504	1.08607	1	-0.00154	-0.00809	0.68279	0.00335	1	0.06375	-0.01268	0.65552	0.00344	1	1.45898	0.81042	0	
1272663	8582.91211	3306628715737	0.51672	0.43886	8582.64453	0.20703	11961	0	0.54424	0.41441	1	0.49669	0.43187	1	0.52046	0.42314	1	0.49320	0.52988	11.38500	1.07698	1	0.75412	0.55479	11.64547	1.06932	1	-0.00154	-0.00809	0.68279	0.00344	1	0.06375	-0.01268	0.65552	0.00363	1	1.45898	0.81042	0	
1272664	8582.91895	3306628782268	0.51662	0.44716	8582.89844	0.02051	11962	1	0.53581	0.44274	1	0.49680	0.50139	1	0.51630	0.47207	1	0.49315	0.52991	11.25373	1.06024	1	0.75417	0.55527	11.81789	1.05258	1	-0.00154	-0.00809	0.68279	0.00353	1	0.06375	-0.01268	0.65552	0.00339	1	1.45898	0.81042	0	
1272665	8582.92480	3306628847375	0.51662	0.45442	8582.89844	0.02637	11962	1	0.53741	0.45437	1	0.49584	0.51256	1	0.51662	0.48347	1	0.49310	0.53007	11.49870	1.04349	1	0.75428	0.55493	11.83653	1.03583	1	-0.00154	-0.00809	0.68279	0.00349	1	0.06439	-0.01281	0.66209	0.00358	1	1.45898	0.81042	0	
1272666	8582.93262	3306628916619	0.51743	0.45329	8582.89844	0.03418	11962	1	0.54727	0.44711	1	0.49567	0.44820	1	0.52147	0.44765	1	0.49326	0.52987	11.50474	1.03583	1	0.75417	0.55479	11.84271	1.03583	1	-0.00154	-0.00809	0.68279	0.00352	1	0.06439	-0.01281	0.66209	0.00361	1	1.45898	0.81042	0	
1272667	8582.93848	3306628983759	0.51818	0.45463	8582.89844	0.04004	11962	1	0.54727	0.44711	1	0.49817	0.47827	1	0.52272	0.46269	1	0.49326	0.52987	11.50474	1.03583	1	0.75420	0.55488	11.81528	1.03583	1	-0.00154	-0.00809	0.68279	0.00352	1	0.06439	-0.01281	0.66209	0.00360	1	1.45898	0.81042	0	
1272668	8582.94531	3306629049821	0.51876	0.45451	8582.89844	0.04688	11962	1	0.54646	0.44069	1	0.49917	0.46655	1	0.52282	0.45362	1	0.49323	0.53013	11.65445	1.04492	1	0.75427	0.55499	11.33263	1.05258	1	-0.00163	-0.00819	0.70004	0.00346	1	0.06719	-0.01333	0.69141	0.00353	1	1.45898	0.81042	0	
1272669	8582.95215	3306629117131	0.51851	0.45496	8582.89844	0.05371	11962	1	0.54057	0.46148	1	0.49250	0.45566	1	0.51653	0.45857	1	0.49312	0.53025	11.83478	1.06166	1	0.75404	0.55486	11.99014	1.06932	1	-0.00163	-0.00819	0.70004	0.00340	1	0.06719	-0.01333	0.69141	0.00360	1	1.45898	0.81042	0	
1272670	8582.95898	3306629182614	0.51944	0.45338	8582.89844	0.06055	11962	1	0.55203	0.48575	1	0.50359	0.39266	1	0.52781	0.43920	1	0.49323	0.53055	11.83762	1.07841	1	0.75420	0.55436	11.19608	1.08607	1	-0.00163	-0.00819	0.70004	0.00330	1	0.06719	-0.01333	0.69141	0.00377	1	1.45898	0.81042	0	
1272671	8582.96582	3306629251274	0.52022	0.45132	8582.89844	0.06738	11962	1	0.55141	0.48083	1	0.50460	0.38045	1	0.52800	0.43064	1	0.49312	0.53034	11.35188	1.08607	1	0.75402	0.55445	11.57505	1.10241	1	-0.00165	-0.00817	0.68908	0.00342	1	0.06779	-0.01346	0.69813	0.00368	1	1.45898	0.81042	0	
1272672	8582.97266	3306629318253	0.51962	0.44895	8582.89844	0.07422	11962	1	0.53697	0.40194	1	0.48896	0.44400	1	0.51297	0.42297	1	0.49313	0.52986	11.23763	1.09332	1	0.75395	0.55489	11.68463	1.10200	1	-0.00165	-0.00817	0.68908	0.00366	1	0.06779	-0.01346	0.69813	0.00346	1	1.45898	0.81042	0	
1272673	8582.97949	3306629385492	0.52166	0.44348	8582.89844	0.08105	11962	1	0.56508	0.38364	1	0.52737	0.37203	1	0.54623	0.37783	1	0.49318	0.52975	11.10205	1.09292	1	0.75412	0.55476	11.72647	1.10160	1	-0.00165	-0.00817	0.68908	0.00370	1	0.06779	-0.01346	0.69813	0.00361	1	1.45898	0.81042	0	
1272674	8582.98535	3306629452041	0.52339	0.43905	8582.89844	0.08691	11962	1	0.56511	0.38393	1	0.52663	0.37891	1	0.54587	0.38142	1	0.49303	0.53012	11.26462	1.09251	1	0.75399	0.55439	11.54009	1.09251	1	-0.00165	-0.00817	0.68908	0.00355	1	0.06633	-0.01323	0.68366	0.00373	1	1.45898	0.81042	0	
1272675	8582.99219	3306629519452	0.52405	0.43493	8582.89844	0.09375	11962	1	0.55298	0.42233	1	0.51337	0.33219	1	0.53317	0.37726	1	0.49300	0.53005	11.24585	1.09251	1	0.75399	0.55426	11.48492	1.08383	1	-0.00165	-0.00817	0.68908	0.00357	1	0.06633	-0.01323	0.68366	0.00387	1	1.45898	0.81042	0	
1272676	8582.99902	3306629586516	0.52473	0.43655	8582.89844	0.10059	11962	1	0.55766	0.44626	1	0.51239	0.47546	1	0.53502	0.46086	1	0.49310	0.53029	11.41242	1.08383	1	0.75402	0.55503	11.80238	1.07515	1	-0.00165	-0.00817	0.68908	0.00348	1	0.06633	-0.01323	0.68366	0.00362	1	1.45898	0.81042	0	
1272677	8583.00586	3306629649495	0.52534	0.43796	8582.89844	0.10742	11962	1	0.55763	0.44599	1	0.51242	0.47518	1	0.53502	0.46058	1	0.49290	0.52979	10.63039	1.08424	1	0.75375	0.55535	11.00526	1.07556	1	-0.00172	-0.00820	0.69678	0.00356	1	0.06556	-0.01302	0.67567	0.00356	1	1.45898	0.81042	0	
1272678	8583.01270	3306629717598	0.52538	0.43642	8582.89844	0.11426	11962	1	0.55089	0.38973	1	0.50146	0.43048	1	0.52617	0.41010	1	0.49301	0.52951	10.82209	1.08464	1	0.75377	0.55516	11.08556	1.08464	1	-0.00172	-0.00820	0.69678	0.00367	1	0.06556	-0.01302	0.67567	0.00365	1	1.45898	0.81042	0	
1272679	8583.01953	3306629787116	0.52586	0.43708	8582.89844	0.12109	11962	1	0.53282	0.43027	1	0.53614	0.46768	1	0.53448	0.44898	1	0.49266	0.53003	10.56491	1.09373	1	0.75394	0.55528	11.99485	1.09373	1	-0.00172	-0.00820	0.69678	0.00358	1	0.06556	-0.01302	0.67567	0.00361	1	1.45898	0.81042	0	
1272680	8583.02539	3306629852920	0.52629	0.43767	8582.89844	0.12695	11962	1	0.53282	0.43027	1	0.53614	0.46768	1	0.53448	0.44898	1	0.49264	0.52997	11.31568	1.09373	1	0.75394	0.55551	11.51228	1.09373	1	-0.00165	-0.00817	0.68908	0.00358	1	0.06633	-0.01313	0.68366	0.00372	1	1.45898	0.81042	0	
1272681	8583.03223	3306629921899	0.52717	0.43996	8582.89844	0.13379	11962	1	0.57376	0.44911	1	0.51552	0.52222	1	0.54464	0.48567	1	0.49286	0.53023	11.49365	1.08464	1	0.75410	0.55527	12.07556	1.08464	1	-0.00165	-0.00817	0.68908	0.00328	1	0.06633	-0.01313	0.68366	0.00381	1	1.45898	0.81042	0	
1272682	8583.03906	3306629985118	0.52718	0.44169	8582.89844	0.14062	11962	1	0.55490	0.43857	1	0.50017	0.51767	1	0.52753	0.47812	1	0.49259	0.53015	11.37232	1.07556	1	0.75387	0.55519	11.44511	1.07556	1	-0.00165	-0.00817	0.68908	0.00355	1	0.06633	-0.01313	0.68366	0.00374	1	1.45898	0.81042	0	
1272683	8583.04590	3306630052506	0.52720	0.44354	8582.89844	0.14746	11962	1	0.55561	0.44482	1	0.49963	0.52347	1	0.52762	0.48414	1	0.49285	0.52998	10.80334	1.06647	1	0.75377	0.55518	11.46436	1.06647	1	-0.00165	-0.00806	0.68908	0.00361	1	0.06556	-0.01292	0.67567	0.00375	1	1.45898	0.81042	0	
1272684	8583.05273	3306630117889	0.52749	0.44611	8582.89844	0.15430	11962	1	0.58059	0.49494	1	0.48779	0.51552	1	0.53419	0.50523	1	0.49294	0.53062	11.31341	1.06647	1	0.75374	0.55491	11.31587	1.06647	1	-0.00165	-0.00806	0.68908	0.00332	1	0.06556	-0.01292	0.67567	0.00373	1	1.45898	0.81042	0	
1272685	8583.05957	3306630188008	0.52861	0.44760	8582.89844	0.16113	11962	1	0.59268	0.48980	1	0.51809	0.47691	1	0.55539	0.48336	1	0.49317	0.53060	11.26682	1.06647	1	0.75372	0.55458	11.33112	1.06647	1	-0.00165	-0.00806	0.68908	0.00332	1	0.06556	-0.01292	0.67567	0.00366	1	1.45898	0.81042	0	
1272686	8583.06641	3306630257621	0.52965	0.44886	8582.89844	0.16797	11962	1	0.59268	0.48980	1	0.51875	0.47099	1	0.55572	0.48039	1	0.49138	0.53143	10.70568	1.06647	1	0.75244	0.55430	12.23689	1.07515	1	-0.00183	-0.00792	0.67691	0.00321	1	0.06771	-0.01332	0.69941	0.00353	1	1.45898	0.81042	0	
1272687	8583.07324	3306630323348	0.52894	0.44807	8582.89844	0.17480	11962	1	0.59268	0.48980	0	0.51054	0.42742	1	0.51054	0.42742	1	0.49138	0.53143	10.70568	1.07515	0	0.75236	0.55425	10.24420	1.08383	1	-0.00183	-0.00792	0.67691	0.00321	1	0.06771	-0.01332	0.69941	0.00343	1	1.45898	0.81042	0	
1272688	8583.07910	3306630390101	0.52894	0.44807	8582.89844	0.18066	11962	1	0.59268	0.48980	0	0.51054	0.42742	0	0.51054	0.42742	0	0.49138	0.53143	10.70568	1.08383	0	0.75236	0.55425	10.24420	1.09251	0	-0.00183	-0.00792	0.67691	0.00321	1	0.06771	-0.01332	0.69941	0.00343	1	1.45898	0.81042	0	
1272689	8583.08594	3306630459011	0.52894	0.44807	8582.89844	0.18750	11962	1	0.59268	0.48980	0	0.51054	0.42742	0	0.51054	0.42742	0	0.49138	0.53143	10.70568	1.09251	0	0.75236	0.55425	10.24420	1.10119	0	-0.00183	-0.00792	0.67691	0.00321	1	0.06771	-0.01332	0.69941	0.00343	1	1.45898	0.81042	0	
1272690	8583.09277	3306630526140	0.52894	0.44807	8582.89844	0.19434	11962	1	0.59268	0.48980	0	0.51054	0.42742	0	0.51054	0.42742	0	0.49138	0.53143	10.70568	1.10119	0	0.75236	0.55425	10.24420	1.10119	0	-0.00183	-0.00792	0.67691	0.00321	1	0.06771	-0.01332	0.69941	0.00343	1	1.45898	0.81042	0	
1272691	8583.09961	3306630591352	0.53507	0.46449	8582.89844	0.19434	11962	0	0.59268	0.48980	0	0.51054	0.42742	0	0.51054	0.42742	0	0.49138	0.53143	10.70568	1.10119	0	0.75236	0.55425	10.24420	1.10119	0	-0.00183	-0.00792	0.67691	0.00321	1	0.06771	-0.01332	0.69941	0.00343	1	1.45898	0.81042	0	
1272692	8583.10645	3306630658474	0.53507	0.46449	8582.89844	0.19434	11962	0	0.59268	0.48980	0	0.51054	0.42742	0	0.51054	0.42742	0	0.49138	0.53143	10.70568	1.10119	0	0.75236	0.55425	10.24420	1.10119	0	-0.00183	-0.00792	0.67691	0.00321	1	0.06771	-0.01332	0.69941	0.00343	1	1.45898	0.81042	0	
1272693	8583.11328	3306630724314	0.53507	0.46449	8582.89844	0.19434	11962	0	0.59268	0.48980	0	0.51054	0.42742	0	0.51054	0.42742	0	0.49138	0.53143	10.70568	1.10119	0	0.75236	0.55425	10.24420	1.10119	0	-0.00183	-0.00792	0.67691	0.00321	1	0.06771	-0.01332	0.69941	0.00343	1	1.45898	0.81042	0	
1272694	8583.12012	3306630792063	0.00000	0.00000	8582.89844	0.19434	11962	0	0.59268	0.48980	0	0.51054	0.42742	0	0.51054	0.42742	0	0.49138	0.53143	10.70568	1.10119	0	0.75236	0.55425	10.24420	1.10119	0	-0.00183	-0.00792	0.67691	0.00321	1	0.06771	-0.01332	0.69941	0.00343	1	1.45898	0.81042	0	
1272695	8583.12598	3306630859568	0.00000	0.00000	8582.89844	0.19434	11962	0	0.59268	0.48980	0	0.51054	0.42742	0	0.51054	0.42742	0	0.49138	0.53143	10.70568	1.10119	0	0.75236	0.55425	10.24420	1.10119	0	-0.00183	-0.00792	0.67691	0.00321	1	0.06771	-0.01332	0.69941	0.00343	1	1.45898	0.81042	0	
1272696	8583.13281	3306630926321	0.00000	0.00000	8582.89844	0.19434	11962	0	0.59268	0.48980	0	0.51054	0.42742	0	0.51054	0.42742	0	0.49138	0.53143	10.70568	1.10119	0	0.75236	0.55425	10.24420	1.10119	0	-0.00183	-0.00792	0.67691	0.00321	1	0.06771	-0.01332	0.69941	0.00343	1	1.45898	0.81042	0	
1272697	8583.13965	3306630993538	0.00000	0.00000	8582.89844	0.19434	11962	0	0.59268	0.48980	0	0.51054	0.42742	0	0.51054	0.42742	0	0.49138	0.53143	10.70568	1.10119	0	0.75236	0.55425	10.24420	1.10119	0	-0.00183	-0.00792	0.67691	0.00321	1	0.06771	-0.01332	0.69941	0.00343	1	1.45898	0.81042	0	
1272698	8583.14648	3306631058941	0.00000	0.00000	8582.89844	0.19434	11962	0	0.59268	0.48980	0	0.51054	0.42742	0	0.51054	0.42742	0	0.49138	0.53143	10.70568	1.10119	0	0.75236	0.55425	10.24420	1.10119	0	-0.00183	-0.00792	0.67691	0.00321	1	0.06771	-0.01332	0.69941	0.00343	1	1.45898	0.81042	0	
1272699	8583.15332	3306631127210	0.00000	0.00000	8582.89844	0.19434	11962	0	0.59268	0.48980	0	0.51054	0.42742	0	0.51054	0.42742	0	0.49138	0.53143	10.70568	1.10119	0	0.75236	0.55425	10.24420	1.10119	0	-0.00183	-0.00792	0.67691	0.00321	1	0.06771	-0.01332	0.69941	0.00343	1	1.45898	0.81042	0	
1272700	8583.16016	3306631194247	0.00000	0.00000	8582.89844	0.19434	11962	0	0.59268	0.48980	0	0.51054	0.42742	0	0.51054	0.42742	0	0.49138	0.53143	10.70568	1.10119	0	0.75236	0.55425	10.24420	1.10119	0	-0.00183	-0.00792	0.67691	0.00321	1	0.06771	-0.01332	0.69941	0.00343	1	1.45898	0.81042	0	
1272701	8583.16699	3306631261027	0.00000	0.00000	8582.89844	0.19434	11962	0	0.59268	0.48980	0	0.51054	0.42742	0	0.51054	0.42742	0	0.49138	0.53143	10.70568	1.10119	0	0.75236	0.55425	10.24420	1.10119	0	-0.00183	-0.00792	0.67691	0.00321	1	0.06771	-0.01332	0.69941	0.00343	1	1.45898	0.81042	0	
1272702	8583.17285	3306631327885	0.00000	0.00000	8582.89844	0.19434	11962	0	0.59268	0.48980	0	0.51054	0.42742	0	0.51054	0.42742	0	0.49138	0.53143	10.70568	1.10119	0	0.75236	0.55425	10.24420	1.10119	0	-0.00183	-0.00792	0.67691	0.00321	1	0.06771	-0.01332	0.69941	0.00343	1	1.45898	0.81042	0	
1272703	8583.17969	3306631394838	0.00000	0.00000	8582.89844	0.19434	11962	0	0.59268	0.48980	0	0.51054	0.42742	0	0.51054	0.42742	0	0.49138	0.53143	10.70568	1.10119	0	0.75236	0.55425	10.24420	1.10119	0	-0.00183	-0.00792	0.67691	0.00321	1	0.06771	-0.01332	0.69941	0.00343	1	1.45898	0.81042	0	
1272704	8583.18652	3306631461360	0.00000	0.00000	8582.89844	0.19434	11962	0	0.59268	0.48980	0	0.51054	0.42742	0	0.51054	0.42742	0	0.49138	0.53143	10.70568	1.10119	0	0.75236	0.55425	10.24420	1.10119	0	-0.00183	-0.00792	0.67691	0.00321	1	0.06771	-0.01332	0.69941	0.00343	1	1.45898	0.81042	0	
1272705	8583.19336	3306631526967	0.00000	0.00000	8582.89844	0.19434	11962	0	0.59268	0.48980	0	0.51054	0.42742	0	0.51054	0.42742	0	0.49138	0.53143	10.70568	1.10119	0	0.75236	0.55425	10.24420	1.10119	0	-0.00183	-0.00792	0.67691	0.00321	1	0.06771	-0.01332	0.69941	0.00343	1	1.45898	0.81042	0	
1272706	8583.20020	3306631595707	0.00000	0.00000	8582.89844	0.19434	11962	0	0.59268	0.48980	0	0.51054	0.42742	0	0.51054	0.42742	0	0.49138	0.53143	10.70568	1.10119	0	0.75236	0.55425	10.24420	1.10119	0	-0.00183	-0.00792	0.67691	0.00321	1	0.06771	-0.01332	0.69941	0.00343	1	1.45898	0.81042	0	
1272707	8583.20703	3306631662333	0.00000	0.00000	8582.89844	0.19434	11962	0	0.59268	0.48980	0	0.51054	0.42742	0	0.51054	0.42742	0	0.49138	0.53143	10.70568	1.10119	0	0.75236	0.55425	10.24420	1.10119	0	-0.00183	-0.00792	0.67691	0.00321	1	0.06771	-0.01332	0.69941	0.00343	1	1.45898	0.81042	0	
1272708	8583.21387	3306631729738	0.00000	0.00000	8582.89844	0.19434	11962	0	0.59268	0.48980	0	0.51054	0.42742	0	0.51054	0.42742	0	0.49138	0.53143	10.70568	1.10119	0	0.75236	0.55425	10.24420	1.10119	0	-0.00183	-0.00792	0.67691	0.00321	1	0.06771	-0.01332	0.69941	0.00343	1	1.45898	0.81042	0	
1272709	8583.21973	3306631796945	0.00000	0.00000	8582.89844	0.19434	11962	0	0.59268	0.48980	0	0.51054	0.42742	0	0.51054	0.42742	0	0.49138	0.53143	10.70568	1.10119	0	0.75236	0.55425	10.24420	1.10119	0	-0.00183	-0.00792	0.67691	0.00321	1	0.06771	-0.01332	0.69941	0.00343	1	1.45898	0.81042	0	
1272710	8583.22656	3306631863804	0.00000	0.00000	8582.89844	0.19434	11962	0	0.59268	0.48980	0	0.51054	0.42742	0	0.51054	0.42742	0	0.49138	0.53143	10.70568	1.10119	0	0.75236	0.55425	10.24420	1.10119	0	-0.00183	-0.00792	0.67691	0.00321	1	0.06771	-0.01332	0.69941	0.00343	1	1.45898	0.81042	0	
1272711	8583.23340	3306631924403	0.00000	0.00000	8582.89844	0.19434	11962	0	0.59268	0.48980	0	0.51054	0.42742	0	0.51054	0.42742	0	0.49138	0.53143	10.70568	1.10119	0	0.75236	0.55425	10.24420	1.10119	0	-0.00183	-0.00792	0.67691	0.00321	1	0.06771	-0.01332	0.69941	0.00343	1	1.45898	0.81042	0	
1272712	8583.24023	3306631997596	0.00000	0.00000	8582.89844	0.19434	11962	0	0.59268	0.48980	0	0.51054	0.42742	0	0.51054	0.42742	0	0.49138	0.53143	10.70568	1.10119	0	0.75236	0.55425	10.24420	1.10119	0	-0.00183	-0.00792	0.67691	0.00321	1	0.06771	-0.01332	0.69941	0.00343	1	1.45898	0.81042	0	
1272713	8583.24707	3306632064890	0.00000	0.00000	8582.89844	0.19434	11962	0	0.59268	0.48980	0	0.51054	0.42742	0	0.51054	0.42742	0	0.49138	0.53143	10.70568	1.10119	0	0.75236	0.55425	10.24420	1.10119	0	-0.00183	-0.00792	0.67691	0.00321	1	0.06771	-0.01332	0.69941	0.00343	1	1.45898	0.81042	0	
1272714	8583.25391	3306632132510	0.00000	0.00000	8582.89844	0.19434	11962	0	0.59268	0.48980	0	0.51054	0.42742	0	0.51054	0.42742	0	0.49138	0.53143	10.70568	1.10119	0	0.75236	0.55425	10.24420	1.10119	0	-0.00183	-0.00792	0.67691	0.00321	1	0.06771	-0.01332	0.69941	0.00343	1	1.45898	0.81042	0	
1272715	8583.26074	3306632199179	0.00000	0.00000	8582.89844	0.19434	11962	0	0.59268	0.48980	0	0.51054	0.42742	0	0.51054	0.42742	0	0.49138	0.53143	10.70568	1.10119	0	0.75236	0.55425	10.24420	1.10119	0	-0.00183	-0.00792	0.67691	0.00321	1	0.06771	-0.01332	0.69941	0.00343	1	1.45898	0.81042	0	
1272716	8583.26660	3306632262793	0.00000	0.00000	8582.89844	0.19434	11962	0	0.59268	0.48980	0	0.51054	0.42742	0	0.51054	0.42742	0	0.49138	0.53143	10.70568	1.10119	0	0.75236	0.55425	10.24420	1.10119	0	-0.00183	-0.00792	0.67691	0.00321	1	0.06771	-0.01332	0.69941	0.00343	1	1.45898	0.81042	0	
1272717	8583.27344	3306632332562	0.00000	0.00000	8582.89844	0.19434	11962	0	0.59268	0.48980	0	0.51054	0.42742	0	0.51054	0.42742	0	0.49138	0.53143	10.70568	1.10119	0	0.75236	0.55425	10.24420	1.10119	0	-0.00183	-0.00792	0.67691	0.00321	1	0.06771	-0.01332	0.69941	0.00343	1	1.45898	0.81042	0	
1272718	8583.28027	3306632399624	0.00000	0.00000	8582.89844	0.19434	11962	0	0.59268	0.48980	0	0.51054	0.42742	0	0.51054	0.42742	0	0.49138	0.53143	10.70568	1.10119	0	0.75236	0.55425	10.24420	1.10119	0	-0.00183	-0.00792	0.67691	0.00321	1	0.06771	-0.01332	0.69941	0.00343	1	1.45898	0.81042	0	
1272719	8583.28711	3306632466723	0.00000	0.00000	8582.89844	0.19434	11962	0	0.59268	0.48980	0	0.51054	0.42742	0	0.51054	0.42742	0	0.49138	0.53143	10.70568	1.10119	0	0.75236	0.55425	10.24420	1.10119	0	-0.00183	-0.00792	0.67691	0.00321	1	0.06771	-0.01332	0.69941	0.00343	1	1.45898	0.81042	0	
1272720	8583.29395	3306632533806	0.00000	0.00000	8582.89844	0.19434	11962	0	0.59268	0.48980	0	0.51054	0.42742	0	0.51054	0.42742	0	0.49138	0.53143	10.70568	1.10119	0	0.75236	0.55425	10.24420	1.10119	0	-0.00183	-0.00792	0.67691	0.00321	1	0.06771	-0.01332	0.69941	0.00343	1	1.45898	0.81042	0	
1272721	8583.30078	3306632601307	0.00000	0.00000	8582.89844	0.19434	11962	0	0.59268	0.48980	0	0.51054	0.42742	0	0.51054	0.42742	0	0.49138	0.53143	10.70568	1.10119	0	0.75236	0.55425	10.24420	1.10119	0	-0.00183	-0.00792	0.67691	0.00321	1	0.06771	-0.01332	0.69941	0.00343	1	1.45898	0.81042	0	
1272722	8583.30762	3306632667303	0.00000	0.00000	8582.89844	0.19434	11962	0	0.59268	0.48980	0	0.51054	0.42742	0	0.51054	0.42742	0	0.49138	0.53143	10.70568	1.10119	0	0.75236	0.55425	10.24420	1.10119	0	-0.00183	-0.00792	0.67691	0.00321	1	0.06771	-0.01332	0.69941	0.00343	1	1.45898	0.81042	0	
1272723	8583.31445	3306632734886	0.14603	0.16012	8582.89844	0.19434	11962	0	0.28059	0.26587	1	0.30355	0.37460	1	0.29207	0.32023	1	0.48517	0.52755	10.24332	1.10119	1	0.74720	0.55405	11.82379	1.10119	1	-0.00183	-0.00792	0.67691	0.00237	1	0.06771	-0.01332	0.69941	0.00368	1	1.45898	0.81042	0	
1272724	8583.32031	3306632801749	0.28996	0.32081	8582.89844	0.19434	11962	0	0.27216	0.26816	1	0.30355	0.37460	1	0.28785	0.32138	1	0.48523	0.52758	10.01385	1.10119	1	0.74720	0.55405	11.82379	1.10119	1	-0.00183	-0.00792	0.67691	0.00245	1	0.06771	-0.01332	0.69941	0.00368	1	1.45898	0.81042	0	
1272725	8583.32715	3306632869184	0.28891	0.32109	8582.89844	0.19434	11962	0	0.27216	0.26816	1	0.30355	0.37460	1	0.28785	0.32138	1	0.48538	0.52797	11.00712	1.10119	1	0.74727	0.55409	11.97945	1.10119	1	-0.00256	-0.00788	0.68193	0.00236	1	0.06658	-0.01328	0.69423	0.00356	1	1.45898	0.81042	0	
1272726	8583.33398	3306632935171	0.29464	0.33510	8582.89844	0.19434	11962	0	0.28278	0.29518	1	0.32946	0.43102	1	0.30612	0.36310	1	0.48534	0.52796	11.14765	1.10119	1	0.74724	0.55400	11.67258	1.10119	1	-0.00256	-0.00788	0.68193	0.00234	1	0.06658	-0.01328	0.69423	0.00391	1	1.45898	0.81042	0	
1272727	8583.34082	3306633001997	0.29972	0.35381	8583.32031	0.02051	11963	1	0.28231	0.29148	1	0.34761	0.52841	1	0.31496	0.40995	1	0.48534	0.52797	11.15404	1.10119	1	0.74751	0.55499	12.18620	1.10119	1	-0.00256	-0.00788	0.68193	0.00234	1	0.06658	-0.01328	0.69423	0.00369	1	1.45898	0.81042	0	
1272728	8583.34766	3306633067915	0.30289	0.36602	8583.32031	0.02734	11963	1	0.28231	0.29148	1	0.34886	0.53828	1	0.31559	0.41488	1	0.48526	0.52785	10.80235	1.10119	1	0.74710	0.55407	12.43951	1.08485	1	-0.00256	-0.00788	0.68193	0.00231	1	0.06285	-0.01255	0.65641	0.00390	1	1.45898	0.81042	0	
1272729	8583.35449	3306633136354	0.30042	0.36998	8583.32031	0.03418	11963	1	0.29704	0.30859	1	0.27904	0.47094	1	0.28804	0.38977	1	0.48521	0.52784	10.57601	1.08485	1	0.74675	0.55424	12.24386	1.06851	1	-0.00256	-0.00788	0.68193	0.00241	1	0.06285	-0.01255	0.65641	0.00390	1	1.45898	0.81042	0	
1272730	8583.36035	3306633202244	0.29813	0.37812	8583.32031	0.04004	11963	1	0.28546	0.32107	1	0.28335	0.53287	1	0.28440	0.42697	1	0.48522	0.52790	10.92977	1.06851	1	0.74678	0.55480	12.49809	1.05217	1	-0.00256	-0.00788	0.68193	0.00230	1	0.06285	-0.01255	0.65641	0.00369	1	1.45898	0.81042	0	
1272731	8583.36719	3306633269877	0.29686	0.38570	8583.32031	0.04688	11963	1	0.29030	0.33443	1	0.28564	0.54306	1	0.28797	0.43875	1	0.48522	0.52799	10.96819	1.05217	1	0.74693	0.55453	12.72686	1.03583	1	-0.00256	-0.00788	0.68193	0.00231	1	0.06285	-0.01255	0.65641	0.00350	1	1.45898	0.81042	0	
1272732	8583.37402	3306633336955	0.29625	0.38564	8583.32031	0.05371	11963	1	0.29584	0.36090	1	0.28695	0.40944	1	0.29140	0.38517	1	0.48522	0.52787	10.71352	1.03583	1	0.74678	0.55430	12.25508	1.03583	1	-0.00256	-0.00788	0.68193	0.00229	1	0.06285	-0.01255	0.65641	0.00385	1	1.45898	0.81042	0	
1272733	8583.38086	3306633405077	0.29550	0.38708	8583.32031	0.06055	11963	1	0.28845	0.34993	1	0.28894	0.45020	1	0.28869	0.40007	1	0.48524	0.52791	10.64410	1.03583	1	0.74680	0.55429	12.23464	1.03583	1	-0.00256	-0.00788	0.68193	0.00228	1	0.06285	-0.01255	0.65641	0.00376	1	1.45898	0.81042	0	
1272734	8583.38770	3306633472180	0.29483	0.38802	8583.32031	0.06738	11963	1	0.28845	0.34993	1	0.28789	0.44475	1	0.28817	0.39734	1	0.48525	0.52795	11.25599	1.03583	1	0.74698	0.55442	12.65942	1.04349	1	-0.00256	-0.00788	0.68193	0.00224	1	0.06539	-0.01307	0.68348	0.00366	1	1.45898	0.81042	0	
1272735	8583.39453	3306633538233	0.29556	0.38653	8583.32031	0.07422	11963	1	0.31890	0.34642	1	0.28814	0.39402	1	0.30352	0.37022	1	0.48523	0.52786	11.24787	1.04349	1	0.74680	0.55414	12.56541	1.05115	1	-0.00256	-0.00788	0.68193	0.00226	1	0.06539	-0.01307	0.68348	0.00379	1	1.45898	0.81042	0	
1272736	8583.40137	3306633606582	0.29626	0.38672	8583.32031	0.08105	11963	1	0.30749	0.34629	1	0.30195	0.43163	1	0.30472	0.38896	1	0.48511	0.52795	10.96079	1.05115	1	0.74702	0.55427	12.57795	1.05881	1	-0.00256	-0.00788	0.68193	0.00236	1	0.06539	-0.01307	0.68348	0.00356	1	1.45898	0.81042	0	
1272737	8583.40723	3306633671910	0.29675	0.38646	8583.32031	0.08691	11963	1	0.30532	0.34012	1	0.30102	0.42615	1	0.30317	0.38314	1	0.48522	0.52799	10.96819	1.05881	1	0.74692	0.55428	12.45213	1.06647	1	-0.00255	-0.00791	0.68066	0.00231	1	0.06539	-0.01317	0.68348	0.00365	1	1.45898	0.81042	0	
1272738	8583.41406	3306633739316	0.29727	0.38492	8583.32031	0.09375	11963	1	0.29498	0.26640	1	0.31393	0.46010	1	0.30446	0.36325	1	0.48496	0.52786	11.28930	1.06647	1	0.74685	0.55458	12.69495	1.06647	1	-0.00255	-0.00791	0.68066	0.00237	1	0.06539	-0.01317	0.68348	0.00377	1	1.45898	0.81042	0	
1272739	8583.42090	3306633806511	0.29795	0.38600	8583.32031	0.10059	11963	1	0.30210	0.28628	1	0.31430	0.51815	1	0.30820	0.40222	1	0.48507	0.52795	10.88831	1.06647	1	0.74694	0.55475	12.82142	1.06647	1	-0.00255	-0.00791	0.68066	0.00239	1	0.06539	-0.01317	0.68348	0.00376	1	1.45898	0.81042	0	
1272740	8583.42773	3306633873150	0.29858	0.38709	8583.32031	0.10742	11963	1	0.30210	0.28628	1	0.31514	0.52299	1	0.30862	0.40463	1	0.48555	0.52803	11.19314	1.06647	1	0.74710	0.55454	12.84777	1.05881	1	-0.00255	-0.00791	0.68066	0.00237	1	0.06335	-0.01270	0.66161	0.00372	1	1.45898	0.81042	0	
1272741	8583.43457	3306633939049	0.29946	0.39239	8583.32031	0.11426	11963	1	0.34020	0.51462	1	0.28885	0.45013	1	0.31452	0.48238	1	0.48638	0.52998	11.10539	1.05881	1	0.74723	0.55438	13.00130	1.05115	1	-0.00255	-0.00791	0.68066	0.00400	1	0.06335	-0.01270	0.66161	0.00362	1	1.45898	0.81042	0	
1272742	8583.44141	3306634007502	0.29819	0.39369	8583.32031	0.12109	11963	1	0.29753	0.36252	1	0.25302	0.47189	1	0.27527	0.41720	1	0.48609	0.52833	11.84220	1.05115	1	0.74746	0.55458	13.83354	1.04349	1	-0.00255	-0.00791	0.68066	0.00239	1	0.06335	-0.01270	0.66161	0.00350	1	1.45898	0.81042	0	
1272743	8583.44824	3306634074356	0.29706	0.39487	8583.32031	0.12793	11963	1	0.29977	0.36857	1	0.25155	0.46595	1	0.27566	0.41726	1	0.48914	0.52941	11.51226	1.04349	1	0.75117	0.55374	12.20292	1.05217	1	-0.00204	-0.00784	0.67865	0.00372	1	0.06750	-0.01343	0.69943	0.00343	1	1.45898	0.81042	0	
1272744	8583.45410	3306634140892	0.30304	0.39815	8583.32031	0.13379	11963	1	0.44120	0.47988	1	0.40379	0.44748	1	0.42250	0.46368	1	0.49028	0.52918	11.26327	1.05217	1	0.75157	0.55391	13.35123	1.06851	1	-0.00204	-0.00784	0.67865	0.00353	1	0.06750	-0.01343	0.69943	0.00357	1	1.45898	0.81042	0	
1272745	8583.46094	3306634204322	0.30636	0.40069	8583.32031	0.14062	11963	1	0.40385	0.47907	1	0.34863	0.42886	1	0.37624	0.45397	1	0.49023	0.52932	11.70648	1.06851	1	0.75138	0.55389	13.62488	1.08485	1	-0.00204	-0.00784	0.67865	0.00341	1	0.06750	-0.01343	0.69943	0.00345	1	1.45898	0.81042	0	
1272746	8583.46777	3306634272018	0.30930	0.40252	8583.32031	0.14746	11963	1	0.40051	0.46827	1	0.34738	0.41737	1	0.37395	0.44282	1	0.49335	0.52850	11.99756	1.08485	1	0.75497	0.55434	12.82912	1.10119	1	-0.00154	-0.00789	0.68279	0.00372	1	0.06832	-0.01344	0.70250	0.00343	1	1.45898	0.81042	0	
1272747	8583.47461	3306634339832	0.34247	0.42005	8583.32031	0.14746	11963	0	0.55244	0.37316	1	0.53214	0.46897	1	0.54229	0.42107	1	0.49420	0.52836	12.01029	1.10119	1	0.75514	0.55434	13.14942	1.10119	1	-0.00154	-0.00789	0.68279	0.00360	1	0.06832	-0.01344	0.70250	0.00375	1	1.45898	0.81042	0	
1272748	8583.48145	3306634406325	0.43834	0.40545	8583.32031	0.14746	11963	0	0.54252	0.33843	1	0.52593	0.44329	1	0.53422	0.39086	1	0.49411	0.52829	11.88492	1.10119	1	0.75504	0.55402	13.37493	1.10119	1	-0.00154	-0.00789	0.68279	0.00362	1	0.06832	-0.01344	0.70250	0.00365	1	1.45898	0.81042	0	
1272749	8583.48828	3306634473572	0.47019	0.40159	8583.32031	0.14746	11963	0	0.54252	0.33843	1	0.52523	0.44930	1	0.53387	0.39387	1	0.49410	0.52851	11.92788	1.10119	1	0.75499	0.55418	13.14723	1.09251	1	-0.00143	-0.00789	0.68275	0.00359	1	0.06605	-0.01298	0.67862	0.00375	1	1.45898	0.81042	0	
1272750	8583.49414	3306634540920	0.53933	0.40037	8583.32031	0.14746	11963	0	0.57422	0.35356	1	0.52559	0.47922	1	0.54991	0.41639	1	0.49418	0.52867	11.93063	1.09251	1	0.75501	0.55431	13.19168	1.08383	1	-0.00143	-0.00789	0.68275	0.00358	1	0.06605	-0.01298	0.67862	0.00378	1	1.45898	0.81042	0	
1272751	8583.50195	3306634609901	0.55045	0.38939	8583.32031	0.14746	11963	0	0.58845	0.34697	1	0.53467	0.40983	1	0.56156	0.37840	1	0.49413	0.52874	12.11632	1.08383	1	0.75514	0.55433	12.97730	1.07515	1	-0.00143	-0.00789	0.68275	0.00339	1	0.06605	-0.01298	0.67862	0.00389	1	1.45898	0.81042	0	
1272752	8583.50781	3306634677675	0.55415	0.38562	8583.32031	0.14746	11963	0	0.58843	0.34666	1	0.53470	0.40953	1	0.56157	0.37809	1	0.49421	0.52859	12.06061	1.08424	1	0.75527	0.55463	13.54877	1.07556	1	-0.00153	-0.00812	0.70282	0.00349	1	0.06714	-0.01324	0.68983	0.00382	1	1.45898	0.81042	0	
1272753	8583.51465	3306634744222	0.55785	0.38997	8583.49414	0.02051	11964	1	0.59278	0.33619	1	0.54512	0.46986	1	0.56895	0.40302	1	0.49416	0.52862	12.02451	1.08464	1	0.75526	0.55452	13.40336	1.08464	1	-0.00153	-0.00812	0.70282	0.00336	1	0.06714	-0.01324	0.68983	0.00386	1	1.45898	0.81042	0	
1272754	8583.52148	3306634810841	0.55990	0.38461	8583.49414	0.02734	11964	1	0.59325	0.31530	1	0.54291	0.41103	1	0.56808	0.36317	1	0.49416	0.52850	11.84165	1.09373	1	0.75526	0.55466	13.62324	1.09373	1	-0.00153	-0.00812	0.70282	0.00347	1	0.06714	-0.01324	0.68983	0.00371	1	1.45898	0.81042	0	
1272755	8583.52832	3306634878035	0.56126	0.38104	8583.49414	0.03418	11964	1	0.59325	0.31530	1	0.54291	0.41103	1	0.56808	0.36317	1	0.49415	0.52873	11.88920	1.09373	1	0.75498	0.55443	12.93848	1.09373	1	-0.00154	-0.00789	0.68279	0.00341	1	0.06714	-0.01324	0.68983	0.00372	1	1.45898	0.81042	0	
1272756	8583.53516	3306634945116	0.56455	0.38672	8583.49414	0.04102	11964	1	0.59696	0.35579	1	0.57163	0.48587	1	0.58430	0.42083	1	0.49413	0.52876	11.88516	1.08464	1	0.75526	0.55515	13.60620	1.08464	1	-0.00154	-0.00789	0.68279	0.00342	1	0.06714	-0.01324	0.68983	0.00377	1	1.45898	0.81042	0	
1272757	8583.54199	3306635011712	0.56652	0.38662	8583.49414	0.04785	11964	1	0.59737	0.36266	1	0.56327	0.40920	1	0.58032	0.38593	1	0.49413	0.52876	11.88516	1.07556	1	0.75517	0.55461	12.98375	1.07556	1	-0.00154	-0.00789	0.68279	0.00342	1	0.06714	-0.01324	0.68983	0.00370	1	1.45898	0.81042	0	
1272758	8583.54883	3306635079024	0.56808	0.38694	8583.49414	0.05469	11964	1	0.59777	0.36953	1	0.56322	0.40950	1	0.58050	0.38951	1	0.49420	0.52881	11.77976	1.06647	1	0.75505	0.55454	13.22134	1.07515	1	-0.00154	-0.00789	0.68279	0.00337	1	0.06695	-0.01322	0.68842	0.00370	1	1.45898	0.81042	0	
1272759	8583.55469	3306635145845	0.56801	0.39097	8583.49414	0.06055	11964	1	0.57571	0.41061	1	0.55922	0.44375	1	0.56747	0.42718	1	0.49373	0.52937	12.63491	1.07515	1	0.75514	0.55483	13.52036	1.08383	1	-0.00154	-0.00789	0.68279	0.00330	1	0.06695	-0.01322	0.68842	0.00381	1	1.45898	0.81042	0	
1272760	8583.56152	3306635213460	0.56846	0.39045	8583.49414	0.06738	11964	1	0.59449	0.34546	1	0.55140	0.42502	1	0.57294	0.38524	1	0.49418	0.52873	11.76947	1.08383	1	0.75500	0.55476	13.36197	1.09251	1	-0.00154	-0.00789	0.68279	0.00339	1	0.06695	-0.01322	0.68842	0.00380	1	1.45898	0.81042	0	
1272761	8583.56836	3306635279599	0.56882	0.38974	8583.49414	0.07422	11964	1	0.59409	0.33881	1	0.55140	0.42502	1	0.57274	0.38192	1	0.49372	0.52882	12.30580	1.09251	1	0.75508	0.55490	13.56859	1.09251	1	-0.00154	-0.00789	0.68279	0.00349	1	0.06719	-0.01322	0.69141	0.00374	1	1.45898	0.81042	0	
1272762	8583.57520	3306635346729	0.57011	0.39109	8583.49414	0.08105	11964	1	0.59067	0.38195	1	0.58051	0.43276	1	0.58559	0.40735	1	0.49397	0.52906	12.35559	1.09251	1	0.75506	0.55482	13.47984	1.08383	1	-0.00154	-0.00789	0.68279	0.00337	1	0.06719	-0.01322	0.69141	0.00378	1	1.45898	0.81042	0	
1272763	8583.58203	3306635413656	0.57119	0.39065	8583.49414	0.08789	11964	1	0.58889	0.40429	1	0.58153	0.36554	1	0.58521	0.38492	1	0.49388	0.52924	12.36375	1.08383	1	0.75511	0.55397	12.85334	1.07515	1	-0.00154	-0.00789	0.68279	0.00327	1	0.06719	-0.01322	0.69141	0.00419	1	1.45898	0.81042	0	
1272764	8583.58887	3306635480660	0.57212	0.39025	8583.49414	0.09473	11964	1	0.58887	0.40401	1	0.58159	0.36522	1	0.58523	0.38461	1	0.49354	0.52916	11.50399	1.08424	1	0.75466	0.55480	12.65772	1.07556	1	-0.00163	-0.00809	0.70004	0.00390	1	0.06719	-0.01322	0.69141	0.00379	1	1.45898	0.81042	0	
1272765	8583.59570	3306635547810	0.57101	0.39520	8583.49414	0.10156	11964	1	0.55617	0.48448	1	0.55243	0.45439	1	0.55430	0.46943	1	0.49338	0.53011	11.97510	1.08464	1	0.75465	0.55464	12.65295	1.08464	1	-0.00163	-0.00809	0.70004	0.00359	1	0.06719	-0.01322	0.69141	0.00373	1	1.45898	0.81042	0	
1272766	8583.60156	3306635614808	0.57031	0.39508	8583.49414	0.10742	11964	1	0.55787	0.38379	1	0.56033	0.40276	1	0.55910	0.39328	1	0.49350	0.52952	11.61429	1.09373	1	0.75472	0.55385	12.10602	1.09373	1	-0.00163	-0.00809	0.70004	0.00381	1	0.06719	-0.01322	0.69141	0.00399	1	1.45898	0.81042	0	
1272767	8583.60840	3306635681661	0.56968	0.39531	8583.49414	0.11426	11964	1	0.55847	0.38962	1	0.55944	0.40866	1	0.55896	0.39914	1	0.49360	0.52857	10.87381	1.08571	1	0.75481	0.55447	12.54899	1.08571	1	-0.00151	-0.00752	0.65135	0.00404	1	0.06531	-0.01290	0.67208	0.00377	1	1.45898	0.81042	0	
1272768	8583.61523	3306635747907	0.57087	0.39571	8583.49414	0.12109	11964	1	0.62346	0.36048	1	0.56114	0.44553	1	0.59230	0.40300	1	0.49381	0.52895	11.02074	1.06861	1	0.75479	0.55457	12.65824	1.06861	1	-0.00151	-0.00752	0.65135	0.00391	1	0.06531	-0.01290	0.67208	0.00360	1	1.45898	0.81042	0	
1272769	8583.62207	3306635815530	0.57097	0.39686	8583.49414	0.12793	11964	1	0.58855	0.36674	1	0.55735	0.47045	1	0.57295	0.41859	1	0.49354	0.52905	11.20118	1.05151	1	0.75473	0.55448	12.56209	1.05151	1	-0.00151	-0.00752	0.65135	0.00375	1	0.06531	-0.01290	0.67208	0.00360	1	1.45898	0.81042	0	
1272770	8583.62891	3306635882555	0.57106	0.39766	8583.49414	0.13477	11964	1	0.58800	0.35874	1	0.55766	0.46854	1	0.57283	0.41364	1	0.49350	0.52893	11.14572	1.06189	1	0.75486	0.55424	12.41156	1.05423	1	-0.00176	-0.00852	0.73279	0.00393	1	0.06542	-0.01294	0.67373	0.00384	1	1.45898	0.81042	0	
1272771	8583.63574	3306635949842	0.57119	0.39678	8583.49414	0.14160	11964	1	0.58428	0.37761	1	0.56357	0.37918	1	0.57393	0.37839	1	0.49361	0.52932	11.29238	1.08172	1	0.75480	0.55404	12.30561	1.07406	1	-0.00176	-0.00852	0.73279	0.00373	1	0.06542	-0.01294	0.67373	0.00388	1	1.45898	0.81042	0	
1272772	8583.64258	3306636016649	0.57187	0.39617	8583.49414	0.14844	11964	1	0.60925	0.36938	1	0.56417	0.39600	1	0.58671	0.38269	1	0.49363	0.52945	11.19204	1.10154	1	0.75481	0.55446	12.29634	1.09388	1	-0.00176	-0.00852	0.73279	0.00374	1	0.06542	-0.01294	0.67373	0.00371	1	1.45898	0.81042	0	
1272773	8583.64844	3306636080475	0.57250	0.39532	8583.49414	0.15430	11964	1	0.60893	0.36248	1	0.56525	0.38898	1	0.58709	0.37573	1	0.49365	0.52925	10.97289	1.11099	1	0.75483	0.55453	12.27807	1.10333	1	-0.00172	-0.00810	0.69678	0.00380	1	0.06542	-0.01294	0.67373	0.00367	1	1.45898	0.81042	0	
1272774	8583.65527	3306636147881	0.57291	0.39421	8583.49414	0.16113	11964	1	0.59581	0.34718	1	0.56955	0.38828	1	0.58268	0.36773	1	0.49371	0.52910	11.08580	1.09294	1	0.75487	0.55430	12.18656	1.09294	1	-0.00172	-0.00810	0.69678	0.00353	1	0.06542	-0.01294	0.67373	0.00395	1	1.45898	0.81042	0	
1272775	8583.66211	3306636217088	0.57361	0.39355	8583.49414	0.16797	11964	1	0.61590	0.35063	1	0.56663	0.40339	1	0.59127	0.37701	1	0.49366	0.52914	11.03665	1.08256	1	0.75487	0.55440	12.26844	1.08256	1	-0.00172	-0.00810	0.69678	0.00376	1	0.06542	-0.01294	0.67373	0.00394	1	1.45898	0.81042	0	
1272776	8583.66895	3306636284017	0.57424	0.39348	8583.49414	0.17480	11964	1	0.61647	0.36545	1	0.56433	0.41788	1	0.59040	0.39166	1	0.49345	0.52973	11.54675	1.06309	1	0.75483	0.55460	12.21950	1.06309	1	-0.00165	-0.00801	0.68908	0.00363	1	0.06542	-0.01294	0.67373	0.00385	1	1.45898	0.81042	0	
1272777	8583.67578	3306636348711	0.57435	0.39340	8583.49414	0.18164	11964	1	0.59919	0.36628	1	0.55566	0.41610	1	0.57743	0.39119	1	0.49381	0.52906	11.08849	1.05400	1	0.75470	0.55449	12.33986	1.05400	1	-0.00165	-0.00801	0.68908	0.00394	1	0.06542	-0.01294	0.67373	0.00384	1	1.45898	0.81042	0	
1272778	8583.68262	3306636416660	0.57438	0.39450	8583.49414	0.18848	11964	1	0.59518	0.40641	1	0.55530	0.44433	1	0.57524	0.42537	1	0.49366	0.52950	11.18713	1.04492	1	0.75481	0.55438	12.29735	1.04492	1	-0.00165	-0.00801	0.68908	0.00375	1	0.06542	-0.01294	0.67373	0.00391	1	1.45898	0.81042	0	
1272779	8583.68848	3306636481898	0.57439	0.39584	8583.49414	0.19434	11964	1	0.59561	0.41310	1	0.55352	0.45594	1	0.57456	0.43452	1	0.49348	0.52949	11.82679	1.03583	1	0.75472	0.55445	12.35061	1.02902	1	-0.00154	-0.00799	0.68279	0.00355	1	0.06274	-0.01249	0.64566	0.00395	1	1.45898	0.81042	0	
1272780	8583.69531	3306636551149	0.57382	0.39682	8583.49414	0.20117	11964	1	0.57051	0.35373	1	0.54291	0.49899	1	0.55671	0.42636	1	0.49367	0.52880	10.89245	1.02902	1	0.75461	0.55505	12.53990	1.02222	1	-0.00154	-0.00799	0.68279	0.00397	1	0.06274	-0.01249	0.64566	0.00373	1	1.45898	0.81042	0	
1272781	8583.70215	3306636616127	0.57334	0.39813	8583.49414	0.20801	11964	1	0.56640	0.40322	1	0.55046	0.47411	1	0.55843	0.43866	1	0.49359	0.52914	10.99068	1.02222	1	0.75471	0.55463	12.38184	1.01541	1	-0.00154	-0.00799	0.68279	0.00384	1	0.06274	-0.01249	0.64566	0.00390	1	1.45898	0.81042	0	
1272782	8583.70898	3306636684152	0.57290	0.39953	8583.49414	0.21484	11964	1	0.56748	0.41445	1	0.55042	0.47437	1	0.55895	0.44441	1	0.49357	0.52977	11.12354	1.00739	1	0.75467	0.55485	12.37304	1.01505	1	-0.00151	-0.00762	0.65135	0.00356	1	0.06531	-0.01300	0.67208	0.00385	1	1.45898	0.81042	0	
1272783	8583.71582	3306636752936	0.57267	0.40198	8583.49414	0.22168	11964	1	0.57830	0.46932	1	0.55162	0.49642	1	0.56496	0.48287	1	0.49366	0.52998	12.53523	1.00703	1	0.75470	0.55488	12.45278	1.02150	1	-0.00151	-0.00762	0.65135	0.00343	1	0.06531	-0.01300	0.67208	0.00375	1	1.45898	0.81042	0	
1272784	8583.72266	3306636819347	0.57214	0.40378	8583.49414	0.22852	11964	1	0.55505	0.45911	1	0.55348	0.47083	1	0.55426	0.46497	1	0.49335	0.52988	11.65345	1.01348	1	0.75472	0.55464	12.22931	1.02795	1	-0.00151	-0.00762	0.65135	0.00357	1	0.06531	-0.01300	0.67208	0.00389	1	1.45898	0.81042	0	
1272785	8583.72949	3306636888012	0.57165	0.40520	8583.49414	0.23535	11964	1	0.55384	0.44885	1	0.55510	0.46046	1	0.55447	0.45465	1	0.49342	0.52997	11.36528	1.02795	1	0.75468	0.55507	12.31965	1.04242	1	-0.00157	-0.00820	0.69599	0.00357	1	0.06719	-0.01338	0.69141	0.00367	1	1.45898	0.81042	0	
1272786	8583.73633	3306636954311	0.56656	0.43310	8583.49414	0.23535	11964	0	0.55500	0.43567	1	0.52906	0.49534	1	0.54203	0.46551	1	0.49338	0.52994	11.89598	1.05044	1	0.75467	0.55517	12.34494	1.05044	1	-0.00157	-0.00820	0.69599	0.00342	1	0.06719	-0.01338	0.69141	0.00367	1	1.45898	0.81042	0	
1272787	8583.74219	3306637021485	0.56203	0.44632	8583.49414	0.23535	11964	0	0.57755	0.41825	1	0.53745	0.50085	1	0.55750	0.45955	1	0.49379	0.52979	11.32956	1.05845	1	0.75479	0.55532	12.38029	1.05845	1	-0.00157	-0.00820	0.69599	0.00341	1	0.06719	-0.01338	0.69141	0.00364	1	1.45898	0.81042	0	
1272788	8583.74902	3306637088696	0.56056	0.44888	8583.49414	0.23535	11964	0	0.57706	0.41250	1	0.53820	0.49551	1	0.55763	0.45401	1	0.49363	0.52939	10.91056	1.06647	1	0.75463	0.55469	12.02782	1.06647	1	-0.00165	-0.00811	0.68908	0.00353	1	0.06719	-0.01333	0.69141	0.00370	1	1.45898	0.81042	0	
1272789	8583.75586	3306637155004	0.56531	0.44052	8583.73633	0.01953	11965	1	0.61522	0.36197	1	0.54392	0.46889	1	0.57957	0.41543	1	0.49367	0.52936	10.92760	1.06647	1	0.75455	0.55466	11.84631	1.06647	1	-0.00165	-0.00811	0.68908	0.00362	1	0.06719	-0.01333	0.69141	0.00373	1	1.45898	0.81042	0	
1272790	8583.76270	3306637222486	0.57425	0.44088	8583.73633	0.02637	11965	1	0.64344	0.43003	1	0.57654	0.45460	1	0.60999	0.44232	1	0.49402	0.53002	11.68620	1.06647	1	0.75435	0.55479	11.93791	1.06647	1	-0.00165	-0.00811	0.68908	0.00351	1	0.06719	-0.01333	0.69141	0.00381	1	1.45898	0.81042	0	
1272791	8583.76953	3306637289118	0.58012	0.44157	8583.73633	0.03320	11965	1	0.64344	0.43003	1	0.57555	0.46002	1	0.60949	0.44503	1	0.49250	0.52895	11.35346	1.06647	1	0.75344	0.55430	11.87416	1.05881	1	-0.00172	-0.00784	0.67406	0.00357	1	0.06347	-0.01254	0.65564	0.00377	1	1.45898	0.81042	0	
1272792	8583.77637	3306637355952	0.57222	0.44329	8583.73633	0.04004	11965	1	0.54405	0.41688	1	0.50556	0.49039	1	0.52480	0.45363	1	0.49253	0.52948	11.16896	1.05881	1	0.75313	0.55423	11.79707	1.05115	1	-0.00172	-0.00784	0.67406	0.00339	1	0.06347	-0.01254	0.65564	0.00380	1	1.45898	0.81042	0	
1272793	8583.78320	3306637423097	0.56589	0.44546	8583.73633	0.04688	11965	1	0.54525	0.43341	1	0.49797	0.48780	1	0.52161	0.46060	1	0.49248	0.52961	11.50442	1.05115	1	0.75299	0.55415	11.98374	1.04349	1	-0.00172	-0.00784	0.67406	0.00343	1	0.06347	-0.01254	0.65564	0.00376	1	1.45898	0.81042	0	
1272794	8583.78906	3306637490546	0.56096	0.44799	8583.73633	0.05273	11965	1	0.54593	0.43884	1	0.49711	0.49772	1	0.52152	0.46828	1	0.49219	0.52922	11.46634	1.04349	1	0.75247	0.55447	11.87678	1.02902	1	-0.00172	-0.00784	0.67406	0.00339	1	0.06156	-0.01215	0.63544	0.00380	1	1.45898	0.81042	0	
1272795	8583.79590	3306637557849	0.55566	0.44909	8583.73633	0.05957	11965	1	0.54327	0.37490	1	0.47256	0.54306	1	0.50791	0.45898	1	0.49246	0.52923	11.08857	1.02902	1	0.75264	0.55454	11.46262	1.02222	1	-0.00172	-0.00784	0.67406	0.00346	1	0.06156	-0.01215	0.63544	0.00380	1	1.45898	0.81042	0	
1272796	8583.80273	3306637624157	0.55148	0.44629	8583.73633	0.06641	11965	1	0.54336	0.38631	1	0.47601	0.45026	1	0.50969	0.41829	1	0.49241	0.52893	10.93822	1.02222	1	0.75269	0.55403	11.32397	1.01541	1	-0.00172	-0.00784	0.67406	0.00363	1	0.06156	-0.01215	0.63544	0.00396	1	1.45898	0.81042	0	
1272797	8583.80957	3306637690473	0.54802	0.44418	8583.73633	0.07324	11965	1	0.54400	0.39159	1	0.47601	0.45026	1	0.51001	0.42092	1	0.49237	0.52926	11.08846	1.01541	1	0.75287	0.55447	11.26099	1.01541	1	-0.00172	-0.00784	0.67406	0.00347	1	0.06387	-0.01260	0.65880	0.00371	1	1.45898	0.81042	0	
1272798	8583.81641	3306637758321	0.54470	0.44354	8583.73633	0.08008	11965	1	0.54405	0.43547	1	0.46553	0.43639	1	0.50479	0.43593	1	0.49240	0.52956	11.00344	1.01541	1	0.75246	0.55425	11.65517	1.02222	1	-0.00172	-0.00784	0.67406	0.00343	1	0.06387	-0.01260	0.65880	0.00389	1	1.45898	0.81042	0	
1272799	8583.82324	3306637825462	0.54249	0.44198	8583.73633	0.08691	11965	1	0.54276	0.41422	1	0.48473	0.42907	1	0.51375	0.42165	1	0.49238	0.52915	11.07103	1.02222	1	0.75281	0.55422	11.40965	1.02902	1	-0.00172	-0.00784	0.67406	0.00361	1	0.06387	-0.01260	0.65880	0.00368	1	1.45898	0.81042	0	
1272800	8583.83008	3306637892316	0.54055	0.44045	8583.73633	0.09375	11965	1	0.54213	0.40913	1	0.48473	0.42907	1	0.51343	0.41910	1	0.49256	0.52957	11.21252	1.02902	1	0.75312	0.55456	11.37602	1.02902	1	-0.00172	-0.00789	0.67406	0.00343	1	0.06156	-0.01215	0.63544	0.00378	1	1.45898	0.81042	0	
1272801	8583.83594	3306637959140	0.53987	0.44054	8583.73633	0.09961	11965	1	0.54399	0.40623	1	0.51519	0.47749	1	0.52959	0.44186	1	0.49241	0.52952	11.13259	1.02902	1	0.75329	0.55471	11.79624	1.02222	1	-0.00172	-0.00789	0.67406	0.00341	1	0.06156	-0.01215	0.63544	0.00375	1	1.45898	0.81042	0	
1272802	8583.84277	3306638026471	0.53866	0.44134	8583.73633	0.10645	11965	1	0.54093	0.43762	1	0.49778	0.47059	1	0.51936	0.45411	1	0.49232	0.52969	11.40084	1.02222	1	0.75306	0.55459	11.23495	1.01541	1	-0.00172	-0.00789	0.67406	0.00338	1	0.06156	-0.01215	0.63544	0.00383	1	1.45898	0.81042	0	
1272803	8583.84961	3306638093075	0.53641	0.44266	8583.73633	0.11328	11965	1	0.54093	0.43762	0	0.49824	0.46507	1	0.49824	0.46507	1	0.49232	0.52969	11.40084	1.01541	0	0.75340	0.55414	11.77886	1.02307	1	-0.00172	-0.00789	0.67406	0.00338	1	0.06442	-0.01275	0.66399	0.00412	1	1.45898	0.81042	0	
1272804	8583.85645	3306638159779	0.53641	0.44266	8583.73633	0.12012	11965	1	0.54093	0.43762	0	0.49824	0.46507	0	0.49824	0.46507	0	0.49232	0.52969	11.40084	1.02307	0	0.75340	0.55414	11.77886	1.03754	0	-0.00172	-0.00789	0.67406	0.00338	1	0.06442	-0.01275	0.66399	0.00412	1	1.45898	0.81042	0	
1272805	8583.86328	3306638226995	0.53641	0.44266	8583.73633	0.12695	11965	1	0.54093	0.43762	0	0.49824	0.46507	0	0.49824	0.46507	0	0.49232	0.52969	11.40084	1.03754	0	0.75340	0.55414	11.77886	1.05200	0	-0.00172	-0.00789	0.67406	0.00338	1	0.06442	-0.01275	0.66399	0.00412	1	1.45898	0.81042	0	
1272806	8583.87012	3306638293863	0.53641	0.44266	8583.73633	0.13379	11965	1	0.54093	0.43762	0	0.49824	0.46507	0	0.49824	0.46507	0	0.49232	0.52969	11.40084	1.05200	0	0.75340	0.55414	11.77886	1.06647	0	-0.00172	-0.00789	0.67406	0.00338	1	0.06442	-0.01275	0.66399	0.00412	1	1.45898	0.81042	0	
1272807	8583.87695	3306638361009	0.51456	0.44320	8583.73633	0.13379	11965	0	0.54093	0.43762	0	0.49824	0.46507	0	0.49824	0.46507	0	0.49232	0.52969	11.40084	1.06647	0	0.75340	0.55414	11.77886	1.06647	0	-0.00172	-0.00789	0.67406	0.00338	1	0.06442	-0.01275	0.66399	0.00412	1	1.45898	0.81042	0	
1272808	8583.88379	3306638428358	0.51456	0.44320	8583.73633	0.13379	11965	0	0.54093	0.43762	0	0.49824	0.46507	0	0.49824	0.46507	0	0.49232	0.52969	11.40084	1.06647	0	0.75340	0.55414	11.77886	1.06647	0	-0.00172	-0.00789	0.67406	0.00338	1	0.06442	-0.01275	0.66399	0.00412	1	1.45898	0.81042	0	
1272809	8583.88965	3306638494990	0.51456	0.44320	8583.73633	0.13379	11965	0	0.54093	0.43762	0	0.49824	0.46507	0	0.49824	0.46507	0	0.49232	0.52969	11.40084	1.06647	0	0.75340	0.55414	11.77886	1.06647	0	-0.00172	-0.00789	0.67406	0.00338	1	0.06442	-0.01275	0.66399	0.00412	1	1.45898	0.81042	0	
1272810	8583.89648	3306638561978	0.50283	0.42683	8583.87695	0.01953	11966	1	0.54093	0.43762	0	0.49110	0.41046	1	0.49110	0.41046	1	0.49232	0.52969	11.40084	1.06647	0	0.75361	0.55334	11.22052	1.06647	1	-0.00172	-0.00789	0.67406	0.00338	1	0.06442	-0.01275	0.66399	0.00418	1	1.45898	0.81042	0	
1272811	8583.90332	3306638628667	0.50283	0.42683	8583.87695	0.02637	11966	1	0.54093	0.43762	0	0.49110	0.41046	0	0.49110	0.41046	0	0.49232	0.52969	11.40084	1.06647	0	0.75361	0.55334	11.22052	1.06647	0	-0.00172	-0.00789	0.67406	0.00338	1	0.06442	-0.01275	0.66399	0.00418	1	1.45898	0.81042	0	
1272812	8583.91016	3306638695812	0.50283	0.42683	8583.87695	0.03320	11966	1	0.54093	0.43762	0	0.49110	0.41046	0	0.49110	0.41046	0	0.49232	0.52969	11.40084	1.06647	0	0.75361	0.55334	11.22052	1.06647	0	-0.00172	-0.00789	0.67406	0.00338	1	0.06442	-0.01275	0.66399	0.00418	1	1.45898	0.81042	0	
1272813	8583.91699	3306638763143	0.50283	0.42683	8583.87695	0.04004	11966	1	0.54093	0.43762	0	0.49110	0.41046	0	0.49110	0.41046	0	0.49232	0.52969	11.40084	1.06647	0	0.75361	0.55334	11.22052	1.06647	0	-0.00172	-0.00789	0.67406	0.00338	1	0.06442	-0.01275	0.66399	0.00418	1	1.45898	0.81042	0	
1272814	8583.92383	3306638829650	0.49110	0.41046	8583.87695	0.04004	11966	0	0.54093	0.43762	0	0.49110	0.41046	0	0.49110	0.41046	0	0.49232	0.52969	11.40084	1.06647	0	0.75361	0.55334	11.22052	1.06647	0	-0.00172	-0.00789	0.67406	0.00338	1	0.06442	-0.01275	0.66399	0.00418	1	1.45898	0.81042	0	
1272815	8583.92969	3306638894518	0.49110	0.41046	8583.87695	0.04004	11966	0	0.54093	0.43762	0	0.49110	0.41046	0	0.49110	0.41046	0	0.49232	0.52969	11.40084	1.06647	0	0.75361	0.55334	11.22052	1.06647	0	-0.00172	-0.00789	0.67406	0.00338	1	0.06442	-0.01275	0.66399	0.00418	1	1.45898	0.81042	0	
1272816	8583.93652	3306638963430	0.49110	0.41046	8583.87695	0.04004	11966	0	0.54093	0.43762	0	0.49110	0.41046	0	0.49110	0.41046	0	0.49232	0.52969	11.40084	1.06647	0	0.75361	0.55334	11.22052	1.06647	0	-0.00172	-0.00789	0.67406	0.00338	1	0.06442	-0.01275	0.66399	0.00418	1	1.45898	0.81042	0	
1272817	8583.94336	3306639030678	0.00000	0.00000	8583.87695	0.04004	11966	0	0.54093	0.43762	0	0.49110	0.41046	0	0.49110	0.41046	0	0.49232	0.52969	11.40084	1.06647	0	0.75361	0.55334	11.22052	1.06647	0	-0.00172	-0.00789	0.67406	0.00338	1	0.06442	-0.01275	0.66399	0.00418	1	1.45898	0.81042	0	
1272818	8583.95020	3306639097845	0.00000	0.00000	8583.87695	0.04004	11966	0	0.54093	0.43762	0	0.49110	0.41046	0	0.49110	0.41046	0	0.49232	0.52969	11.40084	1.06647	0	0.75361	0.55334	11.22052	1.06647	0	-0.00172	-0.00789	0.67406	0.00338	1	0.06442	-0.01275	0.66399	0.00418	1	1.45898	0.81042	0	
1272819	8583.95703	3306639165185	0.00000	0.00000	8583.87695	0.04004	11966	0	0.54093	0.43762	0	0.49110	0.41046	0	0.49110	0.41046	0	0.49232	0.52969	11.40084	1.06647	0	0.75361	0.55334	11.22052	1.06647	0	-0.00172	-0.00789	0.67406	0.00338	1	0.06442	-0.01275	0.66399	0.00418	1	1.45898	0.81042	0	
1272820	8583.96387	3306639231738	0.51940	0.44071	8583.87695	0.04004	11966	0	0.56363	0.43340	1	0.47516	0.44802	1	0.51940	0.44071	1	0.49358	0.52897	10.57392	1.06647	1	0.75382	0.55441	12.24689	1.06647	1	-0.00172	-0.00789	0.67406	0.00341	1	0.06442	-0.01275	0.66399	0.00368	1	1.45898	0.81042	0	
1272821	8583.97070	3306639298770	0.51948	0.43918	8583.87695	0.04004	11966	0	0.56363	0.43340	1	0.47548	0.44189	1	0.51956	0.43764	1	0.49384	0.52916	10.96828	1.06647	1	0.75433	0.55436	11.63278	1.07515	1	-0.00154	-0.00789	0.68279	0.00367	1	0.06832	-0.01338	0.70250	0.00376	1	1.45898	0.81042	0	
1272822	8583.97754	3306639365801	0.52873	0.44659	8583.87695	0.04004	11966	0	0.58391	0.44317	1	0.51059	0.47964	1	0.54725	0.46140	1	0.49393	0.52909	10.80303	1.07515	1	0.75442	0.55432	11.41436	1.08383	1	-0.00154	-0.00789	0.68279	0.00351	1	0.06832	-0.01338	0.70250	0.00372	1	1.45898	0.81042	0	
1272823	8583.98340	3306639433247	0.52902	0.45053	8583.96387	0.01953	11967	1	0.57274	0.44283	1	0.48704	0.48192	1	0.52989	0.46238	1	0.49372	0.52905	10.31533	1.08383	1	0.75435	0.55428	11.54690	1.09251	1	-0.00154	-0.00789	0.68279	0.00357	1	0.06832	-0.01338	0.70250	0.00370	1	1.45898	0.81042	0	
1272824	8583.99023	3306639499456	0.52913	0.45110	8583.96387	0.02637	11967	1	0.57161	0.43079	1	0.48747	0.47593	1	0.52954	0.45336	1	0.49356	0.52881	10.60134	1.10160	1	0.75439	0.55423	11.62502	1.10160	1	-0.00155	-0.00816	0.71069	0.00338	1	0.06606	-0.01293	0.67870	0.00374	1	1.45898	0.81042	0	
1272825	8583.99707	3306639566321	0.52812	0.44620	8583.96387	0.03320	11967	1	0.55505	0.40021	1	0.49106	0.44317	1	0.52305	0.42169	1	0.49354	0.52900	11.02624	1.11068	1	0.75450	0.55439	11.61380	1.10200	1	-0.00155	-0.00816	0.71069	0.00340	1	0.06606	-0.01293	0.67870	0.00377	1	1.45898	0.81042	0	
1272826	8584.00391	3306639633817	0.51331	0.43327	8583.96387	0.04004	11967	1	0.55505	0.40021	0	0.42445	0.35572	1	0.42445	0.35572	1	0.49354	0.52900	11.02624	1.11109	0	0.49357	0.52889	10.62536	1.10241	1	-0.00155	-0.00816	0.71069	0.00340	1	0.06606	-0.01293	0.67870	0.00339	1	1.45898	0.81042	0	
1272827	8584.01074	3306639700568	0.50219	0.42271	8583.96387	0.04688	11967	1	0.55505	0.40021	0	0.42437	0.34878	1	0.42437	0.34878	1	0.49354	0.52900	11.02624	1.11149	0	0.49357	0.52889	10.62537	1.11149	1	-0.00155	-0.00816	0.71069	0.00340	1	-0.00155	-0.00816	0.71069	0.00339	1	1.45898	0.81042	0	
1272828	8584.01758	3306639767976	0.49203	0.41248	8583.96387	0.05371	11967	1	0.55505	0.40021	0	0.41077	0.33064	1	0.41077	0.33064	1	0.49354	0.52900	11.02624	1.11149	0	0.49343	0.52898	9.96948	1.12017	1	-0.00155	-0.00816	0.71069	0.00340	1	-0.00155	-0.00816	0.71069	0.00361	1	1.45898	0.81042	0	
1272829	8584.02441	3306639834678	0.48558	0.41100	8583.96387	0.06055	11967	1	0.55505	0.40021	0	0.42756	0.39765	1	0.42756	0.39765	1	0.49354	0.52900	11.02624	1.12017	0	0.49367	0.52923	10.54259	1.12885	1	-0.00155	-0.00816	0.71069	0.00340	1	-0.00155	-0.00816	0.71069	0.00352	1	1.45898	0.81042	0	
1272830	8584.03027	3306639901545	0.48030	0.40922	8583.96387	0.06641	11967	1	0.55505	0.40021	0	0.42751	0.39150	1	0.42751	0.39150	1	0.49354	0.52900	11.02624	1.12885	0	0.49362	0.52885	10.56825	1.13754	1	-0.00155	-0.00816	0.71069	0.00340	1	-0.00153	-0.00812	0.70282	0.00336	1	1.45898	0.81042	0	
1272831	8584.03711	3306639968650	0.47479	0.40542	8583.96387	0.07324	11967	1	0.55505	0.40021	0	0.41409	0.36360	1	0.41409	0.36360	1	0.49354	0.52900	11.02624	1.13754	0	0.49346	0.52899	10.87185	1.13754	1	-0.00155	-0.00816	0.71069	0.00340	1	-0.00153	-0.00812	0.70282	0.00335	1	1.45898	0.81042	0	
1272832	8584.04395	3306640035557	0.47099	0.40041	8583.96387	0.08008	11967	1	0.55505	0.40021	0	0.42539	0.34031	1	0.42539	0.34031	1	0.49354	0.52900	11.02624	1.13754	0	0.49358	0.52886	10.89893	1.13754	1	-0.00155	-0.00816	0.71069	0.00340	1	-0.00153	-0.00812	0.70282	0.00331	1	1.45898	0.81042	0	
1272833	8584.05078	3306640101609	0.46773	0.39612	8583.96387	0.08691	11967	1	0.55505	0.40021	0	0.42539	0.34031	1	0.42539	0.34031	1	0.49354	0.52900	11.02624	1.13754	0	0.49360	0.52888	10.93314	1.13754	1	-0.00155	-0.00816	0.71069	0.00340	1	-0.00153	-0.00812	0.70282	0.00332	1	1.45898	0.81042	0	
1272834	8584.05762	3306640167131	0.46209	0.39474	8583.96387	0.09375	11967	1	0.55505	0.40021	0	0.38319	0.37540	1	0.38319	0.37540	1	0.49354	0.52900	11.02624	1.13754	0	0.49334	0.52911	10.24356	1.13754	1	-0.00155	-0.00816	0.71069	0.00340	1	-0.00153	-0.00812	0.70282	0.00361	1	1.45898	0.81042	0	
1272835	8584.06348	3306640232686	0.43377	0.37074	8583.96387	0.09375	11967	0	0.55505	0.40021	0	0.38997	0.32988	1	0.38997	0.32988	1	0.49354	0.52900	11.02624	1.13754	0	0.49344	0.52877	10.62282	1.13754	1	-0.00155	-0.00816	0.71069	0.00340	1	-0.00153	-0.00812	0.70282	0.00346	1	1.45898	0.81042	0	
1272836	8584.07031	3306640301158	0.41204	0.35361	8583.96387	0.09375	11967	0	0.55505	0.40021	0	0.39030	0.33648	1	0.39030	0.33648	1	0.49354	0.52900	11.02624	1.13754	0	0.49334	0.52878	10.29757	1.12885	1	-0.00155	-0.00816	0.71069	0.00340	1	-0.00143	-0.00789	0.68275	0.00341	1	1.45898	0.81042	0	
1272837	8584.07715	3306640371032	0.40357	0.33267	8583.96387	0.09375	11967	0	0.55505	0.40021	0	0.38663	0.29079	1	0.38663	0.29079	1	0.49354	0.52900	11.02624	1.12885	0	0.49330	0.52814	10.03518	1.12017	1	-0.00155	-0.00816	0.71069	0.00340	1	-0.00143	-0.00789	0.68275	0.00355	1	1.45898	0.81042	0	
1272838	8584.08398	3306640435253	0.40373	0.32949	8584.06348	0.02051	11968	1	0.55505	0.40021	0	0.40422	0.31996	1	0.40422	0.31996	1	0.49354	0.52900	11.02624	1.12017	0	0.49353	0.52873	10.84888	1.11149	1	-0.00155	-0.00816	0.71069	0.00340	1	-0.00143	-0.00789	0.68275	0.00337	1	1.45898	0.81042	0	
1272839	8584.09082	3306640502647	0.40383	0.32758	8584.06348	0.02734	11968	1	0.55505	0.40021	0	0.40422	0.31996	1	0.40422	0.31996	1	0.49354	0.52900	11.02624	1.11149	0	0.49358	0.52935	10.98138	1.11149	1	-0.00155	-0.00816	0.71069	0.00340	1	-0.00153	-0.00812	0.70282	0.00349	1	1.45898	0.81042	0	
1272840	8584.09668	3306640566830	0.40017	0.33254	8584.06348	0.03320	11968	1	0.55505	0.40021	0	0.38186	0.35733	1	0.38186	0.35733	1	0.49354	0.52900	11.02624	1.11149	0	0.49331	0.52901	10.24467	1.12017	1	-0.00155	-0.00816	0.71069	0.00340	1	-0.00153	-0.00812	0.70282	0.00354	1	1.45898	0.81042	0	
1272841	8584.10352	3306640634299	0.40161	0.33268	8584.06348	0.04004	11968	1	0.55505	0.40021	0	0.41029	0.33348	1	0.41029	0.33348	1	0.49354	0.52900	11.02624	1.12017	0	0.49337	0.52870	10.02038	1.12885	1	-0.00155	-0.00816	0.71069	0.00340	1	-0.00153	-0.00812	0.70282	0.00343	1	1.45898	0.81042	0	
1272842	8584.11035	3306640703072	0.40268	0.33195	8584.06348	0.04688	11968	1	0.55505	0.40021	0	0.41012	0.32685	1	0.41012	0.32685	1	0.49354	0.52900	11.02624	1.12885	0	0.49319	0.52839	11.09331	1.13754	1	-0.00155	-0.00816	0.71069	0.00340	1	-0.00155	-0.00816	0.71069	0.00353	1	1.45898	0.81042	0	
1272843	8584.11719	3306640770546	0.40259	0.32705	8584.06348	0.05371	11968	1	0.55505	0.40021	0	0.40188	0.28784	1	0.40188	0.28784	1	0.49354	0.52900	11.02624	1.13754	0	0.49318	0.52850	11.28500	1.13754	1	-0.00155	-0.00816	0.71069	0.00340	1	-0.00155	-0.00816	0.71069	0.00354	1	1.45898	0.81042	0	
1272844	8584.12402	3306640839703	0.41571	0.33022	8584.06348	0.06055	11968	1	0.53051	0.32355	1	0.53717	0.39408	1	0.53384	0.35881	1	0.49317	0.52839	11.11132	1.13754	1	0.75443	0.55364	11.48832	1.13754	1	-0.00155	-0.00816	0.71069	0.00357	1	-0.00155	-0.00816	0.71069	0.00354	1	1.45898	0.81042	0	
1272845	8584.13086	3306640906411	0.42642	0.33371	8584.06348	0.06738	11968	1	0.53135	0.33039	1	0.53562	0.40677	1	0.53349	0.36858	1	0.49297	0.52793	10.51127	1.12845	1	0.75379	0.55363	11.41748	1.11977	1	-0.00157	-0.00799	0.69599	0.00377	1	0.06719	-0.01312	0.69141	0.00375	1	1.45898	0.81042	0	
1272846	8584.13770	3306640972259	0.43282	0.33838	8584.06348	0.07422	11968	1	0.51915	0.32716	1	0.48739	0.45234	1	0.50327	0.38975	1	0.49301	0.52823	10.91308	1.11068	1	0.75356	0.55407	12.08839	1.10200	1	-0.00157	-0.00799	0.69599	0.00371	1	0.06719	-0.01312	0.69141	0.00365	1	1.45898	0.81042	0	
1272847	8584.14453	3306641040692	0.43820	0.34143	8584.06348	0.08105	11968	1	0.52089	0.31263	1	0.48445	0.44335	1	0.50267	0.37799	1	0.49287	0.52787	10.62101	1.09292	1	0.75358	0.55386	11.76048	1.08424	1	-0.00157	-0.00799	0.69599	0.00371	1	0.06719	-0.01312	0.69141	0.00373	1	1.45898	0.81042	0	
1272848	8584.15137	3306641105909	0.44284	0.34499	8584.06348	0.08789	11968	1	0.52274	0.32673	1	0.48366	0.45579	1	0.50320	0.39126	1	0.49299	0.52830	10.89814	1.07515	1	0.75381	0.55345	11.36309	1.06647	1	-0.00157	-0.00799	0.69599	0.00357	1	0.06719	-0.01317	0.69141	0.00384	1	1.45898	0.81042	0	
1272849	8584.15820	3306641174286	0.44691	0.34838	8584.06348	0.09473	11968	1	0.50446	0.37150	1	0.50335	0.42031	1	0.50390	0.39590	1	0.49262	0.52813	10.09513	1.06647	1	0.75384	0.55354	11.20593	1.06647	1	-0.00157	-0.00799	0.69599	0.00367	1	0.06719	-0.01317	0.69141	0.00385	1	1.45898	0.81042	0	
1272850	8584.16504	3306641241189	0.45013	0.35347	8584.06348	0.10156	11968	1	0.50446	0.37150	0	0.49836	0.42981	1	0.49836	0.42981	1	0.49262	0.52813	10.09513	1.06647	0	0.75375	0.55346	11.29340	1.06647	1	-0.00157	-0.00799	0.69599	0.00367	1	0.06719	-0.01317	0.69141	0.00382	1	1.45898	0.81042	0	
1272851	8584.17090	3306641308586	0.45013	0.35347	8584.06348	0.10742	11968	1	0.50446	0.37150	0	0.49836	0.42981	0	0.49836	0.42981	0	0.49262	0.52813	10.09513	1.06647	0	0.75375	0.55346	11.29340	1.06647	0	-0.00157	-0.00799	0.69599	0.00367	1	0.06719	-0.01317	0.69141	0.00382	1	1.45898	0.81042	0	
1272852	8584.17773	3306641375501	0.45013	0.35347	8584.06348	0.11426	11968	1	0.50446	0.37150	0	0.49836	0.42981	0	0.49836	0.42981	0	0.49262	0.52813	10.09513	1.06647	0	0.75375	0.55346	11.29340	1.06647	0	-0.00157	-0.00799	0.69599	0.00367	1	0.06719	-0.01317	0.69141	0.00382	1	1.45898	0.81042	0	
1272853	8584.18457	3306641442126	0.45013	0.35347	8584.06348	0.12109	11968	1	0.50446	0.37150	0	0.49836	0.42981	0	0.49836	0.42981	0	0.49262	0.52813	10.09513	1.06647	0	0.75375	0.55346	11.29340	1.06647	0	-0.00157	-0.00799	0.69599	0.00367	1	0.06719	-0.01317	0.69141	0.00382	1	1.45898	0.81042	0	
1272854	8584.19141	3306641509118	0.46559	0.36146	8584.06348	0.12109	11968	0	0.50446	0.37150	0	0.49836	0.42981	0	0.49836	0.42981	0	0.49262	0.52813	10.09513	1.06647	0	0.75375	0.55346	11.29340	1.06647	0	-0.00157	-0.00799	0.69599	0.00367	1	0.06719	-0.01317	0.69141	0.00382	1	1.45898	0.81042	0	
1272855	8584.19824	3306641576423	0.46559	0.36146	8584.06348	0.12109	11968	0	0.50446	0.37150	0	0.49836	0.42981	0	0.49836	0.42981	0	0.49262	0.52813	10.09513	1.06647	0	0.75375	0.55346	11.29340	1.06647	0	-0.00157	-0.00799	0.69599	0.00367	1	0.06719	-0.01317	0.69141	0.00382	1	1.45898	0.81042	0	
1272856	8584.20508	3306641643393	0.46559	0.36146	8584.06348	0.12109	11968	0	0.50446	0.37150	0	0.49836	0.42981	0	0.49836	0.42981	0	0.49262	0.52813	10.09513	1.06647	0	0.75375	0.55346	11.29340	1.06647	0	-0.00157	-0.00799	0.69599	0.00367	1	0.06719	-0.01317	0.69141	0.00382	1	1.45898	0.81042	0	
1272857	8584.21191	3306641710309	0.00000	0.00000	8584.06348	0.12109	11968	0	0.50446	0.37150	0	0.49836	0.42981	0	0.49836	0.42981	0	0.49262	0.52813	10.09513	1.06647	0	0.75375	0.55346	11.29340	1.06647	0	-0.00157	-0.00799	0.69599	0.00367	1	0.06719	-0.01317	0.69141	0.00382	1	1.45898	0.81042	0	
1272858	8584.21777	3306641777100	0.00000	0.00000	8584.06348	0.12109	11968	0	0.50446	0.37150	0	0.49836	0.42981	0	0.49836	0.42981	0	0.49262	0.52813	10.09513	1.06647	0	0.75375	0.55346	11.29340	1.06647	0	-0.00157	-0.00799	0.69599	0.00367	1	0.06719	-0.01317	0.69141	0.00382	1	1.45898	0.81042	0	
1272859	8584.22461	3306641843639	0.00000	0.00000	8584.06348	0.12109	11968	0	0.50446	0.37150	0	0.49836	0.42981	0	0.49836	0.42981	0	0.49262	0.52813	10.09513	1.06647	0	0.75375	0.55346	11.29340	1.06647	0	-0.00157	-0.00799	0.69599	0.00367	1	0.06719	-0.01317	0.69141	0.00382	1	1.45898	0.81042	0	
1272860	8584.23145	3306641911165	0.50141	0.40066	8584.06348	0.12109	11968	0	0.50446	0.37150	1	0.49836	0.42981	1	0.50141	0.40066	1	0.49219	0.52718	10.83217	1.06647	1	0.75329	0.55336	12.04398	1.06647	1	-0.00165	-0.00796	0.68908	0.00383	1	0.06556	-0.01282	0.67567	0.00403	1	1.45898	0.81042	0	
1272861	8584.23828	3306641978192	0.50074	0.37966	8584.06348	0.12109	11968	0	0.53299	0.32707	1	0.46713	0.39025	1	0.50006	0.35866	1	0.49234	0.52823	11.02615	1.06647	1	0.75331	0.55322	12.11753	1.06647	1	-0.00165	-0.00796	0.68908	0.00350	1	0.06556	-0.01282	0.67567	0.00415	1	1.45898	0.81042	0	
1272862	8584.24512	3306642044885	0.50062	0.37914	8584.06348	0.12109	11968	0	0.53023	0.37536	1	0.47053	0.38085	1	0.50038	0.37810	1	0.49223	0.52830	11.18796	1.06647	1	0.75329	0.55317	12.06052	1.06647	1	-0.00165	-0.00796	0.68908	0.00353	1	0.06556	-0.01282	0.67567	0.00414	1	1.45898	0.81042	0	
1272863	8584.25195	3306642111997	0.50052	0.37631	8584.23145	0.02051	11969	1	0.52932	0.36850	1	0.47111	0.36718	1	0.50022	0.36784	1	0.49232	0.52817	11.04094	1.07556	1	0.75305	0.55402	12.39396	1.08424	1	-0.00175	-0.00816	0.70623	0.00355	1	0.06763	-0.01324	0.69754	0.00379	1	1.45898	0.81042	0	
1272864	8584.25781	3306642178049	0.50302	0.37273	8584.23145	0.02637	11969	1	0.53222	0.30110	1	0.49379	0.41565	1	0.51301	0.35837	1	0.49236	0.52781	10.99597	1.09332	1	0.75333	0.55374	12.11797	1.10200	1	-0.00175	-0.00816	0.70623	0.00378	1	0.06763	-0.01324	0.69754	0.00378	1	1.45898	0.81042	0	
1272865	8584.26465	3306642244072	0.50502	0.37488	8584.23145	0.03320	11969	1	0.53461	0.33737	1	0.49553	0.43392	1	0.51507	0.38564	1	0.49242	0.52831	11.10043	1.11109	1	0.75336	0.55384	11.67618	1.11977	1	-0.00175	-0.00816	0.70623	0.00356	1	0.06763	-0.01324	0.69754	0.00383	1	1.45898	0.81042	0	
1272866	8584.27148	3306642311844	0.50640	0.37595	8584.23145	0.04004	11969	1	0.53382	0.33079	1	0.49553	0.43392	1	0.51467	0.38235	1	0.49215	0.52839	11.11543	1.11977	1	0.75306	0.55341	10.93873	1.11977	1	-0.00178	-0.00800	0.69759	0.00365	1	0.06556	-0.01282	0.67567	0.00403	1	1.45898	0.81042	0	
1272867	8584.27832	3306642377240	0.50714	0.37386	8584.23145	0.04688	11969	1	0.51779	0.35243	1	0.50674	0.36610	1	0.51227	0.35926	1	0.49215	0.52839	11.11543	1.11068	1	0.75309	0.55338	11.17191	1.10200	1	-0.00178	-0.00800	0.69759	0.00365	1	0.06556	-0.01282	0.67567	0.00387	1	1.45898	0.81042	0	
1272868	8584.28516	3306642443669	0.50702	0.37703	8584.23145	0.05371	11969	1	0.53215	0.35950	1	0.48007	0.44521	1	0.50611	0.40235	1	0.49237	0.52847	11.25970	1.09292	1	0.75303	0.55385	11.63385	1.08424	1	-0.00178	-0.00800	0.69759	0.00354	1	0.06556	-0.01282	0.67567	0.00384	1	1.45898	0.81042	0	
1272869	8584.29199	3306642511106	0.50697	0.37989	8584.23145	0.06055	11969	1	0.53298	0.36601	1	0.48007	0.44521	1	0.50652	0.40561	1	0.49239	0.52817	11.33534	1.08424	1	0.75297	0.55333	11.40287	1.08424	1	-0.00175	-0.00816	0.70623	0.00364	1	0.06763	-0.01324	0.69754	0.00377	1	1.45898	0.81042	0	
1272870	8584.29883	3306642580715	0.50779	0.38069	8584.23145	0.06738	11969	1	0.53265	0.35246	1	0.49919	0.42500	1	0.51592	0.38873	1	0.49231	0.52822	11.20229	1.09332	1	0.75299	0.55330	11.49534	1.10200	1	-0.00175	-0.00816	0.70623	0.00363	1	0.06763	-0.01324	0.69754	0.00375	1	1.45898	0.81042	0	
1272871	8584.30566	3306642648155	0.50838	0.37718	8584.23145	0.07422	11969	1	0.53016	0.30347	1	0.49967	0.37368	1	0.51492	0.33858	1	0.49230	0.52819	11.20260	1.11109	1	0.75301	0.55355	11.25588	1.11977	1	-0.00175	-0.00816	0.70623	0.00362	1	0.06763	-0.01324	0.69754	0.00394	1	1.45898	0.81042	0	
1272872	8584.31152	3306642713853	0.50886	0.37316	8584.23145	0.08008	11969	1	0.52847	0.28946	1	0.50067	0.36051	1	0.51457	0.32498	1	0.49235	0.52816	11.23890	1.12885	1	0.75331	0.55332	11.93851	1.13754	1	-0.00175	-0.00816	0.70623	0.00372	1	0.06763	-0.01324	0.69754	0.00404	1	1.45898	0.81042	0	
1272873	8584.31836	3306642781846	0.50939	0.37212	8584.23145	0.08691	11969	1	0.52681	0.35556	1	0.50588	0.36155	1	0.51634	0.35855	1	0.49235	0.52871	11.36451	1.13754	1	0.75309	0.55330	11.46021	1.13754	1	-0.00175	-0.00816	0.70623	0.00339	1	0.06763	-0.01324	0.69754	0.00408	1	1.45898	0.81042	0	
1272874	8584.32520	3306642845427	0.50990	0.36964	8584.23145	0.09375	11969	1	0.52485	0.31848	1	0.50905	0.35124	1	0.51695	0.33486	1	0.49228	0.52802	11.32711	1.13754	1	0.75311	0.55327	11.38970	1.13754	1	-0.00175	-0.00816	0.70623	0.00380	1	0.06763	-0.01324	0.69754	0.00412	1	1.45898	0.81042	0	
1272875	8584.33203	3306642914208	0.50981	0.36889	8584.23145	0.10059	11969	1	0.52485	0.31848	0	0.50850	0.35775	1	0.50850	0.35775	1	0.49228	0.52802	11.32711	1.13754	0	0.49233	0.52746	11.13808	1.12885	1	-0.00175	-0.00816	0.70623	0.00380	1	-0.00165	-0.00796	0.68908	0.00368	1	1.45898	0.81042	0	
1272876	8584.33887	3306642980428	0.50424	0.36461	8584.23145	0.10742	11969	1	0.52485	0.31848	0	0.41513	0.29606	1	0.41513	0.29606	1	0.49228	0.52802	11.32711	1.12885	0	0.49265	0.52822	11.56794	1.12017	1	-0.00175	-0.00816	0.70623	0.00380	1	-0.00165	-0.00796	0.68908	0.00341	1	1.45898	0.81042	0	
1272877	8584.34473	3306643046997	0.49846	0.35992	8584.23145	0.11328	11969	1	0.52485	0.31848	0	0.40023	0.28016	1	0.40023	0.28016	1	0.49228	0.52802	11.32711	1.12017	0	0.49245	0.52813	11.17626	1.11149	1	-0.00175	-0.00816	0.70623	0.00380	1	-0.00165	-0.00796	0.68908	0.00337	1	1.45898	0.81042	0	
1272878	8584.35156	3306643112728	0.49330	0.35610	8584.23145	0.12012	11969	1	0.52485	0.31848	0	0.40049	0.28730	1	0.40049	0.28730	1	0.49228	0.52802	11.32711	1.11149	0	0.49244	0.52816	11.33873	1.10281	1	-0.00175	-0.00816	0.70623	0.00380	1	-0.00165	-0.00796	0.68908	0.00339	1	1.45898	0.81042	0	
1272879	8584.35840	3306643182776	0.48611	0.34951	8584.23145	0.12695	11969	1	0.52485	0.31848	0	0.34948	0.22437	1	0.34948	0.22437	1	0.49228	0.52802	11.32711	1.10281	0	0.49233	0.52720	11.14682	1.10281	1	-0.00175	-0.00816	0.70623	0.00380	1	-0.00165	-0.00796	0.68908	0.00384	1	1.45898	0.81042	0	
1272880	8584.36523	3306643246137	0.45914	0.32149	8584.23145	0.12695	11969	0	0.52485	0.31848	0	0.35058	0.26088	1	0.35058	0.26088	1	0.49228	0.52802	11.32711	1.10281	0	0.49236	0.52783	11.20618	1.10281	1	-0.00175	-0.00816	0.70623	0.00380	1	-0.00165	-0.00796	0.68908	0.00335	1	1.45898	0.81042	0	
1272881	8584.37207	3306643315513	0.40454	0.28753	8584.23145	0.12695	11969	0	0.52485	0.31848	0	0.34995	0.25357	1	0.34995	0.25357	1	0.49228	0.52802	11.32711	1.10281	0	0.49256	0.52810	11.70802	1.11149	1	-0.00175	-0.00816	0.70623	0.00380	1	-0.00163	-0.00809	0.70004	0.00337	1	1.45898	0.81042	0	
1272882	8584.37891	3306643381714	0.39404	0.30009	8584.23145	0.12695	11969	0	0.52485	0.31848	0	0.37303	0.32520	1	0.37303	0.32520	1	0.49228	0.52802	11.32711	1.11149	0	0.49275	0.52851	11.89591	1.12017	1	-0.00175	-0.00816	0.70623	0.00380	1	-0.00163	-0.00809	0.70004	0.00343	1	1.45898	0.81042	0	
1272883	8584.38574	3306643450320	0.36043	0.30021	8584.23145	0.12695	11969	0	0.52485	0.31848	0	0.35831	0.32184	1	0.35831	0.32184	1	0.49228	0.52802	11.32711	1.12017	0	0.49258	0.52863	11.96289	1.12885	1	-0.00175	-0.00816	0.70623	0.00380	1	-0.00163	-0.00809	0.70004	0.00342	1	1.45898	0.81042	0	
1272884	8584.39258	3306643519229	0.35962	0.31397	8584.23145	0.12695	11969	0	0.52485	0.31848	0	0.35881	0.32774	1	0.35881	0.32774	1	0.49228	0.52802	11.32711	1.12885	0	0.49271	0.52854	11.91100	1.12120	1	-0.00175	-0.00816	0.70623	0.00380	1	-0.00151	-0.00743	0.65135	0.00349	1	1.45898	0.81042	0	
1272885	8584.39941	3306643586823	0.36532	0.31674	8584.23145	0.12695	11969	0	0.52485	0.31848	0	0.37671	0.32227	1	0.37671	0.32227	1	0.49228	0.52802	11.32711	1.12120	0	0.49288	0.52849	11.71207	1.10486	1	-0.00175	-0.00816	0.70623	0.00380	1	-0.00151	-0.00743	0.65135	0.00355	1	1.45898	0.81042	0	
1272886	8584.40527	3306643651098	0.36503	0.32687	8584.38574	0.01953	11970	1	0.52485	0.31848	0	0.36417	0.35726	1	0.36417	0.35726	1	0.49228	0.52802	11.32711	1.10486	0	0.49265	0.52858	12.18218	1.08852	1	-0.00175	-0.00816	0.70623	0.00380	1	-0.00151	-0.00743	0.65135	0.00341	1	1.45898	0.81042	0	
1272887	8584.41211	3306643718565	0.36486	0.33295	8584.38574	0.02637	11970	1	0.52485	0.31848	0	0.36417	0.35726	1	0.36417	0.35726	1	0.49228	0.52802	11.32711	1.08852	0	0.49278	0.52862	12.30202	1.08852	1	-0.00175	-0.00816	0.70623	0.00380	1	-0.00163	-0.00803	0.70013	0.00346	1	1.45898	0.81042	0	
1272888	8584.41895	3306643784834	0.36542	0.32804	8584.38574	0.03320	11970	1	0.52485	0.31848	0	0.36826	0.30348	1	0.36826	0.30348	1	0.49228	0.52802	11.32711	1.08852	0	0.49267	0.52837	11.82642	1.10486	1	-0.00175	-0.00816	0.70623	0.00380	1	-0.00163	-0.00803	0.70013	0.00346	1	1.45898	0.81042	0	
1272889	8584.42578	3306643849993	0.38397	0.32606	8584.38574	0.04004	11970	1	0.50623	0.36275	1	0.48423	0.26569	1	0.49523	0.31422	1	0.49267	0.52830	11.54439	1.10486	1	0.75344	0.55235	11.71444	1.12120	1	-0.00175	-0.00816	0.70623	0.00349	1	-0.00163	-0.00803	0.70013	0.00425	1	1.45898	0.81042	0	
1272890	8584.43262	3306643920363	0.39782	0.32432	8584.38574	0.04688	11970	1	0.50539	0.35737	1	0.48416	0.26688	1	0.49478	0.31213	1	0.49255	0.52822	11.15613	1.11211	1	0.75339	0.55299	11.80842	1.11977	1	-0.00154	-0.00789	0.68279	0.00355	1	0.06556	-0.01282	0.67567	0.00399	1	1.45898	0.81042	0	
1272891	8584.43945	3306643987494	0.40752	0.32950	8584.38574	0.05371	11970	1	0.49961	0.35230	1	0.47069	0.38955	1	0.48515	0.37092	1	0.49264	0.52840	11.72360	1.11068	1	0.75337	0.55297	11.86030	1.10200	1	-0.00154	-0.00789	0.68279	0.00350	1	0.06556	-0.01282	0.67567	0.00398	1	1.45898	0.81042	0	
1272892	8584.44531	3306644051660	0.41537	0.33453	8584.38574	0.05957	11970	1	0.50202	0.40414	1	0.47007	0.35540	1	0.48604	0.37977	1	0.49264	0.52864	11.84621	1.09292	1	0.75324	0.55306	12.03100	1.08424	1	-0.00154	-0.00789	0.68279	0.00340	1	0.06556	-0.01282	0.67567	0.00409	1	1.45898	0.81042	0	
1272893	8584.45215	3306644120574	0.42188	0.33954	8584.38574	0.06641	11970	1	0.50415	0.41677	1	0.46978	0.36249	1	0.48697	0.38963	1	0.49272	0.52876	11.76919	1.07515	1	0.75330	0.55354	12.18786	1.07515	1	-0.00154	-0.00789	0.68279	0.00338	1	0.06779	-0.01325	0.69813	0.00383	1	1.45898	0.81042	0	
1272894	8584.45898	3306644186075	0.42780	0.34432	8584.38574	0.07324	11970	1	0.51984	0.40508	1	0.46588	0.38887	1	0.49286	0.39698	1	0.49290	0.52864	11.40451	1.07515	1	0.75320	0.55335	12.14423	1.08383	1	-0.00154	-0.00789	0.68279	0.00343	1	0.06779	-0.01325	0.69813	0.00385	1	1.45898	0.81042	0	
1272895	8584.46582	3306644253434	0.43281	0.34632	8584.38574	0.08008	11970	1	0.51574	0.37007	1	0.47015	0.37056	1	0.49295	0.37031	1	0.49287	0.52857	11.30785	1.08383	1	0.75327	0.55326	11.95871	1.09251	1	-0.00154	-0.00789	0.68279	0.00346	1	0.06779	-0.01325	0.69813	0.00389	1	1.45898	0.81042	0	
1272896	8584.47266	3306644318962	0.43708	0.34757	8584.38574	0.08691	11970	1	0.51479	0.36358	1	0.47043	0.36396	1	0.49261	0.36377	1	0.49314	0.52870	11.70669	1.09251	1	0.75337	0.55338	12.05991	1.10119	1	-0.00154	-0.00789	0.68279	0.00343	1	0.06779	-0.01335	0.69813	0.00398	1	1.45898	0.81042	0	
1272897	8584.47949	3306644387828	0.44236	0.34776	8584.38574	0.09375	11970	1	0.54317	0.36538	1	0.48952	0.33556	1	0.51635	0.35047	1	0.49332	0.52821	11.29832	1.10119	1	0.75354	0.55284	11.71883	1.10119	1	-0.00154	-0.00789	0.68279	0.00356	1	0.06779	-0.01335	0.69813	0.00419	1	1.45898	0.81042	0	
1272898	8584.48633	3306644454679	0.47423	0.35693	8584.38574	0.09375	11970	0	0.55503	0.36898	1	0.47586	0.37956	1	0.51544	0.37427	1	0.49341	0.52854	11.64586	1.10119	1	0.75338	0.55345	12.16664	1.10119	1	-0.00154	-0.00789	0.68279	0.00342	1	0.06779	-0.01335	0.69813	0.00395	1	1.45898	0.81042	0	
1272899	8584.49316	3306644523178	0.49475	0.36224	8584.38574	0.09375	11970	0	0.55433	0.36230	1	0.47619	0.37278	1	0.51526	0.36754	1	0.49327	0.52863	11.70947	1.11028	1	0.75348	0.55330	11.94093	1.11028	1	-0.00153	-0.00812	0.70282	0.00346	1	0.06832	-0.01344	0.70250	0.00402	1	1.45898	0.81042	0	
1272900	8584.49902	3306644588475	0.49992	0.35543	8584.38574	0.09375	11970	0	0.54071	0.32300	1	0.47982	0.36063	1	0.51026	0.34182	1	0.49324	0.52823	12.08222	1.11936	1	0.75349	0.55332	11.63302	1.11936	1	-0.00153	-0.00812	0.70282	0.00338	1	0.06832	-0.01344	0.70250	0.00413	1	1.45898	0.81042	0	
1272901	8584.50586	3306644657381	0.49491	0.34576	8584.48633	0.01953	11971	1	0.51630	0.29949	1	0.44344	0.33398	1	0.47987	0.31674	1	0.49336	0.52787	11.41025	1.12845	1	0.75357	0.55317	11.39722	1.12845	1	-0.00153	-0.00812	0.70282	0.00346	1	0.06832	-0.01344	0.70250	0.00414	1	1.45898	0.81042	0	
1272902	8584.51270	3306644722679	0.49189	0.34062	8584.48633	0.02637	11971	1	0.51630	0.29949	1	0.44338	0.34064	1	0.47984	0.32006	1	0.49316	0.52790	11.06998	1.12845	1	0.75424	0.55432	12.29515	1.11977	1	-0.00143	-0.00789	0.68275	0.00344	1	0.06605	-0.01298	0.67862	0.00403	1	1.45898	0.81042	0	
1272903	8584.51953	3306644791870	0.49103	0.34501	8584.48633	0.03320	11971	1	0.49466	0.35458	1	0.47875	0.37941	1	0.48671	0.36699	1	0.49331	0.52834	11.55035	1.11068	1	0.75421	0.55344	11.89882	1.10200	1	-0.00143	-0.00789	0.68275	0.00346	1	0.06605	-0.01298	0.67862	0.00426	1	1.45898	0.81042	0	
1272904	8584.52637	3306644858215	0.49092	0.35235	8584.48633	0.04004	11971	1	0.50099	0.36835	1	0.47956	0.42442	1	0.49027	0.39639	1	0.49340	0.52858	11.66318	1.09292	1	0.75424	0.55378	12.03650	1.08424	1	-0.00143	-0.00789	0.68275	0.00347	1	0.06605	-0.01298	0.67862	0.00395	1	1.45898	0.81042	0	
1272905	8584.53320	3306644925434	0.49095	0.35909	8584.48633	0.04688	11971	1	0.50313	0.38156	1	0.47919	0.43094	1	0.49116	0.40625	1	0.49355	0.52844	12.15169	1.07515	1	0.75423	0.55324	12.06451	1.07515	1	-0.00133	-0.00790	0.68410	0.00345	1	0.06898	-0.01349	0.70822	0.00416	1	1.45898	0.81042	0	
1272906	8584.54004	3306644991311	0.49076	0.36112	8584.48633	0.05371	11971	1	0.50111	0.39028	1	0.47744	0.36444	1	0.48928	0.37736	1	0.49326	0.52859	11.72443	1.07515	1	0.75412	0.55304	11.86241	1.08383	1	-0.00133	-0.00790	0.68410	0.00348	1	0.06898	-0.01349	0.70822	0.00403	1	1.45898	0.81042	0	
1272907	8584.54590	3306645057638	0.49053	0.36289	8584.48633	0.05957	11971	1	0.51189	0.36281	1	0.46489	0.39474	1	0.48839	0.37878	1	0.49347	0.52832	12.19739	1.08383	1	0.75394	0.55347	12.59741	1.09251	1	-0.00133	-0.00790	0.68410	0.00343	1	0.06898	-0.01349	0.70822	0.00388	1	1.45898	0.81042	0	
1272908	8584.55273	3306645126360	0.49029	0.36403	8584.48633	0.06641	11971	1	0.51091	0.35626	1	0.46489	0.39474	1	0.48790	0.37550	1	0.49355	0.52807	11.82095	1.09251	1	0.75423	0.55315	11.96822	1.09251	1	-0.00131	-0.00767	0.67252	0.00356	1	0.06534	-0.01272	0.67034	0.00396	1	1.45898	0.81042	0	
1272909	8584.55957	3306645192989	0.49137	0.36508	8584.48633	0.07324	11971	1	0.54188	0.34974	1	0.46473	0.40352	1	0.50331	0.37663	1	0.49404	0.52835	11.79388	1.09251	1	0.75410	0.55357	12.33609	1.08383	1	-0.00131	-0.00767	0.67252	0.00353	1	0.06534	-0.01272	0.67034	0.00380	1	1.45898	0.81042	0	
1272910	8584.56641	3306645259584	0.49232	0.36779	8584.48633	0.08008	11971	1	0.53475	0.37528	1	0.47254	0.42531	1	0.50365	0.40029	1	0.49393	0.52824	11.39814	1.08383	1	0.75417	0.55342	12.20505	1.07515	1	-0.00131	-0.00767	0.67252	0.00361	1	0.06534	-0.01272	0.67034	0.00381	1	1.45898	0.81042	0	
1272911	8584.57324	3306645327241	0.49313	0.37009	8584.48633	0.08691	11971	1	0.53472	0.37498	1	0.47256	0.42501	1	0.50364	0.40000	1	0.49394	0.52796	11.20369	1.08424	1	0.75420	0.55321	11.93476	1.07556	1	-0.00133	-0.00805	0.71087	0.00368	1	0.06534	-0.01272	0.67034	0.00395	1	1.45898	0.81042	0	
1272912	8584.58008	3306645394152	0.49436	0.36937	8584.48633	0.09375	11971	1	0.54107	0.33729	1	0.48211	0.38109	1	0.51159	0.35919	1	0.49400	0.52785	11.08316	1.08464	1	0.75429	0.55329	12.05626	1.08464	1	-0.00133	-0.00805	0.71087	0.00369	1	0.06534	-0.01272	0.67034	0.00369	1	1.45898	0.81042	0	
1272913	8584.58691	3306645462184	0.49364	0.36772	8584.48633	0.10059	11971	1	0.52074	0.31492	1	0.44504	0.37132	1	0.48289	0.34312	1	0.49412	0.52783	11.08413	1.09373	1	0.75410	0.55327	12.17068	1.09373	1	-0.00133	-0.00805	0.71087	0.00376	1	0.06534	-0.01272	0.67034	0.00367	1	1.45898	0.81042	0	
1272914	8584.59375	3306645527776	0.49301	0.36628	8584.48633	0.10742	11971	1	0.52074	0.31492	1	0.44504	0.37132	1	0.48289	0.34312	1	0.49382	0.52785	11.33612	1.09373	1	0.75446	0.55305	11.68179	1.09373	1	-0.00120	-0.00752	0.66434	0.00385	1	0.06675	-0.01297	0.68371	0.00374	1	1.45898	0.81042	0	
1272915	8584.59961	3306645594623	0.49311	0.36722	8584.48633	0.11328	11971	1	0.49974	0.36934	1	0.48981	0.39715	1	0.49477	0.38325	1	0.49413	0.52794	11.55781	1.08464	1	0.75483	0.55351	12.16195	1.08464	1	-0.00120	-0.00752	0.66434	0.00375	1	0.06675	-0.01297	0.68371	0.00387	1	1.45898	0.81042	0	
1272916	8584.60645	3306645661835	0.49241	0.36947	8584.48633	0.12012	11971	1	0.48028	0.35668	1	0.47958	0.46325	1	0.47993	0.40997	1	0.49384	0.52778	11.59954	1.07556	1	0.75502	0.55395	12.13965	1.07556	1	-0.00120	-0.00752	0.66434	0.00370	1	0.06675	-0.01297	0.68371	0.00376	1	1.45898	0.81042	0	
1272917	8584.61328	3306645729082	0.49181	0.37183	8584.48633	0.12695	11971	1	0.48154	0.36366	1	0.47921	0.46949	1	0.48037	0.41658	1	0.49391	0.52787	11.40129	1.06647	1	0.75507	0.55349	11.95219	1.06647	1	-0.00122	-0.00761	0.67628	0.00368	1	0.06675	-0.01297	0.68371	0.00412	1	1.45898	0.81042	0	
1272918	8584.62012	3306645795588	0.49117	0.37318	8584.48633	0.13379	11971	1	0.48522	0.36947	1	0.47151	0.43120	1	0.47836	0.40034	1	0.49394	0.52760	11.02042	1.06647	1	0.75491	0.55377	12.13131	1.06647	1	-0.00122	-0.00761	0.67628	0.00370	1	0.06675	-0.01297	0.68371	0.00383	1	1.45898	0.81042	0	
1272919	8584.62695	3306645862552	0.49083	0.37489	8584.48633	0.14062	11971	1	0.49002	0.37587	1	0.47729	0.44574	1	0.48365	0.41080	1	0.49396	0.52785	11.58557	1.06647	1	0.75498	0.55379	12.05326	1.06647	1	-0.00122	-0.00761	0.67628	0.00358	1	0.06675	-0.01297	0.68371	0.00378	1	1.45898	0.81042	0	
1272920	8584.63379	3306645928680	0.49052	0.37645	8584.48633	0.14746	11971	1	0.49002	0.37587	1	0.47729	0.44574	1	0.48365	0.41080	1	0.49415	0.52737	11.49463	1.06647	1	0.75504	0.55383	11.96515	1.06647	1	-0.00122	-0.00761	0.67628	0.00366	1	0.06675	-0.01297	0.68371	0.00378	1	1.45898	0.81042	0	
1272921	8584.64062	3306645996702	0.49029	0.37776	8584.48633	0.15430	11971	1	0.50157	0.37640	1	0.46858	0.43905	1	0.48507	0.40772	1	0.49413	0.52767	11.71269	1.06647	1	0.75489	0.55390	12.22459	1.06647	1	-0.00122	-0.00761	0.67628	0.00367	1	0.06675	-0.01297	0.68371	0.00376	1	1.45898	0.81042	0	
1272922	8584.64648	3306646063898	0.49016	0.37893	8584.48633	0.16016	11971	1	0.50033	0.35391	1	0.47384	0.46022	1	0.48708	0.40706	1	0.49416	0.52754	11.49550	1.06647	1	0.75492	0.55398	12.50631	1.06647	1	-0.00122	-0.00761	0.67628	0.00361	1	0.06675	-0.01297	0.68371	0.00375	1	1.45898	0.81042	0	
1272923	8584.65332	3306646131416	0.49004	0.38001	8584.48633	0.16699	11971	1	0.50033	0.35391	1	0.47384	0.46022	1	0.48708	0.40706	1	0.49422	0.52745	11.33906	1.06647	1	0.75493	0.55345	12.24451	1.06647	1	-0.00113	-0.00771	0.68554	0.00365	1	0.06675	-0.01297	0.68371	0.00401	1	1.45898	0.81042	0	
1272924	8584.66016	3306646195490	0.48980	0.37968	8584.48633	0.17383	11971	1	0.49495	0.36311	1	0.47199	0.37908	1	0.48347	0.37110	1	0.49401	0.52769	11.64565	1.06647	1	0.75493	0.55299	12.07441	1.06647	1	-0.00113	-0.00771	0.68554	0.00366	1	0.06675	-0.01297	0.68371	0.00420	1	1.45898	0.81042	0	
1272925	8584.66699	3306646260690	0.48965	0.37935	8584.48633	0.18066	11971	1	0.49920	0.35500	1	0.47221	0.38599	1	0.48571	0.37050	1	0.49410	0.52746	11.54432	1.06647	1	0.75492	0.55308	12.06895	1.06647	1	-0.00113	-0.00771	0.68554	0.00364	1	0.06675	-0.01297	0.68371	0.00417	1	1.45898	0.81042	0	
1272926	8584.67383	3306646329827	0.48952	0.37893	8584.48633	0.18750	11971	1	0.49920	0.35500	1	0.47251	0.37936	1	0.48585	0.36718	1	0.49411	0.52737	11.46595	1.06647	1	0.75500	0.55381	12.28632	1.07515	1	-0.00113	-0.00771	0.68554	0.00365	1	0.07041	-0.01362	0.72061	0.00380	1	1.45898	0.81042	0	
1272927	8584.68066	3306646399091	0.48961	0.37832	8584.48633	0.19434	11971	1	0.50656	0.35126	1	0.47790	0.37005	1	0.49223	0.36066	1	0.49430	0.52747	11.87868	1.07515	1	0.75494	0.55304	12.10771	1.08383	1	-0.00113	-0.00771	0.68554	0.00368	1	0.07041	-0.01362	0.72061	0.00414	1	1.45898	0.81042	0	
1272928	8584.68750	3306646466175	0.48944	0.37791	8584.48633	0.20117	11971	1	0.49450	0.29709	1	0.47415	0.43383	1	0.48432	0.36546	1	0.49415	0.52723	11.70057	1.08383	1	0.75490	0.55387	12.46990	1.09251	1	-0.00113	-0.00771	0.68554	0.00362	1	0.07041	-0.01362	0.72061	0.00374	1	1.45898	0.81042	0	
1272929	8584.69336	3306646532867	0.48927	0.37731	8584.48633	0.20703	11971	1	0.49341	0.29000	1	0.47445	0.42773	1	0.48393	0.35886	1	0.49409	0.52709	11.28045	1.09251	1	0.75478	0.55370	12.22589	1.10119	1	-0.00122	-0.00761	0.67628	0.00360	1	0.07041	-0.01362	0.72061	0.00383	1	1.45898	0.81042	0	
1272930	8584.70020	3306646599800	0.48909	0.37697	8584.48633	0.21387	11971	1	0.49630	0.31411	1	0.47037	0.41757	1	0.48334	0.36584	1	0.49415	0.52736	11.57948	1.10119	1	0.75485	0.55377	12.16618	1.10119	1	-0.00122	-0.00761	0.67628	0.00361	1	0.07041	-0.01362	0.72061	0.00382	1	1.45898	0.81042	0	
1272931	8584.70703	3306646666678	0.48891	0.37694	8584.48633	0.22070	11971	1	0.49059	0.33918	1	0.47565	0.41279	1	0.48312	0.37599	1	0.49411	0.52702	11.12652	1.10119	1	0.75491	0.55384	12.31264	1.10119	1	-0.00122	-0.00761	0.67628	0.00360	1	0.07041	-0.01362	0.72061	0.00376	1	1.45898	0.81042	0	
1272932	8584.71387	3306646733582	0.48873	0.37681	8584.48633	0.22754	11971	1	0.48944	0.33223	1	0.47567	0.41250	1	0.48255	0.37236	1	0.49401	0.52668	11.16553	1.11028	1	0.75490	0.55374	12.25586	1.10160	1	-0.00146	-0.00955	0.84908	0.00376	1	0.06611	-0.01280	0.67713	0.00380	1	1.45898	0.81042	0	
1272933	8584.72070	3306646800894	0.48839	0.37591	8584.48633	0.23438	11971	1	0.48582	0.30573	1	0.46664	0.38310	1	0.47623	0.34442	1	0.49399	0.52670	11.00952	1.11068	1	0.75481	0.55342	12.38814	1.10200	1	-0.00146	-0.00955	0.84908	0.00395	1	0.06611	-0.01280	0.67713	0.00395	1	1.45898	0.81042	0	
1272934	8584.72754	3306646867815	0.48805	0.37543	8584.48633	0.24121	11971	1	0.48730	0.30178	1	0.46474	0.41438	1	0.47602	0.35808	1	0.49399	0.52679	11.02411	1.11109	1	0.75481	0.55320	12.19117	1.10241	1	-0.00146	-0.00955	0.84908	0.00391	1	0.06611	-0.01280	0.67713	0.00391	1	1.45898	0.81042	0	
1272935	8584.73438	3306646935585	0.48775	0.37514	8584.48633	0.24805	11971	1	0.48842	0.30866	1	0.46451	0.42057	1	0.47647	0.36462	1	0.49396	0.52692	11.16711	1.10241	1	0.75490	0.55304	11.96619	1.09373	1	-0.00122	-0.00761	0.67628	0.00340	1	0.06611	-0.01280	0.67713	0.00396	1	1.45898	0.81042	0	
1272936	8584.74023	3306647001987	0.48775	0.37529	8584.48633	0.25391	11971	1	0.50564	0.36914	1	0.46991	0.39272	1	0.48778	0.38093	1	0.49387	0.52729	11.22207	1.08464	1	0.75480	0.55297	12.14354	1.08464	1	-0.00122	-0.00761	0.67628	0.00350	1	0.06611	-0.01280	0.67713	0.00388	1	1.45898	0.81042	0	
1272937	8584.74707	3306647068976	0.48801	0.37351	8584.48633	0.26074	11971	1	0.52123	0.24466	1	0.47548	0.36340	1	0.49835	0.30403	1	0.49382	0.52584	10.90920	1.07556	1	0.75490	0.55265	11.84893	1.07556	1	-0.00122	-0.00761	0.67628	0.00409	1	0.06611	-0.01280	0.67713	0.00381	1	1.45898	0.81042	0	
1272938	8584.75391	3306647135662	0.48827	0.37200	8584.48633	0.26758	11971	1	0.52219	0.25256	1	0.47514	0.37048	1	0.49867	0.31152	1	0.49391	0.52720	11.45432	1.06647	1	0.75481	0.55293	11.95549	1.06647	1	-0.00124	-0.00770	0.68912	0.00351	1	0.06611	-0.01280	0.67713	0.00395	1	1.45898	0.81042	0	
1272939	8584.76074	3306647202788	0.48895	0.37304	8584.48633	0.27441	11971	1	0.54021	0.39123	1	0.49307	0.44043	1	0.51664	0.41583	1	0.49392	0.52723	11.49568	1.06647	1	0.75487	0.55316	12.29805	1.06647	1	-0.00124	-0.00770	0.68912	0.00352	1	0.06611	-0.01280	0.67713	0.00386	1	1.45898	0.81042	0	
1272940	8584.76758	3306647269611	0.48954	0.37440	8584.48633	0.28125	11971	1	0.54572	0.39269	1	0.48323	0.47000	1	0.51447	0.43134	1	0.49402	0.52727	11.37699	1.06647	1	0.75476	0.55309	12.09755	1.06647	1	-0.00124	-0.00770	0.68912	0.00351	1	0.06611	-0.01280	0.67713	0.00388	1	1.45898	0.81042	0	
1272941	8584.77441	3306647335563	0.49010	0.37554	8584.48633	0.28809	11971	1	0.54493	0.38599	1	0.48363	0.46376	1	0.51428	0.42488	1	0.49393	0.52693	11.29262	1.07556	1	0.75439	0.55270	11.24670	1.07556	1	-0.00132	-0.00791	0.70290	0.00364	1	0.06611	-0.01280	0.67713	0.00390	1	1.45898	0.81042	0	
1272942	8584.78125	3306647404018	0.49034	0.37547	8584.48633	0.29492	11971	1	0.52921	0.35717	1	0.47230	0.38742	1	0.50075	0.37229	1	0.49381	0.52727	11.47280	1.08464	1	0.75449	0.55277	11.41132	1.08464	1	-0.00132	-0.00791	0.70290	0.00361	1	0.06611	-0.01280	0.67713	0.00388	1	1.45898	0.81042	0	
1272943	8584.78711	3306647470560	0.49064	0.37524	8584.48633	0.30078	11971	1	0.53937	0.34940	1	0.46871	0.38037	1	0.50404	0.36488	1	0.49398	0.52722	11.34871	1.09373	1	0.75442	0.55270	12.00922	1.09373	1	-0.00132	-0.00791	0.70290	0.00358	1	0.06611	-0.01280	0.67713	0.00370	1	1.45898	0.81042	0	
1272944	8584.79395	3306647537697	0.49092	0.37508	8584.48633	0.30762	11971	1	0.53937	0.34940	1	0.46848	0.38612	1	0.50392	0.36776	1	0.49393	0.52766	11.44658	1.09373	1	0.75452	0.55228	11.41042	1.08607	1	-0.00133	-0.00764	0.68410	0.00345	1	0.06452	-0.01250	0.66142	0.00373	1	1.45898	0.81042	0	
1272945	8584.80078	3306647604910	0.49135	0.37504	8584.48633	0.31445	11971	1	0.52777	0.38425	1	0.49529	0.36215	1	0.51153	0.37320	1	0.49387	0.52762	11.88193	1.07698	1	0.75450	0.55203	11.46697	1.06932	1	-0.00133	-0.00764	0.68410	0.00350	1	0.06452	-0.01250	0.66142	0.00384	1	1.45898	0.81042	0	
1272946	8584.80762	3306647672199	0.49204	0.37549	8584.48633	0.32129	11971	1	0.51493	0.33204	1	0.49944	0.42445	1	0.50719	0.37825	1	0.49363	0.52657	10.64547	1.06024	1	0.75454	0.55235	11.21141	1.05258	1	-0.00133	-0.00764	0.68410	0.00393	1	0.06452	-0.01250	0.66142	0.00371	1	1.45898	0.81042	0	
1272947	8584.81445	3306647738607	0.49189	0.37598	8584.48633	0.32812	11971	1	0.51772	0.35186	1	0.49894	0.43069	1	0.50833	0.39127	1	0.49346	0.52775	12.17154	1.03548	1	0.75418	0.55248	12.02909	1.04416	1	-0.00133	-0.00737	0.65508	0.00346	1	0.06841	-0.01322	0.70238	0.00373	1	1.45898	0.81042	0	
1272948	8584.82129	3306647805926	0.49128	0.37797	8584.48633	0.33496	11971	1	0.50003	0.41935	1	0.46149	0.45497	1	0.48076	0.43716	1	0.49325	0.52753	11.35052	1.03614	1	0.75397	0.55290	12.64371	1.05248	1	-0.00133	-0.00737	0.65508	0.00350	1	0.06841	-0.01322	0.70238	0.00375	1	1.45898	0.81042	0	
1272949	8584.82812	3306647872457	0.49091	0.38035	8584.48633	0.34180	11971	1	0.50003	0.41935	0	0.46229	0.43105	1	0.46229	0.43105	1	0.49325	0.52753	11.35052	1.04446	0	0.75405	0.55259	12.04784	1.06080	1	-0.00133	-0.00737	0.65508	0.00350	1	0.06841	-0.01322	0.70238	0.00391	1	1.45898	0.81042	0	
1272950	8584.83398	3306647939598	0.49091	0.38035	8584.48633	0.34766	11971	1	0.50003	0.41935	0	0.46229	0.43105	0	0.46229	0.43105	0	0.49325	0.52753	11.35052	1.05279	0	0.75405	0.55259	12.04784	1.06913	0	-0.00133	-0.00737	0.65508	0.00350	1	0.06841	-0.01322	0.70238	0.00391	1	1.45898	0.81042	0	
1272951	8584.84082	3306648006650	0.49091	0.38035	8584.48633	0.35449	11971	1	0.50003	0.41935	0	0.46229	0.43105	0	0.46229	0.43105	0	0.49325	0.52753	11.35052	1.06913	0	0.75405	0.55259	12.04784	1.06913	0	-0.00133	-0.00737	0.65508	0.00350	1	0.06841	-0.01322	0.70238	0.00391	1	1.45898	0.81042	0	
1272952	8584.84766	3306648073427	0.49091	0.38035	8584.48633	0.36133	11971	1	0.50003	0.41935	0	0.46229	0.43105	0	0.46229	0.43105	0	0.49325	0.52753	11.35052	1.06913	0	0.75405	0.55259	12.04784	1.06913	0	-0.00133	-0.00737	0.65508	0.00350	1	0.06841	-0.01322	0.70238	0.00391	1	1.45898	0.81042	0	
1272953	8584.85449	3306648140378	0.50191	0.39162	8584.48633	0.36133	11971	0	0.50003	0.41935	0	0.46229	0.43105	0	0.46229	0.43105	0	0.49325	0.52753	11.35052	1.06913	0	0.75405	0.55259	12.04784	1.06913	0	-0.00133	-0.00737	0.65508	0.00350	1	0.06841	-0.01322	0.70238	0.00391	1	1.45898	0.81042	0	
1272954	8584.86133	3306648203923	0.50191	0.39162	8584.48633	0.36133	11971	0	0.50003	0.41935	0	0.46229	0.43105	0	0.46229	0.43105	0	0.49325	0.52753	11.35052	1.06913	0	0.75405	0.55259	12.04784	1.06913	0	-0.00133	-0.00737	0.65508	0.00350	1	0.06841	-0.01322	0.70238	0.00391	1	1.45898	0.81042	0	
1272955	8584.86816	3306648272747	0.50191	0.39162	8584.48633	0.36133	11971	0	0.50003	0.41935	0	0.46229	0.43105	0	0.46229	0.43105	0	0.49325	0.52753	11.35052	1.06913	0	0.75405	0.55259	12.04784	1.06913	0	-0.00133	-0.00737	0.65508	0.00350	1	0.06841	-0.01322	0.70238	0.00391	1	1.45898	0.81042	0	
1272956	8584.87402	3306648339844	0.00000	0.00000	8584.48633	0.36133	11971	0	0.50003	0.41935	0	0.46229	0.43105	0	0.46229	0.43105	0	0.49325	0.52753	11.35052	1.06913	0	0.75405	0.55259	12.04784	1.06913	0	-0.00133	-0.00737	0.65508	0.00350	1	0.06841	-0.01322	0.70238	0.00391	1	1.45898	0.81042	0	
1272957	8584.88086	3306648404051	0.00000	0.00000	8584.48633	0.36133	11971	0	0.50003	0.41935	0	0.46229	0.43105	0	0.46229	0.43105	0	0.49325	0.52753	11.35052	1.06913	0	0.75405	0.55259	12.04784	1.06913	0	-0.00133	-0.00737	0.65508	0.00350	1	0.06841	-0.01322	0.70238	0.00391	1	1.45898	0.81042	0	
1272958	8584.88770	3306648470460	0.00000	0.00000	8584.48633	0.36133	11971	0	0.50003	0.41935	0	0.46229	0.43105	0	0.46229	0.43105	0	0.49325	0.52753	11.35052	1.06913	0	0.75405	0.55259	12.04784	1.06913	0	-0.00133	-0.00737	0.65508	0.00350	1	0.06841	-0.01322	0.70238	0.00391	1	1.45898	0.81042	0	
1272959	8584.89453	3306648537411	0.47875	0.40420	8584.48633	0.36133	11971	0	0.49479	0.38920	1	0.46271	0.41920	1	0.47875	0.40420	1	0.49239	0.52801	11.90976	1.07714	1	0.75328	0.55249	12.16257	1.07714	1	-0.00165	-0.00775	0.68908	0.00359	1	0.06786	-0.01316	0.69882	0.00394	1	1.45898	0.81042	0	
1272960	8584.90137	3306648610565	0.48972	0.38228	8584.48633	0.36133	11971	0	0.52607	0.32279	1	0.47531	0.39793	1	0.50069	0.36036	1	0.49232	0.52752	10.92122	1.08516	1	0.75336	0.55235	12.15351	1.08516	1	-0.00165	-0.00775	0.68908	0.00381	1	0.06786	-0.01316	0.69882	0.00406	1	1.45898	0.81042	0	
1272961	8584.90820	3306648677679	0.49982	0.37664	8584.48633	0.36133	11971	0	0.54513	0.36855	1	0.49494	0.36220	1	0.52003	0.36537	1	0.49251	0.52795	11.41193	1.09318	1	0.75333	0.55265	12.30682	1.09318	1	-0.00165	-0.00775	0.68908	0.00365	1	0.06786	-0.01316	0.69882	0.00390	1	1.45898	0.81042	0	
1272962	8584.91504	3306648743500	0.50475	0.37143	8584.89453	0.02051	11972	1	0.54367	0.35587	1	0.49539	0.35572	1	0.51953	0.35580	1	0.49247	0.52776	10.80325	1.11028	1	0.75331	0.55257	12.02820	1.10160	1	-0.00176	-0.00801	0.71244	0.00371	1	0.06556	-0.01272	0.67567	0.00394	1	1.45898	0.81042	0	
1272963	8584.92188	3306648809084	0.50681	0.35878	8584.89453	0.02734	11972	1	0.52944	0.27895	1	0.50068	0.33735	1	0.51506	0.30815	1	0.49237	0.52771	11.29920	1.11068	1	0.75337	0.55199	11.92903	1.10200	1	-0.00176	-0.00801	0.71244	0.00371	1	0.06556	-0.01272	0.67567	0.00404	1	1.45898	0.81042	0	
1272964	8584.92773	3306648877160	0.50927	0.35185	8584.89453	0.03320	11972	1	0.53550	0.27250	1	0.50759	0.36197	1	0.52155	0.31723	1	0.49244	0.52765	10.80071	1.11109	1	0.75342	0.55274	12.10885	1.10241	1	-0.00176	-0.00801	0.71244	0.00379	1	0.06556	-0.01272	0.67567	0.00380	1	1.45898	0.81042	0	
1272965	8584.93457	3306648944365	0.51104	0.34789	8584.89453	0.04004	11972	1	0.53630	0.27958	1	0.50703	0.36860	1	0.52167	0.32409	1	0.49225	0.52810	11.19562	1.10241	1	0.75334	0.55211	11.99262	1.09373	1	-0.00178	-0.00790	0.69759	0.00366	1	0.06556	-0.01272	0.67567	0.00401	1	1.45898	0.81042	0	
1272966	8584.94141	3306649011074	0.51071	0.35237	8584.89453	0.04688	11972	1	0.54416	0.34926	1	0.47272	0.41828	1	0.50844	0.38377	1	0.49246	0.52809	11.29450	1.08464	1	0.75299	0.55272	11.65056	1.08464	1	-0.00178	-0.00790	0.69759	0.00365	1	0.06556	-0.01272	0.67567	0.00365	1	1.45898	0.81042	0	
1272967	8584.94824	3306649077631	0.51003	0.34739	8584.89453	0.05371	11972	1	0.53597	0.33311	1	0.47319	0.28198	1	0.50458	0.30754	1	0.49236	0.52800	11.27882	1.07556	1	0.75293	0.55186	11.33965	1.07556	1	-0.00178	-0.00790	0.69759	0.00367	1	0.06556	-0.01272	0.67567	0.00392	1	1.45898	0.81042	0	
1272968	8584.95508	3306649145670	0.50951	0.34415	8584.89453	0.06055	11972	1	0.53683	0.34025	1	0.47287	0.28975	1	0.50485	0.31500	1	0.49226	0.52856	11.08927	1.06647	1	0.75308	0.55251	11.26608	1.06647	1	-0.00178	-0.00800	0.69759	0.00354	1	0.06633	-0.01292	0.68366	0.00368	1	1.45898	0.81042	0	
1272969	8584.96191	3306649212087	0.50888	0.34494	8584.89453	0.06738	11972	1	0.52531	0.35607	1	0.47972	0.34947	1	0.50252	0.35277	1	0.49216	0.52806	10.89467	1.06647	1	0.75301	0.55223	11.35331	1.06647	1	-0.00178	-0.00800	0.69759	0.00370	1	0.06633	-0.01292	0.68366	0.00371	1	1.45898	0.81042	0	
1272970	8584.96875	3306649278674	0.50770	0.34583	8584.89453	0.07422	11972	1	0.51481	0.37966	1	0.47459	0.33167	1	0.49470	0.35567	1	0.49202	0.52832	11.36168	1.06647	1	0.75295	0.55228	11.41042	1.06647	1	-0.00178	-0.00800	0.69759	0.00356	1	0.06633	-0.01292	0.68366	0.00372	1	1.45898	0.81042	0	
1272971	8584.97559	3306649346214	0.50670	0.34659	8584.89453	0.08105	11972	1	0.51481	0.37966	1	0.47459	0.33167	1	0.49470	0.35567	1	0.49177	0.52833	11.13803	1.06647	1	0.75295	0.55228	11.41042	1.06647	1	-0.00178	-0.00800	0.69759	0.00359	1	0.06556	-0.01272	0.67567	0.00372	1	1.45898	0.81042	0	
1272972	8584.98145	3306649411764	0.50516	0.34766	8584.89453	0.08691	11972	1	0.49569	0.37912	1	0.47482	0.34403	1	0.48525	0.36158	1	0.49177	0.52828	11.17292	1.06647	1	0.75294	0.55234	11.57706	1.06647	1	-0.00178	-0.00800	0.69759	0.00355	1	0.06556	-0.01272	0.67567	0.00370	1	1.45898	0.81042	0	
1272973	8584.98828	3306649479761	0.50411	0.35104	8584.89453	0.09375	11972	1	0.51573	0.40985	1	0.46282	0.38682	1	0.48928	0.39833	1	0.49203	0.52846	11.33805	1.06647	1	0.75278	0.55278	11.25679	1.06647	1	-0.00178	-0.00800	0.69759	0.00356	1	0.06556	-0.01272	0.67567	0.00386	1	1.45898	0.81042	0	
1272974	8584.99512	3306649547113	0.50318	0.35399	8584.89453	0.10059	11972	1	0.51573	0.40985	1	0.46282	0.38682	1	0.48928	0.39833	1	0.49228	0.52843	11.78057	1.06647	1	0.75257	0.55322	11.95665	1.06647	1	-0.00172	-0.00779	0.67406	0.00356	1	0.06633	-0.01292	0.68366	0.00389	1	1.45898	0.81042	0	
1272975	8585.00195	3306649614432	0.50273	0.35817	8584.89453	0.10742	11972	1	0.52721	0.41636	1	0.46399	0.43381	1	0.49560	0.42509	1	0.49216	0.52860	12.23173	1.06647	1	0.75279	0.55316	12.21155	1.06647	1	-0.00172	-0.00779	0.67406	0.00347	1	0.06633	-0.01292	0.68366	0.00386	1	1.45898	0.81042	0	
1272976	8585.00879	3306649681163	0.50228	0.36075	8584.89453	0.11426	11972	1	0.52778	0.39422	1	0.46146	0.41475	1	0.49462	0.40448	1	0.49218	0.52854	11.99875	1.06647	1	0.75281	0.55303	11.82125	1.06647	1	-0.00172	-0.00779	0.67406	0.00347	1	0.06633	-0.01292	0.68366	0.00389	1	1.45898	0.81042	0	
1272977	8585.01562	3306649748484	0.50188	0.36305	8584.89453	0.12109	11972	1	0.52778	0.39422	1	0.46146	0.41475	1	0.49462	0.40448	1	0.49208	0.52866	12.24946	1.06647	1	0.75316	0.55296	12.04207	1.06647	1	-0.00172	-0.00779	0.67406	0.00343	1	0.06633	-0.01292	0.68366	0.00379	1	1.45898	0.81042	0	
1272978	8585.02148	3306649814018	0.50183	0.36493	8584.89453	0.12695	11972	1	0.54070	0.41528	1	0.46106	0.38617	1	0.50088	0.40072	1	0.49239	0.52857	11.69235	1.06647	1	0.75276	0.55320	12.75346	1.06647	1	-0.00172	-0.00779	0.67406	0.00344	1	0.06633	-0.01292	0.68366	0.00382	1	1.45898	0.81042	0	
1272979	8585.02832	3306649882238	0.50116	0.36629	8584.89453	0.13379	11972	1	0.51540	0.41235	1	0.46018	0.37443	1	0.48779	0.39339	1	0.49207	0.52859	12.26237	1.06647	1	0.75269	0.55309	12.01562	1.06647	1	-0.00172	-0.00779	0.67406	0.00340	1	0.06633	-0.01292	0.68366	0.00383	1	1.45898	0.81042	0	
1272980	8585.03516	3306649948087	0.50055	0.36752	8584.89453	0.14062	11972	1	0.51540	0.41235	1	0.46018	0.37443	1	0.48779	0.39339	1	0.49259	0.52876	11.36463	1.06647	1	0.75268	0.55316	12.13031	1.06647	1	-0.00172	-0.00779	0.67406	0.00347	1	0.06633	-0.01292	0.68366	0.00371	1	1.45898	0.81042	0	
1272981	8585.04199	3306650015908	0.50094	0.36715	8584.89453	0.14746	11972	1	0.53912	0.29507	1	0.47985	0.42291	1	0.50949	0.35899	1	0.49247	0.52805	11.10872	1.06647	1	0.75303	0.55339	12.86977	1.06647	1	-0.00172	-0.00779	0.67406	0.00374	1	0.06633	-0.01292	0.68366	0.00369	1	1.45898	0.81042	0	
1272982	8585.04883	3306650083363	0.50061	0.36608	8584.89453	0.15430	11972	1	0.51203	0.28261	1	0.47376	0.40048	1	0.49290	0.34154	1	0.49205	0.52770	11.46520	1.06647	1	0.75291	0.55350	11.66077	1.06647	1	-0.00172	-0.00779	0.67406	0.00368	1	0.06633	-0.01292	0.68366	0.00369	1	1.45898	0.81042	0	
1272983	8585.05566	3306650150177	0.50030	0.36510	8584.89453	0.16113	11972	1	0.51203	0.28261	1	0.47376	0.40048	1	0.49290	0.34154	1	0.49215	0.52819	11.56804	1.06647	1	0.75289	0.55351	11.87788	1.06647	1	-0.00172	-0.00779	0.67406	0.00360	1	0.06556	-0.01282	0.67567	0.00367	1	1.45898	0.81042	0	
1272984	8585.06250	3306650217562	0.50041	0.36513	8584.89453	0.16797	11972	1	0.53346	0.33182	1	0.47284	0.39983	1	0.50315	0.36582	1	0.49239	0.52824	11.61560	1.06647	1	0.75293	0.55330	12.72033	1.06647	1	-0.00172	-0.00779	0.67406	0.00362	1	0.06556	-0.01282	0.67567	0.00374	1	1.45898	0.81042	0	
1272985	8585.06934	3306650283981	0.50045	0.36501	8584.89453	0.17480	11972	1	0.53490	0.29440	1	0.46820	0.42960	1	0.50155	0.36200	1	0.49238	0.52797	11.24050	1.06647	1	0.75293	0.55354	12.63480	1.06647	1	-0.00172	-0.00779	0.67406	0.00377	1	0.06556	-0.01282	0.67567	0.00377	1	1.45898	0.81042	0	
1272986	8585.07520	3306650350509	0.50048	0.36465	8584.89453	0.18066	11972	1	0.53403	0.28686	1	0.46847	0.42303	1	0.50125	0.35494	1	0.49227	0.52685	10.98317	1.07556	1	0.75342	0.55343	12.18361	1.07556	1	-0.00163	-0.00809	0.70004	0.00395	1	0.06556	-0.01282	0.67567	0.00376	1	1.45898	0.81042	0	
1272987	8585.08203	3306650417969	0.50014	0.36376	8584.89453	0.18750	11972	1	0.48329	0.29562	1	0.49797	0.38194	1	0.49063	0.33878	1	0.49238	0.52794	11.49689	1.08464	1	0.75366	0.55318	12.56388	1.08464	1	-0.00163	-0.00809	0.70004	0.00356	1	0.06556	-0.01282	0.67567	0.00379	1	1.45898	0.81042	0	
1272988	8585.08887	3306650485044	0.49965	0.36276	8584.89453	0.19434	11972	1	0.50373	0.27203	1	0.46717	0.39575	1	0.48545	0.33389	1	0.49237	0.52773	11.47804	1.09373	1	0.75320	0.55362	12.53327	1.09373	1	-0.00163	-0.00809	0.70004	0.00362	1	0.06556	-0.01282	0.67567	0.00371	1	1.45898	0.81042	0	
1272989	8585.09570	3306650551407	0.49918	0.36150	8584.89453	0.20117	11972	1	0.50266	0.26448	1	0.46768	0.38267	1	0.48517	0.32358	1	0.49289	0.52794	11.84787	1.10281	1	0.75385	0.55285	12.21112	1.11149	1	-0.00163	-0.00809	0.70004	0.00362	1	0.06888	-0.01351	0.70935	0.00428	1	1.45898	0.81042	0	
1272990	8585.10254	3306650619059	0.49965	0.35923	8584.89453	0.20801	11972	1	0.51593	0.31735	1	0.51260	0.26005	1	0.51426	0.28870	1	0.49284	0.52833	11.82565	1.11149	1	0.75389	0.55280	12.49358	1.12017	1	-0.00163	-0.00809	0.70004	0.00370	1	0.06888	-0.01351	0.70935	0.00432	1	1.45898	0.81042	0	
1272991	8585.10938	3306650686209	0.49981	0.35724	8584.89453	0.21484	11972	1	0.51332	0.24833	1	0.49652	0.33928	1	0.50492	0.29380	1	0.49293	0.52808	10.72087	1.12017	1	0.75365	0.55362	12.85686	1.12885	1	-0.00163	-0.00809	0.70004	0.00382	1	0.06888	-0.01351	0.70935	0.00371	1	1.45898	0.81042	0	
1272992	8585.11523	3306650752308	0.49995	0.35527	8584.89453	0.22070	11972	1	0.51239	0.24110	1	0.49652	0.33928	1	0.50446	0.29019	1	0.49317	0.52816	10.98915	1.12885	1	0.75392	0.55258	11.67045	1.12885	1	-0.00163	-0.00809	0.70004	0.00377	1	0.06633	-0.01302	0.68366	0.00414	1	1.45898	0.81042	0	
1272993	8585.12207	3306650819858	0.50025	0.32450	8584.89453	0.22070	11972	0	0.53799	0.25427	1	0.51475	0.26406	1	0.52637	0.25916	1	0.49330	0.52852	11.30239	1.12885	1	0.75397	0.55279	12.12343	1.12017	1	-0.00163	-0.00809	0.70004	0.00366	1	0.06633	-0.01302	0.68366	0.00402	1	1.45898	0.81042	0	
1272994	8585.12891	3306650886824	0.50729	0.30710	8584.89453	0.22070	11972	0	0.53835	0.34261	1	0.49033	0.23677	1	0.51434	0.28969	1	0.49327	0.52907	11.35722	1.12017	1	0.75395	0.55250	12.39458	1.11149	1	-0.00163	-0.00809	0.70004	0.00359	1	0.06633	-0.01302	0.68366	0.00412	1	1.45898	0.81042	0	
1272995	8585.13574	3306650953257	0.50976	0.30608	8584.89453	0.22070	11972	0	0.53992	0.35588	1	0.48947	0.25222	1	0.51469	0.30405	1	0.49337	0.52925	11.82185	1.10241	1	0.75410	0.55246	12.07786	1.09373	1	-0.00154	-0.00789	0.68279	0.00363	1	0.06556	-0.01292	0.67567	0.00420	1	1.45898	0.81042	0	
1272996	8585.14258	3306651020285	0.51260	0.31256	8585.12207	0.02051	11973	1	0.53376	0.31493	1	0.50844	0.34907	1	0.52110	0.33200	1	0.49322	0.52854	11.59582	1.08464	1	0.75389	0.55332	12.53036	1.08464	1	-0.00154	-0.00789	0.68279	0.00379	1	0.06556	-0.01292	0.67567	0.00423	1	1.45898	0.81042	0	
1272997	8585.14941	3306651087588	0.51647	0.32048	8585.12207	0.02734	11973	1	0.54083	0.30724	1	0.52315	0.39707	1	0.53199	0.35216	1	0.49323	0.52888	11.74585	1.07556	1	0.75419	0.55376	12.14185	1.07556	1	-0.00154	-0.00789	0.68279	0.00363	1	0.06556	-0.01292	0.67567	0.00422	1	1.45898	0.81042	0	
1272998	8585.15625	3306651154258	0.51907	0.32694	8585.12207	0.03418	11973	1	0.54165	0.31461	1	0.52242	0.40390	1	0.53204	0.35925	1	0.49323	0.52900	11.25616	1.06647	1	0.75420	0.55433	12.28270	1.06647	1	-0.00157	-0.00814	0.69599	0.00371	1	0.06719	-0.01328	0.69141	0.00404	1	1.45898	0.81042	0	
1272999	8585.16309	3306651221442	0.52006	0.33310	8585.12207	0.04102	11973	1	0.54083	0.33051	1	0.51117	0.40956	1	0.52600	0.37004	1	0.49325	0.52879	11.28213	1.06647	1	0.75400	0.55386	12.22528	1.06647	1	-0.00157	-0.00814	0.69599	0.00361	1	0.06719	-0.01328	0.69141	0.00414	1	1.45898	0.81042	0	
1273000	8585.16895	3306651288530	0.51923	0.33118	8585.12207	0.04688	11973	1	0.52956	0.33194	1	0.49722	0.30362	1	0.51339	0.31778	1	0.49304	0.52867	10.84603	1.06647	1	0.75410	0.55268	11.76753	1.06647	1	-0.00157	-0.00814	0.69599	0.00372	1	0.06719	-0.01328	0.69141	0.00441	1	1.45898	0.81042	0	
1273001	8585.17578	3306651356189	0.51858	0.32969	8585.12207	0.05371	11973	1	0.52956	0.33194	1	0.49722	0.30362	1	0.51339	0.31778	1	0.49330	0.52884	11.10258	1.06647	1	0.75423	0.55334	11.81000	1.06647	1	-0.00154	-0.00799	0.68279	0.00372	1	0.06719	-0.01328	0.69141	0.00432	1	1.45898	0.81042	0	
1273002	8585.18262	3306651422821	0.51908	0.33353	8585.12207	0.06055	11973	1	0.53042	0.29654	1	0.51681	0.43952	1	0.52361	0.36803	1	0.49307	0.52859	10.87210	1.06647	1	0.75411	0.55416	12.12788	1.06647	1	-0.00154	-0.00799	0.68279	0.00371	1	0.06719	-0.01328	0.69141	0.00400	1	1.45898	0.81042	0	
1273003	8585.18945	3306651489729	0.51975	0.33690	8585.12207	0.06738	11973	1	0.52907	0.31615	1	0.52378	0.42502	1	0.52643	0.37059	1	0.49316	0.52861	11.05213	1.06647	1	0.75422	0.55413	11.87055	1.06647	1	-0.00154	-0.00799	0.68279	0.00365	1	0.06719	-0.01328	0.69141	0.00410	1	1.45898	0.81042	0	
1273004	8585.19629	3306651556802	0.52030	0.33970	8585.12207	0.07422	11973	1	0.52907	0.31615	1	0.52378	0.42502	1	0.52643	0.37059	1	0.49329	0.52881	11.20430	1.06647	1	0.75412	0.55445	12.47178	1.06647	1	-0.00154	-0.00799	0.68279	0.00365	1	0.06719	-0.01328	0.69141	0.00395	1	1.45898	0.81042	0	
1273005	8585.20312	3306651623438	0.52078	0.34517	8585.12207	0.08105	11973	1	0.54962	0.36155	1	0.50330	0.46005	1	0.52646	0.41080	1	0.49334	0.52911	11.33206	1.06647	1	0.75388	0.55438	13.01835	1.06647	1	-0.00154	-0.00799	0.68279	0.00355	1	0.06719	-0.01328	0.69141	0.00381	1	1.45898	0.81042	0	
1273006	8585.20898	3306651686202	0.52203	0.34855	8585.12207	0.08691	11973	1	0.55636	0.34847	1	0.52018	0.43633	1	0.53827	0.39240	1	0.49343	0.52910	11.39110	1.06647	1	0.75419	0.55408	12.11748	1.06647	1	-0.00154	-0.00799	0.68279	0.00360	1	0.06719	-0.01328	0.69141	0.00404	1	1.45898	0.81042	0	
1273007	8585.21582	3306651757744	0.52311	0.35147	8585.12207	0.09375	11973	1	0.55636	0.34847	1	0.52018	0.43633	1	0.53827	0.39240	1	0.49333	0.52900	11.10803	1.06647	1	0.75379	0.55325	12.42991	1.06647	1	-0.00157	-0.00809	0.69599	0.00360	1	0.06556	-0.01292	0.67567	0.00380	1	1.45898	0.81042	0	
1273008	8585.22266	3306651824584	0.52289	0.34900	8585.12207	0.10059	11973	1	0.53160	0.33494	1	0.50770	0.28895	1	0.51965	0.31195	1	0.49311	0.52858	10.73369	1.06647	1	0.75391	0.55247	12.40014	1.06647	1	-0.00157	-0.00809	0.69599	0.00369	1	0.06556	-0.01292	0.67567	0.00399	1	1.45898	0.81042	0	
1273009	8585.22949	3306651891261	0.52197	0.34880	8585.12207	0.10742	11973	1	0.54413	0.31520	1	0.47037	0.37587	1	0.50725	0.34553	1	0.49329	0.52875	11.04242	1.06647	1	0.75334	0.55367	11.96616	1.06647	1	-0.00157	-0.00809	0.69599	0.00370	1	0.06556	-0.01292	0.67567	0.00377	1	1.45898	0.81042	0	
1273010	8585.23633	3306651958643	0.52113	0.34838	8585.12207	0.11426	11973	1	0.54333	0.30784	1	0.47041	0.37476	1	0.50687	0.34130	1	0.49331	0.52880	11.19076	1.07556	1	0.75396	0.55408	12.76333	1.06790	1	-0.00163	-0.00819	0.70004	0.00364	1	0.06441	-0.01269	0.66331	0.00375	1	1.45898	0.81042	0	
1273011	8585.24316	3306652022628	0.52164	0.34901	8585.12207	0.12109	11973	1	0.55357	0.33308	1	0.50792	0.38755	1	0.53074	0.36031	1	0.49343	0.52893	11.52728	1.07698	1	0.75394	0.55359	11.62811	1.06932	1	-0.00163	-0.00819	0.70004	0.00364	1	0.06441	-0.01269	0.66331	0.00384	1	1.45898	0.81042	0	
1273012	8585.25000	3306652092191	0.52201	0.35031	8585.12207	0.12793	11973	1	0.53709	0.31926	1	0.52085	0.43079	1	0.52897	0.37502	1	0.49320	0.52872	11.02216	1.07841	1	0.75413	0.55411	12.38640	1.07075	1	-0.00163	-0.00819	0.70004	0.00363	1	0.06441	-0.01269	0.66331	0.00387	1	1.45898	0.81042	0	
1273013	8585.25586	3306652156362	0.52234	0.35143	8585.12207	0.13379	11973	1	0.53695	0.31813	1	0.52096	0.42975	1	0.52896	0.37394	1	0.49339	0.52896	11.11189	1.07983	1	0.75398	0.55359	11.94758	1.07218	1	-0.00163	-0.00814	0.70013	0.00363	1	0.06375	-0.01261	0.65658	0.00397	1	1.45898	0.81042	0	
1273014	8585.26270	3306652225330	0.52186	0.35161	8585.12207	0.14062	11973	1	0.54006	0.37176	1	0.48340	0.33887	1	0.51173	0.35532	1	0.49327	0.52906	11.46364	1.07218	1	0.75349	0.55340	11.76007	1.07218	1	-0.00163	-0.00814	0.70013	0.00359	1	0.06375	-0.01261	0.65658	0.00385	1	1.45898	0.81042	0	
1273015	8585.26953	3306652291694	0.52174	0.35107	8585.12207	0.14746	11973	1	0.55497	0.33944	1	0.48340	0.33887	1	0.51919	0.33916	1	0.49343	0.52911	11.35591	1.07218	1	0.75348	0.55346	11.77741	1.07218	1	-0.00163	-0.00814	0.70013	0.00358	1	0.06375	-0.01261	0.65658	0.00384	1	1.45898	0.81042	0	
1273016	8585.27637	3306652359368	0.52163	0.35057	8585.12207	0.15430	11973	1	0.55497	0.33944	1	0.48340	0.33887	1	0.51919	0.33916	1	0.49296	0.52943	11.17420	1.07218	1	0.75329	0.55338	11.77665	1.07218	1	-0.00163	-0.00814	0.70013	0.00349	1	0.06441	-0.01269	0.66331	0.00380	1	1.45898	0.81042	0	
1273017	8585.28320	3306652423161	0.52151	0.34947	8585.12207	0.16113	11973	1	0.53168	0.32439	1	0.50522	0.32137	1	0.51845	0.32288	1	0.49316	0.52866	10.84566	1.07218	1	0.75347	0.55300	11.73859	1.07218	1	-0.00163	-0.00814	0.70013	0.00384	1	0.06441	-0.01269	0.66331	0.00380	1	1.45898	0.81042	0	
1273018	8585.29004	3306652492375	0.52068	0.34922	8585.12207	0.16797	11973	1	0.51461	0.33264	1	0.48568	0.35337	1	0.50014	0.34300	1	0.49280	0.52905	10.69690	1.07218	1	0.75316	0.55328	11.98470	1.07218	1	-0.00163	-0.00814	0.70013	0.00357	1	0.06441	-0.01269	0.66331	0.00413	1	1.45898	0.81042	0	
1273019	8585.29688	3306652560031	0.51993	0.34887	8585.12207	0.17480	11973	1	0.51461	0.33264	1	0.48603	0.34730	1	0.50032	0.33997	1	0.49296	0.52863	10.91882	1.07218	1	0.75326	0.55360	12.29117	1.07983	1	-0.00163	-0.00809	0.70004	0.00380	1	0.06633	-0.01302	0.68366	0.00382	1	1.45898	0.81042	0	
1273020	8585.30273	3306652626947	0.51959	0.34800	8585.12207	0.18066	11973	1	0.51991	0.31747	1	0.50068	0.33142	1	0.51030	0.32444	1	0.49246	0.52840	11.40080	1.07983	1	0.75335	0.55331	12.26719	1.08749	1	-0.00163	-0.00809	0.70004	0.00383	1	0.06633	-0.01302	0.68366	0.00394	1	1.45898	0.81042	0	
1273021	8585.30957	3306652691924	0.51894	0.34880	8585.12207	0.18750	11973	1	0.50023	0.38353	1	0.50151	0.35881	1	0.50087	0.37117	1	0.49228	0.52885	11.43736	1.08749	1	0.75341	0.55345	12.09596	1.09515	1	-0.00163	-0.00809	0.70004	0.00369	1	0.06633	-0.01302	0.68366	0.00386	1	1.45898	0.81042	0	
1273022	8585.31641	3306652760979	0.51834	0.34958	8585.12207	0.19434	11973	1	0.50040	0.38458	1	0.50143	0.35991	1	0.50091	0.37224	1	0.49205	0.52904	11.04915	1.08607	1	0.75345	0.55358	12.65982	1.09373	1	-0.00165	-0.00796	0.68908	0.00396	1	0.06633	-0.01302	0.68366	0.00367	1	1.45898	0.81042	0	
1273023	8585.32324	3306652828845	0.51803	0.35081	8585.12207	0.20117	11973	1	0.53288	0.35662	1	0.48486	0.41891	1	0.50887	0.38777	1	0.49231	0.52870	11.20923	1.08464	1	0.75321	0.55364	12.55702	1.08464	1	-0.00165	-0.00796	0.68908	0.00377	1	0.06633	-0.01302	0.68366	0.00368	1	1.45898	0.81042	0	
1273024	8585.33008	3306652896030	0.51783	0.35010	8585.12207	0.20801	11973	1	0.52405	0.34919	1	0.49900	0.30676	1	0.51153	0.32798	1	0.49219	0.52868	11.22909	1.07556	1	0.75337	0.55289	12.28818	1.07556	1	-0.00165	-0.00796	0.68908	0.00355	1	0.06633	-0.01302	0.68366	0.00398	1	1.45898	0.81042	0	
1273025	8585.33691	3306652963366	0.51765	0.34954	8585.12207	0.21484	11973	1	0.52499	0.35621	1	0.49898	0.30710	1	0.51198	0.33166	1	0.49227	0.52832	11.79297	1.06647	1	0.75318	0.55333	12.67331	1.07515	1	-0.00172	-0.00779	0.67406	0.00348	1	0.06763	-0.01324	0.69754	0.00375	1	1.45898	0.81042	0	
1273026	8585.34375	3306653030125	0.51746	0.34996	8585.12207	0.22168	11973	1	0.53688	0.36432	1	0.48550	0.36295	1	0.51119	0.36364	1	0.49240	0.52878	12.19255	1.07515	1	0.75316	0.55315	12.38450	1.08383	1	-0.00172	-0.00779	0.67406	0.00331	1	0.06763	-0.01324	0.69754	0.00376	1	1.45898	0.81042	0	
1273027	8585.35059	3306653097145	0.51731	0.35089	8585.12207	0.22852	11973	1	0.54088	0.37875	1	0.48361	0.38671	1	0.51225	0.38273	1	0.49241	0.52865	11.50233	1.08383	1	0.75314	0.55330	12.46988	1.09251	1	-0.00172	-0.00779	0.67406	0.00350	1	0.06763	-0.01324	0.69754	0.00368	1	1.45898	0.81042	0	
1273028	8585.35645	3306653163502	0.51716	0.35169	8585.12207	0.23438	11973	1	0.54010	0.37234	1	0.48361	0.38671	1	0.51186	0.37953	1	0.49243	0.52829	11.36923	1.09251	1	0.75326	0.55313	12.32715	1.09251	1	-0.00172	-0.00779	0.67406	0.00361	1	0.06605	-0.01294	0.68183	0.00383	1	1.45898	0.81042	0	
1273029	8585.36328	3306653231062	0.51702	0.35226	8585.12207	0.24121	11973	1	0.53217	0.31835	1	0.49139	0.42748	1	0.51178	0.37291	1	0.49234	0.52788	11.06925	1.09251	1	0.75330	0.55324	12.38267	1.08383	1	-0.00172	-0.00779	0.67406	0.00371	1	0.06605	-0.01294	0.68183	0.00383	1	1.45898	0.81042	0	
1273030	8585.37012	3306653298200	0.51699	0.35196	8585.12207	0.24805	11973	1	0.53006	0.29068	1	0.50226	0.39123	1	0.51616	0.34096	1	0.49231	0.52755	10.82884	1.08383	1	0.75348	0.55274	12.08062	1.07515	1	-0.00172	-0.00779	0.67406	0.00386	1	0.06605	-0.01294	0.68183	0.00376	1	1.45898	0.81042	0	
1273031	8585.37695	3306653363267	0.51697	0.35167	8585.12207	0.25488	11973	1	0.53002	0.29035	1	0.50229	0.39093	1	0.51615	0.34064	1	0.49219	0.52859	11.06493	1.08424	1	0.75338	0.55313	11.79793	1.07556	1	-0.00187	-0.00817	0.71199	0.00350	1	0.06605	-0.01284	0.68183	0.00399	1	1.45898	0.81042	0	
1273032	8585.38379	3306653431996	0.51735	0.35222	8585.12207	0.26172	11973	1	0.54267	0.39191	1	0.52157	0.35532	1	0.53212	0.37362	1	0.49248	0.52863	11.35112	1.08464	1	0.75336	0.55246	11.88971	1.08464	1	-0.00187	-0.00817	0.71199	0.00347	1	0.06605	-0.01284	0.68183	0.00387	1	1.45898	0.81042	0	
1273033	8585.39062	3306653499049	0.51772	0.35262	8585.12207	0.26855	11973	1	0.57035	0.36094	1	0.49490	0.37602	1	0.53262	0.36848	1	0.49254	0.52846	11.51962	1.09373	1	0.75290	0.55265	11.36018	1.09373	1	-0.00187	-0.00817	0.71199	0.00350	1	0.06605	-0.01284	0.68183	0.00386	1	1.45898	0.81042	0	
1273034	8585.39746	3306653566224	0.51808	0.35300	8585.12207	0.27539	11973	1	0.57035	0.36094	1	0.49490	0.37602	1	0.53262	0.36848	1	0.49184	0.52623	11.44979	1.09373	1	0.75262	0.55140	12.07620	1.09373	1	-0.00183	-0.00772	0.67691	0.00237	1	0.06528	-0.01265	0.67486	0.00397	1	1.45898	0.81042	0	
1273035	8585.40430	3306653633470	0.51834	0.35215	8585.12207	0.28223	11973	1	0.56244	0.36522	1	0.49606	0.26827	1	0.52925	0.31675	1	0.49196	0.52831	11.58182	1.08464	1	0.75247	0.55156	12.03295	1.08464	1	-0.00183	-0.00772	0.67691	0.00355	1	0.06528	-0.01265	0.67486	0.00414	1	1.45898	0.81042	0	
1273036	8585.41016	3306653698915	0.51867	0.35233	8585.12207	0.28809	11973	1	0.56195	0.40112	1	0.50429	0.31912	1	0.53312	0.36012	1	0.49192	0.52846	11.58442	1.07556	1	0.75265	0.55190	12.24394	1.07556	1	-0.00183	-0.00772	0.67691	0.00356	1	0.06528	-0.01265	0.67486	0.00412	1	1.45898	0.81042	0	
1273037	8585.41699	3306653766800	0.51900	0.35266	8585.12207	0.29492	11973	1	0.56261	0.40768	1	0.50372	0.32660	1	0.53317	0.36714	1	0.49168	0.52785	10.90466	1.06647	1	0.75264	0.55201	12.35686	1.06647	1	-0.00194	-0.00765	0.67972	0.00365	1	0.06621	-0.01278	0.68452	0.00402	1	1.45898	0.81042	0	
1273038	8585.42383	3306653834776	0.51880	0.35331	8585.12207	0.30176	11973	1	0.52919	0.34072	1	0.49050	0.42404	1	0.50984	0.38238	1	0.49152	0.52788	11.11545	1.06647	1	0.75248	0.55255	12.43528	1.06647	1	-0.00194	-0.00765	0.67972	0.00368	1	0.06621	-0.01278	0.68452	0.00376	1	1.45898	0.81042	0	
1273039	8585.43066	3306653901497	0.51883	0.35336	8585.12207	0.30859	11973	1	0.54606	0.31114	1	0.49485	0.39988	1	0.52045	0.35551	1	0.49175	0.52748	11.19911	1.06647	1	0.75253	0.55235	12.35065	1.06647	1	-0.00194	-0.00765	0.67972	0.00344	1	0.06621	-0.01278	0.68452	0.00376	1	1.45898	0.81042	0	
1273040	8585.43750	3306653969207	0.51886	0.35325	8585.12207	0.31543	11973	1	0.54527	0.30375	1	0.49535	0.39303	1	0.52031	0.34839	1	0.49166	0.52785	11.16442	1.07556	1	0.75256	0.55215	12.33215	1.07556	1	-0.00205	-0.00789	0.70098	0.00371	1	0.06527	-0.01257	0.67588	0.00388	1	1.45898	0.81042	0	
1273041	8585.44434	3306654034693	0.51924	0.35426	8585.12207	0.32227	11973	1	0.54367	0.34033	1	0.49316	0.40500	1	0.51842	0.37266	1	0.49134	0.52773	10.69339	1.08464	1	0.75248	0.55190	12.78629	1.08464	1	-0.00205	-0.00789	0.70098	0.00368	1	0.06527	-0.01257	0.67588	0.00363	1	1.45898	0.81042	0	
1273042	8585.45020	3306654101826	0.51967	0.35539	8585.12207	0.32812	11973	1	0.54291	0.34198	1	0.52699	0.34615	1	0.53495	0.34406	1	0.49139	0.52789	11.15344	1.09373	1	0.75256	0.55151	12.12552	1.09373	1	-0.00205	-0.00789	0.70098	0.00357	1	0.06527	-0.01257	0.67588	0.00377	1	1.45898	0.81042	0	
1273043	8585.45703	3306654168890	0.52009	0.35622	8585.12207	0.33496	11973	1	0.54291	0.34198	1	0.52699	0.34615	1	0.53495	0.34406	1	0.49101	0.52635	10.42696	1.09373	1	0.75195	0.55078	12.13532	1.09373	1	-0.00204	-0.00763	0.67865	0.00373	1	0.06586	-0.01260	0.68297	0.00386	1	1.45898	0.81042	0	
1273044	8585.46387	3306654234574	0.52008	0.35632	8585.12207	0.34180	11973	1	0.53155	0.30050	1	0.50889	0.37331	1	0.52022	0.33690	1	0.49078	0.52704	11.13479	1.08464	1	0.75192	0.55176	12.21980	1.08464	1	-0.00204	-0.00763	0.67865	0.00362	1	0.06586	-0.01260	0.68297	0.00377	1	1.45898	0.81042	0	
1273045	8585.47070	3306654298660	0.51987	0.35642	8585.12207	0.34863	11973	1	0.54170	0.30853	1	0.50264	0.40514	1	0.52217	0.35684	1	0.49090	0.52708	11.45050	1.07556	1	0.75190	0.55188	12.22293	1.07556	1	-0.00204	-0.00763	0.67865	0.00374	1	0.06586	-0.01260	0.68297	0.00366	1	1.45898	0.81042	0	
1273046	8585.47656	3306654362816	0.51967	0.35645	8585.12207	0.35449	11973	1	0.54252	0.31589	1	0.50262	0.40545	1	0.52257	0.36067	1	0.49095	0.52685	11.35226	1.06647	1	0.75179	0.55179	12.75205	1.07515	1	-0.00215	-0.00769	0.68346	0.00371	1	0.06698	-0.01277	0.69515	0.00370	1	1.45898	0.81042	0	
1273047	8585.48438	3306654437966	0.51934	0.35545	8585.12207	0.36230	11973	1	0.53071	0.31128	1	0.48927	0.33273	1	0.50999	0.32200	1	0.49078	0.52720	11.22673	1.07515	1	0.75162	0.55125	12.28375	1.08383	1	-0.00215	-0.00769	0.68346	0.00365	1	0.06698	-0.01277	0.69515	0.00384	1	1.45898	0.81042	0	
1273048	8585.49121	3306654505486	0.51946	0.35560	8585.12207	0.36914	11973	1	0.53808	0.36474	1	0.49995	0.28469	1	0.51902	0.32472	1	0.49083	0.52778	11.66822	1.08383	1	0.75183	0.55085	12.22312	1.09251	1	-0.00215	-0.00769	0.68346	0.00337	1	0.06698	-0.01277	0.69515	0.00402	1	1.45898	0.81042	0	
1273049	8585.49805	3306654571409	0.51957	0.35545	8585.12207	0.37598	11973	1	0.53646	0.35139	1	0.50098	0.26975	1	0.51872	0.31057	1	0.49098	0.52781	11.74521	1.10160	1	0.75176	0.55175	12.51309	1.11028	1	-0.00227	-0.00793	0.70524	0.00338	1	0.06698	-0.01277	0.69515	0.00367	1	1.45898	0.81042	0	
1273050	8585.50391	3306654637736	0.51909	0.35348	8585.12207	0.38184	11973	1	0.49963	0.20084	1	0.50165	0.34613	1	0.50064	0.27349	1	0.49003	0.52600	10.80236	1.11936	1	0.75176	0.55150	12.77258	1.11936	1	-0.00227	-0.00793	0.70524	0.00378	1	0.06698	-0.01277	0.69515	0.00367	1	1.45898	0.81042	0	
1273051	8585.51074	3306654704734	0.51854	0.35251	8585.12207	0.38867	11973	1	0.50949	0.34198	1	0.49084	0.30656	1	0.50017	0.32427	1	0.49011	0.52714	10.88668	1.12845	1	0.75164	0.55137	12.61701	1.12845	1	-0.00227	-0.00793	0.70524	0.00336	1	0.06698	-0.01277	0.69515	0.00367	1	1.45898	0.81042	0	
1273052	8585.51758	3306654771504	0.51799	0.35162	8585.12207	0.39551	11973	1	0.50949	0.34198	1	0.49042	0.31346	1	0.49996	0.32772	1	0.49027	0.52694	11.41320	1.12845	1	0.75141	0.55129	12.76351	1.11977	1	-0.00227	-0.00774	0.68828	0.00345	1	0.06481	-0.01237	0.67315	0.00368	1	1.45898	0.81042	0	
1273053	8585.52441	3306654838751	0.51804	0.35009	8585.12207	0.40234	11973	1	0.54355	0.33142	1	0.51404	0.34386	1	0.52879	0.33764	1	0.49015	0.52708	11.36337	1.11068	1	0.75155	0.55147	12.96020	1.10200	1	-0.00227	-0.00774	0.68828	0.00373	1	0.06481	-0.01237	0.67315	0.00373	1	1.45898	0.81042	0	
1273054	8585.53125	3306654905588	0.51763	0.34994	8585.12207	0.40918	11973	1	0.54892	0.37067	1	0.48822	0.39911	1	0.51857	0.38489	1	0.49018	0.52775	11.86720	1.09292	1	0.75119	0.55158	12.38391	1.08424	1	-0.00227	-0.00774	0.68828	0.00345	1	0.06481	-0.01237	0.67315	0.00376	1	1.45898	0.81042	0	
1273055	8585.53809	3306654972585	0.51723	0.34999	8585.12207	0.41602	11973	1	0.55039	0.38381	1	0.48779	0.40585	1	0.51909	0.39483	1	0.49028	0.52761	11.46793	1.07515	1	0.75114	0.55109	12.06656	1.07515	1	-0.00236	-0.00769	0.68321	0.00345	1	0.06837	-0.01306	0.71069	0.00371	1	1.45898	0.81042	0	
1273056	8585.54492	3306655039594	0.51740	0.35100	8585.12207	0.42285	11973	1	0.54396	0.36146	1	0.51132	0.35922	1	0.52764	0.36034	1	0.49009	0.52752	11.74330	1.07515	1	0.75117	0.55105	12.10980	1.08383	1	-0.00236	-0.00769	0.68321	0.00337	1	0.06837	-0.01306	0.71069	0.00391	1	1.45898	0.81042	0	
1273057	8585.55078	3306655104736	0.51771	0.35017	8585.12207	0.42871	11973	1	0.53921	0.29989	1	0.50549	0.31180	1	0.52235	0.30584	1	0.49012	0.52661	11.30388	1.08383	1	0.75112	0.55066	11.98656	1.09251	1	-0.00236	-0.00769	0.68321	0.00383	1	0.06837	-0.01306	0.71069	0.00380	1	1.45898	0.81042	0	
1273058	8585.55762	3306655173557	0.51803	0.34936	8585.12207	0.43555	11973	1	0.53842	0.29285	1	0.50549	0.31180	1	0.52195	0.30232	1	0.48987	0.52703	11.07033	1.09251	1	0.75112	0.55026	12.10939	1.09251	1	-0.00236	-0.00769	0.68321	0.00351	1	0.06480	-0.01234	0.67407	0.00379	1	1.45898	0.81042	0	
1273059	8585.56445	3306655240689	0.51798	0.34906	8585.12207	0.44238	11973	1	0.54939	0.38311	1	0.50782	0.30915	1	0.52861	0.34613	1	0.49024	0.52751	11.47873	1.09251	1	0.75109	0.55003	11.99299	1.08383	1	-0.00236	-0.00769	0.68321	0.00345	1	0.06480	-0.01234	0.67407	0.00387	1	1.45898	0.81042	0	
1273060	8585.57129	3306655307548	0.51770	0.34780	8585.12207	0.44922	11973	1	0.52645	0.31449	1	0.50422	0.31479	1	0.51533	0.31464	1	0.48993	0.52709	11.13546	1.08383	1	0.75105	0.55013	12.22121	1.07515	1	-0.00236	-0.00769	0.68321	0.00353	1	0.06480	-0.01234	0.67407	0.00382	1	1.45898	0.81042	0	
1273061	8585.57812	3306655374753	0.51742	0.34671	8585.12207	0.45605	11973	1	0.52732	0.32142	1	0.50368	0.32197	1	0.51550	0.32170	1	0.48996	0.52715	11.00114	1.07515	1	0.75109	0.55002	12.22518	1.06647	1	-0.00236	-0.00769	0.68321	0.00358	1	0.06480	-0.01234	0.67407	0.00389	1	1.45898	0.81042	0	
1273062	8585.58496	3306655442860	0.51757	0.34702	8585.12207	0.46289	11973	1	0.53973	0.36627	1	0.49810	0.37354	1	0.51892	0.36991	1	0.49019	0.52719	11.39948	1.06647	1	0.75104	0.55036	12.34285	1.06647	1	-0.00236	-0.00769	0.68321	0.00363	1	0.06480	-0.01234	0.67407	0.00376	1	1.45898	0.81042	0	
1273063	8585.59180	3306655509253	0.51769	0.34739	8585.12207	0.46973	11973	1	0.55056	0.38342	1	0.49954	0.33020	1	0.52505	0.35681	1	0.49024	0.52733	11.39581	1.06647	1	0.75099	0.55024	12.12603	1.06647	1	-0.00236	-0.00769	0.68321	0.00361	1	0.06480	-0.01234	0.67407	0.00379	1	1.45898	0.81042	0	
1273064	8585.59766	3306655575530	0.51781	0.34775	8585.12207	0.47559	11973	1	0.55056	0.38342	1	0.49954	0.33020	1	0.52505	0.35681	1	0.49012	0.52738	11.36766	1.06647	1	0.75108	0.55018	12.16049	1.06647	1	-0.00236	-0.00769	0.68321	0.00353	1	0.06480	-0.01234	0.67407	0.00388	1	1.45898	0.81042	0	
1273065	8585.60449	3306655642461	0.51770	0.34830	8585.12207	0.48242	11973	1	0.52030	0.38196	1	0.50589	0.31569	1	0.51309	0.34882	1	0.48979	0.52722	11.05218	1.06647	1	0.75109	0.55005	12.15258	1.06647	1	-0.00236	-0.00769	0.68321	0.00348	1	0.06480	-0.01234	0.67407	0.00386	1	1.45898	0.81042	0	
1273066	8585.61133	3306655709204	0.51778	0.34854	8585.12207	0.48926	11973	1	0.50784	0.33440	1	0.50053	0.37482	1	0.50418	0.35461	1	0.48953	0.52695	10.29472	1.06647	1	0.75102	0.55039	12.26940	1.06647	1	-0.00236	-0.00769	0.68321	0.00352	1	0.06480	-0.01234	0.67407	0.00399	1	1.45898	0.81042	0	
1273067	8585.61816	3306655776568	0.51786	0.34862	8585.12207	0.49609	11973	1	0.50677	0.32719	1	0.50159	0.36101	1	0.50418	0.34410	1	0.48985	0.52733	11.01197	1.07556	1	0.75107	0.55034	12.47563	1.08424	1	-0.00247	-0.00788	0.70039	0.00348	1	0.06739	-0.01284	0.70158	0.00379	1	1.45898	0.81042	0	
1273068	8585.62500	3306655843019	0.51773	0.34876	8585.12207	0.50293	11973	1	0.50430	0.33574	1	0.50308	0.32661	1	0.50369	0.33118	1	0.48958	0.52703	10.50090	1.09332	1	0.75106	0.55021	12.34034	1.10200	1	-0.00247	-0.00788	0.70039	0.00342	1	0.06739	-0.01284	0.70158	0.00411	1	1.45898	0.81042	0	
1273069	8585.63184	3306655910363	0.51820	0.34646	8585.12207	0.50977	11973	1	0.53715	0.21540	1	0.50989	0.30612	1	0.52352	0.26076	1	0.48978	0.52597	10.67274	1.11109	1	0.75111	0.55062	12.30420	1.11977	1	-0.00247	-0.00788	0.70039	0.00379	1	0.06739	-0.01284	0.70158	0.00404	1	1.45898	0.81042	0	
1273070	8585.63867	3306655977293	0.51866	0.34406	8585.12207	0.51660	11973	1	0.53637	0.20787	1	0.50989	0.30612	1	0.52313	0.25699	1	0.48969	0.52699	11.55663	1.11977	1	0.75094	0.55097	12.42084	1.11977	1	-0.00245	-0.00766	0.68113	0.00350	1	0.06480	-0.01234	0.67407	0.00377	1	1.45898	0.81042	0	
1273071	8585.64453	3306656044393	0.51863	0.34211	8585.12207	0.52246	11973	1	0.51729	0.27562	1	0.49718	0.31238	1	0.50723	0.29400	1	0.48945	0.52717	11.96935	1.11068	1	0.75096	0.55066	12.31786	1.10200	1	-0.00245	-0.00766	0.68113	0.00338	1	0.06480	-0.01234	0.67407	0.00390	1	1.45898	0.81042	0	
1273072	8585.65137	3306656111595	0.51855	0.34219	8585.12207	0.52930	11973	1	0.52597	0.28723	1	0.48939	0.37624	1	0.50768	0.33173	1	0.48957	0.52696	10.33231	1.09292	1	0.75082	0.55124	12.57016	1.08424	1	-0.00245	-0.00766	0.68113	0.00344	1	0.06480	-0.01234	0.67407	0.00379	1	1.45898	0.81042	0	
1273073	8585.65820	3306656175877	0.51847	0.34261	8585.12207	0.53613	11973	1	0.52856	0.30828	1	0.48813	0.39590	1	0.50834	0.35209	1	0.48950	0.52709	10.77920	1.06713	1	0.75083	0.55117	12.62255	1.05845	1	-0.00230	-0.00735	0.65327	0.00337	1	0.06480	-0.01234	0.67407	0.00380	1	1.45898	0.81042	0	
1273074	8585.66504	3306656242796	0.51840	0.34276	8585.12207	0.54297	11973	1	0.53055	0.34397	1	0.48461	0.39759	1	0.50758	0.37078	1	0.48950	0.52714	11.74858	1.05044	1	0.75085	0.55094	12.37343	1.05044	1	-0.00230	-0.00735	0.65327	0.00327	1	0.06480	-0.01234	0.67407	0.00385	1	1.45898	0.81042	0	
1273075	8585.67188	3306656311944	0.51835	0.34226	8585.12207	0.54980	11973	1	0.52742	0.31678	1	0.49293	0.40098	1	0.51017	0.35888	1	0.48952	0.52705	11.75407	1.04242	1	0.75094	0.55122	12.56002	1.04242	1	-0.00230	-0.00735	0.65327	0.00321	1	0.06480	-0.01234	0.67407	0.00382	1	1.45898	0.81042	0	
1273076	8585.67871	3306656378443	0.51831	0.34168	8585.12207	0.55664	11973	1	0.52647	0.30926	1	0.49342	0.39399	1	0.50995	0.35162	1	0.48973	0.52719	12.11260	1.05151	1	0.75072	0.55130	12.54036	1.05151	1	-0.00247	-0.00788	0.70039	0.00325	1	0.06400	-0.01223	0.66578	0.00376	1	1.45898	0.81042	0	
1273077	8585.68457	3306656444378	0.51853	0.34111	8585.12207	0.56250	11973	1	0.55414	0.31090	1	0.49066	0.37962	1	0.52240	0.34526	1	0.48994	0.52694	11.17957	1.06861	1	0.75086	0.55149	12.82160	1.06861	1	-0.00247	-0.00788	0.70039	0.00389	1	0.06400	-0.01223	0.66578	0.00372	1	1.45898	0.81042	0	
1273078	8585.69141	3306656510058	0.51799	0.34147	8585.12207	0.56934	11973	1	0.48629	0.35243	1	0.49410	0.36476	1	0.49019	0.35859	1	0.48927	0.52769	11.58877	1.08571	1	0.75097	0.55142	12.73111	1.08571	1	-0.00247	-0.00788	0.70039	0.00371	1	0.06400	-0.01223	0.66578	0.00374	1	1.45898	0.81042	0	
1273079	8585.69824	3306656577718	0.51744	0.34172	8585.12207	0.57617	11973	1	0.48523	0.34630	1	0.49452	0.35857	1	0.48987	0.35244	1	0.48974	0.52725	11.85344	1.09373	1	0.75096	0.55159	12.71003	1.09373	1	-0.00236	-0.00769	0.68321	0.00373	1	0.06480	-0.01244	0.67407	0.00368	1	1.45898	0.81042	0	
1273080	8585.70508	3306656642420	0.51703	0.34061	8585.12207	0.58301	11973	1	0.52867	0.26095	1	0.49619	0.37998	1	0.51243	0.32047	1	0.49002	0.52715	11.40414	1.08464	1	0.75092	0.55172	12.68138	1.08464	1	-0.00236	-0.00769	0.68321	0.00362	1	0.06480	-0.01244	0.67407	0.00368	1	1.45898	0.81042	0	
1273081	8585.71191	3306656714302	0.51655	0.33997	8585.12207	0.58984	11973	1	0.53501	0.30339	1	0.48396	0.37148	1	0.50948	0.33744	1	0.49005	0.52757	11.31446	1.07556	1	0.75106	0.55163	12.48023	1.07556	1	-0.00236	-0.00769	0.68321	0.00383	1	0.06480	-0.01244	0.67407	0.00361	1	1.45898	0.81042	0	
1273082	8585.71875	3306656779747	0.51607	0.33953	8585.12207	0.59668	11973	1	0.53587	0.31079	1	0.48321	0.38441	1	0.50954	0.34760	1	0.48988	0.52771	11.19401	1.06647	1	0.75132	0.55107	12.73974	1.05881	1	-0.00237	-0.00778	0.68665	0.00376	1	0.06378	-0.01228	0.66302	0.00386	1	1.45898	0.81042	0	
1273083	8585.72559	3306656848147	0.51578	0.33953	8585.12207	0.60352	11973	1	0.52826	0.30480	1	0.50247	0.32848	1	0.51537	0.31664	1	0.48994	0.52727	11.09802	1.05881	1	0.75147	0.55084	12.82384	1.05115	1	-0.00237	-0.00778	0.68665	0.00384	1	0.06378	-0.01228	0.66302	0.00390	1	1.45898	0.81042	0	
1273084	8585.73145	3306656912899	0.51487	0.33862	8585.12207	0.60938	11973	1	0.52853	0.33269	1	0.45048	0.30077	1	0.48950	0.31673	1	0.48989	0.52766	11.13697	1.05115	1	0.75107	0.55055	11.84332	1.04349	1	-0.00237	-0.00778	0.68665	0.00371	1	0.06378	-0.01228	0.66302	0.00396	1	1.45898	0.81042	0	
1273085	8585.73828	3306656982026	0.51397	0.33764	8585.12207	0.61621	11973	1	0.52931	0.33886	1	0.45048	0.30077	1	0.48989	0.31981	1	0.49004	0.52785	11.02118	1.04349	1	0.75183	0.55157	12.14310	1.04349	1	-0.00237	-0.00778	0.68665	0.00374	1	0.06538	-0.01263	0.67906	0.00380	1	1.45898	0.81042	0	
1273086	8585.74512	3306657049732	0.51415	0.33888	8585.12207	0.62305	11973	1	0.55237	0.40373	1	0.48452	0.48000	1	0.51844	0.44186	1	0.49023	0.52840	11.80420	1.04349	1	0.75164	0.55238	12.82009	1.05115	1	-0.00237	-0.00778	0.68665	0.00356	1	0.06538	-0.01263	0.67906	0.00380	1	1.45898	0.81042	0	
1273087	8585.75195	3306657115887	0.51417	0.33955	8585.12207	0.62988	11973	1	0.54865	0.35699	1	0.49362	0.41809	1	0.52113	0.38754	1	0.49022	0.52796	11.56192	1.05115	1	0.75170	0.55187	12.57541	1.05881	1	-0.00237	-0.00778	0.68665	0.00361	1	0.06538	-0.01263	0.67906	0.00400	1	1.45898	0.81042	0	
1273088	8585.75879	3306657183009	0.51418	0.34003	8585.12207	0.63672	11973	1	0.54721	0.34391	1	0.49499	0.39924	1	0.52110	0.37157	1	0.49054	0.52816	11.86566	1.06790	1	0.75131	0.55246	13.23776	1.08424	1	-0.00232	-0.00826	0.71985	0.00353	1	0.06698	-0.01298	0.69515	0.00378	1	1.45898	0.81042	0	
1273089	8585.76562	3306657249952	0.51368	0.33963	8585.12207	0.64355	11973	1	0.51383	0.32182	1	0.47479	0.38494	1	0.49431	0.35338	1	0.49048	0.52797	11.86069	1.09332	1	0.75138	0.55249	13.21682	1.10200	1	-0.00232	-0.00826	0.71985	0.00342	1	0.06698	-0.01298	0.69515	0.00378	1	1.45898	0.81042	0	
1273090	8585.77246	3306657316468	0.51299	0.33929	8585.12207	0.65039	11973	1	0.51419	0.32398	1	0.48961	0.33215	1	0.50190	0.32806	1	0.49053	0.52812	11.87096	1.11109	1	0.75161	0.55231	12.53665	1.11977	1	-0.00232	-0.00826	0.71985	0.00349	1	0.06698	-0.01298	0.69515	0.00380	1	1.45898	0.81042	0	
1273091	8585.77930	3306657384253	0.51229	0.33889	8585.12207	0.65723	11973	1	0.51326	0.31728	1	0.48961	0.33215	1	0.50143	0.32472	1	0.49040	0.52764	11.82737	1.11977	1	0.75178	0.55242	12.51413	1.11977	1	-0.00215	-0.00789	0.68346	0.00343	1	0.06547	-0.01268	0.67896	0.00374	1	1.45898	0.81042	0	
1273092	8585.78516	3306657447517	0.51195	0.33967	8585.12207	0.66309	11973	1	0.50259	0.34864	1	0.50521	0.40048	1	0.50390	0.37456	1	0.49035	0.52851	11.73713	1.11068	1	0.75191	0.55252	12.61122	1.10200	1	-0.00215	-0.00789	0.68346	0.00345	1	0.06547	-0.01268	0.67896	0.00379	1	1.45898	0.81042	0	
1273093	8585.79199	3306657518714	0.51163	0.33872	8585.12207	0.66992	11973	1	0.51843	0.30469	1	0.49461	0.31779	1	0.50652	0.31124	1	0.49056	0.52827	11.63192	1.09292	1	0.75179	0.55218	12.64195	1.08424	1	-0.00215	-0.00789	0.68346	0.00351	1	0.06547	-0.01268	0.67896	0.00385	1	1.45898	0.81042	0	
1273094	8585.79883	3306657585158	0.51131	0.33792	8585.12207	0.67676	11973	1	0.52032	0.31892	1	0.49413	0.32521	1	0.50722	0.32207	1	0.49085	0.52861	11.33803	1.07515	1	0.75185	0.55267	12.59853	1.07515	1	-0.00215	-0.00789	0.68346	0.00347	1	0.06750	-0.01306	0.69943	0.00368	1	1.45898	0.81042	0	
1273095	8585.80566	3306657652288	0.51158	0.33867	8585.12207	0.68359	11973	1	0.53174	0.32619	1	0.51419	0.38940	1	0.52297	0.35780	1	0.49072	0.52835	11.37583	1.07515	1	0.75209	0.55265	12.96217	1.08383	1	-0.00215	-0.00789	0.68346	0.00353	1	0.06750	-0.01306	0.69943	0.00366	1	1.45898	0.81042	0	
1273096	8585.81250	3306657719060	0.51146	0.33915	8585.12207	0.69043	11973	1	0.54205	0.37206	1	0.48466	0.32428	1	0.51335	0.34817	1	0.49093	0.52835	11.76874	1.08383	1	0.75192	0.55205	12.27277	1.09251	1	-0.00215	-0.00789	0.68346	0.00352	1	0.06750	-0.01306	0.69943	0.00398	1	1.45898	0.81042	0	
1273097	8585.81934	3306657785991	0.51134	0.33987	8585.12207	0.69727	11973	1	0.54129	0.36560	1	0.48466	0.32428	1	0.51297	0.34494	1	0.49116	0.52857	11.89440	1.09251	1	0.75216	0.55228	12.83246	1.09251	1	-0.00215	-0.00789	0.68346	0.00345	1	0.06578	-0.01282	0.68112	0.00387	1	1.45898	0.81042	0	
1273098	8585.82617	3306657852481	0.51190	0.34003	8585.12207	0.70410	11973	1	0.55167	0.31128	1	0.50328	0.25059	1	0.52747	0.28093	1	0.49110	0.52842	12.02741	1.09251	1	0.75224	0.55129	12.67229	1.08383	1	-0.00215	-0.00789	0.68346	0.00337	1	0.06578	-0.01282	0.68112	0.00406	1	1.45898	0.81042	0	
1273099	8585.83203	3306657919939	0.51209	0.34080	8585.12207	0.70996	11973	1	0.53498	0.35609	1	0.48397	0.36663	1	0.50948	0.36136	1	0.49081	0.52821	11.21935	1.08383	1	0.75229	0.55235	13.01096	1.07515	1	-0.00215	-0.00789	0.68346	0.00341	1	0.06578	-0.01282	0.68112	0.00363	1	1.45898	0.81042	0	
1273100	8585.83887	3306657986630	0.51230	0.34164	8585.12207	0.71680	11973	1	0.53580	0.36269	1	0.48359	0.37338	1	0.50969	0.36803	1	0.49075	0.52816	11.18374	1.07515	1	0.75240	0.55229	12.33863	1.06647	1	-0.00204	-0.00784	0.67865	0.00342	1	0.06527	-0.01267	0.67588	0.00365	1	1.45898	0.81042	0	
1273101	8585.84570	3306658053687	0.51151	0.34208	8585.12207	0.72363	11973	1	0.49870	0.34709	1	0.48357	0.37066	1	0.49114	0.35888	1	0.49063	0.52794	11.04288	1.06647	1	0.75236	0.55222	12.72398	1.06647	1	-0.00204	-0.00784	0.67865	0.00349	1	0.06527	-0.01267	0.67588	0.00366	1	1.45898	0.81042	0	
1273102	8585.85254	3306658121733	0.51100	0.34104	8585.12207	0.73047	11973	1	0.49907	0.32851	1	0.48884	0.34156	1	0.49396	0.33504	1	0.49066	0.52789	10.94670	1.06647	1	0.75240	0.55215	12.66464	1.06647	1	-0.00204	-0.00784	0.67865	0.00347	1	0.06527	-0.01267	0.67588	0.00385	1	1.45898	0.81042	0	
1273103	8585.85938	3306658187535	0.51047	0.33980	8585.12207	0.73730	11973	1	0.49907	0.32851	1	0.48884	0.34156	1	0.49396	0.33504	1	0.49113	0.52781	11.79341	1.06647	1	0.75254	0.55218	12.47293	1.06647	1	-0.00204	-0.00784	0.67865	0.00339	1	0.06621	-0.01289	0.68452	0.00386	1	1.45898	0.81042	0	
1273104	8585.86621	3306658254783	0.50983	0.33979	8585.12207	0.74414	11973	1	0.49972	0.33411	1	0.49365	0.38556	1	0.49668	0.35984	1	0.49109	0.52796	11.64025	1.06647	1	0.75246	0.55269	12.72903	1.06647	1	-0.00204	-0.00784	0.67865	0.00344	1	0.06621	-0.01289	0.68452	0.00362	1	1.45898	0.81042	0	
1273105	8585.87305	3306658320751	0.50943	0.34070	8585.12207	0.75098	11973	1	0.51384	0.35658	1	0.49247	0.34280	1	0.50315	0.34969	1	0.49123	0.52817	11.82795	1.06647	1	0.75247	0.55239	12.62236	1.06647	1	-0.00204	-0.00784	0.67865	0.00345	1	0.06621	-0.01289	0.68452	0.00365	1	1.45898	0.81042	0	
1273106	8585.87891	3306658385841	0.50903	0.34154	8585.12207	0.75684	11973	1	0.51281	0.34956	1	0.49295	0.33548	1	0.50288	0.34252	1	0.49153	0.52795	11.12865	1.07556	1	0.75260	0.55250	12.88510	1.07556	1	-0.00205	-0.00810	0.70098	0.00355	1	0.06528	-0.01265	0.67486	0.00368	1	1.45898	0.81042	0	
1273107	8585.88574	3306658451112	0.50859	0.34158	8585.12207	0.76367	11973	1	0.54463	0.33626	1	0.47020	0.35980	1	0.50741	0.34803	1	0.49172	0.52817	11.28381	1.08464	1	0.75218	0.55272	13.62156	1.08464	1	-0.00205	-0.00810	0.70098	0.00366	1	0.06528	-0.01265	0.67486	0.00368	1	1.45898	0.81042	0	
1273108	8585.89258	3306658518759	0.50865	0.34211	8585.12207	0.77051	11973	1	0.54156	0.34023	1	0.49500	0.33990	1	0.51828	0.34007	1	0.49169	0.52810	11.43748	1.09373	1	0.75259	0.55255	12.21568	1.09373	1	-0.00205	-0.00810	0.70098	0.00364	1	0.06528	-0.01265	0.67486	0.00362	1	1.45898	0.81042	0	
1273109	8585.89941	3306658585041	0.50871	0.34249	8585.12207	0.77734	11973	1	0.54156	0.34023	1	0.49500	0.33990	1	0.51828	0.34007	1	0.49173	0.52809	11.34154	1.09373	1	0.75255	0.55276	12.68429	1.09373	1	-0.00194	-0.00785	0.67972	0.00367	1	0.06528	-0.01265	0.67486	0.00367	1	1.45898	0.81042	0	
1273110	8585.90625	3306658656674	0.50863	0.34233	8585.12207	0.78418	11973	1	0.54022	0.36637	1	0.48958	0.35804	1	0.51490	0.36220	1	0.49170	0.52807	11.35731	1.08464	1	0.75245	0.55259	12.81331	1.08464	1	-0.00194	-0.00785	0.67972	0.00362	1	0.06528	-0.01265	0.67486	0.00369	1	1.45898	0.81042	0	
1273111	8585.91309	3306658723573	0.50853	0.34260	8585.12207	0.79102	11973	1	0.54104	0.37318	1	0.50001	0.36645	1	0.52052	0.36982	1	0.49170	0.52807	11.35731	1.07556	1	0.75260	0.55249	12.39986	1.07556	1	-0.00194	-0.00785	0.67972	0.00362	1	0.06528	-0.01265	0.67486	0.00373	1	1.45898	0.81042	0	
1273112	8585.91992	3306658790464	0.50844	0.34302	8585.12207	0.79785	11973	1	0.54186	0.37998	1	0.49947	0.37353	1	0.52066	0.37676	1	0.49160	0.52804	11.31366	1.06647	1	0.75254	0.55271	12.68128	1.06647	1	-0.00193	-0.00776	0.67667	0.00358	1	0.06621	-0.01278	0.68452	0.00374	1	1.45898	0.81042	0	
1273113	8585.92578	3306658857602	0.50889	0.34344	8585.12207	0.80371	11973	1	0.54954	0.36552	1	0.52005	0.37327	1	0.53479	0.36940	1	0.49183	0.52828	11.62115	1.06647	1	0.75280	0.55253	12.59396	1.06647	1	-0.00193	-0.00776	0.67667	0.00363	1	0.06621	-0.01278	0.68452	0.00371	1	1.45898	0.81042	0	
1273114	8585.93262	3306658924711	0.50925	0.34431	8585.12207	0.81055	11973	1	0.53809	0.37314	1	0.50426	0.41948	1	0.52117	0.39631	1	0.49163	0.52811	11.48353	1.06647	1	0.75305	0.55294	13.07117	1.06647	1	-0.00193	-0.00776	0.67667	0.00359	1	0.06621	-0.01278	0.68452	0.00374	1	1.45898	0.81042	0	
1273115	8585.93945	3306658991545	0.50959	0.34532	8585.12207	0.81738	11973	1	0.53724	0.36628	1	0.50435	0.41843	1	0.52080	0.39235	1	0.49189	0.52804	11.54908	1.07556	1	0.75307	0.55237	13.12844	1.06790	1	-0.00195	-0.00791	0.70324	0.00365	1	0.06347	-0.01224	0.65564	0.00380	1	1.45898	0.81042	0	
1273116	8585.94629	3306659058470	0.50956	0.34566	8585.12207	0.82422	11973	1	0.53764	0.32781	1	0.46613	0.36753	1	0.50189	0.34767	1	0.49166	0.52778	11.25457	1.07698	1	0.75290	0.55246	13.19069	1.06932	1	-0.00195	-0.00791	0.70324	0.00372	1	0.06347	-0.01224	0.65564	0.00384	1	1.45898	0.81042	0	
1273117	8585.95312	3306659125946	0.50904	0.34814	8585.12207	0.83105	11973	1	0.51893	0.38691	1	0.47819	0.37239	1	0.49856	0.37965	1	0.49170	0.52786	11.46650	1.07841	1	0.75307	0.55233	12.86754	1.07075	1	-0.00195	-0.00791	0.70324	0.00369	1	0.06347	-0.01224	0.65564	0.00388	1	1.45898	0.81042	0	
1273118	8585.95996	3306659192672	0.50854	0.35068	8585.12207	0.83789	11973	1	0.51975	0.39254	1	0.47853	0.36567	1	0.49914	0.37910	1	0.49154	0.52725	11.05749	1.07075	1	0.75340	0.55228	12.58800	1.07943	1	-0.00183	-0.00762	0.67691	0.00384	1	0.06763	-0.01303	0.69754	0.00385	1	1.45898	0.81042	0	
1273119	8585.96680	3306659259707	0.50845	0.35095	8585.12207	0.84473	11973	1	0.52286	0.29754	1	0.48378	0.31652	1	0.50332	0.30703	1	0.49184	0.52705	11.50765	1.07034	1	0.75314	0.55201	12.87556	1.08668	1	-0.00183	-0.00762	0.67691	0.00344	1	0.06763	-0.01303	0.69754	0.00384	1	1.45898	0.81042	0	
1273120	8585.97266	3306659326479	0.50830	0.35044	8585.12207	0.85059	11973	1	0.52208	0.31868	1	0.47809	0.29551	1	0.50009	0.30710	1	0.49180	0.52724	11.56347	1.07760	1	0.75301	0.55210	13.14169	1.09394	1	-0.00183	-0.00762	0.67691	0.00341	1	0.06763	-0.01303	0.69754	0.00375	1	1.45898	0.81042	0	
1273121	8585.97949	3306659393444	0.50811	0.34923	8585.12207	0.85742	11973	1	0.52037	0.30562	1	0.47872	0.28197	1	0.49954	0.29380	1	0.49245	0.52769	11.54778	1.09394	1	0.75285	0.55239	13.19420	1.11028	1	-0.00183	-0.00786	0.69841	0.00359	1	0.06763	-0.01303	0.69754	0.00379	1	1.45898	0.81042	0	
1273122	8585.98633	3306659460474	0.50792	0.34741	8585.12207	0.86426	11973	1	0.50634	0.30543	1	0.49027	0.26139	1	0.49831	0.28341	1	0.49198	0.52741	11.99525	1.11936	1	0.75321	0.55187	13.09223	1.11936	1	-0.00183	-0.00786	0.69841	0.00346	1	0.06763	-0.01303	0.69754	0.00389	1	1.45898	0.81042	0	
1273123	8585.99316	3306659527507	0.50791	0.34670	8585.12207	0.87109	11973	1	0.53338	0.33582	1	0.48635	0.31380	1	0.50987	0.32481	1	0.49242	0.52764	11.67336	1.12845	1	0.75310	0.55188	13.10786	1.12845	1	-0.00183	-0.00786	0.69841	0.00343	1	0.06763	-0.01303	0.69754	0.00359	1	1.45898	0.81042	0	
1273124	8586.00000	3306659594936	0.50791	0.34614	8585.12207	0.87793	11973	1	0.53338	0.33582	1	0.48635	0.31380	1	0.50987	0.32481	1	0.49253	0.52748	11.52418	1.12845	1	0.75343	0.55143	12.56895	1.12845	1	-0.00174	-0.00766	0.68095	0.00350	1	0.06837	-0.01312	0.70518	0.00374	1	1.45898	0.81042	0	
1273125	8586.00684	3306659661249	0.50779	0.34580	8585.12207	0.88477	11973	1	0.53740	0.36455	1	0.49527	0.29366	1	0.51634	0.32910	1	0.49249	0.52759	11.38520	1.11936	1	0.75335	0.55129	12.51215	1.11936	1	-0.00174	-0.00766	0.68095	0.00344	1	0.06837	-0.01312	0.70518	0.00372	1	1.45898	0.81042	0	
1273126	8586.01367	3306659728463	0.50836	0.34570	8585.12207	0.89160	11973	1	0.53821	0.37117	1	0.49695	0.33603	1	0.51758	0.35360	1	0.49249	0.52759	11.38520	1.11028	1	0.75333	0.55142	12.57797	1.11028	1	-0.00174	-0.00766	0.68095	0.00344	1	0.06837	-0.01312	0.70518	0.00371	1	1.45898	0.81042	0	
1273127	8586.01953	3306659793077	0.50893	0.34593	8585.12207	0.89746	11973	1	0.53903	0.37778	1	0.49599	0.34991	1	0.51751	0.36384	1	0.49274	0.52765	12.45593	1.10119	1	0.75380	0.55168	12.79256	1.09251	1	-0.00174	-0.00766	0.68095	0.00337	1	0.06633	-0.01272	0.68366	0.00388	1	1.45898	0.81042	0	
1273128	8586.02637	3306659860119	0.50918	0.34666	8585.12207	0.90430	11973	1	0.54718	0.38041	1	0.50111	0.33060	1	0.52414	0.35550	1	0.49261	0.52747	11.81836	1.09251	1	0.75376	0.55170	13.04218	1.08383	1	-0.00174	-0.00766	0.68095	0.00342	1	0.06633	-0.01272	0.68366	0.00376	1	1.45898	0.81042	0	
1273129	8586.03320	3306659926536	0.50930	0.34638	8585.12207	0.91113	11973	1	0.55064	0.36370	1	0.48046	0.28360	1	0.51555	0.32365	1	0.49255	0.52751	12.35769	1.08383	1	0.75385	0.55130	12.92166	1.07515	1	-0.00174	-0.00766	0.68095	0.00337	1	0.06633	-0.01272	0.68366	0.00375	1	1.45898	0.81042	0	
1273130	8586.04004	3306659995471	0.50943	0.34602	8585.12207	0.91797	11973	1	0.55135	0.37022	1	0.48010	0.29102	1	0.51572	0.33062	1	0.49278	0.52714	11.79985	1.07515	1	0.75386	0.55130	12.76981	1.06647	1	-0.00165	-0.00775	0.68908	0.00340	1	0.06719	-0.01286	0.69141	0.00416	1	1.45898	0.81042	0	
1273131	8586.04590	3306660059003	0.50914	0.34722	8585.12207	0.92383	11973	1	0.52463	0.37782	1	0.47791	0.37065	1	0.50127	0.37423	1	0.49254	0.52721	11.80188	1.06647	1	0.75382	0.55162	12.80628	1.06647	1	-0.00165	-0.00775	0.68908	0.00334	1	0.06719	-0.01286	0.69141	0.00417	1	1.45898	0.81042	0	
1273132	8586.05273	3306660125988	0.50944	0.34833	8585.12207	0.93066	11973	1	0.52437	0.35161	1	0.48337	0.38810	1	0.50387	0.36986	1	0.49265	0.52707	11.68944	1.06647	1	0.75388	0.55164	13.01364	1.06647	1	-0.00165	-0.00775	0.68908	0.00340	1	0.06719	-0.01286	0.69141	0.00360	1	1.45898	0.81042	0	
1273133	8586.05957	3306660193322	0.50973	0.34916	8585.12207	0.93750	11973	1	0.52343	0.34455	1	0.48415	0.37454	1	0.50379	0.35955	1	0.49268	0.52705	11.30450	1.07556	1	0.75378	0.55243	13.33620	1.08424	1	-0.00163	-0.00788	0.70004	0.00342	1	0.06832	-0.01307	0.70250	0.00370	1	1.45898	0.81042	0	
1273134	8586.06641	3306660261109	0.50892	0.34727	8585.12207	0.94434	11973	1	0.49021	0.33385	1	0.46945	0.36828	1	0.47983	0.35107	1	0.49242	0.52692	10.82564	1.09332	1	0.75365	0.55185	13.11456	1.10200	1	-0.00163	-0.00788	0.70004	0.00349	1	0.06832	-0.01307	0.70250	0.00397	1	1.45898	0.81042	0	
1273135	8586.07324	3306660330238	0.50832	0.34676	8585.12207	0.95117	11973	1	0.49547	0.36544	1	0.48945	0.36122	1	0.49246	0.36333	1	0.49254	0.52731	10.77604	1.11109	1	0.75396	0.55158	13.07885	1.11977	1	-0.00163	-0.00788	0.70004	0.00352	1	0.06832	-0.01307	0.70250	0.00378	1	1.45898	0.81042	0	
1273136	8586.08008	3306660395776	0.50771	0.34638	8585.12207	0.95801	11973	1	0.49329	0.35239	1	0.48988	0.35439	1	0.49158	0.35339	1	0.49306	0.52728	11.22713	1.12885	1	0.75407	0.55182	12.59667	1.12885	1	-0.00163	-0.00788	0.70004	0.00348	1	0.06606	-0.01262	0.67870	0.00362	1	1.45898	0.81042	0	
1273137	8586.08691	3306660462759	0.50821	0.34635	8585.12207	0.96484	11973	1	0.53774	0.31300	1	0.49880	0.39046	1	0.51827	0.35173	1	0.49326	0.52719	11.34093	1.12885	1	0.75410	0.55190	12.54859	1.12017	1	-0.00163	-0.00788	0.70004	0.00363	1	0.06606	-0.01262	0.67870	0.00361	1	1.45898	0.81042	0	
1273138	8586.09375	3306660531087	0.50845	0.34659	8585.12207	0.97168	11973	1	0.52433	0.35157	1	0.50283	0.32817	1	0.51358	0.33987	1	0.49307	0.52756	11.70653	1.12017	1	0.75411	0.55147	12.30116	1.11149	1	-0.00163	-0.00788	0.70004	0.00343	1	0.06606	-0.01262	0.67870	0.00380	1	1.45898	0.81042	0	
1273139	8586.10059	3306660597246	0.50871	0.34719	8585.12207	0.97852	11973	1	0.52610	0.36471	1	0.50178	0.34216	1	0.51394	0.35343	1	0.49336	0.52714	11.30990	1.10241	1	0.75399	0.55168	12.40130	1.09373	1	-0.00154	-0.00768	0.68279	0.00357	1	0.06605	-0.01257	0.67862	0.00393	1	1.45898	0.81042	0	
1273140	8586.10742	3306660664946	0.50896	0.34663	8585.12207	0.98535	11973	1	0.54022	0.33747	1	0.49129	0.35726	1	0.51576	0.34737	1	0.49322	0.52712	11.40521	1.08464	1	0.75410	0.55150	12.32874	1.08464	1	-0.00154	-0.00768	0.68279	0.00351	1	0.06605	-0.01257	0.67862	0.00372	1	1.45898	0.81042	0	
1273141	8586.11328	3306660732706	0.50889	0.34563	8585.12207	0.99121	11973	1	0.51107	0.19258	1	0.49514	0.33398	1	0.50310	0.26328	1	0.49289	0.52517	11.70515	1.07556	1	0.75402	0.55123	12.33989	1.07556	1	-0.00154	-0.00768	0.68279	0.00234	1	0.06605	-0.01257	0.67862	0.00384	1	1.45898	0.81042	0	
1273142	8586.12012	3306660800178	0.50881	0.34457	8585.12207	0.99805	11973	1	0.51210	0.20093	1	0.49464	0.34132	1	0.50337	0.27113	1	0.49319	0.52676	11.20067	1.06647	1	0.75410	0.55128	12.32592	1.06647	1	-0.00154	-0.00768	0.68279	0.00368	1	0.06606	-0.01262	0.67870	0.00377	1	1.45898	0.81042	0	
1273143	8586.12695	3306660867219	0.50888	0.34456	8585.12207	1.00488	11973	1	0.54395	0.34445	1	0.50926	0.37054	1	0.52660	0.35750	1	0.49330	0.52705	11.51845	1.06647	1	0.75424	0.55145	12.26279	1.06647	1	-0.00154	-0.00768	0.68279	0.00361	1	0.06606	-0.01262	0.67870	0.00390	1	1.45898	0.81042	0	
1273144	8586.13379	3306660934102	0.50915	0.34532	8585.12207	1.01172	11973	1	0.55651	0.38994	1	0.49544	0.37989	1	0.52597	0.38491	1	0.49342	0.52734	11.31522	1.06647	1	0.75417	0.55140	12.42016	1.06647	1	-0.00154	-0.00768	0.68279	0.00350	1	0.06606	-0.01262	0.67870	0.00373	1	1.45898	0.81042	0	
1273145	8586.14062	3306661000964	0.50941	0.34601	8585.12207	1.01855	11973	1	0.55580	0.38322	1	0.49594	0.37287	1	0.52587	0.37805	1	0.49333	0.52734	11.72379	1.07556	1	0.75461	0.55159	12.70007	1.07556	1	-0.00153	-0.00791	0.70282	0.00349	1	0.06534	-0.01242	0.67034	0.00373	1	1.45898	0.81042	0	
1273146	8586.14746	3306661067227	0.50922	0.34674	8585.12207	1.02539	11973	1	0.55315	0.35922	1	0.48272	0.27274	1	0.51794	0.31598	1	0.49342	0.52722	11.63370	1.08464	1	0.75421	0.55057	11.94056	1.08464	1	-0.00153	-0.00791	0.70282	0.00350	1	0.06534	-0.01242	0.67034	0.00400	1	1.45898	0.81042	0	
1273147	8586.15430	3306661135170	0.50927	0.34619	8585.12207	1.03223	11973	1	0.55326	0.35448	1	0.47087	0.31520	1	0.51206	0.33484	1	0.49340	0.52729	11.54815	1.09373	1	0.75451	0.55139	12.55893	1.09373	1	-0.00153	-0.00791	0.70282	0.00351	1	0.06534	-0.01242	0.67034	0.00376	1	1.45898	0.81042	0	
1273148	8586.16113	3306661201907	0.50932	0.34550	8585.12207	1.03906	11973	1	0.55326	0.35448	1	0.47087	0.31520	1	0.51206	0.33484	1	0.49372	0.52710	11.73413	1.09373	1	0.75470	0.55140	12.87553	1.09373	1	-0.00143	-0.00753	0.68276	0.00355	1	0.06534	-0.01242	0.67034	0.00381	1	1.45898	0.81042	0	
1273149	8586.16797	3306661270059	0.50939	0.34449	8585.12207	1.04590	11973	1	0.49900	0.31458	1	0.48972	0.30598	1	0.49436	0.31028	1	0.49333	0.52676	11.16624	1.08464	1	0.75470	0.55108	12.90415	1.08464	1	-0.00143	-0.00753	0.68276	0.00364	1	0.06534	-0.01242	0.67034	0.00385	1	1.45898	0.81042	0	SUBJECT_ONSET_LOG
1273150	8586.17383	3306661335928	0.50968	0.34458	8585.12207	1.05176	11973	1	0.53416	0.35829	1	0.48179	0.32080	1	0.50797	0.33955	1	0.49400	0.52721	11.31574	1.07556	1	0.75463	0.55087	12.61959	1.07556	1	-0.00143	-0.00753	0.68276	0.00355	1	0.06534	-0.01242	0.67034	0.00388	1	1.45898	0.81042	0	
1273151	8586.18066	3306661403030	0.50997	0.34460	8585.12207	1.05859	11973	1	0.53416	0.35829	1	0.48216	0.31369	1	0.50816	0.33599	1	0.49417	0.52707	11.16822	1.07556	1	0.75461	0.55108	12.72320	1.08424	1	-0.00143	-0.00779	0.70624	0.00364	1	0.06838	-0.01293	0.70094	0.00391	1	1.45898	0.81042	0	
1273152	8586.18750	3306661470066	0.51023	0.34388	8585.12207	1.06543	11973	1	0.52485	0.35350	1	0.49340	0.29670	1	0.50912	0.32510	1	0.49378	0.52717	11.83543	1.09332	1	0.75480	0.55101	12.57463	1.10200	1	-0.00143	-0.00779	0.70624	0.00356	1	0.06838	-0.01293	0.70094	0.00389	1	1.45898	0.81042	0	
1273153	8586.19434	3306661536757	0.50994	0.34252	8585.12207	1.07227	11973	1	0.48962	0.27709	1	0.48838	0.29174	1	0.48900	0.28441	1	0.49331	0.52661	11.71425	1.11109	1	0.75467	0.55118	12.98205	1.11977	1	-0.00143	-0.00779	0.70624	0.00370	1	0.06838	-0.01293	0.70094	0.00388	1	1.45898	0.81042	0	AUDIO_FILE_ONSET_LOG
1273154	8586.20117	3306661603838	0.50963	0.34108	8585.12207	1.07910	11973	1	0.48738	0.26261	1	0.48880	0.28435	1	0.48809	0.27348	1	0.49397	0.52669	11.31460	1.12885	1	0.75508	0.55108	12.30834	1.12885	1	-0.00143	-0.00779	0.70624	0.00367	1	0.06726	-0.01276	0.68890	0.00399	1	1.45898	0.81042	0	
1273155	8586.20801	3306661671104	0.51002	0.33966	8585.12207	1.08594	11973	1	0.54962	0.29426	1	0.50244	0.26566	1	0.52603	0.27996	1	0.49420	0.52702	11.56775	1.12885	1	0.75494	0.55084	12.26111	1.12017	1	-0.00143	-0.00779	0.70624	0.00360	1	0.06726	-0.01276	0.68890	0.00399	1	1.45898	0.81042	0	
1273156	8586.21387	3306661737756	0.51029	0.33891	8585.12207	1.09180	11973	1	0.55031	0.30106	1	0.51195	0.30667	1	0.53113	0.30386	1	0.49420	0.52702	11.56775	1.12017	1	0.75509	0.55122	12.16234	1.11149	1	-0.00143	-0.00779	0.70624	0.00360	1	0.06726	-0.01276	0.68890	0.00389	1	1.45898	0.81042	0	
1273157	8586.22070	3306661804891	0.51060	0.31302	8585.12207	1.09180	11973	0	0.55172	0.31497	1	0.51075	0.32102	1	0.53123	0.31800	1	0.49388	0.52660	10.85498	1.10241	1	0.75497	0.55063	11.79351	1.09373	1	-0.00133	-0.00749	0.68410	0.00368	1	0.06611	-0.01249	0.67713	0.00403	1	1.45898	0.81042	0	
1273158	8586.22754	3306661871839	0.51282	0.32580	8585.12207	1.09180	11973	0	0.53050	0.30737	1	0.49957	0.36977	1	0.51503	0.33857	1	0.49393	0.52668	10.82374	1.08464	1	0.75501	0.55144	12.43845	1.08464	1	-0.00133	-0.00749	0.68410	0.00366	1	0.06611	-0.01249	0.67713	0.00384	1	1.45898	0.81042	0	
1273159	8586.23438	3306661938890	0.51444	0.32350	8585.12207	1.09180	11973	0	0.53892	0.32464	1	0.49644	0.31319	1	0.51768	0.31891	1	0.49403	0.52683	10.92328	1.07556	1	0.75485	0.55099	12.12462	1.07556	1	-0.00133	-0.00749	0.68410	0.00364	1	0.06611	-0.01249	0.67713	0.00393	1	1.45898	0.81042	0	
1273160	8586.24121	3306662004962	0.51529	0.32420	8586.22070	0.02051	11974	1	0.53975	0.33186	1	0.49594	0.32071	1	0.51784	0.32628	1	0.49394	0.52672	11.04021	1.06647	1	0.75499	0.55124	12.08862	1.06647	1	-0.00133	-0.00764	0.68410	0.00364	1	0.06726	-0.01276	0.68890	0.00381	1	1.45898	0.81042	0	
1273161	8586.24805	3306662072850	0.51645	0.33038	8586.22070	0.02734	11974	1	0.55027	0.37069	1	0.49188	0.33952	1	0.52107	0.35511	1	0.49416	0.52721	11.32039	1.06647	1	0.75485	0.55114	12.13047	1.06647	1	-0.00133	-0.00764	0.68410	0.00357	1	0.06726	-0.01276	0.68890	0.00388	1	1.45898	0.81042	0	
1273162	8586.25391	3306662138432	0.51546	0.33417	8586.22070	0.03320	11974	1	0.52948	0.34353	1	0.49156	0.36272	1	0.51052	0.35313	1	0.49379	0.52704	11.22034	1.06647	1	0.75486	0.55141	12.35913	1.06647	1	-0.00133	-0.00764	0.68410	0.00350	1	0.06726	-0.01276	0.68890	0.00377	1	1.45898	0.81042	0	
1273163	8586.26074	3306662206875	0.51475	0.33688	8586.22070	0.04004	11974	1	0.52948	0.34353	1	0.49156	0.36272	1	0.51052	0.35313	1	0.49420	0.52740	12.29517	1.06647	1	0.75488	0.55167	12.26448	1.06647	1	-0.00133	-0.00764	0.68410	0.00352	1	0.06611	-0.01259	0.67713	0.00387	1	1.45898	0.81042	0	
1273164	8586.26758	3306662273456	0.51654	0.33661	8586.22070	0.04688	11974	1	0.55101	0.36579	1	0.50708	0.30371	1	0.52905	0.33475	1	0.49418	0.52731	12.00316	1.06647	1	0.75500	0.55132	12.07184	1.06647	1	-0.00133	-0.00764	0.68410	0.00349	1	0.06611	-0.01259	0.67713	0.00386	1	1.45898	0.81042	0	
1273165	8586.27441	3306662340003	0.51733	0.34230	8586.22070	0.05371	11974	1	0.53860	0.41585	1	0.50869	0.35976	1	0.52365	0.38781	1	0.49401	0.52756	12.46206	1.06647	1	0.75508	0.55139	12.11489	1.06647	1	-0.00133	-0.00764	0.68410	0.00337	1	0.06611	-0.01259	0.67713	0.00389	1	1.45898	0.81042	0	
1273166	8586.28125	3306662406900	0.51796	0.34685	8586.22070	0.06055	11974	1	0.53860	0.41585	1	0.50869	0.35976	1	0.52365	0.38781	1	0.49434	0.52776	12.51828	1.06647	1	0.75501	0.55111	12.02740	1.06647	1	-0.00133	-0.00770	0.68410	0.00340	1	0.06611	-0.01259	0.67713	0.00381	1	1.45898	0.81042	0	
1273167	8586.28809	3306662472954	0.51890	0.34752	8586.22070	0.06738	11974	1	0.54455	0.40400	1	0.51208	0.30447	1	0.52832	0.35424	1	0.49411	0.52751	11.88249	1.06647	1	0.75514	0.55148	11.82532	1.06647	1	-0.00133	-0.00770	0.68410	0.00339	1	0.06611	-0.01259	0.67713	0.00402	1	1.45898	0.81042	0	
1273168	8586.29492	3306662542621	0.51858	0.35153	8586.22070	0.07422	11974	1	0.54630	0.40691	1	0.48366	0.38431	1	0.51498	0.39561	1	0.49415	0.52758	12.34342	1.06647	1	0.75511	0.55171	11.98801	1.06647	1	-0.00133	-0.00770	0.68410	0.00335	1	0.06611	-0.01259	0.67713	0.00399	1	1.45898	0.81042	0	
1273169	8586.30176	3306662608657	0.51830	0.35414	8586.22070	0.08105	11974	1	0.54551	0.40033	1	0.48446	0.37068	1	0.51498	0.38551	1	0.49420	0.52761	11.79430	1.07556	1	0.75526	0.55215	12.32533	1.08424	1	-0.00132	-0.00791	0.70290	0.00343	1	0.07041	-0.01340	0.72061	0.00390	1	1.45898	0.81042	0	
1273170	8586.30762	3306662675563	0.51873	0.35379	8586.22070	0.08691	11974	1	0.53921	0.36091	1	0.50946	0.33751	1	0.52434	0.34921	1	0.49399	0.52752	11.54361	1.09332	1	0.75541	0.55251	12.85436	1.10200	1	-0.00132	-0.00791	0.70290	0.00340	1	0.07041	-0.01340	0.72061	0.00383	1	1.45898	0.81042	0	
1273171	8586.31445	3306662742356	0.51863	0.34940	8586.22070	0.09375	11974	1	0.53836	0.27474	1	0.49608	0.30095	1	0.51722	0.28785	1	0.49404	0.52684	11.64808	1.11109	1	0.75517	0.55212	12.09066	1.11977	1	-0.00132	-0.00791	0.70290	0.00372	1	0.07041	-0.01340	0.72061	0.00375	1	1.45898	0.81042	0	
1273172	8586.32129	3306662809745	0.51728	0.34547	8586.22070	0.10059	11974	1	0.53836	0.27474	0	0.49702	0.28664	1	0.49702	0.28664	1	0.49404	0.52684	11.64808	1.12885	0	0.75541	0.55234	11.83975	1.13754	1	-0.00132	-0.00791	0.70290	0.00372	1	0.07041	-0.01346	0.72061	0.00376	1	1.45898	0.81042	0	
1273173	8586.32812	3306662877180	0.51728	0.34547	8586.22070	0.10742	11974	1	0.53836	0.27474	0	0.49702	0.28664	0	0.49702	0.28664	0	0.49404	0.52684	11.64808	1.13754	0	0.75541	0.55234	11.83975	1.13754	0	-0.00132	-0.00791	0.70290	0.00372	1	0.07041	-0.01346	0.72061	0.00376	1	1.45898	0.81042	0	
1273174	8586.33496	3306662943503	0.51728	0.34547	8586.22070	0.11426	11974	1	0.53836	0.27474	0	0.49702	0.28664	0	0.49702	0.28664	0	0.49404	0.52684	11.64808	1.13754	0	0.75541	0.55234	11.83975	1.13754	0	-0.00132	-0.00791	0.70290	0.00372	1	0.07041	-0.01346	0.72061	0.00376	1	1.45898	0.81042	0	
1273175	8586.34180	3306663010768	0.51728	0.34547	8586.22070	0.12109	11974	1	0.53836	0.27474	0	0.49702	0.28664	0	0.49702	0.28664	0	0.49404	0.52684	11.64808	1.13754	0	0.75541	0.55234	11.83975	1.13754	0	-0.00132	-0.00791	0.70290	0.00372	1	0.07041	-0.01346	0.72061	0.00376	1	1.45898	0.81042	0	
1273176	8586.34863	3306663077274	0.51794	0.35256	8586.22070	0.12109	11974	0	0.53836	0.27474	0	0.49702	0.28664	0	0.49702	0.28664	0	0.49404	0.52684	11.64808	1.13754	0	0.75541	0.55234	11.83975	1.13754	0	-0.00132	-0.00791	0.70290	0.00372	1	0.07041	-0.01346	0.72061	0.00376	1	1.45898	0.81042	0	
1273177	8586.35449	3306663144217	0.51794	0.35256	8586.22070	0.12109	11974	0	0.53836	0.27474	0	0.49702	0.28664	0	0.49702	0.28664	0	0.49404	0.52684	11.64808	1.13754	0	0.75541	0.55234	11.83975	1.13754	0	-0.00132	-0.00791	0.70290	0.00372	1	0.07041	-0.01346	0.72061	0.00376	1	1.45898	0.81042	0	
1273178	8586.36133	3306663211026	0.51794	0.35256	8586.22070	0.12109	11974	0	0.53836	0.27474	0	0.49702	0.28664	0	0.49702	0.28664	0	0.49404	0.52684	11.64808	1.13754	0	0.75541	0.55234	11.83975	1.13754	0	-0.00132	-0.00791	0.70290	0.00372	1	0.07041	-0.01346	0.72061	0.00376	1	1.45898	0.81042	0	
1273179	8586.36816	3306663277318	0.00000	0.00000	8586.22070	0.12109	11974	0	0.53836	0.27474	0	0.49702	0.28664	0	0.49702	0.28664	0	0.49404	0.52684	11.64808	1.13754	0	0.75541	0.55234	11.83975	1.13754	0	-0.00132	-0.00791	0.70290	0.00372	1	0.07041	-0.01346	0.72061	0.00376	1	1.45898	0.81042	0	
1273180	8586.37500	3306663345371	0.00000	0.00000	8586.22070	0.12109	11974	0	0.53836	0.27474	0	0.49702	0.28664	0	0.49702	0.28664	0	0.49404	0.52684	11.64808	1.13754	0	0.75541	0.55234	11.83975	1.13754	0	-0.00132	-0.00791	0.70290	0.00372	1	0.07041	-0.01346	0.72061	0.00376	1	1.45898	0.81042	0	
1273181	8586.38184	3306663413107	0.00000	0.00000	8586.22070	0.12109	11974	0	0.53836	0.27474	0	0.49702	0.28664	0	0.49702	0.28664	0	0.49404	0.52684	11.64808	1.13754	0	0.75541	0.55234	11.83975	1.13754	0	-0.00132	-0.00791	0.70290	0.00372	1	0.07041	-0.01346	0.72061	0.00376	1	1.45898	0.81042	0	
1273182	8586.38867	3306663479041	0.50759	0.31312	8586.22070	0.12109	11974	0	0.53492	0.31358	1	0.48027	0.31266	1	0.50759	0.31312	1	0.49479	0.52761	11.44292	1.13754	1	0.75534	0.55253	12.92615	1.13754	1	-0.00132	-0.00791	0.70290	0.00342	1	0.07041	-0.01346	0.72061	0.00368	1	1.45898	0.81042	0	
1273183	8586.39551	3306663546378	0.50844	0.33157	8586.22070	0.12109	11974	0	0.51881	0.31276	1	0.49976	0.38726	1	0.50929	0.35001	1	0.49453	0.52754	11.64947	1.13754	1	0.75567	0.55251	12.31056	1.13754	1	-0.00132	-0.00791	0.70290	0.00342	1	0.07041	-0.01346	0.72061	0.00368	1	1.45898	0.81042	0	
1273184	8586.40137	3306663613244	0.50864	0.33875	8586.22070	0.12109	11974	0	0.51881	0.31276	1	0.49928	0.39349	1	0.50904	0.35312	1	0.49469	0.52748	11.17000	1.13754	1	0.75560	0.55244	12.48341	1.12885	1	-0.00146	-0.00955	0.84908	0.00348	1	0.06722	-0.01284	0.68746	0.00366	1	1.45898	0.81042	0	
1273185	8586.40820	3306663680333	0.50893	0.33123	8586.38867	0.01953	11975	1	0.52089	0.22940	1	0.49874	0.38795	1	0.50982	0.30868	1	0.49463	0.52663	11.00467	1.12885	1	0.75569	0.55254	12.42859	1.12017	1	-0.00146	-0.00955	0.84908	0.00382	1	0.06722	-0.01284	0.68746	0.00365	1	1.45898	0.81042	0	
1273186	8586.41504	3306663747046	0.50552	0.32072	8586.38867	0.02637	11975	1	0.51042	0.19978	1	0.47333	0.35752	1	0.49188	0.27865	1	0.49451	0.52656	11.08056	1.12017	1	0.75531	0.55270	13.00590	1.11149	1	-0.00146	-0.00955	0.84908	0.00386	1	0.06722	-0.01284	0.68746	0.00366	1	1.45898	0.81042	0	
1273187	8586.42188	3306663814784	0.50336	0.31613	8586.38867	0.03320	11975	1	0.51237	0.21535	1	0.47273	0.37101	1	0.49255	0.29318	1	0.49416	0.52522	11.25005	1.10241	1	0.75525	0.55222	13.08095	1.09373	1	-0.00122	-0.00761	0.67628	0.00228	1	0.06722	-0.01279	0.68746	0.00382	1	1.45898	0.81042	0	
1273188	8586.42871	3306663881188	0.50452	0.31540	8586.38867	0.04004	11975	1	0.48178	0.26695	1	0.54112	0.35508	1	0.51145	0.31102	1	0.49394	0.52606	10.95337	1.08464	1	0.75551	0.55201	12.68959	1.08464	1	-0.00122	-0.00761	0.67628	0.00391	1	0.06722	-0.01279	0.68746	0.00383	1	1.45898	0.81042	0	
1273189	8586.43555	3306663948667	0.50652	0.31230	8586.38867	0.04688	11975	1	0.51103	0.30397	1	0.53006	0.27728	1	0.52055	0.29062	1	0.49433	0.52640	11.60381	1.07556	1	0.75532	0.55116	12.59040	1.07556	1	-0.00122	-0.00761	0.67628	0.00397	1	0.06722	-0.01279	0.68746	0.00384	1	1.45898	0.81042	0	
1273190	8586.44238	3306664014697	0.50813	0.31032	8586.38867	0.05371	11975	1	0.51207	0.31138	1	0.53002	0.27762	1	0.52105	0.29450	1	0.49389	0.52404	11.89632	1.06647	1	0.75499	0.55065	12.22502	1.07515	1	-0.00122	-0.00741	0.67629	0.00244	1	0.06838	-0.01293	0.70094	0.00400	1	1.45898	0.81042	0	
1273191	8586.44824	3306664081950	0.50758	0.29992	8586.38867	0.05957	11975	1	0.49788	0.13374	1	0.50724	0.27884	1	0.50256	0.20629	1	0.49389	0.52404	11.89632	1.07515	1	0.75498	0.55066	12.41867	1.08383	1	-0.00122	-0.00741	0.67629	0.00244	1	0.06838	-0.01293	0.70094	0.00397	1	1.45898	0.81042	0	
1273192	8586.45508	3306664148244	0.50597	0.29184	8586.38867	0.06641	11975	1	0.49684	0.13016	1	0.48304	0.29200	1	0.48994	0.21108	1	0.49388	0.52409	12.00584	1.08383	1	0.75469	0.55117	12.79656	1.09251	1	-0.00122	-0.00741	0.67629	0.00243	1	0.06838	-0.01293	0.70094	0.00372	1	1.45898	0.81042	0	
1273193	8586.46191	3306664216948	0.50459	0.28476	8586.38867	0.07324	11975	1	0.49578	0.12173	1	0.48304	0.29200	1	0.48941	0.20687	1	0.49383	0.52408	12.00744	1.09251	1	0.75459	0.55021	12.83904	1.09251	1	-0.00122	-0.00741	0.67629	0.00248	1	0.06611	-0.01249	0.67713	0.00402	1	1.45898	0.81042	0	
1273194	8586.46875	3306664279715	0.50359	0.27666	8586.38867	0.08008	11975	1	0.51915	0.11066	1	0.46389	0.24829	1	0.49152	0.17947	1	0.49381	0.52407	11.92386	1.09251	1	0.75433	0.55093	13.33103	1.08383	1	-0.00122	-0.00741	0.67629	0.00249	1	0.06611	-0.01249	0.67713	0.00410	1	1.45898	0.81042	0	
1273195	8586.47559	3306664348704	0.50315	0.27190	8586.38867	0.08691	11975	1	0.52037	0.11065	1	0.47450	0.30939	1	0.49744	0.21002	1	0.49382	0.52405	11.87985	1.08383	1	0.75447	0.55115	12.85556	1.07515	1	-0.00122	-0.00741	0.67629	0.00249	1	0.06611	-0.01249	0.67713	0.00388	1	1.45898	0.81042	0	
1273196	8586.48242	3306664417398	0.50280	0.26806	8586.38867	0.09375	11975	1	0.52128	0.11922	1	0.47450	0.30939	1	0.49789	0.21431	1	0.49366	0.52384	12.45861	1.07515	1	0.75428	0.55128	13.11987	1.07515	1	-0.00133	-0.00749	0.68410	0.00239	1	0.06838	-0.01293	0.70094	0.00386	1	1.45898	0.81042	0	
1273197	8586.48828	3306664481915	0.50239	0.26333	8586.38867	0.09961	11975	1	0.50614	0.08684	1	0.48654	0.29787	1	0.49634	0.19235	1	0.49361	0.52411	11.48695	1.07515	1	0.75474	0.55111	12.80276	1.08383	1	-0.00133	-0.00749	0.68410	0.00253	1	0.06838	-0.01293	0.70094	0.00370	1	1.45898	0.81042	0	
1273198	8586.49512	3306664547165	0.50013	0.23201	8586.38867	0.09961	11975	0	0.50507	0.08110	1	0.47670	0.26774	1	0.49088	0.17442	1	0.49365	0.52408	11.66604	1.08383	1	0.75455	0.55072	13.12149	1.09251	1	-0.00133	-0.00749	0.68410	0.00240	1	0.06838	-0.01293	0.70094	0.00385	1	1.45898	0.81042	0	
1273199	8586.50195	3306664614504	0.49534	0.19916	8586.38867	0.09961	11975	0	0.50406	0.07229	1	0.47702	0.26032	1	0.49054	0.16630	1	0.49362	0.52422	11.76704	1.09251	1	0.75461	0.55011	12.77253	1.10119	1	-0.00133	-0.00749	0.68410	0.00246	1	0.06838	-0.01293	0.70094	0.00396	1	1.45898	0.81042	0	
1273200	8586.50879	3306664681533	0.49651	0.18728	8586.38867	0.09961	11975	0	0.51299	0.08691	1	0.48474	0.24014	1	0.49886	0.16352	1	0.49368	0.52431	11.94848	1.10119	1	0.75467	0.55036	12.80814	1.10119	1	-0.00133	-0.00749	0.68410	0.00248	1	0.06838	-0.01293	0.70094	0.00407	1	1.45898	0.81042	0	
1273201	8586.51562	3306664747656	0.49379	0.17512	8586.49512	0.02051	11976	1	0.49805	0.08848	1	0.47324	0.18878	1	0.48564	0.13863	1	0.49357	0.52428	11.91023	1.10119	1	0.75445	0.55041	12.98530	1.10119	1	-0.00133	-0.00749	0.68410	0.00246	1	0.06838	-0.01293	0.70094	0.00379	1	1.45898	0.81042	0	
1273202	8586.52246	3306664815290	0.49206	0.16688	8586.49512	0.02734	11976	1	0.49696	0.07945	1	0.47325	0.18841	1	0.48511	0.13393	1	0.49337	0.52435	11.76855	1.11028	1	0.75424	0.55038	12.38064	1.10160	1	-0.00143	-0.00784	0.70623	0.00246	1	0.06605	-0.01257	0.67862	0.00389	1	1.45898	0.81042	0	
1273203	8586.52930	3306664885953	0.48884	0.16037	8586.49512	0.03418	11976	1	0.49021	0.08859	1	0.45533	0.16704	1	0.47277	0.12782	1	0.49333	0.52438	11.77749	1.11068	1	0.75409	0.55019	12.40489	1.10200	1	-0.00143	-0.00784	0.70623	0.00242	1	0.06605	-0.01257	0.67862	0.00396	1	1.45898	0.81042	0	
1273204	8586.53613	3306664952639	0.48804	0.15471	8586.49512	0.04102	11976	1	0.47791	0.07425	1	0.48849	0.16724	1	0.48320	0.12074	1	0.49335	0.52429	11.78106	1.11109	1	0.75433	0.55030	12.19102	1.10241	1	-0.00143	-0.00784	0.70623	0.00245	1	0.06605	-0.01257	0.67862	0.00382	1	1.45898	0.81042	0	
1273205	8586.54199	3306665019900	0.48748	0.15151	8586.49512	0.04688	11976	1	0.47907	0.08292	1	0.48808	0.17539	1	0.48357	0.12915	1	0.49324	0.52441	11.77064	1.10241	1	0.75420	0.55044	12.27658	1.09373	1	-0.00143	-0.00763	0.68276	0.00249	1	0.06605	-0.01257	0.67862	0.00393	1	1.45898	0.81042	0	
1273206	8586.54883	3306665086765	0.48830	0.15526	8586.49512	0.05371	11976	1	0.51283	0.10646	1	0.47685	0.26400	1	0.49484	0.18523	1	0.49308	0.52429	12.08840	1.08464	1	0.75380	0.55112	13.08337	1.08464	1	-0.00143	-0.00763	0.68276	0.00239	1	0.06605	-0.01257	0.67862	0.00389	1	1.45898	0.81042	0	
1273207	8586.55566	3306665153825	0.48939	0.15871	8586.49512	0.06055	11976	1	0.51675	0.10375	1	0.48174	0.27577	1	0.49924	0.18976	1	0.49310	0.52430	12.02249	1.07556	1	0.75385	0.55103	13.04370	1.07556	1	-0.00143	-0.00763	0.68276	0.00239	1	0.06605	-0.01257	0.67862	0.00387	1	1.45898	0.81042	0	
1273208	8586.56250	3306665220958	0.49030	0.16119	8586.49512	0.06738	11976	1	0.51675	0.10375	1	0.48211	0.26829	1	0.49943	0.18602	1	0.49309	0.52431	12.03702	1.07556	1	0.75378	0.55136	13.16556	1.08424	1	-0.00152	-0.00778	0.70066	0.00246	1	0.06832	-0.01301	0.70250	0.00370	1	1.45898	0.81042	0	
1273209	8586.56934	3306665288131	0.49119	0.16255	8586.49512	0.07422	11976	1	0.50818	0.09814	1	0.49368	0.25691	1	0.50093	0.17752	1	0.49292	0.52436	12.06011	1.09332	1	0.75406	0.55116	12.62227	1.10200	1	-0.00152	-0.00778	0.70066	0.00253	1	0.06832	-0.01301	0.70250	0.00370	1	1.45898	0.81042	0	
1273210	8586.57617	3306665354423	0.49133	0.16169	8586.49512	0.08105	11976	1	0.50889	0.06128	1	0.47719	0.24140	1	0.49304	0.15134	1	0.49293	0.52429	11.84262	1.11109	1	0.75371	0.55105	12.83518	1.11977	1	-0.00152	-0.00778	0.70066	0.00247	1	0.06832	-0.01301	0.70250	0.00368	1	1.45898	0.81042	0	
1273211	8586.58203	3306665420054	0.49143	0.16037	8586.49512	0.08691	11976	1	0.50793	0.05253	1	0.47751	0.23396	1	0.49272	0.14325	1	0.49274	0.52436	11.97798	1.11977	1	0.75375	0.55091	13.11751	1.12845	1	-0.00154	-0.00768	0.68279	0.00239	1	0.06832	-0.01301	0.70250	0.00368	1	1.45898	0.81042	0	
1273212	8586.58887	3306665488404	0.49130	0.15929	8586.49512	0.09375	11976	1	0.48906	0.07923	1	0.48984	0.20897	1	0.48945	0.14410	1	0.49273	0.52435	12.16169	1.11936	1	0.75388	0.55076	12.66394	1.11936	1	-0.00154	-0.00768	0.68279	0.00241	1	0.06832	-0.01301	0.70250	0.00383	1	1.45898	0.81042	0	
1273213	8586.59570	3306665556053	0.49154	0.16006	8586.49512	0.10059	11976	1	0.49639	0.08606	1	0.49396	0.25721	1	0.49518	0.17163	1	0.49272	0.52442	11.74128	1.11028	1	0.75400	0.55089	12.88269	1.11028	1	-0.00154	-0.00768	0.68279	0.00246	1	0.06832	-0.01301	0.70250	0.00395	1	1.45898	0.81042	0	
1273214	8586.60254	3306665622750	0.49174	0.16096	8586.49512	0.10742	11976	1	0.49639	0.08606	1	0.49351	0.26461	1	0.49495	0.17533	1	0.49252	0.52448	11.70215	1.11028	1	0.75337	0.55029	12.33615	1.10160	1	-0.00163	-0.00788	0.70004	0.00242	1	0.06633	-0.01261	0.68366	0.00388	1	1.45898	0.81042	0	
1273215	8586.60938	3306665689957	0.49049	0.16020	8586.49512	0.11426	11976	1	0.48804	0.09679	1	0.45035	0.19798	1	0.46920	0.14739	1	0.49249	0.52453	11.74246	1.11068	1	0.75336	0.55050	12.40396	1.10200	1	-0.00163	-0.00788	0.70004	0.00244	1	0.06633	-0.01261	0.68366	0.00383	1	1.45898	0.81042	0	
1273216	8586.61621	3306665757201	0.49086	0.16016	8586.49512	0.12109	11976	1	0.50392	0.08604	1	0.49133	0.23284	1	0.49762	0.15944	1	0.49241	0.52449	11.77004	1.11109	1	0.75320	0.55072	12.94692	1.10241	1	-0.00163	-0.00788	0.70004	0.00248	1	0.06633	-0.01261	0.68366	0.00380	1	1.45898	0.81042	0	
1273217	8586.62305	3306665823655	0.49122	0.16053	8586.49512	0.12793	11976	1	0.50491	0.09460	1	0.49090	0.24048	1	0.49790	0.16754	1	0.49223	0.52466	11.68588	1.10241	1	0.75303	0.55133	12.73114	1.09373	1	-0.00165	-0.00775	0.68908	0.00249	1	0.06556	-0.01252	0.67567	0.00396	1	1.45898	0.81042	0	
1273218	8586.62988	3306665890674	0.49187	0.16152	8586.49512	0.13477	11976	1	0.51296	0.12548	1	0.49680	0.23725	1	0.50488	0.18136	1	0.49217	0.52458	11.92978	1.08464	1	0.75333	0.55070	12.33348	1.08464	1	-0.00165	-0.00775	0.68908	0.00241	1	0.06556	-0.01252	0.67567	0.00386	1	1.45898	0.81042	0	
1273219	8586.63574	3306665957322	0.49241	0.16363	8586.49512	0.14062	11976	1	0.52095	0.13434	1	0.48684	0.28138	1	0.50389	0.20786	1	0.49222	0.52454	11.84262	1.07556	1	0.75319	0.55083	12.44150	1.07556	1	-0.00165	-0.00775	0.68908	0.00247	1	0.06556	-0.01252	0.67567	0.00385	1	1.45898	0.81042	0	
1273220	8586.64258	3306666024724	0.49291	0.16555	8586.49512	0.14746	11976	1	0.52095	0.13434	1	0.48684	0.28138	1	0.50389	0.20786	1	0.49215	0.52484	12.14947	1.07556	1	0.75300	0.55075	12.81168	1.07556	1	-0.00176	-0.00801	0.71244	0.00240	1	0.06556	-0.01252	0.67567	0.00385	1	1.45898	0.81042	0	
1273221	8586.64941	3306666091320	0.49283	0.16558	8586.49512	0.15430	11976	1	0.50420	0.08651	1	0.47771	0.24580	1	0.49095	0.16615	1	0.49204	0.52483	12.39444	1.08464	1	0.75298	0.55083	12.82390	1.08464	1	-0.00176	-0.00801	0.71244	0.00240	1	0.06556	-0.01252	0.67567	0.00386	1	1.45898	0.81042	0	
1273222	8586.65625	3306666156608	0.49280	0.16531	8586.49512	0.16113	11976	1	0.50219	0.09153	1	0.48208	0.22625	1	0.49214	0.15889	1	0.49211	0.52477	12.37975	1.09373	1	0.75301	0.55069	12.74660	1.09373	1	-0.00176	-0.00801	0.71244	0.00239	1	0.06556	-0.01252	0.67567	0.00388	1	1.45898	0.81042	0	
1273223	8586.66309	3306666225697	0.49277	0.16520	8586.49512	0.16797	11976	1	0.50219	0.09153	1	0.48176	0.23309	1	0.49197	0.16231	1	0.49178	0.52484	11.88941	1.09373	1	0.75278	0.55095	13.13802	1.08607	1	-0.00174	-0.00766	0.68095	0.00242	1	0.06401	-0.01230	0.66127	0.00378	1	1.45898	0.81042	0	
1273224	8586.66992	3306666292709	0.49262	0.16410	8586.49512	0.17480	11976	1	0.50035	0.09415	1	0.47678	0.17698	1	0.48857	0.13557	1	0.49194	0.52479	11.77900	1.07698	1	0.75288	0.55003	12.94921	1.06932	1	-0.00174	-0.00766	0.68095	0.00253	1	0.06401	-0.01230	0.66127	0.00403	1	1.45898	0.81042	0	
1273225	8586.67578	3306666356043	0.49177	0.16557	8586.49512	0.18066	11976	1	0.49218	0.13110	1	0.44591	0.27974	1	0.46904	0.20542	1	0.49175	0.52489	11.82727	1.06024	1	0.75243	0.55083	12.53622	1.05258	1	-0.00174	-0.00766	0.68095	0.00241	1	0.06401	-0.01230	0.66127	0.00372	1	1.45898	0.81042	0	
1273226	8586.68262	3306666425882	0.49102	0.16749	8586.49512	0.18750	11976	1	0.49434	0.14771	1	0.44573	0.29436	1	0.47004	0.22103	1	0.49168	0.52510	12.19053	1.04349	1	0.75245	0.55082	12.40782	1.03583	1	-0.00183	-0.00762	0.67691	0.00248	1	0.06347	-0.01224	0.65564	0.00372	1	1.45898	0.81042	0	
1273227	8586.68945	3306666493254	0.49132	0.16952	8586.49512	0.19434	11976	1	0.50727	0.17108	1	0.49275	0.28601	1	0.50001	0.22855	1	0.49159	0.52513	12.22813	1.03583	1	0.75248	0.55078	12.31514	1.03583	1	-0.00183	-0.00762	0.67691	0.00242	1	0.06347	-0.01224	0.65564	0.00396	1	1.45898	0.81042	0	
1273228	8586.69629	3306666560509	0.49161	0.17124	8586.49512	0.20117	11976	1	0.50563	0.17199	1	0.49473	0.27343	1	0.50018	0.22271	1	0.49159	0.52513	12.22813	1.03583	1	0.75248	0.55060	12.31892	1.03583	1	-0.00183	-0.00762	0.67691	0.00242	1	0.06347	-0.01224	0.65564	0.00414	1	1.45898	0.81042	0	
1273229	8586.70312	3306666628409	0.49188	0.17274	8586.49512	0.20801	11976	1	0.50563	0.17199	1	0.49516	0.26656	1	0.50039	0.21927	1	0.49151	0.52527	12.00257	1.03583	1	0.75221	0.55129	13.13593	1.04349	1	-0.00183	-0.00762	0.67691	0.00248	1	0.06621	-0.01278	0.68452	0.00368	1	1.45898	0.81042	0	
1273230	8586.70996	3306666694997	0.49228	0.17395	8586.49512	0.21484	11976	1	0.52409	0.14092	1	0.48559	0.28446	1	0.50484	0.21269	1	0.49151	0.52527	12.00257	1.04349	1	0.75241	0.55091	12.78597	1.05115	1	-0.00183	-0.00762	0.67691	0.00248	1	0.06621	-0.01278	0.68452	0.00371	1	1.45898	0.81042	0	
1273231	8586.71680	3306666761490	0.49275	0.17508	8586.49512	0.22168	11976	1	0.52164	0.12258	1	0.49533	0.30235	1	0.50848	0.21247	1	0.49142	0.52522	12.24174	1.05115	1	0.75256	0.55111	12.29972	1.05881	1	-0.00183	-0.00762	0.67691	0.00253	1	0.06621	-0.01278	0.68452	0.00376	1	1.45898	0.81042	0	
1273232	8586.72363	3306666828434	0.49320	0.17595	8586.49512	0.22852	11976	1	0.52082	0.11487	1	0.49576	0.29583	1	0.50829	0.20535	1	0.49132	0.52504	11.94526	1.05881	1	0.75258	0.55113	12.32871	1.06647	1	-0.00193	-0.00766	0.67667	0.00244	1	0.06621	-0.01268	0.68452	0.00390	1	1.45898	0.81042	0	
1273233	8586.73047	3306666895417	0.49326	0.17576	8586.49512	0.23535	11976	1	0.50963	0.09754	1	0.48153	0.24052	1	0.49558	0.16903	1	0.49130	0.52498	11.72279	1.06647	1	0.75219	0.55069	12.90545	1.06647	1	-0.00193	-0.00766	0.67667	0.00248	1	0.06621	-0.01268	0.68452	0.00377	1	1.45898	0.81042	0	
1273234	8586.73633	3306666960805	0.49308	0.17633	8586.49512	0.24121	11976	1	0.50272	0.10662	1	0.47041	0.28736	1	0.48656	0.19699	1	0.49131	0.52510	11.56827	1.06647	1	0.75210	0.55104	13.02602	1.06647	1	-0.00193	-0.00766	0.67667	0.00242	1	0.06621	-0.01268	0.68452	0.00378	1	1.45898	0.81042	0	
1273235	8586.74316	3306667029394	0.49322	0.20186	8586.49512	0.24121	11976	0	0.50272	0.10662	1	0.47070	0.27993	1	0.48671	0.19327	1	0.49118	0.52510	11.62883	1.06647	1	0.75224	0.55115	13.06925	1.07515	1	-0.00193	-0.00766	0.67667	0.00242	1	0.06745	-0.01293	0.69781	0.00376	1	1.45898	0.81042	0	
1273236	8586.75000	3306667096385	0.48779	0.18601	8586.49512	0.24121	11976	0	0.49078	0.08504	1	0.47392	0.25528	1	0.48235	0.17016	1	0.49118	0.52510	11.62883	1.07515	1	0.75204	0.55103	12.99687	1.08383	1	-0.00193	-0.00766	0.67667	0.00242	1	0.06745	-0.01293	0.69781	0.00377	1	1.45898	0.81042	0	
1273237	8586.75684	3306667161599	0.48786	0.18085	8586.49512	0.24121	11976	0	0.49591	0.09209	1	0.48010	0.24895	1	0.48800	0.17052	1	0.49121	0.52517	11.88100	1.08383	1	0.75217	0.55087	13.20381	1.09251	1	-0.00193	-0.00766	0.67667	0.00239	1	0.06745	-0.01293	0.69781	0.00381	1	1.45898	0.81042	0	
1273238	8586.76367	3306667231016	0.48772	0.17801	8586.74316	0.02051	11977	1	0.49484	0.08335	1	0.47979	0.25563	1	0.48731	0.16949	1	0.49114	0.52523	11.90295	1.09251	1	0.75212	0.55142	13.27403	1.08485	1	-0.00196	-0.00785	0.68844	0.00242	1	0.06410	-0.01231	0.66428	0.00405	1	1.45898	0.81042	0	
1273239	8586.77051	3306667297326	0.48805	0.18051	8586.74316	0.02734	11977	1	0.49709	0.08289	1	0.48160	0.29820	1	0.48935	0.19054	1	0.49118	0.52525	11.68232	1.08485	1	0.75226	0.55121	12.74913	1.06851	1	-0.00196	-0.00785	0.68844	0.00241	1	0.06410	-0.01231	0.66428	0.00408	1	1.45898	0.81042	0	
1273240	8586.77734	3306667364296	0.48846	0.18814	8586.74316	0.03418	11977	1	0.50215	0.12947	1	0.47888	0.32304	1	0.49052	0.22626	1	0.49115	0.52528	11.76049	1.06851	1	0.75226	0.55152	13.13266	1.05217	1	-0.00196	-0.00785	0.68844	0.00244	1	0.06410	-0.01231	0.66428	0.00398	1	1.45898	0.81042	0	
1273241	8586.78320	3306667430882	0.48889	0.19473	8586.74316	0.04004	11977	1	0.50412	0.14557	1	0.47888	0.32304	1	0.49150	0.23430	1	0.49111	0.52537	11.89031	1.05217	1	0.75213	0.55113	12.89584	1.05217	1	-0.00193	-0.00776	0.67667	0.00241	1	0.06745	-0.01303	0.69781	0.00394	1	1.45898	0.81042	0	
1273242	8586.79004	3306667498062	0.48822	0.19387	8586.74316	0.04688	11977	1	0.49269	0.13696	1	0.47438	0.23863	1	0.48353	0.18780	1	0.49107	0.52533	11.72884	1.05217	1	0.75216	0.55110	12.63377	1.06851	1	-0.00193	-0.00776	0.67667	0.00243	1	0.06745	-0.01303	0.69781	0.00399	1	1.45898	0.81042	0	
1273243	8586.79688	3306667565112	0.48765	0.19193	8586.74316	0.05371	11977	1	0.49222	0.11786	1	0.47397	0.23503	1	0.48309	0.17645	1	0.49107	0.52533	11.72884	1.06851	1	0.75208	0.55123	13.02433	1.08485	1	-0.00193	-0.00776	0.67667	0.00243	1	0.06745	-0.01303	0.69781	0.00388	1	1.45898	0.81042	0	
1273244	8586.80371	3306667632252	0.48712	0.18884	8586.74316	0.06055	11977	1	0.49013	0.10158	1	0.47454	0.22048	1	0.48234	0.16103	1	0.49117	0.52538	11.52103	1.08485	1	0.75223	0.55136	12.92603	1.10119	1	-0.00194	-0.00785	0.67972	0.00244	1	0.06745	-0.01303	0.69781	0.00384	1	1.45898	0.81042	0	
1273245	8586.81055	3306667699263	0.48764	0.18689	8586.74316	0.06738	11977	1	0.50185	0.08731	1	0.48371	0.24746	1	0.49278	0.16739	1	0.49120	0.52540	11.58841	1.10119	1	0.75223	0.55152	12.89547	1.10119	1	-0.00194	-0.00785	0.67972	0.00235	1	0.06745	-0.01303	0.69781	0.00377	1	1.45898	0.81042	0	
1273246	8586.81738	3306667766344	0.48766	0.18495	8586.74316	0.07422	11977	1	0.49583	0.10602	1	0.48009	0.22125	1	0.48796	0.16363	1	0.49122	0.52546	11.40618	1.10119	1	0.75219	0.55123	12.81491	1.10119	1	-0.00194	-0.00785	0.67972	0.00240	1	0.06745	-0.01303	0.69781	0.00381	1	1.45898	0.81042	0	
1273247	8586.82422	3306667833289	0.48764	0.18296	8586.74316	0.08105	11977	1	0.49473	0.09714	1	0.48010	0.22089	1	0.48741	0.15901	1	0.49145	0.52556	11.72563	1.11028	1	0.75242	0.55141	12.31268	1.10160	1	-0.00195	-0.00812	0.70324	0.00239	1	0.06528	-0.01265	0.67486	0.00382	1	1.45898	0.81042	0	
1273248	8586.83008	3306667900032	0.48872	0.18191	8586.74316	0.08691	11977	1	0.51271	0.06901	1	0.49262	0.26762	1	0.50267	0.16832	1	0.49144	0.52518	11.93252	1.11068	1	0.75240	0.55166	12.94173	1.10200	1	-0.00195	-0.00812	0.70324	0.00235	1	0.06528	-0.01265	0.67486	0.00384	1	1.45898	0.81042	0	
1273249	8586.83691	3306667967343	0.49028	0.18084	8586.74316	0.09375	11977	1	0.52510	0.05206	1	0.49925	0.27976	1	0.51217	0.16591	1	0.49159	0.52554	11.62481	1.11109	1	0.75254	0.55184	12.91125	1.10241	1	-0.00195	-0.00812	0.70324	0.00246	1	0.06528	-0.01265	0.67486	0.00380	1	1.45898	0.81042	0	
1273250	8586.84375	3306668033806	0.49166	0.18041	8586.74316	0.10059	11977	1	0.52595	0.06088	1	0.49876	0.28704	1	0.51236	0.17396	1	0.49160	0.52542	11.74948	1.10241	1	0.75247	0.55202	13.35322	1.09373	1	-0.00183	-0.00782	0.67691	0.00245	1	0.06528	-0.01265	0.67486	0.00378	1	1.45898	0.81042	0	
1273251	8586.85059	3306668101197	0.49137	0.18081	8586.74316	0.10742	11977	1	0.48605	0.08438	1	0.48734	0.28981	1	0.48669	0.18709	1	0.49152	0.52547	11.71596	1.08464	1	0.75232	0.55191	13.31641	1.08464	1	-0.00183	-0.00782	0.67691	0.00240	1	0.06528	-0.01265	0.67486	0.00377	1	1.45898	0.81042	0	
1273252	8586.85742	3306668168082	0.49124	0.18064	8586.74316	0.11426	11977	1	0.49592	0.08409	1	0.48232	0.27168	1	0.48912	0.17789	1	0.49151	0.52550	11.61273	1.07556	1	0.75228	0.55172	12.43411	1.07556	1	-0.00183	-0.00782	0.67691	0.00230	1	0.06528	-0.01265	0.67486	0.00386	1	1.45898	0.81042	0	
1273253	8586.86328	3306668231756	0.49114	0.18112	8586.74316	0.12012	11977	1	0.49705	0.09337	1	0.48160	0.28617	1	0.48933	0.18977	1	0.49164	0.52545	11.56749	1.06647	1	0.75253	0.55178	12.25388	1.05881	1	-0.00183	-0.00782	0.67691	0.00231	1	0.06347	-0.01224	0.65564	0.00381	1	1.45898	0.81042	0	
1273254	8586.87012	3306668299931	0.49037	0.18200	8586.74316	0.12695	11977	1	0.48120	0.08443	1	0.47000	0.31286	1	0.47560	0.19864	1	0.49163	0.52532	11.75953	1.05881	1	0.75245	0.55182	12.33833	1.05115	1	-0.00183	-0.00782	0.67691	0.00238	1	0.06347	-0.01224	0.65564	0.00392	1	1.45898	0.81042	0	
1273255	8586.87695	3306668364826	0.49025	0.18172	8586.74316	0.13379	11977	1	0.50048	0.10613	1	0.47533	0.24618	1	0.48790	0.17616	1	0.49182	0.52550	11.54724	1.05115	1	0.75254	0.55100	12.17012	1.04349	1	-0.00183	-0.00782	0.67691	0.00241	1	0.06347	-0.01224	0.65564	0.00425	1	1.45898	0.81042	0	
1273256	8586.88379	3306668434353	0.49016	0.18181	8586.74316	0.14062	11977	1	0.50143	0.11397	1	0.47504	0.25319	1	0.48823	0.18358	1	0.49187	0.52547	11.46605	1.04349	1	0.75252	0.55081	12.15913	1.03583	1	-0.00172	-0.00779	0.67406	0.00233	1	0.06401	-0.01240	0.66127	0.00432	1	1.45898	0.81042	0	
1273257	8586.89062	3306668503372	0.48926	0.18471	8586.74316	0.14746	11977	1	0.49646	0.15717	1	0.44274	0.33991	1	0.46960	0.24854	1	0.49183	0.52538	11.23405	1.03583	1	0.75241	0.55182	12.41455	1.03583	1	-0.00172	-0.00779	0.67406	0.00236	1	0.06401	-0.01240	0.66127	0.00384	1	1.45898	0.81042	0	
1273258	8586.89746	3306668565941	0.48849	0.18703	8586.74316	0.15430	11977	1	0.49937	0.16275	1	0.44217	0.31810	1	0.47077	0.24043	1	0.49183	0.52533	11.09466	1.03583	1	0.75239	0.55183	12.52655	1.03583	1	-0.00172	-0.00779	0.67406	0.00236	1	0.06401	-0.01240	0.66127	0.00383	1	1.45898	0.81042	0	
1273259	8586.90332	3306668632781	0.48779	0.18889	8586.74316	0.16016	11977	1	0.49937	0.16275	1	0.44229	0.30421	1	0.47083	0.23348	1	0.49201	0.52538	11.56218	1.03583	1	0.75334	0.55071	12.10977	1.05217	1	-0.00172	-0.00779	0.67406	0.00231	1	0.06763	-0.01303	0.69754	0.00421	1	1.45898	0.81042	0	
1273260	8586.91016	3306668701537	0.48849	0.18926	8586.74316	0.16699	11977	1	0.51081	0.14725	1	0.50118	0.24989	1	0.50599	0.19857	1	0.49208	0.52542	11.60719	1.05217	1	0.75335	0.55120	12.01282	1.06851	1	-0.00172	-0.00779	0.67406	0.00233	1	0.06763	-0.01303	0.69754	0.00404	1	1.45898	0.81042	0	
1273261	8586.91699	3306668767935	0.48916	0.18991	8586.74316	0.17383	11977	1	0.50259	0.11551	1	0.51065	0.29787	1	0.50662	0.20669	1	0.49193	0.52548	11.51510	1.06851	1	0.75344	0.55195	12.37507	1.08485	1	-0.00172	-0.00779	0.67406	0.00233	1	0.06763	-0.01303	0.69754	0.00381	1	1.45898	0.81042	0	
1273262	8586.92480	3306668838421	0.48976	0.19010	8586.74316	0.18164	11977	1	0.50063	0.09920	1	0.51117	0.29146	1	0.50590	0.19533	1	0.49217	0.52551	11.35247	1.08485	1	0.75335	0.55158	11.95135	1.09251	1	-0.00165	-0.00796	0.68908	0.00240	1	0.06633	-0.01282	0.68366	0.00385	1	1.45898	0.81042	0	
1273263	8586.93066	3306668904877	0.49043	0.19052	8586.74316	0.18750	11977	1	0.51309	0.11409	1	0.50539	0.29045	1	0.50924	0.20227	1	0.49226	0.52557	11.66967	1.09251	1	0.75348	0.55190	11.92287	1.08383	1	-0.00165	-0.00796	0.68908	0.00231	1	0.06633	-0.01282	0.68366	0.00375	1	1.45898	0.81042	0	
1273264	8586.93750	3306668970029	0.49051	0.19042	8586.74316	0.19434	11977	1	0.49518	0.13390	1	0.49067	0.24139	1	0.49293	0.18764	1	0.49235	0.52559	11.55994	1.08383	1	0.75317	0.55175	12.55457	1.07515	1	-0.00165	-0.00796	0.68908	0.00234	1	0.06633	-0.01282	0.68366	0.00375	1	1.45898	0.81042	0	
1273265	8586.94434	3306669038872	0.49060	0.19059	8586.74316	0.20117	11977	1	0.49626	0.14230	1	0.49023	0.24915	1	0.49325	0.19572	1	0.49254	0.52546	11.52469	1.07515	1	0.75319	0.55216	12.90902	1.06647	1	-0.00165	-0.00796	0.68908	0.00237	1	0.06633	-0.01282	0.68366	0.00380	1	1.45898	0.81042	0	
1273266	8586.95117	3306669105665	0.48999	0.19085	8586.74316	0.20801	11977	1	0.48109	0.12136	1	0.46130	0.27621	1	0.47120	0.19879	1	0.49239	0.52530	11.87939	1.06647	1	0.75307	0.55206	12.82842	1.06647	1	-0.00165	-0.00796	0.68908	0.00226	1	0.06633	-0.01282	0.68366	0.00386	1	1.45898	0.81042	0	
1273267	8586.95801	3306669172750	0.48972	0.19004	8586.74316	0.21484	11977	1	0.47968	0.11185	1	0.48223	0.21638	1	0.48096	0.16412	1	0.49246	0.52524	11.85458	1.06647	1	0.75341	0.55130	12.70017	1.06647	1	-0.00165	-0.00796	0.68908	0.00232	1	0.06633	-0.01282	0.68366	0.00410	1	1.45898	0.81042	0	
1273268	8586.96484	3306669239840	0.48946	0.18938	8586.74316	0.22168	11977	1	0.47968	0.11185	1	0.48190	0.22346	1	0.48079	0.16766	1	0.49262	0.52529	11.11359	1.06647	1	0.75334	0.55101	12.33017	1.05881	1	-0.00154	-0.00789	0.68279	0.00237	1	0.06375	-0.01231	0.65658	0.00424	1	1.45898	0.81042	0	
1273269	8586.97070	3306669306848	0.48895	0.19037	8586.74316	0.22754	11977	1	0.49633	0.11570	1	0.44689	0.33192	1	0.47161	0.22381	1	0.49266	0.52522	11.41800	1.05881	1	0.75327	0.55192	12.73823	1.05115	1	-0.00154	-0.00789	0.68279	0.00231	1	0.06375	-0.01231	0.65658	0.00384	1	1.45898	0.81042	0	
1273270	8586.97754	3306669373638	0.48849	0.19040	8586.74316	0.23438	11977	1	0.49534	0.12564	1	0.44968	0.25743	1	0.47251	0.19153	1	0.49270	0.52514	11.60816	1.05115	1	0.75330	0.55116	12.30297	1.04349	1	-0.00154	-0.00789	0.68279	0.00232	1	0.06375	-0.01231	0.65658	0.00423	1	1.45898	0.81042	0	
1273271	8586.98438	3306669441268	0.48807	0.19053	8586.74316	0.24121	11977	1	0.49632	0.13334	1	0.44968	0.25743	1	0.47300	0.19539	1	0.49279	0.52503	11.61558	1.04349	1	0.75350	0.55105	11.65609	1.04349	1	-0.00157	-0.00793	0.69600	0.00234	1	0.06719	-0.01296	0.69141	0.00413	1	1.45898	0.81042	0	
1273272	8586.99121	3306669507702	0.48825	0.19044	8586.74316	0.24805	11977	1	0.50554	0.13703	1	0.48391	0.23705	1	0.49472	0.18704	1	0.49288	0.52517	11.18915	1.04349	1	0.75384	0.55102	12.35638	1.05115	1	-0.00157	-0.00793	0.69600	0.00237	1	0.06719	-0.01296	0.69141	0.00404	1	1.45898	0.81042	0	
1273273	8586.99805	3306669575338	0.48850	0.19025	8586.74316	0.25488	11977	1	0.51702	0.13353	1	0.47960	0.23216	1	0.49831	0.18285	1	0.49292	0.52527	11.55750	1.05115	1	0.75373	0.55091	11.30127	1.05881	1	-0.00157	-0.00793	0.69600	0.00235	1	0.06719	-0.01296	0.69141	0.00411	1	1.45898	0.81042	0	
1273274	8587.00488	3306669641435	0.48873	0.18966	8586.74316	0.26172	11977	1	0.51517	0.11685	1	0.48029	0.21682	1	0.49773	0.16684	1	0.49311	0.52518	11.54138	1.06790	1	0.75422	0.55134	11.96066	1.07556	1	-0.00155	-0.00805	0.71070	0.00223	1	0.06606	-0.01273	0.67870	0.00400	1	1.45898	0.81042	0	
1273275	8587.01172	3306669708850	0.48929	0.18901	8586.74316	0.26855	11977	1	0.51546	0.09390	1	0.50716	0.23186	1	0.51131	0.16288	1	0.49308	0.52516	11.37273	1.08464	1	0.75420	0.55147	12.01333	1.08464	1	-0.00155	-0.00805	0.71070	0.00227	1	0.06606	-0.01273	0.67870	0.00395	1	1.45898	0.81042	0	
1273276	8587.01758	3306669775625	0.48966	0.18842	8586.74316	0.27441	11977	1	0.49487	0.10782	1	0.51504	0.22085	1	0.50496	0.16434	1	0.49306	0.52501	11.30379	1.09373	1	0.75430	0.55121	11.73705	1.09373	1	-0.00155	-0.00805	0.71070	0.00229	1	0.06606	-0.01273	0.67870	0.00410	1	1.45898	0.81042	0	
1273277	8587.02441	3306669842647	0.49001	0.18786	8586.74316	0.28125	11977	1	0.49487	0.10782	1	0.51504	0.22085	1	0.50496	0.16434	1	0.49318	0.52496	11.23640	1.09373	1	0.75411	0.55174	12.41369	1.09373	1	-0.00143	-0.00768	0.68276	0.00233	1	0.06606	-0.01273	0.67870	0.00387	1	1.45898	0.81042	0	
1273278	8587.03125	3306669909927	0.48999	0.18817	8586.74316	0.28809	11977	1	0.48040	0.11051	1	0.49726	0.29269	1	0.48883	0.20160	1	0.49317	0.52478	11.41314	1.08464	1	0.75407	0.55183	12.54153	1.08464	1	-0.00143	-0.00768	0.68276	0.00234	1	0.06606	-0.01273	0.67870	0.00394	1	1.45898	0.81042	0	
1273279	8587.03809	3306669977011	0.48993	0.18824	8586.74316	0.29492	11977	1	0.47611	0.13012	1	0.49865	0.25244	1	0.48738	0.19128	1	0.49310	0.52494	11.26280	1.07556	1	0.75408	0.55130	12.31959	1.07556	1	-0.00143	-0.00768	0.68276	0.00229	1	0.06606	-0.01273	0.67870	0.00412	1	1.45898	0.81042	0	
1273280	8587.04492	3306670043433	0.48988	0.18849	8586.74316	0.30176	11977	1	0.47738	0.13903	1	0.49813	0.26048	1	0.48775	0.19975	1	0.49326	0.52481	11.44288	1.06647	1	0.75410	0.55198	12.62178	1.06647	1	-0.00143	-0.00768	0.68276	0.00237	1	0.06605	-0.01267	0.67862	0.00384	1	1.45898	0.81042	0	
1273281	8587.05176	3306670110552	0.48962	0.18880	8586.74316	0.30859	11977	1	0.49007	0.13275	1	0.46546	0.27360	1	0.47777	0.20317	1	0.49326	0.52481	11.44288	1.06647	1	0.75397	0.55203	12.27633	1.06647	1	-0.00143	-0.00768	0.68276	0.00237	1	0.06605	-0.01267	0.67862	0.00382	1	1.45898	0.81042	0	
1273282	8587.05859	3306670178050	0.48957	0.18958	8586.74316	0.31543	11977	1	0.48309	0.12361	1	0.49139	0.32839	1	0.48724	0.22600	1	0.49323	0.52485	11.43533	1.06647	1	0.75407	0.55196	12.32023	1.06647	1	-0.00143	-0.00768	0.68276	0.00239	1	0.06605	-0.01267	0.67862	0.00382	1	1.45898	0.81042	0	
1273283	8587.06445	3306670243376	0.48945	0.19008	8586.74316	0.32129	11977	1	0.48309	0.12361	1	0.49139	0.32839	1	0.48724	0.22600	1	0.49324	0.52493	11.23558	1.06647	1	0.75400	0.55200	12.28891	1.06647	1	-0.00143	-0.00768	0.68276	0.00241	1	0.06606	-0.01273	0.67870	0.00379	1	1.45898	0.81042	0	
1273284	8587.07129	3306670309563	0.48945	0.19123	8586.74316	0.32812	11977	1	0.48688	0.12690	1	0.47807	0.32365	1	0.48248	0.22527	1	0.49330	0.52499	11.45285	1.06647	1	0.75384	0.55208	12.74377	1.06647	1	-0.00143	-0.00768	0.68276	0.00231	1	0.06606	-0.01273	0.67870	0.00378	1	1.45898	0.81042	0	
1273285	8587.07812	3306670379371	0.48951	0.19220	8586.74316	0.33496	11977	1	0.50095	0.12578	1	0.48052	0.30790	1	0.49073	0.21684	1	0.49321	0.52484	11.66573	1.06647	1	0.75380	0.55210	12.65621	1.06647	1	-0.00143	-0.00768	0.68276	0.00230	1	0.06606	-0.01273	0.67870	0.00379	1	1.45898	0.81042	0	
1273286	8587.08496	3306670441980	0.48958	0.19318	8586.74316	0.34180	11977	1	0.50095	0.12578	1	0.48052	0.30790	1	0.49073	0.21684	1	0.49313	0.52474	11.31709	1.06647	1	0.75393	0.55210	12.78715	1.06647	1	-0.00143	-0.00768	0.68276	0.00236	1	0.06605	-0.01267	0.67862	0.00376	1	1.45898	0.81042	0	
1273287	8587.09180	3306670512300	0.48968	0.19377	8586.74316	0.34863	11977	1	0.50638	0.11933	1	0.48170	0.31859	1	0.49404	0.21896	1	0.49314	0.52473	11.54445	1.06647	1	0.75389	0.55191	12.63186	1.06647	1	-0.00143	-0.00768	0.68276	0.00232	1	0.06605	-0.01267	0.67862	0.00386	1	1.45898	0.81042	0	
1273288	8587.09766	3306670576559	0.48979	0.19379	8586.74316	0.35449	11977	1	0.50327	0.12887	1	0.48878	0.32494	1	0.49602	0.22690	1	0.49307	0.52475	11.31570	1.06647	1	0.75402	0.55213	12.30867	1.06647	1	-0.00143	-0.00768	0.68276	0.00240	1	0.06605	-0.01267	0.67862	0.00378	1	1.45898	0.81042	0	
1273289	8587.10449	3306670644338	0.48989	0.19363	8586.74316	0.36133	11977	1	0.50327	0.12887	1	0.48878	0.32494	1	0.49602	0.22690	1	0.49297	0.52490	11.23757	1.06647	1	0.75402	0.55139	12.36407	1.06647	1	-0.00143	-0.00768	0.68276	0.00237	1	0.06605	-0.01267	0.67862	0.00398	1	1.45898	0.81042	0	
1273290	8587.11133	3306670708526	0.48987	0.19439	8586.74316	0.36816	11977	1	0.49398	0.12224	1	0.47106	0.32593	1	0.48252	0.22408	1	0.49297	0.52490	11.23757	1.06647	1	0.75374	0.55180	12.93839	1.06647	1	-0.00143	-0.00768	0.68276	0.00237	1	0.06605	-0.01267	0.67862	0.00377	1	1.45898	0.81042	0	
1273291	8587.11816	3306670777918	0.49006	0.19486	8586.74316	0.37500	11977	1	0.51575	0.11122	1	0.46936	0.28697	1	0.49256	0.19909	1	0.49298	0.52482	10.96705	1.06647	1	0.75360	0.55159	12.78130	1.06647	1	-0.00143	-0.00768	0.68276	0.00240	1	0.06605	-0.01267	0.67862	0.00386	1	1.45898	0.81042	0	
1273292	8587.12500	3306670844307	0.49028	0.19558	8586.74316	0.38184	11977	1	0.51575	0.11122	1	0.46964	0.27953	1	0.49269	0.19537	1	0.49280	0.52480	10.93562	1.06647	1	0.75387	0.55164	12.68304	1.07515	1	-0.00154	-0.00768	0.68279	0.00240	1	0.06832	-0.01312	0.70250	0.00380	1	1.45898	0.81042	0	
1273293	8587.13184	3306670912155	0.49036	0.19565	8586.74316	0.38867	11977	1	0.51006	0.10035	1	0.48338	0.24114	1	0.49672	0.17075	1	0.49294	0.52478	11.87133	1.07515	1	0.75378	0.55154	12.71181	1.08383	1	-0.00154	-0.00768	0.68279	0.00230	1	0.06832	-0.01312	0.70250	0.00380	1	1.45898	0.81042	0	
1273294	8587.13867	3306670977145	0.49047	0.19646	8586.74316	0.39551	11977	1	0.50962	0.13369	1	0.47638	0.27159	1	0.49300	0.20264	1	0.49294	0.52496	11.35419	1.08383	1	0.75374	0.55177	12.92410	1.09251	1	-0.00154	-0.00768	0.68279	0.00233	1	0.06832	-0.01312	0.70250	0.00367	1	1.45898	0.81042	0	
1273295	8587.14551	3306671047776	0.49058	0.19720	8586.74316	0.40234	11977	1	0.50864	0.12530	1	0.47670	0.26420	1	0.49267	0.19475	1	0.49276	0.52471	11.64380	1.09251	1	0.75353	0.55143	13.08424	1.10119	1	-0.00154	-0.00768	0.68279	0.00228	1	0.06832	-0.01307	0.70250	0.00381	1	1.45898	0.81042	0	
1273296	8587.15137	3306671110475	0.49000	0.19735	8586.74316	0.40820	11977	1	0.49441	0.08589	1	0.45601	0.26481	1	0.47521	0.17535	1	0.49267	0.52473	11.62836	1.10119	1	0.75342	0.55139	11.81521	1.10119	1	-0.00154	-0.00768	0.68279	0.00232	1	0.06832	-0.01307	0.70250	0.00381	1	1.45898	0.81042	0	
1273297	8587.15820	3306671178081	0.48938	0.19758	8586.74316	0.41504	11977	1	0.49235	0.06857	1	0.47183	0.28510	1	0.48209	0.17683	1	0.49262	0.52466	11.34988	1.10119	1	0.75363	0.55139	13.15398	1.10119	1	-0.00154	-0.00768	0.68279	0.00233	1	0.06832	-0.01307	0.70250	0.00379	1	1.45898	0.81042	0	
1273298	8587.16504	3306671246986	0.48874	0.19778	8586.74316	0.42188	11977	1	0.49235	0.06857	1	0.47129	0.29870	1	0.48182	0.18363	1	0.49258	0.52466	11.27866	1.10119	1	0.75334	0.55127	11.96920	1.08485	1	-0.00165	-0.00775	0.68908	0.00228	1	0.06375	-0.01221	0.65658	0.00401	1	1.45898	0.81042	0	
1273299	8587.17188	3306671314237	0.48830	0.19832	8586.74316	0.42871	11977	1	0.48272	0.09751	1	0.44784	0.32864	1	0.46528	0.21308	1	0.49242	0.52484	11.49921	1.08485	1	0.75331	0.55153	12.01854	1.06851	1	-0.00165	-0.00775	0.68908	0.00243	1	0.06375	-0.01221	0.65658	0.00395	1	1.45898	0.81042	0	
1273300	8587.17871	3306671383183	0.48809	0.19926	8586.74316	0.43555	11977	1	0.50353	0.10578	1	0.45501	0.33980	1	0.47927	0.22279	1	0.49240	0.52472	11.81308	1.06851	1	0.75344	0.55151	12.07365	1.05217	1	-0.00165	-0.00775	0.68908	0.00228	1	0.06375	-0.01221	0.65658	0.00385	1	1.45898	0.81042	0	
1273301	8587.18555	3306671449464	0.48790	0.20025	8586.74316	0.44238	11977	1	0.50549	0.12223	1	0.45470	0.35315	1	0.48009	0.23769	1	0.49235	0.52466	11.18056	1.05217	1	0.75288	0.55161	12.38821	1.03583	1	-0.00165	-0.00775	0.68908	0.00233	1	0.06441	-0.01229	0.66331	0.00404	1	1.45898	0.81042	0	
1273302	8587.19238	3306671517047	0.48801	0.20153	8586.74316	0.44922	11977	1	0.50604	0.13566	1	0.45552	0.38430	1	0.48078	0.25998	1	0.49246	0.52466	11.41133	1.03583	1	0.75311	0.55178	12.18033	1.03583	1	-0.00165	-0.00775	0.68908	0.00232	1	0.06441	-0.01229	0.66331	0.00397	1	1.45898	0.81042	0	
1273303	8587.19922	3306671583848	0.48782	0.20306	8586.74316	0.45605	11977	1	0.50292	0.15036	1	0.45550	0.34830	1	0.47921	0.24933	1	0.49242	0.52465	11.43829	1.03583	1	0.75310	0.55146	12.50627	1.03583	1	-0.00165	-0.00775	0.68908	0.00229	1	0.06441	-0.01229	0.66331	0.00391	1	1.45898	0.81042	0	
1273304	8587.20508	3306671650156	0.48763	0.20425	8586.74316	0.46191	11977	1	0.50180	0.14131	1	0.45568	0.34083	1	0.47874	0.24107	1	0.49233	0.52471	11.39341	1.04492	1	0.75314	0.55132	12.37508	1.04492	1	-0.00176	-0.00801	0.71244	0.00235	1	0.06441	-0.01229	0.66331	0.00392	1	1.45898	0.81042	0	
1273305	8587.21191	3306671718310	0.48850	0.20369	8586.74316	0.46875	11977	1	0.52232	0.12602	1	0.50104	0.31718	1	0.51168	0.22160	1	0.49231	0.52475	11.51784	1.05400	1	0.75335	0.55127	12.44548	1.05400	1	-0.00176	-0.00801	0.71244	0.00234	1	0.06441	-0.01229	0.66331	0.00371	1	1.45898	0.81042	0	
1273306	8587.21875	3306671784826	0.48932	0.20324	8586.74316	0.47559	11977	1	0.51793	0.13413	1	0.50227	0.30333	1	0.51010	0.21873	1	0.49224	0.52487	11.31199	1.06309	1	0.75336	0.55122	12.57399	1.06309	1	-0.00176	-0.00801	0.71244	0.00232	1	0.06441	-0.01229	0.66331	0.00375	1	1.45898	0.81042	0	
1273307	8587.22559	3306671853135	0.49015	0.20287	8586.74316	0.48242	11977	1	0.51793	0.13413	1	0.50274	0.29684	1	0.51034	0.21549	1	0.49218	0.52492	11.35421	1.06309	1	0.75322	0.55128	12.85583	1.07075	1	-0.00174	-0.00766	0.68095	0.00234	1	0.06633	-0.01272	0.68366	0.00365	1	1.45898	0.81042	0	
1273308	8587.23242	3306671919350	0.49001	0.20314	8586.74316	0.48926	11977	1	0.50307	0.09355	1	0.49635	0.33005	1	0.49971	0.21180	1	0.49210	0.52488	11.19995	1.06166	1	0.75333	0.55152	12.39511	1.06932	1	-0.00174	-0.00766	0.68095	0.00229	1	0.06633	-0.01272	0.68366	0.00385	1	1.45898	0.81042	0	
1273309	8587.23926	3306671985960	0.48984	0.20341	8586.74316	0.49609	11977	1	0.50326	0.12955	1	0.49322	0.30939	1	0.49824	0.21947	1	0.49201	0.52477	11.36844	1.06024	1	0.75335	0.55138	12.36228	1.06790	1	-0.00174	-0.00766	0.68095	0.00232	1	0.06633	-0.01272	0.68366	0.00382	1	1.45898	0.81042	0	
1273310	8587.24609	3306672052384	0.48969	0.20386	8586.74316	0.50293	11977	1	0.50343	0.13097	1	0.49361	0.30332	1	0.49852	0.21714	1	0.49193	0.52484	11.33446	1.05881	1	0.75290	0.55127	12.94990	1.07515	1	-0.00174	-0.00766	0.68095	0.00228	1	0.06763	-0.01292	0.69754	0.00383	1	1.45898	0.81042	0	
1273311	8587.25293	3306672120066	0.48903	0.20387	8586.74316	0.50977	11977	1	0.49416	0.08689	1	0.46119	0.31853	1	0.47768	0.20271	1	0.49193	0.52501	11.49193	1.07515	1	0.75277	0.55140	12.61744	1.08383	1	-0.00174	-0.00766	0.68095	0.00237	1	0.06763	-0.01292	0.69754	0.00383	1	1.45898	0.81042	0	
1273312	8587.25879	3306672183048	0.48866	0.20361	8586.74316	0.51562	11977	1	0.48806	0.07921	1	0.46239	0.27065	1	0.47522	0.17493	1	0.49192	0.52486	11.17432	1.08383	1	0.75270	0.55116	12.59375	1.09251	1	-0.00174	-0.00766	0.68095	0.00237	1	0.06763	-0.01292	0.69754	0.00376	1	1.45898	0.81042	0	
1273313	8587.26562	3306672251154	0.48827	0.20315	8586.74316	0.52246	11977	1	0.48694	0.07037	1	0.46220	0.27717	1	0.47457	0.17377	1	0.49182	0.52487	11.05864	1.09251	1	0.75252	0.55148	11.98723	1.08485	1	-0.00183	-0.00762	0.67691	0.00236	1	0.06415	-0.01228	0.66266	0.00386	1	1.45898	0.81042	0	
1273314	8587.27246	3306672319253	0.48821	0.20275	8586.74316	0.52930	11977	1	0.47250	0.05741	1	0.46382	0.30180	1	0.46816	0.17961	1	0.49165	0.52491	11.04503	1.08485	1	0.75273	0.55131	12.01970	1.06851	1	-0.00183	-0.00762	0.67691	0.00235	1	0.06415	-0.01228	0.66266	0.00396	1	1.45898	0.81042	0	
1273315	8587.27930	3306672384462	0.48826	0.20311	8586.74316	0.53613	11977	1	0.50067	0.06046	1	0.46601	0.30236	1	0.48334	0.18141	1	0.49163	0.52474	11.63094	1.06851	1	0.75240	0.55107	12.22552	1.05217	1	-0.00183	-0.00762	0.67691	0.00236	1	0.06415	-0.01228	0.66266	0.00369	1	1.45898	0.81042	0	
1273316	8587.28613	3306672452425	0.48833	0.20365	8586.74316	0.54297	11977	1	0.50266	0.07761	1	0.46576	0.30977	1	0.48421	0.19369	1	0.49148	0.52503	11.14884	1.05217	1	0.75234	0.55125	12.35234	1.04349	1	-0.00183	-0.00762	0.67691	0.00234	1	0.06621	-0.01268	0.68452	0.00395	1	1.45898	0.81042	0	
1273317	8587.29297	3306672520402	0.48884	0.20359	8586.74316	0.54980	11977	1	0.51289	0.11596	1	0.47990	0.32528	1	0.49639	0.22062	1	0.49137	0.52513	11.09162	1.04349	1	0.75227	0.55116	12.39105	1.05115	1	-0.00183	-0.00762	0.67691	0.00243	1	0.06621	-0.01268	0.68452	0.00375	1	1.45898	0.81042	0	
1273318	8587.29883	3306672586575	0.48935	0.20380	8586.74316	0.55566	11977	1	0.51498	0.10530	1	0.47886	0.29835	1	0.49692	0.20183	1	0.49145	0.52498	10.87242	1.05115	1	0.75227	0.55111	12.37005	1.05881	1	-0.00183	-0.00762	0.67691	0.00240	1	0.06621	-0.01268	0.68452	0.00372	1	1.45898	0.81042	0	
1273319	8587.30566	3306672653498	0.48984	0.20361	8586.74316	0.56250	11977	1	0.51310	0.08816	1	0.47954	0.28406	1	0.49632	0.18611	1	0.49133	0.52509	11.30245	1.06790	1	0.75246	0.55081	12.28808	1.07556	1	-0.00193	-0.00788	0.69588	0.00233	1	0.06621	-0.01268	0.68452	0.00376	1	1.45898	0.81042	0	
1273320	8587.31250	3306672720819	0.48975	0.20323	8586.74316	0.56934	11977	1	0.50405	0.09816	1	0.47680	0.23996	1	0.49043	0.16906	1	0.49127	0.52523	11.07976	1.08464	1	0.75225	0.55103	12.92049	1.08464	1	-0.00193	-0.00788	0.69588	0.00235	1	0.06621	-0.01268	0.68452	0.00369	1	1.45898	0.81042	0	
1273321	8587.31934	3306672788003	0.48972	0.20320	8586.74316	0.57617	11977	1	0.50165	0.08083	1	0.49226	0.28160	1	0.49695	0.18122	1	0.49130	0.52520	11.07394	1.09373	1	0.75240	0.55134	13.19878	1.09373	1	-0.00193	-0.00788	0.69588	0.00238	1	0.06621	-0.01268	0.68452	0.00367	1	1.45898	0.81042	0	
1273322	8587.32617	3306672856856	0.48971	0.20342	8586.74316	0.58301	11977	1	0.50165	0.08083	1	0.49270	0.27428	1	0.49717	0.17756	1	0.49114	0.52528	10.88456	1.09373	1	0.75243	0.55116	12.36084	1.10241	1	-0.00194	-0.00765	0.67972	0.00232	1	0.06788	-0.01296	0.70226	0.00372	1	1.45898	0.81042	0	
1273323	8587.33301	3306672923471	0.48934	0.20355	8586.74316	0.58984	11977	1	0.49623	0.07407	1	0.49130	0.26430	1	0.49376	0.16918	1	0.49113	0.52510	11.34225	1.09332	1	0.75240	0.55125	12.04557	1.10200	1	-0.00194	-0.00765	0.67972	0.00232	1	0.06788	-0.01296	0.70226	0.00390	1	1.45898	0.81042	0	
1273324	8587.33984	3306672990768	0.48905	0.20324	8586.74316	0.59668	11977	1	0.49405	0.07563	1	0.48792	0.22268	1	0.49098	0.14915	1	0.49117	0.52513	11.15587	1.09292	1	0.75229	0.55085	11.44193	1.10160	1	-0.00194	-0.00765	0.67972	0.00231	1	0.06788	-0.01296	0.70226	0.00372	1	1.45898	0.81042	0	
1273325	8587.34668	3306673057822	0.48876	0.20301	8586.74316	0.60352	11977	1	0.49410	0.07604	1	0.48749	0.23076	1	0.49079	0.15340	1	0.49116	0.52500	11.26873	1.09251	1	0.75239	0.55086	11.56819	1.09251	1	-0.00194	-0.00765	0.67972	0.00235	1	0.06621	-0.01268	0.68452	0.00370	1	1.45898	0.81042	0	
1273326	8587.35254	3306673124859	0.48857	0.20217	8586.74316	0.60938	11977	1	0.49512	0.06813	1	0.46479	0.25471	1	0.47995	0.16142	1	0.49118	0.52501	11.40807	1.09251	1	0.75205	0.55096	11.84316	1.08383	1	-0.00194	-0.00765	0.67972	0.00232	1	0.06621	-0.01268	0.68452	0.00377	1	1.45898	0.81042	0	
1273327	8587.35938	3306673191551	0.48849	0.20176	8586.74316	0.61621	11977	1	0.51076	0.06864	1	0.45580	0.27404	1	0.48328	0.17134	1	0.49128	0.52500	11.84625	1.08383	1	0.75181	0.55109	12.69884	1.07515	1	-0.00194	-0.00765	0.67972	0.00229	1	0.06621	-0.01268	0.68452	0.00365	1	1.45898	0.81042	0	
1273328	8587.36621	3306673258832	0.49139	0.17639	8586.74316	0.61621	11977	0	0.51173	0.07755	1	0.45580	0.27404	1	0.48377	0.17579	1	0.49107	0.52488	11.07847	1.07515	1	0.75246	0.55127	12.49661	1.07515	1	-0.00194	-0.00765	0.67972	0.00239	1	0.06745	-0.01293	0.69781	0.00365	1	1.45898	0.81042	0	
1273329	8587.37305	3306673325689	0.49043	0.17136	8586.74316	0.61621	11977	0	0.48983	0.09085	1	0.48910	0.24183	1	0.48947	0.16634	1	0.49120	0.52499	11.44508	1.07515	1	0.75236	0.55104	12.49012	1.08383	1	-0.00194	-0.00765	0.67972	0.00237	1	0.06745	-0.01293	0.69781	0.00381	1	1.45898	0.81042	0	
1273330	8587.37988	3306673392475	0.49280	0.17077	8586.74316	0.61621	11977	0	0.49632	0.09179	1	0.49876	0.24739	1	0.49754	0.16959	1	0.49114	0.52498	11.47406	1.08383	1	0.75250	0.55099	12.53261	1.09251	1	-0.00194	-0.00765	0.67972	0.00233	1	0.06745	-0.01293	0.69781	0.00380	1	1.45898	0.81042	0	
1273331	8587.38672	3306673459403	0.49385	0.16938	8587.36621	0.02051	11978	1	0.49525	0.08305	1	0.49876	0.24739	1	0.49701	0.16522	1	0.49120	0.52502	11.41314	1.09251	1	0.75246	0.55131	12.99835	1.09251	1	-0.00194	-0.00765	0.67972	0.00233	1	0.06528	-0.01245	0.67486	0.00367	1	1.45898	0.81042	0	
1273332	8587.39355	3306673527526	0.49340	0.16836	8587.36621	0.02734	11978	1	0.50302	0.06496	1	0.48019	0.26356	1	0.49160	0.16426	1	0.49127	0.52487	11.26280	1.09251	1	0.75223	0.55091	12.90618	1.08383	1	-0.00194	-0.00765	0.67972	0.00229	1	0.06528	-0.01245	0.67486	0.00369	1	1.45898	0.81042	0	
1273333	8587.39941	3306673593657	0.49406	0.17252	8587.36621	0.03320	11978	1	0.49963	0.06942	1	0.49505	0.31724	1	0.49734	0.19333	1	0.49130	0.52489	11.30821	1.08383	1	0.75256	0.55097	12.34490	1.07515	1	-0.00194	-0.00765	0.67972	0.00229	1	0.06528	-0.01245	0.67486	0.00372	1	1.45898	0.81042	0	
1273334	8587.40625	3306673662049	0.49453	0.17544	8587.36621	0.04004	11978	1	0.49958	0.06900	1	0.49508	0.31691	1	0.49733	0.19296	1	0.49152	0.52497	10.99762	1.08424	1	0.75255	0.55116	12.39053	1.07556	1	-0.00193	-0.00788	0.69588	0.00234	1	0.06621	-0.01268	0.68452	0.00376	1	1.45898	0.81042	0	
1273335	8587.41309	3306673727957	0.49603	0.17506	8587.36621	0.04688	11978	1	0.51441	0.05781	1	0.49867	0.28696	1	0.50654	0.17238	1	0.49141	0.52490	11.23757	1.08464	1	0.75255	0.55116	12.39053	1.08464	1	-0.00193	-0.00788	0.69588	0.00237	1	0.06621	-0.01268	0.68452	0.00376	1	1.45898	0.81042	0	
1273336	8587.41992	3306673795063	0.49616	0.17469	8587.36621	0.05371	11978	1	0.50132	0.07024	1	0.49312	0.27323	1	0.49722	0.17174	1	0.49133	0.52502	11.42472	1.09373	1	0.75241	0.55126	12.85716	1.09373	1	-0.00193	-0.00788	0.69588	0.00239	1	0.06621	-0.01268	0.68452	0.00370	1	1.45898	0.81042	0	
1273337	8587.42676	3306673861426	0.49627	0.17439	8587.36621	0.06055	11978	1	0.50132	0.07024	1	0.49312	0.27323	1	0.49722	0.17174	1	0.49131	0.52509	11.44900	1.09373	1	0.75241	0.55143	13.21502	1.09373	1	-0.00183	-0.00762	0.67691	0.00234	1	0.06621	-0.01268	0.68452	0.00367	1	1.45898	0.81042	0	
1273338	8587.43359	3306673928620	0.49761	0.17678	8587.36621	0.06738	11978	1	0.51850	0.10379	1	0.50369	0.29743	1	0.51109	0.20061	1	0.49137	0.52524	11.51875	1.08464	1	0.75258	0.55135	12.65095	1.08464	1	-0.00183	-0.00762	0.67691	0.00237	1	0.06621	-0.01268	0.68452	0.00372	1	1.45898	0.81042	0	
1273339	8587.43945	3306673994550	0.49631	0.17790	8587.36621	0.07324	11978	1	0.47862	0.10336	1	0.48532	0.27717	1	0.48197	0.19027	1	0.49128	0.52512	11.95457	1.07556	1	0.75239	0.55102	12.88152	1.07556	1	-0.00183	-0.00762	0.67691	0.00233	1	0.06621	-0.01268	0.68452	0.00384	1	1.45898	0.81042	0	
1273340	8587.44629	3306674062560	0.49524	0.17950	8587.36621	0.08008	11978	1	0.47987	0.11249	1	0.48490	0.28498	1	0.48239	0.19874	1	0.49158	0.52515	11.38058	1.06647	1	0.75233	0.55149	12.34788	1.06647	1	-0.00189	-0.00792	0.69891	0.00234	1	0.06528	-0.01255	0.67486	0.00387	1	1.45898	0.81042	0	
1273341	8587.45312	3306674129908	0.49408	0.18000	8587.36621	0.08691	11978	1	0.49668	0.11807	1	0.46133	0.25475	1	0.47901	0.18641	1	0.49151	0.52530	11.39976	1.06647	1	0.75233	0.55146	12.33533	1.06647	1	-0.00189	-0.00792	0.69891	0.00246	1	0.06528	-0.01255	0.67486	0.00399	1	1.45898	0.81042	0	
1273342	8587.45996	3306674197234	0.49164	0.18388	8587.36621	0.09375	11978	1	0.48234	0.11029	1	0.43250	0.36617	1	0.45742	0.23823	1	0.49171	0.52518	11.33941	1.06647	1	0.75234	0.55183	12.21094	1.06647	1	-0.00189	-0.00792	0.69891	0.00238	1	0.06528	-0.01255	0.67486	0.00396	1	1.45898	0.81042	0	
1273343	8587.46680	3306674263458	0.48950	0.18746	8587.36621	0.10059	11978	1	0.48234	0.11029	1	0.43252	0.37214	1	0.45743	0.24122	1	0.49179	0.52504	11.40285	1.06647	1	0.75234	0.55178	12.08239	1.05881	1	-0.00183	-0.00762	0.67691	0.00238	1	0.06415	-0.01228	0.66266	0.00398	1	1.45898	0.81042	0	
1273344	8587.47363	3306674327181	0.48793	0.19131	8587.36621	0.10742	11978	1	0.48325	0.13754	1	0.44230	0.36831	1	0.46277	0.25292	1	0.49168	0.52522	11.46732	1.05881	1	0.75248	0.55178	12.23088	1.05115	1	-0.00183	-0.00762	0.67691	0.00235	1	0.06415	-0.01228	0.66266	0.00394	1	1.45898	0.81042	0	
1273345	8587.48047	3306674396998	0.48666	0.19268	8587.36621	0.11426	11978	1	0.48322	0.11558	1	0.44714	0.31616	1	0.46518	0.21587	1	0.49175	0.52516	11.41137	1.05115	1	0.75246	0.55182	12.46554	1.04349	1	-0.00183	-0.00762	0.67691	0.00233	1	0.06415	-0.01228	0.66266	0.00391	1	1.45898	0.81042	0	
1273346	8587.48730	3306674463319	0.48556	0.19410	8587.36621	0.12109	11978	1	0.48427	0.12336	1	0.44714	0.31616	1	0.46570	0.21976	1	0.49182	0.52516	11.33815	1.04349	1	0.75240	0.55184	12.38518	1.04349	1	-0.00189	-0.00802	0.69891	0.00241	1	0.06605	-0.01273	0.68183	0.00387	1	1.45898	0.81042	0	
1273347	8587.49316	3306674527855	0.48483	0.19540	8587.36621	0.12695	11978	1	0.49569	0.12906	1	0.44639	0.31103	1	0.47104	0.22005	1	0.49178	0.52521	11.36506	1.04349	1	0.75246	0.55191	12.45601	1.05115	1	-0.00189	-0.00802	0.69891	0.00248	1	0.06605	-0.01273	0.68183	0.00379	1	1.45898	0.81042	0	
1273348	8587.50000	3306674595601	0.48420	0.19598	8587.36621	0.13379	11978	1	0.50050	0.13128	1	0.44273	0.28392	1	0.47162	0.20760	1	0.49184	0.52518	11.36890	1.05115	1	0.75248	0.55180	12.40044	1.05881	1	-0.00189	-0.00802	0.69891	0.00242	1	0.06605	-0.01273	0.68183	0.00376	1	1.45898	0.81042	0	
1273349	8587.50684	3306674666205	0.48361	0.19619	8587.36621	0.14062	11978	1	0.49955	0.12362	1	0.44279	0.27731	1	0.47117	0.20046	1	0.49210	0.52516	11.74626	1.05881	1	0.75282	0.55167	12.83330	1.06647	1	-0.00178	-0.00800	0.69759	0.00230	1	0.06556	-0.01262	0.67567	0.00376	1	1.45898	0.81042	0	
1273350	8587.51367	3306674732349	0.48409	0.19607	8587.36621	0.14746	11978	1	0.51156	0.10110	1	0.47775	0.28583	1	0.49466	0.19346	1	0.49213	0.52509	11.74893	1.06647	1	0.75302	0.55162	12.55080	1.06647	1	-0.00178	-0.00800	0.69759	0.00235	1	0.06556	-0.01262	0.67567	0.00378	1	1.45898	0.81042	0	
1273351	8587.52051	3306674799298	0.48468	0.19583	8587.36621	0.15430	11978	1	0.51628	0.10581	1	0.47995	0.27476	1	0.49812	0.19029	1	0.49209	0.52512	11.79882	1.06647	1	0.75300	0.55159	12.77887	1.06647	1	-0.00178	-0.00800	0.69759	0.00231	1	0.06556	-0.01262	0.67567	0.00378	1	1.45898	0.81042	0	
1273352	8587.52734	3306674865952	0.48521	0.19574	8587.36621	0.16113	11978	1	0.51628	0.10581	1	0.47963	0.28142	1	0.49796	0.19362	1	0.49232	0.52528	11.54803	1.06647	1	0.75345	0.55162	12.26744	1.05881	1	-0.00165	-0.00780	0.68908	0.00244	1	0.06441	-0.01239	0.66331	0.00392	1	1.45898	0.81042	0	
1273353	8587.53418	3306674933315	0.48590	0.19684	8587.36621	0.16797	11978	1	0.51835	0.13380	1	0.48821	0.31509	1	0.50328	0.22444	1	0.49216	0.52523	11.82864	1.05881	1	0.75316	0.55182	12.70135	1.05115	1	-0.00165	-0.00780	0.68908	0.00236	1	0.06441	-0.01239	0.66331	0.00384	1	1.45898	0.81042	0	
1273354	8587.54004	3306674996082	0.48583	0.19813	8587.36621	0.17383	11978	1	0.48713	0.13022	1	0.48061	0.33323	1	0.48387	0.23173	1	0.49232	0.52528	11.54803	1.05115	1	0.75339	0.55190	12.17142	1.04349	1	-0.00165	-0.00780	0.68908	0.00244	1	0.06441	-0.01239	0.66331	0.00384	1	1.45898	0.81042	0	
1273355	8587.54688	3306675067531	0.48575	0.19929	8587.36621	0.18066	11978	1	0.48694	0.12879	1	0.48067	0.33204	1	0.48380	0.23042	1	0.49251	0.52509	11.48090	1.05258	1	0.75325	0.55187	12.24783	1.04492	1	-0.00163	-0.00793	0.70013	0.00240	1	0.06441	-0.01239	0.66331	0.00392	1	1.45898	0.81042	0	
1273356	8587.55371	3306675132895	0.48529	0.19851	8587.36621	0.18750	11978	1	0.48894	0.11401	1	0.45545	0.23949	1	0.47219	0.17675	1	0.49256	0.52507	11.49957	1.05400	1	0.75339	0.55088	12.04297	1.05400	1	-0.00163	-0.00793	0.70013	0.00236	1	0.06441	-0.01239	0.66331	0.00431	1	1.45898	0.81042	0	
1273357	8587.56055	3306675200804	0.48454	0.19929	8587.36621	0.19434	11978	1	0.48926	0.10949	1	0.43672	0.33443	1	0.46299	0.22196	1	0.49252	0.52507	11.52045	1.06309	1	0.75306	0.55213	12.68135	1.06309	1	-0.00163	-0.00793	0.70013	0.00234	1	0.06441	-0.01239	0.66331	0.00396	1	1.45898	0.81042	0	
1273358	8587.56738	3306675268428	0.48385	0.19992	8587.36621	0.20117	11978	1	0.48926	0.10949	1	0.43673	0.32820	1	0.46300	0.21885	1	0.49263	0.52498	11.33778	1.06309	1	0.75341	0.55169	12.82400	1.07075	1	-0.00154	-0.00768	0.68279	0.00240	1	0.06719	-0.01291	0.69141	0.00394	1	1.45898	0.81042	0	
1273359	8587.57422	3306675335824	0.48364	0.19991	8587.36621	0.20801	11978	1	0.49785	0.09996	1	0.45645	0.29922	1	0.47715	0.19959	1	0.49268	0.52500	11.39368	1.06166	1	0.75346	0.55175	12.88736	1.06932	1	-0.00154	-0.00768	0.68279	0.00237	1	0.06719	-0.01291	0.69141	0.00376	1	1.45898	0.81042	0	
1273360	8587.58105	3306675402771	0.48358	0.19988	8587.36621	0.21484	11978	1	0.49219	0.12945	1	0.47095	0.26815	1	0.48157	0.19880	1	0.49263	0.52497	12.06246	1.06024	1	0.75358	0.55147	13.01580	1.06790	1	-0.00154	-0.00768	0.68279	0.00233	1	0.06719	-0.01291	0.69141	0.00380	1	1.45898	0.81042	0	
1273361	8587.58789	3306675469943	0.48351	0.19964	8587.36621	0.22168	11978	1	0.49120	0.12184	1	0.47121	0.26146	1	0.48120	0.19165	1	0.49288	0.52485	11.42545	1.06790	1	0.75375	0.55188	12.84126	1.07556	1	-0.00153	-0.00791	0.70282	0.00236	1	0.06605	-0.01267	0.67862	0.00379	1	1.45898	0.81042	0	
1273362	8587.59375	3306675536945	0.48377	0.19972	8587.36621	0.22754	11978	1	0.52136	0.09430	1	0.46403	0.31092	1	0.49270	0.20261	1	0.49305	0.52478	11.42472	1.08464	1	0.75357	0.55199	13.24543	1.08464	1	-0.00153	-0.00791	0.70282	0.00240	1	0.06605	-0.01267	0.67862	0.00375	1	1.45898	0.81042	0	
1273363	8587.60059	3306675603066	0.48367	0.19922	8587.36621	0.23438	11978	1	0.48557	0.09375	1	0.47453	0.26937	1	0.48005	0.18156	1	0.49294	0.52485	11.44295	1.09373	1	0.75375	0.55163	12.85198	1.09373	1	-0.00153	-0.00791	0.70282	0.00235	1	0.06605	-0.01267	0.67862	0.00384	1	1.45898	0.81042	0	
1273364	8587.60742	3306675669335	0.48357	0.19874	8587.36621	0.24121	11978	1	0.48557	0.09375	1	0.47453	0.26937	1	0.48005	0.18156	1	0.49309	0.52476	11.51502	1.09373	1	0.75375	0.55187	13.04137	1.09373	1	-0.00143	-0.00768	0.68276	0.00234	1	0.06605	-0.01267	0.67862	0.00381	1	1.45898	0.81042	0	
1273365	8587.61426	3306675737162	0.48399	0.19669	8587.36621	0.24805	11978	1	0.49224	0.09722	1	0.50668	0.14437	1	0.49946	0.12080	1	0.49304	0.52480	11.42204	1.08464	1	0.75416	0.55016	12.02615	1.08464	1	-0.00143	-0.00768	0.68276	0.00238	1	0.06605	-0.01267	0.67862	0.00449	1	1.45898	0.81042	0	
1273366	8587.62109	3306675804043	0.48411	0.19635	8587.36621	0.25488	11978	1	0.50035	0.10517	1	0.47732	0.26220	1	0.48884	0.18369	1	0.49309	0.52476	11.51502	1.07556	1	0.75410	0.55148	12.45102	1.07556	1	-0.00143	-0.00768	0.68276	0.00234	1	0.06605	-0.01267	0.67862	0.00391	1	1.45898	0.81042	0	
1273367	8587.62793	3306675870573	0.48424	0.19625	8587.36621	0.26172	11978	1	0.50145	0.11427	1	0.47697	0.27014	1	0.48921	0.19220	1	0.49336	0.52460	11.51769	1.06647	1	0.75390	0.55199	12.59033	1.06647	1	-0.00143	-0.00768	0.68276	0.00246	1	0.06605	-0.01267	0.67862	0.00393	1	1.45898	0.81042	0	
1273368	8587.63477	3306675938313	0.48403	0.19679	8587.36621	0.26855	11978	1	0.48782	0.10673	1	0.46349	0.32970	1	0.47566	0.21822	1	0.49343	0.52454	11.48714	1.06647	1	0.75401	0.55205	12.38559	1.06647	1	-0.00143	-0.00768	0.68276	0.00242	1	0.06605	-0.01267	0.67862	0.00390	1	1.45898	0.81042	0	
1273369	8587.64062	3306676004827	0.48386	0.19697	8587.36621	0.27441	11978	1	0.48347	0.09964	1	0.47013	0.30900	1	0.47680	0.20432	1	0.49332	0.52466	11.50309	1.06647	1	0.75407	0.55175	12.18184	1.06647	1	-0.00143	-0.00768	0.68276	0.00246	1	0.06605	-0.01267	0.67862	0.00392	1	1.45898	0.81042	0	
1273370	8587.64746	3306676071954	0.48369	0.19714	8587.36621	0.28125	11978	1	0.48347	0.09964	1	0.47013	0.30900	1	0.47680	0.20432	1	0.49336	0.52458	11.43874	1.06647	1	0.75387	0.55171	12.53370	1.06647	1	-0.00143	-0.00768	0.68276	0.00238	1	0.06605	-0.01267	0.67862	0.00394	1	1.45898	0.81042	0	
1273371	8587.65430	3306676139889	0.48364	0.19768	8587.36621	0.28809	11978	1	0.49128	0.10106	1	0.47168	0.34066	1	0.48148	0.22086	1	0.49339	0.52462	11.41285	1.06647	1	0.75411	0.55190	12.56920	1.06647	1	-0.00143	-0.00768	0.68276	0.00240	1	0.06605	-0.01267	0.67862	0.00389	1	1.45898	0.81042	0	
1273372	8587.66113	3306676206363	0.48339	0.19780	8587.36621	0.29492	11978	1	0.48882	0.09824	1	0.45546	0.30827	1	0.47214	0.20326	1	0.49340	0.52459	11.39349	1.06647	1	0.75414	0.55203	12.69092	1.06647	1	-0.00143	-0.00768	0.68276	0.00244	1	0.06605	-0.01267	0.67862	0.00383	1	1.45898	0.81042	0	
1273373	8587.66797	3306676272394	0.48314	0.19792	8587.36621	0.30176	11978	1	0.48882	0.09824	1	0.45546	0.30827	1	0.47214	0.20326	1	0.49341	0.52456	11.43064	1.06647	1	0.75402	0.55139	12.30378	1.06647	1	-0.00133	-0.00770	0.68410	0.00248	1	0.06534	-0.01252	0.67034	0.00414	1	1.45898	0.81042	0	
1273374	8587.67383	3306676337876	0.48284	0.19828	8587.36621	0.30762	11978	1	0.49101	0.08993	1	0.44716	0.33999	1	0.46908	0.21496	1	0.49340	0.52455	11.40508	1.06647	1	0.75409	0.55173	12.26442	1.06647	1	-0.00133	-0.00770	0.68410	0.00241	1	0.06534	-0.01252	0.67034	0.00397	1	1.45898	0.81042	0	
1273375	8587.68066	3306676404169	0.48249	0.19833	8587.36621	0.31445	11978	1	0.49114	0.09720	1	0.44054	0.30411	1	0.46584	0.20065	1	0.49346	0.52459	11.36503	1.06647	1	0.75401	0.55190	12.33338	1.06647	1	-0.00133	-0.00770	0.68410	0.00242	1	0.06534	-0.01252	0.67034	0.00391	1	1.45898	0.81042	0	
1273376	8587.68750	3306676470653	0.48194	0.19873	8587.36621	0.32129	11978	1	0.48997	0.08795	1	0.44055	0.30292	1	0.46526	0.19543	1	0.49344	0.52446	11.60273	1.07556	1	0.75437	0.55166	12.67670	1.06790	1	-0.00143	-0.00795	0.70623	0.00233	1	0.06389	-0.01215	0.65595	0.00390	1	1.45898	0.81042	0	
1273377	8587.69434	3306676535924	0.48187	0.19982	8587.36621	0.32812	11978	1	0.49897	0.13037	1	0.47237	0.30722	1	0.48567	0.21880	1	0.49346	0.52449	11.52814	1.07698	1	0.75442	0.55135	12.51824	1.06932	1	-0.00143	-0.00795	0.70623	0.00234	1	0.06389	-0.01215	0.65595	0.00388	1	1.45898	0.81042	0	
1273378	8587.70117	3306676605752	0.48153	0.20058	8587.36621	0.33496	11978	1	0.49959	0.11310	1	0.46281	0.29882	1	0.48120	0.20596	1	0.49350	0.52456	11.73038	1.07841	1	0.75429	0.55123	12.88891	1.07075	1	-0.00143	-0.00795	0.70623	0.00231	1	0.06389	-0.01215	0.65595	0.00410	1	1.45898	0.81042	0	
1273379	8587.70801	3306676671701	0.48121	0.20151	8587.36621	0.34180	11978	1	0.50052	0.12069	1	0.46281	0.29882	1	0.48167	0.20975	1	0.49339	0.52440	11.78231	1.07075	1	0.75443	0.55144	13.07416	1.07075	1	-0.00133	-0.00770	0.68410	0.00234	1	0.06649	-0.01269	0.68212	0.00391	1	1.45898	0.81042	0	
1273380	8587.71387	3306676736920	0.48116	0.20186	8587.36621	0.34766	11978	1	0.49653	0.13972	1	0.48264	0.22318	1	0.48959	0.18145	1	0.49342	0.52441	11.73498	1.06166	1	0.75456	0.55058	12.62217	1.06932	1	-0.00133	-0.00770	0.68410	0.00233	1	0.06649	-0.01269	0.68212	0.00382	1	1.45898	0.81042	0	
1273381	8587.72168	3306676809384	0.48073	0.20251	8587.36621	0.35547	11978	1	0.50133	0.15120	1	0.45170	0.29746	1	0.47651	0.22433	1	0.49344	0.52446	11.60273	1.06024	1	0.75410	0.55121	12.32256	1.06790	1	-0.00133	-0.00770	0.68410	0.00233	1	0.06649	-0.01269	0.68212	0.00372	1	1.45898	0.81042	0	
1273382	8587.72754	3306676874243	0.48030	0.20319	8587.36621	0.36133	11978	1	0.50150	0.15258	1	0.45168	0.29867	1	0.47659	0.22563	1	0.49353	0.52416	11.83254	1.05881	1	0.75394	0.55087	12.86708	1.06647	1	-0.00133	-0.00754	0.68410	0.00242	1	0.06606	-0.01252	0.67870	0.00389	1	1.45898	0.81042	0	
1273383	8587.73535	3306676944219	0.48006	0.20401	8587.36621	0.36914	11978	1	0.51256	0.12172	1	0.47740	0.30196	1	0.49498	0.21184	1	0.49362	0.52384	10.45043	1.06647	1	0.75418	0.55075	12.15915	1.06647	1	-0.00133	-0.00754	0.68410	0.00221	1	0.06606	-0.01252	0.67870	0.00391	1	1.45898	0.81042	0	
1273384	8587.74121	3306677009720	0.48016	0.20385	8587.36621	0.37500	11978	1	0.49978	0.01072	1	0.50492	0.31734	1	0.50235	0.16403	1	0.49359	0.52198	6.97693	1.06647	1	0.75458	0.55049	11.10255	1.06647	1	-0.00133	-0.00754	0.68410	0.00174	1	0.06606	-0.01252	0.67870	0.00355	1	1.45898	0.81042	0	
1273385	8587.74805	3306677075356	0.48032	0.20689	8587.36621	0.38184	11978	1	0.49978	0.01072	0	0.50492	0.31734	1	0.50492	0.31734	1	0.49359	0.52198	6.97693	1.06647	0	0.75404	0.55575	7.52031	1.06647	1	-0.00133	-0.00754	0.68410	0.00174	1	0.06605	-0.01237	0.67862	0.00251	1	1.45898	0.81042	0	
1273386	8587.75488	3306677142692	0.48032	0.20689	8587.36621	0.38867	11978	1	0.49978	0.01072	0	0.50492	0.31734	0	0.50492	0.31734	0	0.49359	0.52198	6.97693	1.06647	0	0.75404	0.55575	7.52031	1.06647	0	-0.00133	-0.00754	0.68410	0.00174	1	0.06605	-0.01237	0.67862	0.00251	1	1.45898	0.81042	0	
1273387	8587.76172	3306677210788	0.48032	0.20689	8587.36621	0.39551	11978	1	0.49978	0.01072	0	0.50492	0.31734	0	0.50492	0.31734	0	0.49359	0.52198	6.97693	1.06647	0	0.75404	0.55575	7.52031	1.06647	0	-0.00133	-0.00754	0.68410	0.00174	1	0.06605	-0.01237	0.67862	0.00251	1	1.45898	0.81042	0	
1273388	8587.76855	3306677278925	0.48032	0.20689	8587.36621	0.40234	11978	1	0.49978	0.01072	0	0.50492	0.31734	0	0.50492	0.31734	0	0.49359	0.52198	6.97693	1.06647	0	0.75404	0.55575	7.52031	1.06647	0	-0.00133	-0.00754	0.68410	0.00174	1	0.06605	-0.01237	0.67862	0.00251	1	1.45898	0.81042	0	
1273389	8587.77539	3306677344539	0.48281	0.21418	8587.36621	0.40234	11978	0	0.49978	0.01072	0	0.50492	0.31734	0	0.50492	0.31734	0	0.49359	0.52198	6.97693	1.06647	0	0.75404	0.55575	7.52031	1.06647	0	-0.00133	-0.00754	0.68410	0.00174	1	0.06605	-0.01237	0.67862	0.00251	1	1.45898	0.81042	0	
1273390	8587.78125	3306677411814	0.48281	0.21418	8587.36621	0.40234	11978	0	0.49978	0.01072	0	0.50492	0.31734	0	0.50492	0.31734	0	0.49359	0.52198	6.97693	1.06647	0	0.75404	0.55575	7.52031	1.06647	0	-0.00133	-0.00754	0.68410	0.00174	1	0.06605	-0.01237	0.67862	0.00251	1	1.45898	0.81042	0	
1273391	8587.78809	3306677478733	0.48281	0.21418	8587.36621	0.40234	11978	0	0.49978	0.01072	0	0.50492	0.31734	0	0.50492	0.31734	0	0.49359	0.52198	6.97693	1.06647	0	0.75404	0.55575	7.52031	1.06647	0	-0.00133	-0.00754	0.68410	0.00174	1	0.06605	-0.01237	0.67862	0.00251	1	1.45898	0.81042	0	
1273392	8587.79492	3306677545348	0.00000	0.00000	8587.36621	0.40234	11978	0	0.49978	0.01072	0	0.50492	0.31734	0	0.50492	0.31734	0	0.49359	0.52198	6.97693	1.06647	0	0.75404	0.55575	7.52031	1.06647	0	-0.00133	-0.00754	0.68410	0.00174	1	0.06605	-0.01237	0.67862	0.00251	1	1.45898	0.81042	0	
1273393	8587.80176	3306677612691	0.00000	0.00000	8587.36621	0.40234	11978	0	0.49978	0.01072	0	0.50492	0.31734	0	0.50492	0.31734	0	0.49359	0.52198	6.97693	1.06647	0	0.75404	0.55575	7.52031	1.06647	0	-0.00133	-0.00754	0.68410	0.00174	1	0.06605	-0.01237	0.67862	0.00251	1	1.45898	0.81042	0	
1273394	8587.80859	3306677679672	0.00000	0.00000	8587.36621	0.40234	11978	0	0.49978	0.01072	0	0.50492	0.31734	0	0.50492	0.31734	0	0.49359	0.52198	6.97693	1.06647	0	0.75404	0.55575	7.52031	1.06647	0	-0.00133	-0.00754	0.68410	0.00174	1	0.06605	-0.01237	0.67862	0.00251	1	1.45898	0.81042	0	
1273395	8587.81543	3306677744900	0.00000	0.00000	8587.36621	0.40234	11978	0	0.49978	0.01072	0	0.50492	0.31734	0	0.50492	0.31734	0	0.49359	0.52198	6.97693	1.06647	0	0.75404	0.55575	7.52031	1.06647	0	-0.00133	-0.00754	0.68410	0.00174	1	0.06605	-0.01237	0.67862	0.00251	1	1.45898	0.81042	0	
1273396	8587.82227	3306677813095	0.00000	0.00000	8587.36621	0.40234	11978	0	0.49978	0.01072	0	0.50492	0.31734	0	0.50492	0.31734	0	0.49359	0.52198	6.97693	1.06647	0	0.75404	0.55575	7.52031	1.06647	0	-0.00133	-0.00754	0.68410	0.00174	1	0.06605	-0.01237	0.67862	0.00251	1	1.45898	0.81042	0	
1273397	8587.82910	3306677881832	0.00000	0.00000	8587.36621	0.40234	11978	0	0.49978	0.01072	0	0.50492	0.31734	0	0.50492	0.31734	0	0.49359	0.52198	6.97693	1.06647	0	0.75404	0.55575	7.52031	1.06647	0	-0.00133	-0.00754	0.68410	0.00174	1	0.06605	-0.01237	0.67862	0.00251	1	1.45898	0.81042	0	
1273398	8587.83496	3306677947401	0.00000	0.00000	8587.36621	0.40234	11978	0	0.49978	0.01072	0	0.50492	0.31734	0	0.50492	0.31734	0	0.49359	0.52198	6.97693	1.06647	0	0.75404	0.55575	7.52031	1.06647	0	-0.00133	-0.00754	0.68410	0.00174	1	0.06605	-0.01237	0.67862	0.00251	1	1.45898	0.81042	0	
1273399	8587.84180	3306678014227	0.00000	0.00000	8587.36621	0.40234	11978	0	0.49978	0.01072	0	0.50492	0.31734	0	0.50492	0.31734	0	0.49359	0.52198	6.97693	1.06647	0	0.75404	0.55575	7.52031	1.06647	0	-0.00133	-0.00754	0.68410	0.00174	1	0.06605	-0.01237	0.67862	0.00251	1	1.45898	0.81042	0	
1273400	8587.84863	3306678080417	0.00000	0.00000	8587.36621	0.40234	11978	0	0.49978	0.01072	0	0.50492	0.31734	0	0.50492	0.31734	0	0.49359	0.52198	6.97693	1.06647	0	0.75404	0.55575	7.52031	1.06647	0	-0.00133	-0.00754	0.68410	0.00174	1	0.06605	-0.01237	0.67862	0.00251	1	1.45898	0.81042	0	
1273401	8587.85547	3306678146536	0.00000	0.00000	8587.36621	0.40234	11978	0	0.49978	0.01072	0	0.50492	0.31734	0	0.50492	0.31734	0	0.49359	0.52198	6.97693	1.06647	0	0.75404	0.55575	7.52031	1.06647	0	-0.00133	-0.00754	0.68410	0.00174	1	0.06605	-0.01237	0.67862	0.00251	1	1.45898	0.81042	0	
1273402	8587.86230	3306678215526	0.00000	0.00000	8587.36621	0.40234	11978	0	0.49978	0.01072	0	0.50492	0.31734	0	0.50492	0.31734	0	0.49359	0.52198	6.97693	1.06647	0	0.75404	0.55575	7.52031	1.06647	0	-0.00133	-0.00754	0.68410	0.00174	1	0.06605	-0.01237	0.67862	0.00251	1	1.45898	0.81042	0	
1273403	8587.86914	3306678281993	0.00000	0.00000	8587.36621	0.40234	11978	0	0.49978	0.01072	0	0.50492	0.31734	0	0.50492	0.31734	0	0.49359	0.52198	6.97693	1.06647	0	0.75404	0.55575	7.52031	1.06647	0	-0.00133	-0.00754	0.68410	0.00174	1	0.06605	-0.01237	0.67862	0.00251	1	1.45898	0.81042	0	
1273404	8587.87500	3306678348984	0.00000	0.00000	8587.36621	0.40234	11978	0	0.49978	0.01072	0	0.50492	0.31734	0	0.50492	0.31734	0	0.49359	0.52198	6.97693	1.06647	0	0.75404	0.55575	7.52031	1.06647	0	-0.00133	-0.00754	0.68410	0.00174	1	0.06605	-0.01237	0.67862	0.00251	1	1.45898	0.81042	0	
1273405	8587.88184	3306678416307	0.00000	0.00000	8587.36621	0.40234	11978	0	0.49978	0.01072	0	0.50492	0.31734	0	0.50492	0.31734	0	0.49359	0.52198	6.97693	1.06647	0	0.75404	0.55575	7.52031	1.06647	0	-0.00133	-0.00754	0.68410	0.00174	1	0.06605	-0.01237	0.67862	0.00251	1	1.45898	0.81042	0	
1273406	8587.88867	3306678478964	0.00000	0.00000	8587.36621	0.40234	11978	0	0.49978	0.01072	0	0.50492	0.31734	0	0.50492	0.31734	0	0.49359	0.52198	6.97693	1.06647	0	0.75404	0.55575	7.52031	1.06647	0	-0.00133	-0.00754	0.68410	0.00174	1	0.06605	-0.01237	0.67862	0.00251	1	1.45898	0.81042	0	
1273407	8587.89551	3306678547860	0.00000	0.00000	8587.36621	0.40234	11978	0	0.49978	0.01072	0	0.50492	0.31734	0	0.50492	0.31734	0	0.49359	0.52198	6.97693	1.06647	0	0.75404	0.55575	7.52031	1.06647	0	-0.00133	-0.00754	0.68410	0.00174	1	0.06605	-0.01237	0.67862	0.00251	1	1.45898	0.81042	0	
1273408	8587.90137	3306678612697	0.00000	0.00000	8587.36621	0.40234	11978	0	0.49978	0.01072	0	0.50492	0.31734	0	0.50492	0.31734	0	0.49359	0.52198	6.97693	1.06647	0	0.75404	0.55575	7.52031	1.06647	0	-0.00133	-0.00754	0.68410	0.00174	1	0.06605	-0.01237	0.67862	0.00251	1	1.45898	0.81042	0	
1273409	8587.90918	3306678682380	0.25105	0.08361	8587.36621	0.40234	11978	0	0.49978	0.01072	1	0.50444	0.32371	1	0.50211	0.16722	1	0.49167	0.52289	11.59438	1.06647	1	0.75291	0.54946	12.80145	1.05881	1	-0.00174	-0.00735	0.68096	0.00231	1	0.06420	-0.01192	0.66219	0.00384	1	1.45898	0.81042	0	
1273410	8587.91504	3306678750055	0.49230	0.19307	8587.36621	0.40234	11978	0	0.50232	0.11534	1	0.46266	0.32250	1	0.48249	0.21892	1	0.49154	0.52281	11.56251	1.05881	1	0.75275	0.54957	12.60137	1.05115	1	-0.00174	-0.00735	0.68096	0.00235	1	0.06420	-0.01192	0.66219	0.00400	1	1.45898	0.81042	0	
1273411	8587.92188	3306678817907	0.48779	0.21875	8587.36621	0.40234	11978	0	0.50743	0.13349	1	0.45912	0.35538	1	0.48327	0.24444	1	0.49159	0.52279	11.37490	1.05115	1	0.75269	0.54953	12.06971	1.04349	1	-0.00174	-0.00735	0.68096	0.00234	1	0.06420	-0.01192	0.66219	0.00396	1	1.45898	0.81042	0	
1273412	8587.92871	3306678885363	0.48612	0.22272	8587.36621	0.40234	11978	0	0.50603	0.12171	1	0.45956	0.33962	1	0.48280	0.23067	1	0.49163	0.52288	11.50885	1.06296	1	0.75245	0.54934	12.28929	1.06296	1	-0.00198	-0.00781	0.73360	0.00232	1	0.06605	-0.01227	0.68183	0.00412	1	1.45898	0.81042	0	
1273413	8587.93555	3306678951849	0.48259	0.20419	8587.91504	0.02051	11979	1	0.47695	0.10093	1	0.46701	0.19624	1	0.47198	0.14859	1	0.49165	0.52287	11.40695	1.08243	1	0.75275	0.54859	12.61134	1.09009	1	-0.00198	-0.00781	0.73360	0.00241	1	0.06605	-0.01227	0.68183	0.00388	1	1.45898	0.81042	0	
1273414	8587.94238	3306679019054	0.48213	0.18619	8587.91504	0.02734	11979	1	0.48953	0.06960	1	0.47109	0.15877	1	0.48031	0.11418	1	0.49157	0.52284	11.47568	1.10956	1	0.75285	0.54830	12.36168	1.11722	1	-0.00198	-0.00781	0.73360	0.00232	1	0.06605	-0.01227	0.68183	0.00382	1	1.45898	0.81042	0	
1273415	8587.94922	3306679086108	0.48170	0.17149	8587.91504	0.03418	11979	1	0.48744	0.05279	1	0.47162	0.14315	1	0.47953	0.09797	1	0.49158	0.52276	11.44058	1.12630	1	0.75249	0.54819	12.10727	1.13396	1	-0.00195	-0.00749	0.70325	0.00233	1	0.06605	-0.01222	0.68183	0.00387	1	1.45898	0.81042	0	
1273416	8587.95605	3306679152898	0.48267	0.16992	8587.91504	0.04102	11979	1	0.49874	0.11410	1	0.47822	0.20692	1	0.48848	0.16051	1	0.49154	0.52276	11.39341	1.12358	1	0.75253	0.54882	12.71765	1.12358	1	-0.00195	-0.00749	0.70325	0.00235	1	0.06605	-0.01222	0.68183	0.00392	1	1.45898	0.81042	0	
1273417	8587.96289	3306679221389	0.48395	0.16265	8587.91504	0.04785	11979	1	0.49572	0.11144	1	0.49017	0.11210	1	0.49295	0.11177	1	0.49154	0.52275	11.43986	1.11320	1	0.75266	0.54810	11.90907	1.11320	1	-0.00195	-0.00749	0.70325	0.00235	1	0.06605	-0.01222	0.68183	0.00397	1	1.45898	0.81042	0	
1273418	8587.96875	3306679287425	0.48497	0.15853	8587.91504	0.05371	11979	1	0.49697	0.12143	1	0.48930	0.12978	1	0.49313	0.12560	1	0.49160	0.52272	11.38569	1.10281	1	0.75246	0.54864	12.71401	1.09515	1	-0.00195	-0.00749	0.70325	0.00234	1	0.06401	-0.01180	0.66127	0.00386	1	1.45898	0.81042	0	
1273419	8587.97559	3306679353775	0.48542	0.15700	8587.91504	0.06055	11979	1	0.48913	0.10453	1	0.48972	0.18182	1	0.48943	0.14317	1	0.49140	0.52257	11.59389	1.09515	1	0.75268	0.54821	12.17702	1.08749	1	-0.00195	-0.00749	0.70325	0.00230	1	0.06401	-0.01180	0.66127	0.00407	1	1.45898	0.81042	0	
1273420	8587.98242	3306679420924	0.48688	0.15601	8587.91504	0.06738	11979	1	0.51287	0.11614	1	0.49006	0.17603	1	0.50147	0.14608	1	0.49173	0.52259	11.44180	1.08749	1	0.75277	0.54824	12.23133	1.07983	1	-0.00195	-0.00749	0.70325	0.00241	1	0.06401	-0.01180	0.66127	0.00409	1	1.45898	0.81042	0	
1273421	8587.98926	3306679488549	0.48813	0.15549	8587.91504	0.07422	11979	1	0.51372	0.12364	1	0.49006	0.17603	1	0.50189	0.14984	1	0.49164	0.52260	11.38478	1.07983	1	0.75263	0.54837	12.70017	1.07983	1	-0.00195	-0.00749	0.70325	0.00247	1	0.06528	-0.01205	0.67486	0.00410	1	1.45898	0.81042	0	
1273422	8587.99609	3306679554717	0.48850	0.15706	8587.91504	0.08105	11979	1	0.48406	0.11959	1	0.50191	0.23230	1	0.49298	0.17595	1	0.49127	0.52247	11.39981	1.07983	1	0.75255	0.54869	12.85320	1.08749	1	-0.00195	-0.00749	0.70325	0.00236	1	0.06528	-0.01205	0.67486	0.00401	1	1.45898	0.81042	0	
1273423	8588.00293	3306679622002	0.48954	0.16121	8587.91504	0.08789	11979	1	0.49679	0.16695	1	0.50941	0.26311	1	0.50310	0.21503	1	0.49156	0.52261	11.58605	1.08749	1	0.75271	0.54918	12.82928	1.09515	1	-0.00195	-0.00749	0.70325	0.00235	1	0.06528	-0.01205	0.67486	0.00380	1	1.45898	0.81042	0	
1273424	8588.00977	3306679688915	0.49043	0.16434	8587.91504	0.09473	11979	1	0.49585	0.15980	1	0.50992	0.25653	1	0.50289	0.20816	1	0.49153	0.52257	11.51067	1.09515	1	0.75228	0.54914	13.51299	1.10281	1	-0.00195	-0.00749	0.70325	0.00234	1	0.06605	-0.01214	0.68288	0.00376	1	1.45898	0.81042	0	
1273425	8588.01562	3306679755740	0.49088	0.16546	8587.91504	0.10059	11979	1	0.50223	0.10435	1	0.49303	0.26028	1	0.49763	0.18231	1	0.49133	0.52258	11.59119	1.10281	1	0.75245	0.54877	12.58008	1.10281	1	-0.00195	-0.00749	0.70325	0.00232	1	0.06605	-0.01214	0.68288	0.00386	1	1.45898	0.81042	0	
1273426	8588.02246	3306679823753	0.49157	0.16724	8587.91504	0.10742	11979	1	0.51793	0.10719	1	0.48707	0.28437	1	0.50250	0.19578	1	0.49147	0.52270	11.35993	1.10281	1	0.75238	0.54903	13.42457	1.10281	1	-0.00195	-0.00749	0.70325	0.00237	1	0.06605	-0.01214	0.68288	0.00379	1	1.45898	0.81042	0	
1273427	8588.02930	3306679889946	0.49219	0.16928	8587.91504	0.11426	11979	1	0.51889	0.11603	1	0.48665	0.29193	1	0.50277	0.20398	1	0.49145	0.52267	11.97522	1.09373	1	0.75261	0.54889	12.67858	1.09373	1	-0.00193	-0.00716	0.67667	0.00238	1	0.06605	-0.01214	0.68288	0.00386	1	1.45898	0.81042	0	
1273428	8588.03613	3306679956783	0.49293	0.17107	8587.91504	0.12109	11979	1	0.50914	0.11877	1	0.50341	0.28763	1	0.50627	0.20320	1	0.49128	0.52256	12.00471	1.08464	1	0.75264	0.54893	12.77820	1.08464	1	-0.00193	-0.00716	0.67667	0.00228	1	0.06605	-0.01214	0.68288	0.00388	1	1.45898	0.81042	0	
1273429	8588.04297	3306680023845	0.49362	0.17358	8587.91504	0.12793	11979	1	0.51301	0.14694	1	0.50031	0.29551	1	0.50666	0.22122	1	0.49126	0.52275	11.82608	1.07556	1	0.75254	0.54884	12.78250	1.07556	1	-0.00193	-0.00716	0.67667	0.00238	1	0.06605	-0.01214	0.68288	0.00383	1	1.45898	0.81042	0	
1273430	8588.04980	3306680091111	0.49425	0.17624	8587.91504	0.13477	11979	1	0.51402	0.15567	1	0.49977	0.30318	1	0.50690	0.22943	1	0.49126	0.52280	11.72833	1.06647	1	0.75230	0.54890	13.10986	1.06647	1	-0.00194	-0.00724	0.67973	0.00238	1	0.06605	-0.01214	0.68288	0.00379	1	1.45898	0.81042	0	
1273431	8588.05664	3306680157452	0.49463	0.17791	8587.91504	0.14160	11979	1	0.49984	0.15197	1	0.50546	0.27401	1	0.50265	0.21299	1	0.49122	0.52270	11.78277	1.06647	1	0.75263	0.54888	12.43910	1.06647	1	-0.00194	-0.00724	0.67973	0.00236	1	0.06605	-0.01214	0.68288	0.00387	1	1.45898	0.81042	0	
1273432	8588.06250	3306680224823	0.49455	0.18032	8587.91504	0.14746	11979	1	0.50534	0.14248	1	0.48023	0.32445	1	0.49278	0.23347	1	0.49137	0.52270	11.84115	1.06647	1	0.75234	0.54900	13.33894	1.06647	1	-0.00194	-0.00724	0.67973	0.00244	1	0.06605	-0.01214	0.68288	0.00376	1	1.45898	0.81042	0	
1273433	8588.06934	3306680288121	0.50083	0.20958	8587.91504	0.14746	11979	0	0.50534	0.14248	1	0.48023	0.32445	1	0.49278	0.23347	1	0.49137	0.52270	11.84115	1.06647	1	0.75236	0.54899	13.01230	1.06647	1	-0.00194	-0.00724	0.67973	0.00244	1	0.06605	-0.01214	0.68288	0.00379	1	1.45898	0.81042	0	
1273434	8588.07617	3306680353988	0.50106	0.20758	8587.91504	0.14746	11979	0	0.51305	0.14511	1	0.48953	0.26605	1	0.50129	0.20558	1	0.49135	0.52275	12.37883	1.06647	1	0.75240	0.54896	13.00433	1.06647	1	-0.00194	-0.00724	0.67973	0.00235	1	0.06605	-0.01214	0.68288	0.00382	1	1.45898	0.81042	0	
1273435	8588.08301	3306680422986	0.50179	0.21044	8587.91504	0.14746	11979	0	0.51983	0.16537	1	0.48667	0.26697	1	0.50325	0.21617	1	0.49142	0.52279	11.26577	1.06647	1	0.75225	0.54886	13.21030	1.06647	1	-0.00194	-0.00724	0.67973	0.00245	1	0.06605	-0.01214	0.68288	0.00382	1	1.45898	0.81042	0	
1273436	8588.08984	3306680492590	0.50215	0.21187	8588.06934	0.02051	11980	1	0.51983	0.16537	1	0.48667	0.26697	1	0.50325	0.21617	1	0.49133	0.52266	11.81702	1.06647	1	0.75208	0.54908	13.34557	1.06647	1	-0.00194	-0.00724	0.67973	0.00242	1	0.06621	-0.01227	0.68452	0.00377	1	1.45898	0.81042	0	
1273437	8588.09668	3306680559906	0.50070	0.21269	8588.06934	0.02734	11980	1	0.50893	0.13649	1	0.48081	0.29542	1	0.49487	0.21596	1	0.49133	0.52266	11.81702	1.06647	1	0.75219	0.54892	13.74071	1.06647	1	-0.00194	-0.00724	0.67973	0.00242	1	0.06621	-0.01227	0.68452	0.00381	1	1.45898	0.81042	0	
1273438	8588.10254	3306680623492	0.50038	0.20982	8588.06934	0.03320	11980	1	0.50893	0.13649	1	0.48860	0.25443	1	0.49876	0.19546	1	0.49133	0.52266	11.81702	1.06647	1	0.75234	0.54903	13.45553	1.06647	1	-0.00194	-0.00724	0.67973	0.00242	1	0.06621	-0.01227	0.68452	0.00377	1	1.45898	0.81042	0	
1273439	8588.10938	3306680691336	0.50010	0.20655	8588.06934	0.04004	11980	1	0.50788	0.12759	1	0.48904	0.24635	1	0.49846	0.18697	1	0.49137	0.52279	12.36197	1.07556	1	0.75238	0.54887	13.05190	1.07556	1	-0.00195	-0.00749	0.70325	0.00237	1	0.06621	-0.01227	0.68452	0.00384	1	1.45898	0.81042	0	
1273440	8588.11621	3306680759275	0.49904	0.20245	8588.06934	0.04688	11980	1	0.50684	0.11868	1	0.47637	0.22869	1	0.49160	0.17369	1	0.49133	0.52266	11.81702	1.08464	1	0.75217	0.54871	13.29030	1.08464	1	-0.00195	-0.00749	0.70325	0.00242	1	0.06621	-0.01227	0.68452	0.00396	1	1.45898	0.81042	0	
1273441	8588.12305	3306680827227	0.49871	0.19906	8588.06934	0.05371	11980	1	0.51540	0.12342	1	0.47671	0.22055	1	0.49606	0.17198	1	0.49139	0.52261	12.01430	1.09373	1	0.75217	0.54871	13.29030	1.09373	1	-0.00195	-0.00749	0.70325	0.00234	1	0.06621	-0.01227	0.68452	0.00396	1	1.45898	0.81042	0	
1273442	8588.12988	3306680894607	0.49841	0.19551	8588.06934	0.06055	11980	1	0.51443	0.11464	1	0.47705	0.21240	1	0.49574	0.16352	1	0.49156	0.52295	11.55808	1.10281	1	0.75221	0.54861	12.83724	1.10281	1	-0.00195	-0.00749	0.70325	0.00250	1	0.06528	-0.01205	0.67486	0.00397	1	1.45898	0.81042	0	
1273443	8588.13672	3306680959855	0.49778	0.19083	8588.06934	0.06738	11980	1	0.50405	0.09542	1	0.47893	0.19268	1	0.49149	0.14405	1	0.49163	0.52296	11.67656	1.10281	1	0.75220	0.54853	12.80245	1.10281	1	-0.00195	-0.00749	0.70325	0.00243	1	0.06528	-0.01205	0.67486	0.00397	1	1.45898	0.81042	0	
1273444	8588.14355	3306681029530	0.49682	0.18828	8588.06934	0.07422	11980	1	0.47488	0.12426	1	0.49752	0.19613	1	0.48620	0.16020	1	0.49157	0.52282	11.42959	1.10281	1	0.75244	0.54832	12.24294	1.10281	1	-0.00195	-0.00749	0.70325	0.00243	1	0.06528	-0.01205	0.67486	0.00407	1	1.45898	0.81042	0	
1273445	8588.15039	3306681094539	0.49603	0.18677	8588.06934	0.08105	11980	1	0.47613	0.13299	1	0.49702	0.20443	1	0.48657	0.16871	1	0.49161	0.52282	11.48534	1.09373	1	0.75251	0.54859	12.16779	1.09373	1	-0.00183	-0.00721	0.67692	0.00239	1	0.06621	-0.01227	0.68452	0.00398	1	1.45898	0.81042	0	
1273446	8588.15723	3306681162583	0.49524	0.18468	8588.06934	0.08789	11980	1	0.48130	0.07091	1	0.48880	0.24415	1	0.48505	0.15753	1	0.49177	0.52307	12.07189	1.08464	1	0.75227	0.54901	12.65671	1.08464	1	-0.00183	-0.00721	0.67692	0.00242	1	0.06621	-0.01227	0.68452	0.00388	1	1.45898	0.81042	0	
1273447	8588.16309	3306681229655	0.49466	0.18296	8588.06934	0.09375	11980	1	0.48168	0.07202	1	0.49118	0.24570	1	0.48643	0.15886	1	0.49167	0.52295	11.77099	1.07556	1	0.75237	0.54884	12.61124	1.07556	1	-0.00183	-0.00721	0.67692	0.00239	1	0.06621	-0.01227	0.68452	0.00392	1	1.45898	0.81042	0	
1273448	8588.16992	3306681296594	0.49414	0.18145	8588.06934	0.10059	11980	1	0.48168	0.07202	1	0.49118	0.24570	1	0.48643	0.15886	1	0.49163	0.52296	11.67656	1.07556	1	0.75265	0.54840	12.22529	1.07556	1	-0.00183	-0.00744	0.69841	0.00243	1	0.06621	-0.01227	0.68452	0.00385	1	1.45898	0.81042	0	
1273449	8588.17676	3306681363133	0.49339	0.17917	8588.06934	0.10742	11980	1	0.48275	0.06510	1	0.48011	0.22028	1	0.48143	0.14269	1	0.49169	0.52296	11.78238	1.08464	1	0.75268	0.54846	12.21294	1.08464	1	-0.00183	-0.00744	0.69841	0.00238	1	0.06621	-0.01227	0.68452	0.00386	1	1.45898	0.81042	0	
1273450	8588.18359	3306681430513	0.49277	0.17791	8588.06934	0.11426	11980	1	0.48765	0.06635	1	0.47663	0.24632	1	0.48214	0.15633	1	0.49173	0.52296	11.55090	1.09373	1	0.75254	0.54907	12.15392	1.09373	1	-0.00183	-0.00744	0.69841	0.00249	1	0.06621	-0.01227	0.68452	0.00407	1	1.45898	0.81042	0	
1273451	8588.19043	3306681497492	0.49221	0.17677	8588.06934	0.12109	11980	1	0.48765	0.06635	1	0.47663	0.24632	1	0.48214	0.15633	1	0.49173	0.52297	11.53726	1.09373	1	0.75245	0.54887	12.36709	1.09373	1	-0.00174	-0.00725	0.68096	0.00248	1	0.06528	-0.01215	0.67486	0.00369	1	1.45898	0.81042	0	
1273452	8588.19727	3306681564638	0.49161	0.17786	8588.06934	0.12793	11980	1	0.48787	0.06609	1	0.47254	0.33114	1	0.48021	0.19861	1	0.49182	0.52304	11.52211	1.08464	1	0.75254	0.54973	12.16025	1.08464	1	-0.00174	-0.00725	0.68096	0.00241	1	0.06528	-0.01215	0.67486	0.00398	1	1.45898	0.81042	0	
1273453	8588.20312	3306681630582	0.49018	0.17895	8588.06934	0.13379	11980	1	0.48801	0.08702	1	0.43529	0.31438	1	0.46165	0.20070	1	0.49170	0.52299	11.87294	1.07556	1	0.75236	0.54971	12.46516	1.07556	1	-0.00174	-0.00725	0.68096	0.00233	1	0.06528	-0.01215	0.67486	0.00394	1	1.45898	0.81042	0	
1273454	8588.20996	3306681698876	0.48891	0.18016	8588.06934	0.14062	11980	1	0.48920	0.09628	1	0.43529	0.31471	1	0.46224	0.20549	1	0.49183	0.52313	11.50385	1.06647	1	0.75250	0.54895	12.15100	1.07515	1	-0.00174	-0.00735	0.68096	0.00238	1	0.06776	-0.01265	0.69993	0.00433	1	1.45898	0.81042	0	
1273455	8588.21680	3306681764395	0.48864	0.18099	8588.06934	0.14746	11980	1	0.49448	0.10431	1	0.47066	0.29440	1	0.48257	0.19935	1	0.49189	0.52329	11.28872	1.07515	1	0.75246	0.54992	12.30312	1.08383	1	-0.00174	-0.00735	0.68096	0.00232	1	0.06776	-0.01265	0.69993	0.00399	1	1.45898	0.81042	0	
1273456	8588.22363	3306681832693	0.48804	0.17755	8588.06934	0.15430	11980	1	0.48982	0.10537	1	0.45860	0.09136	1	0.47421	0.09837	1	0.49180	0.52326	11.24444	1.08383	1	0.75258	0.54852	12.00777	1.09251	1	-0.00174	-0.00735	0.68096	0.00240	1	0.06776	-0.01265	0.69993	0.00426	1	1.45898	0.81042	0	
1273457	8588.23047	3306681899386	0.48746	0.17436	8588.06934	0.16113	11980	1	0.48871	0.09674	1	0.45844	0.09913	1	0.47357	0.09793	1	0.49197	0.52360	11.66525	1.09251	1	0.75244	0.54949	12.00993	1.08485	1	-0.00174	-0.00746	0.68096	0.00232	1	0.06401	-0.01200	0.66127	0.00401	1	1.45898	0.81042	0	
1273458	8588.23730	3306681966503	0.48685	0.17482	8588.06934	0.16797	11980	1	0.49605	0.13888	1	0.44730	0.23338	1	0.47168	0.18613	1	0.49187	0.52365	11.21064	1.08485	1	0.75251	0.54952	12.33958	1.06851	1	-0.00174	-0.00746	0.68096	0.00236	1	0.06401	-0.01200	0.66127	0.00391	1	1.45898	0.81042	0	
1273459	8588.24414	3306682033379	0.48634	0.17391	8588.06934	0.17480	11980	1	0.49508	0.10152	1	0.45107	0.19936	1	0.47308	0.15044	1	0.49187	0.52365	11.21064	1.06851	1	0.75252	0.54905	12.11319	1.05217	1	-0.00174	-0.00746	0.68096	0.00236	1	0.06401	-0.01200	0.66127	0.00386	1	1.45898	0.81042	0	
1273460	8588.25098	3306682100919	0.48590	0.17365	8588.06934	0.18164	11980	1	0.49714	0.11805	1	0.45082	0.21488	1	0.47398	0.16646	1	0.49202	0.52384	11.50756	1.05217	1	0.75244	0.55011	12.33436	1.03583	1	-0.00174	-0.00746	0.68096	0.00242	1	0.06401	-0.01210	0.66127	0.00365	1	1.45898	0.81042	0	
1273461	8588.25684	3306682167370	0.48574	0.17483	8588.06934	0.18750	11980	1	0.50659	0.10671	1	0.45577	0.30895	1	0.48118	0.20783	1	0.49199	0.52394	11.25605	1.03583	1	0.75263	0.55036	12.22471	1.03583	1	-0.00174	-0.00746	0.68096	0.00239	1	0.06401	-0.01210	0.66127	0.00392	1	1.45898	0.81042	0	
1273462	8588.26367	3306682234278	0.48602	0.17702	8588.06934	0.19434	11980	1	0.51053	0.13991	1	0.47784	0.34111	1	0.49418	0.24051	1	0.49204	0.52413	11.45134	1.03583	1	0.75295	0.55047	12.47071	1.03583	1	-0.00174	-0.00746	0.68096	0.00240	1	0.06401	-0.01210	0.66127	0.00395	1	1.45898	0.81042	0	
1273463	8588.27051	3306682301141	0.48576	0.18210	8588.06934	0.20117	11980	1	0.51053	0.13991	0	0.47815	0.33474	1	0.47815	0.33474	1	0.49204	0.52413	11.45134	1.03583	0	0.49187	0.52407	11.24091	1.04349	1	-0.00174	-0.00746	0.68096	0.00240	1	-0.00171	-0.00740	0.67135	0.00234	1	1.45898	0.81042	0	
1273464	8588.27734	3306682368033	0.48276	0.17806	8588.06934	0.20801	11980	1	0.51053	0.13991	0	0.38954	0.05285	1	0.38954	0.05285	1	0.49204	0.52413	11.45134	1.04349	0	0.49193	0.52397	11.48470	1.05115	1	-0.00174	-0.00746	0.68096	0.00240	1	-0.00171	-0.00740	0.67135	0.00234	1	1.45898	0.81042	0	
1273465	8588.28418	3306682434654	0.47980	0.17457	8588.06934	0.21484	11980	1	0.51053	0.13991	0	0.38504	0.06288	1	0.38504	0.06288	1	0.49204	0.52413	11.45134	1.05115	0	0.49190	0.52411	11.23247	1.05881	1	-0.00174	-0.00746	0.68096	0.00240	1	-0.00171	-0.00740	0.67135	0.00232	1	1.45898	0.81042	0	
1273466	8588.29004	3306682498073	0.45516	0.15435	8588.06934	0.21484	11980	0	0.51053	0.13991	0	0.38470	0.05473	1	0.38470	0.05473	1	0.49204	0.52413	11.45134	1.05881	0	0.49202	0.52426	11.23316	1.06647	1	-0.00174	-0.00746	0.68096	0.00240	1	-0.00174	-0.00756	0.68096	0.00236	1	1.45898	0.81042	0	
1273467	8588.29688	3306682566171	0.42019	0.10251	8588.06934	0.21484	11980	0	0.51053	0.13991	0	0.38522	0.05066	1	0.38522	0.05066	1	0.49204	0.52413	11.45134	1.06647	0	0.49183	0.52420	10.99797	1.06647	1	-0.00174	-0.00746	0.68096	0.00240	1	-0.00174	-0.00756	0.68096	0.00248	1	1.45898	0.81042	0	
1273468	8588.30371	3306682636230	0.40709	0.08251	8588.06934	0.21484	11980	0	0.51053	0.13991	0	0.38090	0.04252	1	0.38090	0.04252	1	0.49204	0.52413	11.45134	1.06647	0	0.49188	0.52423	11.17331	1.06647	1	-0.00174	-0.00746	0.68096	0.00240	1	-0.00174	-0.00756	0.68096	0.00225	1	1.45898	0.81042	0	
1273469	8588.31055	3306682703179	0.38234	0.04524	8588.06934	0.21484	11980	0	0.51053	0.13991	0	0.38090	0.04252	1	0.38090	0.04252	1	0.49204	0.52413	11.45134	1.06647	0	0.49203	0.52430	11.02162	1.06647	1	-0.00174	-0.00746	0.68096	0.00240	1	-0.00174	-0.00756	0.68096	0.00232	1	1.45898	0.81042	0	
1273470	8588.31738	3306682770160	0.38658	0.03877	8588.06934	0.21484	11980	0	0.51053	0.13991	0	0.39083	0.03231	1	0.39083	0.03231	1	0.49204	0.52413	11.45134	1.06647	0	0.49203	0.52445	11.21976	1.06647	1	-0.00174	-0.00746	0.68096	0.00240	1	-0.00174	-0.00756	0.68096	0.00237	1	1.45898	0.81042	0	
1273471	8588.32422	3306682837798	0.39882	0.02879	8588.06934	0.21484	11980	0	0.51053	0.13991	0	0.42328	0.00883	1	0.42328	0.00883	1	0.49204	0.52413	11.45134	1.06647	0	0.49176	0.52467	10.66195	1.06647	1	-0.00174	-0.00746	0.68096	0.00240	1	-0.00174	-0.00756	0.68096	0.00233	1	1.45898	0.81042	0	
1273472	8588.33105	3306682903043	0.40491	0.02139	8588.31055	0.02051	11981	1	0.51053	0.13991	0	0.42321	-0.00082	1	0.42321	-0.00082	1	0.49204	0.52413	11.45134	1.06647	0	0.49019	0.52939	10.90362	1.07515	1	-0.00174	-0.00746	0.68096	0.00240	1	-0.00205	-0.00820	0.70098	0.00345	1	1.45898	0.81042	0	
1273473	8588.33789	3306682971854	0.39014	0.04884	8588.31055	0.02734	11981	1	0.51053	0.13991	0	0.33107	0.15865	1	0.33107	0.15865	1	0.49204	0.52413	11.45134	1.07515	0	0.48975	0.52790	10.56205	1.08383	1	-0.00174	-0.00746	0.68096	0.00240	1	-0.00205	-0.00820	0.70098	0.00216	1	1.45898	0.81042	0	
1273474	8588.34473	3306683039599	0.38181	0.05718	8588.31055	0.03418	11981	1	0.51053	0.13991	0	0.34011	0.09887	1	0.34011	0.09887	1	0.49204	0.52413	11.45134	1.08383	0	0.48974	0.52788	9.40340	1.09251	1	-0.00174	-0.00746	0.68096	0.00240	1	-0.00205	-0.00820	0.70098	0.00217	1	1.45898	0.81042	0	
1273475	8588.35059	3306683105821	0.38746	0.06124	8588.31055	0.04004	11981	1	0.50284	0.07377	1	0.33999	0.09745	1	0.42142	0.08561	1	0.48932	0.53336	11.13435	1.10160	1	0.74856	0.55670	11.56268	1.09394	1	-0.00218	-0.00870	0.70764	0.00298	1	0.06321	-0.01297	0.66012	0.00311	1	1.45898	0.81042	0	
1273476	8588.35742	3306683171867	0.39103	0.12619	8588.31055	0.04688	11981	1	0.44292	0.59942	1	0.38908	0.56223	1	0.41600	0.58083	1	0.48913	0.53404	11.37911	1.10302	1	0.74859	0.55718	11.53307	1.08668	1	-0.00218	-0.00870	0.70764	0.00307	1	0.06321	-0.01297	0.66012	0.00319	1	1.45898	0.81042	0	
1273477	8588.36426	3306683239901	0.39317	0.17619	8588.31055	0.05371	11981	1	0.44577	0.59432	1	0.37483	0.55813	1	0.41030	0.57622	1	0.48926	0.53375	10.72001	1.09577	1	0.74833	0.55707	11.79460	1.07943	1	-0.00218	-0.00870	0.70764	0.00316	1	0.06321	-0.01297	0.66012	0.00322	1	1.45898	0.81042	0	
1273478	8588.37109	3306683306299	0.39505	0.21689	8588.31055	0.06055	11981	1	0.44852	0.60308	1	0.37530	0.56325	1	0.41191	0.58317	1	0.48919	0.53423	10.69395	1.07943	1	0.74865	0.55747	11.07471	1.07075	1	-0.00215	-0.00851	0.68345	0.00294	1	0.06495	-0.01332	0.67783	0.00315	1	1.45898	0.81042	0	
1273479	8588.37793	3306683372427	0.39743	0.25377	8588.31055	0.06738	11981	1	0.44019	0.64235	1	0.40242	0.60273	1	0.42130	0.62254	1	0.48914	0.53419	10.78961	1.06166	1	0.74872	0.55752	11.04611	1.06932	1	-0.00215	-0.00851	0.68345	0.00296	1	0.06495	-0.01332	0.67783	0.00321	1	1.45898	0.81042	0	
1273480	8588.38477	3306683439896	0.39967	0.28477	8588.31055	0.07422	11981	1	0.44103	0.66334	1	0.40759	0.58819	1	0.42431	0.62576	1	0.48915	0.53431	10.63486	1.06024	1	0.74878	0.55746	11.03089	1.06790	1	-0.00215	-0.00851	0.68345	0.00295	1	0.06495	-0.01332	0.67783	0.00323	1	1.45898	0.81042	0	
1273481	8588.39160	3306683507405	0.40157	0.31086	8588.31055	0.08105	11981	1	0.44128	0.66403	1	0.40741	0.58405	1	0.42435	0.62404	1	0.48885	0.53412	10.71337	1.05881	1	0.74873	0.55764	11.00520	1.07515	1	-0.00215	-0.00851	0.68345	0.00308	1	0.06769	-0.01387	0.70581	0.00317	1	1.45898	0.81042	0	
1273482	8588.39844	3306683574711	0.40474	0.38070	8588.31055	0.08105	11981	0	0.41927	0.60913	1	0.39991	0.60030	1	0.40959	0.60472	1	0.48890	0.53429	11.06765	1.07515	1	0.74876	0.55764	11.26725	1.08383	1	-0.00215	-0.00851	0.68345	0.00301	1	0.06769	-0.01387	0.70581	0.00314	1	1.45898	0.81042	0	
1273483	8588.40430	3306683641092	0.40875	0.49152	8588.31055	0.08105	11981	0	0.42588	0.60916	1	0.39964	0.59552	1	0.41276	0.60234	1	0.48894	0.53432	11.36595	1.08383	1	0.74876	0.55764	11.26725	1.09251	1	-0.00215	-0.00851	0.68345	0.00299	1	0.06769	-0.01387	0.70581	0.00314	1	1.45898	0.81042	0	
1273484	8588.41113	3306683707930	0.40982	0.52769	8588.31055	0.08105	11981	0	0.42426	0.60457	1	0.39964	0.59552	1	0.41195	0.60004	1	0.48885	0.53460	11.45095	1.09251	1	0.74820	0.55759	11.23364	1.09251	1	-0.00227	-0.00862	0.68829	0.00301	1	0.06539	-0.01346	0.68242	0.00298	1	1.45898	0.81042	0	
1273485	8588.41797	3306683774773	0.40970	0.59042	8588.31055	0.08105	11981	0	0.41932	0.62306	1	0.38947	0.51471	1	0.40440	0.56888	1	0.48885	0.53457	11.63383	1.09251	1	0.74857	0.55739	10.90967	1.08383	1	-0.00227	-0.00862	0.68829	0.00292	1	0.06539	-0.01346	0.68242	0.00304	1	1.45898	0.81042	0	
1273486	8588.42480	3306683841950	0.40966	0.60666	8588.31055	0.08105	11981	0	0.42720	0.63163	1	0.39202	0.61418	1	0.40961	0.62291	1	0.48893	0.53458	11.61537	1.08383	1	0.74860	0.55758	10.89250	1.07515	1	-0.00227	-0.00862	0.68829	0.00285	1	0.06539	-0.01346	0.68242	0.00300	1	1.45898	0.81042	0	
1273487	8588.43164	3306683908909	0.41002	0.61429	8588.31055	0.08105	11981	0	0.42882	0.63604	1	0.39266	0.62304	1	0.41074	0.62954	1	0.48928	0.53441	11.42817	1.07515	1	0.74828	0.55759	11.59115	1.05881	1	-0.00227	-0.00862	0.68829	0.00298	1	0.06285	-0.01295	0.65641	0.00301	1	1.45898	0.81042	0	
1273488	8588.43848	3306683976111	0.41355	0.61309	8588.41797	0.02051	11982	1	0.45814	0.58920	1	0.39012	0.62975	1	0.42413	0.60947	1	0.48908	0.53396	11.32877	1.05881	1	0.74863	0.55782	11.07767	1.05115	1	-0.00227	-0.00862	0.68829	0.00305	1	0.06285	-0.01295	0.65641	0.00307	1	1.45898	0.81042	0	
1273489	8588.44531	3306684043506	0.41589	0.61937	8588.41797	0.02734	11982	1	0.48030	0.65287	1	0.37023	0.63611	1	0.42526	0.64449	1	0.48892	0.53421	11.39748	1.05115	1	0.74830	0.55771	11.79378	1.04349	1	-0.00227	-0.00862	0.68829	0.00284	1	0.06285	-0.01295	0.65641	0.00306	1	1.45898	0.81042	0	
1273490	8588.45117	3306684109981	0.41758	0.62422	8588.41797	0.03320	11982	1	0.48142	0.65672	1	0.37069	0.64022	1	0.42606	0.64847	1	0.48966	0.53428	11.22003	1.04349	1	0.74811	0.55690	11.66844	1.03583	1	-0.00227	-0.00862	0.68829	0.00352	1	0.06285	-0.01285	0.65641	0.00326	1	1.45898	0.81042	0	
1273491	8588.45801	3306684176526	0.42259	0.62406	8588.41797	0.04004	11982	1	0.52674	0.67942	1	0.37856	0.56683	1	0.45265	0.62312	1	0.48964	0.53453	11.76202	1.03583	1	0.74841	0.55681	10.81007	1.03583	1	-0.00227	-0.00862	0.68829	0.00335	1	0.06285	-0.01285	0.65641	0.00323	1	1.45898	0.81042	0	
1273492	8588.46484	3306684242561	0.42534	0.62284	8588.41797	0.04688	11982	1	0.52974	0.67724	1	0.35936	0.55128	1	0.44455	0.61426	1	0.48959	0.53452	11.78485	1.03583	1	0.74806	0.55683	11.64516	1.03583	1	-0.00227	-0.00862	0.68829	0.00331	1	0.06285	-0.01285	0.65641	0.00321	1	1.45898	0.81042	0	
1273493	8588.47168	3306684307755	0.42738	0.62133	8588.41797	0.05371	11982	1	0.52878	0.67284	1	0.35872	0.54564	1	0.44375	0.60924	1	0.48930	0.53445	11.86309	1.04492	1	0.74813	0.55695	11.87611	1.04492	1	-0.00240	-0.00892	0.71193	0.00319	1	0.06321	-0.01297	0.66012	0.00316	1	1.45898	0.81042	0	
1273494	8588.47754	3306684375116	0.42817	0.62102	8588.41797	0.05957	11982	1	0.51235	0.67628	1	0.35821	0.56029	1	0.43528	0.61828	1	0.48935	0.53442	11.41125	1.05400	1	0.74806	0.55707	11.77982	1.05400	1	-0.00240	-0.00892	0.71193	0.00332	1	0.06321	-0.01297	0.66012	0.00316	1	1.45898	0.81042	0	
1273495	8588.48438	3306684441767	0.42582	0.61992	8588.41797	0.06641	11982	1	0.44325	0.62500	1	0.36133	0.59290	1	0.40229	0.60895	1	0.48840	0.53389	10.46473	1.06309	1	0.74811	0.55699	11.71891	1.06309	1	-0.00240	-0.00892	0.71193	0.00315	1	0.06321	-0.01297	0.66012	0.00314	1	1.45898	0.81042	0	
1273496	8588.49121	3306684509900	0.42377	0.61860	8588.41797	0.07324	11982	1	0.44166	0.62024	1	0.36072	0.58776	1	0.40119	0.60400	1	0.48904	0.53442	11.23769	1.07218	1	0.74811	0.55724	12.21656	1.07218	1	-0.00240	-0.00892	0.71193	0.00306	1	0.06285	-0.01285	0.65641	0.00306	1	1.45898	0.81042	0	
1273497	8588.49805	3306684576729	0.42189	0.61875	8588.41797	0.08008	11982	1	0.44097	0.63295	1	0.35779	0.60820	1	0.39938	0.62057	1	0.48838	0.53408	10.85329	1.07218	1	0.74811	0.55718	12.04759	1.07218	1	-0.00240	-0.00892	0.71193	0.00294	1	0.06285	-0.01285	0.65641	0.00308	1	1.45898	0.81042	0	
1273498	8588.50488	3306684641524	0.42164	0.61959	8588.41797	0.08691	11982	1	0.48088	0.67233	1	0.35589	0.58871	1	0.41838	0.63052	1	0.48896	0.53445	11.45243	1.07218	1	0.74807	0.55709	12.02153	1.07218	1	-0.00240	-0.00892	0.71193	0.00301	1	0.06285	-0.01285	0.65641	0.00314	1	1.45898	0.81042	0	
1273499	8588.51172	3306684710388	0.42142	0.62032	8588.41797	0.09375	11982	1	0.48088	0.67233	1	0.35589	0.58871	1	0.41838	0.63052	1	0.48917	0.53449	11.41365	1.07218	1	0.74810	0.55684	12.03916	1.07218	1	-0.00240	-0.00892	0.71193	0.00312	1	0.06285	-0.01285	0.65641	0.00325	1	1.45898	0.81042	0	
1273500	8588.51855	3306684777034	0.42203	0.61786	8588.41797	0.10059	11982	1	0.50460	0.62388	1	0.35751	0.53817	1	0.43105	0.58103	1	0.48929	0.53453	11.22021	1.07218	1	0.74806	0.55680	11.89463	1.07218	1	-0.00240	-0.00892	0.71193	0.00316	1	0.06285	-0.01285	0.65641	0.00326	1	1.45898	0.81042	0	
1273501	8588.52441	3306684843441	0.42241	0.61788	8588.41797	0.10645	11982	1	0.49950	0.66191	1	0.35769	0.57441	1	0.42859	0.61816	1	0.48919	0.53436	11.42624	1.07218	1	0.74809	0.55694	11.92893	1.07218	1	-0.00240	-0.00892	0.71193	0.00310	1	0.06285	-0.01285	0.65641	0.00315	1	1.45898	0.81042	0	
1273502	8588.53125	3306684912179	0.42281	0.61816	8588.41797	0.11328	11982	1	0.50066	0.66630	1	0.35833	0.57966	1	0.42949	0.62298	1	0.48804	0.53432	10.88068	1.06309	1	0.74798	0.55712	11.69776	1.06309	1	-0.00236	-0.00858	0.68468	0.00302	1	0.06335	-0.01300	0.66161	0.00315	1	1.45898	0.81042	0	
1273503	8588.53809	3306684980599	0.42188	0.61890	8588.41797	0.12012	11982	1	0.43022	0.65713	1	0.38008	0.60717	1	0.40515	0.63215	1	0.48810	0.53475	11.41930	1.05400	1	0.74805	0.55706	12.01807	1.05400	1	-0.00236	-0.00858	0.68468	0.00298	1	0.06335	-0.01300	0.66161	0.00320	1	1.45898	0.81042	0	
1273504	8588.54492	3306685047211	0.42099	0.61937	8588.41797	0.12695	11982	1	0.42180	0.66072	1	0.38638	0.59609	1	0.40409	0.62840	1	0.48800	0.53476	11.36785	1.04492	1	0.74810	0.55688	11.47394	1.04492	1	-0.00236	-0.00858	0.68468	0.00300	1	0.06335	-0.01300	0.66161	0.00325	1	1.45898	0.81042	0	
1273505	8588.55176	3306685114578	0.42017	0.61958	8588.41797	0.13379	11982	1	0.42180	0.66072	1	0.38565	0.58670	1	0.40372	0.62371	1	0.48800	0.53490	11.79354	1.04492	1	0.74752	0.55729	11.97596	1.06126	1	-0.00249	-0.00886	0.70754	0.00292	1	0.06728	-0.01378	0.70372	0.00326	1	1.45898	0.81042	0	
1273506	8588.55859	3306685181972	0.41874	0.61952	8588.41797	0.14062	11982	1	0.42046	0.64462	1	0.35710	0.59172	1	0.38878	0.61817	1	0.48799	0.53474	11.62323	1.07034	1	0.74776	0.55713	11.47454	1.08668	1	-0.00249	-0.00886	0.70754	0.00297	1	0.06728	-0.01378	0.70372	0.00325	1	1.45898	0.81042	0	
1273507	8588.56543	3306685248463	0.41785	0.61950	8588.41797	0.14746	11982	1	0.42805	0.66882	1	0.36852	0.56964	1	0.39829	0.61923	1	0.48818	0.53451	11.35947	1.09577	1	0.74795	0.55701	11.20139	1.11211	1	-0.00249	-0.00886	0.70754	0.00286	1	0.06728	-0.01378	0.70372	0.00324	1	1.45898	0.81042	0	
1273508	8588.57227	3306685314452	0.41697	0.61933	8588.41797	0.15430	11982	1	0.42504	0.66116	1	0.36852	0.56964	1	0.39678	0.61540	1	0.48799	0.53480	11.36170	1.11211	1	0.74777	0.55724	11.45117	1.11211	1	-0.00236	-0.00858	0.68468	0.00287	1	0.06285	-0.01285	0.65641	0.00327	1	1.45898	0.81042	0	
1273509	8588.57910	3306685382464	0.41612	0.61958	8588.41797	0.16113	11982	1	0.41548	0.62763	1	0.37571	0.62323	1	0.39560	0.62543	1	0.48810	0.53465	11.47043	1.10302	1	0.74799	0.55745	12.20594	1.08668	1	-0.00236	-0.00858	0.68468	0.00287	1	0.06285	-0.01285	0.65641	0.00304	1	1.45898	0.81042	0	
1273510	8588.58496	3306685448201	0.41544	0.61996	8588.41797	0.16699	11982	1	0.42820	0.65420	1	0.36874	0.60499	1	0.39847	0.62960	1	0.48811	0.53471	11.45079	1.07760	1	0.74792	0.55710	11.81857	1.06126	1	-0.00236	-0.00858	0.68468	0.00305	1	0.06285	-0.01285	0.65641	0.00325	1	1.45898	0.81042	0	
1273511	8588.59180	3306685516433	0.41492	0.62073	8588.41797	0.17383	11982	1	0.43297	0.66666	1	0.36982	0.61488	1	0.40139	0.64077	1	0.48806	0.53488	11.71256	1.05217	1	0.74792	0.55735	11.84118	1.04349	1	-0.00245	-0.00852	0.68058	0.00291	1	0.06539	-0.01338	0.68348	0.00310	1	1.45898	0.81042	0	
1273512	8588.59863	3306685583348	0.41545	0.62124	8588.41797	0.18066	11982	1	0.48122	0.65208	1	0.37843	0.61772	1	0.42983	0.63490	1	0.48842	0.53476	11.92155	1.04349	1	0.74799	0.55739	12.06846	1.05115	1	-0.00245	-0.00852	0.68058	0.00300	1	0.06539	-0.01338	0.68348	0.00307	1	1.45898	0.81042	0	
1273513	8588.60547	3306685650697	0.41489	0.62197	8588.41797	0.18750	11982	1	0.43897	0.66757	1	0.35968	0.61719	1	0.39933	0.64238	1	0.48826	0.53480	11.52116	1.05115	1	0.74771	0.55713	11.34621	1.05881	1	-0.00245	-0.00852	0.68058	0.00293	1	0.06539	-0.01338	0.68348	0.00330	1	1.45898	0.81042	0	
1273514	8588.61230	3306685713578	0.41434	0.62252	8588.41797	0.19434	11982	1	0.43757	0.66382	1	0.35915	0.61301	1	0.39836	0.63842	1	0.48802	0.53487	11.24574	1.05881	1	0.74777	0.55724	11.45117	1.06647	1	-0.00245	-0.00852	0.68058	0.00291	1	0.06539	-0.01338	0.68348	0.00327	1	1.45898	0.81042	0	
1273515	8588.61816	3306685778005	0.41376	0.62286	8588.41797	0.20020	11982	1	0.42960	0.63298	1	0.36308	0.63306	1	0.39634	0.63302	1	0.48818	0.53472	11.65623	1.06647	1	0.74777	0.55724	11.45117	1.06647	1	-0.00245	-0.00852	0.68058	0.00295	1	0.06539	-0.01338	0.68348	0.00328	1	1.45898	0.81042	0	
1273516	8588.62500	3306685848708	0.41331	0.62331	8588.41797	0.20703	11982	1	0.43576	0.64196	1	0.36308	0.63306	1	0.39942	0.63751	1	0.48832	0.53475	11.50052	1.06647	1	0.74777	0.55724	11.45117	1.06647	1	-0.00245	-0.00852	0.68058	0.00297	1	0.06539	-0.01338	0.68348	0.00328	1	1.45898	0.81042	0	
1273517	8588.63184	3306685918094	0.41290	0.62380	8588.41797	0.21387	11982	1	0.43576	0.64196	1	0.36359	0.63710	1	0.39967	0.63953	1	0.48800	0.53497	11.66956	1.06647	1	0.74786	0.55723	11.59370	1.05881	1	-0.00245	-0.00852	0.68058	0.00287	1	0.06335	-0.01300	0.66161	0.00322	1	1.45898	0.81042	0	
1273518	8588.63867	3306685982726	0.41231	0.62362	8588.41797	0.22070	11982	1	0.42668	0.65155	1	0.35886	0.58360	1	0.39277	0.61757	1	0.48810	0.53469	11.21953	1.05881	1	0.74804	0.55729	12.08073	1.05115	1	-0.00245	-0.00852	0.68058	0.00284	1	0.06335	-0.01300	0.66161	0.00311	1	1.45898	0.81042	0	
1273519	8588.64551	3306686047680	0.41178	0.62444	8588.41797	0.22754	11982	1	0.43448	0.67543	1	0.35287	0.62884	1	0.39367	0.65214	1	0.48809	0.53447	11.50054	1.05115	1	0.74798	0.55722	11.83572	1.04349	1	-0.00245	-0.00852	0.68058	0.00284	1	0.06335	-0.01300	0.66161	0.00311	1	1.45898	0.81042	0	
1273520	8588.65332	3306686126911	0.41130	0.62531	8588.41797	0.23535	11982	1	0.43591	0.67912	1	0.35345	0.63300	1	0.39468	0.65606	1	0.48812	0.53460	11.23766	1.04349	1	0.74798	0.55722	11.83572	1.03583	1	-0.00236	-0.00858	0.68468	0.00288	1	0.06285	-0.01285	0.65641	0.00312	1	1.45898	0.81042	0	
1273521	8588.65918	3306686184293	0.41091	0.62595	8588.41797	0.24121	11982	1	0.42597	0.69830	1	0.36752	0.59957	1	0.39674	0.64893	1	0.48805	0.53450	11.43215	1.03583	1	0.74817	0.55730	12.19243	1.03583	1	-0.00236	-0.00858	0.68468	0.00285	1	0.06285	-0.01285	0.65641	0.00314	1	1.45898	0.81042	0	
1273522	8588.66504	3306686250252	0.41056	0.62576	8588.41797	0.24707	11982	1	0.42825	0.64842	1	0.36734	0.58900	1	0.39780	0.61871	1	0.48808	0.53445	11.20893	1.03583	1	0.74813	0.55739	12.07489	1.03583	1	-0.00236	-0.00858	0.68468	0.00287	1	0.06285	-0.01285	0.65641	0.00312	1	1.45898	0.81042	0	
1273523	8588.67285	3306686320221	0.41024	0.62558	8588.41797	0.25488	11982	1	0.42825	0.64842	1	0.36734	0.58900	1	0.39780	0.61871	1	0.48805	0.53496	11.66357	1.03583	1	0.74817	0.55730	12.19243	1.03583	1	-0.00236	-0.00858	0.68468	0.00290	1	0.06335	-0.01300	0.66161	0.00314	1	1.45898	0.81042	0	
1273524	8588.67969	3306686387883	0.41009	0.62588	8588.41797	0.26172	11982	1	0.43498	0.69721	1	0.37413	0.57815	1	0.40456	0.63768	1	0.48817	0.53454	11.26897	1.03583	1	0.74821	0.55720	12.10542	1.03583	1	-0.00236	-0.00858	0.68468	0.00289	1	0.06335	-0.01300	0.66161	0.00315	1	1.45898	0.81042	0	
1273525	8588.68555	3306686452920	0.40986	0.62597	8588.41797	0.26758	11982	1	0.43155	0.67805	1	0.36955	0.58085	1	0.40055	0.62945	1	0.48815	0.53451	11.13566	1.03583	1	0.74817	0.55722	12.00117	1.03583	1	-0.00236	-0.00858	0.68468	0.00294	1	0.06335	-0.01300	0.66161	0.00315	1	1.45898	0.81042	0	
1273526	8588.69238	3306686521660	0.40961	0.62594	8588.41797	0.27441	11982	1	0.42980	0.67363	1	0.36899	0.57546	1	0.39940	0.62454	1	0.48807	0.53447	11.10571	1.04492	1	0.74817	0.55722	12.00117	1.04492	1	-0.00240	-0.00892	0.71193	0.00294	1	0.06335	-0.01300	0.66161	0.00314	1	1.45898	0.81042	0	
1273527	8588.69922	3306686587307	0.40939	0.62587	8588.41797	0.28125	11982	1	0.42879	0.68394	1	0.37107	0.56239	1	0.39993	0.62317	1	0.48807	0.53450	11.51661	1.05400	1	0.74833	0.55715	12.08670	1.05400	1	-0.00240	-0.00892	0.71193	0.00286	1	0.06335	-0.01300	0.66161	0.00316	1	1.45898	0.81042	0	
1273528	8588.70605	3306686654779	0.40917	0.62592	8588.41797	0.28809	11982	1	0.42045	0.70835	1	0.37938	0.54760	1	0.39992	0.62797	1	0.48793	0.53472	11.37101	1.06309	1	0.74838	0.55713	11.90582	1.06309	1	-0.00240	-0.00892	0.71193	0.00292	1	0.06335	-0.01300	0.66161	0.00331	1	1.45898	0.81042	0	
1273529	8588.71289	3306686722253	0.40896	0.62586	8588.41797	0.29492	11982	1	0.42045	0.70835	1	0.37855	0.53764	1	0.39950	0.62300	1	0.48842	0.53471	11.42531	1.06309	1	0.74837	0.55749	12.08249	1.07943	1	-0.00226	-0.00852	0.68443	0.00283	1	0.06658	-0.01359	0.69423	0.00308	1	1.45898	0.81042	0	
1273530	8588.71973	3306686789518	0.40875	0.62587	8588.41797	0.30176	11982	1	0.42427	0.68135	1	0.37487	0.57209	1	0.39957	0.62672	1	0.48804	0.53457	11.03222	1.07034	1	0.74841	0.55745	11.97872	1.08668	1	-0.00226	-0.00852	0.68443	0.00290	1	0.06658	-0.01359	0.69423	0.00314	1	1.45898	0.81042	0	
1273531	8588.72656	3306686855980	0.40846	0.62542	8588.41797	0.30859	11982	1	0.41697	0.67046	1	0.37295	0.53858	1	0.39496	0.60452	1	0.48805	0.53452	10.96934	1.07760	1	0.74834	0.55704	11.74475	1.09394	1	-0.00226	-0.00852	0.68443	0.00290	1	0.06658	-0.01359	0.69423	0.00337	1	1.45898	0.81042	0	
1273532	8588.73242	3306686922896	0.40813	0.62480	8588.41797	0.31445	11982	1	0.41375	0.66269	1	0.37206	0.52878	1	0.39290	0.59573	1	0.48823	0.53436	10.47060	1.09394	1	0.74846	0.55728	11.76603	1.11028	1	-0.00233	-0.00858	0.68929	0.00297	1	0.06658	-0.01359	0.69423	0.00330	1	1.45898	0.81042	0	
1273533	8588.73926	3306686989885	0.40823	0.62511	8588.41797	0.32129	11982	1	0.44109	0.65543	1	0.38700	0.55461	1	0.41404	0.60502	1	0.48840	0.53455	10.67108	1.11936	1	0.74862	0.55750	11.54074	1.11936	1	-0.00233	-0.00858	0.68929	0.00301	1	0.06658	-0.01359	0.69423	0.00327	1	1.45898	0.81042	0	
1273534	8588.74609	3306687055578	0.40814	0.62430	8588.41797	0.32812	11982	1	0.42702	0.61892	1	0.38357	0.54956	1	0.40529	0.58424	1	0.48833	0.53433	10.45492	1.12845	1	0.74850	0.55720	11.74593	1.12845	1	-0.00233	-0.00858	0.68929	0.00300	1	0.06658	-0.01359	0.69423	0.00334	1	1.45898	0.81042	0	
1273535	8588.75293	3306687124150	0.40802	0.62336	8588.41797	0.33496	11982	1	0.42702	0.61892	1	0.38357	0.54956	1	0.40529	0.58424	1	0.48919	0.53480	11.00350	1.12845	1	0.74871	0.55750	11.28373	1.12845	1	-0.00226	-0.00852	0.68443	0.00307	1	0.06658	-0.01369	0.69423	0.00319	1	1.45898	0.81042	0	
1273536	8588.75977	3306687190255	0.40872	0.62435	8588.41797	0.34180	11982	1	0.54213	0.67959	1	0.37276	0.63525	1	0.45745	0.65742	1	0.48996	0.53491	11.57252	1.11936	1	0.74876	0.55799	11.52621	1.11936	1	-0.00226	-0.00852	0.68443	0.00326	1	0.06658	-0.01369	0.69423	0.00304	1	1.45898	0.81042	0	
1273537	8588.76660	3306687256539	0.40874	0.62425	8588.41797	0.34863	11982	1	0.47470	0.66040	1	0.37805	0.61843	1	0.42638	0.63942	1	0.48897	0.53475	11.12998	1.11028	1	0.74888	0.55789	11.33766	1.11028	1	-0.00226	-0.00852	0.68443	0.00289	1	0.06658	-0.01369	0.69423	0.00305	1	1.45898	0.81042	0	
1273538	8588.77344	3306687325787	0.40876	0.62415	8588.41797	0.35547	11982	1	0.47600	0.66466	1	0.37851	0.62316	1	0.42725	0.64391	1	0.48906	0.53478	11.04552	1.10119	1	0.74880	0.55779	11.31116	1.10119	1	-0.00227	-0.00862	0.68829	0.00301	1	0.06658	-0.01369	0.69423	0.00305	1	1.45898	0.81042	0	
1273539	8588.77930	3306687392848	0.40842	0.62449	8588.41797	0.36133	11982	1	0.46910	0.68262	1	0.40274	0.59548	1	0.43592	0.63905	1	0.48884	0.53477	11.10738	1.10119	1	0.74880	0.55777	11.40001	1.10119	1	-0.00227	-0.00862	0.68829	0.00297	1	0.06658	-0.01369	0.69423	0.00309	1	1.45898	0.81042	0	
1273540	8588.78613	3306687459869	0.40821	0.62509	8588.41797	0.36816	11982	1	0.46910	0.68262	1	0.40064	0.60399	1	0.43487	0.64330	1	0.48884	0.53477	11.10738	1.10119	1	0.74880	0.55777	11.51137	1.10119	1	-0.00227	-0.00862	0.68829	0.00297	1	0.06658	-0.01369	0.69423	0.00303	1	1.45898	0.81042	0	
1273541	8588.79297	3306687526012	0.40803	0.62585	8588.41797	0.37500	11982	1	0.46910	0.68262	1	0.40090	0.60867	1	0.43500	0.64564	1	0.48904	0.53476	10.68953	1.10119	1	0.74879	0.55787	11.51472	1.09251	1	-0.00227	-0.00862	0.68829	0.00300	1	0.06539	-0.01346	0.68242	0.00302	1	1.45898	0.81042	0	
1273542	8588.79980	3306687592702	0.40753	0.62693	8588.41797	0.38184	11982	1	0.44353	0.70442	1	0.37877	0.63592	1	0.41115	0.67017	1	0.48843	0.53497	10.44598	1.09251	1	0.74854	0.55792	11.64120	1.08383	1	-0.00227	-0.00862	0.68829	0.00301	1	0.06539	-0.01346	0.68242	0.00302	1	1.45898	0.81042	0	
1273543	8588.80664	3306687659874	0.40798	0.62762	8588.41797	0.38867	11982	1	0.45020	0.67927	1	0.39817	0.60468	1	0.42418	0.64198	1	0.48844	0.53463	10.56439	1.08383	1	0.74879	0.55761	11.23400	1.07515	1	-0.00227	-0.00862	0.68829	0.00288	1	0.06539	-0.01346	0.68242	0.00308	1	1.45898	0.81042	0	
1273544	8588.81348	3306687727203	0.40848	0.62850	8588.41797	0.39551	11982	1	0.45166	0.68329	1	0.39846	0.60947	1	0.42506	0.64638	1	0.48837	0.53467	10.59603	1.07515	1	0.74849	0.55798	11.73108	1.06647	1	-0.00236	-0.00858	0.68468	0.00288	1	0.06539	-0.01346	0.68242	0.00297	1	1.45898	0.81042	0	
1273545	8588.82031	3306687794240	0.40892	0.62962	8588.41797	0.40234	11982	1	0.43892	0.68428	1	0.40207	0.66422	1	0.42049	0.67425	1	0.48838	0.53513	10.52214	1.06647	1	0.74843	0.55816	11.82290	1.06647	1	-0.00236	-0.00858	0.68468	0.00298	1	0.06539	-0.01346	0.68242	0.00306	1	1.45898	0.81042	0	
1273546	8588.82617	3306687857902	0.40911	0.62937	8588.41797	0.40820	11982	1	0.45489	0.62517	1	0.40009	0.61237	1	0.42749	0.61877	1	0.48850	0.53509	10.59556	1.06647	1	0.74837	0.55821	12.09200	1.06647	1	-0.00236	-0.00858	0.68468	0.00293	1	0.06539	-0.01346	0.68242	0.00296	1	1.45898	0.81042	0	
1273547	8588.83301	3306687925592	0.42933	0.64469	8588.41797	0.40820	11982	0	0.45339	0.62043	1	0.40004	0.61159	1	0.42671	0.61601	1	0.48796	0.53503	10.76735	1.07556	1	0.74829	0.55798	12.32451	1.06790	1	-0.00249	-0.00886	0.70754	0.00295	1	0.06285	-0.01295	0.65641	0.00297	1	1.45898	0.81042	0	
1273548	8588.83984	3306687992320	0.42247	0.63437	8588.41797	0.40820	11982	0	0.44906	0.62751	1	0.38217	0.62060	1	0.41561	0.62405	1	0.48844	0.53505	10.55547	1.07698	1	0.74807	0.55770	12.02653	1.06932	1	-0.00249	-0.00886	0.70754	0.00283	1	0.06285	-0.01295	0.65641	0.00306	1	1.45898	0.81042	0	
1273549	8588.84668	3306688059481	0.41845	0.63781	8588.41797	0.40820	11982	0	0.43612	0.68276	1	0.38471	0.60664	1	0.41041	0.64470	1	0.48831	0.53524	10.49046	1.07841	1	0.74818	0.55777	12.20351	1.07075	1	-0.00249	-0.00886	0.70754	0.00296	1	0.06285	-0.01295	0.65641	0.00308	1	1.45898	0.81042	0	
1273550	8588.85254	3306688123801	0.41666	0.64051	8588.83301	0.01953	11983	1	0.43750	0.68630	1	0.38506	0.61086	1	0.41128	0.64858	1	0.48807	0.53532	10.71193	1.07075	1	0.74793	0.55740	11.26603	1.06309	1	-0.00245	-0.00852	0.68058	0.00282	1	0.06285	-0.01305	0.65641	0.00315	1	1.45898	0.81042	0	
1273551	8588.85938	3306688188823	0.42069	0.64877	8588.83301	0.02637	11983	1	0.49513	0.71921	1	0.37851	0.64449	1	0.43682	0.68185	1	0.48875	0.53551	11.04079	1.05400	1	0.74795	0.55795	11.41656	1.05400	1	-0.00245	-0.00852	0.68058	0.00311	1	0.06285	-0.01305	0.65641	0.00296	1	1.45898	0.81042	0	
1273552	8588.86719	3306688262705	0.42502	0.65511	8588.83301	0.03418	11983	1	0.51325	0.69330	1	0.38004	0.68028	1	0.44664	0.68679	1	0.48858	0.53560	11.46332	1.04492	1	0.74806	0.55822	11.79564	1.04492	1	-0.00245	-0.00852	0.68058	0.00298	1	0.06285	-0.01305	0.65641	0.00314	1	1.45898	0.81042	0	
1273553	8588.87305	3306688325307	0.42819	0.65999	8588.83301	0.04004	11983	1	0.51433	0.69752	1	0.38011	0.68098	1	0.44722	0.68925	1	0.48823	0.53571	11.08157	1.03583	1	0.74811	0.55812	11.48054	1.04349	1	-0.00246	-0.00861	0.68320	0.00296	1	0.06539	-0.01358	0.68348	0.00304	1	1.45898	0.81042	0	
1273554	8588.87988	3306688393043	0.42801	0.65930	8588.83301	0.04688	11983	1	0.45724	0.67736	1	0.39621	0.63159	1	0.42672	0.65447	1	0.48778	0.53552	10.76701	1.04349	1	0.74789	0.55836	11.04512	1.05115	1	-0.00246	-0.00861	0.68320	0.00285	1	0.06539	-0.01358	0.68348	0.00317	1	1.45898	0.81042	0	
1273555	8588.88672	3306688460500	0.42727	0.65702	8588.83301	0.05371	11983	1	0.44536	0.65668	1	0.39739	0.62094	1	0.42137	0.63881	1	0.48755	0.53526	10.25586	1.05115	1	0.74788	0.55839	11.08088	1.05881	1	-0.00246	-0.00861	0.68320	0.00300	1	0.06539	-0.01358	0.68348	0.00315	1	1.45898	0.81042	0	
1273556	8588.89355	3306688526842	0.42652	0.65453	8588.83301	0.06055	11983	1	0.44240	0.64831	1	0.39707	0.61599	1	0.41974	0.63215	1	0.48775	0.53547	10.35472	1.06790	1	0.74798	0.55832	11.25901	1.06790	1	-0.00259	-0.00898	0.70449	0.00293	1	0.06207	-0.01292	0.65029	0.00331	1	1.45898	0.81042	0	
1273557	8588.90039	3306688594635	0.42685	0.65332	8588.83301	0.06738	11983	1	0.45663	0.67233	1	0.40378	0.61009	1	0.43020	0.64121	1	0.48766	0.53560	10.54576	1.07698	1	0.74763	0.55817	11.83029	1.06932	1	-0.00259	-0.00898	0.70449	0.00284	1	0.06207	-0.01292	0.65029	0.00321	1	1.45898	0.81042	0	
1273558	8588.90723	3306688662804	0.42690	0.65399	8588.83301	0.07422	11983	1	0.44513	0.70828	1	0.40977	0.61433	1	0.42745	0.66130	1	0.48754	0.53575	10.53774	1.07841	1	0.74777	0.55829	11.23930	1.07075	1	-0.00259	-0.00898	0.70449	0.00288	1	0.06207	-0.01292	0.65029	0.00323	1	1.45898	0.81042	0	
1273559	8588.91309	3306688730572	0.42693	0.65450	8588.83301	0.08008	11983	1	0.44489	0.70765	1	0.40974	0.61355	1	0.42731	0.66060	1	0.48766	0.53561	10.31529	1.07983	1	0.74745	0.55878	11.96133	1.07218	1	-0.00257	-0.00898	0.70017	0.00283	1	0.06207	-0.01292	0.65029	0.00299	1	1.45898	0.81042	0	
1273560	8588.91992	3306688795827	0.42678	0.65279	8588.83301	0.08691	11983	1	0.45934	0.64367	1	0.39032	0.61750	1	0.42483	0.63058	1	0.48787	0.53572	11.09201	1.07218	1	0.74741	0.55881	12.01817	1.07218	1	-0.00257	-0.00898	0.70017	0.00276	1	0.06207	-0.01292	0.65029	0.00301	1	1.45898	0.81042	0	
1273561	8588.92676	3306688862333	0.42558	0.65292	8588.83301	0.09375	11983	1	0.44835	0.66865	1	0.36907	0.64076	1	0.40871	0.65471	1	0.48759	0.53590	10.65401	1.07218	1	0.74717	0.55884	11.48844	1.07218	1	-0.00257	-0.00898	0.70017	0.00283	1	0.06207	-0.01292	0.65029	0.00302	1	1.45898	0.81042	0	
1273562	8588.93359	3306688930449	0.42459	0.65331	8588.83301	0.10059	11983	1	0.44990	0.67299	1	0.36961	0.64547	1	0.40976	0.65923	1	0.48727	0.53560	10.39687	1.06309	1	0.74714	0.55857	10.95519	1.06309	1	-0.00265	-0.00871	0.67878	0.00287	1	0.06207	-0.01292	0.65029	0.00295	1	1.45898	0.81042	0	
1273563	8588.94043	3306688999731	0.42418	0.65449	8588.83301	0.10742	11983	1	0.46979	0.69682	1	0.36547	0.64989	1	0.41763	0.67335	1	0.48765	0.53621	10.26455	1.05400	1	0.74702	0.55890	11.52249	1.05400	1	-0.00265	-0.00871	0.67878	0.00286	1	0.06207	-0.01292	0.65029	0.00294	1	1.45898	0.81042	0	
1273564	8588.94727	3306689066297	0.42339	0.65468	8588.83301	0.11426	11983	1	0.44615	0.69884	1	0.37388	0.61695	1	0.41001	0.65789	1	0.48713	0.53623	11.03444	1.04492	1	0.74721	0.55866	11.38279	1.04492	1	-0.00265	-0.00871	0.67878	0.00290	1	0.06207	-0.01292	0.65029	0.00295	1	1.45898	0.81042	0	
1273565	8588.95410	3306689134233	0.42272	0.65485	8588.83301	0.12109	11983	1	0.44777	0.70303	1	0.37347	0.61293	1	0.41062	0.65798	1	0.48735	0.53658	10.36418	1.03583	1	0.74717	0.55840	11.14257	1.05217	1	-0.00264	-0.00875	0.67821	0.00290	1	0.06740	-0.01416	0.70726	0.00323	1	1.45898	0.81042	0	
1273566	8588.96094	3306689201684	0.42254	0.65477	8588.83301	0.12793	11983	1	0.44495	0.68552	1	0.39337	0.62086	1	0.41916	0.65319	1	0.48688	0.53641	10.41590	1.05217	1	0.74711	0.55859	10.88653	1.06851	1	-0.00264	-0.00875	0.67821	0.00292	1	0.06740	-0.01416	0.70726	0.00320	1	1.45898	0.81042	0	
1273567	8588.96777	3306689268286	0.42247	0.65460	8588.83301	0.13477	11983	1	0.44318	0.68871	1	0.39887	0.61360	1	0.42102	0.65116	1	0.48680	0.53658	10.24478	1.06851	1	0.74717	0.55877	11.11953	1.08485	1	-0.00264	-0.00875	0.67821	0.00283	1	0.06740	-0.01416	0.70726	0.00320	1	1.45898	0.81042	0	
1273568	8588.97363	3306689334109	0.42234	0.65427	8588.83301	0.14062	11983	1	0.44029	0.68118	1	0.39887	0.61360	1	0.41958	0.64739	1	0.48674	0.53666	10.24845	1.08485	1	0.74691	0.55861	11.49930	1.08485	1	-0.00265	-0.00881	0.67878	0.00288	1	0.06275	-0.01326	0.65948	0.00323	1	1.45898	0.81042	0	
1273569	8588.98047	3306689401443	0.42192	0.65359	8588.83301	0.14746	11983	1	0.43428	0.68636	1	0.39131	0.59113	1	0.41280	0.63875	1	0.48671	0.53667	10.28384	1.08485	1	0.74704	0.55836	10.79937	1.06851	1	-0.00265	-0.00881	0.67878	0.00290	1	0.06275	-0.01326	0.65948	0.00327	1	1.45898	0.81042	0	
1273570	8588.98730	3306689468212	0.42252	0.65424	8588.83301	0.15430	11983	1	0.45416	0.68040	1	0.41825	0.65766	1	0.43620	0.66903	1	0.48694	0.53653	10.04252	1.06851	1	0.74716	0.55909	11.30217	1.05217	1	-0.00265	-0.00881	0.67878	0.00286	1	0.06275	-0.01326	0.65948	0.00301	1	1.45898	0.81042	0	
1273571	8588.99414	3306689535353	0.42313	0.65515	8588.83301	0.16113	11983	1	0.45689	0.68805	1	0.41850	0.66606	1	0.43770	0.67706	1	0.48674	0.53679	10.07126	1.05217	1	0.74705	0.55948	11.29465	1.03583	1	-0.00280	-0.00907	0.69130	0.00288	1	0.06212	-0.01317	0.65291	0.00296	1	1.45898	0.81042	0	
1273572	8589.00098	3306689602444	0.42284	0.65616	8588.83301	0.16797	11983	1	0.43000	0.70883	1	0.40153	0.65383	1	0.41576	0.68133	1	0.48656	0.53714	10.67033	1.03583	1	0.74683	0.55948	11.85525	1.03583	1	-0.00280	-0.00907	0.69130	0.00286	1	0.06212	-0.01317	0.65291	0.00293	1	1.45898	0.81042	0	
1273573	8589.00781	3306689669726	0.42292	0.65594	8588.83301	0.17480	11983	1	0.45303	0.68243	1	0.39701	0.61839	1	0.42502	0.65041	1	0.48693	0.53679	10.76253	1.03583	1	0.74673	0.55897	10.37652	1.03583	1	-0.00280	-0.00907	0.69130	0.00276	1	0.06212	-0.01317	0.65291	0.00336	1	1.45898	0.81042	0	
1273574	8589.01367	3306689736531	0.42300	0.65575	8588.83301	0.18066	11983	1	0.45303	0.68243	1	0.39701	0.61839	1	0.42502	0.65041	1	0.48682	0.53693	10.26800	1.03583	1	0.74650	0.55966	11.22221	1.03583	1	-0.00280	-0.00907	0.69130	0.00278	1	0.06212	-0.01317	0.65291	0.00304	1	1.45898	0.81042	0	
1273575	8589.02051	3306689803334	0.42264	0.65671	8588.83301	0.18750	11983	1	0.44483	0.69118	1	0.38066	0.67590	1	0.41274	0.68354	1	0.48674	0.53702	10.51195	1.03583	1	0.74639	0.55974	11.34343	1.03583	1	-0.00280	-0.00907	0.69130	0.00284	1	0.06212	-0.01317	0.65291	0.00305	1	1.45898	0.81042	0	
1273576	8589.02734	3306689870170	0.42228	0.65712	8588.83301	0.19434	11983	1	0.44115	0.70324	1	0.38236	0.63498	1	0.41176	0.66911	1	0.48665	0.53702	9.89983	1.03583	1	0.74661	0.55949	11.37659	1.03583	1	-0.00280	-0.00907	0.69130	0.00287	1	0.06212	-0.01317	0.65291	0.00296	1	1.45898	0.81042	0	
1273577	8589.03418	3306689937243	0.42191	0.65736	8588.83301	0.20117	11983	1	0.43948	0.69905	1	0.38191	0.63005	1	0.41069	0.66455	1	0.48678	0.53700	10.02155	1.04492	1	0.74684	0.55994	12.28758	1.04492	1	-0.00286	-0.00909	0.69272	0.00277	1	0.06212	-0.01317	0.65291	0.00297	1	1.45898	0.81042	0	
1273578	8589.04102	3306690004351	0.42177	0.65812	8588.83301	0.20801	11983	1	0.44808	0.73169	1	0.38705	0.63207	1	0.41757	0.68188	1	0.48667	0.53782	11.13481	1.05400	1	0.74666	0.55973	11.32902	1.05400	1	-0.00286	-0.00909	0.69272	0.00280	1	0.06212	-0.01317	0.65291	0.00303	1	1.45898	0.81042	0	
1273579	8589.04688	3306690068683	0.42163	0.65869	8588.83301	0.21387	11983	1	0.45770	0.69227	1	0.37645	0.66156	1	0.41708	0.67691	1	0.48703	0.53769	10.64546	1.06309	1	0.74649	0.55998	11.76837	1.06309	1	-0.00286	-0.00909	0.69272	0.00281	1	0.06212	-0.01317	0.65291	0.00293	1	1.45898	0.81042	0	
1273580	8589.05469	3306690138642	0.42147	0.65910	8588.83301	0.22168	11983	1	0.45621	0.68809	1	0.37596	0.65699	1	0.41608	0.67254	1	0.48705	0.53743	10.20559	1.07218	1	0.74680	0.55969	10.80513	1.07218	1	-0.00278	-0.00923	0.69917	0.00286	1	0.06254	-0.01331	0.65725	0.00307	1	1.45898	0.81042	0	
1273581	8589.06055	3306690205218	0.42135	0.65924	8588.83301	0.22754	11983	1	0.44914	0.68381	1	0.38584	0.64441	1	0.41749	0.66411	1	0.48688	0.53736	10.13875	1.07218	1	0.74694	0.55999	11.08270	1.07218	1	-0.00278	-0.00923	0.69917	0.00287	1	0.06254	-0.01331	0.65725	0.00300	1	1.45898	0.81042	0	
1273582	8589.06738	3306690272348	0.42106	0.65908	8588.83301	0.23438	11983	1	0.44426	0.64725	1	0.37747	0.65905	1	0.41087	0.65315	1	0.48692	0.53740	10.27710	1.07218	1	0.74680	0.55998	11.57620	1.07218	1	-0.00278	-0.00923	0.69917	0.00291	1	0.06254	-0.01331	0.65725	0.00291	1	1.45898	0.81042	0	
1273583	8589.07422	3306690339360	0.42081	0.65904	8588.83301	0.24121	11983	1	0.44585	0.65178	1	0.37794	0.66361	1	0.41190	0.65769	1	0.48674	0.53776	10.60570	1.06309	1	0.74687	0.55970	11.48471	1.06309	1	-0.00264	-0.00895	0.67821	0.00288	1	0.06191	-0.01322	0.65065	0.00309	1	1.45898	0.81042	0	
1273584	8589.08105	3306690406216	0.42078	0.65938	8588.83301	0.24805	11983	1	0.43889	0.69272	1	0.40003	0.65126	1	0.41946	0.67199	1	0.48674	0.53770	10.39207	1.05400	1	0.74724	0.56005	10.94242	1.05400	1	-0.00264	-0.00895	0.67821	0.00289	1	0.06191	-0.01322	0.65065	0.00320	1	1.45898	0.81042	0	
1273585	8589.08789	3306690472984	0.42079	0.65973	8588.83301	0.25488	11983	1	0.45539	0.71121	1	0.38715	0.63526	1	0.42127	0.67324	1	0.48688	0.53766	10.44401	1.04492	1	0.74698	0.55971	10.73674	1.04492	1	-0.00264	-0.00895	0.67821	0.00275	1	0.06191	-0.01322	0.65065	0.00311	1	1.45898	0.81042	0	
1273586	8589.09473	3306690537897	0.42082	0.66013	8588.83301	0.26172	11983	1	0.45694	0.71530	1	0.38721	0.63603	1	0.42207	0.67566	1	0.48683	0.53758	10.30354	1.03583	1	0.74743	0.56006	11.26274	1.04349	1	-0.00264	-0.00895	0.67821	0.00280	1	0.06556	-0.01394	0.68848	0.00326	1	1.45898	0.81042	0	
1273587	8589.10156	3306690607222	0.42108	0.66064	8588.83301	0.26855	11983	1	0.45331	0.68159	1	0.40970	0.68017	1	0.43150	0.68088	1	0.48698	0.53746	9.91801	1.04349	1	0.74746	0.56003	11.06596	1.05115	1	-0.00264	-0.00895	0.67821	0.00283	1	0.06556	-0.01394	0.68848	0.00331	1	1.45898	0.81042	0	
1273588	8589.10840	3306690674285	0.42085	0.66050	8588.83301	0.27539	11983	1	0.43113	0.68421	1	0.39140	0.62556	1	0.41126	0.65488	1	0.48701	0.53747	9.85875	1.05115	1	0.74710	0.56005	11.40117	1.05881	1	-0.00264	-0.00895	0.67821	0.00285	1	0.06556	-0.01394	0.68848	0.00309	1	1.45898	0.81042	0	
1273589	8589.11426	3306690740943	0.42060	0.66023	8588.83301	0.28125	11983	1	0.42967	0.68058	1	0.39075	0.61674	1	0.41021	0.64866	1	0.48751	0.53747	9.64815	1.05881	1	0.74709	0.56010	11.33099	1.07515	1	-0.00265	-0.00901	0.67877	0.00290	1	0.06740	-0.01437	0.70726	0.00303	1	1.45898	0.81042	0	
1273590	8589.12109	3306690807366	0.42023	0.65974	8588.83301	0.28809	11983	1	0.41809	0.68479	1	0.39007	0.59314	1	0.40408	0.63896	1	0.48718	0.53755	10.13675	1.07515	1	0.74708	0.56017	11.34135	1.08383	1	-0.00265	-0.00901	0.67877	0.00282	1	0.06740	-0.01437	0.70726	0.00297	1	1.45898	0.81042	0	
1273591	8589.12793	3306690874994	0.41997	0.65946	8588.83301	0.29492	11983	1	0.42452	0.67037	1	0.39295	0.62395	1	0.40874	0.64716	1	0.48745	0.53750	9.78927	1.08383	1	0.74700	0.56012	11.45914	1.09251	1	-0.00265	-0.00901	0.67877	0.00287	1	0.06740	-0.01437	0.70726	0.00301	1	1.45898	0.81042	0	
1273592	8589.13477	3306690941210	0.41971	0.65915	8588.83301	0.30176	11983	1	0.42288	0.66627	1	0.39295	0.62395	1	0.40791	0.64511	1	0.48741	0.53767	9.57936	1.09251	1	0.74705	0.55996	10.99390	1.09251	1	-0.00265	-0.00901	0.67877	0.00290	1	0.06551	-0.01406	0.68689	0.00303	1	1.45898	0.81042	0	
1273593	8589.14160	3306691008686	0.41920	0.65891	8588.83301	0.30859	11983	1	0.43401	0.68466	1	0.35793	0.61062	1	0.39597	0.64764	1	0.48748	0.53780	9.66349	1.09251	1	0.74699	0.56024	11.00708	1.08383	1	-0.00265	-0.00901	0.67877	0.00283	1	0.06551	-0.01406	0.68689	0.00309	1	1.45898	0.81042	0	
1273594	8589.14844	3306691075951	0.41867	0.65883	8588.83301	0.31543	11983	1	0.43341	0.69162	1	0.35350	0.61890	1	0.39346	0.65526	1	0.48747	0.53778	9.54563	1.08383	1	0.74692	0.56019	11.16708	1.07515	1	-0.00265	-0.00901	0.67877	0.00283	1	0.06551	-0.01406	0.68689	0.00299	1	1.45898	0.81042	0	
1273595	8589.15430	3306691142968	0.41792	0.65905	8588.83301	0.32129	11983	1	0.43334	0.69144	1	0.35347	0.61869	1	0.39341	0.65506	1	0.48749	0.53771	9.47584	1.08424	1	0.74706	0.55995	11.32312	1.07556	1	-0.00265	-0.00925	0.69325	0.00290	1	0.06475	-0.01385	0.67884	0.00302	1	1.45898	0.81042	0	
1273596	8589.16113	3306691208595	0.41762	0.65965	8588.83301	0.32812	11983	1	0.42435	0.69881	1	0.37786	0.60682	1	0.40111	0.65281	1	0.48733	0.53783	10.36946	1.08464	1	0.74721	0.55970	10.97171	1.08464	1	-0.00265	-0.00925	0.69325	0.00280	1	0.06475	-0.01385	0.67884	0.00302	1	1.45898	0.81042	0	
1273597	8589.16797	3306691276880	0.41730	0.65976	8588.83301	0.33496	11983	1	0.42256	0.69223	1	0.36800	0.60803	1	0.39528	0.65013	1	0.48731	0.53777	9.77992	1.09373	1	0.74718	0.55988	11.01206	1.09373	1	-0.00265	-0.00925	0.69325	0.00285	1	0.06475	-0.01385	0.67884	0.00295	1	1.45898	0.81042	0	
1273598	8589.17480	3306691343463	0.41697	0.65979	8588.83301	0.34180	11983	1	0.42256	0.69223	1	0.36800	0.60803	1	0.39528	0.65013	1	0.48743	0.53795	9.75268	1.09373	1	0.74707	0.56006	11.35371	1.09373	1	-0.00256	-0.00900	0.68192	0.00286	1	0.06551	-0.01406	0.68689	0.00294	1	1.45898	0.81042	0	
1273599	8589.18164	3306691410897	0.41622	0.65934	8588.83301	0.34863	11983	1	0.42291	0.67497	1	0.37857	0.64505	1	0.40074	0.66001	1	0.48729	0.53763	10.28146	1.08464	1	0.74723	0.56025	11.41545	1.08464	1	-0.00256	-0.00900	0.68192	0.00285	1	0.06551	-0.01406	0.68689	0.00297	1	1.45898	0.81042	0	
1273600	8589.18848	3306691477834	0.41530	0.65904	8588.83301	0.35547	11983	1	0.43162	0.69407	1	0.37380	0.65074	1	0.40271	0.67241	1	0.48745	0.53761	9.64308	1.07556	1	0.74714	0.55995	11.26456	1.07556	1	-0.00256	-0.00900	0.68192	0.00297	1	0.06551	-0.01406	0.68689	0.00304	1	1.45898	0.81042	0	
1273601	8589.19531	3306691544581	0.41440	0.65882	8588.83301	0.36230	11983	1	0.43330	0.69819	1	0.37473	0.65923	1	0.40401	0.67871	1	0.48750	0.53774	9.64930	1.06647	1	0.74752	0.56008	10.58735	1.05881	1	-0.00246	-0.00902	0.68319	0.00285	1	0.06207	-0.01327	0.65029	0.00310	1	1.45898	0.81042	0	
1273602	8589.20215	3306691611932	0.41401	0.65979	8588.83301	0.36914	11983	1	0.45039	0.73342	1	0.36594	0.66913	1	0.40816	0.70127	1	0.48760	0.53756	9.73626	1.05881	1	0.74742	0.56013	11.05466	1.05115	1	-0.00246	-0.00902	0.68319	0.00290	1	0.06207	-0.01327	0.65029	0.00311	1	1.45898	0.81042	0	
1273603	8589.20801	3306691678728	0.41351	0.66104	8588.83301	0.37500	11983	1	0.42220	0.73714	1	0.37168	0.65993	1	0.39694	0.69854	1	0.48761	0.53759	10.23347	1.05115	1	0.74754	0.56010	10.62000	1.04349	1	-0.00246	-0.00902	0.68319	0.00277	1	0.06207	-0.01327	0.65029	0.00313	1	1.45898	0.81042	0	
1273604	8589.21484	3306691745661	0.41305	0.66245	8588.83301	0.38184	11983	1	0.42372	0.74038	1	0.37168	0.65993	1	0.39770	0.70016	1	0.48778	0.53737	9.58402	1.04349	1	0.74795	0.56023	11.38956	1.04349	1	-0.00246	-0.00902	0.68319	0.00280	1	0.06528	-0.01394	0.68341	0.00296	1	1.45898	0.81042	0	
1273605	8589.22168	3306691812906	0.41254	0.66333	8588.83301	0.38867	11983	1	0.41473	0.71417	1	0.39752	0.65247	1	0.40613	0.68332	1	0.48747	0.53720	9.94085	1.04349	1	0.74787	0.55991	10.97872	1.05115	1	-0.00246	-0.00902	0.68319	0.00282	1	0.06528	-0.01394	0.68341	0.00298	1	1.45898	0.81042	0	AUDIO_FILE_OFFSET
1273606	8589.22852	3306691879674	0.41207	0.66339	8588.83301	0.39551	11983	1	0.41706	0.69603	1	0.39243	0.63250	1	0.40474	0.66427	1	0.48738	0.53710	10.03981	1.05115	1	0.74784	0.55969	10.90590	1.05881	1	-0.00246	-0.00902	0.68319	0.00297	1	0.06528	-0.01394	0.68341	0.00314	1	1.45898	0.81042	0	
1273607	8589.23535	3306691946634	0.41158	0.66339	8588.83301	0.40234	11983	1	0.41551	0.69249	1	0.39213	0.62842	1	0.40382	0.66045	1	0.48799	0.53750	9.44401	1.05881	1	0.74780	0.55974	10.88464	1.06647	1	-0.00245	-0.00893	0.68057	0.00287	1	0.06522	-0.01391	0.68171	0.00310	1	1.45898	0.81042	0	
1273608	8589.24219	3306692013941	0.41108	0.66415	8588.83301	0.40918	11983	1	0.43352	0.71910	1	0.36834	0.61538	1	0.40093	0.66724	1	0.48813	0.53719	9.72071	1.06647	1	0.74787	0.55981	11.05176	1.06647	1	-0.00245	-0.00893	0.68057	0.00278	1	0.06522	-0.01391	0.68171	0.00303	1	1.45898	0.81042	0	
1273609	8589.24805	3306692077963	0.41095	0.66428	8588.83301	0.41504	11983	1	0.43203	0.70864	1	0.37289	0.61255	1	0.40246	0.66059	1	0.48815	0.53728	9.65677	1.06647	1	0.74789	0.55961	10.71486	1.06647	1	-0.00245	-0.00893	0.68057	0.00274	1	0.06522	-0.01391	0.68171	0.00310	1	1.45898	0.81042	0	
1273610	8589.25488	3306692145207	0.41078	0.66421	8588.83301	0.42188	11983	1	0.43034	0.70461	1	0.37237	0.60758	1	0.40135	0.65609	1	0.48820	0.53700	9.91049	1.07556	1	0.74786	0.55980	10.67894	1.07556	1	-0.00234	-0.00911	0.69376	0.00278	1	0.06539	-0.01389	0.68348	0.00310	1	1.45898	0.81042	0	STOP_TRIAL
1273762	8590.27344	3306702328762	0.51116	0.47567	8590.24023	0.03320	11989	1	0.55620	0.45063	1	0.49444	0.51300	1	0.52532	0.48182	1	0.49293	0.53200	10.72745	1.06647	1	0.75331	0.55634	11.48056	1.06647	1	-0.00165	-0.00837	0.68907	0.00319	1	0.06605	-0.01335	0.68183	0.00334	1	1.45898	0.81042	0	START_TRIAL
1273763	8590.28027	3306702396284	0.51318	0.47655	8590.24023	0.04004	11989	1	0.55620	0.45063	1	0.49444	0.51300	1	0.52532	0.48182	1	0.49266	0.53141	10.24970	1.06647	1	0.75362	0.55654	11.38155	1.06647	1	-0.00165	-0.00837	0.68907	0.00346	1	0.06556	-0.01323	0.67567	0.00335	1	1.45898	0.81042	0	
1273764	8590.28613	3306702461186	0.51360	0.47596	8590.24023	0.04590	11989	1	0.53710	0.44737	1	0.49594	0.49635	1	0.51652	0.47186	1	0.49268	0.53171	10.25126	1.06647	1	0.75348	0.55625	11.41762	1.06647	1	-0.00165	-0.00837	0.68907	0.00338	1	0.06556	-0.01323	0.67567	0.00341	1	1.45898	0.81042	0	
1273765	8590.29297	3306702527347	0.51508	0.47849	8590.24023	0.05273	11989	1	0.54816	0.49341	1	0.50564	0.50392	1	0.52690	0.49867	1	0.49284	0.53195	10.89598	1.06647	1	0.75351	0.55628	11.10016	1.06647	1	-0.00165	-0.00837	0.68907	0.00327	1	0.06556	-0.01323	0.67567	0.00342	1	1.45898	0.81042	0	
1273766	8590.29980	3306702592324	0.51626	0.48050	8590.24023	0.05957	11989	1	0.54816	0.49341	1	0.50564	0.50392	1	0.52690	0.49867	1	0.49268	0.53180	10.36299	1.06647	1	0.75358	0.55661	11.35367	1.06647	1	-0.00165	-0.00837	0.68907	0.00337	1	0.06556	-0.01323	0.67567	0.00333	1	1.45898	0.81042	0	
1273767	8590.30664	3306702661032	0.51614	0.48261	8590.24023	0.06641	11989	1	0.53237	0.48966	1	0.49741	0.51763	1	0.51489	0.50364	1	0.49262	0.53195	10.43319	1.06647	1	0.75340	0.55644	11.62676	1.06647	1	-0.00165	-0.00837	0.68907	0.00325	1	0.06556	-0.01323	0.67567	0.00335	1	1.45898	0.81042	0	
1273768	8590.31348	3306702729651	0.51657	0.48227	8590.24023	0.07324	11989	1	0.54406	0.46637	1	0.49858	0.49064	1	0.52132	0.47850	1	0.49279	0.53164	10.66042	1.06647	1	0.75347	0.55630	12.00697	1.06647	1	-0.00165	-0.00837	0.68907	0.00341	1	0.06556	-0.01323	0.67567	0.00330	1	1.45898	0.81042	0	
1273769	8590.32031	3306702795444	0.51693	0.48198	8590.24023	0.08008	11989	1	0.54406	0.46637	1	0.49858	0.49064	1	0.52132	0.47850	1	0.49278	0.53136	10.47923	1.06647	1	0.75340	0.55637	11.96887	1.06647	1	-0.00165	-0.00837	0.68907	0.00351	1	0.06556	-0.01323	0.67567	0.00331	1	1.45898	0.81042	0	
1273770	8590.32715	3306702861881	0.51763	0.48092	8590.24023	0.08691	11989	1	0.53848	0.45005	1	0.51487	0.48431	1	0.52668	0.46718	1	0.49276	0.53147	10.61396	1.06647	1	0.75373	0.55606	11.47539	1.06647	1	-0.00165	-0.00837	0.68907	0.00347	1	0.06556	-0.01323	0.67567	0.00324	1	1.45898	0.81042	0	
1273771	8590.33301	3306702929871	0.51797	0.48123	8590.24023	0.09277	11989	1	0.55067	0.49607	1	0.49496	0.47493	1	0.52282	0.48550	1	0.49286	0.53189	10.74368	1.06647	1	0.75339	0.55605	11.62045	1.06647	1	-0.00165	-0.00837	0.68907	0.00329	1	0.06556	-0.01323	0.67567	0.00321	1	1.45898	0.81042	0	
1273772	8590.33984	3306702996450	0.51827	0.48112	8590.24023	0.09961	11989	1	0.54992	0.49026	1	0.49546	0.46872	1	0.52269	0.47949	1	0.49310	0.53194	10.80434	1.07556	1	0.75375	0.55642	11.61979	1.07556	1	-0.00163	-0.00851	0.70004	0.00308	1	0.06633	-0.01333	0.68366	0.00332	1	1.45898	0.81042	0	
1273773	8590.34668	3306703063079	0.51888	0.48130	8590.24023	0.10645	11989	1	0.54326	0.48845	1	0.51397	0.47991	1	0.52861	0.48418	1	0.49312	0.53213	11.47631	1.08464	1	0.75363	0.55618	11.33733	1.08464	1	-0.00163	-0.00851	0.70004	0.00307	1	0.06633	-0.01333	0.68366	0.00333	1	1.45898	0.81042	0	
1273774	8590.35352	3306703130684	0.51859	0.48108	8590.24023	0.11328	11989	1	0.52193	0.48141	1	0.50563	0.47354	1	0.51378	0.47747	1	0.49284	0.53188	10.44688	1.09373	1	0.75349	0.55632	11.63563	1.09373	1	-0.00163	-0.00851	0.70004	0.00311	1	0.06633	-0.01333	0.68366	0.00330	1	1.45898	0.81042	0	
1273775	8590.36035	3306703199438	0.51836	0.48074	8590.24023	0.12012	11989	1	0.52193	0.48141	1	0.50618	0.46774	1	0.51406	0.47458	1	0.49288	0.53209	10.86059	1.09373	1	0.75379	0.55483	10.95172	1.10241	1	-0.00154	-0.00830	0.68278	0.00311	1	0.06779	-0.01367	0.69813	0.00401	1	1.45898	0.81042	0	
1273776	8590.36719	3306703266734	0.51823	0.48072	8590.24023	0.12695	11989	1	0.53632	0.46881	1	0.49538	0.49197	1	0.51585	0.48039	1	0.49311	0.53188	11.32070	1.09332	1	0.75371	0.55638	11.18770	1.10200	1	-0.00154	-0.00830	0.68278	0.00315	1	0.06779	-0.01367	0.69813	0.00343	1	1.45898	0.81042	0	
1273777	8590.37402	3306703333835	0.51818	0.48217	8590.24023	0.13379	11989	1	0.53409	0.51627	1	0.50018	0.50587	1	0.51713	0.51107	1	0.49300	0.53191	11.13315	1.09292	1	0.75380	0.55659	11.13373	1.10160	1	-0.00154	-0.00830	0.68278	0.00309	1	0.06779	-0.01367	0.69813	0.00330	1	1.45898	0.81042	0	
1273778	8590.38086	3306703400969	0.51812	0.48362	8590.24023	0.14062	11989	1	0.53413	0.51652	1	0.49965	0.51162	1	0.51689	0.51407	1	0.49305	0.53158	10.94774	1.09251	1	0.75392	0.55655	11.14013	1.09251	1	-0.00154	-0.00830	0.68278	0.00321	1	0.06719	-0.01353	0.69141	0.00338	1	1.45898	0.81042	0	
1273779	8590.38770	3306703467764	0.51838	0.48253	8590.24023	0.14746	11989	1	0.53499	0.44604	1	0.51346	0.47113	1	0.52422	0.45859	1	0.49313	0.53157	10.77713	1.09251	1	0.75402	0.55620	11.79979	1.08383	1	-0.00154	-0.00830	0.68278	0.00324	1	0.06719	-0.01353	0.69141	0.00328	1	1.45898	0.81042	0	
1273780	8590.39355	3306703534598	0.51920	0.48225	8590.24023	0.15332	11989	1	0.56167	0.47183	1	0.51404	0.47969	1	0.53786	0.47576	1	0.49344	0.53164	10.25938	1.08383	1	0.75404	0.55620	11.67529	1.07515	1	-0.00154	-0.00830	0.68278	0.00332	1	0.06719	-0.01353	0.69141	0.00327	1	1.45898	0.81042	0	
1273781	8590.40039	3306703601579	0.51994	0.48222	8590.24023	0.16016	11989	1	0.56231	0.47748	1	0.51341	0.48555	1	0.53786	0.48151	1	0.49338	0.53158	10.31602	1.07515	1	0.75385	0.55567	11.67187	1.06647	1	-0.00157	-0.00840	0.69599	0.00326	1	0.06719	-0.01348	0.69141	0.00344	1	1.45898	0.81042	0	
1273782	8590.40723	3306703668464	0.52013	0.48089	8590.24023	0.16699	11989	1	0.56673	0.46022	1	0.48272	0.43486	1	0.52472	0.44754	1	0.49355	0.53137	10.48986	1.06647	1	0.75391	0.55563	11.35826	1.06647	1	-0.00157	-0.00840	0.69599	0.00337	1	0.06719	-0.01348	0.69141	0.00355	1	1.45898	0.81042	0	
1273783	8590.41406	3306703736040	0.52073	0.48282	8590.24023	0.17383	11989	1	0.58636	0.54676	1	0.48623	0.51949	1	0.53629	0.53312	1	0.49377	0.53156	10.73689	1.06647	1	0.75398	0.55603	11.54510	1.06647	1	-0.00157	-0.00840	0.69599	0.00337	1	0.06719	-0.01348	0.69141	0.00336	1	1.45898	0.81042	0	
1273784	8590.42090	3306703802572	0.52128	0.48462	8590.24023	0.18066	11989	1	0.58636	0.54676	1	0.48623	0.51949	1	0.53629	0.53312	1	0.49410	0.53246	9.64531	1.06647	1	0.75411	0.55631	11.62555	1.06647	1	-0.00143	-0.00809	0.68275	0.00314	1	0.06719	-0.01338	0.69141	0.00319	1	1.45898	0.81042	0	
1273785	8590.42773	3306703869591	0.52315	0.49164	8590.24023	0.18750	11989	1	0.58636	0.54676	0	0.57556	0.68819	1	0.57556	0.68819	1	0.49410	0.53246	9.64531	1.06647	0	0.75518	0.55733	11.14823	1.06647	1	-0.00143	-0.00809	0.68275	0.00314	1	0.06719	-0.01338	0.69141	0.00323	1	1.45898	0.81042	0	
1273786	8590.43457	3306703936708	0.52315	0.49164	8590.24023	0.19434	11989	1	0.58636	0.54676	0	0.57556	0.68819	0	0.57556	0.68819	0	0.49410	0.53246	9.64531	1.06647	0	0.75518	0.55733	11.14823	1.06647	0	-0.00143	-0.00809	0.68275	0.00314	1	0.06719	-0.01338	0.69141	0.00323	1	1.45898	0.81042	0	
1273787	8590.44043	3306704002802	0.52315	0.49164	8590.24023	0.20020	11989	1	0.58636	0.54676	0	0.57556	0.68819	0	0.57556	0.68819	0	0.49410	0.53246	9.64531	1.06647	0	0.75518	0.55733	11.14823	1.06647	0	-0.00143	-0.00809	0.68275	0.00314	1	0.06719	-0.01338	0.69141	0.00323	1	1.45898	0.81042	0	
1273788	8590.44727	3306704068961	0.52315	0.49164	8590.24023	0.20703	11989	1	0.58636	0.54676	0	0.57556	0.68819	0	0.57556	0.68819	0	0.49410	0.53246	9.64531	1.06647	0	0.75518	0.55733	11.14823	1.06647	0	-0.00143	-0.00809	0.68275	0.00314	1	0.06719	-0.01338	0.69141	0.00323	1	1.45898	0.81042	0	
1273789	8590.45410	3306704137573	0.52921	0.50628	8590.24023	0.20703	11989	0	0.58636	0.54676	0	0.57556	0.68819	0	0.57556	0.68819	0	0.49410	0.53246	9.64531	1.06647	0	0.75518	0.55733	11.14823	1.06647	0	-0.00143	-0.00809	0.68275	0.00314	1	0.06719	-0.01338	0.69141	0.00323	1	1.45898	0.81042	0	
1273790	8590.46094	3306704204405	0.52921	0.50628	8590.24023	0.20703	11989	0	0.58636	0.54676	0	0.57556	0.68819	0	0.57556	0.68819	0	0.49410	0.53246	9.64531	1.06647	0	0.75518	0.55733	11.14823	1.06647	0	-0.00143	-0.00809	0.68275	0.00314	1	0.06719	-0.01338	0.69141	0.00323	1	1.45898	0.81042	0	
1273791	8590.46777	3306704271334	0.52921	0.50628	8590.24023	0.20703	11989	0	0.58636	0.54676	0	0.57556	0.68819	0	0.57556	0.68819	0	0.49410	0.53246	9.64531	1.06647	0	0.75518	0.55733	11.14823	1.06647	0	-0.00143	-0.00809	0.68275	0.00314	1	0.06719	-0.01338	0.69141	0.00323	1	1.45898	0.81042	0	
1273792	8590.47461	3306704338639	0.00000	0.00000	8590.24023	0.20703	11989	0	0.58636	0.54676	0	0.57556	0.68819	0	0.57556	0.68819	0	0.49410	0.53246	9.64531	1.06647	0	0.75518	0.55733	11.14823	1.06647	0	-0.00143	-0.00809	0.68275	0.00314	1	0.06719	-0.01338	0.69141	0.00323	1	1.45898	0.81042	0	
1273793	8590.48145	3306704404768	0.00000	0.00000	8590.24023	0.20703	11989	0	0.58636	0.54676	0	0.57556	0.68819	0	0.57556	0.68819	0	0.49410	0.53246	9.64531	1.06647	0	0.75518	0.55733	11.14823	1.06647	0	-0.00143	-0.00809	0.68275	0.00314	1	0.06719	-0.01338	0.69141	0.00323	1	1.45898	0.81042	0	
1273794	8590.48730	3306704472145	0.00000	0.00000	8590.24023	0.20703	11989	0	0.58636	0.54676	0	0.57556	0.68819	0	0.57556	0.68819	0	0.49410	0.53246	9.64531	1.06647	0	0.75518	0.55733	11.14823	1.06647	0	-0.00143	-0.00809	0.68275	0.00314	1	0.06719	-0.01338	0.69141	0.00323	1	1.45898	0.81042	0	
1273795	8590.49414	3306704539517	0.00000	0.00000	8590.24023	0.20703	11989	0	0.58636	0.54676	0	0.57556	0.68819	0	0.57556	0.68819	0	0.49410	0.53246	9.64531	1.06647	0	0.75518	0.55733	11.14823	1.06647	0	-0.00143	-0.00809	0.68275	0.00314	1	0.06719	-0.01338	0.69141	0.00323	1	1.45898	0.81042	0	
1273796	8590.50098	3306704606374	0.00000	0.00000	8590.24023	0.20703	11989	0	0.58636	0.54676	0	0.57556	0.68819	0	0.57556	0.68819	0	0.49410	0.53246	9.64531	1.06647	0	0.75518	0.55733	11.14823	1.06647	0	-0.00143	-0.00809	0.68275	0.00314	1	0.06719	-0.01338	0.69141	0.00323	1	1.45898	0.81042	0	
1273797	8590.50781	3306704670832	0.00000	0.00000	8590.24023	0.20703	11989	0	0.58636	0.54676	0	0.57556	0.68819	0	0.57556	0.68819	0	0.49410	0.53246	9.64531	1.06647	0	0.75518	0.55733	11.14823	1.06647	0	-0.00143	-0.00809	0.68275	0.00314	1	0.06719	-0.01338	0.69141	0.00323	1	1.45898	0.81042	0	
1273798	8590.51465	3306704737298	0.00000	0.00000	8590.24023	0.20703	11989	0	0.58636	0.54676	0	0.57556	0.68819	0	0.57556	0.68819	0	0.49410	0.53246	9.64531	1.06647	0	0.75518	0.55733	11.14823	1.06647	0	-0.00143	-0.00809	0.68275	0.00314	1	0.06719	-0.01338	0.69141	0.00323	1	1.45898	0.81042	0	
1273799	8590.52051	3306704801121	0.00000	0.00000	8590.24023	0.20703	11989	0	0.58636	0.54676	0	0.57556	0.68819	0	0.57556	0.68819	0	0.49410	0.53246	9.64531	1.06647	0	0.75518	0.55733	11.14823	1.06647	0	-0.00143	-0.00809	0.68275	0.00314	1	0.06719	-0.01338	0.69141	0.00323	1	1.45898	0.81042	0	
1273800	8590.52832	3306704875818	0.00000	0.00000	8590.24023	0.20703	11989	0	0.58636	0.54676	0	0.57556	0.68819	0	0.57556	0.68819	0	0.49410	0.53246	9.64531	1.06647	0	0.75518	0.55733	11.14823	1.06647	0	-0.00143	-0.00809	0.68275	0.00314	1	0.06719	-0.01338	0.69141	0.00323	1	1.45898	0.81042	0	
1273801	8590.53516	3306704942899	0.00000	0.00000	8590.24023	0.20703	11989	0	0.58636	0.54676	0	0.57556	0.68819	0	0.57556	0.68819	0	0.49410	0.53246	9.64531	1.06647	0	0.75518	0.55733	11.14823	1.06647	0	-0.00143	-0.00809	0.68275	0.00314	1	0.06719	-0.01338	0.69141	0.00323	1	1.45898	0.81042	0	
1273802	8590.54102	3306705008123	0.00000	0.00000	8590.24023	0.20703	11989	0	0.58636	0.54676	0	0.57556	0.68819	0	0.57556	0.68819	0	0.49410	0.53246	9.64531	1.06647	0	0.75518	0.55733	11.14823	1.06647	0	-0.00143	-0.00809	0.68275	0.00314	1	0.06719	-0.01338	0.69141	0.00323	1	1.45898	0.81042	0	
1273803	8590.54785	3306705074790	0.00000	0.00000	8590.24023	0.20703	11989	0	0.58636	0.54676	0	0.57556	0.68819	0	0.57556	0.68819	0	0.49410	0.53246	9.64531	1.06647	0	0.75518	0.55733	11.14823	1.06647	0	-0.00143	-0.00809	0.68275	0.00314	1	0.06719	-0.01338	0.69141	0.00323	1	1.45898	0.81042	0	
1273804	8590.55469	3306705140822	0.00000	0.00000	8590.24023	0.20703	11989	0	0.58636	0.54676	0	0.57556	0.68819	0	0.57556	0.68819	0	0.49410	0.53246	9.64531	1.06647	0	0.75518	0.55733	11.14823	1.06647	0	-0.00143	-0.00809	0.68275	0.00314	1	0.06719	-0.01338	0.69141	0.00323	1	1.45898	0.81042	0	
1273805	8590.56152	3306705210083	0.00000	0.00000	8590.24023	0.20703	11989	0	0.58636	0.54676	0	0.57556	0.68819	0	0.57556	0.68819	0	0.49410	0.53246	9.64531	1.06647	0	0.75518	0.55733	11.14823	1.06647	0	-0.00143	-0.00809	0.68275	0.00314	1	0.06719	-0.01338	0.69141	0.00323	1	1.45898	0.81042	0	
1273806	8590.56836	3306705275448	0.00000	0.00000	8590.24023	0.20703	11989	0	0.58636	0.54676	0	0.57556	0.68819	0	0.57556	0.68819	0	0.49410	0.53246	9.64531	1.06647	0	0.75518	0.55733	11.14823	1.06647	0	-0.00143	-0.00809	0.68275	0.00314	1	0.06719	-0.01338	0.69141	0.00323	1	1.45898	0.81042	0	
1273807	8590.57520	3306705343053	0.00000	0.00000	8590.24023	0.20703	11989	0	0.58636	0.54676	0	0.57556	0.68819	0	0.57556	0.68819	0	0.49410	0.53246	9.64531	1.06647	0	0.75518	0.55733	11.14823	1.06647	0	-0.00143	-0.00809	0.68275	0.00314	1	0.06719	-0.01338	0.69141	0.00323	1	1.45898	0.81042	0	
1273808	8590.58105	3306705410377	0.00000	0.00000	8590.24023	0.20703	11989	0	0.58636	0.54676	0	0.57556	0.68819	0	0.57556	0.68819	0	0.49410	0.53246	9.64531	1.06647	0	0.75518	0.55733	11.14823	1.06647	0	-0.00143	-0.00809	0.68275	0.00314	1	0.06719	-0.01338	0.69141	0.00323	1	1.45898	0.81042	0	
1273809	8590.58789	3306705477053	0.00000	0.00000	8590.24023	0.20703	11989	0	0.58636	0.54676	0	0.57556	0.68819	0	0.57556	0.68819	0	0.49410	0.53246	9.64531	1.06647	0	0.75518	0.55733	11.14823	1.06647	0	-0.00143	-0.00809	0.68275	0.00314	1	0.06719	-0.01338	0.69141	0.00323	1	1.45898	0.81042	0	
1273810	8590.59473	3306705543795	0.00000	0.00000	8590.24023	0.20703	11989	0	0.58636	0.54676	0	0.57556	0.68819	0	0.57556	0.68819	0	0.49410	0.53246	9.64531	1.06647	0	0.75518	0.55733	11.14823	1.06647	0	-0.00143	-0.00809	0.68275	0.00314	1	0.06719	-0.01338	0.69141	0.00323	1	1.45898	0.81042	0	
1273811	8590.60156	3306705610552	0.00000	0.00000	8590.24023	0.20703	11989	0	0.58636	0.54676	0	0.57556	0.68819	0	0.57556	0.68819	0	0.49410	0.53246	9.64531	1.06647	0	0.75518	0.55733	11.14823	1.06647	0	-0.00143	-0.00809	0.68275	0.00314	1	0.06719	-0.01338	0.69141	0.00323	1	1.45898	0.81042	0	
1273812	8590.60840	3306705678392	0.00000	0.00000	8590.24023	0.20703	11989	0	0.58636	0.54676	0	0.57556	0.68819	0	0.57556	0.68819	0	0.49410	0.53246	9.64531	1.06647	0	0.75518	0.55733	11.14823	1.06647	0	-0.00143	-0.00809	0.68275	0.00314	1	0.06719	-0.01338	0.69141	0.00323	1	1.45898	0.81042	0	
1273813	8590.61523	3306705744695	0.00000	0.00000	8590.24023	0.20703	11989	0	0.58636	0.54676	0	0.57556	0.68819	0	0.57556	0.68819	0	0.49410	0.53246	9.64531	1.06647	0	0.75518	0.55733	11.14823	1.06647	0	-0.00143	-0.00809	0.68275	0.00314	1	0.06719	-0.01338	0.69141	0.00323	1	1.45898	0.81042	0	
1273814	8590.62207	3306705811883	0.00000	0.00000	8590.24023	0.20703	11989	0	0.58636	0.54676	0	0.57556	0.68819	0	0.57556	0.68819	0	0.49410	0.53246	9.64531	1.06647	0	0.75518	0.55733	11.14823	1.06647	0	-0.00143	-0.00809	0.68275	0.00314	1	0.06719	-0.01338	0.69141	0.00323	1	1.45898	0.81042	0	
1273815	8590.62793	3306705878909	0.19107	0.18166	8590.24023	0.20703	11989	0	0.58636	0.54676	0	0.38215	0.36333	1	0.38215	0.36333	1	0.49410	0.53246	9.64531	1.06647	0	0.49125	0.52748	10.97119	1.06647	1	-0.00143	-0.00809	0.68275	0.00314	1	0.06719	-0.01338	0.69141	0.00347	1	1.45898	0.81042	0	
1273816	8590.63477	3306705945643	0.37746	0.33749	8590.24023	0.20703	11989	0	0.58636	0.54676	0	0.37278	0.31165	1	0.37278	0.31165	1	0.49410	0.53246	9.64531	1.06647	0	0.49114	0.52732	10.56668	1.06647	1	-0.00143	-0.00809	0.68275	0.00314	1	0.06719	-0.01338	0.69141	0.00351	1	1.45898	0.81042	0	
1273817	8590.64160	3306706012975	0.37512	0.32457	8590.24023	0.20703	11989	0	0.58636	0.54676	0	0.37278	0.31165	1	0.37278	0.31165	1	0.49410	0.53246	9.64531	1.06647	0	0.49142	0.52744	10.79085	1.06647	1	-0.00143	-0.00809	0.68275	0.00314	1	-0.00194	-0.00765	0.67972	0.00341	1	1.45898	0.81042	0	
1273818	8590.64844	3306706079928	0.37905	0.26870	8590.24023	0.20703	11989	0	0.58636	0.54676	0	0.38690	0.15696	1	0.38690	0.15696	1	0.49410	0.53246	9.64531	1.06647	0	0.49088	0.52541	10.97650	1.06647	1	-0.00143	-0.00809	0.68275	0.00314	1	-0.00194	-0.00765	0.67972	0.00221	1	1.45898	0.81042	0	
1273819	8590.65527	3306706146913	0.38972	0.20628	8590.24023	0.20703	11989	0	0.58636	0.54676	0	0.40948	0.15023	1	0.40948	0.15023	1	0.49410	0.53246	9.64531	1.06647	0	0.49092	0.52526	10.93890	1.06647	1	-0.00143	-0.00809	0.68275	0.00314	1	-0.00194	-0.00765	0.67972	0.00224	1	1.45898	0.81042	0	
1273820	8590.66211	3306706214065	0.39950	0.17401	8590.24023	0.20703	11989	0	0.58636	0.54676	0	0.40929	0.14173	1	0.40929	0.14173	1	0.49410	0.53246	9.64531	1.06647	0	0.49065	0.52529	10.45028	1.07515	1	-0.00143	-0.00809	0.68275	0.00314	1	-0.00218	-0.00796	0.70765	0.00222	1	1.45898	0.81042	0	
1273821	8590.66895	3306706280891	0.39397	0.21792	8590.24023	0.20703	11989	0	0.58636	0.54676	0	0.38291	0.30574	1	0.38291	0.30574	1	0.49410	0.53246	9.64531	1.07515	0	0.49100	0.52712	10.77611	1.08383	1	-0.00143	-0.00809	0.68275	0.00314	1	-0.00218	-0.00796	0.70765	0.00390	1	1.45898	0.81042	0	
1273822	8590.67480	3306706347593	0.39389	0.25037	8590.65527	0.01953	11990	1	0.58636	0.54676	0	0.39364	0.34774	1	0.39364	0.34774	1	0.49410	0.53246	9.64531	1.08383	0	0.49071	0.52760	10.70354	1.09251	1	-0.00143	-0.00809	0.68275	0.00314	1	-0.00218	-0.00796	0.70765	0.00376	1	1.45898	0.81042	0	
1273823	8590.68164	3306706414917	0.39378	0.26850	8590.65527	0.02637	11990	1	0.58636	0.54676	0	0.39333	0.34102	1	0.39333	0.34102	1	0.49410	0.53246	9.64531	1.09251	0	0.49060	0.52767	10.60985	1.10119	1	-0.00143	-0.00809	0.68275	0.00314	1	-0.00218	-0.00796	0.70765	0.00372	1	1.45898	0.81042	0	
1273824	8590.68848	3306706479667	0.39482	0.27829	8590.65527	0.03320	11990	1	0.58636	0.54676	0	0.40004	0.32721	1	0.40004	0.32721	1	0.49410	0.53246	9.64531	1.10119	0	0.49081	0.52806	10.81722	1.10119	1	-0.00143	-0.00809	0.68275	0.00314	1	-0.00218	-0.00796	0.70765	0.00374	1	1.45898	0.81042	0	
1273825	8590.69531	3306706549352	0.41103	0.28421	8590.65527	0.04004	11990	1	0.51978	0.31374	1	0.49685	0.32578	1	0.50832	0.31976	1	0.49060	0.52751	10.70836	1.10119	1	0.75169	0.55126	11.92520	1.10119	1	-0.00143	-0.00809	0.68275	0.00383	1	-0.00218	-0.00796	0.70765	0.00379	1	1.45898	0.81042	0	
1273826	8590.70117	3306706611358	0.42314	0.28947	8590.65527	0.04590	11990	1	0.51978	0.31374	1	0.49596	0.33880	1	0.50787	0.32627	1	0.49035	0.52787	10.24939	1.10119	1	0.75120	0.55117	12.04009	1.08485	1	-0.00215	-0.00769	0.68346	0.00359	1	0.06384	-0.01223	0.66263	0.00400	1	1.45898	0.81042	0	
1273827	8590.70801	3306706679822	0.43102	0.30173	8590.65527	0.05273	11990	1	0.52775	0.41177	1	0.46035	0.38783	1	0.49405	0.39980	1	0.49061	0.52847	11.18938	1.08485	1	0.75121	0.55120	11.84983	1.06851	1	-0.00215	-0.00769	0.68346	0.00359	1	0.06384	-0.01223	0.66263	0.00378	1	1.45898	0.81042	0	
1273828	8590.71484	3306706744887	0.43938	0.31284	8590.65527	0.05957	11990	1	0.52974	0.40429	1	0.49952	0.42134	1	0.51463	0.41281	1	0.49065	0.52805	10.63546	1.06851	1	0.75143	0.55147	12.60058	1.05217	1	-0.00215	-0.00769	0.68346	0.00371	1	0.06384	-0.01223	0.66263	0.00374	1	1.45898	0.81042	0	
1273829	8590.72168	3306706814701	0.44625	0.32215	8590.65527	0.06641	11990	1	0.53047	0.40955	1	0.49954	0.42104	1	0.51501	0.41529	1	0.49067	0.52794	10.40998	1.06126	1	0.75106	0.55098	11.91793	1.05258	1	-0.00227	-0.00793	0.70524	0.00376	1	0.06538	-0.01253	0.67906	0.00391	1	1.45898	0.81042	0	
1273830	8590.72852	3306706881846	0.45085	0.32817	8590.65527	0.07324	11990	1	0.52104	0.41456	1	0.48170	0.37419	1	0.50137	0.39437	1	0.49059	0.52815	10.35418	1.06166	1	0.75117	0.55107	11.82020	1.06932	1	-0.00227	-0.00793	0.70524	0.00353	1	0.06538	-0.01253	0.67906	0.00391	1	1.45898	0.81042	0	
1273831	8590.73535	3306706946147	0.45469	0.33238	8590.65527	0.08008	11990	1	0.52674	0.39123	1	0.47479	0.37462	1	0.50076	0.38292	1	0.49018	0.52819	10.95815	1.07841	1	0.75101	0.55118	11.77665	1.08607	1	-0.00227	-0.00793	0.70524	0.00361	1	0.06538	-0.01253	0.67906	0.00399	1	1.45898	0.81042	0	
1273832	8590.74219	3306707018681	0.46767	0.36219	8590.65527	0.08008	11990	0	0.52504	0.37898	1	0.47512	0.36770	1	0.50008	0.37334	1	0.49011	0.52811	11.08458	1.09515	1	0.75095	0.55164	12.29122	1.09515	1	-0.00227	-0.00793	0.70524	0.00368	1	0.06378	-0.01228	0.66302	0.00388	1	1.45898	0.81042	0	
1273833	8590.74902	3306707085260	0.48665	0.36584	8590.65527	0.08008	11990	0	0.52545	0.40028	1	0.48580	0.33871	1	0.50563	0.36950	1	0.49022	0.52830	11.68861	1.09515	1	0.75119	0.55074	11.78177	1.08749	1	-0.00227	-0.00793	0.70524	0.00357	1	0.06378	-0.01228	0.66302	0.00431	1	1.45898	0.81042	0	
1273834	8590.75586	3306707151377	0.48625	0.38843	8590.65527	0.08008	11990	0	0.49611	0.45157	1	0.47481	0.41561	1	0.48546	0.43359	1	0.49014	0.52845	11.76008	1.08749	1	0.75105	0.55173	12.40628	1.07983	1	-0.00227	-0.00793	0.70524	0.00357	1	0.06378	-0.01228	0.66302	0.00369	1	1.45898	0.81042	0	
1273835	8590.76270	3306707218720	0.48624	0.40265	8590.74219	0.02051	11991	1	0.49822	0.46280	1	0.47420	0.42780	1	0.48621	0.44530	1	0.49027	0.52835	11.61488	1.07075	1	0.75083	0.55176	12.27034	1.06309	1	-0.00227	-0.00774	0.68828	0.00355	1	0.06378	-0.01228	0.66302	0.00370	1	1.45898	0.81042	0	
1273836	8590.76953	3306707285790	0.48885	0.40281	8590.74219	0.02734	11991	1	0.52295	0.42687	1	0.47566	0.38007	1	0.49930	0.40347	1	0.49009	0.52847	11.30086	1.05400	1	0.75102	0.55095	11.88442	1.05400	1	-0.00227	-0.00774	0.68828	0.00356	1	0.06378	-0.01228	0.66302	0.00405	1	1.45898	0.81042	0	
1273837	8590.77539	3306707351106	0.49182	0.40161	8590.74219	0.03320	11991	1	0.53375	0.44087	1	0.47959	0.35030	1	0.50667	0.39559	1	0.49029	0.52833	11.55692	1.04492	1	0.75115	0.55079	11.93223	1.04492	1	-0.00227	-0.00774	0.68828	0.00352	1	0.06378	-0.01228	0.66302	0.00410	1	1.45898	0.81042	0	
1273838	8590.78223	3306707419138	0.49400	0.40129	8590.74219	0.04004	11991	1	0.53465	0.44729	1	0.47953	0.35146	1	0.50709	0.39938	1	0.49021	0.52822	11.30235	1.03583	1	0.75088	0.55120	12.06190	1.04349	1	-0.00227	-0.00779	0.68828	0.00356	1	0.06400	-0.01233	0.66578	0.00405	1	1.45898	0.81042	0	
1273839	8590.78906	3306707487482	0.49470	0.40014	8590.74219	0.04688	11991	1	0.52755	0.40100	1	0.47155	0.38316	1	0.49955	0.39208	1	0.49014	0.52825	11.27947	1.04349	1	0.75097	0.55097	11.72781	1.05115	1	-0.00227	-0.00779	0.68828	0.00362	1	0.06400	-0.01233	0.66578	0.00410	1	1.45898	0.81042	0	
1273840	8590.79590	3306707553285	0.49504	0.40016	8590.74219	0.05371	11991	1	0.52156	0.44612	1	0.47405	0.35456	1	0.49780	0.40034	1	0.49008	0.52831	11.25994	1.05115	1	0.75098	0.55084	11.77306	1.05881	1	-0.00227	-0.00779	0.68828	0.00354	1	0.06400	-0.01233	0.66578	0.00394	1	1.45898	0.81042	0	
1273841	8590.80273	3306707620488	0.49528	0.39991	8590.74219	0.06055	11991	1	0.52073	0.44077	1	0.47405	0.35456	1	0.49739	0.39767	1	0.49040	0.52870	10.78466	1.05881	1	0.75113	0.55148	12.19175	1.05881	1	-0.00227	-0.00779	0.68828	0.00358	1	0.06340	-0.01216	0.65904	0.00379	1	1.45898	0.81042	0	
1273842	8590.80957	3306707687542	0.49495	0.40049	8590.74219	0.06738	11991	1	0.50313	0.38159	1	0.48018	0.43097	1	0.49166	0.40628	1	0.49027	0.52811	11.00613	1.05881	1	0.75116	0.55170	12.08085	1.05115	1	-0.00227	-0.00779	0.68828	0.00354	1	0.06340	-0.01216	0.65904	0.00397	1	1.45898	0.81042	0	
1273843	8590.81543	3306707754084	0.49493	0.39907	8590.74219	0.07324	11991	1	0.51125	0.38128	1	0.47810	0.38570	1	0.49467	0.38349	1	0.49042	0.52817	10.11059	1.05115	1	0.75105	0.55106	11.81686	1.04349	1	-0.00227	-0.00779	0.68828	0.00356	1	0.06340	-0.01216	0.65904	0.00413	1	1.45898	0.81042	0	
1273844	8590.82227	3306707821632	0.49493	0.39730	8590.74219	0.08008	11991	1	0.51108	0.38019	1	0.47882	0.37180	1	0.49495	0.37600	1	0.49079	0.52840	10.95223	1.05258	1	0.75103	0.55147	11.79508	1.06126	1	-0.00227	-0.00804	0.70524	0.00351	1	0.06698	-0.01283	0.69515	0.00406	1	1.45898	0.81042	0	
1273845	8590.82910	3306707888684	0.49565	0.39786	8590.74219	0.08691	11991	1	0.53330	0.40811	1	0.47674	0.40233	1	0.50502	0.40522	1	0.49074	0.52867	11.50303	1.07034	1	0.75111	0.55153	12.04187	1.08668	1	-0.00227	-0.00804	0.70524	0.00352	1	0.06698	-0.01283	0.69515	0.00403	1	1.45898	0.81042	0	
1273846	8590.83594	3306707955306	0.49312	0.39047	8590.74219	0.09375	11991	1	0.53330	0.40811	0	0.45776	0.28703	1	0.45776	0.28703	1	0.49074	0.52867	11.50303	1.09577	0	0.75111	0.55153	11.90393	1.11211	1	-0.00227	-0.00804	0.70524	0.00352	1	0.06698	-0.01283	0.69515	0.00404	1	1.45898	0.81042	0	
1273847	8590.84277	3306708021096	0.49312	0.39047	8590.74219	0.10059	11991	1	0.53330	0.40811	0	0.45776	0.28703	0	0.45776	0.28703	0	0.49074	0.52867	11.50303	1.12120	0	0.75111	0.55153	11.90393	1.13754	0	-0.00227	-0.00804	0.70524	0.00352	1	0.06698	-0.01283	0.69515	0.00404	1	1.45898	0.81042	0	
1273848	8590.84961	3306708088070	0.49312	0.39047	8590.74219	0.10742	11991	1	0.53330	0.40811	0	0.45776	0.28703	0	0.45776	0.28703	0	0.49074	0.52867	11.50303	1.13754	0	0.75111	0.55153	11.90393	1.13754	0	-0.00227	-0.00804	0.70524	0.00352	1	0.06698	-0.01283	0.69515	0.00404	1	1.45898	0.81042	0	
1273849	8590.85645	3306708156182	0.49312	0.39047	8590.74219	0.11426	11991	1	0.53330	0.40811	0	0.45776	0.28703	0	0.45776	0.28703	0	0.49074	0.52867	11.50303	1.13754	0	0.75111	0.55153	11.90393	1.13754	0	-0.00227	-0.00804	0.70524	0.00352	1	0.06698	-0.01283	0.69515	0.00404	1	1.45898	0.81042	0	
1273850	8590.86328	3306708223358	0.49484	0.39099	8590.74219	0.11426	11991	0	0.53330	0.40811	0	0.45776	0.28703	0	0.45776	0.28703	0	0.49074	0.52867	11.50303	1.13754	0	0.75111	0.55153	11.90393	1.13754	0	-0.00227	-0.00804	0.70524	0.00352	1	0.06698	-0.01283	0.69515	0.00404	1	1.45898	0.81042	0	
1273851	8590.86914	3306708290335	0.49484	0.39099	8590.74219	0.11426	11991	0	0.53330	0.40811	0	0.45776	0.28703	0	0.45776	0.28703	0	0.49074	0.52867	11.50303	1.13754	0	0.75111	0.55153	11.90393	1.13754	0	-0.00227	-0.00804	0.70524	0.00352	1	0.06698	-0.01283	0.69515	0.00404	1	1.45898	0.81042	0	
1273852	8590.87598	3306708357364	0.49484	0.39099	8590.74219	0.11426	11991	0	0.53330	0.40811	0	0.45776	0.28703	0	0.45776	0.28703	0	0.49074	0.52867	11.50303	1.13754	0	0.75111	0.55153	11.90393	1.13754	0	-0.00227	-0.00804	0.70524	0.00352	1	0.06698	-0.01283	0.69515	0.00404	1	1.45898	0.81042	0	
1273853	8590.88281	3306708425030	0.00000	0.00000	8590.74219	0.11426	11991	0	0.53330	0.40811	0	0.45776	0.28703	0	0.45776	0.28703	0	0.49074	0.52867	11.50303	1.13754	0	0.75111	0.55153	11.90393	1.13754	0	-0.00227	-0.00804	0.70524	0.00352	1	0.06698	-0.01283	0.69515	0.00404	1	1.45898	0.81042	0	
1273854	8590.88965	3306708491370	0.00000	0.00000	8590.74219	0.11426	11991	0	0.53330	0.40811	0	0.45776	0.28703	0	0.45776	0.28703	0	0.49074	0.52867	11.50303	1.13754	0	0.75111	0.55153	11.90393	1.13754	0	-0.00227	-0.00804	0.70524	0.00352	1	0.06698	-0.01283	0.69515	0.00404	1	1.45898	0.81042	0	
1273855	8590.89648	3306708555314	0.23334	0.16075	8590.74219	0.11426	11991	0	0.53330	0.40811	0	0.46667	0.32151	1	0.46667	0.32151	1	0.49074	0.52867	11.50303	1.13754	0	0.75169	0.55216	12.31821	1.13754	1	-0.00227	-0.00804	0.70524	0.00352	1	0.06698	-0.01283	0.69515	0.00385	1	1.45898	0.81042	0	
1273856	8590.90234	3306708623204	0.46667	0.32151	8590.74219	0.11426	11991	0	0.53330	0.40811	0	0.46667	0.32151	0	0.46667	0.32151	0	0.49074	0.52867	11.50303	1.13754	0	0.75169	0.55216	12.31821	1.13754	0	-0.00227	-0.00804	0.70524	0.00352	1	0.06698	-0.01283	0.69515	0.00385	1	1.45898	0.81042	0	
1273857	8590.90918	3306708688207	0.46667	0.32151	8590.74219	0.11426	11991	0	0.53330	0.40811	0	0.46667	0.32151	0	0.46667	0.32151	0	0.49074	0.52867	11.50303	1.13754	0	0.75169	0.55216	12.31821	1.13754	0	-0.00227	-0.00804	0.70524	0.00352	1	0.06698	-0.01283	0.69515	0.00385	1	1.45898	0.81042	0	
1273858	8590.91602	3306708759132	0.46667	0.32151	8590.74219	0.11426	11991	0	0.53330	0.40811	0	0.46667	0.32151	0	0.46667	0.32151	0	0.49074	0.52867	11.50303	1.13754	0	0.75169	0.55216	12.31821	1.13754	0	-0.00227	-0.00804	0.70524	0.00352	1	0.06698	-0.01283	0.69515	0.00385	1	1.45898	0.81042	0	
1273859	8590.92285	3306708825370	0.00000	0.00000	8590.74219	0.11426	11991	0	0.53330	0.40811	0	0.46667	0.32151	0	0.46667	0.32151	0	0.49074	0.52867	11.50303	1.13754	0	0.75169	0.55216	12.31821	1.13754	0	-0.00227	-0.00804	0.70524	0.00352	1	0.06698	-0.01283	0.69515	0.00385	1	1.45898	0.81042	0	
1273860	8590.92969	3306708889367	0.00000	0.00000	8590.74219	0.11426	11991	0	0.53330	0.40811	0	0.46667	0.32151	0	0.46667	0.32151	0	0.49074	0.52867	11.50303	1.13754	0	0.75169	0.55216	12.31821	1.13754	0	-0.00227	-0.00804	0.70524	0.00352	1	0.06698	-0.01283	0.69515	0.00385	1	1.45898	0.81042	0	
1273861	8590.93652	3306708960207	0.00000	0.00000	8590.74219	0.11426	11991	0	0.53330	0.40811	0	0.46667	0.32151	0	0.46667	0.32151	0	0.49074	0.52867	11.50303	1.13754	0	0.75169	0.55216	12.31821	1.13754	0	-0.00227	-0.00804	0.70524	0.00352	1	0.06698	-0.01283	0.69515	0.00385	1	1.45898	0.81042	0	
1273862	8590.94336	3306709026896	0.00000	0.00000	8590.74219	0.11426	11991	0	0.53330	0.40811	0	0.46667	0.32151	0	0.46667	0.32151	0	0.49074	0.52867	11.50303	1.13754	0	0.75169	0.55216	12.31821	1.13754	0	-0.00227	-0.00804	0.70524	0.00352	1	0.06698	-0.01283	0.69515	0.00385	1	1.45898	0.81042	0	
1273863	8590.95020	3306709094003	0.00000	0.00000	8590.74219	0.11426	11991	0	0.53330	0.40811	0	0.46667	0.32151	0	0.46667	0.32151	0	0.49074	0.52867	11.50303	1.13754	0	0.75169	0.55216	12.31821	1.13754	0	-0.00227	-0.00804	0.70524	0.00352	1	0.06698	-0.01283	0.69515	0.00385	1	1.45898	0.81042	0	
1273864	8590.95703	3306709161227	0.00000	0.00000	8590.74219	0.11426	11991	0	0.53330	0.40811	0	0.46667	0.32151	0	0.46667	0.32151	0	0.49074	0.52867	11.50303	1.13754	0	0.75169	0.55216	12.31821	1.13754	0	-0.00227	-0.00804	0.70524	0.00352	1	0.06698	-0.01283	0.69515	0.00385	1	1.45898	0.81042	0	
1273865	8590.96289	3306709228059	0.46644	0.32822	8590.74219	0.11426	11991	0	0.53330	0.40811	0	0.46644	0.32822	1	0.46644	0.32822	1	0.49130	0.52848	10.28710	1.13754	0	0.49130	0.52848	10.28710	1.12885	1	-0.00227	-0.00804	0.70524	0.00352	1	-0.00183	-0.00762	0.67691	0.00343	1	1.45898	0.81042	0	
1273866	8590.96973	3306709295664	0.40603	0.19031	8590.74219	0.11426	11991	0	0.53330	0.40811	0	0.34563	0.05241	1	0.34563	0.05241	1	0.49130	0.52848	10.28710	1.12885	0	0.49137	0.52587	10.61508	1.12017	1	-0.00227	-0.00804	0.70524	0.00352	1	-0.00183	-0.00762	0.67691	0.00210	1	1.45898	0.81042	0	
1273867	8590.97656	3306709363952	0.38778	0.14548	8590.74219	0.11426	11991	0	0.53330	0.40811	0	0.35128	0.05580	1	0.35128	0.05580	1	0.49130	0.52848	10.28710	1.12017	0	0.49138	0.52579	10.41657	1.11149	1	-0.00227	-0.00804	0.70524	0.00352	1	-0.00183	-0.00762	0.67691	0.00204	1	1.45898	0.81042	0	
1273868	8590.98340	3306709429319	0.34940	0.05467	8590.74219	0.11426	11991	0	0.53330	0.40811	0	0.35128	0.05580	1	0.35128	0.05580	1	0.49130	0.52848	10.28710	1.11149	0	0.49144	0.52574	10.30658	1.11149	1	-0.00227	-0.00804	0.70524	0.00352	1	-0.00187	-0.00806	0.71199	0.00211	1	1.45898	0.81042	0	
1273869	8590.99023	3306709496080	0.35938	0.05216	8590.74219	0.11426	11991	0	0.53330	0.40811	0	0.36936	0.04966	1	0.36936	0.04966	1	0.49130	0.52848	10.28710	1.11149	0	0.49159	0.52571	10.29020	1.12017	1	-0.00227	-0.00804	0.70524	0.00352	1	-0.00187	-0.00806	0.71199	0.00217	1	1.45898	0.81042	0	
1273870	8590.99707	3306709562806	0.36033	0.05812	8590.74219	0.11426	11991	0	0.53330	0.40811	0	0.36222	0.07003	1	0.36222	0.07003	1	0.49130	0.52848	10.28710	1.12017	0	0.49171	0.52575	10.66796	1.12885	1	-0.00227	-0.00804	0.70524	0.00352	1	-0.00187	-0.00806	0.71199	0.00209	1	1.45898	0.81042	0	
1273871	8591.00391	3306709630153	0.36067	0.05895	8590.98340	0.02051	11992	1	0.53330	0.40811	0	0.36170	0.06143	1	0.36170	0.06143	1	0.49130	0.52848	10.28710	1.12885	0	0.49173	0.52557	10.15994	1.13754	1	-0.00227	-0.00804	0.70524	0.00352	1	-0.00183	-0.00786	0.69841	0.00209	1	1.45898	0.81042	0	
1273872	8591.00977	3306709697173	0.36156	0.05051	8590.98340	0.02637	11992	1	0.53330	0.40811	0	0.36510	0.01677	1	0.36510	0.01677	1	0.49130	0.52848	10.28710	1.13754	0	0.49163	0.52553	10.11778	1.13754	1	-0.00227	-0.00804	0.70524	0.00352	1	-0.00183	-0.00786	0.69841	0.00213	1	1.45898	0.81042	0	
1273873	8591.01660	3306709764243	0.36169	0.04599	8590.98340	0.03320	11992	1	0.53330	0.40811	0	0.36235	0.02336	1	0.36235	0.02336	1	0.49130	0.52848	10.28710	1.13754	0	0.49161	0.52558	9.95603	1.13754	1	-0.00227	-0.00804	0.70524	0.00352	1	-0.00183	-0.00786	0.69841	0.00215	1	1.45898	0.81042	0	
1273874	8591.02344	3306709830540	0.36178	0.04276	8590.98340	0.04004	11992	1	0.53330	0.40811	0	0.36235	0.02336	1	0.36235	0.02336	1	0.49130	0.52848	10.28710	1.13754	0	0.49168	0.52557	10.23411	1.13754	1	-0.00227	-0.00804	0.70524	0.00352	1	-0.00183	-0.00786	0.69841	0.00212	1	1.45898	0.81042	0	
1273875	8591.03027	3306709894577	0.36482	0.07541	8590.98340	0.04688	11992	1	0.53330	0.40811	0	0.38605	0.30403	1	0.38605	0.30403	1	0.49130	0.52848	10.28710	1.13754	0	0.49220	0.52794	10.21011	1.13754	1	-0.00227	-0.00804	0.70524	0.00352	1	-0.00183	-0.00786	0.69841	0.00355	1	1.45898	0.81042	0	
1273876	8591.03711	3306709961668	0.36345	0.06776	8590.98340	0.05371	11992	1	0.53330	0.40811	0	0.35256	0.00653	1	0.35256	0.00653	1	0.49130	0.52848	10.28710	1.13754	0	0.49153	0.52538	10.06134	1.13754	1	-0.00227	-0.00804	0.70524	0.00352	1	-0.00183	-0.00786	0.69841	0.00218	1	1.45898	0.81042	0	
1273877	8591.04395	3306710031124	0.36242	0.06254	8590.98340	0.06055	11992	1	0.53330	0.40811	0	0.35314	0.01553	1	0.35314	0.01553	1	0.49130	0.52848	10.28710	1.13754	0	0.49154	0.52523	10.26868	1.12885	1	-0.00227	-0.00804	0.70524	0.00352	1	-0.00183	-0.00762	0.67691	0.00210	1	1.45898	0.81042	0	
1273878	8591.04980	3306710097503	0.36053	0.06627	8590.98340	0.06641	11992	1	0.53330	0.40811	0	0.34156	0.10355	1	0.34156	0.10355	1	0.49130	0.52848	10.28710	1.12885	0	0.49141	0.52532	10.25381	1.12017	1	-0.00227	-0.00804	0.70524	0.00352	1	-0.00183	-0.00762	0.67691	0.00217	1	1.45898	0.81042	0	
1273879	8591.05664	3306710164249	0.35989	0.06676	8590.98340	0.07324	11992	1	0.53330	0.40811	0	0.35286	0.07225	1	0.35286	0.07225	1	0.49130	0.52848	10.28710	1.12017	0	0.49150	0.52538	10.51040	1.11149	1	-0.00227	-0.00804	0.70524	0.00352	1	-0.00183	-0.00762	0.67691	0.00212	1	1.45898	0.81042	0	
1273880	8591.06348	3306710230188	0.35939	0.06786	8590.98340	0.08008	11992	1	0.53330	0.40811	0	0.35346	0.08096	1	0.35346	0.08096	1	0.49130	0.52848	10.28710	1.11149	0	0.49149	0.52550	10.18457	1.10281	1	-0.00227	-0.00804	0.70524	0.00352	1	-0.00183	-0.00762	0.67691	0.00211	1	1.45898	0.81042	0	
1273881	8591.07031	3306710298767	0.36730	0.08345	8590.98340	0.08691	11992	1	0.47727	0.12247	1	0.46280	0.44982	1	0.47003	0.28614	1	0.49157	0.52535	10.01317	1.10281	1	0.75246	0.55262	11.05807	1.10281	1	-0.00227	-0.00804	0.70524	0.00206	1	-0.00183	-0.00762	0.67691	0.00382	1	1.45898	0.81042	0	
1273882	8591.07715	3306710363434	0.37461	0.09920	8590.98340	0.09375	11992	1	0.47942	0.19686	1	0.47475	0.44266	1	0.47708	0.31976	1	0.49152	0.52550	10.15366	1.10281	1	0.75224	0.55252	11.60417	1.10281	1	-0.00227	-0.00804	0.70524	0.00213	1	-0.00183	-0.00762	0.67691	0.00376	1	1.45898	0.81042	0	
1273883	8591.08398	3306710430514	0.38105	0.11344	8590.98340	0.10059	11992	1	0.48064	0.20499	1	0.47443	0.44891	1	0.47753	0.32695	1	0.49159	0.52511	10.61553	1.09373	1	0.75218	0.55219	11.48199	1.09373	1	-0.00183	-0.00762	0.67691	0.00208	1	0.06605	-0.01265	0.68288	0.00376	1	1.45898	0.81042	0	
1273884	8591.09082	3306710500024	0.39787	0.15453	8590.98340	0.10059	11992	0	0.50148	0.18891	1	0.46936	0.39499	1	0.48542	0.29195	1	0.49155	0.52532	10.50328	1.08464	1	0.75218	0.55185	11.39384	1.08464	1	-0.00183	-0.00762	0.67691	0.00209	1	0.06605	-0.01265	0.68288	0.00369	1	1.45898	0.81042	0	
1273885	8591.09668	3306710564935	0.44647	0.24780	8590.98340	0.10059	11992	0	0.52018	0.19761	1	0.46998	0.48455	1	0.49508	0.34108	1	0.49154	0.52524	10.29575	1.07556	1	0.75219	0.55235	11.38281	1.07556	1	-0.00183	-0.00762	0.67691	0.00210	1	0.06605	-0.01265	0.68288	0.00362	1	1.45898	0.81042	0	
1273886	8591.10352	3306710634571	0.46279	0.28129	8590.98340	0.10059	11992	0	0.52114	0.20591	1	0.46969	0.49060	1	0.49541	0.34826	1	0.49154	0.52524	10.29575	1.06647	1	0.75225	0.55178	11.28050	1.06647	1	-0.00183	-0.00762	0.67691	0.00210	1	0.06605	-0.01265	0.68288	0.00380	1	1.45898	0.81042	0	
1273887	8591.11035	3306710697719	0.48404	0.35065	8590.98340	0.10059	11992	0	0.52114	0.20591	0	0.46162	0.36262	1	0.46162	0.36262	1	0.49154	0.52524	10.29575	1.06647	0	0.75196	0.55161	11.30751	1.06647	1	-0.00183	-0.00762	0.67691	0.00210	1	0.06605	-0.01265	0.68288	0.00379	1	1.45898	0.81042	0	
1273888	8591.11719	3306710766716	0.48404	0.35065	8590.98340	0.10059	11992	0	0.52114	0.20591	0	0.46162	0.36262	0	0.46162	0.36262	0	0.49154	0.52524	10.29575	1.06647	0	0.75196	0.55161	11.30751	1.06647	0	-0.00183	-0.00762	0.67691	0.00210	1	0.06605	-0.01265	0.68288	0.00379	1	1.45898	0.81042	0	
1273889	8591.12402	3306710834604	0.48404	0.35065	8590.98340	0.10059	11992	0	0.52114	0.20591	0	0.46162	0.36262	0	0.46162	0.36262	0	0.49154	0.52524	10.29575	1.06647	0	0.75196	0.55161	11.30751	1.06647	0	-0.00183	-0.00762	0.67691	0.00210	1	0.06605	-0.01265	0.68288	0.00379	1	1.45898	0.81042	0	
1273890	8591.13086	3306710901011	0.00000	0.00000	8590.98340	0.10059	11992	0	0.52114	0.20591	0	0.46162	0.36262	0	0.46162	0.36262	0	0.49154	0.52524	10.29575	1.06647	0	0.75196	0.55161	11.30751	1.06647	0	-0.00183	-0.00762	0.67691	0.00210	1	0.06605	-0.01265	0.68288	0.00379	1	1.45898	0.81042	0	
1273891	8591.13770	3306710968203	0.00000	0.00000	8590.98340	0.10059	11992	0	0.52114	0.20591	0	0.46162	0.36262	0	0.46162	0.36262	0	0.49154	0.52524	10.29575	1.06647	0	0.75196	0.55161	11.30751	1.06647	0	-0.00183	-0.00762	0.67691	0.00210	1	0.06605	-0.01265	0.68288	0.00379	1	1.45898	0.81042	0	
1273892	8591.14453	3306711036157	0.00000	0.00000	8590.98340	0.10059	11992	0	0.52114	0.20591	0	0.46162	0.36262	0	0.46162	0.36262	0	0.49154	0.52524	10.29575	1.06647	0	0.75196	0.55161	11.30751	1.06647	0	-0.00183	-0.00762	0.67691	0.00210	1	0.06605	-0.01265	0.68288	0.00379	1	1.45898	0.81042	0	
1273893	8591.15039	3306711103227	0.00000	0.00000	8590.98340	0.10059	11992	0	0.52114	0.20591	0	0.46162	0.36262	0	0.46162	0.36262	0	0.49154	0.52524	10.29575	1.06647	0	0.75196	0.55161	11.30751	1.06647	0	-0.00183	-0.00762	0.67691	0.00210	1	0.06605	-0.01265	0.68288	0.00379	1	1.45898	0.81042	0	
1273894	8591.15723	3306711170572	0.00000	0.00000	8590.98340	0.10059	11992	0	0.52114	0.20591	0	0.46162	0.36262	0	0.46162	0.36262	0	0.49154	0.52524	10.29575	1.06647	0	0.75196	0.55161	11.30751	1.06647	0	-0.00183	-0.00762	0.67691	0.00210	1	0.06605	-0.01265	0.68288	0.00379	1	1.45898	0.81042	0	
1273895	8591.16406	3306711238779	0.00000	0.00000	8590.98340	0.10059	11992	0	0.52114	0.20591	0	0.46162	0.36262	0	0.46162	0.36262	0	0.49154	0.52524	10.29575	1.06647	0	0.75196	0.55161	11.30751	1.06647	0	-0.00183	-0.00762	0.67691	0.00210	1	0.06605	-0.01265	0.68288	0.00379	1	1.45898	0.81042	0	
1273896	8591.17090	3306711304535	0.00000	0.00000	8590.98340	0.10059	11992	0	0.52114	0.20591	0	0.46162	0.36262	0	0.46162	0.36262	0	0.49154	0.52524	10.29575	1.06647	0	0.75196	0.55161	11.30751	1.06647	0	-0.00183	-0.00762	0.67691	0.00210	1	0.06605	-0.01265	0.68288	0.00379	1	1.45898	0.81042	0	
1273897	8591.17773	3306711371373	0.23815	0.13906	8590.98340	0.10059	11992	0	0.47879	0.15004	1	0.47382	0.40618	1	0.47630	0.27811	1	0.49089	0.52471	9.93950	1.06647	1	0.75182	0.55139	11.23772	1.06647	1	-0.00183	-0.00762	0.67691	0.00207	1	0.06605	-0.01265	0.68288	0.00368	1	1.45898	0.81042	0	
1273898	8591.18457	3306711436848	0.31749	0.18636	8590.98340	0.10059	11992	0	0.47879	0.15004	1	0.47354	0.41190	1	0.47616	0.28097	1	0.49083	0.52464	10.09760	1.06647	1	0.75184	0.55131	10.50554	1.05881	1	-0.00204	-0.00743	0.67865	0.00200	1	0.06381	-0.01210	0.66123	0.00383	1	1.45898	0.81042	0	
1273899	8591.19043	3306711504124	0.47561	0.29592	8590.98340	0.10059	11992	0	0.46769	0.17009	1	0.48101	0.48729	1	0.47435	0.32869	1	0.49060	0.52477	10.30866	1.05881	1	0.75195	0.55157	10.70547	1.05115	1	-0.00204	-0.00743	0.67865	0.00205	1	0.06381	-0.01210	0.66123	0.00366	1	1.45898	0.81042	0	
1273900	8591.19727	3306711571935	0.48100	0.31107	8590.98340	0.10059	11992	0	0.49121	0.17825	1	0.48159	0.47418	1	0.48640	0.32622	1	0.49059	0.52471	10.28683	1.05115	1	0.75197	0.55148	10.55675	1.04349	1	-0.00204	-0.00743	0.67865	0.00206	1	0.06381	-0.01210	0.66123	0.00387	1	1.45898	0.81042	0	
1273901	8591.20410	3306711636547	0.48297	0.31734	8590.98340	0.10059	11992	0	0.49221	0.18557	1	0.48159	0.47418	1	0.48690	0.32988	1	0.49052	0.52488	10.58167	1.04349	1	0.75187	0.55151	10.49274	1.04349	1	-0.00204	-0.00743	0.67865	0.00206	1	0.06586	-0.01250	0.68297	0.00381	1	1.45898	0.81042	0	
1273902	8591.21094	3306711703673	0.48435	0.32424	8591.19043	0.02051	11993	1	0.51187	0.22091	1	0.46513	0.46900	1	0.48850	0.34496	1	0.49048	0.52475	10.23508	1.04349	1	0.75139	0.55158	11.65483	1.05115	1	-0.00204	-0.00743	0.67865	0.00209	1	0.06586	-0.01250	0.68297	0.00367	1	1.45898	0.81042	0	
1273903	8591.21777	3306711769938	0.48636	0.32308	8591.19043	0.02734	11993	1	0.50343	0.21344	1	0.48532	0.42342	1	0.49438	0.31843	1	0.49038	0.52472	10.05014	1.05115	1	0.75159	0.55120	10.97227	1.05881	1	-0.00204	-0.00743	0.67865	0.00207	1	0.06586	-0.01250	0.68297	0.00365	1	1.45898	0.81042	0	
1273904	8591.22461	3306711837818	0.48765	0.32125	8591.19043	0.03418	11993	1	0.50250	0.20638	1	0.48568	0.41778	1	0.49409	0.31208	1	0.49026	0.52440	10.25655	1.05881	1	0.75118	0.55070	11.14703	1.06647	1	-0.00204	-0.00743	0.67865	0.00208	1	0.06547	-0.01237	0.67896	0.00391	1	1.45898	0.81042	0	
1273905	8591.23047	3306711903668	0.48700	0.31391	8591.19043	0.04004	11993	1	0.50630	0.14563	1	0.45992	0.39419	1	0.48311	0.26991	1	0.49049	0.52457	10.26868	1.06647	1	0.75118	0.55087	11.42057	1.06647	1	-0.00204	-0.00743	0.67865	0.00210	1	0.06547	-0.01237	0.67896	0.00367	1	1.45898	0.81042	0	
1273906	8591.23730	3306711972543	0.48845	0.30988	8591.19043	0.04688	11993	1	0.51515	0.19007	1	0.48203	0.37322	1	0.49859	0.28165	1	0.49053	0.52475	10.12045	1.06647	1	0.75145	0.55050	11.08177	1.06647	1	-0.00204	-0.00743	0.67865	0.00218	1	0.06547	-0.01237	0.67896	0.00378	1	1.45898	0.81042	0	
1273907	8591.24414	3306712041351	0.48955	0.30707	8591.19043	0.05371	11993	1	0.51515	0.19007	1	0.48170	0.37918	1	0.49842	0.28462	1	0.49030	0.52473	10.43811	1.06647	1	0.75132	0.55043	11.23553	1.05881	1	-0.00215	-0.00748	0.68347	0.00204	1	0.06384	-0.01203	0.66263	0.00377	1	1.45898	0.81042	0	
1273908	8591.25098	3306712108326	0.48913	0.30400	8591.19043	0.06055	11993	1	0.50169	0.19333	1	0.46897	0.35930	1	0.48533	0.27631	1	0.49031	0.52462	10.44284	1.05881	1	0.75131	0.55030	11.10287	1.05115	1	-0.00215	-0.00748	0.68347	0.00206	1	0.06384	-0.01203	0.66263	0.00387	1	1.45898	0.81042	0	
1273909	8591.25781	3306712175738	0.48841	0.30371	8591.19043	0.06738	11993	1	0.49592	0.21627	1	0.46636	0.38528	1	0.48114	0.30077	1	0.49030	0.52480	10.59883	1.05115	1	0.75131	0.55053	11.20993	1.04349	1	-0.00215	-0.00748	0.68347	0.00202	1	0.06384	-0.01203	0.66263	0.00374	1	1.45898	0.81042	0	
1273910	8591.26465	3306712242308	0.48784	0.30375	8591.19043	0.07422	11993	1	0.49691	0.22331	1	0.46636	0.38528	1	0.48163	0.30429	1	0.49025	0.52478	10.08671	1.04349	1	0.75130	0.55075	11.00957	1.04349	1	-0.00227	-0.00754	0.68827	0.00217	1	0.06538	-0.01232	0.67906	0.00365	1	1.45898	0.81042	0	
1273911	8591.27148	3306712309313	0.48819	0.30506	8591.19043	0.08105	11993	1	0.50928	0.21575	1	0.47538	0.42562	1	0.49233	0.32069	1	0.49002	0.52463	10.12711	1.04349	1	0.75107	0.55103	11.30604	1.05115	1	-0.00227	-0.00754	0.68827	0.00208	1	0.06538	-0.01232	0.67906	0.00354	1	1.45898	0.81042	0	
1273912	8591.27832	3306712376168	0.48919	0.30618	8591.19043	0.08789	11993	1	0.51137	0.20033	1	0.49311	0.44122	1	0.50224	0.32077	1	0.49014	0.52461	9.94034	1.05115	1	0.75133	0.55106	11.32914	1.05881	1	-0.00227	-0.00754	0.68827	0.00205	1	0.06538	-0.01232	0.67906	0.00358	1	1.45898	0.81042	0	
1273913	8591.28516	3306712443587	0.49005	0.30673	8591.19043	0.09473	11993	1	0.51049	0.19318	1	0.49352	0.43571	1	0.50200	0.31444	1	0.48973	0.52464	9.57482	1.05881	1	0.75121	0.55028	11.35498	1.06647	1	-0.00227	-0.00754	0.68827	0.00214	1	0.06480	-0.01223	0.67407	0.00370	1	1.45898	0.81042	0	
1273914	8591.29199	3306712510547	0.48939	0.30369	8591.19043	0.10156	11993	1	0.49550	0.21138	1	0.46368	0.30465	1	0.47959	0.25801	1	0.48976	0.52482	10.50143	1.06647	1	0.75080	0.55020	10.38152	1.06647	1	-0.00227	-0.00754	0.68827	0.00208	1	0.06480	-0.01223	0.67407	0.00379	1	1.45898	0.81042	0	
1273915	8591.29785	3306712575406	0.48365	0.29431	8591.19043	0.10742	11993	1	0.49550	0.21138	0	0.39182	0.14425	1	0.39182	0.14425	1	0.48976	0.52482	10.50143	1.06647	0	0.48985	0.52477	10.28034	1.06647	1	-0.00227	-0.00754	0.68827	0.00208	1	0.06480	-0.01223	0.67407	0.00208	1	1.45898	0.81042	0	
1273916	8591.30469	3306712644383	0.47853	0.28550	8591.19043	0.11426	11993	1	0.49550	0.21138	0	0.39149	0.13572	1	0.39149	0.13572	1	0.48976	0.52482	10.50143	1.06647	0	0.48963	0.52457	9.91115	1.07515	1	-0.00227	-0.00754	0.68827	0.00208	1	-0.00238	-0.00778	0.70560	0.00205	1	1.45898	0.81042	0	
1273917	8591.31152	3306712711603	0.47413	0.27421	8591.19043	0.12109	11993	1	0.49550	0.21138	0	0.39498	0.07101	1	0.39498	0.07101	1	0.48976	0.52482	10.50143	1.07515	0	0.48976	0.52464	10.01643	1.08383	1	-0.00227	-0.00754	0.68827	0.00208	1	-0.00238	-0.00778	0.70560	0.00211	1	1.45898	0.81042	0	
1273918	8591.31836	3306712779947	0.45614	0.23303	8591.19043	0.12109	11993	0	0.49550	0.21138	0	0.37273	0.06548	1	0.37273	0.06548	1	0.48976	0.52482	10.50143	1.08383	0	0.48963	0.52457	9.91115	1.09251	1	-0.00227	-0.00754	0.68827	0.00208	1	-0.00238	-0.00778	0.70560	0.00205	1	1.45898	0.81042	0	
1273919	8591.32520	3306712845488	0.41444	0.14926	8591.19043	0.12109	11993	0	0.49550	0.21138	0	0.37273	0.06548	1	0.37273	0.06548	1	0.48976	0.52482	10.50143	1.09251	0	0.48949	0.52488	10.29431	1.09251	1	-0.00227	-0.00754	0.68827	0.00208	1	-0.00237	-0.00757	0.68666	0.00208	1	1.45898	0.81042	0	
1273920	8591.33203	3306712911694	0.40335	0.13190	8591.19043	0.12109	11993	0	0.49550	0.21138	0	0.38118	0.09718	1	0.38118	0.09718	1	0.48976	0.52482	10.50143	1.09251	0	0.48964	0.52489	10.55679	1.08383	1	-0.00227	-0.00754	0.68827	0.00208	1	-0.00237	-0.00757	0.68666	0.00218	1	1.45898	0.81042	0	
1273921	8591.33887	3306712979177	0.37401	0.08452	8591.19043	0.12109	11993	0	0.49550	0.21138	0	0.36811	0.09091	1	0.36811	0.09091	1	0.48976	0.52482	10.50143	1.08383	0	0.48943	0.52474	10.37614	1.07515	1	-0.00227	-0.00754	0.68827	0.00208	1	-0.00237	-0.00757	0.68666	0.00216	1	1.45898	0.81042	0	
1273922	8591.34473	3306713047100	0.37131	0.09215	8591.19043	0.12109	11993	0	0.49550	0.21138	0	0.36862	0.09978	1	0.36862	0.09978	1	0.48976	0.52482	10.50143	1.07515	0	0.48942	0.52480	10.32248	1.06647	1	-0.00227	-0.00754	0.68827	0.00208	1	-0.00237	-0.00757	0.68666	0.00207	1	1.45898	0.81042	0	
1273923	8591.35156	3306713114979	0.37296	0.09534	8591.19043	0.12109	11993	0	0.49550	0.21138	0	0.37627	0.10171	1	0.37627	0.10171	1	0.48976	0.52482	10.50143	1.06647	0	0.48941	0.52477	10.19951	1.06647	1	-0.00227	-0.00754	0.68827	0.00208	1	-0.00237	-0.00757	0.68666	0.00208	1	1.45898	0.81042	0	
1273924	8591.35840	3306713181554	0.37253	0.09724	8591.33887	0.01953	11994	1	0.49550	0.21138	0	0.37123	0.10295	1	0.37123	0.10295	1	0.48976	0.52482	10.50143	1.06647	0	0.48938	0.52476	10.17121	1.06647	1	-0.00227	-0.00754	0.68827	0.00208	1	-0.00237	-0.00757	0.68666	0.00207	1	1.45898	0.81042	0	
1273925	8591.36523	3306713248294	0.37227	0.09838	8591.33887	0.02637	11994	1	0.49550	0.21138	0	0.37123	0.10295	1	0.37123	0.10295	1	0.48976	0.52482	10.50143	1.06647	0	0.48928	0.52478	10.37861	1.06647	1	-0.00227	-0.00754	0.68827	0.00208	1	-0.00237	-0.00757	0.68666	0.00201	1	1.45898	0.81042	0	
1273926	8591.37207	3306713314037	0.37282	0.10100	8591.33887	0.03320	11994	1	0.49550	0.21138	0	0.37557	0.11411	1	0.37557	0.11411	1	0.48976	0.52482	10.50143	1.06647	0	0.48957	0.52474	10.11089	1.06647	1	-0.00227	-0.00754	0.68827	0.00208	1	-0.00237	-0.00757	0.68666	0.00198	1	1.45898	0.81042	0	
1273927	8591.37891	3306713381202	0.37254	0.10248	8591.33887	0.04004	11994	1	0.49550	0.21138	0	0.37085	0.11132	1	0.37085	0.11132	1	0.48976	0.52482	10.50143	1.06647	0	0.48946	0.52485	8.72568	1.06647	1	-0.00227	-0.00754	0.68827	0.00208	1	-0.00237	-0.00757	0.68666	0.00179	1	1.45898	0.81042	0	
1273928	8591.38477	3306713446812	0.37238	0.10455	8591.33887	0.04590	11994	1	0.49550	0.21138	0	0.37128	0.11907	1	0.37128	0.11907	1	0.48976	0.52482	10.50143	1.06647	0	0.75054	0.55160	11.15184	1.05881	1	-0.00227	-0.00754	0.68827	0.00208	1	0.06278	-0.01177	0.65361	0.00340	1	1.45898	0.81042	0	
1273929	8591.39160	3306713512251	0.37238	0.10455	8591.33887	0.05273	11994	1	0.49550	0.21138	0	0.37128	0.11907	0	0.37128	0.11907	0	0.48976	0.52482	10.50143	1.05881	0	0.75054	0.55160	11.15184	1.05115	0	-0.00227	-0.00754	0.68827	0.00208	1	0.06278	-0.01177	0.65361	0.00340	1	1.45898	0.81042	0	
1273930	8591.39844	3306713580531	0.37238	0.10455	8591.33887	0.05957	11994	1	0.49550	0.21138	0	0.37128	0.11907	0	0.37128	0.11907	0	0.48976	0.52482	10.50143	1.05115	0	0.75054	0.55160	11.15184	1.04349	0	-0.00227	-0.00754	0.68827	0.00208	1	0.06278	-0.01177	0.65361	0.00340	1	1.45898	0.81042	0	
1273931	8591.40527	3306713647520	0.37238	0.10455	8591.33887	0.06641	11994	1	0.49550	0.21138	0	0.37128	0.11907	0	0.37128	0.11907	0	0.48976	0.52482	10.50143	1.04349	0	0.75054	0.55160	11.15184	1.03583	0	-0.00227	-0.00754	0.68827	0.00208	1	0.06278	-0.01177	0.65361	0.00340	1	1.45898	0.81042	0	
1273932	8591.41211	3306713716200	0.37215	0.10741	8591.33887	0.06641	11994	0	0.49550	0.21138	0	0.37128	0.11907	0	0.37128	0.11907	0	0.48976	0.52482	10.50143	1.03583	0	0.75054	0.55160	11.15184	1.03583	0	-0.00227	-0.00754	0.68827	0.00208	1	0.06278	-0.01177	0.65361	0.00340	1	1.45898	0.81042	0	
1273933	8591.41895	3306713783150	0.37215	0.10741	8591.33887	0.06641	11994	0	0.49550	0.21138	0	0.37128	0.11907	0	0.37128	0.11907	0	0.48976	0.52482	10.50143	1.03583	0	0.75054	0.55160	11.15184	1.03583	0	-0.00227	-0.00754	0.68827	0.00208	1	0.06278	-0.01177	0.65361	0.00340	1	1.45898	0.81042	0	
1273934	8591.42480	3306713847925	0.37215	0.10741	8591.33887	0.06641	11994	0	0.49550	0.21138	0	0.37128	0.11907	0	0.37128	0.11907	0	0.48976	0.52482	10.50143	1.03583	0	0.75054	0.55160	11.15184	1.03583	0	-0.00227	-0.00754	0.68827	0.00208	1	0.06278	-0.01177	0.65361	0.00340	1	1.45898	0.81042	0	
1273935	8591.43262	3306713916971	0.00000	0.00000	8591.33887	0.06641	11994	0	0.49550	0.21138	0	0.37128	0.11907	0	0.37128	0.11907	0	0.48976	0.52482	10.50143	1.03583	0	0.75054	0.55160	11.15184	1.03583	0	-0.00227	-0.00754	0.68827	0.00208	1	0.06278	-0.01177	0.65361	0.00340	1	1.45898	0.81042	0	
1273936	8591.43848	3306713983973	0.00000	0.00000	8591.33887	0.06641	11994	0	0.49550	0.21138	0	0.37128	0.11907	0	0.37128	0.11907	0	0.48976	0.52482	10.50143	1.03583	0	0.75054	0.55160	11.15184	1.03583	0	-0.00227	-0.00754	0.68827	0.00208	1	0.06278	-0.01177	0.65361	0.00340	1	1.45898	0.81042	0	
1273937	8591.44531	3306714050844	0.00000	0.00000	8591.33887	0.06641	11994	0	0.49550	0.21138	0	0.37128	0.11907	0	0.37128	0.11907	0	0.48976	0.52482	10.50143	1.03583	0	0.75054	0.55160	11.15184	1.03583	0	-0.00227	-0.00754	0.68827	0.00208	1	0.06278	-0.01177	0.65361	0.00340	1	1.45898	0.81042	0	
1273938	8591.45215	3306714117649	0.00000	0.00000	8591.33887	0.06641	11994	0	0.49550	0.21138	0	0.37128	0.11907	0	0.37128	0.11907	0	0.48976	0.52482	10.50143	1.03583	0	0.75054	0.55160	11.15184	1.03583	0	-0.00227	-0.00754	0.68827	0.00208	1	0.06278	-0.01177	0.65361	0.00340	1	1.45898	0.81042	0	
1273939	8591.45898	3306714184835	0.00000	0.00000	8591.33887	0.06641	11994	0	0.49550	0.21138	0	0.37128	0.11907	0	0.37128	0.11907	0	0.48976	0.52482	10.50143	1.03583	0	0.75054	0.55160	11.15184	1.03583	0	-0.00227	-0.00754	0.68827	0.00208	1	0.06278	-0.01177	0.65361	0.00340	1	1.45898	0.81042	0	
1273940	8591.46582	3306714251796	0.00000	0.00000	8591.33887	0.06641	11994	0	0.49550	0.21138	0	0.37128	0.11907	0	0.37128	0.11907	0	0.48976	0.52482	10.50143	1.03583	0	0.75054	0.55160	11.15184	1.03583	0	-0.00227	-0.00754	0.68827	0.00208	1	0.06278	-0.01177	0.65361	0.00340	1	1.45898	0.81042	0	
1273941	8591.47266	3306714318776	0.00000	0.00000	8591.33887	0.06641	11994	0	0.49550	0.21138	0	0.37128	0.11907	0	0.37128	0.11907	0	0.48976	0.52482	10.50143	1.03583	0	0.75054	0.55160	11.15184	1.03583	0	-0.00227	-0.00754	0.68827	0.00208	1	0.06278	-0.01177	0.65361	0.00340	1	1.45898	0.81042	0	
1273942	8591.47949	3306714386060	0.00000	0.00000	8591.33887	0.06641	11994	0	0.49550	0.21138	0	0.37128	0.11907	0	0.37128	0.11907	0	0.48976	0.52482	10.50143	1.03583	0	0.75054	0.55160	11.15184	1.03583	0	-0.00227	-0.00754	0.68827	0.00208	1	0.06278	-0.01177	0.65361	0.00340	1	1.45898	0.81042	0	
1273943	8591.48535	3306714452588	0.00000	0.00000	8591.33887	0.06641	11994	0	0.49550	0.21138	0	0.37128	0.11907	0	0.37128	0.11907	0	0.48976	0.52482	10.50143	1.03583	0	0.75054	0.55160	11.15184	1.03583	0	-0.00227	-0.00754	0.68827	0.00208	1	0.06278	-0.01177	0.65361	0.00340	1	1.45898	0.81042	0	
1273944	8591.49219	3306714518638	0.00000	0.00000	8591.33887	0.06641	11994	0	0.49550	0.21138	0	0.37128	0.11907	0	0.37128	0.11907	0	0.48976	0.52482	10.50143	1.03583	0	0.75054	0.55160	11.15184	1.03583	0	-0.00227	-0.00754	0.68827	0.00208	1	0.06278	-0.01177	0.65361	0.00340	1	1.45898	0.81042	0	
1273945	8591.49902	3306714585168	0.00000	0.00000	8591.33887	0.06641	11994	0	0.49550	0.21138	0	0.37128	0.11907	0	0.37128	0.11907	0	0.48976	0.52482	10.50143	1.03583	0	0.75054	0.55160	11.15184	1.03583	0	-0.00227	-0.00754	0.68827	0.00208	1	0.06278	-0.01177	0.65361	0.00340	1	1.45898	0.81042	0	
1273946	8591.50586	3306714649673	0.00000	0.00000	8591.33887	0.06641	11994	0	0.49550	0.21138	0	0.37128	0.11907	0	0.37128	0.11907	0	0.48976	0.52482	10.50143	1.03583	0	0.75054	0.55160	11.15184	1.03583	0	-0.00227	-0.00754	0.68827	0.00208	1	0.06278	-0.01177	0.65361	0.00340	1	1.45898	0.81042	0	
1273947	8591.51270	3306714718058	0.00000	0.00000	8591.33887	0.06641	11994	0	0.49550	0.21138	0	0.37128	0.11907	0	0.37128	0.11907	0	0.48976	0.52482	10.50143	1.03583	0	0.75054	0.55160	11.15184	1.03583	0	-0.00227	-0.00754	0.68827	0.00208	1	0.06278	-0.01177	0.65361	0.00340	1	1.45898	0.81042	0	
1273948	8591.51855	3306714784204	0.00000	0.00000	8591.33887	0.06641	11994	0	0.49550	0.21138	0	0.37128	0.11907	0	0.37128	0.11907	0	0.48976	0.52482	10.50143	1.03583	0	0.75054	0.55160	11.15184	1.03583	0	-0.00227	-0.00754	0.68827	0.00208	1	0.06278	-0.01177	0.65361	0.00340	1	1.45898	0.81042	0	
1273949	8591.52539	3306714849892	0.00000	0.00000	8591.33887	0.06641	11994	0	0.49550	0.21138	0	0.37128	0.11907	0	0.37128	0.11907	0	0.48976	0.52482	10.50143	1.03583	0	0.75054	0.55160	11.15184	1.03583	0	-0.00227	-0.00754	0.68827	0.00208	1	0.06278	-0.01177	0.65361	0.00340	1	1.45898	0.81042	0	
1273950	8591.53223	3306714917836	0.00000	0.00000	8591.33887	0.06641	11994	0	0.49550	0.21138	0	0.37128	0.11907	0	0.37128	0.11907	0	0.48976	0.52482	10.50143	1.03583	0	0.75054	0.55160	11.15184	1.03583	0	-0.00227	-0.00754	0.68827	0.00208	1	0.06278	-0.01177	0.65361	0.00340	1	1.45898	0.81042	0	
1273951	8591.53906	3306714985440	0.00000	0.00000	8591.33887	0.06641	11994	0	0.49550	0.21138	0	0.37128	0.11907	0	0.37128	0.11907	0	0.48976	0.52482	10.50143	1.03583	0	0.75054	0.55160	11.15184	1.03583	0	-0.00227	-0.00754	0.68827	0.00208	1	0.06278	-0.01177	0.65361	0.00340	1	1.45898	0.81042	0	
1273952	8591.54590	3306715053581	0.00000	0.00000	8591.33887	0.06641	11994	0	0.49550	0.21138	0	0.37128	0.11907	0	0.37128	0.11907	0	0.48976	0.52482	10.50143	1.03583	0	0.75054	0.55160	11.15184	1.03583	0	-0.00227	-0.00754	0.68827	0.00208	1	0.06278	-0.01177	0.65361	0.00340	1	1.45898	0.81042	0	
1273953	8591.55273	3306715119162	0.00000	0.00000	8591.33887	0.06641	11994	0	0.49550	0.21138	0	0.37128	0.11907	0	0.37128	0.11907	0	0.48976	0.52482	10.50143	1.03583	0	0.75054	0.55160	11.15184	1.03583	0	-0.00227	-0.00754	0.68827	0.00208	1	0.06278	-0.01177	0.65361	0.00340	1	1.45898	0.81042	0	
1273954	8591.55957	3306715189191	0.00000	0.00000	8591.33887	0.06641	11994	0	0.49550	0.21138	0	0.37128	0.11907	0	0.37128	0.11907	0	0.48976	0.52482	10.50143	1.03583	0	0.75054	0.55160	11.15184	1.03583	0	-0.00227	-0.00754	0.68827	0.00208	1	0.06278	-0.01177	0.65361	0.00340	1	1.45898	0.81042	0	
1273955	8591.56641	3306715256263	0.00000	0.00000	8591.33887	0.06641	11994	0	0.49550	0.21138	0	0.37128	0.11907	0	0.37128	0.11907	0	0.48976	0.52482	10.50143	1.03583	0	0.75054	0.55160	11.15184	1.03583	0	-0.00227	-0.00754	0.68827	0.00208	1	0.06278	-0.01177	0.65361	0.00340	1	1.45898	0.81042	0	
1273956	8591.57324	3306715323120	0.00000	0.00000	8591.33887	0.06641	11994	0	0.49550	0.21138	0	0.37128	0.11907	0	0.37128	0.11907	0	0.48976	0.52482	10.50143	1.03583	0	0.75054	0.55160	11.15184	1.03583	0	-0.00227	-0.00754	0.68827	0.00208	1	0.06278	-0.01177	0.65361	0.00340	1	1.45898	0.81042	0	
1273957	8591.57910	3306715390205	0.00000	0.00000	8591.33887	0.06641	11994	0	0.49550	0.21138	0	0.37128	0.11907	0	0.37128	0.11907	0	0.48976	0.52482	10.50143	1.03583	0	0.75054	0.55160	11.15184	1.03583	0	-0.00227	-0.00754	0.68827	0.00208	1	0.06278	-0.01177	0.65361	0.00340	1	1.45898	0.81042	0	
1273958	8591.58594	3306715457556	0.00000	0.00000	8591.33887	0.06641	11994	0	0.49550	0.21138	0	0.37128	0.11907	0	0.37128	0.11907	0	0.48976	0.52482	10.50143	1.03583	0	0.75054	0.55160	11.15184	1.03583	0	-0.00227	-0.00754	0.68827	0.00208	1	0.06278	-0.01177	0.65361	0.00340	1	1.45898	0.81042	0	
1273959	8591.59277	3306715524113	0.00000	0.00000	8591.33887	0.06641	11994	0	0.49550	0.21138	0	0.37128	0.11907	0	0.37128	0.11907	0	0.48976	0.52482	10.50143	1.03583	0	0.75054	0.55160	11.15184	1.03583	0	-0.00227	-0.00754	0.68827	0.00208	1	0.06278	-0.01177	0.65361	0.00340	1	1.45898	0.81042	0	
1273960	8591.59961	3306715591441	0.25923	0.20562	8591.33887	0.06641	11994	0	0.49550	0.21138	0	0.51847	0.41124	1	0.51847	0.41124	1	0.48976	0.52482	10.50143	1.03583	0	0.75263	0.55057	11.91570	1.03583	1	-0.00227	-0.00754	0.68827	0.00208	1	0.06278	-0.01177	0.65361	0.00368	1	1.45898	0.81042	0	
1273961	8591.60645	3306715657972	0.25923	0.20562	8591.33887	0.06641	11994	0	0.49550	0.21138	0	0.51847	0.41124	0	0.51847	0.41124	0	0.48976	0.52482	10.50143	1.03583	0	0.75263	0.55057	11.91570	1.03583	0	-0.00227	-0.00754	0.68827	0.00208	1	0.06278	-0.01177	0.65361	0.00368	1	1.45898	0.81042	0	
1273962	8591.61328	3306715725831	0.51824	0.38203	8591.33887	0.06641	11994	0	0.49550	0.21138	0	0.51801	0.35282	1	0.51801	0.35282	1	0.48976	0.52482	10.50143	1.03583	0	0.75255	0.55005	11.64309	1.03583	1	-0.00227	-0.00754	0.68827	0.00208	1	0.06278	-0.01177	0.65361	0.00421	1	1.45898	0.81042	0	
1273963	8591.62012	3306715792217	0.50386	0.36065	8591.33887	0.06641	11994	0	0.49550	0.21138	0	0.48949	0.33927	1	0.48949	0.33927	1	0.48976	0.52482	10.50143	1.03583	0	0.75246	0.54998	12.05140	1.03583	1	-0.00227	-0.00754	0.68827	0.00208	1	0.06278	-0.01177	0.65361	0.00398	1	1.45898	0.81042	0	
1273964	8591.62598	3306715859800	0.49920	0.35140	8591.33887	0.06641	11994	0	0.49550	0.21138	0	0.48989	0.33288	1	0.48989	0.33288	1	0.48976	0.52482	10.50143	1.03583	0	0.75233	0.55064	12.27706	1.04349	1	-0.00227	-0.00754	0.68827	0.00208	1	0.06578	-0.01241	0.68112	0.00367	1	1.45898	0.81042	0	
1273965	8591.63281	3306715926315	0.49920	0.35140	8591.61328	0.01953	11995	1	0.49550	0.21138	0	0.48989	0.33288	0	0.48989	0.33288	0	0.48976	0.52482	10.50143	1.04349	0	0.75233	0.55064	12.27706	1.05115	0	-0.00227	-0.00754	0.68827	0.00208	1	0.06578	-0.01241	0.68112	0.00367	1	1.45898	0.81042	0	
1273966	8591.63965	3306715990204	0.49920	0.35140	8591.61328	0.02637	11995	1	0.49550	0.21138	0	0.48989	0.33288	0	0.48989	0.33288	0	0.48976	0.52482	10.50143	1.05115	0	0.75233	0.55064	12.27706	1.05881	0	-0.00227	-0.00754	0.68827	0.00208	1	0.06578	-0.01241	0.68112	0.00367	1	1.45898	0.81042	0	
1273967	8591.64648	3306716059950	0.49920	0.35140	8591.61328	0.03320	11995	1	0.49550	0.21138	0	0.48989	0.33288	0	0.48989	0.33288	0	0.48976	0.52482	10.50143	1.05881	0	0.75233	0.55064	12.27706	1.06647	0	-0.00227	-0.00754	0.68827	0.00208	1	0.06578	-0.01241	0.68112	0.00367	1	1.45898	0.81042	0	
1273968	8591.65332	3306716127196	0.48969	0.33608	8591.61328	0.03320	11995	0	0.49550	0.21138	0	0.48989	0.33288	0	0.48989	0.33288	0	0.48976	0.52482	10.50143	1.06647	0	0.75233	0.55064	12.27706	1.06647	0	-0.00227	-0.00754	0.68827	0.00208	1	0.06578	-0.01241	0.68112	0.00367	1	1.45898	0.81042	0	
1273969	8591.66016	3306716194984	0.48969	0.33608	8591.61328	0.03320	11995	0	0.49550	0.21138	0	0.48989	0.33288	0	0.48989	0.33288	0	0.48976	0.52482	10.50143	1.06647	0	0.75233	0.55064	12.27706	1.06647	0	-0.00227	-0.00754	0.68827	0.00208	1	0.06578	-0.01241	0.68112	0.00367	1	1.45898	0.81042	0	
1273970	8591.66699	3306716261375	0.48969	0.33608	8591.61328	0.03320	11995	0	0.49550	0.21138	0	0.48989	0.33288	0	0.48989	0.33288	0	0.48976	0.52482	10.50143	1.06647	0	0.75233	0.55064	12.27706	1.06647	0	-0.00227	-0.00754	0.68827	0.00208	1	0.06578	-0.01241	0.68112	0.00367	1	1.45898	0.81042	0	
1273971	8591.67383	3306716329431	0.00000	0.00000	8591.61328	0.03320	11995	0	0.49550	0.21138	0	0.48989	0.33288	0	0.48989	0.33288	0	0.48976	0.52482	10.50143	1.06647	0	0.75233	0.55064	12.27706	1.06647	0	-0.00227	-0.00754	0.68827	0.00208	1	0.06578	-0.01241	0.68112	0.00367	1	1.45898	0.81042	0	
1273972	8591.67969	3306716395814	0.00000	0.00000	8591.61328	0.03320	11995	0	0.49550	0.21138	0	0.48989	0.33288	0	0.48989	0.33288	0	0.48976	0.52482	10.50143	1.06647	0	0.75233	0.55064	12.27706	1.06647	0	-0.00227	-0.00754	0.68827	0.00208	1	0.06578	-0.01241	0.68112	0.00367	1	1.45898	0.81042	0	
1273973	8591.68652	3306716461203	0.00000	0.00000	8591.61328	0.03320	11995	0	0.49550	0.21138	0	0.48989	0.33288	0	0.48989	0.33288	0	0.48976	0.52482	10.50143	1.06647	0	0.75233	0.55064	12.27706	1.06647	0	-0.00227	-0.00754	0.68827	0.00208	1	0.06578	-0.01241	0.68112	0.00367	1	1.45898	0.81042	0	
1273974	8591.69336	3306716528274	0.53393	0.34613	8591.61328	0.03320	11995	0	0.56290	0.34452	1	0.50495	0.34774	1	0.53393	0.34613	1	0.49162	0.52659	11.28923	1.06647	1	0.75265	0.55028	11.55725	1.06647	1	-0.00227	-0.00754	0.68827	0.00388	1	0.06578	-0.01241	0.68112	0.00407	1	1.45898	0.81042	0	
1273975	8591.70020	3306716595966	0.53032	0.35277	8591.61328	0.03320	11995	0	0.54618	0.40436	1	0.50725	0.31445	1	0.52672	0.35941	1	0.49172	0.52710	11.49320	1.06647	1	0.75267	0.54928	11.80501	1.06647	1	-0.00227	-0.00754	0.68827	0.00362	1	0.06578	-0.01241	0.68112	0.00440	1	1.45898	0.81042	0	
1273976	8591.70703	3306716662176	0.52912	0.35498	8591.61328	0.03320	11995	0	0.54618	0.40436	1	0.50725	0.31445	1	0.52672	0.35941	1	0.49168	0.52595	11.13515	1.06647	1	0.75261	0.54967	11.75366	1.06647	1	-0.00194	-0.00744	0.67973	0.00394	1	0.06527	-0.01227	0.67588	0.00426	1	1.45898	0.81042	0	
1273977	8591.71289	3306716727922	0.52755	0.36004	8591.69336	0.01953	11996	1	0.54074	0.38624	1	0.50496	0.36419	1	0.52285	0.37521	1	0.49164	0.52666	11.13145	1.06647	1	0.75272	0.55055	12.24478	1.06647	1	-0.00194	-0.00744	0.67973	0.00365	1	0.06527	-0.01227	0.67588	0.00367	1	1.45898	0.81042	0	
1273978	8591.71973	3306716793395	0.52610	0.36459	8591.69336	0.02637	11996	1	0.54997	0.33337	1	0.49062	0.43225	1	0.52030	0.38281	1	0.49179	0.52630	11.64372	1.06647	1	0.75251	0.55080	12.35898	1.06647	1	-0.00194	-0.00744	0.67973	0.00384	1	0.06527	-0.01227	0.67588	0.00385	1	1.45898	0.81042	0	
1273979	8591.72656	3306716861897	0.52514	0.36763	8591.69336	0.03320	11996	1	0.54997	0.33337	1	0.49062	0.43225	1	0.52030	0.38281	1	0.49166	0.52694	11.44728	1.06647	1	0.75248	0.55085	11.99523	1.06647	1	-0.00194	-0.00744	0.67973	0.00357	1	0.06621	-0.01248	0.68452	0.00390	1	1.45898	0.81042	0	
1273980	8591.73340	3306716931311	0.52690	0.37489	8591.69336	0.04004	11996	1	0.58028	0.39995	1	0.49464	0.43693	1	0.53746	0.41844	1	0.49189	0.52673	11.98034	1.06647	1	0.75259	0.55076	12.29201	1.06647	1	-0.00194	-0.00744	0.67973	0.00360	1	0.06621	-0.01248	0.68452	0.00379	1	1.45898	0.81042	0	
1273981	8591.74023	3306716995201	0.52540	0.38195	8591.69336	0.04688	11996	1	0.54612	0.42300	1	0.48378	0.43972	1	0.51495	0.43136	1	0.49172	0.52683	11.79344	1.06647	1	0.75238	0.55078	12.35905	1.06647	1	-0.00194	-0.00744	0.67973	0.00364	1	0.06621	-0.01248	0.68452	0.00379	1	1.45898	0.81042	0	
1273982	8591.74707	3306717061519	0.52420	0.38702	8591.69336	0.05371	11996	1	0.54533	0.41657	1	0.48384	0.43870	1	0.51459	0.42763	1	0.49168	0.52657	11.82458	1.07556	1	0.75260	0.55050	12.07208	1.06790	1	-0.00205	-0.00768	0.70099	0.00364	1	0.06301	-0.01188	0.65193	0.00383	1	1.45898	0.81042	0	
1273983	8591.75391	3306717131985	0.52481	0.38492	8591.69336	0.06055	11996	1	0.55547	0.37772	1	0.50502	0.35420	1	0.53024	0.36596	1	0.49154	0.52627	11.27047	1.07698	1	0.75270	0.55026	12.13089	1.06932	1	-0.00205	-0.00768	0.70099	0.00383	1	0.06301	-0.01188	0.65193	0.00399	1	1.45898	0.81042	0	
1273984	8591.76074	3306717198949	0.52585	0.38428	8591.69336	0.06738	11996	1	0.56817	0.37162	1	0.50447	0.38423	1	0.53632	0.37792	1	0.49172	0.52621	11.67375	1.07841	1	0.75270	0.55050	12.26710	1.07075	1	-0.00205	-0.00768	0.70099	0.00364	1	0.06301	-0.01188	0.65193	0.00387	1	1.45898	0.81042	0	
1273985	8591.76660	3306717264524	0.52674	0.38342	8591.69336	0.07324	11996	1	0.56808	0.37055	1	0.50505	0.37727	1	0.53656	0.37391	1	0.49171	0.52624	11.91075	1.07983	1	0.75272	0.55029	12.16802	1.07983	1	-0.00204	-0.00760	0.69927	0.00360	1	0.06621	-0.01248	0.68452	0.00397	1	1.45898	0.81042	0	
1273986	8591.77344	3306717333791	0.52625	0.38139	8591.69336	0.08008	11996	1	0.53661	0.33067	1	0.50397	0.38337	1	0.52029	0.35702	1	0.49157	0.52609	11.40720	1.07983	1	0.75266	0.55033	12.34371	1.08749	1	-0.00204	-0.00760	0.69927	0.00366	1	0.06621	-0.01248	0.68452	0.00396	1	1.45898	0.81042	0	
1273987	8591.78027	3306717400078	0.52637	0.37808	8591.69336	0.08691	11996	1	0.54498	0.34732	1	0.51102	0.32287	1	0.52800	0.33509	1	0.49171	0.52624	11.91075	1.08749	1	0.75272	0.55029	12.16802	1.09515	1	-0.00204	-0.00760	0.69927	0.00360	1	0.06621	-0.01248	0.68452	0.00397	1	1.45898	0.81042	0	
1273988	8591.78711	3306717466653	0.52648	0.37481	8591.69336	0.09375	11996	1	0.54432	0.34146	1	0.51154	0.31670	1	0.52793	0.32908	1	0.49171	0.52621	11.86716	1.09515	1	0.75284	0.55007	12.25288	1.10281	1	-0.00205	-0.00768	0.70099	0.00369	1	0.06621	-0.01248	0.68452	0.00378	1	1.45898	0.81042	0	
1273989	8591.79395	3306717533823	0.52621	0.37246	8591.69336	0.10059	11996	1	0.54274	0.34503	1	0.50173	0.32917	1	0.52224	0.33710	1	0.49177	0.52618	11.92284	1.10281	1	0.75254	0.55041	12.57092	1.10281	1	-0.00205	-0.00768	0.70099	0.00363	1	0.06621	-0.01248	0.68452	0.00379	1	1.45898	0.81042	0	
1273990	8591.80078	3306717600981	0.52645	0.37039	8591.69336	0.10742	11996	1	0.55351	0.35086	1	0.50700	0.32388	1	0.53025	0.33737	1	0.49182	0.52620	12.05501	1.10281	1	0.75260	0.55033	12.43821	1.10281	1	-0.00205	-0.00768	0.70099	0.00364	1	0.06621	-0.01248	0.68452	0.00385	1	1.45898	0.81042	0	
1273991	8591.80762	3306717667591	0.52666	0.36895	8591.69336	0.11426	11996	1	0.55421	0.35767	1	0.50642	0.33114	1	0.53032	0.34440	1	0.49192	0.52630	11.73327	1.09373	1	0.75276	0.55037	12.36558	1.09373	1	-0.00194	-0.00744	0.67973	0.00358	1	0.06528	-0.01225	0.67486	0.00379	1	1.45898	0.81042	0	
1273992	8591.81445	3306717735734	0.52617	0.36760	8591.69336	0.12109	11996	1	0.52933	0.31583	1	0.50502	0.37086	1	0.51718	0.34334	1	0.49155	0.52609	11.10591	1.08464	1	0.75263	0.55018	12.22140	1.08464	1	-0.00194	-0.00744	0.67973	0.00367	1	0.06528	-0.01225	0.67486	0.00390	1	1.45898	0.81042	0	
1273993	8591.82031	3306717801429	0.52625	0.36882	8591.69336	0.12695	11996	1	0.55838	0.37650	1	0.49716	0.40764	1	0.52777	0.39207	1	0.49193	0.52627	11.71204	1.07556	1	0.75262	0.55047	12.26409	1.07556	1	-0.00194	-0.00744	0.67973	0.00361	1	0.06528	-0.01225	0.67486	0.00377	1	1.45898	0.81042	0	
1273994	8591.82715	3306717869095	0.52632	0.37025	8591.69336	0.13379	11996	1	0.55907	0.38327	1	0.49665	0.41436	1	0.52786	0.39882	1	0.49151	0.52585	11.20778	1.06647	1	0.75290	0.55063	12.75499	1.06647	1	-0.00193	-0.00736	0.67667	0.00359	1	0.06621	-0.01248	0.68452	0.00387	1	1.45898	0.81042	0	
1273995	8591.83398	3306717935394	0.52572	0.37022	8591.69336	0.14062	11996	1	0.52786	0.34508	1	0.49821	0.39398	1	0.51303	0.36953	1	0.49145	0.52602	11.49406	1.06647	1	0.75258	0.55032	12.00971	1.06647	1	-0.00193	-0.00736	0.67667	0.00357	1	0.06621	-0.01248	0.68452	0.00388	1	1.45898	0.81042	0	
1273996	8591.84082	3306718002775	0.52595	0.37137	8591.69336	0.14746	11996	1	0.53973	0.37223	1	0.52243	0.42115	1	0.53108	0.39669	1	0.49167	0.52601	11.46533	1.06647	1	0.75298	0.55058	12.53240	1.06647	1	-0.00193	-0.00736	0.67667	0.00354	1	0.06621	-0.01248	0.68452	0.00380	1	1.45898	0.81042	0	
1273997	8591.84766	3306718068970	0.52616	0.37243	8591.69336	0.15430	11996	1	0.53973	0.37223	1	0.52243	0.42115	1	0.53108	0.39669	1	0.49175	0.52617	11.63349	1.06647	1	0.75264	0.55060	12.25058	1.06647	1	-0.00193	-0.00736	0.67667	0.00360	1	0.06528	-0.01225	0.67486	0.00373	1	1.45898	0.81042	0	
1273998	8591.85449	3306718136932	0.52561	0.37263	8591.69336	0.16113	11996	1	0.54158	0.35465	1	0.48310	0.40039	1	0.51234	0.37752	1	0.49167	0.52596	11.17251	1.06647	1	0.75234	0.55058	12.38002	1.06647	1	-0.00193	-0.00736	0.67667	0.00364	1	0.06528	-0.01225	0.67486	0.00381	1	1.45898	0.81042	0	
1273999	8591.86133	3306718204045	0.52500	0.37292	8591.69336	0.16797	11996	1	0.52806	0.33570	1	0.49158	0.42477	1	0.50982	0.38023	1	0.49153	0.52574	10.89288	1.06647	1	0.75250	0.55066	12.43979	1.06647	1	-0.00193	-0.00736	0.67667	0.00370	1	0.06528	-0.01225	0.67486	0.00376	1	1.45898	0.81042	0	
1274000	8591.86719	3306718271197	0.52444	0.37282	8591.69336	0.17383	11996	1	0.52714	0.32851	1	0.49250	0.41180	1	0.50982	0.37016	1	0.49156	0.52568	10.90053	1.07556	1	0.75251	0.55068	12.59373	1.08424	1	-0.00204	-0.00760	0.69927	0.00366	1	0.06788	-0.01275	0.70226	0.00373	1	1.45898	0.81042	0	
1274001	8591.87402	3306718337692	0.52410	0.37235	8591.69336	0.18066	11996	1	0.53484	0.31799	1	0.49465	0.40146	1	0.51475	0.35973	1	0.49162	0.52592	11.33842	1.09332	1	0.75249	0.55068	12.75671	1.10200	1	-0.00204	-0.00760	0.69927	0.00361	1	0.06788	-0.01275	0.70226	0.00371	1	1.45898	0.81042	0	
1274002	8591.88086	3306718404656	0.52353	0.37098	8591.69336	0.18750	11996	1	0.52520	0.30957	1	0.48996	0.35580	1	0.50758	0.33268	1	0.49151	0.52568	11.17850	1.11109	1	0.75245	0.55078	12.62548	1.11977	1	-0.00204	-0.00760	0.69927	0.00362	1	0.06788	-0.01275	0.70226	0.00369	1	1.45898	0.81042	0	
1274003	8591.88770	3306718471944	0.52299	0.36969	8591.69336	0.19434	11996	1	0.52513	0.30905	1	0.48999	0.35530	1	0.50756	0.33217	1	0.49154	0.52575	11.15951	1.11175	1	0.75246	0.55071	12.58669	1.12043	1	-0.00194	-0.00726	0.66339	0.00367	1	0.06788	-0.01275	0.70226	0.00370	1	1.45898	0.81042	0	
1274004	8591.89355	3306718534248	0.52301	0.36907	8591.69336	0.20020	11996	1	0.54419	0.29105	1	0.50293	0.40973	1	0.52356	0.35039	1	0.49144	0.52562	10.86932	1.10333	1	0.75259	0.55074	12.24750	1.10333	1	-0.00194	-0.00726	0.66339	0.00361	1	0.06788	-0.01275	0.70226	0.00371	1	1.45898	0.81042	0	
1274005	8591.90039	3306718601452	0.52324	0.36875	8591.69336	0.20703	11996	1	0.55764	0.31916	1	0.50325	0.39875	1	0.53045	0.35895	1	0.49151	0.52593	11.21353	1.08623	1	0.75266	0.55050	12.11629	1.08623	1	-0.00194	-0.00726	0.66339	0.00357	1	0.06788	-0.01275	0.70226	0.00375	1	1.45898	0.81042	0	
1274006	8591.90820	3306718673326	0.52346	0.36845	8591.69336	0.21484	11996	1	0.55764	0.31916	1	0.50325	0.39875	1	0.53045	0.35895	1	0.49165	0.52596	11.06623	1.08623	1	0.75270	0.55060	12.23346	1.08623	1	-0.00205	-0.00768	0.70099	0.00355	1	0.06788	-0.01275	0.70226	0.00364	1	1.45898	0.81042	0	
1274007	8591.91504	3306718740923	0.52342	0.36849	8591.69336	0.22168	11996	1	0.55432	0.38262	1	0.48953	0.35691	1	0.52193	0.36977	1	0.49144	0.52650	11.68835	1.10333	1	0.75244	0.55062	12.41278	1.10333	1	-0.00205	-0.00768	0.70099	0.00353	1	0.06788	-0.01275	0.70226	0.00370	1	1.45898	0.81042	0	
1274008	8591.92090	3306718806311	0.52341	0.36747	8591.69336	0.22754	11996	1	0.54714	0.34336	1	0.49881	0.32196	1	0.52298	0.33266	1	0.49145	0.52645	11.41728	1.12043	1	0.75257	0.55062	11.95207	1.12043	1	-0.00205	-0.00768	0.70099	0.00355	1	0.06788	-0.01275	0.70226	0.00371	1	1.45898	0.81042	0	
1274009	8591.92773	3306718870480	0.52338	0.36643	8591.69336	0.23438	11996	1	0.54649	0.33738	1	0.49877	0.32249	1	0.52263	0.32993	1	0.49160	0.52653	11.32914	1.12845	1	0.75246	0.55061	12.32689	1.11977	1	-0.00204	-0.00743	0.67865	0.00352	1	0.06527	-0.01227	0.67588	0.00368	1	1.45898	0.81042	0	
1274010	8591.93457	3306718936146	0.52383	0.36528	8591.69336	0.24121	11996	1	0.54428	0.35475	1	0.53536	0.29360	1	0.53982	0.32418	1	0.49130	0.52662	10.77625	1.11068	1	0.75273	0.54950	11.75154	1.10200	1	-0.00204	-0.00743	0.67865	0.00347	1	0.06527	-0.01227	0.67588	0.00411	1	1.45898	0.81042	0	
1274011	8591.94141	3306719004604	0.52361	0.36564	8591.69336	0.24805	11996	1	0.53348	0.38128	1	0.49778	0.37622	1	0.51563	0.37875	1	0.49119	0.52645	11.04869	1.09292	1	0.75259	0.55044	12.06069	1.08424	1	-0.00204	-0.00743	0.67865	0.00345	1	0.06527	-0.01227	0.67588	0.00362	1	1.45898	0.81042	0	
1274012	8591.94824	3306719073118	0.52341	0.36639	8591.69336	0.25488	11996	1	0.53516	0.39426	1	0.49634	0.39562	1	0.51575	0.39494	1	0.49148	0.52665	11.11520	1.07515	1	0.75272	0.55004	11.81462	1.05881	1	-0.00208	-0.00754	0.69300	0.00347	1	0.06381	-0.01200	0.66123	0.00393	1	1.45898	0.81042	0	
1274013	8591.95410	3306719140725	0.52392	0.36728	8591.69336	0.26074	11996	1	0.56671	0.38260	1	0.52075	0.42116	1	0.54373	0.40188	1	0.49129	0.52652	11.01987	1.05881	1	0.75251	0.55056	12.17035	1.05115	1	-0.00208	-0.00754	0.69300	0.00353	1	0.06381	-0.01200	0.66123	0.00364	1	1.45898	0.81042	0	
1274014	8591.96094	3306719206040	0.52418	0.36779	8591.69336	0.26758	11996	1	0.54842	0.37923	1	0.52115	0.39761	1	0.53479	0.38842	1	0.49098	0.52630	10.36056	1.05115	1	0.75261	0.55022	12.11761	1.04349	1	-0.00208	-0.00754	0.69300	0.00348	1	0.06381	-0.01200	0.66123	0.00365	1	1.45898	0.81042	0	
1274015	8591.96777	3306719275749	0.52444	0.36826	8591.69336	0.27441	11996	1	0.54830	0.37814	1	0.52127	0.39651	1	0.53478	0.38732	1	0.49105	0.52594	10.32645	1.05258	1	0.75221	0.55046	11.32756	1.04492	1	-0.00218	-0.00775	0.70765	0.00353	1	0.06381	-0.01200	0.66123	0.00369	1	1.45898	0.81042	0	
1274016	8591.97461	3306719343325	0.52442	0.36866	8591.69336	0.28125	11996	1	0.55297	0.38424	1	0.49421	0.38678	1	0.52359	0.38551	1	0.49106	0.52637	10.61535	1.05400	1	0.75218	0.55039	11.25148	1.05400	1	-0.00218	-0.00775	0.70765	0.00347	1	0.06381	-0.01200	0.66123	0.00370	1	1.45898	0.81042	0	
1274017	8591.98145	3306719409653	0.52439	0.36897	8591.69336	0.28809	11996	1	0.55259	0.34487	1	0.49418	0.41940	1	0.52339	0.38214	1	0.49107	0.52609	10.24140	1.06309	1	0.75219	0.55052	11.29827	1.06309	1	-0.00218	-0.00775	0.70765	0.00348	1	0.06381	-0.01200	0.66123	0.00376	1	1.45898	0.81042	0	
1274018	8591.98828	3306719476340	0.52437	0.36926	8591.69336	0.29492	11996	1	0.55259	0.34487	1	0.49418	0.41940	1	0.52339	0.38214	1	0.49094	0.52588	10.04729	1.06309	1	0.75231	0.55032	11.18188	1.06309	1	-0.00208	-0.00754	0.69300	0.00359	1	0.06381	-0.01190	0.66123	0.00374	1	1.45898	0.81042	0	
1274019	8591.99512	3306719543046	0.52424	0.36913	8591.69336	0.30176	11996	1	0.52284	0.30286	1	0.51424	0.42419	1	0.51854	0.36352	1	0.49102	0.52557	10.05560	1.05400	1	0.75250	0.55055	11.69682	1.05400	1	-0.00208	-0.00754	0.69300	0.00362	1	0.06381	-0.01190	0.66123	0.00366	1	1.45898	0.81042	0	
1274020	8592.00098	3306719607734	0.52410	0.36871	8591.69336	0.30762	11996	1	0.52627	0.35679	1	0.50909	0.34122	1	0.51768	0.34900	1	0.49104	0.52585	10.25932	1.04492	1	0.75230	0.55009	10.89847	1.04492	1	-0.00208	-0.00754	0.69300	0.00363	1	0.06381	-0.01190	0.66123	0.00377	1	1.45898	0.81042	0	
1274021	8592.00781	3306719677918	0.52398	0.36852	8591.69336	0.31445	11996	1	0.52807	0.37026	1	0.50844	0.34902	1	0.51825	0.35964	1	0.49094	0.52588	10.17133	1.02782	1	0.75256	0.55052	11.72637	1.03548	1	-0.00201	-0.00711	0.65411	0.00352	1	0.06586	-0.01229	0.68297	0.00367	1	1.45898	0.81042	0	
1274022	8592.01465	3306719744651	0.52320	0.36974	8591.69336	0.32129	11996	1	0.52999	0.36013	1	0.46242	0.44957	1	0.49620	0.40485	1	0.49104	0.52602	10.11618	1.02746	1	0.75200	0.55062	11.60746	1.03512	1	-0.00201	-0.00711	0.65411	0.00358	1	0.06586	-0.01229	0.68297	0.00373	1	1.45898	0.81042	0	
1274023	8592.02148	3306719811541	0.52283	0.36889	8591.69336	0.32812	11996	1	0.52496	0.19734	1	0.49357	0.43990	1	0.50926	0.31862	1	0.49108	0.52386	10.91864	1.02710	1	0.75217	0.55058	10.94197	1.03476	1	-0.00201	-0.00711	0.65411	0.00214	1	0.06586	-0.01229	0.68297	0.00377	1	1.45898	0.81042	0	
1274024	8592.02832	3306719877533	0.52246	0.36802	8591.69336	0.33496	11996	1	0.52414	0.19001	1	0.49319	0.44492	1	0.50866	0.31747	1	0.49106	0.52393	10.92533	1.03476	1	0.75204	0.55041	11.00951	1.02795	1	-0.00208	-0.00743	0.69300	0.00213	1	0.06185	-0.01153	0.64049	0.00394	1	1.45898	0.81042	0	
1274025	8592.03516	3306719943369	0.52245	0.36820	8591.69336	0.34180	11996	1	0.55902	0.32230	1	0.48575	0.44571	1	0.52238	0.38401	1	0.49117	0.52557	10.45661	1.03597	1	0.75196	0.55049	11.77031	1.02150	1	-0.00208	-0.00743	0.69300	0.00346	1	0.06185	-0.01153	0.64049	0.00380	1	1.45898	0.81042	0	
1274026	8592.04199	3306720013880	0.52202	0.36721	8591.69336	0.34863	11996	1	0.54872	0.20092	1	0.45133	0.47014	1	0.50002	0.33553	1	0.49118	0.52390	10.57960	1.02952	1	0.75182	0.55068	11.35778	1.01505	1	-0.00208	-0.00743	0.69300	0.00214	1	0.06185	-0.01153	0.64049	0.00378	1	1.45898	0.81042	0	
1274027	8592.04785	3306720077130	0.52161	0.36623	8591.69336	0.35449	11996	1	0.54929	0.20705	1	0.45146	0.46438	1	0.50037	0.33571	1	0.49124	0.52399	10.72496	1.02307	1	0.75243	0.54951	11.23982	1.02307	1	-0.00208	-0.00754	0.69300	0.00219	1	0.06527	-0.01217	0.67588	0.00406	1	1.45898	0.81042	0	
1274028	8592.05469	3306720146683	0.50206	0.34004	8591.69336	0.35449	11996	0	0.54929	0.20705	0	0.38662	0.14789	1	0.38662	0.14789	1	0.49124	0.52399	10.72496	1.02307	0	0.49120	0.52393	10.94640	1.03754	1	-0.00208	-0.00754	0.69300	0.00219	1	0.06527	-0.01217	0.67588	0.00216	1	1.45898	0.81042	0	
1274029	8592.06152	3306720213223	0.45468	0.23719	8591.69336	0.35449	11996	0	0.54929	0.20705	0	0.40730	0.13433	1	0.40730	0.13433	1	0.49124	0.52399	10.72496	1.03754	0	0.49123	0.52394	10.81839	1.05200	1	-0.00208	-0.00754	0.69300	0.00219	1	0.06527	-0.01217	0.67588	0.00224	1	1.45898	0.81042	0	
1274030	8592.06836	3306720280183	0.43871	0.19513	8591.69336	0.35449	11996	0	0.54929	0.20705	0	0.40675	0.11102	1	0.40675	0.11102	1	0.49124	0.52399	10.72496	1.05200	0	0.49128	0.52383	10.86442	1.07515	1	-0.00208	-0.00754	0.69300	0.00219	1	-0.00204	-0.00750	0.69928	0.00226	1	1.45898	0.81042	0	
1274031	8592.07520	3306720347419	0.39660	0.11117	8591.69336	0.35449	11996	0	0.54929	0.20705	0	0.37574	0.08818	1	0.37574	0.08818	1	0.49124	0.52399	10.72496	1.07515	0	0.49113	0.52389	10.80908	1.08383	1	-0.00208	-0.00754	0.69300	0.00219	1	-0.00204	-0.00750	0.69928	0.00214	1	1.45898	0.81042	0	
1274032	8592.08203	3306720412654	0.39279	0.09329	8591.69336	0.35449	11996	0	0.54929	0.20705	0	0.38898	0.07540	1	0.38898	0.07540	1	0.49124	0.52399	10.72496	1.08383	0	0.49118	0.52366	10.88587	1.09251	1	-0.00208	-0.00754	0.69300	0.00219	1	-0.00204	-0.00750	0.69928	0.00215	1	1.45898	0.81042	0	
1274033	8592.08887	3306720481042	0.39140	0.08437	8591.69336	0.35449	11996	0	0.54929	0.20705	0	0.38864	0.06653	1	0.38864	0.06653	1	0.49124	0.52399	10.72496	1.09251	0	0.49122	0.52668	10.77929	1.10119	1	-0.00208	-0.00754	0.69300	0.00219	1	-0.00204	-0.00755	0.69927	0.00345	1	1.45898	0.81042	0	
1274034	8592.09570	3306720548780	0.39055	0.08649	8592.07520	0.02051	11997	1	0.54929	0.20705	0	0.38800	0.09287	1	0.38800	0.09287	1	0.49124	0.52399	10.72496	1.10119	0	0.49131	0.52395	10.58322	1.10119	1	-0.00208	-0.00754	0.69300	0.00219	1	-0.00204	-0.00755	0.69927	0.00215	1	1.45898	0.81042	0	
1274035	8592.10254	3306720616702	0.38927	0.08546	8592.07520	0.02734	11997	1	0.54929	0.20705	0	0.38413	0.08130	1	0.38413	0.08130	1	0.49124	0.52399	10.72496	1.10119	0	0.49134	0.52395	10.56845	1.10119	1	-0.00208	-0.00754	0.69300	0.00219	1	-0.00204	-0.00755	0.69927	0.00217	1	1.45898	0.81042	0	
1274036	8592.10840	3306720683715	0.38847	0.08622	8592.07520	0.03320	11997	1	0.54929	0.20705	0	0.38450	0.09005	1	0.38450	0.09005	1	0.49124	0.52399	10.72496	1.10119	0	0.49155	0.52391	10.85545	1.09251	1	-0.00208	-0.00754	0.69300	0.00219	1	-0.00193	-0.00736	0.67667	0.00214	1	1.45898	0.81042	0	
1274037	8592.11523	3306720749126	0.38984	0.08862	8592.07520	0.04004	11997	1	0.54929	0.20705	0	0.39802	0.10302	1	0.39802	0.10302	1	0.49124	0.52399	10.72496	1.09251	0	0.49153	0.52397	10.78373	1.08383	1	-0.00208	-0.00754	0.69300	0.00219	1	-0.00193	-0.00736	0.67667	0.00215	1	1.45898	0.81042	0	
1274038	8592.12207	3306720816066	0.40620	0.10805	8592.07520	0.04688	11997	1	0.52114	0.14015	1	0.52031	0.34801	1	0.52073	0.24408	1	0.49156	0.52391	10.83320	1.08383	1	0.75291	0.55037	11.33015	1.07515	1	-0.00208	-0.00754	0.69300	0.00215	1	-0.00193	-0.00736	0.67667	0.00372	1	1.45898	0.81042	0	
1274039	8592.12891	3306720883137	0.41894	0.12402	8592.07520	0.05371	11997	1	0.52205	0.14848	1	0.51964	0.35494	1	0.52084	0.25171	1	0.49156	0.52388	10.75107	1.07515	1	0.75304	0.54992	11.17071	1.06647	1	-0.00193	-0.00736	0.67667	0.00216	1	0.06528	-0.01225	0.67486	0.00406	1	1.45898	0.81042	0	
1274040	8592.13574	3306720950278	0.43145	0.14981	8592.07520	0.06055	11997	1	0.56438	0.38813	1	0.52379	0.37576	1	0.54409	0.38195	1	0.49196	0.52620	10.52584	1.06647	1	0.75301	0.55003	11.03089	1.06647	1	-0.00193	-0.00736	0.67667	0.00358	1	0.06528	-0.01225	0.67486	0.00402	1	1.45898	0.81042	0	
1274041	8592.14258	3306721016929	0.43950	0.17095	8592.07520	0.06738	11997	1	0.54800	0.38783	1	0.49196	0.37697	1	0.51998	0.38240	1	0.49170	0.52616	11.12339	1.06647	1	0.75284	0.54996	11.12896	1.06647	1	-0.00193	-0.00736	0.67667	0.00354	1	0.06528	-0.01225	0.67486	0.00391	1	1.45898	0.81042	0	
1274042	8592.14941	3306721084653	0.44621	0.18857	8592.07520	0.07422	11997	1	0.54800	0.38783	1	0.49196	0.37697	1	0.51998	0.38240	1	0.49181	0.52616	10.59486	1.06647	1	0.75294	0.54997	10.92692	1.06647	1	-0.00193	-0.00726	0.67667	0.00352	1	0.06621	-0.01237	0.68452	0.00410	1	1.45898	0.81042	0	
1274043	8592.15527	3306721151527	0.45170	0.19521	8592.07520	0.08008	11997	1	0.53820	0.19542	1	0.49707	0.35438	1	0.51763	0.27490	1	0.49171	0.52385	10.78276	1.06647	1	0.75297	0.55042	11.10104	1.06647	1	-0.00193	-0.00726	0.67667	0.00225	1	0.06621	-0.01237	0.68452	0.00391	1	1.45898	0.81042	0	
1274044	8592.16211	3306721217681	0.45653	0.21103	8592.07520	0.08691	11997	1	0.54337	0.43068	1	0.49521	0.40248	1	0.51929	0.41658	1	0.49202	0.52644	10.79366	1.06647	1	0.75297	0.55042	11.10104	1.06647	1	-0.00193	-0.00726	0.67667	0.00352	1	0.06621	-0.01237	0.68452	0.00392	1	1.45898	0.81042	0	
1274045	8592.16895	3306721284753	0.47801	0.25951	8592.07520	0.08691	11997	0	0.54257	0.42430	1	0.49529	0.40141	1	0.51893	0.41286	1	0.49175	0.52582	9.90970	1.07556	1	0.75313	0.55055	11.15514	1.06790	1	-0.00193	-0.00746	0.69588	0.00360	1	0.06401	-0.01200	0.66127	0.00380	1	1.45898	0.81042	0	
1274046	8592.17578	3306721351757	0.49094	0.31236	8592.07520	0.08691	11997	0	0.53453	0.39063	1	0.47321	0.33979	1	0.50387	0.36521	1	0.49189	0.52633	10.42101	1.07698	1	0.75293	0.55011	11.07651	1.06932	1	-0.00193	-0.00746	0.69588	0.00358	1	0.06401	-0.01200	0.66127	0.00400	1	1.45898	0.81042	0	
1274047	8592.18262	3306721418713	0.49284	0.31988	8592.07520	0.08691	11997	0	0.52463	0.32625	1	0.46864	0.34362	1	0.49663	0.33493	1	0.49188	0.52591	10.40407	1.07841	1	0.75288	0.55028	11.10333	1.07075	1	-0.00193	-0.00746	0.69588	0.00358	1	0.06401	-0.01200	0.66127	0.00407	1	1.45898	0.81042	0	
1274048	8592.18945	3306721486277	0.49389	0.32440	8592.16895	0.02051	11998	1	0.52542	0.33231	1	0.46864	0.34362	1	0.49703	0.33796	1	0.49197	0.52633	10.29252	1.07075	1	0.75350	0.55035	11.57829	1.07075	1	-0.00189	-0.00750	0.69891	0.00360	1	0.06605	-0.01232	0.68183	0.00389	1	1.45898	0.81042	0	
1274049	8592.19531	3306721552445	0.49874	0.30831	8592.16895	0.02637	11998	1	0.53283	0.15504	1	0.50348	0.33288	1	0.51815	0.24396	1	0.49211	0.52385	10.63393	1.06166	1	0.75340	0.55026	11.25496	1.06932	1	-0.00189	-0.00750	0.69891	0.00225	1	0.06605	-0.01232	0.68183	0.00390	1	1.45898	0.81042	0	
1274050	8592.20215	3306721620103	0.50193	0.29600	8592.16895	0.03320	11998	1	0.52320	0.14846	1	0.51254	0.32043	1	0.51787	0.23444	1	0.49219	0.52384	10.58230	1.06024	1	0.75359	0.55008	11.36858	1.06790	1	-0.00189	-0.00750	0.69891	0.00217	1	0.06605	-0.01232	0.68183	0.00404	1	1.45898	0.81042	0	
1274051	8592.20898	3306721686668	0.50419	0.28622	8592.16895	0.04004	11998	1	0.52239	0.14100	1	0.51308	0.31408	1	0.51774	0.22754	1	0.49235	0.52379	10.68994	1.06790	1	0.75367	0.55031	11.31944	1.07556	1	-0.00183	-0.00744	0.69841	0.00220	1	0.06556	-0.01221	0.67567	0.00390	1	1.45898	0.81042	0	
1274052	8592.21582	3306721752528	0.50606	0.29650	8592.16895	0.04688	11998	1	0.51839	0.39211	1	0.51998	0.34474	1	0.51919	0.36842	1	0.49201	0.52602	10.49660	1.08464	1	0.75365	0.55034	11.22519	1.08464	1	-0.00183	-0.00744	0.69841	0.00365	1	0.06556	-0.01221	0.67567	0.00392	1	1.45898	0.81042	0	
1274053	8592.22266	3306721820777	0.50837	0.30043	8592.16895	0.05371	11998	1	0.53093	0.30852	1	0.52266	0.35521	1	0.52680	0.33187	1	0.49240	0.52594	10.61660	1.09373	1	0.75373	0.55059	11.16332	1.09373	1	-0.00183	-0.00744	0.69841	0.00359	1	0.06556	-0.01221	0.67567	0.00384	1	1.45898	0.81042	0	
1274054	8592.22949	3306721889641	0.51021	0.30357	8592.16895	0.06055	11998	1	0.53093	0.30852	1	0.52266	0.35521	1	0.52680	0.33187	1	0.49271	0.52586	10.57089	1.09373	1	0.75368	0.55068	11.41710	1.09373	1	-0.00174	-0.00725	0.68096	0.00364	1	0.06633	-0.01241	0.68366	0.00381	1	1.45898	0.81042	0	
1274055	8592.23633	3306721954564	0.50071	0.28198	8592.16895	0.06738	11998	1	0.53093	0.30852	0	0.40569	0.06608	1	0.40569	0.06608	1	0.49271	0.52586	10.57089	1.08464	0	0.49233	0.52360	11.29915	1.08464	1	-0.00174	-0.00725	0.68096	0.00364	1	0.06633	-0.01241	0.68366	0.00217	1	1.45898	0.81042	0	
1274056	8592.24219	3306722021688	0.49270	0.26570	8592.16895	0.07324	11998	1	0.53093	0.30852	0	0.40462	0.08661	1	0.40462	0.08661	1	0.49271	0.52586	10.57089	1.07556	0	0.49230	0.52360	11.25183	1.07556	1	-0.00174	-0.00725	0.68096	0.00364	1	0.06633	-0.01241	0.68366	0.00217	1	1.45898	0.81042	0	
1274057	8592.24902	3306722088251	0.48594	0.25264	8592.16895	0.08008	11998	1	0.53093	0.30852	0	0.40486	0.09596	1	0.40486	0.09596	1	0.49271	0.52586	10.57089	1.06647	0	0.49240	0.52368	11.01283	1.06647	1	-0.00174	-0.00725	0.68096	0.00364	1	-0.00174	-0.00725	0.68096	0.00214	1	1.45898	0.81042	0	
1274058	8592.25586	3306722156017	0.48018	0.24080	8592.16895	0.08691	11998	1	0.53093	0.30852	0	0.40523	0.08678	1	0.40523	0.08678	1	0.49271	0.52586	10.57089	1.06647	0	0.49238	0.52372	10.66049	1.06647	1	-0.00174	-0.00725	0.68096	0.00364	1	-0.00174	-0.00725	0.68096	0.00212	1	1.45898	0.81042	0	
1274059	8592.26270	3306722224244	0.47692	0.24053	8592.16895	0.09375	11998	1	0.53093	0.30852	0	0.43130	0.23683	1	0.43130	0.23683	1	0.49271	0.52586	10.57089	1.06647	0	0.49283	0.52555	10.30967	1.06647	1	-0.00174	-0.00725	0.68096	0.00364	1	-0.00174	-0.00725	0.68096	0.00359	1	1.45898	0.81042	0	
1274060	8592.26953	3306722289197	0.46746	0.21227	8592.16895	0.09375	11998	0	0.53093	0.30852	0	0.43130	0.23683	1	0.43130	0.23683	1	0.49271	0.52586	10.57089	1.06647	0	0.49251	0.52364	10.82117	1.06647	1	-0.00174	-0.00725	0.68096	0.00364	1	-0.00174	-0.00725	0.68096	0.00218	1	1.45898	0.81042	0	
1274061	8592.27637	3306722356650	0.44414	0.15268	8592.16895	0.09375	11998	0	0.53093	0.30852	0	0.42082	0.09309	1	0.42082	0.09309	1	0.49271	0.52586	10.57089	1.06647	0	0.49252	0.52364	10.82704	1.06647	1	-0.00174	-0.00725	0.68096	0.00364	1	-0.00174	-0.00725	0.68096	0.00218	1	1.45898	0.81042	0	
1274062	8592.28320	3306722423776	0.43823	0.12944	8592.16895	0.09375	11998	0	0.53093	0.30852	0	0.42642	0.08296	1	0.42642	0.08296	1	0.49271	0.52586	10.57089	1.06647	0	0.49263	0.52361	10.71142	1.06647	1	-0.00174	-0.00725	0.68096	0.00364	1	-0.00174	-0.00725	0.68096	0.00223	1	1.45898	0.81042	0	
1274063	8592.28906	3306722486837	0.42455	0.08633	8592.16895	0.09375	11998	0	0.53093	0.30852	0	0.42642	0.08296	1	0.42642	0.08296	1	0.49271	0.52586	10.57089	1.06647	0	0.49267	0.52357	10.66187	1.06647	1	-0.00174	-0.00725	0.68096	0.00364	1	-0.00171	-0.00720	0.67135	0.00221	1	1.45898	0.81042	0	
1274064	8592.29590	3306722556743	0.42607	0.08782	8592.16895	0.09375	11998	0	0.53093	0.30852	0	0.42758	0.08931	1	0.42758	0.08931	1	0.49271	0.52586	10.57089	1.06647	0	0.49273	0.52370	10.95359	1.06647	1	-0.00174	-0.00725	0.68096	0.00364	1	-0.00171	-0.00720	0.67135	0.00221	1	1.45898	0.81042	0	
1274065	8592.30273	3306722623281	0.42417	0.08471	8592.16895	0.09375	11998	0	0.53093	0.30852	0	0.42037	0.07849	1	0.42037	0.07849	1	0.49271	0.52586	10.57089	1.06647	0	0.49260	0.52358	10.54395	1.06647	1	-0.00174	-0.00725	0.68096	0.00364	1	-0.00171	-0.00720	0.67135	0.00228	1	1.45898	0.81042	0	
1274066	8592.30957	3306722687364	0.42322	0.08316	8592.28906	0.02051	11999	1	0.53093	0.30852	0	0.42037	0.07849	1	0.42037	0.07849	1	0.49271	0.52586	10.57089	1.06647	0	0.49244	0.52343	11.11999	1.06647	1	-0.00174	-0.00725	0.68096	0.00364	1	-0.00165	-0.00739	0.68908	0.00219	1	1.45898	0.81042	0	
1274067	8592.31641	3306722756708	0.42263	0.08133	8592.28906	0.02734	11999	1	0.53093	0.30852	0	0.42025	0.07400	1	0.42025	0.07400	1	0.49271	0.52586	10.57089	1.06647	0	0.49251	0.52343	11.19374	1.06647	1	-0.00174	-0.00725	0.68096	0.00364	1	-0.00165	-0.00739	0.68908	0.00216	1	1.45898	0.81042	0	
1274068	8592.32324	3306722825933	0.42417	0.12752	8592.28906	0.03418	11999	1	0.53093	0.30852	0	0.43188	0.35850	1	0.43188	0.35850	1	0.49271	0.52586	10.57089	1.06647	0	0.49290	0.52598	11.02871	1.06647	1	-0.00174	-0.00725	0.68096	0.00364	1	-0.00165	-0.00739	0.68908	0.00368	1	1.45898	0.81042	0	
1274069	8592.33008	3306722891958	0.42527	0.16052	8592.28906	0.04102	11999	1	0.53093	0.30852	0	0.43188	0.35850	1	0.43188	0.35850	1	0.49271	0.52586	10.57089	1.06647	0	0.49275	0.52352	11.02803	1.06647	1	-0.00174	-0.00725	0.68096	0.00364	1	-0.00165	-0.00739	0.68908	0.00219	1	1.45898	0.81042	0	
1274070	8592.33594	3306722957699	0.42670	0.15012	8592.28906	0.04688	11999	1	0.53093	0.30852	0	0.43672	0.07730	1	0.43672	0.07730	1	0.49271	0.52586	10.57089	1.06647	0	0.49279	0.52361	10.76438	1.06647	1	-0.00174	-0.00725	0.68096	0.00364	1	-0.00165	-0.00739	0.68908	0.00221	1	1.45898	0.81042	0	
1274071	8592.34277	3306723023059	0.42594	0.14768	8592.28906	0.05371	11999	1	0.53093	0.30852	0	0.41980	0.12819	1	0.41980	0.12819	1	0.49271	0.52586	10.57089	1.06647	0	0.49266	0.52342	10.97082	1.06647	1	-0.00174	-0.00725	0.68096	0.00364	1	-0.00165	-0.00739	0.68908	0.00226	1	1.45898	0.81042	0	
1274072	8592.34961	3306723090147	0.42532	0.14573	8592.28906	0.06055	11999	1	0.53093	0.30852	0	0.41980	0.12819	1	0.41980	0.12819	1	0.49271	0.52586	10.57089	1.06647	0	0.49273	0.52352	11.25547	1.06647	1	-0.00174	-0.00725	0.68096	0.00364	1	-0.00162	-0.00720	0.67580	0.00227	1	1.45898	0.81042	0	
1274073	8592.35645	3306723159879	0.42289	0.14032	8592.28906	0.06738	11999	1	0.53093	0.30852	0	0.39857	0.08616	1	0.39857	0.08616	1	0.49271	0.52586	10.57089	1.06647	0	0.49274	0.52363	11.29348	1.06647	1	-0.00174	-0.00725	0.68096	0.00364	1	-0.00162	-0.00720	0.67580	0.00215	1	1.45898	0.81042	0	
1274074	8592.36328	3306723227591	0.41963	0.13415	8592.28906	0.07422	11999	1	0.53093	0.30852	0	0.38373	0.06627	1	0.38373	0.06627	1	0.49271	0.52586	10.57089	1.06647	0	0.49267	0.52351	10.91933	1.06647	1	-0.00174	-0.00725	0.68096	0.00364	1	-0.00162	-0.00720	0.67580	0.00215	1	1.45898	0.81042	0	
1274075	8592.37012	3306723294459	0.41686	0.12893	8592.28906	0.08105	11999	1	0.53093	0.30852	0	0.38373	0.06627	1	0.38373	0.06627	1	0.49271	0.52586	10.57089	1.06647	0	0.49285	0.52367	11.03724	1.06647	1	-0.00174	-0.00725	0.68096	0.00364	1	-0.00162	-0.00720	0.67580	0.00213	1	1.45898	0.81042	0	
1274076	8592.37695	3306723361023	0.41590	0.12891	8592.28906	0.08789	11999	1	0.53093	0.30852	0	0.40337	0.12869	1	0.40337	0.12869	1	0.49271	0.52586	10.57089	1.06647	0	0.49281	0.52359	11.25962	1.06647	1	-0.00174	-0.00725	0.68096	0.00364	1	-0.00162	-0.00720	0.67580	0.00219	1	1.45898	0.81042	0	
1274077	8592.38379	3306723428500	0.41530	0.12895	8592.28906	0.09473	11999	1	0.53093	0.30852	0	0.40694	0.12957	1	0.40694	0.12957	1	0.49271	0.52586	10.57089	1.06647	0	0.49278	0.52361	10.84709	1.06647	1	-0.00174	-0.00725	0.68096	0.00364	1	-0.00162	-0.00720	0.67580	0.00220	1	1.45898	0.81042	0	
1274078	8592.38965	3306723495226	0.41478	0.12899	8592.28906	0.10059	11999	1	0.53093	0.30852	0	0.40694	0.12957	1	0.40694	0.12957	1	0.49271	0.52586	10.57089	1.06647	0	0.49279	0.52351	10.98724	1.06647	1	-0.00174	-0.00725	0.68096	0.00364	1	-0.00162	-0.00720	0.67580	0.00224	1	1.45898	0.81042	0	
1274079	8592.39648	3306723563074	0.41462	0.13949	8592.28906	0.10742	11999	1	0.53093	0.30852	0	0.41199	0.30747	1	0.41199	0.30747	1	0.49271	0.52586	10.57089	1.06647	0	0.49297	0.52548	11.04242	1.06647	1	-0.00174	-0.00725	0.68096	0.00364	1	-0.00162	-0.00720	0.67580	0.00384	1	1.45898	0.81042	0	
1274080	8592.40332	3306723629396	0.41413	0.13796	8592.28906	0.11426	11999	1	0.53093	0.30852	0	0.40587	0.11194	1	0.40587	0.11194	1	0.49271	0.52586	10.57089	1.06647	0	0.49284	0.52348	11.05631	1.06647	1	-0.00174	-0.00725	0.68096	0.00364	1	-0.00162	-0.00720	0.67580	0.00220	1	1.45898	0.81042	0	
1274081	8592.41016	3306723697232	0.41706	0.14233	8592.28906	0.12109	11999	1	0.53356	0.33023	1	0.40587	0.11194	1	0.46972	0.22109	1	0.49286	0.52343	11.06321	1.06647	1	0.75398	0.55034	12.15956	1.06647	1	-0.00162	-0.00720	0.67580	0.00215	1	0.06605	-0.01237	0.67862	0.00387	1	1.45898	0.81042	0	
1274082	8592.41699	3306723763094	0.42213	0.14840	8592.28906	0.12793	11999	1	0.54595	0.17769	1	0.49094	0.34949	1	0.51844	0.26359	1	0.49271	0.52354	11.23565	1.06647	1	0.75401	0.55028	12.03977	1.06647	1	-0.00162	-0.00720	0.67580	0.00227	1	0.06605	-0.01237	0.67862	0.00387	1	1.45898	0.81042	0	
1274083	8592.42383	3306723830431	0.42748	0.15276	8592.28906	0.13477	11999	1	0.54906	0.17382	1	0.52020	0.30607	1	0.53463	0.23994	1	0.49275	0.52357	10.57102	1.06647	1	0.75410	0.54994	11.93227	1.06647	1	-0.00162	-0.00720	0.67580	0.00223	1	0.06605	-0.01237	0.67862	0.00395	1	1.45898	0.81042	0	
1274084	8592.43066	3306723897477	0.43235	0.15672	8592.28906	0.14160	11999	1	0.54906	0.17382	1	0.52020	0.30607	1	0.53463	0.23994	1	0.49180	0.52359	10.48645	1.06647	1	0.75340	0.55057	12.13464	1.06647	1	-0.00174	-0.00725	0.68096	0.00227	1	0.06556	-0.01231	0.67567	0.00382	1	1.45898	0.81042	0	
1274085	8592.43652	3306723962238	0.43467	0.16035	8592.28906	0.14746	11999	1	0.48018	0.18456	1	0.49129	0.29601	1	0.48574	0.24028	1	0.49161	0.52351	10.96110	1.06647	1	0.75321	0.54980	11.95601	1.06647	1	-0.00174	-0.00725	0.68096	0.00225	1	0.06556	-0.01231	0.67567	0.00394	1	1.45898	0.81042	0	
1274086	8592.44336	3306724030979	0.45444	0.19294	8592.28906	0.14746	11999	0	0.50287	0.17029	1	0.47962	0.30352	1	0.49125	0.23691	1	0.49168	0.52344	10.14463	1.06647	1	0.75305	0.54999	11.18509	1.06647	1	-0.00174	-0.00725	0.68096	0.00226	1	0.06556	-0.01231	0.67567	0.00401	1	1.45898	0.81042	0	
1274087	8592.45020	3306724098341	0.47284	0.21492	8592.28906	0.14746	11999	0	0.50287	0.17029	1	0.47962	0.30352	1	0.49125	0.23691	1	0.49131	0.52343	10.29230	1.06647	1	0.75245	0.55067	12.36163	1.06647	1	-0.00183	-0.00721	0.67692	0.00223	1	0.06556	-0.01231	0.67567	0.00373	1	1.45898	0.81042	0	
1274088	8592.45703	3306724163307	0.47327	0.20928	8592.28906	0.14746	11999	0	0.49123	0.18758	1	0.45703	0.20842	1	0.47413	0.19800	1	0.49120	0.52351	11.01558	1.06647	1	0.75265	0.54876	11.58335	1.06647	1	-0.00183	-0.00721	0.67692	0.00218	1	0.06556	-0.01231	0.67567	0.00428	1	1.45898	0.81042	0	
1274089	8592.46387	3306724231282	0.47176	0.22196	8592.44336	0.02051	12000	1	0.47341	0.17626	1	0.46105	0.34369	1	0.46723	0.25998	1	0.49108	0.52343	10.90775	1.06647	1	0.75274	0.55039	12.05173	1.06647	1	-0.00183	-0.00721	0.67692	0.00227	1	0.06556	-0.01231	0.67567	0.00373	1	1.45898	0.81042	0	
1274090	8592.47070	3306724298923	0.47075	0.22797	8592.44336	0.02734	12000	1	0.47210	0.16768	1	0.46127	0.33639	1	0.46669	0.25203	1	0.49128	0.52352	10.78233	1.07556	1	0.75234	0.55082	12.54572	1.07556	1	-0.00183	-0.00744	0.69841	0.00216	1	0.06556	-0.01231	0.67567	0.00374	1	1.45898	0.81042	0	
1274091	8592.47754	3306724366106	0.46565	0.23442	8592.44336	0.03418	12000	1	0.45371	0.17602	1	0.42668	0.35736	1	0.44019	0.26669	1	0.49126	0.52358	10.89735	1.08464	1	0.75219	0.55069	12.17668	1.08464	1	-0.00183	-0.00744	0.69841	0.00227	1	0.06556	-0.01231	0.67567	0.00388	1	1.45898	0.81042	0	
1274092	8592.48340	3306724433364	0.46377	0.23668	8592.44336	0.04004	12000	1	0.47833	0.15014	1	0.42662	0.35032	1	0.45247	0.25023	1	0.49121	0.52351	10.88651	1.09373	1	0.75219	0.55069	12.17668	1.09373	1	-0.00183	-0.00744	0.69841	0.00223	1	0.06556	-0.01231	0.67567	0.00388	1	1.45898	0.81042	0	
1274093	8592.49023	3306724499963	0.46228	0.23740	8592.44336	0.04688	12000	1	0.47710	0.14156	1	0.42656	0.34329	1	0.45183	0.24242	1	0.49124	0.52363	10.99152	1.10281	1	0.75270	0.55045	12.26194	1.10281	1	-0.00186	-0.00762	0.71046	0.00226	1	0.06556	-0.01231	0.67567	0.00367	1	1.45898	0.81042	0	
1274094	8592.49707	3306724566961	0.46171	0.23817	8592.44336	0.05371	12000	1	0.47118	0.16060	1	0.44306	0.32808	1	0.45712	0.24434	1	0.49116	0.52361	11.13839	1.10281	1	0.75247	0.55042	11.97949	1.10281	1	-0.00186	-0.00762	0.71046	0.00221	1	0.06556	-0.01231	0.67567	0.00375	1	1.45898	0.81042	0	
1274095	8592.50391	3306724635530	0.46286	0.23343	8592.44336	0.06055	12000	1	0.48078	0.15728	1	0.46569	0.22423	1	0.47323	0.19075	1	0.49120	0.52365	10.72194	1.10281	1	0.75274	0.54915	11.61045	1.10281	1	-0.00186	-0.00762	0.71046	0.00226	1	0.06556	-0.01231	0.67567	0.00419	1	1.45898	0.81042	0	
1274096	8592.51074	3306724697910	0.46385	0.23030	8592.44336	0.06738	12000	1	0.48199	0.16573	1	0.46544	0.23227	1	0.47371	0.19900	1	0.49132	0.52372	10.75864	1.09373	1	0.75265	0.54922	11.58945	1.09373	1	-0.00183	-0.00721	0.67692	0.00232	1	0.06556	-0.01231	0.67567	0.00419	1	1.45898	0.81042	0	
1274097	8592.51660	3306724765480	0.46354	0.23470	8592.44336	0.07324	12000	1	0.47724	0.20331	1	0.44323	0.36297	1	0.46023	0.28314	1	0.49120	0.52383	11.41707	1.08464	1	0.75244	0.55073	12.17048	1.08464	1	-0.00183	-0.00721	0.67692	0.00228	1	0.06556	-0.01231	0.67567	0.00372	1	1.45898	0.81042	0	
1274098	8592.52344	3306724833419	0.46324	0.23760	8592.44336	0.08008	12000	1	0.48368	0.17977	1	0.43555	0.36503	1	0.45962	0.27240	1	0.49125	0.52362	11.29572	1.07556	1	0.75234	0.55052	12.11252	1.07556	1	-0.00183	-0.00721	0.67692	0.00219	1	0.06556	-0.01231	0.67567	0.00380	1	1.45898	0.81042	0	
1274099	8592.53027	3306724902025	0.46303	0.24064	8592.44336	0.08691	12000	1	0.48491	0.18825	1	0.43554	0.37207	1	0.46023	0.28016	1	0.49114	0.52325	11.14427	1.06647	1	0.75237	0.55021	12.25883	1.06647	1	-0.00183	-0.00721	0.67692	0.00226	1	0.06556	-0.01231	0.67567	0.00380	1	1.45898	0.81042	0	
1274100	8592.53711	3306724967290	0.46251	0.24261	8592.44336	0.09375	12000	1	0.47509	0.19269	1	0.43546	0.34773	1	0.45527	0.27021	1	0.49108	0.52371	11.34666	1.06647	1	0.75234	0.55028	12.27313	1.06647	1	-0.00183	-0.00721	0.67692	0.00236	1	0.06556	-0.01231	0.67567	0.00380	1	1.45898	0.81042	0	
1274101	8592.54395	3306725036185	0.46279	0.24351	8592.44336	0.10059	12000	1	0.49039	0.18080	1	0.44353	0.33326	1	0.46696	0.25703	1	0.49101	0.52343	11.16233	1.06647	1	0.75250	0.55045	12.52939	1.06647	1	-0.00183	-0.00721	0.67692	0.00235	1	0.06556	-0.01231	0.67567	0.00372	1	1.45898	0.81042	0	
1274102	8592.55078	3306725102687	0.46300	0.24363	8592.44336	0.10742	12000	1	0.48921	0.17226	1	0.44368	0.31884	1	0.46644	0.24555	1	0.49092	0.52361	11.31958	1.07556	1	0.75244	0.55055	12.09935	1.08424	1	-0.00193	-0.00746	0.69588	0.00224	1	0.06683	-0.01253	0.69041	0.00376	1	1.45898	0.81042	0	
1274103	8592.55762	3306725169207	0.46352	0.24429	8592.44336	0.11426	12000	1	0.49174	0.17540	1	0.45299	0.33540	1	0.47237	0.25540	1	0.49093	0.52360	11.29831	1.09332	1	0.75262	0.55043	12.39419	1.10200	1	-0.00193	-0.00746	0.69588	0.00223	1	0.06683	-0.01253	0.69041	0.00375	1	1.45898	0.81042	0	
1274104	8592.56348	3306725232907	0.46305	0.24249	8592.44336	0.12012	12000	1	0.46180	0.09189	1	0.44743	0.32831	1	0.45462	0.21010	1	0.49099	0.52354	11.27218	1.11109	1	0.75259	0.55057	12.38856	1.11977	1	-0.00193	-0.00746	0.69588	0.00223	1	0.06683	-0.01253	0.69041	0.00370	1	1.45898	0.81042	0	
1274105	8592.57031	3306725302489	0.46260	0.24049	8592.44336	0.12695	12000	1	0.46054	0.08335	1	0.44752	0.32156	1	0.45403	0.20245	1	0.49110	0.52366	11.21147	1.11977	1	0.75248	0.55039	12.53745	1.12845	1	-0.00189	-0.00755	0.69891	0.00237	1	0.06837	-0.01280	0.70518	0.00373	1	1.45898	0.81042	0	
1274106	8592.57715	3306725366709	0.46232	0.23908	8592.44336	0.13379	12000	1	0.46771	0.13823	1	0.44579	0.28349	1	0.45675	0.21086	1	0.49116	0.52352	11.43560	1.11936	1	0.75251	0.55029	12.45904	1.11936	1	-0.00189	-0.00755	0.69891	0.00238	1	0.06837	-0.01280	0.70518	0.00381	1	1.45898	0.81042	0	
1274107	8592.58398	3306725435689	0.46215	0.23861	8592.44336	0.14062	12000	1	0.46898	0.14672	1	0.44789	0.31076	1	0.45844	0.22874	1	0.49116	0.52352	11.43560	1.11028	1	0.75249	0.55040	12.57811	1.11028	1	-0.00189	-0.00755	0.69891	0.00238	1	0.06837	-0.01280	0.70518	0.00376	1	1.45898	0.81042	0	
1274108	8592.59082	3306725501371	0.46198	0.23846	8592.44336	0.14746	12000	1	0.46898	0.14672	1	0.44770	0.32383	1	0.45834	0.23528	1	0.49115	0.52367	10.87978	1.11028	1	0.75281	0.55044	12.09626	1.09394	1	-0.00193	-0.00746	0.69588	0.00227	1	0.06387	-0.01201	0.65880	0.00371	1	1.45898	0.81042	0	
1274109	8592.59766	3306725567221	0.46160	0.23916	8592.44336	0.15430	12000	1	0.46846	0.13943	1	0.43692	0.37122	1	0.45269	0.25533	1	0.49099	0.52361	11.30181	1.10302	1	0.75234	0.55061	12.03508	1.08668	1	-0.00193	-0.00746	0.69588	0.00229	1	0.06387	-0.01201	0.65880	0.00380	1	1.45898	0.81042	0	
1274110	8592.60449	3306725636648	0.46134	0.23948	8592.44336	0.16113	12000	1	0.46599	0.15199	1	0.44466	0.34234	1	0.45532	0.24716	1	0.49106	0.52353	11.24350	1.09577	1	0.75253	0.55045	12.03247	1.07943	1	-0.00193	-0.00746	0.69588	0.00227	1	0.06387	-0.01201	0.65880	0.00377	1	1.45898	0.81042	0	
1274111	8592.61035	3306725703139	0.46113	0.24013	8592.44336	0.16699	12000	1	0.46704	0.15883	1	0.44453	0.35350	1	0.45579	0.25616	1	0.49117	0.52349	11.16524	1.08852	1	0.75249	0.54944	11.78661	1.06537	1	-0.00195	-0.00749	0.70325	0.00240	1	0.06242	-0.01170	0.64439	0.00411	1	1.45898	0.81042	0	
1274112	8592.61719	3306725770638	0.46100	0.24055	8592.44336	0.17383	12000	1	0.47035	0.16978	1	0.44508	0.33336	1	0.45772	0.25157	1	0.49113	0.52355	11.43211	1.06537	1	0.75245	0.55036	12.10510	1.05856	1	-0.00195	-0.00749	0.70325	0.00233	1	0.06242	-0.01170	0.64439	0.00380	1	1.45898	0.81042	0	
1274113	8592.62402	3306725839848	0.46071	0.24112	8592.44336	0.18066	12000	1	0.47842	0.17241	1	0.42732	0.34063	1	0.45287	0.25652	1	0.49118	0.52329	11.20265	1.05856	1	0.75224	0.55020	12.17369	1.05175	1	-0.00195	-0.00749	0.70325	0.00228	1	0.06242	-0.01170	0.64439	0.00389	1	1.45898	0.81042	0	
1274114	8592.63086	3306725906736	0.46048	0.24193	8592.44336	0.18750	12000	1	0.48066	0.18760	1	0.42733	0.34179	1	0.45400	0.26469	1	0.49112	0.52335	10.94009	1.04267	1	0.75226	0.55013	12.15801	1.05032	1	-0.00183	-0.00721	0.67692	0.00225	1	0.06556	-0.01231	0.67567	0.00389	1	1.45898	0.81042	0	
1274115	8592.63770	3306725973829	0.46058	0.24288	8592.44336	0.19434	12000	1	0.48219	0.20143	1	0.44452	0.33937	1	0.46335	0.27040	1	0.49116	0.52352	11.29349	1.04124	1	0.75248	0.55013	12.23552	1.05571	1	-0.00183	-0.00721	0.67692	0.00231	1	0.06556	-0.01231	0.67567	0.00397	1	1.45898	0.81042	0	
1274116	8592.64453	3306726040658	0.46091	0.24253	8592.44336	0.20117	12000	1	0.48664	0.19819	1	0.45500	0.26560	1	0.47082	0.23190	1	0.49123	0.52346	11.36538	1.04662	1	0.75261	0.54940	11.92966	1.06109	1	-0.00183	-0.00721	0.67692	0.00236	1	0.06556	-0.01231	0.67567	0.00409	1	1.45898	0.81042	0	
1274117	8592.65137	3306726107636	0.46121	0.24204	8592.44336	0.20801	12000	1	0.48591	0.19313	1	0.45511	0.26086	1	0.47051	0.22700	1	0.49124	0.52342	11.47224	1.05200	1	0.75243	0.55075	13.17750	1.06647	1	-0.00174	-0.00725	0.68096	0.00229	1	0.06442	-0.01205	0.66399	0.00379	1	1.45898	0.81042	0	
1274118	8592.65820	3306726174633	0.46119	0.24290	8592.44336	0.21484	12000	1	0.46087	0.17358	1	0.46004	0.36711	1	0.46045	0.27035	1	0.49129	0.52338	11.35306	1.06647	1	0.75277	0.55061	13.03449	1.06647	1	-0.00174	-0.00725	0.68096	0.00234	1	0.06442	-0.01205	0.66399	0.00375	1	1.45898	0.81042	0	
1274119	8592.66504	3306726241660	0.46115	0.24354	8592.44336	0.22168	12000	1	0.46520	0.17000	1	0.45510	0.35916	1	0.46015	0.26458	1	0.49136	0.52353	11.57792	1.06647	1	0.75257	0.55051	12.55125	1.06647	1	-0.00174	-0.00725	0.68096	0.00222	1	0.06442	-0.01205	0.66399	0.00387	1	1.45898	0.81042	0	
1274120	8592.67090	3306726308941	0.46113	0.24414	8592.44336	0.22754	12000	1	0.46520	0.17000	1	0.45510	0.35916	1	0.46015	0.26458	1	0.49143	0.52346	11.54879	1.06647	1	0.75309	0.55036	12.61031	1.06647	1	-0.00174	-0.00725	0.68096	0.00227	1	0.06442	-0.01205	0.66399	0.00384	1	1.45898	0.81042	0	
1274121	8592.67773	3306726375266	0.46131	0.24477	8592.44336	0.23438	12000	1	0.47031	0.17102	1	0.46535	0.36245	1	0.46783	0.26673	1	0.49149	0.52348	11.16969	1.06647	1	0.75281	0.55046	12.79641	1.06647	1	-0.00174	-0.00725	0.68096	0.00234	1	0.06442	-0.01205	0.66399	0.00387	1	1.45898	0.81042	0	
1274122	8592.68457	3306726442308	0.46158	0.24583	8592.44336	0.24121	12000	1	0.47230	0.18200	1	0.47017	0.38596	1	0.47123	0.28398	1	0.49142	0.52357	11.01722	1.06647	1	0.75295	0.55060	12.99423	1.06647	1	-0.00174	-0.00725	0.68096	0.00232	1	0.06442	-0.01205	0.66399	0.00383	1	1.45898	0.81042	0	
1274123	8592.69141	3306726506699	0.46183	0.24683	8592.44336	0.24805	12000	1	0.47230	0.18200	1	0.47017	0.38596	1	0.47123	0.28398	1	0.49145	0.52339	11.32261	1.06647	1	0.75312	0.55062	12.69858	1.06647	1	-0.00174	-0.00725	0.68096	0.00232	1	0.06442	-0.01205	0.66399	0.00385	1	1.45898	0.81042	0	
1274124	8592.69824	3306726574800	0.46242	0.24695	8592.44336	0.25488	12000	1	0.47614	0.17176	1	0.49313	0.33107	1	0.48464	0.25142	1	0.49157	0.52346	11.68037	1.06647	1	0.75330	0.55003	12.08831	1.06647	1	-0.00174	-0.00725	0.68096	0.00233	1	0.06442	-0.01205	0.66399	0.00380	1	1.45898	0.81042	0	
1274125	8592.70508	3306726641062	0.46285	0.24724	8592.44336	0.26172	12000	1	0.48503	0.18671	1	0.47428	0.33038	1	0.47966	0.25854	1	0.49164	0.52359	11.39268	1.06647	1	0.75331	0.54997	12.12525	1.06647	1	-0.00174	-0.00725	0.68096	0.00239	1	0.06442	-0.01205	0.66399	0.00381	1	1.45898	0.81042	0	
1274126	8592.71191	3306726709553	0.46326	0.24751	8592.44336	0.26855	12000	1	0.48503	0.18671	1	0.47428	0.33038	1	0.47966	0.25854	1	0.49163	0.52355	11.45174	1.06647	1	0.75297	0.55009	12.77517	1.06647	1	-0.00174	-0.00725	0.68096	0.00239	1	0.06556	-0.01231	0.67567	0.00376	1	1.45898	0.81042	0	
1274127	8592.71777	3306726774139	0.46356	0.24749	8592.44336	0.27441	12000	1	0.47977	0.18214	1	0.47180	0.31117	1	0.47578	0.24665	1	0.49154	0.52357	11.48672	1.06647	1	0.75326	0.55004	12.19483	1.06647	1	-0.00174	-0.00725	0.68096	0.00233	1	0.06556	-0.01231	0.67567	0.00380	1	1.45898	0.81042	0	
1274128	8592.72461	3306726844564	0.46374	0.24756	8592.44336	0.28125	12000	1	0.48312	0.18646	1	0.45921	0.31466	1	0.47116	0.25056	1	0.49157	0.52344	11.76592	1.06647	1	0.75304	0.54998	12.64637	1.06647	1	-0.00174	-0.00725	0.68096	0.00232	1	0.06556	-0.01231	0.67567	0.00376	1	1.45898	0.81042	0	
1274129	8592.73145	3306726907623	0.46390	0.24763	8592.44336	0.28809	12000	1	0.48312	0.18646	1	0.45921	0.31466	1	0.47116	0.25056	1	0.49179	0.52345	11.22046	1.06647	1	0.75295	0.55031	12.59280	1.06647	1	-0.00174	-0.00725	0.68096	0.00240	1	0.06442	-0.01205	0.66399	0.00390	1	1.45898	0.81042	0	
1274130	8592.73828	3306726976751	0.46371	0.24811	8592.44336	0.29492	12000	1	0.48598	0.18137	1	0.42471	0.35655	1	0.45534	0.26896	1	0.49167	0.52349	11.43093	1.06647	1	0.75300	0.55059	13.16297	1.06647	1	-0.00174	-0.00725	0.68096	0.00233	1	0.06442	-0.01205	0.66399	0.00378	1	1.45898	0.81042	0	
1274131	8592.74512	3306727042934	0.46366	0.24835	8592.44336	0.30176	12000	1	0.49513	0.17089	1	0.42721	0.34820	1	0.46117	0.25955	1	0.49186	0.52347	11.29275	1.06647	1	0.75294	0.55039	12.64234	1.06647	1	-0.00174	-0.00725	0.68096	0.00232	1	0.06442	-0.01205	0.66399	0.00389	1	1.45898	0.81042	0	
1274132	8592.75195	3306727110624	0.46361	0.24859	8592.44336	0.30859	12000	1	0.49513	0.17089	1	0.42721	0.34820	1	0.46117	0.25955	1	0.49189	0.52351	11.53453	1.06647	1	0.75320	0.54981	12.08033	1.06647	1	-0.00174	-0.00725	0.68096	0.00230	1	0.06605	-0.01237	0.67862	0.00401	1	1.45898	0.81042	0	
1274133	8592.75781	3306727175467	0.46363	0.24827	8592.44336	0.31445	12000	1	0.48612	0.18407	1	0.44316	0.28222	1	0.46464	0.23314	1	0.49187	0.52351	11.85282	1.06647	1	0.75326	0.54979	12.04877	1.06647	1	-0.00174	-0.00725	0.68096	0.00230	1	0.06605	-0.01237	0.67862	0.00400	1	1.45898	0.81042	0	
1274134	8592.76465	3306727243967	0.46381	0.24899	8592.44336	0.32129	12000	1	0.48685	0.15987	1	0.43948	0.29480	1	0.46316	0.22733	1	0.49202	0.52344	11.43540	1.06647	1	0.75320	0.54985	12.05374	1.06647	1	-0.00174	-0.00725	0.68096	0.00234	1	0.06605	-0.01237	0.67862	0.00391	1	1.45898	0.81042	0	
1274135	8592.77148	3306727313346	0.46322	0.24879	8592.44336	0.32812	12000	1	0.48685	0.15987	1	0.43948	0.29480	1	0.46316	0.22733	1	0.49195	0.52345	11.46622	1.06647	1	0.75315	0.55005	12.09278	1.06647	1	-0.00162	-0.00720	0.67580	0.00230	1	0.06605	-0.01237	0.67862	0.00386	1	1.45898	0.81042	0	
1274136	8592.77832	3306727380370	0.46306	0.24971	8592.44336	0.33496	12000	1	0.47975	0.17705	1	0.45290	0.30761	1	0.46633	0.24233	1	0.49201	0.52342	11.35518	1.06647	1	0.75341	0.54984	12.34297	1.06647	1	-0.00162	-0.00720	0.67580	0.00239	1	0.06605	-0.01237	0.67862	0.00398	1	1.45898	0.81042	0	
1274137	8592.78516	3306727447309	0.46305	0.24912	8592.44336	0.34180	12000	1	0.48413	0.17646	1	0.44948	0.28711	1	0.46680	0.23178	1	0.49201	0.52344	11.40154	1.06647	1	0.75333	0.54974	12.11167	1.06647	1	-0.00162	-0.00720	0.67580	0.00233	1	0.06605	-0.01237	0.67862	0.00400	1	1.45898	0.81042	0	
1274138	8592.79199	3306727514803	0.46305	0.24870	8592.44336	0.34863	12000	1	0.48413	0.17646	1	0.44948	0.28711	1	0.46680	0.23178	1	0.49201	0.52353	11.55675	1.06647	1	0.75336	0.54987	12.18285	1.06647	1	-0.00162	-0.00720	0.67580	0.00238	1	0.06714	-0.01252	0.68983	0.00396	1	1.45898	0.81042	0	
1274139	8592.79883	3306727581770	0.46364	0.24817	8592.44336	0.35547	12000	1	0.48184	0.17856	1	0.45448	0.30360	1	0.46816	0.24108	1	0.49199	0.52347	11.74450	1.06647	1	0.75338	0.54983	12.19647	1.06647	1	-0.00162	-0.00720	0.67580	0.00237	1	0.06714	-0.01252	0.68983	0.00388	1	1.45898	0.81042	0	
1274140	8592.80566	3306727648649	0.46399	0.24804	8592.44336	0.36230	12000	1	0.47750	0.17995	1	0.46102	0.30776	1	0.46926	0.24386	1	0.49200	0.52347	11.43875	1.06647	1	0.75357	0.54993	12.25725	1.06647	1	-0.00162	-0.00720	0.67580	0.00239	1	0.06714	-0.01252	0.68983	0.00392	1	1.45898	0.81042	0	
1274141	8592.81250	3306727715301	0.46435	0.24807	8592.44336	0.36914	12000	1	0.47750	0.17995	1	0.46102	0.30776	1	0.46926	0.24386	1	0.49210	0.52335	11.35823	1.06647	1	0.75359	0.55026	12.98127	1.06647	1	-0.00154	-0.00727	0.68280	0.00232	1	0.06714	-0.01252	0.68983	0.00382	1	1.45898	0.81042	0	
1274142	8592.81836	3306727782079	0.46488	0.24804	8592.44336	0.37500	12000	1	0.49358	0.17575	1	0.47174	0.31059	1	0.48266	0.24317	1	0.49221	0.52346	11.64875	1.06647	1	0.75363	0.55011	13.20702	1.06647	1	-0.00154	-0.00727	0.68280	0.00243	1	0.06714	-0.01252	0.68983	0.00393	1	1.45898	0.81042	0	
1274143	8592.82520	3306727849489	0.46500	0.24943	8592.44336	0.38184	12000	1	0.48675	0.16286	1	0.47136	0.35150	1	0.47905	0.25718	1	0.49215	0.52327	11.47786	1.06647	1	0.75369	0.55028	12.95424	1.06647	1	-0.00154	-0.00727	0.68280	0.00233	1	0.06714	-0.01252	0.68983	0.00391	1	1.45898	0.81042	0	
1274144	8592.83203	3306727914506	0.46511	0.25064	8592.44336	0.38867	12000	1	0.48675	0.16286	1	0.47136	0.35150	1	0.47905	0.25718	1	0.49227	0.52316	11.35480	1.06647	1	0.75372	0.54978	12.99084	1.06647	1	-0.00154	-0.00727	0.68280	0.00234	1	0.06714	-0.01252	0.68983	0.00413	1	1.45898	0.81042	0	
1274145	8592.83887	3306727983230	0.46558	0.24898	8592.44336	0.39551	12000	1	0.47775	0.15587	1	0.48754	0.25141	1	0.48265	0.20364	1	0.49233	0.52328	11.43057	1.06647	1	0.75386	0.54949	12.88844	1.06647	1	-0.00154	-0.00727	0.68280	0.00244	1	0.06714	-0.01252	0.68983	0.00403	1	1.45898	0.81042	0	
1274146	8592.84570	3306728050264	0.46591	0.24767	8592.44336	0.40234	12000	1	0.46797	0.16870	1	0.48242	0.25028	1	0.47519	0.20949	1	0.49222	0.52331	11.49500	1.06647	1	0.75385	0.54958	12.87186	1.06647	1	-0.00154	-0.00727	0.68280	0.00237	1	0.06714	-0.01252	0.68983	0.00399	1	1.45898	0.81042	0	
1274147	8592.85254	3306728117252	0.46622	0.24620	8592.44336	0.40918	12000	1	0.46797	0.16870	1	0.48242	0.25028	1	0.47519	0.20949	1	0.49230	0.52342	11.63119	1.06647	1	0.75388	0.54992	12.84074	1.06647	1	-0.00154	-0.00727	0.68280	0.00233	1	0.06606	-0.01232	0.67870	0.00389	1	1.45898	0.81042	0	
1274148	8592.85938	3306728184794	0.46635	0.24544	8592.44336	0.41602	12000	1	0.47338	0.16256	1	0.44954	0.30521	1	0.46146	0.23389	1	0.49230	0.52325	11.34757	1.06647	1	0.75372	0.54996	12.84338	1.06647	1	-0.00154	-0.00727	0.68280	0.00234	1	0.06606	-0.01232	0.67870	0.00373	1	1.45898	0.81042	0	
1274149	8592.86523	3306728246937	0.46668	0.24543	8592.44336	0.42188	12000	1	0.49105	0.17483	1	0.47446	0.33836	1	0.48276	0.25659	1	0.49241	0.52338	11.59793	1.06647	1	0.75416	0.55048	12.35185	1.06647	1	-0.00154	-0.00727	0.68280	0.00239	1	0.06606	-0.01232	0.67870	0.00381	1	1.45898	0.81042	0	
1274150	8592.87207	3306728318161	0.46702	0.24566	8592.44336	0.42871	12000	1	0.49105	0.17483	1	0.47446	0.33836	1	0.48276	0.25659	1	0.49249	0.52338	11.56168	1.06647	1	0.75397	0.55023	12.41147	1.06647	1	-0.00154	-0.00727	0.68280	0.00235	1	0.06605	-0.01237	0.67862	0.00373	1	1.45898	0.81042	0	
1274151	8592.87891	3306728385057	0.46688	0.24561	8592.44336	0.43555	12000	1	0.48550	0.17032	1	0.44580	0.33497	1	0.46565	0.25264	1	0.49244	0.52341	11.71470	1.06647	1	0.75409	0.55010	12.36151	1.06647	1	-0.00154	-0.00727	0.68280	0.00238	1	0.06605	-0.01237	0.67862	0.00371	1	1.45898	0.81042	0	
1274152	8592.88574	3306728451845	0.46723	0.24605	8592.44336	0.44238	12000	1	0.49217	0.15253	1	0.45090	0.30993	1	0.47154	0.23123	1	0.49248	0.52333	11.67452	1.06647	1	0.75418	0.55002	12.31588	1.06647	1	-0.00154	-0.00727	0.68280	0.00233	1	0.06605	-0.01237	0.67862	0.00374	1	1.45898	0.81042	0	
1274153	8592.89258	3306728518236	0.46758	0.24654	8592.44336	0.44922	12000	1	0.49100	0.14375	1	0.45093	0.30874	1	0.47096	0.22624	1	0.49263	0.52331	11.59213	1.07556	1	0.75416	0.55002	12.05639	1.06790	1	-0.00153	-0.00749	0.70283	0.00235	1	0.06335	-0.01184	0.64943	0.00376	1	1.45898	0.81042	0	
1274154	8592.89941	3306728586076	0.46786	0.24691	8592.44336	0.45605	12000	1	0.49641	0.15800	1	0.44377	0.29894	1	0.47009	0.22847	1	0.49255	0.52335	11.58155	1.07698	1	0.75396	0.55011	12.33753	1.06932	1	-0.00153	-0.00749	0.70283	0.00232	1	0.06335	-0.01184	0.64943	0.00384	1	1.45898	0.81042	0	
1274155	8592.90625	3306728653092	0.46785	0.24740	8592.44336	0.46289	12000	1	0.47049	0.16410	1	0.44509	0.34103	1	0.45779	0.25257	1	0.49255	0.52335	11.58155	1.07841	1	0.75404	0.55017	12.45959	1.07075	1	-0.00153	-0.00749	0.70283	0.00232	1	0.06335	-0.01184	0.64943	0.00368	1	1.45898	0.81042	0	
1274156	8592.91211	3306728716493	0.46783	0.24767	8592.44336	0.46875	12000	1	0.47029	0.16275	1	0.44518	0.33375	1	0.45773	0.24825	1	0.49249	0.52344	11.60449	1.07983	1	0.75368	0.55078	13.06929	1.07983	1	-0.00153	-0.00749	0.70283	0.00234	1	0.06534	-0.01222	0.67034	0.00373	1	1.45898	0.81042	0	
1274157	8592.91895	3306728786420	0.46780	0.24779	8592.44336	0.47559	12000	1	0.48287	0.15969	1	0.41935	0.36156	1	0.45111	0.26063	1	0.49248	0.52341	11.69957	1.07983	1	0.75365	0.55064	13.11037	1.08749	1	-0.00153	-0.00749	0.70283	0.00233	1	0.06534	-0.01222	0.67034	0.00379	1	1.45898	0.81042	0	
1274158	8592.92578	3306728853465	0.46775	0.24811	8592.44336	0.48242	12000	1	0.48686	0.14400	1	0.41918	0.38172	1	0.45302	0.26286	1	0.49256	0.52337	11.73626	1.08749	1	0.75363	0.55091	13.01306	1.09515	1	-0.00153	-0.00749	0.70283	0.00235	1	0.06534	-0.01222	0.67034	0.00391	1	1.45898	0.81042	0	
1274159	8592.93262	3306728920868	0.46768	0.24812	8592.44336	0.48926	12000	1	0.48587	0.13668	1	0.41907	0.37602	1	0.45247	0.25635	1	0.49261	0.52341	11.77678	1.09515	1	0.75426	0.55039	12.13759	1.10281	1	-0.00153	-0.00749	0.70283	0.00237	1	0.06649	-0.01248	0.68212	0.00364	1	1.45898	0.81042	0	
1274160	8592.93945	3306728987678	0.46790	0.24795	8592.44336	0.49609	12000	1	0.48883	0.14018	1	0.44766	0.34662	1	0.46824	0.24340	1	0.49258	0.52346	11.64261	1.10281	1	0.75410	0.55054	12.11281	1.10281	1	-0.00153	-0.00749	0.70283	0.00242	1	0.06649	-0.01248	0.68212	0.00391	1	1.45898	0.81042	0	
1274161	8592.94629	3306729054665	0.46782	0.24757	8592.44336	0.50293	12000	1	0.47463	0.09587	1	0.42285	0.38147	1	0.44874	0.23867	1	0.49247	0.52343	11.79983	1.10281	1	0.75375	0.55133	12.67819	1.10281	1	-0.00153	-0.00749	0.70283	0.00237	1	0.06649	-0.01248	0.68212	0.00393	1	1.45898	0.81042	0	
1274162	8592.95312	3306729121742	0.46772	0.24720	8592.44336	0.50977	12000	1	0.47588	0.10484	1	0.42294	0.38819	1	0.44941	0.24651	1	0.49266	0.52344	11.70283	1.09373	1	0.75431	0.54992	12.21331	1.09373	1	-0.00154	-0.00727	0.68280	0.00236	1	0.06649	-0.01248	0.68212	0.00410	1	1.45898	0.81042	0	
1274163	8592.95898	3306729188832	0.46795	0.24648	8592.44336	0.51562	12000	1	0.48723	0.14454	1	0.46127	0.32747	1	0.47425	0.23601	1	0.49261	0.52341	11.86663	1.08464	1	0.75431	0.55046	12.27373	1.08464	1	-0.00154	-0.00727	0.68280	0.00237	1	0.06649	-0.01248	0.68212	0.00400	1	1.45898	0.81042	0	
1274164	8592.96582	3306729255423	0.46806	0.24637	8592.44336	0.52246	12000	1	0.49359	0.17383	1	0.45874	0.27962	1	0.47617	0.22672	1	0.49267	0.52358	11.36165	1.07556	1	0.75424	0.54972	11.79103	1.07556	1	-0.00154	-0.00727	0.68280	0.00241	1	0.06649	-0.01248	0.68212	0.00431	1	1.45898	0.81042	0	
1274165	8592.97266	3306729322289	0.46818	0.24643	8592.44336	0.52930	12000	1	0.49359	0.17383	1	0.45857	0.28617	1	0.47608	0.23000	1	0.49259	0.52352	11.50415	1.07556	1	0.75423	0.54982	11.87567	1.06790	1	-0.00153	-0.00749	0.70283	0.00234	1	0.06452	-0.01210	0.66142	0.00427	1	1.45898	0.81042	0	
1274166	8592.97949	3306729389896	0.46865	0.24518	8592.44336	0.53613	12000	1	0.50444	0.12525	1	0.46224	0.29476	1	0.48334	0.21001	1	0.49273	0.52357	11.65203	1.07698	1	0.75431	0.55046	12.27373	1.06932	1	-0.00153	-0.00749	0.70283	0.00240	1	0.06452	-0.01210	0.66142	0.00400	1	1.45898	0.81042	0	
1274167	8592.98633	3306729456463	0.46902	0.24428	8592.44336	0.54297	12000	1	0.49162	0.13627	1	0.46368	0.30682	1	0.47765	0.22155	1	0.49269	0.52353	11.42451	1.07841	1	0.75430	0.54996	12.17121	1.07075	1	-0.00153	-0.00749	0.70283	0.00240	1	0.06452	-0.01210	0.66142	0.00419	1	1.45898	0.81042	0	
1274168	8592.99316	3306729523664	0.46938	0.24329	8592.44336	0.54980	12000	1	0.49143	0.13489	1	0.46392	0.29924	1	0.47768	0.21706	1	0.49249	0.52363	11.76092	1.07983	1	0.75426	0.55025	11.96257	1.07983	1	-0.00155	-0.00762	0.71070	0.00228	1	0.06649	-0.01248	0.68212	0.00411	1	1.45898	0.81042	0	
1274169	8593.00000	3306729590533	0.46940	0.24180	8592.44336	0.55664	12000	1	0.48998	0.12677	1	0.44732	0.26319	1	0.46865	0.19498	1	0.49265	0.52371	11.82530	1.07983	1	0.75407	0.55075	12.23113	1.08749	1	-0.00155	-0.00762	0.71070	0.00242	1	0.06649	-0.01248	0.68212	0.00395	1	1.45898	0.81042	0	
1274170	8593.00586	3306729657526	0.46954	0.23984	8592.44336	0.56250	12000	1	0.49602	0.12218	1	0.45964	0.25833	1	0.47783	0.19025	1	0.49269	0.52360	12.00439	1.08749	1	0.75428	0.55059	12.23878	1.09515	1	-0.00155	-0.00762	0.71070	0.00237	1	0.06649	-0.01248	0.68212	0.00401	1	1.45898	0.81042	0	
1274171	8593.01270	3306729724818	0.46967	0.23799	8592.44336	0.56934	12000	1	0.49619	0.12357	1	0.45944	0.26614	1	0.47782	0.19485	1	0.49269	0.52378	11.97408	1.08607	1	0.75421	0.55064	11.97832	1.08607	1	-0.00157	-0.00746	0.69600	0.00242	1	0.06389	-0.01200	0.65595	0.00400	1	1.45898	0.81042	0	
1274172	8593.01953	3306729789810	0.46929	0.23802	8592.44336	0.57617	12000	1	0.48218	0.16150	1	0.45042	0.34432	1	0.46630	0.25291	1	0.49244	0.52382	11.99445	1.07698	1	0.75410	0.55076	12.12173	1.06932	1	-0.00157	-0.00746	0.69600	0.00240	1	0.06389	-0.01200	0.65595	0.00397	1	1.45898	0.81042	0	
1274173	8593.02637	3306729857126	0.46921	0.23759	8592.44336	0.58301	12000	1	0.49999	0.16682	1	0.45154	0.30927	1	0.47577	0.23805	1	0.49266	0.52387	11.53225	1.06024	1	0.75410	0.55076	12.12173	1.05258	1	-0.00157	-0.00746	0.69600	0.00247	1	0.06389	-0.01200	0.65595	0.00397	1	1.45898	0.81042	0	
1274174	8593.03320	3306729925525	0.46915	0.23741	8592.44336	0.58984	12000	1	0.50206	0.18285	1	0.45140	0.31696	1	0.47673	0.24990	1	0.49249	0.52374	11.26244	1.04349	1	0.75394	0.55045	12.63204	1.04349	1	-0.00157	-0.00757	0.69600	0.00246	1	0.06606	-0.01242	0.67870	0.00406	1	1.45898	0.81042	0	
1274175	8593.04004	3306729993148	0.46891	0.23760	8592.44336	0.59668	12000	1	0.49142	0.17510	1	0.43699	0.33691	1	0.46421	0.25600	1	0.49251	0.52375	11.32987	1.04349	1	0.75388	0.55046	12.78010	1.05115	1	-0.00157	-0.00757	0.69600	0.00243	1	0.06606	-0.01242	0.67870	0.00406	1	1.45898	0.81042	0	
1274176	8593.04688	3306730059969	0.46850	0.23849	8592.44336	0.60352	12000	1	0.48473	0.17263	1	0.41802	0.41373	1	0.45137	0.29318	1	0.49242	0.52376	11.33721	1.05115	1	0.75369	0.55091	13.25017	1.05881	1	-0.00157	-0.00757	0.69600	0.00241	1	0.06606	-0.01242	0.67870	0.00398	1	1.45898	0.81042	0	
1274177	8593.05273	3306730126638	0.46807	0.23924	8592.44336	0.60938	12000	1	0.48368	0.16526	1	0.41790	0.40807	1	0.45079	0.28666	1	0.49244	0.52393	11.76867	1.05881	1	0.75369	0.55091	13.25017	1.06647	1	-0.00157	-0.00757	0.69600	0.00238	1	0.06606	-0.01242	0.67870	0.00398	1	1.45898	0.81042	0	
1274178	8593.05957	3306730193618	0.46815	0.23882	8592.44336	0.61621	12000	1	0.48230	0.16800	1	0.43557	0.32913	1	0.45894	0.24857	1	0.49240	0.52395	11.67228	1.06647	1	0.75387	0.55046	12.78360	1.06647	1	-0.00157	-0.00757	0.69600	0.00242	1	0.06606	-0.01242	0.67870	0.00405	1	1.45898	0.81042	0	
1274179	8593.06641	3306730260242	0.46817	0.23830	8592.44336	0.62305	12000	1	0.48873	0.17826	1	0.43572	0.29056	1	0.46222	0.23441	1	0.49241	0.52398	11.79335	1.06647	1	0.75383	0.55051	12.70834	1.06647	1	-0.00157	-0.00757	0.69600	0.00241	1	0.06606	-0.01242	0.67870	0.00400	1	1.45898	0.81042	0	
1274180	8593.07324	3306730327735	0.46819	0.23784	8592.44336	0.62988	12000	1	0.48873	0.17826	1	0.43570	0.29707	1	0.46222	0.23767	1	0.49228	0.52388	11.91838	1.06647	1	0.75371	0.55067	13.02306	1.05881	1	-0.00157	-0.00757	0.69600	0.00232	1	0.06389	-0.01200	0.65595	0.00394	1	1.45898	0.81042	0	
1274181	8593.08008	3306730394696	0.46762	0.23802	8592.44336	0.63672	12000	1	0.46375	0.15771	1	0.41039	0.32561	1	0.43707	0.24166	1	0.49215	0.52369	12.09287	1.05881	1	0.75350	0.55056	12.78427	1.05115	1	-0.00157	-0.00757	0.69600	0.00240	1	0.06389	-0.01200	0.65595	0.00430	1	1.45898	0.81042	0	
1274182	8593.08691	3306730461496	0.46745	0.23839	8592.44336	0.64355	12000	1	0.47467	0.17521	1	0.43619	0.31488	1	0.45543	0.24505	1	0.49226	0.52377	11.67676	1.05115	1	0.75385	0.55077	12.66116	1.04349	1	-0.00157	-0.00757	0.69600	0.00242	1	0.06389	-0.01200	0.65595	0.00383	1	1.45898	0.81042	0	
1274183	8593.09375	3306730528142	0.46730	0.23883	8592.44336	0.65039	12000	1	0.47578	0.18256	1	0.43619	0.31488	1	0.45598	0.24872	1	0.49222	0.52384	11.58545	1.04349	1	0.75400	0.55058	12.76648	1.04349	1	-0.00157	-0.00757	0.69600	0.00240	1	0.06605	-0.01247	0.67862	0.00404	1	1.45898	0.81042	0	
1274184	8593.09961	3306730592267	0.46735	0.23917	8592.44336	0.65625	12000	1	0.47217	0.17567	1	0.46526	0.34104	1	0.46871	0.25835	1	0.49216	0.52372	12.25742	1.04349	1	0.75397	0.55074	12.80580	1.05115	1	-0.00157	-0.00757	0.69600	0.00237	1	0.06605	-0.01247	0.67862	0.00405	1	1.45898	0.81042	0	
1274185	8593.10645	3306730657518	0.46741	0.23937	8592.44336	0.66309	12000	1	0.48119	0.17204	1	0.45772	0.31142	1	0.46945	0.24173	1	0.49225	0.52377	12.00703	1.05115	1	0.75384	0.55083	12.86158	1.05881	1	-0.00157	-0.00757	0.69600	0.00233	1	0.06605	-0.01247	0.67862	0.00402	1	1.45898	0.81042	0	
1274186	8593.11328	3306730726286	0.46746	0.23944	8592.44336	0.66992	12000	1	0.48012	0.16467	1	0.45788	0.30500	1	0.46900	0.23483	1	0.49211	0.52364	11.81702	1.05881	1	0.75387	0.55043	12.82508	1.06647	1	-0.00157	-0.00757	0.69600	0.00241	1	0.06606	-0.01242	0.67870	0.00407	1	1.45898	0.81042	0	
1274187	8593.12012	3306730794865	0.46740	0.23899	8592.44336	0.67676	12000	1	0.46027	0.13780	1	0.47101	0.30121	1	0.46564	0.21950	1	0.49206	0.52364	11.93184	1.06647	1	0.75368	0.55085	13.03231	1.06647	1	-0.00157	-0.00757	0.69600	0.00237	1	0.06606	-0.01242	0.67870	0.00412	1	1.45898	0.81042	0	
1274188	8593.12695	3306730863201	0.46751	0.23869	8592.44336	0.68359	12000	1	0.47697	0.15193	1	0.47222	0.30721	1	0.47459	0.22957	1	0.49202	0.52370	11.81148	1.06647	1	0.75371	0.55080	13.02586	1.06647	1	-0.00157	-0.00757	0.69600	0.00236	1	0.06606	-0.01242	0.67870	0.00414	1	1.45898	0.81042	0	
1274189	8593.13379	3306730928676	0.46763	0.23854	8592.44336	0.69043	12000	1	0.47810	0.15968	1	0.47194	0.31393	1	0.47502	0.23681	1	0.49202	0.52375	12.02884	1.05845	1	0.75360	0.55126	12.89920	1.05845	1	-0.00151	-0.00708	0.65135	0.00236	1	0.06714	-0.01273	0.68983	0.00395	1	1.45898	0.81042	0	
1274190	8593.14062	3306730997399	0.46739	0.23888	8592.44336	0.69727	12000	1	0.47658	0.14630	1	0.46526	0.37196	1	0.47092	0.25913	1	0.49197	0.52390	12.12609	1.05044	1	0.75354	0.55099	13.01466	1.05044	1	-0.00151	-0.00708	0.65135	0.00238	1	0.06714	-0.01273	0.68983	0.00388	1	1.45898	0.81042	0	
1274191	8593.14648	3306731062439	0.46772	0.23816	8592.44336	0.70312	12000	1	0.51202	0.13367	1	0.47785	0.31240	1	0.49493	0.22304	1	0.49204	0.52373	11.82608	1.04242	1	0.75381	0.55075	12.84928	1.04242	1	-0.00151	-0.00708	0.65135	0.00237	1	0.06714	-0.01273	0.68983	0.00392	1	1.45898	0.81042	0	
1274192	8593.15332	3306731130717	0.46805	0.23745	8592.44336	0.70996	12000	1	0.51202	0.13367	1	0.47785	0.31240	1	0.49493	0.22304	1	0.49175	0.52399	12.11042	1.04242	1	0.75328	0.55072	12.22470	1.04242	1	-0.00171	-0.00730	0.67135	0.00234	1	0.06605	-0.01247	0.67862	0.00398	1	1.45898	0.81042	0	
1274193	8593.16016	3306731196139	0.46788	0.23826	8592.44336	0.71680	12000	1	0.48865	0.16451	1	0.46004	0.32013	1	0.47434	0.24232	1	0.49176	0.52400	12.21097	1.05044	1	0.75350	0.55089	12.72475	1.05044	1	-0.00171	-0.00730	0.67135	0.00233	1	0.06605	-0.01247	0.67862	0.00389	1	1.45898	0.81042	0	
1274194	8593.16699	3306731264957	0.46779	0.23842	8592.44336	0.72363	12000	1	0.49930	0.14000	1	0.44269	0.29407	1	0.47100	0.21704	1	0.49180	0.52393	11.69843	1.05845	1	0.75319	0.55068	12.05569	1.05845	1	-0.00171	-0.00730	0.67135	0.00239	1	0.06605	-0.01247	0.67862	0.00404	1	1.45898	0.81042	0	
1274195	8593.17383	3306731332356	0.46769	0.23842	8592.44336	0.73047	12000	1	0.49831	0.13211	1	0.44275	0.28722	1	0.47053	0.20966	1	0.49163	0.52413	11.90299	1.06647	1	0.75325	0.55101	12.35922	1.06647	1	-0.00174	-0.00746	0.68096	0.00242	1	0.06719	-0.01270	0.69141	0.00399	1	1.45898	0.81042	0	
1274196	8593.18066	3306731399708	0.46758	0.23849	8592.44336	0.73730	12000	1	0.47892	0.14056	1	0.43285	0.33363	1	0.45589	0.23710	1	0.49159	0.52415	12.21279	1.06647	1	0.75307	0.55112	12.51613	1.06647	1	-0.00174	-0.00746	0.68096	0.00242	1	0.06719	-0.01270	0.69141	0.00403	1	1.45898	0.81042	0	
1274197	8593.18750	3306731466051	0.46694	0.23797	8592.44336	0.74414	12000	1	0.47200	0.13983	1	0.43210	0.32397	1	0.45205	0.23190	1	0.49155	0.52410	12.33520	1.06647	1	0.75308	0.55111	12.97128	1.06647	1	-0.00174	-0.00746	0.68096	0.00243	1	0.06719	-0.01270	0.69141	0.00401	1	1.45898	0.81042	0	
1274198	8593.19336	3306731533434	0.46630	0.23738	8592.44336	0.75000	12000	1	0.47200	0.13983	1	0.43208	0.31686	1	0.45204	0.22835	1	0.49157	0.52406	11.81997	1.06647	1	0.75313	0.55016	12.87721	1.07515	1	-0.00174	-0.00746	0.68096	0.00244	1	0.06888	-0.01298	0.70935	0.00399	1	1.45898	0.81042	0	
1274199	8593.20020	3306731600060	0.46660	0.23620	8592.44336	0.75684	12000	1	0.48493	0.13418	1	0.47575	0.25772	1	0.48034	0.19595	1	0.49159	0.52415	12.21483	1.07515	1	0.75323	0.55059	12.63916	1.08383	1	-0.00174	-0.00746	0.68096	0.00242	1	0.06888	-0.01298	0.70935	0.00407	1	1.45898	0.81042	0	
1274200	8593.20703	3306731667532	0.46697	0.23616	8592.44336	0.76367	12000	1	0.47773	0.15731	1	0.50063	0.30143	1	0.48918	0.22937	1	0.49162	0.52418	12.15071	1.08383	1	0.75331	0.55098	12.42308	1.09251	1	-0.00174	-0.00746	0.68096	0.00242	1	0.06888	-0.01298	0.70935	0.00405	1	1.45898	0.81042	0	
1274201	8593.21387	3306731733965	0.46735	0.23629	8592.44336	0.77051	12000	1	0.47764	0.15669	1	0.50016	0.30805	1	0.48890	0.23237	1	0.49123	0.52421	11.97019	1.08450	1	0.75291	0.55116	13.33280	1.08450	1	-0.00173	-0.00722	0.65969	0.00238	1	0.06633	-0.01251	0.68366	0.00390	1	1.45898	0.81042	0	
1274202	8593.22070	3306731801234	0.46733	0.23646	8592.44336	0.77734	12000	1	0.48187	0.14430	1	0.45677	0.32913	1	0.46932	0.23671	1	0.49126	0.52415	12.10322	1.07648	1	0.75274	0.55109	13.23975	1.06780	1	-0.00173	-0.00722	0.65969	0.00237	1	0.06633	-0.01251	0.68366	0.00391	1	1.45898	0.81042	0	
1274203	8593.22754	3306731867721	0.46735	0.23646	8592.44336	0.78418	12000	1	0.47843	0.14733	1	0.43896	0.35732	1	0.45870	0.25233	1	0.49118	0.52406	11.49742	1.05978	1	0.75246	0.55090	12.91323	1.05110	1	-0.00173	-0.00722	0.65969	0.00242	1	0.06633	-0.01251	0.68366	0.00395	1	1.45898	0.81042	0	
1274204	8593.23438	3306731935226	0.46737	0.23654	8592.44336	0.79102	12000	1	0.47838	0.14694	1	0.43896	0.35700	1	0.45867	0.25197	1	0.49111	0.52392	11.86245	1.06019	1	0.75244	0.55110	12.05805	1.05151	1	-0.00195	-0.00770	0.70324	0.00240	1	0.06633	-0.01251	0.68366	0.00389	1	1.45898	0.81042	0	
1274205	8593.24023	3306732001998	0.46744	0.23608	8592.44336	0.79688	12000	1	0.46902	0.14000	1	0.44061	0.33753	1	0.45481	0.23876	1	0.49101	0.52400	12.15042	1.06861	1	0.75240	0.55087	12.85495	1.06861	1	-0.00195	-0.00770	0.70324	0.00233	1	0.06633	-0.01251	0.68366	0.00417	1	1.45898	0.81042	0	
1274206	8593.24707	3306732069129	0.46791	0.23430	8592.44336	0.80371	12000	1	0.48693	0.11960	1	0.46399	0.23538	1	0.47546	0.17749	1	0.49095	0.52407	11.98344	1.08571	1	0.75270	0.55030	12.35292	1.08571	1	-0.00195	-0.00770	0.70324	0.00237	1	0.06633	-0.01251	0.68366	0.00413	1	1.45898	0.81042	0	
1274207	8593.25391	3306732135869	0.46837	0.23233	8592.44336	0.81055	12000	1	0.48471	0.10285	1	0.46444	0.22018	1	0.47458	0.16151	1	0.49092	0.52422	11.70348	1.10281	1	0.75265	0.55114	12.69339	1.10281	1	-0.00193	-0.00757	0.69588	0.00236	1	0.06633	-0.01251	0.68366	0.00381	1	1.45898	0.81042	0	
1274208	8593.26074	3306732202823	0.46819	0.23188	8592.44336	0.81738	12000	1	0.47612	0.13582	1	0.44242	0.30830	1	0.45927	0.22206	1	0.49080	0.52427	11.82962	1.10281	1	0.75247	0.55116	12.51040	1.10281	1	-0.00193	-0.00757	0.69588	0.00243	1	0.06633	-0.01251	0.68366	0.00378	1	1.45898	0.81042	0	
1274209	8593.26758	3306732270095	0.46868	0.23170	8592.44336	0.82422	12000	1	0.49282	0.10472	1	0.45192	0.35536	1	0.47237	0.23004	1	0.49097	0.52404	12.13510	1.10281	1	0.75261	0.55063	12.24895	1.10281	1	-0.00193	-0.00757	0.69588	0.00232	1	0.06633	-0.01251	0.68366	0.00398	1	1.45898	0.81042	0	
1274210	8593.27441	3306732337380	0.46917	0.23158	8592.44336	0.83105	12000	1	0.49395	0.11360	1	0.45166	0.36817	1	0.47281	0.24089	1	0.49098	0.52400	12.11671	1.09373	1	0.75264	0.55014	12.21429	1.08607	1	-0.00194	-0.00744	0.67973	0.00231	1	0.06420	-0.01212	0.66219	0.00418	1	1.45898	0.81042	0	
1274211	8593.28125	3306732404520	0.46915	0.23099	8592.44336	0.83789	12000	1	0.48601	0.14176	1	0.46125	0.27308	1	0.47363	0.20742	1	0.49100	0.52420	11.76926	1.07698	1	0.75263	0.54982	12.03324	1.06932	1	-0.00194	-0.00744	0.67973	0.00239	1	0.06420	-0.01212	0.66219	0.00427	1	1.45898	0.81042	0	
1274212	8593.28711	3306732470852	0.46862	0.23267	8592.44336	0.84375	12000	1	0.48203	0.15480	1	0.41926	0.46003	1	0.45064	0.30741	1	0.49092	0.52421	11.45471	1.06024	1	0.75206	0.55141	13.12179	1.05258	1	-0.00194	-0.00744	0.67973	0.00239	1	0.06420	-0.01212	0.66219	0.00387	1	1.45898	0.81042	0	
1274213	8593.29395	3306732537885	0.46810	0.23436	8592.44336	0.85059	12000	1	0.48308	0.16223	1	0.41926	0.46003	1	0.45117	0.31113	1	0.49074	0.52431	11.58105	1.05258	1	0.75227	0.55131	13.06939	1.05258	1	-0.00193	-0.00757	0.69588	0.00243	1	0.06605	-0.01248	0.68183	0.00381	1	1.45898	0.81042	0	
1274214	8593.30078	3306732604929	0.46785	0.23516	8592.44336	0.85742	12000	1	0.49226	0.14052	1	0.44994	0.35604	1	0.47110	0.24828	1	0.49090	0.52406	11.31490	1.06166	1	0.75254	0.55101	12.47668	1.06932	1	-0.00193	-0.00757	0.69588	0.00246	1	0.06605	-0.01248	0.68183	0.00379	1	1.45898	0.81042	0	
1274215	8593.30762	3306732671931	0.46779	0.23584	8592.44336	0.86426	12000	1	0.49546	0.14129	1	0.45486	0.36742	1	0.47516	0.25436	1	0.49099	0.52415	11.58419	1.07841	1	0.75269	0.55092	12.29118	1.08607	1	-0.00193	-0.00757	0.69588	0.00239	1	0.06605	-0.01248	0.68183	0.00377	1	1.45898	0.81042	0	
1274216	8593.31445	3306732737242	0.46772	0.23638	8592.44336	0.87109	12000	1	0.49338	0.12512	1	0.45502	0.36046	1	0.47420	0.24279	1	0.49090	0.52411	11.85542	1.09515	1	0.75267	0.55077	12.24657	1.09515	1	-0.00193	-0.00757	0.69588	0.00245	1	0.06420	-0.01212	0.66219	0.00384	1	1.45898	0.81042	0	
1274217	8593.32129	3306732805964	0.46776	0.23630	8592.44336	0.87793	12000	1	0.48486	0.10815	1	0.45650	0.27458	1	0.47068	0.19137	1	0.49091	0.52415	11.63824	1.09515	1	0.75264	0.55014	12.21429	1.08749	1	-0.00193	-0.00757	0.69588	0.00239	1	0.06420	-0.01212	0.66219	0.00418	1	1.45898	0.81042	0	
1274218	8593.32812	3306732872985	0.46744	0.23712	8592.44336	0.88477	12000	1	0.47454	0.13285	1	0.45014	0.32596	1	0.46234	0.22941	1	0.49080	0.52422	11.55039	1.08749	1	0.75259	0.55014	12.16843	1.07983	1	-0.00193	-0.00757	0.69588	0.00248	1	0.06420	-0.01212	0.66219	0.00420	1	1.45898	0.81042	0	
1274219	8593.33398	3306732939752	0.46713	0.23791	8592.44336	0.89062	12000	1	0.47561	0.14025	1	0.45014	0.32596	1	0.46288	0.23311	1	0.49095	0.52425	11.92879	1.07983	1	0.75245	0.55111	12.49772	1.07983	1	-0.00195	-0.00770	0.70324	0.00238	1	0.06633	-0.01251	0.68366	0.00387	1	1.45898	0.81042	0	
1274220	8593.34082	3306733006564	0.46706	0.23785	8592.44336	0.89746	12000	1	0.48688	0.13708	1	0.43922	0.36289	1	0.46305	0.24999	1	0.49095	0.52425	11.92879	1.07983	1	0.75243	0.55073	12.91960	1.08749	1	-0.00195	-0.00770	0.70324	0.00238	1	0.06633	-0.01251	0.68366	0.00373	1	1.45898	0.81042	0	
1274221	8593.34766	3306733075057	0.46680	0.23793	8592.44336	0.90430	12000	1	0.47370	0.12872	1	0.45282	0.35484	1	0.46326	0.24178	1	0.49082	0.52419	11.88944	1.08749	1	0.75260	0.55081	12.64581	1.09515	1	-0.00195	-0.00770	0.70324	0.00242	1	0.06633	-0.01251	0.68366	0.00374	1	1.45898	0.81042	0	
1274222	8593.35449	3306733141067	0.46652	0.23785	8592.44336	0.91113	12000	1	0.47390	0.13011	1	0.45267	0.36185	1	0.46329	0.24598	1	0.49092	0.52415	11.63395	1.08607	1	0.75260	0.55081	12.64581	1.08607	1	-0.00194	-0.00744	0.67973	0.00239	1	0.06420	-0.01212	0.66219	0.00374	1	1.45898	0.81042	0	
1274223	8593.36133	3306733207655	0.46662	0.23802	8592.44336	0.91797	12000	1	0.48632	0.14861	1	0.45138	0.37969	1	0.46885	0.26415	1	0.49095	0.52429	11.63782	1.07698	1	0.75259	0.55062	12.09426	1.06932	1	-0.00194	-0.00744	0.67973	0.00245	1	0.06420	-0.01212	0.66219	0.00401	1	1.45898	0.81042	0	
1274224	8593.36816	3306733274567	0.46670	0.23784	8592.44336	0.92480	12000	1	0.45374	0.15526	1	0.45649	0.41412	1	0.45512	0.28469	1	0.49089	0.52425	11.53096	1.06024	1	0.75265	0.55097	12.29915	1.05258	1	-0.00194	-0.00744	0.67973	0.00245	1	0.06420	-0.01212	0.66219	0.00382	1	1.45898	0.81042	0	
1274225	8593.37500	3306733341997	0.46681	0.23804	8592.44336	0.93164	12000	1	0.45642	0.17153	1	0.45631	0.42091	1	0.45636	0.29622	1	0.49100	0.52416	11.73418	1.04349	1	0.75270	0.55090	12.56522	1.04349	1	-0.00183	-0.00741	0.67692	0.00234	1	0.06633	-0.01251	0.68366	0.00380	1	1.45898	0.81042	0	
1274226	8593.38184	3306733409745	0.46674	0.23882	8592.44336	0.93848	12000	1	0.47726	0.17489	1	0.43325	0.39656	1	0.45525	0.28572	1	0.49104	0.52412	11.70114	1.04349	1	0.75226	0.55130	13.09341	1.05115	1	-0.00183	-0.00741	0.67692	0.00237	1	0.06633	-0.01251	0.68366	0.00379	1	1.45898	0.81042	0	
1274227	8593.38770	3306733475871	0.46658	0.23935	8592.44336	0.94434	12000	1	0.46122	0.18092	1	0.44812	0.33879	1	0.45467	0.25985	1	0.49097	0.52423	11.74482	1.05115	1	0.75251	0.55060	12.59575	1.05881	1	-0.00183	-0.00741	0.67692	0.00237	1	0.06633	-0.01251	0.68366	0.00415	1	1.45898	0.81042	0	
1274228	8593.39453	3306733542325	0.46641	0.23967	8592.44336	0.95117	12000	1	0.46003	0.17360	1	0.44821	0.33257	1	0.45412	0.25308	1	0.49121	0.52424	11.71901	1.05881	1	0.75295	0.55034	12.91579	1.06647	1	-0.00183	-0.00741	0.67692	0.00239	1	0.06633	-0.01251	0.68366	0.00426	1	1.45898	0.81042	0	
1274229	8593.40137	3306733609472	0.46721	0.23943	8592.44336	0.95801	12000	1	0.47674	0.16372	1	0.47402	0.29728	1	0.47538	0.23050	1	0.49113	0.52425	11.87623	1.06647	1	0.75294	0.55029	12.83382	1.06647	1	-0.00183	-0.00741	0.67692	0.00242	1	0.06633	-0.01251	0.68366	0.00428	1	1.45898	0.81042	0	
1274230	8593.40820	3306733676206	0.46758	0.23856	8592.44336	0.96484	12000	1	0.47674	0.16372	1	0.47013	0.24283	1	0.47344	0.20327	1	0.49113	0.52425	11.87623	1.06647	1	0.75282	0.55026	12.74282	1.06647	1	-0.00183	-0.00741	0.67692	0.00242	1	0.06633	-0.01251	0.68366	0.00425	1	1.45898	0.81042	0	
1274231	8593.41504	3306733743937	0.46795	0.23762	8592.44336	0.97168	12000	1	0.47674	0.16372	1	0.47013	0.24283	1	0.47344	0.20327	1	0.49126	0.52414	11.95611	1.06647	1	0.75294	0.55008	12.86187	1.06647	1	-0.00183	-0.00741	0.67692	0.00231	1	0.06633	-0.01251	0.68366	0.00424	1	1.45898	0.81042	0	
1274232	8593.42188	3306733810889	0.46814	0.23712	8592.44336	0.97852	12000	1	0.48071	0.16389	1	0.47478	0.30514	1	0.47775	0.23452	1	0.49118	0.52417	11.88800	1.06647	1	0.75290	0.55031	12.88157	1.06647	1	-0.00183	-0.00741	0.67692	0.00236	1	0.06633	-0.01251	0.68366	0.00432	1	1.45898	0.81042	0	
1274233	8593.42773	3306733876233	0.46847	0.23600	8592.44336	0.98438	12000	1	0.48220	0.15580	1	0.48852	0.22058	1	0.48536	0.18819	1	0.49133	0.52417	11.89445	1.06647	1	0.75312	0.54992	12.75603	1.06647	1	-0.00183	-0.00741	0.67692	0.00230	1	0.06633	-0.01251	0.68366	0.00431	1	1.45898	0.81042	0	
1274234	8593.43457	3306733944454	0.46881	0.23519	8592.44336	0.99121	12000	1	0.48329	0.16352	1	0.48812	0.22796	1	0.48571	0.19574	1	0.49132	0.52414	11.79186	1.05845	1	0.75306	0.55040	12.81861	1.05845	1	-0.00173	-0.00722	0.65969	0.00231	1	0.06633	-0.01251	0.68366	0.00401	1	1.45898	0.81042	0	
1274235	8593.44141	3306734009595	0.46870	0.23528	8592.44336	0.99805	12000	1	0.45985	0.17239	1	0.46010	0.27531	1	0.45997	0.22385	1	0.49127	0.52418	11.72681	1.05044	1	0.75308	0.55049	12.80766	1.05044	1	-0.00173	-0.00722	0.65969	0.00235	1	0.06633	-0.01251	0.68366	0.00401	1	1.45898	0.81042	0	
1274236	8593.44824	3306734078342	0.46854	0.23519	8592.44336	1.00488	12000	1	0.47114	0.18280	1	0.46306	0.26742	1	0.46710	0.22511	1	0.49141	0.52422	11.86883	1.04242	1	0.75311	0.55039	12.81246	1.04242	1	-0.00173	-0.00722	0.65969	0.00235	1	0.06633	-0.01251	0.68366	0.00404	1	1.45898	0.81042	0	
1274237	8593.45508	3306734145499	0.46838	0.23486	8592.44336	1.01172	12000	1	0.47114	0.18280	1	0.46329	0.25965	1	0.46721	0.22122	1	0.49169	0.52417	11.86013	1.04242	1	0.75321	0.55054	13.04304	1.05110	1	-0.00174	-0.00746	0.68096	0.00243	1	0.06888	-0.01298	0.70935	0.00409	1	1.45898	0.81042	0	
1274238	8593.46191	3306734210554	0.46795	0.23468	8592.44336	1.01855	12000	1	0.47716	0.15222	1	0.42350	0.34881	1	0.45033	0.25051	1	0.49154	0.52404	11.89632	1.05912	1	0.75289	0.55081	13.24642	1.06780	1	-0.00174	-0.00746	0.68096	0.00244	1	0.06888	-0.01298	0.70935	0.00401	1	1.45898	0.81042	0	
1274239	8593.46875	3306734279030	0.46715	0.23462	8592.44336	1.02539	12000	1	0.47132	0.15364	1	0.44200	0.28622	1	0.45666	0.21993	1	0.49149	0.52429	11.81456	1.07581	1	0.75319	0.55090	12.78334	1.08450	1	-0.00174	-0.00746	0.68096	0.00241	1	0.06888	-0.01298	0.70935	0.00393	1	1.45898	0.81042	0	
1274240	8593.47559	3306734346498	0.46632	0.23415	8592.44336	1.03223	12000	1	0.46763	0.12893	1	0.44212	0.27183	1	0.45488	0.20038	1	0.49173	0.52423	11.75794	1.10160	1	0.75327	0.55045	12.00008	1.10160	1	-0.00176	-0.00780	0.71244	0.00236	1	0.06606	-0.01242	0.67870	0.00403	1	1.45898	0.81042	0	
1274241	8593.48145	3306734413649	0.46598	0.23345	8592.44336	1.03809	12000	1	0.46055	0.11718	1	0.45617	0.30058	1	0.45836	0.20888	1	0.49181	0.52418	11.67758	1.11068	1	0.75345	0.55073	12.33162	1.10200	1	-0.00176	-0.00780	0.71244	0.00242	1	0.06606	-0.01242	0.67870	0.00400	1	1.45898	0.81042	0	
1274242	8593.48828	3306734478468	0.46575	0.23331	8592.44336	1.04492	12000	1	0.46658	0.09769	1	0.45256	0.32252	1	0.45957	0.21010	1	0.49180	0.52412	11.83543	1.11109	1	0.75335	0.55082	12.27240	1.10241	1	-0.00176	-0.00780	0.71244	0.00238	1	0.06606	-0.01242	0.67870	0.00408	1	1.45898	0.81042	0	
1274243	8593.49512	3306734547809	0.46554	0.23362	8592.44336	1.05176	12000	1	0.46896	0.11402	1	0.45230	0.33580	1	0.46063	0.22491	1	0.49181	0.52398	11.94112	1.09439	1	0.75373	0.55071	13.00795	1.08571	1	-0.00151	-0.00713	0.65135	0.00237	1	0.06606	-0.01242	0.67870	0.00409	1	1.45898	0.81042	0	
1274244	8593.50195	3306734611393	0.46596	0.23358	8592.44336	1.05859	12000	1	0.47660	0.13986	1	0.47524	0.33061	1	0.47592	0.23523	1	0.49189	0.52403	12.01152	1.06861	1	0.75373	0.55071	13.00795	1.06861	1	-0.00151	-0.00713	0.65135	0.00241	1	0.06606	-0.01242	0.67870	0.00410	1	1.45898	0.81042	0	
1274245	8593.50879	3306734680257	0.46640	0.23369	8592.44336	1.06543	12000	1	0.46824	0.16217	1	0.47872	0.31142	1	0.47348	0.23679	1	0.49187	0.52401	11.91698	1.05151	1	0.75388	0.55059	12.71623	1.05151	1	-0.00151	-0.00713	0.65135	0.00239	1	0.06606	-0.01242	0.67870	0.00411	1	1.45898	0.81042	0	
1274246	8593.51465	3306734744976	0.46687	0.23419	8592.44336	1.07129	12000	1	0.47080	0.17879	1	0.47803	0.32590	1	0.47441	0.25235	1	0.49203	0.52408	11.61210	1.03440	1	0.75364	0.55081	13.16290	1.03440	1	-0.00151	-0.00713	0.65135	0.00241	1	0.06606	-0.01242	0.67870	0.00414	1	1.45898	0.81042	0	
1274247	8593.52148	3306734813586	0.46643	0.23545	8592.44336	1.07812	12000	1	0.47034	0.18052	1	0.44805	0.33283	1	0.45919	0.25667	1	0.49213	0.52402	11.87497	1.03440	1	0.75371	0.55080	13.02586	1.03440	1	-0.00151	-0.00713	0.65135	0.00243	1	0.06606	-0.01242	0.67870	0.00414	1	1.45898	0.81042	0	
1274248	8593.52832	3306734877748	0.46552	0.23603	8592.44336	1.08496	12000	1	0.46046	0.18846	1	0.43089	0.32582	1	0.44567	0.25714	1	0.49206	0.52412	11.74426	1.03440	1	0.75378	0.55072	12.90127	1.03440	1	-0.00151	-0.00713	0.65135	0.00240	1	0.06606	-0.01242	0.67870	0.00397	1	1.45898	0.81042	0	
1274249	8593.53516	3306734946525	0.46461	0.23640	8592.44336	1.09180	12000	1	0.45919	0.18074	1	0.43086	0.31906	1	0.44503	0.24990	1	0.49236	0.52415	12.21298	1.04242	1	0.75394	0.55019	12.81505	1.04242	1	-0.00157	-0.00757	0.69600	0.00241	1	0.06546	-0.01239	0.67151	0.00421	1	1.45898	0.81042	0	
1274250	8593.54199	3306735015047	0.46445	0.23598	8592.44336	1.09863	12000	1	0.48494	0.15668	1	0.43861	0.27703	1	0.46177	0.21685	1	0.49237	0.52415	12.21483	1.05044	1	0.75394	0.55037	12.61052	1.05044	1	-0.00157	-0.00757	0.69600	0.00242	1	0.06546	-0.01239	0.67151	0.00403	1	1.45898	0.81042	0	
1274251	8593.54883	3306735082017	0.46445	0.23580	8592.44336	1.10547	12000	1	0.49056	0.15015	1	0.42626	0.33744	1	0.45841	0.24379	1	0.49243	0.52407	12.20017	1.05845	1	0.75368	0.55122	13.11236	1.05845	1	-0.00157	-0.00757	0.69600	0.00235	1	0.06546	-0.01239	0.67151	0.00406	1	1.45898	0.81042	0	
1274252	8593.55566	3306735147572	0.46442	0.23538	8592.44336	1.11230	12000	1	0.48833	0.13346	1	0.42619	0.32977	1	0.45726	0.23162	1	0.49245	0.52400	12.31023	1.07556	1	0.75360	0.55155	12.77537	1.06790	1	-0.00153	-0.00770	0.70282	0.00238	1	0.06335	-0.01198	0.64944	0.00388	1	1.45898	0.81042	0	
1274253	8593.56250	3306735217994	0.46444	0.23532	8592.44336	1.11914	12000	1	0.47951	0.14770	1	0.43236	0.32366	1	0.45593	0.23568	1	0.49235	0.52415	12.17808	1.07698	1	0.75386	0.55115	12.78541	1.06932	1	-0.00153	-0.00770	0.70282	0.00240	1	0.06335	-0.01198	0.64944	0.00406	1	1.45898	0.81042	0	
1274254	8593.56836	3306735282068	0.46400	0.23650	8592.44336	1.12500	12000	1	0.47349	0.13098	1	0.43550	0.33769	1	0.45450	0.23433	1	0.49235	0.52401	12.50424	1.07841	1	0.75389	0.55125	12.79581	1.07075	1	-0.00153	-0.00770	0.70282	0.00243	1	0.06335	-0.01198	0.64944	0.00389	1	1.45898	0.81042	0	
1274255	8593.57520	3306735351126	0.46358	0.23793	8592.44336	1.13184	12000	1	0.47329	0.12959	1	0.43551	0.33038	1	0.45440	0.22999	1	0.49244	0.52394	12.12870	1.07983	1	0.75410	0.55101	12.41540	1.07983	1	-0.00155	-0.00773	0.71070	0.00243	1	0.06546	-0.01237	0.67049	0.00387	1	1.45898	0.81042	0	
1274256	8593.58203	3306735418114	0.46363	0.23754	8592.44336	1.13867	12000	1	0.47001	0.13063	1	0.45264	0.27668	1	0.46132	0.20365	1	0.49261	0.52403	12.09590	1.07983	1	0.75414	0.55068	12.15499	1.08749	1	-0.00155	-0.00773	0.71070	0.00237	1	0.06546	-0.01237	0.67049	0.00402	1	1.45898	0.81042	0	
1274257	8593.58887	3306735485308	0.46328	0.23668	8592.44336	1.14551	12000	1	0.45897	0.12083	1	0.45294	0.25643	1	0.45596	0.18863	1	0.49251	0.52395	12.11054	1.08749	1	0.75418	0.55056	12.26377	1.09515	1	-0.00155	-0.00773	0.71070	0.00238	1	0.06546	-0.01237	0.67049	0.00403	1	1.45898	0.81042	0	
1274258	8593.59570	3306735552196	0.46292	0.23544	8592.44336	1.15234	12000	1	0.45782	0.11333	1	0.45307	0.24983	1	0.45544	0.18158	1	0.49263	0.52403	12.08199	1.09515	1	0.75436	0.55115	13.55641	1.10281	1	-0.00153	-0.00770	0.70282	0.00238	1	0.06675	-0.01256	0.68371	0.00385	1	1.45898	0.81042	0	
1274259	8593.60254	3306735619512	0.46264	0.23525	8592.44336	1.15918	12000	1	0.46556	0.10316	1	0.45450	0.29272	1	0.46003	0.19794	1	0.49259	0.52399	12.02110	1.10281	1	0.75419	0.55105	12.53639	1.10281	1	-0.00153	-0.00770	0.70282	0.00237	1	0.06675	-0.01256	0.68371	0.00390	1	1.45898	0.81042	0	
1274260	8593.60938	3306735685820	0.46270	0.23329	8592.44336	1.16602	12000	1	0.45908	0.09406	1	0.44837	0.33308	1	0.45372	0.21357	1	0.49253	0.52379	12.42860	1.10281	1	0.75406	0.55102	12.84842	1.10281	1	-0.00153	-0.00770	0.70282	0.00240	1	0.06675	-0.01256	0.68371	0.00395	1	1.45898	0.81042	0	
1274261	8593.61621	3306735752633	0.46277	0.23143	8592.44336	1.17285	12000	1	0.46043	0.10305	1	0.44826	0.34022	1	0.45434	0.22163	1	0.49263	0.52391	12.29910	1.09373	1	0.75425	0.55097	12.49545	1.09373	1	-0.00143	-0.00748	0.68276	0.00238	1	0.06675	-0.01256	0.68371	0.00391	1	1.45898	0.81042	0	
1274262	8593.62207	3306735820181	0.46270	0.23065	8592.44336	1.17871	12000	1	0.46861	0.12377	1	0.46666	0.29838	1	0.46764	0.21107	1	0.49269	0.52397	12.13382	1.08464	1	0.75437	0.55099	13.05248	1.08464	1	-0.00143	-0.00748	0.68276	0.00235	1	0.06675	-0.01256	0.68371	0.00394	1	1.45898	0.81042	0	
1274263	8593.62891	3306735886987	0.46266	0.22998	8592.44336	1.18555	12000	1	0.48591	0.14328	1	0.46105	0.30096	1	0.47348	0.22212	1	0.49268	0.52408	12.08042	1.07556	1	0.75424	0.55089	12.80796	1.07556	1	-0.00143	-0.00748	0.68276	0.00241	1	0.06675	-0.01256	0.68371	0.00396	1	1.45898	0.81042	0	SUBJECT_ONSET_LOG
1274264	8593.63574	3306735952300	0.46266	0.22972	8592.44336	1.19238	12000	1	0.48711	0.15207	1	0.46083	0.30856	1	0.47397	0.23031	1	0.49278	0.52400	12.11607	1.06647	1	0.75424	0.55089	12.80796	1.06647	1	-0.00143	-0.00743	0.68276	0.00240	1	0.06611	-0.01249	0.67713	0.00396	1	1.45898	0.81042	0	
1274265	8593.64258	3306736020601	0.46278	0.23057	8592.44336	1.19922	12000	1	0.48205	0.16635	1	0.47141	0.29790	1	0.47673	0.23212	1	0.49277	0.52420	12.01492	1.06647	1	0.75442	0.55095	13.24437	1.06647	1	-0.00143	-0.00743	0.68276	0.00235	1	0.06611	-0.01249	0.67713	0.00388	1	1.45898	0.81042	0	
1274266	8593.64941	3306736088122	0.46305	0.23019	8592.44336	1.20605	12000	1	0.47973	0.12535	1	0.47059	0.29663	1	0.47516	0.21099	1	0.49274	0.52402	12.33529	1.06647	1	0.75441	0.55096	13.19375	1.06647	1	-0.00143	-0.00743	0.68276	0.00240	1	0.06611	-0.01249	0.67713	0.00388	1	1.45898	0.81042	0	
1274267	8593.65625	3306736154678	0.46331	0.22988	8592.44336	1.21289	12000	1	0.48084	0.13331	1	0.47033	0.30343	1	0.47558	0.21837	1	0.49267	0.52404	12.35007	1.05845	1	0.75429	0.55103	13.08544	1.05845	1	-0.00133	-0.00717	0.65508	0.00242	1	0.06611	-0.01249	0.67713	0.00389	1	1.45898	0.81042	0	AUDIO_FILE_ONSET_LOG
1274268	8593.66309	3306736221920	0.46335	0.22992	8592.44336	1.21973	12000	1	0.48257	0.16017	1	0.44675	0.34357	1	0.46466	0.25187	1	0.49279	0.52406	12.11362	1.05044	1	0.75408	0.55108	13.47349	1.05044	1	-0.00133	-0.00717	0.65508	0.00239	1	0.06611	-0.01249	0.67713	0.00391	1	1.45898	0.81042	0	
1274269	8593.66895	3306736289174	0.46350	0.22993	8592.44336	1.22559	12000	1	0.47891	0.16873	1	0.46231	0.31631	1	0.47061	0.24252	1	0.49279	0.52413	11.89560	1.04242	1	0.75432	0.55083	13.05925	1.04242	1	-0.00133	-0.00717	0.65508	0.00251	1	0.06611	-0.01249	0.67713	0.00390	1	1.45898	0.81042	0	
1274270	8593.67578	3306736355659	0.46366	0.23001	8592.44336	1.23242	12000	1	0.48006	0.17654	1	0.46210	0.32311	1	0.47108	0.24982	1	0.49283	0.52429	12.16771	1.03440	1	0.75431	0.55100	13.03302	1.03440	1	-0.00133	-0.00717	0.65508	0.00246	1	0.06675	-0.01267	0.68371	0.00399	1	1.45898	0.81042	0	
1274271	8593.68262	3306736422881	0.46386	0.23042	8592.44336	1.23926	12000	1	0.48983	0.18752	1	0.46695	0.37982	1	0.47839	0.28367	1	0.49288	0.52428	12.24045	1.03440	1	0.75444	0.55129	12.85854	1.03440	1	-0.00133	-0.00717	0.65508	0.00242	1	0.06675	-0.01267	0.68371	0.00393	1	1.45898	0.81042	0	
1274272	8593.68945	3306736489964	0.46419	0.23020	8592.44336	1.24609	12000	1	0.47738	0.17934	1	0.46437	0.36896	1	0.47087	0.27415	1	0.49276	0.52422	12.10243	1.03440	1	0.75437	0.55111	12.90083	1.03440	1	-0.00133	-0.00717	0.65508	0.00242	1	0.06675	-0.01267	0.68371	0.00397	1	1.45898	0.81042	0	
1274273	8593.69629	3306736557277	0.46448	0.22959	8592.44336	1.25293	12000	1	0.47622	0.17156	1	0.46459	0.36251	1	0.47041	0.26704	1	0.49275	0.52424	12.11169	1.04242	1	0.75440	0.55118	13.03693	1.04242	1	-0.00143	-0.00748	0.68276	0.00243	1	0.06675	-0.01267	0.68371	0.00395	1	1.45898	0.81042	0	
1274274	8593.70312	3306736623790	0.46494	0.22873	8592.44336	1.25977	12000	1	0.48863	0.17227	1	0.46531	0.31586	1	0.47697	0.24406	1	0.49284	0.52426	11.79177	1.05044	1	0.75439	0.55111	13.15997	1.05044	1	-0.00143	-0.00748	0.68276	0.00254	1	0.06675	-0.01267	0.68371	0.00396	1	1.45898	0.81042	0	
1274275	8593.70996	3306736690602	0.46538	0.22872	8592.44336	1.26660	12000	1	0.48897	0.17833	1	0.46339	0.34062	1	0.47618	0.25947	1	0.49272	0.52421	11.73482	1.05845	1	0.75440	0.55098	13.04414	1.05845	1	-0.00143	-0.00748	0.68276	0.00248	1	0.06675	-0.01267	0.68371	0.00385	1	1.45898	0.81042	0	
1274276	8593.71582	3306736754766	0.46584	0.22885	8592.44336	1.27246	12000	1	0.48897	0.17833	1	0.46339	0.34062	1	0.47618	0.25947	1	0.49273	0.52427	11.92920	1.05845	1	0.75445	0.55112	12.85523	1.05845	1	-0.00133	-0.00717	0.65508	0.00243	1	0.06611	-0.01259	0.67713	0.00383	1	1.45898	0.81042	0	
1274277	8593.72266	3306736823377	0.46583	0.22948	8592.44336	1.27930	12000	1	0.48152	0.18534	1	0.46845	0.33600	1	0.47498	0.26067	1	0.49274	0.52429	12.09022	1.05044	1	0.75441	0.55126	12.84411	1.05044	1	-0.00133	-0.00717	0.65508	0.00240	1	0.06611	-0.01259	0.67713	0.00379	1	1.45898	0.81042	0	
1274278	8593.72949	3306736891385	0.47333	0.25776	8592.44336	1.27930	12000	0	0.48211	0.18540	1	0.46590	0.37846	1	0.47400	0.28193	1	0.49273	0.52423	11.81978	1.04242	1	0.75443	0.55122	13.41712	1.04242	1	-0.00133	-0.00717	0.65508	0.00247	1	0.06611	-0.01259	0.67713	0.00383	1	1.45898	0.81042	0	
1274279	8593.73633	3306736958539	0.47367	0.26984	8592.44336	1.27930	12000	0	0.48211	0.18540	1	0.46590	0.37846	1	0.47400	0.28193	1	0.49293	0.52433	11.99292	1.04242	1	0.75422	0.55103	13.63755	1.04242	1	-0.00143	-0.00748	0.68276	0.00252	1	0.06675	-0.01267	0.68371	0.00389	1	1.45898	0.81042	0	
1274280	8593.74316	3306737025003	0.47573	0.26663	8592.44336	1.27930	12000	0	0.49631	0.18272	1	0.46342	0.33767	1	0.47986	0.26019	1	0.49298	0.52436	12.13282	1.05044	1	0.75431	0.55110	13.13062	1.05044	1	-0.00143	-0.00748	0.68276	0.00248	1	0.06675	-0.01267	0.68371	0.00378	1	1.45898	0.81042	0	
1274281	8593.75000	3306737092977	0.47702	0.26324	8593.72949	0.02051	12001	1	0.49503	0.18061	1	0.46678	0.32558	1	0.48091	0.25310	1	0.49293	0.52438	12.13552	1.05845	1	0.75442	0.55082	13.16511	1.05845	1	-0.00143	-0.00748	0.68276	0.00250	1	0.06675	-0.01267	0.68371	0.00392	1	1.45898	0.81042	0	
1274282	8593.75684	3306737159670	0.47772	0.25979	8593.72949	0.02734	12001	1	0.49401	0.17303	1	0.46701	0.31895	1	0.48051	0.24599	1	0.49292	0.52436	12.06011	1.06647	1	0.75442	0.55082	13.16511	1.06647	1	-0.00143	-0.00753	0.68276	0.00253	1	0.06611	-0.01259	0.67713	0.00392	1	1.45898	0.81042	0	
1274283	8593.76270	3306737226900	0.47656	0.25474	8593.72949	0.03320	12001	1	0.47356	0.16906	1	0.46795	0.28993	1	0.47075	0.22949	1	0.49297	0.52442	12.30081	1.06647	1	0.75440	0.55101	13.23562	1.06647	1	-0.00143	-0.00753	0.68276	0.00247	1	0.06611	-0.01259	0.67713	0.00390	1	1.45898	0.81042	0	
1274284	8593.76953	3306737293653	0.47487	0.25455	8593.72949	0.04004	12001	1	0.46333	0.17457	1	0.46612	0.33215	1	0.46472	0.25336	1	0.49285	0.52437	12.12313	1.06647	1	0.75444	0.55122	13.20447	1.06647	1	-0.00143	-0.00753	0.68276	0.00246	1	0.06611	-0.01259	0.67713	0.00384	1	1.45898	0.81042	0	
1274285	8593.77637	3306737360956	0.47360	0.25440	8593.72949	0.04688	12001	1	0.46333	0.17457	1	0.46612	0.33215	1	0.46472	0.25336	1	0.49281	0.52434	12.09187	1.06647	1	0.75449	0.55134	13.30722	1.06647	1	-0.00143	-0.00748	0.68276	0.00244	1	0.06611	-0.01259	0.67713	0.00374	1	1.45898	0.81042	0	
1274286	8593.78320	3306737427711	0.47281	0.25165	8593.72949	0.05371	12001	1	0.45829	0.12065	1	0.47467	0.33873	1	0.46648	0.22969	1	0.49295	0.52435	11.96764	1.06647	1	0.75452	0.55121	13.11051	1.06647	1	-0.00143	-0.00748	0.68276	0.00251	1	0.06611	-0.01259	0.67713	0.00374	1	1.45898	0.81042	0	
1274287	8593.79004	3306737494436	0.47270	0.25294	8593.72949	0.06055	12001	1	0.46860	0.17755	1	0.47482	0.35140	1	0.47171	0.26448	1	0.49294	0.52440	11.92207	1.06647	1	0.75448	0.55137	13.26558	1.06647	1	-0.00143	-0.00748	0.68276	0.00255	1	0.06611	-0.01259	0.67713	0.00373	1	1.45898	0.81042	0	
1274288	8593.79688	3306737561601	0.47256	0.25327	8593.72949	0.06738	12001	1	0.46726	0.16897	1	0.47515	0.34416	1	0.47121	0.25657	1	0.49289	0.52453	11.78995	1.07556	1	0.75443	0.55162	13.31919	1.07556	1	-0.00143	-0.00779	0.70624	0.00254	1	0.06611	-0.01259	0.67713	0.00377	1	1.45898	0.81042	0	
1274289	8593.80371	3306737628638	0.47037	0.25397	8593.72949	0.07422	12001	1	0.46699	0.13715	1	0.42545	0.38631	1	0.44622	0.26173	1	0.49286	0.52465	12.06152	1.08464	1	0.75375	0.55192	14.11309	1.08464	1	-0.00143	-0.00779	0.70624	0.00246	1	0.06611	-0.01259	0.67713	0.00393	1	1.45898	0.81042	0	
1274290	8593.80957	3306737695539	0.46928	0.25075	8593.72949	0.08008	12001	1	0.44901	0.11009	1	0.46349	0.31418	1	0.45625	0.21213	1	0.49284	0.52471	12.02589	1.09373	1	0.75432	0.55129	13.09762	1.09373	1	-0.00143	-0.00779	0.70624	0.00247	1	0.06611	-0.01259	0.67713	0.00367	1	1.45898	0.81042	0	
1274291	8593.81641	3306737760887	0.46835	0.24799	8593.72949	0.08691	12001	1	0.44901	0.11009	1	0.46349	0.31418	1	0.45625	0.21213	1	0.49291	0.52461	12.01603	1.09373	1	0.75424	0.55152	13.53564	1.09373	1	-0.00143	-0.00753	0.68276	0.00241	1	0.06611	-0.01259	0.67713	0.00365	1	1.45898	0.81042	0	
1274292	8593.82324	3306737829289	0.46856	0.24779	8593.72949	0.09375	12001	1	0.45470	0.13076	1	0.48823	0.35907	1	0.47146	0.24492	1	0.49284	0.52464	12.24420	1.08464	1	0.75470	0.55142	12.93144	1.08464	1	-0.00143	-0.00753	0.68276	0.00242	1	0.06611	-0.01259	0.67713	0.00364	1	1.45898	0.81042	0	
1274293	8593.83008	3306737896836	0.46831	0.24873	8593.72949	0.10059	12001	1	0.46471	0.14626	1	0.46435	0.37929	1	0.46453	0.26278	1	0.49289	0.52457	12.05413	1.07556	1	0.75432	0.55154	13.53101	1.07556	1	-0.00143	-0.00753	0.68276	0.00237	1	0.06611	-0.01259	0.67713	0.00363	1	1.45898	0.81042	0	
1274294	8593.83691	3306737962257	0.46809	0.24955	8593.72949	0.10742	12001	1	0.46471	0.14626	1	0.46435	0.37929	1	0.46453	0.26278	1	0.49289	0.52462	11.79835	1.07556	1	0.75434	0.55152	13.71307	1.07556	1	-0.00143	-0.00779	0.70624	0.00243	1	0.06611	-0.01259	0.67713	0.00362	1	1.45898	0.81042	0	
1274295	8593.84375	3306738029972	0.46784	0.24927	8593.72949	0.11426	12001	1	0.46444	0.12816	1	0.46302	0.36078	1	0.46373	0.24447	1	0.49290	0.52461	11.77743	1.08464	1	0.75430	0.55163	13.64585	1.08464	1	-0.00143	-0.00779	0.70624	0.00244	1	0.06611	-0.01259	0.67713	0.00364	1	1.45898	0.81042	0	
1274296	8593.85059	3306738097520	0.46691	0.24995	8593.72949	0.12109	12001	1	0.46644	0.15432	1	0.43379	0.36996	1	0.45011	0.26214	1	0.49292	0.52475	12.40832	1.09373	1	0.75386	0.55167	14.15280	1.09373	1	-0.00143	-0.00779	0.70624	0.00242	1	0.06611	-0.01259	0.67713	0.00371	1	1.45898	0.81042	0	
1274297	8593.85742	3306738164769	0.46604	0.25017	8593.72949	0.12793	12001	1	0.46512	0.14577	1	0.43378	0.36308	1	0.44945	0.25442	1	0.49324	0.52666	11.42027	1.10281	1	0.75452	0.55144	13.74177	1.10281	1	-0.00143	-0.00779	0.70624	0.00374	1	0.06611	-0.01259	0.67713	0.00371	1	1.45898	0.81042	0	
1274298	8593.86328	3306738230678	0.46585	0.25046	8593.72949	0.13379	12001	1	0.46409	0.14803	1	0.46025	0.36439	1	0.46217	0.25621	1	0.49301	0.52447	11.95093	1.10281	1	0.75429	0.55167	13.58893	1.10281	1	-0.00143	-0.00779	0.70624	0.00248	1	0.06611	-0.01259	0.67713	0.00381	1	1.45898	0.81042	0	
1274299	8593.87012	3306738298316	0.46580	0.25233	8593.72949	0.14062	12001	1	0.49278	0.30657	1	0.43671	0.27680	1	0.46475	0.29168	1	0.49330	0.52633	11.68835	1.10281	1	0.75460	0.55114	13.21676	1.10281	1	-0.00143	-0.00779	0.70624	0.00348	1	0.06611	-0.01259	0.67713	0.00379	1	1.45898	0.81042	0	
1274300	8593.87695	3306738365273	0.46578	0.25421	8593.72949	0.14746	12001	1	0.49392	0.31378	1	0.43671	0.27713	1	0.46532	0.29546	1	0.49353	0.52399	12.31072	1.09373	1	0.75540	0.55119	12.95759	1.10241	1	-0.00124	-0.00760	0.68912	0.00248	1	0.07041	-0.01340	0.72061	0.00399	1	1.45898	0.81042	0	
1274301	8593.88379	3306738433646	0.46624	0.25270	8593.72949	0.15430	12001	1	0.48189	0.11386	1	0.47164	0.32216	1	0.47677	0.21801	1	0.49373	0.52408	12.62689	1.09332	1	0.75520	0.55108	13.18007	1.10200	1	-0.00124	-0.00760	0.68912	0.00247	1	0.07041	-0.01340	0.72061	0.00383	1	1.45898	0.81042	0	
1274302	8593.89062	3306738500053	0.46694	0.24873	8593.72949	0.16113	12001	1	0.48586	0.10834	1	0.48171	0.19846	1	0.48378	0.15340	1	0.49373	0.52408	12.62689	1.09292	1	0.75539	0.55063	12.99348	1.10160	1	-0.00124	-0.00760	0.68912	0.00247	1	0.07041	-0.01340	0.72061	0.00393	1	1.45898	0.81042	0	
1274303	8593.89746	3306738566509	0.46758	0.24536	8593.72949	0.16797	12001	1	0.48591	0.10874	1	0.48102	0.21371	1	0.48346	0.16123	1	0.49372	0.52397	12.32829	1.09251	1	0.75510	0.55115	12.90087	1.08485	1	-0.00122	-0.00741	0.67629	0.00247	1	0.06526	-0.01242	0.66801	0.00379	1	1.45898	0.81042	0	
1274304	8593.90332	3306738630135	0.46820	0.24263	8593.72949	0.17383	12001	1	0.48682	0.11526	1	0.48200	0.22807	1	0.48441	0.17166	1	0.49374	0.52402	12.31816	1.08485	1	0.75533	0.55055	12.75942	1.06851	1	-0.00122	-0.00741	0.67629	0.00255	1	0.06526	-0.01242	0.66801	0.00389	1	1.45898	0.81042	0	
1274305	8593.91016	3306738696007	0.46860	0.24092	8593.72949	0.18066	12001	1	0.48901	0.14087	1	0.46998	0.24854	1	0.47950	0.19471	1	0.49372	0.52404	12.41213	1.06851	1	0.75521	0.55060	12.74884	1.05217	1	-0.00122	-0.00741	0.67629	0.00252	1	0.06526	-0.01242	0.66801	0.00387	1	1.45898	0.81042	0	
1274306	8593.91699	3306738763560	0.46901	0.23986	8593.72949	0.18750	12001	1	0.49115	0.15680	1	0.46944	0.26333	1	0.48030	0.21007	1	0.49375	0.52403	12.34419	1.05217	1	0.75526	0.55030	12.55965	1.03583	1	-0.00122	-0.00741	0.67629	0.00253	1	0.06347	-0.01203	0.64961	0.00404	1	1.45898	0.81042	0	
1274307	8593.92383	3306738832122	0.46965	0.24204	8593.72949	0.19434	12001	1	0.49586	0.29696	1	0.48086	0.31391	1	0.48836	0.30543	1	0.49360	0.52553	12.49946	1.03583	1	0.75534	0.55044	12.76195	1.03583	1	-0.00122	-0.00741	0.67629	0.00369	1	0.06347	-0.01203	0.64961	0.00390	1	1.45898	0.81042	0	
1274308	8593.93066	3306738898452	0.47088	0.24407	8593.72949	0.20117	12001	1	0.54132	0.32852	1	0.47413	0.28115	1	0.50772	0.30483	1	0.49404	0.52593	12.66434	1.03583	1	0.75524	0.55069	12.53870	1.03583	1	-0.00122	-0.00741	0.67629	0.00358	1	0.06347	-0.01203	0.64961	0.00394	1	1.45898	0.81042	0	
1274309	8593.93750	3306738966650	0.47204	0.24586	8593.72949	0.20801	12001	1	0.54132	0.32852	1	0.47441	0.27434	1	0.50787	0.30143	1	0.49382	0.52560	12.47445	1.03583	1	0.75524	0.55069	12.53870	1.04349	1	-0.00122	-0.00741	0.67629	0.00368	1	0.06611	-0.01259	0.67713	0.00394	1	1.45898	0.81042	0	
1274310	8593.94336	3306739030324	0.47272	0.24515	8593.72949	0.21387	12001	1	0.51507	0.16885	1	0.47388	0.27622	1	0.49447	0.22254	1	0.49368	0.52410	12.49054	1.04349	1	0.75525	0.55037	12.53580	1.05115	1	-0.00122	-0.00741	0.67629	0.00252	1	0.06611	-0.01259	0.67713	0.00403	1	1.45898	0.81042	0	
1274311	8593.95020	3306739100610	0.47325	0.24361	8593.72949	0.22070	12001	1	0.50261	0.14808	1	0.47924	0.23755	1	0.49092	0.19281	1	0.49363	0.52397	12.44803	1.05115	1	0.75533	0.55054	12.96814	1.05881	1	-0.00122	-0.00741	0.67629	0.00251	1	0.06611	-0.01259	0.67713	0.00395	1	1.45898	0.81042	0	
1274312	8593.95703	3306739165565	0.48898	0.21776	8593.72949	0.22070	12001	0	0.50056	0.13161	1	0.47992	0.22230	1	0.49024	0.17695	1	0.49356	0.52396	12.30672	1.06790	1	0.75502	0.55098	13.34074	1.07556	1	-0.00132	-0.00770	0.70290	0.00248	1	0.06611	-0.01259	0.67713	0.00384	1	1.45898	0.81042	0	
1274313	8593.96387	3306739234199	0.48752	0.18668	8593.72949	0.22070	12001	0	0.49466	0.12062	1	0.47744	0.19057	1	0.48605	0.15559	1	0.49353	0.52405	12.17153	1.08464	1	0.75533	0.55043	12.65933	1.08464	1	-0.00132	-0.00770	0.70290	0.00248	1	0.06611	-0.01259	0.67713	0.00399	1	1.45898	0.81042	0	
1274314	8593.97070	3306739303776	0.48792	0.17831	8593.72949	0.22070	12001	0	0.49737	0.10084	1	0.48011	0.22229	1	0.48874	0.16157	1	0.49354	0.52399	12.26021	1.09373	1	0.75537	0.55021	12.60065	1.09373	1	-0.00132	-0.00770	0.70290	0.00249	1	0.06611	-0.01259	0.67713	0.00404	1	1.45898	0.81042	0	
1274315	8593.97754	3306739367073	0.48800	0.17284	8593.95703	0.02051	12002	1	0.49628	0.09186	1	0.48016	0.22102	1	0.48822	0.15644	1	0.49364	0.52393	12.32935	1.10281	1	0.75506	0.55049	12.23979	1.09515	1	-0.00132	-0.00770	0.70290	0.00255	1	0.06526	-0.01242	0.66801	0.00393	1	1.45898	0.81042	0	
1274316	8593.98438	3306739437753	0.48528	0.17600	8593.95703	0.02734	12002	1	0.49513	0.09408	1	0.45365	0.28321	1	0.47439	0.18865	1	0.49358	0.52392	12.46685	1.09515	1	0.75493	0.55077	12.38191	1.08749	1	-0.00132	-0.00770	0.70290	0.00244	1	0.06526	-0.01242	0.66801	0.00402	1	1.45898	0.81042	0	
1274317	8593.99121	3306739504801	0.48817	0.17808	8593.95703	0.03418	12002	1	0.50396	0.10344	1	0.50128	0.27357	1	0.50262	0.18850	1	0.49355	0.52393	12.34606	1.08749	1	0.75494	0.55070	12.25454	1.07983	1	-0.00132	-0.00770	0.70290	0.00245	1	0.06526	-0.01242	0.66801	0.00404	1	1.45898	0.81042	0	
1274318	8593.99805	3306739570869	0.49033	0.18132	8593.95703	0.04102	12002	1	0.50592	0.12005	1	0.50074	0.28139	1	0.50333	0.20072	1	0.49346	0.52384	12.35484	1.07075	1	0.75498	0.55056	12.29210	1.07075	1	-0.00133	-0.00749	0.68410	0.00247	1	0.06611	-0.01259	0.67713	0.00395	1	1.45898	0.81042	0	
1274319	8594.00391	3306739637934	0.49211	0.18370	8593.95703	0.04688	12002	1	0.50314	0.12214	1	0.50589	0.27860	1	0.50452	0.20037	1	0.49348	0.52377	12.06040	1.06166	1	0.75501	0.55055	12.36129	1.06932	1	-0.00133	-0.00749	0.68410	0.00250	1	0.06611	-0.01259	0.67713	0.00395	1	1.45898	0.81042	0	
1274320	8594.01074	3306739705872	0.49360	0.18628	8593.95703	0.05371	12002	1	0.50489	0.14603	1	0.50627	0.26777	1	0.50558	0.20690	1	0.49349	0.52385	12.26667	1.06024	1	0.75499	0.55042	12.28136	1.06790	1	-0.00133	-0.00749	0.68410	0.00248	1	0.06611	-0.01259	0.67713	0.00394	1	1.45898	0.81042	0	
1274321	8594.01758	3306739772493	0.49478	0.18763	8593.95703	0.06055	12002	1	0.50398	0.13854	1	0.50676	0.26105	1	0.50537	0.19980	1	0.49332	0.52367	12.09910	1.06790	1	0.75453	0.55015	12.75107	1.07556	1	-0.00143	-0.00773	0.70624	0.00244	1	0.06675	-0.01267	0.68371	0.00395	1	1.45898	0.81042	0	
1274322	8594.02441	3306739839353	0.49305	0.18808	8593.95703	0.06738	12002	1	0.48466	0.13018	1	0.46675	0.25501	1	0.47570	0.19259	1	0.49327	0.52367	12.27992	1.08464	1	0.75432	0.55037	12.98363	1.08464	1	-0.00143	-0.00773	0.70624	0.00240	1	0.06675	-0.01267	0.68371	0.00429	1	1.45898	0.81042	0	
1274323	8594.03125	3306739906078	0.49192	0.18835	8593.95703	0.07422	12002	1	0.48462	0.12074	1	0.47442	0.26186	1	0.47952	0.19130	1	0.49329	0.52373	12.26552	1.09373	1	0.75447	0.55065	13.10084	1.09373	1	-0.00143	-0.00773	0.70624	0.00240	1	0.06675	-0.01267	0.68371	0.00405	1	1.45898	0.81042	0	
1274324	8594.03809	3306739973073	0.49095	0.18883	8593.95703	0.08105	12002	1	0.48462	0.12074	1	0.47414	0.26844	1	0.47938	0.19459	1	0.49326	0.52352	11.85071	1.09373	1	0.75437	0.55091	13.29981	1.08607	1	-0.00143	-0.00748	0.68276	0.00243	1	0.06335	-0.01193	0.64943	0.00389	1	1.45898	0.81042	0	
1274325	8594.04492	3306740040249	0.49000	0.19123	8593.95703	0.08789	12002	1	0.48992	0.13365	1	0.46541	0.31117	1	0.47767	0.22241	1	0.49326	0.52352	11.85071	1.07698	1	0.75439	0.55088	13.43695	1.06932	1	-0.00143	-0.00748	0.68276	0.00243	1	0.06335	-0.01193	0.64943	0.00397	1	1.45898	0.81042	0	
1274326	8594.05078	3306740107555	0.48978	0.19390	8593.95703	0.09375	12002	1	0.51024	0.12832	1	0.46303	0.33426	1	0.48663	0.23129	1	0.49330	0.52347	11.80292	1.06024	1	0.75438	0.55100	13.46880	1.05258	1	-0.00143	-0.00748	0.68276	0.00241	1	0.06335	-0.01193	0.64943	0.00393	1	1.45898	0.81042	0	
1274327	8594.05762	3306740173710	0.48963	0.19719	8593.95703	0.10059	12002	1	0.51217	0.14495	1	0.46259	0.34804	1	0.48738	0.24650	1	0.49320	0.52348	11.85619	1.04349	1	0.75438	0.55099	13.11565	1.03583	1	-0.00143	-0.00748	0.68276	0.00248	1	0.06452	-0.01210	0.66142	0.00388	1	1.45898	0.81042	0	
1274328	8594.06445	3306740240905	0.48999	0.19845	8593.95703	0.10742	12002	1	0.52962	0.10277	1	0.46184	0.33446	1	0.49573	0.21861	1	0.49320	0.52348	11.85619	1.03583	1	0.75434	0.55092	12.94120	1.03583	1	-0.00143	-0.00748	0.68276	0.00248	1	0.06452	-0.01210	0.66142	0.00386	1	1.45898	0.81042	0	
1274329	8594.07129	3306740309363	0.49023	0.20111	8593.95703	0.11426	12002	1	0.52546	0.15189	1	0.46323	0.34101	1	0.49435	0.24645	1	0.49308	0.52343	11.79137	1.03583	1	0.75440	0.55107	12.98098	1.03583	1	-0.00143	-0.00748	0.68276	0.00241	1	0.06452	-0.01210	0.66142	0.00395	1	1.45898	0.81042	0	
1274330	8594.07812	3306740375481	0.49043	0.20290	8593.95703	0.12109	12002	1	0.52450	0.14287	1	0.46368	0.32711	1	0.49409	0.23499	1	0.49291	0.52344	12.04316	1.04492	1	0.75390	0.55084	13.33856	1.05258	1	-0.00153	-0.00770	0.70282	0.00244	1	0.06606	-0.01242	0.67870	0.00386	1	1.45898	0.81042	0	
1274331	8594.08496	3306740442206	0.49090	0.20348	8593.95703	0.12793	12002	1	0.51613	0.12995	1	0.48335	0.29910	1	0.49974	0.21452	1	0.49299	0.52341	12.01090	1.06166	1	0.75386	0.55081	13.32726	1.06932	1	-0.00153	-0.00770	0.70282	0.00238	1	0.06606	-0.01242	0.67870	0.00387	1	1.45898	0.81042	0	
1274332	8594.09180	3306740508814	0.49098	0.20278	8593.95703	0.13477	12002	1	0.50763	0.06042	1	0.47742	0.31703	1	0.49253	0.18873	1	0.49294	0.52346	12.02485	1.07841	1	0.75374	0.55064	12.93906	1.08607	1	-0.00153	-0.00770	0.70282	0.00242	1	0.06606	-0.01242	0.67870	0.00392	1	1.45898	0.81042	0	
1274333	8594.09766	3306740575851	0.49103	0.20181	8593.95703	0.14062	12002	1	0.50675	0.05246	1	0.47771	0.31079	1	0.49223	0.18163	1	0.49261	0.52348	11.76389	1.08607	1	0.75426	0.55051	12.28958	1.09373	1	-0.00154	-0.00748	0.68279	0.00236	1	0.06606	-0.01242	0.67870	0.00401	1	1.45898	0.81042	0	
1274334	8594.10449	3306740642291	0.49031	0.20227	8593.95703	0.14746	12002	1	0.48517	0.08039	1	0.46339	0.34428	1	0.47428	0.21233	1	0.49258	0.52360	11.64772	1.08464	1	0.75352	0.55091	13.32371	1.08464	1	-0.00154	-0.00748	0.68279	0.00242	1	0.06606	-0.01242	0.67870	0.00399	1	1.45898	0.81042	0	
1274335	8594.11133	3306740707219	0.48982	0.20225	8593.95703	0.15430	12002	1	0.48339	0.08422	1	0.47388	0.31928	1	0.47863	0.20175	1	0.49260	0.52354	11.77771	1.07556	1	0.75378	0.55052	13.15308	1.07556	1	-0.00154	-0.00748	0.68279	0.00237	1	0.06606	-0.01242	0.67870	0.00392	1	1.45898	0.81042	0	
1274336	8594.11816	3306740773329	0.48940	0.20242	8593.95703	0.16113	12002	1	0.48461	0.09350	1	0.47386	0.31961	1	0.47923	0.20656	1	0.49240	0.52347	11.85309	1.06647	1	0.75358	0.55076	12.89640	1.07515	1	-0.00165	-0.00755	0.68908	0.00240	1	0.06832	-0.01286	0.70250	0.00391	1	1.45898	0.81042	0	
1274337	8594.12402	3306740840160	0.48860	0.20299	8593.95703	0.16699	12002	1	0.49844	0.08368	1	0.43921	0.35058	1	0.46882	0.21713	1	0.49239	0.52360	11.56699	1.07515	1	0.75316	0.55067	12.51281	1.08383	1	-0.00165	-0.00755	0.68908	0.00240	1	0.06832	-0.01286	0.70250	0.00401	1	1.45898	0.81042	0	
1274338	8594.13086	3306740906723	0.48766	0.20322	8593.95703	0.17383	12002	1	0.49283	0.09006	1	0.43312	0.32832	1	0.46297	0.20919	1	0.49231	0.52365	11.24697	1.08383	1	0.75311	0.55073	12.56221	1.09251	1	-0.00165	-0.00755	0.68908	0.00242	1	0.06832	-0.01286	0.70250	0.00407	1	1.45898	0.81042	0	
1274339	8594.13867	3306740977653	0.48675	0.20327	8593.95703	0.18164	12002	1	0.49174	0.08130	1	0.43312	0.32832	1	0.46243	0.20481	1	0.49214	0.52361	11.65605	1.09251	1	0.75323	0.55053	12.43321	1.09251	1	-0.00165	-0.00755	0.68908	0.00245	1	0.06633	-0.01251	0.68366	0.00403	1	1.45898	0.81042	0	
1274340	8594.14453	3306741044312	0.48645	0.20306	8593.95703	0.18750	12002	1	0.49948	0.07782	1	0.45653	0.31636	1	0.47800	0.19709	1	0.49210	0.52363	11.75301	1.09251	1	0.75314	0.55062	12.36880	1.08383	1	-0.00165	-0.00755	0.68908	0.00241	1	0.06633	-0.01251	0.68366	0.00396	1	1.45898	0.81042	0	
1274341	8594.15137	3306741111742	0.48585	0.20333	8593.95703	0.19434	12002	1	0.50236	0.08231	1	0.43457	0.33987	1	0.46846	0.21109	1	0.49213	0.52358	11.74309	1.08383	1	0.75313	0.55072	12.36579	1.07515	1	-0.00165	-0.00755	0.68908	0.00244	1	0.06633	-0.01251	0.68366	0.00400	1	1.45898	0.81042	0	
1274342	8594.15820	3306741178666	0.48529	0.20367	8593.95703	0.20117	12002	1	0.50231	0.08190	1	0.43457	0.34566	1	0.46844	0.21378	1	0.49213	0.52359	11.76415	1.08424	1	0.75319	0.55037	12.33473	1.06790	1	-0.00176	-0.00780	0.71244	0.00243	1	0.06375	-0.01202	0.65658	0.00402	1	1.45898	0.81042	0	
1274343	8594.16504	3306741245964	0.48511	0.20349	8593.95703	0.20801	12002	1	0.50932	0.08549	1	0.44998	0.31086	1	0.47965	0.19818	1	0.49229	0.52357	11.65944	1.07698	1	0.75333	0.55002	12.08545	1.06932	1	-0.00176	-0.00780	0.71244	0.00234	1	0.06375	-0.01202	0.65658	0.00422	1	1.45898	0.81042	0	
1274344	8594.17188	3306741312586	0.48479	0.20387	8593.95703	0.21484	12002	1	0.50781	0.07980	1	0.44099	0.35180	1	0.47440	0.21580	1	0.49216	0.52358	11.91436	1.07841	1	0.75320	0.55048	12.33951	1.07075	1	-0.00176	-0.00780	0.71244	0.00234	1	0.06375	-0.01202	0.65658	0.00404	1	1.45898	0.81042	0	
1274345	8594.17871	3306741379714	0.48450	0.20442	8593.95703	0.22168	12002	1	0.50869	0.08763	1	0.44094	0.35786	1	0.47481	0.22274	1	0.49217	0.52353	11.61540	1.07075	1	0.75309	0.55044	12.18798	1.06309	1	-0.00165	-0.00755	0.68908	0.00237	1	0.06375	-0.01202	0.65658	0.00408	1	1.45898	0.81042	0	
1274346	8594.18457	3306741445425	0.48412	0.20558	8593.95703	0.22754	12002	1	0.49445	0.13018	1	0.44804	0.35942	1	0.47124	0.24480	1	0.49231	0.52369	11.64913	1.05400	1	0.75330	0.55029	11.91308	1.05400	1	-0.00165	-0.00755	0.68908	0.00235	1	0.06375	-0.01202	0.65658	0.00425	1	1.45898	0.81042	0	
1274347	8594.19141	3306741511690	0.48342	0.20707	8593.95703	0.23438	12002	1	0.48842	0.11480	1	0.42935	0.40397	1	0.45889	0.25939	1	0.49224	0.52357	11.28503	1.04492	1	0.75302	0.55062	12.29497	1.04492	1	-0.00165	-0.00755	0.68908	0.00235	1	0.06375	-0.01202	0.65658	0.00402	1	1.45898	0.81042	0	
1274348	8594.19824	3306741581292	0.48277	0.20870	8593.95703	0.24121	12002	1	0.48964	0.12409	1	0.42939	0.41087	1	0.45952	0.26748	1	0.49230	0.52360	11.45646	1.03583	1	0.75299	0.55089	12.63771	1.03583	1	-0.00165	-0.00755	0.68908	0.00232	1	0.06375	-0.01202	0.65658	0.00399	1	1.45898	0.81042	0	
1274349	8594.20508	3306741647817	0.48264	0.20988	8593.95703	0.24805	12002	1	0.50536	0.12663	1	0.44994	0.38028	1	0.47765	0.25345	1	0.49233	0.52358	11.37968	1.03583	1	0.75335	0.55034	12.07173	1.03583	1	-0.00165	-0.00755	0.68908	0.00231	1	0.06375	-0.01202	0.65658	0.00400	1	1.45898	0.81042	0	
1274350	8594.21191	3306741714772	0.48204	0.21094	8593.95703	0.25488	12002	1	0.50300	0.12555	1	0.41608	0.37688	1	0.45954	0.25122	1	0.49233	0.52360	11.46076	1.03583	1	0.75279	0.55092	12.96199	1.03583	1	-0.00165	-0.00755	0.68908	0.00234	1	0.06375	-0.01202	0.65658	0.00430	1	1.45898	0.81042	0	
1274351	8594.21875	3306741781630	0.48148	0.21195	8593.95703	0.26172	12002	1	0.50300	0.12555	1	0.41608	0.37688	1	0.45954	0.25122	1	0.49232	0.52359	11.61945	1.03583	1	0.75263	0.55131	12.60277	1.03583	1	-0.00165	-0.00755	0.68908	0.00232	1	0.06375	-0.01202	0.65658	0.00414	1	1.45898	0.81042	0	
1274352	8594.22559	3306741847376	0.46815	0.23660	8593.95703	0.26172	12002	0	0.49493	0.14730	1	0.43652	0.35277	1	0.46573	0.25004	1	0.49229	0.52371	11.31871	1.03583	1	0.75314	0.55093	12.17732	1.03583	1	-0.00165	-0.00755	0.68908	0.00234	1	0.06375	-0.01202	0.65658	0.00391	1	1.45898	0.81042	0	
1274353	8594.23242	3306741915411	0.47047	0.22486	8593.95703	0.26172	12002	0	0.49823	0.12172	1	0.44735	0.30451	1	0.47279	0.21311	1	0.49230	0.52357	11.75327	1.03583	1	0.75333	0.55069	12.05747	1.03583	1	-0.00165	-0.00755	0.68908	0.00230	1	0.06375	-0.01202	0.65658	0.00386	1	1.45898	0.81042	0	
1274354	8594.23828	3306741982033	0.47124	0.22094	8593.95703	0.26172	12002	0	0.49823	0.12172	1	0.44735	0.30451	1	0.47279	0.21311	1	0.49237	0.52364	11.43049	1.03583	1	0.75335	0.55085	12.12602	1.03583	1	-0.00165	-0.00755	0.68908	0.00228	1	0.06375	-0.01202	0.65658	0.00389	1	1.45898	0.81042	0	
1274355	8594.24512	3306742049345	0.47056	0.22584	8594.22559	0.01953	12003	1	0.49987	0.14523	1	0.43717	0.33586	1	0.46852	0.24055	1	0.49235	0.52368	11.26509	1.03583	1	0.75314	0.55096	12.34997	1.03583	1	-0.00165	-0.00755	0.68908	0.00234	1	0.06375	-0.01202	0.65658	0.00396	1	1.45898	0.81042	0	
1274356	8594.25195	3306742117261	0.47018	0.23025	8594.22559	0.02637	12003	1	0.50631	0.13309	1	0.43096	0.36268	1	0.46864	0.24788	1	0.49236	0.52363	11.23216	1.03583	1	0.75307	0.55113	12.48730	1.03583	1	-0.00165	-0.00755	0.68908	0.00231	1	0.06375	-0.01202	0.65658	0.00393	1	1.45898	0.81042	0	
1274357	8594.25879	3306742183575	0.46992	0.23319	8594.22559	0.03320	12003	1	0.50631	0.13309	1	0.43096	0.36268	1	0.46864	0.24788	1	0.49238	0.52384	11.09184	1.03583	1	0.75328	0.55089	12.06209	1.03583	1	-0.00165	-0.00755	0.68908	0.00228	1	0.06375	-0.01202	0.65658	0.00391	1	1.45898	0.81042	0	
1274358	8594.26562	3306742247402	0.46918	0.23488	8594.22559	0.04004	12003	1	0.48149	0.15223	1	0.44797	0.33788	1	0.46473	0.24505	1	0.49243	0.52377	11.57535	1.03583	1	0.75332	0.55082	12.29369	1.03583	1	-0.00165	-0.00755	0.68908	0.00229	1	0.06375	-0.01202	0.65658	0.00386	1	1.45898	0.81042	0	
1274359	8594.27246	3306742317386	0.45747	0.21586	8594.22559	0.04688	12003	1	0.48149	0.15223	0	0.37549	0.08269	1	0.37549	0.08269	1	0.49243	0.52377	11.57535	1.03583	0	0.49244	0.52370	11.35081	1.03583	1	-0.00165	-0.00755	0.68908	0.00229	1	0.06375	-0.01202	0.65658	0.00230	1	1.45898	0.81042	0	
1274360	8594.27930	3306742383843	0.44831	0.20015	8594.22559	0.05371	12003	1	0.48149	0.15223	0	0.37508	0.07450	1	0.37508	0.07450	1	0.49243	0.52377	11.57535	1.03583	0	0.49254	0.52394	11.16493	1.04349	1	-0.00165	-0.00755	0.68908	0.00229	1	-0.00165	-0.00755	0.68908	0.00233	1	1.45898	0.81042	0	
1274361	8594.28516	3306742451192	0.44169	0.18730	8594.22559	0.05957	12003	1	0.48149	0.15223	0	0.38204	0.07163	1	0.38204	0.07163	1	0.49243	0.52377	11.57535	1.04349	0	0.49263	0.52386	11.07930	1.05115	1	-0.00165	-0.00755	0.68908	0.00229	1	-0.00165	-0.00755	0.68908	0.00233	1	1.45898	0.81042	0	
1274362	8594.29199	3306742517488	0.43606	0.17586	8594.22559	0.06641	12003	1	0.48149	0.15223	0	0.37980	0.06148	1	0.37980	0.06148	1	0.49243	0.52377	11.57535	1.05115	0	0.49263	0.52384	10.99232	1.05881	1	-0.00165	-0.00755	0.68908	0.00229	1	-0.00165	-0.00755	0.68908	0.00234	1	1.45898	0.81042	0	
1274363	8594.29883	3306742585383	0.43134	0.16565	8594.22559	0.07324	12003	1	0.48149	0.15223	0	0.37943	0.05331	1	0.37943	0.05331	1	0.49243	0.52377	11.57535	1.05881	0	0.49273	0.52389	11.27274	1.06647	1	-0.00165	-0.00755	0.68908	0.00229	1	-0.00157	-0.00767	0.69600	0.00231	1	1.45898	0.81042	0	
1274364	8594.30566	3306742651169	0.42833	0.15394	8594.22559	0.08008	12003	1	0.48149	0.15223	0	0.39217	0.01347	1	0.39217	0.01347	1	0.49243	0.52377	11.57535	1.06647	0	0.49282	0.52389	11.28255	1.06647	1	-0.00165	-0.00755	0.68908	0.00229	1	-0.00157	-0.00767	0.69600	0.00228	1	1.45898	0.81042	0	
1274365	8594.31250	3306742716881	0.42577	0.14695	8594.22559	0.08691	12003	1	0.48149	0.15223	0	0.39254	0.05601	1	0.39254	0.05601	1	0.49243	0.52377	11.57535	1.06647	0	0.49281	0.52406	10.99815	1.06647	1	-0.00165	-0.00755	0.68908	0.00229	1	-0.00157	-0.00767	0.69600	0.00230	1	1.45898	0.81042	0	
1274366	8594.31934	3306742784196	0.42356	0.14089	8594.22559	0.09375	12003	1	0.48149	0.15223	0	0.39254	0.05601	1	0.39254	0.05601	1	0.49243	0.52377	11.57535	1.06647	0	0.49285	0.52406	10.94994	1.06647	1	-0.00165	-0.00755	0.68908	0.00229	1	-0.00157	-0.00767	0.69600	0.00229	1	1.45898	0.81042	0	
1274367	8594.32520	3306742850715	0.40531	0.10367	8594.22559	0.09375	12003	0	0.48149	0.15223	0	0.39263	0.03409	1	0.39263	0.03409	1	0.49243	0.52377	11.57535	1.06647	0	0.49284	0.52394	11.08897	1.06647	1	-0.00165	-0.00755	0.68908	0.00229	1	-0.00157	-0.00767	0.69600	0.00230	1	1.45898	0.81042	0	
1274368	8594.33203	3306742916362	0.40082	0.06238	8594.22559	0.09375	12003	0	0.48149	0.15223	0	0.39633	0.02110	1	0.39633	0.02110	1	0.49243	0.52377	11.57535	1.06647	0	0.49284	0.52396	11.17195	1.06647	1	-0.00165	-0.00755	0.68908	0.00229	1	-0.00157	-0.00767	0.69600	0.00230	1	1.45898	0.81042	0	
1274369	8594.33887	3306742983121	0.41254	0.06222	8594.22559	0.09375	12003	0	0.47591	0.11267	1	0.39603	0.01113	1	0.43597	0.06190	1	0.49290	0.52426	11.12762	1.07556	1	0.75399	0.55063	11.99071	1.07556	1	-0.00153	-0.00780	0.70282	0.00231	1	0.06605	-0.01257	0.67862	0.00383	1	1.45898	0.81042	0	
1274370	8594.34570	3306743052416	0.43452	0.08745	8594.32520	0.02051	12004	1	0.49980	0.08984	1	0.50117	0.23645	1	0.50048	0.16314	1	0.49277	0.52422	11.17857	1.08464	1	0.75407	0.55060	12.03424	1.08464	1	-0.00153	-0.00780	0.70282	0.00233	1	0.06605	-0.01257	0.67862	0.00380	1	1.45898	0.81042	0	
1274371	8594.35254	3306743118720	0.44377	0.10603	8594.32520	0.02734	12004	1	0.48888	0.06401	1	0.47265	0.29664	1	0.48077	0.18033	1	0.49297	0.52419	10.86312	1.09373	1	0.75411	0.55097	12.37685	1.09373	1	-0.00153	-0.00780	0.70282	0.00226	1	0.06605	-0.01257	0.67862	0.00379	1	1.45898	0.81042	0	
1274372	8594.35938	3306743185640	0.44994	0.11841	8594.32520	0.03418	12004	1	0.48888	0.06401	1	0.47265	0.29664	1	0.48077	0.18033	1	0.49309	0.52417	10.76262	1.09373	1	0.75410	0.55051	12.00642	1.09373	1	-0.00143	-0.00758	0.68276	0.00228	1	0.06605	-0.01257	0.67862	0.00368	1	1.45898	0.81042	0	
1274373	8594.36621	3306743252696	0.45087	0.13285	8594.32520	0.04102	12004	1	0.47379	0.09979	1	0.43907	0.33913	1	0.45643	0.21946	1	0.49315	0.52413	11.12622	1.08464	1	0.75397	0.55121	12.38254	1.08464	1	-0.00143	-0.00758	0.68276	0.00229	1	0.06605	-0.01257	0.67862	0.00374	1	1.45898	0.81042	0	
1274374	8594.37305	3306743320930	0.45175	0.14281	8594.32520	0.04785	12004	1	0.47336	0.09983	1	0.44260	0.32526	1	0.45798	0.21254	1	0.49310	0.52418	11.16223	1.07556	1	0.75403	0.55118	12.25229	1.07556	1	-0.00143	-0.00758	0.68276	0.00225	1	0.06605	-0.01257	0.67862	0.00372	1	1.45898	0.81042	0	
1274375	8594.37891	3306743388915	0.45251	0.15182	8594.32520	0.05371	12004	1	0.47464	0.10899	1	0.44248	0.33886	1	0.45856	0.22392	1	0.49330	0.52436	11.17104	1.06647	1	0.75409	0.55148	11.89081	1.05881	1	-0.00143	-0.00753	0.68276	0.00225	1	0.06389	-0.01215	0.65595	0.00378	1	1.45898	0.81042	0	
1274376	8594.38574	3306743456243	0.45488	0.16073	8594.32520	0.06055	12004	1	0.49522	0.13205	1	0.45711	0.34986	1	0.47616	0.24095	1	0.49340	0.52418	11.28202	1.05881	1	0.75422	0.55131	11.75908	1.05115	1	-0.00143	-0.00753	0.68276	0.00230	1	0.06389	-0.01215	0.65595	0.00382	1	1.45898	0.81042	0	
1274377	8594.39258	3306743523024	0.45607	0.16885	8594.32520	0.06738	12004	1	0.49288	0.13601	1	0.44310	0.36391	1	0.46799	0.24996	1	0.49336	0.52421	11.27240	1.05115	1	0.75401	0.55115	12.21222	1.04349	1	-0.00143	-0.00753	0.68276	0.00232	1	0.06389	-0.01215	0.65595	0.00365	1	1.45898	0.81042	0	
1274378	8594.39941	3306743589952	0.45710	0.17618	8594.32520	0.07422	12004	1	0.49388	0.14363	1	0.44304	0.37004	1	0.46846	0.25684	1	0.49353	0.52410	10.99697	1.04349	1	0.75426	0.55153	12.27605	1.03583	1	-0.00133	-0.00754	0.68410	0.00226	1	0.06515	-0.01242	0.66786	0.00374	1	1.45898	0.81042	0	
1274379	8594.40625	3306743656949	0.45817	0.18322	8594.32520	0.08105	12004	1	0.49471	0.11982	1	0.44722	0.41554	1	0.47097	0.26768	1	0.49339	0.52391	10.98068	1.03583	1	0.75422	0.55182	12.32409	1.03583	1	-0.00133	-0.00754	0.68410	0.00226	1	0.06515	-0.01242	0.66786	0.00380	1	1.45898	0.81042	0	
1274380	8594.41309	3306743723889	0.45920	0.18866	8594.32520	0.08789	12004	1	0.49729	0.13628	1	0.44796	0.38252	1	0.47262	0.25940	1	0.49352	0.52412	10.95094	1.03583	1	0.75406	0.55183	11.90893	1.03583	1	-0.00133	-0.00754	0.68410	0.00226	1	0.06515	-0.01242	0.66786	0.00387	1	1.45898	0.81042	0	
1274381	8594.41992	3306743790968	0.47199	0.22591	8594.32520	0.08789	12004	0	0.49729	0.13628	1	0.44806	0.37648	1	0.47267	0.25638	1	0.49351	0.52416	10.98001	1.03583	1	0.75451	0.55163	12.57670	1.04349	1	-0.00133	-0.00759	0.68410	0.00227	1	0.06611	-0.01259	0.67713	0.00373	1	1.45898	0.81042	0	
1274382	8594.42676	3306743858443	0.48324	0.21571	8594.32520	0.08789	12004	0	0.50286	0.14985	1	0.48613	0.26117	1	0.49450	0.20551	1	0.49349	0.52429	11.07567	1.04349	1	0.75468	0.55124	12.07165	1.05115	1	-0.00133	-0.00759	0.68410	0.00229	1	0.06611	-0.01259	0.67713	0.00405	1	1.45898	0.81042	0	
1274383	8594.43262	3306743924917	0.48552	0.21244	8594.32520	0.08789	12004	0	0.50906	0.11496	1	0.47108	0.29684	1	0.49007	0.20590	1	0.49360	0.52407	10.83338	1.05115	1	0.75450	0.55157	11.64014	1.05881	1	-0.00133	-0.00759	0.68410	0.00230	1	0.06611	-0.01259	0.67713	0.00387	1	1.45898	0.81042	0	
1274384	8594.43945	3306743990723	0.48648	0.20689	8594.41992	0.01953	12005	1	0.50710	0.09797	1	0.47165	0.28254	1	0.48937	0.19025	1	0.49376	0.52419	10.86312	1.06790	1	0.75482	0.55052	11.82134	1.07556	1	-0.00131	-0.00776	0.69908	0.00226	1	0.06611	-0.01259	0.67713	0.00432	1	1.45898	0.81042	0	
1274385	8594.44629	3306744059071	0.48724	0.20622	8594.41992	0.02637	12005	1	0.50410	0.11535	1	0.47643	0.29168	1	0.49026	0.20351	1	0.49365	0.52435	11.04639	1.08464	1	0.75450	0.55175	12.62047	1.08464	1	-0.00131	-0.00776	0.69908	0.00228	1	0.06611	-0.01259	0.67713	0.00381	1	1.45898	0.81042	0	
1274386	8594.45312	3306744125849	0.48967	0.19307	8594.41992	0.03320	12005	1	0.50409	0.09422	1	0.49960	0.16047	1	0.50184	0.12735	1	0.49369	0.52435	10.99475	1.09373	1	0.75485	0.55053	11.87869	1.09373	1	-0.00131	-0.00776	0.69908	0.00231	1	0.06611	-0.01259	0.67713	0.00432	1	1.45898	0.81042	0	
1274387	8594.45996	3306744192917	0.49137	0.18242	8594.41992	0.04004	12005	1	0.50303	0.08519	1	0.50012	0.15180	1	0.50158	0.11850	1	0.49356	0.52438	11.48409	1.10281	1	0.75491	0.55137	12.05914	1.10281	1	-0.00132	-0.00788	0.70520	0.00227	1	0.06611	-0.01259	0.67713	0.00407	1	1.45898	0.81042	0	
1274388	8594.46680	3306744259438	0.49167	0.18151	8594.41992	0.04688	12005	1	0.49872	0.09597	1	0.48884	0.25426	1	0.49378	0.17511	1	0.49349	0.52435	11.12594	1.10281	1	0.75473	0.55159	12.35840	1.10281	1	-0.00132	-0.00788	0.70520	0.00227	1	0.06611	-0.01259	0.67713	0.00382	1	1.45898	0.81042	0	
1274389	8594.47266	3306744326456	0.49261	0.17945	8594.41992	0.05273	12005	1	0.50077	0.07531	1	0.49935	0.25074	1	0.50006	0.16303	1	0.49360	0.52423	11.03718	1.10281	1	0.75485	0.55147	12.13041	1.10281	1	-0.00132	-0.00788	0.70520	0.00229	1	0.06611	-0.01259	0.67713	0.00404	1	1.45898	0.81042	0	
1274390	8594.47949	3306744393737	0.49335	0.17781	8594.41992	0.05957	12005	1	0.50077	0.07531	1	0.49935	0.25074	1	0.50006	0.16303	1	0.49370	0.52438	10.68019	1.10281	1	0.75493	0.55161	12.32110	1.10281	1	-0.00132	-0.00791	0.70290	0.00221	1	0.06611	-0.01270	0.67713	0.00401	1	1.45898	0.81042	0	
1274391	8594.48633	3306744460361	0.49474	0.17716	8594.41992	0.06641	12005	1	0.50009	0.09659	1	0.51716	0.24463	1	0.50862	0.17061	1	0.49369	0.52447	11.38867	1.10281	1	0.75511	0.55149	11.91312	1.10281	1	-0.00132	-0.00791	0.70290	0.00223	1	0.06611	-0.01270	0.67713	0.00412	1	1.45898	0.81042	0	
1274392	8594.49316	3306744527749	0.49544	0.17609	8594.41992	0.07324	12005	1	0.50493	0.06637	1	0.50144	0.26243	1	0.50318	0.16440	1	0.49365	0.52455	11.31830	1.10281	1	0.75493	0.55161	12.32110	1.10281	1	-0.00132	-0.00791	0.70290	0.00224	1	0.06611	-0.01270	0.67713	0.00401	1	1.45898	0.81042	0	
1274393	8594.50000	3306744594561	0.49604	0.17519	8594.41992	0.08008	12005	1	0.50493	0.06637	1	0.50144	0.26243	1	0.50318	0.16440	1	0.49365	0.52449	11.45032	1.10281	1	0.75492	0.55074	12.00924	1.10281	1	-0.00132	-0.00791	0.70290	0.00224	1	0.06611	-0.01270	0.67713	0.00428	1	1.45898	0.81042	0	
1274394	8594.50684	3306744661518	0.49697	0.17663	8594.41992	0.08691	12005	1	0.52024	0.07905	1	0.49795	0.31151	1	0.50910	0.19528	1	0.49385	0.52428	11.43628	1.10281	1	0.75488	0.55155	12.20911	1.10281	1	-0.00132	-0.00791	0.70290	0.00222	1	0.06611	-0.01270	0.67713	0.00403	1	1.45898	0.81042	0	
1274395	8594.51367	3306744728724	0.49808	0.17585	8594.41992	0.09375	12005	1	0.51139	0.04794	1	0.51580	0.28193	1	0.51360	0.16494	1	0.49378	0.52447	10.83009	1.10281	1	0.75513	0.55205	12.22728	1.10281	1	-0.00132	-0.00791	0.70290	0.00223	1	0.06611	-0.01270	0.67713	0.00399	1	1.45898	0.81042	0	
1274396	8594.51953	3306744791100	0.49905	0.17517	8594.41992	0.09961	12005	1	0.51139	0.04794	1	0.51580	0.28193	1	0.51360	0.16494	1	0.49368	0.52460	11.09845	1.10281	1	0.75493	0.55211	11.93239	1.10281	1	-0.00132	-0.00791	0.70290	0.00224	1	0.06611	-0.01270	0.67713	0.00398	1	1.45898	0.81042	0	
1274397	8594.52637	3306744862531	0.49916	0.17531	8594.41992	0.10645	12005	1	0.50165	0.05851	1	0.50032	0.29670	1	0.50099	0.17761	1	0.49365	0.52463	11.07538	1.10281	1	0.75494	0.55207	12.22497	1.10281	1	-0.00132	-0.00791	0.70290	0.00227	1	0.06611	-0.01270	0.67713	0.00394	1	1.45898	0.81042	0	
1274398	8594.53320	3306744928312	0.49932	0.17555	8594.41992	0.11328	12005	1	0.50389	0.04992	1	0.50018	0.30941	1	0.50203	0.17967	1	0.49366	0.52452	11.36443	1.10281	1	0.75491	0.55214	11.96502	1.10281	1	-0.00132	-0.00791	0.70290	0.00227	1	0.06611	-0.01270	0.67713	0.00392	1	1.45898	0.81042	0	
1274399	8594.54004	3306744996734	0.49946	0.17652	8594.41992	0.12012	12005	1	0.50494	0.05924	1	0.49882	0.32851	1	0.50188	0.19388	1	0.49365	0.52463	11.07538	1.09373	1	0.75457	0.55185	11.39177	1.07926	1	-0.00133	-0.00770	0.68410	0.00227	1	0.06222	-0.01197	0.63836	0.00388	1	1.45898	0.81042	0	
1274400	8594.54688	3306745063769	0.49912	0.17741	8594.41992	0.12695	12005	1	0.50350	0.09817	1	0.48196	0.29063	1	0.49273	0.19440	1	0.49368	0.52462	11.13336	1.07017	1	0.75466	0.55183	11.54456	1.05571	1	-0.00133	-0.00770	0.68410	0.00232	1	0.06222	-0.01197	0.63836	0.00389	1	1.45898	0.81042	0	
1274401	8594.55371	3306745127887	0.49866	0.17992	8594.41992	0.13379	12005	1	0.50773	0.14073	1	0.47130	0.31940	1	0.48951	0.23007	1	0.49358	0.52477	10.91411	1.04662	1	0.75441	0.55161	11.92651	1.03215	1	-0.00133	-0.00770	0.68410	0.00231	1	0.06222	-0.01197	0.63836	0.00393	1	1.45898	0.81042	0	
1274402	8594.56055	3306745196354	0.49830	0.18305	8594.41992	0.14062	12005	1	0.51053	0.16415	1	0.47072	0.33370	1	0.49063	0.24893	1	0.49338	0.52461	11.34166	1.02307	1	0.75416	0.55168	12.21318	1.01541	1	-0.00143	-0.00768	0.68276	0.00231	1	0.06389	-0.01230	0.65595	0.00393	1	1.45898	0.81042	0	
1274403	8594.56738	3306745264369	0.49733	0.18399	8594.41992	0.14746	12005	1	0.49770	0.16548	1	0.45449	0.24371	1	0.47610	0.20459	1	0.49335	0.52465	11.27828	1.01541	1	0.75415	0.55079	11.95483	1.02222	1	-0.00143	-0.00768	0.68276	0.00230	1	0.06389	-0.01230	0.65595	0.00411	1	1.45898	0.81042	0	
1274404	8594.57422	3306745332607	0.49639	0.18561	8594.41992	0.15430	12005	1	0.50222	0.14845	1	0.44698	0.29747	1	0.47460	0.22296	1	0.49343	0.52466	11.32591	1.02222	1	0.75414	0.55150	12.20295	1.02902	1	-0.00143	-0.00768	0.68276	0.00235	1	0.06389	-0.01230	0.65595	0.00396	1	1.45898	0.81042	0	
1274405	8594.58008	3306745398280	0.49550	0.18685	8594.41992	0.16016	12005	1	0.50137	0.14157	1	0.44706	0.29150	1	0.47422	0.21653	1	0.49344	0.52480	11.05781	1.02902	1	0.75413	0.55145	12.28160	1.03583	1	-0.00143	-0.00768	0.68276	0.00231	1	0.06389	-0.01230	0.65595	0.00397	1	1.45898	0.81042	0	
1274406	8594.58691	3306745465428	0.49520	0.18829	8594.41992	0.16699	12005	1	0.50142	0.15189	1	0.47418	0.29656	1	0.48780	0.22422	1	0.49340	0.52488	11.19046	1.03583	1	0.75416	0.55145	12.08874	1.03583	1	-0.00143	-0.00768	0.68276	0.00231	1	0.06389	-0.01230	0.65595	0.00398	1	1.45898	0.81042	0	
1274407	8594.59375	3306745530460	0.49516	0.18903	8594.41992	0.17383	12005	1	0.51312	0.13784	1	0.47518	0.27870	1	0.49415	0.20827	1	0.49328	0.52462	11.52078	1.03583	1	0.75414	0.55129	12.12919	1.03583	1	-0.00143	-0.00768	0.68276	0.00223	1	0.06389	-0.01230	0.65595	0.00405	1	1.45898	0.81042	0	
1274408	8594.60059	3306745600263	0.49513	0.18959	8594.41992	0.18066	12005	1	0.51312	0.13784	1	0.47547	0.27187	1	0.49430	0.20486	1	0.49327	0.52460	11.41987	1.03583	1	0.75414	0.55082	11.94107	1.04349	1	-0.00143	-0.00768	0.68276	0.00223	1	0.06606	-0.01273	0.67870	0.00422	1	1.45898	0.81042	0	
1274409	8594.60742	3306745666477	0.49547	0.19026	8594.41992	0.18750	12005	1	0.51189	0.12961	1	0.49798	0.28808	1	0.50493	0.20885	1	0.49330	0.52476	11.38837	1.04349	1	0.75407	0.55138	12.06898	1.05115	1	-0.00143	-0.00768	0.68276	0.00235	1	0.06606	-0.01273	0.67870	0.00407	1	1.45898	0.81042	0	
1274410	8594.61426	3306745733508	0.49584	0.19063	8594.41992	0.19434	12005	1	0.51341	0.11325	1	0.49976	0.28935	1	0.50659	0.20130	1	0.49334	0.52468	11.37332	1.05115	1	0.75406	0.55144	12.08982	1.05881	1	-0.00143	-0.00768	0.68276	0.00232	1	0.06606	-0.01273	0.67870	0.00405	1	1.45898	0.81042	0	
1274411	8594.62012	3306745799912	0.49618	0.19074	8594.41992	0.20020	12005	1	0.51254	0.10547	1	0.50022	0.28273	1	0.50638	0.19410	1	0.49317	0.52478	11.41314	1.05881	1	0.75392	0.55204	12.24812	1.06647	1	-0.00143	-0.00768	0.68276	0.00234	1	0.06606	-0.01273	0.67870	0.00384	1	1.45898	0.81042	0	
1274412	8594.62695	3306745867847	0.49615	0.19111	8594.41992	0.20703	12005	1	0.49647	0.11344	1	0.49420	0.29200	1	0.49533	0.20272	1	0.49317	0.52470	11.24793	1.06647	1	0.75400	0.55167	12.68763	1.06647	1	-0.00143	-0.00768	0.68276	0.00234	1	0.06606	-0.01273	0.67870	0.00393	1	1.45898	0.81042	0	
1274413	8594.63379	3306745933503	0.49614	0.19141	8594.41992	0.21387	12005	1	0.50061	0.10581	1	0.49085	0.29616	1	0.49573	0.20098	1	0.49321	0.52473	11.36948	1.06647	1	0.75395	0.55172	12.43417	1.06647	1	-0.00143	-0.00768	0.68276	0.00232	1	0.06606	-0.01273	0.67870	0.00390	1	1.45898	0.81042	0	
1274414	8594.64062	3306746001433	0.49613	0.19169	8594.41992	0.22070	12005	1	0.50061	0.10581	1	0.49085	0.29616	1	0.49573	0.20098	1	0.49318	0.52492	11.06955	1.06647	1	0.75402	0.55152	12.35490	1.06647	1	-0.00143	-0.00773	0.68276	0.00227	1	0.06606	-0.01273	0.67870	0.00399	1	1.45898	0.81042	0	
1274415	8594.64746	3306746068316	0.49600	0.19185	8594.41992	0.22754	12005	1	0.49865	0.11268	1	0.48460	0.28189	1	0.49162	0.19728	1	0.49319	0.52474	11.33815	1.06647	1	0.75396	0.55164	12.44114	1.06647	1	-0.00143	-0.00773	0.68276	0.00234	1	0.06606	-0.01273	0.67870	0.00397	1	1.45898	0.81042	0	
1274416	8594.65430	3306746135271	0.49605	0.19222	8594.41992	0.23438	12005	1	0.50220	0.13657	1	0.49332	0.27369	1	0.49776	0.20513	1	0.49317	0.52485	11.00016	1.06647	1	0.75401	0.55138	12.14256	1.06647	1	-0.00143	-0.00773	0.68276	0.00237	1	0.06606	-0.01273	0.67870	0.00409	1	1.45898	0.81042	0	
1274417	8594.66113	3306746202370	0.49610	0.19257	8594.41992	0.24121	12005	1	0.50220	0.13657	1	0.49332	0.27369	1	0.49776	0.20513	1	0.49327	0.52482	10.94239	1.06647	1	0.75383	0.55190	12.74440	1.06647	1	-0.00143	-0.00773	0.68276	0.00233	1	0.06606	-0.01273	0.67870	0.00391	1	1.45898	0.81042	0	
1274418	8594.66699	3306746269074	0.49608	0.19300	8594.41992	0.24707	12005	1	0.50348	0.13266	1	0.48733	0.28540	1	0.49540	0.20903	1	0.49323	0.52502	10.98328	1.06647	1	0.75395	0.55168	12.41885	1.06647	1	-0.00143	-0.00773	0.68276	0.00236	1	0.06606	-0.01273	0.67870	0.00396	1	1.45898	0.81042	0	
1274419	8594.67383	3306746336242	0.49613	0.19320	8594.41992	0.25391	12005	1	0.50803	0.10261	1	0.48784	0.29897	1	0.49794	0.20079	1	0.49325	0.52503	11.01229	1.06647	1	0.75388	0.55166	12.55241	1.06647	1	-0.00143	-0.00773	0.68276	0.00234	1	0.06606	-0.01273	0.67870	0.00401	1	1.45898	0.81042	0	
1274420	8594.68066	3306746403084	0.49617	0.19339	8594.41992	0.26074	12005	1	0.50803	0.10261	1	0.48784	0.29897	1	0.49794	0.20079	1	0.49335	0.52504	11.40285	1.06647	1	0.75388	0.55228	12.68549	1.06647	1	-0.00143	-0.00773	0.68276	0.00238	1	0.06605	-0.01278	0.67862	0.00377	1	1.45898	0.81042	0	
1274421	8594.68750	3306746470739	0.49622	0.19431	8594.41992	0.26758	12005	1	0.50173	0.13985	1	0.49432	0.32230	1	0.49803	0.23108	1	0.49316	0.52492	11.27713	1.06647	1	0.75403	0.55206	12.49381	1.06647	1	-0.00143	-0.00773	0.68276	0.00234	1	0.06605	-0.01278	0.67862	0.00382	1	1.45898	0.81042	0	
1274422	8594.69434	3306746537933	0.49614	0.19545	8594.41992	0.27441	12005	1	0.49949	0.14232	1	0.48698	0.34192	1	0.49323	0.24212	1	0.49305	0.52513	11.44124	1.06647	1	0.75394	0.55216	12.58635	1.06647	1	-0.00143	-0.00773	0.68276	0.00232	1	0.06605	-0.01278	0.67862	0.00379	1	1.45898	0.81042	0	
1274423	8594.70117	3306746604154	0.49607	0.19635	8594.41992	0.28125	12005	1	0.49838	0.13347	1	0.48741	0.33459	1	0.49289	0.23403	1	0.49294	0.52495	10.98611	1.07556	1	0.75420	0.55193	12.03991	1.07556	1	-0.00155	-0.00805	0.71070	0.00225	1	0.06606	-0.01273	0.67870	0.00390	1	1.45898	0.81042	0	
1274424	8594.70703	3306746666399	0.49656	0.19588	8594.41992	0.28711	12005	1	0.52941	0.12181	1	0.50607	0.22978	1	0.51774	0.17580	1	0.49317	0.52490	11.16868	1.08464	1	0.75422	0.55127	11.97958	1.08464	1	-0.00155	-0.00805	0.71070	0.00238	1	0.06606	-0.01273	0.67870	0.00411	1	1.45898	0.81042	0	
1274425	8594.71387	3306746733698	0.49710	0.19603	8594.41992	0.29395	12005	1	0.53019	0.10123	1	0.51098	0.30403	1	0.52059	0.20263	1	0.49319	0.52491	11.14378	1.09373	1	0.75423	0.55192	12.08629	1.09373	1	-0.00155	-0.00805	0.71070	0.00237	1	0.06606	-0.01273	0.67870	0.00390	1	1.45898	0.81042	0	
1274426	8594.72070	3306746800708	0.49760	0.19600	8594.41992	0.30078	12005	1	0.52931	0.09227	1	0.51159	0.29654	1	0.52045	0.19441	1	0.49319	0.52491	11.14378	1.10281	1	0.75415	0.55132	12.00925	1.10281	1	-0.00153	-0.00791	0.70282	0.00237	1	0.06606	-0.01273	0.67870	0.00410	1	1.45898	0.81042	0	
1274427	8594.72754	3306746869608	0.49768	0.19567	8594.41992	0.30762	12005	1	0.50592	0.08547	1	0.49687	0.27601	1	0.50140	0.18074	1	0.49327	0.52486	10.97917	1.10281	1	0.75401	0.55184	12.39159	1.10281	1	-0.00153	-0.00791	0.70282	0.00244	1	0.06606	-0.01273	0.67870	0.00390	1	1.45898	0.81042	0	
1274428	8594.73438	3306746937249	0.49762	0.19535	8594.41992	0.31445	12005	1	0.49314	0.09160	1	0.49645	0.26930	1	0.49480	0.18045	1	0.49314	0.52487	10.81006	1.10281	1	0.75408	0.55183	12.05887	1.10281	1	-0.00153	-0.00791	0.70282	0.00234	1	0.06606	-0.01273	0.67870	0.00390	1	1.45898	0.81042	0	
1274429	8594.74121	3306747005562	0.49811	0.19458	8594.41992	0.32129	12005	1	0.49426	0.10059	1	0.49596	0.27699	1	0.49511	0.18879	1	0.49331	0.52472	11.29152	1.09373	1	0.75402	0.55158	12.12000	1.09373	1	-0.00143	-0.00768	0.68276	0.00236	1	0.06606	-0.01262	0.67870	0.00397	1	1.45898	0.81042	0	
1274430	8594.74805	3306747070982	0.49763	0.19360	8594.41992	0.32812	12005	1	0.48230	0.09458	1	0.46082	0.22278	1	0.47156	0.15868	1	0.49328	0.52467	11.25381	1.08464	1	0.75388	0.55118	11.91507	1.08464	1	-0.00143	-0.00768	0.68276	0.00235	1	0.06606	-0.01262	0.67870	0.00408	1	1.45898	0.81042	0	
1274431	8594.75391	3306747136509	0.49750	0.19286	8594.41992	0.33398	12005	1	0.48496	0.11210	1	0.48253	0.22789	1	0.48375	0.16999	1	0.49320	0.52470	11.33080	1.07556	1	0.75420	0.55112	11.97056	1.07556	1	-0.00143	-0.00768	0.68276	0.00230	1	0.06606	-0.01262	0.67870	0.00409	1	1.45898	0.81042	0	
1274432	8594.76074	3306747204666	0.49738	0.19269	8594.41992	0.34082	12005	1	0.48617	0.12115	1	0.48181	0.24306	1	0.48399	0.18210	1	0.49330	0.52473	11.33756	1.06647	1	0.75422	0.55156	12.33795	1.05881	1	-0.00143	-0.00768	0.68276	0.00232	1	0.06389	-0.01225	0.65595	0.00393	1	1.45898	0.81042	0	
1274433	8594.76758	3306747267096	0.49749	0.19185	8594.41992	0.34766	12005	1	0.51020	0.12292	1	0.48019	0.20363	1	0.49520	0.16327	1	0.49330	0.52473	11.33756	1.05881	1	0.75417	0.55050	11.97747	1.05115	1	-0.00143	-0.00768	0.68276	0.00232	1	0.06389	-0.01225	0.65595	0.00435	1	1.45898	0.81042	0	
1274434	8594.77441	3306747338909	0.49726	0.19351	8594.41992	0.35449	12005	1	0.50737	0.12344	1	0.47435	0.29076	1	0.49086	0.20710	1	0.49323	0.52463	11.37349	1.05115	1	0.75415	0.55145	12.08650	1.04349	1	-0.00143	-0.00768	0.68276	0.00226	1	0.06389	-0.01225	0.65595	0.00397	1	1.45898	0.81042	0	
1274435	8594.78125	3306747408476	0.49704	0.19544	8594.41992	0.36133	12005	1	0.50828	0.13115	1	0.47435	0.29076	1	0.49132	0.21096	1	0.49314	0.52470	11.24132	1.04349	1	0.75414	0.55140	12.15763	1.04349	1	-0.00143	-0.00768	0.68276	0.00235	1	0.06605	-0.01267	0.67862	0.00398	1	1.45898	0.81042	0	
1274436	8594.78809	3306747475408	0.49713	0.19626	8594.41992	0.36816	12005	1	0.49619	0.11777	1	0.49970	0.31129	1	0.49795	0.21453	1	0.49311	0.52463	11.25680	1.04349	1	0.75412	0.55149	12.21373	1.05115	1	-0.00143	-0.00768	0.68276	0.00233	1	0.06605	-0.01267	0.67862	0.00405	1	1.45898	0.81042	0	
1274437	8594.79492	3306747541947	0.49707	0.19651	8594.41992	0.37500	12005	1	0.49353	0.12043	1	0.50116	0.23021	1	0.49734	0.17532	1	0.49316	0.52466	11.26569	1.05115	1	0.75412	0.55081	11.98029	1.05881	1	-0.00143	-0.00768	0.68276	0.00230	1	0.06605	-0.01267	0.67862	0.00428	1	1.45898	0.81042	0	
1274438	8594.80176	3306747608533	0.49701	0.19662	8594.41992	0.38184	12005	1	0.49254	0.11269	1	0.50163	0.22316	1	0.49708	0.16793	1	0.49311	0.52463	11.25680	1.05881	1	0.75403	0.55112	12.28708	1.06647	1	-0.00143	-0.00768	0.68276	0.00233	1	0.06605	-0.01267	0.67862	0.00417	1	1.45898	0.81042	0	
1274439	8594.80762	3306747675910	0.49644	0.19623	8594.41992	0.38770	12005	1	0.49326	0.09433	1	0.46950	0.20973	1	0.48138	0.15203	1	0.49311	0.52463	11.25680	1.06647	1	0.75408	0.55083	11.87836	1.06647	1	-0.00143	-0.00768	0.68276	0.00233	1	0.06605	-0.01267	0.67862	0.00411	1	1.45898	0.81042	0	
1274440	8594.81445	3306747742622	0.49616	0.19583	8594.41992	0.39453	12005	1	0.50085	0.11259	1	0.47794	0.17834	1	0.48940	0.14547	1	0.49317	0.52469	11.31893	1.06647	1	0.75416	0.55062	11.95412	1.06647	1	-0.00143	-0.00768	0.68276	0.00235	1	0.06605	-0.01267	0.67862	0.00426	1	1.45898	0.81042	0	
1274441	8594.82129	3306747809891	0.49587	0.19544	8594.41992	0.40137	12005	1	0.50085	0.11259	1	0.47794	0.17834	1	0.48940	0.14547	1	0.49314	0.52458	11.64254	1.06647	1	0.75392	0.55153	12.42783	1.06647	1	-0.00143	-0.00768	0.68276	0.00234	1	0.06605	-0.01267	0.67862	0.00402	1	1.45898	0.81042	0	
1274442	8594.82812	3306747877380	0.49557	0.19636	8594.41992	0.40820	12005	1	0.51528	0.15392	1	0.47388	0.32525	1	0.49458	0.23958	1	0.49298	0.52469	11.73469	1.06647	1	0.75369	0.55202	12.64033	1.06647	1	-0.00143	-0.00768	0.68276	0.00228	1	0.06605	-0.01267	0.67862	0.00382	1	1.45898	0.81042	0	
1274443	8594.83496	3306747943781	0.49543	0.19733	8594.41992	0.41504	12005	1	0.51373	0.13750	1	0.49978	0.28503	1	0.50676	0.21126	1	0.49293	0.52460	11.09777	1.06647	1	0.75413	0.55161	12.04560	1.06647	1	-0.00143	-0.00768	0.68276	0.00224	1	0.06605	-0.01267	0.67862	0.00395	1	1.45898	0.81042	0	
1274444	8594.84082	3306748008202	0.49528	0.19812	8594.41992	0.42090	12005	1	0.51272	0.12861	1	0.50032	0.27720	1	0.50652	0.20290	1	0.49285	0.52451	11.35170	1.07556	1	0.75394	0.55122	12.49016	1.07556	1	-0.00153	-0.00791	0.70282	0.00226	1	0.06606	-0.01262	0.67870	0.00409	1	1.45898	0.81042	0	
1274445	8594.84863	3306748078073	0.49518	0.19719	8594.41992	0.42871	12005	1	0.49698	0.11050	1	0.49560	0.15530	1	0.49629	0.13290	1	0.49272	0.52443	11.44907	1.08464	1	0.75402	0.55044	11.99912	1.08464	1	-0.00153	-0.00791	0.70282	0.00231	1	0.06606	-0.01262	0.67870	0.00430	1	1.45898	0.81042	0	
1274446	8594.85449	3306748144957	0.49500	0.19777	8594.41992	0.43457	12005	1	0.49586	0.10152	1	0.49061	0.31388	1	0.49324	0.20770	1	0.49272	0.52443	11.44907	1.09373	1	0.75399	0.55161	12.21924	1.09373	1	-0.00153	-0.00791	0.70282	0.00231	1	0.06606	-0.01262	0.67870	0.00395	1	1.45898	0.81042	0	
1274447	8594.86133	3306748212143	0.49481	0.19789	8594.41992	0.44141	12005	1	0.49475	0.09254	1	0.49106	0.30649	1	0.49291	0.19952	1	0.49280	0.52442	11.61231	1.10281	1	0.75400	0.55192	12.13185	1.10281	1	-0.00153	-0.00791	0.70282	0.00233	1	0.06606	-0.01262	0.67870	0.00380	1	1.45898	0.81042	0	
1274448	8594.86816	3306748279108	0.49467	0.19809	8594.41992	0.44824	12005	1	0.49933	0.10006	1	0.47222	0.30759	1	0.48577	0.20382	1	0.49279	0.52448	11.30187	1.10281	1	0.75370	0.55196	13.26472	1.10281	1	-0.00153	-0.00791	0.70282	0.00227	1	0.06606	-0.01262	0.67870	0.00378	1	1.45898	0.81042	0	
1274449	8594.87500	3306748345665	0.49467	0.19724	8594.41992	0.45508	12005	1	0.49551	0.11150	1	0.48446	0.26772	1	0.48999	0.18961	1	0.49277	0.52465	11.39966	1.10281	1	0.75386	0.55164	12.37136	1.10281	1	-0.00153	-0.00791	0.70282	0.00227	1	0.06606	-0.01262	0.67870	0.00385	1	1.45898	0.81042	0	
1274450	8594.88184	3306748412733	0.49466	0.19601	8594.41992	0.46191	12005	1	0.49551	0.11150	1	0.48446	0.26772	1	0.48999	0.18961	1	0.49278	0.52460	11.45970	1.10281	1	0.75394	0.55088	11.86767	1.10281	1	-0.00153	-0.00791	0.70282	0.00228	1	0.06606	-0.01262	0.67870	0.00420	1	1.45898	0.81042	0	
1274451	8594.88867	3306748479775	0.49509	0.19594	8594.41992	0.46875	12005	1	0.49521	0.09336	1	0.49852	0.30923	1	0.49687	0.20130	1	0.49269	0.52451	11.44575	1.10281	1	0.75407	0.55147	11.85436	1.10281	1	-0.00153	-0.00791	0.70282	0.00235	1	0.06606	-0.01262	0.67870	0.00402	1	1.45898	0.81042	0	
1274452	8594.89551	3306748546545	0.49552	0.19454	8594.41992	0.47559	12005	1	0.49521	0.09336	1	0.49516	0.21795	1	0.49519	0.15566	1	0.49269	0.52451	11.44575	1.10281	1	0.75402	0.55081	11.85715	1.10281	1	-0.00153	-0.00791	0.70282	0.00235	1	0.06606	-0.01262	0.67870	0.00425	1	1.45898	0.81042	0	
1274453	8594.90234	3306748613955	0.49597	0.19345	8594.41992	0.48242	12005	1	0.49632	0.10234	1	0.49468	0.22607	1	0.49550	0.16420	1	0.49259	0.52447	11.40585	1.09373	1	0.75368	0.55168	12.85898	1.09373	1	-0.00154	-0.00768	0.68279	0.00231	1	0.06606	-0.01262	0.67870	0.00385	1	1.45898	0.81042	0	
1274454	8594.90820	3306748681330	0.49612	0.19363	8594.41992	0.48828	12005	1	0.49526	0.13576	1	0.49501	0.32999	1	0.49513	0.23287	1	0.49265	0.52456	11.43733	1.08464	1	0.75408	0.55156	12.14166	1.08464	1	-0.00154	-0.00768	0.68279	0.00230	1	0.06606	-0.01262	0.67870	0.00383	1	1.45898	0.81042	0	
1274455	8594.91504	3306748747864	0.49578	0.19405	8594.41992	0.49512	12005	1	0.49246	0.14230	1	0.46369	0.31500	1	0.47808	0.22865	1	0.49259	0.52460	11.50903	1.07556	1	0.75354	0.55161	12.83505	1.07556	1	-0.00154	-0.00768	0.68279	0.00224	1	0.06606	-0.01262	0.67870	0.00379	1	1.45898	0.81042	0	
1274456	8594.92188	3306748815269	0.49546	0.19472	8594.41992	0.50195	12005	1	0.49362	0.15109	1	0.46345	0.32248	1	0.47854	0.23679	1	0.49233	0.52463	11.25846	1.06647	1	0.75326	0.55160	11.94560	1.06647	1	-0.00165	-0.00775	0.68908	0.00233	1	0.06719	-0.01286	0.69141	0.00396	1	1.45898	0.81042	0	
1274457	8594.92871	3306748881138	0.49428	0.19497	8594.41992	0.50879	12005	1	0.46579	0.09093	1	0.43126	0.35094	1	0.44852	0.22093	1	0.49228	0.52448	11.29399	1.06647	1	0.75302	0.55187	12.14916	1.06647	1	-0.00165	-0.00775	0.68908	0.00233	1	0.06719	-0.01286	0.69141	0.00404	1	1.45898	0.81042	0	
1274458	8594.93555	3306748948455	0.49330	0.19547	8594.41992	0.51562	12005	1	0.47779	0.11434	1	0.44101	0.33612	1	0.45940	0.22523	1	0.49239	0.52469	11.32079	1.06647	1	0.75323	0.55150	11.65930	1.06647	1	-0.00165	-0.00775	0.68908	0.00235	1	0.06719	-0.01286	0.69141	0.00396	1	1.45898	0.81042	0	
1274459	8594.94238	3306749015389	0.49232	0.19611	8594.41992	0.52246	12005	1	0.47779	0.11434	1	0.44101	0.33612	1	0.45940	0.22523	1	0.49239	0.52469	11.31789	1.06647	1	0.75347	0.55147	11.59796	1.06647	1	-0.00165	-0.00775	0.68908	0.00235	1	0.06556	-0.01252	0.67567	0.00392	1	1.45898	0.81042	0	
1274460	8594.94922	3306749082515	0.49172	0.19628	8594.41992	0.52930	12005	1	0.49459	0.10700	1	0.43829	0.31415	1	0.46644	0.21058	1	0.49220	0.52463	11.26834	1.06647	1	0.75316	0.55146	12.23957	1.06647	1	-0.00165	-0.00775	0.68908	0.00232	1	0.06556	-0.01252	0.67567	0.00392	1	1.45898	0.81042	0	
1274461	8594.95508	3306749149248	0.49123	0.19668	8594.41992	0.53516	12005	1	0.49868	0.14442	1	0.44638	0.29647	1	0.47253	0.22045	1	0.49235	0.52472	11.40255	1.06647	1	0.75320	0.55084	12.10292	1.06647	1	-0.00165	-0.00775	0.68908	0.00236	1	0.06556	-0.01252	0.67567	0.00382	1	1.45898	0.81042	0	
1274462	8594.96191	3306749216702	0.49075	0.19701	8594.41992	0.54199	12005	1	0.49868	0.14442	1	0.44648	0.28913	1	0.47258	0.21677	1	0.49230	0.52458	11.13676	1.06647	1	0.75289	0.55173	12.92269	1.07515	1	-0.00165	-0.00775	0.68908	0.00235	1	0.06779	-0.01293	0.69813	0.00403	1	1.45898	0.81042	0	
1274463	8594.96875	3306749283447	0.49019	0.19718	8594.41992	0.54883	12005	1	0.47300	0.13375	1	0.45641	0.27668	1	0.46471	0.20521	1	0.49224	0.52459	11.17245	1.07515	1	0.75342	0.55070	12.07272	1.08383	1	-0.00165	-0.00775	0.68908	0.00239	1	0.06779	-0.01293	0.69813	0.00403	1	1.45898	0.81042	0	
1274464	8594.97559	3306749350254	0.47163	0.21664	8594.41992	0.54883	12005	0	0.46816	0.12329	1	0.46942	0.30222	1	0.46879	0.21276	1	0.49220	0.52441	11.40069	1.08383	1	0.75358	0.55096	12.11449	1.09251	1	-0.00165	-0.00775	0.68908	0.00229	1	0.06779	-0.01293	0.69813	0.00389	1	1.45898	0.81042	0	
1274465	8594.98242	3306749417514	0.46984	0.21415	8594.41992	0.54883	12005	0	0.46691	0.11479	1	0.46918	0.30852	1	0.46804	0.21166	1	0.49219	0.52437	11.13812	1.09251	1	0.75321	0.55060	12.14487	1.08485	1	-0.00165	-0.00775	0.68908	0.00230	1	0.06441	-0.01229	0.66331	0.00391	1	1.45898	0.81042	0	
1274466	8594.98828	3306749482386	0.46524	0.20359	8594.41992	0.54883	12005	0	0.46390	0.11141	1	0.44818	0.25352	1	0.45604	0.18246	1	0.49214	0.52428	11.23870	1.08485	1	0.75324	0.55035	12.49457	1.06851	1	-0.00165	-0.00775	0.68908	0.00237	1	0.06441	-0.01229	0.66331	0.00385	1	1.45898	0.81042	0	
1274467	8594.99512	3306749551144	0.45961	0.20458	8594.97559	0.01953	12006	1	0.46503	0.12120	1	0.42039	0.29396	1	0.44271	0.20758	1	0.49209	0.52439	11.42227	1.06851	1	0.75286	0.55062	12.69335	1.05217	1	-0.00165	-0.00775	0.68908	0.00233	1	0.06441	-0.01229	0.66331	0.00423	1	1.45898	0.81042	0	
1274468	8595.00195	3306749618392	0.45648	0.20755	8594.97559	0.02637	12006	1	0.46747	0.13746	1	0.42050	0.30140	1	0.44398	0.21943	1	0.49242	0.52451	11.53553	1.05217	1	0.75327	0.54989	12.00274	1.04349	1	-0.00165	-0.00775	0.68908	0.00238	1	0.06556	-0.01252	0.67567	0.00403	1	1.45898	0.81042	0	
1274469	8595.00879	3306749685185	0.45833	0.20519	8594.97559	0.03320	12006	1	0.48643	0.14239	1	0.44872	0.24438	1	0.46757	0.19338	1	0.49241	0.52436	11.38347	1.04349	1	0.75327	0.54989	12.00274	1.05115	1	-0.00165	-0.00775	0.68908	0.00241	1	0.06556	-0.01252	0.67567	0.00403	1	1.45898	0.81042	0	
1274470	8595.01562	3306749751880	0.46123	0.20110	8594.97559	0.04004	12006	1	0.50283	0.13153	1	0.45441	0.22156	1	0.47862	0.17654	1	0.49233	0.52432	11.27324	1.05115	1	0.75338	0.55036	12.09078	1.05881	1	-0.00165	-0.00775	0.68908	0.00246	1	0.06556	-0.01252	0.67567	0.00391	1	1.45898	0.81042	0	
1274471	8595.02246	3306749819841	0.46335	0.19711	8594.97559	0.04688	12006	1	0.50190	0.12388	1	0.45455	0.21448	1	0.47822	0.16918	1	0.49221	0.52439	11.43291	1.05881	1	0.75316	0.55074	12.72931	1.06647	1	-0.00165	-0.00775	0.68908	0.00240	1	0.06633	-0.01261	0.68366	0.00382	1	1.45898	0.81042	0	
1274472	8595.02930	3306749886473	0.46214	0.19775	8594.97559	0.05371	12006	1	0.47558	0.12120	1	0.42927	0.28455	1	0.45243	0.20288	1	0.49231	0.52434	11.55671	1.06647	1	0.75301	0.55064	12.88226	1.06647	1	-0.00165	-0.00775	0.68908	0.00233	1	0.06633	-0.01261	0.68366	0.00408	1	1.45898	0.81042	0	
1274473	8595.03613	3306749952802	0.46197	0.19703	8594.97559	0.06055	12006	1	0.46786	0.13125	1	0.45301	0.24991	1	0.46043	0.19058	1	0.49223	0.52438	11.30950	1.06647	1	0.75333	0.55016	12.23843	1.06647	1	-0.00165	-0.00775	0.68908	0.00231	1	0.06633	-0.01261	0.68366	0.00407	1	1.45898	0.81042	0	
1274474	8595.04297	3306750020285	0.46182	0.19703	8594.97559	0.06738	12006	1	0.46786	0.13125	1	0.45276	0.26279	1	0.46031	0.19702	1	0.49247	0.52450	11.46243	1.06647	1	0.75341	0.55054	12.21166	1.05200	1	-0.00165	-0.00775	0.68908	0.00242	1	0.06177	-0.01173	0.63565	0.00395	1	1.45898	0.81042	0	
1274475	8595.04883	3306750087997	0.46283	0.19987	8594.97559	0.07324	12006	1	0.49989	0.14047	1	0.44803	0.32179	1	0.47396	0.23113	1	0.49258	0.52428	11.77222	1.05200	1	0.75328	0.55086	12.47248	1.03754	1	-0.00165	-0.00775	0.68908	0.00234	1	0.06177	-0.01173	0.63565	0.00390	1	1.45898	0.81042	0	
1274476	8595.05566	3306750153919	0.46370	0.20503	8594.97559	0.08008	12006	1	0.50149	0.16651	1	0.44677	0.36743	1	0.47413	0.26697	1	0.49262	0.52447	11.20745	1.03754	1	0.75323	0.55107	12.47353	1.02307	1	-0.00165	-0.00775	0.68908	0.00239	1	0.06177	-0.01173	0.63565	0.00398	1	1.45898	0.81042	0	
1274477	8595.06250	3306750221381	0.46451	0.20996	8594.97559	0.08691	12006	1	0.50330	0.18066	1	0.44677	0.36743	1	0.47504	0.27405	1	0.49256	0.52447	11.51114	1.02307	1	0.75379	0.55082	12.73453	1.02307	1	-0.00154	-0.00768	0.68279	0.00229	1	0.06606	-0.01252	0.67870	0.00392	1	1.45898	0.81042	0	
1274478	8595.06934	3306750288159	0.46591	0.21068	8594.97559	0.09375	12006	1	0.49487	0.17113	1	0.47610	0.27035	1	0.48548	0.22074	1	0.49258	0.52435	11.58398	1.02307	1	0.75379	0.55023	12.71311	1.03754	1	-0.00154	-0.00768	0.68279	0.00232	1	0.06606	-0.01252	0.67870	0.00411	1	1.45898	0.81042	0	
1274479	8595.07617	3306750354705	0.46722	0.21036	8594.97559	0.10059	12006	1	0.48723	0.15319	1	0.48651	0.25801	1	0.48687	0.20560	1	0.49249	0.52443	11.61193	1.03754	1	0.75389	0.55006	12.50218	1.05200	1	-0.00154	-0.00768	0.68279	0.00234	1	0.06606	-0.01252	0.67870	0.00407	1	1.45898	0.81042	0	
1274480	8595.08301	3306750422134	0.46836	0.20973	8594.97559	0.10742	12006	1	0.48635	0.14679	1	0.48682	0.25221	1	0.48659	0.19950	1	0.49266	0.52439	11.73737	1.04399	1	0.75382	0.55066	12.65845	1.05845	1	-0.00151	-0.00733	0.65135	0.00232	1	0.06606	-0.01252	0.67870	0.00391	1	1.45898	0.81042	0	
1274481	8595.08984	3306750489165	0.46994	0.20993	8594.97559	0.11426	12006	1	0.49661	0.14955	1	0.49724	0.27726	1	0.49692	0.21341	1	0.49270	0.52448	11.40310	1.05044	1	0.75408	0.55043	11.90034	1.05044	1	-0.00151	-0.00733	0.65135	0.00234	1	0.06606	-0.01252	0.67870	0.00399	1	1.45898	0.81042	0	
1274482	8595.09570	3306750556001	0.47100	0.21270	8594.97559	0.12012	12006	1	0.49909	0.17847	1	0.48084	0.34653	1	0.48997	0.26250	1	0.49263	0.52451	11.32458	1.04242	1	0.75381	0.55110	12.89926	1.04242	1	-0.00151	-0.00733	0.65135	0.00236	1	0.06606	-0.01252	0.67870	0.00383	1	1.45898	0.81042	0	
1274483	8595.10254	3306750623617	0.47195	0.21519	8594.97559	0.12695	12006	1	0.49909	0.17847	1	0.48084	0.34653	1	0.48997	0.26250	1	0.49272	0.52443	11.38207	1.04242	1	0.75406	0.55108	12.08224	1.04242	1	-0.00154	-0.00768	0.68279	0.00237	1	0.06605	-0.01257	0.67862	0.00392	1	1.45898	0.81042	0	
1274484	8595.10938	3306750687176	0.47335	0.21598	8594.97559	0.13379	12006	1	0.50186	0.15029	1	0.50085	0.31329	1	0.50136	0.23179	1	0.49267	0.52446	11.48374	1.05044	1	0.75418	0.55073	12.11374	1.05044	1	-0.00154	-0.00768	0.68279	0.00232	1	0.06605	-0.01257	0.67862	0.00394	1	1.45898	0.81042	0	
1274485	8595.11621	3306750754958	0.47453	0.21489	8594.97559	0.14062	12006	1	0.49765	0.13759	1	0.50107	0.24634	1	0.49936	0.19197	1	0.49277	0.52436	11.41026	1.05845	1	0.75418	0.55057	12.15839	1.05845	1	-0.00154	-0.00768	0.68279	0.00233	1	0.06605	-0.01257	0.67862	0.00404	1	1.45898	0.81042	0	
1274486	8595.12305	3306750823008	0.47560	0.21356	8594.97559	0.14746	12006	1	0.49664	0.12968	1	0.50156	0.23909	1	0.49910	0.18438	1	0.49276	0.52445	11.46274	1.06647	1	0.75415	0.55066	12.20162	1.06647	1	-0.00157	-0.00778	0.69600	0.00239	1	0.06605	-0.01257	0.67862	0.00403	1	1.45898	0.81042	0	
1274487	8595.12891	3306750889026	0.47693	0.21225	8594.97559	0.15332	12006	1	0.50731	0.12854	1	0.50779	0.23551	1	0.50755	0.18202	1	0.49273	0.52455	11.36948	1.06647	1	0.75421	0.55037	12.09202	1.06647	1	-0.00157	-0.00778	0.69600	0.00239	1	0.06605	-0.01257	0.67862	0.00402	1	1.45898	0.81042	0	
1274488	8595.13574	3306750953819	0.47807	0.21040	8594.97559	0.16016	12006	1	0.49676	0.13130	1	0.51393	0.20076	1	0.50535	0.16603	1	0.49269	0.52451	11.48412	1.06647	1	0.75426	0.55022	11.87442	1.06647	1	-0.00157	-0.00778	0.69600	0.00234	1	0.06605	-0.01257	0.67862	0.00408	1	1.45898	0.81042	0	
1274489	8595.14258	3306751022550	0.47912	0.20869	8594.97559	0.16699	12006	1	0.49676	0.13130	1	0.51393	0.20076	1	0.50535	0.16603	1	0.49286	0.52441	11.55700	1.06647	1	0.75394	0.55084	12.23459	1.06647	1	-0.00143	-0.00768	0.68276	0.00233	1	0.06606	-0.01262	0.67870	0.00376	1	1.45898	0.81042	0	
1274490	8595.14941	3306751089447	0.47851	0.20934	8594.97559	0.17383	12006	1	0.49625	0.14415	1	0.42932	0.30813	1	0.46279	0.22614	1	0.49310	0.52462	11.74466	1.06647	1	0.75371	0.55147	12.44150	1.06647	1	-0.00143	-0.00768	0.68276	0.00235	1	0.06606	-0.01262	0.67870	0.00390	1	1.45898	0.81042	0	
1274491	8595.15625	3306751159816	0.47748	0.20909	8594.97559	0.18066	12006	1	0.47332	0.10468	1	0.42591	0.30040	1	0.44961	0.20254	1	0.49304	0.52456	11.31310	1.06647	1	0.75376	0.55132	12.24495	1.06647	1	-0.00143	-0.00768	0.68276	0.00236	1	0.06606	-0.01262	0.67870	0.00408	1	1.45898	0.81042	0	
1274492	8595.16309	3306751226535	0.47652	0.20898	8594.97559	0.18750	12006	1	0.47332	0.10468	1	0.42597	0.30684	1	0.44964	0.20576	1	0.49318	0.52453	11.55127	1.06647	1	0.75416	0.55143	12.94034	1.05881	1	-0.00143	-0.00768	0.68276	0.00230	1	0.06389	-0.01215	0.65595	0.00407	1	1.45898	0.81042	0	
1274493	8595.16992	3306751293133	0.47638	0.20880	8594.97559	0.19434	12006	1	0.47787	0.10908	1	0.46665	0.29781	1	0.47226	0.20345	1	0.49325	0.52458	11.24010	1.05881	1	0.75436	0.55160	13.12846	1.05115	1	-0.00143	-0.00768	0.68276	0.00232	1	0.06389	-0.01215	0.65595	0.00380	1	1.45898	0.81042	0	
1274494	8595.17676	3306751359780	0.47650	0.20968	8594.97559	0.20117	12006	1	0.49381	0.16890	1	0.46671	0.30339	1	0.48026	0.23615	1	0.49324	0.52459	11.35124	1.05115	1	0.75444	0.55171	13.05013	1.04349	1	-0.00143	-0.00768	0.68276	0.00234	1	0.06389	-0.01215	0.65595	0.00382	1	1.45898	0.81042	0	
1274495	8595.18359	3306751426892	0.47662	0.21036	8594.97559	0.20801	12006	1	0.49363	0.16753	1	0.46698	0.29558	1	0.48030	0.23155	1	0.49364	0.52440	11.57015	1.05258	1	0.75483	0.55168	13.12314	1.05258	1	-0.00132	-0.00791	0.70290	0.00233	1	0.06611	-0.01259	0.67713	0.00377	1	1.45898	0.81042	0	
1274496	8595.18945	3306751493822	0.47610	0.21039	8594.97559	0.21387	12006	1	0.49250	0.14183	1	0.42665	0.28102	1	0.45957	0.21143	1	0.49368	0.52440	11.74677	1.06166	1	0.75448	0.55162	12.78538	1.06932	1	-0.00132	-0.00791	0.70290	0.00230	1	0.06611	-0.01259	0.67713	0.00391	1	1.45898	0.81042	0	
1274497	8595.19629	3306751560934	0.47541	0.20956	8594.97559	0.22070	12006	1	0.46723	0.10660	1	0.43783	0.25765	1	0.45253	0.18213	1	0.49369	0.52439	11.76355	1.07841	1	0.75479	0.55155	12.53097	1.08607	1	-0.00132	-0.00791	0.70290	0.00230	1	0.06611	-0.01259	0.67713	0.00394	1	1.45898	0.81042	0	
1274498	8595.20312	3306751628189	0.47474	0.20847	8594.97559	0.22754	12006	1	0.46611	0.09894	1	0.43789	0.24351	1	0.45200	0.17122	1	0.49408	0.52450	11.49551	1.08607	1	0.75501	0.55180	13.06310	1.10241	1	-0.00122	-0.00761	0.67628	0.00238	1	0.06941	-0.01319	0.70934	0.00390	1	1.45898	0.81042	0	
1274499	8595.20996	3306751695038	0.47452	0.20818	8594.97559	0.23438	12006	1	0.48363	0.09785	1	0.44960	0.29820	1	0.46661	0.19803	1	0.49408	0.52433	11.86246	1.09332	1	0.75484	0.55187	12.36134	1.10200	1	-0.00122	-0.00761	0.67628	0.00233	1	0.06941	-0.01319	0.70934	0.00400	1	1.45898	0.81042	0	
1274500	8595.21680	3306751761914	0.47432	0.20780	8594.97559	0.24121	12006	1	0.47619	0.12249	1	0.45860	0.26575	1	0.46740	0.19412	1	0.49407	0.52456	11.25035	1.09292	1	0.75504	0.55186	12.93174	1.10160	1	-0.00122	-0.00761	0.67628	0.00236	1	0.06941	-0.01319	0.70934	0.00382	1	1.45898	0.81042	0	
1274501	8595.22363	3306751828752	0.47414	0.20754	8594.97559	0.24805	12006	1	0.47625	0.12289	1	0.45841	0.27346	1	0.46733	0.19817	1	0.49417	0.52465	11.37996	1.09251	1	0.75549	0.55079	12.89134	1.09251	1	-0.00113	-0.00771	0.68554	0.00238	1	0.06638	-0.01261	0.67786	0.00413	1	1.45898	0.81042	0	
1274502	8595.23047	3306751894990	0.47452	0.20725	8594.97559	0.25488	12006	1	0.50110	0.11258	1	0.47715	0.27941	1	0.48912	0.19599	1	0.49422	0.52459	11.84509	1.09251	1	0.75529	0.55180	12.94139	1.08383	1	-0.00113	-0.00771	0.68554	0.00234	1	0.06638	-0.01261	0.67786	0.00379	1	1.45898	0.81042	0	
1274503	8595.23633	3306751962833	0.47499	0.20563	8594.97559	0.26074	12006	1	0.49213	0.05851	1	0.49426	0.22643	1	0.49319	0.14247	1	0.49424	0.52450	11.52566	1.08383	1	0.75551	0.55091	12.53432	1.07515	1	-0.00113	-0.00771	0.68554	0.00233	1	0.06638	-0.01261	0.67786	0.00411	1	1.45898	0.81042	0	
1274504	8595.24316	3306752029809	0.47543	0.20408	8594.97559	0.26758	12006	1	0.49208	0.05809	1	0.49428	0.22606	1	0.49318	0.14207	1	0.49451	0.52446	11.52094	1.08424	1	0.75582	0.55166	12.33828	1.07556	1	-0.00111	-0.00794	0.70599	0.00239	1	0.06638	-0.01271	0.67786	0.00402	1	1.45898	0.81042	0	
1274505	8595.25000	3306752097152	0.47613	0.20377	8594.97559	0.27441	12006	1	0.51814	0.07770	1	0.49118	0.30481	1	0.50466	0.19126	1	0.49457	0.52457	11.75850	1.08464	1	0.75553	0.55187	12.44848	1.08464	1	-0.00111	-0.00794	0.70599	0.00240	1	0.06638	-0.01271	0.67786	0.00390	1	1.45898	0.81042	0	
1274506	8595.25684	3306752163743	0.47580	0.20307	8594.97559	0.28125	12006	1	0.46280	0.11067	1	0.46099	0.23679	1	0.46189	0.17373	1	0.49455	0.52442	11.45234	1.09373	1	0.75582	0.55163	12.43355	1.09373	1	-0.00111	-0.00794	0.70599	0.00238	1	0.06638	-0.01271	0.67786	0.00403	1	1.45898	0.81042	0	
1274507	8595.26367	3306752230804	0.47548	0.20248	8594.97559	0.28809	12006	1	0.46280	0.11067	1	0.46081	0.24353	1	0.46180	0.17710	1	0.49464	0.52460	11.05892	1.09373	1	0.75557	0.55099	12.37251	1.08607	1	-0.00102	-0.00762	0.67738	0.00235	1	0.06508	-0.01245	0.66412	0.00397	1	1.45898	0.81042	0	
1274508	8595.27051	3306752297750	0.47530	0.20229	8594.97559	0.29492	12006	1	0.48791	0.13850	1	0.44663	0.24889	1	0.46727	0.19369	1	0.49482	0.52457	11.31428	1.07698	1	0.75562	0.55136	12.04325	1.06932	1	-0.00102	-0.00762	0.67738	0.00230	1	0.06508	-0.01245	0.66412	0.00396	1	1.45898	0.81042	0	
1274509	8595.27734	3306752364436	0.47505	0.20273	8594.97559	0.30176	12006	1	0.48049	0.16704	1	0.44752	0.27852	1	0.46401	0.22278	1	0.49474	0.52461	11.05256	1.06024	1	0.75564	0.55143	12.20844	1.05258	1	-0.00102	-0.00762	0.67738	0.00240	1	0.06508	-0.01245	0.66412	0.00392	1	1.45898	0.81042	0	
1274510	8595.28320	3306752431158	0.47484	0.20349	8594.97559	0.30762	12006	1	0.48282	0.18309	1	0.44731	0.29316	1	0.46507	0.23813	1	0.49494	0.52451	11.37937	1.04349	1	0.75565	0.55183	12.35572	1.03583	1	-0.00102	-0.00762	0.67738	0.00235	1	0.06508	-0.01245	0.66412	0.00399	1	1.45898	0.81042	0	
1274511	8595.29004	3306752498828	0.47471	0.20440	8594.97559	0.31445	12006	1	0.48853	0.16734	1	0.44858	0.32706	1	0.46855	0.24720	1	0.49490	0.52446	11.50360	1.03583	1	0.75560	0.55184	12.40457	1.03583	1	-0.00102	-0.00762	0.67738	0.00234	1	0.06508	-0.01245	0.66412	0.00393	1	1.45898	0.81042	0	
1274512	8595.29688	3306752565579	0.47471	0.20501	8594.97559	0.32129	12006	1	0.49455	0.16488	1	0.44858	0.32706	1	0.47156	0.24597	1	0.49493	0.52447	11.51903	1.03583	1	0.75560	0.55184	12.40457	1.03583	1	-0.00102	-0.00762	0.67738	0.00231	1	0.06508	-0.01245	0.66412	0.00393	1	1.45898	0.81042	0	
1274513	8595.30371	3306752632531	0.47478	0.20572	8594.97559	0.32812	12006	1	0.49455	0.16488	1	0.44858	0.32706	1	0.47156	0.24597	1	0.49509	0.52452	11.43519	1.03583	1	0.75558	0.55192	12.37350	1.03583	1	-0.00092	-0.00769	0.68392	0.00237	1	0.06427	-0.01228	0.65485	0.00393	1	1.45898	0.81042	0	
1274514	8595.31055	3306752700323	0.47515	0.20706	8594.97559	0.33496	12006	1	0.50401	0.16877	1	0.44328	0.32423	1	0.47364	0.24650	1	0.49503	0.52455	11.53473	1.03583	1	0.75557	0.55178	12.21332	1.03583	1	-0.00092	-0.00769	0.68392	0.00233	1	0.06427	-0.01228	0.65485	0.00426	1	1.45898	0.81042	0	
1274515	8595.31738	3306752766503	0.47581	0.20840	8594.97559	0.34180	12006	1	0.50775	0.17241	1	0.44097	0.37163	1	0.47436	0.27202	1	0.49500	0.52452	11.52026	1.03583	1	0.75554	0.55211	12.38237	1.03583	1	-0.00092	-0.00769	0.68392	0.00230	1	0.06427	-0.01228	0.65485	0.00399	1	1.45898	0.81042	0	
1274516	8595.32324	3306752831983	0.47644	0.20943	8594.97559	0.34766	12006	1	0.50775	0.17241	1	0.44102	0.36552	1	0.47438	0.26896	1	0.49498	0.52450	11.59207	1.03583	1	0.75616	0.55146	12.69841	1.04349	1	-0.00092	-0.00769	0.68392	0.00230	1	0.06690	-0.01277	0.68110	0.00411	1	1.45898	0.81042	0	
1274517	8595.33008	3306752898796	0.47685	0.21046	8594.97559	0.35449	12006	1	0.50159	0.16768	1	0.47295	0.31757	1	0.48727	0.24263	1	0.49508	0.52456	11.34690	1.04349	1	0.75599	0.55172	12.97164	1.05115	1	-0.00092	-0.00769	0.68392	0.00238	1	0.06690	-0.01277	0.68110	0.00411	1	1.45898	0.81042	0	
1274518	8595.33691	3306752964577	0.47715	0.21154	8594.97559	0.36133	12006	1	0.51093	0.14826	1	0.47490	0.30846	1	0.49292	0.22836	1	0.49514	0.52445	11.62377	1.05115	1	0.75604	0.55169	12.91133	1.05881	1	-0.00092	-0.00769	0.68392	0.00229	1	0.06690	-0.01277	0.68110	0.00403	1	1.45898	0.81042	0	
1274519	8595.34375	3306753034525	0.47525	0.23973	8594.97559	0.36133	12006	0	0.51004	0.14073	1	0.47490	0.30846	1	0.49247	0.22460	1	0.49502	0.52444	11.63714	1.05881	1	0.75615	0.55112	12.61897	1.05881	1	-0.00092	-0.00769	0.68392	0.00226	1	0.06427	-0.01228	0.65485	0.00420	1	1.45898	0.81042	0	
1274520	8595.35059	3306753099495	0.48203	0.21942	8594.97559	0.36133	12006	0	0.49725	0.12437	1	0.48037	0.27385	1	0.48881	0.19911	1	0.49502	0.52450	11.52566	1.05881	1	0.75619	0.55123	12.41254	1.05115	1	-0.00092	-0.00769	0.68392	0.00233	1	0.06427	-0.01228	0.65485	0.00421	1	1.45898	0.81042	0	
1274521	8595.35742	3306753168082	0.48263	0.21891	8594.97559	0.36133	12006	0	0.49819	0.16498	1	0.46944	0.27077	1	0.48381	0.21787	1	0.49498	0.52449	11.40885	1.05115	1	0.75596	0.55116	12.21064	1.04349	1	-0.00092	-0.00769	0.68392	0.00232	1	0.06427	-0.01228	0.65485	0.00428	1	1.45898	0.81042	0	
1274522	8595.36426	3306753235383	0.48301	0.22043	8595.34375	0.02051	12007	1	0.49916	0.17239	1	0.46919	0.27760	1	0.48417	0.22499	1	0.49494	0.52446	11.28547	1.04349	1	0.75569	0.55168	11.88156	1.03583	1	-0.00092	-0.00769	0.68392	0.00232	1	0.06324	-0.01205	0.64535	0.00405	1	1.45898	0.81042	0	
1274523	8595.37012	3306753301106	0.48184	0.22345	8595.34375	0.02637	12007	1	0.50508	0.15116	1	0.44917	0.31991	1	0.47713	0.23554	1	0.49508	0.52442	11.55027	1.03583	1	0.75559	0.55184	12.31048	1.03583	1	-0.00092	-0.00769	0.68392	0.00230	1	0.06324	-0.01205	0.64535	0.00417	1	1.45898	0.81042	0	
1274524	8595.37695	3306753367508	0.47972	0.22641	8595.34375	0.03320	12007	1	0.50005	0.16305	1	0.43825	0.31938	1	0.46915	0.24122	1	0.49499	0.52447	11.45103	1.03583	1	0.75550	0.55177	12.28620	1.03583	1	-0.00092	-0.00769	0.68392	0.00231	1	0.06324	-0.01205	0.64535	0.00424	1	1.45898	0.81042	0	
1274525	8595.38379	3306753433902	0.47821	0.22853	8595.34375	0.04004	12007	1	0.50005	0.16305	1	0.43825	0.31938	1	0.46915	0.24122	1	0.49506	0.52440	11.45308	1.03583	1	0.75556	0.55219	12.49606	1.03583	1	-0.00092	-0.00759	0.68392	0.00228	1	0.06521	-0.01241	0.66437	0.00388	1	1.45898	0.81042	0	
1274526	8595.39062	3306753501993	0.47776	0.22569	8595.34375	0.04688	12007	1	0.50332	0.14582	1	0.44590	0.26578	1	0.47461	0.20580	1	0.49509	0.52435	11.64922	1.03583	1	0.75557	0.55111	12.17181	1.03583	1	-0.00092	-0.00759	0.68392	0.00226	1	0.06521	-0.01241	0.66437	0.00436	1	1.45898	0.81042	0	
1274527	8595.39746	3306753570236	0.47726	0.23319	8595.34375	0.05371	12007	1	0.50481	0.16324	1	0.44176	0.42319	1	0.47329	0.29322	1	0.49506	0.52436	11.64716	1.03583	1	0.75559	0.55186	12.09006	1.03583	1	-0.00092	-0.00759	0.68392	0.00227	1	0.06521	-0.01241	0.66437	0.00391	1	1.45898	0.81042	0	
1274528	8595.40430	3306753637436	0.47686	0.23945	8595.34375	0.06055	12007	1	0.50481	0.16324	1	0.44172	0.42829	1	0.47326	0.29577	1	0.49507	0.52407	11.50070	1.03583	1	0.75533	0.55204	12.55186	1.02902	1	-0.00092	-0.00754	0.68392	0.00228	1	0.06329	-0.01200	0.64529	0.00399	1	1.45898	0.81042	0	
1274529	8595.41113	3306753704276	0.47699	0.24250	8595.34375	0.06738	12007	1	0.49802	0.14204	1	0.45852	0.40399	1	0.47827	0.27302	1	0.49494	0.52409	11.54894	1.02902	1	0.75580	0.55159	13.20343	1.02222	1	-0.00092	-0.00754	0.68392	0.00235	1	0.06329	-0.01200	0.64529	0.00386	1	1.45898	0.81042	0	
1274530	8595.41699	3306753769268	0.47681	0.24509	8595.34375	0.07324	12007	1	0.49763	0.14799	1	0.45203	0.39916	1	0.47483	0.27357	1	0.49501	0.52404	11.59377	1.02222	1	0.75569	0.55123	11.78159	1.01541	1	-0.00092	-0.00754	0.68392	0.00229	1	0.06329	-0.01200	0.64529	0.00371	1	1.45898	0.81042	0	
1274531	8595.42383	3306753838269	0.47669	0.24754	8595.34375	0.08008	12007	1	0.49852	0.15487	1	0.45203	0.39916	1	0.47527	0.27702	1	0.49494	0.52379	11.52282	1.01541	1	0.75567	0.55128	12.38190	1.01541	1	-0.00092	-0.00749	0.68392	0.00234	1	0.06405	-0.01216	0.65362	0.00373	1	1.45898	0.81042	0	
1274532	8595.43066	3306753905112	0.47603	0.24719	8595.34375	0.08691	12007	1	0.49906	0.11568	1	0.43573	0.36953	1	0.46740	0.24260	1	0.49495	0.52369	11.79505	1.01541	1	0.75545	0.55122	12.14410	1.02222	1	-0.00092	-0.00749	0.68392	0.00232	1	0.06405	-0.01216	0.65362	0.00386	1	1.45898	0.81042	0	
1274533	8595.43750	3306753972049	0.47587	0.24783	8595.34375	0.09375	12007	1	0.50182	0.15954	1	0.44533	0.35387	1	0.47357	0.25671	1	0.49499	0.52373	11.70485	1.02222	1	0.75568	0.55123	12.39265	1.02902	1	-0.00092	-0.00749	0.68392	0.00229	1	0.06405	-0.01216	0.65362	0.00379	1	1.45898	0.81042	0	
1274534	8595.44434	3306754039187	0.47570	0.24780	8595.34375	0.10059	12007	1	0.50096	0.15273	1	0.44548	0.34199	1	0.47322	0.24736	1	0.49490	0.52368	11.29278	1.02902	1	0.75533	0.55085	12.85970	1.04349	1	-0.00102	-0.00742	0.67738	0.00231	1	0.06612	-0.01251	0.67518	0.00411	1	1.45898	0.81042	0	
1274535	8595.45117	3306754106263	0.47654	0.24638	8595.34375	0.10742	12007	1	0.49147	0.12971	1	0.48843	0.31768	1	0.48995	0.22370	1	0.49495	0.52372	11.34995	1.04349	1	0.75555	0.55106	12.63717	1.05115	1	-0.00102	-0.00742	0.67738	0.00237	1	0.06612	-0.01251	0.67518	0.00380	1	1.45898	0.81042	0	
1274536	8595.45801	3306754173138	0.47700	0.24527	8595.34375	0.11426	12007	1	0.47965	0.18268	1	0.48995	0.27019	1	0.48480	0.22643	1	0.49474	0.52382	11.49619	1.05115	1	0.75555	0.55028	11.94977	1.05881	1	-0.00102	-0.00742	0.67738	0.00231	1	0.06612	-0.01251	0.67518	0.00396	1	1.45898	0.81042	0	
1274537	8595.46484	3306754240141	0.47739	0.24391	8595.34375	0.12109	12007	1	0.47857	0.17539	1	0.49034	0.26344	1	0.48445	0.21941	1	0.49466	0.52371	11.33914	1.05881	1	0.75563	0.55054	12.12076	1.06647	1	-0.00102	-0.00742	0.67738	0.00236	1	0.06638	-0.01251	0.67786	0.00392	1	1.45898	0.81042	0	
1274538	8595.47070	3306754305846	0.47943	0.24334	8595.34375	0.12695	12007	1	0.52887	0.16735	1	0.50743	0.29779	1	0.51815	0.23257	1	0.49467	0.52374	11.39341	1.06647	1	0.75576	0.55066	12.13247	1.06647	1	-0.00102	-0.00742	0.67738	0.00235	1	0.06638	-0.01251	0.67786	0.00396	1	1.45898	0.81042	0	
1274539	8595.47754	3306754373920	0.48122	0.24161	8595.34375	0.13379	12007	1	0.52406	0.11517	1	0.51012	0.29868	1	0.51709	0.20693	1	0.49466	0.52370	11.27682	1.06647	1	0.75585	0.55066	12.07184	1.06647	1	-0.00102	-0.00742	0.67738	0.00236	1	0.06638	-0.01251	0.67786	0.00400	1	1.45898	0.81042	0	
1274540	8595.48438	3306754440294	0.48284	0.23965	8595.34375	0.14062	12007	1	0.52312	0.10610	1	0.51074	0.29096	1	0.51693	0.19853	1	0.49453	0.52373	11.26017	1.07556	1	0.75518	0.55085	12.00728	1.07556	1	-0.00111	-0.00773	0.70599	0.00237	1	0.06638	-0.01251	0.67786	0.00400	1	1.45898	0.81042	0	
1274541	8595.49121	3306754508108	0.48361	0.23810	8595.34375	0.14746	12007	1	0.50576	0.14442	1	0.49498	0.26359	1	0.50037	0.20401	1	0.49440	0.52377	10.86721	1.08464	1	0.75558	0.55062	12.20298	1.08464	1	-0.00111	-0.00773	0.70599	0.00234	1	0.06638	-0.01251	0.67786	0.00414	1	1.45898	0.81042	0	
1274542	8595.49805	3306754574911	0.48385	0.23573	8595.34375	0.15430	12007	1	0.50023	0.09723	1	0.47855	0.26504	1	0.48939	0.18113	1	0.49442	0.52373	11.10703	1.09373	1	0.75528	0.55060	11.35110	1.09373	1	-0.00111	-0.00773	0.70599	0.00234	1	0.06638	-0.01251	0.67786	0.00415	1	1.45898	0.81042	0	
1274543	8595.50488	3306754641390	0.48406	0.23321	8595.34375	0.16113	12007	1	0.49915	0.08821	1	0.47891	0.25726	1	0.48903	0.17274	1	0.49433	0.52351	11.50707	1.10281	1	0.75499	0.55033	11.94689	1.10281	1	-0.00111	-0.00773	0.70599	0.00240	1	0.06686	-0.01255	0.68274	0.00409	1	1.45898	0.81042	0	
1274544	8595.51172	3306754708855	0.48434	0.23136	8595.34375	0.16797	12007	1	0.50972	0.09537	1	0.47332	0.27512	1	0.49152	0.18525	1	0.49436	0.52352	11.67627	1.10281	1	0.75523	0.55091	12.58085	1.10281	1	-0.00111	-0.00773	0.70599	0.00238	1	0.06686	-0.01255	0.68274	0.00392	1	1.45898	0.81042	0	
1274545	8595.51855	3306754775898	0.49574	0.20609	8595.34375	0.16797	12007	0	0.50972	0.09537	1	0.47834	0.25460	1	0.49403	0.17499	1	0.49436	0.52352	11.67627	1.10281	1	0.75532	0.55070	12.35200	1.10281	1	-0.00111	-0.00773	0.70599	0.00238	1	0.06686	-0.01255	0.68274	0.00393	1	1.45898	0.81042	0	
1274546	8595.52441	3306754838595	0.49491	0.19783	8595.34375	0.16797	12007	0	0.51073	0.10432	1	0.47743	0.27483	1	0.49408	0.18957	1	0.49421	0.52348	11.45941	1.09373	1	0.75484	0.55092	11.90337	1.07926	1	-0.00113	-0.00751	0.68554	0.00233	1	0.06336	-0.01186	0.64800	0.00400	1	1.45898	0.81042	0	
1274547	8595.53125	3306754910479	0.48848	0.19757	8595.34375	0.16797	12007	0	0.49688	0.14190	1	0.45436	0.25221	1	0.47562	0.19705	1	0.49420	0.52350	11.40722	1.07017	1	0.75495	0.55017	11.73908	1.05571	1	-0.00113	-0.00751	0.68554	0.00234	1	0.06336	-0.01186	0.64800	0.00427	1	1.45898	0.81042	0	
1274548	8595.53809	3306754976562	0.48318	0.20632	8595.51855	0.01953	12008	1	0.49179	0.15932	1	0.44278	0.30583	1	0.46728	0.23258	1	0.49413	0.52360	11.24838	1.04662	1	0.75478	0.55048	12.12178	1.03215	1	-0.00113	-0.00751	0.68554	0.00230	1	0.06336	-0.01186	0.64800	0.00431	1	1.45898	0.81042	0	
1274549	8595.54492	3306755040562	0.48031	0.21466	8595.51855	0.02637	12008	1	0.49489	0.18235	1	0.44271	0.31369	1	0.46880	0.24802	1	0.49406	0.52351	11.55223	1.02307	1	0.75486	0.55013	11.96510	1.02307	1	-0.00122	-0.00737	0.67745	0.00235	1	0.06611	-0.01239	0.67713	0.00412	1	1.45898	0.81042	0	
1274550	8595.55176	3306755108400	0.48632	0.21747	8595.51855	0.03320	12008	1	0.53635	0.18377	1	0.49639	0.27926	1	0.51637	0.23152	1	0.49406	0.52351	11.55223	1.02307	1	0.75488	0.55029	12.01809	1.03754	1	-0.00122	-0.00737	0.67745	0.00235	1	0.06611	-0.01239	0.67713	0.00408	1	1.45898	0.81042	0	
1274551	8595.55762	3306755174286	0.48988	0.21759	8595.51855	0.03906	12008	1	0.52524	0.16742	1	0.49731	0.26914	1	0.51128	0.21828	1	0.49392	0.52357	11.50267	1.03754	1	0.75488	0.55029	12.01809	1.05200	1	-0.00122	-0.00737	0.67745	0.00234	1	0.06611	-0.01239	0.67713	0.00408	1	1.45898	0.81042	0	
1274552	8595.56543	3306755245189	0.49251	0.21599	8595.51855	0.04688	12008	1	0.52371	0.15330	1	0.49814	0.25628	1	0.51093	0.20479	1	0.49374	0.52355	11.31294	1.05200	1	0.75506	0.55037	11.90351	1.06647	1	-0.00133	-0.00749	0.68410	0.00227	1	0.06675	-0.01256	0.68371	0.00411	1	1.45898	0.81042	0	
1274553	8595.57129	3306755310167	0.49377	0.21590	8595.51855	0.05273	12008	1	0.50283	0.12939	1	0.50486	0.30107	1	0.50385	0.21523	1	0.49366	0.52355	11.40624	1.06647	1	0.75495	0.55080	12.56294	1.06647	1	-0.00133	-0.00749	0.68410	0.00226	1	0.06675	-0.01256	0.68371	0.00401	1	1.45898	0.81042	0	
1274554	8595.57812	3306755378739	0.49493	0.21590	8595.51855	0.05957	12008	1	0.50752	0.13879	1	0.50307	0.29290	1	0.50530	0.21584	1	0.49360	0.52360	11.26899	1.06647	1	0.75499	0.55071	12.33329	1.06647	1	-0.00133	-0.00749	0.68410	0.00231	1	0.06675	-0.01256	0.68371	0.00401	1	1.45898	0.81042	0	
1274555	8595.58496	3306755444557	0.49567	0.22290	8595.51855	0.06641	12008	1	0.50752	0.13879	0	0.50307	0.29290	1	0.50307	0.29290	1	0.49360	0.52360	11.26899	1.06647	0	0.49341	0.52347	11.50882	1.06647	1	-0.00133	-0.00749	0.68410	0.00231	1	-0.00133	-0.00749	0.68410	0.00231	1	1.45898	0.81042	0	
1274556	8595.59180	3306755512333	0.48578	0.21034	8595.51855	0.07324	12008	1	0.50752	0.13879	0	0.37704	0.07224	1	0.37704	0.07224	1	0.49360	0.52360	11.26899	1.06647	0	0.49339	0.52348	11.51318	1.06647	1	-0.00133	-0.00749	0.68410	0.00231	1	-0.00133	-0.00749	0.68410	0.00229	1	1.45898	0.81042	0	
1274557	8595.59863	3306755579225	0.47688	0.19862	8595.51855	0.08008	12008	1	0.50752	0.13879	0	0.37006	0.05793	1	0.37006	0.05793	1	0.49360	0.52360	11.26899	1.06647	0	0.49333	0.52366	11.30963	1.06647	1	-0.00133	-0.00749	0.68410	0.00231	1	-0.00133	-0.00749	0.68410	0.00228	1	1.45898	0.81042	0	
1274558	8595.60547	3306755646823	0.46925	0.18857	8595.51855	0.08691	12008	1	0.50752	0.13879	0	0.37006	0.05793	1	0.37006	0.05793	1	0.49360	0.52360	11.26899	1.06647	0	0.49322	0.52362	11.33852	1.06647	1	-0.00133	-0.00749	0.68410	0.00231	1	-0.00143	-0.00748	0.68276	0.00228	1	1.45898	0.81042	0	
1274559	8595.61230	3306755713731	0.46407	0.17947	8595.51855	0.09375	12008	1	0.50752	0.13879	0	0.39154	0.05214	1	0.39154	0.05214	1	0.49360	0.52360	11.26899	1.06647	0	0.49317	0.52366	11.32909	1.06647	1	-0.00133	-0.00749	0.68410	0.00231	1	-0.00143	-0.00748	0.68276	0.00232	1	1.45898	0.81042	0	
1274560	8595.61816	3306755781214	0.46104	0.17251	8595.51855	0.09961	12008	1	0.50752	0.13879	0	0.41560	0.06808	1	0.41560	0.06808	1	0.49360	0.52360	11.26899	1.06647	0	0.49329	0.52367	11.28302	1.06647	1	-0.00133	-0.00749	0.68410	0.00231	1	-0.00143	-0.00748	0.68276	0.00228	1	1.45898	0.81042	0	
1274561	8595.62500	3306755848025	0.45837	0.16637	8595.51855	0.10645	12008	1	0.50752	0.13879	0	0.41560	0.06808	1	0.41560	0.06808	1	0.49360	0.52360	11.26899	1.06647	0	0.49291	0.52368	11.34207	1.06647	1	-0.00133	-0.00749	0.68410	0.00231	1	-0.00143	-0.00748	0.68276	0.00223	1	1.45898	0.81042	0	
1274562	8595.63184	3306755914758	0.43965	0.13301	8595.51855	0.10645	12008	0	0.50752	0.13879	0	0.40145	0.07265	1	0.40145	0.07265	1	0.49360	0.52360	11.26899	1.06647	0	0.49303	0.52386	11.12537	1.06647	1	-0.00133	-0.00749	0.68410	0.00231	1	-0.00143	-0.00748	0.68276	0.00240	1	1.45898	0.81042	0	
1274563	8595.63867	3306755981970	0.41801	0.09159	8595.51855	0.10645	12008	0	0.50752	0.13879	0	0.39638	0.05018	1	0.39638	0.05018	1	0.49360	0.52360	11.26899	1.06647	0	0.49293	0.52376	11.12381	1.06647	1	-0.00133	-0.00749	0.68410	0.00231	1	-0.00143	-0.00748	0.68276	0.00223	1	1.45898	0.81042	0	
1274564	8595.64551	3306756048765	0.41080	0.07779	8595.51855	0.10645	12008	0	0.50752	0.13879	0	0.39638	0.05018	1	0.39638	0.05018	1	0.49360	0.52360	11.26899	1.06647	0	0.49272	0.52393	11.30906	1.06647	1	-0.00133	-0.00749	0.68410	0.00231	1	-0.00154	-0.00748	0.68279	0.00229	1	1.45898	0.81042	0	
1274565	8595.65234	3306756114915	0.40402	0.07288	8595.63184	0.02051	12009	1	0.50752	0.13879	0	0.38366	0.05813	1	0.38366	0.05813	1	0.49360	0.52360	11.26899	1.06647	0	0.49264	0.52384	11.05463	1.06647	1	-0.00133	-0.00749	0.68410	0.00231	1	-0.00154	-0.00748	0.68279	0.00229	1	1.45898	0.81042	0	
1274566	8595.65820	3306756180995	0.39954	0.06141	8595.63184	0.02637	12009	1	0.50752	0.13879	0	0.38164	0.01556	1	0.38164	0.01556	1	0.49360	0.52360	11.26899	1.06647	0	0.49266	0.52392	11.03514	1.06647	1	-0.00133	-0.00749	0.68410	0.00231	1	-0.00154	-0.00748	0.68279	0.00221	1	1.45898	0.81042	0	
1274567	8595.66504	3306756249675	0.40705	0.06404	8595.63184	0.03320	12009	1	0.50752	0.13879	1	0.38164	0.01556	1	0.44458	0.07718	1	0.49240	0.52398	10.91538	1.06647	1	0.75320	0.55046	12.14109	1.06647	1	-0.00165	-0.00760	0.68908	0.00230	1	0.06633	-0.01251	0.68366	0.00415	1	1.45898	0.81042	0	
1274568	8595.67188	3306756317111	0.42046	0.08021	8595.63184	0.04004	12009	1	0.50649	0.08575	1	0.49538	0.26875	1	0.50094	0.17725	1	0.49219	0.52393	10.77594	1.06647	1	0.75332	0.55036	12.03793	1.06647	1	-0.00165	-0.00760	0.68908	0.00230	1	0.06633	-0.01251	0.68366	0.00406	1	1.45898	0.81042	0	
1274569	8595.67871	3306756383134	0.43050	0.09232	8595.63184	0.04688	12009	1	0.51076	0.09323	1	0.49083	0.26084	1	0.50079	0.17704	1	0.49222	0.52400	11.03048	1.06647	1	0.75318	0.55026	11.82795	1.06647	1	-0.00165	-0.00760	0.68908	0.00228	1	0.06633	-0.01251	0.68366	0.00407	1	1.45898	0.81042	0	
1274570	8595.68555	3306756450457	0.43831	0.10173	8595.63184	0.05371	12009	1	0.51076	0.09323	1	0.49083	0.26084	1	0.50079	0.17704	1	0.49188	0.52430	11.10637	1.06647	1	0.75273	0.55119	11.61339	1.06647	1	-0.00171	-0.00740	0.67135	0.00226	1	0.06556	-0.01242	0.67567	0.00399	1	1.45898	0.81042	0	
1274571	8595.69238	3306756517262	0.43245	0.09738	8595.63184	0.06055	12009	1	0.51076	0.09323	0	0.37973	0.05827	1	0.37973	0.05827	1	0.49188	0.52430	11.10637	1.06647	0	0.49190	0.52422	11.35093	1.06647	1	-0.00171	-0.00740	0.67135	0.00226	1	0.06556	-0.01242	0.67567	0.00224	1	1.45898	0.81042	0	
1274572	8595.69922	3306756584627	0.42766	0.09383	8595.63184	0.06738	12009	1	0.51076	0.09323	0	0.37973	0.05827	1	0.37973	0.05827	1	0.49188	0.52430	11.10637	1.06647	0	0.49190	0.52422	11.35093	1.06647	1	-0.00171	-0.00740	0.67135	0.00226	1	0.06556	-0.01242	0.67567	0.00224	1	1.45898	0.81042	0	
1274573	8595.70605	3306756651112	0.42367	0.09087	8595.63184	0.07422	12009	1	0.51076	0.09323	0	0.37973	0.05827	1	0.37973	0.05827	1	0.49188	0.52430	11.10637	1.06647	0	0.49167	0.52441	11.58589	1.06647	1	-0.00171	-0.00740	0.67135	0.00226	1	-0.00189	-0.00771	0.69891	0.00225	1	1.45898	0.81042	0	
1274574	8595.71191	3306756718655	0.41914	0.08830	8595.63184	0.08008	12009	1	0.51076	0.09323	0	0.36483	0.05750	1	0.36483	0.05750	1	0.49188	0.52430	11.10637	1.06647	0	0.49167	0.52431	11.14226	1.06647	1	-0.00171	-0.00740	0.67135	0.00226	1	-0.00189	-0.00771	0.69891	0.00229	1	1.45898	0.81042	0	
1274575	8595.71875	3306756786144	0.41628	0.08528	8595.63184	0.08691	12009	1	0.51076	0.09323	0	0.37910	0.04610	1	0.37910	0.04610	1	0.49188	0.52430	11.10637	1.06647	0	0.49155	0.52418	11.24370	1.06647	1	-0.00171	-0.00740	0.67135	0.00226	1	-0.00189	-0.00771	0.69891	0.00224	1	1.45898	0.81042	0	
1274576	8595.72559	3306756849885	0.41380	0.08267	8595.63184	0.09375	12009	1	0.51076	0.09323	0	0.37910	0.04610	1	0.37910	0.04610	1	0.49188	0.52430	11.10637	1.06647	0	0.49139	0.52442	11.40069	1.06647	1	-0.00171	-0.00740	0.67135	0.00226	1	-0.00189	-0.00771	0.69891	0.00229	1	1.45898	0.81042	0	
1274577	8595.73242	3306756918507	0.41303	0.08049	8595.63184	0.10059	12009	1	0.51076	0.09323	0	0.40145	0.04774	1	0.40145	0.04774	1	0.49188	0.52430	11.10637	1.06647	0	0.49152	0.52425	11.27094	1.06647	1	-0.00171	-0.00740	0.67135	0.00226	1	-0.00189	-0.00771	0.69891	0.00229	1	1.45898	0.81042	0	
1274578	8595.73926	3306756985282	0.41218	0.08056	8595.63184	0.10742	12009	1	0.51076	0.09323	0	0.39863	0.08169	1	0.39863	0.08169	1	0.49188	0.52430	11.10637	1.06647	0	0.49139	0.52442	11.40069	1.06647	1	-0.00171	-0.00740	0.67135	0.00226	1	-0.00189	-0.00771	0.69891	0.00229	1	1.45898	0.81042	0	
1274579	8595.74609	3306757053176	0.41142	0.08012	8595.63184	0.11426	12009	1	0.51076	0.09323	0	0.39836	0.07265	1	0.39836	0.07265	1	0.49188	0.52430	11.10637	1.06647	0	0.49119	0.52430	11.17809	1.07515	1	-0.00171	-0.00740	0.67135	0.00226	1	-0.00195	-0.00791	0.70324	0.00229	1	1.45898	0.81042	0	
1274580	8595.75293	3306757122030	0.41037	0.07712	8595.63184	0.12109	12009	1	0.51076	0.09323	0	0.39151	0.02317	1	0.39151	0.02317	1	0.49188	0.52430	11.10637	1.07515	0	0.49124	0.52430	11.12163	1.08383	1	-0.00171	-0.00740	0.67135	0.00226	1	-0.00195	-0.00791	0.70324	0.00233	1	1.45898	0.81042	0	
1274581	8595.75879	3306757187305	0.41501	0.08235	8595.63184	0.12695	12009	1	0.49944	0.10740	1	0.50694	0.25609	1	0.50319	0.18175	1	0.49123	0.52439	11.41563	1.08383	1	0.75259	0.55042	12.01413	1.09251	1	-0.00171	-0.00740	0.67135	0.00228	1	-0.00195	-0.00791	0.70324	0.00406	1	1.45898	0.81042	0	
1274582	8595.76562	3306757253879	0.41917	0.08704	8595.63184	0.13379	12009	1	0.49839	0.09879	1	0.50645	0.26274	1	0.50242	0.18077	1	0.49123	0.52435	11.49215	1.09251	1	0.75216	0.54996	11.29028	1.08485	1	-0.00194	-0.00765	0.67972	0.00227	1	0.06301	-0.01193	0.65193	0.00420	1	1.45898	0.81042	0	
1274583	8595.77246	3306757321226	0.41811	0.08527	8595.63184	0.14062	12009	1	0.49839	0.09879	0	0.39591	0.04805	1	0.39591	0.04805	1	0.49123	0.52435	11.49215	1.08485	0	0.49123	0.52428	11.04920	1.06851	1	-0.00194	-0.00765	0.67972	0.00227	1	0.06301	-0.01193	0.65193	0.00233	1	1.45898	0.81042	0	
1274584	8595.77930	3306757388019	0.41631	0.08529	8595.63184	0.14746	12009	1	0.49839	0.09879	0	0.37657	0.08571	1	0.37657	0.08571	1	0.49123	0.52435	11.49215	1.06851	0	0.49102	0.52437	11.09022	1.05217	1	-0.00194	-0.00765	0.67972	0.00227	1	0.06301	-0.01193	0.65193	0.00236	1	1.45898	0.81042	0	
1274585	8595.78613	3306757454860	0.41467	0.08568	8595.63184	0.15430	12009	1	0.49839	0.09879	0	0.37702	0.09482	1	0.37702	0.09482	1	0.49123	0.52435	11.49215	1.05217	0	0.49093	0.52463	11.34689	1.04349	1	-0.00194	-0.00765	0.67972	0.00227	1	-0.00204	-0.00763	0.67865	0.00228	1	1.45898	0.81042	0	
1274586	8595.79297	3306757522345	0.41249	0.08584	8595.63184	0.16113	12009	1	0.49839	0.09879	0	0.36005	0.08945	1	0.36005	0.08945	1	0.49123	0.52435	11.49215	1.04349	0	0.49081	0.52449	11.20979	1.05115	1	-0.00194	-0.00765	0.67972	0.00227	1	-0.00204	-0.00763	0.67865	0.00231	1	1.45898	0.81042	0	
1274587	8595.79980	3306757589200	0.41159	0.08606	8595.63184	0.16797	12009	1	0.49839	0.09879	0	0.38909	0.09174	1	0.38909	0.09174	1	0.49123	0.52435	11.49215	1.05115	0	0.49089	0.52452	11.20877	1.05881	1	-0.00194	-0.00765	0.67972	0.00227	1	-0.00204	-0.00763	0.67865	0.00225	1	1.45898	0.81042	0	
1274588	8595.80566	3306757655988	0.41074	0.08598	8595.63184	0.17383	12009	1	0.49839	0.09879	0	0.38878	0.08378	1	0.38878	0.08378	1	0.49123	0.52435	11.49215	1.05881	0	0.49077	0.52439	11.44732	1.06647	1	-0.00194	-0.00765	0.67972	0.00227	1	-0.00204	-0.00763	0.67865	0.00231	1	1.45898	0.81042	0	
1274589	8595.81250	3306757722852	0.40941	0.08637	8595.63184	0.18066	12009	1	0.49839	0.09879	0	0.37354	0.09698	1	0.37354	0.09698	1	0.49123	0.52435	11.49215	1.06647	0	0.49098	0.52463	11.36738	1.06647	1	-0.00194	-0.00765	0.67972	0.00227	1	-0.00204	-0.00763	0.67865	0.00225	1	1.45898	0.81042	0	
1274590	8595.81934	3306757790170	0.40783	0.08699	8595.63184	0.18750	12009	1	0.49839	0.09879	0	0.36341	0.10419	1	0.36341	0.10419	1	0.49123	0.52435	11.49215	1.06647	0	0.49089	0.52468	11.20027	1.06647	1	-0.00194	-0.00765	0.67972	0.00227	1	-0.00204	-0.00763	0.67865	0.00231	1	1.45898	0.81042	0	
1274591	8595.82617	3306757856864	0.40635	0.08756	8595.63184	0.19434	12009	1	0.49839	0.09879	0	0.36341	0.10419	1	0.36341	0.10419	1	0.49123	0.52435	11.49215	1.06647	0	0.49105	0.52466	11.46309	1.06647	1	-0.00194	-0.00765	0.67972	0.00227	1	-0.00204	-0.00763	0.67865	0.00229	1	1.45898	0.81042	0	
1274592	8595.83301	3306757924273	0.40547	0.08787	8595.63184	0.20117	12009	1	0.49839	0.09879	0	0.37913	0.09735	1	0.37913	0.09735	1	0.49123	0.52435	11.49215	1.06647	0	0.49104	0.52465	11.49348	1.06647	1	-0.00194	-0.00765	0.67972	0.00227	1	-0.00204	-0.00763	0.67865	0.00229	1	1.45898	0.81042	0	
1274593	8595.83984	3306757990724	0.40761	0.09139	8595.63184	0.20801	12009	1	0.49601	0.15440	1	0.45199	0.24639	1	0.47400	0.20040	1	0.49103	0.52476	11.00642	1.06647	1	0.75177	0.55011	12.11793	1.06647	1	-0.00194	-0.00765	0.67972	0.00227	1	-0.00204	-0.00763	0.67865	0.00411	1	1.45898	0.81042	0	
1274594	8595.84570	3306758057016	0.40962	0.09480	8595.63184	0.21387	12009	1	0.49601	0.15440	1	0.45187	0.25324	1	0.47394	0.20382	1	0.49091	0.52458	11.34082	1.06647	1	0.75171	0.55036	12.06634	1.05881	1	-0.00204	-0.00763	0.67865	0.00223	1	0.06410	-0.01221	0.66428	0.00401	1	1.45898	0.81042	0	
1274595	8595.85254	3306758125104	0.40056	0.12362	8595.63184	0.21387	12009	0	0.48581	0.16110	1	0.48971	0.30084	1	0.48776	0.23097	1	0.49089	0.52470	11.37188	1.05881	1	0.75166	0.55063	12.12671	1.05115	1	-0.00204	-0.00763	0.67865	0.00230	1	0.06410	-0.01221	0.66428	0.00399	1	1.45898	0.81042	0	
1274596	8595.85938	3306758192071	0.44344	0.17131	8595.63184	0.21387	12009	0	0.48516	0.12565	1	0.48748	0.31235	1	0.48632	0.21900	1	0.49097	0.52467	11.56788	1.05115	1	0.75166	0.55069	12.15279	1.04349	1	-0.00204	-0.00763	0.67865	0.00224	1	0.06410	-0.01221	0.66428	0.00398	1	1.45898	0.81042	0	
1274597	8595.86621	3306758259236	0.45791	0.18849	8595.63184	0.21387	12009	0	0.48620	0.13335	1	0.48748	0.31235	1	0.48684	0.22285	1	0.49089	0.52465	11.33763	1.04349	1	0.75169	0.55056	12.10787	1.04349	1	-0.00204	-0.00763	0.67865	0.00229	1	0.06586	-0.01260	0.68297	0.00401	1	1.45898	0.81042	0	
1274598	8595.87305	3306758326068	0.48559	0.22606	8595.63184	0.21387	12009	0	0.47986	0.16991	1	0.48735	0.30277	1	0.48360	0.23634	1	0.49077	0.52460	11.33120	1.04349	1	0.75165	0.55063	12.06716	1.05115	1	-0.00204	-0.00763	0.67865	0.00239	1	0.06586	-0.01260	0.68297	0.00394	1	1.45898	0.81042	0	
1274599	8595.87988	3306758392746	0.48738	0.21898	8595.63184	0.21387	12009	0	0.48855	0.13371	1	0.48980	0.29009	1	0.48918	0.21190	1	0.49088	0.52467	11.26326	1.05115	1	0.75160	0.55058	12.12327	1.05881	1	-0.00204	-0.00763	0.67865	0.00232	1	0.06586	-0.01260	0.68297	0.00402	1	1.45898	0.81042	0	
1274600	8595.88672	3306758458894	0.48787	0.21424	8595.63184	0.21387	12009	0	0.48754	0.12606	1	0.49018	0.28349	1	0.48886	0.20477	1	0.49099	0.52461	11.43563	1.05881	1	0.75168	0.55051	12.11152	1.06647	1	-0.00204	-0.00763	0.67865	0.00225	1	0.06586	-0.01260	0.68297	0.00399	1	1.45898	0.81042	0	
1274601	8595.89355	3306758527487	0.48368	0.20775	8595.87305	0.02051	12010	1	0.49190	0.14186	1	0.45029	0.23469	1	0.47109	0.18827	1	0.49102	0.52466	11.44321	1.06647	1	0.75173	0.55050	12.21395	1.06647	1	-0.00204	-0.00763	0.67865	0.00229	1	0.06586	-0.01260	0.68297	0.00387	1	1.45898	0.81042	0	
1274602	8595.89941	3306758592387	0.48047	0.20431	8595.87305	0.02637	12010	1	0.49028	0.13877	1	0.44502	0.24229	1	0.46765	0.19053	1	0.49088	0.52459	11.28233	1.06647	1	0.75162	0.55031	12.32370	1.06647	1	-0.00204	-0.00763	0.67865	0.00226	1	0.06586	-0.01260	0.68297	0.00406	1	1.45898	0.81042	0	
1274603	8595.90625	3306758660475	0.47834	0.20201	8595.87305	0.03320	12010	1	0.49028	0.13877	1	0.44502	0.24229	1	0.46765	0.19053	1	0.49121	0.52475	10.90150	1.06647	1	0.75158	0.55004	12.16108	1.06647	1	-0.00194	-0.00765	0.67972	0.00238	1	0.06586	-0.01260	0.68297	0.00414	1	1.45898	0.81042	0	
1274604	8595.91309	3306758724906	0.47709	0.20336	8595.87305	0.04004	12010	1	0.49419	0.10539	1	0.44504	0.31754	1	0.46962	0.21147	1	0.49112	0.52470	11.41453	1.06647	1	0.75171	0.55094	12.31333	1.06647	1	-0.00194	-0.00765	0.67972	0.00235	1	0.06586	-0.01260	0.68297	0.00401	1	1.45898	0.81042	0	
1274605	8595.91992	3306758790760	0.47716	0.20581	8595.87305	0.04688	12010	1	0.50260	0.14944	1	0.45271	0.29650	1	0.47765	0.22297	1	0.49119	0.52475	10.88715	1.06647	1	0.75184	0.55075	12.21908	1.06647	1	-0.00194	-0.00765	0.67972	0.00239	1	0.06586	-0.01260	0.68297	0.00396	1	1.45898	0.81042	0	
1274606	8595.92676	3306758859808	0.47716	0.20680	8595.87305	0.05371	12010	1	0.50150	0.14064	1	0.45286	0.28880	1	0.47718	0.21472	1	0.49118	0.52469	11.06913	1.07556	1	0.75174	0.55128	12.42082	1.07556	1	-0.00195	-0.00791	0.70324	0.00234	1	0.06527	-0.01247	0.67588	0.00389	1	1.45898	0.81042	0	
1274607	8595.93359	3306758927026	0.47734	0.20654	8595.87305	0.06055	12010	1	0.50717	0.12572	1	0.45064	0.28264	1	0.47891	0.20418	1	0.49119	0.52479	11.10301	1.08464	1	0.75182	0.55094	12.25281	1.08464	1	-0.00195	-0.00791	0.70324	0.00234	1	0.06527	-0.01247	0.67588	0.00399	1	1.45898	0.81042	0	
1274608	8595.93945	3306758993988	0.47738	0.20632	8595.87305	0.06641	12010	1	0.50500	0.09139	1	0.45053	0.31692	1	0.47776	0.20415	1	0.49127	0.52482	11.12765	1.09373	1	0.75175	0.55128	12.40306	1.09373	1	-0.00195	-0.00791	0.70324	0.00230	1	0.06527	-0.01247	0.67588	0.00392	1	1.45898	0.81042	0	
1274609	8595.94629	3306759058697	0.47737	0.20546	8595.87305	0.07324	12010	1	0.50395	0.08233	1	0.45066	0.30959	1	0.47730	0.19596	1	0.49142	0.52463	11.26834	1.10281	1	0.75248	0.55084	11.95812	1.10281	1	-0.00195	-0.00791	0.70324	0.00231	1	0.06605	-0.01265	0.68288	0.00383	1	1.45898	0.81042	0	
1274610	8595.95312	3306759127182	0.47775	0.20367	8595.87305	0.08008	12010	1	0.49459	0.06950	1	0.46990	0.29488	1	0.48225	0.18219	1	0.49147	0.52471	11.22860	1.10281	1	0.75205	0.55105	11.94858	1.10281	1	-0.00195	-0.00791	0.70324	0.00241	1	0.06605	-0.01265	0.68288	0.00377	1	1.45898	0.81042	0	
1274611	8595.95996	3306759195381	0.47855	0.20170	8595.87305	0.08691	12010	1	0.48024	0.09356	1	0.49775	0.25878	1	0.48899	0.17617	1	0.49156	0.52478	11.42989	1.10281	1	0.75249	0.55114	12.28376	1.10281	1	-0.00195	-0.00791	0.70324	0.00235	1	0.06605	-0.01265	0.68288	0.00377	1	1.45898	0.81042	0	
1274612	8595.96680	3306759260639	0.47925	0.20078	8595.87305	0.09375	12010	1	0.48145	0.10254	1	0.49682	0.27312	1	0.48913	0.18783	1	0.49257	0.52525	11.53648	1.09373	1	0.75339	0.55043	12.02349	1.08607	1	-0.00165	-0.00775	0.68908	0.00227	1	0.06420	-0.01232	0.66219	0.00427	1	1.45898	0.81042	0	
1274613	8595.97363	3306759328768	0.48098	0.20078	8595.87305	0.10059	12010	1	0.53071	0.13616	1	0.48289	0.26531	1	0.50680	0.20074	1	0.49319	0.52510	11.10599	1.07698	1	0.75385	0.55146	12.38255	1.06932	1	-0.00165	-0.00775	0.68908	0.00236	1	0.06420	-0.01232	0.66219	0.00401	1	1.45898	0.81042	0	
1274614	8595.98047	3306759397533	0.47833	0.19318	8595.87305	0.10742	12010	1	0.42739	0.06959	1	0.44443	0.07369	1	0.43591	0.07164	1	0.49305	0.52508	10.97385	1.06024	1	0.75385	0.54960	12.09661	1.05258	1	-0.00165	-0.00775	0.68908	0.00230	1	0.06420	-0.01232	0.66219	0.00261	1	1.45898	0.81042	0	
1274615	8595.98730	3306759464781	0.47605	0.18719	8595.87305	0.11426	12010	1	0.43038	0.08725	1	0.44434	0.08339	1	0.43736	0.08532	1	0.49664	0.52856	11.15712	1.04349	1	0.75766	0.55323	12.33970	1.04349	1	-0.00102	-0.00782	0.67737	0.00357	1	0.06722	-0.01299	0.68746	0.00391	1	1.45898	0.81042	0	
1274616	8595.99316	3306759531330	0.48304	0.19839	8595.87305	0.12012	12010	1	0.61230	0.42225	1	0.60552	0.37789	1	0.60891	0.40007	1	0.49739	0.52914	11.55174	1.04349	1	0.75751	0.55383	12.23776	1.05115	1	-0.00102	-0.00782	0.67737	0.00354	1	0.06722	-0.01299	0.68746	0.00378	1	1.45898	0.81042	0	
1274617	8596.00000	3306759598586	0.48865	0.19816	8595.87305	0.12695	12010	1	0.60019	0.19139	1	0.59035	0.19586	1	0.59527	0.19363	1	0.49749	0.52715	11.66210	1.05115	1	0.75800	0.55143	11.59443	1.05881	1	-0.00102	-0.00782	0.67737	0.00239	1	0.06722	-0.01299	0.68746	0.00246	1	1.45898	0.81042	0	
1274618	8596.00684	3306759665284	0.49375	0.19759	8595.87305	0.13379	12010	1	0.59985	0.18423	1	0.59143	0.18850	1	0.59564	0.18636	1	0.49873	0.53013	11.79745	1.05881	1	0.75886	0.55536	11.89022	1.06647	1	-0.00061	-0.00800	0.67544	0.00354	1	0.06722	-0.01299	0.68746	0.00374	1	1.45898	0.81042	0	
1274619	8596.01367	3306759733490	0.50165	0.20934	8595.87305	0.14062	12010	1	0.70768	0.43265	1	0.62747	0.47926	1	0.66758	0.45595	1	0.49896	0.53012	11.29301	1.06647	1	0.75867	0.55535	11.93630	1.06647	1	-0.00061	-0.00800	0.67544	0.00352	1	0.06722	-0.01299	0.68746	0.00369	1	1.45898	0.81042	0	
1274620	8596.02051	3306759799652	0.53891	0.23099	8595.87305	0.14062	12010	0	0.71099	0.43051	1	0.65267	0.44158	1	0.68183	0.43605	1	0.49899	0.53019	11.23783	1.06647	1	0.75904	0.55492	12.00219	1.06647	1	-0.00061	-0.00800	0.67544	0.00350	1	0.06722	-0.01299	0.68746	0.00375	1	1.45898	0.81042	0	
1274621	8596.02734	3306759866719	0.61037	0.33352	8595.87305	0.14062	12010	0	0.71099	0.43051	1	0.65267	0.44158	1	0.68183	0.43605	1	0.49904	0.53028	10.94095	1.06647	1	0.75931	0.55553	12.08996	1.06647	1	-0.00061	-0.00790	0.67545	0.00362	1	0.06722	-0.01299	0.68746	0.00384	1	1.45898	0.81042	0	
1274622	8596.03418	3306759933416	0.63431	0.37330	8595.87305	0.14062	12010	0	0.69396	0.41341	1	0.67043	0.49229	1	0.68219	0.45285	1	0.49912	0.52974	11.02095	1.06647	1	0.75938	0.55516	12.12604	1.06647	1	-0.00061	-0.00790	0.67545	0.00364	1	0.06722	-0.01299	0.68746	0.00410	1	1.45898	0.81042	0	
1274623	8596.04004	3306759999824	0.66860	0.45768	8595.87305	0.14062	12010	0	0.66497	0.44403	1	0.61860	0.52426	1	0.64179	0.48414	1	0.49900	0.53017	11.10369	1.06647	1	0.75931	0.55545	12.34240	1.06647	1	-0.00061	-0.00790	0.67545	0.00361	1	0.06722	-0.01299	0.68746	0.00379	1	1.45898	0.81042	0	
1274624	8596.04688	3306760065089	0.65451	0.47481	8595.87305	0.14062	12010	0	0.66488	0.44951	1	0.61597	0.53436	1	0.64043	0.49193	1	0.49978	0.52969	11.13222	1.05845	1	0.75954	0.55497	11.76819	1.05079	1	-0.00054	-0.00767	0.65536	0.00376	1	0.06722	-0.01299	0.68746	0.00414	1	1.45898	0.81042	0	
1274625	8596.05371	3306760132080	0.65437	0.47812	8595.87305	0.14062	12010	0	0.69883	0.38523	1	0.60933	0.58427	1	0.65408	0.48475	1	0.49972	0.52931	11.02881	1.04278	1	0.75929	0.55548	11.76506	1.03512	1	-0.00054	-0.00767	0.65536	0.00372	1	0.06722	-0.01299	0.68746	0.00369	1	1.45898	0.81042	0	
1274626	8596.06055	3306760198256	0.65340	0.48389	8596.04004	0.02051	12011	1	0.69603	0.41798	1	0.60496	0.58440	1	0.65050	0.50119	1	0.49965	0.52949	11.01699	1.02710	1	0.75919	0.55571	11.61281	1.01944	1	-0.00054	-0.00767	0.65536	0.00347	1	0.06722	-0.01299	0.68746	0.00376	1	1.45898	0.81042	0	
1274627	8596.06738	3306760264490	0.65279	0.48791	8596.04004	0.02734	12011	1	0.69574	0.42360	1	0.60496	0.58440	1	0.65035	0.50400	1	0.49978	0.52915	11.01102	1.01944	1	0.75971	0.55529	11.91310	1.01944	1	-0.00051	-0.00798	0.68657	0.00372	1	0.06722	-0.01299	0.68746	0.00392	1	1.45898	0.81042	0	
1274628	8596.07422	3306760332751	0.65720	0.48480	8596.04004	0.03418	12011	1	0.70858	0.41586	1	0.64992	0.52258	1	0.67925	0.46922	1	0.49979	0.52967	11.10603	1.02746	1	0.75996	0.55490	11.87512	1.03512	1	-0.00051	-0.00798	0.68657	0.00362	1	0.06722	-0.01299	0.68746	0.00387	1	1.45898	0.81042	0	
1274629	8596.08008	3306760400785	0.65927	0.48186	8596.04004	0.04004	12011	1	0.69532	0.41666	1	0.64798	0.51177	1	0.67165	0.46421	1	0.49965	0.52967	11.31099	1.04313	1	0.75987	0.55483	12.00363	1.05079	1	-0.00051	-0.00798	0.68657	0.00358	1	0.06722	-0.01299	0.68746	0.00386	1	1.45898	0.81042	0	
1274630	8596.08691	3306760467721	0.66104	0.47829	8596.04004	0.04688	12011	1	0.69591	0.40533	1	0.65106	0.50129	1	0.67349	0.45331	1	0.49969	0.52987	11.33726	1.05881	1	0.75971	0.55557	12.34768	1.06647	1	-0.00051	-0.00798	0.68657	0.00353	1	0.06722	-0.01299	0.68746	0.00368	1	1.45898	0.81042	0	
1274631	8596.09375	3306760532416	0.66413	0.47551	8596.04004	0.05371	12011	1	0.69970	0.38019	1	0.67787	0.52633	1	0.68879	0.45326	1	0.49966	0.52950	11.11728	1.06647	1	0.76020	0.55550	12.34109	1.06647	1	-0.00051	-0.00798	0.68657	0.00352	1	0.06722	-0.01299	0.68746	0.00410	1	1.45898	0.81042	0	
1274632	8596.10059	3306760599202	0.66544	0.47367	8596.04004	0.06055	12011	1	0.69660	0.40306	1	0.65803	0.51119	1	0.67732	0.45713	1	0.49965	0.52969	11.10583	1.06647	1	0.75992	0.55540	12.40992	1.06647	1	-0.00051	-0.00798	0.68657	0.00356	1	0.06722	-0.01299	0.68746	0.00374	1	1.45898	0.81042	0	
1274633	8596.10742	3306760670501	0.66636	0.47290	8596.04004	0.06738	12011	1	0.69630	0.40883	1	0.65484	0.52153	1	0.67557	0.46518	1	0.49972	0.52992	11.29682	1.05845	1	0.76013	0.55566	12.38516	1.05079	1	-0.00044	-0.00762	0.65548	0.00370	1	0.06722	-0.01299	0.68746	0.00381	1	1.45898	0.81042	0	
1274634	8596.11426	3306760737392	0.66759	0.47575	8596.04004	0.07422	12011	1	0.70054	0.44324	1	0.66149	0.57106	1	0.68102	0.50715	1	0.49963	0.53000	11.60163	1.04278	1	0.76010	0.55564	12.51430	1.03512	1	-0.00044	-0.00762	0.65548	0.00355	1	0.06722	-0.01299	0.68746	0.00383	1	1.45898	0.81042	0	
1274635	8596.12109	3306760804088	0.66839	0.47836	8596.04004	0.08105	12011	1	0.70399	0.48363	1	0.65218	0.53579	1	0.67808	0.50971	1	0.49966	0.52993	11.27563	1.02710	1	0.75995	0.55537	12.66050	1.01944	1	-0.00044	-0.00762	0.65548	0.00360	1	0.06722	-0.01299	0.68746	0.00377	1	1.45898	0.81042	0	
1274636	8596.12793	3306760869575	0.66907	0.48079	8596.04004	0.08789	12011	1	0.70363	0.48876	1	0.65218	0.53579	1	0.67790	0.51227	1	0.49969	0.52987	11.26054	1.01944	1	0.76003	0.55541	12.27288	1.01944	1	-0.00041	-0.00799	0.68719	0.00368	1	0.06722	-0.01299	0.68746	0.00378	1	1.45898	0.81042	0	
1274637	8596.13477	3306760938481	0.66985	0.48121	8596.04004	0.09473	12011	1	0.70371	0.41940	1	0.65770	0.55500	1	0.68071	0.48720	1	0.49973	0.52909	10.98028	1.02746	1	0.75997	0.55552	12.52569	1.03512	1	-0.00041	-0.00799	0.68719	0.00392	1	0.06722	-0.01299	0.68746	0.00376	1	1.45898	0.81042	0	
1274638	8596.14062	3306761005349	0.67274	0.47137	8596.04004	0.10059	12011	1	0.70209	0.36359	1	0.73016	0.28393	1	0.71612	0.32376	1	0.49978	0.52913	10.99012	1.04313	1	0.76114	0.55279	11.05174	1.05079	1	-0.00041	-0.00799	0.68719	0.00367	1	0.06722	-0.01299	0.68746	0.00256	1	1.45898	0.81042	0	
1274639	8596.14746	3306761071991	0.67544	0.46192	8596.04004	0.10742	12011	1	0.70274	0.35148	1	0.73440	0.26988	1	0.71857	0.31068	1	0.49755	0.53023	10.84035	1.05881	1	0.75763	0.55533	12.49617	1.06647	1	-0.00082	-0.00822	0.68477	0.00333	1	0.06719	-0.01331	0.68508	0.00350	1	1.45898	0.81042	0	
1274640	8596.15430	3306761138937	0.67410	0.46274	8596.04004	0.11426	12011	1	0.64445	0.49087	1	0.65825	0.46247	1	0.65135	0.47667	1	0.49672	0.53153	11.15215	1.06647	1	0.75789	0.55547	12.01490	1.06647	1	-0.00082	-0.00822	0.68477	0.00324	1	0.06719	-0.01331	0.68508	0.00381	1	1.45898	0.81042	0	
1274641	8596.16113	3306761206413	0.67450	0.46541	8596.04004	0.12109	12011	1	0.65728	0.42274	1	0.70607	0.60436	1	0.68168	0.51355	1	0.49619	0.53145	11.39950	1.06647	1	0.75758	0.55671	12.30762	1.06647	1	-0.00082	-0.00822	0.68477	0.00321	1	0.06719	-0.01331	0.68508	0.00408	1	1.45898	0.81042	0	
1274642	8596.16797	3306761272779	0.67491	0.46753	8596.04004	0.12793	12011	1	0.65733	0.41635	1	0.70833	0.59915	1	0.68283	0.50775	1	0.49245	0.53313	11.14186	1.07556	1	0.75242	0.55624	12.05575	1.07556	1	-0.00153	-0.00864	0.70281	0.00290	1	0.06605	-0.01340	0.68183	0.00352	1	1.45898	0.81042	0	
1274643	8596.17480	3306761340214	0.66546	0.47196	8596.04004	0.13477	12011	1	0.48994	0.55981	1	0.46274	0.56147	1	0.47634	0.56064	1	0.49157	0.53353	11.46870	1.08464	1	0.75176	0.55730	12.59603	1.08464	1	-0.00153	-0.00864	0.70281	0.00311	1	0.06605	-0.01340	0.68183	0.00308	1	1.45898	0.81042	0	
1274644	8596.18164	3306761407278	0.65811	0.47435	8596.04004	0.14160	12011	1	0.49258	0.47038	1	0.51507	0.57847	1	0.50382	0.52443	1	0.49164	0.53309	11.07017	1.09373	1	0.75178	0.55722	12.17885	1.09373	1	-0.00153	-0.00864	0.70281	0.00317	1	0.06605	-0.01340	0.68183	0.00314	1	1.45898	0.81042	0	
1274645	8596.18750	3306761474348	0.65140	0.47653	8596.04004	0.14746	12011	1	0.49258	0.47038	1	0.51507	0.57847	1	0.50382	0.52443	1	0.49028	0.53453	11.92557	1.09373	1	0.74917	0.55786	12.41490	1.09373	1	-0.00186	-0.00864	0.68966	0.00298	1	0.06400	-0.01323	0.66578	0.00320	1	1.45898	0.81042	0	
1274646	8596.19434	3306761541352	0.61368	0.49167	8596.04004	0.14746	12011	0	0.42249	0.62280	1	0.36331	0.67510	1	0.39290	0.64895	1	0.49005	0.53451	12.14931	1.08464	1	0.74940	0.55831	12.28778	1.08464	1	-0.00186	-0.00864	0.68966	0.00303	1	0.06400	-0.01323	0.66578	0.00339	1	1.45898	0.81042	0	
1274647	8596.20117	3306761607902	0.50363	0.57745	8596.04004	0.14746	12011	0	0.42433	0.65075	1	0.36284	0.67569	1	0.39359	0.66322	1	0.49002	0.53478	12.00646	1.07556	1	0.74937	0.55835	12.37147	1.07556	1	-0.00186	-0.00864	0.68966	0.00291	1	0.06400	-0.01323	0.66578	0.00336	1	1.45898	0.81042	0	
1274648	8596.20801	3306761675117	0.46734	0.60752	8596.04004	0.14746	12011	0	0.42606	0.65525	1	0.36344	0.68008	1	0.39475	0.66766	1	0.48989	0.53464	11.97939	1.06647	1	0.74904	0.55797	11.81606	1.06647	1	-0.00186	-0.00864	0.68966	0.00294	1	0.06481	-0.01338	0.67315	0.00323	1	1.45898	0.81042	0	
1274649	8596.21484	3306761742202	0.38664	0.65357	8596.04004	0.14746	12011	0	0.40405	0.63903	1	0.33912	0.62060	1	0.37158	0.62981	1	0.48975	0.53461	11.71422	1.06647	1	0.74901	0.55780	11.69408	1.06647	1	-0.00186	-0.00864	0.68966	0.00292	1	0.06481	-0.01338	0.67315	0.00330	1	1.45898	0.81042	0	
1274650	8596.22168	3306761809067	0.38544	0.66001	8596.04004	0.14746	12011	0	0.43742	0.70126	1	0.33106	0.63164	1	0.38424	0.66645	1	0.49023	0.53473	11.77225	1.06647	1	0.74892	0.55789	11.72855	1.06647	1	-0.00186	-0.00864	0.68966	0.00302	1	0.06481	-0.01338	0.67315	0.00339	1	1.45898	0.81042	0	
1274651	8596.22852	3306761876479	0.38516	0.66283	8596.04004	0.14746	12011	0	0.43742	0.70126	1	0.33178	0.63568	1	0.38460	0.66847	1	0.49011	0.53479	11.97790	1.06647	1	0.74935	0.55828	12.74639	1.05881	1	-0.00186	-0.00864	0.68966	0.00305	1	0.06340	-0.01308	0.65799	0.00326	1	1.45898	0.81042	0	
1274652	8596.23438	3306761943483	0.39155	0.66884	8596.21484	0.01953	12012	1	0.45344	0.70220	1	0.36796	0.67156	1	0.41070	0.68688	1	0.49002	0.53482	12.28302	1.05881	1	0.74938	0.55822	12.58217	1.05115	1	-0.00186	-0.00864	0.68966	0.00291	1	0.06340	-0.01308	0.65799	0.00330	1	1.45898	0.81042	0	
1274653	8596.24121	3306762008018	0.39433	0.66850	8596.21484	0.02637	12012	1	0.45480	0.66462	1	0.35609	0.66962	1	0.40544	0.66712	1	0.49057	0.53482	11.55891	1.05115	1	0.74929	0.55827	12.47200	1.04349	1	-0.00186	-0.00864	0.68966	0.00331	1	0.06340	-0.01308	0.65799	0.00325	1	1.45898	0.81042	0	
1274654	8596.24805	3306762073754	0.39633	0.66890	8596.21484	0.03320	12012	1	0.45609	0.66838	1	0.35665	0.67348	1	0.40637	0.67093	1	0.48979	0.53464	11.81664	1.04349	1	0.74930	0.55832	12.88546	1.03583	1	-0.00186	-0.00864	0.68966	0.00301	1	0.06340	-0.01308	0.65799	0.00323	1	1.45898	0.81042	0	
1274655	8596.25488	3306762144118	0.39812	0.66364	8596.21484	0.04004	12012	1	0.41697	0.65063	1	0.40068	0.61347	1	0.40883	0.63205	1	0.48983	0.53455	11.57148	1.03583	1	0.74990	0.55853	12.30323	1.03583	1	-0.00186	-0.00864	0.68966	0.00329	1	0.06340	-0.01308	0.65799	0.00336	1	1.45898	0.81042	0	
1274656	8596.26172	3306762211089	0.39714	0.66368	8596.21484	0.04688	12012	1	0.40536	0.66398	1	0.37529	0.66390	1	0.39032	0.66394	1	0.48967	0.53463	11.77513	1.03583	1	0.74954	0.55855	13.08100	1.03583	1	-0.00186	-0.00864	0.68966	0.00299	1	0.06340	-0.01308	0.65799	0.00329	1	1.45898	0.81042	0	
1274657	8596.26855	3306762276284	0.39639	0.66371	8596.21484	0.05371	12012	1	0.40536	0.66398	1	0.37529	0.66390	1	0.39032	0.66394	1	0.48978	0.53443	11.25332	1.03583	1	0.74984	0.55867	12.21605	1.03583	1	-0.00186	-0.00864	0.68966	0.00305	1	0.06340	-0.01308	0.65799	0.00319	1	1.45898	0.81042	0	
1274658	8596.27539	3306762344645	0.39734	0.66356	8596.21484	0.06055	12012	1	0.43194	0.69270	1	0.37993	0.63178	1	0.40593	0.66224	1	0.48989	0.53509	11.46575	1.03583	1	0.74991	0.55868	11.97170	1.03583	1	-0.00186	-0.00864	0.68966	0.00303	1	0.06340	-0.01308	0.65799	0.00319	1	1.45898	0.81042	0	
1274659	8596.28125	3306762412055	0.39868	0.66403	8596.21484	0.06641	12012	1	0.44516	0.72304	1	0.37905	0.61441	1	0.41211	0.66873	1	0.49045	0.53515	11.43822	1.03583	1	0.74991	0.55855	12.29694	1.03583	1	-0.00186	-0.00864	0.68966	0.00311	1	0.06340	-0.01308	0.65799	0.00319	1	1.45898	0.81042	0	
1274660	8596.28809	3306762479050	0.39980	0.66442	8596.21484	0.07324	12012	1	0.44516	0.72304	1	0.37905	0.61441	1	0.41211	0.66873	1	0.49030	0.53511	11.71245	1.03583	1	0.74994	0.55836	12.32810	1.03583	1	-0.00186	-0.00864	0.68966	0.00302	1	0.06410	-0.01320	0.66428	0.00318	1	1.45898	0.81042	0	
1274661	8596.29492	3306762545766	0.40009	0.66232	8596.21484	0.08008	12012	1	0.42714	0.67938	1	0.37993	0.59479	1	0.40354	0.63708	1	0.49002	0.53479	11.53412	1.03583	1	0.74992	0.55840	12.35485	1.03583	1	-0.00186	-0.00864	0.68966	0.00292	1	0.06410	-0.01320	0.66428	0.00320	1	1.45898	0.81042	0	
1274662	8596.30176	3306762613046	0.39913	0.66145	8596.21484	0.08691	12012	1	0.42106	0.67509	1	0.35241	0.62536	1	0.38674	0.65022	1	0.48996	0.53486	11.77100	1.03583	1	0.74998	0.55830	12.30990	1.03583	1	-0.00186	-0.00864	0.68966	0.00289	1	0.06410	-0.01320	0.66428	0.00331	1	1.45898	0.81042	0	
1274663	8596.30859	3306762680668	0.39831	0.66070	8596.21484	0.09375	12012	1	0.42106	0.67509	1	0.35241	0.62536	1	0.38674	0.65022	1	0.49016	0.53511	11.79912	1.03583	1	0.74987	0.55811	12.12376	1.03583	1	-0.00181	-0.00845	0.67056	0.00309	1	0.06381	-0.01319	0.66123	0.00330	1	1.45898	0.81042	0	
1274664	8596.31445	3306762742085	0.39930	0.66001	8596.21484	0.09961	12012	1	0.45474	0.70538	1	0.37376	0.59380	1	0.41425	0.64959	1	0.49040	0.53523	12.20114	1.03583	1	0.74981	0.55827	12.26581	1.03583	1	-0.00181	-0.00845	0.67056	0.00313	1	0.06381	-0.01319	0.66123	0.00317	1	1.45898	0.81042	0	
1274665	8596.32129	3306762809790	0.39940	0.65896	8596.21484	0.10645	12012	1	0.43755	0.71704	1	0.36441	0.56739	1	0.40098	0.64222	1	0.49012	0.53514	11.74033	1.03583	1	0.74983	0.55817	12.11795	1.03583	1	-0.00181	-0.00845	0.67056	0.00303	1	0.06381	-0.01319	0.66123	0.00320	1	1.45898	0.81042	0	
1274666	8596.32812	3306762880779	0.39949	0.65803	8596.21484	0.11328	12012	1	0.43755	0.71704	1	0.36441	0.56739	1	0.40098	0.64222	1	0.49015	0.53512	11.74433	1.03583	1	0.75002	0.55881	12.34759	1.03583	1	-0.00186	-0.00874	0.68965	0.00310	1	0.06381	-0.01319	0.66123	0.00306	1	1.45898	0.81042	0	
1274667	8596.33496	3306762946298	0.40039	0.65876	8596.21484	0.12012	12012	1	0.45595	0.69632	1	0.37703	0.64751	1	0.41649	0.67192	1	0.49002	0.53519	11.93131	1.03583	1	0.74996	0.55874	12.37981	1.03583	1	-0.00186	-0.00874	0.68965	0.00306	1	0.06381	-0.01319	0.66123	0.00311	1	1.45898	0.81042	0	
1274668	8596.34180	3306763013062	0.40135	0.65872	8596.21484	0.12695	12012	1	0.47265	0.69481	1	0.36674	0.62116	1	0.41970	0.65798	1	0.49024	0.53514	11.76395	1.03583	1	0.74974	0.55856	11.83007	1.03583	1	-0.00186	-0.00874	0.68965	0.00326	1	0.06381	-0.01319	0.66123	0.00313	1	1.45898	0.81042	0	
1274669	8596.34863	3306763078762	0.40221	0.65859	8596.21484	0.13379	12012	1	0.47265	0.69481	1	0.36625	0.61691	1	0.41945	0.65586	1	0.49039	0.53512	11.53595	1.03583	1	0.74989	0.55847	12.04579	1.04349	1	-0.00181	-0.00845	0.67056	0.00335	1	0.06586	-0.01363	0.68297	0.00312	1	1.45898	0.81042	0	
1274670	8596.35547	3306763146728	0.40321	0.65887	8596.21484	0.14062	12012	1	0.45810	0.71054	1	0.39034	0.61920	1	0.42422	0.66487	1	0.49007	0.53517	11.98653	1.04349	1	0.75010	0.55862	12.59299	1.05115	1	-0.00181	-0.00845	0.67056	0.00305	1	0.06586	-0.01363	0.68297	0.00309	1	1.45898	0.81042	0	
1274671	8596.36133	3306763212850	0.40386	0.65823	8596.21484	0.14648	12012	1	0.46250	0.69076	1	0.37382	0.59717	1	0.41816	0.64396	1	0.49015	0.53516	11.82750	1.05115	1	0.74985	0.55836	12.07044	1.05881	1	-0.00181	-0.00845	0.67056	0.00312	1	0.06586	-0.01363	0.68297	0.00317	1	1.45898	0.81042	0	
1274672	8596.36816	3306763280379	0.40443	0.65756	8596.21484	0.15332	12012	1	0.46125	0.68719	1	0.37382	0.59717	1	0.41754	0.64218	1	0.49029	0.53515	11.81240	1.05881	1	0.74996	0.55829	12.13723	1.05881	1	-0.00186	-0.00864	0.68966	0.00325	1	0.06381	-0.01319	0.66123	0.00322	1	1.45898	0.81042	0	
1274673	8596.37500	3306763347217	0.40475	0.65640	8596.21484	0.16016	12012	1	0.44261	0.65259	1	0.38217	0.60478	1	0.41239	0.62868	1	0.48993	0.53481	11.79103	1.05881	1	0.74999	0.55846	12.26790	1.05115	1	-0.00186	-0.00864	0.68966	0.00290	1	0.06381	-0.01319	0.66123	0.00316	1	1.45898	0.81042	0	
1274674	8596.38184	3306763416683	0.40507	0.65591	8596.21484	0.16699	12012	1	0.44375	0.66057	1	0.38207	0.62665	1	0.41291	0.64361	1	0.48994	0.53481	11.76596	1.05115	1	0.75002	0.55835	12.16327	1.04349	1	-0.00186	-0.00864	0.68966	0.00292	1	0.06381	-0.01319	0.66123	0.00322	1	1.45898	0.81042	0	
1274675	8596.38867	3306763484083	0.40539	0.65560	8596.21484	0.17383	12012	1	0.44512	0.66437	1	0.38245	0.63084	1	0.41378	0.64760	1	0.48958	0.53509	11.60112	1.04349	1	0.75002	0.55835	12.16327	1.03583	1	-0.00186	-0.00864	0.68966	0.00297	1	0.06381	-0.01319	0.66123	0.00322	1	1.45898	0.81042	0	AUDIO_FILE_OFFSET
1274676	8596.39551	3306763549711	0.40564	0.65612	8596.21484	0.18066	12012	1	0.45759	0.69058	1	0.36744	0.64986	1	0.41252	0.67022	1	0.49001	0.53500	11.58479	1.03583	1	0.74982	0.55854	11.96173	1.03583	1	-0.00186	-0.00864	0.68966	0.00307	1	0.06381	-0.01319	0.66123	0.00316	1	1.45898	0.81042	0	
1274677	8596.40234	3306763615982	0.40541	0.65706	8596.21484	0.18750	12012	1	0.42166	0.67449	1	0.37630	0.69226	1	0.39898	0.68337	1	0.48954	0.53471	11.27243	1.03583	1	0.74999	0.55845	12.25286	1.03583	1	-0.00186	-0.00864	0.68966	0.00286	1	0.06381	-0.01319	0.66123	0.00315	1	1.45898	0.81042	0	
1274678	8596.40918	3306763684702	0.40520	0.65794	8596.21484	0.19434	12012	1	0.42166	0.67449	1	0.37630	0.69226	1	0.39898	0.68337	1	0.48954	0.53471	11.27243	1.03583	1	0.75008	0.55855	12.29331	1.03583	1	-0.00186	-0.00864	0.68966	0.00286	1	0.06410	-0.01320	0.66428	0.00311	1	1.45898	0.81042	0	
1274679	8596.41504	3306763750021	0.40520	0.65750	8596.21484	0.20020	12012	1	0.43057	0.65060	1	0.37994	0.63780	1	0.40525	0.64420	1	0.48965	0.53466	11.37802	1.03583	1	0.74999	0.55827	12.18744	1.03583	1	-0.00186	-0.00864	0.68966	0.00287	1	0.06410	-0.01320	0.66428	0.00315	1	1.45898	0.81042	0	
1274680	8596.42188	3306763815227	0.40518	0.65712	8596.21484	0.20703	12012	1	0.42942	0.65297	1	0.37994	0.63780	1	0.40468	0.64538	1	0.48964	0.53460	11.27146	1.03583	1	0.75000	0.55828	12.22230	1.03583	1	-0.00186	-0.00864	0.68966	0.00288	1	0.06410	-0.01320	0.66428	0.00315	1	1.45898	0.81042	0	
1274681	8596.42871	3306763882700	0.40517	0.65676	8596.21484	0.21387	12012	1	0.42942	0.65297	1	0.37994	0.63780	1	0.40468	0.64538	1	0.48980	0.53456	10.91954	1.03583	1	0.75001	0.55824	12.17303	1.03583	1	-0.00186	-0.00864	0.68966	0.00292	1	0.06381	-0.01309	0.66123	0.00318	1	1.45898	0.81042	0	
1274682	8596.43555	3306763949949	0.40572	0.65719	8596.21484	0.22070	12012	1	0.45775	0.69648	1	0.39027	0.64616	1	0.42401	0.67132	1	0.49009	0.53460	10.81939	1.03583	1	0.75012	0.55795	12.12049	1.03583	1	-0.00186	-0.00864	0.68966	0.00300	1	0.06381	-0.01309	0.66123	0.00307	1	1.45898	0.81042	0	STOP_TRIAL
1274984	8598.45898	3306784181311	0.00000	0.00000	8598.30469	0.10645	12019	0	0.61801	0.71376	0	0.49065	0.89596	0	0.49065	0.89596	0	0.49454	0.53564	9.25766	1.06647	0	0.75456	0.56060	9.09977	1.06647	0	-0.00143	-0.00876	0.67906	0.00258	1	0.06534	-0.01332	0.67034	0.00206	1	1.45898	0.81042	0	START_TRIAL
1274985	8598.46484	3306784248260	0.00000	0.00000	8598.30469	0.10645	12019	0	0.61801	0.71376	0	0.49065	0.89596	0	0.49065	0.89596	0	0.49454	0.53564	9.25766	1.06647	0	0.75456	0.56060	9.09977	1.06647	0	-0.00143	-0.00876	0.67906	0.00258	1	0.06534	-0.01332	0.67034	0.00206	1	1.45898	0.81042	0	
1274986	8598.47168	3306784315035	0.00000	0.00000	8598.30469	0.10645	12019	0	0.61801	0.71376	0	0.49065	0.89596	0	0.49065	0.89596	0	0.49454	0.53564	9.25766	1.06647	0	0.75456	0.56060	9.09977	1.06647	0	-0.00143	-0.00876	0.67906	0.00258	1	0.06534	-0.01332	0.67034	0.00206	1	1.45898	0.81042	0	
1274987	8598.47852	3306784382059	0.00000	0.00000	8598.30469	0.10645	12019	0	0.61801	0.71376	0	0.49065	0.89596	0	0.49065	0.89596	0	0.49454	0.53564	9.25766	1.06647	0	0.75456	0.56060	9.09977	1.06647	0	-0.00143	-0.00876	0.67906	0.00258	1	0.06534	-0.01332	0.67034	0.00206	1	1.45898	0.81042	0	
1274988	8598.48535	3306784448906	0.00000	0.00000	8598.30469	0.10645	12019	0	0.61801	0.71376	0	0.49065	0.89596	0	0.49065	0.89596	0	0.49454	0.53564	9.25766	1.06647	0	0.75456	0.56060	9.09977	1.06647	0	-0.00143	-0.00876	0.67906	0.00258	1	0.06534	-0.01332	0.67034	0.00206	1	1.45898	0.81042	0	
1274989	8598.49219	3306784515639	0.00000	0.00000	8598.30469	0.10645	12019	0	0.61801	0.71376	0	0.49065	0.89596	0	0.49065	0.89596	0	0.49454	0.53564	9.25766	1.06647	0	0.75456	0.56060	9.09977	1.06647	0	-0.00143	-0.00876	0.67906	0.00258	1	0.06534	-0.01332	0.67034	0.00206	1	1.45898	0.81042	0	
1274990	8598.49902	3306784583043	0.00000	0.00000	8598.30469	0.10645	12019	0	0.61801	0.71376	0	0.49065	0.89596	0	0.49065	0.89596	0	0.49454	0.53564	9.25766	1.06647	0	0.75456	0.56060	9.09977	1.06647	0	-0.00143	-0.00876	0.67906	0.00258	1	0.06534	-0.01332	0.67034	0.00206	1	1.45898	0.81042	0	
1274991	8598.50488	3306784647557	0.00000	0.00000	8598.30469	0.10645	12019	0	0.61801	0.71376	0	0.49065	0.89596	0	0.49065	0.89596	0	0.49454	0.53564	9.25766	1.06647	0	0.75456	0.56060	9.09977	1.06647	0	-0.00143	-0.00876	0.67906	0.00258	1	0.06534	-0.01332	0.67034	0.00206	1	1.45898	0.81042	0	
1274992	8598.51172	3306784716987	0.00000	0.00000	8598.30469	0.10645	12019	0	0.61801	0.71376	0	0.49065	0.89596	0	0.49065	0.89596	0	0.49454	0.53564	9.25766	1.06647	0	0.75456	0.56060	9.09977	1.06647	0	-0.00143	-0.00876	0.67906	0.00258	1	0.06534	-0.01332	0.67034	0.00206	1	1.45898	0.81042	0	
1274993	8598.51855	3306784784194	0.00000	0.00000	8598.30469	0.10645	12019	0	0.61801	0.71376	0	0.49065	0.89596	0	0.49065	0.89596	0	0.49454	0.53564	9.25766	1.06647	0	0.75456	0.56060	9.09977	1.06647	0	-0.00143	-0.00876	0.67906	0.00258	1	0.06534	-0.01332	0.67034	0.00206	1	1.45898	0.81042	0	
1274994	8598.52539	3306784851236	0.00000	0.00000	8598.30469	0.10645	12019	0	0.61801	0.71376	0	0.49065	0.89596	0	0.49065	0.89596	0	0.49454	0.53564	9.25766	1.06647	0	0.75456	0.56060	9.09977	1.06647	0	-0.00143	-0.00876	0.67906	0.00258	1	0.06534	-0.01332	0.67034	0.00206	1	1.45898	0.81042	0	
1274995	8598.53223	3306784918027	0.00000	0.00000	8598.30469	0.10645	12019	0	0.61801	0.71376	0	0.49065	0.89596	0	0.49065	0.89596	0	0.49454	0.53564	9.25766	1.06647	0	0.75456	0.56060	9.09977	1.06647	0	-0.00143	-0.00876	0.67906	0.00258	1	0.06534	-0.01332	0.67034	0.00206	1	1.45898	0.81042	0	
1274996	8598.53906	3306784985101	0.00000	0.00000	8598.30469	0.10645	12019	0	0.61801	0.71376	0	0.49065	0.89596	0	0.49065	0.89596	0	0.49454	0.53564	9.25766	1.06647	0	0.75456	0.56060	9.09977	1.06647	0	-0.00143	-0.00876	0.67906	0.00258	1	0.06534	-0.01332	0.67034	0.00206	1	1.45898	0.81042	0	
1274997	8598.54590	3306785052318	0.00000	0.00000	8598.30469	0.10645	12019	0	0.61801	0.71376	0	0.49065	0.89596	0	0.49065	0.89596	0	0.49454	0.53564	9.25766	1.06647	0	0.75456	0.56060	9.09977	1.06647	0	-0.00143	-0.00876	0.67906	0.00258	1	0.06534	-0.01332	0.67034	0.00206	1	1.45898	0.81042	0	
1274998	8598.55273	3306785118966	0.00000	0.00000	8598.30469	0.10645	12019	0	0.61801	0.71376	0	0.49065	0.89596	0	0.49065	0.89596	0	0.49454	0.53564	9.25766	1.06647	0	0.75456	0.56060	9.09977	1.06647	0	-0.00143	-0.00876	0.67906	0.00258	1	0.06534	-0.01332	0.67034	0.00206	1	1.45898	0.81042	0	
1274999	8598.55859	3306785185966	0.00000	0.00000	8598.30469	0.10645	12019	0	0.61801	0.71376	0	0.49065	0.89596	0	0.49065	0.89596	0	0.49454	0.53564	9.25766	1.06647	0	0.75456	0.56060	9.09977	1.06647	0	-0.00143	-0.00876	0.67906	0.00258	1	0.06534	-0.01332	0.67034	0.00206	1	1.45898	0.81042	0	
1275000	8598.56543	3306785252618	0.00000	0.00000	8598.30469	0.10645	12019	0	0.61801	0.71376	0	0.49065	0.89596	0	0.49065	0.89596	0	0.49454	0.53564	9.25766	1.06647	0	0.75456	0.56060	9.09977	1.06647	0	-0.00143	-0.00876	0.67906	0.00258	1	0.06534	-0.01332	0.67034	0.00206	1	1.45898	0.81042	0	
1275001	8598.57227	3306785319870	0.00000	0.00000	8598.30469	0.10645	12019	0	0.61801	0.71376	0	0.49065	0.89596	0	0.49065	0.89596	0	0.49454	0.53564	9.25766	1.06647	0	0.75456	0.56060	9.09977	1.06647	0	-0.00143	-0.00876	0.67906	0.00258	1	0.06534	-0.01332	0.67034	0.00206	1	1.45898	0.81042	0	
1275002	8598.57910	3306785386980	0.00000	0.00000	8598.30469	0.10645	12019	0	0.61801	0.71376	0	0.49065	0.89596	0	0.49065	0.89596	0	0.49454	0.53564	9.25766	1.06647	0	0.75456	0.56060	9.09977	1.06647	0	-0.00143	-0.00876	0.67906	0.00258	1	0.06534	-0.01332	0.67034	0.00206	1	1.45898	0.81042	0	
1275003	8598.58594	3306785453577	0.00000	0.00000	8598.30469	0.10645	12019	0	0.61801	0.71376	0	0.49065	0.89596	0	0.49065	0.89596	0	0.49454	0.53564	9.25766	1.06647	0	0.75456	0.56060	9.09977	1.06647	0	-0.00143	-0.00876	0.67906	0.00258	1	0.06534	-0.01332	0.67034	0.00206	1	1.45898	0.81042	0	
1275004	8598.59277	3306785520647	0.00000	0.00000	8598.30469	0.10645	12019	0	0.61801	0.71376	0	0.49065	0.89596	0	0.49065	0.89596	0	0.49454	0.53564	9.25766	1.06647	0	0.75456	0.56060	9.09977	1.06647	0	-0.00143	-0.00876	0.67906	0.00258	1	0.06534	-0.01332	0.67034	0.00206	1	1.45898	0.81042	0	
1275005	8598.59961	3306785587641	0.00000	0.00000	8598.30469	0.10645	12019	0	0.61801	0.71376	0	0.49065	0.89596	0	0.49065	0.89596	0	0.49454	0.53564	9.25766	1.06647	0	0.75456	0.56060	9.09977	1.06647	0	-0.00143	-0.00876	0.67906	0.00258	1	0.06534	-0.01332	0.67034	0.00206	1	1.45898	0.81042	0	
1275006	8598.60547	3306785654507	0.00000	0.00000	8598.30469	0.10645	12019	0	0.61801	0.71376	0	0.49065	0.89596	0	0.49065	0.89596	0	0.49454	0.53564	9.25766	1.06647	0	0.75456	0.56060	9.09977	1.06647	0	-0.00143	-0.00876	0.67906	0.00258	1	0.06534	-0.01332	0.67034	0.00206	1	1.45898	0.81042	0	
1275007	8598.61230	3306785721886	0.20814	0.22258	8598.30469	0.10645	12019	0	0.61801	0.71376	0	0.41629	0.44516	1	0.41629	0.44516	1	0.49454	0.53564	9.25766	1.06647	0	0.75127	0.55408	11.70752	1.06647	1	-0.00143	-0.00876	0.67906	0.00258	1	0.06534	-0.01332	0.67034	0.00389	1	1.45898	0.81042	0	
1275008	8598.61914	3306785788706	0.41629	0.44516	8598.30469	0.10645	12019	0	0.61801	0.71376	0	0.41629	0.44516	0	0.41629	0.44516	0	0.49454	0.53564	9.25766	1.06647	0	0.75127	0.55408	11.70752	1.06647	0	-0.00143	-0.00876	0.67906	0.00258	1	0.06534	-0.01332	0.67034	0.00389	1	1.45898	0.81042	0	
1275009	8598.62598	3306785855708	0.41629	0.44516	8598.30469	0.10645	12019	0	0.61801	0.71376	0	0.41629	0.44516	0	0.41629	0.44516	0	0.49454	0.53564	9.25766	1.06647	0	0.75127	0.55408	11.70752	1.06647	0	-0.00143	-0.00876	0.67906	0.00258	1	0.06534	-0.01332	0.67034	0.00389	1	1.45898	0.81042	0	
1275010	8598.63281	3306785922483	0.41629	0.44516	8598.30469	0.10645	12019	0	0.61801	0.71376	0	0.41629	0.44516	0	0.41629	0.44516	0	0.49454	0.53564	9.25766	1.06647	0	0.75127	0.55408	11.70752	1.06647	0	-0.00143	-0.00876	0.67906	0.00258	1	0.06534	-0.01332	0.67034	0.00389	1	1.45898	0.81042	0	
1275011	8598.63965	3306785990080	0.00000	0.00000	8598.30469	0.10645	12019	0	0.61801	0.71376	0	0.41629	0.44516	0	0.41629	0.44516	0	0.49454	0.53564	9.25766	1.06647	0	0.75127	0.55408	11.70752	1.06647	0	-0.00143	-0.00876	0.67906	0.00258	1	0.06534	-0.01332	0.67034	0.00389	1	1.45898	0.81042	0	
1275012	8598.64648	3306786056617	0.00000	0.00000	8598.30469	0.10645	12019	0	0.61801	0.71376	0	0.41629	0.44516	0	0.41629	0.44516	0	0.49454	0.53564	9.25766	1.06647	0	0.75127	0.55408	11.70752	1.06647	0	-0.00143	-0.00876	0.67906	0.00258	1	0.06534	-0.01332	0.67034	0.00389	1	1.45898	0.81042	0	
1275013	8598.65332	3306786123589	0.00000	0.00000	8598.30469	0.10645	12019	0	0.61801	0.71376	0	0.41629	0.44516	0	0.41629	0.44516	0	0.49454	0.53564	9.25766	1.06647	0	0.75127	0.55408	11.70752	1.06647	0	-0.00143	-0.00876	0.67906	0.00258	1	0.06534	-0.01332	0.67034	0.00389	1	1.45898	0.81042	0	
1275014	8598.65918	3306786190491	0.00000	0.00000	8598.30469	0.10645	12019	0	0.61801	0.71376	0	0.41629	0.44516	0	0.41629	0.44516	0	0.49454	0.53564	9.25766	1.06647	0	0.75127	0.55408	11.70752	1.06647	0	-0.00143	-0.00876	0.67906	0.00258	1	0.06534	-0.01332	0.67034	0.00389	1	1.45898	0.81042	0	
1275015	8598.66602	3306786257936	0.00000	0.00000	8598.30469	0.10645	12019	0	0.61801	0.71376	0	0.41629	0.44516	0	0.41629	0.44516	0	0.49454	0.53564	9.25766	1.06647	0	0.75127	0.55408	11.70752	1.06647	0	-0.00143	-0.00876	0.67906	0.00258	1	0.06534	-0.01332	0.67034	0.00389	1	1.45898	0.81042	0	
1275016	8598.67285	3306786322706	0.00000	0.00000	8598.30469	0.10645	12019	0	0.61801	0.71376	0	0.41629	0.44516	0	0.41629	0.44516	0	0.49454	0.53564	9.25766	1.06647	0	0.75127	0.55408	11.70752	1.06647	0	-0.00143	-0.00876	0.67906	0.00258	1	0.06534	-0.01332	0.67034	0.00389	1	1.45898	0.81042	0	
1275017	8598.67969	3306786391422	0.00000	0.00000	8598.30469	0.10645	12019	0	0.61801	0.71376	0	0.41629	0.44516	0	0.41629	0.44516	0	0.49454	0.53564	9.25766	1.06647	0	0.75127	0.55408	11.70752	1.06647	0	-0.00143	-0.00876	0.67906	0.00258	1	0.06534	-0.01332	0.67034	0.00389	1	1.45898	0.81042	0	
1275018	8598.68652	3306786458649	0.00000	0.00000	8598.30469	0.10645	12019	0	0.61801	0.71376	0	0.41629	0.44516	0	0.41629	0.44516	0	0.49454	0.53564	9.25766	1.06647	0	0.75127	0.55408	11.70752	1.06647	0	-0.00143	-0.00876	0.67906	0.00258	1	0.06534	-0.01332	0.67034	0.00389	1	1.45898	0.81042	0	
1275019	8598.69336	3306786525205	0.00000	0.00000	8598.30469	0.10645	12019	0	0.61801	0.71376	0	0.41629	0.44516	0	0.41629	0.44516	0	0.49454	0.53564	9.25766	1.06647	0	0.75127	0.55408	11.70752	1.06647	0	-0.00143	-0.00876	0.67906	0.00258	1	0.06534	-0.01332	0.67034	0.00389	1	1.45898	0.81042	0	
1275020	8598.70020	3306786592573	0.00000	0.00000	8598.30469	0.10645	12019	0	0.61801	0.71376	0	0.41629	0.44516	0	0.41629	0.44516	0	0.49454	0.53564	9.25766	1.06647	0	0.75127	0.55408	11.70752	1.06647	0	-0.00143	-0.00876	0.67906	0.00258	1	0.06534	-0.01332	0.67034	0.00389	1	1.45898	0.81042	0	
1275021	8598.70605	3306786659447	0.00000	0.00000	8598.30469	0.10645	12019	0	0.61801	0.71376	0	0.41629	0.44516	0	0.41629	0.44516	0	0.49454	0.53564	9.25766	1.06647	0	0.75127	0.55408	11.70752	1.06647	0	-0.00143	-0.00876	0.67906	0.00258	1	0.06534	-0.01332	0.67034	0.00389	1	1.45898	0.81042	0	
1275022	8598.71289	3306786726297	0.00000	0.00000	8598.30469	0.10645	12019	0	0.61801	0.71376	0	0.41629	0.44516	0	0.41629	0.44516	0	0.49454	0.53564	9.25766	1.06647	0	0.75127	0.55408	11.70752	1.06647	0	-0.00143	-0.00876	0.67906	0.00258	1	0.06534	-0.01332	0.67034	0.00389	1	1.45898	0.81042	0	
1275023	8598.71973	3306786793586	0.00000	0.00000	8598.30469	0.10645	12019	0	0.61801	0.71376	0	0.41629	0.44516	0	0.41629	0.44516	0	0.49454	0.53564	9.25766	1.06647	0	0.75127	0.55408	11.70752	1.06647	0	-0.00143	-0.00876	0.67906	0.00258	1	0.06534	-0.01332	0.67034	0.00389	1	1.45898	0.81042	0	
1275024	8598.72656	3306786861055	0.00000	0.00000	8598.30469	0.10645	12019	0	0.61801	0.71376	0	0.41629	0.44516	0	0.41629	0.44516	0	0.49454	0.53564	9.25766	1.06647	0	0.75127	0.55408	11.70752	1.06647	0	-0.00143	-0.00876	0.67906	0.00258	1	0.06534	-0.01332	0.67034	0.00389	1	1.45898	0.81042	0	
1275025	8598.73340	3306786926951	0.00000	0.00000	8598.30469	0.10645	12019	0	0.61801	0.71376	0	0.41629	0.44516	0	0.41629	0.44516	0	0.49454	0.53564	9.25766	1.06647	0	0.75127	0.55408	11.70752	1.06647	0	-0.00143	-0.00876	0.67906	0.00258	1	0.06534	-0.01332	0.67034	0.00389	1	1.45898	0.81042	0	
1275026	8598.73926	3306786991172	0.00000	0.00000	8598.30469	0.10645	12019	0	0.61801	0.71376	0	0.41629	0.44516	0	0.41629	0.44516	0	0.49454	0.53564	9.25766	1.06647	0	0.75127	0.55408	11.70752	1.06647	0	-0.00143	-0.00876	0.67906	0.00258	1	0.06534	-0.01332	0.67034	0.00389	1	1.45898	0.81042	0	
1275027	8598.74609	3306787058551	0.00000	0.00000	8598.30469	0.10645	12019	0	0.61801	0.71376	0	0.41629	0.44516	0	0.41629	0.44516	0	0.49454	0.53564	9.25766	1.06647	0	0.75127	0.55408	11.70752	1.06647	0	-0.00143	-0.00876	0.67906	0.00258	1	0.06534	-0.01332	0.67034	0.00389	1	1.45898	0.81042	0	
1275028	8598.75293	3306787123816	0.00000	0.00000	8598.30469	0.10645	12019	0	0.61801	0.71376	0	0.41629	0.44516	0	0.41629	0.44516	0	0.49454	0.53564	9.25766	1.06647	0	0.75127	0.55408	11.70752	1.06647	0	-0.00143	-0.00876	0.67906	0.00258	1	0.06534	-0.01332	0.67034	0.00389	1	1.45898	0.81042	0	
1275029	8598.75977	3306787194035	0.00000	0.00000	8598.30469	0.10645	12019	0	0.61801	0.71376	0	0.41629	0.44516	0	0.41629	0.44516	0	0.49454	0.53564	9.25766	1.06647	0	0.75127	0.55408	11.70752	1.06647	0	-0.00143	-0.00876	0.67906	0.00258	1	0.06534	-0.01332	0.67034	0.00389	1	1.45898	0.81042	0	
1275030	8598.76660	3306787260746	0.22047	0.21187	8598.30469	0.10645	12019	0	0.46701	0.43336	1	0.41489	0.41411	1	0.44095	0.42373	1	0.49044	0.53086	10.35819	1.06647	1	0.75172	0.55501	11.99890	1.06647	1	-0.00143	-0.00876	0.67906	0.00353	1	0.06534	-0.01332	0.67034	0.00358	1	1.45898	0.81042	0	
1275031	8598.77344	3306787329081	0.29773	0.29001	8598.30469	0.10645	12019	0	0.46165	0.43591	1	0.44280	0.45665	1	0.45223	0.44628	1	0.49039	0.53082	10.38277	1.06647	1	0.75169	0.55493	12.07198	1.06647	1	-0.00143	-0.00876	0.67906	0.00358	1	0.06534	-0.01332	0.67034	0.00359	1	1.45898	0.81042	0	
1275032	8598.78027	3306787396386	0.44848	0.43776	8598.30469	0.10645	12019	0	0.46165	0.43591	1	0.44287	0.45061	1	0.45226	0.44326	1	0.49043	0.53100	10.42921	1.06647	1	0.75177	0.55523	12.29860	1.07515	1	-0.00193	-0.00817	0.67666	0.00348	1	0.06788	-0.01359	0.70226	0.00346	1	1.45898	0.81042	0	
1275033	8598.78613	3306787459024	0.45271	0.44781	8598.30469	0.10645	12019	0	0.46968	0.44861	1	0.44420	0.46712	1	0.45694	0.45786	1	0.49041	0.53109	10.76349	1.07515	1	0.75170	0.55511	12.32951	1.08383	1	-0.00193	-0.00817	0.67666	0.00352	1	0.06788	-0.01359	0.70226	0.00347	1	1.45898	0.81042	0	
1275034	8598.79395	3306787530854	0.45477	0.45251	8598.30469	0.10645	12019	0	0.47118	0.44682	1	0.44662	0.47702	1	0.45890	0.46192	1	0.49054	0.53110	11.21771	1.08383	1	0.75179	0.55521	12.16687	1.09251	1	-0.00193	-0.00817	0.67666	0.00342	1	0.06788	-0.01359	0.70226	0.00344	1	1.45898	0.81042	0	
1275035	8598.79980	3306787597819	0.45566	0.45341	8598.78027	0.01953	12020	1	0.46991	0.44093	1	0.44671	0.47128	1	0.45831	0.45610	1	0.49067	0.53072	10.79472	1.09251	1	0.75168	0.55478	12.25616	1.10119	1	-0.00193	-0.00817	0.67666	0.00345	1	0.06788	-0.01359	0.70226	0.00361	1	1.45898	0.81042	0	
1275036	8598.80664	3306787666035	0.45337	0.44774	8598.78027	0.02637	12020	1	0.48081	0.39775	1	0.40767	0.45235	1	0.44424	0.42505	1	0.49065	0.53055	10.41636	1.10119	1	0.75152	0.55508	12.80931	1.10119	1	-0.00193	-0.00817	0.67666	0.00358	1	0.06788	-0.01359	0.70226	0.00352	1	1.45898	0.81042	0	
1275037	8598.81348	3306787731142	0.45079	0.44607	8598.78027	0.03320	12020	1	0.45460	0.39802	1	0.42116	0.47739	1	0.43788	0.43771	1	0.49059	0.53066	10.51391	1.10119	1	0.75178	0.55549	12.38645	1.10119	1	-0.00193	-0.00817	0.67666	0.00351	1	0.06788	-0.01359	0.70226	0.00371	1	1.45898	0.81042	0	
1275038	8598.82031	3306787798012	0.44905	0.44606	8598.78027	0.04004	12020	1	0.45586	0.40374	1	0.42136	0.48832	1	0.43861	0.44603	1	0.49159	0.52994	10.86471	1.09318	1	0.75290	0.55486	11.31407	1.08450	1	-0.00170	-0.00782	0.64772	0.00358	1	0.06605	-0.01314	0.68183	0.00379	1	1.45898	0.81042	0	
1275039	8598.82715	3306787865130	0.45559	0.43999	8598.78027	0.04688	12020	1	0.51108	0.34329	1	0.49174	0.45169	1	0.50141	0.39749	1	0.49201	0.52979	10.10837	1.07648	1	0.75289	0.55481	11.17988	1.06780	1	-0.00170	-0.00782	0.64772	0.00371	1	0.06605	-0.01314	0.68183	0.00393	1	1.45898	0.81042	0	
1275040	8598.83398	3306787932298	0.45955	0.43956	8598.78027	0.05371	12020	1	0.49483	0.39183	1	0.48754	0.48039	1	0.49119	0.43611	1	0.49168	0.53023	11.01419	1.05978	1	0.75283	0.55504	11.43882	1.05110	1	-0.00170	-0.00782	0.64772	0.00356	1	0.06605	-0.01314	0.68183	0.00392	1	1.45898	0.81042	0	
1275041	8598.84082	3306787999192	0.46280	0.44011	8598.78027	0.06055	12020	1	0.49700	0.40427	1	0.48715	0.48590	1	0.49207	0.44508	1	0.49172	0.52986	10.67095	1.04308	1	0.75289	0.55496	11.41262	1.04308	1	-0.00170	-0.00782	0.64772	0.00370	1	0.06763	-0.01344	0.69754	0.00394	1	1.45898	0.81042	0	
1275042	8598.84668	3306788066447	0.46649	0.43829	8598.78027	0.06641	12020	1	0.51594	0.37861	1	0.49086	0.46150	1	0.50340	0.42006	1	0.49157	0.52982	11.02720	1.04308	1	0.75289	0.55486	11.41976	1.05176	1	-0.00170	-0.00782	0.64772	0.00359	1	0.06763	-0.01344	0.69754	0.00390	1	1.45898	0.81042	0	
1275043	8598.85352	3306788133165	0.47090	0.43415	8598.78027	0.07324	12020	1	0.54517	0.30661	1	0.49358	0.47070	1	0.51938	0.38866	1	0.49176	0.52938	10.55191	1.05176	1	0.75294	0.55489	11.39562	1.06045	1	-0.00170	-0.00782	0.64772	0.00369	1	0.06763	-0.01344	0.69754	0.00389	1	1.45898	0.81042	0	
1275044	8598.86035	3306788201087	0.47264	0.43696	8598.78027	0.08008	12020	1	0.54517	0.30661	0	0.49358	0.47070	1	0.49358	0.47070	1	0.49176	0.52938	10.55191	1.06045	0	0.75281	0.55527	11.53452	1.06045	1	-0.00170	-0.00782	0.64772	0.00369	1	0.06605	-0.01319	0.68183	0.00377	1	1.45898	0.81042	0	
1275045	8598.86719	3306788267319	0.47264	0.43696	8598.78027	0.08691	12020	1	0.54517	0.30661	0	0.49358	0.47070	0	0.49358	0.47070	0	0.49176	0.52938	10.55191	1.06045	0	0.75281	0.55527	11.53452	1.05176	0	-0.00170	-0.00782	0.64772	0.00369	1	0.06605	-0.01319	0.68183	0.00377	1	1.45898	0.81042	0	
1275046	8598.87402	3306788333363	0.47264	0.43696	8598.78027	0.09375	12020	1	0.54517	0.30661	0	0.49358	0.47070	0	0.49358	0.47070	0	0.49176	0.52938	10.55191	1.05176	0	0.75281	0.55527	11.53452	1.04308	0	-0.00170	-0.00782	0.64772	0.00369	1	0.06605	-0.01319	0.68183	0.00377	1	1.45898	0.81042	0	
1275047	8598.88086	3306788400305	0.47264	0.43696	8598.78027	0.10059	12020	1	0.54517	0.30661	0	0.49358	0.47070	0	0.49358	0.47070	0	0.49176	0.52938	10.55191	1.04308	0	0.75281	0.55527	11.53452	1.03440	0	-0.00170	-0.00782	0.64772	0.00369	1	0.06605	-0.01319	0.68183	0.00377	1	1.45898	0.81042	0	
1275048	8598.88770	3306788468542	0.47466	0.43690	8598.78027	0.10059	12020	0	0.54517	0.30661	0	0.49358	0.47070	0	0.49358	0.47070	0	0.49176	0.52938	10.55191	1.03440	0	0.75281	0.55527	11.53452	1.03440	0	-0.00170	-0.00782	0.64772	0.00369	1	0.06605	-0.01319	0.68183	0.00377	1	1.45898	0.81042	0	
1275049	8598.89453	3306788536412	0.47466	0.43690	8598.78027	0.10059	12020	0	0.54517	0.30661	0	0.49358	0.47070	0	0.49358	0.47070	0	0.49176	0.52938	10.55191	1.03440	0	0.75281	0.55527	11.53452	1.03440	0	-0.00170	-0.00782	0.64772	0.00369	1	0.06605	-0.01319	0.68183	0.00377	1	1.45898	0.81042	0	
1275050	8598.90039	3306788602092	0.47466	0.43690	8598.78027	0.10059	12020	0	0.54517	0.30661	0	0.49358	0.47070	0	0.49358	0.47070	0	0.49176	0.52938	10.55191	1.03440	0	0.75281	0.55527	11.53452	1.03440	0	-0.00170	-0.00782	0.64772	0.00369	1	0.06605	-0.01319	0.68183	0.00377	1	1.45898	0.81042	0	
1275051	8598.90723	3306788669158	0.00000	0.00000	8598.78027	0.10059	12020	0	0.54517	0.30661	0	0.49358	0.47070	0	0.49358	0.47070	0	0.49176	0.52938	10.55191	1.03440	0	0.75281	0.55527	11.53452	1.03440	0	-0.00170	-0.00782	0.64772	0.00369	1	0.06605	-0.01319	0.68183	0.00377	1	1.45898	0.81042	0	
1275052	8598.91406	3306788736856	0.23970	0.24721	8598.78027	0.10059	12020	0	0.54517	0.30661	0	0.47940	0.49442	1	0.47940	0.49442	1	0.49176	0.52938	10.55191	1.03440	0	0.75273	0.55501	11.03890	1.03440	1	-0.00170	-0.00782	0.64772	0.00369	1	0.06605	-0.01319	0.68183	0.00367	1	1.45898	0.81042	0	
1275053	8598.92090	3306788802942	0.23970	0.24721	8598.78027	0.10059	12020	0	0.54517	0.30661	0	0.47940	0.49442	0	0.47940	0.49442	0	0.49176	0.52938	10.55191	1.03440	0	0.75273	0.55501	11.03890	1.03440	0	-0.00170	-0.00782	0.64772	0.00369	1	0.06605	-0.01319	0.68183	0.00367	1	1.45898	0.81042	0	
1275054	8598.92773	3306788870165	0.47940	0.49442	8598.78027	0.10059	12020	0	0.54517	0.30661	0	0.47940	0.49442	0	0.47940	0.49442	0	0.49176	0.52938	10.55191	1.03440	0	0.75273	0.55501	11.03890	1.03440	0	-0.00170	-0.00782	0.64772	0.00369	1	0.06605	-0.01319	0.68183	0.00367	1	1.45898	0.81042	0	
1275055	8598.93457	3306788936880	0.47940	0.49442	8598.78027	0.10059	12020	0	0.54517	0.30661	0	0.47940	0.49442	0	0.47940	0.49442	0	0.49176	0.52938	10.55191	1.03440	0	0.75273	0.55501	11.03890	1.03440	0	-0.00170	-0.00782	0.64772	0.00369	1	0.06605	-0.01319	0.68183	0.00367	1	1.45898	0.81042	0	
1275056	8598.94043	3306789003759	0.47940	0.49442	8598.78027	0.10059	12020	0	0.54517	0.30661	0	0.47940	0.49442	0	0.47940	0.49442	0	0.49176	0.52938	10.55191	1.03440	0	0.75273	0.55501	11.03890	1.03440	0	-0.00170	-0.00782	0.64772	0.00369	1	0.06605	-0.01319	0.68183	0.00367	1	1.45898	0.81042	0	
1275057	8598.94727	3306789070799	0.00000	0.00000	8598.78027	0.10059	12020	0	0.54517	0.30661	0	0.47940	0.49442	0	0.47940	0.49442	0	0.49176	0.52938	10.55191	1.03440	0	0.75273	0.55501	11.03890	1.03440	0	-0.00170	-0.00782	0.64772	0.00369	1	0.06605	-0.01319	0.68183	0.00367	1	1.45898	0.81042	0	
1275058	8598.95410	3306789135641	0.00000	0.00000	8598.78027	0.10059	12020	0	0.54517	0.30661	0	0.47940	0.49442	0	0.47940	0.49442	0	0.49176	0.52938	10.55191	1.03440	0	0.75273	0.55501	11.03890	1.03440	0	-0.00170	-0.00782	0.64772	0.00369	1	0.06605	-0.01319	0.68183	0.00367	1	1.45898	0.81042	0	
1275059	8598.96094	3306789205086	0.00000	0.00000	8598.78027	0.10059	12020	0	0.54517	0.30661	0	0.47940	0.49442	0	0.47940	0.49442	0	0.49176	0.52938	10.55191	1.03440	0	0.75273	0.55501	11.03890	1.03440	0	-0.00170	-0.00782	0.64772	0.00369	1	0.06605	-0.01319	0.68183	0.00367	1	1.45898	0.81042	0	
1275060	8598.96777	3306789269856	0.00000	0.00000	8598.78027	0.10059	12020	0	0.54517	0.30661	0	0.47940	0.49442	0	0.47940	0.49442	0	0.49176	0.52938	10.55191	1.03440	0	0.75273	0.55501	11.03890	1.03440	0	-0.00170	-0.00782	0.64772	0.00369	1	0.06605	-0.01319	0.68183	0.00367	1	1.45898	0.81042	0	
1275061	8598.97461	3306789338757	0.00000	0.00000	8598.78027	0.10059	12020	0	0.54517	0.30661	0	0.47940	0.49442	0	0.47940	0.49442	0	0.49176	0.52938	10.55191	1.03440	0	0.75273	0.55501	11.03890	1.03440	0	-0.00170	-0.00782	0.64772	0.00369	1	0.06605	-0.01319	0.68183	0.00367	1	1.45898	0.81042	0	
1275062	8598.98145	3306789406388	0.25643	0.20082	8598.78027	0.10059	12020	0	0.54600	0.31436	1	0.47974	0.48894	1	0.51287	0.40165	1	0.49036	0.53024	10.27934	1.04242	1	0.75132	0.55437	10.88050	1.04242	1	-0.00213	-0.00815	0.67521	0.00367	1	0.06586	-0.01311	0.68297	0.00380	1	1.45898	0.81042	0	
1275063	8598.98730	3306789472751	0.49603	0.40258	8598.78027	0.10059	12020	0	0.51970	0.44326	1	0.43869	0.36377	1	0.47920	0.40351	1	0.49041	0.53070	10.74757	1.05044	1	0.75130	0.55403	10.93227	1.05044	1	-0.00213	-0.00815	0.67521	0.00349	1	0.06586	-0.01311	0.68297	0.00365	1	1.45898	0.81042	0	
1275064	8598.99414	3306789539507	0.49193	0.41623	8598.78027	0.10059	12020	0	0.50460	0.43242	1	0.47106	0.42734	1	0.48783	0.42988	1	0.49026	0.53071	10.34949	1.05845	1	0.75127	0.55443	11.64771	1.05845	1	-0.00213	-0.00815	0.67521	0.00353	1	0.06586	-0.01311	0.68297	0.00335	1	1.45898	0.81042	0	
1275065	8599.00098	3306789606687	0.48498	0.41985	8598.78027	0.10059	12020	0	0.50460	0.43242	0	0.47107	0.42708	1	0.47107	0.42708	1	0.49026	0.53071	10.34949	1.06647	0	0.75129	0.55392	11.11543	1.05881	1	-0.00213	-0.00815	0.67521	0.00353	1	0.06340	-0.01265	0.65904	0.00351	1	1.45898	0.81042	0	
1275066	8599.00781	3306789673664	0.48498	0.41985	8598.98730	0.02051	12021	1	0.50460	0.43242	0	0.47107	0.42708	0	0.47107	0.42708	0	0.49026	0.53071	10.34949	1.05881	0	0.75129	0.55392	11.11543	1.05115	0	-0.00213	-0.00815	0.67521	0.00353	1	0.06340	-0.01265	0.65904	0.00351	1	1.45898	0.81042	0	
1275067	8599.01465	3306789740600	0.48498	0.41985	8598.98730	0.02734	12021	1	0.50460	0.43242	0	0.47107	0.42708	0	0.47107	0.42708	0	0.49026	0.53071	10.34949	1.05115	0	0.75129	0.55392	11.11543	1.04349	0	-0.00213	-0.00815	0.67521	0.00353	1	0.06340	-0.01265	0.65904	0.00351	1	1.45898	0.81042	0	
1275068	8599.02148	3306789807884	0.48498	0.41985	8598.98730	0.03418	12021	1	0.50460	0.43242	0	0.47107	0.42708	0	0.47107	0.42708	0	0.49026	0.53071	10.34949	1.04349	0	0.75129	0.55392	11.11543	1.03583	0	-0.00213	-0.00815	0.67521	0.00353	1	0.06340	-0.01265	0.65904	0.00351	1	1.45898	0.81042	0	
1275069	8599.02832	3306789874490	0.47945	0.42848	8598.98730	0.03418	12021	0	0.50460	0.43242	0	0.47107	0.42708	0	0.47107	0.42708	0	0.49026	0.53071	10.34949	1.03583	0	0.75129	0.55392	11.11543	1.03583	0	-0.00213	-0.00815	0.67521	0.00353	1	0.06340	-0.01265	0.65904	0.00351	1	1.45898	0.81042	0	
1275070	8599.03418	3306789941716	0.47945	0.42848	8598.98730	0.03418	12021	0	0.50460	0.43242	0	0.47107	0.42708	0	0.47107	0.42708	0	0.49026	0.53071	10.34949	1.03583	0	0.75129	0.55392	11.11543	1.03583	0	-0.00213	-0.00815	0.67521	0.00353	1	0.06340	-0.01265	0.65904	0.00351	1	1.45898	0.81042	0	
1275071	8599.04102	3306790008801	0.47945	0.42848	8598.98730	0.03418	12021	0	0.50460	0.43242	0	0.47107	0.42708	0	0.47107	0.42708	0	0.49026	0.53071	10.34949	1.03583	0	0.75129	0.55392	11.11543	1.03583	0	-0.00213	-0.00815	0.67521	0.00353	1	0.06340	-0.01265	0.65904	0.00351	1	1.45898	0.81042	0	
1275072	8599.04785	3306790075906	0.00000	0.00000	8598.98730	0.03418	12021	0	0.50460	0.43242	0	0.47107	0.42708	0	0.47107	0.42708	0	0.49026	0.53071	10.34949	1.03583	0	0.75129	0.55392	11.11543	1.03583	0	-0.00213	-0.00815	0.67521	0.00353	1	0.06340	-0.01265	0.65904	0.00351	1	1.45898	0.81042	0	
1275073	8599.05469	3306790142495	0.00000	0.00000	8598.98730	0.03418	12021	0	0.50460	0.43242	0	0.47107	0.42708	0	0.47107	0.42708	0	0.49026	0.53071	10.34949	1.03583	0	0.75129	0.55392	11.11543	1.03583	0	-0.00213	-0.00815	0.67521	0.00353	1	0.06340	-0.01265	0.65904	0.00351	1	1.45898	0.81042	0	
1275074	8599.06152	3306790209601	0.00000	0.00000	8598.98730	0.03418	12021	0	0.50460	0.43242	0	0.47107	0.42708	0	0.47107	0.42708	0	0.49026	0.53071	10.34949	1.03583	0	0.75129	0.55392	11.11543	1.03583	0	-0.00213	-0.00815	0.67521	0.00353	1	0.06340	-0.01265	0.65904	0.00351	1	1.45898	0.81042	0	
1275075	8599.06836	3306790276460	0.00000	0.00000	8598.98730	0.03418	12021	0	0.50460	0.43242	0	0.47107	0.42708	0	0.47107	0.42708	0	0.49026	0.53071	10.34949	1.03583	0	0.75129	0.55392	11.11543	1.03583	0	-0.00213	-0.00815	0.67521	0.00353	1	0.06340	-0.01265	0.65904	0.00351	1	1.45898	0.81042	0	
1275076	8599.07520	3306790343805	0.00000	0.00000	8598.98730	0.03418	12021	0	0.50460	0.43242	0	0.47107	0.42708	0	0.47107	0.42708	0	0.49026	0.53071	10.34949	1.03583	0	0.75129	0.55392	11.11543	1.03583	0	-0.00213	-0.00815	0.67521	0.00353	1	0.06340	-0.01265	0.65904	0.00351	1	1.45898	0.81042	0	
1275077	8599.08105	3306790409072	0.00000	0.00000	8598.98730	0.03418	12021	0	0.50460	0.43242	0	0.47107	0.42708	0	0.47107	0.42708	0	0.49026	0.53071	10.34949	1.03583	0	0.75129	0.55392	11.11543	1.03583	0	-0.00213	-0.00815	0.67521	0.00353	1	0.06340	-0.01265	0.65904	0.00351	1	1.45898	0.81042	0	
1275078	8599.08789	3306790477435	0.00000	0.00000	8598.98730	0.03418	12021	0	0.50460	0.43242	0	0.47107	0.42708	0	0.47107	0.42708	0	0.49026	0.53071	10.34949	1.03583	0	0.75129	0.55392	11.11543	1.03583	0	-0.00213	-0.00815	0.67521	0.00353	1	0.06340	-0.01265	0.65904	0.00351	1	1.45898	0.81042	0	
1275079	8599.09473	3306790542129	0.00000	0.00000	8598.98730	0.03418	12021	0	0.50460	0.43242	0	0.47107	0.42708	0	0.47107	0.42708	0	0.49026	0.53071	10.34949	1.03583	0	0.75129	0.55392	11.11543	1.03583	0	-0.00213	-0.00815	0.67521	0.00353	1	0.06340	-0.01265	0.65904	0.00351	1	1.45898	0.81042	0	
1275080	8599.10156	3306790611416	0.00000	0.00000	8598.98730	0.03418	12021	0	0.50460	0.43242	0	0.47107	0.42708	0	0.47107	0.42708	0	0.49026	0.53071	10.34949	1.03583	0	0.75129	0.55392	11.11543	1.03583	0	-0.00213	-0.00815	0.67521	0.00353	1	0.06340	-0.01265	0.65904	0.00351	1	1.45898	0.81042	0	
1275081	8599.10840	3306790678264	0.38273	0.15523	8598.98730	0.03418	12021	0	0.50460	0.43242	0	0.38273	0.15523	1	0.38273	0.15523	1	0.49026	0.53071	10.34949	1.03583	0	0.48971	0.52792	10.00213	1.03583	1	-0.00213	-0.00815	0.67521	0.00353	1	0.06340	-0.01265	0.65904	0.00213	1	1.45898	0.81042	0	
1275082	8599.11523	3306790745313	0.38754	0.14666	8598.98730	0.03418	12021	0	0.50460	0.43242	0	0.39234	0.13808	1	0.39234	0.13808	1	0.49026	0.53071	10.34949	1.03583	0	0.48972	0.52777	10.30816	1.03583	1	-0.00213	-0.00815	0.67521	0.00353	1	0.06340	-0.01265	0.65904	0.00210	1	1.45898	0.81042	0	
1275083	8599.12207	3306790812515	0.38904	0.14120	8598.98730	0.03418	12021	0	0.50460	0.43242	0	0.39205	0.13029	1	0.39205	0.13029	1	0.49026	0.53071	10.34949	1.03583	0	0.48957	0.52754	10.00622	1.04349	1	-0.00213	-0.00815	0.67521	0.00353	1	-0.00236	-0.00811	0.68469	0.00201	1	1.45898	0.81042	0	
1275084	8599.12891	3306790879408	0.38400	0.13982	8599.10840	0.02051	12022	1	0.50460	0.43242	0	0.36886	0.13567	1	0.36886	0.13567	1	0.49026	0.53071	10.34949	1.04349	0	0.48941	0.52787	10.34030	1.05115	1	-0.00213	-0.00815	0.67521	0.00353	1	-0.00236	-0.00811	0.68469	0.00210	1	1.45898	0.81042	0	
1275085	8599.13477	3306790944119	0.38111	0.13606	8599.10840	0.02637	12022	1	0.50460	0.43242	0	0.36958	0.12100	1	0.36958	0.12100	1	0.49026	0.53071	10.34949	1.05115	0	0.48936	0.52774	9.96474	1.05881	1	-0.00213	-0.00815	0.67521	0.00353	1	-0.00236	-0.00811	0.68469	0.00209	1	1.45898	0.81042	0	
1275086	8599.14160	3306791010711	0.37912	0.13226	8599.10840	0.03320	12022	1	0.50460	0.43242	0	0.36913	0.11327	1	0.36913	0.11327	1	0.49026	0.53071	10.34949	1.05881	0	0.48939	0.52784	10.40119	1.06647	1	-0.00213	-0.00815	0.67521	0.00353	1	-0.00236	-0.00806	0.68469	0.00207	1	1.45898	0.81042	0	
1275087	8599.14844	3306791078237	0.37785	0.12820	8599.10840	0.04004	12022	1	0.50460	0.43242	0	0.37025	0.10381	1	0.37025	0.10381	1	0.49026	0.53071	10.34949	1.06647	0	0.48939	0.52772	10.66317	1.06647	1	-0.00213	-0.00815	0.67521	0.00353	1	-0.00236	-0.00806	0.68469	0.00208	1	1.45898	0.81042	0	
1275088	8599.15527	3306791145916	0.37644	0.12556	8599.10840	0.04688	12022	1	0.50460	0.43242	0	0.36660	0.10712	1	0.36660	0.10712	1	0.49026	0.53071	10.34949	1.06647	0	0.48939	0.52784	10.40119	1.06647	1	-0.00213	-0.00815	0.67521	0.00353	1	-0.00236	-0.00806	0.68469	0.00207	1	1.45898	0.81042	0	
1275089	8599.16211	3306791214336	0.37540	0.12438	8599.10840	0.05371	12022	1	0.50460	0.43242	0	0.36706	0.11489	1	0.36706	0.11489	1	0.49026	0.53071	10.34949	1.06647	0	0.48941	0.52769	10.73961	1.05881	1	-0.00213	-0.00815	0.67521	0.00353	1	-0.00230	-0.00774	0.65326	0.00205	1	1.45898	0.81042	0	
1275090	8599.16797	3306791277992	0.37450	0.12560	8599.10840	0.05957	12022	1	0.50460	0.43242	0	0.36637	0.13664	1	0.36637	0.13664	1	0.49026	0.53071	10.34949	1.05881	0	0.48941	0.52786	9.97332	1.05115	1	-0.00213	-0.00815	0.67521	0.00353	1	-0.00230	-0.00774	0.65326	0.00208	1	1.45898	0.81042	0	
1275091	8599.17480	3306791344736	0.37362	0.12638	8599.10840	0.06641	12022	1	0.50460	0.43242	0	0.36485	0.13419	1	0.36485	0.13419	1	0.49026	0.53071	10.34949	1.05115	0	0.48944	0.52789	10.26260	1.04349	1	-0.00213	-0.00815	0.67521	0.00353	1	-0.00230	-0.00774	0.65326	0.00202	1	1.45898	0.81042	0	
1275092	8599.18164	3306791416287	0.37293	0.12768	8599.10840	0.07324	12022	1	0.50460	0.43242	0	0.36533	0.14194	1	0.36533	0.14194	1	0.49026	0.53071	10.34949	1.04349	0	0.48940	0.52788	10.37670	1.03583	1	-0.00213	-0.00815	0.67521	0.00353	1	-0.00230	-0.00774	0.65326	0.00199	1	1.45898	0.81042	0	
1275093	8599.18848	3306791482817	0.37286	0.12822	8599.10840	0.08008	12022	1	0.50460	0.43242	0	0.37195	0.13466	1	0.37195	0.13466	1	0.49026	0.53071	10.34949	1.03583	0	0.48943	0.52768	10.03467	1.03583	1	-0.00213	-0.00815	0.67521	0.00353	1	-0.00230	-0.00774	0.65326	0.00204	1	1.45898	0.81042	0	
1275094	8599.19531	3306791550049	0.37264	0.12998	8599.10840	0.08691	12022	1	0.50460	0.43242	0	0.36979	0.15297	1	0.36979	0.15297	1	0.49026	0.53071	10.34949	1.03583	0	0.48933	0.52781	10.08743	1.03583	1	-0.00213	-0.00815	0.67521	0.00353	1	-0.00230	-0.00774	0.65326	0.00208	1	1.45898	0.81042	0	
1275095	8599.20215	3306791617390	0.37242	0.13100	8599.10840	0.09375	12022	1	0.50460	0.43242	0	0.36934	0.14530	1	0.36934	0.14530	1	0.49026	0.53071	10.34949	1.03583	0	0.48940	0.52777	10.56415	1.04349	1	-0.00213	-0.00815	0.67521	0.00353	1	-0.00236	-0.00811	0.68469	0.00207	1	1.45898	0.81042	0	
1275096	8599.20898	3306791683220	0.37196	0.13408	8599.10840	0.10059	12022	1	0.50460	0.43242	0	0.36513	0.18015	1	0.36513	0.18015	1	0.49026	0.53071	10.34949	1.04349	0	0.48933	0.52782	10.59483	1.05115	1	-0.00213	-0.00815	0.67521	0.00353	1	-0.00236	-0.00811	0.68469	0.00204	1	1.45898	0.81042	0	
1275097	8599.21582	3306791750301	0.37150	0.13634	8599.10840	0.10742	12022	1	0.50460	0.43242	0	0.36413	0.17259	1	0.36413	0.17259	1	0.49026	0.53071	10.34949	1.05115	0	0.48938	0.52784	10.49352	1.05881	1	-0.00213	-0.00815	0.67521	0.00353	1	-0.00236	-0.00811	0.68469	0.00202	1	1.45898	0.81042	0	
1275098	8599.22266	3306791816966	0.37106	0.13795	8599.10840	0.11426	12022	1	0.50460	0.43242	0	0.36365	0.16523	1	0.36365	0.16523	1	0.49026	0.53071	10.34949	1.05881	0	0.48942	0.52760	10.13620	1.06647	1	-0.00213	-0.00815	0.67521	0.00353	1	-0.00236	-0.00811	0.68469	0.00207	1	1.45898	0.81042	0	
1275099	8599.22852	3306791884064	0.37151	0.13947	8599.10840	0.12012	12022	1	0.50460	0.43242	0	0.37955	0.16683	1	0.37955	0.16683	1	0.49026	0.53071	10.34949	1.06647	0	0.48951	0.52773	10.40767	1.06647	1	-0.00213	-0.00815	0.67521	0.00353	1	-0.00236	-0.00811	0.68469	0.00207	1	1.45898	0.81042	0	
1275100	8599.23535	3306791951230	0.37233	0.14968	8599.10840	0.12695	12022	1	0.50460	0.43242	0	0.38789	0.34377	1	0.38789	0.34377	1	0.49026	0.53071	10.34949	1.06647	0	0.48983	0.52992	10.03587	1.06647	1	-0.00213	-0.00815	0.67521	0.00353	1	-0.00236	-0.00811	0.68469	0.00338	1	1.45898	0.81042	0	
1275101	8599.24219	3306792018244	0.37132	0.18484	8599.10840	0.12695	12022	0	0.50460	0.43242	0	0.38789	0.34377	1	0.38789	0.34377	1	0.49026	0.53071	10.34949	1.06647	0	0.48966	0.52780	10.19574	1.06647	1	-0.00213	-0.00815	0.67521	0.00353	1	-0.00236	-0.00811	0.68469	0.00199	1	1.45898	0.81042	0	
1275102	8599.24902	3306792084654	0.37270	0.15826	8599.10840	0.12695	12022	0	0.50460	0.43242	0	0.37408	0.13168	1	0.37408	0.13168	1	0.49026	0.53071	10.34949	1.06647	0	0.48962	0.52753	9.86012	1.06647	1	-0.00213	-0.00815	0.67521	0.00353	1	-0.00236	-0.00811	0.68469	0.00205	1	1.45898	0.81042	0	
1275103	8599.25586	3306792152379	0.37555	0.23250	8599.10840	0.12695	12022	0	0.50460	0.43242	0	0.38124	0.38098	1	0.38124	0.38098	1	0.49026	0.53071	10.34949	1.06647	0	0.48974	0.52958	9.90953	1.06647	1	-0.00213	-0.00815	0.67521	0.00353	1	-0.00236	-0.00811	0.68469	0.00339	1	1.45898	0.81042	0	
1275104	8599.26270	3306792219101	0.37885	0.29788	8599.10840	0.12695	12022	0	0.50460	0.43242	0	0.38124	0.38098	1	0.38124	0.38098	1	0.49026	0.53071	10.34949	1.06647	0	0.48978	0.52735	10.62766	1.06647	1	-0.00213	-0.00815	0.67521	0.00353	1	-0.00236	-0.00811	0.68469	0.00208	1	1.45898	0.81042	0	
1275105	8599.26953	3306792286950	0.38521	0.23322	8599.10840	0.12695	12022	0	0.50460	0.43242	0	0.39156	0.16856	1	0.39156	0.16856	1	0.49026	0.53071	10.34949	1.06647	0	0.48978	0.52757	10.07831	1.06647	1	-0.00213	-0.00815	0.67521	0.00353	1	-0.00236	-0.00811	0.68469	0.00208	1	1.45898	0.81042	0	
1275106	8599.27539	3306792353040	0.42134	0.27490	8599.10840	0.12695	12022	0	0.51980	0.23436	1	0.46738	0.48214	1	0.49359	0.35825	1	0.48988	0.52747	9.91168	1.06647	1	0.75096	0.55433	10.60703	1.06647	1	-0.00213	-0.00815	0.67521	0.00205	1	-0.00236	-0.00811	0.68469	0.00371	1	1.45898	0.81042	0	
1275107	8599.28223	3306792419693	0.43940	0.29573	8599.26270	0.01953	12023	1	0.51980	0.23436	1	0.46738	0.48214	1	0.49359	0.35825	1	0.48997	0.52730	9.91732	1.06647	1	0.75103	0.55373	10.14470	1.06647	1	-0.00236	-0.00806	0.68469	0.00204	1	0.06400	-0.01263	0.66578	0.00368	1	1.45898	0.81042	0	
1275108	8599.28906	3306792486899	0.45060	0.30296	8599.26270	0.02637	12023	1	0.52459	0.20784	1	0.46621	0.45586	1	0.49540	0.33185	1	0.48997	0.52730	9.91732	1.06647	1	0.75085	0.55396	10.29962	1.06647	1	-0.00236	-0.00806	0.68469	0.00204	1	0.06400	-0.01263	0.66578	0.00363	1	1.45898	0.81042	0	
1275109	8599.29590	3306792552095	0.45550	0.30646	8599.26270	0.03320	12023	1	0.49181	0.20046	1	0.46816	0.44751	1	0.47998	0.32398	1	0.48988	0.52725	9.91474	1.06647	1	0.75091	0.55378	10.05243	1.06647	1	-0.00236	-0.00806	0.68469	0.00209	1	0.06400	-0.01263	0.66578	0.00365	1	1.45898	0.81042	0	
1275110	8599.30273	3306792621059	0.45903	0.31028	8599.26270	0.04004	12023	1	0.49285	0.20784	1	0.46768	0.45858	1	0.48026	0.33321	1	0.49007	0.52728	9.86856	1.05845	1	0.75144	0.55390	11.03908	1.05079	1	-0.00224	-0.00777	0.66440	0.00211	1	0.06384	-0.01252	0.66263	0.00366	1	1.45898	0.81042	0	
1275111	8599.30957	3306792687910	0.46294	0.31338	8599.26270	0.04688	12023	1	0.48636	0.23128	1	0.49419	0.43880	1	0.49027	0.33504	1	0.49007	0.52728	9.86856	1.04278	1	0.75136	0.55338	10.77874	1.03512	1	-0.00224	-0.00777	0.66440	0.00211	1	0.06384	-0.01252	0.66263	0.00378	1	1.45898	0.81042	0	
1275112	8599.31641	3306792754648	0.46547	0.31975	8599.26270	0.05371	12023	1	0.48692	0.24350	1	0.48451	0.49793	1	0.48571	0.37072	1	0.48998	0.52715	10.15837	1.02710	1	0.75128	0.55394	10.95298	1.01944	1	-0.00224	-0.00777	0.66440	0.00211	1	0.06384	-0.01252	0.66263	0.00358	1	1.45898	0.81042	0	
1275113	8599.32227	3306792821935	0.46751	0.32447	8599.26270	0.05957	12023	1	0.48672	0.24220	1	0.48494	0.49165	1	0.48583	0.36693	1	0.49013	0.52691	10.26662	1.02853	1	0.75122	0.55402	10.24066	1.02853	1	-0.00232	-0.00837	0.71985	0.00208	1	0.06586	-0.01291	0.68297	0.00364	1	1.45898	0.81042	0	
1275114	8599.32910	3306792888644	0.46872	0.32383	8599.26270	0.06641	12023	1	0.48873	0.19705	1	0.47291	0.43796	1	0.48082	0.31750	1	0.49007	0.52690	10.28318	1.04563	1	0.75139	0.55366	10.73379	1.05329	1	-0.00232	-0.00837	0.71985	0.00204	1	0.06586	-0.01291	0.68297	0.00363	1	1.45898	0.81042	0	
1275115	8599.33594	3306792955635	0.46815	0.33135	8599.26270	0.07324	12023	1	0.48873	0.19705	0	0.46193	0.41398	1	0.46193	0.41398	1	0.49007	0.52690	10.28318	1.07039	0	0.75116	0.55367	10.85425	1.07805	1	-0.00232	-0.00837	0.71985	0.00204	1	0.06586	-0.01291	0.68297	0.00375	1	1.45898	0.81042	0	
1275116	8599.34277	3306793022962	0.46815	0.33135	8599.26270	0.08008	12023	1	0.48873	0.19705	0	0.46193	0.41398	0	0.46193	0.41398	0	0.49007	0.52690	10.28318	1.09515	0	0.75116	0.55367	10.85425	1.10281	0	-0.00232	-0.00837	0.71985	0.00204	1	0.06586	-0.01291	0.68297	0.00375	1	1.45898	0.81042	0	
1275117	8599.34961	3306793086738	0.46815	0.33135	8599.26270	0.08691	12023	1	0.48873	0.19705	0	0.46193	0.41398	0	0.46193	0.41398	0	0.49007	0.52690	10.28318	1.10281	0	0.75116	0.55367	10.85425	1.10281	0	-0.00232	-0.00837	0.71985	0.00204	1	0.06586	-0.01291	0.68297	0.00375	1	1.45898	0.81042	0	
1275118	8599.35645	3306793156994	0.46815	0.33135	8599.26270	0.09375	12023	1	0.48873	0.19705	0	0.46193	0.41398	0	0.46193	0.41398	0	0.49007	0.52690	10.28318	1.10281	0	0.75116	0.55367	10.85425	1.10281	0	-0.00232	-0.00837	0.71985	0.00204	1	0.06586	-0.01291	0.68297	0.00375	1	1.45898	0.81042	0	
1275119	8599.36328	3306793223649	0.47627	0.33439	8599.26270	0.09375	12023	0	0.48873	0.19705	0	0.46193	0.41398	0	0.46193	0.41398	0	0.49007	0.52690	10.28318	1.10281	0	0.75116	0.55367	10.85425	1.10281	0	-0.00232	-0.00837	0.71985	0.00204	1	0.06586	-0.01291	0.68297	0.00375	1	1.45898	0.81042	0	
1275120	8599.36914	3306793288610	0.47627	0.33439	8599.26270	0.09375	12023	0	0.48873	0.19705	0	0.46193	0.41398	0	0.46193	0.41398	0	0.49007	0.52690	10.28318	1.10281	0	0.75116	0.55367	10.85425	1.10281	0	-0.00232	-0.00837	0.71985	0.00204	1	0.06586	-0.01291	0.68297	0.00375	1	1.45898	0.81042	0	
1275121	8599.37598	3306793353022	0.47627	0.33439	8599.26270	0.09375	12023	0	0.48873	0.19705	0	0.46193	0.41398	0	0.46193	0.41398	0	0.49007	0.52690	10.28318	1.10281	0	0.75116	0.55367	10.85425	1.10281	0	-0.00232	-0.00837	0.71985	0.00204	1	0.06586	-0.01291	0.68297	0.00375	1	1.45898	0.81042	0	
1275122	8599.38281	3306793422208	0.00000	0.00000	8599.26270	0.09375	12023	0	0.48873	0.19705	0	0.46193	0.41398	0	0.46193	0.41398	0	0.49007	0.52690	10.28318	1.10281	0	0.75116	0.55367	10.85425	1.10281	0	-0.00232	-0.00837	0.71985	0.00204	1	0.06586	-0.01291	0.68297	0.00375	1	1.45898	0.81042	0	
1275123	8599.38965	3306793488428	0.00000	0.00000	8599.26270	0.09375	12023	0	0.48873	0.19705	0	0.46193	0.41398	0	0.46193	0.41398	0	0.49007	0.52690	10.28318	1.10281	0	0.75116	0.55367	10.85425	1.10281	0	-0.00232	-0.00837	0.71985	0.00204	1	0.06586	-0.01291	0.68297	0.00375	1	1.45898	0.81042	0	
1275124	8599.39648	3306793556209	0.00000	0.00000	8599.26270	0.09375	12023	0	0.48873	0.19705	0	0.46193	0.41398	0	0.46193	0.41398	0	0.49007	0.52690	10.28318	1.10281	0	0.75116	0.55367	10.85425	1.10281	0	-0.00232	-0.00837	0.71985	0.00204	1	0.06586	-0.01291	0.68297	0.00375	1	1.45898	0.81042	0	
1275125	8599.40234	3306793623123	0.00000	0.00000	8599.26270	0.09375	12023	0	0.48873	0.19705	0	0.46193	0.41398	0	0.46193	0.41398	0	0.49007	0.52690	10.28318	1.10281	0	0.75116	0.55367	10.85425	1.10281	0	-0.00232	-0.00837	0.71985	0.00204	1	0.06586	-0.01291	0.68297	0.00375	1	1.45898	0.81042	0	
1275126	8599.41016	3306793692110	0.00000	0.00000	8599.26270	0.09375	12023	0	0.48873	0.19705	0	0.46193	0.41398	0	0.46193	0.41398	0	0.49007	0.52690	10.28318	1.10281	0	0.75116	0.55367	10.85425	1.10281	0	-0.00232	-0.00837	0.71985	0.00204	1	0.06586	-0.01291	0.68297	0.00375	1	1.45898	0.81042	0	
1275127	8599.41602	3306793759423	0.00000	0.00000	8599.26270	0.09375	12023	0	0.48873	0.19705	0	0.46193	0.41398	0	0.46193	0.41398	0	0.49007	0.52690	10.28318	1.10281	0	0.75116	0.55367	10.85425	1.10281	0	-0.00232	-0.00837	0.71985	0.00204	1	0.06586	-0.01291	0.68297	0.00375	1	1.45898	0.81042	0	
1275128	8599.42285	3306793827467	0.46235	0.40150	8599.26270	0.09375	12023	0	0.48873	0.19705	0	0.46235	0.40150	1	0.46235	0.40150	1	0.49007	0.52690	10.28318	1.10281	0	0.75169	0.55390	10.54691	1.09515	1	-0.00232	-0.00837	0.71985	0.00204	1	0.06301	-0.01232	0.65193	0.00355	1	1.45898	0.81042	0	
1275129	8599.42969	3306793893415	0.46235	0.40150	8599.26270	0.09375	12023	0	0.48873	0.19705	0	0.46235	0.40150	0	0.46235	0.40150	0	0.49007	0.52690	10.28318	1.09515	0	0.75169	0.55390	10.54691	1.08749	0	-0.00232	-0.00837	0.71985	0.00204	1	0.06301	-0.01232	0.65193	0.00355	1	1.45898	0.81042	0	
1275130	8599.43652	3306793961005	0.46533	0.41756	8599.26270	0.09375	12023	0	0.48873	0.19705	0	0.46832	0.43362	1	0.46832	0.43362	1	0.49007	0.52690	10.28318	1.08749	0	0.75173	0.55391	10.33670	1.07983	1	-0.00232	-0.00837	0.71985	0.00204	1	0.06301	-0.01232	0.65193	0.00353	1	1.45898	0.81042	0	
1275131	8599.44336	3306794028383	0.46533	0.41756	8599.42285	0.02051	12024	1	0.48873	0.19705	0	0.46832	0.43362	0	0.46832	0.43362	0	0.49007	0.52690	10.28318	1.07983	0	0.75173	0.55391	10.33670	1.07218	0	-0.00232	-0.00837	0.71985	0.00204	1	0.06301	-0.01232	0.65193	0.00353	1	1.45898	0.81042	0	
1275132	8599.45020	3306794094434	0.46533	0.41756	8599.42285	0.02734	12024	1	0.48873	0.19705	0	0.46832	0.43362	0	0.46832	0.43362	0	0.49007	0.52690	10.28318	1.07218	0	0.75173	0.55391	10.33670	1.07218	0	-0.00232	-0.00837	0.71985	0.00204	1	0.06301	-0.01232	0.65193	0.00353	1	1.45898	0.81042	0	
1275133	8599.45703	3306794161123	0.46533	0.41756	8599.42285	0.03418	12024	1	0.48873	0.19705	0	0.46832	0.43362	0	0.46832	0.43362	0	0.49007	0.52690	10.28318	1.07218	0	0.75173	0.55391	10.33670	1.07218	0	-0.00232	-0.00837	0.71985	0.00204	1	0.06301	-0.01232	0.65193	0.00353	1	1.45898	0.81042	0	
1275134	8599.46289	3306794228448	0.46832	0.43362	8599.42285	0.03418	12024	0	0.48873	0.19705	0	0.46832	0.43362	0	0.46832	0.43362	0	0.49007	0.52690	10.28318	1.07218	0	0.75173	0.55391	10.33670	1.07218	0	-0.00232	-0.00837	0.71985	0.00204	1	0.06301	-0.01232	0.65193	0.00353	1	1.45898	0.81042	0	
1275135	8599.46973	3306794295450	0.46832	0.43362	8599.42285	0.03418	12024	0	0.48873	0.19705	0	0.46832	0.43362	0	0.46832	0.43362	0	0.49007	0.52690	10.28318	1.07218	0	0.75173	0.55391	10.33670	1.07218	0	-0.00232	-0.00837	0.71985	0.00204	1	0.06301	-0.01232	0.65193	0.00353	1	1.45898	0.81042	0	
1275136	8599.47656	3306794362237	0.46832	0.43362	8599.42285	0.03418	12024	0	0.48873	0.19705	0	0.46832	0.43362	0	0.46832	0.43362	0	0.49007	0.52690	10.28318	1.07218	0	0.75173	0.55391	10.33670	1.07218	0	-0.00232	-0.00837	0.71985	0.00204	1	0.06301	-0.01232	0.65193	0.00353	1	1.45898	0.81042	0	
1275137	8599.48340	3306794429508	0.00000	0.00000	8599.42285	0.03418	12024	0	0.48873	0.19705	0	0.46832	0.43362	0	0.46832	0.43362	0	0.49007	0.52690	10.28318	1.07218	0	0.75173	0.55391	10.33670	1.07218	0	-0.00232	-0.00837	0.71985	0.00204	1	0.06301	-0.01232	0.65193	0.00353	1	1.45898	0.81042	0	
1275138	8599.49023	3306794496320	0.00000	0.00000	8599.42285	0.03418	12024	0	0.48873	0.19705	0	0.46832	0.43362	0	0.46832	0.43362	0	0.49007	0.52690	10.28318	1.07218	0	0.75173	0.55391	10.33670	1.07218	0	-0.00232	-0.00837	0.71985	0.00204	1	0.06301	-0.01232	0.65193	0.00353	1	1.45898	0.81042	0	
1275139	8599.49707	3306794563441	0.00000	0.00000	8599.42285	0.03418	12024	0	0.48873	0.19705	0	0.46832	0.43362	0	0.46832	0.43362	0	0.49007	0.52690	10.28318	1.07218	0	0.75173	0.55391	10.33670	1.07218	0	-0.00232	-0.00837	0.71985	0.00204	1	0.06301	-0.01232	0.65193	0.00353	1	1.45898	0.81042	0	
1275140	8599.50391	3306794630692	0.46832	0.43362	8599.42285	0.03418	12024	0	0.48873	0.19705	0	0.46832	0.43362	1	0.46832	0.43362	1	0.49007	0.52690	10.28318	1.07218	0	0.49075	0.52705	10.00080	1.07983	1	-0.00232	-0.00837	0.71985	0.00204	1	-0.00215	-0.00789	0.68346	0.00203	1	1.45898	0.81042	0	
1275141	8599.50977	3306794697535	0.43269	0.27181	8599.42285	0.03418	12024	0	0.48873	0.19705	0	0.39705	0.11000	1	0.39705	0.11000	1	0.49007	0.52690	10.28318	1.07983	0	0.49069	0.52703	9.92044	1.08749	1	-0.00232	-0.00837	0.71985	0.00204	1	-0.00215	-0.00789	0.68346	0.00211	1	1.45898	0.81042	0	
1275142	8599.51660	3306794764256	0.42232	0.22662	8599.42285	0.03418	12024	0	0.48873	0.19705	0	0.40159	0.13623	1	0.40159	0.13623	1	0.49007	0.52690	10.28318	1.08749	0	0.49073	0.52691	10.23341	1.09515	1	-0.00232	-0.00837	0.71985	0.00204	1	-0.00215	-0.00789	0.68346	0.00207	1	1.45898	0.81042	0	
1275143	8599.52344	3306794831025	0.40000	0.12503	8599.42285	0.03418	12024	0	0.48873	0.19705	0	0.40137	0.12884	1	0.40137	0.12884	1	0.49007	0.52690	10.28318	1.09515	0	0.49057	0.52703	10.43234	1.10281	1	-0.00232	-0.00837	0.71985	0.00204	1	-0.00215	-0.00789	0.68346	0.00201	1	1.45898	0.81042	0	
1275144	8599.53027	3306794896286	0.39168	0.10791	8599.42285	0.03418	12024	0	0.48873	0.19705	0	0.38335	0.09080	1	0.38335	0.09080	1	0.49007	0.52690	10.28318	1.10281	0	0.49050	0.52684	10.58960	1.10281	1	-0.00232	-0.00837	0.71985	0.00204	1	-0.00215	-0.00789	0.68346	0.00204	1	1.45898	0.81042	0	
1275145	8599.53711	3306794961401	0.38691	0.09613	8599.42285	0.03418	12024	0	0.48873	0.19705	0	0.37737	0.07256	1	0.37737	0.07256	1	0.49007	0.52690	10.28318	1.10281	0	0.49035	0.52687	10.44463	1.10281	1	-0.00232	-0.00837	0.71985	0.00204	1	-0.00215	-0.00789	0.68346	0.00197	1	1.45898	0.81042	0	
1275146	8599.54297	3306795028675	0.38452	0.09024	8599.52344	0.01953	12025	1	0.48873	0.19705	0	0.37737	0.07256	1	0.37737	0.07256	1	0.49007	0.52690	10.28318	1.10281	0	0.49035	0.52689	10.34974	1.10281	1	-0.00232	-0.00837	0.71985	0.00204	1	-0.00215	-0.00789	0.68346	0.00199	1	1.45898	0.81042	0	
1275147	8599.54980	3306795098010	0.38178	0.08811	8599.52344	0.02637	12025	1	0.48873	0.19705	0	0.37080	0.07962	1	0.37080	0.07962	1	0.49007	0.52690	10.28318	1.10281	0	0.49028	0.52692	10.32812	1.10281	1	-0.00232	-0.00837	0.71985	0.00204	1	-0.00215	-0.00789	0.68346	0.00202	1	1.45898	0.81042	0	
1275148	8599.55664	3306795164749	0.37911	0.08821	8599.52344	0.03320	12025	1	0.48873	0.19705	0	0.36579	0.08870	1	0.36579	0.08870	1	0.49007	0.52690	10.28318	1.10281	0	0.49026	0.52693	10.32691	1.10281	1	-0.00232	-0.00837	0.71985	0.00204	1	-0.00215	-0.00789	0.68346	0.00202	1	1.45898	0.81042	0	
1275149	8599.56348	3306795229011	0.37721	0.08828	8599.52344	0.04004	12025	1	0.48873	0.19705	0	0.36579	0.08870	1	0.36579	0.08870	1	0.49007	0.52690	10.28318	1.10281	0	0.49016	0.52698	10.38709	1.10281	1	-0.00232	-0.00837	0.71985	0.00204	1	-0.00213	-0.00785	0.67521	0.00196	1	1.45898	0.81042	0	
1275150	8599.57031	3306795297292	0.37648	0.08910	8599.52344	0.04688	12025	1	0.48873	0.19705	0	0.37136	0.09484	1	0.37136	0.09484	1	0.49007	0.52690	10.28318	1.10281	0	0.49020	0.52713	9.96722	1.10281	1	-0.00232	-0.00837	0.71985	0.00204	1	-0.00213	-0.00785	0.67521	0.00201	1	1.45898	0.81042	0	
1275151	8599.57715	3306795364280	0.37628	0.08929	8599.52344	0.05371	12025	1	0.48873	0.19705	0	0.37472	0.09079	1	0.37472	0.09079	1	0.49007	0.52690	10.28318	1.10281	0	0.49020	0.52687	9.99911	1.10281	1	-0.00232	-0.00837	0.71985	0.00204	1	-0.00213	-0.00785	0.67521	0.00202	1	1.45898	0.81042	0	
1275152	8599.58301	3306795430113	0.37608	0.08858	8599.52344	0.05957	12025	1	0.48873	0.19705	0	0.37428	0.08215	1	0.37428	0.08215	1	0.49007	0.52690	10.28318	1.10281	0	0.49012	0.52707	9.72369	1.11149	1	-0.00232	-0.00837	0.71985	0.00204	1	-0.00221	-0.00800	0.68416	0.00202	1	1.45898	0.81042	0	
1275153	8599.59082	3306795501311	0.37611	0.08768	8599.52344	0.06738	12025	1	0.48873	0.19705	0	0.37639	0.07876	1	0.37639	0.07876	1	0.49007	0.52690	10.28318	1.11149	0	0.49023	0.52705	9.83197	1.12017	1	-0.00232	-0.00837	0.71985	0.00204	1	-0.00221	-0.00800	0.68416	0.00202	1	1.45898	0.81042	0	
1275154	8599.59766	3306795569965	0.37567	0.08647	8599.52344	0.07422	12025	1	0.48873	0.19705	0	0.37079	0.07311	1	0.37079	0.07311	1	0.49007	0.52690	10.28318	1.12017	0	0.49023	0.52711	10.00037	1.12885	1	-0.00232	-0.00837	0.71985	0.00204	1	-0.00221	-0.00800	0.68416	0.00206	1	1.45898	0.81042	0	
1275155	8599.60352	3306795634633	0.37529	0.08544	8599.52344	0.08008	12025	1	0.48873	0.19705	0	0.37079	0.07311	1	0.37079	0.07311	1	0.49007	0.52690	10.28318	1.12885	0	0.49013	0.52729	9.89433	1.12885	1	-0.00232	-0.00837	0.71985	0.00204	1	-0.00227	-0.00805	0.68827	0.00205	1	1.45898	0.81042	0	
1275156	8599.61035	3306795702190	0.37663	0.08699	8599.52344	0.08691	12025	1	0.48873	0.19705	0	0.39400	0.10715	1	0.39400	0.10715	1	0.49007	0.52690	10.28318	1.12885	0	0.49013	0.52729	9.89433	1.12017	1	-0.00232	-0.00837	0.71985	0.00204	1	-0.00227	-0.00805	0.68827	0.00205	1	1.45898	0.81042	0	
1275157	8599.61719	3306795769633	0.37747	0.08702	8599.52344	0.09375	12025	1	0.48873	0.19705	0	0.38927	0.08745	1	0.38927	0.08745	1	0.49007	0.52690	10.28318	1.12017	0	0.49017	0.52724	10.06518	1.11149	1	-0.00232	-0.00837	0.71985	0.00204	1	-0.00227	-0.00805	0.68827	0.00207	1	1.45898	0.81042	0	
1275158	8599.62402	3306795835663	0.37823	0.08759	8599.52344	0.10059	12025	1	0.48873	0.19705	0	0.38960	0.09607	1	0.38960	0.09607	1	0.49007	0.52690	10.28318	1.11149	0	0.49014	0.52713	10.39005	1.10281	1	-0.00232	-0.00837	0.71985	0.00204	1	-0.00226	-0.00811	0.68444	0.00205	1	1.45898	0.81042	0	
1275159	8599.63086	3306795903230	0.38044	0.09036	8599.52344	0.10742	12025	1	0.48873	0.19705	0	0.41574	0.13469	1	0.41574	0.13469	1	0.49007	0.52690	10.28318	1.10281	0	0.49013	0.52734	10.01263	1.10281	1	-0.00232	-0.00837	0.71985	0.00204	1	-0.00226	-0.00811	0.68444	0.00204	1	1.45898	0.81042	0	
1275160	8599.63770	3306795969952	0.38015	0.09106	8599.52344	0.11426	12025	1	0.48873	0.19705	0	0.37536	0.10301	1	0.37536	0.10301	1	0.49007	0.52690	10.28318	1.10281	0	0.48990	0.52711	10.07831	1.10281	1	-0.00232	-0.00837	0.71985	0.00204	1	-0.00226	-0.00811	0.68444	0.00208	1	1.45898	0.81042	0	
1275161	8599.64453	3306796037091	0.37990	0.09169	8599.52344	0.12109	12025	1	0.48873	0.19705	0	0.37536	0.10301	1	0.37536	0.10301	1	0.49007	0.52690	10.28318	1.10281	0	0.48990	0.52711	10.07831	1.10281	1	-0.00232	-0.00837	0.71985	0.00204	1	-0.00227	-0.00810	0.68829	0.00208	1	1.45898	0.81042	0	
1275162	8599.65137	3306796103943	0.38107	0.09261	8599.52344	0.12793	12025	1	0.48873	0.19705	0	0.40321	0.11013	1	0.40321	0.11013	1	0.49007	0.52690	10.28318	1.10281	0	0.48998	0.52707	10.71133	1.10281	1	-0.00232	-0.00837	0.71985	0.00204	1	-0.00227	-0.00810	0.68829	0.00206	1	1.45898	0.81042	0	
1275163	8599.65723	3306796170753	0.38218	0.09300	8599.52344	0.13379	12025	1	0.48873	0.19705	0	0.40441	0.10070	1	0.40441	0.10070	1	0.49007	0.52690	10.28318	1.10281	0	0.49003	0.52706	10.61553	1.10281	1	-0.00232	-0.00837	0.71985	0.00204	1	-0.00227	-0.00810	0.68829	0.00208	1	1.45898	0.81042	0	
1275164	8599.66406	3306796238819	0.38318	0.09296	8599.52344	0.14062	12025	1	0.48873	0.19705	0	0.40419	0.09210	1	0.40419	0.09210	1	0.49007	0.52690	10.28318	1.10281	0	0.48980	0.52715	10.32676	1.11149	1	-0.00232	-0.00837	0.71985	0.00204	1	-0.00240	-0.00838	0.71194	0.00195	1	1.45898	0.81042	0	
1275165	8599.67090	3306796305005	0.38388	0.09403	8599.52344	0.14746	12025	1	0.48873	0.19705	0	0.39923	0.11770	1	0.39923	0.11770	1	0.49007	0.52690	10.28318	1.11149	0	0.49000	0.52722	10.27237	1.12017	1	-0.00232	-0.00837	0.71985	0.00204	1	-0.00240	-0.00838	0.71194	0.00208	1	1.45898	0.81042	0	
1275166	8599.67773	3306796371854	0.38444	0.09278	8599.52344	0.15430	12025	1	0.48873	0.19705	0	0.39735	0.06406	1	0.39735	0.06406	1	0.49007	0.52690	10.28318	1.12017	0	0.48985	0.52711	10.26595	1.12885	1	-0.00232	-0.00837	0.71985	0.00204	1	-0.00240	-0.00838	0.71194	0.00200	1	1.45898	0.81042	0	
1275167	8599.68457	3306796438845	0.38657	0.09288	8599.52344	0.16113	12025	1	0.47766	0.11855	1	0.39758	0.07171	1	0.43762	0.09513	1	0.48993	0.52711	9.97188	1.12885	1	0.75115	0.55357	11.16975	1.12120	1	-0.00236	-0.00818	0.69903	0.00209	1	0.06384	-0.01252	0.66263	0.00369	1	1.45898	0.81042	0	
1275168	8599.69141	3306796506084	0.39074	0.09902	8599.52344	0.16797	12025	1	0.51879	0.16894	1	0.47154	0.33640	1	0.49517	0.25267	1	0.49000	0.52722	10.27237	1.12120	1	0.75133	0.55279	10.69366	1.10486	1	-0.00236	-0.00818	0.69903	0.00208	1	0.06384	-0.01252	0.66263	0.00395	1	1.45898	0.81042	0	
1275169	8599.69824	3306796573136	0.41648	0.12899	8599.52344	0.16797	12025	0	0.50980	0.15831	1	0.49135	0.39883	1	0.50058	0.27857	1	0.48983	0.52710	10.33106	1.10486	1	0.75130	0.55350	11.05280	1.08852	1	-0.00236	-0.00818	0.69903	0.00200	1	0.06384	-0.01252	0.66263	0.00364	1	1.45898	0.81042	0	
1275170	8599.70410	3306796639797	0.45898	0.20756	8599.52344	0.16797	12025	0	0.51161	0.17344	1	0.49135	0.39883	1	0.50148	0.28613	1	0.48976	0.52718	10.26568	1.08852	1	0.75137	0.55310	10.76779	1.08852	1	-0.00233	-0.00806	0.68929	0.00198	1	0.06891	-0.01354	0.71633	0.00379	1	1.45898	0.81042	0	
1275171	8599.71094	3306796706802	0.47509	0.22722	8599.52344	0.16797	12025	0	0.51627	0.18800	1	0.49835	0.34506	1	0.50731	0.26653	1	0.48979	0.52723	10.17275	1.08852	1	0.75138	0.55295	10.81195	1.10486	1	-0.00233	-0.00806	0.68929	0.00212	1	0.06891	-0.01354	0.71633	0.00394	1	1.45898	0.81042	0	
1275172	8599.71777	3306796773406	0.50678	0.26439	8599.52344	0.16797	12025	0	0.52033	0.16117	1	0.50277	0.31983	1	0.51155	0.24050	1	0.48995	0.52715	10.53764	1.10486	1	0.75139	0.55278	10.75166	1.12120	1	-0.00233	-0.00806	0.68929	0.00200	1	0.06891	-0.01354	0.71633	0.00392	1	1.45898	0.81042	0	
1275173	8599.72461	3306796840759	0.50896	0.25105	8599.52344	0.16797	12025	0	0.51958	0.15447	1	0.50268	0.32096	1	0.51113	0.23772	1	0.48980	0.52699	10.43544	1.11211	1	0.75132	0.55306	10.79938	1.11977	1	-0.00236	-0.00806	0.68469	0.00199	1	0.06538	-0.01283	0.67906	0.00381	1	1.45898	0.81042	0	
1275174	8599.73145	3306796907816	0.50409	0.25223	8599.52344	0.16797	12025	0	0.49991	0.14729	1	0.48883	0.36189	1	0.49437	0.25459	1	0.48969	0.52708	10.16281	1.11068	1	0.75126	0.55329	10.99838	1.10200	1	-0.00236	-0.00806	0.68469	0.00201	1	0.06538	-0.01283	0.67906	0.00371	1	1.45898	0.81042	0	
1275175	8599.73730	3306796971626	0.50444	0.25977	8599.71777	0.01953	12026	1	0.51214	0.17203	1	0.49884	0.39272	1	0.50549	0.28238	1	0.48975	0.52710	10.26625	1.09292	1	0.75142	0.55339	11.04469	1.08424	1	-0.00236	-0.00806	0.68469	0.00205	1	0.06538	-0.01283	0.67906	0.00373	1	1.45898	0.81042	0	
1275176	8599.74414	3306797040896	0.50470	0.26783	8599.71777	0.02637	12026	1	0.51410	0.18843	1	0.49738	0.41174	1	0.50574	0.30009	1	0.48978	0.52726	10.17797	1.07515	1	0.75148	0.55349	11.02920	1.05881	1	-0.00236	-0.00806	0.68469	0.00223	1	0.06384	-0.01252	0.66263	0.00372	1	1.45898	0.81042	0	
1275177	8599.75098	3306797108659	0.50531	0.27279	8599.71777	0.03320	12026	1	0.52024	0.20264	1	0.49650	0.39252	1	0.50837	0.29758	1	0.48995	0.52733	10.51185	1.05881	1	0.75134	0.55323	10.68700	1.05115	1	-0.00236	-0.00806	0.68469	0.00217	1	0.06384	-0.01252	0.66263	0.00379	1	1.45898	0.81042	0	
1275178	8599.75781	3306797175987	0.50365	0.27795	8599.71777	0.04004	12026	1	0.51565	0.23484	1	0.47163	0.38304	1	0.49364	0.30894	1	0.48975	0.52728	10.37953	1.05115	1	0.75140	0.55288	10.66053	1.04349	1	-0.00236	-0.00806	0.68469	0.00208	1	0.06384	-0.01252	0.66263	0.00389	1	1.45898	0.81042	0	
1275179	8599.76465	3306797242652	0.50245	0.28226	8599.71777	0.04688	12026	1	0.51651	0.24173	1	0.47163	0.38304	1	0.49407	0.31238	1	0.48984	0.52716	10.30292	1.04349	1	0.75141	0.55294	10.68629	1.04349	1	-0.00236	-0.00801	0.68469	0.00202	1	0.06538	-0.01283	0.67906	0.00388	1	1.45898	0.81042	0	
1275180	8599.77148	3306797308087	0.50192	0.28254	8599.71777	0.05371	12026	1	0.51895	0.21621	1	0.47645	0.35330	1	0.49770	0.28475	1	0.48989	0.52721	10.24895	1.04349	1	0.75138	0.55302	10.89970	1.05115	1	-0.00236	-0.00801	0.68469	0.00206	1	0.06538	-0.01283	0.67906	0.00385	1	1.45898	0.81042	0	
1275181	8599.77832	3306797376431	0.50323	0.28463	8599.71777	0.06055	12026	1	0.52875	0.19390	1	0.50135	0.41301	1	0.51505	0.30345	1	0.48997	0.52703	10.17882	1.05115	1	0.75144	0.55338	10.88365	1.05881	1	-0.00236	-0.00801	0.68469	0.00211	1	0.06538	-0.01283	0.67906	0.00372	1	1.45898	0.81042	0	
1275182	8599.78516	3306797443686	0.50426	0.28532	8599.71777	0.06738	12026	1	0.52705	0.17819	1	0.50190	0.40622	1	0.51447	0.29221	1	0.48994	0.52702	10.27318	1.06790	1	0.75141	0.55314	10.76972	1.06790	1	-0.00240	-0.00838	0.71194	0.00211	1	0.06384	-0.01252	0.66263	0.00378	1	1.45898	0.81042	0	
1275183	8599.79199	3306797511118	0.50219	0.28749	8599.71777	0.07422	12026	1	0.51416	0.17903	1	0.44486	0.44382	1	0.47951	0.31143	1	0.48986	0.52714	10.01604	1.07698	1	0.75092	0.55368	11.44972	1.06932	1	-0.00240	-0.00838	0.71194	0.00213	1	0.06384	-0.01252	0.66263	0.00378	1	1.45898	0.81042	0	
1275184	8599.79785	3306797577628	0.50127	0.28796	8599.71777	0.08008	12026	1	0.51988	0.19500	1	0.46058	0.39218	1	0.49023	0.29359	1	0.48998	0.52720	10.29575	1.07841	1	0.75124	0.55318	11.01902	1.07075	1	-0.00240	-0.00838	0.71194	0.00209	1	0.06384	-0.01252	0.66263	0.00386	1	1.45898	0.81042	0	
1275185	8599.80469	3306797643929	0.50049	0.28807	8599.71777	0.08691	12026	1	0.51972	0.19370	1	0.46079	0.38532	1	0.49026	0.28951	1	0.49003	0.52706	10.61553	1.07983	1	0.75155	0.55317	10.47224	1.07983	1	-0.00240	-0.00838	0.71194	0.00208	1	0.06586	-0.01291	0.68297	0.00391	1	1.45898	0.81042	0	
1275186	8599.81152	3306797711147	0.50086	0.28617	8599.71777	0.09375	12026	1	0.53442	0.16269	1	0.47766	0.35647	1	0.50604	0.25958	1	0.49005	0.52710	10.53386	1.07983	1	0.75148	0.55301	10.90589	1.08749	1	-0.00240	-0.00838	0.71194	0.00207	1	0.06586	-0.01291	0.68297	0.00391	1	1.45898	0.81042	0	
1275187	8599.81836	3306797778788	0.49945	0.28582	8599.71777	0.10059	12026	1	0.49632	0.16823	1	0.46030	0.39278	1	0.47831	0.28050	1	0.48994	0.52702	10.27318	1.08749	1	0.75122	0.55348	11.09694	1.09515	1	-0.00240	-0.00838	0.71194	0.00211	1	0.06586	-0.01291	0.68297	0.00381	1	1.45898	0.81042	0	
1275188	8599.82520	3306797845711	0.49820	0.28574	8599.71777	0.10742	12026	1	0.49650	0.16956	1	0.46009	0.39948	1	0.47829	0.28452	1	0.48997	0.52705	10.65458	1.08607	1	0.75125	0.55314	10.81773	1.08607	1	-0.00213	-0.00795	0.67521	0.00204	1	0.06384	-0.01252	0.66263	0.00405	1	1.45898	0.81042	0	
1275189	8599.83203	3306797912418	0.49735	0.28647	8599.71777	0.11426	12026	1	0.50369	0.19918	1	0.46194	0.39844	1	0.48281	0.29881	1	0.48998	0.52719	10.26868	1.07698	1	0.75121	0.55330	10.92357	1.06932	1	-0.00213	-0.00795	0.67521	0.00209	1	0.06384	-0.01252	0.66263	0.00408	1	1.45898	0.81042	0	
1275190	8599.83887	3306797979136	0.49670	0.28730	8599.71777	0.12109	12026	1	0.50373	0.19626	1	0.46642	0.40846	1	0.48507	0.30236	1	0.49003	0.52706	10.61553	1.06024	1	0.75126	0.55346	10.86277	1.05258	1	-0.00213	-0.00795	0.67521	0.00208	1	0.06384	-0.01252	0.66263	0.00383	1	1.45898	0.81042	0	
1275191	8599.84473	3306798046999	0.49618	0.28895	8599.71777	0.12695	12026	1	0.50672	0.21927	1	0.46592	0.42133	1	0.48632	0.32030	1	0.49003	0.52706	10.61553	1.03548	1	0.75147	0.55342	10.67024	1.03548	1	-0.00212	-0.00775	0.65812	0.00208	1	0.06586	-0.01291	0.68297	0.00383	1	1.45898	0.81042	0	
1275192	8599.85156	3306798113260	0.49540	0.29142	8599.71777	0.13379	12026	1	0.50038	0.22550	1	0.45890	0.45615	1	0.47964	0.34083	1	0.48999	0.52708	10.48544	1.02746	1	0.75115	0.55359	11.01546	1.03512	1	-0.00212	-0.00775	0.65812	0.00213	1	0.06586	-0.01291	0.68297	0.00385	1	1.45898	0.81042	0	
1275193	8599.85840	3306798180349	0.49480	0.29317	8599.71777	0.14062	12026	1	0.50021	0.23532	1	0.46422	0.42423	1	0.48221	0.32977	1	0.49012	0.52711	10.47867	1.02710	1	0.75129	0.55343	10.91156	1.03476	1	-0.00212	-0.00775	0.65812	0.00215	1	0.06586	-0.01291	0.68297	0.00384	1	1.45898	0.81042	0	
1275194	8599.86523	3306798247511	0.49423	0.29448	8599.71777	0.14746	12026	1	0.49923	0.22826	1	0.46443	0.41848	1	0.48183	0.32337	1	0.49016	0.52706	10.51219	1.03476	1	0.75133	0.55351	11.10640	1.04242	1	-0.00213	-0.00795	0.67521	0.00217	1	0.06586	-0.01291	0.68297	0.00380	1	1.45898	0.81042	0	
1275195	8599.87207	3306798314456	0.49367	0.29565	8599.71777	0.15430	12026	1	0.49122	0.21416	1	0.47043	0.43119	1	0.48083	0.32268	1	0.49012	0.52705	10.45478	1.05044	1	0.75137	0.55355	10.78655	1.05044	1	-0.00213	-0.00795	0.67521	0.00215	1	0.06586	-0.01291	0.68297	0.00383	1	1.45898	0.81042	0	
1275196	8599.87891	3306798381534	0.49250	0.29675	8599.71777	0.16113	12026	1	0.49291	0.19913	1	0.43577	0.44671	1	0.46434	0.32292	1	0.49018	0.52711	10.71211	1.05845	1	0.75115	0.55359	11.01546	1.05845	1	-0.00213	-0.00795	0.67521	0.00215	1	0.06586	-0.01291	0.68297	0.00385	1	1.45898	0.81042	0	
1275197	8599.88574	3306798448495	0.49140	0.29738	8599.71777	0.16797	12026	1	0.49187	0.19169	1	0.43579	0.43485	1	0.46383	0.31327	1	0.49031	0.52709	10.30589	1.06647	1	0.75144	0.55393	10.94871	1.07515	1	-0.00213	-0.00795	0.67521	0.00214	1	0.06750	-0.01322	0.69943	0.00386	1	1.45898	0.81042	0	
1275198	8599.89160	3306798515428	0.49091	0.29748	8599.71777	0.17383	12026	1	0.50047	0.17622	1	0.45624	0.42395	1	0.47836	0.30008	1	0.49039	0.52712	10.28546	1.07515	1	0.75153	0.55369	10.95056	1.08383	1	-0.00213	-0.00795	0.67521	0.00218	1	0.06750	-0.01322	0.69943	0.00388	1	1.45898	0.81042	0	
1275199	8599.89844	3306798582508	0.49051	0.29831	8599.71777	0.18066	12026	1	0.49864	0.17770	1	0.46038	0.46362	1	0.47951	0.32066	1	0.49030	0.52705	10.32025	1.08383	1	0.75161	0.55417	10.83476	1.09251	1	-0.00213	-0.00795	0.67521	0.00218	1	0.06750	-0.01322	0.69943	0.00376	1	1.45898	0.81042	0	
1275200	8599.90527	3306798649294	0.49011	0.29884	8599.71777	0.18750	12026	1	0.49759	0.16966	1	0.46058	0.45777	1	0.47908	0.31371	1	0.49062	0.52699	10.65084	1.09251	1	0.75220	0.55319	10.75692	1.10119	1	-0.00213	-0.00795	0.67521	0.00219	1	0.06750	-0.01322	0.69943	0.00391	1	1.45898	0.81042	0	
1275201	8599.91211	3306798716310	0.49069	0.29766	8599.71777	0.19434	12026	1	0.50824	0.15328	1	0.50632	0.37371	1	0.50728	0.26349	1	0.49064	0.52697	10.73288	1.10119	1	0.75226	0.55345	10.88832	1.10119	1	-0.00213	-0.00795	0.67521	0.00216	1	0.06750	-0.01322	0.69943	0.00369	1	1.45898	0.81042	0	
1275202	8599.91895	3306798783236	0.49114	0.29669	8599.71777	0.20117	12026	1	0.50872	0.14226	1	0.50076	0.39281	1	0.50474	0.26754	1	0.49058	0.52691	10.46459	1.10119	1	0.75218	0.55351	11.16632	1.10119	1	-0.00213	-0.00795	0.67521	0.00218	1	0.06750	-0.01322	0.69943	0.00373	1	1.45898	0.81042	0	
1275203	8599.92578	3306798848313	0.49156	0.29554	8599.71777	0.20801	12026	1	0.50770	0.13369	1	0.50129	0.38612	1	0.50450	0.25990	1	0.49067	0.52701	10.18461	1.11028	1	0.75224	0.55344	11.29024	1.11028	1	-0.00218	-0.00828	0.70765	0.00216	1	0.06788	-0.01327	0.70226	0.00369	1	1.45898	0.81042	0	
1275204	8599.93262	3306798917267	0.49162	0.29413	8599.71777	0.21484	12026	1	0.51842	0.13549	1	0.46870	0.36232	1	0.49356	0.24891	1	0.49072	0.52699	10.44570	1.11936	1	0.75205	0.55348	11.04512	1.11936	1	-0.00218	-0.00828	0.70765	0.00215	1	0.06788	-0.01327	0.70226	0.00383	1	1.45898	0.81042	0	
1275205	8599.93848	3306798980336	0.49170	0.29187	8599.71777	0.22070	12026	1	0.48344	0.12067	1	0.50548	0.31413	1	0.49446	0.21740	1	0.49063	0.52699	10.65938	1.12845	1	0.75225	0.55311	10.82407	1.12845	1	-0.00218	-0.00828	0.70765	0.00218	1	0.06788	-0.01327	0.70226	0.00385	1	1.45898	0.81042	0	
1275206	8599.94531	3306799046651	0.49176	0.28970	8599.71777	0.22754	12026	1	0.48228	0.11212	1	0.50503	0.31985	1	0.49366	0.21599	1	0.49072	0.52688	10.90427	1.13754	1	0.75219	0.55296	10.80221	1.12120	1	-0.00205	-0.00810	0.70098	0.00212	1	0.06301	-0.01232	0.65193	0.00389	1	1.45898	0.81042	0	
1275207	8599.95215	3306799115543	0.49150	0.28961	8599.71777	0.23438	12026	1	0.50039	0.18289	1	0.46478	0.38966	1	0.48259	0.28627	1	0.49080	0.52693	10.70753	1.12120	1	0.75207	0.55352	11.28636	1.10486	1	-0.00205	-0.00810	0.70098	0.00214	1	0.06301	-0.01232	0.65193	0.00374	1	1.45898	0.81042	0	
1275208	8599.95898	3306799182957	0.49126	0.28913	8599.71777	0.24121	12026	1	0.49059	0.18996	1	0.47472	0.35400	1	0.48265	0.27198	1	0.49062	0.52688	10.62710	1.10486	1	0.75214	0.55302	10.92929	1.08852	1	-0.00205	-0.00810	0.70098	0.00212	1	0.06301	-0.01232	0.65193	0.00393	1	1.45898	0.81042	0	
1275209	8599.96582	3306799250057	0.49082	0.29102	8599.71777	0.24805	12026	1	0.49059	0.18996	0	0.47441	0.36076	1	0.47441	0.36076	1	0.49062	0.52688	10.62710	1.08852	0	0.49081	0.52699	10.37124	1.07983	1	-0.00205	-0.00810	0.70098	0.00212	1	-0.00194	-0.00785	0.67972	0.00217	1	1.45898	0.81042	0	
1275210	8599.97168	3306799316665	0.48169	0.26145	8599.71777	0.24805	12026	0	0.49059	0.18996	0	0.38390	0.11073	1	0.38390	0.11073	1	0.49062	0.52688	10.62710	1.07983	0	0.49079	0.52668	11.06384	1.08749	1	-0.00205	-0.00810	0.70098	0.00212	1	-0.00194	-0.00785	0.67972	0.00214	1	1.45898	0.81042	0	
1275211	8599.97852	3306799383886	0.42855	0.19929	8599.71777	0.24805	12026	0	0.49059	0.18996	0	0.37541	0.13713	1	0.37541	0.13713	1	0.49062	0.52688	10.62710	1.08749	0	0.49074	0.52684	10.73279	1.09515	1	-0.00205	-0.00810	0.70098	0.00212	1	-0.00194	-0.00785	0.67972	0.00215	1	1.45898	0.81042	0	
1275212	8599.98535	3306799448340	0.41084	0.17857	8599.71777	0.24805	12026	0	0.49059	0.18996	0	0.37541	0.13713	1	0.37541	0.13713	1	0.49062	0.52688	10.62710	1.09515	0	0.49091	0.52696	10.81795	1.09515	1	-0.00205	-0.00810	0.70098	0.00212	1	-0.00194	-0.00766	0.66339	0.00222	1	1.45898	0.81042	0	
1275213	8599.99219	3306799516627	0.37274	0.14172	8599.71777	0.24805	12026	0	0.49059	0.18996	0	0.36740	0.15088	1	0.36740	0.15088	1	0.49062	0.52688	10.62710	1.09515	0	0.49099	0.52692	10.51993	1.08749	1	-0.00205	-0.00810	0.70098	0.00212	1	-0.00194	-0.00766	0.66339	0.00225	1	1.45898	0.81042	0	
1275214	8599.99902	3306799588257	0.37036	0.14857	8599.71777	0.24805	12026	0	0.49059	0.18996	0	0.36799	0.15542	1	0.36799	0.15542	1	0.49062	0.52688	10.62710	1.08749	0	0.49095	0.52696	10.58628	1.07983	1	-0.00205	-0.00810	0.70098	0.00212	1	-0.00194	-0.00766	0.66339	0.00221	1	1.45898	0.81042	0	
1275215	8600.00586	3306799653806	0.36957	0.15085	8599.71777	0.24805	12026	0	0.49059	0.18996	0	0.36799	0.15542	1	0.36799	0.15542	1	0.49062	0.52688	10.62710	1.07983	0	0.49109	0.52686	10.82138	1.07983	1	-0.00205	-0.00810	0.70098	0.00212	1	-0.00194	-0.00785	0.67972	0.00219	1	1.45898	0.81042	0	
1275216	8600.01270	3306799722212	0.36988	0.15013	8599.99219	0.02051	12027	1	0.49059	0.18996	0	0.37080	0.14799	1	0.37080	0.14799	1	0.49062	0.52688	10.62710	1.07983	0	0.49109	0.52683	10.63917	1.08749	1	-0.00205	-0.00810	0.70098	0.00212	1	-0.00194	-0.00785	0.67972	0.00215	1	1.45898	0.81042	0	
1275217	8600.01953	3306799787965	0.36950	0.15265	8599.99219	0.02734	12027	1	0.49059	0.18996	0	0.36797	0.16270	1	0.36797	0.16270	1	0.49062	0.52688	10.62710	1.08749	0	0.49102	0.52701	10.84569	1.09515	1	-0.00205	-0.00810	0.70098	0.00212	1	-0.00194	-0.00785	0.67972	0.00219	1	1.45898	0.81042	0	
1275218	8600.02637	3306799854619	0.36917	0.15313	8599.99219	0.03418	12027	1	0.49059	0.18996	0	0.36753	0.15552	1	0.36753	0.15552	1	0.49062	0.52688	10.62710	1.09515	0	0.49104	0.52679	10.77468	1.10281	1	-0.00205	-0.00810	0.70098	0.00212	1	-0.00194	-0.00785	0.67972	0.00213	1	1.45898	0.81042	0	
1275219	8600.03223	3306799921896	0.36918	0.14909	8599.99219	0.04004	12027	1	0.49059	0.18996	0	0.36924	0.12484	1	0.36924	0.12484	1	0.49062	0.52688	10.62710	1.10281	0	0.49105	0.52676	10.86156	1.10281	1	-0.00205	-0.00810	0.70098	0.00212	1	-0.00194	-0.00785	0.67972	0.00213	1	1.45898	0.81042	0	
1275220	8600.03906	3306799988976	0.37014	0.14570	8599.99219	0.04688	12027	1	0.49059	0.18996	0	0.37686	0.12199	1	0.37686	0.12199	1	0.49062	0.52688	10.62710	1.10281	0	0.49110	0.52681	10.85367	1.10281	1	-0.00205	-0.00810	0.70098	0.00212	1	-0.00194	-0.00785	0.67972	0.00214	1	1.45898	0.81042	0	
1275221	8600.04590	3306800055463	0.37089	0.14306	8599.99219	0.05371	12027	1	0.49059	0.18996	0	0.37686	0.12199	1	0.37686	0.12199	1	0.49062	0.52688	10.62710	1.10281	0	0.49118	0.52679	10.71351	1.10281	1	-0.00205	-0.00810	0.70098	0.00212	1	-0.00194	-0.00785	0.67972	0.00223	1	1.45898	0.81042	0	
1275222	8600.05273	3306800122753	0.37104	0.14010	8599.99219	0.06055	12027	1	0.49059	0.18996	0	0.37245	0.11345	1	0.37245	0.11345	1	0.49062	0.52688	10.62710	1.10281	0	0.49109	0.52679	10.89047	1.10281	1	-0.00205	-0.00810	0.70098	0.00212	1	-0.00194	-0.00785	0.67972	0.00216	1	1.45898	0.81042	0	
1275223	8600.05957	3306800189697	0.37067	0.13685	8599.99219	0.06738	12027	1	0.49059	0.18996	0	0.36693	0.10433	1	0.36693	0.10433	1	0.49062	0.52688	10.62710	1.10281	0	0.49112	0.52674	10.81132	1.10281	1	-0.00205	-0.00810	0.70098	0.00212	1	-0.00194	-0.00785	0.67972	0.00213	1	1.45898	0.81042	0	
1275224	8600.06641	3306800257354	0.37036	0.13414	8599.99219	0.07422	12027	1	0.49059	0.18996	0	0.36693	0.10433	1	0.36693	0.10433	1	0.49062	0.52688	10.62710	1.10281	0	0.49118	0.52676	10.70538	1.10281	1	-0.00205	-0.00810	0.70098	0.00212	1	-0.00194	-0.00785	0.67972	0.00217	1	1.45898	0.81042	0	
1275225	8600.07324	3306800324136	0.37149	0.13252	8599.99219	0.08105	12027	1	0.49059	0.18996	0	0.38507	0.11313	1	0.38507	0.11313	1	0.49062	0.52688	10.62710	1.10281	0	0.49124	0.52663	10.98089	1.10281	1	-0.00205	-0.00810	0.70098	0.00212	1	-0.00194	-0.00785	0.67972	0.00218	1	1.45898	0.81042	0	
1275226	8600.07910	3306800390852	0.37247	0.12964	8599.99219	0.08691	12027	1	0.49059	0.18996	0	0.38518	0.09219	1	0.38518	0.09219	1	0.49062	0.52688	10.62710	1.10281	0	0.49118	0.52653	10.82722	1.10281	1	-0.00205	-0.00810	0.70098	0.00212	1	-0.00194	-0.00785	0.67972	0.00215	1	1.45898	0.81042	0	
1275227	8600.08594	3306800458267	0.37331	0.12715	8599.99219	0.09375	12027	1	0.49059	0.18996	0	0.38518	0.09219	1	0.38518	0.09219	1	0.49062	0.52688	10.62710	1.10281	0	0.49117	0.52654	10.82424	1.10281	1	-0.00205	-0.00810	0.70098	0.00212	1	-0.00193	-0.00776	0.67667	0.00214	1	1.45898	0.81042	0	
1275228	8600.09277	3306800524720	0.37369	0.12447	8599.99219	0.10059	12027	1	0.49059	0.18996	0	0.37938	0.08439	1	0.37938	0.08439	1	0.49062	0.52688	10.62710	1.10281	0	0.49118	0.52660	10.88005	1.10281	1	-0.00205	-0.00810	0.70098	0.00212	1	-0.00193	-0.00776	0.67667	0.00222	1	1.45898	0.81042	0	
1275229	8600.09961	3306800591367	0.37503	0.12292	8599.99219	0.10742	12027	1	0.49059	0.18996	0	0.39634	0.09807	1	0.39634	0.09807	1	0.49062	0.52688	10.62710	1.10281	0	0.49120	0.52663	10.99661	1.10281	1	-0.00205	-0.00810	0.70098	0.00212	1	-0.00193	-0.00776	0.67667	0.00217	1	1.45898	0.81042	0	
1275230	8600.10645	3306800658901	0.37621	0.12154	8599.99219	0.11426	12027	1	0.49059	0.18996	0	0.39634	0.09807	1	0.39634	0.09807	1	0.49062	0.52688	10.62710	1.10281	0	0.49111	0.52656	10.93110	1.10281	1	-0.00205	-0.00810	0.70098	0.00212	1	-0.00193	-0.00776	0.67667	0.00216	1	1.45898	0.81042	0	
1275231	8600.11328	3306800725797	0.37643	0.12009	8599.99219	0.12109	12027	1	0.49059	0.18996	0	0.38043	0.09389	1	0.38043	0.09389	1	0.49062	0.52688	10.62710	1.10281	0	0.49114	0.52652	10.63691	1.10281	1	-0.00205	-0.00810	0.70098	0.00212	1	-0.00193	-0.00776	0.67667	0.00216	1	1.45898	0.81042	0	
1275232	8600.12012	3306800793060	0.37622	0.11871	8599.99219	0.12793	12027	1	0.49059	0.18996	0	0.37223	0.09267	1	0.37223	0.09267	1	0.49062	0.52688	10.62710	1.10281	0	0.49111	0.52656	10.93110	1.10281	1	-0.00205	-0.00810	0.70098	0.00212	1	-0.00193	-0.00776	0.67667	0.00216	1	1.45898	0.81042	0	
1275233	8600.12598	3306800859681	0.37603	0.11747	8599.99219	0.13379	12027	1	0.49059	0.18996	0	0.37223	0.09267	1	0.37223	0.09267	1	0.49062	0.52688	10.62710	1.10281	0	0.49101	0.52649	11.21933	1.10281	1	-0.00205	-0.00810	0.70098	0.00212	1	-0.00193	-0.00776	0.67667	0.00226	1	1.45898	0.81042	0	
1275234	8600.13281	3306800926459	0.37626	0.11521	8599.99219	0.14062	12027	1	0.49059	0.18996	0	0.38106	0.06772	1	0.38106	0.06772	1	0.49062	0.52688	10.62710	1.10281	0	0.49120	0.52630	11.62826	1.10281	1	-0.00205	-0.00810	0.70098	0.00212	1	-0.00193	-0.00776	0.67667	0.00224	1	1.45898	0.81042	0	
1275235	8600.13965	3306800993788	0.38088	0.12218	8599.99219	0.14746	12027	1	0.48250	0.15348	1	0.48249	0.39742	1	0.48250	0.27545	1	0.49096	0.52644	11.24223	1.10281	1	0.75274	0.55308	11.49219	1.10281	1	-0.00205	-0.00810	0.70098	0.00221	1	-0.00193	-0.00776	0.67667	0.00364	1	1.45898	0.81042	0	
1275236	8600.14648	3306801060676	0.38513	0.12888	8599.99219	0.15430	12027	1	0.48370	0.16197	1	0.48211	0.40405	1	0.48290	0.28301	1	0.49096	0.52644	11.24223	1.09373	1	0.75271	0.55297	11.75952	1.09373	1	-0.00194	-0.00775	0.67972	0.00221	1	0.06528	-0.01275	0.67486	0.00351	1	1.45898	0.81042	0	
1275237	8600.15332	3306801127513	0.38913	0.13513	8599.99219	0.16113	12027	1	0.49285	0.16613	1	0.47725	0.40415	1	0.48505	0.28514	1	0.49102	0.52642	11.19355	1.08464	1	0.75264	0.55303	11.86551	1.08464	1	-0.00194	-0.00775	0.67972	0.00225	1	0.06528	-0.01275	0.67486	0.00348	1	1.45898	0.81042	0	
1275238	8600.16016	3306801194860	0.41607	0.15367	8599.99219	0.16113	12027	0	0.48610	0.17893	1	0.47215	0.38247	1	0.47912	0.28070	1	0.49096	0.52644	11.24223	1.07556	1	0.75259	0.55295	12.07482	1.07556	1	-0.00194	-0.00775	0.67972	0.00221	1	0.06528	-0.01275	0.67486	0.00348	1	1.45898	0.81042	0	
1275239	8600.16699	3306801261656	0.44789	0.21938	8599.99219	0.16113	12027	0	0.48730	0.18742	1	0.47213	0.38278	1	0.47972	0.28510	1	0.49108	0.52646	11.18734	1.06647	1	0.75230	0.55345	12.22100	1.07515	1	-0.00193	-0.00776	0.67667	0.00224	1	0.06771	-0.01322	0.69941	0.00374	1	1.45898	0.81042	0	
1275240	8600.17383	3306801328713	0.45807	0.24787	8599.99219	0.16113	12027	0	0.49583	0.16129	1	0.46104	0.44840	1	0.47843	0.30484	1	0.49109	0.52629	11.40869	1.07515	1	0.75240	0.55346	11.94014	1.08383	1	-0.00193	-0.00776	0.67667	0.00227	1	0.06771	-0.01322	0.69941	0.00371	1	1.45898	0.81042	0	
1275241	8600.17969	3306801395411	0.48015	0.29174	8599.99219	0.16113	12027	0	0.49292	0.16700	1	0.47170	0.40354	1	0.48231	0.28527	1	0.49111	0.52656	10.93110	1.08383	1	0.75255	0.55308	12.21746	1.09251	1	-0.00193	-0.00776	0.67667	0.00216	1	0.06771	-0.01322	0.69941	0.00344	1	1.45898	0.81042	0	
1275242	8600.18652	3306801460641	0.48103	0.28489	8599.99219	0.16113	12027	0	0.49182	0.15886	1	0.47199	0.39720	1	0.48191	0.27803	1	0.49114	0.52660	11.03007	1.09251	1	0.75254	0.55310	12.05697	1.10119	1	-0.00193	-0.00776	0.67667	0.00217	1	0.06776	-0.01318	0.69993	0.00346	1	1.45898	0.81042	0	
1275243	8600.19336	3306801528173	0.48288	0.27933	8599.99219	0.16113	12027	0	0.48271	0.15500	1	0.49045	0.38145	1	0.48658	0.26822	1	0.49096	0.52644	11.24223	1.10119	1	0.75286	0.55286	11.36018	1.10119	1	-0.00193	-0.00776	0.67667	0.00221	1	0.06776	-0.01318	0.69993	0.00355	1	1.45898	0.81042	0	
1275244	8600.20020	3306801596822	0.48430	0.27698	8600.17969	0.02051	12028	1	0.48737	0.14492	1	0.48971	0.39491	1	0.48854	0.26991	1	0.49102	0.52643	11.22565	1.10119	1	0.75286	0.55292	11.08584	1.10119	1	-0.00193	-0.00776	0.67667	0.00224	1	0.06776	-0.01318	0.69993	0.00356	1	1.45898	0.81042	0	
1275245	8600.20703	3306801663401	0.48514	0.27556	8600.17969	0.02734	12028	1	0.48737	0.14492	1	0.48971	0.39491	1	0.48854	0.26991	1	0.49111	0.52656	10.79617	1.10119	1	0.75288	0.55316	11.12836	1.10119	1	-0.00194	-0.00775	0.67972	0.00227	1	0.06771	-0.01322	0.69941	0.00355	1	1.45898	0.81042	0	
1275246	8600.21289	3306801728574	0.48693	0.27648	8600.17969	0.03320	12028	1	0.50059	0.15744	1	0.49107	0.40464	1	0.49583	0.28104	1	0.49115	0.52655	10.68659	1.10119	1	0.75285	0.55310	11.18188	1.10119	1	-0.00194	-0.00775	0.67972	0.00232	1	0.06771	-0.01322	0.69941	0.00350	1	1.45898	0.81042	0	
1275247	8600.21973	3306801797301	0.48789	0.27604	8600.17969	0.04004	12028	1	0.49365	0.14549	1	0.49364	0.40128	1	0.49365	0.27338	1	0.49102	0.52642	11.19355	1.10119	1	0.75289	0.55291	11.14120	1.10119	1	-0.00194	-0.00775	0.67972	0.00225	1	0.06771	-0.01322	0.69941	0.00357	1	1.45898	0.81042	0	
1275248	8600.22656	3306801864384	0.48861	0.27570	8600.17969	0.04688	12028	1	0.49365	0.14549	1	0.49364	0.40128	1	0.49365	0.27338	1	0.49102	0.52642	11.19355	1.10119	1	0.75264	0.55280	11.76879	1.10119	1	-0.00194	-0.00785	0.67972	0.00225	1	0.06683	-0.01295	0.69041	0.00354	1	1.45898	0.81042	0	
1275249	8600.23340	3306801930519	0.48780	0.27349	8600.17969	0.05371	12028	1	0.48964	0.14870	1	0.47302	0.36295	1	0.48133	0.25583	1	0.49104	0.52655	11.17136	1.10119	1	0.75254	0.55296	11.94379	1.10119	1	-0.00194	-0.00785	0.67972	0.00235	1	0.06683	-0.01295	0.69041	0.00350	1	1.45898	0.81042	0	
1275250	8600.24023	3306801998189	0.48703	0.27345	8600.17969	0.06055	12028	1	0.48964	0.14870	1	0.47068	0.39743	1	0.48016	0.27306	1	0.49104	0.52655	11.17136	1.10119	1	0.75256	0.55302	12.12685	1.10119	1	-0.00194	-0.00785	0.67972	0.00235	1	0.06683	-0.01295	0.69041	0.00348	1	1.45898	0.81042	0	
1275251	8600.24707	3306802065487	0.48641	0.27342	8600.17969	0.06738	12028	1	0.48964	0.14870	1	0.47068	0.39743	1	0.48016	0.27306	1	0.49100	0.52659	11.23491	1.10119	1	0.75280	0.55308	11.39973	1.10119	1	-0.00193	-0.00776	0.67667	0.00230	1	0.06771	-0.01322	0.69941	0.00355	1	1.45898	0.81042	0	
1275252	8600.25391	3306802132280	0.48835	0.27971	8600.17969	0.07422	12028	1	0.52756	0.32024	1	0.49191	0.37757	1	0.50973	0.34891	1	0.49153	0.52840	11.09315	1.10119	1	0.75292	0.55283	11.21110	1.10119	1	-0.00193	-0.00776	0.67667	0.00359	1	0.06771	-0.01322	0.69941	0.00378	1	1.45898	0.81042	0	
1275253	8600.26074	3306802199690	0.48818	0.28435	8600.17969	0.08105	12028	1	0.50550	0.26760	1	0.46676	0.41260	1	0.48613	0.34010	1	0.49126	0.52799	10.27568	1.10119	1	0.75245	0.55303	12.23274	1.10119	1	-0.00193	-0.00776	0.67667	0.00363	1	0.06771	-0.01322	0.69941	0.00350	1	1.45898	0.81042	0	
1275254	8600.26660	3306802265353	0.48804	0.28833	8600.17969	0.08691	12028	1	0.50550	0.26760	1	0.46676	0.41260	1	0.48613	0.34010	1	0.49127	0.52810	10.48013	1.10119	1	0.75263	0.55272	11.91476	1.10119	1	-0.00194	-0.00785	0.67972	0.00367	1	0.06771	-0.01322	0.69941	0.00355	1	1.45898	0.81042	0	
1275255	8600.27344	3306802333249	0.48844	0.29407	8600.17969	0.09375	12028	1	0.52867	0.34115	1	0.45939	0.40746	1	0.49403	0.37430	1	0.49153	0.52845	11.04792	1.10119	1	0.75236	0.55313	12.17201	1.10119	1	-0.00194	-0.00785	0.67972	0.00355	1	0.06771	-0.01322	0.69941	0.00361	1	1.45898	0.81042	0	
1275256	8600.28027	3306802399691	0.48871	0.29611	8600.17969	0.10059	12028	1	0.51253	0.29927	1	0.47309	0.35417	1	0.49281	0.32672	1	0.49133	0.52829	10.70026	1.10119	1	0.75255	0.55285	12.05125	1.10119	1	-0.00194	-0.00785	0.67972	0.00360	1	0.06771	-0.01322	0.69941	0.00346	1	1.45898	0.81042	0	
1275257	8600.28711	3306802467427	0.48894	0.29810	8600.17969	0.10742	12028	1	0.51253	0.29927	1	0.47279	0.36085	1	0.49266	0.33006	1	0.49132	0.52824	10.66288	1.10119	1	0.75270	0.55281	11.92314	1.09251	1	-0.00193	-0.00776	0.67667	0.00366	1	0.06605	-0.01284	0.68183	0.00354	1	1.45898	0.81042	0	
1275258	8600.29395	3306802534577	0.48859	0.29522	8600.17969	0.11426	12028	1	0.48809	0.15287	1	0.47724	0.33951	1	0.48266	0.24619	1	0.49118	0.52656	11.31820	1.09251	1	0.75264	0.55259	12.09651	1.08383	1	-0.00193	-0.00776	0.67667	0.00220	1	0.06605	-0.01284	0.68183	0.00365	1	1.45898	0.81042	0	
1275259	8600.30078	3306802601349	0.48890	0.29799	8600.17969	0.12109	12028	1	0.51594	0.31869	1	0.47298	0.37697	1	0.49446	0.34783	1	0.49130	0.52819	10.94699	1.08383	1	0.75298	0.55268	11.42808	1.07515	1	-0.00193	-0.00776	0.67667	0.00361	1	0.06605	-0.01284	0.68183	0.00354	1	1.45898	0.81042	0	
1275260	8600.30762	3306802667842	0.48920	0.30082	8600.17969	0.12793	12028	1	0.51689	0.32560	1	0.47268	0.38363	1	0.49479	0.35461	1	0.49115	0.52639	11.65854	1.07515	1	0.75294	0.55278	11.48639	1.06647	1	-0.00193	-0.00776	0.67667	0.00224	1	0.06605	-0.01284	0.68183	0.00352	1	1.45898	0.81042	0	
1275261	8600.31445	3306802735843	0.49020	0.30337	8600.17969	0.13477	12028	1	0.53547	0.32595	1	0.48516	0.38297	1	0.51032	0.35446	1	0.49166	0.52830	11.45927	1.06647	1	0.75310	0.55255	11.61466	1.06647	1	-0.00193	-0.00776	0.67667	0.00361	1	0.06605	-0.01284	0.68183	0.00363	1	1.45898	0.81042	0	
1275262	8600.32031	3306802802295	0.49457	0.33027	8600.17969	0.13477	12028	0	0.53775	0.30431	1	0.48411	0.34957	1	0.51093	0.32694	1	0.49166	0.52800	11.39061	1.06647	1	0.75311	0.55218	11.31580	1.06647	1	-0.00193	-0.00776	0.67667	0.00362	1	0.06605	-0.01284	0.68183	0.00379	1	1.45898	0.81042	0	
1275263	8600.32715	3306802869104	0.50266	0.33014	8600.17969	0.13477	12028	0	0.53775	0.30431	1	0.48376	0.35569	1	0.51076	0.33000	1	0.49157	0.52782	11.16284	1.06647	1	0.75306	0.55245	11.30163	1.05881	1	-0.00193	-0.00776	0.67667	0.00367	1	0.06420	-0.01252	0.66219	0.00366	1	1.45898	0.81042	0	
1275264	8600.33398	3306802935937	0.50133	0.33015	8600.17969	0.13477	12028	0	0.53110	0.29291	1	0.46625	0.36742	1	0.49868	0.33016	1	0.49153	0.52792	11.33225	1.05881	1	0.75288	0.55251	11.23337	1.05115	1	-0.00193	-0.00776	0.67667	0.00360	1	0.06420	-0.01252	0.66219	0.00370	1	1.45898	0.81042	0	
1275265	8600.34082	3306803000913	0.50057	0.33914	8600.32031	0.02051	12029	1	0.54632	0.34842	1	0.45026	0.38384	1	0.49829	0.36613	1	0.49176	0.52783	11.29498	1.05115	1	0.75256	0.55248	12.34378	1.04349	1	-0.00193	-0.00776	0.67667	0.00373	1	0.06420	-0.01252	0.66219	0.00388	1	1.45898	0.81042	0	
1275266	8600.34766	3306803067229	0.50017	0.34575	8600.32031	0.02734	12029	1	0.54699	0.35447	1	0.45015	0.38983	1	0.49857	0.37215	1	0.49129	0.52532	11.55665	1.04349	1	0.75289	0.55186	11.36497	1.03583	1	-0.00189	-0.00792	0.69891	0.00229	1	0.06387	-0.01230	0.65880	0.00405	1	1.45898	0.81042	0	
1275267	8600.35352	3306803134278	0.50236	0.34062	8600.32031	0.03320	12029	1	0.55264	0.34164	1	0.47393	0.28839	1	0.51328	0.31502	1	0.49185	0.52769	11.46194	1.03583	1	0.75295	0.55083	12.69083	1.03583	1	-0.00189	-0.00792	0.69891	0.00369	1	0.06387	-0.01230	0.65880	0.00416	1	1.45898	0.81042	0	
1275268	8600.36035	3306803201053	0.50301	0.34587	8600.32031	0.04004	12029	1	0.54435	0.40849	1	0.46956	0.34623	1	0.50696	0.37736	1	0.49243	0.52803	11.94915	1.03583	1	0.75292	0.55107	12.88667	1.03583	1	-0.00189	-0.00792	0.69891	0.00387	1	0.06387	-0.01230	0.65880	0.00393	1	1.45898	0.81042	0	
1275269	8600.36719	3306803271117	0.50351	0.34981	8600.32031	0.04688	12029	1	0.54435	0.40849	1	0.46956	0.34623	1	0.50696	0.37736	1	0.49163	0.52492	11.67656	1.03583	1	0.75267	0.55131	12.81383	1.03583	1	-0.00189	-0.00781	0.69891	0.00243	1	0.06387	-0.01220	0.65880	0.00384	1	1.45898	0.81042	0	
1275270	8600.37402	3306803335606	0.50029	0.33855	8600.32031	0.05371	12029	1	0.47321	0.17708	1	0.47597	0.31982	1	0.47459	0.24845	1	0.49150	0.52496	11.51106	1.03583	1	0.75295	0.55113	12.97271	1.03583	1	-0.00189	-0.00781	0.69891	0.00229	1	0.06387	-0.01220	0.65880	0.00362	1	1.45898	0.81042	0	
1275271	8600.38086	3306803402166	0.49698	0.32870	8600.32031	0.06055	12029	1	0.47773	0.15455	1	0.45665	0.32572	1	0.46719	0.24013	1	0.49158	0.52496	11.22281	1.03583	1	0.75274	0.55121	12.85195	1.03583	1	-0.00189	-0.00781	0.69891	0.00236	1	0.06387	-0.01220	0.65880	0.00365	1	1.45898	0.81042	0	
1275272	8600.38770	3306803469136	0.49433	0.32103	8600.32031	0.06738	12029	1	0.47889	0.16251	1	0.45664	0.32602	1	0.46776	0.24427	1	0.49164	0.52520	11.89104	1.02782	1	0.75296	0.55136	12.80430	1.03548	1	-0.00173	-0.00742	0.65969	0.00231	1	0.06633	-0.01272	0.68366	0.00361	1	1.45898	0.81042	0	
1275273	8600.39453	3306803536832	0.49310	0.31501	8600.32031	0.07422	12029	1	0.49174	0.15564	1	0.46742	0.34190	1	0.47958	0.24877	1	0.49168	0.52511	11.65594	1.02746	1	0.75284	0.55135	12.78979	1.03512	1	-0.00173	-0.00742	0.65969	0.00240	1	0.06633	-0.01272	0.68366	0.00361	1	1.45898	0.81042	0	
1275274	8600.40039	3306803602207	0.49172	0.31084	8600.32031	0.08008	12029	1	0.47982	0.14686	1	0.47042	0.37471	1	0.47512	0.26078	1	0.49174	0.52516	11.59736	1.02710	1	0.75288	0.55171	12.80865	1.03476	1	-0.00173	-0.00742	0.65969	0.00239	1	0.06633	-0.01272	0.68366	0.00383	1	1.45898	0.81042	0	
1275275	8600.40820	3306803673009	0.49054	0.30704	8600.32031	0.08789	12029	1	0.47987	0.14722	1	0.47070	0.36806	1	0.47528	0.25764	1	0.49175	0.52515	11.33801	1.02674	1	0.75280	0.55176	12.90820	1.04308	1	-0.00173	-0.00742	0.65969	0.00234	1	0.06888	-0.01319	0.70935	0.00385	1	1.45898	0.81042	0	
1275276	8600.41406	3306803739881	0.48983	0.30174	8600.32031	0.09375	12029	1	0.48347	0.13007	1	0.47617	0.32514	1	0.47982	0.22761	1	0.49175	0.52516	11.41137	1.04308	1	0.75300	0.55177	12.90716	1.05176	1	-0.00173	-0.00742	0.65969	0.00232	1	0.06888	-0.01319	0.70935	0.00393	1	1.45898	0.81042	0	
1275277	8600.42090	3306803807098	0.48810	0.29662	8600.32031	0.10059	12029	1	0.48586	0.12936	1	0.43866	0.31032	1	0.46226	0.21984	1	0.49178	0.52527	11.62739	1.05176	1	0.75270	0.55188	12.80909	1.06045	1	-0.00173	-0.00742	0.65969	0.00235	1	0.06888	-0.01319	0.70935	0.00405	1	1.45898	0.81042	0	
1275278	8600.42773	3306803873723	0.48652	0.29142	8600.32031	0.10742	12029	1	0.48361	0.11263	1	0.43869	0.30361	1	0.46115	0.20812	1	0.49169	0.52531	11.74570	1.06846	1	0.75343	0.55083	12.02363	1.06846	1	-0.00174	-0.00766	0.68095	0.00232	1	0.06719	-0.01286	0.69141	0.00428	1	1.45898	0.81042	0	
1275279	8600.43457	3306803940866	0.47723	0.25797	8600.32031	0.10742	12029	0	0.49093	0.10701	1	0.44922	0.26353	1	0.47008	0.18527	1	0.49182	0.52531	11.78522	1.07648	1	0.75335	0.55145	12.03855	1.06780	1	-0.00174	-0.00766	0.68095	0.00231	1	0.06719	-0.01286	0.69141	0.00406	1	1.45898	0.81042	0	
1275280	8600.44141	3306804007819	0.46964	0.23157	8600.32031	0.10742	12029	0	0.48821	0.12318	1	0.43588	0.28717	1	0.46204	0.20517	1	0.49177	0.52526	11.70100	1.07581	1	0.75310	0.55172	12.55753	1.06713	1	-0.00174	-0.00766	0.68095	0.00229	1	0.06719	-0.01286	0.69141	0.00401	1	1.45898	0.81042	0	
1275281	8600.44824	3306804074701	0.46712	0.22297	8600.32031	0.10742	12029	0	0.48830	0.12383	1	0.43588	0.28773	1	0.46209	0.20578	1	0.49199	0.52523	11.70856	1.07515	1	0.75308	0.55210	12.40926	1.06647	1	-0.00173	-0.00774	0.67924	0.00226	1	0.06719	-0.01286	0.69141	0.00394	1	1.45898	0.81042	0	
1275282	8600.45508	3306804141968	0.46883	0.21109	8600.43457	0.02051	12030	1	0.50204	0.10928	1	0.44587	0.24158	1	0.47396	0.17543	1	0.49205	0.52508	11.38369	1.06647	1	0.75328	0.55114	12.29500	1.06647	1	-0.00173	-0.00774	0.67924	0.00233	1	0.06719	-0.01286	0.69141	0.00420	1	1.45898	0.81042	0	
1275283	8600.46094	3306804208808	0.47182	0.20448	8600.43457	0.02637	12030	1	0.51409	0.10985	1	0.45352	0.24627	1	0.48381	0.17806	1	0.49202	0.52515	11.74145	1.06647	1	0.75334	0.55095	12.05760	1.06647	1	-0.00173	-0.00774	0.67924	0.00234	1	0.06719	-0.01286	0.69141	0.00422	1	1.45898	0.81042	0	
1275284	8600.46777	3306804275648	0.47382	0.20008	8600.43457	0.03320	12030	1	0.51409	0.10985	1	0.45352	0.24627	1	0.48381	0.17806	1	0.49214	0.52511	11.73548	1.06647	1	0.75370	0.55129	13.06134	1.06647	1	-0.00165	-0.00775	0.68908	0.00236	1	0.06719	-0.01291	0.69141	0.00405	1	1.45898	0.81042	0	
1275285	8600.47461	3306804341949	0.47330	0.19786	8600.43457	0.04004	12030	1	0.46038	0.10433	1	0.47992	0.26479	1	0.47015	0.18456	1	0.49215	0.52513	11.65995	1.06647	1	0.75379	0.55129	12.65585	1.06647	1	-0.00165	-0.00775	0.68908	0.00237	1	0.06719	-0.01291	0.69141	0.00403	1	1.45898	0.81042	0	
1275286	8600.48145	3306804408740	0.47386	0.19641	8600.43457	0.04688	12030	1	0.47248	0.12036	1	0.48312	0.25208	1	0.47780	0.18622	1	0.49225	0.52513	11.56382	1.06647	1	0.75385	0.55129	12.71920	1.06647	1	-0.00165	-0.00775	0.68908	0.00236	1	0.06719	-0.01291	0.69141	0.00403	1	1.45898	0.81042	0	
1275287	8600.48828	3306804475852	0.47434	0.19612	8600.43457	0.05371	12030	1	0.47363	0.12836	1	0.48276	0.25923	1	0.47820	0.19379	1	0.49247	0.52526	11.56333	1.05845	1	0.75433	0.55143	11.78632	1.05845	1	-0.00151	-0.00738	0.65135	0.00233	1	0.06605	-0.01267	0.67862	0.00415	1	1.45898	0.81042	0	
1275288	8600.49512	3306804543084	0.47610	0.19545	8600.43457	0.06055	12030	1	0.48663	0.13634	1	0.49731	0.24254	1	0.49197	0.18944	1	0.49247	0.52526	11.56333	1.05044	1	0.75406	0.55111	12.16029	1.05044	1	-0.00151	-0.00738	0.65135	0.00234	1	0.06605	-0.01267	0.67862	0.00407	1	1.45898	0.81042	0	
1275289	8600.50195	3306804609891	0.47834	0.19850	8600.43457	0.06738	12030	1	0.48922	0.15432	1	0.51227	0.30376	1	0.50075	0.22904	1	0.49246	0.52522	11.46732	1.04242	1	0.75434	0.55148	12.08402	1.04242	1	-0.00151	-0.00738	0.65135	0.00234	1	0.06605	-0.01267	0.67862	0.00404	1	1.45898	0.81042	0	
1275290	8600.50879	3306804679503	0.48024	0.20073	8600.43457	0.07422	12030	1	0.48922	0.15432	1	0.51290	0.29626	1	0.50106	0.22529	1	0.49254	0.52517	11.37690	1.04242	1	0.75421	0.55166	12.82950	1.05110	1	-0.00154	-0.00768	0.68279	0.00234	1	0.06898	-0.01317	0.70822	0.00393	1	1.45898	0.81042	0	
1275291	8600.51465	3306804745979	0.48154	0.20037	8600.43457	0.08008	12030	1	0.49356	0.12580	1	0.50086	0.26627	1	0.49721	0.19604	1	0.49261	0.52523	11.67616	1.05912	1	0.75411	0.55136	12.51951	1.06780	1	-0.00154	-0.00768	0.68279	0.00234	1	0.06898	-0.01317	0.70822	0.00394	1	1.45898	0.81042	0	
1275292	8600.52148	3306804812522	0.48048	0.19950	8600.43457	0.08691	12030	1	0.48034	0.09711	1	0.45295	0.27916	1	0.46664	0.18813	1	0.49257	0.52523	11.69387	1.07581	1	0.75413	0.55171	12.93652	1.08450	1	-0.00154	-0.00768	0.68279	0.00232	1	0.06898	-0.01317	0.70822	0.00394	1	1.45898	0.81042	0	
1275293	8600.52832	3306804878530	0.47949	0.19795	8600.43457	0.09375	12030	1	0.47807	0.08024	1	0.45308	0.27236	1	0.46558	0.17630	1	0.49287	0.52512	11.79882	1.09251	1	0.75397	0.55114	12.08892	1.09251	1	-0.00154	-0.00768	0.68279	0.00231	1	0.06534	-0.01252	0.67034	0.00405	1	1.45898	0.81042	0	
1275294	8600.53516	3306804945425	0.47925	0.19780	8600.43457	0.10059	12030	1	0.50574	0.09293	1	0.44581	0.29818	1	0.47577	0.19555	1	0.49281	0.52509	11.87479	1.09251	1	0.75402	0.55193	12.42173	1.08383	1	-0.00154	-0.00768	0.68279	0.00233	1	0.06534	-0.01252	0.67034	0.00392	1	1.45898	0.81042	0	
1275295	8600.54199	3306805012823	0.47903	0.19779	8600.43457	0.10742	12030	1	0.48972	0.07715	1	0.46121	0.31793	1	0.47546	0.19754	1	0.49267	0.52507	11.40133	1.08383	1	0.75426	0.55203	13.00876	1.07515	1	-0.00154	-0.00768	0.68279	0.00243	1	0.06534	-0.01252	0.67034	0.00389	1	1.45898	0.81042	0	
1275296	8600.54785	3306805075700	0.47883	0.19793	8600.43457	0.11328	12030	1	0.48966	0.07674	1	0.46104	0.32388	1	0.47535	0.20031	1	0.49284	0.52490	11.24337	1.08424	1	0.75440	0.55154	12.92768	1.06790	1	-0.00153	-0.00791	0.70282	0.00237	1	0.06335	-0.01213	0.64943	0.00415	1	1.45898	0.81042	0	
1275297	8600.55566	3306805147099	0.47857	0.19801	8600.43457	0.12109	12030	1	0.48178	0.13234	1	0.46620	0.26680	1	0.47399	0.19957	1	0.49284	0.52505	11.93156	1.07698	1	0.75439	0.55151	13.02971	1.06932	1	-0.00153	-0.00791	0.70282	0.00236	1	0.06335	-0.01213	0.64943	0.00415	1	1.45898	0.81042	0	
1275298	8600.56152	3306805211950	0.47793	0.19995	8600.43457	0.12695	12030	1	0.46814	0.14269	1	0.46314	0.33085	1	0.46564	0.23677	1	0.49303	0.52507	11.19720	1.07841	1	0.75438	0.55200	13.05995	1.07075	1	-0.00153	-0.00791	0.70282	0.00236	1	0.06335	-0.01213	0.64943	0.00392	1	1.45898	0.81042	0	
1275299	8600.56836	3306805278247	0.47739	0.20222	8600.43457	0.13379	12030	1	0.47043	0.15783	1	0.46293	0.33736	1	0.46668	0.24759	1	0.49324	0.52502	11.29197	1.06273	1	0.75484	0.55178	12.68871	1.06273	1	-0.00133	-0.00737	0.65508	0.00246	1	0.06726	-0.01287	0.68890	0.00393	1	1.45898	0.81042	0	
1275300	8600.57520	3306805347607	0.47803	0.20335	8600.43457	0.14062	12030	1	0.48625	0.13569	1	0.49664	0.31851	1	0.49144	0.22710	1	0.49323	0.52480	11.48898	1.04563	1	0.75483	0.55185	12.68849	1.05329	1	-0.00133	-0.00737	0.65508	0.00236	1	0.06726	-0.01287	0.68890	0.00391	1	1.45898	0.81042	0	
1275301	8600.58203	3306805414459	0.47879	0.20407	8600.43457	0.14746	12030	1	0.49091	0.12077	1	0.50041	0.31911	1	0.49566	0.21994	1	0.49326	0.52484	11.54394	1.03619	1	0.75490	0.55181	12.23918	1.04385	1	-0.00133	-0.00737	0.65508	0.00239	1	0.06726	-0.01287	0.68890	0.00395	1	1.45898	0.81042	0	
1275302	8600.58887	3306805481185	0.47951	0.20510	8600.43457	0.15430	12030	1	0.49217	0.13044	1	0.49983	0.32712	1	0.49600	0.22878	1	0.49329	0.52494	11.88713	1.02674	1	0.75508	0.55162	12.21451	1.03440	1	-0.00133	-0.00732	0.65508	0.00232	1	0.06611	-0.01270	0.67713	0.00404	1	1.45898	0.81042	0	
1275303	8600.59570	3306805548439	0.48033	0.20689	8600.43457	0.16113	12030	1	0.49026	0.18857	1	0.50951	0.31099	1	0.49989	0.24978	1	0.49329	0.52495	11.87209	1.03440	1	0.75505	0.55153	11.90558	1.03440	1	-0.00133	-0.00732	0.65508	0.00232	1	0.06611	-0.01270	0.67713	0.00404	1	1.45898	0.81042	0	
1275304	8600.60156	3306805615140	0.48083	0.20754	8600.43457	0.16699	12030	1	0.48663	0.16076	1	0.50001	0.28663	1	0.49332	0.22369	1	0.49330	0.52499	12.07372	1.03440	1	0.75496	0.55150	12.15311	1.03440	1	-0.00133	-0.00732	0.65508	0.00232	1	0.06611	-0.01270	0.67713	0.00399	1	1.45898	0.81042	0	
1275305	8600.60840	3306805682619	0.48129	0.20771	8600.43457	0.17383	12030	1	0.48553	0.15284	1	0.50103	0.27182	1	0.49328	0.21233	1	0.49349	0.52473	11.98370	1.04242	1	0.75506	0.55120	12.14922	1.05110	1	-0.00133	-0.00770	0.68410	0.00235	1	0.07041	-0.01351	0.72061	0.00388	1	1.45898	0.81042	0	
1275306	8600.61523	3306805749360	0.48151	0.20669	8600.43457	0.18066	12030	1	0.49330	0.12702	1	0.48164	0.23092	1	0.48747	0.17897	1	0.49333	0.52489	11.78590	1.05912	1	0.75493	0.55108	12.48397	1.06780	1	-0.00133	-0.00770	0.68410	0.00237	1	0.07041	-0.01351	0.72061	0.00391	1	1.45898	0.81042	0	
1275307	8600.62207	3306805815937	0.48172	0.20634	8600.43457	0.18750	12030	1	0.49322	0.17759	1	0.48235	0.21574	1	0.48779	0.19666	1	0.49334	0.52489	11.70859	1.07581	1	0.75493	0.55108	12.48397	1.08450	1	-0.00133	-0.00770	0.68410	0.00239	1	0.07041	-0.01351	0.72061	0.00391	1	1.45898	0.81042	0	
1275308	8600.62891	3306805883095	0.48190	0.20550	8600.43457	0.19434	12030	1	0.49111	0.16199	1	0.48306	0.20055	1	0.48709	0.18127	1	0.49346	0.52499	11.45090	1.09251	1	0.75487	0.55161	12.65010	1.10119	1	-0.00133	-0.00770	0.68410	0.00236	1	0.07041	-0.01351	0.72061	0.00386	1	1.45898	0.81042	0	
1275309	8600.63574	3306805950375	0.48199	0.20485	8600.43457	0.20117	12030	1	0.50365	0.14431	1	0.46566	0.22590	1	0.48466	0.18510	1	0.49360	0.52501	11.80332	1.10119	1	0.75507	0.55146	12.16100	1.10119	1	-0.00133	-0.00770	0.68410	0.00237	1	0.07041	-0.01351	0.72061	0.00398	1	1.45898	0.81042	0	
1275310	8600.64258	3306806017547	0.48213	0.20351	8600.43457	0.20801	12030	1	0.51552	0.13604	1	0.45713	0.18835	1	0.48633	0.16219	1	0.49369	0.52490	11.72578	1.10119	1	0.75495	0.55108	12.22206	1.10119	1	-0.00133	-0.00770	0.68410	0.00241	1	0.07041	-0.01351	0.72061	0.00388	1	1.45898	0.81042	0	
1275311	8600.64844	3306806084247	0.48224	0.20200	8600.43457	0.21387	12030	1	0.51455	0.12742	1	0.45732	0.18001	1	0.48593	0.15371	1	0.49371	0.52492	11.75057	1.11028	1	0.75487	0.55161	12.31791	1.11028	1	-0.00132	-0.00788	0.70520	0.00242	1	0.07041	-0.01357	0.72061	0.00395	1	1.45898	0.81042	0	
1275312	8600.65527	3306806151336	0.48155	0.20157	8600.43457	0.22070	12030	1	0.48729	0.07492	1	0.42994	0.29968	1	0.45862	0.18730	1	0.49349	0.52498	11.38746	1.11936	1	0.75460	0.55215	12.85491	1.11936	1	-0.00132	-0.00788	0.70520	0.00240	1	0.07041	-0.01357	0.72061	0.00400	1	1.45898	0.81042	0	
1275313	8600.66211	3306806217861	0.48108	0.20136	8600.43457	0.22754	12030	1	0.49864	0.10729	1	0.43142	0.28106	1	0.46503	0.19417	1	0.49354	0.52501	11.47886	1.12845	1	0.75460	0.55202	12.79287	1.12845	1	-0.00132	-0.00788	0.70520	0.00241	1	0.07041	-0.01357	0.72061	0.00402	1	1.45898	0.81042	0	
1275314	8600.66895	3306806285425	0.48062	0.20094	8600.43457	0.23438	12030	1	0.49758	0.09863	1	0.43140	0.27368	1	0.46449	0.18615	1	0.49356	0.52507	11.68005	1.13754	1	0.75510	0.55170	12.10796	1.13754	1	-0.00132	-0.00788	0.70520	0.00237	1	0.07041	-0.01351	0.72061	0.00400	1	1.45898	0.81042	0	
1275315	8600.67578	3306806351798	0.48028	0.20108	8600.43457	0.24121	12030	1	0.50793	0.12240	1	0.42835	0.28962	1	0.46814	0.20601	1	0.49359	0.52505	11.90780	1.13754	1	0.75454	0.55228	12.84174	1.13754	1	-0.00132	-0.00788	0.70520	0.00238	1	0.07041	-0.01351	0.72061	0.00401	1	1.45898	0.81042	0	
1275316	8600.68262	3306806419270	0.48020	0.20083	8600.43457	0.24805	12030	1	0.49946	0.11006	1	0.45511	0.27343	1	0.47728	0.19175	1	0.49359	0.52501	11.79439	1.13754	1	0.75498	0.55200	13.46964	1.13754	1	-0.00132	-0.00788	0.70520	0.00238	1	0.07041	-0.01351	0.72061	0.00393	1	1.45898	0.81042	0	
1275317	8600.68945	3306806485761	0.48012	0.20060	8600.43457	0.25488	12030	1	0.49946	0.11006	1	0.45511	0.27343	1	0.47728	0.19175	1	0.49365	0.52497	11.85229	1.13754	1	0.75496	0.55203	13.42800	1.13754	1	-0.00132	-0.00791	0.70290	0.00234	1	0.07041	-0.01351	0.72061	0.00393	1	1.45898	0.81042	0	
1275318	8600.69531	3306806552097	0.47984	0.20056	8600.43457	0.26074	12030	1	0.50049	0.09522	1	0.43699	0.30301	1	0.46874	0.19912	1	0.49356	0.52485	12.37355	1.13754	1	0.75471	0.55238	13.25031	1.13754	1	-0.00132	-0.00791	0.70290	0.00234	1	0.07041	-0.01351	0.72061	0.00390	1	1.45898	0.81042	0	
1275319	8600.70215	3306806620092	0.47981	0.19978	8600.43457	0.26758	12030	1	0.50060	0.11202	1	0.45644	0.22510	1	0.47852	0.16856	1	0.49361	0.52507	11.72639	1.13754	1	0.75502	0.55162	12.24747	1.13754	1	-0.00132	-0.00791	0.70290	0.00237	1	0.07041	-0.01351	0.72061	0.00420	1	1.45898	0.81042	0	
1275320	8600.70898	3306806687230	0.47979	0.19923	8600.43457	0.27441	12030	1	0.50164	0.12056	1	0.45627	0.23288	1	0.47895	0.17672	1	0.49352	0.52500	11.55233	1.12845	1	0.75503	0.55147	12.25619	1.12845	1	-0.00133	-0.00764	0.68410	0.00243	1	0.07041	-0.01351	0.72061	0.00411	1	1.45898	0.81042	0	
1275321	8600.71582	3306806753776	0.47978	0.19749	8600.43457	0.28125	12030	1	0.50080	0.11377	1	0.45819	0.13497	1	0.47950	0.12437	1	0.49353	0.52480	12.27031	1.11936	1	0.75496	0.55065	11.59634	1.11936	1	-0.00133	-0.00764	0.68410	0.00234	1	0.07041	-0.01351	0.72061	0.00423	1	1.45898	0.81042	0	
1275322	8600.72266	3306806821261	0.47994	0.19758	8600.43457	0.28809	12030	1	0.50148	0.14648	1	0.47222	0.25647	1	0.48685	0.20147	1	0.49350	0.52494	11.97881	1.11028	1	0.75519	0.55181	13.15363	1.11028	1	-0.00133	-0.00764	0.68410	0.00236	1	0.07041	-0.01351	0.72061	0.00389	1	1.45898	0.81042	0	
1275323	8600.72852	3306806885112	0.48010	0.19785	8600.43457	0.29395	12030	1	0.50254	0.15495	1	0.47192	0.26420	1	0.48723	0.20958	1	0.49355	0.52501	12.13533	1.10119	1	0.75481	0.55173	12.30767	1.10119	1	-0.00133	-0.00770	0.68410	0.00236	1	0.07041	-0.01351	0.72061	0.00396	1	1.45898	0.81042	0	
1275324	8600.73535	3306806952282	0.48032	0.19781	8600.43457	0.30078	12030	1	0.50123	0.15061	1	0.47896	0.24214	1	0.49010	0.19637	1	0.49354	0.52493	12.41359	1.10119	1	0.75532	0.55148	12.59348	1.10119	1	-0.00133	-0.00770	0.68410	0.00236	1	0.07041	-0.01351	0.72061	0.00409	1	1.45898	0.81042	0	
1275325	8600.74219	3306807020615	0.47986	0.19797	8600.43457	0.30762	12030	1	0.48796	0.13691	1	0.42971	0.27349	1	0.45883	0.20520	1	0.49339	0.52490	12.03988	1.10119	1	0.75455	0.55176	12.76776	1.10119	1	-0.00133	-0.00770	0.68410	0.00244	1	0.07041	-0.01351	0.72061	0.00394	1	1.45898	0.81042	0	
1275326	8600.74902	3306807087626	0.47943	0.19812	8600.43457	0.31445	12030	1	0.48796	0.13691	1	0.42971	0.27349	1	0.45883	0.20520	1	0.49333	0.52496	11.68301	1.10119	1	0.75497	0.55043	11.86364	1.10119	1	-0.00133	-0.00764	0.68410	0.00241	1	0.07041	-0.01351	0.72061	0.00406	1	1.45898	0.81042	0	
1275327	8600.75586	3306807151319	0.47969	0.19703	8600.43457	0.32129	12030	1	0.49375	0.13845	1	0.48623	0.27302	1	0.48999	0.20573	1	0.49346	0.52499	11.74977	1.10119	1	0.75505	0.55165	12.36503	1.10119	1	-0.00133	-0.00764	0.68410	0.00243	1	0.07041	-0.01351	0.72061	0.00392	1	1.45898	0.81042	0	
1275328	8600.76270	3306807220366	0.47991	0.19641	8600.43457	0.32812	12030	1	0.48712	0.13627	1	0.45800	0.21458	1	0.47256	0.17542	1	0.49336	0.52486	11.83611	1.10119	1	0.75497	0.55138	12.26803	1.10119	1	-0.00133	-0.00764	0.68410	0.00244	1	0.07041	-0.01351	0.72061	0.00391	1	1.45898	0.81042	0	
1275329	8600.76953	3306807285789	0.48013	0.19578	8600.43457	0.33496	12030	1	0.48712	0.13627	1	0.45800	0.21458	1	0.47256	0.17542	1	0.49339	0.52485	11.97152	1.10119	1	0.75519	0.55128	11.98214	1.10119	1	-0.00133	-0.00770	0.68410	0.00235	1	0.07041	-0.01351	0.72061	0.00392	1	1.45898	0.81042	0	
1275330	8600.77637	3306807354041	0.48073	0.19464	8600.43457	0.34180	12030	1	0.49344	0.09513	1	0.51220	0.14639	1	0.50282	0.12076	1	0.49348	0.52487	12.15187	1.10119	1	0.75503	0.55069	12.16544	1.10119	1	-0.00133	-0.00770	0.68410	0.00238	1	0.07041	-0.01351	0.72061	0.00420	1	1.45898	0.81042	0	
1275331	8600.78320	3306807422541	0.48072	0.19470	8600.43457	0.34863	12030	1	0.49428	0.12369	1	0.47256	0.23834	1	0.48342	0.18101	1	0.49341	0.52492	12.12838	1.10119	1	0.75489	0.55141	12.16584	1.10119	1	-0.00133	-0.00770	0.68410	0.00238	1	0.07041	-0.01351	0.72061	0.00390	1	1.45898	0.81042	0	
1275332	8600.78906	3306807488721	0.48072	0.19500	8600.43457	0.35449	12030	1	0.49526	0.13140	1	0.47200	0.25294	1	0.48363	0.19217	1	0.49338	0.52500	12.09938	1.09318	1	0.75501	0.55144	12.36039	1.08450	1	-0.00133	-0.00737	0.65508	0.00243	1	0.06611	-0.01270	0.67713	0.00399	1	1.45898	0.81042	0	
1275333	8600.79590	3306807557520	0.48145	0.19506	8600.43457	0.36133	12030	1	0.48873	0.17182	1	0.52230	0.20299	1	0.50551	0.18741	1	0.49329	0.52502	12.06164	1.07648	1	0.75517	0.55127	12.07364	1.06780	1	-0.00133	-0.00737	0.65508	0.00239	1	0.06611	-0.01270	0.67713	0.00411	1	1.45898	0.81042	0	
1275334	8600.80273	3306807624857	0.48179	0.19595	8600.43457	0.36816	12030	1	0.48869	0.15265	1	0.49899	0.30506	1	0.49384	0.22886	1	0.49325	0.52498	12.15604	1.05978	1	0.75489	0.55150	12.39794	1.05110	1	-0.00133	-0.00737	0.65508	0.00232	1	0.06611	-0.01270	0.67713	0.00401	1	1.45898	0.81042	0	
1275335	8600.80957	3306807691289	0.48213	0.19699	8600.43457	0.37500	12030	1	0.49090	0.16888	1	0.49799	0.31933	1	0.49445	0.24411	1	0.49321	0.52493	11.78492	1.04308	1	0.75490	0.55115	12.16335	1.03440	1	-0.00133	-0.00732	0.65508	0.00238	1	0.06675	-0.01287	0.68371	0.00404	1	1.45898	0.81042	0	
1275336	8600.81641	3306807758802	0.48211	0.19875	8600.43457	0.38184	12030	1	0.49202	0.21287	1	0.48981	0.33419	1	0.49092	0.27353	1	0.49325	0.52496	11.80087	1.03440	1	0.75474	0.55206	12.38801	1.03440	1	-0.00133	-0.00732	0.65508	0.00237	1	0.06675	-0.01287	0.68371	0.00375	1	1.45898	0.81042	0	
1275337	8600.82324	3306807825778	0.48178	0.19930	8600.43457	0.38867	12030	1	0.49202	0.21287	1	0.47849	0.29864	1	0.48525	0.25575	1	0.49325	0.52496	11.80087	1.03440	1	0.75458	0.55198	12.92205	1.03440	1	-0.00133	-0.00732	0.65508	0.00237	1	0.06675	-0.01287	0.68371	0.00386	1	1.45898	0.81042	0	
1275338	8600.83008	3306807893471	0.48145	0.19979	8600.43457	0.39551	12030	1	0.49096	0.20535	1	0.47882	0.29164	1	0.48489	0.24849	1	0.49324	0.52505	12.02593	1.04242	1	0.75484	0.55179	12.60006	1.04242	1	-0.00143	-0.00768	0.68276	0.00241	1	0.06675	-0.01287	0.68371	0.00395	1	1.45898	0.81042	0	
1275339	8600.83594	3306807959008	0.48154	0.20108	8600.43457	0.40137	12030	1	0.51114	0.22415	1	0.49219	0.29251	1	0.50166	0.25833	1	0.49312	0.52525	11.97802	1.05044	1	0.75477	0.55164	12.61706	1.05044	1	-0.00143	-0.00768	0.68276	0.00242	1	0.06675	-0.01287	0.68371	0.00391	1	1.45898	0.81042	0	
1275340	8600.84277	3306808026582	0.48252	0.20283	8600.43457	0.40820	12030	1	0.53498	0.19488	1	0.49290	0.34900	1	0.51394	0.27194	1	0.49323	0.52518	11.72632	1.05845	1	0.75475	0.55204	12.57565	1.05845	1	-0.00143	-0.00768	0.68276	0.00241	1	0.06675	-0.01287	0.68371	0.00374	1	1.45898	0.81042	0	
1275341	8600.84961	3306808093585	0.49616	0.22662	8600.43457	0.40820	12030	0	0.53334	0.17897	1	0.49381	0.33520	1	0.51357	0.25708	1	0.49289	0.52507	11.60096	1.07556	1	0.75429	0.55186	13.13724	1.07556	1	-0.00153	-0.00791	0.70282	0.00237	1	0.06534	-0.01262	0.67034	0.00393	1	1.45898	0.81042	0	
1275342	8600.85645	3306808160797	0.49642	0.18963	8600.43457	0.40820	12030	0	0.51905	0.09917	1	0.47431	0.20613	1	0.49668	0.15265	1	0.49297	0.52490	12.05396	1.08464	1	0.75443	0.55104	12.92354	1.08464	1	-0.00153	-0.00791	0.70282	0.00242	1	0.06534	-0.01262	0.67034	0.00428	1	1.45898	0.81042	0	
1275343	8600.86328	3306808227580	0.49397	0.17808	8600.43457	0.40820	12030	0	0.50906	0.06629	1	0.46907	0.24368	1	0.48907	0.15498	1	0.49289	0.52503	11.48339	1.09373	1	0.75436	0.55135	12.82336	1.09373	1	-0.00153	-0.00791	0.70282	0.00238	1	0.06534	-0.01262	0.67034	0.00422	1	1.45898	0.81042	0	
1275344	8600.87012	3306808294937	0.49274	0.17231	8600.84961	0.02051	12031	1	0.50906	0.06629	1	0.46907	0.24368	1	0.48907	0.15498	1	0.49270	0.52511	11.80433	1.09373	1	0.75405	0.55143	12.06405	1.09373	1	-0.00154	-0.00768	0.68279	0.00236	1	0.06649	-0.01279	0.68212	0.00409	1	1.45898	0.81042	0	
1275345	8600.87695	3306808361773	0.49656	0.19325	8600.84961	0.02734	12031	1	0.53432	0.31448	1	0.48936	0.23957	1	0.51184	0.27702	1	0.49317	0.52722	11.07618	1.08464	1	0.75429	0.55132	12.01570	1.08464	1	-0.00154	-0.00768	0.68279	0.00387	1	0.06649	-0.01279	0.68212	0.00415	1	1.45898	0.81042	0	
1275346	8600.88379	3306808428820	0.49486	0.19356	8600.84961	0.03418	12031	1	0.49606	0.14500	1	0.47666	0.24526	1	0.48636	0.19513	1	0.49267	0.52502	12.18976	1.07556	1	0.75411	0.55118	12.44860	1.07556	1	-0.00154	-0.00768	0.68279	0.00237	1	0.06649	-0.01279	0.68212	0.00414	1	1.45898	0.81042	0	
1275347	8600.88965	3306808495810	0.49370	0.19499	8600.84961	0.04004	12031	1	0.49719	0.15376	1	0.47632	0.25334	1	0.48676	0.20355	1	0.49258	0.52505	12.16838	1.06647	1	0.75420	0.55079	11.83975	1.06647	1	-0.00154	-0.00768	0.68279	0.00235	1	0.06606	-0.01273	0.67870	0.00414	1	1.45898	0.81042	0	
1275348	8600.89648	3306808562471	0.49344	0.19710	8600.84961	0.04688	12031	1	0.48464	0.11628	1	0.49848	0.30752	1	0.49156	0.21190	1	0.49251	0.52526	11.99351	1.06647	1	0.75410	0.55181	12.63192	1.06647	1	-0.00154	-0.00768	0.68279	0.00235	1	0.06606	-0.01273	0.67870	0.00393	1	1.45898	0.81042	0	
1275349	8600.90332	3306808628886	0.49432	0.19548	8600.84961	0.05371	12031	1	0.48403	0.10808	1	0.51880	0.25694	1	0.50141	0.18251	1	0.49254	0.52505	12.18553	1.06647	1	0.75434	0.55127	12.14910	1.06647	1	-0.00154	-0.00768	0.68279	0.00234	1	0.06606	-0.01273	0.67870	0.00423	1	1.45898	0.81042	0	
1275350	8600.91016	3306808696759	0.49506	0.19495	8600.84961	0.06055	12031	1	0.48511	0.11617	1	0.51819	0.26407	1	0.50165	0.19012	1	0.49236	0.52511	12.20689	1.05845	1	0.75404	0.55103	12.37726	1.05845	1	-0.00151	-0.00733	0.65135	0.00241	1	0.06605	-0.01267	0.67862	0.00419	1	1.45898	0.81042	0	
1275351	8600.91699	3306808762000	0.49409	0.19567	8600.84961	0.06738	12031	1	0.47801	0.11648	1	0.49082	0.28925	1	0.48441	0.20287	1	0.49243	0.52501	12.05855	1.05044	1	0.75398	0.55144	12.64505	1.05044	1	-0.00151	-0.00733	0.65135	0.00237	1	0.06605	-0.01267	0.67862	0.00401	1	1.45898	0.81042	0	
1275352	8600.92383	3306808830673	0.49316	0.19883	8600.84961	0.07422	12031	1	0.49304	0.12223	1	0.47277	0.34496	1	0.48290	0.23360	1	0.49230	0.52501	12.12876	1.04242	1	0.75369	0.55193	13.03228	1.04242	1	-0.00151	-0.00733	0.65135	0.00243	1	0.06605	-0.01267	0.67862	0.00376	1	1.45898	0.81042	0	
1275353	8600.93066	3306808898379	0.49236	0.20174	8600.84961	0.08105	12031	1	0.49304	0.12223	1	0.47249	0.35125	1	0.48277	0.23674	1	0.49221	0.52522	11.83877	1.04242	1	0.75371	0.55179	13.05956	1.03476	1	-0.00165	-0.00780	0.68908	0.00234	1	0.06375	-0.01224	0.65552	0.00376	1	1.45898	0.81042	0	
1275354	8600.93652	3306808965001	0.49296	0.21050	8600.84961	0.08691	12031	1	0.53930	0.27823	1	0.46218	0.37033	1	0.50074	0.32428	1	0.49243	0.52714	11.10457	1.04278	1	0.75363	0.55212	13.36033	1.03512	1	-0.00165	-0.00780	0.68908	0.00381	1	0.06375	-0.01224	0.65552	0.00383	1	1.45898	0.81042	0	
1275355	8600.94336	3306809028856	0.49273	0.21142	8600.84961	0.09375	12031	1	0.51386	0.13878	1	0.46520	0.31007	1	0.48953	0.22443	1	0.49219	0.52520	11.86883	1.04313	1	0.75361	0.55147	12.81862	1.03548	1	-0.00165	-0.00780	0.68908	0.00235	1	0.06375	-0.01224	0.65552	0.00420	1	1.45898	0.81042	0	
1275356	8600.95020	3306809097799	0.49250	0.21169	8600.84961	0.10059	12031	1	0.51278	0.12935	1	0.46547	0.30195	1	0.48913	0.21565	1	0.49212	0.52513	11.70081	1.05258	1	0.75322	0.55221	12.63669	1.04492	1	-0.00176	-0.00801	0.71244	0.00242	1	0.06375	-0.01224	0.65552	0.00388	1	1.45898	0.81042	0	
1275357	8600.95703	3306809165811	0.49208	0.21280	8600.84961	0.10742	12031	1	0.50963	0.13064	1	0.46107	0.33068	1	0.48535	0.23066	1	0.49208	0.52516	12.04261	1.05400	1	0.75350	0.55205	13.34171	1.05400	1	-0.00176	-0.00801	0.71244	0.00233	1	0.06375	-0.01224	0.65552	0.00384	1	1.45898	0.81042	0	
1275358	8600.96289	3306809227873	0.49239	0.21094	8600.84961	0.11328	12031	1	0.52200	0.13158	1	0.47321	0.22707	1	0.49760	0.17932	1	0.49220	0.52525	11.86445	1.06309	1	0.75364	0.55105	12.95522	1.06309	1	-0.00176	-0.00801	0.71244	0.00253	1	0.06375	-0.01224	0.65552	0.00426	1	1.45898	0.81042	0	
1275359	8600.96973	3306809297071	0.49265	0.20883	8600.84961	0.12012	12031	1	0.52104	0.12261	1	0.47353	0.21875	1	0.49728	0.17068	1	0.49253	0.52741	11.67237	1.07218	1	0.75357	0.55142	13.00068	1.07218	1	-0.00176	-0.00801	0.71244	0.00370	1	0.06375	-0.01224	0.65552	0.00415	1	1.45898	0.81042	0	
1275360	8600.97656	3306809362384	0.49178	0.20959	8600.84961	0.12695	12031	1	0.51392	0.11155	1	0.43659	0.33649	1	0.47526	0.22402	1	0.49219	0.52532	12.15810	1.07218	1	0.75314	0.55216	12.63316	1.07218	1	-0.00176	-0.00801	0.71244	0.00236	1	0.06375	-0.01224	0.65552	0.00388	1	1.45898	0.81042	0	
1275361	8600.98340	3306809429539	0.49159	0.21378	8600.84961	0.13379	12031	1	0.53972	0.26996	1	0.43586	0.32522	1	0.48779	0.29759	1	0.49254	0.52725	11.22027	1.07218	1	0.75313	0.55214	12.61806	1.07218	1	-0.00176	-0.00801	0.71244	0.00385	1	0.06375	-0.01224	0.65552	0.00394	1	1.45898	0.81042	0	
1275362	8600.99023	3306809498970	0.49141	0.21759	8600.84961	0.14062	12031	1	0.53972	0.26996	1	0.43586	0.32522	1	0.48779	0.29759	1	0.49258	0.52741	11.32440	1.07218	1	0.75326	0.55126	12.23946	1.07218	1	-0.00176	-0.00801	0.71244	0.00380	1	0.06375	-0.01224	0.65552	0.00428	1	1.45898	0.81042	0	
1275363	8600.99707	3306809563190	0.49098	0.21542	8600.84961	0.14746	12031	1	0.49494	0.10436	1	0.46786	0.23119	1	0.48140	0.16778	1	0.49199	0.52516	11.84610	1.07218	1	0.75355	0.55106	12.73977	1.07218	1	-0.00176	-0.00801	0.71244	0.00239	1	0.06375	-0.01224	0.65552	0.00427	1	1.45898	0.81042	0	
1275364	8601.00391	3306809630831	0.49026	0.21551	8600.84961	0.15430	12031	1	0.51271	0.11652	1	0.43454	0.31854	1	0.47362	0.21753	1	0.49213	0.52526	11.80905	1.07218	1	0.75309	0.55208	12.52498	1.07218	1	-0.00176	-0.00801	0.71244	0.00239	1	0.06375	-0.01224	0.65552	0.00390	1	1.45898	0.81042	0	
1275365	8601.01074	3306809698950	0.48959	0.21559	8600.84961	0.16113	12031	1	0.51271	0.11652	1	0.43454	0.31854	1	0.47362	0.21753	1	0.49214	0.52536	12.03227	1.07218	1	0.75363	0.55149	12.98036	1.07218	1	-0.00176	-0.00801	0.71244	0.00241	1	0.06375	-0.01224	0.65552	0.00415	1	1.45898	0.81042	0	
1275366	8601.01758	3306809768335	0.49010	0.21921	8600.84961	0.16797	12031	1	0.53444	0.34081	1	0.47107	0.27842	1	0.50275	0.30961	1	0.49239	0.52765	11.97841	1.07218	1	0.75362	0.55154	12.98859	1.07218	1	-0.00176	-0.00801	0.71244	0.00370	1	0.06375	-0.01224	0.65552	0.00413	1	1.45898	0.81042	0	
1275367	8601.02441	3306809835621	0.49057	0.22192	8600.84961	0.17480	12031	1	0.53821	0.29521	1	0.46764	0.28958	1	0.50292	0.29240	1	0.49248	0.52756	12.06549	1.07218	1	0.75360	0.55156	13.04227	1.07218	1	-0.00176	-0.00801	0.71244	0.00372	1	0.06375	-0.01224	0.65552	0.00413	1	1.45898	0.81042	0	
1275368	8601.03027	3306809902282	0.49101	0.22443	8600.84961	0.18066	12031	1	0.53821	0.29521	1	0.46764	0.28958	1	0.50292	0.29240	1	0.49264	0.52774	12.16315	1.07218	1	0.75322	0.55177	12.35280	1.07218	1	-0.00171	-0.00784	0.69187	0.00368	1	0.06375	-0.01224	0.65552	0.00418	1	1.45898	0.81042	0	
1275369	8601.03711	3306809969462	0.49165	0.22695	8600.84961	0.18750	12031	1	0.55080	0.29272	1	0.46839	0.30202	1	0.50959	0.29737	1	0.49265	0.52754	11.75547	1.07218	1	0.75360	0.55192	13.21174	1.07218	1	-0.00171	-0.00784	0.69187	0.00376	1	0.06375	-0.01224	0.65552	0.00385	1	1.45898	0.81042	0	
1275370	8601.04395	3306810036230	0.49155	0.22602	8600.84961	0.19434	12031	1	0.51119	0.13419	1	0.46576	0.26388	1	0.48848	0.19903	1	0.49212	0.52548	11.76559	1.07218	1	0.75354	0.55145	12.82647	1.07218	1	-0.00171	-0.00784	0.69187	0.00248	1	0.06375	-0.01224	0.65552	0.00409	1	1.45898	0.81042	0	
1275371	8601.05078	3306810099467	0.48955	0.25099	8600.84961	0.19434	12031	0	0.51119	0.13419	1	0.46576	0.26388	1	0.48848	0.19903	1	0.49270	0.52783	12.24718	1.07218	1	0.75325	0.55184	13.17462	1.07218	1	-0.00176	-0.00812	0.71244	0.00365	1	0.06375	-0.01234	0.65552	0.00421	1	1.45898	0.81042	0	
1275372	8601.05664	3306810166074	0.49631	0.27485	8600.84961	0.19434	12031	0	0.54208	0.34850	1	0.46405	0.24891	1	0.50306	0.29870	1	0.49247	0.52802	12.06215	1.07218	1	0.75356	0.55126	13.17742	1.07218	1	-0.00176	-0.00812	0.71244	0.00369	1	0.06375	-0.01234	0.65552	0.00407	1	1.45898	0.81042	0	
1275373	8601.06348	3306810233152	0.50177	0.28595	8600.84961	0.19434	12031	0	0.55891	0.30429	1	0.46651	0.31200	1	0.51271	0.30815	1	0.49279	0.52773	12.07673	1.07218	1	0.75362	0.55205	13.28135	1.07218	1	-0.00176	-0.00812	0.71244	0.00387	1	0.06375	-0.01234	0.65552	0.00388	1	1.45898	0.81042	0	
1275374	8601.07031	3306810300566	0.50451	0.29150	8601.05078	0.01953	12032	1	0.55891	0.30429	1	0.46651	0.31200	1	0.51271	0.30815	1	0.49263	0.52766	12.03497	1.07218	1	0.75348	0.55185	13.00744	1.07218	1	-0.00171	-0.00794	0.69187	0.00367	1	0.06375	-0.01234	0.65552	0.00395	1	1.45898	0.81042	0	
1275375	8601.07715	3306810369357	0.49938	0.29727	8601.05078	0.02637	12032	1	0.53156	0.30190	1	0.42623	0.33884	1	0.47890	0.32037	1	0.49229	0.52734	11.40369	1.07218	1	0.75294	0.55233	12.97973	1.07218	1	-0.00171	-0.00794	0.69187	0.00363	1	0.06375	-0.01234	0.65552	0.00399	1	1.45898	0.81042	0	
1275376	8601.08398	3306810436329	0.50080	0.29927	8601.05078	0.03320	12032	1	0.53949	0.33359	1	0.47623	0.28493	1	0.50786	0.30926	1	0.49246	0.52758	11.30372	1.07218	1	0.75371	0.55162	12.82455	1.07218	1	-0.00171	-0.00794	0.69187	0.00356	1	0.06375	-0.01234	0.65552	0.00391	1	1.45898	0.81042	0	
1275377	8601.09082	3306810502693	0.50189	0.30224	8601.05078	0.04004	12032	1	0.54106	0.34707	1	0.47588	0.29301	1	0.50847	0.32004	1	0.49261	0.52561	12.12923	1.05507	1	0.75367	0.55212	12.76599	1.06273	1	-0.00151	-0.00743	0.65135	0.00243	1	0.06605	-0.01278	0.67862	0.00408	1	1.45898	0.81042	0	
1275378	8601.09766	3306810569539	0.50133	0.28948	8601.05078	0.04688	12032	1	0.49776	0.14559	1	0.49695	0.25473	1	0.49736	0.20016	1	0.49267	0.52543	12.02597	1.04563	1	0.75409	0.55165	12.31290	1.05329	1	-0.00151	-0.00743	0.65135	0.00238	1	0.06605	-0.01278	0.67862	0.00391	1	1.45898	0.81042	0	
1275379	8601.10449	3306810636700	0.50105	0.28100	8601.05078	0.05371	12032	1	0.50126	0.16318	1	0.49641	0.26323	1	0.49883	0.21321	1	0.49269	0.52542	11.79044	1.03619	1	0.75409	0.55165	12.31290	1.04385	1	-0.00151	-0.00743	0.65135	0.00240	1	0.06605	-0.01278	0.67862	0.00391	1	1.45898	0.81042	0	
1275380	8601.11133	3306810706054	0.50083	0.27436	8601.05078	0.06055	12032	1	0.50144	0.16458	1	0.49633	0.26452	1	0.49888	0.21455	1	0.49309	0.52719	11.26308	1.03476	1	0.75450	0.55197	13.09191	1.04242	1	-0.00154	-0.00778	0.68279	0.00377	1	0.06605	-0.01278	0.67862	0.00383	1	1.45898	0.81042	0	
1275381	8601.11816	3306810773164	0.50281	0.27600	8601.05078	0.06738	12032	1	0.52545	0.31200	1	0.51983	0.27287	1	0.52264	0.29244	1	0.49301	0.52743	11.37169	1.05044	1	0.75446	0.55172	13.15311	1.05044	1	-0.00154	-0.00778	0.68279	0.00366	1	0.06605	-0.01278	0.67862	0.00390	1	1.45898	0.81042	0	
1275382	8601.12402	3306810840022	0.50386	0.27238	8601.05078	0.07324	12032	1	0.51586	0.15096	1	0.51492	0.31425	1	0.51539	0.23261	1	0.49298	0.52548	11.91221	1.05845	1	0.75439	0.55207	13.13780	1.05845	1	-0.00154	-0.00778	0.68279	0.00241	1	0.06605	-0.01278	0.67862	0.00376	1	1.45898	0.81042	0	
1275383	8601.13086	3306810907161	0.50474	0.26877	8601.05078	0.08008	12032	1	0.51497	0.14316	1	0.51551	0.30751	1	0.51524	0.22533	1	0.49327	0.52767	11.14022	1.06647	1	0.75447	0.55200	13.24688	1.06647	1	-0.00157	-0.00799	0.69599	0.00367	1	0.06605	-0.01278	0.67862	0.00364	1	1.45898	0.81042	0	
1275384	8601.13770	3306810971621	0.50490	0.27063	8601.05078	0.08691	12032	1	0.54064	0.31979	1	0.47344	0.27003	1	0.50704	0.29491	1	0.49321	0.52763	11.13518	1.06647	1	0.75454	0.55206	13.23056	1.06647	1	-0.00157	-0.00799	0.69599	0.00364	1	0.06605	-0.01278	0.67862	0.00363	1	1.45898	0.81042	0	
1275385	8601.14453	3306811036534	0.50405	0.26592	8601.05078	0.09375	12032	1	0.51251	0.14863	1	0.47161	0.25132	1	0.49206	0.19998	1	0.49302	0.52565	12.18067	1.06647	1	0.75446	0.55176	13.20167	1.06647	1	-0.00157	-0.00799	0.69599	0.00240	1	0.06605	-0.01278	0.67862	0.00371	1	1.45898	0.81042	0	
1275386	8601.15137	3306811105735	0.50327	0.26127	8601.05078	0.10059	12032	1	0.51148	0.13984	1	0.47192	0.24323	1	0.49170	0.19153	1	0.49318	0.52550	12.01247	1.07556	1	0.75461	0.55155	12.81318	1.07556	1	-0.00155	-0.00816	0.71069	0.00241	1	0.06605	-0.01278	0.67862	0.00386	1	1.45898	0.81042	0	
1275387	8601.15820	3306811173131	0.50289	0.25777	8601.05078	0.10742	12032	1	0.52026	0.11572	1	0.47326	0.28761	1	0.49676	0.20167	1	0.49312	0.52557	12.00939	1.08464	1	0.75443	0.55230	13.26060	1.08464	1	-0.00155	-0.00816	0.71069	0.00251	1	0.06605	-0.01278	0.67862	0.00380	1	1.45898	0.81042	0	
1275388	8601.16406	3306811240555	0.50354	0.25762	8601.05078	0.11328	12032	1	0.53763	0.28337	1	0.49158	0.22700	1	0.51460	0.25519	1	0.49313	0.52759	11.12437	1.09373	1	0.75473	0.55185	12.89879	1.09373	1	-0.00155	-0.00816	0.71069	0.00366	1	0.06605	-0.01278	0.67862	0.00386	1	1.45898	0.81042	0	
1275389	8601.17090	3306811305275	0.50541	0.23168	8601.05078	0.11328	12032	0	0.53763	0.28337	1	0.49120	0.23384	1	0.51441	0.25860	1	0.49360	0.52766	12.21947	1.09373	1	0.75455	0.55218	13.06147	1.08607	1	-0.00157	-0.00799	0.69599	0.00362	1	0.06335	-0.01223	0.64943	0.00372	1	1.45898	0.81042	0	
1275390	8601.17773	3306811372879	0.51301	0.25591	8601.05078	0.11328	12032	0	0.56395	0.27067	1	0.47726	0.28962	1	0.52061	0.28015	1	0.49365	0.52731	12.10661	1.07698	1	0.75449	0.55222	13.00288	1.06932	1	-0.00157	-0.00799	0.69599	0.00372	1	0.06335	-0.01223	0.64943	0.00381	1	1.45898	0.81042	0	
1275391	8601.18457	3306811439226	0.51383	0.28688	8601.05078	0.11328	12032	0	0.56473	0.32053	1	0.46621	0.37707	1	0.51547	0.34880	1	0.49362	0.52762	12.00973	1.06024	1	0.75440	0.55233	13.04289	1.05258	1	-0.00157	-0.00799	0.69599	0.00364	1	0.06335	-0.01223	0.64943	0.00383	1	1.45898	0.81042	0	
1275392	8601.19141	3306811505318	0.51433	0.30569	8601.17090	0.02051	12033	1	0.56593	0.33407	1	0.46572	0.39017	1	0.51583	0.36212	1	0.49372	0.52761	12.06152	1.04349	1	0.75447	0.55248	13.06815	1.03583	1	-0.00143	-0.00778	0.68275	0.00367	1	0.06335	-0.01223	0.64943	0.00376	1	1.45898	0.81042	0	
1275393	8601.19824	3306811577351	0.51300	0.31390	8601.17090	0.02734	12033	1	0.53967	0.29650	1	0.47575	0.39699	1	0.50771	0.34674	1	0.49358	0.52702	11.89096	1.03583	1	0.75456	0.55265	13.21396	1.03583	1	-0.00143	-0.00778	0.68275	0.00372	1	0.06335	-0.01223	0.64943	0.00373	1	1.45898	0.81042	0	
1275394	8601.20508	3306811643871	0.51211	0.30648	8601.17090	0.03418	12033	1	0.52660	0.14883	1	0.48871	0.38995	1	0.50765	0.26939	1	0.49345	0.52542	11.99567	1.03583	1	0.75481	0.55241	12.40562	1.03583	1	-0.00143	-0.00778	0.68275	0.00241	1	0.06335	-0.01223	0.64943	0.00377	1	1.45898	0.81042	0	
1275395	8601.21191	3306811710742	0.51150	0.30075	8601.17090	0.04102	12033	1	0.52660	0.14883	1	0.48910	0.38394	1	0.50785	0.26638	1	0.49345	0.52633	11.94943	1.03583	1	0.75481	0.55224	12.52391	1.04349	1	-0.00143	-0.00773	0.68276	0.00394	1	0.06675	-0.01287	0.68371	0.00383	1	1.45898	0.81042	0	
1275396	8601.21777	3306811777727	0.51113	0.30009	8601.17090	0.04688	12033	1	0.51970	0.27636	1	0.49728	0.31457	1	0.50849	0.29547	1	0.49367	0.52691	12.04445	1.04349	1	0.75486	0.55221	12.82592	1.05115	1	-0.00143	-0.00773	0.68276	0.00377	1	0.06675	-0.01287	0.68371	0.00373	1	1.45898	0.81042	0	
1275397	8601.22461	3306811844467	0.51111	0.30221	8601.17090	0.05371	12033	1	0.51850	0.30979	1	0.50347	0.32857	1	0.51099	0.31918	1	0.49367	0.52717	11.94033	1.05115	1	0.75500	0.55215	12.96720	1.05881	1	-0.00143	-0.00773	0.68276	0.00375	1	0.06675	-0.01287	0.68371	0.00370	1	1.45898	0.81042	0	
1275398	8601.23145	3306811910944	0.51110	0.30394	8601.17090	0.06055	12033	1	0.51854	0.31008	1	0.50345	0.32887	1	0.51099	0.31947	1	0.49364	0.52541	12.29851	1.05079	1	0.75502	0.55218	12.64682	1.05845	1	-0.00133	-0.00747	0.65508	0.00245	1	0.06675	-0.01287	0.68371	0.00369	1	1.45898	0.81042	0	
1275399	8601.23828	3306811977184	0.51012	0.29875	8601.17090	0.06738	12033	1	0.50009	0.13389	1	0.50052	0.35985	1	0.50031	0.24687	1	0.49360	0.52523	11.90525	1.05044	1	0.75492	0.55226	12.70268	1.05044	1	-0.00133	-0.00747	0.65508	0.00249	1	0.06675	-0.01287	0.68371	0.00368	1	1.45898	0.81042	0	
1275400	8601.24512	3306812045447	0.50925	0.29588	8601.17090	0.07422	12033	1	0.49835	0.14843	1	0.50097	0.38029	1	0.49966	0.26436	1	0.49347	0.52534	12.16710	1.04242	1	0.75495	0.55246	12.61320	1.04242	1	-0.00133	-0.00747	0.65508	0.00240	1	0.06675	-0.01287	0.68371	0.00369	1	1.45898	0.81042	0	
1275401	8601.25195	3306812111314	0.50853	0.29401	8601.17090	0.08105	12033	1	0.49937	0.15638	1	0.50048	0.38662	1	0.49992	0.27150	1	0.49361	0.52541	12.23316	1.03440	1	0.75498	0.55151	12.20986	1.03440	1	-0.00133	-0.00737	0.65508	0.00247	1	0.06675	-0.01287	0.68371	0.00383	1	1.45898	0.81042	0	
1275402	8601.25879	3306812179302	0.50811	0.28874	8601.17090	0.08789	12033	1	0.50458	0.16073	1	0.50069	0.27968	1	0.50264	0.22020	1	0.49358	0.52542	12.22075	1.03440	1	0.75500	0.55124	12.06017	1.03440	1	-0.00133	-0.00737	0.65508	0.00248	1	0.06675	-0.01287	0.68371	0.00397	1	1.45898	0.81042	0	
1275403	8601.26562	3306812246697	0.50761	0.28400	8601.17090	0.09473	12033	1	0.50617	0.15451	1	0.49524	0.28081	1	0.50071	0.21766	1	0.49361	0.52541	12.23316	1.03440	1	0.75488	0.55179	12.44018	1.03440	1	-0.00133	-0.00737	0.65508	0.00247	1	0.06675	-0.01287	0.68371	0.00382	1	1.45898	0.81042	0	
1275404	8601.27148	3306812313320	0.50718	0.27985	8601.17090	0.10059	12033	1	0.50617	0.15451	1	0.49524	0.28081	1	0.50071	0.21766	1	0.49349	0.52527	12.04389	1.03440	1	0.75488	0.55179	12.44018	1.03440	1	-0.00133	-0.00737	0.65508	0.00242	1	0.06675	-0.01287	0.68371	0.00382	1	1.45898	0.81042	0	
1275405	8601.27832	3306812380498	0.50667	0.28289	8601.17090	0.10742	12033	1	0.51671	0.32402	1	0.48016	0.33887	1	0.49844	0.33144	1	0.49359	0.52738	12.12514	1.03440	1	0.75467	0.55201	12.85631	1.03440	1	-0.00133	-0.00737	0.65508	0.00382	1	0.06675	-0.01287	0.68371	0.00376	1	1.45898	0.81042	0	
1275406	8601.28516	3306812447521	0.50623	0.27992	8601.17090	0.11426	12033	1	0.50507	0.15090	1	0.49238	0.30821	1	0.49873	0.22956	1	0.49353	0.52525	11.98618	1.03440	1	0.75481	0.55195	12.45479	1.03440	1	-0.00133	-0.00737	0.65508	0.00246	1	0.06675	-0.01287	0.68371	0.00378	1	1.45898	0.81042	0	
1275407	8601.29199	3306812514755	0.50583	0.27727	8601.17090	0.12109	12033	1	0.50507	0.15090	1	0.49238	0.30821	1	0.49873	0.22956	1	0.49353	0.52521	11.85749	1.03440	1	0.75489	0.55223	12.39807	1.03440	1	-0.00133	-0.00737	0.65508	0.00245	1	0.06675	-0.01287	0.68371	0.00375	1	1.45898	0.81042	0	
1275408	8601.29883	3306812581492	0.50580	0.27981	8601.17090	0.12793	12033	1	0.50118	0.33012	1	0.50900	0.32590	1	0.50509	0.32801	1	0.49337	0.52741	12.04149	1.03440	1	0.75512	0.55178	13.13082	1.03440	1	-0.00133	-0.00737	0.65508	0.00378	1	0.06675	-0.01287	0.68371	0.00382	1	1.45898	0.81042	0	
1275409	8601.30566	3306812648072	0.50590	0.28176	8601.17090	0.13477	12033	1	0.51126	0.28945	1	0.50483	0.35214	1	0.50804	0.32080	1	0.49349	0.52684	11.95430	1.03440	1	0.75510	0.55183	13.15536	1.03440	1	-0.00133	-0.00737	0.65508	0.00394	1	0.06675	-0.01287	0.68371	0.00384	1	1.45898	0.81042	0	
1275410	8601.31250	3306812716384	0.50600	0.28354	8601.17090	0.14160	12033	1	0.51126	0.28945	1	0.50483	0.35214	1	0.50804	0.32080	1	0.49347	0.52696	12.15416	1.03440	1	0.75507	0.55183	13.15651	1.03440	1	-0.00133	-0.00737	0.65508	0.00387	1	0.06611	-0.01270	0.67713	0.00383	1	1.45898	0.81042	0	
1275411	8601.31934	3306812784030	0.50596	0.28634	8601.17090	0.14844	12033	1	0.50591	0.33955	1	0.50451	0.35639	1	0.50521	0.34797	1	0.49346	0.52746	12.18771	1.03440	1	0.75507	0.55185	13.16334	1.03440	1	-0.00133	-0.00737	0.65508	0.00374	1	0.06611	-0.01270	0.67713	0.00383	1	1.45898	0.81042	0	
1275412	8601.32520	3306812850398	0.50623	0.28771	8601.17090	0.15430	12033	1	0.51900	0.29264	1	0.50566	0.34584	1	0.51233	0.31924	1	0.49365	0.52702	12.13853	1.03440	1	0.75506	0.55181	13.12084	1.03440	1	-0.00133	-0.00737	0.65508	0.00386	1	0.06611	-0.01270	0.67713	0.00384	1	1.45898	0.81042	0	
1275413	8601.33203	3306812916914	0.50647	0.28897	8601.17090	0.16113	12033	1	0.51900	0.29264	1	0.50566	0.34584	1	0.51233	0.31924	1	0.49368	0.52496	12.29494	1.03440	1	0.75513	0.55194	13.01660	1.03440	1	-0.00133	-0.00737	0.65508	0.00252	1	0.06611	-0.01270	0.67713	0.00381	1	1.45898	0.81042	0	
1275414	8601.33887	3306812983536	0.50686	0.28674	8601.17090	0.16797	12033	1	0.51626	0.13488	1	0.51675	0.32731	1	0.51651	0.23109	1	0.49367	0.52501	12.36283	1.03440	1	0.75521	0.55217	12.94429	1.03440	1	-0.00133	-0.00737	0.65508	0.00251	1	0.06611	-0.01270	0.67713	0.00376	1	1.45898	0.81042	0	
1275415	8601.34473	3306813045520	0.50699	0.28686	8601.17090	0.17383	12033	1	0.50282	0.28488	1	0.51790	0.29466	1	0.51036	0.28977	1	0.49346	0.52709	12.41534	1.03440	1	0.75523	0.55197	13.28489	1.03440	1	-0.00133	-0.00737	0.65508	0.00379	1	0.06611	-0.01270	0.67713	0.00384	1	1.45898	0.81042	0	
1275416	8601.35254	3306813118552	0.50710	0.28671	8601.17090	0.18164	12033	1	0.50181	0.27793	1	0.51852	0.28760	1	0.51017	0.28277	1	0.49384	0.52662	11.25784	1.04242	1	0.75529	0.55101	12.75256	1.04242	1	-0.00133	-0.00770	0.68410	0.00402	1	0.06675	-0.01287	0.68371	0.00410	1	1.45898	0.81042	0	
1275417	8601.35938	3306813184571	0.50755	0.28705	8601.17090	0.18848	12033	1	0.52736	0.27951	1	0.51260	0.31370	1	0.51998	0.29661	1	0.49382	0.52651	11.08787	1.05044	1	0.75520	0.55167	12.86611	1.05044	1	-0.00133	-0.00770	0.68410	0.00395	1	0.06675	-0.01287	0.68371	0.00390	1	1.45898	0.81042	0	
1275418	8601.36523	3306813251104	0.50760	0.28759	8601.17090	0.19434	12033	1	0.50832	0.29534	1	0.50965	0.31099	1	0.50899	0.30316	1	0.49347	0.52614	11.72423	1.05845	1	0.75506	0.55174	13.20505	1.05845	1	-0.00133	-0.00770	0.68410	0.00414	1	0.06675	-0.01287	0.68371	0.00384	1	1.45898	0.81042	0	
1275419	8601.37207	3306813317909	0.50763	0.28787	8601.17090	0.20117	12033	1	0.50738	0.28863	1	0.51020	0.30422	1	0.50879	0.29642	1	0.49315	0.52732	11.43154	1.06647	1	0.75441	0.55142	12.87263	1.06647	1	-0.00143	-0.00768	0.68276	0.00390	1	0.06675	-0.01287	0.68371	0.00403	1	1.45898	0.81042	0	
1275420	8601.37891	3306813385608	0.50767	0.28953	8601.17090	0.20801	12033	1	0.55134	0.39974	1	0.46644	0.28224	1	0.50889	0.34099	1	0.49337	0.52751	11.66238	1.06647	1	0.75433	0.55160	13.02529	1.06647	1	-0.00143	-0.00768	0.68276	0.00382	1	0.06675	-0.01287	0.68371	0.00407	1	1.45898	0.81042	0	
1275421	8601.38574	3306813452648	0.50783	0.29089	8601.17090	0.21484	12033	1	0.55290	0.39436	1	0.47282	0.27441	1	0.51286	0.33438	1	0.49333	0.52748	11.82358	1.06647	1	0.75440	0.55162	12.91056	1.06647	1	-0.00143	-0.00768	0.68276	0.00378	1	0.06675	-0.01287	0.68371	0.00402	1	1.45898	0.81042	0	
1275422	8601.39258	3306813519878	0.50797	0.29196	8601.17090	0.22168	12033	1	0.55216	0.38768	1	0.47314	0.26652	1	0.51265	0.32710	1	0.49295	0.52500	12.00212	1.07556	1	0.75455	0.55157	13.04670	1.07556	1	-0.00153	-0.00791	0.70282	0.00239	1	0.06675	-0.01287	0.68371	0.00403	1	1.45898	0.81042	0	
1275423	8601.39941	3306813585869	0.50777	0.28847	8601.17090	0.22852	12033	1	0.51728	0.14599	1	0.48464	0.19365	1	0.50096	0.16982	1	0.49298	0.52489	12.40086	1.08464	1	0.75461	0.55065	12.60829	1.08464	1	-0.00153	-0.00791	0.70282	0.00245	1	0.06675	-0.01287	0.68371	0.00429	1	1.45898	0.81042	0	
1275424	8601.40625	3306813652859	0.50746	0.28572	8601.17090	0.23535	12033	1	0.51589	0.15432	1	0.47741	0.22472	1	0.49665	0.18952	1	0.49306	0.52505	12.01526	1.09373	1	0.75454	0.55115	12.87479	1.09373	1	-0.00153	-0.00791	0.70282	0.00246	1	0.06675	-0.01287	0.68371	0.00401	1	1.45898	0.81042	0	
1275425	8601.41211	3306813720504	0.50716	0.28289	8601.17090	0.24121	12033	1	0.51492	0.14580	1	0.47775	0.21660	1	0.49633	0.18120	1	0.49297	0.52490	12.38000	1.10281	1	0.75437	0.55143	13.03079	1.10281	1	-0.00153	-0.00791	0.70282	0.00245	1	0.06611	-0.01270	0.67713	0.00416	1	1.45898	0.81042	0	
1275426	8601.41895	3306813787389	0.50660	0.28038	8601.17090	0.24805	12033	1	0.49565	0.14445	1	0.47569	0.23038	1	0.48567	0.18742	1	0.49303	0.52497	12.48930	1.10281	1	0.75450	0.55134	13.12588	1.10281	1	-0.00153	-0.00791	0.70282	0.00248	1	0.06611	-0.01270	0.67713	0.00417	1	1.45898	0.81042	0	
1275427	8601.42578	3306813853913	0.50563	0.27764	8601.17090	0.25488	12033	1	0.46442	0.13925	1	0.47332	0.20770	1	0.46887	0.17347	1	0.49301	0.52497	12.47226	1.10281	1	0.75444	0.55113	12.99768	1.10281	1	-0.00153	-0.00791	0.70282	0.00247	1	0.06611	-0.01270	0.67713	0.00424	1	1.45898	0.81042	0	
1275428	8601.43262	3306813921179	0.49913	0.24780	8601.17090	0.25488	12033	0	0.46442	0.13925	1	0.47332	0.20770	1	0.46887	0.17347	1	0.49306	0.52488	12.22932	1.10281	1	0.75461	0.55114	12.92848	1.10281	1	-0.00153	-0.00791	0.70282	0.00247	1	0.06611	-0.01270	0.67713	0.00410	1	1.45898	0.81042	0	
1275429	8601.43945	3306813988807	0.49942	0.23435	8601.17090	0.25488	12033	0	0.52674	0.19998	1	0.47268	0.24181	1	0.49971	0.22089	1	0.49314	0.52571	11.84064	1.10281	1	0.75451	0.55143	13.04720	1.10281	1	-0.00153	-0.00791	0.70282	0.00391	1	0.06611	-0.01270	0.67713	0.00409	1	1.45898	0.81042	0	
1275430	8601.44531	3306814052958	0.49529	0.23796	8601.17090	0.25488	12033	0	0.50039	0.24529	1	0.47370	0.24506	1	0.48705	0.24517	1	0.49311	0.52596	11.16116	1.10281	1	0.75447	0.55138	13.12090	1.10281	1	-0.00153	-0.00791	0.70282	0.00389	1	0.06611	-0.01270	0.67713	0.00419	1	1.45898	0.81042	0	
1275431	8601.45312	3306814121884	0.49323	0.23976	8601.43262	0.02051	12034	1	0.50039	0.24529	1	0.47370	0.24506	1	0.48705	0.24517	1	0.49313	0.52601	11.29258	1.10281	1	0.75462	0.55106	12.92896	1.10281	1	-0.00155	-0.00794	0.71070	0.00384	1	0.06611	-0.01270	0.67713	0.00411	1	1.45898	0.81042	0	
1275432	8601.45898	3306814187854	0.49084	0.24624	8601.43262	0.02637	12034	1	0.50188	0.25139	1	0.46063	0.29295	1	0.48126	0.27217	1	0.49274	0.52621	11.70021	1.10281	1	0.75431	0.55186	13.39200	1.10281	1	-0.00155	-0.00794	0.71070	0.00378	1	0.06611	-0.01270	0.67713	0.00378	1	1.45898	0.81042	0	
1275433	8601.46582	3306814255775	0.49303	0.24516	8601.43262	0.03320	12034	1	0.52225	0.28520	1	0.48576	0.19425	1	0.50400	0.23973	1	0.49305	0.52692	11.26811	1.10281	1	0.75465	0.55104	12.82529	1.10281	1	-0.00155	-0.00794	0.71070	0.00355	1	0.06611	-0.01270	0.67713	0.00411	1	1.45898	0.81042	0	
1275434	8601.47266	3306814323073	0.49457	0.24488	8601.43262	0.04004	12034	1	0.52225	0.28520	1	0.48541	0.20125	1	0.50383	0.24323	1	0.49293	0.52667	11.11098	1.10281	1	0.75455	0.55128	13.05502	1.09515	1	-0.00155	-0.00794	0.71070	0.00359	1	0.06335	-0.01213	0.64943	0.00403	1	1.45898	0.81042	0	
1275435	8601.47949	3306814390462	0.49525	0.24604	8601.43262	0.04688	12034	1	0.51648	0.30021	1	0.48345	0.20806	1	0.49997	0.25413	1	0.49286	0.52654	11.76524	1.09515	1	0.75460	0.55092	12.70616	1.08749	1	-0.00155	-0.00794	0.71070	0.00363	1	0.06335	-0.01213	0.64943	0.00413	1	1.45898	0.81042	0	
1275436	8601.48633	3306814457256	0.49465	0.24862	8601.43262	0.05371	12034	1	0.50037	0.29928	1	0.47934	0.23930	1	0.48986	0.26929	1	0.49267	0.52663	11.66902	1.08749	1	0.75458	0.55119	12.97837	1.07983	1	-0.00155	-0.00794	0.71070	0.00360	1	0.06335	-0.01213	0.64943	0.00406	1	1.45898	0.81042	0	
1275437	8601.49316	3306814524520	0.49424	0.25211	8601.43262	0.06055	12034	1	0.50240	0.31287	1	0.47867	0.25422	1	0.49053	0.28354	1	0.49272	0.52673	11.74347	1.07075	1	0.75446	0.55196	13.45264	1.06309	1	-0.00157	-0.00778	0.69600	0.00363	1	0.06335	-0.01213	0.64943	0.00374	1	1.45898	0.81042	0	
1275438	8601.50000	3306814590983	0.49381	0.26111	8601.43262	0.06738	12034	1	0.51284	0.34909	1	0.46630	0.35312	1	0.48957	0.35110	1	0.49279	0.52669	12.24540	1.05400	1	0.75435	0.55221	13.52788	1.05400	1	-0.00157	-0.00778	0.69600	0.00358	1	0.06335	-0.01213	0.64943	0.00379	1	1.45898	0.81042	0	
1275439	8601.50586	3306814658267	0.49361	0.26873	8601.43262	0.07324	12034	1	0.51451	0.34403	1	0.46836	0.36104	1	0.49144	0.35253	1	0.49276	0.52666	12.00226	1.04492	1	0.75440	0.55211	13.44581	1.04492	1	-0.00157	-0.00778	0.69600	0.00356	1	0.06335	-0.01213	0.64943	0.00384	1	1.45898	0.81042	0	
1275440	8601.51270	3306814724999	0.49348	0.27574	8601.43262	0.08008	12034	1	0.51555	0.35131	1	0.46808	0.36834	1	0.49181	0.35982	1	0.49292	0.52678	12.28772	1.03583	1	0.75410	0.55118	12.30557	1.03583	1	-0.00157	-0.00778	0.69600	0.00358	1	0.06335	-0.01213	0.64943	0.00425	1	1.45898	0.81042	0	
1275441	8601.51953	3306814792107	0.49339	0.27851	8601.43262	0.08691	12034	1	0.51492	0.36463	1	0.46954	0.26441	1	0.49223	0.31452	1	0.49279	0.52688	12.14936	1.03583	1	0.75442	0.55112	12.97259	1.03583	1	-0.00157	-0.00778	0.69600	0.00358	1	0.06335	-0.01213	0.64943	0.00423	1	1.45898	0.81042	0	
1275442	8601.52637	3306814859178	0.49368	0.27980	8601.43262	0.09375	12034	1	0.52162	0.35113	1	0.47388	0.24471	1	0.49775	0.29792	1	0.49289	0.52686	12.21486	1.03583	1	0.75442	0.55097	12.89114	1.03583	1	-0.00157	-0.00778	0.69600	0.00356	1	0.06335	-0.01213	0.64943	0.00429	1	1.45898	0.81042	0	
1275443	8601.53320	3306814926259	0.49394	0.28071	8601.43262	0.10059	12034	1	0.52162	0.35113	1	0.47416	0.23764	1	0.49789	0.29438	1	0.49256	0.52482	12.51578	1.03583	1	0.75413	0.55150	13.13189	1.04349	1	-0.00157	-0.00778	0.69600	0.00241	1	0.06534	-0.01252	0.67034	0.00420	1	1.45898	0.81042	0	
1275444	8601.54004	3306814993140	0.49163	0.28015	8601.43262	0.10742	12034	1	0.48512	0.18320	1	0.42416	0.35907	1	0.45464	0.27113	1	0.49239	0.52479	12.45987	1.04349	1	0.75371	0.55224	13.11635	1.05115	1	-0.00157	-0.00778	0.69600	0.00246	1	0.06534	-0.01252	0.67034	0.00395	1	1.45898	0.81042	0	
1275445	8601.54590	3306815056844	0.49173	0.28426	8601.43262	0.11328	12034	1	0.52798	0.36051	1	0.45874	0.34763	1	0.49336	0.35407	1	0.49304	0.52706	11.93952	1.05115	1	0.75386	0.55237	13.23357	1.05881	1	-0.00157	-0.00778	0.69600	0.00378	1	0.06534	-0.01252	0.67034	0.00382	1	1.45898	0.81042	0	
1275446	8601.55273	3306815124854	0.49180	0.28761	8601.43262	0.12012	12034	1	0.52719	0.35454	1	0.45891	0.34146	1	0.49305	0.34800	1	0.49231	0.52474	12.18645	1.05881	1	0.75428	0.55103	12.06494	1.06647	1	-0.00165	-0.00775	0.68908	0.00245	1	0.06605	-0.01267	0.67862	0.00431	1	1.45898	0.81042	0	
1275447	8601.55957	3306815191498	0.49106	0.28304	8601.43262	0.12695	12034	1	0.47658	0.15331	1	0.47740	0.23895	1	0.47699	0.19613	1	0.49230	0.52474	12.18422	1.06647	1	0.75422	0.55117	12.11701	1.06647	1	-0.00165	-0.00775	0.68908	0.00246	1	0.06605	-0.01267	0.67862	0.00426	1	1.45898	0.81042	0	SUBJECT_ONSET_LOG
1275448	8601.56641	3306815258828	0.49113	0.27712	8601.43262	0.13379	12034	1	0.48656	0.14975	1	0.49872	0.16795	1	0.49264	0.15885	1	0.49217	0.52464	11.71079	1.06647	1	0.75404	0.55048	12.25465	1.06647	1	-0.00165	-0.00775	0.68908	0.00243	1	0.06605	-0.01267	0.67862	0.00425	1	1.45898	0.81042	0	
1275449	8601.57324	3306815325800	0.49118	0.27135	8601.43262	0.14062	12034	1	0.48535	0.14095	1	0.49924	0.15912	1	0.49230	0.15004	1	0.49209	0.52461	11.73868	1.07556	1	0.75418	0.55093	12.33513	1.07556	1	-0.00176	-0.00801	0.71244	0.00241	1	0.06605	-0.01267	0.67862	0.00408	1	1.45898	0.81042	0	
1275450	8601.57910	3306815390388	0.49155	0.26795	8601.43262	0.14648	12034	1	0.50585	0.15660	1	0.49352	0.22971	1	0.49968	0.19315	1	0.49203	0.52477	12.09891	1.08464	1	0.75399	0.55115	12.56359	1.08464	1	-0.00176	-0.00801	0.71244	0.00242	1	0.06605	-0.01267	0.67862	0.00408	1	1.45898	0.81042	0	AUDIO_FILE_ONSET_LOG
1275451	8601.58594	3306815459155	0.49198	0.26476	8601.43262	0.15332	12034	1	0.50032	0.11053	1	0.50319	0.27219	1	0.50176	0.19136	1	0.49209	0.52471	12.12765	1.09373	1	0.75410	0.55177	12.63383	1.09373	1	-0.00176	-0.00801	0.71244	0.00240	1	0.06605	-0.01267	0.67862	0.00382	1	1.45898	0.81042	0	
1275452	8601.59375	3306815529031	0.49237	0.26182	8601.43262	0.16113	12034	1	0.50032	0.11053	1	0.50319	0.27219	1	0.50176	0.19136	1	0.49236	0.52663	11.50933	1.09373	1	0.75370	0.55176	13.11022	1.09373	1	-0.00174	-0.00766	0.68095	0.00371	1	0.06605	-0.01267	0.67862	0.00381	1	1.45898	0.81042	0	
1275453	8601.59961	3306815592747	0.49213	0.26021	8601.43262	0.16699	12034	1	0.50034	0.14132	1	0.47175	0.29852	1	0.48605	0.21992	1	0.49189	0.52475	12.10060	1.08464	1	0.75374	0.55136	13.13551	1.08464	1	-0.00174	-0.00766	0.68095	0.00242	1	0.06605	-0.01267	0.67862	0.00356	1	1.45898	0.81042	0	
1275454	8601.60645	3306815658374	0.48968	0.23355	8601.43262	0.16699	12034	0	0.50136	0.13558	1	0.47065	0.33288	1	0.48601	0.23423	1	0.49194	0.52471	12.18696	1.07556	1	0.75364	0.55154	13.09092	1.07556	1	-0.00174	-0.00766	0.68095	0.00239	1	0.06605	-0.01267	0.67862	0.00363	1	1.45898	0.81042	0	
1275455	8601.61328	3306815730130	0.48798	0.23948	8601.43262	0.16699	12034	0	0.50246	0.14442	1	0.47011	0.34639	1	0.48628	0.24541	1	0.49185	0.52489	12.33346	1.06647	1	0.75321	0.55198	12.44364	1.05881	1	-0.00174	-0.00766	0.68095	0.00243	1	0.06439	-0.01231	0.66209	0.00391	1	1.45898	0.81042	0	
1275456	8601.62012	3306815796613	0.48346	0.24942	8601.43262	0.16699	12034	0	0.49124	0.16622	1	0.45757	0.37241	1	0.47441	0.26932	1	0.49181	0.52479	12.02788	1.05881	1	0.75350	0.55193	13.24736	1.05115	1	-0.00174	-0.00766	0.68095	0.00244	1	0.06439	-0.01231	0.66209	0.00391	1	1.45898	0.81042	0	
1275457	8601.62695	3306815863513	0.47947	0.25805	8601.60645	0.02051	12035	1	0.49106	0.16624	1	0.44393	0.40157	1	0.46750	0.28391	1	0.49181	0.52476	11.87706	1.05115	1	0.75321	0.55209	12.49544	1.04349	1	-0.00174	-0.00766	0.68095	0.00245	1	0.06439	-0.01231	0.66209	0.00398	1	1.45898	0.81042	0	
1275458	8601.63379	3306815928229	0.47726	0.26593	8601.60645	0.02734	12035	1	0.49313	0.18140	1	0.44379	0.41355	1	0.46846	0.29747	1	0.49159	0.52485	12.05165	1.03548	1	0.75316	0.55224	12.84334	1.02782	1	-0.00173	-0.00742	0.65969	0.00238	1	0.06375	-0.01221	0.65658	0.00395	1	1.45898	0.81042	0	
1275459	8601.64062	3306815997778	0.47759	0.27289	8601.60645	0.03418	12035	1	0.48780	0.22290	1	0.47062	0.39243	1	0.47921	0.30766	1	0.49160	0.52488	12.24424	1.01980	1	0.75323	0.55192	12.80048	1.01980	1	-0.00173	-0.00742	0.65969	0.00238	1	0.06375	-0.01221	0.65658	0.00374	1	1.45898	0.81042	0	
1275460	8601.64648	3306816064629	0.47839	0.27433	8601.60645	0.04004	12035	1	0.50750	0.20695	1	0.45896	0.35906	1	0.48323	0.28300	1	0.49160	0.52485	11.76602	1.01178	1	0.75313	0.55123	13.15447	1.01178	1	-0.00173	-0.00742	0.65969	0.00235	1	0.06375	-0.01221	0.65658	0.00357	1	1.45898	0.81042	0	
1275461	8601.65332	3306816130133	0.47901	0.27502	8601.60645	0.04688	12035	1	0.50750	0.20695	1	0.45913	0.35269	1	0.48332	0.27982	1	0.49136	0.52471	12.23536	1.01178	1	0.75327	0.55125	12.45314	1.01944	1	-0.00183	-0.00762	0.67691	0.00237	1	0.06556	-0.01252	0.67567	0.00383	1	1.45898	0.81042	0	
1275462	8601.66016	3306816199084	0.48148	0.27340	8601.60645	0.05371	12035	1	0.51832	0.19741	1	0.48411	0.32355	1	0.50121	0.26048	1	0.49131	0.52480	12.36017	1.02746	1	0.75314	0.55126	12.67194	1.03512	1	-0.00183	-0.00762	0.67691	0.00239	1	0.06556	-0.01252	0.67567	0.00384	1	1.45898	0.81042	0	
1275463	8601.66699	3306816265930	0.48445	0.27774	8601.60645	0.06055	12035	1	0.52703	0.31115	1	0.49533	0.32235	1	0.51118	0.31675	1	0.49144	0.52637	11.39980	1.04313	1	0.75334	0.55108	12.27954	1.05079	1	-0.00183	-0.00762	0.67691	0.00383	1	0.06556	-0.01252	0.67567	0.00387	1	1.45898	0.81042	0	
1275464	8601.67383	3306816332496	0.48686	0.28070	8601.60645	0.06738	12035	1	0.52623	0.30477	1	0.49575	0.31593	1	0.51099	0.31035	1	0.49149	0.52672	12.01055	1.05079	1	0.75283	0.55118	13.24997	1.05845	1	-0.00208	-0.00844	0.75051	0.00373	1	0.06556	-0.01252	0.67567	0.00368	1	1.45898	0.81042	0	
1275465	8601.68066	3306816399427	0.48758	0.27627	8601.60645	0.07422	12035	1	0.50026	0.18425	1	0.49063	0.27071	1	0.49544	0.22748	1	0.49120	0.52482	12.27838	1.05044	1	0.75315	0.55083	12.70382	1.05044	1	-0.00208	-0.00844	0.75051	0.00234	1	0.06556	-0.01252	0.67567	0.00370	1	1.45898	0.81042	0	
1275466	8601.68652	3306816463862	0.48930	0.28043	8601.60645	0.08008	12035	1	0.53095	0.35249	1	0.48890	0.30820	1	0.50993	0.33035	1	0.49142	0.52668	11.75070	1.04242	1	0.75321	0.55094	12.48197	1.04242	1	-0.00208	-0.00844	0.75051	0.00373	1	0.06556	-0.01252	0.67567	0.00375	1	1.45898	0.81042	0	
1275467	8601.69434	3306816534513	0.49077	0.28399	8601.60645	0.08789	12035	1	0.53095	0.35249	1	0.48890	0.30820	1	0.50993	0.33035	1	0.49155	0.52617	11.05000	1.04242	1	0.75281	0.55123	12.93584	1.04242	1	-0.00194	-0.00765	0.67972	0.00383	1	0.06556	-0.01252	0.67567	0.00374	1	1.45898	0.81042	0	
1275468	8601.70020	3306816599351	0.49075	0.28264	8601.60645	0.09375	12035	1	0.50790	0.17723	1	0.47306	0.35025	1	0.49048	0.26374	1	0.49124	0.52477	12.01361	1.05044	1	0.75292	0.55146	13.40867	1.05044	1	-0.00194	-0.00765	0.67972	0.00247	1	0.06556	-0.01252	0.67567	0.00359	1	1.45898	0.81042	0	
1275469	8601.70703	3306816667530	0.49086	0.27867	8601.60645	0.10059	12035	1	0.50403	0.16259	1	0.48092	0.27546	1	0.49248	0.21903	1	0.49125	0.52480	12.20032	1.05845	1	0.75299	0.55095	12.57294	1.05845	1	-0.00194	-0.00765	0.67972	0.00244	1	0.06556	-0.01252	0.67567	0.00374	1	1.45898	0.81042	0	
1275470	8601.71387	3306816735376	0.49091	0.27423	8601.60645	0.10742	12035	1	0.50198	0.14612	1	0.48165	0.26049	1	0.49181	0.20331	1	0.49121	0.52487	12.16420	1.07556	1	0.75315	0.55100	12.90551	1.07556	1	-0.00193	-0.00778	0.69588	0.00246	1	0.06556	-0.01252	0.67567	0.00371	1	1.45898	0.81042	0	
1275471	8601.72070	3306816802348	0.49068	0.27502	8601.60645	0.11426	12035	1	0.50600	0.26617	1	0.46747	0.31049	1	0.48673	0.28833	1	0.49121	0.52605	11.56999	1.08464	1	0.75283	0.55151	13.45422	1.08464	1	-0.00193	-0.00778	0.69588	0.00378	1	0.06556	-0.01252	0.67567	0.00374	1	1.45898	0.81042	0	
1275472	8601.72754	3306816869247	0.49071	0.27390	8601.60645	0.12109	12035	1	0.50133	0.24634	1	0.48109	0.26116	1	0.49121	0.25375	1	0.49114	0.52608	11.66872	1.09373	1	0.75302	0.55119	13.20368	1.09373	1	-0.00193	-0.00778	0.69588	0.00379	1	0.06556	-0.01252	0.67567	0.00366	1	1.45898	0.81042	0	
1275473	8601.73438	3306816935331	0.49072	0.27250	8601.60645	0.12793	12035	1	0.50025	0.23857	1	0.48147	0.25334	1	0.49086	0.24596	1	0.49112	0.52478	12.17758	1.10281	1	0.75297	0.55099	12.92526	1.10281	1	-0.00195	-0.00791	0.70324	0.00237	1	0.06556	-0.01252	0.67567	0.00367	1	1.45898	0.81042	0	
1275474	8601.74023	3306817002181	0.49045	0.27074	8601.60645	0.13379	12035	1	0.48984	0.23577	1	0.48019	0.23516	1	0.48501	0.23547	1	0.49095	0.52622	11.80771	1.10281	1	0.75296	0.55084	12.87340	1.10281	1	-0.00195	-0.00791	0.70324	0.00382	1	0.06556	-0.01252	0.67567	0.00373	1	1.45898	0.81042	0	
1275475	8601.74707	3306817069277	0.49024	0.26696	8601.60645	0.14062	12035	1	0.49270	0.12331	1	0.47931	0.25192	1	0.48601	0.18762	1	0.49113	0.52478	12.08220	1.10281	1	0.75308	0.55101	13.07270	1.10281	1	-0.00195	-0.00791	0.70324	0.00238	1	0.06556	-0.01252	0.67567	0.00369	1	1.45898	0.81042	0	
1275476	8601.75391	3306817136330	0.49008	0.26387	8601.60645	0.14746	12035	1	0.49383	0.13204	1	0.47896	0.25975	1	0.48639	0.19589	1	0.49118	0.52470	11.88093	1.09373	1	0.75303	0.55104	12.99700	1.09373	1	-0.00194	-0.00765	0.67972	0.00236	1	0.06556	-0.01252	0.67567	0.00368	1	1.45898	0.81042	0	
1275477	8601.76074	3306817203429	0.49009	0.26151	8601.60645	0.15430	12035	1	0.49747	0.13999	1	0.48354	0.27473	1	0.49051	0.20736	1	0.49114	0.52479	12.01886	1.08464	1	0.75303	0.55108	13.11727	1.08464	1	-0.00194	-0.00765	0.67972	0.00239	1	0.06556	-0.01252	0.67567	0.00370	1	1.45898	0.81042	0	
1275478	8601.76758	3306817270849	0.49027	0.26005	8601.60645	0.16113	12035	1	0.52149	0.13245	1	0.46732	0.31756	1	0.49440	0.22500	1	0.49140	0.52485	12.35893	1.07556	1	0.75283	0.55139	13.20981	1.07556	1	-0.00194	-0.00765	0.67972	0.00244	1	0.06556	-0.01252	0.67567	0.00375	1	1.45898	0.81042	0	
1275479	8601.77441	3306817337296	0.49005	0.22988	8601.60645	0.16113	12035	0	0.52244	0.14130	1	0.46705	0.32502	1	0.49475	0.23316	1	0.49146	0.52686	11.36665	1.06647	1	0.75299	0.55110	12.62852	1.06647	1	-0.00194	-0.00765	0.67972	0.00350	1	0.06556	-0.01252	0.67567	0.00378	1	1.45898	0.81042	0	
1275480	8601.78125	3306817404146	0.49558	0.25866	8601.60645	0.16113	12035	0	0.52303	0.29077	1	0.47918	0.28412	1	0.50111	0.28744	1	0.49139	0.52631	11.28077	1.06647	1	0.75294	0.55113	12.65999	1.06647	1	-0.00194	-0.00765	0.67972	0.00375	1	0.06556	-0.01252	0.67567	0.00377	1	1.45898	0.81042	0	
1275481	8601.78809	3306817471432	0.49218	0.24830	8601.60645	0.16113	12035	0	0.49307	0.16250	1	0.47766	0.29267	1	0.48536	0.22758	1	0.49109	0.52490	12.08251	1.06647	1	0.75299	0.55117	12.61665	1.06647	1	-0.00194	-0.00765	0.67972	0.00239	1	0.06556	-0.01252	0.67567	0.00379	1	1.45898	0.81042	0	
1275482	8601.79395	3306817537993	0.49047	0.24312	8601.77441	0.01953	12036	1	0.49307	0.16250	1	0.47766	0.29267	1	0.48536	0.22758	1	0.49111	0.52480	12.09502	1.06647	1	0.75298	0.55102	12.74503	1.06647	1	-0.00194	-0.00765	0.67972	0.00244	1	0.06556	-0.01252	0.67567	0.00379	1	1.45898	0.81042	0	
1275483	8601.80078	3306817605040	0.48962	0.24106	8601.77441	0.02637	12036	1	0.49013	0.15507	1	0.48225	0.31050	1	0.48619	0.23279	1	0.49114	0.52481	12.23477	1.06647	1	0.75300	0.55089	12.73707	1.06647	1	-0.00194	-0.00765	0.67972	0.00242	1	0.06556	-0.01252	0.67567	0.00376	1	1.45898	0.81042	0	
1275484	8601.80762	3306817672869	0.48760	0.24180	8601.77441	0.03320	12036	1	0.50964	0.15641	1	0.44546	0.33459	1	0.47755	0.24550	1	0.49134	0.52493	12.46358	1.06647	1	0.75244	0.55146	12.44343	1.06647	1	-0.00194	-0.00765	0.67972	0.00244	1	0.06556	-0.01252	0.67567	0.00386	1	1.45898	0.81042	0	
1275485	8601.81445	3306817739312	0.48610	0.24118	8601.77441	0.04004	12036	1	0.50860	0.14767	1	0.44555	0.32722	1	0.47707	0.23745	1	0.49112	0.52616	11.52728	1.07556	1	0.75293	0.55137	12.84829	1.07556	1	-0.00195	-0.00791	0.70324	0.00386	1	0.06556	-0.01252	0.67567	0.00371	1	1.45898	0.81042	0	
1275486	8601.82129	3306817805955	0.48695	0.23866	8601.77441	0.04688	12036	1	0.50211	0.14572	1	0.48365	0.29632	1	0.49288	0.22102	1	0.49124	0.52488	12.36366	1.08464	1	0.75308	0.55127	12.84942	1.08464	1	-0.00195	-0.00791	0.70324	0.00244	1	0.06556	-0.01252	0.67567	0.00376	1	1.45898	0.81042	0	
1275487	8601.82812	3306817872468	0.48726	0.23613	8601.77441	0.05371	12036	1	0.49679	0.15192	1	0.48280	0.27998	1	0.48980	0.21595	1	0.49122	0.52484	12.24903	1.09373	1	0.75306	0.55130	12.97589	1.09373	1	-0.00195	-0.00791	0.70324	0.00244	1	0.06556	-0.01252	0.67567	0.00366	1	1.45898	0.81042	0	
1275488	8601.83398	3306817939770	0.48748	0.23330	8601.77441	0.05957	12036	1	0.49569	0.14336	1	0.48319	0.27231	1	0.48944	0.20784	1	0.49130	0.52475	12.04817	1.10281	1	0.75318	0.55108	12.70492	1.10281	1	-0.00195	-0.00791	0.70324	0.00242	1	0.06556	-0.01252	0.67567	0.00373	1	1.45898	0.81042	0	
1275489	8601.84082	3306818006969	0.48824	0.22802	8601.77441	0.06641	12036	1	0.50114	0.13157	1	0.49041	0.21874	1	0.49577	0.17515	1	0.49123	0.52482	12.14563	1.10281	1	0.75318	0.55091	12.73853	1.10281	1	-0.00195	-0.00791	0.70324	0.00246	1	0.06556	-0.01252	0.67567	0.00378	1	1.45898	0.81042	0	
1275490	8601.84766	3306818074706	0.48932	0.22555	8601.77441	0.07324	12036	1	0.50866	0.14503	1	0.49382	0.25190	1	0.50124	0.19846	1	0.49131	0.52487	12.61633	1.10281	1	0.75322	0.55108	12.78620	1.10281	1	-0.00195	-0.00791	0.70324	0.00237	1	0.06556	-0.01252	0.67567	0.00371	1	1.45898	0.81042	0	
1275491	8601.85449	3306818141920	0.49024	0.22347	8601.77441	0.08008	12036	1	0.50866	0.14503	1	0.49382	0.25190	1	0.50124	0.19846	1	0.49157	0.52667	11.20196	1.10281	1	0.75307	0.55132	12.70072	1.10281	1	-0.00195	-0.00791	0.70324	0.00407	1	0.06556	-0.01252	0.67567	0.00362	1	1.45898	0.81042	0	
1275492	8601.86133	3306818208063	0.48958	0.23027	8601.77441	0.08691	12036	1	0.48826	0.36479	1	0.47373	0.27245	1	0.48100	0.31862	1	0.49134	0.52736	11.70603	1.10281	1	0.75287	0.55134	13.38853	1.10281	1	-0.00195	-0.00791	0.70324	0.00383	1	0.06556	-0.01252	0.67567	0.00363	1	1.45898	0.81042	0	
1275493	8601.86816	3306818274846	0.48954	0.23556	8601.77441	0.09375	12036	1	0.50417	0.34423	1	0.47384	0.27508	1	0.48901	0.30966	1	0.49154	0.52707	11.12193	1.10281	1	0.75288	0.55133	13.22545	1.10281	1	-0.00195	-0.00791	0.70324	0.00399	1	0.06556	-0.01252	0.67567	0.00364	1	1.45898	0.81042	0	
1275494	8601.87500	3306818341996	0.48953	0.24064	8601.77441	0.10059	12036	1	0.50523	0.35113	1	0.47353	0.28271	1	0.48938	0.31692	1	0.49171	0.52489	11.58606	1.09373	1	0.75336	0.55141	12.40297	1.09373	1	-0.00183	-0.00762	0.67691	0.00249	1	0.06633	-0.01272	0.68366	0.00383	1	1.45898	0.81042	0	
1275495	8601.88184	3306818409098	0.48975	0.23964	8601.77441	0.10742	12036	1	0.48885	0.12553	1	0.49771	0.32169	1	0.49328	0.22361	1	0.49163	0.52468	11.69081	1.08464	1	0.75325	0.55166	12.83046	1.08464	1	-0.00183	-0.00762	0.67691	0.00241	1	0.06633	-0.01272	0.68366	0.00391	1	1.45898	0.81042	0	
1275496	8601.88770	3306818475695	0.48901	0.23941	8601.77441	0.11328	12036	1	0.48732	0.16226	1	0.46561	0.30875	1	0.47646	0.23550	1	0.49176	0.52487	11.69983	1.07556	1	0.75317	0.55137	12.28718	1.07556	1	-0.00183	-0.00762	0.67691	0.00244	1	0.06633	-0.01272	0.68366	0.00403	1	1.45898	0.81042	0	
1275497	8601.89453	3306818542639	0.48838	0.23963	8601.77441	0.12012	12036	1	0.48852	0.17088	1	0.46535	0.31628	1	0.47693	0.24358	1	0.49182	0.52464	11.68686	1.06647	1	0.75339	0.55132	12.56361	1.06647	1	-0.00174	-0.00766	0.68095	0.00239	1	0.06633	-0.01272	0.68366	0.00404	1	1.45898	0.81042	0	
1275498	8601.90137	3306818610143	0.48754	0.23955	8601.77441	0.12695	12036	1	0.49473	0.15832	1	0.44875	0.31749	1	0.47174	0.23790	1	0.49185	0.52481	11.92072	1.06647	1	0.75332	0.55157	12.76696	1.06647	1	-0.00174	-0.00766	0.68095	0.00239	1	0.06633	-0.01272	0.68366	0.00392	1	1.45898	0.81042	0	
1275499	8601.90820	3306818676926	0.48689	0.23794	8601.77441	0.13379	12036	1	0.49353	0.16305	1	0.45403	0.24878	1	0.47378	0.20591	1	0.49183	0.52469	11.72939	1.06647	1	0.75339	0.55132	12.56361	1.06647	1	-0.00174	-0.00766	0.68095	0.00241	1	0.06633	-0.01272	0.68366	0.00404	1	1.45898	0.81042	0	
1275500	8601.91504	3306818742966	0.48629	0.23649	8601.77441	0.14062	12036	1	0.49353	0.16305	1	0.45403	0.24878	1	0.47378	0.20591	1	0.49200	0.52483	12.23634	1.06647	1	0.75358	0.55157	13.05841	1.06647	1	-0.00174	-0.00766	0.68095	0.00238	1	0.06719	-0.01291	0.69141	0.00389	1	1.45898	0.81042	0	
1275501	8601.92090	3306818808591	0.48624	0.23586	8601.77441	0.14648	12036	1	0.50953	0.14851	1	0.46082	0.29570	1	0.48517	0.22210	1	0.49210	0.52475	11.90284	1.06647	1	0.75355	0.55168	13.40870	1.06647	1	-0.00174	-0.00766	0.68095	0.00237	1	0.06719	-0.01291	0.69141	0.00390	1	1.45898	0.81042	0	
1275502	8601.92773	3306818877093	0.48636	0.23496	8601.77441	0.15332	12036	1	0.50688	0.14881	1	0.47106	0.27961	1	0.48897	0.21421	1	0.49212	0.52470	12.40583	1.06647	1	0.75364	0.55144	13.21174	1.06647	1	-0.00174	-0.00766	0.68095	0.00234	1	0.06719	-0.01291	0.69141	0.00370	1	1.45898	0.81042	0	
1275503	8601.93457	3306818944942	0.48646	0.23426	8601.77441	0.16016	12036	1	0.50688	0.14881	1	0.47080	0.28622	1	0.48884	0.21752	1	0.49206	0.52482	12.29683	1.06647	1	0.75359	0.55203	13.47425	1.05881	1	-0.00165	-0.00775	0.68908	0.00241	1	0.06439	-0.01241	0.66209	0.00389	1	1.45898	0.81042	0	
1275504	8601.94141	3306819011967	0.48714	0.23288	8601.77441	0.16699	12036	1	0.51942	0.10812	1	0.48916	0.28875	1	0.50429	0.19844	1	0.49235	0.52474	12.21564	1.05881	1	0.75387	0.55170	13.10189	1.05115	1	-0.00165	-0.00775	0.68908	0.00254	1	0.06439	-0.01241	0.66209	0.00381	1	1.45898	0.81042	0	
1275505	8601.94824	3306819079216	0.48743	0.23150	8601.77441	0.17383	12036	1	0.51649	0.11712	1	0.47324	0.27388	1	0.49487	0.19550	1	0.49216	0.52470	12.25742	1.05115	1	0.75368	0.55181	13.21052	1.04349	1	-0.00165	-0.00775	0.68908	0.00237	1	0.06439	-0.01241	0.66209	0.00379	1	1.45898	0.81042	0	
1275506	8601.95508	3306819142933	0.48692	0.23301	8601.77441	0.18066	12036	1	0.51649	0.11712	0	0.47324	0.27388	1	0.47324	0.27388	1	0.49216	0.52470	12.25742	1.04349	0	0.75367	0.55169	12.84294	1.04349	1	-0.00165	-0.00775	0.68908	0.00237	1	0.06606	-0.01273	0.67870	0.00377	1	1.45898	0.81042	0	
1275507	8601.96191	3306819210075	0.48692	0.23301	8601.77441	0.18750	12036	1	0.51649	0.11712	0	0.47324	0.27388	0	0.47324	0.27388	0	0.49216	0.52470	12.25742	1.04349	0	0.75367	0.55169	12.84294	1.05115	0	-0.00165	-0.00775	0.68908	0.00237	1	0.06606	-0.01273	0.67870	0.00377	1	1.45898	0.81042	0	
1275508	8601.96777	3306819276357	0.48692	0.23301	8601.77441	0.19336	12036	1	0.51649	0.11712	0	0.47324	0.27388	0	0.47324	0.27388	0	0.49216	0.52470	12.25742	1.05115	0	0.75367	0.55169	12.84294	1.05881	0	-0.00165	-0.00775	0.68908	0.00237	1	0.06606	-0.01273	0.67870	0.00377	1	1.45898	0.81042	0	
1275509	8601.97461	3306819345864	0.48692	0.23301	8601.77441	0.20020	12036	1	0.51649	0.11712	0	0.47324	0.27388	0	0.47324	0.27388	0	0.49216	0.52470	12.25742	1.05881	0	0.75367	0.55169	12.84294	1.06647	0	-0.00165	-0.00775	0.68908	0.00237	1	0.06606	-0.01273	0.67870	0.00377	1	1.45898	0.81042	0	
1275510	8601.98145	3306819412109	0.48345	0.22284	8601.77441	0.20020	12036	0	0.51649	0.11712	0	0.47324	0.27388	0	0.47324	0.27388	0	0.49216	0.52470	12.25742	1.06647	0	0.75367	0.55169	12.84294	1.06647	0	-0.00165	-0.00775	0.68908	0.00237	1	0.06606	-0.01273	0.67870	0.00377	1	1.45898	0.81042	0	
1275511	8601.98828	3306819477565	0.48345	0.22284	8601.77441	0.20020	12036	0	0.51649	0.11712	0	0.47324	0.27388	0	0.47324	0.27388	0	0.49216	0.52470	12.25742	1.06647	0	0.75367	0.55169	12.84294	1.06647	0	-0.00165	-0.00775	0.68908	0.00237	1	0.06606	-0.01273	0.67870	0.00377	1	1.45898	0.81042	0	
1275512	8601.99512	3306819544960	0.48345	0.22284	8601.77441	0.20020	12036	0	0.51649	0.11712	0	0.47324	0.27388	0	0.47324	0.27388	0	0.49216	0.52470	12.25742	1.06647	0	0.75367	0.55169	12.84294	1.06647	0	-0.00165	-0.00775	0.68908	0.00237	1	0.06606	-0.01273	0.67870	0.00377	1	1.45898	0.81042	0	
1275513	8602.00195	3306819612162	0.00000	0.00000	8601.77441	0.20020	12036	0	0.51649	0.11712	0	0.47324	0.27388	0	0.47324	0.27388	0	0.49216	0.52470	12.25742	1.06647	0	0.75367	0.55169	12.84294	1.06647	0	-0.00165	-0.00775	0.68908	0.00237	1	0.06606	-0.01273	0.67870	0.00377	1	1.45898	0.81042	0	
1275514	8602.00879	3306819678689	0.00000	0.00000	8601.77441	0.20020	12036	0	0.51649	0.11712	0	0.47324	0.27388	0	0.47324	0.27388	0	0.49216	0.52470	12.25742	1.06647	0	0.75367	0.55169	12.84294	1.06647	0	-0.00165	-0.00775	0.68908	0.00237	1	0.06606	-0.01273	0.67870	0.00377	1	1.45898	0.81042	0	
1275515	8602.01465	3306819746210	0.00000	0.00000	8601.77441	0.20020	12036	0	0.51649	0.11712	0	0.47324	0.27388	0	0.47324	0.27388	0	0.49216	0.52470	12.25742	1.06647	0	0.75367	0.55169	12.84294	1.06647	0	-0.00165	-0.00775	0.68908	0.00237	1	0.06606	-0.01273	0.67870	0.00377	1	1.45898	0.81042	0	
1275516	8602.02246	3306819815523	0.48815	0.16337	8601.77441	0.20020	12036	0	0.48707	0.09931	1	0.48924	0.22743	1	0.48815	0.16337	1	0.49252	0.52502	12.25434	1.06647	1	0.75394	0.55136	12.69178	1.06647	1	-0.00165	-0.00775	0.68908	0.00250	1	0.06606	-0.01273	0.67870	0.00417	1	1.45898	0.81042	0	
1275517	8602.02832	3306819882563	0.49065	0.16754	8601.77441	0.20020	12036	0	0.49414	0.10495	1	0.49217	0.23848	1	0.49315	0.17172	1	0.49264	0.52505	12.04998	1.06647	1	0.75392	0.55166	12.61091	1.06647	1	-0.00165	-0.00775	0.68908	0.00244	1	0.06606	-0.01273	0.67870	0.00394	1	1.45898	0.81042	0	
1275518	8602.03516	3306819949597	0.49149	0.16893	8601.77441	0.20020	12036	0	0.49414	0.10495	1	0.49217	0.23848	1	0.49315	0.17172	1	0.49261	0.52511	12.17900	1.06647	1	0.75405	0.55167	12.71736	1.06647	1	-0.00154	-0.00768	0.68279	0.00244	1	0.06606	-0.01273	0.67870	0.00390	1	1.45898	0.81042	0	
1275519	8602.04199	3306820016983	0.49161	0.16145	8602.02246	0.01953	12037	1	0.49409	0.09325	1	0.48991	0.18474	1	0.49200	0.13900	1	0.49259	0.52494	12.56551	1.06647	1	0.75393	0.55104	12.14057	1.06647	1	-0.00154	-0.00768	0.68279	0.00244	1	0.06606	-0.01273	0.67870	0.00407	1	1.45898	0.81042	0	
1275520	8602.04883	3306820083086	0.49053	0.16118	8602.02246	0.02637	12037	1	0.48483	0.10172	1	0.48752	0.21852	1	0.48617	0.16012	1	0.49258	0.52507	12.12506	1.06647	1	0.75385	0.55145	12.97920	1.06647	1	-0.00154	-0.00768	0.68279	0.00244	1	0.06606	-0.01273	0.67870	0.00395	1	1.45898	0.81042	0	
1275521	8602.05566	3306820149720	0.48980	0.16101	8602.02246	0.03320	12037	1	0.48483	0.10172	1	0.48752	0.21852	1	0.48617	0.16012	1	0.49260	0.52519	12.20592	1.06647	1	0.75394	0.55136	12.69179	1.06647	1	-0.00157	-0.00788	0.69600	0.00245	1	0.06605	-0.01278	0.67862	0.00417	1	1.45898	0.81042	0	
1275522	8602.06250	3306820217467	0.48887	0.17737	8602.02246	0.04004	12037	1	0.51099	0.26720	1	0.45552	0.28392	1	0.48325	0.27556	1	0.49276	0.52712	12.22156	1.06647	1	0.75344	0.55200	13.08803	1.06647	1	-0.00157	-0.00788	0.69600	0.00400	1	0.06605	-0.01278	0.67862	0.00402	1	1.45898	0.81042	0	
1275523	8602.06934	3306820284337	0.48910	0.17302	8602.02246	0.04688	12037	1	0.48830	0.11510	1	0.49311	0.17004	1	0.49071	0.14257	1	0.49265	0.52510	12.48162	1.06647	1	0.75402	0.55087	12.16636	1.06647	1	-0.00157	-0.00788	0.69600	0.00245	1	0.06605	-0.01278	0.67862	0.00408	1	1.45898	0.81042	0	
1275524	8602.07520	3306820351100	0.48928	0.16964	8602.02246	0.05273	12037	1	0.48830	0.11510	1	0.49311	0.17004	1	0.49071	0.14257	1	0.49265	0.52510	12.48162	1.06647	1	0.75411	0.55118	12.31771	1.06647	1	-0.00154	-0.00768	0.68279	0.00245	1	0.06606	-0.01273	0.67870	0.00406	1	1.45898	0.81042	0	
1275525	8602.08203	3306820418699	0.48995	0.17048	8602.02246	0.05957	12037	1	0.49459	0.09595	1	0.49755	0.26011	1	0.49607	0.17803	1	0.49261	0.52507	12.56210	1.06647	1	0.75401	0.55181	12.94411	1.06647	1	-0.00154	-0.00768	0.68279	0.00245	1	0.06606	-0.01273	0.67870	0.00389	1	1.45898	0.81042	0	
1275526	8602.08887	3306820484686	0.48981	0.17080	8602.02246	0.06641	12037	1	0.49892	0.09105	1	0.47791	0.25696	1	0.48841	0.17401	1	0.49271	0.52502	12.25115	1.06647	1	0.75411	0.55168	12.81272	1.06647	1	-0.00154	-0.00768	0.68279	0.00254	1	0.06606	-0.01273	0.67870	0.00391	1	1.45898	0.81042	0	
1275527	8602.09570	3306820552370	0.48970	0.17107	8602.02246	0.07324	12037	1	0.49892	0.09105	1	0.47791	0.25696	1	0.48841	0.17401	1	0.49271	0.52505	12.35028	1.06647	1	0.75431	0.55118	12.75988	1.06647	1	-0.00157	-0.00788	0.69600	0.00252	1	0.06606	-0.01273	0.67870	0.00406	1	1.45898	0.81042	0	
1275528	8602.10254	3306820619438	0.48927	0.17157	8602.02246	0.08008	12037	1	0.49795	0.11186	1	0.47043	0.24337	1	0.48419	0.17761	1	0.49265	0.52512	12.20104	1.06647	1	0.75406	0.55157	12.58253	1.06647	1	-0.00157	-0.00788	0.69600	0.00241	1	0.06606	-0.01273	0.67870	0.00391	1	1.45898	0.81042	0	
1275529	8602.10938	3306820685503	0.49018	0.17702	8602.02246	0.08691	12037	1	0.51951	0.25978	1	0.48451	0.23606	1	0.50201	0.24792	1	0.49294	0.52684	12.13213	1.06647	1	0.75383	0.55155	12.89746	1.06647	1	-0.00157	-0.00788	0.69600	0.00401	1	0.06606	-0.01273	0.67870	0.00395	1	1.45898	0.81042	0	
1275530	8602.11621	3306820753067	0.49097	0.18175	8602.02246	0.09375	12037	1	0.51951	0.25978	1	0.48451	0.23606	1	0.50201	0.24792	1	0.49300	0.52716	12.32776	1.06647	1	0.75362	0.55175	13.25070	1.06647	1	-0.00154	-0.00768	0.68279	0.00394	1	0.06605	-0.01278	0.67862	0.00396	1	1.45898	0.81042	0	
1275531	8602.12305	3306820821552	0.49148	0.18025	8602.02246	0.10059	12037	1	0.49930	0.09701	1	0.49896	0.21855	1	0.49913	0.15778	1	0.49272	0.52504	12.37314	1.06647	1	0.75407	0.55120	12.90215	1.06647	1	-0.00154	-0.00768	0.68279	0.00252	1	0.06605	-0.01278	0.67862	0.00406	1	1.45898	0.81042	0	
1275532	8602.12891	3306820887339	0.49192	0.17767	8602.02246	0.10645	12037	1	0.51475	0.13367	1	0.48300	0.13918	1	0.49887	0.13643	1	0.49292	0.52533	12.03443	1.06647	1	0.75417	0.55041	12.38379	1.06647	1	-0.00154	-0.00768	0.68279	0.00254	1	0.06605	-0.01278	0.67862	0.00423	1	1.45898	0.81042	0	
1275533	8602.13574	3306820953884	0.49230	0.17538	8602.02246	0.11328	12037	1	0.51475	0.13367	1	0.48300	0.13918	1	0.49887	0.13643	1	0.49300	0.52753	12.42598	1.06647	1	0.75420	0.55134	12.18058	1.06647	1	-0.00157	-0.00788	0.69600	0.00374	1	0.06605	-0.01278	0.67862	0.00398	1	1.45898	0.81042	0	
1275534	8602.14258	3306821019949	0.49255	0.18050	8602.02246	0.12012	12037	1	0.51637	0.29744	1	0.47743	0.24799	1	0.49690	0.27271	1	0.49287	0.52718	12.31081	1.06647	1	0.75412	0.55145	12.68594	1.06647	1	-0.00157	-0.00788	0.69600	0.00385	1	0.06605	-0.01278	0.67862	0.00387	1	1.45898	0.81042	0	
1275535	8602.14941	3306821086630	0.49306	0.18439	8602.02246	0.12695	12037	1	0.53510	0.25636	1	0.47054	0.26009	1	0.50282	0.25823	1	0.49320	0.52706	11.51531	1.06647	1	0.75404	0.55187	13.01525	1.06647	1	-0.00157	-0.00788	0.69600	0.00394	1	0.06605	-0.01278	0.67862	0.00367	1	1.45898	0.81042	0	
1275536	8602.15527	3306821152096	0.49351	0.18753	8602.02246	0.13281	12037	1	0.53424	0.24850	1	0.47084	0.25208	1	0.50254	0.25029	1	0.49269	0.52743	12.12212	1.07556	1	0.75439	0.55154	13.25680	1.07556	1	-0.00155	-0.00805	0.71070	0.00376	1	0.06605	-0.01278	0.67862	0.00377	1	1.45898	0.81042	0	
1275537	8602.16309	3306821222941	0.49288	0.19104	8602.02246	0.14062	12037	1	0.51168	0.30648	1	0.44767	0.22315	1	0.47967	0.26482	1	0.49276	0.52746	12.09098	1.08464	1	0.75411	0.55150	12.37554	1.08464	1	-0.00155	-0.00805	0.71070	0.00375	1	0.06605	-0.01278	0.67862	0.00382	1	1.45898	0.81042	0	
1275538	8602.16992	3306821289984	0.49267	0.19298	8602.02246	0.14746	12037	1	0.51733	0.29893	1	0.45879	0.17239	1	0.48806	0.23566	1	0.49297	0.52745	12.10095	1.09373	1	0.75419	0.55119	12.26553	1.09373	1	-0.00155	-0.00805	0.71070	0.00373	1	0.06605	-0.01278	0.67862	0.00401	1	1.45898	0.81042	0	
1275539	8602.17578	3306821354756	0.49248	0.19476	8602.02246	0.15332	12037	1	0.51733	0.29893	1	0.45879	0.17239	1	0.48806	0.23566	1	0.49318	0.52665	11.18061	1.09373	1	0.75455	0.55087	13.08597	1.09373	1	-0.00143	-0.00768	0.68276	0.00390	1	0.06534	-0.01262	0.67034	0.00419	1	1.45898	0.81042	0	
1275540	8602.18262	3306821423205	0.49553	0.22312	8602.02246	0.15332	12037	0	0.49826	0.22901	1	0.47668	0.23825	1	0.48747	0.23363	1	0.49302	0.52678	11.22803	1.08464	1	0.75447	0.55163	13.01754	1.08464	1	-0.00143	-0.00768	0.68276	0.00374	1	0.06534	-0.01262	0.67034	0.00384	1	1.45898	0.81042	0	
1275541	8602.18945	3306821490189	0.48903	0.23084	8602.02246	0.15332	12037	0	0.50054	0.26325	1	0.46450	0.21389	1	0.48252	0.23857	1	0.49303	0.52689	11.48131	1.07556	1	0.75438	0.55151	13.04640	1.07556	1	-0.00143	-0.00768	0.68276	0.00371	1	0.06534	-0.01262	0.67034	0.00384	1	1.45898	0.81042	0	
1275542	8602.19629	3306821557278	0.48709	0.23326	8602.02246	0.15332	12037	0	0.50165	0.27100	1	0.46476	0.20516	1	0.48320	0.23808	1	0.49338	0.52680	11.85924	1.06647	1	0.75438	0.55151	13.04640	1.08507	1	-0.00144	-0.00781	0.68545	0.00370	1	0.07144	-0.01380	0.73282	0.00385	1	1.45898	0.81042	0	
1275543	8602.20312	3306821624021	0.48449	0.20997	8602.18262	0.02051	12038	1	0.48811	0.09209	1	0.46527	0.18810	1	0.47669	0.14009	1	0.49302	0.52516	12.27339	1.08507	1	0.75438	0.55151	13.04640	1.10367	1	-0.00144	-0.00781	0.68545	0.00246	1	0.07144	-0.01380	0.73282	0.00384	1	1.45898	0.81042	0	
1275544	8602.20996	3306821690597	0.48468	0.19729	8602.18262	0.02734	12038	1	0.50038	0.07066	1	0.47051	0.22255	1	0.48545	0.14661	1	0.49317	0.52529	12.39960	1.10367	1	0.75435	0.55184	13.09190	1.12227	1	-0.00144	-0.00781	0.68545	0.00246	1	0.07144	-0.01380	0.73282	0.00390	1	1.45898	0.81042	0	
1275545	8602.21582	3306821756895	0.48461	0.18451	8602.18262	0.03320	12038	1	0.49713	0.04277	1	0.47138	0.19842	1	0.48425	0.12059	1	0.49299	0.52694	11.22351	1.13136	1	0.75447	0.55134	12.94552	1.14996	1	-0.00155	-0.00805	0.71070	0.00380	1	0.07144	-0.01380	0.73282	0.00386	1	1.45898	0.81042	0	
1275546	8602.22266	3306821824454	0.48501	0.18242	8602.18262	0.04004	12038	1	0.49097	0.17251	1	0.48386	0.16723	1	0.48741	0.16987	1	0.49303	0.52678	11.19291	1.15905	1	0.75448	0.55155	13.27596	1.15905	1	-0.00155	-0.00805	0.71070	0.00378	1	0.07144	-0.01380	0.73282	0.00378	1	1.45898	0.81042	0	
1275547	8602.22949	3306821892053	0.48585	0.17121	8602.18262	0.04688	12038	1	0.49344	0.02012	1	0.49005	0.16535	1	0.49175	0.09274	1	0.49317	0.52530	11.98903	1.16813	1	0.75463	0.55165	12.96911	1.16813	1	-0.00155	-0.00805	0.71070	0.00246	1	0.07144	-0.01380	0.73282	0.00383	1	1.45898	0.81042	0	
1275548	8602.23633	3306821958477	0.48647	0.16154	8602.18262	0.05371	12038	1	0.49239	0.01108	1	0.49047	0.15728	1	0.49143	0.08418	1	0.49333	0.52661	11.74068	1.17722	1	0.75445	0.55199	13.48691	1.17722	1	-0.00155	-0.00805	0.71070	0.00389	1	0.07144	-0.01380	0.73282	0.00386	1	1.45898	0.81042	0	
1275549	8602.24316	3306822026116	0.48715	0.16474	8602.18262	0.06055	12038	1	0.51042	0.16813	1	0.47604	0.21908	1	0.49323	0.19360	1	0.49301	0.52697	11.23518	1.17722	1	0.75456	0.55238	13.44467	1.17722	1	-0.00155	-0.00805	0.71070	0.00381	1	0.07144	-0.01380	0.73282	0.00373	1	1.45898	0.81042	0	
1275550	8602.25000	3306822092849	0.48865	0.16538	8602.18262	0.06738	12038	1	0.52972	0.14703	1	0.47775	0.19647	1	0.50373	0.17175	1	0.49332	0.52660	11.79479	1.17722	1	0.75448	0.55216	13.25285	1.17722	1	-0.00155	-0.00805	0.71070	0.00388	1	0.07144	-0.01380	0.73282	0.00410	1	1.45898	0.81042	0	
1275551	8602.25684	3306822159915	0.48990	0.16627	8602.18262	0.07422	12038	1	0.52972	0.14703	1	0.47739	0.20494	1	0.50356	0.17599	1	0.49299	0.52709	11.24822	1.17722	1	0.75443	0.55197	13.28527	1.16730	1	-0.00153	-0.00801	0.70282	0.00374	1	0.06838	-0.01325	0.70094	0.00386	1	1.45898	0.81042	0	
1275552	8602.26270	3306822226966	0.49102	0.16947	8602.18262	0.08008	12038	1	0.53254	0.23463	1	0.47637	0.18128	1	0.50446	0.20796	1	0.49324	0.52754	11.97907	1.16730	1	0.75445	0.55181	13.21009	1.15738	1	-0.00153	-0.00801	0.70282	0.00371	1	0.06838	-0.01325	0.70094	0.00392	1	1.45898	0.81042	0	
1275553	8602.26953	3306822292883	0.49069	0.17085	8602.18262	0.08691	12038	1	0.51276	0.18317	1	0.46003	0.19428	1	0.48639	0.18873	1	0.49299	0.52706	11.25458	1.15738	1	0.75419	0.55184	12.72512	1.14746	1	-0.00153	-0.00801	0.70282	0.00386	1	0.06838	-0.01325	0.70094	0.00376	1	1.45898	0.81042	0	
1275554	8602.27637	3306822361506	0.49046	0.17285	8602.18262	0.09375	12038	1	0.51473	0.19956	1	0.45983	0.20225	1	0.48728	0.20090	1	0.49314	0.52746	11.20841	1.13837	1	0.75416	0.55220	12.57986	1.13837	1	-0.00157	-0.00799	0.69599	0.00372	1	0.07091	-0.01375	0.72746	0.00408	1	1.45898	0.81042	0	
1275555	8602.28320	3306822428121	0.49104	0.17687	8602.18262	0.10059	12038	1	0.52581	0.23749	1	0.47376	0.23690	1	0.49978	0.23719	1	0.49316	0.52745	11.15231	1.12928	1	0.75440	0.55212	12.88837	1.13920	1	-0.00157	-0.00799	0.69599	0.00375	1	0.07091	-0.01375	0.72746	0.00411	1	1.45898	0.81042	0	
1275556	8602.29004	3306822495054	0.49311	0.18094	8602.18262	0.10742	12038	1	0.52757	0.24066	1	0.52488	0.25126	1	0.52622	0.24596	1	0.49315	0.52749	11.30571	1.13012	1	0.75445	0.55236	12.92020	1.14004	1	-0.00157	-0.00799	0.69599	0.00371	1	0.07091	-0.01375	0.72746	0.00407	1	1.45898	0.81042	0	
1275557	8602.29688	3306822562096	0.49495	0.18451	8602.18262	0.11426	12038	1	0.52749	0.23997	1	0.52495	0.25056	1	0.52622	0.24526	1	0.49343	0.52754	11.85281	1.13095	1	0.75391	0.55241	12.42466	1.14087	1	-0.00154	-0.00789	0.68279	0.00378	1	0.07091	-0.01375	0.72746	0.00400	1	1.45898	0.81042	0	
1275558	8602.30371	3306822629262	0.49476	0.18709	8602.18262	0.12109	12038	1	0.51487	0.20844	1	0.46767	0.25856	1	0.49127	0.23350	1	0.49308	0.52690	10.88698	1.14087	1	0.75362	0.55288	13.08801	1.14087	1	-0.00154	-0.00789	0.68279	0.00393	1	0.07091	-0.01375	0.72746	0.00397	1	1.45898	0.81042	0	
1275559	8602.31055	3306822695837	0.49436	0.18636	8602.18262	0.12793	12038	1	0.49622	0.05028	1	0.47725	0.29455	1	0.48674	0.17241	1	0.49282	0.52552	12.22414	1.14087	1	0.75379	0.55285	13.03833	1.14087	1	-0.00154	-0.00789	0.68279	0.00243	1	0.07091	-0.01375	0.72746	0.00393	1	1.45898	0.81042	0	
1275560	8602.31641	3306822762231	0.49398	0.18588	8602.18262	0.13379	12038	1	0.49622	0.05028	1	0.47689	0.30243	1	0.48656	0.17636	1	0.49278	0.52547	12.04289	1.14087	1	0.75360	0.55291	13.21663	1.13095	1	-0.00154	-0.00789	0.68279	0.00242	1	0.06898	-0.01339	0.70822	0.00396	1	1.45898	0.81042	0	
1275561	8602.32324	3306822829930	0.49390	0.18517	8602.18262	0.14062	12038	1	0.50105	0.08228	1	0.48336	0.25840	1	0.49220	0.17034	1	0.49287	0.52566	11.99440	1.13095	1	0.75381	0.55290	13.39990	1.12103	1	-0.00154	-0.00789	0.68279	0.00237	1	0.06898	-0.01339	0.70822	0.00382	1	1.45898	0.81042	0	
1275562	8602.33008	3306822897201	0.49381	0.18547	8602.18262	0.14746	12038	1	0.50704	0.09658	1	0.47647	0.28753	1	0.49176	0.19206	1	0.49280	0.52564	11.98853	1.12103	1	0.75371	0.55287	13.00919	1.11111	1	-0.00154	-0.00789	0.68279	0.00243	1	0.06898	-0.01339	0.70822	0.00383	1	1.45898	0.81042	0	
1275563	8602.33691	3306822963634	0.49373	0.18627	8602.18262	0.15430	12038	1	0.50814	0.10619	1	0.47579	0.30284	1	0.49197	0.20451	1	0.49266	0.52579	11.94777	1.11111	1	0.75406	0.55278	12.33749	1.09251	1	-0.00154	-0.00789	0.68279	0.00243	1	0.06606	-0.01283	0.67870	0.00387	1	1.45898	0.81042	0	
1275564	8602.34375	3306823031132	0.49335	0.18676	8602.18262	0.16113	12038	1	0.48616	0.12540	1	0.48194	0.27206	1	0.48405	0.19873	1	0.49262	0.52566	12.21182	1.09251	1	0.75382	0.55252	12.83697	1.08383	1	-0.00154	-0.00789	0.68279	0.00242	1	0.06606	-0.01283	0.67870	0.00385	1	1.45898	0.81042	0	
1275565	8602.34961	3306823095136	0.49331	0.18735	8602.18262	0.16699	12038	1	0.48898	0.12677	1	0.49592	0.27724	1	0.49245	0.20200	1	0.49251	0.52561	12.28996	1.08383	1	0.75410	0.55252	12.28893	1.07515	1	-0.00154	-0.00789	0.68279	0.00241	1	0.06606	-0.01283	0.67870	0.00388	1	1.45898	0.81042	0	
1275566	8602.35645	3306823161585	0.49330	0.18846	8602.18262	0.17383	12038	1	0.49113	0.14304	1	0.49500	0.29162	1	0.49307	0.21733	1	0.49277	0.52745	11.78886	1.06713	1	0.75370	0.55266	13.00170	1.05845	1	-0.00151	-0.00752	0.65135	0.00385	1	0.06606	-0.01283	0.67870	0.00389	1	1.45898	0.81042	0	
1275567	8602.36328	3306823228588	0.49349	0.19235	8602.18262	0.18066	12038	1	0.53597	0.28648	1	0.46129	0.30801	1	0.49863	0.29724	1	0.49280	0.52707	11.86725	1.05044	1	0.75352	0.55270	13.18177	1.05044	1	-0.00151	-0.00752	0.65135	0.00373	1	0.06606	-0.01283	0.67870	0.00399	1	1.45898	0.81042	0	
1275568	8602.37012	3306823296068	0.49334	0.19435	8602.18262	0.18750	12038	1	0.51756	0.17706	1	0.46073	0.32417	1	0.48914	0.25061	1	0.49250	0.52574	11.90579	1.04242	1	0.75348	0.55296	13.41257	1.04242	1	-0.00151	-0.00752	0.65135	0.00249	1	0.06606	-0.01283	0.67870	0.00387	1	1.45898	0.81042	0	
1275569	8602.37695	3306823364349	0.49320	0.19634	8602.18262	0.19434	12038	1	0.51756	0.17706	1	0.46054	0.33061	1	0.48905	0.25383	1	0.49226	0.52576	12.02874	1.04242	1	0.75346	0.55292	13.19946	1.03476	1	-0.00165	-0.00796	0.68908	0.00248	1	0.06439	-0.01251	0.66209	0.00386	1	1.45898	0.81042	0	
1275570	8602.38379	3306823428871	0.49314	0.19883	8602.18262	0.20117	12038	1	0.51641	0.16462	1	0.46656	0.38245	1	0.49149	0.27353	1	0.49222	0.52574	12.19967	1.04278	1	0.75358	0.55290	13.05788	1.03512	1	-0.00165	-0.00796	0.68908	0.00243	1	0.06439	-0.01251	0.66209	0.00398	1	1.45898	0.81042	0	
1275571	8602.38965	3306823496294	0.49361	0.20114	8602.18262	0.20703	12038	1	0.53026	0.18111	1	0.48551	0.36458	1	0.50789	0.27284	1	0.49233	0.52584	12.16084	1.04313	1	0.75358	0.55266	13.12056	1.03547	1	-0.00165	-0.00796	0.68908	0.00251	1	0.06439	-0.01251	0.66209	0.00395	1	1.45898	0.81042	0	
1275572	8602.39648	3306823564162	0.49418	0.23384	8602.18262	0.20703	12038	0	0.53104	0.18844	1	0.48592	0.35755	1	0.50848	0.27300	1	0.49206	0.52800	11.54910	1.03547	1	0.75315	0.55240	12.35431	1.04416	1	-0.00164	-0.00766	0.66318	0.00352	1	0.06888	-0.01341	0.70935	0.00402	1	1.45898	0.81042	0	
1275573	8602.40332	3306823630709	0.50320	0.29499	8602.18262	0.20703	12038	0	0.54048	0.37838	1	0.48395	0.33390	1	0.51221	0.35614	1	0.49243	0.52803	11.44098	1.03614	1	0.75353	0.55248	12.60850	1.05248	1	-0.00164	-0.00766	0.66318	0.00370	1	0.06888	-0.01341	0.70935	0.00403	1	1.45898	0.81042	0	
1275574	8602.41016	3306823697638	0.50498	0.30689	8602.18262	0.20703	12038	0	0.52818	0.32068	1	0.48892	0.34071	1	0.50855	0.33070	1	0.49226	0.52786	11.57351	1.04446	1	0.75321	0.55251	12.25553	1.06080	1	-0.00164	-0.00766	0.66318	0.00387	1	0.06888	-0.01341	0.70935	0.00400	1	1.45898	0.81042	0	
1275575	8602.41699	3306823767553	0.50956	0.33590	8602.18262	0.20703	12038	0	0.52650	0.30724	1	0.48930	0.33449	1	0.50790	0.32086	1	0.49199	0.52584	12.37864	1.06080	1	0.75317	0.55235	12.28718	1.06846	1	-0.00172	-0.00779	0.67406	0.00235	1	0.06633	-0.01292	0.68366	0.00403	1	1.45898	0.81042	0	
1275576	8602.42383	3306823834862	0.50292	0.27627	8602.18262	0.20703	12038	0	0.50099	0.11165	1	0.49157	0.32164	1	0.49628	0.21664	1	0.49195	0.52574	12.01472	1.07648	1	0.75328	0.55229	12.39209	1.06780	1	-0.00172	-0.00779	0.67406	0.00236	1	0.06633	-0.01292	0.68366	0.00394	1	1.45898	0.81042	0	
1275577	8602.43066	3306823900491	0.49827	0.25116	8602.18262	0.20703	12038	0	0.50220	0.11875	1	0.47575	0.28310	1	0.48897	0.20092	1	0.49198	0.52583	12.33125	1.07581	1	0.75292	0.55263	12.91583	1.06713	1	-0.00172	-0.00779	0.67406	0.00236	1	0.06633	-0.01292	0.68366	0.00394	1	1.45898	0.81042	0	
1275578	8602.43750	3306823968907	0.49142	0.20637	8602.18262	0.20703	12038	0	0.50228	0.11941	1	0.47572	0.28367	1	0.48900	0.20154	1	0.49207	0.52578	12.29599	1.07515	1	0.75279	0.55257	12.73695	1.06647	1	-0.00172	-0.00779	0.67406	0.00242	1	0.06633	-0.01292	0.68366	0.00396	1	1.45898	0.81042	0	
1275579	8602.44434	3306824034347	0.49303	0.23063	8602.18262	0.20703	12038	0	0.50323	0.12548	1	0.48607	0.38429	1	0.49465	0.25488	1	0.49195	0.52575	12.02797	1.06647	1	0.75317	0.55266	12.52723	1.06647	1	-0.00172	-0.00779	0.67406	0.00238	1	0.06633	-0.01292	0.68366	0.00383	1	1.45898	0.81042	0	
1275580	8602.45020	3306824101504	0.49394	0.22626	8602.18262	0.20703	12038	0	0.50279	0.12857	1	0.48872	0.30647	1	0.49576	0.21752	1	0.49197	0.52580	12.32334	1.06647	1	0.75327	0.55236	12.34303	1.06647	1	-0.00172	-0.00779	0.67406	0.00235	1	0.06633	-0.01292	0.68366	0.00381	1	1.45898	0.81042	0	
1275581	8602.45703	3306824169295	0.49440	0.22407	8602.43750	0.01953	12039	1	0.50279	0.12857	1	0.48872	0.30647	1	0.49576	0.21752	1	0.49195	0.52558	11.89104	1.06647	1	0.75346	0.55226	12.05964	1.06647	1	-0.00172	-0.00779	0.67406	0.00231	1	0.06633	-0.01292	0.68366	0.00385	1	1.45898	0.81042	0	
1275582	8602.46387	3306824236396	0.49558	0.22676	8602.43750	0.02637	12039	1	0.51678	0.14078	1	0.48389	0.33421	1	0.50033	0.23750	1	0.49209	0.52590	11.93505	1.06647	1	0.75313	0.55240	12.73961	1.06647	1	-0.00172	-0.00779	0.67406	0.00228	1	0.06633	-0.01292	0.68366	0.00382	1	1.45898	0.81042	0	
1275583	8602.47070	3306824301954	0.49578	0.22465	8602.43750	0.03320	12039	1	0.49955	0.12005	1	0.49403	0.30813	1	0.49679	0.21409	1	0.49196	0.52575	11.56590	1.06647	1	0.75329	0.55225	12.35470	1.06647	1	-0.00172	-0.00779	0.67406	0.00236	1	0.06633	-0.01292	0.68366	0.00383	1	1.45898	0.81042	0	
1275584	8602.47754	3306824370448	0.49593	0.22314	8602.43750	0.04004	12039	1	0.49955	0.12005	1	0.49403	0.30813	1	0.49679	0.21409	1	0.49202	0.52566	11.81148	1.06647	1	0.75315	0.55188	12.53889	1.06647	1	-0.00172	-0.00779	0.67406	0.00237	1	0.06633	-0.01292	0.68366	0.00370	1	1.45898	0.81042	0	
1275585	8602.48438	3306824437785	0.49604	0.22294	8602.43750	0.04688	12039	1	0.50139	0.09106	1	0.49221	0.35211	1	0.49680	0.22158	1	0.49204	0.52555	11.85907	1.06647	1	0.75326	0.55214	12.31819	1.06647	1	-0.00172	-0.00779	0.67406	0.00237	1	0.06633	-0.01292	0.68366	0.00385	1	1.45898	0.81042	0	
1275586	8602.49121	3306824504299	0.49679	0.22144	8602.43750	0.05371	12039	1	0.50907	0.09931	1	0.49649	0.31950	1	0.50278	0.20941	1	0.49210	0.52557	11.75590	1.06647	1	0.75324	0.55198	12.25427	1.06647	1	-0.00172	-0.00779	0.67406	0.00242	1	0.06633	-0.01292	0.68366	0.00388	1	1.45898	0.81042	0	
1275587	8602.49805	3306824571034	0.49739	0.22024	8602.43750	0.06055	12039	1	0.50907	0.09931	1	0.49649	0.31950	1	0.50278	0.20941	1	0.49215	0.52563	11.84115	1.06647	1	0.75336	0.55236	12.69517	1.06647	1	-0.00172	-0.00779	0.67406	0.00243	1	0.06633	-0.01292	0.68366	0.00376	1	1.45898	0.81042	0	
1275588	8602.50391	3306824638409	0.49807	0.21874	8602.43750	0.06641	12039	1	0.50924	0.10950	1	0.50063	0.29816	1	0.50493	0.20383	1	0.49204	0.52568	11.82608	1.06647	1	0.75339	0.55218	12.08978	1.06647	1	-0.00172	-0.00779	0.67406	0.00238	1	0.06633	-0.01292	0.68366	0.00383	1	1.45898	0.81042	0	
1275589	8602.51074	3306824705331	0.49818	0.21789	8602.43750	0.07324	12039	1	0.50080	0.11678	1	0.49787	0.30027	1	0.49934	0.20852	1	0.49200	0.52563	11.81553	1.06647	1	0.75331	0.55226	12.07091	1.06647	1	-0.00172	-0.00779	0.67406	0.00235	1	0.06633	-0.01292	0.68366	0.00380	1	1.45898	0.81042	0	
1275590	8602.51758	3306824772294	0.49827	0.21717	8602.43750	0.08008	12039	1	0.50080	0.11678	1	0.49787	0.30027	1	0.49934	0.20852	1	0.49199	0.52569	11.73406	1.06647	1	0.75327	0.55225	12.34551	1.06647	1	-0.00172	-0.00779	0.67406	0.00241	1	0.06633	-0.01292	0.68366	0.00384	1	1.45898	0.81042	0	
1275591	8602.52441	3306824839278	0.49839	0.21700	8602.43750	0.08691	12039	1	0.50388	0.12208	1	0.49615	0.30744	1	0.50002	0.21476	1	0.49198	0.52575	11.76197	1.06647	1	0.75330	0.55226	12.49527	1.06647	1	-0.00172	-0.00779	0.67406	0.00240	1	0.06633	-0.01292	0.68366	0.00378	1	1.45898	0.81042	0	
1275592	8602.53125	3306824906195	0.49743	0.21753	8602.43750	0.09375	12039	1	0.49461	0.11177	1	0.47323	0.33808	1	0.48392	0.22493	1	0.49199	0.52569	11.73406	1.06647	1	0.75289	0.55267	13.25071	1.06647	1	-0.00172	-0.00779	0.67406	0.00241	1	0.06633	-0.01292	0.68366	0.00377	1	1.45898	0.81042	0	
1275593	8602.53809	3306824972515	0.49658	0.21799	8602.43750	0.10059	12039	1	0.49461	0.11177	1	0.47323	0.33808	1	0.48392	0.22493	1	0.49211	0.52563	12.08292	1.06647	1	0.75298	0.55241	12.25833	1.06647	1	-0.00172	-0.00779	0.67406	0.00238	1	0.06633	-0.01292	0.68366	0.00384	1	1.45898	0.81042	0	
1275594	8602.54492	3306825039805	0.49712	0.21742	8602.43750	0.10742	12039	1	0.51575	0.13448	1	0.49571	0.28222	1	0.50573	0.20835	1	0.49213	0.52568	12.37883	1.06647	1	0.75325	0.55208	12.33973	1.06647	1	-0.00172	-0.00779	0.67406	0.00235	1	0.06633	-0.01292	0.68366	0.00394	1	1.45898	0.81042	0	
1275595	8602.55078	3306825107310	0.49737	0.21700	8602.43750	0.11328	12039	1	0.50893	0.13649	1	0.49423	0.28311	1	0.50158	0.20980	1	0.49211	0.52559	11.81702	1.06647	1	0.75330	0.55154	12.32116	1.06647	1	-0.00172	-0.00779	0.67406	0.00242	1	0.06633	-0.01292	0.68366	0.00375	1	1.45898	0.81042	0	
1275596	8602.55762	3306825174054	0.49759	0.21662	8602.43750	0.12012	12039	1	0.50893	0.13649	1	0.49423	0.28311	1	0.50158	0.20980	1	0.49211	0.52559	11.81702	1.06647	1	0.75329	0.55239	12.11436	1.06647	1	-0.00172	-0.00779	0.67406	0.00242	1	0.06633	-0.01292	0.68366	0.00391	1	1.45898	0.81042	0	
1275597	8602.56445	3306825241015	0.49753	0.21589	8602.43750	0.12695	12039	1	0.50908	0.13891	1	0.48370	0.26520	1	0.49639	0.20205	1	0.49210	0.52552	11.62089	1.06647	1	0.75307	0.55172	12.10174	1.06647	1	-0.00172	-0.00779	0.67406	0.00243	1	0.06633	-0.01292	0.68366	0.00432	1	1.45898	0.81042	0	
1275598	8602.57129	3306825307972	0.49776	0.21551	8602.43750	0.13379	12039	1	0.50908	0.13891	1	0.49551	0.27693	1	0.50229	0.20792	1	0.49210	0.52552	11.62089	1.06647	1	0.75328	0.55197	12.29391	1.06647	1	-0.00172	-0.00779	0.67406	0.00243	1	0.06633	-0.01292	0.68366	0.00407	1	1.45898	0.81042	0	
1275599	8602.57812	3306825375069	0.49797	0.21500	8602.43750	0.14062	12039	1	0.50908	0.13891	1	0.49599	0.26939	1	0.50253	0.20415	1	0.49226	0.52557	11.66967	1.06647	1	0.75336	0.55130	12.07933	1.07515	1	-0.00165	-0.00796	0.68908	0.00232	1	0.06888	-0.01341	0.70935	0.00383	1	1.45898	0.81042	0	
1275600	8602.58496	3306825442227	0.49716	0.21313	8602.43750	0.14746	12039	1	0.51205	0.12392	1	0.44664	0.22020	1	0.47934	0.17206	1	0.49222	0.52544	12.22517	1.07515	1	0.75326	0.55147	12.16268	1.08383	1	-0.00165	-0.00796	0.68908	0.00235	1	0.06888	-0.01341	0.70935	0.00388	1	1.45898	0.81042	0	
1275601	8602.59180	3306825509965	0.49664	0.20992	8602.43750	0.15430	12039	1	0.51173	0.11871	1	0.45724	0.15368	1	0.48449	0.13619	1	0.49227	0.52557	11.89110	1.08383	1	0.75337	0.55115	12.20277	1.09251	1	-0.00165	-0.00796	0.68908	0.00238	1	0.06888	-0.01341	0.70935	0.00393	1	1.45898	0.81042	0	
1275602	8602.59766	3306825574993	0.49613	0.20695	8602.43750	0.16016	12039	1	0.51076	0.11020	1	0.45709	0.16101	1	0.48393	0.13560	1	0.49238	0.52549	11.72345	1.09251	1	0.75347	0.55218	12.12827	1.08485	1	-0.00165	-0.00796	0.68908	0.00232	1	0.06375	-0.01241	0.65658	0.00411	1	1.45898	0.81042	0	
1275603	8602.60449	3306825641882	0.49492	0.20700	8602.43750	0.16699	12039	1	0.47187	0.11143	1	0.45781	0.30488	1	0.46484	0.20816	1	0.49245	0.52545	11.71599	1.08485	1	0.75339	0.55230	12.03658	1.06851	1	-0.00165	-0.00796	0.68908	0.00239	1	0.06375	-0.01241	0.65658	0.00402	1	1.45898	0.81042	0	
1275604	8602.61133	3306825710942	0.49397	0.20773	8602.43750	0.17383	12039	1	0.47903	0.13795	1	0.45940	0.31542	1	0.46921	0.22668	1	0.49243	0.52547	11.63594	1.06851	1	0.75350	0.55196	11.73252	1.05217	1	-0.00165	-0.00796	0.68908	0.00238	1	0.06375	-0.01241	0.65658	0.00397	1	1.45898	0.81042	0	
1275605	8602.61816	3306825777838	0.49312	0.20882	8602.43750	0.18066	12039	1	0.48130	0.15394	1	0.45920	0.32271	1	0.47025	0.23833	1	0.49256	0.52542	11.76815	1.05217	1	0.75377	0.55177	12.92214	1.04349	1	-0.00157	-0.00799	0.69599	0.00236	1	0.06606	-0.01283	0.67870	0.00369	1	1.45898	0.81042	0	
1275606	8602.62500	3306825844027	0.49277	0.20922	8602.43750	0.18750	12039	1	0.49266	0.15431	1	0.47326	0.28667	1	0.48296	0.22049	1	0.49268	0.52546	11.53965	1.04349	1	0.75372	0.55196	12.74884	1.05115	1	-0.00157	-0.00799	0.69599	0.00235	1	0.06606	-0.01283	0.67870	0.00374	1	1.45898	0.81042	0	
1275607	8602.63184	3306825910706	0.49241	0.20933	8602.43750	0.19434	12039	1	0.49418	0.14239	1	0.46956	0.28263	1	0.48187	0.21251	1	0.49264	0.52539	11.69939	1.05115	1	0.75368	0.55196	12.88967	1.05881	1	-0.00157	-0.00799	0.69599	0.00235	1	0.06606	-0.01283	0.67870	0.00374	1	1.45898	0.81042	0	
1275608	8602.63867	3306825977589	0.49206	0.20920	8602.43750	0.20117	12039	1	0.49320	0.13481	1	0.46981	0.27598	1	0.48150	0.20540	1	0.49293	0.52549	11.89818	1.05881	1	0.75393	0.55192	12.67271	1.06647	1	-0.00157	-0.00799	0.69599	0.00241	1	0.06606	-0.01283	0.67870	0.00375	1	1.45898	0.81042	0	
1275609	8602.64453	3306826045099	0.49218	0.20933	8602.43750	0.20703	12039	1	0.50548	0.13398	1	0.48634	0.29268	1	0.49591	0.21333	1	0.49285	0.52552	11.34074	1.06647	1	0.75386	0.55215	12.17172	1.06647	1	-0.00157	-0.00799	0.69599	0.00245	1	0.06606	-0.01283	0.67870	0.00393	1	1.45898	0.81042	0	
1275610	8602.65137	3306826111865	0.49221	0.20971	8602.43750	0.21387	12039	1	0.51162	0.12366	1	0.47474	0.31966	1	0.49318	0.22166	1	0.49290	0.52541	11.36553	1.06647	1	0.75379	0.55239	12.21619	1.06647	1	-0.00157	-0.00799	0.69599	0.00243	1	0.06606	-0.01283	0.67870	0.00398	1	1.45898	0.81042	0	
1275611	8602.65820	3306826179625	0.49224	0.21006	8602.43750	0.22070	12039	1	0.51162	0.12366	1	0.47474	0.31966	1	0.49318	0.22166	1	0.49314	0.52543	11.69716	1.06647	1	0.75393	0.55262	12.37217	1.06647	1	-0.00143	-0.00789	0.68275	0.00233	1	0.06606	-0.01283	0.67870	0.00389	1	1.45898	0.81042	0	
1275612	8602.66504	3306826245886	0.49174	0.21062	8602.43750	0.22754	12039	1	0.49797	0.13188	1	0.45193	0.32744	1	0.47495	0.22966	1	0.49314	0.52547	11.82189	1.06647	1	0.75420	0.55244	12.95662	1.06647	1	-0.00143	-0.00789	0.68275	0.00232	1	0.06606	-0.01283	0.67870	0.00391	1	1.45898	0.81042	0	
1275613	8602.67188	3306826312960	0.49078	0.21113	8602.43750	0.23438	12039	1	0.48019	0.13015	1	0.43417	0.32794	1	0.45718	0.22905	1	0.49322	0.52543	11.69879	1.06647	1	0.75385	0.55264	12.37932	1.06647	1	-0.00143	-0.00789	0.68275	0.00238	1	0.06606	-0.01283	0.67870	0.00401	1	1.45898	0.81042	0	
1275614	8602.67871	3306826379881	0.48988	0.21161	8602.43750	0.24121	12039	1	0.48019	0.13015	1	0.43417	0.32794	1	0.45718	0.22905	1	0.49330	0.52540	11.56946	1.06647	1	0.75396	0.55284	12.39861	1.06647	1	-0.00133	-0.00785	0.68410	0.00243	1	0.06611	-0.01280	0.67713	0.00408	1	1.45898	0.81042	0	
1275615	8602.68555	3306826446452	0.48963	0.21169	8602.43750	0.24805	12039	1	0.48988	0.12658	1	0.47110	0.30253	1	0.48049	0.21455	1	0.49337	0.52537	11.72835	1.06647	1	0.75444	0.55266	12.78475	1.06647	1	-0.00133	-0.00785	0.68410	0.00230	1	0.06611	-0.01280	0.67713	0.00387	1	1.45898	0.81042	0	
1275616	8602.69141	3306826513970	0.48926	0.21144	8602.43750	0.25391	12039	1	0.48640	0.13054	1	0.46438	0.27291	1	0.47539	0.20173	1	0.49332	0.52541	11.68663	1.06647	1	0.75434	0.55247	12.93584	1.06647	1	-0.00133	-0.00785	0.68410	0.00236	1	0.06611	-0.01280	0.67713	0.00393	1	1.45898	0.81042	0	
1275617	8602.69824	3306826581098	0.48892	0.21119	8602.43750	0.26074	12039	1	0.48640	0.13054	1	0.46438	0.27291	1	0.47539	0.20173	1	0.49360	0.52528	11.69395	1.06647	1	0.75443	0.55263	12.60079	1.06647	1	-0.00133	-0.00785	0.68410	0.00242	1	0.06611	-0.01280	0.67713	0.00405	1	1.45898	0.81042	0	
1275618	8602.70508	3306826647785	0.48933	0.21110	8602.43750	0.26758	12039	1	0.51171	0.13299	1	0.49968	0.28176	1	0.50570	0.20737	1	0.49352	0.52533	11.72193	1.06647	1	0.75492	0.55248	12.19598	1.06647	1	-0.00133	-0.00785	0.68410	0.00236	1	0.06611	-0.01280	0.67713	0.00393	1	1.45898	0.81042	0	
1275619	8602.71191	3306826714782	0.48933	0.21076	8602.43750	0.27441	12039	1	0.49918	0.11837	1	0.47970	0.27486	1	0.48944	0.19661	1	0.49352	0.52539	11.61562	1.06647	1	0.75456	0.55248	12.65691	1.06647	1	-0.00133	-0.00785	0.68410	0.00238	1	0.06611	-0.01280	0.67713	0.00395	1	1.45898	0.81042	0	
1275620	8602.71875	3306826781341	0.48933	0.21043	8602.43750	0.28125	12039	1	0.49918	0.11837	1	0.47970	0.27486	1	0.48944	0.19661	1	0.49379	0.52535	11.57212	1.06647	1	0.75458	0.55274	12.89422	1.06647	1	-0.00133	-0.00780	0.68410	0.00237	1	0.06611	-0.01280	0.67713	0.00385	1	1.45898	0.81042	0	
1275621	8602.72559	3306826848427	0.48972	0.21001	8602.43750	0.28809	12039	1	0.52376	0.12401	1	0.48944	0.26045	1	0.50660	0.19223	1	0.49386	0.52536	11.78666	1.06647	1	0.75483	0.55244	12.35480	1.06647	1	-0.00133	-0.00780	0.68410	0.00237	1	0.06611	-0.01280	0.67713	0.00385	1	1.45898	0.81042	0	
1275622	8602.73242	3306826915820	0.48955	0.21023	8602.43750	0.29492	12039	1	0.51406	0.12641	1	0.44952	0.31275	1	0.48179	0.21958	1	0.49380	0.52529	11.60618	1.06647	1	0.75456	0.55277	12.97872	1.06647	1	-0.00133	-0.00780	0.68410	0.00237	1	0.06611	-0.01280	0.67713	0.00387	1	1.45898	0.81042	0	
1275623	8602.73926	3306826983161	0.48938	0.21043	8602.43750	0.30176	12039	1	0.51406	0.12641	1	0.44952	0.31275	1	0.48179	0.21958	1	0.49390	0.52527	11.55526	1.06647	1	0.75500	0.55279	12.56784	1.06647	1	-0.00120	-0.00762	0.66434	0.00243	1	0.06611	-0.01280	0.67713	0.00383	1	1.45898	0.81042	0	
1275624	8602.74512	3306827048917	0.48930	0.21087	8602.43750	0.30762	12039	1	0.50045	0.13382	1	0.47107	0.32855	1	0.48576	0.23119	1	0.49394	0.52538	11.65098	1.06647	1	0.75486	0.55294	12.62692	1.06647	1	-0.00120	-0.00762	0.66434	0.00245	1	0.06611	-0.01280	0.67713	0.00387	1	1.45898	0.81042	0	
1275625	8602.75195	3306827113914	0.48904	0.21095	8602.43750	0.31445	12039	1	0.50457	0.12781	1	0.44922	0.30133	1	0.47689	0.21457	1	0.49395	0.52534	11.74599	1.06647	1	0.75482	0.55292	12.30210	1.06647	1	-0.00120	-0.00762	0.66434	0.00244	1	0.06611	-0.01280	0.67713	0.00383	1	1.45898	0.81042	0	
1275626	8602.75879	3306827181842	0.48874	0.21104	8602.43750	0.32129	12039	1	0.50457	0.12781	1	0.44934	0.29402	1	0.47695	0.21092	1	0.49395	0.52546	11.71518	1.06647	1	0.75482	0.55292	12.30210	1.07515	1	-0.00120	-0.00762	0.66434	0.00240	1	0.07041	-0.01362	0.72061	0.00383	1	1.45898	0.81042	0	
1275627	8602.76562	3306827247896	0.48833	0.21013	8602.43750	0.32812	12039	1	0.50558	0.11507	1	0.44408	0.30705	1	0.47483	0.21106	1	0.49400	0.52537	11.74075	1.07515	1	0.75480	0.55290	12.60979	1.08383	1	-0.00120	-0.00762	0.66434	0.00238	1	0.07041	-0.01362	0.72061	0.00387	1	1.45898	0.81042	0	
1275628	8602.77246	3306827317717	0.48766	0.21005	8602.43750	0.33496	12039	1	0.48647	0.11509	1	0.44096	0.31239	1	0.46371	0.21374	1	0.49399	0.52540	11.65156	1.08383	1	0.75477	0.55296	12.67422	1.09251	1	-0.00120	-0.00762	0.66434	0.00239	1	0.07041	-0.01362	0.72061	0.00385	1	1.45898	0.81042	0	
1275629	8602.77832	3306827380285	0.48698	0.20981	8602.43750	0.34082	12039	1	0.48534	0.10653	1	0.44101	0.30535	1	0.46317	0.20594	1	0.49405	0.52536	11.77541	1.09251	1	0.75477	0.55198	12.21231	1.10119	1	-0.00120	-0.00762	0.66434	0.00236	1	0.07041	-0.01373	0.72061	0.00430	1	1.45898	0.81042	0	
1275630	8602.78516	3306827448312	0.48624	0.20796	8602.43750	0.34766	12039	1	0.47654	0.10220	1	0.45296	0.19477	1	0.46475	0.14849	1	0.49399	0.52532	11.69691	1.10119	1	0.75488	0.55183	12.24634	1.10119	1	-0.00120	-0.00762	0.66434	0.00234	1	0.07041	-0.01373	0.72061	0.00428	1	1.45898	0.81042	0	
1275631	8602.79199	3306827519294	0.48558	0.20689	8602.43750	0.35449	12039	1	0.47728	0.09808	1	0.45264	0.22808	1	0.46496	0.16308	1	0.49408	0.52539	11.94011	1.10119	1	0.75487	0.55213	12.19489	1.10119	1	-0.00120	-0.00762	0.66434	0.00233	1	0.07041	-0.01373	0.72061	0.00424	1	1.45898	0.81042	0	
1275632	8602.79883	3306827586232	0.48490	0.20573	8602.43750	0.36133	12039	1	0.47605	0.08912	1	0.45265	0.22772	1	0.46435	0.15842	1	0.49403	0.52548	11.66898	1.11028	1	0.75477	0.55193	11.99598	1.10160	1	-0.00131	-0.00805	0.69686	0.00239	1	0.06675	-0.01297	0.68371	0.00433	1	1.45898	0.81042	0	
1275633	8602.80566	3306827651244	0.48415	0.20379	8602.43750	0.36816	12039	1	0.47325	0.08685	1	0.44783	0.16983	1	0.46054	0.12834	1	0.49392	0.52540	11.57926	1.11068	1	0.75480	0.55158	12.07590	1.10200	1	-0.00131	-0.00805	0.69686	0.00243	1	0.06675	-0.01297	0.68371	0.00435	1	1.45898	0.81042	0	
1275634	8602.81250	3306827719474	0.48357	0.20223	8602.43750	0.37500	12039	1	0.50174	0.09511	1	0.44869	0.17440	1	0.47522	0.13476	1	0.49398	0.52543	11.74015	1.11109	1	0.75480	0.55158	12.07590	1.10241	1	-0.00131	-0.00805	0.69686	0.00237	1	0.06675	-0.01297	0.68371	0.00435	1	1.45898	0.81042	0	
1275635	8602.81934	3306827786717	0.48301	0.20077	8602.43750	0.38184	12039	1	0.50275	0.10360	1	0.44869	0.17440	1	0.47572	0.13900	1	0.49398	0.52556	11.45805	1.10241	1	0.75486	0.55125	12.07931	1.10241	1	-0.00120	-0.00767	0.66434	0.00236	1	0.07041	-0.01373	0.72061	0.00431	1	1.45898	0.81042	0	
1275636	8602.82617	3306827853406	0.46914	0.17269	8602.43750	0.38184	12039	0	0.48826	0.11037	1	0.44887	0.17764	1	0.46856	0.14401	1	0.49397	0.52559	11.48889	1.09332	1	0.75477	0.55187	12.06823	1.10200	1	-0.00120	-0.00767	0.66434	0.00242	1	0.07041	-0.01373	0.72061	0.00402	1	1.45898	0.81042	0	
1275637	8602.83203	3306827920328	0.46939	0.16541	8602.43750	0.38184	12039	0	0.48474	0.12081	1	0.45454	0.19543	1	0.46964	0.15812	1	0.49407	0.52558	11.55511	1.09292	1	0.75489	0.55210	12.22845	1.10160	1	-0.00120	-0.00767	0.66434	0.00247	1	0.07041	-0.01373	0.72061	0.00404	1	1.45898	0.81042	0	
1275638	8602.83887	3306827987727	0.46945	0.16443	8602.43750	0.38184	12039	0	0.48479	0.12121	1	0.45438	0.20371	1	0.46958	0.16246	1	0.49417	0.52568	11.66249	1.09251	1	0.75477	0.55193	11.99598	1.09251	1	-0.00120	-0.00767	0.66434	0.00248	1	0.06722	-0.01310	0.68746	0.00433	1	1.45898	0.81042	0	
1275639	8602.84570	3306828054080	0.46648	0.17068	8602.82617	0.01953	12040	1	0.47194	0.12512	1	0.44315	0.25373	1	0.45755	0.18943	1	0.49398	0.52561	11.72396	1.09251	1	0.75480	0.55256	12.33241	1.08383	1	-0.00120	-0.00767	0.66434	0.00240	1	0.06722	-0.01310	0.68746	0.00396	1	1.45898	0.81042	0	
1275640	8602.85254	3306828122148	0.47341	0.16729	8602.82617	0.02637	12040	1	0.53117	0.11463	1	0.47115	0.19290	1	0.50116	0.15376	1	0.49412	0.52559	11.43473	1.08383	1	0.75480	0.55158	12.07590	1.07515	1	-0.00120	-0.00767	0.66434	0.00249	1	0.06722	-0.01310	0.68746	0.00435	1	1.45898	0.81042	0	
1275641	8602.85938	3306828187484	0.47803	0.16497	8602.82617	0.03320	12040	1	0.53113	0.11423	1	0.47116	0.19252	1	0.50115	0.15337	1	0.49410	0.52588	11.84219	1.08424	1	0.75490	0.55212	12.18761	1.07556	1	-0.00131	-0.00805	0.69686	0.00244	1	0.06611	-0.01290	0.67713	0.00414	1	1.45898	0.81042	0	
1275642	8602.86621	3306828255110	0.48262	0.16481	8602.82617	0.04004	12040	1	0.51849	0.13103	1	0.50176	0.19667	1	0.51013	0.16385	1	0.49388	0.52567	12.07439	1.08464	1	0.75493	0.55181	12.13419	1.08464	1	-0.00131	-0.00805	0.69686	0.00236	1	0.06611	-0.01290	0.67713	0.00415	1	1.45898	0.81042	0	
1275643	8602.87305	3306828322265	0.48659	0.17016	8602.82617	0.04688	12040	1	0.52957	0.13457	1	0.49918	0.28056	1	0.51437	0.20757	1	0.49394	0.52577	11.47382	1.09373	1	0.75492	0.55264	12.39560	1.09373	1	-0.00131	-0.00805	0.69686	0.00238	1	0.06611	-0.01290	0.67713	0.00399	1	1.45898	0.81042	0	
1275644	8602.87988	3306828390526	0.48968	0.17431	8602.82617	0.05371	12040	1	0.52957	0.13457	1	0.49918	0.28056	1	0.51437	0.20757	1	0.49372	0.52572	11.30761	1.09373	1	0.75501	0.55288	12.07595	1.09373	1	-0.00133	-0.00790	0.68410	0.00243	1	0.06611	-0.01290	0.67713	0.00385	1	1.45898	0.81042	0	
1275645	8602.88574	3306828456371	0.49186	0.17454	8602.82617	0.05957	12040	1	0.51068	0.13611	1	0.51229	0.21696	1	0.51149	0.17654	1	0.49367	0.52562	12.16298	1.08464	1	0.75504	0.55193	11.97228	1.08464	1	-0.00133	-0.00790	0.68410	0.00236	1	0.06611	-0.01290	0.67713	0.00422	1	1.45898	0.81042	0	
1275646	8602.89258	3306828523141	0.49348	0.17797	8602.82617	0.06641	12040	1	0.51441	0.15664	1	0.50509	0.26789	1	0.50975	0.21227	1	0.49378	0.52577	11.40126	1.07556	1	0.75502	0.55238	11.94715	1.07556	1	-0.00133	-0.00790	0.68410	0.00245	1	0.06611	-0.01290	0.67713	0.00407	1	1.45898	0.81042	0	
1275647	8602.89941	3306828590299	0.49486	0.18151	8602.82617	0.07324	12040	1	0.51542	0.16530	1	0.50452	0.27580	1	0.50997	0.22055	1	0.49368	0.52575	12.10454	1.06647	1	0.75491	0.55200	12.01942	1.06647	1	-0.00133	-0.00790	0.68410	0.00243	1	0.06611	-0.01290	0.67713	0.00415	1	1.45898	0.81042	0	
1275648	8602.90625	3306828657374	0.49555	0.18442	8602.82617	0.08008	12040	1	0.50893	0.13649	1	0.49876	0.30204	1	0.50385	0.21926	1	0.49368	0.52559	11.81702	1.06647	1	0.75489	0.55259	12.34855	1.06647	1	-0.00133	-0.00790	0.68410	0.00242	1	0.06611	-0.01290	0.67713	0.00385	1	1.45898	0.81042	0	
1275649	8602.91309	3306828724103	0.49596	0.18798	8602.82617	0.08691	12040	1	0.50805	0.15696	1	0.49456	0.31175	1	0.50131	0.23435	1	0.49363	0.52573	11.98409	1.06647	1	0.75484	0.55283	12.70032	1.06647	1	-0.00133	-0.00790	0.68410	0.00242	1	0.06611	-0.01290	0.67713	0.00380	1	1.45898	0.81042	0	
1275650	8602.91992	3306828791226	0.49632	0.19108	8602.82617	0.09375	12040	1	0.50805	0.15696	1	0.49456	0.31175	1	0.50131	0.23435	1	0.49359	0.52573	11.94667	1.06647	1	0.75484	0.55275	12.62181	1.06647	1	-0.00133	-0.00790	0.68410	0.00244	1	0.06675	-0.01297	0.68371	0.00382	1	1.45898	0.81042	0	
1275651	8602.92676	3306828858233	0.49586	0.19392	8602.82617	0.10059	12040	1	0.49889	0.15661	1	0.47915	0.31642	1	0.48902	0.23652	1	0.49349	0.52573	11.96863	1.06647	1	0.75458	0.55278	12.76566	1.06647	1	-0.00133	-0.00790	0.68410	0.00244	1	0.06675	-0.01297	0.68371	0.00385	1	1.45898	0.81042	0	
1275652	8602.93262	3306828925150	0.49549	0.19717	8602.82617	0.10645	12040	1	0.50440	0.17139	1	0.47464	0.32718	1	0.48952	0.24929	1	0.49348	0.52568	11.85064	1.06647	1	0.75445	0.55287	12.96210	1.06647	1	-0.00133	-0.00790	0.68410	0.00244	1	0.06675	-0.01297	0.68371	0.00385	1	1.45898	0.81042	0	
1275653	8602.93945	3306828992533	0.49517	0.20046	8602.82617	0.11328	12040	1	0.50535	0.17898	1	0.47435	0.33375	1	0.48985	0.25637	1	0.49332	0.52581	11.80881	1.05845	1	0.75440	0.55314	13.31563	1.05845	1	-0.00133	-0.00757	0.65508	0.00239	1	0.06611	-0.01280	0.67713	0.00386	1	1.45898	0.81042	0	
1275654	8602.94629	3306829059331	0.49458	0.20149	8602.82617	0.12012	12040	1	0.49429	0.17929	1	0.47342	0.26077	1	0.48386	0.22003	1	0.49336	0.52586	12.38958	1.05044	1	0.75444	0.55219	12.86000	1.05044	1	-0.00133	-0.00757	0.65508	0.00239	1	0.06611	-0.01280	0.67713	0.00419	1	1.45898	0.81042	0	
1275655	8602.95312	3306829126185	0.49396	0.20413	8602.82617	0.12695	12040	1	0.49220	0.18208	1	0.47232	0.32643	1	0.48226	0.25426	1	0.49333	0.52566	12.59681	1.04242	1	0.75448	0.55284	13.26733	1.04242	1	-0.00133	-0.00757	0.65508	0.00240	1	0.06611	-0.01280	0.67713	0.00382	1	1.45898	0.81042	0	
1275656	8602.95996	3306829193236	0.49341	0.20652	8602.82617	0.13379	12040	1	0.49220	0.18208	1	0.47232	0.32643	1	0.48226	0.25426	1	0.49316	0.52554	12.14942	1.04242	1	0.75411	0.55287	12.56920	1.04242	1	-0.00143	-0.00789	0.68275	0.00242	1	0.06606	-0.01283	0.67870	0.00389	1	1.45898	0.81042	0	
1275657	8602.96680	3306829259151	0.49491	0.23738	8602.82617	0.13379	12040	0	0.51659	0.17879	1	0.47533	0.33538	1	0.49596	0.25708	1	0.49304	0.52576	12.02874	1.05044	1	0.75412	0.55292	13.18319	1.05044	1	-0.00143	-0.00789	0.68275	0.00248	1	0.06606	-0.01283	0.67870	0.00390	1	1.45898	0.81042	0	
1275658	8602.97363	3306829327063	0.50178	0.23673	8602.82617	0.13379	12040	0	0.53157	0.16695	1	0.48574	0.30522	1	0.50865	0.23609	1	0.49320	0.52568	12.41320	1.05845	1	0.75388	0.55274	12.55692	1.05845	1	-0.00143	-0.00789	0.68275	0.00235	1	0.06606	-0.01283	0.67870	0.00392	1	1.45898	0.81042	0	
1275659	8602.97949	3306829394031	0.50400	0.23411	8602.82617	0.13379	12040	0	0.53078	0.15928	1	0.48611	0.29842	1	0.50845	0.22885	1	0.49300	0.52544	12.22517	1.06647	1	0.75384	0.55289	13.58078	1.06647	1	-0.00157	-0.00799	0.69599	0.00235	1	0.06606	-0.01283	0.67870	0.00377	1	1.45898	0.81042	0	
1275660	8602.98633	3306829462195	0.50560	0.23164	8602.96680	0.01953	12041	1	0.51322	0.14440	1	0.50755	0.30412	1	0.51039	0.22426	1	0.49302	0.52555	11.90729	1.06647	1	0.75421	0.55277	12.72857	1.06647	1	-0.00157	-0.00799	0.69599	0.00236	1	0.06606	-0.01283	0.67870	0.00379	1	1.45898	0.81042	0	
1275661	8602.99316	3306829528599	0.50362	0.23325	8602.96680	0.02637	12041	1	0.51302	0.13246	1	0.47841	0.34685	1	0.49572	0.23966	1	0.49300	0.52544	12.22517	1.06647	1	0.75382	0.55306	13.29703	1.06647	1	-0.00157	-0.00799	0.69599	0.00235	1	0.06606	-0.01283	0.67870	0.00375	1	1.45898	0.81042	0	
1275662	8603.00000	3306829594921	0.50230	0.23431	8602.96680	0.03320	12041	1	0.51302	0.13246	1	0.47841	0.34685	1	0.49572	0.23966	1	0.49290	0.52569	11.62673	1.06647	1	0.75399	0.55259	12.57799	1.06647	1	-0.00157	-0.00799	0.69599	0.00246	1	0.06606	-0.01283	0.67870	0.00378	1	1.45898	0.81042	0	
1275663	8603.00684	3306829661487	0.50267	0.23263	8602.96680	0.04004	12041	1	0.50861	0.16326	1	0.50117	0.28180	1	0.50489	0.22253	1	0.49284	0.52574	11.73113	1.06647	1	0.75409	0.55259	12.39350	1.06647	1	-0.00157	-0.00799	0.69599	0.00237	1	0.06606	-0.01283	0.67870	0.00392	1	1.45898	0.81042	0	
1275664	8603.01367	3306829728902	0.50237	0.23212	8602.96680	0.04688	12041	1	0.50845	0.15858	1	0.49202	0.29850	1	0.50023	0.22854	1	0.49284	0.52579	11.85547	1.06647	1	0.75408	0.55269	12.35876	1.06647	1	-0.00157	-0.00799	0.69599	0.00237	1	0.06606	-0.01283	0.67870	0.00386	1	1.45898	0.81042	0	
1275665	8603.02051	3306829796948	0.50213	0.23172	8602.96680	0.05371	12041	1	0.50845	0.15858	1	0.49202	0.29850	1	0.50023	0.22854	1	0.49255	0.52573	11.94042	1.06647	1	0.75328	0.55273	12.00130	1.06647	1	-0.00154	-0.00789	0.68279	0.00242	1	0.06719	-0.01307	0.69141	0.00395	1	1.45898	0.81042	0	
1275666	8603.02637	3306829860896	0.49875	0.23375	8602.96680	0.05957	12041	1	0.48420	0.15244	1	0.45250	0.35161	1	0.46835	0.25203	1	0.49246	0.52572	11.51558	1.06647	1	0.75336	0.55285	12.86797	1.06647	1	-0.00154	-0.00789	0.68279	0.00247	1	0.06719	-0.01307	0.69141	0.00402	1	1.45898	0.81042	0	
1275667	8603.03320	3306829929485	0.49737	0.23532	8602.96680	0.06641	12041	1	0.53110	0.15548	1	0.43589	0.34643	1	0.48350	0.25095	1	0.49251	0.52566	11.70256	1.06647	1	0.75312	0.55278	12.39567	1.06647	1	-0.00154	-0.00789	0.68279	0.00243	1	0.06719	-0.01307	0.69141	0.00393	1	1.45898	0.81042	0	
1275668	8603.04004	3306829996593	0.49621	0.23662	8602.96680	0.07324	12041	1	0.53110	0.15548	1	0.43589	0.34643	1	0.48350	0.25095	1	0.49226	0.52555	11.65630	1.06647	1	0.75322	0.55267	12.20504	1.06647	1	-0.00165	-0.00796	0.68908	0.00239	1	0.06633	-0.01292	0.68366	0.00388	1	1.45898	0.81042	0	
1275669	8603.04688	3306830063900	0.49677	0.23145	8602.96680	0.08008	12041	1	0.50767	0.14128	1	0.49918	0.19750	1	0.50342	0.16939	1	0.49216	0.52557	11.88435	1.06647	1	0.75325	0.55106	12.07782	1.06647	1	-0.00165	-0.00796	0.68908	0.00242	1	0.06633	-0.01292	0.68366	0.00399	1	1.45898	0.81042	0	
1275670	8603.05371	3306830131002	0.49774	0.23794	8602.96680	0.08691	12041	1	0.53505	0.34039	1	0.48583	0.30424	1	0.51044	0.32231	1	0.49236	0.52766	11.29939	1.06647	1	0.75313	0.55221	12.59604	1.06647	1	-0.00165	-0.00796	0.68908	0.00356	1	0.06633	-0.01292	0.68366	0.00370	1	1.45898	0.81042	0	
1275671	8603.06055	3306830197778	0.49859	0.24356	8602.96680	0.09375	12041	1	0.53505	0.34039	1	0.48583	0.30424	1	0.51044	0.32231	1	0.49215	0.52564	11.86685	1.06647	1	0.75315	0.55212	12.31637	1.06647	1	-0.00172	-0.00779	0.67406	0.00241	1	0.06633	-0.01292	0.68366	0.00371	1	1.45898	0.81042	0	
1275672	8603.06738	3306830264722	0.49898	0.24085	8602.96680	0.10059	12041	1	0.51480	0.14274	1	0.49491	0.25762	1	0.50486	0.20018	1	0.49218	0.52555	11.66242	1.06647	1	0.75327	0.55205	12.25499	1.06647	1	-0.00172	-0.00779	0.67406	0.00245	1	0.06633	-0.01292	0.68366	0.00372	1	1.45898	0.81042	0	
1275673	8603.07324	3306830329209	0.49942	0.23754	8602.96680	0.10645	12041	1	0.50549	0.14306	1	0.50732	0.22621	1	0.50640	0.18464	1	0.49187	0.52557	11.50721	1.06647	1	0.75342	0.55142	11.91881	1.06647	1	-0.00172	-0.00779	0.67406	0.00237	1	0.06633	-0.01292	0.68366	0.00394	1	1.45898	0.81042	0	
1275674	8603.08008	3306830398808	0.49981	0.23461	8602.96680	0.11328	12041	1	0.50549	0.14306	1	0.50732	0.22621	1	0.50640	0.18464	1	0.49176	0.52535	11.70982	1.06647	1	0.75275	0.55223	12.98672	1.06647	1	-0.00173	-0.00774	0.67924	0.00234	1	0.06633	-0.01292	0.68366	0.00385	1	1.45898	0.81042	0	
1275675	8603.08691	3306830465767	0.49917	0.23293	8602.96680	0.12012	12041	1	0.50764	0.12415	1	0.46775	0.28126	1	0.48769	0.20270	1	0.49170	0.52533	11.80657	1.06647	1	0.75280	0.55204	12.85668	1.06647	1	-0.00173	-0.00774	0.67924	0.00232	1	0.06633	-0.01292	0.68366	0.00384	1	1.45898	0.81042	0	
1275676	8603.09375	3306830531663	0.49897	0.23619	8602.96680	0.12695	12041	1	0.52944	0.30069	1	0.46091	0.29565	1	0.49518	0.29817	1	0.49149	0.52730	11.17841	1.06647	1	0.75271	0.55220	12.84826	1.06647	1	-0.00173	-0.00774	0.67924	0.00366	1	0.06633	-0.01292	0.68366	0.00389	1	1.45898	0.81042	0	
1275677	8603.10059	3306830598664	0.49877	0.23893	8602.96680	0.13379	12041	1	0.52853	0.29320	1	0.46095	0.29444	1	0.49474	0.29382	1	0.49142	0.52550	11.70694	1.07556	1	0.75215	0.55213	12.61392	1.06790	1	-0.00193	-0.00799	0.69588	0.00239	1	0.06347	-0.01234	0.65564	0.00403	1	1.45898	0.81042	0	
1275678	8603.10742	3306830666624	0.49901	0.23584	8602.96680	0.14062	12041	1	0.51704	0.12461	1	0.49118	0.21731	1	0.50411	0.17096	1	0.49155	0.52553	11.74699	1.07698	1	0.75276	0.55145	12.15162	1.06932	1	-0.00193	-0.00799	0.69588	0.00232	1	0.06347	-0.01234	0.65564	0.00379	1	1.45898	0.81042	0	
1275679	8603.11426	3306830733563	0.49953	0.23409	8602.96680	0.14746	12041	1	0.51844	0.12380	1	0.50357	0.26743	1	0.51100	0.19562	1	0.49147	0.52545	11.55984	1.07841	1	0.75263	0.55163	11.87254	1.07075	1	-0.00193	-0.00799	0.69588	0.00240	1	0.06347	-0.01234	0.65564	0.00396	1	1.45898	0.81042	0	
1275680	8603.12012	3306830801040	0.50003	0.23265	8602.96680	0.15332	12041	1	0.51926	0.13130	1	0.50357	0.26743	1	0.51141	0.19937	1	0.49129	0.52541	11.62082	1.07075	1	0.75233	0.55216	12.41685	1.07075	1	-0.00194	-0.00775	0.67972	0.00234	1	0.06605	-0.01286	0.68288	0.00376	1	1.45898	0.81042	0	
1275681	8603.12695	3306830868401	0.50014	0.23022	8602.96680	0.16016	12041	1	0.50756	0.12861	1	0.49822	0.21510	1	0.50289	0.17185	1	0.49128	0.52538	11.45063	1.06166	1	0.75253	0.55134	12.11760	1.06932	1	-0.00194	-0.00775	0.67972	0.00235	1	0.06605	-0.01286	0.68288	0.00404	1	1.45898	0.81042	0	
1275682	8603.13379	3306830934994	0.50016	0.22942	8602.96680	0.16699	12041	1	0.50809	0.11439	1	0.49330	0.30447	1	0.50070	0.20943	1	0.49123	0.52530	11.69088	1.06024	1	0.75248	0.55189	12.19862	1.06790	1	-0.00194	-0.00775	0.67972	0.00234	1	0.06605	-0.01286	0.68288	0.00378	1	1.45898	0.81042	0	
1275683	8603.14062	3306831001764	0.50019	0.22900	8602.96680	0.17383	12041	1	0.50919	0.12389	1	0.49280	0.31241	1	0.50100	0.21815	1	0.49104	0.52529	11.71684	1.05079	1	0.75256	0.55222	12.49339	1.05845	1	-0.00194	-0.00746	0.66339	0.00232	1	0.06621	-0.01289	0.68452	0.00383	1	1.45898	0.81042	0	
1275684	8603.14746	3306831068716	0.50017	0.22953	8602.96680	0.18066	12041	1	0.50576	0.14858	1	0.49358	0.33914	1	0.49967	0.24386	1	0.49090	0.52530	11.74332	1.05044	1	0.75245	0.55190	12.51202	1.05044	1	-0.00194	-0.00746	0.66339	0.00231	1	0.06621	-0.01289	0.68452	0.00401	1	1.45898	0.81042	0	
1275685	8603.15332	3306831128958	0.50063	0.23047	8602.96680	0.18652	12041	1	0.53674	0.15371	1	0.49020	0.36001	1	0.51347	0.25686	1	0.49092	0.52526	11.59139	1.04242	1	0.75245	0.55227	12.68327	1.04242	1	-0.00194	-0.00746	0.66339	0.00232	1	0.06621	-0.01289	0.68452	0.00376	1	1.45898	0.81042	0	
1275686	8603.16016	3306831199157	0.50107	0.23123	8602.96680	0.19336	12041	1	0.53674	0.15371	1	0.49065	0.35299	1	0.51370	0.25335	1	0.49054	0.52534	11.52355	1.04242	1	0.75183	0.55136	12.29282	1.05110	1	-0.00213	-0.00775	0.67521	0.00235	1	0.06750	-0.01311	0.69943	0.00391	1	1.45898	0.81042	0	
1275687	8603.16699	3306831264804	0.50104	0.23049	8602.96680	0.20020	12041	1	0.50120	0.11654	1	0.49898	0.29993	1	0.50009	0.20824	1	0.49054	0.52522	11.73445	1.05912	1	0.75177	0.55165	12.40759	1.06780	1	-0.00213	-0.00775	0.67521	0.00231	1	0.06750	-0.01311	0.69943	0.00399	1	1.45898	0.81042	0	
1275688	8603.17383	3306831337018	0.50123	0.22955	8602.96680	0.20703	12041	1	0.51512	0.10712	1	0.49945	0.29373	1	0.50728	0.20043	1	0.49057	0.52537	11.59448	1.07581	1	0.75178	0.55165	12.23907	1.08449	1	-0.00213	-0.00775	0.67521	0.00230	1	0.06750	-0.01311	0.69943	0.00394	1	1.45898	0.81042	0	
1275689	8603.18066	3306831401723	0.50139	0.22832	8602.96680	0.21387	12041	1	0.51329	0.09045	1	0.49991	0.28701	1	0.50660	0.18873	1	0.49036	0.52543	11.54195	1.09251	1	0.75178	0.55151	12.31018	1.09251	1	-0.00213	-0.00775	0.67521	0.00237	1	0.06547	-0.01268	0.67896	0.00402	1	1.45898	0.81042	0	
1275690	8603.18750	3306831468348	0.50129	0.22682	8602.96680	0.22070	12041	1	0.49282	0.10629	1	0.50266	0.24886	1	0.49774	0.17757	1	0.49023	0.52533	11.63683	1.09251	1	0.75174	0.55141	12.00939	1.08383	1	-0.00213	-0.00775	0.67521	0.00246	1	0.06547	-0.01268	0.67896	0.00413	1	1.45898	0.81042	0	
1275691	8603.19434	3306831534486	0.50166	0.22561	8602.96680	0.22754	12041	1	0.52658	0.11196	1	0.50213	0.25651	1	0.51436	0.18423	1	0.49018	0.52539	11.94011	1.08383	1	0.75174	0.55141	12.00939	1.07515	1	-0.00213	-0.00775	0.67521	0.00233	1	0.06547	-0.01268	0.67896	0.00413	1	1.45898	0.81042	0	
1275692	8603.20117	3306831603138	0.50202	0.22468	8602.96680	0.23438	12041	1	0.52745	0.12051	1	0.50161	0.26416	1	0.51453	0.19234	1	0.48981	0.52531	11.53138	1.07515	1	0.75103	0.55069	11.99056	1.06647	1	-0.00236	-0.00779	0.68321	0.00232	1	0.06480	-0.01254	0.67407	0.00433	1	1.45898	0.81042	0	
1275693	8603.20703	3306831669154	0.50202	0.22373	8602.96680	0.24023	12041	1	0.50866	0.14202	1	0.49568	0.23673	1	0.50217	0.18938	1	0.48973	0.52542	11.49481	1.06647	1	0.75092	0.55105	12.14181	1.06647	1	-0.00236	-0.00779	0.68321	0.00233	1	0.06480	-0.01254	0.67407	0.00420	1	1.45898	0.81042	0	
1275694	8603.21387	3306831734869	0.50207	0.22351	8602.96680	0.24707	12041	1	0.50387	0.12764	1	0.50373	0.30301	1	0.50380	0.21532	1	0.48969	0.52531	11.80332	1.06647	1	0.75106	0.55177	12.20167	1.06647	1	-0.00236	-0.00779	0.68321	0.00232	1	0.06480	-0.01254	0.67407	0.00380	1	1.45898	0.81042	0	
1275695	8603.22070	3306831803977	0.50211	0.22330	8602.96680	0.25391	12041	1	0.50387	0.12764	1	0.50373	0.30301	1	0.50380	0.21532	1	0.48943	0.52544	11.43638	1.06647	1	0.75112	0.55145	11.85422	1.06647	1	-0.00237	-0.00788	0.68665	0.00234	1	0.06480	-0.01254	0.67407	0.00387	1	1.45898	0.81042	0	
1275696	8603.22754	3306831872261	0.50230	0.22127	8602.96680	0.26074	12041	1	0.52068	0.12710	1	0.49829	0.15701	1	0.50948	0.14206	1	0.48945	0.52546	11.47615	1.06647	1	0.75092	0.55015	11.88475	1.06647	1	-0.00237	-0.00788	0.68665	0.00237	1	0.06480	-0.01254	0.67407	0.00439	1	1.45898	0.81042	0	
1275697	8603.23438	3306831939382	0.50254	0.22085	8602.96680	0.26758	12041	1	0.52818	0.13397	1	0.49586	0.27417	1	0.51202	0.20407	1	0.48934	0.52539	11.59194	1.06647	1	0.75098	0.55140	12.22405	1.06647	1	-0.00237	-0.00788	0.68665	0.00232	1	0.06480	-0.01254	0.67407	0.00385	1	1.45898	0.81042	0	
1275698	8603.24121	3306832006361	0.50703	0.19378	8602.96680	0.26758	12041	0	0.52899	0.14183	1	0.49590	0.27359	1	0.51244	0.20771	1	0.48919	0.52549	11.64814	1.05845	1	0.75017	0.55181	12.14138	1.06713	1	-0.00244	-0.00761	0.66335	0.00232	1	0.06769	-0.01313	0.70581	0.00384	1	1.45898	0.81042	0	
1275699	8603.24805	3306832071437	0.49217	0.21390	8602.96680	0.26758	12041	0	0.52119	0.14744	1	0.43344	0.32060	1	0.47732	0.23402	1	0.48925	0.52551	11.69212	1.05912	1	0.74994	0.55157	12.33166	1.06780	1	-0.00244	-0.00761	0.66335	0.00234	1	0.06769	-0.01313	0.70581	0.00421	1	1.45898	0.81042	0	
1275700	8603.25488	3306832139341	0.49167	0.21442	8602.96680	0.26758	12041	0	0.51510	0.13752	1	0.46624	0.29339	1	0.49067	0.21545	1	0.48910	0.52544	11.73176	1.05978	1	0.75006	0.55114	12.35483	1.06846	1	-0.00244	-0.00761	0.66335	0.00242	1	0.06769	-0.01313	0.70581	0.00366	1	1.45898	0.81042	0	
1275701	8603.26074	3306832207328	0.49133	0.21269	8603.24121	0.01953	12042	1	0.51413	0.12897	1	0.46649	0.28602	1	0.49031	0.20749	1	0.48887	0.52544	11.42746	1.06846	1	0.75006	0.55110	12.06840	1.07714	1	-0.00255	-0.00781	0.68067	0.00240	1	0.06769	-0.01313	0.70581	0.00367	1	1.45898	0.81042	0	
1275702	8603.26758	3306832274179	0.49154	0.21885	8603.24121	0.02637	12042	1	0.49263	0.12872	1	0.49208	0.35827	1	0.49235	0.24350	1	0.48878	0.52544	11.57065	1.08516	1	0.75011	0.55151	12.63435	1.08516	1	-0.00255	-0.00781	0.68067	0.00234	1	0.06769	-0.01313	0.70581	0.00362	1	1.45898	0.81042	0	
1275703	8603.27441	3306832341686	0.49258	0.21438	8603.24121	0.03320	12042	1	0.49573	0.10436	1	0.49990	0.27971	1	0.49781	0.19204	1	0.48881	0.52538	11.24289	1.09318	1	0.75020	0.55140	11.85443	1.09318	1	-0.00255	-0.00781	0.68067	0.00240	1	0.06769	-0.01313	0.70581	0.00360	1	1.45898	0.81042	0	
1275704	8603.28125	3306832408409	0.49326	0.21066	8603.24121	0.04004	12042	1	0.49475	0.09646	1	0.49986	0.28027	1	0.49730	0.18836	1	0.48877	0.52548	11.53372	1.10119	1	0.75016	0.55090	12.01828	1.09251	1	-0.00255	-0.00781	0.68067	0.00232	1	0.06495	-0.01261	0.67783	0.00371	1	1.45898	0.81042	0	
1275705	8603.28809	3306832475269	0.49408	0.20748	8603.24121	0.04688	12042	1	0.50563	0.11443	1	0.49413	0.25594	1	0.49988	0.18519	1	0.48881	0.52545	11.25023	1.09251	1	0.75004	0.55099	12.45765	1.08383	1	-0.00255	-0.00781	0.68067	0.00230	1	0.06495	-0.01261	0.67783	0.00369	1	1.45898	0.81042	0	
1275706	8603.29492	3306832542243	0.49310	0.20698	8603.24121	0.05371	12042	1	0.48924	0.11717	1	0.48115	0.28883	1	0.48520	0.20300	1	0.48875	0.52544	11.45549	1.08383	1	0.74995	0.55116	12.41253	1.07515	1	-0.00255	-0.00781	0.68067	0.00232	1	0.06495	-0.01261	0.67783	0.00370	1	1.45898	0.81042	0	
1275707	8603.30078	3306832607758	0.49234	0.20738	8603.24121	0.05957	12042	1	0.49035	0.12571	1	0.48079	0.29621	1	0.48557	0.21096	1	0.48883	0.52543	11.45516	1.07515	1	0.74997	0.55112	12.46322	1.06647	1	-0.00256	-0.00777	0.68193	0.00237	1	0.06514	-0.01259	0.67978	0.00372	1	1.45898	0.81042	0	
1275708	8603.30859	3306832676295	0.49308	0.20656	8603.24121	0.06738	12042	1	0.50529	0.11852	1	0.49563	0.27812	1	0.50046	0.19832	1	0.48888	0.52538	11.45742	1.06647	1	0.75026	0.55105	12.03605	1.06647	1	-0.00256	-0.00777	0.68193	0.00233	1	0.06514	-0.01259	0.67978	0.00375	1	1.45898	0.81042	0	
1275709	8603.31445	3306832743662	0.49309	0.20717	8603.24121	0.07324	12042	1	0.49349	0.12165	1	0.49279	0.30610	1	0.49314	0.21388	1	0.48870	0.52546	11.40734	1.06647	1	0.75010	0.55098	12.24337	1.06647	1	-0.00256	-0.00777	0.68193	0.00230	1	0.06514	-0.01259	0.67978	0.00378	1	1.45898	0.81042	0	
1275710	8603.32129	3306832807531	0.49309	0.20768	8603.24121	0.08008	12042	1	0.49349	0.12165	1	0.49279	0.30610	1	0.49314	0.21388	1	0.48882	0.52539	11.36085	1.06647	1	0.75008	0.55045	12.16257	1.06647	1	-0.00255	-0.00781	0.68067	0.00229	1	0.06495	-0.01261	0.67783	0.00397	1	1.45898	0.81042	0	
1275711	8603.32812	3306832876045	0.49358	0.20585	8603.24121	0.08691	12042	1	0.50243	0.10639	1	0.49740	0.25764	1	0.49992	0.18202	1	0.48878	0.52521	11.37133	1.06647	1	0.75018	0.55102	12.18723	1.06647	1	-0.00255	-0.00781	0.68067	0.00233	1	0.06495	-0.01261	0.67783	0.00377	1	1.45898	0.81042	0	
1275712	8603.33496	3306832944112	0.49376	0.20439	8603.24121	0.09375	12042	1	0.49842	0.12643	1	0.49418	0.24150	1	0.49630	0.18397	1	0.48878	0.52544	11.44284	1.06647	1	0.75009	0.55090	12.23735	1.06647	1	-0.00255	-0.00781	0.68067	0.00234	1	0.06495	-0.01261	0.67783	0.00379	1	1.45898	0.81042	0	
1275713	8603.34180	3306833010284	0.49392	0.20311	8603.24121	0.10059	12042	1	0.49842	0.12643	1	0.49418	0.24150	1	0.49630	0.18397	1	0.48880	0.52538	11.35524	1.06647	1	0.74991	0.55119	12.49243	1.06647	1	-0.00255	-0.00771	0.68067	0.00227	1	0.06514	-0.01259	0.67978	0.00369	1	1.45898	0.81042	0	
1275714	8603.34863	3306833077787	0.49379	0.20334	8603.24121	0.10742	12042	1	0.50219	0.12563	1	0.48116	0.28831	1	0.49168	0.20697	1	0.48887	0.52538	11.49608	1.06647	1	0.74993	0.55118	12.38497	1.06647	1	-0.00255	-0.00771	0.68067	0.00229	1	0.06514	-0.01259	0.67978	0.00371	1	1.45898	0.81042	0	
1275715	8603.35449	3306833144679	0.49375	0.20306	8603.24121	0.11328	12042	1	0.50636	0.11602	1	0.47980	0.28051	1	0.49308	0.19826	1	0.48891	0.52532	11.38676	1.06647	1	0.74993	0.55094	12.43385	1.06647	1	-0.00255	-0.00771	0.68067	0.00228	1	0.06514	-0.01259	0.67978	0.00382	1	1.45898	0.81042	0	
1275716	8603.36133	3306833212165	0.49371	0.20281	8603.24121	0.12012	12042	1	0.50636	0.11602	1	0.47980	0.28051	1	0.49308	0.19826	1	0.48885	0.52531	11.28986	1.06647	1	0.75005	0.55044	11.91756	1.06647	1	-0.00255	-0.00771	0.68067	0.00233	1	0.06514	-0.01259	0.67978	0.00401	1	1.45898	0.81042	0	
1275717	8603.36816	3306833279978	0.49351	0.20010	8603.24121	0.12695	12042	1	0.49926	0.13045	1	0.48010	0.16706	1	0.48968	0.14875	1	0.48888	0.52534	11.68055	1.06647	1	0.75021	0.54995	11.72651	1.06647	1	-0.00255	-0.00771	0.68067	0.00230	1	0.06514	-0.01259	0.67978	0.00405	1	1.45898	0.81042	0	
1275718	8603.37500	3306833341904	0.49215	0.20017	8603.24121	0.13379	12042	1	0.50375	0.12635	1	0.42610	0.27683	1	0.46493	0.20159	1	0.48887	0.52534	11.61569	1.06647	1	0.74983	0.55067	12.61007	1.06647	1	-0.00255	-0.00771	0.68067	0.00231	1	0.06514	-0.01259	0.67978	0.00427	1	1.45898	0.81042	0	
1275719	8603.38184	3306833408953	0.49091	0.20024	8603.24121	0.14062	12042	1	0.50375	0.12635	1	0.42610	0.27683	1	0.46493	0.20159	1	0.48901	0.52539	11.53539	1.06647	1	0.75003	0.55077	12.74411	1.06647	1	-0.00255	-0.00771	0.68067	0.00231	1	0.06514	-0.01259	0.67978	0.00395	1	1.45898	0.81042	0	
1275720	8603.38770	3306833475426	0.49045	0.19816	8603.24121	0.14648	12042	1	0.51966	0.10165	1	0.44073	0.20300	1	0.48019	0.15233	1	0.48899	0.52523	11.43325	1.06647	1	0.75000	0.55029	12.42359	1.06647	1	-0.00255	-0.00771	0.68067	0.00232	1	0.06514	-0.01259	0.67978	0.00390	1	1.45898	0.81042	0	
1275721	8603.39551	3306833547989	0.48976	0.19752	8603.24121	0.15430	12042	1	0.50239	0.11457	1	0.44551	0.25118	1	0.47395	0.18287	1	0.48899	0.52529	11.56882	1.06647	1	0.75014	0.55074	12.72921	1.06647	1	-0.00255	-0.00771	0.68067	0.00232	1	0.06514	-0.01259	0.67978	0.00395	1	1.45898	0.81042	0	
1275722	8603.40234	3306833615103	0.48912	0.19707	8603.24121	0.16113	12042	1	0.50239	0.11457	1	0.44543	0.25798	1	0.47391	0.18628	1	0.48901	0.52524	11.46743	1.06647	1	0.75018	0.55094	12.39367	1.05881	1	-0.00245	-0.00766	0.68113	0.00235	1	0.06278	-0.01206	0.65361	0.00382	1	1.45898	0.81042	0	
1275723	8603.40918	3306833682117	0.48884	0.19863	8603.24121	0.16797	12042	1	0.51307	0.11652	1	0.45039	0.35896	1	0.48173	0.23774	1	0.48903	0.52526	11.34962	1.05881	1	0.75020	0.55113	12.35809	1.05115	1	-0.00245	-0.00766	0.68113	0.00240	1	0.06278	-0.01206	0.65361	0.00394	1	1.45898	0.81042	0	
1275724	8603.41504	3306833748434	0.48862	0.20079	8603.24121	0.17383	12042	1	0.51827	0.13456	1	0.44757	0.37935	1	0.48292	0.25695	1	0.48909	0.52532	11.62294	1.05115	1	0.75021	0.55152	12.40183	1.04349	1	-0.00245	-0.00766	0.68113	0.00238	1	0.06278	-0.01206	0.65361	0.00385	1	1.45898	0.81042	0	
1275725	8603.42188	3306833815549	0.48843	0.20293	8603.24121	0.18066	12042	1	0.51912	0.14218	1	0.44757	0.37935	1	0.48334	0.26076	1	0.48939	0.52516	11.37868	1.04349	1	0.75087	0.55096	12.03166	1.04349	1	-0.00245	-0.00766	0.68113	0.00234	1	0.06400	-0.01233	0.66578	0.00382	1	1.45898	0.81042	0	
1275726	8603.42871	3306833881627	0.48827	0.20471	8603.24121	0.18750	12042	1	0.48534	0.15267	1	0.48228	0.35609	1	0.48381	0.25438	1	0.48934	0.52522	11.46732	1.04349	1	0.75070	0.55136	12.56643	1.05115	1	-0.00245	-0.00766	0.68113	0.00234	1	0.06400	-0.01233	0.66578	0.00383	1	1.45898	0.81042	0	
1275727	8603.43555	3306833947079	0.48844	0.20437	8603.24121	0.19434	12042	1	0.48383	0.11023	1	0.50279	0.27865	1	0.49331	0.19444	1	0.48924	0.52494	12.05490	1.05115	1	0.75099	0.55078	12.12018	1.05881	1	-0.00245	-0.00766	0.68113	0.00242	1	0.06400	-0.01233	0.66578	0.00384	1	1.45898	0.81042	0	
1275728	8603.44238	3306834014891	0.48859	0.20381	8603.24121	0.20117	12042	1	0.48278	0.10241	1	0.50327	0.27195	1	0.49303	0.18718	1	0.48954	0.52517	11.84773	1.05881	1	0.75088	0.55078	12.27508	1.06647	1	-0.00236	-0.00769	0.68321	0.00231	1	0.06400	-0.01233	0.66578	0.00381	1	1.45898	0.81042	0	
1275729	8603.44922	3306834082842	0.48865	0.20263	8603.24121	0.20801	12042	1	0.49114	0.10790	1	0.48990	0.22421	1	0.49052	0.16606	1	0.48947	0.52516	11.33815	1.06647	1	0.75082	0.55051	12.21467	1.06647	1	-0.00236	-0.00769	0.68321	0.00241	1	0.06400	-0.01233	0.66578	0.00398	1	1.45898	0.81042	0	
1275730	8603.45508	3306834149594	0.48840	0.20264	8603.24121	0.21387	12042	1	0.49297	0.09532	1	0.46818	0.31039	1	0.48058	0.20285	1	0.48957	0.52509	11.73205	1.06647	1	0.75092	0.55083	12.41988	1.06647	1	-0.00236	-0.00769	0.68321	0.00233	1	0.06400	-0.01233	0.66578	0.00372	1	1.45898	0.81042	0	
1275731	8603.46191	3306834213937	0.48817	0.20229	8603.24121	0.22070	12042	1	0.49182	0.08605	1	0.46873	0.29555	1	0.48027	0.19080	1	0.48974	0.52499	11.34470	1.07556	1	0.75097	0.55101	12.58162	1.08424	1	-0.00236	-0.00786	0.69904	0.00240	1	0.06891	-0.01322	0.71633	0.00381	1	1.45898	0.81042	0	
1275732	8603.46875	3306834281189	0.48807	0.20217	8603.24121	0.22754	12042	1	0.51418	0.09413	1	0.45565	0.30177	1	0.48492	0.19795	1	0.48984	0.52490	11.23757	1.09332	1	0.75111	0.55116	12.46720	1.10200	1	-0.00236	-0.00786	0.69904	0.00237	1	0.06891	-0.01322	0.71633	0.00381	1	1.45898	0.81042	0	
1275733	8603.47559	3306834349227	0.48757	0.20202	8603.24121	0.23438	12042	1	0.48493	0.09860	1	0.45492	0.29495	1	0.46992	0.19678	1	0.48983	0.52497	11.70066	1.11109	1	0.75112	0.55118	12.44644	1.11977	1	-0.00236	-0.00786	0.69904	0.00235	1	0.06891	-0.01322	0.71633	0.00384	1	1.45898	0.81042	0	
1275734	8603.48145	3306834413816	0.48708	0.20176	8603.24121	0.24023	12042	1	0.48381	0.09013	1	0.45492	0.29495	1	0.46937	0.19254	1	0.49023	0.52491	11.95181	1.11977	1	0.75178	0.55045	11.97593	1.11977	1	-0.00227	-0.00774	0.68828	0.00233	1	0.06586	-0.01260	0.68297	0.00398	1	1.45898	0.81042	0	
1275735	8603.48828	3306834482255	0.48719	0.20109	8603.24121	0.24707	12042	1	0.48389	0.08699	1	0.49869	0.26535	1	0.49129	0.17617	1	0.49023	0.52479	11.51348	1.11068	1	0.75178	0.55075	12.18673	1.10200	1	-0.00227	-0.00774	0.68828	0.00235	1	0.06586	-0.01260	0.68297	0.00395	1	1.45898	0.81042	0	
1275736	8603.49512	3306834546933	0.48731	0.20067	8603.24121	0.25391	12042	1	0.49110	0.14063	1	0.49257	0.22925	1	0.49184	0.18494	1	0.49022	0.52492	11.80868	1.09292	1	0.75171	0.55065	12.11426	1.08424	1	-0.00227	-0.00774	0.68828	0.00235	1	0.06586	-0.01260	0.68297	0.00393	1	1.45898	0.81042	0	
1275737	8603.50195	3306834615691	0.48744	0.20069	8603.24121	0.26074	12042	1	0.49335	0.15757	1	0.49165	0.24521	1	0.49250	0.20139	1	0.49070	0.52670	10.86830	1.07515	1	0.75146	0.55104	12.20904	1.06647	1	-0.00215	-0.00769	0.68346	0.00362	1	0.06586	-0.01270	0.68297	0.00378	1	1.45898	0.81042	0	
1275738	8603.50879	3306834681130	0.48767	0.20055	8603.24121	0.26758	12042	1	0.49462	0.10715	1	0.49946	0.28278	1	0.49704	0.19497	1	0.49021	0.52517	11.32211	1.06647	1	0.75174	0.55135	11.99001	1.06647	1	-0.00215	-0.00769	0.68346	0.00232	1	0.06586	-0.01270	0.68297	0.00405	1	1.45898	0.81042	0	
1275739	8603.51562	3306834749254	0.48792	0.19830	8603.24121	0.27441	12042	1	0.48822	0.13220	1	0.50828	0.08011	1	0.49825	0.10616	1	0.49023	0.52528	10.82883	1.06647	1	0.75189	0.54916	12.09860	1.06647	1	-0.00215	-0.00769	0.68346	0.00239	1	0.06586	-0.01270	0.68297	0.00242	1	1.45898	0.81042	0	
1275740	8603.52246	3306834820385	0.48816	0.19584	8603.24121	0.28125	12042	1	0.48702	0.12325	1	0.50946	0.06137	1	0.49824	0.09231	1	0.48896	0.52904	10.59508	1.07556	1	0.74995	0.55341	12.82203	1.08424	1	-0.00240	-0.00828	0.71194	0.00340	1	0.06891	-0.01354	0.71633	0.00336	1	1.45898	0.81042	0	
1275741	8603.52930	3306834886289	0.48683	0.19956	8603.24121	0.28809	12042	1	0.44403	0.40560	1	0.41483	0.31382	1	0.42943	0.35971	1	0.48853	0.52960	11.08785	1.09332	1	0.74962	0.55311	11.82702	1.10200	1	-0.00240	-0.00828	0.71194	0.00362	1	0.06891	-0.01354	0.71633	0.00386	1	1.45898	0.81042	0	
1275742	8603.53613	3306834951951	0.48560	0.20072	8603.24121	0.29492	12042	1	0.43538	0.17231	1	0.42755	0.33050	1	0.43147	0.25141	1	0.48848	0.52761	10.14177	1.11109	1	0.74947	0.55401	11.73424	1.11977	1	-0.00240	-0.00828	0.71194	0.00207	1	0.06891	-0.01354	0.71633	0.00362	1	1.45898	0.81042	0	
1275743	8603.54297	3306835020917	0.48439	0.20149	8603.24121	0.30176	12042	1	0.43244	0.15609	1	0.42745	0.31675	1	0.42994	0.23642	1	0.48845	0.53207	11.34809	1.12885	1	0.74917	0.55556	12.33537	1.13753	1	-0.00247	-0.00841	0.70053	0.00305	1	0.06658	-0.01343	0.69423	0.00318	1	1.45898	0.81042	0	
1275744	8603.54980	3306835088390	0.48246	0.20650	8603.24121	0.30859	12042	1	0.41988	0.36584	1	0.36805	0.50752	1	0.39396	0.43668	1	0.48841	0.53007	8.27273	1.13753	1	0.74869	0.55595	11.01410	1.13753	1	-0.00247	-0.00841	0.70053	0.00202	1	0.06658	-0.01343	0.69423	0.00331	1	1.45898	0.81042	0	
1275745	8603.55566	3306835151285	0.46081	0.24773	8603.24121	0.30859	12042	0	0.44889	0.51980	1	0.36398	0.56045	1	0.40644	0.54013	1	0.48868	0.53209	9.00908	1.13753	1	0.74860	0.55640	11.30145	1.13753	1	-0.00247	-0.00841	0.70053	0.00333	1	0.06658	-0.01343	0.69423	0.00330	1	1.45898	0.81042	0	
1275746	8603.56250	3306835217416	0.43376	0.39514	8603.24121	0.30859	12042	0	0.44889	0.51980	1	0.36451	0.56529	1	0.40670	0.54255	1	0.48902	0.53401	10.13514	1.13753	1	0.74865	0.55700	11.76625	1.12885	1	-0.00240	-0.00870	0.71194	0.00261	1	0.06535	-0.01333	0.68089	0.00303	1	1.45898	0.81042	0	
1275747	8603.56934	3306835285981	0.43071	0.46739	8603.24121	0.30859	12042	0	0.47639	0.66448	1	0.37285	0.55928	1	0.42462	0.61188	1	0.48900	0.53478	10.67847	1.12885	1	0.74883	0.55728	11.79516	1.12017	1	-0.00240	-0.00870	0.71194	0.00273	1	0.06535	-0.01333	0.68089	0.00320	1	1.45898	0.81042	0	
1275748	8603.57617	3306835352519	0.41212	0.58604	8603.24121	0.30859	12042	0	0.43605	0.63303	1	0.37405	0.57434	1	0.40505	0.60368	1	0.48844	0.53456	10.76272	1.12017	1	0.74889	0.55734	12.00032	1.11149	1	-0.00240	-0.00870	0.71194	0.00295	1	0.06535	-0.01333	0.68089	0.00320	1	1.45898	0.81042	0	
1275749	8603.58203	3306835418056	0.40918	0.59821	8603.24121	0.30859	12042	0	0.43755	0.63728	1	0.37492	0.58347	1	0.40623	0.61038	1	0.48847	0.53487	11.06236	1.11149	1	0.74887	0.55800	11.85886	1.09515	1	-0.00240	-0.00881	0.71193	0.00274	1	0.06278	-0.01294	0.65361	0.00316	1	1.45898	0.81042	0	
1275750	8603.58887	3306835485541	0.40378	0.59531	8603.24121	0.30859	12042	0	0.40957	0.57919	1	0.37638	0.59987	1	0.39297	0.58953	1	0.48853	0.53349	11.21518	1.09515	1	0.74892	0.55858	11.97472	1.08749	1	-0.00240	-0.00881	0.71193	0.00308	1	0.06278	-0.01294	0.65361	0.00311	1	1.45898	0.81042	0	
1275751	8603.59570	3306835553266	0.40457	0.60378	8603.57617	0.01953	12043	1	0.42449	0.65539	1	0.38942	0.60294	1	0.40696	0.62916	1	0.48878	0.53405	11.64787	1.08749	1	0.74898	0.55856	11.95821	1.07983	1	-0.00240	-0.00881	0.71193	0.00305	1	0.06278	-0.01294	0.65361	0.00323	1	1.45898	0.81042	0	
1275752	8603.60254	3306835621332	0.40543	0.61059	8603.57617	0.02637	12043	1	0.42765	0.66351	1	0.39011	0.61214	1	0.40888	0.63783	1	0.48904	0.53363	11.22024	1.07075	1	0.74922	0.55894	11.95329	1.06309	1	-0.00227	-0.00862	0.68829	0.00309	1	0.06328	-0.01309	0.65884	0.00308	1	1.45898	0.81042	0	
1275753	8603.60938	3306835687259	0.40304	0.62116	8603.57617	0.03320	12043	1	0.42895	0.67007	1	0.35318	0.67794	1	0.39106	0.67400	1	0.48884	0.53472	11.60454	1.05400	1	0.74923	0.55896	11.90195	1.05400	1	-0.00227	-0.00862	0.68829	0.00294	1	0.06328	-0.01309	0.65884	0.00307	1	1.45898	0.81042	0	
1275754	8603.61621	3306835757439	0.40062	0.63095	8603.57617	0.04004	12043	1	0.41874	0.72847	1	0.35349	0.65096	1	0.38612	0.68971	1	0.48870	0.53495	10.76008	1.04492	1	0.74909	0.55859	11.86118	1.04492	1	-0.00227	-0.00862	0.68829	0.00296	1	0.06328	-0.01309	0.65884	0.00319	1	1.45898	0.81042	0	
1275755	8603.62305	3306835823971	0.39893	0.63859	8603.57617	0.04688	12043	1	0.42059	0.73241	1	0.35360	0.65170	1	0.38710	0.69206	1	0.48907	0.53518	10.36989	1.03583	1	0.74929	0.55842	10.90715	1.04349	1	-0.00213	-0.00846	0.67520	0.00287	1	0.06481	-0.01338	0.67315	0.00313	1	1.45898	0.81042	0	
1275756	8603.62988	3306835891337	0.39766	0.64430	8603.57617	0.05371	12043	1	0.41716	0.68766	1	0.35786	0.69232	1	0.38751	0.68999	1	0.48872	0.53495	11.11492	1.04349	1	0.74942	0.55891	11.38674	1.05115	1	-0.00213	-0.00846	0.67520	0.00288	1	0.06481	-0.01338	0.67315	0.00293	1	1.45898	0.81042	0	
1275757	8603.63672	3306835958257	0.39774	0.64177	8603.57617	0.06055	12043	1	0.43343	0.65581	1	0.36353	0.58215	1	0.39848	0.61898	1	0.48891	0.53462	11.28803	1.05115	1	0.74938	0.55838	11.83233	1.05881	1	-0.00213	-0.00846	0.67520	0.00278	1	0.06481	-0.01338	0.67315	0.00314	1	1.45898	0.81042	0	
1275758	8603.64258	3306836023999	0.39782	0.63971	8603.57617	0.06641	12043	1	0.43350	0.65599	1	0.36355	0.58235	1	0.39853	0.61917	1	0.48863	0.53504	11.33506	1.05079	1	0.74966	0.55917	11.36069	1.05845	1	-0.00203	-0.00834	0.66191	0.00274	1	0.06481	-0.01348	0.67315	0.00304	1	1.45898	0.81042	0	
1275759	8603.64941	3306836092338	0.39851	0.64413	8603.57617	0.07324	12043	1	0.43040	0.70222	1	0.38188	0.68313	1	0.40614	0.69267	1	0.48890	0.53558	11.76779	1.05044	1	0.74966	0.55939	11.76782	1.05044	1	-0.00203	-0.00834	0.66191	0.00300	1	0.06481	-0.01348	0.67315	0.00312	1	1.45898	0.81042	0	
1275760	8603.65625	3306836158470	0.39898	0.64681	8603.57617	0.08008	12043	1	0.43520	0.68484	1	0.37395	0.67307	1	0.40457	0.67895	1	0.48906	0.53552	11.60647	1.04242	1	0.74952	0.55916	11.70321	1.04242	1	-0.00203	-0.00834	0.66191	0.00300	1	0.06481	-0.01348	0.67315	0.00321	1	1.45898	0.81042	0	
1275761	8603.66309	3306836226348	0.39945	0.64938	8603.57617	0.08691	12043	1	0.43671	0.68866	1	0.37440	0.67709	1	0.40556	0.68288	1	0.48902	0.53554	11.73458	1.03440	1	0.74968	0.55937	11.97279	1.03440	1	-0.00203	-0.00834	0.66191	0.00292	1	0.06538	-0.01365	0.67906	0.00310	1	1.45898	0.81042	0	
1275762	8603.66992	3306836293282	0.40009	0.65165	8603.57617	0.09375	12043	1	0.43852	0.68517	1	0.37982	0.68152	1	0.40917	0.68334	1	0.48898	0.53551	12.16014	1.03440	1	0.74962	0.55919	11.92081	1.03440	1	-0.00203	-0.00834	0.66191	0.00294	1	0.06538	-0.01365	0.67906	0.00320	1	1.45898	0.81042	0	
1275763	8603.67676	3306836359865	0.40158	0.65417	8603.57617	0.10059	12043	1	0.45997	0.69484	1	0.38783	0.68934	1	0.42390	0.69209	1	0.48930	0.53545	12.05308	1.03440	1	0.74971	0.55949	12.07939	1.03440	1	-0.00203	-0.00834	0.66191	0.00300	1	0.06538	-0.01365	0.67906	0.00315	1	1.45898	0.81042	0	
1275764	8603.68359	3306836427250	0.40289	0.65640	8603.57617	0.10742	12043	1	0.45997	0.69484	1	0.38783	0.68934	1	0.42390	0.69209	1	0.48885	0.53575	11.82800	1.03440	1	0.74967	0.55959	12.09243	1.03440	1	-0.00203	-0.00834	0.66191	0.00292	1	0.06481	-0.01358	0.67315	0.00308	1	1.45898	0.81042	0	
1275765	8603.68945	3306836492850	0.40314	0.65981	8603.57617	0.11328	12043	1	0.43260	0.71389	1	0.38218	0.72153	1	0.40739	0.71771	1	0.48876	0.53564	11.73906	1.03440	1	0.74967	0.55968	12.00865	1.03440	1	-0.00203	-0.00834	0.66191	0.00291	1	0.06481	-0.01358	0.67315	0.00305	1	1.45898	0.81042	0	
1275766	8603.69629	3306836559349	0.40361	0.66271	8603.57617	0.12012	12043	1	0.43751	0.71347	1	0.38659	0.71637	1	0.41205	0.71492	1	0.48880	0.53565	11.35263	1.03440	1	0.74973	0.55965	11.99063	1.03440	1	-0.00203	-0.00834	0.66191	0.00296	1	0.06481	-0.01358	0.67315	0.00306	1	1.45898	0.81042	0	
1275767	8603.70312	3306836628336	0.40393	0.66493	8603.57617	0.12695	12043	1	0.43429	0.70573	1	0.38580	0.70842	1	0.41005	0.70708	1	0.48889	0.53563	11.37017	1.05151	1	0.74987	0.55965	12.20116	1.05151	1	-0.00217	-0.00897	0.70737	0.00298	1	0.06538	-0.01365	0.67906	0.00309	1	1.45898	0.81042	0	
1275768	8603.70996	3306836695121	0.40435	0.66603	8603.57617	0.13379	12043	1	0.43818	0.68318	1	0.38694	0.69277	1	0.41256	0.68798	1	0.48913	0.53558	11.34514	1.06861	1	0.74981	0.55947	12.24020	1.06861	1	-0.00217	-0.00897	0.70737	0.00299	1	0.06538	-0.01365	0.67906	0.00314	1	1.45898	0.81042	0	
1275769	8603.71680	3306836762464	0.40458	0.66726	8603.57617	0.14062	12043	1	0.43835	0.68282	1	0.38046	0.70356	1	0.40940	0.69319	1	0.48909	0.53567	11.55320	1.08571	1	0.74979	0.55969	12.56668	1.08571	1	-0.00217	-0.00897	0.70737	0.00295	1	0.06538	-0.01365	0.67906	0.00305	1	1.45898	0.81042	0	
1275770	8603.72363	3306836829006	0.41111	0.69451	8603.57617	0.14062	12043	0	0.43692	0.67913	1	0.38044	0.70340	1	0.40868	0.69126	1	0.48914	0.53569	11.69207	1.09373	1	0.74984	0.55981	12.53396	1.08607	1	-0.00206	-0.00869	0.68557	0.00293	1	0.06384	-0.01332	0.66263	0.00298	1	1.45898	0.81042	0	
1275771	8603.73047	3306836896182	0.41167	0.67933	8603.57617	0.14062	12043	0	0.44303	0.68182	1	0.38141	0.64649	1	0.41222	0.66416	1	0.48918	0.53573	12.15445	1.07698	1	0.74965	0.55966	12.22000	1.06932	1	-0.00206	-0.00869	0.68557	0.00292	1	0.06384	-0.01332	0.66263	0.00305	1	1.45898	0.81042	0	
1275772	8603.73633	3306836963175	0.41431	0.67961	8603.57617	0.14062	12043	0	0.45860	0.69079	1	0.38055	0.66955	1	0.41958	0.68017	1	0.48932	0.53574	11.90749	1.06024	1	0.74963	0.55966	12.17927	1.05258	1	-0.00206	-0.00869	0.68557	0.00299	1	0.06384	-0.01332	0.66263	0.00308	1	1.45898	0.81042	0	
1275773	8603.74316	3306837030750	0.41583	0.68067	8603.72363	0.01953	12044	1	0.45986	0.69433	1	0.38094	0.67338	1	0.42040	0.68386	1	0.48941	0.53566	11.38776	1.05258	1	0.74979	0.55975	12.46381	1.04492	1	-0.00220	-0.00911	0.71434	0.00329	1	0.06340	-0.01327	0.65799	0.00308	1	1.45898	0.81042	0	
1275774	8603.75000	3306837095072	0.41383	0.67929	8603.72363	0.02637	12044	1	0.42433	0.66943	1	0.38736	0.67810	1	0.40584	0.67376	1	0.48881	0.53528	11.20007	1.05400	1	0.74984	0.55981	12.45701	1.05400	1	-0.00220	-0.00911	0.71434	0.00307	1	0.06340	-0.01327	0.65799	0.00308	1	1.45898	0.81042	0	
1275775	8603.75684	3306837163176	0.41193	0.67626	8603.72363	0.03320	12044	1	0.41791	0.64857	1	0.38696	0.67363	1	0.40244	0.66110	1	0.48875	0.53525	11.19586	1.06309	1	0.74984	0.55981	12.45701	1.06309	1	-0.00220	-0.00911	0.71434	0.00301	1	0.06340	-0.01327	0.65799	0.00308	1	1.45898	0.81042	0	
1275776	8603.76367	3306837230631	0.41042	0.67345	8603.72363	0.04004	12044	1	0.41611	0.64400	1	0.38656	0.66915	1	0.40134	0.65658	1	0.48929	0.53570	11.58608	1.07217	1	0.74984	0.55981	12.45701	1.07217	1	-0.00217	-0.00913	0.70744	0.00318	1	0.06340	-0.01327	0.65799	0.00309	1	1.45898	0.81042	0	
1275777	8603.77051	3306837296252	0.41107	0.67326	8603.72363	0.04688	12044	1	0.44163	0.65325	1	0.38964	0.69059	1	0.41564	0.67192	1	0.48911	0.53576	11.96966	1.07217	1	0.74982	0.55989	12.30491	1.07217	1	-0.00217	-0.00913	0.70744	0.00288	1	0.06340	-0.01327	0.65799	0.00310	1	1.45898	0.81042	0	
1275778	8603.77734	3306837366007	0.41215	0.67629	8603.72363	0.05371	12044	1	0.44337	0.69788	1	0.39820	0.70322	1	0.42079	0.70055	1	0.48913	0.53564	11.61730	1.07217	1	0.74996	0.56000	12.53910	1.07217	1	-0.00217	-0.00913	0.70744	0.00300	1	0.06340	-0.01327	0.65799	0.00307	1	1.45898	0.81042	0	
1275779	8603.78418	3306837432348	0.41301	0.67872	8603.72363	0.06055	12044	1	0.44337	0.69788	1	0.39820	0.70322	1	0.42079	0.70055	1	0.48924	0.53577	11.78516	1.07217	1	0.74995	0.56008	12.64598	1.07217	1	-0.00217	-0.00913	0.70744	0.00293	1	0.06340	-0.01327	0.65799	0.00297	1	1.45898	0.81042	0	
1275780	8603.79004	3306837498884	0.41319	0.67898	8603.72363	0.06641	12044	1	0.45092	0.69691	1	0.37900	0.66634	1	0.41496	0.68162	1	0.48924	0.53577	11.78516	1.07217	1	0.74968	0.55990	11.75684	1.07217	1	-0.00217	-0.00913	0.70744	0.00293	1	0.06340	-0.01327	0.65799	0.00309	1	1.45898	0.81042	0	
1275781	8603.79688	3306837565747	0.41287	0.68167	8603.72363	0.07324	12044	1	0.42888	0.69834	1	0.38984	0.72408	1	0.40936	0.71121	1	0.48893	0.53576	11.67823	1.07217	1	0.74984	0.55981	12.53396	1.07217	1	-0.00217	-0.00913	0.70744	0.00285	1	0.06340	-0.01327	0.65799	0.00298	1	1.45898	0.81042	0	
1275782	8603.80371	3306837633766	0.41260	0.68394	8603.72363	0.08008	12044	1	0.42888	0.69834	1	0.38984	0.72408	1	0.40936	0.71121	1	0.48952	0.53528	11.71320	1.07217	1	0.74972	0.55885	12.08220	1.07217	1	-0.00217	-0.00907	0.70737	0.00311	1	0.06340	-0.01327	0.65799	0.00341	1	1.45898	0.81042	0	
1275783	8603.81055	3306837700106	0.41305	0.68111	8603.72363	0.08691	12044	1	0.45491	0.67431	1	0.38273	0.61442	1	0.41882	0.64437	1	0.48932	0.53541	12.16181	1.07217	1	0.74967	0.55878	12.02387	1.07217	1	-0.00217	-0.00907	0.70737	0.00296	1	0.06340	-0.01327	0.65799	0.00342	1	1.45898	0.81042	0	
1275784	8603.81738	3306837766959	0.41184	0.68004	8603.72363	0.09375	12044	1	0.40904	0.68087	1	0.38078	0.64918	1	0.39491	0.66503	1	0.48870	0.53544	11.25923	1.07217	1	0.74970	0.55891	11.99768	1.07217	1	-0.00217	-0.00907	0.70737	0.00298	1	0.06340	-0.01327	0.65799	0.00339	1	1.45898	0.81042	0	
1275785	8603.82422	3306837833229	0.41085	0.67938	8603.72363	0.10059	12044	1	0.41091	0.68513	1	0.38123	0.65382	1	0.39607	0.66947	1	0.48981	0.53561	11.43368	1.06309	1	0.74970	0.55891	11.99768	1.06309	1	-0.00204	-0.00868	0.68095	0.00310	1	0.07416	-0.01547	0.76958	0.00341	1	1.45898	0.81042	0	
1275786	8603.83008	3306837898936	0.41142	0.67946	8603.72363	0.10645	12044	1	0.45605	0.68758	1	0.38487	0.67385	1	0.42046	0.68071	1	0.48929	0.53539	11.81996	1.05400	1	0.74973	0.55919	12.14821	1.05400	1	-0.00204	-0.00868	0.68095	0.00304	1	0.07416	-0.01547	0.76958	0.00325	1	1.45898	0.81042	0	
1275787	8603.83691	3306837968666	0.41180	0.67752	8603.72363	0.11328	12044	1	0.44892	0.65868	1	0.38765	0.63064	1	0.41829	0.64466	1	0.48912	0.53536	11.04995	1.04492	1	0.74976	0.55899	11.97934	1.04492	1	-0.00204	-0.00868	0.68095	0.00290	1	0.07416	-0.01547	0.76958	0.00335	1	1.45898	0.81042	0	
1275788	8603.84375	3306838035241	0.41219	0.67604	8603.72363	0.12012	12044	1	0.45051	0.66323	1	0.38805	0.63556	1	0.41928	0.64940	1	0.48912	0.53525	10.60623	1.03583	1	0.74967	0.55931	11.94385	1.03583	1	-0.00206	-0.00879	0.68557	0.00293	1	0.06340	-0.01327	0.65799	0.00318	1	1.45898	0.81042	0	
1275789	8603.85059	3306838101781	0.41308	0.67455	8603.72363	0.12695	12044	1	0.46839	0.65693	1	0.39137	0.63556	1	0.42988	0.64624	1	0.48954	0.53530	11.27232	1.03583	1	0.74974	0.55924	11.95576	1.03583	1	-0.00206	-0.00879	0.68557	0.00295	1	0.06340	-0.01327	0.65799	0.00316	1	1.45898	0.81042	0	
1275790	8603.85742	3306838169116	0.41331	0.67433	8603.72363	0.13379	12044	1	0.44385	0.69477	1	0.39230	0.64512	1	0.41807	0.66995	1	0.48890	0.53545	11.63791	1.03583	1	0.74980	0.55935	11.85972	1.03583	1	-0.00206	-0.00879	0.68557	0.00286	1	0.06340	-0.01327	0.65799	0.00317	1	1.45898	0.81042	0	
1275791	8603.86426	3306838235624	0.41353	0.67414	8603.72363	0.14062	12044	1	0.44385	0.69477	1	0.39230	0.64512	1	0.41807	0.66995	1	0.48918	0.53528	10.88190	1.03583	1	0.74982	0.55930	12.07535	1.03583	1	-0.00206	-0.00879	0.68557	0.00291	1	0.06340	-0.01327	0.65799	0.00317	1	1.45898	0.81042	0	
1275792	8603.87109	3306838301959	0.41459	0.67378	8603.72363	0.14746	12044	1	0.47772	0.67843	1	0.39821	0.65340	1	0.43797	0.66592	1	0.48962	0.53543	11.55919	1.03583	1	0.74996	0.55937	12.44527	1.03583	1	-0.00206	-0.00879	0.68557	0.00301	1	0.06340	-0.01327	0.65799	0.00313	1	1.45898	0.81042	0	
1275793	8603.87793	3306838369685	0.41525	0.67339	8603.72363	0.15430	12044	1	0.45029	0.67529	1	0.41030	0.65361	1	0.43030	0.66445	1	0.48914	0.53524	10.71222	1.03583	1	0.75003	0.55945	12.46230	1.03583	1	-0.00206	-0.00879	0.68557	0.00300	1	0.06340	-0.01327	0.65799	0.00314	1	1.45898	0.81042	0	
1275794	8603.88379	3306838437235	0.41585	0.67295	8603.72363	0.16016	12044	1	0.45029	0.67529	1	0.41013	0.64958	1	0.43021	0.66244	1	0.48934	0.53575	11.28861	1.03583	1	0.74999	0.55942	12.22706	1.04349	1	-0.00204	-0.00868	0.68095	0.00297	1	0.06547	-0.01375	0.67896	0.00314	1	1.45898	0.81042	0	
1275795	8603.89062	3306838502414	0.41583	0.67278	8603.72363	0.16699	12044	1	0.45665	0.69561	1	0.37399	0.64150	1	0.41532	0.66856	1	0.48930	0.53579	11.84358	1.04349	1	0.74995	0.55941	12.20234	1.05115	1	-0.00204	-0.00868	0.68095	0.00283	1	0.06547	-0.01375	0.67896	0.00318	1	1.45898	0.81042	0	
1275796	8603.89746	3306838571470	0.41589	0.67299	8603.72363	0.17383	12044	1	0.44350	0.72424	1	0.39164	0.63276	1	0.41757	0.67850	1	0.48904	0.53582	10.98688	1.05115	1	0.74992	0.55944	11.95452	1.05881	1	-0.00204	-0.00868	0.68095	0.00281	1	0.06547	-0.01375	0.67896	0.00312	1	1.45898	0.81042	0	
1275797	8603.90430	3306838637589	0.41593	0.67313	8603.72363	0.18066	12044	1	0.44212	0.72091	1	0.39164	0.63276	1	0.41688	0.67684	1	0.48904	0.53531	10.35147	1.05881	1	0.74994	0.55942	11.84660	1.05881	1	-0.00206	-0.00879	0.68557	0.00297	1	0.07416	-0.01558	0.76958	0.00313	1	1.45898	0.81042	0	
1275798	8603.91113	3306838704562	0.41600	0.67290	8603.72363	0.18750	12044	1	0.45340	0.66764	1	0.38293	0.66508	1	0.41817	0.66636	1	0.48934	0.53543	10.28763	1.05881	1	0.75008	0.55963	12.50606	1.05115	1	-0.00206	-0.00879	0.68557	0.00305	1	0.07416	-0.01558	0.76958	0.00303	1	1.45898	0.81042	0	
1275799	8603.91797	3306838771544	0.41686	0.67307	8603.72363	0.19434	12044	1	0.47294	0.67510	1	0.41077	0.68095	1	0.44186	0.67802	1	0.48949	0.53551	10.53962	1.05115	1	0.75010	0.55977	12.28981	1.04349	1	-0.00206	-0.00879	0.68557	0.00307	1	0.07416	-0.01558	0.76958	0.00310	1	1.45898	0.81042	0	
1275800	8603.92480	3306838838931	0.41769	0.67335	8603.72363	0.20117	12044	1	0.47412	0.67878	1	0.41094	0.68474	1	0.44253	0.68176	1	0.48949	0.53551	10.53962	1.04349	1	0.75021	0.55984	12.38843	1.03583	1	-0.00204	-0.00855	0.67864	0.00307	1	0.07416	-0.01558	0.76958	0.00310	1	1.45898	0.81042	0	
1275801	8603.93066	3306838905186	0.41796	0.67344	8603.72363	0.20703	12044	1	0.44165	0.68045	1	0.41084	0.67233	1	0.42624	0.67639	1	0.48904	0.53546	10.62022	1.03583	1	0.75011	0.55951	12.18786	1.03583	1	-0.00204	-0.00855	0.67864	0.00290	1	0.07416	-0.01558	0.76958	0.00314	1	1.45898	0.81042	0	
1275802	8603.93750	3306838972554	0.41803	0.67326	8603.72363	0.21387	12044	1	0.43907	0.67720	1	0.40164	0.65737	1	0.42036	0.66729	1	0.48906	0.53535	10.24672	1.03583	1	0.74993	0.55944	12.36715	1.03583	1	-0.00204	-0.00855	0.67864	0.00292	1	0.07416	-0.01558	0.76958	0.00308	1	1.45898	0.81042	0	
1275803	8603.94434	3306839039505	0.41810	0.67308	8603.72363	0.22070	12044	1	0.43907	0.67720	1	0.40164	0.65737	1	0.42036	0.66729	1	0.48911	0.53522	10.59172	1.03583	1	0.74985	0.55953	12.26810	1.03583	1	-0.00206	-0.00869	0.68557	0.00299	1	0.06340	-0.01327	0.65799	0.00311	1	1.45898	0.81042	0	
1275804	8603.95117	3306839106308	0.41929	0.67389	8603.72363	0.22754	12044	1	0.52135	0.69479	1	0.39845	0.70823	1	0.45990	0.70151	1	0.49022	0.53571	11.18696	1.03583	1	0.74993	0.55972	12.19186	1.03583	1	-0.00206	-0.00869	0.68557	0.00311	1	0.06340	-0.01327	0.65799	0.00309	1	1.45898	0.81042	0	
1275805	8603.95801	3306839172682	0.41938	0.67413	8603.72363	0.23438	12044	1	0.44339	0.67715	1	0.40130	0.68796	1	0.42234	0.68256	1	0.48906	0.53539	10.15642	1.03583	1	0.74982	0.55976	12.51566	1.03583	1	-0.00206	-0.00869	0.68557	0.00294	1	0.06340	-0.01327	0.65799	0.00301	1	1.45898	0.81042	0	
1275806	8603.96387	3306839237217	0.41946	0.67436	8603.72363	0.24023	12044	1	0.44339	0.67715	1	0.40130	0.68796	1	0.42234	0.68256	1	0.48891	0.53559	11.00623	1.03583	1	0.74955	0.55909	11.42380	1.03583	1	-0.00205	-0.00862	0.68398	0.00290	1	0.07416	-0.01558	0.76958	0.00332	1	1.45898	0.81042	0	
1275807	8603.97070	3306839304428	0.41911	0.67487	8603.72363	0.24707	12044	1	0.44537	0.68942	1	0.36731	0.69784	1	0.40634	0.69363	1	0.48907	0.53556	10.60233	1.03583	1	0.74941	0.55936	11.29230	1.03583	1	-0.00205	-0.00862	0.68398	0.00294	1	0.07416	-0.01558	0.76958	0.00324	1	1.45898	0.81042	0	
1275808	8603.97754	3306839372670	0.41872	0.67550	8603.72363	0.25391	12044	1	0.43498	0.69295	1	0.37249	0.70586	1	0.40374	0.69941	1	0.48905	0.53550	10.41917	1.03583	1	0.74947	0.55939	11.33982	1.03583	1	-0.00205	-0.00862	0.68398	0.00294	1	0.07416	-0.01558	0.76958	0.00326	1	1.45898	0.81042	0	
1275809	8603.98438	3306839438121	0.41832	0.67599	8603.72363	0.26074	12044	1	0.43326	0.68867	1	0.37196	0.70155	1	0.40261	0.69511	1	0.48898	0.53542	10.18652	1.04492	1	0.74941	0.55943	11.35511	1.04492	1	-0.00218	-0.00892	0.70764	0.00295	1	0.07416	-0.01558	0.76958	0.00320	1	1.45898	0.81042	0	
1275810	8603.99121	3306839503928	0.41812	0.67584	8603.72363	0.26758	12044	1	0.44322	0.67827	1	0.37765	0.66172	1	0.41043	0.67000	1	0.48904	0.53543	10.44106	1.05400	1	0.74955	0.55915	11.27826	1.05400	1	-0.00218	-0.00892	0.70764	0.00296	1	0.07416	-0.01558	0.76958	0.00310	1	1.45898	0.81042	0	
1275811	8603.99805	3306839572480	0.41785	0.67579	8603.72363	0.27441	12044	1	0.43278	0.67920	1	0.38029	0.66783	1	0.40653	0.67351	1	0.48898	0.53553	10.64079	1.06309	1	0.74967	0.55920	11.36431	1.06309	1	-0.00218	-0.00892	0.70764	0.00297	1	0.07416	-0.01558	0.76958	0.00303	1	1.45898	0.81042	0	
1275812	8604.00488	3306839642397	0.41756	0.67559	8603.72363	0.28125	12044	1	0.43109	0.67490	1	0.37945	0.65950	1	0.40527	0.66720	1	0.48892	0.53568	11.23296	1.07217	1	0.74959	0.55955	11.66138	1.07983	1	-0.00218	-0.00886	0.70764	0.00294	1	0.06538	-0.01365	0.67906	0.00305	1	1.45898	0.81042	0	
1275813	8604.01172	3306839707763	0.41721	0.67453	8603.72363	0.28809	12044	1	0.42958	0.63347	1	0.37501	0.62464	1	0.40230	0.62905	1	0.48897	0.53511	10.59312	1.07983	1	0.74955	0.55881	11.23014	1.08749	1	-0.00218	-0.00886	0.70764	0.00276	1	0.06538	-0.01365	0.67906	0.00314	1	1.45898	0.81042	0	
1275814	8604.01758	3306839773028	0.41690	0.67435	8603.72363	0.29395	12044	1	0.42494	0.68916	1	0.38142	0.64399	1	0.40318	0.66657	1	0.48892	0.53504	10.36300	1.08749	1	0.74967	0.55915	11.26813	1.09515	1	-0.00218	-0.00886	0.70764	0.00287	1	0.06538	-0.01365	0.67906	0.00298	1	1.45898	0.81042	0	
1275815	8604.02441	3306839843170	0.41660	0.67420	8603.72363	0.30078	12044	1	0.42521	0.68980	1	0.38149	0.64471	1	0.40335	0.66726	1	0.48903	0.53531	10.06397	1.08607	1	0.74936	0.55847	10.63553	1.09373	1	-0.00213	-0.00846	0.67520	0.00286	1	0.06538	-0.01365	0.67906	0.00313	1	1.45898	0.81042	0	
1275816	8604.03125	3306839910261	0.41629	0.67344	8603.72363	0.30762	12044	1	0.43488	0.68715	1	0.36917	0.59013	1	0.40202	0.63864	1	0.48905	0.53530	10.08752	1.08464	1	0.74937	0.55846	10.60427	1.08464	1	-0.00213	-0.00846	0.67520	0.00286	1	0.06538	-0.01365	0.67906	0.00313	1	1.45898	0.81042	0	
1275817	8604.03809	3306839977276	0.41600	0.67321	8603.72363	0.31445	12044	1	0.43448	0.71028	1	0.36974	0.61465	1	0.40211	0.66247	1	0.48902	0.53534	9.86462	1.07556	1	0.74951	0.55897	10.91972	1.07556	1	-0.00213	-0.00846	0.67520	0.00284	1	0.06538	-0.01365	0.67906	0.00295	1	1.45898	0.81042	0	
1275818	8604.04492	3306840041890	0.41585	0.67272	8603.72363	0.32129	12044	1	0.43762	0.71778	1	0.37075	0.62389	1	0.40419	0.67083	1	0.48909	0.53529	10.18312	1.05845	1	0.74954	0.55879	11.16815	1.05845	1	-0.00212	-0.00824	0.65811	0.00284	1	0.06538	-0.01365	0.67906	0.00304	1	1.45898	0.81042	0	
1275819	8604.05176	3306840111065	0.41620	0.67217	8603.72363	0.32812	12044	1	0.48443	0.68526	1	0.37354	0.59040	1	0.42899	0.63783	1	0.48939	0.53518	10.49138	1.05044	1	0.74944	0.55836	10.81522	1.05044	1	-0.00212	-0.00824	0.65811	0.00276	1	0.06538	-0.01365	0.67906	0.00321	1	1.45898	0.81042	0	
1275820	8604.05859	3306840178314	0.41625	0.67158	8603.72363	0.33496	12044	1	0.47133	0.68197	1	0.37270	0.62153	1	0.42201	0.65175	1	0.48919	0.53510	10.65092	1.04242	1	0.74948	0.55875	11.17064	1.04242	1	-0.00212	-0.00824	0.65811	0.00276	1	0.06538	-0.01365	0.67906	0.00297	1	1.45898	0.81042	0	
1275821	8604.06543	3306840245701	0.41629	0.67091	8603.72363	0.34180	12044	1	0.47133	0.68197	1	0.37270	0.62153	1	0.42201	0.65175	1	0.48876	0.53553	10.36820	1.04242	1	0.74949	0.55859	11.23048	1.04242	1	-0.00227	-0.00862	0.68829	0.00282	1	0.06481	-0.01338	0.67315	0.00306	1	1.45898	0.81042	0	
1275822	8604.07129	3306840312573	0.41631	0.67078	8603.72363	0.34766	12044	1	0.43335	0.69498	1	0.38052	0.64031	1	0.40693	0.66765	1	0.48857	0.53510	10.18134	1.05044	1	0.74966	0.55875	11.07820	1.05044	1	-0.00227	-0.00862	0.68829	0.00275	1	0.06481	-0.01338	0.67315	0.00330	1	1.45898	0.81042	0	
1275823	8604.07812	3306840379227	0.41641	0.67091	8603.72363	0.35449	12044	1	0.43466	0.69230	1	0.37948	0.64223	1	0.40707	0.66726	1	0.48857	0.53504	9.44261	1.05845	1	0.74969	0.55887	11.23502	1.05845	1	-0.00227	-0.00862	0.68829	0.00281	1	0.06481	-0.01338	0.67315	0.00326	1	1.45898	0.81042	0	
1275824	8604.08496	3306840445917	0.41651	0.67105	8603.72363	0.36133	12044	1	0.43317	0.68859	1	0.37907	0.63804	1	0.40612	0.66331	1	0.48850	0.53470	9.28256	1.06647	1	0.74962	0.55870	11.04995	1.06647	1	-0.00227	-0.00862	0.68829	0.00288	1	0.06400	-0.01323	0.66578	0.00321	1	1.45898	0.81042	0	
1275825	8604.09180	3306840512216	0.41620	0.67089	8603.72363	0.36816	12044	1	0.42757	0.64624	1	0.37457	0.68169	1	0.40107	0.66396	1	0.48851	0.53466	9.21256	1.06647	1	0.74956	0.55877	10.85797	1.06647	1	-0.00227	-0.00862	0.68829	0.00290	1	0.06400	-0.01323	0.66578	0.00329	1	1.45898	0.81042	0	
1275826	8604.09863	3306840579011	0.41617	0.66927	8603.72363	0.37500	12044	1	0.43324	0.63035	1	0.40502	0.61585	1	0.41913	0.62310	1	0.48855	0.53458	9.36195	1.06647	1	0.74962	0.55874	11.06889	1.06647	1	-0.00227	-0.00862	0.68829	0.00280	1	0.06400	-0.01323	0.66578	0.00319	1	1.45898	0.81042	0	
1275827	8604.10547	3306840647204	0.41613	0.66761	8603.72363	0.38184	12044	1	0.43324	0.63035	1	0.40479	0.61112	1	0.41901	0.62073	1	0.48845	0.53490	9.70347	1.06647	1	0.74942	0.55847	10.57602	1.07515	1	-0.00227	-0.00862	0.68829	0.00274	1	0.06550	-0.01353	0.68090	0.00333	1	1.45898	0.81042	0	
1275828	8604.11230	3306840714033	0.41547	0.66626	8603.72363	0.38867	12044	1	0.41682	0.60520	1	0.34963	0.62882	1	0.38322	0.61701	1	0.48842	0.53447	9.11130	1.07515	1	0.74920	0.55845	10.24162	1.08383	1	-0.00227	-0.00862	0.68829	0.00276	1	0.06550	-0.01353	0.68090	0.00332	1	1.45898	0.81042	0	
1275829	8604.11816	3306840781163	0.41505	0.66405	8603.72363	0.39453	12044	1	0.42532	0.63992	1	0.35266	0.57037	1	0.38899	0.60514	1	0.48851	0.53461	8.79966	1.08383	1	0.74915	0.55834	10.22001	1.09251	1	-0.00227	-0.00862	0.68829	0.00279	1	0.06550	-0.01353	0.68090	0.00334	1	1.45898	0.81042	0	
1275830	8604.12500	3306840848145	0.41460	0.66180	8603.72363	0.40137	12044	1	0.42369	0.63557	1	0.35266	0.57037	1	0.38818	0.60297	1	0.48863	0.53482	9.03703	1.09251	1	0.74930	0.55855	10.48723	1.09251	1	-0.00227	-0.00862	0.68829	0.00264	1	0.06425	-0.01333	0.66842	0.00330	1	1.45898	0.81042	0	
1275831	8604.13184	3306840914971	0.41410	0.66211	8603.72363	0.40820	12044	1	0.42925	0.63885	1	0.35994	0.67997	1	0.39460	0.65941	1	0.48862	0.53474	8.99632	1.09251	1	0.74933	0.55905	10.50467	1.08383	1	-0.00227	-0.00862	0.68829	0.00263	1	0.06425	-0.01333	0.66842	0.00302	1	1.45898	0.81042	0	
1275832	8604.13867	3306840981602	0.41413	0.66152	8603.72363	0.41504	12044	1	0.43504	0.64103	1	0.35816	0.63188	1	0.39660	0.63645	1	0.48867	0.53477	9.25050	1.08383	1	0.74927	0.55841	10.32607	1.07515	1	-0.00227	-0.00862	0.68829	0.00262	1	0.06425	-0.01333	0.66842	0.00334	1	1.45898	0.81042	0	
1275833	8604.14551	3306841049064	0.40069	0.63880	8603.72363	0.41504	12044	0	0.43660	0.64536	1	0.35816	0.63188	1	0.39738	0.63862	1	0.48853	0.53475	9.41164	1.07515	1	0.75002	0.55927	10.93224	1.07515	1	-0.00227	-0.00862	0.68829	0.00283	1	0.06550	-0.01353	0.68090	0.00322	1	1.45898	0.81042	0	
1275834	8604.15234	3306841115942	0.40832	0.63498	8603.72363	0.41504	12044	0	0.44864	0.63819	1	0.38326	0.62415	1	0.41595	0.63117	1	0.48850	0.53468	9.40710	1.07515	1	0.74961	0.55848	10.44589	1.08383	1	-0.00227	-0.00862	0.68829	0.00266	1	0.06550	-0.01353	0.68090	0.00345	1	1.45898	0.81042	0	
1275835	8604.15918	3306841183013	0.40679	0.64139	8603.72363	0.41504	12044	0	0.40565	0.63877	1	0.40182	0.66962	1	0.40373	0.65420	1	0.48824	0.53458	9.19071	1.08383	1	0.74972	0.55883	11.06976	1.09251	1	-0.00227	-0.00862	0.68829	0.00273	1	0.06550	-0.01353	0.68090	0.00331	1	1.45898	0.81042	0	
1275836	8604.16504	3306841250041	0.40577	0.64352	8604.14551	0.01953	12045	1	0.40387	0.63440	1	0.40156	0.66543	1	0.40272	0.64992	1	0.48812	0.53458	9.34451	1.09251	1	0.74913	0.55838	10.15473	1.10119	1	-0.00227	-0.00862	0.68829	0.00275	1	0.06550	-0.01353	0.68090	0.00328	1	1.45898	0.81042	0	
1275837	8604.17188	3306841312579	0.40333	0.64209	8604.14551	0.02637	12045	1	0.42950	0.67808	1	0.35761	0.59466	1	0.39355	0.63637	1	0.48851	0.53515	9.04593	1.10119	1	0.74922	0.55852	10.17979	1.10119	1	-0.00227	-0.00862	0.68829	0.00280	1	0.06550	-0.01353	0.68090	0.00326	1	1.45898	0.81042	0	
1275838	8604.17871	3306841380351	0.39926	0.64165	8604.14551	0.03320	12045	1	0.40354	0.69642	1	0.35426	0.58252	1	0.37890	0.63947	1	0.48821	0.53535	9.32052	1.10119	1	0.74920	0.55840	10.05030	1.10119	1	-0.00227	-0.00862	0.68829	0.00280	1	0.06550	-0.01353	0.68090	0.00331	1	1.45898	0.81042	0	
1275839	8604.18555	3306841450533	0.39639	0.64169	8604.14551	0.04004	12045	1	0.40354	0.69642	1	0.35488	0.58735	1	0.37921	0.64188	1	0.48847	0.53533	9.00035	1.10119	1	0.74918	0.55828	10.18423	1.09251	1	-0.00227	-0.00862	0.68829	0.00277	1	0.06547	-0.01357	0.68000	0.00319	1	1.45898	0.81042	0	
1275840	8604.19238	3306841516165	0.39621	0.64044	8604.14551	0.04688	12045	1	0.43055	0.66137	1	0.35929	0.60204	1	0.39492	0.63170	1	0.48858	0.53493	8.81704	1.09251	1	0.74919	0.55869	10.13991	1.08383	1	-0.00227	-0.00862	0.68829	0.00267	1	0.06547	-0.01357	0.68000	0.00304	1	1.45898	0.81042	0	AUDIO_FILE_OFFSET
1275841	8604.19922	3306841584847	0.39571	0.64103	8604.14551	0.05371	12045	1	0.42261	0.67845	1	0.36074	0.61317	1	0.39168	0.64581	1	0.48848	0.53531	8.72051	1.08383	1	0.74928	0.55812	10.47081	1.07515	1	-0.00227	-0.00862	0.68829	0.00273	1	0.06547	-0.01357	0.68000	0.00319	1	1.45898	0.81042	0	
1275842	8604.20605	3306841651475	0.39544	0.64216	8604.14551	0.06055	12045	1	0.42427	0.68248	1	0.36184	0.62201	1	0.39306	0.65225	1	0.48851	0.53513	8.76130	1.07515	1	0.74941	0.55833	10.76787	1.05881	1	-0.00227	-0.00862	0.68829	0.00279	1	0.06340	-0.01308	0.65799	0.00318	1	1.45898	0.81042	0	
1275843	8604.21191	3306841718803	0.39623	0.64368	8604.14551	0.06641	12045	1	0.44009	0.68774	1	0.36823	0.63018	1	0.40416	0.65896	1	0.48853	0.53517	9.20606	1.05881	1	0.74938	0.55885	11.22646	1.05115	1	-0.00227	-0.00862	0.68829	0.00274	1	0.06340	-0.01308	0.65799	0.00291	1	1.45898	0.81042	0	
1275844	8604.21875	3306841785973	0.39588	0.64539	8604.14551	0.07324	12045	1	0.41475	0.73206	1	0.36932	0.59634	1	0.39203	0.66420	1	0.48869	0.53552	9.31802	1.05115	1	0.74951	0.55821	10.59607	1.04349	1	-0.00227	-0.00862	0.68829	0.00280	1	0.06340	-0.01308	0.65799	0.00321	1	1.45898	0.81042	0	
1275845	8604.22559	3306841849303	0.39575	0.64744	8604.14551	0.08008	12045	1	0.41798	0.73877	1	0.37028	0.60534	1	0.39413	0.67205	1	0.48878	0.53532	9.42823	1.03547	1	0.74962	0.55851	10.25351	1.02782	1	-0.00212	-0.00824	0.65811	0.00276	1	0.06340	-0.01308	0.65799	0.00312	1	1.45898	0.81042	0	
1275997	8605.24414	3306852034165	0.26436	0.40683	8605.11719	0.12695	12052	1	0.26126	0.36942	1	0.27674	0.48790	1	0.26900	0.42866	1	0.48390	0.53079	8.91042	1.05176	1	0.74585	0.55725	11.72066	1.06044	1	-0.00250	-0.00815	0.65492	0.00208	1	0.06728	-0.01399	0.70372	0.00342	1	1.45898	0.81042	0	START_TRIAL
1275998	8605.25098	3306852101179	0.26432	0.40712	8605.11719	0.13379	12052	1	0.25298	0.34916	1	0.27427	0.47661	1	0.26362	0.41289	1	0.48394	0.53072	8.81063	1.07755	1	0.74598	0.55675	11.15568	1.07755	1	-0.00269	-0.00877	0.70410	0.00207	1	0.06569	-0.01367	0.68764	0.00345	1	1.45898	0.81042	0	
1275999	8605.25684	3306852168293	0.26419	0.40526	8605.11719	0.13965	12052	1	0.24799	0.34169	1	0.27489	0.39079	1	0.26144	0.36624	1	0.48385	0.53082	8.96910	1.09465	1	0.74586	0.55639	11.07097	1.08597	1	-0.00269	-0.00877	0.70410	0.00209	1	0.06569	-0.01367	0.68764	0.00367	1	1.45898	0.81042	0	
1276000	8605.26367	3306852234985	0.26407	0.40375	8605.11719	0.14648	12052	1	0.24380	0.32427	1	0.27875	0.41649	1	0.26128	0.37038	1	0.48392	0.53059	8.71396	1.10307	1	0.74599	0.55669	11.08901	1.09439	1	-0.00269	-0.00877	0.70410	0.00200	1	0.06569	-0.01367	0.68764	0.00344	1	1.45898	0.81042	0	
1276001	8605.27051	3306852300838	0.26393	0.40225	8605.11719	0.15332	12052	1	0.24402	0.32480	1	0.27765	0.41085	1	0.26083	0.36783	1	0.48393	0.53074	8.95453	1.10241	1	0.74601	0.55678	11.25618	1.10241	1	-0.00270	-0.00856	0.69174	0.00203	1	0.06728	-0.01399	0.70372	0.00342	1	1.45898	0.81042	0	
1276002	8605.27734	3306852368968	0.26365	0.40207	8605.11719	0.16016	12052	1	0.24128	0.36589	1	0.27232	0.42966	1	0.25680	0.39778	1	0.48382	0.53093	9.08492	1.09332	1	0.74586	0.55690	11.18696	1.10200	1	-0.00270	-0.00856	0.69174	0.00206	1	0.06728	-0.01399	0.70372	0.00347	1	1.45898	0.81042	0	
1276003	8605.28418	3306852435908	0.26362	0.40137	8605.11719	0.16699	12052	1	0.25175	0.35951	1	0.27405	0.40795	1	0.26290	0.38373	1	0.48393	0.53083	9.16617	1.09292	1	0.74595	0.55683	11.32896	1.10160	1	-0.00270	-0.00856	0.69174	0.00210	1	0.06728	-0.01399	0.70372	0.00343	1	1.45898	0.81042	0	
1276004	8605.29102	3306852503615	0.26362	0.40084	8605.11719	0.17383	12052	1	0.25187	0.35982	1	0.27533	0.41436	1	0.26360	0.38709	1	0.48360	0.53077	8.87358	1.09251	1	0.74581	0.55700	11.07913	1.09251	1	-0.00276	-0.00849	0.68163	0.00218	1	0.06569	-0.01367	0.68764	0.00346	1	1.45898	0.81042	0	
1276005	8605.29785	3306852569156	0.26326	0.40039	8605.11719	0.18066	12052	1	0.22793	0.32917	1	0.27945	0.44763	1	0.25369	0.38840	1	0.48361	0.53062	9.25195	1.09251	1	0.74597	0.55711	11.33884	1.08383	1	-0.00276	-0.00849	0.68163	0.00210	1	0.06569	-0.01367	0.68764	0.00343	1	1.45898	0.81042	0	
1276006	8605.30371	3306852636990	0.26311	0.40060	8605.11719	0.18652	12052	1	0.24629	0.32076	1	0.27117	0.49190	1	0.25873	0.40633	1	0.48379	0.53063	9.33318	1.08383	1	0.74588	0.55737	11.81850	1.07515	1	-0.00276	-0.00849	0.68163	0.00205	1	0.06569	-0.01367	0.68764	0.00339	1	1.45898	0.81042	0	
1276007	8605.31055	3306852703918	0.26303	0.40100	8605.11719	0.19336	12052	1	0.24909	0.32778	1	0.27245	0.49752	1	0.26077	0.41265	1	0.48359	0.53074	8.92312	1.07515	1	0.74587	0.55703	11.56888	1.06647	1	-0.00276	-0.00849	0.68163	0.00204	1	0.06569	-0.01367	0.68764	0.00354	1	1.45898	0.81042	0	
1276008	8605.31738	3306852771003	0.26289	0.40068	8605.11719	0.20020	12052	1	0.24915	0.35577	1	0.26827	0.42624	1	0.25871	0.39101	1	0.48383	0.53075	9.14248	1.06647	1	0.74573	0.55666	11.29715	1.06647	1	-0.00276	-0.00849	0.68163	0.00204	1	0.06569	-0.01367	0.68764	0.00355	1	1.45898	0.81042	0	
1276009	8605.32422	3306852837872	0.26268	0.40086	8605.11719	0.20703	12052	1	0.24889	0.36453	1	0.26363	0.44871	1	0.25626	0.40662	1	0.48381	0.53073	8.99711	1.06647	1	0.74570	0.55695	11.42139	1.06647	1	-0.00276	-0.00849	0.68163	0.00209	1	0.06569	-0.01367	0.68764	0.00358	1	1.45898	0.81042	0	
1276010	8605.33105	3306852904664	0.26249	0.40104	8605.11719	0.21387	12052	1	0.24889	0.36453	1	0.26363	0.44871	1	0.25626	0.40662	1	0.48370	0.53068	8.71746	1.06647	1	0.74550	0.55720	11.14372	1.06647	1	-0.00276	-0.00849	0.68163	0.00213	1	0.06551	-0.01365	0.68689	0.00367	1	1.45898	0.81042	0	
1276011	8605.33789	3306852972269	0.26186	0.40017	8605.11719	0.22070	12052	1	0.23119	0.35174	1	0.25113	0.39146	1	0.24116	0.37160	1	0.48342	0.53068	9.43816	1.06647	1	0.74535	0.55618	11.01547	1.06647	1	-0.00276	-0.00849	0.68163	0.00205	1	0.06551	-0.01365	0.68689	0.00350	1	1.45898	0.81042	0	
1276012	8605.34473	3306853038898	0.26109	0.40010	8605.11719	0.22754	12052	1	0.23059	0.37137	1	0.23895	0.42384	1	0.23477	0.39761	1	0.48356	0.53080	8.85943	1.06647	1	0.74528	0.55686	10.95411	1.06647	1	-0.00276	-0.00849	0.68163	0.00194	1	0.06551	-0.01365	0.68689	0.00353	1	1.45898	0.81042	0	
1276013	8605.35059	3306853105889	0.26029	0.39984	8605.11719	0.23340	12052	1	0.22748	0.36433	1	0.23734	0.41737	1	0.23241	0.39085	1	0.48358	0.53073	9.09800	1.07556	1	0.74508	0.55635	11.42522	1.07556	1	-0.00288	-0.00868	0.69738	0.00194	1	0.06551	-0.01350	0.68689	0.00360	1	1.45898	0.81042	0	
1276014	8605.35742	3306853172369	0.25949	0.40243	8605.11719	0.24023	12052	1	0.22748	0.36433	0	0.23086	0.49557	1	0.23086	0.49557	1	0.48358	0.53073	9.09800	1.08464	0	0.74523	0.55703	10.76070	1.08464	1	-0.00288	-0.00868	0.69738	0.00194	1	0.06551	-0.01350	0.68689	0.00364	1	1.45898	0.81042	0	
1276015	8605.36426	3306853239338	0.25925	0.40486	8605.11719	0.24707	12052	1	0.22748	0.36433	0	0.25021	0.49493	1	0.25021	0.49493	1	0.48358	0.53073	9.09800	1.09373	0	0.74567	0.55672	10.36341	1.09373	1	-0.00288	-0.00868	0.69738	0.00194	1	0.06551	-0.01350	0.68689	0.00326	1	1.45898	0.81042	0	
1276016	8605.37109	3306853303783	0.25925	0.40486	8605.11719	0.25391	12052	1	0.22748	0.36433	0	0.25021	0.49493	0	0.25021	0.49493	0	0.48358	0.53073	9.09800	1.10281	0	0.74567	0.55672	10.36341	1.10281	0	-0.00288	-0.00868	0.69738	0.00194	1	0.06551	-0.01350	0.68689	0.00326	1	1.45898	0.81042	0	
1276017	8605.37695	3306853369350	0.25925	0.40486	8605.11719	0.25977	12052	1	0.22748	0.36433	0	0.25021	0.49493	0	0.25021	0.49493	0	0.48358	0.53073	9.09800	1.10281	0	0.74567	0.55672	10.36341	1.10281	0	-0.00288	-0.00868	0.69738	0.00194	1	0.06551	-0.01350	0.68689	0.00326	1	1.45898	0.81042	0	
1276018	8605.38477	3306853441402	0.25925	0.40486	8605.11719	0.26758	12052	1	0.22748	0.36433	0	0.25021	0.49493	0	0.25021	0.49493	0	0.48358	0.53073	9.09800	1.10281	0	0.74567	0.55672	10.36341	1.10281	0	-0.00288	-0.00868	0.69738	0.00194	1	0.06551	-0.01350	0.68689	0.00326	1	1.45898	0.81042	0	
1276019	8605.39062	3306853505166	0.24979	0.41244	8605.11719	0.26758	12052	0	0.22748	0.36433	0	0.25021	0.49493	0	0.25021	0.49493	0	0.48358	0.53073	9.09800	1.10281	0	0.74567	0.55672	10.36341	1.10281	0	-0.00288	-0.00868	0.69738	0.00194	1	0.06551	-0.01350	0.68689	0.00326	1	1.45898	0.81042	0	
1276020	8605.39746	3306853574056	0.24979	0.41244	8605.11719	0.26758	12052	0	0.22748	0.36433	0	0.25021	0.49493	0	0.25021	0.49493	0	0.48358	0.53073	9.09800	1.10281	0	0.74567	0.55672	10.36341	1.10281	0	-0.00288	-0.00868	0.69738	0.00194	1	0.06551	-0.01350	0.68689	0.00326	1	1.45898	0.81042	0	
1276021	8605.40430	3306853638893	0.24979	0.41244	8605.11719	0.26758	12052	0	0.22748	0.36433	0	0.25021	0.49493	0	0.25021	0.49493	0	0.48358	0.53073	9.09800	1.10281	0	0.74567	0.55672	10.36341	1.10281	0	-0.00288	-0.00868	0.69738	0.00194	1	0.06551	-0.01350	0.68689	0.00326	1	1.45898	0.81042	0	
1276022	8605.41113	3306853707059	0.00000	0.00000	8605.11719	0.26758	12052	0	0.22748	0.36433	0	0.25021	0.49493	0	0.25021	0.49493	0	0.48358	0.53073	9.09800	1.10281	0	0.74567	0.55672	10.36341	1.10281	0	-0.00288	-0.00868	0.69738	0.00194	1	0.06551	-0.01350	0.68689	0.00326	1	1.45898	0.81042	0	
1276023	8605.41797	3306853772546	0.00000	0.00000	8605.11719	0.26758	12052	0	0.22748	0.36433	0	0.25021	0.49493	0	0.25021	0.49493	0	0.48358	0.53073	9.09800	1.10281	0	0.74567	0.55672	10.36341	1.10281	0	-0.00288	-0.00868	0.69738	0.00194	1	0.06551	-0.01350	0.68689	0.00326	1	1.45898	0.81042	0	
1276024	8605.42480	3306853838830	0.00000	0.00000	8605.11719	0.26758	12052	0	0.22748	0.36433	0	0.25021	0.49493	0	0.25021	0.49493	0	0.48358	0.53073	9.09800	1.10281	0	0.74567	0.55672	10.36341	1.10281	0	-0.00288	-0.00868	0.69738	0.00194	1	0.06551	-0.01350	0.68689	0.00326	1	1.45898	0.81042	0	
1276025	8605.43164	3306853908158	0.00000	0.00000	8605.11719	0.26758	12052	0	0.22748	0.36433	0	0.25021	0.49493	0	0.25021	0.49493	0	0.48358	0.53073	9.09800	1.10281	0	0.74567	0.55672	10.36341	1.10281	0	-0.00288	-0.00868	0.69738	0.00194	1	0.06551	-0.01350	0.68689	0.00326	1	1.45898	0.81042	0	
1276026	8605.43848	3306853976520	0.00000	0.00000	8605.11719	0.26758	12052	0	0.22748	0.36433	0	0.25021	0.49493	0	0.25021	0.49493	0	0.48358	0.53073	9.09800	1.10281	0	0.74567	0.55672	10.36341	1.10281	0	-0.00288	-0.00868	0.69738	0.00194	1	0.06551	-0.01350	0.68689	0.00326	1	1.45898	0.81042	0	
1276027	8605.44531	3306854043441	0.00000	0.00000	8605.11719	0.26758	12052	0	0.22748	0.36433	0	0.25021	0.49493	0	0.25021	0.49493	0	0.48358	0.53073	9.09800	1.10281	0	0.74567	0.55672	10.36341	1.10281	0	-0.00288	-0.00868	0.69738	0.00194	1	0.06551	-0.01350	0.68689	0.00326	1	1.45898	0.81042	0	
1276028	8605.45117	3306854110486	0.00000	0.00000	8605.11719	0.26758	12052	0	0.22748	0.36433	0	0.25021	0.49493	0	0.25021	0.49493	0	0.48358	0.53073	9.09800	1.10281	0	0.74567	0.55672	10.36341	1.10281	0	-0.00288	-0.00868	0.69738	0.00194	1	0.06551	-0.01350	0.68689	0.00326	1	1.45898	0.81042	0	
1276029	8605.45801	3306854177433	0.00000	0.00000	8605.11719	0.26758	12052	0	0.22748	0.36433	0	0.25021	0.49493	0	0.25021	0.49493	0	0.48358	0.53073	9.09800	1.10281	0	0.74567	0.55672	10.36341	1.10281	0	-0.00288	-0.00868	0.69738	0.00194	1	0.06551	-0.01350	0.68689	0.00326	1	1.45898	0.81042	0	
1276030	8605.46484	3306854244160	0.00000	0.00000	8605.11719	0.26758	12052	0	0.22748	0.36433	0	0.25021	0.49493	0	0.25021	0.49493	0	0.48358	0.53073	9.09800	1.10281	0	0.74567	0.55672	10.36341	1.10281	0	-0.00288	-0.00868	0.69738	0.00194	1	0.06551	-0.01350	0.68689	0.00326	1	1.45898	0.81042	0	
1276031	8605.47168	3306854311395	0.00000	0.00000	8605.11719	0.26758	12052	0	0.22748	0.36433	0	0.25021	0.49493	0	0.25021	0.49493	0	0.48358	0.53073	9.09800	1.10281	0	0.74567	0.55672	10.36341	1.10281	0	-0.00288	-0.00868	0.69738	0.00194	1	0.06551	-0.01350	0.68689	0.00326	1	1.45898	0.81042	0	
1276032	8605.47852	3306854378399	0.00000	0.00000	8605.11719	0.26758	12052	0	0.22748	0.36433	0	0.25021	0.49493	0	0.25021	0.49493	0	0.48358	0.53073	9.09800	1.10281	0	0.74567	0.55672	10.36341	1.10281	0	-0.00288	-0.00868	0.69738	0.00194	1	0.06551	-0.01350	0.68689	0.00326	1	1.45898	0.81042	0	
1276033	8605.48535	3306854446332	0.00000	0.00000	8605.11719	0.26758	12052	0	0.22748	0.36433	0	0.25021	0.49493	0	0.25021	0.49493	0	0.48358	0.53073	9.09800	1.10281	0	0.74567	0.55672	10.36341	1.10281	0	-0.00288	-0.00868	0.69738	0.00194	1	0.06551	-0.01350	0.68689	0.00326	1	1.45898	0.81042	0	
1276034	8605.49219	3306854512666	0.00000	0.00000	8605.11719	0.26758	12052	0	0.22748	0.36433	0	0.25021	0.49493	0	0.25021	0.49493	0	0.48358	0.53073	9.09800	1.10281	0	0.74567	0.55672	10.36341	1.10281	0	-0.00288	-0.00868	0.69738	0.00194	1	0.06551	-0.01350	0.68689	0.00326	1	1.45898	0.81042	0	
1276035	8605.49805	3306854579378	0.00000	0.00000	8605.11719	0.26758	12052	0	0.22748	0.36433	0	0.25021	0.49493	0	0.25021	0.49493	0	0.48358	0.53073	9.09800	1.10281	0	0.74567	0.55672	10.36341	1.10281	0	-0.00288	-0.00868	0.69738	0.00194	1	0.06551	-0.01350	0.68689	0.00326	1	1.45898	0.81042	0	
1276036	8605.50488	3306854644536	0.00000	0.00000	8605.11719	0.26758	12052	0	0.22748	0.36433	0	0.25021	0.49493	0	0.25021	0.49493	0	0.48358	0.53073	9.09800	1.10281	0	0.74567	0.55672	10.36341	1.10281	0	-0.00288	-0.00868	0.69738	0.00194	1	0.06551	-0.01350	0.68689	0.00326	1	1.45898	0.81042	0	
1276037	8605.51172	3306854713346	0.00000	0.00000	8605.11719	0.26758	12052	0	0.22748	0.36433	0	0.25021	0.49493	0	0.25021	0.49493	0	0.48358	0.53073	9.09800	1.10281	0	0.74567	0.55672	10.36341	1.10281	0	-0.00288	-0.00868	0.69738	0.00194	1	0.06551	-0.01350	0.68689	0.00326	1	1.45898	0.81042	0	
1276038	8605.51855	3306854780307	0.00000	0.00000	8605.11719	0.26758	12052	0	0.22748	0.36433	0	0.25021	0.49493	0	0.25021	0.49493	0	0.48358	0.53073	9.09800	1.10281	0	0.74567	0.55672	10.36341	1.10281	0	-0.00288	-0.00868	0.69738	0.00194	1	0.06551	-0.01350	0.68689	0.00326	1	1.45898	0.81042	0	
1276039	8605.52539	3306854847482	0.00000	0.00000	8605.11719	0.26758	12052	0	0.22748	0.36433	0	0.25021	0.49493	0	0.25021	0.49493	0	0.48358	0.53073	9.09800	1.10281	0	0.74567	0.55672	10.36341	1.10281	0	-0.00288	-0.00868	0.69738	0.00194	1	0.06551	-0.01350	0.68689	0.00326	1	1.45898	0.81042	0	
1276040	8605.53223	3306854914670	0.00000	0.00000	8605.11719	0.26758	12052	0	0.22748	0.36433	0	0.25021	0.49493	0	0.25021	0.49493	0	0.48358	0.53073	9.09800	1.10281	0	0.74567	0.55672	10.36341	1.10281	0	-0.00288	-0.00868	0.69738	0.00194	1	0.06551	-0.01350	0.68689	0.00326	1	1.45898	0.81042	0	
1276041	8605.53906	3306854981709	0.00000	0.00000	8605.11719	0.26758	12052	0	0.22748	0.36433	0	0.25021	0.49493	0	0.25021	0.49493	0	0.48358	0.53073	9.09800	1.10281	0	0.74567	0.55672	10.36341	1.10281	0	-0.00288	-0.00868	0.69738	0.00194	1	0.06551	-0.01350	0.68689	0.00326	1	1.45898	0.81042	0	
1276042	8605.54492	3306855048483	0.00000	0.00000	8605.11719	0.26758	12052	0	0.22748	0.36433	0	0.25021	0.49493	0	0.25021	0.49493	0	0.48358	0.53073	9.09800	1.10281	0	0.74567	0.55672	10.36341	1.10281	0	-0.00288	-0.00868	0.69738	0.00194	1	0.06551	-0.01350	0.68689	0.00326	1	1.45898	0.81042	0	
1276043	8605.55176	3306855114366	0.00000	0.00000	8605.11719	0.26758	12052	0	0.22748	0.36433	0	0.25021	0.49493	0	0.25021	0.49493	0	0.48358	0.53073	9.09800	1.10281	0	0.74567	0.55672	10.36341	1.10281	0	-0.00288	-0.00868	0.69738	0.00194	1	0.06551	-0.01350	0.68689	0.00326	1	1.45898	0.81042	0	
1276044	8605.55859	3306855182450	0.31811	0.24026	8605.11719	0.26758	12052	0	0.65069	0.51643	1	0.62174	0.44461	1	0.63621	0.48052	1	0.49567	0.53112	9.85769	1.10281	1	0.75767	0.55536	10.67945	1.10281	1	-0.00288	-0.00868	0.69738	0.00351	1	0.06551	-0.01350	0.68689	0.00350	1	1.45898	0.81042	0	
1276045	8605.56543	3306855249054	0.42483	0.31276	8605.11719	0.26758	12052	0	0.65225	0.42795	1	0.62428	0.48760	1	0.63827	0.45777	1	0.49567	0.53080	10.64457	1.10281	1	0.75766	0.55543	10.65958	1.10281	1	-0.00288	-0.00868	0.69738	0.00327	1	0.06551	-0.01350	0.68689	0.00328	1	1.45898	0.81042	0	
1276046	8605.57227	3306855313804	0.63733	0.46737	8605.11719	0.26758	12052	0	0.65224	0.43409	1	0.62276	0.49357	1	0.63750	0.46383	1	0.49617	0.53073	10.04342	1.09373	1	0.75763	0.55546	11.03920	1.09373	1	-0.00120	-0.00787	0.66434	0.00328	1	0.06515	-0.01287	0.66532	0.00337	1	1.45898	0.81042	0	
1276047	8605.57910	3306855383098	0.62965	0.45740	8605.11719	0.26758	12052	0	0.65000	0.40916	1	0.59394	0.48570	1	0.62197	0.44743	1	0.49606	0.53057	9.59117	1.08464	1	0.75768	0.55582	11.07922	1.08464	1	-0.00120	-0.00787	0.66434	0.00321	1	0.06515	-0.01287	0.66532	0.00352	1	1.45898	0.81042	0	
1276048	8605.58496	3306855445180	0.61937	0.46759	8605.11719	0.26758	12052	0	0.64050	0.42965	1	0.55714	0.54630	1	0.59882	0.48797	1	0.49597	0.53048	9.98838	1.07556	1	0.75714	0.55580	12.31327	1.07556	1	-0.00120	-0.00787	0.66434	0.00319	1	0.06515	-0.01287	0.66532	0.00329	1	1.45898	0.81042	0	
1276049	8605.59180	3306855517243	0.61424	0.47269	8605.57227	0.01953	12053	1	0.64050	0.42965	1	0.55714	0.54630	1	0.59882	0.48797	1	0.49575	0.53062	9.86797	1.07556	1	0.75779	0.55577	10.69054	1.07556	1	-0.00146	-0.01006	0.84907	0.00314	1	0.06612	-0.01301	0.67518	0.00354	1	1.45898	0.81042	0	
1276050	8605.59863	3306855584503	0.61578	0.46940	8605.57227	0.02637	12053	1	0.66220	0.43699	1	0.58174	0.47553	1	0.62197	0.45626	1	0.49627	0.53086	10.01758	1.08464	1	0.75752	0.55576	10.56700	1.08464	1	-0.00146	-0.01006	0.84907	0.00323	1	0.06612	-0.01301	0.67518	0.00362	1	1.45898	0.81042	0	
1276051	8605.60547	3306855651089	0.61174	0.46714	8605.57227	0.03320	12053	1	0.60725	0.42501	1	0.57575	0.48666	1	0.59150	0.45583	1	0.49587	0.53087	10.08769	1.09373	1	0.75739	0.55577	10.49127	1.09373	1	-0.00146	-0.01006	0.84907	0.00311	1	0.06612	-0.01301	0.67518	0.00366	1	1.45898	0.81042	0	
1276052	8605.61230	3306855718146	0.60878	0.46589	8605.57227	0.04004	12053	1	0.60725	0.42501	1	0.57479	0.49171	1	0.59102	0.45836	1	0.49613	0.53068	10.51878	1.09373	1	0.75783	0.55556	11.28630	1.08607	1	-0.00113	-0.00812	0.68554	0.00316	1	0.06324	-0.01244	0.64535	0.00356	1	1.45898	0.81042	0	
1276053	8605.61914	3306855785010	0.60713	0.46499	8605.57227	0.04688	12053	1	0.62187	0.41511	1	0.56937	0.50237	1	0.59562	0.45874	1	0.49612	0.53040	10.39199	1.07698	1	0.75771	0.55571	10.84269	1.06932	1	-0.00113	-0.00812	0.68554	0.00324	1	0.06324	-0.01244	0.64535	0.00340	1	1.45898	0.81042	0	
1276054	8605.62500	3306855849637	0.60764	0.46420	8605.57227	0.05273	12053	1	0.63584	0.44540	1	0.58750	0.47028	1	0.61167	0.45784	1	0.49630	0.53088	10.34321	1.06024	1	0.75798	0.55545	11.34515	1.05258	1	-0.00113	-0.00812	0.68554	0.00304	1	0.06324	-0.01244	0.64535	0.00349	1	1.45898	0.81042	0	
1276055	8605.63281	3306855919447	0.60799	0.46446	8605.57227	0.06055	12053	1	0.63605	0.45691	1	0.58622	0.47666	1	0.61114	0.46679	1	0.49681	0.53070	10.52729	1.04349	1	0.75843	0.55552	10.31999	1.04349	1	-0.00102	-0.00803	0.67737	0.00327	1	0.06604	-0.01306	0.67233	0.00370	1	1.45898	0.81042	0	
1276056	8605.63867	3306855986154	0.60811	0.46649	8605.57227	0.06641	12053	1	0.63966	0.47453	1	0.57908	0.49912	1	0.60937	0.48682	1	0.49712	0.53091	10.18982	1.04349	1	0.75863	0.55578	12.29534	1.05115	1	-0.00102	-0.00803	0.67737	0.00343	1	0.06604	-0.01306	0.67233	0.00359	1	1.45898	0.81042	0	
1276057	8605.64551	3306856052587	0.60660	0.46894	8605.57227	0.07324	12053	1	0.59426	0.50778	1	0.58576	0.48410	1	0.59001	0.49594	1	0.49707	0.53119	10.20935	1.05115	1	0.75880	0.55561	11.90284	1.05881	1	-0.00102	-0.00803	0.67737	0.00332	1	0.06604	-0.01306	0.67233	0.00353	1	1.45898	0.81042	0	
1276058	8605.65234	3306856120150	0.60531	0.47083	8605.57227	0.08008	12053	1	0.59390	0.50291	1	0.58576	0.48410	1	0.58983	0.49350	1	0.49915	0.53152	10.56504	1.05881	1	0.76016	0.55643	11.34614	1.05881	1	-0.00061	-0.00800	0.67544	0.00363	1	0.06436	-0.01273	0.65271	0.00347	1	1.45898	0.81042	0	
1276059	8605.65918	3306856186998	0.60960	0.47649	8605.57227	0.08691	12053	1	0.68520	0.48736	1	0.64551	0.61278	1	0.66536	0.55007	1	0.49924	0.53129	10.63353	1.05881	1	0.76022	0.55689	11.76172	1.05115	1	-0.00061	-0.00800	0.67544	0.00341	1	0.06436	-0.01273	0.65271	0.00362	1	1.45898	0.81042	0	
1276060	8605.66602	3306856253316	0.61283	0.48181	8605.57227	0.09375	12053	1	0.68269	0.46825	1	0.63331	0.64431	1	0.65800	0.55628	1	0.49931	0.53080	10.07825	1.05115	1	0.76046	0.55721	12.43063	1.04349	1	-0.00061	-0.00800	0.67544	0.00349	1	0.06436	-0.01273	0.65271	0.00371	1	1.45898	0.81042	0	
1276061	8605.67383	3306856329067	0.61564	0.48663	8605.57227	0.10156	12053	1	0.68248	0.47338	1	0.63331	0.64431	1	0.65789	0.55884	1	0.49987	0.53089	10.60778	1.04349	1	0.76090	0.55724	11.55334	1.04349	1	-0.00051	-0.00802	0.67674	0.00381	1	0.06784	-0.01333	0.68641	0.00382	1	1.45898	0.81042	0	
1276062	8605.67969	3306856388420	0.61946	0.49041	8605.57227	0.10742	12053	1	0.72029	0.50878	1	0.64067	0.59309	1	0.68048	0.55093	1	0.49986	0.53116	10.69883	1.04349	1	0.76089	0.55675	11.72153	1.05115	1	-0.00051	-0.00802	0.67674	0.00370	1	0.06784	-0.01333	0.68641	0.00363	1	1.45898	0.81042	0	
1276063	8605.68555	3306856454440	0.62238	0.49313	8605.57227	0.11328	12053	1	0.72109	0.48388	1	0.62317	0.59490	1	0.67213	0.53939	1	0.49990	0.53105	10.71206	1.05115	1	0.76052	0.55666	11.47359	1.05881	1	-0.00051	-0.00802	0.67674	0.00372	1	0.06784	-0.01333	0.68641	0.00373	1	1.45898	0.81042	0	
1276064	8605.69238	3306856521985	0.62505	0.49532	8605.57227	0.12012	12053	1	0.72155	0.47888	1	0.62450	0.59045	1	0.67302	0.53466	1	0.50003	0.53140	10.75816	1.05881	1	0.76130	0.55675	11.76689	1.06647	1	-0.00040	-0.00799	0.67452	0.00365	1	0.06736	-0.01327	0.68061	0.00370	1	1.45898	0.81042	0	
1276065	8605.69922	3306856588788	0.64044	0.51837	8605.57227	0.12012	12053	0	0.68888	0.43782	1	0.64383	0.62102	1	0.66636	0.52942	1	0.50023	0.53073	10.86711	1.06647	1	0.76088	0.55692	11.53691	1.06647	1	-0.00040	-0.00799	0.67452	0.00363	1	0.06736	-0.01327	0.68061	0.00353	1	1.45898	0.81042	0	
1276066	8605.70605	3306856654577	0.65759	0.50644	8605.57227	0.12012	12053	0	0.70083	0.44806	1	0.64868	0.54094	1	0.67475	0.49450	1	0.50036	0.53086	11.14789	1.06647	1	0.76139	0.55674	11.85670	1.06647	1	-0.00040	-0.00799	0.67452	0.00357	1	0.06736	-0.01327	0.68061	0.00376	1	1.45898	0.81042	0	
1276067	8605.71289	3306856723249	0.66306	0.50326	8605.57227	0.12012	12053	0	0.70083	0.44806	1	0.64718	0.54577	1	0.67400	0.49692	1	0.50057	0.53086	10.69847	1.06647	1	0.76172	0.55702	11.37516	1.05881	1	-0.00030	-0.00800	0.67493	0.00373	1	0.06526	-0.01288	0.65784	0.00378	1	1.45898	0.81042	0	
1276068	8605.71973	3306856789987	0.66608	0.51293	8605.69922	0.02051	12054	1	0.71105	0.51160	1	0.63921	0.57229	1	0.67513	0.54194	1	0.50046	0.53148	11.33642	1.05881	1	0.76163	0.55687	11.84699	1.05115	1	-0.00030	-0.00800	0.67493	0.00344	1	0.06526	-0.01288	0.65784	0.00366	1	1.45898	0.81042	0	
1276069	8605.72559	3306856854447	0.66931	0.51659	8605.69922	0.02637	12054	1	0.71107	0.47158	1	0.65338	0.59079	1	0.68222	0.53119	1	0.50053	0.53081	10.67465	1.05115	1	0.76189	0.55709	11.22219	1.04349	1	-0.00030	-0.00800	0.67493	0.00378	1	0.06526	-0.01288	0.65784	0.00364	1	1.45898	0.81042	0	
1276070	8605.73242	3306856924218	0.67143	0.51944	8605.69922	0.03320	12054	1	0.71067	0.47668	1	0.65338	0.59079	1	0.68202	0.53373	1	0.50083	0.53122	10.71587	1.04349	1	0.76200	0.55720	12.28589	1.04349	1	-0.00030	-0.00800	0.67493	0.00373	1	0.06646	-0.01322	0.67043	0.00355	1	1.45898	0.81042	0	
1276071	8605.73926	3306856990856	0.67517	0.52357	8605.69922	0.04004	12054	1	0.70125	0.51464	1	0.69404	0.58197	1	0.69764	0.54830	1	0.50081	0.53141	11.02266	1.04349	1	0.76248	0.55684	12.19731	1.05115	1	-0.00030	-0.00800	0.67493	0.00331	1	0.06646	-0.01322	0.67043	0.00364	1	1.45898	0.81042	0	
1276072	8605.74609	3306857057877	0.67700	0.52330	8605.69922	0.04688	12054	1	0.70344	0.50412	1	0.67607	0.53875	1	0.68976	0.52143	1	0.50076	0.53139	10.69759	1.05115	1	0.76258	0.55652	11.77991	1.05881	1	-0.00030	-0.00800	0.67493	0.00335	1	0.06646	-0.01322	0.67043	0.00384	1	1.45898	0.81042	0	
1276073	8605.75293	3306857124687	0.67841	0.52312	8605.69922	0.05371	12054	1	0.70343	0.50435	1	0.67599	0.53898	1	0.68971	0.52166	1	0.50096	0.53152	11.44857	1.05079	1	0.76264	0.55723	11.83159	1.05845	1	-0.00015	-0.00778	0.65695	0.00342	1	0.06672	-0.01324	0.67107	0.00376	1	1.45898	0.81042	0	
1276074	8605.75977	3306857191705	0.67959	0.52639	8605.69922	0.06055	12054	1	0.70850	0.52168	1	0.67197	0.58995	1	0.69023	0.55581	1	0.50119	0.53141	11.19254	1.05044	1	0.76259	0.55707	11.75250	1.05044	1	-0.00015	-0.00778	0.65695	0.00343	1	0.06672	-0.01324	0.67107	0.00374	1	1.45898	0.81042	0	
1276075	8605.76660	3306857258338	0.68009	0.52994	8605.69922	0.06738	12054	1	0.70003	0.52117	1	0.67018	0.60983	1	0.68510	0.56550	1	0.50100	0.53146	11.23566	1.04242	1	0.76264	0.55726	11.77989	1.04242	1	-0.00015	-0.00778	0.65695	0.00361	1	0.06672	-0.01324	0.67107	0.00380	1	1.45898	0.81042	0	
1276076	8605.77246	3306857322547	0.68051	0.53291	8605.69922	0.07324	12054	1	0.70003	0.52117	1	0.67018	0.60983	1	0.68510	0.56550	1	0.50147	0.53075	10.77593	1.04242	1	0.76266	0.55750	11.96301	1.04242	1	-0.00010	-0.00807	0.68119	0.00394	1	0.06672	-0.01324	0.67107	0.00363	1	1.45898	0.81042	0	
1276077	8605.77930	3306857391536	0.68000	0.53625	8605.69922	0.08008	12054	1	0.71673	0.52967	1	0.63099	0.62295	1	0.67386	0.57631	1	0.50141	0.53155	10.80226	1.05044	1	0.76247	0.55738	11.62135	1.05044	1	-0.00010	-0.00807	0.68119	0.00340	1	0.06672	-0.01324	0.67107	0.00381	1	1.45898	0.81042	0	
1276078	8605.78613	3306857458527	0.68002	0.53819	8605.69922	0.08691	12054	1	0.72484	0.53894	1	0.63571	0.58806	1	0.68027	0.56350	1	0.50139	0.53125	10.99710	1.05845	1	0.76237	0.55764	11.45503	1.05845	1	-0.00010	-0.00807	0.68119	0.00339	1	0.06672	-0.01324	0.67107	0.00371	1	1.45898	0.81042	0	
1276079	8605.79297	3306857524421	0.68010	0.53956	8605.69922	0.09375	12054	1	0.72536	0.53415	1	0.63719	0.58333	1	0.68127	0.55874	1	0.50157	0.53115	10.54657	1.06647	1	0.76249	0.55750	11.39440	1.06647	1	-0.00010	-0.00807	0.68119	0.00365	1	0.06727	-0.01338	0.67559	0.00353	1	1.45898	0.81042	0	
1276080	8605.79980	3306857590854	0.68045	0.53816	8605.69922	0.10059	12054	1	0.72263	0.49443	1	0.64865	0.53972	1	0.68564	0.51708	1	0.50150	0.53080	10.55098	1.06647	1	0.76288	0.55712	11.28774	1.06647	1	-0.00010	-0.00807	0.68119	0.00370	1	0.06727	-0.01338	0.67559	0.00349	1	1.45898	0.81042	0	
1276081	8605.80664	3306857660093	0.68100	0.53962	8605.69922	0.10742	12054	1	0.73172	0.55019	1	0.64792	0.57576	1	0.68982	0.56298	1	0.50154	0.53146	10.67985	1.06647	1	0.76257	0.55757	11.76259	1.06647	1	-0.00010	-0.00807	0.68119	0.00352	1	0.06727	-0.01338	0.67559	0.00353	1	1.45898	0.81042	0	
1276082	8605.81348	3306857727317	0.68149	0.54091	8605.69922	0.11426	12054	1	0.73172	0.55019	1	0.64792	0.57576	1	0.68982	0.56298	1	0.50153	0.53064	10.50356	1.06647	1	0.76289	0.55743	11.68719	1.06647	1	-0.00010	-0.00807	0.68119	0.00382	1	0.06727	-0.01333	0.67559	0.00336	1	1.45898	0.81042	0	
1276083	8605.81934	3306857793066	0.68159	0.54219	8605.69922	0.12012	12054	1	0.73504	0.52007	1	0.63166	0.61006	1	0.68335	0.56507	1	0.50160	0.53161	11.27520	1.06647	1	0.76234	0.55746	11.53011	1.06647	1	-0.00010	-0.00807	0.68119	0.00341	1	0.06727	-0.01333	0.67559	0.00346	1	1.45898	0.81042	0	
1276084	8605.82617	3306857859147	0.68183	0.54032	8605.69922	0.12695	12054	1	0.72700	0.42211	1	0.64592	0.58746	1	0.68646	0.50478	1	0.50161	0.53096	10.66786	1.06647	1	0.76241	0.55768	11.17328	1.06647	1	-0.00010	-0.00807	0.68119	0.00368	1	0.06727	-0.01333	0.67559	0.00366	1	1.45898	0.81042	0	
1276085	8605.83301	3306857929441	0.68205	0.53862	8605.69922	0.13379	12054	1	0.72700	0.42211	1	0.64592	0.58746	1	0.68646	0.50478	1	0.50008	0.53242	10.00277	1.06647	1	0.76067	0.55844	12.03941	1.06647	1	-0.00020	-0.00822	0.67657	0.00312	1	0.06646	-0.01332	0.67043	0.00345	1	1.45898	0.81042	0	
1276086	8605.83984	3306857995424	0.68158	0.53763	8605.69922	0.14062	12054	1	0.68523	0.48796	1	0.65825	0.54542	1	0.67174	0.51669	1	0.50012	0.53264	9.84157	1.06647	1	0.76118	0.55817	11.15278	1.06647	1	-0.00020	-0.00822	0.67657	0.00349	1	0.06646	-0.01332	0.67043	0.00343	1	1.45898	0.81042	0	
1276087	8605.84668	3306858062447	0.68475	0.53183	8605.69922	0.14746	12054	1	0.74101	0.53551	1	0.76765	0.27323	1	0.75433	0.40437	1	0.50021	0.53312	10.76954	1.06647	1	0.76236	0.55584	9.88306	1.06647	1	-0.00020	-0.00822	0.67657	0.00337	1	0.06646	-0.01332	0.67043	0.00244	1	1.45898	0.81042	0	
1276088	8605.85352	3306858129150	0.68758	0.52677	8605.69922	0.15430	12054	1	0.74038	0.54028	1	0.76524	0.28041	1	0.75281	0.41035	1	0.49741	0.53401	10.66139	1.05845	1	0.75804	0.55957	11.85113	1.05845	1	-0.00065	-0.00836	0.66736	0.00294	1	0.06448	-0.01317	0.65546	0.00285	1	1.45898	0.81042	0	
1276089	8605.86035	3306858194919	0.68411	0.53052	8605.69922	0.16113	12054	1	0.62620	0.62673	1	0.57552	0.61405	1	0.60086	0.62039	1	0.49743	0.53465	10.74715	1.05044	1	0.75820	0.55979	11.45996	1.05044	1	-0.00065	-0.00836	0.66736	0.00301	1	0.06448	-0.01317	0.65546	0.00303	1	1.45898	0.81042	0	
1276090	8605.86719	3306858263775	0.68050	0.53465	8605.69922	0.16797	12054	1	0.61222	0.62273	1	0.56833	0.65346	1	0.59028	0.63810	1	0.49725	0.53490	10.57697	1.04242	1	0.75813	0.56016	11.53606	1.04242	1	-0.00065	-0.00836	0.66736	0.00297	1	0.06448	-0.01317	0.65546	0.00295	1	1.45898	0.81042	0	
1276091	8605.87402	3306858331484	0.67716	0.53848	8605.69922	0.17480	12054	1	0.61222	0.62273	1	0.56833	0.65346	1	0.59028	0.63810	1	0.49659	0.53505	9.65557	1.04242	1	0.75710	0.56046	12.24084	1.04242	1	-0.00071	-0.00853	0.67670	0.00297	1	0.06448	-0.01322	0.65546	0.00296	1	1.45898	0.81042	0	
1276092	8605.87988	3306858397606	0.67203	0.54180	8605.69922	0.18066	12054	1	0.56982	0.61481	1	0.49705	0.64785	1	0.53343	0.63133	1	0.49656	0.53481	9.60845	1.05044	1	0.75707	0.56028	11.22517	1.05044	1	-0.00071	-0.00853	0.67670	0.00290	1	0.06448	-0.01322	0.65546	0.00319	1	1.45898	0.81042	0	
1276093	8605.88672	3306858464625	0.66728	0.54608	8605.69922	0.18750	12054	1	0.58866	0.63012	1	0.47981	0.70147	1	0.53423	0.66580	1	0.49676	0.53488	9.49753	1.05845	1	0.75676	0.56049	11.97158	1.05845	1	-0.00071	-0.00853	0.67670	0.00280	1	0.06448	-0.01322	0.65546	0.00313	1	1.45898	0.81042	0	
1276094	8605.89355	3306858531386	0.63487	0.56347	8605.69922	0.18750	12054	0	0.58825	0.62598	1	0.48014	0.69768	1	0.53419	0.66183	1	0.49704	0.53504	9.94007	1.06647	1	0.75718	0.56031	11.38667	1.06647	1	-0.00071	-0.00853	0.67670	0.00275	1	0.06448	-0.01327	0.65546	0.00300	1	1.45898	0.81042	0	
1276095	8605.90039	3306858598287	0.59267	0.61519	8605.69922	0.18750	12054	0	0.59036	0.63345	1	0.51058	0.70038	1	0.55047	0.66692	1	0.49680	0.53480	9.22507	1.06647	1	0.75723	0.56032	10.96202	1.06647	1	-0.00071	-0.00853	0.67670	0.00282	1	0.06448	-0.01327	0.65546	0.00326	1	1.45898	0.81042	0	
1276096	8605.90723	3306858665565	0.57730	0.62854	8605.69922	0.18750	12054	0	0.58751	0.61386	1	0.50563	0.69660	1	0.54657	0.65523	1	0.49679	0.53464	9.15062	1.06647	1	0.75720	0.56049	11.10028	1.06647	1	-0.00071	-0.00853	0.67670	0.00292	1	0.06448	-0.01327	0.65546	0.00310	1	1.45898	0.81042	0	
1276097	8605.91406	3306858731499	0.54779	0.65973	8605.69922	0.18750	12054	0	0.58751	0.61386	1	0.50513	0.70024	1	0.54632	0.65705	1	0.49682	0.53453	9.15139	1.06647	1	0.75714	0.56084	12.10693	1.05881	1	-0.00082	-0.00862	0.68443	0.00274	1	0.06481	-0.01330	0.65928	0.00304	1	1.45898	0.81042	0	
1276098	8605.92090	3306858799299	0.54906	0.67306	8605.69922	0.18750	12054	0	0.58724	0.65887	1	0.51344	0.71391	1	0.55034	0.68639	1	0.49681	0.53448	9.21934	1.05881	1	0.75738	0.56061	10.89425	1.05115	1	-0.00082	-0.00862	0.68443	0.00281	1	0.06481	-0.01330	0.65928	0.00320	1	1.45898	0.81042	0	
1276099	8605.92676	3306858865888	0.54849	0.68587	8605.69922	0.18750	12054	0	0.58637	0.62462	1	0.50829	0.79835	1	0.54733	0.71148	1	0.49680	0.53459	9.27933	1.05115	1	0.75716	0.56079	11.45594	1.04349	1	-0.00082	-0.00862	0.68443	0.00273	1	0.06481	-0.01330	0.65928	0.00317	1	1.45898	0.81042	0	
1276100	8605.93359	3306858933795	0.54818	0.69315	8605.91406	0.01953	12055	1	0.58678	0.62865	1	0.50777	0.80131	1	0.54727	0.71498	1	0.49680	0.53459	9.27933	1.04349	1	0.75710	0.56072	11.62039	1.03583	1	-0.00082	-0.00857	0.68443	0.00273	1	0.06496	-0.01338	0.66081	0.00299	1	1.45898	0.81042	0	
1276101	8605.94043	3306859000292	0.54734	0.69562	8605.91406	0.02637	12055	1	0.58720	0.63267	1	0.50074	0.77838	1	0.54397	0.70552	1	0.49680	0.53459	9.27933	1.03583	1	0.75712	0.56069	11.49744	1.03583	1	-0.00082	-0.00857	0.68443	0.00273	1	0.06496	-0.01338	0.66081	0.00307	1	1.45898	0.81042	0	
1276102	8605.94727	3306859067613	0.54760	0.70075	8605.91406	0.03320	12055	1	0.58846	0.67011	1	0.50930	0.78266	1	0.54888	0.72638	1	0.49681	0.53448	9.21934	1.03583	1	0.75724	0.56074	11.82949	1.03583	1	-0.00082	-0.00857	0.68443	0.00281	1	0.06496	-0.01338	0.66081	0.00304	1	1.45898	0.81042	0	
1276103	8605.95410	3306859134132	0.54778	0.70441	8605.91406	0.04004	12055	1	0.58846	0.67011	1	0.50930	0.78266	1	0.54888	0.72638	1	0.49686	0.53477	9.91073	1.03583	1	0.75745	0.56060	11.64854	1.03583	1	-0.00082	-0.00857	0.68443	0.00268	1	0.06528	-0.01333	0.66306	0.00298	1	1.45898	0.81042	0	
1276104	8605.96094	3306859201149	0.54979	0.70697	8605.91406	0.04688	12055	1	0.58787	0.67619	1	0.53986	0.77363	1	0.56387	0.72491	1	0.49678	0.53476	9.66837	1.03583	1	0.75776	0.56055	11.32681	1.03583	1	-0.00082	-0.00857	0.68443	0.00270	1	0.06528	-0.01333	0.66306	0.00301	1	1.45898	0.81042	0	
1276105	8605.96777	3306859268416	0.55076	0.70782	8605.91406	0.05371	12055	1	0.58102	0.65190	1	0.53602	0.77725	1	0.55852	0.71457	1	0.49666	0.53471	9.36106	1.03583	1	0.75775	0.56042	11.02830	1.03583	1	-0.00082	-0.00857	0.68443	0.00275	1	0.06528	-0.01333	0.66306	0.00303	1	1.45898	0.81042	0	
1276106	8605.97363	3306859334947	0.55152	0.70886	8605.91406	0.05957	12055	1	0.58149	0.65596	1	0.53525	0.78055	1	0.55837	0.71826	1	0.49687	0.53468	9.83572	1.02782	1	0.75776	0.56055	11.32681	1.02782	1	-0.00078	-0.00867	0.69199	0.00274	1	0.06528	-0.01343	0.66306	0.00301	1	1.45898	0.81042	0	
1276107	8605.98047	3306859402132	0.55140	0.70877	8605.91406	0.06641	12055	1	0.59016	0.70097	1	0.51019	0.71466	1	0.55017	0.70781	1	0.49685	0.53475	9.67772	1.01980	1	0.75771	0.56042	10.92601	1.01980	1	-0.00078	-0.00867	0.69199	0.00269	1	0.06528	-0.01343	0.66306	0.00306	1	1.45898	0.81042	0	
1276108	8605.98730	3306859469179	0.55159	0.70954	8605.91406	0.07324	12055	1	0.59532	0.69577	1	0.51213	0.74020	1	0.55373	0.71799	1	0.49698	0.53478	10.08188	1.01178	1	0.75770	0.56043	10.84913	1.01178	1	-0.00078	-0.00867	0.69199	0.00264	1	0.06528	-0.01343	0.66306	0.00304	1	1.45898	0.81042	0	
1276109	8605.99414	3306859535359	0.55176	0.71019	8605.91406	0.08008	12055	1	0.59532	0.69577	1	0.51213	0.74020	1	0.55373	0.71799	1	0.49690	0.53478	10.05363	1.01178	1	0.75781	0.56021	10.82494	1.01178	1	-0.00082	-0.00852	0.68443	0.00267	1	0.06528	-0.01343	0.66306	0.00307	1	1.45898	0.81042	0	
1276110	8606.00098	3306859601664	0.55228	0.70973	8605.91406	0.08691	12055	1	0.59913	0.70089	1	0.51913	0.70687	1	0.55913	0.70388	1	0.49706	0.53461	9.60268	1.01980	1	0.75783	0.55988	10.77705	1.01980	1	-0.00082	-0.00852	0.68443	0.00268	1	0.06528	-0.01343	0.66306	0.00288	1	1.45898	0.81042	0	
1276111	8606.00781	3306859669649	0.55299	0.70775	8605.91406	0.09375	12055	1	0.59898	0.69428	1	0.52674	0.66564	1	0.56286	0.67996	1	0.49708	0.53461	9.49721	1.02782	1	0.75785	0.55989	10.77639	1.02782	1	-0.00082	-0.00852	0.68443	0.00269	1	0.06528	-0.01343	0.66306	0.00281	1	1.45898	0.81042	0	
1276112	8606.01465	3306859736955	0.55362	0.70576	8605.91406	0.10059	12055	1	0.59863	0.69052	1	0.52744	0.66144	1	0.56303	0.67598	1	0.49711	0.53456	9.62161	1.03583	1	0.75773	0.55960	10.85882	1.03583	1	-0.00082	-0.00852	0.68443	0.00279	1	0.06528	-0.01343	0.66306	0.00292	1	1.45898	0.81042	0	
1276113	8606.02051	3306859803906	0.55394	0.70357	8605.91406	0.10645	12055	1	0.59984	0.68013	1	0.51825	0.65669	1	0.55904	0.66841	1	0.49704	0.53446	9.58456	1.03583	1	0.75776	0.55972	10.44987	1.03583	1	-0.00082	-0.00852	0.68443	0.00271	1	0.06528	-0.01343	0.66306	0.00300	1	1.45898	0.81042	0	
1276114	8606.02734	3306859870949	0.55473	0.70215	8605.91406	0.11328	12055	1	0.62338	0.68761	1	0.51317	0.66839	1	0.56827	0.67800	1	0.49704	0.53446	9.58456	1.03583	1	0.75778	0.55984	10.69807	1.03583	1	-0.00082	-0.00852	0.68443	0.00271	1	0.06528	-0.01343	0.66306	0.00296	1	1.45898	0.81042	0	
1276115	8606.03418	3306859938198	0.55546	0.70077	8605.91406	0.12012	12055	1	0.62338	0.68761	1	0.51373	0.66443	1	0.56855	0.67602	1	0.49670	0.53380	8.65710	1.03583	1	0.75774	0.55977	10.60417	1.04349	1	-0.00082	-0.00847	0.68444	0.00276	1	0.06649	-0.01359	0.67587	0.00277	1	1.45898	0.81042	0	
1276116	8606.04102	3306860005055	0.55563	0.69616	8605.91406	0.12695	12055	1	0.61169	0.57726	1	0.50588	0.63978	1	0.55879	0.60852	1	0.49655	0.53376	8.75095	1.04349	1	0.75726	0.55971	10.94583	1.05115	1	-0.00082	-0.00847	0.68444	0.00300	1	0.06649	-0.01359	0.67587	0.00286	1	1.45898	0.81042	0	
1276117	8606.04785	3306860071809	0.55616	0.69391	8605.91406	0.13379	12055	1	0.61413	0.66256	1	0.51939	0.63516	1	0.56676	0.64886	1	0.49637	0.53428	8.31354	1.05115	1	0.75739	0.55976	11.01981	1.05881	1	-0.00082	-0.00847	0.68444	0.00282	1	0.06649	-0.01359	0.67587	0.00290	1	1.45898	0.81042	0	
1276118	8606.05469	3306860138944	0.55665	0.69168	8605.91406	0.14062	12055	1	0.61391	0.65882	1	0.51999	0.63105	1	0.56695	0.64493	1	0.49661	0.53454	9.02369	1.05881	1	0.75756	0.56010	11.95913	1.06647	1	-0.00082	-0.00847	0.68444	0.00275	1	0.06448	-0.01317	0.65546	0.00284	1	1.45898	0.81042	0	
1276119	8606.06152	3306860205860	0.55595	0.68976	8605.91406	0.14746	12055	1	0.59078	0.62374	1	0.49035	0.67132	1	0.54057	0.64753	1	0.49616	0.53421	8.77399	1.06647	1	0.75682	0.56005	11.34835	1.06647	1	-0.00082	-0.00847	0.68444	0.00295	1	0.06448	-0.01317	0.65546	0.00308	1	1.45898	0.81042	0	
1276120	8606.06738	3306860270406	0.55634	0.68888	8605.91406	0.15332	12055	1	0.60130	0.63314	1	0.52954	0.70400	1	0.56542	0.66857	1	0.49637	0.53458	9.48274	1.06647	1	0.75712	0.56005	11.53736	1.06647	1	-0.00082	-0.00847	0.68444	0.00277	1	0.06448	-0.01317	0.65546	0.00298	1	1.45898	0.81042	0	
1276121	8606.07422	3306860335950	0.55670	0.68822	8605.91406	0.16016	12055	1	0.60162	0.63722	1	0.52884	0.70776	1	0.56523	0.67249	1	0.49642	0.53444	9.44039	1.05845	1	0.75717	0.56018	11.87959	1.05845	1	-0.00084	-0.00812	0.66009	0.00275	1	0.06703	-0.01372	0.68243	0.00288	1	1.45898	0.81042	0	
1276122	8606.08105	3306860403535	0.56310	0.66434	8605.91406	0.16016	12055	0	0.61149	0.67079	1	0.53190	0.73476	1	0.57169	0.70278	1	0.49647	0.53445	9.24133	1.05044	1	0.75714	0.56018	11.73652	1.05044	1	-0.00084	-0.00812	0.66009	0.00274	1	0.06703	-0.01372	0.68243	0.00288	1	1.45898	0.81042	0	
1276123	8606.08789	3306860469834	0.56922	0.67325	8605.91406	0.16016	12055	0	0.60934	0.63968	1	0.54135	0.72463	1	0.57535	0.68215	1	0.49640	0.53450	9.36663	1.04242	1	0.75736	0.56004	11.07788	1.04242	1	-0.00084	-0.00812	0.66009	0.00270	1	0.06703	-0.01372	0.68243	0.00294	1	1.45898	0.81042	0	
1276124	8606.09473	3306860538546	0.57114	0.67680	8605.91406	0.16016	12055	0	0.60934	0.63968	1	0.54058	0.72816	1	0.57496	0.68392	1	0.49621	0.53437	9.74777	1.04242	1	0.75702	0.56006	12.10121	1.03476	1	-0.00092	-0.00841	0.68391	0.00289	1	0.06496	-0.01318	0.66081	0.00286	1	1.45898	0.81042	0	
1276125	8606.10059	3306860605058	0.56554	0.67828	8606.08105	0.01953	12056	1	0.60960	0.65518	1	0.48790	0.71022	1	0.54875	0.68270	1	0.49642	0.53438	9.85278	1.04278	1	0.75693	0.55970	11.29923	1.03512	1	-0.00092	-0.00841	0.68391	0.00274	1	0.06496	-0.01318	0.66081	0.00290	1	1.45898	0.81042	0	
1276126	8606.10742	3306860671568	0.56116	0.67796	8606.08105	0.02637	12056	1	0.58843	0.62803	1	0.49888	0.72540	1	0.54366	0.67672	1	0.49650	0.53377	8.71229	1.04313	1	0.75703	0.55969	11.27729	1.03547	1	-0.00092	-0.00841	0.68391	0.00298	1	0.06496	-0.01318	0.66081	0.00288	1	1.45898	0.81042	0	
1276127	8606.11426	3306860738088	0.55824	0.67839	8606.08105	0.03320	12056	1	0.58883	0.63206	1	0.49842	0.72893	1	0.54363	0.68050	1	0.49681	0.53414	9.64107	1.03547	1	0.75828	0.55957	10.79778	1.02782	1	-0.00075	-0.00805	0.66275	0.00282	1	0.06457	-0.01308	0.65587	0.00298	1	1.45898	0.81042	0	
1276128	8606.12109	3306860809071	0.56156	0.67680	8606.08105	0.04004	12056	1	0.61990	0.63191	1	0.54312	0.70264	1	0.58151	0.66727	1	0.49694	0.53359	9.43506	1.01980	1	0.75829	0.55950	11.09581	1.01980	1	-0.00075	-0.00805	0.66275	0.00267	1	0.06457	-0.01308	0.65587	0.00290	1	1.45898	0.81042	0	
1276129	8606.12793	3306860876424	0.56393	0.67949	8606.08105	0.04688	12056	1	0.60657	0.62525	1	0.55436	0.77134	1	0.58047	0.69830	1	0.49673	0.53359	9.64649	1.01178	1	0.75841	0.55981	11.27011	1.01178	1	-0.00075	-0.00805	0.66275	0.00263	1	0.06457	-0.01308	0.65587	0.00290	1	1.45898	0.81042	0	
1276130	8606.13477	3306860942569	0.56581	0.68139	8606.08105	0.05371	12056	1	0.60657	0.62525	1	0.55525	0.76806	1	0.58091	0.69665	1	0.49673	0.53359	9.64649	1.01178	1	0.75791	0.55962	11.21622	1.01944	1	-0.00071	-0.00822	0.67671	0.00263	1	0.06749	-0.01361	0.68495	0.00291	1	1.45898	0.81042	0	
1276131	8606.14160	3306861009661	0.56573	0.68067	8606.08105	0.06055	12056	1	0.59983	0.64128	1	0.53009	0.70695	1	0.56496	0.67411	1	0.49660	0.53369	9.92571	1.02746	1	0.75800	0.55942	11.31879	1.03512	1	-0.00071	-0.00822	0.67671	0.00264	1	0.06749	-0.01361	0.68495	0.00291	1	1.45898	0.81042	0	
1276132	8606.14844	3306861076596	0.56624	0.68239	8606.08105	0.06738	12056	1	0.59610	0.64607	1	0.54664	0.75322	1	0.57137	0.69964	1	0.49656	0.53373	9.79938	1.04313	1	0.75838	0.55975	10.91238	1.05079	1	-0.00071	-0.00822	0.67671	0.00267	1	0.06749	-0.01361	0.68495	0.00295	1	1.45898	0.81042	0	
1276133	8606.15527	3306861143129	0.56671	0.68322	8606.08105	0.07422	12056	1	0.59539	0.63810	1	0.54828	0.74648	1	0.57183	0.69229	1	0.49679	0.53339	9.66456	1.05881	1	0.75850	0.55956	11.16446	1.06647	1	-0.00071	-0.00822	0.67671	0.00290	1	0.06749	-0.01366	0.68495	0.00293	1	1.45898	0.81042	0	
1276134	8606.16113	3306861208640	0.56684	0.68197	8606.08105	0.08008	12056	1	0.57623	0.59111	1	0.56073	0.74301	1	0.56848	0.66706	1	0.49677	0.53336	9.26764	1.06647	1	0.75848	0.55973	11.11801	1.06647	1	-0.00071	-0.00822	0.67671	0.00275	1	0.06749	-0.01366	0.68495	0.00308	1	1.45898	0.81042	0	
1276135	8606.16797	3306861274109	0.56574	0.68107	8606.08105	0.08691	12056	1	0.57026	0.60536	1	0.53238	0.73321	1	0.55132	0.66928	1	0.49671	0.53351	9.18512	1.06647	1	0.75808	0.55981	11.85537	1.06647	1	-0.00071	-0.00822	0.67671	0.00283	1	0.06749	-0.01366	0.68495	0.00292	1	1.45898	0.81042	0	
1276136	8606.17480	3306861342490	0.56479	0.68041	8606.08105	0.09375	12056	1	0.57080	0.60966	1	0.53244	0.73291	1	0.55162	0.67129	1	0.49689	0.53361	9.55075	1.05845	1	0.75770	0.55964	12.07200	1.06713	1	-0.00075	-0.00805	0.66275	0.00277	1	0.06986	-0.01419	0.70852	0.00298	1	1.45898	0.81042	0	
1276137	8606.18164	3306861408521	0.56495	0.68021	8606.08105	0.10059	12056	1	0.58466	0.61201	1	0.54982	0.74232	1	0.56724	0.67717	1	0.49689	0.53352	9.59691	1.05912	1	0.75828	0.55972	11.35879	1.06780	1	-0.00075	-0.00805	0.66275	0.00275	1	0.06986	-0.01419	0.70852	0.00300	1	1.45898	0.81042	0	
1276138	8606.18848	3306861475761	0.56513	0.68114	8606.08105	0.10742	12056	1	0.58786	0.65715	1	0.54815	0.73472	1	0.56801	0.69594	1	0.49688	0.53350	9.65048	1.05978	1	0.75821	0.55977	11.84611	1.06846	1	-0.00075	-0.00805	0.66275	0.00277	1	0.06986	-0.01419	0.70852	0.00292	1	1.45898	0.81042	0	
1276139	8606.19434	3306861541997	0.56526	0.68205	8606.08105	0.11328	12056	1	0.58783	0.65683	1	0.54732	0.73825	1	0.56757	0.69754	1	0.49680	0.53357	9.89291	1.06044	1	0.75818	0.55939	11.23489	1.06044	1	-0.00075	-0.00805	0.66275	0.00275	1	0.06749	-0.01361	0.68495	0.00285	1	1.45898	0.81042	0	
1276140	8606.20117	3306861610954	0.56539	0.68167	8606.08105	0.12012	12056	1	0.58353	0.60906	1	0.55199	0.74067	1	0.56776	0.67487	1	0.49680	0.53357	9.89291	1.06044	1	0.75833	0.55980	11.38604	1.05176	1	-0.00075	-0.00805	0.66275	0.00275	1	0.06749	-0.01361	0.68495	0.00301	1	1.45898	0.81042	0	
1276141	8606.20801	3306861676746	0.56541	0.68289	8606.08105	0.12695	12056	1	0.58970	0.66495	1	0.54164	0.74735	1	0.56567	0.70615	1	0.49692	0.53353	9.75787	1.05176	1	0.75809	0.55978	11.34989	1.04308	1	-0.00075	-0.00805	0.66275	0.00276	1	0.06749	-0.01361	0.68495	0.00300	1	1.45898	0.81042	0	
1276142	8606.21484	3306861744247	0.56541	0.68419	8606.08105	0.13379	12056	1	0.59014	0.66918	1	0.54077	0.75116	1	0.56545	0.71017	1	0.49680	0.53357	9.89291	1.04308	1	0.75818	0.55978	11.20306	1.03440	1	-0.00075	-0.00805	0.66275	0.00275	1	0.06749	-0.01361	0.68495	0.00306	1	1.45898	0.81042	0	
1276143	8606.22168	3306861811331	0.56579	0.68542	8606.08105	0.14062	12056	1	0.60114	0.67522	1	0.54616	0.74726	1	0.57365	0.71124	1	0.49706	0.53353	10.35132	1.03440	1	0.75828	0.55978	11.20200	1.03440	1	-0.00075	-0.00805	0.66275	0.00277	1	0.06749	-0.01361	0.68495	0.00302	1	1.45898	0.81042	0	
1276144	8606.22852	3306861880794	0.56537	0.68520	8606.08105	0.14746	12056	1	0.59618	0.65683	1	0.51615	0.70372	1	0.55617	0.68027	1	0.49702	0.53345	10.42413	1.03440	1	0.75811	0.55932	11.18336	1.03440	1	-0.00075	-0.00805	0.66275	0.00279	1	0.06749	-0.01361	0.68495	0.00306	1	1.45898	0.81042	0	
1276145	8606.23535	3306861948436	0.56499	0.68483	8606.08105	0.15430	12056	1	0.59581	0.65281	1	0.51677	0.69984	1	0.55629	0.67632	1	0.49697	0.53320	8.95812	1.04242	1	0.75816	0.55945	11.67880	1.04242	1	-0.00071	-0.00822	0.67671	0.00293	1	0.06749	-0.01356	0.68495	0.00300	1	1.45898	0.81042	0	
1276146	8606.24219	3306862014900	0.56437	0.68434	8606.08105	0.16113	12056	1	0.58543	0.62571	1	0.51377	0.71935	1	0.54960	0.67253	1	0.49684	0.53337	9.76199	1.05044	1	0.75816	0.55945	11.67880	1.05044	1	-0.00071	-0.00822	0.67671	0.00283	1	0.06749	-0.01356	0.68495	0.00300	1	1.45898	0.81042	0	
1276147	8606.24902	3306862081691	0.56418	0.68276	8606.08105	0.16797	12056	1	0.58500	0.62150	1	0.53368	0.66513	1	0.55934	0.64332	1	0.49684	0.53337	9.76199	1.05845	1	0.75808	0.55921	11.18022	1.05845	1	-0.00071	-0.00822	0.67671	0.00283	1	0.06749	-0.01356	0.68495	0.00301	1	1.45898	0.81042	0	
1276148	8606.25488	3306862148475	0.56400	0.68130	8606.08105	0.17383	12056	1	0.58500	0.62150	1	0.53368	0.66513	1	0.55934	0.64332	1	0.49700	0.53345	10.23847	1.05845	1	0.75778	0.55893	10.82644	1.05845	1	-0.00075	-0.00805	0.66275	0.00278	1	0.06749	-0.01361	0.68495	0.00323	1	1.45898	0.81042	0	
1276149	8606.26172	3306862215485	0.56355	0.68133	8606.08105	0.18066	12056	1	0.58543	0.62571	1	0.51756	0.73841	1	0.55150	0.68206	1	0.49684	0.53337	9.76199	1.05044	1	0.75814	0.55988	11.34930	1.05044	1	-0.00075	-0.00805	0.66275	0.00283	1	0.06749	-0.01361	0.68495	0.00299	1	1.45898	0.81042	0	
1276150	8606.26855	3306862282709	0.56285	0.68177	8606.08105	0.18750	12056	1	0.59332	0.66476	1	0.49300	0.72375	1	0.54316	0.69426	1	0.49700	0.53345	10.23847	1.04242	1	0.75781	0.55955	11.47061	1.04242	1	-0.00075	-0.00805	0.66275	0.00278	1	0.06749	-0.01361	0.68495	0.00307	1	1.45898	0.81042	0	
1276151	8606.27539	3306862349338	0.56219	0.68219	8606.08105	0.19434	12056	1	0.59332	0.66476	1	0.49300	0.72375	1	0.54316	0.69426	1	0.49669	0.53313	10.05727	1.04242	1	0.75803	0.55919	11.57999	1.04242	1	-0.00082	-0.00832	0.68476	0.00276	1	0.06749	-0.01351	0.68495	0.00318	1	1.45898	0.81042	0	
1276152	8606.28223	3306862416567	0.56307	0.68234	8606.08105	0.20117	12056	1	0.60889	0.64056	1	0.56980	0.73356	1	0.58934	0.68706	1	0.49653	0.53258	9.48073	1.05044	1	0.75817	0.55866	11.12680	1.05044	1	-0.00082	-0.00832	0.68476	0.00268	1	0.06749	-0.01351	0.68495	0.00295	1	1.45898	0.81042	0	
1276153	8606.28809	3306862480146	0.56445	0.68226	8606.08105	0.20703	12056	1	0.62597	0.62147	1	0.58867	0.73789	1	0.60732	0.67968	1	0.49666	0.53197	8.99506	1.05845	1	0.75815	0.55822	11.29109	1.05845	1	-0.00082	-0.00832	0.68476	0.00290	1	0.06749	-0.01351	0.68495	0.00279	1	1.45898	0.81042	0	
1276154	8606.29590	3306862549824	0.56577	0.68198	8606.08105	0.21484	12056	1	0.62564	0.61252	1	0.59002	0.73371	1	0.60783	0.67311	1	0.49489	0.53020	9.33904	1.07556	1	0.75647	0.55519	10.17998	1.06790	1	-0.00112	-0.00816	0.71095	0.00349	1	0.06508	-0.01275	0.66412	0.00356	1	1.45898	0.81042	0	
1276155	8606.30176	3306862616960	0.56517	0.67872	8606.08105	0.22070	12056	1	0.56694	0.59570	1	0.52371	0.54630	1	0.54532	0.57100	1	0.49501	0.53005	9.72117	1.07698	1	0.75620	0.55531	10.69331	1.06932	1	-0.00112	-0.00816	0.71095	0.00321	1	0.06508	-0.01275	0.66412	0.00340	1	1.45898	0.81042	0	
1276156	8606.30859	3306862685907	0.56436	0.67587	8606.08105	0.22754	12056	1	0.55047	0.55917	1	0.52340	0.59900	1	0.53693	0.57909	1	0.49482	0.52957	9.82083	1.07841	1	0.75619	0.55495	11.03086	1.07075	1	-0.00112	-0.00816	0.71095	0.00310	1	0.06508	-0.01275	0.66412	0.00316	1	1.45898	0.81042	0	
1276157	8606.31543	3306862751305	0.56362	0.67318	8606.08105	0.23438	12056	1	0.55110	0.56357	1	0.52410	0.59409	1	0.53760	0.57883	1	0.49422	0.52788	9.86912	1.07075	1	0.75543	0.55191	10.70980	1.07943	1	-0.00112	-0.00756	0.67657	0.00344	1	0.06941	-0.01330	0.70934	0.00402	1	1.45898	0.81042	0	
1276158	8606.32227	3306862818631	0.55393	0.62604	8606.08105	0.23438	12056	0	0.55110	0.56357	0	0.46634	0.38654	1	0.46634	0.38654	1	0.49422	0.52788	9.86912	1.07034	0	0.75520	0.55242	11.03508	1.08668	1	-0.00112	-0.00756	0.67657	0.00344	1	0.06941	-0.01330	0.70934	0.00396	1	1.45898	0.81042	0	
1276159	8606.32910	3306862885917	0.51386	0.50989	8606.08105	0.23438	12056	0	0.55110	0.56357	0	0.47379	0.39373	1	0.47379	0.39373	1	0.49422	0.52788	9.86912	1.07760	0	0.75536	0.55239	10.75002	1.09394	1	-0.00112	-0.00756	0.67657	0.00344	1	0.06941	-0.01330	0.70934	0.00380	1	1.45898	0.81042	0	
1276160	8606.33594	3306862951868	0.51386	0.50989	8606.08105	0.23438	12056	0	0.55110	0.56357	0	0.47379	0.39373	0	0.47379	0.39373	0	0.49422	0.52788	9.86912	1.08485	0	0.75536	0.55239	10.75002	1.10119	0	-0.00112	-0.00756	0.67657	0.00344	1	0.06941	-0.01330	0.70934	0.00380	1	1.45898	0.81042	0	
1276161	8606.34277	3306863019243	0.47379	0.39373	8606.08105	0.23438	12056	0	0.55110	0.56357	0	0.47379	0.39373	0	0.47379	0.39373	0	0.49422	0.52788	9.86912	1.10119	0	0.75536	0.55239	10.75002	1.10119	0	-0.00112	-0.00756	0.67657	0.00344	1	0.06941	-0.01330	0.70934	0.00380	1	1.45898	0.81042	0	
1276162	8606.34863	3306863086227	0.47379	0.39373	8606.08105	0.23438	12056	0	0.55110	0.56357	0	0.47379	0.39373	0	0.47379	0.39373	0	0.49422	0.52788	9.86912	1.10119	0	0.75536	0.55239	10.75002	1.10119	0	-0.00112	-0.00756	0.67657	0.00344	1	0.06941	-0.01330	0.70934	0.00380	1	1.45898	0.81042	0	
1276163	8606.35547	3306863152729	0.47379	0.39373	8606.08105	0.23438	12056	0	0.55110	0.56357	0	0.47379	0.39373	0	0.47379	0.39373	0	0.49422	0.52788	9.86912	1.10119	0	0.75536	0.55239	10.75002	1.10119	0	-0.00112	-0.00756	0.67657	0.00344	1	0.06941	-0.01330	0.70934	0.00380	1	1.45898	0.81042	0	
1276164	8606.36230	3306863220118	0.00000	0.00000	8606.08105	0.23438	12056	0	0.55110	0.56357	0	0.47379	0.39373	0	0.47379	0.39373	0	0.49422	0.52788	9.86912	1.10119	0	0.75536	0.55239	10.75002	1.10119	0	-0.00112	-0.00756	0.67657	0.00344	1	0.06941	-0.01330	0.70934	0.00380	1	1.45898	0.81042	0	
1276165	8606.36914	3306863284149	0.00000	0.00000	8606.08105	0.23438	12056	0	0.55110	0.56357	0	0.47379	0.39373	0	0.47379	0.39373	0	0.49422	0.52788	9.86912	1.10119	0	0.75536	0.55239	10.75002	1.10119	0	-0.00112	-0.00756	0.67657	0.00344	1	0.06941	-0.01330	0.70934	0.00380	1	1.45898	0.81042	0	
1276166	8606.37598	3306863353683	0.00000	0.00000	8606.08105	0.23438	12056	0	0.55110	0.56357	0	0.47379	0.39373	0	0.47379	0.39373	0	0.49422	0.52788	9.86912	1.10119	0	0.75536	0.55239	10.75002	1.10119	0	-0.00112	-0.00756	0.67657	0.00344	1	0.06941	-0.01330	0.70934	0.00380	1	1.45898	0.81042	0	
1276167	8606.38281	3306863421102	0.00000	0.00000	8606.08105	0.23438	12056	0	0.55110	0.56357	0	0.47379	0.39373	0	0.47379	0.39373	0	0.49422	0.52788	9.86912	1.10119	0	0.75536	0.55239	10.75002	1.10119	0	-0.00112	-0.00756	0.67657	0.00344	1	0.06941	-0.01330	0.70934	0.00380	1	1.45898	0.81042	0	
1276168	8606.38965	3306863487944	0.00000	0.00000	8606.08105	0.23438	12056	0	0.55110	0.56357	0	0.47379	0.39373	0	0.47379	0.39373	0	0.49422	0.52788	9.86912	1.10119	0	0.75536	0.55239	10.75002	1.10119	0	-0.00112	-0.00756	0.67657	0.00344	1	0.06941	-0.01330	0.70934	0.00380	1	1.45898	0.81042	0	
1276169	8606.39551	3306863553874	0.00000	0.00000	8606.08105	0.23438	12056	0	0.55110	0.56357	0	0.47379	0.39373	0	0.47379	0.39373	0	0.49422	0.52788	9.86912	1.10119	0	0.75536	0.55239	10.75002	1.10119	0	-0.00112	-0.00756	0.67657	0.00344	1	0.06941	-0.01330	0.70934	0.00380	1	1.45898	0.81042	0	
1276170	8606.40234	3306863622228	0.00000	0.00000	8606.08105	0.23438	12056	0	0.55110	0.56357	0	0.47379	0.39373	0	0.47379	0.39373	0	0.49422	0.52788	9.86912	1.10119	0	0.75536	0.55239	10.75002	1.10119	0	-0.00112	-0.00756	0.67657	0.00344	1	0.06941	-0.01330	0.70934	0.00380	1	1.45898	0.81042	0	
1276171	8606.40918	3306863688648	0.00000	0.00000	8606.08105	0.23438	12056	0	0.55110	0.56357	0	0.47379	0.39373	0	0.47379	0.39373	0	0.49422	0.52788	9.86912	1.10119	0	0.75536	0.55239	10.75002	1.10119	0	-0.00112	-0.00756	0.67657	0.00344	1	0.06941	-0.01330	0.70934	0.00380	1	1.45898	0.81042	0	
1276172	8606.41602	3306863755712	0.00000	0.00000	8606.08105	0.23438	12056	0	0.55110	0.56357	0	0.47379	0.39373	0	0.47379	0.39373	0	0.49422	0.52788	9.86912	1.10119	0	0.75536	0.55239	10.75002	1.10119	0	-0.00112	-0.00756	0.67657	0.00344	1	0.06941	-0.01330	0.70934	0.00380	1	1.45898	0.81042	0	
1276173	8606.42285	3306863822848	0.00000	0.00000	8606.08105	0.23438	12056	0	0.55110	0.56357	0	0.47379	0.39373	0	0.47379	0.39373	0	0.49422	0.52788	9.86912	1.10119	0	0.75536	0.55239	10.75002	1.10119	0	-0.00112	-0.00756	0.67657	0.00344	1	0.06941	-0.01330	0.70934	0.00380	1	1.45898	0.81042	0	
1276174	8606.42969	3306863888540	0.00000	0.00000	8606.08105	0.23438	12056	0	0.55110	0.56357	0	0.47379	0.39373	0	0.47379	0.39373	0	0.49422	0.52788	9.86912	1.10119	0	0.75536	0.55239	10.75002	1.10119	0	-0.00112	-0.00756	0.67657	0.00344	1	0.06941	-0.01330	0.70934	0.00380	1	1.45898	0.81042	0	
1276175	8606.43652	3306863957060	0.00000	0.00000	8606.08105	0.23438	12056	0	0.55110	0.56357	0	0.47379	0.39373	0	0.47379	0.39373	0	0.49422	0.52788	9.86912	1.10119	0	0.75536	0.55239	10.75002	1.10119	0	-0.00112	-0.00756	0.67657	0.00344	1	0.06941	-0.01330	0.70934	0.00380	1	1.45898	0.81042	0	
1276176	8606.44238	3306864023784	0.49684	0.41258	8606.08105	0.23438	12056	0	0.51993	0.41111	1	0.47374	0.41405	1	0.49684	0.41258	1	0.49360	0.52798	10.52556	1.10119	1	0.75532	0.55334	10.88201	1.10119	1	-0.00112	-0.00756	0.67657	0.00323	1	0.06941	-0.01330	0.70934	0.00370	1	1.45898	0.81042	0	
1276177	8606.44922	3306864090788	0.43558	0.39151	8606.08105	0.23438	12056	0	0.51993	0.41111	0	0.37432	0.37044	1	0.37432	0.37044	1	0.49360	0.52798	10.52556	1.10119	0	0.49360	0.52796	10.42108	1.10119	1	-0.00112	-0.00756	0.67657	0.00323	1	0.06941	-0.01330	0.70934	0.00329	1	1.45898	0.81042	0	
1276178	8606.45605	3306864157965	0.41531	0.38665	8606.08105	0.23438	12056	0	0.51993	0.41111	0	0.37478	0.37693	1	0.37478	0.37693	1	0.49360	0.52798	10.52556	1.10119	0	0.49369	0.52775	10.16628	1.09251	1	-0.00112	-0.00756	0.67657	0.00323	1	-0.00133	-0.00764	0.68410	0.00330	1	1.45898	0.81042	0	
1276179	8606.46289	3306864224904	0.37721	0.36900	8606.08105	0.23438	12056	0	0.51993	0.41111	0	0.38255	0.35963	1	0.38255	0.35963	1	0.49360	0.52798	10.52556	1.09251	0	0.49378	0.52780	10.46351	1.08383	1	-0.00112	-0.00756	0.67657	0.00323	1	-0.00133	-0.00764	0.68410	0.00328	1	1.45898	0.81042	0	
1276180	8606.46973	3306864292018	0.37787	0.35816	8606.08105	0.23438	12056	0	0.51993	0.41111	0	0.37852	0.34732	1	0.37852	0.34732	1	0.49360	0.52798	10.52556	1.08383	0	0.49360	0.52757	10.03515	1.07515	1	-0.00112	-0.00756	0.67657	0.00323	1	-0.00133	-0.00764	0.68410	0.00346	1	1.45898	0.81042	0	
1276181	8606.47656	3306864357596	0.37823	0.35683	8606.08105	0.23438	12056	0	0.51993	0.41111	0	0.37896	0.35415	1	0.37896	0.35415	1	0.49360	0.52798	10.52556	1.07515	0	0.49381	0.52766	10.14159	1.06647	1	-0.00112	-0.00756	0.67657	0.00323	1	-0.00133	-0.00764	0.68410	0.00349	1	1.45898	0.81042	0	
1276182	8606.48340	3306864425747	0.38206	0.36130	8606.46289	0.02051	12057	1	0.51993	0.41111	0	0.39357	0.37473	1	0.39357	0.37473	1	0.49360	0.52798	10.52556	1.06647	0	0.49388	0.52772	10.20274	1.06647	1	-0.00112	-0.00756	0.67657	0.00323	1	-0.00133	-0.00764	0.68410	0.00337	1	1.45898	0.81042	0	
1276183	8606.49023	3306864492807	0.38271	0.36281	8606.46289	0.02734	12057	1	0.51993	0.41111	0	0.38528	0.36885	1	0.38528	0.36885	1	0.49360	0.52798	10.52556	1.06647	0	0.49374	0.52750	10.08072	1.06647	1	-0.00112	-0.00756	0.67657	0.00323	1	-0.00133	-0.00764	0.68410	0.00341	1	1.45898	0.81042	0	
1276184	8606.49609	3306864559750	0.38314	0.36382	8606.46289	0.03320	12057	1	0.51993	0.41111	0	0.38528	0.36885	1	0.38528	0.36885	1	0.49360	0.52798	10.52556	1.06647	0	0.49332	0.52721	10.05122	1.06647	1	-0.00112	-0.00756	0.67657	0.00323	1	-0.00143	-0.00763	0.68276	0.00365	1	1.45898	0.81042	0	
1276185	8606.50293	3306864626897	0.38432	0.36747	8606.46289	0.04004	12057	1	0.51993	0.41111	0	0.39141	0.38938	1	0.39141	0.38938	1	0.49360	0.52798	10.52556	1.06647	0	0.49341	0.52773	10.20244	1.06647	1	-0.00112	-0.00756	0.67657	0.00323	1	-0.00143	-0.00763	0.68276	0.00332	1	1.45898	0.81042	0	
1276186	8606.50977	3306864693823	0.38432	0.36747	8606.46289	0.04688	12057	1	0.51993	0.41111	0	0.39141	0.38938	0	0.39141	0.38938	0	0.49360	0.52798	10.52556	1.06647	0	0.49341	0.52773	10.20244	1.06647	0	-0.00112	-0.00756	0.67657	0.00323	1	-0.00143	-0.00763	0.68276	0.00332	1	1.45898	0.81042	0	
1276187	8606.51660	3306864760908	0.38432	0.36747	8606.46289	0.05371	12057	1	0.51993	0.41111	0	0.39141	0.38938	0	0.39141	0.38938	0	0.49360	0.52798	10.52556	1.06647	0	0.49341	0.52773	10.20244	1.06647	0	-0.00112	-0.00756	0.67657	0.00323	1	-0.00143	-0.00763	0.68276	0.00332	1	1.45898	0.81042	0	
1276188	8606.52344	3306864827627	0.38432	0.36747	8606.46289	0.06055	12057	1	0.51993	0.41111	0	0.39141	0.38938	0	0.39141	0.38938	0	0.49360	0.52798	10.52556	1.06647	0	0.49341	0.52773	10.20244	1.06647	0	-0.00112	-0.00756	0.67657	0.00323	1	-0.00143	-0.00763	0.68276	0.00332	1	1.45898	0.81042	0	
1276189	8606.53027	3306864894625	0.38550	0.36721	8606.46289	0.06055	12057	0	0.51993	0.41111	0	0.39141	0.38938	0	0.39141	0.38938	0	0.49360	0.52798	10.52556	1.06647	0	0.49341	0.52773	10.20244	1.06647	0	-0.00112	-0.00756	0.67657	0.00323	1	-0.00143	-0.00763	0.68276	0.00332	1	1.45898	0.81042	0	
1276190	8606.53613	3306864961273	0.38550	0.36721	8606.46289	0.06055	12057	0	0.51993	0.41111	0	0.39141	0.38938	0	0.39141	0.38938	0	0.49360	0.52798	10.52556	1.06647	0	0.49341	0.52773	10.20244	1.06647	0	-0.00112	-0.00756	0.67657	0.00323	1	-0.00143	-0.00763	0.68276	0.00332	1	1.45898	0.81042	0	
1276191	8606.54297	3306865028663	0.38550	0.36721	8606.46289	0.06055	12057	0	0.51993	0.41111	0	0.39141	0.38938	0	0.39141	0.38938	0	0.49360	0.52798	10.52556	1.06647	0	0.49341	0.52773	10.20244	1.06647	0	-0.00112	-0.00756	0.67657	0.00323	1	-0.00143	-0.00763	0.68276	0.00332	1	1.45898	0.81042	0	
1276192	8606.54980	3306865095666	0.00000	0.00000	8606.46289	0.06055	12057	0	0.51993	0.41111	0	0.39141	0.38938	0	0.39141	0.38938	0	0.49360	0.52798	10.52556	1.06647	0	0.49341	0.52773	10.20244	1.06647	0	-0.00112	-0.00756	0.67657	0.00323	1	-0.00143	-0.00763	0.68276	0.00332	1	1.45898	0.81042	0	
1276193	8606.55664	3306865160759	0.00000	0.00000	8606.46289	0.06055	12057	0	0.51993	0.41111	0	0.39141	0.38938	0	0.39141	0.38938	0	0.49360	0.52798	10.52556	1.06647	0	0.49341	0.52773	10.20244	1.06647	0	-0.00112	-0.00756	0.67657	0.00323	1	-0.00143	-0.00763	0.68276	0.00332	1	1.45898	0.81042	0	
1276194	8606.56348	3306865229198	0.00000	0.00000	8606.46289	0.06055	12057	0	0.51993	0.41111	0	0.39141	0.38938	0	0.39141	0.38938	0	0.49360	0.52798	10.52556	1.06647	0	0.49341	0.52773	10.20244	1.06647	0	-0.00112	-0.00756	0.67657	0.00323	1	-0.00143	-0.00763	0.68276	0.00332	1	1.45898	0.81042	0	
1276195	8606.57031	3306865296706	0.00000	0.00000	8606.46289	0.06055	12057	0	0.51993	0.41111	0	0.39141	0.38938	0	0.39141	0.38938	0	0.49360	0.52798	10.52556	1.06647	0	0.49341	0.52773	10.20244	1.06647	0	-0.00112	-0.00756	0.67657	0.00323	1	-0.00143	-0.00763	0.68276	0.00332	1	1.45898	0.81042	0	
1276196	8606.57715	3306865363745	0.00000	0.00000	8606.46289	0.06055	12057	0	0.51993	0.41111	0	0.39141	0.38938	0	0.39141	0.38938	0	0.49360	0.52798	10.52556	1.06647	0	0.49341	0.52773	10.20244	1.06647	0	-0.00112	-0.00756	0.67657	0.00323	1	-0.00143	-0.00763	0.68276	0.00332	1	1.45898	0.81042	0	
1276197	8606.58301	3306865426244	0.26083	0.21067	8606.46289	0.06055	12057	0	0.53744	0.37135	1	0.50587	0.47134	1	0.52165	0.42135	1	0.49241	0.52774	9.92427	1.06647	1	0.75425	0.55395	10.79853	1.06647	1	-0.00112	-0.00756	0.67657	0.00366	1	-0.00143	-0.00763	0.68276	0.00353	1	1.45898	0.81042	0	
1276198	8606.58984	3306865496229	0.50724	0.41119	8606.46289	0.06055	12057	0	0.53744	0.37135	0	0.49283	0.40104	1	0.49283	0.40104	1	0.49241	0.52774	9.92427	1.06647	0	0.75405	0.55353	10.24157	1.06647	1	-0.00112	-0.00756	0.67657	0.00366	1	-0.00143	-0.00763	0.68276	0.00359	1	1.45898	0.81042	0	
1276199	8606.59668	3306865559791	0.50724	0.41119	8606.46289	0.06055	12057	0	0.53744	0.37135	0	0.49283	0.40104	0	0.49283	0.40104	0	0.49241	0.52774	9.92427	1.06647	0	0.75405	0.55353	10.24157	1.06647	0	-0.00112	-0.00756	0.67657	0.00366	1	-0.00143	-0.00763	0.68276	0.00359	1	1.45898	0.81042	0	
1276200	8606.60352	3306865631923	0.50724	0.41119	8606.46289	0.06055	12057	0	0.53744	0.37135	0	0.49283	0.40104	0	0.49283	0.40104	0	0.49241	0.52774	9.92427	1.06647	0	0.75405	0.55353	10.24157	1.06647	0	-0.00112	-0.00756	0.67657	0.00366	1	-0.00143	-0.00763	0.68276	0.00359	1	1.45898	0.81042	0	
1276201	8606.61035	3306865695168	0.00000	0.00000	8606.46289	0.06055	12057	0	0.53744	0.37135	0	0.49283	0.40104	0	0.49283	0.40104	0	0.49241	0.52774	9.92427	1.06647	0	0.75405	0.55353	10.24157	1.06647	0	-0.00112	-0.00756	0.67657	0.00366	1	-0.00143	-0.00763	0.68276	0.00359	1	1.45898	0.81042	0	
1276202	8606.61719	3306865764549	0.00000	0.00000	8606.46289	0.06055	12057	0	0.53744	0.37135	0	0.49283	0.40104	0	0.49283	0.40104	0	0.49241	0.52774	9.92427	1.06647	0	0.75405	0.55353	10.24157	1.06647	0	-0.00112	-0.00756	0.67657	0.00366	1	-0.00143	-0.00763	0.68276	0.00359	1	1.45898	0.81042	0	
1276203	8606.62305	3306865827505	0.00000	0.00000	8606.46289	0.06055	12057	0	0.53744	0.37135	0	0.49283	0.40104	0	0.49283	0.40104	0	0.49241	0.52774	9.92427	1.06647	0	0.75405	0.55353	10.24157	1.06647	0	-0.00112	-0.00756	0.67657	0.00366	1	-0.00143	-0.00763	0.68276	0.00359	1	1.45898	0.81042	0	
1276204	8606.63086	3306865900331	0.00000	0.00000	8606.46289	0.06055	12057	0	0.53744	0.37135	0	0.49283	0.40104	0	0.49283	0.40104	0	0.49241	0.52774	9.92427	1.06647	0	0.75405	0.55353	10.24157	1.06647	0	-0.00112	-0.00756	0.67657	0.00366	1	-0.00143	-0.00763	0.68276	0.00359	1	1.45898	0.81042	0	
1276205	8606.63672	3306865965882	0.00000	0.00000	8606.46289	0.06055	12057	0	0.53744	0.37135	0	0.49283	0.40104	0	0.49283	0.40104	0	0.49241	0.52774	9.92427	1.06647	0	0.75405	0.55353	10.24157	1.06647	0	-0.00112	-0.00756	0.67657	0.00366	1	-0.00143	-0.00763	0.68276	0.00359	1	1.45898	0.81042	0	
1276206	8606.64355	3306866030414	0.00000	0.00000	8606.46289	0.06055	12057	0	0.53744	0.37135	0	0.49283	0.40104	0	0.49283	0.40104	0	0.49241	0.52774	9.92427	1.06647	0	0.75405	0.55353	10.24157	1.06647	0	-0.00112	-0.00756	0.67657	0.00366	1	-0.00143	-0.00763	0.68276	0.00359	1	1.45898	0.81042	0	
1276207	8606.65039	3306866100857	0.00000	0.00000	8606.46289	0.06055	12057	0	0.53744	0.37135	0	0.49283	0.40104	0	0.49283	0.40104	0	0.49241	0.52774	9.92427	1.06647	0	0.75405	0.55353	10.24157	1.06647	0	-0.00112	-0.00756	0.67657	0.00366	1	-0.00143	-0.00763	0.68276	0.00359	1	1.45898	0.81042	0	
1276208	8606.65723	3306866167233	0.00000	0.00000	8606.46289	0.06055	12057	0	0.53744	0.37135	0	0.49283	0.40104	0	0.49283	0.40104	0	0.49241	0.52774	9.92427	1.06647	0	0.75405	0.55353	10.24157	1.06647	0	-0.00112	-0.00756	0.67657	0.00366	1	-0.00143	-0.00763	0.68276	0.00359	1	1.45898	0.81042	0	
1276209	8606.66406	3306866234443	0.00000	0.00000	8606.46289	0.06055	12057	0	0.53744	0.37135	0	0.49283	0.40104	0	0.49283	0.40104	0	0.49241	0.52774	9.92427	1.06647	0	0.75405	0.55353	10.24157	1.06647	0	-0.00112	-0.00756	0.67657	0.00366	1	-0.00143	-0.00763	0.68276	0.00359	1	1.45898	0.81042	0	
1276210	8606.67090	3306866301161	0.00000	0.00000	8606.46289	0.06055	12057	0	0.53744	0.37135	0	0.49283	0.40104	0	0.49283	0.40104	0	0.49241	0.52774	9.92427	1.06647	0	0.75405	0.55353	10.24157	1.06647	0	-0.00112	-0.00756	0.67657	0.00366	1	-0.00143	-0.00763	0.68276	0.00359	1	1.45898	0.81042	0	
1276211	8606.67676	3306866365819	0.00000	0.00000	8606.46289	0.06055	12057	0	0.53744	0.37135	0	0.49283	0.40104	0	0.49283	0.40104	0	0.49241	0.52774	9.92427	1.06647	0	0.75405	0.55353	10.24157	1.06647	0	-0.00112	-0.00756	0.67657	0.00366	1	-0.00143	-0.00763	0.68276	0.00359	1	1.45898	0.81042	0	
1276212	8606.68359	3306866435186	0.00000	0.00000	8606.46289	0.06055	12057	0	0.53744	0.37135	0	0.49283	0.40104	0	0.49283	0.40104	0	0.49241	0.52774	9.92427	1.06647	0	0.75405	0.55353	10.24157	1.06647	0	-0.00112	-0.00756	0.67657	0.00366	1	-0.00143	-0.00763	0.68276	0.00359	1	1.45898	0.81042	0	
1276213	8606.69043	3306866502100	0.00000	0.00000	8606.46289	0.06055	12057	0	0.53744	0.37135	0	0.49283	0.40104	0	0.49283	0.40104	0	0.49241	0.52774	9.92427	1.06647	0	0.75405	0.55353	10.24157	1.06647	0	-0.00112	-0.00756	0.67657	0.00366	1	-0.00143	-0.00763	0.68276	0.00359	1	1.45898	0.81042	0	
1276214	8606.69727	3306866569755	0.00000	0.00000	8606.46289	0.06055	12057	0	0.53744	0.37135	0	0.49283	0.40104	0	0.49283	0.40104	0	0.49241	0.52774	9.92427	1.06647	0	0.75405	0.55353	10.24157	1.06647	0	-0.00112	-0.00756	0.67657	0.00366	1	-0.00143	-0.00763	0.68276	0.00359	1	1.45898	0.81042	0	
1276215	8606.70410	3306866636245	0.00000	0.00000	8606.46289	0.06055	12057	0	0.53744	0.37135	0	0.49283	0.40104	0	0.49283	0.40104	0	0.49241	0.52774	9.92427	1.06647	0	0.75405	0.55353	10.24157	1.06647	0	-0.00112	-0.00756	0.67657	0.00366	1	-0.00143	-0.00763	0.68276	0.00359	1	1.45898	0.81042	0	
1276216	8606.71094	3306866703068	0.00000	0.00000	8606.46289	0.06055	12057	0	0.53744	0.37135	0	0.49283	0.40104	0	0.49283	0.40104	0	0.49241	0.52774	9.92427	1.06647	0	0.75405	0.55353	10.24157	1.06647	0	-0.00112	-0.00756	0.67657	0.00366	1	-0.00143	-0.00763	0.68276	0.00359	1	1.45898	0.81042	0	
1276217	8606.71777	3306866770093	0.00000	0.00000	8606.46289	0.06055	12057	0	0.53744	0.37135	0	0.49283	0.40104	0	0.49283	0.40104	0	0.49241	0.52774	9.92427	1.06647	0	0.75405	0.55353	10.24157	1.06647	0	-0.00112	-0.00756	0.67657	0.00366	1	-0.00143	-0.00763	0.68276	0.00359	1	1.45898	0.81042	0	
1276218	8606.72461	3306866837160	0.00000	0.00000	8606.46289	0.06055	12057	0	0.53744	0.37135	0	0.49283	0.40104	0	0.49283	0.40104	0	0.49241	0.52774	9.92427	1.06647	0	0.75405	0.55353	10.24157	1.06647	0	-0.00112	-0.00756	0.67657	0.00366	1	-0.00143	-0.00763	0.68276	0.00359	1	1.45898	0.81042	0	
1276219	8606.73047	3306866904051	0.00000	0.00000	8606.46289	0.06055	12057	0	0.53744	0.37135	0	0.49283	0.40104	0	0.49283	0.40104	0	0.49241	0.52774	9.92427	1.06647	0	0.75405	0.55353	10.24157	1.06647	0	-0.00112	-0.00756	0.67657	0.00366	1	-0.00143	-0.00763	0.68276	0.00359	1	1.45898	0.81042	0	
1276220	8606.73730	3306866971265	0.00000	0.00000	8606.46289	0.06055	12057	0	0.53744	0.37135	0	0.49283	0.40104	0	0.49283	0.40104	0	0.49241	0.52774	9.92427	1.06647	0	0.75405	0.55353	10.24157	1.06647	0	-0.00112	-0.00756	0.67657	0.00366	1	-0.00143	-0.00763	0.68276	0.00359	1	1.45898	0.81042	0	
1276221	8606.74414	3306867038213	0.00000	0.00000	8606.46289	0.06055	12057	0	0.53744	0.37135	0	0.49283	0.40104	0	0.49283	0.40104	0	0.49241	0.52774	9.92427	1.06647	0	0.75405	0.55353	10.24157	1.06647	0	-0.00112	-0.00756	0.67657	0.00366	1	-0.00143	-0.00763	0.68276	0.00359	1	1.45898	0.81042	0	
1276222	8606.75098	3306867103902	0.00000	0.00000	8606.46289	0.06055	12057	0	0.53744	0.37135	0	0.49283	0.40104	0	0.49283	0.40104	0	0.49241	0.52774	9.92427	1.06647	0	0.75405	0.55353	10.24157	1.06647	0	-0.00112	-0.00756	0.67657	0.00366	1	-0.00143	-0.00763	0.68276	0.00359	1	1.45898	0.81042	0	
1276223	8606.75781	3306867172358	0.00000	0.00000	8606.46289	0.06055	12057	0	0.53744	0.37135	0	0.49283	0.40104	0	0.49283	0.40104	0	0.49241	0.52774	9.92427	1.06647	0	0.75405	0.55353	10.24157	1.06647	0	-0.00112	-0.00756	0.67657	0.00366	1	-0.00143	-0.00763	0.68276	0.00359	1	1.45898	0.81042	0	
1276224	8606.76465	3306867239317	0.00000	0.00000	8606.46289	0.06055	12057	0	0.53744	0.37135	0	0.49283	0.40104	0	0.49283	0.40104	0	0.49241	0.52774	9.92427	1.06647	0	0.75405	0.55353	10.24157	1.06647	0	-0.00112	-0.00756	0.67657	0.00366	1	-0.00143	-0.00763	0.68276	0.00359	1	1.45898	0.81042	0	
1276225	8606.77051	3306867304768	0.00000	0.00000	8606.46289	0.06055	12057	0	0.53744	0.37135	0	0.49283	0.40104	0	0.49283	0.40104	0	0.49241	0.52774	9.92427	1.06647	0	0.75405	0.55353	10.24157	1.06647	0	-0.00112	-0.00756	0.67657	0.00366	1	-0.00143	-0.00763	0.68276	0.00359	1	1.45898	0.81042	0	
1276226	8606.77734	3306867372903	0.00000	0.00000	8606.46289	0.06055	12057	0	0.53744	0.37135	0	0.49283	0.40104	0	0.49283	0.40104	0	0.49241	0.52774	9.92427	1.06647	0	0.75405	0.55353	10.24157	1.06647	0	-0.00112	-0.00756	0.67657	0.00366	1	-0.00143	-0.00763	0.68276	0.00359	1	1.45898	0.81042	0	
1276227	8606.78418	3306867440048	0.00000	0.00000	8606.46289	0.06055	12057	0	0.53744	0.37135	0	0.49283	0.40104	0	0.49283	0.40104	0	0.49241	0.52774	9.92427	1.06647	0	0.75405	0.55353	10.24157	1.06647	0	-0.00112	-0.00756	0.67657	0.00366	1	-0.00143	-0.00763	0.68276	0.00359	1	1.45898	0.81042	0	
1276228	8606.79102	3306867505388	0.00000	0.00000	8606.46289	0.06055	12057	0	0.53744	0.37135	0	0.49283	0.40104	0	0.49283	0.40104	0	0.49241	0.52774	9.92427	1.06647	0	0.75405	0.55353	10.24157	1.06647	0	-0.00112	-0.00756	0.67657	0.00366	1	-0.00143	-0.00763	0.68276	0.00359	1	1.45898	0.81042	0	
1276229	8606.79785	3306867573737	0.00000	0.00000	8606.46289	0.06055	12057	0	0.53744	0.37135	0	0.49283	0.40104	0	0.49283	0.40104	0	0.49241	0.52774	9.92427	1.06647	0	0.75405	0.55353	10.24157	1.06647	0	-0.00112	-0.00756	0.67657	0.00366	1	-0.00143	-0.00763	0.68276	0.00359	1	1.45898	0.81042	0	
1276230	8606.80469	3306867641178	0.00000	0.00000	8606.46289	0.06055	12057	0	0.53744	0.37135	0	0.49283	0.40104	0	0.49283	0.40104	0	0.49241	0.52774	9.92427	1.06647	0	0.75405	0.55353	10.24157	1.06647	0	-0.00112	-0.00756	0.67657	0.00366	1	-0.00143	-0.00763	0.68276	0.00359	1	1.45898	0.81042	0	
1276231	8606.81152	3306867705743	0.00000	0.00000	8606.46289	0.06055	12057	0	0.53744	0.37135	0	0.49283	0.40104	0	0.49283	0.40104	0	0.49241	0.52774	9.92427	1.06647	0	0.75405	0.55353	10.24157	1.06647	0	-0.00112	-0.00756	0.67657	0.00366	1	-0.00143	-0.00763	0.68276	0.00359	1	1.45898	0.81042	0	
1276232	8606.81836	3306867774620	0.24641	0.20052	8606.46289	0.06055	12057	0	0.53744	0.37135	0	0.49283	0.40104	1	0.49283	0.40104	1	0.48964	0.52726	10.21379	1.06647	0	0.48964	0.52726	10.21379	1.06647	1	-0.00112	-0.00756	0.67657	0.00366	1	-0.00237	-0.00767	0.68666	0.00351	1	1.45898	0.81042	0	
1276233	8606.82422	3306867840759	0.29096	0.23345	8606.46289	0.06055	12057	0	0.53744	0.37135	0	0.38005	0.29931	1	0.38005	0.29931	1	0.48964	0.52726	10.21379	1.06647	0	0.48968	0.52718	9.96187	1.06647	1	-0.00112	-0.00756	0.67657	0.00366	1	-0.00237	-0.00767	0.68666	0.00355	1	1.45898	0.81042	0	
1276234	8606.83105	3306867909058	0.42154	0.34908	8606.46289	0.06055	12057	0	0.53744	0.37135	0	0.39174	0.34689	1	0.39174	0.34689	1	0.48964	0.52726	10.21379	1.06647	0	0.48998	0.52750	10.30702	1.06647	1	-0.00112	-0.00756	0.67657	0.00366	1	-0.00237	-0.00767	0.68666	0.00346	1	1.45898	0.81042	0	
1276235	8606.83789	3306867975437	0.40664	0.34799	8606.46289	0.06055	12057	0	0.53744	0.37135	0	0.39174	0.34689	1	0.39174	0.34689	1	0.48964	0.52726	10.21379	1.06647	0	0.48994	0.52757	10.83578	1.06647	1	-0.00112	-0.00756	0.67657	0.00366	1	-0.00236	-0.00758	0.68321	0.00342	1	1.45898	0.81042	0	
1276236	8606.84473	3306868042422	0.39917	0.34470	8606.46289	0.06055	12057	0	0.53744	0.37135	0	0.38422	0.33812	1	0.38422	0.33812	1	0.48964	0.52726	10.21379	1.06647	0	0.48979	0.52743	10.52202	1.06647	1	-0.00112	-0.00756	0.67657	0.00366	1	-0.00236	-0.00758	0.68321	0.00349	1	1.45898	0.81042	0	
1276237	8606.85156	3306868109777	0.39651	0.34166	8606.83105	0.02051	12058	1	0.53744	0.37135	0	0.38855	0.33255	1	0.38855	0.33255	1	0.48964	0.52726	10.21379	1.06647	0	0.48976	0.52756	10.77904	1.06647	1	-0.00112	-0.00756	0.67657	0.00366	1	-0.00236	-0.00758	0.68321	0.00345	1	1.45898	0.81042	0	
1276238	8606.85840	3306868176430	0.39492	0.33984	8606.83105	0.02734	12058	1	0.53744	0.37135	0	0.38855	0.33255	1	0.38855	0.33255	1	0.48964	0.52726	10.21379	1.06647	0	0.48961	0.52718	10.18565	1.06647	1	-0.00112	-0.00756	0.67657	0.00366	1	-0.00237	-0.00767	0.68666	0.00363	1	1.45898	0.81042	0	
1276239	8606.86523	3306868243992	0.41583	0.34418	8606.83105	0.03418	12058	1	0.53037	0.38540	1	0.51042	0.34642	1	0.52039	0.36591	1	0.48990	0.52765	10.76772	1.06647	1	0.75197	0.55116	11.11508	1.06647	1	-0.00112	-0.00756	0.67657	0.00350	1	-0.00237	-0.00767	0.68666	0.00398	1	1.45898	0.81042	0	
1276240	8606.87109	3306868310766	0.43179	0.34915	8606.83105	0.04004	12058	1	0.52908	0.41633	1	0.52597	0.34156	1	0.52752	0.37895	1	0.48994	0.52765	10.92128	1.06647	1	0.75222	0.55122	11.11627	1.06647	1	-0.00112	-0.00756	0.67657	0.00344	1	-0.00237	-0.00767	0.68666	0.00400	1	1.45898	0.81042	0	
1276241	8606.87793	3306868376723	0.44375	0.35287	8606.83105	0.04688	12058	1	0.52908	0.41633	1	0.52597	0.34156	1	0.52752	0.37895	1	0.48974	0.52731	10.14740	1.06647	1	0.75205	0.55203	11.25154	1.06647	1	-0.00237	-0.00767	0.68666	0.00353	1	0.06547	-0.01258	0.67896	0.00354	1	1.45898	0.81042	0	
1276242	8606.88477	3306868444726	0.44954	0.35879	8606.83105	0.05371	12058	1	0.52073	0.37968	1	0.47091	0.43254	1	0.49582	0.40611	1	0.48976	0.52739	10.34501	1.06647	1	0.75173	0.55237	11.84268	1.06647	1	-0.00237	-0.00767	0.68666	0.00358	1	0.06547	-0.01258	0.67896	0.00361	1	1.45898	0.81042	0	
1276243	8606.89160	3306868511791	0.45452	0.36552	8606.83105	0.06055	12058	1	0.52344	0.38955	1	0.47517	0.46261	1	0.49931	0.42608	1	0.48980	0.52731	10.22467	1.06647	1	0.75190	0.55235	10.52582	1.06647	1	-0.00237	-0.00767	0.68666	0.00355	1	0.06547	-0.01258	0.67896	0.00365	1	1.45898	0.81042	0	
1276244	8606.89844	3306868578813	0.45856	0.37043	8606.83105	0.06738	12058	1	0.52249	0.38281	1	0.47551	0.45631	1	0.49900	0.41956	1	0.49006	0.52740	11.01114	1.07556	1	0.75214	0.55224	10.95492	1.07556	1	-0.00240	-0.00796	0.71194	0.00350	1	0.06547	-0.01258	0.67896	0.00372	1	1.45898	0.81042	0	
1276245	8606.90527	3306868645609	0.46382	0.37125	8606.83105	0.07422	12058	1	0.53944	0.32435	1	0.50387	0.43605	1	0.52166	0.38020	1	0.49015	0.52700	10.81529	1.08464	1	0.75231	0.55242	11.29865	1.08464	1	-0.00240	-0.00796	0.71194	0.00365	1	0.06547	-0.01258	0.67896	0.00375	1	1.45898	0.81042	0	
1276246	8606.91211	3306868712669	0.46692	0.37394	8606.83105	0.08105	12058	1	0.53944	0.32435	0	0.50418	0.40624	1	0.50418	0.40624	1	0.49015	0.52700	10.81529	1.09373	0	0.75227	0.55203	11.18113	1.09373	1	-0.00240	-0.00796	0.71194	0.00365	1	0.06547	-0.01258	0.67896	0.00352	1	1.45898	0.81042	0	
1276247	8606.91895	3306868779886	0.46692	0.37394	8606.83105	0.08789	12058	1	0.53944	0.32435	0	0.50418	0.40624	0	0.50418	0.40624	0	0.49015	0.52700	10.81529	1.10281	0	0.75227	0.55203	11.18113	1.10281	0	-0.00240	-0.00796	0.71194	0.00365	1	0.06547	-0.01258	0.67896	0.00352	1	1.45898	0.81042	0	
1276248	8606.92480	3306868846491	0.46692	0.37394	8606.83105	0.09375	12058	1	0.53944	0.32435	0	0.50418	0.40624	0	0.50418	0.40624	0	0.49015	0.52700	10.81529	1.10281	0	0.75227	0.55203	11.18113	1.10281	0	-0.00240	-0.00796	0.71194	0.00365	1	0.06547	-0.01258	0.67896	0.00352	1	1.45898	0.81042	0	
1276249	8606.93164	3306868913244	0.46692	0.37394	8606.83105	0.10059	12058	1	0.53944	0.32435	0	0.50418	0.40624	0	0.50418	0.40624	0	0.49015	0.52700	10.81529	1.10281	0	0.75227	0.55203	11.18113	1.10281	0	-0.00240	-0.00796	0.71194	0.00365	1	0.06547	-0.01258	0.67896	0.00352	1	1.45898	0.81042	0	
1276250	8606.93848	3306868980647	0.47070	0.37601	8606.83105	0.10059	12058	0	0.53944	0.32435	0	0.50418	0.40624	0	0.50418	0.40624	0	0.49015	0.52700	10.81529	1.10281	0	0.75227	0.55203	11.18113	1.10281	0	-0.00240	-0.00796	0.71194	0.00365	1	0.06547	-0.01258	0.67896	0.00352	1	1.45898	0.81042	0	
1276251	8606.94531	3306869046940	0.47070	0.37601	8606.83105	0.10059	12058	0	0.53944	0.32435	0	0.50418	0.40624	0	0.50418	0.40624	0	0.49015	0.52700	10.81529	1.10281	0	0.75227	0.55203	11.18113	1.10281	0	-0.00240	-0.00796	0.71194	0.00365	1	0.06547	-0.01258	0.67896	0.00352	1	1.45898	0.81042	0	
1276252	8606.95215	3306869113654	0.47070	0.37601	8606.83105	0.10059	12058	0	0.53944	0.32435	0	0.50418	0.40624	0	0.50418	0.40624	0	0.49015	0.52700	10.81529	1.10281	0	0.75227	0.55203	11.18113	1.10281	0	-0.00240	-0.00796	0.71194	0.00365	1	0.06547	-0.01258	0.67896	0.00352	1	1.45898	0.81042	0	
1276253	8606.95898	3306869181821	0.00000	0.00000	8606.83105	0.10059	12058	0	0.53944	0.32435	0	0.50418	0.40624	0	0.50418	0.40624	0	0.49015	0.52700	10.81529	1.10281	0	0.75227	0.55203	11.18113	1.10281	0	-0.00240	-0.00796	0.71194	0.00365	1	0.06547	-0.01258	0.67896	0.00352	1	1.45898	0.81042	0	
1276254	8606.96484	3306869248292	0.00000	0.00000	8606.83105	0.10059	12058	0	0.53944	0.32435	0	0.50418	0.40624	0	0.50418	0.40624	0	0.49015	0.52700	10.81529	1.10281	0	0.75227	0.55203	11.18113	1.10281	0	-0.00240	-0.00796	0.71194	0.00365	1	0.06547	-0.01258	0.67896	0.00352	1	1.45898	0.81042	0	
1276255	8606.97168	3306869314813	0.00000	0.00000	8606.83105	0.10059	12058	0	0.53944	0.32435	0	0.50418	0.40624	0	0.50418	0.40624	0	0.49015	0.52700	10.81529	1.10281	0	0.75227	0.55203	11.18113	1.10281	0	-0.00240	-0.00796	0.71194	0.00365	1	0.06547	-0.01258	0.67896	0.00352	1	1.45898	0.81042	0	
1276256	8606.97852	3306869382380	0.52140	0.36172	8606.83105	0.10059	12058	0	0.53862	0.31719	1	0.50418	0.40624	1	0.52140	0.36172	1	0.49083	0.52717	10.80665	1.09373	1	0.75223	0.55229	12.04530	1.09373	1	-0.00215	-0.00759	0.68346	0.00357	1	0.06605	-0.01265	0.68288	0.00361	1	1.45898	0.81042	0	
1276257	8606.98535	3306869447129	0.51027	0.34613	8606.83105	0.10059	12058	0	0.52409	0.28853	1	0.47420	0.37255	1	0.49915	0.33054	1	0.49068	0.52660	10.73506	1.08464	1	0.75251	0.55185	11.86244	1.08464	1	-0.00215	-0.00759	0.68346	0.00383	1	0.06605	-0.01265	0.68288	0.00351	1	1.45898	0.81042	0	
1276258	8606.99219	3306869514674	0.50639	0.34779	8606.83105	0.10059	12058	0	0.54122	0.27923	1	0.45603	0.42298	1	0.49863	0.35111	1	0.49088	0.52631	10.85416	1.07556	1	0.75268	0.55225	11.97239	1.07556	1	-0.00215	-0.00759	0.68346	0.00381	1	0.06605	-0.01265	0.68288	0.00354	1	1.45898	0.81042	0	
1276259	8606.99902	3306869583407	0.50445	0.34862	8606.97852	0.02051	12059	1	0.54122	0.27923	1	0.45603	0.42298	1	0.49863	0.35111	1	0.49082	0.52665	10.94548	1.07556	1	0.75288	0.55095	11.18787	1.07556	1	-0.00205	-0.00778	0.70098	0.00375	1	0.06605	-0.01268	0.68183	0.00402	1	1.45898	0.81042	0	
1276260	8607.00586	3306869651231	0.49907	0.34641	8606.97852	0.02734	12059	1	0.49005	0.29256	1	0.46505	0.38265	1	0.47755	0.33760	1	0.49092	0.52636	11.02804	1.08464	1	0.75280	0.55189	11.42137	1.08464	1	-0.00205	-0.00778	0.70098	0.00375	1	0.06605	-0.01268	0.68183	0.00353	1	1.45898	0.81042	0	
1276261	8607.01270	3306869718444	0.47569	0.33731	8606.97852	0.03418	12059	1	0.49005	0.29256	0	0.35879	0.29177	1	0.35879	0.29177	1	0.49092	0.52636	11.02804	1.09373	0	0.49092	0.52707	10.62656	1.09373	1	-0.00205	-0.00778	0.70098	0.00375	1	0.06605	-0.01268	0.68183	0.00365	1	1.45898	0.81042	0	
1276262	8607.01855	3306869785067	0.45890	0.32974	8606.97852	0.04004	12059	1	0.49005	0.29256	0	0.35819	0.28431	1	0.35819	0.28431	1	0.49092	0.52636	11.02804	1.10281	0	0.49141	0.52751	11.00759	1.10281	1	-0.00205	-0.00778	0.70098	0.00375	1	-0.00194	-0.00754	0.67972	0.00340	1	1.45898	0.81042	0	
1276263	8607.02539	3306869847025	0.44903	0.32149	8606.97852	0.04688	12059	1	0.49005	0.29256	0	0.37991	0.26374	1	0.37991	0.26374	1	0.49092	0.52636	11.02804	1.10281	0	0.49124	0.52695	10.65605	1.10281	1	-0.00205	-0.00778	0.70098	0.00375	1	-0.00194	-0.00754	0.67972	0.00367	1	1.45898	0.81042	0	
1276264	8607.03223	3306869915623	0.44164	0.32328	8606.97852	0.05371	12059	1	0.49005	0.29256	0	0.38254	0.33763	1	0.38254	0.33763	1	0.49092	0.52636	11.02804	1.10281	0	0.49138	0.52770	11.13661	1.10281	1	-0.00205	-0.00778	0.70098	0.00375	1	-0.00194	-0.00754	0.67972	0.00346	1	1.45898	0.81042	0	
1276265	8607.03906	3306869984815	0.43573	0.32471	8606.97852	0.06055	12059	1	0.49005	0.29256	0	0.38254	0.33763	1	0.38254	0.33763	1	0.49092	0.52636	11.02804	1.10281	0	0.49189	0.52798	11.33630	1.10281	1	-0.00205	-0.00778	0.70098	0.00375	1	-0.00194	-0.00754	0.67972	0.00348	1	1.45898	0.81042	0	
1276266	8607.04590	3306870050356	0.43177	0.31642	8606.97852	0.06738	12059	1	0.49005	0.29256	0	0.39211	0.23347	1	0.39211	0.23347	1	0.49092	0.52636	11.02804	1.10281	0	0.49149	0.52668	10.79290	1.10281	1	-0.00205	-0.00778	0.70098	0.00375	1	-0.00194	-0.00754	0.67972	0.00381	1	1.45898	0.81042	0	
1276267	8607.05273	3306870119532	0.42839	0.31236	8606.97852	0.07422	12059	1	0.49005	0.29256	0	0.39129	0.26771	1	0.39129	0.26771	1	0.49092	0.52636	11.02804	1.10281	0	0.49144	0.52671	10.91183	1.10281	1	-0.00205	-0.00778	0.70098	0.00375	1	-0.00194	-0.00754	0.67972	0.00372	1	1.45898	0.81042	0	
1276268	8607.05957	3306870187512	0.42554	0.30893	8606.97852	0.08105	12059	1	0.49005	0.29256	0	0.39129	0.26771	1	0.39129	0.26771	1	0.49092	0.52636	11.02804	1.10281	0	0.49159	0.52771	12.01629	1.10281	1	-0.00205	-0.00778	0.70098	0.00375	1	-0.00193	-0.00756	0.67667	0.00336	1	1.45898	0.81042	0	
1276269	8607.06543	3306870252781	0.42474	0.30893	8606.97852	0.08691	12059	1	0.49005	0.29256	0	0.41432	0.30894	1	0.41432	0.30894	1	0.49092	0.52636	11.02804	1.10281	0	0.49184	0.52741	11.56820	1.10281	1	-0.00205	-0.00778	0.70098	0.00375	1	-0.00193	-0.00756	0.67667	0.00335	1	1.45898	0.81042	0	
1276270	8607.07227	3306870317649	0.42285	0.30954	8606.97852	0.09375	12059	1	0.49005	0.29256	0	0.39644	0.31816	1	0.39644	0.31816	1	0.49092	0.52636	11.02804	1.10281	0	0.49164	0.52750	11.49518	1.10281	1	-0.00205	-0.00778	0.70098	0.00375	1	-0.00193	-0.00756	0.67667	0.00342	1	1.45898	0.81042	0	
1276271	8607.07910	3306870387236	0.39718	0.29485	8606.97852	0.09375	12059	0	0.48636	0.26913	1	0.39610	0.30991	1	0.44123	0.28952	1	0.49155	0.52647	10.96748	1.11320	1	0.75364	0.55278	11.23713	1.11320	1	-0.00198	-0.00825	0.73360	0.00392	1	0.06556	-0.01262	0.67567	0.00381	1	1.45898	0.81042	0	
1276272	8607.08594	3306870453762	0.46122	0.29593	8606.97852	0.09375	12059	0	0.52058	0.26416	1	0.52995	0.32985	1	0.52527	0.29700	1	0.49148	0.52665	10.98120	1.12358	1	0.75377	0.55249	11.20871	1.12358	1	-0.00198	-0.00825	0.73360	0.00385	1	0.06556	-0.01262	0.67567	0.00407	1	1.45898	0.81042	0	
1276273	8607.09277	3306870521320	0.47988	0.30157	8606.97852	0.09375	12059	0	0.49569	0.25267	1	0.53869	0.37302	1	0.51719	0.31284	1	0.49152	0.52667	11.14023	1.13396	1	0.75390	0.55306	11.30540	1.13396	1	-0.00198	-0.00825	0.73360	0.00368	1	0.06556	-0.01262	0.67567	0.00370	1	1.45898	0.81042	0	
1276274	8607.09961	3306870588132	0.51988	0.30756	8606.97852	0.09375	12059	0	0.49569	0.25267	1	0.53869	0.37302	1	0.51719	0.31284	1	0.49148	0.52624	10.93948	1.13396	1	0.75364	0.55288	11.84333	1.13396	1	-0.00186	-0.00794	0.71046	0.00393	1	0.06556	-0.01272	0.67567	0.00364	1	1.45898	0.81042	0	
1276275	8607.10645	3306870654916	0.51163	0.31004	8606.97852	0.09375	12059	0	0.50944	0.31451	1	0.49731	0.31052	1	0.50338	0.31252	1	0.49172	0.52720	11.58786	1.12358	1	0.75362	0.55253	11.87068	1.12358	1	-0.00186	-0.00794	0.71046	0.00355	1	0.06556	-0.01272	0.67567	0.00373	1	1.45898	0.81042	0	
1276276	8607.11230	3306870722319	0.50057	0.31422	8606.97852	0.09375	12059	0	0.47792	0.30555	1	0.47899	0.33958	1	0.47845	0.32257	1	0.49151	0.52675	11.10817	1.11320	1	0.75342	0.55266	12.41571	1.11320	1	-0.00186	-0.00794	0.71046	0.00359	1	0.06556	-0.01272	0.67567	0.00372	1	1.45898	0.81042	0	
1276277	8607.11914	3306870789056	0.49517	0.31833	8607.09961	0.01953	12060	1	0.47932	0.31374	1	0.47858	0.34763	1	0.47895	0.33068	1	0.49157	0.52767	11.33895	1.10281	1	0.75394	0.55292	11.34256	1.10281	1	-0.00183	-0.00786	0.69841	0.00360	1	0.06556	-0.01272	0.67567	0.00373	1	1.45898	0.81042	0	
1276278	8607.12598	3306870855898	0.49156	0.32280	8607.09961	0.02637	12060	1	0.48059	0.31220	1	0.47374	0.36914	1	0.47716	0.34067	1	0.49152	0.52703	11.02657	1.10281	1	0.75373	0.55266	11.91861	1.10281	1	-0.00183	-0.00786	0.69841	0.00354	1	0.06556	-0.01272	0.67567	0.00366	1	1.45898	0.81042	0	
1276279	8607.13281	3306870922792	0.49148	0.33114	8607.09961	0.03320	12060	1	0.47233	0.33845	1	0.50979	0.40723	1	0.49106	0.37284	1	0.49145	0.52712	10.93815	1.10281	1	0.75387	0.55308	11.30289	1.10281	1	-0.00183	-0.00786	0.69841	0.00356	1	0.06556	-0.01272	0.67567	0.00368	1	1.45898	0.81042	0	
1276280	8607.13965	3306870989923	0.49147	0.33806	8607.09961	0.04004	12060	1	0.47362	0.34541	1	0.50919	0.41380	1	0.49140	0.37960	1	0.49155	0.52735	11.03508	1.09373	1	0.75355	0.55314	12.23528	1.09373	1	-0.00174	-0.00766	0.68095	0.00359	1	0.06556	-0.01272	0.67567	0.00346	1	1.45898	0.81042	0	
1276281	8607.14648	3306871056846	0.49260	0.34384	8607.09961	0.04688	12060	1	0.50869	0.37229	1	0.49234	0.39630	1	0.50051	0.38430	1	0.49154	0.52745	11.10288	1.08464	1	0.75366	0.55317	11.79644	1.08464	1	-0.00174	-0.00766	0.68095	0.00358	1	0.06556	-0.01272	0.67567	0.00358	1	1.45898	0.81042	0	
1276282	8607.15332	3306871124806	0.49327	0.34857	8607.09961	0.05371	12060	1	0.50532	0.34092	1	0.49198	0.43189	1	0.49865	0.38640	1	0.49153	0.52711	11.19074	1.07556	1	0.75361	0.55326	12.08677	1.07556	1	-0.00174	-0.00766	0.68095	0.00357	1	0.06556	-0.01272	0.67567	0.00361	1	1.45898	0.81042	0	
1276283	8607.15918	3306871191258	0.49381	0.35235	8607.09961	0.05957	12060	1	0.50532	0.34092	1	0.49198	0.43189	1	0.49865	0.38640	1	0.49137	0.52685	10.83901	1.07556	1	0.75351	0.55312	12.18735	1.07556	1	-0.00195	-0.00791	0.70324	0.00370	1	0.06556	-0.01272	0.67567	0.00365	1	1.45898	0.81042	0	
1276284	8607.16602	3306871258441	0.49623	0.35601	8607.09961	0.06641	12060	1	0.52959	0.37852	1	0.51123	0.40659	1	0.52041	0.39256	1	0.49150	0.52749	11.14685	1.08464	1	0.75353	0.55311	12.22265	1.08464	1	-0.00195	-0.00791	0.70324	0.00347	1	0.06556	-0.01272	0.67567	0.00371	1	1.45898	0.81042	0	
1276285	8607.17285	3306871325064	0.49755	0.35794	8607.09961	0.07324	12060	1	0.51747	0.35045	1	0.50663	0.40785	1	0.51205	0.37915	1	0.49137	0.52733	11.30274	1.09373	1	0.75350	0.55309	12.09695	1.09373	1	-0.00195	-0.00791	0.70324	0.00357	1	0.06556	-0.01272	0.67567	0.00359	1	1.45898	0.81042	0	
1276286	8607.17969	3306871391417	0.49866	0.35957	8607.09961	0.08008	12060	1	0.51747	0.35045	1	0.50663	0.40785	1	0.51205	0.37915	1	0.49139	0.52705	10.83786	1.09373	1	0.75328	0.55320	12.36324	1.09373	1	-0.00194	-0.00765	0.67972	0.00378	1	0.06556	-0.01272	0.67567	0.00366	1	1.45898	0.81042	0	
1276287	8607.18652	3306871459147	0.49972	0.36136	8607.09961	0.08691	12060	1	0.53657	0.37028	1	0.49031	0.39909	1	0.51344	0.38469	1	0.49157	0.52757	11.37012	1.08464	1	0.75325	0.55303	12.47551	1.08464	1	-0.00194	-0.00765	0.67972	0.00350	1	0.06556	-0.01272	0.67567	0.00360	1	1.45898	0.81042	0	
1276288	8607.19336	3306871526108	0.50078	0.36488	8607.09961	0.09375	12060	1	0.52812	0.41165	1	0.50322	0.41658	1	0.51567	0.41411	1	0.49144	0.52760	11.15012	1.07556	1	0.75345	0.55297	12.18072	1.07556	1	-0.00194	-0.00765	0.67972	0.00347	1	0.06556	-0.01272	0.67567	0.00354	1	1.45898	0.81042	0	
1276289	8607.20020	3306871592821	0.50172	0.36837	8607.09961	0.10059	12060	1	0.52904	0.41813	1	0.50266	0.42323	1	0.51585	0.42068	1	0.49163	0.52756	11.37875	1.06647	1	0.75336	0.55315	12.20441	1.06647	1	-0.00194	-0.00765	0.67972	0.00347	1	0.06556	-0.01272	0.67567	0.00375	1	1.45898	0.81042	0	
1276290	8607.20605	3306871659899	0.50278	0.36924	8607.09961	0.10645	12060	1	0.54566	0.39688	1	0.49359	0.36963	1	0.51963	0.38326	1	0.49170	0.52776	11.30555	1.06647	1	0.75327	0.55255	11.88722	1.06647	1	-0.00194	-0.00765	0.67972	0.00361	1	0.06556	-0.01272	0.67567	0.00396	1	1.45898	0.81042	0	
1276291	8607.21289	3306871727271	0.50324	0.37076	8607.09961	0.11328	12060	1	0.52845	0.39109	1	0.49379	0.40182	1	0.51112	0.39646	1	0.49145	0.52742	11.10631	1.06647	1	0.75331	0.55271	12.22765	1.06647	1	-0.00194	-0.00765	0.67972	0.00358	1	0.06556	-0.01272	0.67567	0.00391	1	1.45898	0.81042	0	
1276292	8607.21973	3306871793914	0.50365	0.37211	8607.09961	0.12012	12060	1	0.52845	0.39109	1	0.49379	0.40182	1	0.51112	0.39646	1	0.49159	0.52745	11.25232	1.06647	1	0.75350	0.55300	12.19643	1.06647	1	-0.00194	-0.00765	0.67972	0.00350	1	0.06556	-0.01272	0.67567	0.00362	1	1.45898	0.81042	0	
1276293	8607.22656	3306871858842	0.50447	0.37198	8607.09961	0.12695	12060	1	0.54407	0.33784	1	0.49578	0.40123	1	0.51993	0.36953	1	0.49175	0.52741	11.16272	1.06647	1	0.75335	0.55287	12.41100	1.06647	1	-0.00194	-0.00765	0.67972	0.00363	1	0.06556	-0.01272	0.67567	0.00356	1	1.45898	0.81042	0	
1276294	8607.23340	3306871927827	0.50508	0.36993	8607.09961	0.13379	12060	1	0.52725	0.26899	1	0.50760	0.38895	1	0.51742	0.32897	1	0.49155	0.52655	10.80371	1.06647	1	0.75350	0.55301	12.19121	1.06647	1	-0.00194	-0.00765	0.67972	0.00379	1	0.06556	-0.01272	0.67567	0.00362	1	1.45898	0.81042	0	
1276295	8607.24023	3306871994703	0.50565	0.36807	8607.09961	0.14062	12060	1	0.52725	0.26899	1	0.50760	0.38895	1	0.51742	0.32897	1	0.49148	0.52681	10.99238	1.06647	1	0.75321	0.55259	11.93308	1.06647	1	-0.00194	-0.00765	0.67972	0.00374	1	0.06556	-0.01272	0.67567	0.00367	1	1.45898	0.81042	0	
1276296	8607.24707	3306872061804	0.50613	0.36892	8607.09961	0.14746	12060	1	0.54157	0.39823	1	0.49196	0.37694	1	0.51676	0.38758	1	0.49164	0.52741	11.35249	1.06647	1	0.75329	0.55255	12.14850	1.06647	1	-0.00194	-0.00765	0.67972	0.00357	1	0.06556	-0.01272	0.67567	0.00367	1	1.45898	0.81042	0	
1276297	8607.25293	3306872128968	0.50633	0.36802	8607.09961	0.15332	12060	1	0.53968	0.34652	1	0.48245	0.34802	1	0.51107	0.34727	1	0.49171	0.52722	11.10723	1.06647	1	0.75324	0.55239	12.18535	1.06647	1	-0.00194	-0.00765	0.67972	0.00365	1	0.06556	-0.01272	0.67567	0.00367	1	1.45898	0.81042	0	
1276298	8607.25977	3306872196120	0.50652	0.36719	8607.09961	0.16016	12060	1	0.53968	0.34652	1	0.48245	0.34802	1	0.51107	0.34727	1	0.49159	0.52700	10.82638	1.06647	1	0.75337	0.55275	12.26374	1.06647	1	-0.00194	-0.00765	0.67972	0.00363	1	0.06556	-0.01272	0.67567	0.00365	1	1.45898	0.81042	0	
1276299	8607.26660	3306872260928	0.50684	0.36744	8607.09961	0.16699	12060	1	0.53700	0.33658	1	0.49269	0.41081	1	0.51485	0.37369	1	0.49161	0.52737	11.08556	1.06647	1	0.75326	0.55289	12.44575	1.06647	1	-0.00194	-0.00765	0.67972	0.00346	1	0.06556	-0.01272	0.67567	0.00358	1	1.45898	0.81042	0	
1276300	8607.27344	3306872328600	0.50645	0.36812	8607.09961	0.17383	12060	1	0.53648	0.33753	1	0.45603	0.43420	1	0.49626	0.38586	1	0.49162	0.52752	11.28225	1.06647	1	0.75271	0.55321	11.70936	1.06647	1	-0.00194	-0.00765	0.67972	0.00344	1	0.06556	-0.01272	0.67567	0.00364	1	1.45898	0.81042	0	
1276301	8607.28027	3306872396761	0.50609	0.36875	8607.09961	0.18066	12060	1	0.53648	0.33753	1	0.45603	0.43420	1	0.49626	0.38586	1	0.49161	0.52787	11.21738	1.06647	1	0.75286	0.55265	11.40584	1.06647	1	-0.00194	-0.00765	0.67972	0.00354	1	0.06556	-0.01272	0.67567	0.00364	1	1.45898	0.81042	0	
1276302	8607.28711	3306872463675	0.50582	0.36794	8607.09961	0.18750	12060	1	0.51738	0.32630	1	0.47923	0.36429	1	0.49831	0.34529	1	0.49133	0.52783	11.54563	1.06647	1	0.75310	0.55257	11.94984	1.06647	1	-0.00194	-0.00765	0.67972	0.00362	1	0.06556	-0.01272	0.67567	0.00366	1	1.45898	0.81042	0	
1276303	8607.29395	3306872530554	0.50564	0.36746	8607.09961	0.19434	12060	1	0.52783	0.33687	1	0.47279	0.36975	1	0.50031	0.35331	1	0.49154	0.52778	10.87580	1.06647	1	0.75297	0.55255	11.42039	1.06647	1	-0.00194	-0.00765	0.67972	0.00366	1	0.06556	-0.01272	0.67567	0.00368	1	1.45898	0.81042	0	
1276304	8607.29980	3306872597660	0.50546	0.36700	8607.09961	0.20020	12060	1	0.52783	0.33687	1	0.47279	0.36975	1	0.50031	0.35331	1	0.49168	0.52801	11.21739	1.06647	1	0.75290	0.55263	11.46654	1.06647	1	-0.00194	-0.00765	0.67972	0.00361	1	0.06556	-0.01272	0.67567	0.00369	1	1.45898	0.81042	0	
1276305	8607.30664	3306872664079	0.50551	0.36775	8607.09961	0.20703	12060	1	0.52502	0.37220	1	0.48853	0.40964	1	0.50678	0.39092	1	0.49143	0.52813	11.74447	1.06647	1	0.75329	0.55306	12.30583	1.06647	1	-0.00194	-0.00765	0.67972	0.00358	1	0.06556	-0.01272	0.67567	0.00348	1	1.45898	0.81042	0	
1276306	8607.31348	3306872730701	0.50570	0.36855	8607.09961	0.21387	12060	1	0.53298	0.40243	1	0.49066	0.38586	1	0.51182	0.39414	1	0.49147	0.52846	11.24844	1.06647	1	0.75323	0.55272	12.05874	1.06647	1	-0.00194	-0.00765	0.67972	0.00351	1	0.06556	-0.01272	0.67567	0.00357	1	1.45898	0.81042	0	
1276307	8607.32031	3306872798452	0.50588	0.36930	8607.09961	0.22070	12060	1	0.53298	0.40243	1	0.49066	0.38586	1	0.51182	0.39414	1	0.49090	0.52850	11.34004	1.06647	1	0.75312	0.55273	11.52039	1.06647	1	-0.00193	-0.00766	0.67667	0.00357	1	0.06556	-0.01272	0.67567	0.00351	1	1.45898	0.81042	0	
1276308	8607.32715	3306872863491	0.50549	0.37010	8607.09961	0.22754	12060	1	0.50052	0.39914	1	0.48425	0.39536	1	0.49239	0.39725	1	0.49096	0.52844	11.05441	1.06647	1	0.75313	0.55273	11.46562	1.06647	1	-0.00193	-0.00766	0.67667	0.00361	1	0.06556	-0.01272	0.67567	0.00354	1	1.45898	0.81042	0	
1276309	8607.33398	3306872932526	0.50532	0.36935	8607.09961	0.23438	12060	1	0.51920	0.38997	1	0.47911	0.29606	1	0.49915	0.34301	1	0.49130	0.52848	10.52622	1.06647	1	0.75296	0.55177	11.06119	1.06647	1	-0.00193	-0.00766	0.67667	0.00354	1	0.06556	-0.01272	0.67567	0.00392	1	1.45898	0.81042	0	
1276310	8607.34082	3306872999993	0.50515	0.36863	8607.09961	0.24121	12060	1	0.51920	0.38997	1	0.47911	0.29606	1	0.49915	0.34301	1	0.49151	0.52857	11.88346	1.06647	1	0.75288	0.55290	11.42804	1.06647	1	-0.00193	-0.00766	0.67667	0.00349	1	0.06605	-0.01289	0.68183	0.00352	1	1.45898	0.81042	0	
1276311	8607.34668	3306873066611	0.50536	0.36856	8607.09961	0.24707	12060	1	0.53515	0.34510	1	0.49157	0.38681	1	0.51336	0.36596	1	0.49153	0.52801	10.84869	1.06647	1	0.75295	0.55272	11.35916	1.06647	1	-0.00193	-0.00766	0.67667	0.00375	1	0.06605	-0.01289	0.68183	0.00358	1	1.45898	0.81042	0	
1276312	8607.35352	3306873133535	0.50596	0.36982	8607.09961	0.25391	12060	1	0.54013	0.39248	1	0.51738	0.44266	1	0.52876	0.41757	1	0.49161	0.52842	9.88526	1.06647	1	0.75288	0.55310	11.43202	1.06647	1	-0.00193	-0.00766	0.67667	0.00334	1	0.06605	-0.01289	0.68183	0.00364	1	1.45898	0.81042	0	
1276313	8607.36035	3306873200105	0.50625	0.37164	8607.09961	0.26074	12060	1	0.54013	0.39248	0	0.51738	0.44266	1	0.51738	0.44266	1	0.49161	0.52842	9.88526	1.06647	0	0.75311	0.55443	11.34825	1.06647	1	-0.00193	-0.00766	0.67667	0.00334	1	0.06528	-0.01255	0.67486	0.00384	1	1.45898	0.81042	0	
1276314	8607.36719	3306873267325	0.50880	0.41625	8607.09961	0.26074	12060	0	0.54013	0.39248	0	0.52439	0.79975	1	0.52439	0.79975	1	0.49161	0.52842	9.88526	1.06647	0	0.75359	0.55600	12.16091	1.06647	1	-0.00193	-0.00766	0.67667	0.00334	1	0.06528	-0.01255	0.67486	0.00297	1	1.45898	0.81042	0	
1276315	8607.37402	3306873333137	0.50880	0.41625	8607.09961	0.26074	12060	0	0.54013	0.39248	0	0.52439	0.79975	0	0.52439	0.79975	0	0.49161	0.52842	9.88526	1.06647	0	0.75359	0.55600	12.16091	1.06647	0	-0.00193	-0.00766	0.67667	0.00334	1	0.06528	-0.01255	0.67486	0.00297	1	1.45898	0.81042	0	
1276316	8607.38086	3306873400986	0.50880	0.41625	8607.09961	0.26074	12060	0	0.54013	0.39248	0	0.52439	0.79975	0	0.52439	0.79975	0	0.49161	0.52842	9.88526	1.06647	0	0.75359	0.55600	12.16091	1.06647	0	-0.00193	-0.00766	0.67667	0.00334	1	0.06528	-0.01255	0.67486	0.00297	1	1.45898	0.81042	0	
1276317	8607.38672	3306873467210	0.00000	0.00000	8607.09961	0.26074	12060	0	0.54013	0.39248	0	0.52439	0.79975	0	0.52439	0.79975	0	0.49161	0.52842	9.88526	1.06647	0	0.75359	0.55600	12.16091	1.06647	0	-0.00193	-0.00766	0.67667	0.00334	1	0.06528	-0.01255	0.67486	0.00297	1	1.45898	0.81042	0	
1276318	8607.39355	3306873532806	0.00000	0.00000	8607.09961	0.26074	12060	0	0.54013	0.39248	0	0.52439	0.79975	0	0.52439	0.79975	0	0.49161	0.52842	9.88526	1.06647	0	0.75359	0.55600	12.16091	1.06647	0	-0.00193	-0.00766	0.67667	0.00334	1	0.06528	-0.01255	0.67486	0.00297	1	1.45898	0.81042	0	
1276319	8607.40039	3306873598068	0.00000	0.00000	8607.09961	0.26074	12060	0	0.54013	0.39248	0	0.52439	0.79975	0	0.52439	0.79975	0	0.49161	0.52842	9.88526	1.06647	0	0.75359	0.55600	12.16091	1.06647	0	-0.00193	-0.00766	0.67667	0.00334	1	0.06528	-0.01255	0.67486	0.00297	1	1.45898	0.81042	0	
1276320	8607.40723	3306873666251	0.00000	0.00000	8607.09961	0.26074	12060	0	0.54013	0.39248	0	0.52439	0.79975	0	0.52439	0.79975	0	0.49161	0.52842	9.88526	1.06647	0	0.75359	0.55600	12.16091	1.06647	0	-0.00193	-0.00766	0.67667	0.00334	1	0.06528	-0.01255	0.67486	0.00297	1	1.45898	0.81042	0	
1276321	8607.41406	3306873733342	0.00000	0.00000	8607.09961	0.26074	12060	0	0.54013	0.39248	0	0.52439	0.79975	0	0.52439	0.79975	0	0.49161	0.52842	9.88526	1.06647	0	0.75359	0.55600	12.16091	1.06647	0	-0.00193	-0.00766	0.67667	0.00334	1	0.06528	-0.01255	0.67486	0.00297	1	1.45898	0.81042	0	
1276322	8607.42090	3306873800946	0.00000	0.00000	8607.09961	0.26074	12060	0	0.54013	0.39248	0	0.52439	0.79975	0	0.52439	0.79975	0	0.49161	0.52842	9.88526	1.06647	0	0.75359	0.55600	12.16091	1.06647	0	-0.00193	-0.00766	0.67667	0.00334	1	0.06528	-0.01255	0.67486	0.00297	1	1.45898	0.81042	0	
1276323	8607.42773	3306873869188	0.00000	0.00000	8607.09961	0.26074	12060	0	0.54013	0.39248	0	0.52439	0.79975	0	0.52439	0.79975	0	0.49161	0.52842	9.88526	1.06647	0	0.75359	0.55600	12.16091	1.06647	0	-0.00193	-0.00766	0.67667	0.00334	1	0.06528	-0.01255	0.67486	0.00297	1	1.45898	0.81042	0	
1276324	8607.43359	3306873933020	0.00000	0.00000	8607.09961	0.26074	12060	0	0.54013	0.39248	0	0.52439	0.79975	0	0.52439	0.79975	0	0.49161	0.52842	9.88526	1.06647	0	0.75359	0.55600	12.16091	1.06647	0	-0.00193	-0.00766	0.67667	0.00334	1	0.06528	-0.01255	0.67486	0.00297	1	1.45898	0.81042	0	
1276325	8607.44043	3306874002242	0.00000	0.00000	8607.09961	0.26074	12060	0	0.54013	0.39248	0	0.52439	0.79975	0	0.52439	0.79975	0	0.49161	0.52842	9.88526	1.06647	0	0.75359	0.55600	12.16091	1.06647	0	-0.00193	-0.00766	0.67667	0.00334	1	0.06528	-0.01255	0.67486	0.00297	1	1.45898	0.81042	0	
1276326	8607.44727	3306874070705	0.00000	0.00000	8607.09961	0.26074	12060	0	0.54013	0.39248	0	0.52439	0.79975	0	0.52439	0.79975	0	0.49161	0.52842	9.88526	1.06647	0	0.75359	0.55600	12.16091	1.06647	0	-0.00193	-0.00766	0.67667	0.00334	1	0.06528	-0.01255	0.67486	0.00297	1	1.45898	0.81042	0	
1276327	8607.45410	3306874138215	0.00000	0.00000	8607.09961	0.26074	12060	0	0.54013	0.39248	0	0.52439	0.79975	0	0.52439	0.79975	0	0.49161	0.52842	9.88526	1.06647	0	0.75359	0.55600	12.16091	1.06647	0	-0.00193	-0.00766	0.67667	0.00334	1	0.06528	-0.01255	0.67486	0.00297	1	1.45898	0.81042	0	
1276328	8607.46094	3306874205121	0.00000	0.00000	8607.09961	0.26074	12060	0	0.54013	0.39248	0	0.52439	0.79975	0	0.52439	0.79975	0	0.49161	0.52842	9.88526	1.06647	0	0.75359	0.55600	12.16091	1.06647	0	-0.00193	-0.00766	0.67667	0.00334	1	0.06528	-0.01255	0.67486	0.00297	1	1.45898	0.81042	0	
1276329	8607.46777	3306874272400	0.00000	0.00000	8607.09961	0.26074	12060	0	0.54013	0.39248	0	0.52439	0.79975	0	0.52439	0.79975	0	0.49161	0.52842	9.88526	1.06647	0	0.75359	0.55600	12.16091	1.06647	0	-0.00193	-0.00766	0.67667	0.00334	1	0.06528	-0.01255	0.67486	0.00297	1	1.45898	0.81042	0	
1276330	8607.47461	3306874339179	0.00000	0.00000	8607.09961	0.26074	12060	0	0.54013	0.39248	0	0.52439	0.79975	0	0.52439	0.79975	0	0.49161	0.52842	9.88526	1.06647	0	0.75359	0.55600	12.16091	1.06647	0	-0.00193	-0.00766	0.67667	0.00334	1	0.06528	-0.01255	0.67486	0.00297	1	1.45898	0.81042	0	
1276331	8607.48145	3306874406025	0.00000	0.00000	8607.09961	0.26074	12060	0	0.54013	0.39248	0	0.52439	0.79975	0	0.52439	0.79975	0	0.49161	0.52842	9.88526	1.06647	0	0.75359	0.55600	12.16091	1.06647	0	-0.00193	-0.00766	0.67667	0.00334	1	0.06528	-0.01255	0.67486	0.00297	1	1.45898	0.81042	0	
1276332	8607.48730	3306874472853	0.00000	0.00000	8607.09961	0.26074	12060	0	0.54013	0.39248	0	0.52439	0.79975	0	0.52439	0.79975	0	0.49161	0.52842	9.88526	1.06647	0	0.75359	0.55600	12.16091	1.06647	0	-0.00193	-0.00766	0.67667	0.00334	1	0.06528	-0.01255	0.67486	0.00297	1	1.45898	0.81042	0	
1276333	8607.49414	3306874540002	0.00000	0.00000	8607.09961	0.26074	12060	0	0.54013	0.39248	0	0.52439	0.79975	0	0.52439	0.79975	0	0.49161	0.52842	9.88526	1.06647	0	0.75359	0.55600	12.16091	1.06647	0	-0.00193	-0.00766	0.67667	0.00334	1	0.06528	-0.01255	0.67486	0.00297	1	1.45898	0.81042	0	
1276334	8607.50098	3306874607164	0.00000	0.00000	8607.09961	0.26074	12060	0	0.54013	0.39248	0	0.52439	0.79975	0	0.52439	0.79975	0	0.49161	0.52842	9.88526	1.06647	0	0.75359	0.55600	12.16091	1.06647	0	-0.00193	-0.00766	0.67667	0.00334	1	0.06528	-0.01255	0.67486	0.00297	1	1.45898	0.81042	0	
1276335	8607.50781	3306874674123	0.00000	0.00000	8607.09961	0.26074	12060	0	0.54013	0.39248	0	0.52439	0.79975	0	0.52439	0.79975	0	0.49161	0.52842	9.88526	1.06647	0	0.75359	0.55600	12.16091	1.06647	0	-0.00193	-0.00766	0.67667	0.00334	1	0.06528	-0.01255	0.67486	0.00297	1	1.45898	0.81042	0	
1276336	8607.51465	3306874741009	0.00000	0.00000	8607.09961	0.26074	12060	0	0.54013	0.39248	0	0.52439	0.79975	0	0.52439	0.79975	0	0.49161	0.52842	9.88526	1.06647	0	0.75359	0.55600	12.16091	1.06647	0	-0.00193	-0.00766	0.67667	0.00334	1	0.06528	-0.01255	0.67486	0.00297	1	1.45898	0.81042	0	
1276337	8607.52148	3306874807632	0.00000	0.00000	8607.09961	0.26074	12060	0	0.54013	0.39248	0	0.52439	0.79975	0	0.52439	0.79975	0	0.49161	0.52842	9.88526	1.06647	0	0.75359	0.55600	12.16091	1.06647	0	-0.00193	-0.00766	0.67667	0.00334	1	0.06528	-0.01255	0.67486	0.00297	1	1.45898	0.81042	0	
1276338	8607.52832	3306874874987	0.51760	0.33569	8607.09961	0.26074	12060	0	0.54562	0.36010	1	0.48958	0.31127	1	0.51760	0.33569	1	0.49100	0.52705	11.07137	1.06647	1	0.75249	0.55194	12.12653	1.06647	1	-0.00193	-0.00766	0.67667	0.00365	1	0.06528	-0.01255	0.67486	0.00375	1	1.45898	0.81042	0	
1276339	8607.53516	3306874941875	0.52116	0.35368	8607.09961	0.26074	12060	0	0.55013	0.34880	1	0.49933	0.39454	1	0.52473	0.37167	1	0.49103	0.52702	11.12900	1.06647	1	0.75260	0.55221	12.36122	1.06647	1	-0.00193	-0.00766	0.67667	0.00363	1	0.06528	-0.01255	0.67486	0.00372	1	1.45898	0.81042	0	
1276340	8607.54102	3306875008627	0.52244	0.35858	8607.09961	0.26074	12060	0	0.55013	0.34880	1	0.49984	0.38796	1	0.52498	0.36838	1	0.49083	0.52717	11.33694	1.06647	1	0.75243	0.55245	12.72140	1.07515	1	-0.00213	-0.00755	0.67521	0.00353	1	0.06745	-0.01303	0.69781	0.00370	1	1.45898	0.81042	0	
1276341	8607.54785	3306875073655	0.52239	0.35975	8607.52832	0.01953	12061	1	0.54706	0.36131	1	0.49742	0.36523	1	0.52224	0.36327	1	0.49096	0.52710	11.72651	1.07515	1	0.75259	0.55249	12.44135	1.08383	1	-0.00213	-0.00755	0.67521	0.00356	1	0.06745	-0.01303	0.69781	0.00374	1	1.45898	0.81042	0	
1276342	8607.55469	3306875141964	0.52090	0.35757	8607.52832	0.02637	12061	1	0.53123	0.35669	1	0.49869	0.34096	1	0.51496	0.34883	1	0.49071	0.52706	11.20449	1.08383	1	0.75255	0.55234	12.53549	1.09251	1	-0.00213	-0.00755	0.67521	0.00359	1	0.06745	-0.01303	0.69781	0.00365	1	1.45898	0.81042	0	
1276343	8607.56152	3306875208028	0.51988	0.35499	8607.52832	0.03320	12061	1	0.53039	0.35010	1	0.49918	0.33411	1	0.51479	0.34211	1	0.49085	0.52740	11.57885	1.09251	1	0.75246	0.55232	12.42249	1.10119	1	-0.00213	-0.00755	0.67521	0.00359	1	0.06788	-0.01317	0.70226	0.00366	1	1.45898	0.81042	0	
1276344	8607.56738	3306875273327	0.51876	0.34790	8607.52832	0.03906	12061	1	0.53021	0.30060	1	0.49381	0.31014	1	0.51201	0.30537	1	0.49079	0.52701	11.17982	1.10119	1	0.75255	0.55204	12.37448	1.10119	1	-0.00213	-0.00755	0.67521	0.00367	1	0.06788	-0.01317	0.70226	0.00377	1	1.45898	0.81042	0	
1276345	8607.57422	3306875341285	0.51771	0.34649	8607.52832	0.04590	12061	1	0.53269	0.34875	1	0.48803	0.32454	1	0.51036	0.33665	1	0.49079	0.52705	11.08160	1.10119	1	0.75244	0.55232	12.61455	1.10119	1	-0.00213	-0.00755	0.67521	0.00365	1	0.06788	-0.01317	0.70226	0.00375	1	1.45898	0.81042	0	
1276346	8607.58105	3306875408756	0.51687	0.34579	8607.52832	0.05273	12061	1	0.53269	0.34875	1	0.48762	0.33146	1	0.51015	0.34011	1	0.49048	0.52746	11.84436	1.10119	1	0.75224	0.55242	13.09642	1.09251	1	-0.00213	-0.00755	0.67521	0.00347	1	0.06528	-0.01265	0.67486	0.00375	1	1.45898	0.81042	0	
1276347	8607.58789	3306875475083	0.51470	0.34689	8607.52832	0.05957	12061	1	0.51995	0.35387	1	0.47036	0.35971	1	0.49516	0.35679	1	0.49062	0.52699	11.05996	1.09251	1	0.75214	0.55243	13.13427	1.08383	1	-0.00213	-0.00755	0.67521	0.00372	1	0.06528	-0.01265	0.67486	0.00378	1	1.45898	0.81042	0	
1276348	8607.59473	3306875540917	0.51378	0.34588	8607.52832	0.06641	12061	1	0.52816	0.31326	1	0.48095	0.35832	1	0.50455	0.33579	1	0.49068	0.52710	11.09117	1.08383	1	0.75229	0.55250	13.20193	1.07515	1	-0.00213	-0.00755	0.67521	0.00357	1	0.06528	-0.01265	0.67486	0.00370	1	1.45898	0.81042	0	
1276349	8607.60156	3306875610821	0.51303	0.34561	8607.52832	0.07324	12061	1	0.52902	0.32020	1	0.48059	0.36513	1	0.50481	0.34266	1	0.49074	0.52720	11.03951	1.07515	1	0.75229	0.55240	13.07419	1.06647	1	-0.00213	-0.00755	0.67521	0.00357	1	0.06528	-0.01265	0.67486	0.00376	1	1.45898	0.81042	0	
1276350	8607.60840	3306875677359	0.51037	0.34914	8607.52832	0.08008	12061	1	0.49102	0.42578	1	0.46588	0.35731	1	0.47845	0.39154	1	0.49004	0.52761	11.43935	1.06647	1	0.75200	0.55228	13.11604	1.06647	1	-0.00213	-0.00755	0.67521	0.00345	1	0.06528	-0.01265	0.67486	0.00378	1	1.45898	0.81042	0	
1276351	8607.61523	3306875745262	0.50920	0.35147	8607.52832	0.08691	12061	1	0.51874	0.39419	1	0.46933	0.36922	1	0.49403	0.38171	1	0.49053	0.52748	12.24319	1.06647	1	0.75210	0.55251	13.26695	1.06647	1	-0.00213	-0.00755	0.67521	0.00345	1	0.06528	-0.01265	0.67486	0.00373	1	1.45898	0.81042	0	
1276352	8607.62207	3306875812674	0.50820	0.35326	8607.52832	0.09375	12061	1	0.51874	0.39419	1	0.46961	0.36245	1	0.49417	0.37832	1	0.49023	0.52747	11.32521	1.06647	1	0.75238	0.55224	12.94078	1.07515	1	-0.00213	-0.00755	0.67521	0.00346	1	0.06788	-0.01317	0.70226	0.00375	1	1.45898	0.81042	0	
1276353	8607.62793	3306875878937	0.50683	0.35333	8607.52832	0.09961	12061	1	0.49486	0.38289	1	0.47772	0.32589	1	0.48629	0.35439	1	0.49014	0.52736	11.40219	1.07515	1	0.75227	0.55218	12.97096	1.08383	1	-0.00213	-0.00755	0.67521	0.00341	1	0.06788	-0.01317	0.70226	0.00376	1	1.45898	0.81042	0	
1276354	8607.63477	3306875946978	0.50566	0.35485	8607.52832	0.10645	12061	1	0.50188	0.39537	1	0.47198	0.36302	1	0.48693	0.37919	1	0.49032	0.52768	11.81547	1.08383	1	0.75207	0.55252	13.16866	1.09251	1	-0.00213	-0.00755	0.67521	0.00348	1	0.06788	-0.01317	0.70226	0.00375	1	1.45898	0.81042	0	
1276355	8607.64160	3306876014575	0.50460	0.35584	8607.52832	0.11328	12061	1	0.50083	0.38907	1	0.47227	0.35636	1	0.48655	0.37272	1	0.49025	0.52769	11.74595	1.09251	1	0.75210	0.55251	13.11883	1.10119	1	-0.00213	-0.00755	0.67521	0.00347	1	0.06788	-0.01317	0.70226	0.00371	1	1.45898	0.81042	0	
1276356	8607.64844	3306876079799	0.50389	0.35480	8607.52832	0.12012	12061	1	0.49744	0.35439	1	0.48491	0.31774	1	0.49118	0.33607	1	0.49027	0.52774	12.00195	1.10119	1	0.75230	0.55236	12.84995	1.10119	1	-0.00213	-0.00755	0.67521	0.00346	1	0.06788	-0.01317	0.70226	0.00374	1	1.45898	0.81042	0	
1276357	8607.65527	3306876147579	0.50325	0.35441	8607.52832	0.12695	12061	1	0.50132	0.37800	1	0.48076	0.31594	1	0.49104	0.34697	1	0.49026	0.52803	11.70335	1.10119	1	0.75227	0.55229	13.00396	1.10119	1	-0.00213	-0.00755	0.67521	0.00361	1	0.06788	-0.01317	0.70226	0.00372	1	1.45898	0.81042	0	
1276358	8607.66211	3306876215281	0.50266	0.35422	8607.52832	0.13379	12061	1	0.50132	0.37800	1	0.48041	0.32293	1	0.49087	0.35046	1	0.49060	0.52784	12.02174	1.10119	1	0.75218	0.55235	13.06853	1.09251	1	-0.00215	-0.00769	0.68346	0.00364	1	0.06528	-0.01265	0.67486	0.00368	1	1.45898	0.81042	0	
1276359	8607.66895	3306876281792	0.50180	0.35340	8607.52832	0.14062	12061	1	0.51010	0.33539	1	0.45762	0.33675	1	0.48386	0.33607	1	0.49041	0.52765	12.00758	1.09251	1	0.75186	0.55235	13.11084	1.08383	1	-0.00215	-0.00769	0.68346	0.00390	1	0.06528	-0.01265	0.67486	0.00380	1	1.45898	0.81042	0	
1276360	8607.67578	3306876349666	0.50155	0.35291	8607.52832	0.14746	12061	1	0.51358	0.32780	1	0.47852	0.35677	1	0.49605	0.34228	1	0.49050	0.52729	11.75275	1.08383	1	0.75226	0.55228	12.84906	1.07515	1	-0.00215	-0.00769	0.68346	0.00386	1	0.06528	-0.01265	0.67486	0.00370	1	1.45898	0.81042	0	
1276361	8607.68164	3306876416030	0.50134	0.35276	8607.52832	0.15332	12061	1	0.51454	0.33463	1	0.47817	0.36359	1	0.49636	0.34911	1	0.49084	0.52738	11.25304	1.07515	1	0.75216	0.55263	13.32825	1.06647	1	-0.00215	-0.00769	0.68346	0.00390	1	0.06528	-0.01265	0.67486	0.00363	1	1.45898	0.81042	0	
1276362	8607.68848	3306876482087	0.50167	0.35281	8607.52832	0.16016	12061	1	0.53410	0.33148	1	0.48531	0.37667	1	0.50970	0.35408	1	0.49075	0.52719	11.09951	1.06647	1	0.75231	0.55244	13.25148	1.06647	1	-0.00215	-0.00769	0.68346	0.00395	1	0.06528	-0.01265	0.67486	0.00367	1	1.45898	0.81042	0	
1276363	8607.69531	3306876549682	0.50188	0.35211	8607.52832	0.16699	12061	1	0.52917	0.28602	1	0.48511	0.38317	1	0.50714	0.33460	1	0.49074	0.52714	10.97131	1.06647	1	0.75226	0.55256	13.28232	1.06647	1	-0.00215	-0.00769	0.68346	0.00396	1	0.06528	-0.01265	0.67486	0.00368	1	1.45898	0.81042	0	
1276364	8607.70215	3306876616405	0.50208	0.35146	8607.52832	0.17383	12061	1	0.52917	0.28602	1	0.48511	0.38317	1	0.50714	0.33460	1	0.49070	0.52705	10.90699	1.06647	1	0.75211	0.55245	13.04470	1.06647	1	-0.00215	-0.00779	0.68346	0.00400	1	0.06605	-0.01286	0.68288	0.00373	1	1.45898	0.81042	0	
1276365	8607.70898	3306876683406	0.50215	0.35105	8607.52832	0.18066	12061	1	0.53138	0.28895	1	0.47699	0.39079	1	0.50418	0.33987	1	0.49079	0.52729	11.17735	1.06647	1	0.75221	0.55264	13.00756	1.06647	1	-0.00215	-0.00779	0.68346	0.00394	1	0.06605	-0.01286	0.68288	0.00362	1	1.45898	0.81042	0	
1276366	8607.71582	3306876750441	0.50217	0.35032	8607.52832	0.18750	12061	1	0.53102	0.28801	1	0.47435	0.37200	1	0.50269	0.33000	1	0.49079	0.52729	11.17735	1.06647	1	0.75217	0.55250	13.01591	1.06647	1	-0.00215	-0.00779	0.68346	0.00394	1	0.06605	-0.01286	0.68288	0.00367	1	1.45898	0.81042	0	
1276367	8607.72266	3306876817468	0.50219	0.34964	8607.52832	0.19434	12061	1	0.53102	0.28801	1	0.47435	0.37200	1	0.50269	0.33000	1	0.49052	0.52803	11.99475	1.06647	1	0.75210	0.55267	13.27280	1.06647	1	-0.00213	-0.00775	0.67521	0.00361	1	0.06605	-0.01286	0.68288	0.00359	1	1.45898	0.81042	0	
1276368	8607.72852	3306876882574	0.50196	0.34884	8607.52832	0.20020	12061	1	0.51710	0.30395	1	0.47337	0.34567	1	0.49524	0.32481	1	0.49051	0.52742	11.86524	1.06647	1	0.75214	0.55233	13.19136	1.06647	1	-0.00213	-0.00775	0.67521	0.00385	1	0.06605	-0.01286	0.68288	0.00382	1	1.45898	0.81042	0	
1276369	8607.73535	3306876951324	0.50169	0.34867	8607.52832	0.20703	12061	1	0.51451	0.32152	1	0.47178	0.36485	1	0.49315	0.34318	1	0.49045	0.52757	11.83751	1.06647	1	0.75218	0.55229	13.09315	1.06647	1	-0.00213	-0.00775	0.67521	0.00380	1	0.06605	-0.01286	0.68288	0.00374	1	1.45898	0.81042	0	
1276370	8607.74219	3306877018542	0.50143	0.34850	8607.52832	0.21387	12061	1	0.51451	0.32152	1	0.47178	0.36485	1	0.49315	0.34318	1	0.49050	0.52777	12.06723	1.06647	1	0.75218	0.55215	13.08881	1.06647	1	-0.00213	-0.00775	0.67521	0.00387	1	0.06605	-0.01286	0.68288	0.00385	1	1.45898	0.81042	0	
1276371	8607.74902	3306877085406	0.50120	0.34913	8607.52832	0.22070	12061	1	0.51704	0.39395	1	0.47035	0.34570	1	0.49369	0.36983	1	0.49050	0.52834	12.40873	1.06647	1	0.75209	0.55226	13.29427	1.06647	1	-0.00213	-0.00775	0.67521	0.00366	1	0.06605	-0.01286	0.68288	0.00385	1	1.45898	0.81042	0	
1276372	8607.75586	3306877152314	0.50116	0.35001	8607.52832	0.22754	12061	1	0.52240	0.40288	1	0.47725	0.35707	1	0.49983	0.37998	1	0.49057	0.52844	12.37569	1.06647	1	0.75220	0.55232	13.05653	1.06647	1	-0.00213	-0.00775	0.67521	0.00362	1	0.06605	-0.01286	0.68288	0.00381	1	1.45898	0.81042	0	
1276373	8607.76172	3306877216454	0.50113	0.35084	8607.52832	0.23340	12061	1	0.52240	0.40288	1	0.47725	0.35707	1	0.49983	0.37998	1	0.49063	0.52854	12.27546	1.06647	1	0.75212	0.55241	13.26032	1.06647	1	-0.00213	-0.00775	0.67521	0.00358	1	0.06528	-0.01275	0.67486	0.00369	1	1.45898	0.81042	0	
1276374	8607.76953	3306877286124	0.50098	0.35226	8607.52832	0.24121	12061	1	0.51875	0.42374	1	0.47249	0.38323	1	0.49562	0.40348	1	0.49044	0.52872	12.30118	1.06647	1	0.75211	0.55256	13.44929	1.06647	1	-0.00213	-0.00775	0.67521	0.00354	1	0.06528	-0.01275	0.67486	0.00359	1	1.45898	0.81042	0	
1276375	8607.77539	3306877353183	0.50081	0.35364	8607.52832	0.24707	12061	1	0.52059	0.42774	1	0.46848	0.38154	1	0.49453	0.40464	1	0.49047	0.52865	12.05572	1.06647	1	0.75210	0.55253	13.36993	1.06647	1	-0.00213	-0.00775	0.67521	0.00356	1	0.06528	-0.01275	0.67486	0.00366	1	1.45898	0.81042	0	
1276376	8607.78223	3306877417854	0.50065	0.35495	8607.52832	0.25391	12061	1	0.52059	0.42774	1	0.46848	0.38154	1	0.49453	0.40464	1	0.49052	0.52864	12.26567	1.06647	1	0.75231	0.55173	12.84147	1.06647	1	-0.00213	-0.00775	0.67521	0.00355	1	0.06528	-0.01275	0.67486	0.00390	1	1.45898	0.81042	0	
1276377	8607.78906	3306877485220	0.50076	0.35493	8607.52832	0.26074	12061	1	0.52542	0.38380	1	0.48465	0.32486	1	0.50503	0.35433	1	0.49060	0.52860	12.46164	1.06647	1	0.75229	0.55211	12.85569	1.06647	1	-0.00213	-0.00775	0.67521	0.00347	1	0.06528	-0.01275	0.67486	0.00400	1	1.45898	0.81042	0	
1276378	8607.79590	3306877551786	0.50055	0.35539	8607.52832	0.26758	12061	1	0.52233	0.38997	1	0.46273	0.35702	1	0.49253	0.37350	1	0.49055	0.52849	12.21226	1.06647	1	0.75210	0.55246	13.08690	1.06647	1	-0.00213	-0.00775	0.67521	0.00353	1	0.06528	-0.01275	0.67486	0.00368	1	1.45898	0.81042	0	
1276379	8607.80273	3306877617864	0.50036	0.35582	8607.52832	0.27441	12061	1	0.52233	0.38997	1	0.46273	0.35702	1	0.49253	0.37350	1	0.49052	0.52852	12.21660	1.06647	1	0.75218	0.55270	12.85131	1.06647	1	-0.00213	-0.00775	0.67521	0.00347	1	0.06528	-0.01275	0.67486	0.00364	1	1.45898	0.81042	0	
1276380	8607.80957	3306877686915	0.50057	0.35691	8607.52832	0.28125	12061	1	0.54394	0.38564	1	0.47417	0.42029	1	0.50905	0.40296	1	0.49083	0.52835	12.12756	1.06647	1	0.75228	0.55313	12.55821	1.06647	1	-0.00213	-0.00775	0.67521	0.00351	1	0.06528	-0.01275	0.67486	0.00382	1	1.45898	0.81042	0	
1276381	8607.81543	3306877752977	0.50038	0.35788	8607.52832	0.28711	12061	1	0.51868	0.42149	1	0.46630	0.37735	1	0.49249	0.39942	1	0.49045	0.52862	12.19575	1.06647	1	0.75205	0.55249	13.03310	1.06647	1	-0.00213	-0.00775	0.67521	0.00345	1	0.06528	-0.01275	0.67486	0.00410	1	1.45898	0.81042	0	
1276382	8607.82227	3306877821394	0.49685	0.38714	8607.52832	0.28711	12061	0	0.51868	0.42149	1	0.46630	0.37735	1	0.49249	0.39942	1	0.49049	0.52854	11.99351	1.06647	1	0.75209	0.55262	13.06605	1.06647	1	-0.00213	-0.00775	0.67521	0.00345	1	0.06528	-0.01275	0.67486	0.00405	1	1.45898	0.81042	0	
1276383	8607.82910	3306877888110	0.49750	0.38281	8607.52832	0.28711	12061	0	0.53675	0.40599	1	0.45954	0.35098	1	0.49814	0.37848	1	0.49079	0.52857	11.57765	1.06647	1	0.75194	0.55317	13.00042	1.06647	1	-0.00213	-0.00775	0.67521	0.00352	1	0.06528	-0.01275	0.67486	0.00383	1	1.45898	0.81042	0	
1276384	8607.83594	3306877952885	0.49850	0.38006	8607.52832	0.28711	12061	0	0.53967	0.41523	1	0.46133	0.33387	1	0.50050	0.37455	1	0.49085	0.52871	11.48598	1.06647	1	0.75194	0.55303	13.00346	1.06647	1	-0.00213	-0.00775	0.67521	0.00345	1	0.06528	-0.01275	0.67486	0.00388	1	1.45898	0.81042	0	
1276385	8607.84277	3306878020627	0.49900	0.37868	8607.82227	0.02051	12062	1	0.53967	0.41523	1	0.46133	0.33387	1	0.50050	0.37455	1	0.49069	0.52819	11.36300	1.06647	1	0.75223	0.55320	12.76271	1.06647	1	-0.00213	-0.00775	0.67521	0.00367	1	0.06528	-0.01275	0.67486	0.00378	1	1.45898	0.81042	0	
1276386	8607.84863	3306878086283	0.50045	0.37320	8607.82227	0.02637	12062	1	0.53581	0.33452	1	0.47672	0.36805	1	0.50627	0.35128	1	0.49080	0.52776	11.18541	1.06647	1	0.75224	0.55325	12.79085	1.06647	1	-0.00213	-0.00775	0.67521	0.00395	1	0.06528	-0.01275	0.67486	0.00376	1	1.45898	0.81042	0	
1276387	8607.85645	3306878156644	0.50332	0.37056	8607.82227	0.03418	12062	1	0.54198	0.36578	1	0.49331	0.34894	1	0.51764	0.35736	1	0.49083	0.52813	11.22995	1.06647	1	0.75247	0.55305	12.30297	1.06647	1	-0.00213	-0.00775	0.67521	0.00379	1	0.06528	-0.01275	0.67486	0.00381	1	1.45898	0.81042	0	
1276388	8607.86328	3306878224007	0.50536	0.36868	8607.82227	0.04102	12062	1	0.54198	0.36578	1	0.49331	0.34894	1	0.51764	0.35736	1	0.49056	0.52825	11.06698	1.06647	1	0.75212	0.55364	12.85916	1.06647	1	-0.00215	-0.00789	0.68346	0.00356	1	0.06621	-0.01299	0.68452	0.00366	1	1.45898	0.81042	0	
1276389	8607.86914	3306878291075	0.50636	0.37130	8607.82227	0.04688	12062	1	0.53121	0.41734	1	0.49549	0.36205	1	0.51335	0.38969	1	0.49071	0.52883	11.36289	1.06647	1	0.75245	0.55340	12.20140	1.06647	1	-0.00215	-0.00789	0.68346	0.00348	1	0.06621	-0.01299	0.68452	0.00370	1	1.45898	0.81042	0	
1276390	8607.87598	3306878358167	0.50592	0.37015	8607.82227	0.05371	12062	1	0.52627	0.36704	1	0.47851	0.35475	1	0.50239	0.36089	1	0.49065	0.52851	10.99749	1.06647	1	0.75224	0.55337	11.91600	1.06647	1	-0.00215	-0.00789	0.68346	0.00375	1	0.06621	-0.01299	0.68452	0.00371	1	1.45898	0.81042	0	
1276391	8607.88281	3306878425378	0.50557	0.36922	8607.82227	0.06055	12062	1	0.52627	0.36704	1	0.47851	0.35475	1	0.50239	0.36089	1	0.49028	0.52847	11.98078	1.06647	1	0.75187	0.55337	12.51951	1.06647	1	-0.00213	-0.00775	0.67521	0.00348	1	0.06578	-0.01292	0.68112	0.00368	1	1.45898	0.81042	0	
1276392	8607.88965	3306878492077	0.50302	0.36925	8607.82227	0.06738	12062	1	0.50018	0.37549	1	0.45496	0.36362	1	0.47757	0.36956	1	0.49024	0.52867	11.98227	1.06647	1	0.75183	0.55358	12.12241	1.06647	1	-0.00213	-0.00775	0.67521	0.00361	1	0.06578	-0.01292	0.68112	0.00376	1	1.45898	0.81042	0	
1276393	8607.89648	3306878559094	0.50090	0.36798	8607.82227	0.07422	12062	1	0.49571	0.32589	1	0.45935	0.38206	1	0.47753	0.35398	1	0.49024	0.52855	11.43933	1.06647	1	0.75195	0.55361	12.13002	1.06647	1	-0.00213	-0.00775	0.67521	0.00373	1	0.06578	-0.01292	0.68112	0.00375	1	1.45898	0.81042	0	
1276394	8607.90332	3306878625907	0.49911	0.36665	8607.82227	0.08105	12062	1	0.49571	0.32589	1	0.45955	0.37540	1	0.47763	0.35065	1	0.49015	0.52807	11.23161	1.06647	1	0.75197	0.55348	12.12800	1.07515	1	-0.00215	-0.00789	0.68346	0.00382	1	0.06750	-0.01322	0.69943	0.00381	1	1.45898	0.81042	0	
1276395	8607.91016	3306878692874	0.49777	0.36651	8607.82227	0.08789	12062	1	0.49588	0.35072	1	0.46487	0.37877	1	0.48038	0.36475	1	0.49008	0.52907	11.55037	1.07515	1	0.75166	0.55370	12.45482	1.08383	1	-0.00215	-0.00789	0.68346	0.00372	1	0.06750	-0.01322	0.69943	0.00374	1	1.45898	0.81042	0	
1276396	8607.91699	3306878760400	0.49720	0.36180	8607.82227	0.09473	12062	1	0.48213	0.25065	1	0.49617	0.34100	1	0.48915	0.29583	1	0.49003	0.52808	10.91304	1.08383	1	0.75178	0.55350	12.56751	1.09251	1	-0.00215	-0.00789	0.68346	0.00384	1	0.06750	-0.01322	0.69943	0.00361	1	1.45898	0.81042	0	
1276397	8607.92285	3306878827246	0.49663	0.35697	8607.82227	0.10059	12062	1	0.47973	0.23537	1	0.49666	0.33383	1	0.48820	0.28460	1	0.49004	0.52900	11.43345	1.10160	1	0.75180	0.55360	12.60211	1.10160	1	-0.00232	-0.00837	0.71985	0.00354	1	0.06586	-0.01291	0.68297	0.00361	1	1.45898	0.81042	0	
1276398	8607.92969	3306878893982	0.49766	0.35464	8607.82227	0.10742	12062	1	0.52514	0.28421	1	0.50317	0.35032	1	0.51415	0.31727	1	0.48996	0.52866	11.07069	1.11068	1	0.75191	0.55365	12.49029	1.10200	1	-0.00232	-0.00837	0.71985	0.00374	1	0.06586	-0.01291	0.68297	0.00365	1	1.45898	0.81042	0	
1276399	8607.93652	3306878960929	0.49883	0.35334	8607.82227	0.11426	12062	1	0.52764	0.31243	1	0.50969	0.35003	1	0.51866	0.33123	1	0.48998	0.52897	11.91187	1.11109	1	0.75186	0.55362	12.45260	1.10241	1	-0.00232	-0.00837	0.71985	0.00360	1	0.06586	-0.01291	0.68297	0.00358	1	1.45898	0.81042	0	
1276400	8607.94336	3306879027708	0.49988	0.35253	8607.82227	0.12109	12062	1	0.52849	0.31921	1	0.50911	0.35675	1	0.51880	0.33798	1	0.48998	0.52890	11.41750	1.10241	1	0.75161	0.55347	12.48768	1.09373	1	-0.00226	-0.00801	0.68444	0.00354	1	0.06547	-0.01288	0.67896	0.00368	1	1.45898	0.81042	0	
1276401	8607.95020	3306879094629	0.50072	0.35331	8607.82227	0.12793	12062	1	0.53811	0.36003	1	0.49503	0.37646	1	0.51657	0.36824	1	0.49011	0.52924	11.00694	1.08464	1	0.75173	0.55361	12.21994	1.08464	1	-0.00226	-0.00801	0.68444	0.00351	1	0.06547	-0.01288	0.67896	0.00365	1	1.45898	0.81042	0	
1276402	8607.95703	3306879162153	0.50159	0.35329	8607.82227	0.13477	12062	1	0.55291	0.33804	1	0.48512	0.36754	1	0.51901	0.35279	1	0.49027	0.52896	11.04362	1.07556	1	0.75163	0.55344	12.47779	1.07556	1	-0.00226	-0.00801	0.68444	0.00382	1	0.06547	-0.01288	0.67896	0.00369	1	1.45898	0.81042	0	
1276403	8607.96289	3306879228780	0.50239	0.35359	8607.82227	0.14062	12062	1	0.55364	0.34514	1	0.48471	0.37459	1	0.51917	0.35987	1	0.49016	0.52947	10.97886	1.06647	1	0.75128	0.55368	12.43925	1.06647	1	-0.00236	-0.00801	0.68469	0.00352	1	0.06586	-0.01291	0.68297	0.00370	1	1.45898	0.81042	0	
1276404	8607.96973	3306879295298	0.50244	0.35460	8607.82227	0.14746	12062	1	0.54061	0.37495	1	0.46682	0.37894	1	0.50372	0.37695	1	0.49007	0.52911	11.21659	1.06647	1	0.75114	0.55353	12.34926	1.06647	1	-0.00236	-0.00801	0.68469	0.00346	1	0.06586	-0.01291	0.68297	0.00371	1	1.45898	0.81042	0	
1276405	8607.97656	3306879362750	0.50192	0.35553	8607.82227	0.15430	12062	1	0.53648	0.37275	1	0.44334	0.38071	1	0.48991	0.37673	1	0.49000	0.52914	11.15058	1.06647	1	0.75092	0.55361	12.18184	1.06647	1	-0.00236	-0.00801	0.68469	0.00342	1	0.06586	-0.01291	0.68297	0.00380	1	1.45898	0.81042	0	
1276406	8607.98340	3306879429848	0.50144	0.35637	8607.82227	0.16113	12062	1	0.53648	0.37275	1	0.44334	0.38071	1	0.48991	0.37673	1	0.48971	0.52946	10.47504	1.06647	1	0.75077	0.55378	12.37783	1.06647	1	-0.00236	-0.00801	0.68469	0.00343	1	0.06538	-0.01283	0.67906	0.00375	1	1.45898	0.81042	0	
1276407	8607.99023	3306879496705	0.50103	0.35575	8607.82227	0.16797	12062	1	0.51995	0.37844	1	0.46157	0.30174	1	0.49076	0.34009	1	0.48973	0.52921	10.64769	1.06647	1	0.75113	0.55283	12.04500	1.06647	1	-0.00236	-0.00801	0.68469	0.00356	1	0.06538	-0.01283	0.67906	0.00400	1	1.45898	0.81042	0	
1276408	8607.99609	3306879560630	0.50038	0.35657	8607.82227	0.17383	12062	1	0.52207	0.37803	1	0.44469	0.37761	1	0.48338	0.37782	1	0.48980	0.52943	10.28361	1.06647	1	0.75089	0.55359	12.34949	1.06647	1	-0.00236	-0.00801	0.68469	0.00347	1	0.06538	-0.01283	0.67906	0.00375	1	1.45898	0.81042	0	
1276409	8608.00391	3306879630737	0.49977	0.35732	8607.82227	0.18164	12062	1	0.52207	0.37803	1	0.44469	0.37761	1	0.48338	0.37782	1	0.48971	0.52946	10.34672	1.06647	1	0.75083	0.55362	12.34799	1.06647	1	-0.00236	-0.00806	0.68469	0.00348	1	0.06538	-0.01283	0.67906	0.00378	1	1.45898	0.81042	0	
1276410	8608.01074	3306879697966	0.49908	0.35869	8607.82227	0.18848	12062	1	0.51039	0.38972	1	0.44931	0.40412	1	0.47985	0.39692	1	0.48957	0.52925	10.35950	1.06647	1	0.75093	0.55389	12.79958	1.06647	1	-0.00236	-0.00806	0.68469	0.00355	1	0.06538	-0.01283	0.67906	0.00372	1	1.45898	0.81042	0	
1276411	8608.01660	3306879764818	0.49853	0.36031	8607.82227	0.19434	12062	1	0.52911	0.41781	1	0.43560	0.39658	1	0.48236	0.40720	1	0.48984	0.52963	11.62172	1.06647	1	0.75084	0.55389	12.44663	1.06647	1	-0.00236	-0.00806	0.68469	0.00340	1	0.06538	-0.01283	0.67906	0.00377	1	1.45898	0.81042	0	
1276412	8608.02344	3306879831724	0.49800	0.36182	8607.82227	0.20117	12062	1	0.52911	0.41781	1	0.43560	0.39658	1	0.48236	0.40720	1	0.48963	0.52949	10.89296	1.06647	1	0.75105	0.55360	12.22760	1.06647	1	-0.00236	-0.00806	0.68469	0.00346	1	0.06586	-0.01291	0.68297	0.00372	1	1.45898	0.81042	0	
1276413	8608.03027	3306879898463	0.49786	0.36174	8607.82227	0.20801	12062	1	0.52487	0.37791	1	0.46201	0.34062	1	0.49344	0.35926	1	0.48979	0.52939	11.08219	1.06647	1	0.75118	0.55337	12.10744	1.06647	1	-0.00236	-0.00806	0.68469	0.00347	1	0.06586	-0.01291	0.68297	0.00369	1	1.45898	0.81042	0	
1276414	8608.03711	3306879965588	0.49746	0.36219	8607.82227	0.21484	12062	1	0.52260	0.39841	1	0.44667	0.35503	1	0.48463	0.37672	1	0.48969	0.52943	10.63591	1.06647	1	0.75104	0.55343	12.15725	1.06647	1	-0.00236	-0.00806	0.68469	0.00348	1	0.06586	-0.01291	0.68297	0.00366	1	1.45898	0.81042	0	
1276415	8608.04395	3306880031507	0.49708	0.36262	8607.82227	0.22168	12062	1	0.52260	0.39841	1	0.44667	0.35503	1	0.48463	0.37672	1	0.48979	0.52920	10.89421	1.06647	1	0.75131	0.55345	11.67112	1.06647	1	-0.00236	-0.00806	0.68469	0.00345	1	0.06547	-0.01288	0.67896	0.00367	1	1.45898	0.81042	0	
1276416	8608.05078	3306880099720	0.49667	0.36349	8607.82227	0.22852	12062	1	0.52223	0.39831	1	0.44292	0.38766	1	0.48258	0.39299	1	0.48975	0.52936	10.80510	1.06647	1	0.75087	0.55363	12.10798	1.06647	1	-0.00236	-0.00806	0.68469	0.00343	1	0.06547	-0.01288	0.67896	0.00378	1	1.45898	0.81042	0	
1276417	8608.05762	3306880167151	0.49640	0.36398	8607.82227	0.23535	12062	1	0.52575	0.39011	1	0.44815	0.37222	1	0.48695	0.38116	1	0.48984	0.52953	11.00741	1.06647	1	0.75095	0.55358	12.21950	1.06647	1	-0.00236	-0.00806	0.68469	0.00349	1	0.06547	-0.01288	0.67896	0.00375	1	1.45898	0.81042	0	
1276418	8608.06348	3306880233622	0.49614	0.36435	8607.82227	0.24121	12062	1	0.52575	0.39011	1	0.44826	0.36548	1	0.48700	0.37780	1	0.48999	0.52898	10.89903	1.06647	1	0.75106	0.55368	12.30211	1.07515	1	-0.00236	-0.00806	0.68469	0.00348	1	0.06698	-0.01319	0.69515	0.00369	1	1.45898	0.81042	0	
1276419	8608.07031	3306880300569	0.49610	0.36439	8607.82227	0.24805	12062	1	0.52728	0.37008	1	0.46146	0.36132	1	0.49437	0.36570	1	0.48992	0.52918	10.95721	1.07515	1	0.75120	0.55348	12.34921	1.08383	1	-0.00236	-0.00806	0.68469	0.00349	1	0.06698	-0.01319	0.69515	0.00371	1	1.45898	0.81042	0	
1276420	8608.07715	3306880367727	0.49593	0.36424	8607.82227	0.25488	12062	1	0.52721	0.33564	1	0.45206	0.38179	1	0.48963	0.35871	1	0.48995	0.52903	11.17437	1.08383	1	0.75104	0.55376	12.60843	1.09251	1	-0.00236	-0.00806	0.68469	0.00346	1	0.06698	-0.01319	0.69515	0.00367	1	1.45898	0.81042	0	
1276421	8608.08398	3306880434098	0.49575	0.36385	8607.82227	0.26172	12062	1	0.52543	0.32180	1	0.45220	0.37499	1	0.48882	0.34839	1	0.49021	0.52918	11.18838	1.10160	1	0.75118	0.55362	12.49129	1.10160	1	-0.00240	-0.00838	0.71194	0.00342	1	0.06586	-0.01291	0.68297	0.00366	1	1.45898	0.81042	0	
1276422	8608.09082	3306880501447	0.49606	0.36365	8607.82227	0.26855	12062	1	0.56267	0.34157	1	0.45368	0.37017	1	0.50818	0.35587	1	0.49041	0.52937	11.46680	1.11068	1	0.75106	0.55373	12.48128	1.10200	1	-0.00240	-0.00838	0.71194	0.00351	1	0.06586	-0.01291	0.68297	0.00369	1	1.45898	0.81042	0	
1276423	8608.09766	3306880567551	0.49595	0.36355	8607.82227	0.27539	12062	1	0.52681	0.35344	1	0.45628	0.36554	1	0.49155	0.35949	1	0.49031	0.52938	11.37994	1.11109	1	0.75108	0.55364	12.18246	1.10241	1	-0.00240	-0.00838	0.71194	0.00347	1	0.06586	-0.01291	0.68297	0.00371	1	1.45898	0.81042	0	
1276424	8608.10449	3306880636009	0.49585	0.36345	8607.82227	0.28223	12062	1	0.52677	0.35314	1	0.45629	0.36523	1	0.49153	0.35919	1	0.48996	0.52800	11.19419	1.11149	1	0.75181	0.55333	12.05963	1.10281	1	-0.00228	-0.00831	0.70587	0.00396	1	0.06586	-0.01301	0.68297	0.00381	1	1.45898	0.81042	0	
1276425	8608.11035	3306880702694	0.49601	0.36201	8607.82227	0.28809	12062	1	0.49522	0.28156	1	0.51042	0.31854	1	0.50282	0.30005	1	0.49019	0.52849	11.02865	1.10281	1	0.75197	0.55315	12.17692	1.10281	1	-0.00228	-0.00831	0.70587	0.00382	1	0.06586	-0.01301	0.68297	0.00391	1	1.45898	0.81042	0	
1276426	8608.11719	3306880769384	0.49584	0.36009	8607.82227	0.29492	12062	1	0.47729	0.26219	1	0.49954	0.28891	1	0.48841	0.27555	1	0.49001	0.52831	11.09775	1.10281	1	0.75179	0.55304	11.83942	1.10281	1	-0.00228	-0.00831	0.70587	0.00399	1	0.06586	-0.01301	0.68297	0.00378	1	1.45898	0.81042	0	
1276427	8608.12402	3306880836213	0.49569	0.35834	8607.82227	0.30176	12062	1	0.47853	0.26977	1	0.49952	0.28925	1	0.48902	0.27951	1	0.49036	0.52939	11.64233	1.09373	1	0.75199	0.55351	11.71482	1.10241	1	-0.00213	-0.00795	0.67521	0.00346	1	0.06750	-0.01332	0.69943	0.00381	1	1.45898	0.81042	0	
1276428	8608.13086	3306880903305	0.49563	0.35759	8607.82227	0.30859	12062	1	0.52150	0.38697	1	0.46414	0.25933	1	0.49282	0.32315	1	0.49061	0.52958	11.16266	1.09332	1	0.75198	0.55308	11.91631	1.10200	1	-0.00213	-0.00795	0.67521	0.00345	1	0.06750	-0.01332	0.69943	0.00393	1	1.45898	0.81042	0	
1276429	8608.13770	3306880967999	0.49561	0.35738	8607.82227	0.31543	12062	1	0.53033	0.41051	1	0.45946	0.28443	1	0.49490	0.34747	1	0.49064	0.52956	11.09667	1.09292	1	0.75198	0.55300	12.05559	1.10160	1	-0.00213	-0.00795	0.67521	0.00345	1	0.06750	-0.01332	0.69943	0.00393	1	1.45898	0.81042	0	
1276430	8608.14453	3306881037813	0.49557	0.35663	8607.82227	0.32227	12062	1	0.53037	0.41079	1	0.45926	0.29198	1	0.49482	0.35139	1	0.49086	0.52966	11.52222	1.09251	1	0.75226	0.55288	11.18658	1.09251	1	-0.00213	-0.00795	0.67521	0.00337	1	0.06621	-0.01309	0.68452	0.00393	1	1.45898	0.81042	0	
1276431	8608.15137	3306881104450	0.49569	0.35617	8607.82227	0.32910	12062	1	0.53890	0.36266	1	0.46902	0.35002	1	0.50396	0.35634	1	0.49088	0.52942	11.20636	1.09251	1	0.75203	0.55341	11.63457	1.08383	1	-0.00213	-0.00795	0.67521	0.00349	1	0.06621	-0.01309	0.68452	0.00395	1	1.45898	0.81042	0	
1276432	8608.15723	3306881171240	0.49596	0.35561	8607.82227	0.33496	12062	1	0.54045	0.36678	1	0.48593	0.32798	1	0.51319	0.34738	1	0.49093	0.52942	11.30626	1.08383	1	0.75233	0.55317	11.41182	1.07515	1	-0.00213	-0.00795	0.67521	0.00353	1	0.06621	-0.01309	0.68452	0.00392	1	1.45898	0.81042	0	
1276433	8608.16406	3306881238227	0.49622	0.35503	8607.82227	0.34180	12062	1	0.54041	0.36648	1	0.48594	0.32765	1	0.51318	0.34706	1	0.49119	0.52909	11.29874	1.08424	1	0.75256	0.55297	11.74624	1.07556	1	-0.00204	-0.00823	0.69927	0.00351	1	0.06528	-0.01296	0.67486	0.00389	1	1.45898	0.81042	0	
1276434	8608.17090	3306881305499	0.49597	0.35408	8607.82227	0.34863	12062	1	0.50215	0.32700	1	0.48657	0.28435	1	0.49436	0.30568	1	0.49108	0.52887	11.24011	1.08464	1	0.75244	0.55342	12.11570	1.08464	1	-0.00204	-0.00823	0.69927	0.00350	1	0.06528	-0.01296	0.67486	0.00366	1	1.45898	0.81042	0	
1276435	8608.17773	3306881373006	0.49872	0.32632	8607.82227	0.34863	12062	0	0.51495	0.36028	1	0.49627	0.28592	1	0.50561	0.32310	1	0.49125	0.52928	11.35624	1.09373	1	0.75248	0.55347	12.00676	1.09373	1	-0.00204	-0.00823	0.69927	0.00352	1	0.06528	-0.01296	0.67486	0.00360	1	1.45898	0.81042	0	
1276436	8608.18457	3306881439515	0.50228	0.32289	8607.82227	0.34863	12062	0	0.51495	0.36028	1	0.49675	0.27863	1	0.50585	0.31946	1	0.49111	0.52934	11.61473	1.09373	1	0.75251	0.55343	12.05510	1.10241	1	-0.00194	-0.00795	0.67972	0.00349	1	0.06771	-0.01343	0.69941	0.00360	1	1.45898	0.81042	0	
1276437	8608.19141	3306881506670	0.49960	0.31461	8607.82227	0.34863	12062	0	0.52945	0.38709	1	0.45903	0.20904	1	0.49424	0.29807	1	0.49150	0.52952	11.11069	1.09332	1	0.75267	0.55268	11.85985	1.10200	1	-0.00194	-0.00795	0.67972	0.00357	1	0.06771	-0.01343	0.69941	0.00371	1	1.45898	0.81042	0	
1276438	8608.19727	3306881570463	0.49444	0.32198	8608.17773	0.01953	12063	1	0.51440	0.36377	1	0.44346	0.32437	1	0.47893	0.34407	1	0.49125	0.52928	10.31676	1.09292	1	0.75241	0.55357	12.08789	1.10160	1	-0.00194	-0.00795	0.67972	0.00361	1	0.06771	-0.01343	0.69941	0.00369	1	1.45898	0.81042	0	
1276439	8608.20410	3306881637920	0.49133	0.32776	8608.17773	0.02637	12063	1	0.51445	0.36408	1	0.44333	0.33766	1	0.47889	0.35087	1	0.49146	0.52914	11.28071	1.09251	1	0.75272	0.55379	11.76621	1.08485	1	-0.00194	-0.00795	0.67972	0.00343	1	0.06420	-0.01271	0.66219	0.00361	1	1.45898	0.81042	0	
1276440	8608.21094	3306881705130	0.49245	0.33231	8608.17773	0.03320	12063	1	0.53338	0.37258	1	0.46273	0.33755	1	0.49805	0.35506	1	0.49163	0.52944	11.44479	1.08485	1	0.75277	0.55366	11.89383	1.06851	1	-0.00194	-0.00795	0.67972	0.00341	1	0.06420	-0.01271	0.66219	0.00366	1	1.45898	0.81042	0	
1276441	8608.21777	3306881770004	0.49534	0.33679	8608.17773	0.04004	12063	1	0.54607	0.39289	1	0.47938	0.33444	1	0.51272	0.36367	1	0.49175	0.52935	11.50836	1.06851	1	0.75304	0.55356	11.53211	1.05217	1	-0.00194	-0.00795	0.67972	0.00354	1	0.06420	-0.01271	0.66219	0.00367	1	1.45898	0.81042	0	
1276442	8608.22363	3306881836148	0.49756	0.34046	8608.17773	0.04590	12063	1	0.54670	0.39823	1	0.47940	0.33411	1	0.51305	0.36617	1	0.49187	0.52884	11.17532	1.06126	1	0.75321	0.55362	11.95578	1.05258	1	-0.00197	-0.00837	0.71098	0.00350	1	0.06633	-0.01313	0.68366	0.00361	1	1.45898	0.81042	0	
1276443	8608.23145	3306881909747	0.49743	0.34000	8608.17773	0.05371	12063	1	0.50113	0.33926	1	0.49165	0.33341	1	0.49639	0.33633	1	0.49175	0.52901	11.31371	1.06166	1	0.75328	0.55357	12.16893	1.06932	1	-0.00197	-0.00837	0.71098	0.00343	1	0.06633	-0.01313	0.68366	0.00364	1	1.45898	0.81042	0	
1276444	8608.23828	3306881976383	0.49732	0.33655	8608.17773	0.06055	12063	1	0.50276	0.35059	1	0.49003	0.26033	1	0.49640	0.30546	1	0.49182	0.52908	11.24511	1.07841	1	0.75326	0.55367	12.36424	1.08607	1	-0.00197	-0.00837	0.71098	0.00348	1	0.06633	-0.01313	0.68366	0.00362	1	1.45898	0.81042	0	
1276445	8608.24414	3306882040859	0.49721	0.33315	8608.17773	0.06641	12063	1	0.50184	0.34469	1	0.49041	0.25368	1	0.49613	0.29919	1	0.49187	0.52929	11.69494	1.08607	1	0.75325	0.55359	12.45476	1.09373	1	-0.00172	-0.00794	0.67406	0.00340	1	0.06633	-0.01313	0.68366	0.00354	1	1.45898	0.81042	0	
1276446	8608.25098	3306882109615	0.49767	0.33288	8608.17773	0.07324	12063	1	0.49704	0.37588	1	0.50839	0.28393	1	0.50271	0.32991	1	0.49172	0.52937	11.19749	1.08464	1	0.75344	0.55383	12.11844	1.08464	1	-0.00172	-0.00794	0.67406	0.00347	1	0.06633	-0.01313	0.68366	0.00379	1	1.45898	0.81042	0	
1276447	8608.25781	3306882176255	0.49746	0.33312	8608.17773	0.08008	12063	1	0.48980	0.37594	1	0.50005	0.29609	1	0.49493	0.33601	1	0.49169	0.52924	11.02081	1.07556	1	0.75338	0.55386	12.21866	1.07556	1	-0.00172	-0.00794	0.67406	0.00354	1	0.06633	-0.01313	0.68366	0.00366	1	1.45898	0.81042	0	
1276448	8608.26465	3306882243148	0.49730	0.33385	8608.17773	0.08691	12063	1	0.49100	0.38274	1	0.49951	0.30376	1	0.49526	0.34325	1	0.49170	0.52925	11.15657	1.06647	1	0.75339	0.55390	12.18489	1.06647	1	-0.00172	-0.00794	0.67406	0.00352	1	0.06633	-0.01313	0.68366	0.00364	1	1.45898	0.81042	0	
1276449	8608.27148	3306882310071	0.49794	0.33605	8608.17773	0.09375	12063	1	0.50641	0.38999	1	0.50714	0.34380	1	0.50678	0.36690	1	0.49189	0.52938	11.57037	1.06647	1	0.75346	0.55415	12.10993	1.06647	1	-0.00172	-0.00794	0.67406	0.00347	1	0.06633	-0.01313	0.68366	0.00365	1	1.45898	0.81042	0	
1276450	8608.27832	3306882376982	0.49893	0.33876	8608.17773	0.10059	12063	1	0.51305	0.39196	1	0.51462	0.36703	1	0.51384	0.37950	1	0.49189	0.52934	11.56945	1.06647	1	0.75353	0.55430	12.03451	1.06647	1	-0.00172	-0.00794	0.67406	0.00348	1	0.06633	-0.01313	0.68366	0.00366	1	1.45898	0.81042	0	
1276451	8608.28516	3306882444442	0.49982	0.34096	8608.17773	0.10742	12063	1	0.51305	0.39196	1	0.51525	0.36021	1	0.51415	0.37609	1	0.49162	0.52941	11.64972	1.06647	1	0.75353	0.55420	11.97494	1.07515	1	-0.00172	-0.00794	0.67406	0.00349	1	0.06888	-0.01362	0.70935	0.00369	1	1.45898	0.81042	0	
1276452	8608.29199	3306882511481	0.50024	0.34235	8608.17773	0.11426	12063	1	0.51335	0.40310	1	0.50132	0.32903	1	0.50733	0.36607	1	0.49196	0.52958	11.97078	1.07515	1	0.75337	0.55414	12.42005	1.08383	1	-0.00172	-0.00794	0.67406	0.00349	1	0.06888	-0.01362	0.70935	0.00376	1	1.45898	0.81042	0	
1276453	8608.29785	3306882578442	0.50044	0.34239	8608.17773	0.12012	12063	1	0.51316	0.38864	1	0.49485	0.29733	1	0.50400	0.34299	1	0.49196	0.52955	11.98059	1.08383	1	0.75333	0.55397	12.27794	1.09251	1	-0.00172	-0.00794	0.67406	0.00350	1	0.06888	-0.01362	0.70935	0.00369	1	1.45898	0.81042	0	
1276454	8608.30469	3306882644414	0.50059	0.34226	8608.17773	0.12695	12063	1	0.51219	0.38230	1	0.49485	0.29733	1	0.50352	0.33982	1	0.49187	0.52953	11.98005	1.09251	1	0.75344	0.55398	11.83548	1.09251	1	-0.00172	-0.00794	0.67406	0.00344	1	0.06633	-0.01313	0.68366	0.00366	1	1.45898	0.81042	0	
1276455	8608.31152	3306882711983	0.50074	0.34336	8608.17773	0.13379	12063	1	0.49803	0.37000	1	0.50925	0.36075	1	0.50364	0.36537	1	0.49179	0.52951	11.94797	1.09251	1	0.75350	0.55438	12.20373	1.08383	1	-0.00172	-0.00794	0.67406	0.00346	1	0.06633	-0.01313	0.68366	0.00370	1	1.45898	0.81042	0	
1276456	8608.31836	3306882778499	0.50075	0.34340	8608.17773	0.14062	12063	1	0.49922	0.38430	1	0.50272	0.30427	1	0.50097	0.34429	1	0.49180	0.52942	11.78902	1.08383	1	0.75340	0.55387	11.87162	1.07515	1	-0.00172	-0.00794	0.67406	0.00344	1	0.06633	-0.01313	0.68366	0.00388	1	1.45898	0.81042	0	
1276457	8608.32520	3306882845366	0.50077	0.34374	8608.17773	0.14746	12063	1	0.50029	0.39069	1	0.50219	0.31153	1	0.50124	0.35111	1	0.49184	0.52962	11.98255	1.07515	1	0.75332	0.55406	12.12102	1.06647	1	-0.00172	-0.00799	0.67406	0.00342	1	0.06633	-0.01313	0.68366	0.00369	1	1.45898	0.81042	0	
1276458	8608.33203	3306882912795	0.50115	0.34414	8608.17773	0.15430	12063	1	0.51198	0.35182	1	0.50754	0.35513	1	0.50976	0.35348	1	0.49196	0.52963	12.47042	1.06647	1	0.75347	0.55443	12.07282	1.06647	1	-0.00172	-0.00799	0.67406	0.00337	1	0.06633	-0.01313	0.68366	0.00369	1	1.45898	0.81042	0	
1276459	8608.33887	3306882979967	0.50063	0.34351	8608.17773	0.16113	12063	1	0.48439	0.27513	1	0.49208	0.38171	1	0.48823	0.32842	1	0.49157	0.52859	11.07091	1.06647	1	0.75333	0.55447	12.51154	1.06647	1	-0.00172	-0.00799	0.67406	0.00390	1	0.06633	-0.01313	0.68366	0.00364	1	1.45898	0.81042	0	
1276460	8608.34473	3306883046769	0.50016	0.34280	8608.17773	0.16699	12063	1	0.48439	0.27513	1	0.49253	0.37503	1	0.48846	0.32508	1	0.49182	0.52956	11.81906	1.06647	1	0.75344	0.55376	12.15634	1.07515	1	-0.00172	-0.00799	0.67406	0.00350	1	0.06779	-0.01346	0.69813	0.00405	1	1.45898	0.81042	0	
1276461	8608.35156	3306883113616	0.49966	0.34099	8608.17773	0.17383	12063	1	0.51557	0.28993	1	0.45767	0.29767	1	0.48662	0.29380	1	0.49203	0.52939	12.04382	1.07515	1	0.75348	0.55361	12.20092	1.08383	1	-0.00172	-0.00799	0.67406	0.00353	1	0.06779	-0.01346	0.69813	0.00407	1	1.45898	0.81042	0	
1276462	8608.35840	3306883180857	0.49886	0.33742	8608.17773	0.18066	12063	1	0.50055	0.23112	1	0.45427	0.25080	1	0.47741	0.24096	1	0.49192	0.52877	11.74122	1.08383	1	0.75338	0.55333	12.04123	1.09251	1	-0.00172	-0.00799	0.67406	0.00365	1	0.06779	-0.01346	0.69813	0.00383	1	1.45898	0.81042	0	
1276463	8608.36523	3306883247769	0.49811	0.33383	8608.17773	0.18750	12063	1	0.49950	0.22350	1	0.45442	0.24326	1	0.47696	0.23338	1	0.49249	0.52926	11.29247	1.09251	1	0.75327	0.55407	12.04751	1.10119	1	-0.00172	-0.00799	0.67406	0.00366	1	0.06888	-0.01383	0.70935	0.00385	1	1.45898	0.81042	0	
1276464	8608.37207	3306883314652	0.49795	0.33275	8608.17773	0.19434	12063	1	0.54114	0.27662	1	0.44544	0.32630	1	0.49329	0.30146	1	0.49252	0.52972	11.47484	1.10119	1	0.75326	0.55427	12.19939	1.10119	1	-0.00172	-0.00799	0.67406	0.00376	1	0.06888	-0.01383	0.70935	0.00379	1	1.45898	0.81042	0	
1276465	8608.37891	3306883382104	0.49786	0.33143	8608.17773	0.20117	12063	1	0.54186	0.27651	1	0.44838	0.30699	1	0.49512	0.29175	1	0.49254	0.52952	11.33449	1.10119	1	0.75329	0.55430	12.03323	1.10119	1	-0.00172	-0.00799	0.67406	0.00379	1	0.06888	-0.01383	0.70935	0.00383	1	1.45898	0.81042	0	
1276466	8608.38574	3306883448960	0.49777	0.33030	8608.17773	0.20801	12063	1	0.54186	0.27651	1	0.44827	0.31402	1	0.49507	0.29527	1	0.49245	0.52939	10.91565	1.10119	1	0.75373	0.55452	11.50939	1.09251	1	-0.00172	-0.00799	0.67406	0.00367	1	0.06606	-0.01323	0.67870	0.00369	1	1.45898	0.81042	0	
1276467	8608.39160	3306883515343	0.49438	0.30429	8608.17773	0.20801	12063	0	0.54610	0.31743	1	0.49272	0.26757	1	0.51941	0.29250	1	0.49260	0.52997	11.05634	1.09251	1	0.75396	0.55398	11.55770	1.08383	1	-0.00172	-0.00799	0.67406	0.00365	1	0.06606	-0.01323	0.67870	0.00415	1	1.45898	0.81042	0	
1276468	8608.39844	3306883582634	0.49881	0.32930	8608.17773	0.20801	12063	0	0.54141	0.31184	1	0.46506	0.39676	1	0.50323	0.35430	1	0.49251	0.52961	10.88896	1.08383	1	0.75362	0.55476	11.15579	1.07515	1	-0.00172	-0.00799	0.67406	0.00364	1	0.06606	-0.01323	0.67870	0.00397	1	1.45898	0.81042	0	
1276469	8608.40527	3306883649250	0.50028	0.33753	8608.17773	0.20801	12063	0	0.54137	0.31152	1	0.46507	0.39646	1	0.50322	0.35399	1	0.49236	0.52980	10.89814	1.08424	1	0.75400	0.55483	12.12197	1.07556	1	-0.00175	-0.00837	0.70622	0.00376	1	0.06606	-0.01323	0.67870	0.00377	1	1.45898	0.81042	0	
1276470	8608.41211	3306883716554	0.50341	0.32653	8608.39160	0.02051	12064	1	0.52694	0.32196	1	0.49866	0.26512	1	0.51280	0.29354	1	0.49236	0.52973	10.91186	1.08464	1	0.75411	0.55460	12.32169	1.08464	1	-0.00175	-0.00837	0.70622	0.00370	1	0.06606	-0.01323	0.67870	0.00355	1	1.45898	0.81042	0	
1276471	8608.41895	3306883782638	0.49935	0.32532	8608.39160	0.02734	12064	1	0.47007	0.32557	1	0.49618	0.31535	1	0.48312	0.32046	1	0.49218	0.52987	11.09627	1.09373	1	0.75406	0.55494	12.32673	1.09373	1	-0.00175	-0.00837	0.70622	0.00377	1	0.06606	-0.01323	0.67870	0.00379	1	1.45898	0.81042	0	
1276472	8608.42480	3306883844380	0.49662	0.32271	8608.39160	0.03320	12064	1	0.46876	0.31845	1	0.49714	0.30092	1	0.48295	0.30968	1	0.49220	0.52995	10.96174	1.10281	1	0.75432	0.55548	12.40128	1.11149	1	-0.00163	-0.00835	0.70013	0.00387	1	0.06898	-0.01381	0.70822	0.00362	1	1.45898	0.81042	0	
1276473	8608.43262	3306883916922	0.49553	0.32178	8608.39160	0.04102	12064	1	0.47965	0.30449	1	0.49835	0.32788	1	0.48900	0.31618	1	0.49235	0.52951	10.93576	1.11149	1	0.75415	0.55558	12.63197	1.12017	1	-0.00163	-0.00835	0.70013	0.00363	1	0.06898	-0.01381	0.70822	0.00358	1	1.45898	0.81042	0	
1276474	8608.43848	3306883984656	0.49454	0.31964	8608.39160	0.04688	12064	1	0.49472	0.33913	1	0.48050	0.27026	1	0.48761	0.30469	1	0.49257	0.53019	11.15037	1.12017	1	0.75418	0.55487	12.29960	1.12885	1	-0.00163	-0.00835	0.70013	0.00361	1	0.06898	-0.01381	0.70822	0.00392	1	1.45898	0.81042	0	
1276475	8608.44531	3306884051756	0.49377	0.31802	8608.39160	0.05371	12064	1	0.49476	0.33944	1	0.48048	0.27059	1	0.48762	0.30501	1	0.49268	0.52989	11.72191	1.11977	1	0.75407	0.55449	12.08068	1.12845	1	-0.00157	-0.00840	0.69599	0.00360	1	0.06841	-0.01385	0.70238	0.00413	1	1.45898	0.81042	0	
1276476	8608.45215	3306884118714	0.49159	0.31671	8608.39160	0.06055	12064	1	0.49257	0.32840	1	0.45135	0.28152	1	0.47196	0.30496	1	0.49246	0.53002	11.42349	1.11936	1	0.75418	0.55508	12.27470	1.11936	1	-0.00157	-0.00840	0.69599	0.00362	1	0.06841	-0.01385	0.70238	0.00375	1	1.45898	0.81042	0	
1276477	8608.45898	3306884185437	0.49070	0.31561	8608.39160	0.06738	12064	1	0.51333	0.34342	1	0.45021	0.26586	1	0.48177	0.30464	1	0.49281	0.53023	11.84455	1.11028	1	0.75405	0.55485	12.13564	1.11028	1	-0.00157	-0.00840	0.69599	0.00348	1	0.06841	-0.01385	0.70238	0.00388	1	1.45898	0.81042	0	
1276478	8608.46582	3306884252178	0.48998	0.31561	8608.39160	0.07422	12064	1	0.51432	0.35027	1	0.44997	0.28079	1	0.48214	0.31553	1	0.49324	0.52996	11.60620	1.10119	1	0.75477	0.55518	12.12146	1.09251	1	-0.00154	-0.00809	0.68279	0.00353	1	0.06675	-0.01349	0.68371	0.00385	1	1.45898	0.81042	0	
1276479	8608.47266	3306884319563	0.48782	0.31192	8608.39160	0.08105	12064	1	0.47933	0.30001	1	0.44447	0.23526	1	0.46190	0.26764	1	0.49314	0.52960	10.86804	1.09251	1	0.75478	0.55488	12.25879	1.08383	1	-0.00154	-0.00809	0.68279	0.00379	1	0.06675	-0.01349	0.68371	0.00388	1	1.45898	0.81042	0	
1276480	8608.47949	3306884386698	0.48594	0.31495	8608.39160	0.08789	12064	1	0.48604	0.34642	1	0.43689	0.36236	1	0.46146	0.35439	1	0.49352	0.52983	11.81515	1.08383	1	0.75464	0.55581	12.91660	1.07515	1	-0.00154	-0.00809	0.68279	0.00357	1	0.06675	-0.01349	0.68371	0.00379	1	1.45898	0.81042	0	
1276481	8608.48535	3306884452936	0.48435	0.31823	8608.39160	0.09375	12064	1	0.48719	0.35311	1	0.43685	0.37507	1	0.46202	0.36409	1	0.49515	0.52985	11.87871	1.07515	1	0.75687	0.55585	11.70993	1.05881	1	-0.00112	-0.00817	0.67656	0.00372	1	0.06324	-0.01273	0.64535	0.00375	1	1.45898	0.81042	0	
1276482	8608.49219	3306884519119	0.48823	0.32107	8608.39160	0.10059	12064	1	0.56905	0.33082	1	0.52389	0.39665	1	0.54647	0.36373	1	0.49519	0.52985	11.30107	1.05881	1	0.75700	0.55569	12.73106	1.05115	1	-0.00112	-0.00817	0.67656	0.00372	1	0.06324	-0.01273	0.64535	0.00362	1	1.45898	0.81042	0	
1276483	8608.49902	3306884587224	0.49182	0.32385	8608.39160	0.10742	12064	1	0.56662	0.27497	1	0.53190	0.46154	1	0.54926	0.36826	1	0.49525	0.52925	10.92500	1.05115	1	0.75709	0.55600	12.40826	1.04349	1	-0.00112	-0.00817	0.67656	0.00394	1	0.06324	-0.01273	0.64535	0.00380	1	1.45898	0.81042	0	
1276484	8608.50586	3306884653902	0.49503	0.32650	8608.39160	0.11426	12064	1	0.56716	0.28154	1	0.53190	0.46154	1	0.54953	0.37154	1	0.49590	0.53002	11.80280	1.04349	1	0.75697	0.55623	12.65037	1.04349	1	-0.00115	-0.00834	0.69471	0.00377	1	0.06690	-0.01349	0.68110	0.00372	1	1.45898	0.81042	0	
1276485	8608.51270	3306884721613	0.49872	0.32902	8608.39160	0.12109	12064	1	0.58764	0.31396	1	0.54275	0.43476	1	0.56520	0.37436	1	0.49567	0.52958	11.81030	1.04349	1	0.75724	0.55594	12.06239	1.05115	1	-0.00115	-0.00834	0.69471	0.00377	1	0.06690	-0.01349	0.68110	0.00390	1	1.45898	0.81042	0	
1276486	8608.51953	3306884788571	0.50179	0.33243	8608.39160	0.12793	12064	1	0.59463	0.35048	1	0.52583	0.44399	1	0.56023	0.39724	1	0.49566	0.52987	11.87336	1.05115	1	0.75699	0.55620	12.37486	1.05881	1	-0.00115	-0.00834	0.69471	0.00358	1	0.06690	-0.01349	0.68110	0.00382	1	1.45898	0.81042	0	
1276487	8608.52637	3306884855586	0.50458	0.33524	8608.39160	0.13477	12064	1	0.59426	0.34447	1	0.52647	0.43848	1	0.56037	0.39148	1	0.49573	0.53015	11.77052	1.05881	1	0.75701	0.55628	12.36821	1.06647	1	-0.00112	-0.00817	0.67656	0.00359	1	0.06690	-0.01349	0.68110	0.00379	1	1.45898	0.81042	0	
1276488	8608.53223	3306884922209	0.50761	0.33757	8608.39160	0.14062	12064	1	0.59442	0.34368	1	0.54771	0.42961	1	0.57106	0.38665	1	0.49568	0.53003	11.65630	1.06647	1	0.75726	0.55593	11.99847	1.06647	1	-0.00112	-0.00817	0.67656	0.00362	1	0.06690	-0.01349	0.68110	0.00385	1	1.45898	0.81042	0	
1276489	8608.53906	3306884989080	0.52644	0.36153	8608.39160	0.14062	12064	0	0.57152	0.35729	1	0.52386	0.40964	1	0.54769	0.38347	1	0.49536	0.53021	11.19814	1.06647	1	0.75695	0.55589	12.26413	1.06647	1	-0.00112	-0.00817	0.67656	0.00360	1	0.06690	-0.01349	0.68110	0.00396	1	1.45898	0.81042	0	
1276490	8608.54590	3306885056051	0.53691	0.37393	8608.39160	0.14062	12064	0	0.57152	0.35729	1	0.52324	0.41535	1	0.54738	0.38632	1	0.49528	0.52996	11.11558	1.06647	1	0.75704	0.55610	12.46713	1.05881	1	-0.00112	-0.00817	0.67656	0.00361	1	0.06508	-0.01315	0.66412	0.00383	1	1.45898	0.81042	0	
1276491	8608.55273	3306885123465	0.54962	0.38894	8608.39160	0.14062	12064	0	0.59597	0.38270	1	0.55410	0.45523	1	0.57504	0.41896	1	0.49563	0.53036	11.99436	1.05881	1	0.75705	0.55622	12.56107	1.05115	1	-0.00112	-0.00817	0.67656	0.00355	1	0.06508	-0.01315	0.66412	0.00383	1	1.45898	0.81042	0	
1276492	8608.55957	3306885190434	0.55657	0.39423	8608.53906	0.02051	12065	1	0.57575	0.34887	1	0.57910	0.47131	1	0.57742	0.41009	1	0.49531	0.52981	11.17028	1.05115	1	0.75707	0.55620	12.52141	1.04349	1	-0.00112	-0.00817	0.67656	0.00370	1	0.06508	-0.01315	0.66412	0.00385	1	1.45898	0.81042	0	
1276493	8608.56641	3306885257582	0.56073	0.39920	8608.53906	0.02734	12065	1	0.57675	0.36122	1	0.57802	0.47698	1	0.57738	0.41910	1	0.49509	0.53029	11.54798	1.03547	1	0.75676	0.55578	11.71288	1.03547	1	-0.00112	-0.00783	0.64873	0.00366	1	0.06612	-0.01332	0.67518	0.00379	1	1.45898	0.81042	0	
1276494	8608.57324	3306885324655	0.56249	0.40113	8608.53906	0.03418	12065	1	0.57905	0.38117	1	0.56350	0.44043	1	0.57127	0.41080	1	0.49500	0.53000	11.63335	1.02746	1	0.75685	0.55583	11.56386	1.03512	1	-0.00112	-0.00783	0.64873	0.00366	1	0.06612	-0.01332	0.67518	0.00384	1	1.45898	0.81042	0	
1276495	8608.58008	3306885391198	0.56370	0.39441	8608.53906	0.04102	12065	1	0.57934	0.36436	1	0.56262	0.34371	1	0.57098	0.35404	1	0.49502	0.52977	11.46642	1.02710	1	0.75681	0.55482	11.40910	1.03476	1	-0.00112	-0.00783	0.64873	0.00358	1	0.06612	-0.01332	0.67518	0.00412	1	1.45898	0.81042	0	
1276496	8608.58594	3306885454886	0.56467	0.38766	8608.53906	0.04688	12065	1	0.57830	0.35112	1	0.56462	0.32970	1	0.57146	0.34041	1	0.49489	0.53016	11.89271	1.04385	1	0.75650	0.55492	11.59696	1.05151	1	-0.00133	-0.00858	0.71086	0.00345	1	0.06638	-0.01332	0.67786	0.00389	1	1.45898	0.81042	0	
1276497	8608.59277	3306885520820	0.56465	0.38655	8608.53906	0.05371	12065	1	0.58206	0.37023	1	0.54684	0.38521	1	0.56445	0.37772	1	0.49461	0.53006	11.33964	1.06861	1	0.75645	0.55551	12.13289	1.06861	1	-0.00133	-0.00858	0.71086	0.00346	1	0.06638	-0.01332	0.67786	0.00375	1	1.45898	0.81042	0	
1276498	8608.59961	3306885588073	0.56590	0.38038	8608.53906	0.06055	12065	1	0.59446	0.34338	1	0.55982	0.30623	1	0.57714	0.32481	1	0.49490	0.53018	11.93460	1.08571	1	0.75666	0.55489	11.24678	1.08571	1	-0.00133	-0.00858	0.71086	0.00351	1	0.06638	-0.01332	0.67786	0.00389	1	1.45898	0.81042	0	
1276499	8608.60645	3306885658848	0.56694	0.37474	8608.53906	0.06738	12065	1	0.59409	0.33723	1	0.56071	0.29956	1	0.57740	0.31840	1	0.49491	0.53030	11.97319	1.09373	1	0.75622	0.55484	11.93119	1.09373	1	-0.00131	-0.00812	0.67253	0.00351	1	0.06722	-0.01351	0.68746	0.00407	1	1.45898	0.81042	0	
1276500	8608.61328	3306885723124	0.56648	0.37259	8608.53906	0.07422	12065	1	0.59308	0.35094	1	0.52961	0.34683	1	0.56135	0.34889	1	0.49487	0.53024	11.70243	1.08464	1	0.75618	0.55539	12.18019	1.08464	1	-0.00131	-0.00812	0.67253	0.00360	1	0.06722	-0.01351	0.68746	0.00379	1	1.45898	0.81042	0	
1276501	8608.61914	3306885790161	0.56597	0.37101	8608.53906	0.08008	12065	1	0.57632	0.39320	1	0.54353	0.31090	1	0.55993	0.35205	1	0.49458	0.53053	11.69047	1.07556	1	0.75643	0.55481	11.88489	1.07556	1	-0.00131	-0.00812	0.67253	0.00345	1	0.06722	-0.01351	0.68746	0.00388	1	1.45898	0.81042	0	
1276502	8608.62598	3306885856659	0.56550	0.37039	8608.53906	0.08691	12065	1	0.57688	0.39982	1	0.54189	0.32486	1	0.55939	0.36234	1	0.49460	0.53042	11.59785	1.06647	1	0.75637	0.55526	11.92104	1.05881	1	-0.00131	-0.00812	0.67253	0.00349	1	0.06403	-0.01286	0.65433	0.00372	1	1.45898	0.81042	0	
1276503	8608.63281	3306885924307	0.56472	0.37148	8608.53906	0.09375	12065	1	0.58048	0.40771	1	0.52693	0.36581	1	0.55371	0.38676	1	0.49470	0.53049	11.81689	1.05881	1	0.75615	0.55534	12.13822	1.05115	1	-0.00131	-0.00812	0.67253	0.00348	1	0.06403	-0.01286	0.65433	0.00382	1	1.45898	0.81042	0	
1276504	8608.63965	3306885993174	0.56462	0.37004	8608.53906	0.10059	12065	1	0.58571	0.38540	1	0.54060	0.31155	1	0.56316	0.34848	1	0.49468	0.53033	11.50141	1.05115	1	0.75638	0.55462	11.99614	1.04349	1	-0.00131	-0.00812	0.67253	0.00355	1	0.06403	-0.01286	0.65433	0.00408	1	1.45898	0.81042	0	
1276505	8608.64648	3306886060706	0.56452	0.36914	8608.53906	0.10742	12065	1	0.58614	0.39116	1	0.53985	0.31813	1	0.56299	0.35465	1	0.49496	0.52988	11.86586	1.04349	1	0.75637	0.55468	11.99085	1.03583	1	-0.00131	-0.00812	0.67253	0.00375	1	0.06506	-0.01302	0.66491	0.00408	1	1.45898	0.81042	0	
1276506	8608.65332	3306886127889	0.56489	0.37073	8608.53906	0.11426	12065	1	0.61452	0.42193	1	0.52767	0.37376	1	0.57109	0.39785	1	0.49516	0.53047	12.44363	1.03583	1	0.75620	0.55536	12.15865	1.03583	1	-0.00131	-0.00812	0.67253	0.00356	1	0.06506	-0.01302	0.66491	0.00381	1	1.45898	0.81042	0	
1276507	8608.66016	3306886195033	0.56439	0.36991	8608.53906	0.12109	12065	1	0.59409	0.35486	1	0.51681	0.35529	1	0.55545	0.35508	1	0.49488	0.52962	11.62072	1.03583	1	0.75611	0.55532	12.01249	1.03583	1	-0.00131	-0.00812	0.67253	0.00379	1	0.06506	-0.01302	0.66491	0.00381	1	1.45898	0.81042	0	
1276508	8608.66699	3306886262101	0.56396	0.36901	8608.53906	0.12793	12065	1	0.59409	0.35486	1	0.51740	0.34901	1	0.55575	0.35193	1	0.49477	0.52978	11.45429	1.03583	1	0.75617	0.55486	12.23629	1.04349	1	-0.00132	-0.00813	0.67753	0.00372	1	0.06638	-0.01322	0.67786	0.00407	1	1.45898	0.81042	0	
1276509	8608.67383	3306886330589	0.56332	0.36916	8608.53906	0.13477	12065	1	0.57159	0.29862	1	0.52968	0.44557	1	0.55063	0.37209	1	0.49453	0.52942	10.89895	1.04349	1	0.75625	0.55567	12.94129	1.05115	1	-0.00132	-0.00813	0.67753	0.00379	1	0.06638	-0.01322	0.67786	0.00370	1	1.45898	0.81042	0	
1276510	8608.67969	3306886395861	0.56315	0.36974	8608.53906	0.14062	12065	1	0.59210	0.33851	1	0.52697	0.42550	1	0.55954	0.38201	1	0.49488	0.52999	11.64479	1.05115	1	0.75625	0.55558	12.86741	1.05881	1	-0.00132	-0.00813	0.67753	0.00361	1	0.06638	-0.01322	0.67786	0.00374	1	1.45898	0.81042	0	
1276511	8608.68652	3306886462658	0.56300	0.37002	8608.53906	0.14746	12065	1	0.59172	0.33241	1	0.52762	0.41985	1	0.55967	0.37613	1	0.49492	0.52953	11.77745	1.05881	1	0.75635	0.55561	12.66165	1.06647	1	-0.00132	-0.00813	0.67753	0.00376	1	0.06638	-0.01322	0.67786	0.00375	1	1.45898	0.81042	0	
1276512	8608.69336	3306886530182	0.56353	0.37058	8608.53906	0.15430	12065	1	0.58922	0.32388	1	0.56202	0.44308	1	0.57562	0.38348	1	0.49487	0.52968	11.71235	1.06647	1	0.75677	0.55563	11.94755	1.06647	1	-0.00132	-0.00813	0.67753	0.00372	1	0.06638	-0.01322	0.67786	0.00379	1	1.45898	0.81042	0	
1276513	8608.70020	3306886597330	0.56322	0.36995	8608.53906	0.16113	12065	1	0.59143	0.30600	1	0.52018	0.40349	1	0.55580	0.35475	1	0.49493	0.52955	11.78393	1.06647	1	0.75610	0.55547	12.33830	1.06647	1	-0.00132	-0.00813	0.67753	0.00376	1	0.06638	-0.01322	0.67786	0.00382	1	1.45898	0.81042	0	
1276514	8608.70703	3306886663100	0.56294	0.36909	8608.53906	0.16797	12065	1	0.59098	0.29859	1	0.52088	0.39666	1	0.55593	0.34762	1	0.49493	0.52967	11.92408	1.07556	1	0.75620	0.55544	12.09940	1.07556	1	-0.00131	-0.00836	0.69686	0.00375	1	0.06638	-0.01322	0.67786	0.00384	1	1.45898	0.81042	0	
1276515	8608.71387	3306886730712	0.56297	0.36782	8608.53906	0.17480	12065	1	0.59561	0.31329	1	0.53195	0.35628	1	0.56378	0.33479	1	0.49494	0.52971	11.77944	1.08464	1	0.75620	0.55554	12.12190	1.08464	1	-0.00131	-0.00836	0.69686	0.00361	1	0.06638	-0.01322	0.67786	0.00381	1	1.45898	0.81042	0	
1276516	8608.72070	3306886797919	0.56339	0.36539	8608.53906	0.18164	12065	1	0.59148	0.26093	1	0.55829	0.33862	1	0.57489	0.29977	1	0.49494	0.52930	11.70440	1.09373	1	0.75665	0.55546	11.41631	1.09373	1	-0.00131	-0.00836	0.69686	0.00377	1	0.06638	-0.01322	0.67786	0.00376	1	1.45898	0.81042	0	
1276517	8608.72656	3306886864453	0.56380	0.36287	8608.53906	0.18750	12065	1	0.59104	0.25333	1	0.55929	0.33139	1	0.57516	0.29236	1	0.49494	0.52921	11.77952	1.10281	1	0.75635	0.55515	11.64016	1.10281	1	-0.00133	-0.00858	0.71086	0.00376	1	0.06638	-0.01322	0.67786	0.00370	1	1.45898	0.81042	0	
1276518	8608.73340	3306886931754	0.56411	0.36066	8608.53906	0.19434	12065	1	0.59188	0.25005	1	0.55434	0.34311	1	0.57311	0.29658	1	0.49494	0.52922	11.88835	1.10281	1	0.75661	0.55542	11.40720	1.10281	1	-0.00133	-0.00858	0.71086	0.00369	1	0.06638	-0.01322	0.67786	0.00377	1	1.45898	0.81042	0	
1276519	8608.74023	3306886998650	0.56467	0.35960	8608.53906	0.20117	12065	1	0.59871	0.30052	1	0.56392	0.35519	1	0.58131	0.32786	1	0.49501	0.52984	11.69423	1.10281	1	0.75673	0.55545	11.65492	1.10281	1	-0.00133	-0.00858	0.71086	0.00357	1	0.06638	-0.01322	0.67786	0.00377	1	1.45898	0.81042	0	
1276520	8608.74707	3306887065573	0.56518	0.35883	8608.53906	0.20801	12065	1	0.59910	0.30773	1	0.56289	0.36222	1	0.58099	0.33498	1	0.49479	0.53047	11.96834	1.09373	1	0.75656	0.55410	11.70288	1.09373	1	-0.00131	-0.00812	0.67253	0.00343	1	0.06638	-0.01332	0.67786	0.00414	1	1.45898	0.81042	0	
1276521	8608.75391	3306887132126	0.56162	0.35847	8608.53906	0.21484	12065	1	0.59910	0.30773	0	0.44780	0.34698	1	0.44780	0.34698	1	0.49479	0.53047	11.96834	1.08464	0	0.49471	0.53043	11.95934	1.08464	1	-0.00131	-0.00812	0.67253	0.00343	1	0.06638	-0.01332	0.67786	0.00353	1	1.45898	0.81042	0	
1276522	8608.76074	3306887199609	0.55907	0.35751	8608.53906	0.22168	12065	1	0.59910	0.30773	0	0.47489	0.32590	1	0.47489	0.32590	1	0.49479	0.53047	11.96834	1.07556	0	0.49434	0.53011	11.81723	1.07556	1	-0.00131	-0.00812	0.67253	0.00343	1	0.06638	-0.01332	0.67786	0.00342	1	1.45898	0.81042	0	
1276523	8608.76758	3306887266775	0.54449	0.33153	8608.53906	0.22168	12065	0	0.59910	0.30773	0	0.47456	0.33330	1	0.47456	0.33330	1	0.49479	0.53047	11.96834	1.06647	0	0.49303	0.52931	10.93634	1.06647	1	-0.00131	-0.00812	0.67253	0.00343	1	-0.00154	-0.00830	0.68278	0.00375	1	1.45898	0.81042	0	
1276524	8608.77344	3306887333419	0.47686	0.32474	8608.53906	0.22168	12065	0	0.59910	0.30773	0	0.40923	0.31795	1	0.40923	0.31795	1	0.49479	0.53047	11.96834	1.06647	0	0.49323	0.52999	11.70488	1.06647	1	-0.00131	-0.00812	0.67253	0.00343	1	-0.00154	-0.00830	0.68278	0.00362	1	1.45898	0.81042	0	
1276525	8608.78027	3306887400673	0.45044	0.31281	8608.53906	0.22168	12065	0	0.59910	0.30773	0	0.39761	0.28894	1	0.39761	0.28894	1	0.49479	0.53047	11.96834	1.06647	0	0.49307	0.52976	11.01331	1.06647	1	-0.00131	-0.00812	0.67253	0.00343	1	-0.00154	-0.00830	0.68278	0.00376	1	1.45898	0.81042	0	
1276526	8608.78711	3306887467719	0.40149	0.29861	8608.53906	0.22168	12065	0	0.59910	0.30773	0	0.39761	0.28894	1	0.39761	0.28894	1	0.49479	0.53047	11.96834	1.06647	0	0.49333	0.52975	12.09782	1.06647	1	-0.00131	-0.00812	0.67253	0.00343	1	-0.00154	-0.00830	0.68278	0.00370	1	1.45898	0.81042	0	
1276527	8608.79395	3306887532529	0.40183	0.29645	8608.53906	0.22168	12065	0	0.59910	0.30773	0	0.40217	0.29429	1	0.40217	0.29429	1	0.49479	0.53047	11.96834	1.06647	0	0.49316	0.52973	11.56461	1.06647	1	-0.00131	-0.00812	0.67253	0.00343	1	-0.00154	-0.00830	0.68278	0.00372	1	1.45898	0.81042	0	
1276528	8608.80078	3306887599803	0.40797	0.30429	8608.53906	0.22168	12065	0	0.59910	0.30773	0	0.42024	0.31998	1	0.42024	0.31998	1	0.49479	0.53047	11.96834	1.06647	0	0.49350	0.52988	12.12087	1.06647	1	-0.00131	-0.00812	0.67253	0.00343	1	-0.00154	-0.00830	0.68278	0.00364	1	1.45898	0.81042	0	
1276529	8608.80664	3306887664319	0.41103	0.30822	8608.78711	0.01953	12066	1	0.59910	0.30773	0	0.42024	0.31998	1	0.42024	0.31998	1	0.49479	0.53047	11.96834	1.06647	0	0.49307	0.52953	11.18056	1.06647	1	-0.00131	-0.00812	0.67253	0.00343	1	-0.00157	-0.00840	0.69599	0.00370	1	1.45898	0.81042	0	SUBJECT_ONSET_LOG
1276530	8608.81445	3306887735389	0.40953	0.30102	8608.78711	0.02734	12066	1	0.59910	0.30773	0	0.40352	0.27223	1	0.40352	0.27223	1	0.49479	0.53047	11.96834	1.06647	0	0.49315	0.52957	11.39385	1.06647	1	-0.00131	-0.00812	0.67253	0.00343	1	-0.00157	-0.00840	0.69599	0.00376	1	1.45898	0.81042	0	
1276531	8608.82031	3306887803101	0.42633	0.30076	8608.78711	0.03320	12066	1	0.52829	0.31490	1	0.49238	0.28402	1	0.51034	0.29946	1	0.49302	0.52956	11.12317	1.06647	1	0.75478	0.55452	12.27646	1.06647	1	-0.00131	-0.00812	0.67253	0.00372	1	-0.00157	-0.00840	0.69599	0.00406	1	1.45898	0.81042	0	
1276532	8608.82715	3306887869807	0.43830	0.29949	8608.78711	0.04004	12066	1	0.52738	0.30753	1	0.49285	0.27619	1	0.51012	0.29186	1	0.49342	0.52970	12.05968	1.07556	1	0.75475	0.55467	12.36705	1.07556	1	-0.00153	-0.00854	0.70282	0.00361	1	0.06726	-0.01349	0.68890	0.00401	1	1.45898	0.81042	0	AUDIO_FILE_ONSET_LOG
1276533	8608.83398	3306887936585	0.44912	0.29716	8608.78711	0.04688	12066	1	0.55595	0.27415	1	0.49372	0.28766	1	0.52484	0.28090	1	0.49354	0.52931	11.75425	1.08464	1	0.75479	0.55480	12.16949	1.08464	1	-0.00153	-0.00854	0.70282	0.00367	1	0.06726	-0.01349	0.68890	0.00379	1	1.45898	0.81042	0	
1276534	8608.84082	3306888003087	0.45673	0.29912	8608.78711	0.05371	12066	1	0.54401	0.29345	1	0.49126	0.33602	1	0.51764	0.31473	1	0.49336	0.52952	11.79170	1.09373	1	0.75479	0.55481	12.11496	1.09373	1	-0.00153	-0.00854	0.70282	0.00377	1	0.06726	-0.01349	0.68890	0.00378	1	1.45898	0.81042	0	
1276535	8608.84766	3306888070601	0.46283	0.29961	8608.78711	0.06055	12066	1	0.54323	0.28609	1	0.49215	0.32193	1	0.51769	0.30401	1	0.49345	0.52864	11.68586	1.10281	1	0.75494	0.55419	11.87545	1.11149	1	-0.00144	-0.00857	0.70954	0.00380	1	0.07041	-0.01405	0.72061	0.00395	1	1.45898	0.81042	0	
1276536	8608.85449	3306888137083	0.46867	0.29493	8608.78711	0.06738	12066	1	0.54829	0.23099	1	0.50585	0.26539	1	0.52707	0.24819	1	0.49349	0.52882	11.79733	1.11149	1	0.75496	0.55422	12.15009	1.12017	1	-0.00144	-0.00857	0.70954	0.00376	1	0.07041	-0.01405	0.72061	0.00391	1	1.45898	0.81042	0	
1276537	8608.86133	3306888204508	0.47218	0.29262	8608.78711	0.07422	12066	1	0.51759	0.26028	1	0.50404	0.27400	1	0.51082	0.26714	1	0.49340	0.52910	11.88329	1.12017	1	0.75486	0.55453	12.39369	1.12885	1	-0.00144	-0.00857	0.70954	0.00374	1	0.07041	-0.01405	0.72061	0.00371	1	1.45898	0.81042	0	
1276538	8608.86719	3306888271438	0.47512	0.29038	8608.78711	0.08008	12066	1	0.51669	0.25315	1	0.50404	0.27400	1	0.51036	0.26358	1	0.49345	0.52833	11.73810	1.12885	1	0.75505	0.55438	12.17042	1.12885	1	-0.00144	-0.00857	0.70954	0.00391	1	0.06675	-0.01328	0.68371	0.00373	1	1.45898	0.81042	0	
1276539	8608.87402	3306888336034	0.47784	0.28666	8608.78711	0.08691	12066	1	0.52040	0.20856	1	0.50610	0.26804	1	0.51325	0.23830	1	0.49350	0.52874	11.70146	1.12885	1	0.75492	0.55434	12.26742	1.12017	1	-0.00144	-0.00857	0.70954	0.00377	1	0.06675	-0.01328	0.68371	0.00362	1	1.45898	0.81042	0	
1276540	8608.88086	3306888405352	0.48053	0.28212	8608.78711	0.09375	12066	1	0.52528	0.17262	1	0.51097	0.26437	1	0.51812	0.21850	1	0.49351	0.52844	11.57516	1.12017	1	0.75502	0.55430	11.98592	1.11149	1	-0.00144	-0.00857	0.70954	0.00397	1	0.06675	-0.01328	0.68371	0.00360	1	1.45898	0.81042	0	
1276541	8608.88770	3306888472089	0.50683	0.26875	8608.78711	0.09375	12066	0	0.52613	0.18042	1	0.51039	0.27172	1	0.51826	0.22607	1	0.49346	0.52887	11.58696	1.11149	1	0.75507	0.55446	12.19140	1.10281	1	-0.00144	-0.00857	0.70954	0.00383	1	0.06675	-0.01328	0.68371	0.00359	1	1.45898	0.81042	0	
1276542	8608.89453	3306888538695	0.51583	0.25498	8608.78711	0.09375	12066	0	0.54157	0.21666	1	0.50807	0.26576	1	0.52482	0.24121	1	0.49379	0.52877	10.95749	1.10281	1	0.75505	0.55417	12.14455	1.10281	1	-0.00144	-0.00857	0.70954	0.00391	1	0.06675	-0.01328	0.68371	0.00372	1	1.45898	0.81042	0	
1276543	8608.90137	3306888606274	0.51334	0.25347	8608.78711	0.09375	12066	0	0.51214	0.17561	1	0.50457	0.32527	1	0.50836	0.25044	1	0.49342	0.52863	11.53787	1.10281	1	0.75500	0.55458	12.18472	1.10281	1	-0.00144	-0.00857	0.70954	0.00379	1	0.06675	-0.01328	0.68371	0.00355	1	1.45898	0.81042	0	
1276544	8608.90820	3306888672406	0.51216	0.25184	8608.88770	0.02051	12067	1	0.51214	0.17561	1	0.50510	0.31835	1	0.50862	0.24698	1	0.49351	0.52902	11.70310	1.10281	1	0.75507	0.55431	12.16720	1.11149	1	-0.00142	-0.00842	0.70192	0.00384	1	0.07041	-0.01400	0.72061	0.00364	1	1.45898	0.81042	0	
1276545	8608.91406	3306888735432	0.50987	0.25533	8608.88770	0.02637	12067	1	0.49758	0.22745	1	0.50385	0.31111	1	0.50072	0.26928	1	0.49346	0.52890	11.64828	1.11149	1	0.75486	0.55503	12.26963	1.12017	1	-0.00142	-0.00842	0.70192	0.00381	1	0.07041	-0.01400	0.72061	0.00376	1	1.45898	0.81042	0	
1276546	8608.92090	3306888808507	0.51089	0.25664	8608.88770	0.03320	12067	1	0.52698	0.23690	1	0.50505	0.28943	1	0.51601	0.26317	1	0.49347	0.52898	11.67202	1.12017	1	0.75500	0.55465	12.01708	1.12885	1	-0.00142	-0.00842	0.70192	0.00379	1	0.07041	-0.01400	0.72061	0.00382	1	1.45898	0.81042	0	
1276547	8608.92773	3306888875074	0.51160	0.25655	8608.88770	0.04004	12067	1	0.52614	0.22960	1	0.50557	0.28239	1	0.51585	0.25600	1	0.49355	0.52902	11.48591	1.12885	1	0.75516	0.55413	11.91253	1.13753	1	-0.00144	-0.00857	0.70954	0.00378	1	0.07041	-0.01400	0.72061	0.00378	1	1.45898	0.81042	0	
1276548	8608.93457	3306888941657	0.51112	0.25476	8608.88770	0.04688	12067	1	0.51843	0.17136	1	0.49713	0.31324	1	0.50778	0.24230	1	0.49343	0.52853	11.68888	1.13753	1	0.75481	0.55482	12.35045	1.13753	1	-0.00144	-0.00857	0.70954	0.00395	1	0.07041	-0.01400	0.72061	0.00381	1	1.45898	0.81042	0	
1276549	8608.94043	3306889004012	0.51078	0.25256	8608.88770	0.05273	12067	1	0.51350	0.22473	1	0.50261	0.24520	1	0.50806	0.23497	1	0.49381	0.52930	11.09844	1.13753	1	0.75490	0.55431	12.17650	1.13753	1	-0.00144	-0.00857	0.70954	0.00373	1	0.07041	-0.01400	0.72061	0.00378	1	1.45898	0.81042	0	
1276550	8608.94727	3306889072223	0.51049	0.25117	8608.88770	0.05957	12067	1	0.51350	0.22473	1	0.50211	0.25252	1	0.50780	0.23862	1	0.49343	0.52879	11.58951	1.13753	1	0.75488	0.55428	12.22959	1.12885	1	-0.00142	-0.00842	0.70192	0.00383	1	0.06611	-0.01320	0.67713	0.00382	1	1.45898	0.81042	0	
1276551	8608.95410	3306889140551	0.51180	0.25336	8608.88770	0.06641	12067	1	0.55737	0.23148	1	0.49253	0.31892	1	0.52495	0.27520	1	0.49362	0.52905	12.03476	1.12885	1	0.75472	0.55480	12.23100	1.12017	1	-0.00142	-0.00842	0.70192	0.00381	1	0.06611	-0.01320	0.67713	0.00396	1	1.45898	0.81042	0	
1276552	8608.96094	3306889205248	0.51301	0.25208	8608.88770	0.07324	12067	1	0.55742	0.19011	1	0.49522	0.28610	1	0.52632	0.23810	1	0.49367	0.52900	11.69681	1.12017	1	0.75476	0.55454	12.23550	1.11149	1	-0.00142	-0.00842	0.70192	0.00379	1	0.06611	-0.01320	0.67713	0.00395	1	1.45898	0.81042	0	
1276553	8608.96777	3306889272956	0.51405	0.25217	8608.88770	0.08008	12067	1	0.55874	0.20577	1	0.49428	0.30076	1	0.52651	0.25327	1	0.49347	0.52904	11.63911	1.10241	1	0.75479	0.55431	12.07387	1.09373	1	-0.00157	-0.00840	0.69599	0.00377	1	0.06675	-0.01328	0.68371	0.00401	1	1.45898	0.81042	0	
1276554	8608.97461	3306889340730	0.51473	0.25241	8608.88770	0.08691	12067	1	0.54869	0.22669	1	0.49834	0.28436	1	0.52352	0.25552	1	0.49347	0.52904	11.63911	1.08464	1	0.75487	0.55414	11.89165	1.08464	1	-0.00157	-0.00840	0.69599	0.00377	1	0.06675	-0.01328	0.68371	0.00403	1	1.45898	0.81042	0	
1276555	8608.98145	3306889409185	0.51588	0.25699	8608.88770	0.09375	12067	1	0.56271	0.33679	1	0.50131	0.30524	1	0.53201	0.32101	1	0.49358	0.52988	11.79463	1.07556	1	0.75493	0.55425	11.78657	1.07556	1	-0.00157	-0.00840	0.69599	0.00353	1	0.06675	-0.01328	0.68371	0.00401	1	1.45898	0.81042	0	
1276556	8608.98730	3306889472885	0.51691	0.26122	8608.88770	0.09961	12067	1	0.56337	0.34389	1	0.50129	0.30558	1	0.53233	0.32473	1	0.49357	0.52969	11.90772	1.06647	1	0.75474	0.55452	12.10735	1.07515	1	-0.00154	-0.00830	0.68278	0.00370	1	0.06871	-0.01368	0.70438	0.00403	1	1.45898	0.81042	0	
1276557	8608.99512	3306889541919	0.51693	0.26014	8608.88770	0.10742	12067	1	0.53396	0.17117	1	0.50074	0.31444	1	0.51735	0.24281	1	0.49324	0.52790	12.11169	1.07515	1	0.75493	0.55444	11.95180	1.08383	1	-0.00154	-0.00830	0.68278	0.00243	1	0.06871	-0.01368	0.70438	0.00368	1	1.45898	0.81042	0	
1276558	8609.00098	3306889607450	0.51660	0.26008	8608.88770	0.11328	12067	1	0.53256	0.17429	1	0.48919	0.34399	1	0.51088	0.25914	1	0.49333	0.52798	12.18553	1.08383	1	0.75474	0.55475	12.36045	1.09251	1	-0.00154	-0.00830	0.68278	0.00234	1	0.06871	-0.01368	0.70438	0.00360	1	1.45898	0.81042	0	
1276559	8609.00781	3306889674518	0.51628	0.25964	8608.88770	0.12012	12067	1	0.53174	0.16623	1	0.48961	0.33717	1	0.51067	0.25170	1	0.49325	0.53033	11.83720	1.09251	1	0.75495	0.55444	12.01935	1.10119	1	-0.00157	-0.00840	0.69599	0.00344	1	0.06841	-0.01375	0.70238	0.00369	1	1.45898	0.81042	0	
1276560	8609.01465	3306889744701	0.51644	0.26322	8608.88770	0.12695	12067	1	0.53992	0.36035	1	0.49884	0.30214	1	0.51938	0.33124	1	0.49326	0.53017	11.24492	1.10119	1	0.75488	0.55438	12.10034	1.10119	1	-0.00157	-0.00840	0.69599	0.00345	1	0.06841	-0.01375	0.70238	0.00402	1	1.45898	0.81042	0	
1276561	8609.02148	3306889808579	0.51755	0.26630	8608.88770	0.13379	12067	1	0.53340	0.31250	1	0.54610	0.34321	1	0.53975	0.32785	1	0.49319	0.52973	11.18224	1.10119	1	0.75486	0.55485	12.19386	1.10119	1	-0.00157	-0.00840	0.69599	0.00368	1	0.06841	-0.01375	0.70238	0.00381	1	1.45898	0.81042	0	
1276562	8609.02832	3306889876368	0.51852	0.26906	8608.88770	0.14062	12067	1	0.53255	0.30535	1	0.54539	0.34890	1	0.53897	0.32713	1	0.49248	0.52724	11.42443	1.11028	1	0.75388	0.55419	12.67135	1.09394	1	-0.00163	-0.00835	0.70013	0.00235	1	0.06439	-0.01281	0.66209	0.00374	1	1.45898	0.81042	0	
1276563	8609.03516	3306889943288	0.51761	0.26533	8608.88770	0.14746	12067	1	0.48638	0.08564	1	0.50877	0.28061	1	0.49757	0.18312	1	0.49251	0.52732	11.69550	1.10302	1	0.75419	0.55359	12.13247	1.08668	1	-0.00163	-0.00835	0.70013	0.00234	1	0.06439	-0.01281	0.66209	0.00396	1	1.45898	0.81042	0	
1276564	8609.04199	3306890011300	0.51656	0.26179	8608.88770	0.15430	12067	1	0.48465	0.09997	1	0.50012	0.26097	1	0.49238	0.18047	1	0.49258	0.52733	11.29834	1.09577	1	0.75413	0.55335	12.01966	1.07943	1	-0.00163	-0.00835	0.70013	0.00241	1	0.06439	-0.01281	0.66209	0.00396	1	1.45898	0.81042	0	
1276565	8609.04785	3306890077805	0.51561	0.25868	8608.88770	0.16016	12067	1	0.48560	0.10714	1	0.50014	0.26062	1	0.49287	0.18388	1	0.49260	0.52725	11.56383	1.08851	1	0.75410	0.55342	12.06251	1.07983	1	-0.00163	-0.00830	0.70004	0.00234	1	0.06606	-0.01313	0.67870	0.00395	1	1.45898	0.81042	0	
1276566	8609.05469	3306890146881	0.51476	0.25477	8608.88770	0.16699	12067	1	0.48498	0.10762	1	0.50163	0.20668	1	0.49330	0.15715	1	0.49252	0.52732	11.69608	1.07983	1	0.75420	0.55339	12.05814	1.08749	1	-0.00163	-0.00830	0.70004	0.00235	1	0.06606	-0.01313	0.67870	0.00392	1	1.45898	0.81042	0	
1276567	8609.06152	3306890212364	0.51399	0.25193	8608.88770	0.17383	12067	1	0.48877	0.09998	1	0.49969	0.25623	1	0.49423	0.17810	1	0.49258	0.52723	11.65304	1.08749	1	0.75407	0.55397	12.20039	1.09515	1	-0.00163	-0.00830	0.70004	0.00234	1	0.06606	-0.01313	0.67870	0.00385	1	1.45898	0.81042	0	
1276568	8609.06836	3306890280055	0.51328	0.24904	8608.88770	0.18066	12067	1	0.48778	0.09235	1	0.50013	0.24960	1	0.49396	0.17098	1	0.49258	0.52723	11.65304	1.09515	1	0.75404	0.55394	12.34398	1.10281	1	-0.00163	-0.00830	0.70004	0.00234	1	0.06606	-0.01313	0.67870	0.00376	1	1.45898	0.81042	0	
1276569	8609.07520	3306890347109	0.51240	0.24716	8608.88770	0.18750	12067	1	0.48246	0.06703	1	0.49339	0.32213	1	0.48792	0.19458	1	0.49251	0.52718	11.62755	1.10281	1	0.75400	0.55391	12.24337	1.10281	1	-0.00163	-0.00830	0.70004	0.00230	1	0.06606	-0.01313	0.67870	0.00378	1	1.45898	0.81042	0	
1276570	8609.08203	3306890415063	0.51156	0.24493	8608.88770	0.19434	12067	1	0.47583	0.09544	1	0.49803	0.26497	1	0.48693	0.18021	1	0.49247	0.52724	11.73443	1.10281	1	0.75404	0.55394	12.34398	1.10281	1	-0.00163	-0.00830	0.70004	0.00230	1	0.06606	-0.01313	0.67870	0.00376	1	1.45898	0.81042	0	
1276571	8609.08887	3306890481885	0.50200	0.21652	8608.88770	0.19434	12067	0	0.47583	0.09544	1	0.49760	0.27149	1	0.48672	0.18347	1	0.49248	0.52716	11.49311	1.10281	1	0.75412	0.55357	12.15251	1.09515	1	-0.00163	-0.00830	0.70004	0.00232	1	0.06375	-0.01273	0.65552	0.00391	1	1.45898	0.81042	0	
1276572	8609.09570	3306890548644	0.49807	0.18136	8608.88770	0.19434	12067	0	0.48967	0.09175	1	0.49860	0.20066	1	0.49413	0.14620	1	0.49258	0.52726	11.54082	1.09515	1	0.75407	0.55327	12.05342	1.08749	1	-0.00163	-0.00830	0.70004	0.00236	1	0.06375	-0.01273	0.65552	0.00400	1	1.45898	0.81042	0	
1276573	8609.10156	3306890613445	0.49940	0.16926	8608.88770	0.19434	12067	0	0.50697	0.09134	1	0.49719	0.19876	1	0.50208	0.14505	1	0.49241	0.52725	11.27758	1.08749	1	0.75407	0.55333	12.05359	1.07983	1	-0.00163	-0.00830	0.70004	0.00241	1	0.06375	-0.01273	0.65552	0.00398	1	1.45898	0.81042	0	
1276574	8609.10840	3306890682864	0.50020	0.16725	8609.08887	0.01953	12068	1	0.50889	0.10813	1	0.49625	0.21434	1	0.50257	0.16123	1	0.49244	0.52736	11.67162	1.07075	1	0.75390	0.55435	12.74506	1.06309	1	-0.00165	-0.00822	0.68908	0.00238	1	0.06375	-0.01273	0.65552	0.00380	1	1.45898	0.81042	0	
1276575	8609.11523	3306890750639	0.50223	0.18219	8609.08887	0.02637	12068	1	0.52532	0.14549	1	0.49537	0.33837	1	0.51034	0.24193	1	0.49238	0.52734	11.65098	1.05400	1	0.75414	0.55404	12.25016	1.05400	1	-0.00165	-0.00822	0.68908	0.00244	1	0.06375	-0.01273	0.65552	0.00388	1	1.45898	0.81042	0	
1276576	8609.12207	3306890817479	0.50402	0.19290	8609.08887	0.03320	12068	1	0.53627	0.13901	1	0.48973	0.35393	1	0.51300	0.24647	1	0.49245	0.52736	11.67654	1.04492	1	0.75400	0.55416	12.70439	1.04492	1	-0.00165	-0.00822	0.68908	0.00238	1	0.06375	-0.01273	0.65552	0.00384	1	1.45898	0.81042	0	
1276577	8609.12891	3306890883837	0.50530	0.20055	8609.08887	0.04004	12068	1	0.53627	0.13901	1	0.48973	0.35393	1	0.51300	0.24647	1	0.49217	0.52741	11.55858	1.04492	1	0.75358	0.55424	12.94552	1.04492	1	-0.00172	-0.00841	0.69678	0.00243	1	0.06375	-0.01273	0.65552	0.00376	1	1.45898	0.81042	0	
1276578	8609.13574	3306890950943	0.50383	0.20141	8609.08887	0.04688	12068	1	0.52073	0.13899	1	0.46627	0.27590	1	0.49350	0.20744	1	0.49226	0.52744	11.65092	1.05400	1	0.75351	0.55391	12.49623	1.05400	1	-0.00172	-0.00841	0.69678	0.00240	1	0.06375	-0.01273	0.65552	0.00388	1	1.45898	0.81042	0	
1276579	8609.14258	3306891018606	0.50128	0.19952	8609.08887	0.05371	12068	1	0.52043	0.13669	1	0.44136	0.23211	1	0.48090	0.18440	1	0.49219	0.52744	11.64212	1.06309	1	0.75312	0.55342	12.17128	1.06309	1	-0.00172	-0.00841	0.69678	0.00243	1	0.06375	-0.01273	0.65552	0.00387	1	1.45898	0.81042	0	
1276580	8609.14941	3306891085656	0.49925	0.19766	8609.08887	0.06055	12068	1	0.52043	0.13669	1	0.44141	0.22515	1	0.48092	0.18092	1	0.49202	0.52744	11.63361	1.06309	1	0.75336	0.55335	12.26539	1.07075	1	-0.00172	-0.00814	0.67406	0.00237	1	0.06633	-0.01323	0.68366	0.00390	1	1.45898	0.81042	0	
1276581	8609.15527	3306891151751	0.49929	0.19647	8609.08887	0.06641	12068	1	0.50850	0.14823	1	0.49090	0.22081	1	0.49970	0.18452	1	0.49197	0.52751	11.66525	1.06166	1	0.75358	0.55355	12.08510	1.06932	1	-0.00172	-0.00814	0.67406	0.00231	1	0.06633	-0.01323	0.68366	0.00376	1	1.45898	0.81042	0	
1276582	8609.16211	3306891217910	0.49968	0.19670	8609.08887	0.07324	12068	1	0.49754	0.13745	1	0.51049	0.26101	1	0.50402	0.19923	1	0.49191	0.52744	11.48412	1.06024	1	0.75349	0.55366	12.20337	1.06790	1	-0.00172	-0.00814	0.67406	0.00234	1	0.06633	-0.01323	0.68366	0.00396	1	1.45898	0.81042	0	
1276583	8609.16895	3306891286436	0.50000	0.19634	8609.08887	0.08008	12068	1	0.49659	0.12990	1	0.51102	0.25424	1	0.50380	0.19207	1	0.49176	0.52750	11.49078	1.06790	1	0.75331	0.55343	12.29878	1.07556	1	-0.00187	-0.00860	0.71198	0.00240	1	0.06633	-0.01323	0.68366	0.00404	1	1.45898	0.81042	0	
1276584	8609.17578	3306891352374	0.49986	0.19540	8609.08887	0.08691	12068	1	0.49637	0.12496	1	0.49968	0.24142	1	0.49802	0.18319	1	0.49185	0.52756	11.90781	1.08464	1	0.75332	0.55323	12.02572	1.08464	1	-0.00187	-0.00860	0.71198	0.00232	1	0.06633	-0.01323	0.68366	0.00392	1	1.45898	0.81042	0	
1276585	8609.18262	3306891419637	0.49893	0.19315	8609.08887	0.09375	12068	1	0.47666	0.13023	1	0.49511	0.19311	1	0.48589	0.16167	1	0.49178	0.52753	11.61656	1.09373	1	0.75324	0.55300	12.01342	1.09373	1	-0.00187	-0.00860	0.71198	0.00238	1	0.06633	-0.01323	0.68366	0.00403	1	1.45898	0.81042	0	
1276586	8609.18945	3306891486372	0.49807	0.19087	8609.08887	0.10059	12068	1	0.47541	0.12148	1	0.49519	0.19179	1	0.48530	0.15663	1	0.49183	0.52751	11.37213	1.10281	1	0.75334	0.55365	11.86183	1.09515	1	-0.00187	-0.00865	0.71198	0.00247	1	0.06420	-0.01281	0.66219	0.00383	1	1.45898	0.81042	0	
1276587	8609.19531	3306891553065	0.49777	0.19136	8609.08887	0.10645	12068	1	0.49720	0.11508	1	0.48851	0.28315	1	0.49286	0.19911	1	0.49173	0.52755	11.67989	1.09515	1	0.75317	0.55399	12.31832	1.08749	1	-0.00187	-0.00865	0.71198	0.00243	1	0.06420	-0.01281	0.66219	0.00382	1	1.45898	0.81042	0	
1276588	8609.20215	3306891617617	0.49785	0.19277	8609.08887	0.11328	12068	1	0.50434	0.12299	1	0.49425	0.31077	1	0.49929	0.21688	1	0.49164	0.52761	11.49089	1.08749	1	0.75323	0.55387	11.97994	1.07983	1	-0.00187	-0.00865	0.71198	0.00239	1	0.06420	-0.01281	0.66219	0.00389	1	1.45898	0.81042	0	
1276589	8609.20898	3306891688221	0.49795	0.19498	8609.08887	0.12012	12068	1	0.50629	0.13929	1	0.49299	0.33023	1	0.49964	0.23476	1	0.49150	0.52727	11.56750	1.07075	1	0.75305	0.55307	12.75107	1.05628	1	-0.00186	-0.00833	0.68966	0.00244	1	0.06156	-0.01225	0.63544	0.00412	1	1.45898	0.81042	0	
1276590	8609.21582	3306891754011	0.49811	0.19549	8609.08887	0.12695	12068	1	0.52571	0.12790	1	0.47687	0.28237	1	0.50129	0.20514	1	0.49153	0.52729	11.73957	1.04720	1	0.75298	0.55318	12.74192	1.04039	1	-0.00186	-0.00833	0.68966	0.00241	1	0.06156	-0.01225	0.63544	0.00418	1	1.45898	0.81042	0	
1276591	8609.22266	3306891821423	0.49785	0.19736	8609.08887	0.13379	12068	1	0.50501	0.16589	1	0.48026	0.30344	1	0.49263	0.23467	1	0.49160	0.52722	11.62564	1.03130	1	0.75303	0.55333	12.62885	1.02449	1	-0.00186	-0.00833	0.68966	0.00236	1	0.06156	-0.01225	0.63544	0.00414	1	1.45898	0.81042	0	
1276592	8609.22949	3306891885780	0.49766	0.19944	8609.08887	0.14062	12068	1	0.50696	0.18155	1	0.48020	0.30469	1	0.49358	0.24312	1	0.49152	0.52730	11.47541	1.01541	1	0.75272	0.55399	13.38151	1.02307	1	-0.00186	-0.00822	0.68966	0.00245	1	0.06605	-0.01314	0.68183	0.00391	1	1.45898	0.81042	0	
1276593	8609.23633	3306891955442	0.49708	0.20217	8609.08887	0.14746	12068	1	0.51326	0.17740	1	0.45552	0.34705	1	0.48439	0.26223	1	0.49163	0.52736	11.75483	1.02307	1	0.75272	0.55399	13.38151	1.03753	1	-0.00186	-0.00822	0.68966	0.00244	1	0.06605	-0.01314	0.68183	0.00391	1	1.45898	0.81042	0	
1276594	8609.24316	3306892022376	0.49644	0.20426	8609.08887	0.15430	12068	1	0.50389	0.16026	1	0.45944	0.34466	1	0.48166	0.25246	1	0.49161	0.52734	11.84229	1.03753	1	0.75269	0.55402	12.96297	1.05200	1	-0.00186	-0.00822	0.68966	0.00243	1	0.06605	-0.01314	0.68183	0.00393	1	1.45898	0.81042	0	
1276595	8609.24902	3306892088336	0.49582	0.20580	8609.08887	0.16016	12068	1	0.50211	0.14602	1	0.45960	0.33912	1	0.48085	0.24257	1	0.49165	0.52735	11.80937	1.05200	1	0.75280	0.55401	13.34470	1.05881	1	-0.00184	-0.00829	0.68255	0.00236	1	0.06387	-0.01270	0.65880	0.00384	1	1.45898	0.81042	0	
1276596	8609.25586	3306892156136	0.49553	0.20690	8609.08887	0.16699	12068	1	0.49244	0.14524	1	0.48423	0.32377	1	0.48833	0.23450	1	0.49169	0.52729	11.55607	1.05881	1	0.75307	0.55382	12.97365	1.05115	1	-0.00184	-0.00829	0.68255	0.00242	1	0.06387	-0.01270	0.65880	0.00385	1	1.45898	0.81042	0	
1276597	8609.26270	3306892223088	0.49494	0.20844	8609.08887	0.17383	12068	1	0.49761	0.13718	1	0.46150	0.36003	1	0.47955	0.24861	1	0.49177	0.52734	11.72626	1.05115	1	0.75277	0.55397	13.36502	1.04349	1	-0.00184	-0.00829	0.68255	0.00243	1	0.06387	-0.01270	0.65880	0.00384	1	1.45898	0.81042	0	
1276598	8609.26953	3306892291270	0.48947	0.23486	8609.08887	0.17383	12068	0	0.49743	0.13576	1	0.46172	0.35271	1	0.47958	0.24424	1	0.49173	0.52734	11.75475	1.05258	1	0.75305	0.55387	13.08102	1.05258	1	-0.00187	-0.00860	0.71198	0.00240	1	0.06633	-0.01323	0.68366	0.00380	1	1.45898	0.81042	0	
1276599	8609.27637	3306892357943	0.48913	0.22539	8609.08887	0.17383	12068	0	0.48785	0.11398	1	0.48973	0.31788	1	0.48879	0.21593	1	0.49178	0.52710	12.29495	1.06166	1	0.75319	0.55382	12.56892	1.06932	1	-0.00187	-0.00860	0.71198	0.00235	1	0.06633	-0.01323	0.68366	0.00383	1	1.45898	0.81042	0	
1276600	8609.28320	3306892424079	0.49387	0.21534	8609.08887	0.17383	12068	0	0.49949	0.11577	1	0.50720	0.27467	1	0.50334	0.19522	1	0.49187	0.52726	11.59479	1.07841	1	0.75340	0.55386	12.61011	1.08607	1	-0.00187	-0.00860	0.71198	0.00240	1	0.06633	-0.01323	0.68366	0.00382	1	1.45898	0.81042	0	
1276601	8609.29004	3306892491716	0.49618	0.20854	8609.26953	0.02051	12069	1	0.49856	0.10819	1	0.50769	0.26811	1	0.50313	0.18815	1	0.49186	0.52728	11.77369	1.08607	1	0.75356	0.55388	12.48315	1.09373	1	-0.00172	-0.00809	0.67406	0.00238	1	0.06633	-0.01323	0.68366	0.00383	1	1.45898	0.81042	0	
1276602	8609.29590	3306892558587	0.49677	0.20243	8609.26953	0.02637	12069	1	0.49182	0.09734	1	0.50640	0.25861	1	0.49911	0.17797	1	0.49196	0.52716	11.89332	1.08464	1	0.75345	0.55390	12.61369	1.08464	1	-0.00172	-0.00809	0.67406	0.00244	1	0.06633	-0.01323	0.68366	0.00381	1	1.45898	0.81042	0	
1276603	8609.30273	3306892625231	0.49677	0.20485	8609.26953	0.03320	12069	1	0.49189	0.11069	1	0.50165	0.32330	1	0.49677	0.21699	1	0.49196	0.52715	11.87198	1.07556	1	0.75344	0.55407	12.71369	1.07556	1	-0.00172	-0.00809	0.67406	0.00244	1	0.06633	-0.01323	0.68366	0.00376	1	1.45898	0.81042	0	
1276604	8609.30957	3306892691772	0.49681	0.20777	8609.26953	0.04004	12069	1	0.49305	0.11975	1	0.50110	0.33074	1	0.49707	0.22524	1	0.49193	0.52718	11.86578	1.06647	1	0.75323	0.55395	12.89177	1.06647	1	-0.00172	-0.00809	0.67406	0.00242	1	0.06633	-0.01323	0.68366	0.00378	1	1.45898	0.81042	0	
1276605	8609.31641	3306892759606	0.49756	0.20719	8609.26953	0.04688	12069	1	0.49647	0.11255	1	0.50908	0.29381	1	0.50277	0.20318	1	0.49197	0.52718	11.92841	1.06647	1	0.75348	0.55366	12.10988	1.06647	1	-0.00172	-0.00809	0.67406	0.00239	1	0.06633	-0.01323	0.68366	0.00381	1	1.45898	0.81042	0	
1276606	8609.32324	3306892826399	0.49730	0.20019	8609.26953	0.05371	12069	1	0.49048	0.11669	1	0.49994	0.17160	1	0.49521	0.14414	1	0.49197	0.52718	11.92841	1.06647	1	0.75334	0.55294	12.14235	1.06647	1	-0.00172	-0.00809	0.67406	0.00239	1	0.06633	-0.01323	0.68366	0.00413	1	1.45898	0.81042	0	
1276607	8609.33008	3306892893233	0.49709	0.19458	8609.26953	0.06055	12069	1	0.49048	0.11669	1	0.49994	0.17160	1	0.49521	0.14414	1	0.49192	0.52721	11.96865	1.06647	1	0.75325	0.55304	12.18162	1.06647	1	-0.00172	-0.00814	0.67406	0.00242	1	0.06633	-0.01323	0.68366	0.00406	1	1.45898	0.81042	0	
1276608	8609.33691	3306892959441	0.49679	0.19508	8609.26953	0.06738	12069	1	0.49769	0.12107	1	0.49003	0.27908	1	0.49386	0.20008	1	0.49191	0.52721	11.89686	1.06647	1	0.75322	0.55355	12.66010	1.06647	1	-0.00172	-0.00814	0.67406	0.00240	1	0.06633	-0.01323	0.68366	0.00379	1	1.45898	0.81042	0	
1276609	8609.34277	3306893025849	0.49737	0.19786	8609.26953	0.07324	12069	1	0.50133	0.14188	1	0.50605	0.31488	1	0.50369	0.22838	1	0.49196	0.52732	11.94831	1.06647	1	0.75344	0.55378	12.78267	1.06647	1	-0.00172	-0.00814	0.67406	0.00237	1	0.06633	-0.01323	0.68366	0.00386	1	1.45898	0.81042	0	
1276610	8609.34961	3306893093263	0.49786	0.20021	8609.26953	0.08008	12069	1	0.50133	0.14188	1	0.50605	0.31488	1	0.50369	0.22838	1	0.49196	0.52728	11.91556	1.06647	1	0.75326	0.55351	12.53269	1.06647	1	-0.00172	-0.00814	0.67406	0.00242	1	0.06633	-0.01323	0.68366	0.00389	1	1.45898	0.81042	0	
1276611	8609.35645	3306893159998	0.49763	0.20037	8609.26953	0.08691	12069	1	0.49522	0.13323	1	0.49429	0.27191	1	0.49476	0.20257	1	0.49185	0.52734	12.21542	1.06647	1	0.75324	0.55351	12.40932	1.06647	1	-0.00172	-0.00814	0.67406	0.00236	1	0.06633	-0.01323	0.68366	0.00391	1	1.45898	0.81042	0	
1276612	8609.36328	3306893228113	0.48963	0.19175	8609.26953	0.09375	12069	1	0.49522	0.13323	0	0.37764	0.07106	1	0.37764	0.07106	1	0.49185	0.52734	12.21542	1.06647	0	0.49192	0.52732	12.09945	1.06647	1	-0.00172	-0.00814	0.67406	0.00236	1	0.06633	-0.01323	0.68366	0.00242	1	1.45898	0.81042	0	
1276613	8609.37012	3306893294968	0.48264	0.18421	8609.26953	0.10059	12069	1	0.49522	0.13323	0	0.37764	0.07106	1	0.37764	0.07106	1	0.49185	0.52734	12.21542	1.06647	0	0.49202	0.52738	12.01304	1.06647	1	-0.00172	-0.00814	0.67406	0.00236	1	-0.00172	-0.00809	0.67406	0.00248	1	1.45898	0.81042	0	
1276614	8609.37695	3306893361396	0.47665	0.17792	8609.26953	0.10742	12069	1	0.49522	0.13323	0	0.38088	0.07733	1	0.38088	0.07733	1	0.49185	0.52734	12.21542	1.06647	0	0.49195	0.52731	11.99098	1.06647	1	-0.00172	-0.00814	0.67406	0.00236	1	-0.00172	-0.00809	0.67406	0.00241	1	1.45898	0.81042	0	
1276615	8609.38379	3306893429017	0.47162	0.17065	8609.26953	0.11426	12069	1	0.49522	0.13323	0	0.38617	0.04697	1	0.38617	0.04697	1	0.49185	0.52734	12.21542	1.06647	0	0.49200	0.52725	11.77433	1.06647	1	-0.00172	-0.00814	0.67406	0.00236	1	-0.00172	-0.00809	0.67406	0.00238	1	1.45898	0.81042	0	
1276616	8609.38965	3306893493217	0.44981	0.13869	8609.26953	0.11426	12069	0	0.49522	0.13323	0	0.38617	0.04697	1	0.38617	0.04697	1	0.49185	0.52734	12.21542	1.06647	0	0.49204	0.52723	11.73911	1.06647	1	-0.00172	-0.00814	0.67406	0.00236	1	-0.00172	-0.00814	0.67406	0.00238	1	1.45898	0.81042	0	
1276617	8609.39648	3306893560572	0.42357	0.10467	8609.26953	0.11426	12069	0	0.49522	0.13323	0	0.39734	0.07065	1	0.39734	0.07065	1	0.49185	0.52734	12.21542	1.06647	0	0.49220	0.52728	12.08233	1.06647	1	-0.00172	-0.00814	0.67406	0.00236	1	-0.00172	-0.00814	0.67406	0.00239	1	1.45898	0.81042	0	
1276618	8609.40332	3306893626123	0.41510	0.09241	8609.26953	0.11426	12069	0	0.49522	0.13323	0	0.39815	0.06789	1	0.39815	0.06789	1	0.49185	0.52734	12.21542	1.06647	0	0.49210	0.52737	11.97898	1.06647	1	-0.00172	-0.00814	0.67406	0.00236	1	-0.00172	-0.00814	0.67406	0.00246	1	1.45898	0.81042	0	
1276619	8609.41016	3306893693783	0.41079	0.08399	8609.38965	0.02051	12070	1	0.49522	0.13323	0	0.39788	0.05874	1	0.39788	0.05874	1	0.49185	0.52734	12.21542	1.06647	0	0.49224	0.52744	11.91321	1.07515	1	-0.00172	-0.00814	0.67406	0.00236	1	-0.00175	-0.00847	0.70622	0.00246	1	1.45898	0.81042	0	
1276620	8609.41699	3306893761499	0.40799	0.08007	8609.38965	0.02734	12070	1	0.49522	0.13323	0	0.39677	0.06439	1	0.39677	0.06439	1	0.49185	0.52734	12.21542	1.07515	0	0.49216	0.52736	11.98661	1.08383	1	-0.00172	-0.00814	0.67406	0.00236	1	-0.00175	-0.00847	0.70622	0.00246	1	1.45898	0.81042	0	
1276621	8609.42383	3306893831638	0.40604	0.07496	8609.38965	0.03418	12070	1	0.49522	0.13323	0	0.39627	0.04940	1	0.39627	0.04940	1	0.49185	0.52734	12.21542	1.08383	0	0.49224	0.52744	11.91321	1.09251	1	-0.00172	-0.00814	0.67406	0.00236	1	-0.00175	-0.00847	0.70622	0.00246	1	1.45898	0.81042	0	
1276622	8609.42969	3306893895497	0.41147	0.07547	8609.38965	0.04004	12070	1	0.49195	0.10761	1	0.39627	0.04940	1	0.44411	0.07850	1	0.49220	0.52730	11.50961	1.09251	1	0.75370	0.55214	12.65967	1.09251	1	-0.00165	-0.00832	0.68907	0.00251	1	0.06633	-0.01323	0.68366	0.00423	1	1.45898	0.81042	0	
1276623	8609.43652	3306893962234	0.41837	0.09224	8609.38965	0.04688	12070	1	0.50133	0.10035	1	0.43191	0.31902	1	0.46662	0.20969	1	0.49234	0.52734	11.81290	1.09251	1	0.75308	0.55420	13.20006	1.08383	1	-0.00165	-0.00832	0.68907	0.00244	1	0.06633	-0.01323	0.68366	0.00385	1	1.45898	0.81042	0	
1276624	8609.44336	3306894028656	0.42456	0.10142	8609.38965	0.05371	12070	1	0.50047	0.11211	1	0.44767	0.23751	1	0.47407	0.17481	1	0.49234	0.52734	11.81290	1.08383	1	0.75323	0.55303	12.17539	1.07515	1	-0.00165	-0.00832	0.68907	0.00244	1	0.06633	-0.01323	0.68366	0.00425	1	1.45898	0.81042	0	
1276625	8609.45020	3306894096833	0.42950	0.10937	8609.38965	0.06055	12070	1	0.50042	0.11171	1	0.44750	0.25008	1	0.47396	0.18090	1	0.49253	0.52722	11.78277	1.08424	1	0.75367	0.55369	13.34999	1.06109	1	-0.00163	-0.00851	0.70004	0.00243	1	0.06177	-0.01230	0.63565	0.00373	1	1.45898	0.81042	0	
1276626	8609.45703	3306894164885	0.43308	0.12013	8609.38965	0.06738	12070	1	0.48227	0.12503	1	0.45549	0.33048	1	0.46888	0.22775	1	0.49230	0.52717	11.91560	1.07017	1	0.75343	0.55392	13.14588	1.05571	1	-0.00163	-0.00851	0.70004	0.00247	1	0.06177	-0.01230	0.63565	0.00393	1	1.45898	0.81042	0	
1276627	8609.46387	3306894232891	0.43709	0.12704	8609.38965	0.07422	12070	1	0.49058	0.12428	1	0.47186	0.28197	1	0.48122	0.20313	1	0.49253	0.52727	11.92094	1.06479	1	0.75363	0.55337	12.75892	1.05032	1	-0.00163	-0.00851	0.70004	0.00249	1	0.06177	-0.01230	0.63565	0.00420	1	1.45898	0.81042	0	
1276628	8609.47070	3306894299722	0.44053	0.13251	8609.38965	0.08105	12070	1	0.49128	0.12963	1	0.47247	0.26642	1	0.48188	0.19803	1	0.49241	0.52726	12.07928	1.05941	1	0.75373	0.55343	13.12710	1.06809	1	-0.00163	-0.00835	0.70013	0.00240	1	0.06832	-0.01359	0.70250	0.00410	1	1.45898	0.81042	0	
1276629	8609.47754	3306894365910	0.44345	0.13527	8609.38965	0.08789	12070	1	0.48511	0.12770	1	0.47756	0.21468	1	0.48133	0.17119	1	0.49253	0.52735	11.81477	1.06809	1	0.75379	0.55287	12.70269	1.09124	1	-0.00163	-0.00835	0.70013	0.00241	1	0.06832	-0.01359	0.70250	0.00422	1	1.45898	0.81042	0	
1276630	8609.48340	3306894433747	0.44533	0.13845	8609.38965	0.09375	12070	1	0.48040	0.08996	1	0.46294	0.27599	1	0.47167	0.18297	1	0.49251	0.52721	11.90570	1.09124	1	0.75350	0.55390	13.04352	1.11439	1	-0.00163	-0.00835	0.70013	0.00234	1	0.06832	-0.01359	0.70250	0.00392	1	1.45898	0.81042	0	
1276631	8609.49023	3306894500762	0.44689	0.14013	8609.38965	0.10059	12070	1	0.47731	0.06675	1	0.46330	0.26399	1	0.47030	0.16537	1	0.49260	0.52709	12.18724	1.11439	1	0.75362	0.55347	12.98667	1.12885	1	-0.00163	-0.00835	0.70013	0.00239	1	0.06606	-0.01313	0.67870	0.00409	1	1.45898	0.81042	0	
1276632	8609.49707	3306894566340	0.46594	0.16225	8609.38965	0.10059	12070	0	0.48084	0.07455	1	0.48110	0.13593	1	0.48097	0.10524	1	0.49263	0.52723	11.84837	1.12885	1	0.75370	0.55282	12.85593	1.12017	1	-0.00163	-0.00835	0.70013	0.00244	1	0.06606	-0.01313	0.67870	0.00429	1	1.45898	0.81042	0	
1276633	8609.50391	3306894634649	0.47365	0.14644	8609.38965	0.10059	12070	0	0.48220	0.03991	1	0.48050	0.22135	1	0.48135	0.13063	1	0.49262	0.52695	11.97653	1.12017	1	0.75377	0.55325	12.61331	1.11149	1	-0.00163	-0.00835	0.70013	0.00243	1	0.06606	-0.01313	0.67870	0.00408	1	1.45898	0.81042	0	
1276634	8609.51074	3306894700943	0.47648	0.14681	8609.38965	0.10059	12070	0	0.48450	0.05805	1	0.47979	0.23702	1	0.48214	0.14754	1	0.49262	0.52704	12.12658	1.10241	1	0.75389	0.55290	12.84797	1.09373	1	-0.00157	-0.00830	0.69599	0.00240	1	0.06606	-0.01313	0.67870	0.00420	1	1.45898	0.81042	0	
1276635	8609.51758	3306894769357	0.47656	0.15412	8609.49707	0.02051	12071	1	0.48186	0.08843	1	0.47178	0.26368	1	0.47682	0.17606	1	0.49262	0.52706	12.21341	1.08464	1	0.75370	0.55349	13.08105	1.08464	1	-0.00157	-0.00830	0.69599	0.00240	1	0.06606	-0.01313	0.67870	0.00411	1	1.45898	0.81042	0	
1276636	8609.52441	3306894835427	0.47761	0.15455	8609.49707	0.02734	12071	1	0.49133	0.09076	1	0.47227	0.22182	1	0.48180	0.15629	1	0.49262	0.52707	12.27317	1.07556	1	0.75366	0.55300	13.02116	1.07556	1	-0.00157	-0.00830	0.69599	0.00239	1	0.06606	-0.01313	0.67870	0.00428	1	1.45898	0.81042	0	
1276637	8609.53027	3306894902486	0.47831	0.15484	8609.49707	0.03320	12071	1	0.49133	0.09076	1	0.47227	0.22182	1	0.48180	0.15629	1	0.49257	0.52722	11.99265	1.07556	1	0.75368	0.55359	12.97653	1.07556	1	-0.00163	-0.00835	0.70013	0.00235	1	0.06606	-0.01313	0.67870	0.00408	1	1.45898	0.81042	0	
1276638	8609.53711	3306894967759	0.48028	0.15648	8609.49707	0.04004	12071	1	0.49102	0.11140	1	0.49315	0.22118	1	0.49208	0.16629	1	0.49262	0.52718	11.91606	1.08464	1	0.75395	0.55331	12.77393	1.08464	1	-0.00163	-0.00835	0.70013	0.00240	1	0.06606	-0.01313	0.67870	0.00400	1	1.45898	0.81042	0	
1276639	8609.54395	3306895036361	0.48079	0.16043	8609.49707	0.04688	12071	1	0.48145	0.09552	1	0.48738	0.28068	1	0.48442	0.18810	1	0.49255	0.52724	11.94818	1.09373	1	0.75390	0.55386	13.34097	1.09373	1	-0.00163	-0.00835	0.70013	0.00235	1	0.06606	-0.01313	0.67870	0.00378	1	1.45898	0.81042	0	
1276640	8609.55078	3306895104610	0.48120	0.16350	8609.49707	0.05371	12071	1	0.48145	0.09552	1	0.48738	0.28068	1	0.48442	0.18810	1	0.49257	0.52720	11.85268	1.09373	1	0.75356	0.55382	13.36665	1.09373	1	-0.00154	-0.00819	0.68279	0.00237	1	0.06606	-0.01313	0.67870	0.00381	1	1.45898	0.81042	0	
1276641	8609.55762	3306895171179	0.48114	0.16879	8609.49707	0.06055	12071	1	0.49246	0.10218	1	0.46874	0.33060	1	0.48060	0.21639	1	0.49249	0.52725	11.71181	1.08464	1	0.75361	0.55410	13.47649	1.08464	1	-0.00154	-0.00819	0.68279	0.00239	1	0.06606	-0.01313	0.67870	0.00384	1	1.45898	0.81042	0	
1276642	8609.56445	3306895238440	0.48086	0.17155	8609.49707	0.06738	12071	1	0.48635	0.09262	1	0.46990	0.30561	1	0.47813	0.19912	1	0.49253	0.52713	12.21547	1.07556	1	0.75366	0.55397	13.43269	1.07556	1	-0.00154	-0.00819	0.68279	0.00240	1	0.06606	-0.01313	0.67870	0.00380	1	1.45898	0.81042	0	
1276643	8609.57129	3306895304439	0.48065	0.17355	8609.49707	0.07422	12071	1	0.48635	0.09262	1	0.47018	0.29838	1	0.47826	0.19550	1	0.49243	0.52723	11.82879	1.07556	1	0.75365	0.55402	13.47705	1.08424	1	-0.00163	-0.00830	0.70004	0.00245	1	0.06888	-0.01373	0.70935	0.00379	1	1.45898	0.81042	0	
1276644	8609.57812	3306895372064	0.48149	0.17454	8609.49707	0.08105	12071	1	0.50670	0.08629	1	0.47656	0.28657	1	0.49163	0.18643	1	0.49249	0.52725	11.80948	1.09332	1	0.75370	0.55404	13.44363	1.10200	1	-0.00163	-0.00830	0.70004	0.00241	1	0.06888	-0.01373	0.70935	0.00382	1	1.45898	0.81042	0	
1276645	8609.58398	3306895436272	0.48127	0.17442	8609.49707	0.08691	12071	1	0.48897	0.07671	1	0.46783	0.26915	1	0.47840	0.17293	1	0.49235	0.52715	11.64337	1.11109	1	0.75361	0.55386	13.33962	1.11977	1	-0.00163	-0.00830	0.70004	0.00242	1	0.06888	-0.01373	0.70935	0.00386	1	1.45898	0.81042	0	
1276646	8609.59082	3306895504134	0.48104	0.17403	8609.49707	0.09375	12071	1	0.48788	0.06806	1	0.46783	0.26915	1	0.47785	0.16860	1	0.49238	0.52716	12.00893	1.11977	1	0.75327	0.55303	12.19324	1.11977	1	-0.00155	-0.00778	0.64794	0.00244	1	0.06633	-0.01323	0.68366	0.00424	1	1.45898	0.81042	0	
1276647	8609.59766	3306895573038	0.48206	0.16906	8609.49707	0.10059	12071	1	0.51532	0.06662	1	0.47918	0.12237	1	0.49725	0.09449	1	0.49234	0.52720	12.08139	1.11068	1	0.75330	0.55218	12.24093	1.10200	1	-0.00155	-0.00778	0.64794	0.00246	1	0.06633	-0.01323	0.68366	0.00426	1	1.45898	0.81042	0	
1276648	8609.60449	3306895640837	0.48263	0.16888	8609.49707	0.10742	12071	1	0.51959	0.07780	1	0.46398	0.25396	1	0.49178	0.16588	1	0.49230	0.52728	11.94356	1.09292	1	0.75315	0.55335	12.69231	1.08424	1	-0.00155	-0.00778	0.64794	0.00251	1	0.06633	-0.01323	0.68366	0.00421	1	1.45898	0.81042	0	
1276649	8609.61133	3306895704056	0.48316	0.16916	8609.49707	0.11426	12071	1	0.52050	0.08656	1	0.46375	0.26154	1	0.49212	0.17405	1	0.49228	0.52726	12.05241	1.08424	1	0.75289	0.55379	13.15647	1.07556	1	-0.00175	-0.00837	0.70622	0.00251	1	0.06556	-0.01302	0.67567	0.00382	1	1.45898	0.81042	0	
1276650	8609.61816	3306895773537	0.48409	0.17496	8609.49707	0.12109	12071	1	0.53277	0.27315	1	0.46913	0.28545	1	0.50095	0.27930	1	0.49233	0.52916	11.53915	1.08464	1	0.75280	0.55375	13.16095	1.08464	1	-0.00175	-0.00837	0.70622	0.00384	1	0.06556	-0.01302	0.67567	0.00387	1	1.45898	0.81042	0	
1276651	8609.62500	3306895840378	0.48516	0.17555	8609.49707	0.12793	12071	1	0.51061	0.09005	1	0.50016	0.28339	1	0.50538	0.18672	1	0.49222	0.52719	11.99347	1.09373	1	0.75333	0.55351	12.14571	1.09373	1	-0.00175	-0.00837	0.70622	0.00249	1	0.06556	-0.01302	0.67567	0.00389	1	1.45898	0.81042	0	
1276652	8609.63086	3306895907370	0.48612	0.17608	8609.49707	0.13379	12071	1	0.51061	0.09005	1	0.50016	0.28339	1	0.50538	0.18672	1	0.49215	0.52721	11.80250	1.09373	1	0.75321	0.55352	12.27752	1.09373	1	-0.00172	-0.00814	0.67406	0.00248	1	0.06633	-0.01323	0.68366	0.00387	1	1.45898	0.81042	0	
1276653	8609.63770	3306895974317	0.48690	0.17620	8609.49707	0.14062	12071	1	0.51525	0.10323	1	0.49145	0.25435	1	0.50335	0.17879	1	0.49214	0.52717	11.76673	1.08464	1	0.75312	0.55347	12.57195	1.08464	1	-0.00172	-0.00814	0.67406	0.00258	1	0.06633	-0.01323	0.68366	0.00386	1	1.45898	0.81042	0	
1276654	8609.64453	3306896041308	0.48752	0.17745	8609.49707	0.14746	12071	1	0.50541	0.10590	1	0.49669	0.30376	1	0.50105	0.20483	1	0.49208	0.52724	11.90620	1.07556	1	0.75329	0.55370	12.83547	1.07556	1	-0.00172	-0.00814	0.67406	0.00240	1	0.06633	-0.01323	0.68366	0.00385	1	1.45898	0.81042	0	
1276655	8609.65137	3306896108502	0.48809	0.17894	8609.49707	0.15430	12071	1	0.50648	0.11499	1	0.49618	0.31136	1	0.50133	0.21317	1	0.49193	0.52719	11.88885	1.06647	1	0.75312	0.55357	12.76549	1.06647	1	-0.00172	-0.00814	0.67406	0.00242	1	0.06633	-0.01323	0.68366	0.00384	1	1.45898	0.81042	0	
1276656	8609.65820	3306896174046	0.48809	0.17983	8609.49707	0.16113	12071	1	0.50207	0.11576	1	0.47418	0.28665	1	0.48812	0.20120	1	0.49204	0.52734	12.06101	1.06647	1	0.75302	0.55357	12.89888	1.06647	1	-0.00172	-0.00814	0.67406	0.00246	1	0.06633	-0.01323	0.68366	0.00390	1	1.45898	0.81042	0	
1276657	8609.66504	3306896242218	0.48821	0.18086	8609.49707	0.16797	12071	1	0.49821	0.11600	1	0.48399	0.29740	1	0.49110	0.20670	1	0.49196	0.52718	11.92152	1.06647	1	0.75310	0.55373	12.99275	1.06647	1	-0.00172	-0.00814	0.67406	0.00240	1	0.06633	-0.01323	0.68366	0.00384	1	1.45898	0.81042	0	
1276658	8609.67090	3306896308598	0.48832	0.18182	8609.49707	0.17383	12071	1	0.49821	0.11600	1	0.48399	0.29740	1	0.49110	0.20670	1	0.49193	0.52719	11.88885	1.06647	1	0.75301	0.55358	12.97099	1.06647	1	-0.00172	-0.00819	0.67406	0.00242	1	0.06605	-0.01319	0.68183	0.00392	1	1.45898	0.81042	0	
1276659	8609.67773	3306896376447	0.48836	0.18364	8609.49707	0.18066	12071	1	0.50312	0.13452	1	0.47584	0.33122	1	0.48948	0.23287	1	0.49185	0.52727	12.01654	1.06647	1	0.75292	0.55391	13.32485	1.06647	1	-0.00172	-0.00819	0.67406	0.00237	1	0.06605	-0.01319	0.68183	0.00389	1	1.45898	0.81042	0	
1276660	8609.68457	3306896442902	0.48790	0.18516	8609.49707	0.18750	12071	1	0.49000	0.13438	1	0.45986	0.32087	1	0.47493	0.22763	1	0.49179	0.52721	11.96257	1.06647	1	0.75278	0.55388	13.33321	1.06647	1	-0.00172	-0.00819	0.67406	0.00236	1	0.06605	-0.01319	0.68183	0.00394	1	1.45898	0.81042	0	
1276661	8609.69141	3306896510172	0.49388	0.21200	8609.49707	0.18750	12071	0	0.48882	0.12545	1	0.46007	0.31338	1	0.47445	0.21942	1	0.49156	0.52729	11.78676	1.07556	1	0.75291	0.55404	13.28268	1.07556	1	-0.00187	-0.00860	0.71198	0.00239	1	0.06528	-0.01296	0.67486	0.00384	1	1.45898	0.81042	0	
1276662	8609.69824	3306896577453	0.48907	0.20443	8609.49707	0.18750	12071	0	0.49519	0.11467	1	0.47332	0.27904	1	0.48425	0.19685	1	0.49157	0.52736	11.83940	1.08464	1	0.75293	0.55353	13.01584	1.08464	1	-0.00187	-0.00860	0.71198	0.00243	1	0.06528	-0.01296	0.67486	0.00384	1	1.45898	0.81042	0	
1276663	8609.70508	3306896644248	0.49028	0.20094	8609.49707	0.18750	12071	0	0.51192	0.10252	1	0.47348	0.28543	1	0.49270	0.19397	1	0.49149	0.52739	11.79264	1.09373	1	0.75286	0.55381	13.03179	1.09373	1	-0.00187	-0.00860	0.71198	0.00248	1	0.06528	-0.01296	0.67486	0.00387	1	1.45898	0.81042	0	
1276664	8609.71191	3306896711313	0.49089	0.19920	8609.69141	0.02051	12072	1	0.51192	0.10252	1	0.47348	0.28543	1	0.49270	0.19397	1	0.49148	0.52739	11.82532	1.09373	1	0.75240	0.55366	12.66444	1.09373	1	-0.00186	-0.00833	0.68966	0.00248	1	0.06528	-0.01306	0.67486	0.00392	1	1.45898	0.81042	0	
1276665	8609.71875	3306896778206	0.49381	0.19739	8609.69141	0.02734	12072	1	0.51978	0.10428	1	0.49123	0.27605	1	0.50550	0.19016	1	0.49149	0.52731	12.03423	1.08464	1	0.75239	0.55365	12.36834	1.08464	1	-0.00186	-0.00833	0.68966	0.00241	1	0.06528	-0.01306	0.67486	0.00382	1	1.45898	0.81042	0	
1276666	8609.72461	3306896845066	0.49505	0.20229	8609.69141	0.03320	12072	1	0.51362	0.12166	1	0.48883	0.33189	1	0.50123	0.22677	1	0.49144	0.52736	11.71934	1.07556	1	0.75244	0.55389	12.33511	1.07556	1	-0.00186	-0.00833	0.68966	0.00248	1	0.06528	-0.01306	0.67486	0.00386	1	1.45898	0.81042	0	
1276667	8609.73145	3306896912183	0.49597	0.20695	8609.69141	0.04004	12072	1	0.51463	0.13061	1	0.48838	0.33924	1	0.50151	0.23493	1	0.49146	0.52739	11.72249	1.06647	1	0.75219	0.55392	13.51023	1.06647	1	-0.00193	-0.00817	0.67666	0.00253	1	0.06605	-0.01316	0.68288	0.00385	1	1.45898	0.81042	0	
1276668	8609.73828	3306896978796	0.49564	0.20831	8609.69141	0.04688	12072	1	0.51226	0.12344	1	0.47435	0.31217	1	0.49331	0.21780	1	0.49138	0.52742	11.83206	1.06647	1	0.75225	0.55388	13.47578	1.06647	1	-0.00193	-0.00817	0.67666	0.00243	1	0.06605	-0.01316	0.68288	0.00382	1	1.45898	0.81042	0	
1276669	8609.74512	3306897045915	0.49562	0.20958	8609.69141	0.05371	12072	1	0.51226	0.12344	1	0.47865	0.31604	1	0.49546	0.21974	1	0.49138	0.52742	11.83206	1.06647	1	0.75231	0.55376	13.35809	1.06647	1	-0.00193	-0.00817	0.67666	0.00243	1	0.06605	-0.01316	0.68288	0.00383	1	1.45898	0.81042	0	
1276670	8609.75195	3306897113351	0.49560	0.21060	8609.69141	0.06055	12072	1	0.51226	0.12344	1	0.47865	0.31604	1	0.49546	0.21974	1	0.49124	0.52736	11.70722	1.06647	1	0.75247	0.55344	12.73820	1.06647	1	-0.00194	-0.00826	0.67972	0.00240	1	0.06528	-0.01306	0.67486	0.00392	1	1.45898	0.81042	0	
1276671	8609.75879	3306897180083	0.49493	0.21213	8609.69141	0.06738	12072	1	0.49777	0.14406	1	0.47868	0.31089	1	0.48823	0.22748	1	0.49117	0.52732	11.82608	1.06647	1	0.75223	0.55375	13.14425	1.06647	1	-0.00194	-0.00826	0.67972	0.00242	1	0.06528	-0.01306	0.67486	0.00392	1	1.45898	0.81042	0	
1276672	8609.76562	3306897246988	0.49489	0.21241	8609.69141	0.07422	12072	1	0.50497	0.13045	1	0.48402	0.30065	1	0.49450	0.21555	1	0.49122	0.52735	11.57873	1.06647	1	0.75226	0.55364	13.08049	1.06647	1	-0.00194	-0.00826	0.67972	0.00245	1	0.06528	-0.01306	0.67486	0.00382	1	1.45898	0.81042	0	
1276673	8609.77148	3306897313991	0.49484	0.21202	8609.69141	0.08008	12072	1	0.50389	0.12149	1	0.48443	0.29297	1	0.49416	0.20723	1	0.49102	0.52743	11.69381	1.07556	1	0.75230	0.55381	13.47567	1.07556	1	-0.00205	-0.00852	0.70098	0.00238	1	0.06528	-0.01306	0.67486	0.00378	1	1.45898	0.81042	0	
1276674	8609.77832	3306897380813	0.49356	0.21182	8609.69141	0.08691	12072	1	0.48402	0.10886	1	0.46985	0.30972	1	0.47693	0.20929	1	0.49097	0.52736	11.86796	1.08464	1	0.75209	0.55406	13.44334	1.08464	1	-0.00205	-0.00852	0.70098	0.00237	1	0.06528	-0.01306	0.67486	0.00382	1	1.45898	0.81042	0	
1276675	8609.78516	3306897447382	0.49236	0.21068	8609.69141	0.09375	12072	1	0.47824	0.12385	1	0.47277	0.26543	1	0.47551	0.19464	1	0.49092	0.52740	11.78431	1.09373	1	0.75211	0.55350	12.95815	1.09373	1	-0.00205	-0.00852	0.70098	0.00244	1	0.06528	-0.01306	0.67486	0.00399	1	1.45898	0.81042	0	
1276676	8609.79199	3306897510493	0.49129	0.20988	8609.69141	0.10059	12072	1	0.47824	0.12385	1	0.47251	0.27198	1	0.47538	0.19792	1	0.49087	0.52746	12.05964	1.09373	1	0.75176	0.55419	12.69021	1.08607	1	-0.00204	-0.00825	0.67864	0.00246	1	0.06381	-0.01279	0.66123	0.00382	1	1.45898	0.81042	0	
1276677	8609.79785	3306897574963	0.49137	0.21079	8609.69141	0.10645	12072	1	0.51233	0.13195	1	0.47293	0.31892	1	0.49263	0.22543	1	0.49094	0.52746	11.74068	1.07698	1	0.75206	0.55407	13.11127	1.06932	1	-0.00204	-0.00825	0.67864	0.00245	1	0.06381	-0.01279	0.66123	0.00379	1	1.45898	0.81042	0	
1276678	8609.80469	3306897646069	0.49142	0.20903	8609.69141	0.11328	12072	1	0.52787	0.14411	1	0.45644	0.21394	1	0.49216	0.17902	1	0.49079	0.52748	11.57108	1.06024	1	0.75178	0.55244	12.20275	1.05258	1	-0.00204	-0.00825	0.67864	0.00247	1	0.06381	-0.01279	0.66123	0.00422	1	1.45898	0.81042	0	
1276679	8609.81152	3306897712074	0.49150	0.20810	8609.69141	0.12012	12072	1	0.52958	0.16047	1	0.45625	0.22244	1	0.49291	0.19146	1	0.49061	0.52754	11.73406	1.04349	1	0.75160	0.55381	13.25634	1.04349	1	-0.00204	-0.00825	0.67864	0.00246	1	0.06586	-0.01322	0.68297	0.00382	1	1.45898	0.81042	0	
1276680	8609.81836	3306897779727	0.49188	0.20923	8609.69141	0.12695	12072	1	0.51875	0.16081	1	0.47963	0.30034	1	0.49919	0.23058	1	0.49062	0.52747	11.75027	1.04349	1	0.75144	0.55398	13.52178	1.05115	1	-0.00204	-0.00825	0.67864	0.00246	1	0.06586	-0.01322	0.68297	0.00378	1	1.45898	0.81042	0	
1276681	8609.82520	3306897849073	0.49228	0.20979	8609.69141	0.13379	12072	1	0.51146	0.16183	1	0.48914	0.28016	1	0.50030	0.22100	1	0.49056	0.52761	11.64982	1.05115	1	0.75165	0.55401	13.12258	1.05881	1	-0.00204	-0.00825	0.67864	0.00243	1	0.06586	-0.01322	0.68297	0.00382	1	1.45898	0.81042	0	
1276682	8609.83203	3306897915943	0.49263	0.20998	8609.69141	0.14062	12072	1	0.51058	0.15441	1	0.48952	0.27349	1	0.50005	0.21395	1	0.49056	0.52766	11.85190	1.05881	1	0.75171	0.55365	12.63030	1.06647	1	-0.00215	-0.00830	0.68346	0.00241	1	0.06586	-0.01322	0.68297	0.00388	1	1.45898	0.81042	0	
1276683	8609.83887	3306897980822	0.49309	0.21081	8609.69141	0.14746	12072	1	0.51077	0.16895	1	0.49552	0.28942	1	0.50314	0.22919	1	0.49047	0.52775	12.10183	1.06647	1	0.75174	0.55353	12.54344	1.06647	1	-0.00215	-0.00830	0.68346	0.00243	1	0.06586	-0.01322	0.68297	0.00390	1	1.45898	0.81042	0	
1276684	8609.84473	3306898046744	0.49337	0.21011	8609.69141	0.15332	12072	1	0.50085	0.09596	1	0.49890	0.29190	1	0.49988	0.19393	1	0.49049	0.52768	12.00635	1.06647	1	0.75181	0.55368	12.14422	1.06647	1	-0.00215	-0.00830	0.68346	0.00243	1	0.06586	-0.01322	0.68297	0.00390	1	1.45898	0.81042	0	
1276685	8609.85254	3306898115924	0.49362	0.20971	8609.69141	0.16113	12072	1	0.50085	0.09596	1	0.49806	0.30427	1	0.49945	0.20011	1	0.49027	0.52763	11.76001	1.06647	1	0.75133	0.55399	13.33822	1.05200	1	-0.00215	-0.00830	0.68346	0.00247	1	0.06224	-0.01251	0.64652	0.00381	1	1.45898	0.81042	0	
1276686	8609.85840	3306898183072	0.49327	0.21053	8609.69141	0.16699	12072	1	0.49585	0.13095	1	0.47354	0.33124	1	0.48469	0.23109	1	0.49021	0.52769	11.86589	1.05200	1	0.75133	0.55385	13.17710	1.03753	1	-0.00215	-0.00830	0.68346	0.00242	1	0.06224	-0.01251	0.64652	0.00378	1	1.45898	0.81042	0	
1276687	8609.86523	3306898250774	0.49266	0.21232	8609.69141	0.17383	12072	1	0.48991	0.14968	1	0.46347	0.36795	1	0.47669	0.25882	1	0.49019	0.52767	11.91826	1.03753	1	0.75117	0.55405	13.25509	1.02307	1	-0.00215	-0.00830	0.68346	0.00243	1	0.06224	-0.01251	0.64652	0.00387	1	1.45898	0.81042	0	
1276688	8609.87207	3306898318264	0.49212	0.21424	8609.69141	0.18066	12072	1	0.49185	0.16409	1	0.46347	0.36795	1	0.47766	0.26602	1	0.49020	0.52771	11.74635	1.02307	1	0.75089	0.55407	12.49698	1.02307	1	-0.00226	-0.00832	0.68444	0.00251	1	0.06400	-0.01283	0.66578	0.00393	1	1.45898	0.81042	0	
1276689	8609.87891	3306898385752	0.49166	0.21554	8609.69141	0.18750	12072	1	0.51937	0.16556	1	0.43774	0.33840	1	0.47855	0.25198	1	0.49015	0.52770	11.65580	1.02307	1	0.75085	0.55387	12.54244	1.03753	1	-0.00226	-0.00832	0.68444	0.00257	1	0.06400	-0.01283	0.66578	0.00392	1	1.45898	0.81042	0	
1276690	8609.88574	3306898452380	0.49216	0.21651	8609.69141	0.19434	12072	1	0.52928	0.15069	1	0.48400	0.33849	1	0.50664	0.24459	1	0.49002	0.52778	11.58450	1.03753	1	0.75123	0.55391	13.03551	1.05200	1	-0.00226	-0.00832	0.68444	0.00251	1	0.06400	-0.01283	0.66578	0.00385	1	1.45898	0.81042	0	
1276691	8609.89258	3306898519547	0.49261	0.21699	8609.69141	0.20117	12072	1	0.52780	0.13634	1	0.48466	0.32661	1	0.50623	0.23147	1	0.48992	0.52771	12.02874	1.05200	1	0.75080	0.55401	13.26489	1.06647	1	-0.00226	-0.00832	0.68444	0.00248	1	0.06480	-0.01294	0.67407	0.00383	1	1.45898	0.81042	0	
1276692	8609.89941	3306898586446	0.49294	0.21714	8609.69141	0.20801	12072	1	0.52276	0.11455	1	0.48345	0.32881	1	0.50310	0.22168	1	0.49001	0.52771	12.02564	1.06647	1	0.75114	0.55385	13.48016	1.06647	1	-0.00226	-0.00832	0.68444	0.00253	1	0.06480	-0.01294	0.67407	0.00380	1	1.45898	0.81042	0	
1276693	8609.90625	3306898653166	0.49302	0.21761	8609.69141	0.21484	12072	1	0.52423	0.13524	1	0.46743	0.33012	1	0.49583	0.23268	1	0.48998	0.52788	12.49231	1.06647	1	0.75081	0.55408	13.25374	1.06647	1	-0.00226	-0.00832	0.68444	0.00252	1	0.06480	-0.01294	0.67407	0.00385	1	1.45898	0.81042	0	
1276694	8609.91211	3306898720824	0.49311	0.21805	8609.69141	0.22070	12072	1	0.52423	0.13524	1	0.46743	0.33012	1	0.49583	0.23268	1	0.48998	0.52788	12.49231	1.06647	1	0.75055	0.55389	13.37323	1.06647	1	-0.00226	-0.00832	0.68444	0.00253	1	0.06480	-0.01294	0.67407	0.00393	1	1.45898	0.81042	0	
1276695	8609.91895	3306898787960	0.49304	0.21745	8609.69141	0.22754	12072	1	0.52042	0.11828	1	0.46122	0.27580	1	0.49082	0.19704	1	0.48992	0.52782	12.33932	1.06647	1	0.75081	0.55338	12.44044	1.06647	1	-0.00226	-0.00832	0.68444	0.00251	1	0.06480	-0.01294	0.67407	0.00395	1	1.45898	0.81042	0	
1276696	8609.92578	3306898854562	0.49280	0.21710	8609.69141	0.23438	12072	1	0.51362	0.13426	1	0.45507	0.27568	1	0.48435	0.20497	1	0.48986	0.52789	12.23943	1.06647	1	0.75061	0.55356	13.22673	1.06647	1	-0.00226	-0.00832	0.68444	0.00247	1	0.06480	-0.01294	0.67407	0.00396	1	1.45898	0.81042	0	
1276697	8609.93262	3306898921360	0.49256	0.21655	8609.69141	0.24121	12072	1	0.51260	0.12535	1	0.45524	0.26781	1	0.48392	0.19658	1	0.48982	0.52753	11.85473	1.07556	1	0.75060	0.55369	13.26510	1.07556	1	-0.00236	-0.00849	0.69903	0.00242	1	0.06480	-0.01294	0.67407	0.00397	1	1.45898	0.81042	0	
1276698	8609.93945	3306898988378	0.49242	0.21552	8609.69141	0.24805	12072	1	0.51222	0.08081	1	0.46206	0.27379	1	0.48714	0.17730	1	0.48990	0.52752	12.01692	1.08464	1	0.75082	0.55346	13.10970	1.08464	1	-0.00236	-0.00849	0.69903	0.00245	1	0.06480	-0.01294	0.67407	0.00398	1	1.45898	0.81042	0	
1276699	8609.94629	3306899055179	0.49241	0.21481	8609.69141	0.25488	12072	1	0.52321	0.12168	1	0.46115	0.25433	1	0.49218	0.18800	1	0.48994	0.52760	12.34945	1.09373	1	0.75081	0.55360	13.26642	1.09373	1	-0.00236	-0.00849	0.69903	0.00245	1	0.06480	-0.01294	0.67407	0.00393	1	1.45898	0.81042	0	
1276700	8609.95312	3306899122424	0.49240	0.21393	8609.69141	0.26172	12072	1	0.52229	0.11288	1	0.46137	0.24647	1	0.49183	0.17968	1	0.48998	0.52779	12.13578	1.10281	1	0.75070	0.55356	12.96916	1.10281	1	-0.00236	-0.00849	0.69903	0.00257	1	0.06480	-0.01294	0.67407	0.00398	1	1.45898	0.81042	0	
1276701	8609.95898	3306899189318	0.49257	0.21320	8609.69141	0.26758	12072	1	0.52249	0.10667	1	0.47684	0.26073	1	0.49966	0.18370	1	0.48998	0.52757	12.09904	1.10281	1	0.75105	0.55354	12.64549	1.10281	1	-0.00236	-0.00849	0.69903	0.00250	1	0.06480	-0.01294	0.67407	0.00395	1	1.45898	0.81042	0	
1276702	8609.96582	3306899256085	0.49219	0.21247	8609.69141	0.27441	12072	1	0.50632	0.11712	1	0.44678	0.24864	1	0.47655	0.18288	1	0.49005	0.52761	11.99883	1.10281	1	0.75091	0.55355	12.99854	1.10281	1	-0.00236	-0.00849	0.69903	0.00255	1	0.06480	-0.01294	0.67407	0.00396	1	1.45898	0.81042	0	
1276703	8609.97266	3306899323503	0.49184	0.21205	8609.69141	0.28125	12072	1	0.50735	0.12589	1	0.44659	0.26307	1	0.47697	0.19448	1	0.48999	0.52745	11.90654	1.09373	1	0.75134	0.55336	13.18939	1.08607	1	-0.00226	-0.00832	0.68444	0.00253	1	0.06340	-0.01265	0.65904	0.00410	1	1.45898	0.81042	0	
1276704	8609.97949	3306899390410	0.49123	0.21212	8609.69141	0.28809	12072	1	0.46940	0.13675	1	0.46088	0.29328	1	0.46514	0.21501	1	0.49007	0.52748	11.97811	1.07698	1	0.75121	0.55363	13.40870	1.06932	1	-0.00226	-0.00832	0.68444	0.00239	1	0.06340	-0.01265	0.65904	0.00390	1	1.45898	0.81042	0	
1276705	8609.98633	3306899457238	0.49077	0.21259	8609.69141	0.29492	12072	1	0.48125	0.12687	1	0.45962	0.33988	1	0.47043	0.23337	1	0.49006	0.52739	11.85688	1.06024	1	0.75117	0.55355	13.45234	1.05258	1	-0.00226	-0.00832	0.68444	0.00247	1	0.06340	-0.01265	0.65904	0.00397	1	1.45898	0.81042	0	
1276706	8609.99316	3306899524536	0.49034	0.21326	8609.69141	0.30176	12072	1	0.48231	0.13450	1	0.45928	0.35170	1	0.47079	0.24310	1	0.49009	0.52746	12.05964	1.05258	1	0.75116	0.55354	13.25305	1.03811	1	-0.00228	-0.00858	0.70586	0.00246	1	0.06224	-0.01241	0.64652	0.00401	1	1.45898	0.81042	0	
1276707	8610.00000	3306899591467	0.49018	0.21308	8609.69141	0.30859	12072	1	0.49447	0.15193	1	0.47197	0.25787	1	0.48322	0.20490	1	0.49022	0.52746	12.00962	1.04720	1	0.75138	0.55309	12.82835	1.04039	1	-0.00228	-0.00858	0.70586	0.00246	1	0.06224	-0.01241	0.64652	0.00411	1	1.45898	0.81042	0	
1276708	8610.00586	3306899654947	0.48983	0.21330	8609.69141	0.31445	12072	1	0.47605	0.15215	1	0.47062	0.29493	1	0.47334	0.22354	1	0.49022	0.52754	11.78020	1.04947	1	0.75131	0.55349	13.14572	1.04266	1	-0.00228	-0.00858	0.70586	0.00247	1	0.06224	-0.01241	0.64652	0.00401	1	1.45898	0.81042	0	
1276709	8610.01270	3306899722355	0.48942	0.21354	8609.69141	0.32129	12072	1	0.47703	0.15885	1	0.47088	0.28828	1	0.47396	0.22356	1	0.49024	0.52734	11.74698	1.04266	1	0.75140	0.55309	12.97532	1.05032	1	-0.00215	-0.00830	0.68346	0.00246	1	0.06586	-0.01311	0.68297	0.00403	1	1.45898	0.81042	0	
1276710	8610.01953	3306899790562	0.48976	0.21331	8609.69141	0.32812	12072	1	0.50741	0.15529	1	0.49402	0.21650	1	0.50072	0.18589	1	0.49046	0.52739	12.18724	1.04124	1	0.75169	0.55291	12.31726	1.05571	1	-0.00215	-0.00830	0.68346	0.00247	1	0.06586	-0.01311	0.68297	0.00414	1	1.45898	0.81042	0	
1276711	8610.02637	3306899859692	0.48980	0.21335	8609.69141	0.33496	12072	1	0.50273	0.13985	1	0.48675	0.25175	1	0.49474	0.19580	1	0.49033	0.52737	11.99567	1.04662	1	0.75154	0.55313	12.72082	1.06109	1	-0.00215	-0.00830	0.68346	0.00241	1	0.06586	-0.01311	0.68297	0.00409	1	1.45898	0.81042	0	
1276712	8610.03320	3306899927023	0.48984	0.21328	8609.69141	0.34180	12072	1	0.50207	0.13449	1	0.48700	0.24693	1	0.49454	0.19071	1	0.49042	0.52725	12.09609	1.05200	1	0.75155	0.55338	12.79121	1.06647	1	-0.00213	-0.00815	0.67521	0.00244	1	0.06586	-0.01311	0.68297	0.00392	1	1.45898	0.81042	0	
1276713	8610.04004	3306899994207	0.48987	0.21360	8609.69141	0.34863	12072	1	0.51133	0.11888	1	0.50268	0.29184	1	0.50701	0.20536	1	0.49059	0.52735	12.21801	1.06647	1	0.75185	0.55315	12.22985	1.06647	1	-0.00213	-0.00815	0.67521	0.00251	1	0.06586	-0.01311	0.68297	0.00388	1	1.45898	0.81042	0	
1276714	8610.04688	3306900060253	0.48992	0.21319	8609.69141	0.35547	12072	1	0.50159	0.12794	1	0.50511	0.28621	1	0.50335	0.20707	1	0.49046	0.52738	12.22075	1.06647	1	0.75181	0.55300	12.23490	1.06647	1	-0.00213	-0.00815	0.67521	0.00248	1	0.06586	-0.01311	0.68297	0.00406	1	1.45898	0.81042	0	
1276715	8610.05273	3306900127207	0.48996	0.21261	8609.69141	0.36133	12072	1	0.50159	0.12794	1	0.50511	0.28621	1	0.50335	0.20707	1	0.49056	0.52719	11.89349	1.06647	1	0.75160	0.55296	12.60899	1.06647	1	-0.00213	-0.00815	0.67521	0.00247	1	0.06586	-0.01311	0.68297	0.00409	1	1.45898	0.81042	0	
1276716	8610.05957	3306900194378	0.49006	0.21173	8609.69141	0.36816	12072	1	0.51435	0.11609	1	0.48267	0.23576	1	0.49851	0.17593	1	0.49061	0.52727	12.04633	1.06647	1	0.75184	0.55261	12.31929	1.06647	1	-0.00213	-0.00815	0.67521	0.00244	1	0.06586	-0.01311	0.68297	0.00433	1	1.45898	0.81042	0	
1276717	8610.06641	3306900261558	0.48988	0.21159	8609.69141	0.37500	12072	1	0.52113	0.12655	1	0.45202	0.29914	1	0.48658	0.21284	1	0.49067	0.52726	12.28827	1.06647	1	0.75181	0.55307	12.19703	1.06647	1	-0.00213	-0.00815	0.67521	0.00236	1	0.06586	-0.01311	0.68297	0.00421	1	1.45898	0.81042	0	
1276718	8610.07324	3306900327907	0.48969	0.21151	8609.69141	0.38184	12072	1	0.52113	0.12655	1	0.45189	0.30560	1	0.48651	0.21608	1	0.49077	0.52704	12.16574	1.06647	1	0.75209	0.55316	13.23268	1.05881	1	-0.00204	-0.00804	0.67865	0.00241	1	0.06381	-0.01270	0.66123	0.00415	1	1.45898	0.81042	0	
1276719	8610.08008	3306900395171	0.48980	0.21126	8609.69141	0.38867	12072	1	0.51998	0.11442	1	0.46651	0.31603	1	0.49324	0.21523	1	0.49073	0.52710	12.18169	1.05881	1	0.75204	0.55312	13.24848	1.05115	1	-0.00204	-0.00804	0.67865	0.00243	1	0.06381	-0.01270	0.66123	0.00404	1	1.45898	0.81042	0	
1276720	8610.08691	3306900462950	0.48953	0.21161	8609.69141	0.39551	12072	1	0.50460	0.12272	1	0.45850	0.34222	1	0.48155	0.23247	1	0.49080	0.52709	12.25201	1.05115	1	0.75196	0.55304	13.06646	1.04349	1	-0.00204	-0.00804	0.67865	0.00241	1	0.06381	-0.01270	0.66123	0.00408	1	1.45898	0.81042	0	
1276721	8610.09375	3306900529023	0.48927	0.21222	8609.69141	0.40234	12072	1	0.50553	0.13044	1	0.45850	0.34222	1	0.48201	0.23633	1	0.49087	0.52703	12.26463	1.04349	1	0.75221	0.55314	12.72060	1.04349	1	-0.00204	-0.00804	0.67865	0.00248	1	0.06621	-0.01309	0.68452	0.00406	1	1.45898	0.81042	0	
1276722	8610.09961	3306900595778	0.48932	0.21277	8609.69141	0.40820	12072	1	0.49284	0.13727	1	0.46520	0.33412	1	0.47902	0.23570	1	0.49095	0.52708	12.16326	1.04349	1	0.75202	0.55284	12.97481	1.05115	1	-0.00204	-0.00804	0.67865	0.00250	1	0.06621	-0.01309	0.68452	0.00393	1	1.45898	0.81042	0	
1276723	8610.10645	3306900663235	0.48927	0.21365	8609.69141	0.41504	12072	1	0.48856	0.12440	1	0.45797	0.34996	1	0.47327	0.23718	1	0.49090	0.52704	12.17624	1.05115	1	0.75194	0.55316	13.25541	1.05881	1	-0.00204	-0.00804	0.67865	0.00252	1	0.06621	-0.01309	0.68452	0.00388	1	1.45898	0.81042	0	
1276724	8610.11328	3306900727674	0.48922	0.21433	8609.69141	0.42188	12072	1	0.48754	0.11668	1	0.45813	0.34381	1	0.47284	0.23025	1	0.49103	0.52691	12.20179	1.05881	1	0.75245	0.55210	12.28167	1.06647	1	-0.00194	-0.00805	0.67972	0.00245	1	0.06528	-0.01296	0.67486	0.00402	1	1.45898	0.81042	0	
1276725	8610.12012	3306900797188	0.48913	0.21274	8609.69141	0.42871	12072	1	0.48949	0.08318	1	0.48689	0.21519	1	0.48819	0.14919	1	0.49108	0.52681	12.29032	1.06647	1	0.75232	0.55225	12.73949	1.06647	1	-0.00194	-0.00805	0.67972	0.00251	1	0.06528	-0.01296	0.67486	0.00395	1	1.45898	0.81042	0	
1276726	8610.12695	3306900864154	0.48914	0.21275	8609.69141	0.43555	12072	1	0.49811	0.08594	1	0.48710	0.27278	1	0.49261	0.17936	1	0.49119	0.52691	12.28755	1.06647	1	0.75234	0.55236	12.86986	1.06647	1	-0.00194	-0.00805	0.67972	0.00249	1	0.06528	-0.01296	0.67486	0.00393	1	1.45898	0.81042	0	
1276727	8610.13379	3306900931019	0.48913	0.21249	8609.69141	0.44238	12072	1	0.49811	0.08594	1	0.48710	0.27278	1	0.49261	0.17936	1	0.49124	0.52680	12.26091	1.06647	1	0.75258	0.55265	12.49277	1.06647	1	-0.00194	-0.00805	0.67972	0.00245	1	0.06621	-0.01309	0.68452	0.00395	1	1.45898	0.81042	0	
1276728	8610.14062	3306900997231	0.48878	0.21125	8609.69141	0.44922	12072	1	0.50119	0.13197	1	0.46336	0.21009	1	0.48227	0.17103	1	0.49122	0.52688	12.07191	1.06647	1	0.75231	0.55245	12.47276	1.06647	1	-0.00194	-0.00805	0.67972	0.00247	1	0.06621	-0.01309	0.68452	0.00375	1	1.45898	0.81042	0	
1276729	8610.14648	3306901064761	0.48858	0.21028	8609.69141	0.45508	12072	1	0.50807	0.12851	1	0.47380	0.21989	1	0.49094	0.17420	1	0.49125	0.52681	12.24475	1.06647	1	0.75253	0.55259	12.28289	1.06647	1	-0.00194	-0.00805	0.67972	0.00243	1	0.06621	-0.01309	0.68452	0.00371	1	1.45898	0.81042	0	
1276730	8610.15332	3306901133135	0.48838	0.20927	8609.69141	0.46191	12072	1	0.50701	0.11954	1	0.47413	0.21153	1	0.49057	0.16553	1	0.49152	0.52651	11.77523	1.07556	1	0.75267	0.55166	12.33275	1.07556	1	-0.00197	-0.00843	0.71098	0.00256	1	0.06621	-0.01309	0.68452	0.00415	1	1.45898	0.81042	0	
1276731	8610.16016	3306901200066	0.48846	0.20727	8609.69141	0.46875	12072	1	0.52978	0.13352	1	0.48412	0.13250	1	0.50695	0.13301	1	0.49147	0.52673	12.31222	1.08464	1	0.75302	0.55167	12.96725	1.08464	1	-0.00197	-0.00843	0.71098	0.00250	1	0.06621	-0.01309	0.68452	0.00411	1	1.45898	0.81042	0	
1276732	8610.16699	3306901266713	0.48845	0.20584	8609.69141	0.47559	12072	1	0.51215	0.13793	1	0.48589	0.11272	1	0.49902	0.12532	1	0.49150	0.52680	12.65996	1.09373	1	0.75302	0.55072	12.67564	1.09373	1	-0.00197	-0.00843	0.71098	0.00258	1	0.06621	-0.01309	0.68452	0.00440	1	1.45898	0.81042	0	
1276733	8610.17383	3306901332784	0.48891	0.17605	8609.69141	0.47559	12072	0	0.51215	0.13793	1	0.48523	0.12713	1	0.49869	0.13253	1	0.49138	0.52657	12.55145	1.09373	1	0.75246	0.55284	13.77380	1.07926	1	-0.00184	-0.00809	0.68255	0.00249	1	0.06156	-0.01211	0.63544	0.00384	1	1.45898	0.81042	0	
1276734	8610.18066	3306901401490	0.48930	0.19958	8609.69141	0.47559	12072	0	0.52124	0.15196	1	0.45814	0.29426	1	0.48969	0.22311	1	0.49145	0.52675	12.55771	1.07017	1	0.75265	0.55309	14.00752	1.05571	1	-0.00184	-0.00809	0.68255	0.00247	1	0.06156	-0.01211	0.63544	0.00384	1	1.45898	0.81042	0	
1276735	8610.18750	3306901465529	0.49249	0.22250	8609.69141	0.47559	12072	0	0.53833	0.16662	1	0.45938	0.37007	1	0.49886	0.26835	1	0.49165	0.52670	12.39396	1.04662	1	0.75277	0.55295	13.24548	1.03215	1	-0.00184	-0.00809	0.68255	0.00250	1	0.06156	-0.01211	0.63544	0.00383	1	1.45898	0.81042	0	
1276736	8610.19434	3306901534948	0.49431	0.23850	8610.17383	0.02051	12073	1	0.54056	0.18941	1	0.45899	0.38354	1	0.49977	0.28647	1	0.49167	0.52663	12.30989	1.02307	1	0.75286	0.55309	13.49472	1.01541	1	-0.00184	-0.00809	0.68255	0.00243	1	0.06420	-0.01261	0.66219	0.00381	1	1.45898	0.81042	0	
1276737	8610.20020	3306901596117	0.49181	0.24430	8610.17383	0.02637	12073	1	0.49544	0.17653	1	0.46819	0.35849	1	0.48182	0.26751	1	0.49164	0.52655	12.27487	1.01541	1	0.75290	0.55296	13.49755	1.02222	1	-0.00184	-0.00809	0.68255	0.00243	1	0.06420	-0.01261	0.66219	0.00384	1	1.45898	0.81042	0	
1276738	8610.20703	3306901665030	0.49103	0.24777	8610.17383	0.03320	12073	1	0.50031	0.18246	1	0.47398	0.34782	1	0.48714	0.26514	1	0.49164	0.52655	12.27487	1.02222	1	0.75290	0.55283	13.38095	1.02902	1	-0.00184	-0.00809	0.68255	0.00243	1	0.06420	-0.01261	0.66219	0.00390	1	1.45898	0.81042	0	
1276739	8610.21387	3306901732177	0.49045	0.24892	8610.17383	0.04004	12073	1	0.49944	0.17581	1	0.47452	0.33582	1	0.48698	0.25581	1	0.49187	0.52632	12.05495	1.02902	1	0.75305	0.55243	12.83360	1.04349	1	-0.00184	-0.00809	0.68255	0.00246	1	0.06633	-0.01302	0.68366	0.00382	1	1.45898	0.81042	0	
1276740	8610.22070	3306901798655	0.48999	0.24487	8610.17383	0.04688	12073	1	0.49981	0.16076	1	0.47376	0.27223	1	0.48678	0.21650	1	0.49186	0.52651	12.51909	1.04349	1	0.75292	0.55246	12.91959	1.05115	1	-0.00184	-0.00809	0.68255	0.00247	1	0.06633	-0.01302	0.68366	0.00381	1	1.45898	0.81042	0	
1276741	8610.22754	3306901866611	0.48980	0.24135	8610.17383	0.05371	12073	1	0.50658	0.16500	1	0.46993	0.26139	1	0.48825	0.21320	1	0.49200	0.52661	12.71337	1.05115	1	0.75281	0.55269	13.29329	1.05881	1	-0.00184	-0.00809	0.68255	0.00251	1	0.06633	-0.01302	0.68366	0.00381	1	1.45898	0.81042	0	
1276742	8610.23340	3306901932584	0.48961	0.23782	8610.17383	0.05957	12073	1	0.50566	0.15760	1	0.47018	0.25459	1	0.48792	0.20609	1	0.49195	0.52652	12.45791	1.05881	1	0.75295	0.55277	13.43050	1.06647	1	-0.00172	-0.00799	0.67406	0.00250	1	0.06633	-0.01302	0.68366	0.00380	1	1.45898	0.81042	0	
1276743	8610.24023	3306901999922	0.48861	0.23601	8610.17383	0.06641	12073	1	0.49999	0.13733	1	0.45715	0.29838	1	0.47857	0.21786	1	0.49201	0.52640	12.23637	1.06647	1	0.75263	0.55267	13.11571	1.06647	1	-0.00172	-0.00799	0.67406	0.00249	1	0.06633	-0.01302	0.68366	0.00394	1	1.45898	0.81042	0	
1276744	8610.24707	3306902062738	0.48843	0.23389	8610.17383	0.07324	12073	1	0.50926	0.12693	1	0.46371	0.29419	1	0.48649	0.21056	1	0.49201	0.52634	12.02348	1.06647	1	0.75276	0.55268	13.18089	1.06647	1	-0.00172	-0.00799	0.67406	0.00255	1	0.06633	-0.01302	0.68366	0.00391	1	1.45898	0.81042	0	
1276745	8610.25391	3306902133490	0.48828	0.23209	8610.17383	0.08008	12073	1	0.50926	0.12693	1	0.46371	0.29419	1	0.48649	0.21056	1	0.49205	0.52637	12.10278	1.06647	1	0.75310	0.55272	12.83520	1.06647	1	-0.00172	-0.00799	0.67406	0.00255	1	0.06633	-0.01302	0.68366	0.00384	1	1.45898	0.81042	0	
1276746	8610.26074	3306902202112	0.48735	0.23129	8610.17383	0.08691	12073	1	0.50707	0.14174	1	0.44334	0.29990	1	0.47520	0.22082	1	0.49196	0.52639	12.60252	1.06647	1	0.75283	0.55271	13.23341	1.06647	1	-0.00172	-0.00799	0.67406	0.00252	1	0.06633	-0.01302	0.68366	0.00392	1	1.45898	0.81042	0	
1276747	8610.26758	3306902270472	0.48693	0.22994	8610.17383	0.09375	12073	1	0.50698	0.12690	1	0.45525	0.29510	1	0.48112	0.21100	1	0.49190	0.52635	12.09398	1.06647	1	0.75303	0.55242	12.53421	1.06647	1	-0.00172	-0.00799	0.67406	0.00255	1	0.06633	-0.01302	0.68366	0.00388	1	1.45898	0.81042	0	
1276748	8610.27441	3306902338871	0.48657	0.22875	8610.17383	0.10059	12073	1	0.50698	0.12690	1	0.45525	0.29510	1	0.48112	0.21100	1	0.49205	0.52637	12.25217	1.06647	1	0.75356	0.55237	13.30428	1.06647	1	-0.00172	-0.00799	0.67406	0.00244	1	0.06633	-0.01302	0.68366	0.00387	1	1.45898	0.81042	0	
1276749	8610.28125	3306902405130	0.48650	0.22752	8610.17383	0.10742	12073	1	0.50718	0.13729	1	0.46375	0.27832	1	0.48546	0.20781	1	0.49210	0.52641	12.44615	1.06647	1	0.75355	0.55246	13.33846	1.06647	1	-0.00172	-0.00799	0.67406	0.00246	1	0.06633	-0.01302	0.68366	0.00384	1	1.45898	0.81042	0	
1276750	8610.28711	3306902470452	0.48663	0.23041	8610.17383	0.11328	12073	1	0.49968	0.27538	1	0.47767	0.28369	1	0.48868	0.27953	1	0.49192	0.52822	11.95681	1.06647	1	0.75372	0.55260	13.45563	1.06647	1	-0.00172	-0.00799	0.67406	0.00373	1	0.06633	-0.01302	0.68366	0.00385	1	1.45898	0.81042	0	
1276751	8610.29395	3306902538376	0.48673	0.23299	8610.17383	0.12012	12073	1	0.49968	0.27538	1	0.47767	0.28369	1	0.48868	0.27953	1	0.49227	0.52627	12.31822	1.06647	1	0.75389	0.55297	12.82887	1.06647	1	-0.00172	-0.00799	0.67406	0.00257	1	0.06633	-0.01302	0.68366	0.00385	1	1.45898	0.81042	0	
1276752	8610.30078	3306902605667	0.48744	0.23206	8610.17383	0.12695	12073	1	0.51782	0.13843	1	0.48411	0.28999	1	0.50097	0.21421	1	0.49219	0.52637	12.10721	1.06647	1	0.75381	0.55270	13.24036	1.06647	1	-0.00172	-0.00799	0.67406	0.00257	1	0.06633	-0.01302	0.68366	0.00382	1	1.45898	0.81042	0	
1276753	8610.30762	3306902672426	0.48809	0.23062	8610.17383	0.13379	12073	1	0.51474	0.14054	1	0.48742	0.26329	1	0.50108	0.20192	1	0.49219	0.52637	12.10721	1.06647	1	0.75391	0.55262	13.13082	1.06647	1	-0.00172	-0.00799	0.67406	0.00257	1	0.06633	-0.01302	0.68366	0.00383	1	1.45898	0.81042	0	
1276754	8610.31445	3306902739517	0.48866	0.22922	8610.17383	0.14062	12073	1	0.51373	0.13168	1	0.48716	0.26803	1	0.50044	0.19986	1	0.49234	0.52651	12.55878	1.07556	1	0.75375	0.55258	13.09075	1.06109	1	-0.00172	-0.00820	0.69678	0.00247	1	0.06177	-0.01211	0.63565	0.00384	1	1.45898	0.81042	0	
1276755	8610.32129	3306902806480	0.48916	0.22786	8610.17383	0.14746	12073	1	0.52629	0.12772	1	0.47437	0.26810	1	0.50033	0.19791	1	0.49233	0.52641	12.80098	1.07017	1	0.75374	0.55231	12.92775	1.05571	1	-0.00172	-0.00820	0.69678	0.00243	1	0.06177	-0.01211	0.63565	0.00408	1	1.45898	0.81042	0	
1276756	8610.32812	3306902872559	0.48958	0.22686	8610.17383	0.15430	12073	1	0.51954	0.13566	1	0.47874	0.27190	1	0.49914	0.20378	1	0.49228	0.52629	12.41937	1.06479	1	0.75381	0.55277	12.96580	1.05032	1	-0.00172	-0.00820	0.69678	0.00246	1	0.06177	-0.01211	0.63565	0.00376	1	1.45898	0.81042	0	
1276757	8610.33496	3306902940556	0.48998	0.22647	8610.17383	0.16113	12073	1	0.52110	0.14986	1	0.47815	0.28471	1	0.49963	0.21729	1	0.49276	0.52833	12.05957	1.05032	1	0.75377	0.55233	13.04750	1.03586	1	-0.00165	-0.00817	0.68908	0.00373	1	0.06195	-0.01219	0.63756	0.00403	1	1.45898	0.81042	0	
1276758	8610.34082	3306903005560	0.49049	0.22645	8610.17383	0.16699	12073	1	0.52807	0.20266	1	0.47858	0.24913	1	0.50333	0.22590	1	0.49238	0.52662	12.56250	1.02677	1	0.75379	0.55166	12.88565	1.02677	1	-0.00165	-0.00817	0.68908	0.00249	1	0.06195	-0.01219	0.63756	0.00426	1	1.45898	0.81042	0	
1276759	8610.34766	3306903073653	0.49103	0.22718	8610.17383	0.17383	12073	1	0.52283	0.20229	1	0.48697	0.29018	1	0.50490	0.24623	1	0.49235	0.52656	12.69099	1.01768	1	0.75392	0.55217	12.59445	1.01768	1	-0.00165	-0.00817	0.68908	0.00246	1	0.06195	-0.01219	0.63756	0.00402	1	1.45898	0.81042	0	
1276760	8610.35449	3306903141758	0.49154	0.22806	8610.17383	0.18066	12073	1	0.52383	0.21102	1	0.48686	0.29222	1	0.50534	0.25162	1	0.49246	0.52664	12.75339	1.00860	1	0.75369	0.55233	12.86562	1.01541	1	-0.00165	-0.00817	0.68908	0.00245	1	0.06439	-0.01271	0.66209	0.00400	1	1.45898	0.81042	0	
1276761	8610.36133	3306903207603	0.49209	0.22786	8610.17383	0.18750	12073	1	0.52936	0.21059	1	0.48544	0.23402	1	0.50740	0.22230	1	0.49232	0.52676	12.79121	1.01541	1	0.75382	0.55204	13.17950	1.02222	1	-0.00165	-0.00817	0.68908	0.00248	1	0.06439	-0.01271	0.66209	0.00410	1	1.45898	0.81042	0	
1276762	8610.36816	3306903275214	0.49238	0.22738	8610.17383	0.19434	12073	1	0.52876	0.19337	1	0.47294	0.23379	1	0.50085	0.21358	1	0.49232	0.52663	12.39469	1.02222	1	0.75372	0.55209	12.96325	1.02902	1	-0.00165	-0.00817	0.68908	0.00253	1	0.06439	-0.01271	0.66209	0.00408	1	1.45898	0.81042	0	
1276763	8610.37500	3306903342502	0.49265	0.22661	8610.17383	0.20117	12073	1	0.52805	0.18680	1	0.47346	0.22019	1	0.50075	0.20350	1	0.49235	0.52678	12.72159	1.02902	1	0.75348	0.55317	13.39506	1.04349	1	-0.00165	-0.00817	0.68908	0.00248	1	0.06606	-0.01303	0.67870	0.00402	1	1.45898	0.81042	0	
1276764	8610.38184	3306903409145	0.49282	0.22504	8610.17383	0.20801	12073	1	0.50414	0.15296	1	0.49188	0.19940	1	0.49801	0.17618	1	0.49233	0.52676	12.61838	1.04349	1	0.75389	0.55263	12.67058	1.05115	1	-0.00165	-0.00817	0.68908	0.00249	1	0.06606	-0.01303	0.67870	0.00405	1	1.45898	0.81042	0	
1276765	8610.38770	3306903473806	0.49277	0.22393	8610.17383	0.21387	12073	1	0.50283	0.14312	1	0.47982	0.23369	1	0.49132	0.18840	1	0.49226	0.52681	12.61957	1.05115	1	0.75371	0.55295	12.70164	1.05881	1	-0.00165	-0.00817	0.68908	0.00245	1	0.06606	-0.01303	0.67870	0.00413	1	1.45898	0.81042	0	
1276766	8610.39453	3306903542943	0.49272	0.22267	8610.17383	0.22070	12073	1	0.50190	0.13555	1	0.48013	0.22669	1	0.49102	0.18112	1	0.49229	0.52687	12.39621	1.05881	1	0.75367	0.55329	13.05382	1.06647	1	-0.00165	-0.00817	0.68908	0.00252	1	0.06606	-0.01303	0.67870	0.00395	1	1.45898	0.81042	0	
1276767	8610.40137	3306903607762	0.49258	0.22272	8610.17383	0.22754	12073	1	0.50993	0.12523	1	0.46560	0.32414	1	0.48776	0.22468	1	0.49235	0.52668	12.32070	1.06647	1	0.75364	0.55402	13.57686	1.06647	1	-0.00165	-0.00817	0.68908	0.00256	1	0.06606	-0.01303	0.67870	0.00391	1	1.45898	0.81042	0	
1276768	8610.40820	3306903677203	0.49234	0.22238	8610.17383	0.23438	12073	1	0.49772	0.11777	1	0.47008	0.30279	1	0.48390	0.21028	1	0.49234	0.52671	12.27215	1.06647	1	0.75365	0.55366	13.34725	1.06647	1	-0.00165	-0.00817	0.68908	0.00257	1	0.06606	-0.01303	0.67870	0.00395	1	1.45898	0.81042	0	
1276769	8610.41504	3306903743585	0.49211	0.22205	8610.17383	0.24121	12073	1	0.49772	0.11777	1	0.47008	0.30279	1	0.48390	0.21028	1	0.49236	0.52679	12.71280	1.06647	1	0.75359	0.55384	13.58774	1.06647	1	-0.00165	-0.00817	0.68908	0.00248	1	0.06606	-0.01303	0.67870	0.00393	1	1.45898	0.81042	0	
1276770	8610.42188	3306903810934	0.49196	0.22162	8610.17383	0.24805	12073	1	0.49784	0.13031	1	0.47516	0.28128	1	0.48650	0.20580	1	0.49235	0.52681	12.62205	1.06647	1	0.75368	0.55369	13.62914	1.06647	1	-0.00165	-0.00817	0.68908	0.00250	1	0.06606	-0.01303	0.67870	0.00384	1	1.45898	0.81042	0	
1276771	8610.42871	3306903877923	0.49208	0.22136	8610.17383	0.25488	12073	1	0.51142	0.12587	1	0.48158	0.29646	1	0.49650	0.21117	1	0.49237	0.52680	12.45472	1.06647	1	0.75388	0.55356	13.24263	1.06647	1	-0.00165	-0.00817	0.68908	0.00249	1	0.06606	-0.01303	0.67870	0.00388	1	1.45898	0.81042	0	
1276772	8610.43457	3306903945212	0.49219	0.22110	8610.17383	0.26074	12073	1	0.51142	0.12587	1	0.48158	0.29646	1	0.49650	0.21117	1	0.49236	0.52686	12.57705	1.06647	1	0.75372	0.55367	13.62613	1.06647	1	-0.00165	-0.00817	0.68908	0.00248	1	0.06606	-0.01313	0.67870	0.00383	1	1.45898	0.81042	0	
1276773	8610.44141	3306904012632	0.49208	0.22070	8610.17383	0.26758	12073	1	0.50097	0.12409	1	0.47459	0.28524	1	0.48778	0.20466	1	0.49233	0.52677	12.64721	1.06647	1	0.75372	0.55364	13.56598	1.06647	1	-0.00165	-0.00817	0.68908	0.00247	1	0.06606	-0.01313	0.67870	0.00385	1	1.45898	0.81042	0	
1276774	8610.44824	3306904079603	0.49204	0.22038	8610.17383	0.27441	12073	1	0.51140	0.13585	1	0.46938	0.27822	1	0.49039	0.20704	1	0.49238	0.52686	12.66126	1.06647	1	0.75362	0.55345	13.24182	1.06647	1	-0.00165	-0.00817	0.68908	0.00251	1	0.06606	-0.01313	0.67870	0.00388	1	1.45898	0.81042	0	
1276775	8610.45508	3306904146268	0.49200	0.22007	8610.17383	0.28125	12073	1	0.51140	0.13585	1	0.46938	0.27822	1	0.49039	0.20704	1	0.49232	0.52688	12.38628	1.06647	1	0.75376	0.55328	13.11172	1.06647	1	-0.00165	-0.00817	0.68908	0.00248	1	0.06606	-0.01313	0.67870	0.00383	1	1.45898	0.81042	0	
1276776	8610.46191	3306904213297	0.49216	0.21939	8610.17383	0.28809	12073	1	0.51680	0.08665	1	0.48087	0.29371	1	0.49884	0.19018	1	0.49231	0.52687	12.31717	1.06647	1	0.75386	0.55357	13.27406	1.06647	1	-0.00165	-0.00817	0.68908	0.00249	1	0.06606	-0.01313	0.67870	0.00383	1	1.45898	0.81042	0	
1276777	8610.46875	3306904280102	0.49211	0.21875	8610.17383	0.29492	12073	1	0.51881	0.07267	1	0.46156	0.30897	1	0.49018	0.19082	1	0.49229	0.52678	12.49907	1.06647	1	0.75356	0.55378	13.25054	1.06647	1	-0.00165	-0.00817	0.68908	0.00249	1	0.06606	-0.01313	0.67870	0.00391	1	1.45898	0.81042	0	
1276778	8610.47559	3306904347164	0.49207	0.21814	8610.17383	0.30176	12073	1	0.51881	0.07267	1	0.46156	0.30897	1	0.49018	0.19082	1	0.49244	0.52838	12.49097	1.06647	1	0.75321	0.55410	13.70293	1.06647	1	-0.00165	-0.00817	0.68908	0.00416	1	0.06606	-0.01313	0.67870	0.00392	1	1.45898	0.81042	0	
1276779	8610.48145	3306904413932	0.49245	0.21889	8610.17383	0.30762	12073	1	0.54288	0.21352	1	0.47697	0.29296	1	0.50993	0.25324	1	0.49260	0.52851	11.75886	1.06647	1	0.75374	0.55368	13.11116	1.06647	1	-0.00165	-0.00817	0.68908	0.00401	1	0.06606	-0.01313	0.67870	0.00383	1	1.45898	0.81042	0	
1276780	8610.48828	3306904480538	0.49255	0.21828	8610.17383	0.31445	12073	1	0.51684	0.08622	1	0.47735	0.29317	1	0.49709	0.18969	1	0.49209	0.52700	12.60680	1.06647	1	0.75375	0.55356	13.08881	1.06647	1	-0.00165	-0.00817	0.68908	0.00249	1	0.06606	-0.01313	0.67870	0.00386	1	1.45898	0.81042	0	
1276781	8610.49512	3306904548303	0.49272	0.21857	8610.17383	0.32129	12073	1	0.51684	0.08622	1	0.47735	0.29317	1	0.49709	0.18969	1	0.49214	0.52700	12.64943	1.06647	1	0.75345	0.55401	13.53353	1.06647	1	-0.00172	-0.00799	0.67406	0.00245	1	0.06633	-0.01323	0.68366	0.00386	1	1.45898	0.81042	0	
1276782	8610.50195	3306904616089	0.49285	0.21997	8610.17383	0.32812	12073	1	0.54752	0.27505	1	0.44427	0.30569	1	0.49589	0.29037	1	0.49263	0.52910	12.28744	1.06647	1	0.75324	0.55394	13.96191	1.06647	1	-0.00172	-0.00799	0.67406	0.00396	1	0.06633	-0.01323	0.68366	0.00394	1	1.45898	0.81042	0	
1276783	8610.50879	3306904682806	0.49272	0.21812	8610.17383	0.33496	12073	1	0.50645	0.10173	1	0.47934	0.25713	1	0.49289	0.17943	1	0.49208	0.52697	12.31155	1.06647	1	0.75378	0.55342	13.24179	1.06647	1	-0.00172	-0.00799	0.67406	0.00250	1	0.06633	-0.01323	0.68366	0.00383	1	1.45898	0.81042	0	
1276784	8610.51562	3306904749950	0.49258	0.21589	8610.17383	0.34180	12073	1	0.50645	0.10173	1	0.47934	0.25713	1	0.49289	0.17943	1	0.49210	0.52703	12.61918	1.06647	1	0.75376	0.55339	13.33175	1.06647	1	-0.00174	-0.00820	0.68344	0.00253	1	0.06633	-0.01323	0.68366	0.00384	1	1.45898	0.81042	0	
1276785	8610.52246	3306904815772	0.49297	0.21600	8610.17383	0.34863	12073	1	0.50477	0.24106	1	0.49677	0.30456	1	0.50077	0.27281	1	0.49194	0.52860	11.99774	1.06647	1	0.75334	0.55372	13.95830	1.06647	1	-0.00174	-0.00820	0.68344	0.00403	1	0.06633	-0.01323	0.68366	0.00378	1	1.45898	0.81042	0	
1276786	8610.52832	3306904882867	0.49320	0.21476	8610.17383	0.35449	12073	1	0.50466	0.08873	1	0.49159	0.32261	1	0.49813	0.20567	1	0.49194	0.52696	12.49554	1.06647	1	0.75328	0.55385	14.05696	1.06647	1	-0.00174	-0.00820	0.68344	0.00248	1	0.06633	-0.01323	0.68366	0.00382	1	1.45898	0.81042	0	
1276787	8610.53516	3306904949898	0.49344	0.21371	8610.17383	0.36133	12073	1	0.50466	0.08873	1	0.49159	0.32261	1	0.49813	0.20567	1	0.49177	0.52704	12.25187	1.06647	1	0.75282	0.55352	12.84216	1.06647	1	-0.00184	-0.00809	0.68255	0.00250	1	0.06633	-0.01323	0.68366	0.00391	1	1.45898	0.81042	0	
1276788	8610.54199	3306905017259	0.49332	0.21309	8610.17383	0.36816	12073	1	0.49050	0.10748	1	0.47171	0.26544	1	0.48110	0.18646	1	0.49170	0.52703	12.46623	1.06647	1	0.75291	0.55346	13.03028	1.06647	1	-0.00184	-0.00809	0.68255	0.00248	1	0.06633	-0.01323	0.68366	0.00385	1	1.45898	0.81042	0	
1276789	8610.54883	3306905083444	0.49346	0.21264	8610.17383	0.37500	12073	1	0.51033	0.10742	1	0.47991	0.27657	1	0.49512	0.19200	1	0.49170	0.52703	12.46623	1.06647	1	0.75303	0.55348	12.66884	1.06647	1	-0.00184	-0.00809	0.68255	0.00248	1	0.06633	-0.01323	0.68366	0.00392	1	1.45898	0.81042	0	
1276790	8610.55566	3306905151338	0.49361	0.21235	8610.17383	0.38184	12073	1	0.51033	0.10742	1	0.47991	0.27657	1	0.49512	0.19200	1	0.49163	0.52707	12.30311	1.06647	1	0.75301	0.55342	13.28124	1.06647	1	-0.00186	-0.00822	0.68966	0.00243	1	0.06633	-0.01313	0.68366	0.00389	1	1.45898	0.81042	0	
1276791	8610.56250	3306905217398	0.49388	0.21163	8610.17383	0.38867	12073	1	0.52139	0.08489	1	0.46209	0.28194	1	0.49174	0.18342	1	0.49153	0.52678	12.99456	1.06647	1	0.75277	0.55361	13.26678	1.06647	1	-0.00186	-0.00822	0.68966	0.00245	1	0.06633	-0.01313	0.68366	0.00401	1	1.45898	0.81042	0	
1276792	8610.56934	3306905284834	0.49435	0.21300	8610.17383	0.39551	12073	1	0.54913	0.23332	1	0.46839	0.31922	1	0.50876	0.27627	1	0.49185	0.52869	11.45623	1.06647	1	0.75288	0.55386	13.15273	1.06647	1	-0.00186	-0.00822	0.68966	0.00391	1	0.06633	-0.01313	0.68366	0.00397	1	1.45898	0.81042	0	
1276793	8610.57520	3306905351419	0.49482	0.21451	8610.17383	0.40137	12073	1	0.54981	0.24042	1	0.46814	0.32584	1	0.50897	0.28313	1	0.49163	0.52831	11.28663	1.05845	1	0.75278	0.55325	13.20824	1.05845	1	-0.00180	-0.00778	0.64834	0.00405	1	0.06528	-0.01296	0.67486	0.00409	1	1.45898	0.81042	0	
1276794	8610.58203	3306905418628	0.49553	0.21515	8610.17383	0.40820	12073	1	0.54632	0.21954	1	0.47285	0.28344	1	0.50958	0.25149	1	0.49183	0.52841	11.49374	1.05044	1	0.75292	0.55356	13.12539	1.05044	1	-0.00180	-0.00778	0.64834	0.00403	1	0.06528	-0.01296	0.67486	0.00401	1	1.45898	0.81042	0	
1276795	8610.58887	3306905485851	0.49580	0.21577	8610.17383	0.41504	12073	1	0.51283	0.12356	1	0.47516	0.35725	1	0.49400	0.24041	1	0.49131	0.52699	12.62286	1.04242	1	0.75298	0.55361	13.04693	1.04242	1	-0.00180	-0.00778	0.64834	0.00249	1	0.06528	-0.01296	0.67486	0.00418	1	1.45898	0.81042	0	
1276796	8610.59570	3306905551307	0.49607	0.21638	8610.17383	0.42188	12073	1	0.51283	0.12356	1	0.47516	0.35725	1	0.49400	0.24041	1	0.49134	0.52710	12.77994	1.04242	1	0.75289	0.55299	12.86975	1.04242	1	-0.00193	-0.00807	0.67666	0.00251	1	0.06528	-0.01296	0.67486	0.00414	1	1.45898	0.81042	0	
1276797	8610.60254	3306905620833	0.49617	0.21621	8610.17383	0.42871	12073	1	0.51376	0.12056	1	0.46670	0.27932	1	0.49023	0.19994	1	0.49134	0.52710	12.77994	1.05044	1	0.75280	0.55278	13.32199	1.05044	1	-0.00193	-0.00807	0.67666	0.00251	1	0.06528	-0.01296	0.67486	0.00424	1	1.45898	0.81042	0	
1276798	8610.60840	3306905683960	0.49584	0.21678	8610.17383	0.43457	12073	1	0.51124	0.29116	1	0.43498	0.32168	1	0.47311	0.30642	1	0.49123	0.52900	12.32133	1.05845	1	0.75228	0.55338	13.08625	1.05845	1	-0.00193	-0.00807	0.67666	0.00390	1	0.06528	-0.01296	0.67486	0.00410	1	1.45898	0.81042	0	
1276799	8610.61523	3306905751129	0.49551	0.21720	8610.17383	0.44141	12073	1	0.51032	0.28442	1	0.43499	0.31505	1	0.47265	0.29973	1	0.49135	0.52705	12.61110	1.06647	1	0.75252	0.55327	12.95331	1.06647	1	-0.00193	-0.00807	0.67666	0.00252	1	0.06528	-0.01296	0.67486	0.00409	1	1.45898	0.81042	0	
1276800	8610.62207	3306905817944	0.49534	0.21649	8610.17383	0.44824	12073	1	0.50518	0.10570	1	0.47990	0.25454	1	0.49254	0.18012	1	0.49131	0.52707	12.51163	1.06647	1	0.75262	0.55286	12.22515	1.06647	1	-0.00193	-0.00807	0.67666	0.00256	1	0.06528	-0.01296	0.67486	0.00421	1	1.45898	0.81042	0	
1276801	8610.62891	3306905885187	0.49388	0.24473	8610.17383	0.44824	12073	0	0.50905	0.28085	1	0.48277	0.28595	1	0.49591	0.28340	1	0.49127	0.52913	12.60162	1.06647	1	0.75264	0.55306	12.99658	1.06647	1	-0.00193	-0.00807	0.67666	0.00393	1	0.06528	-0.01296	0.67486	0.00406	1	1.45898	0.81042	0	
1276802	8610.63574	3306905951037	0.49490	0.26406	8610.17383	0.44824	12073	0	0.50905	0.28085	1	0.48277	0.28595	1	0.49591	0.28340	1	0.49126	0.52698	12.62381	1.06647	1	0.75250	0.55260	12.71924	1.06647	1	-0.00196	-0.00826	0.68844	0.00258	1	0.06528	-0.01296	0.67486	0.00384	1	1.45898	0.81042	0	
1276803	8610.64258	3306906018488	0.49859	0.24061	8610.17383	0.44824	12073	0	0.51691	0.10075	1	0.49506	0.28667	1	0.50598	0.19371	1	0.49140	0.52718	12.18809	1.06647	1	0.75251	0.55301	12.68058	1.06647	1	-0.00196	-0.00826	0.68844	0.00255	1	0.06528	-0.01296	0.67486	0.00406	1	1.45898	0.81042	0	
1276804	8610.64941	3306906086297	0.49607	0.22980	8610.62891	0.02051	12074	1	0.50557	0.10029	1	0.47147	0.29443	1	0.48852	0.19736	1	0.49120	0.52695	12.50270	1.06647	1	0.75243	0.55311	12.67626	1.06647	1	-0.00196	-0.00826	0.68844	0.00247	1	0.06528	-0.01296	0.67486	0.00408	1	1.45898	0.81042	0	
1276805	8610.65625	3306906155031	0.49456	0.22331	8610.62891	0.02734	12074	1	0.50557	0.10029	1	0.47147	0.29443	1	0.48852	0.19736	1	0.49133	0.52833	11.96993	1.06647	1	0.75227	0.55338	12.84979	1.06647	1	-0.00193	-0.00807	0.67666	0.00428	1	0.06528	-0.01296	0.67486	0.00412	1	1.45898	0.81042	0	
1276806	8610.66309	3306906222531	0.49237	0.22875	8610.62891	0.03418	12074	1	0.50719	0.25508	1	0.45568	0.25674	1	0.48143	0.25591	1	0.49121	0.52892	12.12163	1.06647	1	0.75222	0.55280	13.11825	1.06647	1	-0.00193	-0.00807	0.67666	0.00405	1	0.06528	-0.01296	0.67486	0.00381	1	1.45898	0.81042	0	AUDIO_FILE_OFFSET
1276807	8610.66992	3306906290800	0.49334	0.23173	8610.62891	0.04102	12074	1	0.51560	0.22874	1	0.48260	0.27050	1	0.49910	0.24962	1	0.49131	0.52846	12.17770	1.06647	1	0.75233	0.55278	12.63010	1.06647	1	-0.00193	-0.00807	0.67666	0.00418	1	0.06528	-0.01296	0.67486	0.00417	1	1.45898	0.81042	0	
1276808	8610.67578	3306906356998	0.49406	0.23396	8610.62891	0.04688	12074	1	0.51560	0.22874	1	0.48260	0.27050	1	0.49910	0.24962	1	0.49131	0.52696	12.35189	1.06647	1	0.75239	0.55273	12.65588	1.06647	1	-0.00194	-0.00805	0.67972	0.00253	1	0.06621	-0.01309	0.68452	0.00414	1	1.45898	0.81042	0	
1276809	8610.68262	3306906420996	0.49471	0.22731	8610.62891	0.05371	12074	1	0.50418	0.10174	1	0.49575	0.24634	1	0.49996	0.17404	1	0.49119	0.52699	12.35771	1.06647	1	0.75245	0.55276	12.83738	1.06647	1	-0.00194	-0.00805	0.67972	0.00247	1	0.06621	-0.01309	0.68452	0.00387	1	1.45898	0.81042	0	
1277381	8614.70215	3306946613069	0.53359	0.54268	8614.64160	0.06055	12087	1	0.57822	0.57092	1	0.50849	0.49863	1	0.54335	0.53477	1	0.46707	0.54075	12.63985	1.09332	1	0.72699	0.55506	13.23203	1.10200	1	-0.00878	-0.01030	0.70101	0.00330	1	0.06119	-0.01344	0.70536	0.00340	1	1.45898	0.81042	0	STOP_TRIAL
1277382	8614.70801	3306946679753	0.53072	0.53623	8614.64160	0.06641	12087	1	0.53269	0.47229	1	0.47117	0.47124	1	0.50193	0.47176	1	0.46704	0.54083	12.55433	1.11109	1	0.72681	0.55555	13.61552	1.11977	1	-0.00878	-0.01030	0.70101	0.00317	1	0.06119	-0.01344	0.70536	0.00355	1	1.45898	0.81042	0	START_TRIAL
1277383	8614.71484	3306946746323	0.52827	0.53084	8614.64160	0.07324	12087	1	0.53187	0.46676	1	0.47093	0.47623	1	0.50140	0.47150	1	0.46811	0.54173	12.52174	1.11977	1	0.72827	0.55672	13.69395	1.11211	1	-0.00821	-0.01027	0.68460	0.00307	1	0.05738	-0.01273	0.66033	0.00319	1	1.45898	0.81042	0	
1277384	8614.72168	3306946814147	0.53487	0.53848	8614.64160	0.08008	12087	1	0.65074	0.58657	1	0.57726	0.67377	1	0.61400	0.63017	1	0.46870	0.54166	12.91756	1.10302	1	0.72856	0.55716	13.89435	1.08668	1	-0.00821	-0.01027	0.68460	0.00306	1	0.05738	-0.01273	0.66033	0.00315	1	1.45898	0.81042	0	
1277385	8614.72852	3306946880526	0.53864	0.54160	8614.64160	0.08691	12087	1	0.63463	0.52741	1	0.54079	0.63678	1	0.58771	0.58209	1	0.46896	0.54148	13.47882	1.07760	1	0.72853	0.55735	13.82475	1.06126	1	-0.00821	-0.01027	0.68460	0.00286	1	0.05738	-0.01273	0.66033	0.00318	1	1.45898	0.81042	0	
1277386	8614.73535	3306946947550	0.54184	0.54542	8614.64160	0.09375	12087	1	0.63504	0.54750	1	0.53828	0.65059	1	0.58666	0.59904	1	0.46929	0.54125	13.71298	1.04416	1	0.72895	0.55762	14.24875	1.03547	1	-0.00793	-0.00998	0.66553	0.00273	1	0.05928	-0.01327	0.68035	0.00305	1	1.45898	0.81042	0	
1277387	8614.74219	3306947014488	0.54596	0.55331	8614.64160	0.10059	12087	1	0.63304	0.57178	1	0.58234	0.77143	1	0.60769	0.67160	1	0.46939	0.54127	13.14191	1.02746	1	0.72921	0.55809	14.26947	1.03512	1	-0.00793	-0.00998	0.66553	0.00283	1	0.05928	-0.01327	0.68035	0.00325	1	1.45898	0.81042	0	
1277388	8614.74902	3306947081539	0.54982	0.55991	8614.64160	0.10742	12087	1	0.65984	0.56010	1	0.56355	0.77096	1	0.61170	0.66553	1	0.46931	0.54135	13.57438	1.02710	1	0.72933	0.55799	13.85404	1.03476	1	-0.00793	-0.00998	0.66553	0.00279	1	0.05928	-0.01327	0.68035	0.00339	1	1.45898	0.81042	0	
1277389	8614.75488	3306947148439	0.55329	0.56556	8614.64160	0.11328	12087	1	0.65992	0.55553	1	0.56448	0.76774	1	0.61220	0.66164	1	0.46942	0.54139	13.29417	1.03476	1	0.72923	0.55792	14.04242	1.04242	1	-0.00821	-0.01027	0.68460	0.00291	1	0.05852	-0.01305	0.67164	0.00328	1	1.45898	0.81042	0	
1277390	8614.76172	3306947216090	0.55610	0.56900	8614.64160	0.12012	12087	1	0.62910	0.51728	1	0.58417	0.74458	1	0.60663	0.63093	1	0.46940	0.54196	13.36708	1.05044	1	0.72945	0.55779	14.16505	1.05044	1	-0.00821	-0.01027	0.68460	0.00311	1	0.05852	-0.01305	0.67164	0.00317	1	1.45898	0.81042	0	
1277391	8614.76855	3306947282429	0.55877	0.56963	8614.64160	0.12695	12087	1	0.63690	0.49784	1	0.58204	0.66524	1	0.60947	0.58154	1	0.46938	0.54192	13.27381	1.05845	1	0.72949	0.55768	14.20210	1.05845	1	-0.00821	-0.01027	0.68460	0.00311	1	0.05852	-0.01305	0.67164	0.00316	1	1.45898	0.81042	0	
1277392	8614.77539	3306947349773	0.58260	0.59049	8614.64160	0.12695	12087	0	0.63690	0.49784	1	0.58007	0.67265	1	0.60849	0.58524	1	0.46930	0.54201	13.68061	1.05845	1	0.72940	0.55768	14.38178	1.04399	1	-0.00793	-0.00998	0.66553	0.00307	1	0.05554	-0.01238	0.63744	0.00308	1	1.45898	0.81042	0	
1277393	8614.78223	3306947416655	0.59403	0.62544	8614.64160	0.12695	12087	0	0.63792	0.61709	1	0.57298	0.70372	1	0.60545	0.66040	1	0.46933	0.54191	13.66864	1.03597	1	0.72946	0.55759	14.48069	1.02150	1	-0.00793	-0.00998	0.66553	0.00307	1	0.05554	-0.01238	0.63744	0.00295	1	1.45898	0.81042	0	
1277394	8614.78906	3306947483167	0.59363	0.62708	8614.64160	0.12695	12087	0	0.62091	0.57185	1	0.56475	0.68883	1	0.59283	0.63034	1	0.46926	0.54200	13.52502	1.01348	1	0.72947	0.55785	14.17222	0.99902	1	-0.00793	-0.00998	0.66553	0.00308	1	0.05554	-0.01238	0.63744	0.00310	1	1.45898	0.81042	0	
1277395	8614.79590	3306947550868	0.59335	0.62947	8614.77539	0.02051	12088	1	0.62127	0.58047	1	0.56377	0.69279	1	0.59252	0.63663	1	0.46912	0.54204	13.88763	0.99902	1	0.72946	0.55768	14.02413	0.99136	1	-0.00821	-0.01027	0.68460	0.00305	1	0.05720	-0.01279	0.65597	0.00309	1	1.45898	0.81042	0	
1277396	8614.80273	3306947617700	0.59570	0.62717	8614.77539	0.02734	12088	1	0.63463	0.59941	1	0.57560	0.63657	1	0.60512	0.61799	1	0.46912	0.54205	14.03623	0.99937	1	0.72956	0.55737	13.73174	1.00618	1	-0.00821	-0.01027	0.68460	0.00305	1	0.05720	-0.01279	0.65597	0.00316	1	1.45898	0.81042	0	
1277397	8614.80859	3306947684157	0.59611	0.62883	8614.77539	0.03320	12088	1	0.62820	0.62133	1	0.56806	0.65291	1	0.59813	0.63712	1	0.46917	0.54201	13.85174	1.01420	1	0.72937	0.55765	14.11734	1.02101	1	-0.00821	-0.01027	0.68460	0.00305	1	0.05720	-0.01279	0.65597	0.00300	1	1.45898	0.81042	0	
1277398	8614.81543	3306947751252	0.59651	0.62886	8614.77539	0.04004	12088	1	0.62793	0.61323	1	0.56995	0.64486	1	0.59894	0.62905	1	0.46901	0.54202	13.75585	1.02902	1	0.72936	0.55763	14.07064	1.03583	1	-0.00821	-0.01027	0.68460	0.00306	1	0.05720	-0.01279	0.65597	0.00302	1	1.45898	0.81042	0	
1277399	8614.82227	3306947819160	0.59729	0.63103	8614.77539	0.04688	12088	1	0.63869	0.65046	1	0.56681	0.64195	1	0.60275	0.64620	1	0.46888	0.54189	13.27037	1.03583	1	0.72937	0.55763	13.87929	1.03583	1	-0.00821	-0.01027	0.68460	0.00306	1	0.05720	-0.01279	0.65597	0.00297	1	1.45898	0.81042	0	
1277400	8614.82910	3306947885781	0.59956	0.63116	8614.77539	0.05371	12088	1	0.63820	0.62068	1	0.59719	0.64373	1	0.61769	0.63221	1	0.46889	0.54177	13.20072	1.03583	1	0.72941	0.55758	14.06853	1.03583	1	-0.00821	-0.01027	0.68460	0.00306	1	0.05720	-0.01279	0.65597	0.00297	1	1.45898	0.81042	0	
1277401	8614.83594	3306947953364	0.60137	0.63126	8614.77539	0.06055	12088	1	0.63820	0.62068	1	0.59719	0.64373	1	0.61769	0.63221	1	0.46878	0.54177	13.18896	1.03583	1	0.72925	0.55751	14.46776	1.03583	1	-0.00821	-0.01027	0.68460	0.00309	1	0.05677	-0.01277	0.65218	0.00300	1	1.45898	0.81042	0	
1277402	8614.84277	3306948019382	0.60254	0.62681	8614.77539	0.06738	12088	1	0.64407	0.53244	1	0.58427	0.63218	1	0.61417	0.58231	1	0.46866	0.54173	13.01238	1.03583	1	0.72923	0.55748	14.14248	1.03583	1	-0.00821	-0.01027	0.68460	0.00316	1	0.05677	-0.01277	0.65218	0.00301	1	1.45898	0.81042	0	
1277403	8614.84961	3306948086665	0.60349	0.62307	8614.77539	0.07422	12088	1	0.64128	0.54250	1	0.58662	0.62121	1	0.61395	0.58185	1	0.46879	0.54185	13.11071	1.03583	1	0.72916	0.55733	14.29918	1.03583	1	-0.00821	-0.01027	0.68460	0.00322	1	0.05677	-0.01277	0.65218	0.00302	1	1.45898	0.81042	0	
1277404	8614.85547	3306948153622	0.60433	0.61973	8614.77539	0.08008	12088	1	0.64128	0.54250	1	0.58772	0.61687	1	0.61450	0.57968	1	0.46868	0.54184	12.98070	1.03583	1	0.72875	0.55709	13.84841	1.04349	1	-0.00822	-0.01015	0.67676	0.00316	1	0.05937	-0.01331	0.68255	0.00297	1	1.45898	0.81042	0	
1277405	8614.86230	3306948220835	0.60391	0.61559	8614.77539	0.08691	12088	1	0.62883	0.54692	1	0.56800	0.57657	1	0.59842	0.56175	1	0.46870	0.54200	13.35351	1.04349	1	0.72875	0.55704	13.93232	1.05115	1	-0.00822	-0.01015	0.67676	0.00313	1	0.05937	-0.01331	0.68255	0.00291	1	1.45898	0.81042	0	
1277406	8614.86914	3306948288380	0.60323	0.61265	8614.77539	0.09375	12088	1	0.62892	0.56394	1	0.55846	0.57900	1	0.59369	0.57147	1	0.46865	0.54194	13.33462	1.05115	1	0.72873	0.55700	13.92157	1.05881	1	-0.00822	-0.01015	0.67676	0.00312	1	0.05937	-0.01331	0.68255	0.00292	1	1.45898	0.81042	0	
1277407	8614.87598	3306948354329	0.60266	0.60979	8614.77539	0.10059	12088	1	0.62879	0.55949	1	0.55933	0.57445	1	0.59406	0.56697	1	0.46831	0.54204	13.83831	1.05881	1	0.72861	0.55706	14.03203	1.06647	1	-0.00829	-0.01011	0.67429	0.00307	1	0.05937	-0.01331	0.68255	0.00299	1	1.45898	0.81042	0	
1277408	8614.88281	3306948422043	0.60270	0.60744	8614.77539	0.10742	12088	1	0.62944	0.54153	1	0.57741	0.59811	1	0.60342	0.56982	1	0.46816	0.54185	13.37077	1.06647	1	0.72863	0.55730	13.95835	1.06647	1	-0.00829	-0.01011	0.67429	0.00300	1	0.05937	-0.01331	0.68255	0.00304	1	1.45898	0.81042	0	
1277409	8614.88965	3306948488586	0.60262	0.60749	8614.77539	0.11426	12088	1	0.63034	0.61056	1	0.57214	0.60620	1	0.60124	0.60838	1	0.46814	0.54181	13.15712	1.06647	1	0.72854	0.55745	14.03967	1.06647	1	-0.00829	-0.01011	0.67429	0.00305	1	0.05937	-0.01331	0.68255	0.00305	1	1.45898	0.81042	0	
1277410	8614.89648	3306948555160	0.60252	0.60765	8614.77539	0.12109	12088	1	0.63034	0.61056	1	0.57118	0.61052	1	0.60076	0.61054	1	0.46806	0.54179	13.25246	1.06647	1	0.72853	0.55746	13.76930	1.05881	1	-0.00829	-0.01011	0.67429	0.00306	1	0.05738	-0.01273	0.66033	0.00311	1	1.45898	0.81042	0	
1277411	8614.90234	3306948621523	0.60340	0.60866	8614.77539	0.12695	12088	1	0.65579	0.64698	1	0.58418	0.60847	1	0.61998	0.62772	1	0.46802	0.54180	13.00256	1.05881	1	0.72833	0.55722	13.92196	1.05115	1	-0.00829	-0.01011	0.67429	0.00310	1	0.05738	-0.01273	0.66033	0.00307	1	1.45898	0.81042	0	
1277412	8614.90918	3306948689818	0.60437	0.61230	8614.77539	0.13379	12088	1	0.65563	0.68222	1	0.59223	0.68810	1	0.62393	0.68516	1	0.46783	0.54192	12.97445	1.05115	1	0.72855	0.55750	13.65766	1.04349	1	-0.00829	-0.01011	0.67429	0.00315	1	0.05738	-0.01273	0.66033	0.00313	1	1.45898	0.81042	0	
1277413	8614.91602	3306948755806	0.60526	0.61577	8614.77539	0.14062	12088	1	0.65552	0.68956	1	0.59232	0.68777	1	0.62392	0.68867	1	0.46778	0.54178	13.41702	1.03547	1	0.72810	0.55719	14.05382	1.04416	1	-0.00812	-0.00985	0.65639	0.00321	1	0.06119	-0.01365	0.70536	0.00311	1	1.45898	0.81042	0	
1277414	8614.92285	3306948822781	0.60539	0.61678	8614.77539	0.14746	12088	1	0.65938	0.63644	1	0.55690	0.64164	1	0.60814	0.63904	1	0.46800	0.54157	12.96232	1.03614	1	0.72785	0.55723	13.76878	1.05248	1	-0.00812	-0.00985	0.65639	0.00329	1	0.06119	-0.01365	0.70536	0.00310	1	1.45898	0.81042	0	
1277415	8614.92871	3306948886330	0.60535	0.61759	8614.77539	0.15332	12088	1	0.63755	0.59636	1	0.57147	0.67575	1	0.60451	0.63605	1	0.46794	0.54171	13.16645	1.04446	1	0.72811	0.55719	13.78203	1.06080	1	-0.00812	-0.00985	0.65639	0.00321	1	0.06119	-0.01365	0.70536	0.00312	1	1.45898	0.81042	0	
1277416	8614.93652	3306948957563	0.60533	0.61807	8614.77539	0.16113	12088	1	0.63739	0.58731	1	0.57244	0.67192	1	0.60492	0.62961	1	0.46798	0.54163	12.84151	1.06080	1	0.72790	0.55728	13.74456	1.06846	1	-0.00856	-0.01014	0.67918	0.00325	1	0.05896	-0.01311	0.68025	0.00309	1	1.45898	0.81042	0	
1277417	8614.94336	3306949024135	0.60502	0.61951	8614.77539	0.16797	12088	1	0.63473	0.62615	1	0.55982	0.68489	1	0.59727	0.65552	1	0.46796	0.54155	12.89128	1.07648	1	0.72801	0.55729	14.36550	1.06780	1	-0.00856	-0.01014	0.67918	0.00319	1	0.05896	-0.01311	0.68025	0.00309	1	1.45898	0.81042	0	
1277418	8614.94922	3306949088913	0.60470	0.62053	8614.77539	0.17383	12088	1	0.62635	0.60903	1	0.56638	0.68524	1	0.59636	0.64714	1	0.46792	0.54168	12.94939	1.07581	1	0.72807	0.55732	13.86278	1.06713	1	-0.00856	-0.01014	0.67918	0.00307	1	0.05896	-0.01311	0.68025	0.00312	1	1.45898	0.81042	0	
1277419	8614.95605	3306949158158	0.60440	0.62149	8614.77539	0.18066	12088	1	0.62636	0.60938	1	0.56630	0.68557	1	0.59633	0.64747	1	0.46738	0.54174	12.77148	1.07515	1	0.72786	0.55726	13.82139	1.06647	1	-0.00860	-0.01024	0.68249	0.00304	1	0.05967	-0.01332	0.68841	0.00311	1	1.45898	0.81042	0	
1277420	8614.96289	3306949224989	0.60433	0.62130	8614.77539	0.18750	12088	1	0.61251	0.58471	1	0.59187	0.64702	1	0.60219	0.61587	1	0.46742	0.54165	12.56311	1.06647	1	0.72794	0.55697	13.82956	1.06647	1	-0.00860	-0.01024	0.68249	0.00300	1	0.05967	-0.01332	0.68841	0.00296	1	1.45898	0.81042	0	
1277421	8614.96973	3306949291964	0.60463	0.62108	8614.77539	0.19434	12088	1	0.64387	0.56537	1	0.58288	0.66421	1	0.61337	0.61479	1	0.46768	0.54165	12.09739	1.06647	1	0.72794	0.55701	13.85680	1.06647	1	-0.00860	-0.01024	0.68249	0.00316	1	0.05967	-0.01332	0.68841	0.00300	1	1.45898	0.81042	0	
1277422	8614.97656	3306949358244	0.60489	0.62094	8614.77539	0.20117	12088	1	0.64387	0.56537	1	0.58184	0.66811	1	0.61285	0.61674	1	0.46742	0.54181	12.46497	1.06647	1	0.72787	0.55722	13.95117	1.05881	1	-0.00860	-0.01024	0.68249	0.00310	1	0.05610	-0.01249	0.64784	0.00307	1	1.45898	0.81042	0	
1277423	8614.98340	3306949426254	0.60510	0.62191	8614.77539	0.20801	12088	1	0.64794	0.63274	1	0.57531	0.67143	1	0.61163	0.65208	1	0.46735	0.54191	12.51957	1.05881	1	0.72778	0.55747	13.85791	1.05115	1	-0.00860	-0.01024	0.68249	0.00309	1	0.05610	-0.01249	0.64784	0.00312	1	1.45898	0.81042	0	
1277424	8614.99023	3306949493251	0.60517	0.62183	8614.77539	0.21484	12088	1	0.63967	0.58219	1	0.57512	0.65604	1	0.60740	0.61912	1	0.46738	0.54180	12.52225	1.05115	1	0.72782	0.55721	13.67318	1.04349	1	-0.00860	-0.01024	0.68249	0.00314	1	0.05610	-0.01249	0.64784	0.00309	1	1.45898	0.81042	0	
1277425	8614.99609	3306949559850	0.60523	0.62187	8614.77539	0.22070	12088	1	0.63973	0.58651	1	0.57412	0.66008	1	0.60693	0.62330	1	0.46727	0.54212	12.68275	1.04349	1	0.72782	0.55740	13.76582	1.03583	1	-0.00860	-0.01024	0.68249	0.00294	1	0.05610	-0.01254	0.64784	0.00305	1	1.45898	0.81042	0	
1277426	8615.00293	3306949626969	0.60561	0.62256	8614.77539	0.22754	12088	1	0.66690	0.60355	1	0.57046	0.68811	1	0.61868	0.64583	1	0.46749	0.54213	12.45058	1.03583	1	0.72777	0.55751	13.77981	1.03583	1	-0.00860	-0.01024	0.68249	0.00297	1	0.05610	-0.01254	0.64784	0.00309	1	1.45898	0.81042	0	
1277427	8615.00977	3306949692047	0.60619	0.62229	8614.77539	0.23438	12088	1	0.65392	0.57445	1	0.59941	0.65115	1	0.62667	0.61280	1	0.46734	0.54223	12.72012	1.03583	1	0.72780	0.55757	13.80908	1.03583	1	-0.00860	-0.01024	0.68249	0.00301	1	0.05610	-0.01254	0.64784	0.00310	1	1.45898	0.81042	0	
1277428	8615.01660	3306949760189	0.60675	0.62210	8614.77539	0.24121	12088	1	0.65389	0.57909	1	0.59935	0.65134	1	0.62662	0.61522	1	0.46720	0.54217	12.89954	1.02782	1	0.72716	0.55715	12.41323	1.03547	1	-0.00831	-0.00983	0.65544	0.00304	1	0.05967	-0.01332	0.68841	0.00313	1	1.45898	0.81042	0	
1277429	8615.02246	3306949823713	0.60679	0.62275	8614.77539	0.24707	12088	1	0.65096	0.64776	1	0.56588	0.64595	1	0.60842	0.64685	1	0.46728	0.54225	12.82158	1.02746	1	0.72733	0.55732	12.86787	1.03512	1	-0.00831	-0.00983	0.65544	0.00300	1	0.05967	-0.01332	0.68841	0.00314	1	1.45898	0.81042	0	
1277430	8615.02930	3306949892051	0.60685	0.62308	8614.77539	0.25391	12088	1	0.65748	0.66990	1	0.56097	0.60158	1	0.60922	0.63574	1	0.46727	0.54226	12.71849	1.02710	1	0.72722	0.55725	12.69506	1.03476	1	-0.00831	-0.00983	0.65544	0.00300	1	0.05967	-0.01332	0.68841	0.00315	1	1.45898	0.81042	0	
1277431	8615.03613	3306949959211	0.60692	0.62329	8614.77539	0.26074	12088	1	0.65755	0.66614	1	0.56188	0.59710	1	0.60971	0.63162	1	0.46711	0.54232	12.94895	1.03476	1	0.72743	0.55747	12.97482	1.04242	1	-0.00860	-0.01024	0.68249	0.00297	1	0.05945	-0.01335	0.68701	0.00320	1	1.45898	0.81042	0	
1277432	8615.04297	3306950024742	0.60701	0.62293	8614.77539	0.26758	12088	1	0.64095	0.55089	1	0.58024	0.66596	1	0.61059	0.60842	1	0.46712	0.54193	12.57185	1.05044	1	0.72744	0.55747	12.94149	1.05044	1	-0.00860	-0.01024	0.68249	0.00314	1	0.05945	-0.01335	0.68701	0.00306	1	1.45898	0.81042	0	
1277433	8615.04980	3306950091965	0.60717	0.62305	8614.77539	0.27441	12088	1	0.64997	0.60218	1	0.57736	0.65375	1	0.61366	0.62796	1	0.46684	0.54240	13.13927	1.05845	1	0.72743	0.55750	12.75500	1.05845	1	-0.00860	-0.01024	0.68249	0.00297	1	0.05945	-0.01335	0.68701	0.00316	1	1.45898	0.81042	0	
1277434	8615.05664	3306950158006	0.60735	0.62301	8614.77539	0.28125	12088	1	0.64998	0.59785	1	0.57955	0.64502	1	0.61477	0.62143	1	0.46719	0.54218	12.56121	1.06647	1	0.72744	0.55770	13.60114	1.07515	1	-0.00860	-0.01024	0.68249	0.00287	1	0.06074	-0.01362	0.70139	0.00300	1	1.45898	0.81042	0	
1277435	8615.06348	3306950226733	0.60748	0.62345	8614.77539	0.28809	12088	1	0.65120	0.62114	1	0.57476	0.66319	1	0.61298	0.64216	1	0.46711	0.54219	12.05565	1.07515	1	0.72735	0.55759	13.74852	1.08383	1	-0.00860	-0.01024	0.68249	0.00298	1	0.06074	-0.01362	0.70139	0.00298	1	1.45898	0.81042	0	
1277436	8615.07031	3306950294240	0.60749	0.62330	8614.77539	0.29492	12088	1	0.64273	0.57436	1	0.57319	0.65899	1	0.60796	0.61667	1	0.46722	0.54213	12.03643	1.08383	1	0.72726	0.55764	13.75609	1.09251	1	-0.00860	-0.01024	0.68249	0.00288	1	0.06074	-0.01362	0.70139	0.00299	1	1.45898	0.81042	0	
1277437	8615.07715	3306950361970	0.60750	0.62310	8614.77539	0.30176	12088	1	0.64269	0.56955	1	0.57319	0.65899	1	0.60794	0.61427	1	0.46727	0.54228	12.61983	1.09251	1	0.72718	0.55756	13.56838	1.09251	1	-0.00860	-0.01024	0.68249	0.00311	1	0.05841	-0.01316	0.67505	0.00301	1	1.45898	0.81042	0	
1277438	8615.08398	3306950430646	0.60768	0.62335	8614.77539	0.30859	12088	1	0.65824	0.61277	1	0.57377	0.65693	1	0.61601	0.63485	1	0.46702	0.54250	13.25509	1.09251	1	0.72741	0.55760	13.35141	1.08383	1	-0.00860	-0.01024	0.68249	0.00301	1	0.05841	-0.01316	0.67505	0.00302	1	1.45898	0.81042	0	
1277439	8615.08984	3306950497706	0.60771	0.62319	8614.77539	0.31445	12088	1	0.64622	0.61986	1	0.57242	0.61105	1	0.60932	0.61545	1	0.46723	0.54221	12.79271	1.08383	1	0.72723	0.55761	13.37963	1.07515	1	-0.00860	-0.01024	0.68249	0.00312	1	0.05841	-0.01316	0.67505	0.00300	1	1.45898	0.81042	0	
1277440	8615.09668	3306950565316	0.60825	0.62389	8614.77539	0.32129	12088	1	0.64625	0.62840	1	0.57034	0.62031	1	0.60830	0.62436	1	0.46752	0.54229	12.07830	1.06713	1	0.72716	0.55781	13.62186	1.05845	1	-0.00831	-0.00983	0.65544	0.00320	1	0.05912	-0.01340	0.68437	0.00292	1	1.45898	0.81042	0	
1277441	8615.10352	3306950631612	0.60824	0.62287	8614.77539	0.32812	12088	1	0.65186	0.58369	1	0.55814	0.63887	1	0.60500	0.61128	1	0.46740	0.54236	12.35079	1.05044	1	0.72715	0.55773	13.49105	1.05044	1	-0.00831	-0.00983	0.65544	0.00312	1	0.05912	-0.01340	0.68437	0.00294	1	1.45898	0.81042	0	
1277442	8615.11035	3306950698392	0.60820	0.62276	8614.77539	0.33496	12088	1	0.62955	0.55675	1	0.55245	0.69298	1	0.59100	0.62487	1	0.46697	0.54214	11.73744	1.04242	1	0.72707	0.55771	13.72871	1.04242	1	-0.00831	-0.00983	0.65544	0.00316	1	0.05912	-0.01340	0.68437	0.00291	1	1.45898	0.81042	0	
1277443	8615.11719	3306950765642	0.60816	0.62260	8614.77539	0.34180	12088	1	0.62968	0.56151	1	0.55157	0.69692	1	0.59063	0.62921	1	0.46684	0.54212	11.58212	1.03440	1	0.72705	0.55780	13.75929	1.03440	1	-0.00836	-0.00994	0.65956	0.00310	1	0.05859	-0.01333	0.67835	0.00294	1	1.45898	0.81042	0	
1277444	8615.12402	3306950832396	0.60791	0.62265	8614.77539	0.34863	12088	1	0.62875	0.58986	1	0.55761	0.65083	1	0.59318	0.62035	1	0.46685	0.54202	11.61698	1.03440	1	0.72718	0.55771	13.25395	1.03440	1	-0.00836	-0.00994	0.65956	0.00312	1	0.05859	-0.01333	0.67835	0.00293	1	1.45898	0.81042	0	
1277445	8615.13086	3306950899028	0.60770	0.62368	8614.77539	0.35547	12088	1	0.62000	0.68036	1	0.55604	0.69269	1	0.58802	0.68652	1	0.46643	0.54262	12.08172	1.03440	1	0.72716	0.55778	13.61274	1.03440	1	-0.00836	-0.00994	0.65956	0.00301	1	0.05859	-0.01333	0.67835	0.00292	1	1.45898	0.81042	0	
1277446	8615.13770	3306950967813	0.60748	0.62490	8614.77539	0.36230	12088	1	0.62018	0.68377	1	0.55622	0.69192	1	0.58820	0.68784	1	0.46692	0.54272	12.09056	1.02728	1	0.72716	0.55781	13.55419	1.03596	1	-0.00822	-0.00972	0.64458	0.00289	1	0.06162	-0.01390	0.71277	0.00295	1	1.45898	0.81042	0	
1277447	8615.14355	3306951034975	0.60744	0.62505	8614.77539	0.36816	12088	1	0.62198	0.63224	1	0.57977	0.67451	1	0.60087	0.65338	1	0.46676	0.54251	12.03240	1.02883	1	0.72713	0.55757	13.41186	1.03751	1	-0.00822	-0.00972	0.64458	0.00297	1	0.06162	-0.01390	0.71277	0.00285	1	1.45898	0.81042	0	
1277448	8615.15039	3306951101020	0.60727	0.62525	8614.77539	0.37500	12088	1	0.63221	0.59081	1	0.58679	0.69267	1	0.60950	0.64174	1	0.46702	0.54257	11.98465	1.03039	1	0.72731	0.55759	13.17978	1.03907	1	-0.00822	-0.00972	0.64458	0.00296	1	0.06162	-0.01390	0.71277	0.00296	1	1.45898	0.81042	0	
1277449	8615.15723	3306951167781	0.60711	0.62531	8614.77539	0.38184	12088	1	0.63197	0.58134	1	0.58794	0.68870	1	0.60996	0.63502	1	0.46668	0.54248	12.14962	1.04708	1	0.72684	0.55772	12.70364	1.04708	1	-0.00890	-0.01040	0.68999	0.00297	1	0.05859	-0.01323	0.67835	0.00295	1	1.45898	0.81042	0	
1277450	8615.16406	3306951234616	0.60657	0.62649	8614.77539	0.38867	12088	1	0.61575	0.63693	1	0.56104	0.64085	1	0.58840	0.63889	1	0.46659	0.54256	12.49522	1.06223	1	0.72681	0.55770	12.91729	1.05355	1	-0.00890	-0.01040	0.68999	0.00294	1	0.05859	-0.01323	0.67835	0.00300	1	1.45898	0.81042	0	
1277451	8615.17090	3306951301527	0.60612	0.62756	8614.77539	0.39551	12088	1	0.61849	0.58394	1	0.56649	0.68220	1	0.59249	0.63307	1	0.46672	0.54252	12.20621	1.06869	1	0.72692	0.55770	13.24507	1.06001	1	-0.00890	-0.01040	0.68999	0.00296	1	0.05859	-0.01323	0.67835	0.00299	1	1.45898	0.81042	0	
1277452	8615.17773	3306951368637	0.60567	0.62860	8614.77539	0.40234	12088	1	0.61832	0.58036	1	0.56727	0.67900	1	0.59280	0.62968	1	0.46679	0.54250	12.13717	1.07515	1	0.72696	0.55770	12.99667	1.06647	1	-0.00883	-0.01026	0.68428	0.00296	1	0.05912	-0.01329	0.68437	0.00297	1	1.45898	0.81042	0	
1277453	8615.18359	3306951435901	0.60548	0.62963	8614.77539	0.40820	12088	1	0.62743	0.59209	1	0.55074	0.63034	1	0.58909	0.61122	1	0.46682	0.54263	12.27427	1.06647	1	0.72667	0.55732	12.43623	1.06647	1	-0.00883	-0.01026	0.68428	0.00289	1	0.05912	-0.01329	0.68437	0.00302	1	1.45898	0.81042	0	
1277454	8615.19043	3306951502872	0.60535	0.63130	8614.77539	0.41504	12088	1	0.61837	0.62339	1	0.55661	0.67985	1	0.58749	0.65162	1	0.46658	0.54279	12.45503	1.06647	1	0.72680	0.55759	12.65149	1.06647	1	-0.00883	-0.01026	0.68428	0.00289	1	0.05912	-0.01329	0.68437	0.00300	1	1.45898	0.81042	0	
1277455	8615.19727	3306951569606	0.60519	0.63314	8614.77539	0.42188	12088	1	0.61837	0.62339	1	0.55499	0.68699	1	0.58668	0.65519	1	0.46684	0.54223	11.77314	1.06647	1	0.72677	0.55771	12.84397	1.05200	1	-0.00878	-0.01027	0.68106	0.00303	1	0.05588	-0.01264	0.64802	0.00298	1	1.45898	0.81042	0	
1277456	8615.20410	3306951636442	0.60505	0.63458	8614.77539	0.42871	12088	1	0.64658	0.62629	1	0.54624	0.65176	1	0.59641	0.63902	1	0.46676	0.54243	11.98618	1.05200	1	0.72658	0.55770	12.58531	1.03753	1	-0.00878	-0.01027	0.68106	0.00297	1	0.05588	-0.01264	0.64802	0.00301	1	1.45898	0.81042	0	
1277457	8615.21094	3306951703207	0.60473	0.63485	8614.77539	0.43555	12088	1	0.60801	0.56827	1	0.56428	0.67467	1	0.58615	0.62147	1	0.46673	0.54231	11.96058	1.03753	1	0.72656	0.55788	12.65383	1.02307	1	-0.00878	-0.01027	0.68106	0.00301	1	0.05588	-0.01264	0.64802	0.00308	1	1.45898	0.81042	0	
1277458	8615.21777	3306951768141	0.60442	0.63524	8614.77539	0.44238	12088	1	0.60852	0.57674	1	0.56249	0.68219	1	0.58551	0.62946	1	0.46683	0.54265	11.98764	1.02307	1	0.72650	0.55752	12.77216	1.00860	1	-0.00876	-0.01029	0.67901	0.00282	1	0.05455	-0.01234	0.63267	0.00302	1	1.45898	0.81042	0	
1277459	8615.22461	3306951837416	0.60364	0.63525	8614.77539	0.44922	12088	1	0.60775	0.59149	1	0.55748	0.66462	1	0.58262	0.62806	1	0.46679	0.54258	11.71030	1.00860	1	0.72653	0.55775	12.47671	1.00860	1	-0.00876	-0.01029	0.67901	0.00277	1	0.05455	-0.01234	0.63267	0.00310	1	1.45898	0.81042	0	
1277460	8615.23047	3306951903990	0.60341	0.63461	8614.77539	0.45508	12088	1	0.65495	0.64624	1	0.57067	0.66216	1	0.61281	0.65420	1	0.46679	0.54274	12.03979	1.00860	1	0.72663	0.55765	12.47057	1.00860	1	-0.00876	-0.01029	0.67901	0.00284	1	0.05455	-0.01234	0.63267	0.00304	1	1.45898	0.81042	0	
1277461	8615.23730	3306951971234	0.60318	0.63385	8614.77539	0.46191	12088	1	0.65495	0.64624	1	0.57157	0.65848	1	0.61326	0.65236	1	0.46668	0.54283	12.23838	1.00860	1	0.72659	0.55771	13.00222	1.01541	1	-0.00874	-0.01032	0.67755	0.00284	1	0.05732	-0.01300	0.66417	0.00301	1	1.45898	0.81042	0	
1277462	8615.24414	3306952038268	0.60302	0.63328	8614.77539	0.46875	12088	1	0.64502	0.61129	1	0.55560	0.61227	1	0.60031	0.61178	1	0.46671	0.54268	11.77445	1.01541	1	0.72644	0.55732	12.49427	1.02222	1	-0.00874	-0.01032	0.67755	0.00280	1	0.05732	-0.01300	0.66417	0.00309	1	1.45898	0.81042	0	
1277463	8615.25098	3306952105947	0.60276	0.63334	8614.77539	0.47559	12088	1	0.61480	0.62033	1	0.56952	0.65756	1	0.59216	0.63895	1	0.46671	0.54275	11.81082	1.02222	1	0.72659	0.55769	13.10881	1.02902	1	-0.00874	-0.01032	0.67755	0.00277	1	0.05732	-0.01300	0.66417	0.00299	1	1.45898	0.81042	0	
1277464	8615.25781	3306952172419	0.60250	0.63346	8614.77539	0.48242	12088	1	0.61460	0.61663	1	0.57039	0.65393	1	0.59250	0.63528	1	0.46684	0.54258	11.90663	1.02902	1	0.72641	0.55787	13.14132	1.03583	1	-0.00874	-0.01032	0.67755	0.00279	1	0.05732	-0.01300	0.66417	0.00296	1	1.45898	0.81042	0	
1277465	8615.26465	3306952240764	0.60238	0.63357	8614.77539	0.48926	12088	1	0.61077	0.66827	1	0.57218	0.65311	1	0.59148	0.66069	1	0.46668	0.54283	11.80622	1.03583	1	0.72652	0.55785	12.58368	1.03583	1	-0.00874	-0.01032	0.67755	0.00285	1	0.05732	-0.01300	0.66417	0.00299	1	1.45898	0.81042	0	
1277466	8615.27148	3306952306295	0.60222	0.63331	8614.77539	0.49609	12088	1	0.60941	0.61991	1	0.56720	0.64906	1	0.58830	0.63448	1	0.46674	0.54274	11.64362	1.03583	1	0.72653	0.55771	12.42660	1.03583	1	-0.00874	-0.01032	0.67755	0.00289	1	0.05732	-0.01300	0.66417	0.00301	1	1.45898	0.81042	0	
1277467	8615.27734	3306952373416	0.60205	0.63303	8614.77539	0.50195	12088	1	0.60941	0.61991	1	0.56720	0.64906	1	0.58830	0.63448	1	0.46670	0.54281	11.68294	1.03583	1	0.72650	0.55775	12.54621	1.03583	1	-0.00874	-0.01032	0.67755	0.00290	1	0.05732	-0.01290	0.66417	0.00299	1	1.45898	0.81042	0	
1277468	8615.28418	3306952440753	0.60197	0.63364	8614.77539	0.50879	12088	1	0.63684	0.64066	1	0.55984	0.64894	1	0.59834	0.64480	1	0.46684	0.54290	11.87655	1.03583	1	0.72640	0.55771	12.84795	1.03583	1	-0.00874	-0.01032	0.67755	0.00292	1	0.05732	-0.01290	0.66417	0.00299	1	1.45898	0.81042	0	
1277469	8615.29102	3306952507548	0.60148	0.63443	8614.77539	0.51562	12088	1	0.62364	0.64065	1	0.55610	0.66512	1	0.58987	0.65288	1	0.46679	0.54291	11.92339	1.03583	1	0.72644	0.55784	12.65238	1.03583	1	-0.00874	-0.01032	0.67755	0.00289	1	0.05732	-0.01290	0.66417	0.00300	1	1.45898	0.81042	0	
1277470	8615.29785	3306952574245	0.60100	0.63518	8614.77539	0.52246	12088	1	0.62364	0.64065	1	0.55610	0.66512	1	0.58987	0.65288	1	0.46673	0.54295	11.85116	1.03583	1	0.72642	0.55783	12.49844	1.03583	1	-0.00874	-0.01032	0.67755	0.00287	1	0.05606	-0.01267	0.64957	0.00301	1	1.45898	0.81042	0	
1277471	8615.30469	3306952641188	0.60053	0.63545	8614.77539	0.52930	12088	1	0.62671	0.63672	1	0.55145	0.69278	1	0.58908	0.66475	1	0.46683	0.54295	11.95008	1.03583	1	0.72629	0.55764	12.77536	1.03583	1	-0.00874	-0.01032	0.67755	0.00290	1	0.05606	-0.01267	0.64957	0.00305	1	1.45898	0.81042	0	
1277472	8615.31152	3306952708378	0.60039	0.63662	8614.77539	0.53613	12088	1	0.63035	0.65522	1	0.57071	0.69541	1	0.60053	0.67531	1	0.46689	0.54305	11.90708	1.03583	1	0.72657	0.55766	12.19409	1.03583	1	-0.00874	-0.01032	0.67755	0.00289	1	0.05606	-0.01267	0.64957	0.00317	1	1.45898	0.81042	0	
1277473	8615.31836	3306952775227	0.60025	0.63770	8614.77539	0.54297	12088	1	0.63035	0.65522	1	0.57071	0.69541	1	0.60053	0.67531	1	0.46666	0.54272	11.55554	1.03583	1	0.72655	0.55770	12.11386	1.03583	1	-0.00874	-0.01032	0.67755	0.00286	1	0.05606	-0.01267	0.64957	0.00313	1	1.45898	0.81042	0	
1277474	8615.32422	3306952841716	0.59976	0.63813	8614.77539	0.54883	12088	1	0.63055	0.61815	1	0.55930	0.71408	1	0.59493	0.66612	1	0.46674	0.54283	12.25621	1.03583	1	0.72639	0.55802	12.36192	1.03583	1	-0.00874	-0.01032	0.67755	0.00280	1	0.05606	-0.01267	0.64957	0.00309	1	1.45898	0.81042	0	
1277475	8615.33105	3306952909483	0.59908	0.63953	8614.77539	0.55566	12088	1	0.62629	0.66212	1	0.56164	0.69877	1	0.59397	0.68044	1	0.46676	0.54298	12.40305	1.03583	1	0.72641	0.55757	12.40153	1.03583	1	-0.00874	-0.01032	0.67755	0.00276	1	0.05606	-0.01267	0.64957	0.00309	1	1.45898	0.81042	0	
1277476	8615.33789	3306952976131	0.59840	0.64089	8614.77539	0.56250	12088	1	0.62629	0.66212	1	0.56164	0.69877	1	0.59397	0.68044	1	0.46673	0.54328	12.25860	1.03583	1	0.72649	0.55764	12.49194	1.03583	1	-0.00861	-0.01029	0.67565	0.00287	1	0.05732	-0.01290	0.66417	0.00306	1	1.45898	0.81042	0	
1277477	8615.34473	3306953043316	0.59814	0.64203	8614.77539	0.56934	12088	1	0.62504	0.67419	1	0.56680	0.72866	1	0.59592	0.70142	1	0.46680	0.54333	12.29294	1.03583	1	0.72656	0.55802	12.71101	1.03583	1	-0.00861	-0.01029	0.67565	0.00292	1	0.05732	-0.01290	0.66417	0.00309	1	1.45898	0.81042	0	
1277478	8615.35156	3306953110024	0.59320	0.66885	8614.77539	0.56934	12088	0	0.62109	0.67081	1	0.54511	0.72379	1	0.58310	0.69730	1	0.46671	0.54332	12.21866	1.03583	1	0.72625	0.55795	12.85445	1.03583	1	-0.00861	-0.01029	0.67565	0.00291	1	0.05732	-0.01290	0.66417	0.00306	1	1.45898	0.81042	0	
1277479	8615.35840	3306953177140	0.58799	0.68498	8614.77539	0.56934	12088	0	0.62128	0.67472	1	0.54428	0.72752	1	0.58278	0.70112	1	0.46676	0.54338	12.41663	1.02782	1	0.72631	0.55811	12.63621	1.02782	1	-0.00857	-0.01023	0.66878	0.00289	1	0.05732	-0.01295	0.66417	0.00312	1	1.45898	0.81042	0	
1277480	8615.36523	3306953244473	0.58912	0.68908	8614.77539	0.56934	12088	0	0.63220	0.66425	1	0.55055	0.73029	1	0.59138	0.69727	1	0.46672	0.54327	12.30837	1.01980	1	0.72670	0.55816	12.79681	1.01980	1	-0.00857	-0.01023	0.66878	0.00292	1	0.05732	-0.01295	0.66417	0.00301	1	1.45898	0.81042	0	
1277481	8615.37109	3306953310905	0.58754	0.69565	8615.35156	0.01953	12089	1	0.63052	0.68929	1	0.53510	0.74147	1	0.58281	0.71538	1	0.46678	0.54331	12.39848	1.01178	1	0.72647	0.55816	12.48961	1.01178	1	-0.00857	-0.01023	0.66878	0.00292	1	0.05732	-0.01295	0.66417	0.00309	1	1.45898	0.81042	0	
1277482	8615.37793	3306953378342	0.58659	0.69960	8615.35156	0.02637	12089	1	0.63052	0.68929	1	0.53510	0.74147	1	0.58281	0.71538	1	0.46671	0.54315	11.95309	1.01178	1	0.72644	0.55782	12.18050	1.01178	1	-0.00861	-0.01029	0.67565	0.00288	1	0.05606	-0.01267	0.64957	0.00313	1	1.45898	0.81042	0	
1277483	8615.38477	3306953444880	0.58520	0.70427	8615.35156	0.03320	12089	1	0.62654	0.67381	1	0.52993	0.78146	1	0.57823	0.72764	1	0.46701	0.54330	11.34149	1.01980	1	0.72644	0.55809	12.50616	1.01980	1	-0.00861	-0.01029	0.67565	0.00287	1	0.05606	-0.01267	0.64957	0.00310	1	1.45898	0.81042	0	
1277484	8615.39160	3306953511869	0.58432	0.70493	8615.35156	0.04004	12089	1	0.63552	0.66348	1	0.52256	0.75421	1	0.57904	0.70884	1	0.46685	0.54324	11.48207	1.02782	1	0.72633	0.55783	12.91967	1.02782	1	-0.00861	-0.01029	0.67565	0.00295	1	0.05606	-0.01267	0.64957	0.00322	1	1.45898	0.81042	0	
1277485	8615.39844	3306953578971	0.58370	0.70495	8615.35156	0.04688	12089	1	0.63543	0.65949	1	0.52323	0.75070	1	0.57933	0.70510	1	0.46683	0.54326	11.50689	1.03583	1	0.72660	0.55803	12.88205	1.03583	1	-0.00861	-0.01029	0.67565	0.00296	1	0.05732	-0.01300	0.66417	0.00306	1	1.45898	0.81042	0	
1277486	8615.40527	3306953645588	0.58495	0.70272	8615.35156	0.05371	12089	1	0.62566	0.59993	1	0.56419	0.76995	1	0.59493	0.68494	1	0.46695	0.54263	11.23168	1.03583	1	0.72655	0.55836	13.08091	1.03583	1	-0.00861	-0.01029	0.67565	0.00331	1	0.05732	-0.01300	0.66417	0.00310	1	1.45898	0.81042	0	
1277487	8615.41211	3306953712484	0.58560	0.70179	8615.35156	0.06055	12089	1	0.61952	0.64245	1	0.56353	0.74430	1	0.59153	0.69337	1	0.46677	0.54296	11.54048	1.03583	1	0.72649	0.55825	12.73536	1.03583	1	-0.00861	-0.01029	0.67565	0.00312	1	0.05732	-0.01300	0.66417	0.00312	1	1.45898	0.81042	0	
1277488	8615.41797	3306953776798	0.58607	0.70151	8615.35156	0.06641	12089	1	0.61972	0.64658	1	0.56173	0.75090	1	0.59072	0.69874	1	0.46675	0.54318	12.05451	1.02782	1	0.72617	0.55837	13.16146	1.02101	1	-0.00839	-0.01006	0.65409	0.00310	1	0.05455	-0.01238	0.63267	0.00311	1	1.45898	0.81042	0	
1277489	8615.42480	3306953844819	0.58694	0.70597	8615.35156	0.07324	12089	1	0.62540	0.70258	1	0.56756	0.80757	1	0.59648	0.75508	1	0.46677	0.54340	12.18573	1.01299	1	0.72632	0.55842	13.73703	1.00618	1	-0.00839	-0.01006	0.65409	0.00298	1	0.05455	-0.01238	0.63267	0.00310	1	1.45898	0.81042	0	
1277490	8615.43164	3306953909739	0.58806	0.71192	8615.35156	0.08008	12089	1	0.63374	0.73520	1	0.56943	0.83142	1	0.60159	0.78331	1	0.46674	0.54345	12.23386	0.99817	1	0.72629	0.55844	13.78536	0.99136	1	-0.00839	-0.01006	0.65409	0.00296	1	0.05455	-0.01238	0.63267	0.00309	1	1.45898	0.81042	0	
1277491	8615.43848	3306953980734	0.58903	0.71726	8615.35156	0.08691	12089	1	0.63392	0.74174	1	0.56938	0.83156	1	0.60165	0.78665	1	0.46676	0.54291	12.11335	0.98334	1	0.72636	0.55845	13.61883	0.99100	1	-0.00839	-0.01006	0.65409	0.00319	1	0.05894	-0.01330	0.68469	0.00313	1	1.45898	0.81042	0	
1277492	8615.44531	3306954045461	0.58992	0.72046	8615.35156	0.09375	12089	1	0.62732	0.72448	1	0.57729	0.80605	1	0.60231	0.76527	1	0.46667	0.54343	12.51944	0.99100	1	0.72634	0.55829	13.68341	1.00547	1	-0.00839	-0.01006	0.65409	0.00293	1	0.05894	-0.01330	0.68469	0.00316	1	1.45898	0.81042	0	
1277493	8615.45215	3306954111762	0.59016	0.72206	8615.35156	0.10059	12089	1	0.62005	0.68199	1	0.56751	0.81013	1	0.59378	0.74606	1	0.46668	0.54324	12.29856	1.00547	1	0.72625	0.55841	13.57998	1.01994	1	-0.00839	-0.01006	0.65409	0.00305	1	0.05894	-0.01330	0.68469	0.00310	1	1.45898	0.81042	0	
1277494	8615.45801	3306954178322	0.59045	0.72300	8615.35156	0.10645	12089	1	0.61969	0.67488	1	0.57047	0.80116	1	0.59508	0.73802	1	0.46675	0.54342	12.16300	1.01994	1	0.72609	0.55822	13.54520	1.04308	1	-0.00857	-0.01023	0.66878	0.00297	1	0.06026	-0.01364	0.69942	0.00317	1	1.45898	0.81042	0	
1277495	8615.46484	3306954246811	0.59062	0.72286	8615.35156	0.11328	12089	1	0.62023	0.66332	1	0.56696	0.77749	1	0.59360	0.72040	1	0.46675	0.54334	12.14097	1.04308	1	0.72615	0.55815	13.52793	1.05176	1	-0.00857	-0.01023	0.66878	0.00299	1	0.06026	-0.01364	0.69942	0.00316	1	1.45898	0.81042	0	
1277496	8615.47168	3306954312811	0.59079	0.72344	8615.35156	0.12012	12089	1	0.61686	0.67972	1	0.57062	0.78834	1	0.59374	0.73403	1	0.46675	0.54341	12.18355	1.05176	1	0.72617	0.55827	13.53706	1.06044	1	-0.00857	-0.01023	0.66878	0.00296	1	0.06026	-0.01364	0.69942	0.00312	1	1.45898	0.81042	0	
1277497	8615.47852	3306954382330	0.59096	0.72379	8615.35156	0.12695	12089	1	0.61663	0.67562	1	0.57171	0.78492	1	0.59417	0.73027	1	0.46684	0.54331	12.06809	1.06044	1	0.72600	0.55806	13.10274	1.06913	1	-0.00857	-0.01023	0.66878	0.00295	1	0.06026	-0.01364	0.69942	0.00317	1	1.45898	0.81042	0	
1277498	8615.48535	3306954449940	0.59098	0.72319	8615.35156	0.13379	12089	1	0.62444	0.66686	1	0.55855	0.75550	1	0.59149	0.71118	1	0.46657	0.54345	12.49629	1.06913	1	0.72596	0.55811	13.37885	1.06913	1	-0.00857	-0.01023	0.66878	0.00296	1	0.06026	-0.01364	0.69942	0.00315	1	1.45898	0.81042	0	
1277499	8615.49219	3306954516330	0.59093	0.71971	8615.35156	0.14062	12089	1	0.62132	0.56568	1	0.55825	0.72777	1	0.58979	0.64672	1	0.46686	0.54243	11.80462	1.06913	1	0.72598	0.55779	12.94544	1.06913	1	-0.00857	-0.01023	0.66878	0.00318	1	0.06026	-0.01364	0.69942	0.00308	1	1.45898	0.81042	0	
1277500	8615.49902	3306954583565	0.59089	0.71636	8615.35156	0.14746	12089	1	0.62113	0.56111	1	0.55916	0.72418	1	0.59014	0.64265	1	0.46684	0.54240	11.79291	1.07714	1	0.72617	0.55794	13.47057	1.07714	1	-0.00883	-0.01047	0.68428	0.00316	1	0.06026	-0.01364	0.69942	0.00303	1	1.45898	0.81042	0	
1277501	8615.50586	3306954651223	0.59159	0.71406	8615.35156	0.15430	12089	1	0.65745	0.64229	1	0.55749	0.68031	1	0.60747	0.66130	1	0.46661	0.54317	11.82186	1.08516	1	0.72596	0.55782	13.02049	1.08516	1	-0.00883	-0.01047	0.68428	0.00286	1	0.06026	-0.01364	0.69942	0.00314	1	1.45898	0.81042	0	
1277502	8615.51270	3306954717889	0.59149	0.71084	8615.35156	0.16113	12089	1	0.62725	0.58336	1	0.55097	0.68374	1	0.58911	0.63355	1	0.46627	0.54259	11.00259	1.09318	1	0.72555	0.55747	12.08202	1.09318	1	-0.00883	-0.01047	0.68428	0.00299	1	0.06026	-0.01364	0.69942	0.00305	1	1.45898	0.81042	0	
1277503	8615.51855	3306954785216	0.59136	0.70802	8615.35156	0.16699	12089	1	0.62725	0.58336	1	0.54927	0.69154	1	0.58826	0.63745	1	0.46437	0.54223	11.47499	1.09318	1	0.72422	0.55633	12.42592	1.07684	1	-0.00884	-0.01004	0.66607	0.00296	1	0.05654	-0.01272	0.65973	0.00330	1	1.45898	0.81042	0	
1277504	8615.52539	3306954852023	0.58993	0.70482	8615.35156	0.17383	12089	1	0.58985	0.58301	1	0.51568	0.66016	1	0.55277	0.62158	1	0.46411	0.54217	11.51867	1.06882	1	0.72363	0.55593	12.37203	1.05248	1	-0.00884	-0.01004	0.66607	0.00289	1	0.05654	-0.01272	0.65973	0.00321	1	1.45898	0.81042	0	
1277505	8615.53223	3306954919167	0.58576	0.67520	8615.35156	0.17383	12089	0	0.56129	0.58902	1	0.52561	0.66141	1	0.54345	0.62521	1	0.46366	0.54180	10.66772	1.04446	1	0.72345	0.55584	12.27770	1.02812	1	-0.00884	-0.01004	0.66607	0.00278	1	0.05654	-0.01272	0.65973	0.00300	1	1.45898	0.81042	0	
1277506	8615.53906	3306954985987	0.56492	0.65251	8615.35156	0.17383	12089	0	0.56254	0.59823	1	0.52561	0.66141	1	0.54408	0.62982	1	0.46201	0.54171	11.25039	1.02812	1	0.72136	0.55479	12.55449	1.02812	1	-0.00954	-0.01021	0.69111	0.00309	1	0.05974	-0.01332	0.70197	0.00325	1	1.45898	0.81042	0	
1277507	8615.54590	3306955052512	0.53704	0.62296	8615.35156	0.17383	12089	0	0.51530	0.57117	1	0.44728	0.55653	1	0.48129	0.56385	1	0.46202	0.54104	10.91977	1.03614	1	0.72135	0.55498	12.66123	1.05248	1	-0.00954	-0.01021	0.69111	0.00302	1	0.05974	-0.01332	0.70197	0.00327	1	1.45898	0.81042	0	
1277508	8615.55273	3306955119668	0.49670	0.58711	8615.35156	0.17383	12089	0	0.50129	0.57426	1	0.42819	0.56106	1	0.46474	0.56766	1	0.46205	0.54113	11.00849	1.06050	1	0.72151	0.55470	12.38812	1.07684	1	-0.00954	-0.01021	0.69111	0.00296	1	0.05974	-0.01332	0.70197	0.00333	1	1.45898	0.81042	0	
1277509	8615.55957	3306955186668	0.47993	0.57158	8615.35156	0.17383	12089	0	0.49823	0.56034	1	0.42810	0.55178	1	0.46317	0.55606	1	0.46195	0.54079	10.49831	1.08485	1	0.72143	0.55487	12.91706	1.09251	1	-0.00954	-0.01021	0.69111	0.00316	1	0.05790	-0.01292	0.68094	0.00327	1	1.45898	0.81042	0	
1277510	8615.56543	3306955253315	0.47508	0.55311	8615.35156	0.17383	12089	0	0.49102	0.49579	1	0.43974	0.53652	1	0.46538	0.51615	1	0.46189	0.54057	11.06610	1.09251	1	0.72154	0.55494	12.66470	1.08383	1	-0.00954	-0.01021	0.69111	0.00313	1	0.05790	-0.01292	0.68094	0.00336	1	1.45898	0.81042	0	
1277511	8615.57227	3306955321162	0.47157	0.55291	8615.55273	0.01953	12090	1	0.50310	0.54530	1	0.41895	0.55936	1	0.46102	0.55233	1	0.46206	0.54093	10.96612	1.08383	1	0.72137	0.55511	12.64190	1.07515	1	-0.00954	-0.01021	0.69111	0.00309	1	0.05790	-0.01292	0.68094	0.00334	1	1.45898	0.81042	0	
1277512	8615.57910	3306955386537	0.46957	0.55331	8615.55273	0.02637	12090	1	0.50415	0.55039	1	0.41895	0.55936	1	0.46155	0.55488	1	0.46201	0.54078	10.94827	1.07515	1	0.72137	0.55509	12.94761	1.07515	1	-0.00954	-0.01021	0.69111	0.00313	1	0.05974	-0.01332	0.70197	0.00329	1	1.45898	0.81042	0	
1277513	8615.58594	3306955454546	0.46902	0.55326	8615.55273	0.03320	12090	1	0.50532	0.55743	1	0.42725	0.54862	1	0.46628	0.55302	1	0.46203	0.54101	10.92266	1.07515	1	0.72134	0.55496	12.64922	1.08383	1	-0.00954	-0.01021	0.69111	0.00305	1	0.05974	-0.01332	0.70197	0.00321	1	1.45898	0.81042	0	
1277514	8615.59277	3306955521893	0.46940	0.55353	8615.55273	0.04004	12090	1	0.51618	0.56692	1	0.42719	0.54341	1	0.47168	0.55516	1	0.46222	0.54118	11.15263	1.08383	1	0.72134	0.55496	12.64922	1.09251	1	-0.00954	-0.01021	0.69111	0.00319	1	0.05974	-0.01332	0.70197	0.00321	1	1.45898	0.81042	0	
1277515	8615.59961	3306955588395	0.46962	0.55343	8615.55273	0.04688	12090	1	0.51522	0.56201	1	0.42719	0.54341	1	0.47120	0.55271	1	0.46194	0.54127	11.58743	1.09251	1	0.72135	0.55471	12.23882	1.09251	1	-0.00954	-0.01021	0.69111	0.00294	1	0.05520	-0.01230	0.64808	0.00334	1	1.45898	0.81042	0	
1277516	8615.60645	3306955655265	0.46726	0.55110	8615.55273	0.05371	12090	1	0.49386	0.56150	1	0.40277	0.50350	1	0.44832	0.53250	1	0.46189	0.54118	11.47207	1.09251	1	0.72142	0.55451	12.20674	1.08383	1	-0.00954	-0.01021	0.69111	0.00293	1	0.05520	-0.01230	0.64808	0.00334	1	1.45898	0.81042	0	
1277517	8615.61230	3306955722224	0.46565	0.54724	8615.55273	0.05957	12090	1	0.50144	0.55095	1	0.40093	0.47394	1	0.45118	0.51244	1	0.46186	0.54115	11.19439	1.08383	1	0.72134	0.55466	12.42595	1.07515	1	-0.00954	-0.01021	0.69111	0.00296	1	0.05520	-0.01230	0.64808	0.00328	1	1.45898	0.81042	0	
1277518	8615.61914	3306955789351	0.46441	0.54480	8615.55273	0.06641	12090	1	0.50251	0.55599	1	0.40142	0.48491	1	0.45196	0.52045	1	0.46192	0.54128	11.27249	1.07515	1	0.72155	0.55508	12.42449	1.05881	1	-0.00954	-0.01021	0.69111	0.00287	1	0.05643	-0.01261	0.66186	0.00309	1	1.45898	0.81042	0	
1277519	8615.62598	3306955856130	0.46457	0.54565	8615.55273	0.07324	12090	1	0.50424	0.58197	1	0.42853	0.52809	1	0.46638	0.55503	1	0.46189	0.54115	11.20959	1.05881	1	0.72179	0.55504	12.79575	1.05115	1	-0.00954	-0.01021	0.69111	0.00295	1	0.05643	-0.01261	0.66186	0.00314	1	1.45898	0.81042	0	
1277520	8615.63281	3306955923654	0.46399	0.54603	8615.55273	0.08008	12090	1	0.50799	0.57446	1	0.40614	0.52651	1	0.45706	0.55048	1	0.46205	0.54111	11.92616	1.05115	1	0.72149	0.55511	12.73332	1.04349	1	-0.00954	-0.01021	0.69111	0.00296	1	0.05643	-0.01261	0.66186	0.00317	1	1.45898	0.81042	0	
1277521	8615.63965	3306955990161	0.46354	0.54668	8615.55273	0.08691	12090	1	0.50892	0.57887	1	0.40635	0.53143	1	0.45763	0.55515	1	0.46186	0.54123	11.72998	1.04349	1	0.72177	0.55509	12.73128	1.03583	1	-0.00932	-0.01004	0.67584	0.00291	1	0.05545	-0.01244	0.65043	0.00315	1	1.45898	0.81042	0	
1277522	8615.64648	3306956057090	0.46381	0.54573	8615.55273	0.09375	12090	1	0.50360	0.53551	1	0.43175	0.52928	1	0.46768	0.53240	1	0.46189	0.54123	11.75415	1.03583	1	0.72186	0.55506	12.99276	1.03583	1	-0.00932	-0.01004	0.67584	0.00291	1	0.05545	-0.01244	0.65043	0.00316	1	1.45898	0.81042	0	
1277523	8615.65332	3306956124292	0.46359	0.54510	8615.55273	0.10059	12090	1	0.49527	0.53523	1	0.42509	0.53615	1	0.46018	0.53569	1	0.46185	0.54105	11.52019	1.03583	1	0.72179	0.55517	12.77469	1.03583	1	-0.00932	-0.01004	0.67584	0.00304	1	0.05545	-0.01244	0.65043	0.00310	1	1.45898	0.81042	0	
1277524	8615.65918	3306956191397	0.46338	0.54440	8615.55273	0.10645	12090	1	0.49527	0.53523	1	0.42502	0.53126	1	0.46014	0.53324	1	0.46183	0.54111	11.45292	1.03583	1	0.72182	0.55516	12.91494	1.04349	1	-0.00954	-0.01031	0.69111	0.00306	1	0.05520	-0.01244	0.64808	0.00309	1	1.45898	0.81042	0	
1277525	8615.66602	3306956258362	0.46288	0.54264	8615.55273	0.11328	12090	1	0.49306	0.51321	1	0.41550	0.51237	1	0.45428	0.51279	1	0.46186	0.54100	11.40362	1.04349	1	0.72154	0.55507	12.43579	1.05115	1	-0.00954	-0.01031	0.69111	0.00303	1	0.05520	-0.01244	0.64808	0.00311	1	1.45898	0.81042	0	
1277526	8615.67285	3306956325173	0.46262	0.54139	8615.55273	0.12012	12090	1	0.49609	0.50172	1	0.41966	0.53577	1	0.45787	0.51875	1	0.46188	0.54085	11.28249	1.05115	1	0.72166	0.55521	12.84975	1.05881	1	-0.00954	-0.01031	0.69111	0.00310	1	0.05520	-0.01244	0.64808	0.00312	1	1.45898	0.81042	0	
1277527	8615.67969	3306956392288	0.46235	0.54001	8615.55273	0.12695	12090	1	0.49509	0.49677	1	0.41955	0.53098	1	0.45732	0.51388	1	0.46163	0.54088	11.90614	1.05881	1	0.72148	0.55519	12.40462	1.06647	1	-0.00932	-0.01004	0.67584	0.00308	1	0.05520	-0.01244	0.64808	0.00316	1	1.45898	0.81042	0	
1277528	8615.68652	3306956458828	0.46148	0.54020	8615.55273	0.13379	12090	1	0.47513	0.55319	1	0.41318	0.53477	1	0.44416	0.54398	1	0.46193	0.54102	11.48484	1.06647	1	0.72166	0.55530	12.87975	1.06647	1	-0.00932	-0.01004	0.67584	0.00305	1	0.05520	-0.01244	0.64808	0.00310	1	1.45898	0.81042	0	
1277529	8615.69336	3306956526427	0.46122	0.53932	8615.55273	0.14062	12090	1	0.49184	0.49171	1	0.41947	0.55012	1	0.45566	0.52091	1	0.46189	0.54088	11.31982	1.06647	1	0.72169	0.55540	13.22573	1.06647	1	-0.00932	-0.01004	0.67584	0.00308	1	0.05520	-0.01244	0.64808	0.00307	1	1.45898	0.81042	0	
1277530	8615.70020	3306956593190	0.46098	0.53862	8615.55273	0.14746	12090	1	0.49184	0.49171	1	0.41957	0.55477	1	0.45571	0.52324	1	0.46189	0.54088	11.31982	1.06647	1	0.72171	0.55538	13.11965	1.05881	1	-0.00954	-0.01031	0.69111	0.00308	1	0.05643	-0.01271	0.66186	0.00312	1	1.45898	0.81042	0	
1277531	8615.70605	3306956660181	0.46076	0.53851	8615.55273	0.15332	12090	1	0.49291	0.51824	1	0.41847	0.55375	1	0.45569	0.53600	1	0.46190	0.54099	11.46586	1.05881	1	0.72173	0.55530	13.08434	1.05115	1	-0.00954	-0.01031	0.69111	0.00305	1	0.05643	-0.01271	0.66186	0.00308	1	1.45898	0.81042	0	
1277532	8615.71289	3306956726805	0.46076	0.53886	8615.55273	0.16016	12090	1	0.49725	0.54476	1	0.42418	0.54964	1	0.46072	0.54720	1	0.46198	0.54112	11.62932	1.05115	1	0.72170	0.55530	13.10210	1.04349	1	-0.00954	-0.01031	0.69111	0.00307	1	0.05643	-0.01271	0.66186	0.00313	1	1.45898	0.81042	0	
1277533	8615.71973	3306956794064	0.46078	0.53936	8615.55273	0.16699	12090	1	0.49825	0.54939	1	0.42426	0.55440	1	0.46125	0.55190	1	0.46201	0.54130	11.69967	1.04349	1	0.72159	0.55476	12.18272	1.03583	1	-0.00954	-0.01031	0.69111	0.00303	1	0.05643	-0.01271	0.66186	0.00348	1	1.45898	0.81042	0	
1277534	8615.72656	3306956860073	0.46030	0.54058	8615.55273	0.17383	12090	1	0.47802	0.56623	1	0.41781	0.57802	1	0.44791	0.57212	1	0.46188	0.54135	11.87669	1.03583	1	0.72166	0.55538	12.73670	1.03583	1	-0.00954	-0.01031	0.69111	0.00287	1	0.05643	-0.01271	0.66186	0.00315	1	1.45898	0.81042	0	
1277535	8615.73340	3306956924929	0.45990	0.54052	8615.55273	0.18066	12090	1	0.47288	0.54389	1	0.42526	0.53384	1	0.44907	0.53886	1	0.46183	0.54104	11.48000	1.03583	1	0.72183	0.55539	12.91620	1.03583	1	-0.00954	-0.01031	0.69111	0.00303	1	0.05643	-0.01271	0.66186	0.00316	1	1.45898	0.81042	0	
1277536	8615.74023	3306956993135	0.45953	0.54046	8615.55273	0.18750	12090	1	0.47288	0.54389	1	0.42526	0.53384	1	0.44907	0.53886	1	0.46181	0.54111	11.30444	1.03583	1	0.72182	0.55533	12.86098	1.03583	1	-0.00932	-0.01014	0.67584	0.00333	1	0.05643	-0.01271	0.66186	0.00318	1	1.45898	0.81042	0	
1277537	8615.74609	3306957058837	0.45921	0.54169	8615.55273	0.19336	12090	1	0.47285	0.61419	1	0.42726	0.54086	1	0.45005	0.57752	1	0.46178	0.54134	11.67757	1.03583	1	0.72185	0.55518	13.08163	1.03583	1	-0.00932	-0.01014	0.67584	0.00328	1	0.05643	-0.01271	0.66186	0.00320	1	1.45898	0.81042	0	
1277538	8615.75293	3306957125201	0.45899	0.54186	8615.55273	0.20020	12090	1	0.48160	0.56367	1	0.42309	0.52970	1	0.45235	0.54669	1	0.46202	0.54141	11.70933	1.03583	1	0.72167	0.55516	12.46978	1.03583	1	-0.00932	-0.01014	0.67584	0.00304	1	0.05643	-0.01271	0.66186	0.00316	1	1.45898	0.81042	0	
1277539	8615.75977	3306957191696	0.45878	0.54193	8615.55273	0.20703	12090	1	0.48160	0.56367	1	0.42301	0.52476	1	0.45231	0.54421	1	0.46158	0.54115	11.76157	1.03583	1	0.72153	0.55512	12.16673	1.04349	1	-0.00932	-0.01014	0.67584	0.00317	1	0.05790	-0.01313	0.68094	0.00322	1	1.45898	0.81042	0	
1277540	8615.76660	3306957258920	0.45869	0.54354	8615.55273	0.21387	12090	1	0.47873	0.61534	1	0.43277	0.57475	1	0.45575	0.59505	1	0.46148	0.54242	12.11963	1.04349	1	0.72119	0.55613	12.98708	1.05115	1	-0.00932	-0.01014	0.67584	0.00312	1	0.05790	-0.01313	0.68094	0.00331	1	1.45898	0.81042	0	
1277541	8615.77344	3306957328928	0.45856	0.54433	8615.55273	0.22070	12090	1	0.46059	0.61097	1	0.44809	0.53024	1	0.45434	0.57061	1	0.46129	0.54245	12.37655	1.05115	1	0.72105	0.55577	12.96181	1.05881	1	-0.00932	-0.01014	0.67584	0.00314	1	0.05790	-0.01313	0.68094	0.00327	1	1.45898	0.81042	0	
1277542	8615.78027	3306957393658	0.45840	0.54480	8615.55273	0.22754	12090	1	0.45787	0.60188	1	0.44829	0.51965	1	0.45308	0.56077	1	0.46059	0.54304	12.37368	1.06790	1	0.71968	0.55651	12.90771	1.07556	1	-0.00992	-0.01072	0.70764	0.00290	1	0.05824	-0.01333	0.68614	0.00297	1	1.45898	0.81042	0	
1277543	8615.78711	3306957461709	0.45726	0.54536	8615.55273	0.23438	12090	1	0.44224	0.58536	1	0.39248	0.54441	1	0.41736	0.56489	1	0.46064	0.54304	12.59437	1.08464	1	0.71974	0.55664	12.88568	1.08464	1	-0.00992	-0.01072	0.70764	0.00285	1	0.05824	-0.01333	0.68614	0.00306	1	1.45898	0.81042	0	
1277544	8615.79297	3306957526747	0.45632	0.54580	8615.55273	0.24023	12090	1	0.44145	0.58325	1	0.40327	0.54002	1	0.42236	0.56164	1	0.46063	0.54309	12.32850	1.09373	1	0.71980	0.55663	12.82914	1.09373	1	-0.00992	-0.01072	0.70764	0.00284	1	0.05824	-0.01333	0.68614	0.00310	1	1.45898	0.81042	0	
1277545	8615.80078	3306957598215	0.45540	0.54608	8615.55273	0.24805	12090	1	0.43989	0.57827	1	0.40301	0.53456	1	0.42145	0.55642	1	0.46026	0.54320	12.49007	1.10281	1	0.71985	0.55679	12.59277	1.10281	1	-0.00978	-0.01062	0.69762	0.00293	1	0.05824	-0.01343	0.68614	0.00309	1	1.45898	0.81042	0	
1277546	8615.80664	3306957663580	0.45349	0.54721	8615.55273	0.25391	12090	1	0.40063	0.61279	1	0.36072	0.56756	1	0.38067	0.59017	1	0.46030	0.54314	12.42546	1.10281	1	0.71976	0.55683	13.12851	1.10281	1	-0.00978	-0.01062	0.69762	0.00291	1	0.05824	-0.01343	0.68614	0.00292	1	1.45898	0.81042	0	
1277547	8615.81348	3306957728560	0.43136	0.56847	8615.55273	0.25391	12090	0	0.39545	0.64395	1	0.33958	0.58562	1	0.36751	0.61479	1	0.46023	0.54331	12.48473	1.10281	1	0.71959	0.55694	13.28742	1.10281	1	-0.00978	-0.01062	0.69762	0.00293	1	0.05824	-0.01343	0.68614	0.00295	1	1.45898	0.81042	0	
1277548	8615.82031	3306957794528	0.40010	0.59399	8615.55273	0.25391	12090	0	0.39736	0.64840	1	0.34034	0.59063	1	0.36885	0.61951	1	0.46067	0.54361	12.95899	1.09373	1	0.71963	0.55707	13.16567	1.09373	1	-0.00945	-0.01031	0.67732	0.00296	1	0.05709	-0.01311	0.67256	0.00314	1	1.45898	0.81042	0	
1277549	8615.82617	3306957858972	0.39676	0.61753	8615.55273	0.25391	12090	0	0.42968	0.65468	1	0.35047	0.67456	1	0.39007	0.66462	1	0.46084	0.54357	12.82583	1.08464	1	0.71970	0.55722	13.18220	1.08464	1	-0.00945	-0.01031	0.67732	0.00297	1	0.05709	-0.01311	0.67256	0.00299	1	1.45898	0.81042	0	
1277550	8615.83301	3306957930096	0.39673	0.61661	8615.81348	0.01953	12091	1	0.44737	0.62059	1	0.34590	0.60705	1	0.39663	0.61382	1	0.46104	0.54341	12.76777	1.07556	1	0.71963	0.55707	13.16567	1.07556	1	-0.00945	-0.01031	0.67732	0.00301	1	0.05709	-0.01311	0.67256	0.00314	1	1.45898	0.81042	0	
1277551	8615.83984	3306957996775	0.39671	0.61605	8615.81348	0.02637	12091	1	0.44737	0.62059	1	0.34590	0.60705	1	0.39663	0.61382	1	0.46100	0.54345	12.82533	1.07556	1	0.71985	0.55711	12.95252	1.07556	1	-0.00978	-0.01062	0.69762	0.00301	1	0.05824	-0.01343	0.68614	0.00310	1	1.45898	0.81042	0	
1277552	8615.84668	3306958062457	0.39736	0.62122	8615.81348	0.03320	12091	1	0.44452	0.63513	1	0.35674	0.65906	1	0.40063	0.64709	1	0.46094	0.54354	13.20415	1.08464	1	0.71988	0.55740	12.83572	1.08464	1	-0.00978	-0.01062	0.69762	0.00302	1	0.05824	-0.01343	0.68614	0.00313	1	1.45898	0.81042	0	
1277553	8615.85352	3306958130677	0.39732	0.61859	8615.81348	0.04004	12091	1	0.44027	0.62164	1	0.35388	0.58390	1	0.39708	0.60277	1	0.46103	0.54342	12.68582	1.09373	1	0.71999	0.55686	12.22667	1.09373	1	-0.00978	-0.01062	0.69762	0.00309	1	0.05824	-0.01343	0.68614	0.00342	1	1.45898	0.81042	0	
1277554	8615.86035	3306958198945	0.39729	0.61661	8615.81348	0.04688	12091	1	0.44027	0.62164	1	0.35388	0.58390	1	0.39708	0.60277	1	0.46107	0.54340	12.53214	1.09373	1	0.71976	0.55711	13.04855	1.09373	1	-0.00945	-0.01031	0.67732	0.00300	1	0.05790	-0.01333	0.68094	0.00332	1	1.45898	0.81042	0	
1277555	8615.86719	3306958267543	0.39839	0.61931	8615.81348	0.05371	12091	1	0.45801	0.65911	1	0.35627	0.62274	1	0.40714	0.64093	1	0.46118	0.54372	13.02022	1.08464	1	0.71967	0.55718	13.24597	1.08464	1	-0.00945	-0.01031	0.67732	0.00313	1	0.05790	-0.01333	0.68094	0.00331	1	1.45898	0.81042	0	
1277556	8615.87402	3306958330651	0.39733	0.62040	8615.81348	0.06055	12091	1	0.44197	0.65739	1	0.33364	0.60299	1	0.38780	0.63019	1	0.46109	0.54376	12.88649	1.07556	1	0.71982	0.55730	13.09240	1.07556	1	-0.00945	-0.01031	0.67732	0.00312	1	0.05790	-0.01333	0.68094	0.00319	1	1.45898	0.81042	0	
1277557	8615.88086	3306958399561	0.39646	0.62129	8615.81348	0.06738	12091	1	0.44197	0.65739	1	0.33364	0.60299	1	0.38780	0.63019	1	0.46074	0.54332	12.28319	1.07556	1	0.71999	0.55710	13.57019	1.07556	1	-0.01003	-0.01094	0.71522	0.00328	1	0.05688	-0.01315	0.66899	0.00321	1	1.45898	0.81042	0	
1277558	8615.88770	3306958469360	0.39571	0.62235	8615.81348	0.07422	12091	1	0.42543	0.65638	1	0.34944	0.61168	1	0.38743	0.63403	1	0.46079	0.54343	12.42798	1.08464	1	0.72001	0.55722	13.82198	1.08464	1	-0.01003	-0.01094	0.71522	0.00322	1	0.05688	-0.01315	0.66899	0.00321	1	1.45898	0.81042	0	
1277559	8615.89453	3306958536014	0.39500	0.62100	8615.81348	0.08105	12091	1	0.42209	0.64502	1	0.35085	0.56463	1	0.38647	0.60482	1	0.46081	0.54356	12.92272	1.09373	1	0.72000	0.55704	13.51526	1.09373	1	-0.01003	-0.01094	0.71522	0.00311	1	0.05688	-0.01315	0.66899	0.00323	1	1.45898	0.81042	0	
1277560	8615.90039	3306958603466	0.39432	0.61966	8615.81348	0.08691	12091	1	0.42037	0.64055	1	0.35074	0.56381	1	0.38556	0.60218	1	0.46073	0.54372	13.29247	1.10281	1	0.72023	0.55708	13.01523	1.09515	1	-0.00978	-0.01073	0.69762	0.00307	1	0.05643	-0.01310	0.66422	0.00324	1	1.45898	0.81042	0	
1277561	8615.90723	3306958669364	0.39514	0.61911	8615.81348	0.09375	12091	1	0.44986	0.63222	1	0.36327	0.59069	1	0.40657	0.61146	1	0.46115	0.54356	12.43738	1.09515	1	0.72033	0.55728	12.97610	1.08749	1	-0.00978	-0.01073	0.69762	0.00313	1	0.05643	-0.01310	0.66422	0.00327	1	1.45898	0.81042	0	
1277562	8615.91406	3306958736242	0.39540	0.61962	8615.81348	0.10059	12091	1	0.43072	0.63620	1	0.36790	0.61838	1	0.39931	0.62729	1	0.46071	0.54334	12.69635	1.08749	1	0.72039	0.55736	13.11425	1.07983	1	-0.00978	-0.01073	0.69762	0.00306	1	0.05643	-0.01310	0.66422	0.00327	1	1.45898	0.81042	0	
1277563	8615.92090	3306958803177	0.39567	0.62019	8615.81348	0.10742	12091	1	0.43212	0.64005	1	0.36790	0.61838	1	0.40001	0.62921	1	0.46088	0.54379	12.44327	1.07983	1	0.72037	0.55714	12.91860	1.07983	1	-0.01003	-0.01094	0.71522	0.00313	1	0.05758	-0.01320	0.67718	0.00327	1	1.45898	0.81042	0	
1277564	8615.92773	3306958870498	0.39744	0.62097	8615.81348	0.11426	12091	1	0.48247	0.67029	1	0.37243	0.59839	1	0.42745	0.63434	1	0.46157	0.54388	12.83903	1.07983	1	0.72037	0.55714	12.91860	1.08749	1	-0.01003	-0.01094	0.71522	0.00346	1	0.05758	-0.01320	0.67718	0.00328	1	1.45898	0.81042	0	
1277565	8615.93457	3306958937126	0.39898	0.62057	8615.81348	0.12109	12091	1	0.48296	0.63301	1	0.37051	0.59382	1	0.42673	0.61341	1	0.46165	0.54348	12.55930	1.08749	1	0.72037	0.55714	12.91860	1.09515	1	-0.01003	-0.01094	0.71522	0.00348	1	0.05758	-0.01320	0.67718	0.00328	1	1.45898	0.81042	0	
1277566	8615.94043	3306959004073	0.40037	0.62025	8615.81348	0.12695	12091	1	0.48316	0.63372	1	0.37059	0.59460	1	0.42687	0.61416	1	0.46095	0.54354	13.45796	1.08607	1	0.72027	0.55712	13.01803	1.09373	1	-0.00949	-0.01041	0.68023	0.00301	1	0.05790	-0.01333	0.68094	0.00324	1	1.45898	0.81042	0	
1277567	8615.94727	3306959071313	0.39973	0.62013	8615.81348	0.13379	12091	1	0.43453	0.62501	1	0.33904	0.61041	1	0.38679	0.61771	1	0.46093	0.54341	12.24293	1.08464	1	0.71999	0.55723	14.04686	1.08464	1	-0.00949	-0.01041	0.68023	0.00296	1	0.05790	-0.01333	0.68094	0.00302	1	1.45898	0.81042	0	
1277568	8615.95410	3306959138525	0.39912	0.62032	8615.81348	0.14062	12091	1	0.43973	0.62544	1	0.33309	0.62312	1	0.38641	0.62428	1	0.46092	0.54316	12.40566	1.07556	1	0.71986	0.55732	13.91705	1.07556	1	-0.00949	-0.01041	0.68023	0.00293	1	0.05790	-0.01333	0.68094	0.00300	1	1.45898	0.81042	0	
1277569	8615.96094	3306959205308	0.39868	0.62097	8615.81348	0.14746	12091	1	0.44276	0.63429	1	0.33538	0.63626	1	0.38907	0.63527	1	0.46087	0.54310	12.28882	1.05845	1	0.71994	0.55723	14.02178	1.05079	1	-0.00904	-0.00992	0.65140	0.00305	1	0.05168	-0.01196	0.60843	0.00300	1	1.45898	0.81042	0	
1277570	8615.96777	3306959272368	0.39865	0.62201	8615.81348	0.15430	12091	1	0.44236	0.67084	1	0.35339	0.62089	1	0.39788	0.64586	1	0.46088	0.54307	12.48031	1.04278	1	0.72018	0.55697	13.75368	1.03512	1	-0.00904	-0.00992	0.65140	0.00303	1	0.05168	-0.01196	0.60843	0.00295	1	1.45898	0.81042	0	
1277571	8615.97461	3306959338939	0.39903	0.62305	8615.81348	0.16113	12091	1	0.44368	0.67611	1	0.37257	0.62011	1	0.40812	0.64811	1	0.46088	0.54309	12.17148	1.02710	1	0.72035	0.55706	13.18283	1.01944	1	-0.00904	-0.00992	0.65140	0.00304	1	0.05168	-0.01196	0.60843	0.00297	1	1.45898	0.81042	0	
1277572	8615.98145	3306959406354	0.39942	0.62417	8615.81348	0.16797	12091	1	0.44509	0.67988	1	0.37302	0.62444	1	0.40905	0.65216	1	0.46074	0.54302	12.41701	1.01944	1	0.72053	0.55683	13.14050	1.01178	1	-0.00945	-0.01031	0.67732	0.00302	1	0.05643	-0.01300	0.66422	0.00302	1	1.45898	0.81042	0	
1277573	8615.98730	3306959472504	0.39963	0.62612	8615.81348	0.17383	12091	1	0.44321	0.68293	1	0.36707	0.67083	1	0.40514	0.67688	1	0.46082	0.54316	12.72470	1.01980	1	0.72025	0.55708	13.40388	1.01980	1	-0.00945	-0.01031	0.67732	0.00301	1	0.05643	-0.01300	0.66422	0.00315	1	1.45898	0.81042	0	
1277574	8615.99414	3306959540726	0.39981	0.62576	8615.81348	0.18066	12091	1	0.43617	0.66666	1	0.37344	0.56518	1	0.40480	0.61592	1	0.46077	0.54311	12.90600	1.02782	1	0.72032	0.55676	13.53382	1.02782	1	-0.00945	-0.01031	0.67732	0.00297	1	0.05643	-0.01300	0.66422	0.00302	1	1.45898	0.81042	0	
1277575	8616.00098	3306959607533	0.39997	0.62525	8615.81348	0.18750	12091	1	0.43617	0.66666	1	0.37249	0.55516	1	0.40433	0.61091	1	0.46095	0.54302	12.60304	1.02782	1	0.72056	0.55671	13.08761	1.04416	1	-0.00926	-0.01011	0.66723	0.00304	1	0.05946	-0.01362	0.69866	0.00304	1	1.45898	0.81042	0	
1277576	8616.00781	3306959674652	0.40042	0.62571	8615.81348	0.19434	12091	1	0.44444	0.64230	1	0.38235	0.63582	1	0.41340	0.63906	1	0.46098	0.54305	12.54585	1.03614	1	0.72059	0.55671	13.03973	1.05248	1	-0.00926	-0.01011	0.66723	0.00303	1	0.05946	-0.01362	0.69866	0.00309	1	1.45898	0.81042	0	
1277577	8616.01465	3306959741404	0.40078	0.62597	8615.81348	0.20117	12091	1	0.44480	0.64261	1	0.37845	0.62533	1	0.41162	0.63397	1	0.46090	0.54299	12.53260	1.04446	1	0.72060	0.55680	13.04248	1.06080	1	-0.00926	-0.01011	0.66723	0.00302	1	0.05946	-0.01362	0.69866	0.00307	1	1.45898	0.81042	0	
1277578	8616.02051	3306959804443	0.40106	0.62603	8615.81348	0.20703	12091	1	0.44189	0.63417	1	0.37805	0.62120	1	0.40997	0.62769	1	0.46091	0.54305	13.33055	1.06080	1	0.72051	0.55668	12.91796	1.06846	1	-0.00954	-0.01042	0.69110	0.00295	1	0.05520	-0.01264	0.64808	0.00306	1	1.45898	0.81042	0	
1277579	8616.02832	3306959875440	0.40069	0.62635	8615.81348	0.21484	12091	1	0.42675	0.62641	1	0.35065	0.64694	1	0.38870	0.63667	1	0.46091	0.54282	13.06358	1.07648	1	0.72054	0.55683	13.12897	1.06780	1	-0.00954	-0.01042	0.69110	0.00303	1	0.05520	-0.01264	0.64808	0.00308	1	1.45898	0.81042	0	
1277580	8616.03418	3306959941037	0.40009	0.62623	8615.81348	0.22070	12091	1	0.40719	0.61080	1	0.35308	0.63357	1	0.38014	0.62219	1	0.46084	0.54257	13.19273	1.07581	1	0.72055	0.55679	13.14421	1.06713	1	-0.00954	-0.01042	0.69110	0.00308	1	0.05520	-0.01264	0.64808	0.00302	1	1.45898	0.81042	0	
1277581	8616.04102	3306960005894	0.39952	0.62612	8615.81348	0.22754	12091	1	0.40733	0.61116	1	0.35313	0.63392	1	0.38023	0.62254	1	0.46102	0.54266	12.94036	1.07515	1	0.72054	0.55673	12.99288	1.06647	1	-0.00954	-0.01042	0.69110	0.00303	1	0.05520	-0.01264	0.64808	0.00300	1	1.45898	0.81042	0	
1277582	8616.04785	3306960075875	0.39900	0.62702	8615.81348	0.23438	12091	1	0.42217	0.67226	1	0.33938	0.64440	1	0.38077	0.65833	1	0.46106	0.54311	13.42268	1.06647	1	0.72039	0.55696	13.33879	1.06647	1	-0.00954	-0.01042	0.69110	0.00293	1	0.05520	-0.01264	0.64808	0.00298	1	1.45898	0.81042	0	
1277583	8616.05469	3306960143160	0.39888	0.62741	8615.81348	0.24121	12091	1	0.43394	0.66114	1	0.35518	0.62226	1	0.39456	0.64170	1	0.46112	0.54304	13.51997	1.06647	1	0.72055	0.55687	13.00717	1.06647	1	-0.00954	-0.01042	0.69110	0.00292	1	0.05520	-0.01264	0.64808	0.00296	1	1.45898	0.81042	0	
1277584	8616.06152	3306960210291	0.39876	0.62779	8615.81348	0.24805	12091	1	0.43394	0.66114	1	0.35518	0.62226	1	0.39456	0.64170	1	0.46167	0.54309	13.47577	1.06647	1	0.72025	0.55653	12.76906	1.06647	1	-0.00954	-0.01042	0.69110	0.00319	1	0.05520	-0.01264	0.64808	0.00343	1	1.45898	0.81042	0	
1277585	8616.06836	3306960277148	0.39841	0.62825	8615.81348	0.25488	12091	1	0.43002	0.65431	1	0.34025	0.63749	1	0.38514	0.64590	1	0.46102	0.54320	13.88584	1.06647	1	0.72027	0.55732	13.41841	1.06647	1	-0.00954	-0.01042	0.69110	0.00294	1	0.05520	-0.01264	0.64808	0.00311	1	1.45898	0.81042	0	
1277586	8616.07520	3306960344078	0.39823	0.62852	8615.81348	0.26172	12091	1	0.44299	0.64418	1	0.33899	0.63354	1	0.39099	0.63886	1	0.46174	0.54312	13.40223	1.06647	1	0.72019	0.55723	13.17496	1.06647	1	-0.00954	-0.01042	0.69110	0.00315	1	0.05520	-0.01264	0.64808	0.00310	1	1.45898	0.81042	0	
1277587	8616.08105	3306960406402	0.39802	0.62866	8615.81348	0.26758	12091	1	0.44139	0.63960	1	0.33819	0.62876	1	0.38979	0.63418	1	0.46181	0.54296	13.06710	1.07556	1	0.72056	0.55685	13.04082	1.07556	1	-0.00978	-0.01074	0.71245	0.00321	1	0.05520	-0.01264	0.64808	0.00319	1	1.45898	0.81042	0	
1277588	8616.08887	3306960479256	0.39810	0.62871	8615.81348	0.27539	12091	1	0.44795	0.64252	1	0.35431	0.61883	1	0.40113	0.63068	1	0.46192	0.54306	13.27703	1.08464	1	0.72059	0.55709	12.96766	1.08464	1	-0.00978	-0.01074	0.71245	0.00335	1	0.05520	-0.01264	0.64808	0.00309	1	1.45898	0.81042	0	
1277589	8616.09473	3306960545419	0.39790	0.62787	8615.81348	0.28125	12091	1	0.43200	0.60722	1	0.34765	0.57855	1	0.38983	0.59288	1	0.46158	0.54317	13.75840	1.09373	1	0.72040	0.55683	12.85633	1.09373	1	-0.00978	-0.01074	0.71245	0.00314	1	0.05520	-0.01264	0.64808	0.00335	1	1.45898	0.81042	0	
1277590	8616.10156	3306960608991	0.39769	0.62697	8615.81348	0.28809	12091	1	0.43037	0.60244	1	0.34694	0.57344	1	0.38866	0.58794	1	0.46173	0.54306	13.24536	1.10281	1	0.72073	0.55697	13.74036	1.10281	1	-0.00950	-0.01054	0.69256	0.00326	1	0.05520	-0.01269	0.64808	0.00329	1	1.45898	0.81042	0	
1277591	8616.10840	3306960677665	0.39759	0.62692	8615.81348	0.29492	12091	1	0.45136	0.62901	1	0.33446	0.62059	1	0.39291	0.62480	1	0.46153	0.54314	13.64553	1.10281	1	0.72034	0.55724	13.53829	1.10281	1	-0.00950	-0.01054	0.69256	0.00312	1	0.05520	-0.01269	0.64808	0.00306	1	1.45898	0.81042	0	
1277592	8616.11523	3306960744197	0.39787	0.62646	8615.81348	0.30176	12091	1	0.44879	0.63101	1	0.37261	0.58090	1	0.41070	0.60596	1	0.46107	0.54291	13.68129	1.10281	1	0.72048	0.55676	13.24802	1.10281	1	-0.00950	-0.01054	0.69256	0.00297	1	0.05520	-0.01269	0.64808	0.00301	1	1.45898	0.81042	0	
1277593	8616.12207	3306960811128	0.39815	0.62607	8615.81348	0.30859	12091	1	0.44879	0.63101	1	0.37303	0.58517	1	0.41091	0.60809	1	0.46005	0.54185	13.61835	1.10281	1	0.71898	0.55587	13.71735	1.09515	1	-0.00978	-0.01041	0.69762	0.00345	1	0.05689	-0.01298	0.67086	0.00335	1	1.45898	0.81042	0	
1277594	8616.12793	3306960876372	0.39702	0.62395	8615.81348	0.31445	12091	1	0.37215	0.54258	1	0.31569	0.50556	1	0.34392	0.52407	1	0.45926	0.54101	13.11516	1.09515	1	0.71853	0.55521	14.12907	1.08749	1	-0.00978	-0.01041	0.69762	0.00342	1	0.05689	-0.01298	0.67086	0.00327	1	1.45898	0.81042	0	
1277595	8616.13477	3306960944078	0.39526	0.62367	8615.81348	0.32129	12091	1	0.35609	0.59915	1	0.33725	0.51115	1	0.34667	0.55515	1	0.45891	0.54065	13.39497	1.08749	1	0.71796	0.55461	13.38408	1.07983	1	-0.00978	-0.01041	0.69762	0.00319	1	0.05689	-0.01298	0.67086	0.00314	1	1.45898	0.81042	0	
1277596	8616.14160	3306961012126	0.39485	0.62248	8615.81348	0.32812	12091	1	0.36019	0.60818	1	0.33805	0.51688	1	0.34912	0.56253	1	0.45811	0.53984	12.57035	1.07075	1	0.71691	0.55347	13.61414	1.07075	1	-0.00978	-0.00989	0.68659	0.00387	1	0.05749	-0.01289	0.68215	0.00358	1	1.45898	0.81042	0	
1277597	8616.14844	3306961076653	0.37542	0.58438	8615.81348	0.32812	12091	0	0.32568	0.52182	1	0.25513	0.37308	1	0.29041	0.44745	1	0.45831	0.53939	12.86939	1.06166	1	0.71679	0.55324	13.23364	1.06932	1	-0.00978	-0.00989	0.68659	0.00377	1	0.05749	-0.01289	0.68215	0.00356	1	1.45898	0.81042	0	
1277598	8616.15430	3306961140798	0.33164	0.51650	8615.81348	0.32812	12091	0	0.32233	0.50180	1	0.25339	0.39542	1	0.28786	0.44861	1	0.45834	0.53933	12.88537	1.06024	1	0.71685	0.55311	13.42403	1.06790	1	-0.00978	-0.00989	0.68659	0.00379	1	0.05749	-0.01289	0.68215	0.00355	1	1.45898	0.81042	0	
1277599	8616.16211	3306961213690	0.31649	0.49210	8615.81348	0.32812	12091	0	0.32023	0.49684	1	0.25213	0.38977	1	0.28618	0.44330	1	0.45811	0.53894	12.72117	1.06790	1	0.71654	0.55279	13.37418	1.07556	1	-0.01004	-0.01004	0.70080	0.00398	1	0.05749	-0.01284	0.68215	0.00375	1	1.45898	0.81042	0	
1277600	8616.16895	3306961281299	0.28162	0.42256	8615.81348	0.32812	12091	0	0.28906	0.44197	1	0.25259	0.30953	1	0.27083	0.37575	1	0.45802	0.53870	12.78571	1.08464	1	0.71658	0.55253	13.51256	1.08464	1	-0.01004	-0.01004	0.70080	0.00407	1	0.05749	-0.01284	0.68215	0.00391	1	1.45898	0.81042	0	
1277601	8616.17578	3306961348859	0.28329	0.42717	8615.81348	0.32812	12091	0	0.31454	0.49271	1	0.25536	0.37084	1	0.28495	0.43178	1	0.45837	0.53921	13.19452	1.09373	1	0.71672	0.55324	13.39128	1.09373	1	-0.01004	-0.01004	0.70080	0.00373	1	0.05749	-0.01284	0.68215	0.00384	1	1.45898	0.81042	0	
1277602	8616.18164	3306961416180	0.28319	0.42661	8615.81348	0.32812	12091	0	0.31207	0.48692	1	0.25392	0.36409	1	0.28300	0.42550	1	0.45842	0.53932	13.12796	1.10281	1	0.71680	0.55332	13.49413	1.10281	1	-0.00995	-0.01000	0.69457	0.00380	1	0.05768	-0.01291	0.68321	0.00369	1	1.45898	0.81042	0	
1277603	8616.18848	3306961483362	0.28550	0.41990	8616.16895	0.01953	12092	1	0.31540	0.48718	1	0.26948	0.31234	1	0.29244	0.39976	1	0.45840	0.53935	12.97193	1.10281	1	0.71688	0.55280	13.07796	1.10281	1	-0.00995	-0.01000	0.69457	0.00384	1	0.05768	-0.01291	0.68321	0.00382	1	1.45898	0.81042	0	
1277604	8616.19531	3306961549963	0.28259	0.41196	8616.16895	0.02637	12092	1	0.28503	0.42063	1	0.25680	0.33982	1	0.27092	0.38023	1	0.45796	0.53857	12.36593	1.10281	1	0.71669	0.55306	13.35962	1.10281	1	-0.00995	-0.01000	0.69457	0.00409	1	0.05768	-0.01291	0.68321	0.00378	1	1.45898	0.81042	0	
1277605	8616.20215	3306961616943	0.28128	0.40876	8616.16895	0.03320	12092	1	0.29002	0.43260	1	0.25945	0.35290	1	0.27474	0.39275	1	0.45846	0.53926	13.44769	1.08571	1	0.71692	0.55311	13.44920	1.08571	1	-0.00935	-0.00951	0.66008	0.00376	1	0.05781	-0.01297	0.68345	0.00393	1	1.45898	0.81042	0	
1277606	8616.20801	3306961679540	0.28450	0.41497	8616.16895	0.03906	12092	1	0.31599	0.49377	1	0.29170	0.41071	1	0.30384	0.45224	1	0.45832	0.53912	13.07920	1.06861	1	0.71715	0.55358	13.64458	1.06861	1	-0.00935	-0.00951	0.66008	0.00382	1	0.05781	-0.01297	0.68345	0.00364	1	1.45898	0.81042	0	
1277607	8616.21484	3306961746233	0.28564	0.42176	8616.16895	0.04590	12092	1	0.32103	0.52734	1	0.26622	0.41112	1	0.29362	0.46923	1	0.45829	0.53940	13.28150	1.05151	1	0.71715	0.55350	13.63200	1.05151	1	-0.00935	-0.00951	0.66008	0.00378	1	0.05781	-0.01297	0.68345	0.00360	1	1.45898	0.81042	0	
1277608	8616.22168	3306961815248	0.28694	0.42833	8616.16895	0.05273	12092	1	0.32582	0.53810	1	0.26887	0.42372	1	0.29734	0.48091	1	0.45820	0.53947	13.21549	1.03440	1	0.71721	0.55351	13.63266	1.03440	1	-0.00935	-0.00951	0.66008	0.00373	1	0.05781	-0.01297	0.68345	0.00352	1	1.45898	0.81042	0	
1277609	8616.22852	3306961882145	0.28672	0.43160	8616.16895	0.05957	12092	1	0.31850	0.51729	1	0.25101	0.40485	1	0.28475	0.46107	1	0.45820	0.53912	12.88266	1.03440	1	0.71721	0.55317	13.41570	1.03440	1	-0.00935	-0.00951	0.66008	0.00371	1	0.05781	-0.01297	0.68345	0.00356	1	1.45898	0.81042	0	
1277610	8616.23535	3306961952290	0.28742	0.43667	8616.16895	0.06641	12092	1	0.32156	0.52557	1	0.26716	0.44911	1	0.29436	0.48734	1	0.45813	0.53938	12.87703	1.03440	1	0.71756	0.55358	13.02208	1.03440	1	-0.00935	-0.00951	0.66008	0.00374	1	0.05781	-0.01297	0.68345	0.00355	1	1.45898	0.81042	0	
1277611	8616.24219	3306962016993	0.28785	0.44044	8616.16895	0.07324	12092	1	0.31929	0.52043	1	0.26590	0.44340	1	0.29260	0.48191	1	0.45818	0.53926	12.95298	1.04242	1	0.71767	0.55358	12.98343	1.04242	1	-0.00961	-0.00982	0.68161	0.00371	1	0.05781	-0.01297	0.68345	0.00349	1	1.45898	0.81042	0	
1277612	8616.24902	3306962083160	0.28800	0.44218	8616.16895	0.08008	12092	1	0.31874	0.53585	1	0.26077	0.39027	1	0.28975	0.46306	1	0.45827	0.53948	13.31725	1.05044	1	0.71746	0.55321	12.76785	1.05044	1	-0.00961	-0.00982	0.68161	0.00362	1	0.05781	-0.01297	0.68345	0.00367	1	1.45898	0.81042	0	
1277613	8616.25586	3306962150369	0.28838	0.44369	8616.16895	0.08691	12092	1	0.31754	0.50791	1	0.26923	0.41867	1	0.29338	0.46329	1	0.45831	0.53910	13.17531	1.05845	1	0.71765	0.55354	12.97449	1.05845	1	-0.00961	-0.00982	0.68161	0.00364	1	0.05781	-0.01297	0.68345	0.00349	1	1.45898	0.81042	0	
1277614	8616.26172	3306962215050	0.28860	0.44463	8616.16895	0.09277	12092	1	0.31530	0.50274	1	0.26801	0.41286	1	0.29166	0.45780	1	0.45826	0.53944	13.10271	1.06647	1	0.71759	0.55354	13.26887	1.06647	1	-0.00961	-0.00982	0.68161	0.00374	1	0.05748	-0.01295	0.67956	0.00348	1	1.45898	0.81042	0	
1277615	8616.26953	3306962286835	0.28900	0.44601	8616.16895	0.10059	12092	1	0.32202	0.52057	1	0.26801	0.41286	1	0.29502	0.46671	1	0.45834	0.53943	13.18216	1.06647	1	0.71765	0.55354	12.97449	1.06647	1	-0.00961	-0.00982	0.68161	0.00361	1	0.05748	-0.01295	0.67956	0.00349	1	1.45898	0.81042	0	
1277616	8616.27539	3306962353196	0.28904	0.44731	8616.16895	0.10645	12092	1	0.31129	0.52347	1	0.26801	0.41286	1	0.28965	0.46816	1	0.45821	0.53939	12.95631	1.06647	1	0.71765	0.55354	12.97449	1.06647	1	-0.00961	-0.00982	0.68161	0.00369	1	0.05748	-0.01295	0.67956	0.00349	1	1.45898	0.81042	0	
1277617	8616.28223	3306962419716	0.28907	0.44847	8616.16895	0.11328	12092	1	0.31129	0.52347	1	0.26801	0.41286	1	0.28965	0.46816	1	0.45822	0.53934	12.83183	1.06647	1	0.71761	0.55346	12.91675	1.06647	1	-0.00950	-0.00976	0.67397	0.00360	1	0.05781	-0.01297	0.68345	0.00353	1	1.45898	0.81042	0	
1277618	8616.28906	3306962487457	0.28901	0.44826	8616.16895	0.12012	12092	1	0.31090	0.50817	1	0.26485	0.38098	1	0.28787	0.44457	1	0.45825	0.53918	12.70904	1.06647	1	0.71754	0.55328	13.21644	1.06647	1	-0.00950	-0.00976	0.67397	0.00370	1	0.05781	-0.01297	0.68345	0.00365	1	1.45898	0.81042	0	
1277619	8616.29590	3306962554162	0.28869	0.44781	8616.16895	0.12695	12092	1	0.32070	0.50482	1	0.24473	0.37355	1	0.28271	0.43919	1	0.45831	0.53929	12.93341	1.06647	1	0.71728	0.55310	13.24691	1.06647	1	-0.00950	-0.00976	0.67397	0.00360	1	0.05781	-0.01297	0.68345	0.00376	1	1.45898	0.81042	0	
1277620	8616.30273	3306962621439	0.28841	0.44740	8616.16895	0.13379	12092	1	0.32070	0.50482	1	0.24473	0.37355	1	0.28271	0.43919	1	0.45809	0.53919	12.67670	1.06647	1	0.71746	0.55358	13.51587	1.06647	1	-0.00966	-0.00998	0.68559	0.00381	1	0.05781	-0.01297	0.68345	0.00354	1	1.45898	0.81042	0	
1277621	8616.30957	3306962688711	0.28821	0.44836	8616.16895	0.14062	12092	1	0.30599	0.54680	1	0.26189	0.39044	1	0.28394	0.46862	1	0.45819	0.53977	12.61847	1.06647	1	0.71751	0.55332	12.96018	1.06647	1	-0.00966	-0.00998	0.68559	0.00368	1	0.05781	-0.01297	0.68345	0.00349	1	1.45898	0.81042	0	
1277622	8616.31641	3306962755916	0.28839	0.44934	8616.16895	0.14746	12092	1	0.32388	0.54858	1	0.26120	0.39310	1	0.29254	0.47084	1	0.45826	0.53991	12.69742	1.06647	1	0.71745	0.55323	12.95452	1.06647	1	-0.00966	-0.00998	0.68559	0.00365	1	0.05781	-0.01297	0.68345	0.00352	1	1.45898	0.81042	0	
1277623	8616.32324	3306962823155	0.28857	0.45024	8616.16895	0.15430	12092	1	0.32388	0.54858	1	0.26120	0.39310	1	0.29254	0.47084	1	0.45838	0.53959	12.45751	1.06647	1	0.71745	0.55337	13.03483	1.06647	1	-0.00967	-0.00988	0.67871	0.00367	1	0.05781	-0.01297	0.68345	0.00349	1	1.45898	0.81042	0	
1277624	8616.32910	3306962886699	0.28849	0.45085	8616.16895	0.16016	12092	1	0.32331	0.53461	1	0.25020	0.39625	1	0.28675	0.46543	1	0.45838	0.53959	12.45751	1.06647	1	0.71731	0.55339	12.95513	1.06647	1	-0.00967	-0.00988	0.67871	0.00368	1	0.05781	-0.01297	0.68345	0.00349	1	1.45898	0.81042	0	
1277625	8616.33594	3306962956178	0.28872	0.45121	8616.16895	0.16699	12092	1	0.33926	0.53345	1	0.24945	0.38698	1	0.29435	0.46021	1	0.45843	0.53960	12.48104	1.06647	1	0.71721	0.55335	13.21217	1.06647	1	-0.00967	-0.00988	0.67871	0.00368	1	0.05781	-0.01297	0.68345	0.00349	1	1.45898	0.81042	0	
1277626	8616.34277	3306963023461	0.28893	0.45154	8616.16895	0.17383	12092	1	0.33926	0.53345	1	0.24945	0.38698	1	0.29435	0.46021	1	0.45827	0.53964	12.60778	1.06647	1	0.71717	0.55328	13.28402	1.06647	1	-0.00968	-0.00983	0.67222	0.00370	1	0.05781	-0.01297	0.68345	0.00354	1	1.45898	0.81042	0	
1277627	8616.34961	3306963090191	0.28890	0.45286	8616.16895	0.18066	12092	1	0.31665	0.56650	1	0.25956	0.41043	1	0.28810	0.48847	1	0.45839	0.53977	12.58296	1.06647	1	0.71746	0.55343	13.12870	1.06647	1	-0.00968	-0.00983	0.67222	0.00366	1	0.05781	-0.01297	0.68345	0.00352	1	1.45898	0.81042	0	
1277628	8616.35645	3306963157443	0.28865	0.45425	8616.16895	0.18750	12092	1	0.31676	0.56630	1	0.24677	0.42014	1	0.28177	0.49322	1	0.45826	0.53984	12.68281	1.06647	1	0.71745	0.55378	12.94552	1.06647	1	-0.00968	-0.00983	0.67222	0.00359	1	0.05781	-0.01297	0.68345	0.00358	1	1.45898	0.81042	0	
1277629	8616.36328	3306963224661	0.28848	0.45572	8616.16895	0.19434	12092	1	0.31902	0.57097	1	0.24813	0.42588	1	0.28358	0.49843	1	0.45875	0.53922	13.08645	1.05845	1	0.71813	0.55365	13.24879	1.05845	1	-0.00929	-0.00954	0.66270	0.00365	1	0.05824	-0.01302	0.68614	0.00357	1	1.45898	0.81042	0	
1277630	8616.36914	3306963290689	0.28861	0.45636	8616.16895	0.20020	12092	1	0.31263	0.54007	1	0.27201	0.41067	1	0.29232	0.47537	1	0.45970	0.53961	12.43504	1.05044	1	0.71914	0.55339	13.59839	1.05044	1	-0.00929	-0.00954	0.66270	0.00371	1	0.05824	-0.01302	0.68614	0.00359	1	1.45898	0.81042	0	
1277631	8616.37598	3306963358386	0.28735	0.45845	8616.16895	0.20703	12092	1	0.28008	0.60498	1	0.21659	0.44148	1	0.24834	0.52323	1	0.45995	0.53928	12.93267	1.04242	1	0.71906	0.55328	14.72180	1.04242	1	-0.00929	-0.00954	0.66270	0.00360	1	0.05824	-0.01302	0.68614	0.00329	1	1.45898	0.81042	0	
1277632	8616.38281	3306963425355	0.28617	0.46041	8616.16895	0.21387	12092	1	0.28008	0.60498	1	0.21659	0.44148	1	0.24834	0.52323	1	0.46383	0.53840	13.15627	1.04242	1	0.72316	0.55237	13.08821	1.04242	1	-0.00883	-0.00975	0.68428	0.00378	1	0.05830	-0.01267	0.67846	0.00381	1	1.45898	0.81042	0	
1277633	8616.38965	3306963492958	0.29083	0.45808	8616.16895	0.22070	12092	1	0.44594	0.43387	1	0.44341	0.32862	1	0.44467	0.38124	1	0.46495	0.53737	12.54851	1.05044	1	0.72429	0.55154	12.83715	1.05044	1	-0.00883	-0.00975	0.68428	0.00351	1	0.05830	-0.01267	0.67846	0.00361	1	1.45898	0.81042	0	
1277634	8616.39648	3306963558476	0.29384	0.45568	8616.16895	0.22754	12092	1	0.39176	0.36897	1	0.40088	0.37910	1	0.39632	0.37403	1	0.46498	0.53676	12.31701	1.05845	1	0.72442	0.55216	12.73089	1.05845	1	-0.00883	-0.00975	0.68428	0.00347	1	0.05830	-0.01267	0.67846	0.00391	1	1.45898	0.81042	0	
1277635	8616.40332	3306963625964	0.29666	0.45324	8616.16895	0.23438	12092	1	0.39005	0.36277	1	0.40063	0.37292	1	0.39534	0.36784	1	0.46790	0.53697	12.62737	1.06647	1	0.72700	0.55298	13.46177	1.06647	1	-0.00820	-0.00964	0.68364	0.00357	1	0.05967	-0.01291	0.68841	0.00380	1	1.45898	0.81042	0	
1277636	8616.41016	3306963693238	0.33512	0.45678	8616.16895	0.23438	12092	0	0.57451	0.41555	1	0.53348	0.45633	1	0.55400	0.43594	1	0.46821	0.53710	13.09142	1.06647	1	0.72707	0.55281	13.58538	1.06647	1	-0.00820	-0.00964	0.68364	0.00375	1	0.05967	-0.01291	0.68841	0.00379	1	1.45898	0.81042	0	
1277637	8616.41699	3306963760735	0.44224	0.42851	8616.16895	0.23438	12092	0	0.57610	0.38099	1	0.52262	0.41949	1	0.54936	0.40024	1	0.46825	0.53712	13.12206	1.06647	1	0.72724	0.55255	13.34907	1.06647	1	-0.00820	-0.00964	0.68364	0.00371	1	0.05967	-0.01291	0.68841	0.00384	1	1.45898	0.81042	0	
1277638	8616.42285	3306963824777	0.47795	0.41909	8616.16895	0.23438	12092	0	0.57610	0.38099	1	0.52262	0.41949	1	0.54936	0.40024	1	0.46846	0.53668	12.01430	1.06647	1	0.72730	0.55273	13.25740	1.06647	1	-0.00810	-0.00947	0.67548	0.00393	1	0.05897	-0.01273	0.67916	0.00389	1	1.45898	0.81042	0	
1277639	8616.42969	3306963894155	0.54944	0.39445	8616.16895	0.23438	12092	0	0.57204	0.32403	1	0.52718	0.44173	1	0.54961	0.38288	1	0.46837	0.53622	11.94973	1.06647	1	0.72729	0.55281	13.35431	1.06647	1	-0.00810	-0.00947	0.67548	0.00402	1	0.05897	-0.01273	0.67916	0.00384	1	1.45898	0.81042	0	
1277640	8616.43652	3306963961610	0.55046	0.39831	8616.16895	0.23438	12092	0	0.57351	0.36226	1	0.52943	0.44208	1	0.55147	0.40217	1	0.46836	0.53638	11.78031	1.06647	1	0.72734	0.55281	13.20105	1.06647	1	-0.00810	-0.00947	0.67548	0.00392	1	0.05897	-0.01273	0.67916	0.00384	1	1.45898	0.81042	0	
1277641	8616.44336	3306964028554	0.55079	0.39960	8616.16895	0.23438	12092	0	0.57351	0.36226	1	0.52943	0.44208	1	0.55147	0.40217	1	0.46851	0.53666	12.13819	1.06647	1	0.72783	0.55296	13.55478	1.06647	1	-0.00810	-0.00947	0.67548	0.00396	1	0.05937	-0.01280	0.68255	0.00385	1	1.45898	0.81042	0	
1277642	8616.45020	3306964095005	0.55228	0.39806	8616.42969	0.02051	12093	1	0.57292	0.41363	1	0.54059	0.37328	1	0.55676	0.39346	1	0.46864	0.53684	12.76446	1.06647	1	0.72791	0.55214	13.22752	1.06647	1	-0.00810	-0.00947	0.67548	0.00385	1	0.05937	-0.01280	0.68255	0.00397	1	1.45898	0.81042	0	
1277643	8616.45605	3306964160149	0.55157	0.39732	8616.42969	0.02637	12093	1	0.56639	0.37968	1	0.53103	0.40904	1	0.54871	0.39436	1	0.46849	0.53635	11.94975	1.06647	1	0.72776	0.55241	13.35369	1.06647	1	-0.00810	-0.00947	0.67548	0.00382	1	0.05937	-0.01280	0.68255	0.00382	1	1.45898	0.81042	0	
1277644	8616.46289	3306964228882	0.55111	0.39570	8616.42969	0.03320	12093	1	0.56576	0.37288	1	0.53183	0.40225	1	0.54879	0.38756	1	0.46860	0.53578	12.21581	1.07556	1	0.72765	0.55250	13.32244	1.07556	1	-0.00853	-0.01003	0.71532	0.00370	1	0.05937	-0.01280	0.68255	0.00384	1	1.45898	0.81042	0	
1277645	8616.46973	3306964294754	0.54951	0.38470	8616.42969	0.04004	12093	1	0.56580	0.22295	1	0.51404	0.41448	1	0.53992	0.31872	1	0.46858	0.53568	12.29361	1.08464	1	0.72791	0.55261	13.34141	1.08464	1	-0.00853	-0.01003	0.71532	0.00368	1	0.05937	-0.01280	0.68255	0.00378	1	1.45898	0.81042	0	
1277646	8616.47656	3306964362957	0.54786	0.38036	8616.42969	0.04688	12093	1	0.55511	0.29902	1	0.51759	0.40094	1	0.53635	0.34998	1	0.46855	0.53581	12.18676	1.09373	1	0.72793	0.55256	13.36605	1.09373	1	-0.00853	-0.01003	0.71532	0.00365	1	0.05937	-0.01280	0.68255	0.00374	1	1.45898	0.81042	0	
1277647	8616.48340	3306964431074	0.54658	0.37621	8616.42969	0.05371	12093	1	0.55441	0.29171	1	0.51826	0.39426	1	0.53633	0.34298	1	0.46869	0.53611	12.69984	1.10281	1	0.72805	0.55279	13.40541	1.10281	1	-0.00828	-0.00981	0.70321	0.00358	1	0.05852	-0.01254	0.67164	0.00385	1	1.45898	0.81042	0	
1277648	8616.49023	3306964496843	0.54817	0.37463	8616.42969	0.06055	12093	1	0.58290	0.29468	1	0.54209	0.42617	1	0.56250	0.36043	1	0.46883	0.53637	12.97664	1.10281	1	0.72826	0.55276	14.05115	1.10281	1	-0.00828	-0.00981	0.70321	0.00337	1	0.05852	-0.01254	0.67164	0.00384	1	1.45898	0.81042	0	
1277649	8616.49707	3306964563809	0.54949	0.37338	8616.42969	0.06738	12093	1	0.56464	0.29372	1	0.56059	0.42818	1	0.56262	0.36095	1	0.46866	0.53610	12.77560	1.10281	1	0.72858	0.55279	13.41441	1.10281	1	-0.00828	-0.00981	0.70321	0.00354	1	0.05852	-0.01254	0.67164	0.00391	1	1.45898	0.81042	0	
1277650	8616.50391	3306964632117	0.55058	0.37235	8616.42969	0.07422	12093	1	0.56464	0.29372	1	0.56059	0.42818	1	0.56262	0.36095	1	0.46904	0.53576	12.04947	1.10281	1	0.72870	0.55294	13.39075	1.10281	1	-0.00828	-0.00981	0.70321	0.00387	1	0.05992	-0.01282	0.68651	0.00387	1	1.45898	0.81042	0	
1277651	8616.51074	3306964699827	0.55164	0.36940	8616.42969	0.08105	12093	1	0.59105	0.29206	1	0.53765	0.37607	1	0.56435	0.33407	1	0.46908	0.53609	11.98763	1.10281	1	0.72856	0.55285	13.55458	1.10281	1	-0.00828	-0.00981	0.70321	0.00377	1	0.05992	-0.01282	0.68651	0.00387	1	1.45898	0.81042	0	
1277652	8616.51660	3306964765862	0.55233	0.36505	8616.42969	0.08691	12093	1	0.57722	0.26025	1	0.54530	0.35659	1	0.56126	0.30842	1	0.46922	0.53578	11.81427	1.10281	1	0.72872	0.55262	13.40314	1.10281	1	-0.00828	-0.00981	0.70321	0.00375	1	0.05992	-0.01282	0.68651	0.00369	1	1.45898	0.81042	0	
1277653	8616.52344	3306964833050	0.55291	0.36176	8616.42969	0.09375	12093	1	0.57776	0.26780	1	0.54442	0.36360	1	0.56109	0.31570	1	0.46909	0.53649	12.28360	1.09373	1	0.72875	0.55226	13.23499	1.09373	1	-0.00798	-0.00951	0.68200	0.00349	1	0.05992	-0.01282	0.68651	0.00379	1	1.45898	0.81042	0	
1277654	8616.53027	3306964899196	0.55275	0.36323	8616.42969	0.10059	12093	1	0.57518	0.31618	1	0.52553	0.45445	1	0.55036	0.38532	1	0.46922	0.53626	12.03076	1.08464	1	0.72848	0.55262	13.89909	1.08464	1	-0.00798	-0.00951	0.68200	0.00352	1	0.05992	-0.01282	0.68651	0.00371	1	1.45898	0.81042	0	
1277655	8616.53711	3306964965297	0.55314	0.36262	8616.42969	0.10742	12093	1	0.57336	0.31063	1	0.54522	0.39516	1	0.55929	0.35290	1	0.46922	0.53629	12.03104	1.07556	1	0.72875	0.55228	13.18304	1.07556	1	-0.00798	-0.00951	0.68200	0.00347	1	0.05992	-0.01282	0.68651	0.00373	1	1.45898	0.81042	0	
1277656	8616.54395	3306965033107	0.55347	0.36248	8616.42969	0.11426	12093	1	0.57394	0.31795	1	0.54432	0.40202	1	0.55913	0.35998	1	0.46912	0.53647	12.18057	1.06647	1	0.72874	0.55226	13.14334	1.06647	1	-0.00798	-0.00951	0.68200	0.00349	1	0.05992	-0.01282	0.68651	0.00378	1	1.45898	0.81042	0	
1277657	8616.55078	3306965099894	0.55350	0.36440	8616.42969	0.12109	12093	1	0.58710	0.37425	1	0.52095	0.42398	1	0.55403	0.39911	1	0.46922	0.53626	12.23191	1.06647	1	0.72881	0.55199	13.22236	1.06647	1	-0.00798	-0.00951	0.68200	0.00352	1	0.05992	-0.01282	0.68651	0.00380	1	1.45898	0.81042	0	
1277658	8616.55762	3306965166805	0.55365	0.36452	8616.42969	0.12793	12093	1	0.58156	0.34351	1	0.53166	0.39007	1	0.55661	0.36679	1	0.46913	0.53639	12.12772	1.06647	1	0.72887	0.55174	13.30981	1.06647	1	-0.00798	-0.00951	0.68200	0.00352	1	0.05992	-0.01282	0.68651	0.00363	1	1.45898	0.81042	0	
1277659	8616.56348	3306965233849	0.55381	0.36447	8616.42969	0.13379	12093	1	0.58156	0.34351	1	0.53243	0.38342	1	0.55699	0.36347	1	0.46915	0.53642	12.39680	1.06647	1	0.72855	0.55248	13.50448	1.07515	1	-0.00798	-0.00951	0.68200	0.00351	1	0.06099	-0.01304	0.69819	0.00391	1	1.45898	0.81042	0	
1277660	8616.57031	3306965300838	0.55403	0.36494	8616.42969	0.14062	12093	1	0.58439	0.36334	1	0.53296	0.38624	1	0.55868	0.37479	1	0.46930	0.53640	12.52095	1.07515	1	0.72892	0.55175	13.23915	1.08383	1	-0.00798	-0.00951	0.68200	0.00354	1	0.06099	-0.01304	0.69819	0.00380	1	1.45898	0.81042	0	
1277661	8616.57715	3306965366034	0.55335	0.36731	8616.42969	0.14746	12093	1	0.56079	0.43091	1	0.51575	0.40778	1	0.53827	0.41935	1	0.46916	0.53662	12.45881	1.08383	1	0.72865	0.55213	13.55934	1.09251	1	-0.00798	-0.00951	0.68200	0.00350	1	0.06099	-0.01304	0.69819	0.00365	1	1.45898	0.81042	0	
1277662	8616.58398	3306965434492	0.55271	0.36908	8616.42969	0.15430	12093	1	0.55949	0.41867	1	0.51641	0.40115	1	0.53795	0.40991	1	0.46925	0.53629	12.30322	1.10160	1	0.72898	0.55184	13.08794	1.10160	1	-0.00816	-0.00979	0.70199	0.00356	1	0.06000	-0.01282	0.68622	0.00374	1	1.45898	0.81042	0	
1277663	8616.59082	3306965502783	0.55254	0.36759	8616.42969	0.16113	12093	1	0.55863	0.28663	1	0.53843	0.37693	1	0.54853	0.33178	1	0.46922	0.53601	12.11027	1.11068	1	0.72899	0.55184	13.00581	1.10200	1	-0.00816	-0.00979	0.70199	0.00371	1	0.06000	-0.01282	0.68622	0.00381	1	1.45898	0.81042	0	
1277664	8616.59766	3306965569012	0.55220	0.36717	8616.42969	0.16797	12093	1	0.55799	0.34438	1	0.52937	0.36894	1	0.54368	0.35666	1	0.46921	0.53623	12.45314	1.11109	1	0.72882	0.55170	12.83967	1.10241	1	-0.00816	-0.00979	0.70199	0.00362	1	0.06000	-0.01282	0.68622	0.00382	1	1.45898	0.81042	0	
1277665	8616.60449	3306965635281	0.55188	0.36677	8616.42969	0.17480	12093	1	0.55796	0.34408	1	0.52941	0.36863	1	0.54368	0.35636	1	0.46922	0.53614	12.12489	1.11149	1	0.72901	0.55159	12.24968	1.10281	1	-0.00816	-0.00979	0.70199	0.00360	1	0.06000	-0.01282	0.68622	0.00393	1	1.45898	0.81042	0	
1277666	8616.61035	3306965702241	0.55175	0.36623	8616.42969	0.18066	12093	1	0.55502	0.36030	1	0.54104	0.34277	1	0.54803	0.35153	1	0.46926	0.53621	12.32736	1.10281	1	0.72898	0.55157	12.20582	1.10281	1	-0.00816	-0.00979	0.70199	0.00357	1	0.06000	-0.01282	0.68622	0.00393	1	1.45898	0.81042	0	
1277667	8616.61719	3306965767274	0.55191	0.36583	8616.42969	0.18750	12093	1	0.55550	0.34684	1	0.55726	0.36278	1	0.55638	0.35481	1	0.46920	0.53608	11.98573	1.10281	1	0.72927	0.55169	12.92064	1.10281	1	-0.00816	-0.00979	0.70199	0.00370	1	0.06000	-0.01282	0.68622	0.00393	1	1.45898	0.81042	0	
1277668	8616.62402	3306965831880	0.55206	0.36546	8616.42969	0.19434	12093	1	0.55550	0.34684	1	0.55726	0.36278	1	0.55638	0.35481	1	0.46934	0.53579	11.86408	1.10281	1	0.72901	0.55184	13.55521	1.10281	1	-0.00816	-0.00979	0.70199	0.00360	1	0.05911	-0.01258	0.67612	0.00383	1	1.45898	0.81042	0	
1277669	8616.63086	3306965899293	0.55203	0.36493	8616.42969	0.20117	12093	1	0.55151	0.31656	1	0.55082	0.38143	1	0.55116	0.34900	1	0.46928	0.53580	11.86211	1.10281	1	0.72915	0.55200	13.68196	1.10281	1	-0.00816	-0.00979	0.70199	0.00360	1	0.05911	-0.01258	0.67612	0.00379	1	1.45898	0.81042	0	
1277670	8616.63770	3306965968726	0.55201	0.36516	8616.42969	0.20801	12093	1	0.55877	0.34735	1	0.54409	0.39703	1	0.55143	0.37219	1	0.46923	0.53588	11.90879	1.10281	1	0.72906	0.55198	13.70796	1.10281	1	-0.00816	-0.00979	0.70199	0.00361	1	0.05911	-0.01258	0.67612	0.00377	1	1.45898	0.81042	0	
1277671	8616.64355	3306966034990	0.55199	0.36558	8616.42969	0.21387	12093	1	0.55944	0.35419	1	0.54321	0.40370	1	0.55132	0.37895	1	0.46924	0.53612	12.50120	1.09373	1	0.72947	0.55161	13.17973	1.09373	1	-0.00779	-0.00926	0.67499	0.00352	1	0.05938	-0.01251	0.67807	0.00404	1	1.45898	0.81042	0	
1277672	8616.65039	3306966103053	0.55214	0.36584	8616.42969	0.22070	12093	1	0.55722	0.34096	1	0.55738	0.40791	1	0.55730	0.37444	1	0.46921	0.53596	12.22383	1.08464	1	0.72933	0.55198	13.44027	1.08464	1	-0.00779	-0.00926	0.67499	0.00360	1	0.05938	-0.01251	0.67807	0.00379	1	1.45898	0.81042	0	
1277673	8616.65723	3306966169390	0.55282	0.36623	8616.42969	0.22754	12093	1	0.58427	0.36831	1	0.56755	0.39080	1	0.57591	0.37956	1	0.46955	0.53607	13.07141	1.07556	1	0.72949	0.55164	13.20049	1.07556	1	-0.00779	-0.00926	0.67499	0.00350	1	0.05938	-0.01251	0.67807	0.00411	1	1.45898	0.81042	0	
1277674	8616.66406	3306966234699	0.55346	0.36679	8616.42969	0.23438	12093	1	0.58477	0.37514	1	0.56646	0.39772	1	0.57562	0.38643	1	0.46946	0.53592	12.64360	1.06647	1	0.72912	0.55144	13.41597	1.06647	1	-0.00779	-0.00926	0.67499	0.00361	1	0.05938	-0.01256	0.67807	0.00403	1	1.45898	0.81042	0	
1277675	8616.67090	3306966302404	0.55325	0.36601	8616.42969	0.24121	12093	1	0.57421	0.34915	1	0.51740	0.32643	1	0.54581	0.33779	1	0.46949	0.53584	12.61109	1.06647	1	0.72938	0.55111	13.04788	1.06647	1	-0.00779	-0.00926	0.67499	0.00362	1	0.05938	-0.01256	0.67807	0.00414	1	1.45898	0.81042	0	
1277676	8616.67773	3306966370499	0.55352	0.36552	8616.42969	0.24805	12093	1	0.56005	0.37898	1	0.56729	0.31584	1	0.56367	0.34741	1	0.46925	0.53602	12.28853	1.06647	1	0.72943	0.55081	12.88693	1.06647	1	-0.00779	-0.00926	0.67499	0.00360	1	0.05938	-0.01256	0.67807	0.00411	1	1.45898	0.81042	0	
1277677	8616.68457	3306966439415	0.55380	0.36478	8616.42969	0.25488	12093	1	0.55936	0.37218	1	0.56942	0.30094	1	0.56439	0.33656	1	0.46955	0.53587	12.43797	1.07556	1	0.72878	0.55137	12.84685	1.08424	1	-0.00816	-0.00969	0.70199	0.00372	1	0.06192	-0.01306	0.70759	0.00405	1	1.45898	0.81042	0	
1277678	8616.69141	3306966507071	0.55375	0.36340	8616.42969	0.26172	12093	1	0.56963	0.34422	1	0.53406	0.27513	1	0.55185	0.30968	1	0.46869	0.53595	12.46171	1.09332	1	0.72884	0.55082	12.88489	1.10200	1	-0.00816	-0.00969	0.70199	0.00368	1	0.06192	-0.01306	0.70759	0.00402	1	1.45898	0.81042	0	
1277679	8616.69824	3306966573610	0.55401	0.36318	8616.42969	0.26855	12093	1	0.57790	0.35345	1	0.55106	0.35525	1	0.56448	0.35435	1	0.46882	0.53617	12.60677	1.11109	1	0.72874	0.55171	13.13945	1.11977	1	-0.00816	-0.00969	0.70199	0.00365	1	0.06192	-0.01306	0.70759	0.00375	1	1.45898	0.81042	0	
1277680	8616.70410	3306966640582	0.55425	0.36280	8616.42969	0.27441	12093	1	0.57686	0.34028	1	0.55120	0.35417	1	0.56403	0.34722	1	0.46770	0.53543	12.12675	1.12885	1	0.72741	0.55130	12.92865	1.12119	1	-0.00837	-0.00968	0.70181	0.00384	1	0.05788	-0.01227	0.66488	0.00373	1	1.45898	0.81042	0	
1277681	8616.71094	3306966707736	0.55283	0.36189	8616.42969	0.28125	12093	1	0.51299	0.32143	1	0.47312	0.32604	1	0.49305	0.32373	1	0.46786	0.53530	11.93510	1.12119	1	0.72706	0.55102	13.15806	1.10485	1	-0.00837	-0.00968	0.70181	0.00393	1	0.05788	-0.01227	0.66488	0.00359	1	1.45898	0.81042	0	
1277682	8616.71777	3306966774035	0.55153	0.36175	8616.42969	0.28809	12093	1	0.51133	0.35616	1	0.47955	0.35556	1	0.49544	0.35586	1	0.46782	0.53555	12.13381	1.10485	1	0.72712	0.55111	12.91818	1.08852	1	-0.00837	-0.00968	0.70181	0.00373	1	0.05788	-0.01227	0.66488	0.00368	1	1.45898	0.81042	0	
1277683	8616.72461	3306966841018	0.55030	0.36199	8616.42969	0.29492	12093	1	0.51416	0.37514	1	0.47883	0.36938	1	0.49650	0.37226	1	0.46783	0.53568	12.12970	1.07943	1	0.72718	0.55106	12.91646	1.07075	1	-0.00824	-0.00938	0.68688	0.00377	1	0.05928	-0.01255	0.68035	0.00365	1	1.45898	0.81042	0	
1277684	8616.73145	3306966908812	0.54918	0.36187	8616.42969	0.30176	12093	1	0.52027	0.32436	1	0.47744	0.38857	1	0.49886	0.35647	1	0.46786	0.53533	11.88869	1.06166	1	0.72722	0.55103	12.90041	1.06932	1	-0.00824	-0.00938	0.68688	0.00396	1	0.05928	-0.01255	0.68035	0.00362	1	1.45898	0.81042	0	
1277685	8616.73828	3306966975796	0.54807	0.36139	8616.42969	0.30859	12093	1	0.51203	0.31250	1	0.48170	0.36630	1	0.49686	0.33940	1	0.46780	0.53527	11.81452	1.06024	1	0.72726	0.55106	12.78664	1.06790	1	-0.00824	-0.00938	0.68688	0.00390	1	0.05928	-0.01255	0.68035	0.00379	1	1.45898	0.81042	0	
1277686	8616.74512	3306967042288	0.52763	0.34283	8616.42969	0.30859	12093	0	0.51115	0.30623	1	0.48202	0.36031	1	0.49659	0.33327	1	0.46788	0.53548	11.81538	1.06790	1	0.72728	0.55127	12.63654	1.07556	1	-0.00853	-0.00976	0.71532	0.00392	1	0.05928	-0.01255	0.68035	0.00376	1	1.45898	0.81042	0	
1277687	8616.75098	3306967109319	0.51019	0.34305	8616.42969	0.30859	12093	0	0.51176	0.32069	1	0.47377	0.36584	1	0.49276	0.34327	1	0.46782	0.53542	11.89410	1.08464	1	0.72718	0.55112	12.76425	1.08464	1	-0.00853	-0.00976	0.71532	0.00397	1	0.05928	-0.01255	0.68035	0.00380	1	1.45898	0.81042	0	
1277688	8616.75781	3306967176308	0.50796	0.33845	8616.42969	0.30859	12093	0	0.52221	0.29699	1	0.48475	0.36154	1	0.50348	0.32927	1	0.46782	0.53541	11.78792	1.09373	1	0.72744	0.55159	12.97040	1.09373	1	-0.00853	-0.00976	0.71532	0.00397	1	0.05928	-0.01255	0.68035	0.00375	1	1.45898	0.81042	0	
1277689	8616.76465	3306967242841	0.50682	0.33353	8616.74512	0.01953	12094	1	0.52127	0.28965	1	0.48554	0.34788	1	0.50340	0.31877	1	0.46783	0.53556	12.06214	1.10281	1	0.72765	0.55151	12.66743	1.11149	1	-0.00844	-0.00971	0.70773	0.00393	1	0.06114	-0.01293	0.70105	0.00376	1	1.45898	0.81042	0	
1277690	8616.77148	3306967310431	0.50641	0.32723	8616.74512	0.02637	12094	1	0.52070	0.28602	1	0.48885	0.31800	1	0.50477	0.30201	1	0.46798	0.53557	11.85442	1.11149	1	0.72744	0.55180	12.88978	1.12017	1	-0.00844	-0.00971	0.70773	0.00392	1	0.06114	-0.01293	0.70105	0.00376	1	1.45898	0.81042	0	
1277691	8616.77832	3306967377621	0.50537	0.31998	8616.74512	0.03320	12094	1	0.51280	0.27893	1	0.48755	0.28850	1	0.50017	0.28371	1	0.46793	0.53541	11.94428	1.12017	1	0.72735	0.55138	12.69787	1.12885	1	-0.00844	-0.00971	0.70773	0.00397	1	0.06114	-0.01293	0.70105	0.00365	1	1.45898	0.81042	0	
1277692	8616.78516	3306967444479	0.50459	0.31379	8616.74512	0.04004	12094	1	0.51186	0.27194	1	0.48794	0.28147	1	0.49990	0.27670	1	0.46779	0.53521	11.65999	1.12885	1	0.72742	0.55049	12.43701	1.13753	1	-0.00844	-0.00971	0.70773	0.00404	1	0.06114	-0.01293	0.70105	0.00408	1	1.45898	0.81042	0	
1277693	8616.79199	3306967511736	0.50507	0.30449	8616.74512	0.04688	12094	1	0.50966	0.27800	1	0.50725	0.20080	1	0.50846	0.23940	1	0.46786	0.53557	11.91280	1.13753	1	0.72755	0.55089	12.29234	1.13753	1	-0.00844	-0.00971	0.70773	0.00386	1	0.06114	-0.01293	0.70105	0.00417	1	1.45898	0.81042	0	
1277694	8616.79785	3306967578131	0.50563	0.29920	8616.74512	0.05273	12094	1	0.50545	0.27357	1	0.51479	0.24007	1	0.51012	0.25682	1	0.46776	0.53559	11.69794	1.13753	1	0.72770	0.55116	12.53022	1.13753	1	-0.00844	-0.00971	0.70773	0.00388	1	0.06114	-0.01293	0.70105	0.00402	1	1.45898	0.81042	0	
1277695	8616.80469	3306967645052	0.50608	0.29496	8616.74512	0.05957	12094	1	0.50545	0.27357	1	0.51479	0.24007	1	0.51012	0.25682	1	0.46790	0.53576	12.03557	1.13753	1	0.72771	0.55154	12.68301	1.13753	1	-0.00844	-0.00971	0.70773	0.00381	1	0.06114	-0.01293	0.70105	0.00387	1	1.45898	0.81042	0	
1277696	8616.81152	3306967711953	0.50626	0.29265	8616.74512	0.06641	12094	1	0.51225	0.27902	1	0.50386	0.26012	1	0.50806	0.26957	1	0.46790	0.53555	11.88927	1.13753	1	0.72756	0.55143	12.15229	1.13753	1	-0.00844	-0.00971	0.70773	0.00390	1	0.06114	-0.01293	0.70105	0.00396	1	1.45898	0.81042	0	
1277697	8616.81836	3306967779025	0.50615	0.28964	8616.74512	0.07324	12094	1	0.50342	0.26197	1	0.50646	0.25116	1	0.50494	0.25657	1	0.46782	0.53551	12.07786	1.13753	1	0.72765	0.55163	12.67387	1.13753	1	-0.00844	-0.00971	0.70773	0.00394	1	0.06114	-0.01293	0.70105	0.00384	1	1.45898	0.81042	0	
1277698	8616.82520	3306967846318	0.50604	0.28738	8616.74512	0.08008	12094	1	0.50342	0.26197	1	0.50593	0.25844	1	0.50468	0.26020	1	0.46783	0.53549	12.03198	1.13753	1	0.72774	0.55154	12.22164	1.12885	1	-0.00844	-0.00971	0.70773	0.00393	1	0.05992	-0.01267	0.68651	0.00396	1	1.45898	0.81042	0	
1277699	8616.83105	3306967910422	0.50638	0.28740	8616.74512	0.08594	12094	1	0.51299	0.29953	1	0.50855	0.27589	1	0.51077	0.28771	1	0.46790	0.53576	12.03557	1.12885	1	0.72773	0.55144	12.35601	1.12017	1	-0.00844	-0.00971	0.70773	0.00381	1	0.05992	-0.01267	0.68651	0.00395	1	1.45898	0.81042	0	
1277700	8616.83789	3306967975652	0.50644	0.28563	8616.74512	0.09277	12094	1	0.52135	0.33637	1	0.49331	0.18533	1	0.50733	0.26085	1	0.46800	0.53612	12.39453	1.12017	1	0.72774	0.55037	12.14163	1.11149	1	-0.00844	-0.00971	0.70773	0.00360	1	0.05992	-0.01267	0.68651	0.00418	1	1.45898	0.81042	0	
1277701	8616.84473	3306968044142	0.50652	0.28501	8616.74512	0.09961	12094	1	0.52316	0.34975	1	0.49240	0.20159	1	0.50778	0.27567	1	0.46866	0.53625	12.20094	1.10241	1	0.72839	0.55147	12.36365	1.09373	1	-0.00798	-0.00946	0.68201	0.00363	1	0.06000	-0.01282	0.68622	0.00356	1	1.45898	0.81042	0	
1277702	8616.85156	3306968111730	0.50561	0.28785	8616.74512	0.10645	12094	1	0.50645	0.29994	1	0.47570	0.36650	1	0.49108	0.33322	1	0.46928	0.53534	11.87712	1.08464	1	0.72875	0.55263	13.25750	1.08464	1	-0.00798	-0.00946	0.68201	0.00389	1	0.06000	-0.01282	0.68622	0.00364	1	1.45898	0.81042	0	
1277703	8616.85840	3306968180922	0.50176	0.28618	8616.74512	0.11328	12094	1	0.44993	0.18947	1	0.42253	0.32606	1	0.43623	0.25777	1	0.46925	0.53428	12.43739	1.07556	1	0.72873	0.55226	13.40114	1.07556	1	-0.00798	-0.00946	0.68201	0.00246	1	0.06000	-0.01282	0.68622	0.00385	1	1.45898	0.81042	0	
1277704	8616.86523	3306968248340	0.49839	0.28546	8616.74512	0.12012	12094	1	0.45268	0.20531	1	0.42271	0.33991	1	0.43770	0.27261	1	0.47279	0.53721	12.09085	1.05845	1	0.73237	0.55286	12.65088	1.05845	1	-0.00710	-0.00933	0.66186	0.00338	1	0.05965	-0.01279	0.67646	0.00372	1	1.45898	0.81042	0	
1277705	8616.87207	3306968315108	0.50415	0.29240	8616.74512	0.12695	12094	1	0.62983	0.41620	1	0.59734	0.43239	1	0.61359	0.42429	1	0.47351	0.53747	12.10359	1.05044	1	0.73246	0.55343	12.99264	1.05044	1	-0.00710	-0.00933	0.66186	0.00364	1	0.05965	-0.01279	0.67646	0.00361	1	1.45898	0.81042	0	
1277706	8616.87891	3306968381995	0.50914	0.29747	8616.74512	0.13379	12094	1	0.63611	0.43295	1	0.58195	0.36448	1	0.60903	0.39871	1	0.47357	0.53763	12.46877	1.04242	1	0.73291	0.55286	12.20152	1.04242	1	-0.00710	-0.00933	0.66186	0.00359	1	0.05965	-0.01279	0.67646	0.00362	1	1.45898	0.81042	0	
1277707	8616.88574	3306968449780	0.51371	0.30175	8616.74512	0.14062	12094	1	0.63600	0.42649	1	0.58319	0.35710	1	0.60960	0.39180	1	0.47483	0.53737	12.90362	1.05151	1	0.73412	0.55410	12.94145	1.05151	1	-0.00726	-0.00996	0.70639	0.00378	1	0.06061	-0.01300	0.68507	0.00357	1	1.45898	0.81042	0	
1277708	8616.89258	3306968516289	0.52160	0.30805	8616.74512	0.14746	12094	1	0.72189	0.44818	1	0.66867	0.44482	1	0.69528	0.44650	1	0.47499	0.53811	12.67122	1.06861	1	0.73420	0.55373	12.73349	1.06861	1	-0.00726	-0.00996	0.70639	0.00361	1	0.06061	-0.01300	0.68507	0.00353	1	1.45898	0.81042	0	
1277709	8616.89844	3306968583094	0.55308	0.33619	8616.74512	0.14746	12094	0	0.74186	0.39974	1	0.68584	0.45008	1	0.71385	0.42491	1	0.47517	0.53755	12.17761	1.08571	1	0.73408	0.55439	12.61022	1.08571	1	-0.00726	-0.00996	0.70639	0.00393	1	0.06061	-0.01300	0.68507	0.00380	1	1.45898	0.81042	0	
1277710	8616.90527	3306968648177	0.63406	0.37771	8616.74512	0.14746	12094	0	0.74245	0.39407	1	0.68764	0.44441	1	0.71504	0.41924	1	0.47438	0.53764	12.31105	1.09373	1	0.73424	0.55490	12.31138	1.09373	1	-0.00719	-0.00966	0.68505	0.00379	1	0.06061	-0.01300	0.68507	0.00384	1	1.45898	0.81042	0	
1277711	8616.91211	3306968717345	0.65264	0.39705	8616.74512	0.14746	12094	0	0.70033	0.39086	1	0.67925	0.48056	1	0.68979	0.43571	1	0.47454	0.53751	12.21602	1.08464	1	0.73405	0.55456	12.90219	1.08464	1	-0.00719	-0.00966	0.68505	0.00348	1	0.06061	-0.01300	0.68507	0.00379	1	1.45898	0.81042	0	
1277712	8616.91895	3306968784166	0.70048	0.43785	8616.74512	0.14746	12094	0	0.69888	0.39554	1	0.69432	0.52164	1	0.69660	0.45859	1	0.47463	0.53709	11.96520	1.07556	1	0.73429	0.55497	12.15398	1.07556	1	-0.00719	-0.00966	0.68505	0.00359	1	0.06061	-0.01300	0.68507	0.00393	1	1.45898	0.81042	0	
1277713	8616.92578	3306968851466	0.69747	0.45256	8616.74512	0.14746	12094	0	0.69853	0.40208	1	0.69039	0.53246	1	0.69446	0.46727	1	0.47448	0.53774	12.30890	1.06647	1	0.73403	0.55401	12.31901	1.05881	1	-0.00719	-0.00976	0.68505	0.00366	1	0.05813	-0.01253	0.65762	0.00380	1	1.45898	0.81042	0	
1277714	8616.93262	3306968918321	0.69911	0.44847	8616.74512	0.14746	12094	0	0.74589	0.41672	1	0.65887	0.46384	1	0.70238	0.44028	1	0.47450	0.53793	12.25599	1.05881	1	0.73382	0.55420	13.14821	1.05115	1	-0.00719	-0.00976	0.68505	0.00359	1	0.05813	-0.01253	0.65762	0.00375	1	1.45898	0.81042	0	
1277715	8616.93848	3306968984501	0.69636	0.44149	8616.91895	0.01953	12095	1	0.71616	0.43221	1	0.66006	0.40894	1	0.68811	0.42057	1	0.47420	0.53815	12.49313	1.05115	1	0.73382	0.55414	12.94914	1.04349	1	-0.00719	-0.00976	0.68505	0.00350	1	0.05813	-0.01253	0.65762	0.00392	1	1.45898	0.81042	0	
1277716	8616.94531	3306969051351	0.69466	0.43785	8616.91895	0.02637	12095	1	0.71574	0.43758	1	0.66006	0.40894	1	0.68790	0.42326	1	0.47433	0.53835	12.30773	1.04349	1	0.73375	0.55468	12.91976	1.04349	1	-0.00710	-0.00968	0.67588	0.00352	1	0.06074	-0.01305	0.68764	0.00379	1	1.45898	0.81042	0	
1277717	8616.95215	3306969118989	0.69494	0.44543	8616.91895	0.03320	12095	1	0.72937	0.45643	1	0.66322	0.51024	1	0.69629	0.48334	1	0.47426	0.53859	12.68281	1.04349	1	0.73346	0.55512	12.88294	1.05115	1	-0.00710	-0.00968	0.67588	0.00361	1	0.06074	-0.01305	0.68764	0.00386	1	1.45898	0.81042	0	
1277718	8616.95898	3306969185716	0.69478	0.44511	8616.91895	0.04004	12095	1	0.72476	0.44844	1	0.66295	0.43802	1	0.69385	0.44323	1	0.47428	0.53857	12.58539	1.05115	1	0.73344	0.55456	12.21195	1.05881	1	-0.00710	-0.00968	0.67588	0.00356	1	0.06074	-0.01305	0.68764	0.00381	1	1.45898	0.81042	0	
1277719	8616.96582	3306969252339	0.69485	0.44374	8616.91895	0.04688	12095	1	0.72581	0.43695	1	0.66484	0.43134	1	0.69532	0.43415	1	0.47427	0.53857	12.56373	1.06790	1	0.73350	0.55471	12.55313	1.06790	1	-0.00739	-0.01001	0.69882	0.00355	1	0.06238	-0.01341	0.70676	0.00376	1	1.45898	0.81042	0	
1277720	8616.97266	3306969319835	0.69482	0.44467	8616.91895	0.05371	12095	1	0.72057	0.45478	1	0.66857	0.44934	1	0.69457	0.45206	1	0.47404	0.53856	12.88800	1.07698	1	0.73350	0.55471	12.56659	1.06932	1	-0.00739	-0.01001	0.69882	0.00361	1	0.06238	-0.01341	0.70676	0.00381	1	1.45898	0.81042	0	
1277721	8616.97949	3306969386939	0.69524	0.44527	8616.91895	0.06055	12095	1	0.73062	0.45256	1	0.66745	0.44888	1	0.69904	0.45072	1	0.47427	0.53859	12.60580	1.07841	1	0.73343	0.55464	12.90412	1.07075	1	-0.00739	-0.01001	0.69882	0.00354	1	0.06238	-0.01341	0.70676	0.00375	1	1.45898	0.81042	0	
1277722	8616.98633	3306969454198	0.69546	0.44650	8616.91895	0.06738	12095	1	0.72958	0.46298	1	0.66576	0.45462	1	0.69767	0.45880	1	0.47429	0.53864	12.05845	1.06273	1	0.73340	0.55415	12.37088	1.06273	1	-0.00715	-0.00955	0.66693	0.00358	1	0.05965	-0.01284	0.67646	0.00390	1	1.45898	0.81042	0	
1277723	8616.99219	3306969520518	0.69490	0.44667	8616.91895	0.07324	12095	1	0.72318	0.45356	1	0.65420	0.44341	1	0.68869	0.44848	1	0.47413	0.53837	12.41615	1.04563	1	0.73334	0.55445	12.56414	1.05329	1	-0.00715	-0.00955	0.66693	0.00353	1	0.05965	-0.01284	0.67646	0.00377	1	1.45898	0.81042	0	
1277724	8616.99902	3306969587972	0.69522	0.44774	8616.91895	0.08008	12095	1	0.73329	0.45667	1	0.66494	0.46446	1	0.69911	0.46057	1	0.47426	0.53824	12.28641	1.03619	1	0.73357	0.55425	12.61104	1.04385	1	-0.00715	-0.00955	0.66693	0.00376	1	0.05965	-0.01284	0.67646	0.00385	1	1.45898	0.81042	0	
1277725	8617.00586	3306969654219	0.69548	0.44873	8616.91895	0.08691	12095	1	0.73318	0.45765	1	0.66463	0.46549	1	0.69891	0.46157	1	0.47396	0.53850	12.65197	1.03476	1	0.73353	0.55408	12.67796	1.04242	1	-0.00733	-0.00978	0.67907	0.00352	1	0.05965	-0.01284	0.67646	0.00381	1	1.45898	0.81042	0	
1277726	8617.01270	3306969721262	0.69335	0.44802	8616.91895	0.09375	12095	1	0.68578	0.42883	1	0.64131	0.44753	1	0.66355	0.43818	1	0.47355	0.53833	12.07859	1.05044	1	0.73311	0.55416	12.30696	1.05044	1	-0.00733	-0.00978	0.67907	0.00350	1	0.05965	-0.01284	0.67646	0.00368	1	1.45898	0.81042	0	
1277727	8617.01953	3306969786944	0.69338	0.44836	8616.91895	0.10059	12095	1	0.71337	0.44169	1	0.67423	0.46519	1	0.69380	0.45344	1	0.47395	0.53844	12.71948	1.05845	1	0.73361	0.55429	12.42949	1.05845	1	-0.00733	-0.00978	0.67907	0.00345	1	0.05965	-0.01284	0.67646	0.00378	1	1.45898	0.81042	0	
1277728	8617.02539	3306969853226	0.69347	0.44833	8616.91895	0.10645	12095	1	0.71379	0.43617	1	0.67599	0.45949	1	0.69489	0.44783	1	0.47415	0.53849	12.72306	1.06647	1	0.73358	0.55474	12.44397	1.06647	1	-0.00733	-0.00978	0.67907	0.00364	1	0.06056	-0.01308	0.68676	0.00401	1	1.45898	0.81042	0	
1277729	8617.03223	3306969919818	0.69353	0.44810	8616.91895	0.11328	12095	1	0.71943	0.40241	1	0.66957	0.48587	1	0.69450	0.44414	1	0.47407	0.53794	11.64864	1.06647	1	0.73350	0.55462	12.58550	1.06647	1	-0.00733	-0.00978	0.67907	0.00406	1	0.06056	-0.01308	0.68676	0.00387	1	1.45898	0.81042	0	
1277730	8617.03906	3306969985580	0.69338	0.44742	8616.91895	0.12012	12095	1	0.72161	0.43608	1	0.65983	0.43421	1	0.69072	0.43515	1	0.47390	0.53839	12.09808	1.06647	1	0.73332	0.55405	12.18656	1.06647	1	-0.00733	-0.00978	0.67907	0.00366	1	0.06056	-0.01308	0.68676	0.00382	1	1.45898	0.81042	0	
1277731	8617.04590	3306970052007	0.69329	0.44664	8616.91895	0.12695	12095	1	0.72161	0.43608	1	0.66160	0.42785	1	0.69161	0.43196	1	0.47434	0.53869	12.25990	1.06647	1	0.73358	0.55477	12.36974	1.07515	1	-0.00706	-0.00950	0.66314	0.00358	1	0.06230	-0.01339	0.70591	0.00384	1	1.45898	0.81042	0	
1277732	8617.05273	3306970121022	0.69366	0.44761	8616.91895	0.13379	12095	1	0.72948	0.43735	1	0.67249	0.49673	1	0.70098	0.46704	1	0.47424	0.53849	11.80398	1.07515	1	0.73350	0.55460	12.50715	1.08383	1	-0.00706	-0.00950	0.66314	0.00363	1	0.06230	-0.01339	0.70591	0.00378	1	1.45898	0.81042	0	
1277733	8617.05957	3306970190025	0.69376	0.44683	8616.91895	0.14062	12095	1	0.72806	0.42811	1	0.66388	0.43247	1	0.69597	0.43029	1	0.47427	0.53843	12.29286	1.08383	1	0.73340	0.55468	12.68746	1.09251	1	-0.00706	-0.00950	0.66314	0.00343	1	0.06230	-0.01339	0.70591	0.00376	1	1.45898	0.81042	0	
1277734	8617.06641	3306970256301	0.69392	0.44570	8616.91895	0.14746	12095	1	0.72918	0.41596	1	0.66572	0.42594	1	0.69745	0.42095	1	0.47420	0.53861	12.56229	1.10160	1	0.73343	0.55438	12.60514	1.10160	1	-0.00741	-0.01009	0.70069	0.00351	1	0.05965	-0.01284	0.67646	0.00374	1	1.45898	0.81042	0	
1277735	8617.07227	3306970322110	0.69370	0.44532	8616.91895	0.15332	12095	1	0.70095	0.39997	1	0.67636	0.47307	1	0.68866	0.43652	1	0.47395	0.53840	12.04091	1.11068	1	0.73354	0.55469	12.45629	1.10200	1	-0.00741	-0.01009	0.70069	0.00342	1	0.05965	-0.01284	0.67646	0.00383	1	1.45898	0.81042	0	
1277736	8617.07910	3306970388087	0.69452	0.44481	8616.91895	0.16016	12095	1	0.74352	0.41267	1	0.68478	0.45254	1	0.71415	0.43261	1	0.47349	0.53822	12.55611	1.11109	1	0.73325	0.55395	12.10133	1.10241	1	-0.00741	-0.01009	0.70069	0.00342	1	0.05965	-0.01284	0.67646	0.00406	1	1.45898	0.81042	0	
1277737	8617.08594	3306970455566	0.69523	0.44457	8616.91895	0.16699	12095	1	0.74288	0.41858	1	0.68288	0.45856	1	0.71288	0.43857	1	0.47173	0.53702	11.43818	1.10241	1	0.73142	0.55331	12.34936	1.09373	1	-0.00745	-0.00951	0.67107	0.00366	1	0.06017	-0.01299	0.68466	0.00382	1	1.45898	0.81042	0	
1277738	8617.09277	3306970521318	0.69250	0.44325	8616.91895	0.17383	12095	1	0.59949	0.36098	1	0.64356	0.45684	1	0.62153	0.40891	1	0.47035	0.53730	12.03537	1.08464	1	0.73109	0.55338	12.85369	1.08464	1	-0.00745	-0.00951	0.67107	0.00349	1	0.06017	-0.01299	0.68466	0.00375	1	1.45898	0.81042	0	
1277739	8617.09961	3306970590678	0.68963	0.44275	8616.91895	0.18066	12095	1	0.64872	0.37824	1	0.57546	0.48030	1	0.61209	0.42927	1	0.47064	0.53700	11.98978	1.07556	1	0.72961	0.55360	14.20556	1.07556	1	-0.00745	-0.00951	0.67107	0.00328	1	0.06017	-0.01299	0.68466	0.00394	1	1.45898	0.81042	0	
1277740	8617.10645	3306970656097	0.68695	0.44229	8616.91895	0.18750	12095	1	0.64872	0.37824	1	0.57546	0.48030	1	0.61209	0.42927	1	0.46845	0.53622	11.96964	1.07556	1	0.72810	0.55217	12.89791	1.07556	1	-0.00837	-0.00979	0.70181	0.00399	1	0.05852	-0.01254	0.67164	0.00385	1	1.45898	0.81042	0	
1277741	8617.11328	3306970723214	0.68257	0.43807	8616.91895	0.19434	12095	1	0.58709	0.34788	1	0.52359	0.28396	1	0.55534	0.31592	1	0.46859	0.53652	12.06094	1.08464	1	0.72757	0.55111	12.20805	1.08464	1	-0.00837	-0.00979	0.70181	0.00356	1	0.05852	-0.01254	0.67164	0.00384	1	1.45898	0.81042	0	
1277742	8617.11914	3306970788888	0.65327	0.41204	8616.91895	0.19434	12095	0	0.54885	0.34528	1	0.52407	0.26104	1	0.53646	0.30316	1	0.46804	0.53649	13.13178	1.09373	1	0.72745	0.55096	12.11334	1.09373	1	-0.00837	-0.00979	0.70181	0.00343	1	0.05852	-0.01254	0.67164	0.00403	1	1.45898	0.81042	0	
1277743	8617.12598	3306970859767	0.59471	0.35925	8616.91895	0.19434	12095	0	0.54885	0.34528	1	0.52347	0.26766	1	0.53616	0.30647	1	0.46757	0.53504	11.85259	1.09373	1	0.72731	0.55074	12.93511	1.08607	1	-0.00820	-0.00954	0.68364	0.00368	1	0.05710	-0.01222	0.65707	0.00409	1	1.45898	0.81042	0	
1277744	8617.13281	3306970924417	0.55821	0.33634	8616.91895	0.19434	12095	0	0.48794	0.29266	1	0.48245	0.28835	1	0.48520	0.29050	1	0.46745	0.53527	11.88718	1.07698	1	0.72727	0.55129	12.88309	1.06932	1	-0.00820	-0.00954	0.68364	0.00368	1	0.05710	-0.01222	0.65707	0.00369	1	1.45898	0.81042	0	
1277745	8617.13965	3306970994579	0.50779	0.31154	8616.91895	0.19434	12095	0	0.51905	0.34783	1	0.48496	0.32746	1	0.50201	0.33764	1	0.46788	0.53570	12.06648	1.06024	1	0.72732	0.55152	13.04742	1.05258	1	-0.00820	-0.00954	0.68364	0.00373	1	0.05710	-0.01222	0.65707	0.00366	1	1.45898	0.81042	0	
1277746	8617.14648	3306971061506	0.50494	0.32910	8616.91895	0.19434	12095	0	0.51988	0.35384	1	0.48429	0.33949	1	0.50209	0.34666	1	0.46775	0.53573	12.18529	1.05258	1	0.72713	0.55073	12.95270	1.03811	1	-0.00837	-0.00979	0.70181	0.00369	1	0.05423	-0.01160	0.62350	0.00404	1	1.45898	0.81042	0	
1277747	8617.15332	3306971128367	0.50235	0.33593	8616.91895	0.19434	12095	0	0.53012	0.33607	1	0.46424	0.36311	1	0.49718	0.34959	1	0.46806	0.53559	12.15244	1.04720	1	0.72703	0.55165	13.24951	1.04039	1	-0.00837	-0.00979	0.70181	0.00380	1	0.05423	-0.01160	0.62350	0.00371	1	1.45898	0.81042	0	
1277748	8617.16016	3306971195928	0.49923	0.33989	8617.13965	0.02051	12096	1	0.51851	0.34425	1	0.46120	0.35925	1	0.48985	0.35175	1	0.46791	0.53556	12.27475	1.04947	1	0.72700	0.55164	13.23880	1.04266	1	-0.00837	-0.00979	0.70181	0.00378	1	0.05423	-0.01160	0.62350	0.00369	1	1.45898	0.81042	0	
1277749	8617.16699	3306971262585	0.49735	0.34134	8617.13965	0.02734	12096	1	0.51825	0.34244	1	0.46142	0.35192	1	0.48984	0.34718	1	0.46782	0.53553	11.95909	1.05175	1	0.72710	0.55172	13.38583	1.05175	1	-0.00853	-0.00993	0.71532	0.00378	1	0.05788	-0.01237	0.66488	0.00367	1	1.45898	0.81042	0	
1277750	8617.17383	3306971331179	0.49823	0.33646	8617.13965	0.03418	12096	1	0.51857	0.31803	1	0.48667	0.30607	1	0.50262	0.31205	1	0.46790	0.53524	11.94069	1.05175	1	0.72737	0.55142	13.19741	1.05856	1	-0.00853	-0.00993	0.71532	0.00394	1	0.05788	-0.01237	0.66488	0.00356	1	1.45898	0.81042	0	
1277751	8617.17969	3306971395931	0.49845	0.33468	8617.13965	0.04004	12096	1	0.51493	0.34158	1	0.48460	0.30642	1	0.49977	0.32400	1	0.46781	0.53549	12.05090	1.05856	1	0.72738	0.55139	13.13500	1.06537	1	-0.00853	-0.00993	0.71532	0.00385	1	0.05788	-0.01237	0.66488	0.00360	1	1.45898	0.81042	0	
1277752	8617.18652	3306971462741	0.49864	0.33318	8617.13965	0.04688	12096	1	0.51519	0.34338	1	0.48484	0.30189	1	0.50002	0.32264	1	0.46781	0.53547	12.03126	1.05628	1	0.72743	0.55071	12.64441	1.07075	1	-0.00798	-0.00941	0.68201	0.00381	1	0.05928	-0.01265	0.68035	0.00388	1	1.45898	0.81042	0	
1277753	8617.19336	3306971529241	0.49728	0.33258	8617.13965	0.05371	12096	1	0.51135	0.31688	1	0.46131	0.33877	1	0.48633	0.32783	1	0.46780	0.53537	11.91994	1.06166	1	0.72738	0.55180	13.33559	1.06932	1	-0.00798	-0.00941	0.68201	0.00381	1	0.05928	-0.01265	0.68035	0.00371	1	1.45898	0.81042	0	
1277754	8617.20020	3306971597546	0.49769	0.33113	8617.13965	0.06055	12096	1	0.53495	0.31720	1	0.46798	0.31902	1	0.50146	0.31811	1	0.46813	0.53528	11.19553	1.06024	1	0.72745	0.55128	12.57889	1.06790	1	-0.00798	-0.00941	0.68201	0.00399	1	0.05928	-0.01265	0.68035	0.00372	1	1.45898	0.81042	0	
1277755	8617.20703	3306971663748	0.49804	0.33006	8617.13965	0.06738	12096	1	0.53508	0.31836	1	0.46793	0.32020	1	0.50151	0.31928	1	0.46834	0.53569	11.61398	1.05881	1	0.72783	0.55143	12.97017	1.06647	1	-0.00798	-0.00936	0.68200	0.00366	1	0.05992	-0.01272	0.68651	0.00371	1	1.45898	0.81042	0	
1277756	8617.21387	3306971731139	0.49564	0.33044	8617.13965	0.07422	12096	1	0.53508	0.31836	0	0.46926	0.33461	1	0.46926	0.33461	1	0.46834	0.53569	11.61398	1.06647	0	0.72783	0.55165	13.32743	1.06647	1	-0.00798	-0.00936	0.68200	0.00366	1	0.05992	-0.01272	0.68651	0.00366	1	1.45898	0.81042	0	
1277757	8617.22070	3306971798602	0.49564	0.33044	8617.13965	0.08105	12096	1	0.53508	0.31836	0	0.46926	0.33461	0	0.46926	0.33461	0	0.46834	0.53569	11.61398	1.06647	0	0.72783	0.55165	13.32743	1.06647	0	-0.00798	-0.00936	0.68200	0.00366	1	0.05992	-0.01272	0.68651	0.00366	1	1.45898	0.81042	0	
1277758	8617.22754	3306971865762	0.49564	0.33044	8617.13965	0.08789	12096	1	0.53508	0.31836	0	0.46926	0.33461	0	0.46926	0.33461	0	0.46834	0.53569	11.61398	1.06647	0	0.72783	0.55165	13.32743	1.06647	0	-0.00798	-0.00936	0.68200	0.00366	1	0.05992	-0.01272	0.68651	0.00366	1	1.45898	0.81042	0	
1277759	8617.23340	3306971932285	0.49564	0.33044	8617.13965	0.09375	12096	1	0.53508	0.31836	0	0.46926	0.33461	0	0.46926	0.33461	0	0.46834	0.53569	11.61398	1.06647	0	0.72783	0.55165	13.32743	1.06647	0	-0.00798	-0.00936	0.68200	0.00366	1	0.05992	-0.01272	0.68651	0.00366	1	1.45898	0.81042	0	
1277760	8617.24023	3306971999463	0.49454	0.33215	8617.13965	0.09375	12096	0	0.53508	0.31836	0	0.46926	0.33461	0	0.46926	0.33461	0	0.46834	0.53569	11.61398	1.06647	0	0.72783	0.55165	13.32743	1.06647	0	-0.00798	-0.00936	0.68200	0.00366	1	0.05992	-0.01272	0.68651	0.00366	1	1.45898	0.81042	0	
1277761	8617.24707	3306972065801	0.49454	0.33215	8617.13965	0.09375	12096	0	0.53508	0.31836	0	0.46926	0.33461	0	0.46926	0.33461	0	0.46834	0.53569	11.61398	1.06647	0	0.72783	0.55165	13.32743	1.06647	0	-0.00798	-0.00936	0.68200	0.00366	1	0.05992	-0.01272	0.68651	0.00366	1	1.45898	0.81042	0	
1277762	8617.25391	3306972132834	0.49454	0.33215	8617.13965	0.09375	12096	0	0.53508	0.31836	0	0.46926	0.33461	0	0.46926	0.33461	0	0.46834	0.53569	11.61398	1.06647	0	0.72783	0.55165	13.32743	1.06647	0	-0.00798	-0.00936	0.68200	0.00366	1	0.05992	-0.01272	0.68651	0.00366	1	1.45898	0.81042	0	
1277763	8617.26074	3306972200380	0.00000	0.00000	8617.13965	0.09375	12096	0	0.53508	0.31836	0	0.46926	0.33461	0	0.46926	0.33461	0	0.46834	0.53569	11.61398	1.06647	0	0.72783	0.55165	13.32743	1.06647	0	-0.00798	-0.00936	0.68200	0.00366	1	0.05992	-0.01272	0.68651	0.00366	1	1.45898	0.81042	0	
1277764	8617.26758	3306972267368	0.00000	0.00000	8617.13965	0.09375	12096	0	0.53508	0.31836	0	0.46926	0.33461	0	0.46926	0.33461	0	0.46834	0.53569	11.61398	1.06647	0	0.72783	0.55165	13.32743	1.06647	0	-0.00798	-0.00936	0.68200	0.00366	1	0.05992	-0.01272	0.68651	0.00366	1	1.45898	0.81042	0	
1277765	8617.27441	3306972334436	0.00000	0.00000	8617.13965	0.09375	12096	0	0.53508	0.31836	0	0.46926	0.33461	0	0.46926	0.33461	0	0.46834	0.53569	11.61398	1.06647	0	0.72783	0.55165	13.32743	1.06647	0	-0.00798	-0.00936	0.68200	0.00366	1	0.05992	-0.01272	0.68651	0.00366	1	1.45898	0.81042	0	
1277766	8617.28027	3306972401161	0.48280	0.34888	8617.13965	0.09375	12096	0	0.51514	0.34111	1	0.45046	0.35664	1	0.48280	0.34888	1	0.46862	0.53522	12.22910	1.06647	1	0.72801	0.55165	12.74318	1.06647	1	-0.00798	-0.00936	0.68200	0.00359	1	0.05992	-0.01272	0.68651	0.00378	1	1.45898	0.81042	0	
1277767	8617.28711	3306972467103	0.48258	0.34529	8617.13965	0.09375	12096	0	0.51413	0.33396	1	0.45059	0.34946	1	0.48236	0.34171	1	0.46875	0.53494	12.05369	1.07556	1	0.72838	0.55159	12.51283	1.07556	1	-0.00816	-0.00958	0.70199	0.00360	1	0.05951	-0.01256	0.68064	0.00368	1	1.45898	0.81042	0	
1277768	8617.29395	3306972531795	0.48644	0.33716	8617.13965	0.09375	12096	0	0.51545	0.30738	1	0.47288	0.33438	1	0.49416	0.32088	1	0.46872	0.53488	12.00358	1.08464	1	0.72828	0.55136	12.59293	1.08464	1	-0.00816	-0.00958	0.70199	0.00362	1	0.05951	-0.01256	0.68064	0.00373	1	1.45898	0.81042	0	
1277769	8617.30078	3306972602063	0.48662	0.33577	8617.28027	0.02051	12097	1	0.51862	0.30380	1	0.45574	0.35942	1	0.48718	0.33161	1	0.46872	0.53493	12.00366	1.09373	1	0.72803	0.55153	13.21148	1.09373	1	-0.00816	-0.00958	0.70199	0.00361	1	0.05951	-0.01256	0.68064	0.00372	1	1.45898	0.81042	0	
1277770	8617.30762	3306972667177	0.48674	0.33494	8617.28027	0.02734	12097	1	0.51862	0.30380	1	0.45574	0.35942	1	0.48718	0.33161	1	0.46870	0.53493	12.02735	1.09373	1	0.72799	0.55160	13.31265	1.09373	1	-0.00784	-0.00927	0.67909	0.00361	1	0.05938	-0.01251	0.67807	0.00371	1	1.45898	0.81042	0	
1277771	8617.31445	3306972735460	0.48664	0.33659	8617.28027	0.03418	12097	1	0.52025	0.34831	1	0.45211	0.34141	1	0.48618	0.34486	1	0.46875	0.53492	12.09474	1.08464	1	0.72800	0.55122	12.26215	1.08464	1	-0.00784	-0.00927	0.67909	0.00366	1	0.05938	-0.01251	0.67807	0.00388	1	1.45898	0.81042	0	
1277772	8617.32031	3306972803000	0.48708	0.33905	8617.28027	0.04004	12097	1	0.52096	0.36793	1	0.45846	0.33962	1	0.48971	0.35378	1	0.46872	0.53486	12.13787	1.07556	1	0.72811	0.55126	12.33465	1.07556	1	-0.00784	-0.00927	0.67909	0.00362	1	0.05938	-0.01251	0.67807	0.00386	1	1.45898	0.81042	0	
1277773	8617.32715	3306972869933	0.48735	0.33988	8617.28027	0.04688	12097	1	0.51985	0.36009	1	0.45868	0.33131	1	0.48927	0.34570	1	0.46870	0.53485	11.99413	1.08594	1	0.72820	0.55130	12.47419	1.08594	1	-0.00847	-0.01002	0.73373	0.00363	1	0.05938	-0.01251	0.67807	0.00383	1	1.45898	0.81042	0	
1277774	8617.33398	3306972936760	0.48871	0.34196	8617.28027	0.05371	12097	1	0.53576	0.34792	1	0.46333	0.36923	1	0.49955	0.35858	1	0.46895	0.53512	11.42221	1.10541	1	0.72819	0.55178	12.41207	1.10541	1	-0.00847	-0.01002	0.73373	0.00365	1	0.05938	-0.01251	0.67807	0.00376	1	1.45898	0.81042	0	
1277775	8617.34082	3306973004120	0.49007	0.33776	8617.28027	0.06055	12097	1	0.53322	0.28711	1	0.47151	0.31289	1	0.50236	0.30000	1	0.46903	0.53491	11.40072	1.12488	1	0.72830	0.55153	12.28442	1.12488	1	-0.00847	-0.01002	0.73373	0.00364	1	0.05938	-0.01251	0.67807	0.00381	1	1.45898	0.81042	0	
1277776	8617.34766	3306973071056	0.49117	0.33367	8617.28027	0.06738	12097	1	0.53239	0.27990	1	0.47180	0.30572	1	0.50209	0.29281	1	0.46895	0.53469	11.36596	1.13396	1	0.72843	0.55145	12.18276	1.13396	1	-0.00804	-0.00956	0.70065	0.00367	1	0.06011	-0.01271	0.68633	0.00380	1	1.45898	0.81042	0	
1277777	8617.35449	3306973137851	0.49085	0.33472	8617.28027	0.07422	12097	1	0.51207	0.33293	1	0.46274	0.35962	1	0.48741	0.34628	1	0.46866	0.53501	12.21920	1.12358	1	0.72814	0.55180	12.49558	1.12358	1	-0.00804	-0.00956	0.70065	0.00359	1	0.06011	-0.01271	0.68633	0.00377	1	1.45898	0.81042	0	
1277778	8617.36133	3306973204453	0.49195	0.33418	8617.28027	0.08105	12097	1	0.53703	0.35193	1	0.47312	0.30334	1	0.50507	0.32764	1	0.46898	0.53509	11.43258	1.11320	1	0.72829	0.55168	12.34597	1.11320	1	-0.00804	-0.00956	0.70065	0.00350	1	0.06011	-0.01271	0.68633	0.00379	1	1.45898	0.81042	0	
1277779	8617.36719	3306973271691	0.49292	0.33479	8617.28027	0.08691	12097	1	0.53879	0.36640	1	0.47246	0.31904	1	0.50562	0.34272	1	0.46899	0.53498	11.19053	1.09373	1	0.72859	0.55190	13.18395	1.09373	1	-0.00784	-0.00927	0.67909	0.00365	1	0.05938	-0.01251	0.67807	0.00372	1	1.45898	0.81042	0	
1277780	8617.37402	3306973338866	0.49408	0.33484	8617.28027	0.09375	12097	1	0.53428	0.38113	1	0.48609	0.28996	1	0.51018	0.33555	1	0.46887	0.53520	11.17015	1.08464	1	0.72857	0.55097	12.23599	1.08464	1	-0.00784	-0.00927	0.67909	0.00349	1	0.05938	-0.01251	0.67807	0.00354	1	1.45898	0.81042	0	
1277781	8617.38086	3306973405839	0.49557	0.33702	8617.28027	0.10059	12097	1	0.55159	0.38454	1	0.48446	0.35488	1	0.51802	0.36971	1	0.46913	0.53554	9.94761	1.07556	1	0.72859	0.55107	11.99060	1.07556	1	-0.00784	-0.00927	0.67909	0.00355	1	0.05938	-0.01251	0.67807	0.00341	1	1.45898	0.81042	0	
1277782	8617.38770	3306973472700	0.49489	0.33849	8617.28027	0.10742	12097	1	0.55159	0.38454	0	0.48405	0.36203	1	0.48405	0.36203	1	0.46913	0.53554	9.94761	1.06647	0	0.72840	0.55417	11.15467	1.06647	1	-0.00784	-0.00927	0.67909	0.00355	1	0.05938	-0.01246	0.67807	0.00325	1	1.45898	0.81042	0	
1277783	8617.39453	3306973540444	0.49183	0.36078	8617.28027	0.11426	12097	1	0.55159	0.38454	0	0.43967	0.73978	1	0.43967	0.73978	1	0.46913	0.53554	9.94761	1.06647	0	0.72840	0.55407	8.44042	1.06647	1	-0.00784	-0.00927	0.67909	0.00355	1	0.05938	-0.01246	0.67807	0.00249	1	1.45898	0.81042	0	
1277784	8617.40137	3306973606414	0.49183	0.36078	8617.28027	0.12109	12097	1	0.55159	0.38454	0	0.43967	0.73978	0	0.43967	0.73978	0	0.46913	0.53554	9.94761	1.06647	0	0.72840	0.55407	8.44042	1.06647	0	-0.00784	-0.00927	0.67909	0.00355	1	0.05938	-0.01246	0.67807	0.00249	1	1.45898	0.81042	0	
1277785	8617.40820	3306973673594	0.49183	0.36078	8617.28027	0.12793	12097	1	0.55159	0.38454	0	0.43967	0.73978	0	0.43967	0.73978	0	0.46913	0.53554	9.94761	1.06647	0	0.72840	0.55407	8.44042	1.06647	0	-0.00784	-0.00927	0.67909	0.00355	1	0.05938	-0.01246	0.67807	0.00249	1	1.45898	0.81042	0	
1277786	8617.41406	3306973740488	0.49183	0.36078	8617.28027	0.13379	12097	1	0.55159	0.38454	0	0.43967	0.73978	0	0.43967	0.73978	0	0.46913	0.53554	9.94761	1.06647	0	0.72840	0.55407	8.44042	1.06647	0	-0.00784	-0.00927	0.67909	0.00355	1	0.05938	-0.01246	0.67807	0.00249	1	1.45898	0.81042	0	
1277787	8617.42090	3306973805508	0.49442	0.37288	8617.28027	0.13379	12097	0	0.55159	0.38454	0	0.43967	0.73978	0	0.43967	0.73978	0	0.46913	0.53554	9.94761	1.06647	0	0.72840	0.55407	8.44042	1.06647	0	-0.00784	-0.00927	0.67909	0.00355	1	0.05938	-0.01246	0.67807	0.00249	1	1.45898	0.81042	0	
1277788	8617.42773	3306973872805	0.49442	0.37288	8617.28027	0.13379	12097	0	0.55159	0.38454	0	0.43967	0.73978	0	0.43967	0.73978	0	0.46913	0.53554	9.94761	1.06647	0	0.72840	0.55407	8.44042	1.06647	0	-0.00784	-0.00927	0.67909	0.00355	1	0.05938	-0.01246	0.67807	0.00249	1	1.45898	0.81042	0	
1277789	8617.43457	3306973940319	0.49442	0.37288	8617.28027	0.13379	12097	0	0.55159	0.38454	0	0.43967	0.73978	0	0.43967	0.73978	0	0.46913	0.53554	9.94761	1.06647	0	0.72840	0.55407	8.44042	1.06647	0	-0.00784	-0.00927	0.67909	0.00355	1	0.05938	-0.01246	0.67807	0.00249	1	1.45898	0.81042	0	
1277790	8617.44141	3306974006426	0.00000	0.00000	8617.28027	0.13379	12097	0	0.55159	0.38454	0	0.43967	0.73978	0	0.43967	0.73978	0	0.46913	0.53554	9.94761	1.06647	0	0.72840	0.55407	8.44042	1.06647	0	-0.00784	-0.00927	0.67909	0.00355	1	0.05938	-0.01246	0.67807	0.00249	1	1.45898	0.81042	0	
1277791	8617.44727	3306974072622	0.00000	0.00000	8617.28027	0.13379	12097	0	0.55159	0.38454	0	0.43967	0.73978	0	0.43967	0.73978	0	0.46913	0.53554	9.94761	1.06647	0	0.72840	0.55407	8.44042	1.06647	0	-0.00784	-0.00927	0.67909	0.00355	1	0.05938	-0.01246	0.67807	0.00249	1	1.45898	0.81042	0	
1277792	8617.45410	3306974139754	0.00000	0.00000	8617.28027	0.13379	12097	0	0.55159	0.38454	0	0.43967	0.73978	0	0.43967	0.73978	0	0.46913	0.53554	9.94761	1.06647	0	0.72840	0.55407	8.44042	1.06647	0	-0.00784	-0.00927	0.67909	0.00355	1	0.05938	-0.01246	0.67807	0.00249	1	1.45898	0.81042	0	
1277793	8617.46094	3306974206184	0.00000	0.00000	8617.28027	0.13379	12097	0	0.55159	0.38454	0	0.43967	0.73978	0	0.43967	0.73978	0	0.46913	0.53554	9.94761	1.06647	0	0.72840	0.55407	8.44042	1.06647	0	-0.00784	-0.00927	0.67909	0.00355	1	0.05938	-0.01246	0.67807	0.00249	1	1.45898	0.81042	0	
1277794	8617.46777	3306974274148	0.00000	0.00000	8617.28027	0.13379	12097	0	0.55159	0.38454	0	0.43967	0.73978	0	0.43967	0.73978	0	0.46913	0.53554	9.94761	1.06647	0	0.72840	0.55407	8.44042	1.06647	0	-0.00784	-0.00927	0.67909	0.00355	1	0.05938	-0.01246	0.67807	0.00249	1	1.45898	0.81042	0	
1277795	8617.47461	3306974339323	0.00000	0.00000	8617.28027	0.13379	12097	0	0.55159	0.38454	0	0.43967	0.73978	0	0.43967	0.73978	0	0.46913	0.53554	9.94761	1.06647	0	0.72840	0.55407	8.44042	1.06647	0	-0.00784	-0.00927	0.67909	0.00355	1	0.05938	-0.01246	0.67807	0.00249	1	1.45898	0.81042	0	
1277796	8617.48145	3306974405717	0.00000	0.00000	8617.28027	0.13379	12097	0	0.55159	0.38454	0	0.43967	0.73978	0	0.43967	0.73978	0	0.46913	0.53554	9.94761	1.06647	0	0.72840	0.55407	8.44042	1.06647	0	-0.00784	-0.00927	0.67909	0.00355	1	0.05938	-0.01246	0.67807	0.00249	1	1.45898	0.81042	0	
1277797	8617.48828	3306974477503	0.00000	0.00000	8617.28027	0.13379	12097	0	0.55159	0.38454	0	0.43967	0.73978	0	0.43967	0.73978	0	0.46913	0.53554	9.94761	1.06647	0	0.72840	0.55407	8.44042	1.06647	0	-0.00784	-0.00927	0.67909	0.00355	1	0.05938	-0.01246	0.67807	0.00249	1	1.45898	0.81042	0	
1277798	8617.49512	3306974544482	0.00000	0.00000	8617.28027	0.13379	12097	0	0.55159	0.38454	0	0.43967	0.73978	0	0.43967	0.73978	0	0.46913	0.53554	9.94761	1.06647	0	0.72840	0.55407	8.44042	1.06647	0	-0.00784	-0.00927	0.67909	0.00355	1	0.05938	-0.01246	0.67807	0.00249	1	1.45898	0.81042	0	
1277799	8617.50195	3306974611525	0.00000	0.00000	8617.28027	0.13379	12097	0	0.55159	0.38454	0	0.43967	0.73978	0	0.43967	0.73978	0	0.46913	0.53554	9.94761	1.06647	0	0.72840	0.55407	8.44042	1.06647	0	-0.00784	-0.00927	0.67909	0.00355	1	0.05938	-0.01246	0.67807	0.00249	1	1.45898	0.81042	0	
1277800	8617.50781	3306974678160	0.00000	0.00000	8617.28027	0.13379	12097	0	0.55159	0.38454	0	0.43967	0.73978	0	0.43967	0.73978	0	0.46913	0.53554	9.94761	1.06647	0	0.72840	0.55407	8.44042	1.06647	0	-0.00784	-0.00927	0.67909	0.00355	1	0.05938	-0.01246	0.67807	0.00249	1	1.45898	0.81042	0	
1277801	8617.51465	3306974745147	0.00000	0.00000	8617.28027	0.13379	12097	0	0.55159	0.38454	0	0.43967	0.73978	0	0.43967	0.73978	0	0.46913	0.53554	9.94761	1.06647	0	0.72840	0.55407	8.44042	1.06647	0	-0.00784	-0.00927	0.67909	0.00355	1	0.05938	-0.01246	0.67807	0.00249	1	1.45898	0.81042	0	
1277802	8617.52148	3306974813075	0.00000	0.00000	8617.28027	0.13379	12097	0	0.55159	0.38454	0	0.43967	0.73978	0	0.43967	0.73978	0	0.46913	0.53554	9.94761	1.06647	0	0.72840	0.55407	8.44042	1.06647	0	-0.00784	-0.00927	0.67909	0.00355	1	0.05938	-0.01246	0.67807	0.00249	1	1.45898	0.81042	0	
1277803	8617.52832	3306974879868	0.00000	0.00000	8617.28027	0.13379	12097	0	0.55159	0.38454	0	0.43967	0.73978	0	0.43967	0.73978	0	0.46913	0.53554	9.94761	1.06647	0	0.72840	0.55407	8.44042	1.06647	0	-0.00784	-0.00927	0.67909	0.00355	1	0.05938	-0.01246	0.67807	0.00249	1	1.45898	0.81042	0	
1277804	8617.53516	3306974946308	0.00000	0.00000	8617.28027	0.13379	12097	0	0.55159	0.38454	0	0.43967	0.73978	0	0.43967	0.73978	0	0.46913	0.53554	9.94761	1.06647	0	0.72840	0.55407	8.44042	1.06647	0	-0.00784	-0.00927	0.67909	0.00355	1	0.05938	-0.01246	0.67807	0.00249	1	1.45898	0.81042	0	
1277805	8617.54199	3306975013089	0.00000	0.00000	8617.28027	0.13379	12097	0	0.55159	0.38454	0	0.43967	0.73978	0	0.43967	0.73978	0	0.46913	0.53554	9.94761	1.06647	0	0.72840	0.55407	8.44042	1.06647	0	-0.00784	-0.00927	0.67909	0.00355	1	0.05938	-0.01246	0.67807	0.00249	1	1.45898	0.81042	0	
1277806	8617.54883	3306975080869	0.00000	0.00000	8617.28027	0.13379	12097	0	0.55159	0.38454	0	0.43967	0.73978	0	0.43967	0.73978	0	0.46913	0.53554	9.94761	1.06647	0	0.72840	0.55407	8.44042	1.06647	0	-0.00784	-0.00927	0.67909	0.00355	1	0.05938	-0.01246	0.67807	0.00249	1	1.45898	0.81042	0	
1277807	8617.55566	3306975147161	0.00000	0.00000	8617.28027	0.13379	12097	0	0.55159	0.38454	0	0.43967	0.73978	0	0.43967	0.73978	0	0.46913	0.53554	9.94761	1.06647	0	0.72840	0.55407	8.44042	1.06647	0	-0.00784	-0.00927	0.67909	0.00355	1	0.05938	-0.01246	0.67807	0.00249	1	1.45898	0.81042	0	
1277808	8617.56152	3306975214182	0.00000	0.00000	8617.28027	0.13379	12097	0	0.55159	0.38454	0	0.43967	0.73978	0	0.43967	0.73978	0	0.46913	0.53554	9.94761	1.06647	0	0.72840	0.55407	8.44042	1.06647	0	-0.00784	-0.00927	0.67909	0.00355	1	0.05938	-0.01246	0.67807	0.00249	1	1.45898	0.81042	0	
1277809	8617.56836	3306975279678	0.00000	0.00000	8617.28027	0.13379	12097	0	0.55159	0.38454	0	0.43967	0.73978	0	0.43967	0.73978	0	0.46913	0.53554	9.94761	1.06647	0	0.72840	0.55407	8.44042	1.06647	0	-0.00784	-0.00927	0.67909	0.00355	1	0.05938	-0.01246	0.67807	0.00249	1	1.45898	0.81042	0	
1277810	8617.57520	3306975348037	0.24911	0.15692	8617.28027	0.13379	12097	0	0.55159	0.38454	0	0.49821	0.31385	1	0.49821	0.31385	1	0.46913	0.53554	9.94761	1.06647	0	0.72909	0.55116	12.07250	1.06647	1	-0.00784	-0.00927	0.67909	0.00355	1	0.05938	-0.01246	0.67807	0.00386	1	1.45898	0.81042	0	
1277811	8617.58203	3306975415722	0.49448	0.35027	8617.28027	0.13379	12097	0	0.55159	0.38454	0	0.49074	0.38670	1	0.49074	0.38670	1	0.46913	0.53554	9.94761	1.06647	0	0.72905	0.55199	12.27350	1.06647	1	-0.00784	-0.00927	0.67909	0.00355	1	0.05938	-0.01246	0.67807	0.00390	1	1.45898	0.81042	0	
1277812	8617.58887	3306975482332	0.49261	0.36849	8617.28027	0.13379	12097	0	0.55159	0.38454	0	0.49074	0.38670	1	0.49074	0.38670	1	0.46913	0.53554	9.94761	1.06647	0	0.72880	0.55219	12.63497	1.06647	1	-0.00784	-0.00927	0.67909	0.00355	1	0.06001	-0.01277	0.68400	0.00384	1	1.45898	0.81042	0	
1277813	8617.59570	3306975552347	0.49569	0.37157	8617.28027	0.13379	12097	0	0.55159	0.38454	0	0.50185	0.37773	1	0.50185	0.37773	1	0.46913	0.53554	9.94761	1.06647	0	0.72877	0.55210	12.51235	1.06647	1	-0.00784	-0.00927	0.67909	0.00355	1	0.06001	-0.01277	0.68400	0.00385	1	1.45898	0.81042	0	
1277814	8617.60254	3306975616080	0.49569	0.37157	8617.58203	0.02051	12098	1	0.55159	0.38454	0	0.50185	0.37773	0	0.50185	0.37773	0	0.46913	0.53554	9.94761	1.06647	0	0.72877	0.55210	12.51235	1.06647	0	-0.00784	-0.00927	0.67909	0.00355	1	0.06001	-0.01277	0.68400	0.00385	1	1.45898	0.81042	0	
1277815	8617.60840	3306975683095	0.49569	0.37157	8617.58203	0.02637	12098	1	0.55159	0.38454	0	0.50185	0.37773	0	0.50185	0.37773	0	0.46913	0.53554	9.94761	1.06647	0	0.72877	0.55210	12.51235	1.06647	0	-0.00784	-0.00927	0.67909	0.00355	1	0.06001	-0.01277	0.68400	0.00385	1	1.45898	0.81042	0	
1277816	8617.61523	3306975749816	0.49569	0.37157	8617.58203	0.03320	12098	1	0.55159	0.38454	0	0.50185	0.37773	0	0.50185	0.37773	0	0.46913	0.53554	9.94761	1.06647	0	0.72877	0.55210	12.51235	1.06647	0	-0.00784	-0.00927	0.67909	0.00355	1	0.06001	-0.01277	0.68400	0.00385	1	1.45898	0.81042	0	
1277817	8617.62207	3306975816880	0.49629	0.38222	8617.58203	0.03320	12098	0	0.55159	0.38454	0	0.50185	0.37773	0	0.50185	0.37773	0	0.46913	0.53554	9.94761	1.06647	0	0.72877	0.55210	12.51235	1.06647	0	-0.00784	-0.00927	0.67909	0.00355	1	0.06001	-0.01277	0.68400	0.00385	1	1.45898	0.81042	0	
1277818	8617.62891	3306975881321	0.49629	0.38222	8617.58203	0.03320	12098	0	0.55159	0.38454	0	0.50185	0.37773	0	0.50185	0.37773	0	0.46913	0.53554	9.94761	1.06647	0	0.72877	0.55210	12.51235	1.06647	0	-0.00784	-0.00927	0.67909	0.00355	1	0.06001	-0.01277	0.68400	0.00385	1	1.45898	0.81042	0	
1277819	8617.63574	3306975951139	0.49629	0.38222	8617.58203	0.03320	12098	0	0.55159	0.38454	0	0.50185	0.37773	0	0.50185	0.37773	0	0.46913	0.53554	9.94761	1.06647	0	0.72877	0.55210	12.51235	1.06647	0	-0.00784	-0.00927	0.67909	0.00355	1	0.06001	-0.01277	0.68400	0.00385	1	1.45898	0.81042	0	
1277820	8617.64258	3306976018046	0.00000	0.00000	8617.58203	0.03320	12098	0	0.55159	0.38454	0	0.50185	0.37773	0	0.50185	0.37773	0	0.46913	0.53554	9.94761	1.06647	0	0.72877	0.55210	12.51235	1.06647	0	-0.00784	-0.00927	0.67909	0.00355	1	0.06001	-0.01277	0.68400	0.00385	1	1.45898	0.81042	0	
1277821	8617.64844	3306976084202	0.00000	0.00000	8617.58203	0.03320	12098	0	0.55159	0.38454	0	0.50185	0.37773	0	0.50185	0.37773	0	0.46913	0.53554	9.94761	1.06647	0	0.72877	0.55210	12.51235	1.06647	0	-0.00784	-0.00927	0.67909	0.00355	1	0.06001	-0.01277	0.68400	0.00385	1	1.45898	0.81042	0	
1277822	8617.65527	3306976151662	0.00000	0.00000	8617.58203	0.03320	12098	0	0.55159	0.38454	0	0.50185	0.37773	0	0.50185	0.37773	0	0.46913	0.53554	9.94761	1.06647	0	0.72877	0.55210	12.51235	1.06647	0	-0.00784	-0.00927	0.67909	0.00355	1	0.06001	-0.01277	0.68400	0.00385	1	1.45898	0.81042	0	
1277823	8617.66211	3306976217665	0.47598	0.43650	8617.58203	0.03320	12098	0	0.55159	0.38454	0	0.47598	0.43650	1	0.47598	0.43650	1	0.46913	0.53554	9.94761	1.06647	0	0.72874	0.55259	13.14317	1.06647	1	-0.00784	-0.00927	0.67909	0.00355	1	0.06001	-0.01277	0.68400	0.00380	1	1.45898	0.81042	0	
1277824	8617.66895	3306976285874	0.47598	0.43650	8617.58203	0.03320	12098	0	0.55159	0.38454	0	0.47598	0.43650	0	0.47598	0.43650	0	0.46913	0.53554	9.94761	1.06647	0	0.72874	0.55259	13.14317	1.06647	0	-0.00784	-0.00927	0.67909	0.00355	1	0.06001	-0.01277	0.68400	0.00380	1	1.45898	0.81042	0	
1277825	8617.67578	3306976352715	0.47598	0.43650	8617.58203	0.03320	12098	0	0.55159	0.38454	0	0.47598	0.43650	0	0.47598	0.43650	0	0.46913	0.53554	9.94761	1.06647	0	0.72874	0.55259	13.14317	1.06647	0	-0.00784	-0.00927	0.67909	0.00355	1	0.06001	-0.01277	0.68400	0.00380	1	1.45898	0.81042	0	
1277826	8617.68262	3306976419963	0.00000	0.00000	8617.58203	0.03320	12098	0	0.55159	0.38454	0	0.47598	0.43650	0	0.47598	0.43650	0	0.46913	0.53554	9.94761	1.06647	0	0.72874	0.55259	13.14317	1.06647	0	-0.00784	-0.00927	0.67909	0.00355	1	0.06001	-0.01277	0.68400	0.00380	1	1.45898	0.81042	0	
1277827	8617.68945	3306976486766	0.00000	0.00000	8617.58203	0.03320	12098	0	0.55159	0.38454	0	0.47598	0.43650	0	0.47598	0.43650	0	0.46913	0.53554	9.94761	1.06647	0	0.72874	0.55259	13.14317	1.06647	0	-0.00784	-0.00927	0.67909	0.00355	1	0.06001	-0.01277	0.68400	0.00380	1	1.45898	0.81042	0	
1277828	8617.69629	3306976553490	0.00000	0.00000	8617.58203	0.03320	12098	0	0.55159	0.38454	0	0.47598	0.43650	0	0.47598	0.43650	0	0.46913	0.53554	9.94761	1.06647	0	0.72874	0.55259	13.14317	1.06647	0	-0.00784	-0.00927	0.67909	0.00355	1	0.06001	-0.01277	0.68400	0.00380	1	1.45898	0.81042	0	
1277829	8617.70215	3306976620943	0.00000	0.00000	8617.58203	0.03320	12098	0	0.55159	0.38454	0	0.47598	0.43650	0	0.47598	0.43650	0	0.46913	0.53554	9.94761	1.06647	0	0.72874	0.55259	13.14317	1.06647	0	-0.00784	-0.00927	0.67909	0.00355	1	0.06001	-0.01277	0.68400	0.00380	1	1.45898	0.81042	0	
1277830	8617.70898	3306976687594	0.00000	0.00000	8617.58203	0.03320	12098	0	0.55159	0.38454	0	0.47598	0.43650	0	0.47598	0.43650	0	0.46913	0.53554	9.94761	1.06647	0	0.72874	0.55259	13.14317	1.06647	0	-0.00784	-0.00927	0.67909	0.00355	1	0.06001	-0.01277	0.68400	0.00380	1	1.45898	0.81042	0	
1277831	8617.71582	3306976754433	0.00000	0.00000	8617.58203	0.03320	12098	0	0.55159	0.38454	0	0.47598	0.43650	0	0.47598	0.43650	0	0.46913	0.53554	9.94761	1.06647	0	0.72874	0.55259	13.14317	1.06647	0	-0.00784	-0.00927	0.67909	0.00355	1	0.06001	-0.01277	0.68400	0.00380	1	1.45898	0.81042	0	
1277832	8617.72266	3306976821764	0.00000	0.00000	8617.58203	0.03320	12098	0	0.55159	0.38454	0	0.47598	0.43650	0	0.47598	0.43650	0	0.46913	0.53554	9.94761	1.06647	0	0.72874	0.55259	13.14317	1.06647	0	-0.00784	-0.00927	0.67909	0.00355	1	0.06001	-0.01277	0.68400	0.00380	1	1.45898	0.81042	0	
1277833	8617.72949	3306976888578	0.25708	0.20694	8617.58203	0.03320	12098	0	0.55233	0.39125	1	0.47598	0.43650	1	0.51415	0.41387	1	0.46896	0.53595	11.50351	1.06647	1	0.72913	0.55215	12.07551	1.06647	1	-0.00779	-0.00937	0.67499	0.00360	1	0.05970	-0.01276	0.68049	0.00431	1	1.45898	0.81042	0	
1277834	8617.73633	3306976955448	0.34138	0.26620	8617.58203	0.03320	12098	0	0.54436	0.39277	1	0.47563	0.37670	1	0.50999	0.38474	1	0.46903	0.53626	11.48731	1.06647	1	0.72921	0.55203	11.97683	1.06647	1	-0.00779	-0.00937	0.67499	0.00355	1	0.05970	-0.01276	0.68049	0.00433	1	1.45898	0.81042	0	
1277835	8617.74316	3306977022649	0.50917	0.39898	8617.58203	0.03320	12098	0	0.53842	0.32141	1	0.46833	0.47527	1	0.50338	0.39834	1	0.46898	0.53542	11.19264	1.06647	1	0.72916	0.55312	12.62419	1.06647	1	-0.00779	-0.00937	0.67499	0.00385	1	0.05970	-0.01276	0.68049	0.00387	1	1.45898	0.81042	0	
1277836	8617.74902	3306977089206	0.50628	0.39866	8617.58203	0.03320	12098	0	0.53842	0.32141	1	0.46833	0.47527	1	0.50338	0.39834	1	0.46920	0.53601	11.87371	1.06647	1	0.72940	0.55267	13.40074	1.06647	1	-0.00780	-0.00932	0.67563	0.00373	1	0.06019	-0.01292	0.68607	0.00399	1	1.45898	0.81042	0	
1277837	8617.75586	3306977156725	0.50919	0.39989	8617.58203	0.03320	12098	0	0.53727	0.33545	1	0.49278	0.46925	1	0.51503	0.40235	1	0.46895	0.53562	11.14892	1.06647	1	0.72949	0.55314	13.27862	1.06647	1	-0.00780	-0.00932	0.67563	0.00378	1	0.06019	-0.01292	0.68607	0.00385	1	1.45898	0.81042	0	
1277838	8617.76270	3306977223584	0.51029	0.40789	8617.74316	0.01953	12099	1	0.53461	0.39674	1	0.49254	0.46706	1	0.51357	0.43190	1	0.46882	0.53609	11.56113	1.06647	1	0.72949	0.55314	13.27862	1.06647	1	-0.00780	-0.00932	0.67563	0.00364	1	0.06019	-0.01292	0.68607	0.00384	1	1.45898	0.81042	0	
1277839	8617.76953	3306977287693	0.51094	0.41270	8617.74316	0.02637	12099	1	0.53461	0.39674	1	0.49254	0.46706	1	0.51357	0.43190	1	0.46884	0.53603	11.40538	1.06647	1	0.72934	0.55307	12.92684	1.06647	1	-0.00779	-0.00937	0.67499	0.00366	1	0.05978	-0.01288	0.68139	0.00385	1	1.45898	0.81042	0	
1277840	8617.77637	3306977357408	0.51291	0.40954	8617.74316	0.03320	12099	1	0.54945	0.38554	1	0.49608	0.40203	1	0.52276	0.39379	1	0.46911	0.53628	11.99666	1.06647	1	0.72955	0.55245	13.04770	1.06647	1	-0.00779	-0.00937	0.67499	0.00352	1	0.05978	-0.01288	0.68139	0.00421	1	1.45898	0.81042	0	
1277841	8617.78320	3306977424236	0.51285	0.41005	8617.74316	0.04004	12099	1	0.54288	0.38376	1	0.48208	0.44246	1	0.51248	0.41311	1	0.46898	0.53612	11.52019	1.06647	1	0.72931	0.55275	13.35508	1.06647	1	-0.00779	-0.00937	0.67499	0.00357	1	0.05978	-0.01288	0.68139	0.00393	1	1.45898	0.81042	0	
1277842	8617.79004	3306977491496	0.51281	0.41044	8617.74316	0.04688	12099	1	0.54288	0.38376	1	0.48208	0.44246	1	0.51248	0.41311	1	0.46916	0.53631	11.94821	1.06647	1	0.72943	0.55290	13.54798	1.06647	1	-0.00783	-0.00946	0.67820	0.00354	1	0.05978	-0.01288	0.68139	0.00393	1	1.45898	0.81042	0	
1277843	8617.79590	3306977558450	0.51335	0.41188	8617.74316	0.05273	12099	1	0.54585	0.39467	1	0.48952	0.45217	1	0.51769	0.42342	1	0.46905	0.53642	12.33028	1.06647	1	0.72939	0.55287	13.50777	1.06647	1	-0.00783	-0.00946	0.67820	0.00349	1	0.05978	-0.01288	0.68139	0.00390	1	1.45898	0.81042	0	
1277844	8617.80273	3306977625203	0.51439	0.41290	8617.74316	0.05957	12099	1	0.55342	0.40693	1	0.49408	0.43720	1	0.52375	0.42207	1	0.46918	0.53631	11.89582	1.06647	1	0.72955	0.55314	13.35169	1.06647	1	-0.00783	-0.00946	0.67820	0.00355	1	0.05978	-0.01288	0.68139	0.00387	1	1.45898	0.81042	0	
1277845	8617.80957	3306977692502	0.51524	0.41373	8617.74316	0.06641	12099	1	0.55342	0.40693	1	0.49408	0.43720	1	0.52375	0.42207	1	0.46917	0.53618	11.87565	1.06647	1	0.72929	0.55313	13.56087	1.06647	1	-0.00783	-0.00946	0.67820	0.00355	1	0.05978	-0.01288	0.68139	0.00383	1	1.45898	0.81042	0	
1277846	8617.81641	3306977759686	0.51567	0.40908	8617.74316	0.07324	12099	1	0.54108	0.34889	1	0.49978	0.36707	1	0.52043	0.35798	1	0.46906	0.53584	11.64095	1.06647	1	0.72956	0.55237	13.05750	1.06647	1	-0.00783	-0.00946	0.67820	0.00357	1	0.05978	-0.01288	0.68139	0.00423	1	1.45898	0.81042	0	
1277847	8617.82227	3306977821815	0.51676	0.40786	8617.74316	0.07910	12099	1	0.57141	0.37410	1	0.48822	0.41219	1	0.52982	0.39314	1	0.46948	0.53621	11.78754	1.06647	1	0.72942	0.55281	13.13688	1.06647	1	-0.00783	-0.00946	0.67820	0.00360	1	0.05978	-0.01288	0.68139	0.00370	1	1.45898	0.81042	0	
1277848	8617.82910	3306977889623	0.51771	0.40658	8617.74316	0.08594	12099	1	0.57141	0.37410	1	0.48864	0.40575	1	0.53003	0.38992	1	0.46932	0.53624	12.32556	1.06647	1	0.72950	0.55266	13.27427	1.07515	1	-0.00779	-0.00937	0.67499	0.00350	1	0.06623	-0.01426	0.75425	0.00380	1	1.45898	0.81042	0	
1277849	8617.83594	3306977957512	0.51736	0.39728	8617.74316	0.09277	12099	1	0.53112	0.15445	1	0.49401	0.37970	1	0.51257	0.26708	1	0.46904	0.53413	12.20320	1.07515	1	0.72947	0.55277	13.31468	1.08383	1	-0.00779	-0.00937	0.67499	0.00242	1	0.06623	-0.01426	0.75425	0.00370	1	1.45898	0.81042	0	
1277850	8617.84277	3306978024884	0.51824	0.39606	8617.74316	0.09961	12099	1	0.54821	0.35699	1	0.51440	0.39867	1	0.53131	0.37783	1	0.46916	0.53612	12.00336	1.08383	1	0.72975	0.55282	13.08892	1.09251	1	-0.00779	-0.00937	0.67499	0.00349	1	0.06623	-0.01426	0.75425	0.00375	1	1.45898	0.81042	0	
1277851	8617.84961	3306978089918	0.51900	0.39461	8617.74316	0.10645	12099	1	0.54749	0.35041	1	0.51502	0.39226	1	0.53125	0.37134	1	0.46935	0.53620	11.92386	1.09251	1	0.72971	0.55279	13.10638	1.10119	1	-0.00783	-0.00953	0.68674	0.00354	1	0.06623	-0.01426	0.75425	0.00369	1	1.45898	0.81042	0	
1277852	8617.85645	3306978157785	0.51958	0.39338	8617.74316	0.11328	12099	1	0.56102	0.33934	1	0.49771	0.40586	1	0.52937	0.37260	1	0.46933	0.53606	11.78327	1.10119	1	0.72956	0.55303	13.36672	1.10119	1	-0.00783	-0.00953	0.68674	0.00347	1	0.06623	-0.01426	0.75425	0.00377	1	1.45898	0.81042	0	
1277853	8617.86328	3306978225894	0.51959	0.38983	8617.74316	0.12012	12099	1	0.52993	0.33143	1	0.50986	0.32035	1	0.51990	0.32589	1	0.46889	0.53596	11.15066	1.10119	1	0.72961	0.55233	13.30594	1.10119	1	-0.00783	-0.00953	0.68674	0.00362	1	0.06623	-0.01426	0.75425	0.00386	1	1.45898	0.81042	0	
1277854	8617.87012	3306978292636	0.51961	0.38664	8617.74316	0.12695	12099	1	0.52993	0.33143	1	0.50986	0.32035	1	0.51990	0.32589	1	0.46901	0.53539	11.13104	1.10119	1	0.72943	0.55272	13.62559	1.10119	1	-0.00783	-0.00953	0.68674	0.00371	1	0.06623	-0.01426	0.75425	0.00357	1	1.45898	0.81042	0	
1277855	8617.87598	3306978358866	0.51905	0.38176	8617.74316	0.13281	12099	1	0.53816	0.23326	1	0.47758	0.33544	1	0.50787	0.28435	1	0.46910	0.53475	11.12045	1.10119	1	0.72956	0.55247	13.39268	1.10119	1	-0.00783	-0.00953	0.68674	0.00403	1	0.06623	-0.01426	0.75425	0.00355	1	1.45898	0.81042	0	
1277856	8617.88281	3306978427175	0.52173	0.35067	8617.74316	0.13281	12099	0	0.52505	0.30667	1	0.48413	0.33313	1	0.50459	0.31990	1	0.46920	0.53586	11.36011	1.10119	1	0.72964	0.55245	13.38245	1.10119	1	-0.00783	-0.00953	0.68674	0.00364	1	0.06623	-0.01426	0.75425	0.00359	1	1.45898	0.81042	0	
1277857	8617.88965	3306978495837	0.51294	0.33340	8617.74316	0.13281	12099	0	0.52414	0.29946	1	0.48415	0.33281	1	0.50415	0.31613	1	0.46941	0.53597	11.82523	1.11028	1	0.72963	0.55166	13.00067	1.10160	1	-0.00790	-0.00958	0.69763	0.00360	1	0.06017	-0.01294	0.68466	0.00395	1	1.45898	0.81042	0	
1277858	8617.89648	3306978563815	0.50791	0.33558	8617.74316	0.13281	12099	0	0.51990	0.38684	1	0.47583	0.29303	1	0.49786	0.33994	1	0.46910	0.53652	11.78015	1.11068	1	0.72950	0.55191	13.26205	1.10200	1	-0.00790	-0.00958	0.69763	0.00364	1	0.06017	-0.01294	0.68466	0.00396	1	1.45898	0.81042	0	SUBJECT_ONSET_LOG
1277859	8617.90332	3306978630406	0.50658	0.32901	8617.88281	0.02051	12100	1	0.53095	0.33988	1	0.47422	0.27872	1	0.50259	0.30930	1	0.46933	0.53609	11.78655	1.11109	1	0.72947	0.55183	13.14409	1.10241	1	-0.00790	-0.00958	0.69763	0.00356	1	0.06017	-0.01294	0.68466	0.00401	1	1.45898	0.81042	0	
1277860	8617.91016	3306978697155	0.50575	0.32564	8617.88281	0.02734	12100	1	0.53091	0.33957	1	0.47397	0.28479	1	0.50244	0.31218	1	0.46953	0.53625	11.99836	1.11149	1	0.72960	0.55227	13.15540	1.09515	1	-0.00797	-0.00961	0.70400	0.00363	1	0.05715	-0.01223	0.64984	0.00362	1	1.45898	0.81042	0	
1277861	8617.91699	3306978764651	0.50257	0.33335	8617.88281	0.03418	12100	1	0.51161	0.38550	1	0.46166	0.35832	1	0.48664	0.37191	1	0.46937	0.53635	12.14015	1.09515	1	0.72937	0.55252	13.36823	1.08749	1	-0.00797	-0.00961	0.70400	0.00369	1	0.05715	-0.01223	0.64984	0.00366	1	1.45898	0.81042	0	
1277862	8617.92383	3306978830879	0.49961	0.33943	8617.88281	0.04102	12100	1	0.49230	0.38248	1	0.47144	0.36935	1	0.48187	0.37591	1	0.46902	0.53622	11.60221	1.08749	1	0.72946	0.55245	12.96360	1.07983	1	-0.00797	-0.00961	0.70400	0.00379	1	0.05715	-0.01223	0.64984	0.00366	1	1.45898	0.81042	0	AUDIO_FILE_ONSET_LOG
1277863	8617.92969	3306978896292	0.49744	0.34471	8617.88281	0.04688	12100	1	0.49329	0.38811	1	0.47118	0.37525	1	0.48223	0.38168	1	0.46955	0.53604	11.49706	1.07983	1	0.72974	0.55220	12.46201	1.07218	1	-0.00797	-0.00961	0.70400	0.00359	1	0.05775	-0.01241	0.65659	0.00372	1	1.45898	0.81042	0	
1277864	8617.93652	3306978963399	0.49723	0.34840	8617.88281	0.05371	12100	1	0.52982	0.37121	1	0.46126	0.38450	1	0.49554	0.37785	1	0.46960	0.53611	10.93756	1.07218	1	0.72938	0.55260	13.25150	1.07218	1	-0.00797	-0.00961	0.70400	0.00371	1	0.05775	-0.01241	0.65659	0.00369	1	1.45898	0.81042	0	
1277865	8617.94336	3306979032211	0.49878	0.34801	8617.88281	0.06055	12100	1	0.53439	0.32407	1	0.49113	0.36499	1	0.51276	0.34453	1	0.46969	0.53559	10.92801	1.07218	1	0.72974	0.55244	12.58494	1.07218	1	-0.00797	-0.00961	0.70400	0.00378	1	0.05775	-0.01241	0.65659	0.00371	1	1.45898	0.81042	0	
1277866	8617.95020	3306979098987	0.50005	0.34769	8617.88281	0.06738	12100	1	0.53439	0.32407	1	0.49113	0.36499	1	0.51276	0.34453	1	0.46988	0.53546	11.01757	1.07218	1	0.72974	0.55241	12.60932	1.07218	1	-0.00797	-0.00961	0.70400	0.00382	1	0.05715	-0.01223	0.64984	0.00366	1	1.45898	0.81042	0	
1277867	8617.95703	3306979167136	0.50085	0.34903	8617.88281	0.07422	12100	1	0.53122	0.37610	1	0.48812	0.35126	1	0.50967	0.36368	1	0.46964	0.53569	10.98442	1.07218	1	0.72976	0.55235	12.55758	1.07218	1	-0.00797	-0.00961	0.70400	0.00358	1	0.05715	-0.01223	0.64984	0.00370	1	1.45898	0.81042	0	
1277868	8617.96387	3306979233099	0.50132	0.34987	8617.88281	0.08105	12100	1	0.52534	0.37378	1	0.48849	0.34614	1	0.50692	0.35996	1	0.46954	0.53551	11.21883	1.07218	1	0.72976	0.55231	12.61573	1.07218	1	-0.00797	-0.00961	0.70400	0.00362	1	0.05715	-0.01223	0.64984	0.00368	1	1.45898	0.81042	0	
1277869	8617.97070	3306979300102	0.50173	0.35037	8617.88281	0.08789	12100	1	0.52534	0.37378	1	0.48887	0.34002	1	0.50710	0.35690	1	0.46954	0.53551	11.21883	1.07218	1	0.72948	0.55257	12.97642	1.07983	1	-0.00797	-0.00961	0.70400	0.00362	1	0.05956	-0.01274	0.67659	0.00370	1	1.45898	0.81042	0	
1277870	8617.97754	3306979367008	0.50220	0.34878	8617.88281	0.09473	12100	1	0.52288	0.36788	1	0.49467	0.28504	1	0.50878	0.32646	1	0.46958	0.53561	10.77909	1.07983	1	0.72984	0.55179	12.17897	1.08749	1	-0.00797	-0.00961	0.70400	0.00356	1	0.05956	-0.01274	0.67659	0.00394	1	1.45898	0.81042	0	
1277871	8617.98438	3306979434832	0.50257	0.34883	8617.88281	0.10156	12100	1	0.52606	0.35735	1	0.49003	0.34196	1	0.50804	0.34966	1	0.46960	0.53568	10.94080	1.08749	1	0.72973	0.55228	12.79535	1.09515	1	-0.00797	-0.00961	0.70400	0.00354	1	0.05956	-0.01274	0.67659	0.00385	1	1.45898	0.81042	0	
1277872	8617.99023	3306979501056	0.50288	0.34853	8617.88281	0.10742	12100	1	0.52528	0.35156	1	0.49041	0.33594	1	0.50784	0.34375	1	0.46944	0.53570	10.91375	1.09515	1	0.72941	0.55215	12.93183	1.10281	1	-0.00797	-0.00961	0.70400	0.00354	1	0.05945	-0.01266	0.67539	0.00389	1	1.45898	0.81042	0	
1277873	8617.99707	3306979568147	0.50404	0.34767	8617.88281	0.11426	12100	1	0.54655	0.34671	1	0.50092	0.31943	1	0.52374	0.33307	1	0.46954	0.53551	11.21883	1.10281	1	0.72989	0.55218	12.18005	1.10281	1	-0.00797	-0.00961	0.70400	0.00361	1	0.05945	-0.01266	0.67539	0.00389	1	1.45898	0.81042	0	
1277874	8618.00391	3306979635041	0.50468	0.34742	8617.88281	0.12109	12100	1	0.54559	0.32452	1	0.48682	0.36135	1	0.51620	0.34293	1	0.46954	0.53546	11.03208	1.10281	1	0.72969	0.55258	12.41096	1.10281	1	-0.00797	-0.00961	0.70400	0.00364	1	0.05945	-0.01266	0.67539	0.00375	1	1.45898	0.81042	0	
1277875	8618.01074	3306979702096	0.50525	0.34720	8617.88281	0.12793	12100	1	0.54559	0.32452	1	0.48682	0.36135	1	0.51620	0.34293	1	0.46941	0.53528	10.45520	1.10281	1	0.72948	0.55269	13.33150	1.10281	1	-0.00797	-0.00961	0.70400	0.00376	1	0.05928	-0.01265	0.67456	0.00375	1	1.45898	0.81042	0	
1277876	8618.01758	3306979769380	0.50553	0.34426	8617.88281	0.13477	12100	1	0.52827	0.26200	1	0.49390	0.30894	1	0.51109	0.28547	1	0.46930	0.53449	10.17853	1.10281	1	0.72982	0.55231	12.48990	1.10281	1	-0.00797	-0.00961	0.70400	0.00363	1	0.05928	-0.01265	0.67456	0.00367	1	1.45898	0.81042	0	
1277877	8618.02441	3306979836321	0.50564	0.34356	8617.88281	0.14160	12100	1	0.53772	0.31484	1	0.47834	0.34301	1	0.50803	0.32893	1	0.46945	0.53509	10.81526	1.10281	1	0.72952	0.55248	12.65961	1.10281	1	-0.00797	-0.00961	0.70400	0.00345	1	0.05928	-0.01265	0.67456	0.00366	1	1.45898	0.81042	0	
1277878	8618.03027	3306979902544	0.50576	0.34323	8617.88281	0.14746	12100	1	0.53854	0.32196	1	0.47799	0.35009	1	0.50827	0.33603	1	0.46927	0.53425	10.32147	1.09373	1	0.72987	0.55251	12.46130	1.09373	1	-0.00783	-0.00937	0.68675	0.00375	1	0.05928	-0.01260	0.67456	0.00366	1	1.45898	0.81042	0	
1277879	8618.03711	3306979969771	0.50629	0.34266	8617.88281	0.15430	12100	1	0.53711	0.29524	1	0.49999	0.36385	1	0.51855	0.32955	1	0.46947	0.53483	10.84792	1.08464	1	0.72985	0.55243	12.65497	1.08464	1	-0.00783	-0.00937	0.68675	0.00358	1	0.05928	-0.01260	0.67456	0.00370	1	1.45898	0.81042	0	
1277880	8618.04395	3306980036914	0.50661	0.34214	8617.88281	0.16113	12100	1	0.53795	0.30265	1	0.49056	0.35670	1	0.51426	0.32968	1	0.46947	0.53483	10.84792	1.07556	1	0.72975	0.55226	12.58498	1.07556	1	-0.00783	-0.00937	0.68675	0.00359	1	0.05928	-0.01260	0.67456	0.00369	1	1.45898	0.81042	0	
1277881	8618.05078	3306980105033	0.50691	0.34195	8617.88281	0.16797	12100	1	0.53879	0.31005	1	0.49010	0.36385	1	0.51445	0.33695	1	0.46952	0.53496	10.85823	1.06647	1	0.72934	0.55227	13.17585	1.06647	1	-0.00783	-0.00937	0.68675	0.00361	1	0.05928	-0.01260	0.67456	0.00376	1	1.45898	0.81042	0	
1277882	8618.05762	3306980170893	0.50678	0.34075	8617.88281	0.17480	12100	1	0.50899	0.26493	1	0.49776	0.35458	1	0.50337	0.30976	1	0.46896	0.53424	10.80730	1.06647	1	0.72984	0.55228	12.35767	1.06647	1	-0.00783	-0.00937	0.68675	0.00369	1	0.05928	-0.01260	0.67456	0.00373	1	1.45898	0.81042	0	
1277883	8618.06445	3306980237548	0.50709	0.34105	8617.88281	0.18164	12100	1	0.54707	0.35398	1	0.48409	0.34431	1	0.51558	0.34915	1	0.46958	0.53532	11.14728	1.06647	1	0.72964	0.55232	12.78776	1.06647	1	-0.00783	-0.00937	0.68675	0.00337	1	0.05928	-0.01260	0.67456	0.00367	1	1.45898	0.81042	0	
1277884	8618.07129	3306980304929	0.50739	0.34133	8617.88281	0.18848	12100	1	0.54707	0.35398	1	0.48409	0.34431	1	0.51558	0.34915	1	0.46902	0.53517	11.28060	1.06647	1	0.72987	0.55247	12.41201	1.06647	1	-0.00783	-0.00937	0.68675	0.00340	1	0.05928	-0.01260	0.67456	0.00367	1	1.45898	0.81042	0	
1277885	8618.07812	3306980371755	0.50760	0.34031	8617.88281	0.19531	12100	1	0.53682	0.28982	1	0.49091	0.33184	1	0.51386	0.31083	1	0.46896	0.53458	11.05399	1.06647	1	0.72981	0.55217	12.03877	1.06647	1	-0.00783	-0.00937	0.68675	0.00365	1	0.05928	-0.01260	0.67456	0.00378	1	1.45898	0.81042	0	
1277886	8618.08398	3306980438799	0.50787	0.34024	8617.88281	0.20117	12100	1	0.54124	0.32525	1	0.49027	0.35077	1	0.51576	0.33801	1	0.46904	0.53505	11.28893	1.06647	1	0.72978	0.55235	12.20212	1.06647	1	-0.00783	-0.00937	0.68675	0.00350	1	0.05928	-0.01260	0.67456	0.00373	1	1.45898	0.81042	0	
1277887	8618.09082	3306980505868	0.50811	0.34017	8617.88281	0.20801	12100	1	0.54124	0.32525	1	0.49027	0.35077	1	0.51576	0.33801	1	0.46903	0.53496	11.21103	1.06647	1	0.72942	0.55243	11.80620	1.06647	1	-0.00783	-0.00937	0.68675	0.00341	1	0.05928	-0.01265	0.67456	0.00375	1	1.45898	0.81042	0	
1277888	8618.09766	3306980572623	0.50805	0.34141	8617.88281	0.21484	12100	1	0.53762	0.34138	1	0.47414	0.42104	1	0.50588	0.38121	1	0.46893	0.53516	11.48782	1.06647	1	0.72952	0.55242	11.75393	1.06647	1	-0.00783	-0.00937	0.68675	0.00351	1	0.05928	-0.01265	0.67456	0.00373	1	1.45898	0.81042	0	
1277889	8618.10449	3306980639954	0.50821	0.34192	8617.88281	0.22168	12100	1	0.54358	0.32581	1	0.48350	0.39125	1	0.51354	0.35853	1	0.46901	0.53501	11.17840	1.06647	1	0.72967	0.55222	11.73833	1.06647	1	-0.00783	-0.00937	0.68675	0.00346	1	0.05928	-0.01265	0.67456	0.00379	1	1.45898	0.81042	0	
1277890	8618.11133	3306980706526	0.50836	0.34239	8617.88281	0.22852	12100	1	0.54358	0.32581	1	0.48350	0.39125	1	0.51354	0.35853	1	0.46909	0.53431	10.80484	1.06647	1	0.72968	0.55232	12.77611	1.06647	1	-0.00783	-0.00937	0.68675	0.00370	1	0.05928	-0.01260	0.67456	0.00369	1	1.45898	0.81042	0	
1277891	8618.11816	3306980772023	0.50863	0.34366	8617.88281	0.23535	12100	1	0.56975	0.41984	1	0.46678	0.35643	1	0.51827	0.38814	1	0.46936	0.53554	11.83668	1.06647	1	0.72944	0.55185	11.99691	1.06647	1	-0.00783	-0.00937	0.68675	0.00345	1	0.05928	-0.01260	0.67456	0.00355	1	1.45898	0.81042	0	
1277892	8618.12500	3306980840644	0.50888	0.34457	8617.88281	0.24219	12100	1	0.53563	0.39407	1	0.49947	0.36050	1	0.51755	0.37729	1	0.46893	0.53534	11.46764	1.06647	1	0.72922	0.55172	12.07902	1.06647	1	-0.00783	-0.00937	0.68675	0.00346	1	0.05928	-0.01260	0.67456	0.00367	1	1.45898	0.81042	0	
1277893	8618.13086	3306980907267	0.50910	0.34525	8617.88281	0.24805	12100	1	0.53476	0.38738	1	0.50001	0.35332	1	0.51738	0.37035	1	0.46851	0.53225	11.28454	1.07556	1	0.72876	0.55097	12.37133	1.07556	1	-0.00802	-0.00938	0.69868	0.00232	1	0.05978	-0.01267	0.68139	0.00375	1	1.45898	0.81042	0	
1277894	8618.13770	3306980974540	0.50886	0.34041	8617.88281	0.25488	12100	1	0.50888	0.10340	1	0.49090	0.20950	1	0.49989	0.15645	1	0.46861	0.53223	11.56323	1.08464	1	0.72893	0.55049	12.16966	1.08464	1	-0.00802	-0.00938	0.69868	0.00237	1	0.05978	-0.01267	0.68139	0.00400	1	1.45898	0.81042	0	
1277895	8618.14453	3306981041643	0.50865	0.33559	8617.88281	0.26172	12100	1	0.50536	0.09685	1	0.49548	0.19854	1	0.50042	0.14770	1	0.46861	0.53211	11.48731	1.09373	1	0.72897	0.55040	12.13447	1.09373	1	-0.00802	-0.00938	0.69868	0.00230	1	0.05978	-0.01267	0.68139	0.00399	1	1.45898	0.81042	0	
1277896	8618.15137	3306981108629	0.50834	0.33205	8617.88281	0.26855	12100	1	0.50536	0.09685	0	0.49597	0.19019	1	0.49597	0.19019	1	0.46861	0.53211	11.48731	1.10281	0	0.72891	0.55084	12.29731	1.10281	1	-0.00802	-0.00938	0.69868	0.00230	1	0.05978	-0.01267	0.68139	0.00380	1	1.45898	0.81042	0	
1277897	8618.15820	3306981175631	0.50920	0.30274	8617.88281	0.26855	12100	0	0.50536	0.09685	0	0.49648	0.22848	1	0.49648	0.22848	1	0.46861	0.53211	11.48731	1.10281	0	0.72904	0.55091	12.19862	1.10281	1	-0.00802	-0.00938	0.69868	0.00230	1	0.05978	-0.01267	0.68139	0.00380	1	1.45898	0.81042	0	
1277898	8618.16504	3306981242222	0.50920	0.30274	8617.88281	0.26855	12100	0	0.50536	0.09685	0	0.49648	0.22848	0	0.49648	0.22848	0	0.46861	0.53211	11.48731	1.10281	0	0.72904	0.55091	12.19862	1.10281	0	-0.00802	-0.00938	0.69868	0.00230	1	0.05978	-0.01267	0.68139	0.00380	1	1.45898	0.81042	0	
1277899	8618.17188	3306981309644	0.50920	0.30274	8617.88281	0.26855	12100	0	0.50536	0.09685	0	0.49648	0.22848	0	0.49648	0.22848	0	0.46861	0.53211	11.48731	1.10281	0	0.72904	0.55091	12.19862	1.10281	0	-0.00802	-0.00938	0.69868	0.00230	1	0.05978	-0.01267	0.68139	0.00380	1	1.45898	0.81042	0	
1277900	8618.17773	3306981376926	0.00000	0.00000	8617.88281	0.26855	12100	0	0.50536	0.09685	0	0.49648	0.22848	0	0.49648	0.22848	0	0.46861	0.53211	11.48731	1.10281	0	0.72904	0.55091	12.19862	1.10281	0	-0.00802	-0.00938	0.69868	0.00230	1	0.05978	-0.01267	0.68139	0.00380	1	1.45898	0.81042	0	
1277901	8618.18457	3306981443331	0.00000	0.00000	8617.88281	0.26855	12100	0	0.50536	0.09685	0	0.49648	0.22848	0	0.49648	0.22848	0	0.46861	0.53211	11.48731	1.10281	0	0.72904	0.55091	12.19862	1.10281	0	-0.00802	-0.00938	0.69868	0.00230	1	0.05978	-0.01267	0.68139	0.00380	1	1.45898	0.81042	0	
1277902	8618.19141	3306981510529	0.00000	0.00000	8617.88281	0.26855	12100	0	0.50536	0.09685	0	0.49648	0.22848	0	0.49648	0.22848	0	0.46861	0.53211	11.48731	1.10281	0	0.72904	0.55091	12.19862	1.10281	0	-0.00802	-0.00938	0.69868	0.00230	1	0.05978	-0.01267	0.68139	0.00380	1	1.45898	0.81042	0	
1277903	8618.19824	3306981577049	0.00000	0.00000	8617.88281	0.26855	12100	0	0.50536	0.09685	0	0.49648	0.22848	0	0.49648	0.22848	0	0.46861	0.53211	11.48731	1.10281	0	0.72904	0.55091	12.19862	1.10281	0	-0.00802	-0.00938	0.69868	0.00230	1	0.05978	-0.01267	0.68139	0.00380	1	1.45898	0.81042	0	
1277904	8618.20508	3306981644483	0.00000	0.00000	8617.88281	0.26855	12100	0	0.50536	0.09685	0	0.49648	0.22848	0	0.49648	0.22848	0	0.46861	0.53211	11.48731	1.10281	0	0.72904	0.55091	12.19862	1.10281	0	-0.00802	-0.00938	0.69868	0.00230	1	0.05978	-0.01267	0.68139	0.00380	1	1.45898	0.81042	0	
1277905	8618.21191	3306981711506	0.00000	0.00000	8617.88281	0.26855	12100	0	0.50536	0.09685	0	0.49648	0.22848	0	0.49648	0.22848	0	0.46861	0.53211	11.48731	1.10281	0	0.72904	0.55091	12.19862	1.10281	0	-0.00802	-0.00938	0.69868	0.00230	1	0.05978	-0.01267	0.68139	0.00380	1	1.45898	0.81042	0	
1277906	8618.21875	3306981778423	0.00000	0.00000	8617.88281	0.26855	12100	0	0.50536	0.09685	0	0.49648	0.22848	0	0.49648	0.22848	0	0.46861	0.53211	11.48731	1.10281	0	0.72904	0.55091	12.19862	1.10281	0	-0.00802	-0.00938	0.69868	0.00230	1	0.05978	-0.01267	0.68139	0.00380	1	1.45898	0.81042	0	
1277907	8618.22461	3306981845394	0.24511	0.10065	8617.88281	0.26855	12100	0	0.53752	0.12398	1	0.44292	0.27861	1	0.49022	0.20130	1	0.46829	0.53255	11.15097	1.10281	1	0.72823	0.55149	12.38336	1.10281	1	-0.00802	-0.00938	0.69868	0.00237	1	0.05978	-0.01267	0.68139	0.00386	1	1.45898	0.81042	0	
1277908	8618.23145	3306981908621	0.32695	0.13570	8617.88281	0.26855	12100	0	0.53834	0.13268	1	0.44291	0.27895	1	0.49063	0.20581	1	0.46819	0.53254	11.26589	1.09373	1	0.72838	0.55140	12.26544	1.10241	1	-0.00798	-0.00931	0.68200	0.00235	1	0.06188	-0.01315	0.70711	0.00364	1	1.45898	0.81042	0	
1277909	8618.23828	3306981976114	0.49136	0.20010	8617.88281	0.26855	12100	0	0.51932	0.13844	1	0.46712	0.24792	1	0.49322	0.19318	1	0.46802	0.53263	11.06988	1.09332	1	0.72855	0.55119	12.18473	1.10200	1	-0.00798	-0.00931	0.68200	0.00233	1	0.06188	-0.01315	0.70711	0.00363	1	1.45898	0.81042	0	
1277910	8618.24512	3306982043738	0.49236	0.19217	8617.88281	0.26855	12100	0	0.51938	0.13128	1	0.46734	0.23720	1	0.49336	0.18424	1	0.46812	0.53264	11.10113	1.09292	1	0.72815	0.55081	12.20573	1.10160	1	-0.00798	-0.00931	0.68200	0.00234	1	0.06188	-0.01315	0.70711	0.00368	1	1.45898	0.81042	0	
1277911	8618.25195	3306982111277	0.49270	0.18965	8617.88281	0.26855	12100	0	0.51943	0.13166	1	0.46733	0.23756	1	0.49338	0.18461	1	0.46811	0.53467	11.23363	1.09251	1	0.72808	0.55110	12.36951	1.10119	1	-0.00798	-0.00931	0.68200	0.00364	1	0.06188	-0.01315	0.70711	0.00373	1	1.45898	0.81042	0	
1277912	8618.25781	3306982175654	0.49684	0.21311	8618.23828	0.01953	12101	1	0.53210	0.31851	1	0.48639	0.24852	1	0.50925	0.28352	1	0.46808	0.53477	11.59124	1.10119	1	0.72810	0.55109	12.37692	1.10119	1	-0.00798	-0.00931	0.68200	0.00351	1	0.06188	-0.01315	0.70711	0.00372	1	1.45898	0.81042	0	
1277913	8618.26465	3306982245124	0.49685	0.20809	8618.23828	0.02637	12101	1	0.51093	0.13342	1	0.48287	0.24259	1	0.49690	0.18801	1	0.46798	0.53271	11.49070	1.10119	1	0.72809	0.55104	12.52659	1.10119	1	-0.00798	-0.00931	0.68200	0.00235	1	0.06188	-0.01315	0.70711	0.00369	1	1.45898	0.81042	0	
1277914	8618.27148	3306982311165	0.49683	0.20538	8618.23828	0.03320	12101	1	0.51093	0.13342	1	0.48250	0.25016	1	0.49672	0.19179	1	0.46789	0.53279	11.70656	1.10119	1	0.72813	0.55126	12.31605	1.09251	1	-0.00798	-0.00931	0.68200	0.00226	1	0.05951	-0.01266	0.68064	0.00371	1	1.45898	0.81042	0	
1277915	8618.27832	3306982379054	0.49789	0.20927	8618.23828	0.04004	12101	1	0.51631	0.15454	1	0.49229	0.31072	1	0.50430	0.23263	1	0.46787	0.53276	11.60047	1.09251	1	0.72831	0.55139	12.27398	1.08383	1	-0.00798	-0.00931	0.68200	0.00227	1	0.05951	-0.01266	0.68064	0.00386	1	1.45898	0.81042	0	
1277916	8618.28516	3306982444763	0.49833	0.21035	8618.23828	0.04688	12101	1	0.51131	0.12053	1	0.49140	0.31536	1	0.50135	0.21794	1	0.46787	0.53276	11.60047	1.08383	1	0.72821	0.55156	12.64411	1.07515	1	-0.00798	-0.00931	0.68200	0.00227	1	0.05951	-0.01266	0.68064	0.00377	1	1.45898	0.81042	0	
1277917	8618.29199	3306982515206	0.49866	0.21116	8618.23828	0.05371	12101	1	0.51127	0.12013	1	0.49142	0.31502	1	0.50134	0.21758	1	0.46849	0.53496	11.49152	1.08424	1	0.72793	0.55123	12.82851	1.07556	1	-0.00828	-0.00960	0.70320	0.00391	1	0.05951	-0.01266	0.68064	0.00370	1	1.45898	0.81042	0	
1277918	8618.29883	3306982582204	0.49820	0.21308	8618.23828	0.06055	12101	1	0.51156	0.17067	1	0.47652	0.29016	1	0.49404	0.23041	1	0.46793	0.53301	11.67449	1.08464	1	0.72799	0.55142	12.95930	1.08464	1	-0.00828	-0.00960	0.70320	0.00237	1	0.05951	-0.01266	0.68064	0.00380	1	1.45898	0.81042	0	
1277919	8618.30566	3306982649073	0.49826	0.20920	8618.23828	0.06738	12101	1	0.51356	0.07208	1	0.48425	0.26857	1	0.49891	0.17033	1	0.46789	0.53294	11.57961	1.09373	1	0.72806	0.55123	12.66749	1.09373	1	-0.00828	-0.00960	0.70320	0.00228	1	0.05951	-0.01266	0.68064	0.00387	1	1.45898	0.81042	0	
1277920	8618.31250	3306982716619	0.49829	0.20525	8618.23828	0.07422	12101	1	0.51257	0.06287	1	0.48465	0.26082	1	0.49861	0.16184	1	0.46826	0.53482	11.14665	1.10281	1	0.72808	0.55132	12.73368	1.10281	1	-0.00828	-0.00960	0.70320	0.00380	1	0.05951	-0.01266	0.68064	0.00376	1	1.45898	0.81042	0	
1277921	8618.31836	3306982783274	0.49825	0.20485	8618.23828	0.08008	12101	1	0.51652	0.12253	1	0.47901	0.27754	1	0.49776	0.20004	1	0.46800	0.53295	11.74241	1.10281	1	0.72800	0.55121	12.68576	1.10281	1	-0.00828	-0.00960	0.70320	0.00231	1	0.05951	-0.01266	0.68064	0.00378	1	1.45898	0.81042	0	
1277922	8618.32520	3306982850950	0.49915	0.20905	8618.23828	0.08691	12101	1	0.54351	0.24847	1	0.47815	0.27881	1	0.51083	0.26364	1	0.46825	0.53498	10.99261	1.10281	1	0.72796	0.55148	13.01534	1.10281	1	-0.00828	-0.00960	0.70320	0.00381	1	0.05951	-0.01266	0.68064	0.00379	1	1.45898	0.81042	0	
1277923	8618.33203	3306982916595	0.49993	0.21269	8618.23828	0.09375	12101	1	0.54351	0.24847	1	0.47815	0.27881	1	0.51083	0.26364	1	0.46783	0.53306	11.41395	1.10281	1	0.72810	0.55150	12.77719	1.10281	1	-0.00828	-0.00960	0.70320	0.00235	1	0.05951	-0.01266	0.68064	0.00377	1	1.45898	0.81042	0	
1277924	8618.33887	3306982984938	0.50013	0.21116	8618.23828	0.10059	12101	1	0.51421	0.07808	1	0.49202	0.29828	1	0.50312	0.18818	1	0.46793	0.53299	11.53703	1.10281	1	0.72816	0.55157	13.25945	1.10281	1	-0.00828	-0.00960	0.70320	0.00235	1	0.05951	-0.01266	0.68064	0.00375	1	1.45898	0.81042	0	
1277925	8618.34570	3306983049677	0.50010	0.21058	8618.23828	0.10742	12101	1	0.51364	0.08551	1	0.48567	0.31729	1	0.49966	0.20140	1	0.46788	0.53296	11.54376	1.10281	1	0.72813	0.55155	12.91129	1.10281	1	-0.00828	-0.00960	0.70320	0.00235	1	0.05951	-0.01266	0.68064	0.00375	1	1.45898	0.81042	0	
1277926	8618.35254	3306983118440	0.50009	0.21052	8618.23828	0.11426	12101	1	0.51463	0.09454	1	0.48526	0.32458	1	0.49994	0.20956	1	0.46790	0.53299	11.65428	1.09373	1	0.72838	0.55115	12.65765	1.09373	1	-0.00798	-0.00931	0.68200	0.00234	1	0.05951	-0.01266	0.68064	0.00399	1	1.45898	0.81042	0	
1277927	8618.35938	3306983185044	0.49459	0.20146	8618.23828	0.12109	12101	1	0.51463	0.09454	0	0.39564	0.03829	1	0.39564	0.03829	1	0.46790	0.53299	11.65428	1.08464	0	0.46788	0.53307	11.64714	1.08464	1	-0.00798	-0.00931	0.68200	0.00234	1	0.05951	-0.01266	0.68064	0.00235	1	1.45898	0.81042	0	
1277928	8618.36523	3306983251960	0.48972	0.19430	8618.23828	0.12695	12101	1	0.51463	0.09454	0	0.39702	0.05830	1	0.39702	0.05830	1	0.46790	0.53299	11.65428	1.07556	0	0.46793	0.53310	11.51209	1.07556	1	-0.00798	-0.00931	0.68200	0.00234	1	0.05951	-0.01266	0.68064	0.00234	1	1.45898	0.81042	0	
1277929	8618.37207	3306983318989	0.48532	0.18828	8618.23828	0.13379	12101	1	0.51463	0.09454	0	0.39732	0.06788	1	0.39732	0.06788	1	0.46790	0.53299	11.65428	1.06647	0	0.46848	0.53542	11.42760	1.06647	1	-0.00798	-0.00931	0.68200	0.00234	1	-0.00798	-0.00936	0.68200	0.00368	1	1.45898	0.81042	0	
1277930	8618.37891	3306983386500	0.48236	0.19377	8618.23828	0.14062	12101	1	0.51463	0.09454	0	0.42034	0.30911	1	0.42034	0.30911	1	0.46790	0.53299	11.65428	1.06647	0	0.46846	0.53576	11.77890	1.06647	1	-0.00798	-0.00931	0.68200	0.00234	1	-0.00798	-0.00936	0.68200	0.00364	1	1.45898	0.81042	0	
1277931	8618.38574	3306983453120	0.47917	0.19872	8618.23828	0.14746	12101	1	0.51463	0.09454	0	0.40886	0.30764	1	0.40886	0.30764	1	0.46790	0.53299	11.65428	1.06647	0	0.46826	0.53571	11.44114	1.06647	1	-0.00798	-0.00931	0.68200	0.00234	1	-0.00798	-0.00936	0.68200	0.00364	1	1.45898	0.81042	0	
1277932	8618.39258	3306983519983	0.47623	0.20296	8618.23828	0.15430	12101	1	0.51463	0.09454	0	0.40866	0.30041	1	0.40866	0.30041	1	0.46790	0.53299	11.65428	1.06647	0	0.46799	0.53312	11.36603	1.07515	1	-0.00798	-0.00931	0.68200	0.00234	1	-0.00828	-0.00960	0.70320	0.00237	1	1.45898	0.81042	0	
1277933	8618.39941	3306983587040	0.44687	0.18808	8618.23828	0.15430	12101	0	0.51463	0.09454	0	0.41020	0.04893	1	0.41020	0.04893	1	0.46790	0.53299	11.65428	1.07515	0	0.46814	0.53308	11.96914	1.08383	1	-0.00798	-0.00931	0.68200	0.00234	1	-0.00828	-0.00960	0.70320	0.00242	1	1.45898	0.81042	0	
1277934	8618.40625	3306983654024	0.41679	0.10341	8618.23828	0.15430	12101	0	0.51463	0.09454	0	0.38672	0.01875	1	0.38672	0.01875	1	0.46790	0.53299	11.65428	1.08383	0	0.46788	0.53295	12.14202	1.09251	1	-0.00798	-0.00931	0.68200	0.00234	1	-0.00828	-0.00960	0.70320	0.00232	1	1.45898	0.81042	0	
1277935	8618.41211	3306983721033	0.40677	0.07519	8618.23828	0.15430	12101	0	0.51463	0.09454	0	0.38672	0.01875	1	0.38672	0.01875	1	0.46790	0.53299	11.65428	1.09251	0	0.46817	0.53315	11.74599	1.09251	1	-0.00798	-0.00931	0.68200	0.00234	1	-0.00798	-0.00931	0.68200	0.00245	1	1.45898	0.81042	0	
1277936	8618.41895	3306983787940	0.39491	0.03006	8618.23828	0.15430	12101	0	0.51463	0.09454	0	0.41130	0.05269	1	0.41130	0.05269	1	0.46790	0.53299	11.65428	1.09251	0	0.46813	0.53324	11.91028	1.08383	1	-0.00798	-0.00931	0.68200	0.00234	1	-0.00798	-0.00931	0.68200	0.00244	1	1.45898	0.81042	0	
1277937	8618.42578	3306983854447	0.45806	0.12500	8618.23828	0.15430	12101	0	0.53689	0.11865	1	0.50552	0.32121	1	0.52120	0.21993	1	0.46817	0.53315	11.74599	1.08383	1	0.72851	0.55197	12.26343	1.07515	1	-0.00798	-0.00931	0.68200	0.00245	1	-0.00798	-0.00931	0.68200	0.00380	1	1.45898	0.81042	0	
1277938	8618.43262	3306983921507	0.47915	0.15924	8618.23828	0.15430	12101	0	0.53769	0.12714	1	0.50496	0.32834	1	0.52133	0.22774	1	0.46811	0.53311	11.68116	1.07515	1	0.72841	0.55117	12.09700	1.06647	1	-0.00798	-0.00931	0.68200	0.00242	1	0.05951	-0.01266	0.68064	0.00413	1	1.45898	0.81042	0	
1277939	8618.43945	3306983988353	0.52071	0.21915	8618.23828	0.15430	12101	0	0.53307	0.13130	1	0.50610	0.28826	1	0.51958	0.20978	1	0.46817	0.53315	11.74599	1.06647	1	0.72844	0.55150	12.25422	1.06647	1	-0.00798	-0.00931	0.68200	0.00245	1	0.05951	-0.01266	0.68064	0.00401	1	1.45898	0.81042	0	
1277940	8618.44531	3306984053138	0.51736	0.21982	8618.23828	0.15430	12101	0	0.53216	0.12792	1	0.49587	0.31306	1	0.51402	0.22049	1	0.46809	0.53315	11.59173	1.06647	1	0.72829	0.55165	12.27956	1.06647	1	-0.00798	-0.00931	0.68200	0.00244	1	0.05951	-0.01266	0.68064	0.00385	1	1.45898	0.81042	0	
1277941	8618.45215	3306984118492	0.51625	0.22004	8618.23828	0.15430	12101	0	0.53216	0.12792	1	0.49587	0.31306	1	0.51402	0.22049	1	0.46826	0.53552	11.53626	1.06647	1	0.72814	0.55083	12.25340	1.06647	1	-0.00798	-0.00936	0.68200	0.00363	1	0.06000	-0.01282	0.68622	0.00424	1	1.45898	0.81042	0	
1277942	8618.45898	3306984186809	0.50709	0.23930	8618.43945	0.01953	12102	1	0.49301	0.26958	1	0.46623	0.32459	1	0.47962	0.29709	1	0.46822	0.53502	11.09359	1.06647	1	0.72824	0.55176	12.68836	1.06647	1	-0.00798	-0.00936	0.68200	0.00367	1	0.06000	-0.01282	0.68622	0.00392	1	1.45898	0.81042	0	
1277943	8618.46582	3306984253991	0.50304	0.23202	8618.43945	0.02637	12102	1	0.48136	0.13588	1	0.49235	0.26990	1	0.48686	0.20289	1	0.46817	0.53315	11.74599	1.06647	1	0.72856	0.55152	12.26045	1.06647	1	-0.00798	-0.00936	0.68200	0.00245	1	0.06000	-0.01282	0.68622	0.00411	1	1.45898	0.81042	0	
1277944	8618.47266	3306984320504	0.50038	0.22653	8618.43945	0.03320	12102	1	0.48136	0.13588	1	0.49281	0.26230	1	0.48708	0.19909	1	0.46823	0.53322	11.63956	1.06647	1	0.72816	0.55177	12.72302	1.07515	1	-0.00798	-0.00936	0.68200	0.00240	1	0.06273	-0.01339	0.71688	0.00397	1	1.45898	0.81042	0	
1277945	8618.47949	3306984385966	0.49803	0.24100	8618.43945	0.04004	12102	1	0.52308	0.33405	1	0.44478	0.32150	1	0.48393	0.32777	1	0.46873	0.53563	12.29860	1.07515	1	0.72790	0.55215	12.97341	1.08383	1	-0.00798	-0.00936	0.68200	0.00372	1	0.06273	-0.01339	0.71688	0.00398	1	1.45898	0.81042	0	
1277946	8618.48633	3306984455799	0.49604	0.23432	8618.43945	0.04688	12102	1	0.49535	0.11856	1	0.46880	0.25667	1	0.48207	0.18762	1	0.46840	0.53320	11.65150	1.08383	1	0.72827	0.55163	12.98550	1.09251	1	-0.00798	-0.00936	0.68200	0.00242	1	0.06273	-0.01339	0.71688	0.00412	1	1.45898	0.81042	0	
1277947	8618.49316	3306984524189	0.49439	0.22731	8618.43945	0.05371	12102	1	0.49315	0.10112	1	0.46934	0.24132	1	0.48125	0.17122	1	0.46841	0.53308	11.94315	1.10160	1	0.72869	0.55144	13.16221	1.11028	1	-0.00816	-0.00969	0.70199	0.00238	1	0.06273	-0.01339	0.71688	0.00413	1	1.45898	0.81042	0	
1277948	8618.49902	3306984588239	0.49300	0.22769	8618.43945	0.05957	12102	1	0.50045	0.24040	1	0.46047	0.22180	1	0.48046	0.23110	1	0.46853	0.53498	11.83383	1.11936	1	0.72840	0.55140	12.73861	1.11936	1	-0.00816	-0.00969	0.70199	0.00385	1	0.06273	-0.01339	0.71688	0.00406	1	1.45898	0.81042	0	
1277949	8618.50586	3306984654805	0.48979	0.22219	8618.43945	0.06641	12102	1	0.47560	0.05690	1	0.43983	0.27745	1	0.45772	0.16718	1	0.46838	0.53309	11.83535	1.12845	1	0.72826	0.55205	13.62099	1.12845	1	-0.00816	-0.00969	0.70199	0.00248	1	0.06273	-0.01339	0.71688	0.00394	1	1.45898	0.81042	0	
1277950	8618.51270	3306984724118	0.48712	0.21790	8618.43945	0.07324	12102	1	0.47560	0.05690	1	0.43979	0.28454	1	0.45769	0.17072	1	0.46849	0.53304	11.86578	1.12845	1	0.72820	0.55222	13.75906	1.11977	1	-0.00784	-0.00927	0.67909	0.00244	1	0.05938	-0.01266	0.67807	0.00394	1	1.45898	0.81042	0	
1277951	8618.51953	3306984793205	0.48615	0.21374	8618.43945	0.08008	12102	1	0.49328	0.07141	1	0.45576	0.25614	1	0.47452	0.16377	1	0.46842	0.53301	11.79891	1.11068	1	0.72845	0.55163	13.15825	1.10200	1	-0.00784	-0.00927	0.67909	0.00243	1	0.05938	-0.01266	0.67807	0.00415	1	1.45898	0.81042	0	
1277952	8618.52637	3306984858824	0.48685	0.22139	8618.43945	0.08691	12102	1	0.53338	0.30430	1	0.45843	0.33749	1	0.49590	0.32089	1	0.46901	0.53551	11.74503	1.09292	1	0.72850	0.55223	13.13255	1.08424	1	-0.00784	-0.00927	0.67909	0.00378	1	0.05938	-0.01266	0.67807	0.00387	1	1.45898	0.81042	0	
1277953	8618.53320	3306984926606	0.48750	0.22874	8618.43945	0.09375	12102	1	0.53506	0.31853	1	0.45824	0.34472	1	0.49665	0.33162	1	0.46860	0.53297	11.72421	1.07515	1	0.72860	0.55156	13.04227	1.07515	1	-0.00784	-0.00927	0.67909	0.00237	1	0.06159	-0.01312	0.70264	0.00415	1	1.45898	0.81042	0	
1277954	8618.54004	3306984993558	0.48737	0.22678	8618.43945	0.10059	12102	1	0.50316	0.09420	1	0.46760	0.30067	1	0.48538	0.19744	1	0.46866	0.53297	11.77360	1.07515	1	0.72859	0.55191	13.55554	1.08383	1	-0.00784	-0.00927	0.67909	0.00241	1	0.06159	-0.01312	0.70264	0.00378	1	1.45898	0.81042	0	
1277955	8618.54688	3306985060547	0.48752	0.22188	8618.43945	0.10742	12102	1	0.50579	0.08589	1	0.47425	0.20098	1	0.49002	0.14344	1	0.46864	0.53294	11.66868	1.08383	1	0.72874	0.55086	12.95566	1.09251	1	-0.00784	-0.00927	0.67909	0.00241	1	0.06159	-0.01312	0.70264	0.00420	1	1.45898	0.81042	0	
1277956	8618.55371	3306985127676	0.48763	0.21728	8618.43945	0.11426	12102	1	0.50479	0.07711	1	0.47425	0.20098	1	0.48952	0.13905	1	0.46879	0.53286	11.79558	1.09251	1	0.72883	0.55098	12.73936	1.09251	1	-0.00783	-0.00937	0.68675	0.00233	1	0.06019	-0.01281	0.68607	0.00417	1	1.45898	0.81042	0	
1277957	8618.55957	3306985194009	0.48829	0.21582	8618.43945	0.12012	12102	1	0.51159	0.12833	1	0.48872	0.25070	1	0.50016	0.18951	1	0.46867	0.53292	11.72866	1.09251	1	0.72890	0.55149	12.81921	1.08383	1	-0.00783	-0.00937	0.68675	0.00238	1	0.06019	-0.01281	0.68607	0.00402	1	1.45898	0.81042	0	
1277958	8618.56641	3306985261634	0.48938	0.21324	8618.43945	0.12695	12102	1	0.51969	0.12764	1	0.50060	0.20086	1	0.51014	0.16425	1	0.46880	0.53289	11.87368	1.08383	1	0.72905	0.55122	12.30833	1.07515	1	-0.00783	-0.00937	0.68675	0.00232	1	0.06019	-0.01281	0.68607	0.00413	1	1.45898	0.81042	0	
1277959	8618.57324	3306985328272	0.49038	0.21130	8618.43945	0.13379	12102	1	0.52060	0.13607	1	0.50008	0.20895	1	0.51034	0.17251	1	0.46885	0.53277	12.07469	1.07515	1	0.72915	0.55139	12.13059	1.06647	1	-0.00783	-0.00937	0.68675	0.00233	1	0.06019	-0.01281	0.68607	0.00408	1	1.45898	0.81042	0	
1277960	8618.58008	3306985395303	0.49133	0.21090	8618.43945	0.14062	12102	1	0.51332	0.14987	1	0.50925	0.25526	1	0.51128	0.20256	1	0.46900	0.53281	11.38712	1.06647	1	0.72918	0.55168	12.47162	1.06647	1	-0.00783	-0.00937	0.68675	0.00247	1	0.06019	-0.01281	0.68607	0.00403	1	1.45898	0.81042	0	
1277961	8618.58691	3306985463236	0.49183	0.20939	8618.43945	0.14746	12102	1	0.51106	0.14311	1	0.49449	0.20933	1	0.50278	0.17622	1	0.46907	0.53285	12.06995	1.06647	1	0.72902	0.55117	12.22075	1.06647	1	-0.00783	-0.00937	0.68675	0.00239	1	0.06019	-0.01281	0.68607	0.00416	1	1.45898	0.81042	0	
1277962	8618.59375	3306985529075	0.49229	0.20801	8618.43945	0.15430	12102	1	0.51106	0.14311	1	0.49449	0.20933	1	0.50278	0.17622	1	0.46901	0.53278	12.02854	1.06647	1	0.72903	0.55188	12.81096	1.06647	1	-0.00783	-0.00937	0.68675	0.00245	1	0.06019	-0.01281	0.68607	0.00386	1	1.45898	0.81042	0	
1277963	8618.60059	3306985596304	0.49243	0.20714	8618.43945	0.16113	12102	1	0.48236	0.14425	1	0.50950	0.22800	1	0.49593	0.18613	1	0.46898	0.53278	12.10151	1.06647	1	0.72930	0.55151	12.18142	1.06647	1	-0.00783	-0.00937	0.68675	0.00247	1	0.06019	-0.01281	0.68607	0.00411	1	1.45898	0.81042	0	
1277964	8618.60742	3306985664802	0.49206	0.20618	8618.43945	0.16797	12102	1	0.49225	0.14830	1	0.47309	0.21641	1	0.48267	0.18236	1	0.46912	0.53287	12.15502	1.06647	1	0.72900	0.55114	12.35746	1.06647	1	-0.00783	-0.00937	0.68675	0.00234	1	0.06019	-0.01281	0.68607	0.00405	1	1.45898	0.81042	0	
1277965	8618.61328	3306985731389	0.49694	0.17529	8618.43945	0.16797	12102	0	0.49108	0.13949	1	0.47340	0.20802	1	0.48224	0.17375	1	0.46904	0.53268	11.68775	1.07556	1	0.72913	0.55087	12.14149	1.07556	1	-0.00797	-0.00961	0.70400	0.00235	1	0.06019	-0.01281	0.68607	0.00406	1	1.45898	0.81042	0	
1277966	8618.62012	3306985798308	0.49874	0.21946	8618.43945	0.16797	12102	0	0.49076	0.25610	1	0.51034	0.27115	1	0.50055	0.26363	1	0.46910	0.53428	11.39724	1.08464	1	0.72930	0.55162	12.21451	1.08464	1	-0.00797	-0.00961	0.70400	0.00393	1	0.06019	-0.01281	0.68607	0.00408	1	1.45898	0.81042	0	
1277967	8618.62695	3306985865088	0.49066	0.20698	8618.43945	0.16797	12102	0	0.48246	0.10184	1	0.46652	0.26221	1	0.47449	0.18202	1	0.46910	0.53272	11.81278	1.09373	1	0.72898	0.55174	12.68076	1.09373	1	-0.00797	-0.00961	0.70400	0.00236	1	0.06019	-0.01281	0.68607	0.00385	1	1.45898	0.81042	0	
1277968	8618.63281	3306985924473	0.48653	0.19771	8618.61328	0.01953	12103	1	0.48126	0.09285	1	0.46702	0.24697	1	0.47414	0.16991	1	0.46916	0.53285	11.44342	1.10281	1	0.72910	0.55195	13.00679	1.11149	1	-0.00797	-0.00961	0.70400	0.00238	1	0.06623	-0.01409	0.75425	0.00391	1	1.45898	0.81042	0	
1277969	8618.63965	3306985994829	0.48687	0.19597	8618.61328	0.02637	12103	1	0.48146	0.08616	1	0.49502	0.29183	1	0.48824	0.18899	1	0.46912	0.53275	11.34203	1.11149	1	0.72902	0.55215	12.90181	1.12017	1	-0.00797	-0.00961	0.70400	0.00240	1	0.06623	-0.01409	0.75425	0.00378	1	1.45898	0.81042	0	
1277970	8618.64648	3306986062339	0.48748	0.19066	8618.61328	0.03320	12103	1	0.48624	0.12816	1	0.49475	0.20012	1	0.49050	0.16414	1	0.46909	0.53287	11.09082	1.12017	1	0.72904	0.55174	12.55641	1.12885	1	-0.00797	-0.00961	0.70400	0.00238	1	0.06623	-0.01409	0.75425	0.00397	1	1.45898	0.81042	0	
1277971	8618.65332	3306986128021	0.48788	0.18748	8618.61328	0.04004	12103	1	0.48630	0.12855	1	0.49428	0.20819	1	0.49029	0.16837	1	0.46911	0.53269	10.98069	1.11977	1	0.72900	0.55140	12.82135	1.11977	1	-0.00783	-0.00937	0.68675	0.00242	1	0.05978	-0.01267	0.68139	0.00401	1	1.45898	0.81042	0	
1277972	8618.66016	3306986194476	0.48735	0.18135	8618.61328	0.04688	12103	1	0.47991	0.07975	1	0.48744	0.19721	1	0.48368	0.13848	1	0.46909	0.53274	11.89421	1.11068	1	0.72921	0.55097	11.73435	1.10200	1	-0.00783	-0.00937	0.68675	0.00235	1	0.05978	-0.01267	0.68139	0.00407	1	1.45898	0.81042	0	
1277973	8618.66699	3306986264146	0.48722	0.18194	8618.61328	0.05371	12103	1	0.48474	0.14637	1	0.48766	0.22686	1	0.48620	0.18661	1	0.46904	0.53279	11.53075	1.09292	1	0.72927	0.55130	11.92952	1.08424	1	-0.00783	-0.00937	0.68675	0.00243	1	0.05978	-0.01267	0.68139	0.00410	1	1.45898	0.81042	0	
1277974	8618.67383	3306986330256	0.48718	0.18439	8618.61328	0.06055	12103	1	0.48707	0.16322	1	0.48645	0.24974	1	0.48676	0.20648	1	0.46904	0.53280	11.67394	1.07515	1	0.72903	0.55172	12.43993	1.05881	1	-0.00783	-0.00937	0.68675	0.00242	1	0.05149	-0.01095	0.58652	0.00397	1	1.45898	0.81042	0	
1277975	8618.68066	3306986400233	0.48694	0.19089	8618.61328	0.06738	12103	1	0.48878	0.18999	1	0.48035	0.32166	1	0.48456	0.25582	1	0.46903	0.53277	11.80087	1.05881	1	0.72919	0.55197	12.27065	1.05115	1	-0.00783	-0.00937	0.68675	0.00238	1	0.05149	-0.01095	0.58652	0.00382	1	1.45898	0.81042	0	
1277976	8618.68750	3306986467155	0.48695	0.19614	8618.61328	0.07422	12103	1	0.48975	0.18371	1	0.48436	0.32421	1	0.48706	0.25396	1	0.46906	0.53277	11.87539	1.05115	1	0.72928	0.55131	12.00845	1.04349	1	-0.00783	-0.00937	0.68675	0.00234	1	0.05149	-0.01095	0.58652	0.00406	1	1.45898	0.81042	0	
1277977	8618.69336	3306986531686	0.48700	0.20087	8618.61328	0.08008	12103	1	0.49077	0.19099	1	0.48436	0.32421	1	0.48756	0.25760	1	0.46895	0.53268	11.61497	1.04349	1	0.72910	0.55155	12.37482	1.04349	1	-0.00783	-0.00937	0.68675	0.00232	1	0.05978	-0.01267	0.68139	0.00396	1	1.45898	0.81042	0	
1277978	8618.70020	3306986601067	0.48644	0.20324	8618.61328	0.08691	12103	1	0.48476	0.20537	1	0.47359	0.26284	1	0.47917	0.23411	1	0.46890	0.53291	10.94529	1.04349	1	0.72907	0.55102	12.52125	1.05115	1	-0.00783	-0.00937	0.68675	0.00397	1	0.05978	-0.01267	0.68139	0.00416	1	1.45898	0.81042	0	
1277979	8618.70703	3306986667357	0.48569	0.20778	8618.61328	0.09375	12103	1	0.48020	0.18987	1	0.47019	0.35260	1	0.47520	0.27124	1	0.46892	0.53270	11.80468	1.05115	1	0.72906	0.55185	13.13575	1.05881	1	-0.00783	-0.00937	0.68675	0.00233	1	0.05978	-0.01267	0.68139	0.00379	1	1.45898	0.81042	0	
1277980	8618.71387	3306986735023	0.48501	0.21132	8618.61328	0.10059	12103	1	0.47912	0.18263	1	0.47044	0.34646	1	0.47478	0.26455	1	0.46889	0.53257	11.55448	1.05881	1	0.72896	0.55185	12.67244	1.06647	1	-0.00783	-0.00937	0.68675	0.00235	1	0.06019	-0.01281	0.68607	0.00372	1	1.45898	0.81042	0	
1277981	8618.72070	3306986802661	0.48533	0.21284	8618.61328	0.10742	12103	1	0.52447	0.14355	1	0.45658	0.33066	1	0.49052	0.23711	1	0.46897	0.53249	11.38368	1.06647	1	0.72888	0.55153	12.66512	1.06647	1	-0.00783	-0.00937	0.68675	0.00238	1	0.06019	-0.01281	0.68607	0.00370	1	1.45898	0.81042	0	
1277982	8618.72754	3306986869186	0.48620	0.21536	8618.61328	0.11426	12103	1	0.52887	0.16735	1	0.47314	0.34886	1	0.50101	0.25811	1	0.46889	0.53252	11.39341	1.06647	1	0.72874	0.55187	13.28170	1.06647	1	-0.00783	-0.00937	0.68675	0.00237	1	0.06019	-0.01281	0.68607	0.00368	1	1.45898	0.81042	0	
1277983	8618.73438	3306986935884	0.48698	0.21761	8618.61328	0.12109	12103	1	0.52887	0.16735	1	0.47314	0.34886	1	0.50101	0.25811	1	0.46891	0.53254	11.18230	1.06647	1	0.72883	0.55168	13.28502	1.06647	1	-0.00783	-0.00937	0.68675	0.00239	1	0.05978	-0.01267	0.68139	0.00375	1	1.45898	0.81042	0	
1277984	8618.74121	3306987003520	0.48669	0.21872	8618.61328	0.12793	12103	1	0.50586	0.15474	1	0.45646	0.32503	1	0.48116	0.23989	1	0.46895	0.53251	11.24925	1.06647	1	0.72880	0.55164	13.31133	1.06647	1	-0.00783	-0.00937	0.68675	0.00235	1	0.05978	-0.01267	0.68139	0.00378	1	1.45898	0.81042	0	
1277985	8618.74707	3306987069928	0.48602	0.24788	8618.61328	0.12793	12103	0	0.52062	0.16489	1	0.44620	0.31037	1	0.48341	0.23763	1	0.46904	0.53263	11.97659	1.06647	1	0.72865	0.55149	13.04640	1.06647	1	-0.00783	-0.00937	0.68675	0.00233	1	0.05978	-0.01267	0.68139	0.00372	1	1.45898	0.81042	0	
1277986	8618.75391	3306987138369	0.46607	0.28232	8618.61328	0.12793	12103	0	0.52062	0.16489	0	0.44612	0.31675	1	0.44612	0.31675	1	0.46904	0.53263	11.97659	1.06647	0	0.72876	0.55134	12.96129	1.05881	1	-0.00783	-0.00937	0.68675	0.00233	1	0.05149	-0.01091	0.58652	0.00369	1	1.45898	0.81042	0	
1277987	8618.76074	3306987205396	0.46607	0.28232	8618.61328	0.12793	12103	0	0.52062	0.16489	0	0.44612	0.31675	0	0.44612	0.31675	0	0.46904	0.53263	11.97659	1.05881	0	0.72876	0.55134	12.96129	1.05115	0	-0.00783	-0.00937	0.68675	0.00233	1	0.05149	-0.01091	0.58652	0.00369	1	1.45898	0.81042	0	
1277988	8618.76758	3306987269870	0.44612	0.31675	8618.61328	0.12793	12103	0	0.52062	0.16489	0	0.44612	0.31675	0	0.44612	0.31675	0	0.46904	0.53263	11.97659	1.05115	0	0.72876	0.55134	12.96129	1.04349	0	-0.00783	-0.00937	0.68675	0.00233	1	0.05149	-0.01091	0.58652	0.00369	1	1.45898	0.81042	0	
1277989	8618.77441	3306987338421	0.44612	0.31675	8618.61328	0.12793	12103	0	0.52062	0.16489	0	0.44612	0.31675	0	0.44612	0.31675	0	0.46904	0.53263	11.97659	1.04349	0	0.72876	0.55134	12.96129	1.03583	0	-0.00783	-0.00937	0.68675	0.00233	1	0.05149	-0.01091	0.58652	0.00369	1	1.45898	0.81042	0	
1277990	8618.78125	3306987404726	0.44612	0.31675	8618.61328	0.12793	12103	0	0.52062	0.16489	0	0.44612	0.31675	0	0.44612	0.31675	0	0.46904	0.53263	11.97659	1.03583	0	0.72876	0.55134	12.96129	1.03583	0	-0.00783	-0.00937	0.68675	0.00233	1	0.05149	-0.01091	0.58652	0.00369	1	1.45898	0.81042	0	
1277991	8618.78809	3306987473532	0.44888	0.33573	8618.76758	0.02051	12104	1	0.52062	0.16489	0	0.45164	0.35470	1	0.45164	0.35470	1	0.46904	0.53263	11.97659	1.03583	0	0.72877	0.55140	13.05190	1.03583	1	-0.00783	-0.00937	0.68675	0.00233	1	0.05149	-0.01091	0.58652	0.00367	1	1.45898	0.81042	0	
1277992	8618.79395	3306987538791	0.44888	0.33573	8618.76758	0.02637	12104	1	0.52062	0.16489	0	0.45164	0.35470	0	0.45164	0.35470	0	0.46904	0.53263	11.97659	1.03583	0	0.72877	0.55140	13.05190	1.03583	0	-0.00783	-0.00937	0.68675	0.00233	1	0.05149	-0.01091	0.58652	0.00367	1	1.45898	0.81042	0	
1277993	8618.80078	3306987605568	0.44888	0.33573	8618.76758	0.03320	12104	1	0.52062	0.16489	0	0.45164	0.35470	0	0.45164	0.35470	0	0.46904	0.53263	11.97659	1.03583	0	0.72877	0.55140	13.05190	1.03583	0	-0.00783	-0.00937	0.68675	0.00233	1	0.05149	-0.01091	0.58652	0.00367	1	1.45898	0.81042	0	
1277994	8618.80762	3306987672681	0.44888	0.33573	8618.76758	0.04004	12104	1	0.52062	0.16489	0	0.45164	0.35470	0	0.45164	0.35470	0	0.46904	0.53263	11.97659	1.03583	0	0.72877	0.55140	13.05190	1.03583	0	-0.00783	-0.00937	0.68675	0.00233	1	0.05149	-0.01091	0.58652	0.00367	1	1.45898	0.81042	0	
1277995	8618.81445	3306987739652	0.45164	0.35470	8618.76758	0.04004	12104	0	0.52062	0.16489	0	0.45164	0.35470	0	0.45164	0.35470	0	0.46904	0.53263	11.97659	1.03583	0	0.72877	0.55140	13.05190	1.03583	0	-0.00783	-0.00937	0.68675	0.00233	1	0.05149	-0.01091	0.58652	0.00367	1	1.45898	0.81042	0	
1277996	8618.82129	3306987806813	0.45164	0.35470	8618.76758	0.04004	12104	0	0.52062	0.16489	0	0.45164	0.35470	0	0.45164	0.35470	0	0.46904	0.53263	11.97659	1.03583	0	0.72877	0.55140	13.05190	1.03583	0	-0.00783	-0.00937	0.68675	0.00233	1	0.05149	-0.01091	0.58652	0.00367	1	1.45898	0.81042	0	
1277997	8618.82812	3306987875186	0.45164	0.35470	8618.76758	0.04004	12104	0	0.52062	0.16489	0	0.45164	0.35470	0	0.45164	0.35470	0	0.46904	0.53263	11.97659	1.03583	0	0.72877	0.55140	13.05190	1.03583	0	-0.00783	-0.00937	0.68675	0.00233	1	0.05149	-0.01091	0.58652	0.00367	1	1.45898	0.81042	0	
1277998	8618.83496	3306987941950	0.00000	0.00000	8618.76758	0.04004	12104	0	0.52062	0.16489	0	0.45164	0.35470	0	0.45164	0.35470	0	0.46904	0.53263	11.97659	1.03583	0	0.72877	0.55140	13.05190	1.03583	0	-0.00783	-0.00937	0.68675	0.00233	1	0.05149	-0.01091	0.58652	0.00367	1	1.45898	0.81042	0	
1277999	8618.84180	3306988008618	0.00000	0.00000	8618.76758	0.04004	12104	0	0.52062	0.16489	0	0.45164	0.35470	0	0.45164	0.35470	0	0.46904	0.53263	11.97659	1.03583	0	0.72877	0.55140	13.05190	1.03583	0	-0.00783	-0.00937	0.68675	0.00233	1	0.05149	-0.01091	0.58652	0.00367	1	1.45898	0.81042	0	
1278000	8618.84766	3306988075536	0.00000	0.00000	8618.76758	0.04004	12104	0	0.52062	0.16489	0	0.45164	0.35470	0	0.45164	0.35470	0	0.46904	0.53263	11.97659	1.03583	0	0.72877	0.55140	13.05190	1.03583	0	-0.00783	-0.00937	0.68675	0.00233	1	0.05149	-0.01091	0.58652	0.00367	1	1.45898	0.81042	0	
1278001	8618.85449	3306988140771	0.48783	0.27126	8618.76758	0.04004	12104	0	0.52390	0.19406	1	0.45176	0.34846	1	0.48783	0.27126	1	0.46893	0.53221	11.66593	1.03583	1	0.72892	0.55149	12.47894	1.04349	1	-0.00783	-0.00932	0.68674	0.00245	1	0.05978	-0.01267	0.68139	0.00393	1	1.45898	0.81042	0	
1278002	8618.86133	3306988208874	0.49462	0.25022	8618.76758	0.04004	12104	0	0.53304	0.15239	1	0.46977	0.30598	1	0.50140	0.22918	1	0.46896	0.53225	11.75026	1.04349	1	0.72901	0.55105	12.50241	1.05115	1	-0.00783	-0.00932	0.68674	0.00246	1	0.05978	-0.01267	0.68139	0.00370	1	1.45898	0.81042	0	
1278003	8618.86816	3306988275410	0.49401	0.24272	8618.76758	0.04004	12104	0	0.52150	0.12411	1	0.46412	0.33135	1	0.49281	0.22773	1	0.46892	0.53218	11.75867	1.05115	1	0.72900	0.55145	12.40332	1.05881	1	-0.00783	-0.00932	0.68674	0.00243	1	0.05978	-0.01267	0.68139	0.00391	1	1.45898	0.81042	0	
1278004	8618.87500	3306988343435	0.49364	0.23723	8618.85449	0.02051	12105	1	0.52068	0.11642	1	0.46433	0.32506	1	0.49250	0.22074	1	0.46886	0.53218	11.59506	1.05881	1	0.72882	0.55145	12.87626	1.06647	1	-0.00783	-0.00932	0.68674	0.00244	1	0.05978	-0.01267	0.68139	0.00385	1	1.45898	0.81042	0	
1278005	8618.88184	3306988409711	0.49561	0.23031	8618.85449	0.02734	12105	1	0.52446	0.12585	1	0.48250	0.27945	1	0.50348	0.20265	1	0.46893	0.53226	11.72265	1.06647	1	0.72888	0.55110	12.75785	1.06647	1	-0.00783	-0.00932	0.68674	0.00234	1	0.05978	-0.01267	0.68139	0.00375	1	1.45898	0.81042	0	
1278006	8618.88770	3306988476515	0.49775	0.23015	8618.85449	0.03320	12105	1	0.52745	0.14587	1	0.48953	0.31281	1	0.50849	0.22934	1	0.46893	0.53222	11.80677	1.06647	1	0.72893	0.55122	12.48437	1.06647	1	-0.00783	-0.00932	0.68674	0.00233	1	0.05978	-0.01267	0.68139	0.00375	1	1.45898	0.81042	0	
1278007	8618.89453	3306988543729	0.49925	0.22886	8618.85449	0.04004	12105	1	0.52653	0.13706	1	0.48998	0.30523	1	0.50826	0.22114	1	0.46885	0.53224	11.67723	1.07556	1	0.72868	0.55148	13.36727	1.07556	1	-0.00802	-0.00948	0.69868	0.00241	1	0.05978	-0.01267	0.68139	0.00369	1	1.45898	0.81042	0	
1278008	8618.90137	3306988610329	0.49981	0.22665	8618.85449	0.04688	12105	1	0.53041	0.13129	1	0.47692	0.29110	1	0.50366	0.21119	1	0.46894	0.53254	11.70248	1.08464	1	0.72882	0.55138	13.30245	1.08464	1	-0.00802	-0.00948	0.69868	0.00245	1	0.05978	-0.01267	0.68139	0.00370	1	1.45898	0.81042	0	
1278009	8618.90820	3306988677756	0.49990	0.22427	8618.85449	0.05371	12105	1	0.51647	0.09973	1	0.48476	0.31063	1	0.50062	0.20518	1	0.46883	0.53233	11.65039	1.09373	1	0.72890	0.55148	12.98984	1.09373	1	-0.00802	-0.00948	0.69868	0.00241	1	0.05978	-0.01267	0.68139	0.00367	1	1.45898	0.81042	0	
1278010	8618.91504	3306988744823	0.49997	0.22236	8618.85449	0.06055	12105	1	0.51647	0.09973	1	0.48476	0.31063	1	0.50062	0.20518	1	0.46863	0.53228	11.56618	1.09373	1	0.72890	0.55137	12.94497	1.09373	1	-0.00779	-0.00916	0.67499	0.00235	1	0.05978	-0.01267	0.68139	0.00371	1	1.45898	0.81042	0	
1278011	8618.92188	3306988811614	0.49998	0.21903	8618.85449	0.06738	12105	1	0.51324	0.11556	1	0.48700	0.25599	1	0.50012	0.18578	1	0.46858	0.53234	11.60552	1.08464	1	0.72892	0.55098	12.82348	1.08464	1	-0.00779	-0.00916	0.67499	0.00238	1	0.05978	-0.01267	0.68139	0.00372	1	1.45898	0.81042	0	
1278012	8618.92871	3306988878505	0.49898	0.21859	8618.85449	0.07422	12105	1	0.50527	0.12013	1	0.47056	0.30719	1	0.48791	0.21366	1	0.46865	0.53221	11.66384	1.07556	1	0.72863	0.55117	13.27976	1.07556	1	-0.00779	-0.00916	0.67499	0.00243	1	0.05978	-0.01267	0.68139	0.00373	1	1.45898	0.81042	0	
1278013	8618.93457	3306988945248	0.49812	0.21821	8618.85449	0.08008	12105	1	0.50527	0.12013	1	0.47056	0.30719	1	0.48791	0.21366	1	0.46871	0.53220	11.77435	1.07556	1	0.72864	0.55090	13.01437	1.07556	1	-0.00824	-0.00962	0.70893	0.00235	1	0.05978	-0.01267	0.68139	0.00378	1	1.45898	0.81042	0	
1278014	8618.94141	3306989012126	0.49997	0.22337	8618.85449	0.08691	12105	1	0.54807	0.33159	1	0.49976	0.24932	1	0.52391	0.29046	1	0.46916	0.53470	11.60512	1.08464	1	0.72910	0.55105	12.27808	1.08464	1	-0.00824	-0.00962	0.70893	0.00355	1	0.05978	-0.01267	0.68139	0.00374	1	1.45898	0.81042	0	
1278015	8618.94824	3306989080466	0.50073	0.22799	8618.85449	0.09375	12105	1	0.55101	0.31244	1	0.47175	0.27295	1	0.51138	0.29269	1	0.46916	0.53464	11.54653	1.09373	1	0.72865	0.55134	12.86450	1.09373	1	-0.00824	-0.00962	0.70893	0.00359	1	0.05978	-0.01267	0.68139	0.00367	1	1.45898	0.81042	0	
1278016	8618.95508	3306989146199	0.50139	0.23203	8618.85449	0.10059	12105	1	0.55101	0.31244	1	0.47175	0.27295	1	0.51138	0.29269	1	0.46852	0.53244	11.85323	1.09373	1	0.72889	0.55126	13.14626	1.09373	1	-0.00784	-0.00927	0.67909	0.00232	1	0.05978	-0.01267	0.68139	0.00363	1	1.45898	0.81042	0	
1278017	8618.96191	3306989213572	0.50121	0.22980	8618.85449	0.10742	12105	1	0.49541	0.12384	1	0.50107	0.26439	1	0.49824	0.19411	1	0.46859	0.53232	11.63361	1.08464	1	0.72913	0.55083	12.15043	1.08464	1	-0.00784	-0.00927	0.67909	0.00238	1	0.05978	-0.01267	0.68139	0.00377	1	1.45898	0.81042	0	
1278018	8618.96875	3306989280538	0.50079	0.22935	8618.85449	0.11426	12105	1	0.50144	0.13691	1	0.48585	0.30652	1	0.49365	0.22172	1	0.46854	0.53239	11.37474	1.07556	1	0.72895	0.55123	13.10413	1.07556	1	-0.00784	-0.00927	0.67909	0.00239	1	0.05978	-0.01267	0.68139	0.00361	1	1.45898	0.81042	0	
1278019	8618.97559	3306989347441	0.50043	0.22938	8618.85449	0.12109	12105	1	0.50254	0.14574	1	0.48543	0.31409	1	0.49399	0.22991	1	0.46869	0.53235	11.84588	1.06647	1	0.72889	0.55112	12.95804	1.06647	1	-0.00779	-0.00916	0.67499	0.00244	1	0.05978	-0.01267	0.68139	0.00363	1	1.45898	0.81042	0	
1278020	8618.98145	3306989414288	0.50034	0.22883	8618.85449	0.12695	12105	1	0.51437	0.14584	1	0.48293	0.29092	1	0.49865	0.21838	1	0.46872	0.53241	11.69530	1.06647	1	0.72885	0.55104	12.63464	1.06647	1	-0.00779	-0.00916	0.67499	0.00243	1	0.05978	-0.01267	0.68139	0.00375	1	1.45898	0.81042	0	
1278021	8618.98828	3306989481476	0.50053	0.23105	8618.85449	0.13379	12105	1	0.53437	0.28415	1	0.47431	0.26669	1	0.50434	0.27542	1	0.46900	0.53419	11.53650	1.06647	1	0.72876	0.55115	13.24479	1.06647	1	-0.00779	-0.00916	0.67499	0.00377	1	0.05978	-0.01267	0.68139	0.00370	1	1.45898	0.81042	0	
1278022	8618.99512	3306989548400	0.50070	0.23307	8618.85449	0.14062	12105	1	0.53437	0.28415	1	0.47431	0.26669	1	0.50434	0.27542	1	0.46900	0.53415	11.39480	1.06647	1	0.72891	0.55118	12.78956	1.06647	1	-0.00779	-0.00916	0.67499	0.00379	1	0.05978	-0.01267	0.68139	0.00373	1	1.45898	0.81042	0	
1278023	8619.00195	3306989615220	0.50082	0.23296	8618.85449	0.14746	12105	1	0.51994	0.13474	1	0.48701	0.32624	1	0.50347	0.23049	1	0.46880	0.53224	11.83671	1.06647	1	0.72897	0.55143	12.73417	1.06647	1	-0.00779	-0.00916	0.67499	0.00242	1	0.05978	-0.01267	0.68139	0.00382	1	1.45898	0.81042	0	
1278024	8619.00879	3306989682153	0.50136	0.23595	8618.85449	0.15430	12105	1	0.53189	0.29092	1	0.49538	0.31867	1	0.51364	0.30479	1	0.46896	0.53416	11.16949	1.06647	1	0.72905	0.55132	12.25612	1.06647	1	-0.00779	-0.00916	0.67499	0.00376	1	0.05978	-0.01267	0.68139	0.00389	1	1.45898	0.81042	0	
1278025	8619.01562	3306989749262	0.50185	0.23870	8618.85449	0.16113	12105	1	0.53189	0.29092	1	0.49538	0.31867	1	0.51364	0.30479	1	0.46898	0.53430	11.09391	1.06647	1	0.72897	0.55166	12.73949	1.06647	1	-0.00783	-0.00932	0.68674	0.00367	1	0.05978	-0.01267	0.68139	0.00386	1	1.45898	0.81042	0	
1278026	8619.02246	3306989816002	0.50129	0.23872	8618.85449	0.16797	12105	1	0.52165	0.11533	1	0.45276	0.36273	1	0.48720	0.23903	1	0.46888	0.53217	11.73957	1.06647	1	0.72878	0.55189	13.35542	1.06647	1	-0.00783	-0.00932	0.68674	0.00242	1	0.05978	-0.01267	0.68139	0.00384	1	1.45898	0.81042	0	
1278027	8619.02832	3306989879842	0.50102	0.23868	8618.85449	0.17383	12105	1	0.52304	0.11509	1	0.46521	0.36029	1	0.49412	0.23769	1	0.46886	0.53222	11.79137	1.06647	1	0.72896	0.55182	12.79578	1.06647	1	-0.00783	-0.00932	0.68674	0.00243	1	0.05978	-0.01267	0.68139	0.00387	1	1.45898	0.81042	0	
1278028	8619.03516	3306989946112	0.50077	0.23864	8618.85449	0.18066	12105	1	0.52304	0.11509	1	0.46521	0.36029	1	0.49412	0.23769	1	0.46896	0.53206	11.77026	1.06647	1	0.72913	0.55152	12.67761	1.06647	1	-0.00783	-0.00917	0.68674	0.00244	1	0.05928	-0.01255	0.67456	0.00396	1	1.45898	0.81042	0	
1278029	8619.04199	3306990014426	0.50083	0.24035	8618.85449	0.18750	12105	1	0.51911	0.29639	1	0.48574	0.28008	1	0.50243	0.28823	1	0.46873	0.53422	10.99274	1.06647	1	0.72920	0.55093	12.71410	1.06647	1	-0.00783	-0.00917	0.68674	0.00383	1	0.05928	-0.01255	0.67456	0.00365	1	1.45898	0.81042	0	
1278030	8619.04883	3306990081809	0.50103	0.24259	8618.85449	0.19434	12105	1	0.54302	0.30878	1	0.47063	0.30628	1	0.50683	0.30753	1	0.46902	0.53455	12.17862	1.06647	1	0.72907	0.55103	12.69667	1.06647	1	-0.00783	-0.00917	0.68674	0.00371	1	0.05928	-0.01255	0.67456	0.00367	1	1.45898	0.81042	0	
1278031	8619.05566	3306990147802	0.50122	0.24469	8618.85449	0.20117	12105	1	0.54302	0.30878	1	0.47063	0.30628	1	0.50683	0.30753	1	0.46905	0.53439	11.66982	1.06647	1	0.72924	0.55088	13.00597	1.06647	1	-0.00783	-0.00922	0.68674	0.00368	1	0.05928	-0.01255	0.67456	0.00367	1	1.45898	0.81042	0	
1278032	8619.06250	3306990216918	0.49799	0.26932	8618.85449	0.20117	12105	0	0.46369	0.11809	1	0.42624	0.32842	1	0.44496	0.22325	1	0.46875	0.53214	12.04311	1.06647	1	0.72869	0.55172	13.09694	1.06647	1	-0.00783	-0.00922	0.68674	0.00251	1	0.05928	-0.01255	0.67456	0.00392	1	1.45898	0.81042	0	
1278033	8619.06836	3306990282534	0.47922	0.24379	8618.85449	0.20117	12105	0	0.47525	0.10813	1	0.44566	0.32837	1	0.46045	0.21825	1	0.46891	0.53218	11.77816	1.06647	1	0.72897	0.55151	13.68248	1.06647	1	-0.00783	-0.00922	0.68674	0.00242	1	0.05928	-0.01255	0.67456	0.00389	1	1.45898	0.81042	0	
1278034	8619.07520	3306990348641	0.47295	0.23631	8618.85449	0.20117	12105	0	0.47525	0.10813	1	0.44558	0.33462	1	0.46041	0.22137	1	0.46911	0.53208	11.87966	1.06647	1	0.72934	0.55163	13.51200	1.05881	1	-0.00783	-0.00927	0.68674	0.00237	1	0.05149	-0.01091	0.58652	0.00388	1	1.45898	0.81042	0	
1278035	8619.08203	3306990416867	0.47050	0.23585	8619.06250	0.01953	12106	1	0.48017	0.12071	1	0.44609	0.34821	1	0.46313	0.23446	1	0.46892	0.53192	12.26040	1.05881	1	0.72913	0.55142	12.78036	1.05115	1	-0.00783	-0.00927	0.68674	0.00246	1	0.05149	-0.01091	0.58652	0.00388	1	1.45898	0.81042	0	
1278036	8619.08887	3306990483093	0.47150	0.23545	8619.06250	0.02637	12106	1	0.49077	0.11583	1	0.46027	0.35181	1	0.47552	0.23382	1	0.46909	0.53194	12.23508	1.05115	1	0.72931	0.55161	13.40018	1.04349	1	-0.00783	-0.00927	0.68674	0.00236	1	0.05149	-0.01091	0.58652	0.00398	1	1.45898	0.81042	0	
1278037	8619.09570	3306990553020	0.47217	0.23444	8619.06250	0.03320	12106	1	0.49058	0.11438	1	0.46049	0.34443	1	0.47554	0.22940	1	0.46944	0.53465	12.31891	1.05258	1	0.72944	0.55186	13.29572	1.05258	1	-0.00790	-0.00937	0.69763	0.00363	1	0.05928	-0.01255	0.67456	0.00380	1	1.45898	0.81042	0	
1278038	8619.10254	3306990619708	0.47531	0.25154	8619.06250	0.04004	12106	1	0.52070	0.36009	1	0.46759	0.34827	1	0.49414	0.35418	1	0.46941	0.53477	12.36231	1.06166	1	0.72944	0.55175	13.04781	1.06932	1	-0.00790	-0.00937	0.69763	0.00367	1	0.05928	-0.01255	0.67456	0.00395	1	1.45898	0.81042	0	
1278039	8619.10938	3306990687193	0.47533	0.24579	8619.06250	0.04688	12106	1	0.48654	0.12611	1	0.46431	0.28493	1	0.47543	0.20552	1	0.46904	0.53219	11.68289	1.07841	1	0.72944	0.55138	13.08285	1.08607	1	-0.00790	-0.00937	0.69763	0.00251	1	0.05928	-0.01255	0.67456	0.00373	1	1.45898	0.81042	0	
1278040	8619.11621	3306990753779	0.47525	0.23921	8619.06250	0.05371	12106	1	0.48435	0.10969	1	0.46499	0.26350	1	0.47467	0.18659	1	0.46915	0.53220	11.68348	1.09515	1	0.72947	0.55144	13.13368	1.11149	1	-0.00797	-0.00950	0.70399	0.00247	1	0.06248	-0.01321	0.71035	0.00393	1	1.45898	0.81042	0	
1278041	8619.12207	3306990819865	0.47590	0.23321	8619.06250	0.05957	12106	1	0.49236	0.08184	1	0.47117	0.27648	1	0.48176	0.17916	1	0.46921	0.53215	11.95863	1.11149	1	0.72952	0.55147	13.29686	1.12017	1	-0.00797	-0.00950	0.70399	0.00248	1	0.06248	-0.01321	0.71035	0.00375	1	1.45898	0.81042	0	
1278042	8619.12891	3306990887948	0.47746	0.23406	8619.06250	0.06641	12106	1	0.51382	0.24815	1	0.47218	0.23699	1	0.49300	0.24257	1	0.46945	0.53423	12.38634	1.12017	1	0.72939	0.55158	13.33862	1.12885	1	-0.00797	-0.00950	0.70399	0.00367	1	0.06248	-0.01321	0.71035	0.00385	1	1.45898	0.81042	0	
1278043	8619.13574	3306990953786	0.47874	0.23511	8619.06250	0.07324	12106	1	0.51386	0.24849	1	0.47188	0.24475	1	0.49287	0.24662	1	0.46971	0.53439	11.66029	1.11977	1	0.72952	0.55173	13.28021	1.11977	1	-0.00768	-0.00922	0.68294	0.00374	1	0.05956	-0.01264	0.67659	0.00386	1	1.45898	0.81042	0	
1278044	8619.14258	3306991022016	0.48087	0.23869	8619.06250	0.08008	12106	1	0.54777	0.27557	1	0.46514	0.28781	1	0.50645	0.28169	1	0.46993	0.53445	12.14746	1.11068	1	0.72930	0.55182	13.34386	1.10200	1	-0.00768	-0.00922	0.68294	0.00374	1	0.05956	-0.01264	0.67659	0.00388	1	1.45898	0.81042	0	
1278045	8619.14941	3306991089713	0.48181	0.24297	8619.06250	0.08691	12106	1	0.53919	0.29483	1	0.44875	0.30233	1	0.49397	0.29858	1	0.46981	0.53437	11.97907	1.09292	1	0.72944	0.55191	13.48573	1.08424	1	-0.00768	-0.00922	0.68294	0.00373	1	0.05956	-0.01264	0.67659	0.00384	1	1.45898	0.81042	0	
1278046	8619.15625	3306991153917	0.48266	0.24785	8619.06250	0.09375	12106	1	0.54079	0.30921	1	0.44842	0.32336	1	0.49461	0.31628	1	0.46963	0.53215	11.79808	1.07515	1	0.72951	0.55169	12.62175	1.05881	1	-0.00745	-0.00901	0.67107	0.00249	1	0.05861	-0.01242	0.66527	0.00387	1	1.45898	0.81042	0	
1278047	8619.16309	3306991221818	0.48356	0.25069	8619.06250	0.10059	12106	1	0.55367	0.28039	1	0.44042	0.30614	1	0.49705	0.29326	1	0.46996	0.53397	11.68867	1.05881	1	0.72976	0.55159	12.76311	1.05115	1	-0.00745	-0.00901	0.67107	0.00370	1	0.05861	-0.01242	0.66527	0.00389	1	1.45898	0.81042	0	
1278048	8619.16895	3306991288928	0.48252	0.25355	8619.06250	0.10645	12106	1	0.49428	0.29096	1	0.43736	0.30746	1	0.46582	0.29921	1	0.46976	0.53399	11.47199	1.05115	1	0.72969	0.55159	12.53464	1.04349	1	-0.00745	-0.00901	0.67107	0.00377	1	0.05861	-0.01242	0.66527	0.00383	1	1.45898	0.81042	0	
1278049	8619.17578	3306991354140	0.48162	0.25644	8619.06250	0.11328	12106	1	0.49528	0.29746	1	0.43734	0.31399	1	0.46631	0.30573	1	0.46977	0.53213	11.95995	1.04349	1	0.73018	0.55194	13.13209	1.03583	1	-0.00745	-0.00901	0.67107	0.00243	1	0.05861	-0.01242	0.66527	0.00386	1	1.45898	0.81042	0	
1278050	8619.18262	3306991422362	0.48151	0.25641	8619.06250	0.12012	12106	1	0.49497	0.15303	1	0.46433	0.35857	1	0.47965	0.25580	1	0.46987	0.53215	12.02265	1.03583	1	0.73012	0.55197	12.96106	1.03583	1	-0.00745	-0.00901	0.67107	0.00248	1	0.05861	-0.01242	0.66527	0.00389	1	1.45898	0.81042	0	
1278051	8619.18945	3306991486575	0.48136	0.25693	8619.06250	0.12695	12106	1	0.49271	0.15914	1	0.46429	0.37454	1	0.47850	0.26684	1	0.46993	0.53207	11.84665	1.03583	1	0.73008	0.55230	13.85175	1.03583	1	-0.00745	-0.00901	0.67107	0.00253	1	0.05861	-0.01242	0.66527	0.00385	1	1.45898	0.81042	0	
1278052	8619.19629	3306991554875	0.48121	0.25687	8619.06250	0.13379	12106	1	0.49151	0.15016	1	0.46475	0.36118	1	0.47813	0.25567	1	0.46998	0.53211	11.81414	1.04492	1	0.73026	0.55197	13.62352	1.05258	1	-0.00776	-0.00951	0.70426	0.00249	1	0.06074	-0.01284	0.68764	0.00386	1	1.45898	0.81042	0	
1278053	8619.20312	3306991623065	0.48221	0.25818	8619.06250	0.14062	12106	1	0.52269	0.28623	1	0.48383	0.28503	1	0.50326	0.28563	1	0.47024	0.53407	12.21205	1.06166	1	0.73034	0.55154	13.18711	1.06932	1	-0.00776	-0.00951	0.70426	0.00384	1	0.06074	-0.01284	0.68764	0.00379	1	1.45898	0.81042	0	
1278054	8619.20898	3306991689792	0.48274	0.25851	8619.06250	0.14648	12106	1	0.51829	0.26224	1	0.47062	0.26949	1	0.49445	0.26587	1	0.47031	0.53391	12.19170	1.07841	1	0.73021	0.55166	13.32618	1.08607	1	-0.00776	-0.00951	0.70426	0.00375	1	0.06074	-0.01284	0.68764	0.00381	1	1.45898	0.81042	0	
1278055	8619.21680	3306991759127	0.48322	0.25855	8619.06250	0.15430	12106	1	0.51746	0.25572	1	0.47086	0.26292	1	0.49416	0.25932	1	0.47052	0.53433	12.27555	1.08607	1	0.73027	0.55167	13.02544	1.09373	1	-0.00733	-0.00907	0.67906	0.00373	1	0.06074	-0.01284	0.68764	0.00380	1	1.45898	0.81042	0	
1278056	8619.22363	3306991826654	0.48300	0.26047	8619.06250	0.16113	12106	1	0.50872	0.31638	1	0.44670	0.29689	1	0.47771	0.30663	1	0.47005	0.53410	11.81496	1.08464	1	0.73022	0.55179	13.35257	1.08464	1	-0.00733	-0.00907	0.67906	0.00379	1	0.06074	-0.01284	0.68764	0.00381	1	1.45898	0.81042	0	
1278057	8619.22949	3306991891834	0.48322	0.26210	8619.06250	0.16699	12106	1	0.50316	0.31894	1	0.47453	0.28652	1	0.48884	0.30273	1	0.47037	0.53405	11.91611	1.07556	1	0.73065	0.55172	13.70111	1.07556	1	-0.00733	-0.00907	0.67906	0.00405	1	0.06074	-0.01284	0.68764	0.00379	1	1.45898	0.81042	0	
1278058	8619.23633	3306991959533	0.48345	0.26388	8619.06250	0.17383	12106	1	0.50425	0.32623	1	0.47420	0.29425	1	0.48922	0.31024	1	0.47052	0.53177	12.67625	1.06647	1	0.73116	0.55178	13.12104	1.06647	1	-0.00733	-0.00907	0.67906	0.00242	1	0.06074	-0.01284	0.68764	0.00379	1	1.45898	0.81042	0	
1278059	8619.24316	3306992027785	0.48399	0.26492	8619.06250	0.18066	12106	1	0.53939	0.25840	1	0.45795	0.32749	1	0.49867	0.29294	1	0.47096	0.53336	11.82775	1.06647	1	0.73079	0.55205	13.73499	1.06647	1	-0.00733	-0.00907	0.67906	0.00402	1	0.06074	-0.01284	0.68764	0.00383	1	1.45898	0.81042	0	
1278060	8619.25000	3306992093546	0.48398	0.26378	8619.06250	0.18750	12106	1	0.49171	0.13583	1	0.47551	0.32793	1	0.48361	0.23188	1	0.47063	0.53174	12.28281	1.06647	1	0.73117	0.55200	13.16395	1.06647	1	-0.00733	-0.00907	0.67906	0.00242	1	0.06074	-0.01284	0.68764	0.00381	1	1.45898	0.81042	0	
1278061	8619.25684	3306992161577	0.48396	0.26271	8619.06250	0.19434	12106	1	0.49171	0.13583	1	0.47551	0.32793	1	0.48361	0.23188	1	0.47065	0.53173	12.24656	1.06647	1	0.73090	0.55224	13.77472	1.06647	1	-0.00733	-0.00907	0.67906	0.00244	1	0.06061	-0.01285	0.68507	0.00382	1	1.45898	0.81042	0	
1278062	8619.26367	3306992227703	0.48360	0.26272	8619.06250	0.20117	12106	1	0.49296	0.17935	1	0.45259	0.34664	1	0.47277	0.26299	1	0.47072	0.53167	12.34955	1.06647	1	0.73075	0.55227	13.64565	1.06647	1	-0.00733	-0.00907	0.67906	0.00243	1	0.06061	-0.01285	0.68507	0.00387	1	1.45898	0.81042	0	
1278063	8619.26953	3306992295141	0.48348	0.26166	8619.06250	0.20703	12106	1	0.49016	0.11858	1	0.46902	0.33900	1	0.47959	0.22879	1	0.47068	0.53169	12.06054	1.06647	1	0.73102	0.55214	13.19383	1.06647	1	-0.00733	-0.00907	0.67906	0.00242	1	0.06061	-0.01285	0.68507	0.00383	1	1.45898	0.81042	0	
1278064	8619.27637	3306992362333	0.48334	0.26051	8619.06250	0.21387	12106	1	0.48898	0.10951	1	0.46906	0.33784	1	0.47902	0.22368	1	0.47085	0.53363	11.87587	1.07556	1	0.73101	0.55208	13.54130	1.06790	1	-0.00748	-0.00932	0.69783	0.00364	1	0.05879	-0.01240	0.66388	0.00385	1	1.45898	0.81042	0	
1278065	8619.28320	3306992428563	0.48364	0.26213	8619.06250	0.22070	12106	1	0.51756	0.29506	1	0.46904	0.33592	1	0.49330	0.31549	1	0.47101	0.53323	12.03788	1.07698	1	0.73100	0.55198	13.46251	1.06932	1	-0.00748	-0.00932	0.69783	0.00378	1	0.05879	-0.01240	0.66388	0.00387	1	1.45898	0.81042	0	
1278066	8619.29004	3306992495624	0.48382	0.26410	8619.06250	0.22754	12106	1	0.50444	0.34698	1	0.47597	0.31499	1	0.49021	0.33098	1	0.47082	0.53392	11.92541	1.07841	1	0.73102	0.55185	13.38095	1.07075	1	-0.00748	-0.00932	0.69783	0.00358	1	0.05879	-0.01240	0.66388	0.00392	1	1.45898	0.81042	0	
1278067	8619.29688	3306992562690	0.48400	0.26583	8619.06250	0.23438	12106	1	0.50427	0.34588	1	0.47632	0.30747	1	0.49029	0.32667	1	0.47084	0.53165	12.35530	1.07983	1	0.73091	0.55174	13.23094	1.07983	1	-0.00748	-0.00932	0.69783	0.00247	1	0.06047	-0.01269	0.68232	0.00393	1	1.45898	0.81042	0	
1278068	8619.30371	3306992629451	0.48411	0.26689	8619.06250	0.24121	12106	1	0.50351	0.30818	1	0.47239	0.30159	1	0.48795	0.30489	1	0.47080	0.53367	12.72498	1.07983	1	0.73101	0.55187	13.17828	1.08749	1	-0.00748	-0.00932	0.69783	0.00360	1	0.06047	-0.01269	0.68232	0.00388	1	1.45898	0.81042	0	
1278069	8619.30957	3306992694663	0.48421	0.26772	8619.06250	0.24707	12106	1	0.51089	0.32122	1	0.46520	0.27541	1	0.48804	0.29832	1	0.47099	0.53381	12.46287	1.08749	1	0.73091	0.55181	13.27094	1.09515	1	-0.00748	-0.00932	0.69783	0.00355	1	0.06047	-0.01269	0.68232	0.00390	1	1.45898	0.81042	0	
1278070	8619.31641	3306992763185	0.48431	0.26853	8619.06250	0.25391	12106	1	0.51105	0.32235	1	0.46516	0.27662	1	0.48810	0.29948	1	0.47077	0.53304	11.95177	1.08607	1	0.73112	0.55154	13.18711	1.09373	1	-0.00730	-0.00915	0.68572	0.00390	1	0.06047	-0.01274	0.68232	0.00379	1	1.45898	0.81042	0	
1278071	8619.32324	3306992830533	0.48454	0.26828	8619.06250	0.26074	12106	1	0.49876	0.32645	1	0.48795	0.19065	1	0.49336	0.25855	1	0.47081	0.53369	12.44421	1.08464	1	0.73123	0.55084	12.89768	1.08464	1	-0.00730	-0.00915	0.68572	0.00361	1	0.06047	-0.01274	0.68232	0.00419	1	1.45898	0.81042	0	
1278072	8619.33008	3306992897823	0.48465	0.26822	8619.06250	0.26758	12106	1	0.49534	0.32961	1	0.48244	0.20165	1	0.48889	0.26563	1	0.47067	0.53363	12.18153	1.07556	1	0.73117	0.55073	12.79568	1.07556	1	-0.00730	-0.00915	0.68572	0.00381	1	0.06047	-0.01274	0.68232	0.00411	1	1.45898	0.81042	0	
1278073	8619.33691	3306992964435	0.48476	0.26834	8619.06250	0.27441	12106	1	0.49649	0.33680	1	0.48205	0.21010	1	0.48927	0.27345	1	0.47059	0.53410	12.44171	1.06647	1	0.73098	0.55165	13.15027	1.06647	1	-0.00730	-0.00915	0.68572	0.00363	1	0.06047	-0.01279	0.68232	0.00379	1	1.45898	0.81042	0	
1278074	8619.34375	3306993031544	0.48492	0.26773	8619.06250	0.28125	12106	1	0.51955	0.15444	1	0.46385	0.32943	1	0.49170	0.24194	1	0.47106	0.53162	12.18851	1.06647	1	0.73097	0.55198	13.36079	1.06647	1	-0.00730	-0.00915	0.68572	0.00248	1	0.06047	-0.01279	0.68232	0.00393	1	1.45898	0.81042	0	
1278075	8619.35059	3306993098533	0.48523	0.26674	8619.06250	0.28809	12106	1	0.51039	0.17983	1	0.48666	0.26855	1	0.49853	0.22419	1	0.47099	0.53166	12.31612	1.06647	1	0.73121	0.55168	13.51191	1.06647	1	-0.00730	-0.00915	0.68572	0.00241	1	0.06047	-0.01279	0.68232	0.00384	1	1.45898	0.81042	0	
1278076	8619.35742	3306993164581	0.48552	0.26579	8619.06250	0.29492	12106	1	0.51039	0.17983	1	0.48666	0.26855	1	0.49853	0.22419	1	0.47106	0.53173	12.37519	1.06647	1	0.73095	0.55198	13.69357	1.06647	1	-0.00730	-0.00915	0.68572	0.00245	1	0.06047	-0.01274	0.68232	0.00393	1	1.45898	0.81042	0	
1278077	8619.36328	3306993229757	0.48586	0.26724	8619.06250	0.30078	12106	1	0.53594	0.33275	1	0.46626	0.33196	1	0.50110	0.33235	1	0.47126	0.53370	11.92032	1.06647	1	0.73096	0.55199	13.71213	1.06647	1	-0.00730	-0.00915	0.68572	0.00366	1	0.06047	-0.01274	0.68232	0.00393	1	1.45898	0.81042	0	
1278078	8619.37012	3306993299439	0.48617	0.26842	8619.06250	0.30762	12106	1	0.54075	0.34265	1	0.46037	0.30320	1	0.50056	0.32293	1	0.47136	0.53385	11.80332	1.06647	1	0.73083	0.55183	13.32362	1.06647	1	-0.00730	-0.00915	0.68572	0.00362	1	0.06047	-0.01274	0.68232	0.00400	1	1.45898	0.81042	0	
1278079	8619.37695	3306993366161	0.48647	0.26956	8619.06250	0.31445	12106	1	0.54075	0.34265	1	0.46037	0.30320	1	0.50056	0.32293	1	0.47100	0.53168	12.41314	1.06647	1	0.73092	0.55160	13.41546	1.06647	1	-0.00730	-0.00915	0.68572	0.00240	1	0.06047	-0.01274	0.68232	0.00386	1	1.45898	0.81042	0	
1278080	8619.38379	3306993430698	0.48629	0.26903	8619.06250	0.32129	12106	1	0.51884	0.16629	1	0.45962	0.32191	1	0.48923	0.24410	1	0.47103	0.53163	12.39147	1.06647	1	0.73079	0.55190	13.44934	1.06647	1	-0.00730	-0.00915	0.68572	0.00244	1	0.06047	-0.01274	0.68232	0.00395	1	1.45898	0.81042	0	
1278081	8619.39062	3306993500265	0.48681	0.26936	8619.06250	0.32812	12106	1	0.51510	0.15250	1	0.45615	0.31491	1	0.48563	0.23370	1	0.47108	0.53146	12.07136	1.06647	1	0.73076	0.55191	13.38190	1.06647	1	-0.00730	-0.00915	0.68572	0.00243	1	0.06047	-0.01274	0.68232	0.00399	1	1.45898	0.81042	0	
1278082	8619.39746	3306993567405	0.48734	0.26961	8619.06250	0.33496	12106	1	0.51510	0.15250	1	0.45615	0.31491	1	0.48563	0.23370	1	0.47106	0.53154	12.43645	1.06647	1	0.73098	0.55193	13.45106	1.06647	1	-0.00730	-0.00915	0.68572	0.00241	1	0.06047	-0.01274	0.68232	0.00393	1	1.45898	0.81042	0	
1278083	8619.40430	3306993634618	0.48787	0.26957	8619.06250	0.34180	12106	1	0.50350	0.16854	1	0.47359	0.29598	1	0.48854	0.23226	1	0.47091	0.53165	12.33374	1.06647	1	0.73100	0.55177	13.44950	1.06647	1	-0.00730	-0.00915	0.68572	0.00248	1	0.06047	-0.01274	0.68232	0.00398	1	1.45898	0.81042	0	
1278084	8619.41016	3306993700895	0.48811	0.26961	8619.06250	0.34766	12106	1	0.51016	0.15607	1	0.46444	0.31557	1	0.48730	0.23582	1	0.47097	0.53153	12.27521	1.06647	1	0.73095	0.55179	13.37694	1.06647	1	-0.00730	-0.00915	0.68572	0.00246	1	0.06047	-0.01274	0.68232	0.00389	1	1.45898	0.81042	0	
1278085	8619.41699	3306993768948	0.48836	0.26974	8619.06250	0.35449	12106	1	0.51016	0.15607	1	0.46444	0.31557	1	0.48730	0.23582	1	0.47082	0.53166	12.24680	1.06647	1	0.73100	0.55198	13.46251	1.06647	1	-0.00730	-0.00915	0.68572	0.00249	1	0.06047	-0.01269	0.68232	0.00387	1	1.45898	0.81042	0	
1278086	8619.42383	3306993834449	0.48821	0.26929	8619.06250	0.36133	12106	1	0.50487	0.35764	1	0.46895	0.30694	1	0.48691	0.33229	1	0.47082	0.53369	11.85160	1.06647	1	0.73095	0.55176	13.36777	1.06647	1	-0.00730	-0.00915	0.68572	0.00363	1	0.06047	-0.01269	0.68232	0.00393	1	1.45898	0.81042	0	
1278087	8619.43066	3306993899571	0.48856	0.27005	8619.06250	0.36816	12106	1	0.51337	0.17963	1	0.47150	0.30435	1	0.49244	0.24199	1	0.47102	0.53168	12.25231	1.06647	1	0.73100	0.55189	13.54471	1.06647	1	-0.00730	-0.00915	0.68572	0.00246	1	0.06047	-0.01269	0.68232	0.00394	1	1.45898	0.81042	0	
1278088	8619.43750	3306993966168	0.48893	0.27120	8619.06250	0.37500	12106	1	0.51337	0.17963	1	0.47150	0.30435	1	0.49244	0.24199	1	0.47093	0.53155	12.22491	1.06647	1	0.73094	0.55172	13.35657	1.06647	1	-0.00730	-0.00915	0.68572	0.00248	1	0.06061	-0.01279	0.68507	0.00396	1	1.45898	0.81042	0	
1278089	8619.44434	3306994033859	0.48910	0.27227	8619.06250	0.38184	12106	1	0.50947	0.16860	1	0.47024	0.29206	1	0.48985	0.23033	1	0.47074	0.53162	12.50607	1.06647	1	0.73099	0.55172	13.35577	1.06647	1	-0.00730	-0.00915	0.68572	0.00245	1	0.06061	-0.01279	0.68507	0.00392	1	1.45898	0.81042	0	
1278090	8619.45020	3306994099332	0.48891	0.27208	8619.06250	0.38770	12106	1	0.50059	0.15881	1	0.46715	0.30853	1	0.48387	0.23367	1	0.47074	0.53158	12.37919	1.06647	1	0.73094	0.55175	13.33330	1.06647	1	-0.00730	-0.00915	0.68572	0.00241	1	0.06061	-0.01279	0.68507	0.00394	1	1.45898	0.81042	0	
1278091	8619.45703	3306994166737	0.48771	0.24343	8619.06250	0.38770	12106	0	0.49948	0.15009	1	0.46742	0.30092	1	0.48345	0.22551	1	0.47100	0.53171	12.42685	1.07556	1	0.73096	0.55169	13.27520	1.07556	1	-0.00748	-0.00932	0.69783	0.00251	1	0.06061	-0.01279	0.68507	0.00399	1	1.45898	0.81042	0	
1278092	8619.46387	3306994230157	0.48962	0.25988	8619.06250	0.38770	12106	0	0.50832	0.29798	1	0.47472	0.25469	1	0.49152	0.27633	1	0.47086	0.53353	12.01946	1.08464	1	0.73103	0.55154	13.05285	1.08464	1	-0.00748	-0.00932	0.69783	0.00382	1	0.06061	-0.01279	0.68507	0.00403	1	1.45898	0.81042	0	
1278093	8619.47070	3306994300748	0.48989	0.28005	8619.06250	0.38770	12106	0	0.52513	0.33299	1	0.45573	0.30778	1	0.49043	0.32039	1	0.47112	0.53382	12.38395	1.09373	1	0.73072	0.55201	13.59382	1.09373	1	-0.00748	-0.00932	0.69783	0.00376	1	0.06061	-0.01279	0.68507	0.00400	1	1.45898	0.81042	0	
1278094	8619.47754	3306994367892	0.49002	0.29014	8619.45703	0.02051	12107	1	0.52513	0.33299	1	0.45573	0.30778	1	0.49043	0.32039	1	0.47082	0.53155	12.18037	1.09373	1	0.73049	0.55199	14.05319	1.09373	1	-0.00733	-0.00907	0.67906	0.00253	1	0.06061	-0.01279	0.68507	0.00390	1	1.45898	0.81042	0	
1278095	8619.48438	3306994434058	0.48924	0.29237	8619.45703	0.02734	12107	1	0.50855	0.34001	1	0.46369	0.26265	1	0.48612	0.30133	1	0.47087	0.53375	12.06807	1.08464	1	0.73083	0.55163	13.28039	1.08464	1	-0.00733	-0.00907	0.67906	0.00375	1	0.06061	-0.01279	0.68507	0.00391	1	1.45898	0.81042	0	
1278096	8619.49023	3306994501555	0.49168	0.29189	8619.45703	0.03320	12107	1	0.52448	0.29866	1	0.48328	0.28025	1	0.50388	0.28945	1	0.47110	0.53332	12.25530	1.07556	1	0.73125	0.55164	12.92669	1.07556	1	-0.00733	-0.00907	0.67906	0.00375	1	0.06061	-0.01279	0.68507	0.00393	1	1.45898	0.81042	0	
1278097	8619.49805	3306994571190	0.49346	0.29263	8619.45703	0.04102	12107	1	0.52542	0.30610	1	0.48288	0.28803	1	0.50415	0.29707	1	0.47105	0.53358	12.03747	1.06647	1	0.73094	0.55180	13.27299	1.06647	1	-0.00733	-0.00907	0.67906	0.00366	1	0.06061	-0.01279	0.68507	0.00390	1	1.45898	0.81042	0	
1278098	8619.50488	3306994639107	0.49258	0.28637	8619.45703	0.04785	12107	1	0.50251	0.15444	1	0.47024	0.33072	1	0.48637	0.24258	1	0.47062	0.53160	12.50272	1.06647	1	0.73099	0.55203	13.36965	1.06647	1	-0.00733	-0.00907	0.67906	0.00245	1	0.06061	-0.01279	0.68507	0.00382	1	1.45898	0.81042	0	
1278099	8619.51074	3306994706093	0.49082	0.28183	8619.45703	0.05371	12107	1	0.48630	0.16445	1	0.46728	0.32647	1	0.47679	0.24546	1	0.47067	0.53171	12.35426	1.06647	1	0.73098	0.55194	13.30722	1.06647	1	-0.00733	-0.00907	0.67906	0.00242	1	0.06061	-0.01279	0.68507	0.00385	1	1.45898	0.81042	0	
1278100	8619.51758	3306994772871	0.48942	0.27819	8619.45703	0.06055	12107	1	0.48630	0.16445	1	0.46728	0.32647	1	0.47679	0.24546	1	0.47067	0.53167	12.45747	1.06647	1	0.73122	0.55181	13.14561	1.06647	1	-0.00733	-0.00907	0.67906	0.00241	1	0.06061	-0.01279	0.68507	0.00388	1	1.45898	0.81042	0	
1278101	8619.52441	3306994839790	0.48958	0.28100	8619.45703	0.06738	12107	1	0.50907	0.30981	1	0.47325	0.30838	1	0.49116	0.30909	1	0.47096	0.53329	12.19271	1.06647	1	0.73107	0.55190	13.08919	1.06647	1	-0.00733	-0.00907	0.67906	0.00360	1	0.06061	-0.01279	0.68507	0.00389	1	1.45898	0.81042	0	
1278102	8619.53125	3306994904662	0.48986	0.28521	8619.45703	0.07422	12107	1	0.54250	0.31471	1	0.44337	0.34825	1	0.49293	0.33148	1	0.47106	0.53351	12.19006	1.06647	1	0.73056	0.55212	13.72694	1.06647	1	-0.00733	-0.00907	0.67906	0.00363	1	0.06061	-0.01279	0.68507	0.00400	1	1.45898	0.81042	0	
1278103	8619.53809	3306994973928	0.49009	0.28876	8619.45703	0.08105	12107	1	0.54250	0.31471	1	0.44337	0.34825	1	0.49293	0.33148	1	0.47125	0.53370	12.23721	1.06647	1	0.73083	0.55181	13.59177	1.06647	1	-0.00733	-0.00907	0.67906	0.00369	1	0.06061	-0.01279	0.68507	0.00380	1	1.45898	0.81042	0	
1278104	8619.54492	3306995041112	0.49076	0.28565	8619.45703	0.08789	12107	1	0.51216	0.14573	1	0.48668	0.34458	1	0.49942	0.24516	1	0.47064	0.53163	12.32765	1.06647	1	0.73090	0.55204	13.38934	1.06647	1	-0.00733	-0.00907	0.67906	0.00244	1	0.06061	-0.01279	0.68507	0.00391	1	1.45898	0.81042	0	
1278105	8619.55078	3306995107832	0.49226	0.28259	8619.45703	0.09375	12107	1	0.53809	0.17404	1	0.48849	0.30552	1	0.51329	0.23978	1	0.47051	0.53166	12.21234	1.06647	1	0.73089	0.55196	13.38246	1.06647	1	-0.00733	-0.00907	0.67906	0.00249	1	0.06061	-0.01279	0.68507	0.00389	1	1.45898	0.81042	0	
1278106	8619.55762	3306995174954	0.49359	0.27969	8619.45703	0.10059	12107	1	0.53809	0.17404	1	0.48891	0.29821	1	0.51350	0.23612	1	0.47054	0.53163	12.35110	1.06647	1	0.73081	0.55159	12.86860	1.07515	1	-0.00733	-0.00907	0.67906	0.00250	1	0.06175	-0.01310	0.69847	0.00392	1	1.45898	0.81042	0	
1278107	8619.56445	3306995241924	0.49516	0.28042	8619.45703	0.10742	12107	1	0.54838	0.27640	1	0.49203	0.30782	1	0.52021	0.29211	1	0.47073	0.53358	12.36317	1.07515	1	0.73057	0.55191	12.75957	1.08383	1	-0.00733	-0.00907	0.67906	0.00378	1	0.06175	-0.01310	0.69847	0.00387	1	1.45898	0.81042	0	
1278108	8619.57129	3306995308799	0.49572	0.27894	8619.45703	0.11426	12107	1	0.53274	0.22225	1	0.47789	0.28542	1	0.50531	0.25383	1	0.47052	0.53327	12.02966	1.08383	1	0.73032	0.55179	12.42592	1.09251	1	-0.00733	-0.00907	0.67906	0.00385	1	0.06175	-0.01310	0.69847	0.00404	1	1.45898	0.81042	0	
1278109	8619.57812	3306995376057	0.49619	0.27701	8619.45703	0.12109	12107	1	0.53104	0.20655	1	0.47823	0.27780	1	0.50464	0.24218	1	0.47024	0.53331	12.64269	1.10160	1	0.73007	0.55184	13.22713	1.10160	1	-0.00765	-0.00939	0.70351	0.00374	1	0.06074	-0.01284	0.68764	0.00392	1	1.45898	0.81042	0	
1278110	8619.58496	3306995442822	0.49616	0.27548	8619.45703	0.12793	12107	1	0.52244	0.26818	1	0.46864	0.22468	1	0.49554	0.24643	1	0.47031	0.53366	11.93844	1.11068	1	0.73016	0.55114	13.00636	1.10200	1	-0.00765	-0.00939	0.70351	0.00371	1	0.06074	-0.01284	0.68764	0.00421	1	1.45898	0.81042	0	
1278111	8619.59180	3306995509852	0.49609	0.27439	8619.45703	0.13477	12107	1	0.52728	0.23140	1	0.46219	0.27375	1	0.49474	0.25257	1	0.47048	0.53335	12.22825	1.11109	1	0.73003	0.55189	13.41317	1.10241	1	-0.00765	-0.00939	0.70351	0.00409	1	0.06074	-0.01284	0.68764	0.00391	1	1.45898	0.81042	0	
1278112	8619.59766	3306995576588	0.49604	0.27373	8619.45703	0.14062	12107	1	0.52813	0.23881	1	0.46198	0.28105	1	0.49506	0.25993	1	0.47020	0.53340	12.09753	1.10241	1	0.73027	0.55167	13.00742	1.09373	1	-0.00744	-0.00907	0.67929	0.00383	1	0.06074	-0.01284	0.68764	0.00391	1	1.45898	0.81042	0	
1278113	8619.60449	3306995643513	0.49526	0.27284	8619.45703	0.14746	12107	1	0.49349	0.22194	1	0.46267	0.28463	1	0.47808	0.25328	1	0.46996	0.53312	11.88964	1.08464	1	0.73007	0.55189	13.33003	1.08464	1	-0.00744	-0.00907	0.67929	0.00390	1	0.06074	-0.01284	0.68764	0.00389	1	1.45898	0.81042	0	
1278114	8619.61133	3306995710596	0.49515	0.27148	8619.45703	0.15430	12107	1	0.50626	0.21908	1	0.47876	0.26119	1	0.49251	0.24014	1	0.47016	0.53297	11.79090	1.07556	1	0.73030	0.55128	13.12437	1.07556	1	-0.00744	-0.00907	0.67929	0.00397	1	0.06074	-0.01284	0.68764	0.00419	1	1.45898	0.81042	0	
1278115	8619.61816	3306995777938	0.49504	0.27022	8619.45703	0.16113	12107	1	0.50626	0.21908	1	0.47876	0.26119	1	0.49251	0.24014	1	0.47020	0.53321	12.14768	1.07556	1	0.73029	0.55147	13.12710	1.07556	1	-0.00776	-0.00940	0.70426	0.00393	1	0.05965	-0.01263	0.67646	0.00413	1	1.45898	0.81042	0	
1278116	8619.62500	3306995845944	0.49459	0.27057	8619.45703	0.16797	12107	1	0.50215	0.25373	1	0.46458	0.30471	1	0.48337	0.27922	1	0.47008	0.53318	11.94454	1.08464	1	0.73016	0.55193	13.33764	1.08464	1	-0.00776	-0.00940	0.70426	0.00401	1	0.05965	-0.01263	0.67646	0.00387	1	1.45898	0.81042	0	
1278117	8619.63184	3306995909949	0.49412	0.27135	8619.45703	0.17480	12107	1	0.49913	0.27223	1	0.46484	0.31109	1	0.48198	0.29166	1	0.46999	0.53358	11.81482	1.09373	1	0.73013	0.55188	13.24488	1.09373	1	-0.00776	-0.00940	0.70426	0.00405	1	0.05965	-0.01263	0.67646	0.00384	1	1.45898	0.81042	0	
1278118	8619.63867	3306995978710	0.49369	0.27208	8619.45703	0.18164	12107	1	0.49913	0.27223	1	0.46484	0.31109	1	0.48198	0.29166	1	0.46977	0.53190	12.21231	1.09373	1	0.73027	0.55187	12.96692	1.09373	1	-0.00745	-0.00896	0.67107	0.00250	1	0.05965	-0.01263	0.67646	0.00381	1	1.45898	0.81042	0	
1278119	8619.64453	3306996043627	0.49341	0.26905	8619.45703	0.18750	12107	1	0.49218	0.10165	1	0.47862	0.26691	1	0.48540	0.18428	1	0.46984	0.53206	11.77351	1.08464	1	0.73039	0.55155	13.10921	1.08464	1	-0.00745	-0.00896	0.67107	0.00251	1	0.05965	-0.01263	0.67646	0.00411	1	1.45898	0.81042	0	
1278120	8619.65137	3306996108602	0.49387	0.26710	8619.45703	0.19434	12107	1	0.51315	0.08581	1	0.50153	0.33553	1	0.50734	0.21067	1	0.46987	0.53184	12.29551	1.07556	1	0.73032	0.55213	13.23953	1.07556	1	-0.00745	-0.00896	0.67107	0.00243	1	0.05965	-0.01263	0.67646	0.00390	1	1.45898	0.81042	0	
1278121	8619.65820	3306996175934	0.49431	0.26555	8619.45703	0.20117	12107	1	0.51416	0.09507	1	0.50099	0.34286	1	0.50757	0.21896	1	0.46983	0.53195	12.21348	1.06647	1	0.73003	0.55190	12.78832	1.06647	1	-0.00745	-0.00896	0.67107	0.00249	1	0.05965	-0.01263	0.67646	0.00393	1	1.45898	0.81042	0	
1278122	8619.66504	3306996246556	0.49435	0.26661	8619.45703	0.20801	12107	1	0.50177	0.23984	1	0.48921	0.35903	1	0.49549	0.29944	1	0.47002	0.53350	11.84984	1.06647	1	0.73018	0.55222	13.21684	1.06647	1	-0.00745	-0.00896	0.67107	0.00401	1	0.05965	-0.01263	0.67646	0.00383	1	1.45898	0.81042	0	
1278123	8619.67188	3306996313571	0.49457	0.26418	8619.45703	0.21484	12107	1	0.50984	0.09940	1	0.49330	0.27325	1	0.50157	0.18633	1	0.46983	0.53195	12.21348	1.06647	1	0.73019	0.55139	12.71311	1.06647	1	-0.00745	-0.00896	0.67107	0.00249	1	0.05965	-0.01263	0.67646	0.00410	1	1.45898	0.81042	0	
1278124	8619.67871	3306996380709	0.49477	0.26189	8619.45703	0.22168	12107	1	0.50984	0.09940	1	0.49330	0.27325	1	0.50157	0.18633	1	0.46982	0.53178	12.21966	1.06647	1	0.73029	0.55151	12.81607	1.06647	1	-0.00745	-0.00896	0.67107	0.00245	1	0.05956	-0.01264	0.67659	0.00411	1	1.45898	0.81042	0	
1278125	8619.68555	3306996447590	0.49505	0.26070	8619.45703	0.22852	12107	1	0.51772	0.14172	1	0.49119	0.29883	1	0.50446	0.22028	1	0.46989	0.53190	12.21235	1.06647	1	0.73017	0.55164	12.89701	1.06647	1	-0.00745	-0.00896	0.67107	0.00245	1	0.05956	-0.01264	0.67659	0.00413	1	1.45898	0.81042	0	
1278126	8619.69141	3306996513631	0.49499	0.25946	8619.45703	0.23438	12107	1	0.49268	0.15406	1	0.49304	0.27835	1	0.49286	0.21621	1	0.46988	0.53189	12.20498	1.06647	1	0.73024	0.55133	12.61648	1.06647	1	-0.00745	-0.00896	0.67107	0.00242	1	0.05956	-0.01264	0.67659	0.00416	1	1.45898	0.81042	0	
1278127	8619.69824	3306996582222	0.49493	0.25829	8619.45703	0.24121	12107	1	0.49268	0.15406	1	0.49304	0.27835	1	0.49286	0.21621	1	0.46986	0.53190	12.23868	1.06647	1	0.72988	0.55223	12.51030	1.06647	1	-0.00745	-0.00896	0.67107	0.00240	1	0.05965	-0.01268	0.67646	0.00384	1	1.45898	0.81042	0	
1278128	8619.70508	3306996649591	0.49501	0.25949	8619.45703	0.24805	12107	1	0.49949	0.29273	1	0.49630	0.31492	1	0.49790	0.30383	1	0.46993	0.53345	11.84055	1.06647	1	0.73019	0.55194	13.07635	1.06647	1	-0.00745	-0.00896	0.67107	0.00404	1	0.05965	-0.01268	0.67646	0.00389	1	1.45898	0.81042	0	
1278129	8619.71191	3306996715953	0.49634	0.23463	8619.45703	0.24805	12107	0	0.50451	0.24942	1	0.46964	0.31328	1	0.48708	0.28135	1	0.47008	0.53307	11.52133	1.06647	1	0.72985	0.55185	12.27250	1.06647	1	-0.00745	-0.00896	0.67107	0.00399	1	0.05965	-0.01268	0.67646	0.00398	1	1.45898	0.81042	0	
1278130	8619.71875	3306996782688	0.49171	0.25799	8619.45703	0.24805	12107	0	0.50451	0.24942	1	0.46964	0.31328	1	0.48708	0.28135	1	0.47018	0.53354	11.78766	1.06647	1	0.73018	0.55145	12.78837	1.06647	1	-0.00745	-0.00896	0.67107	0.00399	1	0.05965	-0.01263	0.67646	0.00416	1	1.45898	0.81042	0	
1278131	8619.72559	3306996849574	0.49421	0.28011	8619.45703	0.24805	12107	0	0.50585	0.32222	1	0.49261	0.32649	1	0.49923	0.32436	1	0.47000	0.53384	11.94908	1.06647	1	0.73027	0.55206	13.08771	1.06647	1	-0.00745	-0.00896	0.67107	0.00395	1	0.05965	-0.01263	0.67646	0.00385	1	1.45898	0.81042	0	
1278132	8619.73242	3306996916587	0.49535	0.29086	8619.71191	0.02051	12108	1	0.50318	0.30542	1	0.49435	0.34082	1	0.49876	0.32312	1	0.47002	0.53371	12.12645	1.06647	1	0.73022	0.55207	13.18553	1.06647	1	-0.00745	-0.00896	0.67107	0.00393	1	0.05965	-0.01263	0.67646	0.00380	1	1.45898	0.81042	0	
1278133	8619.73828	3306996982665	0.49603	0.29732	8619.71191	0.02637	12108	1	0.50318	0.30542	1	0.49435	0.34082	1	0.49876	0.32312	1	0.47030	0.53390	12.36223	1.06647	1	0.73010	0.55208	13.04341	1.06647	1	-0.00745	-0.00896	0.67107	0.00379	1	0.05965	-0.01263	0.67646	0.00386	1	1.45898	0.81042	0	
1278134	8619.74512	3306997049510	0.49840	0.29162	8619.71191	0.03320	12108	1	0.51797	0.24693	1	0.50246	0.27931	1	0.51022	0.26312	1	0.47019	0.53338	11.92384	1.06647	1	0.73030	0.55147	12.93605	1.06647	1	-0.00745	-0.00896	0.67107	0.00395	1	0.05965	-0.01263	0.67646	0.00410	1	1.45898	0.81042	0	
1278135	8619.75195	3306997117329	0.49787	0.29598	8619.71191	0.04004	12108	1	0.50430	0.30383	1	0.48508	0.34044	1	0.49469	0.32213	1	0.47004	0.53376	11.82912	1.06647	1	0.73010	0.55205	13.46014	1.06647	1	-0.00745	-0.00896	0.67107	0.00391	1	0.05965	-0.01263	0.67646	0.00387	1	1.45898	0.81042	0	
1278136	8619.75879	3306997184475	0.49743	0.29832	8619.71191	0.04688	12108	1	0.50321	0.29636	1	0.48550	0.33309	1	0.49435	0.31472	1	0.47008	0.53309	11.52588	1.07556	1	0.73018	0.55204	13.41223	1.07556	1	-0.00776	-0.00940	0.70426	0.00395	1	0.05965	-0.01263	0.67646	0.00380	1	1.45898	0.81042	0	
1278137	8619.76562	3306997251112	0.49761	0.29538	8619.71191	0.05371	12108	1	0.50404	0.26601	1	0.49409	0.27776	1	0.49907	0.27188	1	0.47004	0.53342	11.75911	1.08464	1	0.73015	0.55189	13.17739	1.08464	1	-0.00776	-0.00940	0.70426	0.00393	1	0.05965	-0.01263	0.67646	0.00378	1	1.45898	0.81042	0	
1278138	8619.77246	3306997319058	0.49607	0.28600	8619.71191	0.06055	12108	1	0.49419	0.11586	1	0.47030	0.28735	1	0.48225	0.20160	1	0.47000	0.53183	12.25339	1.09373	1	0.73019	0.55188	13.24105	1.09373	1	-0.00776	-0.00940	0.70426	0.00245	1	0.05965	-0.01263	0.67646	0.00376	1	1.45898	0.81042	0	
1278139	8619.77930	3306997384991	0.49478	0.27758	8619.71191	0.06738	12108	1	0.49307	0.10699	1	0.47059	0.27976	1	0.48183	0.19338	1	0.46997	0.53292	11.76150	1.10281	1	0.73011	0.55191	13.21569	1.10281	1	-0.00776	-0.00940	0.70426	0.00403	1	0.05965	-0.01268	0.67646	0.00388	1	1.45898	0.81042	0	
1278140	8619.78613	3306997452530	0.49466	0.27052	8619.71191	0.07422	12108	1	0.49736	0.22793	1	0.48930	0.15765	1	0.49333	0.19279	1	0.47000	0.53330	11.92503	1.10281	1	0.73043	0.55064	12.74502	1.10281	1	-0.00776	-0.00940	0.70426	0.00403	1	0.05965	-0.01268	0.67646	0.00422	1	1.45898	0.81042	0	
1278141	8619.79199	3306997518652	0.49370	0.27012	8619.71191	0.08008	12108	1	0.50163	0.24155	1	0.46269	0.28928	1	0.48216	0.26542	1	0.47007	0.53339	11.71429	1.10281	1	0.73010	0.55194	13.31921	1.10281	1	-0.00776	-0.00940	0.70426	0.00395	1	0.05965	-0.01268	0.67646	0.00388	1	1.45898	0.81042	0	
1278142	8619.79883	3306997586292	0.49290	0.27033	8619.71191	0.08691	12108	1	0.50270	0.24930	1	0.46247	0.29678	1	0.48258	0.27304	1	0.47003	0.53300	11.76836	1.09373	1	0.73039	0.55169	13.04886	1.09373	1	-0.00744	-0.00907	0.67929	0.00403	1	0.05965	-0.01268	0.67646	0.00381	1	1.45898	0.81042	0	
1278143	8619.80566	3306997652765	0.49296	0.26978	8619.71191	0.09375	12108	1	0.50762	0.22952	1	0.47996	0.29469	1	0.49379	0.26210	1	0.47009	0.53314	11.92932	1.08464	1	0.73035	0.55180	13.36222	1.08464	1	-0.00744	-0.00907	0.67929	0.00391	1	0.05965	-0.01268	0.67646	0.00380	1	1.45898	0.81042	0	
1278144	8619.81250	3306997720192	0.49341	0.27064	8619.71191	0.10059	12108	1	0.51470	0.25267	1	0.48553	0.31425	1	0.50011	0.28346	1	0.47018	0.53344	11.85838	1.07556	1	0.73040	0.55187	13.01364	1.07556	1	-0.00744	-0.00907	0.67929	0.00365	1	0.05965	-0.01268	0.67646	0.00390	1	1.45898	0.81042	0	
1278145	8619.81934	3306997786619	0.49380	0.27139	8619.71191	0.10742	12108	1	0.51470	0.25267	1	0.48553	0.31425	1	0.50011	0.28346	1	0.47034	0.53187	12.59001	1.07556	1	0.73023	0.55201	13.38124	1.07556	1	-0.00765	-0.00939	0.70351	0.00250	1	0.06074	-0.01284	0.68764	0.00385	1	1.45898	0.81042	0	
1278146	8619.82617	3306997852443	0.49350	0.26805	8619.71191	0.11426	12108	1	0.51219	0.12549	1	0.46438	0.29684	1	0.48828	0.21117	1	0.47030	0.53183	12.45458	1.08464	1	0.73009	0.55182	13.33288	1.08464	1	-0.00765	-0.00939	0.70351	0.00254	1	0.06074	-0.01284	0.68764	0.00390	1	1.45898	0.81042	0	
1278147	8619.83203	3306997918260	0.49307	0.26589	8619.71191	0.12012	12108	1	0.51021	0.10938	1	0.46046	0.34483	1	0.48533	0.22710	1	0.47029	0.53179	12.32829	1.09373	1	0.73008	0.55174	13.13136	1.09373	1	-0.00765	-0.00939	0.70351	0.00249	1	0.06074	-0.01284	0.68764	0.00392	1	1.45898	0.81042	0	
1278148	8619.83887	3306997985312	0.49266	0.26355	8619.71191	0.12695	12108	1	0.50919	0.10047	1	0.46067	0.33773	1	0.48493	0.21910	1	0.47030	0.53171	12.24212	1.10281	1	0.73017	0.55176	13.51153	1.10281	1	-0.00765	-0.00939	0.70351	0.00248	1	0.06074	-0.01284	0.68764	0.00400	1	1.45898	0.81042	0	
1278149	8619.84570	3306998052650	0.48876	0.23469	8619.71191	0.12695	12108	0	0.51735	0.09573	1	0.46354	0.31161	1	0.49044	0.20367	1	0.47037	0.53180	12.48275	1.10281	1	0.73013	0.55207	13.62426	1.10281	1	-0.00765	-0.00939	0.70351	0.00250	1	0.06074	-0.01284	0.68764	0.00395	1	1.45898	0.81042	0	
1278150	8619.85254	3306998117530	0.48429	0.22097	8619.71191	0.12695	12108	0	0.50948	0.09751	1	0.45017	0.31700	1	0.47982	0.20726	1	0.47029	0.53170	12.25590	1.10281	1	0.72994	0.55185	13.34578	1.10281	1	-0.00765	-0.00939	0.70351	0.00248	1	0.06074	-0.01284	0.68764	0.00403	1	1.45898	0.81042	0	
1278151	8619.85938	3306998187003	0.48295	0.21910	8619.71191	0.12695	12108	0	0.51049	0.10644	1	0.45005	0.32427	1	0.48027	0.21536	1	0.47056	0.53167	12.56105	1.09373	1	0.73060	0.55111	12.20008	1.09373	1	-0.00733	-0.00907	0.67906	0.00249	1	0.06074	-0.01284	0.68764	0.00451	1	1.45898	0.81042	0	
1278152	8619.86523	3306998251945	0.48775	0.22840	8619.84570	0.01953	12109	1	0.51837	0.20643	1	0.48596	0.30612	1	0.50216	0.25628	1	0.47078	0.53284	11.92962	1.08464	1	0.73084	0.55195	12.53983	1.08464	1	-0.00733	-0.00907	0.67906	0.00398	1	0.06074	-0.01284	0.68764	0.00401	1	1.45898	0.81042	0	
1278153	8619.87207	3306998319752	0.49008	0.23785	8619.84570	0.02637	12109	1	0.52760	0.24635	1	0.47118	0.30499	1	0.49939	0.27567	1	0.47088	0.53274	12.02435	1.07556	1	0.73062	0.55175	12.69783	1.07556	1	-0.00733	-0.00907	0.67906	0.00396	1	0.06074	-0.01284	0.68764	0.00388	1	1.45898	0.81042	0	
1278154	8619.87891	3306998387679	0.49166	0.24597	8619.84570	0.03320	12109	1	0.52852	0.25424	1	0.47063	0.31895	1	0.49957	0.28659	1	0.47071	0.53163	12.27187	1.06647	1	0.73093	0.55231	13.05686	1.05881	1	-0.00733	-0.00907	0.67906	0.00241	1	0.05853	-0.01242	0.66214	0.00377	1	1.45898	0.81042	0	
1278155	8619.88574	3306998453610	0.49163	0.24776	8619.84570	0.04004	12109	1	0.49767	0.17134	1	0.48513	0.34555	1	0.49140	0.25844	1	0.47070	0.53167	12.19029	1.05881	1	0.73089	0.55209	13.00748	1.05115	1	-0.00733	-0.00907	0.67906	0.00242	1	0.05853	-0.01242	0.66214	0.00384	1	1.45898	0.81042	0	
1278156	8619.89258	3306998523892	0.49231	0.25883	8619.84570	0.04688	12109	1	0.52064	0.35316	1	0.47355	0.31963	1	0.49710	0.33639	1	0.47097	0.53372	12.11180	1.05115	1	0.73066	0.55205	12.45791	1.04349	1	-0.00733	-0.00907	0.67906	0.00359	1	0.05853	-0.01242	0.66214	0.00378	1	1.45898	0.81042	0	
1278157	8619.89941	3306998589844	0.49285	0.26696	8619.84570	0.05371	12109	1	0.52049	0.35204	1	0.47388	0.31195	1	0.49718	0.33199	1	0.47139	0.53413	12.12938	1.05258	1	0.73115	0.55072	12.51707	1.05258	1	-0.00748	-0.00944	0.70713	0.00363	1	0.06061	-0.01295	0.68507	0.00417	1	1.45898	0.81042	0	
1278158	8619.90625	3306998657948	0.49152	0.26223	8619.84570	0.06055	12109	1	0.48403	0.14444	1	0.47499	0.29489	1	0.47951	0.21966	1	0.47137	0.53238	11.51990	1.06166	1	0.73109	0.55273	13.61040	1.06932	1	-0.00748	-0.00944	0.70713	0.00246	1	0.06061	-0.01295	0.68507	0.00379	1	1.45898	0.81042	0	
1278159	8619.91309	3306998724343	0.48697	0.24020	8619.84570	0.06738	12109	1	0.42922	0.05558	1	0.45385	-0.01579	1	0.44153	0.01989	1	0.47128	0.53229	11.43985	1.07841	1	0.73132	0.55012	12.08234	1.08607	1	-0.00748	-0.00944	0.70713	0.00250	1	0.06061	-0.01295	0.68507	0.00266	1	1.45898	0.81042	0	
1278160	8619.91992	3306998792021	0.48314	0.22115	8619.84570	0.07422	12109	1	0.42789	0.04753	1	0.45399	-0.02436	1	0.44094	0.01159	1	0.47380	0.53773	11.75450	1.08607	1	0.73347	0.55569	12.65201	1.09373	1	-0.00672	-0.00957	0.67855	0.00324	1	0.06038	-0.01324	0.67899	0.00326	1	1.45898	0.81042	0	
1278161	8619.92676	3306998858397	0.48903	0.24089	8619.84570	0.08105	12109	1	0.57707	0.43303	1	0.54238	0.52259	1	0.55972	0.47781	1	0.47418	0.53838	11.27680	1.08464	1	0.73336	0.55665	13.07253	1.08464	1	-0.00672	-0.00957	0.67855	0.00330	1	0.06038	-0.01324	0.67899	0.00349	1	1.45898	0.81042	0	
1278162	8619.93262	3306998925617	0.49284	0.25705	8619.84570	0.08691	12109	1	0.56178	0.43816	1	0.52301	0.49596	1	0.54240	0.46706	1	0.47439	0.53857	11.59640	1.07556	1	0.73354	0.55675	12.33634	1.07556	1	-0.00672	-0.00957	0.67855	0.00335	1	0.06038	-0.01324	0.67899	0.00367	1	1.45898	0.81042	0	
1278163	8619.93945	3306998992518	0.49614	0.27146	8619.84570	0.09375	12109	1	0.56244	0.44441	1	0.52229	0.50195	1	0.54237	0.47318	1	0.47528	0.54010	12.17620	1.06647	1	0.73430	0.55889	13.01631	1.06647	1	-0.00643	-0.00969	0.66970	0.00300	1	0.06070	-0.01359	0.68143	0.00328	1	1.45898	0.81042	0	
1278164	8619.94629	3306999059832	0.50255	0.29183	8619.84570	0.10059	12109	1	0.63313	0.55140	1	0.56431	0.64343	1	0.59872	0.59741	1	0.47529	0.54014	11.92528	1.06647	1	0.73423	0.55883	13.26670	1.06647	1	-0.00643	-0.00969	0.66970	0.00296	1	0.06070	-0.01359	0.68143	0.00321	1	1.45898	0.81042	0	
1278165	8619.95312	3306999126924	0.51607	0.34064	8619.84570	0.10059	12109	0	0.64053	0.55634	1	0.56416	0.65893	1	0.60234	0.60763	1	0.47534	0.54019	12.14675	1.06647	1	0.73437	0.55889	13.21399	1.06647	1	-0.00643	-0.00969	0.66970	0.00309	1	0.06070	-0.01359	0.68143	0.00329	1	1.45898	0.81042	0	
1278166	8619.95996	3306999193405	0.55946	0.47302	8619.84570	0.10059	12109	0	0.64053	0.55634	1	0.56518	0.65447	1	0.60286	0.60540	1	0.47524	0.54031	12.15287	1.06647	1	0.73446	0.55911	13.16956	1.07515	1	-0.00652	-0.00989	0.67981	0.00294	1	0.06157	-0.01378	0.69055	0.00317	1	1.45898	0.81042	0	
1278167	8619.96680	3306999261106	0.57932	0.52938	8619.84570	0.10059	12109	0	0.66288	0.59610	1	0.57522	0.68811	1	0.61905	0.64210	1	0.47526	0.54039	12.06964	1.07515	1	0.73448	0.55918	13.05513	1.08383	1	-0.00652	-0.00989	0.67981	0.00293	1	0.06157	-0.01378	0.69055	0.00316	1	1.45898	0.81042	0	
1278168	8619.97363	3306999327703	0.61240	0.62231	8619.84570	0.10059	12109	0	0.64595	0.56039	1	0.58466	0.67846	1	0.61531	0.61942	1	0.47516	0.54027	12.07291	1.08383	1	0.73447	0.55913	13.03236	1.09251	1	-0.00652	-0.00989	0.67981	0.00295	1	0.06157	-0.01378	0.69055	0.00320	1	1.45898	0.81042	0	
1278169	8619.97949	3306999393852	0.61385	0.61964	8619.84570	0.10059	12109	0	0.64593	0.55548	1	0.58466	0.67846	1	0.61530	0.61697	1	0.47516	0.54027	12.07291	1.09251	1	0.73436	0.55933	13.03815	1.09251	1	-0.00652	-0.00989	0.67981	0.00295	1	0.06049	-0.01357	0.67789	0.00318	1	1.45898	0.81042	0	
1278170	8619.98633	3306999462201	0.61097	0.61267	8619.84570	0.10059	12109	0	0.63535	0.51181	1	0.57508	0.68568	1	0.60521	0.59875	1	0.47513	0.54018	11.82730	1.09251	1	0.73439	0.55934	13.00840	1.08383	1	-0.00652	-0.00989	0.67981	0.00296	1	0.06049	-0.01357	0.67789	0.00317	1	1.45898	0.81042	0	
1278171	8619.99316	3306999528471	0.61114	0.60795	8619.97363	0.01953	12110	1	0.65215	0.54466	1	0.57111	0.64292	1	0.61163	0.59379	1	0.47520	0.54027	12.08416	1.08383	1	0.73436	0.55933	13.03815	1.07515	1	-0.00652	-0.00989	0.67981	0.00295	1	0.06049	-0.01357	0.67789	0.00318	1	1.45898	0.81042	0	
1278172	8620.00000	3306999595785	0.61113	0.60608	8619.97363	0.02637	12110	1	0.65213	0.54970	1	0.57004	0.64747	1	0.61108	0.59858	1	0.47528	0.54046	12.16859	1.07515	1	0.73427	0.55930	13.59231	1.06647	1	-0.00672	-0.00998	0.68946	0.00295	1	0.06049	-0.01357	0.67789	0.00315	1	1.45898	0.81042	0	
1278173	8620.00684	3306999662519	0.61233	0.60486	8619.97363	0.03320	12110	1	0.64695	0.54511	1	0.58979	0.65239	1	0.61837	0.59875	1	0.47518	0.54045	11.98516	1.06647	1	0.73457	0.55933	12.83785	1.06647	1	-0.00672	-0.00998	0.68946	0.00298	1	0.06049	-0.01357	0.67789	0.00319	1	1.45898	0.81042	0	
1278174	8620.01367	3306999729816	0.61176	0.60712	8619.97363	0.04004	12110	1	0.63889	0.58996	1	0.57774	0.65145	1	0.60831	0.62071	1	0.47504	0.54054	12.43666	1.06647	1	0.73445	0.55931	13.59997	1.06647	1	-0.00672	-0.00998	0.68946	0.00298	1	0.06049	-0.01357	0.67789	0.00314	1	1.45898	0.81042	0	
1278175	8620.02051	3306999796659	0.61133	0.60846	8619.97363	0.04688	12110	1	0.63881	0.58498	1	0.57792	0.65071	1	0.60837	0.61784	1	0.47504	0.54066	12.51076	1.07556	1	0.73391	0.55927	13.43222	1.06790	1	-0.00678	-0.01020	0.70086	0.00291	1	0.05903	-0.01324	0.66098	0.00323	1	1.45898	0.81042	0	
1278176	8620.02637	3306999863478	0.60997	0.60792	8619.97363	0.05273	12110	1	0.64013	0.58227	1	0.55797	0.62495	1	0.59905	0.60361	1	0.47502	0.54056	12.45347	1.07698	1	0.73413	0.55918	13.34793	1.06932	1	-0.00678	-0.01020	0.70086	0.00296	1	0.05903	-0.01324	0.66098	0.00318	1	1.45898	0.81042	0	
1278177	8620.03320	3306999928488	0.60823	0.60713	8619.97363	0.05957	12110	1	0.63088	0.56918	1	0.55430	0.63085	1	0.59259	0.60002	1	0.47483	0.54041	11.97656	1.07841	1	0.73413	0.55923	13.29522	1.07075	1	-0.00678	-0.01020	0.70086	0.00306	1	0.05903	-0.01324	0.66098	0.00318	1	1.45898	0.81042	0	
1278178	8620.04004	3306999994704	0.60678	0.60687	8619.97363	0.06641	12110	1	0.63099	0.57348	1	0.55347	0.63497	1	0.59223	0.60423	1	0.47482	0.54056	12.04605	1.07075	1	0.73422	0.55929	13.59002	1.06309	1	-0.00664	-0.00991	0.68106	0.00294	1	0.05910	-0.01330	0.66178	0.00311	1	1.45898	0.81042	0	
1278179	8620.04590	3307000057518	0.60629	0.60575	8619.97363	0.07227	12110	1	0.62933	0.58775	1	0.57248	0.59927	1	0.60091	0.59351	1	0.47486	0.54048	12.09790	1.05400	1	0.73440	0.55929	13.78894	1.05400	1	-0.00664	-0.00991	0.68106	0.00296	1	0.05910	-0.01330	0.66178	0.00310	1	1.45898	0.81042	0	
1278180	8620.05371	3307000128647	0.60534	0.60708	8619.97363	0.08008	12110	1	0.62970	0.61826	1	0.55835	0.62766	1	0.59402	0.62296	1	0.47487	0.54061	12.25571	1.04492	1	0.73413	0.55929	13.61803	1.04492	1	-0.00664	-0.00991	0.68106	0.00294	1	0.05910	-0.01330	0.66178	0.00319	1	1.45898	0.81042	0	
1278181	8620.06055	3307000198506	0.60453	0.60841	8619.97363	0.08691	12110	1	0.62985	0.62310	1	0.55818	0.62845	1	0.59402	0.62577	1	0.47486	0.54031	11.86883	1.03583	1	0.73459	0.55939	13.65678	1.04349	1	-0.00664	-0.00991	0.68106	0.00306	1	0.06045	-0.01362	0.67749	0.00308	1	1.45898	0.81042	0	
1278182	8620.06738	3307000264656	0.60469	0.60887	8619.97363	0.09375	12110	1	0.62658	0.62059	1	0.58721	0.60979	1	0.60689	0.61519	1	0.47468	0.54041	11.46886	1.04349	1	0.73461	0.55934	13.22818	1.05115	1	-0.00664	-0.00991	0.68106	0.00297	1	0.06045	-0.01362	0.67749	0.00309	1	1.45898	0.81042	0	
1278183	8620.07324	3307000331133	0.60481	0.60776	8619.97363	0.09961	12110	1	0.63073	0.57851	1	0.58255	0.60371	1	0.60664	0.59111	1	0.47494	0.54052	11.72803	1.05115	1	0.73455	0.55936	12.81089	1.05881	1	-0.00664	-0.00991	0.68106	0.00296	1	0.06045	-0.01362	0.67749	0.00313	1	1.45898	0.81042	0	
1278184	8620.08008	3307000399290	0.60492	0.60679	8619.97363	0.10645	12110	1	0.63073	0.57871	1	0.58250	0.60392	1	0.60661	0.59131	1	0.47462	0.54020	11.93567	1.05079	1	0.73425	0.55948	12.70072	1.05845	1	-0.00658	-0.00985	0.67020	0.00309	1	0.06049	-0.01357	0.67789	0.00322	1	1.45898	0.81042	0	
1278185	8620.08691	3307000465900	0.60364	0.60707	8619.97363	0.11328	12110	1	0.61528	0.56544	1	0.54836	0.65845	1	0.58182	0.61195	1	0.47461	0.54067	12.25209	1.05044	1	0.73406	0.55980	12.81267	1.05044	1	-0.00658	-0.00985	0.67020	0.00290	1	0.06049	-0.01357	0.67789	0.00331	1	1.45898	0.81042	0	
1278186	8620.09375	3307000534648	0.60292	0.60884	8619.97363	0.12012	12110	1	0.62344	0.59515	1	0.55654	0.68609	1	0.58999	0.64062	1	0.47462	0.54070	12.23365	1.04242	1	0.73413	0.56016	13.43240	1.04242	1	-0.00658	-0.00985	0.67020	0.00289	1	0.06049	-0.01357	0.67789	0.00331	1	1.45898	0.81042	0	
1278187	8620.10059	3307000599405	0.60230	0.61032	8619.97363	0.12695	12110	1	0.62344	0.59515	1	0.55753	0.68176	1	0.59048	0.63845	1	0.47477	0.54060	12.18899	1.04242	1	0.73428	0.55970	12.75994	1.05110	1	-0.00669	-0.00994	0.67598	0.00281	1	0.06348	-0.01426	0.71204	0.00331	1	1.45898	0.81042	0	
1278188	8620.10742	3307000667481	0.60169	0.61039	8619.97363	0.13379	12110	1	0.61457	0.51590	1	0.56443	0.70763	1	0.58950	0.61176	1	0.47467	0.54036	12.05016	1.05912	1	0.73426	0.55987	13.01120	1.06780	1	-0.00669	-0.00994	0.67598	0.00297	1	0.06348	-0.01426	0.71204	0.00323	1	1.45898	0.81042	0	
1278189	8620.11523	3307000750527	0.60111	0.60940	8619.97363	0.14160	12110	1	0.61649	0.50817	1	0.56138	0.66890	1	0.58894	0.58853	1	0.47467	0.54019	11.91002	1.07581	1	0.73417	0.55955	12.50050	1.08449	1	-0.00669	-0.00994	0.67598	0.00298	1	0.06348	-0.01426	0.71204	0.00329	1	1.45898	0.81042	0	
1278190	8620.12207	3307000815073	0.60059	0.60818	8619.97363	0.14844	12110	1	0.61603	0.49781	1	0.56230	0.66493	1	0.58916	0.58137	1	0.47457	0.54019	11.71576	1.09251	1	0.73436	0.55981	12.52785	1.09251	1	-0.00669	-0.00994	0.67598	0.00292	1	0.06045	-0.01362	0.67749	0.00335	1	1.45898	0.81042	0	
1278191	8620.12695	3307000868204	0.60153	0.60817	8619.97363	0.15332	12110	1	0.64323	0.48565	1	0.60316	0.73024	1	0.62319	0.60795	1	0.47460	0.54025	11.76676	1.09251	1	0.73455	0.55961	13.38085	1.08383	1	-0.00669	-0.00994	0.67598	0.00292	1	0.06045	-0.01362	0.67749	0.00308	1	1.45898	0.81042	0	
1278192	8620.13379	3307000936061	0.60124	0.60954	8619.97363	0.16016	12110	1	0.61982	0.57022	1	0.56857	0.71477	1	0.59420	0.64249	1	0.47422	0.54085	12.00178	1.08383	1	0.73441	0.55946	13.25914	1.07515	1	-0.00669	-0.00994	0.67598	0.00298	1	0.06045	-0.01362	0.67749	0.00303	1	1.45898	0.81042	0	
1278193	8620.14062	3307001002357	0.60093	0.61105	8619.97363	0.16699	12110	1	0.62003	0.57506	1	0.56658	0.72224	1	0.59331	0.64865	1	0.47428	0.54053	12.21321	1.07515	1	0.73437	0.55952	13.35404	1.05881	1	-0.00669	-0.00994	0.67598	0.00284	1	0.05941	-0.01339	0.66637	0.00299	1	1.45898	0.81042	0	
1278194	8620.14746	3307001069087	0.60105	0.61294	8619.97363	0.17383	12110	1	0.62799	0.59805	1	0.58023	0.72628	1	0.60411	0.66217	1	0.47432	0.54082	12.42985	1.05881	1	0.73451	0.55957	13.63189	1.05115	1	-0.00669	-0.00994	0.67598	0.00282	1	0.05941	-0.01339	0.66637	0.00307	1	1.45898	0.81042	0	
1278195	8620.15625	3307001153399	0.60081	0.61381	8619.97363	0.18262	12110	1	0.61913	0.55693	1	0.56946	0.71765	1	0.59430	0.63729	1	0.47432	0.54040	12.22898	1.05115	1	0.73440	0.55996	13.46908	1.04349	1	-0.00669	-0.00994	0.67598	0.00299	1	0.05941	-0.01339	0.66637	0.00310	1	1.45898	0.81042	0	
1278196	8620.16113	3307001203404	0.60057	0.61476	8619.97363	0.18750	12110	1	0.61933	0.56143	1	0.56850	0.72124	1	0.59391	0.64134	1	0.47436	0.54070	12.47935	1.04349	1	0.73442	0.55996	13.06195	1.03583	1	-0.00669	-0.00989	0.67599	0.00283	1	0.05853	-0.01322	0.65766	0.00327	1	1.45898	0.81042	0	
1278197	8620.16797	3307001271013	0.60021	0.61658	8619.97363	0.19434	12110	1	0.61913	0.59908	1	0.56055	0.73963	1	0.58984	0.66936	1	0.47425	0.54055	12.30562	1.03583	1	0.73428	0.56010	13.22372	1.03583	1	-0.00669	-0.00989	0.67599	0.00282	1	0.05853	-0.01322	0.65766	0.00316	1	1.45898	0.81042	0	
1278198	8620.17578	3307001355262	0.59992	0.61693	8619.97363	0.20215	12110	1	0.62423	0.56586	1	0.55833	0.68903	1	0.59128	0.62744	1	0.47426	0.54052	12.21399	1.03583	1	0.73417	0.56009	13.30626	1.03583	1	-0.00669	-0.00989	0.67599	0.00283	1	0.05853	-0.01322	0.65766	0.00312	1	1.45898	0.81042	0	
1278199	8620.18164	3307001413565	0.59964	0.61739	8619.97363	0.20801	12110	1	0.62440	0.57057	1	0.55739	0.69303	1	0.59090	0.63180	1	0.47422	0.54047	12.22755	1.02782	1	0.73433	0.56017	13.25494	1.02782	1	-0.00654	-0.00965	0.65623	0.00282	1	0.05853	-0.01322	0.65766	0.00323	1	1.45898	0.81042	0	
1278200	8620.18945	3307001490108	0.59954	0.61775	8619.97363	0.21582	12110	1	0.62923	0.52158	1	0.56310	0.73658	1	0.59617	0.62908	1	0.47427	0.54006	11.73404	1.01980	1	0.73391	0.56005	13.44418	1.01980	1	-0.00654	-0.00965	0.65623	0.00312	1	0.05853	-0.01322	0.65766	0.00320	1	1.45898	0.81042	0	
1278201	8620.19434	3307001541881	0.59970	0.61923	8619.97363	0.22070	12110	1	0.64278	0.59688	1	0.56706	0.73956	1	0.60492	0.66822	1	0.47424	0.54058	12.19401	1.01178	1	0.73402	0.56002	13.47814	1.01178	1	-0.00654	-0.00965	0.65623	0.00289	1	0.05853	-0.01322	0.65766	0.00321	1	1.45898	0.81042	0	
1278202	8620.20801	3307001679792	0.59986	0.62058	8619.97363	0.23438	12110	1	0.64278	0.59688	1	0.56804	0.73603	1	0.60541	0.66646	1	0.47418	0.54058	11.93860	1.01178	1	0.73387	0.56013	13.67850	1.01944	1	-0.00679	-0.00994	0.67623	0.00291	1	0.06138	-0.01390	0.68907	0.00312	1	1.45898	0.81042	0	
1278203	8620.22266	3307001816909	0.59631	0.64987	8619.97363	0.23438	12110	0	0.64519	0.57264	1	0.54963	0.77570	1	0.59741	0.67417	1	0.47430	0.54071	12.39711	1.02746	1	0.73372	0.56002	13.59494	1.03512	1	-0.00679	-0.00994	0.67623	0.00287	1	0.06138	-0.01390	0.68907	0.00314	1	1.45898	0.81042	0	
1278204	8620.22559	3307001851571	0.59706	0.66011	8619.97363	0.23438	12110	0	0.64517	0.56815	1	0.55046	0.77252	1	0.59781	0.67034	1	0.47433	0.54077	12.36991	1.03512	1	0.73379	0.56007	13.89664	1.04278	1	-0.00668	-0.00970	0.66006	0.00287	1	0.06138	-0.01390	0.68907	0.00309	1	1.45898	0.81042	0	
1278205	8620.22949	3307001887134	0.60115	0.65733	8619.97363	0.23438	12110	0	0.63805	0.59698	1	0.58060	0.70657	1	0.60933	0.65177	1	0.47410	0.54067	11.67526	1.04278	1	0.73424	0.55987	13.36300	1.05044	1	-0.00668	-0.00970	0.66006	0.00289	1	0.06138	-0.01390	0.68907	0.00322	1	1.45898	0.81042	0	
1278206	8620.23438	3307001939771	0.60484	0.66039	8620.22266	0.01172	12111	1	0.62176	0.60036	1	0.61006	0.73883	1	0.61591	0.66960	1	0.47390	0.54072	12.01215	1.04242	1	0.73462	0.56007	12.93225	1.04242	1	-0.00668	-0.00970	0.66006	0.00286	1	0.06138	-0.01390	0.68907	0.00329	1	1.45898	0.81042	0	
1278207	8620.24219	3307002016886	0.60681	0.66338	8620.22266	0.01953	12111	1	0.62194	0.60479	1	0.60747	0.74588	1	0.61471	0.67533	1	0.47380	0.54074	11.90434	1.03440	1	0.73383	0.55980	13.10996	1.02674	1	-0.00668	-0.00970	0.66006	0.00288	1	0.05853	-0.01322	0.65766	0.00303	1	1.45898	0.81042	0	
1278208	8620.24805	3307002073718	0.60268	0.66055	8620.22266	0.02539	12111	1	0.60728	0.57148	1	0.55671	0.72131	1	0.58200	0.64639	1	0.47370	0.54085	12.03122	1.02674	1	0.73377	0.55971	12.88246	1.01908	1	-0.00668	-0.00970	0.66006	0.00282	1	0.05853	-0.01322	0.65766	0.00304	1	1.45898	0.81042	0	
1278209	8620.25391	3307002137800	0.60150	0.65933	8620.22266	0.03125	12111	1	0.63869	0.59803	1	0.55017	0.70601	1	0.59443	0.65202	1	0.47368	0.54067	11.88083	1.01908	1	0.73378	0.55983	12.98570	1.01143	1	-0.00668	-0.00970	0.66006	0.00285	1	0.05853	-0.01322	0.65766	0.00301	1	1.45898	0.81042	0	
1278210	8620.26074	3307002205298	0.60067	0.65816	8620.22266	0.03809	12111	1	0.63869	0.59783	1	0.55107	0.70206	1	0.59488	0.64994	1	0.47380	0.54074	11.93765	1.01944	1	0.73366	0.56024	12.72140	1.01944	1	-0.00691	-0.00997	0.67808	0.00275	1	0.06038	-0.01365	0.67899	0.00315	1	1.45898	0.81042	0	AUDIO_FILE_OFFSET
1278211	8620.26758	3307002270123	0.60018	0.65920	8620.22266	0.04492	12111	1	0.61952	0.57852	1	0.57297	0.75657	1	0.59624	0.66754	1	0.47348	0.54106	12.26542	1.02746	1	0.73367	0.56023	12.82866	1.03512	1	-0.00691	-0.00997	0.67808	0.00283	1	0.06038	-0.01365	0.67899	0.00318	1	1.45898	0.81042	0	
1278212	8620.27441	3307002339865	0.60072	0.65803	8620.22266	0.05176	12111	1	0.63999	0.57742	1	0.57126	0.71748	1	0.60562	0.64745	1	0.47370	0.54087	12.41096	1.04313	1	0.73364	0.55997	12.71404	1.05079	1	-0.00691	-0.00997	0.67808	0.00272	1	0.06038	-0.01365	0.67899	0.00326	1	1.45898	0.81042	0	
1278213	8620.28125	3307002405942	0.60126	0.65633	8620.22266	0.05859	12111	1	0.63987	0.56845	1	0.57325	0.71018	1	0.60656	0.63931	1	0.47364	0.54093	12.20902	1.05881	1	0.73326	0.56005	13.38825	1.06647	1	-0.00691	-0.00997	0.67808	0.00278	1	0.06037	-0.01367	0.67998	0.00319	1	1.45898	0.81042	0	
1278515	8622.30469	3307022637524	0.48937	0.30670	8622.16309	0.14160	12121	1	0.49169	0.24643	1	0.43987	0.26667	1	0.46578	0.25655	1	0.46835	0.53420	10.95093	1.12017	1	0.72819	0.55138	12.24815	1.12885	1	-0.00816	-0.00948	0.70198	0.00392	1	0.06159	-0.01312	0.70264	0.00416	1	1.45898	0.81042	0	STOP_TRIAL
1278516	8622.31055	3307022704877	0.48833	0.30436	8622.16309	0.14746	12121	1	0.49062	0.23917	1	0.43987	0.26667	1	0.46525	0.25292	1	0.46807	0.53478	11.09810	1.12885	1	0.72857	0.55129	12.95625	1.12885	1	-0.00816	-0.00937	0.70199	0.00383	1	0.05938	-0.01261	0.67807	0.00419	1	1.45898	0.81042	0	START_TRIAL
1278517	8622.31738	3307022772070	0.48816	0.30366	8622.16309	0.15430	12121	1	0.50327	0.28090	1	0.46554	0.29447	1	0.48441	0.28768	1	0.46850	0.53471	11.75659	1.12885	1	0.72855	0.55105	12.78382	1.12017	1	-0.00816	-0.00937	0.70199	0.00377	1	0.05938	-0.01261	0.67807	0.00427	1	1.45898	0.81042	0	
1278518	8622.32422	3307022839040	0.48764	0.30412	8622.16309	0.16113	12121	1	0.49027	0.27016	1	0.45999	0.36008	1	0.47513	0.31512	1	0.46831	0.53438	11.43158	1.12017	1	0.72849	0.55179	13.25416	1.11149	1	-0.00816	-0.00937	0.70199	0.00375	1	0.05938	-0.01261	0.67807	0.00382	1	1.45898	0.81042	0	
1278519	8622.33105	3307022905416	0.48657	0.30653	8622.16309	0.16797	12121	1	0.49027	0.27016	0	0.45980	0.36664	1	0.45980	0.36664	1	0.46831	0.53438	11.43158	1.11149	0	0.72860	0.55150	13.25135	1.10281	1	-0.00816	-0.00937	0.70199	0.00375	1	0.05938	-0.01261	0.67807	0.00368	1	1.45898	0.81042	0	
1278520	8622.33789	3307022972476	0.48657	0.30653	8622.16309	0.17480	12121	1	0.49027	0.27016	0	0.45980	0.36664	0	0.45980	0.36664	0	0.46831	0.53438	11.43158	1.10281	0	0.72860	0.55150	13.25135	1.10281	0	-0.00816	-0.00937	0.70199	0.00375	1	0.05938	-0.01261	0.67807	0.00368	1	1.45898	0.81042	0	
1278521	8622.34473	3307023039467	0.48657	0.30653	8622.16309	0.18164	12121	1	0.49027	0.27016	0	0.45980	0.36664	0	0.45980	0.36664	0	0.46831	0.53438	11.43158	1.10281	0	0.72860	0.55150	13.25135	1.10281	0	-0.00816	-0.00937	0.70199	0.00375	1	0.05938	-0.01261	0.67807	0.00368	1	1.45898	0.81042	0	
1278522	8622.35156	3307023106150	0.48657	0.30653	8622.16309	0.18848	12121	1	0.49027	0.27016	0	0.45980	0.36664	0	0.45980	0.36664	0	0.46831	0.53438	11.43158	1.10281	0	0.72860	0.55150	13.25135	1.10281	0	-0.00816	-0.00937	0.70199	0.00375	1	0.05938	-0.01261	0.67807	0.00368	1	1.45898	0.81042	0	
1278523	8622.35742	3307023173418	0.48206	0.30818	8622.16309	0.18848	12121	0	0.49027	0.27016	0	0.45980	0.36664	0	0.45980	0.36664	0	0.46831	0.53438	11.43158	1.10281	0	0.72860	0.55150	13.25135	1.10281	0	-0.00816	-0.00937	0.70199	0.00375	1	0.05938	-0.01261	0.67807	0.00368	1	1.45898	0.81042	0	
1278524	8622.36426	3307023237934	0.48206	0.30818	8622.16309	0.18848	12121	0	0.49027	0.27016	0	0.45980	0.36664	0	0.45980	0.36664	0	0.46831	0.53438	11.43158	1.10281	0	0.72860	0.55150	13.25135	1.10281	0	-0.00816	-0.00937	0.70199	0.00375	1	0.05938	-0.01261	0.67807	0.00368	1	1.45898	0.81042	0	
1278525	8622.37109	3307023303160	0.48206	0.30818	8622.16309	0.18848	12121	0	0.49027	0.27016	0	0.45980	0.36664	0	0.45980	0.36664	0	0.46831	0.53438	11.43158	1.10281	0	0.72860	0.55150	13.25135	1.10281	0	-0.00816	-0.00937	0.70199	0.00375	1	0.05938	-0.01261	0.67807	0.00368	1	1.45898	0.81042	0	
1278526	8622.37793	3307023371077	0.00000	0.00000	8622.16309	0.18848	12121	0	0.49027	0.27016	0	0.45980	0.36664	0	0.45980	0.36664	0	0.46831	0.53438	11.43158	1.10281	0	0.72860	0.55150	13.25135	1.10281	0	-0.00816	-0.00937	0.70199	0.00375	1	0.05938	-0.01261	0.67807	0.00368	1	1.45898	0.81042	0	
1278527	8622.38477	3307023442621	0.00000	0.00000	8622.16309	0.18848	12121	0	0.49027	0.27016	0	0.45980	0.36664	0	0.45980	0.36664	0	0.46831	0.53438	11.43158	1.10281	0	0.72860	0.55150	13.25135	1.10281	0	-0.00816	-0.00937	0.70199	0.00375	1	0.05938	-0.01261	0.67807	0.00368	1	1.45898	0.81042	0	
1278528	8622.39062	3307023506269	0.00000	0.00000	8622.16309	0.18848	12121	0	0.49027	0.27016	0	0.45980	0.36664	0	0.45980	0.36664	0	0.46831	0.53438	11.43158	1.10281	0	0.72860	0.55150	13.25135	1.10281	0	-0.00816	-0.00937	0.70199	0.00375	1	0.05938	-0.01261	0.67807	0.00368	1	1.45898	0.81042	0	
1278529	8622.39746	3307023573190	0.48449	0.23334	8622.16309	0.18848	12121	0	0.49691	0.13423	1	0.47206	0.33244	1	0.48449	0.23334	1	0.46855	0.53222	11.49196	1.10281	1	0.72864	0.55150	13.06614	1.10281	1	-0.00816	-0.00937	0.70199	0.00226	1	0.05938	-0.01261	0.67807	0.00379	1	1.45898	0.81042	0	
1278530	8622.40430	3307023637930	0.48611	0.23011	8622.16309	0.18848	12121	0	0.50071	0.12745	1	0.47477	0.32633	1	0.48774	0.22689	1	0.46852	0.53198	10.80947	1.10281	1	0.72871	0.55153	12.58906	1.10281	1	-0.00816	-0.00937	0.70199	0.00229	1	0.05938	-0.01261	0.67807	0.00370	1	1.45898	0.81042	0	
1278531	8622.41113	3307023705010	0.48678	0.23169	8622.16309	0.18848	12121	0	0.50178	0.13614	1	0.47445	0.33354	1	0.48811	0.23484	1	0.46849	0.53179	11.03309	1.09373	1	0.72906	0.55131	12.25487	1.09373	1	-0.00783	-0.00905	0.67820	0.00224	1	0.05978	-0.01267	0.68139	0.00362	1	1.45898	0.81042	0	
1278532	8622.41797	3307023772627	0.48953	0.22765	8622.39746	0.02051	12122	1	0.50034	0.12836	1	0.49519	0.30274	1	0.49776	0.21555	1	0.46853	0.53193	10.93743	1.08464	1	0.72909	0.55109	11.97998	1.08464	1	-0.00783	-0.00905	0.67820	0.00223	1	0.05978	-0.01267	0.68139	0.00374	1	1.45898	0.81042	0	
1278533	8622.42480	3307023840679	0.49077	0.22964	8622.39746	0.02734	12122	1	0.49833	0.15033	1	0.49317	0.32486	1	0.49575	0.23759	1	0.46852	0.53196	10.86665	1.07556	1	0.72901	0.55123	12.34307	1.07556	1	-0.00783	-0.00905	0.67820	0.00224	1	0.05978	-0.01267	0.68139	0.00364	1	1.45898	0.81042	0	
1278534	8622.43164	3307023910213	0.49174	0.23291	8622.39746	0.03418	12122	1	0.50044	0.16673	1	0.49273	0.33173	1	0.49658	0.24923	1	0.46861	0.53206	11.17163	1.05845	1	0.72901	0.55128	12.57421	1.06713	1	-0.00760	-0.00884	0.66219	0.00225	1	0.06623	-0.01403	0.75425	0.00356	1	1.45898	0.81042	0	
1278535	8622.43848	3307023977461	0.49206	0.23168	8622.39746	0.04102	12122	1	0.50686	0.15877	1	0.48107	0.28990	1	0.49396	0.22433	1	0.46852	0.53211	11.45187	1.05912	1	0.72890	0.55109	12.46426	1.06780	1	-0.00760	-0.00884	0.66219	0.00226	1	0.06623	-0.01403	0.75425	0.00358	1	1.45898	0.81042	0	
1278536	8622.44531	3307024044403	0.49206	0.23019	8622.39746	0.04785	12122	1	0.50318	0.15273	1	0.48101	0.28673	1	0.49209	0.21973	1	0.46850	0.53206	11.16867	1.05978	1	0.72881	0.55096	12.37218	1.06846	1	-0.00760	-0.00884	0.66219	0.00227	1	0.06623	-0.01403	0.75425	0.00377	1	1.45898	0.81042	0	
1278537	8622.45117	3307024110881	0.49201	0.22856	8622.39746	0.05371	12122	1	0.50213	0.14430	1	0.48101	0.28673	1	0.49157	0.21552	1	0.46855	0.53194	10.87647	1.06846	1	0.72898	0.55104	12.17715	1.06846	1	-0.00783	-0.00917	0.68674	0.00228	1	0.05928	-0.01255	0.67456	0.00388	1	1.45898	0.81042	0	
1278538	8622.45801	3307024177975	0.49087	0.22856	8622.39746	0.06055	12122	1	0.49638	0.16008	1	0.46490	0.29703	1	0.48064	0.22856	1	0.46846	0.53210	11.33552	1.07648	1	0.72900	0.55122	12.33844	1.06780	1	-0.00783	-0.00917	0.68674	0.00227	1	0.05928	-0.01255	0.67456	0.00392	1	1.45898	0.81042	0	
1278539	8622.46484	3307024245346	0.48814	0.22858	8622.39746	0.06738	12122	1	0.48148	0.17165	1	0.44026	0.28601	1	0.46087	0.22883	1	0.46857	0.53204	11.43256	1.07581	1	0.72898	0.55140	12.43773	1.06713	1	-0.00783	-0.00917	0.68674	0.00223	1	0.05928	-0.01255	0.67456	0.00375	1	1.45898	0.81042	0	
1278540	8622.47168	3307024312246	0.48587	0.22865	8622.39746	0.07422	12122	1	0.48157	0.17227	1	0.44025	0.28657	1	0.46091	0.22942	1	0.46915	0.53203	10.63372	1.07515	1	0.72928	0.55039	11.67366	1.06647	1	-0.00783	-0.00917	0.68674	0.00244	1	0.05928	-0.01255	0.67456	0.00409	1	1.45898	0.81042	0	
1278541	8622.47852	3307024379004	0.48510	0.22797	8622.39746	0.08105	12122	1	0.49000	0.14656	1	0.46165	0.29290	1	0.47582	0.21973	1	0.46907	0.53195	10.89605	1.06647	1	0.72930	0.55109	11.89546	1.06647	1	-0.00783	-0.00917	0.68674	0.00243	1	0.05928	-0.01255	0.67456	0.00406	1	1.45898	0.81042	0	
1278542	8622.48535	3307024444658	0.48503	0.22799	8622.39746	0.08789	12122	1	0.50500	0.16219	1	0.46312	0.29435	1	0.48406	0.22827	1	0.46930	0.53198	10.80947	1.06647	1	0.72929	0.55109	11.80297	1.06647	1	-0.00783	-0.00917	0.68674	0.00230	1	0.05928	-0.01255	0.67456	0.00409	1	1.45898	0.81042	0	
1278543	8622.49219	3307024512309	0.48497	0.22776	8622.39746	0.09473	12122	1	0.50500	0.16219	1	0.46335	0.28698	1	0.48417	0.22458	1	0.46939	0.53199	10.85607	1.06647	1	0.73006	0.55077	11.95569	1.07515	1	-0.00768	-0.00912	0.68294	0.00219	1	0.06248	-0.01321	0.71035	0.00393	1	1.45898	0.81042	0	
1278544	8622.49902	3307024581819	0.48562	0.22541	8622.39746	0.10156	12122	1	0.49281	0.10463	1	0.49798	0.27570	1	0.49540	0.19016	1	0.46935	0.53203	11.22500	1.07515	1	0.72984	0.55123	12.09496	1.08383	1	-0.00768	-0.00912	0.68294	0.00221	1	0.06248	-0.01321	0.71035	0.00397	1	1.45898	0.81042	0	
1278545	8622.50488	3307024648585	0.48648	0.22223	8622.39746	0.10742	12122	1	0.49732	0.09107	1	0.50295	0.25169	1	0.50013	0.17138	1	0.46934	0.53198	10.77698	1.08383	1	0.72995	0.55116	12.39954	1.09251	1	-0.00768	-0.00912	0.68294	0.00229	1	0.06248	-0.01321	0.71035	0.00381	1	1.45898	0.81042	0	
1278546	8622.51172	3307024714384	0.48720	0.21916	8622.39746	0.11426	12122	1	0.49626	0.08233	1	0.50295	0.25169	1	0.49960	0.16701	1	0.46940	0.53191	11.01820	1.09251	1	0.72993	0.55130	11.92143	1.09251	1	-0.00768	-0.00912	0.68294	0.00222	1	0.05956	-0.01264	0.67659	0.00364	1	1.45898	0.81042	0	
1278547	8622.51855	3307024781013	0.48803	0.21889	8622.39746	0.12109	12122	1	0.50409	0.08817	1	0.50184	0.33984	1	0.50296	0.21400	1	0.46949	0.53196	10.76668	1.09251	1	0.72996	0.55195	12.51324	1.08383	1	-0.00768	-0.00912	0.68294	0.00226	1	0.05956	-0.01264	0.67659	0.00371	1	1.45898	0.81042	0	
1278548	8622.52539	3307024847939	0.48868	0.21747	8622.39746	0.12793	12122	1	0.50728	0.08718	1	0.49443	0.29377	1	0.50086	0.19048	1	0.46950	0.53193	10.92435	1.08383	1	0.72978	0.55190	12.18472	1.07515	1	-0.00768	-0.00912	0.68294	0.00220	1	0.05956	-0.01264	0.67659	0.00384	1	1.45898	0.81042	0	
1278549	8622.53223	3307024915611	0.48924	0.21632	8622.39746	0.13477	12122	1	0.50723	0.08677	1	0.49404	0.29991	1	0.50064	0.19334	1	0.46963	0.53207	11.25528	1.08424	1	0.72984	0.55155	12.27067	1.06790	1	-0.00783	-0.00936	0.70125	0.00224	1	0.05861	-0.01242	0.66527	0.00396	1	1.45898	0.81042	0	
1278550	8622.53906	3307024982186	0.48959	0.21759	8622.39746	0.14160	12122	1	0.52254	0.10078	1	0.47125	0.38747	1	0.49690	0.24412	1	0.46966	0.53208	11.21971	1.07698	1	0.72993	0.55206	12.26474	1.06932	1	-0.00783	-0.00936	0.70125	0.00223	1	0.05861	-0.01242	0.66527	0.00380	1	1.45898	0.81042	0	
1278551	8622.54492	3307025047234	0.48887	0.21904	8622.39746	0.14746	12122	1	0.50168	0.15684	1	0.44410	0.34530	1	0.47289	0.25107	1	0.46967	0.53213	11.16638	1.07841	1	0.72977	0.55202	12.34911	1.07075	1	-0.00783	-0.00936	0.70125	0.00220	1	0.05861	-0.01242	0.66527	0.00386	1	1.45898	0.81042	0	
1278552	8622.55176	3307025112878	0.48822	0.22066	8622.39746	0.15430	12122	1	0.50260	0.16412	1	0.44403	0.35141	1	0.47332	0.25777	1	0.46983	0.53215	11.08537	1.07075	1	0.73000	0.55175	11.88080	1.06309	1	-0.00745	-0.00896	0.67107	0.00215	1	0.05861	-0.01242	0.66527	0.00394	1	1.45898	0.81042	0	
1278553	8622.55859	3307025180761	0.48859	0.22228	8622.39746	0.16113	12122	1	0.51989	0.16396	1	0.47511	0.35855	1	0.49750	0.26125	1	0.46989	0.53202	10.66661	1.05400	1	0.73033	0.55182	11.41158	1.05400	1	-0.00745	-0.00896	0.67107	0.00215	1	0.05861	-0.01242	0.66527	0.00402	1	1.45898	0.81042	0	
1278554	8622.56543	3307025246871	0.48837	0.22382	8622.39746	0.16797	12122	1	0.48934	0.19311	1	0.47630	0.33172	1	0.48282	0.26241	1	0.46981	0.53216	11.05009	1.04492	1	0.73035	0.55192	11.47093	1.04492	1	-0.00745	-0.00896	0.67107	0.00217	1	0.05861	-0.01242	0.66527	0.00397	1	1.45898	0.81042	0	
1278555	8622.57227	3307025312970	0.48816	0.22525	8622.39746	0.17480	12122	1	0.48934	0.19311	1	0.47630	0.33172	1	0.48282	0.26241	1	0.47019	0.53214	11.24895	1.04492	1	0.73079	0.55199	12.08266	1.04492	1	-0.00776	-0.00940	0.70426	0.00228	1	0.05861	-0.01242	0.66527	0.00384	1	1.45898	0.81042	0	
1278556	8622.57812	3307025381088	0.48821	0.22626	8622.39746	0.18066	12122	1	0.50190	0.18346	1	0.47713	0.32348	1	0.48952	0.25347	1	0.46999	0.53210	11.17935	1.05400	1	0.73034	0.55185	11.15690	1.05400	1	-0.00776	-0.00940	0.70426	0.00216	1	0.05861	-0.01242	0.66527	0.00393	1	1.45898	0.81042	0	
1278557	8622.58496	3307025448911	0.48813	0.22733	8622.39746	0.18750	12122	1	0.51780	0.16558	1	0.45377	0.34870	1	0.48579	0.25714	1	0.47025	0.53220	11.22581	1.06309	1	0.73000	0.55224	11.90323	1.06309	1	-0.00776	-0.00940	0.70426	0.00224	1	0.05861	-0.01242	0.66527	0.00388	1	1.45898	0.81042	0	
1278558	8622.59180	3307025513995	0.48804	0.22784	8622.39746	0.19434	12122	1	0.51681	0.15691	1	0.45422	0.32835	1	0.48551	0.24263	1	0.47022	0.53205	11.06620	1.07218	1	0.73055	0.55181	12.17575	1.08852	1	-0.00776	-0.00940	0.70426	0.00220	1	0.06230	-0.01318	0.70591	0.00388	1	1.45898	0.81042	0	
1278559	8622.59863	3307025579924	0.48839	0.22729	8622.39746	0.20117	12122	1	0.50831	0.15063	1	0.48967	0.27139	1	0.49899	0.21101	1	0.47017	0.53212	10.98346	1.08852	1	0.73049	0.55182	11.85020	1.10485	1	-0.00776	-0.00940	0.70426	0.00229	1	0.06230	-0.01318	0.70591	0.00387	1	1.45898	0.81042	0	
1278560	8622.60547	3307025652589	0.48816	0.22664	8622.39746	0.20801	12122	1	0.49170	0.10649	1	0.46995	0.30610	1	0.48082	0.20630	1	0.47018	0.53193	11.00114	1.10485	1	0.73026	0.55229	12.70596	1.12119	1	-0.00776	-0.00940	0.70426	0.00222	1	0.06230	-0.01318	0.70591	0.00386	1	1.45898	0.81042	0	
1278561	8622.61230	3307025718717	0.48792	0.22583	8622.39746	0.21484	12122	1	0.49080	0.09942	1	0.47017	0.30031	1	0.48048	0.19987	1	0.47019	0.53194	10.94462	1.11211	1	0.73071	0.55178	12.00477	1.12845	1	-0.00744	-0.00907	0.67929	0.00222	1	0.06230	-0.01313	0.70591	0.00389	1	1.45898	0.81042	0	
1278562	8622.61914	3307025785523	0.48870	0.22776	8622.39746	0.22168	12122	1	0.52907	0.30779	1	0.49946	0.27565	1	0.51427	0.29172	1	0.47047	0.53428	10.98326	1.11936	1	0.73064	0.55185	12.22843	1.11936	1	-0.00744	-0.00907	0.67929	0.00352	1	0.06230	-0.01313	0.70591	0.00387	1	1.45898	0.81042	0	
1278563	8622.62598	3307025852633	0.48925	0.22959	8622.39746	0.22852	12122	1	0.51766	0.31392	1	0.49805	0.26929	1	0.50785	0.29161	1	0.47033	0.53447	11.06817	1.11028	1	0.73064	0.55173	12.17258	1.11028	1	-0.00744	-0.00907	0.67929	0.00350	1	0.06230	-0.01313	0.70591	0.00375	1	1.45898	0.81042	0	
1278564	8622.63281	3307025920067	0.48976	0.23162	8622.39746	0.23535	12122	1	0.51861	0.32102	1	0.49707	0.28424	1	0.50784	0.30263	1	0.47022	0.53179	10.70918	1.10119	1	0.73063	0.55182	12.22320	1.09251	1	-0.00744	-0.00907	0.67929	0.00225	1	0.06074	-0.01284	0.68764	0.00372	1	1.45898	0.81042	0	
1278565	8622.63867	3307025986738	0.49013	0.23078	8622.39746	0.24121	12122	1	0.50960	0.13850	1	0.49729	0.26310	1	0.50345	0.20080	1	0.47019	0.53174	10.68983	1.09251	1	0.73067	0.55139	12.06399	1.08383	1	-0.00744	-0.00907	0.67929	0.00240	1	0.06074	-0.01284	0.68764	0.00397	1	1.45898	0.81042	0	
1278566	8622.64551	3307026053338	0.49043	0.23150	8622.39746	0.24805	12122	1	0.51139	0.14741	1	0.49126	0.36845	1	0.50132	0.25793	1	0.47024	0.53163	11.11716	1.08383	1	0.73057	0.55201	12.25555	1.07515	1	-0.00744	-0.00907	0.67929	0.00222	1	0.06074	-0.01284	0.68764	0.00382	1	1.45898	0.81042	0	
1278567	8622.65234	3307026117482	0.49071	0.23217	8622.39746	0.25488	12122	1	0.51134	0.14702	1	0.49128	0.36814	1	0.50131	0.25758	1	0.47014	0.53185	10.84623	1.08424	1	0.73077	0.55198	12.06115	1.07556	1	-0.00765	-0.00939	0.70351	0.00220	1	0.06074	-0.01284	0.68764	0.00379	1	1.45898	0.81042	0	
1278568	8622.65918	3307026185133	0.49068	0.23249	8622.39746	0.26172	12122	1	0.50227	0.15815	1	0.47738	0.33195	1	0.48982	0.24505	1	0.47021	0.53189	10.85761	1.08464	1	0.73080	0.55214	12.47473	1.08464	1	-0.00765	-0.00939	0.70351	0.00216	1	0.06074	-0.01284	0.68764	0.00376	1	1.45898	0.81042	0	
1278569	8622.66602	3307026251900	0.49095	0.23270	8622.39746	0.26855	12122	1	0.50758	0.15569	1	0.49570	0.32692	1	0.50164	0.24130	1	0.47017	0.53185	11.13364	1.09373	1	0.73062	0.55181	12.21236	1.09373	1	-0.00765	-0.00939	0.70351	0.00219	1	0.06074	-0.01284	0.68764	0.00380	1	1.45898	0.81042	0	
1278570	8622.67188	3307026318707	0.49120	0.23264	8622.39746	0.27441	12122	1	0.50654	0.14717	1	0.49666	0.31268	1	0.50160	0.22993	1	0.47034	0.53186	10.86687	1.10281	1	0.73067	0.55135	11.96852	1.11149	1	-0.00765	-0.00939	0.70351	0.00223	1	0.06175	-0.01304	0.69847	0.00398	1	1.45898	0.81042	0	
1278571	8622.67871	3307026386191	0.49117	0.23232	8622.39746	0.28125	12122	1	0.50867	0.12114	1	0.47111	0.31695	1	0.48989	0.21905	1	0.47034	0.53171	10.92865	1.11149	1	0.73055	0.55203	12.02373	1.12017	1	-0.00765	-0.00939	0.70351	0.00217	1	0.06175	-0.01304	0.69847	0.00377	1	1.45898	0.81042	0	
1278572	8622.68555	3307026451350	0.49084	0.23178	8622.39746	0.28809	12122	1	0.51385	0.11242	1	0.43892	0.30471	1	0.47638	0.20856	1	0.47034	0.53169	10.88069	1.12017	1	0.73050	0.55191	12.18896	1.12885	1	-0.00765	-0.00939	0.70351	0.00217	1	0.06175	-0.01304	0.69847	0.00391	1	1.45898	0.81042	0	
1278573	8622.69238	3307026519632	0.49052	0.23135	8622.39746	0.29492	12122	1	0.51389	0.11280	1	0.43889	0.31190	1	0.47639	0.21235	1	0.47046	0.53168	10.92029	1.11977	1	0.73124	0.55147	10.94873	1.11977	1	-0.00733	-0.00907	0.67906	0.00215	1	0.06061	-0.01279	0.68507	0.00412	1	1.45898	0.81042	0	
1278574	8622.69922	3307026587308	0.49074	0.23112	8622.39746	0.30176	12122	1	0.52425	0.12588	1	0.47751	0.31528	1	0.50088	0.22058	1	0.47048	0.53165	10.84230	1.11068	1	0.73113	0.55180	10.99824	1.10200	1	-0.00733	-0.00907	0.67906	0.00216	1	0.06061	-0.01279	0.68507	0.00394	1	1.45898	0.81042	0	
1278575	8622.70605	3307026651750	0.49087	0.23103	8622.39746	0.30859	12122	1	0.52227	0.12888	1	0.47117	0.32518	1	0.49672	0.22703	1	0.47047	0.53164	10.85974	1.09292	1	0.73104	0.55183	11.62661	1.08424	1	-0.00733	-0.00907	0.67906	0.00215	1	0.06061	-0.01279	0.68507	0.00383	1	1.45898	0.81042	0	
1278576	8622.71289	3307026723262	0.49100	0.23127	8622.39746	0.31543	12122	1	0.52410	0.14598	1	0.47059	0.33954	1	0.49734	0.24276	1	0.47066	0.53144	11.43382	1.07515	1	0.73095	0.55185	11.55052	1.06647	1	-0.00732	-0.00900	0.67797	0.00226	1	0.06061	-0.01274	0.68507	0.00390	1	1.45898	0.81042	0	
1278577	8622.71973	3307026790407	0.49149	0.23119	8622.39746	0.32227	12122	1	0.53255	0.15484	1	0.48267	0.30342	1	0.50761	0.22913	1	0.47061	0.53166	11.04312	1.06647	1	0.73115	0.55136	11.23776	1.06647	1	-0.00732	-0.00900	0.67797	0.00219	1	0.06061	-0.01274	0.68507	0.00378	1	1.45898	0.81042	0	
1278578	8622.72656	3307026857328	0.49149	0.23122	8622.39746	0.32910	12122	1	0.49021	0.16660	1	0.48605	0.29009	1	0.48813	0.22834	1	0.47071	0.53158	10.95615	1.06647	1	0.73124	0.55114	11.29151	1.06647	1	-0.00732	-0.00900	0.67797	0.00229	1	0.06061	-0.01274	0.68507	0.00374	1	1.45898	0.81042	0	
1278579	8622.73242	3307026922878	0.49149	0.23108	8622.39746	0.33496	12122	1	0.49021	0.16660	1	0.48605	0.29009	1	0.48813	0.22834	1	0.47068	0.53129	10.49389	1.06647	1	0.73107	0.55085	11.15524	1.06647	1	-0.00732	-0.00890	0.67797	0.00217	1	0.06061	-0.01269	0.68507	0.00411	1	1.45898	0.81042	0	
1278580	8622.73926	3307026991520	0.49133	0.23106	8622.39746	0.34180	12122	1	0.49072	0.17880	1	0.48932	0.25035	1	0.49002	0.21457	1	0.47068	0.53129	10.49318	1.06647	1	0.73134	0.55057	11.67221	1.06647	1	-0.00732	-0.00890	0.67797	0.00217	1	0.06061	-0.01269	0.68507	0.00398	1	1.45898	0.81042	0	
1278581	8622.74609	3307027058718	0.49140	0.23067	8622.39746	0.34863	12122	1	0.49502	0.19729	1	0.50318	0.24030	1	0.49910	0.21879	1	0.47071	0.53133	11.06826	1.06647	1	0.73146	0.55058	11.54494	1.06647	1	-0.00732	-0.00890	0.67797	0.00229	1	0.06061	-0.01269	0.68507	0.00394	1	1.45898	0.81042	0	
1278582	8622.75293	3307027125543	0.49146	0.22995	8622.39746	0.35547	12122	1	0.49502	0.19729	1	0.50372	0.23245	1	0.49937	0.21487	1	0.47083	0.53088	10.58894	1.06647	1	0.73156	0.55069	11.55290	1.07515	1	-0.00733	-0.00886	0.67906	0.00229	1	0.06242	-0.01304	0.70366	0.00392	1	1.45898	0.81042	0	
1278583	8622.75977	3307027192409	0.49171	0.22978	8622.39746	0.36230	12122	1	0.50687	0.16115	1	0.50512	0.27073	1	0.50599	0.21594	1	0.47085	0.53102	10.44533	1.07515	1	0.73156	0.55091	11.70937	1.08383	1	-0.00733	-0.00886	0.67906	0.00231	1	0.06242	-0.01304	0.70366	0.00395	1	1.45898	0.81042	0	
1278584	8622.76660	3307027259775	0.49208	0.22931	8622.39746	0.36914	12122	1	0.50671	0.13214	1	0.51260	0.26229	1	0.50965	0.19722	1	0.47086	0.53103	10.59668	1.08383	1	0.73163	0.55111	11.71892	1.09251	1	-0.00733	-0.00886	0.67906	0.00216	1	0.06242	-0.01304	0.70366	0.00394	1	1.45898	0.81042	0	
1278585	8622.77344	3307027326971	0.49244	0.22867	8622.39746	0.37598	12122	1	0.50466	0.11494	1	0.51323	0.25445	1	0.50894	0.18469	1	0.47102	0.53081	10.51325	1.10160	1	0.73128	0.55137	12.22563	1.10160	1	-0.00748	-0.00923	0.70713	0.00218	1	0.06077	-0.01268	0.68453	0.00363	1	1.45898	0.81042	0	
1278586	8622.78027	3307027393397	0.49237	0.22878	8622.39746	0.38281	12122	1	0.50050	0.13686	1	0.45380	0.33114	1	0.47715	0.23400	1	0.47102	0.53081	10.51325	1.11068	1	0.73148	0.55146	12.15359	1.10200	1	-0.00748	-0.00923	0.70713	0.00218	1	0.06077	-0.01268	0.68453	0.00366	1	1.45898	0.81042	0	
1278587	8622.78613	3307027459577	0.49270	0.22829	8622.39746	0.38867	12122	1	0.50608	0.14184	1	0.44777	0.26860	1	0.47693	0.20522	1	0.47103	0.53095	11.24504	1.11109	1	0.73140	0.55129	12.07765	1.10241	1	-0.00748	-0.00923	0.70713	0.00220	1	0.06077	-0.01268	0.68453	0.00373	1	1.45898	0.81042	0	
1278588	8622.79297	3307027527743	0.49304	0.22770	8622.39746	0.39551	12122	1	0.50604	0.14146	1	0.44788	0.26093	1	0.47696	0.20120	1	0.47103	0.53074	10.82803	1.11149	1	0.73141	0.55146	12.04654	1.11149	1	-0.00748	-0.00923	0.70713	0.00227	1	0.06235	-0.01295	0.70171	0.00372	1	1.45898	0.81042	0	
1278589	8622.79980	3307027594644	0.49305	0.22805	8622.39746	0.40234	12122	1	0.50997	0.11709	1	0.44278	0.35563	1	0.47638	0.23636	1	0.47113	0.53066	10.83406	1.11149	1	0.73132	0.55186	12.01144	1.12017	1	-0.00748	-0.00923	0.70713	0.00222	1	0.06235	-0.01295	0.70171	0.00381	1	1.45898	0.81042	0	
1278590	8622.80664	3307027661520	0.49297	0.22822	8622.39746	0.40918	12122	1	0.51097	0.10941	1	0.44991	0.36364	1	0.48044	0.23653	1	0.47112	0.53067	10.84907	1.12017	1	0.73137	0.55190	12.30503	1.12885	1	-0.00748	-0.00923	0.70713	0.00222	1	0.06235	-0.01295	0.70171	0.00375	1	1.45898	0.81042	0	
1278591	8622.81348	3307027728343	0.49289	0.22847	8622.39746	0.41602	12122	1	0.51101	0.10980	1	0.44990	0.36394	1	0.48046	0.23687	1	0.47118	0.53032	11.02260	1.11977	1	0.73183	0.55135	11.53840	1.12845	1	-0.00713	-0.00877	0.67959	0.00228	1	0.06235	-0.01295	0.70171	0.00385	1	1.45898	0.81042	0	
1278592	8622.82031	3307027795231	0.49288	0.22835	8622.39746	0.42285	12122	1	0.50946	0.10810	1	0.47956	0.26045	1	0.49451	0.18427	1	0.47107	0.53051	10.67673	1.11936	1	0.73188	0.55105	11.45380	1.11936	1	-0.00713	-0.00877	0.67959	0.00225	1	0.06235	-0.01295	0.70171	0.00387	1	1.45898	0.81042	0	
1278593	8622.82715	3307027861957	0.49253	0.22852	8622.39746	0.42969	12122	1	0.49159	0.09310	1	0.47588	0.26579	1	0.48374	0.17944	1	0.47121	0.53037	11.20983	1.11028	1	0.73183	0.55078	11.36407	1.11028	1	-0.00713	-0.00877	0.67959	0.00218	1	0.06235	-0.01295	0.70171	0.00391	1	1.45898	0.81042	0	
1278594	8622.83301	3307027929331	0.49221	0.22903	8622.39746	0.43555	12122	1	0.49271	0.10202	1	0.47524	0.28076	1	0.48398	0.19139	1	0.47154	0.53024	10.77810	1.10119	1	0.73189	0.55079	11.16881	1.09251	1	-0.00710	-0.00867	0.67588	0.00224	1	0.06070	-0.01254	0.68260	0.00390	1	1.45898	0.81042	0	
1278595	8622.83984	3307027996086	0.49236	0.22932	8622.39746	0.44238	12122	1	0.51351	0.14846	1	0.50728	0.30737	1	0.51039	0.22792	1	0.47143	0.53033	10.89126	1.09251	1	0.73237	0.55092	11.97196	1.08383	1	-0.00710	-0.00867	0.67588	0.00225	1	0.06070	-0.01254	0.68260	0.00390	1	1.45898	0.81042	0	
1278596	8622.84668	3307028063260	0.49248	0.23043	8622.39746	0.44922	12122	1	0.52254	0.16752	1	0.48992	0.31988	1	0.50623	0.24370	1	0.47157	0.53040	11.20486	1.08383	1	0.73206	0.55099	12.21171	1.07515	1	-0.00710	-0.00867	0.67588	0.00222	1	0.06070	-0.01254	0.68260	0.00393	1	1.45898	0.81042	0	
1278597	8622.85352	3307028130081	0.49260	0.23163	8622.39746	0.45605	12122	1	0.52344	0.17563	1	0.48949	0.32701	1	0.50647	0.25132	1	0.47168	0.52999	10.87647	1.07515	1	0.73217	0.55032	12.05504	1.06647	1	-0.00719	-0.00873	0.68506	0.00228	1	0.06038	-0.01243	0.67899	0.00407	1	1.45898	0.81042	0	
1278598	8622.86035	3307028197344	0.49287	0.23110	8622.39746	0.46289	12122	1	0.51388	0.14126	1	0.50575	0.29591	1	0.50982	0.21858	1	0.47143	0.52996	11.26733	1.06647	1	0.73237	0.55026	11.69115	1.06647	1	-0.00719	-0.00873	0.68506	0.00229	1	0.06038	-0.01243	0.67899	0.00390	1	1.45898	0.81042	0	
1278599	8622.86719	3307028263559	0.49360	0.23089	8622.39746	0.46973	12122	1	0.51437	0.13350	1	0.50165	0.34808	1	0.50801	0.24079	1	0.47149	0.52997	10.89536	1.06647	1	0.73227	0.55066	11.97766	1.06647	1	-0.00719	-0.00873	0.68506	0.00214	1	0.06038	-0.01243	0.67899	0.00373	1	1.45898	0.81042	0	
1278600	8622.87305	3307028329742	0.49433	0.23046	8622.39746	0.47559	12122	1	0.51437	0.13350	1	0.50217	0.34111	1	0.50827	0.23731	1	0.47146	0.52994	10.66477	1.06647	1	0.73235	0.55048	12.04596	1.07515	1	-0.00719	-0.00873	0.68506	0.00216	1	0.06152	-0.01265	0.69119	0.00383	1	1.45898	0.81042	0	
1278601	8622.87988	3307028398015	0.49440	0.22889	8622.39746	0.48242	12122	1	0.49555	0.14288	1	0.50663	0.22868	1	0.50109	0.18578	1	0.47153	0.52987	10.64350	1.07515	1	0.73232	0.54979	11.90287	1.08383	1	-0.00719	-0.00873	0.68506	0.00222	1	0.06152	-0.01265	0.69119	0.00382	1	1.45898	0.81042	0	
1278602	8622.88672	3307028464823	0.49454	0.22733	8622.39746	0.48926	12122	1	0.49589	0.12306	1	0.48333	0.25171	1	0.48961	0.18738	1	0.47161	0.53001	10.90691	1.08383	1	0.73233	0.55002	11.88895	1.09251	1	-0.00719	-0.00873	0.68506	0.00223	1	0.06152	-0.01265	0.69119	0.00373	1	1.45898	0.81042	0	
1278603	8622.89355	3307028531923	0.49466	0.22550	8622.39746	0.49609	12122	1	0.49370	0.10569	1	0.48372	0.24381	1	0.48871	0.17475	1	0.47165	0.52978	10.64095	1.10160	1	0.73220	0.55008	12.03082	1.10160	1	-0.00737	-0.00901	0.70664	0.00230	1	0.06070	-0.01247	0.68143	0.00373	1	1.45898	0.81042	0	
1278604	8622.90039	3307028599076	0.49416	0.22444	8622.39746	0.50293	12122	1	0.48764	0.13566	1	0.44335	0.26974	1	0.46549	0.20270	1	0.47158	0.52978	11.04484	1.11068	1	0.73215	0.55023	12.01632	1.10200	1	-0.00737	-0.00901	0.70664	0.00213	1	0.06070	-0.01247	0.68143	0.00369	1	1.45898	0.81042	0	
1278605	8622.90723	3307028665764	0.49410	0.22254	8622.39746	0.50977	12122	1	0.49651	0.12857	1	0.46935	0.20316	1	0.48293	0.16586	1	0.47164	0.52965	11.08671	1.11109	1	0.73252	0.54973	11.14419	1.10241	1	-0.00737	-0.00901	0.70664	0.00218	1	0.06070	-0.01247	0.68143	0.00405	1	1.45898	0.81042	0	
1278606	8622.91406	3307028732839	0.49406	0.22111	8622.39746	0.51660	12122	1	0.49756	0.13680	1	0.46909	0.21101	1	0.48332	0.17391	1	0.47165	0.52956	11.02553	1.10241	1	0.73221	0.55082	12.32439	1.09373	1	-0.00695	-0.00847	0.67194	0.00215	1	0.06070	-0.01237	0.68143	0.00366	1	1.45898	0.81042	0	
1278607	8622.92090	3307028800065	0.49383	0.22160	8622.39746	0.52344	12122	1	0.51512	0.13214	1	0.46061	0.33721	1	0.48786	0.23467	1	0.47184	0.52957	10.94267	1.08464	1	0.73249	0.55040	12.05335	1.08464	1	-0.00695	-0.00847	0.67194	0.00227	1	0.06070	-0.01237	0.68143	0.00374	1	1.45898	0.81042	0	
1278608	8622.92676	3307028867463	0.49388	0.22265	8622.39746	0.52930	12122	1	0.49801	0.15926	1	0.46910	0.35355	1	0.48356	0.25641	1	0.47175	0.52957	11.09102	1.07556	1	0.73264	0.55047	11.64030	1.07556	1	-0.00695	-0.00847	0.67194	0.00217	1	0.06070	-0.01237	0.68143	0.00374	1	1.45898	0.81042	0	
1278609	8622.93359	3307028933685	0.49396	0.22392	8622.39746	0.53613	12122	1	0.49913	0.16790	1	0.46909	0.35387	1	0.48411	0.26089	1	0.47190	0.52936	10.96627	1.06647	1	0.73260	0.55020	11.43660	1.07515	1	-0.00693	-0.00857	0.67992	0.00229	1	0.06348	-0.01298	0.71204	0.00390	1	1.45898	0.81042	0	
1278610	8622.94043	3307029000861	0.49386	0.22298	8622.39746	0.54297	12122	1	0.54618	0.18292	1	0.47230	0.31038	1	0.50924	0.24665	1	0.47210	0.52954	10.53626	1.07515	1	0.73259	0.54991	11.29706	1.08383	1	-0.00693	-0.00857	0.67992	0.00217	1	0.06348	-0.01298	0.71204	0.00395	1	1.45898	0.81042	0	
1278611	8622.94727	3307029067828	0.49373	0.22042	8622.39746	0.54980	12122	1	0.52106	0.10028	1	0.48217	0.23754	1	0.50162	0.16891	1	0.47238	0.52861	7.38799	1.08383	1	0.73268	0.54915	10.93817	1.09251	1	-0.00693	-0.00857	0.67992	0.00167	1	0.06348	-0.01298	0.71204	0.00386	1	1.45898	0.81042	0	
1278612	8622.95410	3307029134805	0.49320	0.21891	8622.39746	0.55664	12122	1	0.52106	0.10028	0	0.48254	0.22987	1	0.48254	0.22987	1	0.47238	0.52861	7.38799	1.09251	0	0.73243	0.55174	10.85331	1.10119	1	-0.00693	-0.00857	0.67992	0.00167	1	0.06231	-0.01258	0.69888	0.00329	1	1.45898	0.81042	0	
1278613	8622.96094	3307029201775	0.49335	0.22923	8622.39746	0.56348	12122	1	0.52106	0.10028	0	0.51068	0.69655	1	0.51068	0.69655	1	0.47238	0.52861	7.38799	1.10119	0	0.73333	0.55303	7.95434	1.10119	1	-0.00693	-0.00857	0.67992	0.00167	1	0.06231	-0.01258	0.69888	0.00290	1	1.45898	0.81042	0	
1278614	8622.96777	3307029268733	0.49335	0.22923	8622.39746	0.57031	12122	1	0.52106	0.10028	0	0.51068	0.69655	0	0.51068	0.69655	0	0.47238	0.52861	7.38799	1.10119	0	0.73333	0.55303	7.95434	1.10119	0	-0.00693	-0.00857	0.67992	0.00167	1	0.06231	-0.01258	0.69888	0.00290	1	1.45898	0.81042	0	
1278615	8622.97363	3307029336324	0.49335	0.22923	8622.39746	0.57617	12122	1	0.52106	0.10028	0	0.51068	0.69655	0	0.51068	0.69655	0	0.47238	0.52861	7.38799	1.10119	0	0.73333	0.55303	7.95434	1.10119	0	-0.00693	-0.00857	0.67992	0.00167	1	0.06231	-0.01258	0.69888	0.00290	1	1.45898	0.81042	0	
1278616	8622.98047	3307029402556	0.49335	0.22923	8622.39746	0.58301	12122	1	0.52106	0.10028	0	0.51068	0.69655	0	0.51068	0.69655	0	0.47238	0.52861	7.38799	1.10119	0	0.73333	0.55303	7.95434	1.10119	0	-0.00693	-0.00857	0.67992	0.00167	1	0.06231	-0.01258	0.69888	0.00290	1	1.45898	0.81042	0	
1278617	8622.98730	3307029470474	0.48914	0.24988	8622.39746	0.58301	12122	0	0.52106	0.10028	0	0.51068	0.69655	0	0.51068	0.69655	0	0.47238	0.52861	7.38799	1.10119	0	0.73333	0.55303	7.95434	1.10119	0	-0.00693	-0.00857	0.67992	0.00167	1	0.06231	-0.01258	0.69888	0.00290	1	1.45898	0.81042	0	
1278618	8622.99414	3307029536798	0.48914	0.24988	8622.39746	0.58301	12122	0	0.52106	0.10028	0	0.51068	0.69655	0	0.51068	0.69655	0	0.47238	0.52861	7.38799	1.10119	0	0.73333	0.55303	7.95434	1.10119	0	-0.00693	-0.00857	0.67992	0.00167	1	0.06231	-0.01258	0.69888	0.00290	1	1.45898	0.81042	0	
1278619	8623.00098	3307029604094	0.48914	0.24988	8622.39746	0.58301	12122	0	0.52106	0.10028	0	0.51068	0.69655	0	0.51068	0.69655	0	0.47238	0.52861	7.38799	1.10119	0	0.73333	0.55303	7.95434	1.10119	0	-0.00693	-0.00857	0.67992	0.00167	1	0.06231	-0.01258	0.69888	0.00290	1	1.45898	0.81042	0	
1278620	8623.00781	3307029669735	0.00000	0.00000	8622.39746	0.58301	12122	0	0.52106	0.10028	0	0.51068	0.69655	0	0.51068	0.69655	0	0.47238	0.52861	7.38799	1.10119	0	0.73333	0.55303	7.95434	1.10119	0	-0.00693	-0.00857	0.67992	0.00167	1	0.06231	-0.01258	0.69888	0.00290	1	1.45898	0.81042	0	
1278621	8623.01465	3307029737775	0.00000	0.00000	8622.39746	0.58301	12122	0	0.52106	0.10028	0	0.51068	0.69655	0	0.51068	0.69655	0	0.47238	0.52861	7.38799	1.10119	0	0.73333	0.55303	7.95434	1.10119	0	-0.00693	-0.00857	0.67992	0.00167	1	0.06231	-0.01258	0.69888	0.00290	1	1.45898	0.81042	0	
1278622	8623.02051	3307029804550	0.00000	0.00000	8622.39746	0.58301	12122	0	0.52106	0.10028	0	0.51068	0.69655	0	0.51068	0.69655	0	0.47238	0.52861	7.38799	1.10119	0	0.73333	0.55303	7.95434	1.10119	0	-0.00693	-0.00857	0.67992	0.00167	1	0.06231	-0.01258	0.69888	0.00290	1	1.45898	0.81042	0	
1278623	8623.02734	3307029871609	0.00000	0.00000	8622.39746	0.58301	12122	0	0.52106	0.10028	0	0.51068	0.69655	0	0.51068	0.69655	0	0.47238	0.52861	7.38799	1.10119	0	0.73333	0.55303	7.95434	1.10119	0	-0.00693	-0.00857	0.67992	0.00167	1	0.06231	-0.01258	0.69888	0.00290	1	1.45898	0.81042	0	
1278624	8623.03418	3307029936177	0.00000	0.00000	8622.39746	0.58301	12122	0	0.52106	0.10028	0	0.51068	0.69655	0	0.51068	0.69655	0	0.47238	0.52861	7.38799	1.10119	0	0.73333	0.55303	7.95434	1.10119	0	-0.00693	-0.00857	0.67992	0.00167	1	0.06231	-0.01258	0.69888	0.00290	1	1.45898	0.81042	0	
1278625	8623.04102	3307030007401	0.00000	0.00000	8622.39746	0.58301	12122	0	0.52106	0.10028	0	0.51068	0.69655	0	0.51068	0.69655	0	0.47238	0.52861	7.38799	1.10119	0	0.73333	0.55303	7.95434	1.10119	0	-0.00693	-0.00857	0.67992	0.00167	1	0.06231	-0.01258	0.69888	0.00290	1	1.45898	0.81042	0	
1278626	8623.04785	3307030072874	0.00000	0.00000	8622.39746	0.58301	12122	0	0.52106	0.10028	0	0.51068	0.69655	0	0.51068	0.69655	0	0.47238	0.52861	7.38799	1.10119	0	0.73333	0.55303	7.95434	1.10119	0	-0.00693	-0.00857	0.67992	0.00167	1	0.06231	-0.01258	0.69888	0.00290	1	1.45898	0.81042	0	
1278627	8623.05469	3307030139713	0.00000	0.00000	8622.39746	0.58301	12122	0	0.52106	0.10028	0	0.51068	0.69655	0	0.51068	0.69655	0	0.47238	0.52861	7.38799	1.10119	0	0.73333	0.55303	7.95434	1.10119	0	-0.00693	-0.00857	0.67992	0.00167	1	0.06231	-0.01258	0.69888	0.00290	1	1.45898	0.81042	0	
1278628	8623.06055	3307030202350	0.00000	0.00000	8622.39746	0.58301	12122	0	0.52106	0.10028	0	0.51068	0.69655	0	0.51068	0.69655	0	0.47238	0.52861	7.38799	1.10119	0	0.73333	0.55303	7.95434	1.10119	0	-0.00693	-0.00857	0.67992	0.00167	1	0.06231	-0.01258	0.69888	0.00290	1	1.45898	0.81042	0	
1278629	8623.06738	3307030270341	0.00000	0.00000	8622.39746	0.58301	12122	0	0.52106	0.10028	0	0.51068	0.69655	0	0.51068	0.69655	0	0.47238	0.52861	7.38799	1.10119	0	0.73333	0.55303	7.95434	1.10119	0	-0.00693	-0.00857	0.67992	0.00167	1	0.06231	-0.01258	0.69888	0.00290	1	1.45898	0.81042	0	
1278630	8623.07422	3307030338589	0.00000	0.00000	8622.39746	0.58301	12122	0	0.52106	0.10028	0	0.51068	0.69655	0	0.51068	0.69655	0	0.47238	0.52861	7.38799	1.10119	0	0.73333	0.55303	7.95434	1.10119	0	-0.00693	-0.00857	0.67992	0.00167	1	0.06231	-0.01258	0.69888	0.00290	1	1.45898	0.81042	0	
1278631	8623.08105	3307030404383	0.00000	0.00000	8622.39746	0.58301	12122	0	0.52106	0.10028	0	0.51068	0.69655	0	0.51068	0.69655	0	0.47238	0.52861	7.38799	1.10119	0	0.73333	0.55303	7.95434	1.10119	0	-0.00693	-0.00857	0.67992	0.00167	1	0.06231	-0.01258	0.69888	0.00290	1	1.45898	0.81042	0	
1278632	8623.08789	3307030470232	0.00000	0.00000	8622.39746	0.58301	12122	0	0.52106	0.10028	0	0.51068	0.69655	0	0.51068	0.69655	0	0.47238	0.52861	7.38799	1.10119	0	0.73333	0.55303	7.95434	1.10119	0	-0.00693	-0.00857	0.67992	0.00167	1	0.06231	-0.01258	0.69888	0.00290	1	1.45898	0.81042	0	
1278633	8623.09375	3307030534766	0.00000	0.00000	8622.39746	0.58301	12122	0	0.52106	0.10028	0	0.51068	0.69655	0	0.51068	0.69655	0	0.47238	0.52861	7.38799	1.10119	0	0.73333	0.55303	7.95434	1.10119	0	-0.00693	-0.00857	0.67992	0.00167	1	0.06231	-0.01258	0.69888	0.00290	1	1.45898	0.81042	0	
1278634	8623.10059	3307030605653	0.00000	0.00000	8622.39746	0.58301	12122	0	0.52106	0.10028	0	0.51068	0.69655	0	0.51068	0.69655	0	0.47238	0.52861	7.38799	1.10119	0	0.73333	0.55303	7.95434	1.10119	0	-0.00693	-0.00857	0.67992	0.00167	1	0.06231	-0.01258	0.69888	0.00290	1	1.45898	0.81042	0	
1278635	8623.10742	3307030672980	0.00000	0.00000	8622.39746	0.58301	12122	0	0.52106	0.10028	0	0.51068	0.69655	0	0.51068	0.69655	0	0.47238	0.52861	7.38799	1.10119	0	0.73333	0.55303	7.95434	1.10119	0	-0.00693	-0.00857	0.67992	0.00167	1	0.06231	-0.01258	0.69888	0.00290	1	1.45898	0.81042	0	
1278636	8623.11426	3307030740531	0.00000	0.00000	8622.39746	0.58301	12122	0	0.52106	0.10028	0	0.51068	0.69655	0	0.51068	0.69655	0	0.47238	0.52861	7.38799	1.10119	0	0.73333	0.55303	7.95434	1.10119	0	-0.00693	-0.00857	0.67992	0.00167	1	0.06231	-0.01258	0.69888	0.00290	1	1.45898	0.81042	0	
1278637	8623.12109	3307030806027	0.00000	0.00000	8622.39746	0.58301	12122	0	0.52106	0.10028	0	0.51068	0.69655	0	0.51068	0.69655	0	0.47238	0.52861	7.38799	1.10119	0	0.73333	0.55303	7.95434	1.10119	0	-0.00693	-0.00857	0.67992	0.00167	1	0.06231	-0.01258	0.69888	0.00290	1	1.45898	0.81042	0	
1278638	8623.12793	3307030873700	0.00000	0.00000	8622.39746	0.58301	12122	0	0.52106	0.10028	0	0.51068	0.69655	0	0.51068	0.69655	0	0.47238	0.52861	7.38799	1.10119	0	0.73333	0.55303	7.95434	1.10119	0	-0.00693	-0.00857	0.67992	0.00167	1	0.06231	-0.01258	0.69888	0.00290	1	1.45898	0.81042	0	
1278639	8623.13477	3307030938830	0.00000	0.00000	8622.39746	0.58301	12122	0	0.52106	0.10028	0	0.51068	0.69655	0	0.51068	0.69655	0	0.47238	0.52861	7.38799	1.10119	0	0.73333	0.55303	7.95434	1.10119	0	-0.00693	-0.00857	0.67992	0.00167	1	0.06231	-0.01258	0.69888	0.00290	1	1.45898	0.81042	0	
1278640	8623.14160	3307031007675	0.00000	0.00000	8622.39746	0.58301	12122	0	0.52106	0.10028	0	0.51068	0.69655	0	0.51068	0.69655	0	0.47238	0.52861	7.38799	1.10119	0	0.73333	0.55303	7.95434	1.10119	0	-0.00693	-0.00857	0.67992	0.00167	1	0.06231	-0.01258	0.69888	0.00290	1	1.45898	0.81042	0	
1278641	8623.14746	3307031074415	0.00000	0.00000	8622.39746	0.58301	12122	0	0.52106	0.10028	0	0.51068	0.69655	0	0.51068	0.69655	0	0.47238	0.52861	7.38799	1.10119	0	0.73333	0.55303	7.95434	1.10119	0	-0.00693	-0.00857	0.67992	0.00167	1	0.06231	-0.01258	0.69888	0.00290	1	1.45898	0.81042	0	
1278642	8623.15430	3307031141517	0.00000	0.00000	8622.39746	0.58301	12122	0	0.52106	0.10028	0	0.51068	0.69655	0	0.51068	0.69655	0	0.47238	0.52861	7.38799	1.10119	0	0.73333	0.55303	7.95434	1.10119	0	-0.00693	-0.00857	0.67992	0.00167	1	0.06231	-0.01258	0.69888	0.00290	1	1.45898	0.81042	0	
1278643	8623.16113	3307031208299	0.00000	0.00000	8622.39746	0.58301	12122	0	0.52106	0.10028	0	0.51068	0.69655	0	0.51068	0.69655	0	0.47238	0.52861	7.38799	1.10119	0	0.73333	0.55303	7.95434	1.10119	0	-0.00693	-0.00857	0.67992	0.00167	1	0.06231	-0.01258	0.69888	0.00290	1	1.45898	0.81042	0	
1278644	8623.16797	3307031278265	0.00000	0.00000	8622.39746	0.58301	12122	0	0.52106	0.10028	0	0.51068	0.69655	0	0.51068	0.69655	0	0.47238	0.52861	7.38799	1.10119	0	0.73333	0.55303	7.95434	1.10119	0	-0.00693	-0.00857	0.67992	0.00167	1	0.06231	-0.01258	0.69888	0.00290	1	1.45898	0.81042	0	
1278645	8623.17480	3307031345994	0.00000	0.00000	8622.39746	0.58301	12122	0	0.52106	0.10028	0	0.51068	0.69655	0	0.51068	0.69655	0	0.47238	0.52861	7.38799	1.10119	0	0.73333	0.55303	7.95434	1.10119	0	-0.00693	-0.00857	0.67992	0.00167	1	0.06231	-0.01258	0.69888	0.00290	1	1.45898	0.81042	0	
1278646	8623.18164	3307031412372	0.24450	0.08172	8622.39746	0.58301	12122	0	0.49228	0.12479	1	0.48573	0.20207	1	0.48901	0.16343	1	0.47529	0.52815	11.47792	1.10119	1	0.73661	0.54962	12.82435	1.10119	1	-0.00693	-0.00857	0.67992	0.00233	1	0.06231	-0.01258	0.69888	0.00381	1	1.45898	0.81042	0	
1278647	8623.18848	3307031479163	0.48610	0.15391	8622.39746	0.58301	12122	0	0.47760	0.11977	1	0.48881	0.16902	1	0.48320	0.14440	1	0.47517	0.52819	11.59392	1.10119	1	0.73665	0.54923	12.75821	1.10119	1	-0.00693	-0.00857	0.67992	0.00222	1	0.06231	-0.01258	0.69888	0.00397	1	1.45898	0.81042	0	
1278648	8623.19531	3307031546019	0.48455	0.15119	8622.39746	0.58301	12122	0	0.47760	0.11977	1	0.48839	0.17717	1	0.48300	0.14847	1	0.47547	0.52816	11.62963	1.10119	1	0.73664	0.55023	13.20995	1.09251	1	-0.00601	-0.00825	0.67929	0.00225	1	0.06116	-0.01229	0.67413	0.00379	1	1.45898	0.81042	0	
1278649	8623.20215	3307031613104	0.48311	0.16958	8622.39746	0.58301	12122	0	0.49832	0.13395	1	0.46214	0.27879	1	0.48023	0.20637	1	0.47555	0.52805	11.70320	1.09251	1	0.73705	0.55001	12.41344	1.08383	1	-0.00601	-0.00825	0.67929	0.00229	1	0.06116	-0.01229	0.67413	0.00388	1	1.45898	0.81042	0	
1278650	8623.20898	3307031680242	0.48400	0.20375	8623.18848	0.02051	12123	1	0.52574	0.32997	1	0.44760	0.28249	1	0.48667	0.30623	1	0.47586	0.52982	11.25394	1.08383	1	0.73697	0.54961	12.61629	1.07515	1	-0.00601	-0.00825	0.67929	0.00358	1	0.06116	-0.01229	0.67413	0.00390	1	1.45898	0.81042	0	
1278651	8623.21484	3307031747311	0.48461	0.22566	8623.18848	0.02637	12123	1	0.52662	0.33678	1	0.44750	0.28989	1	0.48706	0.31334	1	0.47577	0.52793	11.64149	1.07515	1	0.73719	0.54922	12.77063	1.06647	1	-0.00595	-0.00831	0.68393	0.00238	1	0.06158	-0.01230	0.67765	0.00381	1	1.45898	0.81042	0	
1278652	8623.22168	3307031814048	0.48980	0.24335	8623.18848	0.03320	12123	1	0.54197	0.28348	1	0.48958	0.38014	1	0.51577	0.33181	1	0.47607	0.52938	11.32143	1.06647	1	0.73720	0.55020	13.19404	1.06647	1	-0.00595	-0.00831	0.68393	0.00378	1	0.06158	-0.01230	0.67765	0.00392	1	1.45898	0.81042	0	
1278653	8623.22852	3307031881052	0.48956	0.24772	8623.18848	0.04004	12123	1	0.49583	0.16943	1	0.48037	0.37839	1	0.48810	0.27391	1	0.47567	0.52780	11.59511	1.06647	1	0.73706	0.54991	13.06441	1.06647	1	-0.00595	-0.00831	0.68393	0.00230	1	0.06158	-0.01230	0.67765	0.00397	1	1.45898	0.81042	0	
1278654	8623.23535	3307031949514	0.48931	0.25039	8623.18848	0.04688	12123	1	0.49469	0.16080	1	0.48043	0.37729	1	0.48756	0.26905	1	0.47597	0.52775	11.46870	1.07556	1	0.73717	0.55010	13.10385	1.06790	1	-0.00600	-0.00846	0.69633	0.00233	1	0.05978	-0.01193	0.65726	0.00395	1	1.45898	0.81042	0	
1278655	8623.24219	3307032016321	0.48855	0.24546	8623.18848	0.05371	12123	1	0.48513	0.15746	1	0.47981	0.25468	1	0.48247	0.20607	1	0.47601	0.52776	11.99464	1.07698	1	0.73743	0.54945	12.77945	1.06932	1	-0.00600	-0.00846	0.69633	0.00226	1	0.05978	-0.01193	0.65726	0.00408	1	1.45898	0.81042	0	
1278656	8623.24902	3307032081565	0.48876	0.24975	8623.18848	0.06055	12123	1	0.49980	0.29948	1	0.48153	0.27724	1	0.49066	0.28836	1	0.47617	0.52935	11.30299	1.07841	1	0.73744	0.54945	12.77955	1.07075	1	-0.00600	-0.00846	0.69633	0.00395	1	0.05978	-0.01193	0.65726	0.00409	1	1.45898	0.81042	0	
1278657	8623.25586	3307032149068	0.48896	0.25251	8623.18848	0.06738	12123	1	0.49962	0.29831	1	0.48229	0.26190	1	0.49095	0.28010	1	0.47607	0.52752	11.47578	1.07983	1	0.73732	0.54975	12.97960	1.08852	1	-0.00600	-0.00836	0.69633	0.00240	1	0.06391	-0.01275	0.70262	0.00400	1	1.45898	0.81042	0	
1278658	8623.26172	3307032216194	0.48909	0.24529	8623.18848	0.07324	12123	1	0.49199	0.12699	1	0.48895	0.20463	1	0.49047	0.16581	1	0.47626	0.52755	11.43258	1.08852	1	0.73753	0.54907	12.96457	1.10485	1	-0.00600	-0.00836	0.69633	0.00249	1	0.06391	-0.01275	0.70262	0.00373	1	1.45898	0.81042	0	
1278659	8623.26855	3307032283295	0.48959	0.24622	8623.18848	0.08008	12123	1	0.51309	0.26871	1	0.47827	0.24616	1	0.49568	0.25743	1	0.47640	0.52944	11.71421	1.10485	1	0.73737	0.54961	13.25825	1.12119	1	-0.00600	-0.00836	0.69633	0.00386	1	0.06391	-0.01275	0.70262	0.00394	1	1.45898	0.81042	0	
1278660	8623.27539	3307032349827	0.49000	0.24685	8623.18848	0.08691	12123	1	0.51230	0.26272	1	0.47822	0.24737	1	0.49526	0.25504	1	0.47657	0.52959	12.23920	1.11211	1	0.73746	0.54997	13.54653	1.11977	1	-0.00584	-0.00810	0.68362	0.00368	1	0.06125	-0.01206	0.67290	0.00377	1	1.45898	0.81042	0	
1278661	8623.28223	3307032417282	0.48946	0.25262	8623.18848	0.09375	12123	1	0.50495	0.29175	1	0.45886	0.37499	1	0.48190	0.33337	1	0.47634	0.52914	11.88936	1.11068	1	0.73742	0.55025	13.42510	1.10200	1	-0.00584	-0.00810	0.68362	0.00374	1	0.06125	-0.01206	0.67290	0.00397	1	1.45898	0.81042	0	
1278662	8623.28906	3307032484579	0.49018	0.25866	8623.18848	0.10059	12123	1	0.52939	0.34720	1	0.47250	0.35147	1	0.50094	0.34933	1	0.47666	0.52921	12.12557	1.09292	1	0.73764	0.55003	12.63028	1.08424	1	-0.00584	-0.00810	0.68362	0.00369	1	0.06125	-0.01206	0.67290	0.00406	1	1.45898	0.81042	0	
1278663	8623.29590	3307032551243	0.49084	0.26480	8623.18848	0.10742	12123	1	0.53113	0.36073	1	0.47189	0.36540	1	0.50151	0.36306	1	0.47651	0.52850	12.03996	1.07515	1	0.73747	0.55001	13.14326	1.06647	1	-0.00584	-0.00810	0.68362	0.00397	1	0.06155	-0.01217	0.67617	0.00405	1	1.45898	0.81042	0	
1278664	8623.30273	3307032618112	0.49016	0.27271	8623.18848	0.11426	12123	1	0.51616	0.36096	1	0.44080	0.45322	1	0.47848	0.40709	1	0.47641	0.52911	12.03671	1.06647	1	0.73722	0.55023	13.49716	1.06647	1	-0.00584	-0.00810	0.68362	0.00360	1	0.06155	-0.01217	0.67617	0.00398	1	1.45898	0.81042	0	
1278665	8623.30859	3307032682840	0.48933	0.27793	8623.18848	0.12012	12123	1	0.51209	0.30452	1	0.43669	0.43938	1	0.47439	0.37195	1	0.47634	0.52850	11.89367	1.06647	1	0.73722	0.55023	13.49716	1.06647	1	-0.00584	-0.00810	0.68362	0.00373	1	0.06155	-0.01217	0.67617	0.00398	1	1.45898	0.81042	0	
1278666	8623.31543	3307032747838	0.48855	0.28228	8623.18848	0.12695	12123	1	0.51105	0.29705	1	0.43670	0.43291	1	0.47388	0.36498	1	0.47598	0.52682	11.68513	1.07556	1	0.73718	0.54977	13.04259	1.07556	1	-0.00605	-0.00831	0.70115	0.00242	1	0.06155	-0.01217	0.67617	0.00430	1	1.45898	0.81042	0	
1278667	8623.32227	3307032816239	0.48742	0.31554	8623.18848	0.12695	12123	0	0.51399	0.34383	1	0.43571	0.35610	1	0.47485	0.34997	1	0.47646	0.52885	12.25451	1.08464	1	0.73715	0.55000	13.20463	1.08464	1	-0.00605	-0.00831	0.70115	0.00355	1	0.06155	-0.01217	0.67617	0.00406	1	1.45898	0.81042	0	
1278668	8623.32910	3307032883050	0.49131	0.31576	8623.18848	0.12695	12123	0	0.52132	0.31308	1	0.46910	0.31887	1	0.49521	0.31598	1	0.47659	0.52877	12.20129	1.09373	1	0.73723	0.54928	13.08994	1.09373	1	-0.00605	-0.00831	0.70115	0.00370	1	0.06155	-0.01217	0.67617	0.00411	1	1.45898	0.81042	0	
1278669	8623.33496	3307032948578	0.49250	0.31341	8623.18848	0.12695	12123	0	0.52038	0.30587	1	0.46937	0.31154	1	0.49488	0.30871	1	0.47600	0.52645	12.15741	1.10281	1	0.73707	0.54932	13.08940	1.10281	1	-0.00605	-0.00820	0.70115	0.00246	1	0.06125	-0.01206	0.67290	0.00426	1	1.45898	0.81042	0	
1278670	8623.34277	3307033019765	0.49535	0.31170	8623.32227	0.02051	12124	1	0.53071	0.33574	1	0.47711	0.27737	1	0.50391	0.30655	1	0.47676	0.52906	12.41252	1.10281	1	0.73732	0.54889	13.06943	1.10281	1	-0.00605	-0.00820	0.70115	0.00371	1	0.06125	-0.01206	0.67290	0.00406	1	1.45898	0.81042	0	
1278671	8623.34961	3307033086628	0.49708	0.31323	8623.32227	0.02734	12124	1	0.52951	0.33300	1	0.47843	0.30570	1	0.50397	0.31935	1	0.47660	0.52907	12.18272	1.10281	1	0.73732	0.54903	13.21501	1.10281	1	-0.00605	-0.00820	0.70115	0.00367	1	0.06125	-0.01206	0.67290	0.00401	1	1.45898	0.81042	0	
1278672	8623.35547	3307033153432	0.49820	0.31477	8623.32227	0.03320	12124	1	0.52951	0.33300	1	0.47813	0.31192	1	0.50382	0.32246	1	0.47596	0.52841	11.72096	1.10281	1	0.73738	0.54857	13.13564	1.09515	1	-0.00600	-0.00809	0.69633	0.00358	1	0.06006	-0.01184	0.66033	0.00391	1	1.45898	0.81042	0	
1278673	8623.36230	3307033220961	0.49816	0.30295	8623.32227	0.04004	12124	1	0.52817	0.14550	1	0.46775	0.31865	1	0.49796	0.23207	1	0.47595	0.52665	12.16857	1.09515	1	0.73729	0.54897	13.37405	1.08749	1	-0.00600	-0.00809	0.69633	0.00257	1	0.06006	-0.01184	0.66033	0.00378	1	1.45898	0.81042	0	
1278674	8623.36914	3307033287660	0.49878	0.30283	8623.32227	0.04688	12124	1	0.54153	0.30344	1	0.46461	0.30045	1	0.50307	0.30194	1	0.47611	0.52862	11.42321	1.08749	1	0.73714	0.54892	13.32914	1.07983	1	-0.00600	-0.00809	0.69633	0.00374	1	0.06006	-0.01184	0.66033	0.00387	1	1.45898	0.81042	0	
1278675	8623.37598	3307033354400	0.49932	0.30390	8623.32227	0.05371	12124	1	0.54302	0.31692	1	0.46436	0.30802	1	0.50369	0.31247	1	0.47590	0.52865	12.69505	1.07075	1	0.73705	0.54886	13.52325	1.07075	1	-0.00605	-0.00800	0.68372	0.00365	1	0.06177	-0.01218	0.67974	0.00388	1	1.45898	0.81042	0	
1278676	8623.38281	3307033422178	0.49799	0.29582	8623.32227	0.06055	12124	1	0.50769	0.13875	1	0.46422	0.30740	1	0.48596	0.22308	1	0.47563	0.52643	11.85603	1.06166	1	0.73667	0.54878	12.95839	1.06932	1	-0.00605	-0.00800	0.68372	0.00249	1	0.06177	-0.01218	0.67974	0.00418	1	1.45898	0.81042	0	
1278677	8623.38965	3307033488539	0.49797	0.29062	8623.32227	0.06738	12124	1	0.49970	0.15911	1	0.49595	0.31831	1	0.49782	0.23871	1	0.47551	0.52643	11.79754	1.06024	1	0.73688	0.54918	13.77706	1.06790	1	-0.00605	-0.00800	0.68372	0.00252	1	0.06177	-0.01218	0.67974	0.00382	1	1.45898	0.81042	0	
1278678	8623.39648	3307033555837	0.49794	0.28573	8623.32227	0.07422	12124	1	0.49875	0.15172	1	0.49638	0.31196	1	0.49757	0.23184	1	0.47527	0.52653	12.04741	1.06790	1	0.73654	0.54866	13.11580	1.07556	1	-0.00624	-0.00818	0.69899	0.00243	1	0.06164	-0.01223	0.67937	0.00409	1	1.45898	0.81042	0	
1278679	8623.40234	3307033623151	0.49785	0.28656	8623.32227	0.08008	12124	1	0.52859	0.31846	1	0.46495	0.27471	1	0.49677	0.29658	1	0.47548	0.52863	12.11431	1.08464	1	0.73637	0.54863	13.25955	1.08464	1	-0.00624	-0.00818	0.69899	0.00363	1	0.06164	-0.01223	0.67937	0.00410	1	1.45898	0.81042	0	
1278680	8623.40918	3307033687390	0.49866	0.28437	8623.32227	0.08691	12124	1	0.54432	0.25431	1	0.47404	0.25752	1	0.50918	0.25591	1	0.47534	0.52835	11.52410	1.09373	1	0.73645	0.54861	13.23730	1.09373	1	-0.00624	-0.00818	0.69899	0.00359	1	0.06164	-0.01223	0.67937	0.00404	1	1.45898	0.81042	0	
1278681	8623.41602	3307033756554	0.49936	0.28247	8623.32227	0.09375	12124	1	0.54432	0.25431	1	0.47404	0.25752	1	0.50918	0.25591	1	0.47495	0.52854	12.50380	1.09373	1	0.73636	0.54885	13.41715	1.09373	1	-0.00634	-0.00811	0.69338	0.00358	1	0.06005	-0.01180	0.66408	0.00393	1	1.45898	0.81042	0	
1278682	8623.42285	3307033823095	0.49965	0.28427	8623.32227	0.10059	12124	1	0.50909	0.30746	1	0.49878	0.31495	1	0.50393	0.31121	1	0.47485	0.52853	12.25444	1.08464	1	0.73613	0.54883	12.53034	1.08464	1	-0.00634	-0.00811	0.69338	0.00363	1	0.06005	-0.01180	0.66408	0.00392	1	1.45898	0.81042	0	
1278683	8623.42969	3307033890278	0.49997	0.28773	8623.32227	0.10742	12124	1	0.51307	0.36145	1	0.49732	0.32465	1	0.50519	0.34305	1	0.47482	0.52897	12.23748	1.07556	1	0.73607	0.54919	13.17453	1.07556	1	-0.00634	-0.00811	0.69338	0.00360	1	0.06005	-0.01180	0.66408	0.00392	1	1.45898	0.81042	0	
1278684	8623.43652	3307033957153	0.50028	0.29060	8623.32227	0.11426	12124	1	0.51307	0.36145	1	0.49781	0.31756	1	0.50544	0.33950	1	0.47449	0.52889	11.57383	1.07556	1	0.73576	0.54859	13.29391	1.08424	1	-0.00649	-0.00823	0.70352	0.00364	1	0.06402	-0.01259	0.70855	0.00409	1	1.45898	0.81042	0	
1278685	8623.44336	3307034024665	0.50135	0.28909	8623.32227	0.12109	12124	1	0.54844	0.27762	1	0.49308	0.24601	1	0.52076	0.26182	1	0.47466	0.52841	11.61482	1.09332	1	0.73598	0.54851	12.90198	1.10200	1	-0.00649	-0.00823	0.70352	0.00354	1	0.06402	-0.01259	0.70855	0.00412	1	1.45898	0.81042	0	
1278686	8623.44922	3307034088833	0.50124	0.28223	8623.32227	0.12695	12124	1	0.50819	0.11071	1	0.49011	0.19314	1	0.49915	0.15192	1	0.47420	0.52662	12.08530	1.11109	1	0.73589	0.54801	12.77339	1.11977	1	-0.00649	-0.00823	0.70352	0.00240	1	0.06402	-0.01259	0.70855	0.00436	1	1.45898	0.81042	0	
1278687	8623.45605	3307034156295	0.50112	0.27583	8623.32227	0.13379	12124	1	0.50723	0.10234	1	0.49011	0.19314	1	0.49867	0.14774	1	0.47400	0.52815	11.93223	1.11977	1	0.73556	0.54848	12.39045	1.11977	1	-0.00644	-0.00803	0.68205	0.00385	1	0.06078	-0.01199	0.67441	0.00405	1	1.45898	0.81042	0	
1278688	8623.46289	3307034221975	0.50130	0.27660	8623.32227	0.14062	12124	1	0.50501	0.28031	1	0.50534	0.30533	1	0.50517	0.29282	1	0.47409	0.52854	11.89356	1.11068	1	0.73549	0.54919	12.74550	1.10200	1	-0.00644	-0.00803	0.68205	0.00369	1	0.06078	-0.01199	0.67441	0.00375	1	1.45898	0.81042	0	
1278689	8623.46973	3307034289428	0.50138	0.27749	8623.32227	0.14746	12124	1	0.51544	0.30023	1	0.49075	0.29409	1	0.50310	0.29716	1	0.47408	0.52857	11.99929	1.09292	1	0.73526	0.54875	12.66614	1.08424	1	-0.00644	-0.00803	0.68205	0.00370	1	0.06078	-0.01199	0.67441	0.00388	1	1.45898	0.81042	0	
1278690	8623.47559	3307034355497	0.50148	0.27892	8623.32227	0.15332	12124	1	0.51737	0.31454	1	0.48986	0.30899	1	0.50362	0.31176	1	0.47354	0.52684	11.83226	1.07515	1	0.73465	0.54881	13.31661	1.06647	1	-0.00654	-0.00807	0.68105	0.00235	1	0.06078	-0.01201	0.67553	0.00417	1	1.45898	0.81042	0	
1278691	8623.48242	3307034423597	0.50116	0.27846	8623.32227	0.16016	12124	1	0.52936	0.23094	1	0.45793	0.30373	1	0.49364	0.26733	1	0.47364	0.52775	11.01018	1.06647	1	0.73468	0.54891	13.42588	1.06647	1	-0.00654	-0.00807	0.68105	0.00374	1	0.06078	-0.01201	0.67553	0.00397	1	1.45898	0.81042	0	
1278692	8623.48926	3307034489868	0.50113	0.28043	8623.32227	0.16699	12124	1	0.54663	0.34586	1	0.45406	0.31358	1	0.50034	0.32972	1	0.47373	0.52885	11.23954	1.06647	1	0.73461	0.54895	13.36796	1.06647	1	-0.00654	-0.00807	0.68105	0.00366	1	0.06078	-0.01201	0.67553	0.00398	1	1.45898	0.81042	0	
1278693	8623.49609	3307034557280	0.50110	0.28237	8623.32227	0.17383	12124	1	0.54663	0.34586	1	0.45392	0.31994	1	0.50028	0.33290	1	0.47355	0.52765	10.73169	1.06647	1	0.73479	0.54830	12.27798	1.05881	1	-0.00666	-0.00810	0.68353	0.00397	1	0.05981	-0.01184	0.66638	0.00419	1	1.45898	0.81042	0	
1278694	8623.50293	3307034624855	0.50094	0.28110	8623.32227	0.18066	12124	1	0.49978	0.14725	1	0.49367	0.34636	1	0.49672	0.24681	1	0.47319	0.52667	12.18367	1.05881	1	0.73456	0.54914	12.66932	1.05115	1	-0.00666	-0.00810	0.68353	0.00233	1	0.05981	-0.01184	0.66638	0.00379	1	1.45898	0.81042	0	
1278695	8623.50977	3307034691537	0.50108	0.27867	8623.32227	0.18750	12124	1	0.50559	0.18040	1	0.50432	0.24066	1	0.50495	0.21053	1	0.47317	0.52686	12.09572	1.05115	1	0.73467	0.54785	12.07847	1.04349	1	-0.00666	-0.00810	0.68353	0.00231	1	0.05981	-0.01184	0.66638	0.00418	1	1.45898	0.81042	0	
1278696	8623.51660	3307034759033	0.50122	0.27664	8623.32227	0.19434	12124	1	0.50651	0.18770	1	0.50382	0.24774	1	0.50516	0.21772	1	0.47286	0.52683	11.61497	1.04349	1	0.73442	0.54832	12.68755	1.03583	1	-0.00672	-0.00804	0.67854	0.00231	1	0.05816	-0.01147	0.64805	0.00399	1	1.45898	0.81042	0	
1278697	8623.52246	3307034824119	0.50047	0.27627	8623.32227	0.20020	12124	1	0.48695	0.20510	1	0.46944	0.32572	1	0.47819	0.26541	1	0.47279	0.52682	11.91451	1.03583	1	0.73413	0.54885	13.32078	1.03583	1	-0.00672	-0.00804	0.67854	0.00230	1	0.05816	-0.01147	0.64805	0.00372	1	1.45898	0.81042	0	
1278698	8623.53027	3307034895287	0.50028	0.27458	8623.32227	0.20801	12124	1	0.50722	0.18943	1	0.48133	0.25466	1	0.49428	0.22204	1	0.47284	0.52683	11.58221	1.03583	1	0.73430	0.54776	12.27720	1.03583	1	-0.00672	-0.00804	0.67854	0.00235	1	0.05816	-0.01147	0.64805	0.00420	1	1.45898	0.81042	0	
1278699	8623.53711	3307034962781	0.50010	0.27288	8623.32227	0.21484	12124	1	0.50722	0.18943	1	0.48166	0.24765	1	0.49444	0.21854	1	0.47252	0.52704	11.47375	1.03583	1	0.73386	0.54787	12.00971	1.04349	1	-0.00672	-0.00804	0.67854	0.00233	1	0.06042	-0.01193	0.67378	0.00426	1	1.45898	0.81042	0	
1278700	8623.54395	3307035029758	0.50018	0.27517	8623.32227	0.22168	12124	1	0.54313	0.36832	1	0.46245	0.33318	1	0.50279	0.35075	1	0.47291	0.52895	10.98701	1.04349	1	0.73399	0.54796	12.56993	1.05115	1	-0.00672	-0.00804	0.67854	0.00383	1	0.06042	-0.01193	0.67378	0.00437	1	1.45898	0.81042	0	
1278701	8623.54980	3307035095169	0.49959	0.27487	8623.32227	0.22754	12124	1	0.51275	0.19454	1	0.44583	0.33454	1	0.47929	0.26454	1	0.47255	0.52705	11.60423	1.05115	1	0.73370	0.54852	12.32893	1.05881	1	-0.00672	-0.00804	0.67854	0.00231	1	0.06042	-0.01193	0.67378	0.00424	1	1.45898	0.81042	0	
1278702	8623.55664	3307035162612	0.49901	0.27430	8623.32227	0.23438	12124	1	0.51187	0.18736	1	0.44600	0.32120	1	0.47893	0.25428	1	0.47250	0.52709	11.80152	1.05881	1	0.73360	0.54909	13.02027	1.07515	1	-0.00672	-0.00804	0.67854	0.00228	1	0.06251	-0.01235	0.69766	0.00412	1	1.45898	0.81042	0	
1278703	8623.56348	3307035230036	0.49872	0.27559	8623.32227	0.24121	12124	1	0.53157	0.34710	1	0.44517	0.29698	1	0.48837	0.32204	1	0.47275	0.52893	10.81711	1.07515	1	0.73367	0.54850	12.53228	1.08383	1	-0.00672	-0.00804	0.67854	0.00385	1	0.06251	-0.01235	0.69766	0.00424	1	1.45898	0.81042	0	
1278704	8623.57031	3307035297111	0.49896	0.27570	8623.32227	0.24805	12124	1	0.53846	0.28781	1	0.47652	0.27170	1	0.50749	0.27975	1	0.47297	0.52902	11.39098	1.08383	1	0.73380	0.54867	12.48647	1.09251	1	-0.00672	-0.00804	0.67854	0.00382	1	0.06251	-0.01235	0.69766	0.00401	1	1.45898	0.81042	0	
1278705	8623.57715	3307035364453	0.49916	0.27571	8623.32227	0.25488	12124	1	0.53767	0.28067	1	0.47652	0.27170	1	0.50710	0.27618	1	0.47275	0.52962	10.94788	1.09251	1	0.73381	0.54865	12.33611	1.09251	1	-0.00679	-0.00801	0.67623	0.00373	1	0.06042	-0.01189	0.67489	0.00397	1	1.45898	0.81042	0	
1278706	8623.58398	3307035431215	0.49938	0.27644	8623.32227	0.26172	12124	1	0.51530	0.32759	1	0.50000	0.28193	1	0.50765	0.30476	1	0.47258	0.52945	10.84533	1.09251	1	0.73379	0.54868	12.44029	1.08383	1	-0.00679	-0.00801	0.67623	0.00369	1	0.06042	-0.01189	0.67489	0.00393	1	1.45898	0.81042	0	
1278707	8623.58984	3307035498012	0.49922	0.27747	8623.32227	0.26758	12124	1	0.50101	0.30879	1	0.48514	0.32930	1	0.49307	0.31905	1	0.47237	0.52958	11.18928	1.08383	1	0.73363	0.54917	12.70207	1.07515	1	-0.00679	-0.00801	0.67623	0.00378	1	0.06042	-0.01189	0.67489	0.00377	1	1.45898	0.81042	0	
1278708	8623.59668	3307035566139	0.49908	0.27846	8623.32227	0.27441	12124	1	0.50096	0.30846	1	0.48515	0.32897	1	0.49306	0.31872	1	0.47216	0.52962	11.29520	1.08424	1	0.73390	0.54862	11.94075	1.07556	1	-0.00724	-0.00853	0.71511	0.00375	1	0.06042	-0.01195	0.67489	0.00404	1	1.45898	0.81042	0	
1278709	8623.60352	3307035631978	0.49891	0.27634	8623.32227	0.28125	12124	1	0.48112	0.11688	1	0.50250	0.25768	1	0.49181	0.18728	1	0.47221	0.52732	11.68106	1.08464	1	0.73387	0.54862	11.89497	1.08464	1	-0.00724	-0.00853	0.71511	0.00235	1	0.06042	-0.01195	0.67489	0.00404	1	1.45898	0.81042	0	
1278710	8623.61035	3307035699035	0.49880	0.27462	8623.32227	0.28809	12124	1	0.48246	0.14568	1	0.50560	0.25608	1	0.49403	0.20088	1	0.47221	0.52732	11.68106	1.09373	1	0.73392	0.54841	11.90908	1.09373	1	-0.00724	-0.00853	0.71511	0.00235	1	0.06042	-0.01195	0.67489	0.00410	1	1.45898	0.81042	0	
1278711	8623.61719	3307035766037	0.49868	0.27280	8623.32227	0.29492	12124	1	0.48126	0.13706	1	0.50617	0.24820	1	0.49371	0.19263	1	0.47240	0.52736	11.41533	1.10281	1	0.73394	0.54878	12.06396	1.10281	1	-0.00724	-0.00853	0.71511	0.00228	1	0.06042	-0.01200	0.67489	0.00397	1	1.45898	0.81042	0	
1278712	8623.62402	3307035833088	0.49853	0.27097	8623.32227	0.30176	12124	1	0.48172	0.11627	1	0.50158	0.26115	1	0.49165	0.18871	1	0.47224	0.52751	11.21062	1.10281	1	0.73384	0.54864	12.10977	1.10281	1	-0.00724	-0.00853	0.71511	0.00230	1	0.06042	-0.01200	0.67489	0.00397	1	1.45898	0.81042	0	
1278713	8623.63086	3307035900261	0.49849	0.26897	8623.32227	0.30859	12124	1	0.48844	0.08168	1	0.50525	0.27202	1	0.49685	0.17685	1	0.47233	0.52732	11.04741	1.10281	1	0.73392	0.54887	12.19348	1.10281	1	-0.00724	-0.00853	0.71511	0.00230	1	0.06042	-0.01200	0.67489	0.00394	1	1.45898	0.81042	0	
1278714	8623.63672	3307035967141	0.49846	0.26705	8623.32227	0.31445	12124	1	0.48844	0.08168	1	0.50525	0.27202	1	0.49685	0.17685	1	0.47237	0.52741	11.31177	1.10281	1	0.73385	0.54851	11.82947	1.10281	1	-0.00716	-0.00849	0.70740	0.00227	1	0.06042	-0.01205	0.67489	0.00397	1	1.45898	0.81042	0	
1278715	8623.64355	3307036033957	0.49692	0.23499	8623.32227	0.31445	12124	0	0.49795	0.08985	1	0.48169	0.30654	1	0.48982	0.19819	1	0.47239	0.52738	11.46533	1.10281	1	0.73351	0.54908	12.39527	1.10281	1	-0.00716	-0.00849	0.70740	0.00227	1	0.06042	-0.01205	0.67489	0.00373	1	1.45898	0.81042	0	
1278716	8623.65039	3307036100467	0.49113	0.21615	8623.32227	0.31445	12124	0	0.50570	0.12047	1	0.46498	0.27414	1	0.48534	0.19731	1	0.47240	0.52749	11.77312	1.10281	1	0.73363	0.54897	12.34684	1.10281	1	-0.00716	-0.00849	0.70740	0.00231	1	0.06042	-0.01205	0.67489	0.00377	1	1.45898	0.81042	0	
1278717	8623.65723	3307036167756	0.48942	0.21608	8623.32227	0.31445	12124	0	0.50766	0.13693	1	0.46432	0.29494	1	0.48599	0.21593	1	0.47254	0.52765	11.16611	1.08571	1	0.73368	0.54900	12.37780	1.07805	1	-0.00656	-0.00795	0.65818	0.00231	1	0.05967	-0.01194	0.66590	0.00380	1	1.45898	0.81042	0	
1278718	8623.66406	3307036235381	0.48613	0.22193	8623.64355	0.02051	12125	1	0.50784	0.15801	1	0.44468	0.32098	1	0.47626	0.23949	1	0.47246	0.52764	11.18565	1.06095	1	0.73368	0.54917	12.36085	1.05329	1	-0.00656	-0.00795	0.65818	0.00235	1	0.05967	-0.01194	0.66590	0.00388	1	1.45898	0.81042	0	
1278719	8623.67090	3307036301963	0.47994	0.23013	8623.64355	0.02734	12125	1	0.49139	0.15739	1	0.41895	0.36843	1	0.45517	0.26291	1	0.47261	0.52744	11.57792	1.03619	1	0.73330	0.54923	12.70342	1.02853	1	-0.00656	-0.00795	0.65818	0.00223	1	0.05967	-0.01194	0.66590	0.00425	1	1.45898	0.81042	0	
1278720	8623.67773	3307036369214	0.47601	0.23810	8623.64355	0.03418	12125	1	0.49362	0.17396	1	0.41919	0.38192	1	0.45640	0.27794	1	0.47274	0.52764	11.18847	1.01944	1	0.73370	0.54941	12.29856	1.01178	1	-0.00672	-0.00814	0.67855	0.00229	1	0.05981	-0.01194	0.66638	0.00387	1	1.45898	0.81042	0	
1278721	8623.68359	3307036435880	0.47678	0.24603	8623.64355	0.04004	12125	1	0.51090	0.19867	1	0.45185	0.38865	1	0.48137	0.29366	1	0.47284	0.52756	11.28895	1.01980	1	0.73384	0.54935	12.40073	1.01980	1	-0.00672	-0.00814	0.67855	0.00235	1	0.05981	-0.01194	0.66638	0.00380	1	1.45898	0.81042	0	
1278722	8623.69043	3307036503418	0.47474	0.25066	8623.64355	0.04688	12125	1	0.47557	0.18468	1	0.44539	0.38132	1	0.46048	0.28300	1	0.47273	0.52750	11.19976	1.02782	1	0.73374	0.54935	12.38801	1.02782	1	-0.00672	-0.00814	0.67855	0.00228	1	0.05981	-0.01194	0.66638	0.00385	1	1.45898	0.81042	0	
1278723	8623.69727	3307036569057	0.47310	0.25346	8623.64355	0.05371	12125	1	0.47439	0.17689	1	0.44547	0.37494	1	0.45993	0.27592	1	0.47292	0.52752	11.55268	1.03583	1	0.73389	0.54911	12.26886	1.03583	1	-0.00667	-0.00821	0.68391	0.00233	1	0.05981	-0.01194	0.66638	0.00372	1	1.45898	0.81042	0	
1278724	8623.70410	3307036636784	0.47399	0.26259	8623.64355	0.06055	12125	1	0.48974	0.32193	1	0.47431	0.36755	1	0.48202	0.34474	1	0.47289	0.52940	10.90839	1.03583	1	0.73425	0.54910	12.71350	1.03583	1	-0.00667	-0.00821	0.68391	0.00389	1	0.05981	-0.01194	0.66638	0.00368	1	1.45898	0.81042	0	
1278725	8623.71094	3307036703818	0.47542	0.26179	8623.64355	0.06738	12125	1	0.49093	0.16406	1	0.48856	0.34347	1	0.48974	0.25376	1	0.47303	0.52739	11.50360	1.03583	1	0.73447	0.54924	12.31516	1.03583	1	-0.00667	-0.00821	0.68391	0.00234	1	0.05981	-0.01194	0.66638	0.00365	1	1.45898	0.81042	0	
1278726	8623.71777	3307036770938	0.47662	0.26112	8623.64355	0.07422	12125	1	0.49093	0.16406	1	0.48856	0.34347	1	0.48974	0.25376	1	0.47315	0.52734	11.21986	1.03583	1	0.73443	0.54933	12.73977	1.03583	1	-0.00662	-0.00810	0.67956	0.00229	1	0.05940	-0.01184	0.66068	0.00368	1	1.45898	0.81042	0	
1278727	8623.72461	3307036837893	0.47855	0.26519	8623.64355	0.08105	12125	1	0.52481	0.26483	1	0.47871	0.36313	1	0.50176	0.31398	1	0.47345	0.52890	10.61997	1.03583	1	0.73425	0.54938	13.11728	1.03583	1	-0.00662	-0.00810	0.67956	0.00399	1	0.05940	-0.01184	0.66068	0.00366	1	1.45898	0.81042	0	
1278728	8623.73145	3307036905025	0.47884	0.26286	8623.64355	0.08789	12125	1	0.49711	0.15931	1	0.46806	0.30604	1	0.48258	0.23267	1	0.47315	0.52735	11.51776	1.03583	1	0.73446	0.54929	12.65165	1.03583	1	-0.00662	-0.00810	0.67956	0.00228	1	0.05940	-0.01184	0.66068	0.00374	1	1.45898	0.81042	0	
1278729	8623.73730	3307036971119	0.47906	0.26029	8623.64355	0.09375	12125	1	0.49594	0.15034	1	0.46834	0.29819	1	0.48214	0.22426	1	0.47354	0.52734	11.68734	1.04492	1	0.73443	0.54934	12.28759	1.04492	1	-0.00673	-0.00837	0.70633	0.00240	1	0.05940	-0.01184	0.66068	0.00377	1	1.45898	0.81042	0	
1278730	8623.74414	3307037038694	0.47876	0.26064	8623.64355	0.10059	12125	1	0.50370	0.16036	1	0.44486	0.37127	1	0.47428	0.26582	1	0.47361	0.52746	11.52942	1.05400	1	0.73456	0.54966	12.26204	1.05400	1	-0.00673	-0.00837	0.70633	0.00234	1	0.05940	-0.01184	0.66068	0.00371	1	1.45898	0.81042	0	
1278731	8623.75098	3307037105537	0.47760	0.26029	8623.64355	0.10742	12125	1	0.47681	0.13736	1	0.44125	0.37209	1	0.45903	0.25472	1	0.47358	0.52750	11.44159	1.06309	1	0.73448	0.54954	12.44108	1.06309	1	-0.00673	-0.00837	0.70633	0.00235	1	0.05940	-0.01184	0.66068	0.00375	1	1.45898	0.81042	0	
1278732	8623.75781	3307037172946	0.47657	0.25963	8623.64355	0.11426	12125	1	0.47681	0.13736	1	0.44136	0.35938	1	0.45908	0.24837	1	0.47382	0.52732	11.73201	1.06309	1	0.73469	0.54933	11.94307	1.07943	1	-0.00646	-0.00810	0.68385	0.00232	1	0.06407	-0.01275	0.71148	0.00371	1	1.45898	0.81042	0	
1278733	8623.76465	3307037239436	0.47604	0.25893	8623.64355	0.12109	12125	1	0.48376	0.12694	1	0.44913	0.36599	1	0.46644	0.24647	1	0.47371	0.52730	11.58116	1.07034	1	0.73459	0.54963	12.21070	1.08668	1	-0.00646	-0.00810	0.68385	0.00234	1	0.06407	-0.01275	0.71148	0.00378	1	1.45898	0.81042	0	
1278734	8623.77148	3307037306747	0.47657	0.25581	8623.64355	0.12793	12125	1	0.48570	0.11781	1	0.48758	0.27519	1	0.48664	0.19650	1	0.47369	0.52734	11.76998	1.07760	1	0.73516	0.54917	12.41601	1.09394	1	-0.00646	-0.00810	0.68385	0.00228	1	0.06407	-0.01275	0.71148	0.00362	1	1.45898	0.81042	0	
1278735	8623.77832	3307037374034	0.47702	0.25285	8623.64355	0.13477	12125	1	0.48474	0.11063	1	0.48751	0.27639	1	0.48613	0.19351	1	0.47385	0.52715	11.41166	1.08485	1	0.73489	0.54958	13.11523	1.09251	1	-0.00646	-0.00810	0.68385	0.00228	1	0.06078	-0.01214	0.67441	0.00374	1	1.45898	0.81042	0	
1278736	8623.78418	3307037441129	0.47798	0.25076	8623.64355	0.14062	12125	1	0.49467	0.11672	1	0.50135	0.29716	1	0.49801	0.20694	1	0.47385	0.52717	11.51869	1.09251	1	0.73540	0.54941	12.80773	1.08383	1	-0.00646	-0.00810	0.68385	0.00226	1	0.06078	-0.01214	0.67441	0.00365	1	1.45898	0.81042	0	
1278737	8623.79102	3307037507446	0.47878	0.24963	8623.64355	0.14746	12125	1	0.50116	0.14803	1	0.49181	0.30164	1	0.49648	0.22484	1	0.47393	0.52714	11.48699	1.08383	1	0.73530	0.54939	12.46894	1.07515	1	-0.00646	-0.00810	0.68385	0.00232	1	0.06078	-0.01214	0.67441	0.00368	1	1.45898	0.81042	0	
1278738	8623.79785	3307037574487	0.47953	0.24892	8623.64355	0.15430	12125	1	0.50219	0.15631	1	0.49136	0.30892	1	0.49678	0.23262	1	0.47396	0.52710	11.36469	1.07515	1	0.73536	0.54927	12.43442	1.06647	1	-0.00646	-0.00810	0.68385	0.00235	1	0.06078	-0.01214	0.67441	0.00378	1	1.45898	0.81042	0	
1278739	8623.80469	3307037641513	0.48026	0.24703	8623.64355	0.16113	12125	1	0.50418	0.13906	1	0.49128	0.26420	1	0.49773	0.20163	1	0.47404	0.52710	11.55143	1.06647	1	0.73520	0.54893	12.59915	1.06647	1	-0.00646	-0.00810	0.68385	0.00235	1	0.06078	-0.01214	0.67441	0.00368	1	1.45898	0.81042	0	
1278740	8623.81152	3307037708892	0.48098	0.24623	8623.64355	0.16797	12125	1	0.50324	0.16823	1	0.49494	0.28393	1	0.49909	0.22608	1	0.47402	0.52722	11.61087	1.06647	1	0.73528	0.54906	12.56965	1.06647	1	-0.00646	-0.00810	0.68385	0.00235	1	0.06078	-0.01214	0.67441	0.00366	1	1.45898	0.81042	0	
1278741	8623.81836	3307037775461	0.48165	0.24560	8623.64355	0.17480	12125	1	0.50324	0.16823	1	0.49452	0.29053	1	0.49888	0.22938	1	0.47412	0.52709	11.82550	1.06647	1	0.73527	0.54914	12.86518	1.05881	1	-0.00640	-0.00815	0.68795	0.00232	1	0.05936	-0.01185	0.65809	0.00364	1	1.45898	0.81042	0	
1278742	8623.82520	3307037842644	0.48168	0.24487	8623.64355	0.18164	12125	1	0.50859	0.15277	1	0.45634	0.29722	1	0.48246	0.22500	1	0.47410	0.52710	11.90855	1.05881	1	0.73508	0.54917	12.86656	1.05115	1	-0.00640	-0.00815	0.68795	0.00234	1	0.05936	-0.01185	0.65809	0.00370	1	1.45898	0.81042	0	
1278743	8623.83105	3307037909332	0.48134	0.24490	8623.64355	0.18750	12125	1	0.49168	0.17036	1	0.45247	0.32110	1	0.47208	0.24573	1	0.47414	0.52711	11.88965	1.05115	1	0.73495	0.54945	13.07267	1.04349	1	-0.00640	-0.00815	0.68795	0.00232	1	0.05936	-0.01185	0.65809	0.00371	1	1.45898	0.81042	0	
1278744	8623.83789	3307037976722	0.48105	0.24505	8623.64355	0.19434	12125	1	0.49268	0.17774	1	0.45247	0.32110	1	0.47258	0.24942	1	0.47415	0.52715	12.04836	1.04349	1	0.73517	0.54930	12.48012	1.04349	1	-0.00640	-0.00815	0.68795	0.00231	1	0.06180	-0.01232	0.68455	0.00375	1	1.45898	0.81042	0	
1278745	8623.84473	3307038043581	0.48046	0.24427	8623.64355	0.20117	12125	1	0.48557	0.16958	1	0.43976	0.27264	1	0.46266	0.22111	1	0.47414	0.52709	11.84582	1.04349	1	0.73523	0.54921	12.43625	1.05115	1	-0.00640	-0.00815	0.68795	0.00232	1	0.06180	-0.01232	0.68455	0.00380	1	1.45898	0.81042	0	
1278746	8623.85156	3307038110626	0.48004	0.24430	8623.64355	0.20801	12125	1	0.49060	0.17344	1	0.44376	0.31651	1	0.46718	0.24497	1	0.47414	0.52707	11.79186	1.05115	1	0.73523	0.54918	12.36877	1.05881	1	-0.00640	-0.00815	0.68795	0.00232	1	0.06180	-0.01232	0.68455	0.00381	1	1.45898	0.81042	0	
1278747	8623.85840	3307038177778	0.47964	0.24411	8623.64355	0.21484	12125	1	0.48959	0.16608	1	0.44383	0.31013	1	0.46671	0.23811	1	0.47429	0.52684	11.82110	1.05881	1	0.73525	0.54927	12.31940	1.06647	1	-0.00640	-0.00815	0.68795	0.00236	1	0.06247	-0.01240	0.69198	0.00385	1	1.45898	0.81042	0	
1278748	8623.86426	3307038241734	0.47945	0.24421	8623.64355	0.22070	12125	1	0.49138	0.14473	1	0.45470	0.35064	1	0.47304	0.24769	1	0.47425	0.52696	11.63803	1.06647	1	0.73546	0.54935	12.33156	1.06647	1	-0.00640	-0.00815	0.68795	0.00233	1	0.06247	-0.01240	0.69198	0.00381	1	1.45898	0.81042	0	
1278749	8623.87109	3307038307475	0.47903	0.24368	8623.64355	0.22754	12125	1	0.49328	0.13046	1	0.43678	0.32049	1	0.46503	0.22547	1	0.47424	0.52691	11.85352	1.06647	1	0.73505	0.54952	12.93385	1.06647	1	-0.00640	-0.00815	0.68795	0.00229	1	0.06247	-0.01240	0.69198	0.00386	1	1.45898	0.81042	0	
1278750	8623.87793	3307038375602	0.47864	0.24317	8623.64355	0.23438	12125	1	0.49328	0.13046	1	0.43678	0.32049	1	0.46503	0.22547	1	0.47441	0.52672	11.26298	1.06647	1	0.73536	0.54902	12.43457	1.06647	1	-0.00640	-0.00815	0.68795	0.00246	1	0.06247	-0.01240	0.69198	0.00392	1	1.45898	0.81042	0	
1278751	8623.88477	3307038442594	0.47895	0.24253	8623.64355	0.24121	12125	1	0.50973	0.12809	1	0.47018	0.31101	1	0.48995	0.21955	1	0.47446	0.52687	11.68929	1.06647	1	0.73567	0.54899	12.92325	1.06647	1	-0.00640	-0.00815	0.68795	0.00243	1	0.06247	-0.01240	0.69198	0.00381	1	1.45898	0.81042	0	
1278752	8623.89160	3307038510465	0.47901	0.24238	8623.64355	0.24805	12125	1	0.51294	0.17552	1	0.44924	0.29783	1	0.48109	0.23668	1	0.47446	0.52687	11.68929	1.06647	1	0.73530	0.54909	12.41092	1.06647	1	-0.00640	-0.00815	0.68795	0.00243	1	0.06247	-0.01240	0.69198	0.00385	1	1.45898	0.81042	0	
1278753	8623.89844	3307038575684	0.47906	0.24223	8623.64355	0.25488	12125	1	0.51294	0.17552	1	0.44924	0.29783	1	0.48109	0.23668	1	0.47432	0.52674	11.46806	1.06647	1	0.73534	0.54918	12.29136	1.06647	1	-0.00640	-0.00815	0.68795	0.00238	1	0.06247	-0.01240	0.69198	0.00387	1	1.45898	0.81042	0	
1278754	8623.90527	3307038644318	0.47900	0.24163	8623.64355	0.26172	12125	1	0.49965	0.16774	1	0.45405	0.26871	1	0.47685	0.21823	1	0.47433	0.52682	11.75387	1.06647	1	0.73539	0.54900	12.32912	1.06647	1	-0.00640	-0.00815	0.68795	0.00235	1	0.06247	-0.01240	0.69198	0.00390	1	1.45898	0.81042	0	
1278755	8623.91113	3307038711065	0.47880	0.24196	8623.64355	0.26758	12125	1	0.47697	0.16183	1	0.46446	0.34800	1	0.47071	0.25491	1	0.47434	0.52673	11.68106	1.06647	1	0.73562	0.54930	12.97038	1.06647	1	-0.00640	-0.00815	0.68795	0.00232	1	0.06247	-0.01240	0.69198	0.00382	1	1.45898	0.81042	0	
1278756	8623.91797	3307038777042	0.47861	0.24227	8623.64355	0.27441	12125	1	0.47697	0.16183	1	0.46446	0.34800	1	0.47071	0.25491	1	0.47445	0.52669	11.33721	1.06647	1	0.73581	0.54877	12.69069	1.06647	1	-0.00640	-0.00815	0.68795	0.00241	1	0.06005	-0.01195	0.66408	0.00390	1	1.45898	0.81042	0	
1278757	8623.92480	3307038844736	0.47853	0.24195	8623.64355	0.28125	12125	1	0.48585	0.15638	1	0.46438	0.30114	1	0.47511	0.22876	1	0.47447	0.52674	11.61430	1.06647	1	0.73557	0.54879	13.01959	1.06647	1	-0.00640	-0.00815	0.68795	0.00244	1	0.06005	-0.01195	0.66408	0.00406	1	1.45898	0.81042	0	
1278758	8623.93164	3307038911999	0.47868	0.24146	8623.64355	0.28809	12125	1	0.48976	0.16744	1	0.48103	0.27311	1	0.48540	0.22028	1	0.47454	0.52678	11.38533	1.06647	1	0.73581	0.54883	12.87956	1.06647	1	-0.00640	-0.00815	0.68795	0.00251	1	0.06005	-0.01195	0.66408	0.00387	1	1.45898	0.81042	0	
1278759	8623.93848	3307038977547	0.47882	0.24080	8623.64355	0.29492	12125	1	0.48858	0.15879	1	0.48142	0.26520	1	0.48500	0.21199	1	0.47460	0.52678	11.45373	1.07556	1	0.73581	0.54869	12.69154	1.07556	1	-0.00640	-0.00817	0.69353	0.00246	1	0.06005	-0.01190	0.66408	0.00392	1	1.45898	0.81042	0	
1278760	8623.94531	3307039043591	0.47894	0.24051	8623.64355	0.30176	12125	1	0.48794	0.14492	1	0.48038	0.30982	1	0.48416	0.22737	1	0.47457	0.52669	11.65166	1.08464	1	0.73583	0.54897	12.60808	1.08464	1	-0.00640	-0.00817	0.69353	0.00238	1	0.06005	-0.01190	0.66408	0.00387	1	1.45898	0.81042	0	
1278761	8623.95215	3307039112988	0.47905	0.23975	8623.64355	0.30859	12125	1	0.49535	0.14537	1	0.47273	0.26446	1	0.48404	0.20492	1	0.47464	0.52687	11.73229	1.09373	1	0.73577	0.54871	12.59610	1.09373	1	-0.00640	-0.00817	0.69353	0.00246	1	0.06005	-0.01190	0.66408	0.00394	1	1.45898	0.81042	0	
1278762	8623.95898	3307039182308	0.47914	0.23886	8623.64355	0.31543	12125	1	0.49424	0.13675	1	0.47304	0.25668	1	0.48364	0.19672	1	0.47458	0.52663	11.61584	1.10281	1	0.73576	0.54873	12.69555	1.10281	1	-0.00649	-0.00834	0.70352	0.00245	1	0.06005	-0.01195	0.66408	0.00390	1	1.45898	0.81042	0	
1278763	8623.96582	3307039249201	0.47882	0.23747	8623.64355	0.32227	12125	1	0.48447	0.11770	1	0.47771	0.21904	1	0.48109	0.16837	1	0.47448	0.52666	11.83244	1.10281	1	0.73578	0.54875	12.63425	1.10281	1	-0.00649	-0.00834	0.70352	0.00245	1	0.06005	-0.01195	0.66408	0.00392	1	1.45898	0.81042	0	
1278764	8623.97168	3307039314989	0.47862	0.23798	8623.64355	0.32812	12125	1	0.48545	0.11300	1	0.46608	0.33070	1	0.47576	0.22185	1	0.47445	0.52668	11.76204	1.10281	1	0.73561	0.54940	13.46003	1.10281	1	-0.00649	-0.00834	0.70352	0.00239	1	0.06005	-0.01195	0.66408	0.00382	1	1.45898	0.81042	0	
1278765	8623.97852	3307039382991	0.47841	0.23827	8623.64355	0.33496	12125	1	0.48663	0.12181	1	0.46582	0.33787	1	0.47623	0.22984	1	0.47445	0.52657	11.64160	1.09373	1	0.73561	0.54911	12.93562	1.09373	1	-0.00634	-0.00816	0.69338	0.00239	1	0.06005	-0.01185	0.66408	0.00390	1	1.45898	0.81042	0	
1278766	8623.98535	3307039450845	0.47868	0.23768	8623.64355	0.34180	12125	1	0.49848	0.13627	1	0.47934	0.28623	1	0.48891	0.21125	1	0.47468	0.52663	11.53038	1.08464	1	0.73583	0.54864	12.51865	1.08464	1	-0.00634	-0.00816	0.69338	0.00248	1	0.06005	-0.01185	0.66408	0.00396	1	1.45898	0.81042	0	
1278767	8623.99219	3307039517056	0.47919	0.23608	8623.64355	0.34863	12125	1	0.48306	0.12589	1	0.47657	0.24629	1	0.47981	0.18609	1	0.47447	0.52635	11.91202	1.07556	1	0.73577	0.54881	12.67000	1.07556	1	-0.00634	-0.00816	0.69338	0.00237	1	0.06005	-0.01185	0.66408	0.00391	1	1.45898	0.81042	0	
1278768	8623.99902	3307039584160	0.48158	0.20779	8623.64355	0.34863	12125	0	0.48306	0.12589	1	0.47657	0.24629	1	0.47981	0.18609	1	0.47447	0.52632	11.71586	1.07556	1	0.73594	0.54821	12.44625	1.07556	1	-0.00640	-0.00817	0.69353	0.00239	1	0.06005	-0.01190	0.66408	0.00414	1	1.45898	0.81042	0	
1278769	8624.00586	3307039651191	0.48276	0.19624	8623.64355	0.34863	12125	0	0.48837	0.12273	1	0.47949	0.24664	1	0.48393	0.18468	1	0.47457	0.52650	11.91331	1.08464	1	0.73578	0.54824	12.59138	1.08464	1	-0.00640	-0.00817	0.69353	0.00246	1	0.06005	-0.01190	0.66408	0.00414	1	1.45898	0.81042	0	
1278770	8624.01270	3307039718340	0.47860	0.18776	8623.64355	0.34863	12125	0	0.46455	0.12934	1	0.47603	0.21225	1	0.47029	0.17079	1	0.47422	0.52652	11.65851	1.09373	1	0.73580	0.54812	12.65472	1.09373	1	-0.00640	-0.00817	0.69353	0.00248	1	0.06005	-0.01190	0.66408	0.00416	1	1.45898	0.81042	0	
1278771	8624.01855	3307039785155	0.47640	0.18139	8623.99902	0.01953	12126	1	0.46323	0.12057	1	0.47637	0.20403	1	0.46980	0.16230	1	0.47424	0.52654	11.75385	1.10281	1	0.73575	0.54859	12.80564	1.10281	1	-0.00649	-0.00823	0.70352	0.00246	1	0.06005	-0.01190	0.66408	0.00392	1	1.45898	0.81042	0	
1278772	8624.02539	3307039852411	0.47967	0.19357	8623.99902	0.02637	12126	1	0.50012	0.32135	1	0.48537	0.16318	1	0.49274	0.24226	1	0.47466	0.52884	11.44131	1.10281	1	0.73583	0.54798	12.70384	1.10281	1	-0.00649	-0.00823	0.70352	0.00365	1	0.06005	-0.01190	0.66408	0.00418	1	1.45898	0.81042	0	
1278773	8624.03223	3307039918360	0.48253	0.20015	8623.99902	0.03320	12126	1	0.50843	0.30257	1	0.48527	0.16353	1	0.49685	0.23305	1	0.47479	0.52889	12.00055	1.10281	1	0.73583	0.54798	12.70384	1.10281	1	-0.00649	-0.00823	0.70352	0.00363	1	0.06005	-0.01190	0.66408	0.00418	1	1.45898	0.81042	0	
1278774	8624.03906	3307039985941	0.48462	0.20598	8623.99902	0.04004	12126	1	0.50945	0.30981	1	0.48487	0.17209	1	0.49716	0.24095	1	0.47457	0.52885	11.59832	1.09373	1	0.73577	0.54823	12.75062	1.09373	1	-0.00640	-0.00805	0.68795	0.00365	1	0.06005	-0.01185	0.66408	0.00417	1	1.45898	0.81042	0	
1278775	8624.04590	3307040052662	0.48391	0.21321	8623.99902	0.04688	12126	1	0.48800	0.23760	1	0.46980	0.29002	1	0.47890	0.26381	1	0.47448	0.52778	11.28810	1.08464	1	0.73567	0.54865	12.75744	1.08464	1	-0.00640	-0.00805	0.68795	0.00402	1	0.06005	-0.01185	0.66408	0.00395	1	1.45898	0.81042	0	
1278776	8624.05273	3307040119544	0.48284	0.20775	8623.99902	0.05371	12126	1	0.47101	0.14402	1	0.47754	0.18410	1	0.47427	0.16406	1	0.47428	0.52654	11.68305	1.07556	1	0.73582	0.54808	12.61814	1.07556	1	-0.00640	-0.00805	0.68795	0.00249	1	0.06005	-0.01185	0.66408	0.00419	1	1.45898	0.81042	0	
1278777	8624.05957	3307040187129	0.48198	0.20338	8623.99902	0.06055	12126	1	0.47101	0.14402	1	0.47754	0.18410	1	0.47427	0.16406	1	0.47469	0.52869	11.54414	1.07556	1	0.73583	0.54802	12.68567	1.07556	1	-0.00649	-0.00834	0.70352	0.00367	1	0.06005	-0.01195	0.66408	0.00416	1	1.45898	0.81042	0	
1278778	8624.06543	3307040253409	0.48116	0.21002	8623.99902	0.06641	12126	1	0.49139	0.25154	1	0.45455	0.30145	1	0.47297	0.27650	1	0.47455	0.52783	11.18186	1.08464	1	0.73545	0.54891	13.16902	1.08464	1	-0.00649	-0.00834	0.70352	0.00409	1	0.06005	-0.01195	0.66408	0.00412	1	1.45898	0.81042	0	
1278779	8624.07227	3307040320315	0.48204	0.21542	8623.99902	0.07324	12126	1	0.50823	0.32907	1	0.47511	0.22041	1	0.49167	0.27474	1	0.47471	0.52884	11.43102	1.09373	1	0.73568	0.54823	12.76569	1.09373	1	-0.00649	-0.00834	0.70352	0.00369	1	0.06005	-0.01195	0.66408	0.00420	1	1.45898	0.81042	0	
1278780	8624.07910	3307040387343	0.48278	0.21998	8623.99902	0.08008	12126	1	0.50823	0.32907	1	0.47511	0.22041	1	0.49167	0.27474	1	0.47470	0.52879	11.49845	1.09373	1	0.73561	0.54832	12.80421	1.09373	1	-0.00625	-0.00782	0.67260	0.00367	1	0.06005	-0.01180	0.66408	0.00421	1	1.45898	0.81042	0	
1278781	8624.08594	3307040454338	0.48340	0.22386	8623.99902	0.08691	12126	1	0.50021	0.35121	1	0.48273	0.19751	1	0.49147	0.27436	1	0.47463	0.52895	11.53060	1.08464	1	0.73582	0.54791	12.65438	1.08464	1	-0.00625	-0.00782	0.67260	0.00359	1	0.06005	-0.01180	0.66408	0.00421	1	1.45898	0.81042	0	
1278782	8624.09277	3307040521561	0.48260	0.23038	8623.99902	0.09375	12126	1	0.49444	0.33094	1	0.44845	0.31239	1	0.47144	0.32166	1	0.47452	0.52879	11.41293	1.07556	1	0.73531	0.54905	13.33235	1.07556	1	-0.00625	-0.00782	0.67260	0.00367	1	0.06005	-0.01180	0.66408	0.00428	1	1.45898	0.81042	0	
1278783	8624.09961	3307040588524	0.48194	0.23655	8623.99902	0.10059	12126	1	0.49560	0.33812	1	0.44833	0.31988	1	0.47196	0.32900	1	0.47453	0.52864	11.35922	1.06647	1	0.73564	0.54850	12.82855	1.06647	1	-0.00640	-0.00805	0.68795	0.00372	1	0.06005	-0.01185	0.66408	0.00416	1	1.45898	0.81042	0	
1278784	8624.10645	3307040657217	0.48185	0.24127	8623.99902	0.10742	12126	1	0.49348	0.34229	1	0.46755	0.29131	1	0.48051	0.31680	1	0.47445	0.52863	11.37979	1.06647	1	0.73562	0.54848	12.83238	1.06647	1	-0.00640	-0.00805	0.68795	0.00372	1	0.06005	-0.01185	0.66408	0.00415	1	1.45898	0.81042	0	
1278785	8624.11328	3307040724975	0.48243	0.24350	8623.99902	0.11426	12126	1	0.50975	0.34125	1	0.47478	0.22162	1	0.49226	0.28144	1	0.47478	0.52894	12.02203	1.06647	1	0.73571	0.54841	12.90447	1.06647	1	-0.00640	-0.00805	0.68795	0.00360	1	0.06005	-0.01185	0.66408	0.00399	1	1.45898	0.81042	0	
1278786	8624.11914	3307040790230	0.48295	0.24550	8623.99902	0.12012	12126	1	0.50975	0.34125	1	0.47478	0.22162	1	0.49226	0.28144	1	0.47507	0.52877	12.10714	1.06647	1	0.73580	0.54855	13.07793	1.06647	1	-0.00634	-0.00811	0.69338	0.00365	1	0.06098	-0.01197	0.67318	0.00396	1	1.45898	0.81042	0	
1278787	8624.12598	3307040856676	0.48339	0.24771	8623.99902	0.12695	12126	1	0.51768	0.34909	1	0.46591	0.23037	1	0.49179	0.28973	1	0.47495	0.52885	12.08989	1.06647	1	0.73589	0.54852	13.11395	1.06647	1	-0.00634	-0.00811	0.69338	0.00368	1	0.06098	-0.01197	0.67318	0.00395	1	1.45898	0.81042	0	
1278788	8624.13281	3307040923510	0.48426	0.27994	8623.99902	0.12695	12126	0	0.51310	0.32803	1	0.46452	0.22162	1	0.48881	0.27483	1	0.47479	0.52873	11.68781	1.06647	1	0.73589	0.54852	13.09253	1.06647	1	-0.00634	-0.00811	0.69338	0.00374	1	0.06098	-0.01197	0.67318	0.00395	1	1.45898	0.81042	0	
1278789	8624.13965	3307040990820	0.48648	0.27914	8623.99902	0.12695	12126	0	0.51310	0.32803	1	0.46431	0.22865	1	0.48871	0.27834	1	0.47471	0.52865	11.71926	1.06647	1	0.73578	0.54880	13.29822	1.05881	1	-0.00634	-0.00811	0.69338	0.00375	1	0.05993	-0.01177	0.66222	0.00391	1	1.45898	0.81042	0	
1278790	8624.14648	3307041057840	0.48925	0.28914	8623.99902	0.12695	12126	0	0.52203	0.32406	1	0.46754	0.29421	1	0.49479	0.30913	1	0.47498	0.52875	12.25300	1.05881	1	0.73609	0.54858	12.40538	1.05115	1	-0.00634	-0.00811	0.69338	0.00373	1	0.05993	-0.01177	0.66222	0.00409	1	1.45898	0.81042	0	
1278791	8624.15332	3307041124701	0.49077	0.29759	8624.13281	0.02051	12127	1	0.51851	0.33349	1	0.47214	0.31244	1	0.49533	0.32296	1	0.47496	0.52862	11.74789	1.05115	1	0.73609	0.54881	13.07152	1.04349	1	-0.00634	-0.00811	0.69338	0.00378	1	0.05993	-0.01177	0.66222	0.00395	1	1.45898	0.81042	0	
1278792	8624.16016	3307041191913	0.49177	0.30329	8624.13281	0.02734	12127	1	0.51936	0.33966	1	0.47214	0.31244	1	0.49575	0.32605	1	0.47484	0.52863	11.66640	1.04349	1	0.73630	0.54910	12.80447	1.04349	1	-0.00630	-0.00795	0.68827	0.00376	1	0.06098	-0.01197	0.67318	0.00380	1	1.45898	0.81042	0	
1278793	8624.16602	3307041258693	0.49106	0.30820	8624.13281	0.03320	12127	1	0.51402	0.36313	1	0.46110	0.30238	1	0.48756	0.33275	1	0.47475	0.52875	12.18733	1.04349	1	0.73591	0.54873	12.56926	1.05115	1	-0.00630	-0.00795	0.68827	0.00372	1	0.06098	-0.01197	0.67318	0.00410	1	1.45898	0.81042	0	
1278794	8624.17285	3307041325800	0.49083	0.31452	8624.13281	0.04004	12127	1	0.51331	0.36045	1	0.46555	0.34447	1	0.48943	0.35246	1	0.47475	0.52875	12.18733	1.05115	1	0.73606	0.54920	12.38763	1.05881	1	-0.00630	-0.00795	0.68827	0.00372	1	0.06098	-0.01197	0.67318	0.00396	1	1.45898	0.81042	0	
1278795	8624.17969	3307041392555	0.49061	0.31850	8624.13281	0.04688	12127	1	0.51243	0.35447	1	0.46577	0.33828	1	0.48910	0.34637	1	0.47477	0.52884	12.17237	1.05881	1	0.73643	0.54842	12.64386	1.06647	1	-0.00617	-0.00802	0.68528	0.00373	1	0.06098	-0.01197	0.67318	0.00421	1	1.45898	0.81042	0	
1278796	8624.18652	3307041459210	0.49117	0.31393	8624.13281	0.05371	12127	1	0.51815	0.30995	1	0.47309	0.24470	1	0.49562	0.27732	1	0.47489	0.52850	12.25419	1.06647	1	0.73642	0.54822	12.61917	1.06647	1	-0.00617	-0.00802	0.68528	0.00376	1	0.06098	-0.01197	0.67318	0.00430	1	1.45898	0.81042	0	
1278797	8624.19336	3307041526148	0.49136	0.31317	8624.13281	0.06055	12127	1	0.51639	0.34753	1	0.46964	0.26515	1	0.49301	0.30634	1	0.47491	0.52880	11.95932	1.06647	1	0.73645	0.54847	12.74557	1.06647	1	-0.00617	-0.00802	0.68528	0.00372	1	0.06098	-0.01197	0.67318	0.00407	1	1.45898	0.81042	0	
1278798	8624.19922	3307041591034	0.49151	0.31255	8624.13281	0.06641	12127	1	0.51639	0.34753	1	0.46964	0.26515	1	0.49301	0.30634	1	0.47554	0.52854	12.02723	1.06647	1	0.73641	0.54819	12.63109	1.06647	1	-0.00617	-0.00797	0.68528	0.00375	1	0.06122	-0.01207	0.67591	0.00422	1	1.45898	0.81042	0	
1278799	8624.20703	3307041660690	0.49217	0.31020	8624.13281	0.07422	12127	1	0.53090	0.30499	1	0.46799	0.26373	1	0.49944	0.28436	1	0.47514	0.52828	12.04228	1.06647	1	0.73641	0.54829	12.76251	1.06647	1	-0.00617	-0.00797	0.68528	0.00378	1	0.06122	-0.01207	0.67591	0.00416	1	1.45898	0.81042	0	
1278800	8624.21289	3307041727034	0.49315	0.30991	8624.13281	0.08008	12127	1	0.54596	0.29873	1	0.46383	0.31417	1	0.50489	0.30645	1	0.47532	0.52840	11.50366	1.06647	1	0.73643	0.54886	13.03740	1.06647	1	-0.00617	-0.00797	0.68528	0.00378	1	0.06122	-0.01207	0.67591	0.00389	1	1.45898	0.81042	0	
1278801	8624.21973	3307041794432	0.49399	0.30966	8624.13281	0.08691	12127	1	0.54596	0.29873	1	0.46383	0.31417	1	0.50489	0.30645	1	0.47530	0.52851	11.47946	1.06647	1	0.73649	0.54860	12.97361	1.06647	1	-0.00617	-0.00797	0.68528	0.00382	1	0.06098	-0.01197	0.67318	0.00409	1	1.45898	0.81042	0	
1278802	8624.22656	3307041861539	0.49361	0.30884	8624.13281	0.09375	12127	1	0.50394	0.30759	1	0.47269	0.28693	1	0.48832	0.29726	1	0.47504	0.52833	11.43192	1.06647	1	0.73649	0.54860	12.92568	1.06647	1	-0.00617	-0.00797	0.68528	0.00392	1	0.06098	-0.01197	0.67318	0.00410	1	1.45898	0.81042	0	
1278803	8624.23340	3307041928305	0.49304	0.30624	8624.13281	0.10059	12127	1	0.49594	0.29214	1	0.47295	0.24253	1	0.48445	0.26734	1	0.47530	0.52817	11.59959	1.06647	1	0.73654	0.54827	12.91758	1.06647	1	-0.00617	-0.00797	0.68528	0.00381	1	0.06098	-0.01197	0.67318	0.00415	1	1.45898	0.81042	0	
1278804	8624.24023	3307041995679	0.49253	0.30395	8624.13281	0.10742	12127	1	0.49594	0.29214	1	0.47295	0.24253	1	0.48445	0.26734	1	0.47524	0.52894	11.52313	1.06647	1	0.73653	0.54819	12.83836	1.06647	1	-0.00617	-0.00802	0.68528	0.00374	1	0.06116	-0.01198	0.67413	0.00417	1	1.45898	0.81042	0	
1278805	8624.24707	3307042062493	0.49249	0.30163	8624.13281	0.11426	12127	1	0.50240	0.34812	1	0.48116	0.17617	1	0.49178	0.26215	1	0.47539	0.52871	11.42502	1.06647	1	0.73661	0.54793	12.62582	1.06647	1	-0.00617	-0.00802	0.68528	0.00369	1	0.06116	-0.01198	0.67413	0.00404	1	1.45898	0.81042	0	
1278806	8624.25391	3307042129335	0.49254	0.30032	8624.13281	0.12109	12127	1	0.51362	0.33910	1	0.47338	0.21434	1	0.49350	0.27672	1	0.47559	0.52876	11.73038	1.06647	1	0.73647	0.54824	12.96544	1.06647	1	-0.00617	-0.00802	0.68528	0.00367	1	0.06116	-0.01198	0.67413	0.00406	1	1.45898	0.81042	0	
1278807	8624.25977	3307042196332	0.49257	0.29893	8624.13281	0.12695	12127	1	0.51260	0.33193	1	0.47343	0.21302	1	0.49302	0.27248	1	0.47578	0.52878	12.24100	1.07556	1	0.73668	0.54791	12.40842	1.06790	1	-0.00624	-0.00818	0.69899	0.00375	1	0.06021	-0.01179	0.66304	0.00407	1	1.45898	0.81042	0	
1278808	8624.26660	3307042260844	0.49321	0.29723	8624.13281	0.13379	12127	1	0.54648	0.30636	1	0.46555	0.22038	1	0.50601	0.26337	1	0.47611	0.52856	12.03156	1.07698	1	0.73670	0.54843	12.95994	1.06932	1	-0.00624	-0.00818	0.69899	0.00390	1	0.06021	-0.01179	0.66304	0.00396	1	1.45898	0.81042	0	
1278809	8624.27344	3307042327004	0.49298	0.29474	8624.13281	0.14062	12127	1	0.51512	0.33010	1	0.46127	0.15468	1	0.48819	0.24239	1	0.47568	0.52892	12.12670	1.07841	1	0.73662	0.54809	12.80534	1.07075	1	-0.00624	-0.00818	0.69899	0.00373	1	0.06021	-0.01179	0.66304	0.00398	1	1.45898	0.81042	0	
1278810	8624.28027	3307042395178	0.49277	0.29225	8624.13281	0.14746	12127	1	0.51496	0.32898	1	0.46149	0.14581	1	0.48823	0.23739	1	0.47580	0.52841	12.27935	1.07983	1	0.73666	0.54873	12.90899	1.07983	1	-0.00619	-0.00820	0.70541	0.00378	1	0.06158	-0.01210	0.67765	0.00400	1	1.45898	0.81042	0	
1278811	8624.28613	3307042459785	0.49219	0.29075	8624.13281	0.15332	12127	1	0.53271	0.26345	1	0.42514	0.24911	1	0.47892	0.25628	1	0.47595	0.52818	12.13545	1.07983	1	0.73653	0.54885	13.19677	1.08749	1	-0.00619	-0.00820	0.70541	0.00379	1	0.06158	-0.01210	0.67765	0.00408	1	1.45898	0.81042	0	
1278812	8624.29297	3307042529341	0.49179	0.28976	8624.13281	0.16016	12127	1	0.51825	0.29543	1	0.44573	0.23661	1	0.48199	0.26602	1	0.47574	0.52837	12.29159	1.08749	1	0.73685	0.54881	12.73153	1.09515	1	-0.00619	-0.00820	0.70541	0.00376	1	0.06158	-0.01210	0.67765	0.00386	1	1.45898	0.81042	0	
1278813	8624.29980	3307042595741	0.49141	0.28889	8624.13281	0.16699	12127	1	0.51840	0.29659	1	0.44572	0.23786	1	0.48206	0.26723	1	0.47625	0.52851	12.06724	1.08607	1	0.73714	0.54905	13.67207	1.09373	1	-0.00587	-0.00785	0.67538	0.00370	1	0.06158	-0.01220	0.67765	0.00388	1	1.45898	0.81042	0	
1278814	8624.30664	3307042663940	0.49158	0.28964	8624.13281	0.17383	12127	1	0.52881	0.33569	1	0.46323	0.28264	1	0.49602	0.30917	1	0.47624	0.52844	12.00645	1.08464	1	0.73710	0.54917	13.78643	1.08464	1	-0.00587	-0.00785	0.67538	0.00372	1	0.06158	-0.01220	0.67765	0.00386	1	1.45898	0.81042	0	
1278815	8624.31348	3307042730036	0.49165	0.28998	8624.13281	0.18066	12127	1	0.51582	0.34125	1	0.47117	0.25701	1	0.49349	0.29913	1	0.47601	0.52828	11.70424	1.07556	1	0.73723	0.54902	13.32612	1.07556	1	-0.00587	-0.00785	0.67538	0.00378	1	0.06158	-0.01220	0.67765	0.00387	1	1.45898	0.81042	0	
1278816	8624.32031	3307042795289	0.49173	0.29043	8624.13281	0.18750	12127	1	0.51682	0.34834	1	0.47115	0.25736	1	0.49399	0.30285	1	0.47592	0.52783	11.08445	1.06647	1	0.73722	0.54908	13.31514	1.07515	1	-0.00587	-0.00785	0.67538	0.00394	1	0.06301	-0.01242	0.69281	0.00386	1	1.45898	0.81042	0	
1278817	8624.32715	3307042863237	0.49142	0.29036	8624.13281	0.19434	12127	1	0.49086	0.31735	1	0.47417	0.25940	1	0.48252	0.28838	1	0.47600	0.52823	11.40656	1.07515	1	0.73729	0.54917	13.46551	1.08383	1	-0.00587	-0.00785	0.67538	0.00376	1	0.06301	-0.01242	0.69281	0.00384	1	1.45898	0.81042	0	
1278818	8624.33398	3307042933134	0.49099	0.28973	8624.13281	0.20117	12127	1	0.48732	0.30346	1	0.46836	0.23812	1	0.47784	0.27079	1	0.47599	0.52798	11.18745	1.08383	1	0.73716	0.54894	13.07593	1.09251	1	-0.00587	-0.00785	0.67538	0.00387	1	0.06301	-0.01242	0.69281	0.00392	1	1.45898	0.81042	0	
1278819	8624.34082	3307043000801	0.49054	0.28879	8624.13281	0.20801	12127	1	0.48498	0.28905	1	0.46864	0.23011	1	0.47681	0.25958	1	0.47620	0.52810	11.67603	1.10160	1	0.73716	0.54865	13.25918	1.10160	1	-0.00600	-0.00809	0.69633	0.00390	1	0.06155	-0.01217	0.67617	0.00410	1	1.45898	0.81042	0	
1278820	8624.34766	3307043067364	0.49056	0.28617	8624.13281	0.21484	12127	1	0.50620	0.21440	1	0.47600	0.19033	1	0.49110	0.20236	1	0.47638	0.52792	12.08392	1.11068	1	0.73728	0.54854	13.15800	1.10200	1	-0.00600	-0.00809	0.69633	0.00389	1	0.06155	-0.01217	0.67617	0.00409	1	1.45898	0.81042	0	
1278821	8624.35352	3307043132601	0.49058	0.28481	8624.13281	0.22070	12127	1	0.51149	0.24539	1	0.47082	0.23481	1	0.49116	0.24010	1	0.47646	0.52820	12.05522	1.11109	1	0.73722	0.54896	13.26704	1.10241	1	-0.00600	-0.00809	0.69633	0.00393	1	0.06155	-0.01217	0.67617	0.00389	1	1.45898	0.81042	0	
1278822	8624.36035	3307043201238	0.49059	0.28352	8624.13281	0.22754	12127	1	0.51145	0.24505	1	0.47083	0.23445	1	0.49114	0.23975	1	0.47653	0.52828	12.07144	1.11149	1	0.73727	0.54907	13.51240	1.10281	1	-0.00605	-0.00820	0.70115	0.00388	1	0.06155	-0.01217	0.67617	0.00385	1	1.45898	0.81042	0	
1278823	8624.36719	3307043268467	0.49113	0.28269	8624.13281	0.23438	12127	1	0.52622	0.27257	1	0.49351	0.23412	1	0.50986	0.25335	1	0.47662	0.52832	12.30797	1.10281	1	0.73746	0.54890	13.15247	1.10281	1	-0.00605	-0.00820	0.70115	0.00377	1	0.06155	-0.01217	0.67617	0.00380	1	1.45898	0.81042	0	
1278824	8624.37402	3307043335184	0.49154	0.28137	8624.13281	0.24121	12127	1	0.52221	0.27952	1	0.49010	0.18854	1	0.50616	0.23403	1	0.47660	0.52852	12.12054	1.10281	1	0.73742	0.54847	13.19020	1.10281	1	-0.00605	-0.00820	0.70115	0.00380	1	0.06155	-0.01217	0.67617	0.00394	1	1.45898	0.81042	0	
1278825	8624.38086	3307043402258	0.49192	0.28022	8624.13281	0.24805	12127	1	0.52221	0.27952	1	0.48972	0.19558	1	0.50597	0.23755	1	0.47681	0.52840	12.35533	1.10281	1	0.73745	0.54897	13.12868	1.09515	1	-0.00605	-0.00820	0.70115	0.00386	1	0.05973	-0.01180	0.65567	0.00379	1	1.45898	0.81042	0	
1278826	8624.38770	3307043469713	0.49225	0.27999	8624.13281	0.25488	12127	1	0.52949	0.28002	1	0.48082	0.26302	1	0.50516	0.27152	1	0.47665	0.52844	12.36554	1.09515	1	0.73747	0.54921	13.35823	1.08749	1	-0.00605	-0.00820	0.70115	0.00381	1	0.05973	-0.01180	0.65567	0.00367	1	1.45898	0.81042	0	
1278827	8624.39453	3307043535923	0.49238	0.28006	8624.13281	0.26172	12127	1	0.52825	0.29711	1	0.46598	0.26844	1	0.49712	0.28277	1	0.47660	0.52848	12.39071	1.08749	1	0.73712	0.54916	13.31251	1.07983	1	-0.00605	-0.00820	0.70115	0.00380	1	0.05973	-0.01180	0.65567	0.00367	1	1.45898	0.81042	0	
1278828	8624.40039	3307043601290	0.49251	0.28039	8624.13281	0.26758	12127	1	0.52991	0.31070	1	0.46573	0.27628	1	0.49782	0.29349	1	0.47636	0.52851	12.16459	1.07075	1	0.73727	0.54936	13.40803	1.07075	1	-0.00566	-0.00789	0.67443	0.00373	1	0.06204	-0.01225	0.68042	0.00369	1	1.45898	0.81042	0	
1278829	8624.40723	3307043669817	0.49229	0.28134	8624.13281	0.27441	12127	1	0.52024	0.31866	1	0.44663	0.32164	1	0.48343	0.32015	1	0.47653	0.52841	12.34867	1.06166	1	0.73724	0.54948	13.56360	1.06932	1	-0.00566	-0.00789	0.67443	0.00373	1	0.06204	-0.01225	0.68042	0.00369	1	1.45898	0.81042	0	
1278830	8624.41406	3307043736869	0.49232	0.28233	8624.13281	0.28125	12127	1	0.51792	0.32462	1	0.46937	0.32303	1	0.49365	0.32382	1	0.47635	0.52872	12.19956	1.06024	1	0.73722	0.54956	13.64287	1.06790	1	-0.00566	-0.00789	0.67443	0.00362	1	0.06204	-0.01225	0.68042	0.00366	1	1.45898	0.81042	0	
1278831	8624.42090	3307043803778	0.49235	0.28337	8624.13281	0.28809	12127	1	0.51807	0.32577	1	0.46908	0.33050	1	0.49358	0.32813	1	0.47630	0.52874	12.11689	1.05881	1	0.73727	0.54992	13.64375	1.05881	1	-0.00566	-0.00789	0.67443	0.00371	1	0.05973	-0.01180	0.65567	0.00374	1	1.45898	0.81042	0	
1278832	8624.42773	3307043870535	0.49225	0.28466	8624.13281	0.29492	12127	1	0.53191	0.31512	1	0.44372	0.36765	1	0.48781	0.34139	1	0.47665	0.52857	12.70011	1.05881	1	0.73726	0.54997	13.47122	1.05115	1	-0.00566	-0.00789	0.67443	0.00373	1	0.05973	-0.01180	0.65567	0.00385	1	1.45898	0.81042	0	
1278833	8624.43457	3307043938273	0.49197	0.28579	8624.13281	0.30176	12127	1	0.51008	0.31558	1	0.44810	0.35771	1	0.47909	0.33665	1	0.47636	0.52822	12.01367	1.05115	1	0.73732	0.54982	13.67091	1.04349	1	-0.00566	-0.00789	0.67443	0.00380	1	0.05973	-0.01180	0.65567	0.00377	1	1.45898	0.81042	0	
1278834	8624.44141	3307044005497	0.49170	0.28694	8624.13281	0.30859	12127	1	0.51098	0.32189	1	0.44810	0.35771	1	0.47954	0.33980	1	0.47634	0.52839	11.88189	1.04349	1	0.73720	0.54970	13.21565	1.04349	1	-0.00566	-0.00789	0.67443	0.00376	1	0.06204	-0.01230	0.68042	0.00375	1	1.45898	0.81042	0	
1278835	8624.44727	3307044072496	0.49181	0.28823	8624.13281	0.31445	12127	1	0.51094	0.32007	1	0.48259	0.37788	1	0.49677	0.34897	1	0.47634	0.52827	12.03320	1.04349	1	0.73743	0.54997	13.38246	1.05115	1	-0.00566	-0.00789	0.67443	0.00368	1	0.06204	-0.01230	0.68042	0.00380	1	1.45898	0.81042	0	
1278836	8624.45410	3307044136862	0.49184	0.28969	8624.13281	0.32129	12127	1	0.51268	0.33769	1	0.45906	0.36245	1	0.48587	0.35007	1	0.47643	0.52850	12.17506	1.05115	1	0.73741	0.54992	13.39233	1.05881	1	-0.00566	-0.00789	0.67443	0.00371	1	0.06204	-0.01230	0.68042	0.00381	1	1.45898	0.81042	0	
1278837	8624.46094	3307044205797	0.49044	0.32365	8624.13281	0.32129	12127	0	0.51180	0.33155	1	0.45906	0.36245	1	0.48543	0.34700	1	0.47647	0.52894	12.06303	1.05881	1	0.73733	0.54984	13.16865	1.05881	1	-0.00584	-0.00805	0.68362	0.00373	1	0.05973	-0.01190	0.65567	0.00388	1	1.45898	0.81042	0	
1278838	8624.46777	3307044272371	0.49110	0.33352	8624.13281	0.32129	12127	0	0.52401	0.33298	1	0.45952	0.35382	1	0.49176	0.34340	1	0.47654	0.52869	12.32202	1.05881	1	0.73744	0.54976	13.30423	1.05115	1	-0.00584	-0.00805	0.68362	0.00371	1	0.05973	-0.01190	0.65567	0.00380	1	1.45898	0.81042	0	
1278839	8624.47461	3307044339948	0.48768	0.34623	8624.13281	0.32129	12127	0	0.50930	0.36330	1	0.45238	0.38001	1	0.48084	0.37165	1	0.47630	0.52873	11.89309	1.05115	1	0.73736	0.54987	13.17278	1.04349	1	-0.00584	-0.00805	0.68362	0.00368	1	0.05973	-0.01190	0.65567	0.00377	1	1.45898	0.81042	0	
1278840	8624.48145	3307044407099	0.48608	0.35333	8624.46094	0.02051	12128	1	0.51021	0.36926	1	0.45238	0.38001	1	0.48129	0.37463	1	0.47647	0.52892	12.16290	1.04349	1	0.73732	0.54996	13.17355	1.04349	1	-0.00572	-0.00802	0.68104	0.00368	1	0.06204	-0.01230	0.68042	0.00377	1	1.45898	0.81042	0	
1278841	8624.48828	3307044473746	0.48577	0.35358	8624.46094	0.02734	12128	1	0.52303	0.37308	1	0.44596	0.33606	1	0.48449	0.35457	1	0.47648	0.52892	12.00609	1.04349	1	0.73731	0.54989	13.39005	1.05115	1	-0.00572	-0.00802	0.68104	0.00372	1	0.06204	-0.01230	0.68042	0.00374	1	1.45898	0.81042	0	
1278842	8624.49414	3307044540841	0.48592	0.33973	8624.46094	0.03320	12128	1	0.51003	0.31347	1	0.46332	0.22746	1	0.48667	0.27046	1	0.47634	0.52817	11.78643	1.05115	1	0.73741	0.54949	13.02979	1.05881	1	-0.00572	-0.00802	0.68104	0.00373	1	0.06204	-0.01230	0.68042	0.00394	1	1.45898	0.81042	0	
1278843	8624.50098	3307044608304	0.48601	0.33038	8624.46094	0.04004	12128	1	0.51007	0.31376	1	0.46311	0.23482	1	0.48659	0.27429	1	0.47627	0.52892	12.51488	1.05079	1	0.73748	0.54934	12.95629	1.05079	1	-0.00557	-0.00779	0.65743	0.00377	1	0.06042	-0.01199	0.66318	0.00409	1	1.45898	0.81042	0	
1278844	8624.50781	3307044674270	0.48630	0.33017	8624.46094	0.04688	12128	1	0.51891	0.35663	1	0.45766	0.30070	1	0.48828	0.32867	1	0.47635	0.52876	12.18297	1.04278	1	0.73746	0.54987	13.31543	1.03512	1	-0.00557	-0.00779	0.65743	0.00361	1	0.06042	-0.01199	0.66318	0.00381	1	1.45898	0.81042	0	
1278845	8624.51465	3307044742060	0.48617	0.32736	8624.46094	0.05371	12128	1	0.50554	0.35706	1	0.46478	0.25277	1	0.48516	0.30491	1	0.47618	0.52885	12.17335	1.02710	1	0.73749	0.54938	12.92889	1.01944	1	-0.00557	-0.00779	0.65743	0.00355	1	0.06042	-0.01199	0.66318	0.00408	1	1.45898	0.81042	0	
1278846	8624.52148	3307044809055	0.48614	0.32647	8624.46094	0.06055	12128	1	0.50749	0.36963	1	0.46432	0.26734	1	0.48591	0.31849	1	0.47638	0.52873	12.23584	1.01143	1	0.73759	0.54973	12.75248	1.00377	1	-0.00557	-0.00779	0.65743	0.00368	1	0.05973	-0.01190	0.65567	0.00390	1	1.45898	0.81042	0	
1278847	8624.52832	3307044875848	0.48581	0.32762	8624.46094	0.06738	12128	1	0.51509	0.37408	1	0.44978	0.30412	1	0.48244	0.33910	1	0.47631	0.52858	12.21856	1.00377	1	0.73735	0.54976	13.25326	1.00377	1	-0.00557	-0.00779	0.65743	0.00373	1	0.05973	-0.01190	0.65567	0.00375	1	1.45898	0.81042	0	
1278848	8624.53516	3307044942733	0.48722	0.33107	8624.46094	0.07422	12128	1	0.51857	0.40262	1	0.48700	0.33532	1	0.50278	0.36897	1	0.47639	0.52883	12.41538	1.00377	1	0.73753	0.55000	13.24204	1.00377	1	-0.00557	-0.00779	0.65743	0.00366	1	0.05973	-0.01190	0.65567	0.00371	1	1.45898	0.81042	0	
1278849	8624.54102	3307045009396	0.48839	0.33265	8624.46094	0.08008	12128	1	0.51659	0.38937	1	0.48825	0.31392	1	0.50242	0.35165	1	0.47638	0.52826	12.14856	1.02087	1	0.73750	0.54978	13.15513	1.02853	1	-0.00605	-0.00831	0.70115	0.00398	1	0.06155	-0.01227	0.67617	0.00376	1	1.45898	0.81042	0	
1278850	8624.54785	3307045076715	0.48879	0.33232	8624.46094	0.08691	12128	1	0.51952	0.33099	1	0.46853	0.32496	1	0.49403	0.32798	1	0.47639	0.52864	12.30055	1.04563	1	0.73726	0.54991	13.51926	1.05329	1	-0.00605	-0.00831	0.70115	0.00377	1	0.06155	-0.01227	0.67617	0.00374	1	1.45898	0.81042	0	
1278851	8624.55469	3307045143766	0.48886	0.32956	8624.46094	0.09375	12128	1	0.50110	0.33926	1	0.47848	0.24274	1	0.48979	0.29100	1	0.47624	0.52896	12.47551	1.07039	1	0.73736	0.54980	13.37982	1.07805	1	-0.00605	-0.00831	0.70115	0.00356	1	0.06155	-0.01227	0.67617	0.00373	1	1.45898	0.81042	0	
1278852	8624.56152	3307045210862	0.48885	0.32585	8624.46094	0.10059	12128	1	0.49807	0.31978	1	0.47946	0.22072	1	0.48877	0.27025	1	0.47638	0.52871	12.09504	1.09515	1	0.73726	0.54996	13.43057	1.10281	1	-0.00605	-0.00831	0.70115	0.00376	1	0.06155	-0.01227	0.67617	0.00384	1	1.45898	0.81042	0	
1278853	8624.56836	3307045277722	0.48921	0.32351	8624.46094	0.10742	12128	1	0.51357	0.27633	1	0.47624	0.29560	1	0.49491	0.28596	1	0.47645	0.52888	12.40292	1.10281	1	0.73730	0.55009	13.33283	1.10281	1	-0.00605	-0.00831	0.70115	0.00362	1	0.06155	-0.01227	0.67617	0.00384	1	1.45898	0.81042	0	
1278854	8624.57520	3307045344125	0.48940	0.31899	8624.46094	0.11426	12128	1	0.51717	0.24351	1	0.46794	0.24081	1	0.49256	0.24216	1	0.47657	0.52848	12.38504	1.10281	1	0.73716	0.55003	13.17697	1.10281	1	-0.00605	-0.00831	0.70115	0.00377	1	0.06155	-0.01227	0.67617	0.00384	1	1.45898	0.81042	0	
1278855	8624.58203	3307045411441	0.48958	0.31536	8624.46094	0.12109	12128	1	0.51814	0.25123	1	0.46767	0.24872	1	0.49290	0.24997	1	0.47583	0.52802	12.11778	1.09373	1	0.73684	0.54961	13.86355	1.09373	1	-0.00587	-0.00800	0.67537	0.00387	1	0.06210	-0.01235	0.68331	0.00419	1	1.45898	0.81042	0	
1278856	8624.58789	3307045478216	0.48887	0.31464	8624.46094	0.12695	12128	1	0.48823	0.28603	1	0.46251	0.31603	1	0.47537	0.30103	1	0.47565	0.52876	11.99191	1.08464	1	0.73667	0.55002	14.06567	1.08464	1	-0.00587	-0.00800	0.67537	0.00412	1	0.06210	-0.01235	0.68331	0.00401	1	1.45898	0.81042	0	
1278857	8624.59473	3307045545271	0.48809	0.31320	8624.46094	0.13379	12128	1	0.48754	0.28134	1	0.45729	0.28726	1	0.47241	0.28430	1	0.47557	0.52844	11.67073	1.07556	1	0.73673	0.55021	13.78554	1.07556	1	-0.00587	-0.00800	0.67537	0.00415	1	0.06210	-0.01235	0.68331	0.00402	1	1.45898	0.81042	0	
1278858	8624.60156	3307045612390	0.48739	0.31238	8624.46094	0.14062	12128	1	0.48874	0.28895	1	0.45694	0.30147	1	0.47284	0.29521	1	0.47547	0.52861	11.90192	1.06647	1	0.73691	0.54892	13.49690	1.05881	1	-0.00592	-0.00812	0.68117	0.00401	1	0.06021	-0.01198	0.66304	0.00416	1	1.45898	0.81042	0	
1278859	8624.60840	3307045679412	0.48751	0.31219	8624.46094	0.14746	12128	1	0.50828	0.34934	1	0.47164	0.26700	1	0.48996	0.30817	1	0.47548	0.52895	11.77908	1.05881	1	0.73652	0.54984	13.36461	1.05115	1	-0.00592	-0.00812	0.68117	0.00400	1	0.06021	-0.01198	0.66304	0.00376	1	1.45898	0.81042	0	
1278860	8624.61523	3307045746240	0.48792	0.31118	8624.46094	0.15430	12128	1	0.52158	0.29136	1	0.47317	0.28445	1	0.49738	0.28791	1	0.47575	0.52921	12.43630	1.05115	1	0.73657	0.54977	13.30650	1.04349	1	-0.00592	-0.00812	0.68117	0.00392	1	0.06021	-0.01198	0.66304	0.00377	1	1.45898	0.81042	0	
1278861	8624.62207	3307045813427	0.48831	0.31038	8624.46094	0.16113	12128	1	0.52241	0.29784	1	0.47317	0.28445	1	0.49779	0.29114	1	0.47587	0.52906	12.46177	1.04349	1	0.73687	0.54972	12.87444	1.04349	1	-0.00605	-0.00810	0.68372	0.00393	1	0.06116	-0.01218	0.67413	0.00383	1	1.45898	0.81042	0	
1278862	8624.62891	3307045880996	0.48743	0.28323	8624.46094	0.16113	12128	0	0.50622	0.26431	1	0.46268	0.31911	1	0.48445	0.29171	1	0.47552	0.52870	11.79536	1.04349	1	0.73641	0.54997	13.13044	1.05115	1	-0.00605	-0.00810	0.68372	0.00399	1	0.06116	-0.01218	0.67413	0.00392	1	1.45898	0.81042	0	
1278863	8624.63477	3307045947418	0.49547	0.30763	8624.46094	0.16113	12128	0	0.54149	0.29941	1	0.46553	0.36465	1	0.50351	0.33203	1	0.47607	0.52917	12.68543	1.05115	1	0.73646	0.54994	13.30335	1.05881	1	-0.00605	-0.00810	0.68372	0.00418	1	0.06116	-0.01218	0.67413	0.00381	1	1.45898	0.81042	0	
1278864	8624.64160	3307046014267	0.49801	0.31008	8624.46094	0.16113	12128	0	0.53996	0.28539	1	0.46625	0.34458	1	0.50310	0.31498	1	0.47579	0.52908	12.22129	1.06790	1	0.73635	0.54983	13.08021	1.08424	1	-0.00630	-0.00842	0.70647	0.00394	1	0.06436	-0.01283	0.70997	0.00388	1	1.45898	0.81042	0	
1278865	8624.64844	3307046081223	0.49129	0.30202	8624.62891	0.01953	12129	1	0.50783	0.27375	1	0.43445	0.28194	1	0.47114	0.27785	1	0.47564	0.52890	12.18492	1.09332	1	0.73590	0.54991	14.00975	1.10200	1	-0.00630	-0.00842	0.70647	0.00377	1	0.06436	-0.01283	0.70997	0.00393	1	1.45898	0.81042	0	
1278866	8624.65527	3307046148578	0.48661	0.30065	8624.62891	0.02637	12129	1	0.50613	0.27381	1	0.42966	0.31651	1	0.46790	0.29516	1	0.47567	0.52887	12.28833	1.11109	1	0.73587	0.54988	14.02521	1.11977	1	-0.00630	-0.00842	0.70647	0.00377	1	0.06436	-0.01283	0.70997	0.00393	1	1.45898	0.81042	0	
1278867	8624.66211	3307046215559	0.48332	0.29793	8624.62891	0.03320	12129	1	0.50411	0.25930	1	0.42963	0.30936	1	0.46687	0.28433	1	0.47567	0.52887	12.28833	1.12885	1	0.73589	0.54978	14.04262	1.12885	1	-0.00630	-0.00842	0.70647	0.00377	1	0.06098	-0.01217	0.67318	0.00395	1	1.45898	0.81042	0	
1278868	8624.66797	3307046279602	0.48250	0.29540	8624.62891	0.03906	12129	1	0.51467	0.25419	1	0.44051	0.30632	1	0.47759	0.28026	1	0.47577	0.52897	12.18186	1.12885	1	0.73603	0.54997	13.94316	1.12017	1	-0.00630	-0.00842	0.70647	0.00383	1	0.06098	-0.01217	0.67318	0.00391	1	1.45898	0.81042	0	
1278869	8624.67480	3307046344315	0.48365	0.29647	8624.62891	0.04590	12129	1	0.53127	0.25816	1	0.45203	0.34975	1	0.49165	0.30395	1	0.47559	0.52897	12.13649	1.12017	1	0.73616	0.55009	13.54547	1.11149	1	-0.00630	-0.00842	0.70647	0.00380	1	0.06098	-0.01217	0.67318	0.00385	1	1.45898	0.81042	0	
1278870	8624.68164	3307046413527	0.48457	0.29807	8624.62891	0.05273	12129	1	0.53208	0.26530	1	0.45190	0.35638	1	0.49199	0.31084	1	0.47581	0.52883	12.28578	1.11149	1	0.73587	0.54997	14.06461	1.10281	1	-0.00624	-0.00828	0.69899	0.00398	1	0.06098	-0.01217	0.67318	0.00398	1	1.45898	0.81042	0	
1278871	8624.68848	3307046482574	0.48371	0.29638	8624.62891	0.05957	12129	1	0.50250	0.25079	1	0.44933	0.31147	1	0.47592	0.28113	1	0.47522	0.52872	12.84400	1.10281	1	0.73614	0.54956	13.93170	1.10281	1	-0.00624	-0.00828	0.69899	0.00408	1	0.06098	-0.01217	0.67318	0.00394	1	1.45898	0.81042	0	
1278872	8624.69531	3307046548127	0.48595	0.29617	8624.62891	0.06641	12129	1	0.53232	0.27954	1	0.48447	0.30871	1	0.50839	0.29412	1	0.47563	0.52888	12.28968	1.10281	1	0.73619	0.54957	13.90626	1.10281	1	-0.00624	-0.00828	0.69899	0.00406	1	0.06098	-0.01217	0.67318	0.00391	1	1.45898	0.81042	0	
1278873	8624.70215	3307046614414	0.48784	0.29662	8624.62891	0.07324	12129	1	0.53317	0.28695	1	0.48407	0.31607	1	0.50862	0.30151	1	0.47535	0.52854	12.65647	1.09373	1	0.73578	0.54954	13.16473	1.09373	1	-0.00617	-0.00817	0.68527	0.00421	1	0.06098	-0.01217	0.67318	0.00390	1	1.45898	0.81042	0	
1278874	8624.70898	3307046681155	0.48854	0.29905	8624.62891	0.08008	12129	1	0.53796	0.32139	1	0.45597	0.33514	1	0.49697	0.32827	1	0.47525	0.52933	12.69247	1.08464	1	0.73586	0.54970	13.12114	1.08464	1	-0.00617	-0.00817	0.68527	0.00383	1	0.06098	-0.01217	0.67318	0.00395	1	1.45898	0.81042	0	
1278875	8624.71582	3307046748683	0.48958	0.29793	8624.62891	0.08691	12129	1	0.54137	0.25843	1	0.46471	0.30839	1	0.50304	0.28341	1	0.47540	0.52889	12.76611	1.07556	1	0.73590	0.54962	13.16607	1.07556	1	-0.00617	-0.00817	0.68527	0.00403	1	0.06098	-0.01217	0.67318	0.00383	1	1.45898	0.81042	0	
1278876	8624.72168	3307046815213	0.49049	0.29769	8624.62891	0.09277	12129	1	0.54219	0.26621	1	0.46426	0.32228	1	0.50322	0.29424	1	0.47491	0.52934	12.04900	1.06647	1	0.73592	0.54939	12.81720	1.05881	1	-0.00617	-0.00817	0.68527	0.00380	1	0.05993	-0.01197	0.66222	0.00386	1	1.45898	0.81042	0	
1278877	8624.72852	3307046881483	0.49101	0.29947	8624.62891	0.09961	12129	1	0.51515	0.32695	1	0.48249	0.32531	1	0.49882	0.32613	1	0.47494	0.52951	12.26097	1.05881	1	0.73593	0.54933	12.79450	1.05115	1	-0.00617	-0.00817	0.68527	0.00376	1	0.05993	-0.01197	0.66222	0.00386	1	1.45898	0.81042	0	
1278878	8624.73535	3307046952422	0.49178	0.30227	8624.62891	0.10645	12129	1	0.52087	0.32969	1	0.48750	0.36474	1	0.50418	0.34722	1	0.47498	0.52968	12.39411	1.05115	1	0.73592	0.54949	13.22683	1.04349	1	-0.00617	-0.00817	0.68527	0.00376	1	0.05993	-0.01197	0.66222	0.00375	1	1.45898	0.81042	0	
1278879	8624.74219	3307047018842	0.49251	0.30475	8624.62891	0.11328	12129	1	0.52170	0.33589	1	0.48793	0.35777	1	0.50481	0.34683	1	0.47510	0.52951	12.24811	1.04349	1	0.73571	0.54951	13.53834	1.05217	1	-0.00634	-0.00827	0.69338	0.00378	1	0.06325	-0.01271	0.70003	0.00383	1	1.45898	0.81042	0	
1278880	8624.74902	3307047087334	0.49305	0.30654	8624.62891	0.12012	12129	1	0.53113	0.33764	1	0.47452	0.34008	1	0.50283	0.33886	1	0.47514	0.52958	12.34938	1.05217	1	0.73573	0.54973	13.24525	1.06851	1	-0.00634	-0.00827	0.69338	0.00377	1	0.06325	-0.01271	0.70003	0.00392	1	1.45898	0.81042	0	
1278881	8624.75586	3307047152714	0.49400	0.30688	8624.62891	0.12695	12129	1	0.54814	0.33229	1	0.47598	0.29436	1	0.51206	0.31333	1	0.47535	0.52985	12.90247	1.06851	1	0.73572	0.54980	13.28771	1.08485	1	-0.00634	-0.00827	0.69338	0.00377	1	0.06325	-0.01271	0.70003	0.00390	1	1.45898	0.81042	0	
1278882	8624.76270	3307047220106	0.49484	0.30673	8624.62891	0.13379	12129	1	0.54675	0.31935	1	0.47626	0.28796	1	0.51151	0.30366	1	0.47513	0.52964	12.31433	1.08485	1	0.73532	0.54982	14.11996	1.09251	1	-0.00634	-0.00832	0.69338	0.00379	1	0.06180	-0.01242	0.68455	0.00395	1	1.45898	0.81042	0	
1278883	8624.76953	3307047286863	0.49465	0.30552	8624.62891	0.14062	12129	1	0.51640	0.29668	1	0.46500	0.26356	1	0.49070	0.28012	1	0.47496	0.52962	12.51322	1.09251	1	0.73565	0.54962	13.48248	1.08383	1	-0.00634	-0.00832	0.69338	0.00374	1	0.06180	-0.01242	0.68455	0.00397	1	1.45898	0.81042	0	
1278884	8624.77539	3307047353516	0.49485	0.30543	8624.62891	0.14648	12129	1	0.52999	0.30264	1	0.46857	0.30405	1	0.49928	0.30335	1	0.47512	0.52949	12.31959	1.08383	1	0.73563	0.54978	13.55783	1.07515	1	-0.00634	-0.00832	0.69338	0.00375	1	0.06180	-0.01242	0.68455	0.00389	1	1.45898	0.81042	0	
1278885	8624.78223	3307047420928	0.49504	0.30517	8624.62891	0.15332	12129	1	0.52995	0.30231	1	0.46885	0.29648	1	0.49940	0.29939	1	0.47515	0.52967	12.32638	1.08424	1	0.73577	0.55017	13.44755	1.08424	1	-0.00649	-0.00855	0.70352	0.00369	1	0.06325	-0.01271	0.70003	0.00381	1	1.45898	0.81042	0	
1278886	8624.78906	3307047487495	0.49468	0.30413	8624.62891	0.16016	12129	1	0.51140	0.26933	1	0.46089	0.28888	1	0.48614	0.27911	1	0.47498	0.52966	12.57831	1.09332	1	0.73549	0.55036	14.10221	1.10200	1	-0.00649	-0.00855	0.70352	0.00365	1	0.06325	-0.01271	0.70003	0.00387	1	1.45898	0.81042	0	
1278887	8624.79590	3307047554514	0.49491	0.30283	8624.62891	0.16699	12129	1	0.52943	0.31447	1	0.47161	0.22588	1	0.50052	0.27017	1	0.47501	0.52979	12.73090	1.11109	1	0.73566	0.54992	13.73704	1.11977	1	-0.00649	-0.00855	0.70352	0.00367	1	0.06325	-0.01271	0.70003	0.00394	1	1.45898	0.81042	0	
1278888	8624.80273	3307047622041	0.49510	0.30149	8624.62891	0.17383	12129	1	0.52860	0.30771	1	0.47161	0.22588	1	0.50010	0.26679	1	0.47497	0.52974	12.52517	1.11977	1	0.73575	0.55010	13.39587	1.11977	1	-0.00634	-0.00837	0.69338	0.00369	1	0.06180	-0.01242	0.68455	0.00376	1	1.45898	0.81042	0	
1278889	8624.80957	3307047689710	0.49503	0.30110	8624.62891	0.18066	12129	1	0.52188	0.32488	1	0.46450	0.25613	1	0.49319	0.29050	1	0.47498	0.52981	12.59327	1.11068	1	0.73550	0.54997	13.92142	1.10200	1	-0.00634	-0.00837	0.69338	0.00366	1	0.06180	-0.01242	0.68455	0.00376	1	1.45898	0.81042	0	
1278890	8624.81641	3307047755583	0.49495	0.30096	8624.62891	0.18750	12129	1	0.51037	0.31323	1	0.47495	0.28116	1	0.49266	0.29719	1	0.47477	0.52987	12.25122	1.09292	1	0.73574	0.55013	13.38144	1.08424	1	-0.00634	-0.00837	0.69338	0.00370	1	0.06180	-0.01242	0.68455	0.00377	1	1.45898	0.81042	0	
1278891	8624.82324	3307047823067	0.49488	0.30108	8624.62891	0.19434	12129	1	0.51135	0.32012	1	0.47464	0.28853	1	0.49299	0.30432	1	0.47467	0.52981	12.33843	1.08424	1	0.73561	0.54982	13.62023	1.07556	1	-0.00649	-0.00855	0.70352	0.00366	1	0.06180	-0.01242	0.68455	0.00385	1	1.45898	0.81042	0	
1278892	8624.82910	3307047889628	0.49439	0.30034	8624.62891	0.20020	12129	1	0.49502	0.31464	1	0.46396	0.24168	1	0.47949	0.27816	1	0.47454	0.52965	12.01692	1.08464	1	0.73560	0.54910	13.59579	1.08464	1	-0.00649	-0.00855	0.70352	0.00370	1	0.06180	-0.01242	0.68455	0.00412	1	1.45898	0.81042	0	
1278893	8624.83594	3307047956490	0.49394	0.29942	8624.62891	0.20703	12129	1	0.49594	0.29947	1	0.46444	0.24274	1	0.48019	0.27111	1	0.47454	0.52986	12.97479	1.09373	1	0.73550	0.55002	13.95381	1.09373	1	-0.00649	-0.00855	0.70352	0.00360	1	0.06180	-0.01242	0.68455	0.00383	1	1.45898	0.81042	0	
1278894	8624.84277	3307048023822	0.49353	0.29857	8624.62891	0.21387	12129	1	0.49594	0.29947	1	0.46444	0.24274	1	0.48019	0.27111	1	0.47448	0.52943	12.99913	1.09373	1	0.73548	0.54923	13.83062	1.09373	1	-0.00640	-0.00836	0.68795	0.00351	1	0.06180	-0.01242	0.68455	0.00415	1	1.45898	0.81042	0	
1278895	8624.84961	3307048091041	0.49339	0.29782	8624.62891	0.22070	12129	1	0.50356	0.32821	1	0.47408	0.21803	1	0.48882	0.27312	1	0.47428	0.52950	13.07690	1.08464	1	0.73532	0.54934	14.01338	1.08464	1	-0.00640	-0.00836	0.68795	0.00353	1	0.06180	-0.01242	0.68455	0.00417	1	1.45898	0.81042	0	
1278896	8624.85645	3307048157885	0.49351	0.29659	8624.62891	0.22754	12129	1	0.51359	0.29557	1	0.48173	0.21439	1	0.49766	0.25498	1	0.47448	0.52946	12.62359	1.07556	1	0.73539	0.54932	14.04074	1.07556	1	-0.00640	-0.00836	0.68795	0.00351	1	0.06180	-0.01242	0.68455	0.00417	1	1.45898	0.81042	0	
1278897	8624.86328	3307048224872	0.49364	0.29566	8624.62891	0.23438	12129	1	0.51461	0.30305	1	0.48135	0.22273	1	0.49798	0.26289	1	0.47387	0.52974	12.13574	1.06647	1	0.73525	0.54987	14.18158	1.06647	1	-0.00640	-0.00836	0.68795	0.00364	1	0.06180	-0.01242	0.68455	0.00395	1	1.45898	0.81042	0	
1278898	8624.87012	3307048291668	0.49395	0.29667	8624.62891	0.24121	12129	1	0.51501	0.34658	1	0.49537	0.31973	1	0.50519	0.33316	1	0.47411	0.52977	12.73362	1.06647	1	0.73538	0.55021	14.26144	1.06647	1	-0.00640	-0.00836	0.68795	0.00365	1	0.06180	-0.01242	0.68455	0.00379	1	1.45898	0.81042	0	
1278899	8624.87598	3307048358686	0.49415	0.29643	8624.62891	0.24707	12129	1	0.49956	0.29696	1	0.50394	0.27799	1	0.50175	0.28747	1	0.47396	0.52961	12.29307	1.06647	1	0.73538	0.54989	14.03965	1.06647	1	-0.00640	-0.00836	0.68795	0.00361	1	0.06180	-0.01242	0.68455	0.00392	1	1.45898	0.81042	0	
1278900	8624.88281	3307048422473	0.49434	0.29628	8624.62891	0.25391	12129	1	0.49956	0.29696	1	0.50345	0.28464	1	0.50151	0.29080	1	0.47439	0.52996	13.14340	1.06647	1	0.73527	0.55022	14.21434	1.05881	1	-0.00640	-0.00836	0.68795	0.00370	1	0.05936	-0.01194	0.65809	0.00375	1	1.45898	0.81042	0	
1278901	8624.88965	3307048492726	0.49466	0.29729	8624.62891	0.26074	12129	1	0.54867	0.35839	1	0.46546	0.31495	1	0.50707	0.33667	1	0.47461	0.53002	13.10731	1.05881	1	0.73483	0.55031	14.25118	1.05115	1	-0.00640	-0.00836	0.68795	0.00373	1	0.05936	-0.01194	0.65809	0.00388	1	1.45898	0.81042	0	
1278902	8624.89648	3307048559663	0.49478	0.29844	8624.62891	0.26758	12129	1	0.52975	0.35354	1	0.46961	0.33532	1	0.49968	0.34443	1	0.47431	0.52985	12.96107	1.05115	1	0.73486	0.55023	14.33788	1.04349	1	-0.00640	-0.00836	0.68795	0.00371	1	0.05936	-0.01194	0.65809	0.00379	1	1.45898	0.81042	0	
1278903	8624.90332	3307048627140	0.49491	0.29961	8624.62891	0.27441	12129	1	0.53053	0.35956	1	0.46961	0.33532	1	0.50007	0.34744	1	0.47421	0.53016	12.71800	1.04349	1	0.73486	0.55023	14.33788	1.04349	1	-0.00646	-0.00831	0.68385	0.00360	1	0.06078	-0.01224	0.67441	0.00378	1	1.45898	0.81042	0	
1278904	8624.91016	3307048693659	0.49498	0.30028	8624.62891	0.28125	12129	1	0.53603	0.37858	1	0.46040	0.27836	1	0.49821	0.32847	1	0.47418	0.53002	12.71010	1.04349	1	0.73477	0.54977	13.51029	1.05115	1	-0.00646	-0.00831	0.68385	0.00361	1	0.06078	-0.01224	0.67441	0.00397	1	1.45898	0.81042	0	
1278905	8624.91699	3307048760613	0.49511	0.30105	8624.62891	0.28809	12129	1	0.52966	0.39145	1	0.47136	0.27711	1	0.50051	0.33428	1	0.47428	0.53018	12.79570	1.05115	1	0.73488	0.54980	13.67941	1.05881	1	-0.00646	-0.00831	0.68385	0.00363	1	0.06078	-0.01224	0.67441	0.00399	1	1.45898	0.81042	0	
1278906	8624.92285	3307048827756	0.49522	0.30165	8624.62891	0.29395	12129	1	0.52888	0.38571	1	0.47162	0.27043	1	0.50025	0.32807	1	0.47423	0.53016	12.81371	1.05881	1	0.73454	0.55028	14.40323	1.06647	1	-0.00646	-0.00831	0.68385	0.00361	1	0.06078	-0.01226	0.67553	0.00380	1	1.45898	0.81042	0	
1278907	8624.92969	3307048894161	0.49501	0.30168	8624.62891	0.30078	12129	1	0.51258	0.32587	1	0.45784	0.27936	1	0.48521	0.30261	1	0.47402	0.53004	12.69412	1.06647	1	0.73477	0.55007	14.18468	1.06647	1	-0.00646	-0.00831	0.68385	0.00362	1	0.06078	-0.01226	0.67553	0.00376	1	1.45898	0.81042	0	
1278908	8624.93652	3307048961607	0.49522	0.30198	8624.62891	0.30762	12129	1	0.53179	0.32824	1	0.47783	0.30416	1	0.50481	0.31620	1	0.47422	0.53009	12.97417	1.06647	1	0.73501	0.55024	13.49683	1.06647	1	-0.00646	-0.00831	0.68385	0.00359	1	0.06078	-0.01226	0.67553	0.00377	1	1.45898	0.81042	0	
1278909	8624.94336	3307049028811	0.49541	0.30213	8624.62891	0.31445	12129	1	0.53090	0.32099	1	0.47819	0.29651	1	0.50454	0.30875	1	0.47415	0.53017	12.83442	1.07556	1	0.73465	0.54976	13.83150	1.07556	1	-0.00673	-0.00858	0.70633	0.00357	1	0.06078	-0.01226	0.67553	0.00394	1	1.45898	0.81042	0	
1278910	8624.95020	3307049095998	0.49515	0.30121	8624.62891	0.32129	12129	1	0.48741	0.24908	1	0.46220	0.22928	1	0.47481	0.23918	1	0.47370	0.52946	12.96726	1.08464	1	0.73471	0.54926	13.69718	1.08464	1	-0.00673	-0.00858	0.70633	0.00383	1	0.06078	-0.01226	0.67553	0.00419	1	1.45898	0.81042	0	
1278911	8624.95703	3307049162159	0.49491	0.29910	8624.62891	0.32812	12129	1	0.48949	0.29226	1	0.49516	0.16996	1	0.49233	0.23111	1	0.47376	0.52970	12.85437	1.09373	1	0.73481	0.54890	13.50950	1.09373	1	-0.00673	-0.00858	0.70633	0.00354	1	0.06078	-0.01226	0.67553	0.00420	1	1.45898	0.81042	0	
1278912	8624.96387	3307049229898	0.49469	0.29736	8624.62891	0.33496	12129	1	0.48949	0.29226	1	0.49516	0.16996	1	0.49233	0.23111	1	0.47361	0.52934	12.94943	1.09373	1	0.73452	0.54944	14.07571	1.09373	1	-0.00654	-0.00827	0.68105	0.00347	1	0.06078	-0.01231	0.67553	0.00418	1	1.45898	0.81042	0	
1278913	8624.96973	3307049297096	0.49494	0.29743	8624.62891	0.34082	12129	1	0.50003	0.29046	1	0.46586	0.27183	1	0.48294	0.28114	1	0.47352	0.52933	13.02677	1.08464	1	0.73440	0.55012	14.44808	1.08464	1	-0.00654	-0.00827	0.68105	0.00344	1	0.06078	-0.01231	0.67553	0.00386	1	1.45898	0.81042	0	
1278914	8624.97656	3307049362103	0.49589	0.29637	8624.62891	0.34766	12129	1	0.53271	0.25698	1	0.49449	0.23195	1	0.51360	0.24446	1	0.47362	0.52932	13.04970	1.07556	1	0.73449	0.54955	14.08284	1.07556	1	-0.00654	-0.00827	0.68105	0.00343	1	0.06078	-0.01231	0.67553	0.00413	1	1.45898	0.81042	0	
1278915	8624.98340	3307049429767	0.49686	0.29578	8624.62891	0.35449	12129	1	0.53359	0.26477	1	0.49359	0.24707	1	0.51359	0.25592	1	0.47369	0.52940	12.74877	1.06647	1	0.73436	0.54944	13.22726	1.05881	1	-0.00654	-0.00827	0.68105	0.00344	1	0.05887	-0.01188	0.65480	0.00413	1	1.45898	0.81042	0	
1278916	8624.99023	3307049497453	0.49721	0.29647	8624.62891	0.36133	12129	1	0.51246	0.35949	1	0.47653	0.26775	1	0.49449	0.31362	1	0.47321	0.52968	12.72907	1.05881	1	0.73419	0.54973	13.36455	1.05115	1	-0.00654	-0.00827	0.68105	0.00349	1	0.05887	-0.01188	0.65480	0.00407	1	1.45898	0.81042	0	
1278917	8624.99707	3307049564807	0.49733	0.29714	8624.62891	0.36816	12129	1	0.51456	0.39232	1	0.47969	0.27989	1	0.49713	0.33611	1	0.47321	0.52997	13.07170	1.05115	1	0.73427	0.54992	13.42099	1.04349	1	-0.00654	-0.00827	0.68105	0.00359	1	0.05887	-0.01188	0.65480	0.00400	1	1.45898	0.81042	0	
1278918	8625.00391	3307049631037	0.49744	0.29773	8624.62891	0.37500	12129	1	0.51544	0.39806	1	0.47969	0.27989	1	0.49757	0.33898	1	0.47349	0.52997	13.01588	1.04349	1	0.73408	0.55014	13.98265	1.04349	1	-0.00667	-0.00831	0.68391	0.00359	1	0.05910	-0.01194	0.65795	0.00395	1	1.45898	0.81042	0	
1278919	8625.01074	3307049698631	0.49788	0.29880	8624.62891	0.38184	12129	1	0.53575	0.34679	1	0.45833	0.31823	1	0.49704	0.33251	1	0.47350	0.52972	12.86814	1.04349	1	0.73391	0.55016	14.00090	1.05115	1	-0.00667	-0.00831	0.68391	0.00364	1	0.05910	-0.01194	0.65795	0.00382	1	1.45898	0.81042	0	
1278920	8625.01660	3307049765463	0.49775	0.29958	8624.62891	0.38770	12129	1	0.53827	0.34804	1	0.46604	0.31501	1	0.50216	0.33153	1	0.47357	0.53001	13.06321	1.05115	1	0.73407	0.55030	14.37875	1.05881	1	-0.00667	-0.00831	0.68391	0.00363	1	0.05910	-0.01194	0.65795	0.00377	1	1.45898	0.81042	0	
1278921	8625.02344	3307049832044	0.49761	0.30007	8624.62891	0.39453	12129	1	0.53755	0.34199	1	0.46627	0.30861	1	0.50191	0.32530	1	0.47340	0.53011	13.01678	1.05881	1	0.73416	0.54995	14.04919	1.06647	1	-0.00667	-0.00831	0.68391	0.00359	1	0.06042	-0.01223	0.67378	0.00394	1	1.45898	0.81042	0	
1278922	8625.03027	3307049898784	0.49739	0.30066	8624.62891	0.40137	12129	1	0.52944	0.38733	1	0.44286	0.32510	1	0.48615	0.35621	1	0.47350	0.53017	13.37837	1.06647	1	0.73368	0.55025	14.33171	1.06647	1	-0.00667	-0.00831	0.68391	0.00364	1	0.06042	-0.01223	0.67378	0.00391	1	1.45898	0.81042	0	
1278923	8625.03711	3307049965949	0.49688	0.30200	8624.62891	0.40820	12129	1	0.51347	0.38357	1	0.44379	0.31187	1	0.47863	0.34772	1	0.47329	0.53003	12.33503	1.06647	1	0.73368	0.55035	14.38697	1.06647	1	-0.00667	-0.00831	0.68391	0.00361	1	0.06042	-0.01223	0.67378	0.00387	1	1.45898	0.81042	0	
1278924	8625.04395	3307050033715	0.49637	0.30311	8624.62891	0.41504	12129	1	0.51347	0.38357	1	0.44379	0.31187	1	0.47863	0.34772	1	0.47331	0.52983	12.84838	1.06647	1	0.73406	0.54996	13.68953	1.06647	1	-0.00672	-0.00824	0.67855	0.00366	1	0.06042	-0.01223	0.67378	0.00377	1	1.45898	0.81042	0	
1278925	8625.05078	3307050100748	0.49634	0.30249	8624.62891	0.42188	12129	1	0.52169	0.33824	1	0.47360	0.25405	1	0.49764	0.29614	1	0.47299	0.52964	13.02239	1.06647	1	0.73379	0.54949	14.03747	1.06647	1	-0.00672	-0.00824	0.67855	0.00358	1	0.06042	-0.01223	0.67378	0.00417	1	1.45898	0.81042	0	
1278926	8625.05762	3307050167342	0.49638	0.30147	8624.62891	0.42871	12129	1	0.53457	0.34652	1	0.47746	0.25014	1	0.50602	0.29833	1	0.47320	0.52963	12.47639	1.06647	1	0.73381	0.54960	14.00463	1.06647	1	-0.00672	-0.00824	0.67855	0.00355	1	0.06042	-0.01223	0.67378	0.00415	1	1.45898	0.81042	0	
1278927	8625.06348	3307050234327	0.49529	0.32655	8624.62891	0.42871	12129	0	0.53457	0.34652	1	0.47780	0.24240	1	0.50618	0.29446	1	0.47274	0.52972	12.94310	1.06647	1	0.73378	0.54975	14.17041	1.07515	1	-0.00672	-0.00824	0.67855	0.00354	1	0.06352	-0.01292	0.70885	0.00398	1	1.45898	0.81042	0	
1278928	8625.07031	3307050298453	0.50687	0.30227	8624.62891	0.42871	12129	0	0.53143	0.33838	1	0.50547	0.21760	1	0.51845	0.27799	1	0.47265	0.52991	13.01898	1.07515	1	0.73382	0.54931	14.13497	1.08383	1	-0.00672	-0.00824	0.67855	0.00357	1	0.06352	-0.01292	0.70885	0.00413	1	1.45898	0.81042	0	
1278929	8625.07715	3307050365494	0.50664	0.29050	8624.62891	0.42871	12129	0	0.53010	0.30490	1	0.48224	0.22902	1	0.50617	0.26696	1	0.47273	0.53009	13.34211	1.08383	1	0.73356	0.54958	13.31072	1.09251	1	-0.00672	-0.00824	0.67855	0.00358	1	0.06352	-0.01292	0.70885	0.00405	1	1.45898	0.81042	0	
1278930	8625.08398	3307050430998	0.50641	0.28374	8625.06348	0.02051	12130	1	0.52925	0.29789	1	0.48224	0.22902	1	0.50575	0.26345	1	0.47261	0.53017	12.68186	1.09251	1	0.73340	0.54977	13.92217	1.09251	1	-0.00676	-0.00817	0.67253	0.00366	1	0.06042	-0.01230	0.67489	0.00401	1	1.45898	0.81042	0	
1278931	8625.08984	3307050498205	0.50455	0.28082	8625.06348	0.02637	12130	1	0.52374	0.30766	1	0.47049	0.23067	1	0.49711	0.26917	1	0.47261	0.53013	12.67381	1.09251	1	0.73334	0.54960	13.64461	1.08383	1	-0.00676	-0.00817	0.67253	0.00363	1	0.06042	-0.01230	0.67489	0.00408	1	1.45898	0.81042	0	
1278932	8625.09668	3307050566340	0.50096	0.28565	8625.06348	0.03320	12130	1	0.50282	0.26928	1	0.46320	0.35027	1	0.48301	0.30978	1	0.47233	0.53004	12.26620	1.08383	1	0.73325	0.55035	14.07989	1.07515	1	-0.00676	-0.00817	0.67253	0.00362	1	0.06042	-0.01230	0.67489	0.00380	1	1.45898	0.81042	0	
1278933	8625.10352	3307050633560	0.49838	0.28948	8625.06348	0.04004	12130	1	0.50278	0.26894	1	0.46301	0.35601	1	0.48289	0.31247	1	0.47290	0.53024	13.13936	1.08424	1	0.73285	0.55044	14.30647	1.06790	1	-0.00716	-0.00859	0.70740	0.00369	1	0.05938	-0.01210	0.66381	0.00387	1	1.45898	0.81042	0	
1278934	8625.11035	3307050701042	0.50003	0.28676	8625.06348	0.04688	12130	1	0.56049	0.33160	1	0.46267	0.20389	1	0.51158	0.26774	1	0.47287	0.53024	13.18641	1.07698	1	0.73323	0.54898	13.51876	1.06932	1	-0.00716	-0.00859	0.70740	0.00364	1	0.05938	-0.01210	0.66381	0.00413	1	1.45898	0.81042	0	
1278935	8625.11719	3307050765969	0.50030	0.28059	8625.06348	0.05371	12130	1	0.53901	0.25922	1	0.46587	0.20325	1	0.50244	0.23123	1	0.47262	0.52965	12.37273	1.07841	1	0.73319	0.54924	13.77612	1.07075	1	-0.00716	-0.00859	0.70740	0.00365	1	0.05938	-0.01210	0.66381	0.00419	1	1.45898	0.81042	0	
1278936	8625.12402	3307050835068	0.50055	0.27598	8625.06348	0.06055	12130	1	0.53971	0.26575	1	0.46587	0.20325	1	0.50279	0.23450	1	0.47210	0.52885	12.96277	1.07075	1	0.73289	0.55013	14.45332	1.07075	1	-0.00691	-0.00824	0.67808	0.00374	1	0.06061	-0.01236	0.67814	0.00389	1	1.45898	0.81042	0	
1278937	8625.13086	3307050902270	0.50003	0.27478	8625.06348	0.06738	12130	1	0.51799	0.22534	1	0.47164	0.30010	1	0.49481	0.26272	1	0.47228	0.52891	13.10028	1.06166	1	0.73304	0.55017	14.38037	1.06932	1	-0.00691	-0.00824	0.67808	0.00384	1	0.06061	-0.01236	0.67814	0.00377	1	1.45898	0.81042	0	
1278938	8625.13770	3307050970467	0.50151	0.27405	8625.06348	0.07422	12130	1	0.53509	0.26353	1	0.50055	0.26844	1	0.51782	0.26599	1	0.47211	0.52936	12.92479	1.06024	1	0.73299	0.54986	14.29423	1.06790	1	-0.00691	-0.00824	0.67808	0.00377	1	0.06061	-0.01236	0.67814	0.00376	1	1.45898	0.81042	0	
1278939	8625.14453	3307051038127	0.50277	0.27352	8625.06348	0.08105	12130	1	0.53523	0.26476	1	0.50047	0.26969	1	0.51785	0.26723	1	0.47165	0.52964	12.22435	1.05881	1	0.73271	0.54999	13.78381	1.06647	1	-0.00697	-0.00835	0.68338	0.00374	1	0.06049	-0.01235	0.67789	0.00372	1	1.45898	0.81042	0	
1278940	8625.15137	3307051104761	0.50154	0.27630	8625.06348	0.08789	12130	1	0.50774	0.30985	1	0.46342	0.31510	1	0.48558	0.31247	1	0.47160	0.52972	12.05962	1.06647	1	0.73241	0.55028	14.00664	1.06647	1	-0.00697	-0.00835	0.68338	0.00389	1	0.06049	-0.01235	0.67789	0.00381	1	1.45898	0.81042	0	
1278941	8625.15723	3307051171909	0.50060	0.27801	8625.06348	0.09375	12130	1	0.51505	0.30215	1	0.45998	0.30178	1	0.48752	0.30196	1	0.47171	0.52988	12.18781	1.06647	1	0.73239	0.55030	14.02506	1.06647	1	-0.00697	-0.00835	0.68338	0.00386	1	0.06049	-0.01235	0.67789	0.00383	1	1.45898	0.81042	0	
1278942	8625.16406	3307051239083	0.49979	0.27951	8625.06348	0.10059	12130	1	0.51505	0.30215	1	0.45998	0.30178	1	0.48752	0.30196	1	0.47181	0.52960	12.19588	1.06647	1	0.73209	0.55036	14.33469	1.06647	1	-0.00719	-0.00843	0.68505	0.00376	1	0.06138	-0.01256	0.68907	0.00384	1	1.45898	0.81042	0	
1278943	8625.17090	3307051306059	0.49840	0.28016	8625.06348	0.10742	12130	1	0.50197	0.27466	1	0.45067	0.30655	1	0.47632	0.29060	1	0.47157	0.52998	12.79886	1.06647	1	0.73225	0.55025	14.42199	1.06647	1	-0.00719	-0.00843	0.68505	0.00379	1	0.06138	-0.01256	0.68907	0.00385	1	1.45898	0.81042	0	
1278944	8625.17773	3307051372918	0.49888	0.28300	8625.06348	0.11426	12130	1	0.54202	0.31951	1	0.47206	0.34287	1	0.50704	0.33119	1	0.47178	0.53001	11.95072	1.06647	1	0.73219	0.55028	14.28304	1.06647	1	-0.00719	-0.00843	0.68505	0.00391	1	0.06138	-0.01256	0.68907	0.00385	1	1.45898	0.81042	0	
1278945	8625.18457	3307051439895	0.49932	0.28535	8625.06348	0.12109	12130	1	0.54202	0.31951	1	0.47235	0.33588	1	0.50719	0.32769	1	0.47104	0.53042	12.31181	1.06647	1	0.73250	0.54915	13.49435	1.07515	1	-0.00719	-0.00843	0.68505	0.00376	1	0.06152	-0.01255	0.69119	0.00427	1	1.45898	0.81042	0	
1278946	8625.19141	3307051506663	0.49999	0.28378	8625.06348	0.12793	12130	1	0.54889	0.30340	1	0.47645	0.20446	1	0.51267	0.25393	1	0.47152	0.53046	12.90114	1.07515	1	0.73213	0.54914	13.82619	1.08383	1	-0.00719	-0.00843	0.68505	0.00383	1	0.06152	-0.01255	0.69119	0.00431	1	1.45898	0.81042	0	
1278947	8625.19824	3307051573951	0.50040	0.28065	8625.06348	0.13477	12130	1	0.53682	0.28936	1	0.48034	0.14664	1	0.50858	0.21800	1	0.47142	0.53042	13.02576	1.08383	1	0.73223	0.54879	13.36088	1.09251	1	-0.00719	-0.00843	0.68505	0.00380	1	0.06152	-0.01255	0.69119	0.00414	1	1.45898	0.81042	0	
1278948	8625.20410	3307051640637	0.50075	0.27764	8625.06348	0.14062	12130	1	0.53602	0.28224	1	0.48034	0.14664	1	0.50818	0.21444	1	0.47124	0.53065	12.70292	1.09251	1	0.73182	0.54989	13.55116	1.09251	1	-0.00719	-0.00843	0.68505	0.00371	1	0.06038	-0.01232	0.67899	0.00375	1	1.45898	0.81042	0	
1278949	8625.21094	3307051708237	0.50079	0.27881	8625.06348	0.14746	12130	1	0.53015	0.31811	1	0.47321	0.29119	1	0.50168	0.30465	1	0.47126	0.53079	12.77134	1.09251	1	0.73180	0.55018	13.37851	1.08383	1	-0.00719	-0.00843	0.68505	0.00376	1	0.06038	-0.01232	0.67899	0.00380	1	1.45898	0.81042	0	
1278950	8625.21777	3307051775019	0.50059	0.28113	8625.06348	0.15430	12130	1	0.52195	0.32087	1	0.46984	0.34817	1	0.49590	0.33452	1	0.47115	0.53061	12.68256	1.08383	1	0.73179	0.55013	13.44850	1.07515	1	-0.00719	-0.00843	0.68505	0.00368	1	0.06038	-0.01232	0.67899	0.00382	1	1.45898	0.81042	0	
1278951	8625.22461	3307051842036	0.50041	0.28354	8625.06348	0.16113	12130	1	0.52286	0.32775	1	0.46957	0.35505	1	0.49621	0.34140	1	0.47118	0.53054	12.26293	1.07515	1	0.73181	0.54998	13.43417	1.06647	1	-0.00724	-0.00842	0.68028	0.00378	1	0.06038	-0.01232	0.67899	0.00379	1	1.45898	0.81042	0	
1278952	8625.23145	3307051908483	0.50040	0.28401	8625.06348	0.16797	12130	1	0.52719	0.27813	1	0.47301	0.31332	1	0.50010	0.29572	1	0.47109	0.53009	12.16514	1.06647	1	0.73176	0.54984	13.27842	1.06647	1	-0.00724	-0.00842	0.68028	0.00398	1	0.06038	-0.01232	0.67899	0.00384	1	1.45898	0.81042	0	
1278953	8625.23828	3307051975782	0.50051	0.28534	8625.06348	0.17480	12130	1	0.53555	0.32794	1	0.47112	0.31199	1	0.50333	0.31997	1	0.47140	0.53074	12.77342	1.06647	1	0.73181	0.54980	13.28771	1.06647	1	-0.00724	-0.00842	0.68028	0.00376	1	0.06038	-0.01232	0.67899	0.00390	1	1.45898	0.81042	0	
1278954	8625.24512	3307052042493	0.50061	0.28658	8625.06348	0.18164	12130	1	0.53555	0.32794	1	0.47112	0.31199	1	0.50333	0.31997	1	0.47145	0.53077	13.01066	1.06647	1	0.73198	0.54973	13.33585	1.06647	1	-0.00730	-0.00843	0.68572	0.00373	1	0.06038	-0.01232	0.67899	0.00382	1	1.45898	0.81042	0	
1278955	8625.25195	3307052110177	0.50053	0.28798	8625.06348	0.18848	12130	1	0.52807	0.32111	1	0.46851	0.33295	1	0.49829	0.32703	1	0.47122	0.53061	12.31433	1.06647	1	0.73182	0.54988	13.28086	1.06647	1	-0.00730	-0.00843	0.68572	0.00379	1	0.06038	-0.01232	0.67899	0.00391	1	1.45898	0.81042	0	
1278956	8625.25781	3307052176750	0.50038	0.28924	8625.06348	0.19434	12130	1	0.53904	0.31265	1	0.45276	0.33887	1	0.49590	0.32576	1	0.47133	0.53066	12.82358	1.06647	1	0.73159	0.55018	13.89550	1.06647	1	-0.00730	-0.00843	0.68572	0.00372	1	0.06038	-0.01232	0.67899	0.00381	1	1.45898	0.81042	0	
1278957	8625.26465	3307052240369	0.50022	0.29018	8625.06348	0.20117	12130	1	0.53820	0.30526	1	0.45291	0.33154	1	0.49556	0.31840	1	0.47096	0.53017	12.11251	1.07556	1	0.73180	0.54979	13.40291	1.07556	1	-0.00741	-0.00867	0.70068	0.00394	1	0.06070	-0.01234	0.68260	0.00393	1	1.45898	0.81042	0	
1278958	8625.27148	3307052306671	0.50004	0.29040	8625.06348	0.20801	12130	1	0.51890	0.28620	1	0.46982	0.30843	1	0.49436	0.29732	1	0.47103	0.53041	12.19606	1.08464	1	0.73182	0.55002	13.42829	1.08464	1	-0.00741	-0.00867	0.70068	0.00381	1	0.06070	-0.01234	0.68260	0.00385	1	1.45898	0.81042	0	
1278959	8625.27832	3307052377139	0.49994	0.29133	8625.06348	0.21484	12130	1	0.52878	0.33566	1	0.46516	0.30642	1	0.49697	0.32104	1	0.47117	0.53070	12.76118	1.09373	1	0.73174	0.55010	13.45390	1.09373	1	-0.00741	-0.00867	0.70068	0.00373	1	0.06070	-0.01234	0.68260	0.00386	1	1.45898	0.81042	0	
1278960	8625.28516	3307052443332	0.49822	0.31890	8625.06348	0.21484	12130	0	0.52878	0.33566	1	0.46516	0.30642	1	0.49697	0.32104	1	0.47148	0.53074	12.98291	1.09373	1	0.73178	0.54990	13.45334	1.09373	1	-0.00719	-0.00843	0.68505	0.00377	1	0.06038	-0.01232	0.67899	0.00376	1	1.45898	0.81042	0	
1278961	8625.29102	3307052508905	0.50971	0.30215	8625.06348	0.21484	12130	0	0.54186	0.28807	1	0.50056	0.28272	1	0.52121	0.28540	1	0.47136	0.53048	12.89503	1.08464	1	0.73219	0.54967	14.04672	1.08464	1	-0.00719	-0.00843	0.68505	0.00372	1	0.06038	-0.01232	0.67899	0.00373	1	1.45898	0.81042	0	
1278962	8625.29785	3307052577323	0.50670	0.30214	8625.06348	0.21484	12130	0	0.53258	0.29790	1	0.46876	0.30638	1	0.50067	0.30214	1	0.47133	0.53036	12.89515	1.07556	1	0.73179	0.54994	13.57698	1.07556	1	-0.00719	-0.00843	0.68505	0.00369	1	0.06038	-0.01232	0.67899	0.00379	1	1.45898	0.81042	0	
1278963	8625.30469	3307052641799	0.50530	0.30312	8625.28516	0.01953	12131	1	0.53345	0.30535	1	0.46875	0.30671	1	0.50110	0.30603	1	0.47116	0.53023	12.55792	1.06647	1	0.73219	0.54974	13.87691	1.07515	1	-0.00719	-0.00843	0.68505	0.00370	1	0.06152	-0.01255	0.69119	0.00378	1	1.45898	0.81042	0	
1278964	8625.31152	3307052710654	0.50279	0.29685	8625.28516	0.02637	12131	1	0.50361	0.29964	1	0.48193	0.24397	1	0.49277	0.27181	1	0.47120	0.53024	12.64983	1.07515	1	0.73234	0.54968	13.68919	1.08383	1	-0.00719	-0.00843	0.68505	0.00366	1	0.06152	-0.01255	0.69119	0.00386	1	1.45898	0.81042	0	
1278965	8625.31836	3307052775901	0.49972	0.29798	8625.28516	0.03320	12131	1	0.50031	0.27495	1	0.46846	0.33223	1	0.48438	0.30359	1	0.47118	0.53018	12.61981	1.08383	1	0.73217	0.54987	13.85771	1.09251	1	-0.00719	-0.00843	0.68505	0.00370	1	0.06152	-0.01255	0.69119	0.00390	1	1.45898	0.81042	0	
1278966	8625.32520	3307052846362	0.49748	0.29777	8625.28516	0.04004	12131	1	0.49926	0.26768	1	0.46872	0.32533	1	0.48399	0.29651	1	0.47168	0.53051	12.34848	1.09251	1	0.73222	0.54985	13.96468	1.10119	1	-0.00719	-0.00843	0.68505	0.00365	1	0.06152	-0.01249	0.69119	0.00384	1	1.45898	0.81042	0	
1278967	8625.33203	3307052911408	0.49382	0.29564	8625.28516	0.04688	12131	1	0.49971	0.28085	1	0.43671	0.28060	1	0.46821	0.28073	1	0.47165	0.53058	12.04020	1.10119	1	0.73201	0.54982	13.99627	1.10119	1	-0.00719	-0.00843	0.68505	0.00367	1	0.06152	-0.01249	0.69119	0.00398	1	1.45898	0.81042	0	
1278968	8625.33887	3307052980771	0.49141	0.29756	8625.28516	0.05371	12131	1	0.51570	0.32144	1	0.42864	0.30444	1	0.47217	0.31294	1	0.47180	0.53075	12.00870	1.10119	1	0.73189	0.55012	14.15894	1.10119	1	-0.00719	-0.00843	0.68505	0.00374	1	0.06152	-0.01249	0.69119	0.00394	1	1.45898	0.81042	0	
1278969	8625.34570	3307053047482	0.48944	0.29904	8625.28516	0.06055	12131	1	0.51473	0.31435	1	0.42868	0.31032	1	0.47170	0.31234	1	0.47179	0.53063	12.44841	1.11028	1	0.73221	0.55020	13.60569	1.09394	1	-0.00741	-0.00880	0.71119	0.00367	1	0.05917	-0.01200	0.66372	0.00392	1	1.45898	0.81042	0	
1278970	8625.35156	3307053114682	0.48847	0.29920	8625.28516	0.06641	12131	1	0.51411	0.29118	1	0.44336	0.31046	1	0.47874	0.30082	1	0.47182	0.53062	12.43083	1.10302	1	0.73207	0.55009	14.28647	1.08668	1	-0.00741	-0.00880	0.71119	0.00374	1	0.05917	-0.01200	0.66372	0.00390	1	1.45898	0.81042	0	
1278971	8625.35840	3307053179983	0.48935	0.29883	8625.28516	0.07324	12131	1	0.52601	0.32340	1	0.47214	0.26620	1	0.49907	0.29480	1	0.47199	0.53071	12.38698	1.09577	1	0.73255	0.54979	13.57591	1.07943	1	-0.00741	-0.00880	0.71119	0.00369	1	0.05917	-0.01200	0.66372	0.00401	1	1.45898	0.81042	0	
1278972	8625.36523	3307053248453	0.49015	0.29930	8625.28516	0.08008	12131	1	0.52765	0.33617	1	0.47184	0.27372	1	0.49974	0.30494	1	0.47193	0.53067	12.36801	1.07943	1	0.73246	0.54974	13.26504	1.07075	1	-0.00697	-0.00846	0.68338	0.00375	1	0.06049	-0.01225	0.67789	0.00401	1	1.45898	0.81042	0	
1278973	8625.37207	3307053315974	0.49045	0.30090	8625.28516	0.08691	12131	1	0.51875	0.34251	1	0.46977	0.30080	1	0.49426	0.32166	1	0.47182	0.53057	12.17371	1.06166	1	0.73254	0.54999	13.53092	1.06932	1	-0.00697	-0.00846	0.68338	0.00379	1	0.06049	-0.01225	0.67789	0.00382	1	1.45898	0.81042	0	
1278974	8625.37891	3307053382395	0.49133	0.29990	8625.28516	0.09375	12131	1	0.53606	0.32925	1	0.47136	0.24249	1	0.50371	0.28587	1	0.47208	0.53061	12.76332	1.06024	1	0.73263	0.54979	13.49990	1.06790	1	-0.00697	-0.00846	0.68338	0.00383	1	0.06049	-0.01225	0.67789	0.00375	1	1.45898	0.81042	0	
1278975	8625.38574	3307053449428	0.49212	0.29885	8625.28516	0.10059	12131	1	0.53620	0.33040	1	0.47160	0.23598	1	0.50390	0.28319	1	0.47217	0.53026	12.93644	1.05881	1	0.73293	0.54931	13.83592	1.07515	1	-0.00693	-0.00836	0.67992	0.00372	1	0.06348	-0.01290	0.71085	0.00406	1	1.45898	0.81042	0	
1278976	8625.39258	3307053516503	0.49159	0.29929	8625.28516	0.10742	12131	1	0.51493	0.33271	1	0.45137	0.27984	1	0.48315	0.30628	1	0.47221	0.53054	13.11746	1.07515	1	0.73298	0.54959	14.05678	1.08383	1	-0.00693	-0.00836	0.67992	0.00359	1	0.06348	-0.01290	0.71085	0.00417	1	1.45898	0.81042	0	
1278977	8625.39844	3307053582933	0.49104	0.29631	8625.28516	0.11328	12131	1	0.50130	0.25782	1	0.46203	0.23344	1	0.48166	0.24563	1	0.47230	0.53011	12.24875	1.08383	1	0.73315	0.54936	13.31250	1.09251	1	-0.00693	-0.00836	0.67992	0.00370	1	0.06348	-0.01290	0.71085	0.00411	1	1.45898	0.81042	0	
1278978	8625.40527	3307053650667	0.49049	0.29321	8625.28516	0.12012	12131	1	0.49917	0.24268	1	0.46206	0.23218	1	0.48062	0.23743	1	0.47268	0.53070	12.46884	1.10160	1	0.73296	0.54957	13.65763	1.09394	1	-0.00716	-0.00870	0.70755	0.00377	1	0.05938	-0.01205	0.66381	0.00420	1	1.45898	0.81042	0	
1278979	8625.41211	3307053717389	0.49015	0.29272	8625.28516	0.12695	12131	1	0.52901	0.29429	1	0.43854	0.27246	1	0.48378	0.28337	1	0.47276	0.53056	12.31398	1.10302	1	0.73278	0.55020	14.02288	1.08668	1	-0.00716	-0.00870	0.70755	0.00374	1	0.05938	-0.01205	0.66381	0.00389	1	1.45898	0.81042	0	
1278980	8625.41895	3307053784224	0.48985	0.29395	8625.28516	0.13379	12131	1	0.51862	0.34105	1	0.44900	0.29606	1	0.48381	0.31855	1	0.47251	0.53086	12.20562	1.09577	1	0.73295	0.54976	13.71144	1.07943	1	-0.00716	-0.00870	0.70755	0.00368	1	0.05938	-0.01205	0.66381	0.00406	1	1.45898	0.81042	0	
1278981	8625.42578	3307053850793	0.48961	0.29566	8625.28516	0.14062	12131	1	0.52035	0.35356	1	0.44878	0.30973	1	0.48457	0.33165	1	0.47253	0.53009	12.05744	1.07943	1	0.73325	0.54998	13.72072	1.06309	1	-0.00676	-0.00827	0.67253	0.00388	1	0.05938	-0.01205	0.66381	0.00395	1	1.45898	0.81042	0	
1278982	8625.43262	3307053918145	0.48969	0.29680	8625.28516	0.14746	12131	1	0.52598	0.27658	1	0.45709	0.36706	1	0.49153	0.32182	1	0.47269	0.52995	12.20790	1.05400	1	0.73320	0.55029	14.16402	1.05400	1	-0.00676	-0.00827	0.67253	0.00393	1	0.05938	-0.01205	0.66381	0.00380	1	1.45898	0.81042	0	
1278983	8625.43945	3307053986103	0.48951	0.29826	8625.28516	0.15430	12131	1	0.52081	0.34579	1	0.44984	0.31798	1	0.48533	0.33188	1	0.47263	0.53031	12.20667	1.04492	1	0.73305	0.55028	13.90651	1.04492	1	-0.00676	-0.00827	0.67253	0.00379	1	0.05938	-0.01205	0.66381	0.00385	1	1.45898	0.81042	0	
1278984	8625.44531	3307054051988	0.48937	0.29963	8625.28516	0.16016	12131	1	0.52181	0.35304	1	0.44994	0.31186	1	0.48588	0.33245	1	0.47251	0.53032	12.21949	1.03583	1	0.73344	0.54976	13.39102	1.05217	1	-0.00672	-0.00835	0.67855	0.00374	1	0.06352	-0.01281	0.70885	0.00378	1	1.45898	0.81042	0	
1278985	8625.45215	3307054119121	0.48935	0.29922	8625.28516	0.16699	12131	1	0.49657	0.36212	1	0.48155	0.21569	1	0.48906	0.28891	1	0.47254	0.53036	12.46006	1.05217	1	0.73349	0.54891	13.19827	1.06851	1	-0.00672	-0.00835	0.67855	0.00384	1	0.06352	-0.01281	0.70885	0.00415	1	1.45898	0.81042	0	
1278986	8625.45898	3307054186579	0.48868	0.30079	8625.28516	0.17383	12131	1	0.49186	0.34498	1	0.45059	0.33840	1	0.47123	0.34169	1	0.47258	0.53056	12.51852	1.06851	1	0.73347	0.54994	13.35901	1.08485	1	-0.00672	-0.00835	0.67855	0.00379	1	0.06352	-0.01281	0.70885	0.00378	1	1.45898	0.81042	0	
1278987	8625.46582	3307054251390	0.48803	0.30179	8625.28516	0.18066	12131	1	0.48974	0.33218	1	0.45082	0.32543	1	0.47028	0.32881	1	0.47292	0.52968	12.69684	1.08485	1	0.73375	0.54966	14.05643	1.10119	1	-0.00672	-0.00824	0.67855	0.00410	1	0.06352	-0.01281	0.70885	0.00382	1	1.45898	0.81042	0	
1278988	8625.47266	3307054318426	0.48744	0.30233	8625.28516	0.18750	12131	1	0.50812	0.28793	1	0.43419	0.34686	1	0.47115	0.31739	1	0.47274	0.52989	13.14678	1.10119	1	0.73351	0.55005	14.24900	1.10119	1	-0.00672	-0.00824	0.67855	0.00352	1	0.06352	-0.01281	0.70885	0.00396	1	1.45898	0.81042	0	
1278989	8625.47852	3307054382772	0.48671	0.30226	8625.28516	0.19336	12131	1	0.49990	0.24798	1	0.43120	0.35233	1	0.46555	0.30015	1	0.47315	0.52978	12.74453	1.10119	1	0.73351	0.55005	14.24900	1.10119	1	-0.00672	-0.00824	0.67855	0.00359	1	0.06352	-0.01281	0.70885	0.00397	1	1.45898	0.81042	0	
1278990	8625.48535	3307054451485	0.48603	0.30230	8625.28516	0.20020	12131	1	0.49990	0.24798	1	0.43122	0.35899	1	0.46556	0.30348	1	0.47336	0.52995	12.61904	1.10119	1	0.73354	0.54998	14.08147	1.09251	1	-0.00672	-0.00824	0.67855	0.00361	1	0.06042	-0.01218	0.67378	0.00399	1	1.45898	0.81042	0	
1278991	8625.49219	3307054516440	0.48596	0.30298	8625.28516	0.20703	12131	1	0.53158	0.29384	1	0.43619	0.35478	1	0.48389	0.32431	1	0.47361	0.53003	12.77621	1.09251	1	0.73361	0.54987	13.98270	1.08383	1	-0.00672	-0.00824	0.67855	0.00368	1	0.06042	-0.01218	0.67378	0.00402	1	1.45898	0.81042	0	
1278992	8625.49902	3307054587159	0.48609	0.30300	8625.28516	0.21387	12131	1	0.51868	0.30558	1	0.46138	0.30146	1	0.49003	0.30352	1	0.47343	0.52995	12.84975	1.08383	1	0.73390	0.54982	13.41535	1.07515	1	-0.00672	-0.00824	0.67855	0.00366	1	0.06042	-0.01218	0.67378	0.00401	1	1.45898	0.81042	0	
1278993	8625.50586	3307054652614	0.48620	0.30300	8625.28516	0.22070	12131	1	0.51864	0.30526	1	0.46139	0.30112	1	0.49002	0.30319	1	0.47341	0.52983	12.44482	1.08424	1	0.73404	0.54976	13.17163	1.07556	1	-0.00675	-0.00848	0.69806	0.00374	1	0.05910	-0.01189	0.65795	0.00394	1	1.45898	0.81042	0	
1278994	8625.51270	3307054719013	0.48628	0.30268	8625.28516	0.22754	12131	1	0.51294	0.28182	1	0.46516	0.30140	1	0.48905	0.29161	1	0.47322	0.52974	12.40240	1.08464	1	0.73410	0.54999	13.29043	1.08464	1	-0.00675	-0.00848	0.69806	0.00373	1	0.05910	-0.01189	0.65795	0.00384	1	1.45898	0.81042	0	
1278995	8625.51953	3307054786627	0.48656	0.30175	8625.28516	0.23438	12131	1	0.51718	0.24130	1	0.47541	0.29747	1	0.49630	0.26939	1	0.47335	0.52976	12.37603	1.09373	1	0.73419	0.54987	13.39244	1.09373	1	-0.00675	-0.00848	0.69806	0.00372	1	0.05910	-0.01189	0.65795	0.00389	1	1.45898	0.81042	0	
1278996	8625.52637	3307054855921	0.48683	0.30078	8625.28516	0.24121	12131	1	0.51718	0.24130	1	0.47573	0.29030	1	0.49645	0.26580	1	0.47319	0.52946	12.21961	1.09373	1	0.73429	0.55000	13.69047	1.10241	1	-0.00654	-0.00827	0.68105	0.00371	1	0.06330	-0.01273	0.70411	0.00376	1	1.45898	0.81042	0	
1278997	8625.53320	3307054922917	0.48683	0.29893	8625.28516	0.24805	12131	1	0.49529	0.19666	1	0.47849	0.26401	1	0.48689	0.23034	1	0.47349	0.52872	12.59219	1.09332	1	0.73421	0.54908	13.43032	1.10200	1	-0.00654	-0.00827	0.68105	0.00377	1	0.06330	-0.01273	0.70411	0.00420	1	1.45898	0.81042	0	
1278998	8625.53906	3307054989490	0.48692	0.29753	8625.28516	0.25391	12131	1	0.50566	0.25756	1	0.47487	0.23130	1	0.49027	0.24443	1	0.47369	0.52963	13.04556	1.09292	1	0.73453	0.54863	12.88714	1.10160	1	-0.00654	-0.00827	0.68105	0.00350	1	0.06330	-0.01273	0.70411	0.00435	1	1.45898	0.81042	0	
1278999	8625.54590	3307055056769	0.48700	0.29621	8625.28516	0.26074	12131	1	0.50570	0.25791	1	0.47486	0.23166	1	0.49028	0.24478	1	0.47363	0.52937	12.71793	1.09251	1	0.73471	0.54997	14.20331	1.10119	1	-0.00654	-0.00827	0.68105	0.00354	1	0.06330	-0.01273	0.70411	0.00382	1	1.45898	0.81042	0	
1279000	8625.55273	3307055124154	0.48684	0.29493	8625.28516	0.26758	12131	1	0.49767	0.15776	1	0.46291	0.32943	1	0.48029	0.24360	1	0.47355	0.52871	12.61677	1.10119	1	0.73447	0.54976	14.24805	1.10119	1	-0.00654	-0.00827	0.68105	0.00376	1	0.06330	-0.01273	0.70411	0.00384	1	1.45898	0.81042	0	
1279001	8625.55957	3307055190495	0.48745	0.29409	8625.28516	0.27441	12131	1	0.53109	0.21839	1	0.49355	0.30126	1	0.51232	0.25982	1	0.47402	0.52917	12.05666	1.10119	1	0.73490	0.55002	13.74678	1.10119	1	-0.00654	-0.00827	0.68105	0.00378	1	0.06330	-0.01273	0.70411	0.00397	1	1.45898	0.81042	0	
1279002	8625.56641	3307055258588	0.48803	0.29330	8625.28516	0.28125	12131	1	0.53109	0.21839	1	0.49355	0.30126	1	0.51232	0.25982	1	0.47410	0.52922	12.34450	1.10119	1	0.73480	0.54977	13.39653	1.10119	1	-0.00654	-0.00827	0.68105	0.00374	1	0.06301	-0.01272	0.70082	0.00387	1	1.45898	0.81042	0	
1279003	8625.57324	3307055325285	0.49298	0.26370	8625.28516	0.28125	12131	0	0.51776	0.22954	1	0.44544	0.26663	1	0.48160	0.24809	1	0.47378	0.52953	12.78441	1.10119	1	0.73461	0.54981	13.78579	1.10119	1	-0.00654	-0.00827	0.68105	0.00352	1	0.06301	-0.01272	0.70082	0.00384	1	1.45898	0.81042	0	
1279004	8625.58008	3307055392242	0.49171	0.26282	8625.28516	0.28125	12131	0	0.53317	0.25397	1	0.44769	0.26992	1	0.49043	0.26194	1	0.47405	0.52977	11.83063	1.10119	1	0.73450	0.54980	14.00799	1.10119	1	-0.00654	-0.00827	0.68105	0.00385	1	0.06301	-0.01272	0.70082	0.00379	1	1.45898	0.81042	0	
1279005	8625.58594	3307055458122	0.49115	0.25998	8625.28516	0.28125	12131	0	0.53232	0.24634	1	0.44779	0.26225	1	0.49005	0.25429	1	0.47404	0.52940	12.30930	1.11028	1	0.73451	0.54987	13.95543	1.11028	1	-0.00673	-0.00858	0.70633	0.00357	1	0.06330	-0.01273	0.70411	0.00384	1	1.45898	0.81042	0	
1279006	8625.59277	3307055525469	0.49248	0.25828	8625.57324	0.01953	12132	1	0.54464	0.25029	1	0.44829	0.25605	1	0.49646	0.25317	1	0.47427	0.52981	12.41688	1.11936	1	0.73461	0.54998	13.89249	1.11936	1	-0.00673	-0.00858	0.70633	0.00362	1	0.06330	-0.01273	0.70411	0.00383	1	1.45898	0.81042	0	
1279007	8625.59961	3307055592927	0.49119	0.25467	8625.57324	0.02637	12132	1	0.50523	0.27896	1	0.46681	0.20150	1	0.48602	0.24023	1	0.47398	0.53004	12.49263	1.12845	1	0.73478	0.54902	13.46984	1.12845	1	-0.00673	-0.00858	0.70633	0.00376	1	0.06330	-0.01273	0.70411	0.00422	1	1.45898	0.81042	0	
1279008	8625.60645	3307055659834	0.49023	0.25219	8625.57324	0.03320	12132	1	0.50420	0.27169	1	0.46661	0.20793	1	0.48541	0.23981	1	0.47432	0.52995	12.81179	1.13753	1	0.73495	0.54994	13.27272	1.12119	1	-0.00723	-0.00928	0.75886	0.00358	1	0.05865	-0.01187	0.65126	0.00383	1	1.45898	0.81042	0	
1279009	8625.61328	3307055726767	0.49284	0.25213	8625.57324	0.04004	12132	1	0.53103	0.28373	1	0.48602	0.21985	1	0.50852	0.25179	1	0.47440	0.53027	12.96788	1.12119	1	0.73509	0.54981	13.15088	1.10485	1	-0.00723	-0.00928	0.75886	0.00352	1	0.05865	-0.01187	0.65126	0.00391	1	1.45898	0.81042	0	
1279010	8625.62012	3307055793680	0.49371	0.25330	8625.57324	0.04688	12132	1	0.51928	0.28660	1	0.48029	0.23637	1	0.49978	0.26148	1	0.47422	0.53001	12.38536	1.10485	1	0.73510	0.54978	12.89423	1.08852	1	-0.00723	-0.00928	0.75886	0.00360	1	0.05865	-0.01187	0.65126	0.00393	1	1.45898	0.81042	0	
1279011	8625.62695	3307055861028	0.49444	0.25575	8625.57324	0.05371	12132	1	0.52098	0.29982	1	0.47963	0.25086	1	0.50030	0.27534	1	0.47424	0.53001	12.72968	1.08852	1	0.73510	0.54978	12.89423	1.07218	1	-0.00673	-0.00858	0.70633	0.00360	1	0.05865	-0.01187	0.65126	0.00393	1	1.45898	0.81042	0	
1279012	8625.63281	3307055927820	0.49413	0.25981	8625.57324	0.05957	12132	1	0.52033	0.28366	1	0.46224	0.30894	1	0.49129	0.29630	1	0.47415	0.52975	12.52641	1.07218	1	0.73468	0.55037	14.09107	1.07218	1	-0.00673	-0.00858	0.70633	0.00365	1	0.05865	-0.01187	0.65126	0.00380	1	1.45898	0.81042	0	
1279013	8625.63965	3307055994738	0.49435	0.26290	8625.57324	0.06641	12132	1	0.51311	0.30150	1	0.48012	0.28623	1	0.49662	0.29386	1	0.47405	0.52989	12.41234	1.07218	1	0.73505	0.55002	13.24800	1.07218	1	-0.00673	-0.00858	0.70633	0.00366	1	0.05865	-0.01187	0.65126	0.00382	1	1.45898	0.81042	0	
1279014	8625.64648	3307056062040	0.49457	0.26612	8625.57324	0.07324	12132	1	0.51413	0.30895	1	0.47975	0.29399	1	0.49694	0.30147	1	0.47419	0.52970	12.25848	1.06309	1	0.73507	0.54956	13.17101	1.06309	1	-0.00646	-0.00831	0.68385	0.00375	1	0.05865	-0.01187	0.65126	0.00396	1	1.45898	0.81042	0	
1279015	8625.65332	3307056128630	0.49362	0.26779	8625.57324	0.08008	12132	1	0.51006	0.26480	1	0.45450	0.31086	1	0.48228	0.28783	1	0.47408	0.52953	11.94738	1.05400	1	0.73462	0.55021	14.11264	1.05400	1	-0.00646	-0.00831	0.68385	0.00372	1	0.05865	-0.01187	0.65126	0.00401	1	1.45898	0.81042	0	
1279016	8625.66016	3307056195735	0.49396	0.27306	8625.57324	0.08691	12132	1	0.53528	0.32748	1	0.46139	0.35579	1	0.49833	0.34163	1	0.47437	0.53002	12.83295	1.04492	1	0.73476	0.55006	13.79417	1.04492	1	-0.00646	-0.00831	0.68385	0.00362	1	0.05865	-0.01187	0.65126	0.00404	1	1.45898	0.81042	0	
1279017	8625.66699	3307056261526	0.49425	0.27763	8625.57324	0.09375	12132	1	0.53528	0.32748	1	0.46139	0.35579	1	0.49833	0.34163	1	0.47441	0.53012	12.92222	1.04492	1	0.73504	0.54973	13.27223	1.04492	1	-0.00673	-0.00858	0.70633	0.00353	1	0.05865	-0.01187	0.65126	0.00396	1	1.45898	0.81042	0	
1279018	8625.67285	3307056326937	0.49460	0.27661	8625.57324	0.09961	12132	1	0.51255	0.30420	1	0.48708	0.21821	1	0.49981	0.26121	1	0.47403	0.52976	12.34860	1.05400	1	0.73515	0.54924	12.91335	1.05400	1	-0.00673	-0.00858	0.70633	0.00366	1	0.05865	-0.01187	0.65126	0.00412	1	1.45898	0.81042	0	
1279019	8625.67969	3307056396596	0.49519	0.27671	8625.57324	0.10645	12132	1	0.53126	0.29731	1	0.47794	0.25959	1	0.50460	0.27845	1	0.47435	0.52991	12.75793	1.06309	1	0.73498	0.54972	13.22096	1.06309	1	-0.00673	-0.00858	0.70633	0.00362	1	0.05865	-0.01187	0.65126	0.00399	1	1.45898	0.81042	0	
1279020	8625.68652	3307056463288	0.49569	0.27638	8625.57324	0.11328	12132	1	0.53036	0.28976	1	0.47830	0.25153	1	0.50433	0.27065	1	0.47435	0.52991	12.75793	1.07218	1	0.73462	0.55007	13.93243	1.07218	1	-0.00723	-0.00928	0.75886	0.00363	1	0.05865	-0.01187	0.65126	0.00401	1	1.45898	0.81042	0	
1279021	8625.69336	3307056530465	0.49576	0.27861	8625.57324	0.12012	12132	1	0.52895	0.32084	1	0.46506	0.31661	1	0.49700	0.31872	1	0.47424	0.52999	12.68445	1.07218	1	0.73478	0.55002	13.61200	1.07218	1	-0.00723	-0.00928	0.75886	0.00375	1	0.05865	-0.01187	0.65126	0.00400	1	1.45898	0.81042	0	
1279022	8625.70020	3307056597502	0.49605	0.28062	8625.57324	0.12695	12132	1	0.54255	0.36798	1	0.46036	0.26962	1	0.50146	0.31880	1	0.47447	0.53061	12.74901	1.07218	1	0.73465	0.55018	13.85128	1.07218	1	-0.00723	-0.00928	0.75886	0.00372	1	0.05865	-0.01187	0.65126	0.00387	1	1.45898	0.81042	0	
1279023	8625.70703	3307056664871	0.49632	0.28263	8625.57324	0.13379	12132	1	0.54336	0.37485	1	0.46033	0.27086	1	0.50185	0.32286	1	0.47484	0.53011	12.14913	1.06309	1	0.73583	0.55074	13.54109	1.07075	1	-0.00640	-0.00846	0.68795	0.00395	1	0.06078	-0.01234	0.67441	0.00370	1	1.45898	0.81042	0	
1279024	8625.71387	3307056731202	0.49731	0.28528	8625.57324	0.14062	12132	1	0.53313	0.33879	1	0.50273	0.34331	1	0.51793	0.34105	1	0.47475	0.53075	12.08072	1.06166	1	0.73585	0.55072	13.44336	1.06932	1	-0.00640	-0.00846	0.68795	0.00393	1	0.06078	-0.01234	0.67441	0.00362	1	1.45898	0.81042	0	
1279025	8625.72070	3307056798932	0.49781	0.28726	8625.57324	0.14746	12132	1	0.53217	0.32096	1	0.48581	0.34058	1	0.50899	0.33077	1	0.47481	0.53059	12.06520	1.06024	1	0.73556	0.55069	13.64941	1.06790	1	-0.00640	-0.00846	0.68795	0.00382	1	0.06078	-0.01234	0.67441	0.00363	1	1.45898	0.81042	0	
1279026	8625.72754	3307056865818	0.49828	0.28912	8625.57324	0.15430	12132	1	0.53231	0.32212	1	0.48574	0.34174	1	0.50902	0.33193	1	0.47487	0.53091	12.09404	1.05881	1	0.73568	0.55079	13.71088	1.06647	1	-0.00640	-0.00846	0.68795	0.00386	1	0.06078	-0.01239	0.67441	0.00361	1	1.45898	0.81042	0	
1279027	8625.73340	3307056932763	0.50728	0.31682	8625.57324	0.15430	12132	0	0.56089	0.32381	1	0.53046	0.36437	1	0.54567	0.34409	1	0.47484	0.53069	12.28181	1.06647	1	0.73585	0.55095	13.46946	1.06647	1	-0.00640	-0.00846	0.68795	0.00378	1	0.06078	-0.01239	0.67441	0.00378	1	1.45898	0.81042	0	
1279028	8625.74023	3307056998247	0.52764	0.33581	8625.57324	0.15430	12132	0	0.56537	0.34344	1	0.53065	0.36616	1	0.54801	0.35480	1	0.47487	0.53077	12.23878	1.06647	1	0.73586	0.55096	13.48447	1.06647	1	-0.00640	-0.00846	0.68795	0.00371	1	0.06078	-0.01239	0.67441	0.00378	1	1.45898	0.81042	0	
1279029	8625.74707	3307057067140	0.53456	0.34100	8625.57324	0.15430	12132	0	0.56537	0.34344	1	0.53141	0.35932	1	0.54839	0.35138	1	0.47481	0.53086	12.30435	1.06647	1	0.73572	0.55097	13.65228	1.07515	1	-0.00640	-0.00846	0.68795	0.00372	1	0.06324	-0.01283	0.70107	0.00374	1	1.45898	0.81042	0	
1279030	8625.75391	3307057133246	0.53517	0.33832	8625.73340	0.02051	12133	1	0.55937	0.34994	1	0.51464	0.31062	1	0.53701	0.33028	1	0.47478	0.53088	12.26845	1.07515	1	0.73561	0.55063	13.50247	1.08383	1	-0.00640	-0.00846	0.68795	0.00373	1	0.06324	-0.01283	0.70107	0.00357	1	1.45898	0.81042	0	
1279031	8625.76074	3307057200024	0.53607	0.32932	8625.73340	0.02734	12133	1	0.55519	0.30227	1	0.52416	0.28436	1	0.53967	0.29331	1	0.47477	0.53056	12.26370	1.08383	1	0.73571	0.55059	13.42745	1.09251	1	-0.00640	-0.00846	0.68795	0.00381	1	0.06324	-0.01283	0.70107	0.00363	1	1.45898	0.81042	0	
1279032	8625.76758	3307057267499	0.53661	0.32273	8625.73340	0.03418	12133	1	0.55451	0.29526	1	0.52416	0.28436	1	0.53934	0.28981	1	0.47479	0.53078	12.08090	1.09251	1	0.73555	0.55052	13.47407	1.09251	1	-0.00625	-0.00832	0.67259	0.00371	1	0.06162	-0.01256	0.68370	0.00358	1	1.45898	0.81042	0	SUBJECT_ONSET_LOG
1279033	8625.77344	3307057334213	0.53617	0.32148	8625.73340	0.04004	12133	1	0.55630	0.31732	1	0.51064	0.31064	1	0.53347	0.31398	1	0.47479	0.53069	12.20180	1.09251	1	0.73560	0.55053	13.65174	1.08383	1	-0.00625	-0.00832	0.67259	0.00375	1	0.06162	-0.01256	0.68370	0.00357	1	1.45898	0.81042	0	
1279034	8625.78027	3307057401287	0.53548	0.32090	8625.73340	0.04688	12133	1	0.55481	0.30534	1	0.50653	0.32835	1	0.53067	0.31685	1	0.47476	0.53065	12.08262	1.08383	1	0.73551	0.55058	13.58775	1.07515	1	-0.00625	-0.00832	0.67259	0.00375	1	0.06162	-0.01256	0.68370	0.00360	1	1.45898	0.81042	0	
1279035	8625.78711	3307057468530	0.53495	0.32123	8625.73340	0.05371	12133	1	0.55549	0.31233	1	0.50596	0.33542	1	0.53073	0.32388	1	0.47460	0.53071	11.78321	1.07515	1	0.73540	0.55060	13.64225	1.06647	1	-0.00652	-0.00854	0.68998	0.00374	1	0.06105	-0.01250	0.67742	0.00360	1	1.45898	0.81042	0	AUDIO_FILE_ONSET_LOG
1279036	8625.79395	3307057535866	0.53412	0.32375	8625.73340	0.06055	12133	1	0.55446	0.35881	1	0.49886	0.33399	1	0.52666	0.34640	1	0.47467	0.53097	11.94637	1.06647	1	0.73538	0.55069	13.74482	1.06647	1	-0.00652	-0.00854	0.68998	0.00368	1	0.06105	-0.01250	0.67742	0.00356	1	1.45898	0.81042	0	
1279037	8625.80078	3307057601972	0.53354	0.32421	8625.73340	0.06738	12133	1	0.53917	0.31662	1	0.51619	0.34094	1	0.52768	0.32878	1	0.47447	0.53048	11.46487	1.06647	1	0.73566	0.55094	13.28560	1.06647	1	-0.00652	-0.00854	0.68998	0.00378	1	0.06105	-0.01250	0.67742	0.00377	1	1.45898	0.81042	0	
1279038	8625.80762	3307057669772	0.53302	0.32423	8625.73340	0.07422	12133	1	0.53833	0.30927	1	0.51629	0.33978	1	0.52731	0.32453	1	0.47442	0.53122	12.48281	1.07556	1	0.73524	0.55087	13.28579	1.06790	1	-0.00723	-0.00939	0.75886	0.00355	1	0.05865	-0.01197	0.65126	0.00368	1	1.45898	0.81042	0	
1279039	8625.81445	3307057736230	0.52912	0.32869	8625.73340	0.08105	12133	1	0.51236	0.37851	1	0.45246	0.38583	1	0.48241	0.38217	1	0.47406	0.53124	12.25194	1.07698	1	0.73467	0.55113	13.03595	1.06932	1	-0.00723	-0.00939	0.75886	0.00366	1	0.05865	-0.01197	0.65126	0.00386	1	1.45898	0.81042	0	
1279040	8625.82129	3307057803166	0.52751	0.33032	8625.73340	0.08789	12133	1	0.51614	0.35158	1	0.49695	0.35141	1	0.50654	0.35149	1	0.47409	0.53108	11.78012	1.07841	1	0.73537	0.55092	13.62313	1.07075	1	-0.00723	-0.00939	0.75886	0.00359	1	0.05865	-0.01197	0.65126	0.00377	1	1.45898	0.81042	0	
1279041	8625.82715	3307057871084	0.52614	0.33193	8625.73340	0.09375	12133	1	0.51698	0.35746	1	0.49695	0.35141	1	0.50696	0.35444	1	0.47404	0.53125	12.14162	1.07075	1	0.73495	0.55113	13.22484	1.07075	1	-0.00654	-0.00848	0.68105	0.00372	1	0.06078	-0.01241	0.67553	0.00392	1	1.45898	0.81042	0	
1279042	8625.83398	3307057937258	0.52417	0.33383	8625.73340	0.10059	12133	1	0.52413	0.35734	1	0.46494	0.36746	1	0.49454	0.36240	1	0.47385	0.53090	12.14637	1.06166	1	0.73490	0.55121	12.77752	1.06932	1	-0.00654	-0.00848	0.68105	0.00358	1	0.06078	-0.01241	0.67553	0.00380	1	1.45898	0.81042	0	
1279043	8625.84082	3307058004192	0.52426	0.33378	8625.73340	0.10742	12133	1	0.54125	0.31480	1	0.51015	0.35127	1	0.52570	0.33303	1	0.47405	0.53050	12.38722	1.06024	1	0.73518	0.55080	13.10308	1.06790	1	-0.00654	-0.00848	0.68105	0.00367	1	0.06078	-0.01241	0.67553	0.00414	1	1.45898	0.81042	0	
1279044	8625.84766	3307058070328	0.52435	0.33361	8625.73340	0.11426	12133	1	0.54138	0.31596	1	0.51065	0.34547	1	0.52602	0.33072	1	0.47385	0.53078	12.10322	1.05881	1	0.73514	0.55087	13.27237	1.07515	1	-0.00654	-0.00848	0.68105	0.00358	1	0.06330	-0.01294	0.70411	0.00402	1	1.45898	0.81042	0	
1279045	8625.85449	3307058137761	0.52416	0.33507	8625.73340	0.12109	12133	1	0.55616	0.37611	1	0.48521	0.34629	1	0.52068	0.36120	1	0.47390	0.53116	12.21989	1.07515	1	0.73477	0.55099	13.65198	1.08383	1	-0.00654	-0.00848	0.68105	0.00356	1	0.06330	-0.01294	0.70411	0.00372	1	1.45898	0.81042	0	
1279046	8625.86133	3307058204775	0.52447	0.33513	8625.73340	0.12793	12133	1	0.54645	0.36184	1	0.51432	0.31087	1	0.53039	0.33636	1	0.47382	0.53125	12.58945	1.08383	1	0.73485	0.55058	13.78365	1.09251	1	-0.00654	-0.00848	0.68105	0.00353	1	0.06330	-0.01294	0.70411	0.00382	1	1.45898	0.81042	0	
1279047	8625.86719	3307058270503	0.52474	0.33503	8625.73340	0.13379	12133	1	0.54572	0.35530	1	0.51432	0.31087	1	0.53002	0.33309	1	0.47404	0.53134	12.34634	1.09251	1	0.73501	0.55009	13.48719	1.09251	1	-0.00667	-0.00851	0.68391	0.00355	1	0.05910	-0.01204	0.65795	0.00384	1	1.45898	0.81042	0	
1279048	8625.87402	3307058335896	0.52525	0.33561	8625.73340	0.14062	12133	1	0.55803	0.38073	1	0.51412	0.31473	1	0.53607	0.34773	1	0.47398	0.53136	12.48842	1.09251	1	0.73477	0.55069	13.84419	1.08383	1	-0.00667	-0.00851	0.68391	0.00356	1	0.05910	-0.01204	0.65795	0.00369	1	1.45898	0.81042	0	
1279049	8625.88086	3307058403485	0.52513	0.33572	8625.73340	0.14746	12133	1	0.55216	0.35519	1	0.49279	0.32110	1	0.52248	0.33814	1	0.47395	0.53120	12.34750	1.08383	1	0.73453	0.55060	13.95684	1.07515	1	-0.00667	-0.00851	0.68391	0.00359	1	0.05910	-0.01204	0.65795	0.00366	1	1.45898	0.81042	0	
1279050	8625.88770	3307058470071	0.52502	0.33624	8625.73340	0.15430	12133	1	0.55286	0.36178	1	0.49193	0.33451	1	0.52240	0.34814	1	0.47348	0.53142	12.71925	1.07515	1	0.73453	0.55051	14.12109	1.05881	1	-0.00672	-0.00845	0.67854	0.00348	1	0.05941	-0.01211	0.66188	0.00367	1	1.45898	0.81042	0	
1279051	8625.89453	3307058538097	0.52460	0.33738	8625.73340	0.16113	12133	1	0.54622	0.38385	1	0.48292	0.34593	1	0.51457	0.36489	1	0.47375	0.53138	12.03919	1.05881	1	0.73436	0.55068	13.66039	1.05115	1	-0.00672	-0.00845	0.67854	0.00359	1	0.05941	-0.01211	0.66188	0.00356	1	1.45898	0.81042	0	
1279052	8625.90137	3307058604296	0.52354	0.33929	8625.73340	0.16797	12133	1	0.52155	0.42186	1	0.47245	0.35200	1	0.49700	0.38693	1	0.47333	0.53140	12.43633	1.05115	1	0.73429	0.55062	13.46147	1.04349	1	-0.00672	-0.00845	0.67854	0.00358	1	0.05941	-0.01211	0.66188	0.00372	1	1.45898	0.81042	0	
1279053	8625.90723	3307058671061	0.52257	0.34116	8625.73340	0.17383	12133	1	0.52238	0.42738	1	0.47245	0.35200	1	0.49741	0.38969	1	0.47332	0.53130	12.19645	1.04349	1	0.73433	0.55042	13.55451	1.04349	1	-0.00672	-0.00845	0.67854	0.00366	1	0.06042	-0.01233	0.67378	0.00382	1	1.45898	0.81042	0	
1279054	8625.91406	3307058736989	0.52173	0.34160	8625.73340	0.18066	12133	1	0.52081	0.39334	1	0.47726	0.31360	1	0.49903	0.35347	1	0.47334	0.53118	12.23945	1.04349	1	0.73429	0.55035	13.42773	1.05115	1	-0.00672	-0.00845	0.67854	0.00361	1	0.06042	-0.01233	0.67378	0.00384	1	1.45898	0.81042	0	
1279055	8625.92090	3307058804960	0.52145	0.34107	8625.73340	0.18750	12133	1	0.54113	0.32972	1	0.48620	0.32308	1	0.51367	0.32640	1	0.47327	0.53063	12.03456	1.05115	1	0.73433	0.55042	13.55451	1.05881	1	-0.00672	-0.00845	0.67854	0.00390	1	0.06042	-0.01233	0.67378	0.00382	1	1.45898	0.81042	0	
1279056	8625.92773	3307058871670	0.52119	0.34025	8625.73340	0.19434	12133	1	0.54042	0.32353	1	0.48698	0.30951	1	0.51370	0.31652	1	0.47321	0.53047	11.92083	1.05881	1	0.73433	0.54998	13.16923	1.07515	1	-0.00669	-0.00837	0.67599	0.00395	1	0.06251	-0.01277	0.69766	0.00401	1	1.45898	0.81042	0	
1279057	8625.93457	3307058939410	0.52069	0.33846	8625.73340	0.20117	12133	1	0.52523	0.30634	1	0.48582	0.26304	1	0.50552	0.28469	1	0.47307	0.53045	11.90695	1.07515	1	0.73434	0.55012	13.06208	1.08383	1	-0.00669	-0.00837	0.67599	0.00390	1	0.06251	-0.01277	0.69766	0.00398	1	1.45898	0.81042	0	
1279058	8625.94141	3307059009726	0.52051	0.33679	8625.73340	0.20801	12133	1	0.51766	0.32459	1	0.51254	0.24524	1	0.51510	0.28492	1	0.47300	0.53072	11.86113	1.08383	1	0.73437	0.55009	13.03386	1.09251	1	-0.00669	-0.00837	0.67599	0.00390	1	0.06251	-0.01277	0.69766	0.00400	1	1.45898	0.81042	0	
1279059	8625.94824	3307059075615	0.52034	0.33500	8625.73340	0.21484	12133	1	0.51673	0.31774	1	0.51313	0.23761	1	0.51493	0.27767	1	0.47327	0.53077	12.24041	1.09251	1	0.73434	0.54999	13.02231	1.10119	1	-0.00672	-0.00845	0.67854	0.00355	1	0.06251	-0.01277	0.69766	0.00403	1	1.45898	0.81042	0	
1279060	8625.95410	3307059140929	0.52003	0.33312	8625.73340	0.22070	12133	1	0.53172	0.30171	1	0.48770	0.24093	1	0.50971	0.27132	1	0.47328	0.53061	12.02248	1.10119	1	0.73440	0.54999	13.18443	1.10119	1	-0.00672	-0.00845	0.67854	0.00394	1	0.06251	-0.01277	0.69766	0.00407	1	1.45898	0.81042	0	
1279061	8625.96191	3307059209685	0.52007	0.33225	8625.73340	0.22852	12133	1	0.53172	0.30171	1	0.51126	0.30302	1	0.52149	0.30236	1	0.47326	0.53058	12.00353	1.10119	1	0.73447	0.55067	13.73244	1.10119	1	-0.00672	-0.00845	0.67854	0.00396	1	0.06251	-0.01277	0.69766	0.00372	1	1.45898	0.81042	0	
1279062	8625.96777	3307059277517	0.52011	0.33142	8625.73340	0.23438	12133	1	0.53172	0.30171	1	0.51126	0.30302	1	0.52149	0.30236	1	0.47331	0.53100	12.15320	1.10119	1	0.73441	0.55059	13.57993	1.10119	1	-0.00672	-0.00835	0.67855	0.00371	1	0.06352	-0.01292	0.70885	0.00369	1	1.45898	0.81042	0	
1279063	8625.97461	3307059344270	0.52083	0.33073	8625.73340	0.24121	12133	1	0.55279	0.31258	1	0.54062	0.29957	1	0.54670	0.30608	1	0.47320	0.53077	12.15939	1.10119	1	0.73434	0.55063	13.26051	1.10119	1	-0.00672	-0.00835	0.67855	0.00393	1	0.06352	-0.01292	0.70885	0.00377	1	1.45898	0.81042	0	
1279064	8625.98145	3307059411257	0.52144	0.33013	8625.73340	0.24805	12133	1	0.56465	0.34291	1	0.52364	0.27262	1	0.54414	0.30776	1	0.47332	0.53078	12.36813	1.10119	1	0.73415	0.54988	13.49200	1.10119	1	-0.00672	-0.00835	0.67855	0.00350	1	0.06352	-0.01292	0.70885	0.00376	1	1.45898	0.81042	0	
1279065	8625.98828	3307059478537	0.52075	0.30341	8625.73340	0.24805	12133	0	0.56402	0.33602	1	0.52307	0.27877	1	0.54355	0.30739	1	0.47247	0.52983	12.12856	1.11028	1	0.73341	0.54964	13.01164	1.09394	1	-0.00707	-0.00867	0.70882	0.00396	1	0.05938	-0.01195	0.66381	0.00395	1	1.45898	0.81042	0	
1279066	8625.99512	3307059544659	0.50809	0.29148	8625.73340	0.24805	12133	0	0.51159	0.29204	1	0.47926	0.26705	1	0.49543	0.27954	1	0.47256	0.52986	12.30468	1.10302	1	0.73345	0.54911	13.44051	1.08668	1	-0.00707	-0.00867	0.70882	0.00357	1	0.05938	-0.01195	0.66381	0.00371	1	1.45898	0.81042	0	
1279067	8626.00195	3307059610094	0.50222	0.28995	8625.73340	0.24805	12133	0	0.51112	0.27869	1	0.46983	0.29512	1	0.49047	0.28690	1	0.47256	0.52986	12.30468	1.09577	1	0.73340	0.54927	13.28359	1.07943	1	-0.00707	-0.00867	0.70882	0.00357	1	0.05938	-0.01195	0.66381	0.00376	1	1.45898	0.81042	0	
1279068	8626.00879	3307059678243	0.49948	0.29178	8625.98828	0.02051	12134	1	0.51295	0.29214	1	0.46955	0.30240	1	0.49125	0.29727	1	0.47281	0.53003	13.28644	1.07943	1	0.73333	0.54895	13.39764	1.07075	1	-0.00672	-0.00824	0.67855	0.00364	1	0.06094	-0.01227	0.68185	0.00374	1	1.45898	0.81042	0	
1279069	8626.01465	3307059745685	0.49507	0.29088	8625.98828	0.02637	12134	1	0.50480	0.30567	1	0.45007	0.26883	1	0.47743	0.28725	1	0.47240	0.52971	12.17079	1.06166	1	0.73300	0.54894	13.87811	1.06932	1	-0.00672	-0.00824	0.67855	0.00372	1	0.06094	-0.01227	0.68185	0.00415	1	1.45898	0.81042	0	
1279070	8626.02148	3307059812639	0.49572	0.29188	8625.98828	0.03320	12134	1	0.53770	0.31738	1	0.46026	0.27638	1	0.49898	0.29688	1	0.47292	0.52989	12.91653	1.06024	1	0.73310	0.54882	13.67977	1.06790	1	-0.00672	-0.00824	0.67855	0.00365	1	0.06094	-0.01227	0.68185	0.00406	1	1.45898	0.81042	0	
1279071	8626.02832	3307059879427	0.49618	0.29324	8625.98828	0.04004	12134	1	0.53784	0.31854	1	0.46005	0.28424	1	0.49894	0.30139	1	0.47262	0.52959	12.47170	1.05881	1	0.73326	0.54882	13.59848	1.05881	1	-0.00672	-0.00824	0.67855	0.00366	1	0.05938	-0.01195	0.66381	0.00400	1	1.45898	0.81042	0	
1279072	8626.03516	3307059947064	0.49571	0.29531	8625.98828	0.04688	12134	1	0.52717	0.30560	1	0.45763	0.31410	1	0.49240	0.30985	1	0.47270	0.52961	12.48359	1.05881	1	0.73311	0.54914	14.13979	1.05115	1	-0.00672	-0.00824	0.67855	0.00373	1	0.05938	-0.01195	0.66381	0.00401	1	1.45898	0.81042	0	
1279073	8626.04199	3307060013700	0.49603	0.29751	8625.98828	0.05371	12134	1	0.53111	0.32603	1	0.46616	0.30420	1	0.49864	0.31511	1	0.47279	0.53003	13.01700	1.05115	1	0.73331	0.54906	13.74721	1.04349	1	-0.00672	-0.00824	0.67855	0.00364	1	0.05938	-0.01195	0.66381	0.00397	1	1.45898	0.81042	0	
1279074	8626.04883	3307060080688	0.49632	0.29991	8625.98828	0.06055	12134	1	0.53188	0.33225	1	0.46594	0.31078	1	0.49891	0.32151	1	0.47267	0.52969	12.69977	1.04349	1	0.73325	0.54899	13.76584	1.03583	1	-0.00672	-0.00824	0.67855	0.00379	1	0.05938	-0.01195	0.66381	0.00399	1	1.45898	0.81042	0	
1279075	8626.05566	3307060146988	0.49644	0.30323	8625.98828	0.06738	12134	1	0.53274	0.34869	1	0.46257	0.32420	1	0.49766	0.33645	1	0.47278	0.53016	13.58609	1.03583	1	0.73318	0.54934	14.03669	1.03583	1	-0.00672	-0.00824	0.67855	0.00357	1	0.05938	-0.01195	0.66381	0.00380	1	1.45898	0.81042	0	
1279076	8626.06152	3307060214467	0.49529	0.30427	8625.98828	0.07324	12134	1	0.51151	0.31097	1	0.45369	0.32027	1	0.48260	0.31562	1	0.47243	0.52977	12.48763	1.03583	1	0.73304	0.54927	13.87354	1.03583	1	-0.00672	-0.00824	0.67855	0.00373	1	0.05938	-0.01195	0.66381	0.00385	1	1.45898	0.81042	0	
1279077	8626.06836	3307060281880	0.49428	0.30455	8625.98828	0.08008	12134	1	0.51044	0.30334	1	0.45385	0.31256	1	0.48215	0.30795	1	0.47240	0.52951	12.10153	1.04492	1	0.73312	0.54896	13.88199	1.04492	1	-0.00716	-0.00859	0.70740	0.00375	1	0.05938	-0.01195	0.66381	0.00409	1	1.45898	0.81042	0	
1279078	8626.07520	3307060347671	0.49422	0.30623	8625.98828	0.08691	12134	1	0.53026	0.36512	1	0.45654	0.29090	1	0.49340	0.32801	1	0.47273	0.53035	12.88356	1.05400	1	0.73312	0.54919	13.78245	1.05400	1	-0.00716	-0.00859	0.70740	0.00359	1	0.05938	-0.01195	0.66381	0.00385	1	1.45898	0.81042	0	
1279079	8626.08203	3307060415836	0.49300	0.30506	8625.98828	0.09375	12134	1	0.49332	0.27578	1	0.45864	0.30162	1	0.47598	0.28870	1	0.47228	0.52955	12.10579	1.06309	1	0.73312	0.54896	13.88199	1.06309	1	-0.00716	-0.00859	0.70740	0.00390	1	0.05938	-0.01195	0.66381	0.00408	1	1.45898	0.81042	0	
1279080	8626.08887	3307060483349	0.49187	0.30300	8625.98828	0.10059	12134	1	0.49081	0.25918	1	0.45907	0.28517	1	0.47494	0.27217	1	0.47227	0.52968	12.24587	1.08256	1	0.73319	0.54893	13.61594	1.08256	1	-0.00730	-0.00883	0.72677	0.00387	1	0.05938	-0.01195	0.66381	0.00404	1	1.45898	0.81042	0	
1279081	8626.09570	3307060550269	0.49143	0.29990	8625.98828	0.10742	12134	1	0.49151	0.24969	1	0.47722	0.25071	1	0.48437	0.25020	1	0.47230	0.52954	11.88057	1.09294	1	0.73338	0.54910	13.41426	1.09294	1	-0.00730	-0.00883	0.72677	0.00389	1	0.05938	-0.01195	0.66381	0.00386	1	1.45898	0.81042	0	
1279082	8626.10254	3307060616576	0.49167	0.29515	8625.98828	0.11426	12134	1	0.51188	0.17830	1	0.47976	0.25065	1	0.49582	0.21447	1	0.47257	0.52879	12.09873	1.10333	1	0.73338	0.54910	13.41426	1.10333	1	-0.00730	-0.00883	0.72677	0.00404	1	0.05938	-0.01195	0.66381	0.00387	1	1.45898	0.81042	0	
1279083	8626.10840	3307060683368	0.49192	0.29115	8625.98828	0.12012	12134	1	0.51287	0.18655	1	0.47970	0.25188	1	0.49629	0.21921	1	0.47252	0.52921	12.22862	1.09424	1	0.73339	0.54883	13.20746	1.10190	1	-0.00672	-0.00824	0.67855	0.00391	1	0.06042	-0.01215	0.67489	0.00405	1	1.45898	0.81042	0	
1279084	8626.11523	3307060749113	0.49149	0.28935	8625.98828	0.12695	12134	1	0.49442	0.27118	1	0.47242	0.23884	1	0.48342	0.25501	1	0.47223	0.52956	12.02303	1.08243	1	0.73334	0.54876	13.46052	1.09009	1	-0.00672	-0.00824	0.67855	0.00383	1	0.06042	-0.01215	0.67489	0.00403	1	1.45898	0.81042	0	
1279085	8626.12207	3307060817324	0.49132	0.28616	8625.98828	0.13379	12134	1	0.49877	0.20100	1	0.47684	0.24387	1	0.48780	0.22243	1	0.47237	0.52918	12.02378	1.07062	1	0.73339	0.54885	13.36701	1.07828	1	-0.00672	-0.00824	0.67855	0.00393	1	0.06042	-0.01215	0.67489	0.00402	1	1.45898	0.81042	0	
1279086	8626.12891	3307060883974	0.49118	0.28375	8625.98828	0.14062	12134	1	0.50023	0.21182	1	0.47639	0.25436	1	0.48831	0.23309	1	0.47279	0.52908	12.34087	1.05881	1	0.73357	0.54894	13.42959	1.06647	1	-0.00672	-0.00824	0.67855	0.00379	1	0.06042	-0.01215	0.67489	0.00394	1	1.45898	0.81042	0	
1279087	8626.13574	3307060951108	0.49191	0.28415	8625.98828	0.14746	12134	1	0.53403	0.31177	1	0.48213	0.27413	1	0.50808	0.29295	1	0.47282	0.52989	12.26866	1.06647	1	0.73356	0.54881	13.19861	1.06647	1	-0.00672	-0.00824	0.67855	0.00365	1	0.06042	-0.01215	0.67489	0.00400	1	1.45898	0.81042	0	
1279088	8626.14258	3307061016484	0.49236	0.28416	8625.98828	0.15430	12134	1	0.51941	0.29972	1	0.48594	0.26920	1	0.50267	0.28446	1	0.47254	0.52983	11.85080	1.06647	1	0.73350	0.54900	13.20006	1.06647	1	-0.00672	-0.00824	0.67855	0.00349	1	0.06042	-0.01215	0.67489	0.00392	1	1.45898	0.81042	0	
1279089	8626.14844	3307061081653	0.49277	0.28417	8625.98828	0.16016	12134	1	0.51941	0.29972	1	0.48594	0.26920	1	0.50267	0.28446	1	0.47254	0.52825	11.86375	1.06647	1	0.73341	0.54947	13.31979	1.06647	1	-0.00672	-0.00824	0.67855	0.00389	1	0.06042	-0.01215	0.67489	0.00375	1	1.45898	0.81042	0	
1279090	8626.15527	3307061145411	0.49193	0.25705	8625.98828	0.16016	12134	0	0.53513	0.22591	1	0.47044	0.30896	1	0.50278	0.26744	1	0.47294	0.52871	11.55885	1.06647	1	0.73338	0.54928	13.40651	1.06647	1	-0.00672	-0.00824	0.67855	0.00383	1	0.06042	-0.01215	0.67489	0.00368	1	1.45898	0.81042	0	
1279091	8626.16211	3307061215743	0.49447	0.26659	8625.98828	0.16016	12134	0	0.51685	0.25804	1	0.47717	0.29423	1	0.49701	0.27613	1	0.47298	0.52886	11.71115	1.06647	1	0.73349	0.54920	12.87598	1.06647	1	-0.00672	-0.00824	0.67855	0.00381	1	0.06042	-0.01215	0.67489	0.00384	1	1.45898	0.81042	0	
1279092	8626.16895	3307061283483	0.49527	0.27086	8625.98828	0.16016	12134	0	0.51685	0.25804	1	0.47687	0.30075	1	0.49686	0.27939	1	0.47306	0.52917	11.67825	1.06647	1	0.73363	0.54842	12.54305	1.05881	1	-0.00672	-0.00824	0.67855	0.00365	1	0.05913	-0.01188	0.65993	0.00396	1	1.45898	0.81042	0	
1279093	8626.17578	3307061348869	0.49907	0.27217	8626.15527	0.02051	12135	1	0.52638	0.28299	1	0.49458	0.26923	1	0.51048	0.27611	1	0.47316	0.52946	12.17089	1.05881	1	0.73376	0.54871	12.46248	1.05115	1	-0.00672	-0.00824	0.67855	0.00351	1	0.05913	-0.01188	0.65993	0.00397	1	1.45898	0.81042	0	
1279094	8626.18262	3307061417713	0.49994	0.27980	8626.15527	0.02734	12135	1	0.52225	0.33700	1	0.48461	0.28366	1	0.50343	0.31033	1	0.47306	0.52957	11.92545	1.05115	1	0.73356	0.54885	12.63666	1.04349	1	-0.00672	-0.00824	0.67855	0.00350	1	0.05913	-0.01188	0.65993	0.00414	1	1.45898	0.81042	0	
1279095	8626.18945	3307061488524	0.50056	0.28597	8626.15527	0.03418	12135	1	0.52308	0.34314	1	0.48425	0.29041	1	0.50367	0.31677	1	0.47286	0.52755	12.24704	1.04349	1	0.73345	0.54794	12.76410	1.03583	1	-0.00669	-0.00816	0.67599	0.00249	1	0.05913	-0.01178	0.65993	0.00412	1	1.45898	0.81042	0	
1279096	8626.19531	3307061550050	0.50141	0.28618	8626.15527	0.04004	12135	1	0.53847	0.34925	1	0.47447	0.22562	1	0.50647	0.28743	1	0.47325	0.52944	12.30079	1.03583	1	0.73339	0.54805	12.79328	1.03583	1	-0.00669	-0.00816	0.67599	0.00372	1	0.05913	-0.01178	0.65993	0.00411	1	1.45898	0.81042	0	
1279097	8626.20215	3307061618503	0.50090	0.27727	8626.15527	0.04688	12135	1	0.52100	0.18436	1	0.47367	0.24557	1	0.49733	0.21497	1	0.47293	0.52765	12.56555	1.03583	1	0.73338	0.54841	13.28574	1.03583	1	-0.00669	-0.00816	0.67599	0.00250	1	0.05913	-0.01178	0.65993	0.00407	1	1.45898	0.81042	0	
1279098	8626.20898	3307061685131	0.50052	0.26996	8626.15527	0.05371	12135	1	0.52100	0.18436	1	0.47395	0.23850	1	0.49747	0.21143	1	0.47336	0.52940	12.14615	1.03583	1	0.73352	0.54842	12.90573	1.04349	1	-0.00669	-0.00816	0.67599	0.00358	1	0.06042	-0.01208	0.67378	0.00395	1	1.45898	0.81042	0	
1279099	8626.21582	3307061755078	0.50055	0.26677	8626.15527	0.06055	12135	1	0.51494	0.18623	1	0.48680	0.28999	1	0.50087	0.23811	1	0.47293	0.52765	12.56555	1.04349	1	0.73360	0.54897	13.21144	1.05115	1	-0.00669	-0.00816	0.67599	0.00250	1	0.06042	-0.01208	0.67378	0.00375	1	1.45898	0.81042	0	
1279100	8626.22266	3307061822007	0.50046	0.26059	8626.15527	0.06738	12135	1	0.51129	0.15943	1	0.48782	0.23801	1	0.49956	0.19872	1	0.47290	0.52767	12.57674	1.05115	1	0.73353	0.54844	12.86911	1.05881	1	-0.00669	-0.00816	0.67599	0.00247	1	0.06042	-0.01208	0.67378	0.00394	1	1.45898	0.81042	0	
1279101	8626.22949	3307061889078	0.50035	0.25512	8626.15527	0.07422	12135	1	0.51041	0.15199	1	0.48782	0.23801	1	0.49911	0.19500	1	0.47290	0.52770	12.50565	1.05881	1	0.73350	0.54875	13.09033	1.05881	1	-0.00669	-0.00816	0.67599	0.00248	1	0.05913	-0.01188	0.65993	0.00387	1	1.45898	0.81042	0	
1279102	8626.23633	3307061956979	0.49885	0.25292	8626.15527	0.08105	12135	1	0.48196	0.17986	1	0.47975	0.27326	1	0.48085	0.22656	1	0.47289	0.52772	12.48337	1.05881	1	0.73351	0.54890	12.64851	1.05115	1	-0.00669	-0.00816	0.67599	0.00248	1	0.05913	-0.01188	0.65993	0.00389	1	1.45898	0.81042	0	
1279103	8626.24316	3307062022569	0.49858	0.25196	8626.15527	0.08789	12135	1	0.51561	0.18201	1	0.47446	0.29672	1	0.49503	0.23937	1	0.47290	0.52767	12.57674	1.05115	1	0.73340	0.54904	13.34294	1.04349	1	-0.00669	-0.00816	0.67599	0.00247	1	0.05913	-0.01188	0.65993	0.00381	1	1.45898	0.81042	0	
1279104	8626.24902	3307062086684	0.49837	0.25136	8626.15527	0.09375	12135	1	0.51646	0.18929	1	0.47446	0.29672	1	0.49546	0.24300	1	0.47290	0.52767	12.57674	1.04349	1	0.73344	0.54871	12.89146	1.04349	1	-0.00669	-0.00816	0.67599	0.00247	1	0.06042	-0.01210	0.67489	0.00383	1	1.45898	0.81042	0	
1279105	8626.25586	3307062156867	0.49879	0.25426	8626.15527	0.10059	12135	1	0.54434	0.31145	1	0.46576	0.28398	1	0.50505	0.29771	1	0.47338	0.52934	11.99706	1.04349	1	0.73325	0.54898	13.30179	1.05115	1	-0.00669	-0.00816	0.67599	0.00359	1	0.06042	-0.01210	0.67489	0.00387	1	1.45898	0.81042	0	
1279106	8626.26270	3307062224038	0.49895	0.25154	8626.15527	0.10742	12135	1	0.51610	0.16108	1	0.48711	0.25524	1	0.50161	0.20816	1	0.47289	0.52770	12.52013	1.05115	1	0.73355	0.54874	13.08131	1.05881	1	-0.00669	-0.00816	0.67599	0.00247	1	0.06042	-0.01210	0.67489	0.00382	1	1.45898	0.81042	0	
1279107	8626.26953	3307062287101	0.49909	0.24874	8626.15527	0.11426	12135	1	0.51525	0.15365	1	0.48748	0.24839	1	0.50137	0.20102	1	0.47289	0.52770	12.52013	1.05881	1	0.73353	0.54835	12.98249	1.06647	1	-0.00672	-0.00824	0.67855	0.00247	1	0.06042	-0.01215	0.67489	0.00396	1	1.45898	0.81042	0	
1279108	8626.27637	3307062354804	0.49894	0.24553	8626.15527	0.12109	12135	1	0.50712	0.16889	1	0.48563	0.20663	1	0.49637	0.18776	1	0.47285	0.52770	12.04467	1.06647	1	0.73352	0.54828	12.90692	1.06647	1	-0.00672	-0.00824	0.67855	0.00251	1	0.06042	-0.01215	0.67489	0.00394	1	1.45898	0.81042	0	
1279109	8626.28223	3307062422178	0.49895	0.24238	8626.15527	0.12695	12135	1	0.51422	0.14403	1	0.48394	0.22126	1	0.49908	0.18264	1	0.47297	0.52771	12.53043	1.06647	1	0.73350	0.54847	13.07364	1.06647	1	-0.00672	-0.00824	0.67855	0.00245	1	0.06042	-0.01215	0.67489	0.00392	1	1.45898	0.81042	0	
1279110	8626.28906	3307062487532	0.49896	0.23954	8626.15527	0.13379	12135	1	0.51422	0.14403	1	0.48394	0.22126	1	0.49908	0.18264	1	0.47293	0.52770	12.34525	1.06647	1	0.73354	0.54840	12.93146	1.06647	1	-0.00672	-0.00824	0.67855	0.00244	1	0.06042	-0.01210	0.67489	0.00394	1	1.45898	0.81042	0	
1279111	8626.29590	3307062558620	0.49866	0.23690	8626.15527	0.14062	12135	1	0.49619	0.14785	1	0.48866	0.21524	1	0.49242	0.18154	1	0.47272	0.52759	12.28359	1.06647	1	0.73359	0.54830	12.98288	1.06647	1	-0.00672	-0.00824	0.67855	0.00254	1	0.06042	-0.01210	0.67489	0.00402	1	1.45898	0.81042	0	
1279112	8626.30273	3307062624566	0.49829	0.23378	8626.15527	0.14746	12135	1	0.49824	0.10327	1	0.48197	0.22692	1	0.49011	0.16509	1	0.47278	0.52757	12.13573	1.06647	1	0.73348	0.54807	12.77357	1.06647	1	-0.00672	-0.00824	0.67855	0.00248	1	0.06042	-0.01210	0.67489	0.00403	1	1.45898	0.81042	0	
1279113	8626.30957	3307062689593	0.49795	0.23092	8626.15527	0.15430	12135	1	0.49824	0.10327	1	0.48197	0.22692	1	0.49011	0.16509	1	0.47292	0.52765	12.61681	1.06647	1	0.73350	0.54806	12.71008	1.06647	1	-0.00672	-0.00824	0.67855	0.00252	1	0.06042	-0.01205	0.67489	0.00403	1	1.45898	0.81042	0	
1279114	8626.31641	3307062757871	0.49706	0.20412	8626.15527	0.15430	12135	0	0.52644	0.17082	1	0.47171	0.21992	1	0.49908	0.19537	1	0.47276	0.52789	12.49343	1.06647	1	0.73332	0.54833	12.95547	1.06647	1	-0.00672	-0.00824	0.67855	0.00248	1	0.06042	-0.01205	0.67489	0.00422	1	1.45898	0.81042	0	
1279115	8626.32324	3307062822962	0.49924	0.19291	8626.15527	0.15430	12135	0	0.53205	0.14973	1	0.47079	0.21369	1	0.50142	0.18171	1	0.47290	0.52780	12.23354	1.06647	1	0.73330	0.54837	12.93836	1.06647	1	-0.00672	-0.00824	0.67855	0.00255	1	0.06042	-0.01205	0.67489	0.00422	1	1.45898	0.81042	0	
1279116	8626.33008	3307062893857	0.49992	0.19036	8626.15527	0.15430	12135	0	0.53205	0.14973	1	0.47053	0.22078	1	0.50129	0.18526	1	0.47274	0.52771	12.06910	1.06647	1	0.73351	0.54791	12.57381	1.05881	1	-0.00672	-0.00824	0.67855	0.00247	1	0.05938	-0.01185	0.66381	0.00420	1	1.45898	0.81042	0	
1279117	8626.33691	3307062960699	0.49857	0.20027	8626.31641	0.02051	12136	1	0.52455	0.16526	1	0.46444	0.29475	1	0.49449	0.23000	1	0.47274	0.52774	12.22144	1.05881	1	0.73328	0.54844	12.98350	1.05115	1	-0.00672	-0.00824	0.67855	0.00246	1	0.05938	-0.01185	0.66381	0.00415	1	1.45898	0.81042	0	
1279118	8626.34277	3307063027713	0.49831	0.19403	8626.31641	0.02637	12136	1	0.51634	0.13283	1	0.47820	0.20534	1	0.49727	0.16909	1	0.47261	0.52768	12.13443	1.05115	1	0.73349	0.54807	12.75220	1.04349	1	-0.00672	-0.00824	0.67855	0.00238	1	0.05938	-0.01185	0.66381	0.00416	1	1.45898	0.81042	0	
1279119	8626.34961	3307063094757	0.49818	0.19112	8626.31641	0.03320	12136	1	0.51719	0.14047	1	0.47789	0.21265	1	0.49754	0.17656	1	0.47256	0.52773	12.36017	1.04349	1	0.73353	0.54818	12.98934	1.03583	1	-0.00672	-0.00824	0.67855	0.00240	1	0.05938	-0.01185	0.66381	0.00420	1	1.45898	0.81042	0	
1279120	8626.35645	3307063162170	0.49610	0.20172	8626.31641	0.04004	12136	1	0.50535	0.24206	1	0.46191	0.28860	1	0.48363	0.26533	1	0.47233	0.52879	11.64064	1.03583	1	0.73315	0.54896	13.55237	1.03583	1	-0.00672	-0.00824	0.67855	0.00391	1	0.05938	-0.01185	0.66381	0.00407	1	1.45898	0.81042	0	
1279121	8626.36328	3307063228085	0.49602	0.21027	8626.31641	0.04688	12136	1	0.51720	0.25015	1	0.47366	0.28998	1	0.49543	0.27006	1	0.47259	0.52900	11.27466	1.03583	1	0.73341	0.54841	13.12588	1.03583	1	-0.00672	-0.00824	0.67855	0.00384	1	0.05938	-0.01185	0.66381	0.00419	1	1.45898	0.81042	0	
1279122	8626.37012	3307063295115	0.49597	0.21654	8626.31641	0.05371	12136	1	0.51720	0.25015	1	0.47394	0.28324	1	0.49557	0.26669	1	0.47242	0.52908	11.32890	1.03583	1	0.73306	0.54888	13.42906	1.04349	1	-0.00676	-0.00817	0.67253	0.00394	1	0.06094	-0.01217	0.68185	0.00417	1	1.45898	0.81042	0	
1279123	8626.37695	3307063360928	0.49538	0.22191	8626.31641	0.06055	12136	1	0.50207	0.31998	1	0.47813	0.22055	1	0.49010	0.27027	1	0.47228	0.52983	11.71613	1.04349	1	0.73341	0.54824	12.85759	1.05115	1	-0.00676	-0.00817	0.67253	0.00362	1	0.06094	-0.01217	0.68185	0.00411	1	1.45898	0.81042	0	
1279124	8626.38379	3307063429636	0.49528	0.21701	8626.31641	0.06738	12136	1	0.50849	0.13555	1	0.47995	0.20056	1	0.49422	0.16805	1	0.47252	0.52766	12.25986	1.05115	1	0.73349	0.54821	12.58168	1.05881	1	-0.00676	-0.00817	0.67253	0.00241	1	0.06094	-0.01217	0.68185	0.00408	1	1.45898	0.81042	0	
1279125	8626.39062	3307063497269	0.49516	0.21231	8626.31641	0.07422	12136	1	0.50759	0.12792	1	0.48027	0.19332	1	0.49393	0.16062	1	0.47244	0.52763	12.34049	1.05881	1	0.73331	0.54852	12.79547	1.06647	1	-0.00676	-0.00817	0.67253	0.00244	1	0.06094	-0.01217	0.68185	0.00416	1	1.45898	0.81042	0	
1279126	8626.39648	3307063564237	0.49470	0.21103	8626.31641	0.08008	12136	1	0.50871	0.12617	1	0.46953	0.26506	1	0.48912	0.19562	1	0.47236	0.52781	12.33849	1.06647	1	0.73330	0.54877	12.86061	1.06647	1	-0.00676	-0.00817	0.67253	0.00238	1	0.06094	-0.01217	0.68185	0.00389	1	1.45898	0.81042	0	
1279127	8626.40332	3307063630478	0.49336	0.20939	8626.31641	0.08691	12136	1	0.49784	0.12976	1	0.45400	0.24652	1	0.47592	0.18814	1	0.47239	0.52778	12.25772	1.06647	1	0.73301	0.54848	12.16512	1.06647	1	-0.00676	-0.00817	0.67253	0.00244	1	0.06094	-0.01217	0.68185	0.00401	1	1.45898	0.81042	0	
1279128	8626.41016	3307063697218	0.49216	0.20741	8626.31641	0.09375	12136	1	0.49672	0.12079	1	0.45417	0.23841	1	0.47544	0.17960	1	0.47236	0.52790	12.22160	1.07556	1	0.73314	0.54874	12.51574	1.07556	1	-0.00716	-0.00859	0.70740	0.00244	1	0.06094	-0.01217	0.68185	0.00416	1	1.45898	0.81042	0	
1279129	8626.41699	3307063765439	0.49118	0.20314	8626.31641	0.10059	12136	1	0.49367	0.10161	1	0.45909	0.17676	1	0.47638	0.13918	1	0.47233	0.52779	12.41539	1.08464	1	0.73305	0.54829	12.33512	1.08464	1	-0.00716	-0.00859	0.70740	0.00244	1	0.06094	-0.01217	0.68185	0.00409	1	1.45898	0.81042	0	
1279130	8626.42383	3307063832464	0.49077	0.20183	8626.31641	0.10742	12136	1	0.49559	0.11504	1	0.47284	0.24647	1	0.48421	0.18075	1	0.47238	0.52788	12.33323	1.09373	1	0.73332	0.54887	13.13404	1.09373	1	-0.00716	-0.00859	0.70740	0.00241	1	0.06094	-0.01217	0.68185	0.00383	1	1.45898	0.81042	0	
1279131	8626.43066	3307063898669	0.49040	0.20066	8626.31641	0.11426	12136	1	0.49559	0.11504	1	0.47284	0.24647	1	0.48421	0.18075	1	0.47246	0.52802	12.09610	1.09373	1	0.73306	0.54841	12.26741	1.09373	1	-0.00691	-0.00824	0.67808	0.00245	1	0.06094	-0.01217	0.68185	0.00403	1	1.45898	0.81042	0	
1279132	8626.43750	3307063965365	0.49004	0.19975	8626.31641	0.12109	12136	1	0.48657	0.12758	1	0.48033	0.23912	1	0.48345	0.18335	1	0.47233	0.52794	11.97989	1.08464	1	0.73312	0.54875	12.40495	1.08464	1	-0.00691	-0.00824	0.67808	0.00241	1	0.06094	-0.01217	0.68185	0.00405	1	1.45898	0.81042	0	
1279133	8626.44336	3307064032502	0.49041	0.19949	8626.31641	0.12695	12136	1	0.51547	0.14509	1	0.47960	0.24418	1	0.49754	0.19463	1	0.47228	0.52799	12.14301	1.07556	1	0.73312	0.54875	12.40495	1.07556	1	-0.00691	-0.00824	0.67808	0.00239	1	0.06094	-0.01217	0.68185	0.00405	1	1.45898	0.81042	0	
1279134	8626.45020	3307064099762	0.49076	0.19982	8626.31641	0.13379	12136	1	0.51646	0.15384	1	0.47892	0.25909	1	0.49769	0.20646	1	0.47216	0.52796	12.29654	1.06647	1	0.73277	0.54911	13.17319	1.05881	1	-0.00697	-0.00835	0.68338	0.00242	1	0.05910	-0.01181	0.66178	0.00389	1	1.45898	0.81042	0	
1279135	8626.45703	3307064167071	0.49137	0.19998	8626.31641	0.14062	12136	1	0.51395	0.12959	1	0.49439	0.27692	1	0.50417	0.20325	1	0.47220	0.52766	12.16892	1.05881	1	0.73285	0.54875	12.60532	1.05115	1	-0.00697	-0.00835	0.68338	0.00243	1	0.05910	-0.01181	0.66178	0.00389	1	1.45898	0.81042	0	
1279136	8626.46387	3307064233406	0.49133	0.20030	8626.31641	0.14746	12136	1	0.50237	0.15123	1	0.47838	0.26353	1	0.49038	0.20738	1	0.47197	0.52783	12.12984	1.05115	1	0.73312	0.54858	12.33419	1.04349	1	-0.00697	-0.00835	0.68338	0.00244	1	0.05910	-0.01181	0.66178	0.00407	1	1.45898	0.81042	0	
1279137	8626.47070	3307064300465	0.49131	0.20075	8626.31641	0.15430	12136	1	0.50331	0.15874	1	0.47838	0.26353	1	0.49085	0.21113	1	0.47213	0.52783	11.94117	1.04349	1	0.73300	0.54834	12.02866	1.04349	1	-0.00691	-0.00824	0.67808	0.00254	1	0.06094	-0.01227	0.68185	0.00408	1	1.45898	0.81042	0	
1279138	8626.47754	3307064367536	0.49165	0.20068	8626.31641	0.16113	12136	1	0.51334	0.15723	1	0.48653	0.24091	1	0.49993	0.19907	1	0.47219	0.52780	12.37406	1.04349	1	0.73316	0.54869	12.42667	1.05115	1	-0.00691	-0.00824	0.67808	0.00237	1	0.06094	-0.01227	0.68185	0.00397	1	1.45898	0.81042	0	
1279139	8626.48340	3307064429683	0.49193	0.20001	8626.31641	0.16699	12136	1	0.51722	0.15595	1	0.48039	0.21032	1	0.49881	0.18314	1	0.47225	0.52796	12.08236	1.05115	1	0.73312	0.54834	12.21274	1.05881	1	-0.00691	-0.00824	0.67808	0.00247	1	0.06094	-0.01227	0.68185	0.00400	1	1.45898	0.81042	0	
1279140	8626.49023	3307064494492	0.49217	0.19911	8626.31641	0.17383	12136	1	0.51637	0.14849	1	0.48071	0.20315	1	0.49854	0.17582	1	0.47215	0.52795	12.09710	1.05881	1	0.73297	0.54863	12.26135	1.06647	1	-0.00691	-0.00824	0.67808	0.00241	1	0.06061	-0.01216	0.67814	0.00398	1	1.45898	0.81042	0	
1279141	8626.49707	3307064568404	0.49247	0.19895	8626.31641	0.18066	12136	1	0.52164	0.13143	1	0.47920	0.25746	1	0.50042	0.19444	1	0.47232	0.52782	12.33346	1.06647	1	0.73307	0.54880	12.43291	1.06647	1	-0.00691	-0.00824	0.67808	0.00244	1	0.06061	-0.01216	0.67814	0.00398	1	1.45898	0.81042	0	
1279142	8626.50391	3307064636255	0.49275	0.19871	8626.31641	0.18750	12136	1	0.51241	0.12632	1	0.48887	0.25806	1	0.50064	0.19219	1	0.47236	0.52782	12.13000	1.06647	1	0.73287	0.54883	12.73906	1.06647	1	-0.00691	-0.00824	0.67808	0.00245	1	0.06061	-0.01216	0.67814	0.00389	1	1.45898	0.81042	0	
1279143	8626.51074	3307064703877	0.49300	0.19861	8626.31641	0.19434	12136	1	0.51241	0.12632	1	0.48849	0.26484	1	0.50045	0.19558	1	0.47215	0.52782	11.73188	1.06647	1	0.73287	0.54883	12.73906	1.05881	1	-0.00691	-0.00824	0.67808	0.00240	1	0.05903	-0.01185	0.66098	0.00388	1	1.45898	0.81042	0	
1279144	8626.51758	3307064769443	0.49324	0.19873	8626.31641	0.20117	12136	1	0.50386	0.13449	1	0.49692	0.27011	1	0.50039	0.20230	1	0.47214	0.52780	11.92656	1.05881	1	0.73295	0.54884	12.69465	1.05115	1	-0.00691	-0.00824	0.67808	0.00238	1	0.05903	-0.01185	0.66098	0.00389	1	1.45898	0.81042	0	
1279145	8626.52441	3307064835990	0.49342	0.19846	8626.31641	0.20801	12136	1	0.51316	0.12668	1	0.48451	0.25333	1	0.49883	0.19000	1	0.47210	0.52766	12.02866	1.05115	1	0.73282	0.54857	12.69887	1.04349	1	-0.00691	-0.00824	0.67808	0.00239	1	0.05903	-0.01185	0.66098	0.00398	1	1.45898	0.81042	0	
1279146	8626.53125	3307064903296	0.49359	0.19832	8626.31641	0.21484	12136	1	0.51403	0.13436	1	0.48451	0.25333	1	0.49927	0.19385	1	0.47205	0.52778	12.05165	1.04349	1	0.73272	0.54848	12.53211	1.04349	1	-0.00691	-0.00824	0.67808	0.00240	1	0.06045	-0.01209	0.67749	0.00401	1	1.45898	0.81042	0	
1279147	8626.53711	3307064969568	0.49386	0.19841	8626.31641	0.22070	12136	1	0.51015	0.13959	1	0.49524	0.26348	1	0.50270	0.20154	1	0.47205	0.52778	12.05165	1.04349	1	0.73291	0.54874	12.49448	1.05115	1	-0.00691	-0.00824	0.67808	0.00239	1	0.06045	-0.01209	0.67749	0.00392	1	1.45898	0.81042	0	
1279148	8626.54395	3307065037759	0.49389	0.19781	8626.31641	0.22754	12136	1	0.50446	0.13090	1	0.48502	0.22358	1	0.49474	0.17724	1	0.47194	0.52773	11.42204	1.05115	1	0.73273	0.54848	12.75005	1.05881	1	-0.00691	-0.00824	0.67808	0.00239	1	0.06045	-0.01209	0.67749	0.00396	1	1.45898	0.81042	0	
1279149	8626.55078	3307065104053	0.49390	0.19703	8626.31641	0.23438	12136	1	0.50354	0.12324	1	0.48537	0.21650	1	0.49446	0.16987	1	0.47207	0.52758	11.46888	1.05881	1	0.73259	0.54877	13.08293	1.06647	1	-0.00691	-0.00824	0.67808	0.00248	1	0.06049	-0.01215	0.67789	0.00384	1	1.45898	0.81042	0	
1279150	8626.55762	3307065171702	0.49400	0.19677	8626.31641	0.24121	12136	1	0.52598	0.12236	1	0.46881	0.25237	1	0.49740	0.18737	1	0.47208	0.52780	11.91436	1.06647	1	0.73251	0.54827	12.84439	1.06647	1	-0.00691	-0.00824	0.67808	0.00247	1	0.06049	-0.01215	0.67789	0.00397	1	1.45898	0.81042	0	
1279151	8626.56445	3307065238508	0.49393	0.19687	8626.31641	0.24805	12136	1	0.51826	0.11970	1	0.46434	0.28183	1	0.49130	0.20077	1	0.47193	0.52780	11.84853	1.06647	1	0.73244	0.54848	12.93467	1.06647	1	-0.00691	-0.00824	0.67808	0.00239	1	0.06049	-0.01215	0.67789	0.00406	1	1.45898	0.81042	0	
1279152	8626.57129	3307065305150	0.49386	0.19706	8626.31641	0.25488	12136	1	0.51826	0.11970	1	0.46413	0.28842	1	0.49120	0.20406	1	0.47181	0.52759	12.14236	1.06647	1	0.73275	0.54833	12.93307	1.05881	1	-0.00691	-0.00824	0.67808	0.00238	1	0.05842	-0.01175	0.65531	0.00398	1	1.45898	0.81042	0	
1279153	8626.57812	3307065372539	0.49371	0.19799	8626.31641	0.26172	12136	1	0.50794	0.16329	1	0.46767	0.30511	1	0.48780	0.23420	1	0.47171	0.52770	11.42959	1.05881	1	0.73255	0.54863	12.88199	1.05115	1	-0.00691	-0.00824	0.67808	0.00243	1	0.05842	-0.01175	0.65531	0.00415	1	1.45898	0.81042	0	
1279154	8626.58398	3307065439502	0.49364	0.19767	8626.31641	0.26758	12136	1	0.50965	0.11232	1	0.47264	0.25748	1	0.49115	0.18490	1	0.47180	0.52755	11.81702	1.05115	1	0.73256	0.54875	13.17809	1.04349	1	-0.00691	-0.00824	0.67808	0.00242	1	0.05842	-0.01175	0.65531	0.00407	1	1.45898	0.81042	0	
1279155	8626.59082	3307065506497	0.49359	0.19725	8626.31641	0.27441	12136	1	0.50948	0.11087	1	0.47297	0.24926	1	0.49123	0.18006	1	0.47169	0.52775	12.16179	1.05258	1	0.73223	0.54916	12.64522	1.05258	1	-0.00731	-0.00865	0.71154	0.00237	1	0.06070	-0.01216	0.68143	0.00394	1	1.45898	0.81042	0	
1279156	8626.59766	3307065570849	0.49329	0.19724	8626.31641	0.28125	12136	1	0.50156	0.12719	1	0.45993	0.26653	1	0.48075	0.19686	1	0.47159	0.52767	11.78087	1.06166	1	0.73235	0.54851	12.36096	1.06932	1	-0.00731	-0.00865	0.71154	0.00241	1	0.06070	-0.01216	0.68143	0.00403	1	1.45898	0.81042	0	
1279157	8626.60449	3307065640172	0.49313	0.19687	8626.31641	0.28809	12136	1	0.50069	0.11434	1	0.47228	0.24782	1	0.48648	0.18108	1	0.47165	0.52766	12.00026	1.07841	1	0.73219	0.54837	12.21121	1.08607	1	-0.00731	-0.00865	0.71154	0.00234	1	0.06070	-0.01216	0.68143	0.00438	1	1.45898	0.81042	0	
1279158	8626.61133	3307065706905	0.49297	0.19617	8626.31641	0.29492	12136	1	0.49867	0.09776	1	0.47285	0.23312	1	0.48576	0.16544	1	0.47155	0.52779	12.09601	1.09515	1	0.73241	0.54810	12.06494	1.10281	1	-0.00730	-0.00851	0.70003	0.00240	1	0.06070	-0.01216	0.68143	0.00433	1	1.45898	0.81042	0	
1279159	8626.61816	3307065773727	0.49303	0.19485	8626.31641	0.30176	12136	1	0.49658	0.08852	1	0.49459	0.18181	1	0.49559	0.13516	1	0.47150	0.52772	11.89081	1.10281	1	0.73249	0.54784	11.90287	1.10281	1	-0.00730	-0.00851	0.70003	0.00241	1	0.06070	-0.01216	0.68143	0.00443	1	1.45898	0.81042	0	
1279160	8626.62500	3307065840881	0.49284	0.19413	8626.31641	0.30859	12136	1	0.48988	0.07099	1	0.47888	0.25164	1	0.48438	0.16131	1	0.47151	0.52769	11.89667	1.10281	1	0.73233	0.54902	12.34323	1.10281	1	-0.00730	-0.00851	0.70003	0.00240	1	0.06070	-0.01216	0.68143	0.00377	1	1.45898	0.81042	0	
1279161	8626.63086	3307065908115	0.49267	0.19370	8626.31641	0.31445	12136	1	0.49102	0.08015	1	0.47823	0.26607	1	0.48463	0.17311	1	0.47147	0.52786	11.76782	1.09373	1	0.73233	0.54845	12.25501	1.08607	1	-0.00719	-0.00832	0.68506	0.00236	1	0.05853	-0.01174	0.65766	0.00411	1	1.45898	0.81042	0	
1279162	8626.63770	3307065970758	0.49264	0.19297	8626.31641	0.32129	12136	1	0.48436	0.10379	1	0.50662	0.23480	1	0.49549	0.16930	1	0.47138	0.52777	12.03930	1.07698	1	0.73232	0.54836	12.25835	1.06932	1	-0.00719	-0.00832	0.68506	0.00238	1	0.05853	-0.01174	0.65766	0.00409	1	1.45898	0.81042	0	
1279163	8626.64453	3307066039067	0.49275	0.19317	8626.31641	0.32812	12136	1	0.50736	0.12685	1	0.50644	0.25567	1	0.50690	0.19126	1	0.47139	0.52779	11.98562	1.06024	1	0.73234	0.54857	12.25422	1.05258	1	-0.00719	-0.00832	0.68506	0.00236	1	0.05853	-0.01174	0.65766	0.00400	1	1.45898	0.81042	0	
1279164	8626.65137	3307066109084	0.49288	0.19355	8626.31641	0.33496	12136	1	0.50933	0.14351	1	0.50584	0.26386	1	0.50758	0.20368	1	0.47136	0.52780	11.92656	1.04349	1	0.73195	0.54839	12.81746	1.04349	1	-0.00719	-0.00832	0.68506	0.00238	1	0.06070	-0.01213	0.68260	0.00400	1	1.45898	0.81042	0	
1279165	8626.65820	3307066173296	0.49303	0.19265	8626.31641	0.34180	12136	1	0.50979	0.17098	1	0.49365	0.20240	1	0.50172	0.18669	1	0.47143	0.52800	12.00982	1.04349	1	0.73215	0.54797	12.57715	1.05115	1	-0.00719	-0.00832	0.68506	0.00239	1	0.06070	-0.01213	0.68260	0.00421	1	1.45898	0.81042	0	
1279166	8626.66406	3307066239946	0.49312	0.19297	8626.31641	0.34766	12136	1	0.50466	0.14101	1	0.49854	0.22828	1	0.50160	0.18465	1	0.47126	0.52788	11.94124	1.05115	1	0.73222	0.54852	12.31393	1.05881	1	-0.00719	-0.00832	0.68506	0.00236	1	0.06070	-0.01213	0.68260	0.00398	1	1.45898	0.81042	0	
1279167	8626.67090	3307066305306	0.49320	0.19299	8626.31641	0.35449	12136	1	0.50374	0.13343	1	0.49899	0.22122	1	0.50137	0.17733	1	0.47126	0.52783	12.03159	1.05881	1	0.73212	0.54878	12.84139	1.06647	1	-0.00719	-0.00832	0.68506	0.00238	1	0.06070	-0.01213	0.68260	0.00377	1	1.45898	0.81042	0	
1279168	8626.67773	3307066373721	0.49347	0.19204	8626.31641	0.36133	12136	1	0.50538	0.14562	1	0.48750	0.29401	1	0.49644	0.21981	1	0.47138	0.52798	12.07779	1.06647	1	0.73204	0.54870	13.06730	1.06647	1	-0.00719	-0.00832	0.68506	0.00242	1	0.06070	-0.01213	0.68260	0.00369	1	1.45898	0.81042	0	
1279169	8626.68457	3307066444457	0.49364	0.19115	8626.31641	0.36816	12136	1	0.50617	0.12960	1	0.50138	0.32498	1	0.50377	0.22729	1	0.47131	0.52788	11.79335	1.06647	1	0.73228	0.54905	12.77338	1.06647	1	-0.00719	-0.00832	0.68506	0.00242	1	0.06070	-0.01213	0.68260	0.00372	1	1.45898	0.81042	0	
1279170	8626.69141	3307066507107	0.49381	0.19033	8626.31641	0.37500	12136	1	0.50617	0.12960	1	0.50138	0.32498	1	0.50377	0.22729	1	0.47135	0.52784	11.76867	1.06647	1	0.73220	0.54841	12.57765	1.06647	1	-0.00719	-0.00832	0.68506	0.00239	1	0.06070	-0.01213	0.68260	0.00397	1	1.45898	0.81042	0	
1279171	8626.69824	3307066573395	0.49375	0.18782	8626.31641	0.38184	12136	1	0.50755	0.12795	1	0.46676	0.17142	1	0.48716	0.14969	1	0.47144	0.52780	11.69983	1.06647	1	0.73202	0.54810	12.55327	1.06647	1	-0.00719	-0.00832	0.68506	0.00245	1	0.06070	-0.01213	0.68260	0.00395	1	1.45898	0.81042	0	
1279172	8626.70508	3307066641536	0.49360	0.18831	8626.31641	0.38867	12136	1	0.48627	0.12418	1	0.48767	0.25953	1	0.48697	0.19186	1	0.47145	0.52783	11.84219	1.06647	1	0.73206	0.54851	12.36272	1.06647	1	-0.00719	-0.00832	0.68506	0.00244	1	0.06070	-0.01213	0.68260	0.00387	1	1.45898	0.81042	0	
1279173	8626.71191	3307066709726	0.49346	0.18896	8626.31641	0.39551	12136	1	0.48627	0.12418	1	0.48767	0.25953	1	0.48697	0.19186	1	0.47140	0.52782	11.87942	1.06647	1	0.73204	0.54853	12.41504	1.06647	1	-0.00719	-0.00832	0.68506	0.00241	1	0.06070	-0.01213	0.68260	0.00384	1	1.45898	0.81042	0	
1279174	8626.71777	3307066774840	0.49355	0.18883	8626.31641	0.40137	12136	1	0.48351	0.11505	1	0.50353	0.26289	1	0.49352	0.18897	1	0.47151	0.52773	11.78856	1.06647	1	0.73229	0.54885	12.58045	1.06647	1	-0.00719	-0.00832	0.68506	0.00242	1	0.06070	-0.01213	0.68260	0.00380	1	1.45898	0.81042	0	
1279175	8626.72461	3307066841959	0.49374	0.18946	8626.31641	0.40820	12136	1	0.49188	0.13390	1	0.47875	0.30293	1	0.48532	0.21841	1	0.47148	0.52788	11.98452	1.06647	1	0.73225	0.54833	12.28317	1.06647	1	-0.00719	-0.00832	0.68506	0.00241	1	0.06070	-0.01213	0.68260	0.00406	1	1.45898	0.81042	0	
1279176	8626.73145	3307066911849	0.49395	0.19019	8626.31641	0.41504	12136	1	0.49188	0.13390	1	0.47910	0.29561	1	0.48549	0.21475	1	0.47146	0.52785	12.01612	1.06647	1	0.73226	0.54809	12.33293	1.07515	1	-0.00719	-0.00832	0.68506	0.00242	1	0.06152	-0.01229	0.69119	0.00419	1	1.45898	0.81042	0	
1279177	8626.73828	3307066979252	0.49409	0.19146	8626.31641	0.42188	12136	1	0.48778	0.12181	1	0.47778	0.27849	1	0.48278	0.20015	1	0.47143	0.52778	11.75318	1.07515	1	0.73232	0.54827	12.16538	1.08383	1	-0.00719	-0.00832	0.68506	0.00243	1	0.06152	-0.01229	0.69119	0.00410	1	1.45898	0.81042	0	
1279178	8626.74512	3307067046656	0.49409	0.19240	8626.31641	0.42871	12136	1	0.48770	0.11178	1	0.48132	0.34009	1	0.48451	0.22593	1	0.47146	0.52772	12.05025	1.08383	1	0.73232	0.54898	12.80576	1.09251	1	-0.00719	-0.00832	0.68506	0.00240	1	0.06152	-0.01229	0.69119	0.00381	1	1.45898	0.81042	0	
1279179	8626.75195	3307067113822	0.49409	0.19318	8626.31641	0.43555	12136	1	0.48657	0.10320	1	0.48168	0.33324	1	0.48413	0.21822	1	0.47149	0.52768	11.96296	1.09251	1	0.73237	0.54847	12.17615	1.10119	1	-0.00719	-0.00832	0.68506	0.00241	1	0.06152	-0.01229	0.69119	0.00409	1	1.45898	0.81042	0	
1279180	8626.75879	3307067180413	0.49413	0.19229	8626.31641	0.44238	12136	1	0.48628	0.07512	1	0.48417	0.20608	1	0.48522	0.14060	1	0.47148	0.52770	11.95598	1.10119	1	0.73237	0.54823	12.34460	1.10119	1	-0.00719	-0.00832	0.68506	0.00242	1	0.06152	-0.01229	0.69119	0.00419	1	1.45898	0.81042	0	
1279181	8626.76562	3307067247665	0.49402	0.19099	8626.31641	0.44922	12136	1	0.49371	0.09431	1	0.49142	0.17041	1	0.49256	0.13236	1	0.47154	0.52774	12.31935	1.10119	1	0.73242	0.54774	11.84027	1.10119	1	-0.00719	-0.00832	0.68506	0.00238	1	0.06152	-0.01229	0.69119	0.00433	1	1.45898	0.81042	0	
1279182	8626.77148	3307067314423	0.49391	0.18953	8626.31641	0.45508	12136	1	0.49371	0.09431	1	0.49099	0.17855	1	0.49235	0.13643	1	0.47151	0.52755	11.68200	1.10119	1	0.73234	0.54872	12.10365	1.09251	1	-0.00719	-0.00832	0.68506	0.00240	1	0.06070	-0.01216	0.68143	0.00387	1	1.45898	0.81042	0	
1279183	8626.77832	3307067381569	0.49328	0.18846	8626.31641	0.46191	12136	1	0.47554	0.06071	1	0.47239	0.24281	1	0.47397	0.15176	1	0.47144	0.52762	11.67306	1.09251	1	0.73218	0.54867	12.35006	1.08383	1	-0.00719	-0.00832	0.68506	0.00244	1	0.06070	-0.01216	0.68143	0.00385	1	1.45898	0.81042	0	
1279184	8626.78516	3307067448208	0.49289	0.18783	8626.31641	0.46875	12136	1	0.48005	0.09832	1	0.46240	0.25586	1	0.47123	0.17709	1	0.47146	0.52763	11.67014	1.08383	1	0.73199	0.54898	12.56593	1.07515	1	-0.00719	-0.00832	0.68506	0.00244	1	0.06070	-0.01216	0.68143	0.00382	1	1.45898	0.81042	0	
1279185	8626.79199	3307067515679	0.49248	0.18703	8626.31641	0.47559	12136	1	0.48000	0.09791	1	0.46263	0.24788	1	0.47132	0.17290	1	0.47151	0.52772	11.82833	1.08424	1	0.73218	0.54870	12.12769	1.08424	1	-0.00730	-0.00851	0.70003	0.00242	1	0.06152	-0.01229	0.69119	0.00380	1	1.45898	0.81042	0	
1279186	8626.79883	3307067583095	0.49209	0.18672	8626.31641	0.48242	12136	1	0.48697	0.09923	1	0.47545	0.26839	1	0.48121	0.18381	1	0.47151	0.52772	11.82833	1.09332	1	0.73222	0.54928	12.73871	1.10200	1	-0.00730	-0.00851	0.70003	0.00242	1	0.06152	-0.01229	0.69119	0.00376	1	1.45898	0.81042	0	
1279187	8626.80566	3307067648574	0.49190	0.18497	8626.31641	0.48926	12136	1	0.49653	0.07968	1	0.48322	0.11918	1	0.48987	0.09943	1	0.47153	0.52771	11.89111	1.11109	1	0.73227	0.54786	11.88583	1.11977	1	-0.00730	-0.00851	0.70003	0.00240	1	0.06152	-0.01229	0.69119	0.00412	1	1.45898	0.81042	0	
1279188	8626.81250	3307067716493	0.49171	0.18329	8626.31641	0.49609	12136	1	0.49549	0.07107	1	0.48322	0.11918	1	0.48935	0.09512	1	0.47159	0.52775	12.07368	1.11977	1	0.73226	0.54798	12.16965	1.11977	1	-0.00710	-0.00826	0.67588	0.00239	1	0.06070	-0.01216	0.68143	0.00411	1	1.45898	0.81042	0	
1279189	8626.81934	3307067784252	0.48356	0.15273	8626.31641	0.49609	12136	0	0.48519	0.08559	1	0.48893	0.11265	1	0.48706	0.09912	1	0.47143	0.52778	12.27660	1.11068	1	0.73239	0.54740	11.91326	1.10200	1	-0.00710	-0.00826	0.67588	0.00248	1	0.06070	-0.01216	0.68143	0.00427	1	1.45898	0.81042	0	
1279190	8626.82520	3307067848224	0.48630	0.13081	8626.31641	0.49609	12136	0	0.48371	0.10519	1	0.49437	0.11260	1	0.48904	0.10889	1	0.47148	0.52785	11.76005	1.09292	1	0.73246	0.54742	11.90732	1.08424	1	-0.00710	-0.00826	0.67588	0.00237	1	0.06070	-0.01216	0.68143	0.00427	1	1.45898	0.81042	0	
1279191	8626.83203	3307067917192	0.48719	0.12294	8626.31641	0.49609	12136	0	0.48349	0.10351	1	0.49446	0.11089	1	0.48897	0.10720	1	0.47154	0.52786	11.78141	1.09462	1	0.73239	0.54799	11.96446	1.08594	1	-0.00756	-0.00898	0.73016	0.00238	1	0.06030	-0.01208	0.67691	0.00407	1	1.45898	0.81042	0	
1279192	8626.83887	3307067984527	0.48735	0.13600	8626.81934	0.01953	12137	1	0.49367	0.11578	1	0.48194	0.23457	1	0.48781	0.17518	1	0.47160	0.52808	11.77945	1.10541	1	0.73232	0.54873	12.35537	1.10541	1	-0.00756	-0.00898	0.73016	0.00237	1	0.06030	-0.01208	0.67691	0.00390	1	1.45898	0.81042	0	
1279193	8626.84570	3307068051532	0.48739	0.13406	8626.81934	0.02637	12137	1	0.48715	0.07834	1	0.48793	0.17430	1	0.48754	0.12632	1	0.47155	0.52795	12.03924	1.12488	1	0.73240	0.54845	12.35069	1.12488	1	-0.00756	-0.00898	0.73016	0.00240	1	0.06030	-0.01208	0.67691	0.00406	1	1.45898	0.81042	0	
1279194	8626.85254	3307068118393	0.48741	0.13277	8626.81934	0.03320	12137	1	0.48715	0.07834	1	0.48793	0.17430	1	0.48754	0.12632	1	0.47160	0.52796	12.12445	1.12488	1	0.73234	0.54864	12.35941	1.12488	1	-0.00693	-0.00836	0.67992	0.00241	1	0.06070	-0.01227	0.68143	0.00394	1	1.45898	0.81042	0	
1279195	8626.85938	3307068184598	0.48491	0.13544	8626.81934	0.04004	12137	1	0.49247	0.12689	1	0.44736	0.17598	1	0.46992	0.15143	1	0.47167	0.52809	11.84610	1.10541	1	0.73214	0.54830	12.00638	1.10541	1	-0.00693	-0.00836	0.67992	0.00240	1	0.06070	-0.01227	0.68143	0.00399	1	1.45898	0.81042	0	
1279196	8626.86523	3307068252180	0.48444	0.13843	8626.81934	0.04590	12137	1	0.51004	0.12785	1	0.45217	0.19091	1	0.48110	0.15938	1	0.47170	0.52811	11.97019	1.08594	1	0.73224	0.54835	12.22028	1.08594	1	-0.00693	-0.00836	0.67992	0.00239	1	0.06070	-0.01227	0.68143	0.00388	1	1.45898	0.81042	0	
1279197	8626.87207	3307068319776	0.48417	0.14281	8626.81934	0.05273	12137	1	0.51223	0.14674	1	0.45186	0.20898	1	0.48204	0.17786	1	0.47190	0.52825	12.02844	1.06647	1	0.73245	0.54851	12.74476	1.06647	1	-0.00693	-0.00836	0.67992	0.00248	1	0.06070	-0.01227	0.68143	0.00381	1	1.45898	0.81042	0	
1279198	8626.87891	3307068383220	0.48447	0.14908	8626.81934	0.05957	12137	1	0.50827	0.15271	1	0.46613	0.25824	1	0.48720	0.20548	1	0.47173	0.52815	11.76058	1.06647	1	0.73244	0.54884	12.86887	1.06647	1	-0.00693	-0.00836	0.67992	0.00244	1	0.06070	-0.01227	0.68143	0.00383	1	1.45898	0.81042	0	
1279199	8626.88574	3307068449373	0.48387	0.15439	8626.81934	0.06641	12137	1	0.50771	0.15302	1	0.44790	0.26193	1	0.47781	0.20747	1	0.47176	0.52812	11.87232	1.06647	1	0.73223	0.54890	12.33207	1.06647	1	-0.00693	-0.00836	0.67992	0.00244	1	0.06070	-0.01227	0.68143	0.00398	1	1.45898	0.81042	0	
1279200	8626.89258	3307068517375	0.48336	0.15909	8626.81934	0.07324	12137	1	0.50771	0.15302	1	0.44781	0.26866	1	0.47776	0.21084	1	0.47197	0.52822	11.89459	1.06647	1	0.73262	0.54889	12.88969	1.05881	1	-0.00693	-0.00836	0.67992	0.00245	1	0.05941	-0.01199	0.66637	0.00388	1	1.45898	0.81042	0	
1279201	8626.89844	3307068583864	0.48353	0.16148	8626.81934	0.07910	12137	1	0.49403	0.15482	1	0.47714	0.22535	1	0.48558	0.19009	1	0.47195	0.52820	11.93798	1.05881	1	0.73268	0.54858	12.72641	1.05115	1	-0.00693	-0.00836	0.67992	0.00246	1	0.05941	-0.01199	0.66637	0.00387	1	1.45898	0.81042	0	
1279202	8626.90527	3307068651763	0.48355	0.16574	8626.81934	0.08594	12137	1	0.49132	0.16544	1	0.47632	0.27685	1	0.48382	0.22115	1	0.47186	0.52813	11.91696	1.05115	1	0.73263	0.54883	12.92542	1.04349	1	-0.00693	-0.00836	0.67992	0.00235	1	0.05941	-0.01199	0.66637	0.00375	1	1.45898	0.81042	0	
1279203	8626.91211	3307068720587	0.48360	0.16968	8626.81934	0.09277	12137	1	0.49233	0.17286	1	0.47632	0.27685	1	0.48432	0.22485	1	0.47205	0.52805	12.21483	1.04349	1	0.73277	0.54913	13.31796	1.04349	1	-0.00697	-0.00835	0.68338	0.00243	1	0.06045	-0.01219	0.67749	0.00369	1	1.45898	0.81042	0	
1279204	8626.91895	3307068788564	0.48407	0.17312	8626.81934	0.09961	12137	1	0.51334	0.16068	1	0.46880	0.28867	1	0.49107	0.22468	1	0.47215	0.52803	12.19053	1.04349	1	0.73250	0.54921	13.06554	1.05115	1	-0.00697	-0.00835	0.68338	0.00249	1	0.06045	-0.01219	0.67749	0.00377	1	1.45898	0.81042	0	
1279205	8626.92578	3307068855279	0.48405	0.17584	8626.81934	0.10645	12137	1	0.50278	0.15500	1	0.46479	0.28393	1	0.48379	0.21947	1	0.47207	0.52806	12.23450	1.05115	1	0.73250	0.54910	13.10467	1.05881	1	-0.00697	-0.00835	0.68338	0.00243	1	0.06045	-0.01219	0.67749	0.00381	1	1.45898	0.81042	0	
1279206	8626.93262	3307068922308	0.48402	0.17787	8626.81934	0.11328	12137	1	0.50185	0.14752	1	0.46500	0.27730	1	0.48342	0.21241	1	0.47215	0.52801	12.03482	1.05881	1	0.73277	0.54921	13.34790	1.06647	1	-0.00693	-0.00836	0.67992	0.00239	1	0.06045	-0.01219	0.67749	0.00370	1	1.45898	0.81042	0	
1279207	8626.93945	3307068989154	0.48373	0.20585	8626.81934	0.11328	12137	0	0.48548	0.14554	1	0.48813	0.28748	1	0.48680	0.21651	1	0.47209	0.52804	11.92892	1.06647	1	0.73279	0.54915	12.78133	1.06647	1	-0.00693	-0.00836	0.67992	0.00247	1	0.06045	-0.01219	0.67749	0.00374	1	1.45898	0.81042	0	
1279208	8626.94629	3307069056308	0.48805	0.20317	8626.81934	0.11328	12137	0	0.51993	0.13471	1	0.46483	0.26626	1	0.49238	0.20049	1	0.47224	0.52795	12.00689	1.06647	1	0.73251	0.54915	12.97209	1.06647	1	-0.00693	-0.00836	0.67992	0.00246	1	0.06045	-0.01219	0.67749	0.00371	1	1.45898	0.81042	0	
1279209	8626.95312	3307069124019	0.48950	0.20227	8626.81934	0.11328	12137	0	0.51993	0.13471	1	0.46483	0.26626	1	0.49238	0.20049	1	0.47216	0.52795	12.09497	1.06647	1	0.73250	0.54914	12.93062	1.06647	1	-0.00693	-0.00836	0.67992	0.00234	1	0.06045	-0.01219	0.67749	0.00371	1	1.45898	0.81042	0	
1279210	8626.95996	3307069190108	0.48876	0.20506	8626.93945	0.02051	12138	1	0.49241	0.14154	1	0.48073	0.28532	1	0.48657	0.21343	1	0.47218	0.52803	12.04964	1.06647	1	0.73277	0.54921	13.34790	1.06647	1	-0.00693	-0.00836	0.67992	0.00241	1	0.06045	-0.01219	0.67749	0.00370	1	1.45898	0.81042	0	
1279211	8626.96582	3307069257073	0.48866	0.20702	8626.93945	0.02637	12138	1	0.49395	0.13129	1	0.48251	0.29843	1	0.48823	0.21486	1	0.47229	0.52794	12.14381	1.06647	1	0.73274	0.54924	13.14137	1.06647	1	-0.00693	-0.00836	0.67992	0.00238	1	0.06045	-0.01219	0.67749	0.00368	1	1.45898	0.81042	0	
1279212	8626.97266	3307069322633	0.48859	0.20833	8626.93945	0.03320	12138	1	0.49395	0.13129	1	0.48251	0.29843	1	0.48823	0.21486	1	0.47227	0.52793	12.18228	1.06647	1	0.73290	0.54913	12.84288	1.06647	1	-0.00693	-0.00836	0.67992	0.00236	1	0.06045	-0.01219	0.67749	0.00375	1	1.45898	0.81042	0	
1279213	8626.97949	3307069391085	0.48797	0.21175	8626.93945	0.04004	12138	1	0.49981	0.14372	1	0.46877	0.32089	1	0.48429	0.23230	1	0.47225	0.52801	12.21196	1.06647	1	0.73256	0.54935	13.43988	1.06647	1	-0.00693	-0.00836	0.67992	0.00239	1	0.06045	-0.01219	0.67749	0.00371	1	1.45898	0.81042	0	
1279214	8626.98633	3307069458173	0.48755	0.21343	8626.93945	0.04688	12138	1	0.48705	0.15369	1	0.48216	0.29656	1	0.48461	0.22512	1	0.47227	0.52804	11.79765	1.06647	1	0.73274	0.54913	13.30969	1.06647	1	-0.00693	-0.00836	0.67992	0.00236	1	0.06045	-0.01219	0.67749	0.00369	1	1.45898	0.81042	0	
1279215	8626.99316	3307069525000	0.48722	0.21473	8626.93945	0.05371	12138	1	0.48705	0.15369	1	0.48216	0.29656	1	0.48461	0.22512	1	0.47225	0.52790	12.20465	1.06647	1	0.73256	0.54928	13.44333	1.06647	1	-0.00691	-0.00824	0.67808	0.00247	1	0.06045	-0.01219	0.67749	0.00371	1	1.45898	0.81042	0	
1279216	8627.00000	3307069592161	0.48632	0.21573	8626.93945	0.06055	12138	1	0.48666	0.15007	1	0.46976	0.29938	1	0.47821	0.22472	1	0.47221	0.52792	12.16248	1.06647	1	0.73259	0.54930	13.28913	1.06647	1	-0.00691	-0.00824	0.67808	0.00240	1	0.06045	-0.01219	0.67749	0.00373	1	1.45898	0.81042	0	
1279217	8627.00684	3307069658867	0.48660	0.21497	8626.93945	0.06738	12138	1	0.50426	0.13803	1	0.47439	0.27686	1	0.48932	0.20744	1	0.47217	0.52792	12.13314	1.06647	1	0.73253	0.54905	13.23396	1.06647	1	-0.00691	-0.00824	0.67808	0.00242	1	0.06045	-0.01219	0.67749	0.00386	1	1.45898	0.81042	0	
1279218	8627.01270	3307069723546	0.48682	0.21434	8626.93945	0.07324	12138	1	0.50426	0.13803	1	0.47439	0.27686	1	0.48932	0.20744	1	0.47222	0.52793	12.09260	1.06647	1	0.73272	0.54906	13.09499	1.06647	1	-0.00697	-0.00835	0.68338	0.00243	1	0.06045	-0.01219	0.67749	0.00371	1	1.45898	0.81042	0	
1279219	8627.01953	3307069792877	0.48802	0.21428	8626.93945	0.08008	12138	1	0.51725	0.14780	1	0.48757	0.27924	1	0.50241	0.21352	1	0.47233	0.52809	11.72220	1.06647	1	0.73277	0.54918	12.90171	1.06647	1	-0.00697	-0.00835	0.68338	0.00248	1	0.06045	-0.01219	0.67749	0.00373	1	1.45898	0.81042	0	
1279220	8627.02637	3307069860028	0.48847	0.21377	8626.93945	0.08691	12138	1	0.50454	0.12935	1	0.48395	0.28493	1	0.49424	0.20714	1	0.47222	0.52786	12.24606	1.06647	1	0.73282	0.54914	12.91022	1.06647	1	-0.00697	-0.00835	0.68338	0.00243	1	0.06045	-0.01219	0.67749	0.00372	1	1.45898	0.81042	0	
1279221	8627.03320	3307069926992	0.48885	0.21333	8626.93945	0.09375	12138	1	0.50454	0.12935	1	0.48395	0.28493	1	0.49424	0.20714	1	0.47226	0.52792	12.08389	1.06647	1	0.73249	0.54908	13.07474	1.06647	1	-0.00691	-0.00824	0.67808	0.00241	1	0.06045	-0.01219	0.67749	0.00382	1	1.45898	0.81042	0	
1279222	8627.04004	3307069993880	0.48993	0.21588	8626.93945	0.10059	12138	1	0.53354	0.25143	1	0.47876	0.25682	1	0.50615	0.25412	1	0.47249	0.52937	11.94155	1.06647	1	0.73265	0.54893	12.97024	1.06647	1	-0.00691	-0.00824	0.67808	0.00374	1	0.06045	-0.01219	0.67749	0.00379	1	1.45898	0.81042	0	
1279223	8627.04688	3307070061007	0.48982	0.21510	8626.93945	0.10742	12138	1	0.49239	0.13452	1	0.48377	0.27072	1	0.48808	0.20262	1	0.47227	0.52790	12.17973	1.06647	1	0.73267	0.54891	12.66186	1.06647	1	-0.00691	-0.00824	0.67808	0.00240	1	0.06045	-0.01219	0.67749	0.00378	1	1.45898	0.81042	0	
1279224	8627.05371	3307070127948	0.48973	0.21441	8626.93945	0.11426	12138	1	0.49239	0.13452	1	0.48377	0.27072	1	0.48808	0.20262	1	0.47222	0.52778	11.75686	1.06647	1	0.73253	0.54869	12.96911	1.06647	1	-0.00691	-0.00824	0.67808	0.00242	1	0.06045	-0.01219	0.67749	0.00381	1	1.45898	0.81042	0	
1279225	8627.05957	3307070194870	0.48944	0.21169	8626.93945	0.12012	12138	1	0.48405	0.13120	1	0.48432	0.19447	1	0.48419	0.16283	1	0.47223	0.52781	12.35977	1.06647	1	0.73266	0.54818	12.79319	1.06647	1	-0.00691	-0.00824	0.67808	0.00239	1	0.06045	-0.01219	0.67749	0.00396	1	1.45898	0.81042	0	
1279226	8627.06641	3307070262353	0.48933	0.20989	8626.93945	0.12695	12138	1	0.48966	0.15043	1	0.48486	0.20071	1	0.48726	0.17557	1	0.47221	0.52771	12.04179	1.06647	1	0.73267	0.54821	12.87395	1.06647	1	-0.00691	-0.00824	0.67808	0.00242	1	0.06045	-0.01219	0.67749	0.00398	1	1.45898	0.81042	0	
1279227	8627.07324	3307070328977	0.48923	0.20825	8626.93945	0.13379	12138	1	0.48966	0.15043	1	0.48486	0.20071	1	0.48726	0.17557	1	0.47220	0.52762	11.69581	1.06647	1	0.73251	0.54828	13.12113	1.06647	1	-0.00697	-0.00825	0.68338	0.00243	1	0.06049	-0.01215	0.67789	0.00409	1	1.45898	0.81042	0	
1279228	8627.08008	3307070392789	0.48882	0.20764	8626.93945	0.14062	12138	1	0.48033	0.14378	1	0.48027	0.24576	1	0.48030	0.19477	1	0.47218	0.52761	11.79646	1.06647	1	0.73271	0.54866	12.91777	1.06647	1	-0.00697	-0.00825	0.68338	0.00241	1	0.06049	-0.01215	0.67789	0.00390	1	1.45898	0.81042	0	
1279229	8627.08691	3307070462620	0.48870	0.20604	8626.93945	0.14746	12138	1	0.49348	0.16107	1	0.47859	0.18048	1	0.48604	0.17078	1	0.47216	0.52761	11.78985	1.06647	1	0.73267	0.54807	12.87525	1.06647	1	-0.00697	-0.00825	0.68338	0.00240	1	0.06049	-0.01215	0.67789	0.00406	1	1.45898	0.81042	0	
1279230	8627.09277	3307070525599	0.48859	0.20457	8626.93945	0.15332	12138	1	0.49348	0.16107	1	0.47859	0.18048	1	0.48604	0.17078	1	0.47221	0.52749	11.90382	1.06647	1	0.73263	0.54893	13.35740	1.06647	1	-0.00691	-0.00814	0.67808	0.00246	1	0.06045	-0.01199	0.67749	0.00378	1	1.45898	0.81042	0	
1279231	8627.09961	3307070591902	0.48838	0.20403	8626.93945	0.16016	12138	1	0.48866	0.13064	1	0.47804	0.25178	1	0.48335	0.19121	1	0.47221	0.52747	12.00361	1.06647	1	0.73273	0.54811	12.93635	1.06647	1	-0.00691	-0.00814	0.67808	0.00246	1	0.06045	-0.01199	0.67749	0.00409	1	1.45898	0.81042	0	
1279232	8627.10645	3307070662223	0.48820	0.20450	8626.93945	0.16699	12138	1	0.48233	0.14754	1	0.48513	0.28473	1	0.48373	0.21613	1	0.47209	0.52749	12.03438	1.06647	1	0.73270	0.54871	13.18962	1.06647	1	-0.00691	-0.00814	0.67808	0.00245	1	0.06045	-0.01199	0.67749	0.00377	1	1.45898	0.81042	0	
1279233	8627.11328	3307070726145	0.48804	0.20493	8626.93945	0.17383	12138	1	0.48233	0.14754	1	0.48513	0.28473	1	0.48373	0.21613	1	0.47219	0.52746	11.97415	1.06647	1	0.73262	0.54854	13.06776	1.06647	1	-0.00691	-0.00814	0.67808	0.00244	1	0.06049	-0.01205	0.67789	0.00381	1	1.45898	0.81042	0	
1279234	8627.12012	3307070795308	0.48822	0.20960	8626.93945	0.18066	12138	1	0.51781	0.34965	1	0.46850	0.32189	1	0.49315	0.33577	1	0.47252	0.52978	12.17432	1.06647	1	0.73264	0.54845	13.12399	1.06647	1	-0.00691	-0.00814	0.67808	0.00370	1	0.06049	-0.01205	0.67789	0.00376	1	1.45898	0.81042	0	
1279235	8627.12695	3307070859819	0.48858	0.21444	8626.93945	0.18750	12138	1	0.53206	0.33980	1	0.46556	0.35997	1	0.49881	0.34989	1	0.47245	0.52985	12.15581	1.06647	1	0.73250	0.54882	13.41408	1.06647	1	-0.00691	-0.00814	0.67808	0.00370	1	0.06049	-0.01205	0.67789	0.00381	1	1.45898	0.81042	0	
1279236	8627.13379	3307070932587	0.48892	0.21895	8626.93945	0.19434	12138	1	0.53206	0.33980	1	0.46556	0.35997	1	0.49881	0.34989	1	0.47222	0.52724	11.89836	1.06647	1	0.73270	0.54849	13.25047	1.06647	1	-0.00691	-0.00814	0.67808	0.00251	1	0.06045	-0.01199	0.67749	0.00375	1	1.45898	0.81042	0	
1279237	8627.13965	3307070996364	0.48901	0.21931	8626.93945	0.20020	12138	1	0.49534	0.15953	1	0.48770	0.30025	1	0.49152	0.22989	1	0.47217	0.52725	11.97231	1.06647	1	0.73282	0.54829	13.26832	1.06647	1	-0.00691	-0.00814	0.67808	0.00246	1	0.06045	-0.01199	0.67749	0.00363	1	1.45898	0.81042	0	
1279238	8627.14746	3307071066073	0.48890	0.21977	8626.93945	0.20801	12138	1	0.49589	0.16515	1	0.47516	0.30328	1	0.48552	0.23422	1	0.47228	0.52732	11.85783	1.06647	1	0.73268	0.54840	13.38971	1.06647	1	-0.00691	-0.00814	0.67808	0.00248	1	0.06045	-0.01199	0.67749	0.00366	1	1.45898	0.81042	0	
1279239	8627.15430	3307071133273	0.48880	0.22021	8626.93945	0.21484	12138	1	0.49589	0.16515	1	0.47516	0.30328	1	0.48552	0.23422	1	0.47226	0.52716	12.10945	1.06647	1	0.73258	0.54830	13.26285	1.06647	1	-0.00691	-0.00814	0.67808	0.00246	1	0.06045	-0.01199	0.67749	0.00369	1	1.45898	0.81042	0	
1279240	8627.16016	3307071199689	0.48860	0.22052	8626.93945	0.22070	12138	1	0.49268	0.16106	1	0.47146	0.30026	1	0.48207	0.23066	1	0.47227	0.52721	12.26979	1.06647	1	0.73266	0.54823	13.33165	1.06647	1	-0.00691	-0.00814	0.67808	0.00245	1	0.06045	-0.01199	0.67749	0.00373	1	1.45898	0.81042	0	
1279241	8627.16699	3307071265542	0.48877	0.24777	8626.93945	0.22070	12138	0	0.50610	0.12950	1	0.47998	0.29943	1	0.49304	0.21447	1	0.47235	0.52724	11.95801	1.06647	1	0.73271	0.54822	13.13473	1.06647	1	-0.00691	-0.00814	0.67808	0.00249	1	0.06045	-0.01199	0.67749	0.00361	1	1.45898	0.81042	0	
1279242	8627.17383	3307071333311	0.49091	0.23112	8626.93945	0.22070	12138	0	0.50610	0.12950	1	0.47998	0.29943	1	0.49304	0.21447	1	0.47234	0.52716	11.90944	1.06647	1	0.73265	0.54836	13.41842	1.06647	1	-0.00691	-0.00814	0.67808	0.00246	1	0.06045	-0.01199	0.67749	0.00367	1	1.45898	0.81042	0	
1279243	8627.18066	3307071400237	0.49133	0.25232	8626.93945	0.22070	12138	0	0.50687	0.30195	1	0.47750	0.28750	1	0.49218	0.29472	1	0.47235	0.52870	12.11699	1.06647	1	0.73268	0.54838	13.30765	1.06647	1	-0.00691	-0.00814	0.67808	0.00384	1	0.06045	-0.01199	0.67749	0.00367	1	1.45898	0.81042	0	
1279244	8627.18750	3307071467525	0.48904	0.24781	8627.16699	0.02051	12139	1	0.49372	0.14824	1	0.47058	0.32029	1	0.48215	0.23427	1	0.47230	0.52712	12.11501	1.06647	1	0.73258	0.54851	13.62044	1.06647	1	-0.00691	-0.00814	0.67808	0.00246	1	0.06045	-0.01199	0.67749	0.00371	1	1.45898	0.81042	0	
1279245	8627.19434	3307071534611	0.48769	0.24438	8627.16699	0.02734	12139	1	0.49372	0.14824	1	0.47086	0.31312	1	0.48229	0.23068	1	0.47261	0.52853	12.20234	1.06647	1	0.73270	0.54839	13.09181	1.07515	1	-0.00679	-0.00811	0.67623	0.00371	1	0.06348	-0.01258	0.71085	0.00373	1	1.45898	0.81042	0	
1279246	8627.20020	3307071601532	0.48647	0.24157	8627.16699	0.03320	12139	1	0.50811	0.13797	1	0.45267	0.31704	1	0.48039	0.22750	1	0.47241	0.52716	12.47890	1.07515	1	0.73271	0.54857	13.04581	1.08383	1	-0.00679	-0.00811	0.67623	0.00243	1	0.06348	-0.01258	0.71085	0.00374	1	1.45898	0.81042	0	
1279247	8627.20703	3307071668459	0.48598	0.24766	8627.16699	0.04004	12139	1	0.50532	0.29261	1	0.46071	0.27584	1	0.48302	0.28422	1	0.47243	0.52889	12.25682	1.08383	1	0.73275	0.54821	13.06286	1.09251	1	-0.00679	-0.00811	0.67623	0.00362	1	0.06348	-0.01258	0.71085	0.00370	1	1.45898	0.81042	0	
1279248	8627.21387	3307071735580	0.48549	0.25084	8627.16699	0.04688	12139	1	0.50324	0.27804	1	0.46093	0.26815	1	0.48208	0.27310	1	0.47264	0.52716	12.12358	1.10160	1	0.73305	0.54803	12.82227	1.10160	1	-0.00701	-0.00844	0.70339	0.00256	1	0.06094	-0.01207	0.68185	0.00361	1	1.45898	0.81042	0	
1279249	8627.22070	3307071802258	0.48513	0.24289	8627.16699	0.05371	12139	1	0.49303	0.10413	1	0.47148	0.25440	1	0.48225	0.17926	1	0.47240	0.52711	12.33542	1.11068	1	0.73297	0.54817	12.73821	1.10200	1	-0.00701	-0.00844	0.70339	0.00244	1	0.06094	-0.01207	0.68185	0.00361	1	1.45898	0.81042	0	
1279250	8627.22754	3307071869428	0.48561	0.23646	8627.16699	0.06055	12139	1	0.50762	0.09077	1	0.47220	0.26647	1	0.48991	0.17862	1	0.47260	0.52703	12.67681	1.11109	1	0.73299	0.54842	12.34763	1.10241	1	-0.00701	-0.00844	0.70339	0.00252	1	0.06094	-0.01207	0.68185	0.00397	1	1.45898	0.81042	0	
1279251	8627.23438	3307071937038	0.48603	0.23192	8627.16699	0.06738	12139	1	0.50859	0.09929	1	0.47191	0.27383	1	0.49025	0.18656	1	0.47265	0.52698	12.54954	1.10241	1	0.73278	0.54796	13.07424	1.09373	1	-0.00672	-0.00814	0.67855	0.00252	1	0.06094	-0.01207	0.68185	0.00364	1	1.45898	0.81042	0	
1279252	8627.24121	3307072003188	0.48577	0.22793	8627.16699	0.07422	12139	1	0.51837	0.11206	1	0.44741	0.25603	1	0.48289	0.18405	1	0.47268	0.52696	12.50617	1.08464	1	0.73290	0.54810	13.85562	1.08464	1	-0.00672	-0.00814	0.67855	0.00250	1	0.06094	-0.01207	0.68185	0.00362	1	1.45898	0.81042	0	
1279253	8627.24805	3307072071512	0.48483	0.22768	8627.16699	0.08105	12139	1	0.50861	0.13012	1	0.43856	0.31916	1	0.47358	0.22464	1	0.47262	0.52697	12.56564	1.07556	1	0.73283	0.54849	12.22869	1.07556	1	-0.00672	-0.00814	0.67855	0.00249	1	0.06094	-0.01207	0.68185	0.00394	1	1.45898	0.81042	0	
1279254	8627.25391	3307072138131	0.48406	0.22805	8627.16699	0.08691	12139	1	0.50965	0.13900	1	0.43852	0.32659	1	0.47409	0.23279	1	0.47268	0.52692	12.48382	1.06647	1	0.73301	0.54926	13.57582	1.06647	1	-0.00669	-0.00806	0.67599	0.00247	1	0.06094	-0.01207	0.68185	0.00392	1	1.45898	0.81042	0	
1279255	8627.26074	3307072204286	0.48412	0.23329	8627.16699	0.09375	12139	1	0.51192	0.24752	1	0.45802	0.36585	1	0.48497	0.30669	1	0.47291	0.52838	11.73049	1.06647	1	0.73317	0.54910	13.75168	1.06647	1	-0.00669	-0.00806	0.67599	0.00379	1	0.06094	-0.01207	0.68185	0.00381	1	1.45898	0.81042	0	
1279256	8627.26758	3307072271285	0.48398	0.23505	8627.16699	0.10059	12139	1	0.50643	0.14154	1	0.45722	0.38125	1	0.48182	0.26140	1	0.47280	0.52708	12.17462	1.06647	1	0.73320	0.54909	13.70953	1.06647	1	-0.00669	-0.00806	0.67599	0.00247	1	0.06094	-0.01207	0.68185	0.00378	1	1.45898	0.81042	0	
1279257	8627.27441	3307072336717	0.48385	0.23660	8627.16699	0.10742	12139	1	0.50643	0.14154	1	0.45722	0.38125	1	0.48182	0.26140	1	0.47322	0.52851	12.19439	1.06647	1	0.73313	0.54890	13.62299	1.06647	1	-0.00672	-0.00814	0.67855	0.00358	1	0.06042	-0.01200	0.67489	0.00380	1	1.45898	0.81042	0	
1279258	8627.28125	3307072405617	0.48459	0.23851	8627.16699	0.11426	12139	1	0.52160	0.28596	1	0.47259	0.25630	1	0.49709	0.27113	1	0.47304	0.52857	11.63838	1.06647	1	0.73334	0.54875	12.95896	1.06647	1	-0.00672	-0.00814	0.67855	0.00388	1	0.06042	-0.01200	0.67489	0.00382	1	1.45898	0.81042	0	
1279259	8627.28711	3307072470292	0.48523	0.24065	8627.16699	0.12012	12139	1	0.52572	0.28532	1	0.46780	0.27286	1	0.49676	0.27909	1	0.47313	0.52880	11.90978	1.06647	1	0.73325	0.54895	13.33670	1.06647	1	-0.00672	-0.00814	0.67855	0.00384	1	0.06042	-0.01200	0.67489	0.00380	1	1.45898	0.81042	0	
1279260	8627.29492	3307072539789	0.48581	0.24257	8627.16699	0.12793	12139	1	0.52572	0.28532	1	0.46780	0.27286	1	0.49676	0.27909	1	0.47351	0.52866	11.99838	1.06647	1	0.73349	0.54855	12.93784	1.06647	1	-0.00669	-0.00806	0.67599	0.00404	1	0.06042	-0.01205	0.67489	0.00396	1	1.45898	0.81042	0	
1279261	8627.30078	3307072606195	0.48556	0.24086	8627.16699	0.13379	12139	1	0.48771	0.16025	1	0.47338	0.25280	1	0.48055	0.20652	1	0.47303	0.52720	11.82246	1.06647	1	0.73338	0.54876	13.32677	1.06647	1	-0.00669	-0.00806	0.67599	0.00253	1	0.06042	-0.01205	0.67489	0.00392	1	1.45898	0.81042	0	
1279262	8627.30762	3307072673223	0.48507	0.23818	8627.16699	0.14062	12139	1	0.47721	0.10354	1	0.47242	0.26065	1	0.47481	0.18210	1	0.47291	0.52705	12.29225	1.06647	1	0.73340	0.54880	12.95976	1.06647	1	-0.00669	-0.00806	0.67599	0.00250	1	0.06042	-0.01205	0.67489	0.00388	1	1.45898	0.81042	0	
1279263	8627.31445	3307072738946	0.48463	0.23558	8627.16699	0.14746	12139	1	0.47721	0.10354	1	0.47272	0.25300	1	0.47496	0.17827	1	0.47312	0.52726	11.96673	1.06647	1	0.73342	0.54906	13.31804	1.07515	1	-0.00672	-0.00814	0.67855	0.00248	1	0.06352	-0.01271	0.70885	0.00382	1	1.45898	0.81042	0	
1279264	8627.32129	3307072807138	0.48477	0.23208	8627.16699	0.15430	12139	1	0.49986	0.10126	1	0.47629	0.20187	1	0.48808	0.15157	1	0.47314	0.52732	11.86659	1.07515	1	0.73335	0.54857	12.90378	1.08383	1	-0.00672	-0.00814	0.67855	0.00243	1	0.06352	-0.01271	0.70885	0.00399	1	1.45898	0.81042	0	
1279265	8627.32812	3307072874110	0.48485	0.22947	8627.16699	0.16113	12139	1	0.49349	0.12116	1	0.48007	0.21237	1	0.48678	0.16676	1	0.47309	0.52737	11.97202	1.08383	1	0.73337	0.54862	12.84758	1.09251	1	-0.00672	-0.00814	0.67855	0.00246	1	0.06352	-0.01271	0.70885	0.00401	1	1.45898	0.81042	0	
1279266	8627.33496	3307072941274	0.48490	0.22641	8627.16699	0.16797	12139	1	0.49126	0.10375	1	0.48079	0.19628	1	0.48603	0.15002	1	0.47317	0.52971	12.12430	1.10160	1	0.73370	0.54880	12.63433	1.11028	1	-0.00675	-0.00838	0.69806	0.00359	1	0.06251	-0.01256	0.69766	0.00396	1	1.45898	0.81042	0	
1279267	8627.34180	3307073008492	0.48480	0.22414	8627.16699	0.17480	12139	1	0.50553	0.10019	1	0.45918	0.23020	1	0.48236	0.16519	1	0.47342	0.52765	12.39044	1.11936	1	0.73359	0.54899	12.98935	1.11936	1	-0.00675	-0.00838	0.69806	0.00253	1	0.06251	-0.01256	0.69766	0.00398	1	1.45898	0.81042	0	
1279268	8627.34766	3307073075657	0.48477	0.22067	8627.16699	0.18066	12139	1	0.49379	0.07474	1	0.47382	0.17901	1	0.48381	0.12688	1	0.47327	0.52750	11.78417	1.12845	1	0.73375	0.54865	12.58332	1.12845	1	-0.00675	-0.00838	0.69806	0.00254	1	0.06251	-0.01256	0.69766	0.00387	1	1.45898	0.81042	0	
1279269	8627.35449	3307073141476	0.48598	0.19029	8627.16699	0.18066	12139	0	0.49379	0.07474	1	0.47382	0.17901	1	0.48381	0.12688	1	0.47334	0.52959	11.99985	1.12845	1	0.73379	0.54902	13.21400	1.12845	1	-0.00654	-0.00827	0.68105	0.00369	1	0.06251	-0.01256	0.69766	0.00367	1	1.45898	0.81042	0	
1279270	8627.36133	3307073208578	0.48331	0.17522	8627.16699	0.18066	12139	0	0.50078	0.07040	1	0.46050	0.24989	1	0.48064	0.16014	1	0.47329	0.52778	12.23457	1.11936	1	0.73358	0.54926	13.49775	1.11936	1	-0.00654	-0.00827	0.68105	0.00245	1	0.06251	-0.01256	0.69766	0.00364	1	1.45898	0.81042	0	
1279271	8627.36816	3307073276038	0.48379	0.17264	8627.16699	0.18066	12139	0	0.50416	0.06485	1	0.46536	0.27012	1	0.48476	0.16749	1	0.47335	0.52767	12.30944	1.11028	1	0.73363	0.54930	13.46577	1.11028	1	-0.00654	-0.00827	0.68105	0.00243	1	0.06251	-0.01256	0.69766	0.00362	1	1.45898	0.81042	0	
1279272	8627.37500	3307073342937	0.48413	0.17345	8627.35449	0.02051	12140	1	0.50520	0.07399	1	0.46511	0.27774	1	0.48515	0.17586	1	0.47347	0.52925	11.08391	1.10119	1	0.73352	0.54931	13.34165	1.10119	1	-0.00654	-0.00827	0.68105	0.00394	1	0.06352	-0.01281	0.70885	0.00364	1	1.45898	0.81042	0	
1279273	8627.38184	3307073410478	0.48560	0.17409	8627.35449	0.02734	12140	1	0.50362	0.07255	1	0.47932	0.28082	1	0.49147	0.17668	1	0.47333	0.52773	12.39089	1.10119	1	0.73386	0.54953	12.38789	1.10119	1	-0.00654	-0.00827	0.68105	0.00240	1	0.06352	-0.01281	0.70885	0.00388	1	1.45898	0.81042	0	
1279274	8627.38867	3307073477326	0.48447	0.17879	8627.35449	0.03418	12140	1	0.51167	0.09892	1	0.44592	0.30565	1	0.47880	0.20228	1	0.47345	0.52782	12.40086	1.10119	1	0.73336	0.54998	13.37323	1.10119	1	-0.00654	-0.00827	0.68105	0.00247	1	0.06352	-0.01281	0.70885	0.00394	1	1.45898	0.81042	0	
1279275	8627.39453	3307073544676	0.48366	0.18215	8627.35449	0.04004	12140	1	0.51167	0.09892	1	0.44592	0.30565	1	0.47880	0.20228	1	0.47350	0.52793	12.55966	1.10119	1	0.73393	0.54995	13.45774	1.10119	1	-0.00654	-0.00827	0.68105	0.00249	1	0.06352	-0.01281	0.70885	0.00386	1	1.45898	0.81042	0	
1279276	8627.40137	3307073612280	0.48508	0.18749	8627.35449	0.04688	12140	1	0.51812	0.10645	1	0.47203	0.34331	1	0.49507	0.22488	1	0.47349	0.52790	12.48275	1.10119	1	0.73379	0.54997	13.28234	1.10119	1	-0.00654	-0.00827	0.68105	0.00249	1	0.06352	-0.01281	0.70885	0.00389	1	1.45898	0.81042	0	
1279277	8627.40820	3307073678210	0.48697	0.18809	8627.35449	0.05371	12140	1	0.49146	0.09036	1	0.51262	0.29550	1	0.50204	0.19293	1	0.47345	0.52782	12.40086	1.10119	1	0.73434	0.54974	12.68019	1.10119	1	-0.00654	-0.00827	0.68105	0.00246	1	0.06352	-0.01281	0.70885	0.00384	1	1.45898	0.81042	0	
1279278	8627.41504	3307073743593	0.48845	0.18894	8627.35449	0.06055	12140	1	0.49146	0.09036	1	0.51203	0.30267	1	0.50174	0.19652	1	0.47376	0.52994	12.36587	1.10119	1	0.73433	0.54965	12.65982	1.09251	1	-0.00643	-0.00819	0.66970	0.00352	1	0.06042	-0.01223	0.67378	0.00386	1	1.45898	0.81042	0	
1279279	8627.42188	3307073811697	0.48962	0.18983	8627.35449	0.06738	12140	1	0.52716	0.13359	1	0.47564	0.26405	1	0.50140	0.19882	1	0.47358	0.52810	12.26087	1.09251	1	0.73423	0.54963	12.97521	1.08383	1	-0.00643	-0.00819	0.66970	0.00245	1	0.06042	-0.01223	0.67378	0.00387	1	1.45898	0.81042	0	
1279280	8627.42871	3307073878858	0.48966	0.19069	8627.35449	0.07422	12140	1	0.49468	0.12595	1	0.48539	0.27422	1	0.49004	0.20008	1	0.47358	0.52806	12.17462	1.08383	1	0.73426	0.55004	12.92406	1.07515	1	-0.00643	-0.00819	0.66970	0.00247	1	0.06042	-0.01223	0.67378	0.00392	1	1.45898	0.81042	0	
1279281	8627.43555	3307073946743	0.48971	0.19203	8627.35449	0.08105	12140	1	0.49576	0.13442	1	0.48499	0.28171	1	0.49038	0.20806	1	0.47361	0.52820	11.96914	1.07515	1	0.73436	0.54935	12.50355	1.06647	1	-0.00654	-0.00838	0.68105	0.00241	1	0.06042	-0.01223	0.67378	0.00437	1	1.45898	0.81042	0	
1279282	8627.44141	3307074013652	0.48934	0.19326	8627.35449	0.08691	12140	1	0.50335	0.16001	1	0.46570	0.25865	1	0.48453	0.20933	1	0.47354	0.52827	12.21721	1.06647	1	0.73402	0.54927	12.24152	1.06647	1	-0.00654	-0.00838	0.68105	0.00242	1	0.06042	-0.01223	0.67378	0.00428	1	1.45898	0.81042	0	
1279283	8627.44824	3307074079736	0.48934	0.19479	8627.35449	0.09375	12140	1	0.50256	0.14967	1	0.47596	0.28284	1	0.48926	0.21626	1	0.47359	0.52810	12.16824	1.06647	1	0.73425	0.55007	13.17937	1.06647	1	-0.00654	-0.00838	0.68105	0.00245	1	0.06042	-0.01223	0.67378	0.00375	1	1.45898	0.81042	0	
1279284	8627.45508	3307074146758	0.48933	0.19614	8627.35449	0.10059	12140	1	0.50256	0.14967	1	0.47596	0.28284	1	0.48926	0.21626	1	0.47361	0.52805	12.20399	1.06647	1	0.73427	0.54898	12.97535	1.06647	1	-0.00654	-0.00838	0.68105	0.00242	1	0.06042	-0.01223	0.67378	0.00417	1	1.45898	0.81042	0	
1279285	8627.46191	3307074214638	0.48999	0.19738	8627.35449	0.10742	12140	1	0.52124	0.25939	1	0.47985	0.17501	1	0.50055	0.21720	1	0.47384	0.52930	11.52454	1.06647	1	0.73426	0.54839	12.60924	1.06647	1	-0.00654	-0.00838	0.68105	0.00401	1	0.06042	-0.01223	0.67378	0.00437	1	1.45898	0.81042	0	
1279286	8627.46875	3307074280768	0.48969	0.19759	8627.35449	0.11426	12140	1	0.50660	0.13751	1	0.46257	0.26500	1	0.48458	0.20126	1	0.47358	0.52798	12.23264	1.06647	1	0.73394	0.54925	13.17078	1.06647	1	-0.00654	-0.00838	0.68105	0.00244	1	0.06042	-0.01223	0.67378	0.00422	1	1.45898	0.81042	0	
1279287	8627.47559	3307074347392	0.48942	0.19778	8627.35449	0.12109	12140	1	0.50660	0.13751	1	0.46257	0.26500	1	0.48458	0.20126	1	0.47359	0.52831	11.78742	1.06647	1	0.73379	0.55012	13.50646	1.06647	1	-0.00654	-0.00838	0.68105	0.00246	1	0.06042	-0.01223	0.67378	0.00388	1	1.45898	0.81042	0	
1279288	8627.48145	3307074412346	0.48900	0.20667	8627.35449	0.12695	12140	1	0.50820	0.37023	1	0.45377	0.38093	1	0.48099	0.37558	1	0.47351	0.53042	11.23368	1.06647	1	0.73387	0.55025	13.83625	1.06647	1	-0.00654	-0.00838	0.68105	0.00387	1	0.06042	-0.01223	0.67378	0.00385	1	1.45898	0.81042	0	
1279289	8627.48828	3307074477528	0.48904	0.21003	8627.35449	0.13379	12140	1	0.49999	0.16237	1	0.47967	0.39189	1	0.48983	0.27713	1	0.47355	0.52823	12.11459	1.06647	1	0.73432	0.55014	13.07912	1.06647	1	-0.00654	-0.00838	0.68105	0.00244	1	0.06042	-0.01223	0.67378	0.00385	1	1.45898	0.81042	0	
1279290	8627.49512	3307074546591	0.48908	0.21293	8627.35449	0.14062	12140	1	0.49999	0.16237	1	0.48003	0.38529	1	0.49001	0.27383	1	0.47362	0.52819	12.36357	1.06647	1	0.73382	0.54979	12.54033	1.07515	1	-0.00654	-0.00838	0.68105	0.00243	1	0.06352	-0.01281	0.70885	0.00381	1	1.45898	0.81042	0	
1279291	8627.50195	3307074612698	0.48882	0.21381	8627.35449	0.14746	12140	1	0.51544	0.11204	1	0.45077	0.35454	1	0.48310	0.23329	1	0.47345	0.52819	12.18897	1.07515	1	0.73342	0.55002	12.87084	1.08383	1	-0.00654	-0.00838	0.68105	0.00241	1	0.06352	-0.01281	0.70885	0.00398	1	1.45898	0.81042	0	
1279292	8627.50879	3307074679777	0.48906	0.21423	8627.35449	0.15430	12140	1	0.50754	0.09704	1	0.48137	0.35068	1	0.49445	0.22386	1	0.47350	0.52822	12.04349	1.08383	1	0.73396	0.55000	12.35205	1.09251	1	-0.00654	-0.00838	0.68105	0.00244	1	0.06352	-0.01281	0.70885	0.00392	1	1.45898	0.81042	0	
1279293	8627.51465	3307074745916	0.48926	0.21431	8627.35449	0.16016	12140	1	0.50655	0.08835	1	0.48173	0.34392	1	0.49414	0.21613	1	0.47347	0.52832	11.96281	1.09251	1	0.73383	0.54968	12.35764	1.10119	1	-0.00654	-0.00838	0.68105	0.00248	1	0.06352	-0.01281	0.70885	0.00395	1	1.45898	0.81042	0	
1279294	8627.52148	3307074812881	0.48996	0.24680	8627.35449	0.16016	12140	0	0.52921	0.28035	1	0.46833	0.33883	1	0.49877	0.30959	1	0.47361	0.53048	11.38759	1.10119	1	0.73369	0.54991	12.87113	1.10119	1	-0.00654	-0.00838	0.68105	0.00370	1	0.06352	-0.01281	0.70885	0.00387	1	1.45898	0.81042	0	
1279295	8627.52832	3307074876879	0.48965	0.22711	8627.35449	0.16016	12140	0	0.51365	0.08805	1	0.46503	0.32680	1	0.48934	0.20742	1	0.47350	0.52835	11.76834	1.10119	1	0.73367	0.54983	12.85603	1.10119	1	-0.00654	-0.00838	0.68105	0.00250	1	0.06352	-0.01281	0.70885	0.00380	1	1.45898	0.81042	0	
1279296	8627.53516	3307074946694	0.48955	0.22055	8627.35449	0.16016	12140	0	0.51365	0.08805	1	0.46503	0.32680	1	0.48934	0.20742	1	0.47405	0.53087	12.02681	1.10119	1	0.73337	0.54974	12.92997	1.10119	1	-0.00654	-0.00838	0.68105	0.00371	1	0.06352	-0.01281	0.70885	0.00380	1	1.45898	0.81042	0	
1279297	8627.54199	3307075016095	0.49219	0.21723	8627.52148	0.02051	12141	1	0.50582	0.10746	1	0.49442	0.30713	1	0.50012	0.20729	1	0.47337	0.52855	11.80140	1.10119	1	0.73367	0.54974	12.86821	1.10119	1	-0.00654	-0.00838	0.68105	0.00242	1	0.06352	-0.01281	0.70885	0.00378	1	1.45898	0.81042	0	
1279298	8627.54883	3307075084592	0.49437	0.21366	8627.52148	0.02734	12141	1	0.50862	0.11014	1	0.49756	0.28863	1	0.50309	0.19938	1	0.47337	0.52850	11.81692	1.10119	1	0.73372	0.54968	12.80676	1.10119	1	-0.00654	-0.00838	0.68105	0.00241	1	0.06352	-0.01281	0.70885	0.00377	1	1.45898	0.81042	0	
1279299	8627.55566	3307075150690	0.49578	0.20992	8627.52148	0.03418	12141	1	0.50760	0.10130	1	0.49807	0.28108	1	0.50283	0.19119	1	0.47339	0.52859	12.11072	1.11028	1	0.73381	0.54964	12.85754	1.11028	1	-0.00673	-0.00861	0.69598	0.00238	1	0.06352	-0.01281	0.70885	0.00377	1	1.45898	0.81042	0	
1279300	8627.56250	3307075218186	0.49743	0.22008	8627.52148	0.04102	12141	1	0.52311	0.27632	1	0.49158	0.28573	1	0.50734	0.28102	1	0.47344	0.53059	11.32683	1.11936	1	0.73360	0.54974	13.32393	1.11936	1	-0.00673	-0.00861	0.69598	0.00368	1	0.06352	-0.01281	0.70885	0.00375	1	1.45898	0.81042	0	
1279301	8627.56934	3307075285608	0.49567	0.22928	8627.52148	0.04785	12141	1	0.51995	0.30728	1	0.44662	0.28012	1	0.48329	0.29370	1	0.47348	0.53091	11.12169	1.12845	1	0.73343	0.54975	13.43624	1.12845	1	-0.00673	-0.00861	0.69598	0.00362	1	0.06352	-0.01281	0.70885	0.00376	1	1.45898	0.81042	0	
1279302	8627.57617	3307075352101	0.49424	0.23563	8627.52148	0.05469	12141	1	0.51903	0.30025	1	0.44672	0.27272	1	0.48287	0.28648	1	0.47337	0.52871	12.15336	1.13753	1	0.73355	0.54968	13.13927	1.13753	1	-0.00673	-0.00861	0.69598	0.00237	1	0.06251	-0.01256	0.69766	0.00375	1	1.45898	0.81042	0	
1279303	8627.58203	3307075419247	0.49421	0.23068	8627.52148	0.06055	12141	1	0.52217	0.07441	1	0.46573	0.29774	1	0.49395	0.18608	1	0.47353	0.52861	11.96991	1.13753	1	0.73362	0.54978	12.95151	1.13753	1	-0.00673	-0.00861	0.69598	0.00250	1	0.06251	-0.01256	0.69766	0.00387	1	1.45898	0.81042	0	
1279304	8627.58887	3307075486177	0.49299	0.22528	8627.52148	0.06738	12141	1	0.50329	0.07133	1	0.45828	0.27125	1	0.48078	0.17129	1	0.47334	0.52858	11.93081	1.13753	1	0.73359	0.54969	12.92847	1.13753	1	-0.00673	-0.00861	0.69598	0.00245	1	0.06251	-0.01256	0.69766	0.00394	1	1.45898	0.81042	0	
1279305	8627.59570	3307075553239	0.49201	0.22146	8627.52148	0.07422	12141	1	0.50431	0.08020	1	0.45809	0.27867	1	0.48120	0.17943	1	0.47352	0.52868	12.06910	1.12845	1	0.73371	0.54997	12.81259	1.12845	1	-0.00654	-0.00838	0.68105	0.00248	1	0.06251	-0.01266	0.69766	0.00383	1	1.45898	0.81042	0	
1279306	8627.60254	3307075618357	0.49259	0.22438	8627.52148	0.08105	12141	1	0.53138	0.19588	1	0.46766	0.32296	1	0.49952	0.25942	1	0.47372	0.52969	11.31416	1.11936	1	0.73365	0.54995	12.39080	1.11936	1	-0.00654	-0.00838	0.68105	0.00394	1	0.06251	-0.01266	0.69766	0.00391	1	1.45898	0.81042	0	
1279307	8627.60938	3307075688067	0.49266	0.22935	8627.52148	0.08789	12141	1	0.52543	0.27902	1	0.46182	0.30881	1	0.49362	0.29392	1	0.47394	0.53034	11.89459	1.11028	1	0.73359	0.54972	13.59121	1.11028	1	-0.00654	-0.00838	0.68105	0.00353	1	0.06251	-0.01266	0.69766	0.00398	1	1.45898	0.81042	0	
1279308	8627.61621	3307075753952	0.49275	0.23414	8627.52148	0.09473	12141	1	0.52633	0.28640	1	0.46160	0.31611	1	0.49397	0.30125	1	0.47358	0.52852	12.30599	1.10119	1	0.73387	0.54874	11.94206	1.10119	1	-0.00654	-0.00838	0.68105	0.00245	1	0.06352	-0.01292	0.70885	0.00425	1	1.45898	0.81042	0	
1279309	8627.62305	3307075821013	0.49207	0.23085	8627.52148	0.10156	12141	1	0.50462	0.13279	1	0.45903	0.23030	1	0.48182	0.18155	1	0.47372	0.52863	12.23915	1.10119	1	0.73391	0.54886	11.92162	1.10119	1	-0.00654	-0.00838	0.68105	0.00245	1	0.06352	-0.01292	0.70885	0.00438	1	1.45898	0.81042	0	
1279310	8627.62891	3307075888158	0.48960	0.23025	8627.52148	0.10742	12141	1	0.48459	0.10680	1	0.41586	0.33430	1	0.45022	0.22055	1	0.47363	0.52855	12.19447	1.10119	1	0.73333	0.55049	13.22650	1.10119	1	-0.00654	-0.00838	0.68105	0.00243	1	0.06352	-0.01292	0.70885	0.00396	1	1.45898	0.81042	0	
1279311	8627.63574	3307075955618	0.48739	0.22962	8627.52148	0.11426	12141	1	0.48341	0.09792	1	0.41597	0.33998	1	0.44969	0.21895	1	0.47386	0.52857	12.32796	1.11028	1	0.73394	0.54938	13.09208	1.09394	1	-0.00673	-0.00869	0.70633	0.00242	1	0.05941	-0.01201	0.66188	0.00426	1	1.45898	0.81042	0	
1279312	8627.64258	3307076022455	0.48827	0.23200	8627.52148	0.12109	12141	1	0.53956	0.30955	1	0.46863	0.24013	1	0.50410	0.27484	1	0.47453	0.53076	12.92279	1.10302	1	0.73413	0.54932	13.22199	1.08668	1	-0.00673	-0.00869	0.70633	0.00364	1	0.05941	-0.01201	0.66188	0.00423	1	1.45898	0.81042	0	
1279313	8627.64941	3307076089382	0.48841	0.22964	8627.52148	0.12793	12141	1	0.51207	0.11988	1	0.47025	0.24982	1	0.49116	0.18485	1	0.47405	0.52845	11.98417	1.09577	1	0.73408	0.54922	13.06731	1.07943	1	-0.00673	-0.00869	0.70633	0.00250	1	0.05941	-0.01201	0.66188	0.00428	1	1.45898	0.81042	0	
1279314	8627.65625	3307076156025	0.48859	0.22789	8627.52148	0.13477	12141	1	0.51387	0.13571	1	0.47025	0.24982	1	0.49206	0.19277	1	0.47418	0.52833	11.83420	1.07943	1	0.73434	0.54933	12.95338	1.07943	1	-0.00640	-0.00846	0.68795	0.00250	1	0.06330	-0.01283	0.70411	0.00401	1	1.45898	0.81042	0	
1279315	8627.66309	3307076223238	0.48922	0.22597	8627.52148	0.14160	12141	1	0.51134	0.13903	1	0.49393	0.23241	1	0.50264	0.18572	1	0.47415	0.52840	12.25770	1.07034	1	0.73441	0.54966	13.19009	1.08668	1	-0.00640	-0.00846	0.68795	0.00240	1	0.06330	-0.01283	0.70411	0.00374	1	1.45898	0.81042	0	
1279316	8627.66992	3307076289977	0.48944	0.22330	8627.52148	0.14844	12141	1	0.51383	0.16182	1	0.47473	0.16736	1	0.49428	0.16459	1	0.47419	0.52833	12.33594	1.07760	1	0.73420	0.54896	12.87763	1.09394	1	-0.00640	-0.00846	0.68795	0.00243	1	0.06330	-0.01283	0.70411	0.00410	1	1.45898	0.81042	0	
1279317	8627.67578	3307076357245	0.48963	0.22057	8627.52148	0.15430	12141	1	0.51302	0.15496	1	0.47498	0.16051	1	0.49400	0.15773	1	0.47433	0.52819	12.18657	1.08485	1	0.73402	0.54935	12.90722	1.10119	1	-0.00640	-0.00846	0.68795	0.00250	1	0.06330	-0.01273	0.70411	0.00415	1	1.45898	0.81042	0	
1279318	8627.68262	3307076424079	0.48882	0.22084	8627.52148	0.16113	12141	1	0.50587	0.12889	1	0.43269	0.32558	1	0.46928	0.22723	1	0.47430	0.52813	12.14571	1.10119	1	0.73396	0.55003	13.31418	1.10119	1	-0.00640	-0.00846	0.68795	0.00251	1	0.06330	-0.01273	0.70411	0.00381	1	1.45898	0.81042	0	
1279319	8627.68945	3307076491072	0.48915	0.22248	8627.52148	0.16797	12141	1	0.51241	0.27997	1	0.48255	0.24741	1	0.49748	0.26369	1	0.47451	0.53003	11.54334	1.10119	1	0.73466	0.54958	12.54240	1.10119	1	-0.00640	-0.00846	0.68795	0.00379	1	0.06330	-0.01273	0.70411	0.00407	1	1.45898	0.81042	0	
1279320	8627.69629	3307076555690	0.48944	0.22387	8627.52148	0.17480	12141	1	0.51141	0.27253	1	0.48257	0.24706	1	0.49699	0.25979	1	0.47405	0.53008	12.14704	1.11028	1	0.73421	0.54962	12.56082	1.10160	1	-0.00673	-0.00869	0.70633	0.00337	1	0.05910	-0.01194	0.65795	0.00381	1	1.45898	0.81042	0	
1279321	8627.70312	3307076625527	0.48969	0.22202	8627.52148	0.18164	12141	1	0.49981	0.11929	1	0.49301	0.22528	1	0.49641	0.17229	1	0.47318	0.52870	11.82332	1.11068	1	0.73368	0.54967	12.19989	1.10200	1	-0.00673	-0.00869	0.70633	0.00243	1	0.05910	-0.01194	0.65795	0.00395	1	1.45898	0.81042	0	
1279322	8627.70996	3307076692127	0.49181	0.21604	8627.52148	0.18848	12141	1	0.54147	0.05413	1	0.56101	0.04311	1	0.55124	0.04862	1	0.47323	0.52858	10.95963	1.11109	1	0.73391	0.54784	11.79766	1.10241	1	-0.00673	-0.00869	0.70633	0.00239	1	0.05910	-0.01194	0.65795	0.00264	1	1.45898	0.81042	0	
1279323	8627.71680	3307076759270	0.50340	0.18248	8627.52148	0.18848	12141	0	0.54223	0.06292	1	0.56006	0.05231	1	0.55114	0.05761	1	0.46903	0.53047	11.36208	1.10241	1	0.72906	0.55158	12.88155	1.09373	1	-0.00693	-0.00857	0.67992	0.00235	1	0.06066	-0.01266	0.68330	0.00346	1	1.45898	0.81042	0	
1279324	8627.72266	3307076826472	0.43638	0.22286	8627.52148	0.18848	12141	0	0.33975	0.20198	1	0.39898	0.32450	1	0.36937	0.26324	1	0.46824	0.53075	10.84915	1.08464	1	0.72904	0.55178	12.67635	1.08464	1	-0.00693	-0.00857	0.67992	0.00249	1	0.06066	-0.01266	0.68330	0.00362	1	1.45898	0.81042	0	
1279325	8627.72949	3307076893065	0.41997	0.24599	8627.52148	0.18848	12141	0	0.35218	0.21971	1	0.42211	0.36482	1	0.38715	0.29227	1	0.46837	0.53076	10.85105	1.07556	1	0.72905	0.55204	12.88911	1.07556	1	-0.00693	-0.00857	0.67992	0.00244	1	0.06066	-0.01266	0.68330	0.00359	1	1.45898	0.81042	0	
1279326	8627.73633	3307076960079	0.38158	0.28401	8627.52148	0.18848	12141	0	0.35434	0.22792	1	0.42211	0.36513	1	0.38823	0.29653	1	0.46660	0.53211	11.19311	1.06647	1	0.72640	0.55242	12.36682	1.07515	1	-0.00733	-0.00876	0.67906	0.00247	1	0.06248	-0.01330	0.70915	0.00357	1	1.45898	0.81042	0	
1279327	8627.74316	3307077027040	0.32202	0.33394	8627.52148	0.18848	12141	0	0.26334	0.35016	1	0.26156	0.41758	1	0.26245	0.38387	1	0.46649	0.53220	11.26968	1.07515	1	0.72654	0.55293	12.36598	1.08383	1	-0.00733	-0.00876	0.67906	0.00239	1	0.06248	-0.01330	0.70915	0.00338	1	1.45898	0.81042	0	
1279328	8627.75000	3307077094018	0.30212	0.33907	8627.52148	0.18848	12141	0	0.26490	0.35719	1	0.25976	0.34149	1	0.26233	0.34934	1	0.46659	0.53229	10.70336	1.08383	1	0.72643	0.55212	12.29369	1.09251	1	-0.00733	-0.00876	0.67906	0.00241	1	0.06248	-0.01330	0.70915	0.00357	1	1.45898	0.81042	0	
1279329	8627.75684	3307077161303	0.26192	0.35973	8627.52148	0.18848	12141	0	0.26222	0.35047	1	0.25976	0.34149	1	0.26099	0.34598	1	0.46636	0.53220	10.77484	1.09251	1	0.72636	0.55229	12.32254	1.09251	1	-0.00733	-0.00876	0.67906	0.00239	1	0.06056	-0.01288	0.68676	0.00351	1	1.45898	0.81042	0	
1279330	8627.76367	3307077228089	0.26502	0.37508	8627.52148	0.18848	12141	0	0.25720	0.35328	1	0.27904	0.42757	1	0.26812	0.39042	1	0.46646	0.53233	11.66227	1.09251	1	0.72676	0.55294	12.69369	1.08383	1	-0.00733	-0.00876	0.67906	0.00232	1	0.06056	-0.01288	0.68676	0.00334	1	1.45898	0.81042	0	
1279331	8627.76953	3307077293868	0.26588	0.37525	8627.52148	0.18848	12141	0	0.26824	0.33548	1	0.26694	0.41570	1	0.26759	0.37559	1	0.46650	0.53212	11.27234	1.08383	1	0.72664	0.55266	12.60540	1.07515	1	-0.00733	-0.00876	0.67906	0.00237	1	0.06056	-0.01288	0.68676	0.00348	1	1.45898	0.81042	0	
1279332	8627.77637	3307077361952	0.26680	0.37697	8627.75684	0.01953	12142	1	0.27090	0.34236	1	0.26825	0.42191	1	0.26957	0.38214	1	0.46650	0.53213	11.20892	1.07515	1	0.72668	0.55263	12.58088	1.06647	1	-0.00732	-0.00869	0.67797	0.00233	1	0.06056	-0.01288	0.68676	0.00349	1	1.45898	0.81042	0	
1279333	8627.78320	3307077428956	0.26775	0.38218	8627.75684	0.02637	12142	1	0.26339	0.35371	1	0.27972	0.45228	1	0.27155	0.40300	1	0.46641	0.53214	10.83847	1.06647	1	0.72675	0.55290	12.39663	1.06647	1	-0.00732	-0.00869	0.67797	0.00233	1	0.06056	-0.01288	0.68676	0.00346	1	1.45898	0.81042	0	
1279334	8627.79004	3307077493492	0.26849	0.38382	8627.75684	0.03320	12142	1	0.26457	0.35108	1	0.27983	0.43301	1	0.27220	0.39205	1	0.46630	0.53205	10.48231	1.06647	1	0.72677	0.55291	12.60174	1.06647	1	-0.00732	-0.00869	0.67797	0.00236	1	0.06056	-0.01288	0.68676	0.00351	1	1.45898	0.81042	0	
1279335	8627.79688	3307077563015	0.26902	0.38500	8627.75684	0.04004	12142	1	0.26457	0.35108	1	0.27983	0.43301	1	0.27220	0.39205	1	0.46627	0.53198	10.36709	1.06647	1	0.72637	0.55278	12.76828	1.06647	1	-0.00732	-0.00869	0.67797	0.00234	1	0.05965	-0.01258	0.67646	0.00330	1	1.45898	0.81042	0	
1279336	8627.80371	3307077629597	0.26812	0.38684	8627.75684	0.04688	12142	1	0.25291	0.35883	1	0.27068	0.44075	1	0.26180	0.39979	1	0.46632	0.53213	10.13804	1.06647	1	0.72662	0.55286	13.04773	1.06647	1	-0.00732	-0.00869	0.67797	0.00240	1	0.05965	-0.01258	0.67646	0.00343	1	1.45898	0.81042	0	
1279337	8627.81055	3307077697438	0.26746	0.38760	8627.75684	0.05371	12142	1	0.24981	0.34595	1	0.27451	0.44125	1	0.26216	0.39360	1	0.46628	0.53203	10.37057	1.06647	1	0.72668	0.55299	12.88604	1.06647	1	-0.00732	-0.00869	0.67797	0.00238	1	0.05965	-0.01258	0.67646	0.00342	1	1.45898	0.81042	0	
1279338	8627.81738	3307077764253	0.26693	0.38820	8627.75684	0.06055	12142	1	0.24981	0.34595	1	0.27451	0.44125	1	0.26216	0.39360	1	0.46625	0.53185	10.34207	1.06647	1	0.72633	0.55302	12.72017	1.06647	1	-0.00732	-0.00864	0.67797	0.00239	1	0.05965	-0.01258	0.67646	0.00339	1	1.45898	0.81042	0	
1279339	8627.82324	3307077830408	0.26741	0.38968	8627.75684	0.06641	12142	1	0.27282	0.35938	1	0.27156	0.44972	1	0.27219	0.40455	1	0.46618	0.53209	10.70971	1.06647	1	0.72664	0.55294	12.98700	1.06647	1	-0.00732	-0.00864	0.67797	0.00236	1	0.05965	-0.01258	0.67646	0.00343	1	1.45898	0.81042	0	
1279340	8627.83008	3307077898037	0.26783	0.38947	8627.75684	0.07324	12142	1	0.27893	0.33283	1	0.26613	0.44149	1	0.27253	0.38716	1	0.46627	0.53183	10.34447	1.06647	1	0.72658	0.55290	12.98716	1.06647	1	-0.00732	-0.00864	0.67797	0.00239	1	0.05965	-0.01258	0.67646	0.00338	1	1.45898	0.81042	0	
1279341	8627.83691	3307077964779	0.26819	0.38929	8627.75684	0.08008	12142	1	0.27893	0.33283	1	0.26613	0.44149	1	0.27253	0.38716	1	0.46623	0.53177	10.21727	1.06647	1	0.72646	0.55276	12.85551	1.06647	1	-0.00732	-0.00864	0.67797	0.00240	1	0.05965	-0.01258	0.67646	0.00350	1	1.45898	0.81042	0	
1279342	8627.84375	3307078033644	0.26816	0.39070	8627.75684	0.08691	12142	1	0.26808	0.37331	1	0.26729	0.44475	1	0.26768	0.40903	1	0.46617	0.53193	10.87371	1.06647	1	0.72662	0.55286	12.87532	1.06647	1	-0.00732	-0.00864	0.67797	0.00245	1	0.05965	-0.01258	0.67646	0.00342	1	1.45898	0.81042	0	
1279343	8627.85059	3307078098891	0.26845	0.39135	8627.75684	0.09375	12142	1	0.26423	0.37168	1	0.28076	0.42898	1	0.27250	0.40033	1	0.46597	0.53177	10.33443	1.06647	1	0.72674	0.55273	12.68143	1.06647	1	-0.00732	-0.00864	0.67797	0.00248	1	0.05965	-0.01258	0.67646	0.00345	1	1.45898	0.81042	0	
1279344	8627.85742	3307078165842	0.26870	0.39191	8627.75684	0.10059	12142	1	0.26423	0.37168	1	0.28076	0.42898	1	0.27250	0.40033	1	0.46589	0.53166	10.72816	1.06647	1	0.72679	0.55267	12.81498	1.06647	1	-0.00732	-0.00864	0.67797	0.00244	1	0.05965	-0.01258	0.67646	0.00345	1	1.45898	0.81042	0	
1279345	8627.86426	3307078233294	0.26925	0.39121	8627.75684	0.10742	12142	1	0.26449	0.34824	1	0.29151	0.41201	1	0.27800	0.38012	1	0.46607	0.53166	10.88761	1.06647	1	0.72694	0.55273	13.25268	1.06647	1	-0.00732	-0.00864	0.67797	0.00238	1	0.05965	-0.01258	0.67646	0.00345	1	1.45898	0.81042	0	
1279346	8627.87012	3307078299867	0.26937	0.39134	8627.75684	0.11328	12142	1	0.26402	0.36435	1	0.27877	0.42279	1	0.27139	0.39357	1	0.46599	0.53172	10.60958	1.06647	1	0.72677	0.55271	12.72910	1.06647	1	-0.00732	-0.00864	0.67797	0.00240	1	0.05965	-0.01258	0.67646	0.00347	1	1.45898	0.81042	0	
1279347	8627.87695	3307078366639	0.26947	0.39146	8627.75684	0.12012	12142	1	0.26402	0.36435	1	0.27877	0.42279	1	0.27139	0.39357	1	0.46604	0.53176	10.45620	1.06647	1	0.72674	0.55257	12.95907	1.06647	1	-0.00732	-0.00864	0.67797	0.00239	1	0.05965	-0.01253	0.67646	0.00348	1	1.45898	0.81042	0	
1279348	8627.88379	3307078433009	0.26961	0.39017	8627.75684	0.12695	12142	1	0.26409	0.34869	1	0.28031	0.38257	1	0.27220	0.36563	1	0.46610	0.53161	10.63300	1.06647	1	0.72675	0.55229	13.11331	1.06647	1	-0.00732	-0.00864	0.67797	0.00244	1	0.05965	-0.01253	0.67646	0.00365	1	1.45898	0.81042	0	
1279349	8627.89062	3307078497386	0.26981	0.39013	8627.75684	0.13379	12142	1	0.26186	0.35144	1	0.28575	0.42710	1	0.27381	0.38927	1	0.46607	0.53161	10.47334	1.06647	1	0.72688	0.55267	13.14712	1.06647	1	-0.00732	-0.00864	0.67797	0.00242	1	0.05965	-0.01253	0.67646	0.00347	1	1.45898	0.81042	0	
1279350	8627.89746	3307078565717	0.26999	0.39009	8627.75684	0.14062	12142	1	0.26186	0.35144	1	0.28575	0.42710	1	0.27381	0.38927	1	0.46604	0.53155	10.54247	1.06647	1	0.72714	0.55269	12.80984	1.06647	1	-0.00732	-0.00859	0.67797	0.00236	1	0.05965	-0.01253	0.67646	0.00354	1	1.45898	0.81042	0	
1279351	8627.90332	3307078631094	0.27012	0.38975	8627.75684	0.14648	12142	1	0.26343	0.35141	1	0.28233	0.41309	1	0.27288	0.38225	1	0.46604	0.53158	10.51309	1.06647	1	0.72678	0.55263	13.00287	1.06647	1	-0.00732	-0.00859	0.67797	0.00241	1	0.05965	-0.01253	0.67646	0.00348	1	1.45898	0.81042	0	
1279352	8627.91016	3307078698459	0.27040	0.38953	8627.75684	0.15332	12142	1	0.26549	0.34678	1	0.28822	0.42246	1	0.27685	0.38462	1	0.46613	0.53145	10.57477	1.06647	1	0.72684	0.55266	12.96538	1.06647	1	-0.00732	-0.00859	0.67797	0.00241	1	0.05965	-0.01253	0.67646	0.00346	1	1.45898	0.81042	0	
1279353	8627.91699	3307078766485	0.27066	0.38934	8627.75684	0.16016	12142	1	0.26549	0.34678	1	0.28822	0.42246	1	0.27685	0.38462	1	0.46608	0.53160	10.57335	1.06647	1	0.72674	0.55257	12.95907	1.06647	1	-0.00732	-0.00859	0.67797	0.00251	1	0.05965	-0.01253	0.67646	0.00348	1	1.45898	0.81042	0	
1279354	8627.92383	3307078831098	0.27036	0.38891	8627.75684	0.16699	12142	1	0.26925	0.34853	1	0.25691	0.40786	1	0.26308	0.37820	1	0.46611	0.53164	10.58904	1.06647	1	0.72681	0.55256	13.05740	1.06647	1	-0.00732	-0.00859	0.67797	0.00243	1	0.05965	-0.01253	0.67646	0.00349	1	1.45898	0.81042	0	
1279355	8627.93066	3307078897907	0.26988	0.38847	8627.75684	0.17383	12142	1	0.26186	0.35144	1	0.25257	0.40243	1	0.25722	0.37694	1	0.46606	0.53159	10.53572	1.06647	1	0.72676	0.55266	13.00089	1.06647	1	-0.00732	-0.00859	0.67797	0.00241	1	0.05965	-0.01253	0.67646	0.00344	1	1.45898	0.81042	0	
1279356	8627.93750	3307078971034	0.26943	0.38805	8627.75684	0.18066	12142	1	0.26186	0.35144	1	0.25257	0.40243	1	0.25722	0.37694	1	0.46625	0.53158	10.23352	1.06647	1	0.72676	0.55266	13.00089	1.06647	1	-0.00732	-0.00864	0.67797	0.00242	1	0.05965	-0.01253	0.67646	0.00344	1	1.45898	0.81042	0	
1279357	8627.94434	3307079037638	0.26948	0.38767	8627.75684	0.18750	12142	1	0.28515	0.34578	1	0.25691	0.40786	1	0.27103	0.37682	1	0.46630	0.53160	10.10219	1.06647	1	0.72681	0.55256	13.05740	1.06647	1	-0.00732	-0.00864	0.67797	0.00242	1	0.05965	-0.01253	0.67646	0.00349	1	1.45898	0.81042	0	
1279358	8627.95117	3307079103613	0.26943	0.38707	8627.75684	0.19434	12142	1	0.26384	0.35925	1	0.27226	0.38021	1	0.26805	0.36973	1	0.46607	0.53169	10.78415	1.06647	1	0.72669	0.55250	12.98273	1.06647	1	-0.00732	-0.00864	0.67797	0.00231	1	0.05965	-0.01253	0.67646	0.00351	1	1.45898	0.81042	0	
1279359	8627.95801	3307079170858	0.26939	0.38651	8627.75684	0.20117	12142	1	0.26384	0.35925	1	0.27226	0.38021	1	0.26805	0.36973	1	0.46562	0.53187	10.48266	1.06647	1	0.72621	0.55249	12.69427	1.06647	1	-0.00740	-0.00862	0.67584	0.00237	1	0.05965	-0.01258	0.67646	0.00350	1	1.45898	0.81042	0	
1279360	8627.96387	3307079237282	0.26845	0.38656	8627.75684	0.20703	12142	1	0.23565	0.37351	1	0.24284	0.40305	1	0.23924	0.38828	1	0.46562	0.53178	10.53930	1.06647	1	0.72612	0.55267	12.93048	1.06647	1	-0.00740	-0.00862	0.67584	0.00234	1	0.05965	-0.01258	0.67646	0.00352	1	1.45898	0.81042	0	
1279361	8627.97070	3307079304437	0.26751	0.38688	8627.75684	0.21387	12142	1	0.24070	0.36298	1	0.23436	0.43094	1	0.23753	0.39696	1	0.46562	0.53178	10.51887	1.06647	1	0.72604	0.55279	13.01385	1.06647	1	-0.00740	-0.00862	0.67584	0.00242	1	0.05965	-0.01258	0.67646	0.00348	1	1.45898	0.81042	0	
1279362	8627.97754	3307079370758	0.26663	0.38718	8627.75684	0.22070	12142	1	0.24070	0.36298	1	0.23436	0.43094	1	0.23753	0.39696	1	0.46542	0.53182	10.51113	1.06647	1	0.72625	0.55255	12.60093	1.06647	1	-0.00732	-0.00864	0.67797	0.00252	1	0.05965	-0.01253	0.67646	0.00349	1	1.45898	0.81042	0	
1279363	8627.98438	3307079438398	0.26587	0.38698	8627.75684	0.22754	12142	1	0.24760	0.35567	1	0.23268	0.40476	1	0.24014	0.38021	1	0.46587	0.53165	10.54590	1.06647	1	0.72641	0.55246	12.42127	1.06647	1	-0.00732	-0.00864	0.67797	0.00252	1	0.05965	-0.01253	0.67646	0.00333	1	1.45898	0.81042	0	
1279364	8627.99121	3307079505723	0.26499	0.38699	8627.75684	0.23438	12142	1	0.22656	0.37052	1	0.24146	0.40426	1	0.23401	0.38739	1	0.46551	0.53176	10.47877	1.06647	1	0.72652	0.55260	12.96832	1.06647	1	-0.00732	-0.00864	0.67797	0.00241	1	0.05965	-0.01253	0.67646	0.00339	1	1.45898	0.81042	0	
1279365	8627.99707	3307079569668	0.26415	0.38700	8627.75684	0.24023	12142	1	0.22656	0.37052	1	0.24146	0.40426	1	0.23401	0.38739	1	0.46562	0.53171	10.40879	1.06647	1	0.72658	0.55257	12.65596	1.06647	1	-0.00732	-0.00864	0.67797	0.00245	1	0.05965	-0.01258	0.67646	0.00334	1	1.45898	0.81042	0	
1279366	8628.00391	3307079635698	0.26379	0.38719	8627.75684	0.24707	12142	1	0.24670	0.36517	1	0.25405	0.42342	1	0.25037	0.39430	1	0.46568	0.53180	10.64332	1.06647	1	0.72675	0.55278	12.60379	1.06647	1	-0.00732	-0.00864	0.67797	0.00233	1	0.05965	-0.01258	0.67646	0.00345	1	1.45898	0.81042	0	
1279367	8628.01074	3307079702140	0.26317	0.38789	8627.75684	0.25391	12142	1	0.23215	0.38383	1	0.24770	0.44486	1	0.23993	0.41434	1	0.46557	0.53188	10.42510	1.06647	1	0.72671	0.55298	13.18037	1.06647	1	-0.00732	-0.00864	0.67797	0.00272	1	0.05965	-0.01258	0.67646	0.00344	1	1.45898	0.81042	0	
1279368	8628.01758	3307079768367	0.26259	0.38855	8627.75684	0.26074	12142	1	0.23215	0.38383	1	0.24770	0.44486	1	0.23993	0.41434	1	0.46589	0.53174	10.56509	1.06647	1	0.72675	0.55291	12.63828	1.06647	1	-0.00732	-0.00864	0.67797	0.00257	1	0.05965	-0.01258	0.67646	0.00346	1	1.45898	0.81042	0	
1279369	8628.02441	3307079836991	0.26238	0.38887	8627.75684	0.26758	12142	1	0.25094	0.38167	1	0.25711	0.42211	1	0.25403	0.40189	1	0.46586	0.53188	10.62261	1.06647	1	0.72676	0.55279	12.58543	1.06647	1	-0.00732	-0.00864	0.67797	0.00235	1	0.05965	-0.01258	0.67646	0.00348	1	1.45898	0.81042	0	
1279370	8628.03125	3307079905736	0.26206	0.38909	8627.75684	0.27441	12142	1	0.25052	0.35799	1	0.24667	0.43753	1	0.24860	0.39776	1	0.46592	0.53163	10.45055	1.06647	1	0.72670	0.55288	12.70588	1.06647	1	-0.00732	-0.00864	0.67797	0.00252	1	0.05965	-0.01258	0.67646	0.00347	1	1.45898	0.81042	0	
1279371	8628.03711	3307079970711	0.26173	0.38922	8627.75684	0.28027	12142	1	0.25052	0.35799	1	0.24519	0.43145	1	0.24786	0.39472	1	0.46580	0.53188	10.59040	1.06647	1	0.72679	0.55305	12.62535	1.07515	1	-0.00732	-0.00864	0.67797	0.00231	1	0.06230	-0.01318	0.70591	0.00344	1	1.45898	0.81042	0	
1279372	8628.04395	3307080037557	0.26137	0.38849	8627.75684	0.28711	12142	1	0.25022	0.32598	1	0.24189	0.38826	1	0.24606	0.35712	1	0.46593	0.53187	10.29010	1.07515	1	0.72663	0.55259	12.47448	1.08383	1	-0.00732	-0.00864	0.67797	0.00242	1	0.06230	-0.01318	0.70591	0.00361	1	1.45898	0.81042	0	
1279373	8628.05078	3307080105493	0.26076	0.38855	8627.75684	0.29395	12142	1	0.21944	0.32846	1	0.24865	0.45371	1	0.23405	0.39108	1	0.46582	0.53198	10.48371	1.08383	1	0.72676	0.55315	12.59407	1.09251	1	-0.00732	-0.00864	0.67797	0.00232	1	0.06230	-0.01318	0.70591	0.00352	1	1.45898	0.81042	0	
1279374	8628.05762	3307080174514	0.26013	0.38846	8627.75684	0.30078	12142	1	0.21646	0.32149	1	0.24722	0.44790	1	0.23184	0.38469	1	0.46600	0.53213	10.44506	1.09251	1	0.72675	0.55321	12.60315	1.10119	1	-0.00732	-0.00864	0.67797	0.00240	1	0.06065	-0.01286	0.68605	0.00350	1	1.45898	0.81042	0	
1279375	8628.06445	3307080242299	0.25968	0.38831	8627.75684	0.30762	12142	1	0.22576	0.33675	1	0.25208	0.42631	1	0.23892	0.38153	1	0.46600	0.53217	10.37781	1.10119	1	0.72679	0.55310	12.44271	1.10119	1	-0.00732	-0.00864	0.67797	0.00242	1	0.06065	-0.01286	0.68605	0.00350	1	1.45898	0.81042	0	
1279376	8628.07129	3307080307565	0.25923	0.38838	8627.75684	0.31445	12142	1	0.22304	0.33518	1	0.25260	0.44765	1	0.23782	0.39141	1	0.46597	0.53213	10.35930	1.10119	1	0.72681	0.55316	12.21334	1.10119	1	-0.00732	-0.00864	0.67797	0.00242	1	0.06065	-0.01286	0.68605	0.00364	1	1.45898	0.81042	0	
1279377	8628.07812	3307080376141	0.25872	0.38904	8627.75684	0.32129	12142	1	0.22304	0.33518	1	0.25260	0.44765	1	0.23782	0.39141	1	0.46610	0.53202	10.25977	1.10119	1	0.72679	0.55284	12.20018	1.10119	1	-0.00732	-0.00869	0.67797	0.00233	1	0.06065	-0.01286	0.68605	0.00347	1	1.45898	0.81042	0	
1279378	8628.08496	3307080440961	0.25762	0.38869	8627.75684	0.32812	12142	1	0.20494	0.31756	1	0.22530	0.42970	1	0.21512	0.37363	1	0.46614	0.53200	10.40438	1.10119	1	0.72684	0.55312	12.26195	1.10119	1	-0.00732	-0.00869	0.67797	0.00231	1	0.06065	-0.01286	0.68605	0.00368	1	1.45898	0.81042	0	
1279379	8628.09180	3307080510207	0.25657	0.38873	8627.75684	0.33496	12142	1	0.21205	0.32585	1	0.22239	0.42921	1	0.21722	0.37753	1	0.46614	0.53218	10.27630	1.10119	1	0.72679	0.55295	12.29243	1.10119	1	-0.00732	-0.00869	0.67797	0.00236	1	0.06065	-0.01286	0.68605	0.00343	1	1.45898	0.81042	0	
1279380	8628.09863	3307080577246	0.25554	0.38882	8627.75684	0.34180	12142	1	0.21481	0.33220	1	0.22550	0.44064	1	0.22016	0.38642	1	0.46621	0.53223	10.30208	1.09318	1	0.72670	0.55299	12.06272	1.08449	1	-0.00715	-0.00850	0.66693	0.00236	1	0.06061	-0.01290	0.68507	0.00378	1	1.45898	0.81042	0	
1279381	8628.10449	3307080643617	0.25487	0.38888	8627.75684	0.34766	12142	1	0.22190	0.35484	1	0.25669	0.45737	1	0.23929	0.40610	1	0.46628	0.53214	10.65913	1.07648	1	0.72721	0.55317	11.79611	1.06780	1	-0.00715	-0.00850	0.66693	0.00232	1	0.06061	-0.01290	0.68507	0.00358	1	1.45898	0.81042	0	
1279382	8628.11133	3307080711048	0.25420	0.38953	8627.75684	0.35449	12142	1	0.22429	0.35812	1	0.25596	0.48843	1	0.24012	0.42328	1	0.46621	0.53212	10.62475	1.05978	1	0.72714	0.55329	12.05702	1.05110	1	-0.00715	-0.00850	0.66693	0.00232	1	0.06061	-0.01290	0.68507	0.00363	1	1.45898	0.81042	0	
1279383	8628.11816	3307080778040	0.25362	0.39044	8627.75684	0.36133	12142	1	0.23013	0.37134	1	0.25872	0.49952	1	0.24442	0.43543	1	0.46621	0.53221	10.36144	1.04308	1	0.72725	0.55354	12.12597	1.03440	1	-0.00638	-0.00773	0.60309	0.00233	1	0.06061	-0.01290	0.68507	0.00350	1	1.45898	0.81042	0	
1279384	8628.12500	3307080845157	0.25349	0.39133	8627.75684	0.36816	12142	1	0.23568	0.38831	1	0.27492	0.49685	1	0.25530	0.44258	1	0.46621	0.53219	10.42891	1.03440	1	0.72743	0.55331	11.87171	1.03440	1	-0.00638	-0.00773	0.60309	0.00229	1	0.06061	-0.01290	0.68507	0.00350	1	1.45898	0.81042	0	
1279385	8628.13184	3307080912027	0.25332	0.39256	8627.75684	0.37500	12142	1	0.24210	0.38906	1	0.26626	0.51584	1	0.25418	0.45245	1	0.46636	0.53224	10.57771	1.03440	1	0.72730	0.55342	11.87693	1.03440	1	-0.00638	-0.00773	0.60309	0.00233	1	0.06061	-0.01290	0.68507	0.00350	1	1.45898	0.81042	0	
1279386	8628.13867	3307080979004	0.25311	0.39366	8627.75684	0.38184	12142	1	0.23934	0.38281	1	0.26500	0.51064	1	0.25217	0.44672	1	0.46640	0.53220	10.42954	1.04242	1	0.72729	0.55326	11.70943	1.04242	1	-0.00710	-0.00867	0.67588	0.00225	1	0.06061	-0.01290	0.68507	0.00352	1	1.45898	0.81042	0	
1279387	8628.14551	3307081046004	0.25264	0.39378	8627.75684	0.38867	12142	1	0.25404	0.34415	1	0.24516	0.47640	1	0.24960	0.41027	1	0.46656	0.53193	10.00915	1.05044	1	0.72737	0.55324	11.93781	1.05044	1	-0.00710	-0.00867	0.67588	0.00235	1	0.06061	-0.01290	0.68507	0.00357	1	1.45898	0.81042	0	
1279388	8628.15137	3307081112979	0.25198	0.39451	8627.75684	0.39453	12142	1	0.24022	0.36143	1	0.24145	0.48297	1	0.24084	0.42220	1	0.46633	0.53209	9.96871	1.05845	1	0.72738	0.55329	11.90225	1.05845	1	-0.00710	-0.00867	0.67588	0.00232	1	0.06061	-0.01290	0.68507	0.00348	1	1.45898	0.81042	0	
1279389	8628.15820	3307081179901	0.25128	0.39512	8627.75684	0.40137	12142	1	0.23752	0.35510	1	0.24003	0.47765	1	0.23878	0.41637	1	0.46642	0.53233	10.65146	1.06647	1	0.72766	0.55368	12.23367	1.06647	1	-0.00719	-0.00884	0.68506	0.00227	1	0.06061	-0.01290	0.68507	0.00347	1	1.45898	0.81042	0	
1279390	8628.16504	3307081247300	0.24184	0.41977	8627.75684	0.40137	12142	0	0.24003	0.38645	1	0.26004	0.44925	1	0.25003	0.41785	1	0.46650	0.53235	11.03865	1.06647	1	0.72761	0.55360	12.22610	1.06647	1	-0.00719	-0.00884	0.68506	0.00226	1	0.06061	-0.01290	0.68507	0.00345	1	1.45898	0.81042	0	
1279391	8628.17188	3307081313835	0.24679	0.42172	8627.75684	0.40137	12142	0	0.24543	0.37519	1	0.25803	0.47214	1	0.25173	0.42367	1	0.46656	0.53233	10.15808	1.06647	1	0.72768	0.55383	12.31972	1.06647	1	-0.00719	-0.00884	0.68506	0.00236	1	0.06061	-0.01290	0.68507	0.00351	1	1.45898	0.81042	0	
1279392	8628.17871	3307081380936	0.24843	0.42237	8627.75684	0.40137	12142	0	0.24543	0.37519	1	0.25803	0.47214	1	0.25173	0.42367	1	0.46673	0.53224	9.93895	1.06647	1	0.72768	0.55383	12.31972	1.06647	1	-0.00719	-0.00884	0.68506	0.00236	1	0.06061	-0.01290	0.68507	0.00351	1	1.45898	0.81042	0	
1279393	8628.18555	3307081447853	0.24644	0.41742	8628.16504	0.02051	12143	1	0.21957	0.37377	1	0.26136	0.43138	1	0.24046	0.40257	1	0.46659	0.53229	10.16352	1.06647	1	0.72767	0.55381	12.25705	1.06647	1	-0.00719	-0.00884	0.68506	0.00227	1	0.06061	-0.01290	0.68507	0.00352	1	1.45898	0.81042	0	
1279394	8628.19238	3307081514915	0.24667	0.41549	8628.16504	0.02734	12143	1	0.22950	0.38257	1	0.26567	0.43301	1	0.24759	0.40779	1	0.46665	0.53227	9.90558	1.06647	1	0.72768	0.55393	12.30227	1.06647	1	-0.00719	-0.00884	0.68506	0.00226	1	0.06061	-0.01290	0.68507	0.00353	1	1.45898	0.81042	0	
1279395	8628.19824	3307081578983	0.24682	0.41421	8628.16504	0.03320	12143	1	0.22950	0.38257	1	0.26567	0.43301	1	0.24759	0.40779	1	0.46675	0.53224	9.88777	1.06647	1	0.72763	0.55376	11.94792	1.06647	1	-0.00719	-0.00884	0.68506	0.00220	1	0.06061	-0.01290	0.68507	0.00348	1	1.45898	0.81042	0	
1279396	8628.20508	3307081646333	0.24639	0.41398	8628.16504	0.04004	12143	1	0.22980	0.39023	1	0.25780	0.43496	1	0.24380	0.41260	1	0.46668	0.53246	10.05217	1.06647	1	0.72762	0.55399	12.05006	1.06647	1	-0.00719	-0.00884	0.68506	0.00232	1	0.06061	-0.01290	0.68507	0.00351	1	1.45898	0.81042	0	
1279397	8628.21191	3307081711882	0.24702	0.41210	8628.16504	0.04688	12143	1	0.24275	0.37046	1	0.26004	0.42739	1	0.25140	0.39892	1	0.46690	0.53219	9.95985	1.06647	1	0.72765	0.55382	11.89473	1.06647	1	-0.00719	-0.00884	0.68506	0.00227	1	0.06061	-0.01290	0.68507	0.00358	1	1.45898	0.81042	0	
1279398	8628.21875	3307081779862	0.24743	0.41029	8628.16504	0.05371	12143	1	0.24275	0.37046	1	0.25867	0.42122	1	0.25071	0.39584	1	0.46697	0.53218	9.94630	1.06647	1	0.72752	0.55363	11.81788	1.07515	1	-0.00719	-0.00884	0.68506	0.00225	1	0.06212	-0.01318	0.70030	0.00376	1	1.45898	0.81042	0	
1279399	8628.22559	3307081848193	0.24822	0.40631	8628.16504	0.06055	12143	1	0.24421	0.34092	1	0.26651	0.40010	1	0.25536	0.37051	1	0.46692	0.53219	10.18549	1.07515	1	0.72773	0.55348	12.41310	1.08383	1	-0.00719	-0.00884	0.68506	0.00221	1	0.06212	-0.01318	0.70030	0.00354	1	1.45898	0.81042	0	
1279400	8628.23242	3307081916737	0.24854	0.40489	8628.16504	0.06738	12143	1	0.24213	0.35699	1	0.26142	0.42429	1	0.25178	0.39064	1	0.46694	0.53227	9.99344	1.08383	1	0.72767	0.55378	12.59918	1.09251	1	-0.00719	-0.00884	0.68506	0.00217	1	0.06212	-0.01318	0.70030	0.00340	1	1.45898	0.81042	0	
1279401	8628.23926	3307081983733	0.24864	0.40317	8628.16504	0.07422	12143	1	0.23929	0.35026	1	0.26009	0.41824	1	0.24969	0.38425	1	0.46678	0.53231	10.01677	1.09251	1	0.72805	0.55392	11.37910	1.10119	1	-0.00719	-0.00884	0.68506	0.00225	1	0.06212	-0.01318	0.70030	0.00346	1	1.45898	0.81042	0	
1279402	8628.24512	3307082050152	0.24811	0.40000	8628.16504	0.08008	12143	1	0.20901	0.32344	1	0.27450	0.40053	1	0.24176	0.36198	1	0.46699	0.53217	10.05316	1.10119	1	0.72794	0.55378	11.32614	1.10119	1	-0.00719	-0.00884	0.68506	0.00221	1	0.06212	-0.01318	0.70030	0.00358	1	1.45898	0.81042	0	
1279403	8628.25195	3307082117512	0.24760	0.39760	8628.16504	0.08691	12143	1	0.20664	0.30336	1	0.27543	0.42958	1	0.24103	0.36647	1	0.46692	0.53234	9.62287	1.10119	1	0.72800	0.55395	11.56697	1.10119	1	-0.00719	-0.00884	0.68506	0.00234	1	0.06212	-0.01318	0.70030	0.00345	1	1.45898	0.81042	0	
1279404	8628.25879	3307082184495	0.24734	0.39613	8628.16504	0.09375	12143	1	0.20942	0.30989	1	0.27777	0.44106	1	0.24359	0.37547	1	0.46692	0.53234	9.62287	1.09318	1	0.72789	0.55366	11.98014	1.08449	1	-0.00688	-0.00851	0.65975	0.00234	1	0.06066	-0.01286	0.68330	0.00361	1	1.45898	0.81042	0	
1279405	8628.26562	3307082252998	0.24644	0.39387	8628.16504	0.10059	12143	1	0.20527	0.34556	1	0.26076	0.37437	1	0.23301	0.35997	1	0.46683	0.53246	9.74960	1.07648	1	0.72803	0.55323	11.50477	1.06780	1	-0.00688	-0.00851	0.65975	0.00227	1	0.06066	-0.01286	0.68330	0.00367	1	1.45898	0.81042	0	
1279406	8628.27246	3307082317915	0.24633	0.39281	8628.16504	0.10742	12143	1	0.23595	0.33310	1	0.25328	0.41870	1	0.24462	0.37590	1	0.46708	0.53234	9.50125	1.05978	1	0.72791	0.55358	11.36471	1.05110	1	-0.00688	-0.00851	0.65975	0.00229	1	0.06066	-0.01286	0.68330	0.00354	1	1.45898	0.81042	0	
1279407	8628.27930	3307082385724	0.24647	0.39259	8628.16504	0.11426	12143	1	0.24161	0.34671	1	0.25607	0.43087	1	0.24884	0.38879	1	0.46699	0.53247	9.44616	1.04308	1	0.72786	0.55372	11.35032	1.03440	1	-0.00673	-0.00845	0.65494	0.00223	1	0.06037	-0.01285	0.67998	0.00348	1	1.45898	0.81042	0	
1279408	8628.28516	3307082451117	0.24659	0.39188	8628.16504	0.12012	12143	1	0.25169	0.36826	1	0.24562	0.39013	1	0.24865	0.37920	1	0.46736	0.53247	9.92940	1.03440	1	0.72770	0.55315	11.67209	1.03440	1	-0.00673	-0.00845	0.65494	0.00224	1	0.06037	-0.01285	0.67998	0.00374	1	1.45898	0.81042	0	
1279409	8628.29199	3307082517666	0.24625	0.39202	8628.16504	0.12695	12143	1	0.24248	0.39799	1	0.23703	0.39131	1	0.23975	0.39465	1	0.46710	0.53229	9.59962	1.03440	1	0.72782	0.55309	11.47243	1.03440	1	-0.00673	-0.00845	0.65494	0.00225	1	0.06037	-0.01285	0.67998	0.00366	1	1.45898	0.81042	0	
1279410	8628.29883	3307082583426	0.24584	0.39185	8628.16504	0.13379	12143	1	0.23971	0.39181	1	0.23555	0.38518	1	0.23763	0.38849	1	0.46718	0.53225	9.66198	1.04242	1	0.72795	0.55361	11.80933	1.04242	1	-0.00691	-0.00875	0.67808	0.00219	1	0.06037	-0.01285	0.67998	0.00347	1	1.45898	0.81042	0	
1279411	8628.30566	3307082650953	0.24538	0.39163	8628.16504	0.14062	12143	1	0.23359	0.34733	1	0.23806	0.42662	1	0.23582	0.38697	1	0.46704	0.53237	9.77973	1.05044	1	0.72802	0.55357	11.79675	1.05044	1	-0.00691	-0.00875	0.67808	0.00225	1	0.06037	-0.01285	0.67998	0.00343	1	1.45898	0.81042	0	
1279412	8628.31250	3307082717517	0.24488	0.39210	8628.16504	0.14746	12143	1	0.24634	0.38415	1	0.22128	0.42074	1	0.23381	0.40245	1	0.46732	0.53233	9.60576	1.05845	1	0.72772	0.55317	11.71401	1.05845	1	-0.00691	-0.00875	0.67808	0.00219	1	0.06037	-0.01285	0.67998	0.00371	1	1.45898	0.81042	0	
1279413	8628.31836	3307082783547	0.24433	0.39229	8628.16504	0.15332	12143	1	0.24367	0.37801	1	0.21971	0.41498	1	0.23169	0.39649	1	0.46708	0.53197	9.83377	1.06647	1	0.72795	0.55309	11.54015	1.06647	1	-0.00691	-0.00875	0.67808	0.00227	1	0.06066	-0.01286	0.68330	0.00357	1	1.45898	0.81042	0	
1279414	8628.32617	3307082852028	0.24383	0.39331	8628.16504	0.16113	12143	1	0.22912	0.36922	1	0.23444	0.46640	1	0.23178	0.41781	1	0.46703	0.53220	9.42986	1.06647	1	0.72806	0.55356	11.61773	1.06647	1	-0.00691	-0.00875	0.67808	0.00225	1	0.06066	-0.01286	0.68330	0.00342	1	1.45898	0.81042	0	
1279415	8628.33203	3307082919444	0.24348	0.39422	8628.16504	0.16699	12143	1	0.23376	0.36064	1	0.23590	0.47349	1	0.23483	0.41707	1	0.46717	0.53217	9.32814	1.06647	1	0.72807	0.55391	11.42295	1.06647	1	-0.00691	-0.00875	0.67808	0.00219	1	0.06066	-0.01286	0.68330	0.00357	1	1.45898	0.81042	0	
1279416	8628.33887	3307082984185	0.24316	0.39507	8628.16504	0.17383	12143	1	0.23376	0.36064	1	0.23590	0.47349	1	0.23483	0.41707	1	0.46717	0.53217	9.32814	1.06647	1	0.72810	0.55373	11.69795	1.06647	1	-0.00691	-0.00875	0.67808	0.00219	1	0.06066	-0.01286	0.68330	0.00371	1	1.45898	0.81042	0	
1279417	8628.34570	3307083052749	0.24255	0.39419	8628.16504	0.18066	12143	1	0.22066	0.36588	1	0.23156	0.37508	1	0.22611	0.37048	1	0.46735	0.53217	9.68616	1.06647	1	0.72792	0.55324	11.50206	1.06647	1	-0.00691	-0.00875	0.67808	0.00222	1	0.06066	-0.01286	0.68330	0.00395	1	1.45898	0.81042	0	
1279418	8628.35254	3307083122636	0.24232	0.39519	8628.16504	0.18750	12143	1	0.21608	0.36645	1	0.25543	0.48017	1	0.23576	0.42331	1	0.46733	0.53212	9.64423	1.06647	1	0.72837	0.55385	12.41039	1.06647	1	-0.00691	-0.00875	0.67808	0.00215	1	0.06066	-0.01286	0.68330	0.00368	1	1.45898	0.81042	0	
1279419	8628.35938	3307083189539	0.24212	0.39621	8628.16504	0.19434	12143	1	0.21608	0.36645	1	0.25668	0.48525	1	0.23638	0.42585	1	0.46733	0.53212	9.64423	1.06647	1	0.72832	0.55339	11.55933	1.05881	1	-0.00693	-0.00867	0.67992	0.00215	1	0.05867	-0.01248	0.66036	0.00381	1	1.45898	0.81042	0	
1279420	8628.36621	3307083256504	0.24184	0.39657	8628.16504	0.20117	12143	1	0.20164	0.36120	1	0.26511	0.45327	1	0.23337	0.40724	1	0.46732	0.53203	9.43482	1.05881	1	0.72847	0.55408	12.47865	1.05115	1	-0.00693	-0.00867	0.67992	0.00218	1	0.05867	-0.01248	0.66036	0.00349	1	1.45898	0.81042	0	
1279421	8628.37305	3307083323252	0.24166	0.39669	8628.16504	0.20801	12143	1	0.21444	0.37000	1	0.25766	0.43066	1	0.23605	0.40033	1	0.46754	0.53204	9.20189	1.05115	1	0.72831	0.55369	11.49409	1.04349	1	-0.00693	-0.00867	0.67992	0.00215	1	0.05867	-0.01248	0.66036	0.00366	1	1.45898	0.81042	0	
1279422	8628.37988	3307083390778	0.24153	0.39689	8628.16504	0.21484	12143	1	0.21720	0.37604	1	0.25766	0.43066	1	0.23743	0.40335	1	0.46744	0.53206	9.29016	1.04349	1	0.72875	0.55372	11.28236	1.04349	1	-0.00676	-0.00857	0.67253	0.00224	1	0.06070	-0.01288	0.68143	0.00362	1	1.45898	0.81042	0	
1279423	8628.38574	3307083456268	0.24164	0.39688	8628.16504	0.22070	12143	1	0.20685	0.37277	1	0.28394	0.42025	1	0.24540	0.39651	1	0.46745	0.53198	9.29265	1.04349	1	0.72872	0.55355	11.20495	1.05115	1	-0.00676	-0.00857	0.67253	0.00234	1	0.06070	-0.01288	0.68143	0.00362	1	1.45898	0.81042	0	AUDIO_FILE_OFFSET
1279424	8628.39258	3307083524756	0.24191	0.39712	8628.16504	0.22754	12143	1	0.22254	0.37961	1	0.27938	0.43138	1	0.25096	0.40550	1	0.46762	0.53203	9.54967	1.05115	1	0.72872	0.55374	11.24278	1.05881	1	-0.00676	-0.00857	0.67253	0.00215	1	0.06070	-0.01288	0.68143	0.00364	1	1.45898	0.81042	0	
1279425	8628.39941	3307083591762	0.24211	0.39720	8628.16504	0.23438	12143	1	0.21983	0.37365	1	0.27829	0.42592	1	0.24906	0.39979	1	0.46772	0.53197	9.74169	1.05881	1	0.72885	0.55403	11.37388	1.06647	1	-0.00672	-0.00865	0.67854	0.00219	1	0.06070	-0.01288	0.68143	0.00348	1	1.45898	0.81042	0	
1279426	8628.40625	3307083658402	0.24162	0.39806	8628.16504	0.24121	12143	1	0.22221	0.37883	1	0.22603	0.47957	1	0.22412	0.42920	1	0.46772	0.53182	9.30378	1.06647	1	0.72873	0.55395	11.29964	1.06647	1	-0.00672	-0.00865	0.67854	0.00229	1	0.06070	-0.01288	0.68143	0.00348	1	1.45898	0.81042	0	
1279427	8628.41309	3307083724924	0.24105	0.39764	8628.16504	0.24805	12143	1	0.21901	0.34304	1	0.22109	0.42055	1	0.22005	0.38179	1	0.46761	0.53190	9.38105	1.06647	1	0.72855	0.55320	11.04409	1.06647	1	-0.00672	-0.00865	0.67854	0.00220	1	0.06070	-0.01288	0.68143	0.00375	1	1.45898	0.81042	0	
1279428	8628.41895	3307083788875	0.24051	0.39723	8628.16504	0.25391	12143	1	0.21901	0.34304	1	0.22109	0.42055	1	0.22005	0.38179	1	0.46782	0.53182	9.55910	1.06647	1	0.72878	0.55286	11.07827	1.06647	1	-0.00672	-0.00865	0.67854	0.00223	1	0.06040	-0.01277	0.67809	0.00381	1	1.45898	0.81042	0	STOP_TRIAL
1279580	8629.43750	3307093973653	0.48933	0.38283	8629.02930	0.06055	12146	0	0.53266	0.39437	1	0.46948	0.41916	1	0.50107	0.40677	1	0.47512	0.53142	11.19746	1.06647	1	0.73537	0.55157	11.88743	1.06647	1	-0.00634	-0.00842	0.69338	0.00344	1	0.06005	-0.01235	0.66408	0.00391	1	1.45898	0.81042	0	START_TRIAL
1279581	8629.44434	3307094040599	0.49527	0.39321	8629.02930	0.06055	12146	0	0.53266	0.39437	1	0.46975	0.41279	1	0.50121	0.40358	1	0.47444	0.53153	11.31054	1.06647	1	0.73534	0.55146	12.10407	1.07515	1	-0.00634	-0.00848	0.69338	0.00351	1	0.06324	-0.01293	0.70107	0.00381	1	1.45898	0.81042	0	
1279582	8629.45117	3307094107639	0.48941	0.39896	8629.02930	0.06055	12146	0	0.49758	0.42113	1	0.45783	0.39981	1	0.47770	0.41047	1	0.47451	0.53164	11.90025	1.07515	1	0.73516	0.55146	12.40357	1.08383	1	-0.00634	-0.00848	0.69338	0.00350	1	0.06324	-0.01293	0.70107	0.00385	1	1.45898	0.81042	0	
1279583	8629.45801	3307094174424	0.48355	0.39167	8629.43750	0.02051	12147	1	0.48068	0.28454	1	0.45121	0.45508	1	0.46595	0.36981	1	0.47436	0.53027	11.02385	1.08383	1	0.73503	0.55157	12.36440	1.09251	1	-0.00634	-0.00848	0.69338	0.00399	1	0.06324	-0.01293	0.70107	0.00383	1	1.45898	0.81042	0	
1279584	8629.46484	3307094241662	0.47981	0.38462	8629.43750	0.02734	12147	1	0.47825	0.26981	1	0.45148	0.44297	1	0.46486	0.35639	1	0.47442	0.53064	11.11161	1.10160	1	0.73546	0.55151	11.87151	1.11028	1	-0.00649	-0.00855	0.70352	0.00382	1	0.06341	-0.01292	0.70295	0.00378	1	1.45898	0.81042	0	
1279585	8629.47168	3307094308083	0.47916	0.38636	8629.43750	0.03418	12147	1	0.48174	0.33723	1	0.47013	0.45297	1	0.47593	0.39510	1	0.47439	0.53106	11.06383	1.11936	1	0.73535	0.55173	12.32552	1.11936	1	-0.00649	-0.00855	0.70352	0.00349	1	0.06341	-0.01292	0.70295	0.00367	1	1.45898	0.81042	0	
1279586	8629.47754	3307094375396	0.48375	0.38213	8629.43750	0.04004	12147	1	0.52331	0.31856	1	0.49926	0.39483	1	0.51129	0.35669	1	0.47433	0.53132	11.01346	1.12845	1	0.73535	0.55132	12.18987	1.12845	1	-0.00649	-0.00855	0.70352	0.00346	1	0.06341	-0.01292	0.70295	0.00379	1	1.45898	0.81042	0	
1279587	8629.48438	3307094442086	0.48714	0.37849	8629.43750	0.04688	12147	1	0.52241	0.31162	1	0.49928	0.39453	1	0.51085	0.35308	1	0.47407	0.53164	10.76459	1.13753	1	0.73494	0.55161	11.74707	1.12885	1	-0.00664	-0.00866	0.70822	0.00351	1	0.06078	-0.01244	0.67441	0.00375	1	1.45898	0.81042	0	
1279588	8629.49121	3307094509603	0.48865	0.37848	8629.43750	0.05371	12147	1	0.53798	0.36345	1	0.46350	0.39321	1	0.50074	0.37833	1	0.47447	0.53156	11.60762	1.12885	1	0.73517	0.55155	11.48864	1.12017	1	-0.00664	-0.00866	0.70822	0.00339	1	0.06078	-0.01244	0.67441	0.00388	1	1.45898	0.81042	0	
1279589	8629.49805	3307094574805	0.47880	0.37430	8629.43750	0.06055	12147	1	0.53798	0.36345	0	0.39013	0.33669	1	0.39013	0.33669	1	0.47447	0.53156	11.60762	1.12017	0	0.47426	0.53141	10.82051	1.11149	1	-0.00664	-0.00866	0.70822	0.00339	1	0.06078	-0.01244	0.67441	0.00348	1	1.45898	0.81042	0	
1279590	8629.50488	3307094644119	0.47074	0.37088	8629.43750	0.06738	12147	1	0.53798	0.36345	0	0.39013	0.33669	1	0.39013	0.33669	1	0.47447	0.53156	11.60762	1.11149	0	0.47413	0.53098	10.85925	1.11149	1	-0.00664	-0.00866	0.70822	0.00339	1	-0.00661	-0.00867	0.70492	0.00362	1	1.45898	0.81042	0	
1279591	8629.51172	3307094710195	0.46304	0.36803	8629.43750	0.07422	12147	1	0.53798	0.36345	0	0.37834	0.33669	1	0.37834	0.33669	1	0.47447	0.53156	11.60762	1.11149	0	0.47413	0.53147	11.19185	1.12017	1	-0.00664	-0.00866	0.70822	0.00339	1	-0.00661	-0.00867	0.70492	0.00339	1	1.45898	0.81042	0	
1279592	8629.51855	3307094777291	0.46304	0.36803	8629.43750	0.08105	12147	1	0.53798	0.36345	0	0.37834	0.33669	0	0.37834	0.33669	0	0.47447	0.53156	11.60762	1.12017	0	0.47413	0.53147	11.19185	1.12885	0	-0.00664	-0.00866	0.70822	0.00339	1	-0.00661	-0.00867	0.70492	0.00339	1	1.45898	0.81042	0	
1279593	8629.52539	3307094844384	0.46304	0.36803	8629.43750	0.08789	12147	1	0.53798	0.36345	0	0.37834	0.33669	0	0.37834	0.33669	0	0.47447	0.53156	11.60762	1.12885	0	0.47413	0.53147	11.19185	1.13753	0	-0.00664	-0.00866	0.70822	0.00339	1	-0.00661	-0.00867	0.70492	0.00339	1	1.45898	0.81042	0	
1279594	8629.53125	3307094911300	0.46304	0.36803	8629.43750	0.09375	12147	1	0.53798	0.36345	0	0.37834	0.33669	0	0.37834	0.33669	0	0.47447	0.53156	11.60762	1.13753	0	0.47413	0.53147	11.19185	1.13753	0	-0.00664	-0.00866	0.70822	0.00339	1	-0.00661	-0.00867	0.70492	0.00339	1	1.45898	0.81042	0	
1279595	8629.53809	3307094978650	0.46065	0.36668	8629.43750	0.09375	12147	0	0.53798	0.36345	0	0.37834	0.33669	0	0.37834	0.33669	0	0.47447	0.53156	11.60762	1.13753	0	0.47413	0.53147	11.19185	1.13753	0	-0.00664	-0.00866	0.70822	0.00339	1	-0.00661	-0.00867	0.70492	0.00339	1	1.45898	0.81042	0	
1279596	8629.54492	3307095044984	0.46065	0.36668	8629.43750	0.09375	12147	0	0.53798	0.36345	0	0.37834	0.33669	0	0.37834	0.33669	0	0.47447	0.53156	11.60762	1.13753	0	0.47413	0.53147	11.19185	1.13753	0	-0.00664	-0.00866	0.70822	0.00339	1	-0.00661	-0.00867	0.70492	0.00339	1	1.45898	0.81042	0	
1279597	8629.55176	3307095112376	0.46065	0.36668	8629.43750	0.09375	12147	0	0.53798	0.36345	0	0.37834	0.33669	0	0.37834	0.33669	0	0.47447	0.53156	11.60762	1.13753	0	0.47413	0.53147	11.19185	1.13753	0	-0.00664	-0.00866	0.70822	0.00339	1	-0.00661	-0.00867	0.70492	0.00339	1	1.45898	0.81042	0	
1279598	8629.55859	3307095179296	0.00000	0.00000	8629.43750	0.09375	12147	0	0.53798	0.36345	0	0.37834	0.33669	0	0.37834	0.33669	0	0.47447	0.53156	11.60762	1.13753	0	0.47413	0.53147	11.19185	1.13753	0	-0.00664	-0.00866	0.70822	0.00339	1	-0.00661	-0.00867	0.70492	0.00339	1	1.45898	0.81042	0	
1279599	8629.56543	3307095245914	0.00000	0.00000	8629.43750	0.09375	12147	0	0.53798	0.36345	0	0.37834	0.33669	0	0.37834	0.33669	0	0.47447	0.53156	11.60762	1.13753	0	0.47413	0.53147	11.19185	1.13753	0	-0.00664	-0.00866	0.70822	0.00339	1	-0.00661	-0.00867	0.70492	0.00339	1	1.45898	0.81042	0	
1279600	8629.57227	3307095313082	0.00000	0.00000	8629.43750	0.09375	12147	0	0.53798	0.36345	0	0.37834	0.33669	0	0.37834	0.33669	0	0.47447	0.53156	11.60762	1.13753	0	0.47413	0.53147	11.19185	1.13753	0	-0.00664	-0.00866	0.70822	0.00339	1	-0.00661	-0.00867	0.70492	0.00339	1	1.45898	0.81042	0	
1279601	8629.57812	3307095380462	0.00000	0.00000	8629.43750	0.09375	12147	0	0.53798	0.36345	0	0.37834	0.33669	0	0.37834	0.33669	0	0.47447	0.53156	11.60762	1.13753	0	0.47413	0.53147	11.19185	1.13753	0	-0.00664	-0.00866	0.70822	0.00339	1	-0.00661	-0.00867	0.70492	0.00339	1	1.45898	0.81042	0	
1279602	8629.58496	3307095447715	0.00000	0.00000	8629.43750	0.09375	12147	0	0.53798	0.36345	0	0.37834	0.33669	0	0.37834	0.33669	0	0.47447	0.53156	11.60762	1.13753	0	0.47413	0.53147	11.19185	1.13753	0	-0.00664	-0.00866	0.70822	0.00339	1	-0.00661	-0.00867	0.70492	0.00339	1	1.45898	0.81042	0	
1279603	8629.59180	3307095514021	0.00000	0.00000	8629.43750	0.09375	12147	0	0.53798	0.36345	0	0.37834	0.33669	0	0.37834	0.33669	0	0.47447	0.53156	11.60762	1.13753	0	0.47413	0.53147	11.19185	1.13753	0	-0.00664	-0.00866	0.70822	0.00339	1	-0.00661	-0.00867	0.70492	0.00339	1	1.45898	0.81042	0	
1279604	8629.59863	3307095580957	0.00000	0.00000	8629.43750	0.09375	12147	0	0.53798	0.36345	0	0.37834	0.33669	0	0.37834	0.33669	0	0.47447	0.53156	11.60762	1.13753	0	0.47413	0.53147	11.19185	1.13753	0	-0.00664	-0.00866	0.70822	0.00339	1	-0.00661	-0.00867	0.70492	0.00339	1	1.45898	0.81042	0	
1279605	8629.60547	3307095650413	0.00000	0.00000	8629.43750	0.09375	12147	0	0.53798	0.36345	0	0.37834	0.33669	0	0.37834	0.33669	0	0.47447	0.53156	11.60762	1.13753	0	0.47413	0.53147	11.19185	1.13753	0	-0.00664	-0.00866	0.70822	0.00339	1	-0.00661	-0.00867	0.70492	0.00339	1	1.45898	0.81042	0	
1279606	8629.61230	3307095714882	0.00000	0.00000	8629.43750	0.09375	12147	0	0.53798	0.36345	0	0.37834	0.33669	0	0.37834	0.33669	0	0.47447	0.53156	11.60762	1.13753	0	0.47413	0.53147	11.19185	1.13753	0	-0.00664	-0.00866	0.70822	0.00339	1	-0.00661	-0.00867	0.70492	0.00339	1	1.45898	0.81042	0	
1279607	8629.61914	3307095782060	0.00000	0.00000	8629.43750	0.09375	12147	0	0.53798	0.36345	0	0.37834	0.33669	0	0.37834	0.33669	0	0.47447	0.53156	11.60762	1.13753	0	0.47413	0.53147	11.19185	1.13753	0	-0.00664	-0.00866	0.70822	0.00339	1	-0.00661	-0.00867	0.70492	0.00339	1	1.45898	0.81042	0	
1279608	8629.62500	3307095849167	0.00000	0.00000	8629.43750	0.09375	12147	0	0.53798	0.36345	0	0.37834	0.33669	0	0.37834	0.33669	0	0.47447	0.53156	11.60762	1.13753	0	0.47413	0.53147	11.19185	1.13753	0	-0.00664	-0.00866	0.70822	0.00339	1	-0.00661	-0.00867	0.70492	0.00339	1	1.45898	0.81042	0	
1279609	8629.63184	3307095915075	0.29067	0.22535	8629.43750	0.09375	12147	0	0.58915	0.47342	1	0.57355	0.42796	1	0.58135	0.45069	1	0.47711	0.53511	10.32823	1.13753	1	0.73727	0.55520	11.22474	1.13753	1	-0.00664	-0.00866	0.70822	0.00334	1	-0.00661	-0.00867	0.70492	0.00340	1	1.45898	0.81042	0	
1279610	8629.63867	3307095982951	0.56817	0.42148	8629.43750	0.09375	12147	0	0.58206	0.45255	1	0.52793	0.33197	1	0.55500	0.39226	1	0.47744	0.53522	10.04658	1.13753	1	0.73734	0.55420	11.09846	1.13753	1	-0.00664	-0.00866	0.70822	0.00332	1	-0.00661	-0.00867	0.70492	0.00352	1	1.45898	0.81042	0	
1279611	8629.64551	3307096050909	0.56120	0.41320	8629.43750	0.09375	12147	0	0.58255	0.45833	1	0.52592	0.35151	1	0.55423	0.40492	1	0.47897	0.53531	9.97110	1.12845	1	0.73895	0.55513	10.21435	1.11211	1	-0.00555	-0.00872	0.66098	0.00341	1	0.05844	-0.01243	0.64470	0.00344	1	1.45898	0.81042	0	
1279612	8629.65234	3307096115228	0.59054	0.43523	8629.43750	0.09375	12147	0	0.67203	0.42399	1	0.62639	0.53462	1	0.64921	0.47931	1	0.47884	0.53537	10.20908	1.10302	1	0.73908	0.55579	10.98677	1.08668	1	-0.00555	-0.00872	0.66098	0.00332	1	0.05844	-0.01243	0.64470	0.00357	1	1.45898	0.81042	0	
1279613	8629.65918	3307096183966	0.60337	0.45072	8629.63867	0.02051	12148	1	0.67959	0.46134	1	0.60417	0.53305	1	0.64188	0.49719	1	0.47890	0.53539	9.97416	1.07760	1	0.73873	0.55565	10.33004	1.06126	1	-0.00555	-0.00872	0.66098	0.00340	1	0.05844	-0.01243	0.64470	0.00351	1	1.45898	0.81042	0	
1279614	8629.66602	3307096251178	0.61051	0.46375	8629.63867	0.02734	12148	1	0.67897	0.47811	1	0.59916	0.55361	1	0.63907	0.51586	1	0.47900	0.53548	10.17645	1.05217	1	0.73894	0.55589	10.47466	1.02902	1	-0.00582	-0.00899	0.68143	0.00339	1	0.05881	-0.01249	0.64817	0.00358	1	1.45898	0.81042	0	
1279615	8629.67188	3307096318104	0.61620	0.47781	8629.63867	0.03320	12148	1	0.68245	0.51999	1	0.60678	0.57621	1	0.64461	0.54810	1	0.47896	0.53573	10.17738	1.02902	1	0.73892	0.55582	10.52062	1.02222	1	-0.00582	-0.00899	0.68143	0.00338	1	0.05881	-0.01249	0.64817	0.00365	1	1.45898	0.81042	0	
1279616	8629.67871	3307096384835	0.61990	0.48812	8629.63867	0.04004	12148	1	0.67556	0.53907	1	0.60866	0.56089	1	0.64211	0.54998	1	0.47886	0.53579	10.25067	1.02222	1	0.73891	0.55599	10.41054	1.01541	1	-0.00582	-0.00899	0.68143	0.00327	1	0.05881	-0.01249	0.64817	0.00374	1	1.45898	0.81042	0	
1279617	8629.68555	3307096451573	0.62285	0.49509	8629.63867	0.04688	12148	1	0.67561	0.53766	1	0.61145	0.55017	1	0.64353	0.54392	1	0.47877	0.53539	10.15828	1.02449	1	0.73859	0.55607	10.88956	1.03215	1	-0.00600	-0.00924	0.69633	0.00362	1	0.06098	-0.01298	0.67318	0.00339	1	1.45898	0.81042	0	
1279618	8629.69238	3307096519532	0.62516	0.50350	8629.63867	0.05371	12148	1	0.66461	0.55905	1	0.62265	0.58247	1	0.64363	0.57076	1	0.47870	0.53606	10.72394	1.04124	1	0.73912	0.55561	10.95912	1.05571	1	-0.00600	-0.00924	0.69633	0.00325	1	0.06098	-0.01298	0.67318	0.00365	1	1.45898	0.81042	0	
1279619	8629.69922	3307096588286	0.62585	0.50852	8629.63867	0.06055	12148	1	0.66374	0.53568	1	0.60040	0.57174	1	0.63207	0.55371	1	0.47870	0.53596	10.66993	1.06479	1	0.73866	0.55603	10.62281	1.07926	1	-0.00600	-0.00924	0.69633	0.00330	1	0.06098	-0.01298	0.67318	0.00339	1	1.45898	0.81042	0	
1279620	8629.70508	3307096649286	0.62659	0.51136	8629.63867	0.06641	12148	1	0.66402	0.52157	1	0.60392	0.55782	1	0.63397	0.53969	1	0.47847	0.53577	10.16449	1.08834	1	0.73841	0.55608	11.42858	1.10281	1	-0.00605	-0.00926	0.70115	0.00326	1	0.06116	-0.01307	0.67521	0.00314	1	1.45898	0.81042	0	
1279621	8629.71191	3307096716434	0.62570	0.51362	8629.63867	0.07324	12148	1	0.63779	0.51919	1	0.59402	0.55787	1	0.61590	0.53853	1	0.47824	0.53612	10.46397	1.10281	1	0.73856	0.55611	10.91217	1.10281	1	-0.00605	-0.00926	0.70115	0.00326	1	0.06116	-0.01307	0.67521	0.00338	1	1.45898	0.81042	0	
1279622	8629.71875	3307096780143	0.62546	0.51605	8629.63867	0.08008	12148	1	0.63779	0.51919	1	0.60741	0.57134	1	0.62260	0.54527	1	0.47824	0.53612	10.46397	1.10281	1	0.73871	0.55627	11.10856	1.10281	1	-0.00605	-0.00926	0.70115	0.00326	1	0.06116	-0.01307	0.67521	0.00334	1	1.45898	0.81042	0	
1279623	8629.72559	3307096852396	0.62526	0.51814	8629.63867	0.08691	12148	1	0.63779	0.51919	1	0.60741	0.57134	1	0.62260	0.54527	1	0.47856	0.53549	9.80992	1.10281	1	0.73865	0.55608	10.74912	1.10281	1	-0.00605	-0.00926	0.70115	0.00360	1	0.06116	-0.01307	0.67521	0.00339	1	1.45898	0.81042	0	
1279624	8629.73242	3307096916721	0.62514	0.51557	8629.63867	0.09375	12148	1	0.65610	0.45326	1	0.59082	0.50596	1	0.62346	0.47961	1	0.47855	0.53538	9.65437	1.10281	1	0.73846	0.55616	10.78013	1.10281	1	-0.00605	-0.00926	0.70115	0.00364	1	0.06116	-0.01307	0.67521	0.00338	1	1.45898	0.81042	0	
1279625	8629.73926	3307096985242	0.62602	0.51453	8629.63867	0.10059	12148	1	0.67608	0.43357	1	0.60247	0.56427	1	0.63927	0.49892	1	0.47848	0.53505	9.59888	1.10281	1	0.73861	0.55600	10.68018	1.10281	1	-0.00605	-0.00926	0.70115	0.00339	1	0.06116	-0.01307	0.67521	0.00338	1	1.45898	0.81042	0	
1279626	8629.74609	3307097051456	0.62680	0.51361	8629.63867	0.10742	12148	1	0.67608	0.43357	1	0.60247	0.56427	1	0.63927	0.49892	1	0.47841	0.53586	10.02391	1.10281	1	0.73840	0.55628	10.61852	1.10281	1	-0.00605	-0.00926	0.70115	0.00340	1	0.06122	-0.01308	0.67591	0.00336	1	1.45898	0.81042	0	
1279627	8629.75195	3307097119201	0.62709	0.51407	8629.63867	0.11328	12148	1	0.65507	0.48122	1	0.60902	0.56233	1	0.63205	0.52178	1	0.47849	0.53573	9.88019	1.10281	1	0.73873	0.55623	10.91492	1.10281	1	-0.00605	-0.00926	0.70115	0.00348	1	0.06122	-0.01308	0.67591	0.00337	1	1.45898	0.81042	0	
1279628	8629.75879	3307097186533	0.62783	0.51232	8629.63867	0.12012	12148	1	0.66777	0.43693	1	0.61437	0.52480	1	0.64107	0.48086	1	0.47867	0.53534	9.61068	1.10281	1	0.73885	0.55632	10.66327	1.10281	1	-0.00605	-0.00926	0.70115	0.00336	1	0.06122	-0.01308	0.67591	0.00342	1	1.45898	0.81042	0	
1279629	8629.76562	3307097255505	0.62849	0.51075	8629.63867	0.12695	12148	1	0.66777	0.43693	1	0.61437	0.52480	1	0.64107	0.48086	1	0.47866	0.53531	9.48346	1.10281	1	0.73852	0.55596	10.53573	1.10281	1	-0.00605	-0.00926	0.70115	0.00333	1	0.06098	-0.01298	0.67318	0.00340	1	1.45898	0.81042	0	
1279630	8629.77246	3307097322211	0.62894	0.50954	8629.63867	0.13379	12148	1	0.66367	0.47896	1	0.61228	0.49168	1	0.63798	0.48532	1	0.47874	0.53577	9.46139	1.10281	1	0.73841	0.55601	10.69437	1.10281	1	-0.00605	-0.00926	0.70115	0.00319	1	0.06098	-0.01298	0.67318	0.00336	1	1.45898	0.81042	0	
1279631	8629.77930	3307097389868	0.62926	0.50777	8629.63867	0.14062	12148	1	0.66181	0.43546	1	0.61011	0.50611	1	0.63596	0.47079	1	0.47862	0.53539	9.52301	1.10281	1	0.73836	0.55615	10.65067	1.10281	1	-0.00605	-0.00926	0.70115	0.00319	1	0.06098	-0.01298	0.67318	0.00339	1	1.45898	0.81042	0	
1279632	8629.78613	3307097457205	0.62958	0.50605	8629.63867	0.14746	12148	1	0.66181	0.43546	1	0.61145	0.50056	1	0.63663	0.46801	1	0.47834	0.53560	9.84894	1.10281	1	0.73841	0.55642	11.02535	1.11149	1	-0.00600	-0.00930	0.69634	0.00338	1	0.06415	-0.01372	0.70880	0.00332	1	1.45898	0.81042	0	
1279633	8629.79297	3307097523689	0.62960	0.50556	8629.63867	0.15430	12148	1	0.65050	0.47430	1	0.60944	0.51465	1	0.62997	0.49447	1	0.47849	0.53591	9.44470	1.11149	1	0.73857	0.55632	10.85913	1.12017	1	-0.00600	-0.00930	0.69634	0.00319	1	0.06415	-0.01372	0.70880	0.00334	1	1.45898	0.81042	0	
1279634	8629.79980	3307097590664	0.63003	0.50536	8629.63867	0.16113	12148	1	0.65359	0.49151	1	0.62704	0.50960	1	0.64032	0.50055	1	0.47840	0.53595	9.99664	1.12017	1	0.73890	0.55628	10.28892	1.12885	1	-0.00600	-0.00930	0.69634	0.00343	1	0.06415	-0.01372	0.70880	0.00336	1	1.45898	0.81042	0	
1279635	8629.80664	3307097657566	0.63042	0.50508	8629.63867	0.16797	12148	1	0.65361	0.48623	1	0.62704	0.50960	1	0.64033	0.49791	1	0.47863	0.53526	9.56448	1.12885	1	0.73887	0.55620	10.05718	1.12885	1	-0.00600	-0.00930	0.69634	0.00329	1	0.06122	-0.01308	0.67591	0.00339	1	1.45898	0.81042	0	
1279636	8629.81250	3307097724440	0.63056	0.50485	8629.63867	0.17383	12148	1	0.64658	0.46179	1	0.62168	0.53636	1	0.63413	0.49908	1	0.47836	0.53576	9.94323	1.12885	1	0.73850	0.55635	10.74149	1.12017	1	-0.00600	-0.00930	0.69634	0.00327	1	0.06122	-0.01308	0.67591	0.00334	1	1.45898	0.81042	0	
1279637	8629.81934	3307097791644	0.63094	0.50533	8629.63867	0.18066	12148	1	0.64838	0.49279	1	0.63411	0.54370	1	0.64125	0.51825	1	0.47833	0.53600	9.95066	1.12017	1	0.73870	0.55653	10.82100	1.11149	1	-0.00600	-0.00930	0.69634	0.00337	1	0.06122	-0.01308	0.67591	0.00342	1	1.45898	0.81042	0	
1279638	8629.82617	3307097858270	0.63127	0.50606	8629.63867	0.18750	12148	1	0.64840	0.50360	1	0.63253	0.54917	1	0.64046	0.52638	1	0.47780	0.53590	10.06770	1.10241	1	0.73864	0.55649	10.83314	1.10241	1	-0.00592	-0.00904	0.68117	0.00359	1	0.06332	-0.01348	0.69960	0.00336	1	1.45898	0.81042	0	
1279639	8629.83301	3307097923526	0.63242	0.50683	8629.63867	0.19434	12148	1	0.68260	0.45556	1	0.64928	0.60271	1	0.66594	0.52914	1	0.47823	0.53537	9.70328	1.09332	1	0.73857	0.55611	10.79885	1.10200	1	-0.00592	-0.00904	0.68117	0.00350	1	0.06332	-0.01348	0.69960	0.00327	1	1.45898	0.81042	0	
1279640	8629.83984	3307097991362	0.63450	0.51098	8629.63867	0.20117	12148	1	0.71468	0.56256	1	0.67916	0.70871	1	0.69692	0.63564	1	0.47778	0.53568	9.90100	1.09292	1	0.73826	0.55651	11.21145	1.10160	1	-0.00592	-0.00904	0.68117	0.00316	1	0.06332	-0.01348	0.69960	0.00340	1	1.45898	0.81042	0	
1279641	8629.84668	3307098059443	0.63646	0.51480	8629.63867	0.20801	12148	1	0.71515	0.55772	1	0.67916	0.70871	1	0.69715	0.63322	1	0.47531	0.53179	9.82766	1.10160	1	0.73515	0.55401	10.53280	1.10160	1	-0.00660	-0.00914	0.70428	0.00192	1	0.05910	-0.01244	0.65795	0.00360	1	1.45898	0.81042	0	
1279642	8629.85352	3307098126601	0.63420	0.51120	8629.63867	0.21484	12148	1	0.56772	0.36553	1	0.55600	0.42644	1	0.56186	0.39598	1	0.47494	0.53369	9.42410	1.11068	1	0.73550	0.55393	10.40061	1.10200	1	-0.00660	-0.00914	0.70428	0.00346	1	0.05910	-0.01244	0.65795	0.00388	1	1.45898	0.81042	0	
1279643	8629.85938	3307098193309	0.63349	0.51114	8629.63867	0.22070	12148	1	0.56772	0.36553	0	0.61001	0.50893	1	0.61001	0.50893	1	0.47494	0.53369	9.42410	1.11109	0	0.73525	0.55358	11.09724	1.10241	1	-0.00660	-0.00914	0.70428	0.00346	1	0.05910	-0.01244	0.65795	0.00355	1	1.45898	0.81042	0	
1279644	8629.86621	3307098259557	0.63349	0.51114	8629.63867	0.22754	12148	1	0.56772	0.36553	0	0.61001	0.50893	0	0.61001	0.50893	0	0.47494	0.53369	9.42410	1.11149	0	0.73525	0.55358	11.09724	1.10281	0	-0.00660	-0.00914	0.70428	0.00346	1	0.05910	-0.01244	0.65795	0.00355	1	1.45898	0.81042	0	
1279645	8629.87305	3307098327294	0.63349	0.51114	8629.63867	0.23438	12148	1	0.56772	0.36553	0	0.61001	0.50893	0	0.61001	0.50893	0	0.47494	0.53369	9.42410	1.10281	0	0.73525	0.55358	11.09724	1.10281	0	-0.00660	-0.00914	0.70428	0.00346	1	0.05910	-0.01244	0.65795	0.00355	1	1.45898	0.81042	0	
1279646	8629.87988	3307098394323	0.63349	0.51114	8629.63867	0.24121	12148	1	0.56772	0.36553	0	0.61001	0.50893	0	0.61001	0.50893	0	0.47494	0.53369	9.42410	1.10281	0	0.73525	0.55358	11.09724	1.10281	0	-0.00660	-0.00914	0.70428	0.00346	1	0.05910	-0.01244	0.65795	0.00355	1	1.45898	0.81042	0	
1279647	8629.88672	3307098461848	0.64125	0.51730	8629.63867	0.24121	12148	0	0.56772	0.36553	0	0.61001	0.50893	0	0.61001	0.50893	0	0.47494	0.53369	9.42410	1.10281	0	0.73525	0.55358	11.09724	1.10281	0	-0.00660	-0.00914	0.70428	0.00346	1	0.05910	-0.01244	0.65795	0.00355	1	1.45898	0.81042	0	
1279648	8629.89355	3307098528199	0.64125	0.51730	8629.63867	0.24121	12148	0	0.56772	0.36553	0	0.61001	0.50893	0	0.61001	0.50893	0	0.47494	0.53369	9.42410	1.10281	0	0.73525	0.55358	11.09724	1.10281	0	-0.00660	-0.00914	0.70428	0.00346	1	0.05910	-0.01244	0.65795	0.00355	1	1.45898	0.81042	0	
1279649	8629.90039	3307098595204	0.64125	0.51730	8629.63867	0.24121	12148	0	0.56772	0.36553	0	0.61001	0.50893	0	0.61001	0.50893	0	0.47494	0.53369	9.42410	1.10281	0	0.73525	0.55358	11.09724	1.10281	0	-0.00660	-0.00914	0.70428	0.00346	1	0.05910	-0.01244	0.65795	0.00355	1	1.45898	0.81042	0	
1279650	8629.90625	3307098659007	0.00000	0.00000	8629.63867	0.24121	12148	0	0.56772	0.36553	0	0.61001	0.50893	0	0.61001	0.50893	0	0.47494	0.53369	9.42410	1.10281	0	0.73525	0.55358	11.09724	1.10281	0	-0.00660	-0.00914	0.70428	0.00346	1	0.05910	-0.01244	0.65795	0.00355	1	1.45898	0.81042	0	
1279651	8629.91309	3307098727980	0.00000	0.00000	8629.63867	0.24121	12148	0	0.56772	0.36553	0	0.61001	0.50893	0	0.61001	0.50893	0	0.47494	0.53369	9.42410	1.10281	0	0.73525	0.55358	11.09724	1.10281	0	-0.00660	-0.00914	0.70428	0.00346	1	0.05910	-0.01244	0.65795	0.00355	1	1.45898	0.81042	0	
1279652	8629.91992	3307098794051	0.00000	0.00000	8629.63867	0.24121	12148	0	0.56772	0.36553	0	0.61001	0.50893	0	0.61001	0.50893	0	0.47494	0.53369	9.42410	1.10281	0	0.73525	0.55358	11.09724	1.10281	0	-0.00660	-0.00914	0.70428	0.00346	1	0.05910	-0.01244	0.65795	0.00355	1	1.45898	0.81042	0	
1279653	8629.92676	3307098863819	0.61141	0.50315	8629.63867	0.24121	12148	0	0.56772	0.36553	0	0.61141	0.50315	1	0.61141	0.50315	1	0.47343	0.52986	9.05748	1.10281	0	0.47343	0.52986	9.05748	1.11149	1	-0.00660	-0.00914	0.70428	0.00346	1	-0.00692	-0.00907	0.71580	0.00200	1	1.45898	0.81042	0	
1279654	8629.93359	3307098930658	0.49531	0.28608	8629.63867	0.24121	12148	0	0.56772	0.36553	0	0.37921	0.06902	1	0.37921	0.06902	1	0.47343	0.52986	9.05748	1.11149	0	0.47328	0.52971	9.04002	1.12017	1	-0.00660	-0.00914	0.70428	0.00346	1	-0.00692	-0.00907	0.71580	0.00203	1	1.45898	0.81042	0	
1279655	8629.94043	3307098997337	0.45885	0.20800	8629.63867	0.24121	12148	0	0.56772	0.36553	0	0.38594	0.05184	1	0.38594	0.05184	1	0.47343	0.52986	9.05748	1.12017	0	0.47335	0.52972	9.09481	1.12885	1	-0.00660	-0.00914	0.70428	0.00346	1	-0.00692	-0.00907	0.71580	0.00198	1	1.45898	0.81042	0	
1279656	8629.94727	3307099064584	0.38370	0.05757	8629.63867	0.24121	12148	0	0.56772	0.36553	0	0.38594	0.05184	1	0.38594	0.05184	1	0.47343	0.52986	9.05748	1.12885	0	0.47332	0.52972	9.25852	1.12885	1	-0.00660	-0.00914	0.70428	0.00346	1	-0.00654	-0.00858	0.68105	0.00210	1	1.45898	0.81042	0	
1279657	8629.95410	3307099131443	0.38275	0.06132	8629.63867	0.24121	12148	0	0.56772	0.36553	0	0.38180	0.06507	1	0.38180	0.06507	1	0.47343	0.52986	9.05748	1.12885	0	0.47332	0.52982	9.78498	1.12017	1	-0.00660	-0.00914	0.70428	0.00346	1	-0.00654	-0.00858	0.68105	0.00193	1	1.45898	0.81042	0	
1279658	8629.95996	3307099196924	0.38375	0.06157	8629.63867	0.24121	12148	0	0.56772	0.36553	0	0.38576	0.06207	1	0.38576	0.06207	1	0.47343	0.52986	9.05748	1.12017	0	0.47326	0.52962	9.60290	1.11149	1	-0.00660	-0.00914	0.70428	0.00346	1	-0.00654	-0.00858	0.68105	0.00195	1	1.45898	0.81042	0	
1279659	8629.96680	3307099265791	0.38434	0.06390	8629.94727	0.01953	12149	1	0.56772	0.36553	0	0.38611	0.07089	1	0.38611	0.07089	1	0.47343	0.52986	9.05748	1.11149	0	0.47319	0.52943	9.92842	1.10281	1	-0.00660	-0.00914	0.70428	0.00346	1	-0.00654	-0.00858	0.68105	0.00200	1	1.45898	0.81042	0	
1279660	8629.97363	3307099332773	0.37637	0.06203	8629.94727	0.02637	12149	1	0.56772	0.36553	0	0.34447	0.05455	1	0.34447	0.05455	1	0.47343	0.52986	9.05748	1.10281	0	0.47340	0.52954	9.38934	1.10281	1	-0.00660	-0.00914	0.70428	0.00346	1	-0.00654	-0.00858	0.68105	0.00204	1	1.45898	0.81042	0	
1279661	8629.98047	3307099400609	0.37320	0.06213	8629.94727	0.03320	12149	1	0.56772	0.36553	0	0.35736	0.06262	1	0.35736	0.06262	1	0.47343	0.52986	9.05748	1.10281	0	0.47323	0.52958	9.54043	1.10281	1	-0.00660	-0.00914	0.70428	0.00346	1	-0.00654	-0.00858	0.68105	0.00199	1	1.45898	0.81042	0	
1279662	8629.98730	3307099465927	0.37094	0.06220	8629.94727	0.04004	12149	1	0.56772	0.36553	0	0.35736	0.06262	1	0.35736	0.06262	1	0.47343	0.52986	9.05748	1.10281	0	0.47336	0.52967	9.72808	1.10281	1	-0.00660	-0.00914	0.70428	0.00346	1	-0.00654	-0.00848	0.68105	0.00197	1	1.45898	0.81042	0	
1279663	8629.99414	3307099532988	0.37206	0.06147	8629.94727	0.04688	12149	1	0.56772	0.36553	0	0.37994	0.05635	1	0.37994	0.05635	1	0.47343	0.52986	9.05748	1.10281	0	0.47357	0.52962	9.84908	1.10281	1	-0.00660	-0.00914	0.70428	0.00346	1	-0.00654	-0.00848	0.68105	0.00202	1	1.45898	0.81042	0	
1279664	8630.00000	3307099599989	0.38207	0.08452	8629.94727	0.05273	12149	1	0.46694	0.11569	1	0.45741	0.42218	1	0.46218	0.26894	1	0.47343	0.52943	9.52390	1.10281	1	0.73393	0.55245	10.65162	1.10281	1	-0.00660	-0.00914	0.70428	0.00198	1	-0.00654	-0.00848	0.68105	0.00373	1	1.45898	0.81042	0	
1279665	8630.00684	3307099668067	0.39014	0.10372	8629.94727	0.05957	12149	1	0.46824	0.12450	1	0.45723	0.42859	1	0.46273	0.27655	1	0.47350	0.52943	9.40843	1.09373	1	0.73367	0.55261	11.35871	1.09373	1	-0.00643	-0.00839	0.66969	0.00196	1	0.06042	-0.01253	0.67378	0.00380	1	1.45898	0.81042	0	
1279666	8630.01367	3307099734123	0.39784	0.12081	8629.94727	0.06641	12149	1	0.49566	0.13165	1	0.45400	0.45181	1	0.47483	0.29173	1	0.47360	0.52954	9.33308	1.08464	1	0.73355	0.55257	11.14751	1.08464	1	-0.00643	-0.00839	0.66969	0.00207	1	0.06042	-0.01253	0.67378	0.00373	1	1.45898	0.81042	0	
1279667	8630.02051	3307099801240	0.40439	0.13507	8629.94727	0.07324	12149	1	0.48681	0.13616	1	0.46615	0.44755	1	0.47648	0.29185	1	0.47340	0.52943	9.56748	1.07556	1	0.73369	0.55238	11.26361	1.07556	1	-0.00643	-0.00839	0.66969	0.00192	1	0.06042	-0.01253	0.67378	0.00354	1	1.45898	0.81042	0	
1279668	8630.02734	3307099867921	0.40997	0.14771	8629.94727	0.08008	12149	1	0.48801	0.14500	1	0.46589	0.45391	1	0.47695	0.29946	1	0.47341	0.52946	9.67841	1.06647	1	0.73364	0.55217	11.26980	1.06647	1	-0.00654	-0.00848	0.68105	0.00191	1	0.06042	-0.01253	0.67378	0.00348	1	1.45898	0.81042	0	
1279669	8630.03418	3307099934769	0.41579	0.15496	8629.94727	0.08691	12149	1	0.51761	0.14792	1	0.46510	0.35046	1	0.49136	0.24919	1	0.47347	0.52941	9.92128	1.06647	1	0.73368	0.55203	11.01079	1.06647	1	-0.00654	-0.00848	0.68105	0.00207	1	0.06042	-0.01253	0.67378	0.00355	1	1.45898	0.81042	0	
1279670	8630.04102	3307100001700	0.42977	0.18625	8629.94727	0.08691	12149	0	0.51312	0.15695	1	0.46172	0.34368	1	0.48742	0.25031	1	0.47349	0.52957	9.47026	1.06647	1	0.73369	0.55182	10.64675	1.06647	1	-0.00654	-0.00848	0.68105	0.00201	1	0.06042	-0.01253	0.67378	0.00354	1	1.45898	0.81042	0	
1279671	8630.04785	3307100069298	0.45859	0.21828	8629.94727	0.08691	12149	0	0.51312	0.15695	1	0.46172	0.34368	1	0.48742	0.25031	1	0.47331	0.52955	9.89060	1.06647	1	0.73374	0.55180	10.69889	1.06647	1	-0.00643	-0.00839	0.66969	0.00198	1	0.06042	-0.01253	0.67378	0.00357	1	1.45898	0.81042	0	
1279672	8630.05371	3307100136015	0.47099	0.24336	8629.94727	0.08691	12149	0	0.49813	0.16039	1	0.49347	0.42661	1	0.49580	0.29350	1	0.47320	0.52968	9.63920	1.06647	1	0.73380	0.55209	10.64294	1.06647	1	-0.00643	-0.00839	0.66969	0.00210	1	0.06042	-0.01253	0.67378	0.00354	1	1.45898	0.81042	0	
1279673	8630.06055	3307100203563	0.49215	0.26882	8629.94727	0.08691	12149	0	0.49672	0.13970	1	0.48976	0.38558	1	0.49324	0.26264	1	0.47316	0.52939	9.67054	1.06647	1	0.73370	0.55155	10.29914	1.06647	1	-0.00643	-0.00839	0.66969	0.00202	1	0.06042	-0.01253	0.67378	0.00355	1	1.45898	0.81042	0	
1279674	8630.06738	3307100270391	0.49243	0.26324	8629.94727	0.08691	12149	0	0.49559	0.13082	1	0.48983	0.38449	1	0.49271	0.25765	1	0.47310	0.52945	9.40566	1.07556	1	0.73371	0.55145	10.26933	1.06790	1	-0.00673	-0.00872	0.69598	0.00204	1	0.05913	-0.01227	0.65993	0.00360	1	1.45898	0.81042	0	
1279675	8630.07422	3307100336766	0.49224	0.25894	8629.94727	0.08691	12149	0	0.49884	0.14706	1	0.48489	0.35363	1	0.49187	0.25035	1	0.47311	0.52965	9.81735	1.07698	1	0.73353	0.55130	10.53833	1.06932	1	-0.00673	-0.00872	0.69598	0.00198	1	0.05913	-0.01227	0.65993	0.00362	1	1.45898	0.81042	0	
1279676	8630.08105	3307100403459	0.49007	0.25724	8630.06055	0.02051	12150	1	0.48492	0.14484	1	0.48219	0.35944	1	0.48355	0.25214	1	0.47300	0.52953	9.74894	1.07841	1	0.73354	0.55136	10.57022	1.07075	1	-0.00673	-0.00872	0.69598	0.00192	1	0.05913	-0.01227	0.65993	0.00360	1	1.45898	0.81042	0	
1279677	8630.08789	3307100470789	0.48887	0.25696	8630.06055	0.02734	12150	1	0.48593	0.15222	1	0.48219	0.35944	1	0.48406	0.25583	1	0.47313	0.52954	9.08674	1.07075	1	0.73336	0.55162	10.88431	1.07075	1	-0.00667	-0.00862	0.68391	0.00212	1	0.06042	-0.01255	0.67489	0.00347	1	1.45898	0.81042	0	
1279678	8630.09375	3307100535813	0.48836	0.26009	8630.06055	0.03320	12150	1	0.48974	0.16441	1	0.48193	0.38710	1	0.48584	0.27576	1	0.47305	0.52961	9.50373	1.06166	1	0.73356	0.55171	10.95468	1.06932	1	-0.00667	-0.00862	0.68391	0.00201	1	0.06042	-0.01255	0.67489	0.00355	1	1.45898	0.81042	0	
1279679	8630.10059	3307100603446	0.47292	0.23998	8630.06055	0.04004	12150	1	0.48974	0.16441	0	0.38027	0.11932	1	0.38027	0.11932	1	0.47305	0.52961	9.50373	1.06024	0	0.47317	0.52963	9.23052	1.06790	1	-0.00667	-0.00862	0.68391	0.00201	1	0.06042	-0.01255	0.67489	0.00197	1	1.45898	0.81042	0	
1279680	8630.10742	3307100667911	0.46135	0.22508	8630.06055	0.04688	12150	1	0.48974	0.16441	0	0.38034	0.12075	1	0.38034	0.12075	1	0.47305	0.52961	9.50373	1.05881	0	0.47400	0.52947	10.07643	1.06647	1	-0.00667	-0.00862	0.68391	0.00201	1	-0.00643	-0.00839	0.66969	0.00203	1	1.45898	0.81042	0	
1279681	8630.11426	3307100736576	0.46135	0.22508	8630.06055	0.05371	12150	1	0.48974	0.16441	0	0.38034	0.12075	0	0.38034	0.12075	0	0.47305	0.52961	9.50373	1.06647	0	0.47400	0.52947	10.07643	1.06647	0	-0.00667	-0.00862	0.68391	0.00201	1	-0.00643	-0.00839	0.66969	0.00203	1	1.45898	0.81042	0	
1279682	8630.12109	3307100803221	0.46135	0.22508	8630.06055	0.06055	12150	1	0.48974	0.16441	0	0.38034	0.12075	0	0.38034	0.12075	0	0.47305	0.52961	9.50373	1.06647	0	0.47400	0.52947	10.07643	1.06647	0	-0.00667	-0.00862	0.68391	0.00201	1	-0.00643	-0.00839	0.66969	0.00203	1	1.45898	0.81042	0	
1279683	8630.12695	3307100868862	0.46135	0.22508	8630.06055	0.06641	12150	1	0.48974	0.16441	0	0.38034	0.12075	0	0.38034	0.12075	0	0.47305	0.52961	9.50373	1.06647	0	0.47400	0.52947	10.07643	1.06647	0	-0.00667	-0.00862	0.68391	0.00201	1	-0.00643	-0.00839	0.66969	0.00203	1	1.45898	0.81042	0	
1279684	8630.13379	3307100936172	0.45695	0.21883	8630.06055	0.06641	12150	0	0.48974	0.16441	0	0.38034	0.12075	0	0.38034	0.12075	0	0.47305	0.52961	9.50373	1.06647	0	0.47400	0.52947	10.07643	1.06647	0	-0.00667	-0.00862	0.68391	0.00201	1	-0.00643	-0.00839	0.66969	0.00203	1	1.45898	0.81042	0	
1279685	8630.14062	3307101003524	0.45695	0.21883	8630.06055	0.06641	12150	0	0.48974	0.16441	0	0.38034	0.12075	0	0.38034	0.12075	0	0.47305	0.52961	9.50373	1.06647	0	0.47400	0.52947	10.07643	1.06647	0	-0.00667	-0.00862	0.68391	0.00201	1	-0.00643	-0.00839	0.66969	0.00203	1	1.45898	0.81042	0	
1279686	8630.14746	3307101071978	0.45695	0.21883	8630.06055	0.06641	12150	0	0.48974	0.16441	0	0.38034	0.12075	0	0.38034	0.12075	0	0.47305	0.52961	9.50373	1.06647	0	0.47400	0.52947	10.07643	1.06647	0	-0.00667	-0.00862	0.68391	0.00201	1	-0.00643	-0.00839	0.66969	0.00203	1	1.45898	0.81042	0	
1279687	8630.15430	3307101140781	0.00000	0.00000	8630.06055	0.06641	12150	0	0.48974	0.16441	0	0.38034	0.12075	0	0.38034	0.12075	0	0.47305	0.52961	9.50373	1.06647	0	0.47400	0.52947	10.07643	1.06647	0	-0.00667	-0.00862	0.68391	0.00201	1	-0.00643	-0.00839	0.66969	0.00203	1	1.45898	0.81042	0	
1279688	8630.16113	3307101205811	0.00000	0.00000	8630.06055	0.06641	12150	0	0.48974	0.16441	0	0.38034	0.12075	0	0.38034	0.12075	0	0.47305	0.52961	9.50373	1.06647	0	0.47400	0.52947	10.07643	1.06647	0	-0.00667	-0.00862	0.68391	0.00201	1	-0.00643	-0.00839	0.66969	0.00203	1	1.45898	0.81042	0	
1279689	8630.16797	3307101273384	0.00000	0.00000	8630.06055	0.06641	12150	0	0.48974	0.16441	0	0.38034	0.12075	0	0.38034	0.12075	0	0.47305	0.52961	9.50373	1.06647	0	0.47400	0.52947	10.07643	1.06647	0	-0.00667	-0.00862	0.68391	0.00201	1	-0.00643	-0.00839	0.66969	0.00203	1	1.45898	0.81042	0	
1279690	8630.17480	3307101341830	0.00000	0.00000	8630.06055	0.06641	12150	0	0.48974	0.16441	0	0.38034	0.12075	0	0.38034	0.12075	0	0.47305	0.52961	9.50373	1.06647	0	0.47400	0.52947	10.07643	1.06647	0	-0.00667	-0.00862	0.68391	0.00201	1	-0.00643	-0.00839	0.66969	0.00203	1	1.45898	0.81042	0	
1279691	8630.18164	3307101408334	0.21851	0.05731	8630.06055	0.06641	12150	0	0.48974	0.16441	0	0.43702	0.11461	1	0.43702	0.11461	1	0.47410	0.52980	10.57967	1.06647	0	0.47410	0.52980	10.57967	1.06647	1	-0.00667	-0.00862	0.68391	0.00201	1	-0.00643	-0.00839	0.66969	0.00207	1	1.45898	0.81042	0	
1279692	8630.18848	3307101475693	0.29135	0.07641	8630.06055	0.06641	12150	0	0.48974	0.16441	0	0.43702	0.11461	1	0.43702	0.11461	1	0.47410	0.52980	10.57967	1.06647	0	0.47417	0.52980	10.58471	1.06647	1	-0.00667	-0.00862	0.68391	0.00201	1	-0.00654	-0.00858	0.68105	0.00209	1	1.45898	0.81042	0	
1279693	8630.19434	3307101542666	0.46604	0.17692	8630.06055	0.06641	12150	0	0.55416	0.17192	1	0.49402	0.43113	1	0.52409	0.30152	1	0.47401	0.52973	10.27975	1.06647	1	0.73420	0.55158	10.82421	1.06647	1	-0.00667	-0.00862	0.68391	0.00206	1	-0.00654	-0.00858	0.68105	0.00399	1	1.45898	0.81042	0	
1279694	8630.20117	3307101609455	0.49590	0.20917	8630.06055	0.06641	12150	0	0.54869	0.15976	1	0.50281	0.32307	1	0.52575	0.24141	1	0.47397	0.52971	10.35866	1.06647	1	0.73427	0.55122	10.84138	1.06647	1	-0.00667	-0.00862	0.68391	0.00207	1	-0.00654	-0.00858	0.68105	0.00380	1	1.45898	0.81042	0	
1279695	8630.20801	3307101676654	0.50577	0.22097	8630.06055	0.06641	12150	0	0.54869	0.15976	1	0.50234	0.32939	1	0.52551	0.24458	1	0.47380	0.52950	10.67727	1.06647	1	0.73432	0.55132	10.90871	1.05881	1	-0.00643	-0.00839	0.66969	0.00206	1	0.05967	-0.01224	0.66590	0.00380	1	1.45898	0.81042	0	
1279696	8630.21484	3307101744610	0.51339	0.22922	8630.19434	0.02051	12151	1	0.55512	0.15536	1	0.51741	0.35262	1	0.53627	0.25399	1	0.47411	0.52974	10.57639	1.05881	1	0.73417	0.55121	11.22243	1.05115	1	-0.00643	-0.00839	0.66969	0.00215	1	0.05967	-0.01224	0.66590	0.00380	1	1.45898	0.81042	0	
1279697	8630.22168	3307101811180	0.51876	0.25464	8630.19434	0.02734	12151	1	0.55976	0.35290	1	0.52072	0.35970	1	0.54024	0.35630	1	0.47397	0.53196	10.53033	1.05115	1	0.73423	0.55126	10.78246	1.04349	1	-0.00643	-0.00839	0.66969	0.00354	1	0.05967	-0.01224	0.66590	0.00385	1	1.45898	0.81042	0	
1279698	8630.22852	3307101877829	0.52239	0.27087	8630.19434	0.03418	12151	1	0.55965	0.35178	1	0.52145	0.35233	1	0.54055	0.35205	1	0.47382	0.52945	10.41035	1.05258	1	0.73420	0.55131	10.84409	1.05258	1	-0.00673	-0.00872	0.69598	0.00205	1	0.06042	-0.01240	0.67489	0.00380	1	1.45898	0.81042	0	
1279699	8630.23535	3307101944724	0.52786	0.29132	8630.19434	0.04102	12151	1	0.59480	0.40100	1	0.52649	0.42700	1	0.56064	0.41400	1	0.47449	0.53210	10.42148	1.06166	1	0.73436	0.55189	10.66104	1.06932	1	-0.00673	-0.00872	0.69598	0.00365	1	0.06042	-0.01240	0.67489	0.00377	1	1.45898	0.81042	0	
1279700	8630.24121	3307102011466	0.52880	0.28973	8630.19434	0.04688	12151	1	0.54049	0.16044	1	0.53026	0.39675	1	0.53538	0.27860	1	0.47385	0.52942	10.40222	1.07841	1	0.73431	0.55155	11.01197	1.08607	1	-0.00673	-0.00872	0.69598	0.00203	1	0.06042	-0.01240	0.67489	0.00383	1	1.45898	0.81042	0	
1279701	8630.24805	3307102078358	0.52952	0.28692	8630.19434	0.05371	12151	1	0.53899	0.14462	1	0.53169	0.38427	1	0.53534	0.26445	1	0.47377	0.52939	10.34223	1.09515	1	0.73429	0.55147	10.89439	1.10281	1	-0.00675	-0.00869	0.69805	0.00204	1	0.06042	-0.01240	0.67489	0.00388	1	1.45898	0.81042	0	
1279702	8630.25488	3307102145788	0.51819	0.26676	8630.19434	0.06055	12151	1	0.53899	0.14462	0	0.41622	0.08529	1	0.41622	0.08529	1	0.47377	0.52939	10.34223	1.10281	0	0.47375	0.52942	10.38939	1.10281	1	-0.00675	-0.00869	0.69805	0.00204	1	0.06042	-0.01240	0.67489	0.00209	1	1.45898	0.81042	0	
1279703	8630.26172	3307102210352	0.50958	0.27099	8630.19434	0.06738	12151	1	0.53899	0.14462	0	0.42345	0.31336	1	0.42345	0.31336	1	0.47377	0.52939	10.34223	1.10281	0	0.47402	0.53155	10.08407	1.10281	1	-0.00675	-0.00869	0.69805	0.00204	1	0.06042	-0.01240	0.67489	0.00364	1	1.45898	0.81042	0	
1279704	8630.26855	3307102279407	0.50240	0.27395	8630.19434	0.07422	12151	1	0.53899	0.14462	0	0.42337	0.30640	1	0.42337	0.30640	1	0.47377	0.52939	10.34223	1.10281	0	0.47377	0.52943	10.15952	1.11149	1	-0.00675	-0.00869	0.69805	0.00204	1	-0.00675	-0.00869	0.69805	0.00214	1	1.45898	0.81042	0	
1279705	8630.27441	3307102343996	0.49559	0.25721	8630.19434	0.08008	12151	1	0.53899	0.14462	0	0.41386	0.05643	1	0.41386	0.05643	1	0.47377	0.52939	10.34223	1.11149	0	0.47376	0.52930	9.94684	1.12017	1	-0.00675	-0.00869	0.69805	0.00204	1	-0.00675	-0.00869	0.69805	0.00208	1	1.45898	0.81042	0	
1279706	8630.28223	3307102412985	0.48935	0.24317	8630.19434	0.08789	12151	1	0.53899	0.14462	0	0.40829	0.06067	1	0.40829	0.06067	1	0.47377	0.52939	10.34223	1.12017	0	0.47375	0.52938	10.30991	1.12885	1	-0.00675	-0.00869	0.69805	0.00204	1	-0.00675	-0.00869	0.69805	0.00202	1	1.45898	0.81042	0	
1279707	8630.28809	3307102480750	0.48395	0.23101	8630.19434	0.09375	12151	1	0.53899	0.14462	0	0.40829	0.06067	1	0.40829	0.06067	1	0.47377	0.52939	10.34223	1.12885	0	0.47355	0.52908	10.68928	1.12885	1	-0.00675	-0.00869	0.69805	0.00204	1	-0.00667	-0.00851	0.68391	0.00208	1	1.45898	0.81042	0	
1279708	8630.29492	3307102547715	0.47882	0.21967	8630.19434	0.10059	12151	1	0.53899	0.14462	0	0.40190	0.04964	1	0.40190	0.04964	1	0.47377	0.52939	10.34223	1.12885	0	0.47363	0.52921	10.23916	1.12017	1	-0.00675	-0.00869	0.69805	0.00204	1	-0.00667	-0.00851	0.68391	0.00216	1	1.45898	0.81042	0	
1279709	8630.30176	3307102614949	0.45607	0.19073	8630.19434	0.10059	12151	0	0.53899	0.14462	0	0.40555	0.04724	1	0.40555	0.04724	1	0.47377	0.52939	10.34223	1.12017	0	0.47362	0.52902	10.61553	1.11149	1	-0.00675	-0.00869	0.69805	0.00204	1	-0.00667	-0.00851	0.68391	0.00209	1	1.45898	0.81042	0	
1279710	8630.30859	3307102681451	0.43091	0.12346	8630.19434	0.10059	12151	0	0.53899	0.14462	0	0.40576	0.05618	1	0.40576	0.05618	1	0.47377	0.52939	10.34223	1.11149	0	0.47362	0.52902	10.61553	1.10281	1	-0.00675	-0.00869	0.69805	0.00204	1	-0.00667	-0.00851	0.68391	0.00209	1	1.45898	0.81042	0	
1279711	8630.31543	3307102747198	0.42111	0.11634	8630.19434	0.10059	12151	0	0.53899	0.14462	0	0.40151	0.10210	1	0.40151	0.10210	1	0.47377	0.52939	10.34223	1.10281	0	0.47360	0.52902	10.57920	1.10281	1	-0.00675	-0.00869	0.69805	0.00204	1	-0.00667	-0.00851	0.68391	0.00208	1	1.45898	0.81042	0	
1279712	8630.32227	3307102814688	0.40218	0.08731	8630.19434	0.10059	12151	0	0.53899	0.14462	0	0.39928	0.10364	1	0.39928	0.10364	1	0.47377	0.52939	10.34223	1.10281	0	0.47357	0.52901	10.64841	1.10281	1	-0.00675	-0.00869	0.69805	0.00204	1	-0.00667	-0.00851	0.68391	0.00205	1	1.45898	0.81042	0	
1279713	8630.32910	3307102882143	0.40073	0.09547	8630.19434	0.10059	12151	0	0.53899	0.14462	0	0.39928	0.10364	1	0.39928	0.10364	1	0.47377	0.52939	10.34223	1.10281	0	0.47356	0.52894	10.30330	1.10281	1	-0.00675	-0.00869	0.69805	0.00204	1	-0.00667	-0.00851	0.68391	0.00210	1	1.45898	0.81042	0	
1279714	8630.33496	3307102949568	0.40040	0.10844	8630.19434	0.10059	12151	0	0.53899	0.14462	0	0.39974	0.13437	1	0.39974	0.13437	1	0.47377	0.52939	10.34223	1.10281	0	0.47360	0.52917	10.27237	1.10281	1	-0.00675	-0.00869	0.69805	0.00204	1	-0.00667	-0.00851	0.68391	0.00209	1	1.45898	0.81042	0	
1279715	8630.34180	3307103015713	0.40162	0.11029	8630.32227	0.01953	12152	1	0.53899	0.14462	0	0.40528	0.11584	1	0.40528	0.11584	1	0.47377	0.52939	10.34223	1.10281	0	0.47357	0.52910	10.15837	1.10281	1	-0.00675	-0.00869	0.69805	0.00204	1	-0.00667	-0.00851	0.68391	0.00212	1	1.45898	0.81042	0	
1279716	8630.34863	3307103081798	0.40235	0.11140	8630.32227	0.02637	12152	1	0.53899	0.14462	0	0.40528	0.11584	1	0.40528	0.11584	1	0.47377	0.52939	10.34223	1.10281	0	0.47365	0.52901	10.39510	1.10281	1	-0.00675	-0.00869	0.69805	0.00204	1	-0.00672	-0.00845	0.67854	0.00209	1	1.45898	0.81042	0	
1279717	8630.35547	3307103150146	0.40297	0.10864	8630.32227	0.03320	12152	1	0.53899	0.14462	0	0.40605	0.09485	1	0.40605	0.09485	1	0.47377	0.52939	10.34223	1.10281	0	0.47355	0.52899	10.15694	1.10281	1	-0.00675	-0.00869	0.69805	0.00204	1	-0.00672	-0.00845	0.67854	0.00214	1	1.45898	0.81042	0	
1279718	8630.36230	3307103217046	0.40372	0.10943	8630.32227	0.04004	12152	1	0.53899	0.14462	0	0.40823	0.11420	1	0.40823	0.11420	1	0.47377	0.52939	10.34223	1.10281	0	0.47368	0.52916	10.83302	1.10281	1	-0.00675	-0.00869	0.69805	0.00204	1	-0.00672	-0.00845	0.67854	0.00207	1	1.45898	0.81042	0	
1279719	8630.36914	3307103284145	0.40426	0.10897	8630.32227	0.04688	12152	1	0.53899	0.14462	0	0.40804	0.10570	1	0.40804	0.10570	1	0.47377	0.52939	10.34223	1.10281	0	0.47365	0.52905	10.53386	1.11149	1	-0.00675	-0.00869	0.69805	0.00204	1	-0.00697	-0.00878	0.70926	0.00208	1	1.45898	0.81042	0	
1279720	8630.37598	3307103350991	0.40327	0.10477	8630.32227	0.05371	12152	1	0.53899	0.14462	0	0.39534	0.07117	1	0.39534	0.07117	1	0.47377	0.52939	10.34223	1.11149	0	0.47342	0.52893	10.45540	1.12017	1	-0.00675	-0.00869	0.69805	0.00204	1	-0.00697	-0.00878	0.70926	0.00206	1	1.45898	0.81042	0	
1279721	8630.38184	3307103418070	0.40441	0.10058	8630.32227	0.05957	12152	1	0.53899	0.14462	0	0.41471	0.06292	1	0.41471	0.06292	1	0.47377	0.52939	10.34223	1.12017	0	0.47365	0.52905	10.53386	1.12885	1	-0.00675	-0.00869	0.69805	0.00204	1	-0.00697	-0.00878	0.70926	0.00208	1	1.45898	0.81042	0	
1279722	8630.38867	3307103484639	0.40535	0.09716	8630.32227	0.06641	12152	1	0.53899	0.14462	0	0.41471	0.06292	1	0.41471	0.06292	1	0.47377	0.52939	10.34223	1.12885	0	0.47336	0.52873	10.67670	1.12885	1	-0.00675	-0.00869	0.69805	0.00204	1	-0.00672	-0.00845	0.67854	0.00207	1	1.45898	0.81042	0	
1279723	8630.39551	3307103551657	0.40447	0.09419	8630.32227	0.07324	12152	1	0.53899	0.14462	0	0.39479	0.06147	1	0.39479	0.06147	1	0.47377	0.52939	10.34223	1.12885	0	0.47344	0.52879	10.66768	1.12017	1	-0.00675	-0.00869	0.69805	0.00204	1	-0.00672	-0.00845	0.67854	0.00212	1	1.45898	0.81042	0	
1279724	8630.40234	3307103619057	0.40328	0.09107	8630.32227	0.08008	12152	1	0.53899	0.14462	0	0.38900	0.05369	1	0.38900	0.05369	1	0.47377	0.52939	10.34223	1.12017	0	0.47337	0.52864	10.53903	1.11149	1	-0.00675	-0.00869	0.69805	0.00204	1	-0.00672	-0.00845	0.67854	0.00207	1	1.45898	0.81042	0	
1279725	8630.40918	3307103686029	0.40228	0.08903	8630.32227	0.08691	12152	1	0.53899	0.14462	0	0.38933	0.06257	1	0.38933	0.06257	1	0.47377	0.52939	10.34223	1.11149	0	0.47326	0.52886	10.74105	1.10281	1	-0.00675	-0.00869	0.69805	0.00204	1	-0.00672	-0.00845	0.67854	0.00206	1	1.45898	0.81042	0	
1279726	8630.41602	3307103752476	0.40908	0.10181	8630.32227	0.09375	12152	1	0.52584	0.13307	1	0.48265	0.42831	1	0.50424	0.28069	1	0.47319	0.52894	10.63474	1.10281	1	0.73358	0.55133	11.42048	1.10281	1	-0.00675	-0.00869	0.69805	0.00209	1	-0.00672	-0.00845	0.67854	0.00357	1	1.45898	0.81042	0	
1279727	8630.42285	3307103820093	0.41608	0.11175	8630.32227	0.10059	12152	1	0.55059	0.13605	1	0.49160	0.38560	1	0.52109	0.26082	1	0.47320	0.52880	10.62914	1.10281	1	0.73367	0.55132	11.29105	1.10281	1	-0.00675	-0.00869	0.69805	0.00205	1	-0.00672	-0.00845	0.67854	0.00352	1	1.45898	0.81042	0	
1279728	8630.42871	3307103887123	0.42224	0.12128	8630.32227	0.10645	12152	1	0.55132	0.14463	1	0.49042	0.40306	1	0.52087	0.27384	1	0.47321	0.52875	10.61368	1.09373	1	0.73389	0.55078	10.38428	1.07926	1	-0.00672	-0.00845	0.67854	0.00203	1	0.05746	-0.01177	0.64295	0.00354	1	1.45898	0.81042	0	
1279729	8630.43555	3307103953424	0.42817	0.13055	8630.32227	0.11328	12152	1	0.55826	0.16099	1	0.49957	0.41513	1	0.52892	0.28806	1	0.47331	0.52884	10.57860	1.07017	1	0.73387	0.55107	10.82978	1.05571	1	-0.00672	-0.00845	0.67854	0.00215	1	0.05746	-0.01177	0.64295	0.00353	1	1.45898	0.81042	0	
1279730	8630.44238	3307104021029	0.43280	0.14072	8630.32227	0.12012	12152	1	0.55241	0.18236	1	0.47968	0.46517	1	0.51605	0.32377	1	0.47324	0.52878	10.41914	1.04662	1	0.73357	0.55129	11.35403	1.03215	1	-0.00672	-0.00845	0.67854	0.00215	1	0.05746	-0.01177	0.64295	0.00357	1	1.45898	0.81042	0	
1279731	8630.44922	3307104087627	0.45881	0.17857	8630.32227	0.12012	12152	0	0.55437	0.20477	1	0.47897	0.47713	1	0.51667	0.34095	1	0.47330	0.52890	10.33662	1.02307	1	0.73381	0.55101	11.33345	1.01541	1	-0.00669	-0.00837	0.67599	0.00216	1	0.05938	-0.01215	0.66381	0.00364	1	1.45898	0.81042	0	
1279732	8630.45605	3307104154472	0.48348	0.25284	8630.32227	0.12012	12152	0	0.53213	0.21514	1	0.48418	0.43907	1	0.50816	0.32710	1	0.47327	0.52881	10.58151	1.01541	1	0.73367	0.55102	10.87470	1.02222	1	-0.00669	-0.00837	0.67599	0.00207	1	0.05938	-0.01215	0.66381	0.00365	1	1.45898	0.81042	0	
1279733	8630.46289	3307104221358	0.50754	0.28020	8630.32227	0.12012	12152	0	0.56935	0.22751	1	0.54198	0.44234	1	0.55567	0.33493	1	0.47349	0.52902	9.96958	1.02222	1	0.73414	0.55089	10.98576	1.02902	1	-0.00669	-0.00837	0.67599	0.00199	1	0.05938	-0.01215	0.66381	0.00349	1	1.45898	0.81042	0	
1279734	8630.46973	3307104288821	0.53999	0.32947	8630.32227	0.12012	12152	0	0.56886	0.22119	1	0.54344	0.43159	1	0.55615	0.32639	1	0.47256	0.52900	10.01809	1.02902	1	0.73324	0.55063	11.12751	1.04349	1	-0.00676	-0.00837	0.67253	0.00202	1	0.06094	-0.01248	0.68185	0.00353	1	1.45898	0.81042	0	
1279735	8630.47656	3307104356078	0.52090	0.29254	8630.32227	0.12012	12152	0	0.50277	0.18910	1	0.50083	0.32210	1	0.50180	0.25560	1	0.47241	0.52895	10.09216	1.04349	1	0.73304	0.55054	10.35250	1.05115	1	-0.00676	-0.00837	0.67253	0.00199	1	0.06094	-0.01248	0.68185	0.00362	1	1.45898	0.81042	0	
1279736	8630.48242	3307104423022	0.51443	0.28253	8630.32227	0.12012	12152	0	0.49803	0.17148	1	0.50499	0.35356	1	0.50151	0.26252	1	0.47238	0.52887	9.78673	1.05115	1	0.73321	0.55081	11.08320	1.05881	1	-0.00676	-0.00837	0.67253	0.00199	1	0.06094	-0.01248	0.68185	0.00356	1	1.45898	0.81042	0	
1279737	8630.48926	3307104487612	0.51114	0.27584	8630.46973	0.01953	12153	1	0.49707	0.16411	1	0.50548	0.34741	1	0.50127	0.25576	1	0.47235	0.52908	9.96131	1.05881	1	0.73289	0.55090	10.60716	1.06647	1	-0.00676	-0.00832	0.67253	0.00201	1	0.06094	-0.01248	0.68185	0.00357	1	1.45898	0.81042	0	
1279738	8630.49609	3307104556616	0.50559	0.27242	8630.46973	0.02637	12153	1	0.50892	0.17812	1	0.45780	0.33942	1	0.48336	0.25877	1	0.47242	0.52879	9.91551	1.06647	1	0.73276	0.55089	11.07697	1.06647	1	-0.00676	-0.00832	0.67253	0.00207	1	0.06094	-0.01248	0.68185	0.00353	1	1.45898	0.81042	0	
1279739	8630.50293	3307104620409	0.50244	0.26142	8630.46973	0.03320	12153	1	0.50505	0.18992	1	0.46831	0.22288	1	0.48668	0.20640	1	0.47252	0.52899	10.19465	1.06647	1	0.73275	0.54954	10.76495	1.06647	1	-0.00676	-0.00832	0.67253	0.00209	1	0.06094	-0.01248	0.68185	0.00375	1	1.45898	0.81042	0	
1279740	8630.50977	3307104688484	0.50024	0.25462	8630.46973	0.04004	12153	1	0.50601	0.19737	1	0.46806	0.23023	1	0.48703	0.21380	1	0.47248	0.52864	10.13986	1.05845	1	0.73288	0.55052	10.90497	1.05845	1	-0.00656	-0.00814	0.65818	0.00206	1	0.06094	-0.01248	0.68185	0.00359	1	1.45898	0.81042	0	
1279741	8630.51562	3307104754726	0.49873	0.25812	8630.46973	0.04590	12153	1	0.51232	0.18871	1	0.46405	0.37656	1	0.48819	0.28264	1	0.47255	0.52884	10.25246	1.05044	1	0.73325	0.55094	11.43540	1.05044	1	-0.00656	-0.00814	0.65818	0.00203	1	0.06094	-0.01248	0.68185	0.00360	1	1.45898	0.81042	0	
1279742	8630.52246	3307104822154	0.49756	0.26456	8630.46973	0.05273	12153	1	0.52281	0.19272	1	0.45358	0.43940	1	0.48820	0.31606	1	0.47259	0.52885	10.11645	1.04242	1	0.73306	0.55101	10.61000	1.04242	1	-0.00656	-0.00814	0.65818	0.00203	1	0.06094	-0.01248	0.68185	0.00366	1	1.45898	0.81042	0	
1279743	8630.52930	3307104890924	0.49658	0.26895	8630.46973	0.05957	12153	1	0.52184	0.18411	1	0.45374	0.43277	1	0.48779	0.30844	1	0.47271	0.52875	9.92957	1.05151	1	0.73329	0.55084	11.28743	1.05151	1	-0.00707	-0.00861	0.70882	0.00208	1	0.06094	-0.01248	0.68185	0.00363	1	1.45898	0.81042	0	
1279744	8630.53613	3307104955339	0.49446	0.26929	8630.46973	0.06641	12153	1	0.49732	0.16960	1	0.44925	0.37588	1	0.47329	0.27274	1	0.47264	0.52874	9.85337	1.06861	1	0.73301	0.55123	12.01545	1.06861	1	-0.00707	-0.00861	0.70882	0.00202	1	0.06094	-0.01248	0.68185	0.00362	1	1.45898	0.81042	0	
1279745	8630.54297	3307105024418	0.49272	0.26830	8630.46973	0.07324	12153	1	0.49148	0.13629	1	0.45551	0.37850	1	0.47350	0.25740	1	0.47265	0.52858	10.21069	1.08571	1	0.73311	0.55083	11.60678	1.08571	1	-0.00707	-0.00861	0.70882	0.00211	1	0.06094	-0.01248	0.68185	0.00387	1	1.45898	0.81042	0	
1279746	8630.54980	3307105089922	0.49121	0.26693	8630.46973	0.08008	12153	1	0.49046	0.12856	1	0.45566	0.37244	1	0.47306	0.25050	1	0.47278	0.52878	10.10826	1.09373	1	0.73349	0.55011	10.99276	1.09373	1	-0.00672	-0.00835	0.67855	0.00201	1	0.06042	-0.01235	0.67489	0.00377	1	1.45898	0.81042	0	
1279747	8630.55566	3307105155980	0.49024	0.26472	8630.46973	0.08594	12153	1	0.47919	0.14682	1	0.47607	0.32509	1	0.47763	0.23596	1	0.47276	0.52875	10.20423	1.08464	1	0.73346	0.55081	11.56863	1.08464	1	-0.00672	-0.00835	0.67855	0.00200	1	0.06042	-0.01235	0.67489	0.00353	1	1.45898	0.81042	0	
1279748	8630.56250	3307105221652	0.48871	0.26488	8630.46973	0.09277	12153	1	0.48097	0.17255	1	0.45359	0.36172	1	0.46728	0.26714	1	0.47282	0.52880	9.89919	1.07556	1	0.73306	0.55095	11.30336	1.07556	1	-0.00672	-0.00835	0.67855	0.00209	1	0.06042	-0.01235	0.67489	0.00353	1	1.45898	0.81042	0	
1279749	8630.57031	3307105293522	0.48740	0.26551	8630.46973	0.10059	12153	1	0.48221	0.18109	1	0.45344	0.36880	1	0.46782	0.27495	1	0.47295	0.52868	9.74269	1.06647	1	0.73329	0.55073	11.26737	1.06647	1	-0.00672	-0.00843	0.68946	0.00206	1	0.06042	-0.01235	0.67489	0.00356	1	1.45898	0.81042	0	
1279750	8630.57617	3307105360827	0.48732	0.26518	8630.46973	0.10645	12153	1	0.49121	0.16891	1	0.48084	0.35111	1	0.48603	0.26001	1	0.47305	0.52881	9.91045	1.06647	1	0.73349	0.55059	11.05962	1.06647	1	-0.00672	-0.00843	0.68946	0.00205	1	0.06042	-0.01235	0.67489	0.00356	1	1.45898	0.81042	0	
1279751	8630.58301	3307105426101	0.48611	0.26489	8630.46973	0.11328	12153	1	0.48742	0.16683	1	0.44350	0.35301	1	0.46546	0.25992	1	0.47304	0.52883	10.04931	1.06647	1	0.73328	0.55082	11.39123	1.06647	1	-0.00672	-0.00843	0.68946	0.00202	1	0.06042	-0.01235	0.67489	0.00353	1	1.45898	0.81042	0	
1279752	8630.58984	3307105494435	0.48502	0.26463	8630.46973	0.12012	12153	1	0.48742	0.16683	1	0.44350	0.35301	1	0.46546	0.25992	1	0.47313	0.52851	10.08330	1.06647	1	0.73385	0.55047	10.42992	1.06647	1	-0.00672	-0.00843	0.68946	0.00199	1	0.06042	-0.01233	0.67378	0.00352	1	1.45898	0.81042	0	
1279753	8630.59668	3307105561059	0.48456	0.26426	8630.46973	0.12695	12153	1	0.49874	0.14470	1	0.45288	0.36983	1	0.47581	0.25726	1	0.47317	0.52856	10.38101	1.06647	1	0.73385	0.55101	10.46724	1.06647	1	-0.00672	-0.00843	0.68946	0.00199	1	0.06042	-0.01233	0.67378	0.00363	1	1.45898	0.81042	0	
1279754	8630.60352	3307105628251	0.48453	0.26499	8630.46973	0.13379	12153	1	0.50977	0.17861	1	0.45799	0.38050	1	0.48388	0.27956	1	0.47324	0.52876	10.49990	1.06647	1	0.73390	0.55084	10.43704	1.06647	1	-0.00672	-0.00843	0.68946	0.00205	1	0.06042	-0.01233	0.67378	0.00359	1	1.45898	0.81042	0	
1279755	8630.61035	3307105695207	0.48450	0.26565	8630.46973	0.14062	12153	1	0.50977	0.17861	1	0.45799	0.38050	1	0.48388	0.27956	1	0.47342	0.52870	10.19656	1.06647	1	0.73375	0.55125	11.94052	1.06647	1	-0.00654	-0.00827	0.68105	0.00208	1	0.05910	-0.01204	0.65795	0.00362	1	1.45898	0.81042	0	
1279756	8630.61719	3307105762243	0.48402	0.26542	8630.46973	0.14746	12153	1	0.48080	0.15422	1	0.46611	0.36633	1	0.47345	0.26027	1	0.47329	0.52863	10.24309	1.06647	1	0.73411	0.55087	11.47828	1.06647	1	-0.00654	-0.00827	0.68105	0.00211	1	0.05910	-0.01204	0.65795	0.00352	1	1.45898	0.81042	0	
1279757	8630.62305	3307105829347	0.48404	0.26507	8630.46973	0.15332	12153	1	0.48637	0.15744	1	0.48293	0.35664	1	0.48465	0.25704	1	0.47333	0.52873	10.66722	1.06647	1	0.73436	0.55099	11.21805	1.06647	1	-0.00654	-0.00827	0.68105	0.00207	1	0.05910	-0.01204	0.65795	0.00339	1	1.45898	0.81042	0	
1279758	8630.62988	3307105897290	0.48405	0.26443	8630.46973	0.16016	12153	1	0.48516	0.14870	1	0.48333	0.34943	1	0.48424	0.24907	1	0.47359	0.52872	10.11231	1.07556	1	0.73427	0.55014	10.91898	1.07556	1	-0.00723	-0.00928	0.75886	0.00205	1	0.05910	-0.01204	0.65795	0.00379	1	1.45898	0.81042	0	
1279759	8630.63672	3307105963515	0.48394	0.26270	8630.46973	0.16699	12153	1	0.48641	0.13214	1	0.47588	0.30679	1	0.48114	0.21947	1	0.47379	0.52862	10.21735	1.08464	1	0.73418	0.55059	11.03469	1.08464	1	-0.00723	-0.00928	0.75886	0.00219	1	0.05910	-0.01204	0.65795	0.00388	1	1.45898	0.81042	0	
1279760	8630.64355	3307106029843	0.48305	0.26150	8630.46973	0.17383	12153	1	0.46886	0.14491	1	0.45107	0.31577	1	0.45996	0.23034	1	0.47351	0.52855	9.64159	1.09373	1	0.73423	0.55054	10.97674	1.09373	1	-0.00723	-0.00928	0.75886	0.00208	1	0.05910	-0.01204	0.65795	0.00399	1	1.45898	0.81042	0	
1279761	8630.65039	3307106097812	0.48223	0.26039	8630.46973	0.18066	12153	1	0.46886	0.14491	1	0.45107	0.31577	1	0.45996	0.23034	1	0.47388	0.52862	9.89280	1.09373	1	0.73481	0.55092	10.90920	1.09373	1	-0.00646	-0.00831	0.68385	0.00207	1	0.06078	-0.01241	0.67553	0.00396	1	1.45898	0.81042	0	
1279762	8630.65723	3307106164643	0.47847	0.25414	8630.46973	0.18750	12153	1	0.46886	0.14491	0	0.37328	0.07928	1	0.37328	0.07928	1	0.47388	0.52862	9.89280	1.08464	0	0.47395	0.52855	9.82873	1.08464	1	-0.00646	-0.00831	0.68385	0.00207	1	0.06078	-0.01241	0.67553	0.00212	1	1.45898	0.81042	0	
1279763	8630.66406	3307106232081	0.45886	0.22506	8630.46973	0.18750	12153	0	0.46886	0.14491	0	0.38057	0.09864	1	0.38057	0.09864	1	0.47388	0.52862	9.89280	1.07556	0	0.47391	0.52863	10.19252	1.07556	1	-0.00646	-0.00831	0.68385	0.00207	1	0.06078	-0.01241	0.67553	0.00204	1	1.45898	0.81042	0	
1279764	8630.66992	3307106298695	0.41972	0.16206	8630.46973	0.18750	12153	0	0.46886	0.14491	0	0.38059	0.09905	1	0.38059	0.09905	1	0.47388	0.52862	9.89280	1.06647	0	0.47414	0.52870	10.56212	1.07515	1	-0.00646	-0.00831	0.68385	0.00207	1	-0.00661	-0.00856	0.70492	0.00209	1	1.45898	0.81042	0	
1279765	8630.67676	3307106365814	0.40401	0.13900	8630.46973	0.18750	12153	0	0.46886	0.14491	0	0.37257	0.09289	1	0.37257	0.09289	1	0.47388	0.52862	9.89280	1.07515	0	0.47420	0.52870	10.19656	1.08383	1	-0.00646	-0.00831	0.68385	0.00207	1	-0.00661	-0.00856	0.70492	0.00208	1	1.45898	0.81042	0	
1279766	8630.68359	3307106432202	0.37528	0.08901	8630.46973	0.18750	12153	0	0.46886	0.14491	0	0.37267	0.07509	1	0.37267	0.07509	1	0.47388	0.52862	9.89280	1.08383	0	0.47430	0.52867	10.37736	1.09251	1	-0.00646	-0.00831	0.68385	0.00207	1	-0.00661	-0.00856	0.70492	0.00202	1	1.45898	0.81042	0	
1279767	8630.69043	3307106499352	0.37397	0.08205	8630.46973	0.18750	12153	0	0.46886	0.14491	0	0.37267	0.07509	1	0.37267	0.07509	1	0.47388	0.52862	9.89280	1.09251	0	0.47439	0.52865	10.18680	1.09251	1	-0.00646	-0.00831	0.68385	0.00207	1	-0.00640	-0.00836	0.68795	0.00210	1	1.45898	0.81042	0	
1279768	8630.69727	3307106566874	0.36869	0.08656	8630.46973	0.18750	12153	0	0.46886	0.14491	0	0.35812	0.09559	1	0.35812	0.09559	1	0.47388	0.52862	9.89280	1.09251	0	0.47446	0.52872	10.24877	1.08383	1	-0.00646	-0.00831	0.68385	0.00207	1	-0.00640	-0.00836	0.68795	0.00202	1	1.45898	0.81042	0	
1279769	8630.70410	3307106633454	0.36549	0.08922	8630.68359	0.02051	12154	1	0.46886	0.14491	0	0.35590	0.09720	1	0.35590	0.09720	1	0.47388	0.52862	9.89280	1.08383	0	0.47439	0.52874	10.19089	1.07515	1	-0.00646	-0.00831	0.68385	0.00207	1	-0.00640	-0.00836	0.68795	0.00204	1	1.45898	0.81042	0	
1279770	8630.70996	3307106699424	0.36369	0.09258	8630.68359	0.02637	12154	1	0.46886	0.14491	0	0.35650	0.10601	1	0.35650	0.10601	1	0.47388	0.52862	9.89280	1.07515	0	0.47453	0.52869	10.13744	1.06647	1	-0.00646	-0.00831	0.68385	0.00207	1	-0.00634	-0.00842	0.69338	0.00206	1	1.45898	0.81042	0	
1279771	8630.71680	3307106765435	0.36449	0.09621	8630.68359	0.03320	12154	1	0.46886	0.14491	0	0.36850	0.11438	1	0.36850	0.11438	1	0.47388	0.52862	9.89280	1.06647	0	0.47451	0.52864	10.24882	1.06647	1	-0.00646	-0.00831	0.68385	0.00207	1	-0.00634	-0.00842	0.69338	0.00208	1	1.45898	0.81042	0	
1279772	8630.72363	3307106832163	0.36529	0.09726	8630.68359	0.04004	12154	1	0.46886	0.14491	0	0.37009	0.10353	1	0.37009	0.10353	1	0.47388	0.52862	9.89280	1.06647	0	0.47456	0.52869	9.95546	1.06647	1	-0.00646	-0.00831	0.68385	0.00207	1	-0.00634	-0.00842	0.69338	0.00210	1	1.45898	0.81042	0	
1279773	8630.73047	3307106898605	0.36589	0.09804	8630.68359	0.04688	12154	1	0.46886	0.14491	0	0.37009	0.10353	1	0.37009	0.10353	1	0.47388	0.52862	9.89280	1.06647	0	0.47462	0.52879	10.09573	1.06647	1	-0.00646	-0.00831	0.68385	0.00207	1	-0.00634	-0.00842	0.69338	0.00216	1	1.45898	0.81042	0	
1279774	8630.73730	3307106965607	0.36914	0.09728	8630.68359	0.05371	12154	1	0.46886	0.14491	0	0.39514	0.09118	1	0.39514	0.09118	1	0.47388	0.52862	9.89280	1.06647	0	0.47491	0.52856	10.09664	1.06647	1	-0.00646	-0.00831	0.68385	0.00207	1	-0.00634	-0.00842	0.69338	0.00218	1	1.45898	0.81042	0	
1279775	8630.74414	3307107031794	0.37055	0.09587	8630.68359	0.06055	12154	1	0.46886	0.14491	0	0.38317	0.08314	1	0.38317	0.08314	1	0.47388	0.52862	9.89280	1.06647	0	0.47475	0.52854	9.97138	1.06647	1	-0.00646	-0.00831	0.68385	0.00207	1	-0.00634	-0.00842	0.69338	0.00212	1	1.45898	0.81042	0	
1279776	8630.75000	3307107099153	0.37569	0.09787	8630.68359	0.06641	12154	1	0.47146	0.16217	1	0.38276	0.07370	1	0.42711	0.11794	1	0.47487	0.52869	10.21272	1.07556	1	0.73576	0.55191	11.51646	1.07556	1	-0.00641	-0.00859	0.70698	0.00211	1	0.06247	-0.01272	0.69198	0.00362	1	1.45898	0.81042	0	
1279777	8630.75684	3307107166382	0.38463	0.11231	8630.68359	0.07324	12154	1	0.50993	0.13925	1	0.45616	0.40298	1	0.48304	0.27112	1	0.47497	0.52877	10.52658	1.08464	1	0.73556	0.55194	11.67153	1.08464	1	-0.00641	-0.00859	0.70698	0.00219	1	0.06247	-0.01272	0.69198	0.00366	1	1.45898	0.81042	0	
1279778	8630.76367	3307107231271	0.39170	0.12251	8630.68359	0.08008	12154	1	0.49616	0.13540	1	0.45681	0.35453	1	0.47649	0.24497	1	0.47480	0.52874	10.16694	1.09373	1	0.73548	0.55146	11.63743	1.09373	1	-0.00641	-0.00859	0.70698	0.00216	1	0.06247	-0.01272	0.69198	0.00383	1	1.45898	0.81042	0	
1279779	8630.77051	3307107300679	0.39776	0.13126	8630.68359	0.08691	12154	1	0.49616	0.13540	1	0.45681	0.35453	1	0.47649	0.24497	1	0.47492	0.52880	10.48310	1.09373	1	0.73569	0.55120	11.21335	1.09373	1	-0.00617	-0.00833	0.68527	0.00207	1	0.06247	-0.01272	0.69198	0.00389	1	1.45898	0.81042	0	
1279780	8630.77734	3307107366962	0.40343	0.14006	8630.68359	0.09375	12154	1	0.49080	0.15424	1	0.47495	0.37222	1	0.48287	0.26323	1	0.47501	0.52884	10.56237	1.08464	1	0.73579	0.55152	11.31906	1.08464	1	-0.00617	-0.00833	0.68527	0.00213	1	0.06247	-0.01272	0.69198	0.00377	1	1.45898	0.81042	0	
1279781	8630.78418	3307107435446	0.40829	0.14675	8630.68359	0.10059	12154	1	0.49195	0.16416	1	0.47028	0.33013	1	0.48112	0.24715	1	0.47504	0.52885	10.39954	1.07556	1	0.73567	0.55142	11.59337	1.07556	1	-0.00617	-0.00833	0.68527	0.00212	1	0.06247	-0.01272	0.69198	0.00389	1	1.45898	0.81042	0	
1279782	8630.79102	3307107503865	0.43297	0.17835	8630.68359	0.10059	12154	0	0.49312	0.17277	1	0.46998	0.33749	1	0.48155	0.25513	1	0.47536	0.52881	10.38240	1.06647	1	0.73571	0.55127	11.02103	1.06647	1	-0.00617	-0.00833	0.68527	0.00221	1	0.06005	-0.01230	0.66408	0.00386	1	1.45898	0.81042	0	
1279783	8630.79785	3307107570858	0.46031	0.20875	8630.68359	0.10059	12154	0	0.48722	0.18062	1	0.48807	0.29767	1	0.48765	0.23915	1	0.47520	0.52884	10.70198	1.06647	1	0.73602	0.55130	11.30169	1.06647	1	-0.00617	-0.00833	0.68527	0.00220	1	0.06005	-0.01230	0.66408	0.00383	1	1.45898	0.81042	0	
1279784	8630.80469	3307107637892	0.46223	0.21679	8630.68359	0.10059	12154	0	0.46792	0.16118	1	0.46422	0.30457	1	0.46607	0.23288	1	0.47515	0.52869	10.37707	1.06647	1	0.73569	0.55161	11.92661	1.06647	1	-0.00617	-0.00833	0.68527	0.00215	1	0.06005	-0.01230	0.66408	0.00366	1	1.45898	0.81042	0	
1279785	8630.81055	3307107705187	0.46322	0.21990	8630.79102	0.01953	12155	1	0.46792	0.16118	1	0.46446	0.29728	1	0.46619	0.22923	1	0.47545	0.52853	10.62701	1.06647	1	0.73614	0.55122	11.88545	1.07515	1	-0.00601	-0.00825	0.67929	0.00207	1	0.06332	-0.01296	0.69960	0.00370	1	1.45898	0.81042	0	
1279786	8630.81738	3307107772453	0.46952	0.22707	8630.79102	0.02637	12155	1	0.49669	0.16398	1	0.49270	0.34748	1	0.49469	0.25573	1	0.47557	0.52879	10.57568	1.07515	1	0.73604	0.55171	12.24375	1.08383	1	-0.00601	-0.00825	0.67929	0.00219	1	0.06332	-0.01296	0.69960	0.00360	1	1.45898	0.81042	0	
1279787	8630.82422	3307107838930	0.47145	0.22783	8630.79102	0.03320	12155	1	0.50074	0.14718	1	0.46154	0.31607	1	0.48114	0.23163	1	0.47556	0.52872	10.76691	1.08383	1	0.73587	0.55147	11.96428	1.09251	1	-0.00601	-0.00825	0.67929	0.00216	1	0.06332	-0.01296	0.69960	0.00359	1	1.45898	0.81042	0	
1279788	8630.83105	3307107906082	0.47276	0.22778	8630.79102	0.04004	12155	1	0.49970	0.13889	1	0.46154	0.31607	1	0.48062	0.22748	1	0.47554	0.52881	10.50817	1.09251	1	0.73593	0.55109	11.98057	1.09251	1	-0.00601	-0.00830	0.67929	0.00215	1	0.06122	-0.01257	0.67591	0.00388	1	1.45898	0.81042	0	
1279789	8630.83789	3307107972779	0.47159	0.22912	8630.79102	0.04688	12155	1	0.49671	0.13512	1	0.43006	0.34186	1	0.46338	0.23849	1	0.47551	0.52869	10.67256	1.09251	1	0.73580	0.55171	12.17753	1.08383	1	-0.00601	-0.00830	0.67929	0.00214	1	0.06122	-0.01257	0.67591	0.00370	1	1.45898	0.81042	0	
1279790	8630.84473	3307108040235	0.47205	0.23089	8630.79102	0.05371	12155	1	0.50579	0.15551	1	0.44573	0.33468	1	0.47576	0.24510	1	0.47563	0.52881	10.55550	1.08383	1	0.73602	0.55174	11.98476	1.07515	1	-0.00601	-0.00830	0.67929	0.00223	1	0.06122	-0.01257	0.67591	0.00365	1	1.45898	0.81042	0	
1279791	8630.85156	3307108106610	0.47247	0.23307	8630.79102	0.06055	12155	1	0.50680	0.16373	1	0.44564	0.34166	1	0.47622	0.25270	1	0.47620	0.53143	11.01854	1.07515	1	0.73603	0.55222	12.03668	1.06647	1	-0.00592	-0.00833	0.68117	0.00355	1	0.06122	-0.01257	0.67591	0.00364	1	1.45898	0.81042	0	
1279792	8630.85742	3307108173677	0.47228	0.23965	8630.79102	0.06641	12155	1	0.51475	0.18465	1	0.42603	0.42614	1	0.47039	0.30539	1	0.47572	0.52895	10.48901	1.06647	1	0.73583	0.55270	12.22514	1.06647	1	-0.00592	-0.00833	0.68117	0.00216	1	0.06122	-0.01257	0.67591	0.00385	1	1.45898	0.81042	0	
1279793	8630.86426	3307108241068	0.47217	0.24500	8630.79102	0.07324	12155	1	0.51128	0.17810	1	0.43071	0.42973	1	0.47099	0.30392	1	0.47569	0.52899	11.21882	1.06647	1	0.73588	0.55254	12.16974	1.06647	1	-0.00592	-0.00833	0.68117	0.00219	1	0.06122	-0.01257	0.67591	0.00383	1	1.45898	0.81042	0	
1279794	8630.87109	3307108307859	0.47208	0.24954	8630.79102	0.08008	12155	1	0.51128	0.17810	1	0.43071	0.42973	1	0.47099	0.30392	1	0.47574	0.52907	11.15886	1.06647	1	0.73619	0.55266	12.04250	1.06647	1	-0.00595	-0.00841	0.68393	0.00217	1	0.06122	-0.01257	0.67591	0.00373	1	1.45898	0.81042	0	
1279795	8630.87793	3307108374933	0.47216	0.25401	8630.79102	0.08691	12155	1	0.51461	0.19634	1	0.43183	0.42795	1	0.47322	0.31214	1	0.47576	0.52894	10.68034	1.06647	1	0.73593	0.55257	11.96547	1.06647	1	-0.00595	-0.00841	0.68393	0.00219	1	0.06122	-0.01257	0.67591	0.00384	1	1.45898	0.81042	0	
1279796	8630.88477	3307108441283	0.47286	0.25503	8630.79102	0.09375	12155	1	0.51530	0.18656	1	0.44996	0.35202	1	0.48263	0.26929	1	0.47574	0.52899	10.84230	1.06647	1	0.73623	0.55193	11.74928	1.06647	1	-0.00595	-0.00841	0.68393	0.00216	1	0.06122	-0.01257	0.67591	0.00364	1	1.45898	0.81042	0	
1279797	8630.89160	3307108508442	0.47344	0.25543	8630.79102	0.10059	12155	1	0.51430	0.17808	1	0.45009	0.34480	1	0.48219	0.26144	1	0.47572	0.52897	10.44506	1.07556	1	0.73605	0.55198	12.15709	1.07556	1	-0.00616	-0.00864	0.70212	0.00226	1	0.06122	-0.01257	0.67591	0.00393	1	1.45898	0.81042	0	
1279798	8630.89746	3307108574193	0.47519	0.26153	8630.79102	0.10645	12155	1	0.51318	0.36810	1	0.49318	0.35018	1	0.50318	0.35914	1	0.47562	0.53139	10.49476	1.08464	1	0.73616	0.55194	12.02281	1.08464	1	-0.00616	-0.00864	0.70212	0.00342	1	0.06122	-0.01257	0.67591	0.00371	1	1.45898	0.81042	0	
1279799	8630.90430	3307108641886	0.47678	0.26118	8630.79102	0.11328	12155	1	0.50604	0.14756	1	0.50160	0.36310	1	0.50382	0.25533	1	0.47555	0.52890	10.51745	1.09373	1	0.73621	0.55216	12.40978	1.09373	1	-0.00616	-0.00864	0.70212	0.00228	1	0.06122	-0.01257	0.67591	0.00359	1	1.45898	0.81042	0	
1279800	8630.91113	3307108705999	0.47821	0.26029	8630.79102	0.12012	12155	1	0.50500	0.13897	1	0.50266	0.34944	1	0.50383	0.24421	1	0.47533	0.52900	10.67276	1.10281	1	0.73608	0.55186	12.30194	1.11149	1	-0.00624	-0.00870	0.69899	0.00218	1	0.06415	-0.01318	0.70880	0.00366	1	1.45898	0.81042	0	
1279801	8630.91797	3307108774111	0.47876	0.25826	8630.79102	0.12695	12155	1	0.49058	0.14940	1	0.48808	0.29008	1	0.48933	0.21974	1	0.47533	0.52898	10.54956	1.11149	1	0.73603	0.55164	12.17185	1.12017	1	-0.00624	-0.00870	0.69899	0.00220	1	0.06415	-0.01318	0.70880	0.00361	1	1.45898	0.81042	0	
1279802	8630.92480	3307108839965	0.47946	0.25530	8630.79102	0.13379	12155	1	0.50380	0.11442	1	0.48295	0.27782	1	0.49337	0.19612	1	0.47524	0.52873	10.96066	1.12017	1	0.73588	0.55171	11.74293	1.12885	1	-0.00624	-0.00870	0.69899	0.00220	1	0.06415	-0.01318	0.70880	0.00377	1	1.45898	0.81042	0	
1279803	8630.93164	3307108908623	0.48008	0.25279	8630.79102	0.14062	12155	1	0.50385	0.11481	1	0.48257	0.28526	1	0.49321	0.20004	1	0.47489	0.52896	10.70768	1.11977	1	0.73549	0.55188	11.88048	1.11977	1	-0.00609	-0.00842	0.67643	0.00217	1	0.06005	-0.01235	0.66408	0.00392	1	1.45898	0.81042	0	
1279804	8630.93848	3307108976787	0.48067	0.25186	8630.79102	0.14746	12155	1	0.51219	0.13116	1	0.47510	0.33146	1	0.49364	0.23131	1	0.47503	0.52892	10.75333	1.11068	1	0.73578	0.55169	11.58016	1.10200	1	-0.00609	-0.00842	0.67643	0.00222	1	0.06005	-0.01235	0.66408	0.00367	1	1.45898	0.81042	0	
1279805	8630.94434	3307109041395	0.48086	0.25177	8630.79102	0.15332	12155	1	0.51756	0.15312	1	0.45284	0.34651	1	0.48520	0.24982	1	0.47502	0.52909	10.81308	1.09292	1	0.73541	0.55192	11.95642	1.08424	1	-0.00609	-0.00842	0.67643	0.00217	1	0.06005	-0.01235	0.66408	0.00379	1	1.45898	0.81042	0	
1279806	8630.95117	3307109110342	0.48107	0.25231	8630.79102	0.16016	12155	1	0.51945	0.16983	1	0.45254	0.36049	1	0.48600	0.26516	1	0.47494	0.52917	10.90297	1.07515	1	0.73526	0.55237	12.03683	1.06647	1	-0.00630	-0.00857	0.68827	0.00222	1	0.06180	-0.01273	0.68455	0.00379	1	1.45898	0.81042	0	
1279807	8630.95801	3307109176238	0.48149	0.25167	8630.79102	0.16699	12155	1	0.51111	0.18715	1	0.47278	0.28441	1	0.49194	0.23578	1	0.47484	0.52909	11.21718	1.06647	1	0.73532	0.55106	12.11687	1.06647	1	-0.00630	-0.00857	0.68827	0.00227	1	0.06180	-0.01273	0.68455	0.00402	1	1.45898	0.81042	0	
1279808	8630.96484	3307109244158	0.48216	0.25240	8630.79102	0.17383	12155	1	0.50812	0.14527	1	0.49109	0.39755	1	0.49961	0.27141	1	0.47484	0.52905	11.07633	1.06647	1	0.73526	0.55213	12.14583	1.06647	1	-0.00630	-0.00857	0.68827	0.00229	1	0.06180	-0.01273	0.68455	0.00357	1	1.45898	0.81042	0	
1279809	8630.97168	3307109307840	0.48279	0.25297	8630.79102	0.18066	12155	1	0.50812	0.14527	1	0.49154	0.39099	1	0.49983	0.26813	1	0.47466	0.52891	10.91101	1.06647	1	0.73530	0.55117	11.97297	1.07515	1	-0.00630	-0.00857	0.68827	0.00220	1	0.06324	-0.01304	0.70107	0.00360	1	1.45898	0.81042	0	
1279810	8630.97754	3307109374620	0.48317	0.25167	8630.79102	0.18652	12155	1	0.49249	0.14708	1	0.49524	0.28362	1	0.49386	0.21535	1	0.47450	0.52910	10.65062	1.07515	1	0.73529	0.55140	12.27356	1.08383	1	-0.00630	-0.00857	0.68827	0.00219	1	0.06324	-0.01304	0.70107	0.00356	1	1.45898	0.81042	0	
1279811	8630.98535	3307109444900	0.48380	0.25020	8630.79102	0.19434	12155	1	0.51057	0.12579	1	0.49381	0.28924	1	0.50219	0.20751	1	0.47457	0.52899	10.62277	1.08383	1	0.73530	0.55154	12.37259	1.09251	1	-0.00630	-0.00857	0.68827	0.00215	1	0.06324	-0.01304	0.70107	0.00358	1	1.45898	0.81042	0	
1279812	8630.99219	3307109513942	0.48438	0.24868	8630.79102	0.20117	12155	1	0.50960	0.11734	1	0.49381	0.28924	1	0.50171	0.20329	1	0.47431	0.52940	10.97225	1.09251	1	0.73483	0.55182	12.00159	1.09251	1	-0.00640	-0.00856	0.68795	0.00219	1	0.06105	-0.01260	0.67742	0.00371	1	1.45898	0.81042	0	
1279813	8630.99902	3307109580675	0.48446	0.24828	8630.79102	0.20801	12155	1	0.50438	0.15312	1	0.46926	0.31825	1	0.48682	0.23569	1	0.47425	0.52942	11.15314	1.09251	1	0.73493	0.55149	11.21747	1.08383	1	-0.00640	-0.00856	0.68795	0.00221	1	0.06105	-0.01260	0.67742	0.00379	1	1.45898	0.81042	0	
1279814	8631.00488	3307109645757	0.48439	0.24820	8630.79102	0.21387	12155	1	0.49336	0.17398	1	0.47132	0.31775	1	0.48234	0.24586	1	0.47432	0.52940	11.01369	1.08383	1	0.73494	0.55146	11.23816	1.07515	1	-0.00640	-0.00856	0.68795	0.00216	1	0.06105	-0.01260	0.67742	0.00378	1	1.45898	0.81042	0	
1279815	8631.01172	3307109712251	0.48434	0.24802	8630.79102	0.22070	12155	1	0.49331	0.17360	1	0.47163	0.31028	1	0.48247	0.24194	1	0.47419	0.52931	10.87628	1.08424	1	0.73464	0.55117	11.65083	1.08424	1	-0.00661	-0.00878	0.70491	0.00221	1	0.06348	-0.01311	0.70491	0.00379	1	1.45898	0.81042	0	
1279816	8631.01855	3307109782957	0.48429	0.24751	8630.79102	0.22754	12155	1	0.50819	0.15826	1	0.45718	0.30198	1	0.48269	0.23012	1	0.47412	0.52946	11.10217	1.09332	1	0.73470	0.55114	11.74692	1.10200	1	-0.00661	-0.00878	0.70491	0.00226	1	0.06348	-0.01311	0.70491	0.00382	1	1.45898	0.81042	0	
1279817	8631.02539	3307109848465	0.48426	0.24614	8630.79102	0.23438	12155	1	0.50169	0.13075	1	0.46447	0.26555	1	0.48308	0.19815	1	0.47409	0.52942	10.91591	1.11109	1	0.73474	0.55102	11.61247	1.11977	1	-0.00661	-0.00878	0.70491	0.00227	1	0.06348	-0.01311	0.70491	0.00388	1	1.45898	0.81042	0	
1279818	8631.03223	3307109917109	0.48421	0.24473	8630.79102	0.24121	12155	1	0.50068	0.12254	1	0.46447	0.26555	1	0.48258	0.19405	1	0.47394	0.52950	11.02720	1.11977	1	0.73457	0.55099	11.77738	1.11977	1	-0.00646	-0.00851	0.68384	0.00225	1	0.06078	-0.01251	0.67553	0.00371	1	1.45898	0.81042	0	
1279819	8631.03906	3307109982293	0.48409	0.24375	8630.79102	0.24805	12155	1	0.48104	0.14431	1	0.47818	0.27102	1	0.47961	0.20767	1	0.47382	0.52942	11.21933	1.11068	1	0.73459	0.55118	11.90863	1.10200	1	-0.00646	-0.00851	0.68384	0.00227	1	0.06078	-0.01251	0.67553	0.00384	1	1.45898	0.81042	0	
1279820	8631.04590	3307110049289	0.48428	0.24269	8630.79102	0.25488	12155	1	0.48339	0.16093	1	0.49944	0.24328	1	0.49141	0.20211	1	0.47382	0.52942	11.21933	1.09292	1	0.73453	0.55102	11.76535	1.08424	1	-0.00646	-0.00851	0.68384	0.00227	1	0.06078	-0.01251	0.67553	0.00389	1	1.45898	0.81042	0	
1279821	8631.05176	3307110116316	0.48840	0.21667	8630.79102	0.25488	12155	0	0.48574	0.17755	1	0.49841	0.25901	1	0.49207	0.21828	1	0.47364	0.52938	11.11501	1.07515	1	0.73462	0.55108	11.88304	1.06647	1	-0.00654	-0.00848	0.68105	0.00221	1	0.05910	-0.01224	0.65795	0.00373	1	1.45898	0.81042	0	
1279822	8631.05859	3307110182829	0.49308	0.23010	8630.79102	0.25488	12155	0	0.50064	0.18425	1	0.49489	0.30281	1	0.49777	0.24353	1	0.47358	0.52945	11.10853	1.06647	1	0.73449	0.55137	12.33972	1.06647	1	-0.00654	-0.00848	0.68105	0.00217	1	0.05910	-0.01224	0.65795	0.00388	1	1.45898	0.81042	0	
1279823	8631.06543	3307110248621	0.49542	0.23457	8630.79102	0.25488	12155	0	0.49937	0.17246	1	0.50083	0.31456	1	0.50010	0.24351	1	0.47349	0.52947	11.31126	1.06647	1	0.73465	0.55091	11.79838	1.06647	1	-0.00654	-0.00848	0.68105	0.00220	1	0.05910	-0.01224	0.65795	0.00395	1	1.45898	0.81042	0	
1279824	8631.07227	3307110317114	0.49659	0.23681	8631.05176	0.02051	12156	1	0.49937	0.17246	1	0.50083	0.31456	1	0.50010	0.24351	1	0.47351	0.52951	11.15907	1.06647	1	0.73450	0.55141	11.64495	1.06647	1	-0.00654	-0.00848	0.68105	0.00219	1	0.05910	-0.01219	0.65795	0.00374	1	1.45898	0.81042	0	
1279825	8631.07910	3307110384290	0.49501	0.23892	8631.05176	0.02734	12156	1	0.50199	0.19546	1	0.47539	0.29926	1	0.48869	0.24736	1	0.47351	0.52951	11.15907	1.06647	1	0.73421	0.55083	12.17179	1.06647	1	-0.00654	-0.00848	0.68105	0.00219	1	0.05910	-0.01219	0.65795	0.00409	1	1.45898	0.81042	0	
1279826	8631.08594	3307110451277	0.49447	0.23592	8631.05176	0.03418	12156	1	0.49632	0.19252	1	0.48716	0.24935	1	0.49174	0.22093	1	0.47349	0.52957	11.16131	1.06647	1	0.73436	0.55066	11.71566	1.06647	1	-0.00654	-0.00848	0.68105	0.00217	1	0.05910	-0.01219	0.65795	0.00401	1	1.45898	0.81042	0	
1279827	8631.09277	3307110518202	0.49405	0.23427	8631.05176	0.04102	12156	1	0.49632	0.19252	1	0.48679	0.25619	1	0.49156	0.22435	1	0.47342	0.52942	10.66223	1.06647	1	0.73389	0.55117	11.72649	1.05881	1	-0.00654	-0.00848	0.68105	0.00223	1	0.05981	-0.01234	0.66638	0.00385	1	1.45898	0.81042	0	
1279828	8631.09863	3307110585730	0.49326	0.23769	8631.05176	0.04688	12156	1	0.52357	0.18850	1	0.45193	0.33485	1	0.48775	0.26168	1	0.47349	0.52942	11.07770	1.05881	1	0.73390	0.55103	11.73591	1.05115	1	-0.00654	-0.00848	0.68105	0.00223	1	0.05981	-0.01234	0.66638	0.00399	1	1.45898	0.81042	0	
1279829	8631.10547	3307110652169	0.49189	0.24222	8631.05176	0.05371	12156	1	0.51356	0.18226	1	0.44834	0.37452	1	0.48095	0.27839	1	0.47340	0.52947	11.05596	1.05115	1	0.73380	0.55134	11.74791	1.04349	1	-0.00654	-0.00848	0.68105	0.00226	1	0.05981	-0.01234	0.66638	0.00382	1	1.45898	0.81042	0	
1279830	8631.11230	3307110718867	0.49080	0.24541	8631.05176	0.06055	12156	1	0.51340	0.18091	1	0.44846	0.36734	1	0.48093	0.27413	1	0.47322	0.52925	11.58356	1.05258	1	0.73379	0.55160	11.98320	1.05258	1	-0.00675	-0.00869	0.69805	0.00226	1	0.06042	-0.01243	0.67378	0.00370	1	1.45898	0.81042	0	
1279831	8631.11914	3307110786006	0.49025	0.24300	8631.05176	0.06738	12156	1	0.50582	0.15200	1	0.46364	0.28582	1	0.48473	0.21891	1	0.47327	0.52909	11.28027	1.06166	1	0.73406	0.55073	11.72171	1.06932	1	-0.00675	-0.00869	0.69805	0.00224	1	0.06042	-0.01243	0.67378	0.00408	1	1.45898	0.81042	0	
1279832	8631.12598	3307110852778	0.49100	0.25119	8631.05176	0.07422	12156	1	0.54897	0.31435	1	0.44970	0.36825	1	0.49933	0.34130	1	0.47389	0.53109	11.06826	1.07841	1	0.73391	0.55167	12.17058	1.08607	1	-0.00675	-0.00869	0.69805	0.00377	1	0.06042	-0.01243	0.67378	0.00371	1	1.45898	0.81042	0	
1279833	8631.13184	3307110917191	0.49160	0.25711	8631.05176	0.08008	12156	1	0.54758	0.30093	1	0.44992	0.35544	1	0.49875	0.32818	1	0.47364	0.53163	11.19496	1.09515	1	0.73383	0.55165	12.20226	1.10281	1	-0.00675	-0.00869	0.69805	0.00342	1	0.06042	-0.01243	0.67378	0.00369	1	1.45898	0.81042	0	
1279834	8631.13867	3307110985747	0.49109	0.25623	8631.05176	0.08691	12156	1	0.50464	0.16559	1	0.46421	0.32396	1	0.48442	0.24478	1	0.47326	0.52909	11.29042	1.10281	1	0.73396	0.55150	12.20441	1.10281	1	-0.00675	-0.00869	0.69805	0.00224	1	0.06042	-0.01243	0.67378	0.00371	1	1.45898	0.81042	0	
1279835	8631.14551	3307111054285	0.48933	0.25672	8631.05176	0.09375	12156	1	0.49579	0.17324	1	0.43369	0.35387	1	0.46474	0.26356	1	0.47320	0.52920	11.17204	1.10281	1	0.73356	0.55165	12.46549	1.10281	1	-0.00675	-0.00869	0.69805	0.00230	1	0.06042	-0.01243	0.67378	0.00375	1	1.45898	0.81042	0	
1279836	8631.15234	3307111120548	0.48779	0.25715	8631.05176	0.10059	12156	1	0.49579	0.17324	1	0.43369	0.35387	1	0.46474	0.26356	1	0.47317	0.52905	10.87663	1.10281	1	0.73385	0.55129	11.94512	1.10281	1	-0.00675	-0.00869	0.69805	0.00234	1	0.06042	-0.01238	0.67378	0.00374	1	1.45898	0.81042	0	
1279837	8631.15918	3307111187819	0.48748	0.26213	8631.05176	0.10742	12156	1	0.51788	0.37847	1	0.44691	0.30533	1	0.48239	0.34190	1	0.47324	0.53135	10.71574	1.10281	1	0.73377	0.55126	12.09591	1.10281	1	-0.00675	-0.00869	0.69805	0.00347	1	0.06042	-0.01238	0.67378	0.00371	1	1.45898	0.81042	0	
1279838	8631.16602	3307111253548	0.48759	0.26671	8631.05176	0.11426	12156	1	0.53615	0.38125	1	0.44274	0.30787	1	0.48945	0.34456	1	0.47366	0.53131	11.21977	1.10281	1	0.73368	0.55122	11.87567	1.10281	1	-0.00675	-0.00869	0.69805	0.00345	1	0.06042	-0.01238	0.67378	0.00375	1	1.45898	0.81042	0	
1279839	8631.17285	3307111323435	0.48768	0.27081	8631.05176	0.12109	12156	1	0.53615	0.38125	1	0.44274	0.30787	1	0.48945	0.34456	1	0.47334	0.52912	11.65870	1.10281	1	0.73382	0.55133	12.11417	1.10281	1	-0.00673	-0.00861	0.69598	0.00226	1	0.06042	-0.01238	0.67378	0.00371	1	1.45898	0.81042	0	
1279840	8631.17969	3307111389724	0.48702	0.26922	8631.05176	0.12793	12156	1	0.50258	0.14912	1	0.44622	0.32910	1	0.47440	0.23911	1	0.47337	0.52912	11.44091	1.10281	1	0.73379	0.55138	12.03788	1.10281	1	-0.00673	-0.00861	0.69598	0.00230	1	0.06042	-0.01238	0.67378	0.00373	1	1.45898	0.81042	0	
1279841	8631.18555	3307111454406	0.48611	0.26833	8631.05176	0.13379	12156	1	0.50018	0.14776	1	0.43577	0.35314	1	0.46797	0.25045	1	0.47325	0.52891	11.57575	1.10281	1	0.73359	0.55158	12.40796	1.10281	1	-0.00673	-0.00861	0.69598	0.00233	1	0.06042	-0.01238	0.67378	0.00376	1	1.45898	0.81042	0	
1279842	8631.19238	3307111517888	0.48529	0.26765	8631.05176	0.14062	12156	1	0.50018	0.14776	1	0.43576	0.35900	1	0.46797	0.25338	1	0.47402	0.53115	11.33734	1.10281	1	0.73366	0.55139	12.34631	1.09515	1	-0.00675	-0.00859	0.69806	0.00345	1	0.05981	-0.01224	0.66638	0.00380	1	1.45898	0.81042	0	
1279843	8631.19922	3307111590575	0.48041	0.29651	8631.05176	0.14062	12156	0	0.53175	0.33702	1	0.43095	0.34847	1	0.48135	0.34275	1	0.47362	0.53102	11.38595	1.09515	1	0.73349	0.55153	12.44880	1.08749	1	-0.00675	-0.00859	0.69806	0.00350	1	0.05981	-0.01224	0.66638	0.00391	1	1.45898	0.81042	0	
1279844	8631.20605	3307111656245	0.48799	0.32087	8631.05176	0.14062	12156	0	0.55179	0.32677	1	0.43935	0.36369	1	0.49557	0.34523	1	0.47388	0.53100	11.42965	1.08749	1	0.73369	0.55146	12.45959	1.07983	1	-0.00675	-0.00859	0.69806	0.00355	1	0.05981	-0.01224	0.66638	0.00377	1	1.45898	0.81042	0	
1279845	8631.21289	3307111724515	0.49062	0.32999	8631.05176	0.14062	12156	0	0.55240	0.33277	1	0.43935	0.36369	1	0.49587	0.34823	1	0.47360	0.53038	10.84990	1.07983	1	0.73373	0.55114	12.49625	1.07983	1	-0.00673	-0.00851	0.69598	0.00373	1	0.05910	-0.01209	0.65795	0.00396	1	1.45898	0.81042	0	
1279846	8631.21875	3307111786513	0.48588	0.32963	8631.19922	0.01953	12157	1	0.50395	0.31485	1	0.43940	0.34223	1	0.47168	0.32854	1	0.47359	0.53060	10.84526	1.07983	1	0.73363	0.55141	12.33012	1.08749	1	-0.00673	-0.00851	0.69598	0.00364	1	0.05910	-0.01209	0.65795	0.00393	1	1.45898	0.81042	0	
1279847	8631.22559	3307111855297	0.48455	0.33144	8631.19922	0.02637	12157	1	0.52046	0.33354	1	0.43799	0.34382	1	0.47923	0.33868	1	0.47381	0.53086	11.26018	1.08749	1	0.73369	0.55147	12.65152	1.09515	1	-0.00673	-0.00851	0.69598	0.00360	1	0.05910	-0.01209	0.65795	0.00382	1	1.45898	0.81042	0	
1279848	8631.23340	3307111924919	0.48368	0.33283	8631.19922	0.03418	12157	1	0.52061	0.33465	1	0.43799	0.34493	1	0.47930	0.33979	1	0.47360	0.52885	10.91257	1.08607	1	0.73413	0.55133	13.00158	1.09373	1	-0.00643	-0.00819	0.66970	0.00238	1	0.05910	-0.01204	0.65795	0.00375	1	1.45898	0.81042	0	
1279849	8631.23926	3307111991874	0.48621	0.33382	8631.19922	0.04004	12157	1	0.50410	0.34413	1	0.49873	0.33538	1	0.50142	0.33975	1	0.47351	0.53096	10.93660	1.08464	1	0.73460	0.55083	12.19696	1.08464	1	-0.00643	-0.00819	0.66970	0.00357	1	0.05910	-0.01204	0.65795	0.00379	1	1.45898	0.81042	0	
1279850	8631.24609	3307112058553	0.48639	0.33703	8631.19922	0.04688	12157	1	0.47907	0.34716	1	0.49615	0.37181	1	0.48761	0.35949	1	0.47349	0.53072	11.19421	1.07556	1	0.73456	0.55103	12.56020	1.07556	1	-0.00643	-0.00819	0.66970	0.00377	1	0.05910	-0.01204	0.65795	0.00377	1	1.45898	0.81042	0	
1279851	8631.25293	3307112125697	0.48660	0.34100	8631.19922	0.05371	12157	1	0.48146	0.36045	1	0.49520	0.38503	1	0.48833	0.37274	1	0.47356	0.53050	11.06290	1.05845	1	0.73470	0.55082	12.06702	1.05845	1	-0.00634	-0.00814	0.66589	0.00378	1	0.05910	-0.01204	0.65795	0.00376	1	1.45898	0.81042	0	
1279852	8631.25977	3307112192755	0.48714	0.34515	8631.19922	0.06055	12157	1	0.48757	0.35997	1	0.49641	0.40504	1	0.49199	0.38251	1	0.47358	0.53095	11.25440	1.05044	1	0.73462	0.55113	12.24982	1.05044	1	-0.00634	-0.00814	0.66589	0.00380	1	0.05910	-0.01204	0.65795	0.00387	1	1.45898	0.81042	0	
1279853	8631.26660	3307112259524	0.48758	0.34864	8631.19922	0.06738	12157	1	0.48787	0.35562	1	0.49603	0.41164	1	0.49195	0.38363	1	0.47361	0.53059	11.09648	1.04242	1	0.73461	0.55139	12.45158	1.04242	1	-0.00634	-0.00814	0.66589	0.00369	1	0.05910	-0.01204	0.65795	0.00383	1	1.45898	0.81042	0	
1279854	8631.27344	3307112326592	0.48792	0.35180	8631.19922	0.07422	12157	1	0.48787	0.35562	1	0.49559	0.41746	1	0.49173	0.38654	1	0.47394	0.53092	11.21827	1.04242	1	0.73459	0.55141	12.38353	1.03476	1	-0.00646	-0.00831	0.68385	0.00376	1	0.05887	-0.01198	0.65480	0.00386	1	1.45898	0.81042	0	
1279855	8631.28027	3307112393707	0.48844	0.35417	8631.19922	0.08105	12157	1	0.54127	0.39985	1	0.44811	0.36528	1	0.49469	0.38256	1	0.47448	0.53057	11.61771	1.04278	1	0.73460	0.55082	12.40376	1.03512	1	-0.00646	-0.00831	0.68385	0.00347	1	0.05887	-0.01198	0.65480	0.00386	1	1.45898	0.81042	0	
1279856	8631.28613	3307112461126	0.48882	0.35338	8631.19922	0.08691	12157	1	0.52596	0.31380	1	0.46149	0.37238	1	0.49372	0.34309	1	0.47461	0.52986	11.29753	1.04313	1	0.73481	0.55090	12.14895	1.03548	1	-0.00646	-0.00831	0.68385	0.00369	1	0.05887	-0.01198	0.65480	0.00386	1	1.45898	0.81042	0	
1279857	8631.29297	3307112527484	0.48915	0.35247	8631.19922	0.09375	12157	1	0.52592	0.31350	1	0.46169	0.36597	1	0.49380	0.33974	1	0.47448	0.52989	11.26834	1.04349	1	0.73526	0.55037	12.37101	1.04349	1	-0.00640	-0.00836	0.68795	0.00337	1	0.06078	-0.01234	0.67441	0.00387	1	1.45898	0.81042	0	
1279858	8631.29980	3307112593071	0.49075	0.34860	8631.19922	0.10059	12157	1	0.52207	0.26851	1	0.50740	0.31279	1	0.51473	0.29065	1	0.47461	0.52933	10.04315	1.04349	1	0.73546	0.55061	12.13851	1.05115	1	-0.00640	-0.00836	0.68795	0.00371	1	0.06078	-0.01234	0.67441	0.00382	1	1.45898	0.81042	0	
1279859	8631.30664	3307112658610	0.49161	0.34860	8631.19922	0.10742	12157	1	0.51004	0.35156	1	0.50070	0.34562	1	0.50537	0.34859	1	0.47473	0.53048	10.70411	1.05115	1	0.73545	0.55061	12.44955	1.05881	1	-0.00640	-0.00836	0.68795	0.00344	1	0.06078	-0.01234	0.67441	0.00387	1	1.45898	0.81042	0	
1279860	8631.31348	3307112726838	0.49236	0.34826	8631.19922	0.11426	12157	1	0.50914	0.34552	1	0.50116	0.33941	1	0.50515	0.34246	1	0.47481	0.52825	11.27403	1.05881	1	0.73571	0.55121	12.21362	1.06647	1	-0.00634	-0.00842	0.69338	0.00235	1	0.06078	-0.01229	0.67441	0.00394	1	1.45898	0.81042	0	
1279861	8631.31934	3307112792209	0.49205	0.34396	8631.19922	0.12012	12157	1	0.51037	0.16328	1	0.46235	0.36977	1	0.48636	0.26652	1	0.47483	0.52833	11.41838	1.06647	1	0.73562	0.55101	12.13673	1.06647	1	-0.00634	-0.00842	0.69338	0.00236	1	0.06078	-0.01229	0.67441	0.00412	1	1.45898	0.81042	0	
1279862	8631.32617	3307112861363	0.49108	0.34156	8631.19922	0.12695	12157	1	0.51597	0.17686	1	0.42928	0.41514	1	0.47262	0.29600	1	0.47497	0.52829	11.29534	1.06647	1	0.73512	0.55154	12.50476	1.06647	1	-0.00634	-0.00842	0.69338	0.00229	1	0.06078	-0.01229	0.67441	0.00392	1	1.45898	0.81042	0	
1279863	8631.33301	3307112927461	0.49020	0.33939	8631.19922	0.13379	12157	1	0.51597	0.17686	1	0.42928	0.41514	1	0.47262	0.29600	1	0.47536	0.53038	11.34569	1.06647	1	0.73600	0.55101	12.18643	1.06647	1	-0.00617	-0.00833	0.68527	0.00347	1	0.06180	-0.01253	0.68455	0.00385	1	1.45898	0.81042	0	
1279864	8631.33984	3307112994498	0.49098	0.34062	8631.19922	0.14062	12157	1	0.52543	0.36057	1	0.48940	0.37232	1	0.50741	0.36644	1	0.47541	0.53007	11.33941	1.06647	1	0.73606	0.55100	12.12600	1.06647	1	-0.00617	-0.00833	0.68527	0.00342	1	0.06180	-0.01253	0.68455	0.00388	1	1.45898	0.81042	0	
1279865	8631.34668	3307113058881	0.49193	0.34021	8631.19922	0.14746	12157	1	0.53590	0.33069	1	0.48978	0.33148	1	0.51284	0.33108	1	0.47557	0.53011	11.58953	1.06647	1	0.73602	0.55064	12.16636	1.06647	1	-0.00617	-0.00833	0.68527	0.00333	1	0.06180	-0.01253	0.68455	0.00366	1	1.45898	0.81042	0	
1279866	8631.35352	3307113127190	0.49280	0.33983	8631.19922	0.15430	12157	1	0.53590	0.33069	1	0.48978	0.33148	1	0.51284	0.33108	1	0.47593	0.53034	10.97018	1.06647	1	0.73627	0.55049	12.00833	1.06647	1	-0.00617	-0.00833	0.68527	0.00346	1	0.06005	-0.01215	0.66408	0.00367	1	1.45898	0.81042	0	
1279867	8631.36035	3307113197795	0.49316	0.33998	8631.19922	0.16113	12157	1	0.49705	0.36861	1	0.50620	0.31844	1	0.50162	0.34352	1	0.47535	0.53016	11.51340	1.06647	1	0.73630	0.55057	12.26273	1.06647	1	-0.00617	-0.00833	0.68527	0.00336	1	0.06005	-0.01215	0.66408	0.00382	1	1.45898	0.81042	0	
1279868	8631.36719	3307113264521	0.49374	0.34028	8631.19922	0.16797	12157	1	0.52012	0.39624	1	0.49684	0.29958	1	0.50848	0.34791	1	0.47564	0.53029	10.91274	1.06647	1	0.73610	0.55036	12.01677	1.06647	1	-0.00617	-0.00833	0.68527	0.00343	1	0.06005	-0.01215	0.66408	0.00391	1	1.45898	0.81042	0	
1279869	8631.37402	3307113331473	0.49430	0.34043	8631.19922	0.17480	12157	1	0.52012	0.39624	1	0.49733	0.29222	1	0.50872	0.34423	1	0.47561	0.53045	10.64587	1.06647	1	0.73621	0.55110	12.23635	1.07515	1	-0.00601	-0.00825	0.67929	0.00347	1	0.06332	-0.01275	0.69960	0.00403	1	1.45898	0.81042	0	
1279870	8631.37988	3307113398459	0.49401	0.34124	8631.19922	0.18066	12157	1	0.53129	0.35735	1	0.44099	0.36902	1	0.48614	0.36319	1	0.47591	0.53000	10.84313	1.07515	1	0.73601	0.55127	12.28056	1.08383	1	-0.00601	-0.00825	0.67929	0.00361	1	0.06332	-0.01275	0.69960	0.00396	1	1.45898	0.81042	0	
1279871	8631.38672	3307113465553	0.49389	0.34192	8631.19922	0.18750	12157	1	0.54137	0.36951	1	0.43964	0.35246	1	0.49050	0.36099	1	0.47608	0.53025	11.39871	1.08383	1	0.73603	0.55118	12.26306	1.09251	1	-0.00601	-0.00825	0.67929	0.00357	1	0.06332	-0.01275	0.69960	0.00396	1	1.45898	0.81042	0	
1279872	8631.39355	3307113532299	0.49375	0.34211	8631.19922	0.19434	12157	1	0.53979	0.35624	1	0.43972	0.33870	1	0.48975	0.34747	1	0.47591	0.52993	10.99765	1.10160	1	0.73647	0.55133	12.43936	1.11028	1	-0.00616	-0.00853	0.70212	0.00352	1	0.06415	-0.01297	0.70880	0.00382	1	1.45898	0.81042	0	
1279873	8631.40039	3307113599254	0.49433	0.34041	8631.19922	0.20117	12157	1	0.53073	0.29078	1	0.49257	0.28831	1	0.51165	0.28954	1	0.47605	0.52970	10.92154	1.11936	1	0.73680	0.55100	12.09925	1.11936	1	-0.00616	-0.00853	0.70212	0.00366	1	0.06415	-0.01297	0.70880	0.00386	1	1.45898	0.81042	0	
1279874	8631.40723	3307113665919	0.49419	0.33784	8631.19922	0.20801	12157	1	0.50882	0.15947	1	0.47092	0.35711	1	0.48987	0.25829	1	0.47574	0.52815	11.30002	1.12845	1	0.73648	0.55130	12.87635	1.12845	1	-0.00616	-0.00853	0.70212	0.00229	1	0.06415	-0.01297	0.70880	0.00379	1	1.45898	0.81042	0	
1279875	8631.41406	3307113733769	0.49405	0.33553	8631.19922	0.21484	12157	1	0.50882	0.15947	1	0.47065	0.36360	1	0.48974	0.26154	1	0.47590	0.52824	11.46695	1.12845	1	0.73694	0.55105	12.21482	1.11977	1	-0.00595	-0.00831	0.68393	0.00223	1	0.06164	-0.01243	0.67937	0.00384	1	1.45898	0.81042	0	
1279876	8631.42090	3307113799848	0.49454	0.33484	8631.19922	0.22168	12157	1	0.53250	0.29892	1	0.48876	0.32486	1	0.51063	0.31189	1	0.47636	0.52981	10.53306	1.11068	1	0.73667	0.55139	12.81231	1.10200	1	-0.00595	-0.00831	0.68393	0.00335	1	0.06164	-0.01243	0.67937	0.00381	1	1.45898	0.81042	0	
1279877	8631.42676	3307113866125	0.49483	0.33247	8631.19922	0.22754	12157	1	0.50790	0.17259	1	0.50169	0.33142	1	0.50480	0.25201	1	0.47595	0.52818	11.34662	1.09292	1	0.73701	0.55104	12.31675	1.08424	1	-0.00595	-0.00831	0.68393	0.00222	1	0.06164	-0.01243	0.67937	0.00378	1	1.45898	0.81042	0	
1279878	8631.43359	3307113934141	0.49512	0.33066	8631.19922	0.23438	12157	1	0.50993	0.18898	1	0.50063	0.34572	1	0.50528	0.26735	1	0.47621	0.52825	11.62743	1.07515	1	0.73701	0.55116	12.19519	1.06647	1	-0.00595	-0.00831	0.68393	0.00234	1	0.06116	-0.01239	0.67413	0.00379	1	1.45898	0.81042	0	
1279879	8631.44043	3307114002096	0.49497	0.32884	8631.19922	0.24121	12157	1	0.48194	0.17914	1	0.49701	0.34759	1	0.48947	0.26337	1	0.47601	0.52813	11.58295	1.06647	1	0.73697	0.55115	12.17448	1.06647	1	-0.00595	-0.00831	0.68393	0.00225	1	0.06116	-0.01239	0.67413	0.00377	1	1.45898	0.81042	0	
1279880	8631.44727	3307114067515	0.49781	0.29703	8631.19922	0.24121	12157	0	0.49994	0.16896	1	0.49428	0.32013	1	0.49711	0.24455	1	0.47626	0.52829	11.47420	1.06647	1	0.73688	0.55111	12.46278	1.06647	1	-0.00595	-0.00831	0.68393	0.00233	1	0.06116	-0.01239	0.67413	0.00375	1	1.45898	0.81042	0	
1279881	8631.45410	3307114134307	0.49720	0.26834	8631.19922	0.24121	12157	0	0.49882	0.16033	1	0.49436	0.31894	1	0.49659	0.23964	1	0.47625	0.53049	10.45934	1.07556	1	0.73704	0.55153	12.19217	1.06790	1	-0.00600	-0.00846	0.69633	0.00353	1	0.06021	-0.01218	0.66304	0.00380	1	1.45898	0.81042	0	
1279882	8631.46094	3307114202043	0.49280	0.29719	8631.19922	0.24121	12157	0	0.51028	0.32554	1	0.45776	0.38426	1	0.48402	0.35490	1	0.47636	0.53023	10.21970	1.07698	1	0.73675	0.55180	12.51292	1.06932	1	-0.00600	-0.00846	0.69633	0.00362	1	0.06021	-0.01218	0.66304	0.00378	1	1.45898	0.81042	0	
1279883	8631.46777	3307114270199	0.49279	0.30865	8631.44727	0.02051	12158	1	0.52557	0.31448	1	0.45995	0.37155	1	0.49276	0.34302	1	0.47664	0.53022	11.02269	1.07841	1	0.73710	0.55149	12.21709	1.07075	1	-0.00600	-0.00846	0.69633	0.00347	1	0.06021	-0.01218	0.66304	0.00371	1	1.45898	0.81042	0	
1279884	8631.47461	3307114337903	0.49287	0.31614	8631.44727	0.02734	12158	1	0.52636	0.32063	1	0.45995	0.37155	1	0.49316	0.34609	1	0.47695	0.53044	11.16067	1.07075	1	0.73700	0.55193	12.66831	1.07075	1	-0.00584	-0.00831	0.68362	0.00346	1	0.06210	-0.01261	0.68331	0.00372	1	1.45898	0.81042	0	
1279885	8631.48047	3307114402988	0.49326	0.32613	8631.44727	0.03320	12158	1	0.52969	0.39860	1	0.46072	0.35358	1	0.49521	0.37609	1	0.47656	0.53047	11.40217	1.06166	1	0.73710	0.55146	12.29128	1.06932	1	-0.00584	-0.00831	0.68362	0.00342	1	0.06210	-0.01261	0.68331	0.00389	1	1.45898	0.81042	0	
1279886	8631.48730	3307114470405	0.49402	0.33212	8631.44727	0.04004	12158	1	0.53838	0.34921	1	0.45888	0.38694	1	0.49863	0.36807	1	0.47674	0.53058	11.51322	1.06024	1	0.73708	0.55169	12.20048	1.06790	1	-0.00584	-0.00831	0.68362	0.00341	1	0.06210	-0.01261	0.68331	0.00372	1	1.45898	0.81042	0	
1279887	8631.49414	3307114537531	0.49457	0.33588	8631.44727	0.04688	12158	1	0.53766	0.34321	1	0.45905	0.38111	1	0.49836	0.36216	1	0.47651	0.52820	11.41272	1.06790	1	0.73756	0.55094	11.96801	1.07556	1	-0.00599	-0.00859	0.70668	0.00231	1	0.06210	-0.01266	0.68331	0.00391	1	1.45898	0.81042	0	
1279888	8631.50098	3307114604691	0.49553	0.32229	8631.44727	0.05371	12158	1	0.51745	0.12946	1	0.48911	0.29784	1	0.50328	0.21365	1	0.47658	0.52813	11.40959	1.08464	1	0.73758	0.55089	11.93410	1.08464	1	-0.00599	-0.00859	0.70668	0.00227	1	0.06210	-0.01266	0.68331	0.00395	1	1.45898	0.81042	0	
1279889	8631.50781	3307114671172	0.49464	0.31175	8631.44727	0.06055	12158	1	0.49560	0.13452	1	0.47764	0.29925	1	0.48662	0.21689	1	0.47666	0.52824	11.48889	1.09373	1	0.73743	0.55099	12.34408	1.09373	1	-0.00599	-0.00859	0.70668	0.00225	1	0.06210	-0.01266	0.68331	0.00394	1	1.45898	0.81042	0	
1279890	8631.51465	3307114737029	0.49390	0.30342	8631.44727	0.06738	12158	1	0.49560	0.13452	1	0.47735	0.30557	1	0.48648	0.22005	1	0.47670	0.52842	11.31201	1.09373	1	0.73771	0.55103	11.91823	1.08607	1	-0.00566	-0.00819	0.67443	0.00224	1	0.06006	-0.01223	0.66033	0.00390	1	1.45898	0.81042	0	
1279891	8631.52051	3307114803980	0.49422	0.29914	8631.44727	0.07324	12158	1	0.50177	0.17257	1	0.49369	0.33162	1	0.49773	0.25210	1	0.47675	0.52833	11.42581	1.07698	1	0.73763	0.55121	11.85019	1.06932	1	-0.00566	-0.00819	0.67443	0.00227	1	0.06006	-0.01223	0.66033	0.00386	1	1.45898	0.81042	0	
1279892	8631.52734	3307114873294	0.49480	0.29580	8631.44727	0.08008	12158	1	0.49942	0.19116	1	0.50414	0.32033	1	0.50178	0.25575	1	0.47672	0.52844	11.19752	1.06024	1	0.73782	0.55086	11.99295	1.05258	1	-0.00566	-0.00819	0.67443	0.00224	1	0.06006	-0.01223	0.66033	0.00382	1	1.45898	0.81042	0	
1279893	8631.53418	3307114939208	0.49535	0.29377	8631.44727	0.08691	12158	1	0.50150	0.20680	1	0.50356	0.32796	1	0.50253	0.26738	1	0.47709	0.53008	11.05079	1.04349	1	0.73759	0.55098	12.23680	1.04349	1	-0.00566	-0.00819	0.67443	0.00343	1	0.06125	-0.01247	0.67290	0.00380	1	1.45898	0.81042	0	
1279894	8631.54102	3307115004782	0.49633	0.29619	8631.44727	0.09375	12158	1	0.52227	0.34483	1	0.49768	0.31526	1	0.50998	0.33005	1	0.47691	0.53011	11.01252	1.04349	1	0.73770	0.55098	12.14925	1.05115	1	-0.00566	-0.00819	0.67443	0.00347	1	0.06125	-0.01247	0.67290	0.00381	1	1.45898	0.81042	0	
1279895	8631.54785	3307115073052	0.49732	0.29652	8631.44727	0.10059	12158	1	0.52067	0.31835	1	0.50356	0.28457	1	0.51211	0.30146	1	0.47684	0.53007	11.21103	1.05115	1	0.73782	0.55074	11.89647	1.05881	1	-0.00566	-0.00819	0.67443	0.00340	1	0.06125	-0.01247	0.67290	0.00390	1	1.45898	0.81042	0	
1279896	8631.55469	3307115140952	0.49818	0.29643	8631.44727	0.10742	12158	1	0.51984	0.31207	1	0.50404	0.27792	1	0.51194	0.29499	1	0.47676	0.52837	10.98840	1.05881	1	0.73760	0.55065	11.88342	1.06647	1	-0.00566	-0.00819	0.67443	0.00222	1	0.06125	-0.01247	0.67290	0.00387	1	1.45898	0.81042	0	
1279897	8631.56152	3307115208329	0.49861	0.29330	8631.44727	0.11426	12158	1	0.50825	0.18279	1	0.50376	0.29753	1	0.50601	0.24016	1	0.47674	0.52835	11.23476	1.06647	1	0.73769	0.55100	11.82426	1.06647	1	-0.00566	-0.00819	0.67443	0.00222	1	0.06125	-0.01247	0.67290	0.00380	1	1.45898	0.81042	0	
1279898	8631.56738	3307115273450	0.49884	0.28991	8631.44727	0.12012	12158	1	0.50825	0.18279	1	0.49769	0.27486	1	0.50297	0.22883	1	0.47674	0.52835	11.23476	1.06647	1	0.73771	0.55063	11.88164	1.06647	1	-0.00566	-0.00819	0.67443	0.00222	1	0.06125	-0.01247	0.67290	0.00387	1	1.45898	0.81042	0	
1279899	8631.57422	3307115339683	0.50203	0.25418	8631.44727	0.12012	12158	0	0.50825	0.18279	1	0.49769	0.27486	1	0.50297	0.22883	1	0.47676	0.52990	10.93498	1.06647	1	0.73779	0.55072	11.91827	1.06647	1	-0.00566	-0.00819	0.67443	0.00345	1	0.06125	-0.01247	0.67290	0.00388	1	1.45898	0.81042	0	
1279900	8631.58105	3307115407838	0.50105	0.24835	8631.44727	0.12012	12158	0	0.50362	0.18201	1	0.49652	0.30301	1	0.50007	0.24251	1	0.47669	0.52838	11.14016	1.06647	1	0.73766	0.55085	11.75530	1.06647	1	-0.00566	-0.00819	0.67443	0.00225	1	0.06125	-0.01247	0.67290	0.00385	1	1.45898	0.81042	0	
1279901	8631.58789	3307115474801	0.50054	0.24497	8631.44727	0.12012	12158	0	0.50083	0.17994	1	0.49822	0.29648	1	0.49952	0.23821	1	0.47669	0.52838	11.14191	1.06647	1	0.73768	0.55101	12.02162	1.06647	1	-0.00566	-0.00819	0.67443	0.00225	1	0.06125	-0.01247	0.67290	0.00377	1	1.45898	0.81042	0	
1279902	8631.59473	3307115541764	0.50029	0.24328	8631.57422	0.02051	12159	1	0.50083	0.17994	1	0.49822	0.29648	1	0.49952	0.23821	1	0.47688	0.52969	11.14560	1.06647	1	0.73777	0.55087	11.96660	1.06647	1	-0.00566	-0.00819	0.67443	0.00349	1	0.06125	-0.01247	0.67290	0.00384	1	1.45898	0.81042	0	
1279903	8631.60156	3307115608162	0.49991	0.25832	8631.57422	0.02734	12159	1	0.50906	0.29551	1	0.48771	0.34151	1	0.49839	0.31851	1	0.47670	0.52979	11.18110	1.06647	1	0.73759	0.55134	12.43889	1.06647	1	-0.00566	-0.00819	0.67443	0.00353	1	0.06125	-0.01247	0.67290	0.00369	1	1.45898	0.81042	0	
1279904	8631.60840	3307115675760	0.50268	0.26768	8631.57422	0.03418	12159	1	0.54537	0.28737	1	0.48771	0.34151	1	0.51654	0.31444	1	0.47695	0.52987	10.95065	1.06647	1	0.73759	0.55134	12.43889	1.06647	1	-0.00566	-0.00819	0.67443	0.00354	1	0.06125	-0.01247	0.67290	0.00369	1	1.45898	0.81042	0	
1279905	8631.61523	3307115742889	0.50466	0.27436	8631.57422	0.04102	12159	1	0.54537	0.28737	1	0.48771	0.34151	1	0.51654	0.31444	1	0.47678	0.52986	11.36036	1.06647	1	0.73744	0.55113	12.18211	1.06647	1	-0.00566	-0.00824	0.67443	0.00358	1	0.06125	-0.01247	0.67290	0.00377	1	1.45898	0.81042	0	
1279906	8631.62109	3307115809905	0.50559	0.27388	8631.57422	0.04688	12159	1	0.52830	0.19268	1	0.49590	0.34837	1	0.51210	0.27052	1	0.47680	0.52855	11.28543	1.06647	1	0.73768	0.55130	12.03324	1.06647	1	-0.00566	-0.00824	0.67443	0.00234	1	0.06125	-0.01247	0.67290	0.00386	1	1.45898	0.81042	0	
1279907	8631.62793	3307115876209	0.50518	0.27098	8631.57422	0.05371	12159	1	0.53217	0.18759	1	0.47167	0.30801	1	0.50192	0.24780	1	0.47685	0.52853	11.32275	1.06647	1	0.73731	0.55129	12.34264	1.06647	1	-0.00566	-0.00824	0.67443	0.00231	1	0.06125	-0.01247	0.67290	0.00408	1	1.45898	0.81042	0	
1279908	8631.63477	3307115943547	0.50483	0.26786	8631.57422	0.06055	12159	1	0.53129	0.17914	1	0.47197	0.30040	1	0.50163	0.23977	1	0.47680	0.53054	11.09254	1.07556	1	0.73733	0.55175	12.50959	1.07556	1	-0.00599	-0.00859	0.70668	0.00366	1	0.06125	-0.01247	0.67290	0.00372	1	1.45898	0.81042	0	
1279909	8631.64160	3307116010738	0.50394	0.26820	8631.57422	0.06738	12159	1	0.50445	0.19247	1	0.48579	0.35082	1	0.49512	0.27165	1	0.47650	0.52867	11.19500	1.08464	1	0.73758	0.55146	12.15037	1.08464	1	-0.00599	-0.00859	0.70668	0.00223	1	0.06125	-0.01247	0.67290	0.00374	1	1.45898	0.81042	0	
1279910	8631.64844	3307116077799	0.50383	0.26684	8631.57422	0.07422	12159	1	0.51491	0.12632	1	0.49025	0.37734	1	0.50258	0.25183	1	0.47658	0.52853	11.26062	1.09373	1	0.73754	0.55167	12.19005	1.09373	1	-0.00599	-0.00859	0.70668	0.00222	1	0.06125	-0.01247	0.67290	0.00368	1	1.45898	0.81042	0	
1279911	8631.65527	3307116144936	0.50371	0.26508	8631.57422	0.08105	12159	1	0.51393	0.11755	1	0.49070	0.37049	1	0.50231	0.24402	1	0.47685	0.53033	10.99414	1.10281	1	0.73775	0.55164	12.07182	1.10281	1	-0.00606	-0.00875	0.71539	0.00371	1	0.06125	-0.01247	0.67290	0.00371	1	1.45898	0.81042	0	
1279912	8631.66211	3307116211409	0.50523	0.26651	8631.57422	0.08789	12159	1	0.54320	0.28295	1	0.50662	0.28709	1	0.52491	0.28502	1	0.47685	0.53060	11.15948	1.10281	1	0.73780	0.55088	11.91885	1.10281	1	-0.00606	-0.00875	0.71539	0.00358	1	0.06125	-0.01247	0.67290	0.00393	1	1.45898	0.81042	0	
1279913	8631.66797	3307116278467	0.50619	0.26957	8631.57422	0.09375	12159	1	0.54507	0.30077	1	0.49418	0.32416	1	0.51963	0.31246	1	0.47697	0.53067	11.08107	1.10281	1	0.73761	0.55130	12.37992	1.10281	1	-0.00606	-0.00875	0.71539	0.00355	1	0.06125	-0.01247	0.67290	0.00388	1	1.45898	0.81042	0	
1279914	8631.67480	3307116346045	0.50704	0.27271	8631.57422	0.10059	12159	1	0.54583	0.30800	1	0.49371	0.33140	1	0.51977	0.31970	1	0.47694	0.53059	11.15167	1.09373	1	0.73719	0.55181	12.03224	1.09373	1	-0.00583	-0.00834	0.68254	0.00359	1	0.06210	-0.01266	0.68331	0.00372	1	1.45898	0.81042	0	
1279915	8631.68164	3307116412845	0.50692	0.27134	8631.57422	0.10742	12159	1	0.52122	0.13961	1	0.48878	0.35922	1	0.50500	0.24942	1	0.47659	0.52867	11.10826	1.08464	1	0.73745	0.55155	11.59182	1.08464	1	-0.00583	-0.00834	0.68254	0.00228	1	0.06210	-0.01266	0.68331	0.00369	1	1.45898	0.81042	0	
1279916	8631.68848	3307116479527	0.50617	0.27735	8631.57422	0.11426	12159	1	0.52488	0.36714	1	0.46210	0.39211	1	0.49349	0.37962	1	0.47660	0.53106	11.36366	1.07556	1	0.73720	0.55187	12.14885	1.07556	1	-0.00583	-0.00834	0.68254	0.00352	1	0.06210	-0.01266	0.68331	0.00367	1	1.45898	0.81042	0	
1279917	8631.69531	3307116546299	0.50552	0.28309	8631.57422	0.12109	12159	1	0.52581	0.37401	1	0.46188	0.39894	1	0.49385	0.38647	1	0.47644	0.52868	11.03161	1.06647	1	0.73746	0.55133	11.18493	1.06647	1	-0.00583	-0.00834	0.68254	0.00227	1	0.06116	-0.01249	0.67413	0.00380	1	1.45898	0.81042	0	
1279918	8631.70215	3307116613615	0.50510	0.28201	8631.57422	0.12793	12159	1	0.49872	0.17779	1	0.49550	0.34515	1	0.49711	0.26147	1	0.47619	0.52868	11.13917	1.06647	1	0.73737	0.55124	11.19277	1.06647	1	-0.00583	-0.00834	0.68254	0.00224	1	0.06116	-0.01249	0.67413	0.00391	1	1.45898	0.81042	0	
1279919	8631.70801	3307116679823	0.50456	0.28271	8631.57422	0.13379	12159	1	0.51470	0.33014	1	0.47294	0.26319	1	0.49382	0.29667	1	0.47646	0.53065	10.60012	1.06647	1	0.73728	0.55095	11.20861	1.06647	1	-0.00583	-0.00834	0.68254	0.00368	1	0.06116	-0.01249	0.67413	0.00396	1	1.45898	0.81042	0	
1279920	8631.71484	3307116746757	0.50408	0.28335	8631.57422	0.14062	12159	1	0.51470	0.33014	1	0.47294	0.26319	1	0.49382	0.29667	1	0.47617	0.52873	10.88759	1.06647	1	0.73698	0.55044	11.57946	1.06647	1	-0.00592	-0.00833	0.68117	0.00229	1	0.06116	-0.01249	0.67413	0.00380	1	1.45898	0.81042	0	
1279921	8631.72168	3307116811821	0.50419	0.28283	8631.57422	0.14746	12159	1	0.51804	0.21442	1	0.49539	0.32832	1	0.50672	0.27137	1	0.47625	0.52885	11.63025	1.06647	1	0.73691	0.55122	12.07113	1.06647	1	-0.00592	-0.00833	0.68117	0.00223	1	0.06116	-0.01249	0.67413	0.00378	1	1.45898	0.81042	0	
1279922	8631.72852	3307116877106	0.50477	0.28560	8631.57422	0.15430	12159	1	0.53655	0.40806	1	0.49951	0.29073	1	0.51803	0.34940	1	0.47628	0.53107	10.37155	1.06647	1	0.73695	0.55115	11.98193	1.06647	1	-0.00592	-0.00833	0.68117	0.00356	1	0.06116	-0.01249	0.67413	0.00377	1	1.45898	0.81042	0	
1279923	8631.73535	3307116945236	0.50701	0.31314	8631.57422	0.15430	12159	0	0.53655	0.40806	1	0.49951	0.29073	1	0.51803	0.34940	1	0.47609	0.52853	11.35852	1.06647	1	0.73700	0.55081	11.97657	1.06647	1	-0.00595	-0.00841	0.68393	0.00228	1	0.06116	-0.01244	0.67413	0.00385	1	1.45898	0.81042	0	
1279924	8631.74219	3307117014326	0.50556	0.27581	8631.57422	0.15430	12159	0	0.50424	0.18134	1	0.50399	0.29563	1	0.50412	0.23848	1	0.47600	0.52844	11.16187	1.06647	1	0.73703	0.55079	11.81675	1.06647	1	-0.00595	-0.00841	0.68393	0.00223	1	0.06116	-0.01244	0.67413	0.00386	1	1.45898	0.81042	0	
1279925	8631.74805	3307117080490	0.50715	0.26763	8631.57422	0.15430	12159	0	0.52731	0.17692	1	0.49334	0.32563	1	0.51032	0.25127	1	0.47600	0.52842	11.21806	1.06647	1	0.73688	0.55109	12.02586	1.06647	1	-0.00595	-0.00841	0.68393	0.00223	1	0.06116	-0.01244	0.67413	0.00388	1	1.45898	0.81042	0	
1279926	8631.75488	3307117148049	0.50789	0.26154	8631.73535	0.01953	12160	1	0.52639	0.16837	1	0.49382	0.31815	1	0.51010	0.24326	1	0.47583	0.52844	11.16814	1.07556	1	0.73679	0.55153	12.37333	1.07556	1	-0.00616	-0.00853	0.70212	0.00219	1	0.06098	-0.01237	0.67318	0.00367	1	1.45898	0.81042	0	
1279927	8631.76172	3307117214326	0.50655	0.25921	8631.73535	0.02637	12160	1	0.51356	0.18021	1	0.48888	0.31958	1	0.50122	0.24990	1	0.47572	0.52849	11.07752	1.08464	1	0.73676	0.55131	12.32934	1.08464	1	-0.00616	-0.00853	0.70212	0.00224	1	0.06098	-0.01237	0.67318	0.00372	1	1.45898	0.81042	0	
1279928	8631.76855	3307117281606	0.50514	0.27097	8631.73535	0.03320	12160	1	0.51588	0.30972	1	0.48023	0.34977	1	0.49806	0.32974	1	0.47576	0.52998	10.97217	1.09373	1	0.73669	0.55154	12.25295	1.09373	1	-0.00616	-0.00853	0.70212	0.00369	1	0.06098	-0.01237	0.67318	0.00366	1	1.45898	0.81042	0	
1279929	8631.77539	3307117349808	0.50406	0.27877	8631.73535	0.04004	12160	1	0.51490	0.30248	1	0.48029	0.34866	1	0.49759	0.32557	1	0.47542	0.52834	11.07764	1.10281	1	0.73597	0.55165	12.25433	1.09515	1	-0.00624	-0.00849	0.69899	0.00228	1	0.05946	-0.01202	0.65703	0.00379	1	1.45898	0.81042	0	
1279930	8631.78223	3307117416952	0.50477	0.27510	8631.73535	0.04688	12160	1	0.52134	0.16260	1	0.49807	0.33626	1	0.50970	0.24943	1	0.47547	0.52843	11.21166	1.09515	1	0.73616	0.55082	12.90916	1.08749	1	-0.00624	-0.00849	0.69899	0.00231	1	0.05946	-0.01202	0.65703	0.00360	1	1.45898	0.81042	0	
1279931	8631.78906	3307117484238	0.50664	0.27820	8631.73535	0.05371	12160	1	0.55031	0.25772	1	0.49293	0.34828	1	0.52162	0.30300	1	0.47551	0.52981	10.43862	1.08749	1	0.73612	0.55099	12.44907	1.07983	1	-0.00624	-0.00849	0.69899	0.00361	1	0.05946	-0.01202	0.65703	0.00352	1	1.45898	0.81042	0	
1279932	8631.79590	3307117551106	0.50818	0.28175	8631.73535	0.06055	12160	1	0.55167	0.27190	1	0.49245	0.35547	1	0.52206	0.31369	1	0.47411	0.52798	10.75142	1.07075	1	0.73492	0.54969	11.84860	1.07075	1	-0.00640	-0.00836	0.68795	0.00224	1	0.06078	-0.01234	0.67441	0.00376	1	1.45898	0.81042	0	
1279933	8631.80176	3307117616637	0.50335	0.27857	8631.73535	0.06641	12160	1	0.48407	0.15115	1	0.42601	0.34249	1	0.45504	0.24682	1	0.47401	0.52798	10.89403	1.06166	1	0.73458	0.55016	12.53366	1.06932	1	-0.00640	-0.00836	0.68795	0.00230	1	0.06078	-0.01234	0.67441	0.00340	1	1.45898	0.81042	0	
1279934	8631.80957	3307117686014	0.49918	0.27742	8631.73535	0.07422	12160	1	0.47823	0.15804	1	0.42848	0.37140	1	0.45336	0.26472	1	0.47395	0.52805	11.05722	1.06024	1	0.73460	0.55043	12.53792	1.06790	1	-0.00640	-0.00836	0.68795	0.00228	1	0.06078	-0.01234	0.67441	0.00352	1	1.45898	0.81042	0	
1279935	8631.81543	3307117752431	0.49567	0.27654	8631.73535	0.08008	12160	1	0.47843	0.15942	1	0.42849	0.37250	1	0.45346	0.26596	1	0.47388	0.52799	11.03909	1.05881	1	0.73479	0.54992	12.36803	1.06647	1	-0.00640	-0.00836	0.68795	0.00233	1	0.06148	-0.01238	0.68216	0.00336	1	1.45898	0.81042	0	
1279936	8631.82227	3307117818987	0.49320	0.27426	8631.73535	0.08691	12160	1	0.48798	0.16435	1	0.43440	0.32502	1	0.46119	0.24468	1	0.47372	0.52797	11.44640	1.06647	1	0.73470	0.55004	12.20348	1.06647	1	-0.00640	-0.00836	0.68795	0.00230	1	0.06148	-0.01238	0.68216	0.00340	1	1.45898	0.81042	0	
1279937	8631.82910	3307117886391	0.49098	0.27287	8631.73535	0.09375	12160	1	0.48716	0.16456	1	0.43251	0.34212	1	0.45983	0.25334	1	0.47372	0.52791	11.27868	1.06647	1	0.73475	0.55015	12.59748	1.06647	1	-0.00640	-0.00836	0.68795	0.00232	1	0.06148	-0.01238	0.68216	0.00340	1	1.45898	0.81042	0	
1279938	8631.83594	3307117952868	0.48903	0.27118	8631.73535	0.10059	12160	1	0.48716	0.16456	1	0.43248	0.32720	1	0.45982	0.24588	1	0.47350	0.52794	11.69428	1.06647	1	0.73442	0.54979	12.76026	1.08507	1	-0.00646	-0.00831	0.68385	0.00222	1	0.06562	-0.01324	0.72927	0.00354	1	1.45898	0.81042	0	
1279939	8631.84277	3307118019522	0.48806	0.26538	8631.73535	0.10742	12160	1	0.46608	0.11363	1	0.47904	0.23147	1	0.47256	0.17255	1	0.47348	0.52792	11.16136	1.08507	1	0.73462	0.54951	12.11025	1.10367	1	-0.00646	-0.00831	0.68385	0.00227	1	0.06562	-0.01324	0.72927	0.00344	1	1.45898	0.81042	0	
1279940	8631.84961	3307118086992	0.48695	0.25968	8631.73535	0.11426	12160	1	0.45217	0.12193	1	0.48404	0.20368	1	0.46810	0.16280	1	0.47334	0.52803	11.58176	1.10367	1	0.73468	0.54944	12.08151	1.12227	1	-0.00646	-0.00831	0.68385	0.00235	1	0.06562	-0.01324	0.72927	0.00342	1	1.45898	0.81042	0	
1279941	8631.85645	3307118155054	0.48589	0.25411	8631.73535	0.12109	12160	1	0.44931	0.10400	1	0.48404	0.20368	1	0.46668	0.15384	1	0.47309	0.52813	11.59245	1.12227	1	0.73407	0.54980	12.43665	1.12227	1	-0.00654	-0.00827	0.68105	0.00229	1	0.05910	-0.01184	0.65795	0.00339	1	1.45898	0.81042	0	
1279942	8631.86230	3307118222991	0.48391	0.25030	8631.73535	0.12695	12160	1	0.46517	0.10407	1	0.42766	0.25184	1	0.44641	0.17795	1	0.47312	0.52811	11.52078	1.12227	1	0.73386	0.54963	12.39329	1.10367	1	-0.00654	-0.00827	0.68105	0.00223	1	0.05910	-0.01184	0.65795	0.00363	1	1.45898	0.81042	0	
1279943	8631.86914	3307118287945	0.46533	0.22564	8631.73535	0.12695	12160	0	0.49279	0.11048	1	0.43810	0.30035	1	0.46544	0.20542	1	0.47315	0.52800	11.25075	1.10367	1	0.73398	0.54996	12.39741	1.08507	1	-0.00654	-0.00827	0.68105	0.00225	1	0.05910	-0.01184	0.65795	0.00351	1	1.45898	0.81042	0	
1279944	8631.87598	3307118354950	0.46595	0.22389	8631.73535	0.12695	12160	0	0.49509	0.12855	1	0.43803	0.31574	1	0.46656	0.22215	1	0.47286	0.52793	11.04408	1.08507	1	0.73394	0.54954	12.20345	1.06647	1	-0.00654	-0.00827	0.68105	0.00231	1	0.05910	-0.01184	0.65795	0.00351	1	1.45898	0.81042	0	
1279945	8631.88281	3307118421784	0.46268	0.21888	8631.73535	0.12695	12160	0	0.47627	0.13408	1	0.43603	0.28363	1	0.45615	0.20886	1	0.47283	0.52800	11.20596	1.06647	1	0.73390	0.54940	12.14607	1.06647	1	-0.00654	-0.00827	0.68105	0.00229	1	0.05910	-0.01184	0.65795	0.00368	1	1.45898	0.81042	0	
1279946	8631.88965	3307118489568	0.46063	0.21409	8631.86914	0.02051	12161	1	0.48332	0.14326	1	0.42562	0.25619	1	0.45447	0.19972	1	0.47286	0.52793	11.04408	1.06647	1	0.73377	0.54939	12.13953	1.06647	1	-0.00654	-0.00827	0.68105	0.00231	1	0.05910	-0.01184	0.65795	0.00355	1	1.45898	0.81042	0	
1279947	8631.89648	3307118556600	0.45939	0.21045	8631.86914	0.02734	12161	1	0.48332	0.14326	1	0.42555	0.24853	1	0.45444	0.19589	1	0.47266	0.52788	11.11333	1.06647	1	0.73364	0.54957	12.39725	1.07515	1	-0.00667	-0.00831	0.68391	0.00225	1	0.06299	-0.01263	0.70176	0.00366	1	1.45898	0.81042	0	
1279948	8631.90332	3307118623909	0.45844	0.21024	8631.86914	0.03418	12161	1	0.46505	0.13505	1	0.44237	0.28334	1	0.45371	0.20920	1	0.47260	0.52806	11.26774	1.07515	1	0.73369	0.54937	12.52497	1.08383	1	-0.00667	-0.00831	0.68391	0.00228	1	0.06299	-0.01263	0.70176	0.00362	1	1.45898	0.81042	0	
1279949	8631.90918	3307118689779	0.45998	0.22089	8631.86914	0.04004	12161	1	0.49227	0.30712	1	0.44610	0.26239	1	0.46918	0.28476	1	0.47302	0.53011	11.19874	1.08383	1	0.73327	0.54950	12.11377	1.09251	1	-0.00667	-0.00831	0.68391	0.00363	1	0.06299	-0.01263	0.70176	0.00368	1	1.45898	0.81042	0	
1279950	8631.91602	3307118757045	0.46106	0.22843	8631.86914	0.04688	12161	1	0.49116	0.30012	1	0.44610	0.26239	1	0.46863	0.28126	1	0.47263	0.52791	10.92361	1.09251	1	0.73330	0.54952	11.82316	1.09251	1	-0.00672	-0.00824	0.67855	0.00235	1	0.06042	-0.01215	0.67489	0.00360	1	1.45898	0.81042	0	
1279951	8631.92285	3307118824091	0.45957	0.22477	8631.86914	0.05371	12161	1	0.44739	0.15029	1	0.44785	0.24064	1	0.44762	0.19546	1	0.47231	0.52787	11.38760	1.09251	1	0.73328	0.54882	11.53653	1.08383	1	-0.00672	-0.00824	0.67855	0.00228	1	0.06042	-0.01215	0.67489	0.00384	1	1.45898	0.81042	0	
1279952	8631.92969	3307118887249	0.46044	0.22550	8631.86914	0.06055	12161	1	0.48205	0.16452	1	0.45454	0.29967	1	0.46829	0.23210	1	0.47245	0.52801	11.40024	1.08383	1	0.73347	0.54932	11.56619	1.07515	1	-0.00672	-0.00824	0.67855	0.00233	1	0.06042	-0.01215	0.67489	0.00359	1	1.45898	0.81042	0	
1279953	8631.93555	3307118955502	0.46120	0.22680	8631.86914	0.06641	12161	1	0.48322	0.17268	1	0.45438	0.30694	1	0.46880	0.23981	1	0.47253	0.52787	11.09944	1.07515	1	0.73340	0.54918	11.50707	1.06647	1	-0.00672	-0.00824	0.67855	0.00235	1	0.06042	-0.01215	0.67489	0.00380	1	1.45898	0.81042	0	
1279954	8631.94238	3307119021259	0.46116	0.22531	8631.86914	0.07324	12161	1	0.47549	0.17174	1	0.44594	0.24608	1	0.46072	0.20891	1	0.47241	0.52783	11.30460	1.06647	1	0.73329	0.54899	11.75112	1.06647	1	-0.00672	-0.00824	0.67855	0.00230	1	0.06042	-0.01215	0.67489	0.00382	1	1.45898	0.81042	0	
1279955	8631.94922	3307119088815	0.46044	0.22562	8631.86914	0.08008	12161	1	0.47549	0.17174	1	0.42817	0.28677	1	0.45183	0.22925	1	0.47241	0.52783	11.30460	1.06647	1	0.73307	0.54907	12.08345	1.06647	1	-0.00672	-0.00824	0.67855	0.00230	1	0.06042	-0.01215	0.67489	0.00380	1	1.45898	0.81042	0	
1279956	8631.95605	3307119159085	0.45983	0.22588	8631.86914	0.08691	12161	1	0.47549	0.17174	1	0.42817	0.28677	1	0.45183	0.22925	1	0.47237	0.52781	11.21125	1.06647	1	0.73314	0.54897	11.84049	1.06647	1	-0.00669	-0.00816	0.67599	0.00233	1	0.06042	-0.01215	0.67489	0.00393	1	1.45898	0.81042	0	
1279957	8631.96289	3307119225791	0.46023	0.22456	8631.86914	0.09375	12161	1	0.49143	0.16596	1	0.44033	0.24618	1	0.46588	0.20607	1	0.47230	0.52764	11.37760	1.06647	1	0.73321	0.54884	11.80356	1.06647	1	-0.00669	-0.00816	0.67599	0.00235	1	0.06042	-0.01215	0.67489	0.00391	1	1.45898	0.81042	0	
1279958	8631.96973	3307119292754	0.46011	0.22384	8631.86914	0.10059	12161	1	0.48648	0.15307	1	0.43001	0.27303	1	0.45825	0.21305	1	0.47216	0.52757	11.48562	1.06647	1	0.73312	0.54916	11.83971	1.06647	1	-0.00669	-0.00816	0.67599	0.00226	1	0.06042	-0.01215	0.67489	0.00380	1	1.45898	0.81042	0	
1279959	8631.97656	3307119359832	0.46000	0.22320	8631.86914	0.10742	12161	1	0.48648	0.15307	1	0.43001	0.27303	1	0.45825	0.21305	1	0.47219	0.52760	11.36176	1.06647	1	0.73317	0.54872	11.80355	1.06647	1	-0.00669	-0.00816	0.67599	0.00227	1	0.06042	-0.01215	0.67489	0.00397	1	1.45898	0.81042	0	
1279960	8631.98340	3307119426819	0.45990	0.22129	8631.86914	0.11426	12161	1	0.48237	0.13668	1	0.43429	0.24078	1	0.45833	0.18873	1	0.47216	0.52752	11.32101	1.06647	1	0.73309	0.54870	11.62705	1.06647	1	-0.00669	-0.00816	0.67599	0.00223	1	0.06042	-0.01215	0.67489	0.00403	1	1.45898	0.81042	0	
1279961	8631.99023	3307119493744	0.46006	0.22114	8631.86914	0.12109	12161	1	0.48725	0.15118	1	0.43854	0.28565	1	0.46290	0.21842	1	0.47213	0.52761	11.42281	1.06647	1	0.73322	0.54929	12.05967	1.06647	1	-0.00669	-0.00816	0.67599	0.00230	1	0.06042	-0.01215	0.67489	0.00368	1	1.45898	0.81042	0	
1279962	8631.99609	3307119560683	0.46020	0.22100	8631.86914	0.12695	12161	1	0.48725	0.15118	1	0.43854	0.28565	1	0.46290	0.21842	1	0.47213	0.52761	11.42281	1.06647	1	0.73334	0.54916	12.09487	1.06647	1	-0.00672	-0.00814	0.67855	0.00230	1	0.06042	-0.01210	0.67489	0.00360	1	1.45898	0.81042	0	
1279963	8632.00293	3307119627803	0.46033	0.22013	8631.86914	0.13379	12161	1	0.48512	0.15323	1	0.44040	0.25223	1	0.46276	0.20273	1	0.47207	0.52757	11.32357	1.06647	1	0.73324	0.54908	12.05197	1.06647	1	-0.00672	-0.00814	0.67855	0.00232	1	0.06042	-0.01210	0.67489	0.00349	1	1.45898	0.81042	0	
1279964	8632.00977	3307119694997	0.46051	0.21727	8631.86914	0.14062	12161	1	0.48934	0.14710	1	0.43933	0.16713	1	0.46434	0.15712	1	0.47216	0.52759	11.30335	1.06647	1	0.73318	0.54789	11.86358	1.06647	1	-0.00672	-0.00814	0.67855	0.00229	1	0.06042	-0.01210	0.67489	0.00393	1	1.45898	0.81042	0	
1279965	8632.01660	3307119761774	0.46067	0.21465	8631.86914	0.14746	12161	1	0.48934	0.14710	1	0.43933	0.16713	1	0.46434	0.15712	1	0.47189	0.52754	11.20594	1.06647	1	0.73315	0.54881	12.05585	1.06647	1	-0.00679	-0.00811	0.67623	0.00232	1	0.06042	-0.01210	0.67489	0.00353	1	1.45898	0.81042	0	
1279966	8632.02344	3307119828599	0.46023	0.21508	8631.86914	0.15430	12161	1	0.46913	0.17015	1	0.43088	0.27977	1	0.45001	0.22496	1	0.47183	0.52763	11.33142	1.06647	1	0.73312	0.54854	12.13333	1.06647	1	-0.00679	-0.00811	0.67623	0.00226	1	0.06042	-0.01210	0.67489	0.00332	1	1.45898	0.81042	0	
1279967	8632.03027	3307119895612	0.45989	0.21535	8631.86914	0.16113	12161	1	0.46096	0.15709	1	0.44258	0.28639	1	0.45177	0.22174	1	0.47182	0.52761	11.25670	1.06647	1	0.73326	0.54874	12.23354	1.06647	1	-0.00679	-0.00811	0.67623	0.00227	1	0.06042	-0.01210	0.67489	0.00328	1	1.45898	0.81042	0	
1279968	8632.03711	3307119962782	0.45955	0.21513	8631.86914	0.16797	12161	1	0.45957	0.14833	1	0.44271	0.27120	1	0.45114	0.20976	1	0.47174	0.52769	11.22597	1.07556	1	0.73305	0.54876	12.16103	1.08424	1	-0.00724	-0.00853	0.71511	0.00227	1	0.06322	-0.01267	0.70670	0.00336	1	1.45898	0.81042	0	
1279969	8632.04297	3307120029487	0.45999	0.21413	8631.86914	0.17383	12161	1	0.45940	0.13802	1	0.48322	0.23797	1	0.47131	0.18800	1	0.47178	0.52762	11.36028	1.09332	1	0.73310	0.54850	11.97071	1.10200	1	-0.00724	-0.00853	0.71511	0.00228	1	0.06322	-0.01267	0.70670	0.00349	1	1.45898	0.81042	0	
1279970	8632.04980	3307120095644	0.45933	0.21387	8631.86914	0.18066	12161	1	0.46469	0.12397	1	0.41818	0.29002	1	0.44143	0.20699	1	0.47179	0.52764	11.08346	1.11109	1	0.73253	0.54908	12.89537	1.11977	1	-0.00724	-0.00853	0.71511	0.00228	1	0.06322	-0.01267	0.70670	0.00352	1	1.45898	0.81042	0	
1279971	8632.05664	3307120163767	0.45869	0.21349	8631.86914	0.18750	12161	1	0.46344	0.11568	1	0.41818	0.29002	1	0.44081	0.20285	1	0.47166	0.52772	11.10301	1.11977	1	0.73261	0.54909	12.96510	1.11977	1	-0.00691	-0.00814	0.67808	0.00234	1	0.06061	-0.01216	0.67814	0.00337	1	1.45898	0.81042	0	
1279972	8632.06348	3307120230817	0.45814	0.21311	8631.86914	0.19434	12161	1	0.44049	0.12947	1	0.44394	0.27463	1	0.44221	0.20205	1	0.47171	0.52766	11.23578	1.11068	1	0.73249	0.54897	12.79945	1.10200	1	-0.00691	-0.00814	0.67808	0.00228	1	0.06061	-0.01216	0.67814	0.00360	1	1.45898	0.81042	0	
1279973	8632.07031	3307120297777	0.45843	0.21243	8631.86914	0.20117	12161	1	0.45089	0.12896	1	0.48370	0.25497	1	0.46730	0.19196	1	0.47158	0.52752	11.98876	1.09292	1	0.73312	0.54900	12.16431	1.08424	1	-0.00691	-0.00814	0.67808	0.00227	1	0.06061	-0.01216	0.67814	0.00339	1	1.45898	0.81042	0	
1279974	8632.07715	3307120364042	0.45874	0.21240	8631.86914	0.20801	12161	1	0.45367	0.14614	1	0.48259	0.27718	1	0.46813	0.21166	1	0.47175	0.52790	11.51402	1.07515	1	0.73251	0.54903	13.09532	1.05881	1	-0.00697	-0.00825	0.68338	0.00227	1	0.05903	-0.01185	0.66098	0.00339	1	1.45898	0.81042	0	
1279975	8632.08398	3307120431424	0.45871	0.21350	8631.86914	0.21484	12161	1	0.46829	0.17374	1	0.44731	0.32357	1	0.45780	0.24866	1	0.47172	0.52775	11.16679	1.05881	1	0.73257	0.54953	12.71184	1.05115	1	-0.00697	-0.00825	0.68338	0.00228	1	0.05903	-0.01185	0.66098	0.00359	1	1.45898	0.81042	0	
1279976	8632.09082	3307120498777	0.45899	0.21419	8631.86914	0.22168	12161	1	0.48668	0.18991	1	0.44961	0.28388	1	0.46815	0.23689	1	0.47179	0.52776	11.13648	1.05115	1	0.73253	0.54895	12.06395	1.04349	1	-0.00697	-0.00825	0.68338	0.00232	1	0.05903	-0.01185	0.66098	0.00381	1	1.45898	0.81042	0	
1279977	8632.09668	3307120563900	0.45926	0.21494	8631.86914	0.22754	12161	1	0.48772	0.19714	1	0.44961	0.28388	1	0.46866	0.24051	1	0.47162	0.52778	11.13599	1.04349	1	0.73223	0.54894	12.17937	1.04349	1	-0.00691	-0.00824	0.67808	0.00232	1	0.06049	-0.01215	0.67789	0.00395	1	1.45898	0.81042	0	
1279978	8632.10352	3307120629250	0.45907	0.21540	8631.86914	0.23438	12161	1	0.48396	0.20827	1	0.42066	0.25469	1	0.45231	0.23148	1	0.47168	0.52792	11.58148	1.04349	1	0.73217	0.54885	12.30984	1.05115	1	-0.00691	-0.00824	0.67808	0.00229	1	0.06049	-0.01215	0.67789	0.00393	1	1.45898	0.81042	0	
1279979	8632.11035	3307120694519	0.45867	0.21614	8631.86914	0.24121	12161	1	0.47906	0.16977	1	0.40912	0.31585	1	0.44409	0.24281	1	0.47160	0.52772	11.17503	1.05115	1	0.73201	0.54967	12.46089	1.05881	1	-0.00691	-0.00824	0.67808	0.00237	1	0.06049	-0.01215	0.67789	0.00370	1	1.45898	0.81042	0	
1279980	8632.11719	3307120763536	0.45827	0.21666	8631.86914	0.24805	12161	1	0.47798	0.16238	1	0.40894	0.30948	1	0.44346	0.23593	1	0.47156	0.52798	11.61042	1.05881	1	0.73244	0.54868	11.72234	1.06647	1	-0.00691	-0.00824	0.67808	0.00233	1	0.06045	-0.01219	0.67749	0.00380	1	1.45898	0.81042	0	
1279981	8632.12402	3307120832004	0.45826	0.21557	8631.86914	0.25488	12161	1	0.47189	0.16640	1	0.44450	0.18197	1	0.45820	0.17418	1	0.47146	0.52814	11.54224	1.06647	1	0.73242	0.54880	11.83484	1.06647	1	-0.00691	-0.00824	0.67808	0.00234	1	0.06045	-0.01219	0.67749	0.00378	1	1.45898	0.81042	0	
1279982	8632.13086	3307120899608	0.45824	0.21516	8631.86914	0.26172	12161	1	0.47259	0.16985	1	0.44235	0.22826	1	0.45747	0.19906	1	0.47150	0.52814	11.60196	1.06647	1	0.73247	0.54900	11.88673	1.06647	1	-0.00691	-0.00824	0.67808	0.00230	1	0.06045	-0.01219	0.67749	0.00363	1	1.45898	0.81042	0	
1279983	8632.13672	3307120965075	0.45822	0.21477	8631.86914	0.26758	12161	1	0.47259	0.16985	1	0.44235	0.22826	1	0.45747	0.19906	1	0.47142	0.52829	11.51465	1.06647	1	0.73256	0.54886	11.73864	1.06647	1	-0.00691	-0.00824	0.67808	0.00234	1	0.06045	-0.01219	0.67749	0.00365	1	1.45898	0.81042	0	
1279984	8632.14355	3307121029895	0.45819	0.21418	8631.86914	0.27441	12161	1	0.46639	0.16196	1	0.44681	0.21838	1	0.45660	0.19017	1	0.47142	0.52825	11.58900	1.06647	1	0.73257	0.54897	12.06870	1.06647	1	-0.00691	-0.00824	0.67808	0.00234	1	0.06045	-0.01219	0.67749	0.00357	1	1.45898	0.81042	0	
1279985	8632.15039	3307121097860	0.45804	0.21361	8631.86914	0.28125	12161	1	0.46115	0.17005	1	0.44266	0.20937	1	0.45191	0.18971	1	0.47135	0.52827	11.58755	1.06647	1	0.73246	0.54892	11.95326	1.06647	1	-0.00691	-0.00824	0.67808	0.00233	1	0.06045	-0.01219	0.67749	0.00364	1	1.45898	0.81042	0	
1279986	8632.15723	3307121167163	0.45790	0.21307	8631.86914	0.28809	12161	1	0.46115	0.17005	1	0.44266	0.20937	1	0.45191	0.18971	1	0.47131	0.52856	11.24196	1.06647	1	0.73224	0.54967	12.50597	1.06647	1	-0.00697	-0.00835	0.68338	0.00230	1	0.06045	-0.01219	0.67749	0.00348	1	1.45898	0.81042	0	
1279987	8632.16406	3307121235120	0.45807	0.21362	8631.86914	0.29492	12161	1	0.49554	0.19527	1	0.43508	0.28067	1	0.46531	0.23797	1	0.47142	0.52844	11.41913	1.06647	1	0.73241	0.54955	12.67582	1.06647	1	-0.00697	-0.00835	0.68338	0.00237	1	0.06045	-0.01219	0.67749	0.00355	1	1.45898	0.81042	0	
1279988	8632.17090	3307121302462	0.45802	0.21432	8631.86914	0.30176	12161	1	0.48525	0.19558	1	0.42635	0.29616	1	0.45580	0.24587	1	0.47138	0.52855	11.25921	1.06647	1	0.73224	0.54973	13.17632	1.06647	1	-0.00697	-0.00835	0.68338	0.00227	1	0.06045	-0.01219	0.67749	0.00351	1	1.45898	0.81042	0	
1279989	8632.17773	3307121369572	0.45797	0.21500	8631.86914	0.30859	12161	1	0.48525	0.19558	1	0.42635	0.29616	1	0.45580	0.24587	1	0.47153	0.52866	11.31119	1.06647	1	0.73203	0.55009	13.10534	1.06647	1	-0.00697	-0.00835	0.68338	0.00234	1	0.06049	-0.01225	0.67789	0.00366	1	1.45898	0.81042	0	
1279990	8632.18457	3307121436286	0.45798	0.21509	8631.86914	0.31543	12161	1	0.48775	0.14501	1	0.42955	0.29408	1	0.45865	0.21955	1	0.47142	0.52849	11.43753	1.06647	1	0.73228	0.54990	12.89995	1.06647	1	-0.00697	-0.00835	0.68338	0.00232	1	0.06049	-0.01225	0.67789	0.00344	1	1.45898	0.81042	0	
1279991	8632.19043	3307121503121	0.45766	0.21505	8631.86914	0.32129	12161	1	0.48745	0.14338	1	0.41197	0.30421	1	0.44971	0.22380	1	0.47135	0.52850	11.33547	1.06647	1	0.73207	0.54994	13.06676	1.06647	1	-0.00697	-0.00835	0.68338	0.00228	1	0.06049	-0.01225	0.67789	0.00362	1	1.45898	0.81042	0	
1279992	8632.19727	3307121570141	0.45731	0.21509	8631.86914	0.32812	12161	1	0.48745	0.14338	1	0.41197	0.30421	1	0.44971	0.22380	1	0.47139	0.52842	11.63961	1.06647	1	0.73216	0.55024	12.40702	1.06647	1	-0.00693	-0.00836	0.67992	0.00236	1	0.06049	-0.01235	0.67789	0.00362	1	1.45898	0.81042	0	
1279993	8632.20410	3307121637121	0.45734	0.21552	8631.86914	0.33496	12161	1	0.49391	0.15769	1	0.42191	0.30118	1	0.45791	0.22944	1	0.47153	0.52861	11.32218	1.06647	1	0.73217	0.55030	12.31491	1.06647	1	-0.00693	-0.00836	0.67992	0.00237	1	0.06049	-0.01235	0.67789	0.00365	1	1.45898	0.81042	0	
1279994	8632.21094	3307121704218	0.45756	0.21615	8631.86914	0.34180	12161	1	0.49542	0.14753	1	0.43393	0.31281	1	0.46468	0.23017	1	0.47147	0.52844	11.61056	1.06647	1	0.73232	0.55047	12.56664	1.06647	1	-0.00693	-0.00836	0.67992	0.00235	1	0.06049	-0.01235	0.67789	0.00358	1	1.45898	0.81042	0	
1279995	8632.21777	3307121771123	0.45777	0.21686	8631.86914	0.34863	12161	1	0.49542	0.14753	1	0.43393	0.31281	1	0.46468	0.23017	1	0.47147	0.52874	11.21660	1.06647	1	0.73240	0.54938	11.90416	1.06647	1	-0.00693	-0.00836	0.67992	0.00241	1	0.06049	-0.01235	0.67789	0.00400	1	1.45898	0.81042	0	
1279996	8632.22461	3307121837849	0.45809	0.21590	8631.86914	0.35547	12161	1	0.49401	0.15973	1	0.44392	0.16572	1	0.46897	0.16272	1	0.47147	0.52871	11.51035	1.06647	1	0.73244	0.54901	11.84289	1.06647	1	-0.00693	-0.00836	0.67992	0.00237	1	0.06049	-0.01235	0.67789	0.00393	1	1.45898	0.81042	0	
1279997	8632.23145	3307121905394	0.45790	0.21469	8631.86914	0.36230	12161	1	0.48830	0.17424	1	0.43227	0.27958	1	0.46028	0.22691	1	0.47140	0.52876	11.64895	1.06647	1	0.73237	0.54996	11.84436	1.06647	1	-0.00693	-0.00836	0.67992	0.00236	1	0.06049	-0.01235	0.67789	0.00350	1	1.45898	0.81042	0	
1279998	8632.23730	3307121971916	0.45773	0.21356	8631.86914	0.36816	12161	1	0.48830	0.17424	1	0.43227	0.27958	1	0.46028	0.22691	1	0.47157	0.52892	11.56974	1.06647	1	0.73263	0.55015	12.56220	1.06647	1	-0.00693	-0.00847	0.67992	0.00230	1	0.06045	-0.01240	0.67749	0.00349	1	1.45898	0.81042	0	
1279999	8632.24414	3307122039250	0.45794	0.21428	8631.86914	0.37500	12161	1	0.47322	0.16077	1	0.44282	0.29904	1	0.45802	0.22990	1	0.47146	0.52912	11.54224	1.06647	1	0.73247	0.55027	12.10059	1.06647	1	-0.00693	-0.00847	0.67992	0.00234	1	0.06045	-0.01240	0.67749	0.00371	1	1.45898	0.81042	0	
1280000	8632.25098	3307122106274	0.45765	0.21344	8631.86914	0.38184	12161	1	0.46832	0.13692	1	0.43971	0.24658	1	0.45401	0.19175	1	0.47149	0.52895	11.43347	1.06647	1	0.73241	0.55027	12.06361	1.06647	1	-0.00693	-0.00847	0.67992	0.00237	1	0.06045	-0.01240	0.67749	0.00345	1	1.45898	0.81042	0	
1280001	8632.25781	3307122172828	0.45734	0.21243	8631.86914	0.38867	12161	1	0.46832	0.13692	1	0.43971	0.24658	1	0.45401	0.19175	1	0.47148	0.52905	11.76431	1.06647	1	0.73227	0.55056	12.40360	1.06647	1	-0.00693	-0.00847	0.67992	0.00230	1	0.06045	-0.01240	0.67749	0.00360	1	1.45898	0.81042	0	
1280002	8632.26465	3307122239998	0.45710	0.21233	8631.86914	0.39551	12161	1	0.46943	0.17416	1	0.42951	0.23409	1	0.44947	0.20412	1	0.47144	0.52912	11.50117	1.06647	1	0.73224	0.55030	12.51118	1.06647	1	-0.00693	-0.00847	0.67992	0.00235	1	0.06045	-0.01240	0.67749	0.00358	1	1.45898	0.81042	0	
1280003	8632.27148	3307122306961	0.45725	0.21157	8631.86914	0.40234	12161	1	0.47189	0.16640	1	0.44554	0.21913	1	0.45872	0.19276	1	0.47146	0.52912	11.54224	1.06647	1	0.73249	0.54968	12.12078	1.06647	1	-0.00693	-0.00847	0.67992	0.00234	1	0.06045	-0.01240	0.67749	0.00367	1	1.45898	0.81042	0	
1280004	8632.27832	3307122373696	0.45739	0.21081	8631.86914	0.40918	12161	1	0.47189	0.16640	1	0.44554	0.21913	1	0.45872	0.19276	1	0.47157	0.52924	11.33093	1.06647	1	0.73224	0.55069	12.54800	1.06647	1	-0.00693	-0.00847	0.67992	0.00228	1	0.06045	-0.01240	0.67749	0.00350	1	1.45898	0.81042	0	
1280005	8632.28418	3307122440766	0.45692	0.21142	8631.86914	0.41504	12161	1	0.46534	0.18592	1	0.42148	0.28448	1	0.44341	0.23520	1	0.47139	0.52926	11.57828	1.06647	1	0.73221	0.55073	12.68483	1.06647	1	-0.00693	-0.00847	0.67992	0.00233	1	0.06045	-0.01240	0.67749	0.00347	1	1.45898	0.81042	0	
1280006	8632.29102	3307122507763	0.45683	0.21200	8631.86914	0.42188	12161	1	0.47357	0.17163	1	0.43388	0.31002	1	0.45373	0.24083	1	0.47150	0.52924	11.35215	1.06647	1	0.73237	0.55077	12.43327	1.06647	1	-0.00693	-0.00847	0.67992	0.00231	1	0.06045	-0.01240	0.67749	0.00341	1	1.45898	0.81042	0	
1280007	8632.29785	3307122574968	0.45674	0.21258	8631.86914	0.42871	12161	1	0.47357	0.17163	1	0.43388	0.31002	1	0.45373	0.24083	1	0.47161	0.52943	11.66717	1.06647	1	0.73251	0.55070	12.89828	1.06647	1	-0.00697	-0.00856	0.68338	0.00230	1	0.06049	-0.01246	0.67789	0.00352	1	1.45898	0.81042	0	
1280008	8632.30469	3307122639883	0.45664	0.21359	8631.86914	0.43555	12161	1	0.47582	0.19386	1	0.43179	0.28080	1	0.45381	0.23733	1	0.47159	0.52945	11.67937	1.06647	1	0.73236	0.55066	12.57875	1.06647	1	-0.00697	-0.00856	0.68338	0.00231	1	0.06049	-0.01246	0.67789	0.00347	1	1.45898	0.81042	0	
1280009	8632.31152	3307122709116	0.45641	0.21408	8631.86914	0.44238	12161	1	0.47160	0.16829	1	0.43208	0.31514	1	0.45184	0.24171	1	0.47157	0.52945	11.37745	1.06647	1	0.73231	0.55093	12.42167	1.06647	1	-0.00697	-0.00856	0.68338	0.00232	1	0.06049	-0.01246	0.67789	0.00366	1	1.45898	0.81042	0	
1280010	8632.31836	3307122775786	0.45618	0.21456	8631.86914	0.44922	12161	1	0.47160	0.16829	1	0.43208	0.31514	1	0.45184	0.24171	1	0.47156	0.52938	11.57484	1.06647	1	0.73249	0.55090	12.72845	1.06647	1	-0.00697	-0.00856	0.68338	0.00230	1	0.06049	-0.01246	0.67789	0.00330	1	1.45898	0.81042	0	
1280011	8632.32422	3307122841008	0.45587	0.21573	8631.86914	0.45508	12161	1	0.47557	0.14842	1	0.42021	0.36922	1	0.44789	0.25882	1	0.47155	0.52942	11.82492	1.06647	1	0.73221	0.55149	12.67465	1.06647	1	-0.00697	-0.00856	0.68338	0.00230	1	0.06049	-0.01246	0.67789	0.00366	1	1.45898	0.81042	0	
1280012	8632.33105	3307122910387	0.45553	0.21677	8631.86914	0.46191	12161	1	0.47159	0.12699	1	0.42475	0.28681	1	0.44817	0.20690	1	0.47156	0.52941	11.76453	1.06647	1	0.73231	0.55101	12.43084	1.06647	1	-0.00697	-0.00856	0.68338	0.00229	1	0.06049	-0.01246	0.67789	0.00346	1	1.45898	0.81042	0	
1280013	8632.33789	3307122976758	0.45520	0.21780	8631.86914	0.46875	12161	1	0.47159	0.12699	1	0.42475	0.28681	1	0.44817	0.20690	1	0.47160	0.52963	11.32496	1.06647	1	0.73222	0.55090	12.57187	1.06647	1	-0.00697	-0.00856	0.68338	0.00241	1	0.06180	-0.01278	0.69256	0.00346	1	1.45898	0.81042	0	
1280014	8632.34473	3307123043797	0.45550	0.21804	8631.86914	0.47559	12161	1	0.49522	0.16690	1	0.43418	0.30541	1	0.46470	0.23616	1	0.47143	0.52963	11.40289	1.06647	1	0.73238	0.55090	12.13853	1.06647	1	-0.00697	-0.00856	0.68338	0.00237	1	0.06180	-0.01278	0.69256	0.00343	1	1.45898	0.81042	0	
1280015	8632.35156	3307123110746	0.45540	0.21836	8631.86914	0.48242	12161	1	0.47757	0.15215	1	0.41566	0.32204	1	0.44661	0.23710	1	0.47130	0.52968	11.54295	1.06647	1	0.73204	0.55105	13.17444	1.06647	1	-0.00697	-0.00856	0.68338	0.00231	1	0.06180	-0.01278	0.69256	0.00345	1	1.45898	0.81042	0	
1280016	8632.35840	3307123177714	0.45529	0.21876	8631.86914	0.48926	12161	1	0.47630	0.14336	1	0.41550	0.31460	1	0.44590	0.22898	1	0.47125	0.53161	11.10699	1.07556	1	0.73219	0.55080	12.20067	1.07556	1	-0.00720	-0.00883	0.70069	0.00374	1	0.06049	-0.01246	0.67789	0.00354	1	1.45898	0.81042	0	
1280017	8632.36523	3307123245134	0.45526	0.21901	8631.86914	0.49609	12161	1	0.47615	0.14098	1	0.46348	0.25901	1	0.46982	0.20000	1	0.47119	0.52965	11.89353	1.08464	1	0.73246	0.55091	12.23088	1.08464	1	-0.00720	-0.00883	0.70069	0.00232	1	0.06049	-0.01246	0.67789	0.00360	1	1.45898	0.81042	0	
1280018	8632.37207	3307123312030	0.45593	0.22027	8631.86914	0.50293	12161	1	0.49383	0.31259	1	0.45374	0.22240	1	0.47378	0.26749	1	0.47143	0.53178	11.25168	1.09373	1	0.73227	0.55060	12.10697	1.09373	1	-0.00720	-0.00883	0.70069	0.00367	1	0.06049	-0.01246	0.67789	0.00356	1	1.45898	0.81042	0	
1280019	8632.37793	3307123378826	0.45662	0.22153	8631.86914	0.50879	12161	1	0.49383	0.31259	1	0.45389	0.21465	1	0.47386	0.26362	1	0.47142	0.53216	11.36908	1.09373	1	0.73230	0.55077	12.39355	1.10241	1	-0.00709	-0.00868	0.68474	0.00356	1	0.06348	-0.01308	0.71204	0.00353	1	1.45898	0.81042	0	
1280020	8632.38477	3307123445346	0.45711	0.22185	8631.86914	0.51562	12161	1	0.47582	0.13612	1	0.45612	0.29809	1	0.46597	0.21710	1	0.47118	0.52972	11.63444	1.09332	1	0.73234	0.55102	12.37853	1.10200	1	-0.00709	-0.00868	0.68474	0.00237	1	0.06348	-0.01308	0.71204	0.00348	1	1.45898	0.81042	0	
1280021	8632.39160	3307123512742	0.45705	0.22171	8631.86914	0.52246	12161	1	0.47282	0.13267	1	0.45570	0.23808	1	0.46426	0.18537	1	0.47124	0.52970	11.81079	1.09292	1	0.73234	0.55091	12.42217	1.10160	1	-0.00709	-0.00868	0.68474	0.00232	1	0.06348	-0.01308	0.71204	0.00358	1	1.45898	0.81042	0	
1280022	8632.39844	3307123579982	0.45697	0.22117	8631.86914	0.52930	12161	1	0.47287	0.13306	1	0.45569	0.23843	1	0.46428	0.18575	1	0.47123	0.52979	12.07001	1.09251	1	0.73239	0.55088	12.16030	1.10119	1	-0.00709	-0.00868	0.68474	0.00230	1	0.06348	-0.01319	0.71204	0.00362	1	1.45898	0.81042	0	
1280023	8632.40527	3307123646575	0.45712	0.22185	8631.86914	0.53613	12161	1	0.47566	0.28938	1	0.45423	0.27294	1	0.46495	0.28116	1	0.47121	0.53164	11.00830	1.10119	1	0.73236	0.55098	12.47657	1.10119	1	-0.00709	-0.00868	0.68474	0.00373	1	0.06348	-0.01319	0.71204	0.00354	1	1.45898	0.81042	0	
1280024	8632.41211	3307123713711	0.45719	0.22233	8631.86914	0.54297	12161	1	0.48404	0.28012	1	0.45956	0.23996	1	0.47180	0.26004	1	0.47135	0.53123	11.07002	1.10119	1	0.73237	0.55063	12.23209	1.10119	1	-0.00709	-0.00868	0.68474	0.00382	1	0.06348	-0.01319	0.71204	0.00351	1	1.45898	0.81042	0	
1280025	8632.41895	3307123780576	0.45726	0.22288	8631.86914	0.54980	12161	1	0.48404	0.28012	1	0.45919	0.25421	1	0.47162	0.26716	1	0.47119	0.52972	11.63495	1.10119	1	0.73219	0.55044	12.32771	1.08485	1	-0.00709	-0.00868	0.68474	0.00237	1	0.05939	-0.01229	0.66612	0.00351	1	1.45898	0.81042	0	
1280026	8632.42480	3307123847254	0.45759	0.22443	8631.86914	0.55566	12161	1	0.49178	0.33967	1	0.44455	0.27208	1	0.46816	0.30587	1	0.47140	0.53193	11.33954	1.08485	1	0.73219	0.55044	12.32771	1.06851	1	-0.00709	-0.00868	0.68474	0.00361	1	0.05939	-0.01229	0.66612	0.00352	1	1.45898	0.81042	0	
1280027	8632.43164	3307123914713	0.45816	0.22602	8631.86914	0.56250	12161	1	0.49302	0.34680	1	0.45001	0.29080	1	0.47152	0.31880	1	0.47134	0.53179	11.20165	1.06851	1	0.73215	0.55048	12.32101	1.05217	1	-0.00709	-0.00868	0.68474	0.00363	1	0.05939	-0.01229	0.66612	0.00353	1	1.45898	0.81042	0	
1280028	8632.43848	3307123981106	0.46933	0.25615	8631.86914	0.56250	12161	0	0.49396	0.35246	1	0.45002	0.29045	1	0.47199	0.32146	1	0.47122	0.52968	11.45041	1.06126	1	0.73233	0.55043	12.02971	1.05258	1	-0.00720	-0.00883	0.70069	0.00238	1	0.06049	-0.01246	0.67789	0.00355	1	1.45898	0.81042	0	
1280029	8632.44531	3307124048617	0.47261	0.24772	8631.86914	0.56250	12161	0	0.48641	0.17490	1	0.46537	0.30366	1	0.47589	0.23928	1	0.47126	0.52965	11.55157	1.06166	1	0.73251	0.55080	12.27449	1.06932	1	-0.00720	-0.00883	0.70069	0.00233	1	0.06049	-0.01246	0.67789	0.00356	1	1.45898	0.81042	0	
1280030	8632.45215	3307124115840	0.46694	0.23676	8631.86914	0.56250	12161	0	0.47042	0.15162	1	0.44077	0.27805	1	0.45560	0.21484	1	0.47127	0.52965	11.61253	1.07841	1	0.73247	0.55058	12.05035	1.08607	1	-0.00720	-0.00883	0.70069	0.00232	1	0.06049	-0.01246	0.67789	0.00354	1	1.45898	0.81042	0	
1280031	8632.45898	3307124182693	0.46397	0.22955	8632.43848	0.02051	12162	1	0.46932	0.14429	1	0.44082	0.27156	1	0.45507	0.20793	1	0.47129	0.52962	11.38015	1.08607	1	0.73246	0.55073	12.30858	1.09373	1	-0.00693	-0.00857	0.67992	0.00235	1	0.06049	-0.01246	0.67789	0.00348	1	1.45898	0.81042	0	
1280032	8632.46582	3307124249041	0.46456	0.22501	8632.43848	0.02734	12162	1	0.48942	0.15358	1	0.44445	0.26008	1	0.46693	0.20683	1	0.47148	0.52971	11.45373	1.08464	1	0.73248	0.55066	11.94682	1.08464	1	-0.00693	-0.00857	0.67992	0.00246	1	0.06049	-0.01246	0.67789	0.00358	1	1.45898	0.81042	0	
1280033	8632.47168	3307124316362	0.46408	0.22126	8632.43848	0.03320	12162	1	0.48226	0.16100	1	0.44111	0.24408	1	0.46168	0.20254	1	0.47137	0.52962	11.34131	1.07556	1	0.73247	0.55048	11.95723	1.07556	1	-0.00693	-0.00857	0.67992	0.00237	1	0.06049	-0.01246	0.67789	0.00358	1	1.45898	0.81042	0	
1280034	8632.47852	3307124383397	0.46382	0.21978	8632.43848	0.04004	12162	1	0.48349	0.16964	1	0.44105	0.25214	1	0.46227	0.21089	1	0.47134	0.52953	11.37058	1.06647	1	0.73195	0.55066	13.01476	1.06647	1	-0.00693	-0.00857	0.67992	0.00236	1	0.06045	-0.01240	0.67749	0.00370	1	1.45898	0.81042	0	
1280035	8632.48535	3307124450533	0.46315	0.23137	8632.43848	0.04688	12162	1	0.49223	0.31661	1	0.42456	0.30841	1	0.45840	0.31251	1	0.47132	0.53092	10.80850	1.06647	1	0.73213	0.55076	13.06621	1.06647	1	-0.00693	-0.00857	0.67992	0.00387	1	0.06045	-0.01240	0.67749	0.00361	1	1.45898	0.81042	0	
1280036	8632.49219	3307124517738	0.46163	0.23320	8632.43848	0.05371	12162	1	0.48564	0.19584	1	0.41332	0.29989	1	0.44948	0.24786	1	0.47132	0.52951	11.41148	1.06647	1	0.73201	0.55091	13.16319	1.06647	1	-0.00693	-0.00857	0.67992	0.00229	1	0.06045	-0.01240	0.67749	0.00368	1	1.45898	0.81042	0	
1280037	8632.49902	3307124584827	0.46041	0.23467	8632.43848	0.06055	12162	1	0.48564	0.19584	1	0.41332	0.29989	1	0.44948	0.24786	1	0.47134	0.52949	11.37438	1.06647	1	0.73196	0.55065	12.85907	1.06647	1	-0.00693	-0.00857	0.67992	0.00230	1	0.06045	-0.01240	0.67749	0.00375	1	1.45898	0.81042	0	
1280038	8632.50586	3307124650997	0.45966	0.23458	8632.43848	0.06738	12162	1	0.48927	0.18845	1	0.41505	0.27883	1	0.45216	0.23364	1	0.47139	0.52942	11.47477	1.06647	1	0.73201	0.55058	12.94323	1.06647	1	-0.00693	-0.00857	0.67992	0.00241	1	0.06045	-0.01240	0.67749	0.00368	1	1.45898	0.81042	0	
1280039	8632.51172	3307124716714	0.45972	0.23482	8632.43848	0.07324	12162	1	0.50008	0.19310	1	0.42070	0.28179	1	0.46039	0.23744	1	0.47146	0.52948	11.29276	1.06647	1	0.73212	0.55069	12.79801	1.06647	1	-0.00693	-0.00857	0.67992	0.00238	1	0.06045	-0.01240	0.67749	0.00365	1	1.45898	0.81042	0	
1280040	8632.51855	3307124782994	0.45977	0.23502	8632.43848	0.08008	12162	1	0.50008	0.19310	1	0.42070	0.28179	1	0.46039	0.23744	1	0.47141	0.52908	11.76211	1.06647	1	0.73222	0.55068	12.47105	1.06647	1	-0.00693	-0.00847	0.67992	0.00231	1	0.06045	-0.01240	0.67749	0.00365	1	1.45898	0.81042	0	
1280041	8632.52539	3307124848637	0.45983	0.23655	8632.43848	0.08691	12162	1	0.48512	0.17375	1	0.43611	0.33909	1	0.46062	0.25642	1	0.47138	0.52926	11.74115	1.06647	1	0.73201	0.55088	12.62923	1.06647	1	-0.00693	-0.00847	0.67992	0.00237	1	0.06045	-0.01240	0.67749	0.00370	1	1.45898	0.81042	0	
1280042	8632.53223	3307124916697	0.46024	0.24349	8632.43848	0.09375	12162	1	0.48546	0.34157	1	0.44638	0.33986	1	0.46592	0.34072	1	0.47127	0.53130	11.33870	1.06647	1	0.73212	0.55070	12.76685	1.06647	1	-0.00693	-0.00847	0.67992	0.00347	1	0.06045	-0.01240	0.67749	0.00366	1	1.45898	0.81042	0	
1280043	8632.53906	3307124983511	0.46059	0.24957	8632.43848	0.10059	12162	1	0.48546	0.34157	1	0.44638	0.33986	1	0.46592	0.34072	1	0.47143	0.52927	11.68106	1.06647	1	0.73212	0.55070	12.76685	1.06647	1	-0.00693	-0.00847	0.67992	0.00236	1	0.06045	-0.01240	0.67749	0.00366	1	1.45898	0.81042	0	
1280044	8632.54590	3307125051052	0.46131	0.24880	8632.43848	0.10742	12162	1	0.49732	0.17902	1	0.44835	0.29402	1	0.47284	0.23652	1	0.47143	0.52925	11.82441	1.06647	1	0.73230	0.55041	12.29967	1.06647	1	-0.00693	-0.00847	0.67992	0.00235	1	0.06045	-0.01240	0.67749	0.00366	1	1.45898	0.81042	0	
1280045	8632.55176	3307125117598	0.46174	0.24656	8632.43848	0.11328	12162	1	0.48538	0.16420	1	0.45240	0.25269	1	0.46889	0.20845	1	0.47139	0.52923	11.79066	1.06647	1	0.73225	0.55006	12.12690	1.06647	1	-0.00693	-0.00847	0.67992	0.00233	1	0.06045	-0.01240	0.67749	0.00384	1	1.45898	0.81042	0	
1280046	8632.55859	3307125183971	0.46211	0.24455	8632.43848	0.12012	12162	1	0.48538	0.16420	1	0.45240	0.25269	1	0.46889	0.20845	1	0.47136	0.52920	11.71164	1.06647	1	0.73220	0.55013	12.45093	1.06647	1	-0.00693	-0.00847	0.67992	0.00233	1	0.06049	-0.01235	0.67789	0.00391	1	1.45898	0.81042	0	
1280047	8632.56543	3307125251851	0.46211	0.24853	8632.43848	0.12695	12162	1	0.48216	0.32169	1	0.44198	0.32642	1	0.46207	0.32405	1	0.47128	0.53103	11.01774	1.06647	1	0.73211	0.55056	12.69701	1.06647	1	-0.00693	-0.00847	0.67992	0.00353	1	0.06049	-0.01235	0.67789	0.00378	1	1.45898	0.81042	0	
1280048	8632.57227	3307125318196	0.46237	0.24588	8632.43848	0.13379	12162	1	0.48194	0.13879	1	0.45305	0.24712	1	0.46749	0.19296	1	0.47141	0.52912	11.46475	1.06647	1	0.73229	0.54979	12.05296	1.06647	1	-0.00693	-0.00847	0.67992	0.00238	1	0.06049	-0.01235	0.67789	0.00400	1	1.45898	0.81042	0	
1280049	8632.57910	3307125387367	0.46260	0.24348	8632.43848	0.14062	12162	1	0.48194	0.13879	1	0.45305	0.24712	1	0.46749	0.19296	1	0.47151	0.52909	11.80621	1.06647	1	0.73241	0.54932	11.84416	1.06647	1	-0.00693	-0.00847	0.67992	0.00236	1	0.06049	-0.01235	0.67789	0.00408	1	1.45898	0.81042	0	
1280050	8632.58594	3307125455498	0.46318	0.24787	8632.43848	0.14746	12162	1	0.49949	0.35562	1	0.45236	0.33357	1	0.47592	0.34460	1	0.47147	0.53122	11.61104	1.06647	1	0.73229	0.55050	12.14011	1.06647	1	-0.00693	-0.00847	0.67992	0.00345	1	0.06049	-0.01235	0.67789	0.00364	1	1.45898	0.81042	0	
1280051	8632.59277	3307125522230	0.46374	0.25278	8632.43848	0.15430	12162	1	0.50251	0.39762	1	0.45104	0.33348	1	0.47677	0.36555	1	0.47147	0.53122	11.61104	1.06647	1	0.73225	0.55069	12.34789	1.06647	1	-0.00693	-0.00847	0.67992	0.00345	1	0.06049	-0.01235	0.67789	0.00363	1	1.45898	0.81042	0	
1280052	8632.59961	3307125589124	0.46427	0.25729	8632.43848	0.16113	12162	1	0.50251	0.39762	1	0.45104	0.33348	1	0.47677	0.36555	1	0.47142	0.52884	11.83699	1.06647	1	0.73226	0.55054	12.32454	1.06647	1	-0.00697	-0.00846	0.68338	0.00235	1	0.06049	-0.01235	0.67789	0.00366	1	1.45898	0.81042	0	
1280053	8632.60645	3307125656338	0.46497	0.25683	8632.43848	0.16797	12162	1	0.49907	0.27278	1	0.46622	0.21806	1	0.48265	0.24542	1	0.47152	0.53003	11.36324	1.06647	1	0.73245	0.54944	11.86193	1.06647	1	-0.00697	-0.00846	0.68338	0.00389	1	0.06049	-0.01235	0.67789	0.00405	1	1.45898	0.81042	0	
1280054	8632.61328	3307125723129	0.46514	0.25814	8632.43848	0.17480	12162	1	0.50165	0.29338	1	0.43722	0.29116	1	0.46944	0.29227	1	0.47153	0.53015	11.52801	1.06647	1	0.73240	0.55023	12.03582	1.06647	1	-0.00697	-0.00846	0.68338	0.00384	1	0.06049	-0.01235	0.67789	0.00369	1	1.45898	0.81042	0	
1280055	8632.61914	3307125789691	0.46529	0.25936	8632.43848	0.18066	12162	1	0.50165	0.29338	1	0.43722	0.29116	1	0.46944	0.29227	1	0.47144	0.52884	11.89192	1.06647	1	0.73234	0.55001	12.01413	1.06647	1	-0.00693	-0.00836	0.67992	0.00235	1	0.06049	-0.01235	0.67789	0.00373	1	1.45898	0.81042	0	
1280056	8632.62598	3307125857119	0.46593	0.25763	8632.43848	0.18750	12162	1	0.49121	0.15768	1	0.47648	0.26080	1	0.48384	0.20924	1	0.47148	0.52879	11.74175	1.06647	1	0.73263	0.54999	11.96734	1.06647	1	-0.00693	-0.00836	0.67992	0.00236	1	0.06049	-0.01235	0.67789	0.00366	1	1.45898	0.81042	0	
1280057	8632.63281	3307125924537	0.46623	0.25634	8632.43848	0.19434	12162	1	0.49162	0.17211	1	0.45831	0.26546	1	0.47496	0.21879	1	0.47144	0.52884	11.89192	1.06647	1	0.73231	0.54991	11.96113	1.06647	1	-0.00693	-0.00836	0.67992	0.00235	1	0.06049	-0.01235	0.67789	0.00377	1	1.45898	0.81042	0	
1280058	8632.63965	3307125991649	0.46651	0.25513	8632.43848	0.20117	12162	1	0.49162	0.17211	1	0.45831	0.26546	1	0.47496	0.21879	1	0.47140	0.52860	11.36177	1.06647	1	0.73244	0.55029	12.12972	1.06647	1	-0.00693	-0.00836	0.67992	0.00235	1	0.06045	-0.01230	0.67749	0.00370	1	1.45898	0.81042	0	
1280059	8632.64648	3307126058408	0.46594	0.25636	8632.43848	0.20801	12162	1	0.49560	0.25723	1	0.40036	0.33175	1	0.44798	0.29449	1	0.47147	0.52980	10.80283	1.06647	1	0.73186	0.55080	12.25989	1.06647	1	-0.00693	-0.00836	0.67992	0.00404	1	0.06045	-0.01230	0.67749	0.00385	1	1.45898	0.81042	0	
1280060	8632.65332	3307126125667	0.46539	0.25719	8632.43848	0.21484	12162	1	0.46999	0.18814	1	0.42617	0.37949	1	0.44808	0.28382	1	0.47150	0.52844	11.49322	1.06647	1	0.73187	0.55101	13.14571	1.06647	1	-0.00693	-0.00836	0.67992	0.00234	1	0.06045	-0.01230	0.67749	0.00376	1	1.45898	0.81042	0	
1280061	8632.65918	3307126191732	0.46907	0.28455	8632.43848	0.21484	12162	0	0.46999	0.18814	1	0.42617	0.37949	1	0.44808	0.28382	1	0.47133	0.52840	11.27304	1.06647	1	0.73234	0.55036	12.58333	1.06647	1	-0.00691	-0.00824	0.67808	0.00243	1	0.06049	-0.01225	0.67789	0.00368	1	1.45898	0.81042	0	
1280062	8632.66602	3307126259083	0.45104	0.31846	8632.43848	0.21484	12162	0	0.46747	0.36750	1	0.39854	0.33722	1	0.43300	0.35236	1	0.47132	0.53047	11.36991	1.06647	1	0.73176	0.55083	12.27393	1.06647	1	-0.00691	-0.00824	0.67808	0.00383	1	0.06049	-0.01225	0.67789	0.00395	1	1.45898	0.81042	0	
1280063	8632.67285	3307126325373	0.44870	0.30039	8632.43848	0.21484	12162	0	0.46659	0.17942	1	0.42143	0.34907	1	0.44401	0.26425	1	0.47141	0.52838	11.46872	1.06647	1	0.73221	0.55040	12.54823	1.06647	1	-0.00691	-0.00824	0.67808	0.00236	1	0.06049	-0.01225	0.67789	0.00370	1	1.45898	0.81042	0	
1280064	8632.67969	3307126392642	0.44752	0.29135	8632.65918	0.02051	12163	1	0.46659	0.17942	1	0.42143	0.34907	1	0.44401	0.26425	1	0.47142	0.52832	11.79348	1.06647	1	0.73219	0.55046	12.52900	1.06647	1	-0.00691	-0.00824	0.67808	0.00232	1	0.06045	-0.01219	0.67749	0.00383	1	1.45898	0.81042	0	
1280065	8632.68652	3307126459726	0.44763	0.28248	8632.65918	0.02734	12163	1	0.46511	0.16806	1	0.43097	0.32592	1	0.44804	0.24699	1	0.47142	0.52832	11.80254	1.06647	1	0.73231	0.55010	12.65805	1.06647	1	-0.00691	-0.00824	0.67808	0.00233	1	0.06045	-0.01219	0.67749	0.00363	1	1.45898	0.81042	0	
1280066	8632.69336	3307126528062	0.44802	0.27315	8632.65918	0.03418	12163	1	0.47731	0.17620	1	0.42270	0.27685	1	0.45001	0.22652	1	0.47160	0.52836	11.78405	1.06647	1	0.73214	0.54967	12.26865	1.06647	1	-0.00691	-0.00824	0.67808	0.00239	1	0.06045	-0.01219	0.67749	0.00384	1	1.45898	0.81042	0	
1280067	8632.70020	3307126595937	0.44831	0.26649	8632.65918	0.04102	12163	1	0.47731	0.17620	1	0.42270	0.27685	1	0.45001	0.22652	1	0.47165	0.52839	11.81550	1.06647	1	0.73214	0.54995	12.23905	1.06647	1	-0.00697	-0.00835	0.68338	0.00235	1	0.06045	-0.01219	0.67749	0.00393	1	1.45898	0.81042	0	
1280068	8632.70703	3307126661189	0.44861	0.26117	8632.65918	0.04785	12163	1	0.47742	0.17784	1	0.42396	0.27003	1	0.45069	0.22393	1	0.47156	0.52832	11.86906	1.06647	1	0.73227	0.54966	12.24424	1.06647	1	-0.00697	-0.00835	0.68338	0.00240	1	0.06045	-0.01219	0.67749	0.00380	1	1.45898	0.81042	0	
1280069	8632.71289	3307126726760	0.44863	0.26092	8632.65918	0.05371	12163	1	0.47639	0.18535	1	0.42132	0.33255	1	0.44886	0.25895	1	0.47158	0.52837	11.75896	1.06647	1	0.73219	0.55012	12.41235	1.06647	1	-0.00697	-0.00835	0.68338	0.00241	1	0.06045	-0.01219	0.67749	0.00363	1	1.45898	0.81042	0	
1280070	8632.71973	3307126795114	0.44866	0.26073	8632.65918	0.06055	12163	1	0.47639	0.18535	1	0.42132	0.33255	1	0.44886	0.25895	1	0.47147	0.52830	11.74308	1.06647	1	0.73219	0.55012	12.41235	1.06647	1	-0.00691	-0.00824	0.67808	0.00229	1	0.06045	-0.01219	0.67749	0.00363	1	1.45898	0.81042	0	
1280071	8632.72656	3307126861019	0.44882	0.26534	8632.65918	0.06738	12163	1	0.47909	0.32265	1	0.42189	0.30024	1	0.45049	0.31145	1	0.47160	0.53002	10.73618	1.06647	1	0.73210	0.54997	12.39907	1.06647	1	-0.00691	-0.00824	0.67808	0.00338	1	0.06045	-0.01219	0.67749	0.00387	1	1.45898	0.81042	0	
1280072	8632.73340	3307126925835	0.44878	0.26329	8632.65918	0.07422	12163	1	0.47345	0.18490	1	0.42325	0.29667	1	0.44835	0.24078	1	0.47154	0.52834	11.55622	1.06647	1	0.73217	0.54982	12.26715	1.06647	1	-0.00691	-0.00824	0.67808	0.00240	1	0.06045	-0.01219	0.67749	0.00382	1	1.45898	0.81042	0	
1280073	8632.74023	3307126992851	0.44875	0.26156	8632.65918	0.08105	12163	1	0.47345	0.18490	1	0.42325	0.29667	1	0.44835	0.24078	1	0.47143	0.52833	11.60412	1.06647	1	0.73216	0.54993	12.01804	1.06647	1	-0.00691	-0.00824	0.67808	0.00236	1	0.06045	-0.01219	0.67749	0.00377	1	1.45898	0.81042	0	
1280074	8632.74707	3307127061035	0.44868	0.25882	8632.65918	0.08789	12163	1	0.46727	0.16409	1	0.42829	0.28232	1	0.44778	0.22320	1	0.47136	0.52818	11.52337	1.06647	1	0.73231	0.54981	12.28425	1.06647	1	-0.00691	-0.00824	0.67808	0.00234	1	0.06045	-0.01219	0.67749	0.00373	1	1.45898	0.81042	0	
1280075	8632.75293	3307127127103	0.44918	0.25740	8632.65918	0.09375	12163	1	0.48912	0.17009	1	0.42321	0.30507	1	0.45616	0.23758	1	0.47141	0.52830	11.69550	1.06647	1	0.73215	0.54993	12.57674	1.06647	1	-0.00691	-0.00824	0.67808	0.00235	1	0.06045	-0.01219	0.67749	0.00370	1	1.45898	0.81042	0	
1280076	8632.75977	3307127196333	0.44962	0.25617	8632.65918	0.10059	12163	1	0.48912	0.17009	1	0.42321	0.30507	1	0.45616	0.23758	1	0.47114	0.53055	11.79631	1.06647	1	0.73218	0.55008	12.39467	1.06647	1	-0.00691	-0.00824	0.67808	0.00344	1	0.06049	-0.01225	0.67789	0.00369	1	1.45898	0.81042	0	
1280077	8632.76660	3307127263644	0.44932	0.25665	8632.65918	0.10742	12163	1	0.47376	0.17145	1	0.41551	0.35736	1	0.44464	0.26441	1	0.47125	0.52832	11.74944	1.06647	1	0.73204	0.55045	12.97109	1.06647	1	-0.00691	-0.00824	0.67808	0.00233	1	0.06049	-0.01225	0.67789	0.00370	1	1.45898	0.81042	0	
1280078	8632.77344	3307127330947	0.45029	0.25561	8632.65918	0.11426	12163	1	0.48258	0.17292	1	0.45103	0.30295	1	0.46681	0.23794	1	0.47134	0.52840	11.41289	1.06647	1	0.73230	0.54989	12.48024	1.06647	1	-0.00691	-0.00824	0.67808	0.00241	1	0.06049	-0.01225	0.67789	0.00366	1	1.45898	0.81042	0	
1280079	8632.78027	3307127397450	0.45116	0.25468	8632.65918	0.12109	12163	1	0.48258	0.17292	1	0.45103	0.30295	1	0.46681	0.23794	1	0.47124	0.52847	11.50053	1.06647	1	0.73201	0.55049	13.03129	1.06647	1	-0.00693	-0.00836	0.67992	0.00235	1	0.06049	-0.01225	0.67789	0.00366	1	1.45898	0.81042	0	
1280080	8632.78711	3307127464880	0.45118	0.25416	8632.65918	0.12793	12163	1	0.47338	0.16821	1	0.42959	0.32034	1	0.45149	0.24428	1	0.47127	0.52833	11.79153	1.06647	1	0.73198	0.55061	13.06494	1.06647	1	-0.00693	-0.00836	0.67992	0.00233	1	0.06049	-0.01225	0.67789	0.00366	1	1.45898	0.81042	0	
1280081	8632.79395	3307127530478	0.45132	0.25214	8632.65918	0.13477	12163	1	0.47486	0.14811	1	0.43335	0.27535	1	0.45411	0.21173	1	0.47124	0.52847	11.50053	1.06647	1	0.73196	0.55005	13.19966	1.06647	1	-0.00693	-0.00836	0.67992	0.00235	1	0.06049	-0.01225	0.67789	0.00351	1	1.45898	0.81042	0	
1280082	8632.80078	3307127598498	0.45145	0.25030	8632.65918	0.14160	12163	1	0.47486	0.14811	1	0.43335	0.27535	1	0.45411	0.21173	1	0.47133	0.53000	11.23775	1.06647	1	0.73196	0.55005	13.19966	1.06647	1	-0.00706	-0.00834	0.68217	0.00392	1	0.06049	-0.01225	0.67789	0.00351	1	1.45898	0.81042	0	
1280083	8632.80664	3307127665409	0.45229	0.25121	8632.65918	0.14746	12163	1	0.48474	0.27518	1	0.45675	0.26729	1	0.47075	0.27123	1	0.47122	0.53001	10.95636	1.06647	1	0.73224	0.55018	12.36140	1.06647	1	-0.00706	-0.00834	0.68217	0.00381	1	0.06049	-0.01225	0.67789	0.00365	1	1.45898	0.81042	0	
1280084	8632.81348	3307127732792	0.45321	0.25447	8632.65918	0.15430	12163	1	0.48886	0.36219	1	0.46003	0.29644	1	0.47445	0.32931	1	0.47135	0.53089	11.50433	1.06647	1	0.73233	0.54990	12.36118	1.06647	1	-0.00706	-0.00834	0.68217	0.00361	1	0.06049	-0.01225	0.67789	0.00352	1	1.45898	0.81042	0	
1280085	8632.82031	3307127799146	0.45406	0.25746	8632.65918	0.16113	12163	1	0.48886	0.36219	1	0.46003	0.29644	1	0.47445	0.32931	1	0.47114	0.53075	11.10637	1.06647	1	0.73242	0.55009	12.22359	1.06647	1	-0.00705	-0.00838	0.68113	0.00371	1	0.06049	-0.01225	0.67789	0.00345	1	1.45898	0.81042	0	
1280086	8632.82715	3307127866532	0.45387	0.25721	8632.65918	0.16797	12163	1	0.46639	0.14385	1	0.43202	0.35819	1	0.44921	0.25102	1	0.47119	0.52851	11.31500	1.06647	1	0.73192	0.55022	13.29902	1.06647	1	-0.00705	-0.00838	0.68113	0.00230	1	0.06049	-0.01225	0.67789	0.00351	1	1.45898	0.81042	0	
1280087	8632.83398	3307127933514	0.45405	0.25471	8632.65918	0.17480	12163	1	0.46953	0.14438	1	0.44808	0.23510	1	0.45881	0.18974	1	0.47111	0.52853	11.26642	1.06647	1	0.73226	0.54977	12.19602	1.06647	1	-0.00705	-0.00838	0.68113	0.00232	1	0.06049	-0.01225	0.67789	0.00366	1	1.45898	0.81042	0	
1280088	8632.84082	3307128000628	0.45422	0.25239	8632.65918	0.18164	12163	1	0.46953	0.14438	1	0.44808	0.23510	1	0.45881	0.18974	1	0.47111	0.52854	11.26834	1.06647	1	0.73201	0.55003	12.43030	1.06647	1	-0.00705	-0.00838	0.68113	0.00232	1	0.06180	-0.01257	0.69256	0.00365	1	1.45898	0.81042	0	
1280089	8632.84766	3307128067816	0.45425	0.25077	8632.65918	0.18848	12163	1	0.47183	0.16189	1	0.43839	0.24893	1	0.45511	0.20541	1	0.47122	0.52868	11.38426	1.06647	1	0.73202	0.54986	12.19387	1.06647	1	-0.00705	-0.00838	0.68113	0.00241	1	0.06180	-0.01257	0.69256	0.00370	1	1.45898	0.81042	0	
1280090	8632.85352	3307128134863	0.45458	0.24961	8632.65918	0.19434	12163	1	0.48193	0.15064	1	0.44637	0.28135	1	0.46415	0.21600	1	0.47116	0.52861	11.22860	1.06647	1	0.73223	0.54995	12.21986	1.06647	1	-0.00705	-0.00838	0.68113	0.00240	1	0.06180	-0.01257	0.69256	0.00378	1	1.45898	0.81042	0	
1280091	8632.86035	3307128201310	0.45487	0.24826	8632.65918	0.20117	12163	1	0.48069	0.14185	1	0.44647	0.27353	1	0.46358	0.20769	1	0.47101	0.52872	11.28453	1.07556	1	0.73258	0.55041	12.15669	1.07556	1	-0.00741	-0.00880	0.71119	0.00237	1	0.06180	-0.01257	0.69256	0.00360	1	1.45898	0.81042	0	
1280092	8632.86719	3307128268740	0.45499	0.24680	8632.65918	0.20801	12163	1	0.45765	0.14586	1	0.45949	0.25709	1	0.45857	0.20147	1	0.47107	0.52871	11.30136	1.08464	1	0.73235	0.55005	12.04769	1.08464	1	-0.00741	-0.00880	0.71119	0.00232	1	0.06180	-0.01257	0.69256	0.00364	1	1.45898	0.81042	0	
1280093	8632.87402	3307128334374	0.45521	0.24626	8632.65918	0.21484	12163	1	0.45715	0.14123	1	0.46722	0.31699	1	0.46219	0.22911	1	0.47095	0.52875	11.30313	1.09373	1	0.73251	0.55048	12.29525	1.09373	1	-0.00741	-0.00880	0.71119	0.00240	1	0.06180	-0.01257	0.69256	0.00359	1	1.45898	0.81042	0	
1280094	8632.88086	3307128402462	0.45540	0.24552	8632.65918	0.22168	12163	1	0.45577	0.13256	1	0.46749	0.30965	1	0.46163	0.22110	1	0.47104	0.52884	11.50842	1.10281	1	0.73220	0.54995	12.38877	1.10281	1	-0.00737	-0.00880	0.70664	0.00228	1	0.06049	-0.01235	0.67789	0.00383	1	1.45898	0.81042	0	
1280095	8632.88770	3307128469335	0.45534	0.24421	8632.65918	0.22852	12163	1	0.45928	0.15657	1	0.44726	0.24226	1	0.45327	0.19941	1	0.47097	0.52885	11.49415	1.10281	1	0.73220	0.54995	12.38877	1.10281	1	-0.00737	-0.00880	0.70664	0.00233	1	0.06049	-0.01235	0.67789	0.00383	1	1.45898	0.81042	0	
1280096	8632.89453	3307128536136	0.45540	0.24359	8632.65918	0.23535	12163	1	0.46352	0.13025	1	0.45141	0.31391	1	0.45747	0.22208	1	0.47101	0.52883	11.37595	1.10281	1	0.73228	0.55070	13.05215	1.10281	1	-0.00737	-0.00880	0.70664	0.00229	1	0.06049	-0.01235	0.67789	0.00352	1	1.45898	0.81042	0	
1280097	8632.90039	3307128603453	0.45835	0.21291	8632.65918	0.23535	12163	0	0.46352	0.13025	1	0.45141	0.31391	1	0.45747	0.22208	1	0.47091	0.52901	11.84456	1.10281	1	0.73215	0.55035	12.45226	1.10281	1	-0.00737	-0.00880	0.70664	0.00234	1	0.06049	-0.01235	0.67789	0.00369	1	1.45898	0.81042	0	
1280098	8632.90723	3307128670409	0.45532	0.21915	8632.65918	0.23535	12163	0	0.45932	0.17330	1	0.44526	0.27750	1	0.45229	0.22540	1	0.47098	0.52912	12.04960	1.10281	1	0.73217	0.55030	12.46363	1.10281	1	-0.00737	-0.00880	0.70664	0.00228	1	0.06049	-0.01235	0.67789	0.00366	1	1.45898	0.81042	0	
1280099	8632.91406	3307128737051	0.45239	0.21571	8632.65918	0.23535	12163	0	0.44668	0.12392	1	0.44639	0.29371	1	0.44653	0.20881	1	0.47082	0.52905	11.61430	1.10281	1	0.73214	0.55057	12.71779	1.10281	1	-0.00737	-0.00880	0.70664	0.00230	1	0.06049	-0.01235	0.67789	0.00350	1	1.45898	0.81042	0	
1280100	8632.92090	3307128800208	0.45111	0.21512	8632.90039	0.02051	12164	1	0.44812	0.13267	1	0.44639	0.29404	1	0.44725	0.21336	1	0.47118	0.53107	11.05551	1.09373	1	0.73201	0.54984	12.53458	1.10241	1	-0.00719	-0.00853	0.68506	0.00364	1	0.06231	-0.01279	0.69888	0.00378	1	1.45898	0.81042	0	
1280101	8632.92773	3307128869956	0.45248	0.20598	8632.90039	0.02734	12164	1	0.47514	0.13659	1	0.44077	0.20228	1	0.45796	0.16943	1	0.47079	0.52910	12.00593	1.09332	1	0.73205	0.54969	12.54377	1.10200	1	-0.00719	-0.00853	0.68506	0.00230	1	0.06231	-0.01279	0.69888	0.00379	1	1.45898	0.81042	0	
1280102	8632.93359	3307128935567	0.45537	0.20327	8632.90039	0.03320	12164	1	0.47700	0.12682	1	0.46268	0.25258	1	0.46984	0.18970	1	0.47083	0.52903	11.67361	1.09292	1	0.73198	0.55001	12.85962	1.10160	1	-0.00719	-0.00853	0.68506	0.00227	1	0.06231	-0.01279	0.69888	0.00372	1	1.45898	0.81042	0	
1280103	8632.94043	3307129003818	0.45743	0.20192	8632.90039	0.04004	12164	1	0.47705	0.12721	1	0.46246	0.26040	1	0.46975	0.19380	1	0.47060	0.52922	11.74981	1.09251	1	0.73185	0.54971	12.80060	1.09251	1	-0.00719	-0.00853	0.68506	0.00233	1	0.06038	-0.01243	0.67899	0.00371	1	1.45898	0.81042	0	
1280104	8632.94727	3307129068732	0.45790	0.19771	8632.90039	0.04688	12164	1	0.45922	0.15604	1	0.46319	0.18044	1	0.46120	0.16824	1	0.47060	0.52921	11.44753	1.09251	1	0.73201	0.54924	12.57210	1.08383	1	-0.00719	-0.00853	0.68506	0.00238	1	0.06038	-0.01243	0.67899	0.00373	1	1.45898	0.81042	0	
1280105	8632.95410	3307129136915	0.45922	0.19534	8632.90039	0.05371	12164	1	0.46986	0.15201	1	0.46967	0.20076	1	0.46976	0.17638	1	0.47064	0.52926	11.61306	1.08383	1	0.73208	0.54937	12.51400	1.07515	1	-0.00719	-0.00853	0.68506	0.00236	1	0.06038	-0.01243	0.67899	0.00370	1	1.45898	0.81042	0	
1280106	8632.96094	3307129202138	0.46031	0.19461	8632.90039	0.06055	12164	1	0.47111	0.16027	1	0.46915	0.21595	1	0.47013	0.18811	1	0.47071	0.52929	11.58039	1.07515	1	0.73199	0.54941	12.71190	1.05881	1	-0.00710	-0.00847	0.67588	0.00230	1	0.05853	-0.01204	0.65766	0.00388	1	1.45898	0.81042	0	
1280107	8632.96680	3307129266213	0.46099	0.19765	8632.90039	0.06641	12164	1	0.49537	0.18704	1	0.44026	0.26887	1	0.46781	0.22796	1	0.47064	0.52937	11.47115	1.05881	1	0.73169	0.54980	11.81950	1.05115	1	-0.00710	-0.00847	0.67588	0.00235	1	0.05853	-0.01204	0.65766	0.00386	1	1.45898	0.81042	0	
1280108	8632.97363	3307129335794	0.46144	0.20111	8632.90039	0.07324	12164	1	0.49514	0.19451	1	0.43773	0.28393	1	0.46643	0.23922	1	0.47077	0.52943	11.33706	1.05115	1	0.73163	0.54981	11.74338	1.04349	1	-0.00710	-0.00847	0.67588	0.00246	1	0.05853	-0.01204	0.65766	0.00392	1	1.45898	0.81042	0	
1280109	8632.98047	3307129404622	0.46187	0.20432	8632.90039	0.08008	12164	1	0.49612	0.20170	1	0.43773	0.28393	1	0.46693	0.24281	1	0.47052	0.53167	11.33679	1.04349	1	0.73163	0.54945	12.06042	1.04349	1	-0.00710	-0.00847	0.67588	0.00356	1	0.06038	-0.01243	0.67899	0.00400	1	1.45898	0.81042	0	
1280110	8632.98828	3307129474174	0.46220	0.20680	8632.90039	0.08789	12164	1	0.47205	0.16910	1	0.46099	0.30891	1	0.46652	0.23900	1	0.47034	0.52942	11.65225	1.04349	1	0.73166	0.55030	12.20805	1.05115	1	-0.00710	-0.00847	0.67588	0.00241	1	0.06038	-0.01243	0.67899	0.00372	1	1.45898	0.81042	0	
1280111	8632.99414	3307129540752	0.46265	0.21444	8632.90039	0.09375	12164	1	0.48038	0.36233	1	0.45756	0.28067	1	0.46897	0.32150	1	0.47034	0.53176	11.21041	1.05115	1	0.73155	0.55015	12.19497	1.05881	1	-0.00710	-0.00847	0.67588	0.00370	1	0.06038	-0.01243	0.67899	0.00381	1	1.45898	0.81042	0	
1280112	8633.00098	3307129608179	0.46302	0.22074	8632.90039	0.10059	12164	1	0.47929	0.35636	1	0.45772	0.27402	1	0.46851	0.31519	1	0.47040	0.53127	11.02423	1.05881	1	0.73121	0.55070	12.73385	1.06647	1	-0.00706	-0.00836	0.66314	0.00385	1	0.06038	-0.01243	0.67899	0.00370	1	1.45898	0.81042	0	
1280113	8633.00781	3307129674542	0.46187	0.22564	8632.90039	0.10742	12164	1	0.47929	0.35636	0	0.44357	0.30402	1	0.44357	0.30402	1	0.47040	0.53127	11.02423	1.06647	0	0.73135	0.55035	12.55932	1.06647	1	-0.00706	-0.00836	0.66314	0.00385	1	0.06038	-0.01243	0.67899	0.00373	1	1.45898	0.81042	0	
1280114	8633.01465	3307129742251	0.46187	0.22564	8632.90039	0.11426	12164	1	0.47929	0.35636	0	0.44357	0.30402	0	0.44357	0.30402	0	0.47040	0.53127	11.02423	1.06647	0	0.73135	0.55035	12.55932	1.06647	0	-0.00706	-0.00836	0.66314	0.00385	1	0.06038	-0.01243	0.67899	0.00373	1	1.45898	0.81042	0	
1280115	8633.02148	3307129809076	0.46187	0.22564	8632.90039	0.12109	12164	1	0.47929	0.35636	0	0.44357	0.30402	0	0.44357	0.30402	0	0.47040	0.53127	11.02423	1.06647	0	0.73135	0.55035	12.55932	1.06647	0	-0.00706	-0.00836	0.66314	0.00385	1	0.06038	-0.01243	0.67899	0.00373	1	1.45898	0.81042	0	
1280116	8633.02832	3307129875769	0.46187	0.22564	8632.90039	0.12793	12164	1	0.47929	0.35636	0	0.44357	0.30402	0	0.44357	0.30402	0	0.47040	0.53127	11.02423	1.06647	0	0.73135	0.55035	12.55932	1.06647	0	-0.00706	-0.00836	0.66314	0.00385	1	0.06038	-0.01243	0.67899	0.00373	1	1.45898	0.81042	0	
1280117	8633.03516	3307129943164	0.46579	0.23383	8632.90039	0.12793	12164	0	0.47929	0.35636	0	0.44357	0.30402	0	0.44357	0.30402	0	0.47040	0.53127	11.02423	1.06647	0	0.73135	0.55035	12.55932	1.06647	0	-0.00706	-0.00836	0.66314	0.00385	1	0.06038	-0.01243	0.67899	0.00373	1	1.45898	0.81042	0	
1280118	8633.04102	3307130009097	0.46579	0.23383	8632.90039	0.12793	12164	0	0.47929	0.35636	0	0.44357	0.30402	0	0.44357	0.30402	0	0.47040	0.53127	11.02423	1.06647	0	0.73135	0.55035	12.55932	1.06647	0	-0.00706	-0.00836	0.66314	0.00385	1	0.06038	-0.01243	0.67899	0.00373	1	1.45898	0.81042	0	
1280119	8633.04785	3307130076911	0.46579	0.23383	8632.90039	0.12793	12164	0	0.47929	0.35636	0	0.44357	0.30402	0	0.44357	0.30402	0	0.47040	0.53127	11.02423	1.06647	0	0.73135	0.55035	12.55932	1.06647	0	-0.00706	-0.00836	0.66314	0.00385	1	0.06038	-0.01243	0.67899	0.00373	1	1.45898	0.81042	0	
1280120	8633.05469	3307130143436	0.00000	0.00000	8632.90039	0.12793	12164	0	0.47929	0.35636	0	0.44357	0.30402	0	0.44357	0.30402	0	0.47040	0.53127	11.02423	1.06647	0	0.73135	0.55035	12.55932	1.06647	0	-0.00706	-0.00836	0.66314	0.00385	1	0.06038	-0.01243	0.67899	0.00373	1	1.45898	0.81042	0	
1280121	8633.06152	3307130211212	0.00000	0.00000	8632.90039	0.12793	12164	0	0.47929	0.35636	0	0.44357	0.30402	0	0.44357	0.30402	0	0.47040	0.53127	11.02423	1.06647	0	0.73135	0.55035	12.55932	1.06647	0	-0.00706	-0.00836	0.66314	0.00385	1	0.06038	-0.01243	0.67899	0.00373	1	1.45898	0.81042	0	
1280122	8633.06836	3307130277028	0.00000	0.00000	8632.90039	0.12793	12164	0	0.47929	0.35636	0	0.44357	0.30402	0	0.44357	0.30402	0	0.47040	0.53127	11.02423	1.06647	0	0.73135	0.55035	12.55932	1.06647	0	-0.00706	-0.00836	0.66314	0.00385	1	0.06038	-0.01243	0.67899	0.00373	1	1.45898	0.81042	0	
1280123	8633.07520	3307130342717	0.46587	0.33224	8632.90039	0.12793	12164	0	0.49738	0.34050	1	0.43436	0.32397	1	0.46587	0.33224	1	0.47059	0.53190	11.29066	1.06647	1	0.73123	0.55059	12.73006	1.06647	1	-0.00706	-0.00836	0.66314	0.00364	1	0.06038	-0.01243	0.67899	0.00351	1	1.45898	0.81042	0	
1280124	8633.08105	3307130408370	0.46559	0.32858	8632.90039	0.12793	12164	0	0.49623	0.33333	1	0.43437	0.31653	1	0.46530	0.32493	1	0.47020	0.52955	11.18397	1.07556	1	0.73121	0.55036	12.68023	1.07556	1	-0.00757	-0.00889	0.70583	0.00240	1	0.06038	-0.01243	0.67899	0.00373	1	1.45898	0.81042	0	
1280125	8633.08789	3307130471972	0.46618	0.28784	8632.90039	0.12793	12164	0	0.48241	0.15042	1	0.45230	0.26227	1	0.46735	0.20634	1	0.47042	0.52962	11.29593	1.08464	1	0.73159	0.55000	12.04321	1.08464	1	-0.00757	-0.00889	0.70583	0.00241	1	0.06038	-0.01243	0.67899	0.00375	1	1.45898	0.81042	0	
1280126	8633.09473	3307130544415	0.46441	0.25947	8633.07520	0.01953	12165	1	0.46001	0.11622	1	0.45819	0.23255	1	0.45910	0.17439	1	0.47023	0.52948	11.75590	1.09373	1	0.73158	0.55013	12.29709	1.09373	1	-0.00757	-0.00889	0.70583	0.00243	1	0.06038	-0.01243	0.67899	0.00361	1	1.45898	0.81042	0	
1280127	8633.10156	3307130610307	0.46323	0.24077	8633.07520	0.02637	12165	1	0.45865	0.10734	1	0.45838	0.22452	1	0.45851	0.16593	1	0.47023	0.52948	11.75590	1.10281	1	0.73145	0.55067	12.59781	1.10281	1	-0.00757	-0.00889	0.70583	0.00243	1	0.06038	-0.01243	0.67899	0.00358	1	1.45898	0.81042	0	
1280128	8633.10840	3307130677280	0.46261	0.23945	8633.07520	0.03320	12165	1	0.47602	0.14323	1	0.44308	0.32255	1	0.45955	0.23289	1	0.47041	0.52963	11.31570	1.10281	1	0.73135	0.55073	12.55883	1.10281	1	-0.00757	-0.00889	0.70583	0.00240	1	0.06038	-0.01243	0.67899	0.00364	1	1.45898	0.81042	0	
1280129	8633.11523	3307130744921	0.46184	0.23473	8633.07520	0.04004	12165	1	0.47161	0.11817	1	0.44284	0.29457	1	0.45723	0.20637	1	0.47040	0.52953	11.62387	1.10281	1	0.73140	0.55064	12.50656	1.10281	1	-0.00757	-0.00889	0.70583	0.00239	1	0.06038	-0.01243	0.67899	0.00368	1	1.45898	0.81042	0	
1280130	8633.12207	3307130811396	0.46134	0.23220	8633.07520	0.04688	12165	1	0.47288	0.12696	1	0.44277	0.30201	1	0.45783	0.21449	1	0.47034	0.52970	11.31280	1.09373	1	0.73151	0.55048	12.59170	1.09373	1	-0.00706	-0.00836	0.66314	0.00238	1	0.06038	-0.01243	0.67899	0.00373	1	1.45898	0.81042	0	
1280131	8633.12793	3307130878310	0.46199	0.24100	8633.07520	0.05273	12165	1	0.48691	0.33427	1	0.44736	0.28866	1	0.46713	0.31147	1	0.47048	0.53180	11.88720	1.08464	1	0.73145	0.55044	12.64880	1.08464	1	-0.00706	-0.00836	0.66314	0.00374	1	0.06038	-0.01243	0.67899	0.00372	1	1.45898	0.81042	0	
1280132	8633.13477	3307130947474	0.46172	0.24720	8633.07520	0.05957	12165	1	0.47519	0.33208	1	0.44338	0.27375	1	0.45928	0.30292	1	0.47033	0.53172	11.57537	1.07556	1	0.73143	0.55039	12.50033	1.07556	1	-0.00706	-0.00836	0.66314	0.00384	1	0.06038	-0.01243	0.67899	0.00374	1	1.45898	0.81042	0	
1280133	8633.14160	3307131014536	0.46149	0.25226	8633.07520	0.06641	12165	1	0.47519	0.33208	1	0.44338	0.27375	1	0.45928	0.30292	1	0.47027	0.52949	11.76634	1.07556	1	0.73146	0.55039	12.48844	1.07556	1	-0.00757	-0.00889	0.70583	0.00244	1	0.06038	-0.01243	0.67899	0.00375	1	1.45898	0.81042	0	
1280134	8633.14844	3307131081421	0.46092	0.24739	8633.07520	0.07324	12165	1	0.46720	0.11930	1	0.44190	0.26828	1	0.45455	0.19379	1	0.47031	0.52940	11.72132	1.08464	1	0.73143	0.55039	12.50033	1.08464	1	-0.00757	-0.00889	0.70583	0.00238	1	0.06038	-0.01243	0.67899	0.00374	1	1.45898	0.81042	0	
1280135	8633.15527	3307131148751	0.46109	0.24455	8633.07520	0.08008	12165	1	0.47195	0.14744	1	0.45455	0.27355	1	0.46325	0.21050	1	0.47044	0.52979	11.67844	1.09373	1	0.73146	0.55030	12.48836	1.09373	1	-0.00757	-0.00889	0.70583	0.00245	1	0.06038	-0.01243	0.67899	0.00370	1	1.45898	0.81042	0	
1280136	8633.16211	3307131216000	0.46121	0.24127	8633.07520	0.08691	12165	1	0.47067	0.13882	1	0.45487	0.25851	1	0.46277	0.19867	1	0.47010	0.52968	11.10301	1.10281	1	0.73129	0.54999	12.60588	1.11149	1	-0.00757	-0.00889	0.70583	0.00234	1	0.06235	-0.01284	0.70171	0.00369	1	1.45898	0.81042	0	
1280137	8633.16895	3307131282631	0.46059	0.23633	8633.07520	0.09375	12165	1	0.45149	0.10094	1	0.45216	0.23330	1	0.45182	0.16712	1	0.47015	0.52953	11.63223	1.11149	1	0.73150	0.54988	12.20549	1.12017	1	-0.00757	-0.00889	0.70583	0.00240	1	0.06235	-0.01284	0.70171	0.00370	1	1.45898	0.81042	0	
1280138	8633.17578	3307131349497	0.46019	0.23167	8633.07520	0.10059	12165	1	0.45273	0.10741	1	0.45567	0.21607	1	0.45420	0.16174	1	0.47013	0.52961	11.24318	1.12017	1	0.73144	0.55013	12.43581	1.12885	1	-0.00757	-0.00889	0.70583	0.00233	1	0.06235	-0.01284	0.70171	0.00366	1	1.45898	0.81042	0	
1280139	8633.18164	3307131416251	0.45983	0.22780	8633.07520	0.10645	12165	1	0.45279	0.10780	1	0.45550	0.22398	1	0.45415	0.16589	1	0.47007	0.52944	11.72534	1.11977	1	0.73156	0.55019	12.65118	1.11977	1	-0.00732	-0.00854	0.67797	0.00232	1	0.06037	-0.01244	0.67998	0.00365	1	1.45898	0.81042	0	
1280140	8633.18848	3307131483525	0.45984	0.22469	8633.07520	0.11328	12165	1	0.45155	0.10309	1	0.46837	0.24053	1	0.45996	0.17181	1	0.47014	0.52954	12.04676	1.11068	1	0.73159	0.55001	12.24862	1.10200	1	-0.00732	-0.00854	0.67797	0.00234	1	0.06037	-0.01244	0.67998	0.00371	1	1.45898	0.81042	0	
1280141	8633.19531	3307131550338	0.45986	0.22073	8633.07520	0.12012	12165	1	0.45790	0.11986	1	0.46263	0.17903	1	0.46027	0.14944	1	0.47007	0.52944	11.72534	1.09292	1	0.73160	0.54931	12.14495	1.08424	1	-0.00732	-0.00854	0.67797	0.00232	1	0.06037	-0.01244	0.67998	0.00388	1	1.45898	0.81042	0	
1280142	8633.20215	3307131617236	0.45994	0.21781	8633.07520	0.12695	12165	1	0.46059	0.13718	1	0.46240	0.18758	1	0.46150	0.16238	1	0.47006	0.52943	11.77171	1.07515	1	0.73138	0.54987	12.23013	1.07515	1	-0.00732	-0.00854	0.67797	0.00231	1	0.06242	-0.01282	0.70366	0.00379	1	1.45898	0.81042	0	
1280143	8633.20898	3307131684589	0.45944	0.21625	8633.07520	0.13379	12165	1	0.46607	0.12789	1	0.43265	0.24236	1	0.44936	0.18512	1	0.47014	0.52938	11.67627	1.07515	1	0.73119	0.54993	12.88021	1.08383	1	-0.00732	-0.00854	0.67797	0.00238	1	0.06242	-0.01282	0.70366	0.00367	1	1.45898	0.81042	0	
1280144	8633.21484	3307131748225	0.45737	0.18677	8633.07520	0.13379	12165	0	0.46479	0.11935	1	0.45000	0.22433	1	0.45740	0.17184	1	0.47014	0.52938	11.67627	1.08383	1	0.73145	0.54972	12.18614	1.09251	1	-0.00732	-0.00854	0.67797	0.00238	1	0.06242	-0.01282	0.70366	0.00372	1	1.45898	0.81042	0	
1280145	8633.22168	3307131816478	0.45707	0.17717	8633.07520	0.13379	12165	0	0.46351	0.11082	1	0.45000	0.22433	1	0.45676	0.16757	1	0.47007	0.52944	11.72534	1.09251	1	0.73135	0.55016	12.57122	1.09251	1	-0.00732	-0.00854	0.67797	0.00233	1	0.06077	-0.01248	0.68453	0.00349	1	1.45898	0.81042	0	
1280146	8633.22852	3307131883470	0.45487	0.18579	8633.07520	0.13379	12165	0	0.45670	0.11963	1	0.44424	0.28644	1	0.45047	0.20304	1	0.47008	0.52949	11.89104	1.09251	1	0.73137	0.55021	12.60035	1.08383	1	-0.00732	-0.00854	0.67797	0.00231	1	0.06077	-0.01248	0.68453	0.00354	1	1.45898	0.81042	0	
1280147	8633.23535	3307131949302	0.45465	0.19071	8633.21484	0.02051	12166	1	0.46479	0.11935	1	0.44317	0.29159	1	0.45398	0.20547	1	0.47014	0.52938	11.67627	1.08383	1	0.73134	0.55032	12.58391	1.07515	1	-0.00732	-0.00854	0.67797	0.00238	1	0.06077	-0.01248	0.68453	0.00356	1	1.45898	0.81042	0	
1280148	8633.24219	3307132014632	0.45451	0.19286	8633.21484	0.02734	12166	1	0.46473	0.11896	1	0.44324	0.28393	1	0.45399	0.20144	1	0.47020	0.52937	11.63426	1.08424	1	0.73132	0.55054	12.41415	1.08424	1	-0.00753	-0.00879	0.70212	0.00232	1	0.06289	-0.01290	0.70777	0.00365	1	1.45898	0.81042	0	
1280149	8633.24902	3307132084551	0.45563	0.19652	8633.21484	0.03418	12166	1	0.46375	0.15668	1	0.45862	0.27294	1	0.46118	0.21481	1	0.47022	0.52937	11.75746	1.09332	1	0.73160	0.55046	12.24913	1.10200	1	-0.00753	-0.00879	0.70212	0.00231	1	0.06289	-0.01290	0.70777	0.00357	1	1.45898	0.81042	0	
1280150	8633.25586	3307132150636	0.45512	0.19766	8633.21484	0.04102	12166	1	0.45115	0.14337	1	0.45302	0.26569	1	0.45209	0.20453	1	0.47014	0.52940	11.67501	1.11109	1	0.73151	0.55056	12.61965	1.11977	1	-0.00753	-0.00879	0.70212	0.00228	1	0.06289	-0.01290	0.70777	0.00351	1	1.45898	0.81042	0	
1280151	8633.26270	3307132219228	0.45466	0.19801	8633.21484	0.04785	12166	1	0.44981	0.13522	1	0.45302	0.26569	1	0.45142	0.20046	1	0.47026	0.52930	11.54978	1.11977	1	0.73140	0.55064	12.29997	1.11977	1	-0.00706	-0.00826	0.66314	0.00231	1	0.06070	-0.01244	0.68260	0.00358	1	1.45898	0.81042	0	
1280152	8633.26953	3307132286010	0.45524	0.19854	8633.21484	0.05469	12166	1	0.46717	0.12888	1	0.45271	0.27662	1	0.45994	0.20275	1	0.47029	0.52925	11.65560	1.11068	1	0.73147	0.55046	12.26765	1.10200	1	-0.00706	-0.00826	0.66314	0.00231	1	0.06070	-0.01244	0.68260	0.00366	1	1.45898	0.81042	0	
1280153	8633.27539	3307132349878	0.45570	0.20103	8633.21484	0.06055	12166	1	0.47295	0.16564	1	0.44658	0.28130	1	0.45977	0.22347	1	0.47037	0.52933	11.40552	1.09292	1	0.73142	0.55035	12.12463	1.08424	1	-0.00706	-0.00826	0.66314	0.00230	1	0.06070	-0.01244	0.68260	0.00371	1	1.45898	0.81042	0	
1280154	8633.28223	3307132421238	0.45622	0.20516	8633.21484	0.06738	12166	1	0.47658	0.18966	1	0.44630	0.30312	1	0.46144	0.24639	1	0.47036	0.52931	11.44431	1.06713	1	0.73172	0.55019	11.86812	1.05845	1	-0.00695	-0.00818	0.65737	0.00231	1	0.06070	-0.01244	0.68260	0.00367	1	1.45898	0.81042	0	
1280155	8633.28906	3307132488377	0.45833	0.21571	8633.21484	0.07422	12166	1	0.50333	0.35642	1	0.45983	0.30714	1	0.48158	0.33178	1	0.47072	0.53127	11.61580	1.05044	1	0.73162	0.55036	11.86818	1.05044	1	-0.00695	-0.00818	0.65737	0.00349	1	0.06070	-0.01244	0.68260	0.00361	1	1.45898	0.81042	0	
1280156	8633.29590	3307132554788	0.46000	0.21879	8633.21484	0.08105	12166	1	0.48739	0.19688	1	0.47261	0.31476	1	0.48000	0.25582	1	0.47052	0.52929	11.64698	1.04242	1	0.73184	0.55042	12.02284	1.04242	1	-0.00695	-0.00818	0.65737	0.00236	1	0.06070	-0.01244	0.68260	0.00371	1	1.45898	0.81042	0	
1280157	8633.30273	3307132622357	0.46143	0.22144	8633.21484	0.08789	12166	1	0.48739	0.19688	1	0.47261	0.31476	1	0.48000	0.25582	1	0.47059	0.52921	11.75550	1.04242	1	0.73156	0.55059	12.04767	1.04242	1	-0.00719	-0.00853	0.68506	0.00239	1	0.06070	-0.01244	0.68260	0.00360	1	1.45898	0.81042	0	
1280158	8633.30859	3307132685484	0.46207	0.22955	8633.21484	0.09375	12166	1	0.48522	0.36436	1	0.45693	0.32202	1	0.47107	0.34319	1	0.47053	0.53148	12.50669	1.05044	1	0.73150	0.55040	11.91885	1.05044	1	-0.00719	-0.00853	0.68506	0.00349	1	0.06070	-0.01244	0.68260	0.00362	1	1.45898	0.81042	0	
1280159	8633.31543	3307132753306	0.46265	0.23614	8633.21484	0.10059	12166	1	0.50423	0.37278	1	0.43844	0.29711	1	0.47134	0.33494	1	0.47079	0.53141	11.90423	1.05845	1	0.73162	0.55024	12.26640	1.05845	1	-0.00719	-0.00853	0.68506	0.00344	1	0.06070	-0.01244	0.68260	0.00368	1	1.45898	0.81042	0	
1280160	8633.32227	3307132821369	0.46310	0.24114	8633.21484	0.10742	12166	1	0.50216	0.35972	1	0.43851	0.28255	1	0.47033	0.32113	1	0.47067	0.52895	12.16327	1.07556	1	0.73172	0.55033	12.20083	1.07556	1	-0.00748	-0.00881	0.70786	0.00234	1	0.05997	-0.01224	0.67432	0.00367	1	1.45898	0.81042	0	
1280161	8633.32910	3307132885435	0.46266	0.24041	8633.21484	0.11426	12166	1	0.48821	0.17043	1	0.42211	0.28548	1	0.45516	0.22796	1	0.47059	0.52899	11.57197	1.08464	1	0.73136	0.55032	12.03967	1.08464	1	-0.00748	-0.00881	0.70786	0.00234	1	0.05997	-0.01224	0.67432	0.00374	1	1.45898	0.81042	0	
1280162	8633.33594	3307132954801	0.46238	0.23932	8633.21484	0.12109	12166	1	0.48148	0.16036	1	0.43329	0.27907	1	0.45739	0.21971	1	0.47064	0.52907	11.37868	1.09373	1	0.73150	0.55025	12.01025	1.09373	1	-0.00748	-0.00881	0.70786	0.00235	1	0.05997	-0.01224	0.67432	0.00371	1	1.45898	0.81042	0	SUBJECT_ONSET_LOG
1280163	8633.34277	3307133021155	0.46712	0.26522	8633.21484	0.12109	12166	0	0.48148	0.16036	1	0.43329	0.27907	1	0.45739	0.21971	1	0.47055	0.52882	11.99577	1.09373	1	0.73129	0.55051	12.28470	1.09373	1	-0.00719	-0.00853	0.68506	0.00242	1	0.05997	-0.01224	0.67432	0.00379	1	1.45898	0.81042	0	
1280164	8633.34961	3307133090902	0.45452	0.28869	8633.21484	0.12109	12166	0	0.48148	0.30870	1	0.40235	0.31563	1	0.44191	0.31216	1	0.47050	0.53053	11.10384	1.08464	1	0.73110	0.55075	12.94164	1.08464	1	-0.00719	-0.00853	0.68506	0.00372	1	0.05997	-0.01224	0.67432	0.00381	1	1.45898	0.81042	0	
1280165	8633.35547	3307133153793	0.45658	0.30680	8633.21484	0.12109	12166	0	0.51107	0.36881	1	0.41034	0.31724	1	0.46071	0.34302	1	0.47086	0.53126	11.91050	1.07556	1	0.73119	0.55052	12.79268	1.07556	1	-0.00719	-0.00853	0.68506	0.00340	1	0.05997	-0.01224	0.67432	0.00380	1	1.45898	0.81042	0	
1280166	8633.36230	3307133222472	0.45777	0.31764	8633.34277	0.01953	12167	1	0.51211	0.37566	1	0.41054	0.32467	1	0.46132	0.35016	1	0.47073	0.53123	11.73920	1.06647	1	0.73135	0.55052	13.09496	1.06647	1	-0.00719	-0.00853	0.68506	0.00345	1	0.06038	-0.01232	0.67899	0.00378	1	1.45898	0.81042	0	AUDIO_FILE_ONSET_LOG
1280167	8633.36914	3307133289458	0.45748	0.32512	8633.34277	0.02637	12167	1	0.50338	0.39340	1	0.40931	0.31669	1	0.45634	0.35504	1	0.47072	0.53127	11.59954	1.06647	1	0.73126	0.55051	12.76250	1.06647	1	-0.00719	-0.00853	0.68506	0.00344	1	0.06038	-0.01232	0.67899	0.00389	1	1.45898	0.81042	0	
1280168	8633.37598	3307133358903	0.45765	0.32295	8633.34277	0.03320	12167	1	0.48750	0.33066	1	0.42954	0.29352	1	0.45852	0.31209	1	0.47053	0.53063	11.06959	1.06647	1	0.73145	0.55043	12.90965	1.06647	1	-0.00719	-0.00853	0.68506	0.00380	1	0.06038	-0.01232	0.67899	0.00366	1	1.45898	0.81042	0	
1280169	8633.38281	3307133426085	0.45769	0.32033	8633.34277	0.04004	12167	1	0.48628	0.32341	1	0.42950	0.28582	1	0.45789	0.30462	1	0.47053	0.52889	12.06143	1.07556	1	0.73100	0.55078	12.73990	1.07556	1	-0.00741	-0.00867	0.70068	0.00247	1	0.06070	-0.01234	0.68260	0.00389	1	1.45898	0.81042	0	
1280170	8633.38965	3307133493068	0.45899	0.30951	8633.34277	0.04688	12167	1	0.48590	0.16555	1	0.45036	0.30196	1	0.46813	0.23375	1	0.47065	0.52896	12.14318	1.08464	1	0.73144	0.55041	12.90596	1.08464	1	-0.00741	-0.00867	0.70068	0.00236	1	0.06070	-0.01234	0.68260	0.00371	1	1.45898	0.81042	0	
1280171	8633.39648	3307133560511	0.46034	0.29924	8633.34277	0.05371	12167	1	0.48860	0.14290	1	0.45361	0.29121	1	0.47110	0.21706	1	0.47063	0.52891	11.98856	1.09373	1	0.73147	0.55042	12.50870	1.09373	1	-0.00741	-0.00867	0.70068	0.00237	1	0.06070	-0.01234	0.68260	0.00370	1	1.45898	0.81042	0	
1280172	8633.40332	3307133626838	0.46136	0.29021	8633.34277	0.06055	12167	1	0.48743	0.13426	1	0.45376	0.28366	1	0.47060	0.20896	1	0.47026	0.52888	11.76030	1.10281	1	0.73154	0.55026	12.85278	1.10281	1	-0.00748	-0.00881	0.70786	0.00233	1	0.06070	-0.01234	0.68260	0.00371	1	1.45898	0.81042	0	
1280173	8633.41016	3307133694636	0.46117	0.28135	8633.34277	0.06738	12167	1	0.46979	0.15206	1	0.44863	0.23339	1	0.45921	0.19273	1	0.47032	0.52893	11.88931	1.10281	1	0.73147	0.55007	12.55685	1.10281	1	-0.00748	-0.00881	0.70786	0.00235	1	0.06070	-0.01234	0.68260	0.00378	1	1.45898	0.81042	0	
1280174	8633.41699	3307133761941	0.46170	0.27573	8633.34277	0.07422	12167	1	0.47934	0.16914	1	0.45582	0.25878	1	0.46758	0.21396	1	0.47039	0.52900	11.82780	1.10281	1	0.73151	0.55054	12.24217	1.10281	1	-0.00748	-0.00881	0.70786	0.00231	1	0.06070	-0.01234	0.68260	0.00364	1	1.45898	0.81042	0	
1280175	8633.42285	3307133827983	0.46220	0.27160	8633.34277	0.08008	12167	1	0.48056	0.17750	1	0.45565	0.26653	1	0.46811	0.22202	1	0.47057	0.53085	11.22071	1.09373	1	0.73157	0.55038	12.20311	1.09373	1	-0.00706	-0.00826	0.66314	0.00364	1	0.06038	-0.01222	0.67899	0.00368	1	1.45898	0.81042	0	
1280176	8633.42969	3307133894976	0.46134	0.26926	8633.34277	0.08691	12167	1	0.46455	0.17096	1	0.43597	0.30673	1	0.45026	0.23885	1	0.47031	0.52894	11.02105	1.08464	1	0.73128	0.55043	12.88890	1.08464	1	-0.00706	-0.00826	0.66314	0.00234	1	0.06038	-0.01222	0.67899	0.00368	1	1.45898	0.81042	0	
1280177	8633.43652	3307133962137	0.46088	0.26682	8633.34277	0.09375	12167	1	0.46884	0.16473	1	0.44001	0.30063	1	0.45442	0.23268	1	0.47030	0.52883	11.32070	1.07556	1	0.73129	0.55040	12.82045	1.07556	1	-0.00706	-0.00826	0.66314	0.00232	1	0.06038	-0.01222	0.67899	0.00373	1	1.45898	0.81042	0	
1280178	8633.44336	3307134028935	0.46052	0.26519	8633.34277	0.10059	12167	1	0.47017	0.17334	1	0.43996	0.30821	1	0.45506	0.24078	1	0.47036	0.52888	11.96429	1.06647	1	0.73095	0.55056	13.34471	1.06647	1	-0.00706	-0.00826	0.66314	0.00229	1	0.06070	-0.01234	0.68260	0.00369	1	1.45898	0.81042	0	
1280179	8633.45020	3307134093343	0.46157	0.26874	8633.34277	0.10742	12167	1	0.49915	0.34339	1	0.45771	0.30754	1	0.47843	0.32546	1	0.47070	0.53087	11.28197	1.06647	1	0.73150	0.55009	12.23224	1.06647	1	-0.00706	-0.00826	0.66314	0.00367	1	0.06070	-0.01234	0.68260	0.00375	1	1.45898	0.81042	0	
1280180	8633.45703	3307134161061	0.46396	0.24038	8633.34277	0.10742	12167	0	0.47481	0.18592	1	0.45867	0.32143	1	0.46674	0.25368	1	0.47037	0.52898	11.86658	1.06647	1	0.73155	0.55029	12.38674	1.06647	1	-0.00706	-0.00826	0.66314	0.00231	1	0.06070	-0.01234	0.68260	0.00368	1	1.45898	0.81042	0	
1280181	8633.46289	3307134225906	0.46540	0.24524	8633.34277	0.10742	12167	0	0.47481	0.18592	1	0.45886	0.31428	1	0.46683	0.25010	1	0.47025	0.52887	11.62782	1.06647	1	0.73168	0.54999	11.94528	1.07515	1	-0.00733	-0.00845	0.67906	0.00228	1	0.06289	-0.01279	0.70777	0.00379	1	1.45898	0.81042	0	
1280182	8633.46973	3307134293765	0.46086	0.24550	8633.34277	0.10742	12167	0	0.46189	0.17000	1	0.44166	0.32205	1	0.45178	0.24602	1	0.47018	0.52878	11.26280	1.07515	1	0.73137	0.54998	12.51246	1.08383	1	-0.00733	-0.00845	0.67906	0.00229	1	0.06289	-0.01279	0.70777	0.00368	1	1.45898	0.81042	0	
1280183	8633.47656	3307134360799	0.45946	0.23649	8633.45703	0.01953	12168	1	0.45076	0.14943	1	0.45977	0.26947	1	0.45526	0.20945	1	0.47011	0.52893	11.41314	1.08383	1	0.73157	0.54995	11.93921	1.09251	1	-0.00733	-0.00845	0.67906	0.00233	1	0.06289	-0.01279	0.70777	0.00374	1	1.45898	0.81042	0	
1280184	8633.48340	3307134427519	0.45848	0.23025	8633.45703	0.02637	12168	1	0.44939	0.14113	1	0.45977	0.26947	1	0.45458	0.20530	1	0.47023	0.52892	11.89380	1.09251	1	0.73164	0.54987	11.94900	1.09251	1	-0.00733	-0.00845	0.67906	0.00228	1	0.06070	-0.01234	0.68260	0.00376	1	1.45898	0.81042	0	
1280185	8633.49023	3307134494417	0.45915	0.22875	8633.45703	0.03320	12168	1	0.46087	0.10455	1	0.46413	0.33795	1	0.46250	0.22125	1	0.47018	0.52892	11.80098	1.09251	1	0.73164	0.54987	11.94900	1.08383	1	-0.00733	-0.00845	0.67906	0.00226	1	0.06070	-0.01234	0.68260	0.00376	1	1.45898	0.81042	0	
1280186	8633.49609	3307134560592	0.46034	0.22680	8633.45703	0.03906	12168	1	0.47037	0.13171	1	0.46460	0.29851	1	0.46748	0.21511	1	0.47027	0.52899	11.29690	1.08383	1	0.73164	0.54996	12.02256	1.07515	1	-0.00733	-0.00845	0.67906	0.00228	1	0.06070	-0.01234	0.68260	0.00372	1	1.45898	0.81042	0	
1280187	8633.50293	3307134628432	0.46129	0.22672	8633.45703	0.04590	12168	1	0.47161	0.14014	1	0.46415	0.31222	1	0.46788	0.22618	1	0.47011	0.52909	12.00524	1.07515	1	0.73164	0.54986	11.95368	1.05881	1	-0.00733	-0.00845	0.67906	0.00234	1	0.05893	-0.01199	0.66323	0.00376	1	1.45898	0.81042	0	
1280188	8633.51074	3307134699165	0.46013	0.22712	8633.45703	0.05371	12168	1	0.45326	0.15627	1	0.44850	0.30426	1	0.45088	0.23027	1	0.47006	0.52903	11.87622	1.05881	1	0.73148	0.54989	11.84648	1.05115	1	-0.00733	-0.00845	0.67906	0.00231	1	0.05893	-0.01199	0.66323	0.00387	1	1.45898	0.81042	0	
1280189	8633.51660	3307134766017	0.46020	0.22884	8633.45703	0.05957	12168	1	0.45769	0.17059	1	0.46401	0.31810	1	0.46085	0.24434	1	0.47001	0.52901	11.77412	1.05115	1	0.73164	0.54982	11.96789	1.04349	1	-0.00733	-0.00845	0.67906	0.00234	1	0.05893	-0.01199	0.66323	0.00372	1	1.45898	0.81042	0	
1280190	8633.52344	3307134832629	0.46032	0.23059	8633.45703	0.06641	12168	1	0.45890	0.17798	1	0.46401	0.31810	1	0.46146	0.24804	1	0.47015	0.52909	11.78538	1.04349	1	0.73170	0.55012	11.94592	1.04349	1	-0.00733	-0.00845	0.67906	0.00234	1	0.06077	-0.01237	0.68453	0.00373	1	1.45898	0.81042	0	
1280191	8633.53027	3307134899847	0.46116	0.23285	8633.45703	0.07324	12168	1	0.47482	0.19835	1	0.46603	0.31706	1	0.47042	0.25770	1	0.46997	0.52905	11.80222	1.04349	1	0.73171	0.55001	12.18596	1.05115	1	-0.00733	-0.00845	0.67906	0.00231	1	0.06077	-0.01237	0.68453	0.00376	1	1.45898	0.81042	0	
1280192	8633.53711	3307134967086	0.46195	0.23299	8633.45703	0.08008	12168	1	0.47541	0.16276	1	0.46748	0.30659	1	0.47144	0.23468	1	0.47005	0.52913	11.59532	1.05115	1	0.73170	0.54991	11.94576	1.05881	1	-0.00733	-0.00845	0.67906	0.00230	1	0.06077	-0.01237	0.68453	0.00379	1	1.45898	0.81042	0	
1280193	8633.54395	3307135034715	0.46261	0.23235	8633.45703	0.08691	12168	1	0.47431	0.15532	1	0.46797	0.29279	1	0.47114	0.22406	1	0.46998	0.52916	11.83212	1.05881	1	0.73154	0.55018	12.21893	1.07515	1	-0.00733	-0.00845	0.67906	0.00230	1	0.06289	-0.01279	0.70777	0.00378	1	1.45898	0.81042	0	
1280194	8633.55078	3307135100623	0.46157	0.23113	8633.45703	0.09375	12168	1	0.47579	0.14122	1	0.41824	0.28703	1	0.44702	0.21413	1	0.47002	0.52903	11.65683	1.07515	1	0.73088	0.55050	12.17428	1.08383	1	-0.00733	-0.00845	0.67906	0.00239	1	0.06289	-0.01279	0.70777	0.00386	1	1.45898	0.81042	0	
1280195	8633.55762	3307135167478	0.46128	0.23020	8633.45703	0.10059	12168	1	0.47177	0.15539	1	0.44222	0.27704	1	0.45699	0.21621	1	0.47003	0.52916	11.98518	1.08383	1	0.73135	0.55021	11.86208	1.09251	1	-0.00733	-0.00845	0.67906	0.00233	1	0.06289	-0.01279	0.70777	0.00390	1	1.45898	0.81042	0	
1280196	8633.56348	3307135234489	0.46099	0.22914	8633.45703	0.10645	12168	1	0.47053	0.14715	1	0.44222	0.27704	1	0.45638	0.21209	1	0.46993	0.52922	11.58391	1.09251	1	0.73110	0.55069	12.96575	1.09251	1	-0.00733	-0.00845	0.67906	0.00233	1	0.06179	-0.01263	0.69603	0.00378	1	1.45898	0.81042	0	
1280197	8633.57031	3307135301493	0.45994	0.22833	8633.45703	0.11328	12168	1	0.45868	0.14018	1	0.42540	0.28892	1	0.44204	0.21455	1	0.46987	0.52912	11.39272	1.09251	1	0.73110	0.55061	12.85959	1.08383	1	-0.00733	-0.00845	0.67906	0.00233	1	0.06179	-0.01263	0.69603	0.00367	1	1.45898	0.81042	0	
1280198	8633.57715	3307135368245	0.45928	0.22977	8633.45703	0.12012	12168	1	0.47824	0.15224	1	0.41660	0.35941	1	0.44742	0.25583	1	0.47004	0.52920	11.54458	1.08383	1	0.73095	0.55056	12.59871	1.07515	1	-0.00733	-0.00845	0.67906	0.00232	1	0.06179	-0.01263	0.69603	0.00378	1	1.45898	0.81042	0	
1280199	8633.58398	3307135435375	0.45872	0.23128	8633.45703	0.12695	12168	1	0.47943	0.16050	1	0.41660	0.35941	1	0.44801	0.25996	1	0.47015	0.52905	11.77479	1.07515	1	0.73157	0.55025	12.08314	1.07515	1	-0.00733	-0.00845	0.67906	0.00231	1	0.06140	-0.01256	0.69215	0.00378	1	1.45898	0.81042	0	
1280200	8633.59082	3307135501883	0.45898	0.23049	8633.45703	0.13379	12168	1	0.46667	0.13346	1	0.46175	0.29572	1	0.46421	0.21459	1	0.47033	0.52899	11.83556	1.07515	1	0.73163	0.55017	12.00496	1.08383	1	-0.00733	-0.00845	0.67906	0.00229	1	0.06140	-0.01256	0.69215	0.00377	1	1.45898	0.81042	0	
1280201	8633.59766	3307135569797	0.45907	0.22918	8633.45703	0.14062	12168	1	0.46264	0.15612	1	0.45949	0.24735	1	0.46106	0.20173	1	0.47042	0.52886	12.07469	1.08383	1	0.73157	0.55017	12.18299	1.09251	1	-0.00733	-0.00845	0.67906	0.00233	1	0.06140	-0.01256	0.69215	0.00367	1	1.45898	0.81042	0	
1280202	8633.60449	3307135635905	0.45911	0.22745	8633.45703	0.14746	12168	1	0.45999	0.13926	1	0.45969	0.23942	1	0.45984	0.18934	1	0.47092	0.52841	11.67627	1.10160	1	0.73198	0.54867	12.67238	1.10160	1	-0.00741	-0.00867	0.70068	0.00238	1	0.06038	-0.01222	0.67899	0.00410	1	1.45898	0.81042	0	
1280203	8633.61035	3307135702968	0.46045	0.22236	8633.45703	0.15332	12168	1	0.49746	0.08763	1	0.48505	0.12320	1	0.49126	0.10542	1	0.47090	0.52839	11.72976	1.11068	1	0.73196	0.54857	12.77223	1.10200	1	-0.00741	-0.00867	0.70068	0.00236	1	0.06038	-0.01222	0.67899	0.00409	1	1.45898	0.81042	0	
1280204	8633.61719	3307135771510	0.46180	0.21961	8633.45703	0.16016	12168	1	0.50105	0.07825	1	0.48762	0.22856	1	0.49434	0.15340	1	0.47087	0.52848	11.45635	1.11109	1	0.73201	0.54943	12.64671	1.10241	1	-0.00741	-0.00867	0.70068	0.00237	1	0.06038	-0.01222	0.67899	0.00382	1	1.45898	0.81042	0	
1280205	8633.62402	3307135835008	0.46305	0.21704	8633.45703	0.16699	12168	1	0.50101	0.07784	1	0.48764	0.22820	1	0.49432	0.15302	1	0.47079	0.52858	11.48680	1.11149	1	0.73140	0.54941	12.24886	1.10281	1	-0.00759	-0.00881	0.70758	0.00233	1	0.06070	-0.01234	0.68260	0.00384	1	1.45898	0.81042	0	
1280206	8633.63086	3307135901084	0.46385	0.21431	8633.45703	0.17383	12168	1	0.49644	0.06555	1	0.47261	0.22069	1	0.48453	0.14312	1	0.47085	0.52873	11.85041	1.10281	1	0.73176	0.54934	12.63864	1.10281	1	-0.00759	-0.00881	0.70758	0.00232	1	0.06070	-0.01234	0.68260	0.00377	1	1.45898	0.81042	0	
1280207	8633.63770	3307135968828	0.46434	0.21175	8633.45703	0.18066	12168	1	0.49980	0.08484	1	0.45549	0.20041	1	0.47764	0.14262	1	0.47084	0.52868	11.45883	1.10281	1	0.73142	0.54925	12.12967	1.10281	1	-0.00759	-0.00881	0.70758	0.00239	1	0.06070	-0.01234	0.68260	0.00393	1	1.45898	0.81042	0	
1280208	8633.64355	3307136035463	0.47024	0.18174	8633.45703	0.18066	12168	0	0.50087	0.09388	1	0.45548	0.20078	1	0.47818	0.14733	1	0.47058	0.52877	11.94984	1.09373	1	0.73157	0.54977	12.38364	1.10241	1	-0.00733	-0.00845	0.67906	0.00237	1	0.06140	-0.01246	0.69215	0.00395	1	1.45898	0.81042	0	
1280209	8633.65039	3307136103108	0.47636	0.19410	8633.45703	0.18066	12168	0	0.48044	0.09150	1	0.48452	0.32140	1	0.48248	0.20645	1	0.47063	0.52873	11.50381	1.09332	1	0.73157	0.54977	12.38364	1.10200	1	-0.00733	-0.00845	0.67906	0.00244	1	0.06140	-0.01246	0.69215	0.00395	1	1.45898	0.81042	0	
1280210	8633.65723	3307136168689	0.48245	0.19741	8633.45703	0.18066	12168	0	0.51406	0.09862	1	0.47518	0.30948	1	0.49462	0.20405	1	0.47065	0.52876	11.61483	1.09292	1	0.73148	0.54967	12.04787	1.10160	1	-0.00733	-0.00845	0.67906	0.00237	1	0.06140	-0.01246	0.69215	0.00399	1	1.45898	0.81042	0	
1280211	8633.66406	3307136235343	0.48545	0.20004	8633.64355	0.02051	12169	1	0.51411	0.09902	1	0.47485	0.31684	1	0.49448	0.20793	1	0.47028	0.52909	11.99355	1.09251	1	0.73157	0.54947	11.84120	1.09251	1	-0.00733	-0.00845	0.67906	0.00235	1	0.06047	-0.01233	0.68232	0.00405	1	1.45898	0.81042	0	
1280212	8633.67090	3307136302446	0.48860	0.19588	8633.64355	0.02734	12169	1	0.48665	0.12870	1	0.51574	0.22972	1	0.50120	0.17921	1	0.47035	0.52898	11.96169	1.09251	1	0.73173	0.54971	12.14722	1.08383	1	-0.00733	-0.00845	0.67906	0.00228	1	0.06047	-0.01233	0.68232	0.00399	1	1.45898	0.81042	0	
1280213	8633.67773	3307136368661	0.48959	0.19575	8633.64355	0.03418	12169	1	0.48323	0.12650	1	0.50584	0.26375	1	0.49453	0.19512	1	0.47027	0.52904	11.83792	1.08383	1	0.73152	0.54977	12.21246	1.07515	1	-0.00733	-0.00845	0.67906	0.00236	1	0.06047	-0.01233	0.68232	0.00391	1	1.45898	0.81042	0	
1280214	8633.68457	3307136437995	0.49034	0.19681	8633.64355	0.04102	12169	1	0.48439	0.13496	1	0.50528	0.27134	1	0.49483	0.20315	1	0.47028	0.52903	11.85103	1.07515	1	0.73143	0.55004	12.18853	1.06647	1	-0.00732	-0.00854	0.67797	0.00235	1	0.06047	-0.01238	0.68232	0.00376	1	1.45898	0.81042	0	
1280215	8633.69141	3307136504467	0.49090	0.19738	8633.64355	0.04785	12169	1	0.50739	0.09871	1	0.48225	0.30413	1	0.49482	0.20142	1	0.47026	0.52908	11.81852	1.06647	1	0.73116	0.55025	13.02726	1.06647	1	-0.00732	-0.00854	0.67797	0.00232	1	0.06047	-0.01238	0.68232	0.00373	1	1.45898	0.81042	0	
1280216	8633.69824	3307136574065	0.49258	0.19788	8633.64355	0.05469	12169	1	0.51546	0.10362	1	0.49662	0.30014	1	0.50604	0.20188	1	0.47026	0.52908	11.82682	1.06647	1	0.73137	0.55023	12.25490	1.06647	1	-0.00732	-0.00854	0.67797	0.00231	1	0.06047	-0.01238	0.68232	0.00377	1	1.45898	0.81042	0	
1280217	8633.70508	3307136641187	0.49393	0.19828	8633.64355	0.06152	12169	1	0.51546	0.10362	1	0.49662	0.30014	1	0.50604	0.20188	1	0.47019	0.52913	11.74138	1.06647	1	0.73090	0.55027	13.03633	1.06647	1	-0.00732	-0.00854	0.67797	0.00234	1	0.06047	-0.01244	0.68232	0.00372	1	1.45898	0.81042	0	
1280218	8633.71094	3307136703943	0.49356	0.19819	8633.64355	0.06738	12169	1	0.51195	0.12807	1	0.46790	0.26651	1	0.48993	0.19729	1	0.47023	0.52924	11.56898	1.06647	1	0.73090	0.54995	12.85648	1.06647	1	-0.00732	-0.00854	0.67797	0.00234	1	0.06047	-0.01244	0.68232	0.00384	1	1.45898	0.81042	0	
1280219	8633.71777	3307136772218	0.49318	0.19791	8633.64355	0.07422	12169	1	0.50645	0.11892	1	0.47147	0.27071	1	0.48896	0.19482	1	0.47017	0.52910	11.97054	1.06647	1	0.73094	0.55005	12.96142	1.06647	1	-0.00732	-0.00854	0.67797	0.00235	1	0.06047	-0.01244	0.68232	0.00381	1	1.45898	0.81042	0	
1280220	8633.72461	3307136838128	0.49286	0.19767	8633.64355	0.08105	12169	1	0.50645	0.11892	1	0.47147	0.27071	1	0.48896	0.19482	1	0.47018	0.52904	11.97269	1.06647	1	0.73101	0.55024	13.13611	1.06647	1	-0.00732	-0.00854	0.67797	0.00231	1	0.06047	-0.01238	0.68232	0.00370	1	1.45898	0.81042	0	
1280221	8633.73145	3307136906624	0.49272	0.19675	8633.64355	0.08789	12169	1	0.51327	0.09498	1	0.46876	0.27464	1	0.49102	0.18481	1	0.47021	0.52912	12.09335	1.06647	1	0.73098	0.55008	13.26930	1.06647	1	-0.00732	-0.00854	0.67797	0.00232	1	0.06047	-0.01238	0.68232	0.00371	1	1.45898	0.81042	0	
1280222	8633.73828	3307136974346	0.49220	0.19797	8633.64355	0.09473	12169	1	0.50537	0.11549	1	0.46427	0.31460	1	0.48482	0.21505	1	0.47021	0.52919	11.64287	1.06647	1	0.73097	0.55026	13.20848	1.06647	1	-0.00732	-0.00854	0.67797	0.00230	1	0.06047	-0.01238	0.68232	0.00372	1	1.45898	0.81042	0	
1280223	8633.74414	3307137040087	0.49171	0.19852	8633.64355	0.10059	12169	1	0.50430	0.10640	1	0.46452	0.30706	1	0.48441	0.20673	1	0.47018	0.52915	11.82623	1.07556	1	0.73092	0.55034	13.24746	1.07556	1	-0.00768	-0.00890	0.70655	0.00235	1	0.06047	-0.01244	0.68232	0.00373	1	1.45898	0.81042	0	
1280224	8633.75098	3307137106180	0.49156	0.19682	8633.64355	0.10742	12169	1	0.50866	0.07744	1	0.46947	0.26164	1	0.48907	0.16954	1	0.47020	0.52899	11.88931	1.08464	1	0.73104	0.55015	12.92287	1.08464	1	-0.00768	-0.00890	0.70655	0.00233	1	0.06047	-0.01244	0.68232	0.00378	1	1.45898	0.81042	0	
1280225	8633.75781	3307137173623	0.49135	0.19514	8633.64355	0.11426	12169	1	0.50738	0.07630	1	0.46843	0.25696	1	0.48791	0.16663	1	0.47021	0.52909	11.81450	1.09373	1	0.73093	0.55016	13.35403	1.09373	1	-0.00768	-0.00890	0.70655	0.00233	1	0.06047	-0.01244	0.68232	0.00374	1	1.45898	0.81042	0	
1280226	8633.76465	3307137241483	0.49117	0.19364	8633.64355	0.12109	12169	1	0.50738	0.07630	1	0.46843	0.25696	1	0.48791	0.16663	1	0.47022	0.52919	11.64215	1.09373	1	0.73109	0.55032	13.13518	1.09373	1	-0.00732	-0.00854	0.67797	0.00230	1	0.06047	-0.01244	0.68232	0.00370	1	1.45898	0.81042	0	
1280227	8633.77148	3307137310937	0.49063	0.19359	8633.64355	0.12793	12169	1	0.50529	0.08631	1	0.45544	0.29880	1	0.48036	0.19256	1	0.47023	0.52919	11.51088	1.08464	1	0.73069	0.55028	12.43265	1.08464	1	-0.00732	-0.00854	0.67797	0.00238	1	0.06047	-0.01244	0.68232	0.00377	1	1.45898	0.81042	0	
1280228	8633.77832	3307137378055	0.49054	0.19401	8633.64355	0.13477	12169	1	0.50528	0.10787	1	0.47196	0.29722	1	0.48862	0.20255	1	0.47020	0.52925	11.49802	1.07556	1	0.73097	0.55021	12.83956	1.07556	1	-0.00732	-0.00854	0.67797	0.00229	1	0.06047	-0.01244	0.68232	0.00379	1	1.45898	0.81042	0	
1280229	8633.78516	3307137443194	0.49047	0.19478	8633.64355	0.14160	12169	1	0.50634	0.11694	1	0.47166	0.30486	1	0.48900	0.21090	1	0.47027	0.52914	11.89937	1.06647	1	0.73099	0.55007	12.75615	1.06647	1	-0.00732	-0.00854	0.67797	0.00232	1	0.06047	-0.01249	0.68232	0.00381	1	1.45898	0.81042	0	
1280230	8633.79199	3307137511853	0.49055	0.19464	8633.64355	0.14844	12169	1	0.51055	0.11996	1	0.47407	0.26310	1	0.49231	0.19153	1	0.47030	0.52919	11.71537	1.06647	1	0.73100	0.55005	13.05240	1.06647	1	-0.00732	-0.00854	0.67797	0.00232	1	0.06047	-0.01249	0.68232	0.00380	1	1.45898	0.81042	0	
1280231	8633.79883	3307137578804	0.49064	0.19495	8633.64355	0.15527	12169	1	0.51831	0.11907	1	0.46715	0.28523	1	0.49273	0.20215	1	0.47027	0.52914	11.89937	1.06647	1	0.73091	0.54995	12.91164	1.06647	1	-0.00732	-0.00854	0.67797	0.00232	1	0.06047	-0.01249	0.68232	0.00382	1	1.45898	0.81042	0	
1280232	8633.80469	3307137645600	0.49072	0.19524	8633.64355	0.16113	12169	1	0.51831	0.11907	1	0.46715	0.28523	1	0.49273	0.20215	1	0.47024	0.52926	11.57339	1.06647	1	0.73089	0.54999	12.93794	1.06647	1	-0.00732	-0.00854	0.67797	0.00237	1	0.06047	-0.01244	0.68232	0.00384	1	1.45898	0.81042	0	
1280233	8633.81152	3307137712950	0.49073	0.19528	8633.64355	0.16797	12169	1	0.50732	0.12153	1	0.47442	0.27085	1	0.49087	0.19619	1	0.47025	0.52926	11.65494	1.06647	1	0.73099	0.55014	13.04226	1.06647	1	-0.00732	-0.00854	0.67797	0.00251	1	0.06047	-0.01244	0.68232	0.00378	1	1.45898	0.81042	0	
1280234	8633.81836	3307137780228	0.49084	0.19640	8633.64355	0.17480	12169	1	0.51363	0.13700	1	0.47395	0.31418	1	0.49379	0.22559	1	0.47028	0.52925	11.63453	1.06647	1	0.73102	0.55036	13.24618	1.06647	1	-0.00732	-0.00854	0.67797	0.00234	1	0.06047	-0.01244	0.68232	0.00371	1	1.45898	0.81042	0	
1280235	8633.82520	3307137846839	0.49094	0.19744	8633.64355	0.18164	12169	1	0.51363	0.13700	1	0.47395	0.31418	1	0.49379	0.22559	1	0.47035	0.52906	11.62169	1.06647	1	0.73142	0.55025	12.39702	1.06647	1	-0.00732	-0.00854	0.67797	0.00229	1	0.06047	-0.01244	0.68232	0.00378	1	1.45898	0.81042	0	
1280236	8633.83203	3307137913772	0.49115	0.19738	8633.64355	0.18848	12169	1	0.50974	0.07909	1	0.48424	0.31247	1	0.49699	0.19578	1	0.47031	0.52897	11.80333	1.06647	1	0.73128	0.55036	12.87501	1.06647	1	-0.00732	-0.00854	0.67797	0.00229	1	0.06047	-0.01244	0.68232	0.00374	1	1.45898	0.81042	0	
1280237	8633.83887	3307137980872	0.49141	0.19721	8633.64355	0.19531	12169	1	0.50961	0.11232	1	0.48830	0.27217	1	0.49896	0.19224	1	0.47023	0.52906	11.88965	1.06647	1	0.73133	0.55003	12.04162	1.06647	1	-0.00732	-0.00854	0.67797	0.00232	1	0.06047	-0.01244	0.68232	0.00381	1	1.45898	0.81042	0	
1280238	8633.84473	3307138046069	0.49166	0.19705	8633.64355	0.20117	12169	1	0.50961	0.11232	1	0.48830	0.27217	1	0.49896	0.19224	1	0.47033	0.52915	11.73194	1.06647	1	0.73148	0.55013	12.32196	1.06647	1	-0.00732	-0.00854	0.67797	0.00237	1	0.06047	-0.01238	0.68232	0.00383	1	1.45898	0.81042	0	
1280239	8633.85156	3307138113259	0.49219	0.19812	8633.64355	0.20801	12169	1	0.52597	0.16063	1	0.49117	0.30178	1	0.50857	0.23120	1	0.47043	0.52918	11.48414	1.06647	1	0.73137	0.55024	12.73606	1.06647	1	-0.00732	-0.00854	0.67797	0.00246	1	0.06047	-0.01238	0.68232	0.00377	1	1.45898	0.81042	0	
1280240	8633.85840	3307138181563	0.49209	0.19771	8633.64355	0.21484	12169	1	0.50738	0.11603	1	0.47057	0.25312	1	0.48898	0.18457	1	0.47027	0.52924	11.63398	1.06647	1	0.73099	0.54972	12.89577	1.06647	1	-0.00732	-0.00854	0.67797	0.00234	1	0.06047	-0.01238	0.68232	0.00404	1	1.45898	0.81042	0	
1280241	8633.86523	3307138248724	0.49200	0.19732	8633.64355	0.22168	12169	1	0.50738	0.11603	1	0.47057	0.25312	1	0.48898	0.18457	1	0.47029	0.52921	11.69813	1.06647	1	0.73121	0.54899	12.42424	1.06647	1	-0.00732	-0.00854	0.67797	0.00233	1	0.06047	-0.01238	0.68232	0.00416	1	1.45898	0.81042	0	
1280242	8633.87207	3307138315687	0.49239	0.19700	8633.64355	0.22852	12169	1	0.51311	0.11595	1	0.49845	0.25575	1	0.50578	0.18585	1	0.47036	0.52920	11.61522	1.06647	1	0.73144	0.54975	12.50675	1.06647	1	-0.00732	-0.00854	0.67797	0.00237	1	0.06047	-0.01238	0.68232	0.00395	1	1.45898	0.81042	0	
1280243	8633.87891	3307138383550	0.49292	0.19587	8633.64355	0.23535	12169	1	0.51585	0.12669	1	0.50695	0.18613	1	0.51140	0.15641	1	0.47034	0.52923	11.52461	1.06647	1	0.73153	0.54920	11.93504	1.06647	1	-0.00732	-0.00854	0.67797	0.00239	1	0.06047	-0.01238	0.68232	0.00420	1	1.45898	0.81042	0	
1280244	8633.88574	3307138448998	0.49342	0.19480	8633.64355	0.24219	12169	1	0.51585	0.12669	1	0.50695	0.18613	1	0.51140	0.15641	1	0.47040	0.52902	11.45327	1.06647	1	0.73159	0.55002	12.14999	1.06647	1	-0.00732	-0.00849	0.67797	0.00227	1	0.06047	-0.01238	0.68232	0.00382	1	1.45898	0.81042	0	
1280245	8633.89258	3307138517123	0.49365	0.19472	8633.64355	0.24902	12169	1	0.51585	0.10889	1	0.48838	0.27462	1	0.50211	0.19176	1	0.47025	0.52919	11.39922	1.06647	1	0.73134	0.55016	12.08665	1.06647	1	-0.00732	-0.00849	0.67797	0.00235	1	0.06047	-0.01238	0.68232	0.00378	1	1.45898	0.81042	0	
1280246	8633.89844	3307138583981	0.49397	0.19516	8633.64355	0.25488	12169	1	0.51561	0.15055	1	0.49721	0.27347	1	0.50641	0.21201	1	0.47036	0.52908	11.54792	1.06647	1	0.73148	0.54999	12.24004	1.06647	1	-0.00732	-0.00849	0.67797	0.00229	1	0.06047	-0.01238	0.68232	0.00378	1	1.45898	0.81042	0	
1280247	8633.90527	3307138650613	0.49428	0.19559	8633.64355	0.26172	12169	1	0.51561	0.15055	1	0.49721	0.27347	1	0.50641	0.21201	1	0.47027	0.52918	11.54791	1.06647	1	0.73152	0.54944	12.09119	1.06647	1	-0.00732	-0.00849	0.67797	0.00234	1	0.06047	-0.01244	0.68232	0.00402	1	1.45898	0.81042	0	
1280248	8633.91211	3307138717585	0.49440	0.19611	8633.64355	0.26855	12169	1	0.51303	0.14859	1	0.48491	0.28537	1	0.49897	0.21698	1	0.47032	0.52909	11.35651	1.06647	1	0.73128	0.55003	12.58234	1.06647	1	-0.00732	-0.00849	0.67797	0.00230	1	0.06047	-0.01244	0.68232	0.00383	1	1.45898	0.81042	0	
1280249	8633.91895	3307138784585	0.49439	0.19631	8633.64355	0.27539	12169	1	0.49270	0.15696	1	0.49551	0.25198	1	0.49410	0.20447	1	0.47038	0.52910	11.65130	1.06647	1	0.73138	0.54967	12.09673	1.06647	1	-0.00732	-0.00849	0.67797	0.00229	1	0.06047	-0.01244	0.68232	0.00397	1	1.45898	0.81042	0	
1280250	8633.92578	3307138851189	0.49439	0.19650	8633.64355	0.28223	12169	1	0.49270	0.15696	1	0.49551	0.25198	1	0.49410	0.20447	1	0.47032	0.52899	11.27135	1.06647	1	0.73119	0.54985	12.72190	1.06647	1	-0.00733	-0.00845	0.67906	0.00232	1	0.06047	-0.01228	0.68232	0.00393	1	1.45898	0.81042	0	
1280251	8633.93262	3307138918647	0.49452	0.19627	8633.64355	0.28906	12169	1	0.49839	0.14266	1	0.50229	0.23086	1	0.50034	0.18676	1	0.47041	0.52903	11.24928	1.06647	1	0.73151	0.54960	12.41656	1.06647	1	-0.00733	-0.00845	0.67906	0.00228	1	0.06047	-0.01228	0.68232	0.00386	1	1.45898	0.81042	0	
1280252	8633.93945	3307138985755	0.49414	0.19681	8633.64355	0.29590	12169	1	0.50662	0.12840	1	0.44820	0.31227	1	0.47741	0.22034	1	0.47052	0.52869	11.41314	1.06647	1	0.73095	0.54952	12.08121	1.06647	1	-0.00733	-0.00845	0.67906	0.00234	1	0.06047	-0.01228	0.68232	0.00381	1	1.45898	0.81042	0	
1280253	8633.94531	3307139052231	0.49378	0.19732	8633.64355	0.30176	12169	1	0.50662	0.12840	1	0.44820	0.31227	1	0.47741	0.22034	1	0.47053	0.52865	11.33815	1.06647	1	0.73157	0.54941	12.17926	1.06647	1	-0.00733	-0.00845	0.67906	0.00234	1	0.06047	-0.01228	0.68232	0.00396	1	1.45898	0.81042	0	
1280254	8633.95215	3307139119382	0.49368	0.19829	8633.64355	0.30859	12169	1	0.51053	0.12944	1	0.46824	0.35632	1	0.48939	0.24288	1	0.47061	0.52870	10.88516	1.06647	1	0.73138	0.54998	13.16011	1.06647	1	-0.00733	-0.00845	0.67906	0.00234	1	0.06047	-0.01228	0.68232	0.00380	1	1.45898	0.81042	0	
1280255	8633.95898	3307139186102	0.49360	0.19820	8633.64355	0.31543	12169	1	0.50808	0.11065	1	0.47090	0.27718	1	0.48949	0.19391	1	0.47056	0.52859	11.33812	1.06647	1	0.73140	0.54909	12.08011	1.06647	1	-0.00733	-0.00845	0.67906	0.00231	1	0.06047	-0.01228	0.68232	0.00397	1	1.45898	0.81042	0	
1280256	8633.96582	3307139253130	0.49400	0.19845	8633.64355	0.32227	12169	1	0.50808	0.11065	1	0.47090	0.27718	1	0.48949	0.19391	1	0.47063	0.52853	11.52078	1.06647	1	0.73152	0.54936	12.02617	1.06647	1	-0.00733	-0.00845	0.67906	0.00223	1	0.06047	-0.01228	0.68232	0.00403	1	1.45898	0.81042	0	
1280257	8633.97266	3307139320460	0.49396	0.19788	8633.64355	0.32910	12169	1	0.47645	0.09999	1	0.48488	0.25753	1	0.48066	0.17876	1	0.47057	0.52848	11.27226	1.06647	1	0.73162	0.54888	12.15416	1.06647	1	-0.00733	-0.00845	0.67906	0.00227	1	0.06047	-0.01228	0.68232	0.00372	1	1.45898	0.81042	0	
1280258	8633.97949	3307139387389	0.49379	0.19779	8633.64355	0.33594	12169	1	0.48900	0.14218	1	0.48379	0.25767	1	0.48640	0.19993	1	0.47063	0.52850	11.42517	1.06647	1	0.73149	0.54873	11.76118	1.06647	1	-0.00733	-0.00845	0.67906	0.00224	1	0.06047	-0.01228	0.68232	0.00372	1	1.45898	0.81042	0	
1280259	8633.98633	3307139454035	0.49362	0.19762	8633.64355	0.34277	12169	1	0.48900	0.14218	1	0.48379	0.25767	1	0.48640	0.19993	1	0.47066	0.52851	11.43382	1.06647	1	0.73154	0.54772	11.78109	1.06647	1	-0.00732	-0.00839	0.67797	0.00226	1	0.06047	-0.01228	0.68232	0.00405	1	1.45898	0.81042	0	
1280260	8633.99219	3307139521325	0.49319	0.19776	8633.64355	0.34863	12169	1	0.49117	0.13708	1	0.47039	0.23491	1	0.48078	0.18599	1	0.47066	0.52851	11.43382	1.06647	1	0.73141	0.54861	11.86821	1.06647	1	-0.00732	-0.00839	0.67797	0.00226	1	0.06047	-0.01228	0.68232	0.00375	1	1.45898	0.81042	0	
1280261	8633.99902	3307139588498	0.49295	0.19776	8633.64355	0.35547	12169	1	0.49115	0.12470	1	0.47478	0.26491	1	0.48296	0.19480	1	0.47057	0.52835	11.30518	1.06647	1	0.73140	0.54881	11.84279	1.06647	1	-0.00732	-0.00839	0.67797	0.00217	1	0.06047	-0.01228	0.68232	0.00386	1	1.45898	0.81042	0	
1280262	8634.00586	3307139655791	0.49270	0.19741	8633.64355	0.36230	12169	1	0.48997	0.11568	1	0.47511	0.25693	1	0.48254	0.18631	1	0.47081	0.52823	11.44183	1.07556	1	0.73117	0.54903	12.51497	1.07556	1	-0.00748	-0.00870	0.70713	0.00225	1	0.06047	-0.01228	0.68232	0.00380	1	1.45898	0.81042	0	
1280263	8634.01270	3307139722355	0.49256	0.19693	8633.64355	0.36914	12169	1	0.49964	0.08600	1	0.47705	0.27130	1	0.48835	0.17865	1	0.47131	0.52751	7.75144	1.08464	1	0.73109	0.54953	11.18381	1.08464	1	-0.00748	-0.00870	0.70713	0.00192	1	0.06047	-0.01228	0.68232	0.00366	1	1.45898	0.81042	0	
1280264	8634.01953	3307139789281	0.49244	0.19303	8633.64355	0.37598	12169	1	0.47570	-0.01521	1	0.52496	0.04463	1	0.50033	0.01471	1	0.47103	0.52622	7.84085	1.09373	1	0.73185	0.54582	8.85289	1.09373	1	-0.00748	-0.00870	0.70713	0.00150	1	0.06047	-0.01228	0.68232	0.00214	1	1.45898	0.81042	0	
1280265	8634.02637	3307139856249	0.49244	0.19303	8633.64355	0.38281	12169	1	0.47570	-0.01521	0	0.52496	0.04463	0	0.50033	0.01471	0	0.47103	0.52622	7.84085	1.10281	0	0.73185	0.54582	8.85289	1.10281	0	-0.00748	-0.00870	0.70713	0.00150	1	0.06047	-0.01228	0.68232	0.00214	1	1.45898	0.81042	0	
1280266	8634.03223	3307139920110	0.49244	0.19303	8633.64355	0.38867	12169	1	0.47570	-0.01521	0	0.52496	0.04463	0	0.50033	0.01471	0	0.47103	0.52622	7.84085	1.10281	0	0.73185	0.54582	8.85289	1.10281	0	-0.00748	-0.00870	0.70713	0.00150	1	0.06047	-0.01228	0.68232	0.00214	1	1.45898	0.81042	0	
1280267	8634.04004	3307139991078	0.49244	0.19303	8633.64355	0.39648	12169	1	0.47570	-0.01521	0	0.52496	0.04463	0	0.50033	0.01471	0	0.47103	0.52622	7.84085	1.10281	0	0.73185	0.54582	8.85289	1.10281	0	-0.00748	-0.00870	0.70713	0.00150	1	0.06047	-0.01228	0.68232	0.00214	1	1.45898	0.81042	0	
1280268	8634.04590	3307140057331	0.48618	0.18251	8633.64355	0.39648	12169	0	0.47570	-0.01521	0	0.52496	0.04463	0	0.50033	0.01471	0	0.47103	0.52622	7.84085	1.10281	0	0.73185	0.54582	8.85289	1.10281	0	-0.00748	-0.00870	0.70713	0.00150	1	0.06047	-0.01228	0.68232	0.00214	1	1.45898	0.81042	0	
1280269	8634.05273	3307140124583	0.48618	0.18251	8633.64355	0.39648	12169	0	0.47570	-0.01521	0	0.52496	0.04463	0	0.50033	0.01471	0	0.47103	0.52622	7.84085	1.10281	0	0.73185	0.54582	8.85289	1.10281	0	-0.00748	-0.00870	0.70713	0.00150	1	0.06047	-0.01228	0.68232	0.00214	1	1.45898	0.81042	0	
1280270	8634.05957	3307140190208	0.48618	0.18251	8633.64355	0.39648	12169	0	0.47570	-0.01521	0	0.52496	0.04463	0	0.50033	0.01471	0	0.47103	0.52622	7.84085	1.10281	0	0.73185	0.54582	8.85289	1.10281	0	-0.00748	-0.00870	0.70713	0.00150	1	0.06047	-0.01228	0.68232	0.00214	1	1.45898	0.81042	0	
1280271	8634.06641	3307140258202	0.00000	0.00000	8633.64355	0.39648	12169	0	0.47570	-0.01521	0	0.52496	0.04463	0	0.50033	0.01471	0	0.47103	0.52622	7.84085	1.10281	0	0.73185	0.54582	8.85289	1.10281	0	-0.00748	-0.00870	0.70713	0.00150	1	0.06047	-0.01228	0.68232	0.00214	1	1.45898	0.81042	0	
1280272	8634.07324	3307140325244	0.00000	0.00000	8633.64355	0.39648	12169	0	0.47570	-0.01521	0	0.52496	0.04463	0	0.50033	0.01471	0	0.47103	0.52622	7.84085	1.10281	0	0.73185	0.54582	8.85289	1.10281	0	-0.00748	-0.00870	0.70713	0.00150	1	0.06047	-0.01228	0.68232	0.00214	1	1.45898	0.81042	0	
1280273	8634.08008	3307140393036	0.00000	0.00000	8633.64355	0.39648	12169	0	0.47570	-0.01521	0	0.52496	0.04463	0	0.50033	0.01471	0	0.47103	0.52622	7.84085	1.10281	0	0.73185	0.54582	8.85289	1.10281	0	-0.00748	-0.00870	0.70713	0.00150	1	0.06047	-0.01228	0.68232	0.00214	1	1.45898	0.81042	0	
1280274	8634.08691	3307140460166	0.00000	0.00000	8633.64355	0.39648	12169	0	0.47570	-0.01521	0	0.52496	0.04463	0	0.50033	0.01471	0	0.47103	0.52622	7.84085	1.10281	0	0.73185	0.54582	8.85289	1.10281	0	-0.00748	-0.00870	0.70713	0.00150	1	0.06047	-0.01228	0.68232	0.00214	1	1.45898	0.81042	0	
1280275	8634.09277	3307140526382	0.00000	0.00000	8633.64355	0.39648	12169	0	0.47570	-0.01521	0	0.52496	0.04463	0	0.50033	0.01471	0	0.47103	0.52622	7.84085	1.10281	0	0.73185	0.54582	8.85289	1.10281	0	-0.00748	-0.00870	0.70713	0.00150	1	0.06047	-0.01228	0.68232	0.00214	1	1.45898	0.81042	0	
1280276	8634.09961	3307140593142	0.00000	0.00000	8633.64355	0.39648	12169	0	0.47570	-0.01521	0	0.52496	0.04463	0	0.50033	0.01471	0	0.47103	0.52622	7.84085	1.10281	0	0.73185	0.54582	8.85289	1.10281	0	-0.00748	-0.00870	0.70713	0.00150	1	0.06047	-0.01228	0.68232	0.00214	1	1.45898	0.81042	0	
1280277	8634.10645	3307140659753	0.00000	0.00000	8633.64355	0.39648	12169	0	0.47570	-0.01521	0	0.52496	0.04463	0	0.50033	0.01471	0	0.47103	0.52622	7.84085	1.10281	0	0.73185	0.54582	8.85289	1.10281	0	-0.00748	-0.00870	0.70713	0.00150	1	0.06047	-0.01228	0.68232	0.00214	1	1.45898	0.81042	0	
1280278	8634.11328	3307140727856	0.00000	0.00000	8633.64355	0.39648	12169	0	0.47570	-0.01521	0	0.52496	0.04463	0	0.50033	0.01471	0	0.47103	0.52622	7.84085	1.10281	0	0.73185	0.54582	8.85289	1.10281	0	-0.00748	-0.00870	0.70713	0.00150	1	0.06047	-0.01228	0.68232	0.00214	1	1.45898	0.81042	0	
1280279	8634.11914	3307140790091	0.00000	0.00000	8633.64355	0.39648	12169	0	0.47570	-0.01521	0	0.52496	0.04463	0	0.50033	0.01471	0	0.47103	0.52622	7.84085	1.10281	0	0.73185	0.54582	8.85289	1.10281	0	-0.00748	-0.00870	0.70713	0.00150	1	0.06047	-0.01228	0.68232	0.00214	1	1.45898	0.81042	0	
1280280	8634.12695	3307140861507	0.00000	0.00000	8633.64355	0.39648	12169	0	0.47570	-0.01521	0	0.52496	0.04463	0	0.50033	0.01471	0	0.47103	0.52622	7.84085	1.10281	0	0.73185	0.54582	8.85289	1.10281	0	-0.00748	-0.00870	0.70713	0.00150	1	0.06047	-0.01228	0.68232	0.00214	1	1.45898	0.81042	0	
1280281	8634.13281	3307140926547	0.00000	0.00000	8633.64355	0.39648	12169	0	0.47570	-0.01521	0	0.52496	0.04463	0	0.50033	0.01471	0	0.47103	0.52622	7.84085	1.10281	0	0.73185	0.54582	8.85289	1.10281	0	-0.00748	-0.00870	0.70713	0.00150	1	0.06047	-0.01228	0.68232	0.00214	1	1.45898	0.81042	0	
1280282	8634.13965	3307140990094	0.00000	0.00000	8633.64355	0.39648	12169	0	0.47570	-0.01521	0	0.52496	0.04463	0	0.50033	0.01471	0	0.47103	0.52622	7.84085	1.10281	0	0.73185	0.54582	8.85289	1.10281	0	-0.00748	-0.00870	0.70713	0.00150	1	0.06047	-0.01228	0.68232	0.00214	1	1.45898	0.81042	0	
1280283	8634.14648	3307141060266	0.00000	0.00000	8633.64355	0.39648	12169	0	0.47570	-0.01521	0	0.52496	0.04463	0	0.50033	0.01471	0	0.47103	0.52622	7.84085	1.10281	0	0.73185	0.54582	8.85289	1.10281	0	-0.00748	-0.00870	0.70713	0.00150	1	0.06047	-0.01228	0.68232	0.00214	1	1.45898	0.81042	0	
1280284	8634.15332	3307141126474	0.00000	0.00000	8633.64355	0.39648	12169	0	0.47570	-0.01521	0	0.52496	0.04463	0	0.50033	0.01471	0	0.47103	0.52622	7.84085	1.10281	0	0.73185	0.54582	8.85289	1.10281	0	-0.00748	-0.00870	0.70713	0.00150	1	0.06047	-0.01228	0.68232	0.00214	1	1.45898	0.81042	0	
1280285	8634.16016	3307141192718	0.00000	0.00000	8633.64355	0.39648	12169	0	0.47570	-0.01521	0	0.52496	0.04463	0	0.50033	0.01471	0	0.47103	0.52622	7.84085	1.10281	0	0.73185	0.54582	8.85289	1.10281	0	-0.00748	-0.00870	0.70713	0.00150	1	0.06047	-0.01228	0.68232	0.00214	1	1.45898	0.81042	0	
1280286	8634.16699	3307141260820	0.00000	0.00000	8633.64355	0.39648	12169	0	0.47570	-0.01521	0	0.52496	0.04463	0	0.50033	0.01471	0	0.47103	0.52622	7.84085	1.10281	0	0.73185	0.54582	8.85289	1.10281	0	-0.00748	-0.00870	0.70713	0.00150	1	0.06047	-0.01228	0.68232	0.00214	1	1.45898	0.81042	0	
1280287	8634.17285	3307141327336	0.00000	0.00000	8633.64355	0.39648	12169	0	0.47570	-0.01521	0	0.52496	0.04463	0	0.50033	0.01471	0	0.47103	0.52622	7.84085	1.10281	0	0.73185	0.54582	8.85289	1.10281	0	-0.00748	-0.00870	0.70713	0.00150	1	0.06047	-0.01228	0.68232	0.00214	1	1.45898	0.81042	0	
1280288	8634.17969	3307141392694	0.00000	0.00000	8633.64355	0.39648	12169	0	0.47570	-0.01521	0	0.52496	0.04463	0	0.50033	0.01471	0	0.47103	0.52622	7.84085	1.10281	0	0.73185	0.54582	8.85289	1.10281	0	-0.00748	-0.00870	0.70713	0.00150	1	0.06047	-0.01228	0.68232	0.00214	1	1.45898	0.81042	0	
1280289	8634.18652	3307141462536	0.00000	0.00000	8633.64355	0.39648	12169	0	0.47570	-0.01521	0	0.52496	0.04463	0	0.50033	0.01471	0	0.47103	0.52622	7.84085	1.10281	0	0.73185	0.54582	8.85289	1.10281	0	-0.00748	-0.00870	0.70713	0.00150	1	0.06047	-0.01228	0.68232	0.00214	1	1.45898	0.81042	0	
1280290	8634.19336	3307141527240	0.00000	0.00000	8633.64355	0.39648	12169	0	0.47570	-0.01521	0	0.52496	0.04463	0	0.50033	0.01471	0	0.47103	0.52622	7.84085	1.10281	0	0.73185	0.54582	8.85289	1.10281	0	-0.00748	-0.00870	0.70713	0.00150	1	0.06047	-0.01228	0.68232	0.00214	1	1.45898	0.81042	0	
1280291	8634.20020	3307141597830	0.00000	0.00000	8633.64355	0.39648	12169	0	0.47570	-0.01521	0	0.52496	0.04463	0	0.50033	0.01471	0	0.47103	0.52622	7.84085	1.10281	0	0.73185	0.54582	8.85289	1.10281	0	-0.00748	-0.00870	0.70713	0.00150	1	0.06047	-0.01228	0.68232	0.00214	1	1.45898	0.81042	0	
1280292	8634.20703	3307141664848	0.50003	0.01878	8633.64355	0.39648	12169	0	0.47570	-0.01521	1	0.52435	0.05277	1	0.50003	0.01878	1	0.47003	0.52764	10.58884	1.09373	1	0.73098	0.54898	11.23916	1.08607	1	-0.00740	-0.00816	0.67584	0.00210	1	0.05879	-0.01180	0.66388	0.00389	1	1.45898	0.81042	0	
1280293	8634.21582	3307141748873	0.50047	0.12362	8633.64355	0.39648	12169	0	0.49339	0.11097	1	0.50843	0.34593	1	0.50091	0.22845	1	0.46998	0.52733	10.31371	1.07698	1	0.73122	0.54879	11.72776	1.06932	1	-0.00740	-0.00816	0.67584	0.00215	1	0.05879	-0.01180	0.66388	0.00403	1	1.45898	0.81042	0	
1280294	8634.22070	3307141798721	0.50355	0.16649	8633.64355	0.39648	12169	0	0.51875	0.15257	1	0.50069	0.35189	1	0.50972	0.25223	1	0.46990	0.52761	10.52902	1.06024	1	0.73118	0.54873	11.94615	1.05258	1	-0.00740	-0.00816	0.67584	0.00215	1	0.05879	-0.01180	0.66388	0.00409	1	1.45898	0.81042	0	
1280295	8634.22656	3307141865393	0.50377	0.27764	8633.64355	0.39648	12169	0	0.51875	0.15257	0	0.50067	0.35222	1	0.50067	0.35222	1	0.46990	0.52761	10.52902	1.04349	0	0.46979	0.52758	10.58365	1.05217	1	-0.00740	-0.00816	0.67584	0.00215	1	-0.00775	-0.00837	0.69329	0.00218	1	1.45898	0.81042	0	
1280296	8634.23340	3307141932324	0.44681	0.21094	8633.64355	0.39648	12169	0	0.51875	0.15257	0	0.38986	0.14425	1	0.38986	0.14425	1	0.46990	0.52761	10.52902	1.05217	0	0.46994	0.52767	10.70776	1.06851	1	-0.00740	-0.00816	0.67584	0.00215	1	-0.00775	-0.00837	0.69329	0.00208	1	1.45898	0.81042	0	
1280297	8634.24023	3307141999818	0.42939	0.16489	8633.64355	0.39648	12169	0	0.51875	0.15257	0	0.39456	0.07278	1	0.39456	0.07278	1	0.46990	0.52761	10.52902	1.06851	0	0.46992	0.52752	10.91218	1.08485	1	-0.00740	-0.00816	0.67584	0.00215	1	-0.00775	-0.00837	0.69329	0.00213	1	1.45898	0.81042	0	
1280298	8634.24707	3307142066818	0.39290	0.09397	8633.64355	0.39648	12169	0	0.51875	0.15257	0	0.39430	0.06488	1	0.39430	0.06488	1	0.46990	0.52761	10.52902	1.08485	0	0.47018	0.53015	10.18439	1.09251	1	-0.00740	-0.00816	0.67584	0.00215	1	-0.00740	-0.00816	0.67584	0.00383	1	1.45898	0.81042	0	
1280299	8634.25391	3307142133671	0.40136	0.09172	8633.64355	0.39648	12169	0	0.51875	0.15257	0	0.40982	0.08946	1	0.40982	0.08946	1	0.46990	0.52761	10.52902	1.09251	0	0.47010	0.52765	10.92593	1.08383	1	-0.00740	-0.00816	0.67584	0.00215	1	-0.00740	-0.00816	0.67584	0.00220	1	1.45898	0.81042	0	
1280300	8634.26074	3307142198984	0.39353	0.09510	8633.64355	0.39648	12169	0	0.51875	0.15257	0	0.37787	0.10188	1	0.37787	0.10188	1	0.46990	0.52761	10.52902	1.08383	0	0.46994	0.52762	10.41036	1.07515	1	-0.00740	-0.00816	0.67584	0.00215	1	-0.00740	-0.00816	0.67584	0.00220	1	1.45898	0.81042	0	
1280301	8634.26758	3307142268518	0.38961	0.09680	8634.24707	0.02051	12170	1	0.51875	0.15257	0	0.37787	0.10188	1	0.37787	0.10188	1	0.46990	0.52761	10.52902	1.07515	0	0.46984	0.52757	10.32828	1.07515	1	-0.00740	-0.00816	0.67584	0.00215	1	-0.00776	-0.00845	0.70426	0.00216	1	1.45898	0.81042	0	
1280302	8634.27441	3307142335621	0.39231	0.09419	8634.24707	0.02734	12170	1	0.51875	0.15257	0	0.40310	0.08378	1	0.40310	0.08378	1	0.46990	0.52761	10.52902	1.07515	0	0.46995	0.52770	10.53161	1.08383	1	-0.00740	-0.00816	0.67584	0.00215	1	-0.00776	-0.00845	0.70426	0.00228	1	1.45898	0.81042	0	
1280303	8634.28027	3307142401503	0.39104	0.08873	8634.24707	0.03320	12170	1	0.51875	0.15257	0	0.38469	0.06142	1	0.38469	0.06142	1	0.46990	0.52761	10.52902	1.08383	0	0.46983	0.52742	10.40046	1.09251	1	-0.00740	-0.00816	0.67584	0.00215	1	-0.00776	-0.00845	0.70426	0.00223	1	1.45898	0.81042	0	
1280304	8634.28711	3307142468766	0.39008	0.08355	8634.24707	0.04004	12170	1	0.51875	0.15257	0	0.38432	0.05245	1	0.38432	0.05245	1	0.46990	0.52761	10.52902	1.09251	0	0.46986	0.52758	10.31199	1.10119	1	-0.00740	-0.00816	0.67584	0.00215	1	-0.00762	-0.00835	0.69112	0.00228	1	1.45898	0.81042	0	
1280305	8634.29395	3307142535957	0.38863	0.07806	8634.24707	0.04688	12170	1	0.51875	0.15257	0	0.37847	0.03966	1	0.37847	0.03966	1	0.46990	0.52761	10.52902	1.10119	0	0.47000	0.52747	10.59166	1.10119	1	-0.00740	-0.00816	0.67584	0.00215	1	-0.00762	-0.00835	0.69112	0.00221	1	1.45898	0.81042	0	
1280306	8634.30078	3307142602914	0.38806	0.07598	8634.24707	0.05371	12170	1	0.51875	0.15257	0	0.38355	0.05932	1	0.38355	0.05932	1	0.46990	0.52761	10.52902	1.10119	0	0.47011	0.52761	10.99807	1.10119	1	-0.00740	-0.00816	0.67584	0.00215	1	-0.00762	-0.00835	0.69112	0.00216	1	1.45898	0.81042	0	
1280307	8634.30762	3307142668046	0.39412	0.07692	8634.24707	0.06055	12170	1	0.51334	0.10404	1	0.38386	0.06678	1	0.44860	0.08541	1	0.47000	0.52747	10.59166	1.11028	1	0.73087	0.54901	11.19481	1.09394	1	-0.00762	-0.00835	0.69112	0.00222	1	0.05879	-0.01180	0.66388	0.00402	1	1.45898	0.81042	0	
1280308	8634.31445	3307142736425	0.40221	0.09034	8634.24707	0.06738	12170	1	0.49049	0.09116	1	0.47568	0.35790	1	0.48309	0.22453	1	0.47001	0.52738	11.26833	1.10302	1	0.73073	0.54904	11.65734	1.08668	1	-0.00762	-0.00835	0.69112	0.00222	1	0.05879	-0.01180	0.66388	0.00424	1	1.45898	0.81042	0	
1280309	8634.32129	3307142803641	0.40775	0.10212	8634.24707	0.07422	12170	1	0.48558	0.09928	1	0.45189	0.36404	1	0.46874	0.23166	1	0.46981	0.52734	10.71436	1.09577	1	0.73072	0.54904	11.60797	1.07943	1	-0.00762	-0.00835	0.69112	0.00216	1	0.05879	-0.01180	0.66388	0.00424	1	1.45898	0.81042	0	
1280310	8634.32715	3307142870526	0.41252	0.11271	8634.24707	0.08008	12170	1	0.48771	0.11545	1	0.45189	0.36404	1	0.46980	0.23974	1	0.46994	0.52768	11.00417	1.07943	1	0.73117	0.54877	12.11353	1.07943	1	-0.00740	-0.00811	0.67584	0.00214	1	0.06242	-0.01253	0.70482	0.00413	1	1.45898	0.81042	0	
1280311	8634.33398	3307142937469	0.41929	0.12054	8634.24707	0.08691	12170	1	0.50188	0.13150	1	0.51260	0.31331	1	0.50724	0.22241	1	0.47004	0.52749	11.07483	1.07034	1	0.73132	0.54855	12.00509	1.08668	1	-0.00740	-0.00811	0.67584	0.00221	1	0.06242	-0.01253	0.70482	0.00423	1	1.45898	0.81042	0	
1280312	8634.34082	3307143003923	0.42525	0.12767	8634.24707	0.09375	12170	1	0.50301	0.12462	1	0.51441	0.33035	1	0.50871	0.22748	1	0.47006	0.52755	10.89857	1.07760	1	0.73126	0.54885	12.25017	1.09394	1	-0.00740	-0.00811	0.67584	0.00215	1	0.06242	-0.01253	0.70482	0.00411	1	1.45898	0.81042	0	
1280313	8634.34766	3307143071446	0.43046	0.13351	8634.24707	0.10059	12170	1	0.50214	0.11750	1	0.51492	0.32455	1	0.50853	0.22103	1	0.47000	0.52762	10.90009	1.08485	1	0.73120	0.54928	12.62287	1.10119	1	-0.00740	-0.00811	0.67584	0.00225	1	0.06242	-0.01253	0.70482	0.00386	1	1.45898	0.81042	0	
1280314	8634.35449	3307143138896	0.45086	0.15991	8634.24707	0.10059	12170	0	0.49135	0.12796	1	0.47772	0.37960	1	0.48453	0.25378	1	0.46993	0.52762	10.81585	1.10119	1	0.73071	0.54947	11.72965	1.10119	1	-0.00740	-0.00811	0.67584	0.00233	1	0.06242	-0.01253	0.70482	0.00395	1	1.45898	0.81042	0	
1280315	8634.36133	3307143205812	0.47888	0.18259	8634.24707	0.10059	12170	0	0.50712	0.10599	1	0.50668	0.30453	1	0.50690	0.20526	1	0.46983	0.52752	11.26184	1.10119	1	0.73115	0.54859	11.34123	1.10119	1	-0.00740	-0.00811	0.67584	0.00226	1	0.06242	-0.01253	0.70482	0.00413	1	1.45898	0.81042	0	
1280316	8634.36816	3307143272585	0.48819	0.19372	8634.24707	0.10059	12170	0	0.50803	0.11382	1	0.50562	0.31818	1	0.50682	0.21600	1	0.46980	0.52749	11.08454	1.09318	1	0.73086	0.54851	11.61231	1.08449	1	-0.00727	-0.00791	0.65940	0.00225	1	0.06061	-0.01213	0.68507	0.00417	1	1.45898	0.81042	0	
1280317	8634.37402	3307143339208	0.46399	0.16649	8634.35449	0.01953	12171	1	0.50803	0.11382	0	0.39140	0.08478	1	0.39140	0.08478	1	0.46980	0.52749	11.08454	1.07648	0	0.46991	0.52750	11.24315	1.06780	1	-0.00727	-0.00791	0.65940	0.00225	1	0.06061	-0.01213	0.68507	0.00227	1	1.45898	0.81042	0	
1280318	8634.38086	3307143406869	0.45082	0.15271	8634.35449	0.02637	12171	1	0.50803	0.11382	0	0.39812	0.09762	1	0.39812	0.09762	1	0.46980	0.52749	11.08454	1.05978	0	0.46993	0.52749	11.26962	1.05110	1	-0.00727	-0.00791	0.65940	0.00225	1	0.06061	-0.01213	0.68507	0.00226	1	1.45898	0.81042	0	
1280319	8634.38770	3307143472160	0.44213	0.14643	8634.35449	0.03320	12171	1	0.50803	0.11382	0	0.39866	0.11502	1	0.39866	0.11502	1	0.46980	0.52749	11.08454	1.04308	0	0.46988	0.52754	11.43382	1.03440	1	-0.00727	-0.00791	0.65940	0.00225	1	-0.00745	-0.00810	0.67107	0.00226	1	1.45898	0.81042	0	
1280320	8634.39453	3307143541216	0.43430	0.14067	8634.35449	0.04004	12171	1	0.50803	0.11382	0	0.38736	0.10607	1	0.38736	0.10607	1	0.46980	0.52749	11.08454	1.03440	0	0.46974	0.52736	11.30943	1.03440	1	-0.00727	-0.00791	0.65940	0.00225	1	-0.00745	-0.00810	0.67107	0.00220	1	1.45898	0.81042	0	
1280321	8634.40137	3307143607546	0.43146	0.13775	8634.35449	0.04688	12171	1	0.50803	0.11382	0	0.41153	0.11736	1	0.41153	0.11736	1	0.46980	0.52749	11.08454	1.03440	0	0.46975	0.52746	11.16187	1.03440	1	-0.00727	-0.00791	0.65940	0.00225	1	-0.00745	-0.00810	0.67107	0.00223	1	1.45898	0.81042	0	
1280322	8634.40820	3307143673281	0.42924	0.13549	8634.35449	0.05371	12171	1	0.50803	0.11382	0	0.41153	0.11736	1	0.41153	0.11736	1	0.46980	0.52749	11.08454	1.03440	0	0.46951	0.52756	11.21605	1.03440	1	-0.00727	-0.00791	0.65940	0.00225	1	-0.00774	-0.00831	0.68828	0.00225	1	1.45898	0.81042	0	
1280323	8634.41504	3307143741269	0.42608	0.13378	8634.35449	0.06055	12171	1	0.50803	0.11382	0	0.39761	0.11842	1	0.39761	0.11842	1	0.46980	0.52749	11.08454	1.03440	0	0.46951	0.52759	11.29157	1.03440	1	-0.00727	-0.00791	0.65940	0.00225	1	-0.00774	-0.00831	0.68828	0.00224	1	1.45898	0.81042	0	
1280324	8634.42090	3307143808574	0.42374	0.13603	8634.35449	0.06641	12171	1	0.50803	0.11382	0	0.40034	0.15856	1	0.40034	0.15856	1	0.46980	0.52749	11.08454	1.03440	0	0.46955	0.52774	11.13477	1.03440	1	-0.00727	-0.00791	0.65940	0.00225	1	-0.00774	-0.00831	0.68828	0.00227	1	1.45898	0.81042	0	
1280325	8634.42773	3307143870711	0.42179	0.13791	8634.35449	0.07324	12171	1	0.50803	0.11382	0	0.40034	0.15856	1	0.40034	0.15856	1	0.46980	0.52749	11.08454	1.03440	0	0.46943	0.52773	11.25597	1.03440	1	-0.00727	-0.00791	0.65940	0.00225	1	-0.00776	-0.00833	0.68978	0.00223	1	1.45898	0.81042	0	
1280326	8634.43457	3307143939182	0.42067	0.14615	8634.35449	0.08008	12171	1	0.50803	0.11382	0	0.40727	0.24507	1	0.40727	0.24507	1	0.46980	0.52749	11.08454	1.03440	0	0.46975	0.52900	10.87022	1.03440	1	-0.00727	-0.00791	0.65940	0.00225	1	-0.00776	-0.00833	0.68978	0.00387	1	1.45898	0.81042	0	
1280327	8634.44141	3307144007610	0.42719	0.15706	8634.35449	0.08691	12171	1	0.53421	0.28758	1	0.48957	0.31010	1	0.51189	0.29884	1	0.46973	0.52918	11.13486	1.03440	1	0.73060	0.54807	11.81466	1.03440	1	-0.00727	-0.00791	0.65940	0.00379	1	-0.00776	-0.00833	0.68978	0.00415	1	1.45898	0.81042	0	
1280328	8634.44727	3307144071560	0.43282	0.16605	8634.35449	0.09277	12171	1	0.53342	0.28067	1	0.48998	0.30318	1	0.51170	0.29193	1	0.46973	0.52926	11.09120	1.04242	1	0.73064	0.54781	11.74855	1.04242	1	-0.00773	-0.00824	0.68701	0.00381	1	0.05978	-0.01198	0.67679	0.00425	1	1.45898	0.81042	0	
1280329	8634.45410	3307144140280	0.43753	0.17102	8634.35449	0.09961	12171	1	0.51507	0.21852	1	0.50117	0.27259	1	0.50812	0.24556	1	0.46949	0.52755	11.25718	1.05044	1	0.73068	0.54790	11.81048	1.05044	1	-0.00773	-0.00824	0.68701	0.00223	1	0.05978	-0.01198	0.67679	0.00422	1	1.45898	0.81042	0	
1280330	8634.46094	3307144205982	0.44132	0.17510	8634.35449	0.10645	12171	1	0.51827	0.15717	1	0.48568	0.32355	1	0.50197	0.24036	1	0.46948	0.52745	11.71671	1.05845	1	0.73051	0.54859	12.29388	1.05845	1	-0.00773	-0.00824	0.68701	0.00221	1	0.05978	-0.01198	0.67679	0.00387	1	1.45898	0.81042	0	
1280331	8634.46777	3307144274864	0.44467	0.17832	8634.35449	0.11328	12171	1	0.51739	0.14941	1	0.48605	0.31690	1	0.50172	0.23316	1	0.46944	0.52754	11.16546	1.06647	1	0.73084	0.54890	12.07186	1.06647	1	-0.00773	-0.00824	0.68701	0.00224	1	0.05978	-0.01198	0.67679	0.00386	1	1.45898	0.81042	0	
1280332	8634.47461	3307144340685	0.44714	0.18129	8634.35449	0.12012	12171	1	0.50425	0.17505	1	0.47878	0.29432	1	0.49152	0.23469	1	0.46944	0.52754	11.16234	1.06647	1	0.73069	0.54822	11.79109	1.06647	1	-0.00773	-0.00824	0.68701	0.00224	1	0.05978	-0.01198	0.67679	0.00411	1	1.45898	0.81042	0	
1280333	8634.48145	3307144408850	0.46287	0.21358	8634.35449	0.12012	12171	0	0.50963	0.14342	1	0.51111	0.29752	1	0.51037	0.22047	1	0.46944	0.52761	10.85430	1.06647	1	0.73085	0.54823	11.77576	1.06647	1	-0.00773	-0.00824	0.68701	0.00226	1	0.05978	-0.01198	0.67679	0.00418	1	1.45898	0.81042	0	
1280334	8634.48828	3307144473907	0.48652	0.21288	8634.35449	0.12012	12171	0	0.50859	0.13458	1	0.51174	0.28979	1	0.51017	0.21218	1	0.46951	0.52744	10.63914	1.07556	1	0.73064	0.54821	11.63727	1.07556	1	-0.00783	-0.00842	0.70125	0.00224	1	0.05978	-0.01198	0.67679	0.00414	1	1.45898	0.81042	0	
1280335	8634.49512	3307144542174	0.48803	0.21510	8634.35449	0.12012	12171	0	0.50588	0.15692	1	0.47622	0.28215	1	0.49105	0.21954	1	0.46942	0.52739	11.08872	1.08464	1	0.73066	0.54820	11.67822	1.08464	1	-0.00783	-0.00842	0.70125	0.00217	1	0.05978	-0.01198	0.67679	0.00413	1	1.45898	0.81042	0	
1280336	8634.50098	3307144608542	0.49042	0.20458	8634.48145	0.01953	12172	1	0.51332	0.10267	1	0.48189	0.24337	1	0.49760	0.17302	1	0.46953	0.52732	10.95068	1.09373	1	0.73074	0.54808	11.65206	1.09373	1	-0.00783	-0.00842	0.70125	0.00217	1	0.05978	-0.01198	0.67679	0.00419	1	1.45898	0.81042	0	
1280337	8634.50781	3307144674544	0.49180	0.19658	8634.48145	0.02637	12172	1	0.51233	0.09371	1	0.48227	0.23541	1	0.49730	0.16456	1	0.46955	0.52745	10.84450	1.10281	1	0.73057	0.54812	11.80321	1.10281	1	-0.00783	-0.00852	0.70125	0.00217	1	0.05978	-0.01198	0.67679	0.00414	1	1.45898	0.81042	0	
1280338	8634.51465	3307144742680	0.49160	0.19781	8634.48145	0.03320	12172	1	0.50233	0.09690	1	0.47894	0.31110	1	0.49063	0.20400	1	0.46947	0.52737	10.95465	1.10281	1	0.73074	0.54830	11.97549	1.10281	1	-0.00783	-0.00852	0.70125	0.00221	1	0.05978	-0.01198	0.67679	0.00415	1	1.45898	0.81042	0	
1280339	8634.52148	3307144810006	0.49199	0.19617	8634.48145	0.04004	12172	1	0.51141	0.09634	1	0.47719	0.27626	1	0.49430	0.18630	1	0.46955	0.52746	10.97230	1.10281	1	0.73068	0.54792	11.87102	1.10281	1	-0.00783	-0.00852	0.70125	0.00211	1	0.05978	-0.01198	0.67679	0.00413	1	1.45898	0.81042	0	
1280340	8634.52832	3307144877700	0.49228	0.19493	8634.48145	0.04688	12172	1	0.51141	0.09634	1	0.47719	0.27626	1	0.49430	0.18630	1	0.46961	0.52722	10.61900	1.10281	1	0.73084	0.54830	11.85228	1.10281	1	-0.00783	-0.00842	0.70125	0.00215	1	0.06074	-0.01212	0.68764	0.00411	1	1.45898	0.81042	0	
1280341	8634.53516	3307144943785	0.49123	0.19323	8634.48145	0.05371	12172	1	0.51018	0.08714	1	0.45561	0.27212	1	0.48290	0.17963	1	0.46958	0.52725	10.46438	1.10281	1	0.73036	0.54794	11.88303	1.10281	1	-0.00783	-0.00842	0.70125	0.00219	1	0.06074	-0.01212	0.68764	0.00383	1	1.45898	0.81042	0	
1280342	8634.54199	3307145010801	0.48256	0.18145	8634.48145	0.06055	12172	1	0.51018	0.08714	0	0.40447	0.07537	1	0.40447	0.07537	1	0.46958	0.52725	10.46438	1.10281	0	0.46961	0.52729	10.92258	1.10281	1	-0.00783	-0.00842	0.70125	0.00219	1	0.06074	-0.01212	0.68764	0.00214	1	1.45898	0.81042	0	
1280343	8634.54785	3307145076882	0.47546	0.17180	8634.48145	0.06641	12172	1	0.51018	0.08714	0	0.40447	0.07537	1	0.40447	0.07537	1	0.46958	0.52725	10.46438	1.10281	0	0.46958	0.52715	10.75546	1.10281	1	-0.00783	-0.00842	0.70125	0.00219	1	-0.00749	-0.00810	0.67504	0.00210	1	1.45898	0.81042	0	
1280344	8634.55469	3307145143694	0.46904	0.16293	8634.48145	0.07324	12172	1	0.51018	0.08714	0	0.39841	0.06525	1	0.39841	0.06525	1	0.46958	0.52725	10.46438	1.10281	0	0.46957	0.52727	10.46927	1.10281	1	-0.00783	-0.00842	0.70125	0.00219	1	-0.00749	-0.00810	0.67504	0.00214	1	1.45898	0.81042	0	
1280345	8634.56152	3307145212934	0.46358	0.15421	8634.48145	0.08008	12172	1	0.51018	0.08714	0	0.39812	0.04963	1	0.39812	0.04963	1	0.46958	0.52725	10.46438	1.10281	0	0.46959	0.52708	10.36942	1.10281	1	-0.00783	-0.00842	0.70125	0.00219	1	-0.00749	-0.00810	0.67504	0.00215	1	1.45898	0.81042	0	
1280346	8634.56836	3307145280328	0.45891	0.14674	8634.48145	0.08691	12172	1	0.51018	0.08714	0	0.39812	0.04963	1	0.39812	0.04963	1	0.46958	0.52725	10.46438	1.10281	0	0.46962	0.52697	10.67298	1.10281	1	-0.00783	-0.00842	0.70125	0.00219	1	-0.00745	-0.00800	0.67107	0.00217	1	1.45898	0.81042	0	
1280347	8634.57520	3307145348585	0.45502	0.13757	8634.48145	0.09375	12172	1	0.51018	0.08714	0	0.40060	0.00922	1	0.40060	0.00922	1	0.46958	0.52725	10.46438	1.10281	0	0.46961	0.52706	11.03339	1.10281	1	-0.00783	-0.00842	0.70125	0.00219	1	-0.00745	-0.00800	0.67107	0.00217	1	1.45898	0.81042	0	
1280348	8634.58203	3307145415787	0.43825	0.11014	8634.48145	0.09375	12172	0	0.51018	0.08714	0	0.39541	0.07640	1	0.39541	0.07640	1	0.46958	0.52725	10.46438	1.10281	0	0.46953	0.52704	11.14322	1.10281	1	-0.00783	-0.00842	0.70125	0.00219	1	-0.00745	-0.00800	0.67107	0.00213	1	1.45898	0.81042	0	
1280349	8634.58887	3307145482684	0.41683	0.09327	8634.48145	0.09375	12172	0	0.51018	0.08714	0	0.39541	0.07640	1	0.39541	0.07640	1	0.46958	0.52725	10.46438	1.10281	0	0.46957	0.52720	10.73155	1.10281	1	-0.00783	-0.00842	0.70125	0.00219	1	-0.00749	-0.00800	0.67504	0.00215	1	1.45898	0.81042	0	
1280350	8634.59570	3307145548876	0.41401	0.06702	8634.48145	0.09375	12172	0	0.51018	0.08714	0	0.40838	0.01451	1	0.40838	0.01451	1	0.46958	0.52725	10.46438	1.10281	0	0.46971	0.52706	10.61553	1.10281	1	-0.00783	-0.00842	0.70125	0.00219	1	-0.00749	-0.00800	0.67504	0.00208	1	1.45898	0.81042	0	
1280351	8634.60254	3307145617581	0.39970	0.05219	8634.58203	0.02051	12173	1	0.51018	0.08714	0	0.35676	0.00772	1	0.35676	0.00772	1	0.46958	0.52725	10.46438	1.10281	0	0.46970	0.52706	10.57920	1.10281	1	-0.00783	-0.00842	0.70125	0.00219	1	-0.00749	-0.00800	0.67504	0.00208	1	1.45898	0.81042	0	
1280352	8634.60840	3307145683816	0.40650	0.05206	8634.58203	0.02637	12173	1	0.51018	0.08714	1	0.35727	0.01591	1	0.43372	0.05153	1	0.46982	0.52696	10.16744	1.10281	1	0.73095	0.54717	11.29928	1.09515	1	-0.00776	-0.00835	0.70426	0.00221	1	0.05807	-0.01151	0.65576	0.00405	1	1.45898	0.81042	0	
1280353	8634.61523	3307145750747	0.41745	0.07820	8634.58203	0.03320	12173	1	0.47582	0.10724	1	0.46855	0.31058	1	0.47219	0.20891	1	0.46980	0.52689	10.13347	1.09515	1	0.73094	0.54817	11.45605	1.08749	1	-0.00776	-0.00835	0.70426	0.00210	1	0.05807	-0.01151	0.65576	0.00366	1	1.45898	0.81042	0	
1280354	8634.62207	3307145816661	0.42508	0.10175	8634.58203	0.04004	12173	1	0.47735	0.16164	1	0.46437	0.32441	1	0.47086	0.24303	1	0.46971	0.52697	10.07547	1.08749	1	0.73087	0.54824	11.70134	1.07983	1	-0.00776	-0.00835	0.70426	0.00216	1	0.05807	-0.01151	0.65576	0.00366	1	1.45898	0.81042	0	
1280355	8634.62891	3307145884879	0.43092	0.12124	8634.58203	0.04688	12173	1	0.47966	0.17738	1	0.46392	0.33800	1	0.47179	0.25769	1	0.46982	0.52686	10.19931	1.07075	1	0.73113	0.54816	11.60049	1.06309	1	-0.00740	-0.00801	0.67584	0.00210	1	0.05807	-0.01151	0.65576	0.00367	1	1.45898	0.81042	0	
1280356	8634.63574	3307145951680	0.43627	0.13570	8634.58203	0.05371	12173	1	0.48606	0.18738	1	0.47210	0.31535	1	0.47908	0.25136	1	0.46981	0.52677	9.90819	1.05400	1	0.73104	0.54809	11.23176	1.05400	1	-0.00740	-0.00801	0.67584	0.00215	1	0.05807	-0.01151	0.65576	0.00376	1	1.45898	0.81042	0	
1280357	8634.64258	3307146018559	0.44100	0.14563	8634.58203	0.06055	12173	1	0.49443	0.14063	1	0.47272	0.32935	1	0.48357	0.23499	1	0.46983	0.52667	9.63562	1.04492	1	0.73105	0.54815	11.25942	1.04492	1	-0.00740	-0.00801	0.67584	0.00212	1	0.05807	-0.01151	0.65576	0.00375	1	1.45898	0.81042	0	
1280358	8634.64941	3307146085429	0.44491	0.15451	8634.58203	0.06738	12173	1	0.49561	0.14969	1	0.47239	0.33694	1	0.48400	0.24331	1	0.46989	0.52676	10.18068	1.03583	1	0.73087	0.54824	11.16302	1.03583	1	-0.00740	-0.00801	0.67584	0.00201	1	0.05807	-0.01151	0.65576	0.00373	1	1.45898	0.81042	0	
1280359	8634.65527	3307146152184	0.44763	0.16427	8634.58203	0.07324	12173	1	0.49566	0.18545	1	0.45955	0.35789	1	0.47760	0.27167	1	0.46988	0.52672	10.15197	1.03583	1	0.73082	0.54815	11.22199	1.03583	1	-0.00740	-0.00801	0.67584	0.00201	1	0.05807	-0.01151	0.65576	0.00372	1	1.45898	0.81042	0	
1280360	8634.66211	3307146219816	0.45003	0.17334	8634.58203	0.08008	12173	1	0.50406	0.18798	1	0.45352	0.37638	1	0.47879	0.28218	1	0.47001	0.52667	10.21945	1.03583	1	0.73079	0.54823	11.29690	1.03583	1	-0.00740	-0.00801	0.67584	0.00204	1	0.05807	-0.01151	0.65576	0.00371	1	1.45898	0.81042	0	
1280361	8634.66895	3307146286590	0.45209	0.18090	8634.58203	0.08691	12173	1	0.50406	0.18798	1	0.45366	0.37029	1	0.47886	0.27913	1	0.47006	0.52668	9.96540	1.03583	1	0.73111	0.54752	10.74971	1.04349	1	-0.00740	-0.00796	0.67584	0.00208	1	0.06047	-0.01197	0.68232	0.00391	1	1.45898	0.81042	0	
1280362	8634.67578	3307146351959	0.46414	0.21874	8634.58203	0.08691	12173	0	0.50491	0.19784	1	0.46000	0.38882	1	0.48245	0.29333	1	0.47005	0.52667	10.01063	1.04349	1	0.73092	0.54803	11.17548	1.05115	1	-0.00740	-0.00796	0.67584	0.00207	1	0.06047	-0.01197	0.68232	0.00379	1	1.45898	0.81042	0	
1280363	8634.68262	3307146419198	0.47955	0.23044	8634.58203	0.08691	12173	0	0.50934	0.17067	1	0.48057	0.31363	1	0.49495	0.24215	1	0.47024	0.52661	9.93918	1.05115	1	0.73115	0.54797	10.80289	1.05881	1	-0.00740	-0.00796	0.67584	0.00212	1	0.06047	-0.01197	0.68232	0.00374	1	1.45898	0.81042	0	
1280364	8634.68945	3307146485749	0.48459	0.23205	8634.58203	0.08691	12173	0	0.50844	0.16330	1	0.48089	0.30721	1	0.49467	0.23526	1	0.47025	0.52659	10.03099	1.05881	1	0.73140	0.54828	10.94693	1.06647	1	-0.00740	-0.00796	0.67584	0.00210	1	0.06047	-0.01197	0.68232	0.00366	1	1.45898	0.81042	0	
1280365	8634.69531	3307146553106	0.48658	0.23711	8634.67578	0.01953	12174	1	0.51621	0.15364	1	0.46895	0.35092	1	0.49258	0.25228	1	0.47026	0.52662	9.99160	1.06647	1	0.73098	0.54848	11.39999	1.06647	1	-0.00740	-0.00796	0.67584	0.00210	1	0.06047	-0.01197	0.68232	0.00375	1	1.45898	0.81042	0	
1280366	8634.70312	3307146621566	0.48514	0.23840	8634.67578	0.02734	12174	1	0.49795	0.14464	1	0.46082	0.34254	1	0.47939	0.24359	1	0.47001	0.52656	9.43956	1.06647	1	0.73094	0.54827	11.18400	1.06647	1	-0.00740	-0.00796	0.67584	0.00214	1	0.06047	-0.01197	0.68232	0.00372	1	1.45898	0.81042	0	
1280367	8634.70898	3307146688985	0.48418	0.23927	8634.67578	0.03320	12174	1	0.49795	0.14464	1	0.46082	0.34254	1	0.47939	0.24359	1	0.47026	0.52638	9.45040	1.06647	1	0.73125	0.54834	10.92015	1.06647	1	-0.00740	-0.00796	0.67584	0.00210	1	0.06047	-0.01192	0.68232	0.00373	1	1.45898	0.81042	0	
1280368	8634.71582	3307146755014	0.48458	0.23953	8634.67578	0.04004	12174	1	0.51660	0.13584	1	0.45729	0.34638	1	0.48695	0.24111	1	0.47040	0.52649	9.74893	1.06647	1	0.73118	0.54851	11.06271	1.06647	1	-0.00740	-0.00796	0.67584	0.00206	1	0.06047	-0.01192	0.68232	0.00373	1	1.45898	0.81042	0	
1280369	8634.72266	3307146822416	0.48412	0.23918	8634.67578	0.04688	12174	1	0.50696	0.12509	1	0.45488	0.34832	1	0.48092	0.23671	1	0.47026	0.52638	9.61039	1.06647	1	0.73117	0.54845	11.17879	1.06647	1	-0.00740	-0.00796	0.67584	0.00208	1	0.06047	-0.01192	0.68232	0.00367	1	1.45898	0.81042	0	
1280370	8634.72949	3307146885247	0.48381	0.23970	8634.67578	0.05371	12174	1	0.50790	0.13304	1	0.45473	0.35472	1	0.48131	0.24388	1	0.47037	0.52629	9.80075	1.05845	1	0.73175	0.54845	11.12228	1.05845	1	-0.00722	-0.00777	0.66384	0.00203	1	0.06047	-0.01192	0.68232	0.00377	1	1.45898	0.81042	0	
1280371	8634.73633	3307146956436	0.48629	0.24191	8634.67578	0.06055	12174	1	0.53035	0.14060	1	0.48688	0.38304	1	0.50862	0.26182	1	0.47054	0.52634	9.98504	1.05044	1	0.73177	0.54844	11.65574	1.05044	1	-0.00722	-0.00777	0.66384	0.00210	1	0.06047	-0.01192	0.68232	0.00362	1	1.45898	0.81042	0	
1280372	8634.74316	3307147023427	0.48723	0.24337	8634.67578	0.06738	12174	1	0.51643	0.14634	1	0.47675	0.36950	1	0.49659	0.25792	1	0.47037	0.52629	9.80075	1.04242	1	0.73156	0.54828	10.67723	1.04242	1	-0.00722	-0.00777	0.66384	0.00203	1	0.06047	-0.01192	0.68232	0.00364	1	1.45898	0.81042	0	
1280373	8634.75000	3307147090382	0.48802	0.24429	8634.67578	0.07422	12174	1	0.51643	0.14634	1	0.47709	0.36257	1	0.49676	0.25445	1	0.47053	0.52638	10.08312	1.04242	1	0.73184	0.54804	10.99997	1.05110	1	-0.00732	-0.00793	0.67797	0.00199	1	0.06140	-0.01204	0.69215	0.00367	1	1.45898	0.81042	0	
1280374	8634.75586	3307147157826	0.48881	0.24239	8634.67578	0.08008	12174	1	0.49424	0.13935	1	0.50221	0.29980	1	0.49823	0.21958	1	0.47051	0.52644	9.95459	1.05912	1	0.73196	0.54791	11.14938	1.06780	1	-0.00732	-0.00793	0.67797	0.00199	1	0.06140	-0.01204	0.69215	0.00370	1	1.45898	0.81042	0	
1280375	8634.76270	3307147224790	0.48799	0.24106	8634.67578	0.08691	12174	1	0.50366	0.12375	1	0.45118	0.32367	1	0.47742	0.22371	1	0.47052	0.52638	10.08292	1.07581	1	0.73155	0.54828	10.67622	1.08449	1	-0.00732	-0.00793	0.67797	0.00199	1	0.06140	-0.01204	0.69215	0.00363	1	1.45898	0.81042	0	
1280376	8634.76953	3307147290925	0.48555	0.24613	8634.67578	0.09375	12174	1	0.50366	0.12375	0	0.45130	0.31720	1	0.45130	0.31720	1	0.47052	0.52638	10.08292	1.09251	0	0.47057	0.52649	9.91184	1.09251	1	-0.00732	-0.00793	0.67797	0.00199	1	-0.00732	-0.00798	0.67797	0.00194	1	1.45898	0.81042	0	
1280377	8634.77637	3307147358157	0.47808	0.23407	8634.67578	0.10059	12174	1	0.50366	0.12375	0	0.36604	0.05312	1	0.36604	0.05312	1	0.47052	0.52638	10.08292	1.09251	0	0.47061	0.52636	9.95864	1.08383	1	-0.00732	-0.00793	0.67797	0.00199	1	-0.00732	-0.00798	0.67797	0.00200	1	1.45898	0.81042	0	
1280378	8634.78320	3307147425265	0.47182	0.22440	8634.67578	0.10742	12174	1	0.50366	0.12375	0	0.37163	0.06966	1	0.37163	0.06966	1	0.47052	0.52638	10.08292	1.08383	0	0.47066	0.52640	9.89018	1.07515	1	-0.00732	-0.00793	0.67797	0.00199	1	-0.00732	-0.00798	0.67797	0.00201	1	1.45898	0.81042	0	
1280379	8634.79004	3307147492241	0.46628	0.21630	8634.67578	0.11426	12174	1	0.50366	0.12375	0	0.37211	0.07870	1	0.37211	0.07870	1	0.47052	0.52638	10.08292	1.07515	0	0.47076	0.52647	9.70576	1.06647	1	-0.00732	-0.00793	0.67797	0.00199	1	-0.00732	-0.00798	0.67797	0.00215	1	1.45898	0.81042	0	
1280380	8634.79590	3307147558558	0.46112	0.20868	8634.67578	0.12012	12174	1	0.50366	0.12375	0	0.36830	0.07139	1	0.36830	0.07139	1	0.47052	0.52638	10.08292	1.06647	0	0.47065	0.52641	9.83870	1.06647	1	-0.00732	-0.00793	0.67797	0.00199	1	-0.00732	-0.00798	0.67797	0.00210	1	1.45898	0.81042	0	
1280381	8634.80273	3307147626107	0.43906	0.17831	8634.67578	0.12012	12174	0	0.50366	0.12375	0	0.38047	0.08827	1	0.38047	0.08827	1	0.47052	0.52638	10.08292	1.06647	0	0.47078	0.52648	9.68742	1.06647	1	-0.00732	-0.00793	0.67797	0.00199	1	-0.00732	-0.00798	0.67797	0.00214	1	1.45898	0.81042	0	
1280382	8634.80957	3307147693325	0.40956	0.12881	8634.67578	0.12012	12174	0	0.50366	0.12375	0	0.38005	0.07930	1	0.38005	0.07930	1	0.47052	0.52638	10.08292	1.06647	0	0.47050	0.52664	9.73072	1.07515	1	-0.00732	-0.00793	0.67797	0.00199	1	-0.00748	-0.00827	0.69783	0.00211	1	1.45898	0.81042	0	
1280383	8634.81641	3307147757257	0.39475	0.10823	8634.67578	0.12012	12174	0	0.50366	0.12375	0	0.36513	0.06707	1	0.36513	0.06707	1	0.47052	0.52638	10.08292	1.07515	0	0.47053	0.52650	10.13938	1.08383	1	-0.00732	-0.00793	0.67797	0.00199	1	-0.00748	-0.00827	0.69783	0.00198	1	1.45898	0.81042	0	
1280384	8634.82227	3307147822585	0.37108	0.07556	8634.67578	0.12012	12174	0	0.50366	0.12375	0	0.36805	0.08030	1	0.36805	0.08030	1	0.47052	0.52638	10.08292	1.08383	0	0.47042	0.52658	10.06154	1.09251	1	-0.00732	-0.00793	0.67797	0.00199	1	-0.00748	-0.00827	0.69783	0.00204	1	1.45898	0.81042	0	
1280385	8634.83008	3307147891304	0.36956	0.07793	8634.67578	0.12012	12174	0	0.50366	0.12375	0	0.36805	0.08030	1	0.36805	0.08030	1	0.47052	0.52638	10.08292	1.09251	0	0.47047	0.52665	10.08014	1.09251	1	-0.00732	-0.00793	0.67797	0.00199	1	-0.00732	-0.00803	0.67797	0.00204	1	1.45898	0.81042	0	
1280386	8634.83594	3307147958654	0.36619	0.08374	8634.67578	0.12012	12174	0	0.50366	0.12375	0	0.35945	0.09536	1	0.35945	0.09536	1	0.47052	0.52638	10.08292	1.09251	0	0.47049	0.52672	9.85351	1.08383	1	-0.00732	-0.00793	0.67797	0.00199	1	-0.00732	-0.00803	0.67797	0.00209	1	1.45898	0.81042	0	
1280387	8634.84277	3307148024049	0.36484	0.08104	8634.82227	0.02051	12175	1	0.50366	0.12375	0	0.36079	0.07293	1	0.36079	0.07293	1	0.47052	0.52638	10.08292	1.08383	0	0.47058	0.52667	9.40499	1.07515	1	-0.00732	-0.00793	0.67797	0.00199	1	-0.00732	-0.00803	0.67797	0.00205	1	1.45898	0.81042	0	
1280388	8634.84961	3307148093732	0.36414	0.08122	8634.82227	0.02734	12175	1	0.50366	0.12375	0	0.36135	0.08193	1	0.36135	0.08193	1	0.47052	0.52638	10.08292	1.07515	0	0.47061	0.52678	9.99839	1.06647	1	-0.00732	-0.00793	0.67797	0.00199	1	-0.00732	-0.00803	0.67797	0.00207	1	1.45898	0.81042	0	
1280389	8634.85645	3307148161776	0.37336	0.08700	8634.82227	0.03418	12175	1	0.50366	0.12375	0	0.41946	0.11592	1	0.41946	0.11592	1	0.47052	0.52638	10.08292	1.06647	0	0.47061	0.52676	10.11557	1.06647	1	-0.00732	-0.00793	0.67797	0.00199	1	-0.00732	-0.00803	0.67797	0.00206	1	1.45898	0.81042	0	
1280390	8634.86328	3307148226068	0.37804	0.09177	8634.82227	0.04102	12175	1	0.50366	0.12375	0	0.40612	0.12037	1	0.40612	0.12037	1	0.47052	0.52638	10.08292	1.06647	0	0.47047	0.52686	9.74351	1.06647	1	-0.00732	-0.00793	0.67797	0.00199	1	-0.00732	-0.00803	0.67797	0.00219	1	1.45898	0.81042	0	
1280391	8634.86914	3307148291118	0.38155	0.09534	8634.82227	0.04688	12175	1	0.50366	0.12375	0	0.40612	0.12037	1	0.40612	0.12037	1	0.47052	0.52638	10.08292	1.06647	0	0.47038	0.52699	10.12585	1.06647	1	-0.00732	-0.00793	0.67797	0.00199	1	-0.00732	-0.00803	0.67797	0.00217	1	1.45898	0.81042	0	
1280392	8634.87695	3307148360245	0.38396	0.09456	8634.82227	0.05469	12175	1	0.50366	0.12375	0	0.40324	0.08832	1	0.40324	0.08832	1	0.47052	0.52638	10.08292	1.06647	0	0.47039	0.52698	10.17881	1.06647	1	-0.00732	-0.00793	0.67797	0.00199	1	-0.00732	-0.00803	0.67797	0.00215	1	1.45898	0.81042	0	
1280393	8634.88379	3307148429929	0.38691	0.09026	8634.82227	0.06152	12175	1	0.50366	0.12375	0	0.41349	0.05153	1	0.41349	0.05153	1	0.47052	0.52638	10.08292	1.06647	0	0.47046	0.52703	10.24309	1.06647	1	-0.00732	-0.00793	0.67797	0.00199	1	-0.00732	-0.00803	0.67797	0.00211	1	1.45898	0.81042	0	
1280394	8634.89062	3307148497065	0.38933	0.08674	8634.82227	0.06836	12175	1	0.50366	0.12375	0	0.41349	0.05153	1	0.41349	0.05153	1	0.47052	0.52638	10.08292	1.06647	0	0.47030	0.52697	10.45540	1.06647	1	-0.00732	-0.00793	0.67797	0.00199	1	-0.00732	-0.00803	0.67797	0.00206	1	1.45898	0.81042	0	
1280395	8634.89648	3307148564537	0.38998	0.08270	8634.82227	0.07422	12175	1	0.50366	0.12375	0	0.39713	0.03829	1	0.39713	0.03829	1	0.47052	0.52638	10.08292	1.06647	0	0.47028	0.52694	10.28088	1.06647	1	-0.00732	-0.00793	0.67797	0.00199	1	-0.00732	-0.00803	0.67797	0.00208	1	1.45898	0.81042	0	
1280396	8634.90332	3307148630839	0.39115	0.07939	8634.82227	0.08105	12175	1	0.50366	0.12375	0	0.40518	0.03965	1	0.40518	0.03965	1	0.47052	0.52638	10.08292	1.06647	0	0.47039	0.52697	10.18395	1.06647	1	-0.00732	-0.00793	0.67797	0.00199	1	-0.00732	-0.00803	0.67797	0.00214	1	1.45898	0.81042	0	
1280397	8634.91016	3307148698105	0.39217	0.07714	8634.82227	0.08789	12175	1	0.50366	0.12375	0	0.40537	0.04793	1	0.40537	0.04793	1	0.47052	0.52638	10.08292	1.06647	0	0.47037	0.52693	9.91043	1.05881	1	-0.00732	-0.00793	0.67797	0.00199	1	-0.00722	-0.00787	0.66384	0.00213	1	1.45898	0.81042	0	
1280398	8634.91699	3307148760231	0.39310	0.07703	8634.82227	0.09473	12175	1	0.50366	0.12375	0	0.40620	0.07541	1	0.40620	0.07541	1	0.47052	0.52638	10.08292	1.05881	0	0.47042	0.52704	10.14247	1.05115	1	-0.00732	-0.00793	0.67797	0.00199	1	-0.00722	-0.00787	0.66384	0.00214	1	1.45898	0.81042	0	
1280399	8634.92383	3307148830047	0.39360	0.07640	8634.82227	0.10156	12175	1	0.50366	0.12375	0	0.40111	0.06694	1	0.40111	0.06694	1	0.47052	0.52638	10.08292	1.05115	0	0.47039	0.52711	9.94529	1.04349	1	-0.00732	-0.00793	0.67797	0.00199	1	-0.00722	-0.00787	0.66384	0.00210	1	1.45898	0.81042	0	
1280400	8634.92969	3307148896004	0.39404	0.07584	8634.82227	0.10742	12175	1	0.50366	0.12375	0	0.40111	0.06694	1	0.40111	0.06694	1	0.47052	0.52638	10.08292	1.04349	0	0.47030	0.52697	10.18368	1.04349	1	-0.00732	-0.00793	0.67797	0.00199	1	-0.00740	-0.00801	0.67584	0.00212	1	1.45898	0.81042	0	
1280401	8634.93750	3307148966790	0.39358	0.07539	8634.82227	0.11523	12175	1	0.50366	0.12375	0	0.38563	0.06766	1	0.38563	0.06766	1	0.47052	0.52638	10.08292	1.04349	0	0.47014	0.52713	10.38025	1.05115	1	-0.00732	-0.00793	0.67797	0.00199	1	-0.00740	-0.00801	0.67584	0.00216	1	1.45898	0.81042	0	
1280402	8634.94336	3307149029210	0.39349	0.07510	8634.82227	0.12109	12175	1	0.50366	0.12375	0	0.39189	0.06990	1	0.39189	0.06990	1	0.47052	0.52638	10.08292	1.05115	0	0.47016	0.52712	10.44447	1.05881	1	-0.00732	-0.00793	0.67797	0.00199	1	-0.00740	-0.00801	0.67584	0.00214	1	1.45898	0.81042	0	
1280403	8634.95020	3307149100707	0.39339	0.07443	8634.82227	0.12793	12175	1	0.50366	0.12375	0	0.39161	0.06179	1	0.39161	0.06179	1	0.47052	0.52638	10.08292	1.05881	0	0.47014	0.52724	10.74664	1.06647	1	-0.00732	-0.00793	0.67797	0.00199	1	-0.00740	-0.00801	0.67584	0.00213	1	1.45898	0.81042	0	
1280404	8634.95703	3307149167628	0.39276	0.07452	8634.82227	0.13477	12175	1	0.50366	0.12375	0	0.38019	0.07634	1	0.38019	0.07634	1	0.47052	0.52638	10.08292	1.06647	0	0.47004	0.52718	10.08652	1.06647	1	-0.00732	-0.00793	0.67797	0.00199	1	-0.00740	-0.00801	0.67584	0.00210	1	1.45898	0.81042	0	
1280405	8634.96387	3307149228952	0.39198	0.07429	8634.82227	0.14160	12175	1	0.50366	0.12375	0	0.37555	0.06942	1	0.37555	0.06942	1	0.47052	0.52638	10.08292	1.06647	0	0.47001	0.52729	10.30290	1.06647	1	-0.00732	-0.00793	0.67797	0.00199	1	-0.00740	-0.00801	0.67584	0.00213	1	1.45898	0.81042	0	
1280406	8634.97070	3307149298552	0.39127	0.07408	8634.82227	0.14844	12175	1	0.50366	0.12375	0	0.37555	0.06942	1	0.37555	0.06942	1	0.47052	0.52638	10.08292	1.06647	0	0.46994	0.52728	10.27684	1.06647	1	-0.00732	-0.00793	0.67797	0.00199	1	-0.00740	-0.00811	0.67584	0.00216	1	1.45898	0.81042	0	
1280407	8634.97754	3307149367880	0.39051	0.07299	8634.82227	0.15527	12175	1	0.50366	0.12375	0	0.37298	0.04787	1	0.37298	0.04787	1	0.47052	0.52638	10.08292	1.06647	0	0.46986	0.52711	10.71211	1.06647	1	-0.00732	-0.00793	0.67797	0.00199	1	-0.00740	-0.00811	0.67584	0.00215	1	1.45898	0.81042	0	
1280408	8634.98438	3307149434760	0.39006	0.07249	8634.82227	0.16211	12175	1	0.50366	0.12375	0	0.37933	0.06045	1	0.37933	0.06045	1	0.47052	0.52638	10.08292	1.06647	0	0.46994	0.52728	10.27684	1.06647	1	-0.00732	-0.00793	0.67797	0.00199	1	-0.00740	-0.00811	0.67584	0.00216	1	1.45898	0.81042	0	
1280409	8634.99023	3307149501240	0.38963	0.07167	8634.82227	0.16797	12175	1	0.50366	0.12375	0	0.37891	0.05125	1	0.37891	0.05125	1	0.47052	0.52638	10.08292	1.06647	0	0.46991	0.52731	10.31751	1.07515	1	-0.00732	-0.00793	0.67797	0.00199	1	-0.00786	-0.00855	0.71264	0.00218	1	1.45898	0.81042	0	
1280410	8634.99707	3307149569326	0.38923	0.07127	8634.82227	0.17480	12175	1	0.50366	0.12375	0	0.37879	0.06089	1	0.37879	0.06089	1	0.47052	0.52638	10.08292	1.07515	0	0.46996	0.52741	10.45203	1.08383	1	-0.00732	-0.00793	0.67797	0.00199	1	-0.00786	-0.00855	0.71264	0.00216	1	1.45898	0.81042	0	
1280411	8635.00391	3307149635623	0.38854	0.07070	8634.82227	0.18164	12175	1	0.50366	0.12375	0	0.36986	0.05538	1	0.36986	0.05538	1	0.47052	0.52638	10.08292	1.08383	0	0.46990	0.52739	10.49389	1.09251	1	-0.00732	-0.00793	0.67797	0.00199	1	-0.00786	-0.00855	0.71264	0.00217	1	1.45898	0.81042	0	
1280412	8635.01074	3307149702379	0.38789	0.07017	8634.82227	0.18848	12175	1	0.50366	0.12375	0	0.36986	0.05538	1	0.36986	0.05538	1	0.47052	0.52638	10.08292	1.09251	0	0.46983	0.52749	10.35824	1.09251	1	-0.00732	-0.00793	0.67797	0.00199	1	-0.00762	-0.00835	0.68689	0.00215	1	1.45898	0.81042	0	
1280413	8635.01758	3307149768004	0.38749	0.06976	8634.82227	0.19531	12175	1	0.50366	0.12375	0	0.37585	0.05770	1	0.37585	0.05770	1	0.47052	0.52638	10.08292	1.09251	0	0.46980	0.52747	10.57391	1.08383	1	-0.00732	-0.00793	0.67797	0.00199	1	-0.00762	-0.00835	0.68689	0.00218	1	1.45898	0.81042	0	
1280414	8635.02441	3307149836658	0.38666	0.07004	8634.82227	0.20215	12175	1	0.50366	0.12375	0	0.36163	0.07855	1	0.36163	0.07855	1	0.47052	0.52638	10.08292	1.08383	0	0.46983	0.52742	10.40046	1.07515	1	-0.00732	-0.00793	0.67797	0.00199	1	-0.00762	-0.00835	0.68689	0.00223	1	1.45898	0.81042	0	
1280415	8635.03125	3307149903711	0.38811	0.07129	8634.82227	0.20898	12175	1	0.50374	0.12440	1	0.36268	0.09542	1	0.43321	0.10991	1	0.46976	0.52756	10.53759	1.07515	1	0.73113	0.54881	11.29731	1.05881	1	-0.00745	-0.00810	0.67107	0.00228	1	0.05807	-0.01161	0.65576	0.00387	1	1.45898	0.81042	0	
1280416	8635.03711	3307149968451	0.39085	0.07599	8634.82227	0.21484	12175	1	0.48439	0.15475	1	0.47247	0.29833	1	0.47843	0.22654	1	0.46984	0.52746	10.55134	1.05881	1	0.73104	0.54866	11.33125	1.05115	1	-0.00745	-0.00810	0.67107	0.00221	1	0.05807	-0.01161	0.65576	0.00386	1	1.45898	0.81042	0	
1280417	8635.04395	3307150038086	0.39440	0.08054	8634.82227	0.22168	12175	1	0.53585	0.16662	1	0.48759	0.29469	1	0.51172	0.23066	1	0.46974	0.52750	10.51961	1.05115	1	0.73132	0.54870	11.32395	1.04349	1	-0.00745	-0.00810	0.67107	0.00215	1	0.05807	-0.01161	0.65576	0.00397	1	1.45898	0.81042	0	
1280418	8635.05078	3307150104960	0.39777	0.08483	8634.82227	0.22852	12175	1	0.53658	0.17400	1	0.48802	0.28713	1	0.51230	0.23057	1	0.46965	0.52766	10.53927	1.04349	1	0.73090	0.54912	11.71292	1.05217	1	-0.00762	-0.00835	0.68689	0.00218	1	0.06175	-0.01236	0.69847	0.00376	1	1.45898	0.81042	0	
1280419	8635.05762	3307150170507	0.42031	0.12102	8634.82227	0.22852	12175	0	0.52482	0.16625	1	0.46284	0.30356	1	0.49383	0.23491	1	0.46966	0.52770	10.64185	1.05217	1	0.73092	0.54898	11.43050	1.06851	1	-0.00762	-0.00835	0.68689	0.00217	1	0.06175	-0.01236	0.69847	0.00394	1	1.45898	0.81042	0	
1280420	8635.06445	3307150238572	0.45659	0.16514	8634.82227	0.22852	12175	0	0.51493	0.14864	1	0.47081	0.26988	1	0.49287	0.20926	1	0.46960	0.52760	11.02392	1.06851	1	0.73102	0.54839	11.05531	1.08485	1	-0.00762	-0.00835	0.68689	0.00216	1	0.06175	-0.01236	0.69847	0.00412	1	1.45898	0.81042	0	
1280421	8635.07129	3307150303944	0.46842	0.17612	8634.82227	0.22852	12175	0	0.51312	0.13285	1	0.47106	0.26330	1	0.49209	0.19808	1	0.46966	0.52772	10.67516	1.08485	1	0.73075	0.54810	11.45064	1.09251	1	-0.00762	-0.00835	0.68689	0.00217	1	0.05978	-0.01198	0.67679	0.00414	1	1.45898	0.81042	0	
1280422	8635.07812	3307150372409	0.49154	0.20448	8634.82227	0.22852	12175	0	0.51761	0.12900	1	0.46170	0.28323	1	0.48965	0.20612	1	0.46963	0.52774	10.52296	1.09251	1	0.73047	0.54889	12.00385	1.08383	1	-0.00762	-0.00835	0.68689	0.00220	1	0.05978	-0.01198	0.67679	0.00396	1	1.45898	0.81042	0	
1280423	8635.08398	3307150439563	0.50277	0.20846	8634.82227	0.22852	12175	0	0.51406	0.13942	1	0.51393	0.28545	1	0.51400	0.21243	1	0.46961	0.52774	10.54311	1.08383	1	0.73093	0.54860	11.36149	1.07515	1	-0.00762	-0.00835	0.68689	0.00219	1	0.05978	-0.01198	0.67679	0.00405	1	1.45898	0.81042	0	
1280424	8635.09082	3307150506580	0.50657	0.21241	8634.82227	0.22852	12175	0	0.51501	0.14776	1	0.51332	0.29287	1	0.51416	0.22032	1	0.46958	0.52777	10.76284	1.07515	1	0.73054	0.54834	11.90014	1.06647	1	-0.00762	-0.00835	0.68689	0.00216	1	0.05978	-0.01198	0.67679	0.00408	1	1.45898	0.81042	0	
1280425	8635.09766	3307150573331	0.50690	0.21094	8635.07812	0.01953	12176	1	0.52218	0.15827	1	0.49361	0.25480	1	0.50789	0.20654	1	0.46958	0.52774	10.84673	1.06647	1	0.73058	0.54829	11.95024	1.06647	1	-0.00762	-0.00835	0.68689	0.00215	1	0.05978	-0.01198	0.67679	0.00404	1	1.45898	0.81042	0	
1280426	8635.10449	3307150639889	0.50607	0.21348	8635.07812	0.02637	12176	1	0.51781	0.16203	1	0.48768	0.28521	1	0.50275	0.22362	1	0.46963	0.52774	10.81571	1.06647	1	0.73053	0.54878	12.04593	1.06647	1	-0.00762	-0.00835	0.68689	0.00218	1	0.05978	-0.01198	0.67679	0.00384	1	1.45898	0.81042	0	
1280427	8635.11133	3307150707069	0.50552	0.21517	8635.07812	0.03320	12176	1	0.51781	0.16203	1	0.48768	0.28521	1	0.50275	0.22362	1	0.46959	0.52762	11.16392	1.06647	1	0.73074	0.54796	11.61999	1.06647	1	-0.00762	-0.00835	0.68689	0.00216	1	0.05978	-0.01198	0.67679	0.00411	1	1.45898	0.81042	0	
1280428	8635.11816	3307150774214	0.50642	0.21001	8635.07812	0.04004	12176	1	0.52833	0.14524	1	0.49533	0.21283	1	0.51183	0.17903	1	0.46966	0.52747	11.10665	1.06647	1	0.73063	0.54798	11.82340	1.06647	1	-0.00762	-0.00835	0.68689	0.00217	1	0.05978	-0.01198	0.67679	0.00420	1	1.45898	0.81042	0	
1280429	8635.12500	3307150841374	0.50624	0.21229	8635.07812	0.04688	12176	1	0.51822	0.15691	1	0.49178	0.29962	1	0.50500	0.22827	1	0.46966	0.52767	11.28279	1.06647	1	0.73058	0.54834	11.91360	1.06647	1	-0.00762	-0.00835	0.68689	0.00214	1	0.05978	-0.01198	0.67679	0.00402	1	1.45898	0.81042	0	
1280430	8635.13086	3307150908532	0.50610	0.21406	8635.07812	0.05273	12176	1	0.51822	0.15691	1	0.49178	0.29962	1	0.50500	0.22827	1	0.46954	0.52764	10.85445	1.06647	1	0.73056	0.54856	12.01889	1.06647	1	-0.00762	-0.00835	0.68689	0.00222	1	0.05978	-0.01198	0.67679	0.00397	1	1.45898	0.81042	0	
1280431	8635.13770	3307150975725	0.50413	0.21423	8635.07812	0.05957	12176	1	0.53259	0.15041	1	0.44021	0.28113	1	0.48640	0.21577	1	0.46967	0.52753	11.13751	1.06647	1	0.73052	0.54822	11.86387	1.06647	1	-0.00762	-0.00835	0.68689	0.00221	1	0.05978	-0.01198	0.67679	0.00420	1	1.45898	0.81042	0	
1280432	8635.14453	3307151042443	0.50099	0.21446	8635.07812	0.06641	12176	1	0.47732	0.15158	1	0.46171	0.28190	1	0.46952	0.21674	1	0.46959	0.52759	10.94070	1.06647	1	0.73077	0.54810	11.55446	1.06647	1	-0.00762	-0.00835	0.68689	0.00218	1	0.05978	-0.01198	0.67679	0.00412	1	1.45898	0.81042	0	
1280433	8635.15137	3307151108358	0.49836	0.21465	8635.07812	0.07324	12176	1	0.47732	0.15158	1	0.46171	0.28190	1	0.46952	0.21674	1	0.46986	0.52758	10.48248	1.06647	1	0.73079	0.54792	11.47625	1.06647	1	-0.00745	-0.00810	0.67107	0.00226	1	0.05978	-0.01198	0.67679	0.00419	1	1.45898	0.81042	0	
1280434	8635.15820	3307151176336	0.49556	0.21523	8635.07812	0.08008	12176	1	0.48997	0.13498	1	0.43385	0.30924	1	0.46191	0.22211	1	0.46990	0.52745	11.33783	1.06647	1	0.73041	0.54845	11.88443	1.06647	1	-0.00745	-0.00810	0.67107	0.00223	1	0.05978	-0.01198	0.67679	0.00432	1	1.45898	0.81042	0	
1280435	8635.16504	3307151243107	0.49409	0.21342	8635.07812	0.08691	12176	1	0.49562	0.13491	1	0.45449	0.24501	1	0.47505	0.18996	1	0.46998	0.52745	10.63004	1.06647	1	0.73071	0.54806	11.53933	1.06647	1	-0.00745	-0.00810	0.67107	0.00235	1	0.05978	-0.01198	0.67679	0.00406	1	1.45898	0.81042	0	
1280436	8635.17188	3307151310275	0.49279	0.21152	8635.07812	0.09375	12176	1	0.49448	0.12599	1	0.45451	0.24373	1	0.47449	0.18486	1	0.47002	0.52749	10.53134	1.07556	1	0.73100	0.54806	10.95917	1.06790	1	-0.00778	-0.00858	0.70620	0.00233	1	0.05807	-0.01161	0.65576	0.00408	1	1.45898	0.81042	0	
1280437	8635.17871	3307151377381	0.49123	0.21198	8635.07812	0.10059	12176	1	0.49677	0.13630	1	0.43880	0.30150	1	0.46778	0.21890	1	0.47002	0.52755	11.20153	1.07698	1	0.73051	0.54836	11.85159	1.06932	1	-0.00778	-0.00858	0.70620	0.00218	1	0.05807	-0.01161	0.65576	0.00403	1	1.45898	0.81042	0	
1280438	8635.18457	3307151444684	0.49069	0.20966	8635.07812	0.10645	12176	1	0.49002	0.13606	1	0.47429	0.20905	1	0.48216	0.17256	1	0.47000	0.52762	10.90009	1.07841	1	0.73103	0.54792	11.43871	1.07075	1	-0.00778	-0.00858	0.70620	0.00225	1	0.05807	-0.01161	0.65576	0.00413	1	1.45898	0.81042	0	
1280439	8635.19141	3307151511273	0.49024	0.20780	8635.07812	0.11328	12176	1	0.49101	0.14350	1	0.47429	0.20905	1	0.48265	0.17627	1	0.47006	0.52757	10.87978	1.07075	1	0.73100	0.54857	11.79760	1.07075	1	-0.00740	-0.00816	0.67584	0.00228	1	0.06061	-0.01213	0.68507	0.00387	1	1.45898	0.81042	0	
1280440	8635.19824	3307151577851	0.48990	0.20685	8635.07812	0.12012	12176	1	0.49600	0.13753	1	0.47133	0.24194	1	0.48367	0.18974	1	0.47005	0.52739	11.06435	1.06166	1	0.73102	0.54792	11.46573	1.06932	1	-0.00740	-0.00816	0.67584	0.00227	1	0.06061	-0.01213	0.68507	0.00383	1	1.45898	0.81042	0	
1280441	8635.20508	3307151644849	0.48983	0.20602	8635.07812	0.12695	12176	1	0.50956	0.15504	1	0.46748	0.22519	1	0.48852	0.19011	1	0.47014	0.52751	10.72250	1.06024	1	0.73091	0.54763	11.33762	1.06790	1	-0.00740	-0.00816	0.67584	0.00223	1	0.06061	-0.01213	0.68507	0.00399	1	1.45898	0.81042	0	
1280442	8635.21191	3307151712296	0.48975	0.20492	8635.07812	0.13379	12176	1	0.50867	0.14762	1	0.46771	0.21819	1	0.48819	0.18291	1	0.47023	0.52729	10.64499	1.06790	1	0.73150	0.54819	12.21439	1.07556	1	-0.00773	-0.00847	0.71051	0.00222	1	0.06047	-0.01208	0.68232	0.00390	1	1.45898	0.81042	0	
1280443	8635.21875	3307151778456	0.49063	0.20450	8635.07812	0.14062	12176	1	0.51550	0.09476	1	0.50286	0.29670	1	0.50918	0.19573	1	0.47037	0.52721	11.46353	1.08464	1	0.73148	0.54839	12.33412	1.08464	1	-0.00773	-0.00847	0.71051	0.00220	1	0.06047	-0.01208	0.68232	0.00379	1	1.45898	0.81042	0	
1280444	8635.22559	3307151846219	0.49127	0.20261	8635.07812	0.14746	12176	1	0.50055	0.07164	1	0.51006	0.25045	1	0.50530	0.16105	1	0.47035	0.52708	10.93497	1.09373	1	0.73159	0.54794	11.65686	1.09373	1	-0.00773	-0.00847	0.71051	0.00223	1	0.06047	-0.01208	0.68232	0.00397	1	1.45898	0.81042	0	
1280445	8635.23145	3307151913514	0.49186	0.20088	8635.07812	0.15332	12176	1	0.50055	0.07164	1	0.51006	0.25045	1	0.50530	0.16105	1	0.47039	0.52717	10.50557	1.09373	1	0.73142	0.54856	12.16482	1.09373	1	-0.00732	-0.00808	0.67797	0.00227	1	0.06047	-0.01208	0.68232	0.00361	1	1.45898	0.81042	0	
1280446	8635.23828	3307151977432	0.49289	0.20129	8635.07812	0.16016	12176	1	0.52992	0.11506	1	0.50533	0.30729	1	0.51763	0.21118	1	0.47059	0.52735	10.77733	1.08464	1	0.73149	0.54851	12.11783	1.08464	1	-0.00732	-0.00808	0.67797	0.00231	1	0.06047	-0.01208	0.68232	0.00373	1	1.45898	0.81042	0	
1280447	8635.24414	3307152040062	0.49310	0.20277	8635.07812	0.16602	12176	1	0.49702	0.12209	1	0.49970	0.35748	1	0.49836	0.23979	1	0.47046	0.52726	10.77898	1.07556	1	0.73147	0.54878	12.22046	1.07556	1	-0.00732	-0.00808	0.67797	0.00225	1	0.06047	-0.01208	0.68232	0.00374	1	1.45898	0.81042	0	
1280448	8635.25195	3307152110739	0.49330	0.20444	8635.07812	0.17383	12176	1	0.49815	0.13105	1	0.49916	0.36463	1	0.49866	0.24784	1	0.47058	0.52719	11.27601	1.06647	1	0.73132	0.54782	12.01045	1.06647	1	-0.00732	-0.00803	0.67797	0.00228	1	0.06047	-0.01203	0.68232	0.00396	1	1.45898	0.81042	0	
1280449	8635.25781	3307152176740	0.49235	0.20460	8635.07812	0.17969	12176	1	0.49367	0.11585	1	0.43926	0.30217	1	0.46646	0.20901	1	0.47069	0.52710	10.90767	1.06647	1	0.73127	0.54841	11.99237	1.06647	1	-0.00732	-0.00803	0.67797	0.00225	1	0.06047	-0.01203	0.68232	0.00405	1	1.45898	0.81042	0	
1280450	8635.26465	3307152244178	0.49121	0.20561	8635.07812	0.18652	12176	1	0.47516	0.12324	1	0.44371	0.34443	1	0.45944	0.23383	1	0.47055	0.52726	10.68038	1.06647	1	0.73137	0.54884	12.31150	1.06647	1	-0.00732	-0.00803	0.67797	0.00228	1	0.06047	-0.01203	0.68232	0.00380	1	1.45898	0.81042	0	
1280451	8635.27148	3307152311091	0.49015	0.20665	8635.07812	0.19336	12176	1	0.47516	0.12324	1	0.44365	0.35056	1	0.45941	0.23690	1	0.47086	0.52710	10.91356	1.06647	1	0.73139	0.54883	11.89394	1.05881	1	-0.00706	-0.00786	0.66314	0.00230	1	0.05867	-0.01169	0.66036	0.00382	1	1.45898	0.81042	0	
1280452	8635.27832	3307152378019	0.48963	0.20680	8635.07812	0.20020	12176	1	0.50111	0.11679	1	0.44708	0.30590	1	0.47410	0.21135	1	0.47084	0.52711	10.92156	1.05881	1	0.73141	0.54861	11.74024	1.05115	1	-0.00706	-0.00786	0.66314	0.00229	1	0.05867	-0.01169	0.66036	0.00382	1	1.45898	0.81042	0	
1280453	8635.28516	3307152446831	0.48913	0.20753	8635.07812	0.20703	12176	1	0.50923	0.12047	1	0.43785	0.33934	1	0.47354	0.22990	1	0.47093	0.52714	11.21718	1.05115	1	0.73130	0.54850	11.93680	1.04349	1	-0.00706	-0.00786	0.66314	0.00227	1	0.05867	-0.01169	0.66036	0.00387	1	1.45898	0.81042	0	
1280454	8635.29199	3307152511540	0.48867	0.20832	8635.07812	0.21387	12176	1	0.51012	0.12820	1	0.43785	0.33934	1	0.47399	0.23377	1	0.47089	0.52712	11.26042	1.04349	1	0.73188	0.54760	11.34571	1.04349	1	-0.00706	-0.00791	0.66314	0.00223	1	0.06070	-0.01203	0.68260	0.00426	1	1.45898	0.81042	0	
1280455	8635.29883	3307152580146	0.48876	0.20792	8635.07812	0.22070	12176	1	0.51049	0.13708	1	0.47308	0.25227	1	0.49179	0.19468	1	0.47097	0.52705	10.92086	1.04349	1	0.73178	0.54725	11.00049	1.05115	1	-0.00706	-0.00791	0.66314	0.00222	1	0.06070	-0.01203	0.68260	0.00410	1	1.45898	0.81042	0	
1280456	8635.30566	3307152648494	0.48875	0.20823	8635.07812	0.22754	12176	1	0.50370	0.12425	1	0.47281	0.31349	1	0.48826	0.21887	1	0.47096	0.52715	11.23543	1.05115	1	0.73178	0.54841	11.97401	1.05881	1	-0.00706	-0.00791	0.66314	0.00224	1	0.06070	-0.01203	0.68260	0.00363	1	1.45898	0.81042	0	
1280457	8635.31250	3307152716389	0.48871	0.20810	8635.07812	0.23438	12176	1	0.50167	0.10740	1	0.47340	0.29945	1	0.48754	0.20343	1	0.47108	0.52711	11.31484	1.06790	1	0.73219	0.54839	12.05067	1.07556	1	-0.00748	-0.00839	0.70786	0.00218	1	0.06070	-0.01203	0.68260	0.00369	1	1.45898	0.81042	0	
1280458	8635.31836	3307152780727	0.48920	0.20775	8635.07812	0.24023	12176	1	0.51393	0.08975	1	0.49981	0.30053	1	0.50687	0.19514	1	0.47118	0.52703	10.76937	1.08464	1	0.73224	0.54863	12.14015	1.08464	1	-0.00748	-0.00839	0.70786	0.00227	1	0.06070	-0.01203	0.68260	0.00374	1	1.45898	0.81042	0	
1280459	8635.32520	3307152848700	0.48953	0.20727	8635.07812	0.24707	12176	1	0.50864	0.06943	1	0.49475	0.30946	1	0.50169	0.18945	1	0.47103	0.52701	10.83100	1.09373	1	0.73219	0.54877	12.11344	1.09373	1	-0.00748	-0.00839	0.70786	0.00225	1	0.06070	-0.01203	0.68260	0.00369	1	1.45898	0.81042	0	
1280460	8635.33203	3307152914671	0.48985	0.20681	8635.07812	0.25391	12176	1	0.50864	0.06943	1	0.49475	0.30946	1	0.50169	0.18945	1	0.47125	0.52695	10.96117	1.09373	1	0.73229	0.54870	11.96603	1.09373	1	-0.00719	-0.00812	0.68505	0.00222	1	0.06038	-0.01202	0.67899	0.00379	1	1.45898	0.81042	0	
1280461	8635.33887	3307152979894	0.48911	0.20731	8635.07812	0.26074	12176	1	0.47826	0.08935	1	0.44233	0.36458	1	0.46029	0.22696	1	0.47133	0.52710	10.89921	1.08464	1	0.73172	0.54916	12.64016	1.08464	1	-0.00719	-0.00812	0.68505	0.00230	1	0.06038	-0.01202	0.67899	0.00402	1	1.45898	0.81042	0	
1280462	8635.34570	3307153051340	0.48850	0.20749	8635.07812	0.26758	12176	1	0.47846	0.09627	1	0.44997	0.33281	1	0.46422	0.21454	1	0.47135	0.52701	10.81509	1.07556	1	0.73223	0.54860	12.02975	1.07556	1	-0.00719	-0.00812	0.68505	0.00227	1	0.06038	-0.01202	0.67899	0.00390	1	1.45898	0.81042	0	
1280463	8635.35156	3307153114375	0.48793	0.20793	8635.07812	0.27344	12176	1	0.47971	0.10546	1	0.44973	0.34630	1	0.46472	0.22588	1	0.47160	0.52722	11.17155	1.06647	1	0.73235	0.54852	11.93597	1.05881	1	-0.00705	-0.00807	0.68113	0.00227	1	0.05941	-0.01179	0.66637	0.00414	1	1.45898	0.81042	0	
1280464	8635.35840	3307153183816	0.48729	0.20778	8635.07812	0.28027	12176	1	0.47614	0.10955	1	0.44463	0.29320	1	0.46038	0.20137	1	0.47193	0.52712	10.75809	1.05881	1	0.73257	0.54901	11.87441	1.05115	1	-0.00705	-0.00807	0.68113	0.00231	1	0.05941	-0.01179	0.66637	0.00383	1	1.45898	0.81042	0	
1280465	8635.36523	3307153252148	0.48614	0.20481	8635.07812	0.28711	12176	1	0.43106	0.08702	1	0.44216	0.06716	1	0.43661	0.07709	1	0.47198	0.52715	11.11540	1.05115	1	0.73275	0.54649	11.73027	1.04349	1	-0.00705	-0.00807	0.68113	0.00225	1	0.05941	-0.01179	0.66637	0.00253	1	1.45898	0.81042	0	
1280466	8635.37207	3307153316914	0.48506	0.20206	8635.07812	0.29395	12176	1	0.43243	0.09504	1	0.44216	0.06716	1	0.43729	0.08110	1	0.47530	0.53117	10.91699	1.04349	1	0.73587	0.55156	12.49942	1.04349	1	-0.00646	-0.00851	0.68384	0.00342	1	0.05910	-0.01204	0.65795	0.00369	1	1.45898	0.81042	0	
1280467	8635.37891	3307153386757	0.48717	0.20656	8635.07812	0.30078	12176	1	0.58736	0.34839	1	0.57711	0.46956	1	0.58224	0.40898	1	0.47604	0.53133	10.29875	1.04349	1	0.73635	0.55195	11.96163	1.05115	1	-0.00646	-0.00851	0.68384	0.00353	1	0.05910	-0.01204	0.65795	0.00376	1	1.45898	0.81042	0	
1280468	8635.38574	3307153453184	0.48824	0.20715	8635.07812	0.30762	12176	1	0.54469	0.29335	1	0.53045	0.17583	1	0.53757	0.23459	1	0.47614	0.53130	10.24794	1.05115	1	0.73655	0.54935	11.55993	1.05881	1	-0.00646	-0.00851	0.68384	0.00369	1	0.05910	-0.01204	0.65795	0.00246	1	1.45898	0.81042	0	
1280469	8635.39258	3307153520667	0.48927	0.20741	8635.07812	0.31445	12176	1	0.54320	0.27924	1	0.53191	0.15952	1	0.53756	0.21938	1	0.47868	0.53332	11.00792	1.06790	1	0.73897	0.55370	11.87052	1.07556	1	-0.00623	-0.00895	0.71052	0.00371	1	0.06005	-0.01235	0.66408	0.00351	1	1.45898	0.81042	0	
1280470	8635.39941	3307153587164	0.49244	0.21372	8635.07812	0.32129	12176	1	0.65196	0.43932	1	0.63601	0.57583	1	0.64398	0.50758	1	0.47855	0.53324	11.20398	1.08464	1	0.73885	0.55374	12.31097	1.08464	1	-0.00623	-0.00895	0.71052	0.00356	1	0.06005	-0.01235	0.66408	0.00369	1	1.45898	0.81042	0	
1280471	8635.40625	3307153654386	0.51518	0.25537	8635.07812	0.32129	12176	0	0.66835	0.44870	1	0.64274	0.50643	1	0.65554	0.47757	1	0.47872	0.53326	10.91432	1.09373	1	0.73882	0.55306	11.72429	1.09373	1	-0.00623	-0.00895	0.71052	0.00362	1	0.06005	-0.01235	0.66408	0.00382	1	1.45898	0.81042	0	
1280472	8635.41309	3307153721542	0.58536	0.36647	8635.07812	0.32129	12176	0	0.66835	0.44870	1	0.64274	0.50643	1	0.65554	0.47757	1	0.47881	0.53367	10.95410	1.09373	1	0.73897	0.55422	11.63630	1.09373	1	-0.00587	-0.00851	0.67538	0.00345	1	0.06098	-0.01257	0.67318	0.00355	1	1.45898	0.81042	0	
1280473	8635.41895	3307153788662	0.61618	0.41159	8635.07812	0.32129	12176	0	0.69856	0.43239	1	0.65710	0.57129	1	0.67783	0.50184	1	0.47925	0.53313	11.01153	1.08464	1	0.73916	0.55360	11.05712	1.08464	1	-0.00587	-0.00851	0.67538	0.00341	1	0.06098	-0.01257	0.67318	0.00370	1	1.45898	0.81042	0	
1280474	8635.42578	3307153855104	0.66738	0.50354	8635.07812	0.32129	12176	0	0.67918	0.46150	1	0.65839	0.60093	1	0.66878	0.53122	1	0.47892	0.53353	10.32666	1.07556	1	0.73925	0.55377	11.56079	1.07556	1	-0.00587	-0.00851	0.67538	0.00330	1	0.06098	-0.01257	0.67318	0.00373	1	1.45898	0.81042	0	
1280475	8635.43262	3307153922434	0.66757	0.52017	8635.07812	0.32129	12176	0	0.67896	0.46751	1	0.65655	0.60610	1	0.66775	0.53680	1	0.47919	0.53382	11.69747	1.06647	1	0.73973	0.55355	11.92235	1.06647	1	-0.00581	-0.00857	0.68021	0.00329	1	0.06116	-0.01259	0.67413	0.00383	1	1.45898	0.81042	0	
1280476	8635.43945	3307153988563	0.67352	0.53165	8635.07812	0.32129	12176	0	0.69794	0.48501	1	0.67288	0.62423	1	0.68541	0.55462	1	0.47921	0.53366	11.41497	1.06647	1	0.73985	0.55450	11.66826	1.06647	1	-0.00581	-0.00857	0.68021	0.00326	1	0.06116	-0.01259	0.67413	0.00366	1	1.45898	0.81042	0	
1280477	8635.44629	3307154056415	0.67679	0.52778	8635.42578	0.02051	12177	1	0.70649	0.47847	1	0.66675	0.55382	1	0.68662	0.51615	1	0.47931	0.53372	11.11687	1.06647	1	0.73971	0.55374	11.54878	1.06647	1	-0.00581	-0.00857	0.68021	0.00325	1	0.06116	-0.01259	0.67413	0.00371	1	1.45898	0.81042	0	
1280478	8635.45312	3307154123437	0.67876	0.52545	8635.42578	0.02734	12177	1	0.70649	0.47847	1	0.66675	0.55382	1	0.68662	0.51615	1	0.47940	0.53372	10.92049	1.06647	1	0.73964	0.55458	11.75871	1.06647	1	-0.00566	-0.00850	0.67443	0.00329	1	0.06116	-0.01259	0.67413	0.00374	1	1.45898	0.81042	0	
1280479	8635.45996	3307154190102	0.67717	0.52787	8635.42578	0.03418	12177	1	0.70415	0.48692	1	0.63436	0.59296	1	0.66926	0.53994	1	0.47926	0.53379	11.15329	1.06647	1	0.73965	0.55424	11.39648	1.06647	1	-0.00566	-0.00850	0.67443	0.00327	1	0.06116	-0.01259	0.67413	0.00378	1	1.45898	0.81042	0	
1280480	8635.46582	3307154258171	0.67567	0.52878	8635.42578	0.04004	12177	1	0.70683	0.48717	1	0.62652	0.58141	1	0.66667	0.53429	1	0.47936	0.53369	11.25317	1.06647	1	0.73957	0.55422	11.47301	1.06647	1	-0.00566	-0.00850	0.67443	0.00327	1	0.06116	-0.01259	0.67413	0.00351	1	1.45898	0.81042	0	
1280481	8635.47266	3307154324477	0.67446	0.52975	8635.42578	0.04688	12177	1	0.70683	0.48717	1	0.62518	0.58593	1	0.66600	0.53655	1	0.47949	0.53365	10.78280	1.06647	1	0.73972	0.55394	11.66634	1.05881	1	-0.00566	-0.00850	0.67443	0.00330	1	0.06021	-0.01238	0.66304	0.00365	1	1.45898	0.81042	0	
1280482	8635.47949	3307154391559	0.67544	0.53085	8635.42578	0.05371	12177	1	0.72065	0.50004	1	0.64586	0.57912	1	0.68326	0.53958	1	0.47954	0.53386	10.82559	1.05881	1	0.73988	0.55408	11.65908	1.05115	1	-0.00566	-0.00850	0.67443	0.00330	1	0.06021	-0.01238	0.66304	0.00360	1	1.45898	0.81042	0	
1280483	8635.48633	3307154458559	0.67471	0.52918	8635.42578	0.06055	12177	1	0.68085	0.48798	1	0.65548	0.54030	1	0.66816	0.51414	1	0.47942	0.53379	10.72584	1.05115	1	0.74002	0.55399	11.58482	1.04349	1	-0.00566	-0.00850	0.67443	0.00334	1	0.06021	-0.01238	0.66304	0.00356	1	1.45898	0.81042	0	
1280484	8635.49316	3307154524521	0.67411	0.52804	8635.42578	0.06738	12177	1	0.68065	0.49296	1	0.65548	0.54030	1	0.66806	0.51663	1	0.47979	0.53412	11.14559	1.04349	1	0.74065	0.55434	11.85671	1.04349	1	-0.00566	-0.00845	0.67443	0.00328	1	0.06125	-0.01262	0.67290	0.00359	1	1.45898	0.81042	0	
1280485	8635.50000	3307154592156	0.67410	0.53187	8635.42578	0.07422	12177	1	0.70263	0.50172	1	0.64531	0.64649	1	0.67397	0.57410	1	0.48009	0.53371	10.89316	1.04349	1	0.74066	0.55467	12.20149	1.05115	1	-0.00566	-0.00845	0.67443	0.00336	1	0.06125	-0.01262	0.67290	0.00387	1	1.45898	0.81042	0	
1280486	8635.50684	3307154660285	0.67314	0.53433	8635.42578	0.08105	12177	1	0.68500	0.51719	1	0.63837	0.61033	1	0.66169	0.56376	1	0.48011	0.53397	11.01879	1.05115	1	0.74053	0.55493	12.28368	1.05881	1	-0.00566	-0.00845	0.67443	0.00325	1	0.06125	-0.01262	0.67290	0.00374	1	1.45898	0.81042	0	
1280487	8635.51367	3307154727816	0.67238	0.53610	8635.42578	0.08789	12177	1	0.68524	0.51241	1	0.63980	0.60598	1	0.66252	0.55920	1	0.48134	0.53361	11.07231	1.05881	1	0.74140	0.55495	12.20862	1.06647	1	-0.00552	-0.00864	0.68176	0.00334	1	0.06204	-0.01281	0.68042	0.00357	1	1.45898	0.81042	0	
1280488	8635.51953	3307154794103	0.67751	0.53164	8635.42578	0.09375	12177	1	0.74828	0.52644	1	0.75039	0.41185	1	0.74934	0.46914	1	0.48152	0.53429	11.73298	1.06647	1	0.74269	0.55274	11.49411	1.06647	1	-0.00552	-0.00864	0.68176	0.00336	1	0.06204	-0.01281	0.68042	0.00246	1	1.45898	0.81042	0	
1280489	8635.52637	3307154860195	0.68213	0.52805	8635.42578	0.10059	12177	1	0.74101	0.53787	1	0.76158	0.41058	1	0.75130	0.47423	1	0.48149	0.53424	11.87477	1.06647	1	0.74275	0.55278	10.95800	1.06647	1	-0.00552	-0.00864	0.68176	0.00331	1	0.06204	-0.01281	0.68042	0.00255	1	1.45898	0.81042	0	
1280490	8635.53320	3307154922816	0.68613	0.52506	8635.42578	0.10742	12177	1	0.74101	0.53787	1	0.75931	0.41643	1	0.75016	0.47715	1	0.48143	0.53404	11.85453	1.06647	1	0.74167	0.55482	12.08537	1.05881	1	-0.00552	-0.00864	0.68176	0.00331	1	0.05970	-0.01236	0.65420	0.00344	1	1.45898	0.81042	0	
1280491	8635.54004	3307154993384	0.68803	0.52699	8635.42578	0.11426	12177	1	0.73998	0.51582	1	0.70085	0.60391	1	0.72041	0.55987	1	0.48149	0.53408	11.85378	1.05881	1	0.74192	0.55469	11.67687	1.05115	1	-0.00552	-0.00864	0.68176	0.00332	1	0.05970	-0.01236	0.65420	0.00362	1	1.45898	0.81042	0	
1280492	8635.54590	3307155056761	0.68975	0.52952	8635.42578	0.12012	12177	1	0.74307	0.52623	1	0.69825	0.62390	1	0.72066	0.57506	1	0.48142	0.53414	11.70758	1.05115	1	0.74190	0.55485	11.88389	1.04349	1	-0.00552	-0.00864	0.68176	0.00332	1	0.05970	-0.01236	0.65420	0.00352	1	1.45898	0.81042	0	
1280493	8635.55273	3307155126415	0.69131	0.53176	8635.42578	0.12695	12177	1	0.74318	0.52536	1	0.69860	0.62309	1	0.72089	0.57422	1	0.48145	0.53400	11.72293	1.05258	1	0.74204	0.55478	12.17322	1.04492	1	-0.00570	-0.00906	0.71063	0.00326	1	0.05970	-0.01236	0.65420	0.00356	1	1.45898	0.81042	0	
1280494	8635.55957	3307155195188	0.69317	0.53388	8635.42578	0.13379	12177	1	0.74734	0.53775	1	0.71358	0.61509	1	0.73046	0.57642	1	0.48147	0.53410	11.87081	1.05400	1	0.74205	0.55488	12.06332	1.05400	1	-0.00570	-0.00906	0.71063	0.00329	1	0.05970	-0.01236	0.65420	0.00360	1	1.45898	0.81042	0	
1280495	8635.56641	3307155262315	0.69448	0.53537	8635.42578	0.14062	12177	1	0.74601	0.52620	1	0.69784	0.60707	1	0.72192	0.56664	1	0.48148	0.53408	11.72431	1.06309	1	0.74194	0.55489	12.30077	1.06309	1	-0.00570	-0.00906	0.71063	0.00331	1	0.05970	-0.01236	0.65420	0.00359	1	1.45898	0.81042	0	
1280496	8635.57324	3307155329074	0.69567	0.53673	8635.42578	0.14746	12177	1	0.74601	0.52620	1	0.69784	0.60707	1	0.72192	0.56664	1	0.48148	0.53408	11.72431	1.06309	1	0.74186	0.55489	12.30256	1.06309	1	-0.00542	-0.00859	0.68174	0.00331	1	0.05970	-0.01236	0.65420	0.00353	1	1.45898	0.81042	0	
1280497	8635.58008	3307155396243	0.69663	0.53777	8635.42578	0.15430	12177	1	0.73956	0.53296	1	0.69756	0.59034	1	0.71856	0.56165	1	0.48142	0.53414	11.96466	1.05400	1	0.74183	0.55455	11.60860	1.05400	1	-0.00542	-0.00859	0.68174	0.00329	1	0.05970	-0.01236	0.65420	0.00361	1	1.45898	0.81042	0	
1280498	8635.58691	3307155463244	0.72333	0.54431	8635.42578	0.15430	12177	0	0.72902	0.53935	1	0.69469	0.60374	1	0.71186	0.57155	1	0.48143	0.53410	11.79608	1.04492	1	0.74185	0.55472	12.07563	1.04492	1	-0.00542	-0.00859	0.68174	0.00330	1	0.05970	-0.01236	0.65420	0.00358	1	1.45898	0.81042	0	
1280499	8635.59277	3307155526257	0.71806	0.55681	8635.42578	0.15430	12177	0	0.72902	0.53935	1	0.69655	0.59926	1	0.71278	0.56931	1	0.48147	0.53392	11.82498	1.04492	1	0.74184	0.55482	12.37683	1.05258	1	-0.00569	-0.00898	0.70871	0.00332	1	0.06190	-0.01276	0.67777	0.00356	1	1.45898	0.81042	0	
1280500	8635.59961	3307155595327	0.71539	0.55524	8635.42578	0.15430	12177	0	0.74357	0.51521	1	0.67651	0.58899	1	0.71004	0.55210	1	0.48150	0.53398	11.84731	1.06166	1	0.74190	0.55482	11.91839	1.06932	1	-0.00569	-0.00898	0.70871	0.00333	1	0.06190	-0.01276	0.67777	0.00360	1	1.45898	0.81042	0	
1280501	8635.60742	3307155665279	0.71713	0.55240	8635.58691	0.02051	12178	1	0.74412	0.50969	1	0.70060	0.57808	1	0.72236	0.54389	1	0.48143	0.53407	11.71598	1.07841	1	0.74188	0.55485	12.20475	1.08607	1	-0.00569	-0.00898	0.70871	0.00332	1	0.06190	-0.01276	0.67777	0.00357	1	1.45898	0.81042	0	
1280502	8635.61328	3307155731183	0.71842	0.54978	8635.58691	0.02637	12178	1	0.74472	0.50501	1	0.70242	0.57358	1	0.72357	0.53929	1	0.48147	0.53413	11.83098	1.08607	1	0.74203	0.55509	12.35120	1.09373	1	-0.00546	-0.00871	0.68757	0.00331	1	0.06190	-0.01276	0.67777	0.00357	1	1.45898	0.81042	0	
1280503	8635.62012	3307155797986	0.71823	0.55366	8635.58691	0.03320	12178	1	0.75018	0.51927	1	0.68439	0.62688	1	0.71729	0.57308	1	0.48148	0.53410	11.86858	1.08464	1	0.74204	0.55524	12.57361	1.08464	1	-0.00546	-0.00871	0.68757	0.00330	1	0.06190	-0.01276	0.67777	0.00357	1	1.45898	0.81042	0	
1280504	8635.62695	3307155865046	0.71816	0.55409	8635.58691	0.04004	12178	1	0.74854	0.51517	1	0.68702	0.59812	1	0.71778	0.55665	1	0.48147	0.53414	11.92362	1.07556	1	0.74204	0.55489	12.32226	1.07556	1	-0.00546	-0.00871	0.68757	0.00329	1	0.06190	-0.01276	0.67777	0.00362	1	1.45898	0.81042	0	
1280505	8635.63379	3307155931984	0.71794	0.55508	8635.58691	0.04688	12178	1	0.74779	0.52070	1	0.68494	0.60333	1	0.71636	0.56201	1	0.48147	0.53417	11.92649	1.06647	1	0.74193	0.55477	12.16373	1.06647	1	-0.00542	-0.00869	0.68174	0.00329	1	0.06206	-0.01284	0.67948	0.00359	1	1.45898	0.81042	0	
1280506	8635.64062	3307155998972	0.71580	0.55707	8635.58691	0.05371	12178	1	0.72733	0.51531	1	0.67003	0.63069	1	0.69868	0.57300	1	0.48140	0.53405	11.78522	1.06647	1	0.74182	0.55505	12.24448	1.06647	1	-0.00542	-0.00869	0.68174	0.00328	1	0.06206	-0.01284	0.67948	0.00347	1	1.45898	0.81042	0	
1280507	8635.64746	3307156065420	0.71569	0.55888	8635.58691	0.06055	12178	1	0.74779	0.52070	1	0.68162	0.62956	1	0.71470	0.57513	1	0.48147	0.53414	11.86966	1.06647	1	0.74197	0.55506	12.06872	1.06647	1	-0.00542	-0.00869	0.68174	0.00330	1	0.06206	-0.01284	0.67948	0.00367	1	1.45898	0.81042	0	
1280508	8635.65430	3307156133273	0.71560	0.56035	8635.58691	0.06738	12178	1	0.74779	0.52070	1	0.68162	0.62956	1	0.71470	0.57513	1	0.48133	0.53422	11.65979	1.06647	1	0.74203	0.55543	12.32252	1.06647	1	-0.00546	-0.00871	0.68757	0.00323	1	0.06206	-0.01284	0.67948	0.00368	1	1.45898	0.81042	0	
1280509	8635.66016	3307156200102	0.71552	0.56354	8635.58691	0.07324	12178	1	0.74138	0.52896	1	0.68788	0.66824	1	0.71463	0.59860	1	0.48146	0.53419	11.93414	1.06647	1	0.74205	0.55499	12.17744	1.06647	1	-0.00546	-0.00871	0.68757	0.00325	1	0.06206	-0.01284	0.67948	0.00366	1	1.45898	0.81042	0	
1280510	8635.66699	3307156266669	0.71515	0.56755	8635.58691	0.08008	12178	1	0.74628	0.52416	1	0.67502	0.70723	1	0.71065	0.61570	1	0.48143	0.53402	11.79813	1.06647	1	0.74182	0.55540	12.57917	1.06647	1	-0.00546	-0.00871	0.68757	0.00331	1	0.06206	-0.01284	0.67948	0.00358	1	1.45898	0.81042	0	
1280511	8635.67383	3307156333852	0.71482	0.57099	8635.58691	0.08691	12178	1	0.74628	0.52416	1	0.67502	0.70723	1	0.71065	0.61570	1	0.48156	0.53311	10.85252	1.06647	1	0.74357	0.55206	10.18025	1.06647	1	-0.00542	-0.00859	0.68174	0.00362	1	0.06206	-0.01274	0.67948	0.00246	1	1.45898	0.81042	0	
1280512	8635.68066	3307156401128	0.71948	0.56153	8635.58691	0.09375	12178	1	0.78256	0.51223	1	0.78677	0.34597	1	0.78467	0.42910	1	0.48205	0.53355	10.97783	1.06647	1	0.74373	0.55198	10.04919	1.06647	1	-0.00542	-0.00859	0.68174	0.00365	1	0.06206	-0.01274	0.67948	0.00259	1	1.45898	0.81042	0	
1280513	8635.68750	3307156467685	0.72245	0.55259	8635.58691	0.10059	12178	1	0.75582	0.48088	1	0.77805	0.35592	1	0.76693	0.41840	1	0.48168	0.53362	10.47246	1.06647	1	0.74351	0.55215	10.53910	1.06647	1	-0.00542	-0.00859	0.68174	0.00353	1	0.06206	-0.01274	0.67948	0.00243	1	1.45898	0.81042	0	
1280514	8635.69434	3307156535921	0.72490	0.54522	8635.58691	0.10742	12178	1	0.75511	0.48605	1	0.77317	0.36873	1	0.76414	0.42739	1	0.48171	0.53377	10.67733	1.05845	1	0.74376	0.55205	9.81338	1.05079	1	-0.00517	-0.00822	0.65608	0.00355	1	0.06017	-0.01234	0.65831	0.00243	1	1.45898	0.81042	0	
1280515	8635.70117	3307156602260	0.72792	0.53918	8635.58691	0.11426	12178	1	0.75564	0.51282	1	0.80278	0.35999	1	0.77921	0.43641	1	0.48171	0.53377	10.67733	1.04278	1	0.74361	0.55187	9.78843	1.03512	1	-0.00517	-0.00822	0.65608	0.00355	1	0.06017	-0.01234	0.65831	0.00254	1	1.45898	0.81042	0	
1280516	8635.70703	3307156668767	0.73003	0.53469	8635.58691	0.12012	12178	1	0.75526	0.50857	1	0.78094	0.39944	1	0.76810	0.45400	1	0.48172	0.53371	10.61570	1.02710	1	0.74371	0.55212	10.00310	1.01944	1	-0.00517	-0.00822	0.65608	0.00360	1	0.06017	-0.01234	0.65831	0.00239	1	1.45898	0.81042	0	
1280517	8635.71387	3307156735775	0.73192	0.53078	8635.58691	0.12695	12178	1	0.75455	0.51350	1	0.78094	0.39944	1	0.76775	0.45647	1	0.48185	0.53338	10.23888	1.01944	1	0.74357	0.55208	10.27735	1.01944	1	-0.00542	-0.00859	0.68174	0.00360	1	0.06206	-0.01274	0.67948	0.00245	1	1.45898	0.81042	0	
1280518	8635.72070	3307156802804	0.74865	0.50305	8635.58691	0.12695	12178	0	0.75586	0.51759	1	0.81950	0.35152	1	0.78768	0.43455	1	0.48174	0.53389	10.48617	1.02746	1	0.74379	0.55192	9.86322	1.03512	1	-0.00542	-0.00859	0.68174	0.00347	1	0.06206	-0.01274	0.67948	0.00261	1	1.45898	0.81042	0	
1280519	8635.72656	3307156865355	0.76651	0.47528	8635.58691	0.12695	12178	0	0.76188	0.53116	1	0.80686	0.36388	1	0.78437	0.44752	1	0.48180	0.53412	11.07933	1.04313	1	0.74361	0.55200	10.04123	1.05079	1	-0.00542	-0.00859	0.68174	0.00346	1	0.06206	-0.01274	0.67948	0.00242	1	1.45898	0.81042	0	
1280520	8635.73340	3307156931721	0.77361	0.46228	8635.58691	0.12695	12178	0	0.76341	0.52158	1	0.81221	0.35095	1	0.78781	0.43626	1	0.48157	0.53371	10.75534	1.05881	1	0.74359	0.55210	10.00120	1.06647	1	-0.00542	-0.00859	0.68174	0.00342	1	0.06206	-0.01274	0.67948	0.00230	1	1.45898	0.81042	0	
1280521	8635.74023	3307157001198	0.77477	0.44914	8635.72070	0.01953	12179	1	0.75085	0.49043	1	0.80563	0.32903	1	0.77824	0.40973	1	0.48157	0.53370	10.83412	1.06647	1	0.74361	0.55190	9.79232	1.06647	1	-0.00542	-0.00859	0.68174	0.00341	1	0.06206	-0.01274	0.67948	0.00231	1	1.45898	0.81042	0	
1280522	8635.74707	3307157067779	0.77579	0.44220	8635.72070	0.02637	12179	1	0.75135	0.49290	1	0.80834	0.33602	1	0.77985	0.41446	1	0.48155	0.53372	10.81797	1.06647	1	0.74347	0.55189	10.11549	1.06647	1	-0.00542	-0.00859	0.68174	0.00340	1	0.06206	-0.01274	0.67948	0.00236	1	1.45898	0.81042	0	
1280523	8635.75391	3307157135886	0.77671	0.43697	8635.72070	0.03320	12179	1	0.75135	0.49290	1	0.81128	0.32873	1	0.78131	0.41081	1	0.48174	0.53422	11.32802	1.06647	1	0.74339	0.55185	10.10488	1.07515	1	-0.00546	-0.00871	0.68757	0.00335	1	0.06341	-0.01303	0.69487	0.00235	1	1.45898	0.81042	0	
1280524	8635.76074	3307157202077	0.77727	0.43581	8635.72070	0.04004	12179	1	0.76068	0.53423	1	0.80061	0.32346	1	0.78064	0.42885	1	0.48166	0.53404	10.65270	1.07515	1	0.74336	0.55200	9.50797	1.08383	1	-0.00546	-0.00871	0.68757	0.00333	1	0.06341	-0.01303	0.69487	0.00229	1	1.45898	0.81042	0	
1280525	8635.76758	3307157268405	0.77826	0.43245	8635.72070	0.04688	12179	1	0.76048	0.51559	1	0.80986	0.30223	1	0.78517	0.40891	1	0.48171	0.53417	10.80710	1.08383	1	0.74342	0.55183	9.77585	1.09251	1	-0.00546	-0.00871	0.68757	0.00339	1	0.06341	-0.01303	0.69487	0.00227	1	1.45898	0.81042	0	
1280526	8635.77441	3307157334957	0.77907	0.42954	8635.72070	0.05371	12179	1	0.76127	0.51035	1	0.80986	0.30223	1	0.78557	0.40629	1	0.48162	0.53391	10.53400	1.09251	1	0.74320	0.55193	9.93235	1.09251	1	-0.00542	-0.00859	0.68174	0.00339	1	0.06206	-0.01274	0.67948	0.00225	1	1.45898	0.81042	0	
1280527	8635.78125	3307157404054	0.78040	0.42587	8635.72070	0.06055	12179	1	0.76246	0.47787	1	0.82236	0.30771	1	0.79241	0.39279	1	0.48175	0.53385	10.34318	1.09251	1	0.74356	0.55187	9.70493	1.08383	1	-0.00542	-0.00859	0.68174	0.00337	1	0.06206	-0.01274	0.67948	0.00237	1	1.45898	0.81042	0	
1280528	8635.78809	3307157474053	0.78046	0.42530	8635.72070	0.06738	12179	1	0.76119	0.50083	1	0.80078	0.33843	1	0.78099	0.41963	1	0.48168	0.53385	10.49854	1.08383	1	0.74342	0.55210	10.01076	1.07515	1	-0.00542	-0.00859	0.68174	0.00333	1	0.06206	-0.01274	0.67948	0.00239	1	1.45898	0.81042	0	
1280529	8635.79492	3307157539837	0.78035	0.42535	8635.72070	0.07422	12179	1	0.76038	0.50618	1	0.79793	0.34563	1	0.77916	0.42591	1	0.48166	0.53406	11.05354	1.07515	1	0.74325	0.55208	9.88732	1.06647	1	-0.00542	-0.00859	0.68174	0.00330	1	0.06206	-0.01274	0.67948	0.00229	1	1.45898	0.81042	0	
1280530	8635.80078	3307157606547	0.78055	0.42498	8635.72070	0.08008	12179	1	0.76091	0.51848	1	0.80503	0.32259	1	0.78297	0.42054	1	0.48179	0.53413	10.81121	1.06647	1	0.74336	0.55192	9.48514	1.06647	1	-0.00542	-0.00859	0.68174	0.00334	1	0.06206	-0.01274	0.67948	0.00246	1	1.45898	0.81042	0	
1280531	8635.80762	3307157673243	0.78070	0.42476	8635.72070	0.08691	12179	1	0.76983	0.51243	1	0.79553	0.33144	1	0.78268	0.42194	1	0.48181	0.53410	10.63329	1.06647	1	0.74327	0.55190	9.35253	1.06647	1	-0.00542	-0.00859	0.68174	0.00338	1	0.06206	-0.01274	0.67948	0.00235	1	1.45898	0.81042	0	
1280532	8635.81445	3307157740424	0.78083	0.42457	8635.72070	0.09375	12179	1	0.76983	0.51243	1	0.79553	0.33144	1	0.78268	0.42194	1	0.48175	0.53406	11.13714	1.06647	1	0.74325	0.55182	9.21272	1.06647	1	-0.00542	-0.00859	0.68174	0.00334	1	0.06206	-0.01274	0.67948	0.00235	1	1.45898	0.81042	0	
1280533	8635.82129	3307157807592	0.78050	0.42469	8635.72070	0.10059	12179	1	0.76035	0.51952	1	0.79064	0.33323	1	0.77550	0.42638	1	0.48175	0.53413	11.19881	1.06647	1	0.74336	0.55190	9.34557	1.06647	1	-0.00542	-0.00859	0.68174	0.00333	1	0.06206	-0.01274	0.67948	0.00220	1	1.45898	0.81042	0	
1280534	8635.82812	3307157874812	0.77997	0.42445	8635.72070	0.10742	12179	1	0.75543	0.51005	1	0.78765	0.33115	1	0.77154	0.42060	1	0.48166	0.53380	10.67922	1.06647	1	0.74333	0.55184	9.26690	1.06647	1	-0.00542	-0.00859	0.68174	0.00336	1	0.06206	-0.01274	0.67948	0.00219	1	1.45898	0.81042	0	
1280535	8635.83496	3307157941544	0.77950	0.42423	8635.72070	0.11426	12179	1	0.75543	0.51005	1	0.78765	0.33115	1	0.77154	0.42060	1	0.48180	0.53425	10.95060	1.06647	1	0.74363	0.55181	9.19462	1.06647	1	-0.00542	-0.00859	0.68174	0.00341	1	0.06206	-0.01274	0.67948	0.00214	1	1.45898	0.81042	0	
1280536	8635.84082	3307158006365	0.77975	0.42535	8635.72070	0.12012	12179	1	0.75788	0.55117	1	0.81043	0.33962	1	0.78415	0.44540	1	0.48179	0.53435	10.98476	1.06647	1	0.74357	0.55199	9.17506	1.06647	1	-0.00542	-0.00859	0.68174	0.00331	1	0.06206	-0.01274	0.67948	0.00223	1	1.45898	0.81042	0	
1280537	8635.84766	3307158075384	0.77964	0.42603	8635.72070	0.12695	12179	1	0.76918	0.53692	1	0.78591	0.34103	1	0.77754	0.43898	1	0.48179	0.53427	11.00929	1.06647	1	0.74357	0.55194	8.96526	1.06647	1	-0.00542	-0.00859	0.68174	0.00337	1	0.06206	-0.01274	0.67948	0.00225	1	1.45898	0.81042	0	
1280538	8635.85449	3307158142878	0.77940	0.42707	8635.72070	0.13379	12179	1	0.76836	0.54168	1	0.78093	0.35408	1	0.77465	0.44788	1	0.48184	0.53426	10.83289	1.05845	1	0.74377	0.55185	8.89880	1.05079	1	-0.00517	-0.00827	0.65608	0.00348	1	0.06017	-0.01234	0.65831	0.00226	1	1.45898	0.81042	0	
1280539	8635.86133	3307158209349	0.77926	0.42915	8635.72070	0.14062	12179	1	0.76878	0.57350	1	0.78387	0.37215	1	0.77633	0.47282	1	0.48189	0.53451	10.71367	1.04278	1	0.74375	0.55190	8.78155	1.03512	1	-0.00517	-0.00827	0.65608	0.00332	1	0.06017	-0.01234	0.65831	0.00228	1	1.45898	0.81042	0	
1280540	8635.86816	3307158276334	0.77808	0.43010	8635.72070	0.14746	12179	1	0.75005	0.53299	1	0.75436	0.36929	1	0.75221	0.45114	1	0.48165	0.53400	10.76223	1.02710	1	0.74368	0.55189	9.10559	1.01944	1	-0.00517	-0.00827	0.65608	0.00327	1	0.06017	-0.01234	0.65831	0.00225	1	1.45898	0.81042	0	
1280541	8635.87500	3307158342890	0.77707	0.43080	8635.72070	0.15430	12179	1	0.75018	0.53210	1	0.75711	0.36166	1	0.75364	0.44688	1	0.48183	0.53441	10.64422	1.02853	1	0.74373	0.55190	9.07373	1.02853	1	-0.00554	-0.00887	0.70401	0.00331	1	0.06157	-0.01262	0.67308	0.00222	1	1.45898	0.81042	0	
1280542	8635.88086	3307158407417	0.77665	0.43111	8635.72070	0.16016	12179	1	0.77455	0.54381	1	0.75883	0.33332	1	0.76669	0.43856	1	0.48194	0.53421	10.51660	1.04563	1	0.74367	0.55189	8.55388	1.05329	1	-0.00554	-0.00887	0.70401	0.00350	1	0.06157	-0.01262	0.67308	0.00227	1	1.45898	0.81042	0	
1280543	8635.88867	3307158477273	0.77672	0.43115	8635.72070	0.16797	12179	1	0.77462	0.55471	1	0.78228	0.30915	1	0.77845	0.43193	1	0.48192	0.53467	10.52981	1.07039	1	0.74379	0.55184	8.84212	1.07805	1	-0.00554	-0.00887	0.70401	0.00336	1	0.06157	-0.01262	0.67308	0.00226	1	1.45898	0.81042	0	
1280544	8635.89453	3307158543818	0.77691	0.43076	8635.72070	0.17383	12179	1	0.77629	0.54571	1	0.78715	0.29576	1	0.78172	0.42074	1	0.48206	0.53433	10.31465	1.08607	1	0.74395	0.55198	8.85290	1.09373	1	-0.00535	-0.00864	0.68573	0.00332	1	0.06157	-0.01262	0.67308	0.00218	1	1.45898	0.81042	0	
1280545	8635.90137	3307158611671	0.77698	0.43163	8635.72070	0.18066	12179	1	0.77755	0.56247	1	0.78020	0.34783	1	0.77887	0.45515	1	0.48228	0.53443	10.48254	1.08464	1	0.74394	0.55216	9.25486	1.08464	1	-0.00535	-0.00864	0.68573	0.00343	1	0.06157	-0.01262	0.67308	0.00217	1	1.45898	0.81042	0	
1280546	8635.90820	3307158678205	0.77656	0.43169	8635.72070	0.18750	12179	1	0.76245	0.54337	1	0.76757	0.32344	1	0.76501	0.43340	1	0.48213	0.53428	10.36078	1.07556	1	0.74378	0.55197	8.71169	1.07556	1	-0.00535	-0.00864	0.68573	0.00332	1	0.06157	-0.01262	0.67308	0.00213	1	1.45898	0.81042	0	
1280547	8635.91504	3307158745233	0.77626	0.42809	8635.72070	0.19434	12179	1	0.76245	0.54337	0	0.76745	0.32378	1	0.76745	0.32378	1	0.48213	0.53428	10.36078	1.06647	0	0.74394	0.55187	8.54586	1.07515	1	-0.00535	-0.00864	0.68573	0.00332	1	0.06473	-0.01326	0.70701	0.00221	1	1.45898	0.81042	0	
1280548	8635.92188	3307158811670	0.77626	0.42809	8635.72070	0.20117	12179	1	0.76245	0.54337	0	0.76745	0.32378	0	0.76745	0.32378	0	0.48213	0.53428	10.36078	1.07515	0	0.74394	0.55187	8.54586	1.08383	0	-0.00535	-0.00864	0.68573	0.00332	1	0.06473	-0.01326	0.70701	0.00221	1	1.45898	0.81042	0	
1280549	8635.92871	3307158879212	0.77626	0.42809	8635.72070	0.20801	12179	1	0.76245	0.54337	0	0.76745	0.32378	0	0.76745	0.32378	0	0.48213	0.53428	10.36078	1.08383	0	0.74394	0.55187	8.54586	1.09251	0	-0.00535	-0.00864	0.68573	0.00332	1	0.06473	-0.01326	0.70701	0.00221	1	1.45898	0.81042	0	
1280550	8635.93457	3307158943074	0.77626	0.42809	8635.72070	0.21387	12179	1	0.76245	0.54337	0	0.76745	0.32378	0	0.76745	0.32378	0	0.48213	0.53428	10.36078	1.09251	0	0.74394	0.55187	8.54586	1.10119	0	-0.00535	-0.00864	0.68573	0.00332	1	0.06473	-0.01326	0.70701	0.00221	1	1.45898	0.81042	0	
1280551	8635.94141	3307159013232	0.77139	0.43389	8635.72070	0.21387	12179	0	0.76245	0.54337	0	0.76745	0.32378	0	0.76745	0.32378	0	0.48213	0.53428	10.36078	1.10119	0	0.74394	0.55187	8.54586	1.10119	0	-0.00535	-0.00864	0.68573	0.00332	1	0.06473	-0.01326	0.70701	0.00221	1	1.45898	0.81042	0	
1280552	8635.94824	3307159080155	0.77139	0.43389	8635.72070	0.21387	12179	0	0.76245	0.54337	0	0.76745	0.32378	0	0.76745	0.32378	0	0.48213	0.53428	10.36078	1.10119	0	0.74394	0.55187	8.54586	1.10119	0	-0.00535	-0.00864	0.68573	0.00332	1	0.06473	-0.01326	0.70701	0.00221	1	1.45898	0.81042	0	
1280553	8635.95508	3307159147102	0.77139	0.43389	8635.72070	0.21387	12179	0	0.76245	0.54337	0	0.76745	0.32378	0	0.76745	0.32378	0	0.48213	0.53428	10.36078	1.10119	0	0.74394	0.55187	8.54586	1.10119	0	-0.00535	-0.00864	0.68573	0.00332	1	0.06473	-0.01326	0.70701	0.00221	1	1.45898	0.81042	0	AUDIO_FILE_OFFSET
1280554	8635.96191	3307159214153	0.00000	0.00000	8635.72070	0.21387	12179	0	0.76245	0.54337	0	0.76745	0.32378	0	0.76745	0.32378	0	0.48213	0.53428	10.36078	1.10119	0	0.74394	0.55187	8.54586	1.10119	0	-0.00535	-0.00864	0.68573	0.00332	1	0.06473	-0.01326	0.70701	0.00221	1	1.45898	0.81042	0	
1280555	8635.96875	3307159281153	0.00000	0.00000	8635.72070	0.21387	12179	0	0.76245	0.54337	0	0.76745	0.32378	0	0.76745	0.32378	0	0.48213	0.53428	10.36078	1.10119	0	0.74394	0.55187	8.54586	1.10119	0	-0.00535	-0.00864	0.68573	0.00332	1	0.06473	-0.01326	0.70701	0.00221	1	1.45898	0.81042	0	
1280556	8635.97559	3307159348145	0.00000	0.00000	8635.72070	0.21387	12179	0	0.76245	0.54337	0	0.76745	0.32378	0	0.76745	0.32378	0	0.48213	0.53428	10.36078	1.10119	0	0.74394	0.55187	8.54586	1.10119	0	-0.00535	-0.00864	0.68573	0.00332	1	0.06473	-0.01326	0.70701	0.00221	1	1.45898	0.81042	0	
1280557	8635.98242	3307159415791	0.78242	0.39871	8635.72070	0.21387	12179	0	0.74486	0.51735	1	0.81999	0.28007	1	0.78242	0.39871	1	0.48225	0.53430	10.38970	1.10119	1	0.74416	0.55219	8.71006	1.10119	1	-0.00535	-0.00864	0.68573	0.00323	1	0.06473	-0.01326	0.70701	0.00234	1	1.45898	0.81042	0	
1280558	8635.98828	3307159482175	0.78026	0.39923	8635.72070	0.21387	12179	0	0.75123	0.53099	1	0.80496	0.26853	1	0.77809	0.39976	1	0.48224	0.53435	10.41344	1.10119	1	0.74404	0.55203	8.77371	1.10119	1	-0.00535	-0.00864	0.68573	0.00322	1	0.06473	-0.01326	0.70701	0.00215	1	1.45898	0.81042	0	
1280559	8635.99512	3307159544342	0.77866	0.40179	8635.72070	0.21387	12179	0	0.75123	0.53099	1	0.79967	0.28283	1	0.77545	0.40691	1	0.48222	0.53440	10.30695	1.10119	1	0.74416	0.55211	8.63597	1.08485	1	-0.00515	-0.00848	0.67320	0.00331	1	0.06059	-0.01244	0.66071	0.00224	1	1.45898	0.81042	0	STOP_TRIAL
1280711	8637.01367	3307169730471	0.42515	0.45755	8636.87305	0.14062	12186	1	0.44103	0.46012	1	0.39664	0.38300	1	0.41883	0.42156	1	0.47010	0.53254	10.22298	1.07556	1	0.73139	0.55183	10.96264	1.07556	1	-0.00719	-0.00853	0.68506	0.00355	1	0.06070	-0.01257	0.68143	0.00364	1	1.45898	0.81042	0	
1280712	8637.02051	3307169797392	0.42492	0.45627	8636.87305	0.14746	12186	1	0.44259	0.46623	1	0.39695	0.38986	1	0.41977	0.42804	1	0.47007	0.53262	10.17805	1.06647	1	0.73140	0.55227	10.88228	1.06647	1	-0.00710	-0.00847	0.67588	0.00351	1	0.06070	-0.01257	0.68143	0.00344	1	1.45898	0.81042	0	START_TRIAL
1280713	8637.02734	3307169864146	0.42473	0.45551	8636.87305	0.15430	12186	1	0.43926	0.44380	1	0.40162	0.43222	1	0.42044	0.43801	1	0.47010	0.53252	10.25474	1.06647	1	0.73147	0.55230	10.72375	1.06647	1	-0.00710	-0.00847	0.67588	0.00347	1	0.06070	-0.01257	0.68143	0.00363	1	1.45898	0.81042	0	
1280714	8637.03320	3307169931739	0.42442	0.45456	8636.87305	0.16016	12186	1	0.44214	0.45284	1	0.39177	0.41054	1	0.41695	0.43169	1	0.47015	0.53245	10.03579	1.06647	1	0.73132	0.55188	10.74174	1.06647	1	-0.00710	-0.00847	0.67588	0.00347	1	0.06070	-0.01257	0.68143	0.00367	1	1.45898	0.81042	0	
1280715	8637.04004	3307169998255	0.42414	0.45368	8636.87305	0.16699	12186	1	0.44214	0.45284	1	0.39177	0.41054	1	0.41695	0.43169	1	0.47000	0.53274	10.04295	1.06647	1	0.73134	0.55199	10.86030	1.06647	1	-0.00710	-0.00847	0.67588	0.00346	1	0.06070	-0.01257	0.68143	0.00368	1	1.45898	0.81042	0	
1280716	8637.04688	3307170064893	0.42436	0.45410	8636.87305	0.17383	12186	1	0.44335	0.47635	1	0.41696	0.45415	1	0.43015	0.46525	1	0.47012	0.53274	9.86198	1.06647	1	0.73098	0.55232	10.41648	1.06647	1	-0.00710	-0.00847	0.67588	0.00338	1	0.06070	-0.01257	0.68143	0.00369	1	1.45898	0.81042	0	
1280717	8637.05371	3307170132075	0.42502	0.45449	8636.87305	0.18066	12186	1	0.47794	0.45721	1	0.40774	0.47234	1	0.44284	0.46478	1	0.47018	0.53265	9.83576	1.06647	1	0.73085	0.55260	10.92566	1.06647	1	-0.00710	-0.00847	0.67588	0.00328	1	0.06070	-0.01257	0.68143	0.00358	1	1.45898	0.81042	0	
1280718	8637.06055	3307170199679	0.42560	0.45453	8636.87305	0.18750	12186	1	0.47664	0.45104	1	0.40731	0.46027	1	0.44198	0.45566	1	0.46995	0.53281	10.06413	1.07556	1	0.73090	0.55246	10.80532	1.08424	1	-0.00739	-0.00875	0.69882	0.00325	1	0.06152	-0.01280	0.69119	0.00363	1	1.45898	0.81042	0	
1280719	8637.06738	3307170266323	0.42564	0.45591	8636.87305	0.19434	12186	1	0.45002	0.48300	1	0.40363	0.50898	1	0.42682	0.49599	1	0.46987	0.53296	9.75074	1.09332	1	0.73075	0.55322	11.25235	1.10200	1	-0.00739	-0.00875	0.69882	0.00351	1	0.06152	-0.01280	0.69119	0.00336	1	1.45898	0.81042	0	
1280720	8637.07422	3307170333722	0.42601	0.45517	8636.87305	0.20117	12186	1	0.46268	0.47367	1	0.41159	0.39205	1	0.43714	0.43286	1	0.47009	0.53312	10.33935	1.11109	1	0.73098	0.55201	10.52302	1.11977	1	-0.00739	-0.00875	0.69882	0.00334	1	0.06152	-0.01280	0.69119	0.00365	1	1.45898	0.81042	0	
1280721	8637.08008	3307170399424	0.42634	0.45428	8636.87305	0.20703	12186	1	0.46138	0.46813	1	0.41142	0.38582	1	0.43640	0.42697	1	0.46970	0.53286	10.12102	1.11977	1	0.73058	0.55268	10.78356	1.12845	1	-0.00706	-0.00831	0.66314	0.00326	1	0.06235	-0.01295	0.70171	0.00330	1	1.45898	0.81042	0	
1280722	8637.08691	3307170466653	0.42586	0.45396	8636.87305	0.21387	12186	1	0.43513	0.47103	1	0.38577	0.41595	1	0.41045	0.44349	1	0.46968	0.53284	10.07266	1.11936	1	0.73052	0.55273	11.15783	1.11936	1	-0.00706	-0.00831	0.66314	0.00327	1	0.06235	-0.01295	0.70171	0.00328	1	1.45898	0.81042	0	
1280723	8637.09375	3307170533914	0.42539	0.45319	8636.87305	0.22070	12186	1	0.43423	0.45960	1	0.38535	0.39646	1	0.40979	0.42803	1	0.46961	0.53323	10.12793	1.11028	1	0.73052	0.55194	10.78604	1.11028	1	-0.00706	-0.00831	0.66314	0.00344	1	0.06235	-0.01295	0.70171	0.00361	1	1.45898	0.81042	0	
1280724	8637.10059	3307170601655	0.42497	0.45274	8636.87305	0.22754	12186	1	0.43580	0.46553	1	0.38611	0.40923	1	0.41095	0.43738	1	0.46944	0.53380	10.48267	1.10119	1	0.73064	0.55198	10.97442	1.09251	1	-0.00732	-0.00854	0.67797	0.00345	1	0.06077	-0.01268	0.68453	0.00358	1	1.45898	0.81042	0	
1280725	8637.10742	3307170668472	0.42475	0.45395	8636.87305	0.23438	12186	1	0.43603	0.52871	1	0.39771	0.46375	1	0.41687	0.49623	1	0.46927	0.53393	10.50323	1.09251	1	0.73070	0.55278	11.01138	1.08383	1	-0.00732	-0.00854	0.67797	0.00344	1	0.06077	-0.01268	0.68453	0.00336	1	1.45898	0.81042	0	
1280726	8637.11426	3307170734882	0.42509	0.45471	8636.87305	0.24121	12186	1	0.44101	0.53203	1	0.43407	0.43205	1	0.43754	0.48204	1	0.46928	0.53393	10.56239	1.08383	1	0.73052	0.55242	10.91321	1.07515	1	-0.00732	-0.00854	0.67797	0.00349	1	0.06077	-0.01268	0.68453	0.00353	1	1.45898	0.81042	0	
1280727	8637.12109	3307170801617	0.42544	0.45550	8636.87305	0.24805	12186	1	0.44251	0.53724	1	0.43407	0.43205	1	0.43829	0.48465	1	0.46919	0.53401	10.22892	1.07515	1	0.73009	0.55248	10.81930	1.07515	1	-0.00732	-0.00854	0.67797	0.00345	1	0.06242	-0.01304	0.70366	0.00361	1	1.45898	0.81042	0	
1280728	8637.12695	3307170869177	0.42574	0.45623	8636.87305	0.25391	12186	1	0.46396	0.54051	1	0.41055	0.42764	1	0.43726	0.48407	1	0.46921	0.53392	10.54649	1.07515	1	0.73009	0.55248	10.81930	1.08383	1	-0.00732	-0.00854	0.67797	0.00325	1	0.06242	-0.01304	0.70366	0.00361	1	1.45898	0.81042	0	
1280729	8637.13379	3307170935643	0.42596	0.45665	8636.87305	0.26074	12186	1	0.46214	0.50303	1	0.40629	0.44326	1	0.43422	0.47314	1	0.46925	0.53380	10.55326	1.08383	1	0.73008	0.55277	10.90716	1.09251	1	-0.00732	-0.00854	0.67797	0.00320	1	0.06242	-0.01304	0.70366	0.00359	1	1.45898	0.81042	0	
1280730	8637.14062	3307170999965	0.42612	0.45684	8636.87305	0.26758	12186	1	0.45940	0.49189	1	0.40607	0.43699	1	0.43273	0.46444	1	0.46911	0.53383	10.00652	1.10160	1	0.72995	0.55292	11.37867	1.10160	1	-0.00768	-0.00901	0.70655	0.00318	1	0.06047	-0.01264	0.68232	0.00345	1	1.45898	0.81042	0	
1280731	8637.14746	3307171067061	0.42598	0.45808	8636.87305	0.27441	12186	1	0.44626	0.51699	1	0.39394	0.50021	1	0.42010	0.50860	1	0.46906	0.53391	10.03531	1.11068	1	0.72990	0.55329	11.94200	1.10200	1	-0.00768	-0.00901	0.70655	0.00325	1	0.06047	-0.01264	0.68232	0.00330	1	1.45898	0.81042	0	
1280732	8637.15430	3307171134474	0.42584	0.45871	8636.87305	0.28125	12186	1	0.45014	0.49401	1	0.38978	0.47645	1	0.41996	0.48523	1	0.46910	0.53384	10.01042	1.11109	1	0.72988	0.55312	11.89898	1.10241	1	-0.00768	-0.00901	0.70655	0.00318	1	0.06047	-0.01264	0.68232	0.00329	1	1.45898	0.81042	0	
1280733	8637.16016	3307171201187	0.42570	0.45930	8636.87305	0.28711	12186	1	0.45007	0.49376	1	0.38977	0.47619	1	0.41992	0.48497	1	0.46906	0.53385	9.81923	1.11149	1	0.72988	0.55299	12.03883	1.10281	1	-0.00768	-0.00901	0.70655	0.00328	1	0.06047	-0.01264	0.68232	0.00331	1	1.45898	0.81042	0	
1280734	8637.16699	3307171268910	0.42573	0.46008	8636.87305	0.29395	12186	1	0.44817	0.49493	1	0.40567	0.49333	1	0.42692	0.49413	1	0.46908	0.53382	9.79788	1.10281	1	0.73009	0.55325	11.58973	1.10281	1	-0.00768	-0.00901	0.70655	0.00322	1	0.06047	-0.01264	0.68232	0.00334	1	1.45898	0.81042	0	
1280735	8637.17383	3307171334927	0.42083	0.58986	8636.87305	0.29395	12186	0	0.44817	0.49493	0	0.35516	1.78342	1	0.35516	1.78342	1	0.73919	0.51938	7.61922	1.10281	0	0.73919	0.51938	7.61922	1.10281	1	-0.00768	-0.00901	0.70655	0.00322	1	0.06047	-0.01264	0.68232	0.00205	1	1.45898	0.81042	0	
1280736	8637.18066	3307171404231	0.42083	0.58986	8636.87305	0.29395	12186	0	0.44817	0.49493	0	0.35516	1.78342	0	0.35516	1.78342	0	0.73919	0.51938	7.61922	1.10281	0	0.73919	0.51938	7.61922	1.10281	0	-0.00768	-0.00901	0.70655	0.00322	1	0.06047	-0.01264	0.68232	0.00205	1	1.45898	0.81042	0	
1280737	8637.18750	3307171469618	0.41685	0.51532	8636.87305	0.29395	12186	0	0.44817	0.49493	0	0.41286	0.44079	1	0.41286	0.44079	1	0.73919	0.51938	7.61922	1.10281	0	0.73101	0.55184	10.19086	1.10281	1	-0.00768	-0.00901	0.70655	0.00322	1	0.06047	-0.01264	0.68232	0.00332	1	1.45898	0.81042	0	
1280738	8637.19434	3307171536202	0.41286	0.44079	8636.87305	0.29395	12186	0	0.44817	0.49493	0	0.41286	0.44079	0	0.41286	0.44079	0	0.73919	0.51938	7.61922	1.10281	0	0.73101	0.55184	10.19086	1.10281	0	-0.00768	-0.00901	0.70655	0.00322	1	0.06047	-0.01264	0.68232	0.00332	1	1.45898	0.81042	0	
1280739	8637.20117	3307171602858	0.41286	0.44079	8636.87305	0.29395	12186	0	0.44817	0.49493	0	0.41286	0.44079	0	0.41286	0.44079	0	0.73919	0.51938	7.61922	1.10281	0	0.73101	0.55184	10.19086	1.10281	0	-0.00768	-0.00901	0.70655	0.00322	1	0.06047	-0.01264	0.68232	0.00332	1	1.45898	0.81042	0	
1280740	8637.20801	3307171672776	0.41286	0.44079	8636.87305	0.29395	12186	0	0.44817	0.49493	0	0.41286	0.44079	0	0.41286	0.44079	0	0.73919	0.51938	7.61922	1.10281	0	0.73101	0.55184	10.19086	1.10281	0	-0.00768	-0.00901	0.70655	0.00322	1	0.06047	-0.01264	0.68232	0.00332	1	1.45898	0.81042	0	
1280741	8637.21484	3307171739769	0.00000	0.00000	8636.87305	0.29395	12186	0	0.44817	0.49493	0	0.41286	0.44079	0	0.41286	0.44079	0	0.73919	0.51938	7.61922	1.10281	0	0.73101	0.55184	10.19086	1.10281	0	-0.00768	-0.00901	0.70655	0.00322	1	0.06047	-0.01264	0.68232	0.00332	1	1.45898	0.81042	0	
1280742	8637.22070	3307171806618	0.00000	0.00000	8636.87305	0.29395	12186	0	0.44817	0.49493	0	0.41286	0.44079	0	0.41286	0.44079	0	0.73919	0.51938	7.61922	1.10281	0	0.73101	0.55184	10.19086	1.10281	0	-0.00768	-0.00901	0.70655	0.00322	1	0.06047	-0.01264	0.68232	0.00332	1	1.45898	0.81042	0	
1280743	8637.22754	3307171874117	0.00000	0.00000	8636.87305	0.29395	12186	0	0.44817	0.49493	0	0.41286	0.44079	0	0.41286	0.44079	0	0.73919	0.51938	7.61922	1.10281	0	0.73101	0.55184	10.19086	1.10281	0	-0.00768	-0.00901	0.70655	0.00322	1	0.06047	-0.01264	0.68232	0.00332	1	1.45898	0.81042	0	
1280744	8637.23438	3307171941222	0.00000	0.00000	8636.87305	0.29395	12186	0	0.44817	0.49493	0	0.41286	0.44079	0	0.41286	0.44079	0	0.73919	0.51938	7.61922	1.10281	0	0.73101	0.55184	10.19086	1.10281	0	-0.00768	-0.00901	0.70655	0.00322	1	0.06047	-0.01264	0.68232	0.00332	1	1.45898	0.81042	0	
1280745	8637.24121	3307172007678	0.00000	0.00000	8636.87305	0.29395	12186	0	0.44817	0.49493	0	0.41286	0.44079	0	0.41286	0.44079	0	0.73919	0.51938	7.61922	1.10281	0	0.73101	0.55184	10.19086	1.10281	0	-0.00768	-0.00901	0.70655	0.00322	1	0.06047	-0.01264	0.68232	0.00332	1	1.45898	0.81042	0	
1280746	8637.24805	3307172073925	0.00000	0.00000	8636.87305	0.29395	12186	0	0.44817	0.49493	0	0.41286	0.44079	0	0.41286	0.44079	0	0.73919	0.51938	7.61922	1.10281	0	0.73101	0.55184	10.19086	1.10281	0	-0.00768	-0.00901	0.70655	0.00322	1	0.06047	-0.01264	0.68232	0.00332	1	1.45898	0.81042	0	
1280747	8637.25488	3307172141910	0.00000	0.00000	8636.87305	0.29395	12186	0	0.44817	0.49493	0	0.41286	0.44079	0	0.41286	0.44079	0	0.73919	0.51938	7.61922	1.10281	0	0.73101	0.55184	10.19086	1.10281	0	-0.00768	-0.00901	0.70655	0.00322	1	0.06047	-0.01264	0.68232	0.00332	1	1.45898	0.81042	0	
1280748	8637.26172	3307172208385	0.00000	0.00000	8636.87305	0.29395	12186	0	0.44817	0.49493	0	0.41286	0.44079	0	0.41286	0.44079	0	0.73919	0.51938	7.61922	1.10281	0	0.73101	0.55184	10.19086	1.10281	0	-0.00768	-0.00901	0.70655	0.00322	1	0.06047	-0.01264	0.68232	0.00332	1	1.45898	0.81042	0	
1280749	8637.26758	3307172275767	0.00000	0.00000	8636.87305	0.29395	12186	0	0.44817	0.49493	0	0.41286	0.44079	0	0.41286	0.44079	0	0.73919	0.51938	7.61922	1.10281	0	0.73101	0.55184	10.19086	1.10281	0	-0.00768	-0.00901	0.70655	0.00322	1	0.06047	-0.01264	0.68232	0.00332	1	1.45898	0.81042	0	
1280750	8637.27441	3307172342436	0.00000	0.00000	8636.87305	0.29395	12186	0	0.44817	0.49493	0	0.41286	0.44079	0	0.41286	0.44079	0	0.73919	0.51938	7.61922	1.10281	0	0.73101	0.55184	10.19086	1.10281	0	-0.00768	-0.00901	0.70655	0.00322	1	0.06047	-0.01264	0.68232	0.00332	1	1.45898	0.81042	0	
1280751	8637.28125	3307172408627	0.00000	0.00000	8636.87305	0.29395	12186	0	0.44817	0.49493	0	0.41286	0.44079	0	0.41286	0.44079	0	0.73919	0.51938	7.61922	1.10281	0	0.73101	0.55184	10.19086	1.10281	0	-0.00768	-0.00901	0.70655	0.00322	1	0.06047	-0.01264	0.68232	0.00332	1	1.45898	0.81042	0	
1280752	8637.28809	3307172476716	0.00000	0.00000	8636.87305	0.29395	12186	0	0.44817	0.49493	0	0.41286	0.44079	0	0.41286	0.44079	0	0.73919	0.51938	7.61922	1.10281	0	0.73101	0.55184	10.19086	1.10281	0	-0.00768	-0.00901	0.70655	0.00322	1	0.06047	-0.01264	0.68232	0.00332	1	1.45898	0.81042	0	
1280753	8637.29492	3307172542163	0.00000	0.00000	8636.87305	0.29395	12186	0	0.44817	0.49493	0	0.41286	0.44079	0	0.41286	0.44079	0	0.73919	0.51938	7.61922	1.10281	0	0.73101	0.55184	10.19086	1.10281	0	-0.00768	-0.00901	0.70655	0.00322	1	0.06047	-0.01264	0.68232	0.00332	1	1.45898	0.81042	0	
1280754	8637.30176	3307172610332	0.00000	0.00000	8636.87305	0.29395	12186	0	0.44817	0.49493	0	0.41286	0.44079	0	0.41286	0.44079	0	0.73919	0.51938	7.61922	1.10281	0	0.73101	0.55184	10.19086	1.10281	0	-0.00768	-0.00901	0.70655	0.00322	1	0.06047	-0.01264	0.68232	0.00332	1	1.45898	0.81042	0	
1280755	8637.30859	3307172677446	0.00000	0.00000	8636.87305	0.29395	12186	0	0.44817	0.49493	0	0.41286	0.44079	0	0.41286	0.44079	0	0.73919	0.51938	7.61922	1.10281	0	0.73101	0.55184	10.19086	1.10281	0	-0.00768	-0.00901	0.70655	0.00322	1	0.06047	-0.01264	0.68232	0.00332	1	1.45898	0.81042	0	
1280756	8637.31543	3307172744815	0.00000	0.00000	8636.87305	0.29395	12186	0	0.44817	0.49493	0	0.41286	0.44079	0	0.41286	0.44079	0	0.73919	0.51938	7.61922	1.10281	0	0.73101	0.55184	10.19086	1.10281	0	-0.00768	-0.00901	0.70655	0.00322	1	0.06047	-0.01264	0.68232	0.00332	1	1.45898	0.81042	0	
1280757	8637.32129	3307172811681	0.00000	0.00000	8636.87305	0.29395	12186	0	0.44817	0.49493	0	0.41286	0.44079	0	0.41286	0.44079	0	0.73919	0.51938	7.61922	1.10281	0	0.73101	0.55184	10.19086	1.10281	0	-0.00768	-0.00901	0.70655	0.00322	1	0.06047	-0.01264	0.68232	0.00332	1	1.45898	0.81042	0	
1280758	8637.32812	3307172878609	0.00000	0.00000	8636.87305	0.29395	12186	0	0.44817	0.49493	0	0.41286	0.44079	0	0.41286	0.44079	0	0.73919	0.51938	7.61922	1.10281	0	0.73101	0.55184	10.19086	1.10281	0	-0.00768	-0.00901	0.70655	0.00322	1	0.06047	-0.01264	0.68232	0.00332	1	1.45898	0.81042	0	
1280759	8637.33496	3307172943595	0.00000	0.00000	8636.87305	0.29395	12186	0	0.44817	0.49493	0	0.41286	0.44079	0	0.41286	0.44079	0	0.73919	0.51938	7.61922	1.10281	0	0.73101	0.55184	10.19086	1.10281	0	-0.00768	-0.00901	0.70655	0.00322	1	0.06047	-0.01264	0.68232	0.00332	1	1.45898	0.81042	0	
1280760	8637.34180	3307173013131	0.00000	0.00000	8636.87305	0.29395	12186	0	0.44817	0.49493	0	0.41286	0.44079	0	0.41286	0.44079	0	0.73919	0.51938	7.61922	1.10281	0	0.73101	0.55184	10.19086	1.10281	0	-0.00768	-0.00901	0.70655	0.00322	1	0.06047	-0.01264	0.68232	0.00332	1	1.45898	0.81042	0	
1280761	8637.34863	3307173081837	0.00000	0.00000	8636.87305	0.29395	12186	0	0.44817	0.49493	0	0.41286	0.44079	0	0.41286	0.44079	0	0.73919	0.51938	7.61922	1.10281	0	0.73101	0.55184	10.19086	1.10281	0	-0.00768	-0.00901	0.70655	0.00322	1	0.06047	-0.01264	0.68232	0.00332	1	1.45898	0.81042	0	
1280762	8637.35547	3307173146943	0.00000	0.00000	8636.87305	0.29395	12186	0	0.44817	0.49493	0	0.41286	0.44079	0	0.41286	0.44079	0	0.73919	0.51938	7.61922	1.10281	0	0.73101	0.55184	10.19086	1.10281	0	-0.00768	-0.00901	0.70655	0.00322	1	0.06047	-0.01264	0.68232	0.00332	1	1.45898	0.81042	0	
1280763	8637.36133	3307173213176	0.00000	0.00000	8636.87305	0.29395	12186	0	0.44817	0.49493	0	0.41286	0.44079	0	0.41286	0.44079	0	0.73919	0.51938	7.61922	1.10281	0	0.73101	0.55184	10.19086	1.10281	0	-0.00768	-0.00901	0.70655	0.00322	1	0.06047	-0.01264	0.68232	0.00332	1	1.45898	0.81042	0	
1280764	8637.36816	3307173280299	0.00000	0.00000	8636.87305	0.29395	12186	0	0.44817	0.49493	0	0.41286	0.44079	0	0.41286	0.44079	0	0.73919	0.51938	7.61922	1.10281	0	0.73101	0.55184	10.19086	1.10281	0	-0.00768	-0.00901	0.70655	0.00322	1	0.06047	-0.01264	0.68232	0.00332	1	1.45898	0.81042	0	
1280765	8637.37500	3307173348713	0.68513	0.58842	8636.87305	0.29395	12186	0	0.71297	0.47932	1	0.65729	0.69753	1	0.68513	0.58842	1	0.47943	0.53499	10.54679	1.10281	1	0.73987	0.55600	11.52139	1.10281	1	-0.00768	-0.00901	0.70655	0.00328	1	0.06047	-0.01264	0.68232	0.00361	1	1.45898	0.81042	0	
1280766	8637.38184	3307173415325	0.68407	0.59309	8636.87305	0.29395	12186	0	0.71209	0.49004	1	0.65391	0.70549	1	0.68300	0.59777	1	0.47977	0.53506	9.92017	1.08571	1	0.74005	0.55610	10.98528	1.08571	1	-0.00564	-0.00859	0.66594	0.00334	1	0.06125	-0.01277	0.67290	0.00361	1	1.45898	0.81042	0	
1280767	8637.38867	3307173481472	0.68570	0.58446	8636.87305	0.29395	12186	0	0.71225	0.53218	1	0.66570	0.60218	1	0.68898	0.56718	1	0.47982	0.53518	10.51801	1.06861	1	0.74053	0.55529	10.88030	1.06861	1	-0.00564	-0.00859	0.66594	0.00332	1	0.06125	-0.01277	0.67290	0.00362	1	1.45898	0.81042	0	
1280768	8637.39551	3307173548126	0.69596	0.54784	8637.37500	0.02051	12187	1	0.71721	0.48863	1	0.73622	0.38740	1	0.72671	0.43801	1	0.47993	0.53477	10.40824	1.05151	1	0.74172	0.55287	9.70786	1.05151	1	-0.00564	-0.00859	0.66594	0.00332	1	0.06125	-0.01277	0.67290	0.00232	1	1.45898	0.81042	0	
1280769	8637.40234	3307173615220	0.70180	0.52719	8637.37500	0.02734	12187	1	0.71669	0.49452	1	0.73370	0.39462	1	0.72519	0.44457	1	0.47999	0.53466	10.02756	1.04242	1	0.74076	0.55575	10.63264	1.04242	1	-0.00566	-0.00870	0.67442	0.00314	1	0.06125	-0.01277	0.67290	0.00361	1	1.45898	0.81042	0	
1280770	8637.40918	3307173682446	0.70525	0.51189	8637.37500	0.03418	12187	1	0.69530	0.52370	1	0.74963	0.34712	1	0.72247	0.43541	1	0.48000	0.53494	10.09180	1.05044	1	0.74186	0.55302	9.30420	1.05044	1	-0.00566	-0.00870	0.67442	0.00318	1	0.06125	-0.01277	0.67290	0.00233	1	1.45898	0.81042	0	
1280771	8637.41504	3307173749463	0.70807	0.50436	8637.37500	0.04004	12187	1	0.69907	0.51323	1	0.75091	0.40511	1	0.72499	0.45917	1	0.48000	0.53484	10.03087	1.05845	1	0.74192	0.55312	10.54569	1.05845	1	-0.00566	-0.00870	0.67442	0.00322	1	0.06125	-0.01277	0.67290	0.00221	1	1.45898	0.81042	0	
1280772	8637.42188	3307173816269	0.71035	0.49801	8637.37500	0.04688	12187	1	0.69940	0.50824	1	0.75322	0.39891	1	0.72631	0.45358	1	0.48022	0.53470	10.56303	1.06647	1	0.74095	0.55543	10.54142	1.06647	1	-0.00561	-0.00878	0.68055	0.00325	1	0.06125	-0.01277	0.67290	0.00376	1	1.45898	0.81042	0	
1280773	8637.42871	3307173883182	0.71360	0.48977	8637.37500	0.05371	12187	1	0.71972	0.49354	1	0.75960	0.35417	1	0.73966	0.42385	1	0.48030	0.53461	10.66096	1.06647	1	0.74202	0.55305	9.99806	1.06647	1	-0.00561	-0.00878	0.68055	0.00331	1	0.06125	-0.01277	0.67290	0.00223	1	1.45898	0.81042	0	
1280774	8637.43555	3307173951431	0.71195	0.49414	8637.37500	0.06055	12187	1	0.72010	0.49459	1	0.67393	0.57220	1	0.69702	0.53339	1	0.48033	0.53469	10.78438	1.06647	1	0.74073	0.55556	10.67172	1.06647	1	-0.00561	-0.00878	0.68055	0.00329	1	0.06125	-0.01277	0.67290	0.00353	1	1.45898	0.81042	0	
1280775	8637.44238	3307174017373	0.71059	0.49770	8637.37500	0.06738	12187	1	0.72010	0.49459	1	0.67393	0.57220	1	0.69702	0.53339	1	0.48036	0.53473	10.77558	1.06647	1	0.74207	0.55315	9.82640	1.06647	1	-0.00556	-0.00865	0.67423	0.00331	1	0.06125	-0.01282	0.67290	0.00228	1	1.45898	0.81042	0	
1280776	8637.44922	3307174084295	0.70862	0.50395	8637.37500	0.07422	12187	1	0.71836	0.51913	1	0.65567	0.62608	1	0.68702	0.57261	1	0.48032	0.53489	10.83085	1.06647	1	0.74076	0.55563	10.77921	1.06647	1	-0.00556	-0.00865	0.67423	0.00337	1	0.06125	-0.01282	0.67290	0.00365	1	1.45898	0.81042	0	
1280777	8637.45605	3307174151463	0.70636	0.50940	8637.37500	0.08105	12187	1	0.71836	0.51913	1	0.63998	0.63058	1	0.67917	0.57486	1	0.48032	0.53489	10.83085	1.06647	1	0.74058	0.55573	11.21034	1.06647	1	-0.00556	-0.00865	0.67423	0.00337	1	0.06125	-0.01282	0.67290	0.00366	1	1.45898	0.81042	0	
1280778	8637.46191	3307174216767	0.70442	0.51408	8637.37500	0.08691	12187	1	0.71836	0.51913	1	0.63998	0.63058	1	0.67917	0.57486	1	0.48034	0.53489	10.82586	1.06647	1	0.74067	0.55542	11.16699	1.06647	1	-0.00556	-0.00865	0.67423	0.00337	1	0.06125	-0.01282	0.67290	0.00359	1	1.45898	0.81042	0	
1280779	8637.46875	3307174284917	0.70434	0.51736	8637.37500	0.09375	12187	1	0.72543	0.48300	1	0.68116	0.64372	1	0.70329	0.56336	1	0.48045	0.53467	11.06474	1.06647	1	0.74076	0.55556	11.04638	1.06647	1	-0.00556	-0.00865	0.67423	0.00350	1	0.06125	-0.01282	0.67290	0.00361	1	1.45898	0.81042	0	
1280780	8637.47559	3307174352045	0.71004	0.51474	8637.37500	0.10059	12187	1	0.78219	0.54689	1	0.80889	0.40380	1	0.79554	0.47535	1	0.48047	0.53445	10.97272	1.06647	1	0.74235	0.55316	9.57594	1.06647	1	-0.00556	-0.00865	0.67423	0.00328	1	0.06125	-0.01282	0.67290	0.00242	1	1.45898	0.81042	0	
1280781	8637.48242	3307174419606	0.71507	0.51242	8637.37500	0.10742	12187	1	0.78219	0.54689	1	0.80889	0.40380	1	0.79554	0.47535	1	0.47769	0.53285	10.25845	1.06647	1	0.73851	0.55082	10.25348	1.06647	1	-0.00602	-0.00857	0.68040	0.00336	1	0.06005	-0.01240	0.66408	0.00257	1	1.45898	0.81042	0	
1280782	8637.48926	3307174486128	0.70988	0.51194	8637.37500	0.11426	12187	1	0.62236	0.48189	1	0.62108	0.52559	1	0.62172	0.50374	1	0.47649	0.53311	10.88361	1.06647	1	0.73778	0.55305	12.29993	1.06647	1	-0.00602	-0.00857	0.68040	0.00344	1	0.06005	-0.01240	0.66408	0.00335	1	1.45898	0.81042	0	
1280783	8637.49609	3307174552996	0.70900	0.51211	8637.37500	0.12109	12187	1	0.68689	0.48290	1	0.69937	0.54740	1	0.69313	0.51515	1	0.47665	0.53261	10.12248	1.06647	1	0.73801	0.55326	12.53440	1.06647	1	-0.00602	-0.00857	0.68040	0.00326	1	0.06005	-0.01240	0.66408	0.00348	1	1.45898	0.81042	0	
1280784	8637.50293	3307174620156	0.70852	0.51387	8637.37500	0.12793	12187	1	0.68689	0.48290	0	0.69937	0.54740	1	0.69937	0.54740	1	0.47665	0.53261	10.12248	1.06647	0	0.47344	0.52918	10.20060	1.06647	1	-0.00602	-0.00857	0.68040	0.00326	1	-0.00672	-0.00853	0.68946	0.00219	1	1.45898	0.81042	0	
1280785	8637.50879	3307174686817	0.69403	0.50512	8637.37500	0.13379	12187	1	0.68689	0.48290	0	0.40420	0.33001	1	0.40420	0.33001	1	0.47665	0.53261	10.12248	1.06647	0	0.47332	0.53139	10.31034	1.06647	1	-0.00602	-0.00857	0.68040	0.00326	1	-0.00672	-0.00853	0.68946	0.00348	1	1.45898	0.81042	0	
1280786	8637.51562	3307174753690	0.65521	0.50003	8637.37500	0.13379	12187	0	0.68689	0.48290	0	0.40735	0.33432	1	0.40735	0.33432	1	0.47665	0.53261	10.12248	1.06647	0	0.47333	0.53112	10.46354	1.06647	1	-0.00602	-0.00857	0.68040	0.00326	1	-0.00672	-0.00853	0.68946	0.00363	1	1.45898	0.81042	0	
1280787	8637.52246	3307174821127	0.53128	0.41718	8637.37500	0.13379	12187	0	0.68689	0.48290	0	0.40735	0.33432	1	0.40735	0.33432	1	0.47665	0.53261	10.12248	1.06647	0	0.47302	0.53068	11.31472	1.06647	1	-0.00602	-0.00857	0.68040	0.00326	1	-0.00672	-0.00843	0.68946	0.00369	1	1.45898	0.81042	0	
1280788	8637.52930	3307174888406	0.48583	0.39526	8637.37500	0.13379	12187	0	0.68689	0.48290	0	0.39492	0.35143	1	0.39492	0.35143	1	0.47665	0.53261	10.12248	1.06647	0	0.47318	0.53077	11.44481	1.06647	1	-0.00602	-0.00857	0.68040	0.00326	1	-0.00672	-0.00843	0.68946	0.00366	1	1.45898	0.81042	0	
1280789	8637.53613	3307174952910	0.40198	0.35887	8637.37500	0.13379	12187	0	0.68689	0.48290	0	0.40367	0.39085	1	0.40367	0.39085	1	0.47665	0.53261	10.12248	1.06647	0	0.47335	0.53121	11.71040	1.06647	1	-0.00602	-0.00857	0.68040	0.00326	1	-0.00672	-0.00843	0.68946	0.00352	1	1.45898	0.81042	0	
1280790	8637.54199	3307175019177	0.40283	0.37486	8637.37500	0.13379	12187	0	0.68689	0.48290	0	0.40367	0.39085	1	0.40367	0.39085	1	0.47665	0.53261	10.12248	1.06647	0	0.47263	0.52872	10.78767	1.06647	1	-0.00602	-0.00857	0.68040	0.00326	1	-0.00672	-0.00835	0.67855	0.00223	1	1.45898	0.81042	0	
1280791	8637.54883	3307175086061	0.39542	0.35611	8637.37500	0.13379	12187	0	0.68689	0.48290	0	0.38059	0.31861	1	0.38059	0.31861	1	0.47665	0.53261	10.12248	1.06647	0	0.47289	0.53057	11.07922	1.06647	1	-0.00602	-0.00857	0.68040	0.00326	1	-0.00672	-0.00835	0.67855	0.00372	1	1.45898	0.81042	0	
1280792	8637.55566	3307175154212	0.39619	0.35398	8637.53613	0.01953	12188	1	0.68689	0.48290	0	0.39852	0.34759	1	0.39852	0.34759	1	0.47665	0.53261	10.12248	1.06647	0	0.47286	0.53078	11.32747	1.06647	1	-0.00602	-0.00857	0.68040	0.00326	1	-0.00672	-0.00835	0.67855	0.00347	1	1.45898	0.81042	0	
1280793	8637.56250	3307175218722	0.39660	0.35132	8637.53613	0.02637	12188	1	0.68689	0.48290	0	0.39824	0.34069	1	0.39824	0.34069	1	0.47665	0.53261	10.12248	1.06647	0	0.47265	0.53079	10.68468	1.07515	1	-0.00602	-0.00857	0.68040	0.00326	1	-0.00707	-0.00872	0.70882	0.00363	1	1.45898	0.81042	0	
1280794	8637.56934	3307175287571	0.41362	0.35421	8637.53613	0.03320	12188	1	0.52287	0.41412	1	0.47462	0.32319	1	0.49874	0.36865	1	0.47254	0.53126	11.03963	1.07515	1	0.73302	0.55003	11.89400	1.08383	1	-0.00602	-0.00857	0.68040	0.00361	1	-0.00707	-0.00872	0.70882	0.00391	1	1.45898	0.81042	0	
1280795	8637.57617	3307175352870	0.42540	0.35694	8637.53613	0.04004	12188	1	0.52196	0.40562	1	0.47018	0.34100	1	0.49607	0.37331	1	0.47262	0.53119	11.06812	1.08383	1	0.73297	0.55034	11.99532	1.09251	1	-0.00602	-0.00857	0.68040	0.00357	1	-0.00707	-0.00872	0.70882	0.00386	1	1.45898	0.81042	0	
1280796	8637.58301	3307175421406	0.43418	0.35860	8637.53613	0.04688	12188	1	0.52105	0.39942	1	0.47018	0.34100	1	0.49562	0.37021	1	0.47219	0.52875	10.83347	1.09251	1	0.73290	0.54972	11.83057	1.09251	1	-0.00676	-0.00827	0.67253	0.00225	1	0.06049	-0.01235	0.67789	0.00405	1	1.45898	0.81042	0	
1280797	8637.58984	3307175490544	0.43990	0.36134	8637.53613	0.05371	12188	1	0.51962	0.36321	1	0.45166	0.40340	1	0.48564	0.38331	1	0.47256	0.53101	10.49262	1.09251	1	0.73277	0.55063	12.34848	1.08383	1	-0.00676	-0.00827	0.67253	0.00375	1	0.06049	-0.01235	0.67789	0.00373	1	1.45898	0.81042	0	
1280798	8637.59570	3307175554994	0.44576	0.36139	8637.53613	0.05957	12188	1	0.52146	0.40160	1	0.47552	0.32206	1	0.49849	0.36183	1	0.47265	0.53135	11.27102	1.08383	1	0.73302	0.55006	11.88109	1.07515	1	-0.00676	-0.00827	0.67253	0.00354	1	0.06049	-0.01235	0.67789	0.00401	1	1.45898	0.81042	0	
1280799	8637.60254	3307175623683	0.45059	0.36172	8637.53613	0.06641	12188	1	0.52238	0.40783	1	0.47552	0.32206	1	0.49895	0.36495	1	0.47199	0.52860	11.07613	1.07515	1	0.73265	0.55080	11.65222	1.07515	1	-0.00676	-0.00817	0.67253	0.00220	1	0.06242	-0.01263	0.69891	0.00373	1	1.45898	0.81042	0	
1280800	8637.60938	3307175689181	0.45363	0.36302	8637.53613	0.07324	12188	1	0.50411	0.40219	1	0.46994	0.35241	1	0.48703	0.37730	1	0.47229	0.53090	11.61432	1.07515	1	0.73291	0.55039	12.36208	1.08383	1	-0.00676	-0.00817	0.67253	0.00361	1	0.06242	-0.01263	0.69891	0.00376	1	1.45898	0.81042	0	
1280801	8637.61621	3307175758703	0.45564	0.35938	8637.53613	0.08008	12188	1	0.48461	0.32795	1	0.47506	0.30367	1	0.47983	0.31581	1	0.47208	0.53081	11.12102	1.08383	1	0.73263	0.54972	11.32441	1.09251	1	-0.00676	-0.00817	0.67253	0.00363	1	0.06242	-0.01263	0.69891	0.00414	1	1.45898	0.81042	0	
1280802	8637.62305	3307175825559	0.45737	0.35623	8637.53613	0.08691	12188	1	0.48452	0.32742	1	0.47509	0.30312	1	0.47980	0.31527	1	0.47246	0.53104	10.63642	1.08449	1	0.73260	0.55034	11.77966	1.09318	1	-0.00668	-0.00802	0.66006	0.00369	1	0.06348	-0.01290	0.71085	0.00384	1	1.45898	0.81042	0	
1280803	8637.62988	3307175892858	0.45950	0.35689	8637.53613	0.09375	12188	1	0.49822	0.34522	1	0.48040	0.38698	1	0.48931	0.36610	1	0.47224	0.53090	11.06371	1.08516	1	0.73278	0.55036	12.07737	1.08516	1	-0.00668	-0.00802	0.66006	0.00376	1	0.06348	-0.01290	0.71085	0.00374	1	1.45898	0.81042	0	
1280804	8637.63672	3307175959423	0.46084	0.35027	8637.53613	0.10059	12188	1	0.48951	0.13163	1	0.47246	0.37042	1	0.48099	0.25102	1	0.47223	0.52851	11.22272	1.07714	1	0.73260	0.55018	11.46367	1.07714	1	-0.00668	-0.00802	0.66006	0.00229	1	0.06348	-0.01290	0.71085	0.00395	1	1.45898	0.81042	0	
1280805	8637.64355	3307176026622	0.48928	0.34184	8637.53613	0.10059	12188	0	0.48951	0.13163	1	0.47217	0.37712	1	0.48084	0.25437	1	0.47213	0.52830	10.93934	1.07714	1	0.73251	0.55012	11.33247	1.06846	1	-0.00676	-0.00817	0.67253	0.00220	1	0.06049	-0.01225	0.67789	0.00390	1	1.45898	0.81042	0	
1280806	8637.64941	3307176093628	0.47587	0.34910	8637.53613	0.10059	12188	0	0.48748	0.33851	1	0.43746	0.37422	1	0.46247	0.35636	1	0.47211	0.53040	10.91201	1.07648	1	0.73251	0.55012	11.33247	1.06780	1	-0.00676	-0.00817	0.67253	0.00381	1	0.06049	-0.01225	0.67789	0.00390	1	1.45898	0.81042	0	
1280807	8637.65625	3307176160660	0.47241	0.33153	8637.53613	0.10059	12188	0	0.46945	0.21522	1	0.46150	0.37753	1	0.46547	0.29637	1	0.47198	0.52839	11.11229	1.07581	1	0.73251	0.55012	11.33247	1.06713	1	-0.00676	-0.00817	0.67253	0.00226	1	0.06049	-0.01225	0.67789	0.00390	1	1.45898	0.81042	0	
1280808	8637.66309	3307176227839	0.47060	0.31919	8637.64355	0.01953	12189	1	0.46823	0.20763	1	0.46216	0.35669	1	0.46519	0.28216	1	0.47194	0.52811	10.79877	1.08424	1	0.73251	0.54979	11.20724	1.09416	1	-0.00716	-0.00859	0.70740	0.00224	1	0.06539	-0.01328	0.73158	0.00402	1	1.45898	0.81042	0	
1280809	8637.66992	3307176294413	0.47005	0.30282	8637.64355	0.02637	12189	1	0.46848	0.14671	1	0.46719	0.32799	1	0.46784	0.23735	1	0.47195	0.52798	10.98412	1.10324	1	0.73248	0.54999	11.32528	1.12184	1	-0.00716	-0.00859	0.70740	0.00220	1	0.06539	-0.01328	0.73158	0.00394	1	1.45898	0.81042	0	
1280810	8637.67676	3307176361642	0.46701	0.29549	8637.64355	0.03320	12189	1	0.46864	0.15395	1	0.43498	0.36374	1	0.45181	0.25884	1	0.47193	0.52819	10.59603	1.13093	1	0.73207	0.55068	11.97807	1.14953	1	-0.00716	-0.00859	0.70740	0.00223	1	0.06539	-0.01328	0.73158	0.00394	1	1.45898	0.81042	0	
1280811	8637.68359	3307176428802	0.46457	0.28798	8637.64355	0.04004	12189	1	0.46482	0.12872	1	0.43498	0.35714	1	0.44990	0.24293	1	0.47171	0.52808	11.07633	1.15862	1	0.73227	0.55044	11.88820	1.15862	1	-0.00716	-0.00859	0.70740	0.00229	1	0.06138	-0.01249	0.68793	0.00383	1	1.45898	0.81042	0	
1280812	8637.69043	3307176496763	0.46562	0.27712	8637.64355	0.04688	12189	1	0.47575	0.12132	1	0.47028	0.28084	1	0.47301	0.20108	1	0.47174	0.52812	10.86664	1.15862	1	0.73257	0.54981	11.17614	1.14001	1	-0.00716	-0.00859	0.70740	0.00221	1	0.06138	-0.01249	0.68793	0.00406	1	1.45898	0.81042	0	
1280813	8637.69629	3307176562075	0.45733	0.25831	8637.64355	0.05273	12189	1	0.47575	0.12132	0	0.39095	0.10785	1	0.39095	0.10785	1	0.47174	0.52812	10.86664	1.14001	0	0.47185	0.52819	10.93092	1.12141	1	-0.00716	-0.00859	0.70740	0.00221	1	0.06138	-0.01249	0.68793	0.00219	1	1.45898	0.81042	0	
1280814	8637.70312	3307176628919	0.45072	0.24422	8637.64355	0.05957	12189	1	0.47575	0.12132	0	0.39131	0.11744	1	0.39131	0.11744	1	0.47174	0.52812	10.86664	1.12141	0	0.47185	0.52801	10.49408	1.11149	1	-0.00716	-0.00859	0.70740	0.00221	1	-0.00731	-0.00865	0.71154	0.00221	1	1.45898	0.81042	0	
1280815	8637.70996	3307176696532	0.44448	0.24337	8637.64355	0.06641	12189	1	0.47575	0.12132	0	0.38207	0.23485	1	0.38207	0.23485	1	0.47174	0.52812	10.86664	1.11149	0	0.47177	0.52972	10.13651	1.12017	1	-0.00716	-0.00859	0.70740	0.00221	1	-0.00731	-0.00865	0.71154	0.00347	1	1.45898	0.81042	0	
1280816	8637.71680	3307176763536	0.43949	0.22920	8637.64355	0.07324	12189	1	0.47575	0.12132	0	0.38457	0.07329	1	0.38457	0.07329	1	0.47174	0.52812	10.86664	1.12017	0	0.47181	0.52791	10.55556	1.12885	1	-0.00716	-0.00859	0.70740	0.00221	1	-0.00731	-0.00865	0.71154	0.00216	1	1.45898	0.81042	0	
1280817	8637.72363	3307176830564	0.43524	0.21654	8637.64355	0.08008	12189	1	0.47575	0.12132	0	0.38421	0.06470	1	0.38421	0.06470	1	0.47174	0.52812	10.86664	1.12885	0	0.47151	0.52772	10.94209	1.13753	1	-0.00716	-0.00859	0.70740	0.00221	1	-0.00731	-0.00854	0.71154	0.00216	1	1.45898	0.81042	0	
1280818	8637.73047	3307176897511	0.42227	0.18110	8637.64355	0.08008	12189	0	0.47575	0.12132	0	0.36092	0.05636	1	0.36092	0.05636	1	0.47174	0.52812	10.86664	1.13753	0	0.47151	0.52786	10.82228	1.13753	1	-0.00716	-0.00859	0.70740	0.00221	1	-0.00731	-0.00854	0.71154	0.00220	1	1.45898	0.81042	0	
1280819	8637.73633	3307176960780	0.39762	0.11883	8637.64355	0.08008	12189	0	0.47575	0.12132	0	0.37297	0.05656	1	0.37297	0.05656	1	0.47174	0.52812	10.86664	1.13753	0	0.47164	0.52787	10.66954	1.13753	1	-0.00716	-0.00859	0.70740	0.00221	1	-0.00731	-0.00854	0.71154	0.00218	1	1.45898	0.81042	0	
1280820	8637.74316	3307177028658	0.38955	0.10096	8637.64355	0.08008	12189	0	0.47575	0.12132	0	0.37341	0.06521	1	0.37341	0.06521	1	0.47174	0.52812	10.86664	1.13753	0	0.47163	0.52788	10.57461	1.12885	1	-0.00716	-0.00859	0.70740	0.00221	1	-0.00705	-0.00817	0.68113	0.00219	1	1.45898	0.81042	0	
1280821	8637.75000	3307177095521	0.37309	0.06408	8637.64355	0.08008	12189	0	0.47575	0.12132	0	0.37287	0.07046	1	0.37287	0.07046	1	0.47174	0.52812	10.86664	1.12885	0	0.47150	0.52788	10.42349	1.12017	1	-0.00716	-0.00859	0.70740	0.00221	1	-0.00705	-0.00817	0.68113	0.00222	1	1.45898	0.81042	0	
1280822	8637.75684	3307177162785	0.37167	0.06889	8637.64355	0.08008	12189	0	0.47575	0.12132	0	0.37025	0.07370	1	0.37025	0.07370	1	0.47174	0.52812	10.86664	1.12017	0	0.47146	0.52781	10.61987	1.11149	1	-0.00716	-0.00859	0.70740	0.00221	1	-0.00705	-0.00817	0.68113	0.00222	1	1.45898	0.81042	0	
1280823	8637.76367	3307177228426	0.39023	0.09127	8637.64355	0.08008	12189	0	0.48309	0.17285	1	0.37163	0.09922	1	0.42736	0.13603	1	0.47136	0.52764	10.72759	1.10241	1	0.73257	0.54963	11.47887	1.08607	1	-0.00705	-0.00817	0.68113	0.00216	1	0.05941	-0.01189	0.66637	0.00379	1	1.45898	0.81042	0	
1280824	8637.77051	3307177295976	0.42327	0.15240	8637.64355	0.08008	12189	0	0.48910	0.16215	1	0.45533	0.33281	1	0.47222	0.24748	1	0.47147	0.52766	10.53796	1.07698	1	0.73233	0.54942	11.50044	1.06932	1	-0.00705	-0.00817	0.68113	0.00227	1	0.05941	-0.01189	0.66637	0.00388	1	1.45898	0.81042	0	
1280825	8637.77637	3307177363403	0.44690	0.20133	8637.64355	0.08008	12189	0	0.48602	0.15411	1	0.45502	0.34639	1	0.47052	0.25025	1	0.47140	0.52757	10.32828	1.06024	1	0.73233	0.54942	11.50044	1.05258	1	-0.00705	-0.00817	0.68113	0.00216	1	0.05941	-0.01189	0.66637	0.00388	1	1.45898	0.81042	0	
1280826	8637.78320	3307177430825	0.45514	0.22040	8637.64355	0.08008	12189	0	0.48827	0.17036	1	0.45501	0.34672	1	0.47164	0.25854	1	0.47121	0.52763	10.45803	1.04349	1	0.73247	0.54881	11.27282	1.05217	1	-0.00705	-0.00817	0.68113	0.00211	1	0.06152	-0.01229	0.69119	0.00398	1	1.45898	0.81042	0	
1280827	8637.79004	3307177497705	0.46949	0.25529	8637.64355	0.08008	12189	0	0.48685	0.15994	1	0.44575	0.35422	1	0.46630	0.25708	1	0.47130	0.52763	10.63553	1.05217	1	0.73219	0.54966	12.06684	1.06851	1	-0.00705	-0.00817	0.68113	0.00213	1	0.06152	-0.01229	0.69119	0.00373	1	1.45898	0.81042	0	
1280828	8637.79688	3307177560376	0.47276	0.27086	8637.64355	0.08008	12189	0	0.47817	0.15800	1	0.47392	0.41487	1	0.47604	0.28644	1	0.47125	0.52774	10.85974	1.06851	1	0.73264	0.54998	11.67108	1.08485	1	-0.00705	-0.00817	0.68113	0.00214	1	0.06152	-0.01229	0.69119	0.00381	1	1.45898	0.81042	0	
1280829	8637.80371	3307177631055	0.47352	0.27251	8637.64355	0.08008	12189	0	0.47590	0.14231	1	0.47419	0.40932	1	0.47504	0.27582	1	0.47098	0.52765	10.86559	1.08485	1	0.73181	0.54942	11.31159	1.09251	1	-0.00705	-0.00807	0.68113	0.00220	1	0.06070	-0.01213	0.68260	0.00373	1	1.45898	0.81042	0	
1280830	8637.81055	3307177700757	0.47778	0.26246	8637.79004	0.02051	12190	1	0.49810	0.13475	1	0.48296	0.32981	1	0.49053	0.23228	1	0.47125	0.52766	11.14117	1.09251	1	0.73202	0.54928	11.97219	1.08383	1	-0.00705	-0.00807	0.68113	0.00217	1	0.06070	-0.01213	0.68260	0.00372	1	1.45898	0.81042	0	
1280831	8637.81738	3307177767659	0.48100	0.25676	8637.79004	0.02734	12190	1	0.48264	0.13148	1	0.50513	0.33645	1	0.49389	0.23397	1	0.47100	0.52761	10.93734	1.08383	1	0.73231	0.54927	11.59587	1.07515	1	-0.00705	-0.00807	0.68113	0.00217	1	0.06070	-0.01213	0.68260	0.00368	1	1.45898	0.81042	0	
1280832	8637.82422	3307177834946	0.48324	0.25366	8637.79004	0.03418	12190	1	0.48380	0.13991	1	0.50513	0.33645	1	0.49447	0.23818	1	0.47091	0.52758	10.80714	1.07515	1	0.73172	0.54920	11.38940	1.07515	1	-0.00719	-0.00812	0.68505	0.00221	1	0.06152	-0.01229	0.69119	0.00376	1	1.45898	0.81042	0	
1280833	8637.83105	3307177901581	0.48363	0.24956	8637.79004	0.04102	12190	1	0.48063	0.12355	1	0.49124	0.32631	1	0.48594	0.22493	1	0.47084	0.52734	10.28858	1.07515	1	0.73208	0.54885	11.18423	1.08383	1	-0.00719	-0.00812	0.68505	0.00222	1	0.06152	-0.01229	0.69119	0.00387	1	1.45898	0.81042	0	
1280834	8637.83691	3307177967363	0.48391	0.24918	8637.79004	0.04688	12190	1	0.49992	0.17743	1	0.47192	0.31563	1	0.48592	0.24653	1	0.47083	0.52755	10.59730	1.08383	1	0.73179	0.54890	11.22546	1.09251	1	-0.00719	-0.00812	0.68505	0.00218	1	0.06152	-0.01229	0.69119	0.00391	1	1.45898	0.81042	0	
1280835	8637.84375	3307178034730	0.48405	0.24717	8637.79004	0.05371	12190	1	0.49777	0.16096	1	0.47251	0.30123	1	0.48514	0.23110	1	0.47088	0.52740	10.87043	1.10160	1	0.73210	0.54882	11.22777	1.11028	1	-0.00748	-0.00839	0.70786	0.00220	1	0.06152	-0.01229	0.69119	0.00386	1	1.45898	0.81042	0	
1280836	8637.85059	3307178103984	0.48345	0.24309	8637.79004	0.06055	12190	1	0.47911	0.11771	1	0.47696	0.29510	1	0.47803	0.20640	1	0.47066	0.52742	11.10373	1.11936	1	0.73192	0.54901	11.45221	1.11936	1	-0.00748	-0.00839	0.70786	0.00226	1	0.06152	-0.01229	0.69119	0.00381	1	1.45898	0.81042	0	
1280837	8637.85742	3307178168544	0.48424	0.24003	8637.79004	0.06738	12190	1	0.49510	0.11196	1	0.48922	0.30674	1	0.49216	0.20935	1	0.47087	0.52741	10.87594	1.12845	1	0.73209	0.54878	11.18025	1.12845	1	-0.00748	-0.00839	0.70786	0.00221	1	0.06152	-0.01229	0.69119	0.00381	1	1.45898	0.81042	0	
1280838	8637.86426	3307178237470	0.48487	0.23681	8637.79004	0.07422	12190	1	0.49401	0.10334	1	0.48964	0.29952	1	0.49183	0.20143	1	0.47096	0.52726	10.58423	1.13753	1	0.73205	0.54838	10.94578	1.13753	1	-0.00748	-0.00839	0.70786	0.00221	1	0.06252	-0.01243	0.70240	0.00382	1	1.45898	0.81042	0	
1280839	8637.87109	3307178303829	0.48499	0.23431	8637.79004	0.08105	12190	1	0.50098	0.07525	1	0.47171	0.33349	1	0.48634	0.20437	1	0.47093	0.52714	11.21718	1.13753	1	0.73180	0.54881	11.15824	1.13753	1	-0.00748	-0.00839	0.70786	0.00227	1	0.06252	-0.01243	0.70240	0.00388	1	1.45898	0.81042	0	
1280840	8637.87793	3307178370736	0.48580	0.22873	8637.79004	0.08789	12190	1	0.50526	0.10876	1	0.48744	0.20347	1	0.49635	0.15612	1	0.47098	0.52729	10.71342	1.13753	1	0.73195	0.54807	11.01821	1.13753	1	-0.00748	-0.00839	0.70786	0.00225	1	0.06252	-0.01243	0.70240	0.00381	1	1.45898	0.81042	0	
1280841	8637.88477	3307178439111	0.48651	0.22469	8637.79004	0.09473	12190	1	0.50627	0.11733	1	0.48664	0.21907	1	0.49645	0.16820	1	0.47093	0.52714	11.21718	1.12845	1	0.73179	0.54814	11.25718	1.11977	1	-0.00719	-0.00812	0.68505	0.00227	1	0.06038	-0.01202	0.67899	0.00382	1	1.45898	0.81042	0	
1280842	8637.89062	3307178506093	0.48504	0.22425	8637.79004	0.10059	12190	1	0.47224	0.13151	1	0.45377	0.30360	1	0.46300	0.21755	1	0.47092	0.52727	10.98297	1.11068	1	0.73191	0.54839	11.41014	1.10200	1	-0.00719	-0.00812	0.68505	0.00226	1	0.06038	-0.01202	0.67899	0.00376	1	1.45898	0.81042	0	
1280843	8637.89746	3307178571877	0.48285	0.22327	8637.79004	0.10742	12190	1	0.46186	0.12940	1	0.43374	0.28583	1	0.44780	0.20761	1	0.47106	0.52716	11.27907	1.09292	1	0.73193	0.54820	10.96558	1.08424	1	-0.00719	-0.00812	0.68505	0.00217	1	0.06038	-0.01202	0.67899	0.00389	1	1.45898	0.81042	0	
1280844	8637.90430	3307178639711	0.48098	0.22329	8637.79004	0.11426	12190	1	0.46450	0.14655	1	0.43375	0.30077	1	0.44912	0.22366	1	0.47198	0.52965	11.20194	1.07515	1	0.73245	0.54867	11.33775	1.06647	1	-0.00705	-0.00807	0.68113	0.00339	1	0.06049	-0.01205	0.67789	0.00375	1	1.45898	0.81042	0	
1280845	8637.91113	3307178705984	0.48130	0.23053	8637.79004	0.12109	12190	1	0.50879	0.36584	1	0.46534	0.35577	1	0.48706	0.36080	1	0.47168	0.52954	10.98457	1.06647	1	0.73248	0.54860	11.31110	1.06647	1	-0.00705	-0.00807	0.68113	0.00344	1	0.06049	-0.01205	0.67789	0.00377	1	1.45898	0.81042	0	
1280846	8637.91797	3307178772741	0.48191	0.23713	8637.79004	0.12793	12190	1	0.51772	0.37887	1	0.46928	0.34612	1	0.49350	0.36250	1	0.47179	0.52932	10.60634	1.06647	1	0.73256	0.54848	11.25818	1.06647	1	-0.00705	-0.00807	0.68113	0.00346	1	0.06049	-0.01205	0.67789	0.00376	1	1.45898	0.81042	0	
1280847	8637.92480	3307178840435	0.48246	0.24310	8637.79004	0.13477	12190	1	0.51772	0.37887	1	0.46928	0.34612	1	0.49350	0.36250	1	0.47183	0.52809	10.35378	1.06647	1	0.73249	0.54853	11.26900	1.06647	1	-0.00705	-0.00807	0.68113	0.00388	1	0.06049	-0.01205	0.67789	0.00378	1	1.45898	0.81042	0	
1280848	8637.93066	3307178906510	0.48340	0.24766	8637.79004	0.14062	12190	1	0.52429	0.30507	1	0.48203	0.38172	1	0.50316	0.34339	1	0.47191	0.52845	10.66638	1.06647	1	0.73276	0.54876	11.85460	1.06647	1	-0.00705	-0.00807	0.68113	0.00373	1	0.06049	-0.01205	0.67789	0.00389	1	1.45898	0.81042	0	
1280849	8637.93750	3307178971092	0.48413	0.24761	8637.79004	0.14746	12190	1	0.51616	0.13793	1	0.48415	0.35530	1	0.50016	0.24661	1	0.47185	0.52715	11.30553	1.06647	1	0.73271	0.54848	11.80880	1.06647	1	-0.00705	-0.00807	0.68113	0.00216	1	0.06049	-0.01205	0.67789	0.00376	1	1.45898	0.81042	0	
1280850	8637.94434	3307179041228	0.48480	0.24757	8637.79004	0.15430	12190	1	0.51616	0.13793	1	0.48415	0.35530	1	0.50016	0.24661	1	0.47185	0.52715	11.08205	1.06647	1	0.73277	0.54854	12.03222	1.06647	1	-0.00705	-0.00807	0.68113	0.00220	1	0.06045	-0.01199	0.67749	0.00375	1	1.45898	0.81042	0	
1280851	8637.95117	3307179105786	0.48557	0.24882	8637.79004	0.16113	12190	1	0.51620	0.17160	1	0.49216	0.38620	1	0.50418	0.27890	1	0.47182	0.52731	10.99666	1.06647	1	0.73295	0.54871	11.81032	1.06647	1	-0.00705	-0.00807	0.68113	0.00215	1	0.06045	-0.01199	0.67749	0.00368	1	1.45898	0.81042	0	
1280852	8637.95801	3307179172236	0.48613	0.24934	8637.79004	0.16797	12190	1	0.51379	0.16719	1	0.48654	0.35764	1	0.50016	0.26242	1	0.47183	0.52736	11.12471	1.06647	1	0.73287	0.54832	12.03280	1.06647	1	-0.00705	-0.00807	0.68113	0.00213	1	0.06045	-0.01199	0.67749	0.00366	1	1.45898	0.81042	0	
1280853	8637.96387	3307179238648	0.48682	0.28030	8637.79004	0.16797	12190	0	0.51277	0.15855	1	0.48738	0.34357	1	0.50007	0.25106	1	0.47201	0.52743	11.19096	1.07556	1	0.73287	0.54886	11.87412	1.08424	1	-0.00720	-0.00830	0.70069	0.00216	1	0.06348	-0.01264	0.71085	0.00376	1	1.45898	0.81042	0	
1280854	8637.97070	3307179305266	0.50455	0.26543	8637.79004	0.16797	12190	0	0.51868	0.14721	1	0.52588	0.35390	1	0.52228	0.25055	1	0.47193	0.52737	11.01449	1.09332	1	0.73345	0.54870	11.03699	1.10200	1	-0.00720	-0.00830	0.70069	0.00215	1	0.06348	-0.01264	0.71085	0.00391	1	1.45898	0.81042	0	
1280855	8637.97754	3307179374226	0.51007	0.25317	8637.79004	0.16797	12190	0	0.52036	0.14196	1	0.52186	0.31537	1	0.52111	0.22867	1	0.47200	0.52743	11.19119	1.11109	1	0.73333	0.54895	10.97926	1.11977	1	-0.00720	-0.00830	0.70069	0.00216	1	0.06348	-0.01264	0.71085	0.00379	1	1.45898	0.81042	0	
1280856	8637.98438	3307179440780	0.51274	0.24096	8637.96387	0.02051	12191	1	0.51749	0.11564	1	0.52398	0.29298	1	0.52073	0.20431	1	0.47204	0.52739	11.19945	1.13924	1	0.73338	0.54877	11.03538	1.14792	1	-0.00748	-0.00870	0.73380	0.00213	1	0.06348	-0.01264	0.71085	0.00398	1	1.45898	0.81042	0	
1280857	8637.99121	3307179507062	0.48914	0.19730	8637.96387	0.02734	12191	1	0.51749	0.11564	0	0.39476	0.02267	1	0.39476	0.02267	1	0.47204	0.52739	11.19945	1.15830	0	0.47192	0.52736	11.06027	1.15830	1	-0.00748	-0.00870	0.73380	0.00213	1	0.06348	-0.01264	0.71085	0.00213	1	1.45898	0.81042	0	
1280858	8637.99805	3307179577888	0.46862	0.16530	8637.96387	0.03418	12191	1	0.51749	0.11564	0	0.36604	0.00530	1	0.36604	0.00530	1	0.47204	0.52739	11.19945	1.16869	0	0.47202	0.52720	10.55617	1.16869	1	-0.00748	-0.00870	0.73380	0.00213	1	0.06348	-0.01264	0.71085	0.00228	1	1.45898	0.81042	0	
1280859	8638.00488	3307179643301	0.45396	0.14220	8637.96387	0.04102	12191	1	0.51749	0.11564	0	0.36594	0.00358	1	0.36594	0.00358	1	0.47204	0.52739	11.19945	1.17907	0	0.47212	0.52729	10.82700	1.17039	1	-0.00748	-0.00870	0.73380	0.00213	1	-0.00691	-0.00804	0.67808	0.00221	1	1.45898	0.81042	0	
1280860	8638.01172	3307179711447	0.44544	0.12772	8637.96387	0.04785	12191	1	0.51749	0.11564	0	0.38585	0.02641	1	0.38585	0.02641	1	0.47204	0.52739	11.19945	1.17039	0	0.47213	0.52734	11.05528	1.16171	1	-0.00748	-0.00870	0.73380	0.00213	1	-0.00691	-0.00804	0.67808	0.00218	1	1.45898	0.81042	0	
1280861	8638.01855	3307179777497	0.43815	0.11723	8637.96387	0.05469	12191	1	0.51749	0.11564	0	0.37984	0.03332	1	0.37984	0.03332	1	0.47204	0.52739	11.19945	1.16171	0	0.47202	0.52736	10.99930	1.15303	1	-0.00748	-0.00870	0.73380	0.00213	1	-0.00691	-0.00804	0.67808	0.00215	1	1.45898	0.81042	0	
1280862	8638.02539	3307179844698	0.43236	0.10971	8637.96387	0.06152	12191	1	0.51749	0.11564	0	0.38022	0.04202	1	0.38022	0.04202	1	0.47204	0.52739	11.19945	1.15303	0	0.47233	0.52744	11.20309	1.14435	1	-0.00748	-0.00870	0.73380	0.00213	1	-0.00679	-0.00801	0.67623	0.00224	1	1.45898	0.81042	0	
1280863	8638.03125	3307179911577	0.42842	0.10434	8637.96387	0.06738	12191	1	0.51749	0.11564	0	0.38902	0.05061	1	0.38902	0.05061	1	0.47204	0.52739	11.19945	1.14435	0	0.47250	0.52754	10.69621	1.14435	1	-0.00748	-0.00870	0.73380	0.00213	1	-0.00679	-0.00801	0.67623	0.00222	1	1.45898	0.81042	0	
1280864	8638.03809	3307179978750	0.42373	0.11957	8637.96387	0.07422	12191	1	0.51749	0.11564	0	0.37212	0.28713	1	0.37212	0.28713	1	0.47204	0.52739	11.19945	1.14435	0	0.47245	0.52970	10.49763	1.14435	1	-0.00748	-0.00870	0.73380	0.00213	1	-0.00679	-0.00801	0.67623	0.00367	1	1.45898	0.81042	0	
1280865	8638.04492	3307180045917	0.41976	0.13246	8637.96387	0.08105	12191	1	0.51749	0.11564	0	0.37212	0.28713	1	0.37212	0.28713	1	0.47204	0.52739	11.19945	1.14435	0	0.47242	0.52757	10.93965	1.14435	1	-0.00748	-0.00870	0.73380	0.00213	1	-0.00679	-0.00801	0.67623	0.00225	1	1.45898	0.81042	0	
1280866	8638.05176	3307180112769	0.40314	0.10442	8637.96387	0.08105	12191	0	0.51749	0.11564	0	0.38990	0.06189	1	0.38990	0.06189	1	0.47204	0.52739	11.19945	1.14435	0	0.47253	0.52744	10.79706	1.14435	1	-0.00748	-0.00870	0.73380	0.00213	1	-0.00679	-0.00801	0.67623	0.00217	1	1.45898	0.81042	0	
1280867	8638.05859	3307180179220	0.44135	0.15151	8637.96387	0.08105	12191	0	0.48339	0.11389	1	0.47572	0.28330	1	0.47956	0.19860	1	0.47239	0.52750	11.29023	1.14435	1	0.73344	0.54942	11.16279	1.14435	1	-0.00748	-0.00870	0.73380	0.00213	1	-0.00679	-0.00801	0.67623	0.00380	1	1.45898	0.81042	0	
1280868	8638.06543	3307180246448	0.45443	0.17168	8637.96387	0.08105	12191	0	0.48585	0.13209	1	0.47534	0.29195	1	0.48060	0.21202	1	0.47259	0.52749	11.16814	1.12488	1	0.73408	0.54927	11.21389	1.13356	1	-0.00679	-0.00801	0.67623	0.00221	1	0.06352	-0.01260	0.70885	0.00386	1	1.45898	0.81042	0	
1280869	8638.07227	3307180313562	0.48913	0.24467	8637.96387	0.08105	12191	0	0.51005	0.33649	1	0.50444	0.31028	1	0.50725	0.32339	1	0.47256	0.52942	10.54232	1.11409	1	0.73388	0.54945	11.73342	1.12277	1	-0.00679	-0.00801	0.67623	0.00358	1	0.06352	-0.01260	0.70885	0.00382	1	1.45898	0.81042	0	
1280870	8638.07812	3307180380520	0.50331	0.27747	8637.96387	0.08105	12191	0	0.52777	0.32935	1	0.50721	0.29122	1	0.51749	0.31028	1	0.47268	0.52942	10.54336	1.10330	1	0.73392	0.54931	11.96290	1.11198	1	-0.00679	-0.00801	0.67623	0.00354	1	0.06352	-0.01260	0.70885	0.00374	1	1.45898	0.81042	0	
1280871	8638.08496	3307180447437	0.50805	0.28886	8637.96387	0.08105	12191	0	0.52794	0.33066	1	0.50710	0.29262	1	0.51752	0.31164	1	0.47306	0.52867	10.15797	1.10160	1	0.73410	0.54978	12.00474	1.11028	1	-0.00707	-0.00840	0.70881	0.00360	1	0.06352	-0.01260	0.70885	0.00377	1	1.45898	0.81042	0	
1280872	8638.09180	3307180514767	0.50949	0.27293	8638.07227	0.01953	12192	1	0.51930	0.11120	1	0.50834	0.33910	1	0.51382	0.22515	1	0.47278	0.52728	11.23844	1.11936	1	0.73432	0.54972	11.68754	1.11936	1	-0.00707	-0.00840	0.70881	0.00212	1	0.06352	-0.01260	0.70885	0.00375	1	1.45898	0.81042	0	
1280873	8638.09863	3307180581497	0.50761	0.26524	8638.07227	0.02637	12192	1	0.52126	0.11091	1	0.47896	0.35802	1	0.50011	0.23446	1	0.47283	0.52722	10.58897	1.12845	1	0.73423	0.54991	12.04776	1.12845	1	-0.00707	-0.00840	0.70881	0.00221	1	0.06352	-0.01260	0.70885	0.00377	1	1.45898	0.81042	0	
1280874	8638.10547	3307180647560	0.50631	0.26113	8638.07227	0.03320	12192	1	0.52126	0.11091	1	0.47833	0.37024	1	0.49980	0.24057	1	0.47315	0.52880	10.42342	1.12845	1	0.73408	0.54978	11.94806	1.11211	1	-0.00672	-0.00804	0.67854	0.00352	1	0.05967	-0.01184	0.66590	0.00368	1	1.45898	0.81042	0	
1280875	8638.11230	3307180715832	0.50405	0.26689	8638.07227	0.04004	12192	1	0.50888	0.27773	1	0.47205	0.32520	1	0.49047	0.30146	1	0.47289	0.52886	10.63389	1.10302	1	0.73413	0.54941	11.25072	1.08668	1	-0.00672	-0.00804	0.67854	0.00353	1	0.05967	-0.01184	0.66590	0.00370	1	1.45898	0.81042	0	
1280876	8638.11816	3307180781187	0.50272	0.27490	8638.07227	0.04590	12192	1	0.52646	0.29452	1	0.46034	0.36741	1	0.49340	0.33096	1	0.47317	0.52879	10.19368	1.07760	1	0.73402	0.54953	11.70168	1.06126	1	-0.00672	-0.00804	0.67854	0.00362	1	0.05967	-0.01184	0.66590	0.00366	1	1.45898	0.81042	0	
1280877	8638.12500	3307180848442	0.50181	0.28269	8638.07227	0.05273	12192	1	0.52904	0.31541	1	0.46013	0.37454	1	0.49458	0.34497	1	0.47362	0.52911	10.86036	1.05217	1	0.73406	0.54976	11.41714	1.05217	1	-0.00672	-0.00804	0.67854	0.00375	1	0.06299	-0.01253	0.70176	0.00372	1	1.45898	0.81042	0	
1280878	8638.13184	3307180917037	0.50155	0.28330	8638.07227	0.05957	12192	1	0.51761	0.19650	1	0.48076	0.38113	1	0.49919	0.28882	1	0.47305	0.52736	10.97965	1.05217	1	0.73427	0.54975	11.51228	1.06851	1	-0.00672	-0.00804	0.67854	0.00220	1	0.06299	-0.01253	0.70176	0.00369	1	1.45898	0.81042	0	
1280879	8638.13867	3307180983082	0.50026	0.28095	8638.07227	0.06641	12192	1	0.50503	0.16019	1	0.46966	0.35471	1	0.48735	0.25745	1	0.47322	0.52729	11.62514	1.06851	1	0.73418	0.54953	11.75378	1.08485	1	-0.00672	-0.00804	0.67854	0.00225	1	0.06299	-0.01253	0.70176	0.00374	1	1.45898	0.81042	0	
1280880	8638.14551	3307181051697	0.49910	0.27834	8638.07227	0.07324	12192	1	0.50310	0.14457	1	0.46966	0.35471	1	0.48638	0.24964	1	0.47350	0.52942	11.44066	1.08485	1	0.73441	0.54957	12.23106	1.08485	1	-0.00666	-0.00810	0.68353	0.00354	1	0.05816	-0.01157	0.64805	0.00368	1	1.45898	0.81042	0	
1280881	8638.15234	3307181117687	0.49959	0.28242	8638.07227	0.08008	12192	1	0.52969	0.31732	1	0.48112	0.34545	1	0.50540	0.33138	1	0.47358	0.52944	11.17629	1.08485	1	0.73437	0.54936	12.12342	1.06851	1	-0.00666	-0.00810	0.68353	0.00353	1	0.05816	-0.01157	0.64805	0.00375	1	1.45898	0.81042	0	
1280882	8638.15918	3307181184353	0.50045	0.28944	8638.07227	0.08691	12192	1	0.53853	0.36650	1	0.48475	0.39494	1	0.51164	0.38072	1	0.47372	0.52969	11.71396	1.06851	1	0.73442	0.54964	11.60020	1.05217	1	-0.00666	-0.00810	0.68353	0.00339	1	0.05816	-0.01157	0.64805	0.00369	1	1.45898	0.81042	0	
1280883	8638.16602	3307181251241	0.50121	0.29590	8638.07227	0.09375	12192	1	0.53920	0.37201	1	0.48441	0.40051	1	0.51181	0.38626	1	0.47309	0.52735	11.36258	1.06126	1	0.73473	0.54931	11.97269	1.04492	1	-0.00692	-0.00835	0.70468	0.00220	1	0.05941	-0.01181	0.66188	0.00387	1	1.45898	0.81042	0	
1280884	8638.17188	3307181318404	0.50156	0.29953	8638.07227	0.09961	12192	1	0.53920	0.37201	0	0.50689	0.35407	1	0.50689	0.35407	1	0.47309	0.52735	11.36258	1.05400	0	0.73473	0.54931	11.97269	1.05400	1	-0.00692	-0.00835	0.70468	0.00220	1	0.05941	-0.01181	0.66188	0.00387	1	1.45898	0.81042	0	
1280885	8638.17871	3307181385266	0.50156	0.29953	8638.07227	0.10645	12192	1	0.53920	0.37201	0	0.50689	0.35407	0	0.50689	0.35407	0	0.47309	0.52735	11.36258	1.06309	0	0.73473	0.54931	11.97269	1.06309	0	-0.00692	-0.00835	0.70468	0.00220	1	0.05941	-0.01181	0.66188	0.00387	1	1.45898	0.81042	0	
1280886	8638.18555	3307181450965	0.50156	0.29953	8638.07227	0.11328	12192	1	0.53920	0.37201	0	0.50689	0.35407	0	0.50689	0.35407	0	0.47309	0.52735	11.36258	1.07218	0	0.73473	0.54931	11.97269	1.07218	0	-0.00692	-0.00835	0.70468	0.00220	1	0.05941	-0.01181	0.66188	0.00387	1	1.45898	0.81042	0	
1280887	8638.19238	3307181519233	0.50156	0.29953	8638.07227	0.12012	12192	1	0.53920	0.37201	0	0.50689	0.35407	0	0.50689	0.35407	0	0.47309	0.52735	11.36258	1.07218	0	0.73473	0.54931	11.97269	1.07218	0	-0.00692	-0.00835	0.70468	0.00220	1	0.05941	-0.01181	0.66188	0.00387	1	1.45898	0.81042	0	
1280888	8638.19922	3307181585989	0.49892	0.30840	8638.07227	0.12012	12192	0	0.53920	0.37201	0	0.50689	0.35407	0	0.50689	0.35407	0	0.47309	0.52735	11.36258	1.07218	0	0.73473	0.54931	11.97269	1.07218	0	-0.00692	-0.00835	0.70468	0.00220	1	0.05941	-0.01181	0.66188	0.00387	1	1.45898	0.81042	0	
1280889	8638.20605	3307181652699	0.49892	0.30840	8638.07227	0.12012	12192	0	0.53920	0.37201	0	0.50689	0.35407	0	0.50689	0.35407	0	0.47309	0.52735	11.36258	1.07218	0	0.73473	0.54931	11.97269	1.07218	0	-0.00692	-0.00835	0.70468	0.00220	1	0.05941	-0.01181	0.66188	0.00387	1	1.45898	0.81042	0	
1280890	8638.21289	3307181720160	0.49892	0.30840	8638.07227	0.12012	12192	0	0.53920	0.37201	0	0.50689	0.35407	0	0.50689	0.35407	0	0.47309	0.52735	11.36258	1.07218	0	0.73473	0.54931	11.97269	1.07218	0	-0.00692	-0.00835	0.70468	0.00220	1	0.05941	-0.01181	0.66188	0.00387	1	1.45898	0.81042	0	
1280891	8638.21875	3307181786654	0.00000	0.00000	8638.07227	0.12012	12192	0	0.53920	0.37201	0	0.50689	0.35407	0	0.50689	0.35407	0	0.47309	0.52735	11.36258	1.07218	0	0.73473	0.54931	11.97269	1.07218	0	-0.00692	-0.00835	0.70468	0.00220	1	0.05941	-0.01181	0.66188	0.00387	1	1.45898	0.81042	0	
1280892	8638.22559	3307181853653	0.00000	0.00000	8638.07227	0.12012	12192	0	0.53920	0.37201	0	0.50689	0.35407	0	0.50689	0.35407	0	0.47309	0.52735	11.36258	1.07218	0	0.73473	0.54931	11.97269	1.07218	0	-0.00692	-0.00835	0.70468	0.00220	1	0.05941	-0.01181	0.66188	0.00387	1	1.45898	0.81042	0	
1280893	8638.23242	3307181921517	0.00000	0.00000	8638.07227	0.12012	12192	0	0.53920	0.37201	0	0.50689	0.35407	0	0.50689	0.35407	0	0.47309	0.52735	11.36258	1.07218	0	0.73473	0.54931	11.97269	1.07218	0	-0.00692	-0.00835	0.70468	0.00220	1	0.05941	-0.01181	0.66188	0.00387	1	1.45898	0.81042	0	
1280894	8638.23926	3307181988165	0.50594	0.28477	8638.07227	0.12012	12192	0	0.51672	0.29699	1	0.49517	0.27256	1	0.50594	0.28477	1	0.47335	0.52887	10.52794	1.07218	1	0.73455	0.54864	11.93596	1.07218	1	-0.00692	-0.00835	0.70468	0.00368	1	0.05941	-0.01181	0.66188	0.00394	1	1.45898	0.81042	0	
1280895	8638.24609	3307182055108	0.50607	0.28862	8638.07227	0.12012	12192	0	0.51772	0.30448	1	0.49467	0.28044	1	0.50619	0.29246	1	0.47337	0.52916	10.73869	1.06309	1	0.73468	0.54886	11.90309	1.06309	1	-0.00666	-0.00810	0.68353	0.00369	1	0.05981	-0.01194	0.66638	0.00385	1	1.45898	0.81042	0	
1280896	8638.25293	3307182122144	0.50961	0.29966	8638.07227	0.12012	12192	0	0.53822	0.31603	1	0.49519	0.32746	1	0.51670	0.32174	1	0.47363	0.52891	11.26139	1.05400	1	0.73452	0.54910	11.76863	1.05400	1	-0.00666	-0.00810	0.68353	0.00370	1	0.05981	-0.01194	0.66638	0.00391	1	1.45898	0.81042	0	
1280897	8638.25977	3307182189019	0.50926	0.30232	8638.23926	0.02051	12193	1	0.52265	0.27503	1	0.49375	0.34554	1	0.50820	0.31028	1	0.47343	0.52830	10.54683	1.04492	1	0.73456	0.54926	11.83844	1.04492	1	-0.00666	-0.00810	0.68353	0.00376	1	0.05981	-0.01194	0.66638	0.00386	1	1.45898	0.81042	0	
1280898	8638.26562	3307182256200	0.50918	0.30617	8638.23926	0.02637	12193	1	0.52449	0.28984	1	0.49324	0.35329	1	0.50886	0.32157	1	0.47357	0.52916	10.96616	1.02782	1	0.73443	0.54941	12.01859	1.03548	1	-0.00653	-0.00788	0.66495	0.00378	1	0.05910	-0.01179	0.65795	0.00386	1	1.45898	0.81042	0	
1280899	8638.27246	3307182322943	0.51077	0.31659	8638.23926	0.03320	12193	1	0.54666	0.34836	1	0.49076	0.38911	1	0.51871	0.36873	1	0.47375	0.52938	11.21401	1.02746	1	0.73445	0.54947	12.14419	1.03512	1	-0.00653	-0.00788	0.66495	0.00365	1	0.05910	-0.01179	0.65795	0.00381	1	1.45898	0.81042	0	
1280900	8638.27930	3307182389856	0.51109	0.32219	8638.23926	0.04004	12193	1	0.54465	0.30800	1	0.48139	0.40355	1	0.51302	0.35578	1	0.47375	0.52938	11.21401	1.02710	1	0.73438	0.54961	12.46233	1.03476	1	-0.00653	-0.00788	0.66495	0.00365	1	0.05910	-0.01179	0.65795	0.00382	1	1.45898	0.81042	0	
1280901	8638.28613	3307182457341	0.51133	0.32643	8638.23926	0.04688	12193	1	0.54468	0.30830	1	0.48138	0.40383	1	0.51303	0.35606	1	0.47353	0.52942	11.31042	1.02674	1	0.73457	0.54907	11.91055	1.03440	1	-0.00645	-0.00783	0.65649	0.00352	1	0.05910	-0.01179	0.65795	0.00397	1	1.45898	0.81042	0	
1280902	8638.29297	3307182524319	0.51029	0.33043	8638.23926	0.05371	12193	1	0.52285	0.32701	1	0.48113	0.39801	1	0.50199	0.36251	1	0.47336	0.52950	11.16611	1.03440	1	0.73434	0.54957	12.12185	1.03440	1	-0.00645	-0.00783	0.65649	0.00368	1	0.05910	-0.01179	0.65795	0.00384	1	1.45898	0.81042	0	
1280903	8638.29980	3307182590953	0.50930	0.33296	8638.23926	0.06055	12193	1	0.51147	0.34830	1	0.48921	0.36298	1	0.50034	0.35564	1	0.47323	0.52929	10.58899	1.03440	1	0.73446	0.54920	11.66209	1.03440	1	-0.00645	-0.00783	0.65649	0.00381	1	0.05910	-0.01179	0.65795	0.00386	1	1.45898	0.81042	0	
1280904	8638.30664	3307182657590	0.50846	0.33443	8638.23926	0.06738	12193	1	0.51053	0.34185	1	0.48962	0.35647	1	0.50007	0.34916	1	0.47330	0.52949	11.02835	1.04242	1	0.73401	0.54969	11.77724	1.04242	1	-0.00669	-0.00806	0.67598	0.00367	1	0.06042	-0.01208	0.67378	0.00391	1	1.45898	0.81042	0	
1280905	8638.31250	3307182724832	0.50696	0.33401	8638.23926	0.07324	12193	1	0.51794	0.34844	1	0.46296	0.31044	1	0.49045	0.32944	1	0.47336	0.52917	10.43482	1.05044	1	0.73400	0.54888	11.79144	1.05044	1	-0.00669	-0.00806	0.67598	0.00372	1	0.06042	-0.01208	0.67378	0.00414	1	1.45898	0.81042	0	
1280906	8638.31934	3307182791503	0.50623	0.33464	8638.23926	0.08008	12193	1	0.53300	0.30696	1	0.46202	0.37737	1	0.49751	0.34217	1	0.47323	0.52895	10.23927	1.05845	1	0.73403	0.54960	11.75885	1.05845	1	-0.00669	-0.00806	0.67598	0.00379	1	0.06042	-0.01208	0.67378	0.00395	1	1.45898	0.81042	0	
1280907	8638.32617	3307182859141	0.50559	0.33472	8638.23926	0.08691	12193	1	0.53222	0.30035	1	0.46223	0.37114	1	0.49722	0.33574	1	0.47279	0.52888	10.90545	1.06647	1	0.73421	0.54831	11.28899	1.06647	1	-0.00672	-0.00804	0.67854	0.00395	1	0.06042	-0.01208	0.67378	0.00416	1	1.45898	0.81042	0	
1280908	8638.33301	3307182925644	0.50469	0.33275	8638.23926	0.09375	12193	1	0.50818	0.34712	1	0.47615	0.26314	1	0.49217	0.30513	1	0.47276	0.52933	11.08226	1.06647	1	0.73416	0.54831	11.30186	1.06647	1	-0.00672	-0.00804	0.67854	0.00383	1	0.06042	-0.01208	0.67378	0.00406	1	1.45898	0.81042	0	
1280909	8638.33984	3307182992781	0.50427	0.33116	8638.23926	0.10059	12193	1	0.51308	0.30031	1	0.48257	0.31448	1	0.49782	0.30740	1	0.47289	0.52891	10.90104	1.06647	1	0.73386	0.54917	11.71977	1.06647	1	-0.00672	-0.00804	0.67854	0.00377	1	0.06042	-0.01208	0.67378	0.00386	1	1.45898	0.81042	0	
1280910	8638.34668	3307183058437	0.50390	0.32955	8638.23926	0.10742	12193	1	0.51308	0.30031	1	0.48295	0.30726	1	0.49801	0.30379	1	0.47268	0.52890	10.92101	1.06647	1	0.73370	0.54942	12.11507	1.07515	1	-0.00672	-0.00804	0.67854	0.00403	1	0.06352	-0.01271	0.70885	0.00387	1	1.45898	0.81042	0	
1280911	8638.35352	3307183126010	0.50412	0.33014	8638.23926	0.11426	12193	1	0.52891	0.35228	1	0.48693	0.32810	1	0.50792	0.34019	1	0.47274	0.52980	10.98971	1.07515	1	0.73365	0.54917	12.19486	1.08383	1	-0.00672	-0.00804	0.67854	0.00361	1	0.06352	-0.01271	0.70885	0.00379	1	1.45898	0.81042	0	
1280912	8638.35938	3307183190592	0.50439	0.32965	8638.23926	0.12012	12193	1	0.52900	0.32525	1	0.48939	0.31628	1	0.50920	0.32076	1	0.47271	0.52928	10.82465	1.08383	1	0.73367	0.54912	12.13272	1.09251	1	-0.00672	-0.00804	0.67854	0.00373	1	0.06352	-0.01271	0.70885	0.00381	1	1.45898	0.81042	0	
1280913	8638.36621	3307183256915	0.50461	0.32849	8638.23926	0.12695	12193	1	0.52725	0.31124	1	0.49026	0.30186	1	0.50875	0.30655	1	0.47293	0.52980	11.20399	1.10160	1	0.73386	0.54840	11.85126	1.11028	1	-0.00707	-0.00840	0.70881	0.00373	1	0.06352	-0.01271	0.70885	0.00409	1	1.45898	0.81042	0	
1280914	8638.37305	3307183324676	0.50512	0.32605	8638.23926	0.13379	12193	1	0.52970	0.29068	1	0.50096	0.26355	1	0.51533	0.27712	1	0.47286	0.52966	11.55669	1.11936	1	0.73377	0.54906	11.86759	1.11936	1	-0.00707	-0.00840	0.70881	0.00375	1	0.06352	-0.01271	0.70885	0.00386	1	1.45898	0.81042	0	
1280915	8638.37988	3307183392660	0.50604	0.32441	8638.23926	0.14062	12193	1	0.53795	0.28908	1	0.51307	0.29113	1	0.52551	0.29011	1	0.47290	0.52970	11.18983	1.12845	1	0.73393	0.54924	12.11615	1.12845	1	-0.00707	-0.00840	0.70881	0.00365	1	0.06352	-0.01271	0.70885	0.00382	1	1.45898	0.81042	0	
1280916	8638.38672	3307183458610	0.50687	0.32321	8638.23926	0.14746	12193	1	0.53795	0.28908	1	0.51197	0.30436	1	0.52496	0.29672	1	0.47288	0.52969	11.18043	1.12845	1	0.73383	0.54908	12.08510	1.11211	1	-0.00679	-0.00806	0.67623	0.00360	1	0.05938	-0.01190	0.66381	0.00374	1	1.45898	0.81042	0	
1280917	8638.39258	3307183524117	0.50744	0.32215	8638.23926	0.15332	12193	1	0.52851	0.29388	1	0.51251	0.30184	1	0.52051	0.29786	1	0.47281	0.52966	11.03619	1.10302	1	0.73397	0.54901	12.04969	1.08668	1	-0.00679	-0.00806	0.67623	0.00366	1	0.05938	-0.01190	0.66381	0.00391	1	1.45898	0.81042	0	
1280918	8638.40039	3307183594208	0.50751	0.32289	8638.23926	0.16113	12193	1	0.52277	0.37630	1	0.49591	0.30498	1	0.50934	0.34064	1	0.47261	0.53026	11.23577	1.07760	1	0.73378	0.54877	11.91208	1.06126	1	-0.00679	-0.00806	0.67623	0.00362	1	0.05938	-0.01190	0.66381	0.00386	1	1.45898	0.81042	0	
1280919	8638.40625	3307183659500	0.50761	0.32435	8638.23926	0.16699	12193	1	0.52543	0.39526	1	0.49449	0.32650	1	0.50996	0.36088	1	0.47292	0.53020	11.07248	1.05217	1	0.73390	0.54872	11.74781	1.03583	1	-0.00697	-0.00825	0.68338	0.00365	1	0.05938	-0.01190	0.66381	0.00393	1	1.45898	0.81042	0	
1280920	8638.41309	3307183729987	0.50826	0.32493	8638.23926	0.17383	12193	1	0.54519	0.34972	1	0.50552	0.32984	1	0.52535	0.33978	1	0.47292	0.52978	10.87857	1.03583	1	0.73390	0.54895	11.91191	1.03583	1	-0.00697	-0.00825	0.68338	0.00389	1	0.05938	-0.01190	0.66381	0.00385	1	1.45898	0.81042	0	
1280921	8638.41992	3307183797213	0.50867	0.32622	8638.23926	0.18066	12193	1	0.54002	0.38748	1	0.49957	0.33486	1	0.51979	0.36117	1	0.47288	0.53006	10.97303	1.03583	1	0.73387	0.54882	11.79201	1.03583	1	-0.00697	-0.00825	0.68338	0.00363	1	0.05938	-0.01190	0.66381	0.00392	1	1.45898	0.81042	0	
1280922	8638.42676	3307183863623	0.50906	0.32742	8638.23926	0.18750	12193	1	0.54002	0.38748	1	0.49957	0.33486	1	0.51979	0.36117	1	0.47246	0.52963	10.74519	1.03583	1	0.73320	0.54898	11.79782	1.03583	1	-0.00691	-0.00824	0.67808	0.00373	1	0.05938	-0.01190	0.66381	0.00410	1	1.45898	0.81042	0	
1280923	8638.43359	3307183927566	0.50880	0.32929	8638.23926	0.19434	12193	1	0.54109	0.37203	1	0.46145	0.39496	1	0.50127	0.38350	1	0.47252	0.52986	10.70777	1.03583	1	0.73324	0.54960	11.75885	1.03583	1	-0.00691	-0.00824	0.67808	0.00367	1	0.05938	-0.01190	0.66381	0.00395	1	1.45898	0.81042	0	
1280924	8638.44043	3307183997129	0.50816	0.33014	8638.23926	0.20117	12193	1	0.51540	0.35894	1	0.46277	0.35224	1	0.48908	0.35559	1	0.47206	0.52967	11.37231	1.03583	1	0.73324	0.54960	11.75885	1.03583	1	-0.00691	-0.00824	0.67808	0.00371	1	0.05938	-0.01190	0.66381	0.00394	1	1.45898	0.81042	0	
1280925	8638.44727	3307184064624	0.50757	0.33073	8638.23926	0.20801	12193	1	0.51540	0.35894	1	0.46320	0.33886	1	0.48930	0.34890	1	0.47213	0.52993	11.08459	1.03583	1	0.73299	0.54924	11.89274	1.05217	1	-0.00691	-0.00824	0.67808	0.00351	1	0.06242	-0.01253	0.69891	0.00387	1	1.45898	0.81042	0	
1280926	8638.45410	3307184131848	0.50791	0.32978	8638.23926	0.21484	12193	1	0.54716	0.36570	1	0.49021	0.23288	1	0.51869	0.29929	1	0.47219	0.52986	11.12043	1.05217	1	0.73328	0.54890	11.31655	1.06851	1	-0.00691	-0.00824	0.67808	0.00351	1	0.06242	-0.01253	0.69891	0.00382	1	1.45898	0.81042	0	
1280927	8638.45996	3307184198845	0.50813	0.32869	8638.23926	0.22070	12193	1	0.54450	0.33902	1	0.48613	0.24640	1	0.51531	0.29271	1	0.47219	0.52985	11.12745	1.06851	1	0.73322	0.54903	11.62640	1.08485	1	-0.00691	-0.00824	0.67808	0.00350	1	0.06242	-0.01253	0.69891	0.00392	1	1.45898	0.81042	0	
1280928	8638.46680	3307184265878	0.50832	0.32705	8638.23926	0.22754	12193	1	0.54227	0.31904	1	0.48730	0.22399	1	0.51479	0.27151	1	0.47224	0.52984	11.14386	1.09394	1	0.73306	0.54928	12.03947	1.11028	1	-0.00731	-0.00865	0.71154	0.00373	1	0.06242	-0.01253	0.69891	0.00383	1	1.45898	0.81042	0	
1280929	8638.47363	3307184333378	0.50859	0.32600	8638.23926	0.23438	12193	1	0.52625	0.31414	1	0.50971	0.26406	1	0.51798	0.28910	1	0.47203	0.52981	11.28465	1.11936	1	0.73312	0.54927	12.02365	1.11936	1	-0.00731	-0.00865	0.71154	0.00349	1	0.06242	-0.01253	0.69891	0.00361	1	1.45898	0.81042	0	
1280930	8638.48047	3307184399893	0.50895	0.32436	8638.23926	0.24121	12193	1	0.52943	0.29116	1	0.51472	0.23982	1	0.52208	0.26549	1	0.47200	0.52990	11.09044	1.12845	1	0.73317	0.54882	11.82273	1.12845	1	-0.00731	-0.00865	0.71154	0.00347	1	0.06242	-0.01253	0.69891	0.00378	1	1.45898	0.81042	0	
1280931	8638.48730	3307184466440	0.50929	0.32271	8638.23926	0.24805	12193	1	0.52858	0.28400	1	0.51475	0.23947	1	0.52166	0.26174	1	0.47192	0.53005	11.48836	1.13753	1	0.73319	0.54915	12.04163	1.12885	1	-0.00731	-0.00865	0.71154	0.00350	1	0.06049	-0.01215	0.67789	0.00392	1	1.45898	0.81042	0	
1280932	8638.49316	3307184531185	0.50931	0.32244	8638.23926	0.25391	12193	1	0.52341	0.27970	1	0.49737	0.34419	1	0.51039	0.31195	1	0.47206	0.52986	11.05481	1.12885	1	0.73302	0.54963	12.55868	1.12017	1	-0.00731	-0.00865	0.71154	0.00357	1	0.06049	-0.01215	0.67789	0.00364	1	1.45898	0.81042	0	
1280933	8638.50000	3307184599460	0.50950	0.32133	8638.23926	0.26074	12193	1	0.52361	0.30295	1	0.50988	0.25293	1	0.51674	0.27794	1	0.47197	0.52960	11.04918	1.12017	1	0.73315	0.54927	12.21509	1.11149	1	-0.00731	-0.00865	0.71154	0.00363	1	0.06049	-0.01215	0.67789	0.00385	1	1.45898	0.81042	0	
1280934	8638.50684	3307184668248	0.50968	0.32070	8638.23926	0.26758	12193	1	0.52538	0.31686	1	0.50822	0.27470	1	0.51680	0.29578	1	0.47207	0.52980	11.23193	1.10241	1	0.73296	0.54949	12.28851	1.08607	1	-0.00706	-0.00824	0.68218	0.00359	1	0.05941	-0.01189	0.66637	0.00364	1	1.45898	0.81042	0	
1280935	8638.51367	3307184734884	0.50985	0.32119	8638.23926	0.27441	12193	1	0.53583	0.34352	1	0.49794	0.33893	1	0.51688	0.34122	1	0.47207	0.52980	11.23193	1.07698	1	0.73298	0.54942	12.08483	1.06932	1	-0.00706	-0.00824	0.68218	0.00359	1	0.05941	-0.01189	0.66637	0.00366	1	1.45898	0.81042	0	
1280936	8638.52051	3307184801375	0.50978	0.32176	8638.23926	0.28125	12193	1	0.53524	0.33631	1	0.47864	0.35471	1	0.50694	0.34551	1	0.47206	0.52964	10.78903	1.06024	1	0.73277	0.54929	12.49334	1.05258	1	-0.00706	-0.00824	0.68218	0.00366	1	0.05941	-0.01189	0.66637	0.00368	1	1.45898	0.81042	0	
1280937	8638.52734	3307184868148	0.50973	0.32260	8638.23926	0.28809	12193	1	0.53685	0.34962	1	0.47796	0.36819	1	0.50740	0.35890	1	0.47227	0.52968	10.97150	1.04349	1	0.73292	0.54922	12.60754	1.03583	1	-0.00713	-0.00816	0.67959	0.00380	1	0.05941	-0.01179	0.66637	0.00374	1	1.45898	0.81042	0	
1280938	8638.53418	3307184935236	0.50972	0.32297	8638.23926	0.29492	12193	1	0.52812	0.33184	1	0.49095	0.34661	1	0.50953	0.33923	1	0.47192	0.52943	11.61452	1.03583	1	0.73292	0.54919	12.35986	1.03583	1	-0.00713	-0.00816	0.67959	0.00380	1	0.05941	-0.01179	0.66637	0.00384	1	1.45898	0.81042	0	
1280939	8638.54102	3307185002395	0.50986	0.32422	8638.23926	0.30176	12193	1	0.56082	0.36358	1	0.47099	0.39766	1	0.51591	0.38062	1	0.47237	0.52995	11.33077	1.03583	1	0.73259	0.54952	12.88505	1.03583	1	-0.00713	-0.00816	0.67959	0.00364	1	0.05941	-0.01179	0.66637	0.00373	1	1.45898	0.81042	0	
1280940	8638.54785	3307185069322	0.50999	0.32542	8638.23926	0.30859	12193	1	0.56082	0.36358	1	0.47099	0.39766	1	0.51591	0.38062	1	0.47158	0.52765	11.65462	1.03583	1	0.73265	0.54907	12.61173	1.03583	1	-0.00710	-0.00806	0.67588	0.00231	1	0.05917	-0.01170	0.66372	0.00375	1	1.45898	0.81042	0	
1280941	8638.55371	3307185136153	0.50996	0.32569	8638.23926	0.31445	12193	1	0.52279	0.32397	1	0.49429	0.35205	1	0.50854	0.33801	1	0.47185	0.52933	10.84684	1.03583	1	0.73301	0.54852	12.08116	1.03583	1	-0.00710	-0.00806	0.67588	0.00378	1	0.05917	-0.01170	0.66372	0.00359	1	1.45898	0.81042	0	
1280942	8638.56055	3307185198561	0.51020	0.32686	8638.23926	0.32129	12193	1	0.53358	0.30283	1	0.50174	0.37980	1	0.51766	0.34132	1	0.47204	0.52927	11.04828	1.03583	1	0.73313	0.54885	12.04480	1.03583	1	-0.00710	-0.00806	0.67588	0.00375	1	0.05917	-0.01170	0.66372	0.00355	1	1.45898	0.81042	0	
1280943	8638.56738	3307185270893	0.51044	0.32782	8638.23926	0.32812	12193	1	0.53358	0.30283	1	0.50222	0.37371	1	0.51790	0.33827	1	0.47166	0.52929	10.87955	1.03583	1	0.73310	0.54858	11.96450	1.04349	1	-0.00710	-0.00806	0.67588	0.00384	1	0.06049	-0.01195	0.67789	0.00361	1	1.45898	0.81042	0	
1280944	8638.57422	3307185337462	0.51000	0.32878	8638.23926	0.33496	12193	1	0.53358	0.30283	0	0.49560	0.36776	1	0.49560	0.36776	1	0.47166	0.52929	10.87955	1.04349	0	0.73308	0.54841	12.13800	1.05115	1	-0.00710	-0.00806	0.67588	0.00384	1	0.06049	-0.01195	0.67789	0.00370	1	1.45898	0.81042	0	
1280945	8638.58105	3307185403738	0.51000	0.32878	8638.23926	0.34180	12193	1	0.53358	0.30283	0	0.49560	0.36776	0	0.49560	0.36776	0	0.47166	0.52929	10.87955	1.05115	0	0.73308	0.54841	12.13800	1.05881	0	-0.00710	-0.00806	0.67588	0.00384	1	0.06049	-0.01195	0.67789	0.00370	1	1.45898	0.81042	0	
1280946	8638.58789	3307185471021	0.51000	0.32878	8638.23926	0.34863	12193	1	0.53358	0.30283	0	0.49560	0.36776	0	0.49560	0.36776	0	0.47166	0.52929	10.87955	1.05881	0	0.73308	0.54841	12.13800	1.06647	0	-0.00710	-0.00806	0.67588	0.00384	1	0.06049	-0.01195	0.67789	0.00370	1	1.45898	0.81042	0	
1280947	8638.59473	3307185538074	0.51000	0.32878	8638.23926	0.35547	12193	1	0.53358	0.30283	0	0.49560	0.36776	0	0.49560	0.36776	0	0.47166	0.52929	10.87955	1.06647	0	0.73308	0.54841	12.13800	1.06647	0	-0.00710	-0.00806	0.67588	0.00384	1	0.06049	-0.01195	0.67789	0.00370	1	1.45898	0.81042	0	
1280948	8638.60059	3307185604862	0.51215	0.34210	8638.23926	0.35547	12193	0	0.53358	0.30283	0	0.49560	0.36776	0	0.49560	0.36776	0	0.47166	0.52929	10.87955	1.06647	0	0.73308	0.54841	12.13800	1.06647	0	-0.00710	-0.00806	0.67588	0.00384	1	0.06049	-0.01195	0.67789	0.00370	1	1.45898	0.81042	0	
1280949	8638.60742	3307185671979	0.51215	0.34210	8638.23926	0.35547	12193	0	0.53358	0.30283	0	0.49560	0.36776	0	0.49560	0.36776	0	0.47166	0.52929	10.87955	1.06647	0	0.73308	0.54841	12.13800	1.06647	0	-0.00710	-0.00806	0.67588	0.00384	1	0.06049	-0.01195	0.67789	0.00370	1	1.45898	0.81042	0	
1280950	8638.61426	3307185739892	0.51215	0.34210	8638.23926	0.35547	12193	0	0.53358	0.30283	0	0.49560	0.36776	0	0.49560	0.36776	0	0.47166	0.52929	10.87955	1.06647	0	0.73308	0.54841	12.13800	1.06647	0	-0.00710	-0.00806	0.67588	0.00384	1	0.06049	-0.01195	0.67789	0.00370	1	1.45898	0.81042	0	
1280951	8638.62109	3307185805752	0.00000	0.00000	8638.23926	0.35547	12193	0	0.53358	0.30283	0	0.49560	0.36776	0	0.49560	0.36776	0	0.47166	0.52929	10.87955	1.06647	0	0.73308	0.54841	12.13800	1.06647	0	-0.00710	-0.00806	0.67588	0.00384	1	0.06049	-0.01195	0.67789	0.00370	1	1.45898	0.81042	0	
1280952	8638.62793	3307185873916	0.00000	0.00000	8638.23926	0.35547	12193	0	0.53358	0.30283	0	0.49560	0.36776	0	0.49560	0.36776	0	0.47166	0.52929	10.87955	1.06647	0	0.73308	0.54841	12.13800	1.06647	0	-0.00710	-0.00806	0.67588	0.00384	1	0.06049	-0.01195	0.67789	0.00370	1	1.45898	0.81042	0	
1280953	8638.63477	3307185940432	0.00000	0.00000	8638.23926	0.35547	12193	0	0.53358	0.30283	0	0.49560	0.36776	0	0.49560	0.36776	0	0.47166	0.52929	10.87955	1.06647	0	0.73308	0.54841	12.13800	1.06647	0	-0.00710	-0.00806	0.67588	0.00384	1	0.06049	-0.01195	0.67789	0.00370	1	1.45898	0.81042	0	
1280954	8638.64160	3307186007234	0.50810	0.34331	8638.23926	0.35547	12193	0	0.53732	0.35721	1	0.47887	0.32942	1	0.50810	0.34331	1	0.47211	0.52947	11.32397	1.06647	1	0.73273	0.54861	12.62313	1.06647	1	-0.00710	-0.00806	0.67588	0.00346	1	0.06049	-0.01195	0.67789	0.00362	1	1.45898	0.81042	0	
1280955	8638.64746	3307186073826	0.50810	0.34331	8638.23926	0.35547	12193	0	0.53732	0.35721	1	0.47887	0.32942	1	0.50810	0.34331	1	0.47213	0.52930	11.43868	1.06647	1	0.73283	0.54868	12.34611	1.06647	1	-0.00719	-0.00812	0.68505	0.00348	1	0.06049	-0.01195	0.67789	0.00358	1	1.45898	0.81042	0	
1280956	8638.65430	3307186139976	0.50967	0.31864	8638.23926	0.35547	12193	0	0.51978	0.29781	1	0.50585	0.24079	1	0.51281	0.26930	1	0.47176	0.52891	10.73021	1.06647	1	0.73308	0.54743	11.91086	1.06647	1	-0.00719	-0.00812	0.68505	0.00357	1	0.06049	-0.01195	0.67789	0.00401	1	1.45898	0.81042	0	
1280957	8638.66113	3307186208478	0.50999	0.32328	8638.64160	0.01953	12194	1	0.52735	0.36931	1	0.49457	0.30509	1	0.51096	0.33720	1	0.47188	0.52915	10.82771	1.06647	1	0.73306	0.54853	12.24841	1.06647	1	-0.00719	-0.00812	0.68505	0.00354	1	0.06049	-0.01195	0.67789	0.00361	1	1.45898	0.81042	0	
1280958	8638.66797	3307186274760	0.51019	0.32607	8638.64160	0.02637	12194	1	0.52735	0.36931	1	0.49457	0.30509	1	0.51096	0.33720	1	0.47195	0.52914	11.00472	1.06647	1	0.73270	0.54849	12.25437	1.06647	1	-0.00705	-0.00807	0.68113	0.00359	1	0.06045	-0.01189	0.67749	0.00368	1	1.45898	0.81042	0	
1280959	8638.67480	3307186341926	0.51030	0.32612	8638.64160	0.03320	12194	1	0.52344	0.32899	1	0.49836	0.32377	1	0.51090	0.32638	1	0.47188	0.52880	10.81627	1.06647	1	0.73296	0.54861	12.47656	1.06647	1	-0.00705	-0.00807	0.68113	0.00362	1	0.06045	-0.01189	0.67749	0.00366	1	1.45898	0.81042	0	
1280960	8638.68164	3307186409455	0.50652	0.32567	8638.64160	0.04004	12194	1	0.52395	0.33493	1	0.44372	0.31105	1	0.48383	0.32299	1	0.47189	0.52891	10.93329	1.06647	1	0.73289	0.54856	12.47747	1.06647	1	-0.00705	-0.00807	0.68113	0.00358	1	0.06045	-0.01189	0.67749	0.00364	1	1.45898	0.81042	0	
1280961	8638.68848	3307186476744	0.50363	0.32441	8638.64160	0.04688	12194	1	0.52300	0.32773	1	0.44380	0.30348	1	0.48340	0.31561	1	0.47208	0.52901	11.50525	1.07556	1	0.73308	0.54859	12.77964	1.07556	1	-0.00720	-0.00830	0.70069	0.00361	1	0.06061	-0.01195	0.67814	0.00368	1	1.45898	0.81042	0	
1280962	8638.69531	3307186544015	0.50225	0.32769	8638.64160	0.05371	12194	1	0.53597	0.33927	1	0.44650	0.36856	1	0.49123	0.35392	1	0.47207	0.52893	11.16749	1.08464	1	0.73300	0.54874	12.75646	1.08464	1	-0.00720	-0.00830	0.70069	0.00365	1	0.06061	-0.01195	0.67814	0.00366	1	1.45898	0.81042	0	
1280963	8638.70117	3307186611190	0.50043	0.32318	8638.64160	0.05957	12194	1	0.52128	0.22975	1	0.44668	0.33535	1	0.48398	0.28255	1	0.47202	0.52793	10.74079	1.09373	1	0.73294	0.54851	12.47301	1.09373	1	-0.00720	-0.00830	0.70069	0.00373	1	0.06061	-0.01195	0.67814	0.00375	1	1.45898	0.81042	0	
1280964	8638.70801	3307186676767	0.49894	0.31917	8638.64160	0.06641	12194	1	0.52128	0.22975	1	0.44677	0.32850	1	0.48402	0.27913	1	0.47225	0.52895	11.51740	1.09373	1	0.73329	0.54868	12.95313	1.10241	1	-0.00697	-0.00805	0.68338	0.00347	1	0.06322	-0.01246	0.70670	0.00373	1	1.45898	0.81042	0	
1280965	8638.71484	3307186743677	0.49864	0.31476	8638.64160	0.07324	12194	1	0.49947	0.26836	1	0.49138	0.26419	1	0.49542	0.26627	1	0.47235	0.52866	11.59707	1.09332	1	0.73369	0.54830	12.51416	1.10200	1	-0.00697	-0.00805	0.68338	0.00351	1	0.06322	-0.01246	0.70670	0.00362	1	1.45898	0.81042	0	
1280966	8638.72070	3307186806809	0.49930	0.31352	8638.64160	0.07910	12194	1	0.50773	0.33982	1	0.50663	0.25733	1	0.50718	0.29858	1	0.47237	0.52910	11.25214	1.09292	1	0.73383	0.54777	12.17580	1.10160	1	-0.00697	-0.00805	0.68338	0.00348	1	0.06322	-0.01246	0.70670	0.00393	1	1.45898	0.81042	0	
1280967	8638.72852	3307186878083	0.49986	0.31321	8638.64160	0.08691	12194	1	0.50870	0.34630	1	0.50555	0.27204	1	0.50713	0.30917	1	0.47293	0.52902	11.33984	1.08450	1	0.73381	0.54854	12.44653	1.08450	1	-0.00668	-0.00772	0.66006	0.00358	1	0.06042	-0.01189	0.67489	0.00370	1	1.45898	0.81042	0	
1280968	8638.73535	3307186944807	0.50197	0.31210	8638.64160	0.09375	12194	1	0.55146	0.33808	1	0.51161	0.25496	1	0.53153	0.29652	1	0.47311	0.52889	11.21414	1.07648	1	0.73395	0.54785	12.10561	1.06780	1	-0.00668	-0.00772	0.66006	0.00366	1	0.06042	-0.01189	0.67489	0.00395	1	1.45898	0.81042	0	
1280969	8638.74121	3307187011726	0.50325	0.31497	8638.64160	0.09961	12194	1	0.53547	0.35847	1	0.50943	0.35772	1	0.52245	0.35810	1	0.47284	0.52895	10.95172	1.05978	1	0.73396	0.54878	12.32946	1.05110	1	-0.00668	-0.00772	0.66006	0.00358	1	0.06042	-0.01189	0.67489	0.00363	1	1.45898	0.81042	0	
1280970	8638.74805	3307187076794	0.50438	0.31749	8638.64160	0.10645	12194	1	0.53543	0.35816	1	0.50946	0.35740	1	0.52245	0.35778	1	0.47278	0.52912	11.19170	1.06019	1	0.73366	0.54864	12.59313	1.05151	1	-0.00707	-0.00829	0.70882	0.00349	1	0.06042	-0.01189	0.67489	0.00366	1	1.45898	0.81042	0	
1280971	8638.75488	3307187141631	0.50388	0.31538	8638.64160	0.11328	12194	1	0.51665	0.20774	1	0.47422	0.35119	1	0.49544	0.27947	1	0.47300	0.52679	10.42990	1.06861	1	0.73380	0.54849	12.51120	1.06861	1	-0.00707	-0.00829	0.70882	0.00209	1	0.06042	-0.01189	0.67489	0.00365	1	1.45898	0.81042	0	
1280972	8638.76172	3307187209975	0.50186	0.35839	8638.64160	0.12012	12194	1	0.43803	1.93022	1	0.49299	0.33507	1	0.46551	1.13264	1	0.48010	0.50093	9.05063	1.08571	1	0.73414	0.54797	11.33933	1.08571	1	-0.00707	-0.00829	0.70882	0.00294	1	0.06042	-0.01189	0.67489	0.00349	1	1.45898	0.81042	0	
1280973	8638.76855	3307187278075	0.50146	0.35654	8638.64160	0.12695	12194	1	0.43803	1.93022	0	0.49388	0.32140	1	0.49388	0.32140	1	0.48010	0.50093	9.05063	1.10281	0	0.73405	0.55150	10.84372	1.10281	1	-0.00707	-0.00829	0.70882	0.00294	1	0.06042	-0.01172	0.67378	0.00310	1	1.45898	0.81042	0	
1280974	8638.77441	3307187343985	0.50146	0.35654	8638.64160	0.13281	12194	1	0.43803	1.93022	0	0.49388	0.32140	0	0.49388	0.32140	0	0.48010	0.50093	9.05063	1.10281	0	0.73405	0.55150	10.84372	1.10281	0	-0.00707	-0.00829	0.70882	0.00294	1	0.06042	-0.01172	0.67378	0.00310	1	1.45898	0.81042	0	
1280975	8638.78125	3307187412248	0.50146	0.35654	8638.64160	0.13965	12194	1	0.43803	1.93022	0	0.49388	0.32140	0	0.49388	0.32140	0	0.48010	0.50093	9.05063	1.10281	0	0.73405	0.55150	10.84372	1.10281	0	-0.00707	-0.00829	0.70882	0.00294	1	0.06042	-0.01172	0.67378	0.00310	1	1.45898	0.81042	0	
1280976	8638.78809	3307187480370	0.50146	0.35654	8638.64160	0.14648	12194	1	0.43803	1.93022	0	0.49388	0.32140	0	0.49388	0.32140	0	0.48010	0.50093	9.05063	1.10281	0	0.73405	0.55150	10.84372	1.10281	0	-0.00707	-0.00829	0.70882	0.00294	1	0.06042	-0.01172	0.67378	0.00310	1	1.45898	0.81042	0	
1280977	8638.79492	3307187545414	0.50002	0.37796	8638.64160	0.14648	12194	0	0.43803	1.93022	0	0.49388	0.32140	0	0.49388	0.32140	0	0.48010	0.50093	9.05063	1.10281	0	0.73405	0.55150	10.84372	1.10281	0	-0.00707	-0.00829	0.70882	0.00294	1	0.06042	-0.01172	0.67378	0.00310	1	1.45898	0.81042	0	
1280978	8638.80176	3307187611923	0.50002	0.37796	8638.64160	0.14648	12194	0	0.43803	1.93022	0	0.49388	0.32140	0	0.49388	0.32140	0	0.48010	0.50093	9.05063	1.10281	0	0.73405	0.55150	10.84372	1.10281	0	-0.00707	-0.00829	0.70882	0.00294	1	0.06042	-0.01172	0.67378	0.00310	1	1.45898	0.81042	0	
1280979	8638.80859	3307187679302	0.50002	0.37796	8638.64160	0.14648	12194	0	0.43803	1.93022	0	0.49388	0.32140	0	0.49388	0.32140	0	0.48010	0.50093	9.05063	1.10281	0	0.73405	0.55150	10.84372	1.10281	0	-0.00707	-0.00829	0.70882	0.00294	1	0.06042	-0.01172	0.67378	0.00310	1	1.45898	0.81042	0	
1280980	8638.81543	3307187748465	0.00000	0.00000	8638.64160	0.14648	12194	0	0.43803	1.93022	0	0.49388	0.32140	0	0.49388	0.32140	0	0.48010	0.50093	9.05063	1.10281	0	0.73405	0.55150	10.84372	1.10281	0	-0.00707	-0.00829	0.70882	0.00294	1	0.06042	-0.01172	0.67378	0.00310	1	1.45898	0.81042	0	
1280981	8638.82227	3307187816070	0.00000	0.00000	8638.64160	0.14648	12194	0	0.43803	1.93022	0	0.49388	0.32140	0	0.49388	0.32140	0	0.48010	0.50093	9.05063	1.10281	0	0.73405	0.55150	10.84372	1.10281	0	-0.00707	-0.00829	0.70882	0.00294	1	0.06042	-0.01172	0.67378	0.00310	1	1.45898	0.81042	0	
1280982	8638.82910	3307187882524	0.00000	0.00000	8638.64160	0.14648	12194	0	0.43803	1.93022	0	0.49388	0.32140	0	0.49388	0.32140	0	0.48010	0.50093	9.05063	1.10281	0	0.73405	0.55150	10.84372	1.10281	0	-0.00707	-0.00829	0.70882	0.00294	1	0.06042	-0.01172	0.67378	0.00310	1	1.45898	0.81042	0	
1280983	8638.83496	3307187947370	0.00000	0.00000	8638.64160	0.14648	12194	0	0.43803	1.93022	0	0.49388	0.32140	0	0.49388	0.32140	0	0.48010	0.50093	9.05063	1.10281	0	0.73405	0.55150	10.84372	1.10281	0	-0.00707	-0.00829	0.70882	0.00294	1	0.06042	-0.01172	0.67378	0.00310	1	1.45898	0.81042	0	
1280984	8638.84180	3307188014657	0.00000	0.00000	8638.64160	0.14648	12194	0	0.43803	1.93022	0	0.49388	0.32140	0	0.49388	0.32140	0	0.48010	0.50093	9.05063	1.10281	0	0.73405	0.55150	10.84372	1.10281	0	-0.00707	-0.00829	0.70882	0.00294	1	0.06042	-0.01172	0.67378	0.00310	1	1.45898	0.81042	0	
1280985	8638.84863	3307188081367	0.00000	0.00000	8638.64160	0.14648	12194	0	0.43803	1.93022	0	0.49388	0.32140	0	0.49388	0.32140	0	0.48010	0.50093	9.05063	1.10281	0	0.73405	0.55150	10.84372	1.10281	0	-0.00707	-0.00829	0.70882	0.00294	1	0.06042	-0.01172	0.67378	0.00310	1	1.45898	0.81042	0	
1280986	8638.85547	3307188151406	0.00000	0.00000	8638.64160	0.14648	12194	0	0.43803	1.93022	0	0.49388	0.32140	0	0.49388	0.32140	0	0.48010	0.50093	9.05063	1.10281	0	0.73405	0.55150	10.84372	1.10281	0	-0.00707	-0.00829	0.70882	0.00294	1	0.06042	-0.01172	0.67378	0.00310	1	1.45898	0.81042	0	
1280987	8638.86230	3307188217321	0.00000	0.00000	8638.64160	0.14648	12194	0	0.43803	1.93022	0	0.49388	0.32140	0	0.49388	0.32140	0	0.48010	0.50093	9.05063	1.10281	0	0.73405	0.55150	10.84372	1.10281	0	-0.00707	-0.00829	0.70882	0.00294	1	0.06042	-0.01172	0.67378	0.00310	1	1.45898	0.81042	0	
1280988	8638.86914	3307188284192	0.00000	0.00000	8638.64160	0.14648	12194	0	0.43803	1.93022	0	0.49388	0.32140	0	0.49388	0.32140	0	0.48010	0.50093	9.05063	1.10281	0	0.73405	0.55150	10.84372	1.10281	0	-0.00707	-0.00829	0.70882	0.00294	1	0.06042	-0.01172	0.67378	0.00310	1	1.45898	0.81042	0	
1280989	8638.87598	3307188351976	0.00000	0.00000	8638.64160	0.14648	12194	0	0.43803	1.93022	0	0.49388	0.32140	0	0.49388	0.32140	0	0.48010	0.50093	9.05063	1.10281	0	0.73405	0.55150	10.84372	1.10281	0	-0.00707	-0.00829	0.70882	0.00294	1	0.06042	-0.01172	0.67378	0.00310	1	1.45898	0.81042	0	
1280990	8638.88281	3307188418601	0.00000	0.00000	8638.64160	0.14648	12194	0	0.43803	1.93022	0	0.49388	0.32140	0	0.49388	0.32140	0	0.48010	0.50093	9.05063	1.10281	0	0.73405	0.55150	10.84372	1.10281	0	-0.00707	-0.00829	0.70882	0.00294	1	0.06042	-0.01172	0.67378	0.00310	1	1.45898	0.81042	0	
1280991	8638.88867	3307188485895	0.00000	0.00000	8638.64160	0.14648	12194	0	0.43803	1.93022	0	0.49388	0.32140	0	0.49388	0.32140	0	0.48010	0.50093	9.05063	1.10281	0	0.73405	0.55150	10.84372	1.10281	0	-0.00707	-0.00829	0.70882	0.00294	1	0.06042	-0.01172	0.67378	0.00310	1	1.45898	0.81042	0	
1280992	8638.89551	3307188552583	0.00000	0.00000	8638.64160	0.14648	12194	0	0.43803	1.93022	0	0.49388	0.32140	0	0.49388	0.32140	0	0.48010	0.50093	9.05063	1.10281	0	0.73405	0.55150	10.84372	1.10281	0	-0.00707	-0.00829	0.70882	0.00294	1	0.06042	-0.01172	0.67378	0.00310	1	1.45898	0.81042	0	
1280993	8638.90234	3307188619397	0.00000	0.00000	8638.64160	0.14648	12194	0	0.43803	1.93022	0	0.49388	0.32140	0	0.49388	0.32140	0	0.48010	0.50093	9.05063	1.10281	0	0.73405	0.55150	10.84372	1.10281	0	-0.00707	-0.00829	0.70882	0.00294	1	0.06042	-0.01172	0.67378	0.00310	1	1.45898	0.81042	0	
1280994	8638.90918	3307188686102	0.00000	0.00000	8638.64160	0.14648	12194	0	0.43803	1.93022	0	0.49388	0.32140	0	0.49388	0.32140	0	0.48010	0.50093	9.05063	1.10281	0	0.73405	0.55150	10.84372	1.10281	0	-0.00707	-0.00829	0.70882	0.00294	1	0.06042	-0.01172	0.67378	0.00310	1	1.45898	0.81042	0	
1280995	8638.91602	3307188752907	0.49292	0.33334	8638.64160	0.14648	12194	0	0.50373	0.36320	1	0.48210	0.30349	1	0.49292	0.33334	1	0.47355	0.52879	11.01638	1.10281	1	0.73507	0.54858	13.38728	1.10281	1	-0.00707	-0.00829	0.70882	0.00363	1	0.06042	-0.01172	0.67378	0.00360	1	1.45898	0.81042	0	
1280996	8638.92285	3307188820318	0.49834	0.32620	8638.64160	0.14648	12194	0	0.51584	0.35657	1	0.49170	0.28156	1	0.50377	0.31906	1	0.47370	0.52890	11.42137	1.10281	1	0.73527	0.54838	12.88439	1.10281	1	-0.00707	-0.00829	0.70882	0.00363	1	0.06042	-0.01172	0.67378	0.00366	1	1.45898	0.81042	0	
1280997	8638.92969	3307188887358	0.50024	0.32622	8638.64160	0.14648	12194	0	0.51682	0.36336	1	0.49125	0.28915	1	0.50403	0.32625	1	0.47354	0.52885	11.39717	1.09373	1	0.73502	0.54821	13.19336	1.09373	1	-0.00672	-0.00801	0.68946	0.00363	1	0.06132	-0.01204	0.68039	0.00390	1	1.45898	0.81042	0	
1280998	8638.93555	3307188954590	0.49152	0.33196	8638.91602	0.01953	12195	1	0.51682	0.36336	0	0.46535	0.34918	1	0.46535	0.34918	1	0.47354	0.52885	11.39717	1.08464	0	0.73485	0.54905	13.45368	1.08464	1	-0.00672	-0.00801	0.68946	0.00363	1	0.06132	-0.01204	0.68039	0.00375	1	1.45898	0.81042	0	
1280999	8638.94238	3307189021153	0.49152	0.33196	8638.91602	0.02637	12195	1	0.51682	0.36336	0	0.46535	0.34918	0	0.46535	0.34918	0	0.47354	0.52885	11.39717	1.07556	0	0.73485	0.54905	13.45368	1.07556	0	-0.00672	-0.00801	0.68946	0.00363	1	0.06132	-0.01204	0.68039	0.00375	1	1.45898	0.81042	0	
1281000	8638.94922	3307189088463	0.49152	0.33196	8638.91602	0.03320	12195	1	0.51682	0.36336	0	0.46535	0.34918	0	0.46535	0.34918	0	0.47354	0.52885	11.39717	1.06647	0	0.73485	0.54905	13.45368	1.06647	0	-0.00672	-0.00801	0.68946	0.00363	1	0.06132	-0.01204	0.68039	0.00375	1	1.45898	0.81042	0	
1281001	8638.95605	3307189150933	0.49152	0.33196	8638.91602	0.04004	12195	1	0.51682	0.36336	0	0.46535	0.34918	0	0.46535	0.34918	0	0.47354	0.52885	11.39717	1.06647	0	0.73485	0.54905	13.45368	1.06647	0	-0.00672	-0.00801	0.68946	0.00363	1	0.06132	-0.01204	0.68039	0.00375	1	1.45898	0.81042	0	
1281002	8638.96289	3307189222196	0.49105	0.33150	8638.91602	0.04004	12195	0	0.51682	0.36336	0	0.46535	0.34918	0	0.46535	0.34918	0	0.47354	0.52885	11.39717	1.06647	0	0.73485	0.54905	13.45368	1.06647	0	-0.00672	-0.00801	0.68946	0.00363	1	0.06132	-0.01204	0.68039	0.00375	1	1.45898	0.81042	0	
1281003	8638.96973	3307189289056	0.49105	0.33150	8638.91602	0.04004	12195	0	0.51682	0.36336	0	0.46535	0.34918	0	0.46535	0.34918	0	0.47354	0.52885	11.39717	1.06647	0	0.73485	0.54905	13.45368	1.06647	0	-0.00672	-0.00801	0.68946	0.00363	1	0.06132	-0.01204	0.68039	0.00375	1	1.45898	0.81042	0	
1281004	8638.97656	3307189356457	0.49105	0.33150	8638.91602	0.04004	12195	0	0.51682	0.36336	0	0.46535	0.34918	0	0.46535	0.34918	0	0.47354	0.52885	11.39717	1.06647	0	0.73485	0.54905	13.45368	1.06647	0	-0.00672	-0.00801	0.68946	0.00363	1	0.06132	-0.01204	0.68039	0.00375	1	1.45898	0.81042	0	
1281005	8638.98242	3307189423660	0.00000	0.00000	8638.91602	0.04004	12195	0	0.51682	0.36336	0	0.46535	0.34918	0	0.46535	0.34918	0	0.47354	0.52885	11.39717	1.06647	0	0.73485	0.54905	13.45368	1.06647	0	-0.00672	-0.00801	0.68946	0.00363	1	0.06132	-0.01204	0.68039	0.00375	1	1.45898	0.81042	0	
1281006	8638.98926	3307189490055	0.00000	0.00000	8638.91602	0.04004	12195	0	0.51682	0.36336	0	0.46535	0.34918	0	0.46535	0.34918	0	0.47354	0.52885	11.39717	1.06647	0	0.73485	0.54905	13.45368	1.06647	0	-0.00672	-0.00801	0.68946	0.00363	1	0.06132	-0.01204	0.68039	0.00375	1	1.45898	0.81042	0	
1281007	8638.99609	3307189557011	0.00000	0.00000	8638.91602	0.04004	12195	0	0.51682	0.36336	0	0.46535	0.34918	0	0.46535	0.34918	0	0.47354	0.52885	11.39717	1.06647	0	0.73485	0.54905	13.45368	1.06647	0	-0.00672	-0.00801	0.68946	0.00363	1	0.06132	-0.01204	0.68039	0.00375	1	1.45898	0.81042	0	
1281008	8639.00293	3307189623881	0.49857	0.38866	8638.91602	0.04004	12195	0	0.53056	0.44882	1	0.46657	0.32849	1	0.49857	0.38866	1	0.47377	0.52954	11.42085	1.06647	1	0.73481	0.54927	13.26957	1.06647	1	-0.00672	-0.00801	0.68946	0.00394	1	0.06132	-0.01204	0.68039	0.00386	1	1.45898	0.81042	0	
1281009	8639.00977	3307189690722	0.49841	0.38524	8638.91602	0.04004	12195	0	0.52966	0.44260	1	0.46684	0.32106	1	0.49825	0.38183	1	0.47361	0.52914	10.98420	1.07556	1	0.73506	0.54883	12.90917	1.07556	1	-0.00673	-0.00837	0.70633	0.00372	1	0.06078	-0.01199	0.67441	0.00392	1	1.45898	0.81042	0	
1281010	8639.01660	3307189758210	0.49754	0.36550	8638.91602	0.04004	12195	0	0.51507	0.39585	1	0.47651	0.25618	1	0.49579	0.32601	1	0.47366	0.52963	11.36754	1.08464	1	0.73497	0.54923	13.14621	1.08464	1	-0.00673	-0.00837	0.70633	0.00385	1	0.06078	-0.01199	0.67441	0.00375	1	1.45898	0.81042	0	
1281011	8639.02344	3307189824710	0.49907	0.36249	8639.00293	0.02051	12196	1	0.52266	0.42364	1	0.48473	0.28327	1	0.50369	0.35345	1	0.47374	0.53001	11.39491	1.09373	1	0.73506	0.54883	12.90917	1.09373	1	-0.00673	-0.00837	0.70633	0.00386	1	0.06078	-0.01199	0.67441	0.00393	1	1.45898	0.81042	0	
1281012	8639.02930	3307189891894	0.49995	0.35929	8639.00293	0.02637	12196	1	0.52172	0.41735	1	0.48514	0.27563	1	0.50343	0.34649	1	0.47375	0.53004	11.90994	1.10281	1	0.73501	0.54938	13.02983	1.10281	1	-0.00673	-0.00837	0.70633	0.00366	1	0.06078	-0.01209	0.67441	0.00375	1	1.45898	0.81042	0	
1281013	8639.03613	3307189959512	0.49960	0.35576	8639.00293	0.03320	12196	1	0.51977	0.40316	1	0.47601	0.27312	1	0.49789	0.33814	1	0.47382	0.52968	11.25698	1.10281	1	0.73497	0.54925	12.89780	1.10281	1	-0.00673	-0.00837	0.70633	0.00372	1	0.06078	-0.01209	0.67441	0.00377	1	1.45898	0.81042	0	
1281014	8639.04297	3307190026184	0.50031	0.35099	8639.00293	0.04004	12196	1	0.53840	0.38405	1	0.47064	0.26065	1	0.50452	0.32235	1	0.47364	0.52973	11.28355	1.10281	1	0.73489	0.54940	13.19486	1.10281	1	-0.00673	-0.00837	0.70633	0.00369	1	0.06078	-0.01209	0.67441	0.00377	1	1.45898	0.81042	0	
1281015	8639.04980	3307190092932	0.50086	0.34830	8639.00293	0.04688	12196	1	0.53922	0.39060	1	0.47035	0.26839	1	0.50478	0.32950	1	0.47371	0.52972	11.28234	1.09373	1	0.73484	0.54927	13.36850	1.09373	1	-0.00654	-0.00807	0.68105	0.00374	1	0.06078	-0.01216	0.67553	0.00379	1	1.45898	0.81042	0	
1281016	8639.05664	3307190159992	0.50220	0.34541	8639.00293	0.05371	12196	1	0.55418	0.37634	1	0.47167	0.26816	1	0.51292	0.32225	1	0.47384	0.52985	11.84352	1.08464	1	0.73486	0.54913	13.38551	1.08464	1	-0.00654	-0.00807	0.68105	0.00368	1	0.06078	-0.01216	0.67553	0.00379	1	1.45898	0.81042	0	
1281017	8639.06348	3307190226768	0.50285	0.33938	8639.00293	0.06055	12196	1	0.54367	0.30132	1	0.47373	0.26899	1	0.50870	0.28515	1	0.47373	0.52909	11.54155	1.07556	1	0.73491	0.54915	13.42707	1.07556	1	-0.00654	-0.00807	0.68105	0.00400	1	0.06078	-0.01216	0.67553	0.00382	1	1.45898	0.81042	0	
1281018	8639.07031	3307190293647	0.50015	0.33430	8639.00293	0.06738	12196	1	0.54367	0.30132	0	0.47314	0.28350	1	0.47314	0.28350	1	0.47373	0.52909	11.54155	1.06647	0	0.73459	0.54949	13.88310	1.05881	1	-0.00654	-0.00807	0.68105	0.00400	1	0.05887	-0.01179	0.65480	0.00368	1	1.45898	0.81042	0	
1281019	8639.07617	3307190359204	0.50015	0.33430	8639.00293	0.07324	12196	1	0.54367	0.30132	0	0.47314	0.28350	0	0.47314	0.28350	0	0.47373	0.52909	11.54155	1.05881	0	0.73459	0.54949	13.88310	1.05115	0	-0.00654	-0.00807	0.68105	0.00400	1	0.05887	-0.01179	0.65480	0.00368	1	1.45898	0.81042	0	
1281020	8639.08301	3307190428122	0.50015	0.33430	8639.00293	0.08008	12196	1	0.54367	0.30132	0	0.47314	0.28350	0	0.47314	0.28350	0	0.47373	0.52909	11.54155	1.05115	0	0.73459	0.54949	13.88310	1.04349	0	-0.00654	-0.00807	0.68105	0.00400	1	0.05887	-0.01179	0.65480	0.00368	1	1.45898	0.81042	0	
1281021	8639.08984	3307190494659	0.50015	0.33430	8639.00293	0.08691	12196	1	0.54367	0.30132	0	0.47314	0.28350	0	0.47314	0.28350	0	0.47373	0.52909	11.54155	1.04349	0	0.73459	0.54949	13.88310	1.03583	0	-0.00654	-0.00807	0.68105	0.00400	1	0.05887	-0.01179	0.65480	0.00368	1	1.45898	0.81042	0	
1281022	8639.09668	3307190560321	0.50031	0.32887	8639.00293	0.08691	12196	0	0.54367	0.30132	0	0.47314	0.28350	0	0.47314	0.28350	0	0.47373	0.52909	11.54155	1.03583	0	0.73459	0.54949	13.88310	1.03583	0	-0.00654	-0.00807	0.68105	0.00400	1	0.05887	-0.01179	0.65480	0.00368	1	1.45898	0.81042	0	
1281023	8639.10352	3307190628760	0.50031	0.32887	8639.00293	0.08691	12196	0	0.54367	0.30132	0	0.47314	0.28350	0	0.47314	0.28350	0	0.47373	0.52909	11.54155	1.03583	0	0.73459	0.54949	13.88310	1.03583	0	-0.00654	-0.00807	0.68105	0.00400	1	0.05887	-0.01179	0.65480	0.00368	1	1.45898	0.81042	0	
1281024	8639.11035	3307190696078	0.50031	0.32887	8639.00293	0.08691	12196	0	0.54367	0.30132	0	0.47314	0.28350	0	0.47314	0.28350	0	0.47373	0.52909	11.54155	1.03583	0	0.73459	0.54949	13.88310	1.03583	0	-0.00654	-0.00807	0.68105	0.00400	1	0.05887	-0.01179	0.65480	0.00368	1	1.45898	0.81042	0	
1281025	8639.11719	3307190762343	0.00000	0.00000	8639.00293	0.08691	12196	0	0.54367	0.30132	0	0.47314	0.28350	0	0.47314	0.28350	0	0.47373	0.52909	11.54155	1.03583	0	0.73459	0.54949	13.88310	1.03583	0	-0.00654	-0.00807	0.68105	0.00400	1	0.05887	-0.01179	0.65480	0.00368	1	1.45898	0.81042	0	
1281026	8639.12305	3307190828050	0.00000	0.00000	8639.00293	0.08691	12196	0	0.54367	0.30132	0	0.47314	0.28350	0	0.47314	0.28350	0	0.47373	0.52909	11.54155	1.03583	0	0.73459	0.54949	13.88310	1.03583	0	-0.00654	-0.00807	0.68105	0.00400	1	0.05887	-0.01179	0.65480	0.00368	1	1.45898	0.81042	0	
1281027	8639.12988	3307190894529	0.00000	0.00000	8639.00293	0.08691	12196	0	0.54367	0.30132	0	0.47314	0.28350	0	0.47314	0.28350	0	0.47373	0.52909	11.54155	1.03583	0	0.73459	0.54949	13.88310	1.03583	0	-0.00654	-0.00807	0.68105	0.00400	1	0.05887	-0.01179	0.65480	0.00368	1	1.45898	0.81042	0	
1281028	8639.13672	3307190964758	0.49627	0.34649	8639.00293	0.08691	12196	0	0.52008	0.34641	1	0.47246	0.34657	1	0.49627	0.34649	1	0.47337	0.52941	12.10351	1.03583	1	0.73417	0.54944	13.35306	1.03583	1	-0.00654	-0.00807	0.68105	0.00377	1	0.05887	-0.01179	0.65480	0.00375	1	1.45898	0.81042	0	
1281029	8639.14355	3307191030301	0.50055	0.35000	8639.00293	0.08691	12196	0	0.53553	0.38604	1	0.47412	0.32100	1	0.50483	0.35352	1	0.47351	0.52991	12.47789	1.03583	1	0.73422	0.54940	13.12835	1.03583	1	-0.00654	-0.00807	0.68105	0.00363	1	0.05887	-0.01179	0.65480	0.00383	1	1.45898	0.81042	0	
1281030	8639.15039	3307191097632	0.50202	0.35009	8639.00293	0.08691	12196	0	0.53553	0.38604	1	0.47441	0.31449	1	0.50497	0.35027	1	0.47304	0.52876	11.60319	1.03583	1	0.73416	0.54905	13.28936	1.04349	1	-0.00672	-0.00814	0.67855	0.00394	1	0.06042	-0.01203	0.67378	0.00394	1	1.45898	0.81042	0	
1281031	8639.15625	3307191159742	0.50154	0.32638	8639.13672	0.01953	12197	1	0.53403	0.21043	1	0.46617	0.30009	1	0.50010	0.25526	1	0.47288	0.52814	11.18064	1.04349	1	0.73408	0.54925	13.33058	1.05115	1	-0.00672	-0.00814	0.67855	0.00413	1	0.06042	-0.01203	0.67378	0.00389	1	1.45898	0.81042	0	
1281032	8639.16309	3307191228616	0.50533	0.32084	8639.13672	0.02637	12197	1	0.54997	0.28645	1	0.49096	0.31091	1	0.52046	0.29868	1	0.47303	0.52888	11.08572	1.05115	1	0.73409	0.54935	13.31135	1.05881	1	-0.00672	-0.00814	0.67855	0.00385	1	0.06042	-0.01203	0.67378	0.00385	1	1.45898	0.81042	0	
1281033	8639.16992	3307191297751	0.50786	0.31546	8639.13672	0.03320	12197	1	0.54932	0.27996	1	0.49180	0.29715	1	0.52056	0.28855	1	0.47296	0.52867	11.06079	1.05881	1	0.73398	0.54903	13.61430	1.07515	1	-0.00672	-0.00814	0.67855	0.00404	1	0.06352	-0.01271	0.70885	0.00383	1	1.45898	0.81042	0	
1281034	8639.17676	3307191362831	0.50831	0.31262	8639.13672	0.04004	12197	1	0.53839	0.29949	1	0.48357	0.29163	1	0.51098	0.29556	1	0.47288	0.52942	11.12353	1.07515	1	0.73393	0.54931	13.82267	1.08383	1	-0.00672	-0.00814	0.67855	0.00385	1	0.06352	-0.01271	0.70885	0.00370	1	1.45898	0.81042	0	
1281035	8639.18359	3307191431110	0.50687	0.30719	8639.13672	0.04688	12197	1	0.53395	0.27171	1	0.45969	0.26666	1	0.49682	0.26919	1	0.47286	0.52911	11.33478	1.08383	1	0.73353	0.54917	13.00099	1.09251	1	-0.00672	-0.00814	0.67855	0.00393	1	0.06352	-0.01271	0.70885	0.00389	1	1.45898	0.81042	0	
1281036	8639.19043	3307191496380	0.50572	0.30215	8639.13672	0.05371	12197	1	0.53313	0.26444	1	0.45989	0.25925	1	0.49651	0.26184	1	0.47261	0.52877	11.67305	1.09251	1	0.73348	0.54916	13.02968	1.10119	1	-0.00682	-0.00814	0.67874	0.00403	1	0.06352	-0.01271	0.70885	0.00399	1	1.45898	0.81042	0	
1281037	8639.19727	3307191563433	0.50616	0.29699	8639.13672	0.06055	12197	1	0.53412	0.24468	1	0.48608	0.25639	1	0.51010	0.25054	1	0.47288	0.52914	11.26646	1.10119	1	0.73393	0.54916	13.43339	1.10119	1	-0.00682	-0.00814	0.67874	0.00398	1	0.06352	-0.01271	0.70885	0.00387	1	1.45898	0.81042	0	
1281038	8639.20410	3307191632872	0.50637	0.29373	8639.13672	0.06738	12197	1	0.53747	0.23692	1	0.47940	0.28545	1	0.50844	0.26118	1	0.47298	0.52909	11.10249	1.10119	1	0.73380	0.54900	13.28045	1.10119	1	-0.00682	-0.00814	0.67874	0.00402	1	0.06352	-0.01271	0.70885	0.00397	1	1.45898	0.81042	0	
1281039	8639.20996	3307191698573	0.50654	0.29102	8639.13672	0.07324	12197	1	0.53747	0.23692	1	0.47940	0.28545	1	0.50844	0.26118	1	0.47256	0.52955	11.59113	1.10119	1	0.73359	0.54922	12.97688	1.10119	1	-0.00679	-0.00817	0.67623	0.00384	1	0.06352	-0.01271	0.70885	0.00376	1	1.45898	0.81042	0	
1281040	8639.21680	3307191764690	0.50400	0.28790	8639.13672	0.08008	12197	1	0.50671	0.22205	1	0.44028	0.27878	1	0.47350	0.25042	1	0.47252	0.52870	11.54169	1.10119	1	0.73328	0.54921	13.10882	1.10119	1	-0.00679	-0.00817	0.67623	0.00393	1	0.06352	-0.01271	0.70885	0.00406	1	1.45898	0.81042	0	
1281041	8639.22363	3307191834323	0.50189	0.28745	8639.13672	0.08691	12197	1	0.51255	0.28885	1	0.43640	0.27440	1	0.47448	0.28163	1	0.47251	0.52946	11.58527	1.10119	1	0.73321	0.54948	13.22794	1.10119	1	-0.00679	-0.00817	0.67623	0.00376	1	0.06352	-0.01271	0.70885	0.00380	1	1.45898	0.81042	0	
1281042	8639.23047	3307191900940	0.50006	0.28706	8639.13672	0.09375	12197	1	0.51255	0.28885	1	0.43640	0.27440	1	0.47448	0.28163	1	0.47226	0.52944	11.66143	1.10119	1	0.73327	0.54946	13.16332	1.10119	1	-0.00679	-0.00817	0.67623	0.00379	1	0.06352	-0.01271	0.70885	0.00379	1	1.45898	0.81042	0	
1281043	8639.23730	3307191966660	0.49903	0.28518	8639.13672	0.10059	12197	1	0.50708	0.27677	1	0.46008	0.23721	1	0.48358	0.25699	1	0.47243	0.52921	11.74368	1.10119	1	0.73358	0.54889	13.27908	1.10119	1	-0.00679	-0.00817	0.67623	0.00382	1	0.06352	-0.01271	0.70885	0.00353	1	1.45898	0.81042	0	
1281044	8639.24414	3307192035078	0.49890	0.28522	8639.13672	0.10742	12197	1	0.53698	0.32069	1	0.45669	0.25087	1	0.49683	0.28578	1	0.47295	0.52978	11.40542	1.10119	1	0.73357	0.54917	12.65813	1.10119	1	-0.00679	-0.00817	0.67623	0.00375	1	0.06352	-0.01271	0.70885	0.00375	1	1.45898	0.81042	0	
1281045	8639.25098	3307192101912	0.49876	0.28504	8639.13672	0.11426	12197	1	0.53615	0.31361	1	0.45669	0.25052	1	0.49642	0.28206	1	0.47234	0.52972	11.89666	1.11028	1	0.73358	0.54902	12.65247	1.10160	1	-0.00724	-0.00864	0.71512	0.00374	1	0.06042	-0.01210	0.67489	0.00367	1	1.45898	0.81042	0	
1281046	8639.25781	3307192168658	0.49812	0.28418	8639.13672	0.12109	12197	1	0.51249	0.28741	1	0.46042	0.24982	1	0.48646	0.26862	1	0.47264	0.52956	12.23179	1.11068	1	0.73354	0.54909	13.10923	1.10200	1	-0.00724	-0.00864	0.71512	0.00371	1	0.06042	-0.01210	0.67489	0.00365	1	1.45898	0.81042	0	
1281047	8639.26367	3307192236469	0.49769	0.28275	8639.13672	0.12695	12197	1	0.51217	0.26964	1	0.46690	0.24148	1	0.48953	0.25556	1	0.47257	0.52943	12.06876	1.11109	1	0.73359	0.54917	13.08722	1.10241	1	-0.00724	-0.00864	0.71512	0.00374	1	0.06042	-0.01210	0.67489	0.00361	1	1.45898	0.81042	0	
1281048	8639.27051	3307192303255	0.49729	0.28160	8639.13672	0.13379	12197	1	0.51213	0.26931	1	0.46669	0.24779	1	0.48941	0.25855	1	0.47226	0.52946	11.55849	1.11149	1	0.73368	0.54893	12.73733	1.09515	1	-0.00716	-0.00859	0.70740	0.00375	1	0.05938	-0.01190	0.66381	0.00360	1	1.45898	0.81042	0	
1281049	8639.27734	3307192370160	0.49670	0.28201	8639.13672	0.14062	12197	1	0.50276	0.29738	1	0.46588	0.28413	1	0.48432	0.29076	1	0.47238	0.52954	11.64679	1.09515	1	0.73364	0.54911	12.89656	1.08749	1	-0.00716	-0.00859	0.70740	0.00386	1	0.05938	-0.01190	0.66381	0.00366	1	1.45898	0.81042	0	
1281050	8639.28418	3307192437317	0.49670	0.28217	8639.13672	0.14746	12197	1	0.50811	0.31606	1	0.48514	0.25527	1	0.49663	0.28567	1	0.47240	0.52971	11.69904	1.08749	1	0.73360	0.54905	12.83125	1.07983	1	-0.00716	-0.00859	0.70740	0.00381	1	0.05938	-0.01190	0.66381	0.00369	1	1.45898	0.81042	0	
1281051	8639.29102	3307192504883	0.49672	0.28244	8639.13672	0.15430	12197	1	0.50899	0.32215	1	0.48514	0.25527	1	0.49707	0.28871	1	0.47238	0.52956	11.63730	1.07983	1	0.73358	0.54913	12.70577	1.07983	1	-0.00716	-0.00859	0.70740	0.00378	1	0.06042	-0.01205	0.67489	0.00366	1	1.45898	0.81042	0	
1281052	8639.29785	3307192571609	0.49649	0.28326	8639.13672	0.16113	12197	1	0.50271	0.32080	1	0.47919	0.28482	1	0.49095	0.30281	1	0.47229	0.52952	11.56742	1.07983	1	0.73344	0.54910	12.93529	1.08749	1	-0.00716	-0.00859	0.70740	0.00378	1	0.06042	-0.01205	0.67489	0.00362	1	1.45898	0.81042	0	
1281053	8639.30469	3307192638716	0.49606	0.28399	8639.13672	0.16797	12197	1	0.49321	0.32762	1	0.47748	0.27686	1	0.48534	0.30224	1	0.47219	0.52990	11.35882	1.08749	1	0.73342	0.54918	13.02183	1.09515	1	-0.00716	-0.00859	0.70740	0.00369	1	0.06042	-0.01205	0.67489	0.00359	1	1.45898	0.81042	0	
1281054	8639.31152	3307192705754	0.49566	0.28483	8639.13672	0.17480	12197	1	0.49339	0.32874	1	0.47713	0.28453	1	0.48526	0.30664	1	0.47212	0.53014	11.48507	1.08607	1	0.73345	0.54901	12.74049	1.08607	1	-0.00697	-0.00825	0.68338	0.00369	1	0.05938	-0.01190	0.66381	0.00369	1	1.45898	0.81042	0	
1281055	8639.31738	3307192772068	0.49550	0.28567	8639.13672	0.18066	12197	1	0.51400	0.32573	1	0.46830	0.29117	1	0.49115	0.30845	1	0.47248	0.52955	11.82816	1.07698	1	0.73325	0.54927	13.10819	1.06932	1	-0.00697	-0.00825	0.68338	0.00366	1	0.05938	-0.01190	0.66381	0.00362	1	1.45898	0.81042	0	
1281056	8639.32422	3307192839486	0.49483	0.28715	8639.13672	0.18750	12197	1	0.48557	0.34703	1	0.46690	0.31007	1	0.47624	0.32855	1	0.47202	0.52972	11.45747	1.06024	1	0.73325	0.54924	13.04129	1.05258	1	-0.00697	-0.00825	0.68338	0.00368	1	0.05938	-0.01190	0.66381	0.00361	1	1.45898	0.81042	0	
1281057	8639.33105	3307192905809	0.49425	0.28888	8639.13672	0.19434	12197	1	0.48786	0.36022	1	0.46663	0.31776	1	0.47725	0.33899	1	0.47216	0.52986	11.58926	1.04349	1	0.73335	0.54916	13.14579	1.04349	1	-0.00697	-0.00825	0.68338	0.00366	1	0.06061	-0.01216	0.67814	0.00358	1	1.45898	0.81042	0	
1281058	8639.33789	3307192973631	0.49493	0.28933	8639.13672	0.20117	12197	1	0.52497	0.30996	1	0.50594	0.29568	1	0.51545	0.30282	1	0.47222	0.52936	11.46063	1.04349	1	0.73354	0.54918	12.77621	1.05115	1	-0.00697	-0.00825	0.68338	0.00369	1	0.06061	-0.01216	0.67814	0.00362	1	1.45898	0.81042	0	
1281059	8639.34473	3307193040115	0.49525	0.29032	8639.13672	0.20801	12197	1	0.51041	0.33894	1	0.49980	0.30337	1	0.50511	0.32115	1	0.47202	0.52962	11.32632	1.05115	1	0.73342	0.54904	12.86731	1.05881	1	-0.00697	-0.00825	0.68338	0.00365	1	0.06061	-0.01216	0.67814	0.00364	1	1.45898	0.81042	0	
1281060	8639.35156	3307193106391	0.49555	0.29095	8639.13672	0.21484	12197	1	0.50952	0.33280	1	0.50077	0.28948	1	0.50514	0.31114	1	0.47188	0.52916	11.17854	1.05881	1	0.73365	0.54886	12.44954	1.07515	1	-0.00697	-0.00825	0.68338	0.00364	1	0.06242	-0.01253	0.69891	0.00375	1	1.45898	0.81042	0	
1281061	8639.35840	3307193174679	0.49597	0.29091	8639.13672	0.22168	12197	1	0.52530	0.27507	1	0.49440	0.30421	1	0.50985	0.28964	1	0.47203	0.52938	10.97659	1.07515	1	0.73341	0.54905	12.67224	1.08383	1	-0.00697	-0.00825	0.68338	0.00373	1	0.06242	-0.01253	0.69891	0.00365	1	1.45898	0.81042	0	
1281062	8639.36426	3307193238575	0.49609	0.29015	8639.13672	0.22754	12197	1	0.49684	0.28148	1	0.50357	0.24661	1	0.50021	0.26404	1	0.47191	0.52920	10.89679	1.08383	1	0.73345	0.54863	12.67113	1.09251	1	-0.00697	-0.00825	0.68338	0.00377	1	0.06242	-0.01253	0.69891	0.00383	1	1.45898	0.81042	0	
1281063	8639.37109	3307193307994	0.49618	0.28941	8639.13672	0.23438	12197	1	0.49576	0.27427	1	0.50311	0.25332	1	0.49943	0.26379	1	0.47198	0.52746	11.58690	1.09251	1	0.73301	0.54842	12.42872	1.08485	1	-0.00697	-0.00825	0.68338	0.00231	1	0.05938	-0.01175	0.66381	0.00381	1	1.45898	0.81042	0	
1281064	8639.37793	3307193375424	0.49708	0.29080	8639.13672	0.24121	12197	1	0.56834	0.33586	1	0.49074	0.34542	1	0.52954	0.34064	1	0.47269	0.52994	12.16434	1.08485	1	0.73335	0.54883	12.74795	1.06851	1	-0.00697	-0.00825	0.68338	0.00372	1	0.05938	-0.01175	0.66381	0.00390	1	1.45898	0.81042	0	
1281065	8639.38477	3307193442124	0.49792	0.29187	8639.13672	0.24805	12197	1	0.55443	0.33417	1	0.50327	0.32888	1	0.52885	0.33152	1	0.47239	0.52972	11.83981	1.06851	1	0.73307	0.54849	12.49280	1.05217	1	-0.00697	-0.00825	0.68338	0.00360	1	0.05938	-0.01175	0.66381	0.00373	1	1.45898	0.81042	0	
1281066	8639.39160	3307193509239	0.49872	0.29296	8639.13672	0.25488	12197	1	0.55501	0.33990	1	0.50329	0.32854	1	0.52915	0.33422	1	0.47148	0.52700	11.44988	1.06126	1	0.73262	0.54858	13.26220	1.05258	1	-0.00720	-0.00830	0.70069	0.00236	1	0.06045	-0.01199	0.67749	0.00375	1	1.45898	0.81042	0	
1281067	8639.39844	3307193576026	0.49821	0.29099	8639.13672	0.26172	12197	1	0.48627	0.14873	1	0.47004	0.28015	1	0.47816	0.21444	1	0.47144	0.52706	11.25564	1.06166	1	0.73260	0.54820	12.39987	1.06932	1	-0.00720	-0.00830	0.70069	0.00238	1	0.06045	-0.01199	0.67749	0.00374	1	1.45898	0.81042	0	
1281068	8639.40527	3307193643477	0.49799	0.28811	8639.13672	0.26855	12197	1	0.48872	0.13455	1	0.48973	0.21082	1	0.48922	0.17268	1	0.47145	0.52715	11.72967	1.07841	1	0.73278	0.54780	12.44970	1.08607	1	-0.00720	-0.00830	0.70069	0.00235	1	0.06045	-0.01199	0.67749	0.00379	1	1.45898	0.81042	0	
1281069	8639.41113	3307193709895	0.49776	0.28498	8639.13672	0.27441	12197	1	0.48655	0.11826	1	0.49055	0.19553	1	0.48855	0.15690	1	0.47151	0.52708	11.77786	1.09515	1	0.73263	0.54800	12.84771	1.10281	1	-0.00720	-0.00830	0.70069	0.00231	1	0.06045	-0.01199	0.67749	0.00371	1	1.45898	0.81042	0	
1281070	8639.41797	3307193777150	0.49735	0.28230	8639.13672	0.28125	12197	1	0.48574	0.10171	1	0.47443	0.23714	1	0.48008	0.16942	1	0.47148	0.52693	12.07271	1.10281	1	0.73259	0.54800	12.74409	1.10281	1	-0.00720	-0.00830	0.70069	0.00236	1	0.06045	-0.01199	0.67749	0.00365	1	1.45898	0.81042	0	
1281071	8639.42480	3307193843443	0.49750	0.28139	8639.13672	0.28809	12197	1	0.52402	0.26380	1	0.48391	0.22094	1	0.50396	0.24237	1	0.47195	0.52879	10.95337	1.10281	1	0.73273	0.54786	12.53375	1.10281	1	-0.00720	-0.00830	0.70069	0.00363	1	0.06045	-0.01199	0.67749	0.00373	1	1.45898	0.81042	0	
1281072	8639.43164	3307193910933	0.50344	0.25249	8639.13672	0.28809	12197	0	0.52493	0.27135	1	0.48352	0.22902	1	0.50423	0.25019	1	0.47156	0.52700	11.56047	1.09373	1	0.73311	0.54816	11.77498	1.09373	1	-0.00691	-0.00804	0.67808	0.00238	1	0.06045	-0.01199	0.67749	0.00388	1	1.45898	0.81042	0	
1281073	8639.43848	3307193977814	0.49559	0.22533	8639.13672	0.28809	12197	0	0.50684	0.13568	1	0.46866	0.26066	1	0.48775	0.19817	1	0.47165	0.52698	11.73336	1.08464	1	0.73259	0.54812	12.77736	1.08464	1	-0.00691	-0.00804	0.67808	0.00232	1	0.06045	-0.01199	0.67749	0.00365	1	1.45898	0.81042	0	
1281074	8639.44531	3307194045085	0.49331	0.21407	8639.13672	0.28809	12197	0	0.49583	0.13373	1	0.48165	0.24938	1	0.48874	0.19155	1	0.47155	0.52700	11.58194	1.07556	1	0.73274	0.54784	12.62204	1.07556	1	-0.00691	-0.00804	0.67808	0.00237	1	0.06045	-0.01199	0.67749	0.00367	1	1.45898	0.81042	0	
1281075	8639.45215	3307194112374	0.49226	0.21055	8639.43164	0.02051	12198	1	0.49697	0.14259	1	0.48126	0.25743	1	0.48911	0.20001	1	0.47160	0.52707	11.83757	1.06647	1	0.73305	0.54814	12.49392	1.06647	1	-0.00691	-0.00804	0.67808	0.00235	1	0.06045	-0.01199	0.67749	0.00370	1	1.45898	0.81042	0	
1281076	8639.45801	3307194178603	0.49362	0.21189	8639.43164	0.02637	12198	1	0.50549	0.15292	1	0.49258	0.28158	1	0.49903	0.21725	1	0.47158	0.52703	11.68734	1.06647	1	0.73291	0.54815	12.65510	1.06647	1	-0.00691	-0.00804	0.67808	0.00237	1	0.06045	-0.01199	0.67749	0.00363	1	1.45898	0.81042	0	
1281077	8639.46484	3307194244423	0.49357	0.21551	8639.43164	0.03320	12198	1	0.49460	0.15452	1	0.49214	0.31272	1	0.49337	0.23362	1	0.47161	0.52685	12.03245	1.06647	1	0.73295	0.54839	12.99320	1.06647	1	-0.00691	-0.00804	0.67808	0.00233	1	0.06045	-0.01199	0.67749	0.00358	1	1.45898	0.81042	0	
1281078	8639.47168	3307194312724	0.49358	0.21758	8639.43164	0.04004	12198	1	0.49460	0.15452	1	0.49260	0.30547	1	0.49360	0.22999	1	0.47169	0.52681	11.91390	1.06647	1	0.73300	0.54815	12.59384	1.07515	1	-0.00691	-0.00804	0.67808	0.00235	1	0.06348	-0.01258	0.71085	0.00368	1	1.45898	0.81042	0	
1281079	8639.47852	3307194378652	0.49192	0.21682	8639.43164	0.04688	12198	1	0.49847	0.13625	1	0.46215	0.28666	1	0.48031	0.21145	1	0.47165	0.52706	11.86100	1.07515	1	0.73247	0.54830	12.98013	1.08383	1	-0.00691	-0.00804	0.67808	0.00234	1	0.06348	-0.01258	0.71085	0.00368	1	1.45898	0.81042	0	
1281080	8639.48535	3307194447701	0.49414	0.22387	8639.43164	0.05371	12198	1	0.53474	0.27408	1	0.48912	0.28647	1	0.51193	0.28028	1	0.47211	0.52891	11.44692	1.08383	1	0.73280	0.54859	13.26842	1.09251	1	-0.00691	-0.00804	0.67808	0.00356	1	0.06348	-0.01258	0.71085	0.00379	1	1.45898	0.81042	0	
1281081	8639.49219	3307194514309	0.49586	0.22839	8639.43164	0.06055	12198	1	0.53307	0.25924	1	0.48956	0.27885	1	0.51132	0.26905	1	0.47205	0.52852	11.23437	1.10160	1	0.73287	0.54819	12.82710	1.10160	1	-0.00720	-0.00830	0.70069	0.00383	1	0.06045	-0.01199	0.67749	0.00371	1	1.45898	0.81042	0	
1281082	8639.49902	3307194580710	0.49558	0.22453	8639.43164	0.06738	12198	1	0.50333	0.07166	1	0.48229	0.30019	1	0.49281	0.18593	1	0.47165	0.52677	11.79157	1.11068	1	0.73276	0.54851	13.42254	1.10200	1	-0.00720	-0.00830	0.70069	0.00234	1	0.06045	-0.01199	0.67749	0.00359	1	1.45898	0.81042	0	
1281083	8639.50488	3307194648286	0.49729	0.22883	8639.43164	0.07324	12198	1	0.53182	0.27630	1	0.50019	0.27595	1	0.51601	0.27612	1	0.47210	0.52893	11.42692	1.11109	1	0.73302	0.54843	13.03333	1.10241	1	-0.00720	-0.00830	0.70069	0.00352	1	0.06045	-0.01199	0.67749	0.00361	1	1.45898	0.81042	0	
1281084	8639.51172	3307194714905	0.49872	0.23244	8639.43164	0.08008	12198	1	0.53178	0.27597	1	0.50021	0.27561	1	0.51600	0.27579	1	0.47152	0.52694	12.25799	1.11149	1	0.73274	0.54840	13.33915	1.10281	1	-0.00720	-0.00830	0.70069	0.00233	1	0.06045	-0.01199	0.67749	0.00363	1	1.45898	0.81042	0	
1281085	8639.51855	3307194779798	0.49752	0.22883	8639.43164	0.08691	12198	1	0.48520	0.09015	1	0.47840	0.27380	1	0.48180	0.18198	1	0.47147	0.52672	11.91415	1.10281	1	0.73262	0.54840	12.94137	1.10281	1	-0.00720	-0.00830	0.70069	0.00238	1	0.06045	-0.01199	0.67749	0.00364	1	1.45898	0.81042	0	
1281086	8639.52539	3307194848504	0.49641	0.22666	8639.43164	0.09375	12198	1	0.49753	0.13080	1	0.46430	0.26151	1	0.48091	0.19615	1	0.47152	0.52673	11.90182	1.10281	1	0.73247	0.54822	12.94451	1.10281	1	-0.00720	-0.00830	0.70069	0.00241	1	0.06045	-0.01199	0.67749	0.00372	1	1.45898	0.81042	0	
1281087	8639.53223	3307194916559	0.49544	0.22475	8639.43164	0.10059	12198	1	0.49753	0.13080	1	0.46430	0.26151	1	0.48091	0.19615	1	0.47160	0.52661	11.85104	1.10281	1	0.73255	0.54810	12.83878	1.10281	1	-0.00720	-0.00830	0.70069	0.00235	1	0.06045	-0.01199	0.67749	0.00374	1	1.45898	0.81042	0	
1281088	8639.53906	3307194982714	0.49601	0.22611	8639.43164	0.10742	12198	1	0.51606	0.25684	1	0.49409	0.23899	1	0.50507	0.24791	1	0.47185	0.52828	11.80842	1.10281	1	0.73294	0.54822	12.31096	1.10281	1	-0.00720	-0.00830	0.70069	0.00374	1	0.06045	-0.01199	0.67749	0.00369	1	1.45898	0.81042	0	
1281089	8639.54590	3307195049261	0.49546	0.22396	8639.43164	0.11426	12198	1	0.49252	0.11478	1	0.47964	0.25999	1	0.48608	0.18738	1	0.47160	0.52668	11.97749	1.10281	1	0.73270	0.54825	12.62163	1.10281	1	-0.00720	-0.00830	0.70069	0.00235	1	0.06045	-0.01199	0.67749	0.00374	1	1.45898	0.81042	0	
1281090	8639.55176	3307195114688	0.49499	0.22228	8639.43164	0.12012	12198	1	0.49364	0.12358	1	0.47963	0.26033	1	0.48663	0.19196	1	0.47148	0.52675	11.98771	1.09373	1	0.73257	0.54808	13.19265	1.10241	1	-0.00705	-0.00807	0.68113	0.00237	1	0.06348	-0.01258	0.71085	0.00383	1	1.45898	0.81042	0	
1281091	8639.55859	3307195180234	0.49432	0.22069	8639.43164	0.12695	12198	1	0.49401	0.12656	1	0.46905	0.25442	1	0.48153	0.19049	1	0.47150	0.52666	11.79403	1.09332	1	0.73245	0.54822	13.16713	1.10200	1	-0.00705	-0.00807	0.68113	0.00239	1	0.06348	-0.01258	0.71085	0.00374	1	1.45898	0.81042	0	
1281092	8639.56543	3307195246517	0.49406	0.21887	8639.43164	0.13379	12198	1	0.49342	0.13536	1	0.48418	0.22968	1	0.48880	0.18252	1	0.47151	0.52676	12.00001	1.09292	1	0.73273	0.54789	13.01992	1.10160	1	-0.00705	-0.00807	0.68113	0.00238	1	0.06348	-0.01258	0.71085	0.00381	1	1.45898	0.81042	0	
1281093	8639.57227	3307195314873	0.49381	0.21741	8639.43164	0.14062	12198	1	0.49347	0.13575	1	0.48378	0.23770	1	0.48863	0.18672	1	0.47156	0.52682	11.83500	1.09251	1	0.73288	0.54807	12.62154	1.09251	1	-0.00705	-0.00807	0.68113	0.00235	1	0.06045	-0.01199	0.67749	0.00385	1	1.45898	0.81042	0	
1281094	8639.57910	3307195381758	0.49341	0.21671	8639.43164	0.14746	12198	1	0.49031	0.14571	1	0.47893	0.25705	1	0.48462	0.20138	1	0.47144	0.52678	11.79907	1.09251	1	0.73262	0.54801	13.01589	1.08383	1	-0.00705	-0.00807	0.68113	0.00247	1	0.06045	-0.01199	0.67749	0.00370	1	1.45898	0.81042	0	
1281095	8639.58496	3307195449627	0.49312	0.21678	8639.43164	0.15332	12198	1	0.49077	0.16638	1	0.48227	0.27053	1	0.48652	0.21845	1	0.47146	0.52691	12.04300	1.08383	1	0.73282	0.54819	12.84613	1.07515	1	-0.00705	-0.00807	0.68113	0.00234	1	0.06045	-0.01199	0.67749	0.00372	1	1.45898	0.81042	0	
1281096	8639.59180	3307195515192	0.49288	0.21701	8639.43164	0.16016	12198	1	0.49188	0.17452	1	0.48227	0.27053	1	0.48707	0.22252	1	0.47156	0.52688	12.25313	1.07515	1	0.73264	0.54796	12.95441	1.07515	1	-0.00705	-0.00807	0.68113	0.00243	1	0.06348	-0.01258	0.71085	0.00371	1	1.45898	0.81042	0	
1281097	8639.59863	3307195581208	0.49253	0.21608	8639.43164	0.16699	12198	1	0.49406	0.14031	1	0.47331	0.24536	1	0.48369	0.19284	1	0.47148	0.52664	12.15907	1.07515	1	0.73259	0.54800	13.03549	1.08383	1	-0.00705	-0.00807	0.68113	0.00244	1	0.06348	-0.01258	0.71085	0.00370	1	1.45898	0.81042	0	
1281098	8639.60547	3307195649771	0.49171	0.21617	8639.43164	0.17383	12198	1	0.47470	0.14781	1	0.46612	0.28893	1	0.47041	0.21837	1	0.47123	0.52676	11.74215	1.08383	1	0.73244	0.54819	13.14824	1.09251	1	-0.00705	-0.00807	0.68113	0.00232	1	0.06348	-0.01258	0.71085	0.00376	1	1.45898	0.81042	0	
1281099	8639.61230	3307195715197	0.49093	0.21610	8639.43164	0.18066	12198	1	0.47348	0.13951	1	0.46612	0.28893	1	0.46980	0.21422	1	0.47127	0.52672	11.61253	1.09251	1	0.73261	0.54815	12.96157	1.09251	1	-0.00705	-0.00807	0.68113	0.00231	1	0.06045	-0.01199	0.67749	0.00373	1	1.45898	0.81042	0	
1281100	8639.61914	3307195786898	0.49060	0.21452	8639.43164	0.18750	12198	1	0.48114	0.10502	1	0.48170	0.23539	1	0.48142	0.17021	1	0.47144	0.52682	11.69983	1.09251	1	0.73268	0.54766	12.83120	1.08383	1	-0.00705	-0.00807	0.68113	0.00245	1	0.06045	-0.01199	0.67749	0.00381	1	1.45898	0.81042	0	
1281101	8639.62598	3307195852930	0.49033	0.21354	8639.43164	0.19434	12198	1	0.48902	0.10998	1	0.47608	0.26023	1	0.48255	0.18510	1	0.47137	0.52677	11.70223	1.08383	1	0.73266	0.54798	13.02391	1.07515	1	-0.00705	-0.00807	0.68113	0.00236	1	0.06045	-0.01199	0.67749	0.00378	1	1.45898	0.81042	0	
1281102	8639.63281	3307195920102	0.49008	0.21261	8639.43164	0.20117	12198	1	0.48897	0.10957	1	0.47609	0.25987	1	0.48253	0.18472	1	0.47138	0.52692	11.96051	1.08424	1	0.73286	0.54786	12.45407	1.07556	1	-0.00730	-0.00830	0.70003	0.00238	1	0.06045	-0.01199	0.67749	0.00374	1	1.45898	0.81042	0	
1281103	8639.63965	3307195987286	0.48979	0.21138	8639.43164	0.20801	12198	1	0.48533	0.10969	1	0.47637	0.23689	1	0.48085	0.17329	1	0.47137	0.52683	12.47592	1.08464	1	0.73267	0.54793	12.74876	1.08464	1	-0.00730	-0.00830	0.70003	0.00238	1	0.06045	-0.01199	0.67749	0.00375	1	1.45898	0.81042	0	
1281104	8639.64551	3307196053988	0.48947	0.21064	8639.43164	0.21387	12198	1	0.47829	0.13140	1	0.48052	0.24270	1	0.47940	0.18705	1	0.47127	0.52703	12.18703	1.09373	1	0.73268	0.54797	12.66025	1.09373	1	-0.00730	-0.00830	0.70003	0.00244	1	0.06045	-0.01199	0.67749	0.00373	1	1.45898	0.81042	0	
1281105	8639.65234	3307196120806	0.48918	0.20995	8639.43164	0.22070	12198	1	0.47829	0.13140	1	0.48052	0.24270	1	0.47940	0.18705	1	0.47137	0.52708	12.08966	1.09373	1	0.73271	0.54826	12.90165	1.09373	1	-0.00705	-0.00807	0.68113	0.00249	1	0.06045	-0.01199	0.67749	0.00378	1	1.45898	0.81042	0	
1281106	8639.65918	3307196187870	0.48893	0.20984	8639.43164	0.22754	12198	1	0.48103	0.14965	1	0.48022	0.26286	1	0.48063	0.20626	1	0.47125	0.52709	12.07032	1.08464	1	0.73269	0.54801	12.88859	1.08464	1	-0.00705	-0.00807	0.68113	0.00242	1	0.06045	-0.01199	0.67749	0.00371	1	1.45898	0.81042	0	
1281107	8639.66602	3307196254918	0.48907	0.21099	8639.43164	0.23438	12198	1	0.50573	0.22609	1	0.48183	0.27633	1	0.49378	0.25121	1	0.47160	0.52811	11.57335	1.07556	1	0.73278	0.54829	13.36373	1.07556	1	-0.00705	-0.00807	0.68113	0.00391	1	0.06045	-0.01199	0.67749	0.00368	1	1.45898	0.81042	0	
1281108	8639.67285	3307196322228	0.48921	0.21229	8639.43164	0.24121	12198	1	0.50680	0.23416	1	0.48145	0.28415	1	0.49412	0.25916	1	0.47203	0.52884	11.02582	1.06647	1	0.73297	0.54819	12.62226	1.06647	1	-0.00705	-0.00807	0.68113	0.00367	1	0.06045	-0.01199	0.67749	0.00371	1	1.45898	0.81042	0	
1281109	8639.67969	3307196389316	0.48987	0.21435	8639.43164	0.24805	12198	1	0.52829	0.28189	1	0.50071	0.29901	1	0.51450	0.29045	1	0.47199	0.52861	11.05068	1.06647	1	0.73301	0.54847	12.69053	1.06647	1	-0.00705	-0.00807	0.68113	0.00385	1	0.06045	-0.01199	0.67749	0.00367	1	1.45898	0.81042	0	
1281110	8639.68652	3307196456022	0.49026	0.21641	8639.43164	0.25488	12198	1	0.53532	0.31112	1	0.47449	0.27826	1	0.50491	0.29469	1	0.47215	0.52892	10.96220	1.06647	1	0.73261	0.54826	13.02166	1.06647	1	-0.00705	-0.00807	0.68113	0.00388	1	0.06045	-0.01199	0.67749	0.00374	1	1.45898	0.81042	0	
1281111	8639.69336	3307196523873	0.49062	0.21837	8639.43164	0.26172	12198	1	0.53532	0.31112	1	0.47449	0.27826	1	0.50491	0.29469	1	0.47176	0.52910	12.24960	1.06647	1	0.73280	0.54810	12.85458	1.06647	1	-0.00705	-0.00807	0.68113	0.00365	1	0.06045	-0.01199	0.67749	0.00371	1	1.45898	0.81042	0	
1281112	8639.69922	3307196590726	0.49086	0.22009	8639.43164	0.26758	12198	1	0.51592	0.29442	1	0.48459	0.28336	1	0.50025	0.28889	1	0.47180	0.52922	12.44188	1.06647	1	0.73279	0.54819	12.70826	1.06647	1	-0.00705	-0.00807	0.68113	0.00373	1	0.06045	-0.01199	0.67749	0.00381	1	1.45898	0.81042	0	
1281113	8639.70605	3307196655301	0.49116	0.22190	8639.43164	0.27441	12198	1	0.51565	0.30698	1	0.49116	0.28519	1	0.50340	0.29608	1	0.47176	0.52925	12.41363	1.06647	1	0.73295	0.54827	12.32238	1.06647	1	-0.00705	-0.00807	0.68113	0.00369	1	0.06045	-0.01199	0.67749	0.00382	1	1.45898	0.81042	0	
1281114	8639.71289	3307196724132	0.49495	0.25235	8639.43164	0.27441	12198	0	0.51565	0.30698	1	0.49076	0.29178	1	0.50321	0.29938	1	0.47169	0.52964	12.42353	1.06647	1	0.73254	0.54842	13.23627	1.05881	1	-0.00719	-0.00822	0.68505	0.00367	1	0.05941	-0.01179	0.66637	0.00379	1	1.45898	0.81042	0	
1281115	8639.71973	3307196791419	0.49253	0.29326	8639.43164	0.27441	12198	0	0.50967	0.35719	1	0.47056	0.31116	1	0.49012	0.33417	1	0.47159	0.52972	11.83859	1.05881	1	0.73253	0.54845	13.38183	1.05115	1	-0.00719	-0.00822	0.68505	0.00380	1	0.05941	-0.01179	0.66637	0.00378	1	1.45898	0.81042	0	
1281116	8639.72656	3307196858468	0.49188	0.30430	8639.43164	0.27441	12198	0	0.50930	0.33357	1	0.47186	0.31920	1	0.49058	0.32638	1	0.47168	0.52960	11.83874	1.05115	1	0.73257	0.54831	13.18061	1.04349	1	-0.00719	-0.00822	0.68505	0.00367	1	0.05941	-0.01179	0.66637	0.00378	1	1.45898	0.81042	0	
1281117	8639.73340	3307196925141	0.49164	0.31140	8639.71289	0.02051	12199	1	0.51020	0.33974	1	0.47160	0.32567	1	0.49090	0.33271	1	0.47183	0.52965	12.03868	1.04349	1	0.73257	0.54844	13.41546	1.03583	1	-0.00719	-0.00822	0.68505	0.00363	1	0.05941	-0.01179	0.66637	0.00372	1	1.45898	0.81042	0	
1281118	8639.73926	3307196992214	0.49055	0.31730	8639.71289	0.02637	12199	1	0.50394	0.36664	1	0.46842	0.31510	1	0.48618	0.34087	1	0.47151	0.52979	11.99242	1.03583	1	0.73255	0.54833	13.18727	1.03583	1	-0.00719	-0.00822	0.68505	0.00362	1	0.05941	-0.01179	0.66637	0.00377	1	1.45898	0.81042	0	
1281119	8639.74609	3307197059158	0.48884	0.32235	8639.71289	0.03320	12199	1	0.49052	0.35517	1	0.47010	0.34001	1	0.48031	0.34759	1	0.47130	0.52945	11.70311	1.03583	1	0.73256	0.54841	13.18093	1.03583	1	-0.00719	-0.00822	0.68505	0.00360	1	0.05941	-0.01179	0.66637	0.00377	1	1.45898	0.81042	0	
1281120	8639.75293	3307197126357	0.48764	0.32550	8639.71289	0.04004	12199	1	0.49052	0.35517	1	0.47036	0.33364	1	0.48044	0.34441	1	0.47128	0.52934	11.24543	1.03583	1	0.73257	0.54858	13.41248	1.04349	1	-0.00710	-0.00806	0.67588	0.00364	1	0.06070	-0.01206	0.68143	0.00367	1	1.45898	0.81042	0	
1281121	8639.75977	3307197192811	0.48556	0.31389	8639.71289	0.04688	12199	1	0.47355	0.16718	1	0.46840	0.29808	1	0.47098	0.23263	1	0.47116	0.52749	12.10319	1.04349	1	0.73252	0.54823	13.33447	1.05115	1	-0.00710	-0.00806	0.67588	0.00244	1	0.06070	-0.01206	0.68143	0.00381	1	1.45898	0.81042	0	
1281122	8639.76660	3307197260073	0.48523	0.31753	8639.71289	0.05371	12199	1	0.48806	0.35106	1	0.47725	0.34227	1	0.48266	0.34667	1	0.47128	0.52951	11.31882	1.05115	1	0.73265	0.54872	13.48687	1.05881	1	-0.00710	-0.00806	0.67588	0.00358	1	0.06070	-0.01206	0.68143	0.00362	1	1.45898	0.81042	0	
1281123	8639.77344	3307197326939	0.48494	0.31983	8639.71289	0.06055	12199	1	0.48703	0.34501	1	0.47755	0.33606	1	0.48229	0.34053	1	0.47164	0.52949	11.87989	1.05881	1	0.73263	0.54844	13.16252	1.06647	1	-0.00710	-0.00806	0.67588	0.00355	1	0.06070	-0.01206	0.68143	0.00377	1	1.45898	0.81042	0	
1281124	8639.78027	3307197394579	0.48568	0.31994	8639.71289	0.06738	12199	1	0.51331	0.31122	1	0.47286	0.33088	1	0.49309	0.32105	1	0.47169	0.52913	11.82749	1.06647	1	0.73261	0.54854	13.20461	1.06647	1	-0.00710	-0.00806	0.67588	0.00383	1	0.06070	-0.01206	0.68143	0.00376	1	1.45898	0.81042	0	
1281125	8639.78613	3307197459030	0.48465	0.31200	8639.71289	0.07324	12199	1	0.46968	0.13301	1	0.47704	0.31623	1	0.47336	0.22462	1	0.47114	0.52740	11.85474	1.06647	1	0.73264	0.54848	13.36375	1.06647	1	-0.00710	-0.00806	0.67588	0.00246	1	0.06070	-0.01206	0.68143	0.00374	1	1.45898	0.81042	0	
1281126	8639.79297	3307197527336	0.48377	0.30552	8639.71289	0.08008	12199	1	0.46968	0.13301	1	0.47675	0.32259	1	0.47321	0.22780	1	0.47165	0.52965	12.14550	1.06647	1	0.73263	0.54845	13.13030	1.05881	1	-0.00719	-0.00822	0.68505	0.00362	1	0.05941	-0.01179	0.66637	0.00378	1	1.45898	0.81042	0	
1281127	8639.79980	3307197592365	0.48525	0.30806	8639.71289	0.08691	12199	1	0.53337	0.35663	1	0.47552	0.32550	1	0.50445	0.34106	1	0.47200	0.52994	12.21800	1.05881	1	0.73263	0.54845	13.13030	1.05115	1	-0.00719	-0.00822	0.68505	0.00370	1	0.05941	-0.01179	0.66637	0.00378	1	1.45898	0.81042	0	
1281128	8639.80664	3307197661832	0.48558	0.31068	8639.71289	0.09375	12199	1	0.50511	0.34963	1	0.47536	0.34503	1	0.49024	0.34733	1	0.47157	0.52978	11.84832	1.05115	1	0.73271	0.54851	13.30899	1.04349	1	-0.00719	-0.00822	0.68505	0.00366	1	0.05941	-0.01179	0.66637	0.00376	1	1.45898	0.81042	0	
1281129	8639.81348	3307197729117	0.48589	0.31335	8639.71289	0.10059	12199	1	0.50605	0.35568	1	0.47507	0.35132	1	0.49056	0.35350	1	0.47190	0.52982	12.17639	1.04349	1	0.73264	0.54856	13.42358	1.03583	1	-0.00710	-0.00816	0.67588	0.00372	1	0.05941	-0.01179	0.66637	0.00373	1	1.45898	0.81042	0	
1281130	8639.82031	3307197796163	0.48678	0.31503	8639.71289	0.10742	12199	1	0.52484	0.34647	1	0.47692	0.33721	1	0.50088	0.34184	1	0.47187	0.52982	12.22061	1.03583	1	0.73271	0.54849	13.41256	1.03583	1	-0.00710	-0.00816	0.67588	0.00363	1	0.05941	-0.01179	0.66637	0.00377	1	1.45898	0.81042	0	
1281131	8639.82715	3307197862921	0.48625	0.31174	8639.71289	0.11426	12199	1	0.48189	0.16400	1	0.47258	0.34770	1	0.47723	0.25585	1	0.47133	0.52757	12.14418	1.03583	1	0.73271	0.54843	13.25074	1.03583	1	-0.00710	-0.00816	0.67588	0.00246	1	0.05941	-0.01179	0.66637	0.00377	1	1.45898	0.81042	0	
1281132	8639.83301	3307197927196	0.48578	0.30863	8639.71289	0.12012	12199	1	0.48189	0.16400	1	0.47285	0.34139	1	0.47737	0.25270	1	0.47167	0.52979	12.07596	1.03583	1	0.73266	0.54853	13.29998	1.04349	1	-0.00719	-0.00832	0.68506	0.00362	1	0.06045	-0.01199	0.67749	0.00366	1	1.45898	0.81042	0	
1281133	8639.83984	3307197996772	0.48656	0.30726	8639.71289	0.12695	12199	1	0.52492	0.33327	1	0.47784	0.22919	1	0.50138	0.28123	1	0.47175	0.52977	12.15795	1.04349	1	0.73263	0.54733	12.86645	1.05115	1	-0.00719	-0.00832	0.68506	0.00355	1	0.06045	-0.01199	0.67749	0.00427	1	1.45898	0.81042	0	
1281134	8639.84668	3307198064033	0.48701	0.30741	8639.71289	0.13379	12199	1	0.52342	0.32264	1	0.46852	0.29792	1	0.49597	0.31028	1	0.47181	0.52946	12.23937	1.05115	1	0.73265	0.54823	13.39461	1.05881	1	-0.00719	-0.00832	0.68506	0.00362	1	0.06045	-0.01199	0.67749	0.00357	1	1.45898	0.81042	0	
1281135	8639.85352	3307198130512	0.48739	0.30690	8639.71289	0.14062	12199	1	0.52164	0.30898	1	0.46905	0.28364	1	0.49534	0.29631	1	0.47159	0.52971	11.93789	1.06790	1	0.73279	0.54794	12.99052	1.07556	1	-0.00730	-0.00851	0.70003	0.00353	1	0.06049	-0.01205	0.67789	0.00379	1	1.45898	0.81042	0	
1281136	8639.86035	3307198197391	0.48771	0.30605	8639.71289	0.14746	12199	1	0.50417	0.34364	1	0.48540	0.23110	1	0.49478	0.28737	1	0.47154	0.52987	12.04917	1.08464	1	0.73277	0.54889	13.33723	1.08464	1	-0.00730	-0.00851	0.70003	0.00353	1	0.06049	-0.01205	0.67789	0.00373	1	1.45898	0.81042	0	
1281137	8639.86719	3307198262449	0.48770	0.30387	8639.71289	0.15430	12199	1	0.49352	0.28416	1	0.48142	0.22322	1	0.48747	0.25369	1	0.47145	0.52934	11.74660	1.09373	1	0.73277	0.54887	13.30851	1.09373	1	-0.00730	-0.00851	0.70003	0.00382	1	0.06049	-0.01205	0.67789	0.00370	1	1.45898	0.81042	0	
1281138	8639.87402	3307198332440	0.48770	0.30214	8639.71289	0.16113	12199	1	0.49452	0.29074	1	0.48108	0.23039	1	0.48780	0.26057	1	0.47167	0.52937	11.96378	1.08571	1	0.73251	0.54885	13.23984	1.08571	1	-0.00673	-0.00796	0.65494	0.00381	1	0.06049	-0.01205	0.67789	0.00390	1	1.45898	0.81042	0	
1281139	8639.88086	3307198399723	0.48754	0.30191	8639.71289	0.16797	12199	1	0.50723	0.35547	1	0.45982	0.23687	1	0.48352	0.29617	1	0.47161	0.52985	12.20249	1.06861	1	0.73271	0.54851	12.97749	1.06861	1	-0.00673	-0.00796	0.65494	0.00346	1	0.06049	-0.01205	0.67789	0.00406	1	1.45898	0.81042	0	
1281140	8639.88672	3307198465552	0.48738	0.30148	8639.71289	0.17383	12199	1	0.50724	0.32021	1	0.45897	0.26038	1	0.48310	0.29029	1	0.47170	0.52951	12.23673	1.05151	1	0.73270	0.54874	12.92312	1.05151	1	-0.00673	-0.00796	0.65494	0.00375	1	0.06049	-0.01205	0.67789	0.00395	1	1.45898	0.81042	0	
1281141	8639.89355	3307198532615	0.48722	0.30108	8639.71289	0.18066	12199	1	0.50724	0.32021	1	0.45897	0.26038	1	0.48310	0.29029	1	0.47172	0.52935	12.00867	1.05151	1	0.73276	0.54874	12.65379	1.05151	1	-0.00731	-0.00865	0.71154	0.00380	1	0.06049	-0.01205	0.67789	0.00395	1	1.45898	0.81042	0	
1281142	8639.90039	3307198599609	0.48723	0.30067	8639.71289	0.18750	12199	1	0.50734	0.31112	1	0.46754	0.26733	1	0.48744	0.28923	1	0.47170	0.52951	12.23673	1.06861	1	0.73288	0.54884	12.88920	1.06861	1	-0.00731	-0.00865	0.71154	0.00374	1	0.06049	-0.01205	0.67789	0.00389	1	1.45898	0.81042	0	
1281143	8639.90723	3307198666893	0.48755	0.29872	8639.71289	0.19434	12199	1	0.51186	0.29062	1	0.48191	0.19340	1	0.49689	0.24201	1	0.47176	0.52940	12.01484	1.08571	1	0.73311	0.54841	12.18058	1.08571	1	-0.00731	-0.00865	0.71154	0.00385	1	0.06049	-0.01205	0.67789	0.00399	1	1.45898	0.81042	0	
1281144	8639.91406	3307198733805	0.48784	0.29678	8639.71289	0.20117	12199	1	0.51096	0.28405	1	0.48193	0.19306	1	0.49644	0.23856	1	0.47226	0.52930	11.92223	1.09373	1	0.73331	0.54859	12.92941	1.08607	1	-0.00691	-0.00824	0.67808	0.00378	1	0.05903	-0.01180	0.66098	0.00390	1	1.45898	0.81042	0	
1281145	8639.92090	3307198800737	0.48868	0.29492	8639.71289	0.20801	12199	1	0.53504	0.27578	1	0.49456	0.19908	1	0.51480	0.23743	1	0.47209	0.52960	11.81577	1.07698	1	0.73334	0.54816	12.73724	1.06932	1	-0.00691	-0.00824	0.67808	0.00366	1	0.05903	-0.01180	0.66098	0.00416	1	1.45898	0.81042	0	
1281146	8639.92676	3307198867530	0.48894	0.29574	8639.71289	0.21387	12199	1	0.51532	0.34640	1	0.47926	0.29753	1	0.49729	0.32196	1	0.47175	0.52976	12.43778	1.06024	1	0.73312	0.54900	13.23672	1.05258	1	-0.00691	-0.00824	0.67808	0.00362	1	0.05903	-0.01180	0.66098	0.00400	1	1.45898	0.81042	0	
1281147	8639.93359	3307198934844	0.48921	0.29682	8639.71289	0.22070	12199	1	0.51720	0.35957	1	0.47888	0.30533	1	0.49804	0.33245	1	0.47222	0.52984	11.90539	1.04349	1	0.73326	0.54882	13.01089	1.04349	1	-0.00691	-0.00824	0.67808	0.00358	1	0.06180	-0.01236	0.69256	0.00404	1	1.45898	0.81042	0	
1281148	8639.94043	3307199001844	0.48959	0.29637	8639.71289	0.22754	12199	1	0.53297	0.29132	1	0.47206	0.27043	1	0.50252	0.28088	1	0.47237	0.52960	11.90718	1.04349	1	0.73336	0.54883	12.95606	1.05115	1	-0.00691	-0.00824	0.67808	0.00364	1	0.06180	-0.01236	0.69256	0.00403	1	1.45898	0.81042	0	
1281149	8639.94727	3307199068543	0.48962	0.29578	8639.71289	0.23438	12199	1	0.52955	0.27629	1	0.45193	0.27455	1	0.49074	0.27542	1	0.47237	0.52960	11.90718	1.05115	1	0.73299	0.54906	12.31103	1.05881	1	-0.00691	-0.00824	0.67808	0.00365	1	0.06180	-0.01236	0.69256	0.00401	1	1.45898	0.81042	0	
1281150	8639.95312	3307199131139	0.48965	0.29495	8639.71289	0.24023	12199	1	0.52877	0.26971	1	0.45220	0.26028	1	0.49049	0.26499	1	0.47241	0.52912	11.83711	1.05881	1	0.73293	0.54898	12.31793	1.07515	1	-0.00691	-0.00824	0.67808	0.00382	1	0.06279	-0.01255	0.70310	0.00403	1	1.45898	0.81042	0	
1281151	8639.96094	3307199199904	0.48978	0.29394	8639.71289	0.24805	12199	1	0.52296	0.25527	1	0.46686	0.25777	1	0.49491	0.25652	1	0.47232	0.52886	11.75422	1.07515	1	0.73323	0.54896	13.11466	1.08383	1	-0.00691	-0.00824	0.67808	0.00378	1	0.06279	-0.01255	0.70310	0.00393	1	1.45898	0.81042	0	
1281152	8639.96680	3307199266394	0.48975	0.29139	8639.71289	0.25391	12199	1	0.49812	0.18050	1	0.47896	0.20827	1	0.48854	0.19438	1	0.47197	0.52857	11.18501	1.08383	1	0.73335	0.54805	12.95601	1.09251	1	-0.00691	-0.00824	0.67808	0.00394	1	0.06279	-0.01255	0.70310	0.00423	1	1.45898	0.81042	0	
1281153	8639.97363	3307199333568	0.49549	0.25933	8639.71289	0.25391	12199	0	0.49595	0.16408	1	0.47966	0.19211	1	0.48781	0.17810	1	0.47233	0.52950	12.07729	1.10160	1	0.73341	0.54836	12.86723	1.11028	1	-0.00716	-0.00859	0.70740	0.00375	1	0.06171	-0.01231	0.68986	0.00411	1	1.45898	0.81042	0	
1281154	8639.98047	3307199401320	0.49090	0.21587	8639.71289	0.25391	12199	0	0.49685	0.17659	1	0.47574	0.16824	1	0.48630	0.17242	1	0.47235	0.52829	11.52352	1.11936	1	0.73334	0.54843	12.94203	1.11936	1	-0.00716	-0.00859	0.70740	0.00410	1	0.06171	-0.01231	0.68986	0.00411	1	1.45898	0.81042	0	
1281155	8639.98730	3307199467996	0.49020	0.20913	8639.71289	0.25391	12199	0	0.50176	0.19667	1	0.47584	0.19461	1	0.48880	0.19564	1	0.47250	0.52867	11.78137	1.12845	1	0.73335	0.54879	13.10043	1.12845	1	-0.00716	-0.00859	0.70740	0.00403	1	0.06171	-0.01231	0.68986	0.00393	1	1.45898	0.81042	0	
1281156	8639.99414	3307199536239	0.48981	0.20673	8639.97363	0.02051	12200	1	0.50176	0.19667	1	0.47553	0.20236	1	0.48865	0.19952	1	0.47257	0.52968	11.99243	1.12845	1	0.73345	0.54856	13.22697	1.11977	1	-0.00691	-0.00824	0.67808	0.00367	1	0.06042	-0.01210	0.67489	0.00388	1	1.45898	0.81042	0	
1281157	8640.00098	3307199601175	0.49125	0.21318	8639.97363	0.02734	12200	1	0.51184	0.30348	1	0.48214	0.17454	1	0.49699	0.23901	1	0.47257	0.52979	12.14560	1.11068	1	0.73346	0.54847	12.97245	1.10200	1	-0.00691	-0.00824	0.67808	0.00359	1	0.06042	-0.01210	0.67489	0.00392	1	1.45898	0.81042	0	
1281158	8640.00684	3307199667015	0.49087	0.22352	8639.97363	0.03320	12200	1	0.50321	0.30344	1	0.47480	0.24692	1	0.48900	0.27518	1	0.47242	0.52970	11.92028	1.09292	1	0.73340	0.54848	13.15338	1.08424	1	-0.00691	-0.00824	0.67808	0.00360	1	0.06042	-0.01210	0.67489	0.00396	1	1.45898	0.81042	0	
1281159	8640.01465	3307199736804	0.49066	0.23194	8639.97363	0.04102	12200	1	0.50423	0.31041	1	0.47449	0.25456	1	0.48936	0.28249	1	0.47246	0.52964	11.86788	1.08424	1	0.73345	0.54822	12.72958	1.07556	1	-0.00716	-0.00859	0.70740	0.00365	1	0.06042	-0.01205	0.67489	0.00400	1	1.45898	0.81042	0	
1281160	8640.02148	3307199806013	0.49147	0.23646	8639.97363	0.04785	12200	1	0.50974	0.32784	1	0.48453	0.20829	1	0.49713	0.26807	1	0.47248	0.52959	12.12967	1.08464	1	0.73350	0.54833	12.82102	1.08464	1	-0.00716	-0.00859	0.70740	0.00365	1	0.06042	-0.01205	0.67489	0.00395	1	1.45898	0.81042	0	
1281161	8640.02734	3307199872306	0.49190	0.23672	8639.97363	0.05371	12200	1	0.50327	0.29373	1	0.48738	0.18392	1	0.49533	0.23883	1	0.47245	0.52964	11.97657	1.09373	1	0.73352	0.54834	12.90000	1.09373	1	-0.00716	-0.00859	0.70740	0.00363	1	0.06042	-0.01205	0.67489	0.00392	1	1.45898	0.81042	0	
1281162	8640.03418	3307199939805	0.49224	0.23693	8639.97363	0.06055	12200	1	0.50327	0.29373	1	0.48738	0.18392	1	0.49533	0.23883	1	0.47237	0.52968	11.78724	1.09373	1	0.73345	0.54850	13.10686	1.09373	1	-0.00679	-0.00817	0.67623	0.00365	1	0.06042	-0.01205	0.67489	0.00389	1	1.45898	0.81042	0	
1281163	8640.04102	3307200006714	0.49210	0.23184	8639.97363	0.06738	12200	1	0.49809	0.18316	1	0.48344	0.17875	1	0.49077	0.18095	1	0.47235	0.52835	11.75327	1.08464	1	0.73347	0.54835	12.87460	1.08464	1	-0.00679	-0.00817	0.67623	0.00417	1	0.06042	-0.01205	0.67489	0.00395	1	1.45898	0.81042	0	
1281164	8640.04785	3307200073451	0.49228	0.23591	8639.97363	0.07422	12200	1	0.51391	0.32391	1	0.47448	0.23737	1	0.49420	0.28064	1	0.47254	0.52983	12.02458	1.07556	1	0.73338	0.54864	12.93450	1.07556	1	-0.00679	-0.00817	0.67623	0.00368	1	0.06042	-0.01205	0.67489	0.00390	1	1.45898	0.81042	0	
1281165	8640.05469	3307200140330	0.49245	0.23994	8639.97363	0.08105	12200	1	0.51493	0.33115	1	0.47416	0.24551	1	0.49454	0.28833	1	0.47248	0.52986	12.10466	1.06647	1	0.73337	0.54852	12.89881	1.06647	1	-0.00679	-0.00817	0.67623	0.00361	1	0.06042	-0.01205	0.67489	0.00392	1	1.45898	0.81042	0	
1281166	8640.06152	3307200207478	0.49220	0.24087	8639.97363	0.08789	12200	1	0.50129	0.32776	1	0.47655	0.17817	1	0.48892	0.25296	1	0.47230	0.52968	11.86652	1.06647	1	0.73338	0.54811	12.81614	1.06647	1	-0.00679	-0.00817	0.67623	0.00362	1	0.06042	-0.01205	0.67489	0.00402	1	1.45898	0.81042	0	
1281167	8640.06836	3307200274152	0.49199	0.24543	8639.97363	0.09473	12200	1	0.49872	0.33281	1	0.47930	0.28576	1	0.48901	0.30929	1	0.47230	0.52971	11.76213	1.06647	1	0.73351	0.54879	13.33115	1.06647	1	-0.00679	-0.00817	0.67623	0.00361	1	0.06042	-0.01205	0.67489	0.00371	1	1.45898	0.81042	0	
1281168	8640.07422	3307200341168	0.49180	0.24942	8639.97363	0.10059	12200	1	0.49872	0.33281	1	0.47930	0.28576	1	0.48901	0.30929	1	0.47244	0.52920	11.95945	1.06647	1	0.73328	0.54874	13.26737	1.06647	1	-0.00679	-0.00817	0.67623	0.00378	1	0.06042	-0.01195	0.67489	0.00373	1	1.45898	0.81042	0	
1281169	8640.08105	3307200407685	0.49192	0.25199	8639.97363	0.10742	12200	1	0.50506	0.33391	1	0.48240	0.25214	1	0.49373	0.29303	1	0.47239	0.52965	11.99008	1.06647	1	0.73343	0.54829	12.93570	1.06647	1	-0.00679	-0.00817	0.67623	0.00362	1	0.06042	-0.01195	0.67489	0.00394	1	1.45898	0.81042	0	
1281170	8640.08789	3307200475234	0.49189	0.25321	8639.97363	0.11426	12200	1	0.50239	0.30918	1	0.48059	0.23883	1	0.49149	0.27401	1	0.47235	0.52945	11.75475	1.06647	1	0.73341	0.54819	12.98494	1.06647	1	-0.00679	-0.00817	0.67623	0.00366	1	0.06042	-0.01195	0.67489	0.00396	1	1.45898	0.81042	0	
1281171	8640.09473	3307200541635	0.49187	0.25431	8639.97363	0.12109	12200	1	0.50239	0.30918	1	0.48059	0.23883	1	0.49149	0.27401	1	0.47242	0.52975	11.83764	1.06647	1	0.73337	0.54807	12.93576	1.06647	1	-0.00676	-0.00817	0.67253	0.00361	1	0.06042	-0.01195	0.67489	0.00392	1	1.45898	0.81042	0	
1281172	8640.10156	3307200609274	0.49201	0.25804	8639.97363	0.12793	12200	1	0.52245	0.33650	1	0.46688	0.32143	1	0.49466	0.32896	1	0.47262	0.52988	12.55032	1.06647	1	0.73331	0.54897	13.23309	1.06647	1	-0.00676	-0.00817	0.67253	0.00362	1	0.06042	-0.01195	0.67489	0.00378	1	1.45898	0.81042	0	
1281173	8640.10840	3307200676071	0.49222	0.26011	8639.97363	0.13477	12200	1	0.52296	0.33363	1	0.46983	0.26953	1	0.49640	0.30158	1	0.47266	0.52985	12.26377	1.06647	1	0.73334	0.54837	13.05161	1.06647	1	-0.00676	-0.00817	0.67253	0.00363	1	0.06042	-0.01195	0.67489	0.00399	1	1.45898	0.81042	0	
1281174	8640.11426	3307200740658	0.49239	0.26165	8639.97363	0.14062	12200	1	0.52200	0.32641	1	0.47013	0.26160	1	0.49606	0.29401	1	0.47259	0.52977	12.25556	1.07556	1	0.73355	0.54728	12.78278	1.07556	1	-0.00724	-0.00864	0.71512	0.00365	1	0.06042	-0.01195	0.67489	0.00430	1	1.45898	0.81042	0	
1281175	8640.12109	3307200808143	0.49346	0.29046	8639.97363	0.14062	12200	0	0.52321	0.34777	1	0.48078	0.21110	1	0.50200	0.27944	1	0.47261	0.52997	12.47788	1.08464	1	0.73342	0.54818	12.93164	1.08464	1	-0.00724	-0.00864	0.71512	0.00355	1	0.06042	-0.01195	0.67489	0.00400	1	1.45898	0.81042	0	
1281176	8640.12793	3307200877252	0.49333	0.28652	8639.97363	0.14062	12200	0	0.52058	0.33817	1	0.46582	0.22699	1	0.49320	0.28258	1	0.47261	0.52988	12.19215	1.09373	1	0.73326	0.54829	12.85455	1.09373	1	-0.00724	-0.00864	0.71512	0.00370	1	0.06042	-0.01195	0.67489	0.00413	1	1.45898	0.81042	0	
1281177	8640.13477	3307200944158	0.49329	0.28521	8639.97363	0.14062	12200	0	0.52058	0.33817	1	0.46582	0.22699	1	0.49320	0.28258	1	0.47265	0.52980	12.01779	1.09373	1	0.73279	0.54926	13.74184	1.09373	1	-0.00697	-0.00825	0.68338	0.00376	1	0.06042	-0.01195	0.67489	0.00390	1	1.45898	0.81042	0	
1281178	8640.14160	3307201011056	0.48822	0.30095	8640.12109	0.02051	12201	1	0.51246	0.33086	1	0.43359	0.36549	1	0.47302	0.34817	1	0.47251	0.53000	12.20065	1.08464	1	0.73280	0.54924	13.76354	1.08464	1	-0.00697	-0.00825	0.68338	0.00365	1	0.06042	-0.01195	0.67489	0.00400	1	1.45898	0.81042	0	
1281179	8640.14844	3307201077856	0.48642	0.30800	8640.12109	0.02734	12201	1	0.51753	0.34522	1	0.44095	0.32720	1	0.47924	0.33621	1	0.47262	0.52977	12.09835	1.07556	1	0.73291	0.54921	13.74238	1.07556	1	-0.00697	-0.00825	0.68338	0.00368	1	0.06042	-0.01195	0.67489	0.00392	1	1.45898	0.81042	0	
1281180	8640.15527	3307201144904	0.48530	0.31390	8640.12109	0.03418	12201	1	0.51852	0.35228	1	0.44089	0.33456	1	0.47970	0.34342	1	0.47234	0.52926	11.85845	1.06647	1	0.73303	0.54924	13.62322	1.06647	1	-0.00697	-0.00825	0.68338	0.00362	1	0.06042	-0.01195	0.67489	0.00386	1	1.45898	0.81042	0	
1281181	8640.16113	3307201209573	0.48552	0.32288	8640.12109	0.04004	12201	1	0.52201	0.35180	1	0.45155	0.40175	1	0.48678	0.37677	1	0.47263	0.52964	12.30551	1.06647	1	0.73304	0.54929	13.62321	1.06647	1	-0.00697	-0.00825	0.68338	0.00362	1	0.06042	-0.01195	0.67489	0.00384	1	1.45898	0.81042	0	
1281182	8640.16797	3307201274565	0.48375	0.31547	8640.12109	0.04688	12201	1	0.49756	0.14515	1	0.44516	0.38202	1	0.47136	0.26359	1	0.47205	0.52759	12.16380	1.06647	1	0.73301	0.54925	13.63842	1.06647	1	-0.00697	-0.00825	0.68338	0.00249	1	0.06042	-0.01195	0.67489	0.00390	1	1.45898	0.81042	0	
1281183	8640.17480	3307201344669	0.48237	0.30971	8640.12109	0.05371	12201	1	0.49756	0.14515	1	0.44516	0.38202	1	0.47136	0.26359	1	0.47201	0.52759	12.19451	1.06647	1	0.73320	0.54932	13.82751	1.06647	1	-0.00697	-0.00825	0.68338	0.00246	1	0.06094	-0.01207	0.68185	0.00391	1	1.45898	0.81042	0	
1281184	8640.18164	3307201412922	0.48312	0.31139	8640.12109	0.06055	12201	1	0.51881	0.25632	1	0.46100	0.39667	1	0.48991	0.32650	1	0.47222	0.52895	11.86887	1.06647	1	0.73321	0.54932	13.75396	1.06647	1	-0.00697	-0.00825	0.68338	0.00390	1	0.06094	-0.01207	0.68185	0.00390	1	1.45898	0.81042	0	
1281185	8640.18848	3307201480152	0.48628	0.31527	8640.12109	0.06738	12201	1	0.57761	0.33728	1	0.45806	0.37084	1	0.51783	0.35406	1	0.47274	0.52975	12.26888	1.06647	1	0.73311	0.54912	13.55796	1.06647	1	-0.00697	-0.00825	0.68338	0.00365	1	0.06094	-0.01207	0.68185	0.00393	1	1.45898	0.81042	0	
1281186	8640.19531	3307201546656	0.48890	0.31875	8640.12109	0.07422	12201	1	0.57761	0.33728	1	0.45789	0.37679	1	0.51775	0.35703	1	0.47246	0.52973	13.03278	1.06647	1	0.73348	0.54849	12.94485	1.05881	1	-0.00697	-0.00825	0.68338	0.00371	1	0.05910	-0.01171	0.66178	0.00368	1	1.45898	0.81042	0	
1281187	8640.20215	3307201614073	0.48978	0.31967	8640.12109	0.08105	12201	1	0.51972	0.31820	1	0.48084	0.34323	1	0.50028	0.33071	1	0.47177	0.52962	12.21826	1.05881	1	0.73316	0.54864	13.65877	1.05115	1	-0.00697	-0.00825	0.68338	0.00363	1	0.05910	-0.01171	0.66178	0.00357	1	1.45898	0.81042	0	
1281188	8640.20898	3307201680610	0.49249	0.31969	8640.12109	0.08789	12201	1	0.55009	0.32494	1	0.50555	0.31494	1	0.52782	0.31994	1	0.47215	0.52967	12.70804	1.05115	1	0.73354	0.54813	13.08540	1.04349	1	-0.00697	-0.00825	0.68338	0.00361	1	0.05910	-0.01171	0.66178	0.00349	1	1.45898	0.81042	0	
1281189	8640.21484	3307201745658	0.49487	0.31941	8640.12109	0.09375	12201	1	0.54997	0.32378	1	0.50615	0.30719	1	0.52806	0.31548	1	0.47158	0.52965	11.74862	1.05258	1	0.73353	0.54852	12.68588	1.05258	1	-0.00731	-0.00854	0.71154	0.00364	1	0.06045	-0.01199	0.67749	0.00386	1	1.45898	0.81042	0	
1281190	8640.22168	3307201814739	0.49672	0.32052	8640.12109	0.10059	12201	1	0.54073	0.32748	1	0.50826	0.34699	1	0.52450	0.33724	1	0.47217	0.52964	11.38652	1.06166	1	0.73361	0.54893	13.04613	1.06932	1	-0.00731	-0.00854	0.71154	0.00361	1	0.06045	-0.01199	0.67749	0.00388	1	1.45898	0.81042	0	
1281191	8640.22852	3307201879644	0.49699	0.32112	8640.12109	0.10742	12201	1	0.51081	0.32346	1	0.49196	0.33814	1	0.50138	0.33080	1	0.47172	0.52957	12.18173	1.07841	1	0.73331	0.54879	12.19480	1.08607	1	-0.00731	-0.00854	0.71154	0.00362	1	0.06045	-0.01199	0.67749	0.00396	1	1.45898	0.81042	0	
1281192	8640.23535	3307201948820	0.49722	0.32132	8640.12109	0.11426	12201	1	0.50994	0.31737	1	0.49235	0.33204	1	0.50114	0.32470	1	0.47230	0.52998	12.77430	1.08607	1	0.73319	0.54897	12.15475	1.09373	1	-0.00705	-0.00817	0.68113	0.00362	1	0.06045	-0.01199	0.67749	0.00394	1	1.45898	0.81042	0	
1281193	8640.24219	3307202015798	0.49729	0.32136	8640.12109	0.12109	12201	1	0.53406	0.31765	1	0.46279	0.32641	1	0.49843	0.32203	1	0.47218	0.52984	12.69096	1.08464	1	0.73289	0.54852	12.10429	1.08464	1	-0.00705	-0.00817	0.68113	0.00364	1	0.06045	-0.01199	0.67749	0.00387	1	1.45898	0.81042	0	
1281194	8640.24902	3307202082614	0.49777	0.32058	8640.12109	0.12793	12201	1	0.51909	0.30523	1	0.49465	0.30608	1	0.50687	0.30565	1	0.47196	0.52955	12.58391	1.07556	1	0.73333	0.54855	12.78935	1.07556	1	-0.00705	-0.00817	0.68113	0.00360	1	0.06045	-0.01199	0.67749	0.00380	1	1.45898	0.81042	0	
1281195	8640.25586	3307202149377	0.49820	0.31986	8640.12109	0.13477	12201	1	0.51909	0.30523	1	0.49465	0.30608	1	0.50687	0.30565	1	0.47175	0.52959	12.24171	1.07556	1	0.73230	0.54902	13.30782	1.07556	1	-0.00741	-0.00859	0.71119	0.00360	1	0.06045	-0.01199	0.67749	0.00400	1	1.45898	0.81042	0	
1281196	8640.26172	3307202214294	0.49786	0.32021	8640.12109	0.14062	12201	1	0.50763	0.28512	1	0.47367	0.36972	1	0.49065	0.32742	1	0.47165	0.52950	12.06408	1.08464	1	0.73266	0.54892	13.61139	1.08464	1	-0.00741	-0.00859	0.71119	0.00371	1	0.06045	-0.01199	0.67749	0.00370	1	1.45898	0.81042	0	
1281197	8640.26855	3307202281104	0.49707	0.31990	8640.12109	0.14746	12201	1	0.50132	0.31096	1	0.45841	0.31517	1	0.47987	0.31306	1	0.47159	0.52959	11.93295	1.09373	1	0.73239	0.54861	13.34929	1.09373	1	-0.00741	-0.00859	0.71119	0.00366	1	0.06045	-0.01199	0.67749	0.00371	1	1.45898	0.81042	0	
1281198	8640.27539	3307202346711	0.49634	0.31931	8640.12109	0.15430	12201	1	0.50024	0.30373	1	0.45860	0.30782	1	0.47942	0.30577	1	0.47162	0.52967	11.93519	1.10281	1	0.73245	0.54848	13.23012	1.10281	1	-0.00730	-0.00851	0.70003	0.00363	1	0.06045	-0.01199	0.67749	0.00368	1	1.45898	0.81042	0	
1281199	8640.28223	3307202414294	0.49570	0.31736	8640.12109	0.16113	12201	1	0.49661	0.30844	1	0.46418	0.23282	1	0.48040	0.27063	1	0.47151	0.52976	11.90267	1.10281	1	0.73243	0.54845	13.24215	1.10281	1	-0.00730	-0.00851	0.70003	0.00360	1	0.06045	-0.01199	0.67749	0.00365	1	1.45898	0.81042	0	
1281200	8640.28906	3307202482524	0.49584	0.31647	8640.12109	0.16797	12201	1	0.52222	0.31684	1	0.47630	0.27147	1	0.49926	0.29415	1	0.47192	0.52980	12.20630	1.10281	1	0.73259	0.54844	12.98730	1.10281	1	-0.00730	-0.00851	0.70003	0.00359	1	0.06045	-0.01199	0.67749	0.00382	1	1.45898	0.81042	0	
1281201	8640.29492	3307202548330	0.49598	0.31592	8640.12109	0.17383	12201	1	0.52315	0.32395	1	0.47596	0.27913	1	0.49956	0.30154	1	0.47199	0.52980	12.08037	1.09373	1	0.73269	0.54821	13.12806	1.09373	1	-0.00719	-0.00832	0.68506	0.00367	1	0.06045	-0.01199	0.67749	0.00358	1	1.45898	0.81042	0	
1281202	8640.30176	3307202616582	0.49594	0.31489	8640.12109	0.18066	12201	1	0.50943	0.30561	1	0.48072	0.26897	1	0.49507	0.28729	1	0.47174	0.52949	12.10297	1.08464	1	0.73270	0.54821	13.24208	1.08464	1	-0.00719	-0.00832	0.68506	0.00350	1	0.06045	-0.01199	0.67749	0.00363	1	1.45898	0.81042	0	
1281203	8640.30859	3307202682658	0.49583	0.31168	8640.12109	0.18750	12201	1	0.50641	0.16454	1	0.47889	0.27868	1	0.49265	0.22161	1	0.47130	0.52774	12.40717	1.07556	1	0.73268	0.54834	13.31976	1.07556	1	-0.00719	-0.00832	0.68506	0.00247	1	0.06045	-0.01199	0.67749	0.00355	1	1.45898	0.81042	0	
1281204	8640.31543	3307202748746	0.49574	0.30895	8640.12109	0.19434	12201	1	0.50747	0.17314	1	0.47853	0.28648	1	0.49300	0.22981	1	0.47136	0.52884	11.84895	1.06647	1	0.73236	0.54903	13.28051	1.06647	1	-0.00719	-0.00832	0.68506	0.00395	1	0.06045	-0.01199	0.67749	0.00381	1	1.45898	0.81042	0	
1281205	8640.32227	3307202816657	0.49583	0.30920	8640.12109	0.20117	12201	1	0.54265	0.31515	1	0.45450	0.31833	1	0.49857	0.31674	1	0.47144	0.52948	12.09813	1.06647	1	0.73224	0.54859	13.66730	1.06647	1	-0.00719	-0.00832	0.68506	0.00372	1	0.06045	-0.01199	0.67749	0.00363	1	1.45898	0.81042	0	
1281206	8640.32910	3307202886315	0.49664	0.30770	8640.12109	0.20801	12201	1	0.54078	0.29560	1	0.50298	0.22655	1	0.52188	0.26108	1	0.47137	0.52934	11.76363	1.06647	1	0.73266	0.54745	12.63831	1.06647	1	-0.00719	-0.00832	0.68506	0.00378	1	0.06045	-0.01199	0.67749	0.00447	1	1.45898	0.81042	0	
1281207	8640.33594	3307202953289	0.49741	0.30628	8640.12109	0.21484	12201	1	0.54078	0.29560	1	0.50298	0.22655	1	0.52188	0.26108	1	0.47127	0.52963	11.82695	1.06647	1	0.73208	0.54901	12.76067	1.06647	1	-0.00719	-0.00832	0.68506	0.00373	1	0.06038	-0.01202	0.67899	0.00391	1	1.45898	0.81042	0	
1281208	8640.34277	3307203022241	0.49654	0.27698	8640.12109	0.21484	12201	0	0.50817	0.22416	1	0.48557	0.29775	1	0.49687	0.26096	1	0.47096	0.52894	12.07593	1.06647	1	0.73236	0.54830	12.95917	1.06647	1	-0.00719	-0.00832	0.68506	0.00386	1	0.06038	-0.01202	0.67899	0.00365	1	1.45898	0.81042	0	
1281209	8640.34863	3307203085793	0.49845	0.27852	8640.12109	0.21484	12201	0	0.52499	0.26921	1	0.47573	0.29093	1	0.50036	0.28007	1	0.47113	0.52942	12.46903	1.06647	1	0.73229	0.54819	12.92621	1.06647	1	-0.00719	-0.00832	0.68506	0.00386	1	0.06038	-0.01202	0.67899	0.00363	1	1.45898	0.81042	0	
1281210	8640.35547	3307203154049	0.49898	0.27645	8640.12109	0.21484	12201	0	0.52405	0.26145	1	0.47607	0.28317	1	0.50006	0.27231	1	0.47097	0.52946	12.06752	1.07556	1	0.73166	0.54836	13.20316	1.07556	1	-0.00759	-0.00860	0.70759	0.00370	1	0.06038	-0.01202	0.67899	0.00377	1	1.45898	0.81042	0	
1281211	8640.36230	3307203218718	0.49522	0.27926	8640.34277	0.01953	12202	1	0.50903	0.27427	1	0.45880	0.30111	1	0.48391	0.28769	1	0.47091	0.52977	12.16856	1.08464	1	0.73156	0.54848	13.39692	1.08464	1	-0.00759	-0.00860	0.70759	0.00371	1	0.06038	-0.01202	0.67899	0.00375	1	1.45898	0.81042	0	
1281212	8640.36914	3307203288851	0.49554	0.27776	8640.34277	0.02637	12202	1	0.52263	0.27263	1	0.47101	0.27091	1	0.49682	0.27177	1	0.47114	0.52986	12.39845	1.09373	1	0.73175	0.54839	13.60419	1.09373	1	-0.00759	-0.00860	0.70759	0.00371	1	0.06038	-0.01202	0.67899	0.00367	1	1.45898	0.81042	0	
1281213	8640.37598	3307203352573	0.49575	0.27676	8640.34277	0.03320	12202	1	0.52263	0.27263	1	0.47101	0.27091	1	0.49682	0.27177	1	0.47078	0.52925	11.81139	1.09373	1	0.73173	0.54825	13.34175	1.09373	1	-0.00733	-0.00825	0.67906	0.00370	1	0.06038	-0.01202	0.67899	0.00367	1	1.45898	0.81042	0	
1281214	8640.38281	3307203419889	0.49662	0.27934	8640.34277	0.04004	12202	1	0.53570	0.30778	1	0.46794	0.28188	1	0.50182	0.29483	1	0.47091	0.52994	12.15131	1.08464	1	0.73172	0.54830	13.25191	1.08464	1	-0.00733	-0.00825	0.67906	0.00384	1	0.06038	-0.01202	0.67899	0.00376	1	1.45898	0.81042	0	
1281215	8640.38867	3307203485581	0.49684	0.28013	8640.34277	0.04590	12202	1	0.54414	0.25095	1	0.45265	0.32028	1	0.49839	0.28562	1	0.47101	0.52944	12.59507	1.07556	1	0.73147	0.54857	13.69640	1.07556	1	-0.00733	-0.00825	0.67906	0.00371	1	0.06038	-0.01202	0.67899	0.00380	1	1.45898	0.81042	0	
1281216	8640.39551	3307203552990	0.49705	0.28159	8640.34277	0.05273	12202	1	0.54493	0.25879	1	0.45250	0.32771	1	0.49872	0.29325	1	0.46989	0.52801	12.45877	1.06647	1	0.73110	0.54837	13.39925	1.06647	1	-0.00733	-0.00825	0.67906	0.00249	1	0.06047	-0.01208	0.68232	0.00385	1	1.45898	0.81042	0	
1281217	8640.40234	3307203622944	0.49486	0.27630	8640.34277	0.05957	12202	1	0.49089	0.15674	1	0.45949	0.30077	1	0.47519	0.22875	1	0.46984	0.52809	12.35082	1.06647	1	0.73118	0.54820	13.35888	1.06647	1	-0.00733	-0.00825	0.67906	0.00247	1	0.06047	-0.01208	0.68232	0.00390	1	1.45898	0.81042	0	
1281218	8640.40918	3307203686903	0.49342	0.27174	8640.34277	0.06641	12202	1	0.50243	0.14784	1	0.45547	0.30441	1	0.47895	0.22612	1	0.46997	0.52795	12.45677	1.06647	1	0.73116	0.54829	13.12637	1.06647	1	-0.00733	-0.00825	0.67906	0.00255	1	0.06047	-0.01208	0.68232	0.00424	1	1.45898	0.81042	0	
1281219	8640.41602	3307203757266	0.49221	0.26794	8640.34277	0.07324	12202	1	0.50243	0.14784	1	0.45547	0.30441	1	0.47895	0.22612	1	0.46997	0.52795	12.55357	1.06647	1	0.73124	0.54833	12.85831	1.06647	1	-0.00733	-0.00825	0.67906	0.00244	1	0.06047	-0.01208	0.68232	0.00403	1	1.45898	0.81042	0	
1281220	8640.42285	3307203824205	0.49127	0.27041	8640.34277	0.08008	12202	1	0.51267	0.29978	1	0.44740	0.30042	1	0.48003	0.30010	1	0.47015	0.52963	12.23479	1.06647	1	0.73108	0.54837	13.18727	1.06647	1	-0.00733	-0.00825	0.67906	0.00367	1	0.06047	-0.01208	0.68232	0.00378	1	1.45898	0.81042	0	
1281221	8640.42969	3307203891566	0.48881	0.26904	8640.34277	0.08691	12202	1	0.48661	0.14603	1	0.42689	0.35630	1	0.45675	0.25117	1	0.46991	0.52804	12.37636	1.06647	1	0.73112	0.54892	13.45092	1.06647	1	-0.00733	-0.00825	0.67906	0.00250	1	0.06047	-0.01208	0.68232	0.00395	1	1.45898	0.81042	0	
1281222	8640.43652	3307203958670	0.48667	0.26785	8640.34277	0.09375	12202	1	0.48661	0.14603	1	0.42689	0.35630	1	0.45675	0.25117	1	0.47001	0.52808	12.32089	1.06647	1	0.73104	0.54887	13.45489	1.06647	1	-0.00733	-0.00825	0.67906	0.00241	1	0.06047	-0.01208	0.68232	0.00396	1	1.45898	0.81042	0	
1281223	8640.44336	3307204023959	0.48449	0.26687	8640.34277	0.10059	12202	1	0.48273	0.16465	1	0.42077	0.33970	1	0.45175	0.25218	1	0.47009	0.52810	12.02738	1.06647	1	0.73103	0.54874	13.32694	1.06647	1	-0.00733	-0.00825	0.67906	0.00255	1	0.06047	-0.01208	0.68232	0.00418	1	1.45898	0.81042	0	
1281224	8640.44922	3307204091793	0.48230	0.26598	8640.34277	0.10645	12202	1	0.48588	0.13851	1	0.40867	0.36492	1	0.44727	0.25172	1	0.47010	0.52791	12.44923	1.06647	1	0.73085	0.54910	13.52746	1.06647	1	-0.00733	-0.00825	0.67906	0.00249	1	0.06047	-0.01208	0.68232	0.00400	1	1.45898	0.81042	0	
1281225	8640.45605	3307204160246	0.48035	0.26518	8640.34277	0.11328	12202	1	0.48588	0.13851	1	0.40867	0.36492	1	0.44727	0.25172	1	0.47011	0.52901	11.94744	1.06647	1	0.73087	0.54925	13.47968	1.06647	1	-0.00733	-0.00825	0.67906	0.00382	1	0.06037	-0.01204	0.67998	0.00397	1	1.45898	0.81042	0	
1281226	8640.46289	3307204226822	0.47871	0.26365	8640.34277	0.12012	12202	1	0.48311	0.12568	1	0.41530	0.34644	1	0.44921	0.23606	1	0.47014	0.52785	12.45643	1.06647	1	0.73091	0.54884	13.32225	1.06647	1	-0.00733	-0.00825	0.67906	0.00245	1	0.06037	-0.01204	0.67998	0.00421	1	1.45898	0.81042	0	
1281227	8640.46973	3307204293275	0.47768	0.26278	8640.34277	0.12695	12202	1	0.48524	0.13523	1	0.43076	0.35707	1	0.45800	0.24615	1	0.47005	0.52790	12.45994	1.06647	1	0.73117	0.54882	14.07443	1.06647	1	-0.00733	-0.00825	0.67906	0.00241	1	0.06037	-0.01204	0.67998	0.00387	1	1.45898	0.81042	0	
1281228	8640.47656	3307204360177	0.47674	0.26198	8640.34277	0.13379	12202	1	0.48524	0.13523	1	0.43076	0.35707	1	0.45800	0.24615	1	0.47024	0.52800	12.53064	1.06647	1	0.73128	0.54881	14.14254	1.06647	1	-0.00733	-0.00825	0.67906	0.00253	1	0.06038	-0.01202	0.67899	0.00388	1	1.45898	0.81042	0	
1281229	8640.48340	3307204427139	0.47644	0.26056	8640.34277	0.14062	12202	1	0.49246	0.13902	1	0.44780	0.32241	1	0.47013	0.23072	1	0.47024	0.52800	12.53064	1.06647	1	0.73149	0.54860	13.32583	1.06647	1	-0.00733	-0.00825	0.67906	0.00253	1	0.06038	-0.01202	0.67899	0.00393	1	1.45898	0.81042	0	
1281230	8640.49023	3307204493898	0.47592	0.25968	8640.34277	0.14746	12202	1	0.48272	0.14703	1	0.44636	0.33339	1	0.46454	0.24021	1	0.47010	0.52797	12.35771	1.06647	1	0.73143	0.54864	12.63374	1.06647	1	-0.00733	-0.00825	0.67906	0.00247	1	0.06038	-0.01202	0.67899	0.00389	1	1.45898	0.81042	0	
1281231	8640.49609	3307204560746	0.47545	0.25887	8640.34277	0.15332	12202	1	0.48272	0.14703	1	0.44636	0.33339	1	0.46454	0.24021	1	0.47019	0.52783	12.51415	1.06647	1	0.73153	0.54858	12.75196	1.06647	1	-0.00733	-0.00825	0.67906	0.00241	1	0.06038	-0.01202	0.67899	0.00390	1	1.45898	0.81042	0	
1281232	8640.50293	3307204627470	0.47577	0.25831	8640.34277	0.16016	12202	1	0.50108	0.14867	1	0.46600	0.34100	1	0.48354	0.24483	1	0.47038	0.52808	12.08949	1.06647	1	0.73174	0.54859	13.44537	1.06647	1	-0.00733	-0.00825	0.67906	0.00252	1	0.06038	-0.01202	0.67899	0.00384	1	1.45898	0.81042	0	
1281233	8640.50977	3307204695537	0.47582	0.25722	8640.34277	0.16699	12202	1	0.48831	0.15951	1	0.46595	0.30083	1	0.47713	0.23017	1	0.47016	0.52809	12.04214	1.06647	1	0.73167	0.54845	13.18062	1.06647	1	-0.00733	-0.00825	0.67906	0.00250	1	0.06038	-0.01202	0.67899	0.00388	1	1.45898	0.81042	0	
1281234	8640.51660	3307204761877	0.47586	0.25592	8640.34277	0.17383	12202	1	0.48711	0.15079	1	0.46621	0.29316	1	0.47666	0.22197	1	0.47033	0.52794	12.67972	1.07556	1	0.73176	0.54878	13.05694	1.07556	1	-0.00759	-0.00860	0.70759	0.00246	1	0.06038	-0.01202	0.67899	0.00378	1	1.45898	0.81042	0	
1281235	8640.52344	3307204830242	0.47537	0.25691	8640.34277	0.18066	12202	1	0.49088	0.29757	1	0.43338	0.27002	1	0.46213	0.28380	1	0.47061	0.52986	11.87737	1.08464	1	0.73121	0.54882	13.84190	1.08464	1	-0.00759	-0.00860	0.70759	0.00370	1	0.06038	-0.01202	0.67899	0.00388	1	1.45898	0.81042	0	
1281236	8640.53027	3307204897016	0.47563	0.25771	8640.34277	0.18750	12202	1	0.49778	0.28203	1	0.46819	0.27809	1	0.48299	0.28006	1	0.47064	0.52985	11.94017	1.09373	1	0.73176	0.54891	13.11709	1.09373	1	-0.00759	-0.00860	0.70759	0.00366	1	0.06038	-0.01202	0.67899	0.00384	1	1.45898	0.81042	0	
1281237	8640.53711	3307204963631	0.47586	0.25820	8640.34277	0.19434	12202	1	0.49668	0.27455	1	0.46847	0.27042	1	0.48257	0.27249	1	0.47058	0.52969	11.34032	1.10281	1	0.73174	0.54862	13.74113	1.10281	1	-0.00759	-0.00860	0.70759	0.00380	1	0.06038	-0.01202	0.67899	0.00372	1	1.45898	0.81042	0	
1281238	8640.54297	3307205028427	0.47603	0.25540	8640.34277	0.20020	12202	1	0.47616	0.12957	1	0.48637	0.21269	1	0.48126	0.17113	1	0.47045	0.52803	12.16191	1.10281	1	0.73202	0.54823	13.15777	1.10281	1	-0.00759	-0.00860	0.70759	0.00240	1	0.06038	-0.01202	0.67899	0.00375	1	1.45898	0.81042	0	
1281239	8640.54980	3307205095650	0.47589	0.25235	8640.34277	0.20703	12202	1	0.46806	0.10918	1	0.47456	0.20650	1	0.47131	0.15784	1	0.47043	0.52794	12.44809	1.10281	1	0.73185	0.54816	13.37697	1.10281	1	-0.00759	-0.00860	0.70759	0.00239	1	0.06038	-0.01202	0.67899	0.00382	1	1.45898	0.81042	0	
1281240	8640.55664	3307205164451	0.47576	0.24974	8640.34277	0.21387	12202	1	0.46936	0.11804	1	0.47424	0.21470	1	0.47180	0.16637	1	0.47049	0.52791	12.36006	1.09373	1	0.73196	0.54886	13.47819	1.09373	1	-0.00730	-0.00833	0.68572	0.00244	1	0.06038	-0.01202	0.67899	0.00379	1	1.45898	0.81042	0	
1281241	8640.56348	3307205232024	0.47597	0.24862	8640.34277	0.22070	12202	1	0.48031	0.13687	1	0.48544	0.28631	1	0.48288	0.21159	1	0.47052	0.52802	12.16989	1.08464	1	0.73203	0.54881	13.66614	1.08464	1	-0.00730	-0.00833	0.68572	0.00246	1	0.06038	-0.01202	0.67899	0.00378	1	1.45898	0.81042	0	
1281242	8640.57031	3307205297940	0.47589	0.24844	8640.34277	0.22754	12202	1	0.48454	0.15164	1	0.46188	0.33291	1	0.47321	0.24227	1	0.47051	0.52798	12.10913	1.07556	1	0.73199	0.54880	13.36905	1.07556	1	-0.00730	-0.00833	0.68572	0.00245	1	0.06038	-0.01202	0.67899	0.00384	1	1.45898	0.81042	0	
1281243	8640.57715	3307205364966	0.47583	0.24849	8640.34277	0.23438	12202	1	0.48575	0.16035	1	0.46166	0.34023	1	0.47370	0.25029	1	0.47058	0.52789	12.40532	1.06647	1	0.73181	0.54893	13.30666	1.06647	1	-0.00719	-0.00832	0.68506	0.00250	1	0.06038	-0.01202	0.67899	0.00404	1	1.45898	0.81042	0	
1281244	8640.58301	3307205429698	0.47539	0.24998	8640.34277	0.24023	12202	1	0.49727	0.21538	1	0.42200	0.39207	1	0.45963	0.30373	1	0.47075	0.52903	12.03853	1.06647	1	0.73182	0.54922	13.53350	1.06647	1	-0.00719	-0.00832	0.68506	0.00377	1	0.06038	-0.01202	0.67899	0.00396	1	1.45898	0.81042	0	
1281245	8640.59082	3307205498948	0.47483	0.25197	8640.34277	0.24805	12202	1	0.47866	0.27003	1	0.42950	0.38077	1	0.45408	0.32540	1	0.47079	0.52936	11.72600	1.06647	1	0.73191	0.54914	13.53842	1.06647	1	-0.00719	-0.00832	0.68506	0.00392	1	0.06038	-0.01202	0.67899	0.00396	1	1.45898	0.81042	0	
1281246	8640.59668	3307205565752	0.47430	0.25377	8640.34277	0.25391	12202	1	0.47866	0.27003	1	0.42946	0.37412	1	0.45406	0.32208	1	0.47075	0.52957	11.69757	1.06647	1	0.73162	0.54922	13.62270	1.07515	1	-0.00710	-0.00816	0.67588	0.00351	1	0.06252	-0.01243	0.70240	0.00396	1	1.45898	0.81042	0	
1281247	8640.60352	3307205633026	0.47399	0.25563	8640.34277	0.26074	12202	1	0.51103	0.32586	1	0.41246	0.33116	1	0.46174	0.32851	1	0.47124	0.52975	12.45352	1.07515	1	0.73166	0.54882	13.46216	1.08383	1	-0.00710	-0.00816	0.67588	0.00362	1	0.06252	-0.01243	0.70240	0.00420	1	1.45898	0.81042	0	
1281248	8640.61035	3307205699998	0.47348	0.25701	8640.34277	0.26758	12202	1	0.49073	0.29941	1	0.41606	0.32498	1	0.45339	0.31220	1	0.47107	0.52955	12.25197	1.08383	1	0.73170	0.54891	13.53579	1.09251	1	-0.00710	-0.00816	0.67588	0.00361	1	0.06252	-0.01243	0.70240	0.00391	1	1.45898	0.81042	0	
1281249	8640.61719	3307205767646	0.47299	0.25824	8640.34277	0.27441	12202	1	0.48961	0.29234	1	0.41606	0.32498	1	0.45284	0.30866	1	0.47137	0.52949	11.60896	1.09251	1	0.73247	0.54785	12.04770	1.09251	1	-0.00710	-0.00816	0.67588	0.00370	1	0.06045	-0.01199	0.67749	0.00412	1	1.45898	0.81042	0	
1281250	8640.62402	3307205833944	0.47337	0.25867	8640.34277	0.28125	12202	1	0.50844	0.29273	1	0.46973	0.26072	1	0.48909	0.27673	1	0.47166	0.52956	11.48889	1.09251	1	0.73259	0.54809	13.22202	1.08383	1	-0.00710	-0.00816	0.67588	0.00381	1	0.06045	-0.01199	0.67749	0.00381	1	1.45898	0.81042	0	
1281251	8640.63086	3307205900429	0.47372	0.25958	8640.34277	0.28809	12202	1	0.50109	0.33507	1	0.47641	0.26238	1	0.48875	0.29873	1	0.47150	0.52966	11.67085	1.08383	1	0.73269	0.54801	13.20875	1.07515	1	-0.00710	-0.00816	0.67588	0.00374	1	0.06045	-0.01199	0.67749	0.00383	1	1.45898	0.81042	0	
1281252	8640.63770	3307205967990	0.46934	0.28988	8640.34277	0.28809	12202	0	0.50104	0.33475	1	0.47643	0.26203	1	0.48873	0.29839	1	0.47121	0.52757	12.45580	1.08424	1	0.73227	0.54842	13.82022	1.07556	1	-0.00730	-0.00840	0.70002	0.00241	1	0.06045	-0.01199	0.67749	0.00380	1	1.45898	0.81042	0	
1281253	8640.64355	3307206034887	0.46974	0.23960	8640.34277	0.28809	12202	0	0.47360	0.11465	1	0.46668	0.26401	1	0.47014	0.18933	1	0.47121	0.52736	12.25631	1.08464	1	0.73258	0.54801	13.75695	1.08464	1	-0.00730	-0.00840	0.70002	0.00255	1	0.06045	-0.01199	0.67749	0.00371	1	1.45898	0.81042	0	
1281254	8640.65039	3307206101867	0.47861	0.25135	8640.34277	0.28809	12202	0	0.51252	0.28967	1	0.48019	0.26004	1	0.49636	0.27486	1	0.47172	0.52933	12.00215	1.09373	1	0.73273	0.54808	13.29287	1.09373	1	-0.00730	-0.00840	0.70002	0.00370	1	0.06045	-0.01199	0.67749	0.00372	1	1.45898	0.81042	0	
1281255	8640.65723	3307206167937	0.48301	0.25805	8640.63770	0.01953	12203	1	0.51252	0.28967	1	0.47988	0.26664	1	0.49620	0.27815	1	0.47180	0.52883	12.25070	1.09373	1	0.73266	0.54838	13.31102	1.08607	1	-0.00697	-0.00815	0.68338	0.00383	1	0.05910	-0.01171	0.66178	0.00377	1	1.45898	0.81042	0	
1281256	8640.66406	3307206235572	0.48104	0.26106	8640.63770	0.02637	12203	1	0.51967	0.28067	1	0.42664	0.26554	1	0.47316	0.27310	1	0.47177	0.52872	12.17823	1.07698	1	0.73261	0.54824	13.41848	1.06932	1	-0.00697	-0.00815	0.68338	0.00392	1	0.05910	-0.01171	0.66178	0.00379	1	1.45898	0.81042	0	
1281257	8640.67090	3307206303344	0.47731	0.26786	8640.63770	0.03320	12203	1	0.49241	0.30591	1	0.42496	0.29775	1	0.45869	0.30183	1	0.47173	0.52871	12.02597	1.06024	1	0.73264	0.54816	13.27685	1.05258	1	-0.00697	-0.00815	0.68338	0.00401	1	0.05910	-0.01171	0.66178	0.00398	1	1.45898	0.81042	0	
1281258	8640.67773	3307206369106	0.47481	0.27425	8640.63770	0.04004	12203	1	0.49460	0.31974	1	0.42504	0.30551	1	0.45982	0.31263	1	0.47153	0.52723	11.80978	1.04349	1	0.73257	0.54847	13.47704	1.04349	1	-0.00697	-0.00815	0.68338	0.00248	1	0.06045	-0.01199	0.67749	0.00377	1	1.45898	0.81042	0	
1281259	8640.68359	3307206435806	0.47129	0.27188	8640.63770	0.04590	12203	1	0.47022	0.17260	1	0.42301	0.33794	1	0.44662	0.25527	1	0.47154	0.52722	12.04466	1.04349	1	0.73259	0.54848	13.46957	1.05115	1	-0.00697	-0.00815	0.68338	0.00247	1	0.06045	-0.01199	0.67749	0.00382	1	1.45898	0.81042	0	
1281260	8640.69043	3307206503201	0.46900	0.27158	8640.63770	0.05273	12203	1	0.47874	0.18259	1	0.42259	0.35582	1	0.45066	0.26920	1	0.47163	0.52723	11.95779	1.05115	1	0.73261	0.54886	13.47458	1.05881	1	-0.00697	-0.00815	0.68338	0.00248	1	0.06045	-0.01199	0.67749	0.00395	1	1.45898	0.81042	0	
1281261	8640.69727	3307206568324	0.46711	0.27068	8640.63770	0.05957	12203	1	0.47766	0.17529	1	0.42251	0.34973	1	0.45008	0.26251	1	0.47199	0.52722	12.38174	1.05881	1	0.73308	0.54826	13.91080	1.06647	1	-0.00697	-0.00815	0.68338	0.00247	1	0.06042	-0.01195	0.67489	0.00381	1	1.45898	0.81042	0	
1281262	8640.70410	3307206637319	0.46978	0.27264	8640.63770	0.06641	12203	1	0.51840	0.33552	1	0.47472	0.24907	1	0.49656	0.29229	1	0.47254	0.52903	12.34958	1.06647	1	0.73342	0.54804	13.61440	1.06647	1	-0.00697	-0.00815	0.68338	0.00383	1	0.06042	-0.01195	0.67489	0.00375	1	1.45898	0.81042	0	
1281263	8640.71094	3307206704444	0.47186	0.27394	8640.63770	0.07324	12203	1	0.51960	0.30491	1	0.46975	0.27165	1	0.49468	0.28828	1	0.47263	0.52887	12.30023	1.06647	1	0.73340	0.54813	13.65880	1.06647	1	-0.00697	-0.00815	0.68338	0.00382	1	0.06042	-0.01195	0.67489	0.00376	1	1.45898	0.81042	0	
1281264	8640.71777	3307206771254	0.47361	0.27505	8640.63770	0.08008	12203	1	0.51960	0.30491	1	0.46975	0.27165	1	0.49468	0.28828	1	0.47230	0.52864	11.94865	1.06647	1	0.73332	0.54858	13.56644	1.06647	1	-0.00672	-0.00804	0.67854	0.00396	1	0.06042	-0.01195	0.67489	0.00371	1	1.45898	0.81042	0	
1281265	8640.72461	3307206838377	0.47454	0.27875	8640.63770	0.08691	12203	1	0.52486	0.35628	1	0.44827	0.29758	1	0.48656	0.32693	1	0.47259	0.52948	12.14562	1.06647	1	0.73340	0.54834	13.46405	1.06647	1	-0.00672	-0.00804	0.67854	0.00372	1	0.06042	-0.01195	0.67489	0.00370	1	1.45898	0.81042	0	
1281266	8640.73145	3307206904793	0.47468	0.28079	8640.63770	0.09375	12203	1	0.50201	0.30429	1	0.45125	0.31432	1	0.47663	0.30931	1	0.47233	0.52886	11.84974	1.06647	1	0.73340	0.54839	13.39608	1.06647	1	-0.00672	-0.00804	0.67854	0.00396	1	0.06042	-0.01195	0.67489	0.00371	1	1.45898	0.81042	0	
1281267	8640.73730	3307206973009	0.47480	0.28257	8640.63770	0.09961	12203	1	0.50201	0.30429	1	0.45125	0.31432	1	0.47663	0.30931	1	0.47250	0.52900	12.07470	1.06647	1	0.73329	0.54889	13.39422	1.06647	1	-0.00672	-0.00804	0.67854	0.00394	1	0.06042	-0.01195	0.67489	0.00393	1	1.45898	0.81042	0	
1281268	8640.74414	3307207039908	0.47480	0.28529	8640.63770	0.10645	12203	1	0.50853	0.30168	1	0.44120	0.35598	1	0.47486	0.32883	1	0.47244	0.52914	11.85493	1.06647	1	0.73329	0.54889	13.39422	1.06647	1	-0.00672	-0.00804	0.67854	0.00378	1	0.06042	-0.01195	0.67489	0.00393	1	1.45898	0.81042	0	
1281269	8640.75098	3307207105740	0.47548	0.28761	8640.63770	0.11328	12203	1	0.52084	0.32501	1	0.45325	0.32913	1	0.48705	0.32707	1	0.47257	0.52926	12.07516	1.06647	1	0.73349	0.54870	13.00206	1.06647	1	-0.00672	-0.00804	0.67854	0.00375	1	0.06042	-0.01195	0.67489	0.00392	1	1.45898	0.81042	0	
1281270	8640.75684	3307207166462	0.47609	0.28969	8640.63770	0.11914	12203	1	0.52084	0.32501	1	0.45325	0.32913	1	0.48705	0.32707	1	0.47248	0.52919	11.94712	1.06647	1	0.73355	0.54835	13.11651	1.06647	1	-0.00672	-0.00814	0.67855	0.00380	1	0.06042	-0.01195	0.67489	0.00363	1	1.45898	0.81042	0	
1281271	8640.76367	3307207235783	0.47635	0.29018	8640.63770	0.12598	12203	1	0.50086	0.27164	1	0.46140	0.32748	1	0.48113	0.29956	1	0.47236	0.52912	11.87514	1.06647	1	0.73360	0.54856	13.18095	1.06647	1	-0.00672	-0.00814	0.67855	0.00380	1	0.06042	-0.01195	0.67489	0.00394	1	1.45898	0.81042	0	
1281272	8640.77051	3307207305050	0.47642	0.29047	8640.63770	0.13281	12203	1	0.50864	0.27405	1	0.44734	0.31846	1	0.47799	0.29625	1	0.47247	0.52887	11.92001	1.06647	1	0.73330	0.54866	12.74808	1.06647	1	-0.00672	-0.00814	0.67855	0.00381	1	0.06042	-0.01195	0.67489	0.00393	1	1.45898	0.81042	0	
1281273	8640.77832	3307207375144	0.47649	0.29074	8640.63770	0.14062	12203	1	0.50864	0.27405	1	0.44734	0.31846	1	0.47799	0.29625	1	0.47223	0.52924	12.05110	1.06647	1	0.73393	0.54827	13.81388	1.06647	1	-0.00669	-0.00806	0.67598	0.00379	1	0.06042	-0.01195	0.67489	0.00362	1	1.45898	0.81042	0	
1281274	8640.78418	3307207441425	0.47635	0.29235	8640.63770	0.14648	12203	1	0.49900	0.30300	1	0.44734	0.35258	1	0.47317	0.32779	1	0.47230	0.52919	11.93977	1.06647	1	0.73339	0.54888	13.95317	1.06647	1	-0.00669	-0.00806	0.67598	0.00372	1	0.06042	-0.01195	0.67489	0.00396	1	1.45898	0.81042	0	
1281275	8640.79102	3307207505339	0.47691	0.29361	8640.63770	0.15332	12203	1	0.50745	0.29907	1	0.47208	0.34615	1	0.48976	0.32261	1	0.47240	0.52933	12.03839	1.06647	1	0.73370	0.54881	13.75104	1.06647	1	-0.00669	-0.00806	0.67598	0.00373	1	0.06042	-0.01195	0.67489	0.00383	1	1.45898	0.81042	0	
1281276	8640.79785	3307207572916	0.47742	0.29477	8640.63770	0.16016	12203	1	0.50745	0.29907	1	0.47208	0.34615	1	0.48976	0.32261	1	0.47264	0.52951	12.09438	1.06647	1	0.73378	0.54909	14.09273	1.06647	1	-0.00672	-0.00814	0.67855	0.00376	1	0.06042	-0.01195	0.67489	0.00388	1	1.45898	0.81042	0	
1281277	8640.80469	3307207641240	0.47745	0.29499	8640.63770	0.16699	12203	1	0.51366	0.29925	1	0.44273	0.30194	1	0.47819	0.30060	1	0.47252	0.52945	12.12386	1.06647	1	0.73332	0.54866	12.72011	1.06647	1	-0.00672	-0.00814	0.67855	0.00376	1	0.06042	-0.01195	0.67489	0.00402	1	1.45898	0.81042	0	
1281278	8640.81152	3307207706725	0.47738	0.29610	8640.63770	0.17383	12203	1	0.51197	0.29889	1	0.43923	0.35103	1	0.47560	0.32496	1	0.47252	0.52946	12.20191	1.06647	1	0.73321	0.54903	13.62131	1.06647	1	-0.00672	-0.00814	0.67855	0.00375	1	0.06042	-0.01195	0.67489	0.00388	1	1.45898	0.81042	0	
1281279	8640.81738	3307207771348	0.47730	0.29687	8640.63770	0.17969	12203	1	0.51094	0.29138	1	0.43928	0.34381	1	0.47511	0.31759	1	0.47259	0.52951	12.18345	1.07556	1	0.73337	0.54853	13.47594	1.07556	1	-0.00701	-0.00844	0.70339	0.00378	1	0.06042	-0.01195	0.67489	0.00366	1	1.45898	0.81042	0	
1281280	8640.82520	3307207842757	0.47730	0.29736	8640.63770	0.18750	12203	1	0.50235	0.28436	1	0.45204	0.33805	1	0.47720	0.31120	1	0.47235	0.52928	11.81909	1.08464	1	0.73353	0.54887	13.57702	1.08464	1	-0.00701	-0.00844	0.70339	0.00379	1	0.06042	-0.01195	0.67489	0.00387	1	1.45898	0.81042	0	
1281281	8640.83105	3307207910227	0.47732	0.29709	8640.63770	0.19336	12203	1	0.50632	0.26574	1	0.44949	0.31241	1	0.47791	0.28907	1	0.47246	0.52940	12.02744	1.09373	1	0.73340	0.54885	13.25477	1.09373	1	-0.00701	-0.00844	0.70339	0.00376	1	0.06042	-0.01195	0.67489	0.00393	1	1.45898	0.81042	0	
1281282	8640.83789	3307207977023	0.47732	0.29659	8640.63770	0.20020	12203	1	0.50528	0.25813	1	0.44961	0.30505	1	0.47744	0.28159	1	0.47254	0.52929	12.07599	1.10281	1	0.73339	0.54897	13.38118	1.10281	1	-0.00688	-0.00822	0.68971	0.00379	1	0.06042	-0.01195	0.67489	0.00389	1	1.45898	0.81042	0	
1281283	8640.84473	3307208043669	0.47725	0.29676	8640.63770	0.20703	12203	1	0.50683	0.27565	1	0.44329	0.32888	1	0.47506	0.30226	1	0.47240	0.52937	12.01767	1.10281	1	0.73328	0.54901	13.48176	1.10281	1	-0.00688	-0.00822	0.68971	0.00373	1	0.06042	-0.01195	0.67489	0.00389	1	1.45898	0.81042	0	
1281284	8640.85156	3307208111180	0.47763	0.29634	8640.63770	0.21387	12203	1	0.52750	0.28158	1	0.45181	0.28416	1	0.48966	0.28287	1	0.47272	0.52943	12.65825	1.10281	1	0.73340	0.54839	13.39608	1.10281	1	-0.00688	-0.00822	0.68971	0.00372	1	0.06042	-0.01195	0.67489	0.00371	1	1.45898	0.81042	0	
1281285	8640.85840	3307208178443	0.47798	0.29595	8640.63770	0.22070	12203	1	0.52750	0.28158	1	0.45181	0.28416	1	0.48966	0.28287	1	0.47295	0.52966	12.81694	1.10281	1	0.73340	0.54839	13.39608	1.10281	1	-0.00701	-0.00844	0.70339	0.00378	1	0.06042	-0.01195	0.67489	0.00371	1	1.45898	0.81042	0	
1281286	8640.86523	3307208243857	0.47816	0.29542	8640.63770	0.22754	12203	1	0.51615	0.28539	1	0.45237	0.26935	1	0.48426	0.27737	1	0.47261	0.52936	12.34132	1.10281	1	0.73341	0.54837	13.27023	1.10281	1	-0.00701	-0.00844	0.70339	0.00372	1	0.06042	-0.01195	0.67489	0.00372	1	1.45898	0.81042	0	
1281287	8640.87207	3307208312034	0.47857	0.29484	8640.63770	0.23438	12203	1	0.52420	0.28310	1	0.46157	0.26653	1	0.49288	0.27482	1	0.47287	0.52961	12.88295	1.10281	1	0.73355	0.54831	13.09894	1.10281	1	-0.00701	-0.00844	0.70339	0.00368	1	0.06042	-0.01195	0.67489	0.00367	1	1.45898	0.81042	0	
1281288	8640.87793	3307208378264	0.47897	0.29451	8640.63770	0.24023	12203	1	0.52511	0.29049	1	0.46135	0.27422	1	0.49323	0.28236	1	0.47270	0.52945	12.40058	1.09373	1	0.73314	0.54864	13.06769	1.09373	1	-0.00679	-0.00806	0.67623	0.00371	1	0.06042	-0.01195	0.67489	0.00399	1	1.45898	0.81042	0	
1281289	8640.88477	3307208445999	0.47904	0.29476	8640.63770	0.24707	12203	1	0.52787	0.30478	1	0.43529	0.30315	1	0.48158	0.30397	1	0.47272	0.52954	12.69480	1.08464	1	0.73315	0.54846	13.39371	1.08464	1	-0.00679	-0.00806	0.67623	0.00371	1	0.06042	-0.01195	0.67489	0.00374	1	1.45898	0.81042	0	
1281290	8640.89160	3307208513055	0.47931	0.29530	8640.63770	0.25391	12203	1	0.51320	0.29316	1	0.46659	0.33873	1	0.48990	0.31594	1	0.47251	0.52923	12.10604	1.07556	1	0.73334	0.54867	13.76368	1.07556	1	-0.00679	-0.00806	0.67623	0.00378	1	0.06042	-0.01195	0.67489	0.00362	1	1.45898	0.81042	0	SUBJECT_ONSET_LOG
1281291	8640.89844	3307208579796	0.47958	0.29582	8640.63770	0.26074	12203	1	0.51320	0.29316	1	0.46659	0.33873	1	0.48990	0.31594	1	0.47270	0.52986	12.35796	1.07556	1	0.73344	0.54866	13.58587	1.07556	1	-0.00716	-0.00849	0.70740	0.00363	1	0.06042	-0.01195	0.67489	0.00363	1	1.45898	0.81042	0	
1281292	8640.90527	3307208646669	0.48004	0.29611	8640.63770	0.26758	12203	1	0.52461	0.32267	1	0.47215	0.29312	1	0.49838	0.30789	1	0.47269	0.52982	12.21557	1.08464	1	0.73331	0.54838	13.16649	1.08464	1	-0.00716	-0.00849	0.70740	0.00366	1	0.06042	-0.01195	0.67489	0.00370	1	1.45898	0.81042	0	
1281293	8640.91211	3307208713884	0.48043	0.29607	8640.63770	0.27441	12203	1	0.51955	0.29297	1	0.47340	0.29604	1	0.49647	0.29450	1	0.47270	0.52952	12.14740	1.09373	1	0.73343	0.54843	13.40261	1.09373	1	-0.00716	-0.00849	0.70740	0.00379	1	0.06042	-0.01195	0.67489	0.00371	1	1.45898	0.81042	0	
1281294	8640.91895	3307208781359	0.48080	0.29604	8640.63770	0.28125	12203	1	0.51955	0.29297	1	0.47340	0.29604	1	0.49647	0.29450	1	0.47274	0.52953	12.26687	1.09373	1	0.73329	0.54832	13.29616	1.09373	1	-0.00679	-0.00811	0.67623	0.00391	1	0.06042	-0.01195	0.67489	0.00371	1	1.45898	0.81042	0	AUDIO_FILE_ONSET_LOG
1281295	8640.92480	3307208847731	0.48114	0.29617	8640.63770	0.28711	12203	1	0.52120	0.32080	1	0.47037	0.28342	1	0.49579	0.30211	1	0.47266	0.52973	12.38553	1.08464	1	0.73332	0.54832	13.31439	1.08464	1	-0.00679	-0.00811	0.67623	0.00364	1	0.06042	-0.01195	0.67489	0.00368	1	1.45898	0.81042	0	
1281296	8640.93164	3307208914478	0.48095	0.29422	8640.63770	0.29395	12203	1	0.47528	0.13868	1	0.46934	0.27832	1	0.47231	0.20850	1	0.47199	0.52741	12.46136	1.07556	1	0.73326	0.54827	13.28024	1.07556	1	-0.00679	-0.00811	0.67623	0.00251	1	0.06042	-0.01195	0.67489	0.00372	1	1.45898	0.81042	0	
1281297	8640.93848	3307208981795	0.48077	0.29254	8640.63770	0.30078	12203	1	0.47656	0.14751	1	0.46906	0.28611	1	0.47281	0.21681	1	0.47212	0.52756	12.22467	1.06647	1	0.73343	0.54829	13.38997	1.06647	1	-0.00691	-0.00814	0.67808	0.00252	1	0.06042	-0.01195	0.67489	0.00369	1	1.45898	0.81042	0	
1281298	8640.94531	3307209046812	0.48105	0.29271	8640.63770	0.30762	12203	1	0.51636	0.30204	1	0.47153	0.29905	1	0.49395	0.30055	1	0.47257	0.52934	12.04338	1.06647	1	0.73333	0.54827	13.33255	1.06647	1	-0.00691	-0.00814	0.67808	0.00392	1	0.06042	-0.01195	0.67489	0.00366	1	1.45898	0.81042	0	
1281299	8640.95215	3307209115626	0.48135	0.29269	8640.63770	0.31445	12203	1	0.51990	0.27519	1	0.47110	0.30805	1	0.49550	0.29162	1	0.47228	0.52927	11.70341	1.06647	1	0.73336	0.54823	13.24373	1.06647	1	-0.00691	-0.00814	0.67808	0.00378	1	0.06042	-0.01195	0.67489	0.00371	1	1.45898	0.81042	0	
1281300	8640.95898	3307209180934	0.48190	0.29273	8640.63770	0.32129	12203	1	0.51990	0.27519	1	0.47110	0.30805	1	0.49550	0.29162	1	0.47231	0.52928	11.66398	1.06647	1	0.73347	0.54799	13.12783	1.06647	1	-0.00691	-0.00814	0.67808	0.00377	1	0.06042	-0.01195	0.67489	0.00364	1	1.45898	0.81042	0	
1281301	8640.96484	3307209248149	0.48250	0.29547	8640.63770	0.32715	12203	1	0.51831	0.34120	1	0.47955	0.30123	1	0.49893	0.32121	1	0.47215	0.52973	11.60340	1.06647	1	0.73348	0.54826	13.11079	1.06647	1	-0.00691	-0.00814	0.67808	0.00371	1	0.06042	-0.01195	0.67489	0.00359	1	1.45898	0.81042	0	
1281302	8640.97168	3307209314495	0.48237	0.29566	8640.63770	0.33398	12203	1	0.50306	0.29242	1	0.47747	0.27479	1	0.49026	0.28361	1	0.47193	0.52931	11.42446	1.06647	1	0.73346	0.54807	13.18871	1.06647	1	-0.00691	-0.00814	0.67808	0.00378	1	0.06042	-0.01195	0.67489	0.00361	1	1.45898	0.81042	0	
1281303	8640.97852	3307209380309	0.48225	0.29569	8640.63770	0.34082	12203	1	0.50306	0.29242	1	0.47781	0.26725	1	0.49043	0.27983	1	0.47207	0.52942	11.46589	1.06647	1	0.73349	0.54832	13.32604	1.07515	1	-0.00691	-0.00814	0.67808	0.00371	1	0.06330	-0.01252	0.70762	0.00361	1	1.45898	0.81042	0	
1281304	8640.98535	3307209443788	0.48275	0.29595	8640.63770	0.34766	12203	1	0.51242	0.28111	1	0.48187	0.28975	1	0.49715	0.28543	1	0.47206	0.52910	11.30295	1.07515	1	0.73350	0.54818	12.85256	1.08383	1	-0.00691	-0.00814	0.67808	0.00384	1	0.06330	-0.01252	0.70762	0.00364	1	1.45898	0.81042	0	
1281305	8640.99219	3307209514629	0.48365	0.29570	8640.63770	0.35449	12203	1	0.53882	0.25545	1	0.46532	0.32421	1	0.50207	0.28983	1	0.47211	0.52915	11.14771	1.08383	1	0.73323	0.54874	13.22635	1.09251	1	-0.00691	-0.00814	0.67808	0.00390	1	0.06330	-0.01252	0.70762	0.00382	1	1.45898	0.81042	0	
1281306	8640.99902	3307209582583	0.48452	0.29515	8640.63770	0.36133	12203	1	0.53804	0.24805	1	0.46532	0.32421	1	0.50168	0.28613	1	0.47235	0.52939	11.38751	1.09251	1	0.73323	0.54876	13.64413	1.09251	1	-0.00691	-0.00814	0.67808	0.00383	1	0.06042	-0.01195	0.67489	0.00366	1	1.45898	0.81042	0	
1281307	8641.00586	3307209652047	0.48571	0.29614	8640.63770	0.36816	12203	1	0.54825	0.28694	1	0.45932	0.31881	1	0.50379	0.30287	1	0.47228	0.52951	11.46686	1.09251	1	0.73314	0.54866	13.85660	1.08383	1	-0.00691	-0.00814	0.67808	0.00378	1	0.06042	-0.01195	0.67489	0.00369	1	1.45898	0.81042	0	
1281308	8641.01270	3307209718960	0.48636	0.29656	8640.63770	0.37500	12203	1	0.51043	0.29800	1	0.45276	0.28120	1	0.48160	0.28960	1	0.47162	0.52951	12.08107	1.08383	1	0.73304	0.54826	13.78648	1.07515	1	-0.00691	-0.00814	0.67808	0.00365	1	0.06042	-0.01195	0.67489	0.00378	1	1.45898	0.81042	0	
1281309	8641.01855	3307209785296	0.48702	0.29712	8640.63770	0.38086	12203	1	0.51038	0.29767	1	0.45277	0.28085	1	0.48158	0.28926	1	0.47193	0.52948	12.51029	1.08424	1	0.73299	0.54805	13.75169	1.07556	1	-0.00731	-0.00854	0.71154	0.00370	1	0.06045	-0.01199	0.67749	0.00360	1	1.45898	0.81042	0	
1281310	8641.02539	3307209852535	0.48667	0.29733	8640.63770	0.38770	12203	1	0.50818	0.31128	1	0.45145	0.29355	1	0.47981	0.30241	1	0.47168	0.52968	12.47724	1.08464	1	0.73270	0.54852	13.31052	1.08464	1	-0.00731	-0.00854	0.71154	0.00365	1	0.06045	-0.01199	0.67749	0.00368	1	1.45898	0.81042	0	
1281311	8641.03223	3307209919273	0.48666	0.29724	8640.63770	0.39453	12203	1	0.50280	0.32521	1	0.48615	0.24289	1	0.49448	0.28405	1	0.47160	0.52960	12.06439	1.09373	1	0.73310	0.54814	12.33869	1.09373	1	-0.00731	-0.00854	0.71154	0.00367	1	0.06045	-0.01199	0.67749	0.00371	1	1.45898	0.81042	0	
1281312	8641.03906	3307209984393	0.48665	0.29700	8640.63770	0.40137	12203	1	0.50172	0.31810	1	0.48657	0.23491	1	0.49415	0.27650	1	0.47170	0.52962	11.80922	1.10281	1	0.73252	0.54835	13.22785	1.10281	1	-0.00730	-0.00851	0.70003	0.00365	1	0.06045	-0.01199	0.67749	0.00374	1	1.45898	0.81042	0	
1281313	8641.04590	3307210054689	0.48692	0.29644	8640.63770	0.40820	12203	1	0.52823	0.30450	1	0.47100	0.29594	1	0.49962	0.30022	1	0.47200	0.52982	12.21552	1.10281	1	0.73257	0.54862	13.66840	1.10281	1	-0.00730	-0.00851	0.70003	0.00367	1	0.06045	-0.01199	0.67749	0.00365	1	1.45898	0.81042	0	
1281314	8641.05273	3307210120498	0.48736	0.29610	8640.63770	0.41504	12203	1	0.52166	0.30615	1	0.47366	0.27967	1	0.49766	0.29291	1	0.47189	0.52977	12.23838	1.10281	1	0.73254	0.54858	13.50958	1.10281	1	-0.00730	-0.00851	0.70003	0.00367	1	0.06045	-0.01199	0.67749	0.00371	1	1.45898	0.81042	0	
1281315	8641.05957	3307210186547	0.48781	0.29591	8640.63770	0.42188	12203	1	0.52260	0.31335	1	0.47335	0.28726	1	0.49797	0.30030	1	0.47161	0.53012	12.68767	1.09373	1	0.73260	0.54842	13.41431	1.09373	1	-0.00710	-0.00816	0.67588	0.00361	1	0.06045	-0.01199	0.67749	0.00369	1	1.45898	0.81042	0	
1281316	8641.06543	3307210254261	0.48828	0.29535	8640.63770	0.42773	12203	1	0.52180	0.31719	1	0.47350	0.28670	1	0.49765	0.30194	1	0.47188	0.52962	11.99249	1.08464	1	0.73265	0.54837	13.38976	1.08464	1	-0.00710	-0.00816	0.67588	0.00369	1	0.06045	-0.01199	0.67749	0.00370	1	1.45898	0.81042	0	
1281317	8641.07227	3307210322367	0.48849	0.29481	8640.63770	0.43457	12203	1	0.52024	0.30912	1	0.47428	0.29334	1	0.49726	0.30123	1	0.47191	0.52967	12.00249	1.07556	1	0.73263	0.54838	13.43057	1.07556	1	-0.00710	-0.00816	0.67588	0.00369	1	0.06045	-0.01199	0.67749	0.00370	1	1.45898	0.81042	0	
1281318	8641.07910	3307210389793	0.48871	0.29443	8640.63770	0.44141	12203	1	0.52121	0.31648	1	0.47396	0.30101	1	0.49758	0.30875	1	0.47163	0.52976	12.05797	1.06647	1	0.73257	0.54829	13.18284	1.06647	1	-0.00710	-0.00816	0.67588	0.00359	1	0.06045	-0.01199	0.67749	0.00372	1	1.45898	0.81042	0	
1281319	8641.08594	3307210455892	0.48933	0.29475	8640.63770	0.44824	12203	1	0.53503	0.32274	1	0.48619	0.30663	1	0.51061	0.31469	1	0.47169	0.52955	12.04657	1.06647	1	0.73279	0.54835	13.11626	1.06647	1	-0.00710	-0.00816	0.67588	0.00359	1	0.06045	-0.01199	0.67749	0.00366	1	1.45898	0.81042	0	
1281320	8641.09277	3307210522421	0.48976	0.29480	8640.63770	0.45508	12203	1	0.51820	0.31212	1	0.47916	0.28520	1	0.49868	0.29866	1	0.47142	0.52951	11.93324	1.06647	1	0.73269	0.54824	13.14914	1.06647	1	-0.00710	-0.00816	0.67588	0.00357	1	0.06045	-0.01199	0.67749	0.00366	1	1.45898	0.81042	0	
1281321	8641.09961	3307210589960	0.49019	0.29485	8640.63770	0.46191	12203	1	0.51820	0.31212	1	0.47916	0.28520	1	0.49868	0.29866	1	0.47131	0.52967	11.80134	1.06647	1	0.73268	0.54828	13.09986	1.06647	1	-0.00710	-0.00816	0.67588	0.00355	1	0.06045	-0.01199	0.67749	0.00365	1	1.45898	0.81042	0	
1281322	8641.10645	3307210656510	0.49075	0.29498	8640.63770	0.46875	12203	1	0.53060	0.34236	1	0.46919	0.32563	1	0.49990	0.33399	1	0.47163	0.52987	12.38833	1.06647	1	0.73261	0.54859	13.37528	1.06647	1	-0.00710	-0.00816	0.67588	0.00365	1	0.06045	-0.01199	0.67749	0.00372	1	1.45898	0.81042	0	
1281323	8641.11328	3307210723308	0.49099	0.29528	8640.63770	0.47559	12203	1	0.53493	0.34861	1	0.46781	0.32627	1	0.50137	0.33744	1	0.47169	0.53000	12.72102	1.06647	1	0.73251	0.54848	13.46908	1.06647	1	-0.00710	-0.00816	0.67588	0.00360	1	0.06045	-0.01199	0.67749	0.00380	1	1.45898	0.81042	0	
1281324	8641.11914	3307210789890	0.49123	0.29559	8640.63770	0.48145	12203	1	0.53493	0.34861	1	0.46781	0.32627	1	0.50137	0.33744	1	0.47182	0.52975	12.09331	1.06647	1	0.73266	0.54833	13.14434	1.06647	1	-0.00710	-0.00816	0.67588	0.00367	1	0.06045	-0.01199	0.67749	0.00382	1	1.45898	0.81042	0	
1281325	8641.12598	3307210857208	0.49183	0.29577	8640.63770	0.48828	12203	1	0.53171	0.31921	1	0.48214	0.29873	1	0.50692	0.30897	1	0.47200	0.52969	12.22971	1.06647	1	0.73273	0.54823	13.32312	1.06647	1	-0.00710	-0.00816	0.67588	0.00370	1	0.06045	-0.01199	0.67749	0.00369	1	1.45898	0.81042	0	
1281326	8641.13281	3307210924183	0.49235	0.29553	8640.63770	0.49512	12203	1	0.51518	0.32816	1	0.48598	0.29874	1	0.50058	0.31345	1	0.47177	0.52966	12.21572	1.06647	1	0.73278	0.54835	13.30455	1.06647	1	-0.00710	-0.00816	0.67588	0.00363	1	0.06045	-0.01199	0.67749	0.00365	1	1.45898	0.81042	0	
1281327	8641.13965	3307210991968	0.49288	0.29544	8640.63770	0.50195	12203	1	0.51518	0.32816	1	0.48598	0.29874	1	0.50058	0.31345	1	0.47121	0.52766	12.27934	1.06647	1	0.73269	0.54819	13.05612	1.06647	1	-0.00710	-0.00816	0.67588	0.00249	1	0.06045	-0.01199	0.67749	0.00367	1	1.45898	0.81042	0	
1281328	8641.14648	3307211058190	0.49346	0.29577	8640.63770	0.50879	12203	1	0.53857	0.34467	1	0.47159	0.30892	1	0.50508	0.32680	1	0.47210	0.52994	12.32075	1.06647	1	0.73258	0.54831	13.20497	1.06647	1	-0.00710	-0.00816	0.67588	0.00375	1	0.06045	-0.01199	0.67749	0.00381	1	1.45898	0.81042	0	
1281329	8641.15332	3307211124703	0.49386	0.29673	8640.63770	0.51562	12203	1	0.52417	0.32241	1	0.47027	0.34791	1	0.49722	0.33516	1	0.47189	0.52966	12.27184	1.06647	1	0.73256	0.54833	13.16526	1.06647	1	-0.00710	-0.00816	0.67588	0.00359	1	0.06045	-0.01199	0.67749	0.00379	1	1.45898	0.81042	0	
1281330	8641.16016	3307211192881	0.49427	0.29769	8640.63770	0.52246	12203	1	0.52322	0.31510	1	0.47057	0.34064	1	0.49689	0.32787	1	0.47160	0.52694	12.05169	1.07556	1	0.73247	0.54793	13.19973	1.07556	1	-0.00730	-0.00840	0.70002	0.00257	1	0.06049	-0.01195	0.67789	0.00386	1	1.45898	0.81042	0	
1281331	8641.16699	3307211260288	0.49449	0.29519	8640.63770	0.52930	12203	1	0.48854	0.07730	1	0.48312	0.28728	1	0.48583	0.18229	1	0.47150	0.52693	12.54581	1.08464	1	0.73278	0.54780	13.26957	1.08464	1	-0.00730	-0.00840	0.70002	0.00256	1	0.06049	-0.01195	0.67789	0.00375	1	1.45898	0.81042	0	
1281332	8641.17285	3307211326294	0.49429	0.29302	8640.63770	0.53516	12203	1	0.50176	0.06258	1	0.45819	0.29469	1	0.47998	0.17863	1	0.47165	0.52689	12.25312	1.09373	1	0.73241	0.54813	13.12058	1.09373	1	-0.00730	-0.00840	0.70002	0.00250	1	0.06049	-0.01195	0.67789	0.00385	1	1.45898	0.81042	0	
1281333	8641.17969	3307211388580	0.49408	0.29067	8640.63770	0.54199	12203	1	0.50069	0.05328	1	0.45839	0.28717	1	0.47954	0.17022	1	0.47159	0.52700	12.53387	1.10281	1	0.73261	0.54765	13.09756	1.10281	1	-0.00741	-0.00848	0.71119	0.00242	1	0.06049	-0.01195	0.67789	0.00400	1	1.45898	0.81042	0	
1281334	8641.18652	3307211455920	0.49430	0.28763	8640.63770	0.54883	12203	1	0.49907	0.06943	1	0.49068	0.19359	1	0.49487	0.13151	1	0.47162	0.52699	12.32067	1.10281	1	0.73274	0.54708	12.55204	1.10281	1	-0.00741	-0.00848	0.71119	0.00254	1	0.06049	-0.01195	0.67789	0.00394	1	1.45898	0.81042	0	
1281335	8641.19336	3307211526838	0.49497	0.25635	8640.63770	0.54883	12203	0	0.50297	0.05999	1	0.47848	0.24078	1	0.49072	0.15039	1	0.47166	0.52694	12.44923	1.10281	1	0.73270	0.54752	13.10746	1.10281	1	-0.00741	-0.00848	0.71119	0.00249	1	0.06049	-0.01195	0.67789	0.00396	1	1.45898	0.81042	0	
1281336	8641.20020	3307211594680	0.49285	0.20337	8640.63770	0.54883	12203	0	0.50297	0.05999	1	0.47848	0.24078	1	0.49072	0.15039	1	0.47164	0.52712	11.95794	1.10281	1	0.73275	0.54772	13.20869	1.10281	1	-0.00731	-0.00849	0.71154	0.00246	1	0.06049	-0.01195	0.67789	0.00412	1	1.45898	0.81042	0	
1281337	8641.20703	3307211661489	0.48950	0.21610	8640.63770	0.54883	12203	0	0.49715	0.23618	1	0.46847	0.24697	1	0.48281	0.24157	1	0.47163	0.52876	12.16089	1.10281	1	0.73288	0.54756	12.46156	1.10281	1	-0.00731	-0.00849	0.71154	0.00396	1	0.06049	-0.01195	0.67789	0.00395	1	1.45898	0.81042	0	
1281338	8641.21289	3307211723662	0.48751	0.19440	8641.19336	0.01953	12204	1	0.49211	0.05914	1	0.47098	0.19946	1	0.48155	0.12930	1	0.47163	0.52710	12.29196	1.10281	1	0.73293	0.54710	12.33921	1.10281	1	-0.00731	-0.00849	0.71154	0.00243	1	0.06049	-0.01195	0.67789	0.00415	1	1.45898	0.81042	0	
1281339	8641.21973	3307211795487	0.48632	0.18138	8641.19336	0.02637	12204	1	0.49211	0.05914	1	0.47098	0.19946	1	0.48155	0.12930	1	0.47189	0.52718	12.21202	1.10281	1	0.73300	0.54733	12.20091	1.10281	1	-0.00717	-0.00832	0.69752	0.00254	1	0.06049	-0.01195	0.67789	0.00439	1	1.45898	0.81042	0	
1281340	8641.22656	3307211857553	0.48732	0.18157	8641.19336	0.03320	12204	1	0.51511	0.07640	1	0.46950	0.28870	1	0.49230	0.18255	1	0.47189	0.52714	12.20760	1.10281	1	0.73295	0.54788	12.36051	1.10281	1	-0.00717	-0.00832	0.69752	0.00250	1	0.06049	-0.01195	0.67789	0.00419	1	1.45898	0.81042	0	
1281341	8641.23340	3307211924562	0.48761	0.18160	8641.19336	0.04004	12204	1	0.50984	0.07470	1	0.46898	0.28884	1	0.48941	0.18177	1	0.47182	0.52710	11.96578	1.10281	1	0.73295	0.54788	12.36051	1.10281	1	-0.00717	-0.00832	0.69752	0.00256	1	0.06049	-0.01195	0.67789	0.00419	1	1.45898	0.81042	0	
1281342	8641.24023	3307211993552	0.48788	0.18266	8641.19336	0.04688	12204	1	0.51085	0.08382	1	0.46870	0.29636	1	0.48977	0.19009	1	0.47189	0.52718	12.24174	1.09373	1	0.73294	0.54833	12.65403	1.09373	1	-0.00691	-0.00814	0.67808	0.00253	1	0.06045	-0.01199	0.67749	0.00412	1	1.45898	0.81042	0	
1281343	8641.24609	3307212060684	0.48814	0.18642	8641.19336	0.05273	12204	1	0.51169	0.09472	1	0.46874	0.33821	1	0.49021	0.21647	1	0.47187	0.52715	12.15884	1.08464	1	0.73289	0.54844	12.74252	1.08464	1	-0.00691	-0.00814	0.67808	0.00255	1	0.06045	-0.01199	0.67749	0.00406	1	1.45898	0.81042	0	
1281344	8641.25293	3307212126870	0.48830	0.19009	8641.19336	0.05957	12204	1	0.51903	0.09802	1	0.46046	0.34820	1	0.48974	0.22311	1	0.47189	0.52718	12.24174	1.07556	1	0.73282	0.54850	12.87286	1.07556	1	-0.00691	-0.00814	0.67808	0.00253	1	0.06045	-0.01199	0.67749	0.00403	1	1.45898	0.81042	0	
1281345	8641.25977	3307212197012	0.48846	0.19411	8641.19336	0.06641	12204	1	0.52000	0.10716	1	0.46007	0.36147	1	0.49003	0.23432	1	0.47177	0.52724	12.00609	1.06647	1	0.73325	0.54846	13.08575	1.05881	1	-0.00691	-0.00814	0.67808	0.00250	1	0.05910	-0.01171	0.66178	0.00409	1	1.45898	0.81042	0	
1281346	8641.26660	3307212263940	0.48846	0.19876	8641.19336	0.07324	12204	1	0.50049	0.13081	1	0.47648	0.36911	1	0.48849	0.24996	1	0.47198	0.52731	11.96554	1.05881	1	0.73314	0.54844	13.38451	1.05115	1	-0.00691	-0.00814	0.67808	0.00250	1	0.05910	-0.01171	0.66178	0.00410	1	1.45898	0.81042	0	
1281347	8641.27344	3307212330983	0.48893	0.20101	8641.19336	0.08008	12204	1	0.49755	0.14457	1	0.49142	0.31148	1	0.49448	0.22802	1	0.47192	0.52731	11.99861	1.05115	1	0.73326	0.54766	12.94225	1.04349	1	-0.00691	-0.00814	0.67808	0.00245	1	0.05910	-0.01171	0.66178	0.00439	1	1.45898	0.81042	0	
1281348	8641.28027	3307212398651	0.48934	0.20345	8641.19336	0.08691	12204	1	0.49851	0.15213	1	0.49101	0.31803	1	0.49476	0.23508	1	0.47203	0.52733	11.97167	1.04349	1	0.73332	0.54773	13.09854	1.03583	1	-0.00691	-0.00814	0.67808	0.00252	1	0.05938	-0.01175	0.66381	0.00434	1	1.45898	0.81042	0	
1281349	8641.28711	3307212465117	0.48839	0.20569	8641.19336	0.09375	12204	1	0.48254	0.15543	1	0.46764	0.31862	1	0.47509	0.23703	1	0.47209	0.52727	12.05496	1.03583	1	0.73325	0.54758	12.87378	1.03583	1	-0.00691	-0.00814	0.67808	0.00251	1	0.05938	-0.01175	0.66381	0.00444	1	1.45898	0.81042	0	
1281350	8641.29395	3307212531199	0.48761	0.20871	8641.19336	0.10059	12204	1	0.49485	0.12993	1	0.45683	0.37816	1	0.47584	0.25404	1	0.47215	0.52711	12.56611	1.03583	1	0.73319	0.54831	13.33748	1.03583	1	-0.00691	-0.00814	0.67808	0.00248	1	0.05938	-0.01175	0.66381	0.00408	1	1.45898	0.81042	0	
1281351	8641.30078	3307212599193	0.48689	0.21071	8641.19336	0.10742	12204	1	0.49367	0.12069	1	0.45718	0.36487	1	0.47542	0.24278	1	0.47224	0.52718	12.36537	1.04492	1	0.73333	0.54778	13.12062	1.05258	1	-0.00724	-0.00864	0.71512	0.00248	1	0.06042	-0.01195	0.67489	0.00421	1	1.45898	0.81042	0	
1281352	8641.30664	3307212663863	0.48680	0.20966	8641.19336	0.11328	12204	1	0.49093	0.11389	1	0.47949	0.26957	1	0.48521	0.19173	1	0.47222	0.52707	12.32474	1.06166	1	0.73345	0.54799	12.94697	1.06932	1	-0.00724	-0.00864	0.71512	0.00254	1	0.06042	-0.01195	0.67489	0.00417	1	1.45898	0.81042	0	
1281353	8641.31348	3307212732884	0.48641	0.20926	8641.19336	0.12012	12204	1	0.48285	0.10200	1	0.47607	0.30212	1	0.47946	0.20206	1	0.47223	0.52716	12.09832	1.07841	1	0.73338	0.54783	13.00151	1.08607	1	-0.00724	-0.00864	0.71512	0.00254	1	0.06042	-0.01195	0.67489	0.00424	1	1.45898	0.81042	0	
1281354	8641.32031	3307212799892	0.48605	0.20855	8641.19336	0.12695	12204	1	0.48183	0.09431	1	0.47636	0.29577	1	0.47909	0.19504	1	0.47256	0.52720	12.28200	1.08607	1	0.73360	0.54733	12.46068	1.09373	1	-0.00679	-0.00811	0.67623	0.00253	1	0.06042	-0.01195	0.67489	0.00421	1	1.45898	0.81042	0	
1281355	8641.32715	3307212867208	0.48661	0.20715	8641.19336	0.13379	12204	1	0.50945	0.11592	1	0.48620	0.24259	1	0.49783	0.17925	1	0.47263	0.52730	11.99470	1.08464	1	0.73350	0.54808	12.77254	1.08464	1	-0.00679	-0.00811	0.67623	0.00254	1	0.06042	-0.01195	0.67489	0.00402	1	1.45898	0.81042	0	
1281356	8641.33398	3307212931838	0.48612	0.20481	8641.19336	0.14062	12204	1	0.50241	0.09990	1	0.44955	0.21128	1	0.47598	0.15559	1	0.47251	0.52710	12.04090	1.07556	1	0.73334	0.54781	13.06116	1.07556	1	-0.00679	-0.00811	0.67623	0.00250	1	0.06042	-0.01195	0.67489	0.00416	1	1.45898	0.81042	0	
1281357	8641.34082	3307213001492	0.48570	0.20305	8641.19336	0.14746	12204	1	0.50349	0.10904	1	0.44942	0.21962	1	0.47646	0.16433	1	0.47263	0.52717	12.25084	1.06647	1	0.73348	0.54804	12.84595	1.06647	1	-0.00672	-0.00814	0.67855	0.00250	1	0.06042	-0.01195	0.67489	0.00402	1	1.45898	0.81042	0	
1281358	8641.34766	3307213067721	0.48564	0.20217	8641.19336	0.15430	12204	1	0.49123	0.11294	1	0.47729	0.25081	1	0.48426	0.18187	1	0.47267	0.52711	12.20273	1.06647	1	0.73380	0.54834	13.06020	1.06647	1	-0.00672	-0.00814	0.67855	0.00254	1	0.06042	-0.01195	0.67489	0.00410	1	1.45898	0.81042	0	
1281359	8641.35352	3307213134711	0.48609	0.20814	8641.19336	0.16016	12204	1	0.51596	0.32023	1	0.47767	0.38302	1	0.49682	0.35162	1	0.47283	0.52950	12.18834	1.06647	1	0.73394	0.54870	13.51910	1.06647	1	-0.00672	-0.00814	0.67855	0.00378	1	0.06042	-0.01195	0.67489	0.00397	1	1.45898	0.81042	0	
1281360	8641.36035	3307213201874	0.48650	0.21366	8641.19336	0.16699	12204	1	0.51596	0.32023	1	0.47767	0.38302	1	0.49682	0.35162	1	0.47292	0.52714	12.28123	1.06647	1	0.73412	0.54832	13.14360	1.06647	1	-0.00672	-0.00814	0.67855	0.00251	1	0.06042	-0.01193	0.67378	0.00413	1	1.45898	0.81042	0	
1281361	8641.36719	3307213267982	0.48595	0.21350	8641.19336	0.17383	12204	1	0.48077	0.11896	1	0.46247	0.29938	1	0.47162	0.20917	1	0.47293	0.52717	12.38752	1.06647	1	0.73400	0.54829	13.18483	1.06647	1	-0.00672	-0.00814	0.67855	0.00250	1	0.06042	-0.01193	0.67378	0.00408	1	1.45898	0.81042	0	
1281362	8641.37402	3307213334428	0.48549	0.21230	8641.19336	0.18066	12204	1	0.48105	0.11381	1	0.46513	0.24621	1	0.47309	0.18001	1	0.47286	0.52714	12.34005	1.06647	1	0.73401	0.54826	13.25654	1.06647	1	-0.00672	-0.00814	0.67855	0.00255	1	0.06042	-0.01193	0.67378	0.00409	1	1.45898	0.81042	0	
1281363	8641.38086	3307213403457	0.48506	0.21131	8641.19336	0.18750	12204	1	0.48105	0.11381	1	0.46492	0.25306	1	0.47299	0.18343	1	0.47297	0.52707	12.42430	1.06647	1	0.73405	0.54846	13.49010	1.05881	1	-0.00672	-0.00814	0.67855	0.00252	1	0.05941	-0.01172	0.66188	0.00402	1	1.45898	0.81042	0	
1281364	8641.38770	3307213469743	0.48496	0.21086	8641.19336	0.19434	12204	1	0.49187	0.11624	1	0.47210	0.27942	1	0.48199	0.19783	1	0.47305	0.52698	12.33295	1.05881	1	0.73414	0.54847	13.37155	1.05115	1	-0.00672	-0.00814	0.67855	0.00259	1	0.05941	-0.01172	0.66188	0.00408	1	1.45898	0.81042	0	
1281365	8641.39453	3307213536074	0.48489	0.21146	8641.19336	0.20117	12204	1	0.49981	0.12070	1	0.46600	0.33814	1	0.48290	0.22942	1	0.47319	0.52710	12.55136	1.05115	1	0.73412	0.54845	13.38408	1.04349	1	-0.00672	-0.00814	0.67855	0.00263	1	0.05941	-0.01172	0.66188	0.00408	1	1.45898	0.81042	0	
1281366	8641.40039	3307213596725	0.48484	0.21214	8641.19336	0.20703	12204	1	0.50076	0.12843	1	0.46600	0.33814	1	0.48338	0.23329	1	0.47326	0.52709	12.40000	1.04349	1	0.73426	0.54874	13.24673	1.04349	1	-0.00667	-0.00821	0.68391	0.00262	1	0.05910	-0.01165	0.65795	0.00401	1	1.45898	0.81042	0	
1281367	8641.40723	3307213668026	0.48486	0.21204	8641.19336	0.21387	12204	1	0.49108	0.13100	1	0.47955	0.28662	1	0.48531	0.20881	1	0.47301	0.52707	12.32757	1.04349	1	0.73419	0.54852	13.23962	1.05115	1	-0.00667	-0.00821	0.68391	0.00254	1	0.05910	-0.01165	0.65795	0.00407	1	1.45898	0.81042	0	
1281368	8641.41406	3307213737651	0.48498	0.21201	8641.19336	0.22070	12204	1	0.50822	0.12817	1	0.46973	0.29393	1	0.48898	0.21105	1	0.47320	0.52703	12.55908	1.05115	1	0.73412	0.54863	13.43521	1.05881	1	-0.00667	-0.00821	0.68391	0.00264	1	0.05910	-0.01165	0.65795	0.00402	1	1.45898	0.81042	0	
1281369	8641.42090	3307213804163	0.48509	0.21178	8641.19336	0.22754	12204	1	0.50732	0.12050	1	0.46998	0.28737	1	0.48865	0.20393	1	0.47338	0.52705	12.61110	1.05881	1	0.73410	0.54872	13.14998	1.06647	1	-0.00667	-0.00821	0.68391	0.00253	1	0.05910	-0.01165	0.65795	0.00400	1	1.45898	0.81042	0	
1281370	8641.42773	3307213871947	0.48518	0.21233	8641.19336	0.23438	12204	1	0.51155	0.12824	1	0.46566	0.33527	1	0.48861	0.23176	1	0.47328	0.52718	12.61960	1.06647	1	0.73400	0.54865	13.16991	1.06647	1	-0.00667	-0.00821	0.68391	0.00259	1	0.05910	-0.01165	0.65795	0.00403	1	1.45898	0.81042	0	
1281371	8641.43457	3307213938895	0.48534	0.21179	8641.19336	0.24121	12204	1	0.49036	0.11269	1	0.49132	0.27172	1	0.49084	0.19221	1	0.47313	0.52714	12.23106	1.06647	1	0.73441	0.54858	13.09290	1.06647	1	-0.00667	-0.00821	0.68391	0.00248	1	0.05910	-0.01165	0.65795	0.00392	1	1.45898	0.81042	0	
1281372	8641.44141	3307214005486	0.48548	0.21127	8641.19336	0.24805	12204	1	0.49036	0.11269	1	0.49132	0.27172	1	0.49084	0.19221	1	0.47330	0.52722	12.24124	1.06647	1	0.73402	0.54883	13.26015	1.06647	1	-0.00672	-0.00833	0.68946	0.00256	1	0.05910	-0.01170	0.65795	0.00396	1	1.45898	0.81042	0	
1281373	8641.44727	3307214072329	0.48551	0.21359	8641.19336	0.25391	12204	1	0.51112	0.30792	1	0.46186	0.29556	1	0.48649	0.30174	1	0.47330	0.52911	12.69110	1.06647	1	0.73397	0.54875	13.23631	1.06647	1	-0.00672	-0.00833	0.68946	0.00380	1	0.05910	-0.01170	0.65795	0.00401	1	1.45898	0.81042	0	
1281374	8641.45410	3307214139289	0.48549	0.21328	8641.19336	0.26074	12204	1	0.51153	0.11353	1	0.45821	0.28887	1	0.48487	0.20120	1	0.47329	0.52728	12.39395	1.06647	1	0.73393	0.54878	13.29769	1.06647	1	-0.00672	-0.00833	0.68946	0.00255	1	0.05910	-0.01170	0.65795	0.00402	1	1.45898	0.81042	0	
1281375	8641.46094	3307214207061	0.48547	0.21307	8641.19336	0.26758	12204	1	0.51153	0.11353	1	0.45805	0.29542	1	0.48479	0.20447	1	0.47336	0.52736	12.15869	1.06647	1	0.73396	0.54869	13.22804	1.05881	1	-0.00672	-0.00833	0.68946	0.00255	1	0.05981	-0.01184	0.66638	0.00403	1	1.45898	0.81042	0	
1281376	8641.46777	3307214273557	0.48574	0.21312	8641.19336	0.27441	12204	1	0.52613	0.12400	1	0.46713	0.30688	1	0.49663	0.21544	1	0.47341	0.52725	12.25840	1.05881	1	0.73400	0.54865	13.16991	1.05115	1	-0.00672	-0.00833	0.68946	0.00257	1	0.05981	-0.01184	0.66638	0.00403	1	1.45898	0.81042	0	
1281377	8641.47461	3307214340721	0.48584	0.21321	8641.19336	0.28125	12204	1	0.51155	0.13323	1	0.46881	0.30001	1	0.49018	0.21662	1	0.47341	0.52720	12.14163	1.05115	1	0.73405	0.54856	13.12075	1.04349	1	-0.00672	-0.00833	0.68946	0.00258	1	0.05981	-0.01184	0.66638	0.00407	1	1.45898	0.81042	0	
1281378	8641.48145	3307214408116	0.48595	0.21344	8641.19336	0.28809	12204	1	0.51243	0.14087	1	0.46856	0.30662	1	0.49050	0.22374	1	0.47341	0.52730	11.99470	1.04349	1	0.73404	0.54888	13.27094	1.03583	1	-0.00672	-0.00833	0.68946	0.00254	1	0.05981	-0.01184	0.66638	0.00389	1	1.45898	0.81042	0	
1281379	8641.48828	3307214474393	0.48608	0.21390	8641.19336	0.29492	12204	1	0.51645	0.15987	1	0.46770	0.30790	1	0.49208	0.23389	1	0.47330	0.52730	12.07767	1.03583	1	0.73406	0.54862	13.14084	1.03583	1	-0.00672	-0.00833	0.68946	0.00249	1	0.05981	-0.01184	0.66638	0.00402	1	1.45898	0.81042	0	
1281380	8641.49512	3307214541681	0.48612	0.21451	8641.19336	0.30176	12204	1	0.51175	0.15267	1	0.46404	0.33100	1	0.48790	0.24183	1	0.47333	0.52724	11.98367	1.03583	1	0.73405	0.54887	13.12430	1.03583	1	-0.00672	-0.00833	0.68946	0.00251	1	0.05981	-0.01184	0.66638	0.00397	1	1.45898	0.81042	0	
1281381	8641.50098	3307214608541	0.48616	0.21509	8641.19336	0.30762	12204	1	0.51175	0.15267	1	0.46404	0.33100	1	0.48790	0.24183	1	0.47336	0.52750	12.37616	1.03583	1	0.73402	0.54886	13.24230	1.03583	1	-0.00672	-0.00833	0.68946	0.00250	1	0.05981	-0.01194	0.66638	0.00394	1	1.45898	0.81042	0	
1281382	8641.50781	3307214674881	0.48618	0.21568	8641.19336	0.31445	12204	1	0.51226	0.16492	1	0.46135	0.32253	1	0.48681	0.24372	1	0.47333	0.52741	12.13515	1.03583	1	0.73402	0.54880	13.19267	1.03583	1	-0.00672	-0.00833	0.68946	0.00248	1	0.05981	-0.01194	0.66638	0.00402	1	1.45898	0.81042	0	
1281383	8641.51465	3307214742424	0.48602	0.21563	8641.19336	0.32129	12204	1	0.50532	0.16007	1	0.46936	0.34728	1	0.48734	0.25367	1	0.47324	0.52737	12.17513	1.03583	1	0.73414	0.54903	13.40129	1.03583	1	-0.00672	-0.00833	0.68946	0.00251	1	0.05981	-0.01194	0.66638	0.00386	1	1.45898	0.81042	0	
1281384	8641.52148	3307214806837	0.48594	0.21761	8641.19336	0.32812	12204	1	0.50421	0.15111	1	0.46966	0.33979	1	0.48694	0.24545	1	0.47317	0.52728	11.89798	1.04492	1	0.73415	0.54901	13.44807	1.04492	1	-0.00697	-0.00856	0.70926	0.00251	1	0.05941	-0.01181	0.66188	0.00387	1	1.45898	0.81042	0	
1281385	8641.52832	3307214876531	0.48585	0.21895	8641.19336	0.33496	12204	1	0.52122	0.27368	1	0.43604	0.33823	1	0.47863	0.30596	1	0.47342	0.52887	12.27338	1.05400	1	0.73360	0.54923	13.48290	1.05400	1	-0.00697	-0.00856	0.70926	0.00392	1	0.05941	-0.01181	0.66188	0.00402	1	1.45898	0.81042	0	
1281386	8641.53516	3307214944416	0.48575	0.22132	8641.19336	0.34180	12204	1	0.50327	0.13917	1	0.45039	0.34668	1	0.47683	0.24293	1	0.47324	0.52732	12.03754	1.06309	1	0.73380	0.54927	13.85329	1.06309	1	-0.00697	-0.00856	0.70926	0.00251	1	0.05941	-0.01181	0.66188	0.00396	1	1.45898	0.81042	0	
1281387	8641.54199	3307215011132	0.48565	0.22345	8641.19336	0.34863	12204	1	0.50218	0.13026	1	0.45063	0.33325	1	0.47641	0.23175	1	0.47307	0.52732	11.98424	1.07218	1	0.73414	0.54893	13.04184	1.07983	1	-0.00688	-0.00850	0.69995	0.00250	1	0.06042	-0.01203	0.67378	0.00387	1	1.45898	0.81042	0	
1281388	8641.54785	3307215076815	0.48569	0.22369	8641.19336	0.35449	12204	1	0.49301	0.10178	1	0.49638	0.28652	1	0.49470	0.19415	1	0.47310	0.52728	11.97839	1.07983	1	0.73414	0.54892	13.05029	1.08749	1	-0.00688	-0.00850	0.69995	0.00245	1	0.06042	-0.01203	0.67378	0.00385	1	1.45898	0.81042	0	
1281389	8641.55469	3307215143867	0.48562	0.22447	8641.19336	0.36133	12204	1	0.49465	0.11201	1	0.47712	0.32556	1	0.48589	0.21878	1	0.47308	0.52730	11.78016	1.08749	1	0.73389	0.54930	13.61610	1.09515	1	-0.00688	-0.00850	0.69995	0.00248	1	0.06042	-0.01203	0.67378	0.00386	1	1.45898	0.81042	0	
1281390	8641.56152	3307215207314	0.48554	0.22515	8641.19336	0.36816	12204	1	0.49483	0.11341	1	0.47678	0.33283	1	0.48580	0.22312	1	0.47303	0.52732	11.95921	1.08607	1	0.73354	0.54944	13.18718	1.08607	1	-0.00672	-0.00824	0.67855	0.00252	1	0.05967	-0.01189	0.66590	0.00392	1	1.45898	0.81042	0	
1281391	8641.56738	3307215271293	0.48542	0.22545	8641.19336	0.37402	12204	1	0.49138	0.11843	1	0.47797	0.34263	1	0.48467	0.23053	1	0.47311	0.52734	11.96517	1.07698	1	0.73391	0.54908	12.65104	1.06932	1	-0.00672	-0.00824	0.67855	0.00247	1	0.05967	-0.01189	0.66590	0.00389	1	1.45898	0.81042	0	
1281392	8641.57422	3307215341914	0.48551	0.22566	8641.19336	0.38086	12204	1	0.49130	0.14065	1	0.49616	0.32635	1	0.49373	0.23350	1	0.47296	0.52737	12.01083	1.06024	1	0.73414	0.54905	13.20964	1.05258	1	-0.00672	-0.00824	0.67855	0.00246	1	0.05967	-0.01189	0.66590	0.00389	1	1.45898	0.81042	0	
1281393	8641.58105	3307215408874	0.48560	0.22590	8641.19336	0.38770	12204	1	0.49348	0.15711	1	0.49564	0.33392	1	0.49456	0.24552	1	0.47279	0.52741	11.81378	1.04349	1	0.73358	0.54927	13.18426	1.04349	1	-0.00672	-0.00824	0.67855	0.00253	1	0.06042	-0.01195	0.67489	0.00385	1	1.45898	0.81042	0	
1281394	8641.58789	3307215472278	0.48558	0.22612	8641.19336	0.39453	12204	1	0.51422	0.16733	1	0.46123	0.35413	1	0.48772	0.26073	1	0.47295	0.52749	11.87836	1.04349	1	0.73357	0.54943	13.24407	1.05115	1	-0.00672	-0.00824	0.67855	0.00243	1	0.06042	-0.01195	0.67489	0.00383	1	1.45898	0.81042	0	
1281395	8641.59473	3307215543841	0.48551	0.22644	8641.19336	0.40137	12204	1	0.50917	0.15572	1	0.47290	0.33058	1	0.49104	0.24315	1	0.47286	0.52743	11.73055	1.05115	1	0.73336	0.54914	13.45118	1.05881	1	-0.00672	-0.00824	0.67855	0.00249	1	0.06042	-0.01195	0.67489	0.00384	1	1.45898	0.81042	0	
1281396	8641.60156	3307215608800	0.48543	0.22646	8641.19336	0.40820	12204	1	0.50828	0.14824	1	0.47317	0.32428	1	0.49072	0.23626	1	0.47283	0.52737	11.66486	1.05881	1	0.73365	0.54881	12.58520	1.06647	1	-0.00672	-0.00824	0.67855	0.00249	1	0.06042	-0.01200	0.67489	0.00386	1	1.45898	0.81042	0	
1281397	8641.60840	3307215676050	0.48603	0.22622	8641.19336	0.41504	12204	1	0.49963	0.13035	1	0.50859	0.32108	1	0.50411	0.22572	1	0.47279	0.52737	11.88493	1.06647	1	0.73397	0.54900	12.68515	1.06647	1	-0.00672	-0.00824	0.67855	0.00242	1	0.06042	-0.01200	0.67489	0.00383	1	1.45898	0.81042	0	
1281398	8641.61523	3307215745056	0.48649	0.22503	8641.19336	0.42188	12204	1	0.49906	0.12787	1	0.49608	0.26524	1	0.49757	0.19656	1	0.47279	0.52734	11.82888	1.06647	1	0.73367	0.54857	12.09819	1.06647	1	-0.00672	-0.00824	0.67855	0.00243	1	0.06042	-0.01200	0.67489	0.00386	1	1.45898	0.81042	0	
1281399	8641.62109	3307215809532	0.48695	0.22406	8641.19336	0.42773	12204	1	0.49906	0.12787	1	0.49608	0.26524	1	0.49757	0.19656	1	0.47282	0.52738	11.91028	1.06647	1	0.73339	0.54893	13.02629	1.06647	1	-0.00672	-0.00824	0.67855	0.00244	1	0.06042	-0.01195	0.67489	0.00386	1	1.45898	0.81042	0	
1281400	8641.62891	3307215881069	0.48728	0.22466	8641.19336	0.43555	12204	1	0.52147	0.13163	1	0.48103	0.30879	1	0.50125	0.22021	1	0.47273	0.52743	11.75052	1.06647	1	0.73355	0.54880	13.01615	1.06647	1	-0.00672	-0.00824	0.67855	0.00250	1	0.06042	-0.01195	0.67489	0.00385	1	1.45898	0.81042	0	
1281401	8641.63477	3307215947661	0.48772	0.22473	8641.19336	0.44141	12204	1	0.52681	0.12473	1	0.47460	0.28609	1	0.50070	0.20541	1	0.47282	0.52738	11.91028	1.06647	1	0.73347	0.54875	12.87554	1.06647	1	-0.00672	-0.00824	0.67855	0.00244	1	0.06042	-0.01195	0.67489	0.00389	1	1.45898	0.81042	0	
1281402	8641.64160	3307216014823	0.48817	0.22494	8641.19336	0.44824	12204	1	0.52681	0.12473	1	0.47460	0.28609	1	0.50070	0.20541	1	0.47266	0.52731	11.68100	1.06647	1	0.73380	0.54852	12.19962	1.06647	1	-0.00672	-0.00824	0.67855	0.00238	1	0.06042	-0.01195	0.67489	0.00393	1	1.45898	0.81042	0	
1281403	8641.64844	3307216082000	0.48809	0.22547	8641.19336	0.45508	12204	1	0.50808	0.13617	1	0.47963	0.27254	1	0.49385	0.20435	1	0.47265	0.52741	11.89914	1.06647	1	0.73356	0.54853	12.77736	1.06647	1	-0.00672	-0.00824	0.67855	0.00242	1	0.06042	-0.01195	0.67489	0.00390	1	1.45898	0.81042	0	
1281404	8641.65527	3307216148901	0.48835	0.22709	8641.19336	0.46191	12204	1	0.51583	0.14970	1	0.46093	0.31703	1	0.48838	0.23336	1	0.47263	0.52748	12.02446	1.06647	1	0.73326	0.54906	13.14750	1.06647	1	-0.00672	-0.00824	0.67855	0.00233	1	0.06042	-0.01195	0.67489	0.00390	1	1.45898	0.81042	0	
1281405	8641.66211	3307216215825	0.48859	0.22842	8641.19336	0.46875	12204	1	0.51483	0.14092	1	0.46097	0.31585	1	0.48790	0.22838	1	0.47251	0.52756	11.94394	1.07556	1	0.73345	0.54894	13.19268	1.06790	1	-0.00716	-0.00859	0.70740	0.00234	1	0.05938	-0.01175	0.66381	0.00384	1	1.45898	0.81042	0	
1281406	8641.66895	3307216282588	0.48850	0.22856	8641.19336	0.47559	12204	1	0.48695	0.12058	1	0.47342	0.25687	1	0.48018	0.18872	1	0.47236	0.52724	11.82367	1.07698	1	0.73336	0.54832	13.11550	1.06932	1	-0.00716	-0.00859	0.70740	0.00241	1	0.05938	-0.01175	0.66381	0.00409	1	1.45898	0.81042	0	
1281407	8641.67578	3307216349853	0.48824	0.22526	8641.19336	0.48242	12204	1	0.49902	0.09829	1	0.46894	0.28754	1	0.48398	0.19292	1	0.47246	0.52722	12.07930	1.07841	1	0.73327	0.54864	13.07703	1.07075	1	-0.00716	-0.00859	0.70740	0.00239	1	0.05938	-0.01175	0.66381	0.00407	1	1.45898	0.81042	0	
1281408	8641.68262	3307216416557	0.48798	0.22210	8641.19336	0.48926	12204	1	0.49995	0.10599	1	0.46870	0.29407	1	0.48432	0.20003	1	0.47244	0.52737	11.54794	1.07075	1	0.73276	0.54934	12.72827	1.06309	1	-0.00691	-0.00824	0.67808	0.00239	1	0.05938	-0.01175	0.66381	0.00392	1	1.45898	0.81042	0	
1281409	8641.68848	3307216483878	0.48787	0.22307	8641.19336	0.49512	12204	1	0.49486	0.15007	1	0.43833	0.36140	1	0.46659	0.25573	1	0.47227	0.52738	11.57121	1.05400	1	0.73280	0.54939	12.77198	1.05400	1	-0.00691	-0.00824	0.67808	0.00240	1	0.05938	-0.01175	0.66381	0.00391	1	1.45898	0.81042	0	
1281410	8641.69531	3307216549516	0.48772	0.22482	8641.19336	0.50195	12204	1	0.49611	0.14808	1	0.43552	0.38003	1	0.46581	0.26405	1	0.47235	0.52734	11.71016	1.04492	1	0.73275	0.54940	12.39828	1.04492	1	-0.00691	-0.00824	0.67808	0.00235	1	0.05938	-0.01175	0.66381	0.00396	1	1.45898	0.81042	0	
1281411	8641.70215	3307216617621	0.48758	0.22660	8641.19336	0.50879	12204	1	0.49728	0.15707	1	0.43552	0.38114	1	0.46640	0.26911	1	0.47230	0.52731	11.77678	1.03583	1	0.73279	0.54902	12.32706	1.04349	1	-0.00691	-0.00824	0.67808	0.00238	1	0.06094	-0.01207	0.68185	0.00393	1	1.45898	0.81042	0	
1281412	8641.70898	3307216684812	0.48765	0.22728	8641.19336	0.51562	12204	1	0.50034	0.15511	1	0.47006	0.30585	1	0.48520	0.23048	1	0.47231	0.52734	11.65150	1.04349	1	0.73300	0.54874	12.58940	1.05115	1	-0.00691	-0.00824	0.67808	0.00241	1	0.06094	-0.01207	0.68185	0.00372	1	1.45898	0.81042	0	
1281413	8641.71582	3307216749008	0.48771	0.22749	8641.19336	0.52246	12204	1	0.51061	0.15045	1	0.46097	0.32770	1	0.48579	0.23908	1	0.47221	0.52733	11.70783	1.05115	1	0.73292	0.54908	12.37790	1.05881	1	-0.00691	-0.00824	0.67808	0.00233	1	0.06094	-0.01207	0.68185	0.00392	1	1.45898	0.81042	0	
1281414	8641.72266	3307216819089	0.48775	0.22753	8641.19336	0.52930	12204	1	0.50973	0.14294	1	0.46097	0.32770	1	0.48535	0.23532	1	0.47219	0.52740	11.75473	1.05881	1	0.73290	0.54860	12.63261	1.05881	1	-0.00691	-0.00824	0.67808	0.00237	1	0.05910	-0.01171	0.66178	0.00406	1	1.45898	0.81042	0	
1281415	8641.72949	3307216886104	0.48813	0.22735	8641.19336	0.53613	12204	1	0.51263	0.12983	1	0.49469	0.27025	1	0.50366	0.20004	1	0.47215	0.52739	11.57483	1.05881	1	0.73296	0.54848	12.55753	1.05115	1	-0.00691	-0.00824	0.67808	0.00241	1	0.05910	-0.01171	0.66178	0.00407	1	1.45898	0.81042	0	
1281416	8641.73535	3307216952408	0.48841	0.22792	8641.19336	0.54199	12204	1	0.51856	0.13619	1	0.48641	0.34077	1	0.50248	0.23848	1	0.47195	0.52732	11.24088	1.05115	1	0.73281	0.54916	12.82655	1.04349	1	-0.00691	-0.00824	0.67808	0.00237	1	0.05910	-0.01171	0.66178	0.00375	1	1.45898	0.81042	0	
1281417	8641.74219	3307217019789	0.48871	0.22872	8641.19336	0.54883	12204	1	0.51940	0.14380	1	0.48641	0.34077	1	0.50290	0.24229	1	0.47196	0.52727	11.36249	1.04349	1	0.73276	0.54861	12.67737	1.04349	1	-0.00697	-0.00825	0.68338	0.00235	1	0.06045	-0.01199	0.67749	0.00393	1	1.45898	0.81042	0	
1281418	8641.74902	3307217087180	0.48895	0.22916	8641.19336	0.55566	12204	1	0.51398	0.14998	1	0.48597	0.35663	1	0.49997	0.25330	1	0.47199	0.52732	11.51095	1.04349	1	0.73284	0.54873	12.91514	1.05115	1	-0.00697	-0.00825	0.68338	0.00245	1	0.06045	-0.01199	0.67749	0.00386	1	1.45898	0.81042	0	
1281419	8641.75586	3307217151264	0.48920	0.23012	8641.19336	0.56250	12204	1	0.52465	0.13970	1	0.48100	0.33670	1	0.50282	0.23820	1	0.47201	0.52728	11.52523	1.05115	1	0.73277	0.54875	12.81715	1.05881	1	-0.00697	-0.00825	0.68338	0.00243	1	0.06045	-0.01199	0.67749	0.00388	1	1.45898	0.81042	0	
1281420	8641.76270	3307217220660	0.48943	0.23083	8641.19336	0.56934	12204	1	0.52289	0.12312	1	0.48139	0.32927	1	0.50214	0.22619	1	0.47176	0.52736	11.53933	1.06790	1	0.73253	0.54892	13.17131	1.06790	1	-0.00731	-0.00865	0.71154	0.00233	1	0.05941	-0.01179	0.66637	0.00379	1	1.45898	0.81042	0	
1281421	8641.76953	3307217287476	0.48976	0.22918	8641.19336	0.57617	12204	1	0.50776	0.11682	1	0.49646	0.32855	1	0.50211	0.22268	1	0.47171	0.52737	11.48708	1.07698	1	0.73297	0.54861	12.20520	1.06932	1	-0.00731	-0.00865	0.71154	0.00228	1	0.05941	-0.01179	0.66637	0.00384	1	1.45898	0.81042	0	
1281422	8641.77637	3307217354463	0.48980	0.22962	8641.19336	0.58301	12204	1	0.50171	0.11736	1	0.47178	0.32680	1	0.48675	0.22208	1	0.47169	0.52738	11.54602	1.07841	1	0.73264	0.54854	12.77957	1.07075	1	-0.00731	-0.00865	0.71154	0.00229	1	0.05941	-0.01179	0.66637	0.00380	1	1.45898	0.81042	0	
1281423	8641.78223	3307217421520	0.48985	0.23006	8641.19336	0.58887	12204	1	0.50263	0.12492	1	0.47178	0.32680	1	0.48720	0.22586	1	0.47141	0.52723	11.91592	1.07075	1	0.73225	0.54874	11.79691	1.07075	1	-0.00719	-0.00832	0.68506	0.00232	1	0.06070	-0.01206	0.68143	0.00400	1	1.45898	0.81042	0	
1281424	8641.78906	3307217488522	0.48963	0.22994	8641.19336	0.59570	12204	1	0.49524	0.14191	1	0.47739	0.27738	1	0.48631	0.20964	1	0.47153	0.52740	11.26630	1.06166	1	0.73231	0.54860	12.05526	1.06932	1	-0.00719	-0.00832	0.68506	0.00234	1	0.06070	-0.01206	0.68143	0.00396	1	1.45898	0.81042	0	
1281425	8641.79590	3307217555830	0.48921	0.23067	8641.19336	0.60254	12204	1	0.48631	0.13978	1	0.45351	0.36301	1	0.46991	0.25140	1	0.47139	0.52735	11.40631	1.06024	1	0.73196	0.54902	12.65731	1.06790	1	-0.00719	-0.00832	0.68506	0.00235	1	0.06070	-0.01206	0.68143	0.00389	1	1.45898	0.81042	0	
1281426	8641.80273	3307217622474	0.48878	0.23127	8641.19336	0.60938	12204	1	0.48650	0.14118	1	0.45349	0.36413	1	0.46999	0.25266	1	0.47137	0.52719	11.85458	1.05881	1	0.73232	0.54865	12.61876	1.06647	1	-0.00710	-0.00816	0.67588	0.00233	1	0.06070	-0.01203	0.68260	0.00385	1	1.45898	0.81042	0	
1281427	8641.80957	3307217689351	0.48892	0.23081	8641.19336	0.61621	12204	1	0.50685	0.12619	1	0.49089	0.29784	1	0.49887	0.21201	1	0.47136	0.52735	11.60368	1.06647	1	0.73214	0.54833	12.14525	1.06647	1	-0.00710	-0.00816	0.67588	0.00241	1	0.06070	-0.01203	0.68260	0.00390	1	1.45898	0.81042	0	
1281428	8641.81641	3307217756682	0.48933	0.23005	8641.19336	0.62305	12204	1	0.52630	0.11885	1	0.48870	0.29093	1	0.50750	0.20489	1	0.47131	0.52728	11.23757	1.06647	1	0.73207	0.54831	12.26393	1.06647	1	-0.00710	-0.00816	0.67588	0.00242	1	0.06070	-0.01203	0.68260	0.00384	1	1.45898	0.81042	0	
1281429	8641.82227	3307217822524	0.48974	0.22928	8641.19336	0.62891	12204	1	0.52630	0.11885	1	0.48870	0.29093	1	0.50750	0.20489	1	0.47115	0.52728	11.34081	1.06647	1	0.73225	0.54828	12.18799	1.06647	1	-0.00719	-0.00822	0.68505	0.00232	1	0.06070	-0.01203	0.68260	0.00385	1	1.45898	0.81042	0	
1281430	8641.82910	3307217890005	0.48999	0.22890	8641.19336	0.63574	12204	1	0.51469	0.12683	1	0.48256	0.32473	1	0.49862	0.22578	1	0.47108	0.52732	11.31481	1.06647	1	0.73200	0.54802	12.74516	1.06647	1	-0.00719	-0.00822	0.68505	0.00234	1	0.06070	-0.01203	0.68260	0.00372	1	1.45898	0.81042	0	
1281431	8641.83594	3307217957739	0.49020	0.22844	8641.19336	0.64258	12204	1	0.51220	0.13083	1	0.48268	0.33175	1	0.49744	0.23129	1	0.47104	0.52730	11.40873	1.06647	1	0.73203	0.54812	12.60843	1.06647	1	-0.00719	-0.00822	0.68505	0.00236	1	0.06070	-0.01203	0.68260	0.00374	1	1.45898	0.81042	0	
1281432	8641.84277	3307218024500	0.49041	0.22797	8641.19336	0.64941	12204	1	0.51117	0.12188	1	0.48308	0.32433	1	0.49713	0.22311	1	0.47106	0.52724	11.32388	1.07556	1	0.73189	0.54786	12.77293	1.07556	1	-0.00748	-0.00849	0.70786	0.00235	1	0.06070	-0.01203	0.68260	0.00377	1	1.45898	0.81042	0	
1281433	8641.84961	3307218090756	0.49092	0.22518	8641.19336	0.65625	12204	1	0.50442	0.09937	1	0.50220	0.24452	1	0.50331	0.17194	1	0.47104	0.52713	11.61162	1.08464	1	0.73224	0.54752	12.01306	1.08464	1	-0.00748	-0.00849	0.70786	0.00233	1	0.06070	-0.01203	0.68260	0.00402	1	1.45898	0.81042	0	
1281434	8641.85645	3307218158094	0.49143	0.22438	8641.19336	0.66309	12204	1	0.50873	0.10653	1	0.49370	0.30312	1	0.50121	0.20483	1	0.47103	0.52741	11.40063	1.09373	1	0.73213	0.54805	12.15276	1.09373	1	-0.00748	-0.00849	0.70786	0.00234	1	0.06070	-0.01203	0.68260	0.00387	1	1.45898	0.81042	0	
1281435	8641.86328	3307218225350	0.49195	0.22382	8641.19336	0.66992	12204	1	0.50873	0.10653	1	0.49370	0.30312	1	0.50121	0.20483	1	0.47098	0.52730	11.49159	1.09373	1	0.73224	0.54814	12.42921	1.09373	1	-0.00710	-0.00806	0.67588	0.00231	1	0.06070	-0.01203	0.68260	0.00379	1	1.45898	0.81042	0	
1281436	8641.87012	3307218292168	0.49204	0.22386	8641.19336	0.67676	12204	1	0.50050	0.09096	1	0.49786	0.30055	1	0.49918	0.19576	1	0.47097	0.52716	11.61436	1.08464	1	0.73217	0.54818	12.22072	1.08464	1	-0.00710	-0.00806	0.67588	0.00232	1	0.06070	-0.01203	0.68260	0.00387	1	1.45898	0.81042	0	
1281437	8641.87598	3307218358636	0.49244	0.22339	8641.19336	0.68262	12204	1	0.51036	0.10682	1	0.50005	0.28603	1	0.50520	0.19642	1	0.47098	0.52724	11.60888	1.07556	1	0.73222	0.54769	11.92517	1.07556	1	-0.00710	-0.00806	0.67588	0.00231	1	0.06070	-0.01203	0.68260	0.00411	1	1.45898	0.81042	0	
1281438	8641.88281	3307218426276	0.49285	0.22301	8641.19336	0.68945	12204	1	0.51139	0.11589	1	0.49952	0.29378	1	0.50545	0.20484	1	0.47100	0.52712	11.19056	1.06647	1	0.73226	0.54744	11.92696	1.06647	1	-0.00719	-0.00822	0.68505	0.00237	1	0.06070	-0.01203	0.68260	0.00421	1	1.45898	0.81042	0	
1281439	8641.88965	3307218493553	0.49318	0.22289	8641.19336	0.69629	12204	1	0.50686	0.12563	1	0.49402	0.32379	1	0.50044	0.22471	1	0.47099	0.52714	11.77652	1.06647	1	0.73222	0.54811	12.10071	1.06647	1	-0.00719	-0.00822	0.68505	0.00232	1	0.06070	-0.01203	0.68260	0.00394	1	1.45898	0.81042	0	
1281440	8641.89648	3307218560992	0.49344	0.22201	8641.19336	0.70312	12204	1	0.52289	0.16310	1	0.48957	0.21926	1	0.50623	0.19118	1	0.47103	0.52717	11.48457	1.06647	1	0.73199	0.54712	12.58147	1.06647	1	-0.00719	-0.00822	0.68505	0.00232	1	0.06070	-0.01203	0.68260	0.00414	1	1.45898	0.81042	0	
1281441	8641.90332	3307218627250	0.49368	0.22095	8641.19336	0.70996	12204	1	0.52289	0.16310	1	0.48919	0.22632	1	0.50604	0.19471	1	0.47102	0.52690	11.10456	1.06647	1	0.73229	0.54691	11.85684	1.05881	1	-0.00719	-0.00822	0.68505	0.00233	1	0.05867	-0.01159	0.66036	0.00428	1	1.45898	0.81042	0	
1281442	8641.91016	3307218693138	0.49401	0.21958	8641.19336	0.71680	12204	1	0.50720	0.14742	1	0.49994	0.24221	1	0.50357	0.19481	1	0.47101	0.52697	11.42472	1.05881	1	0.73224	0.54692	12.00137	1.05115	1	-0.00719	-0.00822	0.68505	0.00239	1	0.05867	-0.01159	0.66036	0.00433	1	1.45898	0.81042	0	
1281443	8641.91602	3307218760163	0.49442	0.21913	8641.19336	0.72266	12204	1	0.51321	0.16503	1	0.50776	0.27828	1	0.51048	0.22166	1	0.47105	0.52715	11.67449	1.05115	1	0.73241	0.54742	12.02202	1.04349	1	-0.00719	-0.00822	0.68505	0.00235	1	0.05867	-0.01159	0.66036	0.00415	1	1.45898	0.81042	0	
1281444	8641.92285	3307218826698	0.49483	0.21897	8641.19336	0.72949	12204	1	0.51408	0.17243	1	0.50724	0.28508	1	0.51066	0.22876	1	0.47107	0.52691	11.35419	1.04349	1	0.73210	0.54753	12.54723	1.03583	1	-0.00710	-0.00806	0.67588	0.00233	1	0.05893	-0.01159	0.66323	0.00400	1	1.45898	0.81042	0	
1281445	8641.92969	3307218895829	0.49465	0.21942	8641.19336	0.73633	12204	1	0.51016	0.14746	1	0.48040	0.34736	1	0.49528	0.24741	1	0.47095	0.52670	11.38319	1.03583	1	0.73200	0.54745	12.56511	1.03583	1	-0.00710	-0.00806	0.67588	0.00228	1	0.05893	-0.01159	0.66323	0.00422	1	1.45898	0.81042	0	
1281446	8641.93652	3307218962957	0.49471	0.22031	8641.19336	0.74316	12204	1	0.51456	0.16012	1	0.48630	0.31808	1	0.50043	0.23910	1	0.47108	0.52683	11.50681	1.03583	1	0.73205	0.54722	12.25569	1.03583	1	-0.00710	-0.00806	0.67588	0.00232	1	0.05893	-0.01159	0.66323	0.00426	1	1.45898	0.81042	0	
1281447	8641.94336	3307219029042	0.49477	0.22113	8641.19336	0.75000	12204	1	0.51456	0.16012	1	0.48667	0.31154	1	0.50062	0.23583	1	0.47114	0.52675	11.41541	1.03583	1	0.73225	0.54795	12.45942	1.04349	1	-0.00710	-0.00806	0.67588	0.00229	1	0.06038	-0.01192	0.67899	0.00385	1	1.45898	0.81042	0	
1281448	8641.95020	3307219096241	0.49483	0.22189	8641.19336	0.75684	12204	1	0.51040	0.14106	1	0.49811	0.37292	1	0.50425	0.25699	1	0.47105	0.52666	11.33142	1.04349	1	0.73224	0.54798	12.50699	1.05115	1	-0.00710	-0.00806	0.67588	0.00226	1	0.06038	-0.01192	0.67899	0.00381	1	1.45898	0.81042	0	
1281449	8641.95703	3307219161759	0.49497	0.22240	8641.19336	0.76367	12204	1	0.51474	0.13907	1	0.49971	0.32033	1	0.50723	0.22970	1	0.47109	0.52674	11.35703	1.05115	1	0.73224	0.54798	12.50699	1.05881	1	-0.00710	-0.00806	0.67588	0.00233	1	0.06038	-0.01192	0.67899	0.00382	1	1.45898	0.81042	0	
1281450	8641.96289	3307219227941	0.49510	0.22276	8641.19336	0.76953	12204	1	0.51388	0.13148	1	0.50017	0.31394	1	0.50703	0.22271	1	0.47117	0.52648	11.59627	1.05881	1	0.73217	0.54753	12.33814	1.06647	1	-0.00710	-0.00806	0.67588	0.00242	1	0.06038	-0.01181	0.67899	0.00393	1	1.45898	0.81042	0	
1281451	8641.96973	3307219293852	0.49500	0.22317	8641.19336	0.77637	12204	1	0.49438	0.10908	1	0.48374	0.33914	1	0.48906	0.22411	1	0.47120	0.52660	11.22485	1.06647	1	0.73199	0.54781	12.69658	1.06647	1	-0.00710	-0.00806	0.67588	0.00239	1	0.06038	-0.01181	0.67899	0.00381	1	1.45898	0.81042	0	
1281452	8641.97656	3307219359531	0.49510	0.22216	8641.19336	0.78320	12204	1	0.49426	0.08587	1	0.49188	0.28401	1	0.49307	0.18494	1	0.47117	0.52647	11.60646	1.06647	1	0.73212	0.54724	12.04227	1.06647	1	-0.00710	-0.00806	0.67588	0.00242	1	0.06038	-0.01181	0.67899	0.00412	1	1.45898	0.81042	0	
1281453	8641.98340	3307219429611	0.49521	0.22126	8641.19336	0.79004	12204	1	0.49426	0.08587	1	0.49188	0.28401	1	0.49307	0.18494	1	0.47112	0.52642	11.62060	1.06647	1	0.73215	0.54733	12.14951	1.06647	1	-0.00719	-0.00812	0.68505	0.00227	1	0.06038	-0.01181	0.67899	0.00409	1	1.45898	0.81042	0	
1281454	8641.99023	3307219494759	0.49544	0.22190	8641.19336	0.79688	12204	1	0.49665	0.08900	1	0.48589	0.35045	1	0.49127	0.21973	1	0.47124	0.52658	11.25846	1.06647	1	0.73205	0.54791	12.37685	1.06647	1	-0.00719	-0.00812	0.68505	0.00233	1	0.06038	-0.01181	0.67899	0.00383	1	1.45898	0.81042	0	
1281455	8641.99707	3307219562734	0.49554	0.22291	8641.19336	0.80371	12204	1	0.50543	0.10688	1	0.47187	0.37599	1	0.48865	0.24144	1	0.47123	0.52653	11.07976	1.06647	1	0.73226	0.54809	12.43237	1.06647	1	-0.00719	-0.00812	0.68505	0.00235	1	0.06038	-0.01181	0.67899	0.00380	1	1.45898	0.81042	0	
1281456	8642.00293	3307219627224	0.49563	0.22378	8641.19336	0.80957	12204	1	0.50543	0.10688	1	0.47187	0.37599	1	0.48865	0.24144	1	0.47130	0.52649	11.11086	1.06647	1	0.73213	0.54785	12.45395	1.06647	1	-0.00719	-0.00812	0.68505	0.00231	1	0.06038	-0.01181	0.67899	0.00387	1	1.45898	0.81042	0	
1281457	8642.00977	3307219694784	0.49609	0.22322	8641.19336	0.81641	12204	1	0.50552	0.10324	1	0.47265	0.35498	1	0.48908	0.22911	1	0.47142	0.52650	11.27350	1.06647	1	0.73228	0.54786	12.46105	1.06647	1	-0.00719	-0.00812	0.68505	0.00233	1	0.06038	-0.01181	0.67899	0.00392	1	1.45898	0.81042	0	
1281458	8642.01660	3307219761472	0.49666	0.22181	8641.19336	0.82324	12204	1	0.50910	0.10962	1	0.47699	0.28284	1	0.49304	0.19623	1	0.47139	0.52657	11.23968	1.06647	1	0.73226	0.54703	12.01388	1.06647	1	-0.00719	-0.00812	0.68505	0.00228	1	0.06038	-0.01181	0.67899	0.00424	1	1.45898	0.81042	0	
1281459	8642.02344	3307219830718	0.49722	0.22029	8641.19336	0.83008	12204	1	0.50910	0.10962	1	0.47699	0.28284	1	0.49304	0.19623	1	0.47153	0.52640	11.50882	1.06647	1	0.73218	0.54742	12.09560	1.06647	1	-0.00710	-0.00806	0.67588	0.00231	1	0.06138	-0.01204	0.68908	0.00425	1	1.45898	0.81042	0	
1281460	8642.03027	3307219899901	0.49685	0.22066	8641.19336	0.83691	12204	1	0.49483	0.10113	1	0.43987	0.39559	1	0.46735	0.24836	1	0.47164	0.52646	11.48056	1.06647	1	0.73209	0.54815	12.43121	1.06647	1	-0.00710	-0.00806	0.67588	0.00238	1	0.06138	-0.01204	0.68908	0.00381	1	1.45898	0.81042	0	
1281461	8642.03711	3307219966884	0.49459	0.21631	8641.19336	0.84375	12204	1	0.49483	0.10113	0	0.37759	0.02991	1	0.37759	0.02991	1	0.47164	0.52646	11.48056	1.06647	0	0.47153	0.52639	11.44129	1.06647	1	-0.00710	-0.00806	0.67588	0.00238	1	0.06138	-0.01204	0.68908	0.00233	1	1.45898	0.81042	0	
1281462	8642.04395	3307220034928	0.47012	0.18553	8641.19336	0.84375	12204	0	0.49483	0.10113	0	0.37759	0.02991	1	0.37759	0.02991	1	0.47164	0.52646	11.48056	1.06647	0	0.47153	0.52639	11.44129	1.06647	1	-0.00710	-0.00806	0.67588	0.00238	1	-0.00705	-0.00807	0.68113	0.00233	1	1.45898	0.81042	0	
1281463	8642.05078	3307220100567	0.42573	0.10883	8641.19336	0.84375	12204	0	0.49483	0.10113	0	0.38134	0.03213	1	0.38134	0.03213	1	0.47164	0.52646	11.48056	1.06647	0	0.47160	0.52647	11.48412	1.06647	1	-0.00710	-0.00806	0.67588	0.00238	1	-0.00705	-0.00807	0.68113	0.00235	1	1.45898	0.81042	0	
1281464	8642.05762	3307220167958	0.41111	0.07823	8641.19336	0.84375	12204	0	0.49483	0.10113	0	0.38187	0.01704	1	0.38187	0.01704	1	0.47164	0.52646	11.48056	1.06647	0	0.47158	0.52646	11.52566	1.06647	1	-0.00710	-0.00806	0.67588	0.00238	1	-0.00705	-0.00807	0.68113	0.00234	1	1.45898	0.81042	0	
1281465	8642.06445	3307220234840	0.38169	0.02207	8641.19336	0.84375	12204	0	0.49483	0.10113	0	0.38187	0.01704	1	0.38187	0.01704	1	0.47164	0.52646	11.48056	1.06647	0	0.47180	0.52659	11.07059	1.06647	1	-0.00710	-0.00806	0.67588	0.00238	1	-0.00691	-0.00804	0.67808	0.00229	1	1.45898	0.81042	0	
1281466	8642.07031	3307220298957	0.37918	0.02892	8641.19336	0.84375	12204	0	0.49483	0.10113	0	0.37668	0.03577	1	0.37668	0.03577	1	0.47164	0.52646	11.48056	1.06647	0	0.47192	0.52647	11.04288	1.06647	1	-0.00710	-0.00806	0.67588	0.00238	1	-0.00691	-0.00804	0.67808	0.00231	1	1.45898	0.81042	0	
1281467	8642.07715	3307220368781	0.37998	0.03211	8641.19336	0.84375	12204	0	0.49483	0.10113	0	0.38156	0.03848	1	0.38156	0.03848	1	0.47164	0.52646	11.48056	1.06647	0	0.47191	0.52653	11.17156	1.06647	1	-0.00710	-0.00806	0.67588	0.00238	1	-0.00691	-0.00804	0.67808	0.00232	1	1.45898	0.81042	0	
1281468	8642.08398	3307220435768	0.38037	0.03370	8642.06445	0.01953	12205	1	0.49483	0.10113	0	0.38156	0.03848	1	0.38156	0.03848	1	0.47164	0.52646	11.48056	1.06647	0	0.47217	0.52657	11.32377	1.06647	1	-0.00710	-0.00806	0.67588	0.00238	1	-0.00691	-0.00804	0.67808	0.00231	1	1.45898	0.81042	0	
1281469	8642.09082	3307220503145	0.38252	0.03621	8642.06445	0.02637	12205	1	0.49483	0.10113	0	0.39112	0.04625	1	0.39112	0.04625	1	0.47164	0.52646	11.48056	1.06647	0	0.47220	0.52650	11.27350	1.06647	1	-0.00710	-0.00806	0.67588	0.00238	1	-0.00691	-0.00804	0.67808	0.00233	1	1.45898	0.81042	0	
1281470	8642.09766	3307220567008	0.37931	0.03933	8642.06445	0.03320	12205	1	0.49483	0.10113	0	0.36325	0.05491	1	0.36325	0.05491	1	0.47164	0.52646	11.48056	1.06647	0	0.47214	0.52656	11.21216	1.06647	1	-0.00710	-0.00806	0.67588	0.00238	1	-0.00691	-0.00804	0.67808	0.00227	1	1.45898	0.81042	0	
1281471	8642.10449	3307220636840	0.38638	0.04420	8642.06445	0.04004	12205	1	0.49483	0.10113	1	0.36270	0.04569	1	0.42877	0.07341	1	0.47219	0.52656	11.40883	1.06647	1	0.73286	0.54785	12.08411	1.07515	1	-0.00691	-0.00804	0.67808	0.00224	1	0.06242	-0.01232	0.69891	0.00399	1	1.45898	0.81042	0	
1281472	8642.11133	3307220703654	0.39840	0.06433	8642.06445	0.04688	12205	1	0.49202	0.09282	1	0.47315	0.31774	1	0.48258	0.20528	1	0.47235	0.52659	11.21147	1.07515	1	0.73298	0.54799	12.03175	1.08383	1	-0.00691	-0.00804	0.67808	0.00238	1	0.06242	-0.01232	0.69891	0.00402	1	1.45898	0.81042	0	
1281473	8642.11719	3307220771690	0.40690	0.07751	8642.06445	0.05273	12205	1	0.49619	0.08038	1	0.45359	0.28548	1	0.47489	0.18293	1	0.47242	0.52646	11.48056	1.08383	1	0.73308	0.54800	12.04263	1.09251	1	-0.00691	-0.00804	0.67808	0.00237	1	0.06242	-0.01232	0.69891	0.00401	1	1.45898	0.81042	0	
1281474	8642.12402	3307220838526	0.41364	0.08793	8642.06445	0.05957	12205	1	0.49512	0.07156	1	0.45346	0.29189	1	0.47429	0.18172	1	0.47244	0.52638	11.54890	1.09251	1	0.73327	0.54819	11.94842	1.08485	1	-0.00672	-0.00804	0.67854	0.00229	1	0.05938	-0.01170	0.66381	0.00394	1	1.45898	0.81042	0	
1281475	8642.13086	3307220904721	0.42047	0.09917	8642.06445	0.06641	12205	1	0.51178	0.07094	1	0.46584	0.35209	1	0.48881	0.21152	1	0.47263	0.52647	11.20338	1.08485	1	0.73326	0.54833	11.90255	1.06851	1	-0.00672	-0.00804	0.67854	0.00235	1	0.05938	-0.01170	0.66381	0.00402	1	1.45898	0.81042	0	
1281476	8642.13770	3307220970751	0.42704	0.10966	8642.06445	0.07324	12205	1	0.50290	0.10274	1	0.49555	0.34753	1	0.49923	0.22514	1	0.47254	0.52646	11.35970	1.06851	1	0.73373	0.54820	12.14820	1.05217	1	-0.00672	-0.00804	0.67854	0.00226	1	0.05938	-0.01170	0.66381	0.00399	1	1.45898	0.81042	0	
1281477	8642.14453	3307221038584	0.43265	0.11945	8642.06445	0.08008	12205	1	0.50486	0.11924	1	0.49507	0.35459	1	0.49996	0.23692	1	0.47267	0.52648	11.37738	1.05217	1	0.73387	0.54770	11.97755	1.04349	1	-0.00672	-0.00804	0.67854	0.00228	1	0.06042	-0.01189	0.67489	0.00381	1	1.45898	0.81042	0	
1281478	8642.15137	3307221105461	0.43709	0.12703	8642.06445	0.08691	12205	1	0.49485	0.11888	1	0.49496	0.33232	1	0.49490	0.22560	1	0.47267	0.52636	11.40069	1.04349	1	0.73381	0.54811	12.11857	1.05115	1	-0.00672	-0.00804	0.67854	0.00229	1	0.06042	-0.01189	0.67489	0.00391	1	1.45898	0.81042	0	
1281479	8642.15723	3307221170508	0.45638	0.15591	8642.06445	0.08691	12205	0	0.49340	0.10112	1	0.50103	0.27645	1	0.49722	0.18879	1	0.47267	0.52633	11.24518	1.05115	1	0.73378	0.54779	11.52916	1.05881	1	-0.00672	-0.00804	0.67854	0.00231	1	0.06042	-0.01189	0.67489	0.00400	1	1.45898	0.81042	0	
1281480	8642.16406	3307221239086	0.47667	0.16870	8642.06445	0.08691	12205	0	0.49241	0.09324	1	0.50150	0.26974	1	0.49695	0.18149	1	0.47293	0.52662	11.21025	1.05881	1	0.73367	0.54809	12.40978	1.06647	1	-0.00669	-0.00806	0.67599	0.00232	1	0.06042	-0.01189	0.67489	0.00392	1	1.45898	0.81042	0	
1281481	8642.17090	3307221306573	0.47778	0.18677	8642.06445	0.08691	12205	0	0.48275	0.12109	1	0.47722	0.32471	1	0.47999	0.22290	1	0.47288	0.52664	11.25259	1.06647	1	0.73379	0.54802	11.88540	1.06647	1	-0.00669	-0.00806	0.67599	0.00229	1	0.06042	-0.01189	0.67489	0.00408	1	1.45898	0.81042	0	
1281482	8642.17773	3307221370922	0.47348	0.19997	8642.15723	0.02051	12206	1	0.47988	0.11287	1	0.44130	0.36631	1	0.46059	0.23959	1	0.47290	0.52651	11.07857	1.06647	1	0.73332	0.54869	12.61753	1.06647	1	-0.00669	-0.00806	0.67599	0.00228	1	0.06042	-0.01189	0.67489	0.00416	1	1.45898	0.81042	0	
1281483	8642.18457	3307221440044	0.47078	0.20627	8642.15723	0.02734	12206	1	0.47863	0.10374	1	0.44136	0.35921	1	0.45999	0.23148	1	0.47305	0.52644	11.39799	1.07556	1	0.73371	0.54887	11.96431	1.07556	1	-0.00692	-0.00835	0.70468	0.00234	1	0.06042	-0.01193	0.67378	0.00398	1	1.45898	0.81042	0	
1281484	8642.19141	3307221507322	0.46900	0.21117	8642.15723	0.03418	12206	1	0.49441	0.08531	1	0.42579	0.38602	1	0.46010	0.23567	1	0.47312	0.52662	11.32591	1.08464	1	0.73345	0.54915	12.43346	1.08464	1	-0.00692	-0.00835	0.70468	0.00236	1	0.06042	-0.01193	0.67378	0.00404	1	1.45898	0.81042	0	
1281485	8642.19824	3307221574448	0.46705	0.21122	8642.15723	0.04102	12206	1	0.48756	0.08702	1	0.42319	0.33597	1	0.45537	0.21150	1	0.47304	0.52660	11.27828	1.09373	1	0.73336	0.54904	12.15717	1.09373	1	-0.00692	-0.00835	0.70468	0.00231	1	0.06042	-0.01193	0.67378	0.00408	1	1.45898	0.81042	0	
1281486	8642.20508	3307221642118	0.46559	0.21125	8642.15723	0.04785	12206	1	0.48756	0.08702	1	0.42319	0.33597	1	0.45537	0.21150	1	0.47310	0.52657	11.25293	1.09373	1	0.73344	0.54909	12.45445	1.09373	1	-0.00666	-0.00810	0.68353	0.00235	1	0.06042	-0.01193	0.67378	0.00404	1	1.45898	0.81042	0	
1281487	8642.21094	3307221708288	0.46555	0.21077	8642.15723	0.05371	12206	1	0.49265	0.07226	1	0.43782	0.34159	1	0.46523	0.20693	1	0.47316	0.52647	11.48412	1.08464	1	0.73370	0.54894	13.10005	1.08464	1	-0.00666	-0.00810	0.68353	0.00235	1	0.06042	-0.01193	0.67378	0.00409	1	1.45898	0.81042	0	
1281488	8642.21777	3307221775311	0.46641	0.20996	8642.15723	0.06055	12206	1	0.49565	0.10601	1	0.45255	0.29926	1	0.47410	0.20264	1	0.47318	0.52670	10.91304	1.07556	1	0.73381	0.54898	13.18135	1.07556	1	-0.00666	-0.00810	0.68353	0.00236	1	0.06042	-0.01193	0.67378	0.00390	1	1.45898	0.81042	0	
1281489	8642.22461	3307221842360	0.46710	0.20958	8642.15723	0.06738	12206	1	0.49565	0.10601	1	0.45243	0.30567	1	0.47404	0.20584	1	0.47330	0.52677	11.12765	1.07556	1	0.73425	0.54866	12.57234	1.06790	1	-0.00675	-0.00827	0.69806	0.00229	1	0.05941	-0.01172	0.66188	0.00379	1	1.45898	0.81042	0	
1281490	8642.23145	3307221909248	0.47017	0.20793	8642.15723	0.07422	12206	1	0.51322	0.11819	1	0.49450	0.26118	1	0.50386	0.18968	1	0.47336	0.52680	11.37336	1.07698	1	0.73451	0.54819	12.38253	1.06932	1	-0.00675	-0.00827	0.69806	0.00224	1	0.05941	-0.01172	0.66188	0.00413	1	1.45898	0.81042	0	
1281491	8642.23828	3307221975394	0.47276	0.20868	8642.15723	0.08105	12206	1	0.51582	0.11398	1	0.49193	0.32145	1	0.50388	0.21771	1	0.47341	0.52681	11.04659	1.07841	1	0.73445	0.54894	12.24631	1.07075	1	-0.00675	-0.00827	0.69806	0.00247	1	0.05941	-0.01172	0.66188	0.00379	1	1.45898	0.81042	0	
1281492	8642.24512	3307222043170	0.47500	0.20982	8642.15723	0.08789	12206	1	0.51666	0.12156	1	0.49154	0.32775	1	0.50410	0.22465	1	0.47357	0.52664	11.33914	1.07075	1	0.73445	0.54885	12.59632	1.06309	1	-0.00654	-0.00807	0.68105	0.00236	1	0.05941	-0.01172	0.66188	0.00385	1	1.45898	0.81042	0	
1281493	8642.25195	3307222110722	0.47750	0.21210	8642.15723	0.09473	12206	1	0.52780	0.12734	1	0.49713	0.36081	1	0.51247	0.24407	1	0.47357	0.52664	11.33914	1.05400	1	0.73459	0.54905	12.61510	1.05400	1	-0.00654	-0.00807	0.68105	0.00236	1	0.05941	-0.01172	0.66188	0.00382	1	1.45898	0.81042	0	
1281494	8642.25781	3307222175356	0.47839	0.21117	8642.15723	0.10059	12206	1	0.48537	0.14384	1	0.49812	0.25065	1	0.49175	0.19724	1	0.47340	0.52668	11.40559	1.04492	1	0.73453	0.54815	12.37112	1.04492	1	-0.00654	-0.00807	0.68105	0.00226	1	0.05941	-0.01172	0.66188	0.00417	1	1.45898	0.81042	0	
1281495	8642.26465	3307222244584	0.47921	0.21066	8642.15723	0.10742	12206	1	0.48661	0.15288	1	0.49804	0.25195	1	0.49233	0.20241	1	0.47359	0.52674	11.58071	1.03583	1	0.73448	0.54873	12.32287	1.04349	1	-0.00654	-0.00807	0.68105	0.00235	1	0.05910	-0.01165	0.65795	0.00385	1	1.45898	0.81042	0	
1281496	8642.27148	3307222311236	0.48086	0.21152	8642.15723	0.11426	12206	1	0.52620	0.13330	1	0.49176	0.31903	1	0.50898	0.22616	1	0.47349	0.52673	11.35282	1.04349	1	0.73449	0.54893	13.25596	1.05115	1	-0.00654	-0.00807	0.68105	0.00239	1	0.05910	-0.01165	0.65795	0.00380	1	1.45898	0.81042	0	
1281497	8642.27832	3307222378344	0.48185	0.21158	8642.15723	0.12109	12206	1	0.51737	0.12496	1	0.48189	0.30039	1	0.49963	0.21267	1	0.47350	0.52671	11.57922	1.05115	1	0.73436	0.54868	12.35102	1.05881	1	-0.00654	-0.00807	0.68105	0.00241	1	0.05910	-0.01165	0.65795	0.00384	1	1.45898	0.81042	0	
1281498	8642.28516	3307222445000	0.48272	0.21144	8642.15723	0.12793	12206	1	0.51652	0.11727	1	0.48189	0.30039	1	0.49921	0.20883	1	0.47349	0.52670	11.34009	1.05881	1	0.73425	0.54866	12.57673	1.05881	1	-0.00654	-0.00807	0.68105	0.00240	1	0.05941	-0.01172	0.66188	0.00389	1	1.45898	0.81042	0	
1281499	8642.29199	3307222512220	0.48382	0.21160	8642.15723	0.13477	12206	1	0.52091	0.13346	1	0.49084	0.29600	1	0.50588	0.21473	1	0.47354	0.52667	11.44900	1.05881	1	0.73446	0.54873	12.74608	1.05115	1	-0.00654	-0.00807	0.68105	0.00234	1	0.05941	-0.01172	0.66188	0.00389	1	1.45898	0.81042	0	
1281500	8642.29883	3307222579356	0.48460	0.21319	8642.15723	0.14160	12206	1	0.51993	0.14050	1	0.48188	0.35278	1	0.50091	0.24664	1	0.47349	0.52670	11.34009	1.05115	1	0.73433	0.54866	12.60079	1.04349	1	-0.00654	-0.00807	0.68105	0.00240	1	0.05941	-0.01172	0.66188	0.00391	1	1.45898	0.81042	0	
1281501	8642.30469	3307222646165	0.48530	0.21405	8642.15723	0.14746	12206	1	0.51865	0.12881	1	0.48273	0.33693	1	0.50069	0.23287	1	0.47327	0.52688	11.31233	1.06296	1	0.73405	0.54861	12.05995	1.06296	1	-0.00715	-0.00875	0.73364	0.00231	1	0.06042	-0.01193	0.67378	0.00389	1	1.45898	0.81042	0	
1281502	8642.31152	3307222713567	0.48497	0.21305	8642.15723	0.15430	12206	1	0.49838	0.05409	1	0.45657	0.32598	1	0.47748	0.19004	1	0.47324	0.52681	11.27798	1.08243	1	0.73389	0.54889	12.68244	1.09009	1	-0.00715	-0.00875	0.73364	0.00233	1	0.06042	-0.01193	0.67378	0.00393	1	1.45898	0.81042	0	
1281503	8642.31836	3307222780747	0.48447	0.21199	8642.15723	0.16113	12206	1	0.49050	0.05414	1	0.45467	0.31889	1	0.47258	0.18652	1	0.47313	0.52696	11.50276	1.10956	1	0.73387	0.54886	11.95542	1.11722	1	-0.00715	-0.00875	0.73364	0.00235	1	0.06042	-0.01193	0.67378	0.00398	1	1.45898	0.81042	0	
1281504	8642.32520	3307222847244	0.48400	0.21061	8642.15723	0.16797	12206	1	0.48955	0.04635	1	0.45496	0.30601	1	0.47225	0.17618	1	0.47306	0.52700	11.47961	1.11722	1	0.73373	0.54856	11.98020	1.13356	1	-0.00672	-0.00814	0.67855	0.00236	1	0.06251	-0.01235	0.69766	0.00415	1	1.45898	0.81042	0	
1281505	8642.33203	3307222914226	0.48378	0.20908	8642.15723	0.17480	12206	1	0.49035	0.04051	1	0.46535	0.29813	1	0.47785	0.16932	1	0.47317	0.52702	11.35427	1.11409	1	0.73365	0.54834	12.06977	1.12277	1	-0.00672	-0.00814	0.67855	0.00239	1	0.06251	-0.01235	0.69766	0.00423	1	1.45898	0.81042	0	
1281506	8642.33887	3307222981070	0.48379	0.20754	8642.15723	0.18164	12206	1	0.48346	0.06917	1	0.48478	0.26277	1	0.48412	0.16597	1	0.47305	0.52714	11.29840	1.10330	1	0.73392	0.54820	11.97024	1.11198	1	-0.00672	-0.00814	0.67855	0.00232	1	0.06251	-0.01235	0.69766	0.00412	1	1.45898	0.81042	0	
1281507	8642.34570	3307223047865	0.48381	0.20658	8642.15723	0.18848	12206	1	0.48486	0.08006	1	0.48393	0.27922	1	0.48440	0.17964	1	0.47298	0.52712	11.37868	1.09251	1	0.73365	0.54836	12.13902	1.09251	1	-0.00672	-0.00814	0.67855	0.00235	1	0.06042	-0.01189	0.67489	0.00403	1	1.45898	0.81042	0	
1281508	8642.35156	3307223114579	0.48432	0.20612	8642.15723	0.19434	12206	1	0.50574	0.08564	1	0.49283	0.29990	1	0.49928	0.19277	1	0.47292	0.52720	11.52337	1.09251	1	0.73373	0.54791	12.32387	1.08383	1	-0.00672	-0.00814	0.67855	0.00234	1	0.06042	-0.01189	0.67489	0.00403	1	1.45898	0.81042	0	
1281509	8642.35840	3307223180078	0.48520	0.20665	8642.15723	0.20117	12206	1	0.52682	0.08241	1	0.49626	0.36299	1	0.51154	0.22270	1	0.47298	0.52712	11.37868	1.08383	1	0.73380	0.54852	12.08065	1.07515	1	-0.00672	-0.00814	0.67855	0.00235	1	0.06042	-0.01189	0.67489	0.00385	1	1.45898	0.81042	0	
1281510	8642.36523	3307223244486	0.48603	0.20740	8642.15723	0.20801	12206	1	0.52769	0.09120	1	0.49577	0.36977	1	0.51173	0.23048	1	0.47277	0.52731	11.62075	1.07515	1	0.73364	0.54810	12.19857	1.06647	1	-0.00672	-0.00814	0.67855	0.00233	1	0.06042	-0.01189	0.67489	0.00393	1	1.45898	0.81042	0	
1281511	8642.37207	3307223313110	0.48656	0.20720	8642.15723	0.21484	12206	1	0.51961	0.11680	1	0.48741	0.28485	1	0.50351	0.20082	1	0.47285	0.52714	11.34659	1.06647	1	0.73360	0.54775	12.10060	1.06647	1	-0.00672	-0.00814	0.67855	0.00231	1	0.06042	-0.01189	0.67489	0.00411	1	1.45898	0.81042	0	
1281512	8642.37891	3307223380430	0.48734	0.20738	8642.15723	0.22168	12206	1	0.53417	0.10594	1	0.49177	0.32099	1	0.51297	0.21347	1	0.47297	0.52713	11.11223	1.06647	1	0.73374	0.54805	12.22717	1.06647	1	-0.00672	-0.00814	0.67855	0.00240	1	0.06042	-0.01189	0.67489	0.00392	1	1.45898	0.81042	0	
1281513	8642.38477	3307223445188	0.48807	0.20756	8642.15723	0.22754	12206	1	0.53417	0.10594	1	0.49177	0.32099	1	0.51297	0.21347	1	0.47288	0.52713	11.20862	1.06647	1	0.73389	0.54814	12.14523	1.06647	1	-0.00669	-0.00816	0.67599	0.00245	1	0.06042	-0.01189	0.67489	0.00391	1	1.45898	0.81042	0	
1281514	8642.39258	3307223518546	0.48870	0.20758	8642.15723	0.23535	12206	1	0.52940	0.11385	1	0.49242	0.30298	1	0.51091	0.20842	1	0.47279	0.52723	11.54842	1.06647	1	0.73375	0.54785	11.89514	1.06647	1	-0.00669	-0.00816	0.67599	0.00245	1	0.06042	-0.01189	0.67489	0.00377	1	1.45898	0.81042	0	
1281515	8642.39844	3307223580471	0.48929	0.20784	8642.15723	0.24121	12206	1	0.51764	0.11150	1	0.50328	0.32294	1	0.51046	0.21722	1	0.47266	0.52721	11.47749	1.06647	1	0.73388	0.54815	12.01948	1.06647	1	-0.00669	-0.00816	0.67599	0.00239	1	0.06042	-0.01189	0.67489	0.00392	1	1.45898	0.81042	0	
1281516	8642.40527	3307223649389	0.48985	0.20809	8642.15723	0.24805	12206	1	0.51764	0.11150	1	0.50328	0.32294	1	0.51046	0.21722	1	0.47265	0.52718	11.38960	1.06647	1	0.73380	0.54716	11.82936	1.06647	1	-0.00672	-0.00814	0.67855	0.00240	1	0.06042	-0.01189	0.67489	0.00400	1	1.45898	0.81042	0	
1281517	8642.41211	3307223714749	0.49019	0.20717	8642.15723	0.25488	12206	1	0.51140	0.11227	1	0.49446	0.23225	1	0.50293	0.17226	1	0.47263	0.52721	11.29530	1.06647	1	0.73371	0.54758	12.12497	1.06647	1	-0.00672	-0.00814	0.67855	0.00241	1	0.06042	-0.01189	0.67489	0.00394	1	1.45898	0.81042	0	
1281518	8642.41895	3307223782426	0.49038	0.20675	8642.15723	0.26172	12206	1	0.50738	0.11603	1	0.48876	0.26461	1	0.49807	0.19032	1	0.47261	0.52721	11.38297	1.06647	1	0.73355	0.54750	12.24997	1.06647	1	-0.00672	-0.00814	0.67855	0.00234	1	0.06042	-0.01189	0.67489	0.00397	1	1.45898	0.81042	0	
1281519	8642.42480	3307223848074	0.49057	0.20635	8642.15723	0.26758	12206	1	0.50738	0.11603	1	0.48876	0.26461	1	0.49807	0.19032	1	0.47281	0.52720	11.35788	1.06647	1	0.73361	0.54777	12.33246	1.06647	1	-0.00672	-0.00814	0.67855	0.00239	1	0.06042	-0.01189	0.67489	0.00380	1	1.45898	0.81042	0	
1281520	8642.43262	3307223918816	0.49087	0.20562	8642.15723	0.27539	12206	1	0.51284	0.12071	1	0.49377	0.23110	1	0.50330	0.17590	1	0.47268	0.52721	11.30986	1.06647	1	0.73363	0.54762	12.16815	1.06647	1	-0.00672	-0.00814	0.67855	0.00232	1	0.06042	-0.01189	0.67489	0.00395	1	1.45898	0.81042	0	
1281521	8642.43945	3307223985827	0.49108	0.20508	8642.15723	0.28223	12206	1	0.50600	0.13143	1	0.49393	0.23299	1	0.49996	0.18221	1	0.47293	0.52732	11.74201	1.06647	1	0.73369	0.54758	11.99310	1.06647	1	-0.00672	-0.00814	0.67855	0.00239	1	0.06042	-0.01189	0.67489	0.00414	1	1.45898	0.81042	0	
1281522	8642.44531	3307224052433	0.49128	0.20464	8642.15723	0.28809	12206	1	0.50600	0.13143	1	0.49352	0.23996	1	0.49976	0.18570	1	0.47297	0.52731	11.70807	1.06647	1	0.73388	0.54838	12.19110	1.05881	1	-0.00672	-0.00814	0.67855	0.00240	1	0.05967	-0.01174	0.66590	0.00393	1	1.45898	0.81042	0	
1281523	8642.45215	3307224120220	0.49112	0.20474	8642.15723	0.29492	12206	1	0.50122	0.12312	1	0.46655	0.29552	1	0.48388	0.20932	1	0.47290	0.52714	11.23501	1.05881	1	0.73370	0.54766	11.93967	1.05115	1	-0.00672	-0.00814	0.67855	0.00246	1	0.05967	-0.01174	0.66590	0.00426	1	1.45898	0.81042	0	
1281524	8642.45898	3307224187204	0.49112	0.20562	8642.15723	0.30176	12206	1	0.50461	0.12799	1	0.47791	0.36242	1	0.49126	0.24520	1	0.47294	0.52726	11.75855	1.05115	1	0.73383	0.54823	11.91700	1.04349	1	-0.00672	-0.00814	0.67855	0.00239	1	0.05967	-0.01174	0.66590	0.00418	1	1.45898	0.81042	0	
1281525	8642.46582	3307224253538	0.49113	0.20661	8642.15723	0.30859	12206	1	0.50553	0.13566	1	0.47760	0.36858	1	0.49157	0.25212	1	0.47286	0.52728	11.50707	1.04349	1	0.73388	0.54804	12.04529	1.03583	1	-0.00672	-0.00814	0.67855	0.00240	1	0.05967	-0.01174	0.66590	0.00412	1	1.45898	0.81042	0	
1281526	8642.47266	3307224320633	0.49097	0.20761	8642.15723	0.31543	12206	1	0.50658	0.13196	1	0.46073	0.37685	1	0.48366	0.25440	1	0.47284	0.52712	11.51187	1.03583	1	0.73367	0.54850	12.50943	1.03583	1	-0.00672	-0.00814	0.67855	0.00249	1	0.05967	-0.01174	0.66590	0.00399	1	1.45898	0.81042	0	
1281527	8642.47949	3307224386279	0.49166	0.20987	8642.15723	0.32227	12206	1	0.51718	0.15999	1	0.46112	0.36947	1	0.48915	0.26473	1	0.47286	0.52728	11.50707	1.03583	1	0.73364	0.54836	12.40067	1.03583	1	-0.00672	-0.00814	0.67855	0.00240	1	0.05967	-0.01174	0.66590	0.00402	1	1.45898	0.81042	0	
1281528	8642.48633	3307224454848	0.49150	0.21154	8642.15723	0.32910	12206	1	0.51718	0.15999	1	0.46131	0.36332	1	0.48925	0.26165	1	0.47293	0.52721	11.56333	1.03583	1	0.73373	0.54860	12.19573	1.04349	1	-0.00672	-0.00814	0.67855	0.00235	1	0.06042	-0.01189	0.67489	0.00405	1	1.45898	0.81042	0	
1281529	8642.49316	3307224522924	0.49126	0.21263	8642.15723	0.33594	12206	1	0.49529	0.13973	1	0.44242	0.41000	1	0.46886	0.27486	1	0.47302	0.52719	11.86052	1.04349	1	0.73331	0.54889	12.93515	1.05115	1	-0.00672	-0.00814	0.67855	0.00238	1	0.06042	-0.01189	0.67489	0.00421	1	1.45898	0.81042	0	
1281530	8642.49902	3307224588707	0.49163	0.21285	8642.15723	0.34180	12206	1	0.48636	0.13529	1	0.46958	0.36575	1	0.47797	0.25052	1	0.47293	0.52721	11.58863	1.05115	1	0.73376	0.54849	12.41421	1.05881	1	-0.00672	-0.00814	0.67855	0.00234	1	0.06042	-0.01189	0.67489	0.00405	1	1.45898	0.81042	0	
1281531	8642.50586	3307224655414	0.49199	0.21317	8642.15723	0.34863	12206	1	0.48532	0.12766	1	0.46958	0.36575	1	0.47745	0.24670	1	0.47303	0.52707	11.65182	1.05881	1	0.73395	0.54862	11.91940	1.05881	1	-0.00672	-0.00814	0.67855	0.00236	1	0.05913	-0.01168	0.65993	0.00398	1	1.45898	0.81042	0	
1281532	8642.51270	3307224722578	0.48499	0.24025	8642.15723	0.34863	12206	0	0.49558	0.12585	1	0.43870	0.38533	1	0.46714	0.25559	1	0.47299	0.52711	11.76220	1.05881	1	0.73365	0.54873	12.47380	1.05115	1	-0.00672	-0.00814	0.67855	0.00232	1	0.05913	-0.01168	0.65993	0.00400	1	1.45898	0.81042	0	
1281533	8642.51953	3307224789631	0.48568	0.24438	8642.15723	0.34863	12206	0	0.49162	0.13031	1	0.48110	0.36672	1	0.48636	0.24851	1	0.47296	0.52703	11.53299	1.05115	1	0.73389	0.54841	12.01992	1.04349	1	-0.00672	-0.00814	0.67855	0.00235	1	0.05913	-0.01168	0.65993	0.00415	1	1.45898	0.81042	0	
1281534	8642.52637	3307224856468	0.48613	0.24588	8642.15723	0.34863	12206	0	0.49262	0.13797	1	0.48147	0.35977	1	0.48705	0.24887	1	0.47298	0.52715	11.43478	1.04349	1	0.73377	0.54838	12.06330	1.05217	1	-0.00672	-0.00814	0.67855	0.00236	1	0.06352	-0.01249	0.70885	0.00416	1	1.45898	0.81042	0	
1281535	8642.53320	3307224923246	0.48478	0.24553	8642.51270	0.02051	12207	1	0.49241	0.11848	1	0.46901	0.37052	1	0.48071	0.24450	1	0.47297	0.52700	11.41546	1.05217	1	0.73372	0.54851	12.36181	1.06851	1	-0.00672	-0.00814	0.67855	0.00235	1	0.06352	-0.01249	0.70885	0.00412	1	1.45898	0.81042	0	
1281536	8642.53906	3307224990479	0.48002	0.24349	8642.51270	0.02637	12207	1	0.48010	0.10489	1	0.44185	0.36575	1	0.46097	0.23532	1	0.47293	0.52702	11.54035	1.06851	1	0.73339	0.54881	12.93718	1.08485	1	-0.00672	-0.00814	0.67855	0.00237	1	0.06352	-0.01249	0.70885	0.00420	1	1.45898	0.81042	0	
1281537	8642.54590	3307225058464	0.47666	0.24026	8642.51270	0.03320	12207	1	0.47786	0.08839	1	0.44190	0.35986	1	0.45988	0.22413	1	0.47304	0.52702	11.50748	1.08485	1	0.73422	0.54779	12.46777	1.09251	1	-0.00672	-0.00814	0.67855	0.00237	1	0.06042	-0.01188	0.67378	0.00421	1	1.45898	0.81042	0	
1281538	8642.55273	3307225124507	0.47691	0.23395	8642.51270	0.04004	12207	1	0.49011	0.08841	1	0.46665	0.30368	1	0.47838	0.19605	1	0.47306	0.52714	11.65537	1.09251	1	0.73412	0.54802	12.76146	1.08383	1	-0.00672	-0.00814	0.67855	0.00235	1	0.06042	-0.01188	0.67378	0.00415	1	1.45898	0.81042	0	
1281539	8642.55957	3307225191081	0.47848	0.22695	8642.51270	0.04688	12207	1	0.48782	0.06882	1	0.49118	0.28719	1	0.48950	0.17801	1	0.47296	0.52709	11.56103	1.08383	1	0.73410	0.54780	12.39480	1.07515	1	-0.00672	-0.00814	0.67855	0.00237	1	0.06042	-0.01188	0.67378	0.00421	1	1.45898	0.81042	0	
1281540	8642.56641	3307225257825	0.47977	0.22201	8642.51270	0.05371	12207	1	0.48895	0.07774	1	0.49118	0.28719	1	0.49006	0.18247	1	0.47296	0.52709	11.56103	1.07515	1	0.73387	0.54853	13.14770	1.07515	1	-0.00672	-0.00814	0.67855	0.00237	1	0.06352	-0.01249	0.70885	0.00407	1	1.45898	0.81042	0	
1281541	8642.57324	3307225325360	0.47934	0.22124	8642.51270	0.06055	12207	1	0.47859	0.08988	1	0.47236	0.33876	1	0.47547	0.21432	1	0.47293	0.52713	11.85092	1.07515	1	0.73413	0.54834	12.79033	1.08383	1	-0.00672	-0.00814	0.67855	0.00237	1	0.06352	-0.01249	0.70885	0.00411	1	1.45898	0.81042	0	
1281542	8642.57910	3307225389530	0.47906	0.21936	8642.51270	0.06641	12207	1	0.48758	0.09617	1	0.46508	0.30501	1	0.47633	0.20059	1	0.47304	0.52708	11.79171	1.08383	1	0.73408	0.54804	12.88667	1.09251	1	-0.00672	-0.00814	0.67855	0.00232	1	0.06352	-0.01249	0.70885	0.00387	1	1.45898	0.81042	0	
1281543	8642.58594	3307225458130	0.47879	0.21744	8642.51270	0.07324	12207	1	0.48645	0.08746	1	0.46508	0.30501	1	0.47577	0.19623	1	0.47311	0.52690	11.50433	1.09251	1	0.73405	0.54801	12.93584	1.09251	1	-0.00672	-0.00814	0.67855	0.00237	1	0.06042	-0.01188	0.67378	0.00390	1	1.45898	0.81042	0	
1281544	8642.59277	3307225527029	0.47856	0.21754	8642.51270	0.08008	12207	1	0.49434	0.11476	1	0.45731	0.32266	1	0.47582	0.21871	1	0.47309	0.52688	11.86986	1.09251	1	0.73392	0.54812	13.06486	1.08383	1	-0.00672	-0.00814	0.67855	0.00234	1	0.06042	-0.01188	0.67378	0.00409	1	1.45898	0.81042	0	
1281545	8642.59961	3307225590759	0.47822	0.21605	8642.51270	0.08691	12207	1	0.48272	0.10981	1	0.46488	0.28367	1	0.47380	0.19674	1	0.47304	0.52687	11.80539	1.08383	1	0.73402	0.54784	13.04696	1.07515	1	-0.00672	-0.00814	0.67855	0.00238	1	0.06042	-0.01188	0.67378	0.00393	1	1.45898	0.81042	0	
1281546	8642.60645	3307225660625	0.47792	0.21496	8642.51270	0.09375	12207	1	0.48267	0.10941	1	0.46468	0.28986	1	0.47368	0.19963	1	0.47304	0.52682	11.73404	1.08424	1	0.73405	0.54784	13.04096	1.06790	1	-0.00688	-0.00835	0.69995	0.00237	1	0.05981	-0.01175	0.66638	0.00393	1	1.45898	0.81042	0	
1281547	8642.61328	3307225727772	0.47808	0.21429	8642.51270	0.10059	12207	1	0.49553	0.11908	1	0.46563	0.28946	1	0.48058	0.20427	1	0.47314	0.52681	11.87244	1.07698	1	0.73399	0.54784	13.11558	1.06932	1	-0.00688	-0.00835	0.69995	0.00232	1	0.05981	-0.01175	0.66638	0.00395	1	1.45898	0.81042	0	
1281548	8642.62012	3307225792613	0.47791	0.21369	8642.51270	0.10742	12207	1	0.48671	0.11579	1	0.46360	0.29263	1	0.47515	0.20421	1	0.47302	0.52686	11.72618	1.07841	1	0.73400	0.54783	13.19458	1.07075	1	-0.00688	-0.00835	0.69995	0.00238	1	0.05981	-0.01175	0.66638	0.00393	1	1.45898	0.81042	0	
1281549	8642.62695	3307225860336	0.47778	0.21356	8642.51270	0.11426	12207	1	0.48772	0.12337	1	0.46339	0.29913	1	0.47556	0.21125	1	0.47317	0.52669	11.98370	1.07075	1	0.73411	0.54762	12.93725	1.06309	1	-0.00669	-0.00806	0.67599	0.00236	1	0.05981	-0.01175	0.66638	0.00417	1	1.45898	0.81042	0	
1281550	8642.63281	3307225927293	0.47796	0.21330	8642.51270	0.12012	12207	1	0.49341	0.11559	1	0.46880	0.30162	1	0.48110	0.20860	1	0.47314	0.52666	12.12394	1.05400	1	0.73411	0.54786	12.99786	1.05400	1	-0.00669	-0.00806	0.67599	0.00235	1	0.05981	-0.01175	0.66638	0.00416	1	1.45898	0.81042	0	
1281551	8642.63965	3307225995775	0.47799	0.21311	8642.51270	0.12695	12207	1	0.48723	0.12889	1	0.46984	0.29003	1	0.47854	0.20946	1	0.47308	0.52666	11.74864	1.04492	1	0.73415	0.54768	12.83687	1.04492	1	-0.00669	-0.00806	0.67599	0.00241	1	0.05981	-0.01175	0.66638	0.00402	1	1.45898	0.81042	0	
1281552	8642.64648	3307226062434	0.47799	0.21231	8642.51270	0.13379	12207	1	0.48583	0.11841	1	0.47044	0.27430	1	0.47813	0.19636	1	0.47342	0.52666	12.07968	1.05530	1	0.73405	0.54761	12.90292	1.06296	1	-0.00715	-0.00869	0.73364	0.00242	1	0.05910	-0.01160	0.65795	0.00415	1	1.45898	0.81042	0	
1281553	8642.65332	3307226129032	0.47888	0.21058	8642.51270	0.14062	12207	1	0.51482	0.11048	1	0.48000	0.23786	1	0.49741	0.17417	1	0.47342	0.52685	12.53683	1.08243	1	0.73430	0.54739	12.71815	1.09009	1	-0.00715	-0.00869	0.73364	0.00242	1	0.05910	-0.01160	0.65795	0.00402	1	1.45898	0.81042	0	
1281554	8642.66016	3307226197248	0.47959	0.20744	8642.51270	0.14746	12207	1	0.51412	0.06372	1	0.47670	0.21343	1	0.49541	0.13858	1	0.47332	0.52663	12.16536	1.10956	1	0.73416	0.54739	12.68260	1.11722	1	-0.00715	-0.00869	0.73364	0.00237	1	0.05910	-0.01160	0.65795	0.00403	1	1.45898	0.81042	0	
1281555	8642.66699	3307226263308	0.48024	0.20427	8642.51270	0.15430	12207	1	0.51330	0.05601	1	0.47698	0.20666	1	0.49514	0.13133	1	0.47337	0.52653	11.66645	1.11722	1	0.73454	0.54765	12.20405	1.12488	1	-0.00654	-0.00807	0.68105	0.00244	1	0.05910	-0.01160	0.65795	0.00390	1	1.45898	0.81042	0	
1281556	8642.67285	3307226328003	0.48112	0.20302	8642.51270	0.16016	12207	1	0.50873	0.06639	1	0.49572	0.27938	1	0.50223	0.17288	1	0.47337	0.52653	11.66645	1.10541	1	0.73451	0.54790	12.87920	1.10541	1	-0.00654	-0.00807	0.68105	0.00244	1	0.05910	-0.01160	0.65795	0.00395	1	1.45898	0.81042	0	
1281557	8642.67969	3307226396017	0.48219	0.20228	8642.51270	0.16699	12207	1	0.51495	0.09800	1	0.50303	0.26983	1	0.50899	0.18392	1	0.47345	0.52669	11.26577	1.08594	1	0.73463	0.54773	12.38678	1.08594	1	-0.00654	-0.00807	0.68105	0.00245	1	0.05910	-0.01160	0.65795	0.00406	1	1.45898	0.81042	0	
1281558	8642.68652	3307226464268	0.48320	0.20227	8642.51270	0.17383	12207	1	0.51708	0.11742	1	0.50184	0.28658	1	0.50946	0.20200	1	0.47354	0.52684	11.83226	1.06647	1	0.73451	0.54771	12.27675	1.06647	1	-0.00654	-0.00807	0.68105	0.00235	1	0.05910	-0.01160	0.65795	0.00392	1	1.45898	0.81042	0	
1281559	8642.69336	3307226531052	0.48289	0.20211	8642.51270	0.18066	12207	1	0.48536	0.09610	1	0.46376	0.29937	1	0.47456	0.19774	1	0.47368	0.52693	11.73474	1.06647	1	0.73485	0.54820	12.65497	1.06647	1	-0.00654	-0.00807	0.68105	0.00242	1	0.05910	-0.01160	0.65795	0.00387	1	1.45898	0.81042	0	
1281560	8642.70020	3307226598021	0.48259	0.19685	8642.51270	0.18750	12207	1	0.46552	0.06250	1	0.48271	0.03668	1	0.47411	0.04959	1	0.47374	0.52700	11.51650	1.06647	1	0.73494	0.54596	12.52764	1.06647	1	-0.00654	-0.00807	0.68105	0.00234	1	0.05910	-0.01160	0.65795	0.00254	1	1.45898	0.81042	0	
1281561	8642.70703	3307226665060	0.48906	0.15871	8642.51270	0.18750	12207	0	0.46418	0.05294	1	0.48310	0.02676	1	0.47364	0.03985	1	0.47571	0.53182	12.29400	1.07556	1	0.73598	0.55104	12.31422	1.07556	1	-0.00641	-0.00875	0.70698	0.00322	1	0.06078	-0.01229	0.67441	0.00344	1	1.45898	0.81042	0	
1281562	8642.71387	3307226730367	0.51778	0.26951	8642.51270	0.18750	12207	0	0.55654	0.34035	1	0.53645	0.42026	1	0.54649	0.38031	1	0.47585	0.53156	11.12473	1.08464	1	0.73643	0.55173	11.42640	1.08464	1	-0.00641	-0.00875	0.70698	0.00370	1	0.06078	-0.01229	0.67441	0.00387	1	1.45898	0.81042	0	
1281563	8642.72070	3307226798837	0.48204	0.27962	8642.51270	0.18750	12207	0	0.55654	0.34035	0	0.41057	0.29984	1	0.41057	0.29984	1	0.47585	0.53156	11.12473	1.09373	0	0.47611	0.53206	11.17601	1.09373	1	-0.00641	-0.00875	0.70698	0.00370	1	0.06078	-0.01229	0.67441	0.00358	1	1.45898	0.81042	0	
1281564	8642.72754	3307226866210	0.45582	0.32418	8642.51270	0.18750	12207	0	0.55654	0.34035	0	0.41038	0.29240	1	0.41038	0.29240	1	0.47585	0.53156	11.12473	1.10281	0	0.47708	0.53403	11.15917	1.10281	1	-0.00641	-0.00875	0.70698	0.00370	1	-0.00587	-0.00871	0.67538	0.00304	1	1.45898	0.81042	0	
1281565	8642.73340	3307226933253	0.45845	0.36828	8642.51270	0.18750	12207	0	0.55654	0.34035	0	0.46107	0.41239	1	0.46107	0.41239	1	0.47585	0.53156	11.12473	1.10281	0	0.47737	0.53393	10.98025	1.10281	1	-0.00641	-0.00875	0.70698	0.00370	1	-0.00587	-0.00871	0.67538	0.00314	1	1.45898	0.81042	0	
1281566	8642.74023	3307227000787	0.46161	0.41094	8642.51270	0.18750	12207	0	0.55654	0.34035	0	0.46793	0.49625	1	0.46793	0.49625	1	0.47585	0.53156	11.12473	1.10281	0	0.47753	0.53460	11.24915	1.10281	1	-0.00641	-0.00875	0.70698	0.00370	1	-0.00587	-0.00871	0.67538	0.00307	1	1.45898	0.81042	0	
1281567	8642.74707	3307227066957	0.46564	0.46830	8642.51270	0.18750	12207	0	0.55654	0.34035	0	0.46793	0.49625	1	0.46793	0.49625	1	0.47585	0.53156	11.12473	1.10281	0	0.47736	0.53469	11.09472	1.10281	1	-0.00641	-0.00875	0.70698	0.00370	1	-0.00587	-0.00871	0.67538	0.00305	1	1.45898	0.81042	0	
1281568	8642.75391	3307227133669	0.46345	0.43604	8642.51270	0.18750	12207	0	0.55654	0.34035	0	0.46125	0.40378	1	0.46125	0.40378	1	0.47585	0.53156	11.12473	1.10281	0	0.47741	0.53402	11.07120	1.10281	1	-0.00641	-0.00875	0.70698	0.00370	1	-0.00587	-0.00871	0.67538	0.00317	1	1.45898	0.81042	0	
1281569	8642.76074	3307227201049	0.45306	0.44342	8642.51270	0.18750	12207	0	0.55654	0.34035	0	0.43230	0.45820	1	0.43230	0.45820	1	0.47585	0.53156	11.12473	1.10281	0	0.47736	0.53420	11.01910	1.10281	1	-0.00641	-0.00875	0.70698	0.00370	1	-0.00587	-0.00871	0.67538	0.00302	1	1.45898	0.81042	0	
1281570	8642.76660	3307227264102	0.44787	0.44712	8642.74707	0.01953	12208	1	0.55654	0.34035	0	0.43230	0.45820	1	0.43230	0.45820	1	0.47585	0.53156	11.12473	1.10281	0	0.47735	0.53488	11.22910	1.10281	1	-0.00641	-0.00875	0.70698	0.00370	1	-0.00587	-0.00871	0.67538	0.00304	1	1.45898	0.81042	0	
1281571	8642.77344	3307227333104	0.44484	0.46799	8642.74707	0.02637	12208	1	0.55654	0.34035	0	0.43270	0.55145	1	0.43270	0.55145	1	0.47585	0.53156	11.12473	1.10281	0	0.47741	0.53464	11.51305	1.10281	1	-0.00641	-0.00875	0.70698	0.00370	1	-0.00587	-0.00871	0.67538	0.00292	1	1.45898	0.81042	0	
1281572	8642.78027	3307227398872	0.44224	0.48037	8642.74707	0.03320	12208	1	0.55654	0.34035	0	0.42927	0.54227	1	0.42927	0.54227	1	0.47585	0.53156	11.12473	1.10281	0	0.47738	0.53453	11.28680	1.10281	1	-0.00641	-0.00875	0.70698	0.00370	1	-0.00587	-0.00871	0.67538	0.00301	1	1.45898	0.81042	0	
1281573	8642.78711	3307227465766	0.44944	0.47500	8642.74707	0.04004	12208	1	0.55585	0.33334	1	0.42935	0.55224	1	0.49260	0.44279	1	0.47759	0.53462	11.90240	1.09373	1	0.73819	0.55473	12.42960	1.08607	1	-0.00581	-0.00877	0.68021	0.00292	1	0.06088	-0.01257	0.67051	0.00333	1	1.45898	0.81042	0	
1281574	8642.79395	3307227533083	0.46499	0.48692	8642.74707	0.04688	12208	1	0.59731	0.56586	1	0.55038	0.57489	1	0.57385	0.57037	1	0.47753	0.53447	12.14579	1.07698	1	0.73795	0.55473	12.43446	1.06932	1	-0.00581	-0.00877	0.68021	0.00310	1	0.06088	-0.01257	0.67051	0.00313	1	1.45898	0.81042	0	
1281575	8642.80078	3307227600812	0.47411	0.49495	8642.74707	0.05371	12208	1	0.57679	0.56469	1	0.51734	0.55361	1	0.54707	0.55915	1	0.47721	0.53461	11.68594	1.06024	1	0.73813	0.55436	12.28054	1.05258	1	-0.00581	-0.00877	0.68021	0.00306	1	0.06088	-0.01257	0.67051	0.00333	1	1.45898	0.81042	0	
1281576	8642.80762	3307227666612	0.48139	0.50237	8642.74707	0.06055	12208	1	0.57782	0.57436	1	0.51606	0.56396	1	0.54694	0.56916	1	0.47786	0.53408	11.09187	1.04349	1	0.73821	0.55443	12.43087	1.03583	1	-0.00566	-0.00860	0.67443	0.00304	1	0.06088	-0.01257	0.67051	0.00330	1	1.45898	0.81042	0	
1281577	8642.81348	3307227733925	0.48947	0.50990	8642.74707	0.06641	12208	1	0.61077	0.59700	1	0.52982	0.57351	1	0.57030	0.58526	1	0.47779	0.53427	11.24053	1.03583	1	0.73832	0.55457	12.60965	1.03583	1	-0.00566	-0.00860	0.67443	0.00297	1	0.06088	-0.01257	0.67051	0.00315	1	1.45898	0.81042	0	
1281578	8642.82031	3307227802078	0.49670	0.51561	8642.74707	0.07324	12208	1	0.62611	0.58097	1	0.52639	0.57573	1	0.57625	0.57835	1	0.47789	0.53422	11.29486	1.03583	1	0.73831	0.55454	12.56623	1.03583	1	-0.00566	-0.00860	0.67443	0.00298	1	0.06088	-0.01257	0.67051	0.00317	1	1.45898	0.81042	0	
1281579	8642.82715	3307227866760	0.50285	0.52025	8642.74707	0.08008	12208	1	0.62611	0.58097	1	0.52705	0.57108	1	0.57658	0.57602	1	0.47790	0.53409	11.54172	1.03583	1	0.73835	0.55461	12.45675	1.04349	1	-0.00566	-0.00855	0.67443	0.00311	1	0.06088	-0.01257	0.67051	0.00317	1	1.45898	0.81042	0	
1281580	8642.83398	3307227937982	0.50845	0.52309	8642.74707	0.08691	12208	1	0.62524	0.56837	1	0.53730	0.55145	1	0.58127	0.55991	1	0.47793	0.53440	11.46450	1.04349	1	0.73845	0.55435	12.18015	1.05115	1	-0.00566	-0.00855	0.67443	0.00293	1	0.06088	-0.01257	0.67051	0.00335	1	1.45898	0.81042	0	
1281581	8642.84082	3307228004593	0.52747	0.54512	8642.74707	0.08691	12208	0	0.60779	0.54004	1	0.53338	0.55702	1	0.57058	0.54853	1	0.47815	0.53404	11.34573	1.05115	1	0.73842	0.55440	12.19585	1.05881	1	-0.00566	-0.00855	0.67443	0.00309	1	0.06088	-0.01257	0.67051	0.00334	1	1.45898	0.81042	0	
1281582	8642.84766	3307228072698	0.54896	0.54567	8642.74707	0.08691	12208	0	0.60751	0.53540	1	0.53338	0.55702	1	0.57044	0.54621	1	0.47801	0.53435	11.43478	1.05881	1	0.73832	0.55507	12.19854	1.05881	1	-0.00566	-0.00870	0.67442	0.00308	1	0.06022	-0.01251	0.66206	0.00305	1	1.45898	0.81042	0	
1281583	8642.85449	3307228139108	0.55206	0.55274	8642.74707	0.08691	12208	0	0.58235	0.58695	1	0.53418	0.54684	1	0.55826	0.56689	1	0.47793	0.53505	11.42406	1.05881	1	0.73845	0.55478	12.11518	1.05115	1	-0.00566	-0.00870	0.67442	0.00310	1	0.06022	-0.01251	0.66206	0.00302	1	1.45898	0.81042	0	
1281584	8642.86133	3307228204646	0.55251	0.55422	8642.84082	0.02051	12209	1	0.58366	0.51415	1	0.52402	0.60318	1	0.55384	0.55867	1	0.47812	0.53486	10.98307	1.05115	1	0.73825	0.55527	12.03061	1.04349	1	-0.00566	-0.00870	0.67442	0.00317	1	0.06022	-0.01251	0.66206	0.00325	1	1.45898	0.81042	0	
1281585	8642.86719	3307228271615	0.55282	0.55560	8642.84082	0.02637	12209	1	0.58409	0.51898	1	0.52402	0.60318	1	0.55406	0.56108	1	0.47845	0.53538	11.66865	1.04349	1	0.73841	0.55631	12.88080	1.04349	1	-0.00555	-0.00863	0.66098	0.00300	1	0.06210	-0.01302	0.68331	0.00311	1	1.45898	0.81042	0	
1281586	8642.87402	3307228339656	0.55548	0.57038	8642.84082	0.03320	12209	1	0.60434	0.62456	1	0.53321	0.66404	1	0.56877	0.64430	1	0.47825	0.53573	12.29228	1.04349	1	0.73839	0.55604	12.53281	1.05115	1	-0.00555	-0.00863	0.66098	0.00296	1	0.06210	-0.01302	0.68331	0.00306	1	1.45898	0.81042	0	
1281587	8642.88086	3307228407102	0.55875	0.57565	8642.84082	0.04004	12209	1	0.60809	0.58708	1	0.54877	0.62744	1	0.57843	0.60726	1	0.47840	0.53527	11.52631	1.05115	1	0.73863	0.55625	12.63888	1.05881	1	-0.00555	-0.00863	0.66098	0.00302	1	0.06210	-0.01302	0.68331	0.00310	1	1.45898	0.81042	0	
1281588	8642.88770	3307228473856	0.56125	0.57907	8642.84082	0.04688	12209	1	0.60783	0.58279	1	0.54957	0.62326	1	0.57870	0.60302	1	0.47844	0.53535	11.52207	1.05881	1	0.73890	0.55636	12.99485	1.06647	1	-0.00555	-0.00858	0.66098	0.00300	1	0.06210	-0.01307	0.68331	0.00305	1	1.45898	0.81042	0	
1281589	8642.89453	3307228540570	0.56237	0.58126	8642.84082	0.05371	12209	1	0.61311	0.57074	1	0.52955	0.62689	1	0.57133	0.59881	1	0.47842	0.53548	12.01561	1.06647	1	0.73838	0.55629	12.15456	1.06647	1	-0.00555	-0.00858	0.66098	0.00301	1	0.06210	-0.01307	0.68331	0.00304	1	1.45898	0.81042	0	
1281590	8642.90137	3307228607602	0.56348	0.58374	8642.84082	0.06055	12209	1	0.60148	0.56407	1	0.54544	0.64801	1	0.57346	0.60604	1	0.47846	0.53534	11.64168	1.06647	1	0.73861	0.55643	12.69513	1.06647	1	-0.00555	-0.00858	0.66098	0.00303	1	0.06210	-0.01307	0.68331	0.00303	1	1.45898	0.81042	0	
1281591	8642.90820	3307228674126	0.56436	0.58617	8642.84082	0.06738	12209	1	0.60180	0.56867	1	0.54463	0.65220	1	0.57322	0.61043	1	0.47856	0.53548	11.82267	1.05845	1	0.73909	0.55682	12.95245	1.05845	1	-0.00556	-0.00867	0.66847	0.00298	1	0.06210	-0.01307	0.68331	0.00313	1	1.45898	0.81042	0	
1281592	8642.91504	3307228741609	0.56679	0.59005	8642.84082	0.07422	12209	1	0.61150	0.56147	1	0.57541	0.70408	1	0.59345	0.63277	1	0.47853	0.53538	11.80300	1.05044	1	0.73914	0.55677	12.67941	1.05044	1	-0.00556	-0.00867	0.66847	0.00302	1	0.06210	-0.01307	0.68331	0.00316	1	1.45898	0.81042	0	
1281593	8642.92090	3307228807750	0.56901	0.59350	8642.84082	0.08008	12209	1	0.61598	0.60633	1	0.57544	0.66346	1	0.59571	0.63489	1	0.47853	0.53547	11.89495	1.04242	1	0.73914	0.55677	12.67941	1.04242	1	-0.00556	-0.00867	0.66847	0.00298	1	0.06210	-0.01307	0.68331	0.00316	1	1.45898	0.81042	0	
1281594	8642.92773	3307228875506	0.57089	0.59676	8642.84082	0.08691	12209	1	0.61621	0.61070	1	0.57438	0.66764	1	0.59529	0.63917	1	0.47851	0.53568	12.10471	1.03440	1	0.73899	0.55635	12.86213	1.03440	1	-0.00552	-0.00865	0.66305	0.00297	1	0.06125	-0.01287	0.67290	0.00318	1	1.45898	0.81042	0	
1281595	8642.93457	3307228942642	0.57228	0.59838	8642.84082	0.09375	12209	1	0.61089	0.61957	1	0.57259	0.62236	1	0.59174	0.62096	1	0.47839	0.53559	11.86152	1.03440	1	0.73900	0.55629	12.85711	1.03440	1	-0.00552	-0.00865	0.66305	0.00299	1	0.06125	-0.01287	0.67290	0.00319	1	1.45898	0.81042	0	
1281596	8642.94141	3307229007373	0.57365	0.59998	8642.84082	0.10059	12209	1	0.61583	0.57934	1	0.57259	0.66878	1	0.59421	0.62406	1	0.47853	0.53547	11.89495	1.03440	1	0.73910	0.55675	12.98076	1.03440	1	-0.00552	-0.00865	0.66305	0.00298	1	0.06125	-0.01287	0.67290	0.00313	1	1.45898	0.81042	0	
1281597	8642.94824	3307229076551	0.57486	0.60140	8642.84082	0.10742	12209	1	0.61583	0.57934	1	0.57259	0.66878	1	0.59421	0.62406	1	0.47840	0.53523	11.87737	1.03440	1	0.73914	0.55677	12.70969	1.03440	1	-0.00552	-0.00865	0.66305	0.00295	1	0.06125	-0.01287	0.67290	0.00314	1	1.45898	0.81042	0	
1281598	8642.95508	3307229143115	0.57519	0.60201	8642.84082	0.11426	12209	1	0.59802	0.58023	1	0.56377	0.64463	1	0.58089	0.61243	1	0.47831	0.53550	11.43111	1.03440	1	0.73903	0.55663	12.82212	1.03440	1	-0.00552	-0.00865	0.66305	0.00296	1	0.06125	-0.01287	0.67290	0.00299	1	1.45898	0.81042	0	
1281599	8642.96094	3307229206497	0.57599	0.60382	8642.84082	0.12012	12209	1	0.60504	0.60217	1	0.57548	0.67050	1	0.59026	0.63634	1	0.47843	0.53580	12.13282	1.03440	1	0.73912	0.55689	12.91609	1.03440	1	-0.00552	-0.00865	0.66305	0.00289	1	0.06125	-0.01287	0.67290	0.00304	1	1.45898	0.81042	0	
1281600	8642.96777	3307229275812	0.57666	0.60573	8642.84082	0.12695	12209	1	0.60531	0.60613	1	0.57351	0.67817	1	0.58941	0.64215	1	0.47866	0.53596	11.91867	1.02728	1	0.73904	0.55677	12.93315	1.01962	1	-0.00541	-0.00866	0.65590	0.00280	1	0.05973	-0.01259	0.65567	0.00298	1	1.45898	0.81042	0	
1281601	8642.97461	3307229344807	0.57741	0.60709	8642.84082	0.13379	12209	1	0.61193	0.59668	1	0.57299	0.67187	1	0.59246	0.63427	1	0.47849	0.53548	12.00496	1.01249	1	0.73912	0.55672	12.85982	1.00483	1	-0.00541	-0.00866	0.65590	0.00297	1	0.05973	-0.01259	0.65567	0.00308	1	1.45898	0.81042	0	
1281602	8642.98145	3307229411341	0.57818	0.60968	8642.84082	0.14062	12209	1	0.62485	0.64230	1	0.56362	0.68581	1	0.59424	0.66406	1	0.47853	0.53592	12.15114	0.99771	1	0.73901	0.55683	13.11240	0.99005	1	-0.00541	-0.00866	0.65590	0.00286	1	0.05973	-0.01259	0.65567	0.00298	1	1.45898	0.81042	0	
1281603	8642.98828	3307229478489	0.59214	0.63611	8642.84082	0.14062	12209	0	0.62501	0.64640	1	0.56265	0.68983	1	0.59383	0.66811	1	0.47849	0.53594	12.20084	0.99005	1	0.73907	0.55669	12.98195	0.98239	1	-0.00537	-0.00868	0.65731	0.00285	1	0.06042	-0.01268	0.66318	0.00309	1	1.45898	0.81042	0	
1281604	8642.99414	3307229541167	0.59055	0.64196	8642.84082	0.14062	12209	0	0.61798	0.63424	1	0.55993	0.66139	1	0.58895	0.64781	1	0.47853	0.53588	12.05011	0.98951	1	0.73907	0.55669	12.98195	0.98951	1	-0.00537	-0.00868	0.65731	0.00290	1	0.06042	-0.01268	0.66318	0.00309	1	1.45898	0.81042	0	
1281605	8643.00195	3307229610375	0.59070	0.64721	8642.84082	0.14062	12209	0	0.61457	0.64112	1	0.56742	0.67432	1	0.59099	0.65772	1	0.47852	0.53594	12.17129	0.99664	1	0.73909	0.55685	12.99522	0.99664	1	-0.00537	-0.00868	0.65731	0.00290	1	0.06042	-0.01268	0.66318	0.00296	1	1.45898	0.81042	0	
1281606	8643.00781	3307229675163	0.59077	0.64984	8642.98828	0.01953	12210	1	0.61457	0.64112	1	0.56742	0.67432	1	0.59099	0.65772	1	0.47849	0.53595	12.31183	0.99664	1	0.73916	0.55698	13.08154	0.99664	1	-0.00541	-0.00866	0.65590	0.00284	1	0.05973	-0.01259	0.65567	0.00302	1	1.45898	0.81042	0	
1281607	8643.01465	3307229743564	0.59094	0.65079	8642.98828	0.02637	12210	1	0.61394	0.61685	1	0.56925	0.69229	1	0.59159	0.65457	1	0.47839	0.53596	12.45457	0.98951	1	0.73919	0.55690	12.96966	0.98951	1	-0.00541	-0.00866	0.65590	0.00282	1	0.05973	-0.01259	0.65567	0.00312	1	1.45898	0.81042	0	
1281608	8643.02148	3307229808505	0.59094	0.65489	8642.98828	0.03320	12210	1	0.61687	0.65539	1	0.56499	0.69547	1	0.59093	0.67543	1	0.47848	0.53606	12.30043	0.98239	1	0.73919	0.55690	12.96966	0.98239	1	-0.00541	-0.00866	0.65590	0.00277	1	0.05973	-0.01259	0.65567	0.00312	1	1.45898	0.81042	0	
1281609	8643.02832	3307229875353	0.59099	0.65723	8642.98828	0.04004	12210	1	0.61664	0.65115	1	0.56603	0.69130	1	0.59133	0.67122	1	0.47853	0.53604	12.16587	0.99040	1	0.73906	0.55679	12.89890	0.99040	1	-0.00565	-0.00904	0.68474	0.00278	1	0.05973	-0.01259	0.65567	0.00296	1	1.45898	0.81042	0	
1281610	8643.03516	3307229944501	0.58723	0.65695	8642.98828	0.04688	12210	1	0.60294	0.61540	1	0.51881	0.69465	1	0.56088	0.65502	1	0.47848	0.53585	12.07800	1.00555	1	0.73900	0.55656	13.06089	1.00555	1	-0.00565	-0.00904	0.68474	0.00289	1	0.05973	-0.01259	0.65567	0.00285	1	1.45898	0.81042	0	
1281611	8643.04199	3307230010590	0.58298	0.66185	8642.98828	0.05371	12210	1	0.59157	0.65360	1	0.50641	0.74856	1	0.54899	0.70108	1	0.47873	0.53570	11.60876	1.02069	1	0.73898	0.55678	13.08037	1.02069	1	-0.00565	-0.00904	0.68474	0.00278	1	0.05973	-0.01259	0.65567	0.00293	1	1.45898	0.81042	0	
1281612	8643.04785	3307230078496	0.57962	0.66488	8642.98828	0.05957	12210	1	0.59080	0.64585	1	0.50798	0.73841	1	0.54939	0.69213	1	0.48030	0.53490	11.39627	1.03583	1	0.74099	0.55597	12.91346	1.04349	1	-0.00535	-0.00885	0.68573	0.00330	1	0.06157	-0.01282	0.67308	0.00353	1	1.45898	0.81042	0	
1281613	8643.05469	3307230145059	0.58483	0.66247	8642.98828	0.06641	12210	1	0.67104	0.58401	1	0.60277	0.69276	1	0.63691	0.63839	1	0.48093	0.53454	11.85034	1.04349	1	0.74148	0.55579	13.46549	1.05115	1	-0.00535	-0.00885	0.68573	0.00308	1	0.06157	-0.01282	0.67308	0.00347	1	1.45898	0.81042	0	
1281614	8643.06152	3307230213031	0.58696	0.65788	8642.98828	0.07324	12210	1	0.63753	0.55420	1	0.58318	0.66052	1	0.61036	0.60736	1	0.48131	0.53434	11.87565	1.05115	1	0.74112	0.55549	13.07170	1.05881	1	-0.00535	-0.00885	0.68573	0.00290	1	0.06157	-0.01282	0.67308	0.00324	1	1.45898	0.81042	0	
1281615	8643.06836	3307230278529	0.58879	0.65367	8642.98828	0.08008	12210	1	0.63745	0.54968	1	0.58423	0.65656	1	0.61084	0.60312	1	0.48312	0.53402	12.29512	1.05881	1	0.74344	0.55448	12.91003	1.06647	1	-0.00484	-0.00842	0.67209	0.00345	1	0.06158	-0.01251	0.66985	0.00361	1	1.45898	0.81042	0	
1281616	8643.07520	3307230349315	0.59621	0.64738	8642.98828	0.08691	12210	1	0.71440	0.47986	1	0.67099	0.65133	1	0.69269	0.56559	1	0.48334	0.53313	12.09987	1.06647	1	0.74330	0.55481	12.85549	1.06647	1	-0.00484	-0.00842	0.67209	0.00335	1	0.06158	-0.01251	0.66985	0.00371	1	1.45898	0.81042	0	
1281617	8643.08203	3307230416103	0.60235	0.64055	8642.98828	0.09375	12210	1	0.70566	0.47717	1	0.67081	0.61283	1	0.68823	0.54500	1	0.48320	0.53306	11.89244	1.06647	1	0.74331	0.55447	12.90458	1.06647	1	-0.00484	-0.00842	0.67209	0.00338	1	0.06158	-0.01251	0.66985	0.00357	1	1.45898	0.81042	0	
1281618	8643.08887	3307230482970	0.60767	0.63471	8642.98828	0.10059	12210	1	0.70566	0.47717	1	0.66916	0.61714	1	0.68741	0.54715	1	0.48366	0.53274	11.68339	1.06647	1	0.74346	0.55423	12.68872	1.05881	1	-0.00484	-0.00842	0.67209	0.00330	1	0.06081	-0.01239	0.66098	0.00368	1	1.45898	0.81042	0	
1281619	8643.09570	3307230550784	0.61344	0.62777	8642.98828	0.10742	12210	1	0.74266	0.45603	1	0.66888	0.57737	1	0.70577	0.51670	1	0.48352	0.53267	11.75996	1.05881	1	0.74339	0.55412	12.72718	1.05115	1	-0.00484	-0.00842	0.67209	0.00331	1	0.06081	-0.01239	0.66098	0.00361	1	1.45898	0.81042	0	
1281620	8643.10254	3307230617255	0.61873	0.62187	8642.98828	0.11426	12210	1	0.75242	0.44837	1	0.66506	0.59472	1	0.70874	0.52155	1	0.48363	0.53279	11.75351	1.05115	1	0.74332	0.55414	12.16741	1.04349	1	-0.00484	-0.00842	0.67209	0.00328	1	0.06081	-0.01239	0.66098	0.00360	1	1.45898	0.81042	0	
1281621	8643.10938	3307230684037	0.64232	0.59330	8642.98828	0.11426	12210	0	0.75176	0.45362	1	0.66342	0.59926	1	0.70759	0.52644	1	0.48365	0.53275	11.81972	1.04349	1	0.74359	0.55413	12.94897	1.03583	1	-0.00484	-0.00842	0.67209	0.00327	1	0.06008	-0.01220	0.65305	0.00371	1	1.45898	0.81042	0	
1281622	8643.11523	3307230751249	0.67295	0.57852	8642.98828	0.11426	12210	0	0.74316	0.47713	1	0.66400	0.65036	1	0.70358	0.56374	1	0.48349	0.53283	11.77114	1.03583	1	0.74338	0.55450	12.95372	1.03583	1	-0.00484	-0.00842	0.67209	0.00324	1	0.06008	-0.01220	0.65305	0.00358	1	1.45898	0.81042	0	
1281623	8643.12207	3307230816068	0.68555	0.56710	8642.98828	0.11426	12210	0	0.75036	0.46953	1	0.67115	0.61898	1	0.71075	0.54425	1	0.48362	0.53265	11.60887	1.03583	1	0.74350	0.55439	12.92754	1.03583	1	-0.00484	-0.00842	0.67209	0.00324	1	0.06008	-0.01220	0.65305	0.00350	1	1.45898	0.81042	0	
1281624	8643.12891	3307230885039	0.69185	0.56139	8643.10938	0.01953	12211	1	0.75036	0.46953	1	0.67115	0.61898	1	0.71075	0.54425	1	0.48346	0.53283	11.71083	1.03583	1	0.74356	0.55467	12.51829	1.03583	1	-0.00484	-0.00842	0.67209	0.00313	1	0.06081	-0.01229	0.66098	0.00348	1	1.45898	0.81042	0	
1281625	8643.13574	3307230951805	0.69610	0.55395	8643.10938	0.02637	12211	1	0.74793	0.45698	1	0.67822	0.59144	1	0.71308	0.52421	1	0.48357	0.53264	11.82875	1.03583	1	0.74359	0.55405	12.80439	1.03583	1	-0.00484	-0.00842	0.67209	0.00316	1	0.06081	-0.01229	0.66098	0.00366	1	1.45898	0.81042	0	
1281626	8643.14258	3307231018140	0.69714	0.55479	8643.10938	0.03320	12211	1	0.72955	0.45992	1	0.67517	0.65804	1	0.70236	0.55898	1	0.48336	0.53271	11.29316	1.03583	1	0.74352	0.55483	13.22413	1.03583	1	-0.00484	-0.00842	0.67209	0.00318	1	0.06081	-0.01229	0.66098	0.00349	1	1.45898	0.81042	0	
1281627	8643.14941	3307231086261	0.69789	0.55539	8643.10938	0.04004	12211	1	0.72955	0.45992	1	0.67517	0.65804	1	0.70236	0.55898	1	0.48334	0.53260	11.09298	1.03583	1	0.74342	0.55454	13.18192	1.03583	1	-0.00484	-0.00842	0.67209	0.00333	1	0.06008	-0.01220	0.65305	0.00351	1	1.45898	0.81042	0	
1281628	8643.15527	3307231152448	0.69927	0.55396	8643.10938	0.04590	12211	1	0.74673	0.47615	1	0.67119	0.61171	1	0.70896	0.54393	1	0.48351	0.53279	11.39507	1.03583	1	0.74341	0.55416	12.66893	1.03583	1	-0.00484	-0.00842	0.67209	0.00353	1	0.06008	-0.01220	0.65305	0.00368	1	1.45898	0.81042	0	
1281629	8643.16211	3307231216336	0.69936	0.54810	8643.10938	0.05273	12211	1	0.73607	0.43976	1	0.66410	0.56271	1	0.70008	0.50123	1	0.48344	0.53236	11.34144	1.03583	1	0.74336	0.55428	12.60166	1.03583	1	-0.00484	-0.00842	0.67209	0.00343	1	0.06008	-0.01220	0.65305	0.00375	1	1.45898	0.81042	0	
1281630	8643.16895	3307231284117	0.69943	0.54341	8643.10938	0.05957	12211	1	0.73607	0.43976	1	0.66410	0.56271	1	0.70008	0.50123	1	0.48309	0.53270	11.30894	1.03583	1	0.74334	0.55429	12.56861	1.03583	1	-0.00484	-0.00842	0.67209	0.00320	1	0.06008	-0.01220	0.65305	0.00366	1	1.45898	0.81042	0	
1281631	8643.17578	3307231348985	0.69863	0.54385	8643.10938	0.06641	12211	1	0.71584	0.48082	1	0.66546	0.61575	1	0.69065	0.54828	1	0.48304	0.53276	11.27520	1.03583	1	0.74341	0.55475	12.41067	1.03583	1	-0.00484	-0.00842	0.67209	0.00337	1	0.06008	-0.01220	0.65305	0.00355	1	1.45898	0.81042	0	
1281632	8643.18262	3307231421229	0.69820	0.54533	8643.10938	0.07324	12211	1	0.72569	0.48219	1	0.66118	0.64085	1	0.69343	0.56152	1	0.48320	0.53281	11.60269	1.03583	1	0.74328	0.55448	11.85185	1.03583	1	-0.00484	-0.00842	0.67209	0.00318	1	0.06008	-0.01220	0.65305	0.00358	1	1.45898	0.81042	0	
1281633	8643.18945	3307231486898	0.69783	0.54657	8643.10938	0.08008	12211	1	0.72569	0.48219	1	0.66118	0.64085	1	0.69343	0.56152	1	0.48301	0.53294	11.89090	1.03583	1	0.74326	0.55426	12.36854	1.03583	1	-0.00484	-0.00842	0.67209	0.00328	1	0.06081	-0.01229	0.66098	0.00356	1	1.45898	0.81042	0	
1281634	8643.19531	3307231552236	0.69801	0.54732	8643.10938	0.08594	12211	1	0.74037	0.50142	1	0.66011	0.61258	1	0.70024	0.55700	1	0.48303	0.53316	11.46944	1.03583	1	0.74335	0.55433	12.66139	1.03583	1	-0.00484	-0.00842	0.67209	0.00329	1	0.06081	-0.01229	0.66098	0.00356	1	1.45898	0.81042	0	
1281635	8643.20215	3307231617229	0.69840	0.54923	8643.10938	0.09277	12211	1	0.74253	0.50793	1	0.66539	0.64411	1	0.70396	0.57602	1	0.48300	0.53322	11.45281	1.03583	1	0.74335	0.55449	12.87670	1.03583	1	-0.00484	-0.00842	0.67209	0.00334	1	0.06081	-0.01229	0.66098	0.00358	1	1.45898	0.81042	0	
1281636	8643.20898	3307231686477	0.69868	0.55120	8643.10938	0.09961	12211	1	0.74188	0.51306	1	0.66365	0.64851	1	0.70277	0.58078	1	0.48282	0.53306	11.89110	1.02782	1	0.74344	0.55445	12.43482	1.02782	1	-0.00477	-0.00822	0.65630	0.00330	1	0.06081	-0.01229	0.66098	0.00368	1	1.45898	0.81042	0	
1281637	8643.21582	3307231753299	0.69901	0.55294	8643.10938	0.10645	12211	1	0.74746	0.52387	1	0.66139	0.63753	1	0.70442	0.58070	1	0.48314	0.53333	11.93347	1.01980	1	0.74341	0.55449	12.37185	1.01980	1	-0.00477	-0.00822	0.65630	0.00331	1	0.06081	-0.01229	0.66098	0.00396	1	1.45898	0.81042	0	
1281638	8643.22266	3307231819888	0.69892	0.55434	8643.10938	0.11328	12211	1	0.73652	0.50248	1	0.65822	0.65398	1	0.69737	0.57823	1	0.48303	0.53305	11.54309	1.01178	1	0.74332	0.55454	12.90863	1.01178	1	-0.00477	-0.00822	0.65630	0.00332	1	0.06081	-0.01229	0.66098	0.00378	1	1.45898	0.81042	0	
1281639	8643.22949	3307231887618	0.69882	0.55574	8643.10938	0.12012	12211	1	0.73590	0.50777	1	0.65814	0.65417	1	0.69702	0.58097	1	0.48298	0.53315	12.19889	1.00377	1	0.74332	0.55487	12.84383	1.01143	1	-0.00477	-0.00822	0.65630	0.00326	1	0.06158	-0.01246	0.66985	0.00374	1	1.45898	0.81042	0	
1281640	8643.23633	3307231955396	0.69890	0.55615	8643.10938	0.12695	12211	1	0.73752	0.46564	1	0.66304	0.66199	1	0.70028	0.56382	1	0.48305	0.53255	11.57824	1.01143	1	0.74336	0.55474	13.06696	1.01908	1	-0.00477	-0.00822	0.65630	0.00351	1	0.06158	-0.01246	0.66985	0.00370	1	1.45898	0.81042	0	
1281641	8643.24316	3307232023798	0.69896	0.55853	8643.10938	0.13379	12211	1	0.73597	0.52743	1	0.66451	0.68493	1	0.70024	0.60618	1	0.48297	0.53323	12.21445	1.01908	1	0.74335	0.55486	13.09523	1.02674	1	-0.00477	-0.00822	0.65630	0.00326	1	0.06158	-0.01246	0.66985	0.00371	1	1.45898	0.81042	0	
1281642	8643.24902	3307232086240	0.69912	0.56029	8643.10938	0.13965	12211	1	0.73717	0.51755	1	0.66794	0.67689	1	0.70255	0.59722	1	0.48302	0.53322	12.11263	1.03476	1	0.74333	0.55463	12.56554	1.04242	1	-0.00505	-0.00861	0.68778	0.00327	1	0.06158	-0.01246	0.66985	0.00373	1	1.45898	0.81042	0	
1281643	8643.25586	3307232156101	0.69944	0.56186	8643.10938	0.14648	12211	1	0.74089	0.55549	1	0.67216	0.63718	1	0.70653	0.59634	1	0.48301	0.53322	12.22367	1.05044	1	0.74347	0.55469	12.60263	1.05044	1	-0.00505	-0.00861	0.68778	0.00327	1	0.06158	-0.01246	0.66985	0.00362	1	1.45898	0.81042	0	
1281644	8643.26270	3307232224100	0.69989	0.56352	8643.10938	0.15332	12211	1	0.74408	0.52960	1	0.67631	0.67391	1	0.71020	0.60175	1	0.48305	0.53322	12.08214	1.05845	1	0.74356	0.55460	12.50838	1.05845	1	-0.00505	-0.00861	0.68778	0.00329	1	0.06158	-0.01246	0.66985	0.00367	1	1.45898	0.81042	0	
1281645	8643.26953	3307232291516	0.70027	0.56513	8643.10938	0.16016	12211	1	0.74408	0.52960	1	0.67461	0.67780	1	0.70934	0.60370	1	0.48293	0.53303	11.88026	1.05845	1	0.74345	0.55472	12.92334	1.05079	1	-0.00483	-0.00826	0.66376	0.00332	1	0.06081	-0.01229	0.66098	0.00363	1	1.45898	0.81042	0	
1281646	8643.27637	3307232358592	0.70046	0.56517	8643.10938	0.16699	12211	1	0.74235	0.54042	1	0.66790	0.59230	1	0.70513	0.56636	1	0.48296	0.53312	11.96387	1.04278	1	0.74344	0.55400	12.65954	1.03512	1	-0.00483	-0.00826	0.66376	0.00329	1	0.06081	-0.01229	0.66098	0.00365	1	1.45898	0.81042	0	
1281647	8643.28320	3307232425361	0.70056	0.56576	8643.10938	0.17383	12211	1	0.73910	0.55232	1	0.66721	0.60993	1	0.70316	0.58112	1	0.48299	0.53313	12.23598	1.02710	1	0.74345	0.55418	12.58703	1.01944	1	-0.00483	-0.00826	0.66376	0.00331	1	0.06081	-0.01229	0.66098	0.00356	1	1.45898	0.81042	0	
1281648	8643.29004	3307232492648	0.70060	0.56657	8643.10938	0.18066	12211	1	0.73785	0.56175	1	0.66543	0.61468	1	0.70164	0.58821	1	0.48287	0.53310	12.08585	1.01143	1	0.74352	0.55422	12.44686	1.01143	1	-0.00477	-0.00812	0.65630	0.00326	1	0.06158	-0.01246	0.66985	0.00359	1	1.45898	0.81042	0	
1281649	8643.29688	3307232559516	0.70061	0.56793	8643.10938	0.18750	12211	1	0.74118	0.56440	1	0.66065	0.64808	1	0.70091	0.60624	1	0.48304	0.53318	11.48662	1.01143	1	0.74326	0.55453	12.56920	1.01908	1	-0.00477	-0.00812	0.65630	0.00329	1	0.06158	-0.01246	0.66985	0.00357	1	1.45898	0.81042	0	
1281650	8643.30273	3307232625843	0.70077	0.56944	8643.10938	0.19336	12211	1	0.74636	0.56907	1	0.66486	0.65728	1	0.70561	0.61318	1	0.48305	0.53321	11.45431	1.01908	1	0.74348	0.55421	12.57967	1.02674	1	-0.00477	-0.00812	0.65630	0.00328	1	0.06158	-0.01246	0.66985	0.00364	1	1.45898	0.81042	0	
1281651	8643.30957	3307232693800	0.70094	0.57078	8643.10938	0.20020	12211	1	0.74702	0.56455	1	0.66486	0.65728	1	0.70594	0.61092	1	0.48290	0.53305	11.79080	1.02674	1	0.74348	0.55405	12.42874	1.02674	1	-0.00477	-0.00822	0.65630	0.00327	1	0.06081	-0.01229	0.66098	0.00358	1	1.45898	0.81042	0	
1281652	8643.31641	3307232760403	0.70354	0.59609	8643.10938	0.20020	12211	0	0.72939	0.55059	1	0.65311	0.61306	1	0.69125	0.58182	1	0.48294	0.53305	11.82221	1.02674	1	0.74329	0.55375	12.10101	1.01908	1	-0.00477	-0.00822	0.65630	0.00331	1	0.06081	-0.01229	0.66098	0.00358	1	1.45898	0.81042	0	
1281653	8643.32324	3307232827445	0.70033	0.59879	8643.10938	0.20020	12211	0	0.72938	0.55063	1	0.66486	0.65238	1	0.69712	0.60150	1	0.48293	0.53304	11.81889	1.01908	1	0.74333	0.55404	12.24705	1.01143	1	-0.00477	-0.00822	0.65630	0.00331	1	0.06081	-0.01229	0.66098	0.00353	1	1.45898	0.81042	0	
1281654	8643.33008	3307232894573	0.69928	0.59963	8643.10938	0.20020	12211	0	0.72941	0.55041	1	0.66494	0.65218	1	0.69718	0.60129	1	0.48331	0.53302	11.25952	1.01944	1	0.74339	0.55349	11.74102	1.01178	1	-0.00484	-0.00832	0.67209	0.00350	1	0.06081	-0.01229	0.66098	0.00378	1	1.45898	0.81042	0	
1281655	8643.33691	3307232961476	0.69992	0.59172	8643.31641	0.02051	12212	1	0.74475	0.53160	1	0.65896	0.60443	1	0.70185	0.56801	1	0.48350	0.53272	11.54222	1.01980	1	0.74333	0.55365	11.78287	1.01980	1	-0.00484	-0.00832	0.67209	0.00358	1	0.06081	-0.01229	0.66098	0.00366	1	1.45898	0.81042	0	
1281656	8643.34375	3307233028639	0.70008	0.58590	8643.31641	0.02734	12212	1	0.74296	0.50433	1	0.65840	0.62088	1	0.70068	0.56261	1	0.48353	0.53257	11.25718	1.02782	1	0.74327	0.55367	12.29782	1.02782	1	-0.00484	-0.00832	0.67209	0.00365	1	0.06081	-0.01229	0.66098	0.00352	1	1.45898	0.81042	0	
1281657	8643.34961	3307233095587	0.70037	0.58120	8643.31641	0.03320	12212	1	0.74362	0.49915	1	0.66010	0.61627	1	0.70186	0.55771	1	0.48358	0.53266	11.13737	1.03583	1	0.74332	0.55378	12.50461	1.03583	1	-0.00489	-0.00835	0.67866	0.00362	1	0.06081	-0.01229	0.66098	0.00352	1	1.45898	0.81042	0	
1281658	8643.35645	3307233162579	0.70060	0.57596	8643.31641	0.04004	12212	1	0.73896	0.47596	1	0.66496	0.61302	1	0.70196	0.54449	1	0.48347	0.53249	11.21966	1.03583	1	0.74333	0.55382	11.47631	1.03583	1	-0.00489	-0.00835	0.67866	0.00361	1	0.06081	-0.01229	0.66098	0.00378	1	1.45898	0.81042	0	
1281659	8643.36328	3307233229312	0.70195	0.57436	8643.31641	0.04688	12212	1	0.74879	0.50023	1	0.67400	0.62608	1	0.71140	0.56316	1	0.48355	0.53259	10.98436	1.03583	1	0.74342	0.55390	11.57811	1.03583	1	-0.00489	-0.00835	0.67866	0.00363	1	0.06081	-0.01229	0.66098	0.00377	1	1.45898	0.81042	0	AUDIO_FILE_OFFSET
1281660	8643.37012	3307233296219	0.70300	0.57311	8643.31641	0.05371	12212	1	0.74879	0.50023	1	0.67400	0.62608	1	0.71140	0.56316	1	0.48376	0.53286	11.57273	1.03583	1	0.74368	0.55359	11.96428	1.03583	1	-0.00489	-0.00835	0.67866	0.00340	1	0.06081	-0.01229	0.66098	0.00389	1	1.45898	0.81042	0	
1281661	8643.37695	3307233363481	0.70414	0.57021	8643.31641	0.06055	12212	1	0.74034	0.47539	1	0.68856	0.61284	1	0.71445	0.54412	1	0.48349	0.53218	10.84680	1.03583	1	0.74375	0.55368	11.61483	1.03583	1	-0.00489	-0.00835	0.67866	0.00366	1	0.06081	-0.01229	0.66098	0.00367	1	1.45898	0.81042	0	
1281662	8643.38379	3307233428451	0.70567	0.56961	8643.31641	0.06738	12212	1	0.73401	0.53467	1	0.70788	0.59245	1	0.72094	0.56356	1	0.48333	0.53285	11.27520	1.03583	1	0.74401	0.55354	11.31981	1.03583	1	-0.00489	-0.00835	0.67866	0.00331	1	0.06081	-0.01229	0.66098	0.00390	1	1.45898	0.81042	0	STOP_TRIAL
1281814	8644.40137	3307243609189	0.43104	0.46236	8644.11328	0.28809	12214	1	0.47201	0.47465	0	0.40974	0.38554	0	0.40974	0.38554	0	0.47069	0.53445	9.79698	1.03583	0	0.73120	0.55265	10.46214	1.03583	0	-0.00709	-0.00878	0.68474	0.00341	1	0.05917	-0.01249	0.66372	0.00336	1	1.45898	0.81042	0	
1281815	8644.40820	3307243680000	0.43034	0.46104	8644.11328	0.29492	12214	1	0.47201	0.47465	0	0.40165	0.40710	1	0.40165	0.40710	1	0.47069	0.53445	9.79698	1.03583	0	0.73109	0.55290	10.68388	1.03583	1	-0.00709	-0.00878	0.68474	0.00341	1	0.05917	-0.01249	0.66372	0.00307	1	1.45898	0.81042	0	START_TRIAL
1281816	8644.41504	3307243746695	0.41729	0.43431	8644.11328	0.29492	12214	0	0.47201	0.47465	0	0.40142	0.40126	1	0.40142	0.40126	1	0.47069	0.53445	9.79698	1.03583	0	0.73086	0.55320	10.32411	1.04349	1	-0.00709	-0.00878	0.68474	0.00341	1	0.06070	-0.01278	0.68143	0.00339	1	1.45898	0.81042	0	
1281817	8644.42188	3307243812845	0.41729	0.43431	8644.11328	0.29492	12214	0	0.47201	0.47465	0	0.40142	0.40126	0	0.40142	0.40126	0	0.47069	0.53445	9.79698	1.04349	0	0.73086	0.55320	10.32411	1.05115	0	-0.00709	-0.00878	0.68474	0.00341	1	0.06070	-0.01278	0.68143	0.00339	1	1.45898	0.81042	0	
1281818	8644.42871	3307243879431	0.41729	0.43431	8644.11328	0.29492	12214	0	0.47201	0.47465	0	0.40142	0.40126	0	0.40142	0.40126	0	0.47069	0.53445	9.79698	1.05115	0	0.73086	0.55320	10.32411	1.05881	0	-0.00709	-0.00878	0.68474	0.00341	1	0.06070	-0.01278	0.68143	0.00339	1	1.45898	0.81042	0	
1281819	8644.43555	3307243947004	0.00000	0.00000	8644.11328	0.29492	12214	0	0.47201	0.47465	0	0.40142	0.40126	0	0.40142	0.40126	0	0.47069	0.53445	9.79698	1.05881	0	0.73086	0.55320	10.32411	1.06647	0	-0.00709	-0.00878	0.68474	0.00341	1	0.06070	-0.01278	0.68143	0.00339	1	1.45898	0.81042	0	
1281820	8644.44141	3307244013710	0.00000	0.00000	8644.11328	0.29492	12214	0	0.47201	0.47465	0	0.40142	0.40126	0	0.40142	0.40126	0	0.47069	0.53445	9.79698	1.06647	0	0.73086	0.55320	10.32411	1.06647	0	-0.00709	-0.00878	0.68474	0.00341	1	0.06070	-0.01278	0.68143	0.00339	1	1.45898	0.81042	0	
1281821	8644.44824	3307244080771	0.19039	0.12471	8644.11328	0.29492	12214	0	0.47201	0.47465	0	0.38077	0.24942	1	0.38077	0.24942	1	0.47069	0.53445	9.79698	1.06647	0	0.73118	0.55153	10.71686	1.06647	1	-0.00709	-0.00878	0.68474	0.00341	1	0.06070	-0.01278	0.68143	0.00225	1	1.45898	0.81042	0	
1281822	8644.45508	3307244147513	0.38077	0.24942	8644.11328	0.29492	12214	0	0.47201	0.47465	0	0.38077	0.24942	1	0.38077	0.24942	1	0.47069	0.53445	9.79698	1.06647	0	0.73121	0.55154	10.68984	1.06647	1	-0.00709	-0.00878	0.68474	0.00341	1	0.06070	-0.01278	0.68143	0.00216	1	1.45898	0.81042	0	
1281823	8644.46191	3307244214494	0.38077	0.24942	8644.11328	0.29492	12214	0	0.47201	0.47465	0	0.38077	0.24942	0	0.38077	0.24942	0	0.47069	0.53445	9.79698	1.06647	0	0.73121	0.55154	10.68984	1.06647	0	-0.00709	-0.00878	0.68474	0.00341	1	0.06070	-0.01278	0.68143	0.00216	1	1.45898	0.81042	0	
1281824	8644.46875	3307244281413	0.38077	0.24942	8644.11328	0.29492	12214	0	0.47201	0.47465	0	0.38077	0.24942	0	0.38077	0.24942	0	0.47069	0.53445	9.79698	1.06647	0	0.73121	0.55154	10.68984	1.06647	0	-0.00709	-0.00878	0.68474	0.00341	1	0.06070	-0.01278	0.68143	0.00216	1	1.45898	0.81042	0	
1281825	8644.47559	3307244348436	0.00000	0.00000	8644.11328	0.29492	12214	0	0.47201	0.47465	0	0.38077	0.24942	0	0.38077	0.24942	0	0.47069	0.53445	9.79698	1.06647	0	0.73121	0.55154	10.68984	1.06647	0	-0.00709	-0.00878	0.68474	0.00341	1	0.06070	-0.01278	0.68143	0.00216	1	1.45898	0.81042	0	
1281826	8644.48242	3307244415843	0.00000	0.00000	8644.11328	0.29492	12214	0	0.47201	0.47465	0	0.38077	0.24942	0	0.38077	0.24942	0	0.47069	0.53445	9.79698	1.06647	0	0.73121	0.55154	10.68984	1.06647	0	-0.00709	-0.00878	0.68474	0.00341	1	0.06070	-0.01278	0.68143	0.00216	1	1.45898	0.81042	0	
1281827	8644.48828	3307244480734	0.00000	0.00000	8644.11328	0.29492	12214	0	0.47201	0.47465	0	0.38077	0.24942	0	0.38077	0.24942	0	0.47069	0.53445	9.79698	1.06647	0	0.73121	0.55154	10.68984	1.06647	0	-0.00709	-0.00878	0.68474	0.00341	1	0.06070	-0.01278	0.68143	0.00216	1	1.45898	0.81042	0	
1281828	8644.49512	3307244549223	0.00000	0.00000	8644.11328	0.29492	12214	0	0.47201	0.47465	0	0.38077	0.24942	0	0.38077	0.24942	0	0.47069	0.53445	9.79698	1.06647	0	0.73121	0.55154	10.68984	1.06647	0	-0.00709	-0.00878	0.68474	0.00341	1	0.06070	-0.01278	0.68143	0.00216	1	1.45898	0.81042	0	
1281829	8644.50195	3307244616430	0.00000	0.00000	8644.11328	0.29492	12214	0	0.47201	0.47465	0	0.38077	0.24942	0	0.38077	0.24942	0	0.47069	0.53445	9.79698	1.06647	0	0.73121	0.55154	10.68984	1.06647	0	-0.00709	-0.00878	0.68474	0.00341	1	0.06070	-0.01278	0.68143	0.00216	1	1.45898	0.81042	0	
1281830	8644.50879	3307244683650	0.00000	0.00000	8644.11328	0.29492	12214	0	0.47201	0.47465	0	0.38077	0.24942	0	0.38077	0.24942	0	0.47069	0.53445	9.79698	1.06647	0	0.73121	0.55154	10.68984	1.06647	0	-0.00709	-0.00878	0.68474	0.00341	1	0.06070	-0.01278	0.68143	0.00216	1	1.45898	0.81042	0	
1281831	8644.51562	3307244751088	0.00000	0.00000	8644.11328	0.29492	12214	0	0.47201	0.47465	0	0.38077	0.24942	0	0.38077	0.24942	0	0.47069	0.53445	9.79698	1.06647	0	0.73121	0.55154	10.68984	1.06647	0	-0.00709	-0.00878	0.68474	0.00341	1	0.06070	-0.01278	0.68143	0.00216	1	1.45898	0.81042	0	
1281832	8644.52246	3307244818581	0.21848	0.28066	8644.11328	0.29492	12214	0	0.45470	0.59732	1	0.41921	0.52532	1	0.43695	0.56132	1	0.46924	0.53547	9.99008	1.06647	1	0.73064	0.55360	11.66395	1.06647	1	-0.00709	-0.00878	0.68474	0.00359	1	0.06070	-0.01278	0.68143	0.00331	1	1.45898	0.81042	0	
1281833	8644.52930	3307244884213	0.30319	0.33922	8644.11328	0.29492	12214	0	0.45470	0.59732	0	0.47260	0.45635	1	0.47260	0.45635	1	0.46924	0.53547	9.99008	1.06647	0	0.73073	0.55351	11.44104	1.06647	1	-0.00709	-0.00878	0.68474	0.00359	1	0.06070	-0.01278	0.68143	0.00351	1	1.45898	0.81042	0	
1281834	8644.53516	3307244951287	0.45478	0.50883	8644.11328	0.29492	12214	0	0.45470	0.59732	0	0.47260	0.45635	0	0.47260	0.45635	0	0.46924	0.53547	9.99008	1.06647	0	0.73073	0.55351	11.44104	1.06647	0	-0.00709	-0.00878	0.68474	0.00359	1	0.06070	-0.01278	0.68143	0.00351	1	1.45898	0.81042	0	
1281835	8644.54199	3307245019402	0.45478	0.50883	8644.11328	0.29492	12214	0	0.45470	0.59732	0	0.47260	0.45635	0	0.47260	0.45635	0	0.46924	0.53547	9.99008	1.06647	0	0.73073	0.55351	11.44104	1.06647	0	-0.00709	-0.00878	0.68474	0.00359	1	0.06070	-0.01278	0.68143	0.00351	1	1.45898	0.81042	0	
1281836	8644.54883	3307245085217	0.45478	0.50883	8644.11328	0.29492	12214	0	0.45470	0.59732	0	0.47260	0.45635	0	0.47260	0.45635	0	0.46924	0.53547	9.99008	1.06647	0	0.73073	0.55351	11.44104	1.06647	0	-0.00709	-0.00878	0.68474	0.00359	1	0.06070	-0.01278	0.68143	0.00351	1	1.45898	0.81042	0	
1281837	8644.55566	3307245151785	0.00000	0.00000	8644.11328	0.29492	12214	0	0.45470	0.59732	0	0.47260	0.45635	0	0.47260	0.45635	0	0.46924	0.53547	9.99008	1.06647	0	0.73073	0.55351	11.44104	1.06647	0	-0.00709	-0.00878	0.68474	0.00359	1	0.06070	-0.01278	0.68143	0.00351	1	1.45898	0.81042	0	
1281838	8644.56250	3307245218414	0.00000	0.00000	8644.11328	0.29492	12214	0	0.45470	0.59732	0	0.47260	0.45635	0	0.47260	0.45635	0	0.46924	0.53547	9.99008	1.06647	0	0.73073	0.55351	11.44104	1.06647	0	-0.00709	-0.00878	0.68474	0.00359	1	0.06070	-0.01278	0.68143	0.00351	1	1.45898	0.81042	0	
1281839	8644.56934	3307245284017	0.00000	0.00000	8644.11328	0.29492	12214	0	0.45470	0.59732	0	0.47260	0.45635	0	0.47260	0.45635	0	0.46924	0.53547	9.99008	1.06647	0	0.73073	0.55351	11.44104	1.06647	0	-0.00709	-0.00878	0.68474	0.00359	1	0.06070	-0.01278	0.68143	0.00351	1	1.45898	0.81042	0	
1281840	8644.57520	3307245350281	0.00000	0.00000	8644.11328	0.29492	12214	0	0.45470	0.59732	0	0.47260	0.45635	0	0.47260	0.45635	0	0.46924	0.53547	9.99008	1.06647	0	0.73073	0.55351	11.44104	1.06647	0	-0.00709	-0.00878	0.68474	0.00359	1	0.06070	-0.01278	0.68143	0.00351	1	1.45898	0.81042	0	
1281841	8644.58203	3307245417063	0.00000	0.00000	8644.11328	0.29492	12214	0	0.45470	0.59732	0	0.47260	0.45635	0	0.47260	0.45635	0	0.46924	0.53547	9.99008	1.06647	0	0.73073	0.55351	11.44104	1.06647	0	-0.00709	-0.00878	0.68474	0.00359	1	0.06070	-0.01278	0.68143	0.00351	1	1.45898	0.81042	0	
1281842	8644.58887	3307245485135	0.00000	0.00000	8644.11328	0.29492	12214	0	0.45470	0.59732	0	0.47260	0.45635	0	0.47260	0.45635	0	0.46924	0.53547	9.99008	1.06647	0	0.73073	0.55351	11.44104	1.06647	0	-0.00709	-0.00878	0.68474	0.00359	1	0.06070	-0.01278	0.68143	0.00351	1	1.45898	0.81042	0	
1281843	8644.59570	3307245551341	0.46306	0.52117	8644.11328	0.29492	12214	0	0.45320	0.59234	1	0.47292	0.45000	1	0.46306	0.52117	1	0.46358	0.53200	8.76926	1.07556	1	0.72529	0.55317	11.31803	1.07556	1	-0.00816	-0.00895	0.70198	0.00208	1	0.06001	-0.01277	0.68400	0.00344	1	1.45898	0.81042	0	
1281844	8644.60254	3307245616253	0.36083	0.44748	8644.11328	0.29492	12214	0	0.25266	0.28451	1	0.26453	0.46308	1	0.25860	0.37380	1	0.46355	0.53201	8.80671	1.08464	1	0.72546	0.55328	11.40389	1.08464	1	-0.00816	-0.00895	0.70198	0.00205	1	0.06001	-0.01277	0.68400	0.00341	1	1.45898	0.81042	0	
1281845	8644.60938	3307245685208	0.32478	0.42077	8644.11328	0.29492	12214	0	0.25643	0.27335	1	0.24892	0.46134	1	0.25267	0.36735	1	0.46378	0.53197	8.75954	1.09373	1	0.72528	0.55325	11.13584	1.09373	1	-0.00816	-0.00895	0.70198	0.00194	1	0.06001	-0.01277	0.68400	0.00341	1	1.45898	0.81042	0	
1281846	8644.61523	3307245750161	0.25393	0.36721	8644.11328	0.29492	12214	0	0.25362	0.26567	1	0.24742	0.45533	1	0.25052	0.36050	1	0.46361	0.53194	8.65813	1.10281	1	0.72541	0.55276	10.79683	1.10281	1	-0.00816	-0.00895	0.70198	0.00213	1	0.05978	-0.01267	0.68139	0.00358	1	1.45898	0.81042	0	
1281847	8644.62207	3307245817690	0.24872	0.36724	8644.11328	0.29492	12214	0	0.23268	0.31112	1	0.25433	0.42342	1	0.24351	0.36727	1	0.46353	0.53192	9.04597	1.10281	1	0.72527	0.55306	11.26346	1.10281	1	-0.00816	-0.00895	0.70198	0.00206	1	0.05978	-0.01267	0.68139	0.00333	1	1.45898	0.81042	0	
1281848	8644.62891	3307245884075	0.24988	0.38287	8644.11328	0.29492	12214	0	0.24685	0.36883	1	0.25754	0.45944	1	0.25220	0.41413	1	0.46359	0.53199	8.75402	1.10281	1	0.72538	0.55284	11.00031	1.10281	1	-0.00816	-0.00895	0.70198	0.00210	1	0.05978	-0.01267	0.68139	0.00328	1	1.45898	0.81042	0	
1281849	8644.63574	3307245955074	0.25100	0.39229	8644.61523	0.02051	12215	1	0.24974	0.37564	1	0.25896	0.46543	1	0.25435	0.42053	1	0.46349	0.53166	8.64917	1.09373	1	0.72520	0.55242	10.69524	1.09373	1	-0.00798	-0.00870	0.68200	0.00210	1	0.06001	-0.01267	0.68400	0.00354	1	1.45898	0.81042	0	
1281850	8644.64258	3307246022582	0.25191	0.39159	8644.61523	0.02734	12215	1	0.25783	0.36035	1	0.25326	0.41728	1	0.25554	0.38881	1	0.46364	0.53181	9.11736	1.08464	1	0.72529	0.55243	10.79970	1.08464	1	-0.00798	-0.00870	0.68200	0.00210	1	0.06001	-0.01267	0.68400	0.00349	1	1.45898	0.81042	0	
1281851	8644.64941	3307246088217	0.25261	0.39262	8644.61523	0.03418	12215	1	0.24935	0.36578	1	0.26296	0.42974	1	0.25616	0.39776	1	0.46356	0.53175	8.89937	1.07556	1	0.72535	0.55245	10.83670	1.07556	1	-0.00798	-0.00870	0.68200	0.00210	1	0.06001	-0.01267	0.68400	0.00355	1	1.45898	0.81042	0	
1281852	8644.65625	3307246156920	0.25371	0.39516	8644.61523	0.04102	12215	1	0.25491	0.37897	1	0.26561	0.44177	1	0.26026	0.41037	1	0.46352	0.53170	8.76281	1.05845	1	0.72535	0.55250	10.68032	1.05845	1	-0.00779	-0.00844	0.66202	0.00206	1	0.06001	-0.01257	0.68400	0.00359	1	1.45898	0.81042	0	
1281853	8644.66309	3307246224099	0.25486	0.39729	8644.61523	0.04785	12215	1	0.26476	0.36090	1	0.26113	0.46358	1	0.26294	0.41224	1	0.46360	0.53163	8.83066	1.05044	1	0.72528	0.55275	11.02190	1.05044	1	-0.00779	-0.00844	0.66202	0.00200	1	0.06001	-0.01257	0.68400	0.00340	1	1.45898	0.81042	0	
1281854	8644.66992	3307246291047	0.25557	0.39829	8644.61523	0.05469	12215	1	0.25182	0.38483	1	0.27060	0.42768	1	0.26121	0.40625	1	0.46347	0.53166	8.95768	1.04242	1	0.72533	0.55265	10.61273	1.04242	1	-0.00779	-0.00844	0.66202	0.00194	1	0.06001	-0.01257	0.68400	0.00362	1	1.45898	0.81042	0	
1281855	8644.67676	3307246358111	0.25613	0.39908	8644.61523	0.06152	12215	1	0.25182	0.38483	1	0.27060	0.42768	1	0.26121	0.40625	1	0.46346	0.53150	8.51602	1.04242	1	0.72545	0.55242	10.61480	1.04242	1	-0.00798	-0.00870	0.68200	0.00193	1	0.06001	-0.01257	0.68400	0.00332	1	1.45898	0.81042	0	
1281856	8644.68262	3307246425000	0.25647	0.40066	8644.61523	0.06738	12215	1	0.26238	0.34809	1	0.25733	0.48467	1	0.25985	0.41638	1	0.46358	0.53142	8.66718	1.05044	1	0.72520	0.55290	10.88968	1.05044	1	-0.00798	-0.00870	0.68200	0.00200	1	0.06001	-0.01257	0.68400	0.00339	1	1.45898	0.81042	0	
1281857	8644.68945	3307246488842	0.25655	0.40404	8644.61523	0.07422	12215	1	0.24990	0.33979	1	0.26504	0.54267	1	0.25747	0.44123	1	0.46348	0.53133	8.91842	1.05845	1	0.72550	0.55292	10.91067	1.05845	1	-0.00798	-0.00870	0.68200	0.00198	1	0.06001	-0.01257	0.68400	0.00364	1	1.45898	0.81042	0	
1281858	8644.69629	3307246558960	0.25647	0.40646	8644.61523	0.08105	12215	1	0.24727	0.33330	1	0.26378	0.53778	1	0.25553	0.43554	1	0.46343	0.53136	8.93595	1.06647	1	0.72520	0.55349	11.31295	1.06647	1	-0.00798	-0.00870	0.68200	0.00205	1	0.05978	-0.01257	0.68139	0.00392	1	1.45898	0.81042	0	
1281859	8644.70312	3307246626036	0.25630	0.40759	8644.61523	0.08789	12215	1	0.23145	0.33606	1	0.27655	0.50849	1	0.25400	0.42227	1	0.46357	0.53138	8.78061	1.06647	1	0.72560	0.55287	11.04995	1.06647	1	-0.00798	-0.00870	0.68200	0.00199	1	0.05978	-0.01257	0.68139	0.00367	1	1.45898	0.81042	0	
1281860	8644.70996	3307246693083	0.25570	0.40893	8644.61523	0.09473	12215	1	0.23681	0.32365	1	0.25790	0.53172	1	0.24735	0.42768	1	0.46368	0.53122	8.81745	1.06647	1	0.72535	0.55347	11.88796	1.06647	1	-0.00798	-0.00870	0.68200	0.00206	1	0.05978	-0.01257	0.68139	0.00369	1	1.45898	0.81042	0	
1281861	8644.71680	3307246760741	0.25518	0.41010	8644.61523	0.10156	12215	1	0.23681	0.32365	1	0.25790	0.53172	1	0.24735	0.42768	1	0.46363	0.53155	8.76416	1.06647	1	0.72565	0.55313	10.90933	1.06647	1	-0.00798	-0.00870	0.68200	0.00197	1	0.06001	-0.01257	0.68400	0.00347	1	1.45898	0.81042	0	
1281862	8644.72266	3307246826574	0.25570	0.41023	8644.61523	0.10742	12215	1	0.24307	0.32924	1	0.28518	0.49527	1	0.26413	0.41226	1	0.46359	0.53148	9.00566	1.06647	1	0.72579	0.55297	10.96218	1.06647	1	-0.00798	-0.00870	0.68200	0.00200	1	0.06001	-0.01257	0.68400	0.00348	1	1.45898	0.81042	0	
1281863	8644.72949	3307246894102	0.25482	0.41087	8644.61523	0.11426	12215	1	0.22883	0.35196	1	0.25076	0.49145	1	0.23980	0.42170	1	0.46352	0.53155	8.86139	1.06647	1	0.72556	0.55303	11.06164	1.06647	1	-0.00798	-0.00870	0.68200	0.00202	1	0.06001	-0.01257	0.68400	0.00349	1	1.45898	0.81042	0	
1281864	8644.73633	3307246960708	0.25403	0.41144	8644.61523	0.12109	12215	1	0.22883	0.35196	1	0.25076	0.49145	1	0.23980	0.42170	1	0.46375	0.53157	8.83163	1.06647	1	0.72608	0.55288	9.95247	1.06647	1	-0.00798	-0.00870	0.68200	0.00203	1	0.06001	-0.01257	0.68400	0.00353	1	1.45898	0.81042	0	
1281865	8644.74316	3307247027714	0.25392	0.41127	8644.61523	0.12793	12215	1	0.22016	0.34224	1	0.28355	0.47383	1	0.25186	0.40803	1	0.46381	0.53134	9.22811	1.06647	1	0.72605	0.55291	10.23827	1.06647	1	-0.00798	-0.00870	0.68200	0.00205	1	0.06001	-0.01257	0.68400	0.00349	1	1.45898	0.81042	0	
1281866	8644.75000	3307247094732	0.25287	0.41221	8644.61523	0.13477	12215	1	0.21787	0.33975	1	0.24573	0.52259	1	0.23180	0.43117	1	0.46386	0.53137	8.25206	1.06647	1	0.72588	0.55326	10.94143	1.06647	1	-0.00798	-0.00870	0.68200	0.00206	1	0.06001	-0.01257	0.68400	0.00352	1	1.45898	0.81042	0	
1281867	8644.75684	3307247162258	0.25191	0.41308	8644.61523	0.14160	12215	1	0.21787	0.33975	1	0.24573	0.52259	1	0.23180	0.43117	1	0.46689	0.53522	10.08823	1.06647	1	0.72781	0.55372	11.20747	1.06647	1	-0.00773	-0.00876	0.68701	0.00324	1	0.06074	-0.01284	0.68764	0.00319	1	1.45898	0.81042	0	
1281868	8644.76367	3307247228645	0.25245	0.41167	8644.61523	0.14844	12215	1	0.26854	0.30272	1	0.26019	0.45861	1	0.26437	0.38066	1	0.46606	0.53227	7.44540	1.06647	1	0.72772	0.55366	11.33027	1.06647	1	-0.00773	-0.00876	0.68701	0.00182	1	0.06074	-0.01284	0.68764	0.00334	1	1.45898	0.81042	0	
1281869	8644.76953	3307247294840	0.24944	0.41030	8644.61523	0.15430	12215	1	0.16373	0.30827	1	0.19640	0.44952	1	0.18007	0.37889	1	0.46592	0.53239	7.99930	1.06647	1	0.72784	0.55395	11.30585	1.06647	1	-0.00773	-0.00876	0.68701	0.00205	1	0.06074	-0.01284	0.68764	0.00344	1	1.45898	0.81042	0	
1281870	8644.77637	3307247362575	0.24666	0.40904	8644.61523	0.16113	12215	1	0.16373	0.30827	1	0.19640	0.44952	1	0.18007	0.37889	1	0.47220	0.53658	9.17596	1.06647	1	0.73290	0.55563	10.72930	1.06647	1	-0.00679	-0.00888	0.67623	0.00268	1	0.06061	-0.01287	0.67814	0.00274	1	1.45898	0.81042	0	
1281871	8644.78320	3307247429537	0.25377	0.41531	8644.61523	0.16797	12215	1	0.45386	0.59280	1	0.40893	0.55118	1	0.43140	0.57199	1	0.47259	0.53669	9.37091	1.06647	1	0.73323	0.55553	10.28952	1.06647	1	-0.00679	-0.00888	0.67623	0.00303	1	0.06061	-0.01287	0.67814	0.00347	1	1.45898	0.81042	0	
1281872	8644.79004	3307247496622	0.25895	0.42280	8644.61523	0.17480	12215	1	0.39649	0.62763	1	0.39105	0.60737	1	0.39377	0.61750	1	0.47243	0.53678	10.07742	1.06647	1	0.73336	0.55606	10.64180	1.06647	1	-0.00679	-0.00888	0.67623	0.00293	1	0.06061	-0.01287	0.67814	0.00313	1	1.45898	0.81042	0	
1281873	8644.79688	3307247561242	0.27522	0.45596	8644.61523	0.17480	12215	0	0.39649	0.62763	1	0.39105	0.60737	1	0.39377	0.61750	1	0.47626	0.53758	9.69507	1.06647	1	0.73642	0.55782	10.96628	1.06647	1	-0.00634	-0.00926	0.69338	0.00266	1	0.06078	-0.01300	0.67441	0.00292	1	1.45898	0.81042	0	
1281874	8644.80371	3307247630499	0.43005	0.56327	8644.61523	0.17480	12215	0	0.62033	0.64025	1	0.54944	0.70091	1	0.58488	0.67058	1	0.47628	0.53714	9.49222	1.06647	1	0.73631	0.55784	11.06011	1.06647	1	-0.00634	-0.00926	0.69338	0.00292	1	0.06078	-0.01300	0.67441	0.00287	1	1.45898	0.81042	0	
1281875	8644.81055	3307247698211	0.48167	0.59835	8644.61523	0.17480	12215	0	0.63284	0.65131	1	0.53698	0.68572	1	0.58491	0.66851	1	0.47647	0.53766	9.91933	1.06647	1	0.73622	0.55788	11.00380	1.06647	1	-0.00634	-0.00926	0.69338	0.00278	1	0.06078	-0.01300	0.67441	0.00285	1	1.45898	0.81042	0	
1281876	8644.81738	3307247764387	0.58478	0.66982	8644.61523	0.17480	12215	0	0.63284	0.65131	1	0.53626	0.68945	1	0.58455	0.67038	1	0.47632	0.53780	9.96510	1.06647	1	0.73657	0.55819	10.28063	1.05881	1	-0.00617	-0.00915	0.68527	0.00266	1	0.05878	-0.01256	0.65166	0.00286	1	1.45898	0.81042	0	
1281877	8644.82324	3307247831685	0.57918	0.68636	8644.61523	0.17480	12215	0	0.62792	0.70114	1	0.51924	0.70464	1	0.57358	0.70289	1	0.47634	0.53775	9.90360	1.05881	1	0.73670	0.55791	10.04549	1.05115	1	-0.00617	-0.00915	0.68527	0.00268	1	0.05878	-0.01256	0.65166	0.00282	1	1.45898	0.81042	0	
1281878	8644.83008	3307247898302	0.58056	0.68589	8644.61523	0.17480	12215	0	0.62603	0.67078	1	0.54061	0.69911	1	0.58332	0.68495	1	0.47635	0.53766	9.87755	1.05115	1	0.73665	0.55780	10.28007	1.04349	1	-0.00617	-0.00915	0.68527	0.00272	1	0.05878	-0.01256	0.65166	0.00289	1	1.45898	0.81042	0	
1281879	8644.83691	3307247965680	0.58127	0.68611	8644.81738	0.01953	12216	1	0.62618	0.67446	1	0.54061	0.69911	1	0.58340	0.68678	1	0.47635	0.53766	9.70946	1.04349	1	0.73666	0.55790	10.47213	1.04349	1	-0.00617	-0.00915	0.68527	0.00273	1	0.06247	-0.01334	0.69198	0.00290	1	1.45898	0.81042	0	
1281880	8644.84375	3307248030049	0.58098	0.68679	8644.81738	0.02637	12216	1	0.61315	0.69890	1	0.54651	0.68009	1	0.57983	0.68950	1	0.47642	0.53755	9.27116	1.04349	1	0.73705	0.55784	10.53973	1.05115	1	-0.00617	-0.00915	0.68527	0.00268	1	0.06247	-0.01334	0.69198	0.00285	1	1.45898	0.81042	0	
1281881	8644.85059	3307248098947	0.57947	0.69413	8644.81738	0.03320	12216	1	0.58525	0.69414	1	0.55861	0.76752	1	0.57193	0.73083	1	0.47646	0.53774	9.78894	1.05115	1	0.73734	0.55808	10.66146	1.05881	1	-0.00617	-0.00915	0.68527	0.00266	1	0.06247	-0.01334	0.69198	0.00302	1	1.45898	0.81042	0	
1281882	8644.85742	3307248166967	0.57839	0.69939	8644.81738	0.04004	12216	1	0.58527	0.69430	1	0.55857	0.76767	1	0.57192	0.73099	1	0.47670	0.53743	10.06337	1.05079	1	0.73686	0.55830	11.37863	1.05845	1	-0.00586	-0.00877	0.65722	0.00267	1	0.06005	-0.01280	0.66408	0.00286	1	1.45898	0.81042	0	
1281883	8644.86426	3307248233401	0.57544	0.69618	8644.81738	0.04688	12216	1	0.58797	0.63244	1	0.52163	0.71486	1	0.55480	0.67365	1	0.47658	0.53740	9.63951	1.05044	1	0.73674	0.55806	11.12954	1.05044	1	-0.00586	-0.00877	0.65722	0.00268	1	0.06005	-0.01280	0.66408	0.00291	1	1.45898	0.81042	0	
1281884	8644.87012	3307248298628	0.57331	0.69882	8644.81738	0.05273	12216	1	0.59578	0.67224	1	0.51674	0.76776	1	0.55626	0.72000	1	0.47667	0.53722	9.31699	1.04242	1	0.73667	0.55805	10.70538	1.04242	1	-0.00586	-0.00877	0.65722	0.00284	1	0.06005	-0.01280	0.66408	0.00299	1	1.45898	0.81042	0	
1281885	8644.87695	3307248367808	0.57157	0.70146	8644.81738	0.05957	12216	1	0.59615	0.67612	1	0.51553	0.77431	1	0.55584	0.72521	1	0.47644	0.53759	9.96390	1.03440	1	0.73698	0.55820	10.68721	1.02674	1	-0.00586	-0.00877	0.65722	0.00276	1	0.06055	-0.01295	0.66907	0.00301	1	1.45898	0.81042	0	
1281886	8644.88379	3307248434467	0.57004	0.70282	8644.81738	0.06641	12216	1	0.59286	0.67551	1	0.51668	0.75732	1	0.55477	0.71642	1	0.47664	0.53740	10.42091	1.02674	1	0.73681	0.55834	10.67788	1.01908	1	-0.00586	-0.00877	0.65722	0.00273	1	0.06055	-0.01295	0.66907	0.00298	1	1.45898	0.81042	0	
1281887	8644.89062	3307248501110	0.56934	0.70144	8644.81738	0.07324	12216	1	0.59662	0.63961	1	0.52663	0.73282	1	0.56162	0.68621	1	0.47663	0.53708	9.23517	1.01908	1	0.73680	0.55809	10.25451	1.01143	1	-0.00586	-0.00877	0.65722	0.00285	1	0.06055	-0.01295	0.66907	0.00313	1	1.45898	0.81042	0	
1281888	8644.89746	3307248568403	0.56874	0.70025	8644.81738	0.08008	12216	1	0.59660	0.63942	1	0.52666	0.73265	1	0.56163	0.68604	1	0.47683	0.53740	10.48068	1.01944	1	0.73693	0.55802	10.36561	1.01178	1	-0.00602	-0.00908	0.68040	0.00280	1	0.06055	-0.01295	0.66907	0.00298	1	1.45898	0.81042	0	
1281889	8644.90430	3307248635061	0.56852	0.70058	8644.81738	0.08691	12216	1	0.60743	0.69991	1	0.52388	0.70963	1	0.56566	0.70477	1	0.47677	0.53767	10.49268	1.01980	1	0.73716	0.55782	10.42138	1.01980	1	-0.00602	-0.00908	0.68040	0.00270	1	0.06055	-0.01295	0.66907	0.00290	1	1.45898	0.81042	0	
1281890	8644.91113	3307248702398	0.56829	0.69922	8644.81738	0.09375	12216	1	0.60534	0.65916	1	0.52477	0.70130	1	0.56505	0.68023	1	0.47675	0.53750	10.50721	1.02782	1	0.73721	0.55786	10.48023	1.02782	1	-0.00602	-0.00908	0.68040	0.00272	1	0.06055	-0.01295	0.66907	0.00289	1	1.45898	0.81042	0	
1281891	8644.91699	3307248769412	0.56811	0.69791	8644.81738	0.09961	12216	1	0.60534	0.65916	1	0.52543	0.69755	1	0.56538	0.67836	1	0.47697	0.53708	9.43605	1.02782	1	0.73755	0.55787	10.52319	1.03548	1	-0.00579	-0.00881	0.65967	0.00292	1	0.06116	-0.01307	0.67521	0.00282	1	1.45898	0.81042	0	
1281892	8644.92383	3307248835839	0.56837	0.69602	8644.81738	0.10645	12216	1	0.62073	0.63265	1	0.52447	0.69885	1	0.57260	0.66575	1	0.47706	0.53719	9.59326	1.02746	1	0.73758	0.55773	10.39124	1.03512	1	-0.00579	-0.00881	0.65967	0.00294	1	0.06116	-0.01307	0.67521	0.00287	1	1.45898	0.81042	0	
1281893	8644.93066	3307248903337	0.56924	0.69574	8644.81738	0.11328	12216	1	0.63549	0.68566	1	0.53245	0.69639	1	0.58397	0.69103	1	0.47716	0.53746	9.46302	1.02710	1	0.73766	0.55785	10.15655	1.03476	1	-0.00579	-0.00881	0.65967	0.00276	1	0.06116	-0.01307	0.67521	0.00297	1	1.45898	0.81042	0	
1281894	8644.93750	3307248967461	0.57005	0.69519	8644.81738	0.12012	12216	1	0.63541	0.68201	1	0.53396	0.68837	1	0.58468	0.68519	1	0.47710	0.53746	9.57622	1.03476	1	0.73728	0.55809	10.82044	1.05110	1	-0.00595	-0.00913	0.68393	0.00276	1	0.06418	-0.01380	0.70791	0.00298	1	1.45898	0.81042	0	
1281895	8644.94434	3307249035438	0.57074	0.69425	8644.81738	0.12695	12216	1	0.63621	0.64347	1	0.53152	0.70954	1	0.58387	0.67650	1	0.47723	0.53713	9.28132	1.05912	1	0.73758	0.55811	11.15417	1.06780	1	-0.00595	-0.00913	0.68393	0.00286	1	0.06418	-0.01380	0.70791	0.00289	1	1.45898	0.81042	0	
1281896	8644.95117	3307249102728	0.57067	0.69188	8644.81738	0.13379	12216	1	0.60059	0.56846	1	0.53783	0.72009	1	0.56921	0.64428	1	0.47726	0.53670	9.49397	1.07581	1	0.73766	0.55818	11.36910	1.08450	1	-0.00595	-0.00913	0.68393	0.00272	1	0.06418	-0.01380	0.70791	0.00285	1	1.45898	0.81042	0	
1281897	8644.95801	3307249170790	0.57061	0.68942	8644.81738	0.14062	12216	1	0.59991	0.55903	1	0.53858	0.71651	1	0.56924	0.63777	1	0.47730	0.53679	9.07876	1.09251	1	0.73758	0.55811	11.15417	1.09251	1	-0.00595	-0.00913	0.68393	0.00277	1	0.06116	-0.01320	0.67413	0.00289	1	1.45898	0.81042	0	
1281898	8644.96387	3307249238227	0.57102	0.68925	8644.81738	0.14648	12216	1	0.60406	0.64404	1	0.55615	0.72729	1	0.58011	0.68567	1	0.47711	0.53717	9.14216	1.09251	1	0.73798	0.55834	11.25163	1.08383	1	-0.00595	-0.00913	0.68393	0.00280	1	0.06116	-0.01320	0.67413	0.00288	1	1.45898	0.81042	0	
1281899	8644.97070	3307249303227	0.57105	0.68788	8644.81738	0.15332	12216	1	0.61309	0.61208	1	0.53030	0.70034	1	0.57169	0.65621	1	0.47735	0.53729	9.73473	1.08383	1	0.73764	0.55810	11.32482	1.07515	1	-0.00595	-0.00913	0.68393	0.00278	1	0.06116	-0.01320	0.67413	0.00300	1	1.45898	0.81042	0	
1281900	8644.97754	3307249372368	0.57105	0.68685	8644.81738	0.16016	12216	1	0.61335	0.61660	1	0.52888	0.70800	1	0.57111	0.66230	1	0.47726	0.53733	10.00844	1.07515	1	0.73769	0.55827	11.22446	1.05881	1	-0.00595	-0.00913	0.68393	0.00274	1	0.06021	-0.01298	0.66304	0.00284	1	1.45898	0.81042	0	
1281901	8644.98438	3307249435377	0.57135	0.68442	8644.81738	0.16699	12216	1	0.61069	0.52373	1	0.54685	0.72332	1	0.57877	0.62352	1	0.47746	0.53703	9.29976	1.05881	1	0.73787	0.55827	10.78932	1.05115	1	-0.00595	-0.00913	0.68393	0.00269	1	0.06021	-0.01298	0.66304	0.00285	1	1.45898	0.81042	0	
1281902	8644.99121	3307249502631	0.57123	0.68452	8644.81738	0.17383	12216	1	0.59604	0.65460	1	0.54045	0.71963	1	0.56825	0.68711	1	0.47710	0.53742	9.83735	1.05115	1	0.73784	0.55828	10.82659	1.04349	1	-0.00595	-0.00913	0.68393	0.00275	1	0.06021	-0.01298	0.66304	0.00286	1	1.45898	0.81042	0	
1281903	8644.99805	3307249571030	0.57112	0.68474	8644.81738	0.18066	12216	1	0.59639	0.65840	1	0.53969	0.72319	1	0.56804	0.69080	1	0.47735	0.53707	9.24223	1.04349	1	0.73787	0.55819	10.74296	1.03583	1	-0.00595	-0.00913	0.68393	0.00273	1	0.06021	-0.01298	0.66304	0.00289	1	1.45898	0.81042	0	
1281904	8645.00391	3307249636002	0.57133	0.68491	8644.81738	0.18652	12216	1	0.60797	0.63126	1	0.54659	0.74821	1	0.57728	0.68973	1	0.47740	0.53699	9.12793	1.03583	1	0.73792	0.55819	10.87533	1.03583	1	-0.00595	-0.00913	0.68393	0.00272	1	0.06021	-0.01298	0.66304	0.00302	1	1.45898	0.81042	0	
1281905	8645.01074	3307249702855	0.57103	0.68523	8644.81738	0.19336	12216	1	0.59148	0.64495	1	0.53285	0.74365	1	0.56216	0.69430	1	0.47700	0.53753	9.61524	1.03583	1	0.73765	0.55823	11.03402	1.03583	1	-0.00595	-0.00913	0.68393	0.00269	1	0.06021	-0.01298	0.66304	0.00287	1	1.45898	0.81042	0	
1281906	8645.01758	3307249770872	0.57074	0.68552	8644.81738	0.20020	12216	1	0.59148	0.64495	1	0.53285	0.74365	1	0.56216	0.69430	1	0.47711	0.53743	9.58549	1.03583	1	0.73768	0.55846	11.08953	1.03583	1	-0.00595	-0.00913	0.68393	0.00280	1	0.06021	-0.01298	0.66304	0.00292	1	1.45898	0.81042	0	
1281907	8645.02441	3307249838790	0.57061	0.68483	8644.81738	0.20703	12216	1	0.61489	0.63661	1	0.51838	0.69012	1	0.56663	0.66337	1	0.47729	0.53743	9.60263	1.03583	1	0.73780	0.55820	11.02380	1.03583	1	-0.00595	-0.00913	0.68393	0.00276	1	0.06021	-0.01298	0.66304	0.00279	1	1.45898	0.81042	0	
1281908	8645.03125	3307249907275	0.57015	0.68377	8644.81738	0.21387	12216	1	0.58131	0.58595	1	0.52929	0.71392	1	0.55530	0.64993	1	0.47725	0.53742	9.51013	1.03583	1	0.73768	0.55846	11.08953	1.03583	1	-0.00595	-0.00913	0.68393	0.00278	1	0.06021	-0.01298	0.66304	0.00293	1	1.45898	0.81042	0	
1281909	8645.03809	3307249971263	0.56972	0.68272	8644.81738	0.22070	12216	1	0.58131	0.58595	1	0.52998	0.71030	1	0.55565	0.64812	1	0.47704	0.53775	9.64486	1.03583	1	0.73766	0.55845	10.77348	1.04349	1	-0.00595	-0.00913	0.68393	0.00282	1	0.06210	-0.01338	0.68331	0.00298	1	1.45898	0.81042	0	
1281910	8645.04395	3307250039185	0.57013	0.68179	8644.81738	0.22656	12216	1	0.61690	0.59122	1	0.55096	0.70915	1	0.58393	0.65019	1	0.47748	0.53706	9.94631	1.04349	1	0.73788	0.55845	11.08110	1.05115	1	-0.00595	-0.00913	0.68393	0.00266	1	0.06210	-0.01338	0.68331	0.00295	1	1.45898	0.81042	0	
1281911	8645.05176	3307250108676	0.57030	0.68111	8644.81738	0.23438	12216	1	0.59237	0.60943	1	0.56045	0.70510	1	0.57641	0.65727	1	0.47702	0.53757	9.21494	1.05115	1	0.73806	0.55847	10.20456	1.05881	1	-0.00595	-0.00913	0.68393	0.00284	1	0.06210	-0.01338	0.68331	0.00301	1	1.45898	0.81042	0	
1281912	8645.05762	3307250175961	0.57045	0.68052	8644.81738	0.24023	12216	1	0.59239	0.60962	1	0.55952	0.70889	1	0.57595	0.65926	1	0.47714	0.53733	9.11625	1.05079	1	0.73788	0.55846	10.58696	1.05079	1	-0.00565	-0.00879	0.65484	0.00279	1	0.06021	-0.01298	0.66304	0.00290	1	1.45898	0.81042	0	
1281913	8645.06445	3307250243060	0.57042	0.68004	8644.81738	0.24707	12216	1	0.60229	0.64286	1	0.53573	0.68186	1	0.56901	0.66236	1	0.47715	0.53750	9.07131	1.04278	1	0.73779	0.55865	10.73006	1.03512	1	-0.00565	-0.00879	0.65484	0.00289	1	0.06021	-0.01298	0.66304	0.00303	1	1.45898	0.81042	0	
1281914	8645.07129	3307250309706	0.57005	0.68072	8644.81738	0.25391	12216	1	0.58537	0.67720	1	0.52664	0.73574	1	0.55601	0.70647	1	0.47687	0.53778	9.47786	1.02710	1	0.73758	0.55867	10.84947	1.01944	1	-0.00565	-0.00879	0.65484	0.00271	1	0.06021	-0.01298	0.66304	0.00306	1	1.45898	0.81042	0	
1281915	8645.07812	3307250376945	0.56969	0.68145	8644.81738	0.26074	12216	1	0.58580	0.68093	1	0.52596	0.73926	1	0.55588	0.71009	1	0.47726	0.53733	8.91115	1.01944	1	0.73745	0.55873	10.87955	1.01178	1	-0.00595	-0.00923	0.68393	0.00292	1	0.06021	-0.01298	0.66304	0.00312	1	1.45898	0.81042	0	
1281916	8645.08496	3307250443822	0.56970	0.68217	8644.81738	0.26758	12216	1	0.61960	0.69411	1	0.52052	0.72725	1	0.57006	0.71068	1	0.47740	0.53752	9.28710	1.01980	1	0.73754	0.55876	10.87267	1.01980	1	-0.00595	-0.00923	0.68393	0.00294	1	0.06021	-0.01298	0.66304	0.00305	1	1.45898	0.81042	0	
1281917	8645.09180	3307250512199	0.56992	0.68315	8644.81738	0.27441	12216	1	0.62083	0.70512	1	0.53652	0.74163	1	0.57868	0.72337	1	0.47742	0.53809	9.30575	1.02782	1	0.73783	0.55873	11.51240	1.02782	1	-0.00595	-0.00923	0.68393	0.00277	1	0.06021	-0.01298	0.66304	0.00298	1	1.45898	0.81042	0	
1281918	8645.09863	3307250577936	0.57013	0.68400	8644.81738	0.28125	12216	1	0.62064	0.70145	1	0.53730	0.73802	1	0.57897	0.71973	1	0.47731	0.53789	9.48150	1.03583	1	0.73777	0.55897	11.66848	1.03583	1	-0.00595	-0.00923	0.68393	0.00281	1	0.06021	-0.01298	0.66304	0.00291	1	1.45898	0.81042	0	
1281919	8645.10449	3307250644797	0.57028	0.68453	8644.81738	0.28711	12216	1	0.61229	0.64017	1	0.54132	0.77440	1	0.57680	0.70729	1	0.47725	0.53725	9.33522	1.03583	1	0.73788	0.55893	11.21522	1.03583	1	-0.00595	-0.00923	0.68393	0.00303	1	0.06021	-0.01298	0.66304	0.00307	1	1.45898	0.81042	0	
1281920	8645.11133	3307250711921	0.57050	0.68435	8644.81738	0.29395	12216	1	0.63362	0.60308	1	0.52666	0.75027	1	0.58014	0.67668	1	0.47734	0.53703	9.05306	1.03583	1	0.73765	0.55889	11.45078	1.03583	1	-0.00595	-0.00923	0.68393	0.00315	1	0.06021	-0.01298	0.66304	0.00304	1	1.45898	0.81042	0	
1281921	8645.11816	3307250778936	0.57071	0.68419	8644.81738	0.30078	12216	1	0.63362	0.60308	1	0.52666	0.75027	1	0.58014	0.67668	1	0.47718	0.53764	9.34244	1.03583	1	0.73758	0.55896	11.07524	1.03583	1	-0.00595	-0.00923	0.68393	0.00306	1	0.05938	-0.01285	0.65398	0.00299	1	1.45898	0.81042	0	
1281922	8645.12500	3307250845809	0.57098	0.68408	8644.81738	0.30762	12216	1	0.62839	0.61617	1	0.53913	0.74218	1	0.58376	0.67917	1	0.47736	0.53748	9.11766	1.03583	1	0.73787	0.55862	10.85026	1.03583	1	-0.00595	-0.00923	0.68393	0.00303	1	0.05938	-0.01285	0.65398	0.00311	1	1.45898	0.81042	0	
1281923	8645.13184	3307250912652	0.57120	0.68440	8644.81738	0.31445	12216	1	0.64251	0.63902	1	0.52043	0.75981	1	0.58147	0.69942	1	0.47745	0.53786	9.28082	1.03583	1	0.73758	0.55896	11.07524	1.03583	1	-0.00595	-0.00923	0.68393	0.00293	1	0.05938	-0.01285	0.65398	0.00299	1	1.45898	0.81042	0	
1281924	8645.13867	3307250979683	0.57113	0.68502	8644.81738	0.32129	12216	1	0.64251	0.63902	1	0.52043	0.75981	1	0.58147	0.69942	1	0.47723	0.53791	9.32378	1.03583	1	0.73743	0.55895	11.10349	1.03583	1	-0.00595	-0.00923	0.68393	0.00289	1	0.05938	-0.01285	0.65398	0.00297	1	1.45898	0.81042	0	
1281925	8645.14551	3307251046489	0.57094	0.68459	8644.81738	0.32812	12216	1	0.62176	0.62259	1	0.50697	0.74201	1	0.56437	0.68230	1	0.47717	0.53794	9.36152	1.03583	1	0.73727	0.55914	10.95653	1.03583	1	-0.00595	-0.00923	0.68393	0.00291	1	0.05938	-0.01285	0.65398	0.00307	1	1.45898	0.81042	0	
1281926	8645.15234	3307251113814	0.57073	0.68436	8644.81738	0.33496	12216	1	0.63431	0.64576	1	0.51229	0.70201	1	0.57330	0.67388	1	0.47719	0.53819	9.59342	1.03583	1	0.73743	0.55908	11.27076	1.03583	1	-0.00595	-0.00923	0.68393	0.00283	1	0.05938	-0.01285	0.65398	0.00299	1	1.45898	0.81042	0	
1281927	8645.15820	3307251181016	0.57053	0.68395	8644.81738	0.34082	12216	1	0.63420	0.64112	1	0.51351	0.69390	1	0.57386	0.66751	1	0.47720	0.53808	9.20933	1.04492	1	0.73755	0.55915	11.54698	1.05258	1	-0.00616	-0.00958	0.70212	0.00286	1	0.06116	-0.01330	0.67413	0.00302	1	1.45898	0.81042	0	
1281928	8645.16504	3307251247796	0.57067	0.68367	8644.81738	0.34766	12216	1	0.62292	0.63319	1	0.54976	0.71822	1	0.58634	0.67570	1	0.47708	0.53807	9.36228	1.06166	1	0.73794	0.55911	10.89123	1.06932	1	-0.00616	-0.00958	0.70212	0.00295	1	0.06116	-0.01330	0.67413	0.00294	1	1.45898	0.81042	0	
1281929	8645.17188	3307251314576	0.57105	0.68244	8644.81738	0.35449	12216	1	0.62731	0.63161	1	0.55292	0.71263	1	0.59012	0.67212	1	0.47711	0.53842	9.83758	1.07841	1	0.73794	0.55930	10.98990	1.08607	1	-0.00616	-0.00958	0.70212	0.00282	1	0.06116	-0.01330	0.67413	0.00283	1	1.45898	0.81042	0	
1281930	8645.17871	3307251381386	0.57143	0.68114	8644.81738	0.36133	12216	1	0.62718	0.62775	1	0.55374	0.70915	1	0.59046	0.66845	1	0.47707	0.53826	9.70949	1.08607	1	0.73791	0.55939	11.39727	1.09373	1	-0.00603	-0.00930	0.68151	0.00284	1	0.06116	-0.01330	0.67413	0.00280	1	1.45898	0.81042	0	
1281931	8645.18555	3307251447827	0.57211	0.68113	8644.81738	0.36816	12216	1	0.62485	0.62319	1	0.54983	0.72291	1	0.58734	0.67305	1	0.47705	0.53817	9.53846	1.08464	1	0.73793	0.55916	10.97864	1.08464	1	-0.00603	-0.00930	0.68151	0.00287	1	0.06116	-0.01330	0.67413	0.00292	1	1.45898	0.81042	0	
1281932	8645.19141	3307251513290	0.57229	0.68006	8644.81738	0.37402	12216	1	0.61836	0.61962	1	0.51082	0.71781	1	0.56459	0.66872	1	0.47700	0.53815	9.59455	1.07556	1	0.73727	0.55922	11.33187	1.07556	1	-0.00603	-0.00930	0.68151	0.00291	1	0.06116	-0.01330	0.67413	0.00302	1	1.45898	0.81042	0	
1281933	8645.19824	3307251575623	0.57247	0.67893	8644.81738	0.38086	12216	1	0.61859	0.62431	1	0.51080	0.71800	1	0.56469	0.67116	1	0.47708	0.53856	9.76835	1.06647	1	0.73800	0.55888	10.64676	1.07515	1	-0.00603	-0.00930	0.68151	0.00273	1	0.06436	-0.01400	0.70997	0.00290	1	1.45898	0.81042	0	
1281934	8645.20508	3307251650059	0.57312	0.67832	8644.81738	0.38770	12216	1	0.62703	0.66466	1	0.54532	0.70932	1	0.58617	0.68699	1	0.47708	0.53856	9.76835	1.07515	1	0.73802	0.55891	10.91161	1.08383	1	-0.00603	-0.00930	0.68151	0.00273	1	0.06436	-0.01400	0.70997	0.00296	1	1.45898	0.81042	0	
1281935	8645.21191	3307251716319	0.57370	0.67852	8644.81738	0.39453	12216	1	0.62336	0.65137	1	0.55546	0.73981	1	0.58941	0.69559	1	0.47709	0.53862	9.71334	1.08383	1	0.73805	0.55908	10.49916	1.09251	1	-0.00603	-0.00930	0.68151	0.00267	1	0.06436	-0.01400	0.70997	0.00297	1	1.45898	0.81042	0	
1281936	8645.21875	3307251784905	0.57428	0.67867	8644.81738	0.40137	12216	1	0.62318	0.64718	1	0.55546	0.73981	1	0.58932	0.69349	1	0.47684	0.53852	10.61198	1.09251	1	0.73798	0.55929	10.76016	1.09251	1	-0.00603	-0.00930	0.68151	0.00270	1	0.06098	-0.01338	0.67318	0.00288	1	1.45898	0.81042	0	
1281937	8645.22559	3307251846353	0.57462	0.67865	8644.81738	0.40820	12216	1	0.60046	0.63732	1	0.56370	0.76984	1	0.58208	0.70358	1	0.47676	0.53844	9.87907	1.09251	1	0.73770	0.55919	10.94650	1.08383	1	-0.00603	-0.00930	0.68151	0.00274	1	0.06098	-0.01338	0.67318	0.00287	1	1.45898	0.81042	0	
1281938	8645.23242	3307251917496	0.57514	0.67957	8644.81738	0.41504	12216	1	0.61286	0.66024	1	0.56648	0.78883	1	0.58967	0.72454	1	0.47687	0.53837	10.12285	1.08383	1	0.73773	0.55931	10.41883	1.07515	1	-0.00603	-0.00930	0.68151	0.00276	1	0.06098	-0.01338	0.67318	0.00291	1	1.45898	0.81042	0	
1281939	8645.23926	3307251984157	0.57563	0.68068	8644.81738	0.42188	12216	1	0.61336	0.66819	1	0.56447	0.79530	1	0.58892	0.73174	1	0.47667	0.53848	10.32747	1.06713	1	0.73733	0.55900	10.04594	1.05845	1	-0.00588	-0.00899	0.65871	0.00272	1	0.06116	-0.01337	0.67521	0.00303	1	1.45898	0.81042	0	
1281940	8645.24512	3307252051182	0.57547	0.68193	8644.81738	0.42773	12216	1	0.59391	0.67421	1	0.53626	0.77730	1	0.56509	0.72575	1	0.47660	0.53851	10.05050	1.05044	1	0.73730	0.55908	9.97473	1.05044	1	-0.00588	-0.00899	0.65871	0.00267	1	0.06116	-0.01337	0.67521	0.00300	1	1.45898	0.81042	0	
1281941	8645.25195	3307252118400	0.57509	0.68199	8644.81738	0.43457	12216	1	0.58786	0.61750	1	0.54330	0.76963	1	0.56558	0.69356	1	0.47659	0.53846	10.06242	1.04242	1	0.73740	0.55914	10.49155	1.04242	1	-0.00588	-0.00899	0.65871	0.00272	1	0.06116	-0.01337	0.67521	0.00289	1	1.45898	0.81042	0	
1281942	8645.25879	3307252184847	0.57469	0.68216	8644.81738	0.44141	12216	1	0.58786	0.61750	1	0.54330	0.76963	1	0.56558	0.69356	1	0.47632	0.53844	9.53107	1.04242	1	0.73715	0.55900	10.78341	1.04242	1	-0.00614	-0.00932	0.68257	0.00280	1	0.06116	-0.01337	0.67521	0.00292	1	1.45898	0.81042	0	
1281943	8645.26562	3307252251856	0.57428	0.68295	8644.81738	0.44824	12216	1	0.61403	0.69818	1	0.51439	0.73038	1	0.56421	0.71428	1	0.47659	0.53823	9.25684	1.05044	1	0.73701	0.55876	10.24257	1.05044	1	-0.00614	-0.00932	0.68257	0.00276	1	0.06116	-0.01337	0.67521	0.00299	1	1.45898	0.81042	0	
1281944	8645.27246	3307252320102	0.57428	0.68414	8644.81738	0.45508	12216	1	0.59595	0.65631	1	0.54288	0.74702	1	0.56942	0.70166	1	0.47615	0.53856	9.56183	1.05845	1	0.73705	0.55889	10.52712	1.05845	1	-0.00614	-0.00932	0.68257	0.00272	1	0.06116	-0.01337	0.67521	0.00294	1	1.45898	0.81042	0	
1281945	8645.27930	3307252386707	0.57428	0.68543	8644.81738	0.46191	12216	1	0.59559	0.65237	1	0.54292	0.74686	1	0.56925	0.69962	1	0.47656	0.53822	9.40822	1.06647	1	0.73709	0.55884	10.88414	1.05881	1	-0.00614	-0.00937	0.68257	0.00275	1	0.05993	-0.01296	0.66222	0.00290	1	1.45898	0.81042	0	
1281946	8645.28613	3307252452847	0.57446	0.68585	8644.81738	0.46875	12216	1	0.62932	0.64789	1	0.54789	0.76369	1	0.58860	0.70579	1	0.47649	0.53856	9.79109	1.05881	1	0.73718	0.55904	10.61508	1.05115	1	-0.00614	-0.00937	0.68257	0.00271	1	0.05993	-0.01296	0.66222	0.00296	1	1.45898	0.81042	0	
1281947	8645.29297	3307252520272	0.57497	0.68745	8644.81738	0.47559	12216	1	0.63649	0.67670	1	0.55537	0.78977	1	0.59593	0.73323	1	0.47644	0.53864	10.02083	1.05115	1	0.73725	0.55926	11.02790	1.04349	1	-0.00614	-0.00937	0.68257	0.00275	1	0.05993	-0.01296	0.66222	0.00290	1	1.45898	0.81042	0	
1281948	8645.29883	3307252587079	0.57549	0.68893	8644.81738	0.48145	12216	1	0.63656	0.68033	1	0.55635	0.78631	1	0.59646	0.73332	1	0.47647	0.53863	9.91933	1.04349	1	0.73708	0.55897	11.36376	1.05217	1	-0.00614	-0.00932	0.68257	0.00277	1	0.06402	-0.01387	0.70855	0.00296	1	1.45898	0.81042	0	
1281949	8645.30566	3307252652779	0.57580	0.68973	8644.81738	0.48828	12216	1	0.61692	0.60415	1	0.57031	0.71913	1	0.59362	0.66164	1	0.47632	0.53820	9.86069	1.05217	1	0.73712	0.55877	10.74785	1.06851	1	-0.00614	-0.00932	0.68257	0.00285	1	0.06402	-0.01387	0.70855	0.00287	1	1.45898	0.81042	0	
1281950	8645.31250	3307252721332	0.57638	0.68979	8644.81738	0.49512	12216	1	0.62323	0.63820	1	0.56843	0.74197	1	0.59583	0.69008	1	0.47636	0.53851	10.31651	1.06851	1	0.73716	0.55875	10.81457	1.08485	1	-0.00614	-0.00932	0.68257	0.00270	1	0.06402	-0.01387	0.70855	0.00299	1	1.45898	0.81042	0	
1281951	8645.31934	3307252788149	0.57695	0.68973	8644.81738	0.50195	12216	1	0.62306	0.63401	1	0.56838	0.74213	1	0.59572	0.68807	1	0.47631	0.53835	9.83311	1.07684	1	0.73683	0.55870	10.58960	1.08450	1	-0.00595	-0.00881	0.64538	0.00282	1	0.06247	-0.01355	0.69198	0.00298	1	1.45898	0.81042	0	
1281952	8645.32617	3307252855345	0.57699	0.69074	8644.81738	0.50879	12216	1	0.61423	0.66704	1	0.54423	0.80865	1	0.57923	0.73785	1	0.47609	0.53837	10.12285	1.07648	1	0.73721	0.55893	11.10839	1.06780	1	-0.00595	-0.00881	0.64538	0.00275	1	0.06247	-0.01355	0.69198	0.00287	1	1.45898	0.81042	0	
1281953	8645.33301	3307252922288	0.57730	0.69190	8644.81738	0.51562	12216	1	0.62229	0.68656	1	0.53128	0.81403	1	0.57678	0.75029	1	0.47619	0.53831	9.88280	1.05978	1	0.73657	0.55863	10.33292	1.05110	1	-0.00595	-0.00881	0.64538	0.00271	1	0.06247	-0.01355	0.69198	0.00278	1	1.45898	0.81042	0	
1281954	8645.33984	3307252989260	0.57760	0.69314	8644.81738	0.52246	12216	1	0.62248	0.69056	1	0.53050	0.81725	1	0.57649	0.75391	1	0.47572	0.53840	9.93593	1.05110	1	0.73651	0.55740	10.21681	1.04242	1	-0.00640	-0.00929	0.68795	0.00290	1	0.06247	-0.01334	0.69198	0.00310	1	1.45898	0.81042	0	
1281955	8645.34570	3307253056111	0.57718	0.69334	8644.81738	0.52832	12216	1	0.62248	0.69056	0	0.54665	0.67296	1	0.54665	0.67296	1	0.47572	0.53840	9.93593	1.05044	0	0.73669	0.55667	9.59789	1.05044	1	-0.00640	-0.00929	0.68795	0.00290	1	0.06247	-0.01334	0.69198	0.00295	1	1.45898	0.81042	0	
1281956	8645.35254	3307253122917	0.57718	0.69334	8644.81738	0.53516	12216	1	0.62248	0.69056	0	0.54665	0.67296	0	0.54665	0.67296	0	0.47572	0.53840	9.93593	1.05845	0	0.73669	0.55667	9.59789	1.05845	0	-0.00640	-0.00929	0.68795	0.00290	1	0.06247	-0.01334	0.69198	0.00295	1	1.45898	0.81042	0	
1281957	8645.35938	3307253189895	0.57718	0.69334	8644.81738	0.54199	12216	1	0.62248	0.69056	0	0.54665	0.67296	0	0.54665	0.67296	0	0.47572	0.53840	9.93593	1.06647	0	0.73669	0.55667	9.59789	1.06647	0	-0.00640	-0.00929	0.68795	0.00290	1	0.06247	-0.01334	0.69198	0.00295	1	1.45898	0.81042	0	
1281958	8645.36621	3307253256635	0.57718	0.69334	8644.81738	0.54883	12216	1	0.62248	0.69056	0	0.54665	0.67296	0	0.54665	0.67296	0	0.47572	0.53840	9.93593	1.06647	0	0.73669	0.55667	9.59789	1.06647	0	-0.00640	-0.00929	0.68795	0.00290	1	0.06247	-0.01334	0.69198	0.00295	1	1.45898	0.81042	0	
1281959	8645.37305	3307253324335	0.58200	0.71070	8644.81738	0.54883	12216	0	0.62248	0.69056	0	0.54665	0.67296	0	0.54665	0.67296	0	0.47572	0.53840	9.93593	1.06647	0	0.73669	0.55667	9.59789	1.06647	0	-0.00640	-0.00929	0.68795	0.00290	1	0.06247	-0.01334	0.69198	0.00295	1	1.45898	0.81042	0	
1281960	8645.37988	3307253390953	0.58200	0.71070	8644.81738	0.54883	12216	0	0.62248	0.69056	0	0.54665	0.67296	0	0.54665	0.67296	0	0.47572	0.53840	9.93593	1.06647	0	0.73669	0.55667	9.59789	1.06647	0	-0.00640	-0.00929	0.68795	0.00290	1	0.06247	-0.01334	0.69198	0.00295	1	1.45898	0.81042	0	
1281961	8645.38672	3307253458026	0.58200	0.71070	8644.81738	0.54883	12216	0	0.62248	0.69056	0	0.54665	0.67296	0	0.54665	0.67296	0	0.47572	0.53840	9.93593	1.06647	0	0.73669	0.55667	9.59789	1.06647	0	-0.00640	-0.00929	0.68795	0.00290	1	0.06247	-0.01334	0.69198	0.00295	1	1.45898	0.81042	0	
1281962	8645.39258	3307253521744	0.00000	0.00000	8644.81738	0.54883	12216	0	0.62248	0.69056	0	0.54665	0.67296	0	0.54665	0.67296	0	0.47572	0.53840	9.93593	1.06647	0	0.73669	0.55667	9.59789	1.06647	0	-0.00640	-0.00929	0.68795	0.00290	1	0.06247	-0.01334	0.69198	0.00295	1	1.45898	0.81042	0	
1281963	8645.39941	3307253589594	0.00000	0.00000	8644.81738	0.54883	12216	0	0.62248	0.69056	0	0.54665	0.67296	0	0.54665	0.67296	0	0.47572	0.53840	9.93593	1.06647	0	0.73669	0.55667	9.59789	1.06647	0	-0.00640	-0.00929	0.68795	0.00290	1	0.06247	-0.01334	0.69198	0.00295	1	1.45898	0.81042	0	
1281964	8645.40625	3307253657440	0.00000	0.00000	8644.81738	0.54883	12216	0	0.62248	0.69056	0	0.54665	0.67296	0	0.54665	0.67296	0	0.47572	0.53840	9.93593	1.06647	0	0.73669	0.55667	9.59789	1.06647	0	-0.00640	-0.00929	0.68795	0.00290	1	0.06247	-0.01334	0.69198	0.00295	1	1.45898	0.81042	0	
1281965	8645.41309	3307253724479	0.00000	0.00000	8644.81738	0.54883	12216	0	0.62248	0.69056	0	0.54665	0.67296	0	0.54665	0.67296	0	0.47572	0.53840	9.93593	1.06647	0	0.73669	0.55667	9.59789	1.06647	0	-0.00640	-0.00929	0.68795	0.00290	1	0.06247	-0.01334	0.69198	0.00295	1	1.45898	0.81042	0	
1281966	8645.41992	3307253790004	0.00000	0.00000	8644.81738	0.54883	12216	0	0.62248	0.69056	0	0.54665	0.67296	0	0.54665	0.67296	0	0.47572	0.53840	9.93593	1.06647	0	0.73669	0.55667	9.59789	1.06647	0	-0.00640	-0.00929	0.68795	0.00290	1	0.06247	-0.01334	0.69198	0.00295	1	1.45898	0.81042	0	
1281967	8645.42578	3307253856771	0.00000	0.00000	8644.81738	0.54883	12216	0	0.62248	0.69056	0	0.54665	0.67296	0	0.54665	0.67296	0	0.47572	0.53840	9.93593	1.06647	0	0.73669	0.55667	9.59789	1.06647	0	-0.00640	-0.00929	0.68795	0.00290	1	0.06247	-0.01334	0.69198	0.00295	1	1.45898	0.81042	0	
1281968	8645.43359	3307253926210	0.00000	0.00000	8644.81738	0.54883	12216	0	0.62248	0.69056	0	0.54665	0.67296	0	0.54665	0.67296	0	0.47572	0.53840	9.93593	1.06647	0	0.73669	0.55667	9.59789	1.06647	0	-0.00640	-0.00929	0.68795	0.00290	1	0.06247	-0.01334	0.69198	0.00295	1	1.45898	0.81042	0	
1281969	8645.43945	3307253991848	0.00000	0.00000	8644.81738	0.54883	12216	0	0.62248	0.69056	0	0.54665	0.67296	0	0.54665	0.67296	0	0.47572	0.53840	9.93593	1.06647	0	0.73669	0.55667	9.59789	1.06647	0	-0.00640	-0.00929	0.68795	0.00290	1	0.06247	-0.01334	0.69198	0.00295	1	1.45898	0.81042	0	
1281970	8645.44629	3307254059399	0.00000	0.00000	8644.81738	0.54883	12216	0	0.62248	0.69056	0	0.54665	0.67296	0	0.54665	0.67296	0	0.47572	0.53840	9.93593	1.06647	0	0.73669	0.55667	9.59789	1.06647	0	-0.00640	-0.00929	0.68795	0.00290	1	0.06247	-0.01334	0.69198	0.00295	1	1.45898	0.81042	0	
1281971	8645.45312	3307254124267	0.00000	0.00000	8644.81738	0.54883	12216	0	0.62248	0.69056	0	0.54665	0.67296	0	0.54665	0.67296	0	0.47572	0.53840	9.93593	1.06647	0	0.73669	0.55667	9.59789	1.06647	0	-0.00640	-0.00929	0.68795	0.00290	1	0.06247	-0.01334	0.69198	0.00295	1	1.45898	0.81042	0	
1281972	8645.45996	3307254194941	0.00000	0.00000	8644.81738	0.54883	12216	0	0.62248	0.69056	0	0.54665	0.67296	0	0.54665	0.67296	0	0.47572	0.53840	9.93593	1.06647	0	0.73669	0.55667	9.59789	1.06647	0	-0.00640	-0.00929	0.68795	0.00290	1	0.06247	-0.01334	0.69198	0.00295	1	1.45898	0.81042	0	
1281973	8645.46680	3307254261967	0.00000	0.00000	8644.81738	0.54883	12216	0	0.62248	0.69056	0	0.54665	0.67296	0	0.54665	0.67296	0	0.47572	0.53840	9.93593	1.06647	0	0.73669	0.55667	9.59789	1.06647	0	-0.00640	-0.00929	0.68795	0.00290	1	0.06247	-0.01334	0.69198	0.00295	1	1.45898	0.81042	0	
1281974	8645.47363	3307254328795	0.00000	0.00000	8644.81738	0.54883	12216	0	0.62248	0.69056	0	0.54665	0.67296	0	0.54665	0.67296	0	0.47572	0.53840	9.93593	1.06647	0	0.73669	0.55667	9.59789	1.06647	0	-0.00640	-0.00929	0.68795	0.00290	1	0.06247	-0.01334	0.69198	0.00295	1	1.45898	0.81042	0	
1281975	8645.48047	3307254395719	0.00000	0.00000	8644.81738	0.54883	12216	0	0.62248	0.69056	0	0.54665	0.67296	0	0.54665	0.67296	0	0.47572	0.53840	9.93593	1.06647	0	0.73669	0.55667	9.59789	1.06647	0	-0.00640	-0.00929	0.68795	0.00290	1	0.06247	-0.01334	0.69198	0.00295	1	1.45898	0.81042	0	
1281976	8645.48633	3307254462700	0.00000	0.00000	8644.81738	0.54883	12216	0	0.62248	0.69056	0	0.54665	0.67296	0	0.54665	0.67296	0	0.47572	0.53840	9.93593	1.06647	0	0.73669	0.55667	9.59789	1.06647	0	-0.00640	-0.00929	0.68795	0.00290	1	0.06247	-0.01334	0.69198	0.00295	1	1.45898	0.81042	0	
1281977	8645.49316	3307254530001	0.00000	0.00000	8644.81738	0.54883	12216	0	0.62248	0.69056	0	0.54665	0.67296	0	0.54665	0.67296	0	0.47572	0.53840	9.93593	1.06647	0	0.73669	0.55667	9.59789	1.06647	0	-0.00640	-0.00929	0.68795	0.00290	1	0.06247	-0.01334	0.69198	0.00295	1	1.45898	0.81042	0	
1281978	8645.50000	3307254597057	0.00000	0.00000	8644.81738	0.54883	12216	0	0.62248	0.69056	0	0.54665	0.67296	0	0.54665	0.67296	0	0.47572	0.53840	9.93593	1.06647	0	0.73669	0.55667	9.59789	1.06647	0	-0.00640	-0.00929	0.68795	0.00290	1	0.06247	-0.01334	0.69198	0.00295	1	1.45898	0.81042	0	
1281979	8645.50684	3307254663673	0.00000	0.00000	8644.81738	0.54883	12216	0	0.62248	0.69056	0	0.54665	0.67296	0	0.54665	0.67296	0	0.47572	0.53840	9.93593	1.06647	0	0.73669	0.55667	9.59789	1.06647	0	-0.00640	-0.00929	0.68795	0.00290	1	0.06247	-0.01334	0.69198	0.00295	1	1.45898	0.81042	0	
1281980	8645.51367	3307254730673	0.00000	0.00000	8644.81738	0.54883	12216	0	0.62248	0.69056	0	0.54665	0.67296	0	0.54665	0.67296	0	0.47572	0.53840	9.93593	1.06647	0	0.73669	0.55667	9.59789	1.06647	0	-0.00640	-0.00929	0.68795	0.00290	1	0.06247	-0.01334	0.69198	0.00295	1	1.45898	0.81042	0	
1281981	8645.52051	3307254797841	0.00000	0.00000	8644.81738	0.54883	12216	0	0.62248	0.69056	0	0.54665	0.67296	0	0.54665	0.67296	0	0.47572	0.53840	9.93593	1.06647	0	0.73669	0.55667	9.59789	1.06647	0	-0.00640	-0.00929	0.68795	0.00290	1	0.06247	-0.01334	0.69198	0.00295	1	1.45898	0.81042	0	
1281982	8645.52734	3307254864822	0.00000	0.00000	8644.81738	0.54883	12216	0	0.62248	0.69056	0	0.54665	0.67296	0	0.54665	0.67296	0	0.47572	0.53840	9.93593	1.06647	0	0.73669	0.55667	9.59789	1.06647	0	-0.00640	-0.00929	0.68795	0.00290	1	0.06247	-0.01334	0.69198	0.00295	1	1.45898	0.81042	0	
1281983	8645.53320	3307254931324	0.00000	0.00000	8644.81738	0.54883	12216	0	0.62248	0.69056	0	0.54665	0.67296	0	0.54665	0.67296	0	0.47572	0.53840	9.93593	1.06647	0	0.73669	0.55667	9.59789	1.06647	0	-0.00640	-0.00929	0.68795	0.00290	1	0.06247	-0.01334	0.69198	0.00295	1	1.45898	0.81042	0	
1281984	8645.54004	3307254998960	0.00000	0.00000	8644.81738	0.54883	12216	0	0.62248	0.69056	0	0.54665	0.67296	0	0.54665	0.67296	0	0.47572	0.53840	9.93593	1.06647	0	0.73669	0.55667	9.59789	1.06647	0	-0.00640	-0.00929	0.68795	0.00290	1	0.06247	-0.01334	0.69198	0.00295	1	1.45898	0.81042	0	
1281985	8645.54688	3307255065957	0.00000	0.00000	8644.81738	0.54883	12216	0	0.62248	0.69056	0	0.54665	0.67296	0	0.54665	0.67296	0	0.47572	0.53840	9.93593	1.06647	0	0.73669	0.55667	9.59789	1.06647	0	-0.00640	-0.00929	0.68795	0.00290	1	0.06247	-0.01334	0.69198	0.00295	1	1.45898	0.81042	0	
1281986	8645.55371	3307255133106	0.00000	0.00000	8644.81738	0.54883	12216	0	0.62248	0.69056	0	0.54665	0.67296	0	0.54665	0.67296	0	0.47572	0.53840	9.93593	1.06647	0	0.73669	0.55667	9.59789	1.06647	0	-0.00640	-0.00929	0.68795	0.00290	1	0.06247	-0.01334	0.69198	0.00295	1	1.45898	0.81042	0	
1281987	8645.56055	3307255199684	0.00000	0.00000	8644.81738	0.54883	12216	0	0.62248	0.69056	0	0.54665	0.67296	0	0.54665	0.67296	0	0.47572	0.53840	9.93593	1.06647	0	0.73669	0.55667	9.59789	1.06647	0	-0.00640	-0.00929	0.68795	0.00290	1	0.06247	-0.01334	0.69198	0.00295	1	1.45898	0.81042	0	
1281988	8645.56738	3307255265694	0.24375	0.21555	8644.81738	0.54883	12216	0	0.51572	0.43514	1	0.45926	0.42706	1	0.48749	0.43110	1	0.47087	0.53253	10.30831	1.06647	1	0.73247	0.55128	11.15151	1.06647	1	-0.00640	-0.00929	0.68795	0.00322	1	0.06247	-0.01334	0.69198	0.00350	1	1.45898	0.81042	0	
1281989	8645.57422	3307255333886	0.48620	0.43603	8644.81738	0.54883	12216	0	0.51572	0.43514	1	0.45410	0.44679	1	0.48491	0.44097	1	0.47087	0.53252	10.30831	1.06647	1	0.73243	0.55155	11.32384	1.06647	1	-0.00640	-0.00929	0.68795	0.00322	1	0.06247	-0.01334	0.69198	0.00340	1	1.45898	0.81042	0	
1281990	8645.58105	3307255400923	0.48538	0.43378	8644.81738	0.54883	12216	0	0.51471	0.42880	1	0.45442	0.43424	1	0.48456	0.43152	1	0.47070	0.53239	9.97899	1.07556	1	0.73254	0.55182	11.44079	1.08424	1	-0.00759	-0.00881	0.70758	0.00323	1	0.06348	-0.01287	0.71204	0.00346	1	1.45898	0.81042	0	
1281991	8645.58691	3307255467261	0.48509	0.45570	8644.81738	0.54883	12216	0	0.50237	0.48226	1	0.46665	0.51684	1	0.48451	0.49955	1	0.47060	0.53276	9.84717	1.09332	1	0.73263	0.55177	11.44649	1.10200	1	-0.00759	-0.00881	0.70758	0.00341	1	0.06348	-0.01287	0.71204	0.00344	1	1.45898	0.81042	0	
1281992	8645.59375	3307255534387	0.48427	0.45200	8645.57422	0.01953	12217	1	0.49880	0.42794	1	0.46480	0.45384	1	0.48180	0.44089	1	0.47072	0.53253	10.26517	1.11109	1	0.73256	0.55151	11.33719	1.11977	1	-0.00759	-0.00881	0.70758	0.00343	1	0.06348	-0.01287	0.71204	0.00363	1	1.45898	0.81042	0	
1281993	8645.60059	3307255601207	0.48369	0.44861	8645.57422	0.02637	12217	1	0.49775	0.42205	1	0.46502	0.44805	1	0.48139	0.43505	1	0.47053	0.53265	9.57473	1.11977	1	0.73260	0.55114	11.23562	1.12845	1	-0.00733	-0.00845	0.67906	0.00349	1	0.06231	-0.01268	0.69888	0.00355	1	1.45898	0.81042	0	
1281994	8645.60742	3307255668243	0.48288	0.44660	8645.57422	0.03320	12217	1	0.48320	0.44019	1	0.47448	0.43289	1	0.47884	0.43654	1	0.47047	0.53256	10.53877	1.11936	1	0.73272	0.55117	11.35218	1.11936	1	-0.00733	-0.00845	0.67906	0.00343	1	0.06231	-0.01268	0.69888	0.00347	1	1.45898	0.81042	0	
1281995	8645.61426	3307255733129	0.48163	0.44980	8645.57422	0.04004	12217	1	0.48070	0.46291	1	0.46753	0.47510	1	0.47412	0.46901	1	0.47042	0.53232	10.43282	1.11028	1	0.73263	0.55137	11.26203	1.11028	1	-0.00733	-0.00845	0.67906	0.00351	1	0.06231	-0.01268	0.69888	0.00342	1	1.45898	0.81042	0	
1281996	8645.62109	3307255802508	0.48068	0.45255	8645.57422	0.04688	12217	1	0.48070	0.46291	1	0.46728	0.48077	1	0.47399	0.47184	1	0.47014	0.53238	10.29729	1.11028	1	0.73265	0.55131	11.07281	1.10160	1	-0.00759	-0.00881	0.70758	0.00349	1	0.06070	-0.01237	0.68143	0.00344	1	1.45898	0.81042	0	
1281997	8645.62695	3307255869336	0.47947	0.44678	8645.57422	0.05273	12217	1	0.46530	0.40529	1	0.47431	0.39593	1	0.46981	0.40061	1	0.47023	0.53200	9.99873	1.11068	1	0.73268	0.55072	10.89940	1.10200	1	-0.00759	-0.00881	0.70758	0.00358	1	0.06070	-0.01237	0.68143	0.00367	1	1.45898	0.81042	0	
1281998	8645.63379	3307255935496	0.47849	0.44399	8645.57422	0.05957	12217	1	0.46754	0.42568	1	0.47178	0.41207	1	0.46966	0.41887	1	0.47019	0.53207	10.35745	1.11109	1	0.73266	0.55137	11.19304	1.10241	1	-0.00759	-0.00881	0.70758	0.00357	1	0.06070	-0.01237	0.68143	0.00340	1	1.45898	0.81042	0	
1281999	8645.64062	3307256003386	0.47773	0.44226	8645.57422	0.06641	12217	1	0.46880	0.43159	1	0.47149	0.41829	1	0.47015	0.42494	1	0.47017	0.53192	10.22805	1.10241	1	0.73265	0.55162	11.18306	1.09373	1	-0.00733	-0.00845	0.67906	0.00361	1	0.06180	-0.01257	0.69256	0.00342	1	1.45898	0.81042	0	
1282000	8645.64746	3307256070488	0.47696	0.44170	8645.57422	0.07324	12217	1	0.49361	0.44201	1	0.44347	0.42916	1	0.46854	0.43558	1	0.47013	0.53196	10.39770	1.08464	1	0.73222	0.55166	11.94973	1.08464	1	-0.00733	-0.00845	0.67906	0.00363	1	0.06180	-0.01257	0.69256	0.00342	1	1.45898	0.81042	0	
1282001	8645.65430	3307256137151	0.47651	0.44033	8645.57422	0.08008	12217	1	0.49198	0.39859	1	0.45015	0.44915	1	0.47107	0.42387	1	0.47017	0.53146	10.35315	1.07556	1	0.73225	0.55150	11.95953	1.07556	1	-0.00733	-0.00845	0.67906	0.00365	1	0.06180	-0.01257	0.69256	0.00348	1	1.45898	0.81042	0	
1282002	8645.66113	3307256204385	0.47616	0.43940	8645.57422	0.08691	12217	1	0.49316	0.40520	1	0.45015	0.44944	1	0.47165	0.42732	1	0.47021	0.53226	10.33766	1.06647	1	0.73225	0.55073	11.71551	1.07515	1	-0.00732	-0.00839	0.67797	0.00351	1	0.06174	-0.01267	0.69247	0.00356	1	1.45898	0.81042	0	
1282003	8645.66797	3307256271237	0.47688	0.43977	8645.57422	0.09375	12217	1	0.52410	0.47573	1	0.44986	0.41421	1	0.48698	0.44497	1	0.47023	0.53213	10.44447	1.07515	1	0.73224	0.55116	12.12108	1.08383	1	-0.00732	-0.00839	0.67797	0.00351	1	0.06174	-0.01267	0.69247	0.00349	1	1.45898	0.81042	0	
1282004	8645.67383	3307256338065	0.47720	0.43716	8645.57422	0.09961	12217	1	0.51402	0.39863	1	0.44999	0.39723	1	0.48201	0.39793	1	0.47017	0.53157	10.30534	1.08383	1	0.73225	0.55103	12.03602	1.09251	1	-0.00732	-0.00839	0.67797	0.00375	1	0.06174	-0.01267	0.69247	0.00354	1	1.45898	0.81042	0	
1282005	8645.68066	3307256405490	0.47746	0.43467	8645.57422	0.10645	12217	1	0.51306	0.39236	1	0.44999	0.39723	1	0.48152	0.39480	1	0.47026	0.53192	10.73485	1.09251	1	0.73228	0.55067	11.77849	1.09251	1	-0.00732	-0.00839	0.67797	0.00368	1	0.06070	-0.01237	0.68143	0.00359	1	1.45898	0.81042	0	
1282006	8645.68750	3307256472151	0.47856	0.43530	8645.57422	0.11328	12217	1	0.52972	0.48562	1	0.46486	0.40648	1	0.49729	0.44605	1	0.47027	0.53265	11.36497	1.09251	1	0.73215	0.55075	11.93323	1.08383	1	-0.00732	-0.00839	0.67797	0.00337	1	0.06070	-0.01237	0.68143	0.00374	1	1.45898	0.81042	0	
1282007	8645.69434	3307256539713	0.47938	0.43507	8645.57422	0.12012	12217	1	0.51983	0.40253	1	0.46862	0.45941	1	0.49423	0.43097	1	0.47020	0.53163	10.38115	1.08383	1	0.73215	0.55100	11.86228	1.07515	1	-0.00732	-0.00839	0.67797	0.00343	1	0.06070	-0.01237	0.68143	0.00367	1	1.45898	0.81042	0	
1282008	8645.70117	3307256606089	0.48013	0.43470	8645.57422	0.12695	12217	1	0.51979	0.40224	1	0.46890	0.45315	1	0.49434	0.42769	1	0.47030	0.53180	10.91631	1.08424	1	0.73204	0.55072	11.58000	1.08424	1	-0.00770	-0.00865	0.70793	0.00343	1	0.06152	-0.01260	0.69119	0.00368	1	1.45898	0.81042	0	
1282009	8645.70801	3307256673769	0.48079	0.43450	8645.57422	0.13379	12217	1	0.52251	0.44334	1	0.46527	0.41771	1	0.49389	0.43052	1	0.47023	0.53202	10.70860	1.09332	1	0.73217	0.55074	11.86338	1.10200	1	-0.00770	-0.00865	0.70793	0.00323	1	0.06152	-0.01260	0.69119	0.00371	1	1.45898	0.81042	0	
1282010	8645.71387	3307256738365	0.48136	0.43364	8645.57422	0.13965	12217	1	0.52332	0.42134	1	0.46340	0.40953	1	0.49336	0.41543	1	0.47027	0.53190	10.61473	1.11109	1	0.73214	0.55103	11.84305	1.11977	1	-0.00770	-0.00865	0.70793	0.00323	1	0.06152	-0.01260	0.69119	0.00356	1	1.45898	0.81042	0	
1282011	8645.72070	3307256803840	0.48186	0.43283	8645.57422	0.14648	12217	1	0.52244	0.41541	1	0.46321	0.41494	1	0.49283	0.41518	1	0.46981	0.53112	10.83331	1.11977	1	0.73182	0.55097	11.74316	1.11211	1	-0.00740	-0.00826	0.67584	0.00357	1	0.06533	-0.01327	0.73393	0.00379	1	1.45898	0.81042	0	
1282012	8645.72754	3307256872170	0.48206	0.43250	8645.57422	0.15332	12217	1	0.52027	0.40746	1	0.45333	0.44240	1	0.48680	0.42493	1	0.47022	0.53170	10.43518	1.10302	1	0.73200	0.55120	11.72830	1.08668	1	-0.00740	-0.00826	0.67584	0.00335	1	0.06533	-0.01327	0.73393	0.00361	1	1.45898	0.81042	0	
1282013	8645.73438	3307256938030	0.48209	0.43450	8645.57422	0.16016	12217	1	0.49501	0.46233	1	0.47026	0.50222	1	0.48264	0.48228	1	0.46977	0.53159	11.24009	1.07760	1	0.73188	0.55149	12.79347	1.06126	1	-0.00740	-0.00826	0.67584	0.00325	1	0.06533	-0.01327	0.73393	0.00352	1	1.45898	0.81042	0	
1282014	8645.74121	3307257006826	0.48214	0.43665	8645.57422	0.16699	12217	1	0.49710	0.47323	1	0.46998	0.50794	1	0.48354	0.49059	1	0.46971	0.53113	10.98277	1.06126	1	0.73197	0.55138	11.49853	1.05258	1	-0.00778	-0.00858	0.70620	0.00364	1	0.06038	-0.01222	0.67899	0.00366	1	1.45898	0.81042	0	
1282015	8645.74805	3307257072541	0.48195	0.43750	8645.57422	0.17383	12217	1	0.49516	0.48298	1	0.45878	0.43613	1	0.47697	0.45955	1	0.46972	0.53130	11.18056	1.06166	1	0.73168	0.55097	12.16169	1.06932	1	-0.00778	-0.00858	0.70620	0.00362	1	0.06038	-0.01222	0.67899	0.00343	1	1.45898	0.81042	0	
1282016	8645.75391	3307257138662	0.48171	0.43866	8645.57422	0.17969	12217	1	0.48752	0.46224	1	0.46294	0.47757	1	0.47523	0.46991	1	0.46967	0.53128	10.95498	1.07841	1	0.73178	0.55073	11.67775	1.08607	1	-0.00778	-0.00858	0.70620	0.00365	1	0.06038	-0.01222	0.67899	0.00347	1	1.45898	0.81042	0	
1282017	8645.76074	3307257206294	0.48147	0.43956	8645.57422	0.18652	12217	1	0.48650	0.45713	1	0.46313	0.47247	1	0.47482	0.46480	1	0.46970	0.53094	10.96938	1.08607	1	0.73156	0.55068	12.12160	1.09373	1	-0.00762	-0.00835	0.68689	0.00370	1	0.06037	-0.01224	0.67998	0.00341	1	1.45898	0.81042	0	
1282018	8645.76758	3307257273104	0.48192	0.43969	8645.57422	0.19336	12217	1	0.51631	0.41904	1	0.47347	0.46781	1	0.49489	0.44342	1	0.46967	0.53076	10.96658	1.08464	1	0.73147	0.55062	12.18058	1.08464	1	-0.00762	-0.00835	0.68689	0.00358	1	0.06037	-0.01224	0.67998	0.00344	1	1.45898	0.81042	0	
1282019	8645.77441	3307257342598	0.48280	0.43998	8645.57422	0.20020	12217	1	0.53928	0.46460	1	0.47909	0.43259	1	0.50918	0.44860	1	0.46964	0.53129	10.92421	1.07556	1	0.73156	0.55031	12.15034	1.07556	1	-0.00762	-0.00835	0.68689	0.00332	1	0.06037	-0.01224	0.67998	0.00337	1	1.45898	0.81042	0	
1282020	8645.78125	3307257408226	0.48364	0.44034	8645.57422	0.20703	12217	1	0.54011	0.47064	1	0.47907	0.43288	1	0.50959	0.45176	1	0.46954	0.53106	10.51985	1.06647	1	0.73119	0.55074	12.75390	1.07515	1	-0.00760	-0.00821	0.67581	0.00331	1	0.06140	-0.01246	0.69215	0.00338	1	1.45898	0.81042	0	
1282021	8645.78809	3307257471978	0.48376	0.44104	8645.57422	0.21387	12217	1	0.50728	0.45277	1	0.46838	0.47411	1	0.48783	0.46344	1	0.46919	0.53123	11.23222	1.07515	1	0.73146	0.55054	12.22136	1.08383	1	-0.00760	-0.00821	0.67581	0.00337	1	0.06140	-0.01246	0.69215	0.00351	1	1.45898	0.81042	0	
1282022	8645.79492	3307257541289	0.48408	0.44160	8645.57422	0.22070	12217	1	0.51068	0.46289	1	0.47818	0.45679	1	0.49443	0.45984	1	0.46921	0.53124	11.24660	1.08383	1	0.73118	0.55069	12.67384	1.09251	1	-0.00760	-0.00821	0.67581	0.00336	1	0.06140	-0.01246	0.69215	0.00349	1	1.45898	0.81042	0	
1282023	8645.80176	3307257608236	0.48436	0.44204	8645.57422	0.22754	12217	1	0.50969	0.45714	1	0.47818	0.45679	1	0.49394	0.45697	1	0.46909	0.53165	11.31556	1.09251	1	0.73067	0.55052	12.19140	1.09251	1	-0.00774	-0.00831	0.68828	0.00340	1	0.06047	-0.01223	0.68232	0.00363	1	1.45898	0.81042	0	
1282024	8645.80762	3307257674843	0.48485	0.44212	8645.57422	0.23340	12217	1	0.52631	0.49012	1	0.47753	0.39989	1	0.50192	0.44501	1	0.46904	0.53130	11.07688	1.09251	1	0.73111	0.55023	11.46562	1.08383	1	-0.00774	-0.00831	0.68828	0.00358	1	0.06047	-0.01223	0.68232	0.00367	1	1.45898	0.81042	0	
1282025	8645.81445	3307257743328	0.48484	0.44286	8645.57422	0.24023	12217	1	0.49787	0.46475	1	0.47154	0.47474	1	0.48471	0.46974	1	0.46904	0.53042	11.27856	1.08383	1	0.73119	0.54997	11.39510	1.07515	1	-0.00774	-0.00831	0.68828	0.00348	1	0.06047	-0.01223	0.68232	0.00350	1	1.45898	0.81042	0	
1282026	8645.82129	3307257810759	0.48485	0.44365	8645.57422	0.24707	12217	1	0.49896	0.47049	1	0.47154	0.47474	1	0.48525	0.47261	1	0.46962	0.52873	10.82744	1.07515	1	0.73150	0.54970	11.67180	1.07515	1	-0.00760	-0.00791	0.67581	0.00383	1	0.06242	-0.01242	0.70482	0.00391	1	1.45898	0.81042	0	
1282027	8645.82812	3307257874798	0.48599	0.44210	8645.57422	0.25391	12217	1	0.52452	0.38849	1	0.53379	0.37777	1	0.52916	0.38313	1	0.46950	0.52944	10.17111	1.07515	1	0.73163	0.54832	11.58688	1.08383	1	-0.00760	-0.00791	0.67581	0.00356	1	0.06242	-0.01242	0.70482	0.00398	1	1.45898	0.81042	0	
1282028	8645.83496	3307257942937	0.48691	0.44046	8645.57422	0.26074	12217	1	0.51180	0.31399	1	0.53340	0.43950	1	0.52260	0.37674	1	0.46939	0.52877	10.40465	1.08383	1	0.73169	0.54897	11.58204	1.09251	1	-0.00760	-0.00791	0.67581	0.00372	1	0.06242	-0.01242	0.70482	0.00386	1	1.45898	0.81042	0	
1282029	8645.84180	3307258011852	0.48777	0.43897	8645.57422	0.26758	12217	1	0.51173	0.31346	1	0.53270	0.44512	1	0.52221	0.37929	1	0.46944	0.52926	11.10316	1.08450	1	0.73108	0.54870	11.27220	1.08450	1	-0.00759	-0.00774	0.66998	0.00345	1	0.05989	-0.01183	0.67688	0.00412	1	1.45898	0.81042	0	
1282030	8645.84863	3307258078139	0.48864	0.43956	8645.57422	0.27441	12217	1	0.57721	0.46205	1	0.47189	0.46542	1	0.52455	0.46373	1	0.46941	0.52935	11.08589	1.07648	1	0.73071	0.54853	11.47889	1.06780	1	-0.00759	-0.00774	0.66998	0.00354	1	0.05989	-0.01183	0.67688	0.00383	1	1.45898	0.81042	0	
1282031	8645.85547	3307258146275	0.48954	0.43859	8645.57422	0.28125	12217	1	0.55998	0.31477	1	0.49427	0.48070	1	0.52713	0.39774	1	0.46927	0.52866	10.11312	1.05978	1	0.73069	0.54869	11.61773	1.05110	1	-0.00759	-0.00774	0.66998	0.00377	1	0.05989	-0.01183	0.67688	0.00380	1	1.45898	0.81042	0	
1282032	8645.86230	3307258214005	0.49039	0.43781	8645.57422	0.28809	12217	1	0.56064	0.32184	1	0.49380	0.48667	1	0.52722	0.40425	1	0.46850	0.52848	10.22694	1.05110	1	0.73020	0.54889	11.47164	1.04242	1	-0.00783	-0.00783	0.67820	0.00354	1	0.05978	-0.01178	0.67679	0.00384	1	1.45898	0.81042	0	
1282033	8645.86816	3307258280683	0.49078	0.43802	8645.57422	0.29395	12217	1	0.52829	0.35298	1	0.48773	0.54153	1	0.50801	0.44726	1	0.46838	0.52860	10.28477	1.05044	1	0.73016	0.54884	11.37248	1.05044	1	-0.00783	-0.00783	0.67820	0.00369	1	0.05978	-0.01178	0.67679	0.00379	1	1.45898	0.81042	0	
1282034	8645.87500	3307258348249	0.49163	0.43810	8645.57422	0.30078	12217	1	0.55062	0.38096	1	0.50830	0.50318	1	0.52946	0.44207	1	0.46831	0.52823	10.39654	1.05845	1	0.73052	0.54852	12.07888	1.05845	1	-0.00783	-0.00783	0.67820	0.00348	1	0.05978	-0.01178	0.67679	0.00373	1	1.45898	0.81042	0	
1282035	8645.88184	3307258414390	0.51595	0.42671	8645.57422	0.30078	12217	0	0.54995	0.37492	1	0.50832	0.50295	1	0.52914	0.43893	1	0.46796	0.52824	10.48299	1.06647	1	0.73018	0.54814	11.14787	1.05881	1	-0.00798	-0.00773	0.67361	0.00341	1	0.05861	-0.01143	0.66527	0.00384	1	1.45898	0.81042	0	
1282036	8645.88867	3307258477719	0.52335	0.41659	8645.57422	0.30078	12217	0	0.52277	0.40542	1	0.53875	0.40754	1	0.53076	0.40648	1	0.46786	0.52860	10.10708	1.05881	1	0.73029	0.54734	11.03023	1.05115	1	-0.00798	-0.00773	0.67361	0.00340	1	0.05861	-0.01143	0.66527	0.00411	1	1.45898	0.81042	0	
1282037	8645.89551	3307258548885	0.52896	0.42124	8645.57422	0.30078	12217	0	0.55144	0.39519	1	0.52894	0.46589	1	0.54019	0.43054	1	0.46784	0.52823	10.60932	1.05115	1	0.73014	0.54787	11.00299	1.04349	1	-0.00798	-0.00773	0.67361	0.00341	1	0.05861	-0.01143	0.66527	0.00379	1	1.45898	0.81042	0	
1282038	8645.90234	3307258615823	0.53177	0.42331	8645.88184	0.02051	12218	1	0.55132	0.39412	1	0.52907	0.46488	1	0.54019	0.42950	1	0.46773	0.52799	10.13748	1.05258	1	0.72932	0.54796	11.13340	1.04492	1	-0.00841	-0.00799	0.69631	0.00342	1	0.05697	-0.01117	0.64772	0.00388	1	1.45898	0.81042	0	
1282039	8645.90918	3307258682599	0.52914	0.42253	8645.88184	0.02734	12218	1	0.55598	0.39966	1	0.48123	0.43918	1	0.51860	0.41942	1	0.46757	0.52871	10.93984	1.05400	1	0.72931	0.54774	11.12783	1.05400	1	-0.00841	-0.00799	0.69631	0.00344	1	0.05697	-0.01117	0.64772	0.00391	1	1.45898	0.81042	0	
1282040	8645.91504	3307258749665	0.52981	0.42539	8645.88184	0.03320	12218	1	0.55301	0.39621	1	0.51326	0.48323	1	0.53314	0.43972	1	0.46765	0.52858	10.01778	1.06309	1	0.72940	0.54783	11.29460	1.06309	1	-0.00841	-0.00799	0.69631	0.00334	1	0.05697	-0.01117	0.64772	0.00373	1	1.45898	0.81042	0	
1282041	8645.92188	3307258816737	0.53032	0.42707	8645.88184	0.04004	12218	1	0.55301	0.39621	1	0.51381	0.47803	1	0.53341	0.43712	1	0.46709	0.52647	10.67618	1.06309	1	0.72914	0.54759	11.46916	1.07075	1	-0.00834	-0.00788	0.68667	0.00213	1	0.06019	-0.01178	0.68607	0.00389	1	1.45898	0.81042	0	
1282042	8645.92871	3307258883902	0.51309	0.41360	8645.88184	0.04688	12218	1	0.55301	0.39621	0	0.39245	0.31931	1	0.39245	0.31931	1	0.46709	0.52647	10.67618	1.06166	0	0.46727	0.52817	10.23658	1.06932	1	-0.00834	-0.00788	0.68667	0.00213	1	0.06019	-0.01178	0.68607	0.00356	1	1.45898	0.81042	0	
1282043	8645.93555	3307258950478	0.51309	0.41360	8645.88184	0.05371	12218	1	0.55301	0.39621	0	0.39245	0.31931	0	0.39245	0.31931	0	0.46709	0.52647	10.67618	1.06024	0	0.46727	0.52817	10.23658	1.06790	0	-0.00834	-0.00788	0.68667	0.00213	1	0.06019	-0.01178	0.68607	0.00356	1	1.45898	0.81042	0	
1282044	8645.94238	3307259017407	0.51309	0.41360	8645.88184	0.06055	12218	1	0.55301	0.39621	0	0.39245	0.31931	0	0.39245	0.31931	0	0.46709	0.52647	10.67618	1.05881	0	0.46727	0.52817	10.23658	1.06647	0	-0.00834	-0.00788	0.68667	0.00213	1	0.06019	-0.01178	0.68607	0.00356	1	1.45898	0.81042	0	
1282045	8645.94922	3307259084351	0.51309	0.41360	8645.88184	0.06738	12218	1	0.55301	0.39621	0	0.39245	0.31931	0	0.39245	0.31931	0	0.46709	0.52647	10.67618	1.06647	0	0.46727	0.52817	10.23658	1.06647	0	-0.00834	-0.00788	0.68667	0.00213	1	0.06019	-0.01178	0.68607	0.00356	1	1.45898	0.81042	0	
1282046	8645.95605	3307259151082	0.51268	0.41173	8645.88184	0.06738	12218	0	0.55301	0.39621	0	0.39245	0.31931	0	0.39245	0.31931	0	0.46709	0.52647	10.67618	1.06647	0	0.46727	0.52817	10.23658	1.06647	0	-0.00834	-0.00788	0.68667	0.00213	1	0.06019	-0.01178	0.68607	0.00356	1	1.45898	0.81042	0	
1282047	8645.96191	3307259218500	0.51268	0.41173	8645.88184	0.06738	12218	0	0.55301	0.39621	0	0.39245	0.31931	0	0.39245	0.31931	0	0.46709	0.52647	10.67618	1.06647	0	0.46727	0.52817	10.23658	1.06647	0	-0.00834	-0.00788	0.68667	0.00213	1	0.06019	-0.01178	0.68607	0.00356	1	1.45898	0.81042	0	
1282048	8645.96875	3307259285514	0.51268	0.41173	8645.88184	0.06738	12218	0	0.55301	0.39621	0	0.39245	0.31931	0	0.39245	0.31931	0	0.46709	0.52647	10.67618	1.06647	0	0.46727	0.52817	10.23658	1.06647	0	-0.00834	-0.00788	0.68667	0.00213	1	0.06019	-0.01178	0.68607	0.00356	1	1.45898	0.81042	0	
1282049	8645.97559	3307259353080	0.00000	0.00000	8645.88184	0.06738	12218	0	0.55301	0.39621	0	0.39245	0.31931	0	0.39245	0.31931	0	0.46709	0.52647	10.67618	1.06647	0	0.46727	0.52817	10.23658	1.06647	0	-0.00834	-0.00788	0.68667	0.00213	1	0.06019	-0.01178	0.68607	0.00356	1	1.45898	0.81042	0	
1282050	8645.98242	3307259418593	0.00000	0.00000	8645.88184	0.06738	12218	0	0.55301	0.39621	0	0.39245	0.31931	0	0.39245	0.31931	0	0.46709	0.52647	10.67618	1.06647	0	0.46727	0.52817	10.23658	1.06647	0	-0.00834	-0.00788	0.68667	0.00213	1	0.06019	-0.01178	0.68607	0.00356	1	1.45898	0.81042	0	
1282051	8645.98926	3307259485965	0.00000	0.00000	8645.88184	0.06738	12218	0	0.55301	0.39621	0	0.39245	0.31931	0	0.39245	0.31931	0	0.46709	0.52647	10.67618	1.06647	0	0.46727	0.52817	10.23658	1.06647	0	-0.00834	-0.00788	0.68667	0.00213	1	0.06019	-0.01178	0.68607	0.00356	1	1.45898	0.81042	0	
1282052	8645.99609	3307259553038	0.00000	0.00000	8645.88184	0.06738	12218	0	0.55301	0.39621	0	0.39245	0.31931	0	0.39245	0.31931	0	0.46709	0.52647	10.67618	1.06647	0	0.46727	0.52817	10.23658	1.06647	0	-0.00834	-0.00788	0.68667	0.00213	1	0.06019	-0.01178	0.68607	0.00356	1	1.45898	0.81042	0	
1282053	8646.00293	3307259620202	0.23632	0.17884	8645.88184	0.06738	12218	0	0.55274	0.39372	1	0.39256	0.32164	1	0.47265	0.35768	1	0.46625	0.52736	10.40277	1.06647	1	0.72861	0.54692	11.14047	1.06647	1	-0.00858	-0.00765	0.68925	0.00353	1	0.05951	-0.01154	0.68064	0.00379	1	1.45898	0.81042	0	
1282054	8646.00879	3307259685941	0.32911	0.26029	8645.88184	0.06738	12218	0	0.52792	0.41739	1	0.50144	0.42899	1	0.51468	0.42319	1	0.46635	0.52750	10.71638	1.06647	1	0.72847	0.54697	11.50139	1.06647	1	-0.00858	-0.00765	0.68925	0.00348	1	0.05951	-0.01154	0.68064	0.00391	1	1.45898	0.81042	0	
1282055	8646.01562	3307259753857	0.49535	0.41026	8645.88184	0.06738	12218	0	0.52671	0.37165	1	0.47075	0.52819	1	0.49873	0.44992	1	0.46632	0.52729	10.61258	1.06647	1	0.72843	0.54734	11.64096	1.06647	1	-0.00858	-0.00765	0.68925	0.00346	1	0.05951	-0.01154	0.68064	0.00366	1	1.45898	0.81042	0	
1282056	8646.02246	3307259820806	0.49698	0.43130	8645.88184	0.06738	12218	0	0.52671	0.37165	1	0.47050	0.53302	1	0.49860	0.45234	1	0.46639	0.52750	10.59413	1.06647	1	0.72811	0.54748	11.09131	1.05881	1	-0.00826	-0.00742	0.66402	0.00352	1	0.05762	-0.01116	0.65854	0.00368	1	1.45898	0.81042	0	
1282057	8646.02930	3307259888475	0.49837	0.43780	8645.88184	0.06738	12218	0	0.53735	0.41717	1	0.46497	0.48440	1	0.50116	0.45079	1	0.46650	0.52763	10.40502	1.05881	1	0.72830	0.54744	11.77885	1.05115	1	-0.00826	-0.00742	0.66402	0.00354	1	0.05762	-0.01116	0.65854	0.00366	1	1.45898	0.81042	0	
1282058	8646.03613	3307259954846	0.49816	0.44169	8646.01562	0.02051	12219	1	0.52881	0.39773	1	0.46627	0.50900	1	0.49754	0.45336	1	0.46643	0.52739	10.53293	1.05115	1	0.72832	0.54741	11.56205	1.04349	1	-0.00826	-0.00742	0.66402	0.00348	1	0.05762	-0.01116	0.65854	0.00364	1	1.45898	0.81042	0	
1282059	8646.04297	3307260022591	0.49812	0.44459	8646.01562	0.02734	12219	1	0.52959	0.40343	1	0.46627	0.50900	1	0.49793	0.45621	1	0.46639	0.52770	10.84296	1.04349	1	0.72834	0.54746	11.82334	1.04349	1	-0.00858	-0.00775	0.68924	0.00341	1	0.05911	-0.01151	0.67612	0.00365	1	1.45898	0.81042	0	
1282060	8646.04980	3307260089457	0.49768	0.44992	8646.01562	0.03418	12219	1	0.52134	0.44823	1	0.46961	0.50486	1	0.49547	0.47655	1	0.46620	0.52780	10.61809	1.04349	1	0.72839	0.54749	11.21472	1.05115	1	-0.00858	-0.00775	0.68924	0.00344	1	0.05911	-0.01151	0.67612	0.00382	1	1.45898	0.81042	0	
1282061	8646.05566	3307260156215	0.49855	0.45144	8646.01562	0.04004	12219	1	0.53253	0.41445	1	0.47504	0.50671	1	0.50378	0.46058	1	0.46646	0.52776	10.62037	1.05115	1	0.72850	0.54761	11.43409	1.05881	1	-0.00858	-0.00775	0.68924	0.00333	1	0.05911	-0.01151	0.67612	0.00376	1	1.45898	0.81042	0	
1282062	8646.06250	3307260222985	0.49914	0.45114	8646.01562	0.04688	12219	1	0.53087	0.40226	1	0.47566	0.49572	1	0.50326	0.44899	1	0.46643	0.52796	10.22725	1.06790	1	0.72847	0.54781	11.59666	1.07556	1	-0.00865	-0.00781	0.69879	0.00338	1	0.05938	-0.01159	0.67807	0.00372	1	1.45898	0.81042	0	
1282063	8646.06934	3307260287793	0.49878	0.45132	8646.01562	0.05371	12219	1	0.51121	0.42376	1	0.48061	0.48178	1	0.49591	0.45277	1	0.46625	0.52827	10.16429	1.08464	1	0.72848	0.54793	11.75442	1.08464	1	-0.00865	-0.00781	0.69879	0.00335	1	0.05938	-0.01159	0.67807	0.00360	1	1.45898	0.81042	0	
1282064	8646.07617	3307260357385	0.50054	0.43586	8646.01562	0.06055	12219	1	0.52631	0.20630	1	0.50650	0.38719	1	0.51641	0.29674	1	0.46652	0.52572	10.18401	1.09373	1	0.72884	0.54765	11.15490	1.09373	1	-0.00865	-0.00781	0.69879	0.00207	1	0.05938	-0.01159	0.67807	0.00383	1	1.45898	0.81042	0	
1282065	8646.08301	3307260424268	0.50200	0.42381	8646.01562	0.06738	12219	1	0.52711	0.21343	1	0.50599	0.39318	1	0.51655	0.30331	1	0.46693	0.52758	10.19216	1.08571	1	0.72874	0.54747	10.87696	1.08571	1	-0.00812	-0.00738	0.65639	0.00363	1	0.05938	-0.01165	0.67807	0.00375	1	1.45898	0.81042	0	
1282066	8646.08984	3307260490611	0.50063	0.42480	8646.01562	0.07422	12219	1	0.52711	0.21343	0	0.48558	0.43567	1	0.48558	0.43567	1	0.46693	0.52758	10.19216	1.06861	0	0.72855	0.54788	11.50939	1.06861	1	-0.00812	-0.00738	0.65639	0.00363	1	0.05938	-0.01165	0.67807	0.00367	1	1.45898	0.81042	0	
1282067	8646.09668	3307260558220	0.50063	0.42480	8646.01562	0.08105	12219	1	0.52711	0.21343	0	0.48558	0.43567	0	0.48558	0.43567	0	0.46693	0.52758	10.19216	1.05151	0	0.72855	0.54788	11.50939	1.05151	0	-0.00812	-0.00738	0.65639	0.00363	1	0.05938	-0.01165	0.67807	0.00367	1	1.45898	0.81042	0	
1282068	8646.10254	3307260624618	0.50063	0.42480	8646.01562	0.08691	12219	1	0.52711	0.21343	0	0.48558	0.43567	0	0.48558	0.43567	0	0.46693	0.52758	10.19216	1.03440	0	0.72855	0.54788	11.50939	1.03440	0	-0.00812	-0.00738	0.65639	0.00363	1	0.05938	-0.01165	0.67807	0.00367	1	1.45898	0.81042	0	
1282069	8646.10938	3307260692230	0.50063	0.42480	8646.01562	0.09375	12219	1	0.52711	0.21343	0	0.48558	0.43567	0	0.48558	0.43567	0	0.46693	0.52758	10.19216	1.03440	0	0.72855	0.54788	11.50939	1.03440	0	-0.00812	-0.00738	0.65639	0.00363	1	0.05938	-0.01165	0.67807	0.00367	1	1.45898	0.81042	0	
1282070	8646.11621	3307260758717	0.50111	0.42612	8646.01562	0.09375	12219	0	0.52711	0.21343	0	0.48558	0.43567	0	0.48558	0.43567	0	0.46693	0.52758	10.19216	1.03440	0	0.72855	0.54788	11.50939	1.03440	0	-0.00812	-0.00738	0.65639	0.00363	1	0.05938	-0.01165	0.67807	0.00367	1	1.45898	0.81042	0	
1282071	8646.12305	3307260825996	0.50111	0.42612	8646.01562	0.09375	12219	0	0.52711	0.21343	0	0.48558	0.43567	0	0.48558	0.43567	0	0.46693	0.52758	10.19216	1.03440	0	0.72855	0.54788	11.50939	1.03440	0	-0.00812	-0.00738	0.65639	0.00363	1	0.05938	-0.01165	0.67807	0.00367	1	1.45898	0.81042	0	
1282072	8646.12988	3307260892991	0.50111	0.42612	8646.01562	0.09375	12219	0	0.52711	0.21343	0	0.48558	0.43567	0	0.48558	0.43567	0	0.46693	0.52758	10.19216	1.03440	0	0.72855	0.54788	11.50939	1.03440	0	-0.00812	-0.00738	0.65639	0.00363	1	0.05938	-0.01165	0.67807	0.00367	1	1.45898	0.81042	0	
1282073	8646.13672	3307260959933	0.00000	0.00000	8646.01562	0.09375	12219	0	0.52711	0.21343	0	0.48558	0.43567	0	0.48558	0.43567	0	0.46693	0.52758	10.19216	1.03440	0	0.72855	0.54788	11.50939	1.03440	0	-0.00812	-0.00738	0.65639	0.00363	1	0.05938	-0.01165	0.67807	0.00367	1	1.45898	0.81042	0	
1282074	8646.14355	3307261027077	0.00000	0.00000	8646.01562	0.09375	12219	0	0.52711	0.21343	0	0.48558	0.43567	0	0.48558	0.43567	0	0.46693	0.52758	10.19216	1.03440	0	0.72855	0.54788	11.50939	1.03440	0	-0.00812	-0.00738	0.65639	0.00363	1	0.05938	-0.01165	0.67807	0.00367	1	1.45898	0.81042	0	
1282075	8646.14941	3307261093954	0.00000	0.00000	8646.01562	0.09375	12219	0	0.52711	0.21343	0	0.48558	0.43567	0	0.48558	0.43567	0	0.46693	0.52758	10.19216	1.03440	0	0.72855	0.54788	11.50939	1.03440	0	-0.00812	-0.00738	0.65639	0.00363	1	0.05938	-0.01165	0.67807	0.00367	1	1.45898	0.81042	0	
1282076	8646.15625	3307261160616	0.39950	0.34987	8646.01562	0.09375	12219	0	0.52711	0.21343	0	0.39950	0.34987	1	0.39950	0.34987	1	0.46736	0.52836	10.10403	1.03440	0	0.46736	0.52836	10.10403	1.03440	1	-0.00812	-0.00738	0.65639	0.00363	1	0.05938	-0.01165	0.67807	0.00344	1	1.45898	0.81042	0	
1282077	8646.16309	3307261228589	0.39950	0.34987	8646.01562	0.09375	12219	0	0.52711	0.21343	0	0.39950	0.34987	1	0.39950	0.34987	1	0.46736	0.52836	10.10403	1.03440	0	0.46759	0.52809	9.84065	1.03440	1	-0.00812	-0.00738	0.65639	0.00363	1	-0.00822	-0.00782	0.67677	0.00361	1	1.45898	0.81042	0	
1282078	8646.16992	3307261295023	0.39803	0.35088	8646.01562	0.09375	12219	0	0.52711	0.21343	0	0.39507	0.35289	1	0.39507	0.35289	1	0.46736	0.52836	10.10403	1.03440	0	0.46729	0.52825	10.86615	1.03440	1	-0.00812	-0.00738	0.65639	0.00363	1	-0.00822	-0.00782	0.67677	0.00341	1	1.45898	0.81042	0	
1282079	8646.17676	3307261361961	0.40353	0.34704	8646.15625	0.02051	12220	1	0.52711	0.21343	0	0.42006	0.33553	1	0.42006	0.33553	1	0.46736	0.52836	10.10403	1.03440	0	0.46768	0.52827	10.35463	1.03440	1	-0.00812	-0.00738	0.65639	0.00363	1	-0.00822	-0.00782	0.67677	0.00352	1	1.45898	0.81042	0	
1282080	8646.18359	3307261428953	0.40682	0.34329	8646.15625	0.02734	12220	1	0.52711	0.21343	0	0.41994	0.32830	1	0.41994	0.32830	1	0.46736	0.52836	10.10403	1.03440	0	0.46772	0.52831	10.41271	1.04308	1	-0.00812	-0.00738	0.65639	0.00363	1	-0.00853	-0.00826	0.71532	0.00349	1	1.45898	0.81042	0	
1282081	8646.18945	3307261491611	0.40390	0.34674	8646.15625	0.03320	12220	1	0.52711	0.21343	0	0.38934	0.36398	1	0.38934	0.36398	1	0.46736	0.52836	10.10403	1.04308	0	0.46797	0.52854	10.65439	1.05176	1	-0.00812	-0.00738	0.65639	0.00363	1	-0.00853	-0.00826	0.71532	0.00331	1	1.45898	0.81042	0	
1282082	8646.19629	3307261562001	0.41977	0.35449	8646.15625	0.04004	12220	1	0.52845	0.40416	1	0.50152	0.39790	1	0.51499	0.40103	1	0.46797	0.52858	10.30527	1.05176	1	0.72962	0.54832	11.27590	1.06045	1	-0.00812	-0.00738	0.65639	0.00351	1	-0.00853	-0.00826	0.71532	0.00380	1	1.45898	0.81042	0	
1282083	8646.20312	3307261628195	0.43154	0.35867	8646.15625	0.04688	12220	1	0.52581	0.38514	1	0.50210	0.39073	1	0.51395	0.38794	1	0.46802	0.52875	10.67962	1.07755	1	0.72956	0.54844	10.93388	1.06989	1	-0.00853	-0.00826	0.71532	0.00333	1	0.05715	-0.01145	0.64984	0.00368	1	1.45898	0.81042	0	
1282084	8646.20996	3307261697168	0.43925	0.36557	8646.15625	0.05371	12220	1	0.50824	0.43211	1	0.49360	0.40939	1	0.50092	0.42075	1	0.46766	0.52904	10.63612	1.08699	1	0.72951	0.54851	11.11833	1.07065	1	-0.00853	-0.00826	0.71532	0.00349	1	0.05715	-0.01145	0.64984	0.00365	1	1.45898	0.81042	0	
1282085	8646.21680	3307261762358	0.44641	0.37192	8646.15625	0.06055	12220	1	0.52203	0.39871	1	0.49961	0.45933	1	0.51082	0.42902	1	0.46792	0.52869	10.65636	1.08775	1	0.72959	0.54903	11.36488	1.07141	1	-0.00853	-0.00826	0.71532	0.00352	1	0.05715	-0.01145	0.64984	0.00364	1	1.45898	0.81042	0	
1282086	8646.22363	3307261830601	0.45228	0.37764	8646.15625	0.06738	12220	1	0.52290	0.40469	1	0.49912	0.46511	1	0.51101	0.43490	1	0.46804	0.52829	10.63876	1.07943	1	0.72991	0.54896	11.88950	1.06309	1	-0.00801	-0.00781	0.67614	0.00351	1	0.05715	-0.01145	0.64984	0.00360	1	1.45898	0.81042	0	
1282087	8646.23047	3307261895115	0.45797	0.38440	8646.15625	0.07422	12220	1	0.53461	0.41206	1	0.50636	0.50533	1	0.52049	0.45869	1	0.46807	0.52833	10.69454	1.05400	1	0.72971	0.54945	12.12887	1.05400	1	-0.00801	-0.00781	0.67614	0.00348	1	0.05715	-0.01145	0.64984	0.00373	1	1.45898	0.81042	0	
1282088	8646.23633	3307261961952	0.46305	0.38741	8646.15625	0.08008	12220	1	0.53182	0.39638	1	0.51633	0.45083	1	0.52407	0.42361	1	0.46801	0.52833	10.70110	1.04492	1	0.72982	0.54875	11.55778	1.04492	1	-0.00801	-0.00781	0.67614	0.00347	1	0.05715	-0.01145	0.64984	0.00360	1	1.45898	0.81042	0	
1282089	8646.24414	3307262031738	0.46744	0.39028	8646.15625	0.08789	12220	1	0.53273	0.40319	1	0.51622	0.45186	1	0.52448	0.42753	1	0.46777	0.52812	10.19463	1.03583	1	0.73010	0.54862	11.14858	1.04349	1	-0.00801	-0.00781	0.67614	0.00359	1	0.05945	-0.01185	0.67539	0.00386	1	1.45898	0.81042	0	
1282090	8646.25000	3307262093735	0.46973	0.39470	8646.15625	0.09375	12220	1	0.51378	0.43488	1	0.48992	0.47841	1	0.50185	0.45665	1	0.46774	0.52858	9.92232	1.04349	1	0.72984	0.54901	11.44189	1.05115	1	-0.00801	-0.00781	0.67614	0.00367	1	0.05945	-0.01185	0.67539	0.00357	1	1.45898	0.81042	0	
1282091	8646.25684	3307262161052	0.49507	0.41172	8646.15625	0.09375	12220	0	0.52443	0.38805	1	0.49346	0.42836	1	0.50894	0.40820	1	0.46790	0.52832	10.66384	1.05115	1	0.72984	0.54877	11.30692	1.05881	1	-0.00801	-0.00781	0.67614	0.00352	1	0.05945	-0.01185	0.67539	0.00357	1	1.45898	0.81042	0	
1282092	8646.26367	3307262230702	0.50191	0.40712	8646.15625	0.09375	12220	0	0.52362	0.38228	1	0.49387	0.42275	1	0.50875	0.40252	1	0.46844	0.52862	11.34517	1.05881	1	0.72996	0.54913	11.60678	1.06647	1	-0.00801	-0.00781	0.67614	0.00352	1	0.05956	-0.01192	0.67659	0.00376	1	1.45898	0.81042	0	
1282093	8646.27051	3307262299770	0.50838	0.40795	8646.15625	0.09375	12220	0	0.54295	0.37462	1	0.49968	0.44461	1	0.52132	0.40962	1	0.46823	0.52815	10.87693	1.06647	1	0.72995	0.54873	11.85658	1.06647	1	-0.00801	-0.00781	0.67614	0.00362	1	0.05956	-0.01192	0.67659	0.00360	1	1.45898	0.81042	0	
1282094	8646.27734	3307262365538	0.51140	0.40669	8646.25684	0.02051	12221	1	0.53715	0.37702	1	0.50380	0.42882	1	0.52047	0.40292	1	0.46817	0.52835	11.11103	1.06647	1	0.73003	0.54873	11.58807	1.06647	1	-0.00801	-0.00781	0.67614	0.00356	1	0.05956	-0.01192	0.67659	0.00362	1	1.45898	0.81042	0	
1282095	8646.28418	3307262432578	0.51322	0.40594	8646.25684	0.02734	12221	1	0.53715	0.37702	1	0.50380	0.42882	1	0.52047	0.40292	1	0.46820	0.52845	10.94947	1.06647	1	0.73003	0.54873	11.58807	1.06647	1	-0.00798	-0.00773	0.67361	0.00365	1	0.05945	-0.01185	0.67539	0.00362	1	1.45898	0.81042	0	
1282096	8646.29102	3307262500501	0.51578	0.40608	8646.25684	0.03418	12221	1	0.53487	0.33588	1	0.52231	0.47773	1	0.52859	0.40680	1	0.46810	0.52809	10.63707	1.06647	1	0.72995	0.54920	11.94765	1.06647	1	-0.00798	-0.00773	0.67361	0.00356	1	0.05945	-0.01185	0.67539	0.00369	1	1.45898	0.81042	0	
1282097	8646.29688	3307262567702	0.51706	0.40945	8646.25684	0.04004	12221	1	0.53314	0.36327	1	0.51636	0.49606	1	0.52475	0.42967	1	0.46806	0.52813	10.49484	1.06647	1	0.72991	0.54932	10.63135	1.06647	1	-0.00798	-0.00773	0.67361	0.00368	1	0.05945	-0.01185	0.67539	0.00377	1	1.45898	0.81042	0	
1282098	8646.30371	3307262634594	0.51697	0.42028	8646.25684	0.04688	12221	1	0.53314	0.36327	0	0.51636	0.49606	1	0.51636	0.49606	1	0.46806	0.52813	10.49484	1.06647	0	0.46778	0.52801	9.99234	1.06647	1	-0.00798	-0.00773	0.67361	0.00368	1	-0.00798	-0.00773	0.67361	0.00370	1	1.45898	0.81042	0	
1282099	8646.31055	3307262701523	0.51697	0.42028	8646.25684	0.05371	12221	1	0.53314	0.36327	0	0.51636	0.49606	0	0.51636	0.49606	0	0.46806	0.52813	10.49484	1.06647	0	0.46778	0.52801	9.99234	1.06647	0	-0.00798	-0.00773	0.67361	0.00368	1	-0.00798	-0.00773	0.67361	0.00370	1	1.45898	0.81042	0	
1282100	8646.31738	3307262768626	0.51697	0.42028	8646.25684	0.06055	12221	1	0.53314	0.36327	0	0.51636	0.49606	0	0.51636	0.49606	0	0.46806	0.52813	10.49484	1.06647	0	0.46778	0.52801	9.99234	1.06647	0	-0.00798	-0.00773	0.67361	0.00368	1	-0.00798	-0.00773	0.67361	0.00370	1	1.45898	0.81042	0	
1282101	8646.32422	3307262835886	0.51697	0.42028	8646.25684	0.06738	12221	1	0.53314	0.36327	0	0.51636	0.49606	0	0.51636	0.49606	0	0.46806	0.52813	10.49484	1.06647	0	0.46778	0.52801	9.99234	1.06647	0	-0.00798	-0.00773	0.67361	0.00368	1	-0.00798	-0.00773	0.67361	0.00370	1	1.45898	0.81042	0	
1282102	8646.33105	3307262902266	0.52010	0.42150	8646.25684	0.06738	12221	0	0.53314	0.36327	0	0.51636	0.49606	0	0.51636	0.49606	0	0.46806	0.52813	10.49484	1.06647	0	0.46778	0.52801	9.99234	1.06647	0	-0.00798	-0.00773	0.67361	0.00368	1	-0.00798	-0.00773	0.67361	0.00370	1	1.45898	0.81042	0	
1282103	8646.33691	3307262968763	0.52010	0.42150	8646.25684	0.06738	12221	0	0.53314	0.36327	0	0.51636	0.49606	0	0.51636	0.49606	0	0.46806	0.52813	10.49484	1.06647	0	0.46778	0.52801	9.99234	1.06647	0	-0.00798	-0.00773	0.67361	0.00368	1	-0.00798	-0.00773	0.67361	0.00370	1	1.45898	0.81042	0	
1282104	8646.34375	3307263035968	0.52010	0.42150	8646.25684	0.06738	12221	0	0.53314	0.36327	0	0.51636	0.49606	0	0.51636	0.49606	0	0.46806	0.52813	10.49484	1.06647	0	0.46778	0.52801	9.99234	1.06647	0	-0.00798	-0.00773	0.67361	0.00368	1	-0.00798	-0.00773	0.67361	0.00370	1	1.45898	0.81042	0	
1282105	8646.35059	3307263103594	0.00000	0.00000	8646.25684	0.06738	12221	0	0.53314	0.36327	0	0.51636	0.49606	0	0.51636	0.49606	0	0.46806	0.52813	10.49484	1.06647	0	0.46778	0.52801	9.99234	1.06647	0	-0.00798	-0.00773	0.67361	0.00368	1	-0.00798	-0.00773	0.67361	0.00370	1	1.45898	0.81042	0	
1282106	8646.35742	3307263170372	0.00000	0.00000	8646.25684	0.06738	12221	0	0.53314	0.36327	0	0.51636	0.49606	0	0.51636	0.49606	0	0.46806	0.52813	10.49484	1.06647	0	0.46778	0.52801	9.99234	1.06647	0	-0.00798	-0.00773	0.67361	0.00368	1	-0.00798	-0.00773	0.67361	0.00370	1	1.45898	0.81042	0	
1282107	8646.36426	3307263237340	0.00000	0.00000	8646.25684	0.06738	12221	0	0.53314	0.36327	0	0.51636	0.49606	0	0.51636	0.49606	0	0.46806	0.52813	10.49484	1.06647	0	0.46778	0.52801	9.99234	1.06647	0	-0.00798	-0.00773	0.67361	0.00368	1	-0.00798	-0.00773	0.67361	0.00370	1	1.45898	0.81042	0	
1282108	8646.37109	3307263304431	0.00000	0.00000	8646.25684	0.06738	12221	0	0.53314	0.36327	0	0.51636	0.49606	0	0.51636	0.49606	0	0.46806	0.52813	10.49484	1.06647	0	0.46778	0.52801	9.99234	1.06647	0	-0.00798	-0.00773	0.67361	0.00368	1	-0.00798	-0.00773	0.67361	0.00370	1	1.45898	0.81042	0	
1282109	8646.37793	3307263371275	0.00000	0.00000	8646.25684	0.06738	12221	0	0.53314	0.36327	0	0.51636	0.49606	0	0.51636	0.49606	0	0.46806	0.52813	10.49484	1.06647	0	0.46778	0.52801	9.99234	1.06647	0	-0.00798	-0.00773	0.67361	0.00368	1	-0.00798	-0.00773	0.67361	0.00370	1	1.45898	0.81042	0	
1282110	8646.38477	3307263438284	0.00000	0.00000	8646.25684	0.06738	12221	0	0.53314	0.36327	0	0.51636	0.49606	0	0.51636	0.49606	0	0.46806	0.52813	10.49484	1.06647	0	0.46778	0.52801	9.99234	1.06647	0	-0.00798	-0.00773	0.67361	0.00368	1	-0.00798	-0.00773	0.67361	0.00370	1	1.45898	0.81042	0	
1282111	8646.39062	3307263505563	0.00000	0.00000	8646.25684	0.06738	12221	0	0.53314	0.36327	0	0.51636	0.49606	0	0.51636	0.49606	0	0.46806	0.52813	10.49484	1.06647	0	0.46778	0.52801	9.99234	1.06647	0	-0.00798	-0.00773	0.67361	0.00368	1	-0.00798	-0.00773	0.67361	0.00370	1	1.45898	0.81042	0	
1282112	8646.39746	3307263572446	0.00000	0.00000	8646.25684	0.06738	12221	0	0.53314	0.36327	0	0.51636	0.49606	0	0.51636	0.49606	0	0.46806	0.52813	10.49484	1.06647	0	0.46778	0.52801	9.99234	1.06647	0	-0.00798	-0.00773	0.67361	0.00368	1	-0.00798	-0.00773	0.67361	0.00370	1	1.45898	0.81042	0	
1282113	8646.40430	3307263639303	0.25818	0.24803	8646.25684	0.06738	12221	0	0.53314	0.36327	0	0.51636	0.49606	1	0.51636	0.49606	1	0.46783	0.52763	10.49002	1.06647	0	0.46783	0.52763	10.49002	1.06647	1	-0.00798	-0.00773	0.67361	0.00368	1	-0.00803	-0.00762	0.67762	0.00356	1	1.45898	0.81042	0	
1282114	8646.41113	3307263706134	0.45031	0.43562	8646.25684	0.06738	12221	0	0.53314	0.36327	0	0.38426	0.37517	1	0.38426	0.37517	1	0.46783	0.52763	10.49002	1.06647	0	0.46792	0.52774	10.96831	1.06647	1	-0.00798	-0.00773	0.67361	0.00368	1	-0.00803	-0.00762	0.67762	0.00352	1	1.45898	0.81042	0	
1282115	8646.41797	3307263773527	0.42382	0.40636	8646.25684	0.06738	12221	0	0.53314	0.36327	0	0.39734	0.37711	1	0.39734	0.37711	1	0.46783	0.52763	10.49002	1.06647	0	0.46817	0.52755	11.28207	1.06647	1	-0.00798	-0.00773	0.67361	0.00368	1	-0.00803	-0.00762	0.67762	0.00354	1	1.45898	0.81042	0	
1282116	8646.42480	3307263840359	0.41500	0.39661	8646.25684	0.06738	12221	0	0.53314	0.36327	0	0.39734	0.37711	1	0.39734	0.37711	1	0.46783	0.52763	10.49002	1.06647	0	0.72991	0.54779	12.03685	1.06647	1	-0.00798	-0.00773	0.67361	0.00368	1	0.05945	-0.01165	0.67539	0.00396	1	1.45898	0.81042	0	
1282117	8646.43164	3307263907187	0.39734	0.37711	8646.25684	0.06738	12221	0	0.53314	0.36327	0	0.39734	0.37711	0	0.39734	0.37711	0	0.46783	0.52763	10.49002	1.06647	0	0.72991	0.54779	12.03685	1.06647	0	-0.00798	-0.00773	0.67361	0.00368	1	0.05945	-0.01165	0.67539	0.00396	1	1.45898	0.81042	0	
1282118	8646.43750	3307263973966	0.39734	0.37711	8646.25684	0.06738	12221	0	0.53314	0.36327	0	0.39734	0.37711	0	0.39734	0.37711	0	0.46783	0.52763	10.49002	1.06647	0	0.72991	0.54779	12.03685	1.06647	0	-0.00798	-0.00773	0.67361	0.00368	1	0.05945	-0.01165	0.67539	0.00396	1	1.45898	0.81042	0	
1282119	8646.44434	3307264041416	0.39734	0.37711	8646.25684	0.06738	12221	0	0.53314	0.36327	0	0.39734	0.37711	0	0.39734	0.37711	0	0.46783	0.52763	10.49002	1.06647	0	0.72991	0.54779	12.03685	1.06647	0	-0.00798	-0.00773	0.67361	0.00368	1	0.05945	-0.01165	0.67539	0.00396	1	1.45898	0.81042	0	
1282120	8646.45117	3307264106835	0.00000	0.00000	8646.25684	0.06738	12221	0	0.53314	0.36327	0	0.39734	0.37711	0	0.39734	0.37711	0	0.46783	0.52763	10.49002	1.06647	0	0.72991	0.54779	12.03685	1.06647	0	-0.00798	-0.00773	0.67361	0.00368	1	0.05945	-0.01165	0.67539	0.00396	1	1.45898	0.81042	0	
1282121	8646.45801	3307264175278	0.00000	0.00000	8646.25684	0.06738	12221	0	0.53314	0.36327	0	0.39734	0.37711	0	0.39734	0.37711	0	0.46783	0.52763	10.49002	1.06647	0	0.72991	0.54779	12.03685	1.06647	0	-0.00798	-0.00773	0.67361	0.00368	1	0.05945	-0.01165	0.67539	0.00396	1	1.45898	0.81042	0	
1282122	8646.46484	3307264241627	0.00000	0.00000	8646.25684	0.06738	12221	0	0.53314	0.36327	0	0.39734	0.37711	0	0.39734	0.37711	0	0.46783	0.52763	10.49002	1.06647	0	0.72991	0.54779	12.03685	1.06647	0	-0.00798	-0.00773	0.67361	0.00368	1	0.05945	-0.01165	0.67539	0.00396	1	1.45898	0.81042	0	
1282123	8646.47168	3307264309070	0.00000	0.00000	8646.25684	0.06738	12221	0	0.53314	0.36327	0	0.39734	0.37711	0	0.39734	0.37711	0	0.46783	0.52763	10.49002	1.06647	0	0.72991	0.54779	12.03685	1.06647	0	-0.00798	-0.00773	0.67361	0.00368	1	0.05945	-0.01165	0.67539	0.00396	1	1.45898	0.81042	0	
1282124	8646.47852	3307264376174	0.00000	0.00000	8646.25684	0.06738	12221	0	0.53314	0.36327	0	0.39734	0.37711	0	0.39734	0.37711	0	0.46783	0.52763	10.49002	1.06647	0	0.72991	0.54779	12.03685	1.06647	0	-0.00798	-0.00773	0.67361	0.00368	1	0.05945	-0.01165	0.67539	0.00396	1	1.45898	0.81042	0	
1282125	8646.48438	3307264443135	0.00000	0.00000	8646.25684	0.06738	12221	0	0.53314	0.36327	0	0.39734	0.37711	0	0.39734	0.37711	0	0.46783	0.52763	10.49002	1.06647	0	0.72991	0.54779	12.03685	1.06647	0	-0.00798	-0.00773	0.67361	0.00368	1	0.05945	-0.01165	0.67539	0.00396	1	1.45898	0.81042	0	
1282126	8646.49121	3307264510325	0.51737	0.38701	8646.25684	0.06738	12221	0	0.53172	0.37220	1	0.50302	0.40181	1	0.51737	0.38701	1	0.46802	0.52719	10.77148	1.06647	1	0.72961	0.54680	11.08476	1.06647	1	-0.00798	-0.00773	0.67361	0.00360	1	0.05945	-0.01165	0.67539	0.00402	1	1.45898	0.81042	0	
1282127	8646.49805	3307264577036	0.51249	0.40465	8646.25684	0.06738	12221	0	0.52775	0.39066	1	0.48747	0.45395	1	0.50761	0.42230	1	0.46802	0.52748	10.63805	1.06647	1	0.72935	0.54759	11.38567	1.06647	1	-0.00798	-0.00773	0.67361	0.00344	1	0.05945	-0.01165	0.67539	0.00375	1	1.45898	0.81042	0	
1282128	8646.50488	3307264643845	0.51078	0.40835	8646.25684	0.06738	12221	0	0.52683	0.38394	1	0.48791	0.44757	1	0.50737	0.41575	1	0.46819	0.52761	11.00344	1.07556	1	0.72954	0.54718	10.79438	1.07556	1	-0.00844	-0.00780	0.70772	0.00341	1	0.06017	-0.01166	0.68466	0.00381	1	1.45898	0.81042	0	
1282129	8646.51172	3307264711457	0.51185	0.40742	8646.49121	0.02051	12222	1	0.53765	0.38478	1	0.49247	0.42443	1	0.51506	0.40461	1	0.46819	0.52761	11.00344	1.08464	1	0.72941	0.54734	11.04596	1.08464	1	-0.00844	-0.00780	0.70772	0.00342	1	0.06017	-0.01166	0.68466	0.00379	1	1.45898	0.81042	0	
1282130	8646.51855	3307264778106	0.51158	0.41302	8646.49121	0.02734	12222	1	0.52955	0.40683	1	0.49142	0.46408	1	0.51048	0.43545	1	0.46805	0.52771	11.29959	1.09373	1	0.72948	0.54732	10.92281	1.09373	1	-0.00844	-0.00780	0.70772	0.00339	1	0.06017	-0.01166	0.68466	0.00371	1	1.45898	0.81042	0	
1282131	8646.52441	3307264843642	0.51140	0.41676	8646.49121	0.03320	12222	1	0.52955	0.40683	1	0.49142	0.46408	1	0.51048	0.43545	1	0.46783	0.52757	10.79637	1.09373	1	0.72981	0.54710	11.47309	1.09373	1	-0.00798	-0.00743	0.67361	0.00348	1	0.06017	-0.01166	0.68466	0.00380	1	1.45898	0.81042	0	
1282132	8646.53125	3307264911166	0.51198	0.41434	8646.49121	0.04004	12222	1	0.51810	0.35961	1	0.51279	0.43994	1	0.51545	0.39978	1	0.46783	0.52749	11.08019	1.08464	1	0.72981	0.54701	11.69267	1.08464	1	-0.00798	-0.00743	0.67361	0.00343	1	0.06017	-0.01166	0.68466	0.00389	1	1.45898	0.81042	0	
1282133	8646.53809	3307264979279	0.51293	0.41498	8646.49121	0.04688	12222	1	0.52244	0.39966	1	0.51682	0.43924	1	0.51963	0.41945	1	0.46789	0.52758	11.19798	1.07556	1	0.72982	0.54702	11.43885	1.07556	1	-0.00798	-0.00743	0.67361	0.00342	1	0.06017	-0.01166	0.68466	0.00386	1	1.45898	0.81042	0	
1282134	8646.54492	3307265046989	0.51369	0.41620	8646.49121	0.05371	12222	1	0.52340	0.40625	1	0.51615	0.44571	1	0.51977	0.42598	1	0.46786	0.52741	11.04286	1.06647	1	0.72960	0.54681	12.02118	1.06647	1	-0.00798	-0.00743	0.67361	0.00350	1	0.06017	-0.01166	0.68466	0.00395	1	1.45898	0.81042	0	
1282135	8646.55176	3307265112872	0.51295	0.41604	8646.49121	0.06055	12222	1	0.52743	0.36455	1	0.48508	0.46459	1	0.50626	0.41457	1	0.46801	0.52731	10.82275	1.06647	1	0.72938	0.54727	11.58389	1.06647	1	-0.00798	-0.00743	0.67361	0.00350	1	0.06017	-0.01166	0.68466	0.00382	1	1.45898	0.81042	0	
1282136	8646.55859	3307265178561	0.51216	0.41780	8646.49121	0.06738	12222	1	0.52340	0.40625	1	0.48508	0.46459	1	0.50424	0.43542	1	0.46789	0.52758	11.19798	1.06647	1	0.72938	0.54727	11.58389	1.06647	1	-0.00798	-0.00743	0.67361	0.00343	1	0.06017	-0.01166	0.68466	0.00382	1	1.45898	0.81042	0	
1282137	8646.56543	3307265245164	0.51148	0.41949	8646.49121	0.07422	12222	1	0.52340	0.40625	1	0.48473	0.46988	1	0.50406	0.43807	1	0.46829	0.52733	11.30109	1.06647	1	0.72965	0.54716	11.98733	1.05881	1	-0.00798	-0.00743	0.67361	0.00349	1	0.05715	-0.01106	0.64984	0.00385	1	1.45898	0.81042	0	
1282138	8646.57129	3307265312626	0.51183	0.42025	8646.49121	0.08008	12222	1	0.55258	0.38145	1	0.47952	0.47745	1	0.51605	0.42945	1	0.46831	0.52761	11.37408	1.05881	1	0.72968	0.54713	12.24074	1.05115	1	-0.00798	-0.00743	0.67361	0.00349	1	0.05715	-0.01106	0.64984	0.00375	1	1.45898	0.81042	0	
1282139	8646.57812	3307265381266	0.51254	0.42108	8646.49121	0.08691	12222	1	0.54294	0.38852	1	0.50051	0.47524	1	0.52172	0.43188	1	0.46818	0.52746	11.21047	1.05115	1	0.72961	0.54697	11.82441	1.04349	1	-0.00798	-0.00743	0.67361	0.00357	1	0.05715	-0.01106	0.64984	0.00384	1	1.45898	0.81042	0	
1282140	8646.58496	3307265448732	0.51318	0.42200	8646.49121	0.09375	12222	1	0.54364	0.39427	1	0.50051	0.47524	1	0.52207	0.43476	1	0.46816	0.52754	11.27887	1.04349	1	0.72950	0.54692	11.99987	1.04349	1	-0.00798	-0.00743	0.67361	0.00347	1	0.05945	-0.01145	0.67539	0.00389	1	1.45898	0.81042	0	
1282141	8646.59180	3307265515348	0.51352	0.42408	8646.49121	0.10059	12222	1	0.55746	0.39224	1	0.48000	0.51849	1	0.51873	0.45537	1	0.46842	0.52724	11.23240	1.04349	1	0.73002	0.54764	12.11038	1.05115	1	-0.00798	-0.00743	0.67361	0.00354	1	0.05945	-0.01145	0.67539	0.00392	1	1.45898	0.81042	0	
1282142	8646.59863	3307265580200	0.51274	0.42374	8646.49121	0.10742	12222	1	0.54516	0.34696	1	0.45526	0.48967	1	0.50021	0.41831	1	0.46830	0.52686	11.20909	1.05115	1	0.72967	0.54748	12.40939	1.05881	1	-0.00798	-0.00743	0.67361	0.00351	1	0.05945	-0.01145	0.67539	0.00381	1	1.45898	0.81042	0	
1282143	8646.60449	3307265643868	0.51203	0.42313	8646.49121	0.11328	12222	1	0.54449	0.34090	1	0.45540	0.48453	1	0.49994	0.41271	1	0.46835	0.52655	10.87338	1.05881	1	0.72990	0.54756	11.99908	1.06647	1	-0.00801	-0.00740	0.67613	0.00372	1	0.05945	-0.01145	0.67539	0.00377	1	1.45898	0.81042	0	
1282144	8646.61133	3307265711865	0.51211	0.42356	8646.49121	0.12012	12222	1	0.54839	0.37612	1	0.47862	0.48644	1	0.51350	0.43128	1	0.46831	0.52703	11.26027	1.06647	1	0.73004	0.54733	11.97713	1.06647	1	-0.00801	-0.00740	0.67613	0.00351	1	0.05945	-0.01145	0.67539	0.00387	1	1.45898	0.81042	0	
1282145	8646.61914	3307265781785	0.51216	0.42156	8646.49121	0.12793	12222	1	0.53296	0.30193	1	0.49335	0.46537	1	0.51316	0.38365	1	0.46815	0.52649	10.58200	1.06647	1	0.73023	0.54717	11.37710	1.06647	1	-0.00801	-0.00740	0.67613	0.00375	1	0.05945	-0.01145	0.67539	0.00388	1	1.45898	0.81042	0	
1282146	8646.62500	3307265847875	0.51221	0.41976	8646.49121	0.13379	12222	1	0.53296	0.30193	1	0.49335	0.46537	1	0.51316	0.38365	1	0.46833	0.52691	10.85323	1.06647	1	0.73021	0.54716	11.49490	1.06647	1	-0.00798	-0.00747	0.68200	0.00356	1	0.05956	-0.01152	0.67659	0.00385	1	1.45898	0.81042	0	
1282147	8646.63184	3307265913808	0.51189	0.41901	8646.49121	0.14062	12222	1	0.52137	0.34964	1	0.48902	0.45699	1	0.50519	0.40332	1	0.46829	0.52694	10.86193	1.06647	1	0.73021	0.54707	11.34615	1.06647	1	-0.00798	-0.00747	0.68200	0.00357	1	0.05956	-0.01152	0.67659	0.00389	1	1.45898	0.81042	0	
1282148	8646.63867	3307265984481	0.51116	0.41850	8646.49121	0.14746	12222	1	0.50677	0.33092	1	0.48341	0.48369	1	0.49509	0.40731	1	0.46818	0.52704	11.10757	1.06647	1	0.73011	0.54735	11.90734	1.06647	1	-0.00798	-0.00747	0.68200	0.00354	1	0.05956	-0.01152	0.67659	0.00383	1	1.45898	0.81042	0	
1282149	8646.64551	3307266050911	0.51047	0.41776	8646.49121	0.15430	12222	1	0.50569	0.32368	1	0.48381	0.47757	1	0.49475	0.40062	1	0.46825	0.52739	11.40600	1.07556	1	0.73010	0.54753	12.01319	1.07556	1	-0.00816	-0.00769	0.70198	0.00351	1	0.05965	-0.01152	0.67646	0.00377	1	1.45898	0.81042	0	
1282150	8646.65234	3307266118283	0.51022	0.41542	8646.49121	0.16113	12222	1	0.50912	0.33063	1	0.49898	0.38791	1	0.50405	0.35927	1	0.46852	0.52711	11.01248	1.08464	1	0.73029	0.54709	11.05527	1.08464	1	-0.00816	-0.00769	0.70198	0.00356	1	0.05965	-0.01152	0.67646	0.00380	1	1.45898	0.81042	0	
1282151	8646.65918	3307266184603	0.51040	0.41509	8646.49121	0.16797	12222	1	0.51536	0.36433	1	0.51464	0.44949	1	0.51500	0.40691	1	0.46862	0.52738	10.60382	1.09373	1	0.73058	0.54767	12.08601	1.09373	1	-0.00816	-0.00769	0.70198	0.00353	1	0.05965	-0.01152	0.67646	0.00371	1	1.45898	0.81042	0	
1282152	8646.66602	3307266251522	0.51057	0.41479	8646.49121	0.17480	12222	1	0.51536	0.36433	1	0.51464	0.44949	1	0.51500	0.40691	1	0.46884	0.52755	10.82938	1.09373	1	0.73057	0.54721	11.66870	1.09373	1	-0.00783	-0.00752	0.67781	0.00350	1	0.06074	-0.01171	0.68764	0.00378	1	1.45898	0.81042	0	
1282153	8646.67188	3307266317211	0.51053	0.41539	8646.49121	0.18066	12222	1	0.50547	0.40665	1	0.51317	0.45680	1	0.50932	0.43172	1	0.46847	0.52752	10.98847	1.08464	1	0.73063	0.54752	11.78942	1.08464	1	-0.00783	-0.00752	0.67781	0.00352	1	0.06074	-0.01171	0.68764	0.00377	1	1.45898	0.81042	0	
1282154	8646.67871	3307266384474	0.51029	0.41518	8646.49121	0.18750	12222	1	0.51876	0.38103	1	0.48877	0.43753	1	0.50376	0.40928	1	0.46861	0.52721	10.95216	1.07556	1	0.73058	0.54741	11.58297	1.07556	1	-0.00783	-0.00752	0.67781	0.00346	1	0.06074	-0.01171	0.68764	0.00383	1	1.45898	0.81042	0	
1282155	8646.68555	3307266452173	0.51008	0.41520	8646.49121	0.19434	12222	1	0.51974	0.38778	1	0.48833	0.44400	1	0.50403	0.41589	1	0.46861	0.52750	10.54635	1.06647	1	0.73079	0.54689	11.73499	1.06647	1	-0.00779	-0.00754	0.67499	0.00350	1	0.05978	-0.01157	0.67679	0.00430	1	1.45898	0.81042	0	
1282156	8646.69238	3307266519571	0.50995	0.41512	8646.49121	0.20117	12222	1	0.52937	0.39084	1	0.48258	0.43433	1	0.50597	0.41258	1	0.46879	0.52741	10.79620	1.06647	1	0.73048	0.54787	12.04159	1.06647	1	-0.00779	-0.00754	0.67499	0.00342	1	0.05978	-0.01157	0.67679	0.00389	1	1.45898	0.81042	0	
1282157	8646.69922	3307266586754	0.51003	0.41383	8646.49121	0.20801	12222	1	0.54572	0.36526	1	0.47904	0.38241	1	0.51238	0.37384	1	0.46907	0.52738	11.10403	1.06647	1	0.73078	0.54701	11.73719	1.06647	1	-0.00779	-0.00754	0.67499	0.00340	1	0.05978	-0.01157	0.67679	0.00419	1	1.45898	0.81042	0	
1282158	8646.70605	3307266653140	0.51010	0.41262	8646.49121	0.21484	12222	1	0.54572	0.36526	1	0.47904	0.38241	1	0.51238	0.37384	1	0.46899	0.52750	11.39753	1.06647	1	0.73095	0.54755	11.33033	1.06647	1	-0.00783	-0.00763	0.67781	0.00342	1	0.05978	-0.01157	0.67679	0.00402	1	1.45898	0.81042	0	
1282159	8646.71289	3307266719680	0.51012	0.41238	8646.49121	0.22168	12222	1	0.53857	0.36597	1	0.48332	0.44287	1	0.51095	0.40442	1	0.46896	0.52738	11.33612	1.06647	1	0.73091	0.54747	11.35695	1.06647	1	-0.00783	-0.00763	0.67781	0.00348	1	0.05978	-0.01157	0.67679	0.00390	1	1.45898	0.81042	0	
1282160	8646.71875	3307266785224	0.51003	0.41147	8646.49121	0.22754	12222	1	0.54960	0.33009	1	0.46409	0.43115	1	0.50685	0.38062	1	0.46911	0.52696	11.09815	1.06647	1	0.73058	0.54778	12.11157	1.06647	1	-0.00783	-0.00763	0.67781	0.00345	1	0.05978	-0.01157	0.67679	0.00385	1	1.45898	0.81042	0	
1282161	8646.72559	3307266854723	0.50994	0.41061	8646.49121	0.23438	12222	1	0.54960	0.33009	1	0.46409	0.43115	1	0.50685	0.38062	1	0.46906	0.52722	11.14995	1.06647	1	0.73082	0.54782	11.66990	1.06647	1	-0.00783	-0.00767	0.68674	0.00344	1	0.05978	-0.01157	0.67679	0.00397	1	1.45898	0.81042	0	
1282162	8646.73242	3307266923044	0.50963	0.40989	8646.49121	0.24121	12222	1	0.52414	0.34043	1	0.47277	0.42755	1	0.49846	0.38399	1	0.46906	0.52719	11.65874	1.06647	1	0.73073	0.54783	12.01284	1.06647	1	-0.00783	-0.00767	0.68674	0.00330	1	0.05978	-0.01157	0.67679	0.00378	1	1.45898	0.81042	0	
1282163	8646.73926	3307266988652	0.50935	0.40966	8646.49121	0.24805	12222	1	0.51121	0.37188	1	0.48676	0.43051	1	0.49899	0.40119	1	0.46928	0.52709	11.49186	1.06647	1	0.73093	0.54772	11.72976	1.06647	1	-0.00783	-0.00767	0.68674	0.00337	1	0.05978	-0.01157	0.67679	0.00390	1	1.45898	0.81042	0	
1282164	8646.74609	3307267055069	0.50908	0.40927	8646.49121	0.25488	12222	1	0.51016	0.36499	1	0.48719	0.42394	1	0.49868	0.39446	1	0.46931	0.52737	10.91705	1.07556	1	0.73129	0.54767	11.58344	1.07556	1	-0.00795	-0.00790	0.70195	0.00346	1	0.06061	-0.01182	0.68507	0.00370	1	1.45898	0.81042	0	
1282165	8646.75293	3307267122371	0.50918	0.40928	8646.49121	0.26172	12222	1	0.52991	0.39644	1	0.49626	0.42230	1	0.51309	0.40937	1	0.46953	0.52746	11.04957	1.08464	1	0.73105	0.54758	11.02071	1.08464	1	-0.00795	-0.00790	0.70195	0.00344	1	0.06061	-0.01182	0.68507	0.00380	1	1.45898	0.81042	0	
1282166	8646.75977	3307267188277	0.50884	0.40903	8646.49121	0.26855	12222	1	0.49939	0.39119	1	0.49154	0.40741	1	0.49547	0.39930	1	0.46918	0.52758	10.44825	1.09373	1	0.73094	0.54769	11.18279	1.09373	1	-0.00795	-0.00790	0.70195	0.00352	1	0.06061	-0.01182	0.68507	0.00387	1	1.45898	0.81042	0	
1282167	8646.76660	3307267256539	0.50851	0.40871	8646.49121	0.27539	12222	1	0.49828	0.38463	1	0.49162	0.40637	1	0.49495	0.39550	1	0.46939	0.52753	10.31483	1.10281	1	0.73100	0.54785	11.56368	1.09515	1	-0.00795	-0.00790	0.70195	0.00344	1	0.05879	-0.01150	0.66388	0.00369	1	1.45898	0.81042	0	
1282168	8646.77246	3307267323534	0.50855	0.40721	8646.49121	0.28125	12222	1	0.51765	0.31627	1	0.50248	0.37180	1	0.51006	0.34403	1	0.46943	0.52695	10.34702	1.09515	1	0.73115	0.54743	11.15191	1.08749	1	-0.00795	-0.00790	0.70195	0.00370	1	0.05879	-0.01150	0.66388	0.00374	1	1.45898	0.81042	0	
1282169	8646.77930	3307267390240	0.50863	0.40692	8646.49121	0.28809	12222	1	0.51405	0.37209	1	0.51058	0.41697	1	0.51232	0.39453	1	0.46937	0.52764	10.28006	1.08749	1	0.73132	0.54768	11.48581	1.07983	1	-0.00795	-0.00790	0.70195	0.00345	1	0.05879	-0.01150	0.66388	0.00394	1	1.45898	0.81042	0	
1282170	8646.78613	3307267457257	0.50872	0.40677	8646.49121	0.29492	12222	1	0.51490	0.37778	1	0.51006	0.42256	1	0.51248	0.40017	1	0.46932	0.52681	10.36817	1.07983	1	0.73143	0.54789	11.87086	1.07218	1	-0.00795	-0.00790	0.70195	0.00380	1	0.05879	-0.01150	0.66388	0.00397	1	1.45898	0.81042	0	
1282171	8646.79297	3307267524829	0.50912	0.40641	8646.49121	0.30176	12222	1	0.53582	0.35520	1	0.51824	0.42495	1	0.52703	0.39007	1	0.46970	0.52706	11.11989	1.07218	1	0.73145	0.54760	11.80027	1.07218	1	-0.00795	-0.00790	0.70195	0.00362	1	0.05879	-0.01150	0.66388	0.00410	1	1.45898	0.81042	0	
1282172	8646.79980	3307267591052	0.50924	0.40535	8646.49121	0.30859	12222	1	0.53185	0.29959	1	0.49781	0.41427	1	0.51483	0.35693	1	0.46970	0.52704	10.91886	1.07218	1	0.73110	0.54813	11.18676	1.07218	1	-0.00795	-0.00790	0.70195	0.00378	1	0.05879	-0.01150	0.66388	0.00392	1	1.45898	0.81042	0	
1282173	8646.80566	3307267654956	0.50936	0.40449	8646.49121	0.31445	12222	1	0.53273	0.30705	1	0.49729	0.42096	1	0.51501	0.36400	1	0.46956	0.52732	10.68158	1.06309	1	0.73112	0.54846	11.29578	1.06309	1	-0.00774	-0.00774	0.68823	0.00367	1	0.05879	-0.01150	0.66388	0.00392	1	1.45898	0.81042	0	
1282174	8646.81250	3307267723107	0.50926	0.40470	8646.49121	0.32129	12222	1	0.52822	0.32471	1	0.49672	0.46927	1	0.51247	0.39699	1	0.46958	0.52721	11.15902	1.05400	1	0.73112	0.54846	11.29578	1.05400	1	-0.00774	-0.00774	0.68823	0.00350	1	0.05879	-0.01150	0.66388	0.00392	1	1.45898	0.81042	0	
1282175	8646.81934	3307267792489	0.50943	0.40384	8646.49121	0.32812	12222	1	0.52657	0.32325	1	0.50549	0.43893	1	0.51603	0.38109	1	0.46956	0.52710	10.85646	1.04492	1	0.73136	0.54819	11.77058	1.04492	1	-0.00774	-0.00774	0.68823	0.00363	1	0.05879	-0.01150	0.66388	0.00392	1	1.45898	0.81042	0	
1282176	8646.82617	3307267859574	0.50962	0.40327	8646.49121	0.33496	12222	1	0.52752	0.33069	1	0.50490	0.44559	1	0.51621	0.38814	1	0.46976	0.52726	11.05179	1.03583	1	0.73137	0.54809	12.22715	1.03583	1	-0.00774	-0.00774	0.68823	0.00359	1	0.05879	-0.01150	0.66388	0.00390	1	1.45898	0.81042	0	
1282177	8646.83301	3307267924701	0.50978	0.40361	8646.49121	0.34180	12222	1	0.53818	0.38278	1	0.50752	0.45917	1	0.52285	0.42097	1	0.46977	0.52761	11.42085	1.03583	1	0.73134	0.54834	12.22908	1.03583	1	-0.00774	-0.00774	0.68823	0.00340	1	0.05879	-0.01150	0.66388	0.00388	1	1.45898	0.81042	0	
1282178	8646.83984	3307267993995	0.51014	0.40247	8646.49121	0.34863	12222	1	0.54484	0.32066	1	0.51073	0.44136	1	0.52778	0.38101	1	0.46991	0.52740	11.37808	1.03583	1	0.73138	0.54805	12.01720	1.03583	1	-0.00774	-0.00774	0.68823	0.00347	1	0.05879	-0.01150	0.66388	0.00396	1	1.45898	0.81042	0	
1282179	8646.84668	3307268060830	0.51050	0.40134	8646.49121	0.35547	12222	1	0.54484	0.32066	1	0.51073	0.44136	1	0.52778	0.38101	1	0.46988	0.52775	11.51423	1.03583	1	0.73137	0.54839	12.16719	1.03583	1	-0.00774	-0.00774	0.68823	0.00345	1	0.05879	-0.01150	0.66388	0.00392	1	1.45898	0.81042	0	
1282180	8646.85352	3307268126974	0.51052	0.40187	8646.49121	0.36230	12222	1	0.54542	0.37161	1	0.48738	0.47898	1	0.51640	0.42529	1	0.46983	0.52786	11.17348	1.03583	1	0.73139	0.54837	12.04158	1.03583	1	-0.00774	-0.00774	0.68823	0.00362	1	0.05879	-0.01150	0.66388	0.00394	1	1.45898	0.81042	0	
1282181	8646.86035	3307268193907	0.51072	0.40218	8646.49121	0.36914	12222	1	0.54103	0.39586	1	0.51718	0.47293	1	0.52911	0.43439	1	0.46973	0.52769	11.46194	1.03583	1	0.73148	0.54856	12.42700	1.03583	1	-0.00774	-0.00774	0.68823	0.00341	1	0.05879	-0.01150	0.66388	0.00384	1	1.45898	0.81042	0	
1282182	8646.86621	3307268260894	0.51092	0.40230	8646.49121	0.37500	12222	1	0.54103	0.39586	1	0.51778	0.46752	1	0.52940	0.43169	1	0.46962	0.52757	11.09507	1.03583	1	0.73137	0.54882	12.04403	1.04349	1	-0.00774	-0.00774	0.68823	0.00374	1	0.06047	-0.01187	0.68232	0.00383	1	1.45898	0.81042	0	
1282183	8646.87305	3307268328062	0.51106	0.40255	8646.49121	0.38184	12222	1	0.53566	0.36284	1	0.49026	0.49000	1	0.51296	0.42642	1	0.46965	0.52743	10.88584	1.04349	1	0.73138	0.54883	12.07841	1.05115	1	-0.00774	-0.00774	0.68823	0.00364	1	0.06047	-0.01187	0.68232	0.00382	1	1.45898	0.81042	0	
1282184	8646.87988	3307268393544	0.51134	0.40255	8646.49121	0.38867	12222	1	0.54435	0.40369	1	0.49149	0.46701	1	0.51792	0.43535	1	0.46982	0.52793	11.40113	1.05115	1	0.73152	0.54856	11.84612	1.05881	1	-0.00774	-0.00774	0.68823	0.00374	1	0.06047	-0.01187	0.68232	0.00392	1	1.45898	0.81042	0	
1282185	8646.88672	3307268462612	0.51163	0.40237	8646.49121	0.39551	12222	1	0.54367	0.39804	1	0.49189	0.46168	1	0.51778	0.42986	1	0.46986	0.52762	10.94530	1.05881	1	0.73154	0.54876	12.05961	1.06647	1	-0.00774	-0.00774	0.68823	0.00378	1	0.06047	-0.01182	0.68232	0.00381	1	1.45898	0.81042	0	
1282186	8646.89355	3307268530762	0.51176	0.40160	8646.49121	0.40234	12222	1	0.53959	0.33749	1	0.50503	0.44699	1	0.52231	0.39224	1	0.46978	0.52793	11.21394	1.06647	1	0.73162	0.54893	12.24572	1.06647	1	-0.00774	-0.00774	0.68823	0.00366	1	0.06047	-0.01182	0.68232	0.00379	1	1.45898	0.81042	0	
1282187	8646.90039	3307268596051	0.51153	0.40118	8646.49121	0.40918	12222	1	0.54170	0.38235	1	0.47959	0.44067	1	0.51064	0.41151	1	0.46976	0.52789	11.17683	1.06647	1	0.73156	0.54881	12.25751	1.06647	1	-0.00774	-0.00774	0.68823	0.00365	1	0.06047	-0.01182	0.68232	0.00384	1	1.45898	0.81042	0	
1282188	8646.90723	3307268662865	0.51129	0.40069	8646.49121	0.41602	12222	1	0.54170	0.38235	1	0.47959	0.44067	1	0.51064	0.41151	1	0.46970	0.52798	11.17231	1.06647	1	0.73157	0.54776	11.74125	1.06647	1	-0.00757	-0.00767	0.68204	0.00363	1	0.06047	-0.01187	0.68232	0.00433	1	1.45898	0.81042	0	
1282189	8646.91309	3307268729827	0.51105	0.39821	8646.49121	0.42188	12222	1	0.53295	0.33634	1	0.48128	0.33588	1	0.50711	0.33611	1	0.46965	0.52792	11.12059	1.06647	1	0.73157	0.54764	11.77614	1.06647	1	-0.00757	-0.00767	0.68204	0.00373	1	0.06047	-0.01187	0.68232	0.00437	1	1.45898	0.81042	0	
1282190	8646.91992	3307268797025	0.51091	0.39811	8646.49121	0.42871	12222	1	0.52022	0.40608	1	0.46679	0.42099	1	0.49351	0.41354	1	0.46987	0.52817	11.61548	1.06647	1	0.73140	0.54865	12.33553	1.06647	1	-0.00757	-0.00767	0.68204	0.00365	1	0.06047	-0.01187	0.68232	0.00389	1	1.45898	0.81042	0	
1282191	8646.92676	3307268862528	0.51077	0.39812	8646.49121	0.43555	12222	1	0.52022	0.40608	1	0.46679	0.42099	1	0.49351	0.41354	1	0.46971	0.52843	11.59240	1.06647	1	0.73120	0.54905	12.36806	1.06647	1	-0.00745	-0.00760	0.67107	0.00361	1	0.06047	-0.01192	0.68232	0.00379	1	1.45898	0.81042	0	
1282192	8646.93359	3307268929755	0.51038	0.39838	8646.49121	0.44238	12222	1	0.52050	0.40489	1	0.46900	0.48255	1	0.49475	0.44372	1	0.46978	0.52815	11.46783	1.06647	1	0.73148	0.54885	12.37465	1.06647	1	-0.00745	-0.00760	0.67107	0.00365	1	0.06047	-0.01192	0.68232	0.00369	1	1.45898	0.81042	0	
1282193	8646.94043	3307268998654	0.51017	0.39961	8646.49121	0.44922	12222	1	0.52531	0.44939	1	0.48052	0.43601	1	0.50291	0.44270	1	0.46981	0.52845	11.64579	1.06647	1	0.73160	0.54880	12.04176	1.06647	1	-0.00745	-0.00760	0.67107	0.00352	1	0.06047	-0.01192	0.68232	0.00367	1	1.45898	0.81042	0	
1282194	8646.94727	3307269064870	0.50995	0.40077	8646.49121	0.45605	12222	1	0.52436	0.44317	1	0.48058	0.43498	1	0.50247	0.43908	1	0.47040	0.52749	10.71428	1.07556	1	0.73162	0.54824	12.00279	1.06790	1	-0.00778	-0.00794	0.70620	0.00390	1	0.05831	-0.01154	0.65739	0.00403	1	1.45898	0.81042	0	
1282195	8646.95410	3307269133054	0.50980	0.39958	8646.49121	0.46289	12222	1	0.52360	0.28703	1	0.47270	0.40538	1	0.49815	0.34620	1	0.47030	0.52737	11.52352	1.07698	1	0.73145	0.54844	11.85614	1.06932	1	-0.00778	-0.00794	0.70620	0.00375	1	0.05831	-0.01154	0.65739	0.00400	1	1.45898	0.81042	0	
1282196	8646.96094	3307269199668	0.50993	0.39828	8646.49121	0.46973	12222	1	0.52506	0.29664	1	0.47754	0.39299	1	0.50130	0.34482	1	0.47038	0.52749	10.73833	1.07841	1	0.73155	0.54842	11.90442	1.07075	1	-0.00778	-0.00794	0.70620	0.00374	1	0.05831	-0.01154	0.65739	0.00398	1	1.45898	0.81042	0	
1282197	8646.96680	3307269266813	0.51007	0.39703	8646.49121	0.47559	12222	1	0.52492	0.29547	1	0.47790	0.38613	1	0.50141	0.34080	1	0.47062	0.52739	11.08247	1.07983	1	0.73208	0.54813	12.04881	1.07983	1	-0.00778	-0.00794	0.70620	0.00359	1	0.06037	-0.01193	0.67998	0.00391	1	1.45898	0.81042	0	
1282198	8646.97363	3307269332664	0.51061	0.39746	8646.49121	0.48242	12222	1	0.53677	0.36067	1	0.52286	0.39935	1	0.52981	0.38001	1	0.47058	0.52770	11.50547	1.07983	1	0.73222	0.54842	12.16131	1.08749	1	-0.00778	-0.00794	0.70620	0.00339	1	0.06037	-0.01193	0.67998	0.00384	1	1.45898	0.81042	0	
1282199	8646.98047	3307269399913	0.51088	0.39480	8646.49121	0.48926	12222	1	0.53225	0.26502	1	0.52361	0.29284	1	0.52793	0.27893	1	0.47054	0.52737	11.31588	1.08749	1	0.73224	0.54745	12.04896	1.09515	1	-0.00778	-0.00794	0.70620	0.00352	1	0.06037	-0.01193	0.67998	0.00406	1	1.45898	0.81042	0	
1282200	8646.98730	3307269467265	0.51114	0.39215	8646.49121	0.49609	12222	1	0.53239	0.26622	1	0.52350	0.29403	1	0.52794	0.28012	1	0.47035	0.52751	10.96378	1.08607	1	0.73240	0.54758	11.87233	1.09373	1	-0.00744	-0.00764	0.67930	0.00386	1	0.06038	-0.01192	0.67899	0.00436	1	1.45898	0.81042	0	
1282201	8646.99414	3307269532155	0.51138	0.39062	8646.49121	0.50293	12222	1	0.53584	0.36383	1	0.50506	0.35244	1	0.52045	0.35814	1	0.47046	0.52792	11.40460	1.08464	1	0.73233	0.54815	11.78392	1.08464	1	-0.00744	-0.00764	0.67930	0.00368	1	0.06038	-0.01192	0.67899	0.00413	1	1.45898	0.81042	0	
1282202	8647.00000	3307269597772	0.51130	0.39050	8646.49121	0.50879	12222	1	0.52991	0.37853	1	0.47055	0.42887	1	0.50023	0.40370	1	0.47034	0.52764	10.88020	1.07556	1	0.73224	0.54872	12.22965	1.07556	1	-0.00744	-0.00764	0.67930	0.00380	1	0.06038	-0.01192	0.67899	0.00381	1	1.45898	0.81042	0	
1282203	8647.00684	3307269663130	0.51123	0.39039	8646.49121	0.51562	12222	1	0.53081	0.38530	1	0.47025	0.43540	1	0.50053	0.41035	1	0.47055	0.52734	11.17036	1.06647	1	0.73218	0.54894	12.50831	1.06647	1	-0.00733	-0.00764	0.67906	0.00374	1	0.06038	-0.01192	0.67899	0.00377	1	1.45898	0.81042	0	
1282204	8647.01367	3307269734847	0.51107	0.39036	8646.49121	0.52246	12222	1	0.52190	0.35998	1	0.47493	0.46261	1	0.49841	0.41129	1	0.47057	0.52759	11.23286	1.06647	1	0.73228	0.54904	12.48595	1.06647	1	-0.00733	-0.00764	0.67906	0.00369	1	0.06038	-0.01192	0.67899	0.00372	1	1.45898	0.81042	0	
1282205	8647.02051	3307269798602	0.50873	0.36546	8646.49121	0.52246	12222	0	0.51901	0.35601	1	0.47319	0.42820	1	0.49610	0.39210	1	0.47064	0.52743	11.45170	1.06647	1	0.73226	0.54869	12.27008	1.06647	1	-0.00733	-0.00764	0.67906	0.00374	1	0.06038	-0.01192	0.67899	0.00392	1	1.45898	0.81042	0	
1282206	8647.02637	3307269862068	0.50225	0.37538	8646.49121	0.52246	12222	0	0.51803	0.34899	1	0.47351	0.42161	1	0.49577	0.38530	1	0.47060	0.52741	11.39836	1.07556	1	0.73222	0.54860	12.43857	1.07556	1	-0.00759	-0.00796	0.70758	0.00375	1	0.06070	-0.01193	0.68260	0.00384	1	1.45898	0.81042	0	
1282207	8647.03320	3307269931948	0.50294	0.36532	8646.49121	0.52246	12222	0	0.53216	0.31763	1	0.47648	0.37276	1	0.50432	0.34519	1	0.47087	0.52738	11.56318	1.08464	1	0.73226	0.54832	12.26629	1.08464	1	-0.00759	-0.00796	0.70758	0.00374	1	0.06070	-0.01193	0.68260	0.00403	1	1.45898	0.81042	0	
1282208	8647.04004	3307269999770	0.50103	0.36073	8647.02051	0.01953	12223	1	0.51141	0.36194	1	0.47920	0.33198	1	0.49531	0.34696	1	0.47054	0.52794	11.36399	1.09373	1	0.73233	0.54790	11.72225	1.09373	1	-0.00759	-0.00796	0.70758	0.00365	1	0.06070	-0.01193	0.68260	0.00414	1	1.45898	0.81042	0	
1282209	8647.04688	3307270068030	0.49985	0.35858	8647.02051	0.02637	12223	1	0.51141	0.36194	1	0.47890	0.33807	1	0.49515	0.35000	1	0.47132	0.52775	11.16787	1.09373	1	0.73242	0.54830	11.75166	1.08607	1	-0.00730	-0.00771	0.68572	0.00364	1	0.05853	-0.01154	0.65766	0.00401	1	1.45898	0.81042	0	
1282210	8647.05371	3307270134257	0.50109	0.35492	8647.02051	0.03320	12223	1	0.53299	0.28890	1	0.48152	0.38437	1	0.50725	0.33663	1	0.47128	0.52758	11.43778	1.07698	1	0.73233	0.54823	11.96727	1.06932	1	-0.00730	-0.00771	0.68572	0.00358	1	0.05853	-0.01154	0.65766	0.00403	1	1.45898	0.81042	0	
1282211	8647.06055	3307270199227	0.50020	0.35547	8647.02051	0.04004	12223	1	0.50849	0.31915	1	0.48122	0.39840	1	0.49486	0.35877	1	0.47091	0.52750	11.91742	1.06024	1	0.73241	0.54821	11.71299	1.05258	1	-0.00730	-0.00771	0.68572	0.00370	1	0.05853	-0.01154	0.65766	0.00402	1	1.45898	0.81042	0	
1282212	8647.06738	3307270264341	0.49963	0.35717	8647.02051	0.04688	12223	1	0.51047	0.33276	1	0.48083	0.40533	1	0.49565	0.36905	1	0.47106	0.52790	11.94859	1.04349	1	0.73269	0.54835	11.34979	1.04349	1	-0.00730	-0.00771	0.68572	0.00361	1	0.06070	-0.01196	0.68143	0.00389	1	1.45898	0.81042	0	
1282213	8647.07422	3307270334999	0.50321	0.35969	8647.02051	0.05371	12223	1	0.54388	0.34739	1	0.51984	0.41232	1	0.53186	0.37986	1	0.47140	0.52770	10.95364	1.04349	1	0.73304	0.54839	12.13326	1.05115	1	-0.00730	-0.00771	0.68572	0.00384	1	0.06070	-0.01196	0.68143	0.00390	1	1.45898	0.81042	0	
1282214	8647.08105	3307270402527	0.50632	0.35823	8647.02051	0.06055	12223	1	0.55263	0.32114	1	0.51590	0.36897	1	0.53427	0.34505	1	0.47155	0.52758	11.06660	1.05115	1	0.73292	0.54796	11.58991	1.05881	1	-0.00730	-0.00771	0.68572	0.00392	1	0.06070	-0.01196	0.68143	0.00396	1	1.45898	0.81042	0	
1282215	8647.08691	3307270467092	0.50885	0.35647	8647.02051	0.06641	12223	1	0.55200	0.31489	1	0.51647	0.36292	1	0.53424	0.33890	1	0.47145	0.52797	11.30560	1.05881	1	0.73264	0.54809	11.27527	1.06647	1	-0.00730	-0.00771	0.68572	0.00363	1	0.06138	-0.01214	0.68908	0.00386	1	1.45898	0.81042	0	
1282216	8647.09375	3307270535665	0.51027	0.35962	8647.02051	0.07324	12223	1	0.54460	0.34429	1	0.50705	0.44414	1	0.52582	0.39421	1	0.47136	0.52816	11.39201	1.06647	1	0.73287	0.54881	12.53491	1.06647	1	-0.00730	-0.00771	0.68572	0.00363	1	0.06138	-0.01214	0.68908	0.00392	1	1.45898	0.81042	0	
1282217	8647.10059	3307270602161	0.51129	0.35862	8647.02051	0.08008	12223	1	0.52576	0.34033	1	0.52135	0.35294	1	0.52355	0.34663	1	0.47114	0.52803	11.45765	1.06647	1	0.73305	0.54792	11.73256	1.06647	1	-0.00730	-0.00771	0.68572	0.00360	1	0.06138	-0.01214	0.68908	0.00405	1	1.45898	0.81042	0	
1282218	8647.10742	3307270669748	0.51214	0.35747	8647.02051	0.08691	12223	1	0.52483	0.33317	1	0.52146	0.35180	1	0.52314	0.34249	1	0.47107	0.52779	10.81732	1.07556	1	0.73313	0.54804	11.92586	1.06790	1	-0.00748	-0.00796	0.70713	0.00371	1	0.05917	-0.01170	0.66372	0.00401	1	1.45898	0.81042	0	
1282219	8647.11426	3307270737119	0.51324	0.35828	8647.02051	0.09375	12223	1	0.53443	0.34456	1	0.52306	0.39484	1	0.52875	0.36970	1	0.47128	0.52797	11.13786	1.07698	1	0.73309	0.54826	11.98834	1.06932	1	-0.00748	-0.00796	0.70713	0.00367	1	0.05917	-0.01170	0.66372	0.00409	1	1.45898	0.81042	0	
1282220	8647.12109	3307270802727	0.51432	0.35958	8647.02051	0.10059	12223	1	0.53572	0.33435	1	0.52518	0.42375	1	0.53045	0.37905	1	0.47124	0.52807	11.41126	1.07841	1	0.73313	0.54893	12.29486	1.07075	1	-0.00748	-0.00796	0.70713	0.00357	1	0.05917	-0.01170	0.66372	0.00385	1	1.45898	0.81042	0	
1282221	8647.12793	3307270871636	0.51529	0.36090	8647.02051	0.10742	12223	1	0.53644	0.34035	1	0.52518	0.42375	1	0.53081	0.38205	1	0.47116	0.52771	11.22967	1.07075	1	0.73313	0.54852	12.11855	1.07075	1	-0.00719	-0.00771	0.68506	0.00373	1	0.06049	-0.01195	0.67789	0.00403	1	1.45898	0.81042	0	
1282222	8647.13477	3307270940618	0.51405	0.36471	8647.02051	0.11426	12223	1	0.51131	0.39551	1	0.47478	0.46359	1	0.49305	0.42955	1	0.47119	0.52794	11.32210	1.06166	1	0.73314	0.54912	12.36402	1.06932	1	-0.00719	-0.00771	0.68506	0.00380	1	0.06049	-0.01195	0.67789	0.00373	1	1.45898	0.81042	0	
1282223	8647.14160	3307271007372	0.51234	0.36479	8647.02051	0.12109	12223	1	0.48255	0.33310	1	0.48059	0.39916	1	0.48157	0.36613	1	0.47117	0.52772	11.25058	1.06024	1	0.73318	0.54838	11.89274	1.06790	1	-0.00719	-0.00771	0.68506	0.00374	1	0.06049	-0.01195	0.67789	0.00417	1	1.45898	0.81042	0	
1282224	8647.14746	3307271074251	0.51083	0.36522	8647.02051	0.12695	12223	1	0.48386	0.34066	1	0.48019	0.40626	1	0.48203	0.37346	1	0.47125	0.52806	11.17815	1.05079	1	0.73307	0.54837	11.85620	1.05845	1	-0.00691	-0.00746	0.66303	0.00373	1	0.06045	-0.01189	0.67749	0.00394	1	1.45898	0.81042	0	
1282225	8647.15430	3307271141269	0.50983	0.36565	8647.02051	0.13379	12223	1	0.50933	0.36878	1	0.47059	0.37948	1	0.48996	0.37413	1	0.47159	0.52793	11.38089	1.05044	1	0.73300	0.54808	11.99963	1.05044	1	-0.00691	-0.00746	0.66303	0.00365	1	0.06045	-0.01189	0.67749	0.00422	1	1.45898	0.81042	0	
1282226	8647.16113	3307271208282	0.50781	0.36774	8647.02051	0.14062	12223	1	0.50933	0.36878	0	0.46529	0.41172	1	0.46529	0.41172	1	0.47159	0.52793	11.38089	1.04242	0	0.73292	0.54837	12.17400	1.04242	1	-0.00691	-0.00746	0.66303	0.00365	1	0.06045	-0.01189	0.67749	0.00402	1	1.45898	0.81042	0	
1282227	8647.16797	3307271275441	0.50781	0.36774	8647.02051	0.14746	12223	1	0.50933	0.36878	0	0.46529	0.41172	0	0.46529	0.41172	0	0.47159	0.52793	11.38089	1.03440	0	0.73292	0.54837	12.17400	1.03440	0	-0.00691	-0.00746	0.66303	0.00365	1	0.06045	-0.01189	0.67749	0.00402	1	1.45898	0.81042	0	
1282228	8647.17480	3307271341295	0.50781	0.36774	8647.02051	0.15430	12223	1	0.50933	0.36878	0	0.46529	0.41172	0	0.46529	0.41172	0	0.47159	0.52793	11.38089	1.03440	0	0.73292	0.54837	12.17400	1.03440	0	-0.00691	-0.00746	0.66303	0.00365	1	0.06045	-0.01189	0.67749	0.00402	1	1.45898	0.81042	0	
1282229	8647.18164	3307271409083	0.50781	0.36774	8647.02051	0.16113	12223	1	0.50933	0.36878	0	0.46529	0.41172	0	0.46529	0.41172	0	0.47159	0.52793	11.38089	1.03440	0	0.73292	0.54837	12.17400	1.03440	0	-0.00691	-0.00746	0.66303	0.00365	1	0.06045	-0.01189	0.67749	0.00402	1	1.45898	0.81042	0	
1282230	8647.18848	3307271476216	0.50905	0.37567	8647.02051	0.16113	12223	0	0.50933	0.36878	0	0.46529	0.41172	0	0.46529	0.41172	0	0.47159	0.52793	11.38089	1.03440	0	0.73292	0.54837	12.17400	1.03440	0	-0.00691	-0.00746	0.66303	0.00365	1	0.06045	-0.01189	0.67749	0.00402	1	1.45898	0.81042	0	
1282231	8647.19531	3307271543886	0.50905	0.37567	8647.02051	0.16113	12223	0	0.50933	0.36878	0	0.46529	0.41172	0	0.46529	0.41172	0	0.47159	0.52793	11.38089	1.03440	0	0.73292	0.54837	12.17400	1.03440	0	-0.00691	-0.00746	0.66303	0.00365	1	0.06045	-0.01189	0.67749	0.00402	1	1.45898	0.81042	0	
1282232	8647.20117	3307271607512	0.50905	0.37567	8647.02051	0.16113	12223	0	0.50933	0.36878	0	0.46529	0.41172	0	0.46529	0.41172	0	0.47159	0.52793	11.38089	1.03440	0	0.73292	0.54837	12.17400	1.03440	0	-0.00691	-0.00746	0.66303	0.00365	1	0.06045	-0.01189	0.67749	0.00402	1	1.45898	0.81042	0	
1282233	8647.20801	3307271675275	0.00000	0.00000	8647.02051	0.16113	12223	0	0.50933	0.36878	0	0.46529	0.41172	0	0.46529	0.41172	0	0.47159	0.52793	11.38089	1.03440	0	0.73292	0.54837	12.17400	1.03440	0	-0.00691	-0.00746	0.66303	0.00365	1	0.06045	-0.01189	0.67749	0.00402	1	1.45898	0.81042	0	
1282234	8647.21484	3307271743915	0.00000	0.00000	8647.02051	0.16113	12223	0	0.50933	0.36878	0	0.46529	0.41172	0	0.46529	0.41172	0	0.47159	0.52793	11.38089	1.03440	0	0.73292	0.54837	12.17400	1.03440	0	-0.00691	-0.00746	0.66303	0.00365	1	0.06045	-0.01189	0.67749	0.00402	1	1.45898	0.81042	0	
1282235	8647.22168	3307271811346	0.00000	0.00000	8647.02051	0.16113	12223	0	0.50933	0.36878	0	0.46529	0.41172	0	0.46529	0.41172	0	0.47159	0.52793	11.38089	1.03440	0	0.73292	0.54837	12.17400	1.03440	0	-0.00691	-0.00746	0.66303	0.00365	1	0.06045	-0.01189	0.67749	0.00402	1	1.45898	0.81042	0	
1282236	8647.22852	3307271877701	0.48727	0.38930	8647.02051	0.16113	12223	0	0.50921	0.36795	1	0.46533	0.41064	1	0.48727	0.38930	1	0.47286	0.52726	10.98364	1.05151	1	0.73440	0.54905	12.28817	1.04385	1	-0.00707	-0.00797	0.70882	0.00390	1	0.05981	-0.01175	0.66638	0.00383	1	1.45898	0.81042	0	
1282237	8647.23535	3307271944798	0.50414	0.40625	8647.02051	0.16113	12223	0	0.53030	0.39115	1	0.51172	0.45524	1	0.52101	0.42320	1	0.47273	0.52774	11.21675	1.06095	1	0.73448	0.54934	12.09996	1.05329	1	-0.00707	-0.00797	0.70882	0.00395	1	0.05981	-0.01175	0.66638	0.00399	1	1.45898	0.81042	0	
1282238	8647.24121	3307272011885	0.49872	0.40456	8647.02051	0.16113	12223	0	0.50511	0.35373	1	0.47063	0.44866	1	0.48787	0.40119	1	0.47271	0.52752	10.95056	1.07039	1	0.73456	0.54946	12.27808	1.06273	1	-0.00707	-0.00797	0.70882	0.00403	1	0.05981	-0.01175	0.66638	0.00397	1	1.45898	0.81042	0	
1282239	8647.24805	3307272078854	0.49603	0.40297	8647.22852	0.01953	12224	1	0.50507	0.35345	1	0.47090	0.44298	1	0.48798	0.39821	1	0.47303	0.52772	11.45003	1.07075	1	0.73477	0.54967	12.40091	1.07075	1	-0.00664	-0.00766	0.68106	0.00364	1	0.05910	-0.01160	0.65795	0.00386	1	1.45898	0.81042	0	
1282240	8647.25488	3307272146184	0.49146	0.40600	8647.22852	0.02637	12224	1	0.48594	0.37710	1	0.46037	0.45911	1	0.47316	0.41810	1	0.47282	0.52770	11.08835	1.06166	1	0.73449	0.54947	12.16510	1.06932	1	-0.00664	-0.00766	0.68106	0.00369	1	0.05910	-0.01160	0.65795	0.00393	1	1.45898	0.81042	0	
1282241	8647.26172	3307272213647	0.49260	0.39714	8647.22852	0.03320	12224	1	0.53730	0.32884	1	0.45930	0.37685	1	0.49830	0.35285	1	0.47368	0.52757	11.24206	1.06024	1	0.73443	0.54915	12.21568	1.06790	1	-0.00664	-0.00766	0.68106	0.00370	1	0.05910	-0.01160	0.65795	0.00405	1	1.45898	0.81042	0	
1282242	8647.26855	3307272279995	0.49343	0.39050	8647.22852	0.04004	12224	1	0.53744	0.32998	1	0.45946	0.37126	1	0.49845	0.35062	1	0.47381	0.52732	11.19495	1.05881	1	0.73451	0.54954	12.60794	1.07515	1	-0.00664	-0.00766	0.68106	0.00368	1	0.06330	-0.01241	0.70411	0.00380	1	1.45898	0.81042	0	
1282243	8647.27441	3307272343695	0.49524	0.38858	8647.22852	0.04590	12224	1	0.54286	0.33133	1	0.47298	0.41903	1	0.50792	0.37518	1	0.47370	0.52734	11.06073	1.07515	1	0.73457	0.54970	12.45012	1.08383	1	-0.00664	-0.00766	0.68106	0.00379	1	0.06330	-0.01241	0.70411	0.00383	1	1.45898	0.81042	0	
1282244	8647.28125	3307272409983	0.49792	0.38705	8647.22852	0.05273	12224	1	0.54615	0.37121	1	0.49248	0.37845	1	0.51931	0.37483	1	0.47371	0.52789	11.11274	1.08383	1	0.73483	0.54929	12.48768	1.09251	1	-0.00664	-0.00766	0.68106	0.00366	1	0.06330	-0.01241	0.70411	0.00366	1	1.45898	0.81042	0	
1282245	8647.28906	3307272481127	0.50000	0.38580	8647.22852	0.06055	12224	1	0.54541	0.36474	1	0.49209	0.38423	1	0.51875	0.37448	1	0.47367	0.52801	11.87150	1.09251	1	0.73523	0.54969	12.21132	1.08485	1	-0.00653	-0.00765	0.68013	0.00355	1	0.06038	-0.01187	0.67053	0.00376	1	1.45898	0.81042	0	
1282246	8647.29492	3307272543972	0.50309	0.38949	8647.22852	0.06641	12224	1	0.54621	0.39231	1	0.52179	0.46050	1	0.53400	0.42640	1	0.47367	0.52805	11.51867	1.08485	1	0.73540	0.54991	12.27145	1.06851	1	-0.00653	-0.00765	0.68013	0.00366	1	0.06038	-0.01187	0.67053	0.00383	1	1.45898	0.81042	0	
1282247	8647.30176	3307272614694	0.50431	0.39122	8647.22852	0.07324	12224	1	0.51748	0.38423	1	0.51796	0.43640	1	0.51772	0.41031	1	0.47368	0.52778	11.42181	1.06851	1	0.73528	0.54975	12.41945	1.05217	1	-0.00653	-0.00765	0.68013	0.00370	1	0.06038	-0.01187	0.67053	0.00382	1	1.45898	0.81042	0	
1282248	8647.30859	3307272681716	0.50539	0.39340	8647.22852	0.08008	12224	1	0.51927	0.39640	1	0.51730	0.44274	1	0.51829	0.41957	1	0.47366	0.52761	11.33279	1.05217	1	0.73535	0.54963	12.57750	1.04349	1	-0.00653	-0.00765	0.68013	0.00397	1	0.06078	-0.01199	0.67441	0.00383	1	1.45898	0.81042	0	
1282249	8647.31543	3307272749001	0.50352	0.39647	8647.22852	0.08691	12224	1	0.49156	0.43038	1	0.46699	0.44218	1	0.47928	0.43628	1	0.47365	0.52795	11.21001	1.04349	1	0.73533	0.54991	12.23397	1.05115	1	-0.00653	-0.00765	0.68013	0.00374	1	0.06078	-0.01199	0.67441	0.00376	1	1.45898	0.81042	0	
1282250	8647.32227	3307272815932	0.50289	0.39742	8647.22852	0.09375	12224	1	0.51328	0.38768	1	0.47484	0.43393	1	0.49406	0.41080	1	0.47393	0.52766	11.65541	1.05115	1	0.73548	0.54986	12.34785	1.05881	1	-0.00653	-0.00765	0.68013	0.00393	1	0.06078	-0.01199	0.67441	0.00379	1	1.45898	0.81042	0	
1282251	8647.32910	3307272882841	0.50232	0.39790	8647.22852	0.10059	12224	1	0.51240	0.38190	1	0.47512	0.42838	1	0.49376	0.40514	1	0.47438	0.52778	11.45324	1.05881	1	0.73543	0.54983	12.17798	1.06647	1	-0.00646	-0.00769	0.68384	0.00367	1	0.06078	-0.01199	0.67441	0.00370	1	1.45898	0.81042	0	
1282252	8647.33594	3307272949964	0.50265	0.39414	8647.22852	0.10742	12224	1	0.53515	0.33970	1	0.48076	0.32799	1	0.50796	0.33385	1	0.47442	0.52753	11.35418	1.06647	1	0.73548	0.54864	11.91659	1.06647	1	-0.00646	-0.00769	0.68384	0.00367	1	0.06078	-0.01199	0.67441	0.00420	1	1.45898	0.81042	0	
1282253	8647.34180	3307273016624	0.50268	0.39325	8647.22852	0.11328	12224	1	0.54006	0.32994	1	0.46623	0.42628	1	0.50314	0.37811	1	0.47446	0.52743	11.32041	1.06647	1	0.73533	0.54973	12.55357	1.06647	1	-0.00646	-0.00769	0.68384	0.00360	1	0.06078	-0.01199	0.67441	0.00374	1	1.45898	0.81042	0	
1282254	8647.34863	3307273083295	0.50270	0.39245	8647.22852	0.12012	12224	1	0.54006	0.32994	1	0.46623	0.42628	1	0.50314	0.37811	1	0.47446	0.52748	11.88046	1.06647	1	0.73522	0.54995	12.33602	1.06647	1	-0.00646	-0.00769	0.68384	0.00360	1	0.06180	-0.01212	0.68455	0.00374	1	1.45898	0.81042	0	
1282255	8647.35547	3307273150591	0.50267	0.39268	8647.22852	0.12695	12224	1	0.53922	0.33940	1	0.46476	0.45469	1	0.50199	0.39704	1	0.47446	0.52748	11.88046	1.06647	1	0.73526	0.54987	12.06605	1.06647	1	-0.00646	-0.00769	0.68384	0.00360	1	0.06180	-0.01212	0.68455	0.00376	1	1.45898	0.81042	0	
1282256	8647.36230	3307273218280	0.50304	0.39372	8647.22852	0.13379	12224	1	0.53554	0.40123	1	0.48541	0.42787	1	0.51048	0.41455	1	0.47431	0.52780	11.64868	1.06647	1	0.73559	0.54970	11.71652	1.06647	1	-0.00646	-0.00769	0.68384	0.00337	1	0.06180	-0.01212	0.68455	0.00367	1	1.45898	0.81042	0	
1282257	8647.36914	3307273284730	0.50337	0.39479	8647.22852	0.14062	12224	1	0.53554	0.40123	1	0.48506	0.43343	1	0.51030	0.41733	1	0.47433	0.52746	11.22490	1.06647	1	0.73612	0.54884	11.98202	1.05881	1	-0.00640	-0.00774	0.68795	0.00351	1	0.05993	-0.01179	0.66330	0.00405	1	1.45898	0.81042	0	
1282258	8647.37598	3307273351444	0.50462	0.39422	8647.22852	0.14746	12224	1	0.54079	0.35579	1	0.52358	0.40742	1	0.53219	0.38160	1	0.47440	0.52744	11.06380	1.05881	1	0.73620	0.54931	12.11917	1.05115	1	-0.00640	-0.00774	0.68795	0.00378	1	0.05993	-0.01179	0.66330	0.00371	1	1.45898	0.81042	0	
1282259	8647.38281	3307273418836	0.50487	0.39360	8647.22852	0.15430	12224	1	0.50493	0.30706	1	0.51614	0.45168	1	0.51053	0.37937	1	0.47430	0.52700	10.93476	1.05115	1	0.73611	0.54967	12.27443	1.04349	1	-0.00640	-0.00774	0.68795	0.00374	1	0.05993	-0.01179	0.66330	0.00375	1	1.45898	0.81042	0	
1282260	8647.38867	3307273485185	0.50511	0.39316	8647.22852	0.16016	12224	1	0.50586	0.31343	1	0.51614	0.45168	1	0.51100	0.38256	1	0.47456	0.52724	11.38869	1.04349	1	0.73610	0.54986	12.65426	1.04349	1	-0.00640	-0.00774	0.68795	0.00354	1	0.06005	-0.01185	0.66408	0.00390	1	1.45898	0.81042	0	
1282261	8647.39551	3307273549619	0.50520	0.39297	8647.22852	0.16699	12224	1	0.51515	0.33910	1	0.49967	0.43737	1	0.50741	0.38824	1	0.47452	0.52699	11.49447	1.04349	1	0.73624	0.54966	12.27727	1.05115	1	-0.00640	-0.00774	0.68795	0.00338	1	0.06005	-0.01185	0.66408	0.00399	1	1.45898	0.81042	0	
1282262	8647.40234	3307273616983	0.50509	0.39306	8647.22852	0.17383	12224	1	0.52533	0.35207	1	0.47909	0.43873	1	0.50221	0.39540	1	0.47462	0.52731	11.11807	1.05115	1	0.73623	0.54971	12.23764	1.05881	1	-0.00640	-0.00774	0.68795	0.00369	1	0.06005	-0.01185	0.66408	0.00399	1	1.45898	0.81042	0	
1282263	8647.40918	3307273683715	0.50499	0.39315	8647.22852	0.18066	12224	1	0.52536	0.35236	1	0.47908	0.43899	1	0.50222	0.39567	1	0.47488	0.52701	11.60166	1.05079	1	0.73594	0.54945	12.33966	1.05845	1	-0.00595	-0.00726	0.64538	0.00378	1	0.06005	-0.01185	0.66408	0.00395	1	1.45898	0.81042	0	
1282264	8647.41602	3307273751032	0.50429	0.39269	8647.22852	0.18750	12224	1	0.51447	0.33833	1	0.45523	0.42112	1	0.48485	0.37972	1	0.47485	0.52731	11.70404	1.05044	1	0.73588	0.54952	12.18828	1.05044	1	-0.00595	-0.00726	0.64538	0.00363	1	0.06005	-0.01185	0.66408	0.00395	1	1.45898	0.81042	0	
1282265	8647.42285	3307273821015	0.50405	0.39202	8647.22852	0.19434	12224	1	0.53513	0.33363	1	0.45872	0.41149	1	0.49692	0.37256	1	0.47506	0.52724	11.75732	1.04242	1	0.73596	0.54929	12.14170	1.04242	1	-0.00595	-0.00726	0.64538	0.00370	1	0.06005	-0.01185	0.66408	0.00426	1	1.45898	0.81042	0	
1282266	8647.42871	3307273884677	0.50382	0.39139	8647.22852	0.20020	12224	1	0.53513	0.33363	1	0.45872	0.41149	1	0.49692	0.37256	1	0.47531	0.52759	11.19192	1.04242	1	0.73600	0.54977	12.20994	1.04242	1	-0.00630	-0.00779	0.68827	0.00353	1	0.06005	-0.01190	0.66408	0.00394	1	1.45898	0.81042	0	
1282267	8647.43555	3307273954249	0.50403	0.39156	8647.22852	0.20703	12224	1	0.55681	0.35070	1	0.46453	0.44282	1	0.51067	0.39676	1	0.47540	0.52762	11.06964	1.05044	1	0.73607	0.54975	12.32342	1.05044	1	-0.00630	-0.00779	0.68827	0.00366	1	0.06005	-0.01190	0.66408	0.00397	1	1.45898	0.81042	0	
1282268	8647.44238	3307274022192	0.50427	0.39219	8647.22852	0.21387	12224	1	0.55416	0.38147	1	0.46932	0.44318	1	0.51174	0.41233	1	0.47543	0.52797	11.16182	1.05845	1	0.73612	0.54988	12.23535	1.05845	1	-0.00630	-0.00779	0.68827	0.00365	1	0.06005	-0.01190	0.66408	0.00394	1	1.45898	0.81042	0	
1282269	8647.44922	3307274088282	0.50447	0.39241	8647.22852	0.22070	12224	1	0.55278	0.36860	1	0.46986	0.43093	1	0.51132	0.39977	1	0.47528	0.52789	11.09523	1.07556	1	0.73654	0.55002	11.44889	1.07556	1	-0.00641	-0.00801	0.70698	0.00364	1	0.06098	-0.01207	0.67318	0.00383	1	1.45898	0.81042	0	
1282270	8647.45605	3307274153137	0.50501	0.39124	8647.22852	0.22754	12224	1	0.55187	0.34630	1	0.49434	0.35615	1	0.52310	0.35123	1	0.47544	0.52810	11.51944	1.08464	1	0.73653	0.55020	11.45298	1.08464	1	-0.00641	-0.00801	0.70698	0.00361	1	0.06098	-0.01207	0.67318	0.00384	1	1.45898	0.81042	0	
1282271	8647.46289	3307274223199	0.50483	0.39071	8647.22852	0.23438	12224	1	0.53123	0.36788	1	0.46611	0.37650	1	0.49867	0.37219	1	0.47507	0.52781	11.14133	1.09373	1	0.73609	0.55029	12.03667	1.09373	1	-0.00641	-0.00801	0.70698	0.00384	1	0.06098	-0.01207	0.67318	0.00391	1	1.45898	0.81042	0	
1282272	8647.46973	3307274290469	0.50466	0.39021	8647.22852	0.24121	12224	1	0.53123	0.36788	1	0.46611	0.37650	1	0.49867	0.37219	1	0.47519	0.52779	11.11090	1.09373	1	0.73688	0.55029	12.13002	1.09373	1	-0.00614	-0.00773	0.68257	0.00372	1	0.06116	-0.01208	0.67413	0.00391	1	1.45898	0.81042	0	
1282273	8647.47656	3307274356704	0.50532	0.39037	8647.22852	0.24805	12224	1	0.54136	0.40632	1	0.51773	0.38618	1	0.52955	0.39625	1	0.47563	0.52819	11.86316	1.08464	1	0.73684	0.55036	12.31551	1.08464	1	-0.00614	-0.00773	0.68257	0.00363	1	0.06116	-0.01208	0.67413	0.00398	1	1.45898	0.81042	0	
1282274	8647.48242	3307274423383	0.50478	0.39058	8647.22852	0.25391	12224	1	0.50185	0.39322	1	0.46681	0.40446	1	0.48433	0.39884	1	0.47537	0.52829	11.38201	1.07556	1	0.73685	0.55041	12.33168	1.07556	1	-0.00614	-0.00773	0.68257	0.00359	1	0.06116	-0.01208	0.67413	0.00396	1	1.45898	0.81042	0	
1282275	8647.48926	3307274487169	0.50428	0.39096	8647.22852	0.26074	12224	1	0.50296	0.39988	1	0.46655	0.41119	1	0.48475	0.40553	1	0.47552	0.52850	10.97902	1.06647	1	0.73693	0.55075	12.20331	1.06647	1	-0.00602	-0.00766	0.68070	0.00366	1	0.06116	-0.01208	0.67413	0.00385	1	1.45898	0.81042	0	
1282276	8647.49609	3307274557294	0.50382	0.39150	8647.22852	0.26758	12224	1	0.50858	0.40910	1	0.46229	0.41742	1	0.48543	0.41326	1	0.47540	0.52859	11.27190	1.06647	1	0.73683	0.55055	12.38861	1.06647	1	-0.00602	-0.00766	0.68070	0.00368	1	0.06116	-0.01208	0.67413	0.00388	1	1.45898	0.81042	0	
1282277	8647.50293	3307274624315	0.50357	0.39174	8647.22852	0.27441	12224	1	0.51995	0.39034	1	0.46658	0.41318	1	0.49327	0.40176	1	0.47561	0.52840	10.82462	1.06647	1	0.73687	0.55045	12.45879	1.06647	1	-0.00602	-0.00766	0.68070	0.00364	1	0.06116	-0.01208	0.67413	0.00397	1	1.45898	0.81042	0	
1282278	8647.50977	3307274691572	0.50333	0.39198	8647.22852	0.28125	12224	1	0.51995	0.39034	1	0.46658	0.41318	1	0.49327	0.40176	1	0.47618	0.52819	11.10923	1.06647	1	0.73685	0.55049	12.39662	1.06647	1	-0.00602	-0.00766	0.68070	0.00367	1	0.06116	-0.01208	0.67413	0.00394	1	1.45898	0.81042	0	
1282279	8647.51660	3307274758215	0.50352	0.39229	8647.22852	0.28809	12224	1	0.54436	0.35476	1	0.47932	0.45686	1	0.51184	0.40581	1	0.47606	0.52801	11.44935	1.06647	1	0.73705	0.55042	12.30207	1.06647	1	-0.00602	-0.00766	0.68070	0.00370	1	0.06116	-0.01208	0.67413	0.00392	1	1.45898	0.81042	0	
1282280	8647.52344	3307274825165	0.50348	0.39293	8647.22852	0.29492	12224	1	0.53610	0.32799	1	0.46683	0.51419	1	0.50146	0.42109	1	0.47601	0.52771	11.28905	1.06647	1	0.73697	0.55059	12.25165	1.06647	1	-0.00602	-0.00766	0.68070	0.00367	1	0.06116	-0.01208	0.67413	0.00369	1	1.45898	0.81042	0	
1282281	8647.52930	3307274891963	0.50343	0.39354	8647.22852	0.30078	12224	1	0.53610	0.32799	1	0.46683	0.51419	1	0.50146	0.42109	1	0.47602	0.52769	11.62563	1.06647	1	0.73670	0.55015	12.75367	1.06647	1	-0.00602	-0.00766	0.68070	0.00378	1	0.06116	-0.01208	0.67413	0.00393	1	1.45898	0.81042	0	
1282282	8647.53613	3307274959099	0.50339	0.39427	8647.22852	0.30762	12224	1	0.53398	0.38746	1	0.46868	0.46746	1	0.50133	0.42746	1	0.47591	0.52772	11.45967	1.06647	1	0.73695	0.55008	12.12763	1.06647	1	-0.00602	-0.00766	0.68070	0.00342	1	0.06116	-0.01208	0.67413	0.00393	1	1.45898	0.81042	0	
1282283	8647.54297	3307275026380	0.50336	0.39516	8647.22852	0.31445	12224	1	0.53421	0.39501	1	0.46984	0.47903	1	0.50203	0.43702	1	0.47587	0.52735	11.08965	1.06647	1	0.73692	0.55035	12.19084	1.06647	1	-0.00602	-0.00766	0.68070	0.00356	1	0.06116	-0.01208	0.67413	0.00383	1	1.45898	0.81042	0	
1282284	8647.54980	3307275093167	0.50366	0.39620	8647.22852	0.32129	12224	1	0.53421	0.39501	1	0.46960	0.48422	1	0.50191	0.43961	1	0.47595	0.52721	11.30659	1.06647	1	0.73699	0.54949	11.47677	1.05881	1	-0.00602	-0.00766	0.68070	0.00366	1	0.06021	-0.01189	0.66304	0.00397	1	1.45898	0.81042	0	
1282285	8647.55664	3307275159921	0.50310	0.39557	8647.22852	0.32812	12224	1	0.52878	0.33629	1	0.45864	0.44953	1	0.49371	0.39291	1	0.47589	0.52718	11.29636	1.05881	1	0.73678	0.54968	12.12356	1.05115	1	-0.00602	-0.00766	0.68070	0.00365	1	0.06021	-0.01189	0.66304	0.00399	1	1.45898	0.81042	0	
1282286	8647.56348	3307275227299	0.50345	0.39623	8647.22852	0.33496	12224	1	0.54209	0.39901	1	0.46753	0.46647	1	0.50481	0.43274	1	0.47603	0.52792	11.63343	1.05115	1	0.73690	0.54975	12.27641	1.04349	1	-0.00602	-0.00766	0.68070	0.00343	1	0.06021	-0.01189	0.66304	0.00409	1	1.45898	0.81042	0	
1282287	8647.57031	3307275293856	0.50380	0.39687	8647.22852	0.34180	12224	1	0.54196	0.39796	1	0.46781	0.46007	1	0.50489	0.42901	1	0.47542	0.52763	11.79619	1.05258	1	0.73657	0.54913	12.68224	1.05258	1	-0.00624	-0.00786	0.69899	0.00344	1	0.06164	-0.01213	0.67937	0.00411	1	1.45898	0.81042	0	
1282288	8647.57617	3307275358754	0.50375	0.39348	8647.22852	0.34766	12224	1	0.49674	0.17216	1	0.44459	0.33856	1	0.47066	0.25536	1	0.47500	0.52528	11.37568	1.06166	1	0.73609	0.54918	12.05214	1.06932	1	-0.00624	-0.00786	0.69899	0.00230	1	0.06164	-0.01213	0.67937	0.00410	1	1.45898	0.81042	0	
1282289	8647.58301	3307275428146	0.50345	0.39130	8647.22852	0.35449	12224	1	0.49470	0.14848	1	0.47338	0.34767	1	0.48404	0.24808	1	0.47508	0.52529	11.52850	1.07841	1	0.73651	0.54951	12.84585	1.08607	1	-0.00624	-0.00786	0.69899	0.00233	1	0.06164	-0.01213	0.67937	0.00396	1	1.45898	0.81042	0	
1282290	8647.58984	3307275494716	0.50314	0.38886	8647.22852	0.36133	12224	1	0.49261	0.13242	1	0.47397	0.33451	1	0.48329	0.23347	1	0.47500	0.52538	11.53556	1.09515	1	0.73647	0.54953	12.87548	1.10281	1	-0.00624	-0.00786	0.69899	0.00232	1	0.06116	-0.01208	0.67413	0.00414	1	1.45898	0.81042	0	
1282291	8647.59668	3307275562102	0.49387	0.36160	8647.22852	0.36133	12224	0	0.49708	0.16359	1	0.45660	0.23920	1	0.47684	0.20140	1	0.47501	0.52550	11.21867	1.10281	1	0.73659	0.54895	12.55174	1.10281	1	-0.00624	-0.00786	0.69899	0.00243	1	0.06116	-0.01208	0.67413	0.00429	1	1.45898	0.81042	0	
1282292	8647.60352	3307275626226	0.47929	0.29125	8647.22852	0.36133	12224	0	0.49262	0.12601	1	0.43682	0.31577	1	0.46472	0.22089	1	0.47508	0.52528	11.52279	1.10281	1	0.73632	0.54983	12.69431	1.10281	1	-0.00624	-0.00786	0.69899	0.00241	1	0.06116	-0.01208	0.67413	0.00412	1	1.45898	0.81042	0	
1282293	8647.61035	3307275696006	0.47444	0.26779	8647.22852	0.36133	12224	0	0.49262	0.12601	1	0.43682	0.31577	1	0.46472	0.22089	1	0.47513	0.52685	11.06551	1.10281	1	0.73636	0.55047	13.11501	1.10281	1	-0.00624	-0.00786	0.69899	0.00362	1	0.06164	-0.01223	0.67937	0.00389	1	1.45898	0.81042	0	
1282294	8647.61719	3307275762572	0.47384	0.26030	8647.22852	0.36133	12224	0	0.52724	0.33528	1	0.45691	0.34294	1	0.49207	0.33911	1	0.47545	0.52757	11.53218	1.10281	1	0.73660	0.55007	12.71262	1.10281	1	-0.00624	-0.00786	0.69899	0.00344	1	0.06164	-0.01223	0.67937	0.00404	1	1.45898	0.81042	0	
1282295	8647.62402	3307275830924	0.47288	0.29111	8647.22852	0.36133	12224	0	0.49520	0.33066	1	0.44866	0.31320	1	0.47193	0.32193	1	0.47539	0.52749	11.56374	1.10281	1	0.73649	0.54976	12.83882	1.10281	1	-0.00624	-0.00786	0.69899	0.00339	1	0.06164	-0.01223	0.67937	0.00420	1	1.45898	0.81042	0	
1282296	8647.62988	3307275897066	0.47256	0.30139	8647.22852	0.36133	12224	0	0.49520	0.33066	1	0.44866	0.31320	1	0.47193	0.32193	1	0.47517	0.52560	11.27486	1.10281	1	0.73667	0.55055	12.57130	1.10281	1	-0.00624	-0.00786	0.69899	0.00234	1	0.06164	-0.01223	0.67937	0.00388	1	1.45898	0.81042	0	
1282297	8647.63672	3307275963974	0.47303	0.28690	8647.61719	0.01953	12225	1	0.47480	0.15209	1	0.47409	0.33481	1	0.47444	0.24345	1	0.47515	0.52560	11.24944	1.10281	1	0.73685	0.55000	12.05030	1.10281	1	-0.00624	-0.00786	0.69899	0.00239	1	0.06164	-0.01223	0.67937	0.00391	1	1.45898	0.81042	0	
1282298	8647.64355	3307276031489	0.47173	0.28498	8647.61719	0.02637	12225	1	0.47106	0.15019	1	0.46194	0.40436	1	0.46650	0.27727	1	0.47514	0.52554	11.41549	1.10281	1	0.73680	0.55077	12.71809	1.10281	1	-0.00624	-0.00786	0.69899	0.00236	1	0.06164	-0.01223	0.67937	0.00387	1	1.45898	0.81042	0	
1282299	8647.65039	3307276097781	0.47086	0.28369	8647.61719	0.03320	12225	1	0.47106	0.15019	1	0.46194	0.40436	1	0.46650	0.27727	1	0.47522	0.52757	11.10689	1.10281	1	0.73668	0.55069	12.82527	1.10281	1	-0.00624	-0.00786	0.69899	0.00346	1	0.06116	-0.01218	0.67413	0.00387	1	1.45898	0.81042	0	
1282300	8647.65723	3307276165105	0.47032	0.29097	8647.61719	0.04004	12225	1	0.48314	0.29551	1	0.45108	0.37372	1	0.46711	0.33461	1	0.47516	0.52711	11.06392	1.10281	1	0.73663	0.55048	12.56613	1.10281	1	-0.00624	-0.00786	0.69899	0.00366	1	0.06116	-0.01218	0.67413	0.00394	1	1.45898	0.81042	0	
1282301	8647.66406	3307276232319	0.47175	0.29813	8647.61719	0.04688	12225	1	0.51227	0.32038	1	0.45123	0.37617	1	0.48175	0.34828	1	0.47532	0.52746	11.60784	1.10281	1	0.73663	0.55048	12.56613	1.10281	1	-0.00624	-0.00786	0.69899	0.00336	1	0.06116	-0.01218	0.67413	0.00394	1	1.45898	0.81042	0	
1282302	8647.67090	3307276299636	0.47286	0.30370	8647.61719	0.05371	12225	1	0.51227	0.32038	1	0.45123	0.37617	1	0.48175	0.34828	1	0.47506	0.52658	10.99729	1.10281	1	0.73676	0.55053	12.66039	1.10281	1	-0.00624	-0.00786	0.69899	0.00369	1	0.06164	-0.01223	0.67937	0.00396	1	1.45898	0.81042	0	
1282303	8647.67676	3307276366400	0.47244	0.30400	8647.61719	0.05957	12225	1	0.49736	0.23562	1	0.43991	0.37769	1	0.46863	0.30665	1	0.47506	0.52658	10.99729	1.10281	1	0.73605	0.55053	12.35554	1.10281	1	-0.00624	-0.00786	0.69899	0.00370	1	0.06164	-0.01223	0.67937	0.00389	1	1.45898	0.81042	0	
1282304	8647.68359	3307276433141	0.47318	0.30542	8647.61719	0.06641	12225	1	0.49841	0.27385	1	0.46279	0.36535	1	0.48060	0.31960	1	0.47507	0.52681	11.28007	1.10281	1	0.73636	0.55022	13.02702	1.10281	1	-0.00624	-0.00786	0.69899	0.00365	1	0.06164	-0.01223	0.67937	0.00385	1	1.45898	0.81042	0	
1282305	8647.69043	3307276499993	0.47380	0.30660	8647.61719	0.07324	12225	1	0.49841	0.27385	1	0.46279	0.36535	1	0.48060	0.31960	1	0.47493	0.52536	11.65553	1.10281	1	0.73648	0.55044	13.08345	1.10281	1	-0.00624	-0.00786	0.69899	0.00230	1	0.06164	-0.01223	0.67937	0.00376	1	1.45898	0.81042	0	
1282306	8647.69727	3307276565788	0.47400	0.30232	8647.61719	0.08008	12225	1	0.48505	0.13366	1	0.46762	0.36829	1	0.47634	0.25097	1	0.47486	0.52540	11.56323	1.10281	1	0.73640	0.55024	13.04066	1.10281	1	-0.00624	-0.00786	0.69899	0.00235	1	0.06164	-0.01223	0.67937	0.00380	1	1.45898	0.81042	0	
1282307	8647.70312	3307276631166	0.47395	0.29790	8647.61719	0.08594	12225	1	0.48915	0.13137	1	0.45749	0.34943	1	0.47332	0.24040	1	0.47493	0.52536	11.65553	1.10281	1	0.73631	0.55014	12.72801	1.10281	1	-0.00624	-0.00786	0.69899	0.00231	1	0.06164	-0.01223	0.67937	0.00392	1	1.45898	0.81042	0	
1282308	8647.71094	3307276701050	0.47390	0.29406	8647.61719	0.09375	12225	1	0.48915	0.13137	1	0.45749	0.34943	1	0.47332	0.24040	1	0.47481	0.52665	10.70024	1.10281	1	0.73625	0.55019	12.04249	1.10281	1	-0.00624	-0.00786	0.69899	0.00358	1	0.06164	-0.01223	0.67937	0.00385	1	1.45898	0.81042	0	
1282309	8647.71777	3307276769006	0.47522	0.29503	8647.61719	0.10059	12225	1	0.50582	0.27483	1	0.48392	0.34410	1	0.49487	0.30947	1	0.47516	0.52687	11.28709	1.10281	1	0.73639	0.55025	12.17756	1.10281	1	-0.00624	-0.00786	0.69899	0.00355	1	0.06164	-0.01223	0.67937	0.00374	1	1.45898	0.81042	0	
1282310	8647.72363	3307276835198	0.47644	0.29127	8647.61719	0.10645	12225	1	0.50329	0.14842	1	0.48866	0.31400	1	0.49597	0.23121	1	0.47470	0.52554	11.57717	1.10281	1	0.73633	0.55001	12.11444	1.10281	1	-0.00624	-0.00786	0.69899	0.00236	1	0.06164	-0.01223	0.67937	0.00383	1	1.45898	0.81042	0	
1282311	8647.73047	3307276900722	0.47754	0.28837	8647.61719	0.11328	12225	1	0.50434	0.15693	1	0.48823	0.32132	1	0.49628	0.23913	1	0.47486	0.52739	12.12922	1.09373	1	0.73626	0.54992	12.39033	1.09373	1	-0.00614	-0.00768	0.68257	0.00332	1	0.06186	-0.01229	0.68291	0.00387	1	1.45898	0.81042	0	
1282312	8647.73730	3307276966664	0.47793	0.28943	8647.61719	0.12012	12225	1	0.50084	0.32207	1	0.46922	0.29496	1	0.48503	0.30851	1	0.47472	0.52707	11.89567	1.08464	1	0.73604	0.54952	11.99487	1.08464	1	-0.00614	-0.00768	0.68257	0.00350	1	0.06186	-0.01229	0.68291	0.00408	1	1.45898	0.81042	0	
1282313	8647.74414	3307277033457	0.47913	0.29018	8647.61719	0.12695	12225	1	0.52522	0.29198	1	0.47853	0.31678	1	0.50188	0.30438	1	0.47509	0.52697	11.19138	1.07556	1	0.73620	0.54961	12.29954	1.07556	1	-0.00614	-0.00768	0.68257	0.00359	1	0.06186	-0.01229	0.68291	0.00390	1	1.45898	0.81042	0	
1282314	8647.75098	3307277104133	0.48023	0.29121	8647.61719	0.13379	12225	1	0.52616	0.29948	1	0.47817	0.32425	1	0.50216	0.31187	1	0.47449	0.52749	11.86922	1.06647	1	0.73623	0.54963	11.86409	1.06647	1	-0.00630	-0.00774	0.68827	0.00354	1	0.06005	-0.01190	0.66408	0.00402	1	1.45898	0.81042	0	
1282315	8647.75781	3307277170217	0.48028	0.29296	8647.61719	0.14062	12225	1	0.49096	0.30589	1	0.47166	0.35354	1	0.48131	0.32972	1	0.47447	0.52731	11.41139	1.06647	1	0.73617	0.54991	12.13901	1.06647	1	-0.00630	-0.00774	0.68827	0.00354	1	0.06005	-0.01190	0.66408	0.00397	1	1.45898	0.81042	0	
1282316	8647.76465	3307277236998	0.48037	0.29423	8647.61719	0.14746	12225	1	0.49075	0.27301	1	0.47388	0.37129	1	0.48232	0.32215	1	0.47453	0.52680	11.52538	1.06647	1	0.73618	0.54956	11.95214	1.06647	1	-0.00630	-0.00774	0.68827	0.00375	1	0.06005	-0.01190	0.66408	0.00424	1	1.45898	0.81042	0	
1282317	8647.77051	3307277303501	0.48045	0.29540	8647.61719	0.15332	12225	1	0.49075	0.27301	1	0.47388	0.37129	1	0.48232	0.32215	1	0.47434	0.52642	11.05986	1.06647	1	0.73570	0.54955	12.54872	1.06647	1	-0.00630	-0.00774	0.68827	0.00399	1	0.06005	-0.01190	0.66408	0.00429	1	1.45898	0.81042	0	
1282318	8647.77734	3307277368954	0.48027	0.29771	8647.61719	0.16016	12225	1	0.49779	0.34014	1	0.45452	0.36629	1	0.47615	0.35321	1	0.47458	0.52715	11.32257	1.06647	1	0.73579	0.54946	12.66422	1.06647	1	-0.00630	-0.00774	0.68827	0.00379	1	0.06005	-0.01190	0.66408	0.00417	1	1.45898	0.81042	0	
1282319	8647.78418	3307277437838	0.48129	0.30127	8647.61719	0.16699	12225	1	0.52634	0.33665	1	0.48705	0.44402	1	0.50670	0.39033	1	0.47455	0.52740	11.67902	1.06647	1	0.73601	0.54965	12.08399	1.06647	1	-0.00630	-0.00774	0.68827	0.00377	1	0.06005	-0.01190	0.66408	0.00413	1	1.45898	0.81042	0	
1282320	8647.79102	3307277504701	0.48222	0.30432	8647.61719	0.17383	12225	1	0.52541	0.32946	1	0.48748	0.43755	1	0.50645	0.38351	1	0.47416	0.52555	11.14964	1.07556	1	0.73533	0.54971	12.41101	1.07556	1	-0.00648	-0.00790	0.70209	0.00235	1	0.06005	-0.01190	0.66408	0.00410	1	1.45898	0.81042	0	
1282321	8647.79785	3307277570904	0.48195	0.30596	8647.61719	0.18066	12225	1	0.50690	0.34006	1	0.44210	0.36047	1	0.47450	0.35027	1	0.47440	0.52746	11.17519	1.08464	1	0.73527	0.54919	12.18248	1.08464	1	-0.00648	-0.00790	0.70209	0.00388	1	0.06005	-0.01190	0.66408	0.00409	1	1.45898	0.81042	0	
1282322	8647.80371	3307277636091	0.48192	0.30622	8647.61719	0.18652	12225	1	0.51367	0.31945	1	0.44844	0.30791	1	0.48105	0.31368	1	0.47450	0.52746	11.32721	1.09373	1	0.73531	0.54914	12.11927	1.09373	1	-0.00648	-0.00790	0.70209	0.00376	1	0.06005	-0.01190	0.66408	0.00408	1	1.45898	0.81042	0	
1282323	8647.81055	3307277701637	0.48841	0.33388	8647.61719	0.18652	12225	0	0.51367	0.31945	1	0.44834	0.31415	1	0.48101	0.31680	1	0.47452	0.52698	11.46673	1.09373	1	0.73538	0.54882	12.19353	1.08607	1	-0.00640	-0.00774	0.68795	0.00359	1	0.05993	-0.01189	0.66330	0.00409	1	1.45898	0.81042	0	
1282324	8647.81738	3307277770547	0.49215	0.34773	8647.61719	0.18652	12225	0	0.52224	0.32115	1	0.46956	0.40199	1	0.49590	0.36157	1	0.47463	0.52719	11.18864	1.07698	1	0.73541	0.54963	12.61516	1.06932	1	-0.00640	-0.00774	0.68795	0.00390	1	0.05993	-0.01189	0.66330	0.00365	1	1.45898	0.81042	0	
1282325	8647.82422	3307277836669	0.49037	0.36287	8647.61719	0.18652	12225	0	0.52486	0.34110	1	0.44872	0.44523	1	0.48679	0.39317	1	0.47465	0.52734	11.18888	1.06024	1	0.73540	0.54975	12.49361	1.05258	1	-0.00640	-0.00774	0.68795	0.00396	1	0.05993	-0.01189	0.66330	0.00367	1	1.45898	0.81042	0	
1282326	8647.83105	3307277904264	0.48955	0.37250	8647.81055	0.02051	12226	1	0.52566	0.34716	1	0.44854	0.45560	1	0.48710	0.40138	1	0.47436	0.52785	11.95318	1.05258	1	0.73538	0.54928	12.32041	1.03811	1	-0.00662	-0.00794	0.70597	0.00364	1	0.05747	-0.01141	0.63662	0.00367	1	1.45898	0.81042	0	
1282327	8647.83789	3307277970968	0.49158	0.37519	8647.81055	0.02734	12226	1	0.51776	0.34110	1	0.48168	0.43082	1	0.49972	0.38596	1	0.47411	0.52727	11.65856	1.04720	1	0.73555	0.54955	12.22665	1.04039	1	-0.00662	-0.00794	0.70597	0.00366	1	0.05747	-0.01141	0.63662	0.00361	1	1.45898	0.81042	0	
1282328	8647.84473	3307278037804	0.49208	0.37231	8647.81055	0.03418	12226	1	0.51930	0.30899	1	0.46984	0.40677	1	0.49457	0.35788	1	0.47417	0.52703	11.74005	1.04947	1	0.73535	0.54923	12.30663	1.04267	1	-0.00662	-0.00794	0.70597	0.00375	1	0.05747	-0.01141	0.63662	0.00363	1	1.45898	0.81042	0	
1282329	8647.85059	3307278104786	0.49249	0.37065	8647.81055	0.04004	12226	1	0.52004	0.31464	1	0.46984	0.40677	1	0.49494	0.36071	1	0.47400	0.52730	11.73757	1.04267	1	0.73524	0.54929	12.00921	1.04267	1	-0.00646	-0.00769	0.68384	0.00374	1	0.05878	-0.01163	0.65166	0.00360	1	1.45898	0.81042	0	
1282330	8647.85742	3307278171646	0.49259	0.37548	8647.81055	0.04688	12226	1	0.50890	0.41013	1	0.47772	0.40851	1	0.49331	0.40932	1	0.47394	0.52791	11.83200	1.03358	1	0.73545	0.54945	12.04150	1.04039	1	-0.00646	-0.00769	0.68384	0.00368	1	0.05878	-0.01163	0.65166	0.00359	1	1.45898	0.81042	0	
1282331	8647.86426	3307278240183	0.49351	0.37920	8647.81055	0.05371	12226	1	0.52883	0.38774	1	0.47281	0.43019	1	0.50082	0.40897	1	0.47420	0.52762	12.26213	1.03130	1	0.73536	0.54966	11.92798	1.03811	1	-0.00646	-0.00769	0.68384	0.00369	1	0.05878	-0.01163	0.65166	0.00359	1	1.45898	0.81042	0	
1282332	8647.87109	3307278308381	0.49426	0.38207	8647.81055	0.06055	12226	1	0.52907	0.38949	1	0.47300	0.42620	1	0.50103	0.40784	1	0.47404	0.52762	11.53411	1.02902	1	0.73542	0.54955	12.38694	1.04349	1	-0.00646	-0.00769	0.68384	0.00375	1	0.06180	-0.01222	0.68455	0.00373	1	1.45898	0.81042	0	
1282333	8647.87793	3307278375493	0.49370	0.38229	8647.81055	0.06738	12226	1	0.50229	0.32751	1	0.47391	0.44163	1	0.48810	0.38457	1	0.47384	0.52733	11.59606	1.04349	1	0.73538	0.54957	12.76898	1.05115	1	-0.00646	-0.00769	0.68384	0.00369	1	0.06180	-0.01222	0.68455	0.00362	1	1.45898	0.81042	0	
1282334	8647.88477	3307278442161	0.49290	0.37989	8647.81055	0.07422	12226	1	0.50356	0.32098	1	0.46469	0.38594	1	0.48412	0.35346	1	0.47384	0.52744	11.66837	1.05115	1	0.73523	0.54964	12.56567	1.05881	1	-0.00646	-0.00769	0.68384	0.00373	1	0.06180	-0.01222	0.68455	0.00361	1	1.45898	0.81042	0	
1282335	8647.89160	3307278509697	0.49219	0.37762	8647.81055	0.08105	12226	1	0.50262	0.31471	1	0.46469	0.38594	1	0.48365	0.35033	1	0.47392	0.52749	11.73224	1.05881	1	0.73537	0.54924	11.96746	1.05881	1	-0.00652	-0.00781	0.68998	0.00369	1	0.05936	-0.01175	0.65809	0.00380	1	1.45898	0.81042	0	
1282336	8647.89844	3307278577608	0.49191	0.37551	8647.81055	0.08789	12226	1	0.51257	0.31969	1	0.46408	0.37659	1	0.48832	0.34814	1	0.47399	0.52750	11.89989	1.05881	1	0.73531	0.54974	12.38243	1.05115	1	-0.00652	-0.00781	0.68998	0.00369	1	0.05936	-0.01175	0.65809	0.00357	1	1.45898	0.81042	0	
1282337	8647.90527	3307278643509	0.49139	0.37376	8647.81055	0.09473	12226	1	0.49455	0.34428	1	0.47344	0.35416	1	0.48399	0.34922	1	0.47372	0.52770	11.75905	1.05115	1	0.73539	0.54915	11.82297	1.04349	1	-0.00652	-0.00781	0.68998	0.00365	1	0.05936	-0.01175	0.65809	0.00383	1	1.45898	0.81042	0	
1282338	8647.91113	3307278710396	0.49092	0.37215	8647.81055	0.10059	12226	1	0.49436	0.34314	1	0.47349	0.35300	1	0.48393	0.34807	1	0.47378	0.52807	11.60335	1.05258	1	0.73546	0.54917	11.94307	1.04492	1	-0.00666	-0.00805	0.71084	0.00359	1	0.05878	-0.01168	0.65166	0.00382	1	1.45898	0.81042	0	
1282339	8647.91797	3307278777308	0.49088	0.36978	8647.81055	0.10742	12226	1	0.50604	0.31938	1	0.47437	0.34426	1	0.49020	0.33182	1	0.47386	0.52750	11.50173	1.05400	1	0.73537	0.54930	12.08586	1.05400	1	-0.00666	-0.00805	0.71084	0.00375	1	0.05878	-0.01168	0.65166	0.00377	1	1.45898	0.81042	0	
1282340	8647.92480	3307278844253	0.49075	0.36358	8647.81055	0.11426	12226	1	0.49496	0.17236	1	0.48234	0.34392	1	0.48865	0.25814	1	0.47381	0.52584	11.56496	1.06309	1	0.73553	0.54897	12.00305	1.06309	1	-0.00666	-0.00805	0.71084	0.00238	1	0.05878	-0.01168	0.65166	0.00382	1	1.45898	0.81042	0	
1282341	8647.93164	3307278911091	0.49062	0.35761	8647.81055	0.12109	12226	1	0.49381	0.16373	1	0.48274	0.33659	1	0.48827	0.25016	1	0.47376	0.52814	11.44740	1.07218	1	0.73552	0.54898	11.93318	1.07218	1	-0.00660	-0.00813	0.70428	0.00357	1	0.05878	-0.01168	0.65166	0.00383	1	1.45898	0.81042	0	
1282342	8647.93848	3307278977857	0.48990	0.35827	8647.81055	0.12793	12226	1	0.53112	0.32159	1	0.42138	0.41997	1	0.47625	0.37078	1	0.47439	0.52790	11.30908	1.07218	1	0.73491	0.55013	12.49928	1.07218	1	-0.00660	-0.00813	0.70428	0.00339	1	0.05878	-0.01168	0.65166	0.00400	1	1.45898	0.81042	0	
1282343	8647.94531	3307279045523	0.48777	0.35589	8647.81055	0.13477	12226	1	0.47061	0.19800	1	0.41968	0.41847	1	0.44514	0.30823	1	0.47386	0.52620	11.66811	1.07218	1	0.73492	0.55018	12.53705	1.07218	1	-0.00660	-0.00813	0.70428	0.00235	1	0.05878	-0.01168	0.65166	0.00397	1	1.45898	0.81042	0	
1282344	8647.95215	3307279112257	0.48587	0.35406	8647.81055	0.14160	12226	1	0.47193	0.20636	1	0.41980	0.42507	1	0.44586	0.31571	1	0.47446	0.52791	11.55181	1.06309	1	0.73512	0.54975	12.30484	1.06309	1	-0.00625	-0.00777	0.67260	0.00343	1	0.05905	-0.01176	0.65352	0.00415	1	1.45898	0.81042	0	
1282345	8647.95801	3307279179195	0.47695	0.32257	8647.81055	0.14160	12226	0	0.48170	0.22326	1	0.44820	0.35019	1	0.46495	0.28672	1	0.47402	0.52636	11.80781	1.05400	1	0.73531	0.54968	12.20831	1.05400	1	-0.00625	-0.00777	0.67260	0.00237	1	0.05905	-0.01176	0.65352	0.00410	1	1.45898	0.81042	0	
1282346	8647.96484	3307279246485	0.47101	0.29081	8647.81055	0.14160	12226	0	0.48482	0.17473	1	0.44533	0.34339	1	0.46508	0.25906	1	0.47404	0.52627	11.43276	1.04492	1	0.73528	0.54975	12.23396	1.04492	1	-0.00625	-0.00777	0.67260	0.00237	1	0.05905	-0.01176	0.65352	0.00408	1	1.45898	0.81042	0	
1282347	8647.97168	3307279313401	0.46905	0.27918	8647.81055	0.14160	12226	0	0.48482	0.17473	1	0.44541	0.33711	1	0.46512	0.25592	1	0.47414	0.52629	11.78670	1.04492	1	0.73519	0.55038	12.19610	1.05258	1	-0.00650	-0.00814	0.70517	0.00231	1	0.06005	-0.01200	0.66408	0.00386	1	1.45898	0.81042	0	
1282348	8647.97852	3307279380083	0.46540	0.28493	8647.95801	0.02051	12227	1	0.47217	0.17542	1	0.43675	0.42892	1	0.45446	0.30217	1	0.47417	0.52637	11.54978	1.06166	1	0.73519	0.55063	12.22272	1.06932	1	-0.00650	-0.00814	0.70517	0.00231	1	0.06005	-0.01200	0.66408	0.00382	1	1.45898	0.81042	0	
1282349	8647.98535	3307279447149	0.46436	0.28289	8647.95801	0.02734	12227	1	0.47339	0.16506	1	0.44704	0.38442	1	0.46021	0.27474	1	0.47417	0.52637	11.54978	1.07841	1	0.73530	0.55035	12.35950	1.08607	1	-0.00650	-0.00814	0.70517	0.00231	1	0.06005	-0.01200	0.66408	0.00387	1	1.45898	0.81042	0	
1282350	8647.99219	3307279514535	0.46359	0.28045	8647.95801	0.03418	12227	1	0.47230	0.15782	1	0.44712	0.37867	1	0.45971	0.26825	1	0.47446	0.52640	11.63730	1.08607	1	0.73584	0.55061	12.54416	1.09373	1	-0.00630	-0.00795	0.68827	0.00230	1	0.06005	-0.01200	0.66408	0.00383	1	1.45898	0.81042	0	
1282351	8647.99902	3307279581675	0.46347	0.27856	8647.95801	0.04102	12227	1	0.48164	0.13844	1	0.44386	0.39594	1	0.46275	0.26719	1	0.47446	0.52626	11.62821	1.08464	1	0.73572	0.55058	12.60170	1.08464	1	-0.00630	-0.00795	0.68827	0.00230	1	0.06005	-0.01200	0.66408	0.00384	1	1.45898	0.81042	0	
1282352	8648.00488	3307279648218	0.46401	0.27991	8647.95801	0.04688	12227	1	0.48479	0.16782	1	0.45076	0.41099	1	0.46777	0.28941	1	0.47447	0.52638	11.49436	1.07556	1	0.73573	0.55059	12.51842	1.07556	1	-0.00630	-0.00795	0.68827	0.00236	1	0.06005	-0.01200	0.66408	0.00386	1	1.45898	0.81042	0	
1282353	8648.01172	3307279710559	0.46442	0.28128	8647.95801	0.05371	12227	1	0.48479	0.16782	1	0.45065	0.41661	1	0.46772	0.29222	1	0.47463	0.52634	11.27232	1.07556	1	0.73614	0.55037	12.18028	1.06790	1	-0.00641	-0.00817	0.70699	0.00240	1	0.05993	-0.01197	0.66222	0.00366	1	1.45898	0.81042	0	
1282354	8648.01855	3307279782890	0.46580	0.28037	8647.95801	0.06055	12227	1	0.48083	0.15395	1	0.47554	0.39039	1	0.47818	0.27217	1	0.47454	0.52626	11.58614	1.07698	1	0.73626	0.55040	12.13952	1.06932	1	-0.00641	-0.00817	0.70699	0.00231	1	0.05993	-0.01197	0.66222	0.00364	1	1.45898	0.81042	0	
1282355	8648.02539	3307279849164	0.46563	0.28092	8647.95801	0.06738	12227	1	0.46903	0.16859	1	0.45894	0.40424	1	0.46399	0.28641	1	0.47462	0.52638	11.37667	1.07841	1	0.73593	0.55052	12.87729	1.07075	1	-0.00641	-0.00817	0.70699	0.00221	1	0.05993	-0.01197	0.66222	0.00364	1	1.45898	0.81042	0	
1282356	8648.03223	3307279913140	0.46554	0.28168	8647.95801	0.07422	12227	1	0.47014	0.17580	1	0.45894	0.40424	1	0.46454	0.29002	1	0.47508	0.52733	11.08161	1.07075	1	0.73614	0.54976	12.03555	1.07075	1	-0.00617	-0.00791	0.68528	0.00362	1	0.06098	-0.01217	0.67318	0.00409	1	1.45898	0.81042	0	
1282357	8648.03906	3307279981236	0.46574	0.28086	8647.95801	0.08105	12227	1	0.48311	0.20319	1	0.45313	0.33884	1	0.46812	0.27101	1	0.47478	0.52641	11.58390	1.06166	1	0.73622	0.54980	12.11593	1.06932	1	-0.00617	-0.00791	0.68528	0.00231	1	0.06098	-0.01217	0.67318	0.00406	1	1.45898	0.81042	0	
1282358	8648.04590	3307280050339	0.46629	0.28108	8647.95801	0.08789	12227	1	0.48588	0.27206	1	0.46105	0.29604	1	0.47347	0.28405	1	0.47516	0.52747	11.08625	1.06024	1	0.73624	0.54975	12.13997	1.06790	1	-0.00617	-0.00791	0.68528	0.00377	1	0.06098	-0.01217	0.67318	0.00408	1	1.45898	0.81042	0	
1282359	8648.05176	3307280114813	0.46674	0.28085	8647.95801	0.09375	12227	1	0.48485	0.26548	1	0.46124	0.28956	1	0.47304	0.27752	1	0.47523	0.52796	11.37384	1.06790	1	0.73632	0.54943	11.86996	1.07556	1	-0.00624	-0.00807	0.69899	0.00364	1	0.06164	-0.01233	0.67937	0.00417	1	1.45898	0.81042	0	
1282360	8648.05859	3307280182222	0.46611	0.28201	8647.95801	0.10059	12227	1	0.46307	0.16617	1	0.45012	0.43263	1	0.45659	0.29940	1	0.47491	0.52645	11.39841	1.08464	1	0.73627	0.55083	12.14962	1.08464	1	-0.00624	-0.00807	0.69899	0.00232	1	0.06164	-0.01233	0.67937	0.00376	1	1.45898	0.81042	0	
1282361	8648.06543	3307280246605	0.46607	0.27735	8647.95801	0.10742	12227	1	0.46626	0.14710	1	0.46456	0.25843	1	0.46541	0.20277	1	0.47498	0.52636	11.17382	1.09373	1	0.73632	0.54950	11.84222	1.09373	1	-0.00624	-0.00807	0.69899	0.00232	1	0.06164	-0.01233	0.67937	0.00423	1	1.45898	0.81042	0	
1282362	8648.07227	3307280317361	0.46603	0.27320	8647.95801	0.11426	12227	1	0.46626	0.14710	1	0.46456	0.25843	1	0.46541	0.20277	1	0.47533	0.52641	11.31654	1.09373	1	0.73656	0.55020	11.43433	1.09373	1	-0.00605	-0.00790	0.68372	0.00239	1	0.06116	-0.01229	0.67413	0.00413	1	1.45898	0.81042	0	
1282363	8648.07910	3307280383306	0.46635	0.27228	8647.95801	0.12109	12227	1	0.48380	0.17089	1	0.46041	0.34047	1	0.47211	0.25568	1	0.47522	0.52644	11.49948	1.08464	1	0.73628	0.55031	11.76527	1.08464	1	-0.00605	-0.00790	0.68372	0.00231	1	0.06116	-0.01229	0.67413	0.00412	1	1.45898	0.81042	0	
1282364	8648.08594	3307280451472	0.46752	0.27130	8647.95801	0.12793	12227	1	0.48030	0.19226	1	0.49912	0.31304	1	0.48971	0.25265	1	0.47520	0.52661	11.21612	1.07556	1	0.73687	0.55001	11.80802	1.07556	1	-0.00605	-0.00790	0.68372	0.00235	1	0.06116	-0.01229	0.67413	0.00417	1	1.45898	0.81042	0	
1282365	8648.09277	3307280518409	0.46857	0.27041	8647.95801	0.13477	12227	1	0.48030	0.19226	1	0.49912	0.31304	1	0.48971	0.25265	1	0.47539	0.52858	12.06437	1.07556	1	0.73683	0.55054	11.63863	1.07556	1	-0.00615	-0.00810	0.70132	0.00354	1	0.06116	-0.01229	0.67413	0.00388	1	1.45898	0.81042	0	
1282366	8648.09863	3307280584787	0.46878	0.26922	8647.95801	0.14062	12227	1	0.49670	0.16524	1	0.44955	0.32321	1	0.47313	0.24422	1	0.47547	0.52649	11.19175	1.08464	1	0.73656	0.55040	11.30950	1.08464	1	-0.00615	-0.00810	0.70132	0.00231	1	0.06116	-0.01229	0.67413	0.00382	1	1.45898	0.81042	0	
1282367	8648.10547	3307280652657	0.46932	0.27214	8647.95801	0.14746	12227	1	0.48881	0.32877	1	0.47358	0.34406	1	0.48120	0.33641	1	0.47528	0.52838	11.18792	1.09373	1	0.73680	0.55051	11.87638	1.09373	1	-0.00615	-0.00810	0.70132	0.00342	1	0.06116	-0.01229	0.67413	0.00372	1	1.45898	0.81042	0	
1282368	8648.11230	3307280717493	0.46979	0.27465	8647.95801	0.15430	12227	1	0.48764	0.32168	1	0.47363	0.34294	1	0.48064	0.33231	1	0.47539	0.52808	11.52455	1.10281	1	0.73697	0.55066	11.77113	1.09515	1	-0.00615	-0.00810	0.70132	0.00354	1	0.06021	-0.01208	0.66304	0.00368	1	1.45898	0.81042	0	
1282369	8648.11914	3307280786414	0.46995	0.27417	8647.95801	0.16113	12227	1	0.47950	0.15312	1	0.46818	0.37234	1	0.47384	0.26273	1	0.47560	0.52640	11.42685	1.09515	1	0.73682	0.55070	11.82872	1.08749	1	-0.00615	-0.00810	0.70132	0.00235	1	0.06021	-0.01208	0.66304	0.00364	1	1.45898	0.81042	0	
1282370	8648.12598	3307280853232	0.47037	0.27434	8647.95801	0.16797	12227	1	0.48357	0.16583	1	0.47793	0.39105	1	0.48075	0.27844	1	0.47565	0.52646	11.57209	1.08749	1	0.73696	0.55085	12.37788	1.07983	1	-0.00615	-0.00810	0.70132	0.00236	1	0.06021	-0.01208	0.66304	0.00357	1	1.45898	0.81042	0	
1282371	8648.13281	3307280920492	0.47078	0.27501	8647.95801	0.17480	12227	1	0.48580	0.18150	1	0.47728	0.40363	1	0.48154	0.29256	1	0.47551	0.52653	11.25382	1.07075	1	0.73693	0.55083	12.33622	1.06309	1	-0.00587	-0.00780	0.67538	0.00233	1	0.06021	-0.01208	0.66304	0.00357	1	1.45898	0.81042	0	
1282372	8648.13965	3307280987206	0.47122	0.27821	8647.95801	0.18164	12227	1	0.51416	0.31753	1	0.45168	0.41148	1	0.48292	0.36450	1	0.47599	0.52797	11.09033	1.05400	1	0.73662	0.55103	12.41726	1.05400	1	-0.00587	-0.00780	0.67538	0.00360	1	0.06021	-0.01208	0.66304	0.00408	1	1.45898	0.81042	0	
1282373	8648.14551	3307281054273	0.47195	0.28220	8647.95801	0.18750	12227	1	0.51898	0.34542	1	0.46579	0.44252	1	0.49239	0.39397	1	0.47607	0.52816	11.15217	1.04492	1	0.73694	0.55105	12.13136	1.04492	1	-0.00587	-0.00780	0.67538	0.00397	1	0.06021	-0.01208	0.66304	0.00374	1	1.45898	0.81042	0	
1282374	8648.15234	3307281119847	0.47264	0.28616	8647.95801	0.19434	12227	1	0.51999	0.35268	1	0.46553	0.44912	1	0.49276	0.40090	1	0.47614	0.52808	11.18448	1.03583	1	0.73697	0.55044	12.10331	1.03583	1	-0.00587	-0.00780	0.67538	0.00382	1	0.06021	-0.01208	0.66304	0.00401	1	1.45898	0.81042	0	
1282375	8648.15918	3307281188302	0.48431	0.31600	8647.95801	0.19434	12227	0	0.52116	0.34734	1	0.46504	0.41400	1	0.49310	0.38067	1	0.47613	0.52813	11.16478	1.03583	1	0.73678	0.55091	12.16987	1.03583	1	-0.00587	-0.00780	0.67538	0.00386	1	0.06021	-0.01208	0.66304	0.00382	1	1.45898	0.81042	0	
1282376	8648.16602	3307281255241	0.48826	0.34105	8647.95801	0.19434	12227	0	0.51764	0.34906	1	0.46680	0.38312	1	0.49222	0.36609	1	0.47603	0.52831	11.34272	1.03583	1	0.73686	0.55041	12.10346	1.03583	1	-0.00587	-0.00780	0.67538	0.00381	1	0.06021	-0.01208	0.66304	0.00406	1	1.45898	0.81042	0	
1282377	8648.17285	3307281322344	0.48962	0.34839	8647.95801	0.19434	12227	0	0.51764	0.34906	1	0.46703	0.37707	1	0.49234	0.36307	1	0.47583	0.52813	11.13273	1.03583	1	0.73688	0.55073	12.13316	1.04349	1	-0.00587	-0.00780	0.67538	0.00386	1	0.06210	-0.01250	0.68331	0.00376	1	1.45898	0.81042	0	
1282378	8648.17969	3307281389739	0.48356	0.35890	8648.15918	0.02051	12228	1	0.51273	0.32975	1	0.41799	0.45112	1	0.46536	0.39044	1	0.47600	0.52794	10.98621	1.04349	1	0.73645	0.55137	12.79370	1.05115	1	-0.00587	-0.00780	0.67538	0.00384	1	0.06210	-0.01250	0.68331	0.00377	1	1.45898	0.81042	0	
1282379	8648.18555	3307281454149	0.48251	0.34517	8648.15918	0.02637	12228	1	0.50222	0.25581	1	0.45439	0.32473	1	0.47831	0.29027	1	0.47587	0.52736	10.93982	1.05115	1	0.73699	0.55014	11.79156	1.05881	1	-0.00587	-0.00780	0.67538	0.00367	1	0.06210	-0.01250	0.68331	0.00400	1	1.45898	0.81042	0	
1282380	8648.19238	3307281523442	0.48166	0.33364	8648.15918	0.03320	12228	1	0.50016	0.24106	1	0.45470	0.31089	1	0.47743	0.27598	1	0.47584	0.52761	11.06408	1.06790	1	0.73692	0.55029	11.89828	1.07556	1	-0.00605	-0.00810	0.70116	0.00371	1	0.06210	-0.01245	0.68331	0.00396	1	1.45898	0.81042	0	
1282381	8648.19922	3307281585889	0.47859	0.33755	8648.15918	0.04004	12228	1	0.50519	0.29401	1	0.41512	0.42802	1	0.46015	0.36101	1	0.47588	0.52781	11.03649	1.08464	1	0.73637	0.55137	12.87654	1.08464	1	-0.00605	-0.00810	0.70116	0.00396	1	0.06210	-0.01245	0.68331	0.00382	1	1.45898	0.81042	0	
1282382	8648.20605	3307281654371	0.47543	0.32883	8648.15918	0.04688	12228	1	0.45751	0.17496	1	0.44922	0.36059	1	0.45336	0.26778	1	0.47570	0.52652	11.58630	1.09373	1	0.73690	0.55067	12.23788	1.09373	1	-0.00605	-0.00810	0.70116	0.00226	1	0.06210	-0.01245	0.68331	0.00377	1	1.45898	0.81042	0	
1282383	8648.21289	3307281721065	0.47291	0.32152	8648.15918	0.05371	12228	1	0.45613	0.16657	1	0.44924	0.35950	1	0.45268	0.26303	1	0.47568	0.52651	11.56506	1.10281	1	0.73695	0.55019	11.84746	1.09515	1	-0.00605	-0.00810	0.70116	0.00225	1	0.06006	-0.01203	0.66033	0.00400	1	1.45898	0.81042	0	
1282384	8648.21973	3307281788687	0.47100	0.31524	8648.15918	0.06055	12228	1	0.46817	0.16838	1	0.43944	0.34913	1	0.45380	0.25875	1	0.47573	0.52660	11.10678	1.09515	1	0.73681	0.55072	12.23170	1.08749	1	-0.00605	-0.00810	0.70116	0.00238	1	0.06006	-0.01203	0.66033	0.00405	1	1.45898	0.81042	0	
1282385	8648.22559	3307281853785	0.46966	0.32390	8648.15918	0.06641	12228	1	0.48218	0.37463	1	0.43046	0.44630	1	0.45632	0.41046	1	0.47586	0.52876	11.21213	1.08749	1	0.73671	0.55156	12.30496	1.07983	1	-0.00605	-0.00810	0.70116	0.00372	1	0.06006	-0.01203	0.66033	0.00379	1	1.45898	0.81042	0	
1282386	8648.23242	3307281923221	0.46865	0.33212	8648.15918	0.07324	12228	1	0.48447	0.38707	1	0.43052	0.45796	1	0.45749	0.42251	1	0.47576	0.52786	11.01666	1.07075	1	0.73671	0.55129	12.39733	1.06309	1	-0.00587	-0.00780	0.67538	0.00392	1	0.06060	-0.01219	0.66626	0.00372	1	1.45898	0.81042	0	
1282387	8648.23926	3307281991481	0.46763	0.33833	8648.15918	0.08008	12228	1	0.49017	0.37142	1	0.42054	0.45450	1	0.45536	0.41296	1	0.47590	0.52862	11.45632	1.05400	1	0.73646	0.55138	12.85233	1.05400	1	-0.00587	-0.00780	0.67538	0.00377	1	0.06060	-0.01219	0.66626	0.00402	1	1.45898	0.81042	0	
1282388	8648.24609	3307282059305	0.46670	0.33656	8648.15918	0.08691	12228	1	0.48540	0.21288	1	0.42389	0.41411	1	0.45464	0.31349	1	0.47585	0.52657	11.51604	1.04492	1	0.73653	0.55119	12.40074	1.04492	1	-0.00587	-0.00780	0.67538	0.00240	1	0.06060	-0.01219	0.66626	0.00378	1	1.45898	0.81042	0	
1282389	8648.25293	3307282122414	0.46598	0.33598	8648.15918	0.09375	12228	1	0.48775	0.22875	1	0.42406	0.42693	1	0.45590	0.32784	1	0.47618	0.52847	11.66659	1.02782	1	0.73674	0.55095	12.25016	1.02782	1	-0.00567	-0.00759	0.65735	0.00358	1	0.05978	-0.01203	0.65726	0.00363	1	1.45898	0.81042	0	
1282390	8648.25977	3307282190646	0.46572	0.33949	8648.15918	0.10059	12228	1	0.49054	0.32307	1	0.43323	0.46131	1	0.46188	0.39219	1	0.47593	0.52787	10.97248	1.01980	1	0.73670	0.55127	12.85262	1.01980	1	-0.00567	-0.00759	0.65735	0.00366	1	0.05978	-0.01203	0.65726	0.00358	1	1.45898	0.81042	0	SUBJECT_ONSET_LOG
1282391	8648.26660	3307282260567	0.46547	0.34320	8648.15918	0.10742	12228	1	0.48415	0.34924	1	0.43859	0.45572	1	0.46137	0.40248	1	0.47587	0.52794	11.18419	1.01178	1	0.73667	0.55116	12.65336	1.01178	1	-0.00567	-0.00759	0.65735	0.00358	1	0.05978	-0.01203	0.65726	0.00365	1	1.45898	0.81042	0	
1282392	8648.27344	3307282327445	0.46527	0.34684	8648.15918	0.11426	12228	1	0.48531	0.35584	1	0.43856	0.46161	1	0.46193	0.40872	1	0.47583	0.52652	11.18959	1.00377	1	0.73680	0.55136	12.34092	1.00377	1	-0.00567	-0.00759	0.65735	0.00229	1	0.06006	-0.01203	0.66033	0.00372	1	1.45898	0.81042	0	
1282393	8648.28027	3307282394478	0.46498	0.34727	8648.15918	0.12109	12228	1	0.47706	0.23435	1	0.44245	0.47559	1	0.45976	0.35497	1	0.47578	0.52644	11.52108	1.00377	1	0.73682	0.55124	12.08414	1.00377	1	-0.00567	-0.00759	0.65735	0.00232	1	0.06006	-0.01203	0.66033	0.00373	1	1.45898	0.81042	0	AUDIO_FILE_ONSET_LOG
1282394	8648.28613	3307282460276	0.46453	0.34803	8648.15918	0.12695	12228	1	0.47961	0.24357	1	0.43228	0.48152	1	0.45595	0.36254	1	0.47581	0.52639	11.54793	1.00377	1	0.73669	0.55114	12.45065	1.00377	1	-0.00567	-0.00759	0.65735	0.00228	1	0.06006	-0.01203	0.66033	0.00375	1	1.45898	0.81042	0	
1282395	8648.29297	3307282528066	0.46409	0.34841	8648.15918	0.13379	12228	1	0.47843	0.23607	1	0.43226	0.47579	1	0.45534	0.35593	1	0.47594	0.52653	11.45841	1.01178	1	0.73671	0.55107	12.47756	1.01178	1	-0.00587	-0.00780	0.67538	0.00235	1	0.06006	-0.01203	0.66033	0.00376	1	1.45898	0.81042	0	
1282396	8648.29980	3307282595612	0.45855	0.37913	8648.15918	0.13379	12228	0	0.49059	0.36674	1	0.44273	0.40412	1	0.46666	0.38543	1	0.47596	0.52823	11.57496	1.01980	1	0.73684	0.55096	12.35282	1.01980	1	-0.00587	-0.00780	0.67538	0.00352	1	0.06006	-0.01203	0.66033	0.00378	1	1.45898	0.81042	0	
1282397	8648.30664	3307282662228	0.46092	0.34337	8648.15918	0.13379	12228	0	0.48446	0.22202	1	0.44212	0.39319	1	0.46329	0.30761	1	0.47594	0.52650	11.52673	1.02782	1	0.73688	0.55094	12.33797	1.02782	1	-0.00587	-0.00780	0.67538	0.00235	1	0.06006	-0.01203	0.66033	0.00382	1	1.45898	0.81042	0	
1282398	8648.31348	3307282728976	0.46154	0.32815	8648.15918	0.13379	12228	0	0.48334	0.21453	1	0.44223	0.38090	1	0.46278	0.29772	1	0.47572	0.52632	11.67081	1.03583	1	0.73684	0.55060	12.26807	1.04349	1	-0.00587	-0.00780	0.67538	0.00231	1	0.06210	-0.01250	0.68331	0.00396	1	1.45898	0.81042	0	
1282399	8648.32031	3307282793741	0.46320	0.31203	8648.29980	0.02051	12229	1	0.49358	0.19098	1	0.44279	0.33635	1	0.46819	0.26366	1	0.47567	0.52642	11.26769	1.04349	1	0.73685	0.55067	12.31454	1.05115	1	-0.00587	-0.00780	0.67538	0.00234	1	0.06210	-0.01250	0.68331	0.00390	1	1.45898	0.81042	0	
1282400	8648.32715	3307282862008	0.46850	0.31913	8648.29980	0.02734	12229	1	0.52731	0.33755	1	0.45205	0.35749	1	0.48968	0.34752	1	0.47616	0.52828	11.53577	1.05115	1	0.73694	0.55031	12.19406	1.05881	1	-0.00587	-0.00780	0.67538	0.00344	1	0.06210	-0.01250	0.68331	0.00384	1	1.45898	0.81042	0	
1282401	8648.33398	3307282930313	0.47197	0.32284	8648.29980	0.03418	12229	1	0.52652	0.33142	1	0.45217	0.35140	1	0.48935	0.34141	1	0.47556	0.52652	11.51963	1.05881	1	0.73679	0.55080	12.14379	1.06647	1	-0.00587	-0.00780	0.67538	0.00235	1	0.06210	-0.01245	0.68331	0.00385	1	1.45898	0.81042	0	
1282402	8648.33984	3307282997141	0.47018	0.31888	8648.29980	0.04004	12229	1	0.48908	0.19949	1	0.42970	0.39078	1	0.45939	0.29513	1	0.47554	0.52657	11.55452	1.06647	1	0.73663	0.55074	12.58943	1.06647	1	-0.00587	-0.00780	0.67538	0.00233	1	0.06210	-0.01245	0.68331	0.00384	1	1.45898	0.81042	0	
1282403	8648.34668	3307283064021	0.47156	0.31198	8648.29980	0.04688	12229	1	0.47885	0.18671	1	0.48370	0.34062	1	0.48128	0.26366	1	0.47553	0.52655	11.49537	1.06647	1	0.73708	0.55028	11.85262	1.06647	1	-0.00587	-0.00780	0.67538	0.00234	1	0.06210	-0.01245	0.68331	0.00418	1	1.45898	0.81042	0	
1282404	8648.35352	3307283129960	0.47259	0.30573	8648.29980	0.05371	12229	1	0.47759	0.17821	1	0.48411	0.33328	1	0.48085	0.25575	1	0.47608	0.52766	11.30732	1.07556	1	0.73707	0.55048	11.78617	1.07556	1	-0.00615	-0.00810	0.70132	0.00357	1	0.06116	-0.01229	0.67413	0.00369	1	1.45898	0.81042	0	
1282405	8648.36035	3307283196792	0.47596	0.30391	8648.29980	0.06055	12229	1	0.52144	0.31504	1	0.49096	0.25996	1	0.50620	0.28750	1	0.47619	0.52816	11.18864	1.08464	1	0.73708	0.54991	12.20070	1.08464	1	-0.00615	-0.00810	0.70132	0.00390	1	0.06116	-0.01229	0.67413	0.00397	1	1.45898	0.81042	0	
1282406	8648.36719	3307283265105	0.47752	0.30641	8648.29980	0.06738	12229	1	0.49207	0.31828	1	0.49431	0.34451	1	0.49319	0.33140	1	0.47530	0.52834	11.61122	1.09373	1	0.73689	0.55094	12.53112	1.09373	1	-0.00615	-0.00810	0.70132	0.00368	1	0.06116	-0.01229	0.67413	0.00364	1	1.45898	0.81042	0	
1282407	8648.37402	3307283332012	0.47880	0.30789	8648.29980	0.07422	12229	1	0.49092	0.31111	1	0.49479	0.33738	1	0.49286	0.32424	1	0.47536	0.52829	11.63614	1.10281	1	0.73657	0.55060	12.53228	1.10281	1	-0.00615	-0.00810	0.70132	0.00345	1	0.06116	-0.01229	0.67413	0.00374	1	1.45898	0.81042	0	
1282408	8648.38086	3307283398880	0.47937	0.30835	8648.29980	0.08105	12229	1	0.49189	0.32864	1	0.48060	0.29891	1	0.48625	0.31378	1	0.47529	0.52849	11.41729	1.10281	1	0.73656	0.55069	11.50904	1.10281	1	-0.00615	-0.00810	0.70132	0.00371	1	0.06116	-0.01229	0.67413	0.00378	1	1.45898	0.81042	0	
1282409	8648.38672	3307283466943	0.47931	0.31018	8648.29980	0.08691	12229	1	0.49389	0.32296	1	0.46304	0.34512	1	0.47846	0.33404	1	0.47538	0.52844	11.70470	1.10281	1	0.73638	0.55052	11.99738	1.10281	1	-0.00615	-0.00810	0.70132	0.00367	1	0.06116	-0.01229	0.67413	0.00373	1	1.45898	0.81042	0	
1282410	8648.39355	3307283533018	0.47928	0.31224	8648.29980	0.09375	12229	1	0.49502	0.33003	1	0.46281	0.35217	1	0.47892	0.34110	1	0.47533	0.52855	11.48720	1.09373	1	0.73615	0.55024	12.11659	1.09373	1	-0.00605	-0.00790	0.68372	0.00347	1	0.06116	-0.01229	0.67413	0.00364	1	1.45898	0.81042	0	
1282411	8648.40039	3307283600052	0.47838	0.30804	8648.29980	0.10059	12229	1	0.48637	0.17937	1	0.44338	0.31056	1	0.46488	0.24496	1	0.47526	0.52667	11.32369	1.08464	1	0.73604	0.55057	12.41885	1.08464	1	-0.00605	-0.00790	0.68372	0.00240	1	0.06116	-0.01229	0.67413	0.00377	1	1.45898	0.81042	0	
1282412	8648.40723	3307283667560	0.47740	0.31019	8648.29980	0.10742	12229	1	0.48066	0.37911	1	0.44281	0.30998	1	0.46174	0.34454	1	0.47510	0.52862	11.12788	1.07556	1	0.73609	0.55057	12.25347	1.07556	1	-0.00605	-0.00790	0.68372	0.00359	1	0.06116	-0.01229	0.67413	0.00377	1	1.45898	0.81042	0	
1282413	8648.41406	3307283731954	0.47657	0.31249	8648.29980	0.11426	12229	1	0.48192	0.38589	1	0.44274	0.31749	1	0.46233	0.35169	1	0.47502	0.52840	11.04636	1.06647	1	0.73604	0.55043	12.10359	1.06647	1	-0.00605	-0.00790	0.68372	0.00365	1	0.06116	-0.01229	0.67413	0.00382	1	1.45898	0.81042	0	
1282414	8648.42090	3307283800885	0.47599	0.31387	8648.29980	0.12109	12229	1	0.48826	0.32837	1	0.44319	0.34902	1	0.46573	0.33869	1	0.47526	0.52815	11.37249	1.06647	1	0.73608	0.55054	12.16419	1.06647	1	-0.00605	-0.00790	0.68372	0.00368	1	0.06116	-0.01229	0.67413	0.00378	1	1.45898	0.81042	0	
1282415	8648.42676	3307283867242	0.47546	0.31623	8648.29980	0.12695	12229	1	0.48686	0.37433	1	0.44372	0.34768	1	0.46529	0.36101	1	0.47513	0.52856	11.51520	1.06647	1	0.73604	0.55043	12.10359	1.06647	1	-0.00605	-0.00790	0.68372	0.00352	1	0.06116	-0.01229	0.67413	0.00382	1	1.45898	0.81042	0	
1282416	8648.43359	3307283935077	0.47497	0.31851	8648.29980	0.13379	12229	1	0.48686	0.37433	1	0.44366	0.35380	1	0.46526	0.36407	1	0.47530	0.52818	11.33449	1.06647	1	0.73606	0.55025	12.10846	1.05881	1	-0.00605	-0.00790	0.68372	0.00361	1	0.05844	-0.01175	0.64470	0.00388	1	1.45898	0.81042	0	
1282417	8648.44043	3307284001841	0.47494	0.31658	8648.29980	0.14062	12229	1	0.49661	0.28187	1	0.45206	0.27063	1	0.47434	0.27625	1	0.47526	0.52760	11.19005	1.05881	1	0.73613	0.55012	12.07963	1.05115	1	-0.00605	-0.00790	0.68372	0.00375	1	0.05844	-0.01175	0.64470	0.00389	1	1.45898	0.81042	0	
1282418	8648.44727	3307284068690	0.47495	0.31815	8648.29980	0.14746	12229	1	0.50151	0.34707	1	0.44867	0.35817	1	0.47509	0.35262	1	0.47541	0.52828	11.32607	1.05115	1	0.73611	0.55073	12.31685	1.04349	1	-0.00605	-0.00790	0.68372	0.00351	1	0.05844	-0.01175	0.64470	0.00364	1	1.45898	0.81042	0	
1282419	8648.45410	3307284132397	0.47498	0.31971	8648.29980	0.15430	12229	1	0.50246	0.35315	1	0.44867	0.35817	1	0.47557	0.35566	1	0.47535	0.52867	11.45649	1.04349	1	0.73603	0.55047	12.17011	1.04349	1	-0.00605	-0.00790	0.68372	0.00366	1	0.06116	-0.01229	0.67413	0.00381	1	1.45898	0.81042	0	
1282420	8648.45996	3307284199247	0.47482	0.31988	8648.29980	0.16016	12229	1	0.49259	0.38127	1	0.44947	0.26626	1	0.47103	0.32377	1	0.47526	0.52849	11.74913	1.04349	1	0.73614	0.54973	12.09890	1.05115	1	-0.00605	-0.00790	0.68372	0.00364	1	0.06116	-0.01229	0.67413	0.00412	1	1.45898	0.81042	0	
1282421	8648.46680	3307284267560	0.47474	0.32057	8648.29980	0.16699	12229	1	0.49503	0.37837	1	0.45043	0.29747	1	0.47273	0.33792	1	0.47523	0.52856	11.38355	1.05115	1	0.73610	0.55009	12.21937	1.05881	1	-0.00605	-0.00790	0.68372	0.00376	1	0.06116	-0.01229	0.67413	0.00386	1	1.45898	0.81042	0	
1282422	8648.47363	3307284334114	0.47463	0.32071	8648.29980	0.17383	12229	1	0.49285	0.36557	1	0.45067	0.28321	1	0.47176	0.32439	1	0.47568	0.52835	12.16953	1.06790	1	0.73631	0.54977	11.71083	1.07556	1	-0.00615	-0.00810	0.70132	0.00381	1	0.06116	-0.01229	0.67413	0.00384	1	1.45898	0.81042	0	
1282423	8648.48047	3307284401545	0.47579	0.31874	8648.29980	0.18066	12229	1	0.52593	0.37079	1	0.48847	0.16000	1	0.50720	0.26540	1	0.47580	0.52875	12.33733	1.08464	1	0.73668	0.54897	12.39775	1.08464	1	-0.00615	-0.00810	0.70132	0.00350	1	0.06116	-0.01229	0.67413	0.00417	1	1.45898	0.81042	0	
1282424	8648.48730	3307284467268	0.47622	0.31607	8648.29980	0.18750	12229	1	0.48712	0.29984	1	0.48942	0.18310	1	0.48827	0.24147	1	0.47568	0.52812	11.97570	1.09373	1	0.73674	0.54925	12.46709	1.09373	1	-0.00615	-0.00810	0.70132	0.00374	1	0.06116	-0.01229	0.67413	0.00419	1	1.45898	0.81042	0	
1282425	8648.49414	3307284534700	0.47662	0.31370	8648.29980	0.19434	12229	1	0.48712	0.29984	1	0.48905	0.19024	1	0.48808	0.24504	1	0.47619	0.52854	11.36004	1.09373	1	0.73673	0.54957	12.55845	1.08607	1	-0.00587	-0.00780	0.67538	0.00387	1	0.06021	-0.01208	0.66304	0.00393	1	1.45898	0.81042	0	
1282426	8648.50098	3307284600137	0.47696	0.31247	8648.29980	0.20117	12229	1	0.53096	0.32235	1	0.44333	0.22855	1	0.48715	0.27545	1	0.47629	0.52830	11.26401	1.07698	1	0.73677	0.54951	12.41590	1.06932	1	-0.00587	-0.00780	0.67538	0.00396	1	0.06021	-0.01208	0.66304	0.00397	1	1.45898	0.81042	0	
1282427	8648.50781	3307284668646	0.47665	0.30963	8648.29980	0.20801	12229	1	0.48768	0.19203	1	0.44640	0.25107	1	0.46704	0.22155	1	0.47554	0.52651	11.72534	1.06024	1	0.73683	0.54977	12.50305	1.05258	1	-0.00587	-0.00780	0.67538	0.00232	1	0.06021	-0.01208	0.66304	0.00395	1	1.45898	0.81042	0	
1282428	8648.51465	3307284738884	0.47639	0.30720	8648.29980	0.21484	12229	1	0.48992	0.20767	1	0.44640	0.25144	1	0.46816	0.22955	1	0.47598	0.52788	10.90674	1.04349	1	0.73683	0.55053	12.53030	1.05217	1	-0.00587	-0.00780	0.67538	0.00391	1	0.06435	-0.01291	0.70864	0.00383	1	1.45898	0.81042	0	
1282429	8648.52148	3307284805757	0.47604	0.30800	8648.29980	0.22168	12229	1	0.49263	0.33901	1	0.43667	0.32939	1	0.46465	0.33420	1	0.47600	0.52829	11.27017	1.05217	1	0.73675	0.55056	12.51562	1.06851	1	-0.00587	-0.00780	0.67538	0.00377	1	0.06435	-0.01291	0.70864	0.00395	1	1.45898	0.81042	0	
1282430	8648.52734	3307284872330	0.47562	0.30816	8648.29980	0.22754	12229	1	0.48413	0.33708	1	0.43842	0.29066	1	0.46128	0.31387	1	0.47592	0.52819	11.05446	1.06851	1	0.73680	0.55054	12.35411	1.08485	1	-0.00587	-0.00780	0.67538	0.00380	1	0.06435	-0.01291	0.70864	0.00376	1	1.45898	0.81042	0	
1282431	8648.53418	3307284939600	0.47518	0.30775	8648.29980	0.23438	12229	1	0.48067	0.31697	1	0.43852	0.26939	1	0.45959	0.29318	1	0.47606	0.52836	11.36533	1.09394	1	0.73670	0.55080	12.60356	1.11028	1	-0.00600	-0.00809	0.69633	0.00366	1	0.06301	-0.01263	0.69281	0.00372	1	1.45898	0.81042	0	
1282432	8648.54102	3307285007804	0.47498	0.27979	8648.29980	0.23438	12229	0	0.48473	0.26231	1	0.44309	0.28867	1	0.46391	0.27549	1	0.47603	0.52842	11.32226	1.11936	1	0.73676	0.55066	12.55180	1.11936	1	-0.00600	-0.00809	0.69633	0.00371	1	0.06301	-0.01263	0.69281	0.00381	1	1.45898	0.81042	0	
1282433	8648.54785	3307285073505	0.47058	0.26423	8648.29980	0.23438	12229	0	0.48198	0.26014	1	0.45037	0.23721	1	0.46618	0.24868	1	0.47601	0.52849	11.39294	1.12845	1	0.73692	0.55023	12.00962	1.12845	1	-0.00600	-0.00809	0.69633	0.00376	1	0.06301	-0.01263	0.69281	0.00386	1	1.45898	0.81042	0	
1282434	8648.55469	3307285140806	0.46892	0.25775	8648.29980	0.23438	12229	0	0.48080	0.25271	1	0.45038	0.23687	1	0.46559	0.24479	1	0.47622	0.52866	11.81089	1.13754	1	0.73677	0.55076	12.85632	1.12885	1	-0.00606	-0.00832	0.71539	0.00363	1	0.06155	-0.01237	0.67617	0.00373	1	1.45898	0.81042	0	
1282435	8648.56152	3307285208292	0.47254	0.25823	8648.54102	0.02051	12230	1	0.50201	0.27157	1	0.46481	0.24776	1	0.48341	0.25966	1	0.47634	0.52848	11.67997	1.12885	1	0.73718	0.55045	12.97967	1.12017	1	-0.00606	-0.00832	0.71539	0.00379	1	0.06155	-0.01237	0.67617	0.00371	1	1.45898	0.81042	0	
1282436	8648.56836	3307285274551	0.46902	0.27386	8648.54102	0.02734	12230	1	0.47296	0.31836	1	0.43692	0.35441	1	0.45494	0.33638	1	0.47623	0.52859	11.64997	1.12017	1	0.73714	0.55125	13.55410	1.11149	1	-0.00606	-0.00832	0.71539	0.00388	1	0.06155	-0.01237	0.67617	0.00390	1	1.45898	0.81042	0	
1282437	8648.57422	3307285341476	0.46688	0.28600	8648.54102	0.03320	12230	1	0.47542	0.33208	1	0.43690	0.36131	1	0.45616	0.34669	1	0.47673	0.52645	11.65152	1.10241	1	0.73782	0.55108	12.57111	1.10241	1	-0.00570	-0.00784	0.67869	0.00233	1	0.06527	-0.01306	0.71637	0.00382	1	1.45898	0.81042	0	
1282438	8648.58105	3307285404229	0.46803	0.28928	8648.54102	0.04004	12230	1	0.47562	0.36475	1	0.47434	0.25321	1	0.47498	0.30898	1	0.47664	0.52888	11.54893	1.09332	1	0.73805	0.55003	12.76238	1.10200	1	-0.00570	-0.00784	0.67869	0.00360	1	0.06527	-0.01306	0.71637	0.00418	1	1.45898	0.81042	0	
1282439	8648.58789	3307285473244	0.46864	0.29825	8648.54102	0.04688	12230	1	0.48508	0.34765	1	0.46062	0.37434	1	0.47285	0.36100	1	0.47671	0.52866	11.07480	1.09292	1	0.73750	0.55130	13.61504	1.10160	1	-0.00570	-0.00784	0.67869	0.00366	1	0.06527	-0.01306	0.71637	0.00390	1	1.45898	0.81042	0	
1282440	8648.59473	3307285537601	0.46910	0.30561	8648.54102	0.05371	12230	1	0.48514	0.34796	1	0.46041	0.38115	1	0.47277	0.36456	1	0.47693	0.52891	12.22676	1.09251	1	0.73761	0.55094	13.54816	1.09251	1	-0.00561	-0.00786	0.68055	0.00350	1	0.06204	-0.01245	0.68042	0.00413	1	1.45898	0.81042	0	
1282441	8648.60156	3307285606820	0.47118	0.30706	8648.54102	0.06055	12230	1	0.51313	0.31516	1	0.46667	0.32495	1	0.48990	0.32005	1	0.47720	0.52868	12.17553	1.09251	1	0.73797	0.55059	13.04227	1.08383	1	-0.00561	-0.00786	0.68055	0.00372	1	0.06204	-0.01245	0.68042	0.00414	1	1.45898	0.81042	0	
1282442	8648.60840	3307285675262	0.47229	0.30470	8648.54102	0.06738	12230	1	0.50176	0.25722	1	0.46505	0.30497	1	0.48341	0.28110	1	0.47704	0.52791	11.63726	1.08383	1	0.73799	0.55051	12.90244	1.07515	1	-0.00561	-0.00786	0.68055	0.00386	1	0.06204	-0.01245	0.68042	0.00416	1	1.45898	0.81042	0	
1282443	8648.61523	3307285742756	0.47321	0.30270	8648.54102	0.07422	12230	1	0.50171	0.25688	1	0.46507	0.30464	1	0.48339	0.28076	1	0.47767	0.52852	11.36347	1.08424	1	0.73812	0.55081	13.00222	1.07556	1	-0.00580	-0.00819	0.70909	0.00379	1	0.06190	-0.01235	0.67777	0.00404	1	1.45898	0.81042	0	
1282444	8648.62109	3307285806119	0.47674	0.30236	8648.54102	0.08008	12230	1	0.54393	0.33430	1	0.49431	0.26216	1	0.51912	0.29823	1	0.47767	0.52852	11.36347	1.08464	1	0.73839	0.55064	12.32483	1.08464	1	-0.00580	-0.00819	0.70909	0.00379	1	0.06190	-0.01235	0.67777	0.00409	1	1.45898	0.81042	0	
1282445	8648.62793	3307285872751	0.47869	0.30382	8648.54102	0.08691	12230	1	0.53232	0.37814	1	0.47567	0.26743	1	0.50400	0.32278	1	0.47781	0.52905	11.48605	1.09373	1	0.73809	0.55069	13.08235	1.09373	1	-0.00580	-0.00819	0.70909	0.00367	1	0.06190	-0.01235	0.67777	0.00411	1	1.45898	0.81042	0	
1282446	8648.63477	3307285941164	0.48038	0.30508	8648.54102	0.09375	12230	1	0.53232	0.37814	1	0.47567	0.26743	1	0.50400	0.32278	1	0.47762	0.52834	11.31383	1.09373	1	0.73843	0.55099	12.80084	1.09373	1	-0.00552	-0.00787	0.68167	0.00380	1	0.06221	-0.01247	0.68121	0.00388	1	1.45898	0.81042	0	
1282447	8648.64160	3307286012418	0.48305	0.30585	8648.54102	0.10059	12230	1	0.55152	0.32958	1	0.49459	0.30529	1	0.52305	0.31744	1	0.47810	0.52851	11.82987	1.08464	1	0.73843	0.55099	12.80084	1.08464	1	-0.00552	-0.00787	0.68167	0.00410	1	0.06221	-0.01247	0.68121	0.00389	1	1.45898	0.81042	0	
1282448	8648.64844	3307286079034	0.48121	0.30605	8648.54102	0.10742	12230	1	0.55152	0.32958	0	0.45179	0.30915	1	0.45179	0.30915	1	0.47810	0.52851	11.82987	1.07556	0	0.73816	0.55095	12.63533	1.07556	1	-0.00552	-0.00787	0.68167	0.00410	1	0.06221	-0.01247	0.68121	0.00392	1	1.45898	0.81042	0	
1282449	8648.65527	3307286146058	0.48121	0.30605	8648.54102	0.11426	12230	1	0.55152	0.32958	0	0.45179	0.30915	0	0.45179	0.30915	0	0.47810	0.52851	11.82987	1.06647	0	0.73816	0.55095	12.63533	1.06647	0	-0.00552	-0.00787	0.68167	0.00410	1	0.06221	-0.01247	0.68121	0.00392	1	1.45898	0.81042	0	
1282450	8648.66211	3307286211970	0.48121	0.30605	8648.54102	0.12109	12230	1	0.55152	0.32958	0	0.45179	0.30915	0	0.45179	0.30915	0	0.47810	0.52851	11.82987	1.06647	0	0.73816	0.55095	12.63533	1.06647	0	-0.00552	-0.00787	0.68167	0.00410	1	0.06221	-0.01247	0.68121	0.00392	1	1.45898	0.81042	0	
1282451	8648.66797	3307286279129	0.48121	0.30605	8648.54102	0.12695	12230	1	0.55152	0.32958	0	0.45179	0.30915	0	0.45179	0.30915	0	0.47810	0.52851	11.82987	1.06647	0	0.73816	0.55095	12.63533	1.06647	0	-0.00552	-0.00787	0.68167	0.00410	1	0.06221	-0.01247	0.68121	0.00392	1	1.45898	0.81042	0	
1282452	8648.67480	3307286346047	0.48628	0.31946	8648.54102	0.12695	12230	0	0.55152	0.32958	0	0.45179	0.30915	0	0.45179	0.30915	0	0.47810	0.52851	11.82987	1.06647	0	0.73816	0.55095	12.63533	1.06647	0	-0.00552	-0.00787	0.68167	0.00410	1	0.06221	-0.01247	0.68121	0.00392	1	1.45898	0.81042	0	
1282453	8648.68164	3307286413203	0.48628	0.31946	8648.54102	0.12695	12230	0	0.55152	0.32958	0	0.45179	0.30915	0	0.45179	0.30915	0	0.47810	0.52851	11.82987	1.06647	0	0.73816	0.55095	12.63533	1.06647	0	-0.00552	-0.00787	0.68167	0.00410	1	0.06221	-0.01247	0.68121	0.00392	1	1.45898	0.81042	0	
1282454	8648.68848	3307286479257	0.48628	0.31946	8648.54102	0.12695	12230	0	0.55152	0.32958	0	0.45179	0.30915	0	0.45179	0.30915	0	0.47810	0.52851	11.82987	1.06647	0	0.73816	0.55095	12.63533	1.06647	0	-0.00552	-0.00787	0.68167	0.00410	1	0.06221	-0.01247	0.68121	0.00392	1	1.45898	0.81042	0	
1282455	8648.69531	3307286547077	0.00000	0.00000	8648.54102	0.12695	12230	0	0.55152	0.32958	0	0.45179	0.30915	0	0.45179	0.30915	0	0.47810	0.52851	11.82987	1.06647	0	0.73816	0.55095	12.63533	1.06647	0	-0.00552	-0.00787	0.68167	0.00410	1	0.06221	-0.01247	0.68121	0.00392	1	1.45898	0.81042	0	
1282456	8648.70215	3307286614705	0.00000	0.00000	8648.54102	0.12695	12230	0	0.55152	0.32958	0	0.45179	0.30915	0	0.45179	0.30915	0	0.47810	0.52851	11.82987	1.06647	0	0.73816	0.55095	12.63533	1.06647	0	-0.00552	-0.00787	0.68167	0.00410	1	0.06221	-0.01247	0.68121	0.00392	1	1.45898	0.81042	0	
1282457	8648.70898	3307286681210	0.00000	0.00000	8648.54102	0.12695	12230	0	0.55152	0.32958	0	0.45179	0.30915	0	0.45179	0.30915	0	0.47810	0.52851	11.82987	1.06647	0	0.73816	0.55095	12.63533	1.06647	0	-0.00552	-0.00787	0.68167	0.00410	1	0.06221	-0.01247	0.68121	0.00392	1	1.45898	0.81042	0	
1282458	8648.71484	3307286748343	0.50232	0.33024	8648.54102	0.12695	12230	0	0.55299	0.34380	1	0.45164	0.31667	1	0.50232	0.33024	1	0.47830	0.52722	11.09694	1.06647	1	0.73890	0.55147	13.09853	1.06647	1	-0.00529	-0.00784	0.67845	0.00364	1	0.06261	-0.01261	0.68326	0.00380	1	1.45898	0.81042	0	
1282459	8648.72168	3307286814764	0.50930	0.35118	8648.54102	0.12695	12230	0	0.56141	0.38494	1	0.47115	0.35930	1	0.51628	0.37212	1	0.47902	0.52900	12.27304	1.06647	1	0.73893	0.55150	13.22790	1.06647	1	-0.00529	-0.00784	0.67845	0.00372	1	0.06261	-0.01261	0.68326	0.00383	1	1.45898	0.81042	0	
1282460	8648.72852	3307286881699	0.49997	0.33589	8648.54102	0.12695	12230	0	0.48661	0.19246	1	0.47599	0.41818	1	0.48130	0.30532	1	0.47810	0.52656	11.95861	1.06647	1	0.73890	0.55155	13.07784	1.06647	1	-0.00529	-0.00784	0.67845	0.00240	1	0.06261	-0.01261	0.68326	0.00383	1	1.45898	0.81042	0	
1282461	8648.73535	3307286947713	0.49530	0.32825	8648.71484	0.02051	12231	1	0.48661	0.19246	1	0.47599	0.41818	1	0.48130	0.30532	1	0.47862	0.52866	11.64988	1.06647	1	0.73895	0.55150	12.83252	1.06647	1	-0.00529	-0.00784	0.67845	0.00358	1	0.06145	-0.01242	0.67062	0.00381	1	1.45898	0.81042	0	
1282462	8648.74219	3307287016045	0.49294	0.33851	8648.71484	0.02734	12231	1	0.51691	0.38220	1	0.45006	0.37691	1	0.48348	0.37955	1	0.47838	0.52862	11.47437	1.06647	1	0.73893	0.55161	12.84005	1.06647	1	-0.00529	-0.00784	0.67845	0.00362	1	0.06145	-0.01242	0.67062	0.00385	1	1.45898	0.81042	0	
1282463	8648.74902	3307287082870	0.48901	0.33827	8648.71484	0.03418	12231	1	0.48407	0.30345	1	0.45464	0.37074	1	0.46935	0.33709	1	0.47830	0.52779	11.08107	1.06647	1	0.73894	0.55147	12.77545	1.06647	1	-0.00529	-0.00784	0.67845	0.00398	1	0.06145	-0.01242	0.67062	0.00390	1	1.45898	0.81042	0	
1282464	8648.75488	3307287148415	0.48620	0.33811	8648.71484	0.04004	12231	1	0.48407	0.30345	1	0.45464	0.37074	1	0.46935	0.33709	1	0.47845	0.52791	11.22980	1.06647	1	0.73883	0.55164	12.95982	1.06647	1	-0.00529	-0.00784	0.67845	0.00398	1	0.06145	-0.01242	0.67062	0.00385	1	1.45898	0.81042	0	
1282465	8648.76270	3307287217866	0.48502	0.33687	8648.71484	0.04785	12231	1	0.48718	0.33597	1	0.46638	0.32052	1	0.47678	0.32825	1	0.47830	0.52854	11.35117	1.06647	1	0.73922	0.55109	12.14183	1.06647	1	-0.00529	-0.00784	0.67845	0.00367	1	0.06145	-0.01242	0.67062	0.00375	1	1.45898	0.81042	0	
1282466	8648.76855	3307287284585	0.48389	0.33728	8648.71484	0.05371	12231	1	0.48744	0.33773	1	0.46221	0.34326	1	0.47483	0.34049	1	0.47830	0.52866	11.31164	1.06647	1	0.73909	0.55126	12.56653	1.06647	1	-0.00529	-0.00784	0.67845	0.00360	1	0.06145	-0.01242	0.67062	0.00365	1	1.45898	0.81042	0	
1282467	8648.77539	3307287350991	0.48299	0.33725	8648.71484	0.06055	12231	1	0.48744	0.33773	1	0.46243	0.33628	1	0.47494	0.33700	1	0.47839	0.52863	11.33030	1.06647	1	0.73916	0.55126	12.23646	1.07515	1	-0.00529	-0.00784	0.67845	0.00364	1	0.06503	-0.01314	0.70917	0.00369	1	1.45898	0.81042	0	
1282468	8648.78223	3307287417996	0.48261	0.33776	8648.71484	0.06738	12231	1	0.49071	0.28585	1	0.46681	0.39996	1	0.47876	0.34291	1	0.47845	0.52837	11.17097	1.07515	1	0.73922	0.55163	12.55503	1.08383	1	-0.00529	-0.00784	0.67845	0.00363	1	0.06503	-0.01314	0.70917	0.00364	1	1.45898	0.81042	0	
1282469	8648.78906	3307287484726	0.48224	0.33958	8648.71484	0.07422	12231	1	0.48879	0.32835	1	0.46755	0.39084	1	0.47817	0.35959	1	0.47836	0.52861	11.43989	1.08383	1	0.73916	0.55145	12.32595	1.09251	1	-0.00529	-0.00784	0.67845	0.00362	1	0.06503	-0.01314	0.70917	0.00367	1	1.45898	0.81042	0	
1282470	8648.79590	3307287550116	0.48188	0.34086	8648.71484	0.08105	12231	1	0.48766	0.32151	1	0.46755	0.39084	1	0.47761	0.35617	1	0.47882	0.52647	11.58625	1.09251	1	0.73967	0.55117	12.81539	1.09251	1	-0.00518	-0.00782	0.67718	0.00235	1	0.06304	-0.01267	0.68689	0.00368	1	1.45898	0.81042	0	
1282471	8648.80176	3307287615624	0.48420	0.33904	8648.71484	0.08691	12231	1	0.52781	0.30137	1	0.50080	0.32932	1	0.51430	0.31534	1	0.47909	0.52821	11.28610	1.09251	1	0.73967	0.55116	12.77903	1.08383	1	-0.00518	-0.00782	0.67718	0.00359	1	0.06304	-0.01267	0.68689	0.00368	1	1.45898	0.81042	0	
1282472	8648.80859	3307287685954	0.48581	0.33856	8648.71484	0.09375	12231	1	0.52468	0.29480	1	0.49193	0.36903	1	0.50831	0.33192	1	0.47894	0.52824	11.20259	1.08383	1	0.73955	0.55146	13.42439	1.07515	1	-0.00518	-0.00782	0.67718	0.00344	1	0.06304	-0.01267	0.68689	0.00372	1	1.45898	0.81042	0	
1282473	8648.81543	3307287752557	0.48723	0.33858	8648.71484	0.10059	12231	1	0.52557	0.30189	1	0.49148	0.37576	1	0.50853	0.33883	1	0.47864	0.52644	11.54378	1.07515	1	0.73972	0.55132	13.04265	1.06647	1	-0.00518	-0.00782	0.67718	0.00232	1	0.06304	-0.01272	0.68689	0.00369	1	1.45898	0.81042	0	
1282474	8648.82227	3307287818579	0.48807	0.33365	8648.71484	0.10742	12231	1	0.50220	0.15317	1	0.50110	0.35660	1	0.50165	0.25489	1	0.47870	0.52647	11.70567	1.06647	1	0.73967	0.55137	12.91013	1.06647	1	-0.00518	-0.00782	0.67718	0.00232	1	0.06304	-0.01272	0.68689	0.00366	1	1.45898	0.81042	0	
1282475	8648.82910	3307287887057	0.48803	0.32876	8648.71484	0.11426	12231	1	0.50213	0.12838	1	0.47251	0.36287	1	0.48732	0.24562	1	0.47870	0.52652	11.69742	1.06647	1	0.73934	0.55147	12.37898	1.06647	1	-0.00518	-0.00782	0.67718	0.00232	1	0.06304	-0.01272	0.68689	0.00370	1	1.45898	0.81042	0	
1282476	8648.83594	3307287954070	0.48799	0.32439	8648.71484	0.12109	12231	1	0.50213	0.12838	1	0.47251	0.36287	1	0.48732	0.24562	1	0.47867	0.52657	11.55452	1.06647	1	0.73964	0.55143	12.72475	1.06647	1	-0.00518	-0.00782	0.67718	0.00233	1	0.06304	-0.01267	0.68689	0.00368	1	1.45898	0.81042	0	
1282477	8648.84277	3307288018656	0.48842	0.32188	8648.71484	0.12793	12231	1	0.50293	0.17814	1	0.49012	0.37028	1	0.49653	0.27421	1	0.47862	0.52652	11.37938	1.06647	1	0.73951	0.55108	12.24490	1.06647	1	-0.00518	-0.00782	0.67718	0.00234	1	0.06304	-0.01267	0.68689	0.00384	1	1.45898	0.81042	0	
1282478	8648.84863	3307288086049	0.48978	0.32315	8648.71484	0.13379	12231	1	0.54053	0.34072	1	0.49332	0.35655	1	0.51693	0.34863	1	0.47911	0.52840	11.31971	1.06647	1	0.73957	0.55103	12.30773	1.06647	1	-0.00518	-0.00782	0.67718	0.00339	1	0.06304	-0.01267	0.68689	0.00383	1	1.45898	0.81042	0	
1282479	8648.85645	3307288155037	0.49101	0.32431	8648.71484	0.14160	12231	1	0.54053	0.34072	1	0.49332	0.35655	1	0.51693	0.34863	1	0.47915	0.52840	11.17065	1.06647	1	0.73951	0.55114	12.13945	1.06647	1	-0.00518	-0.00782	0.67718	0.00337	1	0.06304	-0.01267	0.68689	0.00372	1	1.45898	0.81042	0	
1282480	8648.86230	3307288222535	0.49120	0.32169	8648.71484	0.14746	12231	1	0.50574	0.16815	1	0.48508	0.35973	1	0.49541	0.26394	1	0.47869	0.52632	11.81015	1.06647	1	0.73946	0.55100	11.96815	1.06647	1	-0.00518	-0.00782	0.67718	0.00230	1	0.06304	-0.01267	0.68689	0.00386	1	1.45898	0.81042	0	
1282481	8648.86914	3307288288940	0.49213	0.32276	8648.71484	0.15430	12231	1	0.53568	0.36550	1	0.49103	0.32956	1	0.51335	0.34753	1	0.47908	0.52854	11.54730	1.06647	1	0.73958	0.55116	12.23576	1.06647	1	-0.00518	-0.00782	0.67718	0.00335	1	0.06304	-0.01267	0.68689	0.00382	1	1.45898	0.81042	0	
1282482	8648.87598	3307288355281	0.49298	0.32375	8648.71484	0.16113	12231	1	0.53568	0.36550	1	0.49103	0.32956	1	0.51335	0.34753	1	0.47847	0.52631	11.48111	1.06647	1	0.73952	0.55128	12.35207	1.06647	1	-0.00518	-0.00782	0.67718	0.00232	1	0.06304	-0.01267	0.68689	0.00372	1	1.45898	0.81042	0	
1282483	8648.88281	3307288422653	0.49306	0.32105	8648.71484	0.16797	12231	1	0.49915	0.17153	1	0.49115	0.33542	1	0.49515	0.25347	1	0.47860	0.52637	11.44700	1.06647	1	0.73951	0.55134	12.41344	1.06647	1	-0.00518	-0.00782	0.67718	0.00227	1	0.06304	-0.01267	0.68689	0.00370	1	1.45898	0.81042	0	
1282484	8648.88965	3307288490115	0.50180	0.29314	8648.71484	0.16797	12231	0	0.48705	0.16216	1	0.49115	0.33542	1	0.48910	0.24879	1	0.47855	0.52620	11.22429	1.06647	1	0.73951	0.55134	12.41344	1.06647	1	-0.00518	-0.00782	0.67718	0.00232	1	0.06304	-0.01267	0.68689	0.00370	1	1.45898	0.81042	0	
1282485	8648.89648	3307288557361	0.49545	0.27096	8648.71484	0.16797	12231	0	0.48705	0.16216	1	0.49115	0.33542	1	0.48910	0.24879	1	0.47855	0.52620	11.22429	1.06647	1	0.73951	0.55134	12.41344	1.06647	1	-0.00518	-0.00782	0.67718	0.00232	1	0.06304	-0.01267	0.68689	0.00370	1	1.45898	0.81042	0	
1282486	8648.90332	3307288624109	0.49391	0.27116	8648.71484	0.16797	12231	0	0.50559	0.16976	1	0.47608	0.37333	1	0.49083	0.27154	1	0.47856	0.52628	11.50254	1.06647	1	0.73934	0.55119	12.19441	1.06647	1	-0.00518	-0.00782	0.67718	0.00237	1	0.06304	-0.01267	0.68689	0.00375	1	1.45898	0.81042	0	
1282487	8648.90918	3307288691001	0.49682	0.29562	8648.88965	0.01953	12232	1	0.54017	0.34961	1	0.47096	0.38839	1	0.50557	0.36900	1	0.47914	0.52843	11.39872	1.06647	1	0.73927	0.55129	11.96892	1.06647	1	-0.00518	-0.00782	0.67718	0.00345	1	0.06304	-0.01267	0.68689	0.00375	1	1.45898	0.81042	0	
1282488	8648.91602	3307288757850	0.49857	0.31030	8648.88965	0.02637	12232	1	0.54017	0.34961	1	0.47096	0.38839	1	0.50557	0.36900	1	0.47862	0.52612	11.89623	1.06647	1	0.73947	0.55144	12.46083	1.06647	1	-0.00518	-0.00782	0.67718	0.00226	1	0.06261	-0.01261	0.68326	0.00373	1	1.45898	0.81042	0	
1282489	8648.92285	3307288824531	0.49663	0.30390	8648.88965	0.03320	12232	1	0.49502	0.16012	1	0.47885	0.38375	1	0.48694	0.27194	1	0.47859	0.52622	11.62716	1.06647	1	0.73942	0.55127	12.23969	1.06647	1	-0.00518	-0.00782	0.67718	0.00229	1	0.06261	-0.01261	0.68326	0.00383	1	1.45898	0.81042	0	
1282490	8648.92969	3307288891524	0.49599	0.30081	8648.88965	0.04004	12232	1	0.49700	0.15309	1	0.48727	0.41146	1	0.49213	0.28227	1	0.47861	0.52623	11.61940	1.06647	1	0.73952	0.55145	12.45413	1.06647	1	-0.00518	-0.00782	0.67718	0.00230	1	0.06261	-0.01261	0.68326	0.00376	1	1.45898	0.81042	0	
1282491	8648.93652	3307288958168	0.49549	0.29885	8648.88965	0.04688	12232	1	0.49700	0.15309	1	0.48690	0.41714	1	0.49195	0.28512	1	0.47853	0.52624	11.67139	1.06647	1	0.73941	0.55153	12.10367	1.05881	1	-0.00529	-0.00784	0.67845	0.00233	1	0.05994	-0.01206	0.65368	0.00380	1	1.45898	0.81042	0	
1282492	8648.94336	3307289026445	0.49491	0.29921	8648.88965	0.05371	12232	1	0.51604	0.17365	1	0.46458	0.43054	1	0.49031	0.30210	1	0.47850	0.52634	11.76894	1.05881	1	0.73916	0.55147	12.39047	1.05115	1	-0.00529	-0.00784	0.67845	0.00230	1	0.05994	-0.01206	0.65368	0.00374	1	1.45898	0.81042	0	
1282493	8648.95020	3307289092592	0.49524	0.29779	8648.88965	0.06055	12232	1	0.51842	0.18757	1	0.47805	0.38246	1	0.49823	0.28501	1	0.47856	0.52632	11.50352	1.05115	1	0.73936	0.55139	11.97668	1.04349	1	-0.00529	-0.00784	0.67845	0.00233	1	0.05994	-0.01206	0.65368	0.00390	1	1.45898	0.81042	0	
1282494	8648.95605	3307289159511	0.49555	0.29696	8648.88965	0.06641	12232	1	0.51926	0.19480	1	0.47805	0.38246	1	0.49865	0.28863	1	0.47843	0.52615	11.73690	1.04349	1	0.73935	0.55155	12.31534	1.04349	1	-0.00529	-0.00784	0.67845	0.00232	1	0.06261	-0.01261	0.68326	0.00369	1	1.45898	0.81042	0	
1282495	8648.96289	3307289224879	0.49501	0.29370	8648.88965	0.07324	12232	1	0.51557	0.17689	1	0.46248	0.33874	1	0.48902	0.25782	1	0.47842	0.52635	11.32329	1.04349	1	0.73905	0.55094	12.13036	1.05115	1	-0.00529	-0.00784	0.67845	0.00237	1	0.06261	-0.01261	0.68326	0.00377	1	1.45898	0.81042	0	
1282496	8648.96973	3307289293685	0.49535	0.29500	8648.88965	0.08008	12232	1	0.51100	0.17991	1	0.48796	0.44139	1	0.49948	0.31065	1	0.47840	0.52638	11.43323	1.05115	1	0.73917	0.55163	12.44275	1.05881	1	-0.00529	-0.00784	0.67845	0.00234	1	0.06261	-0.01261	0.68326	0.00373	1	1.45898	0.81042	0	
1282497	8648.97656	3307289360722	0.49563	0.29566	8648.88965	0.08691	12232	1	0.51011	0.17261	1	0.48834	0.43588	1	0.49922	0.30425	1	0.47830	0.52637	11.79153	1.05881	1	0.73874	0.55127	12.81419	1.06647	1	-0.00529	-0.00784	0.67845	0.00233	1	0.06261	-0.01261	0.68326	0.00389	1	1.45898	0.81042	0	
1282498	8648.98340	3307289427378	0.49606	0.29480	8648.88965	0.09375	12232	1	0.52320	0.15672	1	0.48107	0.40864	1	0.50213	0.28268	1	0.47820	0.52629	11.50831	1.06647	1	0.73900	0.55145	12.79614	1.06647	1	-0.00529	-0.00784	0.67845	0.00224	1	0.06261	-0.01261	0.68326	0.00377	1	1.45898	0.81042	0	
1282499	8648.99023	3307289494383	0.49635	0.29099	8648.88965	0.10059	12232	1	0.51903	0.15715	1	0.48220	0.31049	1	0.50062	0.23382	1	0.47820	0.52626	11.38506	1.06647	1	0.73907	0.55096	12.25702	1.06647	1	-0.00529	-0.00784	0.67845	0.00225	1	0.06261	-0.01261	0.68326	0.00387	1	1.45898	0.81042	0	
1282500	8648.99707	3307289561366	0.49660	0.28762	8648.88965	0.10742	12232	1	0.51903	0.15715	1	0.48220	0.31049	1	0.50062	0.23382	1	0.47793	0.52631	11.55327	1.06647	1	0.73905	0.55153	12.77781	1.06647	1	-0.00546	-0.00794	0.68757	0.00225	1	0.06157	-0.01242	0.67308	0.00370	1	1.45898	0.81042	0	
1282501	8649.00293	3307289624507	0.49691	0.29490	8648.88965	0.11328	12232	1	0.51903	0.15715	0	0.50212	0.41860	1	0.50212	0.41860	1	0.47793	0.52631	11.55327	1.06647	0	0.73902	0.55152	12.83663	1.06647	1	-0.00546	-0.00794	0.68757	0.00225	1	0.06157	-0.01242	0.67308	0.00366	1	1.45898	0.81042	0	
1282502	8649.00977	3307289692000	0.49691	0.29490	8648.88965	0.12012	12232	1	0.51903	0.15715	0	0.50212	0.41860	0	0.50212	0.41860	0	0.47793	0.52631	11.55327	1.06647	0	0.73902	0.55152	12.83663	1.06647	0	-0.00546	-0.00794	0.68757	0.00225	1	0.06157	-0.01242	0.67308	0.00366	1	1.45898	0.81042	0	
1282503	8649.01562	3307289755415	0.49691	0.29490	8648.88965	0.12598	12232	1	0.51903	0.15715	0	0.50212	0.41860	0	0.50212	0.41860	0	0.47793	0.52631	11.55327	1.06647	0	0.73902	0.55152	12.83663	1.06647	0	-0.00546	-0.00794	0.68757	0.00225	1	0.06157	-0.01242	0.67308	0.00366	1	1.45898	0.81042	0	
1282504	8649.02344	3307289826012	0.49651	0.30104	8648.88965	0.13379	12232	1	0.51903	0.15715	0	0.48946	0.41155	1	0.48946	0.41155	1	0.47793	0.52631	11.55327	1.06647	0	0.73877	0.55157	12.34555	1.06647	1	-0.00546	-0.00794	0.68757	0.00225	1	0.06157	-0.01242	0.67308	0.00369	1	1.45898	0.81042	0	
1282505	8649.02930	3307289892241	0.49651	0.30104	8648.88965	0.13965	12232	1	0.51903	0.15715	0	0.48946	0.41155	0	0.48946	0.41155	0	0.47793	0.52631	11.55327	1.06647	0	0.73877	0.55157	12.34555	1.06647	0	-0.00546	-0.00794	0.68757	0.00225	1	0.06157	-0.01242	0.67308	0.00369	1	1.45898	0.81042	0	
1282506	8649.03613	3307289958581	0.49651	0.30104	8648.88965	0.14648	12232	1	0.51903	0.15715	0	0.48946	0.41155	0	0.48946	0.41155	0	0.47793	0.52631	11.55327	1.06647	0	0.73877	0.55157	12.34555	1.06647	0	-0.00546	-0.00794	0.68757	0.00225	1	0.06157	-0.01242	0.67308	0.00369	1	1.45898	0.81042	0	
1282507	8649.04297	3307290026897	0.49651	0.30104	8648.88965	0.15332	12232	1	0.51903	0.15715	0	0.48946	0.41155	0	0.48946	0.41155	0	0.47793	0.52631	11.55327	1.06647	0	0.73877	0.55157	12.34555	1.06647	0	-0.00546	-0.00794	0.68757	0.00225	1	0.06157	-0.01242	0.67308	0.00369	1	1.45898	0.81042	0	
1282508	8649.04980	3307290094130	0.49682	0.30117	8648.88965	0.15332	12232	0	0.51903	0.15715	0	0.48946	0.41155	0	0.48946	0.41155	0	0.47793	0.52631	11.55327	1.06647	0	0.73877	0.55157	12.34555	1.06647	0	-0.00546	-0.00794	0.68757	0.00225	1	0.06157	-0.01242	0.67308	0.00369	1	1.45898	0.81042	0	
1282509	8649.05664	3307290162186	0.49682	0.30117	8648.88965	0.15332	12232	0	0.51903	0.15715	0	0.48946	0.41155	0	0.48946	0.41155	0	0.47793	0.52631	11.55327	1.06647	0	0.73877	0.55157	12.34555	1.06647	0	-0.00546	-0.00794	0.68757	0.00225	1	0.06157	-0.01242	0.67308	0.00369	1	1.45898	0.81042	0	
1282510	8649.06348	3307290227996	0.49682	0.30117	8648.88965	0.15332	12232	0	0.51903	0.15715	0	0.48946	0.41155	0	0.48946	0.41155	0	0.47793	0.52631	11.55327	1.06647	0	0.73877	0.55157	12.34555	1.06647	0	-0.00546	-0.00794	0.68757	0.00225	1	0.06157	-0.01242	0.67308	0.00369	1	1.45898	0.81042	0	
1282511	8649.07031	3307290299355	0.00000	0.00000	8648.88965	0.15332	12232	0	0.51903	0.15715	0	0.48946	0.41155	0	0.48946	0.41155	0	0.47793	0.52631	11.55327	1.06647	0	0.73877	0.55157	12.34555	1.06647	0	-0.00546	-0.00794	0.68757	0.00225	1	0.06157	-0.01242	0.67308	0.00369	1	1.45898	0.81042	0	
1282512	8649.07715	3307290363050	0.00000	0.00000	8648.88965	0.15332	12232	0	0.51903	0.15715	0	0.48946	0.41155	0	0.48946	0.41155	0	0.47793	0.52631	11.55327	1.06647	0	0.73877	0.55157	12.34555	1.06647	0	-0.00546	-0.00794	0.68757	0.00225	1	0.06157	-0.01242	0.67308	0.00369	1	1.45898	0.81042	0	
1282513	8649.08398	3307290432909	0.00000	0.00000	8648.88965	0.15332	12232	0	0.51903	0.15715	0	0.48946	0.41155	0	0.48946	0.41155	0	0.47793	0.52631	11.55327	1.06647	0	0.73877	0.55157	12.34555	1.06647	0	-0.00546	-0.00794	0.68757	0.00225	1	0.06157	-0.01242	0.67308	0.00369	1	1.45898	0.81042	0	
1282514	8649.09082	3307290498864	0.50510	0.35667	8648.88965	0.15332	12232	0	0.52990	0.32490	1	0.48030	0.38845	1	0.50510	0.35667	1	0.47786	0.52866	11.60446	1.06647	1	0.73859	0.55118	12.05092	1.06647	1	-0.00546	-0.00794	0.68757	0.00373	1	0.06157	-0.01242	0.67308	0.00367	1	1.45898	0.81042	0	
1282515	8649.09668	3307290566127	0.50510	0.35667	8648.88965	0.15332	12232	0	0.52990	0.32490	1	0.48030	0.38845	1	0.50510	0.35667	1	0.47748	0.52883	11.25632	1.06647	1	0.73856	0.55173	12.21438	1.06647	1	-0.00552	-0.00787	0.68167	0.00374	1	0.06221	-0.01257	0.68121	0.00385	1	1.45898	0.81042	0	
1282516	8649.10352	3307290632841	0.50648	0.35259	8648.88965	0.15332	12232	0	0.54261	0.29660	1	0.47589	0.39226	1	0.50925	0.34443	1	0.47806	0.52850	10.90803	1.06647	1	0.73861	0.55150	12.05354	1.06647	1	-0.00552	-0.00787	0.68167	0.00377	1	0.06221	-0.01257	0.68121	0.00384	1	1.45898	0.81042	0	
1282517	8649.11035	3307290700018	0.50187	0.33720	8649.09082	0.01953	12233	1	0.51432	0.13529	1	0.46172	0.44679	1	0.48802	0.29104	1	0.47769	0.52656	11.43382	1.06647	1	0.73835	0.55184	12.42480	1.06647	1	-0.00552	-0.00787	0.68167	0.00226	1	0.06221	-0.01257	0.68121	0.00384	1	1.45898	0.81042	0	
1282518	8649.11719	3307290767148	0.49910	0.32797	8649.09082	0.02637	12233	1	0.51432	0.13529	1	0.46172	0.44679	1	0.48802	0.29104	1	0.47765	0.52639	10.93411	1.06647	1	0.73860	0.55150	12.15263	1.06647	1	-0.00552	-0.00787	0.68167	0.00225	1	0.06221	-0.01257	0.68121	0.00376	1	1.45898	0.81042	0	
1282519	8649.12402	3307290833855	0.49678	0.32033	8649.09082	0.03320	12233	1	0.48816	0.14050	1	0.48226	0.42370	1	0.48521	0.28210	1	0.47766	0.52645	11.25382	1.06647	1	0.73865	0.55160	12.09606	1.06647	1	-0.00552	-0.00787	0.68167	0.00223	1	0.06221	-0.01257	0.68121	0.00374	1	1.45898	0.81042	0	
1282520	8649.13086	3307290899207	0.49504	0.31593	8649.09082	0.04004	12233	1	0.49743	0.14476	1	0.47178	0.43433	1	0.48461	0.28955	1	0.47783	0.52650	11.27276	1.06647	1	0.73852	0.55164	12.25563	1.06647	1	-0.00552	-0.00787	0.68167	0.00231	1	0.06221	-0.01257	0.68121	0.00364	1	1.45898	0.81042	0	
1282521	8649.13770	3307290968484	0.49371	0.31128	8649.09082	0.04688	12233	1	0.49630	0.13592	1	0.47238	0.42156	1	0.48434	0.27874	1	0.47774	0.52642	11.19355	1.07556	1	0.73850	0.55164	12.31957	1.08424	1	-0.00569	-0.00819	0.70879	0.00226	1	0.06378	-0.01287	0.69778	0.00363	1	1.45898	0.81042	0	
1282522	8649.14453	3307291035863	0.49233	0.30537	8649.09082	0.05371	12233	1	0.48969	0.10739	1	0.47298	0.40878	1	0.48134	0.25808	1	0.47775	0.52638	10.86894	1.09332	1	0.73852	0.55164	12.25563	1.10200	1	-0.00569	-0.00819	0.70879	0.00229	1	0.06378	-0.01287	0.69778	0.00364	1	1.45898	0.81042	0	
1282523	8649.15039	3307291101975	0.49127	0.30120	8649.09082	0.05957	12233	1	0.49653	0.15222	1	0.46697	0.37508	1	0.48175	0.26365	1	0.47782	0.52648	11.21166	1.11109	1	0.73846	0.55160	12.30554	1.11977	1	-0.00569	-0.00819	0.70879	0.00231	1	0.06378	-0.01287	0.69778	0.00367	1	1.45898	0.81042	0	
1282524	8649.15723	3307291168828	0.49032	0.29673	8649.09082	0.06641	12233	1	0.49440	0.13575	1	0.46722	0.36838	1	0.48081	0.25207	1	0.47786	0.52634	11.50657	1.12885	1	0.73846	0.55163	12.23764	1.12885	1	-0.00569	-0.00819	0.70879	0.00230	1	0.06157	-0.01242	0.67308	0.00370	1	1.45898	0.81042	0	
1282525	8649.16406	3307291235421	0.49016	0.29252	8649.09082	0.07324	12233	1	0.49796	0.10812	1	0.47875	0.38429	1	0.48835	0.24620	1	0.47793	0.52633	11.56787	1.12885	1	0.73859	0.55166	12.12887	1.12017	1	-0.00569	-0.00819	0.70879	0.00224	1	0.06157	-0.01242	0.67308	0.00370	1	1.45898	0.81042	0	
1282526	8649.17090	3307291303868	0.49011	0.28975	8649.09082	0.08008	12233	1	0.50603	0.11742	1	0.47310	0.39564	1	0.48956	0.25653	1	0.47789	0.52645	11.25547	1.12017	1	0.73847	0.55178	12.19573	1.11149	1	-0.00569	-0.00819	0.70879	0.00227	1	0.06157	-0.01242	0.67308	0.00368	1	1.45898	0.81042	0	
1282527	8649.17676	3307291367060	0.49010	0.28790	8649.09082	0.08594	12233	1	0.50700	0.12567	1	0.47281	0.40193	1	0.48990	0.26380	1	0.47784	0.52638	11.50126	1.11149	1	0.73873	0.55178	11.76404	1.10281	1	-0.00569	-0.00819	0.70879	0.00219	1	0.06157	-0.01242	0.67308	0.00370	1	1.45898	0.81042	0	
1282528	8649.18457	3307291437003	0.48945	0.28668	8649.09082	0.09375	12233	1	0.49913	0.13679	1	0.46154	0.40234	1	0.48033	0.26956	1	0.47785	0.52637	11.44723	1.10281	1	0.73836	0.55168	12.50980	1.10281	1	-0.00569	-0.00819	0.70879	0.00230	1	0.06157	-0.01242	0.67308	0.00370	1	1.45898	0.81042	0	
1282529	8649.19043	3307291503826	0.48955	0.28496	8649.09082	0.09961	12233	1	0.49531	0.12490	1	0.48704	0.39341	1	0.49117	0.25915	1	0.47788	0.52637	11.42624	1.10281	1	0.73881	0.55150	11.58989	1.10281	1	-0.00569	-0.00819	0.70879	0.00229	1	0.06157	-0.01242	0.67308	0.00379	1	1.45898	0.81042	0	
1282530	8649.19727	3307291570924	0.48967	0.28389	8649.09082	0.10645	12233	1	0.49642	0.13361	1	0.48662	0.40008	1	0.49152	0.26684	1	0.47789	0.52633	11.53967	1.09373	1	0.73892	0.55130	11.68022	1.09373	1	-0.00546	-0.00794	0.68757	0.00225	1	0.06157	-0.01232	0.67308	0.00379	1	1.45898	0.81042	0	
1282531	8649.20410	3307291637363	0.48999	0.28247	8649.09082	0.11328	12233	1	0.50037	0.15971	1	0.49039	0.35706	1	0.49538	0.25839	1	0.47791	0.52636	11.50023	1.08464	1	0.73875	0.55118	11.87749	1.08464	1	-0.00546	-0.00794	0.68757	0.00226	1	0.06157	-0.01232	0.67308	0.00382	1	1.45898	0.81042	0	
1282532	8649.21094	3307291703933	0.48987	0.28204	8649.09082	0.12012	12233	1	0.49401	0.15807	1	0.48161	0.39042	1	0.48781	0.27425	1	0.47785	0.52622	11.21219	1.07556	1	0.73863	0.55133	11.90836	1.07556	1	-0.00546	-0.00794	0.68757	0.00227	1	0.06157	-0.01232	0.67308	0.00383	1	1.45898	0.81042	0	
1282533	8649.21777	3307291772018	0.48979	0.28204	8649.09082	0.12695	12233	1	0.49516	0.16672	1	0.48123	0.39728	1	0.48819	0.28200	1	0.47789	0.52619	10.73757	1.06647	1	0.73877	0.55120	11.96001	1.06647	1	-0.00546	-0.00794	0.68757	0.00229	1	0.06157	-0.01232	0.67308	0.00385	1	1.45898	0.81042	0	
1282534	8649.22461	3307291838922	0.48985	0.28193	8649.09082	0.13379	12233	1	0.49756	0.16480	1	0.48451	0.39461	1	0.49104	0.27970	1	0.47784	0.52627	11.26301	1.06647	1	0.73871	0.55121	11.88780	1.06647	1	-0.00546	-0.00794	0.68757	0.00225	1	0.06157	-0.01232	0.67308	0.00386	1	1.45898	0.81042	0	
1282535	8649.23145	3307291905754	0.49034	0.28173	8649.09082	0.14062	12233	1	0.50362	0.16799	1	0.49766	0.38724	1	0.50064	0.27762	1	0.47790	0.52635	11.18990	1.06647	1	0.73889	0.55108	11.40580	1.06647	1	-0.00546	-0.00794	0.68757	0.00226	1	0.06157	-0.01232	0.67308	0.00390	1	1.45898	0.81042	0	
1282536	8649.23730	3307291972729	0.49079	0.28155	8649.09082	0.14648	12233	1	0.50362	0.16799	1	0.49766	0.38724	1	0.50064	0.27762	1	0.47794	0.52612	10.65198	1.06647	1	0.73883	0.55099	11.15687	1.06647	1	-0.00546	-0.00794	0.68757	0.00230	1	0.06157	-0.01237	0.67308	0.00394	1	1.45898	0.81042	0	
1282537	8649.24414	3307292039710	0.49165	0.28124	8649.09082	0.15332	12233	1	0.51386	0.15776	1	0.50894	0.39034	1	0.51140	0.27405	1	0.47802	0.52621	11.42280	1.06647	1	0.73909	0.55117	11.96085	1.06647	1	-0.00546	-0.00794	0.68757	0.00225	1	0.06157	-0.01237	0.67308	0.00382	1	1.45898	0.81042	0	
1282538	8649.25098	3307292106706	0.49210	0.28109	8649.09082	0.16016	12233	1	0.50304	0.16681	1	0.50316	0.38831	1	0.50310	0.27756	1	0.47793	0.52614	11.18050	1.06647	1	0.73901	0.55115	11.83239	1.06647	1	-0.00546	-0.00794	0.68757	0.00222	1	0.06157	-0.01237	0.67308	0.00387	1	1.45898	0.81042	0	
1282539	8649.25781	3307292174523	0.49253	0.28096	8649.09082	0.16699	12233	1	0.50304	0.16681	1	0.50316	0.38831	1	0.50310	0.27756	1	0.47799	0.52608	11.08726	1.06647	1	0.73925	0.55094	12.13833	1.06647	1	-0.00546	-0.00794	0.68757	0.00219	1	0.06157	-0.01232	0.67308	0.00391	1	1.45898	0.81042	0	
1282540	8649.26465	3307292240764	0.49311	0.28068	8649.09082	0.17383	12233	1	0.50790	0.18670	1	0.50852	0.36035	1	0.50821	0.27352	1	0.47793	0.52616	11.15111	1.06647	1	0.73913	0.55076	11.90467	1.06647	1	-0.00546	-0.00794	0.68757	0.00227	1	0.06157	-0.01232	0.67308	0.00394	1	1.45898	0.81042	0	
1282541	8649.27148	3307292305869	0.49268	0.28074	8649.09082	0.18066	12233	1	0.50429	0.17695	1	0.45810	0.38758	1	0.48119	0.28226	1	0.47800	0.52606	10.97447	1.06647	1	0.73901	0.55127	12.60968	1.06647	1	-0.00546	-0.00794	0.68757	0.00221	1	0.06157	-0.01232	0.67308	0.00385	1	1.45898	0.81042	0	
1282542	8649.27832	3307292374242	0.49229	0.28079	8649.09082	0.18750	12233	1	0.50429	0.17695	1	0.45810	0.38758	1	0.48119	0.28226	1	0.47816	0.52592	10.87479	1.06647	1	0.73894	0.55088	11.99645	1.06647	1	-0.00529	-0.00784	0.67845	0.00221	1	0.06145	-0.01222	0.67062	0.00399	1	1.45898	0.81042	0	
1282543	8649.28516	3307292442371	0.49206	0.28087	8649.09082	0.19434	12233	1	0.51797	0.19010	1	0.45310	0.37633	1	0.48554	0.28321	1	0.47815	0.52594	10.74673	1.06647	1	0.73898	0.55097	12.04807	1.06647	1	-0.00529	-0.00784	0.67845	0.00224	1	0.06145	-0.01222	0.67062	0.00394	1	1.45898	0.81042	0	
1282544	8649.29102	3307292508557	0.49195	0.28021	8649.09082	0.20020	12233	1	0.51919	0.16628	1	0.45830	0.35423	1	0.48874	0.26025	1	0.47827	0.52601	11.07640	1.06647	1	0.73903	0.55088	12.10527	1.06647	1	-0.00529	-0.00784	0.67845	0.00230	1	0.06145	-0.01222	0.67062	0.00396	1	1.45898	0.81042	0	
1282545	8649.29785	3307292575668	0.49185	0.27958	8649.09082	0.20703	12233	1	0.51919	0.16628	1	0.45830	0.35423	1	0.48874	0.26025	1	0.47831	0.52573	11.00727	1.06647	1	0.73901	0.55106	12.23853	1.06647	1	-0.00537	-0.00790	0.68881	0.00226	1	0.06145	-0.01222	0.67062	0.00397	1	1.45898	0.81042	0	
1282546	8649.30469	3307292642242	0.49142	0.27958	8649.09082	0.21387	12233	1	0.50605	0.16070	1	0.44909	0.39862	1	0.47757	0.27966	1	0.47840	0.52583	10.86469	1.06647	1	0.73895	0.55140	12.29665	1.06647	1	-0.00537	-0.00790	0.68881	0.00223	1	0.06145	-0.01222	0.67062	0.00395	1	1.45898	0.81042	0	
1282547	8649.31152	3307292708093	0.49090	0.27894	8649.09082	0.22070	12233	1	0.48951	0.16502	1	0.45790	0.35038	1	0.47370	0.25770	1	0.47847	0.52578	11.01475	1.06647	1	0.73900	0.55088	12.18794	1.06647	1	-0.00537	-0.00790	0.68881	0.00229	1	0.06145	-0.01222	0.67062	0.00421	1	1.45898	0.81042	0	
1282548	8649.31836	3307292776461	0.49041	0.27833	8649.09082	0.22754	12233	1	0.48951	0.16502	1	0.45790	0.35038	1	0.47370	0.25770	1	0.47843	0.52585	10.92461	1.06647	1	0.73919	0.55064	11.68498	1.06647	1	-0.00529	-0.00784	0.67845	0.00223	1	0.06145	-0.01222	0.67062	0.00424	1	1.45898	0.81042	0	
1282549	8649.32520	3307292843425	0.48994	0.27809	8649.09082	0.23438	12233	1	0.49443	0.15547	1	0.45280	0.38369	1	0.47362	0.26958	1	0.47852	0.52580	10.88974	1.06647	1	0.73896	0.55132	12.13446	1.06647	1	-0.00529	-0.00784	0.67845	0.00228	1	0.06145	-0.01222	0.67062	0.00390	1	1.45898	0.81042	0	
1282550	8649.33105	3307292910464	0.48975	0.27703	8649.09082	0.24023	12233	1	0.49222	0.17686	1	0.47348	0.30110	1	0.48285	0.23898	1	0.47849	0.52589	10.98068	1.06647	1	0.73928	0.55045	11.85166	1.06647	1	-0.00529	-0.00784	0.67845	0.00226	1	0.06145	-0.01222	0.67062	0.00402	1	1.45898	0.81042	0	
1282551	8649.33789	3307292977564	0.48956	0.27582	8649.09082	0.24707	12233	1	0.49105	0.16829	1	0.47380	0.29343	1	0.48243	0.23086	1	0.47861	0.52575	10.96227	1.07556	1	0.73962	0.55047	11.21366	1.07556	1	-0.00545	-0.00805	0.70626	0.00232	1	0.06304	-0.01252	0.68689	0.00403	1	1.45898	0.81042	0	
1282552	8649.34473	3307293043971	0.48974	0.27456	8649.09082	0.25391	12233	1	0.49054	0.13188	1	0.50253	0.32123	1	0.49653	0.22656	1	0.47854	0.52573	11.00454	1.08464	1	0.73969	0.55067	11.15783	1.08464	1	-0.00545	-0.00805	0.70626	0.00227	1	0.06304	-0.01252	0.68689	0.00395	1	1.45898	0.81042	0	
1282553	8649.35156	3307293111389	0.48966	0.27279	8649.09082	0.26074	12233	1	0.49262	0.14891	1	0.48049	0.25927	1	0.48655	0.20409	1	0.47852	0.52573	10.99660	1.09373	1	0.73938	0.55024	11.68193	1.09373	1	-0.00545	-0.00805	0.70626	0.00226	1	0.06304	-0.01252	0.68689	0.00399	1	1.45898	0.81042	0	
1282554	8649.35840	3307293178400	0.48957	0.27092	8649.09082	0.26758	12233	1	0.49148	0.14032	1	0.48086	0.25144	1	0.48617	0.19588	1	0.47870	0.52575	10.99140	1.10281	1	0.73964	0.55071	11.08825	1.10281	1	-0.00545	-0.00805	0.70626	0.00227	1	0.06304	-0.01252	0.68689	0.00396	1	1.45898	0.81042	0	
1282555	8649.36523	3307293244905	0.48370	0.24239	8649.09082	0.26758	12233	0	0.48911	0.13333	1	0.49847	0.32095	1	0.49379	0.22714	1	0.47859	0.52572	11.06067	1.10281	1	0.73961	0.55083	11.24070	1.10281	1	-0.00545	-0.00805	0.70626	0.00230	1	0.06304	-0.01252	0.68689	0.00392	1	1.45898	0.81042	0	
1282556	8649.37207	3307293312464	0.48657	0.24012	8649.09082	0.26758	12233	0	0.48750	0.13565	1	0.49137	0.34006	1	0.48944	0.23785	1	0.47858	0.52570	10.93280	1.10281	1	0.73957	0.55094	11.20938	1.10281	1	-0.00545	-0.00805	0.70626	0.00231	1	0.06304	-0.01252	0.68689	0.00390	1	1.45898	0.81042	0	
1282557	8649.37793	3307293379268	0.48764	0.24199	8649.09082	0.26758	12233	0	0.48867	0.14427	1	0.49092	0.34717	1	0.48979	0.24572	1	0.47858	0.52566	10.95616	1.09373	1	0.73953	0.55099	11.20730	1.09373	1	-0.00524	-0.00782	0.68571	0.00222	1	0.06304	-0.01252	0.68689	0.00384	1	1.45898	0.81042	0	
1282558	8649.38477	3307293446163	0.49046	0.24973	8649.36523	0.01953	12234	1	0.50209	0.16169	1	0.49574	0.38424	1	0.49891	0.27296	1	0.47872	0.52576	10.99809	1.08464	1	0.73961	0.55083	11.24070	1.08464	1	-0.00524	-0.00782	0.68571	0.00231	1	0.06304	-0.01252	0.68689	0.00392	1	1.45898	0.81042	0	
1282559	8649.39160	3307293513382	0.49230	0.25382	8649.36523	0.02637	12234	1	0.50676	0.14650	1	0.49259	0.39386	1	0.49967	0.27018	1	0.47877	0.52567	10.82263	1.07556	1	0.73958	0.55094	11.24434	1.07556	1	-0.00524	-0.00782	0.68571	0.00237	1	0.06304	-0.01252	0.68689	0.00385	1	1.45898	0.81042	0	
1282560	8649.39844	3307293580722	0.49358	0.25784	8649.36523	0.03320	12234	1	0.50782	0.15524	1	0.49211	0.40069	1	0.49996	0.27797	1	0.47869	0.52568	11.08288	1.06647	1	0.73965	0.55081	11.23345	1.06647	1	-0.00524	-0.00782	0.68571	0.00225	1	0.06304	-0.01252	0.68689	0.00395	1	1.45898	0.81042	0	
1282561	8649.40527	3307293644264	0.49326	0.25607	8649.36523	0.04004	12234	1	0.48813	0.14016	1	0.49449	0.35072	1	0.49131	0.24544	1	0.47853	0.52559	11.34166	1.06647	1	0.73963	0.55072	11.20294	1.06647	1	-0.00524	-0.00782	0.68571	0.00230	1	0.06304	-0.01252	0.68689	0.00398	1	1.45898	0.81042	0	
1282562	8649.41113	3307293711221	0.49445	0.25556	8649.36523	0.04590	12234	1	0.50196	0.15507	1	0.50367	0.34888	1	0.50281	0.25197	1	0.47870	0.52570	11.11025	1.06647	1	0.73974	0.55064	11.15862	1.06647	1	-0.00524	-0.00782	0.68571	0.00227	1	0.06304	-0.01252	0.68689	0.00399	1	1.45898	0.81042	0	
1282563	8649.41797	3307293774407	0.49538	0.25516	8649.36523	0.05273	12234	1	0.50196	0.15507	1	0.50367	0.34888	1	0.50281	0.25197	1	0.47865	0.52581	11.06927	1.06647	1	0.73939	0.55090	11.61834	1.06647	1	-0.00515	-0.00772	0.67320	0.00224	1	0.06304	-0.01252	0.68689	0.00382	1	1.45898	0.81042	0	
1282564	8649.42480	3307293845316	0.49425	0.25609	8649.36523	0.05957	12234	1	0.49777	0.15414	1	0.47040	0.37468	1	0.48409	0.26441	1	0.47859	0.52576	10.95572	1.06647	1	0.73921	0.55098	11.96102	1.06647	1	-0.00515	-0.00772	0.67320	0.00231	1	0.06304	-0.01252	0.68689	0.00381	1	1.45898	0.81042	0	
1282565	8649.43164	3307293911579	0.49432	0.25641	8649.36523	0.06641	12234	1	0.49662	0.15039	1	0.49343	0.36888	1	0.49502	0.25963	1	0.47856	0.52575	11.02072	1.06647	1	0.73960	0.55101	11.27274	1.06647	1	-0.00515	-0.00772	0.67320	0.00229	1	0.06304	-0.01252	0.68689	0.00385	1	1.45898	0.81042	0	
1282566	8649.43848	3307293979430	0.49435	0.25602	8649.36523	0.07324	12234	1	0.49549	0.14160	1	0.49391	0.36177	1	0.49470	0.25168	1	0.47873	0.52589	11.38335	1.07556	1	0.73946	0.55066	11.34727	1.07556	1	-0.00545	-0.00816	0.70626	0.00224	1	0.06304	-0.01252	0.68689	0.00402	1	1.45898	0.81042	0	
1282567	8649.44531	3307294046650	0.49319	0.25623	8649.36523	0.08008	12234	1	0.48649	0.15433	1	0.47203	0.36340	1	0.47926	0.25887	1	0.47846	0.52590	11.09515	1.08464	1	0.73925	0.55102	11.80838	1.08464	1	-0.00545	-0.00816	0.70626	0.00222	1	0.06304	-0.01252	0.68689	0.00388	1	1.45898	0.81042	0	
1282568	8649.45215	3307294112984	0.49329	0.25619	8649.36523	0.08691	12234	1	0.49577	0.15529	1	0.49338	0.35586	1	0.49458	0.25558	1	0.47860	0.52591	10.89180	1.09373	1	0.73955	0.55100	11.19151	1.09373	1	-0.00545	-0.00816	0.70626	0.00233	1	0.06304	-0.01252	0.68689	0.00394	1	1.45898	0.81042	0	
1282569	8649.45801	3307294179670	0.49337	0.25540	8649.36523	0.09277	12234	1	0.49466	0.14676	1	0.49431	0.34210	1	0.49448	0.24443	1	0.47846	0.52590	11.09515	1.10281	1	0.73935	0.55077	11.72613	1.11149	1	-0.00545	-0.00816	0.70626	0.00221	1	0.06503	-0.01292	0.70917	0.00397	1	1.45898	0.81042	0	
1282570	8649.46484	3307294247755	0.49310	0.25742	8649.36523	0.09961	12234	1	0.50392	0.27456	1	0.47405	0.30070	1	0.48899	0.28763	1	0.47877	0.52749	9.99452	1.11149	1	0.73920	0.55070	11.81284	1.12017	1	-0.00545	-0.00816	0.70626	0.00368	1	0.06503	-0.01292	0.70917	0.00412	1	1.45898	0.81042	0	
1282571	8649.47266	3307294317063	0.49316	0.25561	8649.36523	0.10742	12234	1	0.50767	0.11407	1	0.48064	0.33930	1	0.49415	0.22668	1	0.47851	0.52576	11.06506	1.12017	1	0.73933	0.55103	11.78597	1.12885	1	-0.00545	-0.00816	0.70626	0.00225	1	0.06503	-0.01292	0.70917	0.00415	1	1.45898	0.81042	0	
1282572	8649.47852	3307294384045	0.49320	0.25421	8649.36523	0.11328	12234	1	0.50771	0.11445	1	0.48028	0.34624	1	0.49400	0.23035	1	0.47849	0.52589	10.98043	1.11977	1	0.73931	0.55054	11.73731	1.11977	1	-0.00529	-0.00784	0.67845	0.00226	1	0.06145	-0.01222	0.67062	0.00430	1	1.45898	0.81042	0	
1282573	8649.48535	3307294450594	0.49321	0.25310	8649.36523	0.12012	12234	1	0.52544	0.11382	1	0.46100	0.35253	1	0.49322	0.23318	1	0.47840	0.52584	10.65610	1.11068	1	0.73904	0.55115	12.01870	1.10200	1	-0.00529	-0.00784	0.67845	0.00228	1	0.06145	-0.01222	0.67062	0.00401	1	1.45898	0.81042	0	
1282574	8649.49219	3307294518522	0.49332	0.25260	8649.36523	0.12695	12234	1	0.52984	0.15572	1	0.46106	0.33033	1	0.49545	0.24302	1	0.47841	0.52596	10.88974	1.09292	1	0.73909	0.55066	11.78516	1.08424	1	-0.00529	-0.00784	0.67845	0.00222	1	0.06145	-0.01222	0.67062	0.00428	1	1.45898	0.81042	0	
1282575	8649.49902	3307294586452	0.49345	0.25288	8649.36523	0.13379	12234	1	0.53157	0.17237	1	0.46063	0.34458	1	0.49610	0.25848	1	0.47818	0.52596	10.82029	1.07515	1	0.73913	0.55115	12.20295	1.06647	1	-0.00529	-0.00784	0.67845	0.00225	1	0.06145	-0.01222	0.67062	0.00397	1	1.45898	0.81042	0	
1282576	8649.50586	3307294651931	0.49390	0.25445	8649.36523	0.14062	12234	1	0.51910	0.17333	1	0.48765	0.40180	1	0.50337	0.28756	1	0.47828	0.52597	11.01445	1.06647	1	0.73914	0.55100	12.28081	1.06647	1	-0.00529	-0.00784	0.67845	0.00225	1	0.06145	-0.01222	0.67062	0.00397	1	1.45898	0.81042	0	
1282577	8649.51270	3307294719577	0.49396	0.25506	8649.36523	0.14746	12234	1	0.51648	0.17063	1	0.47416	0.36635	1	0.49532	0.26849	1	0.47815	0.52590	10.79908	1.06647	1	0.73894	0.55088	11.99645	1.06647	1	-0.00529	-0.00784	0.67845	0.00225	1	0.06145	-0.01222	0.67062	0.00399	1	1.45898	0.81042	0	
1282578	8649.51953	3307294785828	0.49402	0.25562	8649.36523	0.15430	12234	1	0.51648	0.17063	1	0.47416	0.36635	1	0.49532	0.26849	1	0.47810	0.52595	10.74503	1.06647	1	0.73876	0.55119	12.43673	1.06647	1	-0.00546	-0.00794	0.68757	0.00227	1	0.06157	-0.01227	0.67308	0.00396	1	1.45898	0.81042	0	
1282579	8649.52539	3307294851846	0.49547	0.26063	8649.36523	0.16016	12234	1	0.55406	0.37916	1	0.50674	0.38242	1	0.53040	0.38079	1	0.47858	0.52835	11.40683	1.06647	1	0.73909	0.55110	12.10404	1.06647	1	-0.00546	-0.00794	0.68757	0.00342	1	0.06157	-0.01227	0.67308	0.00389	1	1.45898	0.81042	0	
1282580	8649.53223	3307294920303	0.49568	0.26175	8649.36523	0.16699	12234	1	0.51651	0.18228	1	0.48492	0.39732	1	0.50072	0.28980	1	0.47804	0.52601	10.78807	1.06647	1	0.73907	0.55119	12.28310	1.06647	1	-0.00546	-0.00794	0.68757	0.00222	1	0.06157	-0.01227	0.67308	0.00385	1	1.45898	0.81042	0	
1282581	8649.53906	3307294986286	0.49586	0.26279	8649.36523	0.17383	12234	1	0.51651	0.18228	1	0.48492	0.39732	1	0.50072	0.28980	1	0.47791	0.52601	10.78677	1.06647	1	0.73840	0.55136	11.77940	1.06647	1	-0.00546	-0.00794	0.68757	0.00228	1	0.06157	-0.01227	0.67308	0.00402	1	1.45898	0.81042	0	
1282582	8649.54590	3307295054126	0.49590	0.26294	8649.36523	0.18066	12234	1	0.50221	0.14754	1	0.49149	0.38645	1	0.49685	0.26699	1	0.47796	0.52602	10.76570	1.06647	1	0.73881	0.55121	11.38588	1.06647	1	-0.00546	-0.00794	0.68757	0.00227	1	0.06157	-0.01227	0.67308	0.00386	1	1.45898	0.81042	0	
1282583	8649.55273	3307295120972	0.49600	0.26383	8649.36523	0.18750	12234	1	0.50633	0.19105	1	0.49149	0.38645	1	0.49891	0.28875	1	0.47795	0.52608	10.92438	1.06647	1	0.73881	0.55121	11.38588	1.06647	1	-0.00546	-0.00794	0.68757	0.00225	1	0.06157	-0.01227	0.67308	0.00386	1	1.45898	0.81042	0	
1282584	8649.55957	3307295186774	0.49610	0.26466	8649.36523	0.19434	12234	1	0.50633	0.19105	1	0.49149	0.38645	1	0.49891	0.28875	1	0.47824	0.52842	10.96910	1.06647	1	0.73872	0.55127	11.38902	1.06647	1	-0.00552	-0.00787	0.68167	0.00349	1	0.06157	-0.01227	0.67308	0.00389	1	1.45898	0.81042	0	
1282585	8649.56641	3307295254440	0.49629	0.26555	8649.36523	0.20117	12234	1	0.50834	0.19363	1	0.49546	0.39062	1	0.50190	0.29213	1	0.47799	0.52622	11.33493	1.06647	1	0.73885	0.55119	11.30948	1.06647	1	-0.00552	-0.00787	0.68167	0.00227	1	0.06157	-0.01227	0.67308	0.00386	1	1.45898	0.81042	0	
1282586	8649.57227	3307295321767	0.49624	0.26592	8649.36523	0.20703	12234	1	0.49776	0.18644	1	0.49218	0.36870	1	0.49497	0.27757	1	0.47795	0.52615	11.21882	1.06647	1	0.73882	0.55114	11.34879	1.06647	1	-0.00552	-0.00787	0.68167	0.00226	1	0.06157	-0.01227	0.67308	0.00389	1	1.45898	0.81042	0	
1282587	8649.57910	3307295389012	0.49620	0.26604	8649.36523	0.21387	12234	1	0.49663	0.17795	1	0.49266	0.36159	1	0.49464	0.26977	1	0.47795	0.52610	10.86135	1.07556	1	0.73887	0.55107	11.27562	1.07556	1	-0.00569	-0.00819	0.70879	0.00226	1	0.06157	-0.01227	0.67308	0.00385	1	1.45898	0.81042	0	
1282588	8649.58594	3307295455438	0.49627	0.26617	8649.36523	0.22070	12234	1	0.49932	0.17543	1	0.49785	0.36538	1	0.49858	0.27041	1	0.47785	0.52609	11.16519	1.08464	1	0.73894	0.55123	11.28538	1.08464	1	-0.00569	-0.00819	0.70879	0.00230	1	0.06157	-0.01227	0.67308	0.00383	1	1.45898	0.81042	0	
1282589	8649.59277	3307295524232	0.49653	0.26600	8649.36523	0.22754	12234	1	0.52691	0.16294	1	0.48440	0.35790	1	0.50565	0.26042	1	0.47790	0.52609	10.87532	1.09373	1	0.73874	0.55115	11.06842	1.09373	1	-0.00569	-0.00819	0.70879	0.00229	1	0.06157	-0.01227	0.67308	0.00378	1	1.45898	0.81042	0	
1282590	8649.59961	3307295589754	0.49679	0.26585	8649.36523	0.23438	12234	1	0.52691	0.16294	1	0.48440	0.35790	1	0.50565	0.26042	1	0.47758	0.52598	11.11377	1.09373	1	0.73875	0.55143	11.28439	1.09373	1	-0.00552	-0.00787	0.68167	0.00227	1	0.06221	-0.01247	0.68121	0.00379	1	1.45898	0.81042	0	
1282591	8649.60645	3307295656691	0.49704	0.26626	8649.36523	0.24121	12234	1	0.52394	0.17185	1	0.48805	0.39062	1	0.50600	0.28124	1	0.47756	0.52601	10.93459	1.08464	1	0.73877	0.55133	11.16407	1.08464	1	-0.00552	-0.00787	0.68167	0.00230	1	0.06221	-0.01247	0.68121	0.00392	1	1.45898	0.81042	0	
1282592	8649.61328	3307295723619	0.49737	0.26658	8649.36523	0.24805	12234	1	0.52773	0.18872	1	0.49185	0.36771	1	0.50979	0.27822	1	0.47750	0.52605	10.80570	1.07556	1	0.73881	0.55103	11.02486	1.07556	1	-0.00552	-0.00787	0.68167	0.00233	1	0.06221	-0.01247	0.68121	0.00396	1	1.45898	0.81042	0	
1282593	8649.61914	3307295790630	0.49769	0.26688	8649.36523	0.25391	12234	1	0.52773	0.18872	1	0.49185	0.36771	1	0.50979	0.27822	1	0.47745	0.52595	10.87769	1.07556	1	0.73845	0.55112	11.92290	1.07556	1	-0.00580	-0.00819	0.70909	0.00227	1	0.06190	-0.01235	0.67777	0.00384	1	1.45898	0.81042	0	
1282594	8649.62598	3307295857937	0.49774	0.26685	8649.36523	0.26074	12234	1	0.52432	0.18075	1	0.47520	0.35118	1	0.49976	0.26597	1	0.47743	0.52611	11.04294	1.08464	1	0.73816	0.55103	11.80507	1.08464	1	-0.00580	-0.00819	0.70909	0.00229	1	0.06190	-0.01235	0.67777	0.00414	1	1.45898	0.81042	0	
1282595	8649.63281	3307295925730	0.49778	0.26616	8649.36523	0.26758	12234	1	0.51650	0.10600	1	0.48209	0.37118	1	0.49929	0.23859	1	0.47744	0.52605	10.75005	1.09373	1	0.73828	0.55132	12.23701	1.09373	1	-0.00580	-0.00819	0.70909	0.00231	1	0.06190	-0.01235	0.67777	0.00385	1	1.45898	0.81042	0	
1282596	8649.63965	3307295989426	0.49782	0.26551	8649.36523	0.27441	12234	1	0.51650	0.10600	1	0.48209	0.37118	1	0.49929	0.23859	1	0.47712	0.52621	11.25595	1.09373	1	0.73812	0.55127	12.19813	1.09373	1	-0.00561	-0.00786	0.68055	0.00223	1	0.06204	-0.01240	0.68042	0.00383	1	1.45898	0.81042	0	
1282597	8649.64648	3307296058642	0.49768	0.26549	8649.36523	0.28125	12234	1	0.51158	0.14964	1	0.47255	0.37984	1	0.49207	0.26474	1	0.47724	0.52635	11.12743	1.08464	1	0.73767	0.55114	11.69212	1.08464	1	-0.00561	-0.00786	0.68055	0.00229	1	0.06204	-0.01240	0.68042	0.00396	1	1.45898	0.81042	0	
1282598	8649.65332	3307296126040	0.49780	0.26587	8649.36523	0.28809	12234	1	0.52240	0.17727	1	0.48370	0.38692	1	0.50305	0.28209	1	0.47710	0.52637	11.40915	1.07556	1	0.73791	0.55128	12.01005	1.07556	1	-0.00561	-0.00786	0.68055	0.00229	1	0.06204	-0.01240	0.68042	0.00384	1	1.45898	0.81042	0	
1282599	8649.66016	3307296192837	0.49793	0.26640	8649.36523	0.29492	12234	1	0.52335	0.18574	1	0.48330	0.39381	1	0.50333	0.28977	1	0.47701	0.52647	11.39276	1.06647	1	0.73824	0.55078	11.26971	1.06647	1	-0.00570	-0.00784	0.67869	0.00223	1	0.06125	-0.01226	0.67290	0.00401	1	1.45898	0.81042	0	
1282600	8649.66602	3307296259557	0.49827	0.26660	8649.36523	0.30078	12234	1	0.53454	0.15495	1	0.49284	0.39592	1	0.51369	0.27544	1	0.47688	0.52624	11.35461	1.06647	1	0.73809	0.55132	11.33109	1.06647	1	-0.00570	-0.00784	0.67869	0.00222	1	0.06125	-0.01226	0.67290	0.00399	1	1.45898	0.81042	0	
1282601	8649.67285	3307296324957	0.49889	0.26687	8649.36523	0.30762	12234	1	0.52891	0.17635	1	0.52619	0.38262	1	0.52755	0.27948	1	0.47671	0.52643	11.25984	1.06647	1	0.73817	0.55127	11.51538	1.06647	1	-0.00570	-0.00784	0.67869	0.00232	1	0.06125	-0.01226	0.67290	0.00410	1	1.45898	0.81042	0	
1282602	8649.67969	3307296393289	0.49949	0.26713	8649.36523	0.31445	12234	1	0.52891	0.17635	1	0.52619	0.38262	1	0.52755	0.27948	1	0.47658	0.52635	11.36311	1.06647	1	0.73752	0.55038	11.90131	1.06647	1	-0.00581	-0.00786	0.68021	0.00229	1	0.06210	-0.01245	0.68331	0.00423	1	1.45898	0.81042	0	
1282603	8649.68652	3307296461245	0.49760	0.26470	8649.36523	0.32129	12234	1	0.52891	0.17635	0	0.39281	0.12543	1	0.39281	0.12543	1	0.47658	0.52635	11.36311	1.06647	0	0.47647	0.52639	11.31495	1.06647	1	-0.00581	-0.00786	0.68021	0.00229	1	0.06210	-0.01245	0.68331	0.00224	1	1.45898	0.81042	0	
1282604	8649.69336	3307296528185	0.49544	0.26134	8649.36523	0.32812	12234	1	0.52891	0.17635	0	0.38582	0.07688	1	0.38582	0.07688	1	0.47658	0.52635	11.36311	1.06647	0	0.47648	0.52654	11.10732	1.06647	1	-0.00581	-0.00786	0.68021	0.00229	1	0.06210	-0.01245	0.68331	0.00224	1	1.45898	0.81042	0	
1282605	8649.70020	3307296593921	0.47747	0.22369	8649.36523	0.32812	12234	0	0.52891	0.17635	0	0.38545	0.06781	1	0.38545	0.06781	1	0.47658	0.52635	11.36311	1.06647	0	0.47612	0.52651	11.21782	1.07515	1	-0.00581	-0.00786	0.68021	0.00229	1	-0.00605	-0.00810	0.70116	0.00229	1	1.45898	0.81042	0	
1282606	8649.70703	3307296661471	0.44031	0.15414	8649.36523	0.32812	12234	0	0.52891	0.17635	0	0.40314	0.08460	1	0.40314	0.08460	1	0.47658	0.52635	11.36311	1.07515	0	0.47620	0.52657	11.32524	1.08383	1	-0.00581	-0.00786	0.68021	0.00229	1	-0.00605	-0.00810	0.70116	0.00230	1	1.45898	0.81042	0	
1282607	8649.71289	3307296727540	0.42694	0.13638	8649.36523	0.32812	12234	0	0.52891	0.17635	0	0.40021	0.10087	1	0.40021	0.10087	1	0.47658	0.52635	11.36311	1.08383	0	0.47627	0.52650	11.18191	1.09251	1	-0.00581	-0.00786	0.68021	0.00229	1	-0.00605	-0.00810	0.70116	0.00230	1	1.45898	0.81042	0	
1282608	8649.71973	3307296795682	0.40119	0.09544	8649.36523	0.32812	12234	0	0.52891	0.17635	0	0.40021	0.10087	1	0.40021	0.10087	1	0.47658	0.52635	11.36311	1.09251	0	0.47592	0.52881	11.56031	1.09251	1	-0.00581	-0.00786	0.68021	0.00229	1	-0.00587	-0.00780	0.67538	0.00372	1	1.45898	0.81042	0	
1282609	8649.72656	3307296861778	0.40817	0.14775	8649.36523	0.32812	12234	0	0.52891	0.17635	0	0.41515	0.20005	1	0.41515	0.20005	1	0.47658	0.52635	11.36311	1.09251	0	0.47612	0.52802	10.96278	1.08383	1	-0.00581	-0.00786	0.68021	0.00229	1	-0.00587	-0.00780	0.67538	0.00389	1	1.45898	0.81042	0	
1282610	8649.73340	3307296929542	0.40448	0.18646	8649.36523	0.32812	12234	0	0.52891	0.17635	0	0.39709	0.26390	1	0.39709	0.26390	1	0.47658	0.52635	11.36311	1.08383	0	0.47588	0.52862	11.20723	1.07515	1	-0.00581	-0.00786	0.68021	0.00229	1	-0.00587	-0.00780	0.67538	0.00373	1	1.45898	0.81042	0	
1282611	8649.74023	3307296996486	0.40321	0.24512	8649.36523	0.32812	12234	0	0.52891	0.17635	0	0.39738	0.27141	1	0.39738	0.27141	1	0.47658	0.52635	11.36311	1.07515	0	0.47596	0.52876	11.46234	1.06647	1	-0.00581	-0.00786	0.68021	0.00229	1	-0.00605	-0.00790	0.68372	0.00361	1	1.45898	0.81042	0	
1282612	8649.74707	3307297061434	0.40358	0.25735	8649.36523	0.32812	12234	0	0.52891	0.17635	0	0.40396	0.26957	1	0.40396	0.26957	1	0.47658	0.52635	11.36311	1.06647	0	0.47607	0.52857	11.14934	1.06647	1	-0.00581	-0.00786	0.68021	0.00229	1	-0.00605	-0.00790	0.68372	0.00377	1	1.45898	0.81042	0	
1282613	8649.75293	3307297126441	0.40267	0.25327	8649.36523	0.32812	12234	0	0.52891	0.17635	0	0.40084	0.24513	1	0.40084	0.24513	1	0.47658	0.52635	11.36311	1.06647	0	0.47592	0.52840	11.12977	1.06647	1	-0.00581	-0.00786	0.68021	0.00229	1	-0.00605	-0.00790	0.68372	0.00380	1	1.45898	0.81042	0	
1282614	8649.75977	3307297196982	0.40215	0.24930	8649.74023	0.01953	12235	1	0.52891	0.17635	0	0.40058	0.23740	1	0.40058	0.23740	1	0.47658	0.52635	11.36311	1.06647	0	0.47604	0.52867	11.05102	1.07515	1	-0.00581	-0.00786	0.68021	0.00229	1	-0.00624	-0.00807	0.69899	0.00374	1	1.45898	0.81042	0	
1282615	8649.76660	3307297261787	0.40402	0.24933	8649.74023	0.02637	12235	1	0.52891	0.17635	0	0.41149	0.24943	1	0.41149	0.24943	1	0.47658	0.52635	11.36311	1.07515	0	0.47610	0.52858	11.30881	1.08383	1	-0.00581	-0.00786	0.68021	0.00229	1	-0.00624	-0.00807	0.69899	0.00386	1	1.45898	0.81042	0	
1282616	8649.77344	3307297332678	0.40407	0.24327	8649.74023	0.03320	12235	1	0.52891	0.17635	0	0.40431	0.21298	1	0.40431	0.21298	1	0.47658	0.52635	11.36311	1.08383	0	0.47596	0.52817	11.04587	1.09251	1	-0.00581	-0.00786	0.68021	0.00229	1	-0.00624	-0.00807	0.69899	0.00391	1	1.45898	0.81042	0	
1282617	8649.78027	3307297398062	0.41273	0.23338	8649.74023	0.04004	12235	1	0.52540	0.14329	1	0.40408	0.20482	1	0.46474	0.17405	1	0.47601	0.52860	11.00245	1.10160	1	0.73656	0.55059	11.49680	1.10160	1	-0.00624	-0.00807	0.69899	0.00371	1	0.06186	-0.01239	0.68291	0.00407	1	1.45898	0.81042	0	
1282618	8649.78711	3307297466091	0.42626	0.24064	8649.74023	0.04688	12235	1	0.53525	0.28403	1	0.50657	0.29886	1	0.52091	0.29144	1	0.47605	0.52859	11.04736	1.11068	1	0.73671	0.55010	11.43983	1.10200	1	-0.00624	-0.00807	0.69899	0.00367	1	0.06186	-0.01239	0.68291	0.00396	1	1.45898	0.81042	0	
1282619	8649.79395	3307297532150	0.43596	0.24337	8649.74023	0.05371	12235	1	0.52355	0.20357	1	0.50358	0.32677	1	0.51356	0.26517	1	0.47592	0.52782	10.86544	1.11109	1	0.73663	0.54987	11.19158	1.10241	1	-0.00624	-0.00807	0.69899	0.00389	1	0.06186	-0.01239	0.68291	0.00399	1	1.45898	0.81042	0	
1282620	8649.79980	3307297597805	0.44372	0.24551	8649.74023	0.05957	12235	1	0.52351	0.20321	1	0.50360	0.32645	1	0.51356	0.26483	1	0.47562	0.52636	11.52943	1.11149	1	0.73670	0.55018	11.46291	1.10281	1	-0.00624	-0.00807	0.69899	0.00228	1	0.06186	-0.01239	0.68291	0.00390	1	1.45898	0.81042	0	
1282621	8649.80664	3307297662994	0.44834	0.24506	8649.74023	0.06641	12235	1	0.49880	0.09327	1	0.49038	0.38772	1	0.49459	0.24049	1	0.47560	0.52641	11.59911	1.10281	1	0.73647	0.55065	12.07307	1.10281	1	-0.00624	-0.00807	0.69899	0.00229	1	0.06186	-0.01239	0.68291	0.00384	1	1.45898	0.81042	0	
1282622	8649.81348	3307297729881	0.45255	0.24480	8649.74023	0.07324	12235	1	0.50737	0.09624	1	0.49038	0.38772	1	0.49888	0.24198	1	0.47559	0.52634	11.45609	1.10281	1	0.73647	0.55065	12.07307	1.10281	1	-0.00624	-0.00807	0.69899	0.00229	1	0.06186	-0.01239	0.68291	0.00384	1	1.45898	0.81042	0	
1282623	8649.82031	3307297800560	0.45614	0.24519	8649.74023	0.08008	12235	1	0.50840	0.10518	1	0.48994	0.39443	1	0.49917	0.24981	1	0.47556	0.52631	11.66881	1.09373	1	0.73622	0.55031	11.97815	1.09373	1	-0.00617	-0.00797	0.68528	0.00225	1	0.06186	-0.01239	0.68291	0.00402	1	1.45898	0.81042	0	
1282624	8649.82715	3307297867211	0.45883	0.24207	8649.74023	0.08691	12235	1	0.48916	0.11332	1	0.49853	0.28993	1	0.49384	0.20162	1	0.47543	0.52645	11.24350	1.08464	1	0.73654	0.54928	11.22962	1.08464	1	-0.00617	-0.00797	0.68528	0.00227	1	0.06186	-0.01239	0.68291	0.00418	1	1.45898	0.81042	0	
1282625	8649.83398	3307297930606	0.46054	0.25181	8649.74023	0.09375	12235	1	0.48916	0.11332	0	0.48449	0.38808	1	0.48449	0.38808	1	0.47543	0.52645	11.24350	1.07556	0	0.73634	0.55037	11.92929	1.07556	1	-0.00617	-0.00797	0.68528	0.00227	1	0.06186	-0.01239	0.68291	0.00387	1	1.45898	0.81042	0	
1282626	8649.84082	3307297999335	0.46054	0.25181	8649.74023	0.10059	12235	1	0.48916	0.11332	0	0.48449	0.38808	0	0.48449	0.38808	0	0.47543	0.52645	11.24350	1.06647	0	0.73634	0.55037	11.92929	1.06647	0	-0.00617	-0.00797	0.68528	0.00227	1	0.06186	-0.01239	0.68291	0.00387	1	1.45898	0.81042	0	
1282627	8649.84668	3307298065032	0.46271	0.25731	8649.74023	0.10645	12235	1	0.48916	0.11332	0	0.49514	0.33988	1	0.49514	0.33988	1	0.47543	0.52645	11.24350	1.06647	0	0.73654	0.54973	11.33902	1.06647	1	-0.00617	-0.00797	0.68528	0.00227	1	0.06186	-0.01239	0.68291	0.00412	1	1.45898	0.81042	0	
1282628	8649.85352	3307298133065	0.46271	0.25731	8649.74023	0.11328	12235	1	0.48916	0.11332	0	0.49514	0.33988	0	0.49514	0.33988	0	0.47543	0.52645	11.24350	1.06647	0	0.73654	0.54973	11.33902	1.06647	0	-0.00617	-0.00797	0.68528	0.00227	1	0.06186	-0.01239	0.68291	0.00412	1	1.45898	0.81042	0	
1282629	8649.86035	3307298199721	0.46271	0.25731	8649.74023	0.12012	12235	1	0.48916	0.11332	0	0.49514	0.33988	0	0.49514	0.33988	0	0.47543	0.52645	11.24350	1.06647	0	0.73654	0.54973	11.33902	1.06647	0	-0.00617	-0.00797	0.68528	0.00227	1	0.06186	-0.01239	0.68291	0.00412	1	1.45898	0.81042	0	
1282630	8649.86719	3307298266131	0.46271	0.25731	8649.74023	0.12695	12235	1	0.48916	0.11332	0	0.49514	0.33988	0	0.49514	0.33988	0	0.47543	0.52645	11.24350	1.06647	0	0.73654	0.54973	11.33902	1.06647	0	-0.00617	-0.00797	0.68528	0.00227	1	0.06186	-0.01239	0.68291	0.00412	1	1.45898	0.81042	0	
1282631	8649.87402	3307298335959	0.48289	0.25998	8649.74023	0.12695	12235	0	0.48916	0.11332	0	0.49514	0.33988	0	0.49514	0.33988	0	0.47543	0.52645	11.24350	1.06647	0	0.73654	0.54973	11.33902	1.06647	0	-0.00617	-0.00797	0.68528	0.00227	1	0.06186	-0.01239	0.68291	0.00412	1	1.45898	0.81042	0	
1282632	8649.88086	3307298403016	0.48289	0.25998	8649.74023	0.12695	12235	0	0.48916	0.11332	0	0.49514	0.33988	0	0.49514	0.33988	0	0.47543	0.52645	11.24350	1.06647	0	0.73654	0.54973	11.33902	1.06647	0	-0.00617	-0.00797	0.68528	0.00227	1	0.06186	-0.01239	0.68291	0.00412	1	1.45898	0.81042	0	
1282633	8649.88770	3307298469979	0.48289	0.25998	8649.74023	0.12695	12235	0	0.48916	0.11332	0	0.49514	0.33988	0	0.49514	0.33988	0	0.47543	0.52645	11.24350	1.06647	0	0.73654	0.54973	11.33902	1.06647	0	-0.00617	-0.00797	0.68528	0.00227	1	0.06186	-0.01239	0.68291	0.00412	1	1.45898	0.81042	0	
1282634	8649.89453	3307298537135	0.00000	0.00000	8649.74023	0.12695	12235	0	0.48916	0.11332	0	0.49514	0.33988	0	0.49514	0.33988	0	0.47543	0.52645	11.24350	1.06647	0	0.73654	0.54973	11.33902	1.06647	0	-0.00617	-0.00797	0.68528	0.00227	1	0.06186	-0.01239	0.68291	0.00412	1	1.45898	0.81042	0	
1282635	8649.90039	3307298603225	0.00000	0.00000	8649.74023	0.12695	12235	0	0.48916	0.11332	0	0.49514	0.33988	0	0.49514	0.33988	0	0.47543	0.52645	11.24350	1.06647	0	0.73654	0.54973	11.33902	1.06647	0	-0.00617	-0.00797	0.68528	0.00227	1	0.06186	-0.01239	0.68291	0.00412	1	1.45898	0.81042	0	
1282636	8649.90723	3307298670371	0.00000	0.00000	8649.74023	0.12695	12235	0	0.48916	0.11332	0	0.49514	0.33988	0	0.49514	0.33988	0	0.47543	0.52645	11.24350	1.06647	0	0.73654	0.54973	11.33902	1.06647	0	-0.00617	-0.00797	0.68528	0.00227	1	0.06186	-0.01239	0.68291	0.00412	1	1.45898	0.81042	0	
1282637	8649.91406	3307298738185	0.49964	0.37044	8649.74023	0.12695	12235	0	0.52783	0.33209	1	0.47145	0.40878	1	0.49964	0.37044	1	0.47546	0.52832	11.93812	1.06647	1	0.73615	0.55042	12.48233	1.06647	1	-0.00617	-0.00797	0.68528	0.00339	1	0.06186	-0.01239	0.68291	0.00377	1	1.45898	0.81042	0	
1282638	8649.92090	3307298805855	0.49971	0.36882	8649.74023	0.12695	12235	0	0.52783	0.33209	1	0.47174	0.40233	1	0.49979	0.36721	1	0.47527	0.52634	11.74201	1.06647	1	0.73625	0.55054	12.46393	1.07515	1	-0.00617	-0.00791	0.68528	0.00238	1	0.06415	-0.01286	0.70880	0.00373	1	1.45898	0.81042	0	
1282639	8649.92773	3307298871517	0.49279	0.33529	8649.74023	0.12695	12235	0	0.48417	0.16125	1	0.47371	0.37521	1	0.47894	0.26823	1	0.47532	0.52630	11.78542	1.07515	1	0.73618	0.55032	12.05441	1.08383	1	-0.00617	-0.00791	0.68528	0.00234	1	0.06415	-0.01286	0.70880	0.00379	1	1.45898	0.81042	0	
1282640	8649.93457	3307298938754	0.49136	0.31331	8649.91406	0.02051	12236	1	0.49382	0.13800	1	0.48034	0.35674	1	0.48708	0.24737	1	0.47541	0.52616	11.80621	1.08383	1	0.73631	0.55014	12.16703	1.09251	1	-0.00617	-0.00791	0.68528	0.00236	1	0.06415	-0.01286	0.70880	0.00383	1	1.45898	0.81042	0	
1282641	8649.94043	3307299004052	0.49040	0.29929	8649.91406	0.02637	12236	1	0.49274	0.12963	1	0.48034	0.35674	1	0.48654	0.24318	1	0.47546	0.52621	11.74026	1.09251	1	0.73631	0.54990	12.19043	1.09251	1	-0.00617	-0.00791	0.68528	0.00234	1	0.06186	-0.01239	0.68291	0.00387	1	1.45898	0.81042	0	
1282642	8649.94727	3307299071886	0.49274	0.30890	8649.91406	0.03320	12236	1	0.52442	0.32800	1	0.48448	0.38587	1	0.50445	0.35694	1	0.47586	0.52843	11.15596	1.09251	1	0.73632	0.55054	12.93364	1.08383	1	-0.00617	-0.00791	0.68528	0.00350	1	0.06186	-0.01239	0.68291	0.00372	1	1.45898	0.81042	0	
1282643	8649.95410	3307299139818	0.49595	0.31648	8649.91406	0.04004	12236	1	0.52749	0.38560	1	0.50296	0.33839	1	0.51523	0.36199	1	0.47584	0.52845	11.10793	1.08383	1	0.73662	0.54992	12.76978	1.07515	1	-0.00617	-0.00791	0.68528	0.00353	1	0.06186	-0.01239	0.68291	0.00379	1	1.45898	0.81042	0	
1282644	8649.96094	3307299207378	0.49835	0.32339	8649.91406	0.04688	12236	1	0.52836	0.39196	1	0.50196	0.35154	1	0.51516	0.37175	1	0.47551	0.52592	11.64364	1.07515	1	0.73698	0.55016	12.26013	1.05881	1	-0.00605	-0.00790	0.68372	0.00242	1	0.05844	-0.01170	0.64470	0.00385	1	1.45898	0.81042	0	
1282645	8649.96777	3307299274148	0.49953	0.32898	8649.91406	0.05371	12236	1	0.53491	0.33985	1	0.48304	0.40757	1	0.50897	0.37371	1	0.47602	0.52776	11.06048	1.05881	1	0.73673	0.55031	12.66003	1.05115	1	-0.00605	-0.00790	0.68372	0.00360	1	0.05844	-0.01170	0.64470	0.00383	1	1.45898	0.81042	0	
1282646	8649.97461	3307299341157	0.49862	0.33345	8649.91406	0.06055	12236	1	0.53634	0.34727	1	0.44453	0.40004	1	0.49043	0.37365	1	0.47603	0.52772	10.93690	1.05115	1	0.73642	0.55016	12.74311	1.04349	1	-0.00605	-0.00790	0.68372	0.00362	1	0.05844	-0.01170	0.64470	0.00388	1	1.45898	0.81042	0	
1282647	8649.98145	3307299407681	0.49788	0.33674	8649.91406	0.06738	12236	1	0.53620	0.34614	1	0.44461	0.39308	1	0.49041	0.36961	1	0.47586	0.52761	10.98653	1.05258	1	0.73692	0.54987	12.08860	1.05258	1	-0.00615	-0.00810	0.70132	0.00368	1	0.06164	-0.01233	0.67937	0.00410	1	1.45898	0.81042	0	
1282648	8649.98828	3307299473246	0.49816	0.33938	8649.91406	0.07422	12236	1	0.53532	0.33746	1	0.46721	0.39960	1	0.50127	0.36853	1	0.47595	0.52780	11.23430	1.06166	1	0.73684	0.55036	12.31551	1.06932	1	-0.00615	-0.00810	0.70132	0.00367	1	0.06164	-0.01233	0.67937	0.00399	1	1.45898	0.81042	0	
1282649	8649.99414	3307299539652	0.49840	0.33941	8649.91406	0.08008	12236	1	0.53313	0.31106	1	0.46946	0.36827	1	0.50129	0.33966	1	0.47604	0.52763	11.10563	1.07841	1	0.73688	0.55008	12.20103	1.08607	1	-0.00615	-0.00810	0.70132	0.00377	1	0.06164	-0.01233	0.67937	0.00417	1	1.45898	0.81042	0	
1282650	8650.00195	3307299609913	0.49859	0.33899	8649.91406	0.08789	12236	1	0.53240	0.30489	1	0.46969	0.36240	1	0.50105	0.33364	1	0.47585	0.52693	10.77726	1.08607	1	0.73703	0.54988	11.99517	1.09373	1	-0.00587	-0.00770	0.67538	0.00373	1	0.06116	-0.01218	0.67413	0.00415	1	1.45898	0.81042	0	
1282651	8650.00781	3307299676035	0.49742	0.33523	8649.91406	0.09375	12236	1	0.47799	0.23071	1	0.48422	0.33438	1	0.48111	0.28254	1	0.47592	0.52664	10.86815	1.08464	1	0.73705	0.54974	12.12088	1.08464	1	-0.00587	-0.00770	0.67538	0.00400	1	0.06116	-0.01218	0.67413	0.00398	1	1.45898	0.81042	0	
1282652	8650.01465	3307299739618	0.49731	0.33375	8649.91406	0.10059	12236	1	0.50259	0.29884	1	0.48865	0.32436	1	0.49562	0.31160	1	0.47622	0.52735	11.39218	1.07556	1	0.73708	0.54969	12.06849	1.07556	1	-0.00587	-0.00770	0.67538	0.00382	1	0.06116	-0.01218	0.67413	0.00395	1	1.45898	0.81042	0	
1282653	8650.02148	3307299809303	0.49721	0.33245	8649.91406	0.10742	12236	1	0.50259	0.29884	1	0.48865	0.32436	1	0.49562	0.31160	1	0.47612	0.52798	11.81291	1.07556	1	0.73695	0.55001	12.26239	1.07556	1	-0.00600	-0.00789	0.69633	0.00361	1	0.06210	-0.01235	0.68331	0.00396	1	1.45898	0.81042	0	
1282654	8650.02832	3307299876709	0.49685	0.33313	8649.91406	0.11426	12236	1	0.49974	0.33000	1	0.48170	0.35939	1	0.49072	0.34469	1	0.47621	0.52787	11.64722	1.08464	1	0.73700	0.55004	12.32450	1.08464	1	-0.00600	-0.00789	0.69633	0.00361	1	0.06210	-0.01235	0.68331	0.00394	1	1.45898	0.81042	0	
1282655	8650.03418	3307299941641	0.49653	0.33224	8649.91406	0.12012	12236	1	0.51407	0.28465	1	0.46759	0.34778	1	0.49083	0.31621	1	0.47648	0.52733	10.67024	1.09373	1	0.73718	0.55003	12.75328	1.09373	1	-0.00600	-0.00789	0.69633	0.00390	1	0.06210	-0.01235	0.68331	0.00390	1	1.45898	0.81042	0	
1282656	8650.04199	3307300010801	0.49625	0.33144	8649.91406	0.12793	12236	1	0.51407	0.28465	1	0.46759	0.34778	1	0.49083	0.31621	1	0.47693	0.52790	11.13955	1.09373	1	0.73748	0.54936	12.40259	1.09373	1	-0.00584	-0.00774	0.68362	0.00369	1	0.06210	-0.01235	0.68331	0.00418	1	1.45898	0.81042	0	
1282657	8650.04785	3307300077527	0.49578	0.32730	8649.91406	0.13379	12236	1	0.49293	0.12372	1	0.47983	0.36511	1	0.48638	0.24442	1	0.47636	0.52551	11.64163	1.08464	1	0.73739	0.55011	12.90483	1.08464	1	-0.00584	-0.00774	0.68362	0.00235	1	0.06210	-0.01235	0.68331	0.00384	1	1.45898	0.81042	0	
1282658	8650.05469	3307300144111	0.49716	0.32832	8649.91406	0.14062	12236	1	0.55784	0.34599	1	0.49457	0.35354	1	0.52620	0.34976	1	0.47711	0.52767	11.64134	1.07556	1	0.73762	0.55012	12.09741	1.07556	1	-0.00584	-0.00774	0.68362	0.00360	1	0.06210	-0.01235	0.68331	0.00389	1	1.45898	0.81042	0	
1282659	8650.06152	3307300210225	0.49843	0.32956	8649.91406	0.14746	12236	1	0.55853	0.35302	1	0.49408	0.36072	1	0.52630	0.35687	1	0.47650	0.52538	11.67655	1.06647	1	0.73778	0.54970	11.82580	1.06647	1	-0.00570	-0.00764	0.67869	0.00234	1	0.06155	-0.01217	0.67617	0.00402	1	1.45898	0.81042	0	
1282660	8650.06836	3307300279389	0.49885	0.33118	8649.91406	0.15430	12236	1	0.55403	0.36951	1	0.46295	0.36737	1	0.50849	0.36844	1	0.47711	0.52772	11.82355	1.06647	1	0.73760	0.54999	12.55117	1.06647	1	-0.00570	-0.00764	0.67869	0.00370	1	0.06155	-0.01217	0.67617	0.00398	1	1.45898	0.81042	0	
1282661	8650.07520	3307300345492	0.49834	0.32807	8649.91406	0.16113	12236	1	0.49563	0.19306	1	0.47681	0.31408	1	0.48622	0.25357	1	0.47664	0.52546	11.56870	1.06647	1	0.73780	0.54956	12.10206	1.06647	1	-0.00570	-0.00764	0.67869	0.00238	1	0.06155	-0.01217	0.67617	0.00418	1	1.45898	0.81042	0	
1282662	8650.08203	3307300412559	0.49788	0.32521	8649.91406	0.16797	12236	1	0.49563	0.19306	1	0.47681	0.31408	1	0.48622	0.25357	1	0.47689	0.52802	12.40381	1.06647	1	0.73748	0.55023	12.65983	1.06647	1	-0.00570	-0.00764	0.67869	0.00350	1	0.06125	-0.01206	0.67290	0.00404	1	1.45898	0.81042	0	
1282663	8650.08887	3307300479737	0.49736	0.32323	8649.91406	0.17480	12236	1	0.50791	0.17373	1	0.46015	0.37003	1	0.48403	0.27188	1	0.47683	0.52536	11.74201	1.06647	1	0.73755	0.55009	12.69071	1.06647	1	-0.00570	-0.00764	0.67869	0.00239	1	0.06125	-0.01206	0.67290	0.00408	1	1.45898	0.81042	0	
1282664	8650.09473	3307300544758	0.49744	0.32540	8649.91406	0.18066	12236	1	0.52578	0.38776	1	0.47337	0.38020	1	0.49958	0.38398	1	0.47695	0.52777	11.79618	1.06647	1	0.73771	0.55004	12.29877	1.06647	1	-0.00570	-0.00764	0.67869	0.00372	1	0.06125	-0.01206	0.67290	0.00398	1	1.45898	0.81042	0	
1282665	8650.10156	3307300613702	0.49752	0.32742	8649.91406	0.18750	12236	1	0.52578	0.38776	1	0.47337	0.38020	1	0.49958	0.38398	1	0.47748	0.52777	10.94797	1.06647	1	0.73787	0.54974	12.04199	1.06647	1	-0.00570	-0.00764	0.67869	0.00376	1	0.06204	-0.01235	0.68042	0.00415	1	1.45898	0.81042	0	
1282666	8650.10840	3307300680166	0.49759	0.32501	8649.91406	0.19434	12236	1	0.51654	0.16335	1	0.48266	0.34652	1	0.49960	0.25493	1	0.47698	0.52529	11.71684	1.06647	1	0.73780	0.54977	12.07069	1.06647	1	-0.00570	-0.00764	0.67869	0.00233	1	0.06204	-0.01235	0.68042	0.00395	1	1.45898	0.81042	0	
1282667	8650.11523	3307300747238	0.49738	0.32328	8649.91406	0.20117	12236	1	0.49828	0.18395	1	0.48423	0.35933	1	0.49125	0.27164	1	0.47701	0.52535	11.51395	1.06647	1	0.73790	0.54989	12.28677	1.06647	1	-0.00570	-0.00764	0.67869	0.00232	1	0.06204	-0.01235	0.68042	0.00387	1	1.45898	0.81042	0	
1282668	8650.12207	3307300814614	0.49719	0.32167	8649.91406	0.20801	12236	1	0.49828	0.18395	1	0.48423	0.35933	1	0.49125	0.27164	1	0.47722	0.52723	11.69161	1.06647	1	0.73803	0.55007	13.04363	1.06647	1	-0.00570	-0.00764	0.67869	0.00338	1	0.06204	-0.01230	0.68042	0.00384	1	1.45898	0.81042	0	
1282669	8650.12891	3307300881150	0.49695	0.32017	8649.91406	0.21484	12236	1	0.49111	0.17004	1	0.48767	0.37426	1	0.48939	0.27215	1	0.47694	0.52532	11.72157	1.06647	1	0.73799	0.55010	13.28135	1.06647	1	-0.00570	-0.00764	0.67869	0.00228	1	0.06204	-0.01230	0.68042	0.00388	1	1.45898	0.81042	0	
1282670	8650.13574	3307300948737	0.49756	0.32140	8649.91406	0.22168	12236	1	0.52620	0.35073	1	0.50913	0.37345	1	0.51767	0.36209	1	0.47735	0.52728	11.18056	1.06647	1	0.73827	0.55004	12.64162	1.06647	1	-0.00570	-0.00764	0.67869	0.00346	1	0.06204	-0.01230	0.68042	0.00391	1	1.45898	0.81042	0	
1282671	8650.14160	3307301015176	0.49814	0.32274	8649.91406	0.22754	12236	1	0.52702	0.35696	1	0.50859	0.37970	1	0.51781	0.36833	1	0.47718	0.52525	11.79943	1.05845	1	0.73827	0.55021	12.85625	1.05845	1	-0.00548	-0.00741	0.65884	0.00225	1	0.06204	-0.01235	0.68042	0.00386	1	1.45898	0.81042	0	
1282672	8650.14844	3307301080762	0.49807	0.32166	8649.91406	0.23438	12236	1	0.51815	0.16620	1	0.47330	0.40097	1	0.49572	0.28359	1	0.47726	0.52534	11.46946	1.05044	1	0.73812	0.55030	12.99439	1.05044	1	-0.00548	-0.00741	0.65884	0.00231	1	0.06204	-0.01235	0.68042	0.00382	1	1.45898	0.81042	0	
1282673	8650.15527	3307301149438	0.49785	0.32098	8649.91406	0.24121	12236	1	0.51999	0.18865	1	0.45927	0.40449	1	0.48963	0.29657	1	0.47715	0.52534	11.49912	1.04242	1	0.73796	0.55010	13.22790	1.04242	1	-0.00548	-0.00741	0.65884	0.00234	1	0.06204	-0.01235	0.68042	0.00388	1	1.45898	0.81042	0	
1282674	8650.16211	3307301213622	0.49763	0.32034	8649.91406	0.24805	12236	1	0.51999	0.18865	1	0.45927	0.40449	1	0.48963	0.29657	1	0.47728	0.52531	11.49781	1.04242	1	0.73813	0.54979	13.00741	1.04242	1	-0.00563	-0.00768	0.68232	0.00235	1	0.06204	-0.01225	0.68042	0.00406	1	1.45898	0.81042	0	
1282675	8650.16895	3307301283340	0.49795	0.32096	8649.91406	0.25488	12236	1	0.53181	0.27246	1	0.48845	0.41657	1	0.51013	0.34452	1	0.47754	0.52674	11.27824	1.05044	1	0.73834	0.55034	12.74272	1.05044	1	-0.00563	-0.00768	0.68232	0.00362	1	0.06204	-0.01225	0.68042	0.00382	1	1.45898	0.81042	0	
1282676	8650.17578	3307301350380	0.49813	0.32107	8649.91406	0.26172	12236	1	0.53101	0.26553	1	0.47943	0.38510	1	0.50522	0.32532	1	0.47754	0.52674	11.27824	1.05845	1	0.73827	0.55012	12.79831	1.05845	1	-0.00563	-0.00768	0.68232	0.00362	1	0.06204	-0.01225	0.68042	0.00395	1	1.45898	0.81042	0	
1282677	8650.18262	3307301417212	0.49830	0.32093	8649.91406	0.26855	12236	1	0.53021	0.25861	1	0.48011	0.37222	1	0.50516	0.31541	1	0.47757	0.52704	11.37529	1.06647	1	0.73840	0.54969	12.17920	1.07515	1	-0.00563	-0.00768	0.68232	0.00377	1	0.06341	-0.01251	0.69487	0.00406	1	1.45898	0.81042	0	
1282678	8650.18848	3307301484039	0.49862	0.32074	8649.91406	0.27441	12236	1	0.53220	0.32447	1	0.49102	0.30205	1	0.51161	0.31326	1	0.47744	0.52690	11.50975	1.07515	1	0.73834	0.54953	12.18249	1.08383	1	-0.00563	-0.00768	0.68232	0.00362	1	0.06341	-0.01251	0.69487	0.00414	1	1.45898	0.81042	0	
1282679	8650.19531	3307301551005	0.49883	0.32030	8649.91406	0.28125	12236	1	0.51806	0.27916	1	0.49717	0.32375	1	0.50761	0.30145	1	0.47729	0.52685	11.39636	1.08383	1	0.73843	0.54975	12.40305	1.09251	1	-0.00563	-0.00768	0.68232	0.00360	1	0.06341	-0.01251	0.69487	0.00410	1	1.45898	0.81042	0	
1282680	8650.20215	3307301616433	0.49901	0.31962	8649.91406	0.28809	12236	1	0.51615	0.26439	1	0.49767	0.31643	1	0.50691	0.29041	1	0.47748	0.52717	11.66730	1.10160	1	0.73833	0.54952	12.14777	1.10160	1	-0.00572	-0.00788	0.70012	0.00349	1	0.06221	-0.01236	0.68121	0.00412	1	1.45898	0.81042	0	
1282681	8650.20898	3307301682126	0.49936	0.31961	8649.91406	0.29492	12236	1	0.52768	0.30009	1	0.50204	0.33837	1	0.51486	0.31923	1	0.47747	0.52719	11.73500	1.11068	1	0.73849	0.54990	12.15027	1.10200	1	-0.00572	-0.00788	0.70012	0.00345	1	0.06221	-0.01236	0.68121	0.00416	1	1.45898	0.81042	0	
1282682	8650.21582	3307301748725	0.49949	0.31925	8649.91406	0.30176	12236	1	0.51877	0.29761	1	0.49179	0.30856	1	0.50528	0.30309	1	0.47739	0.52728	11.83660	1.11109	1	0.73838	0.54976	12.26518	1.10241	1	-0.00572	-0.00788	0.70012	0.00343	1	0.06221	-0.01236	0.68121	0.00404	1	1.45898	0.81042	0	
1282683	8650.22168	3307301815984	0.49962	0.31905	8649.91406	0.30762	12236	1	0.51968	0.30450	1	0.49136	0.31561	1	0.50552	0.31006	1	0.47759	0.52738	11.77126	1.10241	1	0.73827	0.55004	12.44537	1.09373	1	-0.00552	-0.00767	0.68167	0.00340	1	0.06221	-0.01236	0.68121	0.00386	1	1.45898	0.81042	0	
1282684	8650.22852	3307301883358	0.49986	0.31929	8649.91406	0.31445	12236	1	0.55020	0.31217	1	0.47229	0.34823	1	0.51125	0.33020	1	0.47782	0.52718	11.94181	1.08464	1	0.73848	0.55011	12.51461	1.08464	1	-0.00552	-0.00767	0.68167	0.00338	1	0.06221	-0.01236	0.68121	0.00397	1	1.45898	0.81042	0	
1282685	8650.23535	3307301950148	0.49962	0.31781	8649.91406	0.32129	12236	1	0.51760	0.27999	1	0.45874	0.31902	1	0.48817	0.29950	1	0.47771	0.52684	11.81207	1.07556	1	0.73828	0.54964	12.06320	1.07556	1	-0.00552	-0.00767	0.68167	0.00357	1	0.06221	-0.01236	0.68121	0.00376	1	1.45898	0.81042	0	
1282686	8650.24219	3307302017111	0.49939	0.31655	8649.91406	0.32812	12236	1	0.51859	0.28760	1	0.45854	0.32646	1	0.48857	0.30703	1	0.47752	0.52683	11.08209	1.06647	1	0.73866	0.55040	12.29041	1.06647	1	-0.00552	-0.00767	0.68167	0.00348	1	0.06221	-0.01236	0.68121	0.00401	1	1.45898	0.81042	0	
1282687	8650.24902	3307302082151	0.49994	0.31859	8649.91406	0.33496	12236	1	0.52406	0.37033	1	0.48656	0.36151	1	0.50531	0.36592	1	0.47777	0.52769	11.71571	1.06647	1	0.73867	0.55002	12.06631	1.06647	1	-0.00552	-0.00767	0.68167	0.00366	1	0.06221	-0.01236	0.68121	0.00383	1	1.45898	0.81042	0	
1282688	8650.25586	3307302151700	0.50007	0.31920	8649.91406	0.34180	12236	1	0.49883	0.16618	1	0.48817	0.38732	1	0.49350	0.27675	1	0.47749	0.52527	11.55526	1.06647	1	0.73876	0.55012	11.94991	1.06647	1	-0.00552	-0.00767	0.68167	0.00243	1	0.06221	-0.01236	0.68121	0.00417	1	1.45898	0.81042	0	
1282689	8650.26270	3307302217486	0.50022	0.31983	8649.91406	0.34863	12236	1	0.49883	0.16618	1	0.48859	0.38069	1	0.49371	0.27343	1	0.47753	0.52542	11.74948	1.06647	1	0.73905	0.55048	12.78673	1.07515	1	-0.00552	-0.00767	0.68167	0.00244	1	0.06378	-0.01266	0.69778	0.00402	1	1.45898	0.81042	0	
1282690	8650.26855	3307302284334	0.50022	0.31995	8649.91406	0.35449	12236	1	0.51560	0.34753	1	0.49294	0.37774	1	0.50427	0.36263	1	0.47757	0.52739	11.20381	1.07515	1	0.73883	0.55044	13.15000	1.08383	1	-0.00552	-0.00767	0.68167	0.00369	1	0.06378	-0.01266	0.69778	0.00378	1	1.45898	0.81042	0	
1282691	8650.27637	3307302354890	0.49997	0.32059	8649.91406	0.36230	12236	1	0.51891	0.38066	1	0.48781	0.40480	1	0.50336	0.39273	1	0.47766	0.52793	12.31032	1.08383	1	0.73871	0.55052	12.63095	1.09251	1	-0.00552	-0.00767	0.68167	0.00356	1	0.06378	-0.01266	0.69778	0.00380	1	1.45898	0.81042	0	
1282692	8650.28223	3307302421864	0.49972	0.32096	8649.91406	0.36816	12236	1	0.51798	0.37426	1	0.48781	0.40480	1	0.50290	0.38953	1	0.47746	0.52752	11.04902	1.09251	1	0.73863	0.55044	12.64954	1.09251	1	-0.00549	-0.00768	0.67808	0.00375	1	0.06157	-0.01222	0.67308	0.00379	1	1.45898	0.81042	0	
1282693	8650.28906	3307302487813	0.49963	0.32074	8649.91406	0.37500	12236	1	0.51340	0.34737	1	0.49608	0.37860	1	0.50474	0.36298	1	0.47766	0.52765	11.47436	1.09251	1	0.73885	0.55032	12.58014	1.08383	1	-0.00549	-0.00768	0.67808	0.00365	1	0.06157	-0.01222	0.67308	0.00373	1	1.45898	0.81042	0	
1282694	8650.29590	3307302553278	0.49972	0.32054	8649.91406	0.38184	12236	1	0.50336	0.36437	1	0.48577	0.36389	1	0.49456	0.36413	1	0.47742	0.52764	11.31867	1.08383	1	0.73866	0.55010	12.23403	1.07515	1	-0.00549	-0.00768	0.67808	0.00376	1	0.06157	-0.01222	0.67308	0.00389	1	1.45898	0.81042	0	
1282695	8650.30273	3307302622950	0.49980	0.32063	8649.91406	0.38867	12236	1	0.50440	0.37091	1	0.48502	0.37663	1	0.49471	0.37377	1	0.47750	0.52735	11.08017	1.07515	1	0.73854	0.55026	12.31135	1.05881	1	-0.00552	-0.00767	0.68167	0.00370	1	0.06017	-0.01195	0.65831	0.00377	1	1.45898	0.81042	0	
1282696	8650.30957	3307302690123	0.50002	0.32087	8649.91406	0.39551	12236	1	0.53813	0.33700	1	0.48461	0.42354	1	0.51137	0.38027	1	0.47756	0.52762	10.96569	1.05881	1	0.73865	0.55035	12.63442	1.05115	1	-0.00552	-0.00767	0.68167	0.00366	1	0.06017	-0.01195	0.65831	0.00385	1	1.45898	0.81042	0	
1282697	8650.31641	3307302756761	0.50040	0.35270	8649.91406	0.39551	12236	0	0.54047	0.33854	1	0.47522	0.42798	1	0.50784	0.38326	1	0.47758	0.52797	11.87302	1.05115	1	0.73859	0.55046	12.64280	1.04349	1	-0.00552	-0.00767	0.68167	0.00363	1	0.06017	-0.01195	0.65831	0.00380	1	1.45898	0.81042	0	
1282698	8650.32324	3307302823865	0.48781	0.39034	8649.91406	0.39551	12236	0	0.54047	0.33854	0	0.47522	0.42798	1	0.47522	0.42798	1	0.47758	0.52797	11.87302	1.04349	0	0.73875	0.55038	12.40397	1.04349	1	-0.00552	-0.00767	0.68167	0.00363	1	0.06221	-0.01236	0.68121	0.00380	1	1.45898	0.81042	0	
1282699	8650.32910	3307302886564	0.48038	0.41018	8649.91406	0.39551	12236	0	0.54047	0.33854	0	0.46552	0.44987	1	0.46552	0.44987	1	0.47758	0.52797	11.87302	1.04349	0	0.73843	0.55068	12.67123	1.05115	1	-0.00552	-0.00767	0.68167	0.00363	1	0.06221	-0.01236	0.68121	0.00390	1	1.45898	0.81042	0	
1282700	8650.33594	3307302957509	0.47037	0.43892	8649.91406	0.39551	12236	0	0.54047	0.33854	0	0.46552	0.44987	0	0.46552	0.44987	0	0.47758	0.52797	11.87302	1.05115	0	0.73843	0.55068	12.67123	1.05881	0	-0.00552	-0.00767	0.68167	0.00363	1	0.06221	-0.01236	0.68121	0.00390	1	1.45898	0.81042	0	
1282701	8650.34277	3307303024963	0.47037	0.43892	8649.91406	0.39551	12236	0	0.54047	0.33854	0	0.46552	0.44987	0	0.46552	0.44987	0	0.47758	0.52797	11.87302	1.05881	0	0.73843	0.55068	12.67123	1.06647	0	-0.00552	-0.00767	0.68167	0.00363	1	0.06221	-0.01236	0.68121	0.00390	1	1.45898	0.81042	0	
1282702	8650.34961	3307303092729	0.47037	0.43892	8649.91406	0.39551	12236	0	0.54047	0.33854	0	0.46552	0.44987	0	0.46552	0.44987	0	0.47758	0.52797	11.87302	1.06647	0	0.73843	0.55068	12.67123	1.06647	0	-0.00552	-0.00767	0.68167	0.00363	1	0.06221	-0.01236	0.68121	0.00390	1	1.45898	0.81042	0	
1282703	8650.35645	3307303159689	0.00000	0.00000	8649.91406	0.39551	12236	0	0.54047	0.33854	0	0.46552	0.44987	0	0.46552	0.44987	0	0.47758	0.52797	11.87302	1.06647	0	0.73843	0.55068	12.67123	1.06647	0	-0.00552	-0.00767	0.68167	0.00363	1	0.06221	-0.01236	0.68121	0.00390	1	1.45898	0.81042	0	
1282704	8650.36328	3307303225780	0.00000	0.00000	8649.91406	0.39551	12236	0	0.54047	0.33854	0	0.46552	0.44987	0	0.46552	0.44987	0	0.47758	0.52797	11.87302	1.06647	0	0.73843	0.55068	12.67123	1.06647	0	-0.00552	-0.00767	0.68167	0.00363	1	0.06221	-0.01236	0.68121	0.00390	1	1.45898	0.81042	0	
1282705	8650.37012	3307303292666	0.00000	0.00000	8649.91406	0.39551	12236	0	0.54047	0.33854	0	0.46552	0.44987	0	0.46552	0.44987	0	0.47758	0.52797	11.87302	1.06647	0	0.73843	0.55068	12.67123	1.06647	0	-0.00552	-0.00767	0.68167	0.00363	1	0.06221	-0.01236	0.68121	0.00390	1	1.45898	0.81042	0	
1282706	8650.37598	3307303359712	0.00000	0.00000	8649.91406	0.39551	12236	0	0.54047	0.33854	0	0.46552	0.44987	0	0.46552	0.44987	0	0.47758	0.52797	11.87302	1.06647	0	0.73843	0.55068	12.67123	1.06647	0	-0.00552	-0.00767	0.68167	0.00363	1	0.06221	-0.01236	0.68121	0.00390	1	1.45898	0.81042	0	
1282707	8650.38281	3307303424273	0.00000	0.00000	8649.91406	0.39551	12236	0	0.54047	0.33854	0	0.46552	0.44987	0	0.46552	0.44987	0	0.47758	0.52797	11.87302	1.06647	0	0.73843	0.55068	12.67123	1.06647	0	-0.00552	-0.00767	0.68167	0.00363	1	0.06221	-0.01236	0.68121	0.00390	1	1.45898	0.81042	0	
1282708	8650.38965	3307303494450	0.00000	0.00000	8649.91406	0.39551	12236	0	0.54047	0.33854	0	0.46552	0.44987	0	0.46552	0.44987	0	0.47758	0.52797	11.87302	1.06647	0	0.73843	0.55068	12.67123	1.06647	0	-0.00552	-0.00767	0.68167	0.00363	1	0.06221	-0.01236	0.68121	0.00390	1	1.45898	0.81042	0	
1282709	8650.39648	3307303560653	0.53087	0.41992	8649.91406	0.39551	12236	0	0.53216	0.42518	1	0.52958	0.41466	1	0.53087	0.41992	1	0.47970	0.53161	11.11203	1.06647	1	0.74022	0.55342	12.11586	1.06647	1	-0.00552	-0.00767	0.68167	0.00347	1	0.06221	-0.01236	0.68121	0.00400	1	1.45898	0.81042	0	
1282710	8650.40332	3307303627712	0.53087	0.41992	8649.91406	0.39551	12236	0	0.53216	0.42518	1	0.52958	0.41466	1	0.53087	0.41992	1	0.48112	0.53340	11.31302	1.06647	1	0.74118	0.55625	12.50597	1.06647	1	-0.00484	-0.00842	0.67209	0.00298	1	0.06277	-0.01311	0.68285	0.00311	1	1.45898	0.81042	0	
1282711	8650.41016	3307303693844	0.54855	0.46763	8649.91406	0.39551	12236	0	0.60873	0.47865	1	0.55911	0.64746	1	0.58392	0.56305	1	0.48133	0.53308	11.93471	1.06647	1	0.74112	0.55675	12.43845	1.06647	1	-0.00484	-0.00842	0.67209	0.00324	1	0.06277	-0.01311	0.68285	0.00328	1	1.45898	0.81042	0	
1282712	8650.41699	3307303761793	0.56395	0.51928	8649.91406	0.39551	12236	0	0.61290	0.49533	1	0.54126	0.65443	1	0.57708	0.57488	1	0.48130	0.53318	12.01412	1.06647	1	0.74129	0.55690	12.70901	1.06647	1	-0.00484	-0.00842	0.67209	0.00317	1	0.06277	-0.01311	0.68285	0.00331	1	1.45898	0.81042	0	
1282713	8650.42285	3307303825609	0.57052	0.54708	8649.91406	0.39551	12236	0	0.61290	0.49533	1	0.54126	0.65443	1	0.57708	0.57488	1	0.48158	0.53356	11.65226	1.06647	1	0.74109	0.55718	12.97360	1.06647	1	-0.00489	-0.00856	0.67905	0.00287	1	0.06158	-0.01301	0.66985	0.00326	1	1.45898	0.81042	0	
1282714	8650.42969	3307303893400	0.57198	0.56218	8649.91406	0.39551	12236	0	0.61435	0.53865	1	0.53545	0.64611	1	0.57490	0.59238	1	0.48128	0.53384	11.31619	1.06647	1	0.74120	0.55708	12.88527	1.06647	1	-0.00489	-0.00856	0.67905	0.00294	1	0.06158	-0.01301	0.66985	0.00320	1	1.45898	0.81042	0	
1282715	8650.43652	3307303958332	0.56946	0.57219	8650.41699	0.01953	12237	1	0.59093	0.55479	1	0.53287	0.64962	1	0.56190	0.60221	1	0.48132	0.53371	10.92026	1.06647	1	0.74120	0.55699	12.78764	1.06647	1	-0.00489	-0.00856	0.67905	0.00283	1	0.06158	-0.01301	0.66985	0.00318	1	1.45898	0.81042	0	
1282716	8650.44336	3307304026249	0.56788	0.57859	8650.41699	0.02637	12237	1	0.59093	0.55479	1	0.53218	0.65361	1	0.56156	0.60420	1	0.48129	0.53399	10.84983	1.06647	1	0.74148	0.55722	12.62683	1.05881	1	-0.00489	-0.00856	0.67905	0.00290	1	0.06067	-0.01286	0.65948	0.00307	1	1.45898	0.81042	0	
1282717	8650.45020	3307304096605	0.57311	0.58629	8650.41699	0.03320	12237	1	0.62367	0.57819	1	0.57484	0.67144	1	0.59926	0.62482	1	0.48182	0.53399	11.00240	1.05881	1	0.74187	0.55707	12.48056	1.05115	1	-0.00489	-0.00856	0.67905	0.00297	1	0.06067	-0.01286	0.65948	0.00304	1	1.45898	0.81042	0	
1282718	8650.45605	3307304159430	0.57563	0.58785	8650.41699	0.03906	12237	1	0.59922	0.56654	1	0.58230	0.62785	1	0.59076	0.59720	1	0.48148	0.53397	11.44311	1.05115	1	0.74197	0.55714	12.65290	1.04349	1	-0.00489	-0.00856	0.67905	0.00307	1	0.06067	-0.01286	0.65948	0.00303	1	1.45898	0.81042	0	
1282719	8650.46387	3307304230309	0.57754	0.58930	8650.41699	0.04688	12237	1	0.59955	0.57098	1	0.58230	0.62785	1	0.59092	0.59942	1	0.48178	0.53369	11.02637	1.04349	1	0.74196	0.55710	12.41356	1.04349	1	-0.00489	-0.00856	0.67905	0.00300	1	0.06224	-0.01316	0.67488	0.00313	1	1.45898	0.81042	0	
1282720	8650.47070	3307304297429	0.57973	0.59408	8650.41699	0.05371	12237	1	0.62982	0.59167	1	0.56475	0.67299	1	0.59728	0.63233	1	0.48188	0.53433	11.66216	1.04349	1	0.74210	0.55757	12.57990	1.05115	1	-0.00489	-0.00856	0.67905	0.00299	1	0.06224	-0.01316	0.67488	0.00322	1	1.45898	0.81042	0	
1282721	8650.47656	3307304364559	0.58035	0.59652	8650.41699	0.05957	12237	1	0.61536	0.56849	1	0.55652	0.66858	1	0.58594	0.61854	1	0.48176	0.53412	11.24654	1.05115	1	0.74210	0.55761	12.69312	1.05881	1	-0.00489	-0.00856	0.67905	0.00307	1	0.06224	-0.01316	0.67488	0.00321	1	1.45898	0.81042	0	
1282722	8650.48340	3307304432045	0.58089	0.59815	8650.41699	0.06641	12237	1	0.61514	0.56407	1	0.55738	0.66469	1	0.58626	0.61438	1	0.48158	0.53417	11.47587	1.05881	1	0.74220	0.55752	12.61006	1.06647	1	-0.00483	-0.00864	0.68560	0.00296	1	0.06224	-0.01316	0.67488	0.00337	1	1.45898	0.81042	0	
1282723	8650.49023	3307304498356	0.58183	0.59714	8650.41699	0.07324	12237	1	0.61085	0.53749	1	0.57348	0.63463	1	0.59217	0.58606	1	0.48172	0.53392	11.20165	1.06647	1	0.74223	0.55765	12.71991	1.06647	1	-0.00483	-0.00864	0.68560	0.00320	1	0.06224	-0.01316	0.67488	0.00341	1	1.45898	0.81042	0	
1282724	8650.49707	3307304565301	0.58168	0.59773	8650.41699	0.08008	12237	1	0.61679	0.57112	1	0.54304	0.63862	1	0.57991	0.60487	1	0.48174	0.53411	11.71713	1.06647	1	0.74211	0.55771	12.25615	1.06647	1	-0.00483	-0.00864	0.68560	0.00295	1	0.06224	-0.01316	0.67488	0.00335	1	1.45898	0.81042	0	
1282725	8650.50391	3307304632449	0.58156	0.59824	8650.41699	0.08691	12237	1	0.61679	0.57112	1	0.54304	0.63862	1	0.57991	0.60487	1	0.48183	0.53422	11.05579	1.06647	1	0.74219	0.55784	12.45212	1.06647	1	-0.00468	-0.00855	0.67854	0.00290	1	0.06224	-0.01316	0.67488	0.00328	1	1.45898	0.81042	0	
1282726	8650.51074	3307304699311	0.58114	0.60054	8650.41699	0.09375	12237	1	0.62565	0.59816	1	0.52502	0.66711	1	0.57534	0.63263	1	0.48183	0.53431	11.04451	1.06647	1	0.74187	0.55796	13.08586	1.06647	1	-0.00468	-0.00855	0.67854	0.00296	1	0.06224	-0.01316	0.67488	0.00322	1	1.45898	0.81042	0	
1282727	8650.51660	3307304763541	0.58050	0.60288	8650.41699	0.09961	12237	1	0.60397	0.62817	1	0.53783	0.64791	1	0.57090	0.63804	1	0.48179	0.53447	11.50762	1.06647	1	0.74208	0.55785	12.46717	1.06647	1	-0.00468	-0.00855	0.67854	0.00301	1	0.06224	-0.01316	0.67488	0.00329	1	1.45898	0.81042	0	
1282728	8650.52344	3307304833459	0.57992	0.60507	8650.41699	0.10645	12237	1	0.60397	0.62817	1	0.53711	0.65192	1	0.57054	0.64005	1	0.48188	0.53452	11.81315	1.06647	1	0.74138	0.55795	12.78768	1.05881	1	-0.00468	-0.00855	0.67854	0.00299	1	0.06191	-0.01308	0.67069	0.00357	1	1.45898	0.81042	0	
1282729	8650.53027	3307304899721	0.57892	0.60599	8650.41699	0.11328	12237	1	0.59235	0.58449	1	0.53171	0.65873	1	0.56203	0.62161	1	0.48179	0.53438	11.51162	1.05881	1	0.74196	0.55799	12.75705	1.05115	1	-0.00468	-0.00855	0.67854	0.00297	1	0.06191	-0.01308	0.67069	0.00322	1	1.45898	0.81042	0	
1282730	8650.53711	3307304965959	0.57839	0.60652	8650.41699	0.12012	12237	1	0.60069	0.55277	1	0.53677	0.67939	1	0.56873	0.61608	1	0.48197	0.53425	11.45045	1.05115	1	0.74204	0.55805	12.79221	1.04349	1	-0.00468	-0.00855	0.67854	0.00284	1	0.06191	-0.01308	0.67069	0.00319	1	1.45898	0.81042	0	
1282731	8650.54395	3307305034342	0.57789	0.60721	8650.41699	0.12695	12237	1	0.60101	0.55731	1	0.53603	0.68325	1	0.56852	0.62028	1	0.48224	0.53447	12.12160	1.04349	1	0.74206	0.55826	13.23349	1.03583	1	-0.00468	-0.00860	0.67854	0.00295	1	0.06191	-0.01323	0.67069	0.00311	1	1.45898	0.81042	0	
1282732	8650.55078	3307305101753	0.57844	0.60818	8650.41699	0.13379	12237	1	0.63865	0.57080	1	0.54027	0.68461	1	0.58946	0.62771	1	0.48238	0.53475	11.89854	1.03583	1	0.74217	0.55822	13.14604	1.03583	1	-0.00468	-0.00860	0.67854	0.00277	1	0.06191	-0.01323	0.67069	0.00309	1	1.45898	0.81042	0	
1282733	8650.55762	3307305168925	0.57865	0.60930	8650.41699	0.14062	12237	1	0.60933	0.56445	1	0.55645	0.70112	1	0.58289	0.63278	1	0.48248	0.53472	11.83034	1.03583	1	0.74247	0.55832	12.94789	1.03583	1	-0.00468	-0.00860	0.67854	0.00288	1	0.06191	-0.01323	0.67069	0.00308	1	1.45898	0.81042	0	
1282734	8650.56445	3307305236481	0.57885	0.61024	8650.41699	0.14746	12237	1	0.60933	0.56445	1	0.55732	0.69739	1	0.58333	0.63092	1	0.48238	0.53491	12.10730	1.03583	1	0.74261	0.55873	13.48740	1.04349	1	-0.00468	-0.00870	0.67854	0.00289	1	0.06256	-0.01336	0.67721	0.00297	1	1.45898	0.81042	0	
1282735	8650.57031	3307305302160	0.57923	0.61198	8650.41699	0.15332	12237	1	0.60915	0.58541	1	0.56695	0.71846	1	0.58805	0.65193	1	0.48227	0.53472	11.67742	1.04349	1	0.74296	0.55847	12.60110	1.05115	1	-0.00468	-0.00870	0.67854	0.00294	1	0.06256	-0.01336	0.67721	0.00313	1	1.45898	0.81042	0	
1282736	8650.57715	3307305369426	0.57964	0.61372	8650.41699	0.16016	12237	1	0.61837	0.59656	1	0.56053	0.71469	1	0.58945	0.65562	1	0.48240	0.53488	12.02806	1.05115	1	0.74280	0.55850	12.76747	1.05881	1	-0.00468	-0.00870	0.67854	0.00289	1	0.06256	-0.01336	0.67721	0.00297	1	1.45898	0.81042	0	
1282737	8650.58398	3307305436020	0.58003	0.61518	8650.41699	0.16699	12237	1	0.61817	0.59234	1	0.56142	0.71114	1	0.58980	0.65174	1	0.48244	0.53479	11.62120	1.05881	1	0.74299	0.55849	12.84147	1.06647	1	-0.00456	-0.00867	0.67576	0.00294	1	0.06431	-0.01371	0.69504	0.00305	1	1.45898	0.81042	0	
1282738	8650.59082	3307305502992	0.58090	0.61689	8650.41699	0.17383	12237	1	0.63726	0.60131	1	0.56952	0.72097	1	0.60339	0.66114	1	0.48267	0.53465	11.55230	1.06647	1	0.74298	0.55859	12.60214	1.06647	1	-0.00456	-0.00867	0.67576	0.00299	1	0.06431	-0.01371	0.69504	0.00324	1	1.45898	0.81042	0	
1282739	8650.59766	3307305570520	0.58074	0.61739	8650.41699	0.18066	12237	1	0.60908	0.56965	1	0.54396	0.69245	1	0.57652	0.63105	1	0.48244	0.53456	12.02295	1.06647	1	0.74302	0.55844	12.52314	1.06647	1	-0.00456	-0.00867	0.67576	0.00298	1	0.06431	-0.01371	0.69504	0.00319	1	1.45898	0.81042	0	
1282740	8650.60449	3307305637048	0.58060	0.61786	8650.41699	0.18750	12237	1	0.60908	0.56965	1	0.54396	0.69245	1	0.57652	0.63105	1	0.48237	0.53461	11.47340	1.06647	1	0.74301	0.55828	12.45690	1.06647	1	-0.00450	-0.00875	0.68223	0.00292	1	0.06431	-0.01371	0.69504	0.00325	1	1.45898	0.81042	0	
1282741	8650.61035	3307305700930	0.58077	0.61879	8650.41699	0.19336	12237	1	0.62576	0.57825	1	0.54575	0.71276	1	0.58575	0.64551	1	0.48262	0.53454	11.19999	1.06647	1	0.74303	0.55853	12.66530	1.06647	1	-0.00450	-0.00875	0.68223	0.00293	1	0.06431	-0.01371	0.69504	0.00302	1	1.45898	0.81042	0	
1282742	8650.61719	3307305768784	0.58115	0.61974	8650.41699	0.20020	12237	1	0.64000	0.58997	1	0.54552	0.70665	1	0.59276	0.64831	1	0.48287	0.53476	11.41451	1.06647	1	0.74292	0.55843	12.63355	1.06647	1	-0.00450	-0.00875	0.68223	0.00294	1	0.06431	-0.01371	0.69504	0.00307	1	1.45898	0.81042	0	
1282743	8650.62402	3307305833537	0.58151	0.62069	8650.41699	0.20703	12237	1	0.64000	0.58997	1	0.54475	0.71023	1	0.59237	0.65010	1	0.48273	0.53457	11.30237	1.06647	1	0.74317	0.55864	12.67637	1.05881	1	-0.00450	-0.00865	0.68223	0.00298	1	0.06061	-0.01291	0.65454	0.00307	1	1.45898	0.81042	0	
1282744	8650.63086	3307305902268	0.58683	0.64669	8650.41699	0.20703	12237	0	0.61087	0.58706	1	0.55143	0.75329	1	0.58115	0.67018	1	0.48277	0.53470	11.39098	1.05881	1	0.74307	0.55885	12.71813	1.05115	1	-0.00450	-0.00865	0.68223	0.00298	1	0.06061	-0.01291	0.65454	0.00311	1	1.45898	0.81042	0	
1282745	8650.63770	3307305969692	0.58547	0.65943	8650.41699	0.20703	12237	0	0.62209	0.61273	1	0.54614	0.73162	1	0.58411	0.67217	1	0.48280	0.53466	11.38854	1.05115	1	0.74298	0.55879	12.59839	1.04349	1	-0.00450	-0.00865	0.68223	0.00298	1	0.06061	-0.01291	0.65454	0.00320	1	1.45898	0.81042	0	
1282746	8650.64355	3307306035472	0.58491	0.66494	8650.41699	0.20703	12237	0	0.62226	0.61683	1	0.54534	0.73510	1	0.58380	0.67596	1	0.48294	0.53453	11.27219	1.04349	1	0.74296	0.55913	13.09279	1.03583	1	-0.00450	-0.00865	0.68223	0.00289	1	0.06061	-0.01291	0.65454	0.00311	1	1.45898	0.81042	0	
1282747	8650.65039	3307306101553	0.58595	0.66787	8650.63086	0.01953	12238	1	0.62427	0.60709	1	0.55385	0.74624	1	0.58906	0.67667	1	0.48289	0.53454	11.61634	1.03583	1	0.74329	0.55887	13.30774	1.03583	1	-0.00450	-0.00865	0.68223	0.00304	1	0.06061	-0.01291	0.65454	0.00308	1	1.45898	0.81042	0	
1282748	8650.65820	3307306173730	0.58423	0.66726	8650.63086	0.02734	12238	1	0.61271	0.57015	1	0.54195	0.75942	1	0.57733	0.66479	1	0.48308	0.53436	11.51457	1.03583	1	0.74292	0.55892	13.46277	1.03583	1	-0.00450	-0.00865	0.68223	0.00296	1	0.06061	-0.01291	0.65454	0.00309	1	1.45898	0.81042	0	
1282749	8650.66504	3307306240719	0.58314	0.66657	8650.63086	0.03418	12238	1	0.61271	0.57015	1	0.54272	0.75613	1	0.57772	0.66314	1	0.48283	0.53459	11.92494	1.03583	1	0.74348	0.55851	12.80579	1.04349	1	-0.00450	-0.00860	0.68223	0.00307	1	0.06266	-0.01334	0.67616	0.00306	1	1.45898	0.81042	0	
1282750	8650.67090	3307306307629	0.58429	0.66454	8650.63086	0.04004	12238	1	0.59563	0.56240	1	0.58669	0.74231	1	0.59116	0.65236	1	0.48294	0.53454	12.11805	1.04349	1	0.74366	0.55853	12.85759	1.05115	1	-0.00450	-0.00860	0.68223	0.00307	1	0.06266	-0.01334	0.67616	0.00304	1	1.45898	0.81042	0	
1282751	8650.67773	3307306373770	0.58372	0.66439	8650.63086	0.04688	12238	1	0.57881	0.62428	1	0.58066	0.70240	1	0.57973	0.66334	1	0.48272	0.53455	11.66061	1.05115	1	0.74359	0.55850	12.58849	1.05881	1	-0.00450	-0.00860	0.68223	0.00323	1	0.06266	-0.01334	0.67616	0.00311	1	1.45898	0.81042	0	
1282752	8650.68457	3307306440858	0.58331	0.66385	8650.63086	0.05371	12238	1	0.57834	0.62026	1	0.58169	0.69875	1	0.58002	0.65951	1	0.48279	0.53461	11.83261	1.05881	1	0.74385	0.55862	12.81361	1.06647	1	-0.00450	-0.00860	0.68223	0.00302	1	0.06323	-0.01341	0.68224	0.00316	1	1.45898	0.81042	0	
1282753	8650.69141	3307306507793	0.58442	0.66261	8650.63086	0.06055	12238	1	0.58916	0.58429	1	0.59980	0.71856	1	0.59448	0.65143	1	0.48289	0.53412	11.92476	1.06647	1	0.74377	0.55850	12.66643	1.06647	1	-0.00450	-0.00860	0.68223	0.00310	1	0.06323	-0.01341	0.68224	0.00310	1	1.45898	0.81042	0	
1282754	8650.69824	3307306574370	0.58514	0.65858	8650.63086	0.06738	12238	1	0.61160	0.52301	1	0.57294	0.71355	1	0.59227	0.61828	1	0.48325	0.53354	11.72721	1.06647	1	0.74379	0.55855	12.74323	1.06647	1	-0.00450	-0.00860	0.68223	0.00317	1	0.06323	-0.01341	0.68224	0.00310	1	1.45898	0.81042	0	
1282755	8650.70410	3307306638918	0.58570	0.65558	8650.63086	0.07324	12238	1	0.61185	0.52791	1	0.57193	0.71726	1	0.59189	0.62258	1	0.48320	0.53413	11.27671	1.05845	1	0.74382	0.55846	12.85869	1.05845	1	-0.00447	-0.00864	0.68549	0.00296	1	0.06378	-0.01345	0.68706	0.00304	1	1.45898	0.81042	0	
1282756	8650.71191	3307306709457	0.58501	0.65629	8650.63086	0.08105	12238	1	0.61631	0.64025	1	0.53705	0.68946	1	0.57668	0.66485	1	0.48313	0.53401	11.79689	1.05044	1	0.74368	0.55828	12.50868	1.05044	1	-0.00447	-0.00864	0.68549	0.00280	1	0.06378	-0.01345	0.68706	0.00312	1	1.45898	0.81042	0	
1282757	8650.71777	3307306775780	0.58519	0.65776	8650.63086	0.08691	12238	1	0.62516	0.63727	1	0.55001	0.71634	1	0.58759	0.67680	1	0.48329	0.53400	11.82166	1.04242	1	0.74377	0.55847	12.81414	1.04242	1	-0.00447	-0.00864	0.68549	0.00276	1	0.06378	-0.01345	0.68706	0.00309	1	1.45898	0.81042	0	
1282758	8650.72461	3307306842725	0.58531	0.65952	8650.63086	0.09375	12238	1	0.62547	0.64509	1	0.54837	0.72344	1	0.58692	0.68426	1	0.48313	0.53393	11.92236	1.02728	1	0.74359	0.55809	12.37494	1.02728	1	-0.00410	-0.00791	0.63522	0.00291	1	0.06378	-0.01335	0.68706	0.00321	1	1.45898	0.81042	0	
1282759	8650.73145	3307306908958	0.58450	0.65966	8650.63086	0.10059	12238	1	0.62056	0.62458	1	0.52437	0.69897	1	0.57246	0.66177	1	0.48335	0.53371	11.59646	1.02015	1	0.74347	0.55781	12.37207	1.02015	1	-0.00410	-0.00791	0.63522	0.00297	1	0.06378	-0.01335	0.68706	0.00316	1	1.45898	0.81042	0	
1282760	8650.73828	3307306976439	0.58434	0.66161	8650.63086	0.10742	12238	1	0.61955	0.62764	1	0.54378	0.75774	1	0.58167	0.69269	1	0.48335	0.53371	11.59646	1.01303	1	0.74374	0.55779	11.99219	1.01303	1	-0.00410	-0.00791	0.63522	0.00297	1	0.06378	-0.01335	0.68706	0.00305	1	1.45898	0.81042	0	
1282761	8650.74512	3307307043313	0.58418	0.66321	8650.63086	0.11426	12238	1	0.61934	0.62330	1	0.54382	0.75758	1	0.58158	0.69044	1	0.48349	0.53342	10.95728	1.02104	1	0.74376	0.55785	12.70425	1.01338	1	-0.00429	-0.00839	0.68177	0.00308	1	0.06038	-0.01263	0.64997	0.00297	1	1.45898	0.81042	0	
1282762	8650.75195	3307307110812	0.58452	0.66189	8650.63086	0.12109	12238	1	0.62908	0.53987	1	0.55199	0.73635	1	0.59054	0.63811	1	0.48348	0.53299	10.95741	1.02853	1	0.74393	0.55755	12.54579	1.02087	1	-0.00429	-0.00839	0.68177	0.00316	1	0.06038	-0.01263	0.64997	0.00298	1	1.45898	0.81042	0	
1282763	8650.75781	3307307177474	0.58480	0.66093	8650.63086	0.12695	12238	1	0.62568	0.58323	1	0.55471	0.70216	1	0.59019	0.64270	1	0.48345	0.53313	10.70602	1.03601	1	0.74381	0.55730	12.54913	1.02835	1	-0.00429	-0.00839	0.68177	0.00306	1	0.06038	-0.01263	0.64997	0.00299	1	1.45898	0.81042	0	
1282764	8650.76465	3307307244789	0.58508	0.65987	8650.63086	0.13379	12238	1	0.62553	0.57896	1	0.55556	0.69849	1	0.59055	0.63873	1	0.48332	0.53291	10.76107	1.04349	1	0.74365	0.55745	13.01701	1.03583	1	-0.00429	-0.00839	0.68177	0.00326	1	0.06038	-0.01263	0.64997	0.00303	1	1.45898	0.81042	0	
1282765	8650.77148	3307307312040	0.58449	0.66083	8650.63086	0.14062	12238	1	0.61172	0.65167	1	0.53254	0.71031	1	0.57213	0.68099	1	0.48322	0.53351	10.95640	1.03583	1	0.74345	0.55752	12.98157	1.03583	1	-0.00429	-0.00839	0.68177	0.00299	1	0.06038	-0.01263	0.64997	0.00319	1	1.45898	0.81042	0	
1282766	8650.77832	3307307378380	0.58445	0.66039	8650.63086	0.14746	12238	1	0.62474	0.57916	1	0.54246	0.72218	1	0.58360	0.65067	1	0.48329	0.53282	11.10580	1.03583	1	0.74369	0.55761	12.38260	1.03583	1	-0.00429	-0.00839	0.68177	0.00294	1	0.06038	-0.01263	0.64997	0.00304	1	1.45898	0.81042	0	
1282767	8650.78516	3307307445980	0.58441	0.65998	8650.63086	0.15430	12238	1	0.62474	0.57916	1	0.54246	0.72218	1	0.58360	0.65067	1	0.48364	0.53325	11.32222	1.03583	1	0.74404	0.55774	12.59535	1.03583	1	-0.00429	-0.00839	0.68177	0.00278	1	0.06038	-0.01253	0.64997	0.00299	1	1.45898	0.81042	0	
1282768	8650.79199	3307307512390	0.58491	0.66030	8650.63086	0.16113	12238	1	0.63621	0.59775	1	0.55725	0.73791	1	0.59673	0.66783	1	0.48356	0.53304	11.05780	1.03583	1	0.74398	0.55780	12.99489	1.03583	1	-0.00429	-0.00839	0.68177	0.00288	1	0.06038	-0.01253	0.64997	0.00296	1	1.45898	0.81042	0	
1282769	8650.79883	3307307580148	0.58498	0.66161	8650.63086	0.16797	12238	1	0.62359	0.64676	1	0.55030	0.74219	1	0.58694	0.69447	1	0.48332	0.53320	11.57590	1.03583	1	0.74381	0.55778	13.12804	1.03583	1	-0.00429	-0.00839	0.68177	0.00286	1	0.06038	-0.01253	0.64997	0.00297	1	1.45898	0.81042	0	
1282770	8650.80469	3307307646393	0.58506	0.66283	8650.63086	0.17383	12238	1	0.62359	0.64676	1	0.55030	0.74219	1	0.58694	0.69447	1	0.48360	0.53314	11.25964	1.03583	1	0.74363	0.55770	12.39198	1.03583	1	-0.00428	-0.00831	0.68009	0.00282	1	0.06038	-0.01248	0.64997	0.00311	1	1.45898	0.81042	0	
1282771	8650.81152	3307307713510	0.58491	0.66397	8650.63086	0.18066	12238	1	0.63535	0.63174	1	0.52664	0.75785	1	0.58099	0.69479	1	0.48354	0.53295	11.12133	1.03583	1	0.74350	0.55798	13.05335	1.03583	1	-0.00428	-0.00831	0.68009	0.00278	1	0.06038	-0.01248	0.64997	0.00307	1	1.45898	0.81042	0	
1282772	8650.81836	3307307780472	0.58516	0.66450	8650.63086	0.18750	12238	1	0.63792	0.60087	1	0.54613	0.75792	1	0.59202	0.67940	1	0.48355	0.53284	11.06051	1.03583	1	0.74390	0.55790	13.08018	1.03583	1	-0.00428	-0.00831	0.68009	0.00283	1	0.06038	-0.01248	0.64997	0.00296	1	1.45898	0.81042	0	
1282773	8650.82520	3307307846196	0.58540	0.66494	8650.63086	0.19434	12238	1	0.63792	0.60087	1	0.54693	0.75462	1	0.59242	0.67775	1	0.48356	0.53278	11.05555	1.03583	1	0.74393	0.55780	12.49959	1.04349	1	-0.00428	-0.00821	0.68009	0.00295	1	0.06297	-0.01300	0.67728	0.00299	1	1.45898	0.81042	0	
1282774	8650.83203	3307307914976	0.58591	0.66512	8650.63086	0.20117	12238	1	0.64085	0.60908	1	0.56138	0.73175	1	0.60111	0.67041	1	0.48358	0.53298	11.08530	1.04349	1	0.74401	0.55774	12.31698	1.05115	1	-0.00428	-0.00821	0.68009	0.00285	1	0.06297	-0.01300	0.67728	0.00302	1	1.45898	0.81042	0	
1282775	8650.83887	3307307981567	0.58573	0.66513	8650.63086	0.20801	12238	1	0.58879	0.58468	1	0.57198	0.74627	1	0.58039	0.66548	1	0.48359	0.53276	11.19292	1.05115	1	0.74414	0.55787	12.61151	1.05881	1	-0.00428	-0.00821	0.68009	0.00287	1	0.06297	-0.01300	0.67728	0.00301	1	1.45898	0.81042	0	
1282776	8650.84570	3307308048245	0.58558	0.66503	8650.63086	0.21484	12238	1	0.58840	0.58037	1	0.57295	0.74295	1	0.58067	0.66166	1	0.48390	0.53285	10.49644	1.05881	1	0.74439	0.55749	11.93837	1.06647	1	-0.00428	-0.00821	0.68009	0.00282	1	0.06349	-0.01309	0.68173	0.00313	1	1.45898	0.81042	0	
1282777	8650.85156	3307308114809	0.58517	0.66398	8650.63086	0.22070	12238	1	0.60217	0.57485	1	0.54113	0.68420	1	0.57165	0.62952	1	0.48378	0.53291	11.22647	1.06647	1	0.74405	0.55720	11.33252	1.06647	1	-0.00428	-0.00821	0.68009	0.00278	1	0.06349	-0.01309	0.68173	0.00315	1	1.45898	0.81042	0	
1282778	8650.85840	3307308182550	0.58424	0.66366	8650.63086	0.22754	12238	1	0.58697	0.60654	1	0.51811	0.69910	1	0.55254	0.65282	1	0.48374	0.53312	10.94559	1.06647	1	0.74406	0.55729	11.03847	1.06647	1	-0.00428	-0.00821	0.68009	0.00283	1	0.06349	-0.01309	0.68173	0.00317	1	1.45898	0.81042	0	
1282779	8650.86523	3307308249349	0.58336	0.66336	8650.63086	0.23438	12238	1	0.58697	0.60654	1	0.51811	0.69910	1	0.55254	0.65282	1	0.48374	0.53303	10.85620	1.06647	1	0.74448	0.55789	12.54651	1.06647	1	-0.00428	-0.00821	0.68009	0.00287	1	0.06291	-0.01312	0.67556	0.00305	1	1.45898	0.81042	0	
1282780	8650.87207	3307308316361	0.58265	0.66296	8650.63086	0.24121	12238	1	0.59420	0.58107	1	0.51989	0.71602	1	0.55705	0.64855	1	0.48372	0.53302	10.73510	1.06647	1	0.74409	0.55760	12.09968	1.06647	1	-0.00428	-0.00821	0.68009	0.00288	1	0.06291	-0.01312	0.67556	0.00311	1	1.45898	0.81042	0	
1282781	8650.87891	3307308383438	0.58228	0.66246	8650.63086	0.24805	12238	1	0.60213	0.59321	1	0.53495	0.69428	1	0.56854	0.64375	1	0.48374	0.53303	10.69637	1.06647	1	0.74436	0.55752	11.96387	1.06647	1	-0.00428	-0.00821	0.68009	0.00288	1	0.06291	-0.01312	0.67556	0.00305	1	1.45898	0.81042	0	
1282782	8650.88574	3307308450304	0.58191	0.66202	8650.63086	0.25488	12238	1	0.60213	0.59321	1	0.53425	0.69795	1	0.56819	0.64558	1	0.48377	0.53316	11.01182	1.06647	1	0.74422	0.55761	12.18117	1.05881	1	-0.00411	-0.00808	0.66925	0.00283	1	0.06226	-0.01288	0.66802	0.00306	1	1.45898	0.81042	0	
1282783	8650.89258	3307308517248	0.58173	0.66147	8650.63086	0.26172	12238	1	0.61655	0.57592	1	0.53255	0.70402	1	0.57455	0.63997	1	0.48389	0.53300	10.80751	1.05881	1	0.74430	0.55756	11.88955	1.05115	1	-0.00411	-0.00808	0.66925	0.00295	1	0.06226	-0.01288	0.66802	0.00307	1	1.45898	0.81042	0	
1282784	8650.89844	3307308584290	0.58131	0.66172	8650.63086	0.26758	12238	1	0.59718	0.62735	1	0.53161	0.71579	1	0.56439	0.67157	1	0.48369	0.53317	10.91230	1.05115	1	0.74431	0.55756	12.14654	1.04349	1	-0.00411	-0.00808	0.66925	0.00282	1	0.06226	-0.01288	0.66802	0.00305	1	1.45898	0.81042	0	
1282785	8650.90527	3307308649275	0.58090	0.66214	8650.63086	0.27441	12238	1	0.59787	0.63553	1	0.53019	0.72313	1	0.56403	0.67933	1	0.48405	0.53309	10.16017	1.03548	1	0.74446	0.55756	12.07983	1.02782	1	-0.00405	-0.00805	0.66700	0.00282	1	0.06226	-0.01298	0.66802	0.00304	1	1.45898	0.81042	0	
1282786	8650.91211	3307308718348	0.58088	0.66267	8650.63086	0.28125	12238	1	0.62922	0.65104	1	0.53137	0.71941	1	0.58030	0.68522	1	0.48410	0.53324	11.07909	1.01980	1	0.74445	0.55746	11.88068	1.01980	1	-0.00405	-0.00805	0.66700	0.00280	1	0.06226	-0.01298	0.66802	0.00306	1	1.45898	0.81042	0	
1282787	8650.91895	3307308785323	0.58058	0.66356	8650.63086	0.28809	12238	1	0.61172	0.67145	1	0.52328	0.73192	1	0.56750	0.70168	1	0.48389	0.53322	10.41015	1.01178	1	0.74428	0.55759	11.96325	1.01178	1	-0.00405	-0.00805	0.66700	0.00284	1	0.06226	-0.01298	0.66802	0.00310	1	1.45898	0.81042	0	
1282788	8650.92578	3307308852228	0.58028	0.66449	8650.63086	0.29492	12238	1	0.61198	0.67545	1	0.52259	0.73566	1	0.56729	0.70555	1	0.48417	0.53336	11.28381	1.00377	1	0.74443	0.55751	11.97599	1.00377	1	-0.00405	-0.00815	0.66700	0.00276	1	0.06226	-0.01288	0.66802	0.00304	1	1.45898	0.81042	0	
1282789	8650.93262	3307308919292	0.58033	0.66497	8650.63086	0.30176	12238	1	0.62832	0.63635	1	0.53703	0.73656	1	0.58267	0.68645	1	0.48431	0.53287	10.99086	1.00377	1	0.74456	0.55752	12.09722	1.00377	1	-0.00405	-0.00815	0.66700	0.00297	1	0.06226	-0.01288	0.66802	0.00299	1	1.45898	0.81042	0	
1282790	8650.93945	3307308986186	0.58019	0.66545	8650.63086	0.30859	12238	1	0.62222	0.64047	1	0.52471	0.73414	1	0.57347	0.68730	1	0.48406	0.53302	10.99825	1.00377	1	0.74440	0.55753	11.65634	1.00377	1	-0.00405	-0.00815	0.66700	0.00295	1	0.06226	-0.01288	0.66802	0.00303	1	1.45898	0.81042	0	
1282791	8650.94531	3307309052441	0.58005	0.66590	8650.63086	0.31445	12238	1	0.62222	0.64047	1	0.52471	0.73414	1	0.57347	0.68730	1	0.48414	0.53293	10.82048	1.00377	1	0.74413	0.55773	11.92455	1.00377	1	-0.00405	-0.00815	0.66700	0.00298	1	0.06226	-0.01298	0.66802	0.00312	1	1.45898	0.81042	0	
1282792	8650.95215	3307309118536	0.57991	0.66628	8650.63086	0.32129	12238	1	0.63028	0.60238	1	0.52989	0.72703	1	0.58009	0.66471	1	0.48422	0.53281	10.69789	1.00377	1	0.74443	0.55748	11.86257	1.00377	1	-0.00405	-0.00815	0.66700	0.00300	1	0.06226	-0.01298	0.66802	0.00308	1	1.45898	0.81042	0	
1282793	8650.95898	3307309187086	0.57970	0.66640	8650.63086	0.32812	12238	1	0.61133	0.61032	1	0.53741	0.74558	1	0.57437	0.67795	1	0.48398	0.53263	10.04199	1.00377	1	0.74444	0.55766	12.10891	1.00377	1	-0.00405	-0.00815	0.66700	0.00309	1	0.06226	-0.01298	0.66802	0.00298	1	1.45898	0.81042	0	
1282794	8650.96582	3307309253757	0.57951	0.66644	8650.63086	0.33496	12238	1	0.61133	0.61032	1	0.53741	0.74558	1	0.57437	0.67795	1	0.48382	0.53311	10.43160	1.00377	1	0.74434	0.55778	12.10366	1.00377	1	-0.00405	-0.00815	0.66700	0.00290	1	0.06226	-0.01298	0.66802	0.00299	1	1.45898	0.81042	0	
1282795	8650.97266	3307309320838	0.57882	0.66719	8650.63086	0.34180	12238	1	0.60843	0.66645	1	0.50364	0.75939	1	0.55603	0.71292	1	0.48387	0.53318	10.66238	1.00377	1	0.74405	0.55777	11.67062	1.00377	1	-0.00405	-0.00815	0.66700	0.00286	1	0.06226	-0.01298	0.66802	0.00319	1	1.45898	0.81042	0	
1282796	8650.97949	3307309388200	0.57889	0.66775	8650.63086	0.34863	12238	1	0.63012	0.62233	1	0.53087	0.76020	1	0.58050	0.69127	1	0.48424	0.53279	10.69412	1.00377	1	0.74446	0.55777	11.69207	1.00377	1	-0.00405	-0.00815	0.66700	0.00306	1	0.06226	-0.01298	0.66802	0.00297	1	1.45898	0.81042	0	
1282797	8650.98633	3307309454775	0.57894	0.66833	8650.63086	0.35547	12238	1	0.63012	0.62233	1	0.53087	0.76020	1	0.58050	0.69127	1	0.48401	0.53320	10.92794	1.00377	1	0.74438	0.55763	11.59840	1.00377	1	-0.00405	-0.00815	0.66700	0.00284	1	0.06226	-0.01298	0.66802	0.00303	1	1.45898	0.81042	0	
1282798	8650.99219	3307309520121	0.57850	0.66911	8650.63086	0.36133	12238	1	0.60744	0.63993	1	0.53250	0.73954	1	0.56997	0.68973	1	0.48389	0.53334	10.74829	1.00377	1	0.74439	0.55762	12.03239	1.00377	1	-0.00405	-0.00815	0.66700	0.00280	1	0.06226	-0.01298	0.66802	0.00299	1	1.45898	0.81042	0	
1282799	8650.99902	3307309588980	0.57824	0.66986	8650.63086	0.36816	12238	1	0.60015	0.64680	1	0.53400	0.75231	1	0.56707	0.69956	1	0.48378	0.53339	10.50398	1.00377	1	0.74451	0.55768	11.95558	1.00377	1	-0.00405	-0.00815	0.66700	0.00281	1	0.06226	-0.01298	0.66802	0.00298	1	1.45898	0.81042	0	
1282800	8651.00586	3307309654186	0.57797	0.67062	8650.63086	0.37500	12238	1	0.59980	0.64257	1	0.53477	0.74870	1	0.56728	0.69564	1	0.48390	0.53336	10.69056	1.01178	1	0.74464	0.55783	11.96314	1.01178	1	-0.00406	-0.00833	0.67712	0.00278	1	0.06226	-0.01298	0.66802	0.00294	1	1.45898	0.81042	0	
1282801	8651.01270	3307309720097	0.57785	0.67164	8650.63086	0.38184	12238	1	0.63060	0.62385	1	0.54639	0.77707	1	0.58850	0.70046	1	0.48423	0.53343	10.72070	1.01980	1	0.74463	0.55813	11.90986	1.01980	1	-0.00406	-0.00833	0.67712	0.00275	1	0.06226	-0.01298	0.66802	0.00297	1	1.45898	0.81042	0	
1282802	8651.01953	3307309788692	0.57778	0.67336	8650.63086	0.38867	12238	1	0.63324	0.60826	1	0.54491	0.79355	1	0.58907	0.70090	1	0.48419	0.53324	9.90237	1.02782	1	0.74475	0.55849	12.07742	1.02782	1	-0.00406	-0.00833	0.67712	0.00287	1	0.06226	-0.01298	0.66802	0.00303	1	1.45898	0.81042	0	
1282803	8651.02539	3307309852805	0.57774	0.67488	8650.63086	0.39453	12238	1	0.63313	0.60384	1	0.54656	0.78729	1	0.58984	0.69556	1	0.48452	0.53351	10.71200	1.03583	1	0.74469	0.55832	11.72029	1.04349	1	-0.00406	-0.00833	0.67712	0.00278	1	0.06295	-0.01311	0.67483	0.00306	1	1.45898	0.81042	0	
1282804	8651.03223	3307309920937	0.57800	0.67596	8650.63086	0.40137	12238	1	0.62379	0.62793	1	0.55457	0.80519	1	0.58918	0.71656	1	0.48443	0.53372	11.05106	1.04349	1	0.74467	0.55850	12.12371	1.05115	1	-0.00406	-0.00833	0.67712	0.00293	1	0.06295	-0.01311	0.67483	0.00303	1	1.45898	0.81042	0	
1282805	8651.03906	3307309988165	0.57813	0.67656	8650.63086	0.40820	12238	1	0.61589	0.63723	1	0.57178	0.77402	1	0.59383	0.70563	1	0.48444	0.53363	10.51202	1.05115	1	0.74495	0.55832	11.31888	1.05881	1	-0.00406	-0.00833	0.67712	0.00296	1	0.06295	-0.01311	0.67483	0.00312	1	1.45898	0.81042	0	
1282806	8651.04590	3307310054118	0.57827	0.67696	8650.63086	0.41504	12238	1	0.61568	0.63331	1	0.57178	0.77402	1	0.59373	0.70366	1	0.48459	0.53378	10.26824	1.05881	1	0.74499	0.55857	11.40914	1.05881	1	-0.00406	-0.00833	0.67712	0.00283	1	0.06164	-0.01283	0.66030	0.00309	1	1.45898	0.81042	0	
1282807	8651.05273	3307310118777	0.57823	0.67771	8650.63086	0.42188	12238	1	0.63375	0.64105	1	0.50728	0.75419	1	0.57052	0.69762	1	0.48469	0.53360	10.03719	1.05881	1	0.74439	0.55877	12.40482	1.05115	1	-0.00406	-0.00833	0.67712	0.00290	1	0.06164	-0.01283	0.66030	0.00307	1	1.45898	0.81042	0	
1282808	8651.05957	3307310192286	0.57778	0.67704	8650.63086	0.42871	12238	1	0.60567	0.55219	1	0.51400	0.76877	1	0.55984	0.66048	1	0.48469	0.53362	10.02959	1.05115	1	0.74484	0.55859	12.11768	1.04349	1	-0.00406	-0.00833	0.67712	0.00292	1	0.06164	-0.01283	0.66030	0.00308	1	1.45898	0.81042	0	AUDIO_FILE_OFFSET
1282809	8651.06641	3307310255289	0.57733	0.67646	8650.63086	0.43555	12238	1	0.60596	0.55673	1	0.51400	0.76877	1	0.55998	0.66275	1	0.48457	0.53411	10.81964	1.04349	1	0.74468	0.55893	12.10701	1.04349	1	-0.00406	-0.00833	0.67712	0.00285	1	0.06339	-0.01318	0.67850	0.00309	1	1.45898	0.81042	0	
1282810	8651.07324	3307310325622	0.57611	0.67752	8650.63086	0.44238	12238	1	0.60199	0.63507	1	0.46215	0.74267	1	0.53207	0.68887	1	0.48452	0.53393	10.45334	1.04349	1	0.74407	0.55884	11.15907	1.05115	1	-0.00406	-0.00833	0.67712	0.00304	1	0.06339	-0.01318	0.67850	0.00341	1	1.45898	0.81042	0	
1282811	8651.08008	3307310392643	0.57525	0.67813	8650.63086	0.44922	12238	1	0.60024	0.64166	1	0.49724	0.70232	1	0.54874	0.67199	1	0.48450	0.53410	10.58517	1.05115	1	0.74454	0.55853	10.95751	1.05881	1	-0.00406	-0.00833	0.67712	0.00296	1	0.06339	-0.01318	0.67850	0.00314	1	1.45898	0.81042	0	
1282964	8652.10449	3307320641442	0.63931	0.51963	8652.08496	0.01953	12243	1	0.68577	0.44914	1	0.63029	0.57454	1	0.65803	0.51184	1	0.48833	0.53145	10.13809	1.06851	1	0.74969	0.55735	11.40506	1.05217	1	-0.00339	-0.00818	0.68565	0.00346	1	0.06212	-0.01291	0.65696	0.00331	1	1.45898	0.81042	0	STOP_TRIAL
1282965	8652.11133	3307320708152	0.64271	0.52017	8652.08496	0.02637	12243	1	0.68529	0.46019	1	0.62734	0.58443	1	0.65631	0.52231	1	0.48832	0.53143	10.09132	1.05217	1	0.74991	0.55689	10.70280	1.03583	1	-0.00339	-0.00818	0.68565	0.00349	1	0.06212	-0.01286	0.65696	0.00310	1	1.45898	0.81042	0	START_TRIAL
1282966	8652.11816	3307320774668	0.64498	0.52833	8652.08496	0.03320	12243	1	0.69033	0.51533	1	0.62235	0.62296	1	0.65634	0.56914	1	0.48847	0.53183	10.05396	1.03583	1	0.74944	0.55730	11.57845	1.03583	1	-0.00339	-0.00818	0.68565	0.00347	1	0.06212	-0.01286	0.65696	0.00336	1	1.45898	0.81042	0	
1282967	8652.12500	3307320842023	0.64710	0.53029	8652.08496	0.04004	12243	1	0.68364	0.48389	1	0.63596	0.60013	1	0.65980	0.54201	1	0.48831	0.53141	10.06068	1.03583	1	0.74943	0.55759	11.10535	1.03583	1	-0.00339	-0.00818	0.68565	0.00355	1	0.06212	-0.01286	0.65696	0.00344	1	1.45898	0.81042	0	
1282968	8652.13184	3307320908974	0.64878	0.53147	8652.08496	0.04688	12243	1	0.68364	0.48389	1	0.63741	0.59560	1	0.66053	0.53975	1	0.48792	0.53160	10.63121	1.03583	1	0.74938	0.55753	11.01374	1.04349	1	-0.00339	-0.00823	0.68565	0.00350	1	0.06212	-0.01286	0.65696	0.00347	1	1.45898	0.81042	0	
1282969	8652.13770	3307320976373	0.64866	0.53830	8652.08496	0.05273	12243	1	0.66974	0.56618	1	0.62573	0.61974	1	0.64774	0.59296	1	0.48808	0.53230	11.39774	1.04349	1	0.74932	0.55748	11.38275	1.05115	1	-0.00339	-0.00823	0.68565	0.00322	1	0.06212	-0.01286	0.65696	0.00344	1	1.45898	0.81042	0	
1282970	8652.14453	3307321043491	0.64934	0.54402	8652.08496	0.05957	12243	1	0.67402	0.55370	1	0.63693	0.63734	1	0.65548	0.59552	1	0.48811	0.53214	11.01138	1.05115	1	0.74943	0.55765	11.06853	1.05881	1	-0.00339	-0.00823	0.68565	0.00323	1	0.06212	-0.01286	0.65696	0.00347	1	1.45898	0.81042	0	
1282971	8652.15137	3307321110006	0.64991	0.54850	8652.08496	0.06641	12243	1	0.67419	0.54919	1	0.63693	0.63734	1	0.65556	0.59327	1	0.48806	0.53148	10.36949	1.05881	1	0.74934	0.55758	11.08045	1.05881	1	-0.00339	-0.00823	0.68565	0.00334	1	0.06245	-0.01296	0.65944	0.00345	1	1.45898	0.81042	0	
1282972	8652.15820	3307321176502	0.65109	0.54668	8652.08496	0.07324	12243	1	0.69850	0.46961	1	0.62963	0.58366	1	0.66406	0.52663	1	0.48826	0.53151	10.66679	1.05881	1	0.74935	0.55714	11.25589	1.05115	1	-0.00339	-0.00823	0.68565	0.00334	1	0.06245	-0.01296	0.65944	0.00364	1	1.45898	0.81042	0	
1282973	8652.16504	3307321243443	0.65180	0.54546	8652.08496	0.08008	12243	1	0.69006	0.45018	1	0.63069	0.61162	1	0.66038	0.53090	1	0.48813	0.53125	10.52523	1.05115	1	0.74943	0.55739	11.56936	1.04349	1	-0.00339	-0.00823	0.68565	0.00349	1	0.06245	-0.01296	0.65944	0.00356	1	1.45898	0.81042	0	
1282974	8652.17188	3307321311326	0.65236	0.54477	8652.08496	0.08691	12243	1	0.68980	0.45544	1	0.62929	0.61602	1	0.65955	0.53573	1	0.48812	0.53158	10.49807	1.04349	1	0.74887	0.55729	11.85004	1.03583	1	-0.00345	-0.00822	0.67690	0.00340	1	0.06141	-0.01278	0.65058	0.00344	1	1.45898	0.81042	0	
1282975	8652.17871	3307321378051	0.65268	0.54603	8652.08496	0.09375	12243	1	0.68740	0.51866	1	0.62709	0.60856	1	0.65725	0.56361	1	0.48767	0.53194	10.38891	1.03583	1	0.74896	0.55718	11.58560	1.03583	1	-0.00345	-0.00822	0.67690	0.00334	1	0.06141	-0.01278	0.65058	0.00345	1	1.45898	0.81042	0	
1282976	8652.18457	3307321443957	0.65489	0.54867	8652.08496	0.09961	12243	1	0.70733	0.49184	1	0.66864	0.68490	1	0.68799	0.58837	1	0.48763	0.53136	9.87064	1.03583	1	0.74894	0.55753	11.15696	1.03583	1	-0.00345	-0.00822	0.67690	0.00330	1	0.06141	-0.01278	0.65058	0.00355	1	1.45898	0.81042	0	
1282977	8652.19141	3307321511230	0.65689	0.55089	8652.08496	0.10645	12243	1	0.70733	0.49184	1	0.67033	0.68100	1	0.68883	0.58642	1	0.48428	0.53153	9.37344	1.03583	1	0.74577	0.55590	11.01930	1.04349	1	-0.00400	-0.00831	0.68384	0.00348	1	0.06393	-0.01330	0.68212	0.00356	1	1.45898	0.81042	0	
1282978	8652.19824	3307321579488	0.65458	0.55156	8652.08496	0.11328	12243	1	0.62470	0.52642	1	0.60603	0.59944	1	0.61536	0.56293	1	0.48379	0.53210	9.87524	1.04349	1	0.74547	0.55617	11.93201	1.05115	1	-0.00400	-0.00831	0.68384	0.00326	1	0.06393	-0.01330	0.68212	0.00343	1	1.45898	0.81042	0	
1282979	8652.20508	3307321646495	0.65590	0.54840	8652.08496	0.12012	12243	1	0.69688	0.46434	1	0.66252	0.51880	1	0.67970	0.49157	1	0.48351	0.53085	9.56397	1.05115	1	0.74510	0.55541	12.49009	1.05881	1	-0.00400	-0.00831	0.68384	0.00291	1	0.06393	-0.01330	0.68212	0.00287	1	1.45898	0.81042	0	
1282980	8652.21191	3307321713874	0.65714	0.54531	8652.08496	0.12695	12243	1	0.69719	0.45919	1	0.66413	0.51376	1	0.68066	0.48648	1	0.47709	0.52870	9.60175	1.05881	1	0.73954	0.55437	11.62597	1.06647	1	-0.00499	-0.00805	0.67897	0.00195	1	0.06224	-0.01296	0.67487	0.00342	1	1.45898	0.81042	0	
1282981	8652.21875	3307321780021	0.64602	0.53817	8652.08496	0.13379	12243	1	0.39737	0.32345	1	0.45010	0.46750	1	0.42374	0.39548	1	0.47670	0.52893	9.30694	1.06647	1	0.73895	0.55468	11.63656	1.06647	1	-0.00499	-0.00805	0.67897	0.00206	1	0.06224	-0.01296	0.67487	0.00329	1	1.45898	0.81042	0	
1282982	8652.22559	3307321846458	0.63950	0.53595	8652.08496	0.14062	12243	1	0.39737	0.32345	0	0.50240	0.48932	1	0.50240	0.48932	1	0.47670	0.52893	9.30694	1.06647	0	0.73906	0.55427	11.53370	1.06647	1	-0.00499	-0.00805	0.67897	0.00206	1	0.06224	-0.01296	0.67487	0.00314	1	1.45898	0.81042	0	
1282983	8652.23145	3307321913609	0.63950	0.53595	8652.08496	0.14648	12243	1	0.39737	0.32345	0	0.50240	0.48932	0	0.50240	0.48932	0	0.47670	0.52893	9.30694	1.06647	0	0.73906	0.55427	11.53370	1.06647	0	-0.00499	-0.00805	0.67897	0.00206	1	0.06224	-0.01296	0.67487	0.00314	1	1.45898	0.81042	0	
1282984	8652.23828	3307321980914	0.63950	0.53595	8652.08496	0.15332	12243	1	0.39737	0.32345	0	0.50240	0.48932	0	0.50240	0.48932	0	0.47670	0.52893	9.30694	1.06647	0	0.73906	0.55427	11.53370	1.06647	0	-0.00499	-0.00805	0.67897	0.00206	1	0.06224	-0.01296	0.67487	0.00314	1	1.45898	0.81042	0	
1282985	8652.24512	3307322047315	0.63950	0.53595	8652.08496	0.16016	12243	1	0.39737	0.32345	0	0.50240	0.48932	0	0.50240	0.48932	0	0.47670	0.52893	9.30694	1.06647	0	0.73906	0.55427	11.53370	1.06647	0	-0.00499	-0.00805	0.67897	0.00206	1	0.06224	-0.01296	0.67487	0.00314	1	1.45898	0.81042	0	
1282986	8652.25195	3307322114685	0.63129	0.52923	8652.08496	0.16016	12243	0	0.39737	0.32345	0	0.50240	0.48932	0	0.50240	0.48932	0	0.47670	0.52893	9.30694	1.06647	0	0.73906	0.55427	11.53370	1.06647	0	-0.00499	-0.00805	0.67897	0.00206	1	0.06224	-0.01296	0.67487	0.00314	1	1.45898	0.81042	0	
1282987	8652.25781	3307322177427	0.63129	0.52923	8652.08496	0.16016	12243	0	0.39737	0.32345	0	0.50240	0.48932	0	0.50240	0.48932	0	0.47670	0.52893	9.30694	1.06647	0	0.73906	0.55427	11.53370	1.06647	0	-0.00499	-0.00805	0.67897	0.00206	1	0.06224	-0.01296	0.67487	0.00314	1	1.45898	0.81042	0	
1282988	8652.26562	3307322248703	0.63129	0.52923	8652.08496	0.16016	12243	0	0.39737	0.32345	0	0.50240	0.48932	0	0.50240	0.48932	0	0.47670	0.52893	9.30694	1.06647	0	0.73906	0.55427	11.53370	1.06647	0	-0.00499	-0.00805	0.67897	0.00206	1	0.06224	-0.01296	0.67487	0.00314	1	1.45898	0.81042	0	
1282989	8652.27246	3307322315655	0.00000	0.00000	8652.08496	0.16016	12243	0	0.39737	0.32345	0	0.50240	0.48932	0	0.50240	0.48932	0	0.47670	0.52893	9.30694	1.06647	0	0.73906	0.55427	11.53370	1.06647	0	-0.00499	-0.00805	0.67897	0.00206	1	0.06224	-0.01296	0.67487	0.00314	1	1.45898	0.81042	0	
1282990	8652.27832	3307322383112	0.00000	0.00000	8652.08496	0.16016	12243	0	0.39737	0.32345	0	0.50240	0.48932	0	0.50240	0.48932	0	0.47670	0.52893	9.30694	1.06647	0	0.73906	0.55427	11.53370	1.06647	0	-0.00499	-0.00805	0.67897	0.00206	1	0.06224	-0.01296	0.67487	0.00314	1	1.45898	0.81042	0	
1282991	8652.28516	3307322449528	0.00000	0.00000	8652.08496	0.16016	12243	0	0.39737	0.32345	0	0.50240	0.48932	0	0.50240	0.48932	0	0.47670	0.52893	9.30694	1.06647	0	0.73906	0.55427	11.53370	1.06647	0	-0.00499	-0.00805	0.67897	0.00206	1	0.06224	-0.01296	0.67487	0.00314	1	1.45898	0.81042	0	
1282992	8652.29199	3307322516397	0.44900	0.40223	8652.08496	0.16016	12243	0	0.39550	0.31609	1	0.50249	0.48837	1	0.44900	0.40223	1	0.47222	0.52864	9.24325	1.07556	1	0.73423	0.55422	11.82444	1.06790	1	-0.00588	-0.00837	0.70619	0.00199	1	0.06060	-0.01269	0.66626	0.00342	1	1.45898	0.81042	0	
1282993	8652.29883	3307322583511	0.35131	0.38969	8652.08496	0.16016	12243	0	0.23155	0.29966	1	0.27572	0.45465	1	0.25363	0.37716	1	0.47209	0.52873	8.91658	1.07698	1	0.73415	0.55397	11.61848	1.06932	1	-0.00588	-0.00837	0.70619	0.00211	1	0.06060	-0.01269	0.66626	0.00354	1	1.45898	0.81042	0	
1282994	8652.30566	3307322647437	0.31386	0.37837	8652.08496	0.16016	12243	0	0.20641	0.32128	1	0.27147	0.39017	1	0.23894	0.35572	1	0.47187	0.52888	9.32066	1.07841	1	0.73409	0.55348	11.50670	1.07075	1	-0.00588	-0.00837	0.70619	0.00211	1	0.06060	-0.01269	0.66626	0.00362	1	1.45898	0.81042	0	
1282995	8652.31250	3307322717334	0.24497	0.36599	8652.08496	0.16016	12243	0	0.21200	0.33405	1	0.27265	0.39612	1	0.24232	0.36508	1	0.47197	0.52865	9.21057	1.06273	1	0.73401	0.55331	11.08182	1.06273	1	-0.00557	-0.00779	0.65743	0.00194	1	0.06202	-0.01290	0.68244	0.00374	1	1.45898	0.81042	0	
1282996	8652.31934	3307322784705	0.24808	0.37460	8652.08496	0.16016	12243	0	0.23832	0.32455	1	0.26408	0.44188	1	0.25120	0.38321	1	0.47211	0.52864	8.82088	1.04563	1	0.73389	0.55337	11.24014	1.05329	1	-0.00557	-0.00779	0.65743	0.00203	1	0.06202	-0.01290	0.68244	0.00361	1	1.45898	0.81042	0	
1282997	8652.32520	3307322851816	0.25844	0.37963	8652.08496	0.16016	12243	0	0.26444	0.33531	1	0.29387	0.44409	1	0.27915	0.38970	1	0.47212	0.52862	8.89288	1.03619	1	0.73440	0.55384	11.41463	1.04385	1	-0.00557	-0.00779	0.65743	0.00200	1	0.06202	-0.01290	0.68244	0.00344	1	1.45898	0.81042	0	
1282998	8652.33203	3307322918619	0.26382	0.38311	8652.31250	0.01953	12244	1	0.26490	0.33649	1	0.29506	0.45057	1	0.27998	0.39353	1	0.47211	0.52862	8.86139	1.03476	1	0.73404	0.55363	11.09956	1.03476	1	-0.00566	-0.00799	0.67443	0.00202	1	0.06060	-0.01264	0.66626	0.00372	1	1.45898	0.81042	0	
1282999	8652.33887	3307322985609	0.26369	0.38141	8652.31250	0.02637	12244	1	0.25320	0.34098	1	0.27315	0.40828	1	0.26317	0.37463	1	0.47199	0.52880	8.81151	1.04278	1	0.73401	0.55336	10.84537	1.03512	1	-0.00566	-0.00799	0.67443	0.00199	1	0.06060	-0.01264	0.66626	0.00383	1	1.45898	0.81042	0	
1283000	8652.34570	3307323052103	0.26298	0.38740	8652.31250	0.03320	12244	1	0.25350	0.31751	1	0.26528	0.51713	1	0.25939	0.41732	1	0.47197	0.52854	9.12208	1.04314	1	0.73394	0.55385	11.36813	1.03548	1	-0.00566	-0.00799	0.67443	0.00207	1	0.06060	-0.01264	0.66626	0.00373	1	1.45898	0.81042	0	
1283001	8652.35254	3307323119658	0.26237	0.39128	8652.31250	0.04004	12244	1	0.25339	0.31721	1	0.26400	0.51194	1	0.25869	0.41457	1	0.47185	0.52866	8.83702	1.04349	1	0.73392	0.55355	11.17536	1.04349	1	-0.00566	-0.00799	0.67443	0.00192	1	0.06207	-0.01284	0.68184	0.00355	1	1.45898	0.81042	0	
1283002	8652.35938	3307323187155	0.26068	0.39268	8652.31250	0.04688	12244	1	0.23331	0.32897	1	0.26444	0.47598	1	0.24887	0.40248	1	0.47181	0.52864	8.67102	1.04349	1	0.73399	0.55372	11.30371	1.05115	1	-0.00566	-0.00799	0.67443	0.00196	1	0.06207	-0.01284	0.68184	0.00329	1	1.45898	0.81042	0	
1283003	8652.36621	3307323252925	0.25944	0.39351	8652.31250	0.05371	12244	1	0.25030	0.33516	1	0.24873	0.46513	1	0.24951	0.40015	1	0.47188	0.52867	8.77608	1.05115	1	0.73378	0.55353	11.18702	1.05881	1	-0.00566	-0.00799	0.67443	0.00200	1	0.06207	-0.01284	0.68184	0.00365	1	1.45898	0.81042	0	
1283004	8652.37207	3307323320179	0.25825	0.39360	8652.31250	0.05957	12244	1	0.24777	0.32888	1	0.24743	0.45992	1	0.24760	0.39440	1	0.47182	0.52871	8.46584	1.05881	1	0.73380	0.55357	10.67886	1.06647	1	-0.00584	-0.00810	0.68362	0.00209	1	0.06125	-0.01272	0.67290	0.00372	1	1.45898	0.81042	0	
1283005	8652.37891	3307323387193	0.25696	0.39131	8652.31250	0.06641	12244	1	0.23645	0.31084	1	0.25154	0.42601	1	0.24399	0.36842	1	0.47188	0.52870	8.63546	1.06647	1	0.73376	0.55329	10.64957	1.06647	1	-0.00584	-0.00810	0.68362	0.00194	1	0.06125	-0.01272	0.67290	0.00380	1	1.45898	0.81042	0	
1283006	8652.38574	3307323453867	0.25564	0.39243	8652.31250	0.07324	12244	1	0.23020	0.36557	1	0.25214	0.44388	1	0.24117	0.40472	1	0.47179	0.52871	9.05444	1.06647	1	0.73381	0.55358	10.72109	1.06647	1	-0.00584	-0.00810	0.68362	0.00198	1	0.06125	-0.01272	0.67290	0.00366	1	1.45898	0.81042	0	
1283007	8652.39258	3307323520887	0.25469	0.39383	8652.31250	0.08008	12244	1	0.23295	0.37182	1	0.25346	0.44945	1	0.24321	0.41063	1	0.47177	0.52802	8.95838	1.05845	1	0.73381	0.55343	10.92783	1.05845	1	-0.00556	-0.00773	0.65638	0.00185	1	0.06177	-0.01280	0.67974	0.00370	1	1.45898	0.81042	0	
1283008	8652.39941	3307323588351	0.25460	0.39187	8652.31250	0.08691	12244	1	0.23012	0.31108	1	0.27681	0.42181	1	0.25346	0.36644	1	0.47172	0.52796	8.93754	1.05044	1	0.73381	0.55318	10.29442	1.05044	1	-0.00556	-0.00773	0.65638	0.00205	1	0.06177	-0.01280	0.67974	0.00373	1	1.45898	0.81042	0	
1283009	8652.40625	3307323653350	0.25478	0.39255	8652.31250	0.09375	12244	1	0.23450	0.37661	1	0.28020	0.42754	1	0.25735	0.40208	1	0.47183	0.52821	9.28725	1.04242	1	0.73377	0.55310	10.46201	1.04242	1	-0.00556	-0.00773	0.65638	0.00196	1	0.06177	-0.01280	0.67974	0.00378	1	1.45898	0.81042	0	
1283010	8652.41309	3307323722309	0.25507	0.39353	8652.31250	0.10059	12244	1	0.23729	0.38292	1	0.28135	0.43338	1	0.25932	0.40815	1	0.47181	0.52817	9.49164	1.03440	1	0.73371	0.55309	10.79940	1.03440	1	-0.00556	-0.00773	0.65638	0.00194	1	0.06164	-0.01274	0.67937	0.00362	1	1.45898	0.81042	0	
1283011	8652.41992	3307323789846	0.25503	0.39478	8652.31250	0.10742	12244	1	0.25040	0.33310	1	0.25848	0.49641	1	0.25444	0.41476	1	0.47194	0.52809	9.26094	1.03440	1	0.73378	0.55376	10.86446	1.03440	1	-0.00556	-0.00773	0.65638	0.00204	1	0.06164	-0.01274	0.67937	0.00357	1	1.45898	0.81042	0	
1283012	8652.42578	3307323856297	0.25463	0.39403	8652.31250	0.11328	12244	1	0.24508	0.32216	1	0.25062	0.44064	1	0.24785	0.38140	1	0.47186	0.52808	9.60508	1.03440	1	0.73361	0.55320	10.75338	1.03440	1	-0.00556	-0.00773	0.65638	0.00197	1	0.06164	-0.01274	0.67937	0.00366	1	1.45898	0.81042	0	
1283013	8652.43262	3307323918859	0.25417	0.39304	8652.31250	0.12012	12244	1	0.24237	0.31537	1	0.24924	0.43488	1	0.24580	0.37513	1	0.47195	0.52800	9.55647	1.04242	1	0.73358	0.55387	10.94336	1.04242	1	-0.00584	-0.00805	0.68362	0.00201	1	0.06164	-0.01274	0.67937	0.00387	1	1.45898	0.81042	0	
1283014	8652.43945	3307323986924	0.24707	0.38402	8652.31250	0.12695	12244	1	0.24237	0.31537	0	0.11236	0.21268	1	0.11236	0.21268	1	0.47195	0.52800	9.55647	1.05044	0	0.47195	0.52785	8.93602	1.05044	1	-0.00584	-0.00805	0.68362	0.00201	1	0.06164	-0.01274	0.67937	0.00200	1	1.45898	0.81042	0	
1283015	8652.44629	3307324054077	0.24052	0.37699	8652.31250	0.13379	12244	1	0.24237	0.31537	0	0.10944	0.23636	1	0.10944	0.23636	1	0.47195	0.52800	9.55647	1.05845	0	0.47196	0.52810	9.46925	1.05845	1	-0.00584	-0.00805	0.68362	0.00201	1	0.06164	-0.01274	0.67937	0.00194	1	1.45898	0.81042	0	
1283016	8652.45312	3307324125486	0.21481	0.35140	8652.31250	0.13379	12244	0	0.24237	0.31537	0	0.10934	0.23605	1	0.10934	0.23605	1	0.47195	0.52800	9.55647	1.06647	0	0.47204	0.52804	9.38684	1.05881	1	-0.00584	-0.00805	0.68362	0.00201	1	-0.00556	-0.00773	0.65638	0.00199	1	1.45898	0.81042	0	
1283017	8652.45898	3307324186834	0.16476	0.29338	8652.31250	0.13379	12244	0	0.24237	0.31537	0	0.11472	0.23537	1	0.11472	0.23537	1	0.47195	0.52800	9.55647	1.05881	0	0.47194	0.52809	9.26094	1.05115	1	-0.00584	-0.00805	0.68362	0.00201	1	-0.00556	-0.00773	0.65638	0.00205	1	1.45898	0.81042	0	
1283018	8652.46582	3307324255872	0.14947	0.27518	8652.31250	0.13379	12244	0	0.24237	0.31537	0	0.11889	0.23877	1	0.11889	0.23877	1	0.47195	0.52800	9.55647	1.05115	0	0.47196	0.52812	9.17651	1.04349	1	-0.00584	-0.00805	0.68362	0.00201	1	-0.00556	-0.00773	0.65638	0.00205	1	1.45898	0.81042	0	
1283019	8652.47266	3307324321814	0.11824	0.23991	8652.31250	0.13379	12244	0	0.24237	0.31537	0	0.12111	0.24559	1	0.12111	0.24559	1	0.47195	0.52800	9.55647	1.04349	0	0.47206	0.52806	9.23023	1.03583	1	-0.00584	-0.00805	0.68362	0.00201	1	-0.00556	-0.00773	0.65638	0.00198	1	1.45898	0.81042	0	
1283020	8652.47949	3307324390343	0.12069	0.23863	8652.31250	0.13379	12244	0	0.24237	0.31537	0	0.12314	0.23735	1	0.12314	0.23735	1	0.47195	0.52800	9.55647	1.03583	0	0.47203	0.52795	9.34047	1.03583	1	-0.00584	-0.00805	0.68362	0.00201	1	-0.00556	-0.00773	0.65638	0.00207	1	1.45898	0.81042	0	
1283021	8652.48633	3307324456161	0.12597	0.23578	8652.31250	0.13379	12244	0	0.24237	0.31537	0	0.13652	0.23009	1	0.13652	0.23009	1	0.47195	0.52800	9.55647	1.03583	0	0.47216	0.52805	9.04295	1.03583	1	-0.00584	-0.00805	0.68362	0.00201	1	-0.00556	-0.00773	0.65638	0.00204	1	1.45898	0.81042	0	
1283022	8652.49316	3307324524050	0.12861	0.23436	8652.47266	0.02051	12245	1	0.24237	0.31537	0	0.13652	0.23009	1	0.13652	0.23009	1	0.47195	0.52800	9.55647	1.03583	0	0.47215	0.52798	9.15613	1.03583	1	-0.00584	-0.00805	0.68362	0.00201	1	-0.00556	-0.00773	0.65638	0.00205	1	1.45898	0.81042	0	
1283023	8652.50000	3307324592852	0.12992	0.23522	8652.47266	0.02734	12245	1	0.24237	0.31537	0	0.13516	0.23868	1	0.13516	0.23868	1	0.47195	0.52800	9.55647	1.03583	0	0.47228	0.52798	8.82716	1.03583	1	-0.00584	-0.00805	0.68362	0.00201	1	-0.00556	-0.00773	0.65638	0.00200	1	1.45898	0.81042	0	
1283024	8652.50684	3307324659856	0.13074	0.23832	8652.47266	0.03418	12245	1	0.24237	0.31537	0	0.13483	0.25382	1	0.13483	0.25382	1	0.47195	0.52800	9.55647	1.03583	0	0.47206	0.52809	9.18510	1.03583	1	-0.00584	-0.00805	0.68362	0.00201	1	-0.00556	-0.00773	0.65638	0.00199	1	1.45898	0.81042	0	
1283025	8652.51367	3307324727493	0.13132	0.24053	8652.47266	0.04102	12245	1	0.24237	0.31537	0	0.13483	0.25382	1	0.13483	0.25382	1	0.47195	0.52800	9.55647	1.03583	0	0.47220	0.52806	8.83619	1.03583	1	-0.00584	-0.00805	0.68362	0.00201	1	-0.00556	-0.00773	0.65638	0.00196	1	1.45898	0.81042	0	
1283026	8652.51953	3307324794395	0.13034	0.24075	8652.47266	0.04688	12245	1	0.24237	0.31537	0	0.12346	0.24223	1	0.12346	0.24223	1	0.47195	0.52800	9.55647	1.03583	0	0.47216	0.52799	9.21605	1.03583	1	-0.00584	-0.00805	0.68362	0.00201	1	-0.00556	-0.00773	0.65638	0.00192	1	1.45898	0.81042	0	
1283027	8652.52637	3307324860888	0.12867	0.23839	8652.47266	0.05371	12245	1	0.24237	0.31537	0	0.11531	0.21956	1	0.11531	0.21956	1	0.47195	0.52800	9.55647	1.03583	0	0.47213	0.52781	8.84555	1.03583	1	-0.00584	-0.00805	0.68362	0.00201	1	-0.00556	-0.00773	0.65638	0.00192	1	1.45898	0.81042	0	
1283028	8652.53320	3307324927542	0.13380	0.24158	8652.47266	0.06055	12245	1	0.24460	0.32095	1	0.11531	0.21956	1	0.17995	0.27026	1	0.47228	0.52786	9.25717	1.03583	1	0.73387	0.55407	10.76811	1.03583	1	-0.00572	-0.00802	0.68104	0.00182	1	0.06060	-0.01254	0.66626	0.00363	1	1.45898	0.81042	0	
1283029	8652.54004	3307324994541	0.14480	0.25781	8652.47266	0.06738	12245	1	0.24823	0.33583	1	0.26155	0.50439	1	0.25489	0.42011	1	0.47231	0.52810	9.00162	1.03583	1	0.73388	0.55402	10.72959	1.03583	1	-0.00572	-0.00802	0.68104	0.00197	1	0.06060	-0.01254	0.66626	0.00365	1	1.45898	0.81042	0	
1283030	8652.54688	3307325061206	0.15402	0.27050	8652.47266	0.07422	12245	1	0.24421	0.31680	1	0.26648	0.50337	1	0.25534	0.41008	1	0.47221	0.52799	9.37704	1.03583	1	0.73392	0.55406	10.75743	1.03583	1	-0.00572	-0.00802	0.68104	0.00207	1	0.06060	-0.01254	0.66626	0.00363	1	1.45898	0.81042	0	
1283031	8652.55371	3307325128081	0.16159	0.28051	8652.47266	0.08105	12245	1	0.24114	0.30907	1	0.26384	0.49232	1	0.25249	0.40069	1	0.47243	0.52789	8.80188	1.04492	1	0.73389	0.55404	10.79209	1.05258	1	-0.00589	-0.00833	0.70785	0.00203	1	0.06125	-0.01257	0.67290	0.00364	1	1.45898	0.81042	0	
1283032	8652.55957	3307325195177	0.16726	0.28937	8652.47266	0.08691	12245	1	0.23673	0.29907	1	0.24528	0.50987	1	0.24100	0.40447	1	0.47220	0.52799	9.35127	1.06166	1	0.73372	0.55425	10.90609	1.06932	1	-0.00589	-0.00833	0.70785	0.00207	1	0.06125	-0.01257	0.67290	0.00373	1	1.45898	0.81042	0	
1283033	8652.56641	3307325262780	0.17215	0.29630	8652.47266	0.09375	12245	1	0.23813	0.26963	1	0.24301	0.51705	1	0.24057	0.39334	1	0.47235	0.52791	9.37144	1.07841	1	0.73368	0.55439	10.96997	1.08607	1	-0.00589	-0.00833	0.70785	0.00203	1	0.06125	-0.01257	0.67290	0.00383	1	1.45898	0.81042	0	
1283034	8652.57324	3307325329776	0.19221	0.32456	8652.47266	0.09375	12245	0	0.23563	0.26303	1	0.24170	0.51233	1	0.23866	0.38768	1	0.47231	0.52790	9.42111	1.08607	1	0.73375	0.55413	10.63212	1.09373	1	-0.00561	-0.00796	0.68055	0.00199	1	0.06207	-0.01284	0.68184	0.00383	1	1.45898	0.81042	0	
1283035	8652.58008	3307325397039	0.21253	0.34805	8652.47266	0.09375	12245	0	0.21214	0.26625	1	0.25357	0.47683	1	0.23285	0.37154	1	0.47231	0.52790	9.42111	1.08464	1	0.73385	0.55383	10.66170	1.08464	1	-0.00561	-0.00796	0.68055	0.00199	1	0.06207	-0.01284	0.68184	0.00374	1	1.45898	0.81042	0	
1283036	8652.58691	3307325463763	0.22063	0.36122	8652.47266	0.09375	12245	0	0.22202	0.28214	1	0.25166	0.49298	1	0.23684	0.38756	1	0.47247	0.52792	9.09644	1.07556	1	0.73382	0.55419	10.84682	1.07556	1	-0.00561	-0.00796	0.68055	0.00196	1	0.06207	-0.01284	0.68184	0.00378	1	1.45898	0.81042	0	
1283037	8652.59277	3307325527609	0.22526	0.36951	8652.57324	0.01953	12246	1	0.22513	0.28989	1	0.25316	0.49883	1	0.23915	0.39436	1	0.47254	0.52797	8.83920	1.06647	1	0.73374	0.55423	10.91452	1.06647	1	-0.00556	-0.00794	0.67423	0.00200	1	0.06207	-0.01284	0.68184	0.00372	1	1.45898	0.81042	0	
1283038	8652.60059	3307325597614	0.22811	0.37576	8652.57324	0.02734	12246	1	0.23340	0.29474	1	0.24560	0.50677	1	0.23950	0.40075	1	0.47248	0.52794	8.90082	1.06647	1	0.73372	0.55420	10.82370	1.06647	1	-0.00556	-0.00794	0.67423	0.00209	1	0.06207	-0.01284	0.68184	0.00378	1	1.45898	0.81042	0	
1283039	8652.60742	3307325665083	0.22981	0.37699	8652.57324	0.03418	12246	1	0.21971	0.27983	1	0.25690	0.48644	1	0.23830	0.38314	1	0.47257	0.52795	8.80953	1.06647	1	0.73389	0.55408	10.97794	1.06647	1	-0.00556	-0.00794	0.67423	0.00208	1	0.06207	-0.01284	0.68184	0.00365	1	1.45898	0.81042	0	
1283040	8652.61328	3307325731653	0.23102	0.37787	8652.57324	0.04004	12246	1	0.21971	0.27983	1	0.25690	0.48644	1	0.23830	0.38314	1	0.47242	0.52803	9.05083	1.06647	1	0.73379	0.55425	10.89547	1.06647	1	-0.00556	-0.00794	0.67423	0.00203	1	0.06207	-0.01284	0.68184	0.00362	1	1.45898	0.81042	0	
1283041	8652.62012	3307325798794	0.23136	0.38225	8652.57324	0.04688	12246	1	0.21296	0.30992	1	0.25445	0.51594	1	0.23371	0.41293	1	0.47243	0.52811	8.84665	1.06647	1	0.73379	0.55437	11.39742	1.06647	1	-0.00556	-0.00794	0.67423	0.00200	1	0.06207	-0.01284	0.68184	0.00363	1	1.45898	0.81042	0	
1283042	8652.62695	3307325865627	0.23231	0.38143	8652.57324	0.05371	12246	1	0.21433	0.28400	1	0.26551	0.46571	1	0.23992	0.37486	1	0.47233	0.52804	9.30376	1.06647	1	0.73397	0.55387	10.70916	1.06647	1	-0.00556	-0.00794	0.67423	0.00201	1	0.06207	-0.01284	0.68184	0.00356	1	1.45898	0.81042	0	
1283043	8652.63379	3307325932482	0.23307	0.38077	8652.57324	0.06055	12246	1	0.21433	0.28400	1	0.26551	0.46571	1	0.23992	0.37486	1	0.47247	0.52813	9.26633	1.06647	1	0.73419	0.55383	10.47775	1.06647	1	-0.00556	-0.00794	0.67423	0.00203	1	0.06207	-0.01284	0.68184	0.00355	1	1.45898	0.81042	0	
1283044	8652.64062	3307325999537	0.23393	0.37952	8652.57324	0.06738	12246	1	0.21576	0.30643	1	0.26935	0.42754	1	0.24255	0.36699	1	0.47247	0.52821	9.18835	1.06647	1	0.73405	0.55369	10.20961	1.06647	1	-0.00556	-0.00794	0.67423	0.00202	1	0.06207	-0.01284	0.68184	0.00360	1	1.45898	0.81042	0	
1283045	8652.64648	3307326063748	0.23480	0.38090	8652.57324	0.07324	12246	1	0.23089	0.30625	1	0.25789	0.48586	1	0.24439	0.39606	1	0.47260	0.52814	9.45840	1.06647	1	0.73392	0.55384	10.42424	1.06647	1	-0.00556	-0.00794	0.67423	0.00207	1	0.06207	-0.01284	0.68184	0.00367	1	1.45898	0.81042	0	
1283046	8652.65430	3307326133782	0.23537	0.38154	8652.57324	0.08105	12246	1	0.22781	0.29864	1	0.25643	0.47989	1	0.24212	0.38927	1	0.47260	0.52814	9.45840	1.07556	1	0.73390	0.55388	10.37046	1.07556	1	-0.00589	-0.00833	0.70785	0.00207	1	0.06207	-0.01284	0.68184	0.00360	1	1.45898	0.81042	0	
1283047	8652.66016	3307326200892	0.23567	0.38259	8652.57324	0.08691	12246	1	0.21694	0.30305	1	0.26223	0.48953	1	0.23958	0.39629	1	0.47249	0.52822	9.18348	1.08464	1	0.73401	0.55396	10.44220	1.08464	1	-0.00589	-0.00833	0.70785	0.00199	1	0.06207	-0.01284	0.68184	0.00358	1	1.45898	0.81042	0	
1283048	8652.66699	3307326267927	0.23628	0.37977	8652.57324	0.09375	12246	1	0.23307	0.24471	1	0.25647	0.43584	1	0.24477	0.34027	1	0.47266	0.52815	9.32600	1.09373	1	0.73390	0.55363	10.28526	1.09373	1	-0.00589	-0.00833	0.70785	0.00207	1	0.06207	-0.01284	0.68184	0.00375	1	1.45898	0.81042	0	
1283049	8652.67383	3307326334755	0.23676	0.37712	8652.57324	0.10059	12246	1	0.23307	0.24471	1	0.25511	0.42990	1	0.24409	0.33730	1	0.47253	0.52830	9.29217	1.09373	1	0.73394	0.55405	10.84920	1.10241	1	-0.00556	-0.00794	0.67423	0.00203	1	0.06301	-0.01304	0.69281	0.00354	1	1.45898	0.81042	0	
1283050	8652.68066	3307326401537	0.23638	0.37497	8652.57324	0.10742	12246	1	0.20876	0.25662	1	0.25176	0.42476	1	0.23026	0.34069	1	0.47245	0.52833	9.09576	1.09332	1	0.73382	0.55390	10.64355	1.10200	1	-0.00556	-0.00794	0.67423	0.00210	1	0.06301	-0.01304	0.69281	0.00392	1	1.45898	0.81042	0	
1283051	8652.68750	3307326468343	0.23634	0.37427	8652.57324	0.11426	12246	1	0.21173	0.27007	1	0.25944	0.45449	1	0.23559	0.36228	1	0.47235	0.52840	9.07932	1.09292	1	0.73391	0.55388	10.64757	1.10160	1	-0.00556	-0.00794	0.67423	0.00202	1	0.06301	-0.01304	0.69281	0.00361	1	1.45898	0.81042	0	
1283052	8652.69434	3307326535384	0.23634	0.37381	8652.57324	0.12109	12246	1	0.21187	0.27041	1	0.26084	0.46052	1	0.23636	0.36547	1	0.47239	0.52832	9.04572	1.09251	1	0.73381	0.55394	10.78946	1.09251	1	-0.00556	-0.00794	0.67423	0.00199	1	0.06207	-0.01284	0.68184	0.00360	1	1.45898	0.81042	0	
1283053	8652.70117	3307326602712	0.23666	0.37279	8652.57324	0.12793	12246	1	0.22135	0.21570	1	0.26433	0.49116	1	0.24284	0.35343	1	0.47224	0.52836	9.09860	1.09251	1	0.73400	0.55400	10.66973	1.08383	1	-0.00556	-0.00794	0.67423	0.00213	1	0.06207	-0.01284	0.68184	0.00348	1	1.45898	0.81042	0	
1283054	8652.70703	3307326669219	0.23692	0.37281	8652.57324	0.13379	12246	1	0.23686	0.26612	1	0.24732	0.48025	1	0.24209	0.37319	1	0.47232	0.52835	9.47649	1.08383	1	0.73373	0.55412	10.54358	1.07515	1	-0.00556	-0.00794	0.67423	0.00203	1	0.06207	-0.01284	0.68184	0.00393	1	1.45898	0.81042	0	
1283055	8652.71387	3307326736660	0.23746	0.37795	8652.57324	0.14062	12246	1	0.23686	0.26612	0	0.24879	0.48595	1	0.24879	0.48595	1	0.47232	0.52835	9.47649	1.07515	0	0.47227	0.52832	9.36884	1.06647	1	-0.00556	-0.00794	0.67423	0.00203	1	-0.00556	-0.00794	0.67423	0.00201	1	1.45898	0.81042	0	
1283056	8652.72070	3307326803775	0.23168	0.37023	8652.57324	0.14746	12246	1	0.23686	0.26612	0	0.10452	0.20044	1	0.10452	0.20044	1	0.47232	0.52835	9.47649	1.06647	0	0.47219	0.52835	9.27665	1.06647	1	-0.00556	-0.00794	0.67423	0.00203	1	-0.00556	-0.00794	0.67423	0.00206	1	1.45898	0.81042	0	
1283057	8652.72754	3307326870366	0.22726	0.36311	8652.57324	0.15430	12246	1	0.23686	0.26612	0	0.12564	0.19925	1	0.12564	0.19925	1	0.47232	0.52835	9.47649	1.06647	0	0.47216	0.52841	9.34815	1.06647	1	-0.00556	-0.00794	0.67423	0.00203	1	-0.00556	-0.00794	0.67423	0.00203	1	1.45898	0.81042	0	
1283058	8652.73438	3307326937354	0.21019	0.33006	8652.57324	0.15430	12246	0	0.23686	0.26612	0	0.12776	0.20620	1	0.12776	0.20620	1	0.47232	0.52835	9.47649	1.06647	0	0.47201	0.52842	9.71867	1.05881	1	-0.00556	-0.00794	0.67423	0.00203	1	-0.00557	-0.00779	0.65743	0.00194	1	1.45898	0.81042	0	
1283059	8652.74023	3307327001939	0.16878	0.24963	8652.57324	0.15430	12246	0	0.23686	0.26612	0	0.12737	0.16920	1	0.12737	0.16920	1	0.47232	0.52835	9.47649	1.05881	0	0.47212	0.52828	9.59937	1.05115	1	-0.00556	-0.00794	0.67423	0.00203	1	-0.00557	-0.00779	0.65743	0.00202	1	1.45898	0.81042	0	
1283060	8652.74805	3307327070995	0.15528	0.23056	8652.57324	0.15430	12246	0	0.23686	0.26612	0	0.12828	0.19241	1	0.12828	0.19241	1	0.47232	0.52835	9.47649	1.05115	0	0.47209	0.52853	9.31814	1.04349	1	-0.00556	-0.00794	0.67423	0.00203	1	-0.00557	-0.00779	0.65743	0.00197	1	1.45898	0.81042	0	
1283061	8652.75391	3307327138319	0.12869	0.18706	8652.57324	0.15430	12246	0	0.23686	0.26612	0	0.13043	0.19956	1	0.13043	0.19956	1	0.47232	0.52835	9.47649	1.04349	0	0.47202	0.52866	9.20149	1.03583	1	-0.00556	-0.00794	0.67423	0.00203	1	-0.00557	-0.00779	0.65743	0.00203	1	1.45898	0.81042	0	
1283062	8652.76074	3307327205598	0.12538	0.19192	8652.57324	0.15430	12246	0	0.23686	0.26612	0	0.12207	0.19679	1	0.12207	0.19679	1	0.47232	0.52835	9.47649	1.03583	0	0.47199	0.52860	9.29474	1.03583	1	-0.00556	-0.00794	0.67423	0.00203	1	-0.00557	-0.00779	0.65743	0.00204	1	1.45898	0.81042	0	
1283063	8652.76758	3307327272315	0.12996	0.19443	8652.57324	0.15430	12246	0	0.23686	0.26612	0	0.13911	0.19945	1	0.13911	0.19945	1	0.47232	0.52835	9.47649	1.03583	0	0.47215	0.52843	9.27024	1.03583	1	-0.00556	-0.00794	0.67423	0.00203	1	-0.00557	-0.00779	0.65743	0.00209	1	1.45898	0.81042	0	
1283064	8652.77441	3307327339279	0.13173	0.19390	8652.75391	0.02051	12247	1	0.23686	0.26612	0	0.13702	0.19230	1	0.13702	0.19230	1	0.47232	0.52835	9.47649	1.03583	0	0.47209	0.52845	9.21258	1.04349	1	-0.00556	-0.00794	0.67423	0.00203	1	-0.00583	-0.00814	0.68254	0.00213	1	1.45898	0.81042	0	
1283065	8652.78125	3307327406937	0.15608	0.23827	8652.75391	0.02734	12247	1	0.24736	0.28179	1	0.25968	0.54970	1	0.25352	0.41575	1	0.47184	0.52860	9.44291	1.04349	1	0.73318	0.55442	11.20226	1.05115	1	-0.00556	-0.00794	0.67423	0.00214	1	-0.00583	-0.00814	0.68254	0.00372	1	1.45898	0.81042	0	
1283066	8652.78809	3307327473402	0.17134	0.25876	8652.75391	0.03418	12247	1	0.23498	0.25832	1	0.26023	0.46418	1	0.24760	0.36125	1	0.47181	0.52867	9.33020	1.05115	1	0.73313	0.55391	11.00464	1.05881	1	-0.00556	-0.00794	0.67423	0.00213	1	-0.00583	-0.00814	0.68254	0.00362	1	1.45898	0.81042	0	
1283067	8652.79492	3307327540523	0.18196	0.27254	8652.75391	0.04102	12247	1	0.23240	0.25147	1	0.25900	0.45896	1	0.24570	0.35521	1	0.47181	0.52866	9.33590	1.05881	1	0.73304	0.55336	10.82113	1.06647	1	-0.00583	-0.00814	0.68254	0.00213	1	0.06116	-0.01274	0.67413	0.00398	1	1.45898	0.81042	0	
1283068	8652.80078	3307327607089	0.17241	0.26080	8652.75391	0.04688	12247	1	0.23240	0.25147	0	0.10557	0.17858	1	0.10557	0.17858	1	0.47181	0.52866	9.33590	1.06647	0	0.47183	0.52862	9.43035	1.06647	1	-0.00583	-0.00814	0.68254	0.00213	1	0.06116	-0.01274	0.67413	0.00212	1	1.45898	0.81042	0	
1283069	8652.80762	3307327674164	0.16514	0.24883	8652.75391	0.05371	12247	1	0.23240	0.25147	0	0.10694	0.15306	1	0.10694	0.15306	1	0.47181	0.52866	9.33590	1.06647	0	0.47182	0.52866	9.32287	1.06647	1	-0.00583	-0.00814	0.68254	0.00213	1	0.06116	-0.01274	0.67413	0.00213	1	1.45898	0.81042	0	
1283070	8652.81445	3307327741254	0.15932	0.23925	8652.75391	0.06055	12247	1	0.23240	0.25147	0	0.10694	0.15306	1	0.10694	0.15306	1	0.47181	0.52866	9.33590	1.06647	0	0.47162	0.52872	9.41812	1.06647	1	-0.00583	-0.00814	0.68254	0.00213	1	-0.00584	-0.00820	0.68362	0.00210	1	1.45898	0.81042	0	
1283071	8652.82129	3307327808701	0.15555	0.23522	8652.75391	0.06738	12247	1	0.23240	0.25147	0	0.11786	0.19495	1	0.11786	0.19495	1	0.47181	0.52866	9.33590	1.06647	0	0.47165	0.52876	9.35699	1.06647	1	-0.00583	-0.00814	0.68254	0.00213	1	-0.00584	-0.00820	0.68362	0.00207	1	1.45898	0.81042	0	
1283072	8652.82812	3307327875494	0.15111	0.22941	8652.75391	0.07422	12247	1	0.23240	0.25147	0	0.10231	0.16545	1	0.10231	0.16545	1	0.47181	0.52866	9.33590	1.06647	0	0.47166	0.52864	9.24321	1.06647	1	-0.00583	-0.00814	0.68254	0.00213	1	-0.00584	-0.00820	0.68362	0.00204	1	1.45898	0.81042	0	
1283073	8652.83496	3307327942228	0.14736	0.22449	8652.75391	0.08105	12247	1	0.23240	0.25147	0	0.10231	0.16545	1	0.10231	0.16545	1	0.47181	0.52866	9.33590	1.06647	0	0.47292	0.52886	9.24757	1.06647	1	-0.00583	-0.00814	0.68254	0.00213	1	-0.00566	-0.00809	0.67443	0.00206	1	1.45898	0.81042	0	
1283074	8652.84082	3307328004760	0.14559	0.22220	8652.75391	0.08691	12247	1	0.23240	0.25147	0	0.12264	0.19249	1	0.12264	0.19249	1	0.47181	0.52866	9.33590	1.06647	0	0.47326	0.52866	9.27840	1.06647	1	-0.00583	-0.00814	0.68254	0.00213	1	-0.00566	-0.00809	0.67443	0.00206	1	1.45898	0.81042	0	
1283075	8652.84766	3307328071678	0.14174	0.21777	8652.75391	0.09375	12247	1	0.23240	0.25147	0	0.08784	0.15572	1	0.08784	0.15572	1	0.47181	0.52866	9.33590	1.06647	0	0.47360	0.52857	9.03882	1.06647	1	-0.00583	-0.00814	0.68254	0.00213	1	-0.00566	-0.00809	0.67443	0.00207	1	1.45898	0.81042	0	
1283076	8652.85449	3307328141153	0.13837	0.21389	8652.75391	0.10059	12247	1	0.23240	0.25147	0	0.08784	0.15572	1	0.08784	0.15572	1	0.47181	0.52866	9.33590	1.06647	0	0.47873	0.53107	10.06662	1.06647	1	-0.00583	-0.00814	0.68254	0.00213	1	-0.00499	-0.00825	0.67896	0.00340	1	1.45898	0.81042	0	
1283077	8652.86133	3307328208675	0.14750	0.21449	8652.75391	0.10742	12247	1	0.23240	0.25147	0	0.29352	0.22411	1	0.29352	0.22411	1	0.47181	0.52866	9.33590	1.06647	0	0.47882	0.52895	9.81246	1.06647	1	-0.00583	-0.00814	0.68254	0.00213	1	-0.00499	-0.00825	0.67896	0.00206	1	1.45898	0.81042	0	
1283078	8652.86816	3307328275488	0.16122	0.22486	8652.75391	0.11426	12247	1	0.39884	0.27666	1	0.38998	0.52543	1	0.39441	0.40104	1	0.47882	0.52886	9.27946	1.06647	1	0.73954	0.55440	11.51979	1.06647	1	-0.00583	-0.00814	0.68254	0.00209	1	-0.00499	-0.00825	0.67896	0.00366	1	1.45898	0.81042	0	
1283079	8652.87500	3307328341544	0.17336	0.23337	8652.75391	0.12109	12247	1	0.39488	0.26001	1	0.38919	0.51319	1	0.39203	0.38660	1	0.48215	0.53140	10.62439	1.08594	1	0.74300	0.55548	11.20092	1.08594	1	-0.00412	-0.00753	0.62377	0.00330	1	0.06431	-0.01340	0.69504	0.00361	1	1.45898	0.81042	0	
1283080	8652.88184	3307328409241	0.19226	0.24553	8652.75391	0.12793	12247	1	0.56247	0.47348	1	0.54004	0.47960	1	0.55125	0.47654	1	0.48260	0.53184	9.87251	1.10541	1	0.74273	0.55541	11.33505	1.10541	1	-0.00412	-0.00753	0.62377	0.00336	1	0.06431	-0.01340	0.69504	0.00353	1	1.45898	0.81042	0	
1283081	8652.88770	3307328475642	0.24206	0.25954	8652.75391	0.12793	12247	0	0.56823	0.47167	1	0.52328	0.41501	1	0.54576	0.44334	1	0.48267	0.53176	9.79142	1.12488	1	0.74282	0.55510	11.10981	1.12488	1	-0.00412	-0.00753	0.62377	0.00316	1	0.06431	-0.01340	0.69504	0.00382	1	1.45898	0.81042	0	
1283082	8652.89453	3307328542478	0.39410	0.34689	8652.75391	0.12793	12247	0	0.56764	0.46597	1	0.52464	0.40253	1	0.54614	0.43425	1	0.48384	0.53183	10.62453	1.13396	1	0.74412	0.55586	11.80132	1.14264	1	-0.00448	-0.00854	0.70327	0.00314	1	0.06952	-0.01439	0.74951	0.00361	1	1.45898	0.81042	0	
1283083	8652.90137	3307328611848	0.46968	0.38069	8652.75391	0.12793	12247	0	0.64662	0.48000	1	0.59509	0.41659	1	0.62086	0.44829	1	0.48382	0.53202	10.10979	1.13226	1	0.74426	0.55521	10.88790	1.14094	1	-0.00448	-0.00854	0.70327	0.00332	1	0.06952	-0.01439	0.74951	0.00388	1	1.45898	0.81042	0	
1283084	8652.90820	3307328679348	0.59819	0.44959	8652.75391	0.12793	12247	0	0.65372	0.46020	1	0.60140	0.47225	1	0.62756	0.46622	1	0.48394	0.53163	10.20827	1.13056	1	0.74402	0.55548	11.26958	1.13924	1	-0.00448	-0.00854	0.70327	0.00333	1	0.06952	-0.01439	0.74951	0.00362	1	1.45898	0.81042	0	
1283085	8652.91504	3307328746448	0.61217	0.46276	8652.75391	0.12793	12247	0	0.65369	0.46700	1	0.59864	0.48487	1	0.62616	0.47594	1	0.48383	0.53136	10.27300	1.11977	1	0.74381	0.55551	11.00650	1.11977	1	-0.00446	-0.00840	0.69111	0.00334	1	0.06266	-0.01293	0.67616	0.00355	1	1.45898	0.81042	0	
1283086	8652.92188	3307328813471	0.61794	0.46828	8652.75391	0.12793	12247	0	0.63941	0.44033	1	0.61955	0.51829	1	0.62948	0.47931	1	0.48379	0.53119	10.06043	1.11068	1	0.74400	0.55562	10.99013	1.10200	1	-0.00446	-0.00840	0.69111	0.00341	1	0.06266	-0.01293	0.67616	0.00359	1	1.45898	0.81042	0	
1283087	8652.92871	3307328879961	0.61746	0.47285	8652.90820	0.02051	12248	1	0.63251	0.39883	1	0.59951	0.57432	1	0.61601	0.48658	1	0.48365	0.53072	9.81764	1.09292	1	0.74411	0.55570	11.16243	1.08424	1	-0.00446	-0.00840	0.69111	0.00351	1	0.06266	-0.01293	0.67616	0.00355	1	1.45898	0.81042	0	
1283088	8652.93555	3307328946972	0.61694	0.47790	8652.90820	0.02734	12248	1	0.63278	0.41143	1	0.59688	0.58473	1	0.61483	0.49808	1	0.48328	0.53098	9.26220	1.07515	1	0.74346	0.55559	10.86379	1.06647	1	-0.00446	-0.00840	0.69111	0.00348	1	0.06266	-0.01293	0.67616	0.00349	1	1.45898	0.81042	0	
1283089	8652.94141	3307329014086	0.61393	0.48414	8652.90820	0.03320	12248	1	0.61988	0.49772	1	0.57797	0.53305	1	0.59893	0.51538	1	0.48342	0.53173	9.67847	1.06647	1	0.74380	0.55560	11.41716	1.06647	1	-0.00446	-0.00840	0.69111	0.00326	1	0.06266	-0.01293	0.67616	0.00350	1	1.45898	0.81042	0	
1283090	8652.94824	3307329081084	0.61206	0.48539	8652.90820	0.04004	12248	1	0.60602	0.47453	1	0.59558	0.51125	1	0.60080	0.49289	1	0.48320	0.53153	9.75826	1.06647	1	0.74374	0.55550	11.25506	1.06647	1	-0.00446	-0.00840	0.69111	0.00321	1	0.06266	-0.01293	0.67616	0.00352	1	1.45898	0.81042	0	
1283091	8652.95508	3307329147927	0.61065	0.48633	8652.90820	0.04688	12248	1	0.60602	0.47453	1	0.59558	0.51125	1	0.60080	0.49289	1	0.48341	0.53126	9.56330	1.06647	1	0.74404	0.55565	11.34611	1.06647	1	-0.00446	-0.00840	0.69111	0.00322	1	0.06266	-0.01293	0.67616	0.00356	1	1.45898	0.81042	0	
1283092	8652.96191	3307329214935	0.61072	0.48681	8652.90820	0.05371	12248	1	0.61186	0.46946	1	0.61075	0.51187	1	0.61130	0.49067	1	0.48335	0.53133	9.42068	1.06647	1	0.74387	0.55538	11.24562	1.06647	1	-0.00446	-0.00840	0.69111	0.00317	1	0.06266	-0.01293	0.67616	0.00357	1	1.45898	0.81042	0	
1283093	8652.96875	3307329281619	0.60985	0.48482	8652.90820	0.06055	12248	1	0.61988	0.42183	1	0.58407	0.51194	1	0.60198	0.46688	1	0.48345	0.53118	9.34005	1.06647	1	0.74348	0.55547	10.53507	1.06647	1	-0.00446	-0.00840	0.69111	0.00323	1	0.06266	-0.01293	0.67616	0.00355	1	1.45898	0.81042	0	
1283094	8652.97559	3307329349097	0.60913	0.48319	8652.90820	0.06738	12248	1	0.61988	0.42183	1	0.58407	0.51194	1	0.60198	0.46688	1	0.48295	0.53216	9.68892	1.06647	1	0.74399	0.55518	11.12418	1.06647	1	-0.00446	-0.00840	0.69111	0.00354	1	0.06266	-0.01293	0.67616	0.00370	1	1.45898	0.81042	0	
1283095	8652.98242	3307329415705	0.61005	0.48357	8652.90820	0.07422	12248	1	0.61731	0.48031	1	0.62297	0.49518	1	0.62014	0.48774	1	0.48340	0.53174	9.35584	1.06647	1	0.74410	0.55529	11.10378	1.06647	1	-0.00446	-0.00840	0.69111	0.00333	1	0.06266	-0.01293	0.67616	0.00372	1	1.45898	0.81042	0	
1283096	8652.98828	3307329482580	0.60978	0.48668	8652.90820	0.08008	12248	1	0.60001	0.55218	1	0.61303	0.49592	1	0.60652	0.52405	1	0.48303	0.53232	9.93123	1.06647	1	0.74395	0.55517	11.13603	1.06647	1	-0.00446	-0.00840	0.69111	0.00336	1	0.06266	-0.01293	0.67616	0.00365	1	1.45898	0.81042	0	
1283097	8652.99512	3307329549799	0.60955	0.48935	8652.90820	0.08691	12248	1	0.60001	0.55218	1	0.61303	0.49592	1	0.60652	0.52405	1	0.48343	0.53120	9.35612	1.06647	1	0.74410	0.55547	10.96274	1.06647	1	-0.00446	-0.00835	0.69111	0.00333	1	0.06266	-0.01293	0.67616	0.00369	1	1.45898	0.81042	0	
1283098	8653.00195	3307329616865	0.60801	0.49093	8652.90820	0.09375	12248	1	0.61515	0.49133	1	0.55793	0.53480	1	0.58654	0.51307	1	0.48334	0.53163	9.97894	1.06647	1	0.74392	0.55574	11.46558	1.06647	1	-0.00446	-0.00835	0.69111	0.00319	1	0.06266	-0.01293	0.67616	0.00355	1	1.45898	0.81042	0	
1283099	8653.00879	3307329683982	0.60607	0.49199	8652.90820	0.10059	12248	1	0.59359	0.46718	1	0.56038	0.54857	1	0.57698	0.50787	1	0.48383	0.53162	10.10433	1.06647	1	0.74392	0.55571	11.45651	1.06647	1	-0.00446	-0.00835	0.69111	0.00334	1	0.06266	-0.01293	0.67616	0.00358	1	1.45898	0.81042	0	
1283100	8653.01562	3307329750972	0.60436	0.49293	8652.90820	0.10742	12248	1	0.59359	0.46718	1	0.56038	0.54857	1	0.57698	0.50787	1	0.48601	0.53187	9.91525	1.06647	1	0.74765	0.55365	9.16342	1.06647	1	-0.00400	-0.00831	0.68384	0.00333	1	0.06291	-0.01302	0.67556	0.00242	1	1.45898	0.81042	0	
1283101	8653.02246	3307329816940	0.60794	0.49660	8652.90820	0.11426	12248	1	0.69028	0.46097	1	0.64713	0.65701	1	0.66870	0.55899	1	0.48654	0.53193	10.26196	1.06647	1	0.74611	0.55672	11.52130	1.06647	1	-0.00400	-0.00831	0.68384	0.00372	1	0.06291	-0.01302	0.67556	0.00349	1	1.45898	0.81042	0	
1283102	8653.02930	3307329884588	0.61149	0.49955	8652.90820	0.12109	12248	1	0.69633	0.54039	1	0.65469	0.56520	1	0.67551	0.55279	1	0.48655	0.53278	10.43327	1.06647	1	0.74663	0.55646	10.61846	1.06647	1	-0.00400	-0.00831	0.68384	0.00343	1	0.06291	-0.01302	0.67556	0.00349	1	1.45898	0.81042	0	
1283103	8653.03613	3307329951750	0.61469	0.50222	8652.90820	0.12793	12248	1	0.69633	0.54039	1	0.65469	0.56520	1	0.67551	0.55279	1	0.48729	0.53278	10.68624	1.06647	1	0.74849	0.55420	9.86243	1.06647	1	-0.00382	-0.00841	0.68777	0.00339	1	0.06339	-0.01318	0.67850	0.00234	1	1.45898	0.81042	0	
1283104	8653.04199	3307330018554	0.62022	0.49799	8652.90820	0.13379	12248	1	0.71431	0.46297	1	0.74703	0.36398	1	0.73067	0.41347	1	0.48734	0.53203	10.40220	1.06647	1	0.74845	0.55414	9.49635	1.06647	1	-0.00382	-0.00841	0.68777	0.00351	1	0.06339	-0.01318	0.67850	0.00236	1	1.45898	0.81042	0	
1283105	8653.04883	3307330084131	0.62602	0.49474	8652.90820	0.14062	12248	1	0.74887	0.48323	1	0.74679	0.36957	1	0.74783	0.42640	1	0.48740	0.53227	10.65074	1.06647	1	0.74853	0.55418	10.00441	1.06647	1	-0.00382	-0.00841	0.68777	0.00348	1	0.06339	-0.01318	0.67850	0.00226	1	1.45898	0.81042	0	
1283106	8653.05566	3307330149886	0.63139	0.49148	8652.90820	0.14746	12248	1	0.74962	0.47738	1	0.74935	0.36228	1	0.74949	0.41983	1	0.48736	0.53259	10.52691	1.07556	1	0.74874	0.55429	9.74623	1.07556	1	-0.00402	-0.00868	0.71458	0.00330	1	0.06339	-0.01318	0.67850	0.00231	1	1.45898	0.81042	0	
1283107	8653.06250	3307330221017	0.66282	0.49702	8652.90820	0.14746	12248	0	0.74057	0.51785	1	0.76459	0.40834	1	0.75258	0.46309	1	0.48730	0.53272	10.70297	1.08464	1	0.74860	0.55423	9.66803	1.08464	1	-0.00402	-0.00868	0.71458	0.00324	1	0.06339	-0.01318	0.67850	0.00240	1	1.45898	0.81042	0	
1283108	8653.06934	3307330288102	0.70945	0.46002	8652.90820	0.14746	12248	0	0.74741	0.50777	1	0.76476	0.33825	1	0.75609	0.42301	1	0.48738	0.53267	10.82386	1.09373	1	0.74853	0.55414	10.08375	1.09373	1	-0.00402	-0.00868	0.71458	0.00327	1	0.06339	-0.01318	0.67850	0.00239	1	1.45898	0.81042	0	
1283109	8653.07617	3307330353014	0.72463	0.44872	8652.90820	0.14746	12248	0	0.74741	0.50777	1	0.76253	0.34447	1	0.75497	0.42612	1	0.48742	0.53267	10.78874	1.09373	1	0.74863	0.55414	9.70068	1.08607	1	-0.00380	-0.00832	0.68505	0.00328	1	0.06074	-0.01262	0.64967	0.00237	1	1.45898	0.81042	0	
1283110	8653.08301	3307330420663	0.75124	0.42261	8652.90820	0.14746	12248	0	0.72446	0.47694	1	0.76084	0.36048	1	0.74265	0.41871	1	0.48737	0.53260	10.59987	1.07698	1	0.74866	0.55416	9.96062	1.06932	1	-0.00380	-0.00832	0.68505	0.00328	1	0.06074	-0.01262	0.64967	0.00239	1	1.45898	0.81042	0	
1283111	8653.08887	3307330487544	0.74593	0.42555	8652.90820	0.14746	12248	0	0.72069	0.50273	1	0.76055	0.35423	1	0.74062	0.42848	1	0.48737	0.53272	10.81891	1.06024	1	0.74861	0.55408	9.87818	1.05258	1	-0.00380	-0.00832	0.68505	0.00325	1	0.06074	-0.01262	0.64967	0.00237	1	1.45898	0.81042	0	
1283112	8653.09570	3307330555287	0.74315	0.43060	8652.90820	0.14746	12248	0	0.71968	0.51328	1	0.75554	0.36810	1	0.73761	0.44069	1	0.48734	0.53260	10.65022	1.04349	1	0.74880	0.55432	9.96500	1.03583	1	-0.00380	-0.00832	0.68505	0.00331	1	0.06074	-0.01262	0.64967	0.00231	1	1.45898	0.81042	0	
1283113	8653.10254	3307330623467	0.73055	0.46946	8653.08301	0.01953	12249	1	0.70801	0.49899	1	0.67745	0.67309	1	0.69273	0.58604	1	0.48730	0.53260	10.60915	1.03583	1	0.74754	0.55730	11.12479	1.03583	1	-0.00380	-0.00832	0.68505	0.00329	1	0.06074	-0.01262	0.64967	0.00375	1	1.45898	0.81042	0	
1283114	8653.10938	3307330689399	0.73201	0.46498	8653.08301	0.02637	12249	1	0.71831	0.49371	1	0.75743	0.40042	1	0.73787	0.44707	1	0.48735	0.53256	10.62522	1.03583	1	0.74873	0.55438	10.24994	1.03583	1	-0.00380	-0.00832	0.68505	0.00332	1	0.06074	-0.01262	0.64967	0.00231	1	1.45898	0.81042	0	
1283115	8653.11621	3307330755029	0.73282	0.46244	8653.08301	0.03320	12249	1	0.71831	0.49371	1	0.75538	0.40583	1	0.73685	0.44977	1	0.48735	0.53255	10.67126	1.03583	1	0.74888	0.55429	10.30867	1.02902	1	-0.00380	-0.00832	0.68505	0.00330	1	0.06081	-0.01262	0.64985	0.00238	1	1.45898	0.81042	0	
1283116	8653.12305	3307330822351	0.72633	0.47822	8653.08301	0.04004	12249	1	0.71328	0.47796	1	0.66158	0.66773	1	0.68743	0.57285	1	0.48730	0.53224	10.29884	1.02902	1	0.74737	0.55728	11.57767	1.02222	1	-0.00380	-0.00832	0.68505	0.00347	1	0.06081	-0.01262	0.64985	0.00369	1	1.45898	0.81042	0	
1283117	8653.12891	3307330888938	0.72552	0.47446	8653.08301	0.04590	12249	1	0.71338	0.50389	1	0.72631	0.39250	1	0.71984	0.44820	1	0.48735	0.53253	10.40564	1.02222	1	0.74872	0.55413	9.95588	1.01541	1	-0.00380	-0.00832	0.68505	0.00327	1	0.06081	-0.01262	0.64985	0.00242	1	1.45898	0.81042	0	
1283118	8653.13574	3307330956219	0.72487	0.47179	8653.08301	0.05273	12249	1	0.71300	0.50834	1	0.72631	0.39250	1	0.71965	0.45042	1	0.48722	0.53259	10.68111	1.01541	1	0.74898	0.55426	9.45403	1.01541	1	-0.00380	-0.00832	0.68505	0.00327	1	0.06183	-0.01282	0.66022	0.00240	1	1.45898	0.81042	0	
1283119	8653.14258	3307331023046	0.72135	0.48061	8653.08301	0.05957	12249	1	0.71410	0.45081	1	0.66521	0.66905	1	0.68965	0.55993	1	0.48733	0.53179	10.20299	1.01541	1	0.74769	0.55732	11.31022	1.02222	1	-0.00380	-0.00832	0.68505	0.00334	1	0.06183	-0.01282	0.66022	0.00370	1	1.45898	0.81042	0	
1283120	8653.14941	3307331090182	0.71863	0.49045	8653.08301	0.06641	12249	1	0.71112	0.54349	1	0.67166	0.63425	1	0.69139	0.58887	1	0.48721	0.53247	10.58846	1.02222	1	0.74779	0.55688	10.99411	1.02902	1	-0.00380	-0.00832	0.68505	0.00323	1	0.06183	-0.01282	0.66022	0.00393	1	1.45898	0.81042	0	
1283121	8653.15625	3307331158580	0.71644	0.49832	8653.08301	0.07324	12249	1	0.71149	0.53930	1	0.67319	0.63042	1	0.69234	0.58486	1	0.48763	0.53233	10.33322	1.02902	1	0.74926	0.55427	9.47721	1.03583	1	-0.00380	-0.00832	0.68505	0.00363	1	0.06183	-0.01282	0.66022	0.00240	1	1.45898	0.81042	0	
1283122	8653.16309	3307331226112	0.71876	0.49835	8653.08301	0.08008	12249	1	0.72815	0.54522	1	0.76522	0.45221	1	0.74669	0.49871	1	0.48753	0.53263	11.04751	1.03583	1	0.74922	0.55431	10.10519	1.03583	1	-0.00380	-0.00832	0.68505	0.00340	1	0.06183	-0.01282	0.66022	0.00231	1	1.45898	0.81042	0	
1283123	8653.16992	3307331291652	0.72067	0.49789	8653.08301	0.08691	12249	1	0.73977	0.54462	1	0.75124	0.43917	1	0.74550	0.49190	1	0.48771	0.53259	10.66554	1.03583	1	0.74922	0.55417	9.95562	1.03583	1	-0.00380	-0.00832	0.68505	0.00361	1	0.06183	-0.01282	0.66022	0.00234	1	1.45898	0.81042	0	
1283124	8653.17676	3307331357981	0.72240	0.49729	8653.08301	0.09375	12249	1	0.73977	0.54462	1	0.75350	0.43337	1	0.74663	0.48900	1	0.48794	0.53226	10.69240	1.03583	1	0.74928	0.55410	9.77467	1.04349	1	-0.00380	-0.00832	0.68505	0.00353	1	0.06393	-0.01325	0.68212	0.00236	1	1.45898	0.81042	0	
1283125	8653.18262	3307331424731	0.72514	0.49534	8653.08301	0.09961	12249	1	0.75512	0.55374	1	0.77710	0.37831	1	0.76611	0.46603	1	0.48793	0.53238	10.62012	1.04349	1	0.74931	0.55420	9.59550	1.05115	1	-0.00380	-0.00832	0.68505	0.00360	1	0.06393	-0.01325	0.68212	0.00237	1	1.45898	0.81042	0	
1283126	8653.18945	3307331492295	0.72447	0.50089	8653.08301	0.10645	12249	1	0.75841	0.56388	1	0.66928	0.61551	1	0.71385	0.58970	1	0.48796	0.53236	10.55728	1.05115	1	0.74768	0.55690	10.66228	1.05881	1	-0.00380	-0.00832	0.68505	0.00353	1	0.06393	-0.01325	0.68212	0.00372	1	1.45898	0.81042	0	
1283127	8653.19629	3307331559153	0.72395	0.50558	8653.08301	0.11328	12249	1	0.75914	0.55946	1	0.67094	0.61119	1	0.71504	0.58533	1	0.48776	0.53274	9.74876	1.05881	1	0.74939	0.55419	9.69048	1.06647	1	-0.00380	-0.00832	0.68505	0.00352	1	0.06393	-0.01325	0.68212	0.00233	1	1.45898	0.81042	0	
1283128	8653.20312	3307331626163	0.72604	0.50455	8653.08301	0.12012	12249	1	0.76402	0.59568	1	0.76326	0.37650	1	0.76364	0.48609	1	0.48795	0.53307	10.13567	1.06647	1	0.74949	0.55433	9.70229	1.06647	1	-0.00380	-0.00832	0.68505	0.00356	1	0.06393	-0.01325	0.68212	0.00236	1	1.45898	0.81042	0	
1283129	8653.20996	3307331693182	0.72762	0.50283	8653.08301	0.12695	12249	1	0.76769	0.58210	1	0.74778	0.35795	1	0.75774	0.47003	1	0.48797	0.53282	10.17404	1.06647	1	0.74930	0.55408	9.58414	1.06647	1	-0.00380	-0.00832	0.68505	0.00351	1	0.06393	-0.01325	0.68212	0.00245	1	1.45898	0.81042	0	
1283130	8653.21680	3307331759492	0.72914	0.50097	8653.08301	0.13379	12249	1	0.76861	0.57709	1	0.75036	0.35056	1	0.75948	0.46383	1	0.48794	0.53274	9.98444	1.07556	1	0.74928	0.55443	9.88963	1.07556	1	-0.00387	-0.00858	0.70649	0.00352	1	0.06327	-0.01316	0.67501	0.00226	1	1.45898	0.81042	0	
1283131	8653.22363	3307331826808	0.73136	0.49811	8653.08301	0.14062	12249	1	0.78332	0.53008	1	0.77267	0.34580	1	0.77800	0.43794	1	0.48828	0.53293	10.53195	1.08464	1	0.74950	0.55425	9.11236	1.08464	1	-0.00387	-0.00858	0.70649	0.00360	1	0.06327	-0.01316	0.67501	0.00236	1	1.45898	0.81042	0	
1283132	8653.22949	3307331894250	0.73282	0.49221	8653.08301	0.14648	12249	1	0.74999	0.44073	1	0.77997	0.28433	1	0.76498	0.36253	1	0.48783	0.53233	9.45894	1.09373	1	0.74950	0.55422	9.16331	1.09373	1	-0.00387	-0.00858	0.70649	0.00338	1	0.06327	-0.01316	0.67501	0.00235	1	1.45898	0.81042	0	
1283133	8653.23633	3307331960437	0.73416	0.48681	8653.08301	0.15332	12249	1	0.74999	0.44073	1	0.77997	0.28433	1	0.76498	0.36253	1	0.48794	0.53323	10.01564	1.09373	1	0.74937	0.55435	9.46236	1.09373	1	-0.00367	-0.00827	0.68049	0.00338	1	0.06327	-0.01316	0.67501	0.00235	1	1.45898	0.81042	0	
1283134	8653.24316	3307332027138	0.73552	0.48474	8653.08301	0.16016	12249	1	0.77262	0.55261	1	0.76348	0.31782	1	0.76805	0.43522	1	0.48799	0.53347	10.18372	1.08464	1	0.74947	0.55446	9.37464	1.08464	1	-0.00367	-0.00827	0.68049	0.00336	1	0.06327	-0.01316	0.67501	0.00232	1	1.45898	0.81042	0	
1283135	8653.25000	3307332094135	0.75512	0.46642	8653.08301	0.16016	12249	0	0.76813	0.54587	1	0.75775	0.35188	1	0.76294	0.44887	1	0.48796	0.53325	9.99737	1.07556	1	0.74930	0.55455	9.19251	1.07556	1	-0.00367	-0.00827	0.68049	0.00339	1	0.06327	-0.01316	0.67501	0.00228	1	1.45898	0.81042	0	
1283136	8653.25684	3307332160211	0.75903	0.45765	8653.08301	0.16016	12249	0	0.76813	0.54587	1	0.75775	0.35188	1	0.76294	0.44887	1	0.48818	0.53315	10.57730	1.07556	1	0.74964	0.55457	9.04358	1.07556	1	-0.00381	-0.00868	0.71477	0.00341	1	0.06393	-0.01335	0.68212	0.00223	1	1.45898	0.81042	0	
1283137	8653.26270	3307332224924	0.75919	0.45391	8653.08301	0.16016	12249	0	0.73228	0.53634	1	0.78672	0.35651	1	0.75950	0.44643	1	0.48825	0.53330	10.60772	1.08464	1	0.74981	0.55466	8.98215	1.08464	1	-0.00381	-0.00868	0.71477	0.00343	1	0.06393	-0.01335	0.68212	0.00235	1	1.45898	0.81042	0	
1283138	8653.26953	3307332294220	0.75782	0.44244	8653.25000	0.01953	12250	1	0.72739	0.51180	1	0.78004	0.30424	1	0.75372	0.40802	1	0.48815	0.53319	10.55540	1.09373	1	0.74953	0.55448	8.97325	1.09373	1	-0.00381	-0.00868	0.71477	0.00334	1	0.06393	-0.01335	0.68212	0.00231	1	1.45898	0.81042	0	
1283139	8653.27637	3307332359916	0.75670	0.43671	8653.25000	0.02637	12250	1	0.72688	0.51663	1	0.77760	0.31102	1	0.75224	0.41383	1	0.48814	0.53316	10.54285	1.08571	1	0.74947	0.55460	9.38518	1.08571	1	-0.00352	-0.00813	0.66060	0.00331	1	0.06393	-0.01335	0.68212	0.00223	1	1.45898	0.81042	0	
1283140	8653.28320	3307332427924	0.75717	0.43856	8653.25000	0.03320	12250	1	0.74169	0.53337	1	0.77729	0.36226	1	0.75949	0.44781	1	0.48811	0.53319	10.47169	1.06861	1	0.74977	0.55463	8.89081	1.06861	1	-0.00352	-0.00813	0.66060	0.00333	1	0.06393	-0.01335	0.68212	0.00243	1	1.45898	0.81042	0	
1283141	8653.29004	3307332493955	0.75664	0.44261	8653.25000	0.04004	12250	1	0.73312	0.55767	1	0.77380	0.37609	1	0.75346	0.46688	1	0.48827	0.53335	10.33561	1.05151	1	0.74977	0.55473	9.14623	1.05151	1	-0.00352	-0.00813	0.66060	0.00331	1	0.06393	-0.01335	0.68212	0.00235	1	1.45898	0.81042	0	
1283142	8653.29688	3307332561719	0.75619	0.44600	8653.25000	0.04688	12250	1	0.73246	0.56297	1	0.77367	0.37642	1	0.75307	0.46970	1	0.48820	0.53300	10.43021	1.04242	1	0.74971	0.55477	9.10275	1.05110	1	-0.00359	-0.00841	0.68343	0.00316	1	0.06571	-0.01371	0.70048	0.00234	1	1.45898	0.81042	0	
1283143	8653.30371	3307332630858	0.75494	0.44482	8653.25000	0.05371	12250	1	0.71028	0.51462	1	0.77951	0.35625	1	0.74490	0.43544	1	0.48796	0.53280	10.83959	1.05912	1	0.74972	0.55463	8.91792	1.06780	1	-0.00359	-0.00841	0.68343	0.00317	1	0.06571	-0.01371	0.70048	0.00247	1	1.45898	0.81042	0	
1283144	8653.31055	3307332698179	0.75480	0.44271	8653.25000	0.06055	12250	1	0.72142	0.49543	1	0.78576	0.35192	1	0.75359	0.42368	1	0.48814	0.53275	10.38274	1.07581	1	0.74983	0.55473	8.82940	1.08450	1	-0.00359	-0.00841	0.68343	0.00324	1	0.06571	-0.01371	0.70048	0.00238	1	1.45898	0.81042	0	
1283145	8653.31738	3307332765027	0.75500	0.43961	8653.25000	0.06738	12250	1	0.72295	0.47926	1	0.79110	0.33808	1	0.75703	0.40867	1	0.48816	0.53317	10.26223	1.10160	1	0.74947	0.55472	9.56885	1.10160	1	-0.00381	-0.00879	0.71477	0.00330	1	0.06393	-0.01335	0.68212	0.00220	1	1.45898	0.81042	0	
1283146	8653.32324	3307332831778	0.75424	0.43629	8653.25000	0.07324	12250	1	0.71812	0.47008	1	0.77354	0.32938	1	0.74583	0.39973	1	0.48812	0.53287	10.15480	1.11068	1	0.74947	0.55472	9.56885	1.10200	1	-0.00381	-0.00879	0.71477	0.00321	1	0.06393	-0.01335	0.68212	0.00220	1	1.45898	0.81042	0	
1283147	8653.33008	3307332898734	0.75428	0.43340	8653.25000	0.08008	12250	1	0.73424	0.48943	1	0.77516	0.30809	1	0.75470	0.39876	1	0.48823	0.53305	10.63986	1.11109	1	0.74940	0.55462	10.39255	1.10241	1	-0.00381	-0.00879	0.71477	0.00317	1	0.06393	-0.01335	0.68212	0.00220	1	1.45898	0.81042	0	
1283148	8653.33691	3307332965765	0.75440	0.43065	8653.25000	0.08691	12250	1	0.73427	0.48918	1	0.77786	0.30050	1	0.75606	0.39484	1	0.48833	0.53308	10.62380	1.11149	1	0.74964	0.55456	9.48501	1.11149	1	-0.00381	-0.00879	0.71477	0.00319	1	0.06571	-0.01371	0.70048	0.00237	1	1.45898	0.81042	0	
1283149	8653.34375	3307333032829	0.75526	0.42839	8653.25000	0.09375	12250	1	0.72992	0.48799	1	0.80459	0.30569	1	0.76726	0.39684	1	0.48823	0.53302	10.44361	1.11149	1	0.74974	0.55450	9.20756	1.12017	1	-0.00381	-0.00879	0.71477	0.00316	1	0.06571	-0.01371	0.70048	0.00242	1	1.45898	0.81042	0	
1283150	8653.35059	3307333099618	0.75580	0.42587	8653.25000	0.10059	12250	1	0.73517	0.46760	1	0.79262	0.30826	1	0.76389	0.38793	1	0.48832	0.53298	10.57600	1.12017	1	0.74964	0.55464	9.50838	1.12885	1	-0.00381	-0.00879	0.71477	0.00327	1	0.06571	-0.01371	0.70048	0.00221	1	1.45898	0.81042	0	
1283151	8653.35742	3307333166467	0.75622	0.42366	8653.25000	0.10742	12250	1	0.73575	0.46216	1	0.79028	0.31452	1	0.76302	0.38834	1	0.48823	0.53302	10.54108	1.12885	1	0.74941	0.55459	9.19138	1.12120	1	-0.00381	-0.00879	0.71477	0.00312	1	0.06183	-0.01290	0.65917	0.00220	1	1.45898	0.81042	0	
1283152	8653.36426	3307333233819	0.75560	0.42186	8653.25000	0.11426	12250	1	0.71440	0.44407	1	0.77547	0.33847	1	0.74494	0.39127	1	0.48810	0.53265	10.40475	1.12120	1	0.74949	0.55482	9.53435	1.10486	1	-0.00381	-0.00879	0.71477	0.00318	1	0.06183	-0.01290	0.65917	0.00220	1	1.45898	0.81042	0	
1283153	8653.37012	3307333300540	0.75512	0.42146	8653.25000	0.12012	12250	1	0.71229	0.46796	1	0.78061	0.36050	1	0.74645	0.41423	1	0.48803	0.53268	10.58702	1.10486	1	0.74965	0.55481	9.43613	1.08852	1	-0.00381	-0.00879	0.71477	0.00324	1	0.06183	-0.01290	0.65917	0.00231	1	1.45898	0.81042	0	
1283154	8653.37695	3307333366944	0.75466	0.42136	8653.25000	0.12695	12250	1	0.71147	0.47835	1	0.78061	0.36050	1	0.74604	0.41942	1	0.48805	0.53280	10.59208	1.08852	1	0.74989	0.55471	8.93615	1.08852	1	-0.00381	-0.00879	0.71477	0.00321	1	0.06571	-0.01371	0.70048	0.00237	1	1.45898	0.81042	0	
1283155	8653.38379	3307333434909	0.75469	0.42087	8653.25000	0.13379	12250	1	0.73106	0.48806	1	0.77963	0.33421	1	0.75535	0.41113	1	0.48824	0.53279	10.22490	1.08852	1	0.74965	0.55467	9.04642	1.10486	1	-0.00381	-0.00879	0.71477	0.00331	1	0.06571	-0.01371	0.70048	0.00219	1	1.45898	0.81042	0	
1283156	8653.39062	3307333501884	0.75464	0.42038	8653.25000	0.14062	12250	1	0.73118	0.48774	1	0.77571	0.33261	1	0.75345	0.41018	1	0.48822	0.53296	10.29920	1.10486	1	0.74931	0.55476	9.27397	1.12120	1	-0.00381	-0.00879	0.71477	0.00320	1	0.06571	-0.01371	0.70048	0.00227	1	1.45898	0.81042	0	
1283157	8653.39746	3307333568772	0.75466	0.41959	8653.25000	0.14746	12250	1	0.73226	0.47765	1	0.77796	0.32649	1	0.75511	0.40207	1	0.48820	0.53302	10.41426	1.12120	1	0.74961	0.55478	9.48406	1.12885	1	-0.00381	-0.00879	0.71477	0.00316	1	0.06291	-0.01307	0.67009	0.00230	1	1.45898	0.81042	0	
1283158	8653.40430	3307333635908	0.75485	0.41873	8653.25000	0.15430	12250	1	0.73874	0.47038	1	0.77997	0.32778	1	0.75935	0.39908	1	0.48832	0.53298	10.02209	1.12885	1	0.74950	0.55482	9.55684	1.12017	1	-0.00381	-0.00879	0.71477	0.00320	1	0.06291	-0.01307	0.67009	0.00224	1	1.45898	0.81042	0	
1283159	8653.41113	3307333702123	0.75542	0.41822	8653.25000	0.16113	12250	1	0.75310	0.48981	1	0.78514	0.32183	1	0.76912	0.40582	1	0.48815	0.53308	10.32375	1.12017	1	0.74951	0.55471	9.27940	1.11149	1	-0.00381	-0.00879	0.71477	0.00316	1	0.06291	-0.01307	0.67009	0.00221	1	1.45898	0.81042	0	
1283160	8653.41699	3307333767813	0.75646	0.41478	8653.25000	0.16699	12250	1	0.75310	0.48981	0	0.78250	0.32892	1	0.78250	0.32892	1	0.48815	0.53308	10.32375	1.11149	0	0.74927	0.55477	9.16615	1.10281	1	-0.00381	-0.00879	0.71477	0.00316	1	0.06393	-0.01335	0.68212	0.00237	1	1.45898	0.81042	0	
1283161	8653.42383	3307333836661	0.75646	0.41478	8653.25000	0.17383	12250	1	0.75310	0.48981	0	0.78250	0.32892	0	0.78250	0.32892	0	0.48815	0.53308	10.32375	1.10281	0	0.74927	0.55477	9.16615	1.10281	0	-0.00381	-0.00879	0.71477	0.00316	1	0.06393	-0.01335	0.68212	0.00237	1	1.45898	0.81042	0	
1283162	8653.43066	3307333903593	0.75646	0.41478	8653.25000	0.18066	12250	1	0.75310	0.48981	0	0.78250	0.32892	0	0.78250	0.32892	0	0.48815	0.53308	10.32375	1.10281	0	0.74927	0.55477	9.16615	1.10281	0	-0.00381	-0.00879	0.71477	0.00316	1	0.06393	-0.01335	0.68212	0.00237	1	1.45898	0.81042	0	
1283163	8653.43750	3307333970896	0.75646	0.41478	8653.25000	0.18750	12250	1	0.75310	0.48981	0	0.78250	0.32892	0	0.78250	0.32892	0	0.48815	0.53308	10.32375	1.10281	0	0.74927	0.55477	9.16615	1.10281	0	-0.00381	-0.00879	0.71477	0.00316	1	0.06393	-0.01335	0.68212	0.00237	1	1.45898	0.81042	0	
1283164	8653.44434	3307334037288	0.75887	0.39627	8653.25000	0.18750	12250	0	0.75310	0.48981	0	0.78250	0.32892	0	0.78250	0.32892	0	0.48815	0.53308	10.32375	1.10281	0	0.74927	0.55477	9.16615	1.10281	0	-0.00381	-0.00879	0.71477	0.00316	1	0.06393	-0.01335	0.68212	0.00237	1	1.45898	0.81042	0	
1283165	8653.45117	3307334102509	0.75887	0.39627	8653.25000	0.18750	12250	0	0.75310	0.48981	0	0.78250	0.32892	0	0.78250	0.32892	0	0.48815	0.53308	10.32375	1.10281	0	0.74927	0.55477	9.16615	1.10281	0	-0.00381	-0.00879	0.71477	0.00316	1	0.06393	-0.01335	0.68212	0.00237	1	1.45898	0.81042	0	
1283166	8653.45801	3307334171531	0.77068	0.36259	8653.25000	0.18750	12250	0	0.75310	0.48981	0	0.78250	0.32892	1	0.78250	0.32892	1	0.48815	0.53308	10.32375	1.10281	0	0.74932	0.55489	9.32005	1.10281	1	-0.00381	-0.00879	0.71477	0.00316	1	0.06393	-0.01335	0.68212	0.00240	1	1.45898	0.81042	0	
1283167	8653.46387	3307334238544	0.78250	0.32892	8653.25000	0.18750	12250	0	0.75310	0.48981	0	0.78250	0.32892	0	0.78250	0.32892	0	0.48815	0.53308	10.32375	1.10281	0	0.74932	0.55489	9.32005	1.10281	0	-0.00381	-0.00879	0.71477	0.00316	1	0.06393	-0.01335	0.68212	0.00240	1	1.45898	0.81042	0	
1283168	8653.47070	3307334305951	0.78250	0.32892	8653.25000	0.18750	12250	0	0.75310	0.48981	0	0.78250	0.32892	0	0.78250	0.32892	0	0.48815	0.53308	10.32375	1.10281	0	0.74932	0.55489	9.32005	1.10281	0	-0.00381	-0.00879	0.71477	0.00316	1	0.06393	-0.01335	0.68212	0.00240	1	1.45898	0.81042	0	
1283169	8653.47754	3307334371999	0.78250	0.32892	8653.25000	0.18750	12250	0	0.75310	0.48981	0	0.78250	0.32892	0	0.78250	0.32892	0	0.48815	0.53308	10.32375	1.10281	0	0.74932	0.55489	9.32005	1.10281	0	-0.00381	-0.00879	0.71477	0.00316	1	0.06393	-0.01335	0.68212	0.00240	1	1.45898	0.81042	0	
1283170	8653.48438	3307334439661	0.00000	0.00000	8653.25000	0.18750	12250	0	0.75310	0.48981	0	0.78250	0.32892	0	0.78250	0.32892	0	0.48815	0.53308	10.32375	1.10281	0	0.74932	0.55489	9.32005	1.10281	0	-0.00381	-0.00879	0.71477	0.00316	1	0.06393	-0.01335	0.68212	0.00240	1	1.45898	0.81042	0	
1283171	8653.49121	3307334506457	0.00000	0.00000	8653.25000	0.18750	12250	0	0.75310	0.48981	0	0.78250	0.32892	0	0.78250	0.32892	0	0.48815	0.53308	10.32375	1.10281	0	0.74932	0.55489	9.32005	1.10281	0	-0.00381	-0.00879	0.71477	0.00316	1	0.06393	-0.01335	0.68212	0.00240	1	1.45898	0.81042	0	
1283172	8653.49805	3307334573504	0.00000	0.00000	8653.25000	0.18750	12250	0	0.75310	0.48981	0	0.78250	0.32892	0	0.78250	0.32892	0	0.48815	0.53308	10.32375	1.10281	0	0.74932	0.55489	9.32005	1.10281	0	-0.00381	-0.00879	0.71477	0.00316	1	0.06393	-0.01335	0.68212	0.00240	1	1.45898	0.81042	0	
1283173	8653.50488	3307334640442	0.00000	0.00000	8653.25000	0.18750	12250	0	0.75310	0.48981	0	0.78250	0.32892	0	0.78250	0.32892	0	0.48815	0.53308	10.32375	1.10281	0	0.74932	0.55489	9.32005	1.10281	0	-0.00381	-0.00879	0.71477	0.00316	1	0.06393	-0.01335	0.68212	0.00240	1	1.45898	0.81042	0	
1283174	8653.51172	3307334707516	0.00000	0.00000	8653.25000	0.18750	12250	0	0.75310	0.48981	0	0.78250	0.32892	0	0.78250	0.32892	0	0.48815	0.53308	10.32375	1.10281	0	0.74932	0.55489	9.32005	1.10281	0	-0.00381	-0.00879	0.71477	0.00316	1	0.06393	-0.01335	0.68212	0.00240	1	1.45898	0.81042	0	
1283175	8653.51758	3307334774281	0.00000	0.00000	8653.25000	0.18750	12250	0	0.75310	0.48981	0	0.78250	0.32892	0	0.78250	0.32892	0	0.48815	0.53308	10.32375	1.10281	0	0.74932	0.55489	9.32005	1.10281	0	-0.00381	-0.00879	0.71477	0.00316	1	0.06393	-0.01335	0.68212	0.00240	1	1.45898	0.81042	0	
1283176	8653.52441	3307334840061	0.75224	0.40978	8653.25000	0.18750	12250	0	0.71901	0.47011	1	0.78546	0.34946	1	0.75224	0.40978	1	0.48741	0.53298	10.67778	1.10281	1	0.74879	0.55489	9.70446	1.10281	1	-0.00381	-0.00879	0.71477	0.00326	1	0.06393	-0.01335	0.68212	0.00226	1	1.45898	0.81042	0	
1283177	8653.53125	3307334908215	0.75285	0.41659	8653.25000	0.18750	12250	0	0.73135	0.49420	1	0.77556	0.35260	1	0.75346	0.42340	1	0.48741	0.53291	10.45324	1.10281	1	0.74872	0.55480	9.51458	1.10281	1	-0.00381	-0.00879	0.71477	0.00336	1	0.06393	-0.01335	0.68212	0.00224	1	1.45898	0.81042	0	
1283178	8653.53809	3307334974434	0.75250	0.42099	8653.25000	0.18750	12250	0	0.73075	0.49977	1	0.77285	0.35981	1	0.75180	0.42979	1	0.48733	0.53341	10.88001	1.09373	1	0.74861	0.55482	10.23330	1.09373	1	-0.00380	-0.00853	0.68505	0.00315	1	0.06338	-0.01326	0.67731	0.00226	1	1.45898	0.81042	0	
1283179	8653.54492	3307335042967	0.75030	0.42603	8653.52441	0.02051	12251	1	0.71884	0.48405	1	0.76856	0.39820	1	0.74370	0.44112	1	0.48739	0.53294	10.70279	1.08464	1	0.74870	0.55524	10.15160	1.08464	1	-0.00380	-0.00853	0.68505	0.00328	1	0.06338	-0.01326	0.67731	0.00227	1	1.45898	0.81042	0	
1283180	8653.55176	3307335109427	0.74928	0.42895	8653.52441	0.02734	12251	1	0.71979	0.51090	1	0.77062	0.37039	1	0.74521	0.44065	1	0.48736	0.53317	10.61256	1.07556	1	0.74869	0.55494	10.20686	1.07556	1	-0.00380	-0.00853	0.68505	0.00325	1	0.06338	-0.01326	0.67731	0.00220	1	1.45898	0.81042	0	
1283181	8653.55762	3307335174192	0.74855	0.43139	8653.52441	0.03320	12251	1	0.71926	0.51648	1	0.77050	0.37071	1	0.74488	0.44360	1	0.48736	0.53317	10.61256	1.06647	1	0.74746	0.55747	11.21025	1.07515	1	-0.00382	-0.00851	0.68777	0.00326	1	0.06622	-0.01384	0.70706	0.00352	1	1.45898	0.81042	0	
1283182	8653.56445	3307335243134	0.74364	0.45345	8653.52441	0.04004	12251	1	0.72256	0.55213	1	0.70582	0.61953	1	0.71419	0.58583	1	0.48738	0.53338	10.80929	1.07515	1	0.74776	0.55757	11.09649	1.08383	1	-0.00382	-0.00851	0.68777	0.00317	1	0.06622	-0.01384	0.70706	0.00347	1	1.45898	0.81042	0	
1283183	8653.57129	3307335310260	0.73936	0.46423	8653.52441	0.04688	12251	1	0.71512	0.49751	1	0.70371	0.58185	1	0.70942	0.53968	1	0.48731	0.53310	10.10836	1.08383	1	0.74773	0.55725	11.06571	1.09251	1	-0.00382	-0.00851	0.68777	0.00327	1	0.06622	-0.01384	0.70706	0.00347	1	1.45898	0.81042	0	
1283184	8653.57812	3307335377425	0.73606	0.47232	8653.52441	0.05371	12251	1	0.71559	0.49212	1	0.70371	0.58185	1	0.70965	0.53699	1	0.48733	0.53306	9.99636	1.09251	1	0.74887	0.55501	9.54136	1.09251	1	-0.00380	-0.00853	0.68505	0.00338	1	0.06393	-0.01335	0.68212	0.00230	1	1.45898	0.81042	0	
1283185	8653.58496	3307335443667	0.73755	0.46950	8653.52441	0.06055	12251	1	0.74351	0.50897	1	0.75836	0.37940	1	0.75093	0.44418	1	0.48764	0.53315	10.18956	1.09251	1	0.74891	0.55507	9.61851	1.08383	1	-0.00380	-0.00853	0.68505	0.00349	1	0.06393	-0.01335	0.68212	0.00228	1	1.45898	0.81042	0	
1283186	8653.59180	3307335511319	0.73773	0.46464	8653.52441	0.06738	12251	1	0.73336	0.46978	1	0.74580	0.36220	1	0.73958	0.41599	1	0.48755	0.53268	9.66261	1.08383	1	0.74875	0.55484	9.49217	1.07515	1	-0.00380	-0.00853	0.68505	0.00350	1	0.06393	-0.01335	0.68212	0.00221	1	1.45898	0.81042	0	
1283187	8653.59863	3307335578225	0.73776	0.46111	8653.52441	0.07422	12251	1	0.73277	0.47539	1	0.74337	0.36916	1	0.73807	0.42227	1	0.48775	0.53339	9.78022	1.07515	1	0.74914	0.55520	10.07971	1.06647	1	-0.00380	-0.00853	0.68505	0.00341	1	0.06393	-0.01345	0.68212	0.00230	1	1.45898	0.81042	0	
1283188	8653.60547	3307335647060	0.73745	0.46121	8653.52441	0.08105	12251	1	0.72816	0.51556	1	0.73929	0.40924	1	0.73373	0.46240	1	0.48757	0.53297	9.88942	1.06647	1	0.74909	0.55530	10.28549	1.06647	1	-0.00380	-0.00853	0.68505	0.00336	1	0.06393	-0.01345	0.68212	0.00231	1	1.45898	0.81042	0	
1283189	8653.61133	3307335712137	0.73513	0.47163	8653.52441	0.08691	12251	1	0.75100	0.56275	1	0.65900	0.65145	1	0.70500	0.60710	1	0.48775	0.53352	10.24152	1.06647	1	0.74780	0.55784	11.02158	1.06647	1	-0.00380	-0.00853	0.68505	0.00348	1	0.06393	-0.01345	0.68212	0.00359	1	1.45898	0.81042	0	
1283190	8653.61816	3307335779882	0.73312	0.48066	8653.52441	0.09375	12251	1	0.75100	0.56275	1	0.65900	0.65145	1	0.70500	0.60710	1	0.48764	0.53298	10.04848	1.06647	1	0.74928	0.55508	9.48869	1.06647	1	-0.00367	-0.00847	0.68049	0.00337	1	0.06393	-0.01335	0.68212	0.00234	1	1.45898	0.81042	0	
1283191	8653.62500	3307335846756	0.73356	0.47995	8653.52441	0.10059	12251	1	0.72333	0.52521	1	0.75704	0.41339	1	0.74019	0.46930	1	0.48774	0.53325	9.93882	1.06647	1	0.74935	0.55520	9.91028	1.06647	1	-0.00367	-0.00847	0.68049	0.00342	1	0.06393	-0.01335	0.68212	0.00238	1	1.45898	0.81042	0	
1283192	8653.63184	3307335912683	0.73329	0.47907	8653.52441	0.10742	12251	1	0.71147	0.52369	1	0.74644	0.40617	1	0.72896	0.46493	1	0.48761	0.53308	10.30277	1.06647	1	0.74929	0.55523	10.06976	1.06647	1	-0.00367	-0.00847	0.68049	0.00333	1	0.06393	-0.01335	0.68212	0.00238	1	1.45898	0.81042	0	
1283193	8653.63867	3307335977141	0.73305	0.47828	8653.52441	0.11426	12251	1	0.71147	0.52369	1	0.74644	0.40617	1	0.72896	0.46493	1	0.48839	0.53324	10.56405	1.06647	1	0.74941	0.55507	9.97995	1.06647	1	-0.00367	-0.00847	0.68049	0.00340	1	0.06393	-0.01340	0.68212	0.00243	1	1.45898	0.81042	0	
1283194	8653.64453	3307336044591	0.73417	0.47749	8653.52441	0.12012	12251	1	0.75297	0.51870	1	0.75575	0.40801	1	0.75436	0.46335	1	0.48823	0.53284	10.74943	1.06647	1	0.74934	0.55518	10.32947	1.06647	1	-0.00367	-0.00847	0.68049	0.00326	1	0.06393	-0.01340	0.68212	0.00237	1	1.45898	0.81042	0	
1283195	8653.65137	3307336111628	0.73494	0.47380	8653.52441	0.12695	12251	1	0.73902	0.42317	1	0.76009	0.38412	1	0.74955	0.40364	1	0.48816	0.53187	9.78121	1.06647	1	0.74935	0.55499	9.92017	1.06647	1	-0.00367	-0.00847	0.68049	0.00344	1	0.06393	-0.01340	0.68212	0.00230	1	1.45898	0.81042	0	
1283196	8653.65820	3307336178122	0.73572	0.47014	8653.52441	0.13379	12251	1	0.73968	0.41681	1	0.76277	0.37695	1	0.75122	0.39688	1	0.48827	0.53239	9.68931	1.07556	1	0.74938	0.55500	9.91760	1.07556	1	-0.00381	-0.00890	0.71476	0.00334	1	0.06291	-0.01322	0.67009	0.00228	1	1.45898	0.81042	0	
1283197	8653.66504	3307336245304	0.73602	0.46817	8653.52441	0.14062	12251	1	0.72700	0.46806	1	0.75778	0.38541	1	0.74239	0.42673	1	0.48828	0.53256	10.06005	1.08464	1	0.74929	0.55517	10.33571	1.08464	1	-0.00381	-0.00890	0.71476	0.00331	1	0.06291	-0.01322	0.67009	0.00223	1	1.45898	0.81042	0	
1283198	8653.67188	3307336313007	0.73640	0.46648	8653.52441	0.14746	12251	1	0.73097	0.47770	1	0.75854	0.38086	1	0.74475	0.42928	1	0.48827	0.53284	10.16087	1.09373	1	0.74934	0.55507	9.90569	1.09373	1	-0.00381	-0.00890	0.71476	0.00328	1	0.06291	-0.01322	0.67009	0.00228	1	1.45898	0.81042	0	
1283199	8653.67871	3307336380434	0.73670	0.46505	8653.52441	0.15430	12251	1	0.73097	0.47770	1	0.75635	0.38678	1	0.74366	0.43224	1	0.48827	0.53294	10.59239	1.09373	1	0.74935	0.55528	10.27455	1.08607	1	-0.00353	-0.00831	0.67175	0.00325	1	0.06183	-0.01300	0.65917	0.00225	1	1.45898	0.81042	0	
1283200	8653.68555	3307336446779	0.73705	0.46474	8653.52441	0.16113	12251	1	0.73197	0.51451	1	0.75865	0.40012	1	0.74531	0.45732	1	0.48828	0.53298	10.58437	1.07698	1	0.74932	0.55527	10.31705	1.06932	1	-0.00353	-0.00831	0.67175	0.00328	1	0.06183	-0.01300	0.65917	0.00223	1	1.45898	0.81042	0	
1283201	8653.69141	3307336513341	0.73718	0.46507	8653.52441	0.16699	12251	1	0.72906	0.51307	1	0.75200	0.43343	1	0.74053	0.47325	1	0.48826	0.53298	10.60039	1.06024	1	0.74941	0.55528	10.01893	1.05258	1	-0.00353	-0.00831	0.67175	0.00329	1	0.06183	-0.01300	0.65917	0.00220	1	1.45898	0.81042	0	
1283202	8653.69824	3307336580371	0.73724	0.46569	8653.52441	0.17383	12251	1	0.72792	0.52346	1	0.74935	0.44025	1	0.73864	0.48185	1	0.48826	0.53298	10.60039	1.04349	1	0.74956	0.55515	9.81158	1.04349	1	-0.00353	-0.00831	0.67175	0.00329	1	0.06291	-0.01322	0.67009	0.00227	1	1.45898	0.81042	0	
1283203	8653.70508	3307336646560	0.73588	0.46921	8653.52441	0.18066	12251	1	0.71741	0.50746	1	0.68085	0.62117	1	0.69913	0.56432	1	0.48816	0.53284	10.23700	1.04349	1	0.74821	0.55738	11.10057	1.05115	1	-0.00353	-0.00831	0.67175	0.00332	1	0.06291	-0.01322	0.67009	0.00358	1	1.45898	0.81042	0	
1283204	8653.71191	3307336716461	0.73491	0.47283	8653.52441	0.18750	12251	1	0.72484	0.50410	1	0.69074	0.64409	1	0.70779	0.57409	1	0.48821	0.53278	10.07684	1.05115	1	0.74839	0.55785	11.37333	1.05881	1	-0.00353	-0.00831	0.67175	0.00331	1	0.06291	-0.01322	0.67009	0.00364	1	1.45898	0.81042	0	
1283205	8653.71875	3307336785323	0.73404	0.47605	8653.52441	0.19434	12251	1	0.72533	0.49924	1	0.69255	0.63997	1	0.70894	0.56960	1	0.48813	0.53289	10.20615	1.05881	1	0.74830	0.55776	11.26483	1.06647	1	-0.00353	-0.00831	0.67175	0.00333	1	0.06291	-0.01322	0.67009	0.00359	1	1.45898	0.81042	0	
1283206	8653.72559	3307336851150	0.73286	0.47946	8653.52441	0.20117	12251	1	0.71359	0.50848	1	0.68155	0.65485	1	0.69757	0.58166	1	0.48807	0.53291	10.10944	1.06647	1	0.74819	0.55776	11.29197	1.06647	1	-0.00353	-0.00831	0.67175	0.00340	1	0.06291	-0.01322	0.67009	0.00361	1	1.45898	0.81042	0	
1283207	8653.73242	3307336917783	0.73202	0.48256	8653.52441	0.20801	12251	1	0.72851	0.51542	1	0.68334	0.64187	1	0.70592	0.57864	1	0.48824	0.53305	10.35938	1.06647	1	0.74824	0.55760	11.42561	1.06647	1	-0.00353	-0.00831	0.67175	0.00340	1	0.06291	-0.01322	0.67009	0.00359	1	1.45898	0.81042	0	
1283208	8653.73926	3307336984357	0.72331	0.51247	8653.52441	0.20801	12251	0	0.72851	0.51542	1	0.68160	0.64597	1	0.70505	0.58069	1	0.48810	0.53299	10.41649	1.06647	1	0.74858	0.55748	11.15473	1.05881	1	-0.00353	-0.00831	0.67175	0.00334	1	0.06183	-0.01298	0.65813	0.00356	1	1.45898	0.81042	0	
1283209	8653.74609	3307337051389	0.71540	0.55221	8653.52441	0.20801	12251	0	0.73656	0.54924	1	0.67841	0.63465	1	0.70749	0.59194	1	0.48838	0.53319	10.41370	1.05881	1	0.74860	0.55758	11.27921	1.05115	1	-0.00353	-0.00831	0.67175	0.00346	1	0.06183	-0.01298	0.65813	0.00345	1	1.45898	0.81042	0	
1283210	8653.75195	3307337118234	0.70482	0.56098	8653.52441	0.20801	12251	0	0.71668	0.53342	1	0.65066	0.62364	1	0.68367	0.57853	1	0.48808	0.53303	10.29718	1.05115	1	0.74859	0.55749	11.24153	1.04349	1	-0.00353	-0.00831	0.67175	0.00335	1	0.06183	-0.01298	0.65813	0.00350	1	1.45898	0.81042	0	
1283211	8653.75879	3307337185768	0.69948	0.56595	8653.73926	0.01953	12252	1	0.71624	0.53806	1	0.65066	0.62364	1	0.68345	0.58085	1	0.48849	0.53316	11.04700	1.04349	1	0.74860	0.55758	11.32554	1.04349	1	-0.00359	-0.00841	0.68343	0.00333	1	0.06403	-0.01343	0.68099	0.00346	1	1.45898	0.81042	0	
1283212	8653.76562	3307337252800	0.69671	0.56918	8653.73926	0.02637	12252	1	0.72139	0.52020	1	0.64987	0.64404	1	0.68563	0.58212	1	0.48813	0.53281	11.06841	1.04349	1	0.74857	0.55760	11.32238	1.05115	1	-0.00359	-0.00841	0.68343	0.00333	1	0.06403	-0.01343	0.68099	0.00343	1	1.45898	0.81042	0	
1283213	8653.77246	3307337319739	0.69464	0.56954	8653.73926	0.03320	12252	1	0.72570	0.49957	1	0.64290	0.64304	1	0.68430	0.57130	1	0.48827	0.53283	10.87350	1.05115	1	0.74846	0.55772	11.32917	1.05881	1	-0.00359	-0.00841	0.68343	0.00341	1	0.06403	-0.01343	0.68099	0.00353	1	1.45898	0.81042	0	
1283214	8653.77930	3307337386557	0.69342	0.56881	8653.73926	0.04004	12252	1	0.72619	0.49468	1	0.64604	0.63426	1	0.68611	0.56447	1	0.48834	0.53323	11.55888	1.05881	1	0.74869	0.55776	11.67624	1.07515	1	-0.00345	-0.00833	0.67690	0.00331	1	0.06657	-0.01398	0.70855	0.00360	1	1.45898	0.81042	0	
1283215	8653.78613	3307337453151	0.70405	0.55173	8653.73926	0.04688	12252	1	0.74433	0.54643	1	0.81263	0.31780	1	0.77848	0.43212	1	0.48840	0.53337	11.11733	1.07515	1	0.75017	0.55528	9.79518	1.08383	1	-0.00345	-0.00833	0.67690	0.00346	1	0.06657	-0.01398	0.70855	0.00247	1	1.45898	0.81042	0	
1283216	8653.79297	3307337520663	0.71332	0.53323	8653.73926	0.05371	12252	1	0.72351	0.46267	1	0.85137	0.30787	1	0.78744	0.38527	1	0.48823	0.53342	11.00922	1.08383	1	0.75000	0.55524	9.70835	1.09251	1	-0.00345	-0.00833	0.67690	0.00341	1	0.06657	-0.01398	0.70855	0.00253	1	1.45898	0.81042	0	
1283217	8653.79883	3307337587648	0.72059	0.51875	8653.73926	0.05957	12252	1	0.72355	0.46224	1	0.84843	0.31468	1	0.78599	0.38846	1	0.48630	0.53517	10.93648	1.08450	1	0.74593	0.55988	12.60009	1.08450	1	-0.00358	-0.00839	0.65444	0.00283	1	0.06339	-0.01359	0.67850	0.00310	1	1.45898	0.81042	0	
1283218	8653.80566	3307337654204	0.71339	0.52937	8653.73926	0.06641	12252	1	0.65791	0.56217	1	0.62495	0.70896	1	0.64143	0.63556	1	0.48589	0.53557	11.15626	1.07648	1	0.74573	0.56031	11.69959	1.06780	1	-0.00358	-0.00839	0.65444	0.00298	1	0.06339	-0.01359	0.67850	0.00320	1	1.45898	0.81042	0	
1283219	8653.81250	3307337722132	0.70822	0.53783	8653.73926	0.07324	12252	1	0.67598	0.58104	1	0.62659	0.68058	1	0.65128	0.63081	1	0.48584	0.53562	10.95769	1.05978	1	0.74588	0.55988	11.35651	1.05110	1	-0.00358	-0.00839	0.65444	0.00300	1	0.06339	-0.01359	0.67850	0.00316	1	1.45898	0.81042	0	
1283220	8653.81934	3307337788316	0.70372	0.54548	8653.73926	0.08008	12252	1	0.67577	0.58589	1	0.62367	0.68881	1	0.64972	0.63735	1	0.48492	0.53612	11.10260	1.05110	1	0.74432	0.56090	12.39830	1.03476	1	-0.00382	-0.00871	0.67118	0.00277	1	0.06226	-0.01368	0.66802	0.00315	1	1.45898	0.81042	0	
1283221	8653.82617	3307337855462	0.69512	0.55293	8653.73926	0.08691	12252	1	0.62890	0.61049	1	0.53776	0.68893	1	0.58333	0.64971	1	0.48505	0.53610	10.83427	1.04278	1	0.74447	0.56062	12.23163	1.03512	1	-0.00382	-0.00871	0.67118	0.00292	1	0.06226	-0.01368	0.66802	0.00301	1	1.45898	0.81042	0	
1283222	8653.83301	3307337922696	0.68646	0.56186	8653.73926	0.09375	12252	1	0.60247	0.63580	1	0.52815	0.73807	1	0.56531	0.68693	1	0.48500	0.53565	10.79405	1.04313	1	0.74436	0.56108	12.26350	1.03548	1	-0.00382	-0.00871	0.67118	0.00304	1	0.06226	-0.01368	0.66802	0.00312	1	1.45898	0.81042	0	
1283223	8653.83984	3307337989715	0.67891	0.56956	8653.73926	0.10059	12252	1	0.60246	0.63561	1	0.52885	0.73446	1	0.56566	0.68504	1	0.48482	0.53631	11.25461	1.04349	1	0.74451	0.56132	12.38519	1.04349	1	-0.00382	-0.00871	0.67118	0.00292	1	0.06374	-0.01389	0.68334	0.00295	1	1.45898	0.81042	0	
1283224	8653.84668	3307338057131	0.67294	0.57823	8653.73926	0.10742	12252	1	0.61824	0.69166	1	0.53642	0.74229	1	0.57733	0.71697	1	0.48514	0.53582	10.76445	1.04349	1	0.74472	0.56117	12.46033	1.05115	1	-0.00382	-0.00871	0.67118	0.00294	1	0.06374	-0.01389	0.68334	0.00295	1	1.45898	0.81042	0	
1283225	8653.85254	3307338123619	0.66783	0.58526	8653.73926	0.11328	12252	1	0.60146	0.66590	1	0.56074	0.74351	1	0.58110	0.70471	1	0.48488	0.53614	10.95964	1.05115	1	0.74472	0.56117	12.46033	1.05881	1	-0.00382	-0.00871	0.67118	0.00287	1	0.06374	-0.01389	0.68334	0.00295	1	1.45898	0.81042	0	
1283226	8653.85938	3307338187982	0.66329	0.59136	8653.73926	0.12012	12252	1	0.60115	0.66218	1	0.56164	0.74017	1	0.58139	0.70117	1	0.48504	0.53581	10.71773	1.05881	1	0.74465	0.56097	12.45151	1.06647	1	-0.00382	-0.00871	0.67118	0.00296	1	0.06295	-0.01372	0.67483	0.00295	1	1.45898	0.81042	0	
1283227	8653.86621	3307338257346	0.62805	0.62727	8653.73926	0.12012	12252	0	0.60031	0.69029	1	0.53282	0.72010	1	0.56656	0.70519	1	0.48501	0.53610	10.75586	1.06647	1	0.74469	0.56089	11.90151	1.06647	1	-0.00382	-0.00871	0.67118	0.00287	1	0.06295	-0.01372	0.67483	0.00297	1	1.45898	0.81042	0	
1283228	8653.87305	3307338324819	0.59925	0.66267	8653.73926	0.12012	12252	0	0.60894	0.64801	1	0.53196	0.74814	1	0.57045	0.69808	1	0.48505	0.53584	10.59236	1.06647	1	0.74469	0.56094	12.07421	1.06647	1	-0.00382	-0.00871	0.67118	0.00296	1	0.06295	-0.01372	0.67483	0.00301	1	1.45898	0.81042	0	
1283229	8653.87988	3307338391517	0.58965	0.67447	8653.73926	0.12012	12252	0	0.60894	0.64801	1	0.53196	0.74814	1	0.57045	0.69808	1	0.48503	0.53624	11.23170	1.06647	1	0.74492	0.56113	12.27115	1.06647	1	-0.00382	-0.00866	0.67118	0.00281	1	0.06339	-0.01379	0.67850	0.00299	1	1.45898	0.81042	0	
1283230	8653.88672	3307338458653	0.58808	0.68612	8653.86621	0.02051	12253	1	0.60901	0.70334	1	0.55777	0.73877	1	0.58339	0.72105	1	0.48509	0.53625	10.95047	1.06647	1	0.74510	0.56085	12.13995	1.06647	1	-0.00382	-0.00866	0.67118	0.00285	1	0.06339	-0.01379	0.67850	0.00300	1	1.45898	0.81042	0	
1283231	8653.89258	3307338525043	0.58766	0.69245	8653.86621	0.02637	12253	1	0.61475	0.67377	1	0.55716	0.76174	1	0.58596	0.71776	1	0.48496	0.53635	11.56085	1.06647	1	0.74511	0.56088	12.31178	1.06647	1	-0.00382	-0.00866	0.67118	0.00272	1	0.06339	-0.01379	0.67850	0.00296	1	1.45898	0.81042	0	
1283232	8653.89941	3307338591451	0.58737	0.69667	8653.86621	0.03320	12253	1	0.61475	0.67377	1	0.55716	0.76174	1	0.58596	0.71776	1	0.48512	0.53621	11.23199	1.06647	1	0.74522	0.56078	12.02054	1.06647	1	-0.00382	-0.00866	0.67118	0.00276	1	0.06349	-0.01386	0.67958	0.00306	1	1.45898	0.81042	0	
1283233	8653.90625	3307338657570	0.58811	0.69417	8653.86621	0.04004	12253	1	0.61538	0.66331	1	0.56968	0.69511	1	0.59253	0.67921	1	0.48511	0.53625	11.36269	1.06647	1	0.74525	0.56079	12.04114	1.06647	1	-0.00382	-0.00866	0.67118	0.00274	1	0.06349	-0.01386	0.67958	0.00306	1	1.45898	0.81042	0	
1283234	8653.91309	3307338725422	0.58798	0.69288	8653.86621	0.04688	12253	1	0.61580	0.66376	1	0.55827	0.70388	1	0.58703	0.68382	1	0.48520	0.53632	11.04248	1.06647	1	0.74514	0.56094	12.58376	1.06647	1	-0.00382	-0.00866	0.67118	0.00275	1	0.06349	-0.01386	0.67958	0.00295	1	1.45898	0.81042	0	
1283235	8653.91992	3307338790083	0.58787	0.69187	8653.86621	0.05371	12253	1	0.61580	0.66376	1	0.55827	0.70388	1	0.58703	0.68382	1	0.48517	0.53601	10.66875	1.06647	1	0.74526	0.56090	12.38474	1.06647	1	-0.00382	-0.00866	0.67118	0.00284	1	0.06349	-0.01386	0.67958	0.00296	1	1.45898	0.81042	0	
1283236	8653.92578	3307338855478	0.58797	0.69416	8653.86621	0.05957	12253	1	0.60964	0.67115	1	0.56813	0.75835	1	0.58889	0.71475	1	0.48500	0.53609	10.96721	1.06647	1	0.74527	0.56100	12.83682	1.06647	1	-0.00382	-0.00866	0.67118	0.00285	1	0.06349	-0.01386	0.67958	0.00298	1	1.45898	0.81042	0	
1283237	8653.93262	3307338924104	0.58752	0.69434	8653.86621	0.06641	12253	1	0.61044	0.65060	1	0.55562	0.74162	1	0.58303	0.69611	1	0.48515	0.53596	11.06591	1.06647	1	0.74508	0.56083	12.43557	1.06647	1	-0.00382	-0.00866	0.67118	0.00289	1	0.06349	-0.01386	0.67958	0.00297	1	1.45898	0.81042	0	
1283238	8653.93945	3307338992689	0.58711	0.69462	8653.86621	0.07324	12253	1	0.61044	0.65060	1	0.55477	0.74495	1	0.58261	0.69778	1	0.48501	0.53616	10.86974	1.06647	1	0.74524	0.56085	12.51496	1.05881	1	-0.00382	-0.00866	0.67118	0.00293	1	0.06164	-0.01342	0.66030	0.00291	1	1.45898	0.81042	0	
1283239	8653.94629	3307339058750	0.58724	0.69428	8653.86621	0.08008	12253	1	0.60456	0.66799	1	0.57286	0.71234	1	0.58871	0.69016	1	0.48502	0.53610	10.87515	1.05881	1	0.74533	0.56072	12.49913	1.05115	1	-0.00382	-0.00866	0.67118	0.00284	1	0.06164	-0.01342	0.66030	0.00307	1	1.45898	0.81042	0	
1283240	8653.95312	3307339126997	0.58717	0.69457	8653.86621	0.08691	12253	1	0.60414	0.66743	1	0.56835	0.72927	1	0.58625	0.69835	1	0.48504	0.53604	10.82133	1.05115	1	0.74521	0.56069	12.27038	1.04349	1	-0.00382	-0.00866	0.67118	0.00286	1	0.06164	-0.01342	0.66030	0.00295	1	1.45898	0.81042	0	
1283241	8653.95996	3307339192259	0.58711	0.69495	8653.86621	0.09375	12253	1	0.60444	0.67114	1	0.56835	0.72927	1	0.58639	0.70021	1	0.48508	0.53612	11.05969	1.04349	1	0.74537	0.56082	12.25769	1.04349	1	-0.00382	-0.00866	0.67118	0.00279	1	0.06422	-0.01402	0.68740	0.00295	1	1.45898	0.81042	0	
1283242	8653.96680	3307339262112	0.58744	0.69545	8653.86621	0.10059	12253	1	0.60155	0.67685	1	0.58313	0.72926	1	0.59234	0.70306	1	0.48497	0.53613	11.46236	1.04349	1	0.74539	0.56058	12.43902	1.05115	1	-0.00382	-0.00866	0.67118	0.00278	1	0.06422	-0.01402	0.68740	0.00285	1	1.45898	0.81042	0	
1283243	8653.97363	3307339329228	0.58791	0.69545	8653.86621	0.10742	12253	1	0.61587	0.66086	1	0.57493	0.72986	1	0.59540	0.69536	1	0.48514	0.53605	11.11880	1.05115	1	0.74540	0.56074	12.55299	1.05881	1	-0.00382	-0.00866	0.67118	0.00278	1	0.06422	-0.01402	0.68740	0.00295	1	1.45898	0.81042	0	
1283244	8653.98047	3307339396010	0.58835	0.69524	8653.86621	0.11426	12253	1	0.61565	0.65710	1	0.57592	0.72641	1	0.59579	0.69176	1	0.48502	0.53625	11.35029	1.05881	1	0.74555	0.56101	12.71990	1.06647	1	-0.00382	-0.00866	0.67118	0.00281	1	0.06339	-0.01379	0.67850	0.00292	1	1.45898	0.81042	0	
1283245	8653.98730	3307339463360	0.58917	0.69589	8653.86621	0.12109	12253	1	0.62156	0.66695	1	0.58638	0.74827	1	0.60397	0.70761	1	0.48508	0.53613	11.19303	1.06647	1	0.74553	0.56071	12.68685	1.06647	1	-0.00382	-0.00866	0.67118	0.00285	1	0.06339	-0.01379	0.67850	0.00281	1	1.45898	0.81042	0	
1283246	8653.99316	3307339527950	0.58922	0.69574	8653.86621	0.12695	12253	1	0.60998	0.65471	1	0.57058	0.73103	1	0.59028	0.69287	1	0.48508	0.53613	11.36758	1.06647	1	0.74537	0.56065	12.44275	1.06647	1	-0.00382	-0.00866	0.67118	0.00281	1	0.06339	-0.01379	0.67850	0.00288	1	1.45898	0.81042	0	
1283247	8654.00000	3307339597216	0.58927	0.69561	8653.86621	0.13379	12253	1	0.60998	0.65471	1	0.57058	0.73103	1	0.59028	0.69287	1	0.48509	0.53614	11.34279	1.06647	1	0.74528	0.56034	11.84253	1.06647	1	-0.00382	-0.00866	0.67118	0.00280	1	0.06339	-0.01379	0.67850	0.00300	1	1.45898	0.81042	0	
1283248	8654.00684	3307339664310	0.58974	0.69550	8653.86621	0.14062	12253	1	0.61143	0.67285	1	0.58739	0.71365	1	0.59941	0.69325	1	0.48505	0.53615	11.33201	1.06647	1	0.74556	0.56052	12.54932	1.06647	1	-0.00382	-0.00866	0.67118	0.00276	1	0.06339	-0.01379	0.67850	0.00287	1	1.45898	0.81042	0	
1283249	8654.01367	3307339729669	0.58957	0.69465	8653.86621	0.14746	12253	1	0.60045	0.63543	1	0.57151	0.71647	1	0.58598	0.67595	1	0.48497	0.53618	11.23951	1.06647	1	0.74541	0.56041	12.34274	1.06647	1	-0.00382	-0.00866	0.67118	0.00277	1	0.06339	-0.01379	0.67850	0.00289	1	1.45898	0.81042	0	
1283250	8654.02051	3307339798051	0.58940	0.69394	8653.86621	0.15430	12253	1	0.60045	0.63543	1	0.57055	0.71999	1	0.58550	0.67771	1	0.48496	0.53611	11.44468	1.06647	1	0.74553	0.56060	12.71028	1.05881	1	-0.00382	-0.00866	0.67118	0.00282	1	0.06074	-0.01320	0.64967	0.00286	1	1.45898	0.81042	0	
1283251	8654.02637	3307339862916	0.58889	0.69497	8653.86621	0.16016	12253	1	0.61320	0.69540	1	0.54018	0.74406	1	0.57669	0.71973	1	0.48501	0.53613	11.65785	1.05881	1	0.74523	0.56079	12.66325	1.05115	1	-0.00382	-0.00866	0.67118	0.00281	1	0.06074	-0.01320	0.64967	0.00291	1	1.45898	0.81042	0	
1283252	8654.03320	3307339931134	0.58863	0.69580	8653.86621	0.16699	12253	1	0.60997	0.68500	1	0.55393	0.74784	1	0.58195	0.71642	1	0.48499	0.53604	11.38983	1.05115	1	0.74547	0.56091	12.85225	1.04349	1	-0.00382	-0.00866	0.67118	0.00285	1	0.06074	-0.01320	0.64967	0.00291	1	1.45898	0.81042	0	
1283253	8654.04004	3307339996705	0.58837	0.69669	8653.86621	0.17383	12253	1	0.61022	0.68858	1	0.55307	0.75120	1	0.58165	0.71989	1	0.48503	0.53601	11.19971	1.04349	1	0.74549	0.56083	12.77561	1.03583	1	-0.00382	-0.00866	0.67118	0.00286	1	0.06153	-0.01342	0.65808	0.00294	1	1.45898	0.81042	0	
1283254	8654.04688	3307340063120	0.58828	0.69726	8653.86621	0.18066	12253	1	0.62337	0.67145	1	0.54846	0.75397	1	0.58591	0.71271	1	0.48521	0.53596	11.68417	1.03583	1	0.74543	0.56098	13.11060	1.03583	1	-0.00382	-0.00866	0.67118	0.00282	1	0.06153	-0.01342	0.65808	0.00295	1	1.45898	0.81042	0	
1283255	8654.05371	3307340130622	0.58834	0.69752	8653.86621	0.18750	12253	1	0.62952	0.67315	1	0.55055	0.73640	1	0.59003	0.70477	1	0.48529	0.53602	12.15802	1.03583	1	0.74537	0.56082	12.39377	1.03583	1	-0.00382	-0.00866	0.67118	0.00282	1	0.06153	-0.01342	0.65808	0.00297	1	1.45898	0.81042	0	
1283256	8654.06055	3307340199496	0.58841	0.69771	8653.86621	0.19434	12253	1	0.62952	0.67315	1	0.55139	0.73293	1	0.59045	0.70304	1	0.48548	0.53603	12.03763	1.03583	1	0.74553	0.56075	12.52754	1.04349	1	-0.00382	-0.00866	0.67118	0.00281	1	0.06339	-0.01387	0.67743	0.00301	1	1.45898	0.81042	0	
1283257	8654.06738	3307340264866	0.58860	0.69825	8653.86621	0.20117	12253	1	0.64371	0.66084	1	0.54485	0.76815	1	0.59428	0.71450	1	0.48548	0.53603	12.03763	1.04349	1	0.74530	0.56100	12.33307	1.05115	1	-0.00382	-0.00866	0.67118	0.00282	1	0.06339	-0.01387	0.67743	0.00300	1	1.45898	0.81042	0	
1283258	8654.07324	3307340330341	0.58891	0.69723	8653.86621	0.20703	12253	1	0.63045	0.63465	1	0.56642	0.69693	1	0.59844	0.66579	1	0.48537	0.53606	11.81719	1.05115	1	0.74572	0.56097	12.85811	1.05881	1	-0.00382	-0.00866	0.67118	0.00282	1	0.06339	-0.01387	0.67743	0.00301	1	1.45898	0.81042	0	
1283259	8654.08008	3307340398326	0.58921	0.69617	8653.86621	0.21387	12253	1	0.63033	0.63071	1	0.56735	0.69324	1	0.59884	0.66198	1	0.48511	0.53595	11.41744	1.05881	1	0.74534	0.56106	12.69726	1.06647	1	-0.00382	-0.00866	0.67118	0.00293	1	0.06338	-0.01387	0.67731	0.00301	1	1.45898	0.81042	0	
1283260	8654.08691	3307340465459	0.58933	0.69578	8653.86621	0.22070	12253	1	0.63723	0.64115	1	0.54926	0.72503	1	0.59324	0.68309	1	0.48507	0.53579	11.09399	1.06647	1	0.74539	0.56066	12.97937	1.06647	1	-0.00382	-0.00866	0.67118	0.00296	1	0.06338	-0.01387	0.67731	0.00291	1	1.45898	0.81042	0	
1283261	8654.09375	3307340533035	0.58968	0.69466	8653.86621	0.22754	12253	1	0.63228	0.59648	1	0.57132	0.71684	1	0.60180	0.65666	1	0.48514	0.53582	11.16222	1.06647	1	0.74533	0.56059	12.51197	1.06647	1	-0.00382	-0.00866	0.67118	0.00291	1	0.06338	-0.01387	0.67731	0.00288	1	1.45898	0.81042	0	
1283262	8654.10059	3307340601388	0.59002	0.69361	8653.86621	0.23438	12253	1	0.63228	0.59648	1	0.57132	0.71684	1	0.60180	0.65666	1	0.48495	0.53555	10.93535	1.06647	1	0.74522	0.56111	13.27571	1.06647	1	-0.00382	-0.00866	0.67118	0.00297	1	0.06349	-0.01386	0.67958	0.00308	1	1.45898	0.81042	0	
1283263	8654.10742	3307340667926	0.59032	0.69304	8653.86621	0.24121	12253	1	0.64279	0.58375	1	0.55954	0.76138	1	0.60116	0.67256	1	0.48505	0.53551	11.16371	1.06647	1	0.74517	0.56107	13.28107	1.06647	1	-0.00382	-0.00866	0.67118	0.00297	1	0.06349	-0.01386	0.67958	0.00305	1	1.45898	0.81042	0	
1283264	8654.11426	3307340734335	0.59047	0.69209	8653.86621	0.24805	12253	1	0.62936	0.54655	1	0.56219	0.76712	1	0.59578	0.65684	1	0.48505	0.53551	11.16371	1.06647	1	0.74524	0.56103	13.17020	1.06647	1	-0.00382	-0.00866	0.67118	0.00297	1	0.06349	-0.01386	0.67958	0.00308	1	1.45898	0.81042	0	
1283265	8654.12109	3307340802821	0.59059	0.69122	8653.86621	0.25488	12253	1	0.62936	0.54655	1	0.56130	0.77027	1	0.59533	0.65841	1	0.48480	0.53564	11.39868	1.06647	1	0.74523	0.56112	13.19089	1.05881	1	-0.00382	-0.00866	0.67118	0.00293	1	0.06074	-0.01325	0.64967	0.00304	1	1.45898	0.81042	0	
1283266	8654.12793	3307340869795	0.59057	0.69112	8653.86621	0.26172	12253	1	0.61511	0.63190	1	0.56485	0.74267	1	0.58998	0.68729	1	0.48471	0.53577	11.88013	1.05881	1	0.74522	0.56082	13.49982	1.05115	1	-0.00382	-0.00866	0.67118	0.00286	1	0.06074	-0.01325	0.64967	0.00297	1	1.45898	0.81042	0	
1283267	8654.13379	3307340936490	0.59055	0.69193	8653.86621	0.26758	12253	1	0.61840	0.67144	1	0.56068	0.77661	1	0.58954	0.72403	1	0.48481	0.53572	11.61519	1.05115	1	0.74522	0.56103	13.20912	1.04349	1	-0.00382	-0.00866	0.67118	0.00290	1	0.06074	-0.01325	0.64967	0.00308	1	1.45898	0.81042	0	
1283268	8654.14062	3307341003316	0.59053	0.69273	8653.86621	0.27441	12253	1	0.61860	0.67511	1	0.56068	0.77661	1	0.58964	0.72586	1	0.48472	0.53552	11.87926	1.04349	1	0.74515	0.56073	13.19975	1.04349	1	-0.00382	-0.00866	0.67118	0.00295	1	0.06339	-0.01379	0.67850	0.00300	1	1.45898	0.81042	0	
1283269	8654.14746	3307341070747	0.59028	0.69264	8653.86621	0.28125	12253	1	0.60861	0.61639	1	0.55082	0.76114	1	0.57971	0.68876	1	0.48461	0.53570	12.02011	1.04349	1	0.74508	0.56100	13.43513	1.05115	1	-0.00382	-0.00866	0.67118	0.00295	1	0.06339	-0.01379	0.67850	0.00305	1	1.45898	0.81042	0	
1283270	8654.15430	3307341138269	0.59010	0.69221	8653.86621	0.28809	12253	1	0.61606	0.62885	1	0.54893	0.71864	1	0.58249	0.67375	1	0.48464	0.53576	11.96314	1.05115	1	0.74500	0.56063	13.67399	1.05881	1	-0.00382	-0.00866	0.67118	0.00294	1	0.06339	-0.01379	0.67850	0.00289	1	1.45898	0.81042	0	
1283271	8654.16113	3307341204547	0.58993	0.69181	8653.86621	0.29492	12253	1	0.61607	0.62904	1	0.54889	0.71880	1	0.58248	0.67392	1	0.48457	0.53571	12.21824	1.05079	1	0.74518	0.56060	13.36797	1.05845	1	-0.00381	-0.00851	0.65933	0.00295	1	0.06349	-0.01376	0.67958	0.00289	1	1.45898	0.81042	0	
1283272	8654.16797	3307341271683	0.58974	0.69131	8653.86621	0.30176	12253	1	0.60729	0.62222	1	0.55553	0.71578	1	0.58141	0.66900	1	0.48457	0.53563	11.91116	1.05044	1	0.74523	0.56052	13.13995	1.05044	1	-0.00381	-0.00851	0.65933	0.00296	1	0.06349	-0.01376	0.67958	0.00293	1	1.45898	0.81042	0	
1283273	8654.17480	3307341338634	0.58952	0.69085	8653.86621	0.30859	12253	1	0.59250	0.59665	1	0.56609	0.74254	1	0.57929	0.66960	1	0.48453	0.53562	11.77223	1.04242	1	0.74525	0.56067	13.40115	1.04242	1	-0.00381	-0.00851	0.65933	0.00297	1	0.06349	-0.01376	0.67958	0.00292	1	1.45898	0.81042	0	
1283274	8654.18066	3307341405702	0.58930	0.69044	8653.86621	0.31445	12253	1	0.59250	0.59665	1	0.56515	0.74594	1	0.57882	0.67130	1	0.48473	0.53536	11.78047	1.04242	1	0.74505	0.56063	13.41319	1.03476	1	-0.00382	-0.00866	0.67118	0.00297	1	0.06164	-0.01342	0.66030	0.00292	1	1.45898	0.81042	0	
1283275	8654.18750	3307341473030	0.58839	0.69153	8653.86621	0.32129	12253	1	0.60673	0.64099	1	0.56251	0.71825	1	0.58462	0.67962	1	0.48455	0.53558	11.84321	1.04278	1	0.74513	0.56041	13.08287	1.03512	1	-0.00382	-0.00866	0.67118	0.00298	1	0.06164	-0.01342	0.66030	0.00303	1	1.45898	0.81042	0	
1283276	8654.19434	3307341539648	0.58844	0.69139	8653.86621	0.32812	12253	1	0.58834	0.65242	1	0.55648	0.72981	1	0.57241	0.69112	1	0.48448	0.53573	12.05083	1.04313	1	0.74525	0.56049	13.06561	1.03548	1	-0.00382	-0.00866	0.67118	0.00297	1	0.06164	-0.01342	0.66030	0.00303	1	1.45898	0.81042	0	
1283277	8654.20117	3307341606600	0.58848	0.69128	8653.86621	0.33496	12253	1	0.58875	0.65627	1	0.55648	0.72981	1	0.57261	0.69304	1	0.48447	0.53554	11.54801	1.03548	1	0.74535	0.56065	13.16160	1.03548	1	-0.00381	-0.00851	0.65933	0.00305	1	0.06339	-0.01379	0.67850	0.00309	1	1.45898	0.81042	0	
1283278	8654.20801	3307341673605	0.58840	0.69076	8653.86621	0.34180	12253	1	0.59559	0.65354	1	0.56328	0.73817	1	0.57943	0.69585	1	0.48449	0.53560	11.63621	1.02746	1	0.74525	0.56062	13.37682	1.03512	1	-0.00381	-0.00851	0.65933	0.00302	1	0.06339	-0.01379	0.67850	0.00303	1	1.45898	0.81042	0	
1283279	8654.21484	3307341740752	0.58824	0.69059	8653.86621	0.34863	12253	1	0.59756	0.66562	1	0.55942	0.75346	1	0.57849	0.70954	1	0.48439	0.53571	11.76922	1.02710	1	0.74515	0.56073	13.52619	1.03476	1	-0.00381	-0.00851	0.65933	0.00304	1	0.06339	-0.01379	0.67850	0.00293	1	1.45898	0.81042	0	
1283280	8654.22168	3307341807452	0.58809	0.69034	8653.86621	0.35547	12253	1	0.59722	0.66181	1	0.56032	0.75011	1	0.57877	0.70596	1	0.48472	0.53544	11.62876	1.03476	1	0.74525	0.56046	13.07290	1.04242	1	-0.00382	-0.00866	0.67118	0.00299	1	0.06422	-0.01392	0.68740	0.00304	1	1.45898	0.81042	0	
1283281	8654.22754	3307341873931	0.58805	0.69016	8653.86621	0.36133	12253	1	0.61222	0.63812	1	0.56879	0.70271	1	0.59051	0.67041	1	0.48471	0.53535	11.65934	1.05044	1	0.74526	0.56049	13.05169	1.05044	1	-0.00382	-0.00866	0.67118	0.00306	1	0.06422	-0.01392	0.68740	0.00307	1	1.45898	0.81042	0	
1283282	8654.23438	3307341937737	0.58816	0.69009	8653.86621	0.36816	12253	1	0.61422	0.64105	1	0.57024	0.71987	1	0.59223	0.68046	1	0.48469	0.53537	11.98566	1.05845	1	0.74532	0.56061	13.17092	1.05845	1	-0.00382	-0.00866	0.67118	0.00301	1	0.06422	-0.01392	0.68740	0.00308	1	1.45898	0.81042	0	
1283283	8654.24121	3307342005752	0.58828	0.68994	8653.86621	0.37500	12253	1	0.61399	0.63700	1	0.57124	0.71619	1	0.59261	0.67659	1	0.48477	0.53509	11.61548	1.06647	1	0.74515	0.56024	12.55103	1.06647	1	-0.00382	-0.00866	0.67118	0.00306	1	0.06339	-0.01369	0.67850	0.00298	1	1.45898	0.81042	0	
1283284	8654.24805	3307342075364	0.58796	0.68847	8653.86621	0.38184	12253	1	0.60613	0.60369	1	0.54133	0.68485	1	0.57373	0.64427	1	0.48503	0.53510	11.05114	1.06647	1	0.74523	0.56014	12.67486	1.06647	1	-0.00382	-0.00866	0.67118	0.00314	1	0.06339	-0.01369	0.67850	0.00301	1	1.45898	0.81042	0	
1283285	8654.25488	3307342141996	0.58775	0.68787	8653.86621	0.38867	12253	1	0.61208	0.63036	1	0.53392	0.70421	1	0.57300	0.66729	1	0.48506	0.53503	10.96969	1.06647	1	0.74512	0.56036	12.58775	1.06647	1	-0.00382	-0.00866	0.67118	0.00315	1	0.06339	-0.01369	0.67850	0.00305	1	1.45898	0.81042	0	
1283286	8654.26172	3307342208959	0.58754	0.68727	8653.86621	0.39551	12253	1	0.61208	0.63036	1	0.53322	0.70780	1	0.57265	0.66908	1	0.48500	0.53514	11.10551	1.06647	1	0.74522	0.56029	12.65097	1.05881	1	-0.00382	-0.00866	0.67118	0.00314	1	0.06074	-0.01316	0.64967	0.00306	1	1.45898	0.81042	0	
1283287	8654.26855	3307342276545	0.58700	0.68723	8653.86621	0.40234	12253	1	0.59045	0.66816	1	0.53510	0.70805	1	0.56278	0.68811	1	0.48477	0.53563	11.59038	1.05881	1	0.74522	0.56031	12.78361	1.05115	1	-0.00382	-0.00866	0.67118	0.00292	1	0.06074	-0.01316	0.64967	0.00303	1	1.45898	0.81042	0	
1283288	8654.27441	3307342343681	0.58672	0.68684	8653.86621	0.40820	12253	1	0.61007	0.63648	1	0.53491	0.72307	1	0.57249	0.67978	1	0.48499	0.53513	11.15923	1.05115	1	0.74510	0.56040	12.81387	1.04349	1	-0.00382	-0.00866	0.67118	0.00305	1	0.06074	-0.01316	0.64967	0.00308	1	1.45898	0.81042	0	
1283289	8654.28125	3307342407998	0.58643	0.68645	8653.86621	0.41504	12253	1	0.61032	0.64041	1	0.53491	0.72307	1	0.57262	0.68174	1	0.48499	0.53513	11.15923	1.04349	1	0.74533	0.56044	12.75085	1.04349	1	-0.00382	-0.00861	0.67118	0.00305	1	0.06283	-0.01360	0.67141	0.00305	1	1.45898	0.81042	0	
1283290	8654.28809	3307342477224	0.58613	0.68589	8653.86621	0.42188	12253	1	0.60843	0.62845	1	0.54758	0.72364	1	0.57800	0.67605	1	0.48502	0.53506	11.15852	1.04349	1	0.74536	0.56050	12.76851	1.05115	1	-0.00382	-0.00861	0.67118	0.00300	1	0.06283	-0.01360	0.67141	0.00308	1	1.45898	0.81042	0	
1283291	8654.29492	3307342544204	0.58548	0.68564	8653.86621	0.42871	12253	1	0.57947	0.64376	1	0.54880	0.72269	1	0.56413	0.68322	1	0.48501	0.53501	11.06097	1.05115	1	0.74539	0.56051	12.64023	1.05881	1	-0.00382	-0.00861	0.67118	0.00302	1	0.06283	-0.01360	0.67141	0.00304	1	1.45898	0.81042	0	
1283292	8654.30176	3307342611781	0.58482	0.68538	8653.86621	0.43555	12253	1	0.57901	0.63987	1	0.54961	0.71920	1	0.56431	0.67954	1	0.48506	0.53490	11.04692	1.05881	1	0.74537	0.56073	12.65112	1.06647	1	-0.00382	-0.00861	0.67118	0.00304	1	0.06338	-0.01366	0.67731	0.00304	1	1.45898	0.81042	0	
1283293	8654.30859	3307342678765	0.58391	0.68461	8653.86621	0.44238	12253	1	0.57945	0.61746	1	0.54109	0.72305	1	0.56027	0.67026	1	0.48505	0.53501	11.00177	1.06647	1	0.74535	0.56070	12.54777	1.06647	1	-0.00382	-0.00861	0.67118	0.00303	1	0.06338	-0.01366	0.67731	0.00303	1	1.45898	0.81042	0	
1283294	8654.31543	3307342745191	0.58343	0.68383	8653.86621	0.44922	12253	1	0.58464	0.59817	1	0.54907	0.71348	1	0.56686	0.65583	1	0.48523	0.53489	10.83888	1.06647	1	0.74535	0.56054	12.72165	1.06647	1	-0.00382	-0.00861	0.67118	0.00308	1	0.06338	-0.01366	0.67731	0.00304	1	1.45898	0.81042	0	
1283295	8654.32129	3307342812140	0.58294	0.68306	8653.86621	0.45508	12253	1	0.58464	0.59817	1	0.54907	0.71348	1	0.56686	0.65583	1	0.48530	0.53526	10.88455	1.06647	1	0.74539	0.56069	12.58881	1.06647	1	-0.00382	-0.00861	0.67118	0.00288	1	0.06338	-0.01366	0.67731	0.00301	1	1.45898	0.81042	0	
1283296	8654.32812	3307342879358	0.58225	0.68317	8653.86621	0.46191	12253	1	0.58983	0.66334	1	0.54264	0.73382	1	0.56623	0.69858	1	0.48506	0.53525	11.68177	1.06647	1	0.74513	0.56077	13.28563	1.06647	1	-0.00382	-0.00861	0.67118	0.00297	1	0.06338	-0.01366	0.67731	0.00308	1	1.45898	0.81042	0	
1283297	8654.33496	3307342945636	0.58187	0.68340	8653.86621	0.46875	12253	1	0.61557	0.65524	1	0.51987	0.71870	1	0.56772	0.68697	1	0.48552	0.53553	11.31855	1.06647	1	0.74522	0.56071	12.98434	1.06647	1	-0.00382	-0.00861	0.67118	0.00287	1	0.06338	-0.01366	0.67731	0.00302	1	1.45898	0.81042	0	
1283298	8654.34180	3307343013177	0.58148	0.68371	8653.86621	0.47559	12253	1	0.61579	0.65915	1	0.51865	0.72583	1	0.56722	0.69249	1	0.48543	0.53529	11.17011	1.05845	1	0.74562	0.56065	13.21827	1.05079	1	-0.00373	-0.00851	0.66329	0.00297	1	0.06183	-0.01332	0.66022	0.00297	1	1.45898	0.81042	0	
1283299	8654.34863	3307343080124	0.58135	0.68308	8653.86621	0.48242	12253	1	0.61463	0.66201	1	0.52533	0.71706	1	0.56998	0.68953	1	0.48548	0.53546	11.77342	1.04278	1	0.74541	0.56044	12.38488	1.03512	1	-0.00373	-0.00851	0.66329	0.00294	1	0.06183	-0.01332	0.66022	0.00300	1	1.45898	0.81042	0	
1283300	8654.35547	3307343147080	0.58130	0.68270	8653.86621	0.48926	12253	1	0.61768	0.65115	1	0.54228	0.74546	1	0.57998	0.69830	1	0.48547	0.53499	10.81493	1.02710	1	0.74575	0.56059	12.91120	1.01944	1	-0.00373	-0.00851	0.66329	0.00312	1	0.06183	-0.01332	0.66022	0.00295	1	1.45898	0.81042	0	
1283301	8654.36230	3307343214641	0.58126	0.68233	8653.86621	0.49609	12253	1	0.61789	0.65506	1	0.54149	0.74891	1	0.57969	0.70198	1	0.48523	0.53514	10.84152	1.01944	1	0.74541	0.56028	12.86267	1.01178	1	-0.00382	-0.00866	0.67118	0.00316	1	0.06074	-0.01311	0.64967	0.00298	1	1.45898	0.81042	0	
1283302	8654.36816	3307343281234	0.58130	0.68232	8653.86621	0.50195	12253	1	0.61316	0.64036	1	0.56206	0.78384	1	0.58761	0.71210	1	0.48467	0.53470	9.83529	1.01980	1	0.74528	0.56014	12.67346	1.01980	1	-0.00382	-0.00866	0.67118	0.00294	1	0.06074	-0.01311	0.64967	0.00293	1	1.45898	0.81042	0	
1283303	8654.37500	3307343347974	0.58204	0.68280	8653.86621	0.50879	12253	1	0.65253	0.69810	1	0.59855	0.75729	1	0.62554	0.72769	1	0.48459	0.53485	10.44578	1.02782	1	0.74500	0.55978	13.10360	1.02782	1	-0.00382	-0.00866	0.67118	0.00276	1	0.06074	-0.01311	0.64967	0.00286	1	1.45898	0.81042	0	
1283304	8654.38184	3307343414876	0.58280	0.68320	8653.86621	0.51562	12253	1	0.65257	0.69438	1	0.60100	0.75043	1	0.62678	0.72240	1	0.48038	0.53458	11.35988	1.03583	1	0.74119	0.55772	12.18369	1.04349	1	-0.00446	-0.00850	0.69111	0.00359	1	0.06378	-0.01360	0.68706	0.00337	1	1.45898	0.81042	0	
1283305	8654.38867	3307343481687	0.58028	0.68042	8653.86621	0.52246	12253	1	0.47986	0.59899	1	0.46760	0.56327	1	0.47373	0.58113	1	0.48030	0.53271	11.26348	1.04349	1	0.74079	0.55683	13.00879	1.05115	1	-0.00446	-0.00850	0.69111	0.00316	1	0.06378	-0.01360	0.68706	0.00309	1	1.45898	0.81042	0	
1283306	8654.39551	3307343548953	0.57849	0.67855	8653.86621	0.52930	12253	1	0.50179	0.55876	1	0.52292	0.59295	1	0.51236	0.57586	1	0.47992	0.53197	11.08611	1.05115	1	0.74067	0.55633	13.03252	1.05881	1	-0.00446	-0.00850	0.69111	0.00286	1	0.06378	-0.01360	0.68706	0.00286	1	1.45898	0.81042	0	
1283307	8654.40234	3307343615912	0.57669	0.67676	8653.86621	0.53613	12253	1	0.50184	0.55897	1	0.52289	0.59316	1	0.51236	0.57607	1	0.47584	0.52814	10.06439	1.05079	1	0.73670	0.55455	13.27759	1.05845	1	-0.00483	-0.00787	0.66377	0.00233	1	0.06145	-0.01293	0.67062	0.00377	1	1.45898	0.81042	0	
1283308	8654.40918	3307343682956	0.54128	0.64529	8653.86621	0.53613	12253	0	0.27156	0.32625	1	0.31308	0.43154	1	0.29232	0.37889	1	0.47542	0.52815	10.87261	1.05044	1	0.73590	0.55414	12.21636	1.05044	1	-0.00483	-0.00787	0.66377	0.00249	1	0.06145	-0.01293	0.67062	0.00349	1	1.45898	0.81042	0	
1283309	8654.41504	3307343749964	0.41595	0.52805	8653.86621	0.53613	12253	0	0.26827	0.35243	1	0.31298	0.46921	1	0.29063	0.41082	1	0.47525	0.52820	10.84413	1.04242	1	0.73592	0.55406	12.33073	1.04242	1	-0.00483	-0.00787	0.66377	0.00246	1	0.06145	-0.01293	0.67062	0.00362	1	1.45898	0.81042	0	
1283310	8654.42188	3307343817158	0.37401	0.48798	8653.86621	0.53613	12253	0	0.26827	0.35243	1	0.31200	0.46320	1	0.29013	0.40782	1	0.47494	0.52802	11.08896	1.04242	1	0.73516	0.55399	12.43022	1.05110	1	-0.00508	-0.00802	0.67704	0.00238	1	0.06516	-0.01363	0.71281	0.00386	1	1.45898	0.81042	0	
1283311	8654.42871	3307343884496	0.27929	0.39713	8653.86621	0.53613	12253	0	0.24173	0.31393	1	0.27247	0.43156	1	0.25710	0.37275	1	0.47500	0.52807	11.00135	1.05912	1	0.73560	0.55415	13.57253	1.06780	1	-0.00508	-0.00802	0.67704	0.00240	1	0.06516	-0.01363	0.71281	0.00361	1	1.45898	0.81042	0	
1283312	8654.43555	3307343948768	0.26494	0.36233	8653.86621	0.53613	12253	0	0.22872	0.25376	1	0.27245	0.40128	1	0.25058	0.32752	1	0.47492	0.52808	10.98931	1.07581	1	0.73566	0.55404	13.21448	1.08450	1	-0.00508	-0.00802	0.67704	0.00242	1	0.06516	-0.01363	0.71281	0.00361	1	1.45898	0.81042	0	
1283313	8654.44238	3307344017073	0.25831	0.34488	8653.86621	0.53613	12253	0	0.22012	0.23107	1	0.26998	0.38892	1	0.24505	0.31000	1	0.47497	0.52813	10.98038	1.10160	1	0.73564	0.55424	12.82526	1.10160	1	-0.00522	-0.00834	0.70385	0.00237	1	0.06261	-0.01312	0.68326	0.00360	1	1.45898	0.81042	0	
1283314	8654.44824	3307344082128	0.25456	0.34158	8654.42871	0.01953	12254	1	0.21240	0.25913	1	0.27421	0.40420	1	0.24331	0.33167	1	0.47491	0.52803	11.05453	1.11068	1	0.73567	0.55412	12.79571	1.10200	1	-0.00522	-0.00834	0.70385	0.00236	1	0.06261	-0.01312	0.68326	0.00355	1	1.45898	0.81042	0	
1283315	8654.45508	3307344149074	0.25200	0.33629	8654.42871	0.02637	12254	1	0.21728	0.22337	1	0.26632	0.40689	1	0.24180	0.31513	1	0.47496	0.52814	10.99531	1.11109	1	0.73565	0.55437	12.94193	1.10241	1	-0.00522	-0.00834	0.70385	0.00238	1	0.06261	-0.01312	0.68326	0.00360	1	1.45898	0.81042	0	
1283316	8654.46191	3307344216408	0.25029	0.33271	8654.42871	0.03320	12254	1	0.21714	0.22301	1	0.26626	0.40660	1	0.24170	0.31481	1	0.47490	0.52810	11.00778	1.11149	1	0.73563	0.55427	12.81380	1.10281	1	-0.00522	-0.00834	0.70385	0.00243	1	0.06145	-0.01283	0.67062	0.00361	1	1.45898	0.81042	0	
1283317	8654.46875	3307344285761	0.24912	0.32197	8654.42871	0.04004	12254	1	0.22793	0.21058	1	0.25635	0.30447	1	0.24214	0.25752	1	0.47500	0.52805	10.89533	1.10281	1	0.73544	0.55329	12.49818	1.10281	1	-0.00522	-0.00834	0.70385	0.00251	1	0.06145	-0.01283	0.67062	0.00409	1	1.45898	0.81042	0	
1283318	8654.47559	3307344352543	0.24829	0.31949	8654.42871	0.04688	12254	1	0.21216	0.20959	1	0.27277	0.39470	1	0.24247	0.30214	1	0.47483	0.52798	11.21318	1.10281	1	0.73574	0.55413	13.00664	1.10281	1	-0.00522	-0.00834	0.70385	0.00255	1	0.06145	-0.01283	0.67062	0.00368	1	1.45898	0.81042	0	
1283319	8654.48242	3307344419962	0.24782	0.31803	8654.42871	0.05371	12254	1	0.21523	0.21776	1	0.27283	0.39499	1	0.24403	0.30638	1	0.47504	0.52807	10.88167	1.09373	1	0.73600	0.55424	12.19481	1.10241	1	-0.00499	-0.00805	0.67897	0.00242	1	0.06474	-0.01355	0.70597	0.00362	1	1.45898	0.81042	0	
1283320	8654.48926	3307344484204	0.24750	0.32029	8654.42871	0.06055	12254	1	0.22759	0.28747	1	0.26162	0.39378	1	0.24460	0.34063	1	0.47500	0.52807	11.00135	1.09332	1	0.73601	0.55412	12.29447	1.10200	1	-0.00499	-0.00805	0.67897	0.00240	1	0.06474	-0.01355	0.70597	0.00357	1	1.45898	0.81042	0	
1283321	8654.49512	3307344549564	0.24732	0.32194	8654.42871	0.06641	12254	1	0.23215	0.27398	1	0.25894	0.40286	1	0.24555	0.33842	1	0.47506	0.52804	11.12837	1.09292	1	0.73592	0.55415	12.25615	1.10160	1	-0.00499	-0.00805	0.67897	0.00243	1	0.06474	-0.01355	0.70597	0.00357	1	1.45898	0.81042	0	
1283322	8654.50195	3307344617447	0.24723	0.32360	8654.42871	0.07324	12254	1	0.23228	0.27432	1	0.26034	0.40930	1	0.24631	0.34181	1	0.47510	0.52786	11.15463	1.09251	1	0.73614	0.55421	12.54076	1.09251	1	-0.00499	-0.00805	0.67897	0.00248	1	0.06261	-0.01312	0.68326	0.00375	1	1.45898	0.81042	0	
1283323	8654.50879	3307344687759	0.24763	0.32214	8654.42871	0.08008	12254	1	0.23210	0.20424	1	0.27273	0.40515	1	0.25242	0.30470	1	0.47510	0.52794	11.23567	1.09251	1	0.73613	0.55410	12.57546	1.08383	1	-0.00499	-0.00805	0.67897	0.00245	1	0.06261	-0.01312	0.68326	0.00377	1	1.45898	0.81042	0	
1283324	8654.51562	3307344754322	0.24820	0.32442	8654.42871	0.08691	12254	1	0.23725	0.27585	1	0.27396	0.43226	1	0.25561	0.35406	1	0.47505	0.52792	11.17811	1.08383	1	0.73612	0.55439	12.53524	1.07515	1	-0.00499	-0.00805	0.67897	0.00244	1	0.06261	-0.01312	0.68326	0.00377	1	1.45898	0.81042	0	
1283325	8654.52246	3307344821576	0.24883	0.32685	8654.42871	0.09375	12254	1	0.24010	0.28324	1	0.27521	0.43835	1	0.25765	0.36080	1	0.47519	0.52789	11.14421	1.07515	1	0.73624	0.55453	12.66124	1.06647	1	-0.00499	-0.00805	0.67897	0.00251	1	0.06304	-0.01319	0.68689	0.00364	1	1.45898	0.81042	0	
1283326	8654.52930	3307344888703	0.25001	0.32922	8654.42871	0.10059	12254	1	0.24243	0.28700	1	0.29285	0.44274	1	0.26764	0.36487	1	0.47510	0.52794	11.23567	1.06647	1	0.73630	0.55436	12.45510	1.06647	1	-0.00499	-0.00805	0.67897	0.00245	1	0.06304	-0.01319	0.68689	0.00367	1	1.45898	0.81042	0	
1283327	8654.53613	3307344955249	0.25082	0.33063	8654.42871	0.10742	12254	1	0.24285	0.27949	1	0.28488	0.42661	1	0.26387	0.35305	1	0.47519	0.52797	10.97815	1.06647	1	0.73629	0.55437	12.50642	1.06647	1	-0.00499	-0.00805	0.67897	0.00251	1	0.06304	-0.01319	0.68689	0.00371	1	1.45898	0.81042	0	
1283328	8654.54297	3307345022695	0.25155	0.33187	8654.42871	0.11426	12254	1	0.24285	0.27949	1	0.28488	0.42661	1	0.26387	0.35305	1	0.47509	0.52783	11.26430	1.06647	1	0.73627	0.55442	12.72241	1.06647	1	-0.00499	-0.00805	0.67897	0.00247	1	0.06261	-0.01312	0.68326	0.00368	1	1.45898	0.81042	0	
1283329	8654.54980	3307345089530	0.25228	0.33376	8654.42871	0.12109	12254	1	0.24043	0.28357	1	0.29047	0.45203	1	0.26545	0.36780	1	0.47503	0.52780	11.40861	1.06647	1	0.73638	0.55454	12.75079	1.06647	1	-0.00499	-0.00805	0.67897	0.00246	1	0.06261	-0.01312	0.68326	0.00369	1	1.45898	0.81042	0	
1283330	8654.55566	3307345156195	0.25216	0.33313	8654.42871	0.12695	12254	1	0.23500	0.29579	1	0.26474	0.34660	1	0.24987	0.32119	1	0.47490	0.52787	11.34471	1.06647	1	0.73586	0.55333	12.06487	1.06647	1	-0.00499	-0.00805	0.67897	0.00255	1	0.06261	-0.01312	0.68326	0.00396	1	1.45898	0.81042	0	
1283331	8654.56250	3307345223475	0.25214	0.33288	8654.42871	0.13379	12254	1	0.23769	0.30258	1	0.26597	0.35289	1	0.25183	0.32773	1	0.47473	0.52781	11.43494	1.05845	1	0.73568	0.55381	11.70623	1.05845	1	-0.00486	-0.00772	0.65533	0.00245	1	0.06145	-0.01283	0.67062	0.00400	1	1.45898	0.81042	0	
1283332	8654.56934	3307345290187	0.25228	0.33432	8654.42871	0.14062	12254	1	0.23571	0.30192	1	0.27469	0.42753	1	0.25520	0.36473	1	0.47472	0.52802	11.40304	1.05044	1	0.73567	0.55425	12.80014	1.05044	1	-0.00486	-0.00772	0.65533	0.00249	1	0.06145	-0.01283	0.67062	0.00361	1	1.45898	0.81042	0	
1283333	8654.57617	3307345357291	0.25247	0.33702	8654.42871	0.14746	12254	1	0.26648	0.31552	1	0.24682	0.47733	1	0.25665	0.39642	1	0.47476	0.52795	11.39222	1.04242	1	0.73559	0.55409	12.76039	1.04242	1	-0.00486	-0.00772	0.65533	0.00244	1	0.06145	-0.01283	0.67062	0.00358	1	1.45898	0.81042	0	
1283334	8654.58301	3307345424695	0.25273	0.33975	8654.42871	0.15430	12254	1	0.26904	0.32229	1	0.24822	0.48278	1	0.25863	0.40253	1	0.47472	0.52781	11.40546	1.03440	1	0.73568	0.55429	12.61518	1.03440	1	-0.00494	-0.00788	0.66506	0.00245	1	0.06261	-0.01312	0.68326	0.00379	1	1.45898	0.81042	0	
1283335	8654.58984	3307345490266	0.25259	0.34019	8654.42871	0.16113	12254	1	0.25617	0.33584	1	0.24209	0.36564	1	0.24913	0.35074	1	0.47476	0.52794	11.59879	1.03440	1	0.73540	0.55318	12.49170	1.03440	1	-0.00494	-0.00788	0.66506	0.00248	1	0.06261	-0.01312	0.68326	0.00436	1	1.45898	0.81042	0	
1283336	8654.59668	3307345557995	0.25257	0.34122	8654.42871	0.16797	12254	1	0.25420	0.30953	1	0.25031	0.42409	1	0.25226	0.36681	1	0.47483	0.52778	11.58875	1.03440	1	0.73558	0.55406	12.54344	1.03440	1	-0.00494	-0.00788	0.66506	0.00240	1	0.06261	-0.01312	0.68326	0.00394	1	1.45898	0.81042	0	
1283337	8654.60254	3307345625232	0.25249	0.34193	8654.42871	0.17383	12254	1	0.25156	0.30265	1	0.24893	0.41820	1	0.25024	0.36042	1	0.47471	0.52785	11.38836	1.04242	1	0.73530	0.55317	12.17237	1.04242	1	-0.00511	-0.00802	0.68127	0.00248	1	0.06145	-0.01283	0.67062	0.00420	1	1.45898	0.81042	0	
1283338	8654.60938	3307345692468	0.25276	0.34186	8654.42871	0.18066	12254	1	0.25561	0.27713	1	0.26456	0.40279	1	0.26008	0.33996	1	0.47455	0.52783	11.69599	1.05044	1	0.73546	0.55376	12.74605	1.05044	1	-0.00511	-0.00802	0.68127	0.00254	1	0.06145	-0.01283	0.67062	0.00362	1	1.45898	0.81042	0	
1283339	8654.61621	3307345759205	0.25314	0.34214	8654.42871	0.18750	12254	1	0.26418	0.28670	1	0.26341	0.41338	1	0.26380	0.35004	1	0.47456	0.52790	11.71848	1.05845	1	0.73552	0.55405	12.56223	1.05845	1	-0.00511	-0.00802	0.68127	0.00253	1	0.06145	-0.01283	0.67062	0.00372	1	1.45898	0.81042	0	
1283340	8654.62305	3307345826321	0.25343	0.34219	8654.42871	0.19434	12254	1	0.26167	0.27980	1	0.26216	0.40753	1	0.26191	0.34367	1	0.47446	0.52784	11.38859	1.06647	1	0.73568	0.55404	12.75011	1.06647	1	-0.00511	-0.00802	0.68127	0.00257	1	0.06145	-0.01283	0.67062	0.00370	1	1.45898	0.81042	0	
1283341	8654.62988	3307345891452	0.25369	0.34216	8654.42871	0.20117	12254	1	0.25057	0.28042	1	0.27249	0.40214	1	0.26153	0.34128	1	0.47456	0.52785	11.39016	1.06647	1	0.73572	0.55382	12.54282	1.06647	1	-0.00511	-0.00802	0.68127	0.00255	1	0.06145	-0.01283	0.67062	0.00368	1	1.45898	0.81042	0	
1283342	8654.63672	3307345961359	0.25390	0.34223	8654.42871	0.20801	12254	1	0.24853	0.29082	1	0.27197	0.39801	1	0.26025	0.34441	1	0.47449	0.52802	11.54400	1.06647	1	0.73560	0.55381	12.69560	1.06647	1	-0.00511	-0.00802	0.68127	0.00249	1	0.06145	-0.01283	0.67062	0.00368	1	1.45898	0.81042	0	
1283343	8654.64355	3307346026592	0.25409	0.34230	8654.42871	0.21484	12254	1	0.24853	0.29082	1	0.27197	0.39801	1	0.26025	0.34441	1	0.47438	0.52793	11.49149	1.06647	1	0.73560	0.55388	12.79499	1.06647	1	-0.00511	-0.00802	0.68127	0.00247	1	0.06145	-0.01283	0.67062	0.00370	1	1.45898	0.81042	0	
1283344	8654.64941	3307346093967	0.25441	0.34240	8654.42871	0.22070	12254	1	0.25524	0.28308	1	0.27484	0.40838	1	0.26504	0.34573	1	0.47446	0.52784	11.38859	1.06647	1	0.73573	0.55383	12.82565	1.06647	1	-0.00511	-0.00802	0.68127	0.00257	1	0.06145	-0.01283	0.67062	0.00367	1	1.45898	0.81042	0	
1283345	8654.65625	3307346161370	0.25481	0.34254	8654.42871	0.22754	12254	1	0.26561	0.29264	1	0.27106	0.40169	1	0.26834	0.34716	1	0.47453	0.52791	11.07654	1.06647	1	0.73550	0.55388	12.76087	1.06647	1	-0.00511	-0.00802	0.68127	0.00258	1	0.06145	-0.01283	0.67062	0.00367	1	1.45898	0.81042	0	
1283346	8654.66309	3307346224456	0.25519	0.34266	8654.42871	0.23438	12254	1	0.26561	0.29264	1	0.27106	0.40169	1	0.26834	0.34716	1	0.47438	0.52776	11.64111	1.06647	1	0.73547	0.55391	12.93235	1.06647	1	-0.00525	-0.00813	0.68588	0.00256	1	0.06145	-0.01283	0.67062	0.00370	1	1.45898	0.81042	0	
1283347	8654.66992	3307346295055	0.25493	0.34367	8654.42871	0.24121	12254	1	0.24242	0.29752	1	0.24920	0.46218	1	0.24581	0.37985	1	0.47432	0.52792	11.64361	1.06647	1	0.73531	0.55455	13.22887	1.06647	1	-0.00525	-0.00813	0.68588	0.00249	1	0.06145	-0.01283	0.67062	0.00366	1	1.45898	0.81042	0	
1283348	8654.67676	3307346360536	0.25518	0.34409	8654.42871	0.24805	12254	1	0.23654	0.29336	1	0.29205	0.42633	1	0.26429	0.35985	1	0.47421	0.52796	11.70047	1.06647	1	0.73566	0.55424	12.31176	1.06647	1	-0.00525	-0.00813	0.68588	0.00246	1	0.06145	-0.01283	0.67062	0.00370	1	1.45898	0.81042	0	
1283349	8654.68359	3307346429451	0.25541	0.34450	8654.42871	0.25488	12254	1	0.23654	0.29336	1	0.29205	0.42633	1	0.26429	0.35985	1	0.47412	0.52787	11.34471	1.06647	1	0.73528	0.55393	12.28036	1.06647	1	-0.00515	-0.00793	0.67320	0.00255	1	0.06206	-0.01294	0.67948	0.00367	1	1.45898	0.81042	0	
1283350	8654.69043	3307346496249	0.25542	0.34513	8654.42871	0.26172	12254	1	0.23905	0.29832	1	0.27280	0.44094	1	0.25593	0.36963	1	0.47412	0.52795	11.53606	1.06647	1	0.73518	0.55449	12.55878	1.06647	1	-0.00515	-0.00793	0.67320	0.00253	1	0.06206	-0.01294	0.67948	0.00371	1	1.45898	0.81042	0	
1283351	8654.69727	3307346563037	0.25537	0.34523	8654.42871	0.26855	12254	1	0.24256	0.28590	1	0.26358	0.41304	1	0.25307	0.34947	1	0.47419	0.52786	11.32707	1.06647	1	0.73509	0.55414	12.56340	1.06647	1	-0.00515	-0.00793	0.67320	0.00258	1	0.06206	-0.01294	0.67948	0.00388	1	1.45898	0.81042	0	
1283352	8654.70312	3307346630516	0.25536	0.34548	8654.42871	0.27441	12254	1	0.24519	0.29276	1	0.26482	0.41885	1	0.25501	0.35581	1	0.47412	0.52787	11.34471	1.05845	1	0.73524	0.55417	12.28337	1.05845	1	-0.00506	-0.00777	0.65529	0.00255	1	0.06206	-0.01294	0.67948	0.00376	1	1.45898	0.81042	0	
1283353	8654.70996	3307346695369	0.25471	0.34653	8654.42871	0.28125	12254	1	0.21900	0.29900	1	0.23599	0.48219	1	0.22749	0.39060	1	0.47395	0.52789	11.40193	1.05044	1	0.73464	0.55422	13.16678	1.05044	1	-0.00506	-0.00777	0.65529	0.00255	1	0.06206	-0.01294	0.67948	0.00376	1	1.45898	0.81042	0	
1283354	8654.71680	3307346763965	0.25463	0.34701	8654.42871	0.28809	12254	1	0.26319	0.31047	1	0.23887	0.42477	1	0.25103	0.36762	1	0.47402	0.52789	11.65385	1.04242	1	0.73470	0.55422	12.93593	1.04242	1	-0.00506	-0.00777	0.65529	0.00244	1	0.06206	-0.01294	0.67948	0.00376	1	1.45898	0.81042	0	
1283355	8654.72363	3307346830788	0.25459	0.34761	8654.42871	0.29492	12254	1	0.26576	0.31729	1	0.24033	0.43061	1	0.25305	0.37395	1	0.47399	0.52786	11.61162	1.03440	1	0.73464	0.55412	13.20817	1.03440	1	-0.00506	-0.00777	0.65529	0.00243	1	0.06206	-0.01294	0.67948	0.00375	1	1.45898	0.81042	0	
1283356	8654.73047	3307346898372	0.25491	0.34871	8654.42871	0.30176	12254	1	0.27718	0.32614	1	0.26167	0.47028	1	0.26943	0.39821	1	0.47387	0.52808	11.58454	1.03440	1	0.73467	0.55410	13.26701	1.03440	1	-0.00506	-0.00777	0.65529	0.00250	1	0.06206	-0.01294	0.67948	0.00374	1	1.45898	0.81042	0	
1283357	8654.73730	3307346964953	0.25505	0.34950	8654.42871	0.30859	12254	1	0.27087	0.32197	1	0.25209	0.44981	1	0.26148	0.38589	1	0.47377	0.52807	11.68247	1.03440	1	0.73483	0.55385	12.79017	1.03440	1	-0.00506	-0.00777	0.65529	0.00247	1	0.06206	-0.01294	0.67948	0.00376	1	1.45898	0.81042	0	
1283358	8654.74414	3307347031813	0.25515	0.35013	8654.42871	0.31543	12254	1	0.26833	0.31520	1	0.25072	0.44411	1	0.25953	0.37966	1	0.47360	0.52799	11.35021	1.04242	1	0.73462	0.55414	12.71622	1.04242	1	-0.00529	-0.00804	0.67845	0.00250	1	0.06190	-0.01296	0.67777	0.00380	1	1.45898	0.81042	0	
1283359	8654.75000	3307347099021	0.25483	0.34988	8654.42871	0.32129	12254	1	0.26499	0.29189	1	0.26266	0.47801	1	0.26383	0.38495	1	0.47375	0.52795	11.76638	1.05044	1	0.73468	0.55413	12.75398	1.05044	1	-0.00529	-0.00804	0.67845	0.00255	1	0.06190	-0.01296	0.67777	0.00375	1	1.45898	0.81042	0	
1283360	8654.75684	3307347165851	0.25498	0.35024	8654.42871	0.32812	12254	1	0.25436	0.29925	1	0.26123	0.39047	1	0.25780	0.34486	1	0.47376	0.52813	11.80891	1.05845	1	0.73472	0.55377	12.71934	1.05845	1	-0.00529	-0.00804	0.67845	0.00251	1	0.06190	-0.01296	0.67777	0.00372	1	1.45898	0.81042	0	
1283361	8654.76367	3307347233937	0.25520	0.35083	8654.42871	0.33496	12254	1	0.25178	0.29245	1	0.25996	0.38446	1	0.25587	0.33845	1	0.47360	0.52815	11.79389	1.06647	1	0.73469	0.55418	12.78964	1.06647	1	-0.00546	-0.00815	0.68756	0.00245	1	0.06206	-0.01294	0.67948	0.00372	1	1.45898	0.81042	0	
1283362	8654.77051	3307347300191	0.25569	0.35118	8654.42871	0.34180	12254	1	0.24625	0.25370	1	0.28684	0.44312	1	0.26655	0.34841	1	0.47360	0.52805	11.51114	1.06647	1	0.73477	0.55393	12.92067	1.06647	1	-0.00546	-0.00815	0.68756	0.00253	1	0.06206	-0.01294	0.67948	0.00365	1	1.45898	0.81042	0	
1283363	8654.77734	3307347367307	0.25642	0.35135	8654.42871	0.34863	12254	1	0.24307	0.25022	1	0.31145	0.39662	1	0.27726	0.32342	1	0.47351	0.52803	12.06227	1.06647	1	0.73502	0.55394	12.68020	1.06647	1	-0.00546	-0.00815	0.68756	0.00247	1	0.06206	-0.01294	0.67948	0.00363	1	1.45898	0.81042	0	
1283364	8654.78418	3307347433194	0.25720	0.35167	8654.42871	0.35547	12254	1	0.24569	0.25735	1	0.31235	0.40257	1	0.27902	0.32996	1	0.47331	0.52805	11.71944	1.05845	1	0.73466	0.55402	12.72237	1.05845	1	-0.00536	-0.00792	0.66812	0.00255	1	0.06204	-0.01296	0.68042	0.00378	1	1.45898	0.81042	0	
1283365	8654.79102	3307347501408	0.25740	0.35453	8654.42871	0.36230	12254	1	0.22163	0.29149	1	0.28171	0.49813	1	0.25167	0.39481	1	0.47324	0.52820	11.67892	1.05044	1	0.73460	0.55439	12.71939	1.05044	1	-0.00536	-0.00792	0.66812	0.00248	1	0.06204	-0.01296	0.68042	0.00376	1	1.45898	0.81042	0	
1283366	8654.79688	3307347568367	0.25781	0.35631	8654.42871	0.36816	12254	1	0.24814	0.27877	1	0.27658	0.49670	1	0.26236	0.38773	1	0.47324	0.52820	11.67892	1.04242	1	0.73449	0.55434	13.51496	1.04242	1	-0.00536	-0.00792	0.66812	0.00248	1	0.06204	-0.01296	0.68042	0.00376	1	1.45898	0.81042	0	
1283367	8654.80371	3307347634737	0.25824	0.35814	8654.42871	0.37500	12254	1	0.25080	0.28584	1	0.27776	0.50201	1	0.26428	0.39392	1	0.47308	0.52831	11.72388	1.03440	1	0.73408	0.55438	13.13876	1.03440	1	-0.00536	-0.00792	0.66812	0.00248	1	0.06125	-0.01277	0.67290	0.00384	1	1.45898	0.81042	0	
1283368	8654.81055	3307347701803	0.25806	0.35925	8654.42871	0.38184	12254	1	0.23742	0.28980	1	0.23468	0.49829	1	0.23605	0.39405	1	0.47301	0.52824	11.58436	1.03440	1	0.73381	0.55429	13.09197	1.03440	1	-0.00536	-0.00792	0.66812	0.00248	1	0.06125	-0.01277	0.67290	0.00390	1	1.45898	0.81042	0	
1283369	8654.81738	3307347768699	0.25846	0.36031	8654.42871	0.38867	12254	1	0.26795	0.30708	1	0.26183	0.47208	1	0.26489	0.38958	1	0.47304	0.52827	11.61743	1.03440	1	0.73394	0.55397	12.97377	1.03440	1	-0.00536	-0.00792	0.66812	0.00247	1	0.06125	-0.01277	0.67290	0.00386	1	1.45898	0.81042	0	
1283370	8654.82422	3307347836135	0.25881	0.36118	8654.42871	0.39551	12254	1	0.26540	0.30019	1	0.26054	0.46654	1	0.26297	0.38337	1	0.47305	0.52821	11.59712	1.04242	1	0.73369	0.55367	12.55378	1.04242	1	-0.00552	-0.00808	0.68167	0.00251	1	0.06125	-0.01277	0.67290	0.00408	1	1.45898	0.81042	0	
1283371	8654.83105	3307347902740	0.25887	0.36267	8654.42871	0.40234	12254	1	0.25389	0.27842	1	0.25682	0.47367	1	0.25536	0.37604	1	0.47287	0.52824	11.44626	1.05044	1	0.73380	0.55403	12.88238	1.05044	1	-0.00552	-0.00808	0.68167	0.00245	1	0.06125	-0.01277	0.67290	0.00375	1	1.45898	0.81042	0	
1283372	8654.83691	3307347968965	0.25869	0.36261	8654.42871	0.40820	12254	1	0.24780	0.28987	1	0.24652	0.41321	1	0.24716	0.35154	1	0.47286	0.52827	11.44870	1.05845	1	0.73360	0.55360	12.70220	1.05845	1	-0.00552	-0.00808	0.68167	0.00248	1	0.06125	-0.01277	0.67290	0.00403	1	1.45898	0.81042	0	
1283373	8654.84375	3307348033853	0.25847	0.36242	8654.42871	0.41504	12254	1	0.24780	0.28987	1	0.24652	0.41321	1	0.24716	0.35154	1	0.47287	0.52826	11.48760	1.05845	1	0.73393	0.55323	12.44873	1.05845	1	-0.00542	-0.00787	0.66375	0.00246	1	0.06125	-0.01277	0.67290	0.00398	1	1.45898	0.81042	0	
1283374	8654.85059	3307348102849	0.25810	0.36208	8654.42871	0.42188	12254	1	0.24719	0.28769	1	0.25213	0.40935	1	0.24966	0.34852	1	0.47271	0.52823	11.16305	1.05044	1	0.73372	0.55331	12.49789	1.05044	1	-0.00542	-0.00787	0.66375	0.00245	1	0.06125	-0.01277	0.67290	0.00399	1	1.45898	0.81042	0	
1283375	8654.85742	3307348167853	0.25789	0.36187	8654.42871	0.42871	12254	1	0.25313	0.27983	1	0.25487	0.40561	1	0.25400	0.34272	1	0.47280	0.52828	11.43276	1.04242	1	0.73371	0.55331	12.67817	1.04242	1	-0.00542	-0.00787	0.66375	0.00246	1	0.06125	-0.01277	0.67290	0.00399	1	1.45898	0.81042	0	
1283376	8654.86426	3307348236196	0.25769	0.36165	8654.42871	0.43555	12254	1	0.25313	0.27983	1	0.25487	0.40561	1	0.25400	0.34272	1	0.47279	0.52824	11.33434	1.04242	1	0.73376	0.55418	12.77369	1.04242	1	-0.00561	-0.00806	0.68055	0.00243	1	0.06125	-0.01277	0.67290	0.00388	1	1.45898	0.81042	0	
1283377	8654.87109	3307348303302	0.25730	0.36199	8654.42871	0.44238	12254	1	0.24677	0.28928	1	0.24637	0.47917	1	0.24657	0.38423	1	0.47279	0.52824	11.33434	1.05044	1	0.73374	0.55416	12.93965	1.05044	1	-0.00561	-0.00806	0.68055	0.00243	1	0.06125	-0.01277	0.67290	0.00389	1	1.45898	0.81042	0	
1283378	8654.87695	3307348368956	0.25743	0.36266	8654.42871	0.44824	12254	1	0.25397	0.27060	1	0.25892	0.43601	1	0.25645	0.35330	1	0.47286	0.52815	11.34048	1.05845	1	0.73387	0.55378	12.84514	1.05845	1	-0.00561	-0.00806	0.68055	0.00252	1	0.06125	-0.01277	0.67290	0.00379	1	1.45898	0.81042	0	
1283379	8654.88477	3307348438230	0.25749	0.36306	8654.42871	0.45605	12254	1	0.25140	0.26357	1	0.25764	0.43034	1	0.25452	0.34695	1	0.47279	0.52797	11.39234	1.06647	1	0.73382	0.55379	12.89051	1.06647	1	-0.00561	-0.00806	0.68055	0.00249	1	0.06177	-0.01290	0.67974	0.00383	1	1.45898	0.81042	0	
1283380	8654.89062	3307348503820	0.25736	0.36309	8654.42871	0.46191	12254	1	0.24259	0.29670	1	0.25545	0.43517	1	0.24902	0.36593	1	0.47283	0.52806	11.14067	1.06647	1	0.73384	0.55378	12.82573	1.06647	1	-0.00561	-0.00806	0.68055	0.00250	1	0.06177	-0.01290	0.67974	0.00381	1	1.45898	0.81042	0	
1283381	8654.89746	3307348568315	0.25715	0.36217	8654.42871	0.46875	12254	1	0.24343	0.29143	1	0.25012	0.41355	1	0.24677	0.35249	1	0.47276	0.52800	11.29810	1.06647	1	0.73369	0.55361	12.87412	1.06647	1	-0.00561	-0.00806	0.68055	0.00254	1	0.06177	-0.01290	0.67974	0.00383	1	1.45898	0.81042	0	
1283382	8654.90430	3307348636304	0.25691	0.36113	8654.42871	0.47559	12254	1	0.24343	0.29143	1	0.25012	0.41355	1	0.24677	0.35249	1	0.47275	0.52794	11.28273	1.06647	1	0.73366	0.55359	12.72794	1.06647	1	-0.00561	-0.00806	0.68055	0.00249	1	0.06177	-0.01290	0.67974	0.00385	1	1.45898	0.81042	0	
1283383	8654.91113	3307348707340	0.25689	0.36075	8654.42871	0.48242	12254	1	0.24373	0.23566	1	0.25318	0.42980	1	0.24846	0.33273	1	0.47275	0.52794	11.28273	1.06647	1	0.73375	0.55375	12.79409	1.06647	1	-0.00561	-0.00806	0.68055	0.00248	1	0.06177	-0.01290	0.67974	0.00387	1	1.45898	0.81042	0	
1283384	8654.91797	3307348773905	0.25655	0.35999	8654.42871	0.48926	12254	1	0.22115	0.26594	1	0.25016	0.39395	1	0.23565	0.32994	1	0.47278	0.52814	11.04528	1.06647	1	0.73371	0.55351	12.69266	1.06647	1	-0.00561	-0.00806	0.68055	0.00241	1	0.06177	-0.01290	0.67974	0.00381	1	1.45898	0.81042	0	
1283385	8654.92480	3307348838417	0.25626	0.35941	8654.42871	0.49609	12254	1	0.22115	0.26594	1	0.25144	0.39962	1	0.23629	0.33278	1	0.47501	0.53145	11.87977	1.06647	1	0.73507	0.55465	12.47669	1.05881	1	-0.00529	-0.00824	0.67845	0.00371	1	0.06067	-0.01282	0.66486	0.00339	1	1.45898	0.81042	0	
1283386	8654.93164	3307348907197	0.25679	0.36074	8654.42871	0.50293	12254	1	0.27911	0.28728	1	0.29206	0.52038	1	0.28559	0.40383	1	0.47488	0.52977	10.16480	1.05881	1	0.73561	0.55567	13.08050	1.05115	1	-0.00529	-0.00824	0.67845	0.00226	1	0.06067	-0.01282	0.66486	0.00379	1	1.45898	0.81042	0	
1283387	8654.93750	3307348974809	0.25648	0.36103	8654.42871	0.50879	12254	1	0.23702	0.28037	1	0.26118	0.44765	1	0.24910	0.36401	1	0.47500	0.52972	9.98321	1.05115	1	0.73581	0.55592	12.89432	1.04349	1	-0.00529	-0.00824	0.67845	0.00236	1	0.06067	-0.01282	0.66486	0.00376	1	1.45898	0.81042	0	
1283388	8654.94434	3307349041643	0.25624	0.36153	8654.42871	0.51562	12254	1	0.23961	0.28706	1	0.26118	0.44765	1	0.25040	0.36735	1	0.47843	0.53430	11.60908	1.04349	1	0.73810	0.55791	12.69018	1.04349	1	-0.00492	-0.00856	0.68343	0.00316	1	0.06304	-0.01365	0.68689	0.00311	1	1.45898	0.81042	0	
1283389	8654.95117	3307349108593	0.25882	0.36733	8654.42871	0.52246	12254	1	0.41105	0.64383	1	0.35982	0.59616	1	0.38543	0.61999	1	0.47848	0.53503	11.40684	1.04349	1	0.73758	0.55801	12.69306	1.05115	1	-0.00492	-0.00856	0.68343	0.00316	1	0.06304	-0.01365	0.68689	0.00323	1	1.45898	0.81042	0	
1283390	8654.95801	3307349175024	0.27290	0.39755	8654.42871	0.52246	12254	0	0.42313	0.64002	1	0.35050	0.56407	1	0.38682	0.60204	1	0.47862	0.53488	11.80347	1.05115	1	0.73741	0.55808	12.79642	1.05881	1	-0.00492	-0.00856	0.68343	0.00314	1	0.06304	-0.01365	0.68689	0.00338	1	1.45898	0.81042	0	
1283391	8654.96484	3307349242301	0.33003	0.50103	8654.42871	0.52246	12254	0	0.42320	0.64020	1	0.35113	0.56884	1	0.38716	0.60452	1	0.47854	0.53530	11.45174	1.05079	1	0.73803	0.55846	12.50260	1.05079	1	-0.00470	-0.00837	0.66036	0.00301	1	0.06088	-0.01317	0.66281	0.00324	1	1.45898	0.81042	0	
1283392	8654.97168	3307349309489	0.35340	0.56073	8654.42871	0.52246	12254	0	0.41086	0.71264	1	0.38944	0.64761	1	0.40015	0.68012	1	0.47850	0.53556	11.57688	1.04278	1	0.73810	0.55850	12.45953	1.03512	1	-0.00470	-0.00837	0.66036	0.00299	1	0.06088	-0.01317	0.66281	0.00320	1	1.45898	0.81042	0	
1283393	8654.97852	3307349376714	0.39798	0.65150	8654.42871	0.52246	12254	0	0.42511	0.70094	1	0.38816	0.63877	1	0.40663	0.66985	1	0.47858	0.53551	11.36468	1.02710	1	0.73806	0.55833	12.26777	1.01944	1	-0.00470	-0.00837	0.66036	0.00297	1	0.06088	-0.01317	0.66281	0.00324	1	1.45898	0.81042	0	
1283394	8654.98438	3307349443386	0.40327	0.66466	8654.42871	0.52246	12254	0	0.42825	0.70828	1	0.38887	0.64735	1	0.40856	0.67781	1	0.47853	0.53553	11.61346	1.01143	1	0.73834	0.55827	12.97599	1.00377	1	-0.00470	-0.00832	0.66036	0.00297	1	0.06088	-0.01317	0.66281	0.00320	1	1.45898	0.81042	0	
1283395	8654.99121	3307349510194	0.40794	0.66496	8654.42871	0.52246	12254	0	0.43685	0.68203	1	0.39768	0.64912	1	0.41727	0.66557	1	0.47876	0.53528	12.16012	1.00377	1	0.73823	0.55858	12.38982	1.00377	1	-0.00470	-0.00832	0.66036	0.00296	1	0.06088	-0.01317	0.66281	0.00314	1	1.45898	0.81042	0	
1283396	8654.99805	3307349577323	0.40918	0.66223	8654.97852	0.01953	12255	1	0.44302	0.67949	1	0.38282	0.62857	1	0.41292	0.65403	1	0.47877	0.53522	11.61544	1.00377	1	0.73830	0.55841	12.26810	1.00377	1	-0.00470	-0.00832	0.66036	0.00295	1	0.06088	-0.01317	0.66281	0.00328	1	1.45898	0.81042	0	
1283397	8655.00488	3307349644603	0.40985	0.65966	8654.97852	0.02637	12255	1	0.44302	0.67949	1	0.38199	0.61932	1	0.41251	0.64940	1	0.47878	0.53512	11.62665	1.00377	1	0.73853	0.55854	12.76853	1.02011	1	-0.00470	-0.00827	0.66036	0.00295	1	0.06437	-0.01390	0.69961	0.00312	1	1.45898	0.81042	0	
1283398	8655.01172	3307349711863	0.40853	0.65984	8654.97852	0.03320	12255	1	0.42759	0.69345	1	0.37631	0.62799	1	0.40195	0.66072	1	0.47864	0.53541	11.44530	1.02011	1	0.73859	0.55816	12.21847	1.03645	1	-0.00470	-0.00827	0.66036	0.00295	1	0.06437	-0.01390	0.69961	0.00352	1	1.45898	0.81042	0	
1283399	8655.01855	3307349778136	0.40798	0.65698	8654.97852	0.04004	12255	1	0.43975	0.67249	1	0.36965	0.60715	1	0.40470	0.63982	1	0.47872	0.53520	11.55794	1.03645	1	0.73850	0.55805	12.64819	1.05279	1	-0.00470	-0.00827	0.66036	0.00299	1	0.06437	-0.01390	0.69961	0.00335	1	1.45898	0.81042	0	
1283400	8655.02539	3307349844958	0.40723	0.65354	8654.97852	0.04688	12255	1	0.43526	0.66052	1	0.36871	0.59839	1	0.40198	0.62946	1	0.47871	0.53507	11.50324	1.06080	1	0.73834	0.55844	12.92416	1.06846	1	-0.00483	-0.00864	0.68560	0.00301	1	0.06301	-0.01360	0.68432	0.00314	1	1.45898	0.81042	0	
1283401	8655.03125	3307349912428	0.40582	0.64911	8654.97852	0.05273	12255	1	0.41879	0.63631	1	0.37022	0.59108	1	0.39451	0.61369	1	0.47865	0.53509	11.30852	1.07648	1	0.73854	0.55829	11.90997	1.06780	1	-0.00483	-0.00864	0.68560	0.00301	1	0.06301	-0.01360	0.68432	0.00316	1	1.45898	0.81042	0	
1283402	8655.03809	3307349979389	0.40655	0.64670	8654.97852	0.05957	12255	1	0.44742	0.64196	1	0.37886	0.60795	1	0.41314	0.62495	1	0.47901	0.53522	11.71998	1.07581	1	0.73869	0.55842	12.30854	1.06713	1	-0.00483	-0.00864	0.68560	0.00305	1	0.06301	-0.01360	0.68432	0.00313	1	1.45898	0.81042	0	
1283403	8655.04492	3307350046013	0.40707	0.64432	8654.97852	0.06641	12255	1	0.44599	0.63773	1	0.37843	0.60331	1	0.41221	0.62052	1	0.47898	0.53530	12.13414	1.08424	1	0.73877	0.55832	12.40829	1.07556	1	-0.00487	-0.00875	0.69862	0.00302	1	0.06301	-0.01360	0.68432	0.00311	1	1.45898	0.81042	0	
1283404	8655.05176	3307350111563	0.40841	0.64202	8654.97852	0.07324	12255	1	0.45643	0.63818	1	0.38995	0.59524	1	0.42319	0.61671	1	0.47922	0.53526	11.98900	1.08464	1	0.73894	0.55846	12.46907	1.08464	1	-0.00487	-0.00875	0.69862	0.00308	1	0.06301	-0.01360	0.68432	0.00316	1	1.45898	0.81042	0	
1283405	8655.05859	3307350180208	0.40925	0.63958	8654.97852	0.08008	12255	1	0.44856	0.64137	1	0.39015	0.57923	1	0.41935	0.61030	1	0.47921	0.53530	12.39491	1.09373	1	0.73890	0.55840	12.23995	1.09373	1	-0.00487	-0.00875	0.69862	0.00304	1	0.06301	-0.01360	0.68432	0.00318	1	1.45898	0.81042	0	
1283406	8655.06543	3307350246894	0.40992	0.63730	8654.97852	0.08691	12255	1	0.44704	0.63688	1	0.39009	0.57842	1	0.41857	0.60765	1	0.47900	0.53538	12.49522	1.10281	1	0.73898	0.55857	12.44896	1.09515	1	-0.00487	-0.00875	0.69862	0.00299	1	0.06081	-0.01312	0.65992	0.00313	1	1.45898	0.81042	0	
1283407	8655.07227	3307350313674	0.41137	0.63543	8654.97852	0.09375	12255	1	0.49543	0.63018	1	0.36810	0.58840	1	0.43177	0.60929	1	0.47991	0.53527	12.30505	1.09515	1	0.73896	0.55842	12.40745	1.08749	1	-0.00487	-0.00875	0.69862	0.00322	1	0.06081	-0.01312	0.65992	0.00317	1	1.45898	0.81042	0	
1283408	8655.07812	3307350380687	0.41121	0.63317	8654.97852	0.09961	12255	1	0.47503	0.63531	1	0.34244	0.56327	1	0.40874	0.59929	1	0.47955	0.53512	12.46002	1.08749	1	0.73896	0.55827	12.06694	1.07983	1	-0.00487	-0.00875	0.69862	0.00310	1	0.06081	-0.01312	0.65992	0.00321	1	1.45898	0.81042	0	
1283409	8655.08496	3307350448069	0.41114	0.63143	8654.97852	0.10645	12255	1	0.47747	0.64371	1	0.34247	0.56351	1	0.40997	0.60361	1	0.48058	0.53529	12.22804	1.07075	1	0.73931	0.55854	12.76853	1.07943	1	-0.00468	-0.00850	0.67854	0.00344	1	0.06526	-0.01411	0.70706	0.00313	1	1.45898	0.81042	0	
1283410	8655.09180	3307350515460	0.41035	0.63091	8654.97852	0.11328	12255	1	0.44098	0.62637	1	0.35307	0.61763	1	0.39702	0.62200	1	0.47944	0.53487	11.26624	1.07034	1	0.73902	0.55868	12.78083	1.08668	1	-0.00468	-0.00850	0.67854	0.00300	1	0.06526	-0.01411	0.70706	0.00317	1	1.45898	0.81042	0	
1283411	8655.09863	3307350582707	0.40948	0.63116	8654.97852	0.12012	12255	1	0.43855	0.68102	1	0.34897	0.59033	1	0.39376	0.63567	1	0.47964	0.53498	11.80279	1.07760	1	0.73902	0.55859	12.79569	1.09394	1	-0.00468	-0.00850	0.67854	0.00291	1	0.06526	-0.01411	0.70706	0.00316	1	1.45898	0.81042	0	
1283412	8655.10547	3307350649246	0.40873	0.63163	8654.97852	0.12695	12255	1	0.43869	0.68138	1	0.35028	0.59977	1	0.39448	0.64057	1	0.47937	0.53499	11.65818	1.07684	1	0.73947	0.55855	12.15317	1.07684	1	-0.00429	-0.00787	0.62857	0.00295	1	0.06114	-0.01314	0.66135	0.00318	1	1.45898	0.81042	0	
1283413	8655.11230	3307350715162	0.40828	0.63045	8654.97852	0.13379	12255	1	0.41843	0.61752	1	0.38012	0.59615	1	0.39927	0.60684	1	0.47936	0.53481	11.62594	1.06882	1	0.73956	0.55848	12.45603	1.05248	1	-0.00429	-0.00787	0.62857	0.00303	1	0.06114	-0.01314	0.66135	0.00314	1	1.45898	0.81042	0	
1283414	8655.11914	3307350783034	0.40875	0.63080	8654.97852	0.14062	12255	1	0.44100	0.66813	1	0.39645	0.60831	1	0.41873	0.63822	1	0.47962	0.53505	12.17768	1.04446	1	0.73965	0.55841	12.26638	1.02812	1	-0.00429	-0.00787	0.62857	0.00300	1	0.06114	-0.01314	0.66135	0.00316	1	1.45898	0.81042	0	
1283415	8655.12598	3307350850102	0.40926	0.63150	8654.97852	0.14746	12255	1	0.44398	0.67616	1	0.39705	0.61767	1	0.42051	0.64692	1	0.47939	0.53499	11.64275	1.02812	1	0.73966	0.55830	12.18957	1.01178	1	-0.00456	-0.00846	0.67576	0.00310	1	0.06114	-0.01314	0.66135	0.00317	1	1.45898	0.81042	0	
1283416	8655.13184	3307350917054	0.40936	0.63222	8654.97852	0.15332	12255	1	0.44670	0.65816	1	0.37663	0.63920	1	0.41167	0.64868	1	0.47956	0.53506	11.58976	1.01980	1	0.73969	0.55831	12.22473	1.01980	1	-0.00456	-0.00846	0.67576	0.00306	1	0.06114	-0.01314	0.66135	0.00314	1	1.45898	0.81042	0	
1283417	8655.13867	3307350984178	0.40977	0.63279	8654.97852	0.16016	12255	1	0.47017	0.70260	1	0.36860	0.59021	1	0.41939	0.64641	1	0.48012	0.53526	12.22113	1.02782	1	0.73975	0.55837	12.23474	1.02782	1	-0.00456	-0.00846	0.67576	0.00313	1	0.06114	-0.01314	0.66135	0.00317	1	1.45898	0.81042	0	
1283418	8655.14551	3307351051010	0.41006	0.63296	8654.97852	0.16699	12255	1	0.46745	0.69465	1	0.36753	0.58014	1	0.41749	0.63740	1	0.48009	0.53520	12.21539	1.04492	1	0.73980	0.55826	12.12811	1.04492	1	-0.00470	-0.00883	0.70471	0.00308	1	0.06114	-0.01314	0.66135	0.00327	1	1.45898	0.81042	0	
1283419	8655.15234	3307351117988	0.41080	0.63293	8654.97852	0.17383	12255	1	0.48617	0.69323	1	0.37376	0.57119	1	0.42997	0.63221	1	0.48039	0.53514	11.70964	1.05400	1	0.73975	0.55827	12.38014	1.05400	1	-0.00470	-0.00883	0.70471	0.00325	1	0.06114	-0.01314	0.66135	0.00332	1	1.45898	0.81042	0	
1283420	8655.15918	3307351184958	0.41090	0.63410	8654.97852	0.18066	12255	1	0.43983	0.72828	1	0.38717	0.60256	1	0.41350	0.66542	1	0.47978	0.53508	11.98921	1.06309	1	0.73999	0.55842	12.35654	1.06309	1	-0.00470	-0.00883	0.70471	0.00315	1	0.06114	-0.01314	0.66135	0.00333	1	1.45898	0.81042	0	
1283421	8655.16602	3307351251776	0.41098	0.63510	8654.97852	0.18750	12255	1	0.43983	0.72828	1	0.38683	0.59828	1	0.41333	0.66328	1	0.48066	0.53520	12.42102	1.06309	1	0.73989	0.55850	12.75541	1.07075	1	-0.00450	-0.00854	0.68224	0.00319	1	0.06431	-0.01387	0.69504	0.00320	1	1.45898	0.81042	0	
1283422	8655.17285	3307351319431	0.41231	0.63548	8654.97852	0.19434	12255	1	0.52112	0.69020	1	0.38042	0.60300	1	0.45077	0.64660	1	0.48092	0.53527	12.30667	1.06166	1	0.73984	0.55857	13.03785	1.06932	1	-0.00450	-0.00854	0.68224	0.00324	1	0.06431	-0.01387	0.69504	0.00316	1	1.45898	0.81042	0	
1283423	8655.17871	3307351385725	0.41313	0.63491	8654.97852	0.20020	12255	1	0.49831	0.69335	1	0.37704	0.54196	1	0.43768	0.61766	1	0.48066	0.53520	12.42102	1.06024	1	0.73987	0.55859	12.80719	1.06790	1	-0.00450	-0.00854	0.68224	0.00319	1	0.06431	-0.01387	0.69504	0.00316	1	1.45898	0.81042	0	
1283424	8655.18555	3307351452454	0.41389	0.63431	8654.97852	0.20703	12255	1	0.49850	0.69401	1	0.37666	0.53753	1	0.43758	0.61577	1	0.48078	0.53510	11.98512	1.05881	1	0.74000	0.55847	12.46902	1.07515	1	-0.00450	-0.00854	0.68224	0.00321	1	0.06596	-0.01421	0.71226	0.00321	1	1.45898	0.81042	0	
1283425	8655.19238	3307351520373	0.41291	0.63379	8654.97852	0.21387	12255	1	0.41225	0.63093	1	0.35120	0.60354	1	0.38173	0.61723	1	0.48015	0.53495	11.33018	1.07515	1	0.74026	0.55867	12.50812	1.08383	1	-0.00450	-0.00854	0.68224	0.00312	1	0.06596	-0.01421	0.71226	0.00304	1	1.45898	0.81042	0	
1283426	8655.19922	3307351587498	0.41135	0.63340	8654.97852	0.22070	12255	1	0.39104	0.64377	1	0.32824	0.59702	1	0.35964	0.62039	1	0.48047	0.53519	11.33627	1.08383	1	0.74066	0.55865	12.15786	1.09251	1	-0.00450	-0.00854	0.68224	0.00295	1	0.06596	-0.01421	0.71226	0.00303	1	1.45898	0.81042	0	
1283427	8655.20605	3307351653447	0.40985	0.63303	8654.97852	0.22754	12255	1	0.38916	0.63944	1	0.32896	0.60120	1	0.35906	0.62032	1	0.48354	0.53484	10.86052	1.09251	1	0.74373	0.55915	12.73207	1.08485	1	-0.00382	-0.00851	0.67118	0.00268	1	0.06164	-0.01332	0.66030	0.00285	1	1.45898	0.81042	0	
1283428	8655.21289	3307351720973	0.41223	0.63358	8654.97852	0.23438	12255	1	0.53187	0.61592	1	0.45875	0.69019	1	0.49531	0.65305	1	0.48434	0.53513	10.87103	1.08485	1	0.74425	0.55989	12.90678	1.06851	1	-0.00382	-0.00851	0.67118	0.00284	1	0.06164	-0.01332	0.66030	0.00295	1	1.45898	0.81042	0	
1283429	8655.21973	3307351787615	0.41431	0.63350	8654.97852	0.24121	12255	1	0.50805	0.63509	1	0.47069	0.62566	1	0.48937	0.63038	1	0.48466	0.53468	11.20163	1.06851	1	0.74483	0.55967	12.22816	1.05217	1	-0.00382	-0.00851	0.67118	0.00279	1	0.06164	-0.01332	0.66030	0.00303	1	1.45898	0.81042	0	
1283430	8655.22559	3307351852441	0.41631	0.63359	8654.97852	0.24707	12255	1	0.51001	0.64342	1	0.47040	0.63041	1	0.49021	0.63691	1	0.48701	0.53515	12.25467	1.05217	1	0.74691	0.56038	12.63636	1.04349	1	-0.00382	-0.00851	0.67118	0.00289	1	0.06485	-0.01389	0.68858	0.00321	1	1.45898	0.81042	0	
1283431	8655.23242	3307351922168	0.42071	0.63449	8654.97852	0.25391	12255	1	0.62842	0.65711	1	0.54758	0.68028	1	0.58800	0.66869	1	0.48725	0.53525	12.27765	1.04349	1	0.74689	0.56021	12.48877	1.05115	1	-0.00382	-0.00851	0.67118	0.00281	1	0.06485	-0.01389	0.68858	0.00319	1	1.45898	0.81042	0	
1283432	8655.23926	3307351989068	0.45756	0.63954	8654.97852	0.25391	12255	0	0.62552	0.64964	1	0.55045	0.71870	1	0.58798	0.68417	1	0.48721	0.53493	11.70967	1.05115	1	0.74694	0.56066	12.86511	1.05881	1	-0.00382	-0.00851	0.67118	0.00288	1	0.06485	-0.01389	0.68858	0.00310	1	1.45898	0.81042	0	
1283433	8655.24609	3307352054696	0.52294	0.66002	8654.97852	0.25391	12255	0	0.62537	0.64581	1	0.55127	0.71518	1	0.58832	0.68050	1	0.48736	0.53509	11.85175	1.05881	1	0.74673	0.56082	13.30504	1.06647	1	-0.00382	-0.00851	0.67118	0.00291	1	0.06485	-0.01389	0.68858	0.00312	1	1.45898	0.81042	0	
1283434	8655.25293	3307352120979	0.54663	0.67708	8654.97852	0.25391	12255	0	0.63302	0.69085	1	0.55502	0.73156	1	0.59402	0.71121	1	0.48734	0.53532	12.11892	1.06647	1	0.74710	0.56073	13.36254	1.06647	1	-0.00382	-0.00851	0.67118	0.00280	1	0.06485	-0.01389	0.68858	0.00303	1	1.45898	0.81042	0	
1283435	8655.25879	3307352185739	0.59126	0.69026	8654.97852	0.25391	12255	0	0.63175	0.63330	1	0.55115	0.72484	1	0.59145	0.67907	1	0.48735	0.53525	12.03736	1.06647	1	0.74691	0.56071	12.93169	1.06647	1	-0.00382	-0.00851	0.67118	0.00283	1	0.06485	-0.01389	0.68858	0.00307	1	1.45898	0.81042	0	
1283436	8655.26562	3307352253645	0.59136	0.68466	8654.97852	0.25391	12255	0	0.63175	0.63330	1	0.55115	0.72484	1	0.59145	0.67907	1	0.48750	0.53514	11.54834	1.06647	1	0.74709	0.56079	13.26622	1.06647	1	-0.00382	-0.00851	0.67118	0.00285	1	0.06426	-0.01382	0.68228	0.00305	1	1.45898	0.81042	0	
1283437	8655.27246	3307352320902	0.59614	0.68277	8654.97852	0.25391	12255	0	0.64412	0.60722	1	0.56727	0.75074	1	0.60570	0.67898	1	0.48750	0.53514	11.54834	1.06647	1	0.74728	0.56081	13.09871	1.06647	1	-0.00382	-0.00851	0.67118	0.00285	1	0.06426	-0.01382	0.68228	0.00311	1	1.45898	0.81042	0	
1283438	8655.27930	3307352389341	0.59853	0.68527	8655.25879	0.02051	12256	1	0.64166	0.65516	1	0.56978	0.73038	1	0.60572	0.69277	1	0.48739	0.53534	12.17580	1.06647	1	0.74723	0.56076	13.09024	1.06647	1	-0.00382	-0.00851	0.67118	0.00279	1	0.06426	-0.01382	0.68228	0.00312	1	1.45898	0.81042	0	
1283439	8655.28613	3307352457160	0.59997	0.68677	8655.25879	0.02734	12256	1	0.64166	0.65516	1	0.56978	0.73038	1	0.60572	0.69277	1	0.48742	0.53532	11.80751	1.06647	1	0.74722	0.56072	13.06568	1.06647	1	-0.00382	-0.00851	0.67118	0.00279	1	0.06426	-0.01382	0.68228	0.00313	1	1.45898	0.81042	0	
1283440	8655.29297	3307352521975	0.60134	0.68502	8655.25879	0.03418	12256	1	0.64151	0.62614	1	0.57484	0.72637	1	0.60817	0.67626	1	0.48742	0.53527	11.89005	1.06647	1	0.74722	0.56065	13.19902	1.06647	1	-0.00382	-0.00851	0.67118	0.00282	1	0.06426	-0.01382	0.68228	0.00301	1	1.45898	0.81042	0	
1283441	8655.29980	3307352588570	0.60238	0.68737	8655.25879	0.04102	12256	1	0.64705	0.67712	1	0.57018	0.72588	1	0.60862	0.70150	1	0.48742	0.53527	11.74910	1.06647	1	0.74734	0.56066	13.11786	1.06647	1	-0.00382	-0.00851	0.67118	0.00282	1	0.06426	-0.01382	0.68228	0.00300	1	1.45898	0.81042	0	
1283442	8655.30664	3307352658269	0.60316	0.68914	8655.25879	0.04785	12256	1	0.64705	0.67712	1	0.57018	0.72588	1	0.60862	0.70150	1	0.48745	0.53538	12.23035	1.06647	1	0.74744	0.56058	13.18265	1.06647	1	-0.00382	-0.00851	0.67118	0.00280	1	0.06485	-0.01389	0.68858	0.00302	1	1.45898	0.81042	0	
1283443	8655.31348	3307352725857	0.60398	0.69170	8655.25879	0.05469	12256	1	0.64372	0.70176	1	0.57748	0.72257	1	0.61060	0.71216	1	0.48748	0.53532	12.40287	1.06647	1	0.74737	0.56056	13.21574	1.06647	1	-0.00382	-0.00851	0.67118	0.00281	1	0.06485	-0.01389	0.68858	0.00304	1	1.45898	0.81042	0	
1283444	8655.31934	3307352792820	0.60421	0.69203	8655.25879	0.06055	12256	1	0.62897	0.66332	1	0.58356	0.72678	1	0.60627	0.69505	1	0.48735	0.53525	12.03736	1.06647	1	0.74750	0.56070	13.48084	1.06647	1	-0.00382	-0.00851	0.67118	0.00282	1	0.06485	-0.01389	0.68858	0.00302	1	1.45898	0.81042	0	
1283445	8655.32617	3307352858229	0.60435	0.69265	8655.25879	0.06738	12256	1	0.62910	0.66716	1	0.58246	0.73039	1	0.60578	0.69878	1	0.48735	0.53532	11.98757	1.05845	1	0.74736	0.56055	12.90861	1.05845	1	-0.00338	-0.00858	0.67290	0.00280	1	0.06426	-0.01382	0.68228	0.00306	1	1.45898	0.81042	0	
1283446	8655.33301	3307352926558	0.60371	0.69329	8655.25879	0.07422	12256	1	0.63922	0.69383	1	0.55394	0.70702	1	0.59658	0.70042	1	0.48738	0.53536	11.96370	1.05044	1	0.74724	0.56036	12.52367	1.05044	1	-0.00338	-0.00858	0.67290	0.00282	1	0.06426	-0.01382	0.68228	0.00319	1	1.45898	0.81042	0	
1283447	8655.33984	3307352993263	0.60315	0.69443	8655.25879	0.08105	12256	1	0.63241	0.65831	1	0.56056	0.75777	1	0.59648	0.70804	1	0.48737	0.53520	12.15345	1.04242	1	0.74719	0.56074	13.34674	1.04242	1	-0.00338	-0.00858	0.67290	0.00286	1	0.06426	-0.01382	0.68228	0.00310	1	1.45898	0.81042	0	
1283448	8655.34668	3307353060692	0.60265	0.69567	8655.25879	0.08789	12256	1	0.63251	0.66229	1	0.55961	0.76121	1	0.59606	0.71175	1	0.48731	0.53510	11.92790	1.03440	1	0.74725	0.56067	13.04707	1.03440	1	-0.00338	-0.00858	0.67290	0.00287	1	0.06485	-0.01389	0.68858	0.00312	1	1.45898	0.81042	0	
1283449	8655.35352	3307353127862	0.60182	0.69494	8655.25879	0.09473	12256	1	0.62579	0.64040	1	0.55466	0.72918	1	0.59022	0.68479	1	0.48724	0.53520	11.93119	1.03440	1	0.74740	0.56056	13.00050	1.03440	1	-0.00338	-0.00858	0.67290	0.00276	1	0.06485	-0.01389	0.68858	0.00307	1	1.45898	0.81042	0	
1283450	8655.36035	3307353194713	0.60108	0.69476	8655.25879	0.10156	12256	1	0.61761	0.64380	1	0.56240	0.74015	1	0.59001	0.69198	1	0.48720	0.53532	11.97025	1.03440	1	0.74724	0.56064	12.95630	1.03440	1	-0.00338	-0.00858	0.67290	0.00276	1	0.06485	-0.01389	0.68858	0.00313	1	1.45898	0.81042	0	
1283451	8655.36621	3307353261680	0.60045	0.69436	8655.25879	0.10742	12256	1	0.61740	0.63968	1	0.56337	0.73654	1	0.59038	0.68811	1	0.48721	0.53493	11.56433	1.04242	1	0.74711	0.56069	13.15468	1.04242	1	-0.00348	-0.00875	0.68202	0.00278	1	0.06485	-0.01389	0.68858	0.00313	1	1.45898	0.81042	0	
1283452	8655.37305	3307353328177	0.59988	0.69530	8655.25879	0.11426	12256	1	0.61341	0.67742	1	0.56692	0.74497	1	0.59016	0.71120	1	0.48704	0.53511	11.86279	1.05044	1	0.74727	0.56062	12.94660	1.05044	1	-0.00348	-0.00875	0.68202	0.00279	1	0.06485	-0.01389	0.68858	0.00310	1	1.45898	0.81042	0	
1283453	8655.37988	3307353395614	0.59920	0.69577	8655.25879	0.12109	12256	1	0.60258	0.65273	1	0.57129	0.75572	1	0.58694	0.70423	1	0.48685	0.53528	11.87216	1.05845	1	0.74731	0.56097	13.85419	1.05845	1	-0.00348	-0.00875	0.68202	0.00286	1	0.06485	-0.01389	0.68858	0.00299	1	1.45898	0.81042	0	
1283454	8655.38672	3307353461690	0.59858	0.69619	8655.25879	0.12793	12256	1	0.60258	0.65273	1	0.57129	0.75572	1	0.58694	0.70423	1	0.48712	0.53474	11.65277	1.05845	1	0.74727	0.56080	13.52299	1.05845	1	-0.00338	-0.00858	0.67290	0.00274	1	0.06426	-0.01382	0.68228	0.00308	1	1.45898	0.81042	0	
1283455	8655.39355	3307353529415	0.59794	0.69500	8655.25879	0.13477	12256	1	0.60991	0.61150	1	0.56031	0.73101	1	0.58511	0.67126	1	0.48710	0.53475	11.67107	1.05044	1	0.74714	0.56058	13.07643	1.05044	1	-0.00338	-0.00858	0.67290	0.00272	1	0.06426	-0.01382	0.68228	0.00309	1	1.45898	0.81042	0	
1283456	8655.40039	3307353597087	0.59711	0.69376	8655.25879	0.14160	12256	1	0.61549	0.60587	1	0.54391	0.72918	1	0.57970	0.66752	1	0.48713	0.53474	11.66550	1.04242	1	0.74697	0.56068	12.79913	1.04242	1	-0.00338	-0.00858	0.67290	0.00272	1	0.06426	-0.01382	0.68228	0.00315	1	1.45898	0.81042	0	
1283457	8655.40723	3307353664683	0.59636	0.69262	8655.25879	0.14844	12256	1	0.61549	0.60587	1	0.54391	0.72918	1	0.57970	0.66752	1	0.48703	0.53505	11.66783	1.04242	1	0.74705	0.56067	12.83166	1.04242	1	-0.00348	-0.00875	0.68202	0.00277	1	0.06426	-0.01382	0.68228	0.00309	1	1.45898	0.81042	0	
1283458	8655.41406	3307353731947	0.59610	0.69165	8655.25879	0.15527	12256	1	0.61789	0.60222	1	0.56274	0.73681	1	0.59032	0.66951	1	0.48706	0.53483	11.66608	1.05044	1	0.74717	0.56078	13.23614	1.05044	1	-0.00348	-0.00875	0.68202	0.00272	1	0.06426	-0.01382	0.68228	0.00305	1	1.45898	0.81042	0	
1283459	8655.41992	3307353797043	0.59628	0.69083	8655.25879	0.16113	12256	1	0.63625	0.61662	1	0.56493	0.72557	1	0.60059	0.67109	1	0.48710	0.53504	11.91752	1.05845	1	0.74714	0.56071	13.06458	1.05845	1	-0.00348	-0.00875	0.68202	0.00276	1	0.06426	-0.01382	0.68228	0.00307	1	1.45898	0.81042	0	
1283460	8655.42676	3307353863534	0.59647	0.68992	8655.25879	0.16797	12256	1	0.63617	0.61239	1	0.56589	0.72193	1	0.60103	0.66716	1	0.48697	0.53516	11.70862	1.06647	1	0.74682	0.56063	12.57604	1.06647	1	-0.00346	-0.00865	0.67882	0.00281	1	0.06485	-0.01400	0.68858	0.00311	1	1.45898	0.81042	0	
1283461	8655.43359	3307353930322	0.59578	0.68931	8655.25879	0.17480	12256	1	0.61965	0.61364	1	0.53619	0.73329	1	0.57792	0.67347	1	0.48687	0.53516	11.06946	1.06647	1	0.74677	0.56070	12.81171	1.06647	1	-0.00346	-0.00865	0.67882	0.00282	1	0.06485	-0.01400	0.68858	0.00313	1	1.45898	0.81042	0	
1283462	8655.44043	3307353995699	0.59517	0.68918	8655.25879	0.18164	12256	1	0.61698	0.63628	1	0.54043	0.73493	1	0.57871	0.68560	1	0.48668	0.53521	11.32026	1.06647	1	0.74680	0.56080	13.39019	1.06647	1	-0.00346	-0.00865	0.67882	0.00280	1	0.06485	-0.01400	0.68858	0.00315	1	1.45898	0.81042	0	
1283463	8655.44727	3307354064713	0.59460	0.68905	8655.25879	0.18848	12256	1	0.61698	0.63628	1	0.54043	0.73493	1	0.57871	0.68560	1	0.48670	0.53459	11.01934	1.06647	1	0.74703	0.56048	12.20232	1.06647	1	-0.00346	-0.00865	0.67882	0.00309	1	0.06426	-0.01382	0.68228	0.00300	1	1.45898	0.81042	0	
1283464	8655.45410	3307354131919	0.59456	0.68797	8655.25879	0.19531	12256	1	0.62624	0.58519	1	0.56025	0.72760	1	0.59324	0.65639	1	0.48669	0.53486	11.11051	1.06647	1	0.74704	0.56065	13.24954	1.06647	1	-0.00346	-0.00865	0.67882	0.00297	1	0.06426	-0.01382	0.68228	0.00305	1	1.45898	0.81042	0	
1283465	8655.46094	3307354199706	0.59451	0.68697	8655.25879	0.20215	12256	1	0.63731	0.62345	1	0.54908	0.69084	1	0.59319	0.65714	1	0.48673	0.53515	11.26190	1.06647	1	0.74704	0.56036	12.55668	1.06647	1	-0.00346	-0.00865	0.67882	0.00274	1	0.06426	-0.01382	0.68228	0.00297	1	1.45898	0.81042	0	
1283466	8655.46680	3307354266310	0.59447	0.68604	8655.25879	0.20801	12256	1	0.63731	0.62345	1	0.54908	0.69084	1	0.59319	0.65714	1	0.48652	0.53508	11.58516	1.06647	1	0.74706	0.56041	12.62751	1.06647	1	-0.00346	-0.00865	0.67882	0.00291	1	0.06485	-0.01389	0.68858	0.00297	1	1.45898	0.81042	0	
1283467	8655.47363	3307354333208	0.59388	0.68498	8655.25879	0.21484	12256	1	0.59818	0.63153	1	0.55183	0.67044	1	0.57500	0.65098	1	0.48644	0.53539	11.67083	1.06647	1	0.74695	0.56019	12.54895	1.06647	1	-0.00346	-0.00865	0.67882	0.00276	1	0.06485	-0.01389	0.68858	0.00309	1	1.45898	0.81042	0	
1283468	8655.48047	3307354397144	0.59357	0.68539	8655.25879	0.22168	12256	1	0.59526	0.63024	1	0.57156	0.76755	1	0.58341	0.69889	1	0.48686	0.53506	11.88098	1.06647	1	0.74722	0.56010	12.79724	1.06647	1	-0.00346	-0.00865	0.67882	0.00277	1	0.06485	-0.01389	0.68858	0.00313	1	1.45898	0.81042	0	
1283469	8655.48730	3307354467251	0.59328	0.68577	8655.25879	0.22852	12256	1	0.59526	0.63024	1	0.57156	0.76755	1	0.58341	0.69889	1	0.48809	0.53400	11.94794	1.06647	1	0.74852	0.55967	12.30388	1.06647	1	-0.00329	-0.00859	0.68621	0.00334	1	0.06503	-0.01381	0.68940	0.00351	1	1.45898	0.81042	0	
1283470	8655.49414	3307354534145	0.59483	0.68337	8655.25879	0.23535	12256	1	0.67419	0.54276	1	0.62387	0.65586	1	0.64903	0.59931	1	0.48885	0.53330	11.56348	1.06647	1	0.74884	0.55884	12.56791	1.06647	1	-0.00329	-0.00859	0.68621	0.00315	1	0.06503	-0.01381	0.68940	0.00351	1	1.45898	0.81042	0	
1283471	8655.50098	3307354601193	0.59614	0.68317	8655.25879	0.24219	12256	1	0.67609	0.63140	1	0.61018	0.72051	1	0.64314	0.67595	1	0.48884	0.53322	11.78251	1.06647	1	0.74872	0.55881	12.60011	1.06647	1	-0.00329	-0.00859	0.68621	0.00279	1	0.06503	-0.01381	0.68940	0.00317	1	1.45898	0.81042	0	
1283472	8655.50684	3307354667967	0.59739	0.68293	8655.25879	0.24805	12256	1	0.67609	0.63140	1	0.61158	0.71654	1	0.64383	0.67397	1	0.49029	0.53277	11.85642	1.06647	1	0.74941	0.55701	12.55569	1.07515	1	-0.00266	-0.00717	0.59042	0.00355	1	0.06622	-0.01360	0.70035	0.00367	1	1.45898	0.81042	0	
1283473	8655.51367	3307354735004	0.59953	0.67937	8655.25879	0.25488	12256	1	0.68211	0.47728	1	0.67948	0.61072	1	0.68079	0.54400	1	0.49005	0.53158	11.72567	1.07515	1	0.74970	0.55700	12.22811	1.08383	1	-0.00266	-0.00717	0.59042	0.00360	1	0.06622	-0.01360	0.70035	0.00371	1	1.45898	0.81042	0	
1283474	8655.52051	3307354802099	0.61717	0.64452	8655.25879	0.25488	12256	0	0.70905	0.47264	1	0.66902	0.59935	1	0.68903	0.53599	1	0.49031	0.53156	11.48921	1.08383	1	0.74988	0.55650	12.29441	1.09251	1	-0.00266	-0.00717	0.59042	0.00339	1	0.06622	-0.01360	0.70035	0.00350	1	1.45898	0.81042	0	
1283475	8655.52734	3307354868792	0.65320	0.58886	8655.25879	0.25488	12256	0	0.70947	0.46705	1	0.66902	0.59935	1	0.68924	0.53320	1	0.49055	0.53150	12.12487	1.09251	1	0.75011	0.55646	12.34022	1.09251	1	-0.00297	-0.00820	0.68346	0.00334	1	0.06486	-0.01332	0.68546	0.00373	1	1.45898	0.81042	0	
1283476	8655.53418	3307354936116	0.67473	0.55767	8655.25879	0.25488	12256	0	0.73160	0.42878	1	0.70394	0.56180	1	0.71777	0.49529	1	0.49061	0.53131	11.97337	1.09251	1	0.75044	0.55600	12.26779	1.08383	1	-0.00297	-0.00820	0.68346	0.00335	1	0.06486	-0.01332	0.68546	0.00399	1	1.45898	0.81042	0	
1283477	8655.54102	3307355003136	0.70870	0.51484	8655.25879	0.25488	12256	0	0.74024	0.45162	1	0.69792	0.58046	1	0.71908	0.51604	1	0.49043	0.53131	11.56799	1.08383	1	0.75039	0.55608	12.23290	1.07515	1	-0.00297	-0.00820	0.68346	0.00337	1	0.06486	-0.01332	0.68546	0.00404	1	1.45898	0.81042	0	
1283478	8655.54785	3307355069977	0.71321	0.51816	8655.25879	0.25488	12256	0	0.73960	0.45736	1	0.69585	0.58559	1	0.71773	0.52148	1	0.49040	0.53179	11.58465	1.07515	1	0.75039	0.55637	12.56780	1.06647	1	-0.00266	-0.00709	0.59042	0.00346	1	0.06486	-0.01332	0.68546	0.00401	1	1.45898	0.81042	0	
1283479	8655.55371	3307355136886	0.71695	0.51701	8655.25879	0.25488	12256	0	0.75547	0.39174	1	0.69336	0.63769	1	0.72442	0.51471	1	0.49037	0.53044	10.87739	1.06647	1	0.74999	0.55667	12.47033	1.06647	1	-0.00266	-0.00709	0.59042	0.00378	1	0.06486	-0.01332	0.68546	0.00390	1	1.45898	0.81042	0	
1283480	8655.56055	3307355204052	0.71638	0.53361	8655.54102	0.01953	12257	1	0.74183	0.52244	1	0.68754	0.64438	1	0.71468	0.58341	1	0.49001	0.53164	11.79449	1.06647	1	0.75029	0.55664	12.61979	1.06647	1	-0.00266	-0.00709	0.59042	0.00339	1	0.06486	-0.01332	0.68546	0.00407	1	1.45898	0.81042	0	
1283481	8655.56738	3307355269501	0.71604	0.54357	8655.54102	0.02637	12257	1	0.74183	0.52244	1	0.68754	0.64438	1	0.71468	0.58341	1	0.49015	0.53140	11.72003	1.06647	1	0.75023	0.55656	12.25842	1.06647	1	-0.00308	-0.00817	0.68471	0.00354	1	0.06486	-0.01332	0.68546	0.00375	1	1.45898	0.81042	0	
1283482	8655.57422	3307355337892	0.71634	0.53864	8655.54102	0.03320	12257	1	0.73741	0.44481	1	0.69824	0.58317	1	0.71782	0.51399	1	0.49013	0.53131	11.30328	1.06647	1	0.75043	0.55616	12.14395	1.06647	1	-0.00308	-0.00817	0.68471	0.00362	1	0.06486	-0.01332	0.68546	0.00410	1	1.45898	0.81042	0	
1283483	8655.58105	3307355404768	0.71786	0.53783	8655.54102	0.04004	12257	1	0.75491	0.49139	1	0.69910	0.57457	1	0.72701	0.53298	1	0.49027	0.53172	11.86082	1.06647	1	0.75041	0.55601	11.91122	1.06647	1	-0.00308	-0.00817	0.68471	0.00361	1	0.06486	-0.01332	0.68546	0.00405	1	1.45898	0.81042	0	
1283484	8655.58789	3307355471614	0.71901	0.53723	8655.54102	0.04688	12257	1	0.75491	0.49139	1	0.69910	0.57457	1	0.72701	0.53298	1	0.49010	0.53143	11.84275	1.06647	1	0.74983	0.55633	12.38321	1.06647	1	-0.00313	-0.00802	0.67268	0.00368	1	0.06486	-0.01332	0.68546	0.00383	1	1.45898	0.81042	0	
1283485	8655.59473	3307355538672	0.71784	0.53712	8655.54102	0.05371	12257	1	0.72333	0.45836	1	0.69359	0.61424	1	0.70846	0.53630	1	0.48988	0.53141	11.60395	1.06647	1	0.75000	0.55642	12.22998	1.06647	1	-0.00313	-0.00802	0.67268	0.00347	1	0.06486	-0.01332	0.68546	0.00394	1	1.45898	0.81042	0	
1283486	8655.60059	3307355605640	0.71703	0.53821	8655.54102	0.05957	12257	1	0.73126	0.45490	1	0.68823	0.64116	1	0.70975	0.54803	1	0.48988	0.53135	11.57475	1.06647	1	0.74988	0.55660	12.36780	1.06647	1	-0.00313	-0.00802	0.67268	0.00354	1	0.06486	-0.01332	0.68546	0.00386	1	1.45898	0.81042	0	
1283487	8655.60742	3307355672414	0.71636	0.53911	8655.54102	0.06641	12257	1	0.73126	0.45490	1	0.68823	0.64116	1	0.70975	0.54803	1	0.48986	0.53143	11.63564	1.06647	1	0.74992	0.55681	12.37326	1.06647	1	-0.00313	-0.00802	0.67268	0.00353	1	0.06486	-0.01332	0.68546	0.00374	1	1.45898	0.81042	0	
1283488	8655.61426	3307355739572	0.71750	0.53562	8655.54102	0.07324	12257	1	0.73946	0.40540	1	0.72045	0.58917	1	0.72995	0.49729	1	0.49009	0.53076	11.35298	1.06647	1	0.75042	0.55615	12.21686	1.06647	1	-0.00313	-0.00802	0.67268	0.00385	1	0.06486	-0.01332	0.68546	0.00412	1	1.45898	0.81042	0	SUBJECT_ONSET_LOG
1283489	8655.62109	3307355806666	0.71809	0.53514	8655.54102	0.08008	12257	1	0.74050	0.42323	1	0.70987	0.63540	1	0.72519	0.52931	1	0.49011	0.53116	11.49529	1.06647	1	0.75014	0.55670	12.60370	1.06647	1	-0.00313	-0.00802	0.67268	0.00375	1	0.06486	-0.01332	0.68546	0.00377	1	1.45898	0.81042	0	
1283490	8655.62793	3307355873444	0.71860	0.53472	8655.54102	0.08691	12257	1	0.74050	0.42323	1	0.70987	0.63540	1	0.72519	0.52931	1	0.48984	0.53116	11.63003	1.06647	1	0.74998	0.55692	12.46131	1.06647	1	-0.00313	-0.00802	0.67268	0.00351	1	0.06486	-0.01332	0.68546	0.00374	1	1.45898	0.81042	0	
1283491	8655.63477	3307355940497	0.71773	0.53580	8655.54102	0.09375	12257	1	0.72274	0.44935	1	0.68838	0.65243	1	0.70556	0.55089	1	0.48976	0.53139	11.70985	1.06647	1	0.74984	0.55674	12.36106	1.06647	1	-0.00313	-0.00802	0.67268	0.00331	1	0.06486	-0.01332	0.68546	0.00376	1	1.45898	0.81042	0	
1283492	8655.64160	3307356007659	0.71623	0.53592	8655.54102	0.10059	12257	1	0.72040	0.45054	1	0.66714	0.62485	1	0.69377	0.53770	1	0.48970	0.53122	11.56840	1.06647	1	0.74961	0.55653	11.84127	1.06647	1	-0.00313	-0.00802	0.67268	0.00334	1	0.06486	-0.01332	0.68546	0.00379	1	1.45898	0.81042	0	AUDIO_FILE_ONSET_LOG
1283493	8655.64746	3307356071616	0.71496	0.53588	8655.54102	0.10645	12257	1	0.72040	0.45054	1	0.66898	0.62006	1	0.69469	0.53530	1	0.48953	0.53123	10.95646	1.06647	1	0.74985	0.55636	11.92347	1.07515	1	-0.00313	-0.00802	0.67268	0.00331	1	0.06622	-0.01360	0.70035	0.00394	1	1.45898	0.81042	0	
1283494	8655.65430	3307356139233	0.71418	0.53433	8655.54102	0.11328	12257	1	0.70297	0.42891	1	0.69875	0.58695	1	0.70086	0.50793	1	0.48953	0.53117	10.77775	1.07515	1	0.75007	0.55636	12.00787	1.08383	1	-0.00313	-0.00802	0.67268	0.00333	1	0.06622	-0.01360	0.70035	0.00381	1	1.45898	0.81042	0	
1283495	8655.66113	3307356206102	0.71455	0.53297	8655.54102	0.12012	12257	1	0.72424	0.45075	1	0.71806	0.56633	1	0.72115	0.50854	1	0.48973	0.53140	11.53321	1.08383	1	0.75030	0.55594	12.07283	1.09251	1	-0.00313	-0.00802	0.67268	0.00329	1	0.06622	-0.01360	0.70035	0.00373	1	1.45898	0.81042	0	
1283496	8655.66797	3307356273982	0.71502	0.53119	8655.54102	0.12695	12257	1	0.72531	0.43897	1	0.72254	0.55574	1	0.72393	0.49735	1	0.48960	0.53093	11.24963	1.10160	1	0.74989	0.55613	11.90303	1.11028	1	-0.00336	-0.00848	0.71150	0.00348	1	0.06622	-0.01360	0.70035	0.00353	1	1.45898	0.81042	0	
1283497	8655.67480	3307356339616	0.71445	0.52877	8655.54102	0.13379	12257	1	0.70945	0.34481	1	0.69665	0.61591	1	0.70305	0.48036	1	0.48960	0.53064	10.85156	1.11936	1	0.74987	0.55680	11.99496	1.11936	1	-0.00336	-0.00848	0.71150	0.00359	1	0.06622	-0.01360	0.70035	0.00375	1	1.45898	0.81042	0	
1283498	8655.68164	3307356407560	0.71363	0.52801	8655.54102	0.14062	12257	1	0.71345	0.39915	1	0.67949	0.62507	1	0.69647	0.51211	1	0.48964	0.53114	11.23813	1.12845	1	0.74953	0.55676	11.76887	1.12845	1	-0.00336	-0.00848	0.71150	0.00346	1	0.06622	-0.01360	0.70035	0.00375	1	1.45898	0.81042	0	
1283499	8655.68750	3307356474493	0.71284	0.52742	8655.54102	0.14648	12257	1	0.71345	0.39915	1	0.67766	0.62960	1	0.69555	0.51437	1	0.48960	0.53079	10.74598	1.12845	1	0.74969	0.55695	12.30569	1.11977	1	-0.00329	-0.00818	0.68621	0.00368	1	0.06424	-0.01321	0.68000	0.00374	1	1.45898	0.81042	0	
1283500	8655.69434	3307356541654	0.71338	0.52775	8655.54102	0.15332	12257	1	0.76598	0.39484	1	0.68535	0.67576	1	0.72566	0.53530	1	0.48962	0.53109	11.04181	1.11068	1	0.74978	0.55719	12.34462	1.10200	1	-0.00329	-0.00818	0.68621	0.00365	1	0.06424	-0.01321	0.68000	0.00380	1	1.45898	0.81042	0	
1283501	8655.70117	3307356607200	0.71303	0.52822	8655.54102	0.16016	12257	1	0.72704	0.40130	1	0.68241	0.67800	1	0.70472	0.53965	1	0.48953	0.53106	11.03145	1.09292	1	0.74970	0.55704	12.31347	1.08424	1	-0.00329	-0.00818	0.68621	0.00354	1	0.06424	-0.01321	0.68000	0.00378	1	1.45898	0.81042	0	
1283502	8655.70801	3307356674661	0.71265	0.52899	8655.54102	0.16699	12257	1	0.72595	0.41378	1	0.68038	0.68249	1	0.70317	0.54814	1	0.48972	0.53116	11.07793	1.07515	1	0.74960	0.55698	12.13528	1.07515	1	-0.00329	-0.00818	0.68621	0.00387	1	0.06622	-0.01360	0.70035	0.00377	1	1.45898	0.81042	0	
1283503	8655.71484	3307356744508	0.71281	0.52991	8655.54102	0.17383	12257	1	0.76299	0.44700	1	0.67066	0.66083	1	0.71682	0.55391	1	0.48964	0.53139	11.37665	1.07515	1	0.74963	0.55704	12.13865	1.08383	1	-0.00329	-0.00818	0.68621	0.00370	1	0.06622	-0.01360	0.70035	0.00382	1	1.45898	0.81042	0	
1283504	8655.72168	3307356810510	0.71219	0.52945	8655.54102	0.18066	12257	1	0.71944	0.43299	1	0.67179	0.60095	1	0.69562	0.51697	1	0.48971	0.53132	11.22133	1.08383	1	0.74965	0.55698	11.98902	1.09251	1	-0.00329	-0.00818	0.68621	0.00384	1	0.06622	-0.01360	0.70035	0.00380	1	1.45898	0.81042	0	
1283505	8655.72852	3307356877682	0.71167	0.52872	8655.54102	0.18750	12257	1	0.72044	0.42091	1	0.67371	0.59585	1	0.69707	0.50838	1	0.48963	0.53163	11.17488	1.10160	1	0.74993	0.55739	12.00490	1.10160	1	-0.00330	-0.00839	0.69939	0.00327	1	0.06486	-0.01332	0.68546	0.00381	1	1.45898	0.81042	0	
1283506	8655.73535	3307356945025	0.71219	0.52909	8655.54102	0.19434	12257	1	0.75542	0.42427	1	0.69906	0.65535	1	0.72724	0.53981	1	0.49021	0.53134	11.63006	1.11068	1	0.74986	0.55742	11.97823	1.10200	1	-0.00330	-0.00839	0.69939	0.00344	1	0.06486	-0.01332	0.68546	0.00375	1	1.45898	0.81042	0	
1283507	8655.74121	3307357011474	0.71270	0.52901	8655.54102	0.20020	12257	1	0.74909	0.42879	1	0.70713	0.62431	1	0.72811	0.52655	1	0.49017	0.53143	11.45712	1.11109	1	0.75005	0.55708	11.92924	1.10241	1	-0.00330	-0.00839	0.69939	0.00337	1	0.06486	-0.01332	0.68546	0.00373	1	1.45898	0.81042	0	
1283508	8655.74805	3307357080126	0.71310	0.52925	8655.54102	0.20703	12257	1	0.74778	0.43991	1	0.70310	0.63326	1	0.72544	0.53659	1	0.49001	0.53149	11.18361	1.09439	1	0.75003	0.55726	11.92573	1.08571	1	-0.00311	-0.00790	0.65833	0.00346	1	0.06486	-0.01332	0.68546	0.00365	1	1.45898	0.81042	0	
1283509	8655.75488	3307357147358	0.71316	0.53018	8655.54102	0.21387	12257	1	0.74274	0.48206	1	0.68755	0.63795	1	0.71514	0.56000	1	0.49002	0.53151	11.20904	1.06861	1	0.75033	0.55713	11.93185	1.06861	1	-0.00311	-0.00790	0.65833	0.00347	1	0.06486	-0.01332	0.68546	0.00378	1	1.45898	0.81042	0	
1283510	8655.76172	3307357214302	0.71302	0.53081	8655.54102	0.22070	12257	1	0.72301	0.43623	1	0.69374	0.66667	1	0.70837	0.55145	1	0.48983	0.53112	11.41047	1.05151	1	0.75008	0.55733	11.72603	1.05151	1	-0.00311	-0.00790	0.65833	0.00354	1	0.06486	-0.01332	0.68546	0.00375	1	1.45898	0.81042	0	
1283511	8655.76855	3307357280110	0.71285	0.53155	8655.54102	0.22754	12257	1	0.72246	0.44256	1	0.69155	0.67140	1	0.70700	0.55698	1	0.49002	0.53161	11.30812	1.04242	1	0.75043	0.55724	11.91463	1.04242	1	-0.00313	-0.00807	0.67268	0.00327	1	0.06486	-0.01332	0.68546	0.00376	1	1.45898	0.81042	0	
1283512	8655.77539	3307357347279	0.71248	0.53210	8655.54102	0.23438	12257	1	0.71728	0.44271	1	0.68177	0.65961	1	0.69952	0.55116	1	0.48977	0.53113	11.44890	1.05044	1	0.75025	0.55740	12.20875	1.05044	1	-0.00313	-0.00807	0.67268	0.00350	1	0.06486	-0.01332	0.68546	0.00367	1	1.45898	0.81042	0	
1283513	8655.78223	3307357414077	0.71280	0.53323	8655.54102	0.24121	12257	1	0.75108	0.49801	1	0.69772	0.65010	1	0.72440	0.57406	1	0.49021	0.53188	11.66969	1.05845	1	0.75048	0.55731	12.18356	1.05845	1	-0.00313	-0.00807	0.67268	0.00355	1	0.06486	-0.01332	0.68546	0.00380	1	1.45898	0.81042	0	
1283514	8655.78809	3307357480454	0.71314	0.53418	8655.54102	0.24707	12257	1	0.75177	0.49293	1	0.69967	0.64583	1	0.72572	0.56938	1	0.49021	0.53174	11.76156	1.06647	1	0.75033	0.55728	12.34212	1.06647	1	-0.00313	-0.00802	0.67268	0.00342	1	0.06486	-0.01332	0.68546	0.00385	1	1.45898	0.81042	0	
1283515	8655.79492	3307357548096	0.71317	0.53528	8655.54102	0.25391	12257	1	0.73713	0.48750	1	0.69125	0.66631	1	0.71419	0.57690	1	0.49009	0.53184	11.57073	1.06647	1	0.75039	0.55730	12.08591	1.06647	1	-0.00313	-0.00802	0.67268	0.00343	1	0.06486	-0.01332	0.68546	0.00387	1	1.45898	0.81042	0	
1283516	8655.80176	3307357615079	0.71305	0.53536	8655.54102	0.26074	12257	1	0.72502	0.44368	1	0.69173	0.63317	1	0.70837	0.53842	1	0.48992	0.53148	11.34342	1.06647	1	0.75030	0.55722	12.19227	1.06647	1	-0.00313	-0.00802	0.67268	0.00340	1	0.06486	-0.01332	0.68546	0.00385	1	1.45898	0.81042	0	
1283517	8655.80859	3307357681715	0.71294	0.53543	8655.54102	0.26758	12257	1	0.72502	0.44368	1	0.69173	0.63317	1	0.70837	0.53842	1	0.49011	0.53108	11.08488	1.06647	1	0.75030	0.55725	12.24375	1.06647	1	-0.00313	-0.00802	0.67268	0.00365	1	0.06486	-0.01332	0.68546	0.00384	1	1.45898	0.81042	0	
1283518	8655.81543	3307357749219	0.71303	0.53602	8655.54102	0.27441	12257	1	0.73799	0.47636	1	0.69577	0.64416	1	0.71688	0.56026	1	0.49005	0.53143	11.36454	1.06647	1	0.75033	0.55736	12.30807	1.06647	1	-0.00313	-0.00802	0.67268	0.00349	1	0.06486	-0.01332	0.68546	0.00380	1	1.45898	0.81042	0	
1283519	8655.82227	3307357816138	0.71312	0.53635	8655.54102	0.28125	12257	1	0.74550	0.47264	1	0.68880	0.62781	1	0.71715	0.55023	1	0.49005	0.53156	11.30117	1.06647	1	0.75030	0.55732	12.16533	1.06647	1	-0.00313	-0.00802	0.67268	0.00354	1	0.06486	-0.01332	0.68546	0.00381	1	1.45898	0.81042	0	
1283520	8655.82910	3307357883119	0.71322	0.53667	8655.54102	0.28809	12257	1	0.74550	0.47264	1	0.68880	0.62781	1	0.71715	0.55023	1	0.49003	0.53149	11.18859	1.06647	1	0.75029	0.55712	11.91538	1.06647	1	-0.00313	-0.00802	0.67268	0.00355	1	0.06486	-0.01332	0.68546	0.00383	1	1.45898	0.81042	0	
1283521	8655.83496	3307357948150	0.71325	0.53715	8655.54102	0.29395	12257	1	0.74011	0.48449	1	0.68952	0.63201	1	0.71481	0.55825	1	0.49004	0.53161	11.32236	1.06647	1	0.75028	0.55701	12.02267	1.06647	1	-0.00313	-0.00802	0.67268	0.00352	1	0.06486	-0.01332	0.68546	0.00387	1	1.45898	0.81042	0	
1283522	8655.84180	3307358017499	0.71314	0.53761	8655.54102	0.30078	12257	1	0.74796	0.48452	1	0.66789	0.63221	1	0.70792	0.55837	1	0.49014	0.53171	11.40627	1.06647	1	0.75029	0.55704	12.01538	1.06647	1	-0.00313	-0.00802	0.67268	0.00354	1	0.06486	-0.01332	0.68546	0.00386	1	1.45898	0.81042	0	
1283523	8655.84863	3307358083245	0.71303	0.53805	8655.54102	0.30762	12257	1	0.74796	0.48452	1	0.66789	0.63221	1	0.70792	0.55837	1	0.49011	0.53190	11.54171	1.06647	1	0.75039	0.55743	12.63925	1.06647	1	-0.00313	-0.00802	0.67268	0.00350	1	0.06486	-0.01332	0.68546	0.00382	1	1.45898	0.81042	0	
1283524	8655.85547	3307358150888	0.71298	0.53846	8655.54102	0.31445	12257	1	0.75445	0.48436	1	0.66735	0.63052	1	0.71090	0.55744	1	0.49027	0.53160	11.56228	1.06647	1	0.75032	0.55714	12.23213	1.06647	1	-0.00313	-0.00802	0.67268	0.00371	1	0.06486	-0.01332	0.68546	0.00384	1	1.45898	0.81042	0	
1283525	8655.86230	3307358214886	0.71304	0.53952	8655.54102	0.32129	12257	1	0.75303	0.49261	1	0.67043	0.63968	1	0.71173	0.56614	1	0.49022	0.53192	11.72308	1.06647	1	0.75030	0.55727	12.26401	1.06647	1	-0.00313	-0.00802	0.67268	0.00355	1	0.06486	-0.01332	0.68546	0.00381	1	1.45898	0.81042	0	
1283526	8655.86914	3307358284745	0.71292	0.54045	8655.54102	0.32812	12257	1	0.75303	0.49261	1	0.67043	0.63968	1	0.71173	0.56614	1	0.49021	0.53196	11.74518	1.06647	1	0.75014	0.55721	11.93788	1.06647	1	-0.00313	-0.00807	0.67268	0.00354	1	0.06486	-0.01332	0.68546	0.00381	1	1.45898	0.81042	0	
1283527	8655.87598	3307358350437	0.71252	0.54157	8655.54102	0.33496	12257	1	0.75117	0.50166	1	0.65924	0.63491	1	0.70521	0.56829	1	0.49021	0.53196	11.74518	1.06647	1	0.75023	0.55699	11.70404	1.06647	1	-0.00313	-0.00807	0.67268	0.00354	1	0.06486	-0.01332	0.68546	0.00382	1	1.45898	0.81042	0	
1283528	8655.88281	3307358419011	0.71235	0.54133	8655.54102	0.34180	12257	1	0.74867	0.51283	1	0.66491	0.63085	1	0.70679	0.57184	1	0.49018	0.53193	11.70539	1.06647	1	0.75044	0.55730	12.14875	1.06647	1	-0.00313	-0.00807	0.67268	0.00346	1	0.06486	-0.01332	0.68546	0.00380	1	1.45898	0.81042	0	
1283529	8655.88867	3307358485953	0.71219	0.54109	8655.54102	0.34766	12257	1	0.74867	0.51283	1	0.66491	0.63085	1	0.70679	0.57184	1	0.48989	0.53145	11.67747	1.06647	1	0.75029	0.55718	12.02666	1.06647	1	-0.00313	-0.00802	0.67268	0.00355	1	0.06486	-0.01332	0.68546	0.00383	1	1.45898	0.81042	0	
1283530	8655.89551	3307358552530	0.71238	0.54206	8655.54102	0.35449	12257	1	0.74826	0.49845	1	0.70554	0.62240	1	0.72690	0.56043	1	0.48934	0.53147	11.82587	1.06647	1	0.75013	0.55646	12.43462	1.06647	1	-0.00313	-0.00802	0.67268	0.00342	1	0.06486	-0.01332	0.68546	0.00359	1	1.45898	0.81042	0	
1283531	8655.90234	3307358619941	0.71326	0.54282	8655.54102	0.36133	12257	1	0.78719	0.51210	1	0.75111	0.62731	1	0.76915	0.56970	1	0.48931	0.53117	11.56401	1.06647	1	0.75013	0.55643	12.81510	1.06647	1	-0.00313	-0.00802	0.67268	0.00321	1	0.06486	-0.01332	0.68546	0.00379	1	1.45898	0.81042	0	
1283532	8655.90918	3307358687289	0.71411	0.54363	8655.54102	0.36816	12257	1	0.78719	0.51210	1	0.74889	0.63155	1	0.76804	0.57183	1	0.48577	0.52942	10.49055	1.06647	1	0.74633	0.55430	12.48217	1.05881	1	-0.00382	-0.00800	0.68777	0.00343	1	0.06183	-0.01263	0.66022	0.00396	1	1.45898	0.81042	0	
1283533	8655.91602	3307358753835	0.71236	0.54076	8655.54102	0.37500	12257	1	0.62062	0.38903	1	0.62805	0.40785	1	0.62434	0.39844	1	0.48511	0.52886	10.99377	1.05881	1	0.74580	0.55326	12.63235	1.05115	1	-0.00382	-0.00800	0.68777	0.00354	1	0.06183	-0.01263	0.66022	0.00346	1	1.45898	0.81042	0	
1283534	8655.92285	3307358821186	0.71121	0.53925	8655.54102	0.38184	12257	1	0.64850	0.46645	1	0.66111	0.48453	1	0.65481	0.47549	1	0.48472	0.52933	11.15026	1.05115	1	0.74604	0.55340	13.04223	1.04349	1	-0.00382	-0.00800	0.68777	0.00345	1	0.06183	-0.01263	0.66022	0.00326	1	1.45898	0.81042	0	
1283535	8655.92969	3307358887469	0.71007	0.53779	8655.54102	0.38867	12257	1	0.64851	0.47160	1	0.66111	0.48453	1	0.65481	0.47807	1	0.48253	0.52577	10.79278	1.04349	1	0.74294	0.55254	12.87227	1.04349	1	-0.00411	-0.00768	0.66925	0.00238	1	0.06378	-0.01293	0.68706	0.00373	1	1.45898	0.81042	0	
1283536	8655.93555	3307358954419	0.70553	0.53534	8655.54102	0.39453	12257	1	0.53601	0.37725	1	0.48805	0.38262	1	0.51203	0.37993	1	0.48296	0.52803	11.93480	1.04349	1	0.74276	0.55249	13.19244	1.05115	1	-0.00411	-0.00768	0.66925	0.00362	1	0.06378	-0.01293	0.68706	0.00366	1	1.45898	0.81042	0	
1283537	8655.94238	3307359021694	0.67056	0.49803	8655.54102	0.39453	12257	0	0.50264	0.18807	1	0.50968	0.34059	1	0.50616	0.26433	1	0.48259	0.52592	11.48199	1.05115	1	0.74301	0.55220	12.70698	1.05881	1	-0.00411	-0.00768	0.66925	0.00234	1	0.06378	-0.01293	0.68706	0.00372	1	1.45898	0.81042	0	
1283538	8655.94922	3307359088789	0.58826	0.37781	8655.54102	0.39453	12257	0	0.50170	0.18083	1	0.51021	0.33434	1	0.50596	0.25759	1	0.48257	0.52584	11.27274	1.05881	1	0.74295	0.55242	12.77073	1.06647	1	-0.00426	-0.00789	0.69222	0.00231	1	0.06297	-0.01270	0.67728	0.00372	1	1.45898	0.81042	0	
1283539	8655.95605	3307359155673	0.55627	0.33853	8655.54102	0.39453	12257	0	0.50675	0.16049	1	0.47786	0.35948	1	0.49230	0.25999	1	0.48267	0.52579	11.07370	1.06647	1	0.74280	0.55232	12.62487	1.06647	1	-0.00426	-0.00789	0.69222	0.00240	1	0.06297	-0.01270	0.67728	0.00380	1	1.45898	0.81042	0	
1283540	8655.96289	3307359222302	0.49667	0.26281	8655.54102	0.39453	12257	0	0.49995	0.16105	1	0.48358	0.38065	1	0.49176	0.27085	1	0.48256	0.52582	11.13599	1.06647	1	0.74298	0.55230	12.73652	1.06647	1	-0.00426	-0.00789	0.69222	0.00232	1	0.06297	-0.01270	0.67728	0.00380	1	1.45898	0.81042	0	
1283541	8655.96973	3307359290743	0.49422	0.26683	8655.54102	0.39453	12257	0	0.49995	0.16105	1	0.48358	0.38065	1	0.49176	0.27085	1	0.48257	0.52584	10.97610	1.06647	1	0.74276	0.55221	12.73868	1.06647	1	-0.00426	-0.00789	0.69222	0.00234	1	0.06297	-0.01270	0.67728	0.00379	1	1.45898	0.81042	0	
1283542	8655.97656	3307359357549	0.49072	0.26527	8655.54102	0.39453	12257	0	0.49446	0.17347	1	0.47299	0.35081	1	0.48373	0.26214	1	0.48250	0.52588	11.02414	1.06647	1	0.74282	0.55236	12.85316	1.06647	1	-0.00426	-0.00789	0.69222	0.00229	1	0.06297	-0.01270	0.67728	0.00373	1	1.45898	0.81042	0	
1283543	8655.98242	3307359422433	0.49037	0.25888	8655.96289	0.01953	12258	1	0.50188	0.15159	1	0.47672	0.32786	1	0.48930	0.23973	1	0.48260	0.52573	10.88715	1.06647	1	0.74291	0.55204	12.54351	1.06647	1	-0.00426	-0.00789	0.69222	0.00240	1	0.06297	-0.01270	0.67728	0.00382	1	1.45898	0.81042	0	
1283544	8655.98926	3307359490653	0.49008	0.25343	8655.96289	0.02637	12258	1	0.50078	0.14281	1	0.47707	0.32042	1	0.48892	0.23162	1	0.48255	0.52585	11.15090	1.07556	1	0.74315	0.55222	12.36503	1.07556	1	-0.00434	-0.00800	0.69732	0.00237	1	0.06297	-0.01270	0.67728	0.00376	1	1.45898	0.81042	0	
1283545	8655.99609	3307359558590	0.48948	0.25294	8655.96289	0.03320	12258	1	0.49309	0.15030	1	0.47985	0.35067	1	0.48647	0.25048	1	0.48252	0.52605	11.23991	1.08464	1	0.74287	0.55250	13.08732	1.08464	1	-0.00434	-0.00800	0.69732	0.00230	1	0.06297	-0.01270	0.67728	0.00363	1	1.45898	0.81042	0	
1283546	8656.00293	3307359624926	0.48937	0.25272	8655.96289	0.04004	12258	1	0.48722	0.16103	1	0.49021	0.34178	1	0.48871	0.25141	1	0.48245	0.52601	11.14830	1.09373	1	0.74296	0.55248	12.95808	1.09373	1	-0.00434	-0.00800	0.69732	0.00232	1	0.06297	-0.01270	0.67728	0.00370	1	1.45898	0.81042	0	
1283547	8656.00977	3307359691762	0.48924	0.25158	8655.96289	0.04688	12258	1	0.48605	0.15254	1	0.49066	0.33463	1	0.48835	0.24358	1	0.48249	0.52611	11.23083	1.10281	1	0.74284	0.55264	13.25404	1.10281	1	-0.00437	-0.00801	0.70242	0.00232	1	0.06297	-0.01270	0.67728	0.00364	1	1.45898	0.81042	0	
1283548	8656.01660	3307359758435	0.49068	0.26003	8655.96289	0.05371	12258	1	0.51254	0.30934	1	0.49182	0.34588	1	0.50218	0.32761	1	0.48234	0.52768	11.07923	1.10281	1	0.74302	0.55264	12.87420	1.10281	1	-0.00437	-0.00801	0.70242	0.00343	1	0.06297	-0.01270	0.67728	0.00370	1	1.45898	0.81042	0	
1283549	8656.02344	3307359825611	0.49138	0.25836	8655.96289	0.06055	12258	1	0.51628	0.14957	1	0.47906	0.33727	1	0.49767	0.24342	1	0.48248	0.52606	11.26785	1.10281	1	0.74285	0.55244	13.20865	1.10281	1	-0.00437	-0.00801	0.70242	0.00231	1	0.06297	-0.01270	0.67728	0.00373	1	1.45898	0.81042	0	
1283550	8656.02930	3307359892420	0.49198	0.25772	8655.96289	0.06641	12258	1	0.51725	0.15807	1	0.47870	0.34439	1	0.49797	0.25123	1	0.48226	0.52606	11.17309	1.09373	1	0.74281	0.55212	12.66535	1.09373	1	-0.00429	-0.00782	0.68106	0.00227	1	0.06297	-0.01270	0.67728	0.00380	1	1.45898	0.81042	0	
1283551	8656.03613	3307359959743	0.49321	0.26107	8655.96289	0.07324	12258	1	0.52457	0.28965	1	0.48902	0.30629	1	0.50679	0.29797	1	0.48212	0.52761	11.19620	1.08464	1	0.74303	0.55193	12.24963	1.08464	1	-0.00429	-0.00782	0.68106	0.00346	1	0.06297	-0.01270	0.67728	0.00378	1	1.45898	0.81042	0	
1283552	8656.04297	3307360024565	0.49424	0.26016	8655.96289	0.08008	12258	1	0.52750	0.19123	1	0.48569	0.30732	1	0.50659	0.24927	1	0.48226	0.52606	11.17309	1.07556	1	0.74299	0.55196	12.20277	1.07556	1	-0.00429	-0.00782	0.68106	0.00227	1	0.06297	-0.01270	0.67728	0.00377	1	1.45898	0.81042	0	
1283553	8656.04980	3307360089592	0.49514	0.25995	8655.96289	0.08691	12258	1	0.52841	0.19958	1	0.48527	0.31488	1	0.50684	0.25723	1	0.48214	0.52603	11.08957	1.06647	1	0.74304	0.55219	12.39184	1.06647	1	-0.00428	-0.00785	0.68009	0.00232	1	0.06297	-0.01270	0.67728	0.00363	1	1.45898	0.81042	0	
1283554	8656.05664	3307360161114	0.49574	0.25987	8655.96289	0.09375	12258	1	0.53545	0.16851	1	0.47273	0.34883	1	0.50409	0.25867	1	0.48232	0.52589	11.34581	1.06647	1	0.74278	0.55224	12.60082	1.06647	1	-0.00428	-0.00785	0.68009	0.00244	1	0.06297	-0.01270	0.67728	0.00371	1	1.45898	0.81042	0	
1283555	8656.06250	3307360224019	0.49595	0.25973	8655.96289	0.09961	12258	1	0.53463	0.17484	1	0.46380	0.34035	1	0.49922	0.25760	1	0.48228	0.52597	11.36080	1.06647	1	0.74262	0.55242	12.83719	1.06647	1	-0.00428	-0.00785	0.68009	0.00232	1	0.06297	-0.01270	0.67728	0.00382	1	1.45898	0.81042	0	
1283556	8656.06934	3307360292010	0.49613	0.25913	8655.96289	0.10645	12258	1	0.53376	0.16629	1	0.46404	0.33302	1	0.49890	0.24965	1	0.48197	0.52535	11.67081	1.07556	1	0.74301	0.55204	12.45660	1.07556	1	-0.00442	-0.00801	0.69327	0.00231	1	0.06349	-0.01278	0.68173	0.00387	1	1.45898	0.81042	0	
1283557	8656.07617	3307360359221	0.49513	0.25530	8655.96289	0.11328	12258	1	0.51423	0.10372	1	0.44199	0.27659	1	0.47811	0.19016	1	0.48209	0.52538	11.63924	1.08464	1	0.74228	0.55166	12.20245	1.08464	1	-0.00442	-0.00801	0.69327	0.00242	1	0.06349	-0.01278	0.68173	0.00420	1	1.45898	0.81042	0	
1283558	8656.08301	3307360424275	0.49428	0.25380	8655.96289	0.12012	12258	1	0.51669	0.10758	1	0.44151	0.34583	1	0.47910	0.22671	1	0.48199	0.52544	11.39601	1.09373	1	0.74224	0.55183	12.19933	1.09373	1	-0.00442	-0.00801	0.69327	0.00233	1	0.06349	-0.01278	0.68173	0.00427	1	1.45898	0.81042	0	
1283559	8656.08984	3307360491004	0.49352	0.25244	8655.96289	0.12695	12258	1	0.51669	0.10758	1	0.44151	0.34583	1	0.47910	0.22671	1	0.48186	0.52506	11.57863	1.09373	1	0.74219	0.55184	12.38509	1.09373	1	-0.00446	-0.00777	0.69111	0.00233	1	0.06297	-0.01260	0.67728	0.00397	1	1.45898	0.81042	0	
1283560	8656.09668	3307360561389	0.49281	0.24981	8655.96289	0.13379	12258	1	0.51038	0.09589	1	0.44671	0.29848	1	0.47854	0.19718	1	0.48189	0.52507	11.58891	1.08464	1	0.74237	0.55197	12.33107	1.08464	1	-0.00446	-0.00777	0.69111	0.00234	1	0.06297	-0.01260	0.67728	0.00396	1	1.45898	0.81042	0	
1283561	8656.10352	3307360626247	0.49204	0.24814	8655.96289	0.14062	12258	1	0.50727	0.09110	1	0.44462	0.33510	1	0.47594	0.21310	1	0.48191	0.52506	11.51784	1.07556	1	0.74234	0.55223	12.38352	1.07556	1	-0.00446	-0.00777	0.69111	0.00235	1	0.06297	-0.01260	0.67728	0.00382	1	1.45898	0.81042	0	
1283562	8656.11035	3307360693924	0.49137	0.24683	8655.96289	0.14746	12258	1	0.50832	0.10031	1	0.44461	0.33543	1	0.47647	0.21787	1	0.48189	0.52509	11.78934	1.06647	1	0.74257	0.55216	13.15927	1.07515	1	-0.00430	-0.00760	0.66687	0.00236	1	0.06565	-0.01320	0.70667	0.00379	1	1.45898	0.81042	0	
1283563	8656.11621	3307360761197	0.49066	0.24482	8655.96289	0.15332	12258	1	0.50828	0.08823	1	0.44070	0.30922	1	0.47449	0.19873	1	0.48189	0.52511	11.86849	1.07515	1	0.74221	0.55206	12.62320	1.08383	1	-0.00430	-0.00760	0.66687	0.00235	1	0.06565	-0.01320	0.70667	0.00388	1	1.45898	0.81042	0	
1283564	8656.12305	3307360830302	0.49048	0.24351	8655.96289	0.16016	12258	1	0.49692	0.08914	1	0.47496	0.33489	1	0.48594	0.21201	1	0.48178	0.52515	11.49985	1.08383	1	0.74242	0.55188	12.27277	1.09251	1	-0.00430	-0.00760	0.66687	0.00244	1	0.06565	-0.01320	0.70667	0.00382	1	1.45898	0.81042	0	
1283565	8656.12988	3307360894999	0.49029	0.24200	8655.96289	0.16699	12258	1	0.49586	0.08038	1	0.47527	0.32800	1	0.48557	0.20419	1	0.48173	0.52514	11.70959	1.09251	1	0.74243	0.55190	12.32071	1.10119	1	-0.00430	-0.00760	0.66687	0.00245	1	0.06565	-0.01320	0.70667	0.00386	1	1.45898	0.81042	0	
1283566	8656.13672	3307360964187	0.49028	0.24122	8655.96289	0.17383	12258	1	0.50316	0.09300	1	0.47715	0.34927	1	0.49016	0.22114	1	0.48171	0.52525	11.89267	1.10119	1	0.74248	0.55199	12.00024	1.10119	1	-0.00430	-0.00760	0.66687	0.00240	1	0.06565	-0.01320	0.70667	0.00394	1	1.45898	0.81042	0	
1283567	8656.14355	3307361031267	0.48254	0.21440	8655.96289	0.17383	12258	0	0.49521	0.09555	1	0.48100	0.33504	1	0.48810	0.21529	1	0.48167	0.52523	11.85560	1.10119	1	0.74246	0.55188	12.05664	1.10119	1	-0.00430	-0.00760	0.66687	0.00238	1	0.06565	-0.01320	0.70667	0.00384	1	1.45898	0.81042	0	
1283568	8656.15039	3307361098424	0.48523	0.21655	8655.96289	0.17383	12258	0	0.49521	0.09555	1	0.48064	0.34187	1	0.48793	0.21871	1	0.48167	0.52530	11.70002	1.10119	1	0.74252	0.55184	12.10393	1.09251	1	-0.00442	-0.00792	0.68572	0.00240	1	0.06378	-0.01278	0.68706	0.00383	1	1.45898	0.81042	0	
1283569	8656.15723	3307361164813	0.48649	0.20416	8655.96289	0.17383	12258	0	0.47236	0.09184	1	0.50565	0.26690	1	0.48901	0.17937	1	0.48156	0.52516	11.37149	1.09251	1	0.74252	0.55166	12.04221	1.08383	1	-0.00442	-0.00792	0.68572	0.00234	1	0.06378	-0.01278	0.68706	0.00388	1	1.45898	0.81042	0	
1283570	8656.16406	3307361232122	0.48848	0.20633	8656.14355	0.02051	12259	1	0.48150	0.08984	1	0.50741	0.33583	1	0.49446	0.21284	1	0.48157	0.52524	11.64917	1.08383	1	0.74252	0.55177	12.09551	1.07515	1	-0.00442	-0.00792	0.68572	0.00230	1	0.06378	-0.01278	0.68706	0.00383	1	1.45898	0.81042	0	
1283571	8656.17090	3307361299627	0.48974	0.20921	8656.14355	0.02734	12259	1	0.48266	0.09860	1	0.50684	0.34284	1	0.49475	0.22072	1	0.48163	0.52529	11.66438	1.07515	1	0.74213	0.55167	12.78292	1.06647	1	-0.00446	-0.00781	0.67623	0.00236	1	0.06378	-0.01288	0.68706	0.00384	1	1.45898	0.81042	0	
1283572	8656.17676	3307361366189	0.49038	0.21226	8656.14355	0.03320	12259	1	0.50017	0.12084	1	0.48706	0.33425	1	0.49362	0.22754	1	0.48145	0.52534	11.74681	1.06647	1	0.74222	0.55161	12.38291	1.06647	1	-0.00446	-0.00781	0.67623	0.00244	1	0.06378	-0.01288	0.68706	0.00399	1	1.45898	0.81042	0	
1283573	8656.18359	3307361433387	0.49259	0.21470	8656.14355	0.04004	12259	1	0.52188	0.10898	1	0.48977	0.34974	1	0.50583	0.22936	1	0.48136	0.52521	11.99742	1.06647	1	0.74229	0.55170	12.46575	1.06647	1	-0.00446	-0.00781	0.67623	0.00246	1	0.06378	-0.01288	0.68706	0.00398	1	1.45898	0.81042	0	
1283574	8656.19043	3307361500189	0.49424	0.21508	8656.14355	0.04688	12259	1	0.52092	0.09985	1	0.49066	0.33553	1	0.50579	0.21769	1	0.48124	0.52537	11.59346	1.07556	1	0.74234	0.55170	12.64279	1.08424	1	-0.00474	-0.00820	0.70966	0.00238	1	0.06512	-0.01311	0.70203	0.00400	1	1.45898	0.81042	0	
1283575	8656.19727	3307361566938	0.49414	0.21594	8656.14355	0.05371	12259	1	0.51706	0.11150	1	0.46956	0.33408	1	0.49331	0.22279	1	0.48133	0.52550	11.66019	1.09332	1	0.74196	0.55186	12.46325	1.10200	1	-0.00474	-0.00820	0.70966	0.00251	1	0.06512	-0.01311	0.70203	0.00389	1	1.45898	0.81042	0	
1283576	8656.20410	3307361632878	0.49409	0.21430	8656.14355	0.06055	12259	1	0.50972	0.08246	1	0.47767	0.31661	1	0.49370	0.19954	1	0.48132	0.52544	11.80042	1.11109	1	0.74205	0.55180	12.97016	1.11977	1	-0.00474	-0.00820	0.70966	0.00239	1	0.06512	-0.01311	0.70203	0.00392	1	1.45898	0.81042	0	
1283577	8656.21094	3307361702942	0.49401	0.21256	8656.14355	0.06738	12259	1	0.50877	0.07388	1	0.47767	0.31661	1	0.49322	0.19524	1	0.48122	0.52548	11.53515	1.11977	1	0.74200	0.55211	13.27414	1.11977	1	-0.00458	-0.00785	0.67939	0.00235	1	0.06266	-0.01263	0.67616	0.00386	1	1.45898	0.81042	0	
1283578	8656.21777	3307361768096	0.49282	0.21283	8656.14355	0.07422	12259	1	0.50386	0.10066	1	0.45556	0.33092	1	0.47971	0.21579	1	0.48108	0.52548	11.67341	1.11068	1	0.74176	0.55196	12.77917	1.10200	1	-0.00458	-0.00785	0.67939	0.00237	1	0.06266	-0.01263	0.67616	0.00395	1	1.45898	0.81042	0	
1283579	8656.22363	3307361836121	0.49304	0.21457	8656.14355	0.08008	12259	1	0.50173	0.11577	1	0.48955	0.35503	1	0.49564	0.23540	1	0.48105	0.52551	11.27834	1.09292	1	0.74185	0.55205	13.19362	1.08424	1	-0.00458	-0.00785	0.67939	0.00241	1	0.06266	-0.01263	0.67616	0.00377	1	1.45898	0.81042	0	
1283580	8656.23047	3307361898510	0.49327	0.21717	8656.14355	0.08691	12259	1	0.50383	0.13310	1	0.48868	0.36892	1	0.49626	0.25101	1	0.48105	0.52545	11.43442	1.07515	1	0.74175	0.55209	12.28003	1.06647	1	-0.00458	-0.00785	0.67939	0.00239	1	0.06288	-0.01269	0.67958	0.00385	1	1.45898	0.81042	0	
1283581	8656.23730	3307361966261	0.49244	0.22113	8656.14355	0.09375	12259	1	0.49344	0.13681	1	0.46825	0.41618	1	0.48084	0.27649	1	0.48099	0.52549	11.60423	1.06647	1	0.74150	0.55233	13.28528	1.06647	1	-0.00458	-0.00785	0.67939	0.00241	1	0.06288	-0.01269	0.67958	0.00378	1	1.45898	0.81042	0	
1283582	8656.24414	3307362036338	0.49211	0.22218	8656.14355	0.10059	12259	1	0.50572	0.14582	1	0.46852	0.33009	1	0.48712	0.23795	1	0.48103	0.52550	11.99908	1.06647	1	0.74155	0.55213	12.57840	1.06647	1	-0.00458	-0.00785	0.67939	0.00235	1	0.06288	-0.01269	0.67958	0.00388	1	1.45898	0.81042	0	
1283583	8656.25098	3307362103881	0.49181	0.22311	8656.14355	0.10742	12259	1	0.50572	0.14582	1	0.46852	0.33009	1	0.48712	0.23795	1	0.48107	0.52554	11.73255	1.06647	1	0.74158	0.55197	12.54923	1.06647	1	-0.00458	-0.00785	0.67939	0.00238	1	0.06288	-0.01269	0.67958	0.00384	1	1.45898	0.81042	0	
1283584	8656.25781	3307362170246	0.49184	0.22386	8656.14355	0.11426	12259	1	0.50160	0.13613	1	0.48281	0.33734	1	0.49221	0.23674	1	0.48108	0.52552	11.80546	1.06647	1	0.74173	0.55197	12.34488	1.06647	1	-0.00458	-0.00785	0.67939	0.00237	1	0.06288	-0.01269	0.67958	0.00385	1	1.45898	0.81042	0	
1283585	8656.26367	3307362233697	0.49190	0.22495	8656.14355	0.12012	12259	1	0.50654	0.12533	1	0.47950	0.36355	1	0.49302	0.24444	1	0.48110	0.52558	12.07334	1.06647	1	0.74174	0.55215	12.31144	1.06647	1	-0.00458	-0.00785	0.67939	0.00235	1	0.06288	-0.01269	0.67958	0.00392	1	1.45898	0.81042	0	
1283586	8656.27051	3307362302563	0.49195	0.22592	8656.14355	0.12695	12259	1	0.50654	0.12533	1	0.47950	0.36355	1	0.49302	0.24444	1	0.48116	0.52565	11.81807	1.06647	1	0.74172	0.55131	12.24057	1.06647	1	-0.00458	-0.00785	0.67939	0.00247	1	0.06288	-0.01269	0.67958	0.00421	1	1.45898	0.81042	0	
1283587	8656.27734	3307362366817	0.49227	0.22681	8656.14355	0.13379	12259	1	0.51464	0.14467	1	0.48238	0.34457	1	0.49851	0.24462	1	0.48115	0.52559	11.83796	1.06647	1	0.74170	0.55227	12.51695	1.06647	1	-0.00458	-0.00785	0.67939	0.00248	1	0.06288	-0.01269	0.67958	0.00388	1	1.45898	0.81042	0	
1283588	8656.28418	3307362438023	0.49246	0.22737	8656.14355	0.14062	12259	1	0.51078	0.16563	1	0.48244	0.31276	1	0.49661	0.23919	1	0.48122	0.52571	12.10652	1.06647	1	0.74173	0.55161	12.30209	1.06647	1	-0.00458	-0.00785	0.67939	0.00247	1	0.06288	-0.01269	0.67958	0.00403	1	1.45898	0.81042	0	
1283589	8656.29102	3307362504934	0.49264	0.22789	8656.14355	0.14746	12259	1	0.51078	0.16563	1	0.48244	0.31276	1	0.49661	0.23919	1	0.48121	0.52569	11.69094	1.06647	1	0.74171	0.55141	12.33585	1.06647	1	-0.00458	-0.00785	0.67939	0.00244	1	0.06288	-0.01269	0.67958	0.00399	1	1.45898	0.81042	0	
1283590	8656.29785	3307362570805	0.49258	0.22840	8656.14355	0.15430	12259	1	0.50507	0.16467	1	0.47726	0.31546	1	0.49117	0.24006	1	0.48102	0.52574	11.77930	1.06647	1	0.74173	0.55132	12.17956	1.06647	1	-0.00458	-0.00785	0.67939	0.00240	1	0.06288	-0.01269	0.67958	0.00433	1	1.45898	0.81042	0	
1283591	8656.30469	3307362638107	0.49261	0.22837	8656.14355	0.16113	12259	1	0.50281	0.15728	1	0.48357	0.29846	1	0.49319	0.22787	1	0.48103	0.52555	11.64074	1.06647	1	0.74171	0.55107	11.82196	1.06647	1	-0.00458	-0.00785	0.67939	0.00240	1	0.06288	-0.01269	0.67958	0.00442	1	1.45898	0.81042	0	
1283592	8656.31152	3307362705966	0.49226	0.23107	8656.14355	0.16797	12259	1	0.50281	0.15728	0	0.48357	0.29846	1	0.48357	0.29846	1	0.48103	0.52555	11.64074	1.06647	0	0.48099	0.52567	11.86322	1.06647	1	-0.00458	-0.00785	0.67939	0.00240	1	-0.00458	-0.00785	0.67939	0.00244	1	1.45898	0.81042	0	
1283593	8656.31738	3307362772865	0.48829	0.22527	8656.14355	0.17383	12259	1	0.50281	0.15728	0	0.38519	0.07438	1	0.38519	0.07438	1	0.48103	0.52555	11.64074	1.06647	0	0.48107	0.52553	11.76655	1.06647	1	-0.00458	-0.00785	0.67939	0.00240	1	-0.00458	-0.00785	0.67939	0.00238	1	1.45898	0.81042	0	
1283594	8656.32422	3307362839362	0.48450	0.22056	8656.14355	0.18066	12259	1	0.50281	0.15728	0	0.38201	0.09334	1	0.38201	0.09334	1	0.48103	0.52555	11.64074	1.06647	0	0.48100	0.52558	11.54237	1.06647	1	-0.00458	-0.00785	0.67939	0.00240	1	-0.00458	-0.00785	0.67939	0.00244	1	1.45898	0.81042	0	
1283595	8656.33105	3307362907496	0.48096	0.21617	8656.14355	0.18750	12259	1	0.50281	0.15728	0	0.38201	0.09334	1	0.38201	0.09334	1	0.48103	0.52555	11.64074	1.06647	0	0.48106	0.52562	11.69249	1.06647	1	-0.00458	-0.00785	0.67939	0.00240	1	-0.00458	-0.00785	0.67939	0.00245	1	1.45898	0.81042	0	
1283596	8656.33789	3307362973587	0.45667	0.19363	8656.14355	0.18750	12259	0	0.50281	0.15728	0	0.38511	0.08423	1	0.38511	0.08423	1	0.48103	0.52555	11.64074	1.06647	0	0.48106	0.52564	11.90696	1.06647	1	-0.00458	-0.00785	0.67939	0.00240	1	-0.00458	-0.00785	0.67939	0.00249	1	1.45898	0.81042	0	
1283597	8656.34473	3307363040766	0.41767	0.14741	8656.14355	0.18750	12259	0	0.50281	0.15728	0	0.37867	0.10119	1	0.37867	0.10119	1	0.48103	0.52555	11.64074	1.06647	0	0.48101	0.52550	11.83099	1.06647	1	-0.00458	-0.00785	0.67939	0.00240	1	-0.00458	-0.00785	0.67939	0.00247	1	1.45898	0.81042	0	
1283598	8656.35156	3307363108176	0.40467	0.13201	8656.14355	0.18750	12259	0	0.50281	0.15728	0	0.37867	0.10119	1	0.37867	0.10119	1	0.48103	0.52555	11.64074	1.06647	0	0.48097	0.52578	12.33554	1.06647	1	-0.00458	-0.00785	0.67939	0.00240	1	-0.00458	-0.00785	0.67939	0.00241	1	1.45898	0.81042	0	
1283599	8656.35840	3307363174548	0.37920	0.10249	8656.14355	0.18750	12259	0	0.50281	0.15728	0	0.38026	0.10509	1	0.38026	0.10509	1	0.48103	0.52555	11.64074	1.06647	0	0.48095	0.52571	11.88700	1.06647	1	-0.00458	-0.00785	0.67939	0.00240	1	-0.00458	-0.00785	0.67939	0.00244	1	1.45898	0.81042	0	
1283600	8656.36426	3307363241842	0.38044	0.09287	8656.14355	0.18750	12259	0	0.50281	0.15728	0	0.38167	0.08325	1	0.38167	0.08325	1	0.48103	0.52555	11.64074	1.06647	0	0.48103	0.52583	12.15003	1.06647	1	-0.00458	-0.00785	0.67939	0.00240	1	-0.00458	-0.00785	0.67939	0.00240	1	1.45898	0.81042	0	
1283601	8656.37109	3307363308443	0.38085	0.08966	8656.14355	0.18750	12259	0	0.50281	0.15728	0	0.38167	0.08325	1	0.38167	0.08325	1	0.48103	0.52555	11.64074	1.06647	0	0.48094	0.52574	11.98465	1.06647	1	-0.00458	-0.00785	0.67939	0.00240	1	-0.00458	-0.00785	0.67939	0.00235	1	1.45898	0.81042	0	
1283602	8656.37793	3307363375688	0.40556	0.12498	8656.35840	0.01953	12260	1	0.49756	0.10808	1	0.46183	0.35378	1	0.47969	0.23093	1	0.48085	0.52573	11.92286	1.06647	1	0.74147	0.55182	12.75789	1.06647	1	-0.00458	-0.00785	0.67939	0.00242	1	-0.00458	-0.00785	0.67939	0.00393	1	1.45898	0.81042	0	
1283603	8656.38477	3307363442596	0.42070	0.14185	8656.35840	0.02637	12260	1	0.49638	0.09819	1	0.46614	0.32043	1	0.48126	0.20931	1	0.48101	0.52554	11.89047	1.06647	1	0.74147	0.55130	12.34062	1.06647	1	-0.00458	-0.00785	0.67939	0.00240	1	-0.00458	-0.00785	0.67939	0.00421	1	1.45898	0.81042	0	
1283604	8656.39160	3307363509780	0.43079	0.15309	8656.35840	0.03320	12260	1	0.49638	0.09819	1	0.46614	0.32043	1	0.48126	0.20931	1	0.48097	0.52571	12.27279	1.06647	1	0.74156	0.55229	12.52122	1.06647	1	-0.00458	-0.00785	0.67939	0.00239	1	0.06234	-0.01263	0.67372	0.00387	1	1.45898	0.81042	0	
1283605	8656.39844	3307363577035	0.43703	0.16801	8656.35840	0.04004	12260	1	0.49417	0.10928	1	0.45476	0.40574	1	0.47446	0.25751	1	0.48081	0.52565	12.61520	1.06647	1	0.74131	0.55235	13.12395	1.06647	1	-0.00458	-0.00785	0.67939	0.00240	1	0.06234	-0.01263	0.67372	0.00391	1	1.45898	0.81042	0	
1283606	8656.40527	3307363643698	0.44155	0.17857	8656.35840	0.04688	12260	1	0.48910	0.12473	1	0.45717	0.38024	1	0.47314	0.25249	1	0.48086	0.52576	12.08473	1.06647	1	0.74140	0.55220	12.95863	1.06647	1	-0.00458	-0.00785	0.67939	0.00242	1	0.06234	-0.01263	0.67372	0.00393	1	1.45898	0.81042	0	
1283607	8656.41113	3307363709776	0.44506	0.18678	8656.35840	0.05273	12260	1	0.48910	0.12473	1	0.45717	0.38024	1	0.47314	0.25249	1	0.48098	0.52572	11.92513	1.06647	1	0.74129	0.55193	12.69823	1.06647	1	-0.00458	-0.00785	0.67939	0.00252	1	0.06234	-0.01263	0.67372	0.00392	1	1.45898	0.81042	0	
1283608	8656.41797	3307363777220	0.44901	0.19399	8656.35840	0.05957	12260	1	0.49879	0.12411	1	0.47039	0.39367	1	0.48459	0.25889	1	0.48095	0.52577	12.29580	1.06647	1	0.74157	0.55216	12.59077	1.06647	1	-0.00458	-0.00785	0.67939	0.00250	1	0.06234	-0.01263	0.67372	0.00384	1	1.45898	0.81042	0	
1283609	8656.42480	3307363841420	0.45175	0.19768	8656.35840	0.06641	12260	1	0.49720	0.12398	1	0.46121	0.34512	1	0.47921	0.23455	1	0.48090	0.52588	12.23975	1.06647	1	0.74142	0.55188	12.68862	1.06647	1	-0.00458	-0.00785	0.67939	0.00244	1	0.06234	-0.01263	0.67372	0.00388	1	1.45898	0.81042	0	
1283610	8656.43164	3307363911636	0.45404	0.20075	8656.35840	0.07324	12260	1	0.49720	0.12398	1	0.46121	0.34512	1	0.47921	0.23455	1	0.48094	0.52582	12.18072	1.06647	1	0.74134	0.55177	12.68428	1.06647	1	-0.00458	-0.00785	0.67939	0.00243	1	0.06234	-0.01263	0.67372	0.00382	1	1.45898	0.81042	0	
1283611	8656.43848	3307363978669	0.45637	0.20640	8656.35840	0.08008	12260	1	0.49601	0.13450	1	0.47264	0.41393	1	0.48433	0.27421	1	0.48099	0.52590	12.23643	1.06647	1	0.74163	0.55241	12.62247	1.06647	1	-0.00458	-0.00785	0.67939	0.00240	1	0.06234	-0.01263	0.67372	0.00392	1	1.45898	0.81042	0	
1283612	8656.44531	3307364045963	0.45868	0.20937	8656.35840	0.08691	12260	1	0.50084	0.11958	1	0.47650	0.37633	1	0.48867	0.24795	1	0.48101	0.52578	12.36351	1.06647	1	0.74164	0.55201	12.36960	1.06647	1	-0.00458	-0.00785	0.67939	0.00245	1	0.06234	-0.01263	0.67372	0.00420	1	1.45898	0.81042	0	
1283613	8656.45117	3307364108187	0.48064	0.24251	8656.35840	0.08691	12260	0	0.50084	0.11958	1	0.47650	0.37633	1	0.48867	0.24795	1	0.48099	0.52581	12.30309	1.06647	1	0.74162	0.55138	12.20108	1.06647	1	-0.00458	-0.00785	0.67939	0.00246	1	0.06234	-0.01263	0.67372	0.00445	1	1.45898	0.81042	0	
1283614	8656.45801	3307364175276	0.49072	0.22819	8656.35840	0.08691	12260	0	0.50743	0.12278	1	0.49417	0.30498	1	0.50080	0.21388	1	0.48105	0.52573	12.00111	1.06647	1	0.74191	0.55131	12.71962	1.06647	1	-0.00458	-0.00785	0.67939	0.00249	1	0.06234	-0.01263	0.67372	0.00445	1	1.45898	0.81042	0	
1283615	8656.46484	3307364243440	0.49197	0.23143	8656.35840	0.08691	12260	0	0.49253	0.16716	1	0.49642	0.30862	1	0.49447	0.23789	1	0.48102	0.52584	12.38947	1.06647	1	0.74199	0.55145	12.73418	1.06647	1	-0.00458	-0.00785	0.67939	0.00246	1	0.06234	-0.01263	0.67372	0.00423	1	1.45898	0.81042	0	
1283616	8656.47168	3307364310744	0.49254	0.23384	8656.45117	0.02051	12261	1	0.49253	0.16716	1	0.49599	0.31504	1	0.49426	0.24110	1	0.48110	0.52576	12.24709	1.06647	1	0.74161	0.55163	12.32595	1.05881	1	-0.00458	-0.00785	0.67939	0.00245	1	0.06114	-0.01238	0.66023	0.00425	1	1.45898	0.81042	0	
1283617	8656.47852	3307364377641	0.49279	0.23906	8656.45117	0.02734	12261	1	0.50562	0.11820	1	0.48199	0.40160	1	0.49381	0.25990	1	0.48110	0.52584	12.22273	1.05881	1	0.74174	0.55222	12.39391	1.05115	1	-0.00458	-0.00785	0.67939	0.00246	1	0.06114	-0.01238	0.66023	0.00381	1	1.45898	0.81042	0	
1283618	8656.48438	3307364442961	0.49356	0.23951	8656.45117	0.03320	12261	1	0.50931	0.15960	1	0.48544	0.32401	1	0.49737	0.24180	1	0.48110	0.52585	12.37067	1.05115	1	0.74179	0.55109	11.88916	1.04349	1	-0.00458	-0.00785	0.67939	0.00244	1	0.06114	-0.01238	0.66023	0.00426	1	1.45898	0.81042	0	
1283619	8656.49219	3307364512389	0.49410	0.23966	8656.45117	0.04102	12261	1	0.50914	0.15821	1	0.48550	0.32281	1	0.49732	0.24051	1	0.48129	0.52569	12.54635	1.05258	1	0.74213	0.55144	12.92796	1.04492	1	-0.00474	-0.00820	0.70966	0.00239	1	0.06114	-0.01238	0.66023	0.00413	1	1.45898	0.81042	0	
1283620	8656.49805	3307364579931	0.49599	0.24098	8656.45117	0.04688	12261	1	0.51631	0.17613	1	0.50216	0.32442	1	0.50924	0.25028	1	0.48123	0.52571	12.40304	1.05400	1	0.74211	0.55132	12.86298	1.05400	1	-0.00474	-0.00820	0.70966	0.00237	1	0.06114	-0.01238	0.66023	0.00416	1	1.45898	0.81042	0	
1283621	8656.50488	3307364646686	0.49840	0.24766	8656.45117	0.05371	12261	1	0.53684	0.26976	1	0.49849	0.33244	1	0.51767	0.30110	1	0.48148	0.52683	11.32894	1.06309	1	0.74197	0.55151	12.96999	1.06309	1	-0.00474	-0.00820	0.70966	0.00394	1	0.06114	-0.01238	0.66023	0.00412	1	1.45898	0.81042	0	
1283622	8656.51172	3307364713785	0.50033	0.25193	8656.45117	0.06055	12261	1	0.53599	0.26199	1	0.49947	0.31872	1	0.51773	0.29035	1	0.48134	0.52564	12.09074	1.07218	1	0.74214	0.55189	12.85121	1.07983	1	-0.00474	-0.00820	0.70966	0.00244	1	0.06323	-0.01279	0.68224	0.00381	1	1.45898	0.81042	0	
1283623	8656.51855	3307364780495	0.50089	0.24871	8656.45117	0.06738	12261	1	0.51450	0.12161	1	0.49855	0.31126	1	0.50653	0.21644	1	0.48130	0.52544	12.00062	1.07983	1	0.74202	0.55168	13.21161	1.08749	1	-0.00474	-0.00820	0.70966	0.00247	1	0.06323	-0.01279	0.68224	0.00381	1	1.45898	0.81042	0	
1283624	8656.52539	3307364849410	0.50182	0.24704	8656.45117	0.07422	12261	1	0.52003	0.12755	1	0.50389	0.32998	1	0.51196	0.22877	1	0.48128	0.52564	12.30653	1.08749	1	0.74210	0.55178	13.13509	1.09515	1	-0.00474	-0.00820	0.70966	0.00238	1	0.06323	-0.01279	0.68224	0.00380	1	1.45898	0.81042	0	
1283625	8656.53223	3307364917176	0.50262	0.24547	8656.45117	0.08105	12261	1	0.52018	0.12894	1	0.50433	0.32419	1	0.51226	0.22657	1	0.48148	0.52564	12.31974	1.08607	1	0.74176	0.55174	13.54257	1.10241	1	-0.00446	-0.00781	0.67623	0.00251	1	0.06475	-0.01309	0.69804	0.00409	1	1.45898	0.81042	0	
1283626	8656.53906	3307364983670	0.50363	0.24209	8656.45117	0.08789	12261	1	0.53029	0.12769	1	0.50324	0.26859	1	0.51676	0.19814	1	0.48154	0.52573	12.54874	1.09332	1	0.74204	0.55100	13.06150	1.10200	1	-0.00446	-0.00781	0.67623	0.00251	1	0.06475	-0.01309	0.69804	0.00426	1	1.45898	0.81042	0	
1283627	8656.54492	3307365049173	0.50386	0.23854	8656.45117	0.09375	12261	1	0.50694	0.12197	1	0.50724	0.25575	1	0.50709	0.18886	1	0.48154	0.52570	12.18760	1.09292	1	0.74213	0.55127	12.76862	1.10160	1	-0.00446	-0.00781	0.67623	0.00248	1	0.06475	-0.01309	0.69804	0.00406	1	1.45898	0.81042	0	
1283628	8656.55176	3307365117175	0.50406	0.23546	8656.45117	0.10059	12261	1	0.50699	0.12236	1	0.50721	0.25610	1	0.50710	0.18923	1	0.48147	0.52563	12.07847	1.09251	1	0.74203	0.55180	13.07395	1.10119	1	-0.00446	-0.00781	0.67623	0.00245	1	0.06475	-0.01309	0.69804	0.00380	1	1.45898	0.81042	0	
1283629	8656.55859	3307365182809	0.50355	0.23409	8656.45117	0.10742	12261	1	0.49936	0.08300	1	0.49143	0.34141	1	0.49539	0.21220	1	0.48148	0.52543	11.85619	1.10119	1	0.74190	0.55195	13.41590	1.10119	1	-0.00446	-0.00781	0.67623	0.00249	1	0.06475	-0.01309	0.69804	0.00383	1	1.45898	0.81042	0	
1283630	8656.56543	3307365250053	0.50247	0.23234	8656.45117	0.11426	12261	1	0.50836	0.10566	1	0.45982	0.29944	1	0.48409	0.20255	1	0.48146	0.52556	12.25203	1.10119	1	0.74184	0.55152	13.28574	1.10119	1	-0.00446	-0.00781	0.67623	0.00243	1	0.06475	-0.01309	0.69804	0.00416	1	1.45898	0.81042	0	
1283631	8656.57227	3307365318630	0.50150	0.23077	8656.45117	0.12109	12261	1	0.50836	0.10566	1	0.45982	0.29944	1	0.48409	0.20255	1	0.48151	0.52565	12.30989	1.10119	1	0.74193	0.55143	13.18847	1.10119	1	-0.00446	-0.00781	0.67623	0.00244	1	0.06475	-0.01309	0.69804	0.00412	1	1.45898	0.81042	0	
1283632	8656.57910	3307365385261	0.50014	0.22962	8656.45117	0.12793	12261	1	0.47907	0.10479	1	0.46934	0.31071	1	0.47421	0.20775	1	0.48141	0.52558	12.19948	1.10119	1	0.74191	0.55183	13.39213	1.10119	1	-0.00446	-0.00781	0.67623	0.00249	1	0.06475	-0.01309	0.69804	0.00390	1	1.45898	0.81042	0	
1283633	8656.58594	3307365452217	0.49867	0.22790	8656.45117	0.13477	12261	1	0.46768	0.11703	1	0.47085	0.27017	1	0.46927	0.19360	1	0.48137	0.52549	11.75406	1.10119	1	0.74193	0.55109	12.96405	1.10119	1	-0.00446	-0.00781	0.67623	0.00252	1	0.06475	-0.01309	0.69804	0.00422	1	1.45898	0.81042	0	
1283634	8656.59277	3307365519384	0.49733	0.22634	8656.45117	0.14160	12261	1	0.46768	0.11703	1	0.47085	0.27017	1	0.46927	0.19360	1	0.48159	0.52561	11.88519	1.10119	1	0.74190	0.55201	13.42203	1.10119	1	-0.00446	-0.00781	0.67623	0.00250	1	0.06475	-0.01309	0.69804	0.00383	1	1.45898	0.81042	0	
1283635	8656.59863	3307365585705	0.49737	0.22654	8656.45117	0.14746	12261	1	0.50651	0.11473	1	0.48968	0.34711	1	0.49810	0.23092	1	0.48142	0.52555	11.91322	1.10119	1	0.74191	0.55199	13.32161	1.10119	1	-0.00446	-0.00781	0.67623	0.00252	1	0.06475	-0.01309	0.69804	0.00384	1	1.45898	0.81042	0	
1283636	8656.60547	3307365651725	0.49728	0.22632	8656.45117	0.15430	12261	1	0.51696	0.12508	1	0.47361	0.31719	1	0.49529	0.22113	1	0.48156	0.52567	12.09903	1.10119	1	0.74194	0.55192	13.37286	1.10119	1	-0.00446	-0.00781	0.67623	0.00247	1	0.06475	-0.01309	0.69804	0.00380	1	1.45898	0.81042	0	
1283637	8656.61230	3307365718184	0.49720	0.22611	8656.45117	0.16113	12261	1	0.51696	0.12508	1	0.47361	0.31719	1	0.49529	0.22113	1	0.48139	0.52566	12.31395	1.10119	1	0.74204	0.55182	13.11233	1.10119	1	-0.00446	-0.00781	0.67623	0.00245	1	0.06475	-0.01309	0.69804	0.00382	1	1.45898	0.81042	0	
1283638	8656.61914	3307365784337	0.49704	0.22552	8656.45117	0.16797	12261	1	0.48965	0.10373	1	0.49624	0.31765	1	0.49295	0.21069	1	0.48130	0.52552	11.83406	1.10119	1	0.74195	0.55188	13.44690	1.10119	1	-0.00446	-0.00781	0.67623	0.00247	1	0.06475	-0.01309	0.69804	0.00377	1	1.45898	0.81042	0	
1283639	8656.62500	3307365849121	0.49652	0.22494	8656.45117	0.17383	12261	1	0.48794	0.09048	1	0.47843	0.32953	1	0.48319	0.21001	1	0.48132	0.52548	11.86764	1.10119	1	0.74210	0.55188	13.11130	1.10119	1	-0.00446	-0.00781	0.67623	0.00249	1	0.06475	-0.01309	0.69804	0.00385	1	1.45898	0.81042	0	
1283640	8656.63184	3307365917955	0.49604	0.22453	8656.45117	0.18066	12261	1	0.48794	0.09048	1	0.47810	0.33641	1	0.48302	0.21345	1	0.48140	0.52558	12.17686	1.10119	1	0.74202	0.55125	13.03230	1.09251	1	-0.00446	-0.00781	0.67623	0.00250	1	0.06323	-0.01279	0.68224	0.00411	1	1.45898	0.81042	0	
1283641	8656.63867	3307365985451	0.49684	0.22381	8656.45117	0.18750	12261	1	0.52848	0.12454	1	0.50999	0.28273	1	0.51923	0.20364	1	0.48139	0.52556	11.73780	1.09251	1	0.74214	0.55124	12.98787	1.08383	1	-0.00446	-0.00781	0.67623	0.00256	1	0.06323	-0.01279	0.68224	0.00403	1	1.45898	0.81042	0	
1283642	8656.64551	3307366054829	0.49694	0.22358	8656.45117	0.19434	12261	1	0.50150	0.13454	1	0.49844	0.29890	1	0.49997	0.21672	1	0.48148	0.52571	12.15335	1.08383	1	0.74202	0.55125	13.03230	1.07515	1	-0.00446	-0.00781	0.67623	0.00253	1	0.06323	-0.01279	0.68224	0.00411	1	1.45898	0.81042	0	
1283643	8656.65234	3307366121952	0.49705	0.22361	8656.45117	0.20117	12261	1	0.50254	0.14293	1	0.49794	0.30620	1	0.50024	0.22456	1	0.48141	0.52575	12.31515	1.07515	1	0.74206	0.55081	12.66520	1.06647	1	-0.00446	-0.00781	0.67623	0.00253	1	0.06323	-0.01279	0.68224	0.00422	1	1.45898	0.81042	0	
1283644	8656.65918	3307366186067	0.49738	0.22382	8656.45117	0.20801	12261	1	0.52277	0.13399	1	0.49252	0.32660	1	0.50764	0.23029	1	0.48135	0.52585	12.63273	1.06647	1	0.74190	0.55142	13.05156	1.06647	1	-0.00446	-0.00781	0.67623	0.00247	1	0.06323	-0.01279	0.68224	0.00415	1	1.45898	0.81042	0	
1283645	8656.66602	3307366253612	0.49782	0.22408	8656.45117	0.21484	12261	1	0.52537	0.12986	1	0.49858	0.33493	1	0.51198	0.23240	1	0.48153	0.52578	12.42585	1.06647	1	0.74195	0.55157	13.15497	1.06647	1	-0.00446	-0.00781	0.67623	0.00253	1	0.06323	-0.01279	0.68224	0.00409	1	1.45898	0.81042	0	
1283646	8656.67285	3307366323915	0.49824	0.22432	8656.45117	0.22168	12261	1	0.52537	0.12986	1	0.49858	0.33493	1	0.51198	0.23240	1	0.48150	0.52574	12.23751	1.06647	1	0.74205	0.55158	13.11757	1.06647	1	-0.00446	-0.00781	0.67623	0.00254	1	0.06323	-0.01279	0.68224	0.00407	1	1.45898	0.81042	0	
1283647	8656.67969	3307366390195	0.49861	0.22495	8656.45117	0.22852	12261	1	0.52260	0.17241	1	0.49944	0.32032	1	0.51102	0.24637	1	0.48132	0.52568	12.00358	1.06647	1	0.74203	0.55137	12.82507	1.06647	1	-0.00446	-0.00781	0.67623	0.00248	1	0.06323	-0.01279	0.68224	0.00403	1	1.45898	0.81042	0	
1283648	8656.68652	3307366457186	0.49897	0.22505	8656.45117	0.23535	12261	1	0.52646	0.12147	1	0.49661	0.33558	1	0.51154	0.22853	1	0.48146	0.52561	12.37583	1.06647	1	0.74198	0.55157	13.19467	1.06647	1	-0.00446	-0.00781	0.67623	0.00252	1	0.06323	-0.01279	0.68224	0.00401	1	1.45898	0.81042	0	
1283649	8656.69238	3307366522017	0.49930	0.22514	8656.45117	0.24121	12261	1	0.52646	0.12147	1	0.49661	0.33558	1	0.51154	0.22853	1	0.48142	0.52575	12.02564	1.06647	1	0.74187	0.55168	13.02293	1.06647	1	-0.00446	-0.00781	0.67623	0.00254	1	0.06323	-0.01279	0.68224	0.00422	1	1.45898	0.81042	0	
1283650	8656.69922	3307366590834	0.49965	0.22583	8656.45117	0.24805	12261	1	0.52504	0.15733	1	0.50015	0.34476	1	0.51260	0.25104	1	0.48142	0.52575	12.02564	1.06647	1	0.74203	0.55155	13.04525	1.06647	1	-0.00446	-0.00781	0.67623	0.00254	1	0.06323	-0.01279	0.68224	0.00400	1	1.45898	0.81042	0	
1283651	8656.70605	3307366657699	0.49955	0.22622	8656.45117	0.25488	12261	1	0.50924	0.09947	1	0.48229	0.38283	1	0.49577	0.24115	1	0.48125	0.52561	11.95489	1.06647	1	0.74180	0.55211	13.15785	1.06647	1	-0.00446	-0.00781	0.67623	0.00244	1	0.06323	-0.01279	0.68224	0.00400	1	1.45898	0.81042	0	
1283652	8656.71289	3307366724800	0.49946	0.22659	8656.45117	0.26172	12261	1	0.50924	0.09947	1	0.48229	0.38283	1	0.49577	0.24115	1	0.48140	0.52572	11.84315	1.06647	1	0.74185	0.55146	13.05257	1.06647	1	-0.00446	-0.00781	0.67623	0.00256	1	0.06323	-0.01279	0.68224	0.00406	1	1.45898	0.81042	0	
1283653	8656.71973	3307366791816	0.49962	0.22630	8656.45117	0.26855	12261	1	0.52742	0.12272	1	0.48493	0.30668	1	0.50617	0.21470	1	0.48138	0.52570	12.46187	1.06647	1	0.74179	0.55133	12.87017	1.06647	1	-0.00446	-0.00781	0.67623	0.00254	1	0.06323	-0.01279	0.68224	0.00412	1	1.45898	0.81042	0	
1283654	8656.72656	3307366858796	0.49982	0.22592	8656.45117	0.27539	12261	1	0.52740	0.10652	1	0.48843	0.31433	1	0.50791	0.21042	1	0.48142	0.52575	12.02564	1.06647	1	0.74185	0.55147	13.00319	1.06647	1	-0.00446	-0.00781	0.67623	0.00254	1	0.06323	-0.01279	0.68224	0.00408	1	1.45898	0.81042	0	
1283655	8656.73242	3307366923400	0.50001	0.22528	8656.45117	0.28125	12261	1	0.52648	0.09737	1	0.48930	0.29953	1	0.50789	0.19845	1	0.48142	0.52575	12.02564	1.07556	1	0.74195	0.55193	13.24335	1.08424	1	-0.00474	-0.00820	0.70966	0.00254	1	0.06475	-0.01309	0.69804	0.00388	1	1.45898	0.81042	0	
1283656	8656.73926	3307366991870	0.49997	0.22344	8656.45117	0.28809	12261	1	0.48510	0.05814	1	0.51184	0.22980	1	0.49847	0.14397	1	0.48130	0.52562	12.56045	1.09332	1	0.74215	0.55083	12.82493	1.10200	1	-0.00474	-0.00820	0.70966	0.00240	1	0.06475	-0.01309	0.69804	0.00425	1	1.45898	0.81042	0	
1283657	8656.74609	3307367059699	0.50007	0.22223	8656.45117	0.29492	12261	1	0.50226	0.07992	1	0.50604	0.25804	1	0.50415	0.16898	1	0.48149	0.52576	12.02131	1.11109	1	0.74213	0.55128	13.03158	1.11977	1	-0.00474	-0.00820	0.70966	0.00255	1	0.06475	-0.01309	0.69804	0.00408	1	1.45898	0.81042	0	
1283658	8656.75293	3307367126314	0.50014	0.22079	8656.45117	0.30176	12261	1	0.50021	0.06229	1	0.50660	0.25036	1	0.50340	0.15633	1	0.48139	0.52578	12.25913	1.12885	1	0.74175	0.55181	13.51652	1.12885	1	-0.00461	-0.00816	0.70662	0.00254	1	0.06323	-0.01279	0.68224	0.00410	1	1.45898	0.81042	0	
1283659	8656.75977	3307367193731	0.50023	0.22011	8656.45117	0.30859	12261	1	0.50818	0.06796	1	0.50068	0.30907	1	0.50443	0.18851	1	0.48131	0.52588	12.25414	1.12885	1	0.74199	0.55165	13.01203	1.12017	1	-0.00461	-0.00816	0.70662	0.00248	1	0.06323	-0.01279	0.68224	0.00427	1	1.45898	0.81042	0	
1283660	8656.76660	3307367259801	0.50054	0.21933	8656.45117	0.31543	12261	1	0.52277	0.06743	1	0.50703	0.29837	1	0.51490	0.18290	1	0.48151	0.52574	12.16812	1.12017	1	0.74212	0.55170	12.87287	1.11149	1	-0.00461	-0.00816	0.70662	0.00243	1	0.06323	-0.01279	0.68224	0.00392	1	1.45898	0.81042	0	
1283661	8656.77344	3307367328163	0.50126	0.21842	8656.45117	0.32227	12261	1	0.52454	0.08508	1	0.50591	0.31285	1	0.51523	0.19897	1	0.48147	0.52581	12.08772	1.10241	1	0.74209	0.55176	12.88299	1.09373	1	-0.00446	-0.00781	0.67623	0.00241	1	0.06323	-0.01279	0.68224	0.00393	1	1.45898	0.81042	0	
1283662	8656.78027	3307367394461	0.50148	0.21901	8656.45117	0.32910	12261	1	0.52300	0.12136	1	0.50030	0.36260	1	0.51165	0.24198	1	0.48136	0.52595	12.47205	1.08464	1	0.74202	0.55198	12.89222	1.08464	1	-0.00446	-0.00781	0.67623	0.00248	1	0.06323	-0.01279	0.68224	0.00417	1	1.45898	0.81042	0	
1283663	8656.78613	3307367460588	0.50170	0.21915	8656.45117	0.33496	12261	1	0.52561	0.10924	1	0.48437	0.38014	1	0.50499	0.24469	1	0.48144	0.52578	12.85599	1.07556	1	0.74186	0.55221	13.26707	1.07556	1	-0.00446	-0.00781	0.67623	0.00251	1	0.06323	-0.01279	0.68224	0.00411	1	1.45898	0.81042	0	
1283664	8656.79297	3307367528558	0.50193	0.21916	8656.45117	0.34180	12261	1	0.52561	0.10924	1	0.48476	0.37350	1	0.50518	0.24137	1	0.48141	0.52598	12.39183	1.07556	1	0.74186	0.55221	13.26707	1.08424	1	-0.00474	-0.00820	0.70966	0.00254	1	0.06475	-0.01309	0.69804	0.00411	1	1.45898	0.81042	0	
1283665	8656.79980	3307367595548	0.50230	0.21868	8656.45117	0.34863	12261	1	0.52762	0.11975	1	0.49599	0.35379	1	0.51180	0.23677	1	0.48146	0.52586	12.64880	1.09332	1	0.74197	0.55211	13.14254	1.10200	1	-0.00474	-0.00820	0.70966	0.00252	1	0.06475	-0.01309	0.69804	0.00412	1	1.45898	0.81042	0	
1283666	8656.80664	3307367660851	0.50253	0.21709	8656.45117	0.35547	12261	1	0.52293	0.07742	1	0.49351	0.25377	1	0.50822	0.16560	1	0.48152	0.52570	12.65456	1.11109	1	0.74191	0.55171	13.09559	1.11977	1	-0.00474	-0.00820	0.70966	0.00252	1	0.06475	-0.01309	0.69804	0.00435	1	1.45898	0.81042	0	
1283667	8656.81348	3307367729462	0.50274	0.21526	8656.45117	0.36230	12261	1	0.52115	0.05979	1	0.49398	0.24606	1	0.50756	0.15293	1	0.48123	0.52577	12.45744	1.12885	1	0.74189	0.55174	13.13457	1.12885	1	-0.00474	-0.00820	0.70966	0.00249	1	0.06323	-0.01279	0.68224	0.00434	1	1.45898	0.81042	0	
1283668	8656.82031	3307367793484	0.50268	0.21302	8656.45117	0.36914	12261	1	0.51046	0.06230	1	0.50157	0.22276	1	0.50602	0.14253	1	0.48132	0.52576	12.02874	1.12885	1	0.74202	0.55208	13.01805	1.12017	1	-0.00474	-0.00820	0.70966	0.00248	1	0.06323	-0.01279	0.68224	0.00424	1	1.45898	0.81042	0	
1283669	8656.82715	3307367863323	0.50247	0.20964	8656.45117	0.37598	12261	1	0.50717	0.09883	1	0.50818	0.17934	1	0.50768	0.13908	1	0.48132	0.52576	12.02874	1.12017	1	0.74205	0.55120	12.44446	1.11149	1	-0.00474	-0.00820	0.70966	0.00248	1	0.06323	-0.01279	0.68224	0.00446	1	1.45898	0.81042	0	
1283670	8656.83301	3307367927479	0.50227	0.20684	8656.45117	0.38184	12261	1	0.50915	0.11600	1	0.50705	0.19572	1	0.50810	0.15586	1	0.48137	0.52583	12.23298	1.10241	1	0.74177	0.55205	13.06101	1.09373	1	-0.00446	-0.00781	0.67623	0.00253	1	0.06323	-0.01279	0.68224	0.00415	1	1.45898	0.81042	0	
1283671	8656.83984	3307367997632	0.50227	0.20614	8656.45117	0.38867	12261	1	0.51763	0.11777	1	0.49575	0.24811	1	0.50669	0.18294	1	0.48125	0.52588	12.38000	1.08464	1	0.74194	0.55175	12.84763	1.08464	1	-0.00446	-0.00781	0.67623	0.00246	1	0.06323	-0.01279	0.68224	0.00412	1	1.45898	0.81042	0	
1283672	8656.84668	3307368064009	0.50218	0.20585	8656.45117	0.39551	12261	1	0.52042	0.12805	1	0.49461	0.30179	1	0.50751	0.21492	1	0.48136	0.52591	12.23015	1.07556	1	0.74196	0.55176	12.85696	1.07556	1	-0.00446	-0.00781	0.67623	0.00252	1	0.06323	-0.01279	0.68224	0.00413	1	1.45898	0.81042	0	
1283673	8656.85352	3307368128826	0.50208	0.20578	8656.45117	0.40234	12261	1	0.52138	0.13694	1	0.49412	0.30940	1	0.50775	0.22317	1	0.48126	0.52589	12.36874	1.06647	1	0.74170	0.55226	13.23023	1.06647	1	-0.00458	-0.00785	0.67939	0.00246	1	0.06323	-0.01279	0.68224	0.00409	1	1.45898	0.81042	0	
1283674	8656.86035	3307368194365	0.50174	0.20685	8656.45117	0.40918	12261	1	0.51126	0.13406	1	0.48873	0.36433	1	0.50000	0.24920	1	0.48126	0.52589	12.36874	1.06647	1	0.74190	0.55206	12.96481	1.06647	1	-0.00458	-0.00785	0.67939	0.00245	1	0.06323	-0.01279	0.68224	0.00404	1	1.45898	0.81042	0	
1283675	8656.86621	3307368261290	0.50169	0.20810	8656.45117	0.41504	12261	1	0.51664	0.12454	1	0.49353	0.37312	1	0.50508	0.24883	1	0.48127	0.52588	12.38577	1.06647	1	0.74193	0.55201	12.83851	1.06647	1	-0.00458	-0.00785	0.67939	0.00246	1	0.06323	-0.01279	0.68224	0.00407	1	1.45898	0.81042	0	
1283676	8656.87305	3307368327820	0.50165	0.20940	8656.45117	0.42188	12261	1	0.51664	0.12454	1	0.49312	0.37908	1	0.50488	0.25181	1	0.48108	0.52588	12.51281	1.06647	1	0.74155	0.55260	13.26109	1.05881	1	-0.00458	-0.00785	0.67939	0.00244	1	0.06114	-0.01238	0.66023	0.00404	1	1.45898	0.81042	0	
1283677	8656.87988	3307368398528	0.50134	0.21071	8656.45117	0.42871	12261	1	0.50774	0.12221	1	0.45342	0.42749	1	0.48058	0.27485	1	0.48118	0.52582	12.56059	1.05881	1	0.74135	0.55258	12.72371	1.05115	1	-0.00458	-0.00785	0.67939	0.00240	1	0.06114	-0.01238	0.66023	0.00413	1	1.45898	0.81042	0	
1283678	8656.88672	3307368465320	0.50158	0.21233	8656.45117	0.43555	12261	1	0.50696	0.14336	1	0.48455	0.41752	1	0.49575	0.28044	1	0.48109	0.52582	12.26091	1.05115	1	0.74183	0.55227	12.66978	1.04349	1	-0.00458	-0.00785	0.67939	0.00246	1	0.06114	-0.01238	0.66023	0.00421	1	1.45898	0.81042	0	
1283679	8656.89355	3307368533399	0.50183	0.21403	8656.45117	0.44238	12261	1	0.50787	0.15092	1	0.48455	0.41752	1	0.49621	0.28422	1	0.48102	0.52583	12.09436	1.04349	1	0.74165	0.55263	12.92031	1.04349	1	-0.00458	-0.00785	0.67939	0.00250	1	0.06234	-0.01263	0.67372	0.00418	1	1.45898	0.81042	0	
1283680	8656.90039	3307368597650	0.50217	0.21547	8656.45117	0.44922	12261	1	0.49666	0.11945	1	0.48405	0.43457	1	0.49036	0.27701	1	0.48104	0.52593	12.27867	1.04349	1	0.74178	0.55249	12.46189	1.05115	1	-0.00458	-0.00785	0.67939	0.00250	1	0.06234	-0.01263	0.67372	0.00426	1	1.45898	0.81042	0	
1283681	8656.90723	3307368663010	0.49834	0.24214	8656.45117	0.44922	12261	0	0.49921	0.10927	1	0.45506	0.41558	1	0.47714	0.26243	1	0.48104	0.52593	12.27867	1.05115	1	0.74139	0.55230	12.58259	1.05881	1	-0.00458	-0.00785	0.67939	0.00250	1	0.06234	-0.01263	0.67372	0.00425	1	1.45898	0.81042	0	
1283682	8656.91309	3307368729436	0.48753	0.24891	8656.45117	0.44922	12261	0	0.49826	0.10146	1	0.45521	0.40991	1	0.47673	0.25568	1	0.48102	0.52590	12.19361	1.05881	1	0.74122	0.55185	12.60722	1.06647	1	-0.00458	-0.00785	0.67939	0.00251	1	0.06234	-0.01263	0.67372	0.00435	1	1.45898	0.81042	0	
1283683	8656.92090	3307368801315	0.48796	0.24703	8656.45117	0.44922	12261	0	0.50080	0.09820	1	0.47682	0.38830	1	0.48881	0.24325	1	0.48104	0.52593	12.31356	1.06647	1	0.74167	0.55212	12.67846	1.06647	1	-0.00458	-0.00785	0.67939	0.00249	1	0.06234	-0.01263	0.67372	0.00419	1	1.45898	0.81042	0	
1283684	8656.92773	3307368867969	0.48595	0.24374	8656.90723	0.02051	12262	1	0.50246	0.08525	1	0.45735	0.38248	1	0.47991	0.23387	1	0.48106	0.52592	12.34286	1.06647	1	0.74137	0.55203	13.15340	1.06647	1	-0.00458	-0.00785	0.67939	0.00248	1	0.06234	-0.01263	0.67372	0.00418	1	1.45898	0.81042	0	
1283685	8656.93359	3307368935585	0.48465	0.24013	8656.90723	0.02637	12262	1	0.50137	0.07591	1	0.45754	0.37551	1	0.47946	0.22571	1	0.48096	0.52601	12.33346	1.07556	1	0.74127	0.55191	13.16551	1.07556	1	-0.00489	-0.00833	0.71627	0.00243	1	0.06234	-0.01263	0.67372	0.00422	1	1.45898	0.81042	0	
1283686	8656.94043	3307369002961	0.48611	0.23805	8656.90723	0.03320	12262	1	0.49258	0.07892	1	0.49426	0.37642	1	0.49342	0.22767	1	0.48094	0.52595	12.34177	1.08464	1	0.74155	0.55207	12.69394	1.08464	1	-0.00489	-0.00833	0.71627	0.00254	1	0.06234	-0.01263	0.67372	0.00437	1	1.45898	0.81042	0	
1283687	8656.94727	3307369069268	0.48517	0.23475	8656.90723	0.04004	12262	1	0.48382	0.08249	1	0.47516	0.34733	1	0.47949	0.21491	1	0.48085	0.52603	12.36680	1.09373	1	0.74128	0.55193	12.81356	1.09373	1	-0.00489	-0.00833	0.71627	0.00249	1	0.06234	-0.01263	0.67372	0.00421	1	1.45898	0.81042	0	
1283688	8656.95410	3307369136170	0.48440	0.23125	8656.90723	0.04688	12262	1	0.48263	0.07334	1	0.47548	0.34023	1	0.47906	0.20678	1	0.48078	0.52610	12.14363	1.10281	1	0.74138	0.55182	12.88120	1.10281	1	-0.00483	-0.00817	0.70758	0.00251	1	0.06234	-0.01263	0.67372	0.00426	1	1.45898	0.81042	0	
1283689	8656.96094	3307369200680	0.48384	0.22676	8656.90723	0.05371	12262	1	0.47955	0.06349	1	0.47913	0.31814	1	0.47934	0.19081	1	0.48082	0.52603	12.33729	1.10281	1	0.74138	0.55168	12.76173	1.10281	1	-0.00483	-0.00817	0.70758	0.00250	1	0.06234	-0.01263	0.67372	0.00407	1	1.45898	0.81042	0	
1283690	8656.96777	3307369269882	0.48380	0.22422	8656.90723	0.06055	12262	1	0.48208	0.07025	1	0.48479	0.33258	1	0.48344	0.20141	1	0.48081	0.52602	12.35616	1.10281	1	0.74140	0.55177	12.91691	1.10281	1	-0.00483	-0.00817	0.70758	0.00251	1	0.06234	-0.01263	0.67372	0.00427	1	1.45898	0.81042	0	
1283691	8656.97461	3307369336724	0.48377	0.22215	8656.90723	0.06738	12262	1	0.48208	0.07025	1	0.48479	0.33258	1	0.48344	0.20141	1	0.48096	0.52590	12.44285	1.10281	1	0.74104	0.55202	13.06340	1.10281	1	-0.00483	-0.00817	0.70758	0.00250	1	0.06431	-0.01308	0.69504	0.00429	1	1.45898	0.81042	0	
1283692	8656.98047	3307369402408	0.48261	0.22055	8656.90723	0.07324	12262	1	0.49469	0.05166	1	0.44516	0.35417	1	0.46992	0.20291	1	0.48089	0.52597	12.31473	1.10281	1	0.74114	0.55215	13.01367	1.10281	1	-0.00483	-0.00817	0.70758	0.00257	1	0.06431	-0.01308	0.69504	0.00433	1	1.45898	0.81042	0	
1283693	8656.98730	3307369470979	0.48112	0.21589	8656.90723	0.08008	12262	1	0.48140	0.05694	1	0.44507	0.26313	1	0.46323	0.16004	1	0.48082	0.52603	12.33729	1.10281	1	0.74113	0.55206	12.92948	1.10281	1	-0.00483	-0.00817	0.70758	0.00251	1	0.06431	-0.01308	0.69504	0.00424	1	1.45898	0.81042	0	
1283694	8656.99414	3307369538089	0.47984	0.21190	8656.90723	0.08691	12262	1	0.48140	0.05694	1	0.44507	0.26313	1	0.46323	0.16004	1	0.48100	0.52810	12.20655	1.10281	1	0.74125	0.55159	12.97898	1.10281	1	-0.00489	-0.00833	0.71627	0.00394	1	0.06431	-0.01308	0.69504	0.00423	1	1.45898	0.81042	0	
1283695	8657.00098	3307369605214	0.47972	0.21547	8656.90723	0.09375	12262	1	0.50337	0.22406	1	0.45251	0.30661	1	0.47794	0.26533	1	0.48097	0.52778	12.44855	1.10281	1	0.74124	0.55184	13.03193	1.10281	1	-0.00489	-0.00833	0.71627	0.00379	1	0.06431	-0.01308	0.69504	0.00429	1	1.45898	0.81042	0	
1283696	8657.00781	3307369672101	0.47923	0.21773	8656.90723	0.10059	12262	1	0.49046	0.21147	1	0.45323	0.29186	1	0.47185	0.25166	1	0.48089	0.52791	12.20173	1.10281	1	0.74134	0.55199	12.89674	1.10281	1	-0.00489	-0.00833	0.71627	0.00393	1	0.06431	-0.01308	0.69504	0.00440	1	1.45898	0.81042	0	
1283697	8657.01465	3307369738148	0.47882	0.22018	8656.90723	0.10742	12262	1	0.49161	0.21947	1	0.45308	0.29933	1	0.47234	0.25940	1	0.48100	0.52590	12.45040	1.09373	1	0.74144	0.55196	12.99510	1.09373	1	-0.00460	-0.00793	0.68213	0.00249	1	0.06234	-0.01263	0.67372	0.00440	1	1.45898	0.81042	0	
1283698	8657.02148	3307369806055	0.47859	0.21886	8656.90723	0.11426	12262	1	0.49860	0.08441	1	0.45076	0.30846	1	0.47468	0.19644	1	0.48110	0.52607	12.57345	1.08464	1	0.74122	0.55199	12.68981	1.08464	1	-0.00460	-0.00793	0.68213	0.00259	1	0.06234	-0.01263	0.67372	0.00444	1	1.45898	0.81042	0	
1283699	8657.02734	3307369872956	0.47857	0.21792	8656.90723	0.12012	12262	1	0.49958	0.09846	1	0.45699	0.30343	1	0.47829	0.20095	1	0.48097	0.52595	12.59801	1.07556	1	0.74132	0.55185	12.74114	1.07556	1	-0.00460	-0.00793	0.68213	0.00249	1	0.06234	-0.01263	0.67372	0.00443	1	1.45898	0.81042	0	
1283700	8657.03418	3307369939929	0.47858	0.21749	8656.90723	0.12695	12262	1	0.50069	0.10762	1	0.45681	0.31100	1	0.47875	0.20931	1	0.48096	0.52601	12.44721	1.06647	1	0.74139	0.55180	12.75737	1.06647	1	-0.00460	-0.00793	0.68213	0.00249	1	0.06431	-0.01308	0.69504	0.00446	1	1.45898	0.81042	0	
1283701	8657.04102	3307370007024	0.47959	0.22093	8656.90723	0.13379	12262	1	0.52035	0.26391	1	0.47896	0.31569	1	0.49965	0.28980	1	0.48121	0.52803	12.54356	1.06647	1	0.74173	0.55211	13.36578	1.06647	1	-0.00460	-0.00793	0.68213	0.00396	1	0.06431	-0.01308	0.69504	0.00432	1	1.45898	0.81042	0	
1283702	8657.04785	3307370073855	0.48004	0.22492	8656.90723	0.14062	12262	1	0.50686	0.26652	1	0.47222	0.35076	1	0.48954	0.30864	1	0.48108	0.52802	12.42723	1.06647	1	0.74160	0.55213	12.20125	1.06647	1	-0.00460	-0.00793	0.68213	0.00389	1	0.06431	-0.01308	0.69504	0.00439	1	1.45898	0.81042	0	
1283703	8657.05469	3307370140866	0.48045	0.22856	8656.90723	0.14746	12262	1	0.50686	0.26652	1	0.47222	0.35076	1	0.48954	0.30864	1	0.48130	0.52744	12.75585	1.06647	1	0.74160	0.55213	12.20125	1.06647	1	-0.00458	-0.00785	0.67939	0.00374	1	0.06431	-0.01308	0.69504	0.00440	1	1.45898	0.81042	0	
1283704	8657.06152	3307370207863	0.48073	0.22741	8656.90723	0.15430	12262	1	0.50832	0.09675	1	0.46569	0.30543	1	0.48701	0.20109	1	0.48114	0.52611	12.48804	1.06647	1	0.74152	0.55217	13.32972	1.06647	1	-0.00458	-0.00785	0.67939	0.00256	1	0.06431	-0.01308	0.69504	0.00432	1	1.45898	0.81042	0	
1283705	8657.06836	3307370274821	0.48075	0.22700	8656.90723	0.16113	12262	1	0.51414	0.09521	1	0.44836	0.33914	1	0.48125	0.21717	1	0.48119	0.52608	12.56735	1.06647	1	0.74121	0.55249	12.96827	1.06647	1	-0.00458	-0.00785	0.67939	0.00253	1	0.06431	-0.01308	0.69504	0.00429	1	1.45898	0.81042	0	
1283706	8657.07422	3307370341848	0.48077	0.22663	8656.90723	0.16699	12262	1	0.51414	0.09521	1	0.44836	0.33914	1	0.48125	0.21717	1	0.48109	0.52790	12.35568	1.06647	1	0.74166	0.55194	13.44997	1.06647	1	-0.00458	-0.00785	0.67939	0.00395	1	0.06234	-0.01263	0.67372	0.00431	1	1.45898	0.81042	0	
1283707	8657.08105	3307370408528	0.48110	0.22876	8656.90723	0.17383	12262	1	0.50701	0.28356	1	0.47238	0.28506	1	0.48970	0.28431	1	0.48108	0.52823	12.47828	1.06647	1	0.74162	0.55214	13.48704	1.06647	1	-0.00458	-0.00785	0.67939	0.00388	1	0.06234	-0.01263	0.67372	0.00432	1	1.45898	0.81042	0	
1283708	8657.08789	3307370475614	0.48186	0.23161	8656.90723	0.18066	12262	1	0.53029	0.29713	1	0.47475	0.31986	1	0.50252	0.30850	1	0.48135	0.52827	12.90200	1.06647	1	0.74157	0.55243	13.60366	1.06647	1	-0.00458	-0.00785	0.67939	0.00372	1	0.06234	-0.01263	0.67372	0.00419	1	1.45898	0.81042	0	
1283709	8657.09473	3307370542884	0.48257	0.23437	8656.90723	0.18750	12262	1	0.53029	0.29713	1	0.47447	0.32619	1	0.50238	0.31166	1	0.48112	0.52817	12.46732	1.06647	1	0.74155	0.55200	13.48660	1.05881	1	-0.00458	-0.00785	0.67939	0.00374	1	0.06114	-0.01243	0.66024	0.00439	1	1.45898	0.81042	0	
1283710	8657.10156	3307370609292	0.48988	0.26373	8656.90723	0.18750	12262	0	0.51940	0.32906	1	0.47804	0.28587	1	0.49872	0.30747	1	0.48118	0.52853	12.37695	1.05881	1	0.74169	0.55183	13.81274	1.05115	1	-0.00458	-0.00785	0.67939	0.00369	1	0.06114	-0.01243	0.66024	0.00450	1	1.45898	0.81042	0	
1283711	8657.10840	3307370676718	0.48746	0.29385	8656.90723	0.18750	12262	0	0.50129	0.31598	1	0.46878	0.33198	1	0.48504	0.32398	1	0.48093	0.52826	12.22292	1.05115	1	0.74154	0.55221	13.60499	1.04349	1	-0.00458	-0.00785	0.67939	0.00375	1	0.06114	-0.01243	0.66024	0.00429	1	1.45898	0.81042	0	
1283712	8657.11523	3307370743846	0.48677	0.30601	8656.90723	0.18750	12262	0	0.50225	0.32229	1	0.46854	0.33836	1	0.48539	0.33032	1	0.48103	0.52759	11.98948	1.04349	1	0.74200	0.55264	13.30779	1.03583	1	-0.00458	-0.00785	0.67939	0.00402	1	0.06114	-0.01243	0.66024	0.00429	1	1.45898	0.81042	0	
1283713	8657.12109	3307370807977	0.49024	0.30741	8657.10156	0.01953	12263	1	0.51183	0.24809	1	0.48950	0.37517	1	0.50067	0.31163	1	0.48108	0.52741	12.14161	1.03583	1	0.74186	0.55255	13.19503	1.03583	1	-0.00458	-0.00785	0.67939	0.00409	1	0.06114	-0.01243	0.66024	0.00409	1	1.45898	0.81042	0	
1283714	8657.12793	3307370877681	0.49271	0.30306	8657.10156	0.02637	12263	1	0.52398	0.24148	1	0.48116	0.32977	1	0.50257	0.28563	1	0.48130	0.52732	12.56024	1.03583	1	0.74176	0.55230	13.66874	1.03583	1	-0.00458	-0.00785	0.67939	0.00406	1	0.06114	-0.01243	0.66024	0.00401	1	1.45898	0.81042	0	
1283715	8657.13477	3307370944700	0.49430	0.29883	8657.10156	0.03320	12263	1	0.52301	0.23325	1	0.48155	0.32212	1	0.50228	0.27768	1	0.48141	0.52742	12.78455	1.04492	1	0.74173	0.55234	13.48888	1.04492	1	-0.00478	-0.00833	0.71675	0.00401	1	0.06114	-0.01243	0.66024	0.00402	1	1.45898	0.81042	0	
1283716	8657.14160	3307371011644	0.49779	0.29519	8657.10156	0.04004	12263	1	0.53508	0.24267	1	0.50235	0.30405	1	0.51872	0.27336	1	0.48150	0.52745	12.85515	1.05400	1	0.74201	0.55199	13.13829	1.05400	1	-0.00478	-0.00833	0.71675	0.00417	1	0.06114	-0.01243	0.66024	0.00417	1	1.45898	0.81042	0	
1283717	8657.14844	3307371078466	0.50106	0.29737	8657.10156	0.04688	12263	1	0.55215	0.30416	1	0.49567	0.32114	1	0.52391	0.31265	1	0.48166	0.52840	13.06941	1.06309	1	0.74202	0.55247	13.38746	1.06309	1	-0.00478	-0.00833	0.71675	0.00374	1	0.06114	-0.01243	0.66024	0.00400	1	1.45898	0.81042	0	
1283718	8657.15527	3307371145832	0.50362	0.29872	8657.10156	0.05371	12263	1	0.55215	0.30416	1	0.49610	0.31479	1	0.52412	0.30947	1	0.48173	0.52834	13.10514	1.06309	1	0.74190	0.55205	13.46570	1.07075	1	-0.00450	-0.00793	0.68245	0.00379	1	0.06266	-0.01273	0.67616	0.00424	1	1.45898	0.81042	0	
1283719	8657.16211	3307371211904	0.50362	0.29441	8657.10156	0.06055	12263	1	0.50873	0.21461	1	0.49858	0.29668	1	0.50365	0.25564	1	0.48148	0.52722	12.76417	1.06166	1	0.74202	0.55215	13.41295	1.06932	1	-0.00450	-0.00793	0.68245	0.00409	1	0.06266	-0.01273	0.67616	0.00418	1	1.45898	0.81042	0	
1283720	8657.16797	3307371279383	0.50303	0.29321	8657.10156	0.06641	12263	1	0.51711	0.26130	1	0.47719	0.30109	1	0.49715	0.28120	1	0.48201	0.52796	12.17791	1.06024	1	0.74204	0.55217	13.53269	1.06790	1	-0.00450	-0.00793	0.68245	0.00388	1	0.06266	-0.01273	0.67616	0.00415	1	1.45898	0.81042	0	
1283721	8657.17480	3307371346582	0.50256	0.29200	8657.10156	0.07324	12263	1	0.51726	0.26254	1	0.47747	0.29498	1	0.49737	0.27876	1	0.48196	0.52784	12.47413	1.05881	1	0.74193	0.55196	13.47723	1.07515	1	-0.00446	-0.00781	0.67623	0.00390	1	0.06512	-0.01332	0.70203	0.00420	1	1.45898	0.81042	0	
1283722	8657.18164	3307371413562	0.50271	0.29220	8657.10156	0.08008	12263	1	0.53473	0.30430	1	0.47429	0.28469	1	0.50451	0.29449	1	0.48229	0.52845	12.82677	1.07515	1	0.74198	0.55189	13.41724	1.08383	1	-0.00446	-0.00781	0.67623	0.00393	1	0.06512	-0.01332	0.70203	0.00425	1	1.45898	0.81042	0	
1283723	8657.18848	3307371480280	0.50132	0.28378	8657.10156	0.08691	12263	1	0.48996	0.07620	1	0.47661	0.27257	1	0.48329	0.17438	1	0.48172	0.52617	13.37905	1.08383	1	0.74195	0.55190	13.43616	1.09251	1	-0.00446	-0.00781	0.67623	0.00259	1	0.06512	-0.01332	0.70203	0.00422	1	1.45898	0.81042	0	
1283724	8657.19531	3307371547363	0.50008	0.27619	8657.10156	0.09375	12263	1	0.48886	0.06733	1	0.47661	0.27257	1	0.48273	0.16995	1	0.48174	0.52629	13.05004	1.09251	1	0.74199	0.55248	13.28195	1.09251	1	-0.00446	-0.00803	0.69111	0.00261	1	0.06378	-0.01304	0.68706	0.00419	1	1.45898	0.81042	0	
1283725	8657.20215	3307371614481	0.49898	0.27682	8657.10156	0.10059	12263	1	0.50035	0.22972	1	0.46456	0.34262	1	0.48245	0.28617	1	0.48174	0.52778	11.98633	1.09251	1	0.74219	0.55261	13.79728	1.08383	1	-0.00446	-0.00803	0.69111	0.00407	1	0.06378	-0.01304	0.68706	0.00421	1	1.45898	0.81042	0	
1283726	8657.20801	3307371678732	0.49751	0.27962	8657.10156	0.10645	12263	1	0.51206	0.27252	1	0.43581	0.37634	1	0.47393	0.32443	1	0.48185	0.52802	12.00841	1.08383	1	0.74187	0.55301	13.38608	1.07515	1	-0.00446	-0.00803	0.69111	0.00390	1	0.06378	-0.01304	0.68706	0.00408	1	1.45898	0.81042	0	
1283727	8657.21484	3307371748273	0.49623	0.28249	8657.10156	0.11328	12263	1	0.51303	0.27979	1	0.43580	0.38297	1	0.47441	0.33138	1	0.48181	0.52751	11.88910	1.07515	1	0.74232	0.55279	14.19125	1.06647	1	-0.00446	-0.00803	0.69111	0.00403	1	0.06378	-0.01304	0.68706	0.00412	1	1.45898	0.81042	0	
1283728	8657.22168	3307371815849	0.49618	0.28350	8657.10156	0.12012	12263	1	0.52482	0.25898	1	0.46589	0.34443	1	0.49535	0.30170	1	0.48211	0.52781	12.87067	1.06647	1	0.74225	0.55263	14.09724	1.06647	1	-0.00446	-0.00803	0.69111	0.00392	1	0.06378	-0.01304	0.68706	0.00410	1	1.45898	0.81042	0	
1283729	8657.22852	3307371881864	0.49598	0.28396	8657.10156	0.12695	12263	1	0.51112	0.23188	1	0.47329	0.35341	1	0.49221	0.29264	1	0.48186	0.52741	12.14161	1.06647	1	0.74234	0.55273	14.28508	1.06647	1	-0.00446	-0.00803	0.69111	0.00410	1	0.06378	-0.01304	0.68706	0.00404	1	1.45898	0.81042	0	
1283730	8657.23535	3307371949717	0.49580	0.28452	8657.10156	0.13379	12263	1	0.51112	0.23188	1	0.47302	0.35950	1	0.49207	0.29569	1	0.48217	0.52684	12.70208	1.06647	1	0.74251	0.55247	14.06608	1.05881	1	-0.00428	-0.00785	0.68009	0.00421	1	0.06038	-0.01238	0.64997	0.00399	1	1.45898	0.81042	0	
1283731	8657.24219	3307372016481	0.49647	0.28640	8657.10156	0.14062	12263	1	0.55675	0.28753	1	0.46442	0.36420	1	0.51058	0.32587	1	0.48258	0.52829	13.05176	1.05881	1	0.74231	0.55255	13.86737	1.05115	1	-0.00428	-0.00785	0.68009	0.00400	1	0.06038	-0.01238	0.64997	0.00408	1	1.45898	0.81042	0	
1283732	8657.24902	3307372083458	0.49577	0.28578	8657.10156	0.14746	12263	1	0.50935	0.19336	1	0.45163	0.35092	1	0.48049	0.27214	1	0.48227	0.52692	12.44999	1.05115	1	0.74239	0.55261	14.16636	1.04349	1	-0.00428	-0.00785	0.68009	0.00416	1	0.06038	-0.01238	0.64997	0.00404	1	1.45898	0.81042	0	
1283733	8657.25488	3307372146933	0.49516	0.28521	8657.10156	0.15332	12263	1	0.51025	0.20056	1	0.45177	0.34386	1	0.48101	0.27221	1	0.48264	0.52711	12.04865	1.04349	1	0.74288	0.55211	13.08844	1.05217	1	-0.00428	-0.00791	0.68009	0.00417	1	0.06627	-0.01357	0.71211	0.00398	1	1.45898	0.81042	0	
1283734	8657.26172	3307372213443	0.49511	0.28711	8657.10156	0.16016	12263	1	0.51721	0.32839	1	0.47063	0.33714	1	0.49392	0.33276	1	0.48269	0.52832	12.85302	1.05217	1	0.74271	0.55260	13.15624	1.06851	1	-0.00428	-0.00791	0.68009	0.00369	1	0.06627	-0.01357	0.71211	0.00398	1	1.45898	0.81042	0	
1283735	8657.26855	3307372281291	0.49442	0.28387	8657.10156	0.16699	12263	1	0.49303	0.12403	1	0.46151	0.28122	1	0.47727	0.20263	1	0.48244	0.52622	12.93774	1.06851	1	0.74261	0.55218	13.28417	1.08485	1	-0.00428	-0.00791	0.68009	0.00268	1	0.06627	-0.01357	0.71211	0.00410	1	1.45898	0.81042	0	
1283736	8657.27539	3307372348632	0.49373	0.28013	8657.10156	0.17383	12263	1	0.48980	0.09884	1	0.46191	0.26704	1	0.47586	0.18294	1	0.48260	0.52630	13.24059	1.09394	1	0.74285	0.55286	13.29655	1.10160	1	-0.00442	-0.00820	0.70969	0.00262	1	0.06349	-0.01299	0.68173	0.00399	1	1.45898	0.81042	0	
1283737	8657.28223	3307372414857	0.49388	0.28080	8657.10156	0.18066	12263	1	0.51829	0.29450	1	0.47711	0.30358	1	0.49770	0.29904	1	0.48289	0.52855	13.10510	1.11068	1	0.74273	0.55268	13.35663	1.10200	1	-0.00442	-0.00820	0.70969	0.00376	1	0.06349	-0.01299	0.68173	0.00397	1	1.45898	0.81042	0	
1283738	8657.28906	3307372482512	0.49406	0.28149	8657.10156	0.18750	12263	1	0.52039	0.26332	1	0.47817	0.33813	1	0.49928	0.30072	1	0.48283	0.52834	12.90688	1.11109	1	0.74285	0.55286	13.29655	1.10241	1	-0.00442	-0.00820	0.70969	0.00378	1	0.06349	-0.01299	0.68173	0.00399	1	1.45898	0.81042	0	
1283739	8657.29590	3307372550844	0.49424	0.28212	8657.10156	0.19434	12263	1	0.52035	0.26298	1	0.47819	0.33781	1	0.49927	0.30040	1	0.48269	0.52803	12.41747	1.11149	1	0.74287	0.55286	13.52041	1.10281	1	-0.00442	-0.00820	0.70969	0.00383	1	0.06349	-0.01299	0.68173	0.00398	1	1.45898	0.81042	0	
1283740	8657.30176	3307372612904	0.49414	0.28254	8657.10156	0.20020	12263	1	0.49803	0.26789	1	0.48461	0.32261	1	0.49132	0.29525	1	0.48254	0.52845	12.13140	1.10281	1	0.74294	0.55268	14.06922	1.10281	1	-0.00442	-0.00820	0.70969	0.00384	1	0.06349	-0.01299	0.68173	0.00398	1	1.45898	0.81042	0	
1283741	8657.30859	3307372681293	0.49400	0.28195	8657.10156	0.20703	12263	1	0.49815	0.18673	1	0.48112	0.34067	1	0.48964	0.26370	1	0.48253	0.52739	11.95048	1.10281	1	0.74289	0.55300	13.48560	1.10281	1	-0.00442	-0.00820	0.70969	0.00421	1	0.06349	-0.01299	0.68173	0.00404	1	1.45898	0.81042	0	
1283742	8657.31543	3307372750722	0.49388	0.28163	8657.10156	0.21387	12263	1	0.49925	0.19493	1	0.48075	0.34777	1	0.49000	0.27135	1	0.48257	0.52789	12.03951	1.09373	1	0.74271	0.55278	13.24286	1.09373	1	-0.00411	-0.00788	0.66925	0.00397	1	0.06349	-0.01299	0.68173	0.00404	1	1.45898	0.81042	0	
1283743	8657.32227	3307372820177	0.49355	0.28265	8657.10156	0.22070	12263	1	0.50687	0.27874	1	0.45855	0.35335	1	0.48271	0.31604	1	0.48267	0.52815	12.43792	1.08464	1	0.74296	0.55283	14.05187	1.08464	1	-0.00411	-0.00788	0.66925	0.00377	1	0.06349	-0.01299	0.68173	0.00403	1	1.45898	0.81042	0	
1283744	8657.32910	3307372887345	0.49291	0.28386	8657.10156	0.22754	12263	1	0.50162	0.30858	1	0.44061	0.34162	1	0.47112	0.32510	1	0.48249	0.52838	12.13655	1.07556	1	0.74270	0.55271	13.38144	1.07556	1	-0.00411	-0.00788	0.66925	0.00379	1	0.06349	-0.01299	0.68173	0.00397	1	1.45898	0.81042	0	
1283745	8657.33594	3307372954414	0.49232	0.28511	8657.10156	0.23438	12263	1	0.50273	0.31595	1	0.44061	0.34194	1	0.47167	0.32894	1	0.48250	0.52779	12.04075	1.06647	1	0.74295	0.55290	13.76781	1.07515	1	-0.00433	-0.00823	0.70371	0.00404	1	0.06627	-0.01357	0.71211	0.00403	1	1.45898	0.81042	0	
1283746	8657.34277	3307373021140	0.49199	0.28578	8657.10156	0.24121	12263	1	0.50440	0.25545	1	0.45549	0.36429	1	0.47994	0.30987	1	0.48253	0.52774	11.95638	1.07515	1	0.74294	0.55302	14.17433	1.08383	1	-0.00433	-0.00823	0.70371	0.00401	1	0.06627	-0.01357	0.71211	0.00396	1	1.45898	0.81042	0	
1283747	8657.34961	3307373088183	0.49191	0.28633	8657.10156	0.24805	12263	1	0.50449	0.25167	1	0.47337	0.36145	1	0.48893	0.30656	1	0.48257	0.52781	12.26145	1.08383	1	0.74308	0.55301	14.34708	1.09251	1	-0.00433	-0.00823	0.70371	0.00409	1	0.06627	-0.01357	0.71211	0.00394	1	1.45898	0.81042	0	
1283748	8657.35645	3307373154833	0.49181	0.28656	8657.10156	0.25488	12263	1	0.50240	0.23643	1	0.47369	0.35447	1	0.48804	0.29545	1	0.48267	0.52748	12.03805	1.10160	1	0.74306	0.55297	14.28366	1.10160	1	-0.00442	-0.00836	0.70969	0.00405	1	0.06349	-0.01299	0.68173	0.00400	1	1.45898	0.81042	0	
1283749	8657.36230	3307373221836	0.49163	0.28656	8657.10156	0.26074	12263	1	0.49907	0.24071	1	0.47032	0.33264	1	0.48470	0.28667	1	0.48253	0.52792	12.35040	1.11068	1	0.74306	0.55297	14.28366	1.10200	1	-0.00442	-0.00836	0.70969	0.00391	1	0.06349	-0.01299	0.68173	0.00400	1	1.45898	0.81042	0	
1283750	8657.36914	3307373289190	0.49141	0.28628	8657.10156	0.26758	12263	1	0.50734	0.18427	1	0.45793	0.36574	1	0.48264	0.27501	1	0.48270	0.52761	12.40162	1.11109	1	0.74293	0.55318	14.11926	1.10241	1	-0.00442	-0.00836	0.70969	0.00397	1	0.06349	-0.01299	0.68173	0.00407	1	1.45898	0.81042	0	
1283751	8657.37598	3307373354328	0.49121	0.28618	8657.10156	0.27441	12263	1	0.50832	0.19206	1	0.45776	0.37231	1	0.48304	0.28219	1	0.48251	0.52746	12.25906	1.10241	1	0.74295	0.55314	14.07939	1.09373	1	-0.00411	-0.00788	0.66925	0.00406	1	0.06349	-0.01299	0.68173	0.00408	1	1.45898	0.81042	0	
1283752	8657.38281	3307373421874	0.49101	0.28682	8657.10156	0.28125	12263	1	0.50717	0.25240	1	0.45843	0.37486	1	0.48280	0.31363	1	0.48258	0.52779	11.99912	1.08464	1	0.74296	0.55316	14.10945	1.08464	1	-0.00411	-0.00788	0.66925	0.00401	1	0.06349	-0.01299	0.68173	0.00407	1	1.45898	0.81042	0	
1283753	8657.38965	3307373489959	0.49070	0.28753	8657.10156	0.28809	12263	1	0.49788	0.23995	1	0.45653	0.39556	1	0.47721	0.31776	1	0.48246	0.52789	12.34170	1.07556	1	0.74293	0.55318	14.15234	1.07556	1	-0.00411	-0.00788	0.66925	0.00397	1	0.06349	-0.01299	0.68173	0.00407	1	1.45898	0.81042	0	
1283754	8657.39648	3307373556671	0.49041	0.28836	8657.10156	0.29492	12263	1	0.49900	0.24791	1	0.45635	0.40235	1	0.47768	0.32513	1	0.48246	0.52789	12.34170	1.06647	1	0.74299	0.55322	14.14814	1.06647	1	-0.00418	-0.00805	0.67925	0.00397	1	0.06349	-0.01299	0.68173	0.00405	1	1.45898	0.81042	0	
1283755	8657.40332	3307373623941	0.49038	0.28964	8657.10156	0.30176	12263	1	0.50173	0.28925	1	0.47653	0.40542	1	0.48913	0.34734	1	0.48243	0.52817	12.75995	1.06647	1	0.74323	0.55335	14.29444	1.06647	1	-0.00418	-0.00805	0.67925	0.00389	1	0.06349	-0.01299	0.68173	0.00403	1	1.45898	0.81042	0	
1283756	8657.40918	3307373691022	0.49024	0.29070	8657.10156	0.30762	12263	1	0.49260	0.30028	1	0.47450	0.37812	1	0.48355	0.33920	1	0.48242	0.52824	12.78376	1.06647	1	0.74315	0.55298	13.91186	1.06647	1	-0.00418	-0.00805	0.67925	0.00390	1	0.06349	-0.01299	0.68173	0.00408	1	1.45898	0.81042	0	
1283757	8657.41602	3307373757248	0.49010	0.29171	8657.10156	0.31445	12263	1	0.49260	0.30028	1	0.47450	0.37812	1	0.48355	0.33920	1	0.48281	0.52825	12.61983	1.06647	1	0.74314	0.55304	13.96402	1.06647	1	-0.00411	-0.00788	0.66925	0.00389	1	0.06349	-0.01299	0.68173	0.00406	1	1.45898	0.81042	0	
1283758	8657.42285	3307373824986	0.49024	0.29339	8657.10156	0.32129	12263	1	0.52192	0.29096	1	0.47124	0.39770	1	0.49658	0.34433	1	0.48289	0.52837	12.63463	1.06647	1	0.74312	0.55323	14.36646	1.06647	1	-0.00411	-0.00788	0.66925	0.00383	1	0.06349	-0.01299	0.68173	0.00403	1	1.45898	0.81042	0	
1283759	8657.42969	3307373891523	0.49059	0.29387	8657.10156	0.32812	12263	1	0.53950	0.27073	1	0.46423	0.42352	1	0.50186	0.34713	1	0.48312	0.52801	12.89918	1.06647	1	0.74307	0.55334	14.38571	1.06647	1	-0.00411	-0.00788	0.66925	0.00396	1	0.06349	-0.01299	0.68173	0.00402	1	1.45898	0.81042	0	
1283760	8657.43652	3307373957253	0.48705	0.32206	8657.10156	0.32812	12263	0	0.53950	0.27073	1	0.46423	0.42352	1	0.50186	0.34713	1	0.48325	0.52840	13.20576	1.06647	1	0.74307	0.55334	14.38571	1.06647	1	-0.00433	-0.00823	0.70371	0.00381	1	0.06349	-0.01299	0.68173	0.00403	1	1.45898	0.81042	0	
1283761	8657.44336	3307374025543	0.49447	0.32637	8657.10156	0.32812	12263	0	0.53820	0.26372	1	0.46558	0.39764	1	0.50189	0.33068	1	0.48315	0.52787	12.97380	1.06647	1	0.74310	0.55325	14.40626	1.06647	1	-0.00433	-0.00823	0.70371	0.00412	1	0.06349	-0.01299	0.68173	0.00408	1	1.45898	0.81042	0	
1283762	8657.45020	3307374092944	0.49627	0.33320	8657.10156	0.32812	12263	0	0.53063	0.31121	1	0.46913	0.38250	1	0.49988	0.34685	1	0.48291	0.52860	12.85015	1.06647	1	0.74313	0.55299	14.24146	1.06647	1	-0.00433	-0.00823	0.70371	0.00373	1	0.06349	-0.01299	0.68173	0.00392	1	1.45898	0.81042	0	
1283763	8657.45605	3307374160096	0.49710	0.33481	8657.43652	0.01953	12264	1	0.52973	0.30381	1	0.46941	0.37552	1	0.49957	0.33966	1	0.48298	0.52799	12.74583	1.07556	1	0.74316	0.55333	14.30025	1.07556	1	-0.00504	-0.00947	0.80939	0.00395	1	0.06349	-0.01299	0.68173	0.00404	1	1.45898	0.81042	0	
1283764	8657.46289	3307374226872	0.49826	0.32954	8657.43652	0.02637	12264	1	0.53346	0.27499	1	0.47237	0.34193	1	0.50292	0.30846	1	0.48297	0.52800	12.85563	1.08464	1	0.74319	0.55285	14.35852	1.08464	1	-0.00504	-0.00947	0.80939	0.00394	1	0.06349	-0.01299	0.68173	0.00399	1	1.45898	0.81042	0	
1283765	8657.46973	3307374293851	0.49747	0.32268	8657.43652	0.03320	12264	1	0.50710	0.23416	1	0.47992	0.34255	1	0.49351	0.28835	1	0.48266	0.52782	12.40808	1.09373	1	0.74324	0.55277	13.98752	1.09373	1	-0.00504	-0.00947	0.80939	0.00402	1	0.06349	-0.01299	0.68173	0.00403	1	1.45898	0.81042	0	
1283766	8657.47656	3307374359658	0.49686	0.31670	8657.43652	0.04004	12264	1	0.50606	0.22629	1	0.48028	0.33541	1	0.49317	0.28085	1	0.48253	0.52848	12.53688	1.10281	1	0.74316	0.55262	13.70709	1.10281	1	-0.00442	-0.00830	0.70969	0.00373	1	0.06349	-0.01299	0.68173	0.00402	1	1.45898	0.81042	0	
1283767	8657.48340	3307374427547	0.49752	0.31413	8657.43652	0.04688	12264	1	0.53089	0.24763	1	0.47339	0.34464	1	0.50214	0.29614	1	0.48295	0.52818	12.68495	1.10281	1	0.74316	0.55285	13.74720	1.10281	1	-0.00442	-0.00830	0.70969	0.00374	1	0.06349	-0.01299	0.68173	0.00417	1	1.45898	0.81042	0	
1283768	8657.49023	3307374494727	0.49708	0.31316	8657.43652	0.05371	12264	1	0.52467	0.25463	1	0.46255	0.35610	1	0.49361	0.30537	1	0.48295	0.52827	12.62827	1.10281	1	0.74303	0.55297	14.04094	1.10281	1	-0.00442	-0.00830	0.70969	0.00382	1	0.06349	-0.01299	0.68173	0.00413	1	1.45898	0.81042	0	
1283769	8657.49707	3307374561255	0.49674	0.31238	8657.43652	0.06055	12264	1	0.52467	0.25463	1	0.46255	0.35610	1	0.49361	0.30537	1	0.48297	0.52811	12.59858	1.10281	1	0.74317	0.55300	14.22926	1.10281	1	-0.00504	-0.00947	0.80939	0.00377	1	0.06349	-0.01299	0.68173	0.00416	1	1.45898	0.81042	0	
1283770	8657.50293	3307374628777	0.49532	0.31282	8657.43652	0.06641	12264	1	0.49411	0.27022	1	0.46820	0.36419	1	0.48116	0.31720	1	0.48244	0.52821	13.53745	1.10281	1	0.74315	0.55319	14.35468	1.10281	1	-0.00504	-0.00947	0.80939	0.00379	1	0.06349	-0.01299	0.68173	0.00406	1	1.45898	0.81042	0	
1283771	8657.50977	3307374695758	0.49526	0.31297	8657.43652	0.07324	12264	1	0.51907	0.27089	1	0.47003	0.35855	1	0.49455	0.31472	1	0.48280	0.52808	12.20932	1.10281	1	0.74314	0.55324	14.40920	1.10281	1	-0.00504	-0.00947	0.80939	0.00382	1	0.06349	-0.01299	0.68173	0.00404	1	1.45898	0.81042	0	
1283772	8657.51660	3307374763988	0.49523	0.31366	8657.43652	0.08008	12264	1	0.52002	0.27838	1	0.46974	0.36550	1	0.49488	0.32194	1	0.48249	0.52839	13.92247	1.09373	1	0.74316	0.55314	14.42357	1.09373	1	-0.00428	-0.00791	0.68009	0.00376	1	0.06349	-0.01299	0.68173	0.00408	1	1.45898	0.81042	0	
1283773	8657.52344	3307374827294	0.49567	0.31566	8657.43652	0.08691	12264	1	0.52834	0.30894	1	0.47457	0.37432	1	0.50145	0.34163	1	0.48284	0.52840	14.22455	1.08464	1	0.74317	0.55318	14.33113	1.08464	1	-0.00428	-0.00791	0.68009	0.00378	1	0.06349	-0.01299	0.68173	0.00407	1	1.45898	0.81042	0	
1283774	8657.53027	3307374897489	0.49687	0.31863	8657.43652	0.09375	12264	1	0.55367	0.33015	1	0.47358	0.39035	1	0.51363	0.36025	1	0.48330	0.52865	13.60779	1.07556	1	0.74316	0.55317	14.37561	1.07556	1	-0.00428	-0.00791	0.68009	0.00385	1	0.06349	-0.01299	0.68173	0.00409	1	1.45898	0.81042	0	
1283775	8657.53711	3307374964303	0.49792	0.32124	8657.43652	0.10059	12264	1	0.55367	0.33015	1	0.47358	0.39035	1	0.51363	0.36025	1	0.48256	0.52774	12.30072	1.07556	1	0.74302	0.55306	14.11388	1.07556	1	-0.00442	-0.00830	0.70969	0.00406	1	0.06349	-0.01299	0.68173	0.00408	1	1.45898	0.81042	0	
1283776	8657.54395	3307375031491	0.49678	0.32181	8657.43652	0.10742	12264	1	0.49413	0.29116	1	0.46321	0.37067	1	0.47867	0.33092	1	0.48230	0.52804	12.88527	1.08464	1	0.74304	0.55306	14.07448	1.08464	1	-0.00442	-0.00830	0.70969	0.00385	1	0.06349	-0.01299	0.68173	0.00408	1	1.45898	0.81042	0	
1283777	8657.54980	3307375097785	0.49525	0.31948	8657.43652	0.11328	12264	1	0.47554	0.23112	1	0.46280	0.32884	1	0.46917	0.27998	1	0.48225	0.52773	13.07288	1.09373	1	0.74302	0.55270	14.04443	1.09373	1	-0.00442	-0.00830	0.70969	0.00378	1	0.06349	-0.01299	0.68173	0.00398	1	1.45898	0.81042	0	
1283778	8657.55664	3307375164423	0.49388	0.31740	8657.43652	0.12012	12264	1	0.47554	0.23112	1	0.46280	0.32884	1	0.46917	0.27998	1	0.48213	0.52659	12.79444	1.09373	1	0.74302	0.55324	14.40912	1.09373	1	-0.00429	-0.00798	0.68172	0.00423	1	0.06349	-0.01299	0.68173	0.00408	1	1.45898	0.81042	0	
1283779	8657.56348	3307375232076	0.49290	0.31557	8657.43652	0.12695	12264	1	0.47857	0.18740	1	0.47007	0.37413	1	0.47432	0.28076	1	0.48228	0.52723	12.61012	1.08464	1	0.74312	0.55314	14.30665	1.08464	1	-0.00429	-0.00798	0.68172	0.00417	1	0.06349	-0.01299	0.68173	0.00411	1	1.45898	0.81042	0	
1283780	8657.57031	3307375300342	0.49195	0.31477	8657.43652	0.13379	12264	1	0.47605	0.19876	1	0.46987	0.39868	1	0.47296	0.29872	1	0.48220	0.52721	12.80058	1.07556	1	0.74312	0.55325	14.37612	1.07556	1	-0.00429	-0.00798	0.68172	0.00415	1	0.06349	-0.01299	0.68173	0.00406	1	1.45898	0.81042	0	
1283781	8657.57715	3307375365466	0.49111	0.31438	8657.43652	0.14062	12264	1	0.47733	0.20708	1	0.46958	0.40546	1	0.47345	0.30627	1	0.48214	0.52801	12.72582	1.06647	1	0.74292	0.55339	14.78346	1.06647	1	-0.00428	-0.00801	0.68009	0.00376	1	0.06349	-0.01299	0.68173	0.00403	1	1.45898	0.81042	0	
1283782	8657.58398	3307375432461	0.49043	0.31551	8657.43652	0.14746	12264	1	0.47702	0.29145	1	0.47398	0.38924	1	0.47550	0.34034	1	0.48207	0.52809	12.81409	1.06647	1	0.74320	0.55322	14.25373	1.06647	1	-0.00428	-0.00801	0.68009	0.00373	1	0.06349	-0.01299	0.68173	0.00410	1	1.45898	0.81042	0	
1283783	8657.59082	3307375498876	0.49016	0.31703	8657.43652	0.15430	12264	1	0.49729	0.28228	1	0.47071	0.42148	1	0.48400	0.35188	1	0.48207	0.52809	12.81409	1.06647	1	0.74312	0.55325	14.37612	1.06647	1	-0.00428	-0.00801	0.68009	0.00373	1	0.06349	-0.01299	0.68173	0.00406	1	1.45898	0.81042	0	
1283784	8657.59668	3307375566446	0.48992	0.31842	8657.43652	0.16016	12264	1	0.49729	0.28228	1	0.47071	0.42148	1	0.48400	0.35188	1	0.48211	0.52821	12.81685	1.06647	1	0.74302	0.55335	14.66946	1.06647	1	-0.00428	-0.00801	0.68009	0.00383	1	0.06349	-0.01299	0.68173	0.00406	1	1.45898	0.81042	0	
1283785	8657.60352	3307375630800	0.49005	0.31970	8657.43652	0.16699	12264	1	0.50577	0.31235	1	0.48115	0.39106	1	0.49346	0.35171	1	0.48208	0.52813	12.84884	1.06647	1	0.74294	0.55305	14.65385	1.06647	1	-0.00428	-0.00801	0.68009	0.00371	1	0.06349	-0.01299	0.68173	0.00398	1	1.45898	0.81042	0	
1283786	8657.61035	3307375698499	0.49037	0.31886	8657.43652	0.17383	12264	1	0.51520	0.21114	1	0.48217	0.38282	1	0.49868	0.29698	1	0.48210	0.52719	12.72674	1.06647	1	0.74294	0.55305	14.65385	1.06647	1	-0.00428	-0.00801	0.68009	0.00404	1	0.06349	-0.01299	0.68173	0.00398	1	1.45898	0.81042	0	
1283787	8657.61719	3307375768012	0.49067	0.31808	8657.43652	0.18066	12264	1	0.51520	0.21114	1	0.48217	0.38282	1	0.49868	0.29698	1	0.48228	0.52747	12.95811	1.06647	1	0.74322	0.55317	14.19124	1.06647	1	-0.00429	-0.00808	0.68178	0.00395	1	0.06349	-0.01299	0.68173	0.00409	1	1.45898	0.81042	0	
1283788	8657.62402	3307375834462	0.49099	0.31857	8657.43652	0.18750	12264	1	0.52700	0.30123	1	0.47313	0.36356	1	0.50006	0.33239	1	0.48202	0.52814	13.17147	1.06647	1	0.74280	0.55277	14.49009	1.06647	1	-0.00429	-0.00808	0.68178	0.00371	1	0.06349	-0.01299	0.68173	0.00394	1	1.45898	0.81042	0	
1283789	8657.63086	3307375901436	0.49228	0.31839	8657.43652	0.19434	12264	1	0.54791	0.28287	1	0.51133	0.34342	1	0.52962	0.31314	1	0.48239	0.52821	13.22842	1.06647	1	0.74302	0.55263	14.27067	1.06647	1	-0.00429	-0.00808	0.68178	0.00371	1	0.06349	-0.01299	0.68173	0.00395	1	1.45898	0.81042	0	
1283790	8657.63770	3307375968154	0.49349	0.31811	8657.43652	0.20117	12264	1	0.54791	0.28287	1	0.51194	0.33640	1	0.52992	0.30964	1	0.48201	0.52840	13.57055	1.06647	1	0.74279	0.55228	13.30969	1.07515	1	-0.00429	-0.00808	0.68178	0.00376	1	0.06627	-0.01357	0.71211	0.00387	1	1.45898	0.81042	0	
1283791	8657.64355	3307376035405	0.49420	0.31664	8657.43652	0.20703	12264	1	0.52906	0.21555	1	0.50338	0.32670	1	0.51622	0.27113	1	0.48213	0.52747	13.07993	1.07515	1	0.74292	0.55251	13.04624	1.08383	1	-0.00429	-0.00808	0.68178	0.00402	1	0.06627	-0.01357	0.71211	0.00387	1	1.45898	0.81042	0	
1283792	8657.65039	3307376101906	0.49435	0.31579	8657.43652	0.21387	12264	1	0.51297	0.24722	1	0.48504	0.33026	1	0.49901	0.28874	1	0.48208	0.52784	13.13970	1.08383	1	0.74249	0.55306	13.68978	1.09251	1	-0.00429	-0.00808	0.68178	0.00392	1	0.06627	-0.01357	0.71211	0.00408	1	1.45898	0.81042	0	
1283793	8657.65723	3307376165052	0.49447	0.31498	8657.43652	0.22070	12264	1	0.51201	0.23974	1	0.48470	0.33637	1	0.49835	0.28806	1	0.48271	0.52914	14.09202	1.09251	1	0.74306	0.55343	13.91739	1.08485	1	-0.00429	-0.00808	0.68178	0.00370	1	0.06131	-0.01275	0.65892	0.00395	1	1.45898	0.81042	0	
1283794	8657.66406	3307376232562	0.49482	0.31476	8657.43652	0.22754	12264	1	0.52253	0.28547	1	0.49133	0.32925	1	0.50693	0.30736	1	0.48288	0.52925	12.73779	1.08485	1	0.74342	0.55401	14.09202	1.06851	1	-0.00429	-0.00808	0.68178	0.00376	1	0.06131	-0.01275	0.65892	0.00411	1	1.45898	0.81042	0	
1283795	8657.67090	3307376301395	0.49444	0.31159	8657.43652	0.23438	12264	1	0.47065	0.09544	1	0.49162	0.30560	1	0.48113	0.20052	1	0.48298	0.52784	12.72889	1.06851	1	0.74343	0.55452	13.53422	1.05217	1	-0.00429	-0.00808	0.68178	0.00265	1	0.06131	-0.01275	0.65892	0.00411	1	1.45898	0.81042	0	
1283796	8657.67676	3307376366302	0.49411	0.30891	8657.43652	0.24023	12264	1	0.47301	0.11209	1	0.49116	0.31300	1	0.48209	0.21255	1	0.48500	0.53228	12.98501	1.05217	1	0.74489	0.55684	13.88385	1.04349	1	-0.00382	-0.00846	0.67118	0.00330	1	0.06422	-0.01371	0.68740	0.00344	1	1.45898	0.81042	0	
1283797	8657.68359	3307376430949	0.49598	0.31447	8657.43652	0.24707	12264	1	0.59882	0.53218	1	0.53162	0.50816	1	0.56522	0.52017	1	0.48510	0.53328	12.96978	1.04349	1	0.74505	0.55830	13.49022	1.05115	1	-0.00382	-0.00846	0.67118	0.00345	1	0.06422	-0.01371	0.68740	0.00373	1	1.45898	0.81042	0	
1283798	8657.69043	3307376502775	0.49788	0.31835	8657.43652	0.25391	12264	1	0.60380	0.41399	1	0.53626	0.51728	1	0.57003	0.46563	1	0.48549	0.53310	11.99438	1.05115	1	0.74505	0.55825	13.69397	1.05881	1	-0.00382	-0.00846	0.67118	0.00366	1	0.06422	-0.01371	0.68740	0.00358	1	1.45898	0.81042	0	
1283799	8657.69727	3307376568540	0.49969	0.32190	8657.43652	0.26074	12264	1	0.60350	0.40844	1	0.53698	0.51229	1	0.57024	0.46037	1	0.48618	0.53528	13.39190	1.05881	1	0.74562	0.55981	14.33417	1.06647	1	-0.00382	-0.00846	0.67118	0.00312	1	0.06338	-0.01382	0.67731	0.00324	1	1.45898	0.81042	0	
1283800	8657.70410	3307376636331	0.52799	0.34935	8657.43652	0.26074	12264	0	0.61740	0.47254	1	0.55692	0.63732	1	0.58716	0.55493	1	0.48607	0.53518	13.58460	1.06647	1	0.74545	0.56006	14.14286	1.06647	1	-0.00382	-0.00846	0.67118	0.00313	1	0.06338	-0.01382	0.67731	0.00348	1	1.45898	0.81042	0	
1283801	8657.71094	3307376701732	0.57133	0.48418	8657.43652	0.26074	12264	0	0.65899	0.60747	1	0.57036	0.63055	1	0.61467	0.61901	1	0.48602	0.53518	13.58867	1.06647	1	0.74561	0.56013	14.51295	1.06647	1	-0.00382	-0.00846	0.67118	0.00310	1	0.06338	-0.01382	0.67731	0.00351	1	1.45898	0.81042	0	
1283802	8657.71680	3307376767939	0.58578	0.52912	8657.43652	0.26074	12264	0	0.65899	0.60747	1	0.57036	0.63055	1	0.61467	0.61901	1	0.48611	0.53537	13.42062	1.06647	1	0.74569	0.56040	14.58831	1.06647	1	-0.00382	-0.00846	0.67118	0.00327	1	0.06338	-0.01382	0.67731	0.00333	1	1.45898	0.81042	0	
1283803	8657.72461	3307376839201	0.61448	0.60696	8657.43652	0.26074	12264	0	0.65682	0.49314	1	0.57136	0.67259	1	0.61409	0.58286	1	0.48611	0.53537	13.42062	1.06647	1	0.74567	0.56057	14.23772	1.06647	1	-0.00382	-0.00846	0.67118	0.00327	1	0.06338	-0.01382	0.67731	0.00331	1	1.45898	0.81042	0	
1283804	8657.73145	3307376905724	0.61869	0.61407	8657.43652	0.26074	12264	0	0.67335	0.56575	1	0.57245	0.67660	1	0.62290	0.62117	1	0.48615	0.53530	13.52993	1.06647	1	0.74567	0.56057	14.23772	1.06647	1	-0.00382	-0.00846	0.67118	0.00327	1	0.06338	-0.01382	0.67731	0.00331	1	1.45898	0.81042	0	
1283805	8657.73730	3307376973032	0.62031	0.61482	8657.43652	0.26074	12264	0	0.67353	0.56058	1	0.57359	0.67208	1	0.62356	0.61633	1	0.48605	0.53514	13.43555	1.07556	1	0.74569	0.56068	14.30912	1.07556	1	-0.00382	-0.00906	0.69817	0.00318	1	0.06338	-0.01382	0.67731	0.00334	1	1.45898	0.81042	0	
1283806	8657.74414	3307377040053	0.61948	0.61255	8657.72461	0.01953	12265	1	0.65363	0.53255	1	0.58033	0.67896	1	0.61698	0.60576	1	0.48604	0.53512	13.46256	1.08464	1	0.74575	0.56068	14.22098	1.08464	1	-0.00382	-0.00906	0.69817	0.00317	1	0.06338	-0.01382	0.67731	0.00333	1	1.45898	0.81042	0	
1283807	8657.75098	3307377106883	0.61911	0.61177	8657.72461	0.02637	12265	1	0.65646	0.54097	1	0.57877	0.67631	1	0.61762	0.60864	1	0.48602	0.53521	13.60241	1.09373	1	0.74580	0.56060	14.26223	1.09373	1	-0.00382	-0.00906	0.69817	0.00319	1	0.06338	-0.01382	0.67731	0.00335	1	1.45898	0.81042	0	
1283808	8657.75781	3307377172862	0.61886	0.61125	8657.72461	0.03320	12265	1	0.65646	0.54097	1	0.57877	0.67631	1	0.61762	0.60864	1	0.48585	0.53535	13.45121	1.09373	1	0.74602	0.56077	14.75906	1.09373	1	-0.00369	-0.00897	0.68323	0.00302	1	0.06338	-0.01387	0.67731	0.00331	1	1.45898	0.81042	0	
1283809	8657.76465	3307377240816	0.61864	0.60823	8657.72461	0.04004	12265	1	0.64359	0.50559	1	0.59113	0.67455	1	0.61736	0.59007	1	0.48597	0.53504	13.39897	1.08464	1	0.74601	0.56074	14.75083	1.08464	1	-0.00369	-0.00897	0.68323	0.00315	1	0.06338	-0.01387	0.67731	0.00334	1	1.45898	0.81042	0	
1283810	8657.77148	3307377308637	0.61923	0.60407	8657.72461	0.04688	12265	1	0.64444	0.50232	1	0.60223	0.64761	1	0.62334	0.57497	1	0.48592	0.53508	13.45628	1.07556	1	0.74615	0.56076	14.59724	1.07556	1	-0.00369	-0.00897	0.68323	0.00316	1	0.06338	-0.01387	0.67731	0.00330	1	1.45898	0.81042	0	
1283811	8657.77832	3307377374750	0.61955	0.60164	8657.72461	0.05371	12265	1	0.64448	0.50800	1	0.59969	0.65635	1	0.62208	0.58217	1	0.48587	0.53512	13.73140	1.06647	1	0.74614	0.56077	14.61808	1.05881	1	-0.00380	-0.00894	0.68504	0.00312	1	0.06183	-0.01352	0.66022	0.00330	1	1.45898	0.81042	0	
1283812	8657.78516	3307377441930	0.61839	0.59892	8657.72461	0.06055	12265	1	0.63726	0.51544	1	0.57869	0.63355	1	0.60798	0.57449	1	0.48582	0.53505	13.51923	1.05881	1	0.74625	0.56059	14.39715	1.05115	1	-0.00380	-0.00894	0.68504	0.00314	1	0.06183	-0.01352	0.66022	0.00334	1	1.45898	0.81042	0	
1283813	8657.79102	3307377508062	0.61816	0.59969	8657.72461	0.06641	12265	1	0.64987	0.56935	1	0.58175	0.64544	1	0.61581	0.60740	1	0.48587	0.53512	13.73140	1.05115	1	0.74617	0.56043	14.33848	1.04349	1	-0.00380	-0.00894	0.68504	0.00312	1	0.06183	-0.01352	0.66022	0.00338	1	1.45898	0.81042	0	
1283814	8657.79785	3307377575862	0.61792	0.60069	8657.72461	0.07324	12265	1	0.64986	0.57376	1	0.58069	0.64957	1	0.61527	0.61166	1	0.48582	0.53503	13.42282	1.04349	1	0.74627	0.56067	14.62177	1.03583	1	-0.00382	-0.00903	0.68776	0.00316	1	0.06183	-0.01352	0.66022	0.00333	1	1.45898	0.81042	0	
1283815	8657.80469	3307377639826	0.61754	0.60100	8657.72461	0.08008	12265	1	0.63424	0.56890	1	0.59183	0.64043	1	0.61304	0.60467	1	0.48575	0.53537	13.50946	1.03583	1	0.74612	0.56045	13.76910	1.03583	1	-0.00382	-0.00903	0.68776	0.00298	1	0.06183	-0.01352	0.66022	0.00331	1	1.45898	0.81042	0	
1283816	8657.81152	3307377709884	0.61772	0.60335	8657.72461	0.08691	12265	1	0.65018	0.60018	1	0.59006	0.66787	1	0.62012	0.63403	1	0.48585	0.53576	13.40070	1.03583	1	0.74606	0.56072	13.83389	1.03583	1	-0.00382	-0.00903	0.68776	0.00311	1	0.06183	-0.01352	0.66022	0.00333	1	1.45898	0.81042	0	
1283817	8657.81836	3307377776824	0.61784	0.60569	8657.72461	0.09375	12265	1	0.65017	0.60462	1	0.58888	0.67205	1	0.61953	0.63834	1	0.48637	0.53647	13.66723	1.02782	1	0.74610	0.56141	14.30630	1.02782	1	-0.00382	-0.00903	0.68776	0.00330	1	0.06183	-0.01362	0.66022	0.00317	1	1.45898	0.81042	0	
1283818	8657.82520	3307377843639	0.61743	0.61127	8657.72461	0.10059	12265	1	0.66771	0.62664	1	0.55485	0.76340	1	0.61128	0.69502	1	0.48640	0.53648	13.84621	1.01980	1	0.74606	0.56165	14.75373	1.01980	1	-0.00382	-0.00903	0.68776	0.00331	1	0.06183	-0.01362	0.66022	0.00324	1	1.45898	0.81042	0	
1283819	8657.83203	3307377910781	0.61693	0.61745	8657.72461	0.10742	12265	1	0.65591	0.65985	1	0.56184	0.77282	1	0.60888	0.71634	1	0.48643	0.53641	13.80465	1.01178	1	0.74608	0.56170	14.65576	1.01178	1	-0.00382	-0.00903	0.68776	0.00330	1	0.06183	-0.01362	0.66022	0.00328	1	1.45898	0.81042	0	
1283820	8657.83789	3307377977696	0.61645	0.62315	8657.72461	0.11328	12265	1	0.65585	0.66393	1	0.56085	0.77625	1	0.60835	0.72009	1	0.48648	0.53642	13.78982	1.00377	1	0.74616	0.56161	14.30969	1.00377	1	-0.00382	-0.00903	0.68776	0.00328	1	0.06187	-0.01367	0.66060	0.00330	1	1.45898	0.81042	0	
1283821	8657.84473	3307378044463	0.61635	0.62820	8657.72461	0.12012	12265	1	0.68318	0.66937	1	0.54583	0.76867	1	0.61450	0.71902	1	0.48653	0.53663	13.90328	1.00377	1	0.74617	0.56171	14.55691	1.00377	1	-0.00382	-0.00903	0.68776	0.00319	1	0.06187	-0.01367	0.66060	0.00326	1	1.45898	0.81042	0	
1283822	8657.85156	3307378111769	0.61604	0.63057	8657.72461	0.12695	12265	1	0.66399	0.58908	1	0.55615	0.76227	1	0.61007	0.67568	1	0.48645	0.53640	13.76875	1.00377	1	0.74625	0.56179	14.30324	1.00377	1	-0.00382	-0.00903	0.68776	0.00326	1	0.06187	-0.01367	0.66060	0.00327	1	1.45898	0.81042	0	
1283823	8657.85840	3307378178439	0.61575	0.63272	8657.72461	0.13379	12265	1	0.66399	0.58908	1	0.55615	0.76227	1	0.61007	0.67568	1	0.48652	0.53637	13.51883	1.00377	1	0.74635	0.56142	14.12484	1.00377	1	-0.00382	-0.00903	0.68776	0.00339	1	0.06183	-0.01360	0.65917	0.00314	1	1.45898	0.81042	0	
1283824	8657.86523	3307378244632	0.61261	0.66518	8657.72461	0.13379	12265	0	0.66565	0.63424	1	0.54328	0.73428	1	0.60446	0.68426	1	0.48651	0.53632	13.41863	1.00377	1	0.74623	0.56147	14.38052	1.00377	1	-0.00382	-0.00903	0.68776	0.00343	1	0.06183	-0.01360	0.65917	0.00317	1	1.45898	0.81042	0	
1283825	8657.87207	3307378312780	0.61114	0.67422	8657.72461	0.13379	12265	0	0.66557	0.63236	1	0.55375	0.73415	1	0.60966	0.68326	1	0.48657	0.53655	13.76547	1.00377	1	0.74641	0.56149	14.70487	1.00377	1	-0.00382	-0.00903	0.68776	0.00321	1	0.06183	-0.01360	0.65917	0.00323	1	1.45898	0.81042	0	
1283826	8657.87891	3307378379905	0.61097	0.67529	8657.72461	0.13379	12265	0	0.66570	0.62804	1	0.55557	0.72680	1	0.61063	0.67742	1	0.48653	0.53638	13.67933	1.01178	1	0.74641	0.56139	14.13073	1.01944	1	-0.00382	-0.00903	0.68776	0.00334	1	0.06291	-0.01387	0.67009	0.00324	1	1.45898	0.81042	0	
1283827	8657.88477	3307378446899	0.60909	0.67669	8657.86523	0.01953	12266	1	0.64551	0.63620	1	0.56141	0.72563	1	0.60346	0.68091	1	0.48644	0.53584	13.74772	1.02746	1	0.74643	0.56147	14.03818	1.03512	1	-0.00382	-0.00903	0.68776	0.00326	1	0.06291	-0.01387	0.67009	0.00324	1	1.45898	0.81042	0	
1283828	8657.89160	3307378513689	0.60927	0.67127	8657.86523	0.02637	12266	1	0.65133	0.59228	1	0.56868	0.70688	1	0.61000	0.64958	1	0.48645	0.53587	13.71482	1.04313	1	0.74652	0.56150	14.08283	1.05079	1	-0.00382	-0.00903	0.68776	0.00325	1	0.06291	-0.01387	0.67009	0.00323	1	1.45898	0.81042	0	
1283829	8657.89844	3307378579743	0.60948	0.66699	8657.86523	0.03320	12266	1	0.65135	0.58800	1	0.56963	0.70324	1	0.61049	0.64562	1	0.48649	0.53564	13.64404	1.05079	1	0.74641	0.56140	13.81729	1.05845	1	-0.00348	-0.00868	0.65416	0.00322	1	0.06291	-0.01387	0.67009	0.00326	1	1.45898	0.81042	0	
1283830	8657.90527	3307378647396	0.60859	0.66118	8657.86523	0.04004	12266	1	0.64235	0.54906	1	0.56416	0.70353	1	0.60325	0.62629	1	0.48649	0.53560	13.81734	1.05044	1	0.74644	0.56138	13.86066	1.05044	1	-0.00348	-0.00868	0.65416	0.00316	1	0.06291	-0.01387	0.67009	0.00325	1	1.45898	0.81042	0	
1283831	8657.91211	3307378712216	0.60742	0.66115	8657.86523	0.04688	12266	1	0.63318	0.59712	1	0.56531	0.72468	1	0.59925	0.66090	1	0.48651	0.53570	13.77909	1.04242	1	0.74642	0.56142	13.89954	1.04242	1	-0.00348	-0.00868	0.65416	0.00319	1	0.06291	-0.01387	0.67009	0.00326	1	1.45898	0.81042	0	
1283832	8657.91895	3307378781491	0.60646	0.66157	8657.86523	0.05371	12266	1	0.63329	0.60156	1	0.56433	0.72838	1	0.59881	0.66497	1	0.48650	0.53600	14.00091	1.03440	1	0.74681	0.56162	14.60099	1.03440	1	-0.00350	-0.00869	0.65811	0.00315	1	0.06291	-0.01387	0.67009	0.00326	1	1.45898	0.81042	0	
1283833	8657.92578	3307378848453	0.60718	0.66707	8657.86523	0.06055	12266	1	0.63534	0.66886	1	0.59183	0.76426	1	0.61358	0.71656	1	0.48660	0.53618	14.05888	1.03440	1	0.74685	0.56173	14.69531	1.03440	1	-0.00350	-0.00869	0.65811	0.00304	1	0.06291	-0.01387	0.67009	0.00327	1	1.45898	0.81042	0	
1283834	8657.93164	3307378915588	0.60747	0.66690	8657.86523	0.06641	12266	1	0.63752	0.58486	1	0.58328	0.74554	1	0.61040	0.66520	1	0.48654	0.53586	14.20841	1.03440	1	0.74679	0.56167	14.69637	1.03440	1	-0.00350	-0.00869	0.65811	0.00318	1	0.06291	-0.01387	0.67009	0.00326	1	1.45898	0.81042	0	
1283835	8657.93848	3307378981197	0.60776	0.66642	8657.86523	0.07324	12266	1	0.63745	0.58029	1	0.58441	0.74196	1	0.61093	0.66113	1	0.48635	0.53584	13.98904	1.04242	1	0.74693	0.56161	14.58136	1.04242	1	-0.00367	-0.00888	0.68049	0.00312	1	0.06291	-0.01382	0.67009	0.00337	1	1.45898	0.81042	0	
1283836	8657.94531	3307379048145	0.60819	0.66862	8657.86523	0.08008	12266	1	0.64108	0.63138	1	0.58560	0.75876	1	0.61334	0.69507	1	0.48592	0.53532	13.04610	1.05044	1	0.74662	0.56091	14.78562	1.05044	1	-0.00367	-0.00888	0.68049	0.00296	1	0.06291	-0.01382	0.67009	0.00316	1	1.45898	0.81042	0	
1283837	8657.95215	3307379117084	0.60781	0.66861	8657.86523	0.08691	12266	1	0.61723	0.61081	1	0.58849	0.72600	1	0.60286	0.66841	1	0.48568	0.53445	12.27135	1.05845	1	0.74640	0.56051	14.45045	1.05845	1	-0.00367	-0.00888	0.68049	0.00293	1	0.06291	-0.01382	0.67009	0.00302	1	1.45898	0.81042	0	
1283838	8657.95898	3307379183956	0.60751	0.66833	8657.86523	0.09375	12266	1	0.61701	0.60653	1	0.58963	0.72236	1	0.60332	0.66445	1	0.48405	0.53193	12.63020	1.06647	1	0.74416	0.55706	13.67126	1.06647	1	-0.00382	-0.00826	0.67118	0.00386	1	0.06339	-0.01349	0.67850	0.00395	1	1.45898	0.81042	0	
1283839	8657.96582	3307379250567	0.60266	0.65575	8657.86523	0.10059	12266	1	0.54594	0.42929	1	0.51396	0.50482	1	0.52995	0.46705	1	0.48390	0.53044	13.09202	1.06647	1	0.74393	0.55623	14.37641	1.06647	1	-0.00382	-0.00826	0.67118	0.00367	1	0.06339	-0.01349	0.67850	0.00351	1	1.45898	0.81042	0	
1283840	8657.97266	3307379317412	0.59788	0.64453	8657.86523	0.10742	12266	1	0.53458	0.42950	1	0.50817	0.50051	1	0.52137	0.46500	1	0.48357	0.53021	13.02467	1.06647	1	0.74371	0.55517	14.99833	1.06647	1	-0.00382	-0.00826	0.67118	0.00337	1	0.06339	-0.01349	0.67850	0.00346	1	1.45898	0.81042	0	
1283841	8657.97852	3307379384218	0.59363	0.63456	8657.86523	0.11328	12266	1	0.53458	0.42950	1	0.50817	0.50051	1	0.52137	0.46500	1	0.48298	0.52861	13.52369	1.06647	1	0.74282	0.55375	14.99732	1.06647	1	-0.00398	-0.00807	0.68091	0.00367	1	0.06349	-0.01309	0.68173	0.00389	1	1.45898	0.81042	0	
1283842	8657.98535	3307379450977	0.57659	0.59561	8657.86523	0.11328	12266	0	0.54564	0.32357	1	0.44219	0.38366	1	0.49392	0.35362	1	0.48376	0.52843	13.41058	1.06647	1	0.74280	0.55350	15.05322	1.06647	1	-0.00398	-0.00807	0.68091	0.00384	1	0.06349	-0.01309	0.68173	0.00403	1	1.45898	0.81042	0	
1283843	8657.99219	3307379515750	0.54199	0.47931	8657.86523	0.11328	12266	0	0.55417	0.31853	1	0.46062	0.40747	1	0.50740	0.36300	1	0.48383	0.52835	13.32334	1.06647	1	0.74292	0.55310	14.77935	1.06647	1	-0.00398	-0.00807	0.68091	0.00385	1	0.06349	-0.01309	0.68173	0.00427	1	1.45898	0.81042	0	
1283844	8657.99902	3307379584806	0.53046	0.44054	8657.86523	0.11328	12266	0	0.55417	0.31853	1	0.46062	0.40747	1	0.50740	0.36300	1	0.48378	0.52878	13.67563	1.06647	1	0.74313	0.55328	14.80395	1.06647	1	-0.00404	-0.00814	0.69092	0.00382	1	0.06291	-0.01302	0.67556	0.00412	1	1.45898	0.81042	0	
1283845	8658.00586	3307379649075	0.50109	0.36049	8657.86523	0.11328	12266	0	0.52097	0.35467	1	0.45601	0.35629	1	0.48849	0.35548	1	0.48359	0.52829	13.73607	1.06647	1	0.74289	0.55304	14.82066	1.06647	1	-0.00404	-0.00814	0.69092	0.00387	1	0.06291	-0.01302	0.67556	0.00429	1	1.45898	0.81042	0	
1283846	8658.01270	3307379717764	0.48580	0.35168	8657.86523	0.11328	12266	0	0.51028	0.31095	1	0.43075	0.37480	1	0.47051	0.34287	1	0.48342	0.52774	13.92917	1.06647	1	0.74282	0.55367	15.14093	1.06647	1	-0.00404	-0.00814	0.69092	0.00405	1	0.06291	-0.01302	0.67556	0.00408	1	1.45898	0.81042	0	
1283847	8658.01855	3307379783646	0.48071	0.34875	8657.86523	0.11328	12266	0	0.51028	0.31095	1	0.43075	0.37480	1	0.47051	0.34287	1	0.48303	0.52813	13.50514	1.06647	1	0.74316	0.55376	14.26306	1.06647	1	-0.00404	-0.00814	0.69092	0.00401	1	0.06295	-0.01301	0.67483	0.00404	1	1.45898	0.81042	0	
1283848	8658.02539	3307379851051	0.47882	0.35078	8658.00586	0.01953	12267	1	0.51415	0.34253	1	0.43218	0.37124	1	0.47317	0.35689	1	0.48330	0.52857	13.53067	1.06647	1	0.74293	0.55353	14.10219	1.06647	1	-0.00404	-0.00814	0.69092	0.00385	1	0.06295	-0.01301	0.67483	0.00412	1	1.45898	0.81042	0	
1283849	8658.03223	3307379916365	0.47551	0.34793	8658.00586	0.02637	12267	1	0.50667	0.30302	1	0.41788	0.37002	1	0.46228	0.33652	1	0.48322	0.52805	13.27353	1.06647	1	0.74284	0.55345	14.29881	1.06647	1	-0.00404	-0.00814	0.69092	0.00398	1	0.06295	-0.01301	0.67483	0.00408	1	1.45898	0.81042	0	
1283850	8658.03906	3307379984231	0.47319	0.34426	8658.00586	0.03320	12267	1	0.50560	0.29554	1	0.41761	0.35625	1	0.46161	0.32590	1	0.48312	0.52757	12.92128	1.07556	1	0.74324	0.55373	14.48907	1.08424	1	-0.00407	-0.00810	0.68788	0.00411	1	0.06501	-0.01339	0.69753	0.00402	1	1.45898	0.81042	0	
1283851	8658.04590	3307380049425	0.47188	0.34100	8658.00586	0.04004	12267	1	0.48449	0.29582	1	0.44349	0.34704	1	0.46399	0.32143	1	0.48303	0.52784	12.92797	1.09332	1	0.74323	0.55339	14.26520	1.10200	1	-0.00407	-0.00810	0.68788	0.00425	1	0.06501	-0.01339	0.69753	0.00408	1	1.45898	0.81042	0	
1283852	8658.05273	3307380118460	0.47172	0.33457	8658.00586	0.04688	12267	1	0.48383	0.28008	1	0.45744	0.29909	1	0.47063	0.28958	1	0.48297	0.52805	13.19841	1.11109	1	0.74328	0.55358	14.53262	1.11977	1	-0.00407	-0.00810	0.68788	0.00414	1	0.06501	-0.01339	0.69753	0.00411	1	1.45898	0.81042	0	
1283853	8658.05957	3307380188978	0.47154	0.32918	8658.00586	0.05371	12267	1	0.48269	0.27302	1	0.45744	0.29909	1	0.47007	0.28606	1	0.48321	0.52780	13.11257	1.11977	1	0.74306	0.55350	14.63689	1.11977	1	-0.00406	-0.00797	0.67712	0.00403	1	0.06295	-0.01296	0.67483	0.00400	1	1.45898	0.81042	0	
1283854	8658.06543	3307380254315	0.47138	0.32211	8658.00586	0.05957	12267	1	0.50166	0.22238	1	0.43816	0.29455	1	0.46991	0.25846	1	0.48301	0.52780	13.24771	1.11068	1	0.74317	0.55364	14.21026	1.10200	1	-0.00406	-0.00797	0.67712	0.00407	1	0.06295	-0.01296	0.67483	0.00405	1	1.45898	0.81042	0	
1283855	8658.07227	3307380321937	0.47338	0.31874	8658.00586	0.06641	12267	1	0.53362	0.22709	1	0.45317	0.34293	1	0.49340	0.28501	1	0.48291	0.52737	13.11300	1.09292	1	0.74332	0.55307	13.67828	1.08424	1	-0.00406	-0.00797	0.67712	0.00389	1	0.06295	-0.01296	0.67483	0.00411	1	1.45898	0.81042	0	
1283856	8658.07910	3307380384835	0.47510	0.31715	8658.00586	0.07324	12267	1	0.53529	0.24257	1	0.45288	0.35697	1	0.49408	0.29977	1	0.48292	0.52806	12.89414	1.07515	1	0.74308	0.55359	14.03119	1.06647	1	-0.00406	-0.00802	0.67712	0.00387	1	0.06295	-0.01301	0.67483	0.00408	1	1.45898	0.81042	0	
1283857	8658.08594	3307380454128	0.47676	0.31908	8658.00586	0.08008	12267	1	0.54117	0.32279	1	0.45217	0.36171	1	0.49667	0.34225	1	0.48311	0.52843	13.33722	1.06647	1	0.74324	0.55373	14.48907	1.06647	1	-0.00406	-0.00802	0.67712	0.00377	1	0.06295	-0.01301	0.67483	0.00403	1	1.45898	0.81042	0	
1283858	8658.09277	3307380519345	0.47782	0.32097	8658.00586	0.08691	12267	1	0.53035	0.34683	1	0.45283	0.34407	1	0.49159	0.34545	1	0.48279	0.52848	13.04037	1.06647	1	0.74316	0.55365	14.46622	1.06647	1	-0.00406	-0.00802	0.67712	0.00378	1	0.06295	-0.01301	0.67483	0.00404	1	1.45898	0.81042	0	
1283859	8658.09961	3307380588400	0.47874	0.32237	8658.00586	0.09375	12267	1	0.53035	0.34683	1	0.45297	0.33711	1	0.49166	0.34197	1	0.48285	0.52839	13.01690	1.06647	1	0.74315	0.55361	14.31165	1.07515	1	-0.00406	-0.00802	0.67712	0.00379	1	0.06582	-0.01372	0.70619	0.00406	1	1.45898	0.81042	0	
1283860	8658.10645	3307380655028	0.48038	0.32066	8658.00586	0.10059	12267	1	0.52971	0.30605	1	0.48000	0.28400	1	0.50485	0.29502	1	0.48302	0.52854	12.82656	1.07515	1	0.74331	0.55331	14.27340	1.08383	1	-0.00406	-0.00802	0.67712	0.00371	1	0.06582	-0.01372	0.70619	0.00408	1	1.45898	0.81042	0	
1283861	8658.11328	3307380723890	0.48198	0.31846	8658.00586	0.10742	12267	1	0.53150	0.31447	1	0.48366	0.25219	1	0.50758	0.28333	1	0.48287	0.52867	13.16279	1.08383	1	0.74336	0.55338	14.07556	1.09251	1	-0.00406	-0.00802	0.67712	0.00367	1	0.06582	-0.01372	0.70619	0.00397	1	1.45898	0.81042	0	
1283862	8658.11914	3307380791186	0.48337	0.31569	8658.00586	0.11328	12267	1	0.52979	0.30029	1	0.48443	0.23674	1	0.50711	0.26851	1	0.48300	0.52865	12.98506	1.10160	1	0.74289	0.55370	14.30031	1.11028	1	-0.00418	-0.00815	0.68786	0.00371	1	0.06582	-0.01372	0.70619	0.00407	1	1.45898	0.81042	0	
1283863	8658.12598	3307380857905	0.48460	0.31317	8658.00586	0.12012	12267	1	0.53047	0.24848	1	0.48305	0.28735	1	0.50676	0.26791	1	0.48300	0.52857	13.04786	1.11936	1	0.74331	0.55365	14.31633	1.11936	1	-0.00418	-0.00815	0.68786	0.00365	1	0.06582	-0.01372	0.70619	0.00388	1	1.45898	0.81042	0	
1283864	8658.13281	3307380925171	0.48552	0.31154	8658.00586	0.12695	12267	1	0.50117	0.24184	1	0.50482	0.31925	1	0.50299	0.28054	1	0.48267	0.52864	13.54490	1.12845	1	0.74329	0.55391	14.41789	1.12845	1	-0.00418	-0.00815	0.68786	0.00367	1	0.06582	-0.01372	0.70619	0.00387	1	1.45898	0.81042	0	
1283865	8658.13965	3307380992099	0.48635	0.31007	8658.00586	0.13379	12267	1	0.50117	0.24184	1	0.50482	0.31925	1	0.50299	0.28054	1	0.48242	0.52861	12.97486	1.12845	1	0.74304	0.55409	14.76734	1.12845	1	-0.00418	-0.00805	0.67925	0.00374	1	0.06582	-0.01372	0.70619	0.00387	1	1.45898	0.81042	0	
1283866	8658.14648	3307381059084	0.48643	0.30886	8658.00586	0.14062	12267	1	0.49644	0.21624	1	0.47949	0.35087	1	0.48797	0.28356	1	0.48235	0.52851	13.18054	1.11936	1	0.74300	0.55406	14.72202	1.11936	1	-0.00418	-0.00805	0.67925	0.00374	1	0.06582	-0.01372	0.70619	0.00393	1	1.45898	0.81042	0	
1283867	8658.15332	3307381126094	0.48691	0.30727	8658.00586	0.14746	12267	1	0.51066	0.23528	1	0.48446	0.30924	1	0.49756	0.27226	1	0.48275	0.52852	12.38993	1.11028	1	0.74300	0.55414	14.74934	1.11028	1	-0.00418	-0.00805	0.67925	0.00375	1	0.06582	-0.01372	0.70619	0.00390	1	1.45898	0.81042	0	
1283868	8658.16016	3307381192739	0.48737	0.30612	8658.00586	0.15430	12267	1	0.51167	0.24302	1	0.48406	0.31654	1	0.49786	0.27978	1	0.48297	0.52894	13.55231	1.10119	1	0.74300	0.55414	14.74934	1.10119	1	-0.00418	-0.00805	0.67925	0.00364	1	0.06582	-0.01372	0.70619	0.00390	1	1.45898	0.81042	0	
1283869	8658.16602	3307381259955	0.48815	0.30611	8658.00586	0.16016	12267	1	0.51170	0.27962	1	0.50229	0.33207	1	0.50699	0.30584	1	0.48266	0.52877	13.79588	1.10119	1	0.74326	0.55387	14.35696	1.10119	1	-0.00418	-0.00805	0.67925	0.00365	1	0.06582	-0.01372	0.70619	0.00389	1	1.45898	0.81042	0	
1283870	8658.17285	3307381326820	0.48846	0.30661	8658.00586	0.16699	12267	1	0.52559	0.30708	1	0.46647	0.33117	1	0.49603	0.31913	1	0.48232	0.52922	13.20744	1.10119	1	0.74251	0.55403	14.02447	1.10119	1	-0.00418	-0.00805	0.67925	0.00379	1	0.06582	-0.01372	0.70619	0.00394	1	1.45898	0.81042	0	
1283871	8658.17969	3307381394879	0.48872	0.30694	8658.00586	0.17383	12267	1	0.52468	0.29988	1	0.46648	0.33085	1	0.49558	0.31537	1	0.48079	0.52964	13.15131	1.11028	1	0.74155	0.55391	14.14140	1.10160	1	-0.00458	-0.00852	0.70151	0.00384	1	0.06378	-0.01340	0.68706	0.00394	1	1.45898	0.81042	0	
1283872	8658.18652	3307381457822	0.48657	0.30477	8658.00586	0.18066	12267	1	0.41789	0.15055	1	0.43895	0.34192	1	0.42842	0.24624	1	0.47972	0.52840	11.91302	1.11068	1	0.74028	0.55491	14.26349	1.10200	1	-0.00458	-0.00852	0.70151	0.00271	1	0.06378	-0.01340	0.68706	0.00399	1	1.45898	0.81042	0	
1283873	8658.19336	3307381527837	0.49513	0.27610	8658.00586	0.18066	12267	0	0.48668	0.08679	1	0.53589	0.30024	1	0.51129	0.19352	1	0.47941	0.52828	11.83715	1.11109	1	0.74099	0.55453	14.14221	1.10241	1	-0.00458	-0.00852	0.70151	0.00271	1	0.06378	-0.01340	0.68706	0.00379	1	1.45898	0.81042	0	
1283874	8658.20020	3307381594798	0.50329	0.23873	8658.00586	0.18066	12267	0	0.48779	0.09536	1	0.53512	0.30738	1	0.51145	0.20137	1	0.47535	0.52936	12.17559	1.10241	1	0.73602	0.55545	14.44565	1.09373	1	-0.00508	-0.00833	0.67703	0.00273	1	0.06145	-0.01313	0.67062	0.00413	1	1.45898	0.81042	0	
1283875	8658.20703	3307381661848	0.43845	0.26701	8658.00586	0.18066	12267	0	0.28918	0.26493	1	0.32835	0.38217	1	0.30877	0.32355	1	0.47454	0.52941	12.13971	1.08464	1	0.73578	0.55541	14.25869	1.08464	1	-0.00508	-0.00833	0.67703	0.00273	1	0.06145	-0.01313	0.67062	0.00382	1	1.45898	0.81042	0	
1283876	8658.21289	3307381728889	0.37873	0.28387	8658.00586	0.18066	12267	0	0.30628	0.26820	1	0.32566	0.38517	1	0.31597	0.32668	1	0.47444	0.52947	12.11354	1.07556	1	0.73578	0.55508	14.11379	1.07556	1	-0.00508	-0.00833	0.67703	0.00279	1	0.06145	-0.01313	0.67062	0.00410	1	1.45898	0.81042	0	
1283877	8658.21973	3307381794096	0.34838	0.31036	8658.00586	0.18066	12267	0	0.30878	0.27602	1	0.32730	0.39770	1	0.31804	0.33686	1	0.47356	0.52966	12.26819	1.06647	1	0.73452	0.55527	13.80155	1.05881	1	-0.00537	-0.00852	0.68882	0.00279	1	0.06067	-0.01301	0.66486	0.00386	1	1.45898	0.81042	0	
1283878	8658.22656	3307381862851	0.32074	0.31951	8658.00586	0.18066	12267	0	0.27580	0.30197	1	0.25513	0.37364	1	0.26547	0.33781	1	0.47365	0.52971	12.27245	1.05881	1	0.73453	0.55508	13.88573	1.05115	1	-0.00537	-0.00852	0.68882	0.00283	1	0.06067	-0.01301	0.66486	0.00378	1	1.45898	0.81042	0	
1283879	8658.23340	3307381927884	0.28445	0.34878	8658.00586	0.18066	12267	0	0.28177	0.33628	1	0.25790	0.40710	1	0.26984	0.37169	1	0.47366	0.52976	12.31671	1.05115	1	0.73454	0.55521	13.96409	1.04349	1	-0.00537	-0.00852	0.68882	0.00269	1	0.06067	-0.01301	0.66486	0.00380	1	1.45898	0.81042	0	
1283880	8658.24023	3307381996820	0.27866	0.36493	8658.00586	0.18066	12267	0	0.28654	0.34908	1	0.25922	0.41307	1	0.27288	0.38107	1	0.47342	0.52986	12.35554	1.03548	1	0.73450	0.55534	14.09521	1.03548	1	-0.00517	-0.00817	0.65608	0.00277	1	0.06221	-0.01339	0.68121	0.00379	1	1.45898	0.81042	0	
1283881	8658.24707	3307382063493	0.27199	0.37155	8658.00586	0.18066	12267	0	0.26449	0.34190	1	0.25283	0.42771	1	0.25866	0.38480	1	0.47354	0.52989	12.41499	1.02746	1	0.73444	0.55546	13.78928	1.03512	1	-0.00517	-0.00817	0.65608	0.00269	1	0.06221	-0.01339	0.68121	0.00379	1	1.45898	0.81042	0	
1283882	8658.25293	3307382129034	0.26875	0.37783	8658.23340	0.01953	12268	1	0.26745	0.33315	1	0.25058	0.46019	1	0.25901	0.39667	1	0.47352	0.52988	12.34069	1.02710	1	0.73443	0.55571	14.15857	1.03476	1	-0.00517	-0.00817	0.65608	0.00270	1	0.06221	-0.01339	0.68121	0.00382	1	1.45898	0.81042	0	
1283883	8658.26074	3307382197760	0.26656	0.38096	8658.23340	0.02734	12268	1	0.26498	0.32671	1	0.25058	0.46019	1	0.25778	0.39345	1	0.47354	0.52984	12.36692	1.03476	1	0.73437	0.55561	14.01690	1.03476	1	-0.00542	-0.00849	0.68174	0.00276	1	0.05970	-0.01286	0.65420	0.00374	1	1.45898	0.81042	0	
1283884	8658.26660	3307382265031	0.26524	0.38171	8658.23340	0.03320	12268	1	0.24761	0.36673	1	0.26975	0.40425	1	0.25868	0.38549	1	0.47336	0.52998	12.40129	1.04278	1	0.73437	0.55564	14.20092	1.03512	1	-0.00542	-0.00849	0.68174	0.00270	1	0.05970	-0.01286	0.65420	0.00372	1	1.45898	0.81042	0	
1283885	8658.27344	3307382331925	0.26434	0.38287	8658.23340	0.04004	12268	1	0.24834	0.34895	1	0.26956	0.43072	1	0.25895	0.38984	1	0.47343	0.52997	12.31342	1.04313	1	0.73438	0.55556	14.07865	1.03548	1	-0.00542	-0.00849	0.68174	0.00275	1	0.05970	-0.01286	0.65420	0.00375	1	1.45898	0.81042	0	
1283886	8658.28027	3307382398606	0.26383	0.38413	8658.23340	0.04688	12268	1	0.25090	0.35517	1	0.26956	0.43072	1	0.26023	0.39295	1	0.47325	0.52987	12.50849	1.03548	1	0.73431	0.55563	13.88110	1.03548	1	-0.00536	-0.00832	0.66812	0.00273	1	0.06204	-0.01342	0.68042	0.00378	1	1.45898	0.81042	0	
1283887	8658.28711	3307382464298	0.26361	0.38370	8658.23340	0.05371	12268	1	0.25461	0.35119	1	0.26907	0.40928	1	0.26184	0.38024	1	0.47325	0.52987	12.50849	1.02746	1	0.73433	0.55575	13.88172	1.03512	1	-0.00536	-0.00832	0.66812	0.00273	1	0.06204	-0.01342	0.68042	0.00378	1	1.45898	0.81042	0	
1283888	8658.29395	3307382532526	0.26295	0.38270	8658.23340	0.06055	12268	1	0.25887	0.33552	1	0.25519	0.41184	1	0.25703	0.37368	1	0.47326	0.52989	12.44382	1.02710	1	0.73428	0.55591	14.04585	1.03476	1	-0.00536	-0.00832	0.66812	0.00273	1	0.06204	-0.01342	0.68042	0.00375	1	1.45898	0.81042	0	
1283889	8658.30078	3307382599191	0.26224	0.38133	8658.23340	0.06738	12268	1	0.25634	0.32910	1	0.25390	0.40612	1	0.25512	0.36761	1	0.47304	0.53015	12.67535	1.03476	1	0.73424	0.55615	14.38614	1.04242	1	-0.00552	-0.00848	0.68150	0.00275	1	0.06204	-0.01342	0.68042	0.00377	1	1.45898	0.81042	0	
1283890	8658.30762	3307382666789	0.26210	0.38103	8658.23340	0.07422	12268	1	0.27313	0.34955	1	0.24802	0.40605	1	0.26058	0.37780	1	0.47292	0.53031	12.76384	1.05044	1	0.73398	0.55583	14.30274	1.05044	1	-0.00552	-0.00848	0.68150	0.00277	1	0.06204	-0.01342	0.68042	0.00390	1	1.45898	0.81042	0	
1283891	8658.31348	3307382733657	0.26316	0.38195	8658.23340	0.08008	12268	1	0.28537	0.35396	1	0.26642	0.43184	1	0.27589	0.39290	1	0.47296	0.53024	12.48809	1.05845	1	0.73410	0.55608	14.19369	1.05845	1	-0.00552	-0.00848	0.68150	0.00282	1	0.06204	-0.01342	0.68042	0.00377	1	1.45898	0.81042	0	
1283892	8658.32031	3307382800907	0.26402	0.38251	8658.23340	0.08691	12268	1	0.28537	0.35396	1	0.26508	0.42566	1	0.27522	0.38981	1	0.47280	0.53033	12.60547	1.05845	1	0.73385	0.55594	13.84566	1.06713	1	-0.00537	-0.00818	0.65731	0.00269	1	0.06361	-0.01383	0.69824	0.00379	1	1.45898	0.81042	0	
1283893	8658.32715	3307382867046	0.26322	0.38071	8658.23340	0.09375	12268	1	0.27207	0.30210	1	0.23192	0.40915	1	0.25200	0.35562	1	0.47287	0.53031	12.94160	1.05912	1	0.73366	0.55605	14.50660	1.06780	1	-0.00537	-0.00818	0.65731	0.00268	1	0.06361	-0.01383	0.69824	0.00377	1	1.45898	0.81042	0	
1283894	8658.33398	3307382934436	0.26366	0.37840	8658.23340	0.10059	12268	1	0.27886	0.29737	1	0.26157	0.38989	1	0.27022	0.34363	1	0.47270	0.53038	12.76140	1.05978	1	0.73394	0.55584	13.91376	1.06846	1	-0.00537	-0.00818	0.65731	0.00270	1	0.06361	-0.01383	0.69824	0.00378	1	1.45898	0.81042	0	
1283895	8658.34082	3307383001563	0.26408	0.37651	8658.23340	0.10742	12268	1	0.27866	0.29681	1	0.26282	0.39585	1	0.27074	0.34633	1	0.47279	0.53040	12.64256	1.06045	1	0.73355	0.55599	14.29657	1.06045	1	-0.00548	-0.00825	0.65884	0.00285	1	0.06155	-0.01339	0.67617	0.00378	1	1.45898	0.81042	0	
1283896	8658.34766	3307383068273	0.26325	0.37384	8658.23340	0.11426	12268	1	0.26108	0.28744	1	0.23746	0.36933	1	0.24927	0.32839	1	0.47245	0.53044	12.72238	1.06045	1	0.73369	0.55541	14.09556	1.05176	1	-0.00548	-0.00825	0.65884	0.00274	1	0.06155	-0.01339	0.67617	0.00376	1	1.45898	0.81042	0	
1283897	8658.35352	3307383134946	0.26281	0.37239	8658.23340	0.12012	12268	1	0.23637	0.30145	1	0.27336	0.39119	1	0.25487	0.34632	1	0.47242	0.53048	12.76186	1.05176	1	0.73356	0.55559	14.36720	1.04308	1	-0.00548	-0.00825	0.65884	0.00272	1	0.06155	-0.01339	0.67617	0.00375	1	1.45898	0.81042	0	
1283898	8658.36035	3307383202476	0.26242	0.37111	8658.23340	0.12695	12268	1	0.23660	0.30202	1	0.27346	0.39169	1	0.25503	0.34686	1	0.47226	0.53050	12.43198	1.05110	1	0.73349	0.55593	14.29403	1.04242	1	-0.00566	-0.00845	0.67443	0.00278	1	0.06158	-0.01342	0.67765	0.00378	1	1.45898	0.81042	0	
1283899	8658.36719	3307383267729	0.26277	0.37019	8658.23340	0.13379	12268	1	0.27835	0.28604	1	0.26128	0.41734	1	0.26982	0.35169	1	0.47215	0.53040	12.69702	1.05044	1	0.73343	0.55596	14.24064	1.05044	1	-0.00566	-0.00845	0.67443	0.00288	1	0.06158	-0.01342	0.67765	0.00386	1	1.45898	0.81042	0	
1283900	8658.37402	3307383336351	0.26313	0.36871	8658.23340	0.14062	12268	1	0.28159	0.25509	1	0.25944	0.42036	1	0.27052	0.33772	1	0.47223	0.53030	12.77090	1.05845	1	0.73346	0.55606	14.45815	1.05845	1	-0.00566	-0.00845	0.67443	0.00275	1	0.06158	-0.01342	0.67765	0.00382	1	1.45898	0.81042	0	
1283901	8658.38086	3307383403246	0.26337	0.36708	8658.23340	0.14746	12268	1	0.27920	0.24796	1	0.25815	0.41456	1	0.26868	0.33126	1	0.47200	0.53053	12.62244	1.06647	1	0.73338	0.55565	14.00538	1.06647	1	-0.00566	-0.00845	0.67443	0.00270	1	0.06116	-0.01330	0.67413	0.00376	1	1.45898	0.81042	0	
1283902	8658.38770	3307383470402	0.26386	0.36657	8658.23340	0.15430	12268	1	0.27346	0.28481	1	0.27709	0.42484	1	0.27527	0.35482	1	0.47203	0.53051	12.67668	1.06647	1	0.73339	0.55596	14.21859	1.06647	1	-0.00566	-0.00845	0.67443	0.00268	1	0.06116	-0.01330	0.67413	0.00382	1	1.45898	0.81042	0	
1283903	8658.39453	3307383537445	0.26424	0.36601	8658.23340	0.16113	12268	1	0.27358	0.27980	1	0.27284	0.42520	1	0.27321	0.35250	1	0.47204	0.53052	12.66241	1.06647	1	0.73336	0.55610	14.50734	1.06647	1	-0.00566	-0.00845	0.67443	0.00267	1	0.06116	-0.01330	0.67413	0.00376	1	1.45898	0.81042	0	
1283904	8658.40137	3307383604853	0.26465	0.36573	8658.23340	0.16797	12268	1	0.27602	0.28669	1	0.27402	0.43092	1	0.27502	0.35881	1	0.47196	0.53044	12.82337	1.05845	1	0.73305	0.55590	13.78197	1.05845	1	-0.00564	-0.00834	0.66594	0.00266	1	0.06116	-0.01325	0.67413	0.00388	1	1.45898	0.81042	0	
1283905	8658.40723	3307383671164	0.26461	0.36587	8658.23340	0.17383	12268	1	0.27378	0.28516	1	0.25340	0.45382	1	0.26359	0.36949	1	0.47205	0.53043	12.76906	1.05044	1	0.73303	0.55595	13.78494	1.05044	1	-0.00564	-0.00834	0.66594	0.00270	1	0.06116	-0.01325	0.67413	0.00387	1	1.45898	0.81042	0	
1283906	8658.41406	3307383738080	0.26466	0.36628	8658.23340	0.18066	12268	1	0.27162	0.29501	1	0.26001	0.45981	1	0.26581	0.37741	1	0.47196	0.53044	12.63824	1.04242	1	0.73309	0.55584	13.79455	1.04242	1	-0.00564	-0.00834	0.66594	0.00273	1	0.06116	-0.01325	0.67413	0.00386	1	1.45898	0.81042	0	
1283907	8658.42090	3307383805193	0.26462	0.36642	8658.23340	0.18750	12268	1	0.26878	0.28715	1	0.25853	0.45348	1	0.26365	0.37032	1	0.47198	0.53039	12.63668	1.05151	1	0.73309	0.55584	13.79455	1.05151	1	-0.00606	-0.00896	0.71539	0.00272	1	0.06116	-0.01320	0.67413	0.00386	1	1.45898	0.81042	0	
1283908	8658.42773	3307383872474	0.26469	0.36635	8658.23340	0.19434	12268	1	0.26898	0.29382	1	0.26457	0.43462	1	0.26678	0.36422	1	0.47201	0.53051	12.70133	1.06861	1	0.73317	0.55575	13.53588	1.06861	1	-0.00606	-0.00896	0.71539	0.00268	1	0.06116	-0.01320	0.67413	0.00383	1	1.45898	0.81042	0	
1283909	8658.43457	3307383938235	0.26458	0.36524	8658.23340	0.20117	12268	1	0.26205	0.25704	1	0.26024	0.40667	1	0.26115	0.33185	1	0.47200	0.53042	12.72727	1.08571	1	0.73316	0.55568	13.57451	1.08571	1	-0.00606	-0.00896	0.71539	0.00271	1	0.06116	-0.01320	0.67413	0.00386	1	1.45898	0.81042	0	
1283910	8658.44141	3307384005977	0.26441	0.36400	8658.23340	0.20801	12268	1	0.25960	0.25009	1	0.25899	0.40092	1	0.25930	0.32551	1	0.47194	0.53044	12.80773	1.09373	1	0.73323	0.55551	13.40717	1.09373	1	-0.00584	-0.00856	0.68362	0.00272	1	0.06116	-0.01320	0.67413	0.00387	1	1.45898	0.81042	0	
1283911	8658.44727	3307384071873	0.26437	0.36258	8658.23340	0.21387	12268	1	0.25228	0.23460	1	0.27360	0.39975	1	0.26294	0.31718	1	0.47189	0.53044	12.82808	1.08464	1	0.73336	0.55553	13.39603	1.08464	1	-0.00584	-0.00856	0.68362	0.00274	1	0.06116	-0.01320	0.67413	0.00386	1	1.45898	0.81042	0	
1283912	8658.45410	3307384140862	0.26409	0.36157	8658.23340	0.22070	12268	1	0.24148	0.25147	1	0.26832	0.40526	1	0.25490	0.32837	1	0.47189	0.53050	12.71192	1.07556	1	0.73334	0.55550	13.35226	1.07556	1	-0.00584	-0.00856	0.68362	0.00270	1	0.06116	-0.01320	0.67413	0.00384	1	1.45898	0.81042	0	
1283913	8658.46094	3307384205003	0.26389	0.36083	8658.23340	0.22754	12268	1	0.24444	0.25948	1	0.26967	0.41185	1	0.25706	0.33566	1	0.47189	0.53050	12.71192	1.06647	1	0.73290	0.55527	13.97045	1.06647	1	-0.00584	-0.00856	0.68362	0.00271	1	0.06116	-0.01320	0.67413	0.00386	1	1.45898	0.81042	0	
1283914	8658.46777	3307384271950	0.26370	0.35982	8658.23340	0.23438	12268	1	0.25760	0.27178	1	0.25629	0.37696	1	0.25695	0.32437	1	0.47190	0.53044	12.93482	1.06647	1	0.73295	0.55512	13.90031	1.06647	1	-0.00584	-0.00856	0.68362	0.00272	1	0.06116	-0.01320	0.67413	0.00389	1	1.45898	0.81042	0	
1283915	8658.47461	3307384336621	0.26403	0.35880	8658.23340	0.24121	12268	1	0.27286	0.27076	1	0.27952	0.37325	1	0.27619	0.32201	1	0.47187	0.53046	13.00346	1.06647	1	0.73296	0.55508	13.82694	1.06647	1	-0.00584	-0.00856	0.68362	0.00269	1	0.06116	-0.01320	0.67413	0.00390	1	1.45898	0.81042	0	
1283916	8658.48145	3307384406119	0.26435	0.35783	8658.23340	0.24805	12268	1	0.27286	0.27076	1	0.27952	0.37325	1	0.27619	0.32201	1	0.47177	0.53039	12.51089	1.06647	1	0.73295	0.55515	13.91035	1.06647	1	-0.00584	-0.00856	0.68362	0.00274	1	0.06116	-0.01320	0.67413	0.00382	1	1.45898	0.81042	0	
1283917	8658.48730	3307384473009	0.26487	0.35688	8658.23340	0.25391	12268	1	0.27103	0.25486	1	0.29763	0.38661	1	0.28433	0.32074	1	0.47186	0.53035	12.97918	1.06647	1	0.73335	0.55525	13.28893	1.06647	1	-0.00584	-0.00856	0.68362	0.00268	1	0.06116	-0.01320	0.67413	0.00381	1	1.45898	0.81042	0	
1283918	8658.49414	3307384538896	0.26455	0.35610	8658.23340	0.26074	12268	1	0.25148	0.26660	1	0.25318	0.38481	1	0.25233	0.32571	1	0.47172	0.53044	12.67396	1.06647	1	0.73298	0.55517	13.69418	1.06647	1	-0.00584	-0.00856	0.68362	0.00277	1	0.06116	-0.01320	0.67413	0.00383	1	1.45898	0.81042	0	
1283919	8658.50098	3307384604255	0.26353	0.32915	8658.23340	0.26074	12268	0	0.25406	0.27360	1	0.25449	0.39082	1	0.25428	0.33221	1	0.47180	0.53046	12.89521	1.05845	1	0.73288	0.55521	13.79851	1.05845	1	-0.00565	-0.00820	0.65484	0.00274	1	0.06116	-0.01320	0.67413	0.00384	1	1.45898	0.81042	0	
1283920	8658.50781	3307384673773	0.26851	0.35428	8658.23340	0.26074	12268	0	0.26876	0.33794	1	0.27821	0.42089	1	0.27348	0.37942	1	0.47179	0.53037	12.90930	1.05044	1	0.73295	0.55548	13.87474	1.05044	1	-0.00565	-0.00820	0.65484	0.00280	1	0.06116	-0.01320	0.67413	0.00384	1	1.45898	0.81042	0	
1283921	8658.51465	3307384739690	0.26702	0.35922	8658.23340	0.26074	12268	0	0.25776	0.33414	1	0.27030	0.40403	1	0.26403	0.36908	1	0.47184	0.53033	12.85991	1.04242	1	0.73290	0.55523	13.91681	1.04242	1	-0.00565	-0.00820	0.65484	0.00277	1	0.06116	-0.01320	0.67413	0.00383	1	1.45898	0.81042	0	
1283922	8658.52148	3307384807478	0.26675	0.36326	8658.50098	0.02051	12269	1	0.26038	0.34077	1	0.27152	0.41004	1	0.26595	0.37540	1	0.47166	0.53049	12.77240	1.03440	1	0.73283	0.55509	13.73898	1.03440	1	-0.00573	-0.00827	0.66409	0.00272	1	0.06116	-0.01320	0.67413	0.00407	1	1.45898	0.81042	0	
1283923	8658.52832	3307384876563	0.26694	0.36317	8658.50098	0.02734	12269	1	0.25411	0.32128	1	0.28131	0.40437	1	0.26771	0.36282	1	0.47172	0.53043	12.71632	1.03440	1	0.73293	0.55514	13.84460	1.03440	1	-0.00573	-0.00827	0.66409	0.00273	1	0.06116	-0.01320	0.67413	0.00386	1	1.45898	0.81042	0	
1283924	8658.53516	3307384943576	0.26654	0.36902	8658.50098	0.03418	12269	1	0.25848	0.33764	1	0.27059	0.45888	1	0.26454	0.39826	1	0.47169	0.53037	12.52488	1.03440	1	0.73278	0.55592	14.37688	1.03440	1	-0.00573	-0.00827	0.66409	0.00278	1	0.06116	-0.01320	0.67413	0.00396	1	1.45898	0.81042	0	
1283925	8658.54199	3307385011029	0.26625	0.37320	8658.50098	0.04102	12269	1	0.25848	0.33764	1	0.27059	0.45888	1	0.26454	0.39826	1	0.47178	0.53035	13.03525	1.03440	1	0.73288	0.55511	13.79008	1.03440	1	-0.00573	-0.00827	0.66409	0.00272	1	0.06116	-0.01320	0.67413	0.00389	1	1.45898	0.81042	0	
1283926	8658.54785	3307385077420	0.26689	0.37200	8658.50098	0.04688	12269	1	0.26448	0.33249	1	0.27821	0.39479	1	0.27135	0.36364	1	0.47174	0.53038	12.98985	1.03440	1	0.73286	0.55504	13.75775	1.03440	1	-0.00573	-0.00827	0.66409	0.00274	1	0.06116	-0.01320	0.67413	0.00392	1	1.45898	0.81042	0	
1283927	8658.55469	3307385144403	0.26809	0.37365	8658.50098	0.05371	12269	1	0.27606	0.38106	1	0.27935	0.39254	1	0.27770	0.38680	1	0.47180	0.53031	13.27513	1.03440	1	0.73287	0.55501	13.78550	1.03440	1	-0.00573	-0.00827	0.66409	0.00264	1	0.06116	-0.01320	0.67413	0.00391	1	1.45898	0.81042	0	
1283928	8658.56152	3307385211818	0.26887	0.37434	8658.50098	0.06055	12269	1	0.27353	0.37476	1	0.27819	0.38639	1	0.27586	0.38057	1	0.47187	0.53043	12.79303	1.04242	1	0.73291	0.55510	13.86624	1.04242	1	-0.00581	-0.00847	0.68021	0.00269	1	0.06177	-0.01328	0.68081	0.00388	1	1.45898	0.81042	0	
1283929	8658.56836	3307385278753	0.26934	0.37102	8658.50098	0.06738	12269	1	0.27267	0.27780	1	0.27543	0.39781	1	0.27405	0.33781	1	0.47180	0.53039	12.72813	1.05044	1	0.73295	0.55520	13.98802	1.05044	1	-0.00581	-0.00847	0.68021	0.00273	1	0.06177	-0.01328	0.68081	0.00387	1	1.45898	0.81042	0	
1283930	8658.57520	3307385344645	0.26841	0.36716	8658.50098	0.07422	12269	1	0.25906	0.25731	1	0.25719	0.39199	1	0.25813	0.32465	1	0.47183	0.53040	12.78560	1.05845	1	0.73297	0.55519	13.68966	1.05845	1	-0.00581	-0.00847	0.68021	0.00277	1	0.06177	-0.01328	0.68081	0.00385	1	1.45898	0.81042	0	
1283931	8658.58203	3307385413244	0.26747	0.36338	8658.50098	0.08105	12269	1	0.25653	0.25018	1	0.25589	0.38599	1	0.25621	0.31809	1	0.47190	0.53032	13.14950	1.06647	1	0.73320	0.55529	13.33599	1.06647	1	-0.00581	-0.00847	0.68021	0.00268	1	0.06177	-0.01328	0.68081	0.00385	1	1.45898	0.81042	0	
1283932	8658.58789	3307385477755	0.26762	0.36225	8658.50098	0.08691	12269	1	0.26446	0.28576	1	0.27472	0.40930	1	0.26959	0.34753	1	0.47198	0.53037	12.96917	1.06647	1	0.73336	0.55551	13.26715	1.06647	1	-0.00581	-0.00847	0.68021	0.00264	1	0.06177	-0.01328	0.68081	0.00388	1	1.45898	0.81042	0	
1283933	8658.59473	3307385546733	0.26657	0.36267	8658.50098	0.09375	12269	1	0.25956	0.34193	1	0.24411	0.39530	1	0.25183	0.36862	1	0.47202	0.53038	12.97832	1.06647	1	0.73322	0.55555	13.37338	1.06647	1	-0.00581	-0.00847	0.68021	0.00270	1	0.06177	-0.01328	0.68081	0.00392	1	1.45898	0.81042	0	
1283934	8658.60156	3307385612467	0.26565	0.36305	8658.50098	0.10059	12269	1	0.25956	0.34193	1	0.24411	0.39530	1	0.25183	0.36862	1	0.47209	0.53021	12.61407	1.06647	1	0.73360	0.55572	13.72604	1.06647	1	-0.00566	-0.00845	0.67443	0.00282	1	0.06116	-0.01320	0.67413	0.00393	1	1.45898	0.81042	0	
1283935	8658.60840	3307385680522	0.26572	0.36447	8658.50098	0.10742	12269	1	0.26793	0.34645	1	0.26599	0.42793	1	0.26696	0.38719	1	0.47211	0.53022	12.53110	1.06647	1	0.73360	0.55572	13.72604	1.06647	1	-0.00566	-0.00845	0.67443	0.00283	1	0.06116	-0.01320	0.67413	0.00393	1	1.45898	0.81042	0	
1283936	8658.61523	3307385747369	0.26582	0.36545	8658.50098	0.11426	12269	1	0.26322	0.35000	1	0.27161	0.41446	1	0.26741	0.38223	1	0.47216	0.53026	12.69847	1.06647	1	0.73369	0.55562	13.56383	1.06647	1	-0.00566	-0.00845	0.67443	0.00281	1	0.06116	-0.01320	0.67413	0.00387	1	1.45898	0.81042	0	
1283937	8658.62207	3307385815075	0.26587	0.36617	8658.50098	0.12109	12269	1	0.26322	0.35000	1	0.27032	0.40818	1	0.26677	0.37909	1	0.47216	0.53031	12.73693	1.06647	1	0.73354	0.55560	13.52410	1.07515	1	-0.00566	-0.00840	0.67443	0.00280	1	0.06435	-0.01387	0.70864	0.00386	1	1.45898	0.81042	0	
1283938	8658.62891	3307385881630	0.26617	0.36581	8658.50098	0.12793	12269	1	0.28083	0.30765	1	0.26317	0.41011	1	0.27200	0.35888	1	0.47220	0.53032	12.79820	1.07515	1	0.73361	0.55583	13.48559	1.08383	1	-0.00566	-0.00840	0.67443	0.00271	1	0.06435	-0.01387	0.70864	0.00383	1	1.45898	0.81042	0	
1283939	8658.63574	3307385948798	0.26646	0.36654	8658.50098	0.13477	12269	1	0.28673	0.33721	1	0.25767	0.42506	1	0.27220	0.38113	1	0.47223	0.53025	12.74442	1.08383	1	0.73355	0.55586	13.71033	1.09251	1	-0.00566	-0.00840	0.67443	0.00275	1	0.06435	-0.01387	0.70864	0.00383	1	1.45898	0.81042	0	
1283940	8658.64160	3307386015730	0.26677	0.36743	8658.50098	0.14062	12269	1	0.28654	0.33669	1	0.26013	0.43596	1	0.27334	0.38632	1	0.47239	0.53032	12.58651	1.08450	1	0.73373	0.55552	13.69085	1.07684	1	-0.00552	-0.00826	0.66305	0.00275	1	0.06060	-0.01304	0.66626	0.00384	1	1.45898	0.81042	0	
1283941	8658.64844	3307386082629	0.26645	0.36854	8658.50098	0.14746	12269	1	0.24291	0.34024	1	0.27589	0.44564	1	0.25940	0.39294	1	0.47236	0.53029	13.00938	1.06882	1	0.73377	0.55541	13.81879	1.05248	1	-0.00552	-0.00826	0.66305	0.00277	1	0.06060	-0.01304	0.66626	0.00379	1	1.45898	0.81042	0	
1283942	8658.65527	3307386148935	0.26576	0.36969	8658.50098	0.15430	12269	1	0.24699	0.35368	1	0.25258	0.43848	1	0.24978	0.39608	1	0.47241	0.53030	12.65710	1.04446	1	0.73368	0.55561	13.78277	1.02812	1	-0.00552	-0.00826	0.66305	0.00276	1	0.06060	-0.01304	0.66626	0.00379	1	1.45898	0.81042	0	
1283943	8658.66211	3307386216224	0.26526	0.37114	8658.50098	0.16113	12269	1	0.25248	0.36686	1	0.25407	0.44478	1	0.25327	0.40582	1	0.47254	0.53023	12.49648	1.02812	1	0.73383	0.55526	13.65567	1.01944	1	-0.00563	-0.00849	0.68232	0.00279	1	0.06155	-0.01329	0.67617	0.00380	1	1.45898	0.81042	0	
1283944	8658.66895	3307386283531	0.26545	0.37269	8658.50098	0.16797	12269	1	0.27062	0.38591	1	0.27006	0.43714	1	0.27034	0.41153	1	0.47261	0.53018	12.58754	1.02746	1	0.73410	0.55565	13.12076	1.03512	1	-0.00563	-0.00849	0.68232	0.00273	1	0.06155	-0.01329	0.67617	0.00380	1	1.45898	0.81042	0	
1283945	8658.67578	3307386350679	0.26531	0.37267	8658.50098	0.17480	12269	1	0.26331	0.35194	1	0.25973	0.39265	1	0.26152	0.37229	1	0.47263	0.53016	12.71349	1.04313	1	0.73381	0.55519	13.46793	1.05079	1	-0.00563	-0.00849	0.68232	0.00268	1	0.06155	-0.01329	0.67617	0.00385	1	1.45898	0.81042	0	
1283946	8658.68262	3307386417291	0.26504	0.37222	8658.50098	0.18164	12269	1	0.25827	0.33925	1	0.25722	0.38084	1	0.25774	0.36005	1	0.47271	0.53019	12.86522	1.05881	1	0.73396	0.55520	13.41409	1.06647	1	-0.00563	-0.00849	0.68232	0.00267	1	0.06207	-0.01335	0.68184	0.00385	1	1.45898	0.81042	0	
1283947	8658.68848	3307386484530	0.26518	0.37256	8658.50098	0.18750	12269	1	0.27134	0.34802	1	0.26671	0.41580	1	0.26903	0.38191	1	0.47277	0.53026	12.97246	1.06647	1	0.73405	0.55559	13.28823	1.06647	1	-0.00563	-0.00849	0.68232	0.00265	1	0.06207	-0.01335	0.68184	0.00376	1	1.45898	0.81042	0	
1283948	8658.69531	3307386551894	0.26502	0.37241	8658.50098	0.19434	12269	1	0.26470	0.33761	1	0.25636	0.39886	1	0.26053	0.36824	1	0.47267	0.53012	12.79397	1.06647	1	0.73395	0.55521	13.34356	1.06647	1	-0.00563	-0.00849	0.68232	0.00280	1	0.06207	-0.01335	0.68184	0.00386	1	1.45898	0.81042	0	
1283949	8658.70215	3307386617546	0.26488	0.37228	8658.50098	0.20117	12269	1	0.26470	0.33761	1	0.25636	0.39886	1	0.26053	0.36824	1	0.47264	0.53021	12.28188	1.06647	1	0.73417	0.55566	13.26067	1.06647	1	-0.00563	-0.00849	0.68232	0.00283	1	0.06207	-0.01335	0.68184	0.00375	1	1.45898	0.81042	0	
1283950	8658.70898	3307386685637	0.26504	0.37242	8658.50098	0.20801	12269	1	0.28279	0.34154	1	0.25746	0.41230	1	0.27013	0.37692	1	0.47278	0.53019	12.26626	1.06647	1	0.73391	0.55538	13.12810	1.06647	1	-0.00563	-0.00849	0.68232	0.00291	1	0.06207	-0.01335	0.68184	0.00400	1	1.45898	0.81042	0	
1283951	8658.71582	3307386750628	0.26506	0.37199	8658.50098	0.21484	12269	1	0.25165	0.32323	1	0.27964	0.39329	1	0.26564	0.35826	1	0.47292	0.53019	12.30576	1.06647	1	0.73422	0.55530	13.09072	1.06647	1	-0.00563	-0.00849	0.68232	0.00284	1	0.06207	-0.01335	0.68184	0.00379	1	1.45898	0.81042	0	
1283952	8658.72266	3307386819137	0.26506	0.37150	8658.50098	0.22168	12269	1	0.25165	0.32323	1	0.27842	0.38684	1	0.26504	0.35503	1	0.47277	0.53025	12.55344	1.06647	1	0.73393	0.55520	13.30607	1.07515	1	-0.00563	-0.00849	0.68232	0.00270	1	0.06361	-0.01372	0.69824	0.00406	1	1.45898	0.81042	0	AUDIO_FILE_OFFSET
1283953	8658.72949	3307386886498	0.26502	0.37037	8658.50098	0.22852	12269	1	0.25485	0.33468	1	0.27237	0.32942	1	0.26361	0.33205	1	0.47272	0.53021	12.34577	1.07515	1	0.73402	0.55516	13.74924	1.08383	1	-0.00563	-0.00849	0.68232	0.00272	1	0.06361	-0.01372	0.69824	0.00395	1	1.45898	0.81042	0	
1283954	8658.73535	3307386953111	0.26486	0.36882	8658.50098	0.23438	12269	1	0.25741	0.32871	1	0.26131	0.30043	1	0.25936	0.31457	1	0.47275	0.53031	12.47019	1.08383	1	0.73391	0.55519	13.35025	1.09251	1	-0.00563	-0.00849	0.68232	0.00270	1	0.06361	-0.01372	0.69824	0.00405	1	1.45898	0.81042	0	
1283955	8658.74219	3307387019431	0.26460	0.36697	8658.50098	0.24121	12269	1	0.25185	0.31448	1	0.25861	0.28609	1	0.25523	0.30029	1	0.47278	0.53033	12.36436	1.10160	1	0.73414	0.55542	13.07273	1.11028	1	-0.00572	-0.00871	0.69942	0.00270	1	0.06527	-0.01413	0.71637	0.00387	1	1.45898	0.81042	0	
1283956	8658.74902	3307387084897	0.26429	0.36573	8658.50098	0.24805	12269	1	0.24940	0.29953	1	0.25601	0.34011	1	0.25270	0.31982	1	0.47276	0.53029	12.46027	1.11936	1	0.73392	0.55547	13.30583	1.11936	1	-0.00572	-0.00871	0.69942	0.00270	1	0.06527	-0.01413	0.71637	0.00393	1	1.45898	0.81042	0	
1283957	8658.75586	3307387153476	0.26400	0.36314	8658.50098	0.25488	12269	1	0.24753	0.23915	1	0.25903	0.29037	1	0.25328	0.26476	1	0.47284	0.53025	12.50852	1.12845	1	0.73394	0.55531	13.23209	1.12845	1	-0.00572	-0.00871	0.69942	0.00277	1	0.06527	-0.01413	0.71637	0.00396	1	1.45898	0.81042	0	STOP_TRIAL
